catData/variables/pastClimate/lgm_MIROCesm/bio17.asc
NCOLS 409 
NROWS 350 
XLLCORNER 60.897278365 
YLLCORNER 5.843756025 
CELLSIZE 0.0892857 
NODATA_value -9999 
[rows 270 to 296 of 350, columns 183 to 243 of 409]
10.7188309114081 13.2738726563588 17.0173085800001 17.8225260399992 15.4880522003457 12.3859205874188 10.4534600751839 8.89545014294957 9.10938333857109 10.3141401830403 11.0803859937548 12.3303272280206 13.0909556235508 13.5117481990813 14.2918435426948 15.3386175800002 18.4273521600004 20.5702089600009 22.7130657600002 24.4836949522633 24.7854796000003 24.6316224749857 22.5991758628648 20.8084616528082 23.320084390086 27.4442772200017 29.2478956990247 26.5141933365047 22.4775572460166 20.10824924 18.3893418584519 18.3025264093139 19.5529003800002 20.3927398000002 -9999 -9999 -9999 -9999 -9999 -9999 -9999 -9999 -9999 -9999 -9999 -9999 -9999 -9999 -9999 -9999 -9999 -9999 -9999 -9999 -9999 -9999 -9999 -9999 -9999 -9999 -9999
12.1253303401173 15.1199320357924 17.0126733717007 17.5784913523905 15.4880145294484 12.5718011199999 11.5003727199998 10.703117671242 10.5355966 10.2953572938829 9.91353075896691 11.607096594876 13.9987817600003 16.1416385600005 16.5355966 17.4814743800001 20.0438814911673 22.7605916993514 25.3915191600002 27.5963957378595 29.3389915000001 29.887334687916 27.5945972304 23.6067898000002 24.4689329633658 26.8278893079563 27.0006115199999 25.3412115505921 22.376659059999 20.3615530587759 20.5229267428674 19.9095722791226 21.16016058 22 -9999 -9999 -9999 -9999 -9999 -9999 -9999 -9999 -9999 -9999 -9999 -9999 -9999 -9999 -9999 -9999 -9999 -9999 -9999 -9999 -9999 -9999 -9999 -9999 -9999 -9999 -9999
13.5829857367242 15.5708925479432 16.6666448324751 16.9714669257866 16.5726203933117 15.86464911373 14.9510914058516 13.7702531545666 13.3569068000002 13.8742141800004 13.9678859158216 14.7925165437612 16.8200919600004 18.9629487600007 18.763633645011 19.3034641820873 21.4202608016696 25.3425172812522 28.9987793600002 31.4517895195871 34.4288497000171 35.5016097204229 33.786937181681 30.8658160162234 29.7754446549684 28.9206895220955 27.2200185524586 25.6030294770677 23.3091572867001 22.0718047200002 22.005869904187 22.3106951692104 22.1235099349767 22.757014565442 -9999 -9999 -9999 -9999 -9999 -9999 -9999 -9999 -9999 -9999 -9999 -9999 -9999 -9999 -9999 -9999 -9999 -9999 -9999 -9999 -9999 -9999 -9999 -9999 -9999 -9999 -9999
13.492919510517 14.923655599906 16.024416436651 17.4993920800004 18.4106551000001 18.5057602668854 18.4641410472601 17.6426204000003 18.0088253542401 18.9812379800006 19.4639306000004 20.1240947800007 21.3262513118021 22.9188976991566 21.4830665399995 22.0088243686677 25.2838838400005 28.4617297321777 31.2731796491366 34.5689859200016 39.4768826102913 44.3778821896063 43.4471703938094 38.6853689751225 34.8764202599998 32.558225192871 29.0736392799997 26.3939628399996 24.7664569079829 24.0318980687614 23.6528182944941 24.2842591577493 24.8213102000001 25.0528991800004 -9999 -9999 -9999 -9999 -9999 -9999 -9999 -9999 -9999 -9999 -9999 -9999 -9999 -9999 -9999 -9999 -9999 -9999 -9999 -9999 -9999 -9999 -9999 -9999 -9999 -9999 -9999
12.3429553959482 13.471600132245 15.0704501600003 17.2529058816944 19.5592965869693 20.3074083200409 21.7384144862243 22.771450392367 24.0513915607456 25.4098083800002 25.892501 26.2344109215311 26.4104175 26.4391921507763 24.6973517399993 26.7939981307547 28.5065120638264 32.1058031600007 34.4917739900313 38.5959087860821 44.5532721755553 50.6054280400003 49.7908469245075 43.0930364246731 37.630329563205 33.3593528799982 29.0736392799997 26.7810848476111 25.1547460006823 24.964167 26.9558251331743 26.5248598198972 27.0413777729684 -9999 -9999 -9999 -9999 -9999 -9999 -9999 -9999 -9999 -9999 -9999 -9999 -9999 -9999 -9999 -9999 -9999 -9999 -9999 -9999 -9999 -9999 -9999 -9999 -9999 -9999 -9999 -9999
11.0876658475856 10.8688123443957 13.4906857650024 16.3549479200015 20.3374722675962 22.6984012731966 25.2665800600008 27.6166997119925 29.9067259013906 31.2848668800006 31.4416872398146 31.2140476000003 30.8091024010185 28.9685513832403 27.7726494155551 29.4510598256489 32.80804669028 35.3827242519443 38.7831886553699 42.9007306104671 47.5047343833393 49.7407865457465 48.7434515788829 43.5581758023581 37.8286921317566 33.3593528799982 29.4785831505529 27.7504933199999 27.6470985386984 27.6605357000002 29.1088757162902 29.3027797800006 30.3742081800003 -9999 -9999 -9999 -9999 -9999 -9999 -9999 -9999 -9999 -9999 -9999 -9999 -9999 -9999 -9999 -9999 -9999 -9999 -9999 -9999 -9999 -9999 -9999 -9999 -9999 -9999 -9999 -9999
8.56736868908163 8.68247608690646 13.0302920816447 15.160522634904 20.0557434412538 24.3197216400006 27.2309846600006 30.2163105556013 34.3238743470508 36.3187226507509 35.5431007050262 33.6371312979041 31.8112057335768 29.9696771042946 29.6249403000001 31.7530523671932 36.8921270800003 38.2297592200015 42.4153805192302 45.7420537605169 47.6780794800002 48.0006115199999 45.6473678089945 41.0429783787844 36.3951858799993 32.5220339808402 30.0946895331324 29.3237603922908 30.1243275800004 30.84099624374 31.8921246800004 33.0190053951895 -9999 -9999 -9999 -9999 -9999 -9999 -9999 -9999 -9999 -9999 -9999 -9999 -9999 -9999 -9999 -9999 -9999 -9999 -9999 -9999 -9999 -9999 -9999 -9999 -9999 -9999 -9999 -9999 -9999
12.7359498432603 10.8656719034882 15.7425176132325 13.8709035108115 20.4971956000003 25.3911500400006 28.9354585446745 33.3969720363917 37.5621258543409 39.7529740677112 36.8617486911896 32.1670523881857 30.4666250877284 30.0598089959153 30.6089391779667 33.5340020400001 38.7498293262061 42.0168291517617 44.7616938538294 47.0892330682224 47.851703218908 45.9720604276758 42.9920054943741 38.177807683573 33.5559603799994 30.8498405610558 30.0814976225793 31.1183940092612 32.8761218866821 34.6936594887327 36.4991472800004 -9999 -9999 -9999 -9999 -9999 -9999 -9999 -9999 -9999 -9999 -9999 -9999 -9999 -9999 -9999 -9999 -9999 -9999 -9999 -9999 -9999 -9999 -9999 -9999 -9999 -9999 -9999 -9999 -9999 -9999
10.6151611792249 9.0080649783025 17.023792022704 18.655078580468 22.3364211000005 27.2303755400008 30.8180455489617 35.2655994200006 38.7630894522056 38.928558955309 34.7117203891002 30.8374933658549 30.5617146613057 31.3843542796835 31.7386438819394 34.6054304400001 39.0559370851843 42.5459323663886 45.9651503884288 47.1075523801021 46.7880041683259 44.1958063132953 41.0232422250811 36.2484927365393 31.5615000618366 29.5720411199995 30.3556285371851 33.6069449339412 36.723683115349 38.9629391600004 41.8562892800007 -9999 -9999 -9999 -9999 -9999 -9999 -9999 -9999 -9999 -9999 -9999 -9999 -9999 -9999 -9999 -9999 -9999 -9999 -9999 -9999 -9999 -9999 -9999 -9999 -9999 -9999 -9999 -9999 -9999 -9999
10.3010484754058 8.89334531999999 13.6950237400003 16.9695126328193 21.52562051334 28.7283662458182 32.8905397200012 36.8620048447746 38.6084044302099 37.2037644046337 35.1934239173536 33.1973481399995 32.0213267825064 31.9683307965491 32.7338602181555 36.4706635928595 39.8911440400003 43.1196954977334 46.025750123028 46.1607745 45.5547349399994 42.723183498915 38.9839192599993 34.6518546504921 29.9004942948022 27.6613872199995 28.7847293600001 33.2075369893107 38.2518318480295 42.3185817374364 -9999 -9999 -9999 -9999 -9999 -9999 -9999 -9999 -9999 -9999 -9999 -9999 -9999 -9999 -9999 -9999 -9999 -9999 -9999 -9999 -9999 -9999 -9999 -9999 -9999 -9999 -9999 -9999 -9999 -9999 -9999
12.3235006799985 10.0140581451503 14.8732335400005 18.09544704309 22.4836873958846 31.447435041028 34.4814998599937 36.782356858966 38.4555499841303 37.8760391399996 38.4664562565063 35.8282167993692 33.1790613199999 33.6419280872191 34.6957571800004 37.7434516307197 40.0519185400003 43.1045907573167 44.3245452423726 44.8784465065963 43.5726526399994 41.7038775663946 39.5730241599994 34.8530432024726 29.6450664799994 27.9410171195879 30.040059710619 34.8364007000011 40.1935427000017 43.743444216289 -9999 -9999 -9999 -9999 -9999 -9999 -9999 -9999 -9999 -9999 -9999 -9999 -9999 -9999 -9999 -9999 -9999 -9999 -9999 -9999 -9999 -9999 -9999 -9999 -9999 -9999 -9999 -9999 -9999 -9999 -9999
18.3989938572642 16.8765155053984 22.8745872398888 24.3329987748295 29.6718342761473 34.4135840878726 36.2726162405151 37.3632421731575 38.4458789800002 38.4734236615572 36.8573546954263 36.000699057632 34.5140878963706 36.3623686619743 40.397040055034 40.0144078371951 42.9981654400007 45.7735474987518 44.16016298 44.7684086199997 43.6915508024877 42.60763412 40.2065650627967 35.9122422491192 32.7656003438344 31.9283292000005 33.4046179733687 37.9613398000013 43.318481800002 47.7128005087042 -9999 -9999 -9999 -9999 -9999 -9999 -9999 -9999 -9999 -9999 -9999 -9999 -9999 -9999 -9999 -9999 -9999 -9999 -9999 -9999 -9999 -9999 -9999 -9999 -9999 -9999 -9999 -9999 -9999 -9999 -9999
26.6863258605848 22.4293038399998 26.3575337484638 28.6800514062539 32.0340981536019 36.3098899705671 36.8412949910323 36.8158483346978 38.4220196836652 38.4845448800378 45.3388657059198 48.8251504609054 41.5722589042814 45.1655382777024 43.3147971737522 43.2443845569779 46.0523246625812 42.93699280102 42.8480383331739 43.1493552137159 43.7131950205414 43.0134367315489 41.6088595599994 38.4499370631861 35.939051010554 35.1605320999999 37.3161547373553 41.4050358926583 47.4607246800019 51.0010544863033 -9999 -9999 -9999 -9999 -9999 -9999 -9999 -9999 -9999 -9999 -9999 -9999 -9999 -9999 -9999 -9999 -9999 -9999 -9999 -9999 -9999 -9999 -9999 -9999 -9999 -9999 -9999 -9999 -9999 -9999 -9999
32.9304028648343 29.1009907583974 33.4414019015937 37.1717839710748 36.5950154352853 38.2708052293679 39.469674276898 38.2030946815404 38.0692313815299 38.5173073800002 48.7148574501794 49.559418748008 43.3911950110704 40.0419598970438 40.2650140297297 48.29637089563 47.9004873571066 42.0502362028712 40.1801735985746 41.790778421416 43.9242819628091 43.0480086586056 40.648845997232 38.6722657386267 38.2498782000001 38.4148382372955 39.9629367600004 45.1172110426643 51.4965600800021 -9999 -9999 -9999 -9999 -9999 -9999 -9999 -9999 -9999 -9999 -9999 -9999 -9999 -9999 -9999 -9999 -9999 -9999 -9999 -9999 -9999 -9999 -9999 -9999 -9999 -9999 -9999 -9999 -9999 -9999 -9999 -9999
40.6843054682686 37.2642069412621 44.3925098141693 44.9117140524387 40.3317776942291 42.6380186347822 40.7259662920692 40.2146519200002 39.14322352 38.903245166116 38.6076317200001 36.8760391399995 36.6406380680937 36.15829874229 41.4342919054933 51.1332683402858 46.3700303939023 42.7503471181892 40.2574243520497 41.979493719376 42.7274969132975 41.3798757259721 40.641679089323 40.2979493856603 40.6239512039947 41.976159241667 44.3396039293429 47.8785383179847 53.4923584453117 -9999 -9999 -9999 -9999 -9999 -9999 -9999 -9999 -9999 -9999 -9999 -9999 -9999 -9999 -9999 -9999 -9999 -9999 -9999 -9999 -9999 -9999 -9999 -9999 -9999 -9999 -9999 -9999 -9999 -9999 -9999 -9999
44.9960589971364 42.6651126845715 48.5769417740699 43.8033877 43.9206614479141 44.5355918 44.3137177174128 43.4289371199999 42.1186995945192 40.3348901337884 39.3486555042019 38.1242568007303 36.8039992199999 36.5355918 38.9247659812794 41.0922204744596 39.461005592146 39.332767723288 40 39.9379807779606 39.7322041 40.2069279673666 41.1194039200301 41.9236330326938 43.3977377892859 45.1905276340629 48.533831569316 51.3566740433483 55.3011756200013 -9999 -9999 -9999 -9999 -9999 -9999 -9999 -9999 -9999 -9999 -9999 -9999 -9999 -9999 -9999 -9999 -9999 -9999 -9999 -9999 -9999 -9999 -9999 -9999 -9999 -9999 -9999 -9999 -9999 -9999 -9999 -9999
42.972134047045 44.5702089600002 45.6840141981312 46 46.0543319889148 46.417786537905 46.7812410868952 46.5161995841149 43.7357997204981 39.2523218799991 37.7001690285779 37.7523774836907 38.1523801241785 38.0668200701741 39.7488987600007 40.0167164034184 38.7013196064079 40 40.1086623495529 40.3682957962331 39.5448076455136 40.7665692600004 42.6148016507374 44.2160247402735 45.2173855687174 47.1017726491723 50.4429437066977 54.2930868713759 58.8120944846793 -9999 -9999 -9999 -9999 -9999 -9999 -9999 -9999 -9999 -9999 -9999 -9999 -9999 -9999 -9999 -9999 -9999 -9999 -9999 -9999 -9999 -9999 -9999 -9999 -9999 -9999 -9999 -9999 -9999 -9999 -9999 -9999
44.6841839289528 45.525556560413 46.5649309048896 45.1422545195728 44.9282072799998 46.0947402910603 47.3572799036231 46.7116024566122 42.374887861029 37.109465079999 34.0012230399998 36.2787426066443 43.5048134344946 40.8102694168754 41.391509560001 43.5343663600003 40.4177595295438 40.8941835897212 41.8313940396462 42.6434335164811 42.5348671691904 44.2377390038733 46.3068116814446 48.1599157800005 48.9895792279232 49.5030553173943 52.2685420372901 57.9065744960559 63.066404386658 64.5884861800003 -9999 -9999 -9999 -9999 -9999 -9999 -9999 -9999 -9999 -9999 -9999 -9999 -9999 -9999 -9999 -9999 -9999 -9999 -9999 -9999 -9999 -9999 -9999 -9999 -9999 -9999 -9999 -9999 -9999 -9999 -9999
44.5829426959991 44.0619279423574 43.5466332007137 41.0187764199995 40.4221041851447 42.5348631600003 43.925594334141 42.2723077275016 38.5031095091444 34.9832954015764 32.6242657324318 37.6468837777776 53.5913297971843 44.4512038237428 42.7847365600007 47.2075423632399 44.3668449331265 44.0202390321315 45.1185852911554 46.2715616072215 47.7134252800003 48.6043392894927 49.8360567956992 51.2320842262062 52.0497155708744 53.1064050800005 56.6990712361712 63.5136166600015 67.1256114339707 68.39211868 -9999 -9999 -9999 -9999 -9999 -9999 -9999 -9999 -9999 -9999 -9999 -9999 -9999 -9999 -9999 -9999 -9999 -9999 -9999 -9999 -9999 -9999 -9999 -9999 -9999 -9999 -9999 -9999 -9999 -9999 -9999
41.7859619999996 41.3636354854914 39.850635723461 37.3577535199995 36.8383335805989 39.2279792026292 40.0364493199994 38.42338171331 35.8021423112796 33.4118757399995 32.1836255672199 36.986556405192 50.7109306357676 42.0271920924185 41.1258957990999 44.926320937586 46.3527548151934 47.2052498660176 48.6230156909788 51.2307302600011 52.7351186261646 52.8677891248881 52.9195238114276 52.8398427208275 54.2844857600005 56.4979924135351 62.0085211947377 68.9441991472951 71.0884849800007 71.112811362708 -9999 -9999 -9999 -9999 -9999 -9999 -9999 -9999 -9999 -9999 -9999 -9999 -9999 -9999 -9999 -9999 -9999 -9999 -9999 -9999 -9999 -9999 -9999 -9999 -9999 -9999 -9999 -9999 -9999 -9999 -9999
37.5002483999999 37.5002483999999 37.726323827637 36.3972353238672 36.7450818275403 37.4619241494738 37.6364720648225 36.8601692991188 35.1082420399995 32.9653852399996 32 34.8059437421747 39.6343063057948 39.0683119485594 40.1553329216136 41.32093988 43.1879201277866 46.9830469620835 49.8555510400001 53.1277053213517 55.7006552099434 55.781248161464 55.2904750871286 55.0688351921394 56.7952643621575 59.8552990400014 65.5387465292507 71.5661505349549 73.4993848800003 73.2701758936389 -9999 -9999 -9999 -9999 -9999 -9999 -9999 -9999 -9999 -9999 -9999 -9999 -9999 -9999 -9999 -9999 -9999 -9999 -9999 -9999 -9999 -9999 -9999 -9999 -9999 -9999 -9999 -9999 -9999 -9999 -9999
34.6072673999999 35.9246255623799 36.3104313436257 36.7233098375644 37.1115337730587 37.5350921963183 36.7889855656953 35.9291831199999 34.4118757399995 32.629254366173 32.4099757567962 33.5569785725813 35.9726415780424 37.9870357426704 39.1780830800003 40.24951148 42.033070398399 44.0535212976871 46.3332537453387 51.5336329200013 55.3323127060514 57.1470580072967 57.3927326000001 57.7529663548944 59.4453249544833 62.3732179400014 67.7822736800005 72.289435345229 73.8744469800003 72.6826485227366 -9999 -9999 -9999 -9999 -9999 -9999 -9999 -9999 -9999 -9999 -9999 -9999 -9999 -9999 -9999 -9999 -9999 -9999 -9999 -9999 -9999 -9999 -9999 -9999 -9999 -9999 -9999 -9999 -9999 -9999 -9999
34.8641899579103 34.4808296928827 35.24951388 36.4366006488148 38.3268323903376 37.0006115199997 36.394500767573 36.1058429492639 34.4505855576852 32.8533014553648 32.58873578 34.1670347385345 35.8391466290335 37.6517815324332 38.2030517806177 39.1780830799999 40.4950043732812 42.2528099397692 43.0564716184592 47.4430212882607 53.0709892021592 56.8941528080287 58.3423416749783 60.0794677238559 62.4808508600006 65.7907381558286 69.7755866916723 71.9437436205492 72.4352565233249 71.2988979436244 -9999 -9999 -9999 -9999 -9999 -9999 -9999 -9999 -9999 -9999 -9999 -9999 -9999 -9999 -9999 -9999 -9999 -9999 -9999 -9999 -9999 -9999 -9999 -9999 -9999 -9999 -9999 -9999 -9999 -9999 -9999
33.4471020199996 33.1694781168881 34.1926112401644 36.1917408165606 38.2436896001489 38.2524935700073 36.8879420667317 36.5653464165443 34.2707683005378 31.2869390399996 30.4162089136275 31.8026590600006 35.0558314587742 36.9321282037996 37.894635019477 38.94587778 40.0055648679425 40.3215538 40.8020427400001 44.9054589158592 51.6758758000013 56.8524099472273 60.1243227800002 62.2303611400005 65.3499916122375 69.1583164200018 72.098472461211 72.1336412958695 69.7984316839755 69.3302557886173 -9999 -9999 -9999 -9999 -9999 -9999 -9999 -9999 -9999 -9999 -9999 -9999 -9999 -9999 -9999 -9999 -9999 -9999 -9999 -9999 -9999 -9999 -9999 -9999 -9999 -9999 -9999 -9999 -9999 -9999 -9999
31.5329065697295 33.762798614212 34.0346171600003 36.0158570321151 36.4847172235451 38.0479633862953 37.6347038972495 35.9435614552939 32.3951810799989 29.1440822399995 28.1786969999999 30.7013843615277 34.2601444396344 37.3549139999376 39.5814195195718 40.7671807800001 40.0157598987764 40.9914577783792 42.3017919400002 46.0206445848337 52.8948259859359 60.4025230096326 63.8913322855687 67.0736548280115 67.8004133332089 69.3489439896016 71.5525288600001 71.2863299199997 66.8733746519833 65.4066826663897 -9999 -9999 -9999 -9999 -9999 -9999 -9999 -9999 -9999 -9999 -9999 -9999 -9999 -9999 -9999 -9999 -9999 -9999 -9999 -9999 -9999 -9999 -9999 -9999 -9999 -9999 -9999 -9999 -9999 -9999 -9999
32.1121277933141 32.0329307022406 33.0355388514845 34.2101338088899 36.1630355596262 37.0179200999999 36.7148979199996 34.8945683599995 30.7965153959081 25.9851510799595 24.6498659759484 27.0460830481225 32.4219052434218 38.7928753312104 42.5718377196669 42.9631899244056 43.9286297284767 44.0349742800007 45.2694357966183 48.1221167000019 54.3991783295214 62.219848484679 68.5955889271006 71.4116348339446 69.2116900431285 67.3753287153407 69.9539006816309 70.2149015199997 68.2220156080206 68.8761348172062 -9999 -9999 -9999 -9999 -9999 -9999 -9999 -9999 -9999 -9999 -9999 -9999 -9999 -9999 -9999 -9999 -9999 -9999 -9999 -9999 -9999 -9999 -9999 -9999 -9999 -9999 -9999 -9999 -9999 -9999 -9999
32.6559999081782 32.1605249 34.1960682126915 36.3820108301068 38.1155867772026 37.9289311199998 36.8250743165715 34.5757421939693 29.9014799262243 25.6086027599994 22.98305334 26.0508614540164 34.6378415200009 41.8716341800013 44.8024070600007 45.9487737679844 46.0553603485426 46.3427420965277 48.2140332 49.1280066589628 54.5684690667079 63.0825659544508 69.8608727178065 72.1623768201227 71.6568019423169 70.0178662091447 70.6811538726861 72.0065116390844 73.2288506940201 76.2627964235956 -9999 -9999 -9999 -9999 -9999 -9999 -9999 -9999 -9999 -9999 -9999 -9999 -9999 -9999 -9999 -9999 -9999 -9999 -9999 -9999 -9999 -9999 -9999 -9999 -9999 -9999 -9999 -9999 -9999 -9999 -9999
