catData/variables/pastClimate/lgm_MIROCesm/bio16.asc
NCOLS 409 
NROWS 350 
XLLCORNER 60.897278365 
YLLCORNER 5.843756025 
CELLSIZE 0.0892857 
NODATA_value -9999 
[rows 0 to 24 of 350, columns 112 to 167 of 409]
-9999 -9999 -9999 -9999 -9999 -9999 -9999 -9999 -9999 -9999 -9999 -9999 -9999 -9999 -9999 -9999 -9999 -9999 -9999 -9999 -9999 -9999 -9999 -9999 -9999 -9999 -9999 -9999 -9999 -9999 -9999 -9999 -9999 -9999 -9999 -9999 -9999 -9999 -9999 56.2555803029857 55.9159220508245 50.3256177290575 44.3597723999996 41.7040874511265 37.6806714800006 33.6712501522462 35.2856152000004 35.2856152000004 34.2723914920964 -9999 -9999 -9999 -9999 -9999 -9999 -9999
-9999 -9999 -9999 -9999 -9999 -9999 -9999 -9999 -9999 -9999 -9999 -9999 -9999 -9999 -9999 -9999 -9999 -9999 -9999 -9999 -9999 -9999 -9999 -9999 -9999 -9999 -9999 -9999 -9999 -9999 -9999 -9999 -9999 -9999 -9999 -9999 -9999 -9999 63.7711520054004 57.2596542038667 57.9259852929458 53.370270117178 43.0057281633394 39.3046959399997 41.77294527421 37.8781279845324 35.1921816820281 36.5102063391968 33.7875864314197 33.5324095514286 -9999 -9999 -9999 -9999 -9999 -9999
-9999 -9999 -9999 -9999 -9999 -9999 -9999 -9999 -9999 -9999 -9999 -9999 -9999 -9999 -9999 -9999 -9999 -9999 233.432820759102 211.972612244354 193.01715425698 183.999170189475 173.973371916988 166.01019212193 145.674453537472 143.512094053224 134.66816543203 94.6025454373232 85.5072689764489 98.8181471948389 99.8311832152579 96.8568982679929 85.4442896287389 80.9234681167907 71.054578922223 72.5038104810362 71.16456074 67.0644837909592 63.7065321508124 55.3298790837148 48.0025701617791 43.7660171268632 40.5373567599996 43.303763347107 40.8974498901222 33.9690823685013 32.2237405887447 32.0095903466193 31.6528653102008 36.1472203866591 34.2915169302473 -9999 -9999 -9999 -9999 -9999
-9999 -9999 -9999 -9999 -9999 -9999 -9999 -9999 -9999 -9999 -9999 -9999 -9999 -9999 -9999 255.407855209347 255.000580110775 250.034266005368 211.796895659998 166.423620592368 177.11806899412 163.530322653888 150.868194206761 117.523935798686 118.504683063118 119.81042976064 109.395138278644 109.142670462902 108.242439186377 98.2400023794781 98.6482543394482 99.3575441069889 98.3860531777003 93.6547154576433 68.6841736275956 70.2386833176308 68.3935702519413 61.5864591937481 53.4259826354124 50.6551052628453 48.8166854862892 44.2991244754123 40.3143267062539 39.9529131199495 36.5711303417517 34.8987167142136 36.3830914490761 37.6699324452187 36.4972847902429 33.5454438938077 33.155254975949 34.2499742000001 33.0860351416541 30.0866083045067 30.4004823147195 -9999
-9999 -9999 -9999 -9999 -9999 -9999 -9999 -9999 -9999 -9999 -9999 -9999 -9999 -9999 284.631592328673 260.428436158982 208.686723639166 222.216770800681 174.458416478487 145.6868906931 172.004329672629 162.936619699816 130.645054768786 143.27017108523 162.311726194297 159.150944245445 149.435268155537 119.592441515689 101.902404544963 111.738354949009 114.781982265373 103.571859610345 96.4491725525925 93.2672544633192 74.7727254702635 65.4946827968754 73.4350423683505 71.4759796496317 67.7230398373446 64.9178481656937 58.3749737264922 52.7061912961206 46.6793085104207 41.3864703744433 39.6539905487109 40.9786654057043 39.5205348956412 37.2109087920816 37.5711874562293 35.0346007852589 35.607169 35.9574829423625 34.5267985409812 30.6514235277367 28.1113992591262 28.629651672512
-9999 -9999 -9999 -9999 -9999 -9999 -9999 -9999 -9999 -9999 -9999 -9999 296.850391687729 302.81404943965 276.912343166541 240.509275797022 188.060871109361 164.422236558791 156.25228454911 181.468832986254 180.902801747691 152.977751936112 133.583042370082 143.528313124048 138.017897382866 120.889797510218 119.320170698956 109.986545349118 82.9895776636594 100.24669381797 100.563954649141 81.865805915344 73.955416192735 72.3787816264971 75.1393413048097 61.2574679714448 68.1779060860137 74.9860377586701 77.4856946185362 70.7005405965196 62.8527832533992 54.3004595739413 51.1396552018356 45.8067146461419 43.17960564 41.8703137142296 45.2234055977921 40.1458082283747 37.5345727600002 37.8592676799994 35.0713755999998 36.0189199659267 36.4389617636173 37.0673278330356 35.7129685485239 28.1472652754883
-9999 -9999 -9999 -9999 -9999 -9999 -9999 -9999 -9999 -9999 -9999 323.189317316782 301.870489999875 291.147373492811 269.691289948725 229.205339811924 189.295822352235 135.477556087448 175.079499496941 174.929476953593 150.106823344985 139.368492889739 163.444735011138 163.376281089831 145.81908075104 120.305574613495 108.647969566685 96.9291548627136 88.5495818368046 110.030702087201 102.069995286887 87.4030721794343 66.617528489097 66.3286876761349 70.2038533748382 74.2302172339183 78.9152038236242 70.8083725806913 67.2950385421401 70.7941380807984 75.8612942125393 66.7103611220869 54.7405869633181 49.1896654582388 47.4285997854004 44.6380438897463 42.2220039956133 40.8547929839201 40.1488972283467 39.5336115404661 36.6010560859399 34.929266891146 33.8184204931265 35.94814821068 36.4490715364663 31.3882745889326
-9999 -9999 -9999 -9999 -9999 -9999 -9999 -9999 352.751105920704 351.362593904782 347.747091988937 321.952180972212 288.662183917532 259.31596263891 242.754263194317 203.841866583115 150.568463524308 166.38133137946 180.567440414256 146.634442205989 157.843061571353 178.467794984092 184.240338999518 166.465508633623 149.840466772882 130.524908659999 103.310279354967 77.6695528568187 94.4472084279689 108.773401051063 108.009903883693 100.146830328126 71.0967086136923 64.3726956687212 80.3140012647219 87.9340076181613 81.0851462654963 68.4911505812592 65.343260780884 65.7934288779814 63.6154841769121 71.2002862811507 63.4024521885584 52.7883984466779 51.6428028 48.4620383809975 48.3391090999999 47.5296885347746 42.6321730421495 39.0573096887799 34.8518243466848 32.7862183199998 33.5992561777783 34.5701093684315 33.2726697511827 31.7214724843366
-9999 -9999 -9999 -9999 -9999 -9999 -9999 357.134690783527 338.941548119665 346.576734427884 351.011209081988 324.457824938907 281.648921652648 248.937335456127 193.974564608729 177.452103640635 154.607892761522 182.06857978633 165.037147828118 163.980364521954 193.678254296626 190.15478295593 173.237469662769 169.501453823141 160.826283699607 141.228390639244 120.399975545525 90.6559359171465 110.121969755661 109.27268168377 90.0212706892489 95.2897134099847 68.5850679773764 75.650322512398 89.5958553759075 88.8982226000003 79.8890743026216 71.3464696426638 67.8742025298947 69.9164405846297 66.1219346865694 62.94744594 61.6076173199998 57.8815645278082 55.0947103294456 54.0311590572705 59.4719678492851 55.7809635546046 54.4474919410109 43.4712965651424 37.9990698046504 36.0005035199998 36.2870694096631 35.2210912677508 30.6512671276486 29.69585558
-9999 -9999 -9999 -9999 -9999 -9999 384.808706849685 359.802288529285 331.78026032966 330.225545496171 347.504838308499 314.684795404674 274.465474105437 223.688161083308 190.551565890797 196.746825345091 201.020950356213 190.200589157012 187.572978352247 198.384971190172 191.681372579634 185.317156049508 169.23596622003 157.907927613365 153.829075108314 137.741658357241 121.033443241666 101.789410182789 99.7917174224121 92.5365714154981 91.0705985277166 76.7912443967321 70.8060261064232 90.2849672422795 93.6517962841087 89.7619413161164 83.5223301027615 75.7233308809124 70.35597416 71.4580584792432 70.374643254737 67.4946228495654 64.968599776499 63.8664357531331 58.514760875184 56.5866410751575 57.8622436915289 53.5120337555842 60.5443759951718 50.6670841924433 45.8974761079566 41.055199856715 37.9124101770801 36.4993635255465 34.9625180411704 32.3251888632443
-9999 -9999 -9999 -9999 419.477281573163 403.423236559984 389.115115746281 361.174162225074 329.153383469904 325.410753718639 330.330900700878 297.986635287746 248.364144879601 218.605244468155 236.25874510285 262.299116188866 254.13538350001 199.263185977849 226.566595702401 206.538378464361 194.532327243503 178.950841152729 165.858790127896 152.95866630377 149.640759541703 140.049975155704 120.887410338752 123.571060458184 120.069384045143 108.396056835829 119.532630503168 92.81546194131 82.2971811377526 82.6214719925329 87.6895527077041 86.4394425370002 87.596814844128 80.8787464440376 77.7112020416357 80.141063829792 78.4866038714144 74.0734880800002 69.587040080394 65.798710751364 62.6555280976092 59.437182841618 55.5421735224813 52.385239918493 53.1132383739196 50.2804194498194 48.2506010814332 45.3398126666153 42.9525698751948 42.3445886825155 41.7074221476478 36.4458550260456
-9999 -9999 -9999 438.97699138161 419.89569291948 392.650105617968 383.154731125689 353.843071899748 319.768945160771 296.320394385042 295.689025914957 280.286660393825 241.855830980411 251.521566655182 273.469415820695 289.799884861022 268.13164351689 211.451725355967 234.399875693881 215.917866560277 208.276667618246 202.786259939357 192.904642046275 170.288865657206 161.200309745125 162.569769511546 150.527211379291 136.772193677031 137.855802253244 134.448842434966 132.84265867092 120.237377627227 102.573117807949 94.8209576723015 93.1765613681688 88.6178929031659 87.6944072401208 85.6985267799993 85.0801818933318 86.0036819770338 84.6639940558616 79.7235970339939 74.0741019999993 73.932344090411 70.4725896150915 65.0730604237588 58.8230175599996 55.4485621800002 51.303468614056 48.0903603399998 46.1414446532803 44.3623672015899 42.536892061419 43.2828104145116 44.1031678380884 39.1662107145486
-9999 -9999 -9999 -9999 421.423061716337 406.524303453793 375.419338593333 346.395665964467 339.231851932568 302.23826227639 277.529941063459 264.062758615153 261.935104667925 278.099102282773 294.419960643973 295.967324985766 268.049934952268 245.838406239099 255.203247851984 234.12144821238 220.68675344017 225.846089277743 208.463105219998 188.64121361499 183.423212586456 172.819094418356 164.644623312452 153.716152365039 141.867611979213 138.424948811515 132.776427680245 130.383186901068 117.418528203121 114.440884285172 111.022128618192 103.467828517318 98.0692952116873 94.043937776687 91.9671717530037 93.4691761736925 95.1352187051177 85.0371319864494 81.6045824813508 81.14758271148 74.1630732692027 68.4277856924441 62.1735822159157 60.0755472765294 55.6784703169497 52.8381367220151 48.4676847900086 45.2560125979137 41.4480634599997 41.4508420069066 41.9574086679405 37.8686393275718
-9999 -9999 -9999 -9999 -9999 -9999 400.915881041419 381.969017970758 357.586238912956 305.148994726106 291.483305138637 304.507892574408 305.703884814093 301.745938368811 307.018816735393 293.192658219798 287.991134596459 270.665127308405 262.943864637632 251.301387693257 237.19849162308 230.635247716678 217.673646813271 203.291554491831 195.61301343256 183.204610148076 167.225695467489 151.374420581775 149.585927600626 146.8545189399 137.541962952446 134.411752376094 128.066261788865 124.150711567781 119.73229967849 113.86839840217 109.875050218772 106.553700224763 102.187744676986 101.752511711559 104.428960460281 96.6926356327229 102.095435199597 95.788438017809 79.8773013112587 71.4139330199989 65.2056362860499 62.5434111315578 64.7723644300094 62.1676158541712 57.0189177532648 48.2883943999992 44.4000419223518 42.558113743235 39.6776487819081 39.1222595650881
-9999 -9999 -9999 -9999 -9999 -9999 413.559221008042 388.425712721314 348.040550058114 313.925048655559 311.889056161413 333.838590444362 314.142962746634 311.388390484889 314.609750493044 310.6025861061 297.283005615082 273.842589857865 262.907583403476 242.722740715573 241.382141585811 227.31876636841 217.88776814435 204.69780791707 193.812858165303 187.828794686386 169.295836385919 144.940239144277 153.039741599982 151.462922868286 139.550386371956 128.759297210635 135.777461938937 129.14797676852 125.796648310056 121.824570450298 116.625347366983 113.513679641183 111.681271006743 112.425241462486 114.16594863432 112.876705684615 121.29761179799 107.491931758576 83.947748969941 73.8751915850937 75.9268901225979 65.130846774432 61.3298733379857 60.3577082308985 62.4903497673384 52.5119463289908 49.1108219710099 46.1420528326569 41.7819386400011 38.8639664191633
-9999 -9999 -9999 -9999 -9999 -9999 -9999 398.184740899999 354.871938603377 327.63294167269 330.588988860604 324.543987767954 315.930532818204 319.329362492785 308.872624394382 307.831629353853 284.593294267373 273.963197054286 269.396335411009 243.0139604526 237.60808783602 228.695826079855 209.160680139566 202.259694270059 201.916426597605 195.620932145222 174.072194063622 151.244166930716 149.284423162433 151.748995313309 133.199620250754 143.682819002868 141.550904645421 137.219195500367 133.63501592825 130.728776982765 124.37037183311 120.981188684795 120.373099988379 117.394041854128 127.319081890513 112.091618208418 126.419529441095 128.142643348347 123.502079811929 90.8334436341661 96.2524478694911 72.0386246926298 71.6454139999988 69.0480091909357 71.8370241560338 69.030774840494 63.6731528550601 56.5184356715586 49.561903412054 46.3986253584645
-9999 -9999 -9999 -9999 -9999 -9999 -9999 402.229399678541 374.890143122184 350.966138148734 338.623911408533 336.78464082543 338.913929250962 328.353761840575 311.952880948129 306.363169092011 286.288289690475 281.628477211779 266.241601949225 258.22781663916 239.036492578899 238.751579866212 216.763471426929 213.011140761646 210.643030212993 200.240782992584 187.866011469969 175.651288134997 154.339917886468 148.687998070117 144.853329936579 148.193199943566 146.706809809055 144.488516549254 148.704694057826 147.238343011457 140.791313913203 131.517392105976 122.852212747705 120.113979989618 127.201097666054 138.754908238916 135.526521304931 99.4161735317043 101.337925727859 128.197326420573 127.058430898979 103.982836333267 98.2379783490888 86.7812926569776 73.9378465719558 75.1248136787632 65.3768360271954 51.0043150958778 46.4157191805638 44.4042645224749
-9999 -9999 -9999 -9999 -9999 -9999 -9999 -9999 389.696713830229 375.071063213374 363.257281760108 353.482442698069 344.03046260376 334.48857213895 313.704265305331 306.610864121387 290.760836115024 280.675159075314 261.340074870646 252.480260534583 254.160144961666 240.389950074503 218.77575321526 222.589843149594 209.662191191005 198.409904295304 186.396855371044 177.491043985067 167.918220900659 161.5023532 158.746430439154 155.033710184862 150.440420761006 156.670449379545 160.004196020996 164.810737284602 166.407389918879 159.091709135584 143.537092331063 138.229274544283 156.461683951744 169.02378686828 165.682359463894 131.4886261448 100.85607899391 95.7630182839472 96.6554844304984 98.1701585172447 97.2292230389171 96.1060780694978 85.938439879979 73.703118610398 78.943532047623 68.8543490753821 55.460032138084 47.7077013112788
-9999 -9999 -9999 -9999 -9999 -9999 -9999 -9999 405.28837142422 396.262747479994 379.139678733768 368.495772542938 353.992369631377 342.368975581147 329.184250355948 313.420766572379 306.991772043948 292.147906399997 281.18640527643 270.728199563264 272.705610021049 253.246922217383 236.183143875218 225.165352161746 220.392391444826 218.637824963143 209.726639833312 198.449276075719 191.110078519998 185.040701502745 180.183903834886 179.086948284401 174.019702535005 164.067850369727 160.537546087775 163.668312981828 173.198551079 178.555106985243 176.194795048679 179.628599345125 162.304706658022 162.721461942022 132.252505295072 162.91819974153 129.430761459047 100.8779553658 89.5448009415939 83.971139906326 78.602178139148 92.3940886996796 99.46458107598 92.1178632248571 79.3027531195247 78.3919956055184 71.3918576517692 55.0752806532103
-9999 -9999 -9999 -9999 -9999 -9999 -9999 439.933181457453 425.087440727909 405.167085504871 389.567501277437 383.452705764787 383.968659406739 366.504236720921 344.058512212861 331.063456915422 324.446130654941 312.228114645381 300.787725459499 288.629328477132 282.236027993182 273.393248545029 257.276659861507 245.877327541698 241.876458673873 249.085231114305 236.510047410078 218.917821244117 210.28634277472 201.950584659999 195.270932220001 190.522508191024 196.554785894275 194.048665288602 197.663001604461 194.610151359965 189.684867007689 192.286467482014 188.753833118417 179.41108923885 151.448104276338 131.788803607425 121.525586837742 143.607695041355 175.143732978704 122.976548971712 102.820931543484 85.5572237400006 80.0340770021306 84.5204288635915 93.4691895640394 99.3849266524446 97.0179198215559 88.8187247393613 78.9777386405716 64.2146824724153
-9999 -9999 -9999 -9999 -9999 -9999 -9999 -9999 429.047058836561 413.390942534736 415.636056556034 423.546784115098 413.618466645167 378.193664090443 357.81674818707 344.905869855482 333.612889268929 324.010492158329 318.562548970308 306.098759398894 292.061259648854 283.48788947358 275.990802715645 270.864809418433 278.187506199563 287.608946642238 267.566095643429 243.31220809707 230.780822870852 218.318643331614 207.597861134938 200.408781224612 200.701831447221 194.908502731212 198.149491243841 203.502265801207 204.923887525795 200.653621725404 194.198334890093 155.878039030953 134.295520434979 130.67043724721 141.611621158147 163.224087272906 181.367901102856 123.402934247662 107.897170327256 96.745908230485 88.0054355963093 86.6440679271918 82.7380177386539 90.1399879491492 102.103824030476 90.132110973517 75.9560706518634 79.2167970191522
-9999 -9999 -9999 -9999 -9999 -9999 -9999 -9999 442.908970095686 447.155092401956 469.141332762461 481.891952915249 452.402730920312 407.459238796209 376.876335725396 362.831194599269 354.202567417066 349.815279935427 358.284518550188 321.08190441608 305.338623285557 301.143049137434 314.960408507183 328.3160434005 330.216551013125 304.443418364378 279.989564151504 261.485314774036 249.574310584323 232.199531482526 221.635909819149 213.464185462816 206.584377661389 197.10716360525 192.227066022243 195.486058912704 190.229747333668 187.71983302597 172.440402821419 145.748808028182 137.165505223474 141.929449692588 158.526578457039 198.004315196517 157.927780489677 150.285260087994 132.583900718111 105.148276584458 91.6106434907333 84.8034712987803 81.0925596560241 79.8317064260077 86.7991585505145 75.3230332757559 68.1562399400008 82.2017118972461
-9999 -9999 -9999 -9999 -9999 -9999 -9999 458.680003482193 468.388387200467 482.135699298554 483.041918618204 487.752889546583 480.346664744655 444.863557338131 398.466151647857 398.003064388335 397.287982896388 402.715102765271 389.888441949737 340.610749253848 341.16213721962 352.054551198419 392.46605035454 395.788528137125 370.254132162112 329.096611810371 293.079263880655 262.962280875483 251.086036783533 234.54966906612 231.948792912362 223.894371299738 218.725701915941 206.655152683962 205.403401573138 194.984174014912 188.622707658717 181.324683032538 170.738168179219 161.240514921719 151.233508015898 148.274872164695 160.851973646482 193.301210460607 158.280688574906 137.597448695114 142.219136898652 119.240430473242 101.371351671 98.4526020957559 96.9046994333725 89.6769001473886 81.044931306801 70.858148898974 67.6615189469937 70.9546536839728
-9999 -9999 -9999 -9999 -9999 -9999 -9999 475.000269182348 475.793821936327 477.659397443862 475.651404529926 484.149186689533 476.533101449299 459.700770045097 430.50507406343 438.727056260089 438.30417728473 441.939415101914 430.45977822653 401.589687473217 413.940774634825 435.124329521477 450.887050113546 413.712765677408 368.417342712434 330.284799693687 319.964281996007 294.100134761486 264.820191251458 247.068145129315 246.648674612247 261.233473063431 242.684275492524 227.293365100678 220.816891383641 207.54629356874 213.342267798734 207.649370652697 195.239970361902 200.018287442497 180.913289988719 169.271884722489 169.477254842416 175.603612633402 193.017003691386 152.158709885675 138.568035845293 132.040209320139 115.150317354665 115.416457290217 113.578728204036 98.4348683327503 80.2799233976543 69.8978259825435 64.1717052057403 60.7924910791542
-9999 -9999 -9999 -9999 -9999 470.160441380001 465.007659338763 443.421463236542 442.075220272544 455.126044194867 457.012245525997 457.972280220368 469.78152543721 460.428471287707 454.795185529116 459.090794245579 463.060327943823 461.134961361505 481.81235302818 471.626457892255 485.453326480603 499.226508020388 501.848011457861 477.18821221465 424.765509527696 360.724098881148 338.590230059838 306.995669394889 273.168439912399 291.375052301686 300.424169279997 272.806203951585 266.489834769564 240.678560357915 230.739057688668 225.333023372697 249.588965657093 246.303622781672 234.700570205143 236.881630231473 198.260578841632 189.745988817657 169.140036459716 174.774201752069 195.292833813633 162.451373195606 145.11155524826 139.36291352 128.503626011011 122.518903539561 118.87826779189 105.70554171959 86.046120982055 73.8413828585972 67.4466633602874 63.2229220688564
