catData/variables/pastClimate/lgm_MIROCesm/bio10.asc
NCOLS 409 
NROWS 350 
XLLCORNER 60.897278365 
YLLCORNER 5.843756025 
CELLSIZE 0.0892857 
NODATA_value -9999 
[rows 130 to 155 of 350, columns 116 to 173 of 409]
29.8106178738303 29.935657128 30.0614119497603 30.2059514064444 30.249731431351 30.3 30.3 30.241125222 30.2 30.053679084 29.7103289637541 29.1832975043271 29.0029651771458 29.7396501240356 29.7624641486958 29.764343112 29.68036061 29.650057432 29.58036061 29.535771752 29.4702008200761 29.4134092821285 29.3673951996668 29.287561002 29.180418162 29.16072122 28.9529670928481 28.481475908139 27.0856849160511 26.7543431575318 27.1273706700295 27.5348998298247 27.874891556 28.0533455505847 28.223102306 28.378513688 28.5387083028014 28.6875281514033 28.799942208 28.994530706 29.1716631779653 29.301731338 29.4017428344267 29.4325107633686 29.546319716 29.7184001679185 29.723275682 29.8024392887006 30.082019996 30.237431618 30.4377123058077 30.51963939 30.51963939 30.51963939 30.5010628331172 30.498268902 30.391126062 30.283983222
29.844532026 30.038510060568 30.123160578 30.230303418 30.3 30.3 30.3 30.241125222 30.2 30.0732730861306 29.8876826479679 29.7020922098053 29.8188585707148 29.86755849652 29.5505565353655 29.5725637388454 29.4846974149758 29.516132362 29.44643554 29.4137885725039 29.321486072 29.2574498558214 29.180418162 29.0928692598533 28.992914712 28.9263778469441 28.433223309078 26.9963038408362 26.50934671104 26.8829254311227 27.3374214025709 27.617691044 27.8916449716108 28.089177236 28.2896080779361 28.432092068 28.5569157697386 28.746319956 28.880302818 29.0514714187495 29.0985506790879 29.301731338 29.4064974752374 29.47321777 29.5071320331256 29.589350612 29.5423802726714 29.8892866662032 30.376680206 30.5478596136239 30.6 30.6 30.6 30.6 30.505411742 30.4987325286479 30.4155316535147 30.283983222
29.9456532352822 30.0715089588289 30.123160578 30.230303418 30.3 30.3 30.2824499038211 30.2271734616488 30.1776034768812 30.1177342085888 29.9924537519412 29.9082949555288 29.8679106230012 29.761497739875 29.492900552 29.3534383717738 29.1694810140001 29.3285753246051 29.2024104834561 29.2509481287113 29.1628681472413 29.0593234802286 28.9885289236986 28.96607493 28.8585290033613 28.5979258997827 27.3312878285283 26.1431575061945 26.8033478120001 27.2264853060114 27.5649422474586 27.7381983681429 27.9501492843986 28.1079755861315 28.2692813913385 28.4127725148085 28.5774880557215 28.7554254522515 28.880302818 29.0171116586885 29.128513568 29.3011439803716 29.3600537878031 29.2927910054316 29.2407287258847 29.1527822350167 29.3048989150216 29.7899297304484 30.1689367898367 30.4359459713883 30.5769424177167 30.6248194923283 30.6066823642017 30.5703340807317 30.5035758047383 30.4994127237917 30.4513375436782 30.283983222
30.04106791 30.057085648 30.164228488 30.2589263475688 30.3 30.2816881893635 30.2284453777391 30.2 30.133982382 30.069954528953 29.898325494 29.8230197887477 29.723275202 29.6582208685424 29.608989522 29.4706669483145 29.2546388769379 29.1825264362636 28.9045126209708 29.0915870340734 28.9767138211761 28.8758214577212 28.85893209 28.7687959725479 28.3442707308931 27.180225344213 26.1569529820475 25.8534459306841 26.9017188379946 27.389119684 27.687388106 27.871370848 28.0005812675922 28.144588618 28.303462916 28.4935701522842 28.624949228 28.7621373419211 28.9132815070237 29.0800471218737 29.194588498 29.17679627 29.1663367928685 29.0166036538523 28.7537146849187 28.648166878 28.8215120324654 29.1626677951575 29.5996265220501 30.0375034943056 30.3538060062554 30.5389332733581 30.5954294633822 30.4766425764366 30.45893209 30.4579119177686 30.3874817211286 30.2494930679739
30.0603465597751 30.1565062163772 30.223160578 30.2853904949066 30.2698423718287 30.276907640564 30.2232703947007 30.1716160279654 30.0539440432301 29.930418042 29.7816867262405 29.664343112 29.5115982162889 29.4544708544464 29.394703842 29.3035785 29.280418162 29.0645032009382 28.8041512913853 28.8605852542835 28.7803655415935 28.7532609246577 28.5926518846793 27.8680017684068 26.5610466191872 25.0849329866705 25.3279226760267 26.1452535388157 27.0375326610482 27.5367512337888 27.794530946 27.978513688 28.085656528 28.192799368 28.3267335421123 28.458874298 28.566017138 28.746319956 28.960605636 29.0031292428715 28.9157597008019 28.9526239410348 28.9871650766896 28.8061703580218 28.5705418324815 28.660325790024 28.733867038 28.885598256 29.1553175572723 29.4844142903311 29.8406134356526 30.1405365843879 30.4451911062463 30.4130038477168 30.4456017085937 30.399165424671 30.3383195660643 30.2
30.1186318266963 30.2 30.223160578 30.2864706117557 30.2513441517527 30.24464641 30.192914472 30.085771632 29.912611174 29.7309890120365 29.608989522 29.4534421053006 29.244761274 29.13393923 29.125064572 29.03393923 29.0235989705391 28.9119125670929 28.5928546356247 28.416082765858 28.48929282 28.4829890172421 27.9657838062655 26.5639176128852 25.2344165617932 24.9903917052537 25.649596296 26.8184065794135 27.2810266440908 27.576680926 27.790966606 27.9917231120585 28.137445778 28.244588618 28.351731458 28.4914633355303 28.621370728 28.7611768717338 28.8272541580975 28.6496849499957 28.4965409441102 28.791982515738 28.9425847565299 28.9231293309479 28.9784412560001 29.13212154 29.169567078 29.3459795639458 29.4533010890588 29.3499327992733 29.3813539767518 29.7237043468352 30.0662488224289 30.3168487626141 30.439234668 30.398268902 30.2960381052574 30.2464877283747
30.2055464944161 30.2524859155832 30.223160578 30.281061445582 30.2234598864186 30.1721334055808 30.085771632 29.978628792 29.805468334 29.454014630735 29.3198976764222 29.1922691484229 28.6311407774591 28.7521789288482 28.8605861375753 28.71251071 28.7269850944259 28.5894055838673 28.0548610041358 28.0254961275723 28.21251071 28.080047203142 27.0797930434221 25.7620334530116 25.3696882874466 25.6888292092944 26.2222524227038 26.7216013708654 27.2663447948666 27.594530946 27.808816626 28.023102306 28.199942208 28.307085048 28.414227888 28.5434506915625 28.666017138 28.773159978 28.5189516042424 28.35162854932 28.3966180044406 28.453476956 28.6622165915582 28.8235549968849 29.0298822571139 29.1064559544437 29.187459818 29.3559132695551 29.5133760717821 29.4344697648922 29.3789959408935 29.5703990822106 29.747922481552 30.0701385475516 30.3253275368984 30.335772472 30.23750357 30.221486792
30.2723337538196 30.2951368978137 30.260542133106 30.2211603910802 30.2 30.155410902 30.0122423180199 29.8304859863867 29.628686224 29.19491917 29.0047988294869 28.8427391998536 27.9329889484407 28.2576793368259 28.573332874 28.4022366586795 28.4354957270618 28.130481137946 27.7404597034756 28.0419937587875 27.7733579246962 27.1449840890418 26.4137649332356 25.5738152514912 25.2506330691056 25.5977757249879 26.0960295086454 26.7496680080001 27.3685961320881 27.701673786 27.915959466 28.1091424011882 28.263522744445 28.414227888 28.521370728 28.628513568 28.6896825550219 28.7222119033886 28.4966135287338 28.2565889863663 28.2590784884888 28.3755133282889 28.717791988 28.8235064607671 28.9 28.9092001203225 28.9938830673108 29.2512787978881 29.542740976 29.4164066251577 29.5106331013754 29.7633861854771 29.8332982588896 29.7971330402817 30.1407175363769 30.2298351560102 30.1938202543565 30.1031899847233
30.3 30.3 30.276839422 30.2 30.1712479729916 30.078628792 29.919754014 29.7506736308062 29.5172750439278 29.2259380300142 29.011602355396 28.7347468441301 28.0446198725434 27.8805701212054 28.4958789833354 28.4449845721328 27.9624534076098 26.764019723309 27.677425083657 28.0798701840188 27.4032642605265 26.9684988777041 26.6538236599999 25.6347452696341 25.3289422453077 25.5458443108144 26.3402347154351 26.5072496543742 27.3634690747813 27.7965182373435 27.946320196 28.130302938 28.2461398975457 28.367806508 28.4352288430138 28.5505150062521 28.572528538482 28.6026095547839 28.5859286500997 28.314445136 28.0589009762549 28.0971381963048 28.348181518 28.4762019531384 28.7407841805816 29.046583262734 29.2532680418228 29.3032844573409 29.3333957852909 29.234115501925 29.1998565437952 29.6103211780275 29.74643578 29.7729722551162 29.8646277007814 30.0477649535706 30.1211575488365 30.0556684238976
30.2925517462909 30.21607505 30.192914472 30.11607505 30.078628792 29.971485952 29.8560271771005 29.6917145940009 29.4734274488977 29.253679084 28.9719989013051 28.8005148911869 28.454542339476 28.4748017616565 28.6678499 28.2485520863675 25.6886263088629 25.5699542425926 28.1469457630486 28.0022133564357 27.3402280247226 27.2350094025793 26.7446627026108 26.3406627352695 25.9830366503501 25.5647190127851 26.6055243452163 27.0753579942344 27.3443720900001 27.8294597337679 28.0108080453336 28.130302938 28.237445778 28.3071676426378 28.3594906502608 28.4683383708407 28.450057912 28.489235028 28.5834691498551 28.4844404755073 28.2634677556523 28.2523314768983 28.2853514785506 28.334608779652 28.5115299857671 28.587358394 28.833895838 28.9569566397693 29.1272967168409 29.0489169102605 29.0983640459142 29.5000848309268 29.6834689484352 29.787445418 29.8 29.833881198 29.9470449960591 30.0653917389281
30.291125102 30.2 30.176839422 30.0724033469329 30.0055874315983 29.955410902 29.8011569293392 29.644798613192 29.5280855497232 29.2781212617455 29.0322205447857 28.903621652 28.8657211315446 28.8702038028617 28.675754135268 28.061535224977 26.4127270312479 27.5977496413559 28.0557037197151 27.6346460769678 27.7653397368827 27.7209235395948 26.7416000985181 26.7818447901507 26.4806934397769 25.9270416699999 26.654776522858 27.2943762778168 27.5103441973041 27.8466210788792 28.0931364985896 28.1027067220583 28.146377988 28.20893221 28.260663668 28.367806508 28.342915072 28.3154670128709 28.398167238 28.330418762 28.3009667334456 28.39106779 28.3991493077853 28.4704105830505 28.385772352 28.3446483092421 28.5665446397306 28.9297824064415 29.194530226 29.1680609195039 29.1599460139297 29.4260139954336 29.589234788 29.696377628 29.70893221 29.7985781526173 29.7194496975549 29.7474536612614
30.2016305652376 30.1842688785984 30.1013749415654 30.069696582 29.9632237941068 29.857200272 29.698325494 29.6007358823849 29.4691460634512 29.3260106894254 29.137604034 29.0966458950405 29.0035248287957 28.5968019858951 28.1538391062571 28.621577560705 28.6455487486614 28.0531825256427 27.4728486551262 27.5787427334065 27.901735998969 27.8223229026794 26.7751486331565 26.812121526 26.9913784870264 25.9508661186551 26.5584992739999 27.3085649369883 27.8299707658267 28.2566249439906 28.59105315 28.5612924436817 28.3831853600712 28.2 28.251731458 28.3010534790261 28.235772232 28.1299384946983 28.183881558 28.2020140136294 28.2946853297933 28.4017003579572 28.507084808 28.629384854855 28.8151735468979 28.8898060073873 28.9672843044467 29.1408159701189 29.2000619557911 29.1996824205367 29.3290631394323 29.4721991948077 29.580302578 29.6015647220761 29.60178937 29.798268902 29.7 29.7002865994205
30.2 30.183982262 30.076839422 30 29.962553742 29.855410902 29.6993055777813 29.546478692 29.5018192366257 29.3575957071709 29.30535347 29.217907332 28.9317141211211 28.4384918178576 28.7729009238464 28.41455904 27.9470859722532 27.6155853497164 27.2006656667381 27.8175238875002 28.6105215281342 28.4192743638116 27.5182898471559 27.240318043742 27.0975394732853 26.4818299932408 27.2563624217122 28.2669818975788 28.2594823213895 28.7382454651018 28.933867038 28.9484788053051 28.726452617017 28.421066134576 28.153622012 28.10535347 28.0982850546446 28.1834728978969 28.2117614227292 28.1138985278653 28.3736379602722 28.5016386513396 28.603995784457 28.716017018 28.846319716 29.0016222458466 29.0742306390705 29.1470917074397 29.09464653 29.09464653 29.226680326 29.440966006 29.5706501335776 29.506529006219 29.5942985420155 29.6980835543758 29.5808941856086 29.5418394105948
30.2 30.183982262 30.0797336396247 30.0087095009461 29.962553742 29.855410902 29.748268062 29.641125222 29.5422321481999 29.439335852 29.4024613609417 29.312553862 29.1935908900833 28.9840400539999 28.7475690388995 28.2734437296346 27.8766904789005 27.6522482401255 27.9603925485243 28.7185491343155 28.7961038072993 28.2827564485431 27.6534236692524 27.1274909452759 26.4177850504029 26.4170871245109 27.3833763099999 27.7634050972906 28.554942798352 28.9045286253605 29.1423644027152 29.1015176878568 28.7299036085008 28.41504224979 28.2991192554368 28.2970492043652 28.1556833953472 28.4042085594127 28.444689802 28.1408006849895 28.2064085699344 28.4754400867273 28.5166394112072 28.705522244222 28.8434255883488 29.017806388 29.0547374625096 28.9888561961223 28.97500738 28.9897215495945 29.132033796 29.3371772083443 29.38750369 29.3984311405141 29.5773564740567 29.694806706 29.4 29.4300320497691
30.1982570454694 30.1674888595924 30.0954514593457 30.0560087657161 29.969907868778 29.875050052 29.767907212 29.660764372 29.61963915 29.546478692 29.439335852 29.315019333789 29.1293985152729 28.9165156283347 28.6804813877763 28.1153677426246 28.2996409259187 28.2814840511644 28.625970566712 29.0305214272941 28.8228720237678 27.9201591413184 27.2752171291936 27.1260040455335 27.0164438240761 26.9261192330771 27.7504594851664 28.1872457319962 28.7353502182627 29.3031456533245 29.3010274983864 29.0937148494483 28.6318720509798 28.5167687214317 28.7926684240001 29.1025345323044 28.913679619515 28.7296971932643 28.5920239593562 28.140666993943 28.269537846 28.2841635460669 28.5106169911287 28.6453819736189 28.803520708 28.9047123556857 28.9754296707522 28.919580022438 28.7993200070003 28.898108966 29.0994294883765 29.233881438 29.2607217 29.3653406548092 29.474949108 29.6755075289328 29.4 29.4128712189434
30.191125102 30.1 30.076839422 30 30 29.955410902 29.862122904462 29.767907212 29.709101158149 29.6464333685455 29.546478692 29.351889714 29.232193012 29.051832162 28.9470661320181 28.8717663605748 28.7713574344427 28.6621518757967 28.9810248848154 29.1941349154907 29.0122236641852 28.4135462195187 27.4320058422967 27.4891608423876 27.8102988531103 27.9238232349733 28.312264902 28.582077548 28.7377134045175 29.342799248 29.4391874602607 29.3915971372995 29.0303312135581 28.9844064722889 29.4226130679085 29.6507914401912 29.501948586 28.9022590380242 28.3984427579999 28.0635501475239 28.165293621849 28.25783062046 28.5153716745355 28.67321801 28.6901751971464 28.7545516855481 28.8380804257574 28.9257309518742 28.8103922136316 28.7972271730215 28.8947722789793 29.0124074017152 29.0679426484097 29.2246892228958 29.3916895135975 29.5439010689865 29.4023766171878 29.4182027662354
30.191125102 30.1 30.0846966087135 30.0236444469593 30 29.970537677695 29.9163748579778 29.8610983903494 29.767907212 29.73392483 29.653621532 29.4886985076581 29.3411715320148 29.232193012 29.13392483 29.101889834 28.9723884007061 29.1508637812422 29.2671851841552 29.26607517 29.1275119927948 28.7837451677191 28.2389920337708 28.1336790175842 28.0606534463548 28.2962625240001 28.712279782 28.903506068 29.0371146863401 29.4214510855472 29.5723880021257 29.7102802202015 29.697143523586 29.591110702 29.672425915268 29.7810717130204 29.5474020441626 28.6762074353419 28.2404698049502 28.1127771175433 28.1320889871461 28.367806508 28.4719387981996 28.53215034 28.5400072824547 28.6066580067819 28.737445538 28.8294618465637 28.8494434075269 28.775050772 28.6891325891644 28.7627560125101 28.9330131141442 29.053520588 29.3177510382735 29.3666624420536 29.4028530012384 29.4055504487079
30.1537021458235 30.1 30.1 30.082141489703 30.0256893643372 30 29.9695131635824 29.9168891704577 29.8610942795021 29.8110223745381 29.719696702 29.6484659533816 29.451889714 29.3400470693012 29.28213534 29.2566783572209 29.1558747591808 29.2929561682972 29.284040294 29.1772439350602 29.0780532200802 28.7603257361208 28.4893541426984 28.3892522646029 28.2204777322967 28.4085610411809 28.780577231221 29.060663908 29.1730366493014 29.349899176 29.569558695855 29.771370608 29.878513448 29.9147905584978 29.8396455310847 29.8346959955825 29.6761988791318 28.7211909210114 28.5329654897031 28.1941980232296 28.1968108757834 28.2599526478236 28.3215090781363 28.35893233 28.3916034020559 28.560605396 28.737445538 28.8183114079354 28.8503092762096 28.824236475855 28.6950778058149 28.5809776704506 28.7668616662655 28.905310078 29.1458863696542 29.301020176386 29.3537027115738 29.2774055044663
30.1042786335878 30.14821051 30.1370446772272 30.1 30.0806067739577 30.04821051 30.0232702788573 29.9695090527352 29.9163830796723 29.826839542 29.7584113315126 29.7060522808949 29.6020257013952 29.4955861017099 29.44821051 29.432193012 29.3833654689325 29.46861227732 29.3395819002525 29.267723872155 29.2714809045625 29.0063910341796 28.8716636333776 28.5260803595702 28.473145098 28.5412594958004 28.7407732980153 28.9069801631697 29.108874418 29.232034516 29.4926403920001 29.8449121389548 29.9676034874527 29.9785035998602 29.8732665737322 29.7432328013506 29.7012162398344 29.1094834140388 28.8570016636935 28.2813785643052 28.1543984027129 28.15178949 28.1649419544721 28.3154437721292 28.4315752503429 28.5795977355009 28.671182343158 28.7696636424346 28.824998156027 28.8 28.733983102 28.553680524 28.5831765912061 28.7331822799895 29.035554264 29.25178949 29.25178949 29.2351994747187
30.1593156946479 30.2 30.1896595778024 30.1385793929725 30.1 30.1 30.0769034227029 30.0227641880719 29.9705253451532 29.882192892 29.85535335 29.767907212 29.7029951819462 29.653621532 29.55535335 29.539335852 29.478513688 29.55535335 29.517907332 29.4306719233702 29.348268302 29.3063035201601 29.2741638696948 29.0188751996516 28.9235222924891 28.7371590340388 28.6482213323828 28.8595895975692 29.123611280968 29.3892284771189 29.5648874216812 29.8220262173314 29.9792725074434 29.900058032 29.8215502870068 29.584484715304 29.5364997854571 29.2313264293646 28.8504937641851 28.1287695928673 27.9917093543577 28.0456050035828 28.117748356 28.332034036 28.5103401007418 28.5614202084834 28.5792726402915 28.6091422450664 28.7179282621588 28.74464665 28.7151723166091 28.5941768898342 28.4664530158813 28.6195374860001 28.928411424 29.14464665 29.1495586719599 29.1911341768149
30.2569497168836 30.2 30.2 30.1886350636898 30.1390937054524 30.1 30.1 30.041125222 30 29.9725620408366 29.9123096883056 29.8672043665521 29.767907212 29.760764372 29.66249619 29.646478692 29.585656528 29.6435578583011 29.5859563165567 29.5457736694145 29.4409303417277 29.3477820417398 29.3952614699637 29.351832162 29.345062025407 29.0876470659999 28.9790359988382 29.1512835754463 29.2493977057307 29.5360376099849 29.7626266568503 29.9215828388758 29.9859564065659 29.917907572 29.86249619 29.5681247 29.4120140740059 29.1905860968549 28.7787887279999 28.0004347359999 27.8408857925718 27.9403171682861 28.117748356 28.332034036 28.4855259711406 28.467806508 28.500058272 28.482092188 28.589235028 28.6007097668516 28.6162656660062 28.610066120864 28.4895808957218 28.6373870260001 28.8280328491252 29.0989181297048 29.046377748 29.1415067840215
30.2338468577614 30.2584844326289 30.2161288018616 30.248536023648 30.1886309528425 30.16963903 30.1336134101766 30.0821250463138 30.06963903 30.0186907967052 29.9756191397852 29.9087423877243 29.8712818687661 29.798268182 29.7 29.6951369322375 29.6766707332721 29.6907996612184 29.66963903 29.6385877818007 29.5685875093795 29.5214031791802 29.5490041226587 29.5474268781611 29.5077365766969 29.420351731426 29.40891709 29.36963903 29.3812078073867 29.5592060371038 29.8998307584058 29.9788973279153 29.9042840934248 29.7850822409344 29.7631334811121 29.5769889700465 29.354026305463 29.110881036 28.7650718015178 28.3049162760415 27.8242540895062 27.903462676 28.117748356 28.3208799400299 28.407201112 28.360663668 28.392915432 28.374949348 28.5181173064224 28.5001266190872 28.496377868 28.5813087018937 28.5756193583842 28.5618414433761 28.7211805433651 28.9601963618555 28.933055183654 28.9878926468365
30.278842455355 30.2962809807681 30.2821593231088 30.269696582 30.2 30.2 30.1879888113836 30.1315767144932 30.1 30.026839542 30 29.912553862 29.9 29.7995979042454 29.77678187 29.77678187 29.77678187 29.7535145232622 29.7 29.689647300984 29.67678187 29.67678187 29.67678187 29.6206080865235 29.5813551315996 29.57678187 29.4315278663084 29.4013295379689 29.485656288 29.6285525517849 29.923160098 29.9464298995387 29.7570207834155 29.6257309734151 29.6240221543387 29.3205294940924 29.1282337681537 28.9831299252 28.5589936653537 28.2073174159999 27.8926306722773 27.903462676 28.1109345961845 28.2269369820614 28.2410589740617 28.2767878061849 28.362554462 28.344588378 28.4637422394458 28.405470014 28.3385460191996 28.419595998 28.5080940810466 28.5029149391697 28.5439232494143 28.82321813 28.8300317055391 28.9197355743379
30.3 30.3 30.3 30.2951286376766 30.28392471 30.2465034388119 30.2 30.1905357086996 30.18392471 30.110764252 30.016530400033 29.9859427797227 29.9045411845215 29.8824712867658 29.8 29.8134426387458 29.8644874634985 29.7951286762573 29.78392471 29.78392471 29.78392471 29.7345144247196 29.7 29.6882392827919 29.68392471 29.68392471 29.5741305580592 29.569580998 29.6841716675707 29.8594985920206 29.8842860078355 29.746113051162 29.5361868351875 29.51607529 29.3424133855789 28.827130662 28.7017982796168 28.8635784014902 28.7006676313849 28.4628256708841 28.1671387213602 27.9020096556044 28.0323970961514 28.1865577640929 28.0966384463371 28.092755976 28.2261311011744 28.260663668 28.324391233314 28.3132222288835 28.2445955098025 28.2278359300467 28.379846863709 28.41607529 28.41607529 28.7146224710237 28.641024518 28.7616093924879
30.3829853978264 30.3 30.3 30.3 30.3 30.2960171011157 30.29106755 30.29106755 30.230946922719 30.126839542 30.0928269480578 30.09106755 29.996478572 29.989335732 29.89106755 29.8924983050001 29.8979312143883 29.8634711882233 29.8341011711652 29.89106755 29.843956760058 29.7947410613304 29.79106755 29.7244423318927 29.6268699725043 29.6885672868841 29.8638302008176 29.9644248723391 29.9667063408519 29.8562404266867 29.603637252 29.4082923927854 29.2380326578091 29.3683266880085 29.2522707821396 28.837821762 28.5427412555298 28.5309348569097 28.6676433997342 28.684377920644 28.4845090337104 28.2628481638024 28.1756389665383 28.0783291261243 27.9368872725282 28.0330094713475 28.1430331840409 28.2039828345707 28.20893245 28.2625476122062 28.2941030735946 28.224442769017 28.2874755656286 28.30893245 28.3950716591483 28.5177102705367 28.5258876659252 28.7174474686865
30.3998411739379 30.39821039 30.39821039 30.39821039 30.39821039 30.3544192629567 30.3 30.3 30.233982382 30.1986907131276 30.19821039 30.1123291968303 30.0983072261908 29.9999690072119 29.989494553767 29.9 29.9 29.9292185605924 29.9603150373655 29.9 29.8990742043594 29.89821039 29.8333744655984 29.6549888465773 29.7580843913312 29.883866678 29.9927022875141 29.900089020493 29.794704802 29.6869886690982 29.5540942794298 29.280577858 29.114126944 29.2134103363665 29.051847762 28.8816161427022 28.4710608872134 28.30357922 28.464184856 28.6753406635198 28.603718736781 28.492989088198 28.2806208471769 28.0522355881558 27.824949468 27.9618527058863 28.137445538 28.1562095800715 28.1525950409496 28.2010536160294 28.2666250629917 28.1549897979872 28.182092188 28.287670096055 28.301692760924 28.3052793380971 28.4195374860001 28.6335365281392
