catData/variables/pastClimate/lgm_MIROCesm/bio15.asc
NCOLS 409 
NROWS 350 
XLLCORNER 60.897278365 
YLLCORNER 5.843756025 
CELLSIZE 0.0892857 
NODATA_value -9999 
[rows 81 to 107 of 350, columns 177 to 235 of 409]
99.6964023 100.21371208 101.10640092265 101.3928046 101.3928046 101.3928046 101.049315918338 101 100.6964023 100.6964023 100.6964023 100.766713638942 101 100.364781174851 99.8848445128066 102.002064209239 103.89233348 104.76333755333 104.777890175375 103.40579067484 99.5914093799987 94.6469843184891 90.6922803528871 85.1883958256008 82.4485549799999 78.464743370307 75.9977887117372 74.4539921462171 72.8115609158279 71.2116495421263 69.4465950198374 67.4652856399992 67.6740455839625 68.2437945939453 71.5359055281013 72.94587538 73.7871528165722 74.5419036088225 80.3403544497493 76.033177228208 79.4471951399999 75.793083784173 69.7006392705826 61.9440531520621 56.0366052685531 55.8082570517961 55.3815633420684 53.1677460906212 50.9475131399991 50.6964023 51.0120487208253 51.6076725199997 50.6964023 50.5351248730387 50 51.303816155259 53.4820115000001 55.8191677642885 56.7488435003141
100.342361412123 101.28514048 102.35656888 103.274726867238 103.5356614 102.919075396018 102.564809842354 101.809385559274 101.754540640902 101.06813497747 101.7678307 101.7678307 101.535160967415 100.538613490957 100.21370968 101.525343864599 102.82090508 103.89233348 104.793908542816 104.813563181188 103.284320418679 99.0682078979318 94.226231452607 89.5254180706475 85.7858182330474 82.376548659999 79.5356351302083 77.5545957399998 75.5152577934646 73.5010514399997 71.9469280199998 70.7222303216501 69.1800172999548 68.7678307 69.5799096729352 73.5474719005526 75.7187026124491 73.5973328637663 79.5147982210152 75.8383922796219 80.2528098809928 79.0534902946303 73.1931164499278 69.5872442632454 69.1078292399997 62.5091410160003 55.8255436110844 52.6718705356004 51.826130927945 51.7678307 52.5529627800002 53.5831905181766 53.5794253301596 50.7684134199997 50.9306568168167 54.0810123322728 56.4525387818958 56.8693978434023 56.4643386
100.910930474314 101.51730978 103.082842055083 105.053476489781 105.064520455521 104.710180399178 103.944626586123 102.89337892 101.997217803273 101.853522762029 102.13442025267 102.8392591 102.53623692 101.46480852 101.28513808 102.35656648 103.42799488 103.945374484441 104.117596849743 104.1607409 104.020181119654 101.804161948706 97.4485525799995 93.2373102837485 89.6077109831036 85.1781092331458 82.6574256321542 79.9296218399998 78.5351769944836 77.3224264399996 76.2624028666387 74.4280401573243 70.2126157918927 68.3260593492658 68.8946284854328 68.9663697792143 75.930784879999 72.4864495714183 76.5470035757737 70.6256879307516 69.8421808226106 75.5629494932864 73.6081077090588 71.142823133689 68.4773059751658 62.920846209806 60.1336826308827 54.8990881574377 53.6785182 54.472350705909 54.6812992393924 54.7790543293878 53.9233508100134 52.2525704752966 51.7970109405998 53.491866703601 52.7863032624038 52.7981428069933 54.6193468727806
101.406058599249 101.956889729726 103.17747636 105.320333160001 106.600913826698 106.821375 105.150570914601 104.826208576424 104.716299792551 103.821375 103.835679770501 103.9106875 103.60766532 102.877244382574 102.861197566401 102.956889515376 103.052581464351 103.690515766674 103.333747782301 102.358011331276 102.178625 101.148268510774 98.8572233017985 95.555171259999 92.3122769476975 88.7577524902514 85.4642283117973 83.5528483630762 81.3260082720512 79.7867650399998 77.7490707400023 75.6207157410228 72.5852366640974 72.3916418861479 71.0388406777033 70.7368965051239 76.9360223968929 78.2528223897836 75.0180428526087 65.5556107014623 70.2931530987576 71.3612877698094 65.4661899599985 62.7692073399993 59.985038524348 58.4196975768684 64.2641681175893 57.1865277528794 57.2997247453477 57.7272282805264 58.5639692475054 54.1621929230477 54.6046752674513 53.3804388542955 54.4479871216049 53.5921141456237 50.8804382167547 51.654941653717 58.1592723373982
102.534298794376 102 103.755685487516 106.950809154868 109.414337842218 109.9463477 107.338631143078 106.9642318 105.981806351624 105.877081801024 104.9821159 104.9821159 104.976696621031 104.596477931618 103.9821159 103.474060096914 103.578206770437 103.993922342212 103.26840742 102.19697902 102 100.125160612805 98.965078134546 96.8030598018971 94.6410414692493 92.4748813332012 90.6075597199997 88.4194834486956 85.0446845413439 82.9117377399997 80.7688809399997 81.8678010435528 77.788131267752 75.154167549173 72.356529557234 73.840034400233 78.8798791377221 73.9991014248194 73.5061888947396 76.0335468219092 73.0152467362589 63.3897696853553 62.4855143463102 60.9492926621414 59.0041814288417 59.6304689236324 63.6745058560654 64.0747785816877 61.3095412858777 58.159477020885 54.0878734019497 53.8273009967749 52.0479237301861 52.4810572600006 54.0124649497962 51.4190758371133 50.5706166384935 55.9556689007459 58.1838044831905
104.1070886 103.617477810053 103.74937108 107.390769485183 110.51673426 111.813570355234 109.423466568443 108.158310612122 108.1070886 108.01835162 107.098512656844 107.0535443 106.75052212 105.67909372 104.60766532 104.0535443 104.085067745225 104.731904751097 105.014371687419 104.239976216259 102.351467319937 101.16121082 100.088855772706 98.9648097199996 97.90195713465 96.8878976183278 95.873838102006 94.1509813570528 91.506931089362 87.8972269660803 83.1489861632806 83.25029663762 81.9266898759248 77.1349927677521 75.1925426171372 72.367856865328 70.0053390351491 67.1599849101373 66.5168746677126 70.6171796392895 74.228954645499 68.2880396799998 63.2299478242788 59.5639403245341 61.4620125200004 64.462755131891 63.6974573399999 59.2745428177394 55.6511105370736 54.271202413397 55.2667951097188 55.2696501622854 55.401770348187 53.1070886 53.9187851900393 53.224867066015 50.2363232553013 54.9985651320567 58.5667073397062
106.3749181 106.439567699943 107.08862898 109.315384940096 111.71313536 112.149589400038 110.485351739966 110.2499454 110.1249727 110.03623572 108.96480732 108.09602980001 107.69697782 106.672345519999 105.67909372 105.1249727 105.640132579987 106 105.359836520022 105.1249727 104.25052332 103.17909492 102.092523140041 100.16121082 99.2499454 99.2499454 99.2499454 99.2967412000647 99.096208720208 97.4565172602958 93.6739381003931 89.9766073600823 85.6160584795593 80.6608483795353 76.9079312598041 76.8545166003065 72.0192478801072 72.7476280006676 69.0347510800002 72.1037039786738 75.4470581596204 64.5335985797393 61.4291531199996 60.8103785998604 62.7371020192791 65.8581635395538 65.8356684409215 64.4962074409495 61.1892938806503 58.5034653394972 60.4761028194828 58.6036828201753 53.4902001592732 54.6921705996272 53.7046700605721 50.6112297809785 49.0572061804013 53.5003472387703 58.0303071595806
109.873175993502 110.49931528 111.57074368 112.64217208 114.014137283521 113.58977882 112.51835042 112.3928022 111.1964011 111.125092160482 110.201180163186 108.96480732 107.89337892 107.122858594192 106.641692142139 106.1964011 106.1964011 106.1964011 106.1964011 106.1964011 105.32195172 104.25052332 103.17909492 102.12509408912 101.3928022 101.3928022 101.452315618114 101.96365148 103.305815158448 104.71370608 105.312028983439 104.331791639539 98.4944588249102 90.272329474593 84.0159013024708 85.0618190494304 81.7740275157218 83.2665713777578 84.3596952095568 84.4657763608399 80.5739742342591 68.4607226307525 63.2799532641039 60.8371156455306 59.1968734199999 58.5262923431853 60.3133608068302 63.914632697861 66.1708691966102 62.4065192749293 64.1339916001262 60.1629810263933 55.496743282726 53.5643161990567 52.1784066 52.1851445214014 52.7458890675418 55.3777764794402 56.9651472185731
114.100960567065 115.459349099723 116.81773763238 117.822501994962 117.33972302 116.053221269646 114.929036719999 114.550153884331 112.798852751673 112.511892619015 112.033292767285 110.509867073699 109.151478541041 107.89337892 107.2678295 107.2678295 107.11014869041 107.176811442247 107.2678295 107.052756792437 106.35975396022 105.32195172 104.255158425536 103.511893261806 103.310725870852 103.535659 103.83867878 104.91010718 105.535659 105.775864911718 106.431053213201 106.7321705 106.928111932114 105.236160454316 100.321778522007 97.6006688502627 96.4691141827448 95.7844867875798 95.2017235835719 90.3588492956867 89.3080795867526 83.1273623581031 74.7912613360743 67.5980171140493 64.0182460199997 62.463468396665 59.4841023706761 59.9979379380188 66.8039363921688 68.0529609564844 66.3045447399994 64.0317572852238 60.8004384905404 59.6206474586458 56.59421824707 54.9653748459497 51.8447635154074 53.5767367458484 56.2868838399999
117.060805240629 119.567152589613 121.674031781404 122.3570316 121.62543662 119.47855281445 117.846657245465 116.73263562 115.32194932 114.280625641487 113.6785158 113.136758220544 110.83601620844 109.30406522 108.527247833591 108.163757284607 107.610997484378 107.775456166638 108 107.469410231331 107.3392579 106.39338012 105.3392579 105.280627227268 104.784342223748 105.417827105237 105.98153558 106.925929476794 107.3392579 106.82195292 105.939792999682 105.6607421 106.39233228 106.933172497112 107 107 105.994129555935 105.305813379999 100.224990172201 92.005638753053 89.1134141800065 85.6121959089865 79.6904575620272 73.4341336713115 69.5685689840601 69.2534714596966 68.1858327173593 68.5526267800003 70.1862954124922 72.2507016348307 70.9890405698456 69.2698788764906 68.4262936243708 67.3232346215862 61.6635103031322 58.4626305489492 56.6007039812391 55.4852439272635 54.9429503268831
120.752820414192 124.194674540001 126.23148338 126.913866570124 126.021380484565 122.903884359254 120.124029973942 118.098572357265 116.39337772 115.4106863 115.3449085727 114.400331052611 112.10766412 111.03623572 109.96480732 108.89337892 108.4106863 108.4106863 108.4106863 108.4106863 108.05156191959 107.44258126572 106 106.036442076342 106.476463041653 106.957852573036 107.71370608 108.4106863 108.4106863 107.680931251792 106.306102707037 105.55025320117 105.541368351719 106.062543550549 106.537750794763 106.5893137 105.57200992 104.270826070694 100.396524368018 96.9053594986826 95.945817686628 94.974949007755 90.9320166889973 83.889466332802 77.6681675963849 76.15045273454 77.3468356045198 77.635025548587 78.8696035746922 77.5501426144262 75.8575027199998 74.9270937749521 75.3697343903589 75.2428678243306 76.2855469209805 73.1599428880834 66.3950533999983 58.8581501817282 55.3463606977757
123.962720887755 127.499468141217 129.07085288 130.460557292667 130.559177522912 126.811330604058 122.46193134484 118.670566120783 116.991036140854 116.439333297508 115.83983462 114.648467205766 113.17909252 112.10766412 111.251200530679 110.44692202 109.680391226046 109.4821147 109.129403162771 109 108.547135520504 108.4821147 106.4821147 106.528069034584 107.16016298 108.111653608691 108.78513448 109.4821147 109.267151046396 108.214790375241 107.198277683121 106.33983822 105.26840982 105 105.452863236572 105.973905725066 104.98269622 103.77658254834 101.239009309978 99.7243563432316 99.0853870467466 99.2524241348909 98.2516729365278 95.803153088995 92.2111143794096 88.4036265243215 85.7851130076862 82.8871669305676 83.3028239091739 82.9564903879908 82.8753868199997 81.8926881999999 81.8926881999999 82.1242747800002 83.0387761761783 83.3881969643685 80.321369242185 68.1127911309045 61.175824982728
126.396407077366 128.784499620719 129.262846222755 130.035928749581 131.07096568 129.10228600455 124.181284199998 119.246436932934 117.5535431 117.46480612 116.39337772 115.450146458922 114.80406402 113.73263562 113.1070862 112.58977882 111.51835042 110.741656873294 110.22691854467 110.551592922634 110.176583879402 110.1070862 108.6606293 108.6606293 108.82079228 109.764024869582 110.242371471618 110.346269893653 109.800935324311 109.03623812 107.96480972 106.89338132 105.82195292 105.5535431 105.5535431 105.975835689941 104.98269622 103.920769811974 102.94692562 102.1070862 102.1070862 102.1070862 101.908022595807 101.6606293 100.48316734 98.705737209699 96.0977520153265 93.4427060768818 90.8425969235903 88.9646866153338 87.662482039039 87.7185997425164 87.2141724 87.7021452868238 87.946955066242 85.6550075160381 81.3665754488697 70.5464181368735 73.172843008478
128.030260830239 128.353392261657 127.014167833076 126.912699297753 127.85668048 126.820195393666 124.313884862496 119.861747254915 118.010817369206 118.591692603496 118.08977762 117.249943 116.94692082 115.87549242 115.249943 114.73263562 113.66120722 113.002362617821 112.8749145 113.176070253598 112.921999560693 112.283767845017 111.864098630726 111.249943 111.41010598 112.249943 112.060564273564 111.484542760727 110.971282844982 109.784365650692 108.779208203599 107.96480972 106.89338132 106.6249715 106.6249715 106.6249715 105.60766772 104.6249715 104.46481092 103.6249715 103.814348726505 104.249943 104.249943 104.249943 103.07248104 101.58978362 100.243988952248 98.5700360934608 97.5940597216586 95.8445543702402 93.9846347717677 93.0915813037011 92.8499232979918 93.7800902154355 94.1021042191563 90.3455877279085 85.0459088473118 78.0121803022197 83.7792566087949
129.217657683112 127.605125960938 124.716126530321 124.26736678 124.829312509088 122.74552813847 121.948916752147 120.103412168292 119.398054686619 119.6963999 119.647773674615 119.231517914767 118.60440233585 118.01834922 117.3927998 116.87549242 115.80406402 115.3927998 115.3927998 115.3927998 115.3927998 115.105631211404 115.07189352 114.0891997 114.137825196744 114.3927998 114.08978002 113.132034124893 112.25052332 110.66178994 109.6963999 109.495974717576 108.66120962 108.3927998 108.3927998 107.734092279956 107.37549602 106.331006718721 105.53623932 104.857678442513 105.48479590687 105.6963999 105.6963999 105.336150435018 104.642522431198 103.272905493784 101.96481212 100.64958792745 99.7838366819321 99.4092327686847 99.0666456193016 97.7238081900808 97.24935788 98.6433400223074 101.115058305312 101.026545106713 96.1370963419693 85.8869675174006 88.4721716927188
130.32194692 128.215898959999 124.549563924105 122.139482831485 122.258254429782 121.288441413451 120.32857117633 120.012565090613 120.7678283 120.835963064501 121.658636111444 122.07189112 121.070815894668 120.448719772275 119.961126400781 119.01834922 118.398968813107 117.796592159949 118.097394086994 117.686902666062 117.5356566 117.5356566 117.51835042 116.603789521713 117.180507231344 116.5356566 116.23263682 114.873696510512 113.32195172 112.130419743375 111.083610449681 110.7678283 110.597973764206 110.5356566 110.5356566 109.58978122 108.763810851981 108.44692442 107.37549602 106.589425007188 106.535162980244 106 106 105.879896980587 105.315783992469 104.186570294474 103.03624052 101.96481212 100.89338372 100.041560257751 99.9826986199998 99.0475286922737 99.9417627461609 102.588254209976 104.514539409096 104.826129687823 103.468671965131 98.1148959535884 96.2281874946297
131.39337532 129.287327359999 125.484303979999 122.518923539999 122.57085168 122.03623332 120.96480492 121.633092978462 121.853783041733 122.76725038 123.83867878 124.44691962 123.629804614814 122.889249783832 121.39337772 120.756103004624 120.6785134 120.01834922 119.796112005565 119.710176457706 119.6785134 119.6785134 118.836474847516 118.76724798 119.652768274057 119.323405482672 118.121182239402 116.404618483868 114.858431912861 113.32195172 112.25052332 111.8392567 111.8392567 111.8392567 112.57314218676 112.52647027003 110.6785134 110.58978122 109.51835282 108.6785134 108.37549602 107.364257270348 106.8392567 106.405107043808 105.41126902 104.33984062 103.26841222 102.19698382 101.12555542 100.847957255814 99.9972189190842 99.9279864800003 101.31973124 104.302429860001 106.093564052166 106.050005169129 104.928329098706 103.989346367905 96.1843276517947
132.46480372 130.358755759999 127.628042556654 125.411722139999 124.131144984958 123.10766172 122.03623332 122.85656528 123.822916114092 123.99942208 124.924990254898 124.979315224699 124.634727315704 123.592105403892 122.870861463489 122.350266076914 121.9106851 121.25052092 120.9106851 120.9106851 120.114337078929 120 119.015760480264 119.99941968 120.9106851 120.67909372 119.580601138651 118.44692202 116.92961704 115.30406522 114.768787537039 114.130855803364 113.155121923768 112.9106851 114.581477915427 113.959975584977 112.80561190538 111.902759994217 111.66120962 110.8213702 110.242399406993 108.877241512604 108.415319227799 107.39338252 106.32195412 105.25052572 103.512851229412 102.19698382 101.12555542 101 100.9106851 100.99941488 102.099452303662 103.552488060001 105.39232988 106.022428153919 105.9106851 105.39338492 104.174533820502
133.098325997303 130.448070659999 127.82252364 126.328025350466 125.25051852 124.17909012 123.966472618237 123.98114548584 124.999112490084 125.965814193993 125.9821135 125.754662122146 124.994579993777 124.60766292 123.544209734375 123.498801743095 123.964227 123.952418973394 123.9463405 122.369025009517 120.248855578835 119.071040662912 118.018196046989 118.211655008936 120.175184724858 120.76840862 119.994580036705 119.60766532 118.528261748552 117.954974224475 117.9463405 115.989471127355 113.532018727754 113.788655388169 114.013395091816 114.000968100016 113.96480972 112.9821135 112.979248787786 112.73678033629 111.673676199632 110.596478744444 109.53623932 108.46481092 106.815181876674 105.33984062 104.255326675173 103.17909732 102.10766892 101.9821135 101 101.00158706521 101.020751169287 101.271501853363 102.654269582561 103.668027101516 102.615762805593 104.094483271653 105.9821135
133.739771096259 131.04476649149 128.87606554 126.69786216699 125.26840502 124.23997201751 124.92799368 126.100710524019 128.090701954259 127.244611533491 127.94691842 126.850690077981 125.68075343674 124.592056315509 124 124.51730738 125.031522032259 125.0535419 125.014371043241 123.39395804 120.376651859999 117.16236666 114.9464581 115.212661840001 118.115196510259 119.23159138 120 120.020048667009 120.0535419 119.563934411509 119.044039992483 117.679676439999 114.844400188258 113.25052332 113.834349774483 113.9464581 113.947384577258 114 114 113.780810734008 113.037317773742 112.271156978508 110.60766772 109.046634103008 107.51835282 106.411578232492 105.32195412 103.490504552008 103.060264375742 102.10766892 101.98269862 100.995249238992 100.78629992 99.9464581 99.9626820977577 99.9799515899924 99.5244591422573 98.4826998199999 102.552220406213
134.969740499645 132.577367376798 129.998889453024 127.226971775552 125.51834562 125.149586527294 126.327263583847 129.219314810142 130.3749109 130.352731925977 129.944789004412 128.276276315835 125.306854112741 124 124 124.51730738 125.58873578 126.082500915624 125.3019503758 123.39395804 120.376651859999 117.28057328993 114.3749109 114.618936265835 117.425280644341 119.23159138 120.037868472813 120.452623578611 121 121 119.896107427118 117.804646739999 115.66178994 114.221598247152 113.12555302 113 113.01730378 114 114 114 113.69698262 112.67234882146 111.67909612 110.60766772 109.53623932 107.887151855766 106.51835282 105.34657124708 104.25052572 103.17909732 101.98269862 100.91127022 99.83984182 99 99.3030149800004 99.6723509215316 99.1249703 98.801611596054 100.26606694
133.891171823386 133.48269022 131.465040286384 129.33177595619 128.05399982 127.140284167901 130.308059427197 132.863124797708 133.778796034778 133.197895612485 130.844611667583 128.073624879999 124.756490982223 124.122857092874 124 124.51730738 125.58873578 126.530508793262 125.484099971641 123.39395804 120.376651859999 118.10824444 117.3927974 117.48153198 118.52150457894 119.42799008 120.439905789134 121 121 121 120.526893090478 118.876075139999 116.876901700285 114.78676024 113.51835042 113.021260010012 113.01730378 114 114 114 113.756494839509 113.122858035587 112.55412582 111.584294974219 110.60766772 109.53623932 108.46481092 106.748077673831 105.346613041265 104.25052572 102.372098051459 101.10766892 100.03624052 99.1963987 99.4994136800003 100.1963987 100.283967337959 101.42739776 104.043357612235
132.76181919695 133.085585598179 132.616474838226 132.712464700638 132.463768243736 132.3391355 134.728288955674 137.90894894 137.759592726427 135.025382328015 132.05515806 128.73333326095 126.0713084 125.596569807065 124.684062825836 124.914412644606 125.85656288 126.2678271 125.53623452 123.66178514 120.644478959999 118.37607154 119.540289264002 119.868450354769 120.5356542 120.70521913231 121.18667019108 121 121 121.138548292609 121.110148346161 119.856485655067 118.53623692 116.876860077527 115.427006621242 113.629407399987 113.280496458784 114 114.042895343676 114.205801295095 114 113.62555422 112.673543008594 112.129279450176 111.41126902 110.516649192283 109.53623932 108.46481092 106.753137895971 105.336450802798 104.237858118431 102.44692442 101.37549602 100.47362903788 100.57084208 101.36811318458 101.98152598 103.57025456 105.71311136
130.589227338975 131.672489376138 133.377209025625 135.447352366363 136.997559100738 137.084591901706 138.470007484151 140.553466379782 139.603254241924 136.191886048518 134.306688832149 131.89383444 130.357022 129.60812084 127.7598761237 127.0177665 127.207038577176 127.3392555 126.60766292 125.00564282408 122.351824621636 120.446905179193 122.029201463251 122.648407305695 122.284919328139 122 121.69698022 121 121.151266082086 121.681061920358 121.610997657199 120.67909372 119.855861312311 118.87549242 116.929617039999 115.73263562 114.672640597464 114.3392555 114.445080722352 114.846978855204 114.236455187239 113.752587010317 113.187990232127 112.658195165429 111.75052452 111.3392555 110.60766772 109.808666975654 108.80406642 106.78676504 105.66120962 104.58978122 103.51835282 102.525491440991 102.217981981453 103.05295438 104.12438278 105.71311136 107.85596816
129.5893161 130.836386457959 133.766214540001 137.251619525725 139.87387386 140.267238066979 140.388256945255 140.4106839 139.383175095138 137.73263082 136.66120242 135.453292076786 134.107605369331 133.07246664 130.929609839999 129.608917987683 128.5801638138 128 127.568860713965 126.60766292 124.661785139999 123.853262895614 124.403576530503 123.91126542 122.83983702 121.904889148855 121.410741665027 121 121.44587658 122 122 121.610956034441 121.4106839 120.60766532 118.661789939999 117.46480852 115.989802603855 115.4106839 115.4106839 115.315574034496 114.821426979386 114.256905046731 113.737239167151 113.4106839 112.82195292 112.4106839 111.979547442683 111.8213678 110.946923219999 108.92962184 107.80406642 106.73263802 105.66120962 104.8213678 104.945811173745 105.452717212372 106.26723958 107.643521304607 109.58814106
129.9642246 131.516153940001 134.446601221943 137.804504191734 140.46318996 142.190170828686 142.029244478895 141.9642246 141.420683640686 139.87548762 138.80405922 137.73263082 136.515111699849 134.73321114 132.805318080569 131.44691722 129.78675304 128.327678057605 128 127.19697902 125.672684041825 125.4821123 124.98269382 123.954045452453 123.32194932 122.138867867128 121 120.819473926709 121.1787268635 122 122 122.318272114128 122.129403675663 121.19698142 119.672687684755 118.53623692 116.955882234825 116.4821123 116.404896914407 115.880062915802 115.336023893988 114.806079136221 114.4821123 114.4821123 113.89338132 113.4821123 113.4821123 113.4821123 113.029248207686 111.07247864 109.94692322 108.87549482 107.881280648524 107.334686161267 107.26723958 107.9642246 108.41009638 109.48152478 110.857848470221
132.353894891202 133.639847404524 136.056907604274 138.722152069191 141.01673066 143.15958746 144.521630000835 144.137038923047 143.528504543489 141.920105359949 139.83983462 138.76840622 137.561690749632 136.011913176168 134.66120242 133.303423330759 131.37606914 129.233212339999 128.148574431152 127.19697902 126.60959394192 126.029958851544 125.53623452 124.504422498472 123.83983702 122.665012494599 121.385806918865 120.832824127671 121.198483025794 122.286349360743 122.5535407 122.848276066186 122.67337476035 121.75052212 120.67909372 119.60766532 118.53623692 117.5535407 117.304724720434 116 115.864715072637 115.5535407 115.5535407 115.5535407 114.96480972 114.5535407 114.5535407 114.998042838389 114.623040735075 113.18537393146 112.08978002 111.01835162 110.1070814 110.003687417604 109.795905955861 110.1070814 110.55295318 111.338034876253 112.14226928
