catData/variables/pastClimate/lgm_MIROCesm/bio10.asc
NCOLS 409 
NROWS 350 
XLLCORNER 60.897278365 
YLLCORNER 5.843756025 
CELLSIZE 0.0892857 
NODATA_value -9999 
[rows 260 to 285 of 350, columns 174 to 231 of 409]
23.2820827368512 23.3005701514744 23.5432693403742 23.648170958 23.649998414174 23.512743944463 23.3197580939999 22.9944225804368 22.9831794262263 23.2206292633369 23.440967446 23.5026863842367 23.4294482006866 23.1525242297268 22.90358282 22.7677656759633 22.6232061964865 23.0373465140001 23.3319829553864 23.6305214783273 23.9534234840001 24.206935075055 24.054591925931 24.1847386854554 24.0114061745168 24.8078807883918 25.2691612970419 25.458223518872 25.6736715583421 25.2686999196948 24.2250940821413 24.0924975809912 25.5364152991722 26.4543338163075 27.2826299321436 28.0178503362852 28.2700999125144 28.387444698 28.5401868563855 28.6508351551646 28.808873218 28.9 28.9591418574441 -9999 -9999 -9999 -9999 -9999 -9999 -9999 -9999 -9999 -9999 -9999 -9999 -9999 -9999 -9999
22.9644668559999 22.8887012296564 23.2988126580892 23.3845249340132 23.407228116076 23.3813730743172 23.1760740897587 22.8698186459999 22.7448486475935 23.0446834004892 23.278473176 23.3436905153457 23.2617263065261 22.914528128 22.5914133269021 22.4992073309846 22.2728905546634 22.6450238405999 23.089137924 23.3842802333151 23.6873463940001 23.6273183580784 23.56789142 23.6646954672912 23.9826048089129 24.583786134 24.87859428 24.9603899719521 25.3198197259999 24.9680892279999 24.4385185033584 24.010024280774 24.3972976386612 25.938731019548 27.0418258023372 27.888222864637 28.1805022012804 28.3251437288022 28.5861792008848 28.7026881669674 28.85931319495 28.9 28.923158898 -9999 -9999 -9999 -9999 -9999 -9999 -9999 -9999 -9999 -9999 -9999 -9999 -9999 -9999 -9999
22.8114471786116 22.8310540883235 23.0890555923656 23.0957940833497 23.094413540935 23.11251719 22.8732105875044 22.3476624491568 22.3204809417041 22.8091000832828 23.064187496 23.1721989149281 22.9659312924256 22.423462498 22.1251613122177 22.2045626477316 22.1702030469446 22.4881385705463 22.8280404498426 23.089137924 23.245540529963 22.6955810126528 22.8388639595786 23.3731646342754 23.733108795889 24.2780402398288 24.4666591284026 24.7135849809678 25.0719860444627 24.8541718178932 24.8263003296336 25.400885083281 25.7166682372775 26.6264650082688 27.4567463654771 27.6746875449025 27.72503438 28.0638675530065 28.2189444298478 28.7023793689007 28.83750573 28.8475148485299 -9999 -9999 -9999 -9999 -9999 -9999 -9999 -9999 -9999 -9999 -9999 -9999 -9999 -9999 -9999 -9999
22.6929811573245 22.8184014039797 22.8346499566419 22.7289888885879 22.65181445 22.6928124754019 22.4573849279998 21.9621735542931 22.1831103588913 22.6725195884131 22.787802201717 22.8888322734894 22.7136629788371 22.0882225587032 21.4376044405996 21.8151192166433 22.073060954 22.3323900268461 22.5092060889249 22.7267115457272 22.7554351419999 22.1426969589058 22.380637455367 23.2249914913293 23.519538446 23.7166811527207 23.9907932634167 24.4216940008314 24.688037037233 25.0208731075041 25.1102847205002 25.7722661166566 26.5015696789791 27.0943797254252 27.4311775090167 26.6719333117645 27.3364444241878 27.3370270341102 27.6329690394167 28.632093268 28.7365419425792 -9999 -9999 -9999 -9999 -9999 -9999 -9999 -9999 -9999 -9999 -9999 -9999 -9999 -9999 -9999 -9999 -9999
22.4337613291206 22.5533752515952 22.3593759641635 22.3037039239999 22.1928802 22.251754018 22.2315637960162 22.0197056599693 22.0467911151738 22.4194408620001 22.46966015 22.563942436279 22.2222046935501 21.8825556718681 21.1212351811514 21.4908146983414 21.6477147803802 21.8523773295809 22.096341676 22.2654242522483 22.2500838319999 21.8163287274255 21.88620290792 22.7934649216742 23.0326513573454 23.198072054 23.516808380153 23.8523404815775 24.5920234634614 25.5304314371149 25.6260989483861 25.8714711959259 26.2997778880034 26.5653085500811 27.1419450961431 26.6895824426453 27.3710011510499 26.8739118257935 27.8235919550611 28.4508276447265 28.708873218 28.816016058 28.9 28.9535673972856 -9999 -9999 -9999 -9999 -9999 -9999 -9999 -9999 -9999 -9999 -9999 -9999 -9999 -9999
22.1627608788421 22.1939603443843 21.9438991627783 21.8943850310933 22.0594912900319 22.158873818 22.2 21.9922835121284 21.7139013225455 21.8673166858039 21.9758441637113 21.5757362152981 21.4962197170621 21.2894260299591 21.1765603020001 21.4887945412225 21.4745951832186 21.5284987059961 21.7951069846172 21.991027998 22.0215408218437 21.9572673722845 22.1636871170702 22.7271321715834 22.9739684802966 23.105191854 23.4028532089539 23.6517990990906 25.0268623550021 25.8284495360001 25.930400762 26.0907838700001 26.5932307868101 26.921283416 27.2098640129974 27.2219817783376 27.8556949906893 27.9664719706867 27.9977723307713 28.4037389525049 28.624950428 28.732093268 28.8355128033349 28.9351734120519 -9999 -9999 -9999 -9999 -9999 -9999 -9999 -9999 -9999 -9999 -9999 -9999 -9999 -9999
21.8077818239254 21.7668523068496 21.8419320321163 21.9346867364501 22.1459492600418 22.2873912647333 22.1708286589746 22.0227021915171 21.6770307859955 21.535992849249 21.4491167790075 21.4015762167421 21.4733182339999 21.3042202144678 21.4025637015607 21.4724050942743 21.4737880459147 21.6307028057826 21.7991489215367 22.0124871727092 22.09106563 22.09106563 22.405099535447 22.7600913826145 23.0753125119387 23.2888991121847 23.7459229238747 24.6601053166182 25.6193515624665 25.9792642731683 26.2469845202422 26.4564543450202 26.6523489343767 27.050068920607 27.3540455676024 27.7241792332176 27.8306621079953 27.7549836777293 28.2445906730495 28.4034607560001 28.608873218 28.716016058 28.8020691016352 28.839236108 -9999 -9999 -9999 -9999 -9999 -9999 -9999 -9999 -9999 -9999 -9999 -9999 -9999 -9999
21.7241213249913 21.828510928 21.9724282222528 22.141005078 22.2500014699804 22.2421809241116 22.1345921637669 21.9549916783545 21.5017184804759 21.4878950248052 21.405411982 21.4982394788403 21.4909673270382 21.414225008 21.4986233772047 21.469697782 21.5116643345524 21.742796368 21.9016699460001 22.0581367858119 22.1648337140666 22.19820847 22.5194168620001 22.8605432840001 23.0890785944192 23.4999401850813 23.7885756093382 24.8111833663507 25.5185489441901 25.9909059340001 26.3484376017042 26.5542256858081 26.553522028 27.0128501624878 27.560516613099 27.9167237955104 28.0756330642468 28.1789369120039 28.3869956824781 28.499969848241 28.6001589663624 28.6335367135161 28.8227439993947 28.928510208 -9999 -9999 -9999 -9999 -9999 -9999 -9999 -9999 -9999 -9999 -9999 -9999 -9999 -9999
21.607105688 21.7174916849304 21.869539286 22.1260270545125 22.2948339499976 22.18540288451 22.0428674080212 22.0028726369352 21.59848831 21.5046794625548 21.50535131 21.5964456604227 21.3867247101769 21.321367848 21.428510688 21.4718059607559 21.3966524911333 21.4023860366445 21.6095059898444 21.9734702263331 22.1677305943562 22.2092662886893 22.5276137977996 22.9644899614235 23.2102911712229 23.6236246771387 24.1132530747737 24.8042667947305 25.3252589927325 25.8265592220001 26.2591381585803 26.6028432221987 26.963818591375 27.376620014 27.6320323560001 27.8424030701539 27.9792477493574 28.1702099591315 28.289236228 28.401730378 28.508873218 28.616016058 28.723158898 28.8335448178716 -9999 -9999 -9999 -9999 -9999 -9999 -9999 -9999 -9999 -9999 -9999 -9999 -9999 -9999
21.3202660205877 21.4784132240001 21.7670749177001 21.9891762760001 22.2099253019878 22.253620332 22.1877494891735 22.0195520465806 21.5911051436896 21.6092962414142 21.6249883 21.619795726 21.3316446117227 21.416016538 21.523159378 21.5166653551404 21.3577549162859 21.468223805716 21.6862113479982 21.9353797028543 22.1857988331314 22.3755928403002 22.6433673794228 23.1918931228368 23.6290064560549 24.0553913179559 25.0960378054582 25.344479946 25.6021903645597 26.0135891628316 26.4762417493593 26.862652656872 27.0672532219683 27.376620014 27.6320323560001 27.773159018 27.960603716 28.087444698 28.182769629121 28.401730378 28.508873218 28.616016058 28.7202653905456 -9999 -9999 -9999 -9999 -9999 -9999 -9999 -9999 -9999 -9999 -9999 -9999 -9999 -9999 -9999
21.3059934343879 21.3397324127056 21.633787934 21.945651388801 22.2551929340001 22.3758093192598 22.1608609959999 21.8106998293873 21.5748012760828 21.7844379131408 21.8567854692717 21.8530386191752 21.5072782376222 21.396379548 21.503522388 21.5619616790369 21.51963699 21.6534006840001 21.943415185696 22.1062235493755 22.126310342599 22.4266402981776 22.6683403460919 22.9451632602695 24.0005375600284 25.0686149954329 25.6622617999401 26.1257423583267 26.3211079187738 26.5939567887794 26.7687586973353 26.9238874196562 27.1618888107192 27.3846960525043 27.6190687657278 27.7678882570488 27.960603716 28.087444698 28.1 28.382093388 28.489236228 28.5995241397078 28.7045477104844 -9999 -9999 -9999 -9999 -9999 -9999 -9999 -9999 -9999 -9999 -9999 -9999 -9999 -9999 -9999
21.309943422329 21.0897277243089 21.2185478925896 21.7526896255567 22.2690464019658 22.544527466 22.446409004784 22.0269461483865 21.826816982 21.9820096760001 22.1456343351585 22.1716851999999 21.6465893122825 21.3203057396483 21.449939208 21.557082048 21.62677983 21.7724840872851 22.243603034165 22.4827061517934 22.359304392975 22.6729156100001 22.8286240853309 23.0087890260001 24.2821367035525 25.4070899436248 25.4575497807728 25.9671458557398 25.8491588602141 26.1158927821456 26.5077208632084 26.6983204249868 27.230240826 27.4287603261683 27.566016178 27.746318036 27.960603716 28.087444698 28.1253303818776 28.3012669857133 28.382093388 28.505252286 28.7025809815143 -9999 -9999 -9999 -9999 -9999 -9999 -9999 -9999 -9999 -9999 -9999 -9999 -9999 -9999 -9999
21.2954597947874 21.0260767023414 20.962117086 21.6969914790873 22.2730012420001 22.6037965369966 22.6351505231151 22.4071071710802 22.255388342 22.3809172968362 22.40176801 22.4919394135049 21.8867008725785 21.401201662013 21.429247647373 21.6035741636593 21.80595243037 22.0630903474986 22.7681980573793 23.1239638331643 22.804380501128 23.0336416300001 23.4115911322458 23.8242531824969 24.7228627392524 25.314271622164 24.6825574686257 25.3799573028324 24.6775781275445 25.4599559500021 26.6260665922112 26.9061003355798 27.3210093621259 27.492796008 27.599938848 27.7554232137486 27.9333631817068 28.0831856043351 28.194587538 28.3 28.308873218 28.432032116 28.6384616794559 -9999 -9999 -9999 -9999 -9999 -9999 -9999 -9999 -9999 -9999 -9999 -9999 -9999 -9999 -9999
21.417905892 21.2090261976808 21.1366904308106 21.7541046654617 22.2267458320564 22.5766214540001 22.7931267352927 22.7247898349671 22.6348052466416 22.5670024747355 22.6754636459718 22.6914379223253 22.1443245526228 21.4735346470421 21.2968947826886 21.6087545892741 22.0584661861125 22.5644462677121 23.1626467318407 23.4894189801219 23.2626479156771 23.3441042579505 23.9193582838313 24.8124444335181 24.8911770253662 24.5164476057843 24.4598272617414 24.5233020310249 23.8422162623943 25.3329812783889 26.7651561774803 27.1302408260001 27.3537702183416 27.517807828 27.6520605481783 27.773159018 27.880301858 28.0748893960001 28.194587538 28.3 28.3125170502252 28.4665205501004 28.6136485784259 -9999 -9999 -9999 -9999 -9999 -9999 -9999 -9999 -9999 -9999 -9999 -9999 -9999 -9999 -9999
21.525048732 21.446036694045 21.6102164796816 22.0067003351235 22.3283399349327 22.6162739615204 22.863858857547 22.875048852 22.8869207821612 22.5497694110631 22.692565408449 22.7372368712561 22.0423897023384 21.3030093793938 21.3806428880041 21.7683314026225 22.215140464145 22.7460322980747 23.4083458133959 23.858788906 23.9386761836938 23.9727273211541 24.2710403406165 25.0047123211587 24.1609009476981 24.3932015544695 23.9723086932409 23.6423484119564 24.1358073086085 25.7277600079446 26.8776945532451 27.1676803417746 27.303522148 27.410664988 27.5838240060001 27.760219423454 27.9190140587612 28.0809420999318 28.194587538 28.3008341866826 28.3573995220206 28.4755287852968 -9999 -9999 -9999 -9999 -9999 -9999 -9999 -9999 -9999 -9999 -9999 -9999 -9999 -9999 -9999 -9999
21.6578298203249 21.7434312571024 22.0297331159159 22.2059303880363 22.3496564881568 22.6133461557229 22.8615089681988 22.9929732702231 23.0465564183192 22.6665272466205 22.705290398 22.8430181055014 22.0837059376798 21.4661764548606 21.4777019093609 21.7508752604437 22.1253120303944 22.7536107478611 23.3741394846062 24.0039273360929 24.2294755450416 24.5202806674909 24.7820089560001 25.1618258224446 24.6515591118932 23.4630148268602 23.6557031303885 23.6232880812021 25.4919137547563 26.4494105818348 26.9541634836437 27.089236468 27.196379308 27.3361092411757 27.5320323560001 27.746318036 27.9161556820049 28.080495188935 28.1422322101253 28.246379188 28.3495602417543 28.4231670373059 -9999 -9999 -9999 -9999 -9999 -9999 -9999 -9999 -9999 -9999 -9999 -9999 -9999 -9999 -9999 -9999
21.535677528 21.7412997383866 22.1357976417657 22.3668715593527 22.4564517572682 22.5655302410339 22.8107957560556 23.046318996 23.1501841672004 22.3755291918166 22.5935772653813 23.080558658 22.6331291004705 22.1230061445015 22.2475564323783 21.5674409155087 21.5133167604604 22.8695172455252 23.5021401624504 24.0114015474974 24.4075007001397 24.7517711620732 25.0732822432148 25.3326750082129 24.9132359658421 22.9171175801176 24.6376113790458 25.2530980623059 26.5078794954023 26.7416670287781 26.8983515637944 27.1003169067337 27.2443900850607 27.380240706 27.5532702159159 27.746318036 27.9304857252291 28.0827357101985 28.1 28.201730378 28.308873218 -9999 -9999 -9999 -9999 -9999 -9999 -9999 -9999 -9999 -9999 -9999 -9999 -9999 -9999 -9999 -9999 -9999
21.3696503810792 21.6304106067159 21.9905475570212 22.2559035876946 22.5170667836988 22.5875128038953 22.7061061053804 22.907045256 23.1528686674401 23.1249632228021 23.1919211992186 23.6708921353171 22.7292501987832 22.8362272794912 23.2093737140491 22.1201383529344 22.0636185969175 23.4032519560383 24.0012745390845 24.353458129119 24.6713065760001 24.8568598792272 25.0849864264085 25.4879347593901 24.7454233579965 24.5556229575179 25.9302811735284 26.3188790249147 26.5696495668222 26.7514033270273 26.944526506 27.1723503945625 27.3720469992852 27.5160228661523 27.635653048 27.7650092557421 27.960603716 28.087444698 28.1658678008733 28.2701622669216 -9999 -9999 -9999 -9999 -9999 -9999 -9999 -9999 -9999 -9999 -9999 -9999 -9999 -9999 -9999 -9999 -9999 -9999
21.5588764784625 21.7747692520001 22.1197551092131 22.3402223958985 22.5405227711115 22.6452031467263 22.742796368 22.8107554051963 22.6325359883226 22.8684028779227 22.9596434038302 23.9732857347878 23.7790369368188 23.8757041154295 24.0481787281296 23.5791301895199 23.6817938534081 24.1226583006461 24.1949109246173 24.553400444 24.8088125460001 25.0061104341306 25.2758193339684 25.633283880388 25.5517319244385 25.7467915691105 26.2945266260001 26.5050932751572 26.6820961770052 26.8606494368328 27.0709490106592 27.0864724924754 27.252558918692 27.5272964061837 27.7167032080216 27.849938728 27.975727892303 28.087444698 28.1219635006274 28.2245488692103 -9999 -9999 -9999 -9999 -9999 -9999 -9999 -9999 -9999 -9999 -9999 -9999 -9999 -9999 -9999 -9999 -9999 -9999
21.874927268 22.0221162910675 22.258813146 22.3982598211858 22.4243944721225 22.540437127348 22.7374969708184 22.6772053674224 22.4457290875184 22.6623355340001 23.1121107248003 23.5719500468066 22.9961179626679 22.3700065037831 24.4054453312357 24.567546543739 24.2092565208646 24.371150516951 24.4962944386098 24.3986083784631 24.412420086 24.8722942254988 25.3243753123452 25.6623348140001 25.9533487285719 26.0733151932437 26.4165631304537 26.7703589603028 26.8715684988324 26.9748284840001 27.18392255 27.1019157924211 27.2503355450494 27.601669226 27.7605524460099 27.873159018 27.980301858 28.087444698 28.1 -9999 -9999 -9999 -9999 -9999 -9999 -9999 -9999 -9999 -9999 -9999 -9999 -9999 -9999 -9999 -9999 -9999 -9999 -9999
21.741028838 21.8508790844427 22.001694426 22.12680383 22.12680383 22.2981651379696 22.5499025360001 22.0051893487697 21.2541686276058 22.1041107054375 22.88988703497 23.3843635487074 22.0356053798226 22.8701728120292 24.7677421506164 24.7347932490017 24.5676071298966 24.581163679587 24.4543609347616 23.6087884372861 24.0809016752207 24.8878408007624 25.3212083920001 25.5030706663501 25.3709489093598 25.3813967160934 25.9882475311343 26.5246812591863 27.0332453086807 27.2089128751132 27.29106539 27.2830979232991 27.3905229207421 27.6713599108558 27.857081568 27.8976018629381 27.907174657835 27.996379308 28.0950711203711 -9999 -9999 -9999 -9999 -9999 -9999 -9999 -9999 -9999 -9999 -9999 -9999 -9999 -9999 -9999 -9999 -9999 -9999 -9999
21.5794620861748 21.446399245055 21.495964309152 21.80537531 21.8561793878555 22.1380239285913 22.3689912946731 21.0985102254355 19.5844120752092 21.4962209259448 23.0266425156194 23.7719695850167 22.7454352151556 24.4998981573211 25.2610661656385 25.3673346301029 25.0174928926315 24.7632577337399 24.4956116281557 24.4423135004807 24.4272156923376 24.8399173967259 24.7691655083092 23.9412060696555 24.5702143597012 24.1199876828588 24.2439857747909 26.496097788 27.0463182760001 27.2600610142488 27.4349821229845 27.49641646 27.5998774560001 27.7573995476166 27.8011828580725 27.8736399466632 27.9 27.9015668078653 28.0892720548704 -9999 -9999 -9999 -9999 -9999 -9999 -9999 -9999 -9999 -9999 -9999 -9999 -9999 -9999 -9999 -9999 -9999 -9999 -9999
21.0355262293708 20.7030485634787 21.1745206258923 21.4345867670478 21.4794747668445 21.8698144307873 22.0107605895812 20.2540862955967 18.7380785619999 20.8730655806282 22.2309244537809 23.4292198537303 22.0167128388345 24.0525360435997 25.3658821620001 25.6142617068967 25.4117204490605 25.1781659541675 24.9667201679943 22.806021780816 21.8402931028643 23.4547926740367 22.5421200878367 23.3003487750936 23.8356329539678 23.3347309637421 25.7260570940005 26.9578939906826 27.228510208 27.335653048 27.442795888 27.5921404692091 27.7027681351593 27.7610740544723 27.8035325718961 27.8745952977355 27.9760048493671 27.9993281570013 28.094587538 -9999 -9999 -9999 -9999 -9999 -9999 -9999 -9999 -9999 -9999 -9999 -9999 -9999 -9999 -9999 -9999 -9999 -9999 -9999
20.5255456445121 20.2905714161698 20.863865057494 21.0093368378323 20.9922908503332 21.3678874538345 21.5045382026578 20.3718457330192 19.1092912575128 21.086129450001 22.0857516096794 22.4224255421776 21.006367541944 22.9407628104008 24.781246108595 25.1636396212246 25.212371846 25.421086754153 25.3309912516961 22.6035284630588 21.922294836848 23.1274992714883 23.9546245347391 24.4388422264945 23.0096469438937 23.2689027787235 25.8811991495697 27.1340336578575 27.335653048 27.442795888 27.549938728 27.6515108261384 27.7452673361373 27.78750609 27.8452742661353 27.87501218 27.8950778637337 27.987444698 -9999 -9999 -9999 -9999 -9999 -9999 -9999 -9999 -9999 -9999 -9999 -9999 -9999 -9999 -9999 -9999 -9999 -9999 -9999 -9999
20.0378327225884 19.7104225400002 20.313674296445 20.6938755299436 20.6891882280001 20.9855827221757 20.7781718831914 19.9942459972351 19.4515036831445 21.0937838932461 22.1180858615015 20.7178311649746 21.9683619271891 24.3595572305773 24.3286926724062 25.2681877680346 25.5387311311464 25.6488389417579 25.6080562024711 25.3013635147046 25.1473799579232 25.2325570029766 25.5155852662291 24.8742228399406 22.6464294504179 24.0396448339187 25.9121321553072 27.1645405636025 27.4277068400313 27.549938728 27.6497286227014 27.7 27.689841811434 27.6688024398003 27.6866533636668 27.7143660534671 27.8644717908992 27.987444698 -9999 -9999 -9999 -9999 -9999 -9999 -9999 -9999 -9999 -9999 -9999 -9999 -9999 -9999 -9999 -9999 -9999 -9999 -9999 -9999
19.7189289542702 19.7064410717905 20.0826327653441 20.76886706291 20.9294488003772 21.4364256590993 21.3233144839141 21.1692120844418 22.054068061616 22.0189225035704 22.3046848595428 22.0273657923997 24.5257646550402 25.7236305416258 25.7393845751503 25.816138602 25.7664960860153 25.713998131096 25.7068974558385 25.1639659115798 24.7986572877808 25.2443022486789 25.7355946046059 26.0523540026393 26.0620352359391 26.5876015027854 27.0177469160001 27.232032596 27.4463182760001 27.630301978 27.7100275687366 27.72677959 27.675049092 27.5994383290714 27.694692264198 27.826718198 27.9123565296652 27.9908069563989 -9999 -9999 -9999 -9999 -9999 -9999 -9999 -9999 -9999 -9999 -9999 -9999 -9999 -9999 -9999 -9999 -9999 -9999 -9999 -9999
