catData/variables/pastClimate/lgm_MIROCesm/bio11.asc
NCOLS 409 
NROWS 350 
XLLCORNER 60.897278365 
YLLCORNER 5.843756025 
CELLSIZE 0.0892857 
NODATA_value -9999 
[rows 286 to 311 of 350, columns 174 to 231 of 409]
16.819540686149 14.6064119659992 14.1971880809738 15.0574479498022 15.0442253084006 16.627385756497 19.7266331425026 21.1772325889846 21.6317739724144 21.3865082170679 21.2784901261945 22.0707194269066 22.2280589059924 22.1890115382171 22.2073624879999 21.8594185333105 21.7787798435885 21.8597131964876 21.8129126306134 21.1753401322832 20.5436040764463 20.4737637367465 20.8481006959304 20.8761409398816 21.3053539965357 21.6350598933592 21.8030100925786 21.83392243 21.8492254256234 21.9102791672757 21.93392243 21.889334772 21.7997401739727 21.76784486 21.8114667462293 21.83392243 21.8066820884312 21.8 -9999 -9999 -9999 -9999 -9999 -9999 -9999 -9999 -9999 -9999 -9999 -9999 -9999 -9999 -9999 -9999 -9999 -9999 -9999 -9999
15.2998616419745 10.4804797003317 10.0502791716439 10.4338950730307 11.6221823927316 14.7545262351373 19.6466549939261 21.7406646653879 21.990082899916 22.105314638 22.0401838100413 22.079245829511 22.2215134680427 22.2786664337231 22.308513950212 21.9912129563623 21.8452639538307 21.9713063360001 21.9694250604654 21.8506048767069 20.984099816967 19.4939627492396 20.3966998699063 20.4611766107626 20.5027716728453 21.6269662980913 21.846294818514 21.9 21.9095103625494 21.958923658919 22 21.9371022998556 21.85893473 21.8831112252077 21.9 21.9 21.8526743168027 21.84106527 21.8968101801339 -9999 -9999 -9999 -9999 -9999 -9999 -9999 -9999 -9999 -9999 -9999 -9999 -9999 -9999 -9999 -9999 -9999 -9999 -9999
14.9921354195782 10.0201633479975 10.4744916071947 11.8263862291924 15.3843468906711 19.4697714030083 21.4633604694333 21.6702040827287 21.7254762165644 21.8006651804001 21.7547888112928 21.8062110820714 21.968527210093 22.151633394 22.4019238176862 22.3201176925858 22.1265727752498 22.1640970330855 22.1715389609211 22.0106346832432 20.7162579026669 17.7672035125632 19.827361598043 20.1818592954027 19.4530841447689 20.8043776761242 21.7682088491804 21.9 21.9119945552779 21.9663999008864 21.9819485609493 21.862616574 21.8016684807588 21.8786997244563 21.9318251517081 21.94820811 21.94820811 21.94820811 21.94820811 -9999 -9999 -9999 -9999 -9999 -9999 -9999 -9999 -9999 -9999 -9999 -9999 -9999 -9999 -9999 -9999 -9999 -9999 -9999
13.2500939825547 10.9047253655277 13.4812008885869 16.9436090724466 19.7173159284727 21.3247811727931 21.6115001840837 21.5359520874747 21.580302338 21.6484017367522 21.6975836014508 21.8114747116539 21.8681866698569 22.0391843080599 22.290967806 22.4343623106022 22.3525306466689 22.299938848 22.251889474 22.129064456722 21.0768499044426 18.4438244775827 20.7174364467587 21.3767664620001 20.4891924458967 20.4943842529461 21.6266203740001 21.9088651730978 21.9425321471052 21.9135295453082 21.907204232 21.8048331185715 21.8301786239173 21.9325869518797 22.0213671280001 22.05535095 22.0109031087293 22 22.1047102017292 -9999 -9999 -9999 -9999 -9999 -9999 -9999 -9999 -9999 -9999 -9999 -9999 -9999 -9999 -9999 -9999 -9999 -9999 -9999
13.8877665627547 15.3454319082073 18.3079705735624 19.7254672488343 19.9643249879499 20.7337564513465 21.4107958376156 21.5457201430452 21.642796128 21.8045867739045 21.82498758 21.9635754687637 22.033861278 22.137001972754 22.246318756 22.4492392224823 22.5110045099119 22.4417108106585 22.3913608127711 22.32498758 21.8215508984564 21.0227676680213 21.8688757103295 22.037542642 21.859447220698 21.6646080273283 21.7974656633753 21.916016298 22.0057869081351 22.0060507255028 21.9484496579268 21.92498758 21.976718078 22.0470687377843 22.0872539563547 22.1 22.0698818165046 22.06249379 22.1925575286361 -9999 -9999 -9999 -9999 -9999 -9999 -9999 -9999 -9999 -9999 -9999 -9999 -9999 -9999 -9999 -9999 -9999 -9999 -9999
19.7280640520787 19.6547474098483 19.0821356756901 18.6579868789273 19.6319666183956 20.8605447055023 21.4217148281303 21.6241053069321 21.6940191260056 21.7531026058866 21.76072674 21.862457598 21.969600438 22.0941868719176 22.2998279756319 22.4606044360001 22.562554942 22.5 22.5203163472347 22.4982756843204 22.3376037939999 22.2474230138042 22.2636556831335 22.2430853999288 22.0788177410089 22.137542642 22.03927326 22.0441363478221 22.0766685247598 22.1119005746051 22.1131979506352 22.06963663 22.121367128 22.1286392214483 22.1 22.1509454746763 22.1137171222614 22.1 22.3921902595895 -9999 -9999 -9999 -9999 -9999 -9999 -9999 -9999 -9999 -9999 -9999 -9999 -9999 -9999 -9999 -9999 -9999 -9999 -9999
22.8250774759089 20.998907158673 18.0609625083954 19.6741533264327 20.9365103653159 21.3783107117126 21.5609972457518 21.5545840415428 21.484785350486 21.536801534209 21.6190652389039 21.8030598015989 21.985653168 22.1002342580225 22.246379908 22.3605590836214 22.4664962361472 22.5342343517686 22.5887916215365 22.5863292431584 22.5461207457068 22.53033841 22.4686828847567 22.3864191800618 22.187603914 22.275048852 22.17677947 22.17677947 22.194560933413 22.2373295217842 22.1913051148029 22.17677947 22.1887915658073 22.1863292988877 22.17677947 22.1937673817224 22.1813534829726 22.17677947 22.555129622 -9999 -9999 -9999 -9999 -9999 -9999 -9999 -9999 -9999 -9999 -9999 -9999 -9999 -9999 -9999 -9999 -9999 -9999 -9999
23.1428753044127 22.3122614820569 20.7411788278245 20.4506171439015 21.369562012741 22.1676197498476 21.9104426481079 21.633287981294 21.5710115490336 21.655289798 21.762432638 21.8888366020165 22.1841653303441 22.3543420193284 22.3715681130008 22.414224528 22.521367368 22.5162526260538 22.4755690103097 22.4666696233627 22.43215538 22.43215538 22.4192446576201 22.4020185639477 22.3695849405505 22.3836440666029 22.36784462 22.36784462 22.3521323908286 22.2951281419133 22.28392231 22.28392231 22.28392231 22.2345144447763 22.2554023015513 22.28392231 22.28392231 22.28392231 22.5828924151383 -9999 -9999 -9999 -9999 -9999 -9999 -9999 -9999 -9999 -9999 -9999 -9999 -9999 -9999 -9999 -9999 -9999 -9999 -9999
23.2637669777422 23.1407056999766 23.0632743734999 23.1319997930078 23.2166214850446 22.8889703159654 22.3942954786326 21.9757611408141 21.87319545 21.9606406280001 22.067783468 22.1752356071321 22.2926508532115 22.30893485 22.3300249723148 22.4578969782751 22.5603114115294 22.4197590539999 22.3135569138442 22.3126094341161 22.30893485 22.30893485 22.3820620759969 22.4 22.4 22.4 22.3919193721621 22.30893485 22.3068656157584 22.3 22.3 22.3 22.3 22.2947397555597 22.29696359648 22.3 22.3 22.3 22.411490047278 -9999 -9999 -9999 -9999 -9999 -9999 -9999 -9999 -9999 -9999 -9999 -9999 -9999 -9999 -9999 -9999 -9999 -9999 -9999
23.2995849773295 23.29820799 23.335653288 23.4435951518918 23.4473419977011 23.1606026685881 22.6008900722259 22.03372152552 21.9788633120728 21.9997750163343 22.0016950267414 22.201730858 22.2912853195555 22.1860624899626 22.126743398 22.264188456 22.4029130008161 22.3126162139999 22.150988291998 22.10358402 22.10358402 22.0317357832192 22.1645412043736 22.2894619359666 22.30179201 22.30179201 22.3016329967453 22.2842707156618 22.20179201 22.20179201 22.238565813117 22.3437886427099 22.39820799 22.39820799 22.39820799 22.39820799 22.39820799 22.39820799 22.3999030081397 -9999 -9999 -9999 -9999 -9999 -9999 -9999 -9999 -9999 -9999 -9999 -9999 -9999 -9999 -9999 -9999 -9999 -9999 -9999
23.3095855915757 23.378434839866 23.2810318428308 23.2514482981101 23.2451789731826 23.0026235714098 22.6270500988586 22.0659999134673 21.9021079768152 21.904679042818 22.1789923959129 22.2928256967309 22.1808994584947 22.0643301294405 21.9723505261084 22.1356661541714 22.076893737397 22.1559912867549 21.6290725279998 21.3681196789263 21.7533640120001 22.035616856 22.169600438 22.198656399952 22.2895265467984 22.2 22.1920761493054 22.1098446551217 22.128509968 22.235652808 22.342795648 22.40535083 22.40535083 22.40535083 22.4678345945428 22.5039146146828 22.50535083 22.50535083 22.50535083 -9999 -9999 -9999 -9999 -9999 -9999 -9999 -9999 -9999 -9999 -9999 -9999 -9999 -9999 -9999 -9999 -9999 -9999 -9999
22.9338879340305 22.697507580598 20.8827391063559 19.8516081670751 21.2833976046647 22.2584678409252 22.1073566501863 21.8221388565073 21.7349524133439 21.9545602536131 22.082094348 22.1842608616867 21.9966740483652 21.9465105627748 21.9059832018296 22.0348665384784 22.1076569120222 22.159313300836 21.560275628777 21.2015226010274 21.5015973220001 21.8112709948069 21.9753801162544 22.1748898760001 22.2 22.2002162177019 22.2202585074399 22.2859847254183 22.235652808 22.342795648 22.445260256007 22.5055706348513 22.51249367 22.51249367 22.51249367 22.585652688 22.6024610208576 22.6 22.6 -9999 -9999 -9999 -9999 -9999 -9999 -9999 -9999 -9999 -9999 -9999 -9999 -9999 -9999 -9999 -9999 -9999 -9999 -9999
22.1396373436591 20.7565133354937 19.1558043679604 19.9869113904055 19.838080612004 19.2628489943902 18.7196040310028 18.3888807507331 19.901360968317 21.456717338633 21.5896603787062 21.8399355910616 21.4960710865259 20.673346463204 20.4858490876536 21.5368189253559 22.072467918324 22.0715511839999 21.7122314015403 21.0798091600313 21.0770289925223 21.5854328000001 21.9447742744961 22.1748898760001 22.2185737384858 22.221367128 22.3178940725325 22.3 22.323159138 22.430301978 22.5073528554311 22.564224168 22.6094784455872 22.6115606689037 22.61963651 22.6784296501145 22.6354666243763 22.61963651 22.6382102013581 -9999 -9999 -9999 -9999 -9999 -9999 -9999 -9999 -9999 -9999 -9999 -9999 -9999 -9999 -9999 -9999 -9999 -9999 -9999
22.9181233496286 21.7532217712861 20.8475739803602 20.1788037100643 19.4778877420576 17.7585850733665 15.1688620868621 13.6808884179999 18.0323461715469 19.6993723030548 18.1708971296703 19.1006910077399 18.2333077105869 16.6395001476848 18.1933417940004 20.6008239548887 21.9756103331628 21.7472494525261 21.528446074933 20.9206308399189 21.1103137339708 21.7069511924856 21.9658791661193 22.1748898760001 22.2692577858722 22.328509968 22.4202821463749 22.3492696395015 22.349938488 22.457081328 22.564224168 22.671367008 22.6889019431162 22.6966661407603 22.72677935 22.72677935 22.72677935 22.72677935 22.7960369601426 -9999 -9999 -9999 -9999 -9999 -9999 -9999 -9999 -9999 -9999 -9999 -9999 -9999 -9999 -9999 -9999 -9999 -9999 -9999
23.4744752864849 22.9883761406223 22.1655770947373 21.3314115937879 19.8544194836016 17.9678654007709 14.7871801096226 13.274602176719 15.9518208397518 15.9035100262912 12.4759753954114 13.8889150747272 15.8796508230433 17.205814154772 19.6081894190889 21.3206889166094 21.4415500072701 20.4973208244295 20.8686655464914 20.837594752724 21.3533431015683 21.9303493114987 22.0820686680001 22.2469932079863 22.26784438 22.401730618 22.5 22.494849860077 22.4831474312053 22.564224168 22.671367008 22.7936349580634 -9999 -9999 -9999 23.0101401832643 -9999 23.0077921733996 -9999 -9999 -9999 -9999 -9999 -9999 -9999 -9999 -9999 -9999 -9999 -9999 -9999 -9999 -9999 -9999 -9999 -9999 -9999 -9999
23.84106503 23.6749212981527 23.3503000148563 23.1685190932614 21.7091116678095 18.8035294067848 14.6530020548875 13.2058106207783 12.8440092791903 12.4739912450057 12.5029097110115 15.3077220081479 19.9131638135928 20.9703208287882 21.8745560822885 22.2767150718247 21.397616989229 19.9371042644796 20.579046463369 21.4052135735801 21.8211909652832 22.1953820997365 22.362432158 22.4336657079769 22.479907529412 22.4420849691991 22.5036438881897 22.557081328 22.64106503 22.671367008 22.778509848 22.893620475732 -9999 -9999 -9999 -9999 -9999 -9999 -9999 -9999 -9999 -9999 -9999 -9999 -9999 -9999 -9999 -9999 -9999 -9999 -9999 -9999 -9999 -9999 -9999 -9999 -9999 -9999
23.8629568885379 23.959518797119 24.0576283051619 23.6146313843973 22.0139587850078 19.1495929613906 16.0429934653398 14.156481629115 13.6072920581301 16.0692349864562 17.679913206964 20.1001688487354 22.334420238388 22.1642428501895 22.0924895398734 22.3967024018606 22.3615605917027 21.9503368318071 21.9410419185995 21.8992144916796 22.0332759511597 22.378700910052 22.528509968 22.54820787 22.642795648 22.5490421640756 22.605289198 22.7047109218814 22.74820787 22.778509848 22.8676013388168 22.9214947602047 -9999 -9999 -9999 -9999 -9999 -9999 -9999 -9999 -9999 -9999 -9999 -9999 -9999 -9999 -9999 -9999 -9999 -9999 -9999 -9999 -9999 -9999 -9999 -9999 -9999 -9999
23.878510328 24.0294854583496 24.2207262383046 24.0021365737526 22.2851826147736 20.182936367075 18.9010167122914 17.2501967675756 16.168246831245 19.5577906872101 21.3564299304553 21.7627808896951 22.2696519606149 21.9574939710007 21.6176260869277 22.4713058560001 22.6441393250742 22.6402754603512 22.56605213 22.5397654954254 22.5803545638409 22.61070142 22.6021079552242 22.6484013940421 22.6975834813038 22.7114741286496 22.764224168 22.85535071 22.85535071 22.868880328033 22.9414519452424 -9999 -9999 -9999 -9999 -9999 -9999 -9999 -9999 -9999 -9999 -9999 -9999 -9999 -9999 -9999 -9999 -9999 -9999 -9999 -9999 -9999 -9999 -9999 -9999 -9999 -9999 -9999
23.923159618 24.0227307525171 24.1358590940283 24.0758773256848 22.7175022374168 20.9015776933349 19.9666717971753 18.9177940411613 17.9198238282444 20.7121110841094 21.9887930268346 22.0641961539033 21.4534010302753 21.5615911761161 22.1207364567691 22.7291481542431 22.8249871 22.7971225396694 22.76249355 22.76249355 22.76249355 22.76249355 22.682191452 22.749938488 22.76249355 22.86249355 22.8658216690881 22.9100091531988 22.96249355 23.0003671135449 -9999 -9999 -9999 -9999 -9999 -9999 -9999 -9999 -9999 -9999 -9999 -9999 -9999 -9999 -9999 -9999 -9999 -9999 -9999 -9999 -9999 -9999 -9999 -9999 -9999 -9999 -9999 -9999
23.976668486087 24 23.9966639347442 23.4401434419426 22.0247306671359 20.3420539739996 19.3847237842894 18.8703245993972 18.5840674776128 21.1216138584949 21.774854884 21.4412692913539 21.3377271063198 21.4511588834648 22.6692919724288 22.899938608 22.96963639 22.9560978945441 22.9032493615364 22.86963639 22.9156078403025 22.888327313778 22.8452537741415 22.8658242199391 22.86963639 22.96963639 22.96963639 22.985652688 23.06963639 23.1724427531557 -9999 -9999 -9999 -9999 -9999 -9999 -9999 -9999 -9999 23.2005254052275 23.23036361 23.214347552 23.146490630531 -9999 -9999 -9999 -9999 -9999 -9999 -9999 -9999 -9999 -9999 -9999 -9999 -9999 -9999 -9999
24.07677923 24.1000452239235 24.1736135849512 23.870285431305 21.9571064892423 19.5616904839996 19.019304987789 18.2456490156371 18.8570404518261 21.3106364873199 19.4448873796492 20.8954177751104 21.0263298399937 21.0470495281566 22.1151263312144 23.007081448 23.07677923 23.07677923 23.0647669543097 23.0083557801382 22.992108750586 22.9830118569661 22.97677923 23.0439187800704 23.05355846 23.07677923 23.0835922027268 23.1572775677211 23.2123420456621 -9999 -9999 -9999 -9999 -9999 -9999 -9999 -9999 -9999 23.1 23.12322077 23.12322077 23.1195017180087 23.1053776744391 23.160558804887 -9999 -9999 -9999 -9999 -9999 -9999 -9999 -9999 -9999 -9999 -9999 -9999 -9999 -9999
24.1194360308297 24.1887940779855 24.1431706904022 23.9749702535362 22.9065155542388 19.7090531284048 18.5428197798155 18.2926514341088 19.5263195729241 19.2688454772739 16.8851511234204 19.4967446064217 21.8048169124718 22.5528080630723 23.0143186295827 23.231207930797 23.18392207 23.18392207 23.18392207 23.1744564173407 23.16784414 23.1064473762898 23.08392207 23.0979814059202 23.1793800212646 23.18392207 23.1853487383658 23.213441208819 -9999 -9999 -9999 -9999 -9999 -9999 -9999 -9999 -9999 -9999 -9999 23.0175300990364 23.1 23.1 23.1 23.130301738 23.2 -9999 -9999 -9999 -9999 -9999 -9999 -9999 -9999 -9999 -9999 -9999 -9999 -9999
24.123159618 24.2 24.1592089309229 24.0870809197404 23.8197393946938 22.115602353505 20.0553732911819 18.9539188069695 18.6561592556204 17.6565027812896 16.7188156513997 18.7882562074405 21.415136337877 23.0316105260852 23.314224288 23.3883573795497 23.38212982 23.3009219616308 23.2471085500021 23.3446780808195 23.3220120283631 23.217905652 23.19106491 23.19106491 23.1995164130933 23.2015759857242 23.29106491 23.307081208 -9999 -9999 -9999 -9999 -9999 -9999 -9999 -9999 -9999 -9999 -9999 -9999 -9999 -9999 -9999 23.130301738 23.2 23.2 -9999 -9999 -9999 -9999 -9999 -9999 -9999 -9999 -9999 -9999 -9999 -9999
24.123159618 24.2 24.1993288866466 24.0668407287098 23.6966605879999 23.1324037699472 21.6848164059996 19.4819641094404 17.553217065139 17.5495714189596 18.3276908377111 22.7340926293531 23.1757323584911 23.3112139008046 23.3986228239522 23.4297591264979 23.49820775 23.4528207253981 23.3465390503036 23.3010551617017 23.3654423094968 23.3968965531985 23.3964155 23.3105377939013 23.29820775 23.2982387670011 23.308714423449 23.3984948021009 -9999 -9999 -9999 -9999 -9999 -9999 -9999 -9999 -9999 -9999 -9999 -9999 -9999 -9999 23.1995849346506 23.1987508328993 23.2 23.2 -9999 -9999 -9999 -9999 -9999 -9999 -9999 -9999 -9999 -9999 -9999 -9999
24.123159618 24.230302458 24.262554702 24.1084379955469 23.7442982576072 22.9219629999998 22.3398127762858 20.2687093144316 17.4288368192681 16.8419713337982 21.3976334891617 23.208719694885 23.408873698 23.5008569792806 23.50535059 23.5340314605539 23.6020035315288 23.5631484076116 23.458970442 23.41070118 23.41070118 23.4799459860574 23.425048492 23.40535059 23.40535059 23.4052579917264 23.4 23.3848406684392 23.3272705774781 -9999 -9999 -9999 -9999 -9999 -9999 -9999 -9999 -9999 -9999 -9999 23.291601551515 23.2044936364023 23.1987608623195 23.164347672 23.09464941 23.1368511380713 23.18929882 23.1924488780943 23.2641975901771 -9999 -9999 -9999 -9999 -9999 -9999 -9999 -9999 -9999
24.123159618 24.230302458 24.262554702 24.0718061738093 23.8025685004752 23.1259725384801 21.8667703059996 19.3856225940385 17.4028373177496 17.5262090655273 22.4587589501936 23.301730858 23.408873698 23.5140155230366 23.58750657 23.5912923563943 23.6327668858903 23.6986476856502 23.660762692 23.61249343 23.61249343 23.61249343 23.532191332 23.51249343 23.51249343 23.510762812 23.41249343 23.41249343 23.41249343 23.4200649428201 -9999 -9999 23.4120610328874 -9999 -9999 -9999 -9999 -9999 -9999 -9999 23.3102762914408 23.271490512 23.1672410127104 23.069698262 23 23 23 23.058873098 23.2237842209972 23.3149266921549 -9999 -9999 -9999 -9999 -9999 -9999 -9999 -9999
