catData/variables/pastClimate/lgm_MIROCesm/bio11.asc
NCOLS 409 
NROWS 350 
XLLCORNER 60.897278365 
YLLCORNER 5.843756025 
CELLSIZE 0.0892857 
NODATA_value -9999 
[rows 104 to 129 of 350, columns 0 to 57 of 409]
-9999 -9999 -9999 -9999 -9999 -9999 -9999 -9999 -9999 -9999 -9999 -9999 -9999 -9999 -9999 -9999 -9999 -9999 -9999 -9999 -9999 10.294602898 10.3770022189301 10.442814128 10.5157742644414 10.5321489 10.5097514900473 10.4498818697083 10.2987828494639 10.26607445 10.1089835349751 9.99826650199998 9.88525867048635 9.72849095575802 9.68469582399759 9.62364446024678 9.57525663950883 9.53392555 9.49882388395984 9.46607445 9.42245272053131 9.326838102 9.2182685278723 9.19822334999999 9.009042514 8.42636110869049 8.08015575960976 7.76079943271734 6.84306559115232 5.81349176166808 4.91902567635002 4.64609974443139 4.99488156280247 5.49660193335442 5.56673380866998 5.41324573205935 5.37248120972746 5.95564542562328
-9999 -9999 -9999 -9999 -9999 -9999 -9999 -9999 -9999 -9999 -9999 -9999 -9999 -9999 -9999 -9999 -9999 -9999 -9999 -9999 -9999 9.90709992800002 10.014242768 10.1030728933869 10.1662138939987 10.2188376633896 10.2239332675558 10.1878167078338 10.1294698135545 10.0819498090573 10.021051032331 9.91684164171928 9.850055272 9.74949125049583 9.69048773211588 9.628626752 9.54355244333934 9.51786322000001 9.41439646400001 9.24532467552352 9.08620619314492 8.7769441103878 8.60795925095161 8.76888266189299 8.52778369046629 7.87740031991384 7.13764497036978 6.34847492152195 5.54740189123974 4.89491257424952 4.31737949257915 4.56697983857608 5.12098004687306 5.64182010826139 5.73360017859848 5.78677844384836 6.24336245527862 6.61970187129885
-9999 -9999 -9999 -9999 -9999 -9999 -9999 -9999 -9999 -9999 -9999 -9999 -9999 -9999 -9999 -9999 -9999 -9999 -9999 -9999 -9999 9.5710609475015 9.644603018 9.68565731745962 9.65894385 9.74620537258225 9.84134566239684 9.8563264452482 9.73921825706489 9.79192347666386 9.80357754 9.65536631 9.64221058027124 9.50715508 9.49515975577062 9.41045110720844 9.26970738199999 9.12116449266629 8.76119561687391 8.23487433049881 7.92726462748104 7.78438773500575 7.83496644212387 7.8288491174509 7.03625227218057 6.03245593200506 5.22435893434889 5.11258567138464 5.08439463780894 4.78873005725381 4.5825227013668 4.89145208388537 5.32507793296821 5.83132315950506 6.2897552147571 6.316105722 6.61910414861331 5.68504504245455
-9999 -9999 -9999 -9999 -9999 -9999 -9999 -9999 -9999 -9999 -9999 -9999 -9999 -9999 -9999 -9999 -9999 -9999 -9999 -9999 -9999 9.17858371999999 9.17457374237183 9.14796761246764 9.09459298687873 9.15303798022515 9.28561024685686 9.43689000908201 9.37102500720679 9.51017753122163 9.53393778999999 9.49424262982173 9.15994973269989 9.0608491859929 8.96787557999999 8.9240408363107 8.78578195199998 8.5448674979999 8.05254527735742 7.58340877155039 7.31542230010667 7.17568458944525 6.61303600936978 5.86071340492107 5.27486193270217 4.75724149731264 4.90181511849909 5.2966361067698 5.26481980480729 4.87229140615619 4.81461918571815 5.38806454908694 5.35852022004799 5.6594179741507 6.4736641881868 6.58634038661752 6.35823957978354 4.64007236082727
-9999 -9999 -9999 -9999 -9999 -9999 -9999 -9999 -9999 -9999 -9999 -9999 -9999 -9999 -9999 -9999 -9999 -9999 -9999 -9999 -9999 8.4564675598225 8.46257678200002 8.42789257839499 8.41078801200002 8.38460212103258 8.49080329474635 8.59240393492016 8.86347463913096 9.06711854211246 8.85105049640536 9.05320402468483 8.52501854000002 8.51300316651482 8.3921101778254 8.16971986200002 7.96896240553547 7.71101347001189 7.57198502137726 7.20786433015078 6.50089853043323 5.70713329090537 5.30172155150391 5.15160411131822 5.29118487640605 5.4299524845384 5.69695302412855 5.46942359347037 5.02854854044887 4.90909474907146 5.52773865276453 5.69917961431176 4.94131873330401 5.51853065680526 6.49307676638893 6.39973222289049 6.06155026952299 6.07644346343585
-9999 -9999 -9999 -9999 -9999 -9999 -9999 -9999 -9999 -9999 -9999 -9999 -9999 -9999 -9999 -9999 -9999 -9999 -9999 -9999 -9999 7.39169880903107 7.27471776119327 7.04542265271093 6.82269655751765 6.66620358183991 7.34724398510552 8.37487083997213 9.01936339000008 8.92734348498604 8.521637368 8.16216035265296 7.52778129040763 7.52010157755627 7.73600364943009 7.51516932404716 7.42992074326792 7.01899460287879 6.5389596562597 5.96627397707388 5.60986299637905 5.50551245748702 5.62546367643733 5.7976641845995 5.94114680538085 5.93618461184774 5.71285352308608 5.20827960025513 5.28857945242148 5.93649056386346 6.13903746267443 5.27240006363952 4.54237984958496 5.97895887355729 6.44550087868568 6.34806122954349 6.91939647375158 7.76292453774073
-9999 -9999 -9999 -9999 -9999 -9999 -9999 -9999 -9999 -9999 -9999 -9999 -9999 -9999 -9999 -9999 -9999 -9999 -9999 -9999 -9999 -9999 6.29267106260398 6.11485003574688 6.36929084860776 6.92231205487937 7.81328029476642 8.61596223835382 8.58492246992664 7.84665933020542 7.44252767511041 7.44048022061998 7.51188498642712 7.55469185164424 7.43594695868327 7.0208936970542 6.52487668316037 5.98989399997121 5.699024533706 5.77258342859561 5.97740574062606 6.14461262364489 6.2025576302709 6.16028890743866 5.9576397066711 5.76445245599992 5.51180981309473 6.0221262054345 6.48767465457714 6.62817883304998 6.15160840957526 5.16434573323788 5.71380209489347 7.08329077089058 6.30788457226077 6.92191634259074 8.14765347000019 8.08386355296804
-9999 -9999 -9999 -9999 -9999 -9999 -9999 -9999 -9999 -9999 -9999 -9999 -9999 -9999 -9999 -9999 -9999 -9999 -9999 -9999 -9999 -9999 -9999 -9999 -9999 -9999 -9999 9.17553300434521 9.08768745239157 8.63525329441048 8.29118404599996 8.21965115009668 7.97635695415669 7.43288996390516 6.80043509479676 6.42480178871174 6.31710094828638 6.16052814177906 6.26655427794 6.44259738462729 6.52477713938309 6.42465930552201 6.18173713996933 5.82452929441675 5.49660159600003 5.88010681675428 6.60871828693135 6.99766664760824 7.18074990643566 6.96086243599999 6.34587376984936 6.32870635670458 7.48806080258207 6.97301403934216 5.54760781843687 7.66921697736077 8.60139939692989 7.63497264535951
-9999 -9999 -9999 -9999 -9999 -9999 -9999 -9999 -9999 -9999 -9999 -9999 -9999 -9999 -9999 -9999 -9999 -9999 -9999 -9999 -9999 -9999 -9999 -9999 -9999 -9999 9.16778794033574 9.182093868 9.27489146037697 9.18018864301604 8.88050110600001 8.48428910936085 8.06290902691189 7.62835584709128 7.29387927726905 7.14991928800003 7.17882200472345 7.07405757491942 6.99067483892854 6.8533649084779 6.60176929802725 6.29598065919224 5.83068497475063 5.78412159020751 6.45485744584207 6.99894787354871 7.35687129621581 7.48172278629104 7.52688125399997 7.14430149928647 6.85389371303201 7.6893001222358 7.63887772330703 5.81140727094882 6.29721743937417 8.65098498785334 8.58280893457437 7.44813218187746
-9999 -9999 -9999 -9999 -9999 -9999 -9999 -9999 -9999 -9999 -9999 -9999 -9999 -9999 -9999 -9999 -9999 -9999 -9999 -9999 -9999 -9999 -9999 -9999 -9999 -9999 9.10121575476002 9.173162138 9.28030497800001 9.29843565472858 9.10733767117811 8.98582404562759 8.66247885807716 8.33942023600001 8.04115373399999 7.79873167829711 7.52040783212474 7.26424595735039 6.9974586972257 6.6683904795523 6.24247144632656 6.1032292023686 6.48894694572403 6.92899727906579 7.17786686717137 7.19830412823711 7.20373656362951 7.30004749210005 7.63636146765217 7.07126723803342 7.62342218151736 8.42116771272828 6.77054702812084 6.13971263406627 8.54127849580069 9.36899242401114 8.18291982367112 7.89173674646778
-9999 -9999 -9999 -9999 -9999 -9999 -9999 -9999 -9999 -9999 -9999 -9999 -9999 -9999 -9999 -9999 -9999 -9999 -9999 -9999 -9999 -9999 -9999 -9999 -9999 -9999 8.7427841882053 8.85566340228746 9.12055359563042 9.27539584290364 9.20483011506798 9.09127186461614 8.88272255869834 8.65558109843893 8.30323806086265 7.82303837283466 7.2014003171353 6.71383469621841 6.59696354042569 6.63117324345276 6.68218492593264 6.84528054168608 6.97065131247987 6.98461020039768 6.88934773200001 6.79891632636682 6.78598201951128 7.31168779634475 7.45592832998679 7.72507878181281 8.59562252422411 8.05482357789611 6.50245110844533 8.04868720806247 9.78053319389913 8.92977554070367 7.63764505138921 8.63564269524738
-9999 -9999 -9999 -9999 -9999 -9999 -9999 -9999 -9999 -9999 -9999 -9999 -9999 -9999 -9999 -9999 -9999 -9999 -9999 -9999 -9999 -9999 -9999 -9999 -9999 8.38594589931569 8.46549948993896 8.65300633850926 8.84051318707961 9.10453968347491 9.22026023211012 9.02326008199998 8.91500798468045 8.74040843213753 8.29299789599995 7.96778224153594 7.6985001814633 7.52889955074385 7.31508749239144 7.09477003399997 6.89698488007644 6.77349704075308 6.78011938340374 6.74376819273098 6.7729283768734 7.00904857832561 7.4916819626545 7.09389725383164 6.81733524459698 7.62119908103649 9.21578853562679 8.77280533071853 8.75948067646506 10.0479369066958 10.1023127236323 8.13464864856477 7.7382413039025 8.84779615266705
-9999 -9999 -9999 -9999 -9999 -9999 -9999 -9999 -9999 -9999 -9999 -9999 -9999 -9999 -9999 -9999 -9999 -9999 -9999 -9999 -9999 10.4649635957633 10.2085930010683 9.8622373914399 9.54578357967838 9.47855852000001 9.46559257414421 9.45891889000001 9.44314728944922 9.42210483210173 9.41963963 9.23720530940673 9.101886954 8.89418213013527 8.67758788209273 8.26867889403353 7.81273179799995 7.2671002027473 6.77528059807711 6.59898181086597 6.60898063488279 6.59256938179549 6.78612777716873 7.16851766705268 8.06905406944672 8.47992014183261 8.54459454241693 8.32592578507194 8.14096979149846 9.30132110491135 9.58951938 9.54429845800015 10.2509131399847 10.9995079649524 10.1951361687564 8.6092594079961 8.63504131659734 9.13833740260376
-9999 -9999 -9999 -9999 -9999 -9999 -9999 -9999 -9999 -9999 -9999 -9999 -9999 -9999 -9999 -9999 -9999 11.5484873394388 11.2700500967614 11.32975841818 11.0619635399991 10.7004053455606 10.309166018 9.96977621399997 9.77303461960382 9.70863868970092 9.70667808804318 9.64121611701638 9.49633229871727 9.44890188886451 9.4971024892033 9.42238692683635 9.15784215656194 8.94021361954209 8.51882716461114 8.02756400901434 7.60168710344759 7.38103140692535 7.36915746644282 7.49563909230808 7.71526007117811 7.62677528614984 7.56209906854628 7.96204227390782 8.41660372902881 8.56542659269622 8.9862189253964 9.566783833585 9.88993175628996 10.5424036951021 10.470039361023 10.4608144852611 10.7062015256702 11.3006440722902 10.9334191888762 10.4926333186321 10.4548513175725 10.3373042149343
-9999 -9999 -9999 -9999 -9999 -9999 -9999 -9999 -9999 -9999 -9999 -9999 -9999 -9999 -9999 -9999 -9999 11.0911089479733 11.1440413370194 10.6779042926004 10.6607198888064 10.2652797908846 10.023386658 9.66886929433205 9.69537270684215 9.91987950889353 10.039801181481 9.80405103176174 9.51890028146383 9.67774098934477 9.7358341662123 9.69838215171098 9.39946277718314 9.3020646775919 9.06822612918246 8.90841004893532 8.83814221490309 8.86871615975285 8.92195975028006 8.87860095199998 8.61702282591435 8.37944985650808 8.03852383337755 7.67251208630402 8.14045521136794 8.38427020604732 9.05080730108876 10.5566471592496 11.03374866906 11.1247207520041 11.1162560262136 11.1812755755207 11.2375387286354 11.8059478296359 11.9412180019834 11.9756487556118 11.661772078219 11.1870644104772
-9999 -9999 -9999 -9999 -9999 -9999 -9999 -9999 -9999 -9999 -9999 -9999 -9999 -9999 -9999 -9999 11.7240005075079 10.6826480075102 10.8128508794716 10.8849963403198 11.4433982608588 11.4749541 11.386679049399 11.1420795811903 11.1950469306373 11.4023048997416 11.367866652 11.0281679331541 10.901676809645 10.9091095965242 10.5492162593731 10.4275236175589 10.3659680021956 10.2993684619004 10.0769228459999 9.76793997054071 9.64699336921382 9.72809639096834 9.54737766561446 9.09933004677427 8.5981294622319 8.17257957404048 7.93376847207155 7.80627176205286 9.16098202449912 9.9290839280282 10.7135197897961 11.2151909890275 11.4548369714634 11.455186454 11.6248251668869 11.6242160148085 11.9972566728542 12.467276140164 12.7102656787956 12.6009725236502 11.8613637318275 10.9794592158816
-9999 -9999 -9999 -9999 -9999 -9999 -9999 -9999 -9999 -9999 -9999 -9999 -9999 12.9556854192587 13.5915277730974 13.4845194830145 12.7269335706298 12.4715484174924 12.2706081192085 12.2218779539799 12.4271729718882 12.5556653377663 12.58926594 12.5661728175225 12.5393279691988 12.482178492 12.4386927663137 12.2885348980699 12.2367722381738 11.9298451167912 11.4583377226693 11.2358054569051 11.1193405007234 10.871533458911 10.6380689814546 10.2796430801797 10.242394836124 10.1355498125516 9.5150115161403 8.75550236286823 8.37010186725232 8.45323478195732 9.02793298844709 9.59385252183039 10.630043652593 11.0438098777948 11.1963559224041 11.2218744803891 11.6187881448525 11.8735281785859 11.9428514798531 12.1568504000001 12.6232944921092 12.944030053598 13.1424801137441 12.9354692876222 11.7999697869991 11.1854569682706
-9999 -9999 -9999 -9999 -9999 -9999 -9999 -9999 -9999 -9999 14.085509024 14.2565936406795 14.1641219869878 14.1397407996579 14.376898769913 13.8590287826363 13.3460458731256 13.2463138544592 12.7033457238959 12.3787096737799 12.369555366 12.5703109804283 12.7407712838171 12.7952807631004 12.6535683530394 12.4871178475286 12.4161617280358 12.4203571429858 12.609637158022 12.2477932264566 11.6538510519244 11.3236020841439 11.328794390187 11.1571942614425 11.0486619364097 10.7389363013675 10.2967224212813 9.80348977860053 9.36953536767066 9.56019951584374 10.0709872327976 10.4529915601378 10.9547044166099 11.2097062773391 11.211866139296 11.0730137232528 10.7698471475804 11.0315820108333 11.8091022631237 12.1535692156493 12.4472875842407 12.7329325302373 12.7967504650487 13.1886280683189 13.4438211231488 13.1143755166165 12.4429003669684 12.3666611444481
-9999 -9999 -9999 -9999 -9999 -9999 -9999 -9999 -9999 -9999 15.1258471799499 15.14998668 15.216006218 15.24998668 15.1596352872587 14.9625572778373 14.7600763668654 14.6660411595494 14.13023945034 13.7678812439999 13.6028176761595 13.5594022034585 13.4561790070653 13.3982818139999 13.0546689799179 12.6461321226721 12.1576450123483 11.9109970981476 12.4396053512828 11.8863638292869 10.5933379415702 10.2899269074755 10.4749733610115 10.9915203776228 11.0414609699096 10.9821879052947 10.5454032646582 10.4458907043105 10.590903486 11.0259945892807 11.4522858139232 11.5317010780824 11.5049225037955 11.2813927030174 10.9426007612219 11.1489029897275 11.126296594324 11.6551221715419 12.3693249060372 12.6151378691062 12.9374866660028 12.7034072352137 12.761698335219 13.2420531762405 13.0776966878831 12.7729016218008 13.083894225992 13.2405713474927
-9999 -9999 -9999 -9999 -9999 -9999 -9999 -9999 -9999 -9999 15.1369327115694 15.02144196 14.9035587669301 14.84288392 14.7869597596803 14.7388956698085 14.7998380278718 15.2925980845352 15.3925045713918 15.5482586608002 15.591069902 15.4563247332567 15.2596241914717 15.0953824233044 14.8208300962415 14.396563388 13.9337924141632 13.5320429851826 13.4682636489672 12.9315157058435 11.9329128886329 11.5378924499478 11.3866838073978 11.6293819438696 11.5781994726348 11.4810342464696 11.4191337092131 11.4977297974913 11.5796105641087 11.6446687465566 11.5977325225065 11.487559082 11.43634006805 11.2632643724782 11.3878957768172 11.8642036931348 12.301539002 12.7335451362784 13.1267680967065 13.3242232200697 13.287980987224 12.3915730716523 11.4903619834051 12.0987511391513 12.7984731883559 13.0823557205563 13.5199337694243 13.2435311438525
-9999 -9999 -9999 -9999 -9999 -9999 -9999 -9999 -9999 -9999 15.3148679479181 15.1619224876732 15.0843624942067 14.8921667205672 14.688381598447 14.4318272940765 14.494590898 14.9033966331171 15.535506312 15.9443389215967 16.1358355659945 15.9231569691716 15.7290462376459 15.6896470692317 15.4421369207191 14.9425050899508 14.2442303952524 13.4122146036667 12.7759343681737 12.4356767790522 11.8849527041857 11.456848758508 11.5733832045517 11.907198472 11.7591092722721 11.4533601714537 11.1817994549093 11.1542165259081 11.3584722100883 11.5148594937715 11.4650881681802 11.518582025767 11.8618640249888 12.0514617882195 12.2282989345544 12.4899163675522 12.8726667186327 13.355186214 13.6001004836495 13.3744009894108 12.4542497958586 11.9741421636158 12.8885598542138 13.8130711300981 13.8263442092659 13.4219353788864 13.2558327403994 12.8489101142576
-9999 -9999 -9999 -9999 -9999 -9999 -9999 -9999 -9999 -9999 15.7351433312417 15.7101616326622 15.7589581627036 15.8749975197251 15.8812844575728 15.9061722813112 16.005244318 16.0622837585364 16.261034282192 16.3139068960264 16.2570396430348 16.0260678638476 15.6371434937648 15.494726724841 15.18955634 14.7032543192417 14.0487895805662 13.2643436846491 12.8556049334638 12.9956092410368 12.7089945788975 12.4550706385492 12.201689271153 11.7193908785624 10.9680887074708 10.0105441183443 10.0069410460627 10.9154391721698 11.5938103755598 12.026738101464 12.2161957017254 12.2013719102877 12.4542082121091 12.694521106 12.7348311799717 12.9452644542092 13.5095089736667 13.783757574 13.9542232834183 13.7672485432938 14.0003147429801 14.2749802208194 14.6282342975297 14.550371449194 14.1362371493267 13.8519605444183 13.3733593338997 13.2116224062658
-9999 -9999 -9999 -9999 -9999 -9999 -9999 -9999 -9999 15.8258073412991 16.0292490653236 16.1268219389977 16.2904143506717 16.3684098333085 16.4463364700198 16.4720829543062 16.3955108532642 16.391222886958 16.4 16.3985691503901 16.367905772 16.2223373072145 15.989376244 15.7790733989137 15.555874360281 15.3181376088688 15.0068990504337 14.7138179829125 14.5606787154566 14.4033829683471 14.1001124160001 13.6933905110426 13.166354242 12.580419773134 12.2657537520068 11.8623645186997 12.0432819346044 12.6611651548622 12.5504045516354 12.3925421682578 12.4880328624548 12.417906132 12.6319822440001 12.9455999725673 13.4128442112068 13.5504939523384 13.799888256 14.030192874 14.3160467976255 14.4972738741652 14.7710273197144 14.8137904722818 13.5385910800568 12.6094984978469 13.6080728976379 13.8846526106881 14.13155394963 14.2106803
-9999 -9999 -9999 -9999 -9999 -9999 -9999 -9999 16.1477481614129 16.0301947940001 16.2989638700264 16.453509308 16.5618333233602 16.59642174 16.5978585047468 16.59821087 16.5965185158666 16.49821087 16.48949310552 16.3528015706398 16.082205132 16.0042829948003 16.0004491454137 15.909029314 15.7455516703203 15.636491905627 15.4614128429337 15.246519204 15.1914067195471 14.9302754511462 14.7019698141606 14.4822135669345 14.139357330774 13.5556748995162 12.9139335049368 12.9535929720001 12.9621431659962 13.4455788705376 13.9282265889136 13.8560458423165 13.5822276363172 13.2652409289314 13.189997228477 13.6251631382955 13.8817339626367 13.8980991260001 14.1211020990679 14.440900294 14.7391670360001 14.8939278580241 14.8248767425266 14.5707987176013 14.2298673841621 14.1855476160002 14.4812072262204 14.5152747776565 14.6523953415953 14.6069606885584
-9999 -9999 -9999 -9999 -9999 -9999 -9999 -9999 16.358863018 16.5082096022103 16.6622556265417 16.6496290996685 16.6696579687843 16.6921661969056 16.5917901280536 16.3695730468702 15.8140767809225 15.4527680114767 16.025412934244 16.1365766248166 16.151534516491 15.8498055701242 15.7464932259895 15.8541803372957 15.835672488 15.8313665616392 15.79464629 15.7293179293966 15.5533423452753 15.258399378577 15.1015036344179 14.7854193890134 13.9248110981854 13.5883982569965 13.705214846 13.9465605155735 14.2190691036948 14.5532669157242 14.6772933261253 14.5270693701466 14.2272436156295 13.7898544438494 13.6882381527888 13.951635314 14.1835375126675 14.2913970124275 14.4023065225462 14.2393968699424 13.5256112222493 12.632801631814 13.6557144341041 15.0712926629168 14.6577953592836 14.4166409336604 14.6589304780611 14.5039464120031 14.3197781636993 15.3428862470531
-9999 -9999 -9999 -9999 -9999 -9999 -9999 -9999 16.7655783674243 16.8515152291401 16.8547310894319 16.7977814379922 16.7297340765759 16.562818017148 16.1410766051599 15.514345726044 15.614823247136 16.1989171913315 16.157516538016 16.3845585703808 16.5260567411521 16.582191452 16.362704798 15.8783857352089 15.6327445505599 15.7191407059756 15.7417360654158 15.8015090448438 15.8149577482717 15.637600914 15.1158760152338 14.9025728862228 15.0433283340327 14.9529501669418 14.8779971796793 15.0389867462677 15.0952927296956 15.1655123682472 15.2948214656546 15.0600419940819 14.2147704987398 13.7011795718227 13.7277745097367 13.990417873383 14.2732475373583 14.282101807832 14.6852574379508 14.6384565536135 14.4401104001806 14.1810288772221 13.9548940648144 14.3355268304991 15.3362104065433 15.3204237640863 15.2124689500001 15.4776875324816 15.7857869187656 15.5314118992673
