catData/variables/pastClimate/lgm_MIROCesm/bio17.asc
NCOLS 409 
NROWS 350 
XLLCORNER 60.897278365 
YLLCORNER 5.843756025 
CELLSIZE 0.0892857 
NODATA_value -9999 
[rows 243 to 269 of 350, columns 183 to 243 of 409]
4.23418089748462 4.96037363556747 5.01730858000014 6 6 6 6 6 5.8805922269311 5.45512385996615 4.33444967392985 5.22931927391364 6 6 6 7.89175556000003 9 9 9 9.23159138000034 10.6060395600005 12.5483395932134 15.2479001200009 19.15484461729 22.4983970400004 24.0387719376292 24.1965907 23.6086229850815 23.2302141879703 23.1965907 21.4297862399995 19.2457227657467 16.7540564203564 -9999 -9999 -9999 -9999 -9999 -9999 -9999 -9999 -9999 -9999 -9999 -9999 -9999 -9999 -9999 -9999 -9999 -9999 -9999 -9999 -9999 -9999 -9999 -9999 -9999 -9999 -9999 -9999
4.91704169099319 5 5.01730858000014 6.03010237883101 6.39356464210557 6.59989909461999 6.33923150000007 6.33923150000007 5.74209632479584 3.96538523999961 3.19971772175311 4.87182706994534 5.66076849999993 5.93317851157693 6.29664077485165 7.58924398374781 8.66076849999993 8.66076849999993 8.71510082794982 9.15302828877573 10.3696019144996 12.1270246177737 13.6689716768558 17.3907569200005 21.0877371400003 22.1092705617439 22 21.7275908025786 20.7863215199996 20.6607684999999 19.2869294399994 17.2328048199995 -9999 -9999 -9999 -9999 -9999 -9999 -9999 -9999 -9999 -9999 -9999 -9999 -9999 -9999 -9999 -9999 -9999 -9999 -9999 -9999 -9999 -9999 -9999 -9999 -9999 -9999 -9999 -9999 -9999
4.17868019999993 4.56711526013076 5.02441651973214 6.46295616066716 7.09439188106577 7.45285259853528 7 7 6.29134665733853 4.37604513999964 3.99939568000004 4.79972112385781 5 5.80302098000022 6.87444938000036 7 7.59644705414819 7.92712053250102 7.27307066664943 7.9582308859035 9.3739613674478 11.706899232154 13.2183203117554 15.8567835086443 19.1137710490428 20.5677400094415 20.7680202999999 20.6245367795218 19.7148931199996 19.2009070110367 17.1582845771285 15.9112678199997 -9999 -9999 -9999 -9999 -9999 -9999 -9999 -9999 -9999 -9999 -9999 -9999 -9999 -9999 -9999 -9999 -9999 -9999 -9999 -9999 -9999 -9999 -9999 -9999 -9999 -9999 -9999 -9999 -9999
3 3.94588018000004 5.02627289609259 6.5606907598355 7 7 6.85391655238136 6.33739345645371 5.80489745947378 4.9820726108031 4.78700144867063 5 5 5.80302098000023 6.87444938000036 7 7.00896307310436 7.34044253999928 5.51791169999999 5.86944696532164 7.7879452506072 10.4473251465345 12.8917531600004 15.3025282616107 17.4115569856827 18.3540796702454 18.5179117 18.159552693698 17.6187604780281 17.063855173956 15.5095697501161 14.9898679658113 -9999 -9999 -9999 -9999 -9999 -9999 -9999 -9999 -9999 -9999 -9999 -9999 -9999 -9999 -9999 -9999 -9999 -9999 -9999 -9999 -9999 -9999 -9999 -9999 -9999 -9999 -9999 -9999 -9999
3 3.94588018000004 5.01730858000014 6.08873698000038 7 7 6.69697781999971 5.83281406935467 5.30671523839095 5.2863382738634 5.55351670000009 5.55351670000009 5.55351670000009 5.91205215711975 5.90640470973051 5.89296659999982 6.99042074035673 6.21989806810152 3.89296659999982 4.2527476764064 6.52326914866119 10.1233445400003 12.8917531600004 15.0346099600003 16.5887333800001 16.9293406401364 16.4880192178137 15.6223811288803 15.9305043066947 15.4764421810511 14.9826962199997 14 -9999 -9999 -9999 -9999 -9999 -9999 -9999 -9999 -9999 -9999 -9999 -9999 -9999 -9999 -9999 -9999 -9999 -9999 -9999 -9999 -9999 -9999 -9999 -9999 -9999 -9999 -9999 -9999 -9999
3.62494510000002 4.57082528000006 5.01730858000014 6.08873698000038 7 7 6.88635004658222 6.85895615516326 6.52536133625563 5.49567505535027 6.11090998181136 6.62494510000002 6.62494510000002 6.12310107335167 5.12555061999964 5 5.11867393239062 4.59481454194247 3.10009306955242 3.94339596186724 6.21207912000104 9.88933498470528 12.2668080600004 14.732952072457 16.2208073389626 15.7148931199995 15.1006684181991 14.4981574732199 14.1565391692783 13.7704095039416 14.3685650325224 13.889094517793 -9999 -9999 -9999 -9999 -9999 -9999 -9999 -9999 -9999 -9999 -9999 -9999 -9999 -9999 -9999 -9999 -9999 -9999 -9999 -9999 -9999 -9999 -9999 -9999 -9999 -9999 -9999 -9999 -9999
5.39274700000006 5.67994128847282 6.39800234356548 6.72331639865811 7 7 7 7.11369311902839 6.72236684587869 5.4826926199998 6.17747156 7 7.50946168550873 7.45255505041602 7.12724099532342 5.77175205953836 3.30362649999997 3.27668433004549 3.16016298000003 4.23159138000033 6.00106417523302 9.31327864967544 11.8917531600004 13.8314399810202 15.0172313243975 15.1031838893047 14.4905399857877 12.3822062017602 11.0364325199996 11.5695620489344 11.2145059999999 11.1606231174981 -9999 -9999 -9999 -9999 -9999 -9999 -9999 -9999 -9999 -9999 -9999 -9999 -9999 -9999 -9999 -9999 -9999 -9999 -9999 -9999 -9999 -9999 -9999 -9999 -9999 -9999 -9999 -9999 -9999
6 7.45249719875296 7.76780190000011 7.76780190000011 7.76780190000011 7.76780190000011 7.76780190000011 7.48029803321988 6.55412101999975 5.87988220924803 6.94527346000011 7.76780190000011 8.49939448000021 8.76780190000011 8.76780190000011 6.14979958334818 3.76780190000011 3.83593247912009 4.69576678000025 5.58937887841265 6.44420207717907 9.12334454000026 11.5494082747107 13.1466908265237 14.5887333800001 14.4931265310082 12.9388915897743 10.6718996514587 9.35775111999956 9.45182856607256 9.20562634967714 7.83285177279047 9.39235867999989 -9999 -9999 -9999 -9999 -9999 -9999 -9999 -9999 -9999 -9999 -9999 -9999 -9999 -9999 -9999 -9999 -9999 -9999 -9999 -9999 -9999 -9999 -9999 -9999 -9999 -9999 -9999 -9999
7.6784606 7.98259834554911 8.8392303 8.8392303 8.97364593990707 9.6784606 9.42415520497171 8.46477971999989 7.76754647014906 7.24432057229022 7.52261695472987 8.55402978283091 8.95684821960884 9 9 7.74998524614545 5.6784606 5.84166392819442 7.54344025424571 7.8728191033151 8.86942707912497 9.85906036469248 10.9808394159968 13.4687479735574 14.9338807888826 14.3398382199996 13.7647649324769 10.7245883924013 9.12555301999967 9 8.99443615296099 8.78145822595932 9.99939088 -9999 -9999 -9999 -9999 -9999 -9999 -9999 -9999 -9999 -9999 -9999 -9999 -9999 -9999 -9999 -9999 -9999 -9999 -9999 -9999 -9999 -9999 -9999 -9999 -9999 -9999 -9999 -9999
8 8.86137401507465 9.01576220896177 9.91065870000005 10.0708240800001 10.9106587000001 10.6076365199998 9.8772047983971 9.8213174000001 9.77510048617131 9.78457451994184 9.88029732605473 9.24442755216747 9 9 8.91549404949373 7.8213174000001 7.91797964273263 9.05651251115501 9.84200807495811 9.66178328214164 9.43033579281621 10.8917531600004 13.5519149400005 15 14.9410202883645 14.2444297377484 10.7879256799992 9.92187577002574 10.7720283439129 11.7319761000001 11.8207082800005 13.1838399311483 -9999 -9999 -9999 -9999 -9999 -9999 -9999 -9999 -9999 -9999 -9999 -9999 -9999 -9999 -9999 -9999 -9999 -9999 -9999 -9999 -9999 -9999 -9999 -9999 -9999 -9999 -9999 -9999
7.8767007127104 8.01694345707624 9.03430711313759 11.0692345433514 11.9670432264356 11.9820871000001 11.976659093992 11.9641742000002 11.9641742000002 11.9641742000002 11.9641742000002 11.3158354749397 10.25049452 9.98208710000008 10.8408725557015 10.9641742000002 10.9462613000003 10.7735606209738 9.00286898344443 9.01791289999992 9.31007675396589 10.7242760071968 12.4180377225902 14.0259634923766 15.5781874578376 16.6304234680516 16.2325840200001 15.1180024454351 14.0516524013081 14.8742237800003 14.9292674808808 13.9657636506673 14.3052772004536 -9999 -9999 -9999 -9999 -9999 -9999 -9999 -9999 -9999 -9999 -9999 -9999 -9999 -9999 -9999 -9999 -9999 -9999 -9999 -9999 -9999 -9999 -9999 -9999 -9999 -9999 -9999 -9999
6.82765505576778 6.99710375077279 9.96379308000014 11.0399702838536 12 12 12.3030221800003 13 13.422017543446 13.9741684630944 14.5572292903654 13.0719790085235 11.3362868772849 10.9675673614896 11.0400776915908 10.2088759646711 9.08972481999987 8.19576558000034 9.09845979804379 9.05351549999999 9.34031902496365 10.7889739231538 12.5290462718832 14.0327577906859 16.7441910011978 19.3909813354761 19.4145922342777 18.4005018608178 18.1204690652836 16.21528024 16.0352856995611 14.9160163669785 14.044944426481 -9999 -9999 -9999 -9999 -9999 -9999 -9999 -9999 -9999 -9999 -9999 -9999 -9999 -9999 -9999 -9999 -9999 -9999 -9999 -9999 -9999 -9999 -9999 -9999 -9999 -9999 -9999 -9999
6.10925741575525 6.83446016275617 9.01730858000014 10.1774739600008 12.0200116872222 12.0960076699111 12.340882952956 13.0313732683551 12.9307659586892 13.5173073800002 14.0735589444228 13.9599769254209 12.4118709399997 10.4696792860457 11.7645855441109 12.8276961212434 10.9848561216232 10.2025916355103 10.8198256326431 9.90399203022357 10 11.4042226880861 13.8615313176477 14.1292682033814 16.3105867417709 20.8856584445471 22.3169601394184 22.0492232536847 20.4696196720484 18.3581370400002 17.0903363399996 15.1027708107506 14.7148955199999 -9999 -9999 -9999 -9999 -9999 -9999 -9999 -9999 -9999 -9999 -9999 -9999 -9999 -9999 -9999 -9999 -9999 -9999 -9999 -9999 -9999 -9999 -9999 -9999 -9999 -9999 -9999 -9999
7.07082408000046 6.43623678647112 9.21368088000021 10.3564207751431 12.1601653800001 12.8138848232442 12.6834063351253 13.1282582616307 12.5334372608246 13.7136796800003 14.6694966807891 13.8093095984037 11.7331871399999 11.0386812232091 11.5310141080317 11.7929995951774 10.8036276999999 10.8036276999999 10.5462048855148 9.29152928414784 9.66676009114403 10.5525240600001 12.5202652409388 14.7502461661725 16 22.6016178000044 24.824147732608 22.9443980454972 22.2456825706186 20.1188778161161 17.9619944569222 15.6261633399993 13.612016018536 -9999 -9999 -9999 -9999 -9999 -9999 -9999 -9999 -9999 -9999 -9999 -9999 -9999 -9999 -9999 -9999 -9999 -9999 -9999 -9999 -9999 -9999 -9999 -9999 -9999 -9999 -9999 -9999
8.37643127880075 8.53560140000002 10.0173085800001 11.1125008053604 12.4279660800001 13.2678007 13.2678007 12.7930719925605 12.8917579600005 14.5173073800002 15 14.3398358199997 12.5368148399998 10.981929439441 10.0919280760783 10.94587778 10 10 10 9.53681723999933 8.22187087080234 9.28054069056466 10.554816080713 13.0323863569707 15.4017868338322 22.3338171000044 25.9281196623171 25.1969814199998 23.2511060399993 20.16237386 17.6849219243959 14.7512480202495 11.87627674 -9999 -9999 -9999 -9999 -9999 -9999 -9999 -9999 -9999 -9999 -9999 -9999 -9999 -9999 -9999 -9999 -9999 -9999 -9999 -9999 -9999 -9999 -9999 -9999 -9999 -9999 -9999 -9999
9.79149316967785 10 10.0173085800001 11.1774739600008 13.1601653800001 14 14 13.2510988399998 12.5892477098116 13.6633634630592 14.3817453175742 14.0006067199996 12.4457632324799 10.3939580399995 10.2966386761732 10.9642376119806 9.98825848026824 9.32154179999982 9.32154179999983 9.17260918162032 8.67845820000018 8.42441076180397 9.03512111811147 11.189816585582 13.566484645363 21.2623887000044 25.6405377583303 25.1969814199998 23.2511060399993 20.4832423138697 16.9536525485673 13.9079814375608 9.3947808694088 -9999 -9999 -9999 -9999 -9999 -9999 -9999 -9999 -9999 -9999 -9999 -9999 -9999 -9999 -9999 -9999 -9999 -9999 -9999 -9999 -9999 -9999 -9999 -9999 -9999 -9999 -9999 -9999
9.87445178000038 10.3884327900184 10.0102006818087 10.7668164600007 12.74950788 13.5893424999999 13.5893424999999 12.6866704009433 11.1786849999999 11.1786849999999 11.8726190328491 12.2394085634965 11.4470924199998 10.2321762161884 11.2335485762679 11.4106575000001 9.97960146522657 8.74843595842711 8 8.36807802286817 9.96265453591636 10.6874984539136 9.99430877174322 10.3252669305272 13.0814550939925 20.1989741414928 24.9422983543435 25.4458551250327 23.3026653293099 21.4966800588624 17.3343364529636 12.6815098152072 9.18472577661869 -9999 -9999 -9999 -9999 -9999 -9999 -9999 -9999 -9999 -9999 -9999 -9999 -9999 -9999 -9999 -9999 -9999 -9999 -9999 -9999 -9999 -9999 -9999 -9999 -9999 -9999 -9999 -9999
9.51341593326419 10.46379428 9.50956987763288 9.2133021600007 11.2732070513662 12.6295621958658 13 11.5156135702699 8.60592426127091 8.07165639999988 8.07165639999988 9.05007642286341 9.1748401873625 9.81007838372457 11.7488987600007 12 10 9.95086390958108 9.36904538564008 9.19576318000039 10.5810680132824 13.1099287357176 14.0404687294325 12.3937445262844 13.4529101932137 19.1390465600031 24.7707525710698 25.992942510288 23.7982176193548 22.0802173361449 17.9385068250632 14.1372846271447 10.64385064 8.96417180000006 -9999 -9999 -9999 -9999 -9999 -9999 -9999 -9999 -9999 -9999 -9999 -9999 -9999 -9999 -9999 -9999 -9999 -9999 -9999 -9999 -9999 -9999 -9999 -9999 -9999 -9999 -9999
8.57203391999955 7.82169126285001 8.43875766654257 8.12835677263173 9.85547028819503 12.103403310979 12.4464856999999 11.1960240520195 7.72166985700047 5.42732593534865 4.89297139999987 5.84788944602249 7.55429796441181 10.0505255556306 12.3024130600008 12.0299574227177 11.1070286000001 11.1466473210658 11.4820038197607 11.4668091205874 12.7958368985874 13.9830340532833 15.6932847630652 15.8243971516737 15.6605429000002 18.8200394178283 24.8360267800004 25.6434671199997 24.1816106480213 22.631804788848 19.6163574503255 16.8503289409996 13.8937360400002 11.9576815756951 -9999 -9999 -9999 -9999 -9999 -9999 -9999 -9999 -9999 -9999 -9999 -9999 -9999 -9999 -9999 -9999 -9999 -9999 -9999 -9999 -9999 -9999 -9999 -9999 -9999 -9999 -9999
6.95412326358631 6.63171698069708 8.0216337414369 9.39407790787173 11.1551358699527 12.6249427 12.2461997013415 10.3921459835179 7.24524749363356 4.98701748157411 4.25701657206021 5.072728965093 8.2769238822456 10.6552641412047 12.7488987600007 13.2363610474065 13.260700770856 13.8193740719913 13.2498854000001 13.5683368176866 14.8143126994668 15.1563162667614 15.1672292662281 16.2156482509249 18.1037738842323 20.8553134400014 23.521157525704 23.3221533199997 22.7972041766878 23.5775929615222 22.8229167599993 19.6419112118532 16.9295642400001 -9999 -9999 -9999 -9999 -9999 -9999 -9999 -9999 -9999 -9999 -9999 -9999 -9999 -9999 -9999 -9999 -9999 -9999 -9999 -9999 -9999 -9999 -9999 -9999 -9999 -9999 -9999 -9999
6.16366828793505 6.94588018000004 8.73098826000032 10.8120511916273 12.2716999218526 13.6963711 13.0903267399995 10.83377592229 8.36560249576902 6.72887539075126 5.8040064200001 5.33391279137838 8.22999922000037 9.54744927683431 13.1829803899362 15.3009308301243 16.1064194800003 17.0003787199998 16.0891133000001 15.9981575919178 16.2104050975209 17.2790489109997 16.7786177355211 17.0671159220422 19.4625712400005 21.7574212701676 21.2847123832082 21.2262659837501 21.9125685053545 23.2330704811664 24.6685594646252 22.8847072857914 -9999 -9999 -9999 -9999 -9999 -9999 -9999 -9999 -9999 -9999 -9999 -9999 -9999 -9999 -9999 -9999 -9999 -9999 -9999 -9999 -9999 -9999 -9999 -9999 -9999 -9999 -9999 -9999 -9999
6.12554821999961 6.94588018000004 9.03461716000027 11.0887369800004 12.1973558613188 13.4100180884872 13.6266159182926 12.5939042761975 11.7539861979045 10.1567022722896 8.26263168248409 7.38230854732206 8.54461956861712 8.38344089306625 11.2616438065224 15.0408460330902 17.7718180036492 18.0475261523136 18.5355990000002 18.3040076199998 18.1416385600007 18.9605967492401 17.8964672351857 18.6822909849919 20.8497699452031 22.934833164604 23.1958477888181 22.0245447873557 23.3136464340212 23.7552317361738 26.5182952199999 25.3581346399995 23.2152778400002 21.0724210399996 18.9999250271444 -9999 -9999 -9999 -9999 -9999 -9999 -9999 -9999 -9999 -9999 -9999 -9999 -9999 -9999 -9999 -9999 -9999 -9999 -9999 -9999 -9999 -9999 -9999 -9999 -9999 -9999
7.59327688196161 8.62433598000007 9.03461716000028 11.0887369800004 12.0257501244899 12.3923658800002 12.8577499199997 12.1607721 12.0890872000395 11.8336628123438 10.50098424 8.57039940312626 6.88967386629286 7.02713054140282 9.78412024000105 13.94428322 18.0145238290985 18.8534939447693 19 19.1571245149912 20.0301927063725 20.7188262595204 20.8918757658928 21.5232480159502 22.8559225600003 24.9987793600009 25.6784558 24.0724186399996 25.4273497600007 25.6784558 27.8074023050481 25.9714686821675 25.35813464 23.2152778399994 21.3267216794807 -9999 -9999 -9999 -9999 -9999 -9999 -9999 -9999 -9999 -9999 -9999 -9999 -9999 -9999 -9999 -9999 -9999 -9999 -9999 -9999 -9999 -9999 -9999 -9999 -9999 -9999
4.46048913499301 7.02599846992425 8.13972302742139 11.0079280901201 10.943488087661 10.1993788452021 9.96500891999952 8.92703532028402 9.16945980434939 10.6497766246336 9.91187213999994 8.37019800955098 7.20304423201019 6.98240116553086 9.62334814000107 13.7835111200001 18.0173061800001 19 19.2917068535276 21.0529039800005 22.4002792516823 23.7319689000002 22.9597245302014 22.9421740781171 24.9987793600004 26.5404556760244 27.5768835064353 28.4090972266826 27.1168928545877 26.9106563000001 26.1598376362704 25.0893436999999 25.0607250223773 24.4474783399995 22.6076389199998 -9999 -9999 -9999 -9999 -9999 -9999 -9999 -9999 -9999 -9999 -9999 -9999 -9999 -9999 -9999 -9999 -9999 -9999 -9999 -9999 -9999 -9999 -9999 -9999 -9999 -9999
3.02016453402565 3.99768693437726 9.03401044000051 11.9820847000001 11.82191932 10.29975057614 8.03040186673847 8.01120690552406 8.4538670356906 9.5352226800001 10.5750089456418 10.9523423606663 10.9331473994519 10.1397041817631 10.8520355259555 13.8366637241921 18.0343023145937 20.1563744467587 22.1092864478359 23.4232031309508 25.2547025702652 25.5964295714792 25.4039972419194 25.9468741478167 26.563450115123 28.9389160473271 31.3963278024488 31.1540928575326 28.3564944399799 26.1242252223906 24.03552059759 23.9307727836239 23.0358305999998 22.5726526399992 20.7328132199996 -9999 -9999 -9999 -9999 -9999 -9999 -9999 -9999 -9999 -9999 -9999 -9999 -9999 -9999 -9999 -9999 -9999 -9999 -9999 -9999 -9999 -9999 -9999 -9999 -9999 -9999
4.16053930000002 7.94406002000019 12.2468170884555 14.1022776091156 13.8933477199999 12.371125061108 9.50098183999944 7.7526136313325 8.45045550711145 11.5777525184439 13.58873578 13.4104906835613 12.3362838331071 12.0105409579952 12.8744493800004 13.94587778 18.0346123600002 20.1774691600007 22.4719181224351 25.1780782800003 26.2332911522111 26.1440774399998 24.8929738 24.4033514131251 25.7126870400004 29.6224613233511 31.7315901800001 31.1540094064264 26.5274576313129 24.00122304 21.8920478210905 21.7602251880428 20.7948970091336 19.7436249315084 19.1959911800002 -9999 -9999 -9999 -9999 -9999 -9999 -9999 -9999 -9999 -9999 -9999 -9999 -9999 -9999 -9999 -9999 -9999 -9999 -9999 -9999 -9999 -9999 -9999 -9999 -9999 -9999
7.43702126828382 11.0469273429813 16.1271040599481 16.150059088613 14.9247535143494 13.4118709399996 11.2690141399994 9.82827408285886 10.2517047685799 11.845040099982 13.3388527799999 14.4102811800002 13.4697443886679 12.2973096657725 12.9993908800004 14.0708192800001 18.0346123600002 20.1774691600007 22.3203259600001 24.202656005596 24.8750585 24.1729462572813 22.8328745338397 22.6898083601586 24.5898743715977 29.0933857969662 31.48170718 29.9434191481733 24.4720615547014 21.8583662399999 19.7349751802286 18.9637906800003 19.895069203106 19.3920382836332 -9999 -9999 -9999 -9999 -9999 -9999 -9999 -9999 -9999 -9999 -9999 -9999 -9999 -9999 -9999 -9999 -9999 -9999 -9999 -9999 -9999 -9999 -9999 -9999 -9999 -9999 -9999
