catData/variables/pastClimate/lgm_MIROCesm/bio11.asc
NCOLS 409 
NROWS 350 
XLLCORNER 60.897278365 
YLLCORNER 5.843756025 
CELLSIZE 0.0892857 
NODATA_value -9999 
[rows 78 to 103 of 350, columns 116 to 173 of 409]
12.1524904500866 12.2047187326069 12.271372288 12.34821171 12.34821171 12.34821171 12.34821171 12.407086488 12.44821171 12.44821171 12.44821171 12.4934985695412 12.5 12.54821171 12.54821171 12.54821171 12.54821171 12.54821171 12.5676043623953 12.6214970509113 12.596480012 12.54821171 12.582400981169 12.6352717921375 12.6094962325559 12.6421591627507 12.6026088619428 12.6008348233638 12.64821171 12.6559339039769 12.6852575407165 12.66390508341 12.7180532498966 12.792800328 12.84821171 12.84821171 12.914228848 12.94821171 12.989799166264 13.0421590470426 13.04821171 13.1008347076557 13.1524901029623 13.1969962814624 13.2 13.2146094488819 13.24821171 13.292800088 13.34821171 13.34821171 13.34821171 13.3834832707213 13.3577081739721 13.34821171 13.34821171 13.34821171 13.34821171 13.34821171
12.2593167881491 12.3088665467901 12.3656946942707 12.4167743206685 12.45535455 12.45535455 12.4839905314862 12.5369940095746 12.55535455 12.55535455 12.55535455 12.55535455 12.6077138531215 12.6009586400607 12.65535455 12.65535455 12.65535455 12.65535455 12.65535455 12.675261446304 12.6769041506353 12.65535455 12.65535455 12.6880172585471 12.6641483383921 12.6943951646687 12.6577704322706 12.6561276207902 12.704912394149 12.7625055269118 12.7896600700274 12.7721286049667 12.8274269360941 12.899943168 12.95535455 12.95535455 13.021371688 13.05535455 13.0998058135412 13.1497496075196 13.15535455 13.2114820636411 13.2593164667019 13.3017152784746 13.3107091 13.3242378758842 13.35535455 13.399942928 13.45535455 13.45535455 13.45535455 13.4880170442489 13.5085996833806 13.4623040823705 13.45535455 13.45535455 13.4504424215528 13.4
12.3680439696152 12.431001849813 12.46249739 12.4738619626692 12.5234029339027 12.56249739 12.5818982169536 12.6367951996183 12.66249739 12.66249739 12.66249739 12.66249739 12.6979707255223 12.664229208 12.7569509603786 12.7100105181933 12.76249739 12.76249739 12.76249739 12.76249739 12.76249739 12.7257023403754 12.7 12.7457232267683 12.76249739 12.76249739 12.76249739 12.7635795810558 12.8227766387446 12.8100103681996 12.86249739 12.892800328 12.96249739 12.9792192855129 13.032330811059 13.06249739 13.128514528 13.16249739 13.1926130426536 13.2546512539183 13.26249739 13.36249739 13.36249739 13.378514408 13.46249739 13.46249739 13.4858998739215 13.5417165855067 13.56249739 13.56249739 13.56249739 13.6082203167808 13.6049233272946 13.5672056859246 13.56249739 13.5614154989316 13.4966720416402 13.4524873217879
12.4723346286205 12.511154789584 12.56964023 12.56964023 12.607086488 12.66964023 12.66964023 12.728515008 12.76964023 12.76964023 12.76964023 12.76964023 12.76964023 12.7701660059616 12.7973056742429 12.7745031055526 12.8 12.8 12.8 12.8 12.8 12.7821258256746 12.8156148838792 12.8614917339163 12.8137169957118 12.8608975244928 12.86964023 12.8701659330982 12.8973057471064 12.885657488 12.96964023 12.999943168 13.06964023 13.100691846129 13.1549860116665 13.2106404265381 13.2593231112574 13.26964023 13.26964023 13.357085888 13.36964023 13.46964023 13.4758202279698 13.5441431898257 13.56964023 13.5907430985834 13.6506488392121 13.66964023 13.66964023 13.66964023 13.66964023 13.6918513581894 13.6756203220151 13.66964023 13.66964023 13.5994744426287 13.56964023 13.553623452
12.57678307 12.592800808 12.67678307 12.67678307 12.714229328 12.77678307 12.77678307 12.7904519859959 12.8506903538413 12.87678307 12.87678307 12.87678307 12.87678307 12.87678307 12.87678307 12.87678307 12.87678307 12.87678307 12.87678307 12.87678307 12.87678307 12.87678307 12.8921102784381 12.9 12.9430152484726 12.9738683929265 12.97678307 12.97678307 12.983597120585 13.0572848555778 13.07678307 13.107086008 13.17678307 13.187135178229 13.2397210016082 13.2904518745547 13.3506899852825 13.37678307 13.37678307 13.464228728 13.47678307 13.57678307 13.5788433816943 13.6122983581428 13.67678307 13.6838184261828 13.7 13.7342363254916 13.77678307 13.77678307 13.77678307 13.77678307 13.77678307 13.77678307 13.7041553016481 13.67678307 13.6699693879737 13.583983222
12.6074483389081 12.6865006156221 12.7194377258478 12.78392591 12.821372168 12.88392591 12.88392591 12.88392591 12.8945376413332 12.9614005801367 12.98392591 12.98392591 12.98392591 12.98392591 12.98392591 12.98392591 12.9644883855744 12.9254322178954 12.98392591 12.98392591 12.98392591 12.98392591 13.0393315952447 13.06785182 13.0133647336313 13.0733897656542 13.08392591 13.08392591 13.092800328 13.18392591 13.18392591 13.214228848 13.28392591 13.28392591 13.335657368 13.38392591 13.449943048 13.48392591 13.5513207807622 13.581907913768 13.58392591 13.68392591 13.68392591 13.6865004998886 13.7194371215812 13.78392591 13.78392591 13.828514288 13.88392591 13.88392591 13.88392591 13.8225259341299 13.86739466934 13.8105365471902 13.7847957982796 13.7824730702505 13.6985735952193 13.667909132
12.699943648 12.79106875 12.814229328 12.89106875 12.928515008 12.99106875 12.99106875 12.99106875 12.99106875 12.9976028934051 13.0731312096974 13.0114326452001 13 13 13 13 12.9979314923124 12.9937752025851 13.0341016205174 13.09106875 13.09106875 13.09106875 13.0969649270726 13.1 13.0928279331324 13.178514648 13.19106875 13.19106875 13.199943168 13.29106875 13.29106875 13.2937751811501 13.3341014019524 13.39106875 13.442800208 13.5446848372599 13.5880336556376 13.59106875 13.671371568 13.69106875 13.69106875 13.7015767078749 13.79106875 13.79106875 13.7931372148176 13.8275962882849 13.89106875 13.8950510495101 13.9 13.9 13.9601207637974 13.917909012 13.8982407739976 13.8921900311049 13.89106875 13.7998453913099 13.7829873655876 13.683983222
12.7983703095633 12.8157312751718 12.898625796093 12.9297614686421 12.9988812826227 13.0437916621125 13.09821159 13.09821159 13.09821159 13.09821159 13.0996477422118 13.0984361045234 13.09821159 13.09821159 13.09821159 13.09821159 13.09821159 13.09821159 13.0988812783305 13.1 13.1 13.157821619875 13.19821159 13.19821159 13.19821159 13.285657488 13.29821159 13.29821159 13.307086008 13.39821159 13.39821159 13.4279725872265 13.4970928640383 13.49821159 13.499136760568 13.558874298 13.6 13.6718515776374 13.6996477336274 13.7 13.7928968678429 13.799942928 13.89821159 13.89821159 13.89821159 13.928514288 13.99821159 13.99821159 13.99821159 13.99821159 13.9993922428055 13.9986916039296 13.99821159 13.9123300546 13.9 13.8965114511297 13.7998412976054 13.782194812
12.9 12.9008576585688 12.928515008 13.00535443 13.0407956543278 13.144589098 13.2 13.1442776307757 13.1088892971435 13.1799519924887 13.2010546461209 13.2046822422469 13.20535443 13.2052617010175 13.2004751873503 13.20535443 13.20535443 13.20535443 13.20535443 13.20535443 13.2081243675572 13.266431002075 13.30535443 13.30535443 13.3096542010285 13.3934725286037 13.40535443 13.40535443 13.4137536735003 13.5 13.5012400912353 13.50535443 13.540795200029 13.644588618 13.7 13.7031523830744 13.70535443 13.70535443 13.785657248 13.80535443 13.8948782530865 13.90535443 13.9137534463509 14 14 14.030302698 14.0645594571203 14.049942808 14.102584518144 14.1 14.1035348285916 14.1014371430406 14.0239971673272 14.00535443 14.0002897679372 13.9913687548613 13.8048792812015 13.783983222
12.9136063899653 12.9390104980343 13.0327634080338 13.1 13.1046797599672 13.1515139480324 13.2064650799681 13.21249727 13.270264488031 13.3 13.2297324219699 13.2890150280296 13.3 13.310765452 13.2202628380282 13.3 13.3 13.3 13.3046797299737 13.31249727 13.3577639180254 13.4073577099751 13.41249727 13.41249727 13.492800328 13.51249727 13.51249727 13.51249727 13.51249727 13.51249727 13.5327629880207 13.6037870399798 13.61249727 13.6515135280193 13.7064650199812 13.771371568 13.81249727 13.81249727 13.8827644280169 13.9109283199835 13.91249727 14 14.0011090299849 14.01249727 14.01249727 14.0390129580137 14.1 14.144588378 14.1547337719877 14.11249727 14.1702638580113 14.126840262 14.1 14.1 14.005411742 13.912280930009 13.891126062 13.783983222
13.008874898 13.1 13.1045487629958 13.11964011 13.157086368 13.21964011 13.2612118384717 13.3115630711615 13.31964011 13.31964011 13.31964011 13.31964011 13.31964011 13.3986083129602 13.31964011 13.31964011 13.31964011 13.31964011 13.357086128 13.41964011 13.41964011 13.4669516239748 13.5129658856583 13.51964011 13.599943168 13.61964011 13.6010627778092 13.6 13.6 13.6031458070902 13.61964011 13.6439915176436 13.7073543919896 13.7283973636227 13.7808515627442 13.8669514311111 13.9 13.9143687001552 13.91964011 13.9899113445786 14 14.01964011 14.0267713896792 14.1 14.104548621587 14.11964011 14.11964011 14.1554712815136 14.2 14.2 14.2 14.1412089150189 14.103868595348 14.1 14.005411742 13.998268902 13.891126062 13.783983222
13.035657848 13.12678295 13.149943528 13.22678295 13.254199995443 13.3119422758228 13.32678295 13.3698893256457 13.4 13.4195945288859 13.4052753578483 13.4234206554175 13.42678295 13.42678295 13.42678295 13.42678295 13.42678295 13.42678295 13.464228968 13.52678295 13.52678295 13.52678295 13.592800328 13.62678295 13.6855784801274 13.7 13.6307449164042 13.60046376767 13.62678295 13.6385103137985 13.7062029574673 13.72678295 13.7541996440011 13.844588618 13.9138552105304 13.92678295 13.92678295 13.9803485276722 14 14.0234205268593 14.02678295 14.1 14.1 14.1042898299224 14.1437399148118 14.2 14.2 14.2119420829856 14.2129278037487 14.2 14.2 14.2 14.1412048213144 14.1033624874198 14.005411742 13.998268902 13.891126062 13.783983222
13.1397898087418 13.2054341441566 13.2492289589449 13.3102806739535 13.33392579 13.3633876842496 13.4 13.4199737335473 13.4115287915543 13.473160458 13.4469402302425 13.491705134859 13.5 13.53392579 13.53392579 13.53392579 13.53392579 13.53392579 13.571371808 13.63392579 13.63392579 13.63392579 13.699943168 13.7091056080778 13.7 13.7 13.7 13.6350699164841 13.7030107164144 13.73392579 13.7492286417887 13.8102805111097 13.83392579 13.878514408 13.968106942195 14 14 14 14 14.087445658 14.1320898951956 14.13392579 14.13392579 14.1445089081091 14.2 14.2 14.2 14.2294614185153 14.2318932163831 14.2 14.2 14.2 14.2 14.112554582 14.005411742 13.998268902 13.8941366155706 13.8124751935309
13.2036447990225 13.2505081024464 13.3095117320847 13.3589268493842 13.4153786651469 13.44106863 13.44106863 13.4757643432599 13.4882074445425 13.5252517201977 13.54106863 13.54106863 13.54106863 13.6007112339267 13.64106863 13.64106863 13.64106863 13.64106863 13.678514648 13.74106863 13.74106863 13.74106863 13.7799735752935 13.7568856812376 13.74106863 13.74106863 13.74106863 13.74106863 13.749943048 13.84106863 13.84106863 13.8589265665136 13.9153784680174 13.9673453134515 14 14 14 14 14 14.087445658 14.1557422977338 14.2 14.2 14.2 14.2 14.2124449029216 14.2256902605473 14.2183118359838 14.24106863 14.216889860954 14.2 14.2 14.1670208313607 14.1073985871703 14.0442578437015 13.998268902 13.8963555952363 13.8334756852947
13.2528076492132 13.3077223869505 13.3602059928857 13.4 13.437446258 13.5214970596056 13.54821147 13.54821147 13.5824010239032 13.6 13.6 13.642159068588 13.64821147 13.649943288 13.74821147 13.74821147 13.74821147 13.74821147 13.7676042122657 13.8 13.8 13.8 13.8 13.8 13.8387152847168 13.84821147 13.84821147 13.84821147 13.8528074006283 13.9077221555355 13.94821147 13.94821147 13.9676040879733 14 14 14.028384164518 14.0163836373183 14 14.0387151690092 14.093498290827 14.1 14.2 14.2 14.2 14.2 14.2156933218445 14.2323960363192 14.2230916655171 14.25178853 14.2212985208104 14.1681722830258 14.15178853 14.1102010053017 14.1 14.0543976103708 13.998268902 13.891126062 13.783983222
13.3049126385511 13.3625055396525 13.4128203781439 13.45535431 13.492800568 13.5752614204669 13.6286358573295 13.65535431 13.65535431 13.65535431 13.65535431 13.6943952416885 13.752359076108 13.7561274920957 13.8049125057008 13.85535431 13.85535431 13.85535431 13.85535431 13.85535431 13.85535431 13.85535431 13.85535431 13.85535431 13.8912061643352 13.9 13.9 13.900958503054 13.95535431 13.9625053253532 14 14 14 14 14.0286355916288 14.0490496851495 14.0151718832216 14.0404972010181 14.0912060571855 14.1 14.1 14.14464569 14.14464569 14.1535117997965 14.2 14.1832261506107 14.1653734091857 14.1753184110179 14.14464569 14.14464569 14.1151719903713 14.1 14.1 14.1 14.005411742 13.9438728293533 13.891126062 13.783983222
13.3658254896846 13.4100106297445 13.4711830268265 13.5189387726026 13.5765405639684 13.6278669154607 13.6818981011102 13.7 13.7412591297479 13.76249715 13.76249715 13.76249715 13.857086128 13.86249715 13.8658253996778 13.9100104797513 13.96249715 13.96249715 13.96249715 13.96249715 13.96249715 13.9257022416743 13.9 13.9457230511838 13.96249715 13.96249715 13.96249715 14.0256436911 14.06249715 14.06249715 14.06249715 14.06249715 14.06249715 14.06249715 14.0818979210966 14.0779204603325 14.0212383202384 14.073159978 14.1 14.1 14.1 14.1 14.1055461083359 14.15849380847 14.13750285 14.1261384746231 14.1140431439478 14.1207809374812 14.1 14.1 14.0587413202316 14.0832256011975 14.0498131773735 14.03750285 14.0020295574847 13.9 13.891126062 13.783983222
13.46963999 13.4745029768586 13.5161290242031 13.5788401107351 13.6260775703266 13.6831772446117 13.73602611645 13.76963999 13.7896829454266 13.8509489356352 13.86963999 13.86963999 13.8983572131797 13.96963999 13.96963999 13.9745029039945 14 14 14 14 14 13.9821256843757 13.96963999 13.9918514395008 14 14 14.0658715876843 14.1 14.1 14.1 14.1 14.1 14.1 14.1 14.1 14.1 14.033982862 14.073159978 14.0440771255751 14.03036001 14.03036001 14.1 14.1026942013282 14.1254972417335 14.0838714772048 14.03036001 14.0564370789186 14.0689486580196 14.03036001 14.03036001 14.0103172731655 14.0222113037728 13.950057432 13.93036001 13.8644887565876 13.8987944635259 13.821486072 13.7254973145975
13.57678283 13.57678283 13.599943408 13.67678283 13.6854767913785 13.7342367713159 13.7887935219898 13.8452057207046 13.87678283 13.8937686179066 13.9616591447877 13.97678283 13.97678283 14.0013297388709 14.07678283 14.07678283 14.07678283 14.07678283 14.07678283 14.07678283 14.07678283 14.07678283 14.07678283 14.07678283 14.07678283 14.07678283 14.171371568 14.17678283 14.17678283 14.1644843260192 14.1 14.1 14.1 14.1 14.1 14.1 14.033982862 14.0169856764642 14.0045731282301 13.9328567490755 13.9958448956189 14.02321717 14.02321717 14.02321717 14.0178401063964 14 14.0086937942149 14.0128650104795 13.9602793068261 13.92321717 13.92321717 13.92321717 13.842914592 13.7560741033542 13.7971011646802 13.8228152580345 13.791126062 13.6877018645768
13.6074483176083 13.68392567 13.6876485777376 13.7254323465894 13.78392567 13.828514768 13.88392567 13.8933893961025 13.9 13.9614004045516 13.9968338871214 14.0733897572056 14.08392567 14.0842040481403 14.1 14.1 14.1 14.1 14.1314268214948 14.1465041721781 14.1434161741489 14.18392567 14.18392567 14.18392567 14.18392567 14.257315225784 14.283055845889 14.2 14.2 14.1974253330921 14.1644884025808 14.1 14.1 14.1 14.0565840272727 14.01607433 14.0054625173813 14 13.9326053219646 13.9754073807248 13.9197461066211 13.91607433 13.91607433 13.91607433 13.91607433 13.91607433 13.91607433 13.91607433 13.9077588833057 13.8505895523673 13.81607433 13.81607433 13.735771752 13.628628912 13.710662588 13.71607433 13.707200392 13.6134997402489
13.6918611706274 13.7145871153323 13.79106851 13.7937750567483 13.8341017492114 13.895050980829 13.9471115051307 13.99106851 13.99106851 13.9976028289902 14.0731310169695 14.0988787530709 14.1 14.1 14.1 14.1 14.1210917747276 14.19106851 14.1944129973531 14.1960175506066 14.242800208 14.29106851 14.29106851 14.29106851 14.3641993084051 14.3103115652705 14.3 14.29106851 14.2829867097562 14.2 14.176839902 14.1 14.1 14.1 14.048268542 13.9463840540384 13.90893149 13.90893149 13.9017592518406 13.9078102001997 13.90048332776 13.9 13.9 13.9 13.9 13.8724037844416 13.80893149 13.80893149 13.80893149 13.8036731593971 13.8 13.7333745166835 13.628628912 13.6011213112359 13.694588258 13.60893149 13.600057552 13.50893149
13.79821135 13.814229088 13.89821135 13.89821135 13.8988811324937 13.9437915550986 13.999136653309 14.0578217142833 14.09821135 14.09821135 14.0996476949397 14.1 14.1 14.1017008418374 14.19821135 14.19821135 14.1986256073856 14.2 14.2367762397991 14.3420026693914 14.3973479990163 14.39821135 14.39821135 14.39821135 14.3996476906469 14.312554102 14.3 14.3 14.291125582 14.2 14.176839902 14.1 14.0632239959082 14.00178865 13.950057192 13.9007355948688 13.9 13.9 13.9 13.8141184387618 13.80178865 13.80178865 13.80178865 13.8175191796075 13.8772543908001 13.8012466407922 13.8 13.7562091520231 13.6509827224307 13.6613983071616 13.6369525632461 13.6022687283463 13.6003523179386 13.6 13.6016918528767 13.50178865 13.484199497692 13.3193075939003
13.8137539090988 13.9008576201262 13.928514768 14.00535419 14.00535419 14.0475559029738 14.1 14.1 14.1 14.1039171499262 14.1813578968488 14.1172358943762 14.1948786943988 14.2 14.2 14.2 14.2 14.2286806882738 14.29464581 14.339234668 14.3974156234011 14.4 14.4 14.4 14.4 14.3953179804739 14.39464581 14.29464581 14.2862465452011 14.183982742 14.076839902 14.0286804611239 14.0217591721011 13.9 13.9 13.8968477582239 13.89464581 13.8254029562261 13.8 13.8 13.8 13.79464581 13.79464581 13.79464581 13.771485952 13.665965576026 13.635440632749 13.650057432 13.591876022299 13.527265333074 13.48393743 13.487854541376 13.493591172601 13.49464581 13.499710245051 13.486014796552 13.291126062 13.215159209274
13.9136061286655 13.9390100564768 14.0327632236192 14.1037870272385 14.1078173599039 14.1 14.1064649558114 14.11249703 14.1042467884733 14.1640175736156 14.197538497242 14.2 14.2 14.2 14.2 14.2 14.2 14.2 14.2 14.244588858 14.351731698 14.4 14.4082502115339 14.41249703 14.4024615327508 14.3234822421068 14.3006762470355 14.1997836041779 14.18750297 14.171485712 14.0672371963951 13.9962130327473 13.9547368021104 13.9 13.9 13.841125702 13.8 13.8 13.8 13.789071889886 13.78750297 13.6997836341707 13.68750297 13.68750297 13.664343112 13.58750297 13.5828233898825 13.5359897849752 13.435771752 13.2623973453095 13.1585056369037 13.2597427956231 13.380302578 13.3890719198789 13.4702705050213 13.2877193058364 13.2900170833059 13.18750297
14.028514768 14.11963987 14.11963987 14.1439917360992 14.1699081383911 14.11963987 14.1612117226283 14.2 14.1469481563523 14.11963987 14.1841717046671 14.2 14.2 14.2 14.2 14.2 14.2 14.2 14.2 14.244588858 14.341571659764 14.38036013 14.4334117807834 14.46072026 14.3961886181972 14.3631858693125 14.2847086271778 14.1789686316681 14.0982570758415 14.0674886406488 13.9954513868609 13.9560086496294 13.9 13.9 13.8898400088997 13.8330486675906 13.8 13.8 13.7842286309385 13.7100886855518 13.7 13.6789688245325 13.5982571229772 13.58036013 13.557200272 13.4744087195063 13.423274722 13.36072026 13.3191489859646 13.1268635329098 12.9135373398904 13.1672443902579 13.3448913860742 13.2904490084161 13.2989371409065 13.182091228 13.264355083887 13.1
14.135657608 14.22678271 14.22678271 14.218666633437 14.2 14.211942168809 14.2129274950681 14.2 14.2 14.2 14.2 14.2 14.2 14.2 14.2 14.1957100799614 14.1794202561616 14.1918839877155 14.17321729 14.2058640434696 14.2602897306534 14.27321729 14.27321729 14.27321729 14.27321729 14.185771392 14.17321729 14.0995362364858 14.0667196816371 13.9957101442399 13.956260093883 13.9 13.889971005871 13.87321729 13.8491960047498 13.8110145775021 13.8 13.8 13.719697182 13.6765796830103 13.67321729 13.57321729 13.564343112 13.4689274985184 13.4294775596045 13.342914592 13.235771752 13.1254493861062 13.06608645 13.1018208013162 13.1091015956577 13.0947830961388 13.1143763665883 13.1899126281337 13.2692549591658 13.1275865380857 13.164343352 13.0689275627969
