catData/variables/pastClimate/lgm_MIROCesm/bio17.asc
NCOLS 409 
NROWS 350 
XLLCORNER 60.897278365 
YLLCORNER 5.843756025 
CELLSIZE 0.0892857 
NODATA_value -9999 
[rows 108 to 134 of 350, columns 61 to 121 of 409]
2.31495583272235 2 2.53034534310585 4.73303970130976 6.82093148000021 8.02166015406896 8.99292426989696 9.49752826724062 9.89934702437819 10 12.6234129400004 12.4088421157909 12.0064984529285 12.3750309 12.3149567327965 12 12 11.5319359172324 10.7500618000001 10.3620348942173 9.63204633002887 8.7148475199999 7.91779614430401 7.44889691855843 6.50056231999992 5.42913391999998 3.9870048942914 3.19446982999168 2.74511563425877 3.28816977573305 3 3 3 2.67668837281714 1.78627832000001 1.12744263290769 1.45723325577016 1.62496909999997 1.95292093850499 1.64526030435744 1.61414277277997 1 1 1 1.1893884986697 1.62496909999997 1.79219289560546 2.323310127257 2.84576860988061 3 3.4572317558443 3.92613218129332 4 4 4 4 4 4 4 4 4
2 2 2.30304378000013 4.12341654000008 6.75642462916086 8.01052224330086 9.30236904753868 10.4597517267277 10.1869032140834 11.1184736902113 12.1892697271165 11.3577031200001 12 12 12 11.8387052997603 11.0925652405714 10.3798250772351 10 9.63973506300438 8.71484751999993 7.64341911999985 7.08148333456253 6.44076482624836 5.42913391999987 5.01642581212953 4.6722667973627 3.27665663050751 3 3 3 2.73922185273635 2.30360249999999 1.78627831999993 1.12485574483054 1.45974838401963 1.91851593679147 2 2 2 1.99474069996451 1.63459126084642 1.11154879834259 1.69639750000001 1.78840016327947 2 2 2.51732178000003 3 3 3.22211770814544 3.30360249999999 3.30360249999999 3.30360249999999 3.30360249999999 3.36540706779956 4 4 4 4 4
2 2 2.30304378000013 3.5483576627331 5.01377534585113 6.49095947932903 8.86175202518035 10.1532780393043 9.50055991999988 11.4548561517272 11.3285585327575 11.012560762758 12 11.9318507062108 11.1091802306954 10.4105736648201 10.1618157403357 10 9.65762782863301 8.71484751999989 8.09548044239796 7.33981661999987 6.43824952657083 5.42913391999987 5.02914514446019 5 4.21082621549112 3 2.87700797347747 2.23217409999997 2.23217409999997 1.85770671999983 1.23217409999997 1.11206482410024 1 1.6601809800001 2 2 2 1.27371764280634 2 2.04753983644952 2.44985121251941 2 2 2 2.34236848580262 2.88793461868192 3 3 3.56174678786481 3.76782590000003 3.76782590000003 3.76782590000003 3.76782590000003 3.78843111455745 4 4 4 4 4
2.97369191176895 3.48412439638865 3.1422980800001 4.52800386729538 5.75018520086249 6.43974168902031 8.27215497717846 10.268873209328 10.1076401199999 10.2265112249558 10.1809239501902 10.9545958220323 11.9709151722508 10.3072242257166 10.1349967175587 10 10 9.68572462691496 8.71484751999988 8.07758767676929 7.01176970277712 6.21536976045355 6.04314225229565 5.19695981999989 5 5 3.15796071966414 2.92551300849367 2.13499710334839 2 1.74567323296733 1.10055167887473 1 1 1.4941131344011 1.94537555375679 2 2 1.26610049823038 1.00869721361169 1.17528408545395 2.08875138000007 2.97425178913804 2.64487613901971 2 2.3142713446645 2.91092974349346 3 3.4941111201909 3.83925429999997 3.95685697612498 4 4.73389748755927 4.83925429999997 4.82471792875625 3.92551703691436 3.16074570000003 3.35512184676995 4 4 4
3.92499016854878 4.19024085924003 4.84843245221146 5.31860172404276 6.81214788825228 8.33869438000001 9.46270899953681 10.028614722736 10.0239714968007 10 10 10.0844851786932 10.1755392589507 10 10 10 9.72402545784977 8.71484751999997 7.64341911999982 6.61819693334371 6.07346258964966 6 5.33373380883771 5.01759191933087 5 4.13858798433168 3 2.91124621999991 2 2 1.69696101999992 1 1 1.47111818101776 1.96326849081365 2 2 2 1.12553381999992 1 1.92800568000016 2.91860973363291 3 2.76839181999989 2 2.37446498000011 3 3.47111599537925 3.96326827645214 4.60121321171666 4.91068270000003 4.91068270000003 4.9887874437774 5 4.08777027255991 3.99207318072865 3.91068270000003 3.72044972586794 3.36528528523468 4 4
4 4.68655945125803 6.36897687975186 5.37447218000003 6.45387725088573 7.53521787999992 7.45019596379003 8.35041826520058 9.73641530709549 10 10 9.07102171941895 10 10 9.84268094593321 9.01788889999997 8.71484751999987 7.64341911999998 7.00991227204778 6.48267341999991 6 6 5.26838821999993 5 5 4.05410301999995 3 2.99841229250496 2.82479440299974 2 1.69696101999992 1 1.43791919498129 1.99136546052362 2 2 2 2 1.98435676195262 2.91108466644791 2.98242098905695 3 3 2.9958567844288 2.98211110000003 2.98880986658074 3 3.51732178000003 4.57821808690518 4.99392096859977 5 5 5 4.07102879061878 4 4 4 3.99585682736216 3.98753204814262 4 4
6.01715266163141 6.08227785672492 6 6 6.46977387410309 7.54317094507522 8 8 8 8 8 8 8.99907227932268 8.86245628149902 8 7.76838701999983 6.98377531603549 6.94646050000003 6.94646050000003 6.45683132642984 6 5.33981661999987 5 5 5 3.1082060399999 3 3 3 3.01240031464791 2.7505005199999 2.40795808370861 2.57797725711318 2.05353949999997 2.05353949999997 2.67837472042138 3 3 3 3 3 3 3 3.01240018615311 3.34035165302512 3.64558368779659 3.49943288000007 4.54316413055971 5 5 5.69243710809432 5.94646050000003 4.2443512935492 4 4 4 4 4 4 4.33436550139627 4.49477558024724
6.675259429502 7.75776055235328 6.08709715520532 6.04679700194302 7.01676906000035 8.06031838376026 8 8 8 8 8 8 8.8598697362781 8 7.97998206942503 7.64341911999984 6.60986116487161 6 6 6 5.92642452653485 5.29735045061339 5 5 5 3.1082060399999 3.00216511635532 3.1249679 3.1249679 3.32763459219974 3.69696101999992 3 3 3 3 3 3 3 3 3 3 3 3 3.23160818000011 4 4.04679610217416 4.51513892067758 5 5 5 5 4.89964635493567 4.10984822221261 4 4 4 4 3.97105671204553 3.8750321 3.54736532225111 3.39016892060066
9.52151944981985 9.59252696730972 7.28614511999995 6.81657117879021 8.08819746000038 8.78066881755486 8.1615330579406 8 8 8 8 8 8 8 7.80835576117101 6.61747865230382 6 6 6 5.89839897379631 5.33047801967852 5 5 5 5.1717423935783 3.30460233999993 3.21031903947206 4 4 4 3.75647675442772 3.12285229209729 3 3 3 3 3 3 3 3 3 3 3 3.18612119039835 3.86311896307664 4.37446498000011 5 5 5 5 4.8563150960738 4.15828149740091 4 4 3.99659830217409 3.80360369999997 3.80360369999997 3.61748443825053 3 3 3
11.2678247 10.9741770003359 9.77811882946527 8.79305962073312 8.89180116000035 10 8.98016900867114 8.09101064152719 8 8 8 8 8 8 7.72253222708322 6.20579302311534 6 5.89970774351244 5.73217530000001 5.35340155609047 5 5.17681341569352 5.26782469999999 5.05275070470352 5.64026429490216 4.34705048979873 4 4 4 4 4 3.72582423370818 3.1484027964902 3 3 3 3 3 3 3 3 3 3 3 3.22187589887251 4.20693125092915 5 5 4.84231815966651 4.73217530000001 4.1965107399364 4 4 3.74666671065916 3.71949359914213 3 3 3 3 3 3
12 11.6153454756724 10.1336360163985 9.16588423585748 8.92850795188664 9.83625236018482 9.61098038631282 8.45509724755887 8 8 8 7.67910070304696 7.66662540308118 7.9698891907908 7.55490543533724 6.84696244146513 6.23644537240668 5.49849018627869 4.6607469 4.83625154597743 5 5.43621412176661 5.6607469 5.13014059048949 5 5 4.33337541112627 4 4 4 4 4 3.55410421999988 3 3 3 3 3 3 3 3 3 3 3 3 3.62189155469375 4.6607469 4.6607469 4.27173204369045 4 4 4 4 3.05410782000001 3 3 3 3 3 3 3
12.3448956707731 11.7683846199998 10.5183669141359 9.41068149999998 9.22755838095465 9.51732897999994 10 8.67962843999968 8 8 8 7.05410062000009 7.01021158131804 7.53701284113661 7 7 6.8214121085004 5.81552975095505 4.63824086659024 4.71555162413577 5 5 5 5 5 5 4.98267461999984 4 4 4 4 4 3.73722536777399 3.1982260297713 3 3 3 3 3 3 3 3 3 3 3 3.2206791403162 3.77243866213852 4 4 4 4 4 3.64087390313392 3.03188673932067 3 3 3 3 3 3 3
13.244695191091 11.8800486876902 11.0329657135284 9.8194632547474 9.50193568806748 9.75002945718507 9.71615423840389 8.51580064037698 8 8 8 7.05410062000009 7 6.95720976693576 6.59511667184531 7 7 6.80606580818883 6.03621171999986 5.23270163424882 5 5 5 5 5 5 4.99102735721918 4.43932082399954 4 4 4 4 4 3.48267581999994 3 3 3 3 3 3 3 3 3 3 3 3 3.23092376715758 3.76729605162363 4 4 4 4 3.12553621999994 3 3 3 3 3 3 3 3
14.2331643400001 12.4253303163008 11.5616587788066 10.17906612 9.75261583097786 10 9.41124261999992 8.7052523343453 8.14856183054685 8 8 7.05410062000009 7 6.96037376499164 6.53638627980118 6.57466835520723 7 7 6.80092354053023 6.32257179563797 6.1070766 6.1070766 5.70210145903879 5.5535383 5.06948644882332 5 5 4.96037483649973 4.46487132839246 4 4 4 4 3.76903456714607 3.22764119774617 3 3 3 3 3 3 3 3 3 3 3 3 3.51732178000003 4 4 4 4 3.12553621999994 3 3 3 3 3 3 3 3
14.1547708682736 12.7683846199998 11.8863484911421 11.0164618774235 10 10 9.77919637687921 9.21237257168637 8.2683858199999 8 8 7.05410062000009 7 7 6.73970539164661 5.46189588021232 5.93945737122214 6.37503330000002 6.37503330000002 6.37503330000002 6.37503330000002 6.37503330000002 6.1006545198277 6 5.67204516269623 5.0338125858694 5 5 4.83981781999991 4 4 4 4 4 3.77919817703907 3.21237557152656 3 3 3 3 3 3 3 3 3 3 3 3.19401289431529 3.74298255711912 4 4 4 3.67204696285609 3.0338155857096 3.61414191427513 3 3 3 3 3 3
13.83981302 12.7683846199998 12 11.5118362312383 10.3858721210007 10 10 9.33981421999984 8.2683858199999 8 7.39102269443568 6.35770552000006 6.30360489999997 6.30360489999997 6.09478749660761 5 5.09200484787078 5.56438381989006 6 6 6 6 6 6 6 5.05410301999995 5 5 4.9513679052593 4.53510262697977 4 4 4 4 4 3.3398190199999 3 3 3 3 3 3 3 3 3 3 3 3 3.17874743952392 3.763350028237 4 4 3.39102770848046 3.67514207856066 3.99474138704108 3.634590745198 3 3 3 3 3
13.83981302 12.7683846199998 12 11.62552782 10.5540994199998 10 10 8.83290806374985 7.50056231999984 7.23217649999994 6.3577055199998 6.01256089259945 6 5.93185091922567 5.19498540486159 5 5 5.08694308287614 5.57454760121131 6 6 6 6 6 6 5.78038494982308 5 5 5 4.76838941999986 4 4 4 4 4 3.3398190199999 3 3 3 3 3 3 3 3 3 3 3 3 3 3.15327795207935 3.23217649999994 3.23217649999994 3.02914656018281 3.94589217999999 4 3.91125101999996 3 3 3 3 3
13.83981302 12.7683846199998 11.7456699318517 10.78627592 10.0890704289761 9.56583067060999 9.1607481 8.3944387102178 7.2683858199999 7 6.12552901999986 6 6 5.98573261270172 5.70481668688434 5 5 5 5.07167728522848 5.59491541518558 6 6 6 6 6 6 5.82471154191664 5 5 4.76838941999986 4 4 4 4 4 3.89387716180884 3.22524733777714 3 3 3 3 3 3 3 3 3 3 3 3 3 3 3 3 3.94589217999999 4 3.91125101999996 3 3 3 3 3
12.1643315470024 11.8577043199998 11.0622519204835 10.62552782 10 9.48267102000005 9 8.33981421999984 7.2683858199999 7 6.12552901999986 6 6 5.91917149537063 5.07501206136974 5 5 5 5 5.04620745492761 5.08931969999995 5.69053569855352 6 6 6 6 5.98267461999984 5 5 4.76838941999986 4 4 4 4 4 4 3.26839061999996 3 3 3 3 3 3 3 3 3 3 3 3 3 3 3 3 3.94589217999999 4 3.99207296773109 3.7648099155284 3 3 3 3
12 11.7683846199998 11 10.62552782 10 9.48267102000006 8.42177625491267 8.00607971815426 7.2683858199999 7 6.12552901999986 6 6 5.91124381999988 5 5 5 5 5 5 5 5.01181153890654 5.73641359416053 6 6 6 5.98267461999984 5 5 4.76838941999986 4 4 4 4 4 4 3.26839061999996 3 3 3 3 3 3 3 3 3 3 3 3 3 3 3.78866803310609 3.98210870000008 3.99903194076004 4.96509800769277 4 3.99713421844122 3.98210870000008 3.98210870000008 3.61434574235752 3
11.9378869536331 11.6737104357604 10.6434191199999 9.94646290000001 9.50056231999984 8.45683021333522 8 7.96465556787756 7.25401722151599 7 6.12552901999986 6 6 5.91124381999988 5 5 5 5 4.97612790454752 4.45683248484604 4 4 4 5.52009547515887 5.89292580000002 5.94356638120797 5.93006507060146 5 5 4.76838941999986 4 4 4.02387196696344 4.54316524364297 4.41124741999998 3.96465582485564 3.25402176453796 3 3 3 3 3 3 3 3 3 3 3 3 3 3.03916811604895 3.81358029455761 3.95318374516377 3.94646290000001 3.99907270637647 3.95121426301717 4 4 4 3.97995235940828 3.52444362998514
10.71484752 9.90397843176936 9.69695621999987 9 8.55409941999982 8 8 7.33981421999984 7 6.89964738246894 6.10984222325106 6 6 5.91124381999988 5 5 5 4.95320419670738 4.48485820901262 4 4 4 4 4 4 4.82769249094579 5 5 4.97998275378519 4.67236725193482 4 4.04679550337543 4.51513969090455 5 4.48482118053601 3.38228467374372 3 3 3 3 3 3 3 3 3 3 3 3 3 3.08249954633904 3.76514684794084 4 3.12553621999994 2.88179611078015 3.98484389493975 3.1915333586797 3.87503449999993 3.87503449999993 3.87503449999993 3.54736682354087 3
9.83981302000003 9.18612753222196 9.56007826982479 9 8.55409941999982 8 8 7.33981421999984 7 6.19695741999986 6 6 5.99659692970742 5.73228109233914 5 5 4.94048452152038 4.5026799005263 4 4 4 4 4 4 4 4 4.80360609999993 4.80360609999993 4.67488272304058 4 4.05951500713426 4.49731817081917 5 5 4.88437258467869 3.7425551747359 3.05271028058523 3 3 3 3 3 3 3 3 3 3 3 3 3.66017858000007 4 4 3.12553621999994 2.05410782000001 3.61061385625638 3.73228687830313 3 3.04548596239677 3.13687983555654 3 3
-9999 -9999 -9999 8.73217770000003 8.40569923890682 7.86144776271978 7.73217770000004 7.24880439402679 7 6.19695741999986 6 6 5.98267221999981 5 5 5 4.6969586199999 4 4 4 4 4 4 4 4 4 4 4 4 4 4.22187838338681 4.73217770000004 4.85159853335995 4.86144904826679 4.30110619010653 4 3.26839061999996 3 3 3 3.00463948034649 3.26782229999996 3.26782229999996 3.20579246453353 3 3 3 3 3.15768042733304 3.75119033429371 4 4 3.35973712082622 2.06859910080039 2.01732058000027 3 3 3.23160578000008 3.77812513106619 3.26782229999996 3.14840275218706
-9999 -9999 -9999 -9999 8 7.48267102000006 7 6.77603151200484 6.66074929999992 6.1301394773947 6 6 5.64929998149424 5 5 4.92142513440584 4.46051492029384 4 4 4 4 4 4 3.72756805680677 3.66074929999992 3.66074929999992 4 4 4 4 4 4 4.294625324508 4.14342511999986 3.66074929999992 3.66074929999992 3.42553790858316 3.33925070000008 3.33925070000008 3.33925070000008 3.35069684690908 4 4 3.84696505719067 3.23644532810944 3 3 3 3.58875018000017 4 4 4 3.70333755051026 2.41075410837914 2.35069526111086 3 3 3.23160578000008 4 3.74592661522227 2.8756076199996
-9999 -9999 -9999 -9999 8 7.48267102000006 7 6.33981421999984 6 5.67020719598383 5.58932089999995 5.58932089999995 5 5 5 4.76838701999983 4 4 4 4 4 4 3.69954233264014 3.11607253838616 3 3 4 4 4 4 4 4 4 3.48267581999994 3 3 3.43115269827003 3.58932089999995 3.58932089999995 3.97778003480928 4 4 4 4 3.82141420994146 3.25689415903207 3 3 3.58875018000017 4 4 4 3.12553621999994 3 3 3 3 3.0413744734296 3.1786417999999 2.58350059533786 1.32654802636435
-9999 -9999 -9999 -9999 8 7.73207920122537 7.1982631514216 6.65809473593126 6.48210749999998 5.67906491999985 5.48210749999998 4.5700571293134 4.51789250000002 4.51789250000002 4.51789250000002 4.39794187475528 4 4 4 4 4 3.6817206411266 3.13899624622632 3 3 3 4 4 4 4 4 4 4 3.73208168710931 3.19826546553763 3 3 3 3 3.48987170877268 3.52624403858043 4 4 4 4 3.62553501999989 3 3 3.58875018000017 4 4 4 3.12553621999994 3 3 3 2.92277728377164 2.28628671999993 1.51789250000002 1.32396113828732 1
