catData/variables/pastClimate/lgm_MIROCesm/bio15.asc
NCOLS 409 
NROWS 350 
XLLCORNER 60.897278365 
YLLCORNER 5.843756025 
CELLSIZE 0.0892857 
NODATA_value -9999 
[rows 108 to 134 of 350, columns 236 to 294 of 409]
114.28512608 114.899336223488 115.80301378 116.546499342237 116.6249691 117 117 117 117.144732956549 117.738608180589 118 118.278654585136 118.818971752001 119.58872618 120 120.274366223414 119.57201952 118.50059112 117.42916272 116.35773432 115.186482092693 112.92963144 111.01835642 110.022661838971 109.4998764 108.886905743527 107.60779732 106.389078825611 105.54474961519 105.92351434668 106.727151860955 106.8749073 106.40209131901 104.387998328659 104.736659538749 100.329176026165 98.0377488766967 98.3935619248447 99.5473103527339 98.1084912754481 95.7719075881469 95.1403946011033 95.0046440896919 94.2927153355178 91.2142186604032 90.1721834624591 89.7703647053216 94.9337534427613 99.4809444047727 111.204268056547 107.909411190943 108.871710866223 97.4563323474276 96.5350232039261 100.40961206 99.6088739599996 94.1665709539442 88.3421210999996 86.4981472003291
114.896822809521 115.509474229669 115.940194491142 116.87444218 117.658701907236 117.6963975 117.6963975 117.6963975 117.766707036009 118.211017203181 118.6963975 118.831764558442 119.360244880748 119.875136240063 120 119.490527441685 118.50059112 116.820205043307 115.66133682 115.29835121507 114.91127502 113.902754066897 113.16121322 112.181779468173 111.957155591016 111.851329680818 111.381576038787 111.339932242835 110.919080524457 109.766648226079 109.392795 108.783838994661 107.463364504528 106.092900545134 106.21487992 105.046207044189 103.6963975 103.723423521418 103.818986898985 101.549861775401 97.9860280780395 96.2005359277143 93.8369738029886 90.9717930336389 90.9168661035689 89.8712838320304 89.6963975 90.0472484487378 93.3645730791415 99.1340867137024 95.8814313707751 96.0504033714879 92.2702058150773 94.6188533349952 97.921306426629 99.3181300411221 96.5880332050621 89.5993084672418 86.8933933199998
115 115.73158538 116.616574778341 116.970848726144 117.94587058 118 118 118 118.177816331434 118.83817757305 119 119.342350057981 119.887929046504 120 119.493116215472 119.062319480043 117.580415684441 115.483294539999 113.56004383341 113.477628962105 114.211574457621 113.877030086863 113.178406808652 112.929648884168 113.14226448 114.110174115199 114.655754389286 114.63113948623 113.368617678254 111.30466474 110.7678259 109.89338852 109.548220363808 107.737252800677 105.91127742 104.83984902 104 104.070350558615 105.181613873802 107.0384458145 106.85748832 104.335245446895 99.9632946179255 95.4676080220843 93.0843855400334 91.6903697655096 90.0831349979489 90.0132770765413 90.8708185397171 91.9401155702888 92.1240446261757 92.6060018013968 92.3933921199999 92.3889318021937 95.1468160257507 96.1906401553406 93.3382383123612 87.9934327550896 86.2779114272122
115.8392543 116.57083968 116.968335312176 117 117.94587058 118.8392543 118.8392543 118.8392543 118.876480461123 119 119.314251202561 119.910925885597 120 120 119.33984542 118.386015838228 116.55472294 114.411866139999 113.062833277298 113.00278035086 113.235208520983 113.974256032825 113.644898295333 113.254302596509 113.899443691649 114.44586698 115.434142372035 116.827432227754 116.751494095719 114.279873892438 112.169905421193 110.96481692 110.045432376912 107.97992585493 106.676070913227 104.974256418614 104.8392543 105.093554882299 106.173322791719 107.517535394018 108.077593077825 107.222009759334 104.037909479999 99.6345978333506 97.4565966103864 95.5879632029638 93.4652904399998 92.5495668807201 94.3570171999999 93.8451388579803 91.5866746562463 93 92.9398113799302 92.8392543 95.4257072000008 94.0967576181727 89.5017949599993 86.6662925574224 87.3478494219662
118.130854559029 117.220466481722 117 117 117.94587058 119 119 119 119 119.275948314489 119.944126757343 120 120 120 119.33984542 117.6021770565 116.214583111669 114.251120439999 113.05413182 113.015751696175 113.918607375656 114.145848912512 114.67910092 113.93774675115 114.340994737019 115.35654968 115.956886126644 116.641306998475 117.030354289693 115.471496037862 114.035951126031 112.94692802 110.152732415264 107.07202312 106.073468377411 105.764835973126 105 105.027063836789 105.80474603138 107.851905739549 109.852862235435 110.679465095886 109.805692632164 107.114701772223 104.019886619216 101.715226239999 98.7109880232706 96.5985777355084 94.0085213669328 93.7047966098846 96.7163570105961 96.7255882272806 95.1623557657418 95.3260091260894 93.6391176433678 90.55941570099 87.7993772584157 89.6235661795104 91.4281398452467
120.952412717801 120.21474792 119.157684553209 118.9642222 118.981142784219 119 119.087140144772 119.9821111 119.9821111 119.987531661742 120 120 120 119.421805483761 118.35773432 116.55472294 115.21487752 114.127806354219 113.05413182 113.01729658 114.087137787706 115.14226448 115.977968356696 115.666632538809 114.988809394314 115.44586698 116 116.010531620828 116.0178889 115.273221148162 114.19699102 113.12556262 111.091347941648 108.94692802 107.877086769361 106.82196012 105.9821111 105.9821111 106.73098346 108.873840260001 111.01669706 111.9821111 111.970301746601 111.206469762192 109.308066335591 106.302893239913 104.019797184582 100.910533958153 99.7168133464274 97.4501639335293 95.9496577476881 99.2634347482312 98.814046993788 97.4120213120968 95.8864247394559 93.3544401500773 93.5531638486022 97.5195695140298 98.0826143429512
123.107079 123.107079 121.50105144 120.232636819999 120.056437562082 120.0535395 120.0535395 120.205120619617 121 121 121 120.55413062 119.48270222 118.41127382 117.304501073864 115.48329454 114.186441947779 113.12556022 113 114.01729658 115.093475271067 116.365271728111 117.78081699271 116.75052932 116.033492245646 116 115.48270462 115 114.964655782359 114.21487992 113.9464605 113.07202312 112.051235900928 111.03717124175 110.013606257428 108.89338852 107.834358764215 107.41008678 108.461468054141 109.94526866 112.08812546 113.64226088 114.0535395 114.092707829968 112.58705098158 110.465288039999 108.221149135133 104.163208453254 101.090257139999 99.0989746451009 98.2141579999999 98.5009406234577 99.9094860600001 101.630351918186 103.76602974 105.83439669983 107.58799226 108.346033902946 108.245799173115
125.082498431461 125.1249679 123.619291285757 122.37549362 121.30406522 121.1249679 121.1249679 121.1249679 121.096027311352 121 120.953206897055 120.484882080093 119.48270222 118.41127382 116.679690839999 114.628258428686 114.024617254165 113.234837122983 113.006764739869 114.01945809728 115.302417860001 117.28512128 118.153908188725 117.94692562 116.828704416978 116.01352977966 115.35773672 114.801460525533 114.172409851615 113.14345152 112.8750321 112.10987132306 111.881797139792 111.877193317357 111.833642314504 109.984830651653 109.2499358 109.51507733405 110.078175396901 110.836010399753 112.90961806 114.537324754544 115.082497531692 115.85654608 116.225317945989 114.501065839999 110.584684840285 108.340320139999 106.197463339999 104.05460654 102.345964011121 102.2499358 102.99880336 105.141660160001 107.737162822528 110.30240586 112.362765428231 114.280304582165 112.541751152131
125.986205668292 126.3927926 125.58977882 124.51835042 123.44692202 122.389395144334 122.178970570859 121.968545997384 121.61750179609 121 120.69909784304 120.108829203485 119.48270222 118.41127382 116.809342756939 115.46481332 114.39338492 114.1963963 113.43629313084 114.423988775686 116.373846260001 118.35654968 119.42797808 119.952896198214 118.57037708831 116.217095714835 114.381109721361 113.099256747886 112.736858845589 112.215702839064 112 112 111.239898759489 111.210293967037 111.928702206438 111.1963963 111.1963963 111.136886693137 110.62556382 110.358298426187 111.83818966 113.865423759237 115.26735718 116.482464827713 117.60661028 116.226469534662 113.348173928137 111.365001123224 109.625569155087 107.630231751438 105.508527357963 104.5891889 105.33805646 107.393347577539 109.325779804064 111.258212030589 112.530496877114 112.8036037 111.842892470163
127.411332314879 128 127.412053144724 126.39338252 125.32195412 124.25052572 123.17909732 122.10766892 121.205800736467 121 121 120.55413062 119.621247342739 118.67909852 117.60767012 116.53624172 115.679879601945 115.5356494 115.5356494 116.55294598 117.68933661885 119.385085049047 120.23158178 121 119.87668426 116.662399059999 113.68832028008 111.444577809761 111.39232748 111.928110649364 112 112 112.253326218769 112.2678247 112.2678247 112.224932311827 112.062022677975 111.96481692 110.89338852 110.2678247 111.16386682282 112.58872138 112.952932112866 114.39185756 115.946772776387 115.556286206188 114.079274991979 113.263193534209 112.935041275592 111.830270705394 109.134517475195 107.8034741 108.452059045202 109.8620986754 110.78511528 111.698870195797 111.823196225996 111.536241236194 109.643277886392
127.32090388 127.90893950808 128 127.422215040335 126.39338252 125.32195412 124.22042468128 122.83984422 121.846981470976 121.236455142896 121 120.55413062 120 119.611001001616 118.67909852 117.60767012 117.3392531 117.635909506128 117.6785062 118.689934861616 119.397877855488 120 120.153016943232 120.557949757103 119.452236958049 116.813660815152 113.270071579999 110.75052932 110.99940528 112.07083368 112.3392531 112.3392531 112.964230981951 113 113 112.894180736433 112.492268457439 112.799788548689 111.96481692 111.3392531 111.681052832927 112.189270273598 110.341044459999 110.536459994543 112.58825386 113.278895477714 113.3214938 113.310068309969 112.630648303902 112.055527542226 110.507733128354 110.205591028964 110.92591215939 111.3392531 111.681051247134 112 111.33985262 110.02023486875 107.251734359999
126.66015698 127.431136798764 127.919101403691 128 127.4425809686 126.796959648945 125.233226739999 123.184752704036 122 121.69698742 121 120.737240925782 120.4106815 120.4106815 120.021640193146 119.08978002 118.821363 119.33668653949 119.799132062965 120.4106815 120.4106815 120.344909469672 120 119.69698982 118.779336417692 117.702056860146 114.964625122601 112.64332072 112.621084392489 113.252496970035 113.74046243242 113.821363 113.432913422671 113.4106815 113.374244777762 112.934228955307 112.684423867148 113 112.779337832057 112.4106815 112.4106815 111.580183140579 109.290661961874 108.541368431341 109.865551713216 111.05307198 111.567085591693 111.582217085852 111.08991682 110.01848842 109.273741381512 110.195329260001 111.743091526421 112 112.21244167133 112.4106815 111.47942380376 109.236403801306 106.510084921148
126.505730448776 126.870594654393 127.80301378 128.421577231956 128.938123470737 128.44751194 126.2618787917 123.67968844 122 121.843072784642 121.4821099 121.267151857795 121 121.283830719767 121.4821099 121.10323031733 120.9642198 120.9642198 121.454075566327 121.4821099 121.4821099 121.32195652 120.4821099 120.17909972 119.4821099 118.821286034859 116.697507083922 114.89338612 114.800375801485 115.316922040266 115.862200100953 115.9642198 115.01835402 114.465434509219 113.42916752 112.35773912 111.637822768266 112.181863250515 112.698409489296 113.214955728077 113.4821099 112.30466714 110.161810339999 108.045129553596 107.933759258017 109.331788940765 110.46375348 110.50059832 109.42916992 108.434950735889 108.23157698 109.459928866549 110.89232388 111.732844671014 112.51729058 113 111.997968827357 109.28738256 106.48896527508
126.89338132 126.88016315245 127.80301378 129.358479417766 130.49940888 129.509364692019 126.733817859999 123.768340798196 122.425347586696 122.167729068412 122.34627087648 121.800936398627 121.5535383 121.816381991157 122.365420843951 122.5535383 122.5535383 122.5535383 122.5535383 123.1070766 123.1070766 122.94692322 122.1070766 121.80406642 120.899810504972 119.661804339999 117.51894754 115.96481452 116.21369048 117.28511888 118.442530751348 118.176580319218 116.637637884111 114.96541164 112.91127742 111.751199318787 110.31827364368 110.363657591428 112.028162646536 113.44586458 114 113.474316903718 111.055940666066 107.400308917925 106.4464617 108.195331660001 108.868753472603 108.885203282505 108.406851537613 107.911351627279 107.67803868 108.74946708 109.82089548 110.89232388 111.677412131741 111.8929234 111.23277602 109.103151273582 106.48194272869
127.96480972 127.6249667 127.926123607859 129.202387116425 130.32090388 129.333947646444 126.789269517877 124.364718890688 122.913148220747 122.738606507819 122.859572163615 122.34631318495 121.676706113516 121.3750333 122.447762509353 123 123 123 123.59113611509 124.6249667 124.680416857958 125.189870549392 124.730169199173 123.757551947738 122.25052812 120.733232739999 118.59037594 117.03624292 117.28511888 118.35654728 119.729130787699 119.12556262 117.10826844 114.96541164 112.91127742 111.67969804 109.76842062 109.984755104683 112.99880576 114.417147464791 114.301675813356 113.632068741922 111.147005809511 107.530899280946 106.6249667 107.28085117237 107.966166415249 107.3750333 107.319586141882 106.790093079105 107.086849079014 107.67803868 108.74946708 109.542246464711 109.7500666 109.7500666 109.08991922 107.28691504 105.645909112461
129.03623812 128.186922626136 128.559214861625 128.961880030615 129.287170942854 128.26900694 126.126150139999 124.094825040429 123 123 123 122.55413062 121.48270222 120.590013973006 121.623914060001 122.813075702515 123.559213190276 123.6963951 124.64226328 125.708440353559 126.48151518 127.50432022908 127.696331103158 125.786769839999 123.757594427637 121.804661139999 119.66180434 118.10767132 117.896820536594 118.73158058 119.243797461072 118.42916752 116.41187334 114.28106012221 112.973063389971 112.487621497732 111.322481565493 111.879190153493 114.184511938985 115 114.122466723463 112.304900835702 110.546210604116 108.314732919819 107.6963951 107.087442864659 107.287168756899 106.291562989138 105.580273918623 105.352226793616 105.768478874145 106.60661028 107.67803868 108.3036049 107.943366274812 107.197228787051 106.71039072071 105.653524028471 104.50060072
130.10766652 129.03623812 128.954264428892 128.328582744804 128.2321765 127.21086110337 125.890672207457 124.484696348455 123 123 123 122.55413062 121.48270222 120.863311616069 121.581250459844 122.73158298 123.80301138 124 124.94586818 126.030577300594 127.85654848 128.805007351232 128.53683644 126.393979639999 124.25112284 122.108266039999 119.96540924 118.863312173293 118.26094314262 118.169855818532 117.615607334445 116.589915619999 115.29887941373 113.995984697817 113.7678235 113.730640205992 113.357834909921 113.141182565834 114.086935281746 114.2321765 113.19759054 111.05473374 109.57202672 108.330743058691 108 107.12556502 106.273743869047 105.21488472 104.2321765 104.355142343216 105.053766732697 105.53518188 106.319111224522 106.806696459565 106.71488592 105.19142525226 103.957476328172 103.526674795915 102.66134882
130.054629119763 129.26841462 129 128.859435081005 128.045428218581 126.98270102 125.91127262 124.814099482661 123.8392519 123.584948016511 122.685749696097 122.089075444317 121.48270222 121 121.66015458 122.117600574027 122.96375948 123.1607481 124.900437947215 126.020076972372 127.175010471958 127.3214962 126.85833264 124.969777709284 123.41187094 121.643208850112 119.96540924 118.50591244906 117.50059592 117.1607481 115.683812307818 114.44705882 114.16945007301 114 114 114 113.76842062 113.04870792492 112.846501824506 111.947303504092 110.881797456321 109.638138976735 109.05463027715 108.882400197564 108.8392519 107.230945701608 105.260318981195 103.318716579219 103.1607481 103.32089668 104.1607481 104.46375348 105.474992361289 106.071671498297 105.64345752 103.98331014 102.50060072 102.1607481 102.031666703773
130.309488343406 129.934655013334 129.9106803 129.114343033185 128.05412942 126.98270102 125.992074897037 125.75052452 124.699781149482 123.69698742 122.966555043999 122.504635839261 121.48270222 121 121.058964809039 121.755557907701 122.071724735558 122.885654781183 123.168969324154 124.19593598 125.097839308596 124.2679591 123.804795539999 121.96494892 120.860075778366 120.138814695106 119.525819651847 118.41127622 117.33984782 116.333763977931 114.48330174 114.01121521555 113.13861866771 113.0893197 113.0893197 113.0893197 112.85774032 111.813376484007 110.80420322 109.73277482 108.66134642 108.126054982955 108.690505099696 109.666233836436 109.9106803 108.958141049917 105.206875546685 102.0893197 102.0893197 102.24946828 103.0893197 103.39232508 104.46375348 105.0893197 105.043115460582 104.358696817322 103.25053292 102.244448649197 101.268719912456
130.988188933424 130.263612333509 130 129.12555782 128.05412942 127.96480972 126.894968768173 125.83984422 124.99585665796 124.67909612 123.614366955906 122.55413062 121.48270222 121 121 121.01308897057 121.0178913 121.033536164436 121.0357826 121.07097048 122.052086494765 121.878494572167 120.817948820899 119.73277242 118.66134402 118.473672440101 119.008636213168 118.989466966235 118.32195652 116.532036467631 114.39398204 113.141207441496 113.00096853157 112.983015235362 112.0178913 112.0178913 111.78631192 110.71488352 109.64345512 108.13413923696 106.51848962 106.0357826 107.992610064483 109.73157818 111.577279496751 111.08978242 107.18076388 103.947234992423 102.894975839356 102.002865266289 102.245325066778 103.30300538 104.006699107088 104.455776425979 105 104.989467052113 104.32196132 102.532045981753 101.19699582
130.534888570254 130.971259719295 130.239977249041 129.17909492 129.0535371 129.052610962778 128.916022826615 127.73322554 126.041138754597 125.69698742 124.27116452419 122.60766772 121.53623932 121.022018407629 120.375188181765 120.745953248841 120.19698862 119.953185030054 119.9464629 119.01729658 120.004750078127 120.0535371 119.834353536914 119.1070742 119.087027844299 119.0535371 119.0535371 119.0535371 119.0535371 117.59037594 113.884491952063 112.185821978543 112.94876396915 112.930094600244 112 111.991425980969 111.727281608425 110.69699222 109.25112764 107.530265123394 105.394583959999 103.914944464607 105.213225360001 108.08766034 110.49893896 110.065305532967 108.105374922361 105.965416439999 103.822559639999 101.83985142 100.987602040064 101.24946828 102.340942778723 103.867854191884 105.491447717511 106.651755593808 106.44692682 104.604756194308 102.44752874
128.152879807085 130.429628192805 131.100349018525 130.25052332 130.1249655 129.98270102 129 128.699702387126 126.89338132 125.82195292 124.703732315714 123.55413062 122.48270222 121.41127382 121 121 120.19698862 119.234835024327 119.1249655 119.14226208 120.21369048 121.144979147208 121.278870732929 121.3748965 120.906874111262 120.069247509911 120.064644075809 120.1249655 120.04246925275 118.62826117297 115.71593856 113.376090739999 113.006764909869 112.122804324149 112 111.83984902 111 110.69699222 109.297919244452 107.23323634 104.573086559999 102.53624412 103.362769112668 106.103312506947 108.48104766 108.8750345 108.047371410213 105.965416439999 103.822559639999 101.819838372626 100.64345752 100.17803988 101.62390206 103.32089668 104.90961566 107.567621878305 108.08992162 105.646763393135 103.26902614
127.306515643916 130.443865034039 131.841700671992 131.297292930054 131.1963939 130.17909492 129.178968383805 128.83984422 127.722934099711 126.50059352 125.05472414 123.445302746429 122.584296348475 121.60766772 121.1963939 121.1963939 120.39338252 120.1963939 120.010631159244 120.41008438 121.464087735151 122.35654728 123.42797568 124.1963939 122.999540706963 120.55413302 120.51729538 121 120.469497681223 119.46481332 116.78736696 114.447519139999 113.064765850589 112.78631192 111.8036061 111.674907795551 111 110.756501099644 109.82195772 108.30466474 105.746108145784 103.688445132168 103.85654368 105.515872768075 107.448307566028 107.975339796019 108 105.965416439999 103.80513553784 101.48330894 99.6175094262522 99.3030053800003 100.675331049654 102.24946828 103.635001831121 105.357014627027 105.487532038532 103.894949860579 101.962515062626
128.999467759257 131.535058180882 132.215064997491 132.2678223 132.014497065762 130.98270102 129.91127262 128.83984422 127.536831639999 125.53468036779 123.916040728956 123 123 122.568947819598 122.2678223 122.071888063656 121.19698862 121 120.560781002929 122.28511888 123.244059771789 123.117260733416 123.901736715043 124.383202516669 122.899344783408 120.405723840077 120.51729538 121.157673356824 121.2678223 120.53624172 117.85879536 115.050559879364 113.093770088691 111.98270582 111 111.042892003811 111.2678223 111.186670059442 110.725846178931 109.495505617304 107.362516044322 105.09037954 104.92797208 105.803467529203 106.587943510829 107.60661268 107.7321777 105.697594139999 103.489778402663 100.722594201037 99.2058008205893 99.3030053800003 100.37443378 101.207038510939 101.325813447096 101.1965331 101.019730910349 100.393067328024 99.6085913463971
129.756512222426 131.640525532275 132.80301378 132.703344878325 132.035765976374 130.988569711074 130.25052332 129.17909492 127.797517244826 125.296556719747 123.551472035426 123.3392507 123.3392507 123.139524931327 123 122.26841702 121.469410792773 121.3392507 122.28511888 123.344811526255 123.602124331572 123 122.921435719028 122.460535535672 121.378151390372 120.187990014928 120.51729538 121.58872378 122.223957089172 121.855859343871 118.997053101429 114.841501179999 112.751613664058 111.310071482671 110.690848497371 111.16015098 111.921436533229 111.563332722941 111.3392507 110.74212624913 108.448121059999 106.02228138027 105.77544420503 106 105.72757945563 106.238531600931 106.00061378623 103.953530588469 102.174156623168 100.50060072 99.5077349725687 99.3030053800003 100.247406858031 100.21488712 98.9679675286312 98.1217752739314 97.3221005199995 96.9822478999997 97.2546676301678
128.227843085595 130.531580285432 131.98165558 131.663314747484 131.5893209 130.992895670463 130.537032000563 129.83984422 128.495461025233 126.51834562 125.44691722 124.455139728608 124 123.41127382 123 122.568862859802 122.4106791 122.051564958145 122.557419887119 123.57202432 122.5893209 122.5893209 122.452844916987 122 121.62556142 120.737241270066 120.92797448 121.757626327881 122.66015218 122.699555145828 119.707063985198 115.861363636223 112.57308176 110.4106791 110.462965170696 111.16015098 111.863525431357 111.589247917617 112 111.10827084 108.448121059999 106.41127862 105.728890282484 105.288877031458 104.37563522 103.819529629405 102.82209932 101.154248647352 99.7156780436739 99.0842628947006 98.6844247257271 99.3030053800003 99.84622787222 99.1434587199996 97.5547397399996 96.0006019199998 94.9291735199997 94.5893208999999 95.7221021139389
126.17804948 128.359945841412 129.83879878 130.035785 130.491796300647 130.026825988 129.475116364646 128.952841522706 128.28630832 127.360964557412 126.62555902 125.323218212118 124.232714360529 123.41127382 123 122.64729835847 122.905030308883 122.547134196236 122.4821075 122.50059592 121.5178925 121.595103645648 122 121.853916519646 121.323973567707 121 121.267903397587 121.5178925 121.859780362881 121.656904904472 119.10886556 116.316153179177 113.618411646531 111.473769846116 111 111.16015098 112 112 111.638963018701 110.14405584 107.98268771071 106.41127862 105.021587059938 104.139013647414 102.809857925233 101.221885857879 99.6339137905267 98.5357669336525 97.4751198358205 97.1129938315324 97.7494694800002 98.8208978800003 99.1434587199999 98.0720303199996 96.7327010082971 95.4112810199998 94.3398526199997 94.3526981703564 95.3138471845815
