catData/variables/pastClimate/lgm_MIROCesm/bio11.asc
NCOLS 409 
NROWS 350 
XLLCORNER 60.897278365 
YLLCORNER 5.843756025 
CELLSIZE 0.0892857 
NODATA_value -9999 
[rows 156 to 181 of 350, columns 290 to 347 of 409]
18.7027691754516 18.764225128 18.80535323 18.8745945145872 18.9 18.9 18.989522686626 18.9947393240277 18.9916031486814 18.9044959306648 18.8780822139889 18.80535323 18.8033488127036 18.755414022 18.6510403446038 18.6022016947424 18.5375194099112 18.432195892 18.325053052 18.217910212 18.110767372 18.003624532 17.8964816919999 17.7741817604874 17.5863095828588 17.4176971195897 17.178616792 17.071473952 17.01605969 17.0129081675902 16.9482260970635 16.91605969 16.911761049629 16.9060254469753 16.8158309976785 16.8106139316678 16.80535323 16.80535323 16.80535323 16.8340310290529 16.9020043916009 16.90535323 16.90535323 16.902201720438 16.9 16.8307593968695 16.7293521595232 16.706025459823 16.6158312248307 16.61070646 16.61070646 16.61070646 16.5656326174456 16.4431152558013 16.5073576087531 16.51070646 16.5134755840606 16.4508857585714
18.770257098702 18.871367968 18.91249607 18.91249607 18.91249607 18.91249607 18.91249607 18.9140089586973 19.0011086235891 18.996481452 18.91249607 18.91249607 18.875052932 18.767910092 18.71249607 18.653624412 18.6042468521198 18.526842662 18.419699822 18.3234839227394 18.217910212 18.110767372 18.003624532 17.898482859885 17.7815714461713 17.6034018355423 17.487549242 17.3859778670305 17.3310241706831 17.2734773356033 17.23748821 17.228346447824 17.144692202 17.0484762727488 17.0256687249648 17.0109836013216 16.92499214 16.9229910021056 16.91249607 16.91249607 16.9452598672465 17.0055714350399 17.0060320606737 16.9484854056127 16.91249607 16.91249607 16.9024617635281 16.8234843427582 16.81249607 16.81249607 16.81249607 16.81249607 16.7922330141902 16.6984788184766 16.670251797237 16.72499214 16.7702562586643 16.635883256
18.8810402262889 18.958871898 19 19.0143673509016 19.01963891 19.01963891 19.01963891 19.01963891 19.0267683675032 19.0871304784159 19.01963891 19.013688261746 18.969910286173 18.875052932 18.8094799339889 18.7526900939301 18.653624412 18.546481572 18.439338732 18.4024660543937 18.3239897735254 18.217910212 18.1125096453634 18.0361327707175 18.0010295172015 17.8846283051206 17.721473832 17.6501605770414 17.5977081708777 17.5473550252033 17.53927782 17.4804879786349 17.378616792 17.3417439215271 17.244692202 17.158577279689 17.13927782 17.123263682 17.0347300419319 17.01963891 17.01963891 17.0554683021748 17.0584305437443 17.01963891 17.0326033435824 17.0249106104986 16.9551091974205 16.93927782 16.93927782 16.91963891 16.9213810890967 16.93927782 16.9347300890653 16.9136884031462 16.9073532827728 16.91963891 16.91963891 16.743026096
18.803458116 18.9746388225426 19.0091018479057 19.073157578 19.1 19.1 19.1253318123011 19.12678175 19.12678175 19.12678175 19.1205797774921 19.0778146520596 19.0167538223887 18.967354927163 18.875052932 18.8110148897336 18.733985502 18.6464354773698 18.546481572 18.439338732 18.42678175 18.3255160275766 18.2511875468717 18.21505630268 18.1473615917683 18.1045965777834 18.0261484653351 17.935759512 17.88034525 17.821473832 17.7626654764581 17.7535635 17.673263562 17.566120722 17.458977882 17.4255162033004 17.3511876111479 17.310767612 17.203624772 17.12678175 17.12678175 17.12678175 17.1406355041623 -9999 17.2018978087343 17.1732175788174 17.1535635 17.1535635 17.1535635 17.0535635 17.0600587334241 17.12678175 17.1098267916793 17.0070344075379 16.9574978875654 17.0535635 17.0535635 16.876950686
18.837382706 19.0316963359783 19.0563804912061 19.0822637596096 19.1272415875748 19.13392459 19.228510688 19.2005865351279 19.23392459 19.23392459 19.210767132 19.1236453381347 19.0752592930496 19.03392459 18.982195772 18.875052932 18.767910092 18.73392459 18.653624412 18.546481572 18.53392459 18.43392459 18.4280626848932 18.3624163679225 18.3186233632619 18.26784918 18.2551468303694 18.204464380815 18.1503004720007 18.0950250591837 18.024229988368 17.9769555244476 17.887549242 17.780406402 17.673263562 17.6011873977102 17.558977882 17.4572677726585 17.378616792 17.30177377 17.2890715017884 -9999 17.3020288914197 17.33392459 17.356319574949 17.3430310158666 17.33392459 17.3635891125021 17.36784918 17.2345108808708 17.26784918 17.26784918 17.2599933515761 17.1533048636081 17.0547720604148 17.2302507319539 17.26784918 17.1311798146913
18.9643491813162 19.099939328 19.14106743 19.14106743 19.1883905300482 19.2359106987689 19.2968094484141 19.2831537675971 19.34106743 19.3344906379631 19.2863527148539 19.2232106856709 19.1667579255121 19.122757114695 19.069514878122 18.982195772 18.875052932 18.811023591427 18.75267704139 18.689535012207 18.643290878976 18.5814249281589 18.54106743 18.525053052 18.4505775042921 18.4696914048909 18.4190013679261 18.38213486 18.3516498795601 18.2990253116229 18.2550245008058 18.167910332 18.0937446128282 17.994692082 17.887549242 17.8400488052792 17.7769067760962 17.7166256950868 17.658977882 17.58213486 17.544692202 17.48213486 17.48213486 17.48213486 -9999 17.4979542134494 17.48213486 17.5336669949167 17.54106743 17.3831533432826 -9999 -9999 -9999 17.3339789619854 17.2145147915926 17.3074805356195 17.44106743 17.4063732732535
19.099939328 19.207082168 19.24821027 19.2129408041207 19.2387130483289 19.2934968972214 19.3456002132283 19.4 19.4 19.3917060725773 19.34821027 19.3336024145234 19.2806082999263 19.203624292 19.1232716671744 19.0695105272753 18.982195772 18.875052932 18.84821027 18.84821027 18.753624412 18.7473149819733 18.69642054 18.680406162 18.6084136006777 18.6325179517719 18.59642054 18.5749256353287 18.54821027 18.489338852 18.4140216640203 18.323263442 18.2577077230804 18.2029238913693 18.101834922 17.99642054 17.9921436632817 17.939916591168 17.8844276036176 17.8300231859327 17.777029088517 17.7231360210333 17.69642054 17.668038586134 17.64821027 -9999 17.657707838785 17.64821027 17.64821027 17.59642054 17.5921437789863 17.54821027 -9999 -9999 17.421535704 17.3871869674761 17.5249382557117 17.54821027
19.151729058 19.226284471541 19.2811881005414 19.3078324112474 19.346557859294 19.3069505472117 19.394586098 19.45535311 19.45535311 19.45535311 19.45535311 19.425052812 19.3346271686354 19.2800937474469 19.203624292 19.15535311 19.089338612 18.982195772 18.95535311 18.95535311 18.860767252 18.85535311 18.85535311 18.8482031882702 18.7978879796475 18.75535311 18.75535311 18.710767372 18.65535311 18.6290688527641 18.61070622 18.537549122 18.4748547950111 18.4176570329066 18.316120602 18.265102574742 18.201834922 18.1018418965773 18.05535311 18.0418251835873 17.9899805443303 17.935447071752 17.91070622 17.851835042 17.81070622 17.8433684819187 -9999 -9999 17.75535311 -9999 -9999 17.6464889194248 17.6 17.6 -9999 17.505932824191 17.551728098 17.6325868950692
19.1840576242232 19.2257033980619 19.266014738 19.373157578 19.4501845090831 19.429701186798 19.460465517487 19.561415433772 19.505544501943 19.56249595 19.548023476627 19.4886361610879 19.425052812 19.36249595 19.310767132 19.2257035480521 19.1752418896628 19.089338612 19.06249595 19.06249595 18.967910092 18.96249595 18.96249595 18.9524876123323 18.8913151053827 18.86249595 18.86249595 18.8457744925276 18.7926636337574 18.76249595 18.76249595 18.689338852 18.6123117408975 18.621853611635 18.530406282 18.4618477082474 18.416120602 18.308977762 18.2249919 18.2060557408926 18.1484534368224 18.1249919 18.0926637837477 18.003624772 17.96249595 18.0082160233973 -9999 -9999 17.86249595 -9999 -9999 -9999 17.7105198765979 -9999 -9999 17.617910692 17.614224048 17.684574936023
19.2706887158608 19.3231234568345 19.3593204532351 19.3918503158875 19.480300418 19.5 19.5658686141554 19.6006790850061 19.6357929602986 19.6 19.6090956890919 19.6181768191064 19.532195652 19.46963879 19.417909972 19.310767132 19.26963879 19.196481452 19.16963879 19.16963879 19.075052932 19.06963879 19.06963879 19.0647766310652 19.03927758 19.0181769862395 18.96963879 18.96963879 18.917910212 18.86963879 18.86963879 18.796481692 18.745258757194 18.7658262654584 18.675053172 18.63927758 18.630406282 18.523263442 18.43927758 18.408977762 18.313202966025 18.26963879 18.2539334406703 18.180406402 18.0933062166344 18.1937411987133 -9999 -9999 17.9734094672439 -9999 -9999 -9999 -9999 -9999 -9999 17.6940048978104 17.651728098 17.7
19.4165000439161 19.4672323551037 19.47678163 19.47678163 19.557082048 19.57678163 19.671367728 19.678510568 19.767909852 19.6890779147387 19.7411593705621 19.669699702 19.5913063136795 19.5425477893401 19.4879894116401 19.417909972 19.37678163 19.303624292 19.27678163 19.27678163 19.182195772 19.17678163 19.17678163 19.17678163 19.17678163 19.146481572 19.07678163 19.07678163 19.0647710973642 19.0083608256555 18.97678163 18.9597957443051 18.8919076587146 18.87678163 18.854820391246 18.77678163 18.7747218592066 18.737549122 18.65356326 18.623263442 18.5448696851277 18.496111417892 18.4138453989117 18.317910452 18.2614542510489 18.3437059479708 18.216182234 -9999 18.082196252 -9999 -9999 -9999 -9999 -9999 -9999 -9999 17.7258560043752 17.7452020657927
19.3243912502375 19.3815589883755 19.4714780489884 19.6227942192027 19.6807576577857 19.68392447 19.778510568 19.785653408 19.8824982846661 19.856983191442 19.796277315892 19.7790535365049 19.7364249848821 19.639338492 19.58392447 19.525052812 19.48392447 19.410767132 19.3165329712044 19.3733860894085 19.289338612 19.28392447 19.28392447 19.28392447 19.28392447 19.253624412 19.18392447 19.18392447 19.18392447 19.174460577538 19.112446823849 19.08392447 19.003624532 18.98392447 18.98392447 18.88392447 18.88392447 18.8813501124416 18.8484145689455 18.7790536136675 18.7364253877196 18.639338972 18.5756088655063 18.5583850861193 18.4963714952678 18.4796092926548 -9999 18.2944632534289 18.348099646368 -9999 -9999 -9999 -9999 -9999 -9999 -9999 17.9132202478248 17.7933882852995
19.438175571609 19.4873934641455 19.4969642018999 19.5796925176543 19.7551875511828 19.79106731 19.885653408 19.892796248 19.99106731 19.975052692 19.89106731 19.8634736436894 19.7966553205562 19.746481332 19.6439592669526 -9999 19.59106731 19.517909972 19.4838943440298 19.4899456337246 19.396481452 19.39106731 19.39106731 19.39106731 19.39106731 19.360767252 19.29106731 19.29106731 19.29106731 19.29106731 19.225053052 19.19106731 19.1838943654683 19.1025028342861 19.09106731 19.0805605597949 18.99106731 18.99106731 18.967910332 18.89106731 18.8877226734331 18.837549122 18.7350270140757 18.69106731 18.625053292 -9999 -9999 -9999 -9999 -9999 -9999 -9999 -9999 -9999 -9999 -9999 18.1269503259999 17.9285224403916
19.4043220934554 19.5578181793337 19.59821015 19.5995195609098 19.760600836 19.8858781548467 19.992796248 19.999939088 20.09821015 20.0979235123597 20.073677325762 19.9976678201163 19.922874376011 19.7992019778728 -9999 19.6403922063707 19.6 19.5986905933858 19.59821015 19.5123322308576 19.5911999680412 19.49821015 19.49821015 19.49821015 19.49821015 19.467910092 19.39821015 19.39821015 19.39821015 19.39821015 19.3970285938032 19.3245726043186 19.29821015 19.210767372 19.19821015 19.1981792131945 19.1964203 19.180692791049 19.0977956748293 19.0964203 19.0596478094142 18.9974121364641 18.944691962 18.8386028277794 -9999 -9999 -9999 -9999 -9999 -9999 -9999 -9999 -9999 -9999 -9999 -9999 -9999 18.039339212
19.5543129966982 19.658871898 19.7035337623237 19.778510568 19.885653408 19.9881154191436 20.0050631843673 20.1000925498782 20.1137498626109 20.1856999038002 20.109466363589 20.075052692 19.967909852 19.9029663070563 -9999 19.70535299 19.70535299 19.7014368850126 19.6239982824983 19.60535299 19.60535299 19.60535299 19.60535299 19.60535299 19.5834353755638 -9999 19.567910092 19.5077396600966 19.51070598 19.5075545988816 -9999 -9999 19.4293514996511 19.41070598 -9999 -9999 19.31070598 19.294691842 19.21070598 -9999 -9999 -9999 -9999 -9999 -9999 -9999 -9999 -9999 -9999 -9999 -9999 -9999 -9999 -9999 -9999 -9999 18.2939598139131 18.1474317728481
19.61249583 19.671367728 19.7867596574355 19.898149238 19.9952578742775 20.01249583 20.107081928 20.1140087228467 20.2011086022969 20.2265092885596 20.276842542 20.169699702 20.0672356928711 -9999 19.848271182 19.8 19.8 19.735984278589 -9999 19.71249583 19.71249583 -9999 19.71249583 19.71249583 19.71249583 -9999 -9999 19.6584346819506 19.7064639151683 19.6609808843119 -9999 19.628345903401 -9999 -9999 -9999 -9999 -9999 -9999 -9999 -9999 -9999 -9999 -9999 -9999 -9999 -9999 -9999 -9999 -9999 -9999 -9999 -9999 -9999 -9999 -9999 -9999 -9999 18.2691497733362
19.71963867 19.778510568 19.9387037294529 20.073157578 20.1 20.1171726928759 20.1956493163479 20.2003395404283 20.2267681487955 20.3 20.281390358757 20.189338372 -9999 -9999 19.8780687038619 19.8277157293619 19.81963867 19.81963867 -9999 19.81963867 19.81963867 19.81963867 -9999 19.81963867 19.81963867 19.81963867 -9999 -9999 -9999 -9999 -9999 -9999 -9999 -9999 -9999 -9999 -9999 -9999 -9999 -9999 -9999 -9999 -9999 -9999 -9999 -9999 -9999 -9999 -9999 -9999 -9999 -9999 -9999 -9999 -9999 -9999 18.41963867 18.3492062627603
19.8009261356824 19.885653408 19.992796248 20.0803463839322 20.1215056644767 20.214224768 20.22678151 20.2289734837034 -9999 -9999 -9999 -9999 -9999 -9999 -9999 19.967909852 -9999 -9999 -9999 19.93014445939 -9999 -9999 -9999 -9999 19.95356302 -9999 -9999 -9999 -9999 -9999 -9999 -9999 -9999 -9999 -9999 -9999 -9999 -9999 -9999 -9999 -9999 -9999 -9999 -9999 -9999 -9999 -9999 -9999 -9999 -9999 -9999 -9999 -9999 -9999 -9999 -9999 -9999 18.4248061601476
19.803458116 19.958871898 20.066014738 20.1248182328123 -9999 -9999 -9999 -9999 -9999 -9999 -9999 -9999 -9999 -9999 -9999 -9999 -9999 -9999 -9999 -9999 -9999 -9999 -9999 -9999 -9999 -9999 -9999 -9999 -9999 -9999 -9999 -9999 -9999 -9999 -9999 -9999 -9999 -9999 -9999 -9999 -9999 -9999 -9999 -9999 -9999 -9999 -9999 -9999 -9999 -9999 -9999 -9999 -9999 -9999 -9999 -9999 -9999 18.575053412
19.823281635466 19.9830489322083 20.107081928 -9999 -9999 -9999 -9999 -9999 -9999 -9999 -9999 -9999 -9999 -9999 -9999 -9999 -9999 -9999 -9999 -9999 -9999 -9999 -9999 -9999 -9999 -9999 -9999 -9999 -9999 -9999 -9999 -9999 -9999 -9999 -9999 -9999 -9999 -9999 -9999 -9999 -9999 -9999 -9999 -9999 -9999 -9999 -9999 -9999 -9999 -9999 -9999 -9999 -9999 -9999 -9999 -9999 -9999 18.7305495319265
19.899939088 20.0375716663127 -9999 -9999 -9999 -9999 -9999 -9999 -9999 -9999 -9999 -9999 -9999 -9999 -9999 -9999 -9999 -9999 -9999 -9999 -9999 -9999 -9999 -9999 -9999 -9999 -9999 -9999 -9999 -9999 -9999 -9999 -9999 -9999 -9999 -9999 -9999 -9999 -9999 -9999 -9999 -9999 -9999 -9999 -9999 -9999 -9999 -9999 -9999 -9999 -9999 -9999 -9999 -9999 -9999 -9999 -9999 -9999
19.951729058 -9999 -9999 -9999 -9999 -9999 -9999 -9999 -9999 -9999 -9999 -9999 -9999 -9999 -9999 -9999 -9999 -9999 -9999 -9999 -9999 -9999 -9999 -9999 -9999 -9999 -9999 -9999 -9999 -9999 -9999 -9999 -9999 -9999 -9999 -9999 -9999 -9999 -9999 -9999 -9999 -9999 -9999 -9999 -9999 -9999 -9999 -9999 -9999 -9999 -9999 -9999 -9999 -9999 -9999 -9999 -9999 -9999
20.014224768 -9999 -9999 -9999 -9999 -9999 -9999 -9999 -9999 -9999 -9999 -9999 -9999 -9999 -9999 -9999 -9999 -9999 -9999 -9999 -9999 -9999 -9999 -9999 -9999 -9999 -9999 -9999 -9999 -9999 -9999 -9999 -9999 -9999 -9999 -9999 -9999 -9999 -9999 -9999 -9999 -9999 -9999 -9999 -9999 -9999 -9999 -9999 -9999 -9999 -9999 -9999 -9999 -9999 -9999 -9999 -9999 -9999
20.0157056920801 -9999 -9999 -9999 -9999 -9999 -9999 -9999 -9999 -9999 -9999 -9999 -9999 -9999 -9999 -9999 -9999 -9999 -9999 -9999 -9999 -9999 -9999 -9999 -9999 -9999 -9999 -9999 -9999 -9999 -9999 -9999 -9999 -9999 -9999 -9999 -9999 -9999 -9999 -9999 -9999 -9999 -9999 -9999 -9999 -9999 -9999 -9999 -9999 -9999 -9999 -9999 -9999 -9999 -9999 -9999 -9999 -9999
20.0397182897663 -9999 -9999 -9999 -9999 -9999 -9999 -9999 -9999 -9999 -9999 -9999 -9999 -9999 -9999 -9999 -9999 -9999 -9999 -9999 -9999 -9999 -9999 -9999 -9999 -9999 -9999 -9999 -9999 -9999 -9999 -9999 -9999 -9999 -9999 -9999 -9999 -9999 -9999 -9999 -9999 -9999 -9999 -9999 -9999 -9999 -9999 -9999 -9999 -9999 -9999 -9999 -9999 -9999 -9999 -9999 -9999 -9999
20.051729058 20.158871898 -9999 -9999 -9999 -9999 -9999 -9999 -9999 -9999 -9999 -9999 -9999 -9999 -9999 -9999 -9999 -9999 -9999 -9999 -9999 -9999 -9999 -9999 -9999 -9999 -9999 -9999 -9999 -9999 -9999 -9999 -9999 -9999 -9999 -9999 -9999 -9999 -9999 -9999 -9999 -9999 -9999 -9999 -9999 -9999 -9999 -9999 -9999 -9999 -9999 -9999 -9999 -9999 -9999 -9999 -9999 -9999
