catData/variables/pastClimate/lgm_MIROCesm/bio15.asc
NCOLS 409 
NROWS 350 
XLLCORNER 60.897278365 
YLLCORNER 5.843756025 
CELLSIZE 0.0892857 
NODATA_value -9999 
[rows 162 to 188 of 350, columns 177 to 235 of 409]
126.769079237178 126.99941248 127.4821027 127.4821027 128.21369768 129.28512608 130.35655448 130.971971491346 132.008344513151 132.4821027 132.4821027 132.4821027 132.639037068862 133 133.230919519869 133.5178973 133.5178973 133.199630366379 131.925312198118 130.71487632 129.64344792 128.57201952 126.983313287791 125.94706002 124.632520665098 121.711472330404 118.429755039999 116.28689824 114.14404144 112.250578767581 111.234067347922 110.693898596575 110.5178973 110.905034725568 112.327320709936 113.919781754562 116.034607560001 118.134686336446 119.67805788 120.5178973 120.663982797045 121 121.44587418 122 121.716171204968 121.176002539528 120.26841222 118.781103908521 117.186086026981 115.564261957515 113.96539724 111.868493353491 110.35773912 109.278021171003 108.17908772 107.4821027 107.251186908992 107.48150558 109.120589255971
127.246809210741 127.784493828436 128.325884892388 128.5535311 129.28512608 130.35655448 131.42798288 132.077105196504 132.57083968 133.50441242185 133 133 133 133 133 132.71365427691 132.120585336087 131.23277362 130.16134522 129.534413906382 128.57201952 127.50059112 126.41185654 124.308616970324 122.483956649501 119.541234211321 116.119167367854 113.59051034 111.694460093791 110.37563282 109.630086655438 109.4464689 109.851426817085 110.80301858 112.358480578732 113.921710420446 116.044185740378 118.64226328 119.71369168 120.5535311 120.85654848 121.5535311 121.752600054683 122 121.41126902 121 120.26841222 119.19698382 117.251110839999 115.53055690892 113.421442991903 111.871655132726 110.39337292 109.809911848746 110.693034750392 110.560389443981 109.720516606315 109.338020642335 110.342078104534
128.07084088 128.6249595 128.845760161396 129.412577375754 130.35655448 131.42798288 132.49941128 133.57083968 133.620633756995 133.341760538652 133 133 133 133 132.721343695599 131.85773312 130.78630472 129.71487632 128.64344792 127.87318490985 126.87563162 126.39533852445 125.34042814 123.197571339999 120.794456184101 117.055306859999 113.841021659999 111.00118464 109.30420442 108.556070681648 108.742975018798 109.412574375948 110.35654968 111.42797808 113.373853460001 115.161968684547 117.291016178304 119.769145698847 121.309985704004 121.769693233147 122.363562789704 122.6249595 122.6249595 122.301666338254 121.779202038895 121.212386623955 120.26841222 119.19698382 117.251110839999 115.10825404 113.618470781794 113.16118922 112.189853196094 112.048587193513 112.738602389607 112.391544672457 110.483296939999 109.698332161843 110.735863037985
128.831762882133 129.360248271344 130.10637804482 130.593210361704 131.42798288 131.940195514751 132.87445178 133.287180667798 133.98269142 133 132.888462767369 132.464891206107 133 132.73923714694 131.85773312 130.78630472 129.304887846511 127.94706002 126.87563162 126.363417313918 125.42916272 125.3036121 124.256947925652 121.367961352175 118.3817199413 114.912450059999 111.698164859999 108.85832784 107.471850675205 107.3036121 108.302332282158 109.66016178 110.73159018 112.362231002588 115.054236156064 116.62583039046 118.743045603017 121.570240160001 123.3927758 123.463089016555 123.6963879 123.6963879 123.6963879 123.17908532 121.876417638346 121.562906728607 120.45533124222 119.19698382 117.251110839999 115.10825404 113.987951528315 113.21488232 112.192079881362 111.768498292115 112.3036121 112.076241018134 111.115144052543 110.91007598 112.160249500504
129.342354991431 130.28512608 131.35655448 131.7678163 131.937680729358 132.616574440445 132.299431419504 132.2321837 132.460348629854 132.2321837 132.07201832 131.285956000737 131.697032769066 132.145242378868 131.211767871328 129.317679281525 127.28689584 125.80420322 124.73277482 124.4643674 123.58991802 122.738107022708 121.644632559999 118.498479216897 115.860902713299 112.179596596503 109.787971586306 108.058302172219 107.425464994088 107.397195195715 108.493243974482 109.66016178 110.73159018 113.839178669855 116.487558895271 118.439950214533 120.574257815665 122.945280660001 124.644842396059 124.177817793745 124.7678163 124.7678163 124.7678163 124.25051372 122.59035434 121.921094547438 121.098549462365 119.348231207832 117.251110839999 115.834510731774 113.98269862 112.84314204862 111.07202552 110.285954329015 110.4643674 110.4643674 110.703190860788 111.914491690197 112.90450948
129.44588138 130.951459271124 132.42798288 132.8392447 132.8392447 132.294401848718 131.28630352 131.9545802279 131.14622916597 130.3215106 130.295763166288 130.1607553 129.955157962905 129.4822659 128.59050794 126.881798616936 125.14403904 123.66134642 122.58991802 121.647579498546 120.60781652 119.53638812 118.444871479842 116.144041439999 113.68085868 110.05268967823 109.06333122872 108.8392447 108.767567676619 108.761648917251 109.42797808 109.945369204992 111.345573361137 115.051319020001 117.588138660001 119.73099546 122.698574854345 123.942241048216 125.108667255828 125.715718555957 125.8392447 125.8392447 125.8392447 125.32194212 124.155872094691 122.570418878359 121.26841222 119.39396764 117.251110839999 116.05412702 113.968178528532 111.983295739999 110.00059712 109.1607553 109.1607553 109.1607553 109.60662708 111.19535566 112.654842640504
129.44588138 131.03461956 132.58873818 133 132.333756131619 131.28630352 130.21487512 130.173819444251 128.25067212 127.2679807 127.2679807 127.2679807 126.68900437197 125.3573076 124.871599632941 123.279575404602 121.17983604 119.69714342 119.291956702765 118.46495972 118.189868847678 117.23277602 116.14404144 114.001184639999 111.829714115004 109.76840862 109 109.34099988487 109.9106731 110.381768829782 110.873935927762 111.511864674695 113.28452656 117.033420520001 119.570240160001 121.71309696 123.92797688 124.99940528 126.07083368 126.9106731 126.9106731 126.569675400745 126 125.953790964167 125.32194212 124.191543729079 123.08975842 120.484028606009 118.161783939999 116.103419041097 113.96539724 111.822540439999 109.83984182 108.789100331273 108.0893269 108.430322413639 109.851915216096 111.94527346 113.49940168
129.44588138 131.03461956 132.010537530315 132.0178985 131.28630352 129.426224653967 128.161345219999 128.035797 127.00058992 125.930749778836 124.878498340054 124.0536955 123.447651139999 121.685947023706 120.625715019999 119.036979239999 117.472320732641 116.393531319999 116.0536955 115.25067452 115.0536955 114.10781772 114.00118464 111.945474204119 110.854868842902 109.995854861685 109.9821015 110.35654968 111.419997558033 112.48150798 112.964203 113.624364780001 116.145879173164 119.369733068055 121.713096960001 122.927008130489 125.98150678 126.965791172924 127.14226208 127.754657615358 127 126.993297982207 126.9821015 126.9821015 126.971564098555 125.655700102663 123.53202026388 121.379594854902 118.374419006314 115.179310767533 112.983295739999 110.840438939999 109.015031908815 108.995854947598 108.9821015 109.35654488 110.873845060001 113.01670186 114.57083008
129.891762760001 131.489618239208 131.35773192 130.356980822021 129.32193492 129.770581757542 128.244375856337 127.898734257105 125.85832304 123.799453138334 122.51907954 120.60781652 119.520167373007 118.431474122102 116.94765234 115.32210292 114.25067452 113.17924612 112.8394103 112.882395932757 112.8929402 112.943572942976 112 111.91126542 110.848410528303 110.0535299 110.340329061479 111.394492353631 112.49940648 113.57083488 114.673778118958 115.76722158 118.223506441647 120.60603716 122.655275841211 123.940080809008 127.033681290387 128.951219924722 129.008573379831 129.065926834941 128.80404242 128.1070598 128.505198779464 128.510388575377 128.022015189514 127.33984062 124.844398480704 121.558510608372 118.276327429076 115.105953746032 111.91186734 109.867239712501 109.21368808 110.28511648 111.069750261578 111.85594656 113.55293158 115.14166016 116.664273797986
129.76680446 130.8750417 130.433438964236 130.702631586447 130.17698615501 128.971673883575 127.766361612139 125.73336474 123.463386789267 121.197734539999 119.05487774 117.172554285039 115.894122439999 114.5001668 113.719841398692 112.23277602 111.16134762 110.172412213653 109.8750417 110.67806268 110.984311407961 111.827682500603 111.877204250832 111.922353542268 111.144971993704 111.220977334861 111.162823136575 111.952022551989 113.57083488 114.706904830883 116.353816237682 117.78512008 118.85654848 120.630651623375 121.109269408061 123.844389460503 126.894507730933 128.08873218 129.16016058 130.26052794524 130.935534530026 130.453043091889 129.76185368136 129 128.41126902 127.257348226146 125.32044817471 120.735002499999 116.361574188159 113.865101060403 110.967559191032 109.21368808 110.28511648 111.35654488 112.465837516776 113.952013551789 115.626545459647 117.28451696 118.2499166
128.891762760001 130.203185521144 130.750270883332 130.61105619171 129.091325463858 127.00117984 124.686592340616 122.704837827145 119.558700034907 116.626139339999 114.48328254 112.71264942361 111.864305065956 110.533689486281 110.498404601481 110.191511509244 109.330497397006 109 109.143675052531 109.99940768 110.899105851945 111 111.01730618 112 112.16016298 112.76840862 112.30301978 113.447984822391 114.64226328 116.129404842085 117.58873338 118.66016178 119.73159018 120.80301858 121.87444698 123.89175076 126.227596027749 128.08873218 129.16016058 130.463177960001 132.665543343301 133.82194092 131.325326221173 128.898408653412 128.09926338565 126.286907839999 123.41246326 118.592145699999 114.983892859998 111.955364533161 110.986096380923 110.28511648 111.387997816448 112.62435998 113.939295248028 115.644365779735 117.109390385006 119.03460036 120.115618463022
128.475546326373 130.628261089539 130.87563162 128.660672638638 126.804657737272 124.85832304 122.075205850905 121.292946709989 119.03664324 116.822491130482 113.861694925477 111.33102165135 109.615823904561 108.558301359055 108.594280956384 108.861457272295 109.047529563589 109.79822090765 110.410989900056 110.908528891879 110.76580925185 110.7321849 110.74949108 111.779713820833 112.385084015495 112.830432288594 112.651988152683 114.184243683229 115.71369168 116.78512008 117.85654848 118.92797688 119.803474382784 120.80301858 122.108637085394 124.412885569482 127.280484666429 128.06496836234 128.849452058251 129.927547760001 132.373421940001 134.290488488031 132.128864614311 128.870518393421 126.664866993718 124.235065489629 121.07367620554 116.396533658547 112.841036059999 110.825942906726 111.004633570815 111.35654488 112.545238681007 114.23158658 115.384166967171 116.916420268741 118.119411195348 119.163874660563 120.58872858
126.507894780064 128.49957928 128.39353132 126.661936339999 124.519079539999 122.648643202013 121.165913604856 122.266763882844 121.953639193481 118.877828099998 113.73518654409 110.507729404505 109.393955639999 108.37445058 109.151261545752 109.523908784668 110.673964273418 112.665597319007 112.60765092 111.53622252 110.46479412 110.018360611341 110.01730618 111.177469160001 113.054334249906 113.3392435 113.842485569264 115.37444818 116.597137311568 117.85654848 118.92797688 119.775449687187 120.248187213229 121.14226208 122.791487005941 126.158508214475 128.33337330511 127.969898184694 127.552089628557 127.44544746 129.89132164 132.35671528 132.241781057382 129.252302679999 125.555320059999 122.341034859999 118.39516188 114.109448279999 110.994828899874 110.035764780291 111.01730138 112.08872978 113.16015818 114.23158658 115.606029960001 117.37444338 118.294612676802 119.17805668 120.24948508
123.887308006501 125.072849489759 125.010352446983 123.98987486745 122.426583640467 122.186314031627 122.591128473951 122.203769495842 118.666714922304 115.612280952529 111.895486322756 110.4106719 110.053512928805 109.760242611145 111.454786515774 113.166179121486 114.16830233863 114.4106719 113.378634805145 112.19697902 110.766438831661 110.03189574508 110.01730618 111.141028361436 112.74949108 113.684436172048 114.30301978 115.37444818 116.89175316 118.51730498 119.58873338 120 120.73159018 121.80301858 123.233557782726 126.805728980532 128.98269622 127.91126782 126.613905390306 124.957398973565 126.963267616823 129.14243008 129.505218116661 127.321887513403 123.82313516 120.608849959999 116.963419523629 113.117711460371 110.661782739999 110.799115353855 111.42797328 112.49940168 113.505057615919 114.23158658 115.606029960001 117.220670005693 117.955542122098 118.92797208 119.757626195467
121.266721232938 121.803094300131 122.0357994 122.672332412536 122.26840502 122.444633322785 120.898710087158 116.87757658 112.062634691611 111.461785389358 110.595115477748 111 111.29217416777 112.532579023047 114.604778849979 115.73208666309 115.198270603841 114.681734650773 113.407415542296 111.809842364635 110.190573248432 109.543992038499 109.53520588 110.60663428 111.67806268 112.637840806225 113.33881918 114.590769159913 116.194695627019 117.55310438 118.62453278 119.354063592187 120.24948988 121.708053778324 123.748893960001 126.381619335539 128.50059592 127.471945330598 126.596731723666 124.71368928 125.942050290197 127.193925357128 127.087987548119 125.251183089008 122.553433842077 119.855684595145 117.157935348214 114.460186101282 112.636881434351 112.93616823258 112.973160979512 113.528053426443 114.077212306625 114.71368688 115.795963034475 116.698418965831 117.891743560001 119.51730018 120
118.8929426 119.123906569979 119.3394139 119.198062464756 117.988745301793 116.324250532398 112.61405111399 110.436065685564 109.4464713 109.495589765181 110.071509245424 110.574665103972 111.438312886634 113.028191022762 114.89175796 116 115.41126422 113.974415999658 112.71487872 111.284924499132 109.641517791472 109.024164017922 109.007726712683 109.486088743288 110.05310558 110.8929426 111.19596238 112.64183896 114.33881918 115.41024758 116.807556802478 118.10663308 119.17806148 121.05250846 123.195365260001 125.861791229453 127.448323797697 127.5535287 127.321861017639 126.082264085933 126.30301738 127 126.108251639999 123.679053015386 121.26900934 119.491569703404 117.941779272799 116.391988842194 115.23261282 115.1070574 114.5535287 114.5535287 114.71368688 115.656925461435 116.16772748796 116.92797208 118.19846943325 119.803640676145 120.22765053446
116.1251287 116.1251287 115.757192594368 114.179838439999 112.03698164 110.395980002797 109.141257905555 108.40886546576 109 109.033280174317 109.475139391405 110.23159378 111.30302218 112.51488561143 114.26680086 115.698337820014 115.779198825735 113.892054448543 112.26840742 110.6951253571 109.172637488621 108.408866965657 108.385858520065 109 108.959972996984 108.7500858 109.05310558 110.732996208673 113.099573214395 114.51730498 116.17746676 117.66016178 118.73159018 120.60603716 123.295385808725 126.46258324 127.64226088 128.6249571 128.46479652 127.39336812 126.92797448 127.390944551224 126.108251639999 123.771384180219 121.44749514 119.96479772 119.350580297384 118.44689802 117.921959968827 117.283741265451 116.239101579729 115.6249571 115.685023288286 116.144731677436 116.92797208 117.99940048 119.07082888 120.012976619356 119.78631432
113.917734327752 114.3036145 113.304887588151 111.746626273896 110.349896675945 109.756190457993 109.6963855 108.75050532 109 109 109.048628531766 109.373929729718 110.121271432331 111.938827034379 113.89175796 115.877552738475 116.6963855 114.715892959999 112.45532245538 110.953170206668 109.82193612 108.75050772 108.701639907188 108.938206525139 108.366521873818 108.535108621043 108.514038361006 110.558969756947 113.202255145102 115.21369048 116.463866870802 118.119888871247 119.42797568 121.30242266 123.71077424261 126.83762614 128.71368928 129.634593696464 128.83983942 127.929686227632 127.78838597032 127.62555422 126.108251639999 124.325636855824 122.51892354 121.03622612 120.186918378031 119.756192644017 119.087434973934 118.05412702 117.67908412 116.6963855 116.807917334258 117.463084043693 117.99940048 118.810071939597 119.44587178 119.639759655501 118.71488592
112.67806748 112.83498846031 112.190978556129 111.33983342 110.26840502 110.616572513189 110.7678139 109.82193372 109.754524131687 109 108.877022794937 108.2321861 108.605565818188 110.21327336 112.698482238562 115.26680086 116.684225615311 115.526390693685 113.30462874 111.348222249564 110.12555062 109.780380327185 109 108.979397063935 108.92797688 109.891860681369 110.676818460942 112.28452416 114.530907304192 116.682312834184 118.12436118 119.855951360001 120.705492870693 122.37385106 124.516707860001 126.879183775568 129.004017697194 129.211583721181 128.83983942 128.177817237931 128.535152943694 127.62555422 126.108251639999 124.48269742 123.274573869805 122.10765452 121.03622612 120.151246915071 119.12555542 118.05412702 117.995982860053 117.7678139 117.805000403197 118.177815395178 118.838169766448 119 119.44587178 119.48269982 118.41127142
109.92815448 110.83325981916 110.666663715719 110.215388538982 110.043148173684 110.80302338 112.467753846173 110.938781762212 109.98269142 109 108.83983462 108 108.30302218 109.74890116 111.963436439304 114.19537246 115.74949348 115.3944670448 112.922831400498 111.228644914203 110.859425528905 110.045421656394 109.8392423 109.913712113009 110.83864758 111.91007598 112.98150438 114.42738096 116.57023776 118.278950338784 119.42797568 120.605530169381 122.227962850641 123.610594599978 125.588136260001 126.937174430575 129 129.074467798827 129.813495253529 129.52135504354 128.69698262 127.62555422 126.108251639999 124.48269742 123.41126902 122.33984062 121.26841222 120.19698382 118.391684539457 117.21488472 117.175277749945 118 118.134411519347 118.682114371903 118.1607577 118.1607577 118.980823938153 119.48269982 118.41127142
108.436642196884 110.046210920531 109.50059112 109.0893293 109.0893293 109.89235268 110.245557630782 110.098998271273 109.087783136665 108.919189832307 107.92916392 107.300234969748 108.30302218 109.74890116 111.485709037168 113.12394406 114.67806508 114.42916512 112.560791486943 110.465691342028 110.0893293 110.004834700027 110.926430931055 111.91007598 112.98150438 114.05293278 115.12436118 116.57023776 118.307047822778 119.89907016825 121.41007478 121.880313189694 122.707613318666 123.80301858 125.748893960001 127.807256374417 129.015758045445 129.918597083527 130 129.76841102 128.69698262 127.62555422 126.514296191612 125.39336812 123.785799666331 122.33984062 121.26841222 119.465700513248 118.136771197779 117.05412702 116.090874820164 116.259462210864 117.103636118109 117.157971132919 117.0893293 117.0893293 117.575030493997 118.132448537031 117.50060072
109.757642942006 110.948099261281 109.41126182 108.351650995932 108.0179009 108.82092428 109.0179009 109.0179009 108.0179009 108.016312428195 107.997132895549 107.986244837096 108.30302218 109.381153582388 111.339574569935 113.508666747679 114.010538900324 113.35773672 111.55471574 110.200505121739 109.141204050906 109.0179009 111.99940528 113.157979831158 114.967065261489 115.21369048 116.28511888 117.73099546 119.42797568 120.508664304717 121.58873338 122.648344289993 124.432183337347 125.76721678 126.854298567945 127.94490650059 129.01730378 130 130 129.995854348828 129.67908172 128.60765332 127.098332289108 125.48269742 124.4007302056 122.673597787045 121.26841222 119.39396764 117.266764184981 116.07202792 115.0179009 115.10663068 116.0179009 116.0179009 116.0179009 116.753381912998 117.990080606147 118.508040041208 117.815180711438
109.867895844433 110.456853019249 109.41126182 108.375170486611 108.014367049708 108.042983833973 108.006720282346 108 108.0535275 108.0535275 108.044954247622 108 108 108.708814353158 110.78470296 112.41025238 112.367236328928 112 111.307567741826 110.25050652 109.17907812 110.050035752869 112.10544604 115.14226208 116.0535275 116.28511888 117.35654728 118.42797568 119.475537421364 120.544995022317 122.199480834002 123.695498589679 124.82427787336 126.670108582959 127.881167519278 128.94587538 130.069905051916 131.004749611765 131.21368808 131.82193852 130.75051012 129.30463594 127.58378678983 126.48269742 124.854051337532 123.39336812 121.59035194 119.44749514 118.132276087744 116.158884255937 114.98269862 114 114.16015818 115.23158658 116.319234614342 117.822457278023 119.55292678 119.562065034615 118.46479892
109.44588138 110 109.41126182 109 108.359822129161 108.827636770831 108.234816129176 108.1249559 109.002162809192 109.1249559 108.984804129207 108.220972790786 108.1249559 108.1249559 108.960998650763 110.452666770756 111.46377988 111.8750441 111.966460909267 111.297321229275 110.359774129282 112.02347435071 113.174711930703 116.08873458 117 117.23159138 118.30301978 119.37444818 120.055714909343 121.09492555065 122.58873338 124.402814669366 126.496719750627 127.80301858 128.109267309388 129.07083128 131.002162209403 131.21368808 132.28511648 132.89336692 131.82193852 130.422853549441 128.302448830551 126.543013310544 125.41126902 124.33984062 122.53682444 120.293626030513 118.344688958987 117.17908292 115.105492610491 114 114.140145470476 115.10663068 116.51893756954 119.170119049547 121.682256299109 121.275627630438 119.514053000861
109.663521774612 110 109.526880755362 109.326030651697 109.249094831969 109.1963843 109.1963843 109.1963843 109.406678046633 110.213810849702 110.3927686 110.20665620237 109.529644101296 109.319232384962 109.554699648628 110 110.47311731596 110.933261580374 111.587919283292 111.961316413043 112.171728129377 113.14226208 114.227597997955 116.08873458 117 117.23159138 118.30301978 119.300912436284 120.33705544005 121.51730498 122.704351372718 124.917578821897 126.678878705386 127.80301858 128.87444698 130.131630454389 131.21368808 132.28511648 133.325091856609 133.813891459725 132.89336692 131.748403247607 129.749940148726 127.16177914 125.60765332 124.53622492 122.73320874 120.102735300796 119.245698526536 118.064756716934 115.7724106594 113.965149728531 113.575778847931 113.64243368 115.260384655264 118.71223632 122.464515922596 122.669357227478 119.64466136
110.941344016257 110.5356254 110.5356254 111.018990985761 110.7321481469 110.320565540439 110.2678127 110.2678127 111.272448157543 111.600597489797 112.2678127 112.329836455525 112.23260322 111.16117482 110.5356254 110.397083913832 110.425483618828 111.018989228511 111.2678127 112.07083368 112.908073430529 114.199195862132 115.280484065208 116.064970332547 116.775080980114 117.169568267226 118.116359625436 119.100281978096 120.040154449244 121.51730498 123.17746676 124.836961488739 126.535063918601 127.58796000594 128.840822286721 130.89175076 132.28511648 133.35654488 134.2678127 134.2678127 133.96479532 132.51892114 130.376064339999 128.23320754 126.67908172 125.60765332 123.80463714 122.46479652 120.753110903969 118.390562643369 114.978065090708 113.554727739999 111.529136725387 110.633939352727 111.802591860001 114.393493342215 116.926636984234 117.349464635833 115.832132331731
112.187979810179 112.175492738808 112.3392411 112.563196736783 112.6784822 111.87545882 111.6784822 111.357600767269 112.35654968 113.3392411 113.393575779693 113.83150985132 114.03621892 113.091819546655 112.527221724358 111.997425644629 112.067494606384 112.3392411 112.3392411 113.14226208 113.3392411 114.910116041447 116 116.030102416527 116.445070214486 117 117.503242796511 119.03520708 120.257895141464 121.692796090451 123.51670786 125.435610651576 126.73159018 127.2724169064 129.088135060001 131.23099186 133.01730378 134.08873218 135 134.921435499677 134.35774152 133.038894738297 131.108251639999 128.96539484 127.41126902 126.33984062 124.288639796766 123.130158812221 122.12555542 119.16238106 114.281045700817 111.834917928169 110.00120144 108.3215178 108.619162354605 109.551211295881 109.821197686212 109.984846297906 110.3037945
