catData/variables/pastClimate/lgm_MIROCesm/bio16.asc
NCOLS 409 
NROWS 350 
XLLCORNER 60.897278365 
YLLCORNER 5.843756025 
CELLSIZE 0.0892857 
NODATA_value -9999 
[rows 175 to 199 of 350, columns 224 to 279 of 409]
684.10913484259 651.082679979782 653.653771989277 663.112728149405 671.385170545325 681.3509884 692.623551660827 705.136092795134 713.699865825694 717.359044706854 718.948453764419 719.380796626402 722.975209158728 731.158530161985 737.479100300001 731.358929240502 719.815643857701 706.981796345046 697.194931611365 689.555881030721 688.010439033527 687.251816336095 684.075176073917 680.06298458738 673.238506197819 666.792337345398 661.365025119037 657.888009835956 662.140598879999 674.377799563557 688.311975593151 702.633718418746 715.153694467775 724.843939247143 724.227239252007 709.900516730713 691.818241766161 668.63524423823 639.026844886257 618.08462977415 613.540650349551 612.938184648666 602.774976007065 588.243330898064 574.424387371051 558.212675221275 536.959823690493 514.004696454484 487.713672623981 469.966098051634 460.040944027592 459.522828251579 459.990505207625 460.522572652306 467.324452408877 476.226891220001
706.527723772064 682.403227891747 682.197993356121 687.035290356093 690.534507965103 696.196561386749 706.907477099697 721.330886743817 731.995059654169 733.335885424401 731.519132184096 728.508240939853 729.238601065686 737.004379002349 745.361236321212 745.009509629242 740.864337082275 738.377678393789 728.273130337413 714.705517072076 706.269082069385 699.771142201389 692.889344073629 684.64498607442 673.50787440536 662.743616468016 649.900334093609 636.85745854107 638.622363180001 653.764026960547 670.902386380001 685.968334980781 698.035170741053 705.523880774912 703.701586219286 690.986292041315 674.851242306001 654.125187473722 634.862122526182 612.503745226236 596.89040043976 592.691342098156 581.481842669196 563.943354506452 550.031764791107 534.581273518731 516.193962247298 496.054709055032 475.497191802856 462.181483431797 457.388923913545 456.102368256669 459.050628425076 463.47545300783 470.891341033019 480.735892640104
760.574002492666 744.849255163176 729.872915144251 719.036743405824 711.668158982253 708.284639544982 715.199947282874 730.793934519807 744.376235567935 743.677430506749 741.933785936872 736.927053392298 734.641486160001 745.876654034647 756.890557252551 759.610402086242 759.327097732517 759.08435572191 751.477103173912 736.736925140702 725.598089199615 714.686836261015 703.61049741557 691.229733225153 677.54462421535 663.867553708785 645.976300214127 630.497487479308 629.809733853717 642.407782472095 657.164929243813 669.841312839675 678.608446437165 683.951057746607 679.821876906506 672.275389115106 656.986064881665 636.17605056037 620.590574905544 607.174418143011 591.805170746001 577.703987739997 562.968276570361 546.636568906176 530.407820868843 513.234966294916 497.782588423097 481.845103018814 469.202167625789 459.218359439998 453.797802711948 455.512263649406 461.354108400001 468.214567340135 475.942220660002 486.773481698925
824.618502869697 814.848010977651 780.378975259921 750.139805556205 728.562665238049 715.994372118002 715.621185540516 724.901830058959 734.811945095515 739.775176448213 747.491643061934 748.688889492527 751.457530302362 764.506416952568 771.912157260748 772.312328364278 771.067313930696 769.270905819999 762.498497790473 752.098108383635 741.970389239998 729.037521293476 714.929723813055 698.825144110588 683.520548499146 668.514690373852 649.46171880373 636.348328755181 633.798972853377 639.543168736769 648.17869885147 656.21411909857 661.505703949009 663.6653397796 660.324273479999 654.637150796633 642.774928243592 625.977900009609 609.943393581581 593.558619837501 575.240403848022 557.728394773839 544.567279750243 529.80565444913 512.866833919999 496.036584380578 482.799784998899 470.349094184045 461.581889693232 455.511627493864 452.234613269188 455.734134985093 463.931365561895 471.591759633649 479.246005560002 492.232715171186
869.301514191967 857.440912383599 813.419714903775 769.482691318373 734.927998433471 711.820207765742 707.962491320001 712.827219124938 720.270060602821 734.237382417164 752.234009875997 763.546036498929 772.476351820003 781.988756236138 784.285032101923 781.300687430518 777.006885669635 774.693794878836 768.957473842652 762.512898085867 754.50738856996 742.417462459996 726.322549243689 706.19518603549 687.462657060473 670.455512424777 654.675117520889 644.02203466 639.953276157266 639.934950702924 643.040453538147 645.081241144977 647.60852540088 647.09044962 645.324275879999 639.523511379997 629.425915851009 616.658635599797 601.647453558148 584.081626807794 563.167015542157 543.680771167991 528.769239959832 514.008479679995 498.434124948276 482.447887256185 470.425596238231 460.089517620848 454.451210166992 451.516444884379 449.9108435 454.719734653905 466.275670662097 478.062839355434 488.660445163863 498.869503949986
879.554674581421 860.270913046775 821.597308395108 779.506377279939 740.822135501564 713.15404761279 705.572897144113 706.978974086449 715.197632907708 735.075040131517 759.619123903385 775.565424800002 783.592040998299 789.042816788599 789.50042792 785.805672979999 780.574088800001 775.158973597299 770.692615331347 767.189542290247 763.770109709695 753.5761602768 734.310875721653 711.921681899994 691.647818814073 674.555701008595 660.685028439996 650.754219560001 644.348159361733 641.086187884405 639.754547315313 637.374587541814 636.028763201234 632.981233911295 632.21552949934 628.292735664134 619.392858040737 606.764409009586 592.615353479996 576.616551664633 559.33897883951 540.769226301704 521.675066996654 505.24740200495 489.42474678658 471.859602784618 458.035252260332 450.135936842712 449.409011207669 450.556784881169 452.453430914668 457.671026127752 469.564068621669 484.492447440003 497.961183831502 508.386990251083
877.903739567433 855.40525003999 821.766869980974 785.672220839548 753.932712557159 731.350448903266 717.641432187611 710.128665443752 709.899182735843 730.193798945229 759.702119360002 777.691058982666 787.248090524515 791.216113626085 790.362305388341 785.768362413638 778.843775597877 770.720074544236 765.698364059999 762.938799925165 760.442507220663 743.896149496036 722.533910843928 712.152512687936 693.991054496012 678.769644293373 665.435114239996 655.50430536 648.538900919999 642.532049303462 637.56606817936 632.535857532092 625.868534111149 620.197907381968 622.116179568427 621.731428459611 612.471283239998 599.239952010207 584.449032415506 568.949286799191 551.560938298314 535.508993402971 517.89445608659 499.897982723999 484.409612372698 466.342856250398 448.650740702098 442.797331284012 447.367727794512 451.953851752411 455.701228939093 461.102048911217 473.199522729694 489.653344495034 505.171426559716 515.844928365588
879.353316426237 853.283896766649 822.494859666424 791.161904498844 767.387937463449 749.460061223783 736.096894267078 724.704615856313 713.5570109004 724.200244654008 756.743120462187 778.725747276118 790.04362587909 793.528949489886 790.752751597715 784.035131355657 774.834811293605 763.444288154643 752.571893058982 746.081050571155 741.239160019997 730.291812978432 720.120451918251 705.907106101175 690.629355662839 677.686818924897 666.971024640427 657.96867756 651.003273119999 644.574702719998 638.230626062411 630.936750262766 621.485314560708 613.912800250672 617.262957281701 616.767204176358 604.221371439998 591.32440165478 578.279131637431 563.57905078316 543.760363516392 528.536544857788 515.541206889613 499.020218340945 482.896506828021 467.525795463004 450.030156985963 443.6220963 449.401023412182 456.682534841356 463.520967614438 469.861552021654 478.689342498994 494.223816802462 510.795450420004 520.739752126716
886.598779192333 857.437205494934 828.355961984747 797.613914258358 780.538207251241 766.43588618218 758.918203002532 755.553388351447 752.916303205497 758.16832366294 772.434182821886 785.357061365753 793.895072188169 795.240903993458 790.981404869374 781.302538106055 766.896174253328 750.939575456551 734.247528239776 721.969619375611 713.090992293757 707.18882198421 701.346876907304 693.101477034521 683.942449112507 674.348078874572 666.391085017755 658.865823146233 652.952667573588 646.717559519998 640.28898912 632.808528979999 623.252810103003 615.325752007481 610.951004400569 604.489347615203 593.685746039997 579.514948560662 567.565343775658 559.359646161406 547.989718876566 528.624560128043 511.822425246898 501.092094667327 485.7583106 472.718402031678 461.267578191934 456.096190800035 458.077443255942 461.049450860002 468.542746915385 476.461449385482 484.523524589719 496.212650290208 508.64876690079 517.19265086
896.838524922846 868.960298419988 839.211414060001 813.507862940378 795.581649410099 782.60213481906 777.635014078678 781.605670876978 793.493558915817 796.791115685109 791.347955034615 792.01687466 794.855224992748 795.971264872856 790.378903539999 778.366273728625 761.604228045059 742.328930133084 717.696881150994 697.796415148917 684.867323024389 682.227593597628 682.367794598228 679.586468846188 675.042522227675 669.8202446406 663.89563536856 657.50344712 651.117859911642 646.401906804674 641.112974140995 634.645451749254 622.364160874526 607.818236310049 597.537694797624 586.598407299995 573.796714714544 561.14951205817 547.773044656905 546.494106323598 540.578420608367 534.530515115967 521.024517762237 511.638185052565 495.614611020239 479.225884523579 469.424276690494 465.323689130508 464.896452274738 468.756717644721 475.08935852525 483.50032418739 492.621942639976 499.016211654673 507.10352962856 514.372566069701
911.514841359996 883.045201301 853.501323979005 829.80417782196 810.149313672412 793.398121903806 784.565846653277 785.170793444608 791.139578672265 790.798596758215 786.910112568685 787.670944207848 791.886011977465 795.329010798339 790.679927468776 776.148968290394 756.633280811964 736.989859541534 705.748907271121 679.482406728891 662.479308820724 661.88676490071 665.296199769652 667.238496508981 667.612333839335 665.189619118702 661.109469879998 655.36059032 649.534349280603 643.909444680586 637.575055519999 630.734420170835 614.039522169721 596.30906058 585.595108609227 570.655881819497 556.303184429757 544.261200059529 535.745728291583 533.065979590656 525.073642498729 523.628095061222 516.771744830979 507.770059045662 508.168700920724 504.425461898264 485.189704770163 475.75328164 470.250685630453 474.378098160576 484.322784810135 493.107170179746 502.232894090123 511.709418240002 517.145075759791 515.049001250293
929.050464359997 898.878741973256 871.488854032268 848.733246781796 824.49734066265 800.502407267247 782.148834744373 773.739821516314 770.62521031036 767.564453552971 767.242103949911 773.876048710806 785.022824998448 793.929565893709 792.749259879075 778.008925119993 753.68771426477 732.633404715759 697.106093931163 668.635701362985 654.000782785838 651.171828146585 653.552248539999 657.299964866083 660.44737516725 661.330079378751 658.899872775084 652.930390697161 645.435684312245 637.725273795909 630.589224138734 621.735008890263 603.151833626172 586.419440032881 575.488757419997 563.275543986272 550.954457958424 540.450585674757 530.149890773281 523.021104065142 518.549984957627 515.571473699903 504.212890849293 510.690516777883 510.294021629099 508.462557016298 498.414355608834 489.26403426861 484.188589274436 485.389121080002 492.419497065792 501.191087020003 510.630766180458 519.495308240002 526.475215257324 523.684654246324
949.464219985233 919.269174007926 895.392745533262 873.841858024244 844.73082766242 809.071403451582 777.423084476353 760.598449940326 750.339848951835 738.596354987441 739.274528899165 756.612356074041 775.87915454972 790.812692015392 792.432692425677 777.072178235114 750.336114120002 729.058462268041 688.195713157593 659.507660560001 647.200180619999 642.811547662817 644.545475989845 648.819032600002 654.213032480665 657.72266772348 656.130315299024 648.880158146852 640.021788814191 631.163419481528 620.59923543548 609.46944483137 594.330130258702 580.011837107337 566.319329078225 554.71198467443 544.659081387093 535.183759079998 526.436955967583 520.500080455532 519.32248116716 516.61123767841 508.190728141406 509.890873320002 508.433998546482 500.981093834799 492.485200902204 489.404534685446 489.650434297067 492.085859380002 498.614708544343 506.667814817007 515.424488960001 524.143877389303 533.332683634989 533.412114807646
974.352521317766 949.812628993282 929.578097150981 902.938584815908 870.89360308169 830.109750351374 784.907977426261 761.292521121051 749.597970397072 731.781037908933 728.905815063256 748.289778302712 767.314557059531 782.919666569451 786.027311843914 768.99811005405 744.546532728136 722.104082240006 674.945285261962 649.240654182979 637.139521048032 632.165553579046 633.426870719999 638.309710918929 645.055752804172 650.944770419999 649.513044365887 642.089409024629 632.719727679998 623.076872079996 609.971421121837 594.756874272474 583.196127739809 573.5964379288 562.021178355572 550.388839166448 540.520502004237 531.593504489495 522.843913659998 518.372684663659 514.457218673683 507.043330438603 501.497827130314 502.954204725311 497.59411265702 492.768634423232 482.701659834366 483.838577234621 487.416334983609 492.005908765193 499.408836301582 508.458645800003 518.147511978674 528.682942882913 539.056639182471 540.053446846519
1000.19885665132 987.815139622906 978.788837923925 930.963766094999 892.256295858258 863.225912650749 823.804003294855 792.857398080001 787.381455911288 772.86642429052 759.512841885617 759.865825403068 764.280207869632 769.443772346729 767.40640260237 749.431562828632 727.997399569233 698.028412985063 658.962036637551 635.983859234094 625.009955977632 620.341416370554 620.723501410035 625.974746824651 631.963314259337 636.532657448044 635.470444531289 630.462006753209 622.504408143836 613.023346979996 602.096643690185 588.008785424278 577.574648873648 568.000219308488 557.725938273799 547.273084098228 536.808713779999 527.874488170255 519.629628459998 513.06614350037 511.178661 504.894873610997 498.904056896312 495.127161906991 488.701470667758 484.422025932252 477.983088157567 478.866387674238 482.84271087278 489.602723240002 498.327919958822 507.864873315866 518.351590800002 528.582334970474 537.096313479846 538.373263485391
1019.54414110595 1014.31661769568 1010.62507940943 967.345780844823 902.078392258178 880.94950607123 861.23969060435 834.41978394183 818.457551079663 802.273380175958 783.970108774027 771.700660859999 763.542039523899 759.651214927788 751.586464054953 732.181266294589 705.626084458553 675.194633303855 644.538015405708 620.971013720001 610.479743525742 606.581853887933 609.412260320264 614.512752932912 618.551925926589 621.626356004947 620.906683933386 617.28849328 610.980875639973 602.248530661611 593.156074496745 583.443390964893 572.262936926532 562.148130080001 552.616919569814 543.636677922911 534.485340926902 525.201721994735 516.897441159998 511.248554076036 508.090452122048 502.665541805194 496.275252508243 488.955042409156 483.37614546756 478.02865998358 473.685201849501 475.35610616 478.665151374439 486.787829468846 496.40572982 506.048585420002 515.709962281316 524.497558099018 530.595638712131 531.764330924264
1024.39954833964 1016.52294449662 999.621962187548 971.731342503971 901.775901306817 879.618401571259 862.875793214481 845.190811005058 820.189974599999 799.796345359941 784.023358765374 773.736645059999 764.280989671672 755.019415208845 742.705240193505 722.556302282153 690.392501605444 660.687934081173 632.448133281627 606.134316474691 593.568416962879 591.050795561306 598.04950920886 602.870577877363 607.068304867677 609.053463179999 608.804582419999 605.538405079999 599.646668719999 592.437269591989 584.629664721889 575.961924211928 565.929428989893 557.056935403592 548.783919948336 539.832547643795 531.802296901763 522.525079440266 514.487394657697 509.063751648669 503.459570126365 497.4961479968 490.590217239131 483.985744219997 478.080735405499 472.199631526933 470.467755978566 472.194844539401 475.857082657369 483.755302424668 493.709346719999 503.105404548733 511.924238640001 519.581071692798 524.212817840001 524.827420736863
1007.08431735387 986.188431886294 964.077598782269 941.91024257118 892.206720826952 869.557629787334 851.028017301624 834.273494075913 812.588570550644 795.676793758029 782.542488439998 770.568547187618 760.969015959997 750.202832619998 736.811092659998 715.01254383999 680.090672080002 650.431940921138 622.854632539988 595.147304347899 578.875504973893 581.337244891912 588.45127031097 593.60623704615 598.03495796 600.692870159612 601.627638627497 597.659436836418 590.42851204783 585.93966472151 579.824972119999 570.333702401033 560.276324846514 553.264304227552 547.01318528738 538.674377775442 529.146136229566 519.558200059998 511.180782060979 503.673583306748 497.20442755521 491.317993041899 485.057172619999 478.628602219998 473.1458976 468.73279642 467.783365586633 468.805763055321 473.851374338047 481.287794483755 490.261055869458 499.067097840002 507.638525040001 515.400433673423 520.105585240001 518.564744831966
974.312263682413 944.278526309579 917.279902037833 898.968298115961 875.00203569777 854.309617509636 837.775121179497 821.731380064468 803.452899665216 788.289236002919 775.549045045957 764.184153507197 754.080723395777 744.096806509676 731.078905359998 711.107196808229 686.32795838049 652.200796062466 633.65027489617 603.618702440001 584.707982975744 583.911446081405 586.743462359161 591.229346900001 595.034595560001 597.534946795441 600.446115771599 593.946496178882 582.55356234344 576.853220385719 571.323263435379 563.304149583998 555.743904296618 549.887027585521 542.644784906418 533.820855736957 524.077315599998 514.254765559998 506.043574120338 498.21827155096 490.994269056837 485.163798499999 478.444445637179 472.487637433438 467.75105744406 464.51283369468 464.276252505301 465.7116056 471.13905901346 477.638529840002 486.20995704 494.470891681601 502.656428340002 510.639134160001 517.797119591306 514.304274376476
955.062589373854 925.596302938533 892.919865282084 865.817232895584 852.199491643806 838.326397384845 823.776238379995 808.565170998942 793.079677679999 779.106716520624 767.849506727154 757.957877774102 748.726405801046 738.221046244006 726.803641504825 712.782011413218 700.362208068359 681.407061528436 664.421881059052 622.696082990977 600.647395293511 594.050455282156 595.373004345154 606.336204224776 611.105511322368 607.697594277805 602.236241980378 590.561945589503 577.292617439998 568.542340342572 562.169730133911 555.521540019998 549.31794271996 544.916901233072 537.197950749371 530.575452359176 520.432492952231 509.787287865283 500.910500998337 492.587847151392 485.278938175552 478.379607634997 472.237375698894 466.788755599998 461.651232756659 459.147663829712 458.549975797234 460.9616974 466.496648711128 472.887510523855 480.388620439999 488.856523011968 497.299286340001 505.281992160001 511.414658368775 -9999
939.208701609784 912.792261949363 881.248814530297 857.173023681049 838.557107848303 825.686304760001 811.720505678237 797.619693541509 783.20463358 770.664831484178 761.742997931332 752.999327794606 743.807754482117 735.826239525762 725.295940995573 714.869054243093 705.959456910973 703.142098697261 682.545068812386 634.650888545542 615.958506323738 605.46227575266 615.373260247722 636.899474550082 630.550483779896 620.651945338277 600.030601085916 594.872859073492 579.695550337497 562.812043531808 556.083161836796 550.539260919999 544.302403916656 539.925794779848 533.229077060664 524.067585646322 516.10271140574 506.186149300871 495.665437459998 487.588090746255 479.574075220942 471.843496539999 465.9495157 459.85851096065 455.189800102621 452.94726642 452.142005760001 454.63091040756 459.514796980001 466.197663598988 474.274291822259 482.996529794469 -9999 -9999 -9999 -9999
925.093083690746 896.991901826196 872.805506648413 851.238775616621 833.130962644172 818.162231904977 802.493129502884 787.864790559995 774.243765412621 762.652306364086 753.576252159999 745.540961415109 737.285093114706 730.812709534308 722.807344501726 713.308683779996 706.334447466218 704.05787069979 693.72926024768 653.636893549017 627.327672839997 618.220215177751 631.479950014345 652.105124591533 643.738242730465 625.358684024938 596.200276063565 593.298010626116 582.168798081524 559.963020892561 552.5386542 547.148464172894 539.921627853294 534.354198387393 526.731292471805 518.325587239998 510.825588439999 503.938513212918 496.211889055696 485.645073504391 474.183238669491 466.081153383101 459.700338777298 454.085688322299 448.801825398099 445.60802772 444.802767060001 447.4117702407 453.136358480301 461.395531699701 -9999 -9999 -9999 -9999 -9999 -9999
920.562309272351 889.625219416337 866.24408722 846.777489739996 828.916537504125 814.022173919776 794.883110979995 780.483718371903 767.981838847834 757.076670479996 746.935037460623 737.426034644385 730.158646543077 725.167980487465 720.819954993569 713.865497238634 709.164745970491 704.878302819999 698.137483405828 683.40278721279 646.570639950495 634.272303448278 649.928665803947 656.705084199812 650.278279578586 634.47562052 599.527238663923 581.815260562618 569.789798645439 559.141361929723 554.181689818213 545.913814154138 539.2949655698 531.089922345992 524.410588061916 516.301661444308 507.432639839999 499.948606020604 491.433858079997 478.300820193801 467.4927888299 459.981550146596 453.289365919999 450.311579095763 451.826902628267 450.875286020001 449.982891206968 451.396670902081 -9999 -9999 -9999 -9999 -9999 -9999 -9999 -9999
911.614329724002 881.190992552043 860.614096430792 842.24585115428 822.490157579996 807.0011129574 789.436637279996 775.361903527102 762.884652679359 750.279451136773 740.023147779999 731.000532516117 724.502259536739 722.10783932 720.276378532876 716.582399500513 715.262435254763 710.114010238536 703.97981475811 695.962689143822 674.075524689496 665.533160236569 674.916995761797 668.79544484424 656.999619895401 631.060242953598 603.189570119812 582.267593342698 569.205074271167 561.233435370002 557.182677337551 546.001419117651 539.206224193423 529.906734762961 522.722645462066 516.718353439998 508.469477479999 498.850486954689 485.560847146108 470.689702740803 461.181978662897 453.914150258512 452.953040315955 456.751933516418 458.365373961383 456.392686767286 454.734314904968 -9999 -9999 -9999 -9999 -9999 -9999 -9999 -9999 -9999
913.593414653251 878.971032965849 854.072624435846 833.975618787982 817.133015579995 801.532409910289 783.382927379996 769.519264135389 757.928699950882 745.205437879458 733.904799411957 725.305522243378 720.394761559999 718.917889581339 718.248097367078 718.452747332816 719.563874419518 714.837914971903 712.228443516675 705.473296530513 697.227182033835 691.673758988978 684.579005641051 676.438102982979 661.766297187384 639.722336129801 615.342000398744 590.085385851132 573.83906302247 568.111319191049 557.693327541481 548.23432659179 539.51793416642 530.358442749265 520.273791458157 513.254161239998 505.286009746635 496.390879740941 482.568051896526 466.273027763155 457.986727227117 455.128066394003 456.130446677418 461.527910257679 465.915180880259 -9999 -9999 -9999 -9999 -9999 -9999 -9999 -9999 -9999 -9999 -9999
