catData/variables/pastClimate/lgm_MIROCesm/bio16.asc
NCOLS 409 
NROWS 350 
XLLCORNER 60.897278365 
YLLCORNER 5.843756025 
CELLSIZE 0.0892857 
NODATA_value -9999 
[rows 100 to 124 of 350, columns 168 to 223 of 409]
369.12815239596 373.709114534782 368.910678673571 352.890353064838 339.650415459925 353.118346098362 371.563976824904 384.891784564723 395.908667228019 405.953966723742 418.080084980004 428.526164274683 423.331817377861 415.054152808441 413.099524814942 420.546877947359 434.326802816077 446.399024074263 472.244856837184 511.13788277504 547.652539792844 566.433766853929 581.489626104492 598.021184395522 616.313386180022 633.29584282 643.710037604511 644.526386069722 636.719269279998 627.81040401622 623.745622685964 623.017546111518 629.918676052043 652.150497900518 670.198592972548 682.114261959037 690.126160714018 696.597844500743 704.548661020002 715.17985195745 720.962680992018 723.912689868259 743.488794733903 770.404033205182 789.637148094991 797.74889787726 802.360065679999 795.546084007033 776.89446003603 769.299173965032 767.751991518508 766.253287052273 758.426336363007 744.888807325772 726.384188930027 707.144784758063
390.153083152635 397.042256566058 399.536443528937 394.918980662003 390.717590633062 394.889461775866 399.088546987721 403.957382287333 413.523406737507 424.508788258941 436.008759812808 440.453106126526 422.738384495545 405.388573519353 397.382567865411 414.285170936676 437.801900648729 449.653818427828 477.216541369903 530.861428272944 565.222502910023 568.269256725484 578.10161082659 595.443164729687 616.035884758475 633.99236032 644.866371008754 643.842155899999 634.971868661667 623.506264719996 615.38585681007 604.373246618507 613.482383529179 638.308451884341 658.937291060005 675.712211905628 687.339353442779 694.840944359932 702.276508702917 709.443785700001 714.058265304306 718.210082175729 728.484987268609 744.632376547183 761.050332399992 770.84594504569 775.840517844226 769.163546798653 755.411305287378 753.193658890187 755.436426365841 756.331373360147 751.038337955839 740.178127375948 725.844991447296 713.467487555657
400.945128275551 411.034189775035 418.625403207193 426.262932639678 433.37258434 435.783146578868 434.410926257353 436.82319551136 443.80832404455 456.371912147093 467.014449557108 455.682630266802 430.547743959992 410.438144942996 403.977582463212 433.370773680864 469.194038541032 483.255803185173 501.131954159567 538.733575779244 558.562418249279 555.210214100012 569.353192341381 590.707951023917 612.983059976937 631.109825294494 640.326883406525 638.861816463283 627.988957339998 615.147562312757 606.633500859053 607.506442517493 616.191020706905 631.46156441364 650.274895368079 667.278289920004 681.001118207309 690.921484321347 698.639141360001 704.961673400001 709.257801670765 712.749257800285 719.558215824438 727.49836158973 736.772952030036 744.885431480207 745.648806895197 735.569568979407 728.369142402247 736.817225357059 745.681701873238 750.607780550685 748.808179782655 742.075281839999 731.793103916096 720.078210808927
408.830598210588 413.047316608879 421.977289019999 437.962256346147 455.67026189122 462.441504264217 466.328438306741 467.578326656529 468.118549661401 478.575640627117 486.605364043611 472.873426997039 450.080511467654 432.630727129338 434.918770943368 474.515087208672 526.970603015572 537.255888617842 531.267739631826 540.005554390755 547.049545866656 551.1589344083 570.15620844359 589.600336220854 608.669476141458 624.443624483376 631.851659635708 631.590140298165 621.077369059685 603.030265729198 594.283363980597 612.037163744002 618.85886428954 627.700087253539 641.742855204624 657.018503211083 671.6579571803 684.376935182761 693.559095945219 700.140185600001 705.320518384934 710.246931672596 715.694508837528 720.870207201244 725.24784732 731.4643458 730.719613294674 722.015921273082 719.120254210572 731.954720487733 744.608860792636 750.636599768595 749.510132460352 743.524686328946 735.254379159998 725.415715433512
415.866584327384 414.196979400504 419.339517543807 433.128915662109 462.523666687324 482.982811422304 493.598116471377 494.354133833798 490.26697557635 487.436343792822 485.211443703175 476.248576559371 463.081958479084 455.214557289586 470.352146224645 509.696208038119 559.037895657822 555.248927709619 539.380501627777 545.788122414672 557.705396265418 571.397011321192 586.509657771313 596.275077213308 605.999511949157 616.052897394353 624.240323066906 627.630996565669 617.560727259997 594.591002498355 579.989316900807 602.037876277243 612.023660034444 621.88642276 634.896586290586 648.667269766977 663.581189700001 678.171641544175 689.298722820001 696.586644900001 701.283625120002 707.03251908 714.278374889603 720.048515262272 725.424692794939 731.713888707608 732.539732560551 730.858247715297 732.813507354389 740.840929434482 751.600343949684 757.284303360001 755.279548863712 746.466559322087 736.834017759456 728.656685870489
418.412801071308 418.166298854932 420.960930042068 436.776344439226 474.47353237197 505.168581960001 520.930419602428 522.809980378445 511.470220236912 496.731717011844 482.699627020413 475.002383813142 469.666441985722 473.475934594889 496.467783413022 524.063764604169 543.112792028624 531.459376406516 527.949490635318 550.612636589035 571.949279343216 588.33290587599 599.346782421793 600.980664486262 603.552719287684 607.849657142801 613.889728519589 620.339527586036 614.368558850632 596.217701142496 582.743746486841 589.035224842015 602.384474456626 616.624127702738 629.041250108859 642.064412074976 656.998839461091 673.203408569555 686.018398339974 692.953398520559 697.819279320002 703.267720971676 711.995115520002 720.607319752182 730.541178499834 738.762279207711 742.804309893214 746.13567113162 748.991504554497 754.530859681229 763.54932726 769.918635242911 768.678785242067 752.861144586404 738.832850937598 733.427519702683
425.623607537551 425.332478535964 433.746563792347 459.486990963408 491.219397393644 525.685281871217 544.892677758968 545.951273546098 529.443483907993 504.235360181243 483.847850292148 477.899287409712 480.779400275738 495.156698069336 519.777019951316 536.552347009951 535.599015568958 519.954102459314 523.987108520965 554.848019859734 581.290701690061 595.34130871955 602.722108921441 603.896546202278 604.928526916885 603.090081590119 599.928703665631 605.448909969848 608.356143696161 603.114772538252 596.072368084243 596.872572866537 604.753767745284 615.571584294675 626.212546021387 636.762472424596 649.02432397342 666.096408600004 681.779101442257 688.752444268245 693.58413313413 699.117985724338 707.429460585455 718.242093954271 732.76207934993 745.599594721398 754.875232826153 761.152838554407 763.738923048396 767.143020715954 774.176431476222 783.928621825017 792.864021562714 777.637275913695 752.070060499419 739.89832935459
433.015568556208 436.011357273492 451.122996454509 481.146046591861 512.571096260014 544.299929448946 558.181296573622 557.464816936259 543.419588447998 516.6835095136 494.365531919997 486.316597855726 496.344904208104 520.149249844078 540.439580409542 550.167501868751 542.474739906093 528.648362549533 530.827947849682 553.649861444075 577.281561803099 592.230651317065 605.499825462531 614.828223548115 614.852196375317 607.420397715777 597.523238075373 602.802470291153 612.915434756922 616.67229895152 615.173262956912 615.101720020035 617.232202252365 621.732503967431 626.703421930804 633.920956896596 642.62548375233 657.716125463176 674.352032881488 683.422619601836 687.909333972373 692.406942758949 700.440326506888 712.618578860004 727.789765280042 744.572185797931 765.026694197272 776.556384563041 774.957067427797 775.415924609451 778.412562464961 786.793443071459 800.934078098777 793.337864950244 761.883152835942 741.708901628147
439.910752480996 449.165039456797 468.359831530541 495.865740371688 526.256718537292 554.782840939735 567.348170113505 556.913011629591 543.413614126641 525.25967863429 504.399493692368 496.889875031471 512.515941166771 541.773644452434 556.45027268369 557.9062555606 547.824959615197 535.81432940934 532.874217542092 540.262884832714 556.323435781265 578.129106665842 605.470926797797 625.612247463558 628.848380923104 624.019447844515 619.898469634266 624.842607654843 634.451744782546 638.981931973958 638.428411519999 637.091903616782 635.09417473639 633.099241546144 631.520876342042 634.95441509919 642.75981873795 655.826645310176 670.272370836674 680.393373321278 685.768096953503 689.19477054 695.219720023098 703.714473307473 715.036849895246 733.1337582947 764.229607578792 786.023756359386 780.01834922 779.2499382 778.594727507247 779.729604720099 784.181827970097 773.019514149286 746.136368801445 730.108326298626
448.5560511 457.643154175922 476.115078939998 500.015868853615 525.707027527162 554.095137907421 567.748037990661 560.477696459798 546.446576826024 529.339796698323 511.81669890262 504.68147657976 519.370277788217 548.321682569835 566.09495145419 565.682338913461 553.545478334696 543.096659037115 532.342259412493 521.817226057377 529.119393735265 559.942324480186 596.388612687789 622.134478254877 635.516410538618 643.295168724231 650.918111845418 660.443785034924 666.139147022484 665.596001949457 663.805352798703 661.62546551854 655.96043648162 647.609411289083 638.603502051678 637.84398033173 648.008763629296 659.950408106279 671.083149780002 682.742631855996 691.198237159565 693.933915322871 694.838157110607 694.766017663209 697.316953670508 707.273841296079 736.777034004975 767.525983547763 776.487454913598 780.844082183555 782.070096195233 779.592991210133 773.002664381988 753.747582809419 724.291652948991 712.820869347158
453.288348799999 456.348019525631 474.680855983281 490.991943096399 517.340652510983 535.343638009489 552.543039280178 561.246801452909 552.418491436239 530.34162431567 513.773738610368 507.821686017537 521.734455944692 550.375960487912 575.281485595758 576.822729559999 567.780999062503 560.380989139999 546.466952476205 521.898345699052 516.829369783577 559.959978041933 595.453432244845 616.649730145346 634.804927306255 656.204130241689 675.174159545255 689.269249811174 694.650443866689 687.872325184577 684.202841182282 684.239392786766 676.517550044998 663.59543274 651.238730921093 645.94010414941 654.572878485941 662.158712408364 671.346303465531 689.353073833588 704.601663924376 706.038278846441 700.094842972662 690.172981205209 680.213485020764 672.260082447745 696.596129633719 737.409609040762 764.647568680986 780.769908560116 789.189738728179 788.532006512907 775.802309645633 751.092386430844 722.851097410637 711.333946971962
457.011265377751 456.044822017128 463.651900726718 472.547838723212 501.129743890048 511.219553318954 535.03685163093 539.851405985315 536.535655515291 517.740363470906 504.178875166483 504.082895003976 519.970775359025 548.430086500004 575.625715664667 584.30312280857 583.658410726798 583.459259842686 583.214652973053 584.545501159539 593.118439592677 602.562212213191 614.394625750158 622.408783081289 637.737779560004 660.909742070142 682.669555093548 701.82008147168 708.80160594 702.849705406889 697.485008571721 701.525768383926 697.090165671291 686.515310609665 674.983326143012 667.652954379849 664.920535371732 656.724572184484 664.297410795398 696.190984050064 719.655123797688 719.820483166791 707.603282182528 691.606628487647 676.740344080142 666.820271684691 687.131000651105 724.25094358 755.5008313419 777.711480255703 792.757760285892 796.288608362822 781.309437421332 755.515580479522 732.515950270097 719.343171749037
454.486334903499 455.668216194676 447.031514148765 450.156974379917 467.701190254452 486.916046630223 505.430452305122 515.50716883732 515.724222768494 503.878960659014 489.53159931125 490.336181446068 513.115110471726 545.63762038339 574.913794719725 588.432103112125 594.811111097194 602.752662425516 620.120944718198 643.999871586347 660.531877511264 651.542999527323 645.425408047891 643.501387313103 650.501601962971 664.895852551981 682.911566104234 702.924232446056 715.528144139564 719.217092463918 720.781978713924 723.103939037459 721.389518020692 714.645245695333 707.357747543233 697.77625812596 684.618964902564 670.626456327739 676.093336880455 705.977996863691 728.586690387759 727.587401119584 713.490540951413 698.154949293502 683.993915924922 680.907130000732 697.298631629935 725.732575963433 751.872468907216 772.321929274238 786.290802204264 787.405828115791 773.529340811354 754.196123547518 738.634988219649 727.0589011
447.307067619999 450.466207153241 435.110965433314 434.459105383172 447.903007589902 467.519625349202 487.975189276385 502.920204914366 507.250750644258 500.036630442904 487.76691718292 488.660953361574 513.781378092144 553.123321964504 582.333744354829 587.031207504472 599.231663748337 616.062580111459 633.410012181776 652.650558054799 669.705869184639 677.390561446096 671.945020457961 665.407018106911 663.305736679901 668.069651008464 684.179664378007 707.738501993985 729.809434579914 746.642803049839 755.964608761889 755.411141328524 753.105219951943 748.938470841402 744.748605924961 734.529365882167 716.707583358141 701.890280535343 703.219704167626 718.790777448425 731.244818248401 730.302787069287 719.26701498277 705.509212965415 696.223171309574 697.922042051183 711.44657806767 731.935019299598 751.021767944734 762.979644156092 766.96536400491 762.862340159997 752.166178795258 742.67376507409 739.983507998405 736.905680576174
442.147544479999 431.442963341715 425.329921439217 426.35128636243 442.091938166115 464.477991440003 485.869468047363 506.969185843997 517.845935818709 515.850833264575 502.262145547861 498.143382332213 512.365897974176 538.677960063413 567.071673820509 587.828921637211 605.644333541029 625.909542512719 630.308100298758 636.871262607651 655.988618136665 682.078597780094 686.936882545106 683.162809405897 679.951232847642 680.160186037173 694.898892919891 720.189557697192 749.169246072971 774.661174574847 787.788125109793 780.629568472672 777.398541090094 784.330765298677 789.683572820065 776.879724647414 753.047088039997 733.018803870841 726.61714594014 734.102554262815 739.571915901899 734.190390142673 722.449763466525 711.456244108168 707.427173554907 712.545259704274 726.416465163453 739.924474875762 750.220459089028 753.905624946884 748.365655721132 735.115942158015 722.632023602963 724.561994892253 740.21852869751 752.693561743157
451.448215416116 437.069820469911 428.273629260993 430.524234563185 448.243109846044 474.464086146716 502.592992660388 519.840873207536 523.687306810237 521.659036878245 513.31785544227 511.119539725996 522.861953737699 543.786756283401 572.410293776351 605.872889516631 616.377731900254 623.720034467579 629.102509764257 629.575185483105 642.07873030163 678.230296103542 696.573846157364 701.76627646 699.835188192397 700.899509650407 716.249857381397 738.661479383246 763.571157828952 786.066468666633 795.600583140884 793.596719735142 792.676609717643 802.367923321122 815.679188565249 803.905667263469 776.995853253565 756.824993480273 746.370206340928 745.088756166732 743.272145966078 734.352008585365 723.570294145602 714.957353868253 712.10824924 717.574156191808 729.884631689019 741.031237368655 745.386011668494 743.371823197429 730.338205837209 712.045634339504 700.103353573784 710.99658684306 738.982320963087 765.360634923211
475.36849039599 458.562524859993 446.658106461055 450.766580162739 466.899219396424 492.922810795723 521.892513868614 518.280028788495 522.503161197756 526.969741772897 527.833127426746 530.398504720222 540.965796387396 560.149014500003 588.676020652902 611.908816437599 620.289878047595 628.575764548563 639.581924045455 648.547711976243 668.922451814591 696.470776185276 712.675273323564 719.93428675152 722.730107460001 729.362207577913 741.513891532971 759.788652996725 782.927826758594 801.673404425545 805.640328558779 796.294402692527 789.104935800001 795.297234013324 803.548946010431 798.817709316185 784.577992199655 767.486407371702 752.914952447868 743.461828017369 736.467858919997 728.863471368936 720.225294491771 714.06323434858 711.147527490214 711.543471051425 718.553194057101 724.16264899341 726.84209532845 723.561834336799 708.907088317424 695.292616292172 693.001126316155 705.8570333615 728.105778983224 744.910906002593
499.488291691724 484.878923730527 473.176128374672 474.80423261185 486.394452948259 503.012540104745 514.039688734857 512.021465921698 529.059083527358 543.764619000504 549.298720763178 553.213805073564 564.532040051289 583.008697569802 603.002490620794 609.005055191786 615.453624609111 633.272767216724 653.246963120196 671.198518383023 692.071582634653 708.759854569042 728.972905668509 747.740318956221 752.970244896862 754.568843318053 761.270620332706 775.723439116741 799.863781779192 823.065825211508 824.057191372665 789.892356438331 769.158471973611 776.38608746414 783.070447963743 783.36299980669 777.777844142947 766.092797325099 752.342283511075 738.069959937363 728.078465858637 722.643488842888 717.664325910282 711.251294919914 705.414205130571 702.592978340938 702.667280252555 700.857869927097 695.928510459988 687.604042988931 680.608486275642 678.402309047971 685.076579369788 699.458544881903 714.770249972599 721.712453617703
507.074956766225 500.769824045099 494.410978642508 494.835790869114 500.234115270245 507.09150576115 515.243093682144 517.883201960005 540.356801919884 562.565369600003 571.210414480001 577.260433530614 586.489712924878 601.080480500002 614.972481131701 620.374665423153 623.285972716945 643.058823515208 665.02794726451 681.189507710199 695.848201958061 719.834827338207 750.474149160188 771.797559507623 776.177305812317 773.033088301554 774.699969866279 785.289801245087 810.087645303176 842.181583434801 846.373208696344 795.420034000852 757.789716171815 762.382610107709 768.798632427198 771.522427900274 768.798520583417 760.789281847928 750.143334876219 735.658231368475 724.52364202073 722.0355186 718.551017737376 710.685160093745 699.240280850728 693.935744201006 691.860073599998 685.54196812 672.755445378777 660.776641528962 661.935199406588 669.286589724428 682.970553803905 698.406821159877 709.511271487684 715.513797642287
506.094418408132 508.869597245943 510.826720257448 512.654916542301 514.726633034939 518.80089362 523.276831753194 532.133003360005 554.80072472494 576.784238598121 585.808832462077 596.823877728699 606.813162938678 620.666644223781 630.42411216 634.754825317552 633.28687664 645.480915581586 663.769342544472 678.919720785975 703.33712665616 730.164691729761 758.998419388263 781.008132544977 786.742365213897 785.486376232936 785.164037497245 789.936386487428 811.531913898212 842.191638406433 847.565454823479 809.519329159804 774.944901846248 762.192431204162 761.735691809351 765.141351191121 765.475536242112 762.976419045377 755.358660370286 744.136602125589 735.431296319997 733.091816447492 728.636707725036 718.108195805162 700.619142700643 693.275254562326 692.288913264779 686.608148568941 676.363279067205 668.212970636433 670.606395369198 681.45474559179 696.07096428246 708.311865592149 715.154646693496 719.152274132512
504.949144116987 512.998076086375 520.51577379211 529.862827974184 532.494691527237 535.682102475202 539.397915957641 547.250117360314 563.578748130059 579.964622925145 592.633138277832 611.071622360348 622.933776228401 627.356179931145 632.358823174282 632.233045743369 642.036273213787 655.850671402273 673.047337404127 689.346424953995 710.47011737647 736.140253714212 763.531006138397 786.239784958163 793.409384060001 795.531175776045 796.928290860821 802.979683024677 822.009432782542 840.791874699097 841.524608274216 819.362105023543 789.239233124069 767.134976323457 761.029451342948 764.603723319171 770.788585723845 773.897438733584 770.356883725241 763.698275050957 756.327176590258 752.687303982959 748.116263034603 737.474103232163 719.451099524322 709.545610629064 707.897715167279 704.835588546039 700.604801579922 700.535499852622 706.618627820001 716.293390354674 724.267140933752 728.867419888843 729.228900616621 727.012186399801
504.889803094884 515.782123980229 526.76846618133 539.028399033085 548.202735011099 553.088289359344 554.460275085418 556.702651654773 568.142876193812 589.153854171961 604.516736293278 612.483299852235 616.473617860771 612.787430190623 617.997499306255 634.512698591204 669.291621149978 684.518695483489 680.775241665287 697.019275653806 721.277825134558 746.410629128562 775.362370180207 794.214308390382 804.899114532433 810.51108553719 817.081293683347 830.344503112105 848.528080183737 857.892857160555 852.752270089906 835.16476398654 806.331106420038 776.222593017967 766.722534956341 772.798206509441 783.505931348996 789.843851856412 790.267112900789 786.699639937273 780.475673269423 774.470295921864 769.414190140358 763.161037163243 747.680286850143 734.679469559999 731.789998700218 732.603604731081 735.073757152017 742.883237437772 754.247313981007 762.456915481946 762.511372574249 755.874487770081 746.071084869721 735.823161783748
503.426203811743 515.837105366357 531.681349833049 551.022178276269 567.253606909918 574.658870935435 572.266435039652 569.264671622184 576.922687692862 602.528787432105 608.835701818311 597.185764879849 596.624138340578 604.91065296697 624.08835477368 644.099159424194 669.313306199301 675.029820963346 685.945999085829 711.982984350073 734.765714861712 758.461522381394 785.052702073185 804.582755487304 823.138303692331 837.195909423977 854.746772208399 873.536137180468 888.136728656692 893.028428733329 877.76709590276 851.418182626201 822.981730098736 794.821952529072 783.907224300001 791.688524540003 804.11930102 810.41814166076 811.507984184977 810.351006017678 803.762946903545 793.467138537264 784.225141540092 776.722357899504 764.287737709099 754.365846305136 754.218195633156 758.79028983661 767.201847423525 782.756183896174 802.691749158011 814.20773703022 805.312197478811 783.451339493622 761.871544124839 743.062803034984
498.75579221183 513.191289546132 534.284358529435 561.955090129893 585.502092571735 604.19687236604 603.290236781659 578.635280395786 561.516297690046 575.30009848251 582.064564847402 584.648886928313 595.226193285988 610.545085500002 639.923541056143 641.942620280984 634.533612886364 649.823016395704 689.931307603889 718.994515225823 740.043706800752 764.094995931946 788.590191860149 812.417693071354 834.984277849393 862.677952208641 890.329418220451 914.689396687453 922.25261966764 911.674173627965 886.273524012854 861.193511753708 838.087315840407 819.555562581314 813.049809900003 820.198045670018 830.390409686734 834.713482400001 834.30709774689 832.75043524 822.567883627198 804.385166890958 786.418825861108 773.517515003751 765.301292419371 762.875185785622 768.65478252146 777.03081604 787.545920961777 808.707882327829 842.123690994564 864.723670005833 843.99708397755 802.792768684333 769.266623102934 745.877718545211
490.483190855011 507.346226427238 531.655017506327 559.107157906264 589.479868477426 619.882691958598 612.276034045624 582.250729991172 552.093302570756 562.330160478226 575.075884738642 590.824663539906 605.442431291928 613.911329882489 639.684246808935 621.500294460272 618.880424788541 651.618829282104 693.369872200124 712.747624433253 735.886548399362 758.265729182387 789.044092670527 809.698063663002 832.456165806181 869.302626624573 910.005960000208 948.0473749949 950.753772605067 920.495439176549 888.657262877164 865.295828133592 850.939806677864 842.973190539245 842.121367900003 848.295611675857 855.044099243593 856.671760967554 853.197417358756 846.859802293609 830.03178542059 800.663644129118 772.98055272337 757.014392299246 751.914897254505 757.343577449231 772.702674426024 782.477979626121 785.907515970523 802.946018184188 839.048169040001 867.212889687236 845.784593475062 800.951188284861 764.820454099992 742.971988839186
