catData/variables/pastClimate/lgm_MIROCesm/bio10.asc
NCOLS 409 
NROWS 350 
XLLCORNER 60.897278365 
YLLCORNER 5.843756025 
CELLSIZE 0.0892857 
NODATA_value -9999 
[rows 52 to 77 of 350, columns 116 to 173 of 409]
28.370161415424 28.978515608 29.108819026 29.292801288 29.399944128 29.4903651065022 29.4991253634389 29.1585139696928 28.6321096835231 28.5298095601355 29.0919910424206 29.9245435256438 30.3087617519618 30.4256452086377 30.4680443422198 30.5310026429227 30.5769725879348 30.655298918 30.72499574 30.769584598 30.82499574 30.82499574 30.8662551950799 30.8692066721253 30.8323825127949 30.82499574 30.82499574 30.7618484913674 30.7216676442249 30.6774831649176 30.601835642 30.5060570492026 30.4110091276549 30.280407122 30.173264282 30.066121442 29.958978602 29.92499574 29.844692922 29.7703440663425 29.667909372 29.5226151133725 29.37307325977 29.2189890170875 29.12380301389 28.859458337605 28.5970627273201 28.1283861471052 27.7016747046249 27.4425160896743 27.0776788065496 26.6174142515282 24.8136014548812 21.6782046569865 17.7877091796787 15.7816492088042 14.0262543729376 14.2918615095011
28.887390506 29.085658448 29.1998326750407 29.3514069334495 29.507086968 29.6452819724298 29.791013358 29.898156198 29.9451715977009 29.9991530123904 30.2759689004776 30.4532755846292 30.5355131458609 30.63928142 30.6419757031587 30.6807954093314 30.7463127341784 30.799943888 30.8957183828019 30.9528182807079 31.0056670317823 31.03928142 31.0593238272374 31.0474297872527 31.03928142 31.03928142 31.03928142 30.93928142 30.93928142 30.923264162 30.816121322 30.708978482 30.601835642 30.494692802 30.387549962 30.280407122 30.173264282 30.088332291885 29.989337892 29.9430928290954 29.844692922 29.6691150880757 29.6277131045658 29.486613399888 29.3394496835462 29.2300817360364 29.1226628545265 28.844797706 28.523369186 28.107319115994 27.6136921449743 27.1801700980906 26.3214104537399 24.669380569195 21.6431336705091 18.3899681744955 14.7478976143117 11.2064525691854
28.9877188842567 29.1283167258661 29.299944128 29.4141223458883 29.5661988242346 29.7317246536427 29.8914535564802 30.035658328 30.142801168 30.3061192048487 30.4525139730285 30.564229688 30.671372528 30.77678355 30.77678355 30.7805022444144 30.8177833297084 30.907086728 31.014229568 31.1110204580769 31.1655773638003 31.2219895103225 31.2535671 31.2535671 31.2535671 31.2535671 31.1809385090634 31.1522375329406 31.07678355 31.060766292 30.953623452 30.846480612 30.739337772 30.6664316557963 30.5621143920808 30.463115028042 30.387549962 30.2242322937124 30.1581400864104 30.0864232194667 29.982195052 29.8522377172211 29.767909372 29.6570479490245 29.530407242 29.4302996127298 29.330644487393 29.1540385055158 28.9148780616386 28.5264323762385 27.9649028222314 27.4671595040071 27.0997449046495 26.6127348220217 25.3710583936334 24.0239999949703 21.5049060727706 17.3298038069826
29.008874898 29.132035476 29.3425984150185 29.514229808 29.6273916134705 29.782011118285 29.987390266 30.142801168 30.249944008 30.430247306 30.564229688 30.7447629148178 30.862441758 30.88392639 30.88392639 30.8973692978397 30.991013118 31.0727235946493 31.121372408 31.228515248 31.3273429366171 31.3773160436274 31.4393323921281 31.46785278 31.46785278 31.3944625946055 31.36872256515 31.2836480629054 31.2604048013391 31.167909132 31.0802037261719 31.037549842 30.930407002 30.8304311625617 30.7238798191938 30.6184417070507 30.517909252 30.3990069624602 30.3004575237843 30.196480732 30.1687226037266 29.9836481014821 29.958978602 29.851835762 29.7252556892514 29.579055652504 29.4989805537405 29.3321710500149 29.2078064877704 29.0056414945777 28.3966457534371 27.6588656268894 27.727691562754 27.451758693452 26.7904175489099 26.0269911607638 25.1952924702841 23.4330006353701
29.0169571992719 29.223104706 29.437390386 29.621372648 29.7626175068244 29.9307097077875 30.094533106 30.249944008 30.357086848 30.537390146 30.671372528 30.865961506 30.8995167540705 30.99106923 30.99106923 31.007086728 31.114229568 31.2186661008701 31.319584478 31.3861205883536 31.442800928 31.49106923 31.557086608 31.59106923 31.59106923 31.5832596379752 31.4959972246367 31.4805615252485 31.3902766761396 31.366121202 31.2610467370841 31.188362944304 31.1105911003079 30.946480612 30.8864492124684 30.823264162 30.716121322 30.608978482 30.501835642 30.394692802 30.2959974432028 30.1805617438147 30.082195052 29.975052212 29.8658410183497 29.7545420262622 29.616178154 29.5276934370282 29.4743652500978 29.3180064952904 29.0456779093924 28.416435674 28.1109785152715 28.1305361322144 27.4838142637691 26.8256761247616 26.0650217480142 25.0096325263494
29.2054577149638 29.330247546 29.544533226 29.728515488 29.8363278408807 29.9883809741402 30.201675946 30.357086848 30.464229688 30.5726805857767 30.7591708292441 30.8872216837351 30.9928977932856 31.09821207 31.09821207 31.098498451652 31.1459065853688 31.328515248 31.3988815785896 31.4875832808624 31.5973490665481 31.6560339724727 31.6976044845065 31.69821207 31.69821207 31.69821207 31.6965208895767 31.596480492 31.49821207 31.482194812 31.3977979836598 31.3666629973194 31.2600967877014 31.151835522 31.045617604257 30.939337772 30.832194932 30.725052092 30.617909252 30.510766412 30.403623572 30.296480732 30.189337892 30.082195052 29.975052212 29.8381484650283 29.7354370379773 29.7954334189868 29.692961704 29.4797286509452 29.1353248139244 28.7752886063855 28.4533762998828 28.2244357625861 28.1881617971112 27.3704419281022 26.1374064546007 25.5398228562111
29.223104706 29.4365326505461 29.6244008061074 29.765961746 29.942801168 30.0921453999323 30.2545021367212 30.423104466 30.571372528 30.678515368 30.8616613366651 30.9921287999884 31.099943888 31.107086728 31.2137543380513 31.3008577226021 31.328515248 31.435658088 31.542800928 31.60535491 31.657086608 31.7022022314772 31.766017378 31.7346751096594 31.7064096635168 31.70535491 31.70535491 31.7052621855565 31.6916007990969 31.5901953617504 31.5094696175962 31.4766746670572 31.373264042 31.3083221396358 31.2046621670176 31.051835522 30.9411575236755 30.832194932 30.725052092 30.6132266157152 30.4158881329383 30.30535491 30.296480732 30.1901955888986 30.087549962 29.980407122 29.9087046451411 29.9077425775124 29.858978602 29.692961704 28.9682165673633 27.909804628126 27.9970507314247 26.8971604054636 26.8602347890489 27.8269303705785 27.1979422025396 25.946475789532
29.330247546 29.528515488 29.658818906 29.8693173405769 30.0421261977092 30.157086848 30.315961626 30.5228892834325 30.666017618 30.7823038691397 30.892801048 31.0764612262881 31.194588978 31.214229568 31.31249775 31.328515248 31.435658088 31.542800928 31.649943768 31.71249775 31.7577641497132 31.7484834545729 31.770264441141 31.873160218 31.8297330174312 31.81249775 31.81249775 31.810766172 31.71249775 31.7104959531383 31.6797343931478 31.61249775 31.575051972 31.467909132 31.360766292 31.253623452 31.080463474 30.939337772 30.8221588865634 30.6360374237227 30.517909252 30.41249775 30.403623572 30.31249775 30.289337892 30.182195052 30.0797320617254 30.0640113339885 30.0672317702976 29.907247384 29.5114122637395 28.7281266426235 27.988058485674 27.3924597906403 26.5209687940569 26.7662205500963 27.6464760904501 27.1389063993825
29.4552878936709 29.6388043062479 29.7810534618334 29.949944008 30.094533106 30.2729872499229 30.4325845981584 30.578515368 30.685658208 30.865961506 30.999943888 31.1242616654354 31.2152923246458 31.321372408 31.41964059 31.435658088 31.542800928 31.649943768 31.7497319891333 31.8 31.8101604107042 31.81964059 31.81964059 31.8784317095395 31.9 31.9 31.9 31.8986085141355 31.81964059 31.806769215973 31.7347324001082 31.71964059 31.682194812 31.583809439648 31.4773893584332 31.360766292 31.187606314 31.0321115606769 30.8551663112418 30.732194932 30.6064743529207 30.51964059 30.5125093529168 30.4361353431644 30.4010294647543 30.308978482 30.2466357045919 30.2501643494894 30.2291208635706 30.1134556863481 29.841230486 29.4022204983713 28.6031548583131 28.2469899358609 27.8953208355354 27.2902237211145 26.9697077197647 27.1666053947927
29.635658328 29.758818906 29.949944008 30.0652031427476 30.218429983701 30.4040191361496 30.551731938 30.6746434629533 30.792801048 30.973104346 31.107086728 31.2782546308411 31.3 31.4280514077383 31.5023769378132 31.542800928 31.649943768 31.7489703775326 31.8100293280188 31.8148410044298 31.851731698 31.9 31.9 31.9195948157759 31.92678343 31.92678343 31.92678343 31.9004637759815 31.9244065564671 31.9 31.8830429706357 31.8186672638128 31.7725834857386 31.71484106871 31.596537084 31.441125702 31.2856473779442 31.1000582254957 30.973264042 30.8427002554015 30.6629404781499 30.6531031482987 30.62678343 30.610766412 30.52678343 30.5045968339069 30.4809831985416 30.482195052 30.375052212 30.2836778641126 30.055516166 29.7536823332154 29.2630581763004 28.5485826539997 28.5924614747821 28.298347402263 27.3584889361099 26.884808315285
29.7458120898577 29.8944537949582 30.057086848 30.194533106 30.371372528 30.478515368 30.585658208 30.7317018098538 30.8884149333303 31.0554265714857 31.2075472116984 31.2917051951176 31.3320905120665 31.5005875412506 31.542800928 31.6445096283813 31.723160338 31.8102807379869 31.8586682508291 31.870538478355 31.8681073324609 31.9199739347231 31.93392627 31.9822659549087 32 32 32 31.9350703881725 31.9941363410116 31.93392627 31.93392627 31.903623332 31.8212223142521 31.7705386369319 31.630463354 31.475051972 31.367909132 31.260766292 31.1263797011477 30.9547757340363 30.8714281212204 30.8327823104045 30.7648418624114 30.7233432287726 30.66785254 30.66785254 30.6551486656752 30.589337892 30.499745524693 30.447878768123 30.2806697181222 30.055459334 29.7881147454292 29.2125880598397 28.6932677770132 28.9253323658886 28.3633239393376 27.4533335448453
29.896243174378 30.057086848 30.1737415312555 30.3178543678556 30.4528251028889 30.585658208 30.692801048 30.8241232353391 30.9870606078442 31.114229568 31.2686958562108 31.3718267012119 31.4378803465773 31.542800928 31.6462990249439 31.7065782438729 31.7547177033104 31.830303178 31.915378746323 31.94106911 31.94106911 31.9757643992268 32 32.0300462504067 32.04106911 32.0051558579599 32.0388467528568 32.04106911 32.0374244655097 32 32 31.969697062 31.862554222 31.7816878514261 31.6979592727812 31.5580156617926 31.433982862 31.326840022 31.1723740166575 31.0895366054742 31.043291565709 30.94106911 30.9358394779244 30.88213822 30.88213822 30.8696931716254 30.8190021211913 30.737549842 30.6608926691752 30.6063741036415 30.516121322 30.335818744 30.1545126180916 29.8093387129082 29.0852634874503 28.7993218708765 28.9994631482267 28.2426633404224
30.057086848 30.164229688 30.2833669397149 30.4292197374689 30.5532628448162 30.692801048 30.799943888 30.937576827468 31.066017618 31.173160458 31.3190190838801 31.4809447376705 31.5456031907789 31.601731818 31.7042786456776 31.756507099873 31.8111660505764 31.8639053749742 31.937446018 32 32 32.0283845628233 32.04821195 32.0861002002779 32.1 32.0547134746208 32.0971976129298 32.1 32.0954041119689 32.0404897175817 32 31.9843066993171 31.910766172 31.803623332 31.7232712053348 31.6106358511146 31.482194812 31.375051972 31.267909132 31.24821195 31.153623452 31.0955891881891 31.0524903642603 31.0887017832904 31.04821195 31.017909252 30.94821195 30.903623572 30.8214213609565 30.7964239 30.6985789681447 30.5724359466094 30.4256178332459 30.1762467872033 29.7139148329585 28.7008544112846 29.1675643638612 29.1784392500077
30.2146717968494 30.271372528 30.378515368 30.4991872326033 30.637446258 30.744589098 30.851731938 30.9914647877249 31.121372408 31.228515248 31.3715096640291 31.487446138 31.594588978 31.6026904622171 31.7593168997009 31.8 31.823160338 31.9167742605452 31.9720726433727 32 32.0286359727913 32.0816394511266 32.1 32.1 32.1 32.1 32.1 32.1 32.1 32.083982742 32 31.9832258723063 31.9279274637758 31.855411382 31.7769043819398 31.696480492 31.589337652 31.482194812 31.375051972 31.35535479 31.260766292 31.2545818305141 31.2146714754039 31.2482039586782 31.1978894892398 31.125052092 31.05535479 31.0354482150063 30.9820738729117 30.95535479 30.8598645092524 30.7702121606656 30.6392009574165 30.4842239714985 30.2346587275806 29.5029678226992 29.1858733112769 29.39443640896
30.3055466009149 30.378515368 30.485658208 30.592801048 30.699943888 30.807086728 30.914229568 31.080247186 31.228515248 31.335658088 31.442800928 31.4952920042235 31.594588978 31.6637965755882 31.7430488209206 31.8 31.83763500035 31.9549232718706 31.9609052437794 32.0278669794941 32.0818982427912 32.1 32.1 32.1 32.1 32.1546516137822 32.16249763 32.1614154347884 32.1 32.093993148641 32.0480231176443 31.9886356800704 31.96249763 31.917909012 31.8301666947856 31.7779207429291 31.696480492 31.589337652 31.5323821700732 31.52499526 31.430406762 31.36249763 31.36249763 31.36249763 31.339337772 31.2511334000761 31.2015926862092 31.16249763 31.110766412 31.06249763 30.996480732 30.889337892 30.782195052 30.675052212 30.5324365335083 30.2411185196688 29.7097534053115 29.4330051673905
30.378515368 30.485658208 30.592801048 30.699943888 30.807086728 30.914229568 31.021372408 31.1463893538894 31.266017618 31.373160458 31.480303298 31.5608979015 31.5983572391526 31.7012060461948 31.7723347744579 31.8111546608894 31.8837032095264 31.9422629031683 31.9810089050685 32.044588858 32.0639738023738 32.0713600349735 32.1 32.1 32.1559234270156 32.1961886336371 32.1341279582897 32.1298338310576 32.1 32.1 32.076839902 32.021103108447 32.0435630542056 31.9864631051417 31.917909012 31.8286401321636 31.7799575071837 31.696480492 31.6137172101215 31.6 31.5712833765731 31.5380752280795 31.46964047 31.46964047 31.446480612 31.36964047 31.332194932 31.26964047 31.2539351153519 31.1982807693007 31.103623572 31.047429517394 30.9030552692587 30.782195052 30.675052212 30.4651271675667 30.183091276392 29.8572094040877
30.5556270775565 30.592801048 30.699943888 30.807086728 30.914229568 31.021372408 31.128515248 31.235658088 31.342800928 31.3937687467364 31.480303298 31.587446138 31.6726285482036 31.701731818 31.8068142561636 31.8805020428564 31.9 31.930303178 32 32.044588858 32.0879896120436 32.0904520289764 32.1 32.1561748369836 32.1954270220364 32.2 32.1780396259236 32.1 32.1 32.1 32.1124060816873 32.1373343603527 32.062554222 32 31.9879896677637 31.917909012 31.8260931662763 31.7830146747037 31.696480492 31.67678331 31.6041551303563 31.5995980406237 31.57678331 31.5644849134163 31.4946230475637 31.47678331 31.4680896955237 31.4193301874963 31.37678331 31.3631147024637 31.287549722 31.1973921515763 31.0778371314037 30.966121202 30.7863503666363 30.650104424 30.4358187439999 30.2103773669112
30.6074483602078 30.699943888 30.7876489465669 30.830303418 30.937446258 31.044589098 31.151731938 31.3082861124965 31.3945377228909 31.4614007557218 31.4968339816656 31.587446138 31.694588978 31.701731818 31.8014264992149 31.8295167193977 31.9 31.930303178 32 32.0071671461516 32.059490272461 32.1 32.1 32.111759663701 32.11607385 32.1894638255243 32.2 32.18392615 32.18392615 32.18392615 32.1682114908247 32.1112030012003 32.093981021813 32.0465046395744 32 31.941125702 31.8893885042636 31.8225257971238 31.7870922454889 31.7105363758984 31.6847959867142 31.6824731046731 31.6 31.5974254485522 31.5644889728351 31.5 31.5 31.4928329310028 31.48392615 31.48392615 31.417909252 31.310766412 31.203623572 31.0230911593211 30.8902077672915 30.696537804 30.4822521239999 30.2814087091294
30.699943888 30.7924995357826 30.8421842089255 30.9848443812919 31.028515248 31.135658088 31.242800928 31.3015852146213 31.4291741658693 31.49760295782 31.5731314024253 31.5988788133294 31.694588978 31.7912236588388 31.8080820614066 31.8924995143481 31.9 31.930303178 32 32 32.0046201631216 32.0625474571238 32.1 32.1 32.1 32.107809801895 32.1950720183503 32.2 32.2 32.2 32.1979315693316 32.1634724104231 32.1 32.0960177860675 32.0439576736871 31.9947419305582 31.9309478491965 31.8934660750488 31.8179380247058 31.7921902195395 31.79106899 31.789337652 31.69106899 31.69106899 31.667909132 31.59106899 31.59106899 31.550462804498 31.5 31.5 31.433983102 31.3934660964832 31.2376356652714 31.1047448229738 30.9103401607808 30.6981142974645 30.5733211139999 30.375052212
30.7983705282636 30.8157313136144 30.9217865585076 31.0297615413704 31.135658088 31.1990091588737 31.251731938 31.3578219968822 31.4654099552398 31.5 31.580303298 31.6858824523941 31.6999032417279 31.8 31.808874658 31.9 31.9 31.930303178 32 32 32 32.058874538 32.1 32.1 32.1788671028078 32.19821183 32.1999032374363 32.2 32.2 32.2 32.2 32.1994581319536 32.1614356461685 32.1 32.048268542 32 31.9988195013434 31.99821183 31.917909012 31.89821183 31.8053147351447 31.7999690407333 31.79821183 31.7824812235108 31.6995858623672 31.69821183 31.6614358818768 31.5992026840011 31.59821183 31.5403905402429 31.433983102 31.4 31.318261475391 31.124884666731 31.0037203431469 30.7947805889751 30.5909673809028 30.4664646812192
30.814229568 30.9205147109886 31.001240172522 31.035658088 31.1407958044568 31.244589098 31.351731938 31.4 31.466017618 31.5039175010964 31.581357991393 31.687446138 31.7 31.8 31.8 31.8151598138398 31.8958854896708 31.9286805428186 31.959204422692 31.944588858 32 32 32.066017378 32.1 32.1 32.1827634587336 32.1997102447771 32.2 32.2 32.2 32.2 32.2 32.2 32.1577989553514 32.10535467 32.046480372 32.0018196701167 32 32 31.912554342 31.9 31.80535467 31.80535467 31.80535467 31.8041145360316 31.771319911479 31.7033495850104 31.7 31.6510388180109 31.6022021584785 31.533983102 31.4307577245428 31.3207521539466 31.1297915775639 31.010766412 30.8966304985852 30.696005561904 30.5688240896065
30.908874898 31.0020018184083 31.035658088 31.1390137553051 31.2 31.244589098 31.351731938 31.4 31.466017618 31.573160458 31.6 31.6765175481588 31.6993237569844 31.7877189241277 31.8 31.8020017884143 31.8327633824424 31.9 31.9 31.944588858 32 32 32.0577668495827 32.0966456955606 32.1 32.1 32.1827675010096 32.2 32.2 32.2 32.2 32.2 32.2 32.2 32.1935348558633 32.13598601328 32.0422333604233 32.0033543344335 32 31.9234828718531 31.9006763030036 31.9122811358603 31.9 31.9 31.876840142 31.8 31.7672342218561 31.7069250730006 31.7 31.641125942 31.533983102 31.5 31.3494306667158 31.2141235921409 31.105411742 30.898268902 30.7833611452889 30.5944790335678
30.9267721869707 31.016017738 31.123160578 31.2 31.2073545761331 31.264229448 31.361211954315 31.4115632124609 31.4726918767631 31.573160458 31.6 31.6171747275647 31.6956517216594 31.7210320328835 31.8017430138925 31.8325119553316 31.9 31.9 31.9 31.9358314502278 31.9905199365481 32 32 32.058791295124 32.0961314516519 32.1 32.1185775592038 32.2 32.2 32.2 32.2 32.2 32.2 32.2 32.1584287814113 32.1080772318128 32.1 32.0412088977391 32.01964035 32.002465716709 31.9239890140669 31.9986087028429 31.9178974303812 31.9 31.8813888191707 31.81964035 31.8122859152774 31.7641689354985 31.7094801577255 31.6526890130504 31.553623452 31.4909026927954 31.4158287793782 31.2422837501541 31.1064746270699 30.917909252 30.807280667036 30.6514718452579
31.0023769807936 31.0385108667978 31.123160578 31.2 31.237446258 31.344589098 31.4 31.458874778 31.5176816240624 31.580348943529 31.6215077848796 31.6908084627118 31.7253339456968 31.8 31.808874658 31.9 31.9 31.9 31.9 31.9 31.9378762990344 31.97321681 31.9908983697828 32 32.0587953374001 32.0966376110086 32.1692548565829 32.2 32.2 32.2042899326429 32.2205801769485 32.2 32.2 32.2 32.2 32.1568941170945 32.1091016944969 32.1 32.1 32.0359750787289 32.0014493728625 32 31.9935026099547 31.9224933216367 31.9 31.9 31.8725835715891 31.8148410000023 31.7621240524062 31.7110148391852 31.633983102 31.473275035632 31.4052755979594 31.312554582 31.110823484 30.998268902 30.8757549096749 30.610766412
31.008874898 31.1054341825992 31.1492291433596 31.2102807466817 31.258668259277 31.344589098 31.4175505928055 31.4728269331533 31.566017618 31.6 31.680303298 31.7 31.794588978 31.8 31.808874658 31.9 31.9 31.9 31.9 31.9 31.9 31.9 31.9436203025345 31.9908943275067 32 32.087445898 32.1 32.1666614256718 32.2 32.2105832382457 32.258628475591 32.2236454461632 32.2 32.2 32.2 32.2 32.156379856043 32.1091057539157 32.1 32.1 32.037501624208 32.0333386557507 32 31.9894169203318 31.93392603 31.9236455275857 31.9 31.8705386884968 31.816375681462 31.741125942 31.633983102 31.5516604566618 31.4263799752969 31.3422213407443 31.144749514 30.9988561948268 30.9161781539999 30.717909252
31.0462989476777 31.116017738 31.2 31.230303418 31.3 31.344589098 31.451731938 31.5 31.566017618 31.6 31.680303298 31.7 31.794588978 31.8007112380831 31.849943528 31.9344906645691 31.9 31.9 31.9 31.9 31.9 31.9 31.9 31.9431141431779 31.9919106884961 32.0515328558301 32.0977776558439 32.1420893084822 32.2036446231917 32.2344907631344 32.223160098 32.2821421362134 32.24106887 32.24106887 32.2198233447649 32.2 32.2 32.1568859982569 32.14106887 32.1051559263953 32.1 32.0989797029525 32.0374243453736 32 32 31.9821422776481 31.925690410678 31.9 31.848268782 31.741125942 31.6610954960176 31.6110229923084 31.4723742053655 31.4051560249606 31.2496698127133 31.0403579276128 30.9822521239999 30.783983222
