catData/rasterBestHybridModels/Pbengalensis/RD_RM1.5_L/Pbengalensis_stddev.asc
ncols         409
nrows         350
xllcorner     60.897278365
yllcorner     5.843756025
cellsize      0.0892857
NODATA_value  -9999
[rows 87 to 115 of 350, columns 0 to 65 of 409]
-9999 -9999 -9999 -9999 -9999 -9999 3.45205E-8 2.93188E-8 3.39359E-8 4.46893E-8 5.82104E-8 7.33922E-8 9.62341E-8 1.16213E-7 1.31367E-7 1.50345E-7 1.85111E-7 2.05626E-7 2.48564E-7 3.17916E-7 3.86394E-7 4.42339E-7 4.79721E-7 5.20581E-7 5.77374E-7 6.38934E-7 7.0903E-7 7.97597E-7 9.7748E-7 9.03913E-7 9.51019E-7 1.11328E-6 1.15394E-6 1.13486E-6 1.1673E-6 1.21677E-6 1.26638E-6 1.22488E-6 1.20861E-6 1.14037E-6 1.09034E-6 1.03074E-6 9.9417E-7 9.41411E-7 9.01998E-7 8.51042E-7 7.88515E-7 7.20112E-7 7.23932E-7 8.06472E-7 7.93411E-7 8.36472E-7 8.8049E-7 9.49244E-7 1.08245E-6 1.3059E-6 1.72152E-6 2.33841E-6 2.40007E-6 2.05651E-6 1.66607E-6 2.73422E-6 3.40149E-6 4.31372E-6 4.79312E-6 4.18731E-6
-9999 -9999 -9999 -9999 -9999 -9999 3.27404E-8 3.51026E-8 4.17046E-8 5.12712E-8 6.65431E-8 8.6731E-8 1.08187E-7 1.29089E-7 1.53482E-7 1.72718E-7 2.00084E-7 2.27449E-7 2.82782E-7 3.52166E-7 4.17269E-7 4.59921E-7 4.82973E-7 5.29762E-7 6.10308E-7 6.58378E-7 7.106E-7 7.89416E-7 8.40832E-7 8.13352E-7 8.1691E-7 9.38199E-7 1.03875E-6 1.11812E-6 1.14502E-6 1.13518E-6 1.32034E-6 1.51575E-6 1.60361E-6 1.66892E-6 1.53227E-6 1.33818E-6 1.07705E-6 1.0969E-6 1.0323E-6 8.79203E-7 8.21503E-7 7.961E-7 8.00915E-7 8.04477E-7 8.04067E-7 8.80987E-7 8.23619E-7 8.5074E-7 9.27964E-7 1.07027E-6 1.33552E-6 1.69517E-6 1.50475E-6 1.47979E-6 2.38561E-6 4.30039E-6 5.98659E-6 8.75646E-6 1.0483E-5 9.23132E-6
-9999 -9999 -9999 -9999 -9999 -9999 -9999 2.74705E-8 3.8656E-8 5.16028E-8 6.69907E-8 8.63427E-8 1.07175E-7 1.24473E-7 1.4766E-7 1.77263E-7 2.02386E-7 2.30481E-7 2.75992E-7 3.14231E-7 3.59009E-7 3.86187E-7 3.60292E-7 4.02713E-7 5.69861E-7 7.27055E-7 7.69459E-7 7.76048E-7 7.74845E-7 7.84042E-7 7.90414E-7 8.77147E-7 1.03889E-6 1.15823E-6 1.15853E-6 1.28953E-6 1.53063E-6 2.05154E-6 2.48682E-6 2.57127E-6 2.2446E-6 1.76826E-6 1.29945E-6 1.07328E-6 9.67813E-7 9.06776E-7 9.2984E-7 9.5083E-7 9.63062E-7 9.52041E-7 8.53845E-7 8.30816E-7 7.94244E-7 8.27862E-7 9.10257E-7 9.74363E-7 1.09798E-6 1.14552E-6 1.31045E-6 2.01358E-6 4.41083E-6 6.11738E-6 9.77233E-6 1.66082E-5 1.93601E-5 1.5961E-5
-9999 -9999 -9999 -9999 -9999 -9999 -9999 1.83733E-8 2.74217E-8 3.94693E-8 5.45062E-8 7.05112E-8 8.65496E-8 1.05518E-7 1.38644E-7 1.66808E-7 1.78514E-7 2.05769E-7 2.27773E-7 2.57055E-7 2.44034E-7 2.13725E-7 2.1447E-7 2.64802E-7 4.44091E-7 6.91272E-7 8.21479E-7 8.56554E-7 8.91408E-7 8.59009E-7 8.79272E-7 8.97492E-7 9.57715E-7 1.0735E-6 1.20753E-6 1.40225E-6 1.94215E-6 2.88163E-6 3.87875E-6 4.30653E-6 3.5008E-6 2.4397E-6 1.67988E-6 1.18776E-6 1.11037E-6 1.03527E-6 9.74874E-7 9.0173E-7 9.16273E-7 9.35226E-7 9.50749E-7 1.06569E-6 9.8734E-7 8.66356E-7 8.37371E-7 8.47959E-7 1.02167E-6 1.25325E-6 1.61056E-6 2.63584E-6 5.83532E-6 6.95492E-6 1.35031E-5 2.99568E-5 3.21152E-5 2.34576E-5
-9999 -9999 -9999 -9999 -9999 -9999 -9999 1.79076E-8 2.30355E-8 3.29207E-8 4.38318E-8 5.76501E-8 7.12158E-8 8.70906E-8 1.19964E-7 1.47097E-7 1.63046E-7 1.86219E-7 1.99397E-7 2.06934E-7 2.06726E-7 1.83112E-7 1.93394E-7 2.34315E-7 3.62763E-7 5.70555E-7 7.07202E-7 8.18156E-7 9.47636E-7 8.81882E-7 8.08925E-7 7.99142E-7 8.51321E-7 1.00041E-6 1.15045E-6 1.43002E-6 2.19948E-6 3.51129E-6 5.57957E-6 7.03825E-6 4.80337E-6 2.95416E-6 1.83142E-6 1.26102E-6 1.0377E-6 9.49583E-7 9.62788E-7 1.12111E-6 1.2957E-6 1.37897E-6 1.41283E-6 1.31495E-6 1.1296E-6 9.46877E-7 9.62441E-7 8.97492E-7 1.09002E-6 1.21392E-6 1.4727E-6 2.46498E-6 3.85388E-6 5.90903E-6 1.06301E-5 2.03626E-5 2.36253E-5 1.8177E-5
-9999 -9999 -9999 -9999 -9999 -9999 -9999 -9999 2.13344E-8 3.05105E-8 3.87E-8 5.05138E-8 6.40736E-8 7.84154E-8 1.05502E-7 1.2753E-7 1.46778E-7 1.5908E-7 1.83506E-7 1.86292E-7 1.81648E-7 1.81573E-7 2.06674E-7 2.44161E-7 3.33897E-7 4.91673E-7 6.46211E-7 7.7243E-7 8.82606E-7 9.09619E-7 8.59158E-7 8.51873E-7 8.34548E-7 8.83026E-7 1.00438E-6 1.3193E-6 2.00689E-6 3.15963E-6 4.85008E-6 5.94332E-6 4.44293E-6 2.9114E-6 1.81904E-6 1.27094E-6 1.09033E-6 1.14966E-6 1.38744E-6 2.02513E-6 2.44776E-6 2.16088E-6 1.94193E-6 1.78412E-6 1.43183E-6 1.15296E-6 1.09807E-6 9.89687E-7 1.46384E-6 1.6647E-6 1.96874E-6 2.54292E-6 2.79313E-6 3.93793E-6 6.558E-6 1.15282E-5 1.26688E-5 8.87295E-6
-9999 -9999 -9999 -9999 -9999 -9999 -9999 -9999 -9999 2.82923E-8 3.45866E-8 4.47041E-8 5.81067E-8 7.38882E-8 9.73308E-8 1.26228E-7 1.50537E-7 1.60688E-7 1.70096E-7 1.77044E-7 1.80823E-7 1.88489E-7 2.07585E-7 2.35369E-7 2.85E-7 3.81247E-7 5.12976E-7 6.32124E-7 7.32018E-7 7.95155E-7 7.98836E-7 8.01636E-7 8.21932E-7 8.57861E-7 9.19322E-7 1.10537E-6 1.59461E-6 2.39001E-6 3.25399E-6 3.61193E-6 3.10248E-6 2.30388E-6 1.64471E-6 1.27858E-6 1.2764E-6 1.37275E-6 1.81152E-6 2.39326E-6 3.0357E-6 2.79377E-6 2.88619E-6 2.64442E-6 2.05189E-6 1.53623E-6 1.17618E-6 1.11624E-6 1.71898E-6 2.54111E-6 3.70801E-6 4.33872E-6 3.92637E-6 3.58529E-6 4.1213E-6 5.47578E-6 5.49418E-6 3.70363E-6
-9999 -9999 -9999 -9999 -9999 -9999 -9999 -9999 -9999 -9999 2.98984E-8 3.9092E-8 5.03679E-8 6.41058E-8 8.55409E-8 1.17425E-7 1.46562E-7 1.6331E-7 1.53787E-7 1.75826E-7 1.85159E-7 1.9984E-7 2.14128E-7 2.37799E-7 2.74526E-7 3.42164E-7 4.31394E-7 5.61979E-7 6.7241E-7 7.65373E-7 8.09019E-7 8.36372E-7 8.52975E-7 8.11438E-7 9.675E-7 9.87011E-7 1.27227E-6 1.82298E-6 2.24783E-6 2.43517E-6 2.12494E-6 1.74989E-6 1.46781E-6 1.13171E-6 1.06759E-6 1.25131E-6 1.52567E-6 1.86548E-6 2.59174E-6 3.74278E-6 4.73702E-6 4.09181E-6 2.71121E-6 1.83826E-6 1.3588E-6 1.34763E-6 2.13242E-6 3.78194E-6 6.37099E-6 7.05738E-6 6.8175E-6 6.87566E-6 6.68873E-6 4.37122E-6 2.99716E-6 2.70103E-6
-9999 -9999 -9999 -9999 -9999 -9999 -9999 -9999 -9999 -9999 -9999 -9999 4.52126E-8 5.58023E-8 7.16878E-8 9.56137E-8 1.24865E-7 1.4959E-7 1.51574E-7 1.70951E-7 1.88274E-7 2.03548E-7 2.1756E-7 2.37198E-7 2.59467E-7 2.98067E-7 3.6933E-7 4.51759E-7 5.44775E-7 6.32927E-7 6.90167E-7 7.80465E-7 8.2003E-7 8.00674E-7 8.76165E-7 9.61329E-7 1.25585E-6 1.59496E-6 1.86462E-6 1.66231E-6 1.31791E-6 1.2087E-6 1.08276E-6 9.89259E-7 1.10799E-6 1.08497E-6 1.25754E-6 1.73599E-6 2.70219E-6 4.34491E-6 6.65117E-6 4.89366E-6 3.04203E-6 1.98685E-6 1.5036E-6 1.59611E-6 2.71257E-6 5.051E-6 8.66222E-6 1.16258E-5 1.40861E-5 1.46285E-5 1.16203E-5 5.85829E-6 2.84711E-6 2.13369E-6
-9999 -9999 -9999 -9999 -9999 -9999 -9999 -9999 -9999 -9999 -9999 -9999 -9999 -9999 -9999 -9999 1.06333E-7 1.29482E-7 1.52716E-7 1.65764E-7 1.78319E-7 2.02613E-7 2.37165E-7 2.60883E-7 2.66693E-7 2.78103E-7 3.31327E-7 3.92264E-7 4.74412E-7 5.62261E-7 6.01775E-7 7.08811E-7 7.89611E-7 8.23021E-7 8.64479E-7 1.02446E-6 1.16801E-6 1.32868E-6 1.24196E-6 1.15549E-6 1.00589E-6 9.79411E-7 9.57943E-7 9.18126E-7 9.38923E-7 9.87976E-7 1.12513E-6 1.56459E-6 2.22729E-6 3.19434E-6 3.95625E-6 3.52519E-6 2.51537E-6 1.75017E-6 1.46773E-6 1.71687E-6 3.15419E-6 5.5112E-6 8.98166E-6 1.57845E-5 2.36212E-5 2.10135E-5 1.16044E-5 4.33443E-6 2.01325E-6 1.53689E-6
-9999 -9999 -9999 -9999 -9999 -9999 -9999 -9999 -9999 -9999 -9999 -9999 -9999 -9999 -9999 -9999 -9999 -9999 1.45209E-7 1.57674E-7 1.65155E-7 1.95286E-7 2.47634E-7 2.79694E-7 2.86777E-7 2.81482E-7 3.02295E-7 3.4081E-7 4.04931E-7 4.80262E-7 5.2772E-7 6.40396E-7 7.24321E-7 7.57744E-7 8.49581E-7 9.30673E-7 9.67752E-7 1.00298E-6 1.01479E-6 9.35826E-7 9.38378E-7 1.02117E-6 1.00667E-6 9.56938E-7 9.07363E-7 9.42034E-7 1.13328E-6 1.31047E-6 1.58782E-6 2.02747E-6 2.26975E-6 2.12395E-6 1.76687E-6 1.40072E-6 1.31001E-6 1.69222E-6 2.72393E-6 4.24281E-6 6.90322E-6 1.04955E-5 1.29527E-5 9.60495E-6 5.73961E-6 2.54968E-6 1.96191E-6 1.65987E-6
-9999 -9999 -9999 -9999 -9999 -9999 -9999 -9999 -9999 -9999 -9999 -9999 -9999 -9999 -9999 -9999 -9999 -9999 -9999 1.34864E-7 1.36231E-7 1.76429E-7 2.36636E-7 2.844E-7 3.01324E-7 3.03835E-7 3.0446E-7 3.02794E-7 3.3716E-7 4.06066E-7 5.08379E-7 6.14257E-7 6.63511E-7 7.09855E-7 7.4397E-7 8.04448E-7 8.39199E-7 8.70712E-7 8.86565E-7 8.88598E-7 9.57452E-7 9.81107E-7 1.00895E-6 9.6768E-7 9.79278E-7 9.2908E-7 9.64417E-7 1.03739E-6 1.14276E-6 1.36403E-6 1.4849E-6 1.49739E-6 1.34238E-6 1.19325E-6 1.28408E-6 1.54241E-6 2.04582E-6 2.90566E-6 4.55849E-6 6.06678E-6 6.52391E-6 4.98027E-6 3.55149E-6 2.0128E-6 1.60484E-6 2.20231E-6
-9999 -9999 -9999 -9999 -9999 -9999 -9999 -9999 -9999 -9999 -9999 -9999 -9999 -9999 -9999 -9999 -9999 -9999 -9999 -9999 -9999 1.60685E-7 2.29917E-7 2.77655E-7 3.13499E-7 3.22216E-7 3.13897E-7 2.94153E-7 3.12364E-7 3.59799E-7 4.20847E-7 5.21884E-7 6.09653E-7 6.76092E-7 7.36981E-7 7.96051E-7 8.28305E-7 8.15324E-7 8.01819E-7 8.19653E-7 8.55519E-7 9.17052E-7 8.5392E-7 8.86179E-7 8.91839E-7 9.27276E-7 9.3609E-7 1.03463E-6 1.07092E-6 1.14929E-6 1.16542E-6 1.13011E-6 1.17304E-6 1.07916E-6 1.0332E-6 1.19101E-6 1.58744E-6 1.99401E-6 2.54018E-6 3.08423E-6 3.57806E-6 2.85437E-6 2.27906E-6 1.87722E-6 1.52671E-6 1.56409E-6
-9999 -9999 -9999 -9999 -9999 -9999 -9999 -9999 -9999 -9999 -9999 -9999 -9999 -9999 -9999 -9999 -9999 -9999 -9999 -9999 -9999 1.5147E-7 2.02895E-7 2.58762E-7 3.15816E-7 3.67262E-7 3.33338E-7 2.97468E-7 3.11423E-7 3.51893E-7 3.94781E-7 4.46279E-7 5.12596E-7 5.81994E-7 6.5413E-7 7.20538E-7 7.46466E-7 7.50814E-7 7.61116E-7 7.89023E-7 8.10384E-7 7.72884E-7 7.84244E-7 8.14579E-7 8.37011E-7 9.16666E-7 8.68226E-7 9.58365E-7 1.06949E-6 1.08768E-6 9.9409E-7 9.4739E-7 1.0579E-6 1.09915E-6 1.07144E-6 1.18747E-6 1.57562E-6 1.52004E-6 1.6112E-6 1.83813E-6 1.82961E-6 1.68635E-6 1.7741E-6 1.69783E-6 1.65569E-6 1.43987E-6
-9999 -9999 -9999 -9999 -9999 -9999 -9999 -9999 -9999 -9999 -9999 -9999 -9999 -9999 -9999 -9999 -9999 -9999 -9999 -9999 -9999 1.8163E-7 2.19275E-7 2.57996E-7 3.09382E-7 3.52454E-7 3.64943E-7 3.37861E-7 3.08236E-7 3.45888E-7 3.91145E-7 4.30719E-7 4.73471E-7 5.1419E-7 5.59585E-7 6.02808E-7 6.49366E-7 7.01715E-7 7.34328E-7 7.36418E-7 7.07227E-7 6.66424E-7 6.71167E-7 7.23842E-7 8.0814E-7 8.76191E-7 8.91704E-7 9.33695E-7 9.44068E-7 9.23057E-7 9.41838E-7 9.47731E-7 1.16969E-6 1.1871E-6 1.0406E-6 1.2133E-6 1.84103E-6 1.82609E-6 1.43768E-6 1.84224E-6 1.84214E-6 1.66578E-6 1.94037E-6 2.21399E-6 2.3904E-6 2.12493E-6
-9999 -9999 -9999 -9999 -9999 -9999 -9999 -9999 -9999 -9999 -9999 -9999 -9999 -9999 -9999 -9999 -9999 -9999 -9999 -9999 -9999 2.31428E-7 2.50132E-7 2.84384E-7 3.42493E-7 3.72375E-7 3.95925E-7 4.24407E-7 4.18969E-7 4.47897E-7 4.92717E-7 5.05603E-7 5.26248E-7 5.47391E-7 5.61505E-7 5.70198E-7 5.83361E-7 6.2417E-7 6.40269E-7 6.29561E-7 6.01836E-7 5.69871E-7 5.95521E-7 6.44553E-7 7.28513E-7 8.22622E-7 8.86728E-7 8.72996E-7 8.55689E-7 8.27415E-7 9.04359E-7 1.01506E-6 1.1051E-6 1.041E-6 1.01538E-6 1.16283E-6 1.69498E-6 1.74913E-6 1.55842E-6 1.83795E-6 2.0607E-6 2.62056E-6 3.13135E-6 4.00577E-6 4.97795E-6 4.67597E-6
-9999 -9999 -9999 -9999 -9999 -9999 -9999 -9999 -9999 -9999 -9999 -9999 -9999 -9999 -9999 -9999 -9999 -9999 -9999 -9999 -9999 2.78916E-7 2.99749E-7 3.30631E-7 3.647E-7 4.18331E-7 4.64999E-7 5.22718E-7 5.52258E-7 5.89031E-7 6.49394E-7 6.84873E-7 6.9056E-7 7.07995E-7 7.26509E-7 7.4368E-7 7.41432E-7 7.26107E-7 6.85455E-7 6.41591E-7 5.92934E-7 5.40104E-7 5.57262E-7 5.85275E-7 6.72653E-7 7.69412E-7 8.24844E-7 7.98911E-7 8.06472E-7 8.96468E-7 1.09081E-6 1.19628E-6 1.06797E-6 9.67617E-7 1.02774E-6 1.14287E-6 1.36269E-6 1.3954E-6 1.35231E-6 1.78861E-6 2.41445E-6 3.5831E-6 4.53629E-6 6.49423E-6 7.79415E-6 6.79843E-6
-9999 -9999 -9999 -9999 -9999 -9999 -9999 -9999 -9999 -9999 -9999 -9999 -9999 -9999 -9999 -9999 -9999 -9999 -9999 -9999 -9999 3.20963E-7 3.61929E-7 4.16557E-7 4.35733E-7 5.02611E-7 5.73967E-7 6.38187E-7 6.92647E-7 7.39857E-7 8.04105E-7 8.9393E-7 9.05752E-7 8.75032E-7 8.94301E-7 8.90997E-7 8.59882E-7 8.18296E-7 7.76468E-7 7.43241E-7 7.02128E-7 6.46036E-7 5.94034E-7 5.44579E-7 6.30774E-7 7.34493E-7 7.81428E-7 7.7678E-7 8.18189E-7 9.78687E-7 1.09273E-6 1.04344E-6 9.55523E-7 8.7582E-7 1.03836E-6 1.20414E-6 1.22587E-6 1.21609E-6 1.30942E-6 1.7893E-6 2.14325E-6 3.71772E-6 6.24654E-6 9.11576E-6 1.11408E-5 6.93533E-6
-9999 -9999 -9999 -9999 -9999 -9999 -9999 -9999 -9999 -9999 -9999 -9999 -9999 -9999 -9999 -9999 -9999 -9999 -9999 -9999 -9999 3.69172E-7 4.3383E-7 4.95004E-7 5.2777E-7 5.77802E-7 6.592E-7 7.42327E-7 8.38926E-7 9.19858E-7 1.0041E-6 1.10819E-6 1.11591E-6 1.07684E-6 1.10403E-6 1.08462E-6 1.03456E-6 9.64052E-7 8.97053E-7 8.77005E-7 8.38535E-7 7.904E-7 6.99033E-7 6.24252E-7 5.99095E-7 6.72442E-7 7.5761E-7 8.05187E-7 8.44148E-7 9.63741E-7 9.82177E-7 9.17979E-7 8.23706E-7 8.57721E-7 1.05266E-6 1.23546E-6 1.23558E-6 1.2106E-6 1.26593E-6 1.40443E-6 1.84129E-6 3.50377E-6 6.46412E-6 8.16225E-6 8.06352E-6 5.56059E-6
-9999 -9999 -9999 -9999 -9999 -9999 -9999 -9999 -9999 -9999 -9999 -9999 -9999 -9999 -9999 -9999 -9999 -9999 -9999 -9999 -9999 4.29904E-7 5.0521E-7 5.88539E-7 6.52525E-7 6.79501E-7 7.55469E-7 8.21038E-7 8.94393E-7 9.91002E-7 1.11645E-6 1.22053E-6 1.20837E-6 1.22054E-6 1.23E-6 1.2095E-6 1.16294E-6 1.11932E-6 1.0467E-6 1.02949E-6 1.01377E-6 9.06307E-7 8.06993E-7 7.76383E-7 7.99763E-7 8.6575E-7 7.94769E-7 8.23994E-7 8.0243E-7 8.13019E-7 8.31915E-7 8.02314E-7 7.73743E-7 8.87818E-7 1.0321E-6 1.18986E-6 1.38575E-6 1.74197E-6 1.58504E-6 1.41598E-6 1.94095E-6 2.71864E-6 4.1931E-6 5.28021E-6 4.74493E-6 3.8401E-6
-9999 -9999 -9999 -9999 -9999 -9999 -9999 -9999 -9999 -9999 -9999 -9999 -9999 -9999 -9999 -9999 -9999 -9999 -9999 -9999 -9999 4.90399E-7 5.79003E-7 6.71148E-7 7.40746E-7 7.80332E-7 8.13499E-7 8.89121E-7 9.50131E-7 1.05029E-6 1.20096E-6 1.30315E-6 1.30126E-6 1.298E-6 1.29981E-6 1.28976E-6 1.20205E-6 1.15787E-6 1.14782E-6 1.07893E-6 1.07839E-6 1.04306E-6 1.08447E-6 1.11799E-6 1.17496E-6 1.06865E-6 8.9974E-7 7.68092E-7 7.32813E-7 7.50782E-7 7.71104E-7 6.91446E-7 7.66187E-7 9.15181E-7 9.80935E-7 1.17166E-6 1.53424E-6 2.20667E-6 1.79742E-6 1.3472E-6 1.78214E-6 2.0142E-6 2.53699E-6 3.20388E-6 2.8329E-6 2.28974E-6
-9999 -9999 -9999 -9999 -9999 -9999 -9999 -9999 -9999 -9999 -9999 -9999 -9999 -9999 -9999 -9999 -9999 -9999 -9999 -9999 -9999 5.40025E-7 6.43239E-7 7.66358E-7 8.7941E-7 9.66859E-7 9.6756E-7 9.75696E-7 1.04821E-6 1.17741E-6 1.35736E-6 1.43001E-6 1.42578E-6 1.33239E-6 1.33614E-6 1.34053E-6 1.30178E-6 1.16897E-6 1.17591E-6 1.27453E-6 1.376E-6 1.40176E-6 1.44195E-6 1.30552E-6 1.20181E-6 1.05952E-6 8.65696E-7 8.54577E-7 8.66225E-7 9.274E-7 8.35525E-7 7.84499E-7 8.48687E-7 9.67372E-7 9.79385E-7 1.20937E-6 1.54723E-6 1.84527E-6 1.42748E-6 1.36684E-6 1.70694E-6 1.45099E-6 1.66818E-6 2.04723E-6 1.73464E-6 1.39957E-6
-9999 -9999 -9999 -9999 -9999 -9999 -9999 -9999 -9999 -9999 -9999 -9999 -9999 -9999 -9999 -9999 -9999 -9999 -9999 -9999 -9999 6.75411E-7 8.34885E-7 1.0319E-6 1.19207E-6 1.24941E-6 1.19712E-6 1.09925E-6 1.10043E-6 1.29259E-6 1.46309E-6 1.67607E-6 1.64905E-6 1.53474E-6 1.37712E-6 1.40071E-6 1.39011E-6 1.40879E-6 1.63211E-6 1.67855E-6 1.5886E-6 1.52087E-6 1.4156E-6 1.1924E-6 1.09445E-6 9.88736E-7 9.65757E-7 9.97038E-7 1.0192E-6 9.24019E-7 9.21959E-7 1.07788E-6 1.16225E-6 9.54999E-7 9.77547E-7 1.24312E-6 1.28258E-6 1.21586E-6 1.21045E-6 1.4306E-6 1.82535E-6 1.45737E-6 1.58247E-6 1.82044E-6 1.35188E-6 1.43548E-6
-9999 -9999 -9999 -9999 -9999 -9999 -9999 -9999 -9999 -9999 -9999 -9999 -9999 -9999 -9999 -9999 -9999 -9999 -9999 -9999 -9999 -9999 9.24678E-7 -9999 -9999 -9999 1.22108E-6 9.61549E-7 1.12287E-6 1.38532E-6 1.54169E-6 1.57566E-6 1.57793E-6 1.61063E-6 1.90561E-6 2.31527E-6 2.44469E-6 2.29997E-6 2.06036E-6 1.70829E-6 1.39978E-6 1.3451E-6 1.28391E-6 1.20701E-6 1.12429E-6 1.05651E-6 1.06569E-6 1.0891E-6 9.70183E-7 9.68246E-7 1.10713E-6 1.29554E-6 1.16874E-6 9.21869E-7 1.00984E-6 1.16538E-6 1.05535E-6 1.04215E-6 1.22323E-6 1.58714E-6 1.64757E-6 1.44488E-6 1.84006E-6 1.89397E-6 1.45293E-6 1.5168E-6
-9999 -9999 -9999 -9999 -9999 -9999 -9999 -9999 -9999 -9999 -9999 -9999 -9999 -9999 -9999 -9999 -9999 -9999 -9999 -9999 -9999 -9999 -9999 -9999 -9999 -9999 -9999 8.77314E-7 9.68865E-7 1.09177E-6 1.17411E-6 1.31062E-6 1.58911E-6 2.30781E-6 3.51039E-6 4.3505E-6 4.15912E-6 3.30487E-6 2.34397E-6 1.63739E-6 1.3977E-6 1.33519E-6 1.29482E-6 1.25202E-6 1.26717E-6 1.20037E-6 1.13324E-6 1.01643E-6 1.01024E-6 1.13043E-6 1.27654E-6 1.27167E-6 1.03622E-6 9.98736E-7 1.32146E-6 1.15768E-6 9.19449E-7 1.0185E-6 1.27766E-6 1.76273E-6 1.56529E-6 1.354E-6 1.55623E-6 1.834E-6 1.42341E-6 1.46794E-6
-9999 -9999 -9999 -9999 -9999 -9999 -9999 -9999 -9999 -9999 -9999 -9999 -9999 -9999 -9999 -9999 -9999 -9999 -9999 -9999 -9999 -9999 -9999 -9999 -9999 -9999 7.81779E-7 8.78531E-7 9.12468E-7 1.01933E-6 1.11873E-6 1.31076E-6 1.88728E-6 3.09356E-6 4.90363E-6 6.56673E-6 6.22315E-6 4.28617E-6 2.70905E-6 1.82857E-6 1.6119E-6 1.34217E-6 1.4573E-6 1.39282E-6 1.28413E-6 1.19076E-6 1.09356E-6 1.08793E-6 1.07794E-6 1.2158E-6 1.29863E-6 1.16812E-6 1.16612E-6 1.36199E-6 1.61862E-6 1.14E-6 9.62877E-7 1.12036E-6 1.13299E-6 1.49874E-6 1.46103E-6 1.34908E-6 1.43457E-6 1.62366E-6 1.36433E-6 1.31082E-6
-9999 -9999 -9999 -9999 -9999 -9999 -9999 -9999 -9999 -9999 -9999 -9999 -9999 -9999 -9999 -9999 -9999 -9999 -9999 -9999 -9999 -9999 -9999 -9999 -9999 -9999 8.04353E-7 8.96657E-7 9.91591E-7 1.14417E-6 1.14822E-6 1.34181E-6 1.90351E-6 3.13519E-6 5.55964E-6 9.88982E-6 8.01712E-6 4.90293E-6 3.04999E-6 2.0878E-6 1.69843E-6 1.55726E-6 1.53394E-6 1.51396E-6 1.47762E-6 1.35284E-6 1.30965E-6 1.29768E-6 1.13468E-6 1.35565E-6 1.24898E-6 1.20244E-6 1.4488E-6 1.69454E-6 1.44663E-6 1.14144E-6 1.25134E-6 1.34134E-6 1.37424E-6 1.75706E-6 1.64852E-6 1.59052E-6 1.51254E-6 1.39075E-6 1.28269E-6 1.20032E-6
-9999 -9999 -9999 -9999 -9999 -9999 -9999 -9999 -9999 -9999 -9999 -9999 -9999 -9999 -9999 -9999 -9999 -9999 -9999 -9999 -9999 -9999 -9999 -9999 -9999 -9999 -9999 1.03006E-6 1.13652E-6 1.2543E-6 1.44165E-6 1.58796E-6 1.94237E-6 2.81645E-6 4.40127E-6 5.93411E-6 5.75942E-6 4.34699E-6 2.88313E-6 1.87129E-6 1.46016E-6 1.34584E-6 1.44201E-6 1.39491E-6 1.43489E-6 1.62657E-6 1.64842E-6 1.43963E-6 1.27506E-6 1.31093E-6 1.27861E-6 1.51297E-6 1.94838E-6 1.73484E-6 1.34042E-6 1.21643E-6 1.37422E-6 1.4885E-6 1.65721E-6 2.2765E-6 1.78977E-6 1.79429E-6 1.79976E-6 1.74036E-6 1.43694E-6 1.23992E-6
-9999 -9999 -9999 -9999 -9999 -9999 -9999 -9999 -9999 -9999 -9999 -9999 -9999 -9999 -9999 -9999 -9999 -9999 -9999 -9999 -9999 -9999 -9999 -9999 -9999 -9999 9.8295E-7 1.0427E-6 1.11996E-6 1.28398E-6 1.35907E-6 1.46719E-6 1.59132E-6 2.13255E-6 2.89932E-6 3.43822E-6 3.38359E-6 2.779E-6 2.14141E-6 1.76945E-6 1.58505E-6 1.3788E-6 1.30358E-6 1.28253E-6 1.45496E-6 1.53394E-6 1.621E-6 1.83673E-6 1.89587E-6 1.80112E-6 1.4053E-6 1.54307E-6 1.69951E-6 1.45037E-6 1.42216E-6 1.38308E-6 1.44651E-6 1.66083E-6 1.83014E-6 2.38071E-6 1.74229E-6 1.84939E-6 1.98457E-6 2.07539E-6 1.75545E-6 1.42077E-6
