catData/rasterBestHybridModels/Pbengalensis/RD_RM1.5_L/Pbengalensis_stddev.asc
ncols         409
nrows         350
xllcorner     60.897278365
yllcorner     5.843756025
cellsize      0.0892857
NODATA_value  -9999
[rows 116 to 144 of 350, columns 198 to 263 of 409]
2.2898E-6 3.04424E-6 3.34425E-6 2.89216E-6 4.31577E-6 5.93273E-6 7.73819E-6 6.08947E-6 3.58318E-6 4.53496E-6 4.08924E-6 3.19109E-6 3.24057E-6 3.21605E-6 2.33789E-6 2.37739E-6 2.77545E-6 3.0678E-6 4.58643E-6 7.48687E-6 6.33087E-6 7.55402E-6 6.02617E-6 5.57769E-6 4.13741E-6 2.87646E-6 3.24365E-6 5.09645E-6 6.12658E-6 5.80178E-6 3.80957E-6 3.66056E-6 2.98635E-6 3.70324E-6 3.90917E-6 3.89233E-6 3.74228E-6 3.17056E-6 4.21668E-6 6.66184E-6 6.24191E-6 4.92972E-6 5.11032E-6 6.19645E-6 5.22557E-6 5.05296E-6 6.26579E-6 5.27787E-6 4.23169E-6 6.05152E-6 7.97931E-6 6.67829E-6 5.72684E-6 9.91576E-6 8.78023E-6 5.98979E-6 6.79736E-6 1.14176E-5 1.07287E-5 6.97533E-6 6.33396E-6 6.6739E-6 7.27306E-6 7.3212E-6 7.20391E-6 7.59746E-6
3.86835E-6 5.38401E-6 7.57415E-6 4.23963E-6 4.14538E-6 4.71315E-6 7.07142E-6 5.09886E-6 3.90425E-6 7.81415E-6 7.84688E-6 3.63017E-6 6.1069E-6 5.93288E-6 3.55185E-6 3.58596E-6 2.41032E-6 3.91679E-6 8.15135E-6 7.34235E-6 4.61406E-6 7.18265E-6 4.69393E-6 2.63772E-6 3.1781E-6 2.72216E-6 2.56639E-6 5.1483E-6 9.71503E-6 7.75205E-6 3.6916E-6 2.97767E-6 3.32981E-6 4.16976E-6 3.70828E-6 3.06635E-6 3.11403E-6 3.01945E-6 5.19387E-6 1.12791E-5 8.07907E-6 5.41735E-6 1.12718E-5 7.8543E-6 5.99202E-6 9.95407E-6 7.77081E-6 4.51023E-6 4.17372E-6 3.95588E-6 3.95642E-6 3.74822E-6 6.73203E-6 1.01024E-5 6.81827E-6 4.69414E-6 5.04729E-6 6.43103E-6 6.46531E-6 5.86417E-6 6.23276E-6 7.25981E-6 7.21304E-6 6.91354E-6 7.08412E-6 7.96329E-6
8.63644E-6 4.99255E-6 6.55189E-6 7.18459E-6 6.3395E-6 3.61889E-6 3.12528E-6 2.58941E-6 3.00934E-6 4.77468E-6 6.90915E-6 4.07827E-6 5.91037E-6 5.7952E-6 7.68023E-6 6.5802E-6 3.14339E-6 2.78723E-6 5.62705E-6 9.68489E-6 4.94292E-6 8.4641E-6 5.09296E-6 4.03024E-6 7.33816E-6 5.36969E-6 4.79463E-6 5.75924E-6 9.01073E-6 5.62312E-6 3.84264E-6 3.00845E-6 2.88844E-6 3.10164E-6 2.84126E-6 3.31258E-6 3.58564E-6 2.9444E-6 3.91405E-6 6.34634E-6 5.02423E-6 5.43788E-6 8.82022E-6 6.65212E-6 6.26645E-6 1.11664E-5 7.38749E-6 4.62155E-6 4.11013E-6 4.06677E-6 3.97824E-6 3.75623E-6 6.77495E-6 1.02763E-5 7.31901E-6 5.31723E-6 8.48054E-6 9.20863E-6 1.358E-5 6.53447E-6 5.39287E-6 6.66642E-6 6.76237E-6 6.61245E-6 7.63013E-6 1.38113E-5
5.6126E-6 3.77188E-6 2.29648E-6 3.83826E-6 3.70038E-6 2.45123E-6 4.62793E-6 4.22834E-6 2.55622E-6 4.42725E-6 7.5669E-6 6.24141E-6 5.38962E-6 3.56279E-6 5.90575E-6 7.47984E-6 4.62298E-6 2.41679E-6 4.3541E-6 7.54375E-6 6.07256E-6 3.74412E-6 4.66015E-6 5.25278E-6 8.67245E-6 9.3444E-6 7.26729E-6 5.51605E-6 8.38476E-6 5.99659E-6 8.43561E-6 4.64701E-6 2.87069E-6 3.0845E-6 3.67557E-6 6.98921E-6 6.97473E-6 4.23435E-6 2.96174E-6 3.14301E-6 3.02035E-6 3.14025E-6 3.68693E-6 7.57993E-6 1.30223E-5 6.59235E-6 5.64791E-6 4.67316E-6 6.0546E-6 6.08266E-6 3.53446E-6 3.74417E-6 5.16472E-6 6.91563E-6 5.16998E-6 5.84301E-6 1.24963E-5 5.70077E-6 7.52535E-6 5.52272E-6 4.66577E-6 5.25968E-6 6.04655E-6 6.29338E-6 8.38069E-6 1.35272E-5
5.00103E-6 4.8952E-6 2.63254E-6 3.93199E-6 5.45973E-6 3.85209E-6 5.62979E-6 6.42035E-6 3.04779E-6 2.98547E-6 3.21085E-6 6.13351E-6 6.15184E-6 3.42189E-6 4.43041E-6 6.20975E-6 4.45138E-6 2.41721E-6 2.7663E-6 3.94143E-6 3.64427E-6 3.03091E-6 6.25563E-6 9.33944E-6 4.85174E-6 4.85039E-6 4.36912E-6 2.60026E-6 3.50519E-6 6.51131E-6 8.03094E-6 4.49509E-6 5.37074E-6 6.69087E-6 3.75627E-6 7.27315E-6 7.31633E-6 4.28582E-6 4.86084E-6 5.92333E-6 3.96915E-6 2.92237E-6 4.87066E-6 7.78098E-6 5.94638E-6 6.08078E-6 1.16035E-5 7.36976E-6 1.02042E-5 9.71076E-6 7.13826E-6 5.73417E-6 6.3099E-6 1.3793E-5 7.11114E-6 8.13748E-6 5.68569E-6 4.28008E-6 3.65698E-6 4.24391E-6 5.1161E-6 6.08673E-6 8.1612E-6 6.91336E-6 7.53815E-6 7.28657E-6
5.20527E-6 7.09986E-6 3.63312E-6 4.43728E-6 5.85337E-6 3.82845E-6 6.01932E-6 6.30194E-6 4.45388E-6 3.39657E-6 2.73082E-6 3.21637E-6 2.82681E-6 6.58339E-6 7.64655E-6 3.30679E-6 2.94818E-6 4.26445E-6 4.18679E-6 2.5881E-6 2.29503E-6 2.35992E-6 3.49793E-6 5.1426E-6 9.14688E-6 5.15133E-6 2.55856E-6 1.83728E-6 4.21949E-6 7.55701E-6 6.87928E-6 3.6931E-6 6.88259E-6 9.90063E-6 5.03595E-6 4.81205E-6 5.33229E-6 4.45133E-6 7.70525E-6 3.94506E-6 5.00828E-6 4.61047E-6 6.43696E-6 9.96221E-6 5.84952E-6 4.91417E-6 7.64206E-6 5.73029E-6 5.78588E-6 5.68012E-6 1.06367E-5 8.80561E-6 8.65981E-6 6.41221E-6 8.1112E-6 1.11547E-5 5.55379E-6 4.1716E-6 4.03643E-6 6.98166E-6 1.05267E-5 7.42016E-6 1.59681E-5 8.69488E-6 1.2634E-5 1.10401E-5
2.97031E-6 3.73084E-6 1.40646E-6 2.44442E-6 2.36384E-6 4.46735E-6 1.07877E-6 4.44047E-6 9.37309E-6 4.24143E-6 2.63238E-6 2.66668E-6 5.10909E-6 6.38419E-6 4.95972E-6 2.88E-6 4.17864E-6 8.31231E-6 6.68876E-6 3.29909E-6 2.30735E-6 3.14574E-6 3.76303E-6 4.53025E-6 6.13526E-6 3.63913E-6 3.93644E-6 5.1926E-6 4.08128E-6 6.4846E-6 6.09144E-6 3.87756E-6 5.72099E-6 4.58408E-6 3.52613E-6 7.55467E-6 9.70165E-6 4.32544E-6 3.6732E-6 4.11524E-6 3.21597E-6 6.05996E-6 1.14505E-5 6.22145E-6 3.36374E-6 4.71405E-6 4.67782E-6 6.06413E-6 6.51657E-6 4.46304E-6 4.92622E-6 7.34984E-6 8.33508E-6 1.19873E-5 6.0533E-6 8.94445E-6 6.50552E-6 4.01833E-6 6.84295E-6 1.15796E-5 1.04765E-5 6.73316E-6 8.04642E-6 5.04159E-6 8.78831E-6 8.41833E-6
1.17091E-6 3.89885E-6 3.1038E-6 3.7553E-7 2.47994E-6 2.33472E-6 1.99564E-6 3.43354E-6 3.34415E-6 3.71419E-6 4.71157E-6 2.95408E-6 4.47515E-6 4.1098E-6 4.61051E-6 3.77554E-6 4.04353E-6 4.84021E-6 4.39189E-6 2.65192E-6 2.72134E-6 5.50632E-6 8.35117E-6 4.84124E-6 2.26477E-6 3.18484E-6 4.91897E-6 1.11878E-5 5.87239E-6 2.82738E-6 3.26849E-6 6.53646E-6 1.06609E-5 6.55629E-6 3.23136E-6 4.61273E-6 6.20709E-6 1.01003E-5 4.38959E-6 2.77261E-6 3.04102E-6 3.7762E-6 4.9336E-6 3.82281E-6 4.20845E-6 8.895E-6 8.67771E-6 8.23666E-6 9.26888E-6 6.7521E-6 9.94503E-6 1.14252E-5 9.28918E-6 8.86238E-6 7.59111E-6 9.78132E-6 7.25844E-6 3.87069E-6 5.42928E-6 8.41439E-6 7.8465E-6 1.24232E-5 7.61823E-6 6.06244E-6 4.20105E-6 7.69143E-6
2.52704E-6 4.08743E-6 5.37303E-6 2.47511E-6 3.42783E-6 4.30765E-6 5.15751E-6 4.00556E-6 4.12775E-6 5.06858E-6 3.97158E-6 3.24702E-6 2.9411E-6 6.64924E-6 7.8487E-6 8.07073E-6 5.71113E-6 5.98654E-6 5.48331E-6 2.91031E-6 2.53822E-6 3.87886E-6 6.56982E-6 4.32972E-6 6.25987E-6 5.98693E-6 3.74081E-6 4.55538E-6 3.53748E-6 2.55066E-6 3.08246E-6 6.25984E-6 6.91626E-6 4.29873E-6 6.80341E-6 6.38188E-6 3.88617E-6 5.22405E-6 6.43968E-6 4.72731E-6 7.42444E-6 5.30844E-6 2.83744E-6 2.79895E-6 3.38638E-6 5.87734E-6 5.86447E-6 4.31533E-6 7.99214E-6 5.69647E-6 6.07579E-6 5.47371E-6 4.29665E-6 6.26934E-6 6.13932E-6 7.61373E-6 7.14966E-6 3.70368E-6 3.98829E-6 4.4985E-6 5.40715E-6 8.24621E-6 1.30747E-5 8.45081E-6 4.40053E-6 4.92326E-6
1.63331E-6 2.33727E-6 4.07869E-6 2.04617E-6 2.48084E-6 3.40379E-6 3.55545E-6 3.0887E-6 5.02593E-6 3.55826E-6 2.88974E-6 7.45154E-7 3.24925E-6 3.56065E-6 3.57273E-6 3.66719E-6 3.53466E-6 5.0061E-6 4.40881E-6 2.56808E-6 1.67975E-6 3.32044E-6 6.34838E-6 5.98933E-6 5.36377E-6 6.78113E-6 3.42597E-6 3.14628E-6 3.58498E-6 2.87865E-6 2.2939E-6 3.12466E-6 2.84152E-6 2.59838E-6 6.1941E-6 7.2148E-6 4.89392E-6 8.82243E-6 7.6175E-6 4.67055E-6 8.94462E-6 5.23621E-6 2.91928E-6 2.46695E-6 2.59117E-6 3.41111E-6 3.18889E-6 2.83638E-6 3.43651E-6 4.55076E-6 9.42872E-6 7.59474E-6 3.56292E-6 3.12729E-6 3.61479E-6 7.2258E-6 5.55833E-6 3.74566E-6 7.76241E-6 9.15023E-6 4.3887E-6 4.33593E-6 9.16063E-6 1.23856E-5 8.11437E-6 9.46854E-6
2.52663E-6 4.32714E-6 3.87285E-6 7.88476E-7 4.71961E-6 3.13635E-6 2.6696E-6 3.3008E-6 4.35087E-6 1.81166E-6 2.49904E-6 8.2181E-7 4.5242E-6 3.66757E-6 1.01681E-6 1.76838E-6 3.11374E-6 3.31091E-6 2.19159E-6 1.31579E-6 1.70616E-6 3.5593E-6 5.80885E-6 6.2382E-6 3.30528E-6 2.68956E-6 2.95221E-6 5.97433E-6 7.0291E-6 3.69433E-6 2.21258E-6 3.37387E-6 5.64491E-6 4.56864E-6 3.99339E-6 4.13658E-6 3.58451E-6 4.90109E-6 4.07225E-6 3.01882E-6 3.31356E-6 3.23782E-6 4.05736E-6 3.59241E-6 3.67864E-6 7.1157E-6 7.2538E-6 3.8535E-6 2.8483E-6 3.53167E-6 5.0202E-6 5.04905E-6 3.56441E-6 3.49874E-6 2.63181E-6 3.24583E-6 3.09758E-6 3.34155E-6 6.32064E-6 7.08943E-6 4.09077E-6 3.20499E-6 4.71534E-6 5.98416E-6 6.71978E-6 7.27417E-6
3.71365E-6 1.15338E-6 4.5781E-6 3.64711E-6 4.77928E-6 1.50717E-7 7.08878E-7 3.86452E-6 2.33605E-6 5.83097E-7 4.7593E-6 2.95717E-6 5.68873E-7 3.76256E-6 1.86406E-6 2.52771E-6 5.77615E-6 6.45262E-6 3.07541E-6 1.8973E-6 2.217E-6 3.73982E-6 3.82918E-6 2.83608E-6 1.86207E-6 1.85356E-6 4.43611E-6 5.91798E-6 5.36641E-6 3.97214E-6 6.12932E-6 5.04829E-6 9.05941E-6 7.76583E-6 4.02059E-6 2.18223E-6 5.21525E-6 8.90429E-6 5.10732E-6 2.80576E-6 2.46438E-6 4.12282E-6 8.20051E-6 7.80825E-6 3.99069E-6 6.22288E-6 9.18739E-6 6.06401E-6 6.24553E-6 4.73169E-6 2.70758E-6 3.85544E-6 7.49994E-6 7.19299E-6 3.63571E-6 3.43231E-6 3.52293E-6 4.34491E-6 4.87771E-6 3.0359E-6 3.42816E-6 2.95323E-6 2.99748E-6 2.77057E-6 4.03759E-6 4.21896E-6
2.16589E-6 3.24575E-6 1.04202E-6 1.28094E-7 2.79533E-7 4.6532E-7 1.91445E-6 1.53252E-6 3.73561E-6 6.75185E-8 3.17484E-7 2.37232E-6 7.74857E-7 4.12968E-6 3.90595E-6 2.35432E-6 4.12948E-6 4.46513E-6 2.77817E-6 2.42536E-6 3.90508E-6 7.59505E-6 6.34304E-6 3.06761E-6 3.94446E-6 2.33327E-6 4.68219E-6 6.69828E-6 4.90739E-6 4.51913E-6 8.60611E-6 5.46641E-6 6.68981E-6 4.50831E-6 2.76134E-6 2.54576E-6 4.46501E-6 6.18074E-6 4.81658E-6 6.23004E-6 3.506E-6 3.58352E-6 5.99606E-6 5.81529E-6 7.50583E-6 8.47642E-6 5.93935E-6 5.245E-6 1.00649E-5 6.16119E-6 2.92037E-6 5.1074E-6 6.68626E-6 5.73676E-6 3.23363E-6 6.90545E-6 7.30459E-6 8.08798E-6 8.14801E-6 4.9389E-6 6.8979E-6 5.05281E-6 5.62651E-6 4.33345E-6 6.66011E-6 9.45757E-6
1.48929E-6 5.62119E-6 5.22827E-6 3.03413E-6 2.23088E-6 4.55475E-6 4.59406E-6 3.6227E-6 4.91148E-6 2.15189E-7 6.39154E-7 3.983E-6 2.68958E-6 7.46857E-6 5.77942E-6 3.15103E-6 3.11076E-6 4.27752E-6 3.20307E-6 2.37671E-6 4.50938E-6 3.75105E-6 3.3778E-6 5.78887E-6 3.97942E-6 1.69207E-6 3.03878E-6 2.86946E-6 3.16316E-6 2.38429E-6 6.19845E-6 8.78339E-6 7.56728E-6 5.40336E-6 4.38012E-6 4.07641E-6 5.30192E-6 4.95138E-6 6.22545E-6 9.75627E-6 4.51256E-6 3.16732E-6 5.65478E-6 5.30353E-6 5.51194E-6 5.94818E-6 3.62023E-6 4.70864E-6 4.51309E-6 3.6483E-6 3.4425E-6 7.95729E-6 8.25668E-6 3.91237E-6 3.3605E-6 6.43003E-6 6.67501E-6 4.7609E-6 4.19413E-6 5.02571E-6 7.82068E-6 5.6836E-6 9.3909E-6 5.19175E-6 4.90255E-6 6.6798E-6
1.04711E-6 6.52153E-7 3.46753E-7 1.85244E-6 3.50657E-6 6.13802E-6 5.77903E-6 1.97472E-7 5.07735E-7 7.60852E-8 2.20367E-6 3.26844E-6 4.35651E-6 5.63535E-6 3.06696E-6 6.03605E-6 5.68808E-6 7.95503E-6 5.54819E-6 4.82727E-6 5.40245E-6 3.03694E-6 1.81786E-6 3.66827E-6 4.32683E-6 3.4945E-6 2.23699E-6 1.83502E-7 5.21195E-6 5.66602E-6 3.65441E-6 8.13481E-6 7.43756E-6 6.59383E-6 8.96942E-6 5.64842E-6 1.01922E-5 9.80257E-6 4.81176E-6 4.39454E-6 5.77457E-6 4.06457E-6 7.51796E-6 8.08075E-6 7.48383E-6 5.09708E-6 5.66484E-6 1.04743E-5 5.64981E-6 3.68494E-6 3.16495E-6 4.43379E-6 4.49758E-6 2.77994E-6 3.9543E-6 8.47217E-6 6.63569E-6 3.19404E-6 2.38331E-6 2.78144E-6 3.38044E-6 3.35724E-6 4.18469E-6 3.93898E-6 4.99409E-6 9.00154E-6
3.83412E-8 8.5597E-7 1.66675E-6 1.85366E-6 2.60226E-6 3.94493E-6 1.6234E-8 6.82571E-8 3.96021E-6 2.14936E-6 1.06015E-6 2.95522E-6 1.01388E-6 1.34137E-6 5.21903E-6 4.36033E-6 5.26887E-6 4.46651E-6 3.99035E-6 2.69281E-6 2.58881E-6 3.79573E-6 5.16589E-6 5.99976E-6 7.15727E-6 3.66002E-6 2.33828E-6 3.26349E-6 5.76927E-6 6.08769E-6 3.0057E-6 3.9456E-6 7.82669E-6 6.80837E-6 5.17994E-6 2.87945E-6 5.1621E-6 4.49353E-6 3.17261E-6 5.0361E-6 1.02602E-5 5.37899E-6 5.16565E-6 9.52171E-6 7.76218E-6 5.79139E-6 4.21411E-6 5.85898E-6 4.63933E-6 8.16674E-6 5.81163E-6 4.79153E-6 4.83084E-6 3.41891E-6 3.35849E-6 5.99901E-6 4.64153E-6 2.83496E-6 2.24392E-6 2.29183E-6 2.56235E-6 2.43366E-6 4.26563E-6 8.67016E-6 5.51162E-6 8.93222E-6
1.81539E-8 4.13543E-7 9.33164E-7 1.09499E-6 3.4879E-6 8.14334E-6 1.62482E-6 2.86448E-6 6.24291E-6 4.48364E-6 2.75189E-6 4.07885E-6 2.86041E-6 4.30322E-7 4.84723E-6 3.61967E-6 2.31815E-6 2.33398E-6 1.76816E-6 1.37325E-6 4.49096E-6 5.62391E-6 8.17606E-6 3.62562E-6 2.20492E-6 2.2011E-6 2.03779E-6 2.55281E-6 1.67098E-6 2.12485E-6 1.13221E-6 2.17118E-6 2.09278E-6 8.74126E-8 7.94044E-7 2.67937E-6 2.30518E-6 2.8825E-6 5.31559E-6 1.0201E-5 5.0517E-6 2.50719E-6 4.13345E-6 6.14542E-6 4.56873E-6 5.11607E-6 6.88695E-6 4.31935E-6 4.51298E-6 8.21201E-6 7.53723E-6 7.21439E-6 1.04268E-5 5.69428E-6 2.73626E-6 2.12414E-6 2.57601E-6 2.22648E-6 2.88653E-6 2.8522E-6 2.40272E-6 2.43535E-6 4.51065E-6 7.17802E-6 5.0993E-6 6.19945E-6
3.16239E-7 1.35438E-6 1.52177E-8 1.04892E-7 2.62409E-6 5.06977E-6 3.26294E-6 1.19322E-6 1.77167E-6 8.61929E-7 7.77793E-7 2.63806E-6 2.33965E-6 3.07478E-6 3.22733E-6 2.39311E-6 2.05799E-6 2.89508E-6 3.95097E-6 2.51598E-6 9.79099E-7 6.68987E-6 3.39369E-6 2.43221E-6 1.9226E-6 1.315E-6 2.05671E-6 1.64489E-6 3.5319E-6 1.47087E-6 1.83415E-6 2.40439E-7 1.53222E-7 6.67497E-7 2.4292E-6 3.67746E-6 2.5247E-6 2.22071E-6 2.92786E-6 4.31001E-6 3.71106E-6 1.76398E-6 2.59359E-6 2.92777E-6 7.11206E-6 6.2313E-6 8.2922E-6 5.76441E-6 7.33344E-6 4.6053E-6 3.90162E-6 3.86593E-6 4.86292E-6 4.05362E-6 2.4067E-6 2.32503E-6 3.36715E-6 2.68063E-6 2.24633E-6 2.60947E-6 2.7618E-6 2.53471E-6 4.76453E-6 7.96254E-6 5.39476E-6 2.56624E-6
5.69259E-7 1.30625E-6 8.60413E-7 3.94284E-8 1.57227E-6 3.50135E-6 1.6187E-6 4.88833E-6 3.06648E-6 2.22156E-6 2.06706E-6 2.2496E-6 1.83862E-6 1.71439E-6 1.53462E-6 1.78342E-6 2.68105E-6 3.01747E-6 2.53881E-6 3.10105E-6 3.51272E-6 1.49738E-6 2.60394E-6 1.97633E-6 1.40048E-6 1.33685E-6 6.11812E-7 2.79596E-6 8.66041E-7 2.08835E-7 6.93181E-7 2.48238E-7 6.80611E-8 3.4196E-6 3.58258E-6 3.55418E-6 4.57874E-7 9.77734E-7 1.95776E-6 6.37867E-8 1.06862E-8 2.02898E-8 2.8021E-8 1.86528E-7 9.47583E-8 2.20385E-7 3.83348E-8 3.23606E-7 3.64631E-7 4.98219E-6 4.24707E-6 6.04196E-6 7.21204E-6 3.68392E-6 2.76805E-6 5.46434E-6 6.60272E-6 4.54775E-6 2.41636E-6 2.38326E-6 2.38672E-6 2.1887E-6 2.77808E-6 4.9074E-6 8.27404E-6 6.00021E-6
6.9617E-7 5.19364E-7 1.17711E-6 7.90828E-7 1.63281E-7 1.34158E-6 2.18044E-6 2.25266E-6 3.34828E-6 2.13615E-6 2.78263E-6 4.34828E-6 1.50245E-6 2.39808E-6 1.11875E-6 6.3721E-7 6.65903E-7 3.22104E-6 3.93268E-6 2.99882E-6 2.28328E-6 1.78574E-6 1.91599E-6 4.74526E-7 5.59309E-7 8.06329E-7 1.24054E-6 1.21926E-6 4.7936E-6 1.94827E-6 4.495E-6 3.9297E-6 2.33002E-6 4.72834E-6 7.74455E-6 5.78735E-6 3.13421E-6 1.88433E-6 2.09357E-6 1.79692E-6 1.50167E-7 1.39669E-7 7.46565E-7 1.27478E-6 1.82329E-7 6.03393E-7 8.13768E-7 2.69198E-8 5.46512E-8 3.28322E-6 6.29272E-6 5.61505E-6 3.91946E-6 3.51275E-6 2.24808E-6 4.85117E-6 7.53401E-6 4.51927E-6 2.40971E-6 2.38125E-6 2.20393E-6 3.21192E-6 4.39293E-6 4.46861E-6 5.3878E-6 7.64489E-6
1.5399E-6 1.43745E-6 1.68583E-6 5.29807E-7 2.94128E-7 2.42732E-6 4.06227E-6 8.43708E-7 2.45456E-6 8.9819E-7 3.87257E-6 2.07475E-6 1.69456E-7 1.44811E-6 4.71874E-6 1.40862E-7 4.48125E-7 1.79472E-6 4.36308E-6 4.30984E-6 2.84101E-6 1.99824E-6 1.71667E-6 7.44979E-7 8.91918E-7 2.65075E-6 2.03682E-6 2.84259E-6 2.50281E-6 2.60512E-6 4.13203E-6 2.49397E-6 2.67908E-6 1.02483E-6 3.92302E-7 5.83801E-7 2.38668E-6 2.34279E-6 1.66203E-6 7.61399E-7 1.13981E-6 4.71426E-7 4.0955E-8 6.9551E-8 6.92904E-8 4.82005E-7 3.07475E-6 1.77878E-6 2.52986E-6 3.57731E-6 4.14013E-6 3.1026E-6 3.50038E-6 1.75512E-6 1.68264E-6 2.76265E-6 3.48612E-6 2.62698E-6 2.59275E-6 2.42813E-6 1.69774E-6 4.18861E-6 8.16806E-6 6.7078E-6 3.24485E-6 3.5084E-6
1.31548E-6 3.46563E-6 3.92032E-6 2.01973E-7 5.235E-7 4.29571E-6 5.76533E-6 6.81554E-7 2.06969E-6 7.65866E-8 2.81552E-7 4.38426E-7 2.13332E-7 4.54712E-8 1.60999E-6 2.9212E-6 6.52977E-8 2.99825E-6 3.36278E-6 2.82203E-6 4.13022E-7 1.06839E-6 1.97717E-6 4.92092E-7 4.69617E-7 2.39024E-7 1.27319E-6 2.96788E-6 1.51987E-6 9.99407E-7 1.81965E-6 2.6667E-6 5.39722E-7 1.45808E-6 3.55894E-8 4.6468E-7 4.19816E-7 2.00977E-7 1.16377E-7 7.29541E-8 8.13123E-7 1.06055E-6 3.0315E-8 9.16048E-8 1.11781E-6 9.09505E-7 2.7362E-6 4.95728E-6 3.77318E-6 3.34926E-6 3.73286E-6 2.57218E-6 2.44791E-6 2.0211E-6 1.67634E-6 1.35786E-6 1.63376E-6 2.61874E-6 1.61262E-6 2.06166E-6 2.61822E-6 3.14938E-6 4.35777E-6 4.4362E-6 6.08515E-6 4.55953E-6
2.03777E-6 3.25907E-6 5.74782E-6 1.28464E-6 3.68557E-7 9.25439E-7 8.1781E-8 1.53134E-7 1.3615E-6 8.18849E-7 1.14088E-6 5.81199E-8 3.70755E-7 1.95287E-8 4.44142E-7 9.82442E-7 2.50693E-6 3.21436E-6 1.62376E-6 5.28921E-7 1.14854E-6 4.72236E-8 9.30814E-8 7.38627E-7 5.21629E-6 4.76905E-6 5.31013E-6 4.70763E-6 6.05912E-6 4.56391E-6 3.81692E-6 7.47244E-6 3.89709E-6 1.34012E-7 3.88097E-7 5.31149E-7 3.90463E-6 5.618E-6 2.63197E-7 7.87663E-9 2.04132E-8 2.46812E-7 1.06559E-8 9.08131E-9 1.17048E-6 6.22632E-8 4.36175E-7 1.01247E-6 4.28409E-6 6.477E-6 8.59277E-6 4.35811E-6 1.90837E-6 1.79972E-6 8.24908E-7 8.33807E-7 1.55335E-6 1.74395E-6 2.06376E-6 2.39206E-6 1.81395E-6 3.24652E-6 3.33627E-6 3.58112E-6 7.9855E-6 7.45133E-6
4.00648E-8 3.17775E-8 2.77571E-6 3.10346E-6 3.59813E-7 1.45106E-7 6.64468E-8 9.75435E-8 4.75424E-7 4.48066E-7 8.6395E-7 4.92105E-7 5.83273E-7 1.05223E-6 1.24044E-6 2.09184E-6 2.8784E-6 2.1327E-6 2.57779E-8 2.35873E-8 5.35817E-8 3.91059E-7 3.06547E-6 4.35177E-6 1.81657E-6 3.61267E-6 2.72267E-6 4.33683E-6 3.1525E-6 3.29152E-6 2.8783E-6 2.2196E-6 4.83708E-6 1.75609E-6 2.18023E-6 2.68869E-7 3.22388E-7 1.09578E-8 5.15932E-9 2.73107E-8 1.14197E-8 8.13013E-8 1.11207E-9 4.16788E-9 8.63755E-9 2.53706E-8 5.32541E-7 1.59074E-7 3.5811E-7 1.57969E-7 4.81451E-6 4.12456E-6 2.49346E-6 1.68785E-6 1.63844E-6 8.66701E-7 1.88403E-6 2.00276E-6 1.87247E-6 3.79102E-6 4.1863E-6 6.49838E-6 8.15447E-6 4.26992E-6 3.94131E-6 3.84684E-6
7.29408E-10 2.34802E-9 6.71298E-9 5.67672E-8 1.37295E-7 2.93594E-7 3.2961E-8 6.39789E-8 2.99182E-7 3.79112E-6 3.95975E-6 3.22211E-6 1.93653E-6 1.48641E-6 1.8539E-6 1.1581E-6 6.28637E-7 4.28719E-7 5.18739E-9 6.85085E-7 4.31265E-7 1.71686E-7 2.51031E-7 1.12258E-7 1.91191E-6 3.40519E-6 6.12492E-6 3.50759E-6 2.7166E-6 3.20759E-6 9.1053E-6 4.34099E-6 7.3475E-6 2.38076E-6 2.87403E-7 8.45125E-8 1.41547E-8 1.39714E-8 1.83625E-7 5.36106E-7 1.10989E-6 5.07747E-7 1.06794E-7 9.95028E-7 1.925E-7 1.77932E-6 6.41143E-7 1.83276E-6 1.25813E-6 7.88438E-7 5.89998E-6 4.45706E-6 3.37388E-6 2.21715E-6 1.56071E-6 1.49673E-6 2.52271E-6 1.40351E-6 2.34012E-6 4.08667E-6 7.41286E-6 6.68899E-6 6.9426E-6 3.99009E-6 2.45229E-6 3.69619E-6
6.62756E-9 3.29065E-10 4.49901E-9 8.6318E-7 1.38351E-6 3.36505E-7 2.0239E-7 3.21896E-7 2.59122E-7 2.10341E-6 1.41897E-6 1.931E-6 1.28826E-6 1.09678E-6 2.53392E-7 2.21582E-8 6.6812E-7 1.88785E-7 3.494E-7 2.91483E-8 9.72364E-9 3.477E-7 1.99794E-6 3.26141E-6 1.77657E-6 6.02498E-7 3.79908E-6 2.35839E-6 2.13987E-6 3.21847E-6 5.36093E-6 2.18516E-6 1.27092E-6 2.65036E-8 6.15747E-7 1.8481E-7 1.39633E-6 1.74054E-6 1.09712E-6 5.39165E-7 4.78008E-8 2.19791E-7 1.44028E-6 1.42389E-6 9.67245E-7 1.26368E-6 1.8179E-6 2.26781E-6 1.23911E-6 1.34922E-6 2.11762E-6 3.19626E-6 3.90114E-6 2.41193E-6 3.12226E-7 1.45454E-6 1.47106E-6 2.02001E-6 2.38894E-6 3.8817E-6 5.70448E-6 5.16269E-6 2.28036E-6 1.84762E-6 1.65445E-6 3.18559E-6
1.75049E-7 2.45635E-8 1.9108E-7 2.53668E-7 1.43773E-7 6.24635E-6 1.6464E-7 1.22733E-6 2.47162E-6 2.46694E-6 1.23894E-6 1.35233E-6 2.74205E-7 1.03062E-8 1.58052E-8 6.04905E-7 1.602E-6 8.84128E-7 1.99864E-7 1.27908E-7 2.72097E-7 1.57861E-6 2.41718E-6 4.04627E-6 3.91977E-6 9.81373E-7 1.405E-6 1.09642E-6 2.81978E-6 1.48235E-6 2.84792E-6 2.26357E-6 1.20551E-6 1.98027E-6 3.54085E-7 2.81229E-7 2.94719E-6 5.93601E-6 4.45115E-7 1.73352E-6 4.47684E-7 4.59653E-7 1.22184E-6 1.20905E-6 6.01982E-7 5.60831E-10 1.1015E-8 8.58443E-7 1.78982E-7 3.90246E-6 2.57044E-6 4.90379E-6 4.79854E-7 1.32712E-8 3.70698E-7 1.74065E-6 1.61281E-6 1.91214E-6 2.15394E-6 1.98842E-6 2.90446E-6 2.68689E-6 2.52187E-6 2.27085E-6 1.98102E-6 1.79101E-6
1.08395E-6 1.00579E-6 7.44804E-7 1.57434E-6 1.67938E-6 1.42579E-6 6.44163E-7 2.38825E-7 5.80744E-7 2.39198E-6 2.28389E-6 5.73159E-8 1.1928E-7 8.47852E-7 1.189E-7 1.84192E-7 8.74178E-7 8.75013E-7 5.44128E-7 9.22751E-7 1.68533E-7 1.11287E-6 2.67438E-6 5.55107E-6 5.03583E-6 3.91618E-6 5.02381E-7 5.97392E-7 8.68564E-7 2.88343E-6 1.61513E-6 1.8281E-6 9.48087E-7 2.85711E-7 2.99882E-6 2.91783E-6 3.72784E-6 3.15174E-6 1.09987E-6 5.55093E-7 1.13638E-6 9.34168E-7 1.31717E-6 1.97861E-6 4.05668E-7 1.18473E-6 8.26855E-7 2.873E-8 1.56869E-6 4.9677E-6 5.10755E-6 4.84185E-6 4.95982E-6 2.93983E-6 2.00995E-6 1.58078E-6 2.33558E-6 2.72215E-6 3.59277E-6 2.86487E-6 1.90703E-6 2.04854E-6 1.85429E-6 8.06084E-7 1.53842E-6 3.05183E-6
5.49138E-8 8.17786E-7 1.6745E-6 1.72402E-6 6.14435E-7 1.65673E-8 1.65206E-7 1.38839E-7 7.87257E-7 5.35693E-7 1.37013E-7 3.73118E-6 2.03508E-6 3.38667E-8 3.68954E-8 7.21654E-8 4.07868E-7 1.62341E-6 9.40976E-8 3.96392E-7 1.22308E-6 1.68947E-6 2.57398E-6 3.57686E-6 2.72267E-6 3.44358E-7 2.58839E-7 4.52556E-7 1.20533E-7 9.10482E-7 3.31025E-7 9.53207E-7 7.78207E-7 1.64932E-6 3.92192E-7 8.06832E-7 1.76654E-6 4.01722E-7 1.93669E-6 1.11131E-6 4.05783E-7 1.21645E-7 3.6139E-7 6.19304E-7 2.22969E-7 1.87314E-6 6.29617E-6 4.03522E-6 4.96433E-6 6.77822E-6 7.12248E-6 6.90882E-6 5.89983E-6 4.44854E-6 2.51354E-6 1.98571E-6 2.95823E-6 4.51637E-6 9.02413E-6 6.1178E-6 3.09866E-6 3.50208E-6 2.16699E-6 1.45182E-6 1.91487E-6 1.94394E-6
