catData/rasterBestHybridModels/Pbengalensis/RD_RM1.5_L/Pbengalensis_median.asc
ncols         409
nrows         350
xllcorner     60.897278365
yllcorner     5.843756025
cellsize      0.0892857
NODATA_value  -9999
[rows 29 to 57 of 350, columns 132 to 197 of 409]
7.4198E-5 5.99437E-5 6.45585E-5 8.23346E-5 1.04716E-4 1.29307E-4 1.31165E-4 1.0388E-4 1.13781E-4 1.08442E-4 8.70181E-5 8.49943E-5 9.50554E-5 1.06632E-4 1.16825E-4 7.95636E-5 6.89735E-5 6.3599E-5 7.72644E-5 8.54184E-5 1.18172E-4 1.48249E-4 1.5578E-4 1.8481E-4 2.05683E-4 1.52827E-4 1.0319E-4 9.64151E-5 7.74985E-5 9.24729E-5 8.4194E-5 6.75254E-5 6.99323E-5 7.51028E-5 8.54814E-5 1.04979E-4 1.30965E-4 1.42527E-4 1.25746E-4 1.27871E-4 9.66559E-5 1.05297E-4 6.17376E-5 4.22353E-5 3.62491E-5 4.28303E-5 7.06851E-5 1.2009E-4 1.47089E-4 1.54109E-4 1.95242E-4 2.2313E-4 1.69739E-4 1.53152E-4 2.38415E-4 1.16439E-4 8.47108E-5 1.32477E-4 1.81024E-4 2.32497E-4 2.60218E-4 1.1087E-4 4.69674E-5 4.6687E-5 8.27677E-5 5.25115E-5
6.30336E-5 5.46103E-5 6.53254E-5 7.94497E-5 1.00614E-4 1.21699E-4 1.20604E-4 1.1106E-4 1.47858E-4 1.15308E-4 9.51586E-5 7.09593E-5 7.44932E-5 8.21402E-5 1.22776E-4 8.09198E-5 7.27957E-5 8.34812E-5 9.81287E-5 1.20771E-4 1.21807E-4 1.30154E-4 1.37309E-4 1.65693E-4 2.24181E-4 1.55461E-4 1.35646E-4 1.29724E-4 1.09219E-4 1.41975E-4 1.72536E-4 1.2967E-4 7.71872E-5 6.68877E-5 8.10017E-5 9.69937E-5 9.92069E-5 1.28737E-4 1.40861E-4 1.38115E-4 8.65178E-5 6.72835E-5 5.07605E-5 4.68344E-5 5.0084E-5 3.19542E-5 2.79558E-5 3.50504E-5 6.09975E-5 1.00931E-4 1.61994E-4 2.62847E-4 2.87056E-4 3.71979E-4 3.75244E-4 1.81738E-4 1.37288E-4 1.00836E-4 1.44194E-4 1.98169E-4 2.03824E-4 1.37128E-4 5.32753E-5 4.67211E-5 8.44429E-5 8.30191E-5
6.65502E-5 6.94773E-5 7.42625E-5 8.85809E-5 9.83039E-5 1.24025E-4 1.20192E-4 9.58325E-5 1.12065E-4 1.1218E-4 8.81521E-5 1.01221E-4 1.01267E-4 9.70318E-5 1.29988E-4 1.22904E-4 1.01349E-4 1.14066E-4 1.30248E-4 1.51982E-4 1.54964E-4 1.55623E-4 1.39513E-4 1.62555E-4 1.43344E-4 1.25169E-4 1.38925E-4 1.19986E-4 1.27336E-4 1.52294E-4 1.80737E-4 1.45047E-4 1.31086E-4 1.35038E-4 1.26585E-4 9.92183E-5 7.40514E-5 1.21154E-4 1.27317E-4 1.1801E-4 1.0544E-4 9.13611E-5 5.84919E-5 5.72745E-5 4.66655E-5 3.48756E-5 2.07978E-5 2.57582E-5 3.35409E-5 4.21876E-5 5.74338E-5 8.78611E-5 1.53525E-4 2.99679E-4 3.42775E-4 3.04143E-4 2.507E-4 1.2435E-4 1.01154E-4 1.02068E-4 1.11167E-4 1.26674E-4 6.75042E-5 5.40947E-5 5.37975E-5 3.9801E-5
6.99881E-5 8.26503E-5 7.62826E-5 9.30137E-5 1.50037E-4 1.34687E-4 1.34637E-4 8.32046E-5 7.56674E-5 8.87335E-5 1.23354E-4 1.47455E-4 1.34277E-4 1.08049E-4 1.32447E-4 1.38135E-4 1.09945E-4 1.29487E-4 1.56157E-4 1.33954E-4 1.45013E-4 1.45547E-4 1.37748E-4 1.42607E-4 1.27955E-4 1.21262E-4 1.24761E-4 1.56928E-4 1.94555E-4 2.37612E-4 2.37005E-4 2.21121E-4 2.00568E-4 1.95754E-4 1.32504E-4 9.59623E-5 6.8951E-5 1.03904E-4 1.13836E-4 9.85638E-5 1.0296E-4 1.00649E-4 7.04819E-5 6.16834E-5 5.28121E-5 4.06101E-5 3.27196E-5 4.54966E-5 6.59533E-5 7.25364E-5 6.37932E-5 5.89779E-5 7.40694E-5 1.06908E-4 1.69818E-4 2.28172E-4 2.98249E-4 2.25709E-4 1.90129E-4 1.6448E-4 8.95234E-5 6.26703E-5 7.18717E-5 7.25789E-5 5.14587E-5 4.85418E-5
8.94734E-5 1.04901E-4 9.78984E-5 8.00834E-5 9.77125E-5 1.32701E-4 1.30638E-4 9.22864E-5 7.14217E-5 8.80479E-5 1.05823E-4 1.12319E-4 1.15703E-4 1.02219E-4 1.35006E-4 1.47416E-4 1.25929E-4 1.52895E-4 1.51257E-4 1.13668E-4 1.3247E-4 1.62841E-4 1.55128E-4 2.20377E-4 1.94683E-4 1.11742E-4 1.61471E-4 1.77437E-4 2.17754E-4 2.57623E-4 2.86704E-4 2.41186E-4 1.81238E-4 1.82527E-4 1.75327E-4 9.23533E-5 5.78368E-5 1.13117E-4 1.34997E-4 1.16296E-4 1.00153E-4 8.16287E-5 7.93565E-5 6.5471E-5 5.76712E-5 5.54368E-5 4.3206E-5 5.10048E-5 7.26537E-5 8.20351E-5 6.45399E-5 9.6933E-5 1.18323E-4 1.09234E-4 1.06445E-4 1.15108E-4 1.50467E-4 2.14015E-4 2.13503E-4 1.39814E-4 7.47908E-5 5.41141E-5 6.73525E-5 5.65848E-5 3.0354E-5 2.70684E-5
7.82844E-5 8.88584E-5 9.46989E-5 9.00819E-5 9.31293E-5 1.30369E-4 1.1913E-4 9.21141E-5 9.78984E-5 9.52848E-5 1.03935E-4 1.23875E-4 1.43536E-4 1.21768E-4 1.3629E-4 1.33467E-4 1.48285E-4 2.47907E-4 2.62007E-4 1.63232E-4 1.3275E-4 1.27705E-4 1.35754E-4 1.51564E-4 1.41178E-4 1.59714E-4 1.40751E-4 1.63811E-4 2.29445E-4 2.79797E-4 3.01924E-4 2.36171E-4 1.65755E-4 1.5866E-4 1.6228E-4 1.43951E-4 1.01951E-4 1.49599E-4 1.15332E-4 8.72749E-5 6.79505E-5 5.3722E-5 6.05334E-5 6.04838E-5 6.43387E-5 8.18492E-5 7.45172E-5 6.29418E-5 7.38414E-5 9.05039E-5 5.70793E-5 8.15962E-5 1.3862E-4 1.83234E-4 1.32195E-4 8.73671E-5 7.80012E-5 1.04238E-4 1.5327E-4 1.49807E-4 7.92702E-5 5.35225E-5 5.15673E-5 4.08074E-5 2.248E-5 1.84439E-5
5.4295E-5 6.7206E-5 7.99717E-5 8.89971E-5 8.44399E-5 1.00191E-4 1.16694E-4 1.40247E-4 1.40993E-4 1.03898E-4 1.04747E-4 1.32731E-4 1.37339E-4 1.03347E-4 9.23782E-5 9.9907E-5 1.11424E-4 1.5926E-4 2.12988E-4 2.21243E-4 1.55976E-4 1.10966E-4 1.2477E-4 1.36933E-4 1.41055E-4 1.5394E-4 1.49827E-4 1.60259E-4 1.6272E-4 1.98064E-4 2.57667E-4 1.76786E-4 1.3966E-4 1.54316E-4 1.48203E-4 1.54901E-4 1.36272E-4 9.97296E-5 8.61165E-5 9.94821E-5 5.58726E-5 5.83957E-5 8.71092E-5 8.58516E-5 5.8466E-5 7.10939E-5 7.8881E-5 6.83049E-5 5.87944E-5 6.73217E-5 5.63071E-5 6.94183E-5 9.72422E-5 1.45488E-4 1.51895E-4 1.02781E-4 5.90575E-5 6.17212E-5 1.00372E-4 1.29365E-4 9.15242E-5 5.98871E-5 4.76998E-5 3.99609E-5 2.57451E-5 1.69962E-5
4.68496E-5 5.21825E-5 6.45813E-5 9.29503E-5 1.07094E-4 9.45316E-5 1.06293E-4 1.22977E-4 1.31864E-4 1.19251E-4 1.09817E-4 1.47308E-4 1.33503E-4 1.0908E-4 1.10879E-4 1.32247E-4 1.27545E-4 1.13194E-4 1.18974E-4 1.83956E-4 1.86161E-4 1.49469E-4 1.51845E-4 1.51898E-4 1.44124E-4 1.34806E-4 1.33199E-4 1.36331E-4 1.16984E-4 1.23938E-4 1.67771E-4 1.41927E-4 1.05593E-4 1.04555E-4 9.59122E-5 8.72872E-5 7.69494E-5 7.85775E-5 9.211E-5 1.14665E-4 8.40458E-5 7.78711E-5 9.50172E-5 1.23375E-4 8.83525E-5 7.33014E-5 7.10778E-5 7.36234E-5 8.72217E-5 7.83794E-5 5.73206E-5 7.01197E-5 8.70449E-5 8.7064E-5 1.18314E-4 1.00732E-4 5.88645E-5 4.30663E-5 5.99916E-5 9.50608E-5 1.02268E-4 7.9816E-5 4.59241E-5 3.29515E-5 3.15731E-5 2.08491E-5
4.09014E-5 5.29326E-5 7.73889E-5 1.38111E-4 1.44664E-4 8.8153E-5 6.61696E-5 9.40613E-5 1.40668E-4 1.56346E-4 1.31757E-4 1.55137E-4 1.12783E-4 1.03844E-4 1.22844E-4 1.56918E-4 1.43674E-4 1.08402E-4 1.00278E-4 1.73959E-4 2.06578E-4 1.72484E-4 1.4049E-4 1.65745E-4 1.47575E-4 1.11546E-4 1.30059E-4 1.54133E-4 1.27393E-4 1.21604E-4 1.36646E-4 1.27471E-4 8.83413E-5 7.16738E-5 7.78013E-5 7.79094E-5 1.01997E-4 1.08673E-4 1.51367E-4 1.54244E-4 1.69647E-4 9.92886E-5 7.97097E-5 1.23969E-4 1.24874E-4 1.14748E-4 1.07631E-4 1.0318E-4 1.3768E-4 1.26966E-4 9.0192E-5 6.38276E-5 7.14575E-5 8.04522E-5 1.26386E-4 1.02523E-4 5.65947E-5 4.54749E-5 4.5545E-5 5.23838E-5 6.76683E-5 6.92884E-5 5.26491E-5 3.12425E-5 2.64683E-5 2.87017E-5
3.8689E-5 5.0617E-5 6.62856E-5 1.00172E-4 1.06775E-4 7.26285E-5 6.75448E-5 9.443E-5 1.02504E-4 1.05818E-4 1.10238E-4 1.24857E-4 1.16091E-4 1.07892E-4 8.87772E-5 1.11128E-4 1.12447E-4 9.89421E-5 1.23209E-4 1.67867E-4 2.19466E-4 1.77291E-4 1.83738E-4 1.66378E-4 1.50921E-4 1.41081E-4 1.54392E-4 1.55401E-4 1.24807E-4 1.14222E-4 1.17125E-4 1.21381E-4 9.3326E-5 8.32876E-5 8.4727E-5 8.89544E-5 1.24955E-4 1.32842E-4 1.50981E-4 1.67526E-4 1.83652E-4 1.54731E-4 1.30559E-4 1.74793E-4 1.46934E-4 1.58133E-4 1.91404E-4 1.47361E-4 1.36056E-4 1.38264E-4 1.50205E-4 9.79773E-5 7.03869E-5 6.25742E-5 9.43938E-5 9.51625E-5 5.05306E-5 4.66795E-5 5.20774E-5 4.14336E-5 3.62017E-5 4.13665E-5 4.5846E-5 4.08334E-5 2.76266E-5 2.06303E-5
3.57028E-5 4.75575E-5 6.17168E-5 7.95203E-5 8.95499E-5 7.20017E-5 6.96336E-5 9.29633E-5 9.92725E-5 7.64703E-5 7.26796E-5 7.48197E-5 9.4684E-5 1.16668E-4 1.20729E-4 1.03337E-4 9.61591E-5 1.20989E-4 1.48406E-4 1.84694E-4 2.43916E-4 2.29892E-4 2.07016E-4 2.03201E-4 1.59527E-4 1.58494E-4 1.6307E-4 1.55774E-4 1.27707E-4 1.19141E-4 1.13652E-4 1.13552E-4 1.07209E-4 1.08325E-4 8.8141E-5 7.50929E-5 1.05889E-4 1.45353E-4 1.36583E-4 1.59914E-4 1.14111E-4 1.8398E-4 2.53853E-4 3.07934E-4 2.16125E-4 2.03641E-4 1.97986E-4 1.6219E-4 1.66004E-4 1.8585E-4 1.75261E-4 1.36054E-4 9.58206E-5 6.95372E-5 5.63526E-5 8.07342E-5 5.35899E-5 4.25255E-5 4.07953E-5 3.27172E-5 2.43766E-5 2.56191E-5 3.45771E-5 3.96631E-5 3.0151E-5 1.67932E-5
3.19044E-5 4.16275E-5 5.29766E-5 6.20661E-5 6.45021E-5 5.92395E-5 5.90787E-5 6.81781E-5 7.04696E-5 6.15403E-5 5.43212E-5 6.21436E-5 9.18343E-5 1.1027E-4 1.16216E-4 1.0275E-4 1.25557E-4 1.37003E-4 1.33114E-4 1.51555E-4 1.75328E-4 1.83807E-4 1.17785E-4 1.47745E-4 1.62197E-4 1.578E-4 1.90367E-4 1.77235E-4 1.79455E-4 1.71439E-4 1.47099E-4 1.21536E-4 1.12488E-4 1.11352E-4 1.08441E-4 1.10732E-4 1.25522E-4 1.72872E-4 2.21488E-4 1.83274E-4 8.80889E-5 1.06763E-4 1.92298E-4 3.86544E-4 4.59359E-4 3.64423E-4 2.6412E-4 2.51469E-4 2.64587E-4 2.18358E-4 1.42899E-4 1.27905E-4 1.15245E-4 7.86294E-5 5.16524E-5 5.95185E-5 4.4053E-5 2.96472E-5 2.68898E-5 2.31774E-5 1.85756E-5 1.67369E-5 1.96247E-5 2.40591E-5 2.11746E-5 1.3205E-5
2.60982E-5 3.32175E-5 4.05473E-5 4.55875E-5 4.92928E-5 5.51718E-5 6.30151E-5 6.30471E-5 7.54854E-5 7.65182E-5 6.70285E-5 5.17822E-5 6.19111E-5 8.51214E-5 9.05475E-5 9.55432E-5 1.37619E-4 1.52206E-4 1.52437E-4 1.24251E-4 1.08135E-4 9.17418E-5 7.05207E-5 6.84026E-5 7.80897E-5 1.26348E-4 2.17882E-4 1.89278E-4 1.87422E-4 1.83827E-4 1.76243E-4 1.30871E-4 1.33343E-4 1.31946E-4 1.40756E-4 1.45817E-4 1.03114E-4 8.1366E-5 1.56203E-4 1.05476E-4 6.13224E-5 7.96625E-5 1.29591E-4 3.18489E-4 5.55669E-4 5.74E-4 4.37016E-4 2.59772E-4 2.37579E-4 2.2473E-4 1.38627E-4 9.57661E-5 9.1552E-5 7.2903E-5 5.74416E-5 3.88556E-5 2.86633E-5 2.12145E-5 1.85908E-5 1.56575E-5 1.68387E-5 1.5226E-5 1.15322E-5 1.08023E-5 1.23103E-5 9.99441E-6
2.50105E-5 3.31593E-5 4.38317E-5 5.50495E-5 6.54113E-5 6.80773E-5 8.41973E-5 8.22662E-5 9.04429E-5 9.22866E-5 7.74961E-5 6.46742E-5 6.24419E-5 6.35622E-5 6.26831E-5 8.13379E-5 1.12214E-4 1.11813E-4 1.14268E-4 1.07039E-4 9.24901E-5 7.5283E-5 7.62938E-5 8.89927E-5 8.8179E-5 9.16371E-5 1.26693E-4 1.37343E-4 1.64158E-4 1.69143E-4 1.5427E-4 1.5347E-4 1.61744E-4 1.89494E-4 2.32695E-4 2.1133E-4 1.76927E-4 8.3054E-5 7.41907E-5 7.49088E-5 8.09101E-5 1.0179E-4 1.17823E-4 1.82967E-4 4.13644E-4 6.18459E-4 4.29481E-4 2.11332E-4 1.56481E-4 1.63587E-4 1.12795E-4 8.16361E-5 7.10353E-5 5.58846E-5 4.91163E-5 3.27441E-5 2.27391E-5 2.27581E-5 1.62516E-5 1.1671E-5 1.34159E-5 1.66898E-5 1.2471E-5 8.19925E-6 6.16871E-6 5.01273E-6
3.15032E-5 3.54232E-5 4.77955E-5 6.29244E-5 8.3606E-5 8.97956E-5 8.19734E-5 8.02169E-5 6.92664E-5 7.03768E-5 7.52119E-5 1.00999E-4 9.53691E-5 7.07415E-5 6.35995E-5 6.37201E-5 7.06657E-5 7.43696E-5 7.80288E-5 7.46532E-5 6.61813E-5 7.63341E-5 9.97274E-5 1.0557E-4 1.16026E-4 1.11691E-4 1.04186E-4 1.16639E-4 1.58185E-4 1.53952E-4 1.41817E-4 1.75616E-4 1.94121E-4 1.45192E-4 1.59703E-4 1.65197E-4 1.82178E-4 1.90564E-4 1.24594E-4 6.4721E-5 4.72053E-5 6.59922E-5 1.14267E-4 1.67429E-4 2.21661E-4 3.9445E-4 4.66474E-4 2.51744E-4 1.48429E-4 1.01239E-4 9.33443E-5 8.51467E-5 6.81712E-5 4.7855E-5 4.68023E-5 2.86617E-5 2.22307E-5 1.87538E-5 1.7234E-5 1.33201E-5 1.19001E-5 1.13536E-5 7.70175E-6 6.15183E-6 5.84154E-6 3.61946E-6
4.24718E-5 4.8166E-5 5.01679E-5 5.81983E-5 7.20702E-5 7.43909E-5 6.31411E-5 5.86802E-5 5.25568E-5 5.19564E-5 7.00459E-5 9.34595E-5 9.6853E-5 7.33253E-5 6.17552E-5 7.29333E-5 7.2979E-5 6.21258E-5 5.55716E-5 5.29195E-5 5.3427E-5 7.68008E-5 1.05283E-4 1.28421E-4 1.31398E-4 1.12347E-4 9.80564E-5 1.09722E-4 1.51654E-4 1.74502E-4 1.32658E-4 1.45119E-4 1.43399E-4 1.08615E-4 1.03477E-4 1.13535E-4 1.13942E-4 1.2521E-4 1.27555E-4 8.16187E-5 3.02076E-5 3.45627E-5 7.09135E-5 1.44297E-4 1.88427E-4 2.34359E-4 3.10449E-4 2.87856E-4 2.1521E-4 1.28682E-4 7.87189E-5 8.23335E-5 6.79188E-5 4.63173E-5 3.56654E-5 3.10058E-5 2.42214E-5 1.63106E-5 1.58941E-5 1.60847E-5 1.54804E-5 1.34121E-5 7.01223E-6 5.68969E-6 7.84684E-6 3.94899E-6
5.27372E-5 6.30391E-5 6.55801E-5 5.6169E-5 5.36123E-5 5.2896E-5 5.02323E-5 4.37529E-5 3.98379E-5 4.96924E-5 6.09511E-5 6.93459E-5 6.6961E-5 5.83269E-5 7.15929E-5 8.72288E-5 8.45064E-5 6.85775E-5 5.28303E-5 5.01872E-5 5.65751E-5 5.89231E-5 7.44015E-5 9.44388E-5 1.05448E-4 1.55107E-4 1.25634E-4 1.2305E-4 1.44147E-4 1.60863E-4 1.43995E-4 1.54533E-4 1.52682E-4 1.77311E-4 1.90931E-4 1.64576E-4 1.2419E-4 1.05702E-4 1.08825E-4 1.03463E-4 6.37551E-5 3.35297E-5 3.36344E-5 6.10728E-5 8.15475E-5 1.20866E-4 1.3735E-4 1.79128E-4 1.79761E-4 1.30502E-4 9.2765E-5 9.00913E-5 7.44432E-5 5.88391E-5 3.77199E-5 3.0416E-5 3.00623E-5 2.11256E-5 1.75253E-5 1.49761E-5 1.51199E-5 1.22073E-5 7.11567E-6 5.69071E-6 8.70972E-6 4.90302E-6
6.04847E-5 8.57013E-5 8.21187E-5 6.22654E-5 4.94817E-5 3.83956E-5 3.65896E-5 3.24305E-5 4.17946E-5 5.53443E-5 7.02499E-5 9.3459E-5 8.11968E-5 6.46762E-5 7.20524E-5 9.05194E-5 7.86894E-5 6.1813E-5 4.95879E-5 5.92664E-5 6.63203E-5 7.10076E-5 8.20111E-5 8.10637E-5 9.07324E-5 1.02041E-4 9.91344E-5 1.24936E-4 1.27983E-4 1.27743E-4 1.22594E-4 1.31811E-4 1.97253E-4 2.37801E-4 2.25325E-4 1.78847E-4 1.39571E-4 1.17124E-4 8.82651E-5 7.02007E-5 6.0842E-5 5.32328E-5 3.91991E-5 4.3022E-5 8.66414E-5 1.49541E-4 1.47954E-4 1.90963E-4 2.44611E-4 2.47696E-4 1.84932E-4 1.52459E-4 1.02388E-4 6.61399E-5 4.59761E-5 3.82825E-5 3.20659E-5 2.74918E-5 2.24919E-5 1.69235E-5 1.48968E-5 1.29971E-5 7.74733E-6 5.61735E-6 9.36159E-6 5.44964E-6
7.12665E-5 7.28207E-5 6.81249E-5 5.88057E-5 5.81614E-5 4.73157E-5 3.66362E-5 3.39818E-5 4.00641E-5 5.16614E-5 6.62556E-5 7.87E-5 7.84231E-5 8.45596E-5 6.84312E-5 6.37953E-5 6.05174E-5 5.24124E-5 5.71676E-5 6.64518E-5 8.56691E-5 9.43802E-5 9.08644E-5 8.91324E-5 7.10963E-5 6.37081E-5 7.46725E-5 8.81725E-5 9.66671E-5 1.41962E-4 1.41499E-4 1.25032E-4 1.50618E-4 2.0301E-4 1.82782E-4 1.51612E-4 1.31777E-4 9.4296E-5 8.14187E-5 8.12092E-5 7.18643E-5 6.71961E-5 5.474E-5 6.66707E-5 9.98414E-5 1.2152E-4 1.44258E-4 2.68161E-4 2.70086E-4 2.18905E-4 2.28601E-4 2.02127E-4 1.66086E-4 1.03624E-4 6.02225E-5 5.24671E-5 3.7138E-5 3.20981E-5 2.55688E-5 1.8358E-5 1.34181E-5 1.17982E-5 8.47253E-6 5.71041E-6 5.33827E-6 3.54424E-6
9.00847E-5 7.02142E-5 7.57107E-5 8.79159E-5 7.69612E-5 5.81063E-5 4.54991E-5 4.70986E-5 5.05839E-5 5.35592E-5 5.98742E-5 6.68813E-5 8.66657E-5 7.98985E-5 7.85363E-5 6.70161E-5 6.09517E-5 6.31862E-5 6.82183E-5 8.86096E-5 1.08347E-4 8.54082E-5 6.88965E-5 7.62207E-5 9.58188E-5 7.67183E-5 5.89863E-5 6.29838E-5 9.43513E-5 1.32097E-4 1.28705E-4 1.12815E-4 9.52762E-5 1.17293E-4 1.1709E-4 1.07797E-4 1.11095E-4 9.78055E-5 1.00396E-4 1.15124E-4 1.00374E-4 7.37106E-5 5.75806E-5 4.51663E-5 7.65821E-5 1.16451E-4 2.08761E-4 3.88624E-4 4.61457E-4 2.57531E-4 2.12511E-4 1.54458E-4 1.93074E-4 1.35118E-4 1.05242E-4 6.51749E-5 4.61374E-5 3.50265E-5 2.85327E-5 2.00102E-5 1.47062E-5 1.13281E-5 8.74879E-6 6.60216E-6 5.01555E-6 2.87164E-6
6.5021E-5 5.74541E-5 7.25903E-5 8.83659E-5 7.45396E-5 6.16191E-5 6.182E-5 5.7721E-5 6.58865E-5 7.25205E-5 6.86615E-5 8.36892E-5 7.37126E-5 7.59936E-5 8.81308E-5 7.00491E-5 7.93151E-5 8.621E-5 6.93955E-5 8.9208E-5 9.11565E-5 9.003E-5 6.79098E-5 7.64025E-5 8.98234E-5 7.18734E-5 6.37197E-5 7.18608E-5 7.22857E-5 8.78132E-5 8.76402E-5 7.73489E-5 6.75535E-5 7.63474E-5 1.04194E-4 1.23619E-4 1.28159E-4 1.0031E-4 1.24081E-4 1.53694E-4 1.47257E-4 1.28871E-4 8.82855E-5 6.26116E-5 9.47725E-5 1.13127E-4 1.70132E-4 3.18569E-4 5.2603E-4 3.28747E-4 1.72875E-4 1.64467E-4 2.47148E-4 1.77037E-4 1.40802E-4 1.01379E-4 6.44658E-5 4.51825E-5 3.15657E-5 2.71028E-5 2.01351E-5 1.51076E-5 1.10238E-5 8.11061E-6 6.52358E-6 3.69383E-6
4.35977E-5 5.16878E-5 5.97008E-5 7.87125E-5 7.90629E-5 7.70214E-5 7.75609E-5 6.30299E-5 8.25834E-5 8.31216E-5 6.54078E-5 7.74318E-5 6.99941E-5 6.91687E-5 7.96926E-5 9.44371E-5 8.08442E-5 8.11138E-5 6.67332E-5 8.34617E-5 1.095E-4 8.07302E-5 6.91252E-5 8.95254E-5 9.04507E-5 9.12442E-5 7.94699E-5 9.34943E-5 7.55406E-5 6.89853E-5 6.50196E-5 5.53229E-5 5.92148E-5 7.39501E-5 9.30584E-5 1.18131E-4 1.53361E-4 1.42182E-4 1.69858E-4 1.74755E-4 1.53905E-4 1.21817E-4 1.19472E-4 9.63889E-5 1.18202E-4 1.39365E-4 1.77292E-4 2.1318E-4 3.31854E-4 2.74593E-4 1.97501E-4 1.82084E-4 2.86318E-4 2.16815E-4 1.17349E-4 1.07884E-4 7.91944E-5 6.00271E-5 4.50085E-5 3.73215E-5 2.63657E-5 1.99809E-5 1.52559E-5 1.25498E-5 -9999 -9999
4.76507E-5 6.23919E-5 8.40035E-5 6.80805E-5 6.29229E-5 7.34668E-5 7.26253E-5 5.80843E-5 6.58151E-5 7.02006E-5 7.15805E-5 5.95456E-5 5.55227E-5 7.20733E-5 8.73121E-5 7.91918E-5 8.58501E-5 7.89078E-5 9.02714E-5 7.81965E-5 9.62535E-5 8.20842E-5 7.22231E-5 9.08534E-5 7.87101E-5 8.04372E-5 7.31442E-5 8.07971E-5 7.77083E-5 8.64609E-5 7.07848E-5 6.70312E-5 6.8625E-5 7.85888E-5 1.0329E-4 1.10646E-4 1.49225E-4 1.70287E-4 1.81324E-4 1.72103E-4 1.34285E-4 8.96627E-5 8.27363E-5 7.98095E-5 9.72409E-5 1.57528E-4 2.00543E-4 2.09301E-4 3.14803E-4 2.25448E-4 1.77422E-4 1.80358E-4 2.70026E-4 3.00302E-4 1.02004E-4 7.99051E-5 6.52538E-5 5.73051E-5 4.24852E-5 3.56941E-5 3.17953E-5 2.82433E-5 2.24125E-5 1.83052E-5 -9999 -9999
5.91155E-5 5.785E-5 6.70266E-5 6.06645E-5 5.12248E-5 5.4766E-5 5.41139E-5 4.74487E-5 5.95889E-5 7.81471E-5 7.99602E-5 7.20312E-5 7.54987E-5 6.38741E-5 6.21503E-5 7.93101E-5 9.21075E-5 8.54754E-5 8.7345E-5 8.07427E-5 7.50572E-5 7.42976E-5 8.2434E-5 7.34799E-5 7.88485E-5 7.55915E-5 6.1664E-5 6.25476E-5 7.77439E-5 8.15043E-5 7.81585E-5 8.68498E-5 8.64316E-5 7.27723E-5 1.08465E-4 1.04243E-4 1.15014E-4 1.62955E-4 1.91548E-4 1.55976E-4 1.67745E-4 1.42471E-4 8.69534E-5 7.80088E-5 1.07831E-4 1.32724E-4 1.39331E-4 1.8912E-4 2.92014E-4 2.22706E-4 2.00276E-4 1.86252E-4 2.5941E-4 3.65498E-4 1.56185E-4 8.34501E-5 8.61011E-5 6.46183E-5 3.75388E-5 2.69925E-5 2.88451E-5 3.06253E-5 2.18665E-5 1.44E-5 1.20513E-5 -9999
5.85763E-5 6.22676E-5 7.40474E-5 6.36746E-5 5.76955E-5 4.99034E-5 4.02214E-5 4.12347E-5 5.18111E-5 5.93988E-5 6.19558E-5 8.47012E-5 9.08803E-5 6.82277E-5 5.45439E-5 6.48699E-5 6.90902E-5 6.99014E-5 9.34548E-5 7.86751E-5 8.94228E-5 8.59381E-5 9.13672E-5 7.7326E-5 8.80136E-5 8.31236E-5 6.80198E-5 8.43359E-5 7.89783E-5 6.77672E-5 8.52368E-5 8.01965E-5 7.58346E-5 8.44848E-5 7.62873E-5 8.07213E-5 9.06236E-5 1.19785E-4 1.24129E-4 1.5269E-4 2.45462E-4 2.41311E-4 1.56657E-4 1.17644E-4 1.00325E-4 8.0537E-5 8.40207E-5 1.62333E-4 3.15809E-4 2.77112E-4 2.53008E-4 2.4605E-4 2.32367E-4 2.18009E-4 1.51757E-4 1.207E-4 1.29373E-4 7.05084E-5 4.12893E-5 2.50335E-5 2.18492E-5 2.50862E-5 1.84214E-5 1.30277E-5 1.56438E-5 -9999
4.84266E-5 6.30319E-5 7.38648E-5 7.75558E-5 7.40377E-5 5.73193E-5 4.35623E-5 3.40457E-5 4.03734E-5 4.37195E-5 5.09227E-5 6.17562E-5 6.4296E-5 5.69436E-5 5.70439E-5 7.06704E-5 8.8826E-5 7.16886E-5 6.85573E-5 6.54362E-5 6.80876E-5 8.54745E-5 8.8117E-5 7.00954E-5 6.66723E-5 7.2438E-5 8.85508E-5 8.86324E-5 7.90565E-5 5.95278E-5 6.5706E-5 7.04767E-5 7.49604E-5 8.49699E-5 7.59661E-5 6.65631E-5 9.0289E-5 1.18484E-4 1.10113E-4 1.27399E-4 1.78112E-4 2.45103E-4 1.8772E-4 1.68916E-4 1.26572E-4 1.31721E-4 1.65669E-4 2.0763E-4 3.16495E-4 2.83621E-4 2.5431E-4 2.55755E-4 3.07154E-4 3.08221E-4 2.22801E-4 1.6631E-4 1.8436E-4 1.06334E-4 5.30341E-5 2.68982E-5 2.02943E-5 2.22903E-5 1.93723E-5 1.83652E-5 2.60258E-5 1.58045E-5
6.03807E-5 5.08105E-5 6.48365E-5 7.28964E-5 6.9754E-5 5.46156E-5 4.24817E-5 3.65352E-5 4.16899E-5 5.18581E-5 6.44769E-5 6.9524E-5 6.11458E-5 4.99377E-5 6.22249E-5 8.02289E-5 1.00834E-4 7.99469E-5 6.48441E-5 5.51781E-5 6.17361E-5 7.64795E-5 7.88849E-5 7.42637E-5 9.00749E-5 7.801E-5 8.55629E-5 7.40877E-5 6.00118E-5 6.11434E-5 7.90512E-5 8.97256E-5 6.96164E-5 6.05338E-5 6.08347E-5 5.91437E-5 6.71399E-5 8.24498E-5 9.59525E-5 1.26341E-4 1.22765E-4 1.10749E-4 1.70597E-4 2.56673E-4 2.0562E-4 1.82653E-4 2.10748E-4 1.94003E-4 2.21972E-4 2.46172E-4 2.7448E-4 2.78566E-4 2.83927E-4 2.99121E-4 2.54177E-4 2.45678E-4 2.2806E-4 1.42351E-4 5.741E-5 3.76238E-5 2.72145E-5 2.19514E-5 2.25966E-5 2.09873E-5 2.42421E-5 1.64723E-5
5.94441E-5 4.91922E-5 4.78739E-5 5.13865E-5 5.09031E-5 4.85121E-5 5.15833E-5 4.8118E-5 4.95381E-5 6.15331E-5 7.18048E-5 8.13364E-5 6.33312E-5 6.19045E-5 6.79741E-5 6.17675E-5 6.92387E-5 9.27117E-5 7.7952E-5 5.90328E-5 5.92568E-5 7.38915E-5 8.19829E-5 7.128E-5 8.33237E-5 7.97881E-5 9.02998E-5 8.39407E-5 7.3083E-5 7.3385E-5 9.31372E-5 7.47031E-5 7.04853E-5 6.9931E-5 7.62271E-5 7.46821E-5 7.43665E-5 1.07211E-4 1.04959E-4 1.06197E-4 1.26053E-4 1.04133E-4 1.19193E-4 1.55182E-4 1.47932E-4 2.09073E-4 2.32997E-4 1.98318E-4 1.6706E-4 1.99188E-4 1.7425E-4 1.46385E-4 1.51229E-4 1.86724E-4 1.69015E-4 2.25065E-4 1.68645E-4 1.10803E-4 5.95452E-5 4.60386E-5 3.71924E-5 2.89489E-5 2.36811E-5 2.19048E-5 1.77684E-5 1.24437E-5
4.46537E-5 4.81646E-5 4.60278E-5 3.89154E-5 4.68518E-5 5.6713E-5 6.51648E-5 5.87768E-5 5.66438E-5 6.82464E-5 8.08431E-5 6.32421E-5 5.31306E-5 7.05944E-5 9.1263E-5 6.94654E-5 7.51968E-5 8.78604E-5 6.87295E-5 6.94312E-5 8.12226E-5 7.57956E-5 8.52291E-5 6.54082E-5 8.41308E-5 8.18583E-5 7.22716E-5 7.96419E-5 7.28864E-5 9.7396E-5 7.71592E-5 7.19445E-5 9.24878E-5 8.3367E-5 9.75233E-5 1.06259E-4 9.79138E-5 9.76338E-5 9.54784E-5 9.39253E-5 9.43168E-5 1.00379E-4 9.19446E-5 9.78576E-5 1.12438E-4 1.57746E-4 1.88548E-4 1.64651E-4 2.07893E-4 2.49598E-4 1.91845E-4 1.25583E-4 1.41645E-4 1.66619E-4 1.60579E-4 1.22593E-4 1.03043E-4 1.56443E-4 1.18235E-4 7.04936E-5 5.50743E-5 5.72451E-5 5.12821E-5 4.67652E-5 3.68593E-5 1.90008E-5
