catData/rasterBestHybridModels/Pbengalensis/RD_RM1.5_L/Pbengalensis_max.asc
ncols         409
nrows         350
xllcorner     60.897278365
yllcorner     5.843756025
cellsize      0.0892857
NODATA_value  -9999
[rows 116 to 144 of 350, columns 330 to 395 of 409]
1.71961E-4 1.88345E-4 1.93982E-4 1.85625E-4 1.84164E-4 1.84944E-4 2.06833E-4 1.96145E-4 1.66774E-4 1.43993E-4 1.60936E-4 2.02005E-4 2.28645E-4 2.14078E-4 1.7783E-4 1.46513E-4 1.38741E-4 1.75067E-4 2.23117E-4 2.57519E-4 2.216E-4 1.71449E-4 2.25751E-4 3.04025E-4 2.65872E-4 1.9648E-4 2.4109E-4 2.8781E-4 2.21252E-4 1.69738E-4 1.38673E-4 1.2106E-4 1.55356E-4 1.60164E-4 2.14453E-4 2.87603E-4 3.21917E-4 2.97643E-4 2.32409E-4 2.53749E-4 3.0982E-4 2.33561E-4 2.44165E-4 2.53737E-4 2.94269E-4 2.42635E-4 2.78947E-4 2.34392E-4 2.09886E-4 2.04874E-4 2.78447E-4 2.9647E-4 3.71765E-4 4.00683E-4 4.25938E-4 3.51151E-4 -9999 -9999 -9999 -9999 -9999 -9999 -9999 -9999 -9999 -9999
2.28329E-4 2.41173E-4 2.35657E-4 2.54158E-4 2.46898E-4 2.48469E-4 2.65512E-4 2.46985E-4 1.96974E-4 1.54969E-4 1.43103E-4 1.57275E-4 1.68427E-4 1.89193E-4 1.90378E-4 1.66954E-4 1.42425E-4 1.66261E-4 1.8852E-4 2.2629E-4 2.25815E-4 1.88629E-4 2.04641E-4 2.4513E-4 2.50825E-4 2.29147E-4 2.96842E-4 3.10909E-4 2.63594E-4 1.99271E-4 1.59359E-4 1.16363E-4 1.35332E-4 1.56576E-4 2.3342E-4 2.85029E-4 3.24941E-4 3.16171E-4 2.48508E-4 2.14357E-4 2.28687E-4 2.05579E-4 2.7587E-4 2.87231E-4 2.80309E-4 3.704E-4 6.55376E-4 3.87702E-4 2.14057E-4 2.20815E-4 2.13328E-4 2.64839E-4 2.72533E-4 4.8152E-4 -9999 -9999 -9999 -9999 -9999 -9999 -9999 -9999 -9999 -9999 -9999 -9999
3.15862E-4 2.99178E-4 3.18598E-4 3.40492E-4 3.10991E-4 3.26736E-4 3.45348E-4 3.0017E-4 2.20483E-4 1.62608E-4 1.33705E-4 1.61758E-4 2.07663E-4 2.57036E-4 2.59776E-4 2.07768E-4 1.67112E-4 2.1221E-4 2.45919E-4 2.79113E-4 2.95539E-4 2.28281E-4 2.65474E-4 3.2659E-4 2.61685E-4 2.00078E-4 2.06685E-4 2.04046E-4 1.78763E-4 1.46416E-4 4.32084E-4 2.76452E-4 4.01645E-4 1.75223E-3 1.53897E-3 1.76018E-3 2.08906E-3 3.37884E-4 1.9621E-4 2.51255E-4 2.98874E-4 2.23535E-4 2.25958E-4 2.44966E-4 2.57878E-4 5.86489E-4 1.16907E-3 3.64138E-4 2.33443E-4 4.4044E-4 2.25979E-4 6.02914E-4 5.86391E-4 -9999 -9999 -9999 -9999 -9999 -9999 -9999 -9999 -9999 -9999 -9999 -9999 -9999
3.21787E-4 2.82681E-4 3.03199E-4 2.85194E-4 2.70593E-4 2.01832E-4 3.23656E-4 3.06536E-4 2.27395E-4 1.68747E-4 1.42492E-4 1.67648E-4 2.22754E-4 2.8889E-4 2.901E-4 2.18237E-4 1.7349E-4 2.30823E-4 3.06367E-4 2.87291E-4 2.94455E-4 3.00765E-4 3.01591E-4 2.68647E-4 2.33486E-4 1.75763E-4 1.38893E-4 1.41743E-4 1.43605E-4 3.06301E-4 2.69002E-4 1.93145E-3 1.71107E-3 1.94624E-3 7.71026E-4 6.42566E-4 1.11086E-3 3.49673E-4 1.99662E-4 2.10889E-4 2.26162E-4 1.95484E-4 1.7028E-4 2.22019E-4 2.73594E-4 1.11274E-3 1.6602E-3 9.91141E-4 4.19753E-4 1.03729E-3 3.67948E-4 2.51297E-4 3.27675E-4 -9999 -9999 -9999 -9999 -9999 -9999 -9999 -9999 -9999 -9999 -9999 -9999 -9999
2.92077E-4 2.8735E-4 2.69919E-4 3.53736E-4 1.99652E-4 2.26407E-4 2.9394E-4 3.29295E-4 2.4911E-4 1.81835E-4 1.58853E-4 2.01409E-4 2.45432E-4 2.43024E-4 2.19556E-4 2.03313E-4 1.95003E-4 2.32226E-4 2.83153E-4 2.65263E-4 2.24924E-4 2.48993E-4 2.59578E-4 2.04808E-4 2.09721E-4 1.78468E-4 1.39484E-4 1.16859E-4 2.66364E-4 4.46449E-4 4.51403E-4 6.75189E-4 7.29686E-4 1.13306E-3 1.1115E-3 1.87554E-3 9.69935E-4 1.85175E-3 3.13444E-4 2.61931E-4 2.20819E-4 1.71847E-4 1.71448E-4 3.62379E-4 1.73648E-3 2.46289E-3 2.2414E-3 7.63151E-4 1.02986E-3 1.83701E-3 9.17124E-4 8.63802E-4 4.11564E-4 2.14168E-4 -9999 -9999 -9999 -9999 -9999 -9999 -9999 -9999 -9999 -9999 -9999 -9999
3.48618E-4 3.44245E-4 3.40342E-4 2.75474E-4 1.93527E-4 2.32399E-4 2.26297E-4 1.66574E-4 1.41645E-4 1.97547E-4 8.12273E-5 2.02877E-4 1.34233E-4 3.42795E-4 2.61476E-4 3.60719E-4 2.65973E-4 2.33581E-4 1.91953E-4 1.68299E-4 1.6195E-4 1.84831E-4 1.92163E-4 2.55039E-4 2.72766E-4 2.0553E-4 1.52258E-4 2.95895E-4 4.02632E-4 1.55771E-4 1.41084E-4 1.40766E-4 7.65379E-4 8.99053E-4 1.31967E-3 1.39039E-3 2.01824E-3 1.91869E-3 3.37918E-4 2.65847E-4 2.23558E-4 2.20189E-4 3.93623E-4 6.97012E-4 7.64252E-4 1.70819E-3 1.94822E-3 1.68125E-3 2.11308E-3 1.40728E-3 1.51504E-3 1.29136E-3 5.13185E-4 2.18907E-4 -9999 -9999 -9999 -9999 -9999 -9999 -9999 -9999 -9999 -9999 -9999 -9999
2.07492E-4 2.70802E-4 2.93412E-4 1.99231E-4 1.25935E-4 4.78991E-5 1.08845E-4 1.61981E-5 1.00037E-4 9.32514E-5 8.80205E-5 2.02563E-5 2.09871E-4 3.67685E-4 2.77156E-4 4.00403E-4 3.20204E-4 2.41745E-4 1.69918E-4 1.27752E-4 1.29194E-4 1.37847E-4 1.89056E-4 2.89311E-4 2.29039E-4 1.86675E-4 1.50934E-4 2.65666E-4 2.46533E-4 1.52493E-4 1.32854E-4 1.53442E-4 6.50001E-4 9.15126E-4 1.34416E-3 1.97677E-3 2.9591E-3 5.41551E-4 2.66E-4 2.28259E-4 1.79977E-4 6.89657E-4 1.6395E-3 2.16562E-3 1.47053E-3 3.35098E-3 1.81803E-3 1.79379E-3 1.00678E-3 7.67381E-4 1.09727E-3 6.88394E-4 5.70643E-4 -9999 -9999 -9999 -9999 -9999 -9999 -9999 -9999 -9999 -9999 -9999 -9999 -9999
2.70385E-4 2.13251E-4 2.50224E-4 2.45848E-4 1.83527E-4 8.8767E-5 6.76176E-5 1.46786E-4 1.19394E-4 9.73313E-5 7.43002E-5 1.45401E-4 2.68394E-4 3.15956E-4 3.09176E-4 5.00164E-4 4.51799E-4 2.71144E-4 1.78326E-4 2.21466E-4 2.45946E-4 3.40376E-4 1.34868E-3 7.70096E-4 1.77543E-4 1.47654E-4 1.88803E-4 2.33069E-4 2.2944E-4 1.83451E-4 1.42241E-4 1.20288E-4 2.08348E-4 4.27919E-4 4.62298E-4 4.62062E-4 5.65716E-4 4.80036E-4 2.58589E-4 2.0721E-4 2.98325E-4 1.89337E-3 7.1462E-4 2.265E-3 1.23833E-3 1.03587E-3 2.16416E-3 1.22712E-3 8.57152E-4 7.15134E-4 6.24278E-4 9.2526E-4 4.16043E-4 1.98047E-4 -9999 -9999 -9999 -9999 -9999 -9999 -9999 -9999 -9999 -9999 -9999 -9999
2.65187E-4 2.02557E-4 1.85307E-4 1.8351E-4 1.64214E-4 1.45557E-4 1.26013E-4 1.20267E-4 1.14916E-4 1.22648E-4 1.45806E-4 1.83027E-4 2.06124E-4 3.0232E-4 7.96682E-4 1.05344E-3 8.42694E-4 1.68783E-3 1.46752E-3 1.96843E-3 1.84779E-3 7.86966E-4 4.70562E-4 4.31048E-4 2.74445E-4 1.61076E-4 1.99307E-4 2.66251E-4 2.52469E-4 1.92559E-4 1.41537E-4 1.5594E-4 2.205E-4 2.44224E-4 2.0971E-4 3.01758E-4 2.38652E-4 2.37751E-4 2.56826E-4 2.06945E-4 2.8096E-4 1.67418E-3 2.46368E-3 7.97068E-4 4.37497E-4 1.27828E-3 1.46878E-3 1.3073E-3 1.22072E-3 1.0422E-3 9.24447E-4 7.94793E-4 5.71665E-4 -9999 -9999 -9999 -9999 -9999 -9999 -9999 -9999 -9999 -9999 -9999 -9999 -9999
2.12297E-4 1.77709E-4 1.53351E-4 1.52983E-4 1.47587E-4 1.41992E-4 1.23872E-4 1.13009E-4 1.23449E-4 1.25862E-4 1.45302E-4 1.74433E-4 1.82546E-4 4.05959E-4 5.81757E-4 1.85721E-3 2.03778E-3 2.61427E-3 2.53635E-3 2.41255E-3 1.6349E-3 1.11014E-3 5.90971E-4 4.05801E-4 9.75571E-4 2.84517E-4 2.054E-4 1.98604E-4 1.95604E-4 1.76395E-4 2.87692E-4 2.74987E-4 3.28243E-4 3.42376E-4 2.88987E-4 3.85894E-4 3.17474E-4 2.90381E-4 2.32446E-4 2.00707E-4 8.33495E-4 1.9859E-3 1.94428E-3 2.10061E-3 1.5586E-3 1.29761E-3 2.37888E-3 7.11165E-4 1.36817E-3 4.42887E-4 7.99425E-4 3.87835E-4 -9999 -9999 -9999 -9999 -9999 -9999 -9999 -9999 -9999 -9999 -9999 -9999 -9999 -9999
2.19628E-4 1.70061E-4 1.43446E-4 1.37147E-4 1.3686E-4 1.93267E-4 2.06843E-4 1.95402E-4 2.28013E-4 2.78377E-4 5.16307E-4 4.55501E-4 3.13899E-4 3.78374E-4 7.99709E-4 2.25253E-3 1.03314E-3 1.11115E-3 2.009E-3 1.19439E-3 6.96861E-4 3.79742E-4 4.56469E-4 4.7833E-4 4.5052E-4 2.70961E-4 2.65577E-4 1.60583E-4 1.62669E-4 2.13202E-4 3.62187E-4 4.40995E-4 5.1719E-4 6.05596E-4 3.93417E-4 4.54826E-4 1.95429E-4 2.08593E-4 4.42475E-4 1.62236E-3 2.94E-3 4.65627E-3 4.76107E-3 4.12047E-3 9.03971E-4 1.38973E-3 1.40469E-3 1.44216E-3 1.00915E-3 6.40614E-4 4.20861E-4 4.10913E-4 2.74828E-4 -9999 -9999 -9999 -9999 -9999 -9999 -9999 -9999 -9999 -9999 -9999 -9999 -9999
2.15396E-4 1.73185E-4 1.49648E-4 1.22324E-4 1.19746E-4 3.23359E-4 5.70648E-4 5.50569E-4 1.34026E-3 1.10263E-3 2.25841E-3 7.41567E-4 5.88184E-4 6.21589E-4 5.96202E-4 4.93391E-4 9.25667E-4 5.38096E-4 4.70282E-4 6.29199E-4 4.35288E-4 3.61468E-4 3.45119E-4 3.1252E-4 3.40824E-4 4.11886E-4 3.41614E-4 1.80459E-4 4.44576E-4 1.37107E-3 2.29155E-3 5.60359E-4 1.43202E-3 1.2062E-3 2.20254E-3 5.47128E-4 2.07665E-4 4.34344E-4 4.27227E-4 6.12398E-4 1.85114E-3 2.46955E-3 3.44957E-3 3.7637E-3 7.35167E-4 9.88674E-4 2.45512E-3 1.03883E-3 1.3052E-3 7.54733E-4 6.3033E-4 6.2993E-4 -9999 -9999 -9999 -9999 -9999 -9999 -9999 -9999 -9999 -9999 -9999 -9999 -9999 -9999
2.97629E-4 2.32944E-4 1.97299E-4 1.74538E-4 1.34028E-4 1.96267E-4 3.76156E-4 1.90779E-3 1.60162E-3 1.27322E-3 6.94998E-4 5.34046E-4 5.85318E-4 1.01115E-3 7.00826E-4 5.26388E-4 6.22831E-4 7.48094E-4 4.2583E-4 4.86999E-4 4.57022E-4 2.04978E-4 2.5123E-4 2.09183E-4 2.0867E-4 3.99882E-4 2.76053E-4 1.91937E-4 3.0819E-4 4.46551E-4 6.36831E-4 8.63446E-4 7.68258E-4 6.02752E-4 2.28985E-3 8.67674E-4 3.35634E-4 7.30567E-4 1.16206E-3 2.13144E-3 3.21671E-3 2.06223E-3 1.31059E-3 1.15781E-3 7.20366E-4 4.31718E-4 7.57578E-4 1.14228E-3 1.65731E-3 6.59915E-4 6.30906E-4 -9999 -9999 -9999 -9999 -9999 -9999 -9999 -9999 -9999 -9999 -9999 -9999 -9999 -9999 -9999
1.25992E-3 3.46255E-4 1.91492E-4 1.51577E-4 1.40899E-4 2.46878E-4 3.23883E-4 2.17315E-3 2.0371E-3 1.13495E-3 7.15759E-4 4.7808E-4 3.81191E-4 4.87854E-4 5.14294E-4 5.27882E-4 8.04714E-4 5.82124E-4 4.72306E-4 3.43786E-4 2.61763E-4 2.49864E-4 1.50846E-4 1.7994E-4 1.89928E-4 2.08209E-4 2.68028E-4 2.41447E-4 2.96619E-4 4.24306E-4 4.94557E-4 1.20707E-3 1.73654E-3 4.90491E-4 3.57451E-4 3.02827E-4 6.37831E-4 9.79377E-4 3.6457E-4 7.00663E-4 9.48558E-4 2.06219E-3 4.54418E-4 3.46194E-4 4.77382E-4 4.08414E-4 1.01117E-3 9.33332E-4 9.89454E-4 1.05664E-3 -9999 -9999 -9999 -9999 -9999 -9999 -9999 -9999 -9999 -9999 -9999 -9999 -9999 -9999 -9999 -9999
1.1804E-3 1.58564E-3 8.21939E-4 2.55718E-4 2.04338E-4 4.01207E-4 1.74947E-3 8.63878E-4 5.0314E-3 2.19785E-3 5.52024E-4 3.82638E-4 3.22119E-4 4.26532E-4 3.92729E-4 3.84191E-4 5.6151E-4 5.20647E-4 3.42113E-4 4.43214E-4 1.97514E-4 2.0132E-4 1.48243E-4 1.382E-4 2.38896E-4 2.73746E-4 6.73157E-4 8.53479E-4 5.91144E-4 5.583E-4 7.65371E-4 9.27124E-4 6.50213E-4 4.55725E-4 2.99175E-4 2.48572E-4 4.27032E-4 3.41755E-4 3.60162E-4 1.43773E-3 5.13773E-4 6.14752E-4 2.52131E-4 2.79084E-4 6.49456E-4 4.44221E-4 5.14673E-4 4.71874E-4 -9999 -9999 -9999 -9999 -9999 -9999 -9999 -9999 -9999 -9999 -9999 -9999 -9999 -9999 -9999 -9999 -9999 -9999
4.14156E-4 5.83895E-4 3.90425E-4 3.94413E-4 5.05991E-4 1.52097E-3 2.13118E-3 2.38342E-3 1.73522E-3 2.6242E-3 1.06293E-3 5.39442E-4 4.93004E-4 5.21212E-4 6.21264E-4 6.60646E-4 1.15207E-3 1.02659E-3 6.42037E-4 4.35969E-4 2.92051E-4 1.84131E-4 1.69646E-4 1.6608E-4 3.51285E-4 4.77758E-4 6.99571E-4 5.51795E-4 1.30918E-3 1.28362E-3 7.44328E-4 1.02125E-3 1.32459E-3 7.71919E-4 9.61202E-4 4.11262E-4 2.09586E-4 1.96683E-4 5.93366E-4 2.56021E-3 4.67561E-4 3.72431E-4 2.64204E-4 3.14489E-4 3.38313E-4 3.43904E-4 3.66704E-4 2.52955E-4 -9999 -9999 -9999 -9999 -9999 -9999 -9999 -9999 -9999 -9999 -9999 -9999 -9999 -9999 -9999 -9999 -9999 -9999
3.80842E-4 4.92696E-4 5.24468E-4 2.65637E-4 6.05379E-4 9.83404E-4 7.93997E-4 8.94376E-4 7.9715E-4 8.02192E-4 9.30013E-4 1.4687E-3 2.15447E-3 9.80972E-4 1.30843E-3 9.1813E-4 1.95062E-3 1.96918E-3 9.37524E-4 3.99913E-4 3.84473E-4 4.22091E-4 7.11039E-4 4.76852E-4 4.55589E-4 4.13899E-4 4.37696E-4 5.48702E-4 1.01745E-3 1.04904E-3 2.43593E-3 8.55586E-4 1.48045E-3 7.62533E-4 1.23658E-3 9.5992E-4 2.98653E-4 2.6289E-4 1.17591E-3 3.22065E-4 3.43142E-4 2.05819E-4 3.94624E-4 3.18173E-4 1.92362E-4 4.34076E-4 2.76581E-4 -9999 -9999 -9999 -9999 -9999 -9999 -9999 -9999 -9999 -9999 -9999 -9999 -9999 -9999 -9999 -9999 -9999 -9999 -9999
2.01987E-4 1.8767E-4 2.44874E-4 2.55673E-4 2.28794E-4 2.36632E-4 2.29953E-4 1.8695E-4 1.99996E-4 2.14524E-4 1.8099E-4 2.3623E-4 4.40808E-4 4.13718E-4 4.18376E-4 7.20008E-4 7.22013E-4 6.04647E-4 3.01921E-4 2.04315E-4 4.48252E-4 3.92209E-4 3.18624E-4 2.40305E-4 3.58803E-4 6.22985E-4 5.48726E-4 4.06421E-4 6.34745E-4 1.17268E-3 3.70027E-3 1.05982E-3 9.66569E-4 5.28702E-4 9.19315E-4 4.00051E-4 5.00979E-4 5.00489E-4 3.33833E-4 7.91525E-4 2.54559E-4 5.88188E-4 3.51551E-4 3.03418E-4 2.19655E-4 4.19994E-4 3.0037E-4 -9999 -9999 -9999 -9999 -9999 -9999 -9999 -9999 -9999 -9999 -9999 -9999 -9999 -9999 -9999 -9999 -9999 -9999 -9999
1.35658E-4 1.47999E-4 1.68015E-4 1.80165E-4 1.84665E-4 1.78007E-4 1.66983E-4 1.57572E-4 1.42913E-4 1.25996E-4 1.41752E-4 1.64305E-4 1.97034E-4 2.38659E-4 2.97464E-4 2.7172E-4 2.12922E-4 1.83065E-4 1.64836E-4 1.42032E-4 1.82903E-4 2.53231E-4 2.47628E-4 2.18645E-4 4.04429E-4 3.59662E-4 3.8085E-4 2.96167E-4 3.96271E-4 8.21157E-4 1.48613E-3 6.73641E-4 3.75644E-4 2.66825E-4 2.32415E-4 6.06012E-4 6.07578E-4 1.69297E-3 7.35384E-4 7.09465E-4 4.47168E-4 3.68805E-4 3.28187E-4 3.2627E-4 1.99101E-4 2.50351E-4 2.38425E-4 4.05581E-4 6.22988E-4 -9999 -9999 -9999 -9999 -9999 -9999 -9999 -9999 -9999 -9999 -9999 -9999 -9999 -9999 -9999 -9999 -9999
1.62022E-4 1.63603E-4 1.98947E-4 2.3876E-4 2.41516E-4 2.06149E-4 1.83682E-4 1.61872E-4 1.43347E-4 1.21274E-4 1.37447E-4 1.58352E-4 1.85401E-4 2.39013E-4 2.99636E-4 2.74308E-4 2.44836E-4 2.66916E-4 2.05822E-4 1.62266E-4 1.79415E-4 2.18352E-4 2.45856E-4 2.45115E-4 2.53347E-4 2.70715E-4 2.49685E-4 2.2682E-4 2.17366E-4 3.09858E-4 2.97281E-4 3.20201E-4 2.12919E-4 1.85601E-4 2.73198E-4 4.1046E-4 4.27467E-4 6.91947E-4 2.4849E-3 4.21563E-4 4.4226E-4 4.29251E-4 2.65992E-4 3.00956E-4 2.68747E-4 2.00797E-4 5.17255E-4 9.13367E-4 3.08781E-4 -9999 -9999 -9999 -9999 -9999 -9999 -9999 -9999 -9999 -9999 -9999 -9999 -9999 -9999 -9999 -9999 -9999
2.13713E-4 1.99552E-4 2.28967E-4 3.0532E-4 3.20217E-4 2.43639E-4 1.85215E-4 1.57523E-4 1.39905E-4 1.26007E-4 1.40968E-4 1.63193E-4 1.92286E-4 2.47552E-4 2.74809E-4 2.37256E-4 3.10427E-4 2.98173E-4 2.25116E-4 1.72493E-4 2.06133E-4 2.71623E-4 3.12161E-4 2.50424E-4 3.03645E-4 3.08437E-4 2.5463E-4 2.72419E-4 2.50368E-4 2.37607E-4 2.48003E-4 3.09234E-4 2.23132E-4 2.3728E-4 2.6914E-4 2.84119E-4 2.6848E-4 5.0223E-4 5.61364E-4 3.16658E-4 3.72125E-4 2.8777E-4 3.6438E-4 4.91832E-4 4.82772E-4 3.48702E-4 6.89694E-4 8.88886E-4 -9999 -9999 -9999 -9999 -9999 -9999 -9999 -9999 -9999 -9999 -9999 -9999 -9999 -9999 -9999 -9999 -9999 -9999
2.90559E-4 2.54368E-4 2.16726E-4 2.75775E-4 2.83791E-4 2.29691E-4 1.77911E-4 1.50541E-4 1.32413E-4 1.46735E-4 1.46472E-4 1.6651E-4 2.0732E-4 2.74695E-4 3.42314E-4 2.60545E-4 2.558E-4 2.50051E-4 2.05234E-4 1.6033E-4 2.068E-4 2.97716E-4 2.9938E-4 2.47315E-4 2.88319E-4 2.92795E-4 3.14972E-4 3.45013E-4 2.6058E-4 3.33804E-4 3.24319E-4 3.34034E-4 4.52883E-4 3.95756E-4 3.08942E-4 4.06188E-4 4.39563E-4 8.69841E-4 3.53433E-4 3.3283E-4 4.82643E-4 4.36169E-4 5.25011E-4 9.40841E-4 6.90397E-4 1.29628E-3 7.2039E-4 2.97316E-4 -9999 -9999 -9999 -9999 -9999 -9999 -9999 -9999 -9999 -9999 -9999 -9999 -9999 -9999 -9999 -9999 -9999 -9999
3.22438E-4 2.64988E-4 2.00916E-4 2.046E-4 2.0704E-4 1.82227E-4 1.60867E-4 1.46926E-4 1.59334E-4 1.77064E-4 1.87895E-4 1.76128E-4 1.84156E-4 2.2826E-4 2.48278E-4 2.18094E-4 1.93257E-4 1.9273E-4 1.73118E-4 1.4835E-4 1.77582E-4 2.40439E-4 2.21986E-4 2.6015E-4 3.13355E-4 2.73251E-4 2.59543E-4 2.56593E-4 2.45782E-4 3.6595E-4 5.70095E-4 3.85834E-4 4.21327E-4 2.88644E-4 5.15766E-4 7.48611E-4 1.04925E-3 1.07641E-3 3.20944E-4 2.66806E-4 3.15516E-4 4.26259E-4 5.7721E-4 1.05556E-3 6.0784E-4 6.54917E-4 2.06516E-4 -9999 -9999 -9999 -9999 -9999 -9999 -9999 -9999 -9999 -9999 -9999 -9999 -9999 -9999 -9999 -9999 -9999 -9999 -9999
2.31604E-4 2.13214E-4 1.74568E-4 1.63765E-4 1.77415E-4 1.71282E-4 1.61829E-4 1.57097E-4 1.88221E-4 2.28771E-4 2.60176E-4 2.3627E-4 2.01256E-4 1.69696E-4 1.85895E-4 2.06464E-4 2.0595E-4 2.11882E-4 1.6915E-4 1.3431E-4 2.30004E-4 2.47069E-4 2.1698E-4 2.63827E-4 3.16731E-4 2.73352E-4 2.5228E-4 2.01405E-4 1.92224E-4 2.82626E-4 4.73768E-4 2.98785E-4 2.21755E-4 2.72352E-4 3.21151E-4 3.67608E-4 4.84162E-4 6.82968E-4 4.14384E-4 3.6673E-4 3.80465E-4 3.81858E-4 5.03788E-4 4.28352E-4 3.34902E-4 1.90022E-4 1.78662E-4 -9999 -9999 -9999 -9999 -9999 -9999 -9999 -9999 -9999 -9999 -9999 -9999 -9999 -9999 -9999 -9999 -9999 -9999 -9999
1.83157E-4 2.2266E-4 2.36084E-4 2.1325E-4 2.42845E-4 2.29291E-4 1.89977E-4 1.72566E-4 2.00163E-4 2.65196E-4 3.16409E-4 3.17151E-4 2.41307E-4 1.79357E-4 2.34379E-4 2.84787E-4 2.7344E-4 2.37408E-4 1.73179E-4 1.90523E-4 2.75746E-4 2.05829E-4 1.9519E-4 2.33672E-4 3.06211E-4 4.55018E-4 4.46024E-4 4.24232E-4 3.42662E-4 2.24552E-4 3.69503E-4 2.05826E-4 1.96312E-4 2.43604E-4 2.21153E-4 2.93194E-4 5.56562E-4 6.1969E-4 3.37297E-4 3.62728E-4 3.90844E-4 3.98529E-4 5.33084E-4 4.37894E-4 2.84904E-4 1.96759E-4 -9999 -9999 -9999 -9999 -9999 -9999 -9999 -9999 -9999 -9999 -9999 -9999 -9999 -9999 -9999 -9999 -9999 -9999 -9999 -9999
2.1368E-4 2.87497E-4 3.21738E-4 2.53011E-4 3.31042E-4 2.87232E-4 2.19025E-4 1.93484E-4 2.00985E-4 2.58454E-4 3.06285E-4 2.87037E-4 2.5431E-4 2.13309E-4 2.47476E-4 3.18777E-4 2.9558E-4 2.20156E-4 2.46128E-4 4.02947E-4 2.69279E-4 2.74381E-4 2.11751E-4 2.24477E-4 3.06602E-4 4.72914E-4 7.74031E-4 3.11212E-4 3.63467E-4 2.71461E-4 3.87225E-4 2.50097E-4 1.70798E-4 2.15857E-4 2.88014E-4 4.57733E-4 6.00937E-4 5.31469E-4 3.80452E-4 3.30579E-4 4.41588E-4 4.78717E-4 4.17566E-4 4.39822E-4 2.26136E-4 -9999 -9999 -9999 -9999 -9999 -9999 -9999 -9999 -9999 -9999 -9999 -9999 -9999 -9999 -9999 -9999 -9999 -9999 -9999 -9999 -9999
2.07539E-4 2.66672E-4 2.87957E-4 2.37414E-4 2.84038E-4 2.59412E-4 2.23486E-4 2.42719E-4 2.09253E-4 2.31441E-4 2.83807E-4 3.36636E-4 2.94825E-4 2.42159E-4 1.90923E-4 2.34118E-4 2.4543E-4 2.86324E-4 3.93247E-4 6.58614E-4 3.66135E-4 3.26935E-4 4.31233E-4 3.36661E-4 2.70398E-4 7.57036E-4 2.51008E-3 5.80485E-4 3.15E-4 3.02145E-4 3.15317E-4 1.92495E-4 2.05536E-4 3.2685E-4 4.13962E-4 6.95391E-4 8.99774E-4 5.8948E-4 4.94986E-4 3.03942E-4 1.29091E-3 5.41828E-4 4.17367E-4 4.39954E-4 1.54567E-4 -9999 -9999 -9999 -9999 -9999 -9999 -9999 -9999 -9999 -9999 -9999 -9999 -9999 -9999 -9999 -9999 -9999 -9999 -9999 -9999 -9999
1.71602E-4 2.0372E-4 2.11424E-4 1.89253E-4 2.0631E-4 2.48459E-4 3.2039E-4 3.16529E-4 2.44418E-4 2.07378E-4 2.32335E-4 2.57514E-4 2.39803E-4 2.22185E-4 2.01843E-4 2.73686E-4 3.07371E-4 5.10975E-4 4.46233E-4 3.64892E-4 3.37245E-4 3.39719E-4 4.72458E-4 3.74576E-4 5.77321E-4 2.47061E-3 1.02342E-3 3.60674E-4 4.79025E-4 4.11011E-4 3.82504E-4 2.87021E-4 2.82092E-4 2.59433E-4 9.18334E-4 4.78042E-4 9.87846E-4 5.91386E-4 6.02673E-4 5.16795E-4 6.01019E-4 4.38505E-4 3.33157E-4 2.52086E-4 -9999 -9999 -9999 -9999 -9999 -9999 -9999 -9999 -9999 -9999 -9999 -9999 -9999 -9999 -9999 -9999 -9999 -9999 -9999 -9999 -9999 -9999
1.54592E-4 1.57932E-4 1.65643E-4 1.60262E-4 2.00148E-4 2.67555E-4 3.13354E-4 3.25095E-4 2.42113E-4 1.80155E-4 1.77647E-4 2.14152E-4 2.12629E-4 2.6952E-4 2.77436E-4 3.30252E-4 4.59219E-4 8.54234E-4 2.6326E-4 2.87855E-4 4.00683E-4 3.98133E-4 1.06999E-3 4.06178E-4 9.53945E-4 2.34167E-3 6.82276E-4 3.55811E-4 3.72679E-4 5.93926E-4 5.03747E-4 3.98374E-4 5.02584E-4 5.75731E-4 9.06434E-4 6.90877E-4 5.70304E-4 1.32215E-3 5.25912E-4 4.39205E-4 3.18706E-4 4.0407E-4 2.9276E-4 1.7151E-4 -9999 -9999 -9999 -9999 -9999 -9999 -9999 -9999 -9999 -9999 -9999 -9999 -9999 -9999 -9999 -9999 -9999 -9999 -9999 -9999 -9999 -9999
