catData/rasterBestHybridModels/Pbengalensis/RD_RM1.5_L/Pbengalensis_min.asc
ncols         409
nrows         350
xllcorner     60.897278365
yllcorner     5.843756025
cellsize      0.0892857
NODATA_value  -9999
[rows 116 to 144 of 350, columns 264 to 329 of 409]
1.10262E-4 1.00809E-4 1.16219E-4 1.17688E-4 1.29359E-4 1.33644E-4 1.15288E-4 1.46874E-4 1.40843E-4 1.45397E-4 1.23653E-4 1.3835E-4 1.35163E-4 1.39931E-4 1.65526E-4 1.64056E-4 1.66332E-4 1.49601E-4 1.66358E-4 1.76753E-4 1.56623E-4 1.47174E-4 1.69618E-4 1.66948E-4 1.43866E-4 1.33864E-4 1.24203E-4 1.11595E-4 1.20211E-4 1.32201E-4 1.74903E-4 2.63438E-4 2.97049E-4 1.49951E-4 1.75727E-4 7.35407E-5 7.83631E-5 9.39289E-5 1.02671E-4 1.26311E-4 1.64306E-4 1.92263E-4 1.9955E-4 1.96392E-4 2.31057E-4 2.37165E-4 1.59676E-4 1.37348E-4 2.79969E-4 1.68722E-4 3.60205E-4 2.77561E-4 3.34508E-4 2.33313E-4 5.27435E-4 4.99455E-4 5.34586E-4 4.35251E-4 2.25123E-4 8.77501E-5 9.90324E-5 1.02338E-4 9.32625E-5 1.19418E-4 1.40251E-4 1.35295E-4
9.71919E-5 7.97296E-5 8.95422E-5 1.02121E-4 1.24732E-4 1.27358E-4 1.07988E-4 1.27894E-4 1.28745E-4 1.36033E-4 1.41811E-4 1.7246E-4 1.53621E-4 1.36532E-4 1.6718E-4 1.61192E-4 1.3316E-4 1.51706E-4 1.92742E-4 1.6638E-4 1.48482E-4 1.17869E-4 1.34575E-4 1.29065E-4 1.51103E-4 1.74237E-4 1.6142E-4 1.52879E-4 1.70093E-4 1.52172E-4 1.64378E-4 1.83856E-4 1.68451E-4 1.28564E-4 9.03659E-5 6.33349E-5 6.04858E-5 9.0253E-5 1.22867E-4 1.64653E-4 2.14514E-4 1.70193E-4 1.78059E-4 1.65093E-4 1.64095E-4 1.43609E-4 1.47932E-4 1.77038E-4 1.92849E-4 1.85739E-4 2.15414E-4 1.92898E-4 1.79801E-4 2.36972E-4 2.65571E-4 5.32933E-4 7.39539E-4 1.00985E-3 1.17555E-4 2.25822E-4 1.3059E-4 1.42599E-4 1.34362E-4 1.09797E-4 1.30607E-4 1.58193E-4
1.17612E-4 9.9778E-5 9.22366E-5 8.13047E-5 9.81969E-5 1.06648E-4 1.16947E-4 1.12586E-4 1.39896E-4 1.62272E-4 1.47316E-4 1.50282E-4 1.47843E-4 1.65E-4 1.58325E-4 1.28411E-4 1.02794E-4 1.42081E-4 1.63407E-4 1.50033E-4 1.15963E-4 9.31099E-5 9.09556E-5 1.17758E-4 1.5806E-4 1.9407E-4 1.72245E-4 3.40023E-5 1.4345E-4 1.72166E-4 1.75384E-4 1.99223E-4 1.74791E-4 1.32246E-4 9.22581E-5 6.77445E-5 8.10985E-5 8.74218E-5 1.2578E-4 2.24324E-4 1.991E-4 1.76375E-4 1.45943E-4 1.15853E-4 1.12703E-4 1.21454E-4 1.65998E-4 2.18111E-4 1.87716E-4 1.82205E-4 1.88148E-4 1.76812E-4 2.02173E-4 2.23544E-4 1.68531E-4 1.40214E-4 1.26971E-4 1.16469E-4 1.24768E-4 1.64095E-4 1.79846E-4 2.14646E-4 1.87673E-4 1.58854E-4 1.96477E-4 2.08658E-4
1.15479E-4 1.28614E-4 1.09687E-4 8.64193E-5 9.43113E-5 1.21109E-4 1.4985E-4 1.24721E-4 1.2176E-4 1.40371E-4 1.47881E-4 1.38313E-4 1.33194E-4 1.60971E-4 1.54082E-4 1.24615E-4 1.26827E-4 1.5213E-4 1.56073E-4 1.27289E-4 1.20564E-4 1.0697E-4 8.99431E-5 1.44049E-4 1.4059E-4 1.13363E-4 6.6765E-6 7.64098E-5 1.9261E-4 1.74875E-4 1.85849E-4 2.25296E-4 1.69904E-4 1.26312E-4 8.93698E-5 9.47549E-5 1.17645E-4 1.28211E-4 1.0403E-4 1.34163E-4 1.93637E-4 1.9545E-4 1.55687E-4 1.15365E-4 1.45035E-4 1.69874E-4 1.64576E-4 1.70465E-4 5.2279E-5 1.53031E-4 1.3167E-4 1.45395E-4 1.82007E-4 1.81094E-4 1.13112E-4 1.77581E-4 1.68657E-4 1.67009E-4 1.77589E-4 1.5255E-4 2.04218E-4 2.55318E-4 2.08975E-4 2.08429E-4 2.27022E-4 2.26016E-4
1.0996E-4 1.22566E-4 1.05543E-4 8.55522E-5 8.76874E-5 1.0915E-4 1.21851E-4 1.12298E-4 9.35983E-5 1.16584E-4 1.28049E-4 1.19564E-4 1.05396E-4 1.23183E-4 1.22586E-4 1.02258E-4 1.36641E-4 1.66304E-4 1.70751E-4 1.54707E-4 1.60308E-4 1.3989E-4 1.49929E-4 1.8801E-4 4.29336E-5 2.54469E-5 8.59927E-5 1.42005E-4 1.53852E-4 1.40981E-4 1.73082E-4 1.91944E-4 1.6486E-4 1.20641E-4 1.14113E-4 1.19274E-4 1.59023E-4 1.76746E-4 1.60425E-4 1.3381E-4 1.63261E-4 1.78791E-4 1.67189E-4 1.30683E-4 1.64957E-4 2.05637E-4 1.89414E-4 1.84259E-4 2.11774E-4 2.00272E-5 1.26082E-4 1.51224E-4 1.97569E-4 2.11732E-4 1.75624E-4 1.79561E-4 1.98435E-4 2.03399E-4 2.23346E-4 1.82572E-4 1.62982E-4 1.80084E-4 2.16901E-4 2.75856E-4 2.06852E-4 2.11704E-4
9.1929E-5 9.30967E-5 8.6402E-5 6.90642E-5 6.69277E-5 8.36715E-5 9.27024E-5 8.63638E-5 8.7461E-5 1.10453E-4 1.19515E-4 1.1053E-4 8.61886E-5 8.48955E-5 1.18317E-4 1.41684E-4 1.43926E-4 1.36721E-4 1.37242E-4 1.61729E-4 1.81356E-4 1.47169E-4 1.42777E-4 1.01162E-4 3.8103E-5 1.26321E-4 1.28984E-4 1.68968E-4 2.01298E-4 1.64024E-4 1.67416E-4 1.82231E-4 1.60096E-4 1.57478E-4 1.61794E-4 1.34642E-4 1.75354E-4 2.06822E-4 1.77328E-4 1.33329E-4 1.6852E-4 2.01613E-4 1.79831E-4 1.38349E-4 1.45637E-4 1.71867E-4 1.66462E-4 1.61419E-4 1.73386E-4 1.5149E-4 7.36756E-5 1.33936E-4 1.68531E-4 1.81667E-4 1.57383E-4 1.85672E-4 1.79095E-4 1.87563E-4 2.0055E-4 1.68511E-4 1.50064E-4 1.39368E-4 1.77077E-4 1.99494E-4 2.45106E-4 2.08596E-4
1.143E-4 1.0132E-4 8.25203E-5 7.4321E-5 8.07955E-5 7.67073E-5 6.26751E-5 7.1227E-5 1.02221E-4 1.47163E-4 1.47401E-4 1.292E-4 1.01819E-4 9.32117E-5 1.32826E-4 1.69558E-4 1.72932E-4 1.35634E-4 1.06371E-4 1.3428E-4 1.37977E-4 1.25229E-4 1.50575E-4 1.76524E-4 1.68296E-4 1.32829E-4 1.20391E-4 1.55564E-4 1.72189E-4 1.53299E-4 1.27363E-4 1.35085E-4 1.42783E-4 1.80804E-4 1.92368E-4 1.56157E-4 1.44638E-4 1.60752E-4 1.81186E-4 6.95765E-5 1.44695E-4 1.60078E-4 1.48673E-4 1.28431E-4 1.49373E-4 1.44932E-4 1.18113E-4 1.14457E-4 1.21311E-4 1.09984E-4 8.65762E-5 9.77021E-5 1.17798E-4 1.06559E-4 1.6614E-4 2.09796E-4 2.13852E-4 1.60896E-4 1.64169E-4 2.07067E-4 2.08722E-4 2.15476E-4 1.83951E-4 1.9285E-4 2.16558E-4 2.0965E-4
1.0811E-4 9.80683E-5 7.97497E-5 9.62656E-5 1.0378E-4 9.91481E-5 8.06753E-5 7.84415E-5 9.65408E-5 1.21554E-4 1.36193E-4 1.24322E-4 9.83455E-5 8.52621E-5 1.18334E-4 1.46752E-4 1.43578E-4 1.20631E-4 8.7921E-5 9.16844E-5 9.25154E-5 9.99495E-5 1.43845E-4 1.72102E-4 1.61658E-4 1.27542E-4 1.2415E-4 1.12814E-4 1.23023E-4 1.13922E-4 1.14351E-4 1.05678E-4 1.2902E-4 1.62654E-4 1.6424E-4 1.39011E-4 1.04681E-4 1.46075E-4 1.89467E-4 1.88951E-4 1.48551E-4 1.07814E-4 1.13351E-4 1.58184E-4 1.91739E-4 1.81975E-4 1.42761E-4 1.01413E-4 7.93555E-5 7.46477E-5 7.15677E-5 7.00166E-5 7.91587E-5 1.1246E-4 1.56085E-4 1.9122E-4 1.9146E-4 1.63248E-4 1.88647E-4 2.15483E-4 2.19721E-4 2.44867E-4 2.24809E-4 1.74649E-4 1.42966E-4 1.9345E-4
7.62574E-5 7.32701E-5 7.91989E-5 1.05059E-4 1.27559E-4 1.06736E-4 9.176E-5 1.05967E-4 1.05534E-4 9.71033E-5 1.04505E-4 9.54063E-5 8.22059E-5 1.10983E-4 1.31746E-4 1.27631E-4 1.05254E-4 9.05439E-5 7.8337E-5 6.44218E-5 8.40806E-5 1.13209E-4 1.41085E-4 1.50633E-4 1.39872E-4 1.584E-4 1.62598E-4 1.47599E-4 1.59648E-4 1.42609E-4 1.61863E-4 1.45931E-4 1.12312E-4 1.33813E-4 1.46131E-4 1.31674E-4 1.5236E-4 1.5985E-4 1.50668E-4 1.42989E-4 1.1767E-4 1.03418E-4 1.34338E-4 1.5311E-4 1.83314E-4 1.75812E-4 1.39301E-4 9.91365E-5 1.01791E-4 1.10967E-4 1.05153E-4 8.81528E-5 9.16328E-5 1.20281E-4 1.6661E-4 1.98155E-4 1.89517E-4 2.00319E-4 2.52509E-4 2.04886E-4 1.7965E-4 2.40621E-4 1.58699E-4 1.60947E-4 2.04503E-4 2.25623E-4
6.43217E-5 7.81871E-5 8.3018E-5 8.98967E-5 1.01873E-4 9.27258E-5 9.68125E-5 1.31179E-4 1.25795E-4 1.0385E-4 7.88441E-5 6.64988E-5 9.3267E-5 1.26478E-4 1.54805E-4 1.46884E-4 1.20782E-4 1.19699E-4 1.05488E-4 8.56701E-5 9.61151E-5 1.34412E-4 1.74355E-4 1.73007E-4 1.5568E-4 1.61406E-4 1.67809E-4 1.62536E-4 1.8769E-4 1.58851E-4 1.97603E-4 1.62618E-4 1.31331E-4 1.65095E-4 1.86854E-4 1.58163E-4 1.91998E-4 1.94351E-4 1.77079E-4 1.36815E-4 9.36173E-5 1.1891E-4 1.64453E-4 1.94135E-4 1.72882E-4 1.33404E-4 1.10324E-4 1.10393E-4 1.43787E-4 1.62444E-4 1.48763E-4 1.16774E-4 1.33398E-4 1.54481E-4 1.75081E-4 2.14136E-4 2.04279E-4 1.83203E-4 2.03627E-4 1.71931E-4 1.501E-4 1.39377E-4 1.63297E-4 1.33227E-4 1.53645E-4 1.68236E-4
7.01073E-5 9.39089E-5 4.80384E-5 9.5826E-5 7.93016E-5 9.85909E-5 7.09299E-5 1.06378E-4 1.08092E-4 9.29506E-5 7.64836E-5 4.49545E-5 8.63906E-5 1.21751E-4 1.44882E-4 1.33977E-4 1.33245E-4 1.47507E-4 1.27461E-4 1.02613E-4 9.04512E-5 1.25929E-4 1.52446E-4 1.44021E-4 1.39413E-4 1.29942E-4 1.32372E-4 1.50945E-4 1.61003E-4 1.39608E-4 1.54428E-4 1.41778E-4 1.51949E-4 1.83965E-4 1.71254E-4 1.50445E-4 1.72042E-4 1.69493E-4 1.58941E-4 1.25609E-4 1.09856E-4 1.17306E-4 1.57794E-4 1.81053E-4 1.64216E-4 1.25945E-4 1.22587E-4 1.27484E-4 1.72812E-4 2.07401E-4 1.85231E-4 1.57493E-4 1.75327E-4 2.00366E-4 1.8291E-4 1.64704E-4 1.57826E-4 1.27465E-4 1.35008E-4 1.28766E-4 9.52818E-5 7.34914E-5 1.12183E-4 1.01539E-4 1.05393E-4 1.14698E-4
5.50465E-5 7.09138E-5 8.61072E-5 8.24316E-5 9.16134E-5 9.87163E-5 9.63969E-5 9.99769E-5 1.21531E-4 1.0334E-4 8.01638E-5 7.12996E-5 9.17042E-5 1.02388E-4 1.30179E-4 1.42268E-4 1.25261E-4 1.42702E-4 1.23397E-4 9.84826E-5 7.05705E-5 9.31369E-5 1.09776E-4 1.0832E-4 9.89194E-5 8.76876E-5 1.2417E-4 1.5942E-4 1.75423E-4 1.43147E-4 1.09549E-4 1.04226E-4 1.40957E-4 1.60636E-4 1.50813E-4 1.16728E-4 1.24955E-4 1.50492E-4 1.71332E-4 1.57907E-4 1.55066E-4 1.54249E-4 1.61147E-4 1.69577E-4 1.44525E-4 1.46577E-4 1.69732E-4 1.61271E-4 1.61587E-4 1.86564E-4 1.88608E-4 2.02832E-4 1.7537E-4 2.06089E-4 1.85258E-4 1.36833E-4 1.094E-4 1.35846E-4 1.48882E-4 1.30067E-4 1.66301E-5 1.17836E-4 9.84213E-5 1.21566E-4 1.33938E-4 1.45571E-4
4.61852E-5 5.65035E-5 6.27559E-5 7.00582E-5 8.27437E-5 8.03074E-5 9.54333E-5 1.09916E-4 1.10271E-4 8.43752E-5 7.83437E-5 5.46511E-5 8.09908E-5 1.12006E-4 1.0701E-4 1.19821E-4 1.00359E-4 9.20077E-5 9.19465E-5 7.31726E-5 8.08491E-5 1.06761E-4 1.23931E-4 1.18449E-4 9.3065E-5 7.46803E-5 1.03219E-4 1.29086E-4 1.34305E-4 1.18068E-4 8.97671E-5 8.20079E-5 1.05128E-4 1.3308E-4 1.52073E-4 1.49243E-4 1.17752E-4 1.56631E-4 1.87673E-4 1.70433E-4 1.85444E-4 1.82862E-4 1.77671E-4 1.93074E-4 1.56326E-4 1.61903E-4 2.01978E-4 1.78929E-4 1.49268E-4 1.92782E-4 1.87835E-4 1.92139E-4 1.67971E-4 1.57197E-4 1.44147E-4 1.12111E-4 1.37305E-4 1.87723E-4 2.18912E-4 1.45163E-4 1.87915E-4 1.6087E-4 1.25701E-4 1.87102E-4 2.43336E-4 3.40394E-4
5.01606E-5 5.65975E-5 6.43967E-5 5.17948E-5 6.43372E-5 6.61753E-5 7.91294E-5 8.11086E-5 8.77513E-5 9.60495E-5 8.66232E-5 8.46837E-5 8.48764E-5 1.03376E-4 5.95257E-5 9.48308E-5 1.08285E-4 9.44476E-5 9.03464E-5 8.94702E-5 8.59027E-5 1.10272E-4 1.37011E-4 1.22176E-4 1.03166E-4 7.20426E-5 7.36986E-5 8.73949E-5 1.06646E-4 1.1796E-4 1.10078E-4 8.68899E-5 1.04196E-4 1.45337E-4 1.78131E-4 1.65036E-4 1.27559E-4 1.25783E-4 1.46687E-4 1.36086E-4 1.63062E-4 1.5819E-4 1.469E-4 1.56227E-4 1.32439E-4 1.4277E-4 1.61168E-4 1.52881E-4 1.183E-4 1.41899E-4 1.43707E-4 1.42272E-4 1.27831E-4 1.05216E-4 1.00743E-4 1.00961E-4 1.45474E-4 2.07782E-4 2.60024E-4 1.93473E-5 2.6851E-4 1.9369E-4 1.40068E-4 2.19289E-4 5.46027E-4 6.93639E-4
5.07453E-5 4.53352E-5 4.90378E-5 4.96448E-5 4.93629E-5 5.47236E-5 6.09504E-5 5.89549E-5 5.76982E-5 7.17485E-5 7.9046E-5 8.19101E-5 8.22179E-5 8.17886E-5 7.76288E-5 8.06342E-5 9.61301E-5 8.64124E-5 8.97302E-5 9.32774E-5 7.79924E-5 9.33797E-5 1.04221E-4 1.02608E-4 9.45436E-5 5.08432E-5 7.5114E-5 1.04202E-4 1.37735E-4 4.66852E-5 5.11735E-5 7.76294E-5 7.09121E-5 1.04697E-4 1.42242E-4 1.40751E-4 1.25877E-4 9.4341E-5 9.95546E-5 9.85467E-5 1.11982E-4 1.13518E-4 1.36588E-4 1.45814E-4 1.60909E-4 1.86076E-4 1.63966E-4 1.23476E-4 9.68564E-5 9.59744E-5 9.72336E-5 9.53794E-5 8.81759E-5 7.38861E-5 1.03581E-4 1.40007E-4 1.65998E-4 1.59929E-4 1.79943E-4 1.2519E-4 1.90554E-4 1.60643E-4 1.40012E-4 1.84908E-4 5.01565E-4 8.96844E-4
4.83448E-5 3.9154E-5 3.62764E-5 3.54856E-5 4.55064E-5 5.80214E-5 7.08779E-5 6.07461E-5 6.92755E-5 7.18757E-5 5.96939E-5 6.07072E-5 6.02463E-5 5.81515E-5 5.75471E-5 6.84869E-5 7.67476E-5 7.98062E-5 8.79479E-5 7.67271E-5 4.40611E-5 2.81E-5 2.80163E-5 9.4734E-5 1.07547E-4 9.3905E-5 8.11533E-5 9.72247E-5 1.32079E-4 1.55174E-4 1.29778E-4 8.16816E-5 3.23717E-5 8.11995E-5 1.37115E-4 6.70445E-5 1.41114E-4 4.16973E-5 7.60096E-5 6.7875E-5 8.86944E-5 1.28374E-4 1.65352E-4 1.80307E-4 1.57341E-4 1.81059E-4 1.59702E-4 1.34915E-4 1.42857E-4 1.25407E-4 9.78978E-5 8.66116E-5 7.76169E-5 8.01744E-5 1.17859E-4 1.67771E-4 2.09143E-4 2.08301E-4 1.6271E-4 1.13346E-4 1.23225E-4 1.12322E-4 1.08835E-4 1.44641E-4 1.52789E-4 2.54597E-4
4.49602E-5 3.71162E-5 3.08136E-5 3.83934E-5 4.85465E-5 5.9064E-5 5.76074E-5 5.14266E-5 6.2348E-5 6.37254E-5 5.50493E-5 6.76658E-5 6.63589E-5 6.90559E-5 7.01471E-5 1.38724E-5 6.56951E-5 7.0515E-5 7.482E-5 6.62478E-5 6.04427E-5 5.6112E-5 1.09702E-4 5.89542E-5 3.04233E-5 7.97631E-5 8.33239E-5 1.89426E-5 9.1873E-5 2.46894E-5 9.93776E-5 1.41858E-4 1.13893E-4 1.02702E-4 1.20002E-4 1.66752E-5 5.83944E-5 4.44722E-5 1.74243E-5 7.48213E-5 8.32178E-5 1.19249E-4 1.46429E-4 1.62008E-4 1.45154E-4 1.35646E-4 1.31283E-4 1.71903E-4 1.85948E-4 1.57948E-4 1.25091E-4 1.28154E-4 1.10739E-4 8.60071E-5 1.12295E-4 1.56686E-4 1.95314E-4 2.00134E-4 1.53171E-4 9.82619E-5 7.87024E-5 8.61407E-5 8.82492E-5 9.07826E-5 1.35822E-4 1.41042E-4
3.8176E-5 3.26398E-5 2.97183E-5 3.84299E-5 4.87364E-5 5.99023E-5 5.72205E-5 5.90051E-5 6.49399E-5 5.32234E-5 5.74079E-5 5.3901E-5 6.93267E-5 6.68963E-5 6.90016E-5 7.09184E-5 5.81317E-5 6.57215E-5 7.58973E-5 6.28173E-5 5.47909E-5 1.2908E-4 2.54236E-4 1.05633E-4 6.98753E-5 6.60401E-5 2.26886E-5 9.3095E-5 1.00425E-4 9.27792E-5 1.15287E-4 1.0686E-4 9.19133E-5 8.36289E-5 3.36822E-4 7.44163E-4 1.49847E-4 3.01918E-5 2.28462E-5 9.92022E-5 1.03061E-4 1.05997E-4 1.08818E-4 1.22577E-4 1.11304E-4 8.95871E-5 1.29424E-4 1.69437E-4 1.84168E-4 1.56922E-4 1.73782E-4 1.78634E-4 1.44522E-4 1.05473E-4 9.10384E-5 1.1843E-4 1.3532E-4 1.32339E-4 1.15875E-4 8.08001E-5 1.05024E-4 1.24046E-4 1.25789E-4 1.11292E-4 9.00622E-5 6.7534E-5
4.41917E-5 3.79249E-5 3.81232E-5 4.34295E-5 4.50564E-5 4.75721E-5 4.64894E-5 5.54667E-5 5.98466E-5 5.37309E-5 6.90853E-5 6.31166E-5 5.97184E-5 6.16489E-5 5.82224E-5 6.37848E-5 5.52573E-5 5.49375E-5 5.83422E-5 5.86027E-5 1.07985E-4 1.58954E-4 9.8867E-5 8.99349E-5 8.09672E-5 7.91394E-5 8.44015E-5 9.50846E-5 8.28697E-5 7.7483E-5 7.95138E-5 7.57051E-5 6.4252E-5 6.4215E-5 9.5665E-5 1.34444E-4 2.59315E-4 9.40393E-5 8.4291E-5 1.16631E-4 1.4025E-4 1.41479E-4 1.25722E-4 9.46921E-5 7.3362E-5 7.49295E-5 1.03978E-4 1.31116E-4 1.39169E-4 1.46356E-4 1.87001E-4 1.93648E-4 1.55684E-4 1.0873E-4 9.43141E-5 9.34796E-5 8.93212E-5 9.15799E-5 8.08186E-5 9.61743E-5 1.32862E-4 1.76932E-4 1.87407E-4 1.48368E-4 1.07907E-4 7.69732E-5
4.59629E-5 3.87508E-5 4.40034E-5 5.46029E-5 5.78088E-5 4.97381E-5 4.02451E-5 4.47742E-5 4.69652E-5 5.45083E-5 6.82285E-5 5.89367E-5 6.23093E-5 6.55499E-5 5.40478E-5 4.91741E-5 4.50587E-5 4.2412E-5 5.31783E-5 5.54168E-5 4.0988E-5 5.49517E-5 5.16514E-5 5.95822E-5 5.79237E-5 6.17582E-5 7.98104E-5 8.85844E-5 7.56121E-5 6.22551E-5 6.61164E-5 6.78089E-5 5.45454E-5 5.65092E-5 5.77958E-5 1.5775E-4 1.24628E-4 9.66904E-5 1.4687E-4 1.25571E-4 1.55678E-4 1.69799E-4 1.36429E-4 9.98672E-5 6.80163E-5 5.6919E-5 7.51028E-5 8.85049E-5 9.26995E-5 1.24268E-4 1.5282E-4 1.56649E-4 1.31208E-4 1.17411E-4 1.39427E-4 1.35827E-4 1.1338E-4 3.22257E-5 3.23603E-5 1.21995E-4 1.61826E-4 1.72646E-4 2.24454E-4 1.60982E-4 1.13622E-4 9.47411E-5
4.33104E-5 5.19674E-5 5.06612E-5 5.6832E-5 6.0749E-5 5.03479E-5 4.90923E-5 4.51816E-5 4.32722E-5 5.32921E-5 5.87414E-5 6.24484E-5 6.32341E-5 5.18718E-5 4.59901E-5 4.09616E-5 4.42523E-5 5.02962E-5 6.4836E-5 6.16495E-5 3.88508E-5 8.98087E-7 2.32734E-5 4.29551E-5 3.13015E-5 5.47827E-5 7.29394E-5 8.97018E-5 7.8251E-5 7.12109E-5 8.26877E-5 8.07295E-5 7.77587E-5 1.11592E-4 4.72811E-5 7.29904E-5 8.81318E-5 1.10375E-4 8.72097E-5 1.10741E-4 1.33179E-4 1.36939E-4 1.1831E-4 8.69039E-5 6.30183E-5 4.57949E-5 5.8364E-5 8.57458E-5 1.19575E-4 1.50847E-4 1.60324E-4 1.34447E-4 1.05704E-4 1.48675E-4 2.29444E-4 1.85866E-4 1.43339E-4 7.10642E-5 4.45481E-6 1.31226E-4 1.86129E-4 2.37476E-4 1.52056E-4 1.32199E-4 1.43484E-4 1.42362E-4
4.82893E-5 6.22346E-6 3.68153E-5 4.64268E-5 4.83568E-5 5.313E-5 6.04305E-5 5.12582E-5 3.92875E-5 4.87714E-5 6.68359E-5 5.82962E-5 4.93503E-5 4.98344E-5 2.21771E-5 4.06546E-5 4.96528E-5 5.75809E-5 4.59987E-5 3.3756E-5 4.27683E-5 1.02496E-5 4.28839E-6 3.59832E-5 4.44123E-6 8.58962E-7 1.57132E-5 7.54634E-5 7.09833E-5 7.45162E-5 9.58119E-5 8.76974E-5 1.79934E-4 2.5995E-4 4.50983E-5 7.05958E-5 8.67085E-5 1.17188E-4 1.62523E-4 1.36602E-4 1.13326E-4 1.22033E-4 1.10472E-4 8.49476E-5 6.69384E-5 5.45411E-5 6.4839E-5 9.46779E-5 1.36662E-4 1.78778E-4 1.92187E-4 1.57258E-4 1.12337E-4 1.53293E-4 1.89912E-4 1.87003E-4 1.48771E-4 1.09464E-4 8.15155E-7 1.83115E-4 1.83031E-4 1.6128E-4 1.4193E-4 1.58391E-4 2.17093E-4 2.05292E-4
1.78657E-5 4.51474E-5 3.21414E-5 4.3065E-5 5.06993E-5 6.08052E-5 5.96975E-5 4.84941E-5 4.05606E-5 4.84346E-5 5.26397E-5 4.82847E-5 5.42483E-5 7.33426E-5 3.48357E-5 2.38236E-5 3.75232E-5 3.66241E-5 4.02417E-5 1.35301E-5 8.66909E-6 6.78416E-6 6.88327E-5 5.37486E-6 9.47445E-6 9.48976E-6 3.73268E-5 5.47343E-5 5.43069E-5 6.40482E-5 7.40308E-5 7.4721E-5 8.65025E-5 1.35507E-4 1.13548E-4 7.08249E-5 8.6086E-5 1.04014E-4 9.53636E-5 1.44553E-4 1.41914E-4 1.66695E-4 1.347E-4 1.11524E-4 9.12378E-5 6.80539E-5 6.17518E-5 8.85246E-5 1.22717E-4 1.63383E-4 1.72349E-4 1.43044E-4 1.05126E-4 1.21634E-4 1.487E-4 1.47434E-4 1.19714E-4 1.05186E-4 3.17043E-5 1.30212E-4 2.13326E-4 1.51674E-4 1.12774E-4 1.65221E-4 2.26646E-4 2.11452E-4
4.08815E-5 4.02504E-5 4.79557E-5 5.42778E-5 5.21464E-5 5.7254E-5 5.73574E-5 4.85512E-5 4.09417E-5 3.305E-5 2.64886E-5 4.04661E-5 5.92317E-5 5.44855E-5 3.02207E-5 1.82698E-6 2.41791E-6 2.36744E-7 1.43671E-7 1.17199E-6 1.65445E-6 1.67746E-5 6.23638E-8 5.06515E-8 2.43844E-6 6.79768E-7 6.07575E-6 4.07672E-5 4.01564E-5 5.19267E-5 5.83951E-5 6.0908E-5 7.53848E-5 2.42324E-4 5.44142E-5 7.09674E-5 9.01523E-5 1.2002E-4 2.98161E-5 1.19726E-4 8.45831E-5 1.084E-4 1.57082E-4 1.42198E-4 1.09981E-4 8.04321E-5 7.36046E-5 7.20936E-5 9.40983E-5 1.14248E-4 1.21806E-4 1.07342E-4 8.40471E-5 8.89483E-5 1.01109E-4 1.00024E-4 8.62109E-5 1.06732E-4 7.14929E-5 3.95104E-5 1.50683E-4 1.23988E-4 9.45794E-5 1.30214E-4 1.57795E-4 1.53123E-4
3.43146E-5 4.23619E-5 4.52914E-5 5.69726E-5 5.6248E-5 5.29259E-5 6.52143E-5 5.10335E-5 4.59059E-5 4.01484E-5 5.39891E-5 5.29064E-5 5.98732E-5 3.62358E-5 3.98925E-5 2.55326E-5 1.03906E-6 2.64353E-6 1.84212E-6 1.46679E-6 7.03347E-8 6.76816E-6 2.46589E-7 8.42833E-7 6.75085E-5 5.79221E-5 4.81029E-5 3.98874E-5 3.03019E-5 3.85669E-5 4.36655E-5 4.38926E-5 4.8243E-5 4.63014E-5 4.70928E-5 6.46119E-5 8.0947E-5 1.00159E-4 2.43471E-5 4.11809E-5 1.88085E-5 3.56195E-5 1.03244E-4 1.35857E-4 1.10596E-4 1.03307E-4 1.10338E-4 9.71668E-5 7.87063E-5 7.72901E-5 7.87379E-5 7.22691E-5 6.14358E-5 6.06204E-5 6.67038E-5 7.60745E-5 1.06892E-4 1.46675E-4 1.19452E-4 1.24685E-5 1.16384E-4 8.90372E-5 8.46262E-5 9.51794E-5 1.03386E-4 1.01713E-4
2.27975E-5 3.76823E-5 4.69416E-5 3.89574E-5 1.89377E-5 4.39009E-5 5.98502E-5 4.00669E-5 4.38646E-5 8.36043E-5 8.79826E-6 1.36207E-5 1.06914E-6 1.69997E-9 3.55763E-8 6.31069E-8 1.91876E-8 4.51772E-9 3.18968E-11 2.01884E-7 7.46165E-12 1.44065E-10 4.51376E-8 6.83243E-6 5.59872E-5 2.28052E-5 5.11235E-5 4.01423E-5 3.50162E-5 4.8237E-5 5.90051E-5 6.28227E-5 8.9258E-5 2.20253E-4 4.27836E-5 5.72381E-5 7.28521E-5 8.39414E-5 9.23508E-5 1.19349E-4 1.22429E-4 1.10578E-4 1.29572E-4 1.28955E-4 1.04146E-4 1.32993E-4 1.43633E-4 1.32982E-4 9.92311E-5 7.16626E-5 5.35695E-5 5.70067E-5 5.4797E-5 4.74232E-5 5.58534E-5 8.03408E-5 1.16465E-4 1.68234E-4 2.39844E-4 1.94072E-5 1.13554E-4 9.75412E-5 1.2012E-4 1.44344E-4 1.44885E-4 1.19362E-4
1.16195E-5 3.48449E-6 3.29094E-5 4.00986E-5 7.24402E-5 9.0338E-5 6.35006E-5 3.11486E-5 2.44755E-6 5.55951E-10 6.06103E-11 4.1343E-13 1.11025E-11 8.84085E-10 1.16858E-12 2.49388E-11 4.03837E-11 2.11681E-13 2.2656E-12 4.91978E-11 2.606E-11 6.90235E-7 3.98591E-9 2.81502E-7 1.20049E-7 2.07163E-5 4.68427E-5 3.66931E-5 4.42207E-5 5.63538E-5 6.9384E-5 7.73113E-5 7.06167E-5 8.19141E-5 4.86652E-5 6.75597E-5 8.69887E-5 1.03972E-4 1.03823E-4 1.03217E-4 1.09528E-4 1.16692E-4 1.40629E-4 1.1172E-4 1.16818E-4 1.19505E-4 1.46072E-4 1.48359E-4 1.10939E-4 7.66532E-5 7.99897E-5 8.54897E-5 8.07364E-5 6.77271E-5 4.88934E-5 8.26009E-5 1.05447E-4 1.43896E-4 1.73881E-4 2.12398E-5 1.44611E-4 1.45058E-4 1.54978E-4 2.17914E-4 2.05161E-4 1.54014E-4
8.48979E-6 2.88549E-5 4.28515E-5 4.36462E-5 1.24994E-4 3.94242E-6 1.29141E-7 2.18816E-6 2.36347E-9 3.98336E-9 9.78635E-10 3.94325E-7 1.24383E-6 2.19619E-9 8.39153E-9 6.26032E-12 2.38412E-12 9.16013E-12 7.87873E-12 3.65962E-12 6.69758E-12 5.53888E-7 2.66955E-6 7.34325E-6 7.18918E-6 4.63411E-5 5.10622E-5 4.10146E-5 4.82296E-5 6.2449E-5 8.55162E-5 9.89862E-5 8.22552E-5 6.46925E-5 4.76328E-5 7.33437E-5 9.70023E-5 1.2502E-4 1.12292E-4 9.39188E-5 8.37514E-5 1.0309E-4 1.2089E-4 1.03539E-4 9.52032E-5 9.54393E-5 1.67888E-4 1.48747E-4 1.16218E-4 9.14419E-5 1.15991E-4 1.27445E-4 1.14257E-4 9.02625E-5 6.01637E-5 1.09604E-4 1.44312E-4 1.62243E-4 1.21994E-4 1.56034E-4 2.08933E-4 2.096E-4 1.57151E-4 2.26858E-4 2.1612E-4 1.54423E-4
1.59571E-5 8.00566E-6 2.16825E-5 5.30889E-5 1.32111E-5 5.92194E-7 1.36875E-7 8.74026E-7 5.41838E-6 4.20255E-6 2.60238E-5 1.47033E-5 8.19727E-8 1.88372E-8 6.4694E-8 2.85019E-10 5.97868E-9 6.27548E-11 3.65388E-10 3.00821E-7 2.30593E-8 7.64507E-8 1.07204E-5 5.29029E-5 1.68896E-6 8.12182E-6 4.16843E-5 4.23433E-5 4.71448E-5 6.10968E-5 6.69758E-5 8.9806E-5 8.39242E-5 6.79939E-5 7.92032E-5 7.90049E-5 1.07156E-4 1.21695E-4 1.05555E-4 8.14722E-5 9.07683E-5 1.1414E-4 1.48381E-4 1.31552E-4 1.06148E-4 1.3071E-4 1.50788E-4 9.16881E-5 4.01645E-5 1.09105E-4 1.21485E-4 1.65639E-4 1.52593E-4 1.14672E-4 1.0049E-4 1.2516E-4 1.76482E-4 2.22065E-4 1.34469E-4 2.82075E-5 1.9539E-4 1.96488E-4 1.7091E-4 1.77336E-4 1.52945E-4 1.25414E-4
