catData/rasterBestHybridModels/Pbengalensis/RD_RM1.5_L/Pbengalensis_max.asc
ncols         409
nrows         350
xllcorner     60.897278365
yllcorner     5.843756025
cellsize      0.0892857
NODATA_value  -9999
[rows 58 to 86 of 350, columns 132 to 197 of 409]
6.60461E-5 7.74772E-5 6.34939E-5 5.61498E-5 5.01523E-5 6.8785E-5 9.14E-5 7.52884E-5 8.07441E-5 9.99926E-5 9.13868E-5 7.55297E-5 6.65732E-5 8.76307E-5 8.07689E-5 6.46174E-5 6.78364E-5 8.3798E-5 7.71753E-5 7.76828E-5 9.44141E-5 7.68132E-5 8.45659E-5 1.01194E-4 8.15684E-5 1.13939E-4 8.25741E-5 8.49821E-5 9.29404E-5 8.90342E-5 9.63744E-5 7.48572E-5 8.81905E-5 9.64689E-5 7.98452E-5 1.00336E-4 9.50665E-5 1.07052E-4 1.10555E-4 1.43277E-4 1.3994E-4 1.27566E-4 1.41668E-4 1.35149E-4 1.11779E-4 1.21151E-4 1.24888E-4 1.1602E-4 1.79237E-4 2.23098E-4 1.88213E-4 1.50508E-4 1.34969E-4 2.29259E-4 2.78697E-4 2.72192E-4 2.15863E-4 2.34484E-4 2.44412E-4 1.39219E-4 1.08092E-4 9.82621E-5 6.60396E-5 4.56517E-5 4.41505E-5 3.15476E-5
6.87428E-5 8.09543E-5 8.90135E-5 7.82533E-5 6.30057E-5 5.36092E-5 5.91704E-5 7.37945E-5 7.03551E-5 7.0773E-5 8.5893E-5 7.48367E-5 9.61873E-5 9.09923E-5 8.46787E-5 7.02426E-5 7.38992E-5 1.03522E-4 8.56879E-5 6.16259E-5 6.4341E-5 5.87585E-5 7.5604E-5 8.45233E-5 8.11671E-5 1.05327E-4 7.95543E-5 8.76211E-5 9.80506E-5 9.02728E-5 9.94946E-5 7.62302E-5 9.22598E-5 1.04324E-4 1.03407E-4 9.16865E-5 1.23182E-4 1.31048E-4 9.85356E-5 1.02992E-4 1.30553E-4 1.3094E-4 1.27775E-4 1.2344E-4 1.12464E-4 1.31834E-4 1.22606E-4 1.49123E-4 1.60228E-4 1.9861E-4 1.59093E-4 1.76537E-4 2.01072E-4 1.99343E-4 2.00186E-4 1.8967E-4 3.13542E-4 3.73748E-4 3.19473E-4 2.17024E-4 1.66447E-4 1.05663E-4 9.08611E-5 6.29982E-5 3.60055E-5 3.05391E-5
5.04832E-5 6.26019E-5 7.52087E-5 8.9019E-5 6.62749E-5 5.71026E-5 6.10482E-5 8.71434E-5 8.12747E-5 5.75018E-5 5.97858E-5 6.80057E-5 8.25537E-5 7.73347E-5 1.02548E-4 7.81256E-5 6.08789E-5 7.07588E-5 6.51066E-5 5.83716E-5 4.83973E-5 5.40547E-5 7.36937E-5 1.00465E-4 9.18344E-5 8.55016E-5 7.29965E-5 6.33409E-5 6.57376E-5 6.3659E-5 6.82251E-5 8.52268E-5 7.99734E-5 8.44875E-5 9.9959E-5 9.88206E-5 8.79556E-5 1.18012E-4 1.12143E-4 8.24053E-5 1.00697E-4 1.01997E-4 1.39906E-4 1.51042E-4 1.33025E-4 1.85398E-4 1.4051E-4 1.87619E-4 1.80837E-4 2.33835E-4 1.8586E-4 2.63974E-4 3.08853E-4 2.57111E-4 2.36288E-4 2.97368E-4 3.1779E-4 3.08883E-4 2.81578E-4 2.02183E-4 2.04776E-4 1.53024E-4 8.11094E-5 5.72884E-5 3.71791E-5 3.0156E-5
6.91552E-5 5.0777E-5 5.38727E-5 5.95266E-5 6.71284E-5 8.27793E-5 6.84551E-5 5.80298E-5 8.19572E-5 8.24469E-5 8.01322E-5 9.53949E-5 8.25832E-5 7.96292E-5 6.69289E-5 6.11423E-5 5.8748E-5 8.70968E-5 1.08588E-4 7.85701E-5 5.78764E-5 4.7392E-5 5.82402E-5 7.89619E-5 1.2029E-4 8.17293E-5 9.69959E-5 7.4766E-5 6.39237E-5 7.82269E-5 7.53206E-5 1.07996E-4 9.37924E-5 9.55889E-5 8.93935E-5 1.06409E-4 8.93757E-5 1.02273E-4 9.79079E-5 7.23717E-5 7.81562E-5 8.55302E-5 1.14747E-4 1.18008E-4 1.05214E-4 1.23423E-4 1.33113E-4 1.42575E-4 1.53293E-4 1.95764E-4 2.01539E-4 2.92874E-4 3.2317E-4 2.56824E-4 1.96432E-4 2.40397E-4 2.99018E-4 1.99702E-4 2.12207E-4 1.69446E-4 1.72636E-4 1.41041E-4 7.74781E-5 5.43481E-5 4.16801E-5 4.12522E-5
6.37859E-5 4.72E-5 4.50865E-5 5.50033E-5 6.23837E-5 7.55671E-5 9.28976E-5 7.06668E-5 7.42867E-5 7.36308E-5 6.69007E-5 7.59181E-5 8.42982E-5 8.07382E-5 6.33035E-5 8.52658E-5 8.15647E-5 8.95808E-5 1.11381E-4 9.46809E-5 5.85257E-5 4.52742E-5 4.8372E-5 6.01917E-5 7.95679E-5 8.16483E-5 9.22118E-5 7.28862E-5 7.41078E-5 1.06579E-4 9.4843E-5 1.03147E-4 9.00493E-5 9.65779E-5 1.12272E-4 9.60645E-5 1.05014E-4 7.97353E-5 7.41686E-5 1.00179E-4 1.07149E-4 9.34341E-5 8.52794E-5 8.86865E-5 1.15984E-4 1.2621E-4 1.47172E-4 1.85139E-4 1.77405E-4 1.78522E-4 1.71545E-4 2.10609E-4 2.38997E-4 2.05043E-4 2.31154E-4 2.70446E-4 3.76154E-4 3.76051E-4 2.73533E-4 2.08251E-4 1.43631E-4 1.05536E-4 7.83332E-5 8.67016E-5 6.28287E-5 4.78056E-5
4.42984E-5 3.8096E-5 4.69265E-5 8.60219E-5 1.17775E-4 6.65888E-5 6.80677E-5 6.06515E-5 6.6808E-5 5.76005E-5 7.34202E-5 9.32769E-5 7.02154E-5 5.83643E-5 6.5049E-5 8.83478E-5 8.43358E-5 8.16496E-5 1.02136E-4 7.91812E-5 6.00481E-5 4.61652E-5 4.78499E-5 6.322E-5 8.84544E-5 9.51952E-5 6.91878E-5 5.56199E-5 6.34867E-5 8.35533E-5 9.40108E-5 1.09212E-4 8.97931E-5 1.10767E-4 9.94599E-5 7.06614E-5 7.14697E-5 6.21921E-5 7.17968E-5 1.00597E-4 1.07468E-4 1.23646E-4 1.04167E-4 8.92168E-5 1.3058E-4 1.49989E-4 1.17638E-4 1.31237E-4 1.53731E-4 1.45423E-4 1.38408E-4 1.13872E-4 1.0329E-4 1.65058E-4 2.42931E-4 3.29425E-4 3.97227E-4 6.20831E-4 4.122E-4 2.651E-4 1.74493E-4 1.16135E-4 1.00366E-4 1.12412E-4 8.48753E-5 4.7273E-5
3.89292E-5 3.88499E-5 4.87307E-5 5.49973E-5 6.41311E-5 5.64237E-5 4.95749E-5 7.25751E-5 9.88232E-5 6.9404E-5 5.59887E-5 6.15786E-5 5.44826E-5 5.48553E-5 5.82422E-5 5.94397E-5 7.23459E-5 7.58027E-5 9.02497E-5 8.16008E-5 6.01689E-5 4.84321E-5 5.68371E-5 7.65835E-5 8.57257E-5 7.07771E-5 5.61716E-5 6.32116E-5 6.59307E-5 8.437E-5 9.22708E-5 8.36947E-5 1.24894E-4 8.07316E-5 7.32834E-5 6.51112E-5 6.04777E-5 6.1051E-5 6.99357E-5 8.62015E-5 1.15995E-4 9.9156E-5 8.61426E-5 9.3441E-5 1.05804E-4 1.58057E-4 1.37694E-4 1.0802E-4 1.26371E-4 1.61825E-4 1.41854E-4 1.11375E-4 9.01321E-5 1.37445E-4 1.84919E-4 2.0274E-4 2.5235E-4 3.21578E-4 2.13678E-4 1.78401E-4 1.54687E-4 1.19717E-4 1.12395E-4 1.00342E-4 7.68356E-5 6.6547E-5
5.42588E-5 4.47361E-5 6.42652E-5 8.00701E-5 6.02384E-5 4.41613E-5 4.46795E-5 5.8127E-5 6.51206E-5 5.63161E-5 4.51119E-5 4.30115E-5 5.56703E-5 7.72411E-5 8.45094E-5 7.54616E-5 8.60389E-5 9.93679E-5 7.65739E-5 5.97215E-5 6.58857E-5 6.78199E-5 5.76621E-5 8.02523E-5 9.51014E-5 7.32635E-5 6.49559E-5 8.87491E-5 9.6677E-5 7.00074E-5 6.24013E-5 7.072E-5 8.02223E-5 7.80918E-5 1.04405E-4 8.55577E-5 8.55313E-5 8.92366E-5 1.05564E-4 9.38092E-5 7.79247E-5 8.26444E-5 1.15644E-4 1.05531E-4 8.03099E-5 1.08513E-4 1.1509E-4 1.35885E-4 1.3398E-4 1.94731E-4 1.7104E-4 1.35887E-4 1.72021E-4 1.91466E-4 2.11508E-4 2.2519E-4 3.06744E-4 2.80808E-4 2.50938E-4 1.74836E-4 1.27975E-4 1.06342E-4 1.04192E-4 1.3865E-4 1.30342E-4 1.37323E-4
7.4083E-5 5.28574E-5 5.89534E-5 7.00086E-5 5.60363E-5 5.21502E-5 4.49485E-5 4.15878E-5 4.39038E-5 4.30906E-5 3.79088E-5 4.51781E-5 5.5525E-5 7.66729E-5 8.22792E-5 8.98015E-5 8.35236E-5 8.00101E-5 6.92566E-5 1.07919E-4 9.18372E-5 9.29109E-5 6.41503E-5 5.97158E-5 6.41322E-5 8.64702E-5 8.63422E-5 8.08879E-5 8.5467E-5 8.0976E-5 8.42964E-5 9.84E-5 1.0213E-4 9.4102E-5 8.92046E-5 7.65994E-5 9.42725E-5 1.01386E-4 1.08754E-4 8.57955E-5 8.14092E-5 8.99309E-5 1.25726E-4 9.24072E-5 7.49073E-5 9.65427E-5 1.13873E-4 1.73337E-4 1.76385E-4 1.71352E-4 2.04409E-4 2.18471E-4 2.81905E-4 2.35418E-4 3.29992E-4 2.99208E-4 2.80835E-4 2.59561E-4 2.47894E-4 1.82943E-4 1.15841E-4 9.52825E-5 1.06322E-4 1.26447E-4 1.36393E-4 2.14682E-4
5.60488E-5 4.72542E-5 4.2317E-5 5.21475E-5 7.25252E-5 7.35178E-5 5.58044E-5 4.13754E-5 4.37803E-5 4.50934E-5 4.37952E-5 5.56879E-5 7.54984E-5 7.89828E-5 6.55752E-5 6.29608E-5 6.1335E-5 5.38537E-5 6.56284E-5 8.83204E-5 7.96359E-5 7.35327E-5 5.79164E-5 4.87755E-5 6.5758E-5 9.13546E-5 8.87493E-5 6.44443E-5 7.38054E-5 1.03196E-4 8.47455E-5 8.73024E-5 1.02516E-4 8.38875E-5 9.47134E-5 8.67091E-5 6.82942E-5 8.75439E-5 1.17797E-4 8.78968E-5 1.23976E-4 9.19646E-5 8.17213E-5 8.02401E-5 9.64697E-5 1.23204E-4 1.07797E-4 1.22386E-4 1.31338E-4 1.95553E-4 2.21827E-4 2.13781E-4 2.02564E-4 2.10256E-4 2.96121E-4 3.29181E-4 2.76683E-4 1.90841E-4 1.61081E-4 1.42363E-4 1.08713E-4 1.35262E-4 1.48414E-4 1.75026E-4 1.70699E-4 2.81053E-4
4.16193E-5 4.38007E-5 4.02417E-5 4.99058E-5 6.75282E-5 6.99761E-5 5.39432E-5 4.78801E-5 6.30163E-5 6.47819E-5 6.35598E-5 5.58534E-5 7.68848E-5 8.08734E-5 9.76453E-5 7.36829E-5 5.27689E-5 4.24367E-5 5.16333E-5 5.85825E-5 6.78944E-5 9.80779E-5 7.32263E-5 5.47757E-5 6.77976E-5 9.67819E-5 8.92822E-5 9.83455E-5 7.7628E-5 7.05603E-5 6.64288E-5 6.04696E-5 6.86002E-5 7.35319E-5 9.55694E-5 9.88391E-5 7.27854E-5 7.49813E-5 8.77432E-5 9.3986E-5 8.68137E-5 7.87887E-5 1.07887E-4 1.09814E-4 8.82862E-5 1.09565E-4 1.26736E-4 1.38885E-4 1.84634E-4 1.64838E-4 1.61563E-4 1.39671E-4 1.38087E-4 1.9859E-4 3.02088E-4 2.40804E-4 1.88231E-4 1.38087E-4 1.00007E-4 1.27114E-4 1.60227E-4 1.97997E-4 2.56022E-4 2.25942E-4 1.81843E-4 3.24527E-4
5.71016E-5 6.5458E-5 5.28508E-5 4.65248E-5 4.69301E-5 4.73174E-5 4.42313E-5 5.96322E-5 7.97906E-5 8.61864E-5 9.06228E-5 6.34077E-5 5.17654E-5 6.11287E-5 7.25386E-5 6.38481E-5 5.92883E-5 5.10493E-5 4.62945E-5 5.0459E-5 6.92203E-5 8.92255E-5 7.45537E-5 5.83906E-5 8.11911E-5 8.90051E-5 7.15642E-5 8.63659E-5 7.61931E-5 5.91105E-5 6.72323E-5 7.27785E-5 6.22717E-5 5.88184E-5 8.05355E-5 1.21807E-4 9.06941E-5 7.92212E-5 8.89868E-5 1.12508E-4 8.72017E-5 9.04371E-5 8.44958E-5 8.25084E-5 6.73827E-5 8.89806E-5 9.83174E-5 1.4803E-4 1.83238E-4 1.99235E-4 1.505E-4 1.82963E-4 2.26355E-4 2.23949E-4 2.74491E-4 2.15268E-4 1.38285E-4 1.07778E-4 1.1816E-4 1.64048E-4 2.16261E-4 2.58664E-4 2.44318E-4 2.26641E-4 2.36101E-4 2.6698E-4
6.21697E-5 7.3988E-5 5.68764E-5 7.03869E-5 6.88033E-5 5.05798E-5 4.68995E-5 6.82977E-5 9.24124E-5 6.78385E-5 6.50208E-5 5.89673E-5 7.61771E-5 7.09947E-5 5.53572E-5 7.85818E-5 8.46178E-5 6.28499E-5 6.21144E-5 6.86904E-5 5.63937E-5 5.84514E-5 5.51777E-5 5.7498E-5 7.32041E-5 8.11774E-5 6.49333E-5 9.43884E-5 8.95743E-5 6.51428E-5 8.71018E-5 1.05513E-4 7.51104E-5 5.66323E-5 6.42025E-5 7.3083E-5 8.69827E-5 1.18784E-4 8.902E-5 1.05059E-4 1.01884E-4 1.09136E-4 1.16258E-4 9.42081E-5 9.59595E-5 8.88887E-5 9.62444E-5 1.48344E-4 1.37884E-4 1.34571E-4 1.37398E-4 1.72285E-4 1.66846E-4 1.63485E-4 1.69461E-4 1.21661E-4 1.17198E-4 1.85929E-4 2.21487E-4 1.81775E-4 1.92497E-4 2.87559E-4 3.10887E-4 2.67583E-4 2.93857E-4 2.91266E-4
6.34435E-5 4.84133E-5 5.15175E-5 7.06014E-5 7.37201E-5 6.29273E-5 4.63354E-5 5.03779E-5 5.74534E-5 5.78217E-5 8.07825E-5 7.70453E-5 8.65681E-5 7.36802E-5 5.28106E-5 7.13715E-5 7.52982E-5 6.15953E-5 7.82022E-5 9.47564E-5 6.51527E-5 5.46449E-5 7.67126E-5 8.75031E-5 6.48992E-5 6.03757E-5 8.65651E-5 9.12449E-5 8.46768E-5 9.67067E-5 7.12139E-5 7.90485E-5 8.72512E-5 7.81267E-5 5.91308E-5 5.63659E-5 7.21056E-5 9.49189E-5 1.04044E-4 1.16535E-4 9.13713E-5 1.14574E-4 9.27376E-5 8.53076E-5 1.0306E-4 1.17491E-4 1.07183E-4 8.91594E-5 8.8309E-5 8.10694E-5 9.69642E-5 1.10574E-4 1.01404E-4 9.65463E-5 9.88151E-5 1.02373E-4 1.29583E-4 2.19644E-4 2.45213E-4 1.50963E-4 1.36484E-4 2.44467E-4 2.13546E-4 2.4172E-4 3.02089E-4 2.64986E-4
6.01291E-5 4.81844E-5 4.16577E-5 5.79143E-5 7.30638E-5 6.07854E-5 4.81757E-5 6.29018E-5 6.19312E-5 5.71674E-5 7.87292E-5 7.49861E-5 8.20032E-5 7.37904E-5 5.41594E-5 4.85178E-5 6.47408E-5 9.31243E-5 7.36687E-5 6.52233E-5 5.60921E-5 5.30668E-5 7.16574E-5 7.96464E-5 8.17422E-5 6.30819E-5 7.48767E-5 7.80607E-5 7.67509E-5 8.40588E-5 6.72955E-5 7.4533E-5 9.99225E-5 8.50728E-5 6.43587E-5 7.84309E-5 7.37522E-5 8.37035E-5 8.93176E-5 1.13823E-4 9.57489E-5 1.12594E-4 8.31698E-5 6.47373E-5 8.42996E-5 9.31767E-5 1.06766E-4 8.70775E-5 6.5001E-5 7.34596E-5 1.02858E-4 1.48385E-4 1.33253E-4 1.0181E-4 9.31512E-5 9.62959E-5 1.08867E-4 1.46847E-4 1.63587E-4 1.23059E-4 1.30423E-4 1.35866E-4 1.12211E-4 1.5162E-4 2.00844E-4 2.04025E-4
1.1366E-4 5.59157E-5 4.24464E-5 5.2227E-5 5.28567E-5 4.41838E-5 5.27773E-5 7.84849E-5 7.4326E-5 5.54145E-5 6.09477E-5 6.98797E-5 7.64974E-5 7.12106E-5 5.25168E-5 5.17776E-5 5.86802E-5 7.03145E-5 6.27198E-5 6.46733E-5 7.91732E-5 6.58705E-5 5.62311E-5 7.42442E-5 7.85442E-5 6.49887E-5 5.24187E-5 5.29059E-5 6.61821E-5 8.52039E-5 7.60862E-5 5.83976E-5 6.6712E-5 6.26242E-5 7.24619E-5 1.05382E-4 9.43098E-5 6.77749E-5 6.98868E-5 8.59712E-5 7.80589E-5 7.49674E-5 7.44094E-5 9.19079E-5 9.37426E-5 1.07441E-4 9.47861E-5 8.03464E-5 7.5757E-5 9.90291E-5 9.72309E-5 1.3632E-4 1.25026E-4 9.26289E-5 1.08688E-4 1.18022E-4 1.32628E-4 1.39277E-4 1.18887E-4 1.47945E-4 1.81132E-4 1.82045E-4 1.21377E-4 1.06548E-4 1.50983E-4 1.70011E-4
7.56751E-5 5.14737E-5 4.69495E-5 6.67313E-5 7.47743E-5 5.39416E-5 4.72272E-5 5.97926E-5 5.71713E-5 4.92236E-5 7.05659E-5 9.21508E-5 6.56698E-5 5.29522E-5 7.50329E-5 7.73905E-5 5.72955E-5 4.63221E-5 4.75316E-5 6.59565E-5 8.63207E-5 6.84352E-5 5.07196E-5 6.69021E-5 9.74118E-5 7.74304E-5 5.57931E-5 5.02218E-5 6.85662E-5 9.18392E-5 8.01266E-5 7.73699E-5 7.77559E-5 6.23343E-5 6.90186E-5 8.55413E-5 7.66291E-5 6.91924E-5 8.82932E-5 8.40249E-5 6.51787E-5 7.16212E-5 7.83784E-5 1.02546E-4 8.62639E-5 7.99714E-5 8.1222E-5 6.62553E-5 7.93487E-5 1.07547E-4 9.55314E-5 7.66518E-5 7.57831E-5 8.1182E-5 1.18729E-4 1.47996E-4 1.53916E-4 1.38672E-4 1.15894E-4 1.74715E-4 2.27926E-4 1.78031E-4 1.33837E-4 1.64618E-4 1.72628E-4 2.17888E-4
5.50211E-5 4.4039E-5 4.24349E-5 5.88333E-5 6.94085E-5 5.70654E-5 5.7753E-5 8.2178E-5 7.5085E-5 5.23786E-5 5.4181E-5 5.82348E-5 5.18162E-5 5.32307E-5 6.9768E-5 7.25754E-5 5.51203E-5 4.0903E-5 4.23079E-5 5.03493E-5 5.71936E-5 5.15978E-5 5.03591E-5 5.56356E-5 6.61921E-5 6.1499E-5 4.88363E-5 5.77577E-5 6.90204E-5 6.38762E-5 6.29956E-5 8.85801E-5 9.35227E-5 6.91754E-5 7.84493E-5 1.06562E-4 8.39044E-5 7.94476E-5 1.03661E-4 9.51761E-5 7.95008E-5 1.14415E-4 9.51918E-5 9.77709E-5 9.67291E-5 1.09889E-4 1.0201E-4 7.43093E-5 6.28582E-5 7.16353E-5 7.85247E-5 1.02564E-4 9.19592E-5 7.64038E-5 9.13957E-5 1.03565E-4 1.16571E-4 1.04735E-4 1.07354E-4 1.6055E-4 1.63591E-4 1.60033E-4 1.41954E-4 1.61304E-4 1.82668E-4 1.74573E-4
4.72476E-5 3.8189E-5 4.44994E-5 6.49779E-5 8.01585E-5 6.07286E-5 4.90204E-5 6.14686E-5 5.95519E-5 5.63004E-5 5.43245E-5 4.35146E-5 3.52303E-5 3.66397E-5 4.4199E-5 4.80655E-5 5.29483E-5 5.2209E-5 5.18649E-5 7.1089E-5 7.6425E-5 6.76451E-5 7.34662E-5 5.77491E-5 6.92037E-5 7.78305E-5 6.28721E-5 7.02417E-5 1.00606E-4 7.96867E-5 5.58793E-5 7.70508E-5 1.01086E-4 8.28015E-5 8.21628E-5 1.07651E-4 8.1431E-5 1.16995E-4 8.66306E-5 6.91567E-5 7.27758E-5 8.73789E-5 1.00851E-4 8.31683E-5 8.2965E-5 7.47798E-5 7.8456E-5 7.51868E-5 6.90758E-5 9.1327E-5 9.22888E-5 1.05035E-4 1.23057E-4 9.45427E-5 8.44547E-5 9.05813E-5 8.31389E-5 7.86489E-5 1.16385E-4 1.6984E-4 1.45705E-4 1.31529E-4 1.39839E-4 1.3688E-4 1.28019E-4 1.21067E-4
6.17485E-5 4.42638E-5 3.73244E-5 4.76617E-5 5.14314E-5 4.41797E-5 3.80996E-5 3.93236E-5 5.29856E-5 7.54241E-5 7.04124E-5 4.9771E-5 3.20612E-5 2.73177E-5 3.44102E-5 5.35788E-5 7.50382E-5 7.39649E-5 5.43846E-5 7.29119E-5 7.98823E-5 7.53869E-5 8.27465E-5 6.06525E-5 7.26192E-5 9.88781E-5 6.52498E-5 5.97446E-5 7.15037E-5 6.40179E-5 5.23455E-5 6.27613E-5 7.42371E-5 9.97465E-5 8.73501E-5 8.82581E-5 7.11097E-5 7.75186E-5 6.95994E-5 5.54102E-5 5.58697E-5 6.39652E-5 6.71723E-5 6.00183E-5 6.01486E-5 7.63595E-5 1.11032E-4 1.03996E-4 7.48859E-5 1.05032E-4 1.051E-4 1.14966E-4 1.24921E-4 9.83564E-5 1.12848E-4 1.33002E-4 8.70866E-5 7.12211E-5 8.73767E-5 1.13857E-4 1.56188E-4 1.442E-4 1.78884E-4 1.59689E-4 1.19212E-4 1.67294E-4
5.20368E-5 3.99178E-5 3.13761E-5 3.31824E-5 3.91173E-5 4.96174E-5 5.49996E-5 4.75723E-5 4.62818E-5 5.6364E-5 5.30194E-5 4.10345E-5 3.34198E-5 3.61729E-5 3.53259E-5 5.00979E-5 6.6495E-5 6.34782E-5 4.96735E-5 5.05925E-5 5.38517E-5 5.43524E-5 5.46867E-5 5.06E-5 5.25991E-5 5.54091E-5 4.98839E-5 6.58274E-5 9.45039E-5 8.01633E-5 6.86589E-5 8.86228E-5 8.65585E-5 6.70036E-5 8.5735E-5 8.63429E-5 9.26864E-5 9.95883E-5 6.93509E-5 5.22364E-5 4.34275E-5 5.14891E-5 6.42336E-5 7.47892E-5 7.04129E-5 6.82847E-5 8.44737E-5 8.22555E-5 8.32022E-5 9.22263E-5 9.60932E-5 1.05346E-4 9.7186E-5 8.80008E-5 9.06081E-5 9.44593E-5 1.08122E-4 9.75785E-5 7.37172E-5 8.13223E-5 1.0888E-4 1.24063E-4 1.61851E-4 1.4919E-4 1.1018E-4 1.45913E-4
3.65801E-5 3.36107E-5 3.35729E-5 2.97569E-5 4.10037E-5 5.85759E-5 7.72021E-5 5.53015E-5 3.80809E-5 3.45157E-5 3.30371E-5 3.47688E-5 4.58975E-5 5.44818E-5 4.78074E-5 3.59547E-5 4.28427E-5 4.234E-5 3.65193E-5 3.68147E-5 3.90594E-5 5.37005E-5 7.15219E-5 7.07132E-5 5.49154E-5 4.68317E-5 4.54729E-5 5.53223E-5 6.75155E-5 7.35042E-5 1.01238E-4 7.37938E-5 7.76904E-5 6.28269E-5 5.67587E-5 5.71242E-5 7.2305E-5 7.7497E-5 6.25763E-5 4.89337E-5 4.83991E-5 5.7123E-5 7.8741E-5 1.10695E-4 9.05835E-5 8.611E-5 1.12568E-4 8.53017E-5 1.1235E-4 1.02859E-4 1.05573E-4 9.24131E-5 9.13922E-5 9.47454E-5 1.20391E-4 9.18465E-5 1.14406E-4 1.00675E-4 7.52071E-5 7.19194E-5 1.10035E-4 1.28227E-4 1.35534E-4 1.21831E-4 1.00091E-4 1.0058E-4
4.18417E-5 5.03343E-5 4.95986E-5 3.82494E-5 3.44939E-5 4.48425E-5 5.02924E-5 4.73624E-5 5.17219E-5 4.4914E-5 3.5109E-5 3.80313E-5 5.41307E-5 7.11156E-5 5.17614E-5 3.60161E-5 2.81117E-5 3.03211E-5 3.95838E-5 4.87321E-5 5.17795E-5 5.24512E-5 7.07573E-5 7.23326E-5 5.37045E-5 6.68601E-5 6.19555E-5 4.79471E-5 4.54873E-5 6.01683E-5 6.90113E-5 7.75948E-5 9.08448E-5 6.62954E-5 6.06414E-5 7.04593E-5 6.89156E-5 5.63681E-5 4.83893E-5 5.03414E-5 6.35434E-5 7.28281E-5 6.85238E-5 8.37446E-5 7.61508E-5 7.59411E-5 8.90346E-5 8.90448E-5 1.0062E-4 1.00703E-4 8.01337E-5 1.2099E-4 1.08413E-4 9.15492E-5 9.71119E-5 8.5001E-5 8.03181E-5 1.06041E-4 1.07192E-4 8.64363E-5 9.74635E-5 1.16863E-4 9.79679E-5 8.83095E-5 9.38222E-5 1.28761E-4
4.85665E-5 6.732E-5 6.12208E-5 4.11731E-5 3.52336E-5 4.80227E-5 5.44995E-5 4.79951E-5 5.94285E-5 4.85955E-5 4.24168E-5 3.95814E-5 4.17252E-5 4.73382E-5 4.15399E-5 3.10918E-5 2.62282E-5 3.3273E-5 4.7843E-5 6.82602E-5 6.88363E-5 5.13299E-5 4.7931E-5 4.87272E-5 6.02554E-5 8.41538E-5 7.09725E-5 5.16066E-5 5.57211E-5 5.07606E-5 4.60967E-5 5.69577E-5 5.95293E-5 5.73637E-5 8.34762E-5 9.43404E-5 8.78973E-5 6.13203E-5 4.76965E-5 5.56996E-5 7.53433E-5 1.03977E-4 8.22241E-5 9.05537E-5 7.40379E-5 5.77371E-5 7.84571E-5 1.10305E-4 8.8903E-5 8.70495E-5 8.66889E-5 1.08202E-4 1.07271E-4 1.37248E-4 9.21291E-5 8.07118E-5 8.22926E-5 1.10809E-4 1.18378E-4 9.83882E-5 1.04996E-4 1.00133E-4 7.54955E-5 7.87962E-5 1.19363E-4 1.50373E-4
3.65914E-5 4.54495E-5 4.38407E-5 3.605E-5 3.90199E-5 5.41439E-5 6.51269E-5 4.45999E-5 3.90316E-5 4.47758E-5 6.03233E-5 4.89181E-5 3.65893E-5 3.10708E-5 2.82754E-5 2.57779E-5 3.02199E-5 3.81008E-5 4.471E-5 5.63412E-5 5.5995E-5 4.42279E-5 3.30733E-5 3.53113E-5 4.74464E-5 5.7267E-5 5.33595E-5 6.37541E-5 8.38581E-5 6.8357E-5 5.05837E-5 7.14769E-5 8.66852E-5 6.96442E-5 7.4242E-5 8.85974E-5 9.29618E-5 6.54203E-5 5.88471E-5 5.43539E-5 6.33822E-5 7.77007E-5 7.69434E-5 9.8582E-5 7.67218E-5 5.68855E-5 6.35241E-5 8.68109E-5 9.84785E-5 7.26274E-5 8.10844E-5 9.83005E-5 1.09336E-4 1.1783E-4 8.21098E-5 1.14618E-4 1.1295E-4 1.01414E-4 1.04339E-4 1.09821E-4 1.22473E-4 1.08676E-4 7.74181E-5 8.54354E-5 1.07554E-4 1.51563E-4
2.98155E-5 2.84423E-5 2.90128E-5 3.65099E-5 5.40809E-5 6.16531E-5 4.22401E-5 3.64972E-5 4.06241E-5 4.0081E-5 4.77526E-5 4.23683E-5 3.30763E-5 2.53513E-5 2.91151E-5 3.23066E-5 3.80657E-5 7.23359E-5 6.6898E-5 5.51341E-5 4.16432E-5 3.75436E-5 4.02645E-5 5.02667E-5 5.27866E-5 5.45972E-5 5.94474E-5 6.17614E-5 7.55913E-5 6.75538E-5 5.52978E-5 7.09263E-5 8.52825E-5 6.76434E-5 5.51353E-5 6.98316E-5 7.08485E-5 6.98846E-5 8.67243E-5 7.05809E-5 5.13786E-5 5.19332E-5 5.7693E-5 6.35137E-5 6.37109E-5 5.50624E-5 6.08857E-5 8.14076E-5 8.97829E-5 6.82567E-5 8.20626E-5 1.05669E-4 1.08686E-4 1.18562E-4 8.63328E-5 1.0651E-4 1.03206E-4 8.18245E-5 7.62484E-5 8.48325E-5 8.34151E-5 7.46518E-5 9.47689E-5 1.18309E-4 9.11659E-5 9.1139E-5
2.32423E-5 2.41278E-5 3.19398E-5 4.10537E-5 4.60606E-5 5.14516E-5 3.72942E-5 4.40337E-5 5.99714E-5 4.58703E-5 3.31506E-5 3.06012E-5 2.58886E-5 2.77968E-5 3.92393E-5 5.03364E-5 5.0821E-5 5.83776E-5 7.0513E-5 5.58093E-5 4.18941E-5 5.70703E-5 6.19759E-5 7.57053E-5 8.10904E-5 7.36486E-5 1.05665E-4 6.31192E-5 5.194E-5 5.68269E-5 7.76501E-5 8.06427E-5 5.69638E-5 6.21169E-5 6.23101E-5 8.26716E-5 7.30021E-5 6.73587E-5 8.57744E-5 7.1732E-5 5.7329E-5 4.69259E-5 6.5177E-5 9.18511E-5 8.7717E-5 6.32834E-5 6.60335E-5 9.4237E-5 9.47151E-5 6.73556E-5 9.92352E-5 1.21051E-4 1.07104E-4 1.07325E-4 1.16861E-4 1.15692E-4 9.28154E-5 8.02612E-5 6.45883E-5 8.2201E-5 9.38453E-5 1.0151E-4 9.64906E-5 1.02522E-4 8.41072E-5 7.28451E-5
2.14483E-5 2.66083E-5 3.63225E-5 5.21651E-5 5.1966E-5 3.77415E-5 2.85843E-5 3.7751E-5 4.46511E-5 3.96927E-5 3.12287E-5 2.67758E-5 3.38246E-5 3.86908E-5 4.64352E-5 6.97138E-5 6.26205E-5 4.23032E-5 3.84387E-5 4.03551E-5 4.58991E-5 6.6931E-5 8.09043E-5 6.27586E-5 6.78016E-5 6.15799E-5 6.29162E-5 5.144E-5 3.91651E-5 5.01259E-5 6.83017E-5 7.06887E-5 6.61266E-5 8.97975E-5 6.84275E-5 7.72047E-5 6.94221E-5 5.58762E-5 8.09487E-5 9.01419E-5 6.20537E-5 5.25374E-5 5.89752E-5 7.69076E-5 8.55289E-5 7.54061E-5 5.94884E-5 7.49315E-5 7.56613E-5 6.72183E-5 9.04932E-5 1.1318E-4 1.23219E-4 1.12183E-4 9.5192E-5 1.00822E-4 1.15362E-4 8.18809E-5 7.56356E-5 8.34791E-5 1.11315E-4 1.05753E-4 1.00682E-4 9.91393E-5 1.24592E-4 8.89202E-5
2.43658E-5 2.74E-5 3.21332E-5 3.84737E-5 3.82051E-5 3.07929E-5 2.7193E-5 2.75086E-5 3.01453E-5 2.88693E-5 2.45588E-5 3.23623E-5 4.46716E-5 5.78705E-5 5.16334E-5 5.42985E-5 5.11178E-5 3.87257E-5 4.49436E-5 4.98547E-5 4.23761E-5 5.00928E-5 5.35958E-5 4.33764E-5 4.09715E-5 3.80773E-5 3.93313E-5 3.67278E-5 3.31268E-5 3.9773E-5 4.5343E-5 4.7283E-5 5.70175E-5 6.57748E-5 5.69436E-5 7.87714E-5 8.67409E-5 5.96861E-5 5.9615E-5 6.33924E-5 7.98253E-5 7.10259E-5 5.43824E-5 6.74269E-5 9.02391E-5 7.80102E-5 6.31908E-5 8.76635E-5 8.79904E-5 7.15604E-5 1.04436E-4 1.02256E-4 8.553E-5 1.08223E-4 1.22208E-4 9.35102E-5 8.83108E-5 1.13069E-4 1.0285E-4 9.03564E-5 1.03964E-4 1.08706E-4 1.0861E-4 1.08003E-4 1.00697E-4 1.01732E-4
