catData/rasterBestHybridModels/Pbengalensis/RD_RM1.5_L/Pbengalensis_avg.asc
ncols         409
nrows         350
xllcorner     60.897278365
yllcorner     5.843756025
cellsize      0.0892857
NODATA_value  -9999
[rows 174 to 202 of 350, columns 198 to 263 of 409]
1.55274E-5 7.37759E-6 6.71685E-6 1.16113E-5 2.87045E-5 4.13141E-5 2.99374E-5 1.24706E-5 7.46822E-6 4.21646E-6 3.8507E-6 4.63254E-6 1.04316E-5 7.25022E-6 9.12323E-6 2.59406E-6 1.46496E-5 4.32735E-5 4.64281E-5 4.21522E-5 3.39374E-5 2.21226E-5 4.29021E-6 2.08818E-5 3.84464E-5 3.49355E-5 3.40762E-6 4.0334E-6 1.51013E-5 3.71746E-7 9.78025E-7 4.48717E-6 7.66369E-6 1.99821E-5 2.08681E-5 6.67416E-6 3.55352E-7 1.10192E-6 7.81403E-6 3.26189E-5 3.32348E-5 2.93311E-5 4.42673E-6 1.61033E-5 1.86271E-5 1.26796E-5 2.92513E-6 2.91427E-6 1.59016E-5 2.0812E-5 3.58639E-5 1.52464E-5 2.84327E-5 2.16504E-5 2.3585E-5 2.57967E-5 3.76622E-6 1.0674E-5 3.6802E-5 2.62795E-5 4.57523E-5 5.08579E-5 4.15597E-5 4.17454E-5 3.18885E-5 9.26394E-6
2.79065E-5 2.00871E-5 1.1832E-5 3.08031E-5 3.70794E-5 2.19202E-5 4.28392E-5 3.05334E-5 2.30169E-5 1.61573E-5 9.86152E-6 1.7947E-5 2.06093E-5 6.89421E-6 5.01526E-6 1.79317E-5 3.23399E-5 3.54424E-5 3.56022E-5 4.08863E-5 3.36362E-5 2.46536E-5 1.88413E-5 3.41948E-5 2.73886E-5 1.4301E-5 1.15551E-5 5.56469E-6 2.46586E-6 1.84412E-6 6.55874E-6 1.5445E-5 1.16056E-5 3.21949E-5 1.26729E-5 2.05824E-5 2.63484E-6 1.61045E-7 1.42973E-5 2.44514E-5 1.84391E-5 1.62773E-6 3.27297E-6 2.48204E-5 4.41842E-5 2.08974E-5 1.20491E-5 7.06636E-6 1.83901E-5 2.78632E-5 9.59207E-6 1.90383E-5 1.02125E-5 2.21186E-5 2.95093E-5 3.9732E-5 5.01547E-5 4.8595E-5 6.75305E-5 4.19789E-5 6.68936E-5 2.77874E-5 3.31444E-5 6.25019E-6 5.3225E-5 6.19398E-5
1.42411E-5 3.51871E-6 8.03007E-6 3.43262E-5 4.33238E-5 4.80858E-5 4.12865E-5 4.7106E-5 4.81283E-5 4.07196E-5 3.10527E-5 3.65043E-5 4.50547E-5 8.17888E-6 3.48165E-5 2.19273E-5 1.59368E-5 2.48099E-5 3.28371E-5 2.16453E-5 2.5153E-5 1.86853E-5 1.0427E-5 3.4257E-5 4.19642E-5 2.25649E-5 1.24335E-5 1.39029E-5 6.53194E-6 5.28938E-7 2.17541E-5 8.86162E-6 4.31232E-5 4.77131E-5 1.70885E-5 3.1165E-5 2.04014E-5 2.73346E-5 3.60523E-5 3.04666E-5 3.42579E-6 9.43117E-6 1.44615E-5 9.43027E-6 2.18704E-5 3.81782E-5 2.9935E-5 4.82381E-5 3.51718E-5 4.43882E-5 1.35148E-5 1.78333E-5 2.41561E-5 2.38015E-5 3.30385E-5 4.83464E-5 7.82692E-5 7.45124E-5 5.81056E-5 5.24433E-5 4.60861E-5 9.89716E-6 3.29528E-6 2.58625E-5 1.30469E-5 8.92756E-6
1.24515E-5 2.36105E-5 1.438E-5 5.09957E-5 4.60232E-6 1.35057E-5 6.21096E-6 1.55611E-5 3.70771E-5 3.19082E-5 3.46537E-5 4.21264E-5 2.31613E-5 2.18773E-5 2.01513E-5 2.47477E-5 3.06738E-5 1.46301E-5 5.01144E-6 5.8281E-6 1.29163E-5 9.17811E-7 2.06156E-6 3.11472E-5 2.5158E-5 4.24556E-6 2.7238E-5 7.86818E-6 1.69881E-5 1.30277E-5 5.43826E-5 4.08516E-5 3.28858E-5 4.24254E-6 2.04621E-5 1.76784E-5 9.23565E-6 4.99804E-5 4.91896E-5 3.72884E-5 2.17706E-5 1.84534E-5 2.15102E-5 2.36011E-5 2.46944E-5 3.726E-5 2.69951E-5 4.50221E-5 2.00956E-5 2.11594E-5 3.92729E-5 2.67426E-5 2.38921E-5 2.64024E-5 3.6722E-5 5.1696E-5 7.31314E-5 6.38217E-5 5.06653E-5 2.07454E-5 4.46267E-5 1.03991E-5 1.53309E-5 5.33751E-5 3.35716E-5 1.86483E-5
2.14169E-5 4.45698E-6 3.45026E-6 9.12061E-6 1.14309E-5 6.03626E-5 4.50774E-5 4.41469E-5 3.0139E-5 2.75747E-5 3.64477E-5 4.82541E-5 2.3837E-5 6.4604E-6 2.80065E-6 6.54658E-6 1.15445E-5 2.19503E-5 4.11879E-6 6.5224E-6 3.14972E-6 3.18667E-6 4.2038E-6 2.88004E-5 3.29848E-5 3.9869E-5 4.37316E-5 3.91438E-5 1.91557E-5 1.69722E-5 1.34602E-5 8.85036E-6 4.8185E-5 4.5038E-5 5.49087E-5 2.52776E-5 2.90141E-5 5.10417E-5 4.94351E-5 5.18391E-5 2.79132E-5 3.33766E-5 3.50524E-5 3.95897E-5 2.96528E-5 2.51421E-5 1.85826E-5 2.35193E-5 7.95843E-6 8.89644E-6 3.14089E-5 2.93055E-5 2.38596E-5 2.66109E-5 3.71052E-5 5.24356E-5 7.46284E-5 6.38524E-5 5.7834E-5 4.77914E-5 9.04754E-5 1.28165E-5 7.70702E-6 4.94125E-5 4.96855E-5 1.90078E-5
7.85719E-6 9.24655E-6 5.77509E-6 6.24554E-6 7.03081E-6 1.117E-5 1.62166E-5 3.24489E-5 1.38537E-5 9.26308E-6 1.17945E-5 2.16132E-5 9.82046E-6 1.86871E-5 1.43671E-5 5.21016E-6 1.55993E-5 6.50572E-6 1.8924E-6 2.64746E-6 1.63815E-5 5.82478E-6 1.23245E-5 3.43545E-5 3.63011E-5 3.70833E-5 5.1743E-5 3.91926E-5 4.37586E-5 2.80514E-5 4.00261E-5 3.78119E-5 5.01847E-5 5.51339E-5 4.78262E-5 3.39694E-5 3.69101E-5 3.90507E-5 4.67082E-5 5.17386E-5 4.38515E-5 1.07374E-5 8.86684E-6 1.24868E-5 1.24566E-5 2.29554E-5 5.26942E-6 1.73734E-5 3.12911E-5 2.4807E-5 3.64388E-5 2.74941E-5 2.82617E-5 2.37514E-5 3.24192E-5 4.4453E-5 5.4856E-5 5.98449E-5 4.56597E-5 1.96073E-5 3.09056E-5 1.39895E-5 2.1819E-5 1.93554E-5 2.07105E-5 2.0263E-5
2.41398E-5 1.08046E-5 2.09617E-5 5.97591E-6 3.04356E-7 4.40454E-7 4.21004E-7 1.20914E-6 2.28526E-5 2.42209E-5 1.96777E-5 1.63679E-5 1.22094E-5 4.80331E-6 1.1917E-5 1.31899E-5 2.92292E-6 3.0152E-6 1.12028E-5 3.74079E-6 4.04668E-6 1.17652E-5 1.2031E-5 3.20323E-5 4.29959E-5 1.0701E-5 3.26538E-5 3.92428E-5 1.99484E-5 1.41015E-5 2.96199E-5 3.63567E-5 4.74622E-5 5.25919E-5 4.36123E-5 4.02074E-5 3.61884E-5 3.25245E-5 3.81868E-5 1.61634E-5 7.20598E-6 5.3265E-6 9.10351E-7 2.92669E-5 2.70975E-6 7.43835E-6 1.56569E-6 2.62855E-5 7.83821E-6 2.01936E-5 5.38225E-5 4.03986E-5 3.00681E-5 2.27872E-5 2.11601E-5 2.92037E-5 3.17752E-5 5.04677E-5 4.85869E-5 1.49716E-5 1.46256E-5 2.49944E-5 1.43206E-5 2.51714E-5 9.54131E-6 2.01971E-5
3.93958E-6 8.20789E-6 2.69098E-5 1.44253E-6 7.63055E-7 4.11386E-6 6.03172E-7 2.57453E-6 3.68439E-5 1.51421E-5 1.45183E-5 1.49739E-5 3.42172E-5 2.78626E-5 2.59453E-5 4.75811E-6 1.50788E-5 3.63533E-6 1.93065E-6 2.51466E-6 5.47027E-6 1.60885E-5 2.31484E-5 3.76677E-5 3.95017E-5 2.142E-5 3.30104E-6 1.7727E-5 3.25616E-5 2.29879E-5 3.30568E-5 3.10837E-5 3.84115E-5 4.14064E-5 5.15936E-5 5.68885E-5 4.65415E-5 3.54242E-5 2.18552E-5 2.24421E-5 1.03521E-5 7.76179E-7 9.28617E-7 3.46161E-6 8.93243E-6 7.79749E-6 1.70783E-5 2.52234E-5 2.72076E-5 7.35214E-6 5.50245E-6 4.69388E-6 1.22502E-5 2.34508E-5 2.27753E-5 3.10441E-5 2.29849E-5 3.13445E-5 4.16086E-5 4.71992E-5 5.1388E-5 3.9462E-5 3.48976E-5 3.65442E-5 1.04926E-5 1.94063E-5
1.76025E-5 1.45275E-5 2.89967E-5 3.59836E-7 3.22168E-6 3.76105E-6 1.449E-5 5.43903E-6 3.26519E-6 4.01101E-5 2.16823E-5 1.43959E-5 2.12434E-5 4.00985E-5 8.49382E-6 1.90306E-6 5.19607E-6 1.11402E-5 1.03063E-5 9.51638E-6 1.4263E-6 8.79261E-6 2.66514E-5 3.56206E-5 3.08585E-5 1.33945E-5 2.24529E-5 1.05163E-5 1.60443E-5 5.47259E-5 4.60517E-5 3.55157E-5 4.6818E-5 5.32818E-5 5.74229E-5 6.41166E-5 4.85118E-5 3.44575E-5 9.63286E-6 1.47017E-5 2.05251E-6 2.71827E-6 4.67309E-6 5.27692E-6 5.31399E-6 1.09447E-5 1.12529E-5 4.0367E-6 8.60313E-6 2.52713E-5 1.16533E-5 3.13761E-5 2.66048E-5 2.21419E-5 3.57679E-5 3.62406E-5 4.59705E-5 4.78889E-5 3.67933E-5 5.55571E-5 5.21915E-5 3.44845E-5 2.95478E-5 5.48512E-5 5.58022E-5 3.12592E-5
8.18425E-6 2.49075E-5 3.25661E-5 1.81887E-6 1.39022E-7 4.63821E-8 4.69494E-6 2.65036E-5 1.84541E-5 9.59485E-6 3.33469E-5 4.50347E-6 7.92803E-6 1.57119E-5 6.92819E-6 1.71302E-5 7.4029E-6 1.51403E-6 4.90658E-6 1.75531E-6 1.07654E-5 1.20915E-5 1.52171E-5 7.11463E-6 2.63923E-5 1.93574E-5 1.07427E-5 9.89857E-6 1.43081E-5 5.90874E-5 1.3099E-5 2.88597E-5 5.61374E-5 7.11743E-5 5.21507E-5 3.68429E-5 2.59204E-5 1.14738E-5 1.68683E-5 3.65945E-5 4.33655E-6 1.23993E-6 5.74765E-7 7.53058E-6 6.8478E-6 1.25568E-5 5.75918E-6 2.65504E-6 1.21378E-5 2.80034E-5 3.79425E-5 5.172E-5 3.94512E-5 3.96575E-5 1.4852E-5 5.34059E-5 3.78086E-5 5.42798E-5 2.75362E-5 2.00986E-5 1.30586E-5 4.35785E-6 1.5366E-6 5.92733E-6 6.26841E-5 5.31099E-5
1.3179E-9 8.30855E-8 1.24211E-7 4.53053E-7 1.87362E-9 6.61173E-8 7.12862E-7 5.57199E-6 1.02128E-5 9.61002E-6 3.27387E-6 3.18087E-6 2.97321E-5 2.60752E-5 1.67414E-5 9.15592E-6 1.28341E-5 8.09206E-6 7.7633E-6 1.24057E-5 2.041E-5 2.64785E-5 1.7455E-5 6.56137E-6 8.7099E-6 2.40746E-5 2.57155E-6 7.64997E-6 3.41574E-5 4.67131E-5 3.30942E-5 2.54391E-5 4.47722E-5 5.18223E-5 2.21576E-5 3.00419E-5 2.95275E-5 4.10697E-5 4.22857E-5 5.94073E-5 4.48428E-5 3.23624E-5 1.4543E-5 1.70824E-5 1.74049E-5 1.3448E-5 2.2505E-5 9.09925E-6 3.06386E-5 3.46522E-5 4.26867E-5 5.50328E-6 3.66132E-5 2.38151E-5 1.05437E-6 1.93415E-5 3.0738E-5 2.73102E-5 1.26945E-5 2.00194E-5 1.00773E-5 2.73064E-5 7.59204E-5 8.59351E-5 8.68242E-5 4.3259E-5
4.08018E-10 1.7815E-8 1.96146E-8 3.05199E-7 6.38435E-8 4.96039E-8 1.34664E-7 2.14389E-6 7.71005E-6 2.16671E-6 2.50747E-6 4.77321E-6 1.264E-5 7.4795E-6 4.20197E-6 3.26024E-7 9.35023E-6 8.35679E-6 9.65996E-6 9.41193E-6 1.2901E-5 2.25749E-5 2.54675E-5 2.05347E-5 1.74394E-5 1.38998E-6 1.85278E-7 7.55297E-6 5.97858E-7 3.35243E-5 2.64734E-5 1.92575E-5 3.20405E-5 2.3149E-5 4.27328E-5 4.01916E-5 2.39006E-5 4.07919E-5 4.98121E-5 5.02118E-5 4.15839E-5 3.23932E-5 2.7522E-5 7.8281E-6 1.12991E-5 2.99772E-6 2.3636E-5 4.08486E-5 2.68653E-5 4.30371E-5 1.44906E-5 2.80219E-6 4.30411E-6 1.48951E-6 3.41417E-5 2.5723E-5 2.02644E-5 2.38513E-6 1.39505E-5 3.28949E-5 3.89826E-5 8.95061E-5 1.45132E-4 3.49133E-4 1.53342E-4 1.20309E-4
1.16776E-9 3.16777E-9 9.84042E-10 2.39203E-8 1.7825E-8 1.0077E-7 2.83559E-7 6.99368E-6 8.73785E-6 3.34871E-6 2.70351E-7 7.24213E-6 1.48738E-5 1.61772E-5 1.02893E-5 6.44331E-7 3.70438E-6 4.0665E-6 4.48842E-6 7.81949E-6 1.19166E-5 1.80217E-5 2.02384E-5 1.57498E-5 3.23158E-6 1.7613E-6 8.91688E-6 5.1333E-6 1.90961E-6 9.15248E-6 2.39267E-5 5.36654E-6 7.49969E-6 3.02525E-5 3.78534E-5 4.61561E-5 3.67876E-5 3.46577E-5 3.93497E-5 1.8982E-5 3.53891E-5 3.12252E-5 1.94102E-5 2.65609E-5 3.11445E-5 7.71887E-6 2.66671E-5 2.09299E-5 5.99899E-6 2.62605E-6 3.3882E-6 4.12624E-6 1.10408E-5 3.87079E-6 9.23189E-6 1.46647E-5 6.98828E-6 1.42586E-5 3.41423E-5 5.18247E-5 2.90097E-5 7.16275E-5 9.45098E-5 1.00171E-4 6.39399E-5 9.44284E-5
1.53477E-10 8.05768E-10 1.542E-8 8.38816E-9 3.40743E-8 2.26923E-7 1.18699E-6 5.74569E-6 1.64258E-5 1.46429E-5 7.07608E-6 1.3286E-6 1.06637E-5 2.16932E-5 1.83777E-5 3.11444E-6 9.36881E-6 8.52606E-6 8.18907E-6 8.68366E-6 1.0972E-5 1.31898E-5 1.50198E-5 6.47189E-6 4.17602E-6 7.10682E-6 2.194E-6 1.18498E-5 9.4651E-6 9.49791E-6 1.61907E-5 6.6979E-6 2.0881E-6 2.47705E-6 6.45747E-6 3.0773E-5 2.87797E-5 2.71679E-5 3.03315E-5 3.13437E-5 2.56872E-5 1.60018E-5 2.22442E-5 2.41957E-5 3.09648E-5 5.8877E-6 4.55746E-6 1.09349E-5 1.27427E-5 5.33964E-6 4.33438E-6 2.24184E-6 2.71913E-6 5.14172E-6 9.21072E-6 3.894E-6 1.46127E-5 1.79654E-6 2.39786E-5 1.1978E-4 6.31068E-5 7.3392E-5 9.38095E-5 9.03317E-5 9.52512E-5 1.09448E-4
5.91174E-9 2.33656E-10 7.62887E-10 2.02633E-9 5.0916E-7 3.70635E-7 3.90293E-8 4.43381E-7 6.1343E-6 2.41588E-5 2.2613E-5 1.60683E-5 3.01026E-5 2.50158E-5 1.72267E-5 2.90447E-6 6.17363E-6 6.55926E-6 7.95446E-6 7.54476E-6 8.70649E-6 9.89506E-6 1.11102E-5 1.00641E-5 1.14652E-5 1.133E-5 8.5463E-6 2.09134E-6 2.03821E-5 1.64428E-5 1.38654E-5 1.76303E-5 1.16294E-5 7.03372E-7 1.1728E-6 1.48818E-5 3.21582E-6 2.13987E-5 2.37149E-5 2.47832E-5 1.97754E-5 1.46978E-5 2.60101E-5 1.88636E-5 1.92772E-5 1.01211E-5 5.13385E-6 4.66035E-7 2.37946E-5 3.55016E-5 2.67156E-5 1.55257E-5 3.09514E-6 1.89394E-6 1.9553E-5 6.10995E-6 1.13119E-4 1.32787E-4 3.19424E-5 4.02191E-5 5.36835E-5 8.34265E-5 6.22684E-5 6.46392E-5 9.68689E-5 1.17373E-4
9.86104E-9 7.6628E-9 9.99454E-9 1.30647E-9 5.5498E-8 2.83725E-8 1.24406E-8 8.44627E-7 1.50677E-5 3.21281E-5 3.27641E-5 3.82694E-5 4.03035E-5 3.57933E-5 1.01343E-5 1.91205E-7 3.95935E-6 9.55671E-6 8.74824E-6 8.49416E-6 6.97E-6 7.4042E-6 5.4049E-6 6.65613E-6 8.69633E-6 8.87691E-6 1.13846E-5 1.47815E-5 1.93978E-5 3.71271E-5 3.05232E-5 4.76889E-5 5.14646E-5 3.12535E-5 3.70678E-5 3.29238E-5 2.60176E-5 2.39759E-5 1.99039E-5 1.97926E-5 1.75741E-5 1.72037E-5 1.22593E-5 1.70034E-5 8.24886E-6 2.57952E-6 1.17163E-5 7.63444E-6 6.05525E-6 2.73089E-5 2.5202E-5 1.49426E-5 1.56589E-5 2.36109E-5 2.78507E-5 2.33105E-5 8.59144E-5 2.15755E-4 5.72756E-5 2.73301E-5 4.27271E-5 7.19004E-5 9.32296E-5 9.5632E-5 1.36045E-4 2.18049E-4
1.82059E-9 1.04708E-8 1.30428E-6 2.93808E-8 2.75106E-9 1.6911E-7 6.59188E-8 1.18675E-5 3.48367E-5 2.18933E-5 3.08368E-5 4.57543E-5 6.66699E-6 3.03846E-5 1.47233E-5 1.10979E-6 1.31585E-5 1.35639E-5 9.26135E-6 9.10535E-6 6.70312E-6 4.82738E-6 5.27701E-6 3.57853E-6 4.84163E-6 1.31026E-5 1.08268E-5 1.35653E-5 1.74921E-5 2.96347E-5 3.10125E-5 1.49383E-5 2.75945E-5 3.70987E-5 1.62066E-5 2.26781E-6 6.94885E-6 1.48048E-5 1.9036E-5 2.01383E-5 2.06346E-5 1.90202E-5 8.59027E-6 1.14299E-5 8.97193E-7 2.52695E-7 1.9271E-7 7.95844E-7 2.86902E-6 4.19492E-6 1.48009E-5 2.36164E-5 3.22501E-5 2.75021E-5 5.70424E-6 6.73961E-6 3.75475E-5 3.9853E-5 2.98625E-5 3.29426E-5 3.8303E-5 2.11935E-4 1.69338E-4 1.1044E-4 2.12944E-4 3.09119E-4
2.74884E-9 2.38895E-8 1.09002E-7 5.206E-8 1.00706E-6 1.1912E-7 2.56539E-7 1.52224E-6 4.60002E-5 2.00173E-5 1.2031E-5 3.50016E-5 2.12199E-5 6.85023E-6 4.6797E-6 2.39623E-6 9.4486E-6 1.36161E-5 1.10791E-5 8.8731E-6 7.59545E-6 6.36767E-6 5.23692E-6 3.99559E-6 5.65708E-6 9.94316E-6 9.85623E-6 1.24077E-5 2.30121E-5 2.4634E-5 3.88561E-5 1.15161E-5 2.13922E-5 1.1821E-5 1.90457E-6 8.29128E-6 2.90216E-6 3.87165E-7 8.48787E-6 2.69101E-5 2.71097E-5 2.56684E-5 1.28847E-6 1.52979E-6 1.02049E-7 9.13884E-8 8.88237E-6 1.33751E-7 1.12064E-6 4.72837E-6 1.58215E-5 2.25873E-5 1.58059E-5 2.69872E-6 3.35192E-6 3.94594E-5 1.74299E-4 1.95943E-5 3.76577E-5 5.59181E-5 4.9949E-5 1.07895E-4 3.32216E-4 2.90266E-4 4.3682E-4 1.1155E-4
1.23823E-8 7.38443E-10 5.32021E-8 1.97874E-7 8.46016E-9 6.42316E-8 3.29638E-7 1.24832E-7 1.75669E-5 4.30373E-5 6.21544E-6 1.30662E-6 1.94068E-7 5.72325E-7 1.38566E-5 1.76386E-5 1.00702E-5 1.29164E-5 1.21289E-5 1.12922E-5 9.77599E-6 6.99205E-6 6.49953E-6 4.69993E-6 1.02535E-5 1.34986E-5 1.29515E-5 1.71269E-5 2.89386E-5 2.51209E-5 4.15973E-5 2.12089E-5 1.06633E-5 6.87904E-6 2.47704E-6 5.48938E-6 1.54767E-5 9.66091E-6 9.04633E-8 2.26115E-7 1.71607E-5 2.85909E-5 1.27322E-7 1.41504E-7 2.71593E-7 9.02893E-8 9.26131E-9 4.68271E-8 1.28045E-6 8.87334E-7 2.00854E-6 1.65985E-5 5.66476E-6 4.32714E-5 1.14638E-5 9.44026E-5 1.46227E-4 9.70652E-5 7.29789E-5 8.04935E-5 2.41418E-4 9.03582E-5 2.1106E-4 2.17091E-4 1.66505E-4 1.54544E-4
9.17471E-8 4.49452E-7 3.62635E-8 4.14134E-8 5.155E-8 1.32868E-7 9.55031E-8 6.36272E-8 4.12906E-6 3.79287E-6 4.99484E-6 8.51455E-7 1.38358E-7 4.20488E-7 3.59969E-6 1.46697E-5 5.10955E-6 1.40023E-5 1.58079E-5 1.43888E-5 1.2207E-5 9.9898E-6 6.06484E-6 8.51401E-6 1.53642E-5 8.38285E-6 3.63929E-5 3.13063E-5 5.60588E-5 3.43062E-5 3.15657E-5 2.76782E-5 2.46729E-5 4.28218E-6 2.68031E-6 2.26769E-5 2.04848E-5 3.37182E-5 2.45175E-6 6.73551E-7 4.87799E-5 2.11719E-5 2.66619E-5 3.088E-7 4.09187E-8 3.35315E-9 1.67102E-8 2.19193E-5 9.15682E-6 1.36352E-6 4.86707E-6 8.83571E-6 2.57386E-4 3.85087E-5 2.33773E-5 7.0268E-5 2.7136E-4 9.31902E-5 1.18811E-4 1.54768E-4 3.49264E-4 3.62989E-4 4.95706E-4 4.45168E-4 1.30108E-4 1.19187E-4
1.75091E-7 4.62765E-7 2.65208E-7 3.00901E-8 1.139E-7 3.05077E-6 8.84596E-7 2.23686E-7 2.1862E-7 2.1639E-6 2.93759E-6 7.41553E-6 1.56389E-8 5.32675E-7 1.00687E-5 2.80146E-6 1.0759E-5 1.39188E-5 1.98015E-5 1.75815E-5 1.50859E-5 1.86617E-5 1.0879E-5 1.82075E-5 8.49861E-6 1.6628E-5 7.87839E-5 3.66869E-5 2.45569E-5 3.63562E-6 1.30498E-5 3.18049E-5 4.17142E-5 3.55593E-5 2.56301E-6 6.89852E-6 1.06042E-5 3.21302E-5 2.32727E-5 5.04139E-8 7.0545E-6 9.98563E-6 2.09761E-6 3.08476E-5 1.81698E-5 8.98565E-9 6.23818E-10 9.90532E-6 5.82271E-6 1.3254E-5 6.77989E-5 1.71742E-4 7.43128E-5 5.03816E-5 3.12669E-5 1.54054E-5 8.21793E-5 5.32937E-5 1.74944E-4 2.54395E-4 4.2363E-4 5.97268E-4 4.89213E-4 2.25059E-4 1.2467E-4 9.94442E-5
6.86189E-7 1.72696E-6 2.20968E-6 7.15521E-7 3.817E-8 1.54415E-6 2.3177E-6 1.22125E-7 2.7044E-7 2.08067E-7 9.61748E-7 8.17079E-6 1.74298E-7 3.16651E-7 1.55154E-5 4.90883E-6 3.54724E-6 2.95937E-5 9.13598E-6 2.3724E-5 3.88828E-5 1.48199E-5 1.48177E-5 1.54951E-5 3.51527E-5 5.86663E-5 3.45796E-5 2.58956E-5 2.86599E-5 2.24299E-5 2.51548E-5 3.72004E-5 4.1473E-5 4.98245E-5 3.63099E-6 4.65529E-6 5.11466E-5 4.74984E-5 5.8147E-5 2.17907E-6 3.8566E-7 3.1714E-6 1.6841E-7 5.34386E-6 3.96937E-6 1.22969E-7 5.17344E-9 7.64145E-6 1.07642E-5 5.76721E-5 6.90448E-5 6.09989E-5 1.28672E-5 1.58863E-4 1.05265E-4 1.14953E-5 2.21511E-5 7.43927E-5 1.46745E-4 1.96092E-4 3.58823E-4 3.12283E-4 4.37386E-4 4.50301E-4 8.16691E-5 9.44248E-5
3.14496E-7 1.90215E-7 3.09293E-8 3.68218E-8 2.49912E-7 2.78297E-8 6.29135E-7 1.89952E-6 3.15516E-6 1.06889E-5 3.94945E-7 1.58151E-5 5.17336E-7 1.68017E-6 1.13755E-6 8.93269E-7 2.47982E-6 3.40149E-5 1.03031E-5 1.21374E-6 2.59266E-5 3.52374E-5 1.96861E-5 2.30507E-5 4.68088E-5 4.81458E-5 3.27137E-5 2.29569E-5 2.06931E-5 3.35808E-5 6.26901E-5 2.86815E-5 5.00804E-5 5.96091E-5 1.61859E-5 1.05431E-5 2.53709E-5 4.82742E-5 5.39668E-5 6.32517E-5 1.22026E-5 2.02131E-5 7.45546E-6 4.63271E-6 2.06295E-5 1.54214E-6 9.03437E-9 2.45277E-5 3.80937E-5 7.10617E-6 3.76308E-5 5.16653E-5 3.32678E-5 1.17386E-4 1.76944E-4 3.13931E-5 3.3626E-5 8.98622E-5 1.09724E-4 1.20801E-4 6.43194E-4 4.93015E-4 2.72406E-4 4.09508E-4 2.13152E-4 5.13067E-4
1.50873E-8 3.71586E-9 7.36359E-9 1.44341E-8 2.31936E-7 1.90431E-7 2.19289E-6 1.62661E-7 2.60559E-7 1.45171E-5 9.08993E-6 9.11605E-7 1.80949E-7 1.44697E-6 2.58192E-6 1.14484E-6 2.29715E-6 2.36219E-5 3.74301E-5 1.33693E-5 2.21352E-5 3.9361E-5 1.4122E-5 1.51302E-5 2.2035E-5 1.87099E-5 4.01331E-5 4.03233E-5 4.55653E-5 4.7122E-5 6.60711E-5 3.42814E-5 4.08413E-5 5.79438E-5 1.74688E-5 1.82073E-6 6.3116E-6 8.85115E-6 7.39267E-6 4.84666E-5 1.62898E-5 1.16844E-5 1.6711E-6 3.45561E-6 9.21697E-6 5.19396E-6 8.09116E-7 1.29871E-5 2.31372E-5 5.01002E-6 2.38083E-5 3.1828E-5 2.32829E-5 2.41432E-5 8.14691E-5 7.73908E-5 1.84629E-4 4.69305E-4 3.00045E-4 8.93385E-4 9.00255E-4 2.98883E-4 6.91493E-5 2.13046E-4 1.17686E-4 1.61689E-4
3.59446E-7 9.93233E-7 8.41827E-7 9.81098E-9 1.85136E-8 1.47337E-5 1.68196E-5 3.13706E-6 2.89133E-6 6.763E-6 4.33234E-6 1.46845E-6 1.66322E-6 4.4643E-7 1.17238E-6 2.21918E-6 4.44077E-6 3.45683E-5 3.66679E-5 1.16164E-5 2.16468E-5 1.70079E-5 1.1699E-5 1.24204E-5 2.05817E-5 2.28683E-5 3.57744E-5 5.80992E-5 5.74641E-5 4.75063E-5 5.94023E-5 3.99558E-5 3.92264E-5 4.4974E-5 2.52467E-5 1.9137E-6 1.33309E-5 9.82337E-6 1.19632E-5 6.79079E-6 2.95159E-6 2.53462E-6 5.09304E-7 4.99478E-6 2.92101E-6 3.85364E-6 4.67137E-6 1.8707E-5 1.37366E-5 1.46561E-5 1.96615E-5 2.10977E-5 2.27804E-5 8.1936E-6 3.74907E-5 7.86057E-5 2.21467E-4 5.78176E-4 1.03872E-4 7.30453E-4 7.7809E-4 4.81581E-4 1.78978E-4 9.38693E-5 2.14207E-4 9.58212E-5
9.59994E-6 1.35907E-5 1.29255E-5 7.18902E-6 1.3284E-8 1.07425E-5 1.05941E-5 3.77045E-6 4.59484E-6 1.15993E-6 8.61942E-7 9.14849E-6 1.40507E-6 1.49569E-6 5.6588E-6 6.77774E-7 4.30822E-7 1.66654E-6 2.55752E-5 1.84704E-5 1.26559E-5 1.60067E-5 1.51292E-5 1.14286E-5 3.81931E-5 4.30845E-5 6.43906E-5 4.46739E-5 5.79318E-5 1.38822E-4 1.3506E-4 4.18482E-5 3.06648E-5 1.7747E-5 1.15087E-5 1.78935E-6 1.00701E-5 7.90663E-7 3.57283E-6 1.467E-5 1.44559E-5 1.31886E-5 6.56654E-7 7.1496E-6 5.82514E-6 8.39142E-6 9.73817E-6 3.51377E-5 2.58634E-5 2.91633E-5 1.24119E-5 2.19185E-5 3.7679E-5 3.57329E-5 3.29029E-5 6.56205E-5 1.27437E-4 4.84723E-4 8.0948E-5 9.48325E-5 1.68161E-4 1.5801E-4 8.26999E-5 7.17943E-5 2.13867E-4 1.4747E-4
4.13951E-6 3.69247E-6 1.4644E-5 1.55142E-5 1.46161E-5 2.52019E-5 2.83971E-5 1.46731E-6 2.77966E-6 8.06509E-7 2.54091E-8 2.78734E-8 3.33189E-8 1.24549E-6 2.03206E-6 1.14471E-6 8.11768E-6 1.12661E-5 1.34503E-5 1.35549E-5 9.65452E-6 1.39626E-5 1.24948E-5 9.87016E-6 1.07252E-5 5.27858E-5 5.40591E-5 8.0604E-5 7.68322E-5 2.04352E-4 2.4631E-5 6.91387E-5 4.22252E-5 2.56184E-6 9.93559E-7 7.5909E-6 8.96784E-6 2.01826E-5 2.81302E-5 1.40698E-5 3.19322E-5 7.16975E-6 1.22276E-5 3.8477E-5 1.35993E-5 4.42184E-6 8.13659E-6 3.1082E-5 4.46822E-5 1.06865E-5 4.74617E-6 2.76633E-5 4.26426E-5 4.14612E-5 3.25651E-5 6.815E-5 7.01423E-5 8.26809E-5 5.08247E-5 4.39495E-5 1.18856E-4 1.06769E-4 3.08738E-4 1.05488E-4 3.01585E-4 1.37502E-4
1.35926E-5 1.27858E-5 1.63459E-5 2.05009E-5 1.73749E-5 2.3755E-5 2.35228E-5 3.02916E-6 7.20016E-7 6.06976E-7 4.39981E-7 3.06625E-8 2.53749E-7 5.61295E-7 2.15649E-6 5.81594E-6 2.9745E-6 5.68691E-7 1.40432E-6 3.81144E-6 1.46973E-5 1.19708E-5 2.12396E-5 1.49408E-5 1.088E-5 9.84173E-6 1.75176E-5 7.0722E-6 2.2831E-6 2.31059E-5 4.34654E-5 4.28433E-5 5.61218E-5 1.65414E-5 2.09101E-6 4.91762E-6 2.58594E-6 1.60118E-5 2.81494E-6 2.00491E-5 1.27881E-5 3.41681E-5 1.9303E-6 1.29211E-6 4.73129E-6 3.29248E-6 5.16222E-6 6.60388E-5 4.01073E-5 2.98467E-5 1.08652E-5 3.73164E-5 4.31763E-5 8.26914E-5 3.95465E-5 5.82689E-5 8.52989E-5 3.47792E-5 3.21373E-5 5.79219E-5 1.01721E-4 9.076E-5 2.84591E-4 1.95577E-4 5.0354E-4 4.00922E-4
1.95082E-5 2.29689E-5 9.33097E-6 1.05609E-5 2.73699E-5 1.64423E-5 2.28363E-5 3.69134E-5 5.24429E-6 1.72255E-7 3.64642E-8 1.00559E-7 2.71296E-7 4.3712E-7 1.09646E-7 1.56204E-6 8.50007E-7 1.581E-5 3.43943E-6 2.22533E-6 1.60934E-5 1.0116E-5 1.29563E-5 8.29263E-6 1.69597E-5 6.61416E-6 2.54819E-6 2.02053E-6 1.83483E-5 4.94084E-5 5.94848E-5 7.08656E-5 4.13456E-5 2.20218E-5 1.72741E-5 1.95491E-6 3.87396E-6 7.32474E-6 8.03464E-7 4.66753E-5 7.74776E-5 2.03337E-5 4.71819E-6 1.13882E-6 1.1461E-5 3.38875E-6 7.5593E-5 6.21882E-5 2.51894E-5 4.53747E-5 3.92852E-5 6.4382E-5 7.7377E-5 8.6799E-5 7.35526E-5 6.84498E-5 8.7012E-5 9.73634E-5 8.02573E-5 1.12883E-4 1.13459E-4 9.62531E-5 1.42728E-4 1.56084E-4 1.0361E-3 6.4768E-4
