catData/rasterBestHybridModels/Pbengalensis/RD_RM1.5_L/Pbengalensis_max.asc
ncols         409
nrows         350
xllcorner     60.897278365
yllcorner     5.843756025
cellsize      0.0892857
NODATA_value  -9999
[rows 87 to 115 of 350, columns 66 to 131 of 409]
3.62723E-5 2.86885E-5 1.9765E-5 1.11643E-5 1.47457E-5 2.5489E-5 2.25091E-5 1.65011E-5 1.56563E-5 1.55664E-5 1.51221E-5 1.31707E-5 1.23194E-5 1.10749E-5 1.01235E-5 8.82593E-6 8.21399E-6 7.88039E-6 7.81583E-6 8.24716E-6 1.16775E-5 1.58122E-5 1.77577E-5 1.82121E-5 2.23008E-5 2.69709E-5 2.92694E-5 2.63512E-5 2.00933E-5 1.67921E-5 1.32007E-5 1.09284E-5 9.26898E-6 1.03309E-5 1.09951E-5 1.2573E-5 1.32584E-5 1.60951E-5 2.04651E-5 2.35826E-5 2.92009E-5 2.59454E-5 2.39785E-5 3.23228E-5 3.7271E-5 4.53741E-5 4.70401E-5 4.05017E-5 3.40912E-5 3.98394E-5 4.06129E-5 3.53258E-5 3.04591E-5 3.81391E-5 4.0712E-5 3.62841E-5 2.91849E-5 2.54996E-5 1.71597E-5 1.7049E-5 1.80905E-5 1.8535E-5 1.74698E-5 1.62609E-5 1.90173E-5 2.42249E-5
6.4152E-5 6.09287E-5 4.88812E-5 2.35595E-5 1.73666E-5 2.18942E-5 1.52301E-5 1.17351E-5 1.20174E-5 1.4176E-5 1.78833E-5 1.9986E-5 1.83299E-5 1.46482E-5 1.15608E-5 9.59563E-6 8.08216E-6 8.18809E-6 9.1255E-6 1.03157E-5 1.18193E-5 1.46833E-5 1.8357E-5 2.2654E-5 3.0182E-5 3.88516E-5 4.34252E-5 3.91298E-5 3.01087E-5 1.98904E-5 1.46193E-5 1.31738E-5 1.11291E-5 1.04524E-5 1.09751E-5 1.24973E-5 1.47292E-5 2.06827E-5 3.06572E-5 4.36966E-5 4.16238E-5 3.27749E-5 2.76055E-5 2.64715E-5 2.87586E-5 3.17652E-5 3.22127E-5 3.17976E-5 4.20274E-5 5.59202E-5 5.99812E-5 4.53474E-5 3.16882E-5 3.48911E-5 4.36126E-5 5.09499E-5 4.29754E-5 3.0672E-5 2.05313E-5 1.63494E-5 1.42668E-5 1.5498E-5 1.56276E-5 1.68285E-5 2.04171E-5 2.71039E-5
1.03528E-4 6.66392E-5 4.64014E-5 2.75894E-5 1.83715E-5 1.54102E-5 1.15843E-5 1.12429E-5 1.27148E-5 1.73125E-5 2.46132E-5 3.06305E-5 2.57514E-5 1.8568E-5 1.34026E-5 1.05572E-5 8.59693E-6 7.72187E-6 6.98746E-6 7.20262E-6 8.83212E-6 1.06443E-5 1.42989E-5 2.05613E-5 3.31826E-5 5.09242E-5 5.99468E-5 5.09132E-5 3.64955E-5 2.45195E-5 1.8365E-5 1.53666E-5 1.32972E-5 1.16067E-5 1.15682E-5 1.27168E-5 1.64399E-5 2.42581E-5 3.75734E-5 6.47838E-5 5.09032E-5 3.72928E-5 2.92477E-5 2.58794E-5 2.5135E-5 2.57194E-5 2.65912E-5 3.17184E-5 4.00757E-5 5.35091E-5 5.9551E-5 4.47211E-5 3.09765E-5 3.69073E-5 5.14516E-5 6.62109E-5 4.58751E-5 2.85019E-5 2.10211E-5 1.67017E-5 1.43257E-5 1.28254E-5 1.37494E-5 1.53789E-5 1.93374E-5 2.41007E-5
1.20264E-4 5.81747E-5 2.69488E-5 1.67698E-5 1.63142E-5 1.43767E-5 1.1187E-5 9.93061E-6 1.2262E-5 1.77787E-5 2.62145E-5 3.53294E-5 2.76667E-5 1.9174E-5 1.35449E-5 1.05697E-5 8.64783E-6 7.36325E-6 7.04304E-6 7.55472E-6 9.91142E-6 1.38963E-5 1.61121E-5 1.93688E-5 2.95843E-5 4.63683E-5 6.02073E-5 4.44721E-5 3.07722E-5 2.04728E-5 1.57842E-5 1.40471E-5 1.45944E-5 1.36116E-5 1.33132E-5 1.23622E-5 1.72776E-5 2.28222E-5 3.37996E-5 4.72611E-5 4.50517E-5 3.62267E-5 3.26009E-5 2.97207E-5 2.63011E-5 2.26925E-5 2.48427E-5 2.39895E-5 2.80962E-5 3.18195E-5 3.70409E-5 3.19265E-5 2.53752E-5 2.86796E-5 3.49239E-5 3.67834E-5 3.00963E-5 2.29858E-5 1.88571E-5 1.50168E-5 1.26878E-5 1.12561E-5 1.20878E-5 1.46666E-5 1.82213E-5 2.12088E-5
1.0628E-4 5.01151E-5 2.04563E-5 1.29572E-5 1.62426E-5 1.51382E-5 1.33204E-5 1.05718E-5 1.11193E-5 1.50785E-5 2.00324E-5 2.26251E-5 2.04541E-5 1.61349E-5 1.27665E-5 9.95482E-6 9.30398E-6 8.52316E-6 8.76806E-6 1.04081E-5 1.28277E-5 1.62474E-5 2.05088E-5 2.35286E-5 2.87906E-5 3.91923E-5 4.0374E-5 3.23577E-5 2.34562E-5 1.81153E-5 1.46401E-5 1.28251E-5 1.38259E-5 1.45302E-5 1.49157E-5 1.61476E-5 1.70781E-5 1.94445E-5 2.65821E-5 3.29835E-5 3.96962E-5 5.01946E-5 4.71017E-5 3.72348E-5 2.97586E-5 2.4821E-5 2.19884E-5 2.4358E-5 2.04033E-5 2.11552E-5 2.1242E-5 2.08711E-5 1.82083E-5 1.87781E-5 2.12216E-5 2.22163E-5 2.03821E-5 1.89141E-5 1.69029E-5 1.38501E-5 1.16416E-5 1.00375E-5 1.05929E-5 1.22735E-5 1.52249E-5 1.74151E-5
7.27531E-5 5.12509E-5 2.38668E-5 1.61957E-5 1.69044E-5 1.6151E-5 1.56113E-5 1.40304E-5 1.3343E-5 1.14459E-5 1.36741E-5 1.50689E-5 1.46124E-5 1.21426E-5 1.05488E-5 1.10359E-5 1.11396E-5 1.05721E-5 1.07672E-5 1.24994E-5 1.41082E-5 1.4622E-5 1.42199E-5 1.58611E-5 1.62353E-5 1.95348E-5 2.12824E-5 1.99715E-5 1.69711E-5 1.55604E-5 1.39645E-5 1.39631E-5 1.49588E-5 1.7349E-5 2.18728E-5 2.55861E-5 2.7166E-5 2.41484E-5 2.69999E-5 3.40092E-5 5.11995E-5 7.24543E-5 6.46743E-5 4.54244E-5 3.20428E-5 2.74767E-5 2.26491E-5 1.65926E-5 1.6069E-5 1.53197E-5 1.54599E-5 1.42523E-5 1.28421E-5 1.38616E-5 1.59383E-5 1.70418E-5 1.67161E-5 1.59589E-5 1.49161E-5 1.22806E-5 1.06405E-5 9.09219E-6 9.1277E-6 1.08685E-5 1.31735E-5 1.48199E-5
5.51659E-5 4.52882E-5 2.35431E-5 2.11187E-5 2.35448E-5 2.04456E-5 1.90154E-5 2.02575E-5 1.91841E-5 1.56728E-5 1.21191E-5 1.0783E-5 1.06622E-5 1.12832E-5 1.34095E-5 1.55641E-5 1.60152E-5 1.40483E-5 1.31995E-5 1.4562E-5 1.55577E-5 1.52251E-5 1.28114E-5 1.04652E-5 1.08306E-5 1.18311E-5 1.32297E-5 1.24898E-5 1.29788E-5 1.37731E-5 1.62748E-5 1.57831E-5 1.65031E-5 2.19266E-5 3.23224E-5 4.1672E-5 4.18101E-5 3.41696E-5 2.74674E-5 3.29951E-5 4.70983E-5 6.07482E-5 5.77952E-5 5.1827E-5 4.25773E-5 2.99901E-5 2.40702E-5 1.18079E-5 1.28279E-5 1.24881E-5 1.20918E-5 1.10271E-5 1.0264E-5 1.15179E-5 1.26672E-5 1.37616E-5 1.37371E-5 1.30833E-5 1.23683E-5 1.06363E-5 9.18111E-6 8.09356E-6 8.17214E-6 9.51212E-6 1.07755E-5 1.18977E-5
4.37633E-5 3.20078E-5 2.06994E-5 2.15679E-5 2.43216E-5 2.20266E-5 2.35481E-5 2.96814E-5 2.70545E-5 1.9709E-5 1.4278E-5 1.14409E-5 1.07767E-5 1.37532E-5 1.86484E-5 2.36589E-5 2.44747E-5 2.17946E-5 2.20322E-5 2.32874E-5 2.06295E-5 1.74809E-5 1.36206E-5 1.02305E-5 9.07415E-6 9.54711E-6 9.95561E-6 9.69218E-6 1.18685E-5 1.57817E-5 1.91265E-5 2.06646E-5 1.89453E-5 2.45261E-5 3.81448E-5 5.49989E-5 5.43493E-5 3.8014E-5 2.91215E-5 3.79807E-5 4.82591E-5 5.1258E-5 6.22792E-5 7.46368E-5 4.64352E-5 2.91003E-5 2.33552E-5 1.837E-5 1.29065E-5 9.78788E-6 9.36086E-6 8.88719E-6 8.47184E-6 9.20994E-6 9.87371E-6 1.01468E-5 1.05674E-5 1.06227E-5 1.01575E-5 8.93169E-6 7.9358E-6 7.16658E-6 7.04794E-6 8.09941E-6 8.88147E-6 9.48697E-6
2.06705E-5 1.93552E-5 1.86858E-5 2.07285E-5 2.15304E-5 2.01411E-5 2.32465E-5 3.00453E-5 2.65019E-5 1.98786E-5 1.41753E-5 1.16393E-5 1.23964E-5 1.61391E-5 2.40345E-5 3.58432E-5 4.04054E-5 3.10347E-5 3.47482E-5 4.24349E-5 2.49673E-5 2.11946E-5 1.52017E-5 1.11909E-5 1.2299E-5 1.25812E-5 1.21841E-5 1.1615E-5 1.34433E-5 1.91199E-5 2.43737E-5 2.63002E-5 2.39357E-5 2.37314E-5 3.6306E-5 4.26833E-5 4.21365E-5 3.45168E-5 3.20372E-5 4.50939E-5 6.36097E-5 7.25594E-5 4.96209E-5 5.14309E-5 3.56637E-5 2.41233E-5 1.92727E-5 1.48439E-5 1.18048E-5 9.04604E-6 7.47359E-6 7.35214E-6 7.16376E-6 7.55729E-6 7.95355E-6 8.2098E-6 8.24983E-6 8.31055E-6 7.80496E-6 7.20934E-6 6.74881E-6 6.3082E-6 5.95484E-6 6.59644E-6 7.22646E-6 7.6874E-6
1.19869E-5 1.43874E-5 1.66171E-5 1.71344E-5 1.79926E-5 1.69491E-5 1.81593E-5 2.03775E-5 1.85918E-5 1.6056E-5 1.25722E-5 1.13962E-5 1.36093E-5 1.81156E-5 2.68591E-5 3.71105E-5 3.79853E-5 2.84113E-5 2.64092E-5 4.57595E-5 3.90127E-5 2.78421E-5 1.92184E-5 1.85949E-5 2.08316E-5 2.15761E-5 2.02571E-5 1.79073E-5 1.8756E-5 2.60064E-5 4.4167E-5 4.81571E-5 3.92873E-5 3.27741E-5 2.93992E-5 3.11421E-5 3.48761E-5 3.62167E-5 3.18099E-5 3.61549E-5 4.89347E-5 5.00544E-5 3.60548E-5 2.68714E-5 2.13388E-5 1.6419E-5 1.37501E-5 1.2E-5 9.99593E-6 8.47262E-6 7.18494E-6 6.10972E-6 5.93585E-6 6.29714E-6 6.46553E-6 6.69183E-6 6.65325E-6 6.59229E-6 6.35591E-6 6.15502E-6 5.74899E-6 5.28073E-6 4.85837E-6 5.27263E-6 5.81973E-6 6.23286E-6
1.12937E-5 1.22057E-5 1.40706E-5 1.4494E-5 1.34786E-5 1.35119E-5 1.39215E-5 1.33393E-5 1.3361E-5 1.19804E-5 1.16228E-5 1.34214E-5 1.71364E-5 2.02291E-5 2.18556E-5 2.70093E-5 3.73727E-5 4.69549E-5 3.39401E-5 2.73934E-5 2.72532E-5 2.82294E-5 3.02275E-5 3.16285E-5 3.74625E-5 3.63676E-5 3.3968E-5 3.31385E-5 2.76295E-5 3.44785E-5 4.66351E-5 5.32207E-5 4.7124E-5 3.39799E-5 2.7905E-5 3.70596E-5 4.53269E-5 4.63367E-5 4.01968E-5 2.94187E-5 3.10686E-5 2.89026E-5 2.22971E-5 1.70411E-5 1.41161E-5 1.26679E-5 1.1286E-5 1.01512E-5 8.93764E-6 7.75757E-6 6.54546E-6 5.66478E-6 4.87704E-6 5.18654E-6 5.34387E-6 5.34214E-6 5.42892E-6 5.51622E-6 5.4173E-6 5.12883E-6 4.85765E-6 4.36744E-6 4.14883E-6 4.96604E-6 5.98655E-6 6.79571E-6
1.49178E-5 1.15149E-5 1.16717E-5 1.29896E-5 1.20234E-5 1.28742E-5 1.05703E-5 9.9544E-6 1.06542E-5 9.90903E-6 1.19369E-5 1.59881E-5 2.0813E-5 2.66388E-5 2.79857E-5 2.33381E-5 3.10998E-5 3.60422E-5 7.83696E-5 3.49166E-5 2.46389E-5 3.56041E-5 4.18847E-5 3.93912E-5 5.57507E-5 4.63176E-5 4.77611E-5 4.59199E-5 3.47747E-5 2.7466E-5 3.37408E-5 3.69095E-5 3.73846E-5 3.83107E-5 3.18935E-5 3.73056E-5 4.73167E-5 9.92234E-5 4.33922E-5 3.14873E-5 2.13212E-5 1.67316E-5 1.48825E-5 1.33228E-5 1.14943E-5 1.05535E-5 1.00034E-5 9.18608E-6 8.15282E-6 7.08867E-6 6.06971E-6 5.17654E-6 4.54685E-6 4.27242E-6 4.5067E-6 4.4096E-6 4.4266E-6 4.38803E-6 4.3629E-6 4.22165E-6 4.07232E-6 3.80995E-6 4.58681E-6 5.45705E-6 6.55501E-6 7.59022E-6
1.50604E-5 1.03912E-5 9.26345E-6 9.92424E-6 1.01603E-5 1.18123E-5 9.0329E-6 8.4445E-6 9.05668E-6 1.06607E-5 1.33166E-5 1.7015E-5 2.54384E-5 3.83911E-5 4.10517E-5 3.12452E-5 2.1405E-5 3.23297E-5 3.81151E-5 3.4264E-5 2.81117E-5 3.96447E-5 4.52934E-5 3.63344E-5 4.47748E-5 4.60683E-5 5.63577E-5 4.89822E-5 2.95207E-5 2.75116E-5 2.65767E-5 3.4491E-5 5.36646E-5 5.74351E-5 3.65574E-5 2.67325E-5 3.42663E-5 3.808E-5 3.41476E-5 2.62128E-5 1.74979E-5 1.20738E-5 1.09437E-5 1.07032E-5 9.80404E-6 9.08246E-6 8.50556E-6 7.80646E-6 7.06333E-6 6.38613E-6 5.4993E-6 4.73478E-6 4.26028E-6 3.66198E-6 3.6646E-6 3.67529E-6 3.63037E-6 3.61308E-6 3.56339E-6 3.44652E-6 3.40224E-6 4.05561E-6 4.85469E-6 5.84956E-6 6.97734E-6 8.45035E-6
1.14256E-5 1.2828E-5 1.2109E-5 8.54502E-6 9.00719E-6 9.07359E-6 8.39024E-6 8.73213E-6 1.00856E-5 1.23562E-5 1.6761E-5 2.40355E-5 3.30093E-5 4.47662E-5 4.11307E-5 2.89741E-5 2.2504E-5 2.5239E-5 2.78024E-5 2.56836E-5 2.7488E-5 3.14842E-5 3.24299E-5 2.909E-5 4.10548E-5 6.31276E-5 5.40137E-5 3.78434E-5 3.98389E-5 3.33747E-5 4.27931E-5 4.49353E-5 5.50771E-5 5.41675E-5 3.3035E-5 2.2162E-5 2.2635E-5 2.39306E-5 2.41765E-5 2.02715E-5 1.4311E-5 1.10539E-5 9.21414E-6 8.96784E-6 8.41344E-6 7.68196E-6 7.32848E-6 6.68542E-6 6.22384E-6 5.62938E-6 4.9593E-6 4.34193E-6 3.90916E-6 3.47189E-6 3.06458E-6 3.12782E-6 3.1336E-6 3.13479E-6 3.08179E-6 3.2155E-6 3.53839E-6 4.2233E-6 5.24758E-6 6.18787E-6 7.60592E-6 9.32207E-6
1.62221E-5 1.47126E-5 1.18719E-5 8.86439E-6 8.95429E-6 8.35449E-6 9.98194E-6 1.02851E-5 1.11648E-5 1.47813E-5 2.08889E-5 3.10827E-5 4.49683E-5 4.2635E-5 3.17337E-5 2.52859E-5 2.10648E-5 2.47827E-5 2.77261E-5 3.00505E-5 3.71588E-5 3.51038E-5 4.32444E-5 4.03659E-5 3.55797E-5 4.14755E-5 3.74142E-5 5.13054E-5 6.21163E-5 4.56927E-5 5.98408E-5 5.42985E-5 5.62523E-5 4.48363E-5 2.96116E-5 1.82463E-5 1.50547E-5 1.58168E-5 1.74138E-5 1.46295E-5 1.12604E-5 9.52131E-6 8.66343E-6 7.59765E-6 7.19623E-6 6.50672E-6 6.06277E-6 5.7331E-6 5.29362E-6 4.80554E-6 4.51116E-6 4.02429E-6 3.57914E-6 3.16377E-6 2.63585E-6 2.76208E-6 3.12123E-6 3.50309E-6 3.75927E-6 4.01694E-6 4.32858E-6 4.33331E-6 5.3577E-6 6.43158E-6 7.93168E-6 9.30085E-6
2.59785E-5 1.77063E-5 1.42657E-5 1.21014E-5 1.00036E-5 8.82274E-6 1.08499E-5 1.2596E-5 1.28767E-5 1.72438E-5 2.10266E-5 2.77369E-5 3.50792E-5 3.18703E-5 2.67229E-5 2.58164E-5 3.11398E-5 2.7713E-5 2.44672E-5 4.48894E-5 5.03907E-5 4.31639E-5 5.16257E-5 4.26695E-5 3.39504E-5 4.16903E-5 4.05899E-5 5.12062E-5 6.5056E-5 4.44066E-5 4.52893E-5 4.34115E-5 3.57322E-5 2.93112E-5 2.13262E-5 1.50383E-5 1.21863E-5 1.19704E-5 1.15232E-5 1.05594E-5 9.54449E-6 8.57298E-6 7.7286E-6 6.81321E-6 6.00121E-6 5.53233E-6 5.14485E-6 4.87978E-6 4.58399E-6 4.17396E-6 3.99151E-6 3.63767E-6 3.30078E-6 2.84206E-6 2.99609E-6 3.34334E-6 3.79525E-6 4.29389E-6 4.55329E-6 4.81072E-6 5.14795E-6 5.40047E-6 5.57478E-6 6.28998E-6 7.62909E-6 9.05686E-6
3.33346E-5 2.27612E-5 1.83873E-5 1.43507E-5 9.65089E-6 9.00498E-6 1.11202E-5 1.38467E-5 1.39082E-5 1.687E-5 2.21646E-5 3.31231E-5 5.03534E-5 3.94033E-5 3.84028E-5 3.50132E-5 4.60113E-5 4.2803E-5 3.58866E-5 4.58737E-5 4.33861E-5 5.68846E-5 4.97694E-5 4.9079E-5 4.00295E-5 9.14501E-5 5.34121E-5 3.82629E-5 4.63325E-5 5.99483E-5 4.33497E-5 3.02535E-5 2.13798E-5 1.77098E-5 1.4847E-5 1.28976E-5 1.03295E-5 8.96268E-6 8.87596E-6 8.54312E-6 7.97235E-6 7.42667E-6 6.77331E-6 6.07898E-6 5.39686E-6 4.78987E-6 4.44579E-6 4.14454E-6 3.94355E-6 3.67268E-6 3.52342E-6 3.17907E-6 3.21505E-6 3.44476E-6 3.5329E-6 4.00142E-6 4.56729E-6 5.11266E-6 5.57739E-6 5.95683E-6 6.27597E-6 6.81117E-6 6.85505E-6 6.72894E-6 7.45964E-6 8.97506E-6
3.46858E-5 2.42554E-5 1.5446E-5 1.23944E-5 1.02693E-5 9.53504E-6 1.10233E-5 1.12559E-5 1.18615E-5 1.5467E-5 2.02926E-5 2.81758E-5 3.67188E-5 3.77014E-5 5.2237E-5 3.88453E-5 4.63019E-5 4.4023E-5 5.80261E-5 4.29458E-5 3.53676E-5 5.23435E-5 4.89099E-5 4.85483E-5 4.25445E-5 3.9096E-5 3.89753E-5 3.04624E-5 3.64485E-5 3.88877E-5 3.40824E-5 2.41E-5 1.56044E-5 1.19419E-5 1.09228E-5 1.0556E-5 9.2263E-6 8.32952E-6 7.64672E-6 7.24018E-6 6.79696E-6 6.52881E-6 5.9323E-6 5.43135E-6 4.7906E-6 4.27568E-6 4.20313E-6 4.3124E-6 4.34551E-6 4.30126E-6 4.14387E-6 3.66839E-6 3.62829E-6 3.90868E-6 4.13441E-6 4.57295E-6 5.35802E-6 6.13956E-6 6.73514E-6 7.2825E-6 7.75885E-6 8.04678E-6 8.31642E-6 8.54206E-6 8.44113E-6 9.18538E-6
3.17061E-5 2.43181E-5 1.70882E-5 1.26548E-5 1.19425E-5 1.10232E-5 9.62455E-6 9.27161E-6 1.03901E-5 1.35559E-5 1.7898E-5 2.22007E-5 3.08711E-5 3.7076E-5 3.7801E-5 3.40789E-5 4.06463E-5 5.92242E-5 4.44709E-5 3.44149E-5 3.73252E-5 4.6502E-5 4.97969E-5 9.60653E-5 4.37989E-5 2.87416E-5 2.36667E-5 2.06702E-5 1.97771E-5 2.26322E-5 2.07655E-5 1.70837E-5 1.32916E-5 1.05855E-5 9.05327E-6 8.46612E-6 7.98708E-6 7.39054E-6 6.62895E-6 6.09865E-6 5.70185E-6 5.41611E-6 5.06073E-6 4.83163E-6 5.03285E-6 5.22501E-6 5.31998E-6 5.39043E-6 5.37189E-6 5.29647E-6 4.92612E-6 4.25077E-6 4.29878E-6 4.59092E-6 4.9744E-6 5.29049E-6 6.29584E-6 7.37292E-6 8.35573E-6 9.1446E-6 9.71391E-6 1.0387E-5 1.06286E-5 1.06896E-5 1.04912E-5 9.94327E-6
2.76714E-5 2.09653E-5 1.75283E-5 1.43912E-5 1.34286E-5 1.0934E-5 9.10797E-6 1.10918E-5 1.21268E-5 1.73267E-5 2.53479E-5 2.78342E-5 3.72328E-5 5.53466E-5 4.109E-5 4.75165E-5 5.13418E-5 3.70293E-5 3.7099E-5 4.81786E-5 6.92994E-5 5.10051E-5 5.13956E-5 3.84404E-5 3.27587E-5 2.41813E-5 1.22168E-5 1.36983E-5 1.49086E-5 1.51532E-5 1.36225E-5 1.19945E-5 1.08048E-5 9.52128E-6 7.98652E-6 7.08761E-6 6.78896E-6 6.47707E-6 5.75698E-6 5.08592E-6 4.76183E-6 4.90501E-6 5.44223E-6 5.92972E-6 6.28994E-6 6.51686E-6 6.76455E-6 6.96263E-6 6.66907E-6 6.26871E-6 5.65314E-6 5.00479E-6 5.28608E-6 5.60204E-6 6.00234E-6 6.7916E-6 7.53613E-6 9.01302E-6 1.00517E-5 1.12027E-5 1.2387E-5 1.29643E-5 1.32901E-5 1.36042E-5 1.27972E-5 1.18829E-5
1.93539E-5 1.71225E-5 1.55655E-5 1.32829E-5 1.2681E-5 1.05512E-5 9.44556E-6 1.14153E-5 1.46218E-5 2.59282E-5 3.45814E-5 4.02176E-5 3.24507E-5 3.72999E-5 4.42983E-5 4.38675E-5 4.46254E-5 3.23223E-5 3.14761E-5 4.04515E-5 4.53315E-5 5.33315E-5 5.37678E-5 3.58976E-5 2.50638E-5 1.99749E-5 1.3467E-5 1.04448E-5 1.04488E-5 1.06636E-5 1.02638E-5 9.50734E-6 8.70549E-6 8.08809E-6 7.2579E-6 6.36953E-6 5.82037E-6 5.45903E-6 5.1007E-6 4.60477E-6 5.30997E-6 6.19222E-6 7.37263E-6 7.93619E-6 8.40187E-6 7.33871E-6 7.57101E-6 8.8261E-6 8.35339E-6 7.70737E-6 6.7914E-6 6.1354E-6 6.4101E-6 7.131E-6 7.63263E-6 8.75602E-6 9.55511E-6 1.09288E-5 1.22277E-5 1.36589E-5 1.51783E-5 1.64146E-5 1.67255E-5 1.67459E-5 1.55761E-5 1.3948E-5
1.3029E-5 1.23547E-5 1.19503E-5 1.12974E-5 1.13974E-5 9.73774E-6 9.75701E-6 1.1112E-5 1.47568E-5 2.67683E-5 3.61644E-5 4.13848E-5 4.72863E-5 3.95752E-5 5.15802E-5 4.16216E-5 2.89319E-5 3.88926E-5 4.74798E-5 5.43824E-5 4.21854E-5 4.80728E-5 3.83119E-5 2.72803E-5 2.19206E-5 1.65119E-5 1.10846E-5 8.97293E-6 8.45443E-6 8.727E-6 8.5879E-6 8.18674E-6 7.71543E-6 7.1732E-6 6.59865E-6 5.86568E-6 5.2389E-6 4.70765E-6 4.68697E-6 5.66973E-6 6.79122E-6 8.23557E-6 9.77107E-6 1.07191E-5 1.12475E-5 1.15807E-5 7.42381E-6 9.88032E-6 1.04393E-5 9.49895E-6 8.19129E-6 7.494E-6 7.75056E-6 8.67951E-6 1.00034E-5 1.1742E-5 1.22654E-5 1.28752E-5 1.47284E-5 1.70334E-5 1.89724E-5 2.06469E-5 2.15013E-5 2.20648E-5 1.86288E-5 1.64603E-5
1.07767E-5 9.55548E-6 8.72041E-6 9.5407E-6 9.7372E-6 8.43066E-6 8.78818E-6 1.00945E-5 1.23507E-5 1.8761E-5 2.69644E-5 3.33584E-5 4.24559E-5 4.87515E-5 4.60472E-5 3.55909E-5 3.13071E-5 5.20947E-5 5.71719E-5 5.92388E-5 4.8066E-5 5.12005E-5 3.51544E-5 2.74023E-5 2.11862E-5 1.68082E-5 1.06636E-5 8.04E-6 6.99218E-6 7.05715E-6 7.11646E-6 6.96374E-6 6.7477E-6 6.33545E-6 5.89171E-6 5.27557E-6 4.63268E-6 4.53822E-6 5.57184E-6 7.08252E-6 8.83993E-6 1.06857E-5 1.31015E-5 1.4171E-5 1.49018E-5 1.54313E-5 1.54001E-5 1.41922E-5 1.25823E-5 1.13957E-5 9.89062E-6 8.68873E-6 9.14908E-6 1.09352E-5 1.31707E-5 1.52997E-5 1.63222E-5 1.64839E-5 1.77347E-5 2.18532E-5 2.41669E-5 2.83613E-5 3.05592E-5 2.85405E-5 2.3389E-5 2.08493E-5
1.01801E-5 8.75784E-6 8.07027E-6 1.06676E-5 1.09129E-5 8.82314E-6 1.0067E-5 1.14093E-5 1.49549E-5 2.12638E-5 3.31846E-5 4.60791E-5 4.66075E-5 4.44145E-5 3.09144E-5 2.67989E-5 3.28354E-5 4.97969E-5 6.01173E-5 5.2518E-5 5.52491E-5 3.9124E-5 2.58073E-5 2.10518E-5 1.74665E-5 1.54657E-5 1.02476E-5 7.96778E-6 6.65548E-6 5.89814E-6 5.84468E-6 5.84477E-6 5.73143E-6 5.46109E-6 5.11819E-6 4.64355E-6 4.25272E-6 5.05366E-6 6.49075E-6 8.39462E-6 1.04877E-5 1.32782E-5 1.53796E-5 1.72462E-5 1.87621E-5 1.96266E-5 1.9105E-5 1.82823E-5 1.55868E-5 1.387E-5 1.23002E-5 1.07418E-5 1.15695E-5 1.34614E-5 1.64697E-5 1.90405E-5 2.03625E-5 2.163E-5 2.0367E-5 2.35655E-5 3.17376E-5 4.07955E-5 4.74224E-5 4.08986E-5 3.03745E-5 2.44622E-5
8.47518E-6 8.05661E-6 7.98684E-6 1.09388E-5 1.17829E-5 9.89789E-6 1.06101E-5 1.30775E-5 1.81905E-5 2.8583E-5 4.28129E-5 4.79027E-5 4.5178E-5 4.19421E-5 3.15595E-5 4.10959E-5 4.252E-5 4.30109E-5 4.46631E-5 4.31381E-5 5.519E-5 3.47891E-5 2.25801E-5 1.6438E-5 1.53552E-5 1.29659E-5 9.12418E-6 7.4939E-6 6.42201E-6 5.40879E-6 4.91019E-6 4.89133E-6 4.79546E-6 4.5728E-6 4.31658E-6 4.00176E-6 4.74307E-6 5.6452E-6 7.21791E-6 9.43014E-6 1.1749E-5 1.48217E-5 1.76225E-5 1.97995E-5 2.20911E-5 2.50281E-5 2.4003E-5 2.19847E-5 1.95138E-5 1.70785E-5 1.50997E-5 1.2779E-5 1.39564E-5 1.63779E-5 1.99819E-5 2.26798E-5 2.68272E-5 2.7447E-5 2.45989E-5 2.52976E-5 3.58418E-5 5.39326E-5 7.38264E-5 5.13285E-5 3.5207E-5 2.46214E-5
6.51133E-6 7.11882E-6 8.07065E-6 1.07825E-5 1.18126E-5 1.03214E-5 1.07933E-5 1.24601E-5 1.86994E-5 2.81205E-5 4.50823E-5 5.19076E-5 4.50052E-5 3.13599E-5 3.78367E-5 5.55135E-5 5.32074E-5 3.692E-5 3.00206E-5 3.46901E-5 3.23674E-5 2.14865E-5 1.69932E-5 1.6048E-5 1.63017E-5 1.12988E-5 8.51121E-6 6.91634E-6 5.9685E-6 5.137E-6 4.39658E-6 3.99398E-6 3.92079E-6 3.8174E-6 3.66339E-6 4.10199E-6 5.04302E-6 6.13426E-6 7.72322E-6 9.98329E-6 1.22979E-5 1.51374E-5 1.96613E-5 2.43375E-5 2.99919E-5 3.64234E-5 3.82392E-5 3.16248E-5 2.45272E-5 2.0688E-5 1.68384E-5 1.4365E-5 1.61233E-5 1.89876E-5 2.21533E-5 2.89047E-5 3.70445E-5 4.10758E-5 3.6117E-5 2.82866E-5 3.37179E-5 4.6318E-5 5.18068E-5 4.51096E-5 3.30248E-5 2.60252E-5
5.91442E-6 7.479E-6 8.90801E-6 1.12687E-5 1.19133E-5 1.15414E-5 1.25669E-5 1.52662E-5 2.22392E-5 3.0954E-5 3.49405E-5 4.02857E-5 3.95695E-5 3.64122E-5 5.75853E-5 5.3304E-5 4.68966E-5 4.59614E-5 4.98219E-5 5.17754E-5 3.10776E-5 1.85729E-5 1.34775E-5 1.51522E-5 1.54265E-5 9.78035E-6 7.90373E-6 6.54484E-6 5.65528E-6 4.80241E-6 4.18238E-6 3.49853E-6 3.31495E-6 3.27531E-6 3.47536E-6 4.13656E-6 5.22766E-6 6.4584E-6 8.08255E-6 1.04442E-5 1.31996E-5 1.59745E-5 2.13785E-5 2.74037E-5 3.77133E-5 5.60694E-5 5.82507E-5 4.11935E-5 2.89621E-5 2.32048E-5 1.897E-5 1.58126E-5 1.76484E-5 2.21318E-5 2.7012E-5 3.56799E-5 5.15574E-5 6.38049E-5 4.88734E-5 3.51231E-5 2.68773E-5 3.26356E-5 3.49051E-5 3.18944E-5 2.63024E-5 2.28123E-5
6.60858E-6 8.06314E-6 1.00298E-5 1.22339E-5 1.22007E-5 1.2767E-5 1.37977E-5 1.73582E-5 2.48482E-5 3.68773E-5 3.93461E-5 3.22208E-5 2.81009E-5 3.75117E-5 5.59576E-5 5.63681E-5 4.82516E-5 5.0799E-5 5.06615E-5 4.16384E-5 2.70529E-5 1.85428E-5 1.38238E-5 1.49581E-5 9.46196E-6 8.77849E-6 7.13923E-6 6.11569E-6 5.42469E-6 4.58982E-6 3.99508E-6 3.41581E-6 3.05881E-6 3.00575E-6 3.6166E-6 4.2705E-6 5.22106E-6 6.67286E-6 8.35476E-6 1.0654E-5 1.36837E-5 1.65669E-5 2.08347E-5 2.71353E-5 3.97981E-5 5.63503E-5 5.79742E-5 4.18566E-5 3.07723E-5 2.55233E-5 2.06283E-5 1.70604E-5 1.82193E-5 2.29951E-5 2.59701E-5 3.7481E-5 5.17794E-5 6.07658E-5 4.83182E-5 3.55954E-5 2.66148E-5 2.49821E-5 2.65848E-5 2.56848E-5 2.31806E-5 2.04807E-5
7.24321E-6 8.51248E-6 9.59929E-6 1.29075E-5 1.34154E-5 1.31671E-5 1.55471E-5 2.06246E-5 2.69901E-5 2.91751E-5 3.39203E-5 3.94972E-5 3.21563E-5 3.86056E-5 5.16975E-5 5.03758E-5 5.70319E-5 4.66818E-5 2.93726E-5 2.51883E-5 2.08453E-5 1.65623E-5 1.43784E-5 1.5656E-5 6.99173E-6 8.96615E-6 7.22053E-6 6.11595E-6 5.11384E-6 4.35564E-6 4.22841E-6 4.06817E-6 3.89415E-6 3.60027E-6 3.74231E-6 4.38661E-6 5.23366E-6 6.85667E-6 8.53997E-6 1.06883E-5 1.33748E-5 1.63412E-5 2.0213E-5 2.72757E-5 3.39053E-5 4.16671E-5 4.16011E-5 3.42048E-5 2.68736E-5 2.35294E-5 2.03446E-5 1.71093E-5 1.8236E-5 2.21909E-5 2.53552E-5 3.16639E-5 3.77589E-5 4.04904E-5 3.61699E-5 3.1135E-5 2.57073E-5 2.10199E-5 2.10603E-5 2.01232E-5 1.9059E-5 1.74135E-5
