catData/rasterBestHybridModels/Pbengalensis/RD_RM1.5_L/Pbengalensis_median.asc
ncols         409
nrows         350
xllcorner     60.897278365
yllcorner     5.843756025
cellsize      0.0892857
NODATA_value  -9999
[rows 116 to 144 of 350, columns 264 to 329 of 409]
1.24275E-4 1.12824E-4 1.34111E-4 1.35917E-4 1.56264E-4 1.62181E-4 1.32289E-4 1.8114E-4 1.68276E-4 1.70367E-4 1.40939E-4 1.59121E-4 1.54249E-4 1.59584E-4 1.92802E-4 1.91168E-4 1.99189E-4 1.70889E-4 1.91675E-4 2.11602E-4 1.80407E-4 1.67386E-4 2.04364E-4 1.93377E-4 1.68366E-4 1.60369E-4 1.48438E-4 1.39374E-4 1.48167E-4 1.58874E-4 2.0229E-4 3.24637E-4 3.36698E-4 1.75035E-4 2.20672E-4 1.05868E-4 1.04631E-4 1.18061E-4 1.27505E-4 1.50686E-4 1.86484E-4 2.29783E-4 2.38705E-4 2.34974E-4 2.8371E-4 2.55277E-4 1.8903E-4 1.62638E-4 3.12898E-4 1.9407E-4 4.22669E-4 3.31057E-4 4.10212E-4 2.67883E-4 6.13959E-4 5.63207E-4 5.94509E-4 5.02199E-4 3.02838E-4 1.21601E-4 1.312E-4 1.33977E-4 1.23611E-4 1.51902E-4 1.77895E-4 1.73041E-4
1.0861E-4 9.09256E-5 1.00266E-4 1.16201E-4 1.48081E-4 1.52018E-4 1.2293E-4 1.48508E-4 1.48529E-4 1.56844E-4 1.64278E-4 2.16255E-4 1.78384E-4 1.55728E-4 1.94756E-4 1.87255E-4 1.51954E-4 1.74389E-4 2.366E-4 1.94637E-4 1.70766E-4 1.37396E-4 1.53064E-4 1.48648E-4 1.72917E-4 2.02415E-4 1.85073E-4 1.76765E-4 1.95842E-4 1.76315E-4 1.88652E-4 2.14894E-4 1.93581E-4 1.54883E-4 1.17614E-4 9.33304E-5 9.06646E-5 1.17802E-4 1.49425E-4 1.89194E-4 2.50736E-4 1.96295E-4 2.06794E-4 1.89749E-4 1.88369E-4 1.68532E-4 1.74201E-4 2.04138E-4 2.27405E-4 2.16502E-4 2.58996E-4 2.27172E-4 2.07893E-4 2.71078E-4 3.15226E-4 6.03687E-4 9.04506E-4 1.35347E-3 1.63133E-4 2.9559E-4 1.63844E-4 1.8106E-4 1.68395E-4 1.44273E-4 1.71613E-4 2.0079E-4
1.35032E-4 1.13654E-4 1.03699E-4 9.67441E-5 1.10481E-4 1.21521E-4 1.34675E-4 1.27207E-4 1.66164E-4 2.01629E-4 1.69542E-4 1.76133E-4 1.71082E-4 1.93609E-4 1.83799E-4 1.48236E-4 1.26664E-4 1.62658E-4 1.89094E-4 1.7094E-4 1.40835E-4 1.15279E-4 1.12507E-4 1.38921E-4 1.82377E-4 2.39132E-4 1.99388E-4 6.79941E-5 1.9812E-4 1.99184E-4 2.00786E-4 2.39484E-4 2.02215E-4 1.58504E-4 1.20015E-4 1.01712E-4 1.07888E-4 1.14425E-4 1.51886E-4 2.55582E-4 2.3896E-4 2.04541E-4 1.72975E-4 1.43443E-4 1.40687E-4 1.48825E-4 1.91044E-4 2.67233E-4 2.20319E-4 2.09321E-4 2.16518E-4 2.04285E-4 2.39789E-4 2.6589E-4 1.96118E-4 1.75647E-4 1.61102E-4 1.49808E-4 1.5966E-4 2.04455E-4 2.09836E-4 2.46562E-4 2.19946E-4 2.03305E-4 2.31827E-4 2.45122E-4
1.36968E-4 1.56895E-4 1.26434E-4 9.69166E-5 1.06455E-4 1.41714E-4 1.88262E-4 1.44223E-4 1.39645E-4 1.61104E-4 1.77207E-4 1.59577E-4 1.49689E-4 1.88233E-4 1.78667E-4 1.43276E-4 1.44911E-4 1.75925E-4 1.80225E-4 1.50747E-4 1.42142E-4 1.30258E-4 1.09291E-4 1.64913E-4 1.60968E-4 1.30723E-4 2.35067E-5 1.00945E-4 2.31035E-4 2.03128E-4 2.18389E-4 2.70749E-4 1.93706E-4 1.52604E-4 1.16813E-4 1.22423E-4 1.45389E-4 1.53999E-4 1.25581E-4 1.52657E-4 2.28847E-4 2.31443E-4 1.79456E-4 1.43673E-4 1.70126E-4 1.95776E-4 1.88922E-4 1.96621E-4 8.38637E-5 1.77813E-4 1.5986E-4 1.75758E-4 2.10951E-4 2.09991E-4 1.38541E-4 2.04803E-4 1.97179E-4 1.98209E-4 2.0716E-4 1.85392E-4 2.34852E-4 2.97579E-4 2.4388E-4 2.40079E-4 2.71397E-4 2.7017E-4
1.30071E-4 1.48971E-4 1.21331E-4 9.57232E-5 9.8325E-5 1.25139E-4 1.41427E-4 1.28514E-4 1.08054E-4 1.32631E-4 1.46749E-4 1.35827E-4 1.23658E-4 1.40515E-4 1.41597E-4 1.23313E-4 1.53768E-4 1.98657E-4 1.99881E-4 1.76526E-4 1.85796E-4 1.59685E-4 1.72334E-4 2.28405E-4 7.67037E-5 4.83779E-5 1.05997E-4 1.6513E-4 1.76008E-4 1.64708E-4 2.00733E-4 2.2721E-4 1.89718E-4 1.4736E-4 1.41932E-4 1.46616E-4 1.82778E-4 2.05254E-4 1.84135E-4 1.58966E-4 1.87751E-4 2.08077E-4 1.92625E-4 1.56601E-4 1.89638E-4 2.49813E-4 2.22483E-4 2.15357E-4 2.6093E-4 4.79538E-5 1.5484E-4 1.78323E-4 2.33128E-4 2.53393E-4 2.02396E-4 2.29464E-4 2.33818E-4 2.40455E-4 2.68568E-4 2.1369E-4 1.99925E-4 2.14349E-4 2.49679E-4 3.27806E-4 2.43355E-4 2.43917E-4
1.04599E-4 1.05868E-4 9.66214E-5 8.00464E-5 7.95741E-5 9.47866E-5 1.04291E-4 9.92698E-5 1.01373E-4 1.25385E-4 1.36102E-4 1.26759E-4 1.04725E-4 1.04279E-4 1.37027E-4 1.62689E-4 1.63394E-4 1.56359E-4 1.56817E-4 1.87868E-4 2.21288E-4 1.69128E-4 1.6306E-4 1.22662E-4 6.71803E-5 1.50219E-4 1.52419E-4 1.95655E-4 2.34885E-4 1.88921E-4 1.93192E-4 2.13703E-4 1.82066E-4 1.80628E-4 1.85956E-4 1.63818E-4 2.00999E-4 2.55436E-4 2.03758E-4 1.62545E-4 1.92238E-4 2.44424E-4 2.09514E-4 1.63806E-4 1.70831E-4 1.98478E-4 1.91524E-4 1.86191E-4 2.00058E-4 1.78301E-4 9.68744E-5 1.6255E-4 1.95297E-4 2.10407E-4 1.84455E-4 2.1619E-4 2.07267E-4 2.18077E-4 2.35654E-4 1.99562E-4 1.88131E-4 1.80354E-4 2.0796E-4 2.33419E-4 2.98587E-4 2.45716E-4
1.39195E-4 1.16858E-4 9.14164E-5 8.37216E-5 9.04024E-5 8.77523E-5 7.76213E-5 8.46732E-5 1.15767E-4 1.73813E-4 1.80721E-4 1.48524E-4 1.19761E-4 1.12417E-4 1.51622E-4 2.02295E-4 2.00794E-4 1.54728E-4 1.27689E-4 1.52532E-4 1.58071E-4 1.45266E-4 1.70163E-4 2.06804E-4 1.9528E-4 1.54764E-4 1.43392E-4 1.78834E-4 2.00162E-4 1.75488E-4 1.51332E-4 1.58422E-4 1.65219E-4 2.1217E-4 2.29612E-4 1.78963E-4 1.69135E-4 1.84683E-4 2.08792E-4 1.00589E-4 1.72226E-4 1.82791E-4 1.72066E-4 1.54187E-4 1.72996E-4 1.70246E-4 1.46238E-4 1.43401E-4 1.50706E-4 1.40104E-4 1.22243E-4 1.31612E-4 1.4898E-4 1.31146E-4 1.93815E-4 2.50156E-4 2.48183E-4 1.96164E-4 2.00559E-4 2.44706E-4 2.46447E-4 2.48565E-4 2.16608E-4 2.282E-4 2.49575E-4 2.46001E-4
1.31895E-4 1.11883E-4 8.82371E-5 1.09947E-4 1.19601E-4 1.1192E-4 9.17352E-5 9.02028E-5 1.09057E-4 1.40428E-4 1.62895E-4 1.42498E-4 1.15933E-4 1.04159E-4 1.39712E-4 1.67632E-4 1.65278E-4 1.43256E-4 1.08781E-4 1.12185E-4 1.14946E-4 1.20927E-4 1.6474E-4 2.00773E-4 1.87352E-4 1.5188E-4 1.5029E-4 1.39712E-4 1.49877E-4 1.38798E-4 1.39691E-4 1.31291E-4 1.52554E-4 1.85568E-4 1.89633E-4 1.62816E-4 1.31847E-4 1.72265E-4 2.18286E-4 2.18763E-4 1.71403E-4 1.3505E-4 1.40752E-4 1.81346E-4 2.26373E-4 2.1244E-4 1.68301E-4 1.29977E-4 1.06827E-4 1.03785E-4 1.01895E-4 1.01024E-4 1.08735E-4 1.44365E-4 1.85474E-4 2.23788E-4 2.23545E-4 1.9793E-4 2.19344E-4 2.56741E-4 2.61782E-4 2.98179E-4 2.64948E-4 2.15405E-4 1.72544E-4 2.42633E-4
8.68134E-5 8.16368E-5 8.89968E-5 1.25002E-4 1.59916E-4 1.25039E-4 1.0349E-4 1.21357E-4 1.20553E-4 1.09588E-4 1.18918E-4 1.12398E-4 9.9641E-5 1.2785E-4 1.48501E-4 1.47097E-4 1.25653E-4 1.11313E-4 9.81895E-5 8.60628E-5 1.03145E-4 1.35215E-4 1.61781E-4 1.71748E-4 1.60474E-4 1.83916E-4 1.88792E-4 1.69426E-4 1.84488E-4 1.63222E-4 1.84952E-4 1.67039E-4 1.37615E-4 1.60192E-4 1.69768E-4 1.55539E-4 1.74839E-4 1.81023E-4 1.74922E-4 1.70359E-4 1.47328E-4 1.303E-4 1.59135E-4 1.76345E-4 2.14646E-4 2.03998E-4 1.65056E-4 1.27399E-4 1.30475E-4 1.40555E-4 1.35323E-4 1.17759E-4 1.21774E-4 1.52609E-4 1.95761E-4 2.33456E-4 2.20982E-4 2.30211E-4 2.95622E-4 2.35306E-4 2.11321E-4 2.87665E-4 1.91577E-4 2.01729E-4 2.39264E-4 2.68895E-4
7.43679E-5 9.04227E-5 9.5594E-5 1.03727E-4 1.20414E-4 1.06111E-4 1.1104E-4 1.60834E-4 1.52116E-4 1.18286E-4 9.27408E-5 8.33689E-5 1.0929E-4 1.45053E-4 1.89354E-4 1.70893E-4 1.3758E-4 1.3618E-4 1.24187E-4 1.04172E-4 1.15153E-4 1.53961E-4 2.09113E-4 2.12554E-4 1.81887E-4 1.8833E-4 1.95977E-4 1.88889E-4 2.31879E-4 1.83528E-4 2.5087E-4 1.88283E-4 1.53637E-4 1.91331E-4 2.22928E-4 1.82202E-4 2.30257E-4 2.35458E-4 2.06737E-4 1.60527E-4 1.23377E-4 1.48396E-4 1.8972E-4 2.31079E-4 2.00322E-4 1.58821E-4 1.38412E-4 1.3881E-4 1.69674E-4 1.87456E-4 1.75864E-4 1.48054E-4 1.6329E-4 1.85565E-4 2.03095E-4 2.56212E-4 2.35634E-4 2.15343E-4 2.35459E-4 2.12859E-4 1.95021E-4 1.65575E-4 1.98953E-4 1.748E-4 1.95728E-4 2.07441E-4
8.0643E-5 1.15824E-4 7.02868E-5 1.16912E-4 8.88984E-5 1.18131E-4 8.96275E-5 1.26416E-4 1.27271E-4 1.05429E-4 8.85844E-5 5.6158E-5 1.00771E-4 1.37521E-4 1.67096E-4 1.54992E-4 1.5391E-4 1.78113E-4 1.46871E-4 1.19662E-4 1.09022E-4 1.44785E-4 1.77196E-4 1.66523E-4 1.5808E-4 1.47964E-4 1.5062E-4 1.742E-4 1.86895E-4 1.59102E-4 1.78228E-4 1.62086E-4 1.74941E-4 2.24354E-4 1.99515E-4 1.72701E-4 2.00264E-4 1.94581E-4 1.83069E-4 1.49767E-4 1.36234E-4 1.43106E-4 1.81368E-4 2.11899E-4 1.8935E-4 1.51543E-4 1.49498E-4 1.53988E-4 1.99778E-4 2.51214E-4 2.12823E-4 1.84137E-4 2.02208E-4 2.37115E-4 2.12156E-4 1.93168E-4 1.88552E-4 1.61909E-4 1.74299E-4 1.76674E-4 1.36045E-4 1.01004E-4 1.527E-4 1.46364E-4 1.51674E-4 1.61099E-4
6.35817E-5 8.38867E-5 1.00273E-4 9.73207E-5 1.10484E-4 1.20293E-4 1.16438E-4 1.19644E-4 1.50472E-4 1.19197E-4 8.84438E-5 8.13089E-5 1.03318E-4 1.16532E-4 1.4952E-4 1.73161E-4 1.44786E-4 1.73696E-4 1.42168E-4 1.13495E-4 8.82505E-5 1.10627E-4 1.27145E-4 1.26174E-4 1.17472E-4 1.08021E-4 1.42732E-4 1.85489E-4 2.10774E-4 1.64255E-4 1.31853E-4 1.26687E-4 1.61196E-4 1.86472E-4 1.73552E-4 1.43204E-4 1.47379E-4 1.70794E-4 1.99239E-4 1.81838E-4 1.78141E-4 1.77014E-4 1.85731E-4 1.96461E-4 1.67622E-4 1.69621E-4 1.96366E-4 1.85272E-4 1.85494E-4 2.18807E-4 2.21232E-4 2.41467E-4 2.02752E-4 2.45828E-4 2.15853E-4 1.7322E-4 1.46137E-4 1.75018E-4 1.9179E-4 1.8047E-4 4.15885E-5 1.66487E-4 1.44816E-4 1.67474E-4 1.8218E-4 1.9956E-4
5.43855E-5 6.68057E-5 7.5711E-5 8.58315E-5 1.02583E-4 9.53713E-5 1.21948E-4 1.3722E-4 1.31779E-4 9.72113E-5 8.87376E-5 6.41215E-5 9.5172E-5 1.36179E-4 1.2637E-4 1.45292E-4 1.13618E-4 1.04861E-4 1.03611E-4 8.46063E-5 9.24607E-5 1.2146E-4 1.42197E-4 1.34707E-4 1.11635E-4 9.40412E-5 1.22931E-4 1.46961E-4 1.53624E-4 1.37381E-4 1.11392E-4 1.03516E-4 1.27301E-4 1.52311E-4 1.75938E-4 1.69038E-4 1.39705E-4 1.78698E-4 2.2699E-4 1.9594E-4 2.19376E-4 2.14942E-4 2.07434E-4 2.32463E-4 1.79589E-4 1.86522E-4 2.47553E-4 2.08848E-4 1.73396E-4 2.23016E-4 2.20442E-4 2.26338E-4 1.94224E-4 1.84558E-4 1.78783E-4 1.50154E-4 1.79603E-4 2.21746E-4 2.54505E-4 1.81909E-4 2.39049E-4 2.12469E-4 1.77398E-4 2.35407E-4 2.96293E-4 4.25306E-4
5.83089E-5 6.7783E-5 7.92769E-5 6.57236E-5 7.61033E-5 7.76152E-5 9.60476E-5 9.4719E-5 1.02973E-4 1.19576E-4 1.05007E-4 9.8502E-5 9.99661E-5 1.26265E-4 8.07607E-5 1.11231E-4 1.32438E-4 1.09974E-4 1.03676E-4 1.0211E-4 9.6249E-5 1.29696E-4 1.70097E-4 1.41453E-4 1.18612E-4 9.67417E-5 9.22821E-5 1.06513E-4 1.27642E-4 1.35072E-4 1.2941E-4 1.07583E-4 1.24914E-4 1.6494E-4 2.19422E-4 1.90538E-4 1.48099E-4 1.50761E-4 1.67933E-4 1.61364E-4 1.86603E-4 1.82384E-4 1.6798E-4 1.76741E-4 1.56153E-4 1.66106E-4 1.85509E-4 1.75982E-4 1.49202E-4 1.71409E-4 1.70039E-4 1.69363E-4 1.57023E-4 1.36419E-4 1.32645E-4 1.35978E-4 1.83713E-4 2.40681E-4 3.00036E-4 5.41009E-5 3.12074E-4 2.51564E-4 1.97629E-4 2.73428E-4 6.28259E-4 8.16884E-4
5.98462E-5 5.23813E-5 5.7573E-5 5.78627E-5 5.67673E-5 6.32068E-5 7.01965E-5 6.73318E-5 6.73037E-5 8.58116E-5 9.66064E-5 1.00585E-4 9.98823E-5 9.90491E-5 9.31685E-5 9.59471E-5 1.18372E-4 1.05118E-4 1.12873E-4 1.11023E-4 8.76732E-5 1.08388E-4 1.24593E-4 1.16051E-4 1.07091E-4 6.57125E-5 9.17079E-5 1.20823E-4 1.57146E-4 7.91284E-5 7.43654E-5 9.39467E-5 8.59116E-5 1.21476E-4 1.63828E-4 1.61683E-4 1.45661E-4 1.20204E-4 1.23847E-4 1.23287E-4 1.39452E-4 1.37966E-4 1.60808E-4 1.67669E-4 1.85843E-4 2.19432E-4 1.89394E-4 1.49371E-4 1.24302E-4 1.23766E-4 1.25892E-4 1.24558E-4 1.17196E-4 1.03589E-4 1.35096E-4 1.70063E-4 1.95554E-4 1.96655E-4 2.2369E-4 1.574E-4 2.46208E-4 2.22395E-4 2.02403E-4 2.52253E-4 6.3819E-4 1.13456E-3
5.66307E-5 4.52179E-5 4.04731E-5 3.93591E-5 5.29671E-5 6.96177E-5 8.8993E-5 6.99685E-5 8.1744E-5 8.74829E-5 6.8554E-5 7.00337E-5 6.92444E-5 6.68396E-5 6.62046E-5 8.15467E-5 9.33927E-5 9.56858E-5 1.05719E-4 8.88558E-5 5.53961E-5 4.99575E-5 5.59015E-5 1.12856E-4 1.24114E-4 1.05577E-4 9.24965E-5 1.11522E-4 1.52798E-4 1.90213E-4 1.49912E-4 9.65767E-5 5.19567E-5 9.7882E-5 1.55862E-4 1.09536E-4 1.62577E-4 6.37833E-5 9.86683E-5 9.30836E-5 1.17236E-4 1.49603E-4 1.90725E-4 2.15286E-4 1.81478E-4 2.12485E-4 1.84104E-4 1.59341E-4 1.67248E-4 1.51762E-4 1.26454E-4 1.15132E-4 1.06048E-4 1.08649E-4 1.49542E-4 1.95545E-4 2.49834E-4 2.40872E-4 2.08042E-4 1.63114E-4 1.7722E-4 1.68507E-4 1.71536E-4 2.21259E-4 2.2908E-4 3.83072E-4
5.18889E-5 4.27496E-5 3.3985E-5 4.33398E-5 5.59034E-5 7.1615E-5 6.87446E-5 5.91224E-5 7.45066E-5 7.67904E-5 6.31217E-5 8.08339E-5 7.66174E-5 8.08298E-5 8.50738E-5 2.78806E-5 7.65786E-5 8.89747E-5 8.63216E-5 7.5921E-5 6.65157E-5 6.85989E-5 1.31055E-4 8.74253E-5 5.36385E-5 9.02227E-5 9.40175E-5 4.63617E-5 1.20116E-4 5.20801E-5 1.31186E-4 1.72755E-4 1.29569E-4 1.17684E-4 1.41334E-4 4.97285E-5 8.7792E-5 6.57663E-5 3.6573E-5 9.70591E-5 1.11187E-4 1.39243E-4 1.69259E-4 1.88514E-4 1.65806E-4 1.584E-4 1.54842E-4 1.99709E-4 2.189E-4 1.81279E-4 1.52236E-4 1.55949E-4 1.40711E-4 1.1503E-4 1.43686E-4 1.84518E-4 2.24906E-4 2.30402E-4 2.00001E-4 1.46757E-4 1.26023E-4 1.37985E-4 1.45758E-4 1.60841E-4 2.24432E-4 2.31397E-4
4.47193E-5 3.61956E-5 3.28433E-5 4.36214E-5 5.63168E-5 7.31727E-5 6.86595E-5 7.07958E-5 7.98251E-5 6.17559E-5 6.73813E-5 7.00024E-5 8.18883E-5 7.83668E-5 8.37613E-5 8.73626E-5 6.80278E-5 7.94031E-5 9.4355E-5 7.30356E-5 5.98741E-5 1.35937E-4 2.76733E-4 1.27762E-4 9.18122E-5 8.40219E-5 3.8362E-5 1.08483E-4 1.16257E-4 1.10588E-4 1.3921E-4 1.21368E-4 1.03845E-4 9.38508E-5 3.62676E-4 8.57655E-4 1.82324E-4 5.25595E-5 4.32277E-5 1.20455E-4 1.26283E-4 1.24924E-4 1.30857E-4 1.43855E-4 1.36252E-4 1.13889E-4 1.52505E-4 1.96562E-4 2.1629E-4 1.80245E-4 1.99281E-4 2.05125E-4 1.71063E-4 1.35636E-4 1.21003E-4 1.50234E-4 1.70484E-4 1.73504E-4 1.67315E-4 1.27495E-4 1.58507E-4 1.83473E-4 1.88674E-4 1.70975E-4 1.44597E-4 1.19233E-4
5.11204E-5 4.307E-5 4.30787E-5 5.06708E-5 5.22855E-5 5.47499E-5 5.37866E-5 6.58154E-5 7.23047E-5 6.27305E-5 8.63451E-5 7.61575E-5 7.06336E-5 7.35315E-5 6.84246E-5 7.7182E-5 6.41552E-5 6.36252E-5 6.83766E-5 6.69985E-5 1.13734E-4 1.68758E-4 1.16096E-4 1.10436E-4 9.67564E-5 9.35267E-5 1.00579E-4 1.16173E-4 9.4127E-5 8.69075E-5 9.0426E-5 8.58332E-5 7.33055E-5 7.54104E-5 1.07158E-4 1.49857E-4 2.85199E-4 1.34311E-4 1.10697E-4 1.3539E-4 1.59492E-4 1.63861E-4 1.45975E-4 1.16057E-4 1.03624E-4 9.77488E-5 1.28946E-4 1.55138E-4 1.63414E-4 1.70073E-4 2.20231E-4 2.29387E-4 1.80264E-4 1.4151E-4 1.24339E-4 1.23657E-4 1.25458E-4 1.35469E-4 1.26447E-4 1.4638E-4 1.90958E-4 2.38318E-4 2.50038E-4 2.09998E-4 1.62486E-4 1.24251E-4
5.33568E-5 4.46329E-5 5.11007E-5 6.51222E-5 7.00377E-5 5.72914E-5 4.51315E-5 5.22797E-5 5.45322E-5 6.37837E-5 8.38666E-5 7.04009E-5 7.56312E-5 8.07377E-5 6.29849E-5 5.68661E-5 5.13297E-5 4.76441E-5 6.11537E-5 6.70509E-5 5.37808E-5 6.18456E-5 5.89873E-5 6.82793E-5 6.5556E-5 7.02269E-5 9.50834E-5 1.08123E-4 8.73867E-5 6.81963E-5 7.26249E-5 7.40489E-5 6.11986E-5 7.21438E-5 7.16599E-5 1.71725E-4 1.41761E-4 1.2556E-4 1.6825E-4 1.43918E-4 1.81743E-4 2.0781E-4 1.56884E-4 1.19654E-4 9.59595E-5 8.26768E-5 9.96329E-5 1.13838E-4 1.18944E-4 1.49965E-4 1.75733E-4 1.80338E-4 1.57702E-4 1.46752E-4 1.66985E-4 1.69045E-4 1.49884E-4 6.02415E-5 6.02404E-5 1.75689E-4 2.19272E-4 2.19219E-4 2.79046E-4 2.17197E-4 1.66513E-4 1.43442E-4
5.01116E-5 6.07981E-5 5.9133E-5 6.84642E-5 7.46073E-5 5.83673E-5 5.66838E-5 5.25521E-5 4.88023E-5 6.20806E-5 7.04267E-5 7.63456E-5 7.76752E-5 5.99197E-5 5.34567E-5 4.51527E-5 4.79496E-5 5.64259E-5 7.54738E-5 7.75847E-5 4.98901E-5 5.66142E-6 3.33696E-5 4.78241E-5 3.49389E-5 6.19807E-5 8.6601E-5 1.11592E-4 9.2404E-5 8.13694E-5 9.76956E-5 9.3997E-5 8.66366E-5 1.34679E-4 6.16976E-5 8.4954E-5 9.80298E-5 1.26285E-4 1.03129E-4 1.28113E-4 1.52659E-4 1.57588E-4 1.39553E-4 1.11349E-4 8.56371E-5 7.09287E-5 8.88609E-5 1.10827E-4 1.44941E-4 1.73104E-4 1.82331E-4 1.59767E-4 1.3382E-4 1.7329E-4 2.75141E-4 2.13919E-4 1.78931E-4 9.80474E-5 1.8205E-5 1.84275E-4 2.41407E-4 2.88339E-4 1.93553E-4 1.85131E-4 1.9215E-4 1.87745E-4
5.61445E-5 1.96953E-5 4.93604E-5 5.33825E-5 5.56099E-5 6.54492E-5 7.41511E-5 5.99532E-5 4.45136E-5 5.69616E-5 8.36706E-5 6.8414E-5 5.9062E-5 5.71651E-5 3.12615E-5 4.42154E-5 5.35809E-5 6.07104E-5 5.28338E-5 4.30657E-5 5.21199E-5 2.66041E-5 1.53431E-5 4.11799E-5 1.11767E-5 5.21108E-6 3.17983E-5 9.1079E-5 8.27232E-5 8.70606E-5 1.19883E-4 1.05951E-4 1.89152E-4 2.93157E-4 5.95281E-5 8.32087E-5 9.75627E-5 1.34992E-4 2.04185E-4 1.58266E-4 1.32761E-4 1.39027E-4 1.29129E-4 1.04648E-4 8.86673E-5 8.05366E-5 9.15276E-5 1.20041E-4 1.59791E-4 2.09025E-4 2.2961E-4 1.80527E-4 1.40435E-4 1.77142E-4 2.24097E-4 2.19621E-4 1.80551E-4 1.55506E-4 7.51017E-6 2.30695E-4 2.3709E-4 2.18459E-4 1.95863E-4 2.06546E-4 2.50962E-4 2.36874E-4
2.87321E-5 5.34277E-5 4.08156E-5 5.03125E-5 5.93719E-5 7.49249E-5 7.24652E-5 5.5715E-5 4.50839E-5 5.69216E-5 6.14296E-5 5.53285E-5 6.18051E-5 8.01836E-5 3.62772E-5 2.62691E-5 4.42488E-5 4.61505E-5 4.32906E-5 2.42815E-5 2.18958E-5 2.1322E-5 7.89396E-5 1.44217E-5 1.78527E-5 1.76912E-5 4.26504E-5 6.25665E-5 6.0603E-5 7.29882E-5 8.70139E-5 8.62948E-5 9.41352E-5 1.56638E-4 1.39367E-4 7.80976E-5 9.81683E-5 1.19142E-4 1.24688E-4 1.67658E-4 1.63165E-4 1.97507E-4 1.54969E-4 1.32268E-4 1.103E-4 9.65985E-5 8.87867E-5 1.13286E-4 1.50797E-4 1.85627E-4 1.9816E-4 1.6746E-4 1.33085E-4 1.53204E-4 1.73906E-4 1.73865E-4 1.53654E-4 1.48175E-4 6.29931E-5 1.61096E-4 2.6444E-4 2.1004E-4 1.65948E-4 2.12345E-4 2.60923E-4 2.4415E-4
4.77255E-5 4.6414E-5 5.53796E-5 6.48745E-5 6.09358E-5 6.91792E-5 6.71534E-5 5.55907E-5 4.66683E-5 3.61631E-5 3.36609E-5 4.62188E-5 6.61523E-5 5.97183E-5 3.42111E-5 6.34363E-6 8.61053E-6 2.1323E-6 1.57762E-6 5.90612E-6 7.7085E-6 3.03975E-5 1.24643E-6 1.14336E-6 1.05624E-5 4.76351E-6 1.40326E-5 4.57686E-5 4.6514E-5 5.77437E-5 6.44223E-5 6.68849E-5 8.55972E-5 2.99822E-4 6.64527E-5 7.76603E-5 1.04915E-4 1.4925E-4 5.76682E-5 1.46453E-4 1.01959E-4 1.42833E-4 1.86203E-4 1.63322E-4 1.27274E-4 1.01182E-4 9.7061E-5 9.68579E-5 1.22889E-4 1.42964E-4 1.47434E-4 1.34512E-4 1.10764E-4 1.16635E-4 1.29921E-4 1.28938E-4 1.2153E-4 1.49185E-4 1.05859E-4 7.21174E-5 2.08084E-4 1.81458E-4 1.45069E-4 1.81343E-4 2.02153E-4 1.92898E-4
3.66571E-5 4.85722E-5 5.35837E-5 7.20229E-5 6.78205E-5 6.25219E-5 8.17127E-5 6.11035E-5 5.37952E-5 4.31032E-5 6.10468E-5 6.15811E-5 7.20597E-5 4.65857E-5 4.53645E-5 3.28427E-5 6.00285E-6 1.03247E-5 7.70759E-6 5.76136E-6 1.06852E-6 1.4359E-5 2.67848E-6 6.52236E-6 8.44835E-5 6.87483E-5 5.46654E-5 4.37666E-5 3.72096E-5 4.64201E-5 5.15747E-5 5.29715E-5 6.15328E-5 6.19757E-5 5.85618E-5 7.06858E-5 9.22852E-5 1.14821E-4 4.50638E-5 6.13479E-5 4.27535E-5 5.78845E-5 1.36523E-4 1.57448E-4 1.27767E-4 1.24569E-4 1.32915E-4 1.2315E-4 1.10353E-4 1.01746E-4 1.11894E-4 1.05944E-4 9.05485E-5 9.04373E-5 9.59646E-5 1.12052E-4 1.42499E-4 1.86593E-4 1.4711E-4 3.82607E-5 1.72228E-4 1.38734E-4 1.3183E-4 1.42431E-4 1.50605E-4 1.47048E-4
2.607E-5 4.29868E-5 5.52824E-5 4.68069E-5 3.06531E-5 5.12935E-5 7.21815E-5 4.83521E-5 4.9487E-5 9.01403E-5 2.29825E-5 3.24218E-5 9.38912E-6 2.04558E-7 9.10817E-7 1.35127E-6 8.23422E-7 3.51393E-7 1.8818E-8 2.09049E-6 5.78477E-9 3.34548E-8 1.01352E-6 1.93749E-5 6.87797E-5 3.69819E-5 5.73498E-5 4.42088E-5 4.1954E-5 5.32408E-5 6.49406E-5 6.87889E-5 9.83861E-5 2.60952E-4 5.34937E-5 6.57763E-5 7.99655E-5 9.40449E-5 1.04232E-4 1.40567E-4 1.52938E-4 1.2511E-4 1.54437E-4 1.48872E-4 1.21177E-4 1.52934E-4 1.66102E-4 1.55993E-4 1.25919E-4 9.67858E-5 8.22615E-5 8.61984E-5 8.41698E-5 7.69093E-5 8.60431E-5 1.1513E-4 1.55255E-4 2.07739E-4 2.74626E-4 5.59826E-5 1.60332E-4 1.46993E-4 1.69051E-4 1.8746E-4 1.8535E-4 1.5819E-4
1.60373E-5 8.94519E-6 3.68927E-5 4.61695E-5 8.04605E-5 9.81033E-5 6.77304E-5 4.42053E-5 9.37587E-6 9.75739E-8 3.15061E-8 1.91081E-9 1.17861E-8 1.24037E-7 2.55735E-9 1.62489E-8 2.61001E-8 1.34262E-9 4.23943E-9 1.97142E-8 1.45885E-8 4.31198E-6 2.49349E-7 3.10285E-6 2.08007E-6 3.34822E-5 5.22021E-5 4.14393E-5 4.87328E-5 6.35607E-5 8.05529E-5 9.02844E-5 7.96294E-5 9.02777E-5 5.95076E-5 7.40515E-5 1.00717E-4 1.23916E-4 1.19397E-4 1.17644E-4 1.26323E-4 1.35038E-4 1.63115E-4 1.28219E-4 1.3359E-4 1.44292E-4 1.96663E-4 1.70884E-4 1.35565E-4 1.00819E-4 1.04941E-4 1.10992E-4 1.0594E-4 9.47772E-5 6.70505E-5 1.16559E-4 1.44683E-4 1.86385E-4 2.18785E-4 5.36324E-5 1.97777E-4 1.95138E-4 2.00152E-4 2.50396E-4 2.36382E-4 1.86837E-4
1.3194E-5 3.22926E-5 4.89558E-5 5.09306E-5 1.37499E-4 1.43457E-5 1.7504E-6 7.07848E-6 1.89324E-7 3.05149E-7 1.71577E-7 4.34852E-6 6.55107E-6 1.67611E-7 3.98799E-7 7.86385E-9 4.51547E-9 9.06207E-9 7.4732E-9 5.54407E-9 8.52335E-9 4.63437E-6 1.0408E-5 2.07578E-5 2.29184E-5 5.64708E-5 5.73686E-5 4.55546E-5 5.35334E-5 7.14893E-5 1.04449E-4 1.23104E-4 9.36585E-5 7.07478E-5 5.29753E-5 8.21835E-5 1.14461E-4 1.55586E-4 1.31121E-4 1.05408E-4 9.55921E-5 1.17634E-4 1.396E-4 1.1593E-4 1.08403E-4 1.16709E-4 2.06358E-4 1.72893E-4 1.39158E-4 1.15935E-4 1.40532E-4 1.50952E-4 1.42464E-4 1.20231E-4 7.90702E-5 1.40307E-4 1.76282E-4 1.94709E-4 1.56763E-4 2.05991E-4 2.44647E-4 2.47524E-4 2.0319E-4 2.60932E-4 2.48891E-4 1.92455E-4
2.24485E-5 1.74841E-5 3.12482E-5 6.10683E-5 3.16244E-5 5.33109E-6 1.9017E-6 4.3503E-6 1.35658E-5 1.35333E-5 3.7753E-5 3.04867E-5 1.34842E-6 5.68574E-7 1.36443E-6 8.11242E-8 4.33086E-7 2.71425E-8 6.56465E-8 3.5511E-6 1.02963E-6 1.67048E-6 2.18409E-5 6.24897E-5 9.44369E-6 2.05997E-5 4.61312E-5 4.68476E-5 5.21215E-5 6.90312E-5 8.05494E-5 1.06957E-4 9.48807E-5 7.40726E-5 8.7284E-5 9.01312E-5 1.29765E-4 1.49392E-4 1.19087E-4 9.33706E-5 1.01962E-4 1.32034E-4 1.85406E-4 1.52889E-4 1.21306E-4 1.50719E-4 1.76132E-4 1.08541E-4 6.11503E-5 1.30581E-4 1.42376E-4 1.93097E-4 1.72277E-4 1.39589E-4 1.25678E-4 1.49763E-4 2.02804E-4 2.58128E-4 1.5017E-4 5.5448E-5 2.2597E-4 2.28267E-4 2.13966E-4 2.20759E-4 1.98741E-4 1.67058E-4
