catData/rasterBestHybridModels/Pbengalensis/RD_RM1.5_L/Pbengalensis_stddev.asc
ncols         409
nrows         350
xllcorner     60.897278365
yllcorner     5.843756025
cellsize      0.0892857
NODATA_value  -9999
[rows 261 to 289 of 350, columns 132 to 197 of 409]
-9999 -9999 -9999 -9999 -9999 -9999 -9999 -9999 -9999 -9999 -9999 -9999 -9999 -9999 -9999 -9999 -9999 -9999 -9999 -9999 -9999 -9999 1.55703E-5 1.67184E-5 2.46763E-5 5.41417E-5 3.38323E-5 1.40077E-5 3.07455E-5 2.10274E-5 9.53533E-6 9.27688E-6 8.73888E-6 1.05367E-5 1.83326E-5 1.6199E-5 1.05117E-5 1.19072E-6 1.53252E-7 7.14229E-7 1.25108E-6 5.74625E-6 7.02841E-7 8.17697E-7 2.02425E-6 4.12985E-6 2.4083E-6 1.55511E-6 5.23189E-6 1.32595E-7 8.88393E-7 2.49926E-7 2.59448E-7 2.58433E-7 9.15276E-7 1.12533E-7 6.51366E-8 4.80947E-7 5.49952E-6 3.13275E-6 3.20917E-6 1.39489E-7 4.18532E-7 1.39322E-6 4.40979E-6 2.49818E-6
-9999 -9999 -9999 -9999 -9999 -9999 -9999 -9999 -9999 -9999 -9999 -9999 -9999 -9999 -9999 -9999 -9999 -9999 -9999 -9999 -9999 -9999 2.69509E-5 1.87712E-5 1.7354E-5 3.89745E-5 2.06128E-5 1.90371E-5 3.08167E-5 2.23127E-5 1.1633E-5 2.51567E-5 1.4839E-5 7.80846E-6 1.30167E-5 7.75995E-6 9.16458E-7 8.86117E-7 5.61916E-7 7.06364E-7 1.14198E-6 5.28545E-6 1.63136E-6 9.4271E-8 1.38856E-7 3.73732E-7 5.03193E-7 1.93867E-6 3.8267E-7 2.49931E-7 1.73528E-6 2.59809E-6 6.49264E-7 5.5023E-6 3.27172E-7 6.27572E-7 1.08373E-7 8.68948E-7 4.14368E-6 4.63904E-6 8.82279E-7 1.1682E-6 2.08292E-6 2.28832E-6 6.91827E-6 1.22013E-6
-9999 -9999 -9999 -9999 -9999 -9999 -9999 -9999 -9999 -9999 -9999 -9999 -9999 -9999 -9999 -9999 -9999 -9999 -9999 -9999 -9999 -9999 1.99591E-5 1.87402E-5 1.56328E-5 1.48049E-5 2.41976E-5 3.05803E-5 1.10943E-5 3.8827E-5 3.34999E-5 3.06621E-5 2.06099E-5 9.05525E-6 1.13628E-5 8.67449E-6 5.22764E-6 1.26936E-6 6.28963E-7 1.16447E-7 6.82248E-8 1.05894E-6 2.32402E-7 3.39691E-7 2.35977E-7 7.63509E-7 3.57099E-7 3.80192E-7 5.02753E-8 1.40948E-6 2.93072E-6 1.83929E-7 1.01173E-6 5.97487E-6 2.12978E-6 1.52458E-7 1.04611E-6 4.39598E-7 7.57632E-7 3.84963E-7 1.09193E-7 2.28556E-6 5.8904E-7 6.36622E-6 8.45621E-6 4.54825E-6
-9999 -9999 -9999 -9999 -9999 -9999 -9999 -9999 -9999 -9999 -9999 -9999 -9999 -9999 -9999 -9999 -9999 -9999 -9999 -9999 -9999 -9999 1.39526E-5 1.82465E-5 1.4117E-5 1.70049E-5 8.45347E-5 4.22658E-5 3.79811E-5 3.68285E-5 1.02078E-4 1.63366E-5 1.69814E-5 1.02015E-5 3.36634E-5 6.70034E-6 6.22E-6 5.36619E-7 1.43007E-7 3.99103E-8 6.72935E-7 5.2513E-7 2.64464E-7 5.31904E-7 2.93167E-6 1.59846E-6 3.35191E-7 5.91744E-7 4.8849E-8 3.36144E-7 9.80667E-8 3.83568E-7 1.86668E-6 1.97022E-6 1.89122E-6 5.2331E-6 2.15849E-6 4.4356E-6 4.93596E-7 1.10325E-7 6.46116E-8 1.83506E-7 4.49949E-7 6.49803E-6 8.97742E-6 8.058E-6
-9999 -9999 -9999 -9999 -9999 -9999 -9999 -9999 -9999 -9999 -9999 -9999 -9999 -9999 -9999 -9999 -9999 -9999 -9999 -9999 -9999 -9999 -9999 2.24394E-5 2.139E-5 1.38618E-5 3.48427E-5 2.15046E-5 8.96829E-5 9.36654E-5 4.55157E-5 1.59811E-5 3.92877E-5 1.10428E-4 4.97328E-5 1.21386E-5 8.04485E-6 6.65211E-6 3.13322E-6 5.16512E-7 1.21643E-5 7.57022E-7 3.65451E-7 7.43546E-7 9.97825E-7 1.55283E-6 4.47695E-7 3.22153E-6 2.14985E-6 3.27906E-6 8.79499E-6 1.40937E-6 6.65042E-7 8.43616E-6 6.96956E-6 8.73124E-6 7.97831E-6 1.17611E-5 6.76295E-6 2.46051E-6 8.46017E-6 1.28721E-5 1.02774E-5 6.99192E-6 8.2394E-6 1.17689E-5
-9999 -9999 -9999 -9999 -9999 -9999 -9999 -9999 -9999 -9999 -9999 -9999 -9999 -9999 -9999 -9999 -9999 -9999 -9999 -9999 -9999 -9999 -9999 2.07853E-5 2.25992E-5 1.74609E-5 2.31558E-5 1.9766E-5 3.78415E-5 2.95841E-5 3.83993E-5 1.47419E-5 1.49087E-5 3.8311E-5 2.69197E-5 1.31298E-6 7.05003E-6 7.96028E-6 1.03939E-5 1.88574E-6 1.49466E-6 6.96871E-6 1.30063E-6 9.2506E-7 3.42132E-6 5.13526E-6 1.70162E-6 2.35501E-6 1.22564E-6 4.24402E-6 6.013E-6 3.2476E-7 2.76458E-6 1.2015E-5 1.7549E-5 1.02934E-5 1.14622E-5 1.71664E-5 5.19906E-6 3.6132E-6 7.11864E-6 1.32061E-5 1.27316E-5 5.62035E-6 2.36917E-6 3.32195E-6
-9999 -9999 -9999 -9999 -9999 -9999 -9999 -9999 -9999 -9999 -9999 -9999 -9999 -9999 -9999 -9999 -9999 -9999 -9999 -9999 -9999 -9999 -9999 2.78364E-5 5.54614E-5 4.51509E-5 2.26973E-5 1.88136E-5 1.01644E-5 1.2103E-5 5.35752E-5 3.17062E-5 5.44019E-5 9.43435E-5 1.48858E-5 1.58095E-5 1.34334E-5 7.99022E-6 4.01831E-6 5.34642E-6 5.1722E-6 5.92932E-6 1.48711E-6 4.33171E-6 8.09178E-7 3.91232E-6 1.30402E-6 6.83239E-7 4.35922E-6 3.15811E-6 5.39484E-6 8.00341E-7 9.515E-6 6.57588E-6 1.10053E-5 8.87545E-6 7.50049E-6 6.7017E-6 4.19791E-6 1.23776E-6 3.05144E-6 1.06461E-5 7.9871E-6 5.21477E-6 4.85913E-6 5.86629E-6
-9999 -9999 -9999 -9999 -9999 -9999 -9999 -9999 -9999 -9999 -9999 -9999 -9999 -9999 -9999 -9999 -9999 -9999 -9999 -9999 -9999 -9999 -9999 2.45643E-5 2.69978E-5 3.17586E-5 1.8808E-5 1.37487E-5 1.78786E-5 1.89409E-5 4.37632E-5 2.52471E-5 3.76344E-5 1.03749E-4 2.50857E-5 2.2426E-5 1.35997E-5 1.04012E-5 9.85949E-6 7.96135E-7 4.48074E-7 5.55822E-6 9.23757E-6 6.77691E-6 4.66183E-7 5.38688E-7 4.85716E-8 6.02594E-8 2.62121E-6 5.69254E-6 2.81167E-6 7.58281E-8 7.78811E-6 1.32663E-5 2.73307E-6 1.2686E-5 1.19246E-5 1.30271E-6 1.40188E-6 6.95003E-7 1.27457E-5 5.96305E-6 4.99886E-6 5.18145E-6 9.2638E-6 2.91827E-6
-9999 -9999 -9999 -9999 -9999 -9999 -9999 -9999 -9999 -9999 -9999 -9999 -9999 -9999 -9999 -9999 -9999 -9999 -9999 -9999 -9999 -9999 -9999 -9999 2.04569E-5 7.31056E-5 2.03638E-5 1.16276E-5 1.45375E-5 3.62495E-5 9.82067E-5 7.10547E-5 2.60576E-5 5.1073E-5 4.69141E-5 2.54311E-5 1.41912E-5 5.56087E-6 1.56465E-5 1.8531E-6 8.59337E-7 4.58823E-6 2.65323E-6 6.93882E-6 1.04136E-5 1.0919E-6 1.19235E-7 4.94391E-8 3.73387E-6 3.07104E-7 7.61067E-7 1.96559E-6 4.62449E-6 2.83802E-6 1.24177E-5 1.40484E-5 1.257E-5 6.73645E-6 1.76175E-7 1.42332E-6 4.29842E-6 9.01265E-6 6.9782E-6 4.61674E-6 7.803E-6 3.1248E-6
-9999 -9999 -9999 -9999 -9999 -9999 -9999 -9999 -9999 -9999 -9999 -9999 -9999 -9999 -9999 -9999 -9999 -9999 -9999 -9999 -9999 -9999 -9999 -9999 2.54835E-5 1.98492E-5 2.23291E-5 1.36195E-5 1.36906E-5 3.4249E-5 1.43574E-4 1.70383E-4 4.47256E-5 4.05124E-5 6.98963E-5 6.08344E-5 2.0271E-5 1.6296E-5 1.47921E-5 7.02794E-6 3.21643E-6 1.65761E-5 1.13796E-5 8.59967E-6 8.05347E-6 2.23107E-6 2.7437E-7 1.2777E-6 9.36348E-7 2.81941E-6 1.61442E-5 1.4974E-5 8.22071E-6 7.13615E-6 3.87366E-5 3.8083E-5 2.17696E-6 1.10851E-6 1.28265E-7 8.19425E-6 7.62453E-7 7.88679E-6 2.93196E-6 8.72155E-6 2.97402E-6 2.47783E-6
-9999 -9999 -9999 -9999 -9999 -9999 -9999 -9999 -9999 -9999 -9999 -9999 -9999 -9999 -9999 -9999 -9999 -9999 -9999 -9999 -9999 -9999 -9999 -9999 2.86448E-5 2.97144E-5 2.7947E-5 1.55577E-5 1.57036E-5 1.90412E-5 8.17529E-5 2.2028E-4 7.9493E-5 5.5055E-5 3.01467E-5 3.99494E-5 3.22283E-5 1.86333E-5 1.67163E-5 1.23746E-5 1.2667E-5 2.3131E-5 1.69356E-5 1.25414E-5 9.40567E-6 6.726E-6 2.26283E-6 6.51578E-6 1.28552E-6 7.46866E-6 9.83608E-6 8.01399E-6 5.08122E-6 4.20113E-6 8.74123E-6 7.23515E-6 3.4866E-7 9.39104E-6 7.83018E-6 6.55905E-6 5.74857E-6 6.7374E-6 8.93247E-6 6.65565E-6 7.6019E-6 5.82435E-6
-9999 -9999 -9999 -9999 -9999 -9999 -9999 -9999 -9999 -9999 -9999 -9999 -9999 -9999 -9999 -9999 -9999 -9999 -9999 -9999 -9999 -9999 -9999 -9999 3.02443E-5 3.32333E-5 1.46744E-5 1.82752E-5 2.64228E-5 1.42083E-5 2.76889E-5 4.67517E-5 1.01442E-4 1.80448E-5 4.75292E-5 9.22236E-5 2.74887E-5 2.30975E-5 1.57159E-5 1.0913E-5 4.54038E-6 8.82545E-6 2.91579E-6 8.98015E-6 4.42408E-6 3.29348E-6 1.1341E-6 2.44357E-6 1.68054E-6 7.29635E-6 9.22084E-6 1.58449E-5 1.05562E-5 7.03434E-6 8.07814E-6 3.07316E-6 4.94537E-6 1.32301E-5 1.17419E-5 5.20737E-6 4.22402E-6 5.94277E-6 1.01342E-5 9.72269E-6 9.72137E-6 7.56746E-6
-9999 -9999 -9999 -9999 -9999 -9999 -9999 -9999 -9999 -9999 -9999 -9999 -9999 -9999 -9999 -9999 -9999 -9999 -9999 -9999 -9999 -9999 -9999 -9999 -9999 2.10196E-5 1.40983E-5 1.49389E-5 1.66828E-5 2.159E-5 4.17314E-5 6.53753E-5 1.54227E-4 2.7028E-5 1.14065E-4 1.31767E-4 2.75564E-5 1.65535E-5 1.38206E-5 1.06701E-5 3.1455E-6 1.14087E-5 1.3118E-5 7.32644E-6 1.04717E-5 7.58053E-6 9.61936E-7 6.98855E-6 1.63847E-5 8.37177E-6 1.99047E-5 1.38603E-5 1.25738E-5 1.45565E-6 2.38235E-6 1.34319E-5 9.88213E-6 9.58492E-6 3.30668E-6 6.08226E-6 1.10792E-6 5.11432E-6 8.77671E-6 8.68566E-6 6.43289E-6 8.66435E-7
-9999 -9999 -9999 -9999 -9999 -9999 -9999 -9999 -9999 -9999 -9999 -9999 -9999 -9999 -9999 -9999 -9999 -9999 -9999 -9999 -9999 -9999 -9999 -9999 -9999 -9999 1.59263E-5 1.12733E-5 1.50757E-5 2.98752E-5 7.32745E-5 8.79403E-5 1.1255E-4 1.80056E-5 1.53636E-4 2.68213E-4 1.73299E-5 1.73958E-5 1.36467E-5 8.18255E-6 1.50793E-6 8.32372E-6 1.15058E-5 2.03899E-6 4.89397E-6 7.68259E-6 1.1877E-5 1.36927E-5 2.25282E-5 1.36954E-5 1.28474E-5 9.7028E-6 1.4542E-5 6.60603E-6 3.78574E-6 7.05201E-6 1.18608E-5 1.54672E-5 1.26154E-5 5.7622E-6 4.22478E-6 8.87205E-6 9.86631E-6 1.47418E-6 2.57599E-6 7.58218E-6
-9999 -9999 -9999 -9999 -9999 -9999 -9999 -9999 -9999 -9999 -9999 -9999 -9999 -9999 -9999 -9999 -9999 -9999 -9999 -9999 -9999 -9999 -9999 -9999 -9999 -9999 2.20302E-5 1.28344E-5 4.31214E-5 1.4846E-4 1.61893E-4 1.85513E-4 6.26844E-5 6.19712E-5 1.49759E-4 1.08984E-4 2.4352E-5 1.44046E-5 7.71655E-6 3.28954E-6 7.88578E-6 4.07864E-6 7.72215E-6 1.92875E-6 8.29581E-6 7.60501E-6 1.37372E-5 1.83685E-5 1.09476E-5 7.60027E-6 5.64815E-6 7.4551E-6 3.21911E-6 6.47587E-6 8.61332E-6 7.86536E-6 1.28143E-5 6.22015E-6 8.65234E-6 8.23926E-6 1.03661E-6 7.22895E-6 7.53106E-6 1.04018E-6 5.546E-6 7.99405E-6
-9999 -9999 -9999 -9999 -9999 -9999 -9999 -9999 -9999 -9999 -9999 -9999 -9999 -9999 -9999 -9999 -9999 -9999 -9999 -9999 -9999 -9999 -9999 -9999 -9999 -9999 -9999 1.58555E-5 9.70773E-5 7.84734E-5 2.54318E-5 1.98256E-5 2.69837E-5 1.06608E-4 1.18146E-4 9.21503E-5 3.28305E-5 1.35587E-5 1.45729E-5 9.22305E-6 9.51176E-6 7.391E-6 5.38555E-6 2.04387E-5 1.78661E-5 1.38429E-5 1.20917E-5 1.41671E-5 1.94845E-5 3.17184E-5 1.09184E-5 5.6299E-6 2.01907E-6 4.41549E-7 1.17241E-6 6.66462E-6 8.20145E-6 1.33348E-5 1.54171E-5 6.30786E-6 1.96201E-7 1.16232E-5 4.81949E-7 1.91225E-6 1.15533E-6 8.90862E-6
-9999 -9999 -9999 -9999 -9999 -9999 -9999 -9999 -9999 -9999 -9999 -9999 -9999 -9999 -9999 -9999 -9999 -9999 -9999 -9999 -9999 -9999 -9999 -9999 -9999 -9999 -9999 2.57131E-5 1.30423E-5 6.50554E-5 1.80649E-4 2.12034E-5 4.68942E-5 9.38785E-5 7.34867E-5 4.49999E-5 6.03649E-5 2.50082E-5 2.27779E-5 1.37509E-5 1.94916E-5 1.21076E-5 7.32504E-6 3.51222E-5 2.08462E-5 9.97633E-6 1.62134E-5 1.18931E-5 1.22698E-5 6.68967E-6 4.40708E-6 3.72305E-6 4.39587E-6 4.62252E-6 4.8837E-6 4.48934E-6 3.63707E-6 3.70638E-6 1.17064E-5 2.59792E-6 4.36742E-6 3.03162E-6 5.01395E-6 8.45482E-7 1.35673E-6 3.20214E-6
-9999 -9999 -9999 -9999 -9999 -9999 -9999 -9999 -9999 -9999 -9999 -9999 -9999 -9999 -9999 -9999 -9999 -9999 -9999 -9999 -9999 -9999 -9999 -9999 -9999 -9999 -9999 -9999 1.51121E-5 1.57143E-5 7.1879E-5 1.66858E-4 6.77824E-5 4.87934E-5 6.32901E-5 5.72378E-5 9.49754E-5 1.87895E-5 1.4128E-5 1.16801E-5 1.47103E-5 8.50054E-6 3.93413E-6 1.19763E-5 1.26767E-5 6.87613E-6 7.10913E-6 1.7112E-5 7.94024E-6 1.23473E-5 9.8514E-6 4.03708E-6 4.82109E-6 6.22778E-6 4.64422E-6 3.79476E-6 3.29238E-6 8.0856E-6 1.0061E-5 9.10468E-6 7.7952E-6 2.72253E-6 1.5028E-6 2.48815E-6 8.21928E-7 1.54045E-7
-9999 -9999 -9999 -9999 -9999 -9999 -9999 -9999 -9999 -9999 -9999 -9999 -9999 -9999 -9999 -9999 -9999 -9999 -9999 -9999 -9999 -9999 -9999 -9999 -9999 -9999 -9999 -9999 2.07887E-5 1.48284E-5 4.91713E-5 2.32949E-4 9.83396E-5 4.74473E-5 5.78293E-5 4.50803E-5 9.01453E-5 8.25439E-5 2.21198E-5 1.01289E-5 1.49535E-5 1.33375E-5 7.6761E-6 8.94818E-6 1.68231E-5 1.31447E-5 1.05197E-5 9.94857E-6 7.99677E-6 2.74818E-5 1.16121E-5 6.70347E-6 2.90779E-6 3.82138E-6 5.51711E-6 4.56428E-6 4.02884E-6 8.8569E-6 1.53304E-5 4.81931E-6 7.13082E-6 7.61429E-6 6.48194E-6 4.51818E-6 6.29387E-6 5.53149E-6
-9999 -9999 -9999 -9999 -9999 -9999 -9999 -9999 -9999 -9999 -9999 -9999 -9999 -9999 -9999 -9999 -9999 -9999 -9999 -9999 -9999 -9999 -9999 -9999 -9999 -9999 -9999 -9999 2.76358E-5 2.64067E-5 2.46177E-5 1.88605E-5 1.78708E-5 3.51032E-5 5.06276E-5 2.15771E-5 1.42349E-4 9.31862E-5 3.36557E-5 9.25083E-6 1.49619E-6 1.07636E-5 1.14472E-5 9.1697E-6 1.12598E-5 1.07027E-5 7.62292E-6 9.22995E-6 2.32766E-5 1.48326E-5 9.30224E-6 5.75822E-6 4.13637E-6 3.5209E-6 1.70604E-5 5.54719E-6 4.42017E-6 1.56434E-6 8.28213E-6 6.38879E-6 7.36928E-6 1.19372E-5 1.02096E-5 5.96273E-6 4.0711E-6 6.04054E-6
-9999 -9999 -9999 -9999 -9999 -9999 -9999 -9999 -9999 -9999 -9999 -9999 -9999 -9999 -9999 -9999 -9999 -9999 -9999 -9999 -9999 -9999 -9999 -9999 -9999 -9999 -9999 -9999 -9999 2.42195E-5 1.95694E-5 1.41152E-5 2.08295E-5 2.12575E-5 7.8379E-5 2.36727E-5 1.85901E-5 1.69961E-4 2.58203E-5 9.85445E-6 7.9596E-6 9.85917E-6 1.31397E-5 9.17824E-6 7.67001E-6 6.74344E-6 9.0419E-6 1.03508E-5 1.15157E-5 1.75275E-5 7.26049E-5 3.97324E-6 3.56944E-6 5.65317E-6 1.7945E-5 4.59581E-6 5.47273E-6 3.94892E-6 4.96914E-6 3.34277E-6 5.29392E-6 2.05135E-6 4.59474E-6 1.16839E-5 2.47387E-6 1.51456E-5
-9999 -9999 -9999 -9999 -9999 -9999 -9999 -9999 -9999 -9999 -9999 -9999 -9999 -9999 -9999 -9999 -9999 -9999 -9999 -9999 -9999 -9999 -9999 -9999 -9999 -9999 -9999 -9999 -9999 -9999 2.11492E-5 1.82519E-5 2.95337E-5 1.26731E-4 1.02709E-4 1.63654E-4 3.53635E-5 1.08769E-4 2.71887E-5 8.89321E-6 7.11811E-6 8.62855E-6 8.57977E-6 7.7853E-6 1.08049E-5 4.34853E-6 3.8046E-6 1.24344E-5 1.3303E-5 9.33066E-6 7.53847E-5 1.00839E-5 5.76234E-6 8.43384E-6 5.68068E-5 1.66714E-5 6.46506E-6 7.01954E-6 9.41901E-6 5.91016E-6 9.61664E-7 1.54433E-5 4.18136E-5 3.05592E-5 3.87347E-5 2.11908E-5
-9999 -9999 -9999 -9999 -9999 -9999 -9999 -9999 -9999 -9999 -9999 -9999 -9999 -9999 -9999 -9999 -9999 -9999 -9999 -9999 -9999 -9999 -9999 -9999 -9999 -9999 -9999 -9999 -9999 -9999 -9999 2.30513E-5 1.50681E-5 2.3093E-5 2.66199E-5 5.31586E-5 1.0629E-4 1.34753E-4 1.0905E-4 2.26347E-4 6.54231E-5 8.56218E-6 6.89681E-6 1.07715E-5 1.78366E-5 1.53684E-5 8.63839E-6 3.07396E-6 2.948E-6 7.82346E-6 2.75855E-5 1.04553E-5 3.222E-5 2.5404E-5 1.46383E-5 7.77183E-6 1.31399E-5 9.94069E-6 6.04699E-6 8.941E-6 7.72545E-7 1.83646E-5 2.52481E-5 2.49976E-5 2.00185E-5 6.97078E-6
-9999 -9999 -9999 -9999 -9999 -9999 -9999 -9999 -9999 -9999 -9999 -9999 -9999 -9999 -9999 -9999 -9999 -9999 -9999 -9999 -9999 -9999 -9999 -9999 -9999 -9999 -9999 -9999 -9999 -9999 -9999 -9999 2.10983E-5 3.33874E-5 2.66019E-5 7.29891E-5 6.43046E-5 2.19615E-4 1.30016E-4 2.94116E-4 2.68058E-5 6.04209E-5 1.79515E-5 1.29383E-5 1.146E-5 8.00789E-6 8.34386E-6 5.17807E-6 6.63366E-6 3.0079E-5 1.08816E-5 5.16691E-6 1.30292E-5 1.17364E-5 2.21936E-5 7.90818E-6 1.56053E-5 3.79315E-6 1.08353E-5 1.10344E-5 1.12585E-5 1.17392E-5 4.85745E-7 2.72982E-6 6.46717E-6 1.10478E-5
-9999 -9999 -9999 -9999 -9999 -9999 -9999 -9999 -9999 -9999 -9999 -9999 -9999 -9999 -9999 -9999 -9999 -9999 -9999 -9999 -9999 -9999 -9999 -9999 -9999 -9999 -9999 -9999 -9999 -9999 -9999 -9999 2.77973E-5 1.52468E-5 1.62189E-5 4.87487E-5 2.88607E-5 3.10478E-4 1.86706E-4 3.03183E-5 3.33442E-5 6.11945E-5 2.30522E-5 2.48277E-5 2.51304E-5 1.09658E-5 4.96831E-6 4.42202E-6 5.88291E-6 2.65914E-5 3.11799E-5 2.52762E-5 7.84269E-5 3.86577E-5 2.2732E-5 2.06234E-6 1.05876E-5 1.06644E-5 1.03459E-5 1.32578E-5 1.74615E-6 5.03354E-6 8.76377E-6 8.99005E-7 3.06415E-7 8.2127E-6
-9999 -9999 -9999 -9999 -9999 -9999 -9999 -9999 -9999 -9999 -9999 -9999 -9999 -9999 -9999 -9999 -9999 -9999 -9999 -9999 -9999 -9999 -9999 -9999 -9999 -9999 -9999 -9999 -9999 -9999 -9999 -9999 2.0464E-5 1.72906E-5 2.81399E-5 5.94007E-5 7.49746E-5 1.48332E-4 1.09915E-4 5.55055E-5 1.25847E-4 1.8317E-4 7.77031E-5 8.89448E-5 9.75081E-5 3.93134E-5 6.0424E-5 5.85708E-5 4.80478E-6 9.9949E-6 1.36378E-5 1.52188E-5 1.27447E-5 1.29031E-5 1.25637E-5 5.4986E-6 8.25511E-6 4.02894E-6 9.52615E-7 1.00117E-5 1.05948E-5 1.02114E-5 1.36518E-5 2.13462E-6 4.9121E-6 6.62755E-6
-9999 -9999 -9999 -9999 -9999 -9999 -9999 -9999 -9999 -9999 -9999 -9999 -9999 -9999 -9999 -9999 -9999 -9999 -9999 -9999 -9999 -9999 -9999 -9999 -9999 -9999 -9999 -9999 -9999 -9999 -9999 -9999 -9999 1.53625E-5 2.02005E-5 2.06047E-5 5.70989E-5 3.05433E-4 8.27635E-5 6.16217E-5 3.13109E-5 7.23272E-5 1.88134E-4 1.48778E-4 5.18301E-4 3.64929E-4 7.1192E-4 6.46443E-5 1.66112E-5 4.42963E-6 3.4415E-6 1.67929E-5 1.32709E-5 1.82265E-5 1.02974E-5 9.9645E-6 9.97706E-6 1.45867E-7 1.6591E-7 3.58012E-6 6.87225E-6 1.14295E-5 1.00803E-5 1.28442E-5 6.84746E-6 8.57873E-6
-9999 -9999 -9999 -9999 -9999 -9999 -9999 -9999 -9999 -9999 -9999 -9999 -9999 -9999 -9999 -9999 -9999 -9999 -9999 -9999 -9999 -9999 -9999 -9999 -9999 -9999 -9999 -9999 -9999 -9999 -9999 -9999 -9999 -9999 1.73849E-5 2.33205E-5 2.46574E-5 6.05918E-5 1.27783E-4 1.94477E-5 1.64253E-5 4.23586E-5 1.92097E-4 1.48681E-4 2.01444E-4 3.05583E-4 2.1726E-4 3.94914E-5 1.14989E-5 1.0736E-5 1.58717E-6 1.86132E-6 1.86463E-6 1.04097E-7 1.08656E-5 8.81218E-6 6.56052E-6 2.26612E-6 1.06008E-7 3.49807E-7 3.07835E-6 6.16963E-6 8.70437E-6 6.27698E-6 1.10943E-5 1.77766E-5
-9999 -9999 -9999 -9999 -9999 -9999 -9999 -9999 -9999 -9999 -9999 -9999 -9999 -9999 -9999 -9999 -9999 -9999 -9999 -9999 -9999 -9999 -9999 -9999 -9999 -9999 -9999 -9999 -9999 -9999 -9999 -9999 -9999 -9999 -9999 2.10566E-5 2.02869E-5 1.66932E-5 1.54837E-5 1.09381E-5 2.97906E-5 1.85904E-4 9.50754E-5 3.536E-5 8.33047E-5 6.00439E-5 2.05759E-5 1.46928E-5 5.8176E-6 2.21463E-6 1.52841E-6 1.90073E-7 1.82997E-6 1.72065E-7 2.99709E-6 6.52103E-6 7.42845E-6 7.79595E-6 2.85311E-6 4.84943E-6 5.02384E-6 8.43954E-6 6.41979E-6 1.35108E-5 1.06092E-5 1.49399E-5
