catData/rasterBestHybridModels/Pbengalensis/RD_RM1.5_L/Pbengalensis_avg.asc
ncols         409
nrows         350
xllcorner     60.897278365
yllcorner     5.843756025
cellsize      0.0892857
NODATA_value  -9999
[rows 116 to 144 of 350, columns 132 to 197 of 409]
1.07273E-5 1.1884E-5 1.2824E-5 1.35043E-5 1.30482E-5 1.22018E-5 1.45334E-5 1.6495E-5 1.85299E-5 1.9704E-5 1.87482E-5 2.00756E-5 2.65587E-5 3.65779E-5 4.58067E-5 3.0143E-5 3.63796E-5 2.79518E-5 4.88227E-7 5.46003E-6 2.40717E-6 4.80816E-6 1.75054E-6 1.39337E-6 1.67445E-6 1.13348E-5 3.18049E-5 3.72878E-5 3.96356E-5 3.46649E-5 2.77525E-5 2.16772E-5 2.095E-5 2.46023E-5 2.37139E-5 4.05639E-5 4.61426E-5 4.17433E-5 1.7596E-5 3.49545E-5 3.93894E-5 1.64702E-5 6.14871E-6 1.63807E-5 2.69231E-5 2.74736E-5 3.16258E-5 4.17555E-5 5.19354E-5 4.79919E-5 3.65362E-5 2.81994E-5 2.68358E-5 3.6068E-5 4.75208E-5 5.31608E-5 4.1988E-5 5.0828E-5 5.68363E-5 4.39377E-5 4.06651E-5 5.32312E-5 5.60317E-5 5.83663E-5 5.04167E-5 3.82122E-5
1.37439E-5 1.58508E-5 1.74428E-5 1.82832E-5 1.77429E-5 1.59418E-5 1.82355E-5 2.22982E-5 2.48393E-5 2.62782E-5 1.05714E-5 2.23497E-5 2.73034E-5 3.62187E-5 4.59931E-5 4.75455E-5 3.71054E-5 5.33686E-6 2.84797E-6 6.80428E-7 2.03907E-5 2.72219E-6 6.71914E-6 3.3453E-6 3.0801E-6 2.76689E-5 2.76527E-5 2.82715E-5 2.88022E-5 2.6868E-5 1.99066E-5 1.87971E-5 1.61072E-5 1.21063E-5 3.34844E-5 4.50099E-5 6.01084E-5 4.7121E-5 3.52247E-5 4.13032E-5 4.50121E-5 7.08337E-6 2.13362E-5 3.07195E-5 3.5937E-5 3.73842E-5 3.34554E-5 3.79025E-5 3.23572E-5 3.96605E-5 3.18887E-5 2.48448E-5 2.70218E-5 3.65921E-5 4.70193E-5 5.2045E-5 4.15698E-5 4.26143E-5 4.5676E-5 4.49029E-5 4.07281E-5 4.21931E-5 4.33644E-5 4.94824E-5 4.54163E-5 3.97755E-5
1.73343E-5 2.10159E-5 2.39481E-5 2.51044E-5 2.39119E-5 2.08398E-5 2.11126E-5 2.67809E-5 3.17648E-5 2.95747E-5 1.57158E-5 2.81807E-5 2.51182E-5 2.26895E-5 2.29266E-5 3.54294E-5 2.68783E-5 1.24768E-5 2.55669E-5 4.14593E-5 3.19833E-5 2.35894E-5 2.70029E-6 9.29242E-6 1.85044E-6 3.02436E-5 2.30534E-5 2.02884E-5 2.24812E-5 2.48642E-5 2.52405E-5 2.33186E-5 2.01645E-5 1.74925E-5 3.05384E-5 3.37062E-5 4.33584E-5 3.40267E-5 3.16105E-5 3.44262E-5 3.7585E-5 3.08588E-5 2.38507E-5 2.70288E-5 4.66403E-5 4.37313E-5 1.9739E-5 2.48571E-5 3.78068E-5 8.72817E-8 2.99031E-8 3.24475E-6 3.21278E-7 7.84617E-8 1.34927E-6 7.02635E-6 9.72275E-6 1.73072E-5 4.66893E-5 6.0476E-5 4.85122E-5 3.68579E-5 2.4992E-5 4.18569E-5 2.60389E-5 4.77449E-5
2.07452E-5 2.66544E-5 3.17996E-5 3.3969E-5 3.11145E-5 2.59514E-5 2.25861E-5 3.00073E-5 3.84483E-5 4.0164E-5 2.68604E-5 1.38852E-5 2.28759E-5 1.97389E-5 2.68509E-5 3.24305E-6 7.72843E-6 1.43312E-5 7.01798E-6 1.63809E-5 9.3833E-6 7.63454E-6 2.97418E-5 2.53963E-5 3.49109E-5 3.16671E-5 2.62719E-5 1.55505E-5 2.52895E-5 3.39482E-5 3.44746E-5 3.03553E-5 2.47157E-5 2.60907E-5 3.45528E-5 4.39163E-5 4.68905E-5 2.50437E-5 1.93471E-5 2.78611E-5 3.66711E-5 3.5832E-5 3.10185E-5 3.58833E-5 2.2434E-5 1.05901E-5 1.96791E-5 2.24668E-5 3.41745E-6 2.36363E-7 9.94789E-10 4.17215E-9 8.20964E-8 3.33528E-7 2.77635E-6 3.89735E-6 3.20109E-5 4.70813E-5 4.18313E-5 2.01128E-5 4.30672E-5 2.22107E-5 1.52934E-5 1.77178E-5 2.62298E-5 4.6813E-5
2.35304E-5 3.10813E-5 4.0811E-5 5.24181E-5 3.9473E-5 2.97726E-5 2.31689E-5 2.89212E-5 3.82467E-5 4.59626E-5 3.07876E-5 8.16965E-6 2.40463E-5 2.33095E-5 8.81684E-6 1.18391E-6 2.80688E-6 1.64381E-5 3.709E-6 4.34698E-6 7.60653E-6 3.49052E-6 1.27205E-5 3.73227E-5 3.84938E-5 2.86316E-5 2.51975E-5 2.92174E-5 2.29302E-5 1.43942E-5 3.4349E-5 3.15372E-5 1.82908E-5 2.92004E-5 3.55852E-5 4.0309E-5 4.48662E-5 3.01322E-5 3.08613E-5 1.2034E-5 2.6837E-5 2.64158E-5 2.42865E-5 1.95388E-5 2.28117E-6 1.56898E-5 1.40461E-5 6.12262E-7 4.50269E-7 1.82709E-8 5.45141E-7 6.12283E-7 5.30944E-6 8.10198E-6 3.16117E-5 5.44684E-5 4.14489E-5 3.37802E-5 1.09728E-5 7.70828E-8 5.50768E-6 1.59451E-5 2.33273E-5 1.30132E-5 3.23629E-5 3.84881E-5
2.39753E-5 3.15941E-5 4.24409E-5 5.38422E-5 4.23345E-5 3.05858E-5 2.30789E-5 2.49284E-5 3.08131E-5 1.88896E-5 1.90384E-5 4.71734E-5 4.15725E-5 4.76474E-5 2.02547E-5 9.50244E-6 1.04618E-5 9.53674E-6 2.34492E-5 8.62791E-7 3.14175E-7 2.48615E-6 3.51703E-5 3.43635E-5 3.17717E-5 2.26581E-5 3.10453E-5 3.84004E-5 3.56718E-5 2.60556E-5 3.0734E-5 2.78287E-5 2.48852E-5 3.69982E-5 3.77503E-5 2.00042E-5 2.49724E-5 2.53932E-5 2.73142E-5 1.34569E-5 2.28907E-5 1.29937E-5 1.83027E-5 2.38252E-5 2.00415E-5 4.97136E-6 1.19971E-5 1.81933E-7 6.91481E-8 5.80992E-7 3.95352E-7 4.869E-6 2.23809E-5 3.77137E-6 3.87676E-5 1.3557E-5 3.76829E-6 1.83045E-6 4.05508E-8 1.28492E-7 1.55934E-5 5.33065E-5 3.00539E-5 1.29451E-5 3.03341E-5 3.54804E-5
2.17798E-5 2.73415E-5 3.29875E-5 3.75834E-5 3.48785E-5 2.87265E-5 2.27323E-5 2.05691E-5 2.4285E-5 3.15719E-5 4.24434E-5 5.47568E-5 4.28175E-5 2.24094E-5 9.52478E-7 2.31394E-5 1.02304E-5 2.57264E-5 2.85762E-5 9.00704E-6 3.22939E-5 3.1284E-5 1.93913E-5 9.51497E-6 5.40626E-6 1.52307E-6 8.54077E-6 1.65114E-5 2.31317E-5 3.07317E-5 2.29285E-5 3.06156E-5 2.42743E-5 4.01044E-5 5.26159E-5 2.62975E-5 3.57365E-5 2.34594E-5 2.15601E-5 7.58322E-6 3.62664E-5 2.03302E-5 2.38907E-5 3.18515E-6 7.35789E-6 2.3717E-6 1.93358E-6 5.36102E-6 1.4331E-6 1.02032E-6 7.89241E-7 2.51836E-6 1.05914E-6 1.53155E-6 1.58159E-7 2.70661E-7 4.04288E-7 2.13375E-6 2.85746E-7 2.23705E-7 6.68705E-6 1.31901E-5 7.49864E-6 3.18416E-5 7.56406E-6 8.97279E-7
2.02602E-5 2.16671E-5 2.45803E-5 2.71426E-5 2.69402E-5 2.43369E-5 2.01219E-5 1.98266E-5 1.14151E-5 1.87188E-5 2.98531E-5 3.35577E-5 1.92881E-5 4.56921E-6 2.37831E-5 2.48022E-5 2.57078E-6 1.18098E-5 5.52157E-5 4.34598E-5 2.40358E-5 2.10323E-5 3.27606E-5 1.87551E-5 3.52171E-6 7.93808E-6 8.22217E-6 4.01752E-5 2.01501E-5 3.14581E-5 3.22067E-5 2.71715E-5 2.95969E-5 2.55567E-5 2.96591E-5 1.23104E-5 1.32837E-5 1.84503E-5 2.779E-5 2.75368E-5 3.54391E-5 2.41987E-5 3.6675E-6 5.06684E-7 9.18248E-6 1.51103E-6 4.24089E-6 2.57337E-6 3.96122E-6 5.16114E-6 5.14485E-7 6.05468E-7 3.60949E-6 2.36429E-8 6.4361E-8 3.19179E-7 9.55744E-7 1.71935E-7 2.65908E-6 8.10757E-6 1.92364E-5 2.55605E-5 2.44688E-5 1.32515E-5 9.99916E-6 1.50992E-5
2.54723E-5 2.11109E-5 1.89733E-5 2.08081E-5 2.05118E-5 2.44292E-5 2.64117E-5 2.3009E-5 1.75608E-5 2.28772E-5 6.25264E-6 3.36667E-5 1.75064E-5 7.41322E-6 1.88242E-5 3.01559E-6 2.18574E-6 2.86492E-5 2.98626E-5 2.99637E-5 2.23259E-5 1.43423E-6 5.47485E-6 5.13688E-6 1.42132E-5 3.87187E-6 1.57467E-6 2.63297E-5 8.1485E-6 1.24433E-5 4.6823E-5 9.60685E-6 2.91946E-5 1.46232E-5 2.16744E-5 7.89307E-6 2.61401E-5 1.96791E-5 2.08106E-5 3.64909E-5 2.26288E-5 2.0702E-6 5.84475E-7 1.03302E-5 1.60489E-5 3.13621E-6 6.58649E-6 5.56593E-6 8.4664E-6 1.56213E-5 3.37109E-6 9.68759E-7 1.01897E-6 1.62861E-7 3.79759E-7 5.73719E-7 3.77751E-7 4.65684E-7 4.96427E-7 2.00956E-5 1.97789E-5 3.69333E-5 4.64683E-5 3.43982E-5 3.57728E-5 1.79509E-5
3.22952E-5 2.52976E-5 1.9732E-5 1.88694E-5 2.36772E-5 2.93126E-5 3.47297E-5 2.7129E-5 3.26603E-5 3.08841E-5 1.47275E-5 3.8937E-6 3.94579E-6 8.11473E-6 1.70578E-6 3.953E-6 4.01988E-6 2.9016E-6 3.5392E-5 3.18561E-5 1.77366E-5 2.33454E-5 4.48598E-5 2.90776E-5 5.40005E-6 8.81988E-7 1.39817E-6 5.20737E-6 1.85764E-5 1.33415E-5 3.13816E-5 2.76636E-5 1.75559E-5 1.59043E-5 2.23476E-5 3.71986E-5 2.97281E-5 2.77464E-5 2.23537E-5 4.87289E-6 2.58517E-5 1.70972E-5 6.51766E-6 2.13735E-5 2.28257E-5 1.68142E-5 1.27688E-5 1.55631E-6 3.97938E-7 3.18801E-6 5.83879E-7 3.20623E-8 4.9875E-6 9.8488E-7 2.50514E-7 3.65934E-7 3.47176E-7 9.53982E-7 1.28151E-6 5.43582E-6 4.03533E-5 3.93613E-5 4.68542E-5 1.1663E-5 7.90757E-6 3.06839E-5
3.47083E-5 2.59672E-5 1.95097E-5 1.95821E-5 2.25763E-5 3.42763E-5 2.14473E-5 3.59648E-5 2.12452E-5 8.49039E-6 2.6155E-5 1.73169E-6 1.29076E-5 2.82019E-6 5.04458E-6 3.92298E-6 1.54887E-6 2.11263E-5 3.52269E-5 4.00144E-5 3.15338E-5 1.59816E-5 5.60039E-6 1.9018E-6 4.20076E-6 1.27169E-5 1.03881E-5 6.4609E-6 2.15427E-6 2.16203E-5 4.90685E-5 8.03166E-6 1.86486E-5 1.34325E-5 1.33579E-5 2.81807E-5 4.11519E-5 3.14111E-5 1.27656E-5 7.55462E-6 1.31121E-5 1.89584E-5 1.06617E-5 3.13987E-5 1.52871E-5 2.55242E-5 6.75101E-6 2.49819E-6 4.71993E-7 2.37751E-6 2.2011E-7 4.66578E-7 1.85831E-6 2.2437E-7 2.15354E-6 2.2799E-7 1.76869E-6 4.09969E-6 1.83206E-5 2.95218E-5 2.24311E-5 2.0158E-5 4.19525E-6 2.045E-6 1.8947E-7 1.08638E-5
2.9779E-5 2.36784E-5 1.81822E-5 1.85836E-5 2.45935E-5 2.76536E-5 4.14039E-5 9.66013E-6 2.98721E-7 6.81263E-6 4.12236E-6 9.53943E-6 1.30995E-5 7.91425E-6 1.52876E-6 4.07533E-6 2.59958E-5 2.88952E-5 1.32406E-5 4.31435E-5 2.39118E-5 2.31862E-6 7.28288E-7 6.03043E-6 4.29775E-6 2.26723E-5 8.23417E-6 1.19726E-5 1.24918E-5 1.35613E-5 9.71103E-6 2.36607E-6 4.60182E-6 2.30494E-5 2.91274E-5 3.31117E-5 3.82614E-5 3.38916E-5 4.39319E-5 4.07775E-5 1.55794E-5 2.88713E-5 2.12995E-5 2.43214E-5 3.08165E-5 2.12066E-5 3.97099E-6 2.06045E-7 1.10736E-7 4.54151E-7 1.12106E-6 5.13062E-6 8.83493E-8 1.2211E-6 4.79038E-7 1.61289E-6 6.43493E-7 3.50675E-6 8.91836E-7 8.43833E-6 2.31097E-6 7.73154E-7 3.89202E-6 3.49876E-6 2.52194E-6 1.63202E-5
2.34066E-5 2.02186E-5 1.3394E-5 1.89382E-5 1.8887E-5 3.75387E-6 1.14191E-5 6.81676E-6 1.87658E-5 2.56355E-6 6.85447E-7 6.64065E-6 2.06919E-5 2.03525E-5 1.68471E-5 9.6342E-6 2.47704E-7 2.74142E-5 3.97556E-5 3.06853E-5 1.66717E-6 6.75876E-7 6.92044E-7 9.17645E-7 1.15645E-5 2.82215E-5 1.20519E-5 1.74674E-5 2.6711E-5 4.66409E-6 8.94915E-6 5.05232E-6 2.81804E-5 2.86311E-5 2.1198E-5 7.85095E-6 7.35433E-6 1.23541E-5 1.35292E-5 2.884E-5 2.32326E-5 2.79079E-5 2.44597E-5 3.72702E-5 1.70679E-5 2.13835E-5 4.40242E-7 1.8267E-6 1.27085E-6 1.26489E-6 7.20614E-7 1.07647E-5 1.66818E-6 2.2485E-7 3.41004E-7 3.36392E-6 2.81336E-6 1.47185E-6 2.41179E-7 2.46045E-9 7.54091E-7 9.02601E-6 8.60638E-7 5.72828E-7 7.95017E-8 1.64131E-8
2.62261E-5 2.18863E-5 2.40003E-5 2.62985E-5 6.16088E-6 4.74052E-6 7.33398E-7 9.49203E-7 2.24729E-5 1.55017E-6 6.17031E-6 2.46101E-7 1.26373E-5 2.53232E-6 5.06388E-7 7.66994E-7 1.33026E-5 2.75502E-5 2.85165E-5 3.27826E-5 4.92404E-6 2.01638E-6 1.13326E-6 3.47216E-6 1.93343E-6 7.41995E-6 9.37076E-6 2.80243E-5 1.43742E-5 2.88245E-6 2.45628E-5 2.5531E-5 4.4164E-5 2.04931E-5 7.88657E-6 1.37531E-6 1.91357E-5 1.66387E-5 1.26163E-5 2.87154E-5 1.4399E-5 2.17151E-5 1.36353E-5 2.29309E-5 3.45144E-5 2.1581E-5 3.86137E-6 3.03532E-8 7.71041E-7 3.39492E-6 3.26082E-7 1.15169E-5 3.57501E-8 4.10899E-8 1.62517E-7 1.10877E-7 2.56232E-6 1.24431E-6 1.20587E-6 5.86925E-9 1.07181E-7 2.3298E-7 6.42449E-9 1.61632E-7 5.0508E-8 3.18386E-8
1.88338E-5 2.25892E-5 2.71025E-5 2.28002E-5 7.09613E-6 9.24393E-7 5.1378E-7 5.19858E-7 1.5831E-6 2.4268E-6 6.9172E-6 4.37236E-6 1.49826E-6 8.21075E-7 8.0562E-7 2.8829E-6 1.26232E-6 1.71952E-5 1.01032E-5 2.32282E-6 1.77944E-5 1.25281E-5 4.75566E-6 2.64483E-6 1.85789E-6 1.8799E-6 2.86178E-6 3.65637E-6 9.32102E-6 1.87299E-5 1.98084E-5 2.59929E-5 3.42363E-5 3.5963E-5 1.00913E-5 1.46826E-5 1.96928E-5 3.83537E-5 2.51811E-5 1.13388E-5 6.45075E-6 3.17831E-5 3.73773E-5 2.70449E-5 2.96742E-5 1.12146E-6 5.67885E-6 4.53843E-8 1.7665E-7 5.16541E-7 2.93734E-7 2.49423E-6 5.42739E-7 9.42739E-8 2.82398E-6 1.47741E-6 2.16377E-6 5.61538E-7 1.23678E-6 1.71392E-7 1.42021E-8 1.39396E-6 1.26397E-8 3.70495E-8 2.18815E-8 1.40773E-6
1.09098E-5 2.23719E-5 1.24516E-5 2.69465E-5 5.85644E-6 6.55905E-6 4.03253E-5 8.78708E-6 3.01414E-6 1.91735E-6 3.30959E-7 4.96053E-6 6.34279E-7 3.179E-7 3.30573E-5 3.98173E-7 1.21748E-5 3.59255E-5 6.30523E-6 6.09238E-6 8.5045E-6 5.59082E-6 2.0144E-5 1.50528E-5 3.26337E-6 5.3781E-6 1.35534E-5 2.88614E-6 1.97262E-5 1.84422E-5 2.14332E-5 2.72645E-5 2.13178E-5 3.7936E-5 1.34068E-5 1.82282E-5 2.73631E-5 2.35959E-5 2.10459E-5 4.75498E-6 1.76258E-5 3.71188E-5 4.81959E-5 4.5065E-5 1.05209E-5 1.27689E-7 5.02866E-7 3.98255E-8 9.92954E-7 4.88472E-7 7.73221E-8 4.59346E-7 3.41495E-6 7.85622E-8 2.84327E-7 1.06006E-6 4.10203E-6 8.53004E-7 3.33608E-7 2.15508E-7 4.33596E-8 3.03333E-8 1.4881E-7 2.22553E-6 1.13672E-6 3.55293E-7
1.03654E-5 1.96117E-5 4.24653E-6 1.22911E-5 3.63183E-7 5.4821E-7 1.87078E-6 3.36057E-7 3.26191E-8 1.82113E-6 4.88285E-6 1.56828E-5 1.33318E-7 5.97527E-8 6.22321E-6 9.02477E-6 4.41627E-6 1.37835E-5 1.13775E-6 2.11372E-7 2.24039E-6 3.49911E-6 2.6335E-5 1.39899E-5 5.26683E-6 8.95955E-6 2.1072E-5 1.48327E-5 8.93869E-6 4.53587E-6 2.12378E-5 2.20925E-5 2.45122E-5 2.5225E-5 3.06928E-5 3.77368E-5 4.56738E-5 3.85206E-5 3.16638E-5 2.38925E-5 1.723E-5 3.46911E-5 4.1279E-5 2.60044E-5 2.01067E-5 7.49715E-7 8.27838E-7 6.66139E-6 4.47168E-7 2.0512E-7 1.05879E-7 1.58651E-8 5.18076E-7 3.26192E-7 5.61371E-7 1.13347E-6 2.18507E-6 1.8387E-7 3.31313E-7 5.69531E-9 1.12525E-6 3.51304E-7 7.94947E-7 1.51933E-5 4.87791E-7 5.07936E-7
2.67078E-6 7.16937E-6 2.52013E-6 1.04706E-5 1.04179E-5 8.96145E-7 1.13804E-6 9.24787E-7 3.23561E-5 6.92143E-6 3.49977E-5 1.47145E-5 1.45551E-6 3.79084E-8 4.50757E-7 2.67569E-5 4.39961E-6 4.74287E-6 1.46517E-6 9.28861E-6 2.10177E-5 4.40012E-6 9.84144E-6 1.50867E-5 9.55887E-6 2.21319E-5 1.872E-5 1.6631E-5 2.21155E-5 2.34347E-5 7.99021E-6 5.38851E-6 2.39694E-5 1.49636E-5 3.48693E-5 4.93528E-5 3.60158E-5 3.11766E-5 1.90405E-5 2.47711E-5 4.767E-5 3.94569E-5 3.8962E-5 3.38934E-5 2.33543E-5 1.51322E-5 1.14804E-5 6.75716E-6 4.52426E-7 1.06395E-7 2.60088E-7 1.89639E-9 7.50671E-8 4.67916E-7 1.74029E-6 1.21054E-5 2.46932E-6 3.01467E-7 4.32176E-8 1.02497E-8 8.33642E-7 1.86231E-7 7.91997E-7 8.02266E-7 6.26764E-7 1.06645E-7
4.36538E-7 2.70313E-6 1.00175E-6 2.40248E-5 2.00558E-5 4.30417E-6 8.92832E-7 6.64331E-6 2.93507E-5 1.4211E-5 9.34334E-6 9.03392E-6 1.63948E-5 7.27224E-7 4.78369E-6 7.36916E-6 5.13414E-6 7.29329E-7 7.3155E-6 1.06035E-5 7.52047E-6 1.2311E-5 1.38311E-5 7.35142E-6 2.89697E-5 2.20522E-5 3.29583E-5 1.34585E-5 5.71636E-6 1.79187E-5 4.62713E-6 2.15047E-6 6.68741E-6 7.03452E-6 1.5008E-7 2.34272E-6 1.35126E-5 2.61843E-5 2.47384E-5 1.54521E-5 4.17056E-5 3.64216E-5 4.52319E-5 1.41312E-5 2.15167E-5 2.60896E-6 6.69207E-6 6.02881E-6 1.01994E-6 1.7053E-7 3.74538E-8 1.05407E-8 1.48656E-7 7.75277E-7 8.83963E-7 1.21463E-5 5.95509E-6 1.00326E-7 1.33431E-6 9.01972E-7 8.81615E-8 1.15257E-7 1.87036E-6 3.62434E-5 6.81529E-6 1.13116E-6
3.12159E-6 1.17177E-6 1.7321E-6 1.93598E-5 3.09969E-5 4.61485E-6 3.11458E-5 3.56426E-5 2.81794E-6 1.07633E-5 2.95779E-5 3.17228E-7 8.10038E-7 6.59902E-7 6.29262E-7 1.76243E-7 7.75848E-7 1.10862E-5 1.11342E-5 7.80586E-6 7.53324E-6 1.96209E-5 2.85589E-5 3.15451E-5 3.35109E-5 1.63534E-5 6.03522E-6 2.29999E-7 2.42084E-5 2.74061E-5 6.1872E-6 3.50787E-6 6.14811E-6 6.75426E-7 9.8596E-7 4.16755E-7 2.30436E-6 3.50982E-6 1.06665E-5 2.09759E-5 1.73894E-5 3.51794E-5 3.50048E-5 3.40999E-5 2.88063E-5 2.19783E-5 8.20318E-6 4.99238E-6 4.02842E-6 4.19948E-7 5.80538E-7 1.90059E-6 1.13315E-6 2.56835E-6 9.81346E-6 3.97729E-6 1.17465E-5 4.66215E-6 1.24677E-6 5.28543E-7 2.01918E-6 5.0979E-7 7.09461E-8 6.4586E-6 6.64327E-7 3.98803E-6
4.29045E-6 1.40187E-6 9.60597E-6 1.95385E-5 5.06873E-6 1.75223E-5 2.77735E-5 1.85983E-5 7.65349E-6 1.82456E-5 1.05419E-5 3.84105E-6 5.419E-6 6.81734E-7 4.57577E-8 1.55448E-6 4.74556E-7 1.29395E-5 5.75692E-6 1.75933E-5 2.68666E-5 2.31081E-5 3.10269E-5 3.60904E-5 3.60296E-5 3.76163E-5 3.17449E-5 8.80628E-6 1.30835E-5 3.29004E-5 2.36878E-5 2.20778E-5 4.02266E-5 1.85535E-5 1.30936E-5 8.98797E-6 1.4805E-5 6.76708E-7 1.25526E-5 2.25315E-5 8.93509E-6 3.16967E-5 7.78202E-6 2.18491E-5 1.24535E-5 1.7199E-5 2.09982E-5 1.00821E-5 3.466E-6 2.21011E-7 3.304E-7 9.95661E-7 5.71883E-7 1.60746E-6 4.33764E-6 1.76521E-5 1.26412E-5 3.27091E-5 4.89183E-6 2.99922E-6 2.19537E-6 1.5387E-6 1.72831E-6 3.09519E-6 2.21181E-6 2.43525E-6
1.42885E-5 1.41975E-6 3.0066E-6 2.5262E-6 1.82545E-5 1.94947E-5 3.26606E-5 1.34803E-5 2.03606E-5 8.47435E-6 1.08289E-5 2.52954E-5 9.66755E-8 4.63297E-7 1.37123E-7 4.459E-6 4.64838E-6 2.50062E-5 1.15436E-5 1.97758E-5 1.89762E-5 2.976E-6 2.41753E-5 9.58603E-6 2.419E-6 5.03934E-6 4.45475E-6 2.59699E-5 2.95661E-5 7.09134E-6 7.54024E-6 1.66698E-5 3.38195E-5 1.98786E-5 3.03802E-5 3.71427E-5 1.97267E-5 9.44184E-7 3.46769E-7 9.01213E-6 1.71454E-5 2.12054E-5 4.90285E-6 1.00729E-5 2.25379E-5 1.99086E-5 2.50056E-5 1.35301E-5 1.02216E-6 1.32225E-6 3.38649E-7 2.03022E-6 1.9678E-6 8.42379E-6 1.03506E-6 8.45674E-6 1.18904E-5 2.66656E-5 7.0286E-7 5.25046E-7 1.5056E-6 1.73706E-6 1.23799E-5 9.58831E-6 2.30986E-5 9.06262E-6
7.75042E-6 7.68518E-6 1.23705E-5 3.37187E-6 2.18643E-5 3.91493E-5 3.15352E-5 2.79616E-5 3.48096E-5 1.61723E-5 1.13833E-5 1.51387E-5 1.90899E-7 8.48399E-8 7.37871E-8 6.5419E-6 2.75638E-5 3.78309E-6 7.73126E-6 2.58523E-5 1.5542E-5 3.23115E-6 4.49931E-6 5.97351E-6 1.67037E-6 1.00984E-6 7.44499E-6 2.04339E-5 5.76657E-6 1.3583E-5 1.78144E-5 2.79908E-5 6.44395E-6 1.42523E-5 3.0297E-6 1.65648E-5 1.51311E-5 4.1718E-6 7.114E-7 5.05248E-6 3.72076E-5 3.71949E-5 3.42309E-5 9.4688E-6 2.26229E-5 2.93511E-5 1.95068E-5 5.81571E-6 9.10786E-6 1.60963E-5 3.01612E-6 2.11848E-7 1.58711E-6 2.49989E-6 1.96322E-6 4.5475E-6 1.68818E-7 3.05702E-6 6.10223E-6 8.00608E-7 3.47552E-6 5.01134E-6 3.80317E-5 2.3969E-5 1.88916E-5 1.67326E-5
6.57596E-5 2.50203E-5 6.55172E-6 7.466E-6 2.44823E-5 1.33672E-6 7.75419E-6 2.36436E-5 1.32163E-5 8.55856E-6 8.44946E-6 5.05362E-5 1.68277E-6 3.96755E-6 7.59719E-6 2.15647E-5 2.41728E-5 7.74421E-6 1.75262E-5 2.36648E-5 1.00571E-5 2.3492E-6 4.75381E-6 3.34313E-5 1.12312E-5 1.56893E-5 4.00399E-6 5.81508E-6 4.11788E-6 6.91609E-6 1.99703E-5 1.92777E-6 1.21346E-5 7.02356E-6 2.96993E-6 1.27112E-5 2.16413E-5 2.47064E-6 6.08993E-6 1.37616E-5 1.83455E-5 3.19824E-5 2.17698E-5 4.29947E-6 1.4933E-5 1.75029E-5 1.10603E-5 6.18538E-6 5.43761E-6 1.09793E-5 2.22271E-6 3.34708E-7 1.84754E-6 1.82687E-6 2.57497E-7 2.99139E-6 7.24107E-7 7.90524E-7 2.21484E-6 1.09667E-6 4.81786E-7 3.32436E-6 1.93701E-5 7.06123E-6 8.12479E-6 4.42465E-7
7.97399E-5 8.8643E-6 4.4012E-6 4.41569E-6 2.37527E-5 2.40088E-7 2.02588E-5 1.54084E-6 1.67677E-5 2.29836E-6 4.769E-6 1.04005E-5 9.08379E-6 3.15258E-7 1.1807E-6 3.08244E-5 1.25063E-5 1.16686E-5 1.2415E-5 3.74351E-5 2.47523E-5 2.15124E-6 3.9702E-6 2.4906E-5 3.77546E-5 3.12572E-5 2.76515E-5 4.58226E-6 3.83776E-6 3.26182E-6 2.37488E-5 9.0331E-6 4.49769E-5 1.67751E-5 1.78335E-5 1.24481E-6 3.06517E-6 2.03237E-7 3.58276E-6 8.5374E-6 1.45028E-5 6.63513E-6 1.05203E-5 5.03242E-6 5.22053E-6 7.01654E-6 5.26308E-6 2.54857E-6 1.31926E-6 2.38196E-5 1.02785E-6 2.58644E-7 3.20513E-7 1.87262E-6 5.10812E-7 2.11695E-7 6.67417E-6 7.48799E-7 1.03482E-5 1.51277E-6 2.37349E-7 1.22685E-6 1.37381E-5 6.04651E-7 8.34028E-6 1.19768E-6
1.18505E-5 2.502E-5 2.89834E-5 2.43722E-5 1.83561E-5 9.55895E-6 2.16381E-5 2.73557E-6 1.71443E-5 6.65549E-6 1.50134E-7 1.91276E-5 1.68013E-6 1.00236E-6 1.33481E-6 2.0263E-6 9.22007E-7 1.13417E-6 2.75599E-5 2.4322E-5 2.85402E-5 8.73878E-6 5.88343E-6 2.62875E-5 1.6851E-5 4.29879E-5 3.21379E-5 3.79964E-5 1.83878E-5 3.14146E-5 2.96337E-5 3.36278E-5 3.46716E-5 8.03003E-6 7.23463E-6 8.37116E-6 4.74097E-6 4.81004E-7 9.15793E-7 3.83798E-7 4.42938E-6 8.09668E-7 1.1787E-6 3.40891E-7 1.70104E-6 1.44489E-6 1.91349E-6 8.60055E-7 6.58123E-6 1.03882E-5 1.35657E-5 4.94079E-6 6.77765E-7 9.48348E-6 1.77712E-6 2.20929E-7 4.81968E-6 2.6078E-5 2.58851E-5 7.47898E-7 2.87589E-7 8.18504E-7 2.19304E-6 8.52506E-6 3.2397E-6 6.06336E-8
6.96546E-7 5.45362E-7 5.45956E-6 2.52138E-5 5.32829E-6 2.29561E-6 2.02017E-5 2.28106E-6 2.76493E-6 2.57101E-6 1.78147E-6 9.28797E-7 1.89866E-5 1.82885E-5 2.00348E-5 6.03056E-8 2.04053E-6 7.10137E-6 1.2932E-5 5.11059E-5 5.22219E-5 9.74949E-6 3.85885E-5 7.81053E-6 2.07658E-5 4.39162E-5 4.19097E-5 3.71811E-5 9.32508E-6 6.24691E-6 1.17518E-5 4.97781E-6 3.4238E-6 1.1694E-5 5.44463E-7 2.84573E-7 1.32822E-6 1.57806E-6 6.19826E-7 6.92166E-6 2.52276E-7 7.1959E-7 5.1914E-8 1.81666E-7 6.13227E-8 2.37141E-6 5.99123E-8 9.12409E-6 6.08826E-7 2.79034E-6 2.2663E-6 1.75129E-5 3.30557E-6 1.6882E-5 1.45914E-5 5.00708E-7 1.33474E-7 2.0444E-7 1.26329E-7 2.28388E-8 5.87666E-7 2.08314E-7 4.35564E-7 3.86427E-6 8.03453E-6 9.39618E-6
5.86457E-7 1.13335E-7 5.4193E-6 3.60526E-6 9.54472E-6 1.48663E-5 2.55007E-5 1.68863E-6 9.103E-6 4.41964E-6 2.58181E-6 1.97336E-6 4.64705E-6 1.00274E-5 2.82537E-5 8.49902E-7 2.38179E-7 1.34676E-5 3.62402E-5 3.96249E-5 3.49626E-5 9.09313E-7 8.99848E-7 1.43517E-5 2.80647E-6 5.5489E-5 5.6701E-5 3.26129E-5 9.19149E-6 2.70783E-6 9.82034E-6 1.03667E-5 5.94819E-7 5.99554E-7 2.61915E-7 2.42125E-7 7.83218E-7 2.26287E-6 6.63932E-6 3.48953E-6 6.22825E-7 9.87268E-7 6.98681E-6 3.21527E-6 3.85186E-7 6.96528E-6 2.2633E-6 2.35143E-6 5.49324E-7 5.53139E-7 8.60868E-7 5.3837E-6 1.36762E-7 1.15109E-5 8.4695E-6 1.51544E-6 1.45439E-7 4.56767E-7 1.92504E-7 1.28176E-8 2.34763E-8 6.59733E-9 6.67396E-8 1.7767E-8 5.94972E-7 3.73554E-7
8.08416E-6 6.79849E-6 5.83867E-6 1.95878E-5 3.61015E-5 3.29042E-5 3.50886E-5 2.41948E-6 1.63054E-5 1.63731E-5 1.58611E-6 7.29366E-7 3.03743E-8 3.39137E-7 1.1715E-5 7.20843E-6 2.3543E-5 3.26047E-5 1.30243E-6 2.50667E-5 2.94801E-5 1.12798E-5 3.63635E-6 1.04308E-5 7.88872E-6 3.85296E-5 4.49476E-5 1.27439E-5 2.68156E-5 8.64443E-6 2.54425E-6 1.53943E-6 1.6989E-5 4.08435E-6 7.50885E-8 2.56731E-6 1.04441E-7 8.46424E-6 1.80802E-5 5.9158E-6 1.14147E-6 1.95038E-6 3.31249E-6 2.99947E-6 1.42191E-5 3.21532E-5 2.5541E-5 2.71635E-5 4.8306E-6 2.52538E-6 1.67405E-7 7.25931E-7 9.82045E-8 4.02347E-6 4.69938E-7 6.32197E-7 3.79489E-7 4.22796E-6 6.73528E-7 4.79746E-9 1.80342E-9 6.39528E-8 3.03871E-8 1.07239E-8 2.96784E-10 6.28552E-7
