catData/rasterBestHybridModels/Pbengalensis/RD_RM1.5_L/Pbengalensis_min.asc
ncols         409
nrows         350
xllcorner     60.897278365
yllcorner     5.843756025
cellsize      0.0892857
NODATA_value  -9999
[rows 145 to 173 of 350, columns 198 to 263 of 409]
1.10925E-7 4.69619E-7 5.71805E-7 6.12268E-9 6.51331E-9 4.22382E-6 8.01296E-7 1.8218E-6 4.11918E-8 9.50537E-9 1.07051E-7 1.28694E-7 1.43577E-6 1.85394E-9 8.08322E-8 1.43011E-6 5.58084E-9 3.02508E-9 2.56372E-11 1.59636E-9 7.55634E-8 1.87988E-6 5.40619E-6 1.20336E-6 2.42967E-7 5.42676E-8 3.1686E-8 3.10289E-9 1.02894E-8 1.28283E-8 2.65653E-7 7.29272E-6 9.65808E-7 9.80928E-7 1.29865E-5 2.69142E-6 1.03147E-7 6.38107E-11 2.64236E-9 1.05962E-7 1.0685E-11 5.11875E-11 4.23702E-8 5.10688E-6 1.53344E-6 3.25483E-6 2.65072E-5 5.85871E-5 2.55864E-5 1.38849E-5 1.97084E-5 1.50785E-5 3.48676E-5 1.79812E-5 1.8618E-5 1.25309E-5 3.02721E-5 4.27801E-5 5.03147E-5 4.64934E-5 2.94709E-5 3.39643E-5 4.75026E-5 1.87939E-5 1.14468E-5 2.76201E-6
7.73358E-7 2.24207E-7 2.18646E-7 4.07509E-9 2.51938E-7 6.68923E-10 5.00364E-10 2.38034E-7 2.7689E-6 1.26683E-7 3.05234E-7 2.31981E-11 3.97066E-12 4.8418E-7 6.34469E-7 7.15956E-10 1.28935E-9 9.54732E-12 8.17791E-12 8.89594E-13 2.00951E-8 6.84559E-7 1.359E-8 1.60363E-9 2.60819E-8 5.06052E-9 2.47692E-8 1.52308E-11 7.08587E-12 5.55836E-7 5.90177E-6 1.18182E-8 1.59447E-7 3.00709E-5 2.22049E-5 1.98125E-5 1.21967E-5 5.06889E-7 9.96396E-7 2.89237E-9 9.64998E-10 4.90712E-7 7.03722E-6 2.3741E-7 2.60012E-8 2.5994E-7 1.42177E-5 1.29398E-5 8.50463E-6 2.307E-5 1.04989E-6 1.12322E-5 3.12737E-5 2.6603E-5 8.14126E-6 4.23062E-6 2.67562E-5 3.26306E-5 3.97035E-5 5.50364E-5 5.06311E-5 2.2599E-6 2.34666E-6 3.02889E-5 3.3956E-6 1.51751E-5
6.15138E-7 1.52365E-6 7.9365E-7 5.41926E-7 6.77726E-8 2.61769E-10 3.80416E-8 8.68787E-6 9.15113E-8 1.24323E-8 5.9165E-11 1.1018E-9 3.17938E-7 5.86605E-8 2.41744E-7 6.81976E-9 1.22613E-11 1.9047E-12 6.983E-11 3.39236E-11 1.4236E-8 2.57112E-8 2.55884E-8 1.23811E-8 2.88032E-10 2.00153E-9 1.51293E-6 4.45218E-7 3.54089E-7 1.10263E-7 2.82017E-7 5.39187E-9 4.41533E-7 6.89556E-8 1.03827E-5 1.07254E-5 1.2957E-5 1.72706E-6 8.54521E-6 6.08146E-6 5.23429E-7 1.89454E-8 1.54469E-5 1.35274E-6 1.30336E-7 1.1957E-6 5.04681E-6 2.07429E-5 2.26372E-6 4.02164E-6 2.98459E-7 1.70438E-5 2.37472E-5 6.47082E-6 4.92474E-6 6.18716E-6 3.73552E-5 2.00962E-5 3.98163E-5 2.99613E-5 5.54236E-5 1.37836E-4 5.2906E-5 2.29331E-5 1.4574E-5 2.4902E-5
8.61085E-7 1.7457E-7 5.7436E-9 1.87291E-9 3.43858E-10 2.02469E-9 1.67009E-9 1.77173E-7 2.48875E-8 1.75832E-7 8.50946E-9 5.1682E-9 2.81775E-8 2.38184E-7 6.0907E-7 2.33544E-9 2.24035E-7 5.23988E-6 5.59664E-9 1.51797E-8 8.61767E-7 1.67288E-6 7.14796E-8 9.88809E-8 1.32905E-6 5.70054E-6 3.00214E-6 2.61388E-5 3.14587E-7 1.81064E-11 6.03902E-7 1.07468E-6 2.10982E-6 3.32245E-7 2.25717E-6 2.34134E-6 1.41743E-5 1.21715E-5 1.40766E-5 9.76236E-6 4.82959E-6 1.35277E-7 3.24442E-6 1.98739E-5 1.20316E-6 9.91154E-6 9.36873E-6 7.06743E-6 1.30366E-5 2.95127E-6 8.50494E-8 1.90785E-6 1.82924E-7 1.42424E-7 5.83546E-8 1.69555E-6 5.81462E-6 1.80966E-5 5.59726E-6 3.25725E-5 6.37994E-5 6.9266E-5 6.00821E-5 4.59414E-5 2.54271E-5 7.63874E-6
5.13297E-6 6.69754E-8 7.56855E-11 5.25969E-11 2.75906E-6 3.39314E-8 1.31413E-7 2.46591E-8 7.17249E-8 1.5782E-8 1.08432E-9 3.5713E-10 2.51027E-7 5.02767E-8 1.14995E-6 3.33155E-12 1.18195E-9 1.42428E-7 3.47816E-8 1.12738E-7 2.51699E-7 1.85765E-6 5.70109E-6 1.18417E-7 1.15219E-7 2.75919E-6 6.73515E-6 3.57449E-6 1.85346E-6 2.64947E-8 3.4738E-8 3.25236E-8 3.13284E-7 3.05582E-7 2.32563E-7 1.22951E-6 8.30465E-6 8.88936E-6 1.135E-5 8.61935E-6 8.1948E-6 8.56464E-6 1.78237E-5 3.05362E-5 2.05581E-5 1.2527E-5 2.19377E-6 9.57313E-6 3.31693E-6 1.3834E-6 1.39685E-6 2.9335E-6 9.78694E-6 8.12336E-6 1.78427E-5 3.39734E-6 1.66031E-6 1.64902E-5 1.74535E-5 4.51004E-5 2.28235E-5 5.73957E-5 2.1585E-5 4.02164E-5 2.7908E-5 1.04731E-5
4.77881E-7 1.06469E-7 1.49853E-11 1.32417E-7 1.2031E-6 2.12415E-8 1.65732E-8 5.31284E-8 1.33316E-8 1.97231E-7 8.13519E-10 4.42856E-10 9.82977E-9 1.05892E-6 2.5759E-6 7.68537E-8 2.87443E-8 2.73457E-6 1.18408E-6 1.03393E-5 1.40578E-5 1.5287E-6 9.58554E-7 3.82508E-7 1.27177E-5 3.2391E-5 2.68318E-5 3.26139E-5 4.99362E-6 1.65946E-5 1.38386E-5 1.59271E-6 6.06747E-8 4.71317E-8 3.97355E-7 1.88387E-5 1.07879E-5 1.22313E-5 1.30116E-5 1.35843E-5 1.25213E-5 1.33159E-5 1.67888E-5 2.74834E-5 2.60053E-5 1.71815E-5 1.51705E-5 1.3656E-5 3.12285E-5 9.75601E-6 2.23707E-6 1.00208E-6 3.02412E-8 8.73739E-7 1.88749E-6 3.45726E-5 6.96424E-6 7.31002E-6 2.33159E-6 4.32366E-5 4.54929E-5 2.69902E-5 5.406E-5 4.11454E-5 3.61956E-5 6.91633E-5
1.7183E-6 6.09116E-9 7.02999E-12 1.29741E-10 2.71256E-7 1.62233E-6 2.26025E-9 4.07776E-7 4.00267E-10 1.87686E-10 6.86887E-10 4.50587E-9 4.65618E-7 2.27229E-6 1.69255E-6 8.62808E-7 1.34507E-6 6.10603E-6 2.25543E-7 4.89485E-6 8.29774E-6 2.92162E-6 2.82332E-6 3.32831E-6 7.146E-6 2.57238E-5 1.15435E-5 3.05467E-5 2.56318E-5 2.43696E-5 1.42981E-5 2.1937E-7 8.65765E-7 2.35799E-5 1.29436E-5 1.39651E-7 2.88248E-6 2.06564E-5 2.39814E-5 2.13059E-5 2.25E-5 3.34271E-5 2.49863E-5 8.52285E-5 4.73084E-5 2.60497E-5 3.34739E-5 1.38858E-5 1.7058E-5 1.37608E-5 6.45352E-6 5.55215E-6 5.99445E-6 1.06306E-6 4.52239E-6 8.9581E-6 1.88381E-5 1.56096E-5 8.18331E-7 1.28414E-5 7.25333E-5 5.0321E-5 7.45866E-5 6.03608E-5 3.15483E-5 6.57544E-5
7.65732E-11 1.10218E-10 8.52649E-8 1.31709E-8 1.25611E-8 2.9221E-9 1.10558E-7 4.74617E-9 1.98105E-9 9.21979E-8 2.87047E-7 2.1632E-7 1.71578E-5 8.62787E-6 1.31801E-5 2.26038E-8 7.34065E-8 1.0458E-6 1.89305E-7 1.74474E-7 7.49274E-6 4.8227E-6 7.9281E-6 2.006E-5 9.60372E-6 5.76452E-7 1.03523E-5 2.47807E-5 2.64867E-5 3.07701E-5 3.67709E-6 2.75764E-7 1.58036E-7 2.37719E-9 2.38532E-8 1.22359E-9 2.33742E-6 1.08389E-6 1.48794E-6 4.18195E-5 5.2736E-5 6.26781E-5 3.2557E-5 2.6363E-5 1.09692E-5 3.36262E-5 2.84786E-5 6.31641E-6 1.11965E-5 3.04838E-6 2.56564E-7 2.2941E-6 1.11877E-6 4.57565E-6 9.4028E-6 3.34352E-5 6.10728E-5 4.64589E-5 1.31391E-5 5.61415E-5 4.59215E-5 1.08515E-5 2.28405E-5 1.966E-4 6.31782E-5 3.49187E-5
3.33506E-7 8.46378E-9 1.57648E-6 7.08038E-9 5.96791E-9 3.64115E-9 1.12353E-8 1.13225E-7 8.92242E-9 2.8798E-6 2.86033E-7 1.48707E-8 7.68895E-6 3.52929E-11 1.35937E-9 8.25297E-7 7.01141E-6 1.37139E-6 8.4783E-8 5.25594E-7 2.67637E-6 6.06048E-6 7.52457E-6 7.44791E-6 4.31443E-6 8.48247E-7 3.22459E-6 7.84377E-7 2.37701E-5 1.99337E-5 6.25977E-6 3.7697E-7 2.74354E-6 3.70971E-7 8.21897E-8 5.56759E-8 1.00734E-5 5.39585E-7 1.43886E-9 1.82703E-5 1.22963E-5 7.35535E-6 2.47993E-5 2.02055E-5 2.62276E-6 2.41088E-5 1.51334E-5 1.39268E-6 3.28907E-7 3.24557E-8 6.13792E-8 1.48641E-6 2.36081E-6 2.77513E-6 6.35243E-6 1.56848E-5 1.97458E-5 1.84506E-6 3.04857E-5 2.46019E-5 7.32146E-6 3.87274E-5 1.68561E-5 2.58272E-5 4.01037E-5 5.02043E-5
4.69354E-6 4.84927E-7 1.10424E-8 3.09019E-9 1.17132E-9 2.05787E-8 6.41483E-6 9.92699E-6 3.49059E-8 1.48028E-7 1.61339E-8 9.38085E-8 5.71796E-9 7.26345E-6 1.91185E-6 2.75369E-7 2.42011E-6 6.14121E-8 1.42748E-6 8.97822E-7 4.70998E-6 1.15807E-6 2.52639E-8 8.81237E-7 6.72401E-6 3.45709E-6 4.41211E-6 1.57783E-6 2.4471E-6 2.8035E-6 1.44045E-6 1.2484E-7 1.99956E-6 1.11847E-8 2.69105E-10 4.87398E-9 1.09175E-9 1.55593E-7 2.39442E-11 6.15803E-9 3.656E-6 1.57965E-6 9.51229E-6 9.93055E-6 3.88884E-7 3.59735E-6 4.73556E-11 3.54173E-11 7.87915E-9 2.75561E-7 2.91497E-6 2.39087E-7 1.2633E-6 1.00132E-5 2.06358E-5 7.7509E-6 5.66565E-6 4.21508E-7 4.94791E-7 2.22893E-6 2.25585E-6 2.8207E-6 4.24872E-5 5.32922E-5 3.31602E-5 3.0992E-5
1.82206E-7 7.62472E-6 5.77993E-6 3.12072E-6 2.30417E-6 7.57071E-6 1.37086E-5 1.4591E-5 2.14768E-6 7.96897E-7 1.19133E-7 5.27324E-10 1.31159E-5 2.4366E-6 4.95894E-6 7.6985E-6 1.90388E-6 9.64556E-6 1.74914E-6 7.706E-8 3.12054E-7 8.56641E-9 1.98426E-8 1.25713E-10 4.47076E-7 2.57513E-6 3.72887E-6 6.95708E-6 1.05143E-6 1.17786E-5 1.10222E-5 8.26127E-8 9.20565E-7 8.45783E-6 1.46975E-10 3.06712E-6 2.73125E-7 6.30216E-13 2.2299E-9 7.75888E-8 1.02231E-5 7.68538E-6 1.51051E-5 1.15156E-5 2.13251E-6 6.84139E-8 6.64784E-9 1.0734E-11 6.73749E-10 1.02941E-7 9.09334E-7 2.78034E-6 4.96176E-7 1.45677E-5 1.1709E-5 2.18563E-5 5.29879E-6 1.16066E-5 6.14892E-6 3.54069E-6 1.11105E-5 2.14213E-5 5.99916E-6 1.53717E-5 3.02778E-5 1.24039E-5
3.84488E-9 7.57375E-11 6.52091E-7 3.91167E-10 1.12684E-11 9.98389E-12 8.03416E-7 1.30474E-5 3.18335E-7 2.47447E-7 4.80025E-9 8.72416E-8 4.13083E-7 2.85026E-6 1.25864E-5 3.64104E-6 1.98564E-7 1.93228E-7 2.65287E-8 9.53228E-7 6.28895E-9 6.40964E-8 5.75831E-7 2.30964E-7 1.46326E-6 5.52935E-7 3.49968E-6 3.46581E-5 1.59767E-5 1.59151E-5 2.09658E-6 3.83827E-5 4.79124E-6 8.0867E-7 2.13733E-6 2.38232E-7 5.40391E-8 2.0968E-10 4.45837E-10 1.78525E-7 3.53017E-6 1.31803E-6 2.67197E-6 5.08681E-7 3.13574E-5 1.89513E-5 2.93227E-8 5.30098E-7 3.43614E-7 4.25597E-8 1.07767E-5 1.1839E-5 1.61412E-6 3.81093E-5 2.05367E-5 4.54175E-6 4.50945E-6 9.85394E-6 1.9684E-5 1.53948E-5 1.9467E-5 4.38332E-5 3.97053E-5 5.03521E-6 2.33243E-5 5.61706E-5
1.01929E-7 3.80258E-8 5.78349E-7 3.62699E-9 1.53909E-8 3.95142E-6 3.05963E-8 3.07046E-11 6.05485E-12 2.6015E-10 2.54386E-7 4.2836E-9 1.83635E-7 2.51101E-6 3.14904E-6 1.40799E-6 3.76512E-6 3.2352E-6 3.74841E-7 3.69985E-7 8.45553E-8 6.50428E-8 2.49596E-6 8.22462E-7 6.77434E-7 1.98583E-8 3.31156E-9 9.38402E-6 1.42045E-5 1.41311E-6 2.42047E-8 5.3852E-6 6.75216E-7 2.57076E-7 2.58592E-6 1.36402E-7 1.45585E-6 1.81783E-8 7.08601E-9 3.69821E-6 3.77256E-6 1.15683E-5 2.3995E-6 5.78991E-7 2.61038E-6 6.70358E-6 5.23705E-6 1.41457E-5 2.09811E-6 3.17031E-8 4.13007E-8 6.29027E-8 1.37702E-6 1.21806E-5 1.28896E-5 8.69675E-6 3.89635E-6 1.92634E-5 1.67064E-5 7.98466E-5 3.60272E-5 4.13573E-5 5.88466E-5 3.54809E-5 1.34296E-5 9.20539E-5
1.94242E-7 2.28725E-6 1.8649E-8 1.58E-10 9.12988E-13 3.68281E-12 4.88127E-8 3.07019E-10 2.94407E-7 2.55138E-8 1.44207E-8 1.32975E-7 8.61729E-8 7.48321E-7 9.90106E-7 1.07268E-5 1.77573E-6 1.21394E-6 2.69292E-6 2.12248E-6 2.86069E-6 1.66333E-6 3.00321E-6 1.42398E-7 1.08377E-6 2.03949E-7 3.49835E-9 2.53952E-7 9.69754E-12 1.53855E-8 3.35956E-6 1.84251E-7 1.48622E-8 1.50115E-7 4.71313E-6 4.04138E-6 3.98549E-7 2.29276E-6 1.4959E-5 1.30697E-5 8.5362E-6 2.29271E-6 4.41172E-7 6.50863E-8 2.2561E-7 1.30677E-5 4.70071E-7 1.26104E-7 1.44897E-6 7.00202E-8 7.88285E-6 6.73456E-7 1.16539E-5 1.64551E-5 2.06485E-5 1.06124E-5 1.48464E-5 4.97001E-6 1.36953E-5 5.45529E-5 8.33339E-5 2.88963E-5 5.16916E-5 5.60386E-5 1.64754E-5 3.21055E-5
2.01114E-7 2.87149E-6 2.55821E-7 1.62201E-5 4.12058E-7 8.58781E-9 7.38715E-12 1.25848E-10 5.77989E-6 2.51452E-6 1.40772E-6 1.36313E-7 3.97922E-7 6.56518E-6 3.8719E-6 7.28161E-6 7.24092E-7 9.16875E-7 3.48573E-6 5.62404E-7 4.99801E-6 7.26855E-6 1.18492E-6 2.33855E-8 1.43931E-6 8.74424E-7 2.04217E-9 7.84008E-6 5.41998E-9 1.08122E-8 7.12268E-11 3.76298E-10 3.17409E-10 8.56542E-6 7.40649E-7 8.2204E-8 3.99669E-9 1.63045E-6 6.4602E-6 1.57662E-5 2.98262E-5 3.5812E-6 3.89058E-7 5.56393E-8 1.5189E-7 1.25214E-5 1.77499E-5 4.18336E-6 1.68827E-5 3.84906E-7 8.17106E-6 1.22432E-5 1.94892E-5 2.16348E-5 2.96279E-6 4.69091E-6 7.48942E-6 1.63313E-5 2.78164E-6 1.56167E-5 2.39585E-5 6.9868E-6 6.29412E-5 2.77255E-5 2.49315E-6 6.27997E-6
1.1769E-6 2.13959E-5 4.92432E-6 1.89503E-5 1.87472E-5 1.88322E-5 2.21547E-5 9.09042E-6 6.82799E-8 2.01056E-9 4.52942E-7 2.04208E-6 1.6233E-8 6.56328E-8 1.14407E-6 8.64738E-7 8.21097E-6 8.93326E-7 4.00724E-8 4.94625E-7 1.37749E-5 2.92939E-6 9.15001E-7 2.857E-7 2.52915E-7 1.28222E-7 1.56875E-6 9.28483E-8 9.31766E-6 3.50595E-6 1.03779E-7 3.12584E-7 3.51065E-10 1.65728E-12 2.44466E-7 2.86247E-5 1.25876E-7 1.4459E-5 2.03521E-5 1.52177E-5 2.69211E-5 1.79021E-5 1.57131E-6 1.00682E-5 6.6863E-6 1.86589E-5 2.30091E-5 1.33338E-5 1.1576E-5 1.47991E-5 1.17949E-5 1.232E-5 9.43111E-6 1.28591E-5 3.91484E-6 5.25201E-8 4.50489E-6 9.0665E-6 5.46798E-6 9.74023E-6 6.36149E-6 4.15E-6 1.90614E-5 4.29488E-5 1.25951E-6 4.6842E-6
1.90466E-5 2.42386E-6 1.25399E-5 8.2136E-6 2.51604E-7 8.83404E-6 6.52782E-7 4.33118E-7 1.35557E-7 3.06933E-6 2.32413E-7 8.25616E-11 2.58338E-12 2.9014E-11 2.19326E-9 1.44003E-8 1.53964E-7 6.69148E-9 1.45289E-5 2.77419E-6 1.90897E-5 9.49435E-6 2.77408E-6 7.3174E-8 2.69486E-8 1.38141E-6 2.04559E-6 1.78147E-6 4.415E-6 8.98702E-6 9.14303E-6 3.89677E-6 4.35391E-6 3.85631E-6 1.51997E-4 1.63137E-4 3.38791E-5 4.18744E-5 3.81545E-5 2.26275E-5 6.85416E-6 2.8262E-5 1.0735E-5 9.89021E-6 5.94831E-6 1.69406E-5 2.10145E-6 1.34027E-5 1.24802E-5 6.00468E-5 6.24346E-5 8.03377E-6 7.80075E-6 7.26905E-6 4.95834E-6 2.26644E-6 1.30244E-5 4.99095E-6 5.1308E-6 1.18497E-6 1.29137E-5 1.97873E-5 1.26092E-5 2.79569E-5 2.98001E-5 1.05893E-7
5.67773E-6 1.26159E-5 1.4E-6 5.21469E-7 2.35346E-6 2.25746E-6 1.71753E-7 4.23372E-9 1.07204E-8 1.13297E-11 1.7892E-12 1.65096E-10 1.64497E-10 8.00328E-10 9.03211E-11 3.82664E-8 1.11977E-7 8.42811E-10 1.77983E-6 5.12819E-6 3.57375E-5 1.43316E-5 5.39205E-6 2.88871E-6 1.01042E-9 2.58361E-10 1.18865E-6 1.5395E-5 2.60308E-5 3.49492E-5 5.76829E-5 4.97332E-5 5.08003E-5 8.77615E-5 9.05183E-5 5.09443E-5 4.04779E-5 3.24604E-5 2.85658E-5 2.68189E-5 2.3333E-5 3.24049E-5 3.52937E-5 3.87198E-5 2.9569E-6 9.28647E-6 5.09128E-5 8.30763E-5 8.80219E-5 4.46028E-5 7.52987E-6 2.6272E-6 3.0317E-6 1.3188E-5 3.96499E-5 4.80387E-5 3.7624E-5 2.01488E-6 4.58687E-7 4.90878E-6 4.76841E-6 1.82546E-5 1.14924E-5 1.79575E-5 1.48999E-5 1.74201E-7
2.5278E-5 1.05575E-5 2.44392E-6 1.50613E-6 3.71716E-8 3.86628E-7 4.34626E-8 1.47122E-7 7.42303E-12 1.94105E-9 3.04368E-9 9.29542E-8 2.16935E-7 2.52356E-8 6.783E-8 1.91947E-7 1.73E-6 8.51484E-8 4.64458E-6 2.56807E-5 3.63173E-7 8.71073E-6 2.18433E-6 1.609E-5 5.09904E-10 3.56867E-6 1.19102E-6 1.85429E-5 3.59268E-5 2.10659E-5 5.00928E-5 7.06574E-5 6.57116E-5 3.27649E-5 3.73712E-5 4.27188E-5 3.71879E-5 3.23622E-5 3.11046E-5 1.24192E-5 3.52387E-5 4.16269E-5 4.50161E-5 3.29562E-5 1.31243E-6 6.95797E-6 2.14965E-5 8.65578E-5 8.18099E-5 1.01306E-5 2.96884E-6 7.13363E-7 1.16169E-5 1.57189E-5 4.95307E-5 4.17597E-5 1.43868E-5 1.04021E-5 1.58094E-5 2.27477E-6 1.30488E-5 6.65651E-6 2.49743E-6 2.43984E-5 1.27497E-5 2.5717E-5
1.71951E-6 1.08327E-5 1.32186E-6 1.08114E-7 7.82843E-7 4.71193E-7 3.284E-7 1.60038E-9 7.28101E-11 2.93772E-7 8.30555E-8 1.11059E-8 1.57441E-8 2.06751E-8 1.05164E-9 1.27048E-7 2.40336E-6 3.37997E-5 2.97521E-5 2.60514E-6 7.51899E-7 2.86288E-6 2.92309E-5 1.90422E-6 2.68118E-6 3.31284E-6 2.17359E-5 3.24626E-5 4.23874E-5 5.50459E-6 2.78237E-5 2.23665E-5 1.80967E-5 2.44132E-5 3.37809E-5 4.12296E-5 3.95271E-5 3.97453E-5 3.20861E-5 1.01021E-5 8.82199E-6 9.42827E-6 5.09063E-6 5.89E-6 3.79979E-6 3.12791E-5 2.5644E-5 3.3097E-6 6.15342E-6 3.18736E-6 8.97424E-7 2.80359E-6 1.43627E-6 7.45736E-6 1.45713E-5 7.33869E-6 1.51713E-5 1.45132E-5 1.89273E-5 1.90886E-5 2.06699E-5 1.44263E-5 3.41613E-6 1.04444E-5 6.91758E-8 4.27076E-7
1.10828E-6 9.17502E-6 2.9302E-5 8.38876E-8 5.40464E-7 4.79907E-6 1.27535E-8 9.68859E-10 3.42191E-7 7.51538E-8 5.94213E-8 5.76538E-9 1.28127E-8 6.63947E-7 9.78381E-7 6.63434E-6 1.72198E-5 2.33063E-5 3.00291E-5 1.72713E-5 3.08073E-6 7.72364E-6 1.05733E-4 3.90341E-5 1.02129E-6 7.86241E-6 3.22841E-6 5.37254E-5 3.73013E-5 3.00283E-5 2.63661E-5 2.1915E-5 2.44253E-6 2.00074E-8 6.37643E-6 2.76706E-5 3.34875E-5 3.77459E-6 1.82933E-5 3.20855E-5 4.36527E-5 2.05786E-5 2.92076E-6 5.76264E-6 1.16295E-7 9.43398E-8 3.90649E-8 1.19603E-5 1.18581E-6 4.49725E-6 6.46189E-7 4.81921E-6 4.56523E-6 1.30468E-5 7.91547E-6 5.5268E-6 9.22371E-6 1.51498E-5 2.30673E-5 2.71326E-5 8.71361E-6 2.34385E-5 1.37369E-5 2.2383E-6 9.97052E-6 3.34809E-6
1.56716E-6 6.75006E-7 2.40267E-8 6.45996E-7 3.95721E-8 6.49713E-7 8.97629E-8 1.28486E-7 3.841E-8 7.8111E-10 6.96342E-10 9.44969E-9 1.39352E-7 5.4352E-8 2.1807E-6 1.1172E-5 1.6614E-5 2.31181E-5 2.90693E-5 1.36155E-5 1.04972E-5 3.22095E-5 2.03133E-4 6.37223E-5 5.46921E-6 1.62501E-5 4.09599E-5 6.49366E-5 1.40623E-5 2.11755E-5 2.77084E-7 9.89956E-7 2.34243E-5 2.98947E-8 1.7752E-6 7.62257E-6 3.78369E-7 2.42636E-6 2.21082E-6 2.98426E-5 3.73991E-5 1.90295E-5 3.20133E-6 1.25529E-5 7.26713E-6 3.24986E-6 6.29167E-7 9.67544E-6 2.08814E-6 8.65637E-6 4.06547E-6 2.4193E-5 1.82632E-5 1.90814E-6 3.95703E-6 2.51597E-5 3.83077E-6 7.95923E-6 8.01536E-6 2.04444E-5 2.97569E-5 3.43699E-5 1.38559E-5 6.99183E-6 6.80994E-6 1.89201E-5
4.12979E-7 5.18952E-7 7.57927E-8 6.79566E-8 3.35059E-8 1.66666E-8 8.91016E-10 5.13544E-7 1.09294E-7 2.49175E-9 1.66117E-8 1.47536E-6 4.30857E-6 5.82728E-7 9.79646E-6 2.82139E-6 4.17643E-6 1.10842E-5 2.95509E-5 4.87438E-5 4.9036E-5 3.93109E-5 1.18688E-4 8.98267E-5 4.03925E-5 3.2612E-5 4.74764E-5 6.85792E-5 3.30691E-5 1.19852E-5 7.62054E-9 2.77823E-12 2.94646E-6 9.59098E-8 7.42434E-8 1.35044E-5 3.4063E-8 2.13551E-7 1.44605E-5 2.9749E-5 3.56086E-5 2.86384E-5 2.80929E-5 3.44759E-5 3.01066E-5 1.90093E-5 1.99385E-5 1.19644E-5 1.26771E-5 4.42652E-6 3.13207E-6 5.28525E-6 2.56054E-5 1.59408E-5 7.74914E-7 3.61472E-6 9.80604E-6 8.61962E-6 1.72734E-5 3.27523E-5 3.42903E-5 3.12034E-5 3.5252E-5 1.54017E-5 1.87713E-5 7.09409E-6
1.93664E-7 6.62472E-9 1.4571E-8 1.19787E-8 1.40745E-9 9.96189E-7 5.81916E-7 7.61484E-7 7.86895E-6 3.84583E-10 4.17573E-6 9.78315E-6 1.60883E-5 1.92349E-5 2.35851E-5 2.57304E-6 1.28149E-5 5.62565E-6 2.79719E-5 4.33745E-5 7.75714E-5 7.40529E-5 8.48003E-5 2.18709E-5 2.10901E-5 3.21254E-5 3.65546E-5 2.82065E-5 2.72979E-5 3.15219E-5 2.62362E-6 2.35663E-7 2.40226E-8 1.48896E-5 6.68948E-8 2.04669E-7 9.06525E-8 3.17696E-9 5.10901E-7 1.74461E-6 4.79394E-6 2.93589E-5 2.79354E-5 3.94951E-5 4.01964E-5 3.99537E-5 2.98996E-5 2.54678E-5 3.2391E-5 2.99102E-5 1.04904E-5 1.27274E-5 1.35264E-5 5.80771E-6 4.55527E-6 8.16811E-6 2.47618E-5 1.82024E-5 2.65949E-5 3.36337E-5 2.10482E-5 4.35218E-5 3.78479E-5 9.08145E-6 1.44451E-5 9.56763E-6
8.12754E-7 2.03342E-7 1.863E-9 1.13528E-8 6.66051E-10 2.67524E-7 1.39632E-6 8.25472E-7 1.22913E-7 2.0374E-7 2.41612E-5 1.90781E-5 3.8019E-5 1.39807E-5 7.02557E-6 2.11076E-5 3.27016E-5 7.93334E-6 3.31526E-5 6.63918E-5 9.14775E-5 6.52416E-5 1.8928E-5 1.49271E-6 3.15973E-6 1.31868E-5 3.43065E-5 3.53934E-5 4.95205E-6 1.44142E-5 1.15224E-7 1.94684E-6 1.90768E-6 6.8495E-8 1.30953E-7 4.62276E-9 1.02265E-11 1.00656E-11 9.02062E-7 1.47033E-5 2.94644E-5 2.66451E-5 3.46003E-5 3.65292E-5 4.03223E-5 3.61708E-5 2.7908E-5 2.46857E-5 3.16892E-5 3.38658E-5 3.52312E-5 2.42051E-5 1.73608E-5 1.73307E-5 2.35111E-5 2.91164E-5 2.87755E-5 1.97025E-5 2.66051E-5 3.32166E-5 2.45872E-5 3.91485E-5 8.20605E-6 1.23962E-6 2.87145E-6 1.79865E-7
1.63415E-5 1.19477E-5 9.93774E-6 2.15862E-8 7.71304E-7 2.10494E-7 2.19816E-7 1.22838E-6 2.8915E-8 2.70495E-6 5.29858E-6 1.18621E-5 4.1169E-5 2.86373E-5 2.29273E-5 3.58943E-5 3.76119E-5 3.45474E-5 1.87219E-5 4.23469E-5 4.70713E-5 6.60827E-5 1.85475E-5 1.1051E-6 2.55409E-6 6.5801E-7 1.04551E-5 2.53933E-5 2.20974E-5 2.32809E-5 1.28458E-5 6.71786E-6 1.01101E-7 1.54286E-8 2.51138E-10 8.34894E-10 2.12889E-8 3.47895E-9 9.63925E-7 6.7462E-6 1.9913E-5 4.17552E-6 2.63353E-5 2.70589E-5 2.92486E-5 3.17739E-5 2.46E-5 2.13246E-5 2.45739E-5 2.56962E-5 2.74289E-5 2.71669E-5 2.81698E-5 8.88703E-6 2.80119E-5 1.65202E-5 5.22262E-6 2.7004E-5 2.79412E-5 4.27077E-5 5.84032E-6 4.60235E-5 3.37287E-5 3.09966E-5 1.2323E-5 2.44827E-5
8.32668E-6 3.30942E-5 1.31002E-5 1.40517E-6 9.42108E-7 7.03742E-7 4.84315E-6 2.49162E-6 3.71056E-6 5.91793E-6 5.45013E-6 2.17804E-6 1.53878E-5 4.62093E-5 4.00231E-5 1.55974E-5 3.58695E-5 2.69989E-6 2.85378E-5 3.09224E-5 2.95353E-5 3.11308E-5 3.1695E-5 4.37989E-7 1.49794E-6 3.95247E-6 1.41381E-5 1.87678E-5 2.90646E-5 1.59685E-5 1.91566E-6 2.40154E-6 5.64418E-7 8.67658E-8 6.2052E-7 5.65107E-8 2.4429E-6 1.55206E-5 2.11314E-5 1.30515E-6 5.593E-6 2.56418E-5 2.3168E-5 2.87625E-5 3.46829E-5 3.30193E-5 2.6647E-5 2.03081E-5 1.84255E-5 2.12145E-5 2.21218E-5 2.21681E-5 2.57667E-5 2.92737E-5 2.6643E-5 2.60445E-5 1.96631E-5 1.7934E-6 3.53677E-6 5.88935E-6 1.07811E-5 4.03554E-5 1.73159E-5 2.08421E-5 3.24038E-5 1.49345E-5
1.82201E-6 3.85979E-5 2.50318E-6 8.58353E-6 1.63588E-6 3.32912E-6 7.70196E-6 2.76493E-5 5.74774E-6 5.80252E-7 3.23732E-7 2.36254E-8 1.07815E-7 2.77626E-5 3.43945E-5 1.9164E-5 3.74026E-5 1.29867E-5 1.59994E-5 1.26534E-6 7.19333E-7 2.52722E-5 3.29058E-5 2.17891E-5 1.83393E-6 3.63342E-6 2.38921E-5 2.64335E-5 1.57171E-5 1.78681E-6 1.77791E-5 3.13701E-10 1.50119E-8 7.25087E-7 3.99077E-7 6.4726E-7 7.92782E-6 2.7974E-5 1.04697E-5 2.30007E-5 1.94548E-5 2.96036E-5 2.31753E-5 2.92711E-5 3.52547E-5 3.39678E-5 2.69458E-5 2.11813E-5 2.31463E-5 2.7998E-5 2.98607E-5 2.77415E-5 2.45307E-5 2.46752E-5 2.32234E-5 2.46234E-5 1.81309E-5 2.08606E-5 3.30229E-6 4.46219E-6 6.21501E-7 2.36447E-5 2.02038E-5 1.26197E-5 3.66838E-5 7.70227E-6
2.12891E-5 2.45561E-5 6.23578E-6 1.96165E-5 1.24317E-5 2.06347E-5 2.04619E-5 2.10678E-5 1.22695E-6 7.81039E-7 7.44472E-8 4.07137E-7 2.57599E-6 1.75236E-5 2.35018E-6 2.37259E-5 2.40313E-5 2.38612E-7 8.93656E-6 3.29573E-6 2.24836E-5 8.34888E-6 1.85715E-5 7.65186E-6 9.76727E-6 1.08818E-5 1.3798E-5 6.41332E-6 1.93473E-7 3.78493E-8 1.79835E-8 2.18569E-7 4.64084E-6 3.04396E-6 2.44217E-5 3.65264E-6 3.4448E-6 1.56268E-7 3.86564E-7 2.96475E-5 3.51654E-5 2.91131E-5 2.03179E-5 1.93182E-5 9.09651E-6 1.8408E-5 2.13507E-5 9.41368E-6 2.5093E-5 1.65826E-5 3.33695E-5 2.38534E-5 2.04538E-5 2.18705E-5 1.76818E-5 1.46656E-5 2.35926E-5 2.21107E-5 3.59084E-5 3.48045E-5 5.93055E-6 3.741E-5 2.15523E-5 1.26094E-5 1.13482E-6 5.91347E-6
