catData/rasterBestHybridModels/Pbengalensis/RD_RM1.5_L/Pbengalensis_median.asc
ncols         409
nrows         350
xllcorner     60.897278365
yllcorner     5.843756025
cellsize      0.0892857
NODATA_value  -9999
[rows 116 to 144 of 350, columns 330 to 395 of 409]
1.54789E-4 1.70333E-4 1.77201E-4 1.6782E-4 1.66634E-4 1.68672E-4 1.86623E-4 1.76958E-4 1.49949E-4 1.2599E-4 1.45335E-4 1.82285E-4 1.99853E-4 1.87872E-4 1.60679E-4 1.30882E-4 1.21091E-4 1.57957E-4 1.95323E-4 2.23746E-4 1.94206E-4 1.54015E-4 1.95995E-4 2.60435E-4 2.26786E-4 1.74028E-4 2.07998E-4 2.50877E-4 1.93377E-4 1.53212E-4 1.22611E-4 9.63346E-5 1.26801E-4 1.44067E-4 1.96386E-4 2.57611E-4 2.87985E-4 2.66304E-4 2.03373E-4 2.18899E-4 2.69581E-4 2.02595E-4 2.10623E-4 2.18353E-4 2.52469E-4 2.13875E-4 2.52452E-4 2.11529E-4 1.93535E-4 1.89548E-4 2.64398E-4 2.70972E-4 3.32521E-4 3.77529E-4 3.75279E-4 2.77202E-4 -9999 -9999 -9999 -9999 -9999 -9999 -9999 -9999 -9999 -9999
1.99459E-4 2.16684E-4 2.11043E-4 2.23099E-4 2.17327E-4 2.1744E-4 2.3039E-4 2.14399E-4 1.76087E-4 1.37298E-4 1.24557E-4 1.4051E-4 1.51613E-4 1.68259E-4 1.71669E-4 1.50422E-4 1.25756E-4 1.49673E-4 1.69057E-4 1.97834E-4 1.95056E-4 1.66875E-4 1.82422E-4 2.12888E-4 2.17523E-4 2.07203E-4 2.58361E-4 2.59831E-4 2.31638E-4 1.81772E-4 1.37347E-4 9.50619E-5 1.13832E-4 1.41216E-4 2.14202E-4 2.4975E-4 2.85728E-4 2.77757E-4 2.14191E-4 1.88314E-4 1.98664E-4 1.80396E-4 2.34255E-4 2.44669E-4 2.38872E-4 3.34958E-4 6.01209E-4 3.53222E-4 1.88505E-4 1.94202E-4 1.96126E-4 2.45781E-4 2.49578E-4 4.26091E-4 -9999 -9999 -9999 -9999 -9999 -9999 -9999 -9999 -9999 -9999 -9999 -9999
2.64835E-4 2.57889E-4 2.74316E-4 2.9353E-4 2.67942E-4 2.75121E-4 2.92473E-4 2.54592E-4 1.93816E-4 1.45955E-4 1.10848E-4 1.45291E-4 1.8217E-4 2.22079E-4 2.25351E-4 1.85105E-4 1.50368E-4 1.84726E-4 2.09691E-4 2.34867E-4 2.47057E-4 1.98647E-4 2.28499E-4 2.84288E-4 2.29089E-4 1.8111E-4 1.82999E-4 1.77968E-4 1.59148E-4 1.32144E-4 3.65661E-4 2.13773E-4 3.20319E-4 1.40005E-3 1.28186E-3 1.4984E-3 1.76457E-3 3.13795E-4 1.72338E-4 2.15393E-4 2.60412E-4 1.94441E-4 1.96793E-4 2.15517E-4 2.36835E-4 5.60295E-4 1.00318E-3 3.43158E-4 2.08657E-4 3.81818E-4 1.99167E-4 5.26415E-4 5.2155E-4 -9999 -9999 -9999 -9999 -9999 -9999 -9999 -9999 -9999 -9999 -9999 -9999 -9999
2.73694E-4 2.4479E-4 2.59409E-4 2.46843E-4 2.34564E-4 1.53893E-4 2.70302E-4 2.57996E-4 2.00142E-4 1.5154E-4 1.24262E-4 1.50535E-4 1.93073E-4 2.43735E-4 2.44714E-4 1.91073E-4 1.56041E-4 1.99317E-4 2.56468E-4 2.42872E-4 2.54375E-4 2.61735E-4 2.63066E-4 2.34723E-4 2.03812E-4 1.57452E-4 1.24578E-4 1.27203E-4 1.28044E-4 2.56637E-4 2.20705E-4 1.36181E-3 1.2517E-3 1.46425E-3 6.61651E-4 5.77923E-4 9.58021E-4 3.24095E-4 1.81877E-4 1.84361E-4 1.96025E-4 1.71613E-4 1.54522E-4 2.0638E-4 2.58654E-4 1.03202E-3 1.5142E-3 9.20284E-4 4.0668E-4 9.36177E-4 3.56602E-4 2.40868E-4 3.05054E-4 -9999 -9999 -9999 -9999 -9999 -9999 -9999 -9999 -9999 -9999 -9999 -9999 -9999
2.51532E-4 2.4771E-4 2.31104E-4 2.92286E-4 1.49022E-4 2.0022E-4 2.47872E-4 2.7397E-4 2.15688E-4 1.63401E-4 1.41967E-4 1.80339E-4 2.13356E-4 2.11411E-4 1.90772E-4 1.7889E-4 1.76465E-4 2.06179E-4 2.45072E-4 2.3049E-4 1.99326E-4 2.16812E-4 2.26202E-4 1.8494E-4 1.83302E-4 1.5998E-4 1.25148E-4 9.81205E-5 2.1959E-4 3.48334E-4 3.31131E-4 4.61742E-4 5.06536E-4 8.38288E-4 8.49632E-4 1.4032E-3 8.50328E-4 1.55108E-3 2.82965E-4 2.25832E-4 1.94457E-4 1.5591E-4 1.54812E-4 3.23655E-4 1.4433E-3 2.23331E-3 1.93171E-3 7.27911E-4 9.48942E-4 1.66213E-3 8.46474E-4 8.08072E-4 3.99401E-4 1.93362E-4 -9999 -9999 -9999 -9999 -9999 -9999 -9999 -9999 -9999 -9999 -9999 -9999
2.97141E-4 2.9808E-4 2.78137E-4 2.24827E-4 1.53311E-4 2.10606E-4 1.81837E-4 1.23178E-4 1.07391E-4 1.78462E-4 6.48222E-5 1.69065E-4 9.87442E-5 2.94389E-4 2.23176E-4 3.23927E-4 2.30084E-4 2.06779E-4 1.72137E-4 1.50657E-4 1.45355E-4 1.65491E-4 1.71896E-4 2.22135E-4 2.34208E-4 1.7939E-4 1.37019E-4 2.58215E-4 3.55768E-4 1.35194E-4 1.14069E-4 1.05771E-4 5.20825E-4 6.34092E-4 9.85801E-4 1.10147E-3 1.66622E-3 1.65472E-3 3.04513E-4 2.31924E-4 1.97499E-4 2.09882E-4 3.76527E-4 6.62754E-4 7.07975E-4 1.53742E-3 1.82484E-3 1.53167E-3 1.83981E-3 1.17104E-3 1.2019E-3 1.07039E-3 4.87586E-4 2.04196E-4 -9999 -9999 -9999 -9999 -9999 -9999 -9999 -9999 -9999 -9999 -9999 -9999
1.69626E-4 2.32553E-4 2.38838E-4 1.51715E-4 9.39891E-5 3.46402E-5 8.99516E-5 9.06598E-6 8.43761E-5 8.13181E-5 7.51384E-5 1.13844E-5 1.54872E-4 3.03416E-4 2.35856E-4 3.54683E-4 2.67568E-4 2.09156E-4 1.52836E-4 1.07179E-4 1.10236E-4 1.23558E-4 1.70048E-4 2.5734E-4 2.00531E-4 1.65884E-4 1.35827E-4 2.49989E-4 2.31925E-4 1.40861E-4 1.161E-4 1.21726E-4 4.85429E-4 7.06944E-4 1.00597E-3 1.52353E-3 2.36638E-3 5.09893E-4 2.29845E-4 2.01055E-4 1.65529E-4 6.3273E-4 1.44872E-3 1.92529E-3 1.33473E-3 2.68588E-3 1.54817E-3 1.50724E-3 9.10793E-4 6.88775E-4 9.34194E-4 6.67011E-4 5.35577E-4 -9999 -9999 -9999 -9999 -9999 -9999 -9999 -9999 -9999 -9999 -9999 -9999 -9999
2.32127E-4 1.88627E-4 2.16553E-4 2.12135E-4 1.58745E-4 7.73854E-5 5.95459E-5 1.29015E-4 1.00386E-4 7.9054E-5 6.24239E-5 1.19232E-4 2.2882E-4 2.72144E-4 2.72871E-4 4.54442E-4 4.05445E-4 2.39247E-4 1.60731E-4 1.89885E-4 2.00121E-4 2.86594E-4 1.09861E-3 6.92081E-4 1.63799E-4 1.354E-4 1.68093E-4 1.9958E-4 1.97182E-4 1.64465E-4 1.31334E-4 1.00465E-4 1.76088E-4 3.60931E-4 4.15317E-4 4.2282E-4 5.36512E-4 4.40467E-4 2.2181E-4 1.83031E-4 2.80459E-4 1.55749E-3 6.79281E-4 2.04019E-3 1.17478E-3 9.51032E-4 1.89885E-3 1.12618E-3 7.779E-4 6.55811E-4 5.8665E-4 8.07255E-4 3.77425E-4 1.8044E-4 -9999 -9999 -9999 -9999 -9999 -9999 -9999 -9999 -9999 -9999 -9999 -9999
2.29304E-4 1.82935E-4 1.66862E-4 1.6511E-4 1.46508E-4 1.20504E-4 1.01074E-4 9.67529E-5 9.06556E-5 1.00016E-4 1.24938E-4 1.65214E-4 1.85338E-4 2.77679E-4 7.41946E-4 9.86486E-4 7.7841E-4 1.51771E-3 1.32236E-3 1.59358E-3 1.43654E-3 6.31061E-4 3.92236E-4 3.7898E-4 2.39684E-4 1.50867E-4 1.76119E-4 2.28818E-4 2.14399E-4 1.68722E-4 1.28016E-4 1.41673E-4 2.03883E-4 2.17805E-4 1.95157E-4 2.91397E-4 2.16143E-4 2.04813E-4 2.20776E-4 1.83149E-4 2.66064E-4 1.36806E-3 2.04398E-3 7.62123E-4 3.95085E-4 1.17858E-3 1.27897E-3 1.16776E-3 1.08476E-3 8.85065E-4 7.54013E-4 6.40454E-4 4.7125E-4 -9999 -9999 -9999 -9999 -9999 -9999 -9999 -9999 -9999 -9999 -9999 -9999 -9999
1.92114E-4 1.62235E-4 1.29761E-4 1.29783E-4 1.21409E-4 1.11272E-4 9.37542E-5 8.36124E-5 9.34922E-5 9.65923E-5 1.19173E-4 1.50576E-4 1.61953E-4 3.59643E-4 5.40956E-4 1.67951E-3 1.92395E-3 2.40679E-3 2.20088E-3 1.95569E-3 1.31597E-3 8.58389E-4 4.50199E-4 3.18462E-4 7.8761E-4 2.55695E-4 1.95221E-4 1.76191E-4 1.72877E-4 1.6069E-4 2.70812E-4 2.68793E-4 3.09164E-4 3.23655E-4 2.61448E-4 3.65745E-4 2.87959E-4 2.59555E-4 2.00144E-4 1.83589E-4 7.31126E-4 1.59712E-3 1.56112E-3 1.67917E-3 1.31484E-3 1.16061E-3 2.03808E-3 6.54887E-4 1.16375E-3 3.76135E-4 6.26304E-4 2.88349E-4 -9999 -9999 -9999 -9999 -9999 -9999 -9999 -9999 -9999 -9999 -9999 -9999 -9999 -9999
1.91269E-4 1.41522E-4 1.12797E-4 1.06436E-4 1.05247E-4 1.35874E-4 1.53077E-4 1.58399E-4 1.87645E-4 2.41452E-4 4.3034E-4 3.67794E-4 2.70469E-4 3.39573E-4 7.08548E-4 1.93698E-3 1.00289E-3 1.06205E-3 1.79141E-3 1.05975E-3 5.93475E-4 2.96997E-4 3.14555E-4 3.44629E-4 3.45975E-4 2.26681E-4 2.3541E-4 1.48943E-4 1.50438E-4 2.05812E-4 3.39718E-4 4.15624E-4 4.86187E-4 5.66364E-4 3.65535E-4 4.39589E-4 1.79526E-4 1.85896E-4 4.15969E-4 1.32532E-3 2.33544E-3 3.6819E-3 3.7246E-3 3.19944E-3 7.99946E-4 1.20456E-3 1.21673E-3 1.20813E-3 8.66119E-4 5.03961E-4 3.11964E-4 2.88183E-4 1.79699E-4 -9999 -9999 -9999 -9999 -9999 -9999 -9999 -9999 -9999 -9999 -9999 -9999 -9999
1.84989E-4 1.40358E-4 1.14532E-4 8.61544E-5 8.09905E-5 2.21684E-4 4.28301E-4 4.55049E-4 1.12112E-3 9.90463E-4 1.84394E-3 6.66124E-4 5.39105E-4 6.01481E-4 5.66755E-4 4.6339E-4 8.87999E-4 4.97748E-4 4.31187E-4 5.8466E-4 3.70669E-4 2.76738E-4 2.37756E-4 2.09334E-4 2.43419E-4 3.06599E-4 2.67262E-4 1.47725E-4 3.8042E-4 1.16473E-3 1.95544E-3 5.39928E-4 1.276E-3 1.0436E-3 1.84261E-3 5.16474E-4 1.91186E-4 4.02401E-4 3.90049E-4 5.56197E-4 1.69186E-3 2.21467E-3 3.1286E-3 3.02755E-3 7.01747E-4 9.15517E-4 2.16971E-3 9.3267E-4 1.09279E-3 5.97438E-4 4.41886E-4 4.3689E-4 -9999 -9999 -9999 -9999 -9999 -9999 -9999 -9999 -9999 -9999 -9999 -9999 -9999 -9999
2.53957E-4 1.87176E-4 1.55515E-4 1.23362E-4 9.17715E-5 1.50125E-4 3.01823E-4 1.48888E-3 1.39744E-3 1.18735E-3 6.51791E-4 4.82283E-4 5.35551E-4 9.72327E-4 6.61977E-4 4.91413E-4 5.77949E-4 7.01016E-4 3.70603E-4 4.62645E-4 4.0857E-4 1.73476E-4 1.81771E-4 1.3304E-4 1.42117E-4 2.67269E-4 1.91481E-4 1.4425E-4 2.47126E-4 3.79775E-4 5.6448E-4 7.66869E-4 6.52282E-4 4.88125E-4 1.72094E-3 7.26367E-4 2.79409E-4 5.99139E-4 9.35419E-4 1.73495E-3 2.5693E-3 1.58609E-3 1.13193E-3 1.10068E-3 6.90873E-4 4.05593E-4 7.22421E-4 1.03131E-3 1.35266E-3 5.00003E-4 4.22241E-4 -9999 -9999 -9999 -9999 -9999 -9999 -9999 -9999 -9999 -9999 -9999 -9999 -9999 -9999 -9999
1.0243E-3 2.76736E-4 1.46661E-4 1.08017E-4 9.61998E-5 1.76508E-4 2.55851E-4 1.70883E-3 1.74422E-3 1.03312E-3 6.78251E-4 4.43372E-4 3.58166E-4 4.5673E-4 4.64392E-4 4.70042E-4 6.58935E-4 4.84766E-4 4.32276E-4 3.15093E-4 2.47467E-4 2.10277E-4 1.16933E-4 1.18342E-4 1.15816E-4 1.29125E-4 1.6938E-4 1.61784E-4 2.14765E-4 3.1952E-4 3.798E-4 9.22972E-4 1.3138E-3 3.58704E-4 2.64011E-4 2.2573E-4 4.79202E-4 7.1302E-4 3.01516E-4 6.13895E-4 8.58738E-4 1.65639E-3 4.16628E-4 3.30433E-4 4.58493E-4 3.95481E-4 9.24304E-4 8.10516E-4 7.85348E-4 7.64969E-4 -9999 -9999 -9999 -9999 -9999 -9999 -9999 -9999 -9999 -9999 -9999 -9999 -9999 -9999 -9999 -9999
9.16297E-4 1.11211E-3 5.41583E-4 1.58823E-4 1.22978E-4 2.55267E-4 1.17676E-3 6.3083E-4 3.95978E-3 1.82536E-3 5.05817E-4 3.43582E-4 2.94305E-4 3.94819E-4 3.51383E-4 3.47004E-4 5.14336E-4 4.89594E-4 3.18045E-4 4.28501E-4 1.81426E-4 1.6948E-4 1.13619E-4 9.22863E-5 1.51052E-4 1.83611E-4 4.41465E-4 5.66409E-4 4.22643E-4 4.19726E-4 6.06069E-4 7.35414E-4 4.81078E-4 3.28231E-4 2.14321E-4 1.75762E-4 2.91217E-4 2.36747E-4 2.76922E-4 1.09949E-3 4.71266E-4 5.62494E-4 2.40266E-4 2.69608E-4 5.63571E-4 4.03199E-4 4.45403E-4 3.82904E-4 -9999 -9999 -9999 -9999 -9999 -9999 -9999 -9999 -9999 -9999 -9999 -9999 -9999 -9999 -9999 -9999 -9999 -9999
3.0167E-4 3.99132E-4 2.45751E-4 2.29984E-4 2.81825E-4 8.93663E-4 1.29634E-3 1.57561E-3 1.22567E-3 2.08803E-3 8.77683E-4 4.53565E-4 4.27153E-4 5.08636E-4 5.77447E-4 6.08076E-4 1.09759E-3 9.72954E-4 5.87668E-4 3.81899E-4 2.46027E-4 1.48008E-4 1.21872E-4 1.15354E-4 2.28548E-4 3.2574E-4 5.03853E-4 4.13871E-4 9.91456E-4 1.02886E-3 5.99142E-4 8.50721E-4 1.10634E-3 6.01151E-4 7.02311E-4 2.89626E-4 1.48052E-4 1.30297E-4 4.29312E-4 1.76181E-3 3.93196E-4 3.19319E-4 2.32154E-4 2.67952E-4 2.76976E-4 2.8681E-4 2.94531E-4 1.99873E-4 -9999 -9999 -9999 -9999 -9999 -9999 -9999 -9999 -9999 -9999 -9999 -9999 -9999 -9999 -9999 -9999 -9999 -9999
2.77065E-4 3.44961E-4 3.43961E-4 1.805E-4 3.98696E-4 6.18502E-4 4.884E-4 5.64197E-4 4.97787E-4 5.50284E-4 6.69324E-4 1.09991E-3 1.69619E-3 9.42226E-4 1.23688E-3 8.63118E-4 1.74932E-3 1.73312E-3 8.05569E-4 3.18391E-4 2.76786E-4 3.06852E-4 5.10636E-4 3.37155E-4 3.25848E-4 3.13851E-4 3.56669E-4 4.69688E-4 8.66109E-4 8.98836E-4 2.06735E-3 7.65045E-4 1.30038E-3 6.4009E-4 9.66867E-4 7.08011E-4 2.02409E-4 1.6873E-4 7.7887E-4 2.34155E-4 2.6373E-4 1.63112E-4 3.0105E-4 2.359E-4 1.44738E-4 3.26901E-4 2.10253E-4 -9999 -9999 -9999 -9999 -9999 -9999 -9999 -9999 -9999 -9999 -9999 -9999 -9999 -9999 -9999 -9999 -9999 -9999 -9999
1.42019E-4 1.39357E-4 1.8768E-4 2.02764E-4 1.82529E-4 1.80518E-4 1.62E-4 1.21219E-4 1.40908E-4 1.3984E-4 1.26637E-4 1.79692E-4 3.63629E-4 3.81665E-4 3.99289E-4 7.02562E-4 6.97368E-4 5.39025E-4 2.57172E-4 1.66307E-4 3.50803E-4 3.21804E-4 2.72922E-4 1.99606E-4 3.04819E-4 5.1497E-4 4.71452E-4 3.7901E-4 5.97098E-4 1.13003E-3 3.20116E-3 9.89562E-4 8.67625E-4 4.69939E-4 7.41115E-4 2.99018E-4 3.33623E-4 3.57416E-4 2.56588E-4 6.21311E-4 2.12393E-4 4.56556E-4 2.6222E-4 2.16732E-4 1.50729E-4 2.87642E-4 2.07951E-4 -9999 -9999 -9999 -9999 -9999 -9999 -9999 -9999 -9999 -9999 -9999 -9999 -9999 -9999 -9999 -9999 -9999 -9999 -9999
1.06685E-4 1.20465E-4 1.46209E-4 1.63326E-4 1.65488E-4 1.50228E-4 1.31734E-4 1.17081E-4 9.56258E-5 8.18816E-5 1.02388E-4 1.28668E-4 1.70762E-4 2.17044E-4 2.58301E-4 2.35426E-4 1.92436E-4 1.65105E-4 1.47122E-4 1.18489E-4 1.54773E-4 2.27558E-4 2.25106E-4 1.97142E-4 3.72408E-4 3.34007E-4 3.44397E-4 2.78526E-4 3.70519E-4 8.02415E-4 1.36099E-3 6.19007E-4 3.51581E-4 2.38831E-4 1.95845E-4 4.47514E-4 4.45264E-4 1.23468E-3 6.24469E-4 6.26407E-4 4.05193E-4 3.2315E-4 2.71632E-4 2.57829E-4 1.50153E-4 1.70758E-4 1.46858E-4 2.38016E-4 3.41609E-4 -9999 -9999 -9999 -9999 -9999 -9999 -9999 -9999 -9999 -9999 -9999 -9999 -9999 -9999 -9999 -9999 -9999
1.43637E-4 1.45318E-4 1.80268E-4 2.13411E-4 2.16702E-4 1.9065E-4 1.55523E-4 1.26664E-4 1.05503E-4 8.33625E-5 1.02493E-4 1.27142E-4 1.68381E-4 2.15993E-4 2.60213E-4 2.3799E-4 2.11846E-4 2.33946E-4 1.86199E-4 1.45116E-4 1.61656E-4 1.94142E-4 2.1576E-4 2.22879E-4 2.25495E-4 2.42592E-4 2.30784E-4 2.09294E-4 2.02404E-4 2.9125E-4 2.72541E-4 2.82003E-4 1.88918E-4 1.56518E-4 2.19718E-4 2.97747E-4 3.41148E-4 6.01913E-4 1.98125E-3 4.05745E-4 4.27006E-4 4.12445E-4 2.45852E-4 2.5935E-4 2.11685E-4 1.44408E-4 3.26673E-4 5.02934E-4 1.55634E-4 -9999 -9999 -9999 -9999 -9999 -9999 -9999 -9999 -9999 -9999 -9999 -9999 -9999 -9999 -9999 -9999 -9999
1.90564E-4 1.78766E-4 2.01665E-4 2.60987E-4 2.74531E-4 2.19162E-4 1.68334E-4 1.26688E-4 1.08445E-4 9.11943E-5 1.11235E-4 1.36862E-4 1.79042E-4 2.16846E-4 2.38166E-4 2.06079E-4 2.59845E-4 2.51367E-4 1.96322E-4 1.55408E-4 1.83237E-4 2.32982E-4 2.66415E-4 2.17131E-4 2.59809E-4 2.63322E-4 2.21045E-4 2.36861E-4 2.24938E-4 2.10355E-4 2.29559E-4 2.76562E-4 1.91877E-4 1.96895E-4 2.0343E-4 2.33512E-4 2.31172E-4 4.75224E-4 5.41029E-4 2.75696E-4 3.3921E-4 2.57425E-4 3.52569E-4 4.3898E-4 3.89834E-4 2.61351E-4 4.55221E-4 5.08704E-4 -9999 -9999 -9999 -9999 -9999 -9999 -9999 -9999 -9999 -9999 -9999 -9999 -9999 -9999 -9999 -9999 -9999 -9999
2.47043E-4 2.17693E-4 1.89571E-4 2.3737E-4 2.44562E-4 2.06068E-4 1.62616E-4 1.22805E-4 1.01916E-4 1.15289E-4 1.17043E-4 1.44922E-4 1.90967E-4 2.37744E-4 2.88946E-4 2.24181E-4 2.19688E-4 2.15261E-4 1.81778E-4 1.42377E-4 1.8672E-4 2.60864E-4 2.5412E-4 2.14385E-4 2.46313E-4 2.50074E-4 2.7397E-4 2.87778E-4 2.25896E-4 2.86535E-4 2.88795E-4 3.07815E-4 4.05665E-4 3.21714E-4 2.52182E-4 3.55366E-4 4.10024E-4 8.11564E-4 3.17199E-4 3.0539E-4 4.39738E-4 3.9346E-4 5.09131E-4 8.42066E-4 5.85439E-4 9.52023E-4 4.82495E-4 1.79525E-4 -9999 -9999 -9999 -9999 -9999 -9999 -9999 -9999 -9999 -9999 -9999 -9999 -9999 -9999 -9999 -9999 -9999 -9999
2.66928E-4 2.25328E-4 1.7729E-4 1.80786E-4 1.84647E-4 1.66946E-4 1.39235E-4 1.16278E-4 1.29403E-4 1.54325E-4 1.71104E-4 1.61871E-4 1.70686E-4 2.04015E-4 2.14716E-4 1.91715E-4 1.73769E-4 1.73181E-4 1.55101E-4 1.28709E-4 1.59771E-4 2.19597E-4 1.96864E-4 2.25506E-4 2.64979E-4 2.35181E-4 2.26983E-4 2.22301E-4 2.13242E-4 3.21483E-4 5.55873E-4 3.51404E-4 3.74888E-4 2.44384E-4 4.21093E-4 6.75669E-4 9.95274E-4 1.02868E-3 2.76123E-4 2.33626E-4 2.78704E-4 3.79811E-4 5.43512E-4 9.60899E-4 5.28589E-4 5.02589E-4 1.4284E-4 -9999 -9999 -9999 -9999 -9999 -9999 -9999 -9999 -9999 -9999 -9999 -9999 -9999 -9999 -9999 -9999 -9999 -9999 -9999
2.01417E-4 1.88568E-4 1.56089E-4 1.46274E-4 1.58725E-4 1.5774E-4 1.40523E-4 1.28026E-4 1.66188E-4 2.05588E-4 2.30421E-4 2.08543E-4 1.81234E-4 1.52129E-4 1.66941E-4 1.82728E-4 1.85551E-4 1.92248E-4 1.45867E-4 1.10523E-4 1.91752E-4 2.13728E-4 1.9786E-4 2.29039E-4 2.68819E-4 2.35053E-4 2.22414E-4 1.82721E-4 1.73171E-4 2.6306E-4 4.47738E-4 2.60538E-4 1.87498E-4 2.20751E-4 2.8273E-4 3.50373E-4 4.42717E-4 6.38201E-4 3.73769E-4 3.3475E-4 3.46875E-4 3.46416E-4 4.58312E-4 4.05124E-4 3.07467E-4 1.58407E-4 1.26042E-4 -9999 -9999 -9999 -9999 -9999 -9999 -9999 -9999 -9999 -9999 -9999 -9999 -9999 -9999 -9999 -9999 -9999 -9999 -9999
1.6407E-4 1.93376E-4 2.05448E-4 1.89645E-4 2.09255E-4 2.02815E-4 1.75056E-4 1.50763E-4 1.78996E-4 2.3167E-4 2.69405E-4 2.68122E-4 2.09452E-4 1.6101E-4 2.0237E-4 2.42241E-4 2.34835E-4 2.13706E-4 1.55137E-4 1.71156E-4 2.56731E-4 1.87244E-4 1.77255E-4 2.07281E-4 2.61077E-4 3.94456E-4 4.12398E-4 3.89825E-4 2.915E-4 1.97942E-4 3.15072E-4 1.7114E-4 1.5996E-4 1.89595E-4 1.86148E-4 2.75253E-4 5.26845E-4 5.57776E-4 2.83231E-4 3.15018E-4 3.55461E-4 3.60396E-4 4.81038E-4 4.13176E-4 2.54626E-4 1.62241E-4 -9999 -9999 -9999 -9999 -9999 -9999 -9999 -9999 -9999 -9999 -9999 -9999 -9999 -9999 -9999 -9999 -9999 -9999 -9999 -9999
1.89424E-4 2.42291E-4 2.70636E-4 2.16617E-4 2.74008E-4 2.45595E-4 1.96097E-4 1.73412E-4 1.78801E-4 2.28535E-4 2.63133E-4 2.44296E-4 2.19977E-4 1.93042E-4 2.13803E-4 2.67549E-4 2.52072E-4 1.9673E-4 2.17046E-4 3.69404E-4 2.32599E-4 2.44627E-4 1.92648E-4 2.02655E-4 2.70709E-4 4.2797E-4 7.37259E-4 2.85727E-4 3.00575E-4 2.12921E-4 2.89446E-4 1.86178E-4 1.25819E-4 1.7647E-4 2.51129E-4 4.37665E-4 5.70599E-4 4.73907E-4 3.44184E-4 2.85085E-4 3.93828E-4 4.23288E-4 3.82361E-4 4.26236E-4 1.96382E-4 -9999 -9999 -9999 -9999 -9999 -9999 -9999 -9999 -9999 -9999 -9999 -9999 -9999 -9999 -9999 -9999 -9999 -9999 -9999 -9999 -9999
1.82395E-4 2.26804E-4 2.45632E-4 2.03562E-4 2.43259E-4 2.23277E-4 2.0039E-4 2.21112E-4 1.88919E-4 2.07182E-4 2.43031E-4 2.80561E-4 2.53449E-4 2.19951E-4 1.64965E-4 1.97378E-4 2.17566E-4 2.48048E-4 3.45099E-4 5.97395E-4 3.08979E-4 2.86521E-4 3.97642E-4 2.97333E-4 2.50064E-4 7.20831E-4 2.08185E-3 5.26995E-4 2.74058E-4 2.42629E-4 2.23162E-4 1.35991E-4 1.4963E-4 2.64777E-4 3.74202E-4 6.71148E-4 8.40519E-4 5.16549E-4 4.53385E-4 2.74477E-4 1.19554E-3 5.04005E-4 4.01856E-4 3.83389E-4 1.25244E-4 -9999 -9999 -9999 -9999 -9999 -9999 -9999 -9999 -9999 -9999 -9999 -9999 -9999 -9999 -9999 -9999 -9999 -9999 -9999 -9999 -9999
1.53505E-4 1.82044E-4 1.88854E-4 1.69399E-4 1.84717E-4 2.17877E-4 2.74497E-4 2.81496E-4 2.22752E-4 1.90027E-4 2.07048E-4 2.21579E-4 2.06394E-4 2.01993E-4 1.81288E-4 2.38227E-4 2.65167E-4 4.69868E-4 3.94634E-4 3.27501E-4 2.95213E-4 3.10381E-4 4.30358E-4 3.39005E-4 5.58718E-4 2.17715E-3 9.94289E-4 3.32547E-4 4.27741E-4 3.36365E-4 2.9813E-4 2.13578E-4 1.98813E-4 2.11234E-4 7.84548E-4 4.42468E-4 9.19737E-4 5.22446E-4 5.64348E-4 4.95229E-4 5.7516E-4 4.23664E-4 3.00041E-4 2.09731E-4 -9999 -9999 -9999 -9999 -9999 -9999 -9999 -9999 -9999 -9999 -9999 -9999 -9999 -9999 -9999 -9999 -9999 -9999 -9999 -9999 -9999 -9999
1.35566E-4 1.40696E-4 1.46531E-4 1.39956E-4 1.82367E-4 2.34664E-4 2.54178E-4 2.88247E-4 2.19831E-4 1.59502E-4 1.60347E-4 1.93732E-4 1.87699E-4 2.35627E-4 2.44254E-4 2.87519E-4 3.91414E-4 8.15661E-4 2.41138E-4 2.65119E-4 3.76755E-4 3.61181E-4 8.84575E-4 3.70383E-4 9.12737E-4 2.11954E-3 6.17206E-4 3.18782E-4 3.27069E-4 5.02072E-4 4.01818E-4 2.98085E-4 3.33671E-4 4.11E-4 7.22562E-4 6.17998E-4 5.40281E-4 1.19546E-3 5.11905E-4 4.06295E-4 2.82562E-4 3.39031E-4 2.40195E-4 1.35116E-4 -9999 -9999 -9999 -9999 -9999 -9999 -9999 -9999 -9999 -9999 -9999 -9999 -9999 -9999 -9999 -9999 -9999 -9999 -9999 -9999 -9999 -9999
