catData/rasterBestHybridModels/Pbengalensis/RD_RM1.5_L/Pbengalensis_min.asc
ncols         409
nrows         350
xllcorner     60.897278365
yllcorner     5.843756025
cellsize      0.0892857
NODATA_value  -9999
[rows 261 to 289 of 350, columns 132 to 197 of 409]
-9999 -9999 -9999 -9999 -9999 -9999 -9999 -9999 -9999 -9999 -9999 -9999 -9999 -9999 -9999 -9999 -9999 -9999 -9999 -9999 -9999 -9999 1.73478E-4 1.92061E-4 3.91773E-4 6.64618E-4 5.63061E-4 4.08952E-4 3.30049E-4 2.89495E-4 2.61642E-4 1.7081E-4 9.02559E-5 1.32635E-4 1.18035E-4 7.4477E-5 1.12355E-5 7.49431E-8 1.55276E-9 3.59248E-8 1.02726E-7 4.74112E-6 6.05839E-8 9.09404E-8 8.67639E-7 4.22778E-6 5.56568E-7 1.63328E-7 4.31055E-6 1.54597E-9 6.52411E-8 5.38422E-9 4.29455E-9 5.555E-9 8.79115E-8 1.02567E-9 2.81989E-10 1.45928E-8 4.49538E-6 2.01868E-6 7.2088E-6 5.22156E-9 4.27312E-8 4.57439E-7 1.16611E-5 1.41139E-6
-9999 -9999 -9999 -9999 -9999 -9999 -9999 -9999 -9999 -9999 -9999 -9999 -9999 -9999 -9999 -9999 -9999 -9999 -9999 -9999 -9999 -9999 1.88434E-4 1.91928E-4 1.75872E-4 4.8286E-4 2.63266E-4 2.72436E-4 2.5654E-4 2.55195E-4 3.19572E-4 2.20563E-4 1.46297E-4 1.14397E-4 5.68696E-5 5.24619E-6 4.50983E-8 5.00313E-8 2.51657E-8 4.63984E-8 1.24525E-7 6.25361E-6 4.59344E-7 1.11459E-9 2.70951E-9 1.72213E-8 2.2687E-8 3.47626E-7 1.3509E-8 4.69791E-9 1.79682E-7 5.96493E-7 3.27973E-8 4.49955E-6 7.87556E-9 2.77757E-8 5.87843E-10 6.38782E-8 3.01702E-6 1.22723E-5 1.47502E-7 3.36276E-7 1.20179E-6 8.27553E-7 1.10309E-5 1.5065E-7
-9999 -9999 -9999 -9999 -9999 -9999 -9999 -9999 -9999 -9999 -9999 -9999 -9999 -9999 -9999 -9999 -9999 -9999 -9999 -9999 -9999 -9999 8.12005E-5 2.27559E-4 1.77901E-4 1.82812E-4 4.95861E-4 5.00929E-4 2.16054E-4 4.20697E-4 3.27482E-4 2.72806E-4 2.29518E-4 2.16534E-4 2.15399E-4 9.46341E-6 1.72793E-6 7.95338E-8 2.79571E-8 1.04993E-9 4.29792E-10 1.74542E-7 5.70058E-9 1.05994E-8 5.08776E-9 7.45956E-8 1.44282E-8 1.53092E-8 2.49057E-10 1.965E-7 6.63639E-7 2.10305E-9 1.10643E-7 4.77916E-6 3.76177E-7 1.75632E-9 8.63668E-8 1.74414E-8 6.45002E-8 1.54913E-8 1.12838E-9 9.6825E-7 5.12148E-8 8.62807E-6 8.99894E-6 1.74265E-6
-9999 -9999 -9999 -9999 -9999 -9999 -9999 -9999 -9999 -9999 -9999 -9999 -9999 -9999 -9999 -9999 -9999 -9999 -9999 -9999 -9999 -9999 1.22152E-4 2.3389E-4 1.48175E-4 2.24008E-4 8.76857E-4 5.42627E-4 4.4186E-4 4.37144E-4 1.20986E-3 3.07524E-4 3.85251E-4 1.78834E-4 5.18803E-4 1.03746E-4 3.76325E-6 1.61884E-8 1.12392E-9 8.17911E-11 3.8738E-8 3.07393E-8 5.64287E-9 1.83578E-8 6.6835E-7 2.54022E-7 1.18849E-8 3.43299E-8 1.87443E-10 9.1563E-9 5.34294E-10 9.11372E-9 3.86348E-7 4.67873E-7 3.90862E-7 3.12838E-6 2.86599E-7 1.9861E-6 1.70134E-8 7.70998E-10 2.45064E-10 2.70984E-9 1.78725E-8 1.05987E-5 8.21772E-5 1.05382E-5
-9999 -9999 -9999 -9999 -9999 -9999 -9999 -9999 -9999 -9999 -9999 -9999 -9999 -9999 -9999 -9999 -9999 -9999 -9999 -9999 -9999 -9999 -9999 1.67744E-4 3.00014E-4 1.59415E-4 5.82149E-4 5.45312E-4 8.49854E-4 1.00931E-3 7.32202E-4 3.48236E-4 6.2283E-4 1.14415E-3 3.52172E-4 3.32543E-5 2.03555E-5 6.48716E-6 6.18058E-7 1.3709E-8 3.16406E-5 4.93153E-8 9.91546E-9 3.2545E-8 5.55121E-8 2.14869E-7 1.55805E-8 8.3858E-7 3.81544E-7 3.61388E-7 1.12697E-5 1.96569E-7 5.00624E-8 1.91002E-5 6.45868E-6 1.31861E-5 6.07142E-6 1.98217E-5 3.85548E-6 4.27057E-7 6.41078E-6 5.84883E-5 1.81556E-5 1.12433E-5 1.90358E-5 2.42475E-5
-9999 -9999 -9999 -9999 -9999 -9999 -9999 -9999 -9999 -9999 -9999 -9999 -9999 -9999 -9999 -9999 -9999 -9999 -9999 -9999 -9999 -9999 -9999 1.59705E-4 3.50823E-4 2.17652E-4 3.97123E-4 4.09497E-4 6.12315E-4 6.70209E-4 6.27561E-4 2.4714E-4 3.48079E-4 4.65876E-4 7.45682E-5 9.31069E-8 7.98466E-6 2.39348E-5 2.88066E-5 1.95247E-7 1.20399E-7 5.56183E-6 9.25723E-8 5.92517E-8 1.1854E-6 4.30483E-6 2.34265E-7 3.13417E-7 1.0043E-7 1.22919E-6 4.13817E-6 1.00787E-8 9.74995E-7 4.68487E-5 5.50818E-5 2.20032E-5 1.94715E-5 5.45044E-5 3.10294E-6 1.43287E-6 7.85692E-6 4.89825E-5 8.47892E-5 5.54983E-6 6.37438E-7 9.93002E-7
-9999 -9999 -9999 -9999 -9999 -9999 -9999 -9999 -9999 -9999 -9999 -9999 -9999 -9999 -9999 -9999 -9999 -9999 -9999 -9999 -9999 -9999 -9999 3.15378E-4 7.13204E-4 5.77539E-4 2.28748E-4 3.65126E-4 1.37061E-4 2.28698E-4 5.94126E-4 5.98706E-4 8.75679E-4 9.40365E-4 2.44078E-4 3.15237E-5 6.5822E-5 1.56102E-5 1.84865E-6 2.75958E-6 2.68026E-6 3.52207E-6 1.19869E-7 1.69825E-6 3.51905E-8 1.33817E-6 1.60463E-7 3.43837E-8 2.3033E-6 1.10184E-6 5.27629E-6 5.90841E-8 2.60561E-5 6.19166E-6 2.86025E-5 1.11206E-5 4.92997E-6 5.30332E-6 2.21527E-6 1.52116E-7 7.95724E-7 3.4872E-5 1.86446E-5 2.29574E-6 2.16119E-6 6.77296E-6
-9999 -9999 -9999 -9999 -9999 -9999 -9999 -9999 -9999 -9999 -9999 -9999 -9999 -9999 -9999 -9999 -9999 -9999 -9999 -9999 -9999 -9999 -9999 1.44899E-4 4.31431E-4 4.74439E-4 2.2412E-4 1.87875E-4 2.29236E-4 1.63146E-4 4.38842E-4 4.92735E-4 3.14996E-4 8.17848E-4 3.31963E-4 1.35717E-4 4.33575E-5 2.33069E-5 1.24783E-5 4.48816E-8 1.76735E-8 4.62416E-6 2.14733E-5 5.46038E-6 1.09238E-8 1.85522E-8 1.86649E-10 2.60567E-10 6.04431E-7 4.67626E-6 9.93891E-7 3.66855E-10 5.10069E-6 6.09313E-5 4.69058E-7 2.12199E-5 5.70434E-5 1.05563E-7 1.69986E-7 3.96603E-8 2.57259E-5 2.98753E-6 3.55309E-6 2.2815E-6 1.16183E-5 1.03149E-6
-9999 -9999 -9999 -9999 -9999 -9999 -9999 -9999 -9999 -9999 -9999 -9999 -9999 -9999 -9999 -9999 -9999 -9999 -9999 -9999 -9999 -9999 -9999 -9999 3.02744E-4 8.94215E-4 2.26166E-4 1.23694E-4 1.28366E-4 2.16728E-4 6.27375E-4 8.348E-4 4.01258E-4 6.86395E-4 5.78432E-4 2.90518E-4 1.15886E-4 2.11061E-6 2.14092E-5 2.19843E-7 5.51911E-8 2.07653E-6 7.0698E-7 1.15649E-5 2.35529E-5 6.91142E-8 9.46567E-10 1.47276E-10 8.26485E-7 5.6985E-9 3.7827E-8 3.04834E-7 1.7776E-6 6.45379E-7 3.125E-5 1.03745E-4 3.92994E-5 3.86412E-6 1.54769E-9 1.31063E-7 1.939E-6 7.98119E-6 5.51192E-6 2.41742E-6 2.29483E-5 1.73146E-6
-9999 -9999 -9999 -9999 -9999 -9999 -9999 -9999 -9999 -9999 -9999 -9999 -9999 -9999 -9999 -9999 -9999 -9999 -9999 -9999 -9999 -9999 -9999 -9999 2.1291E-4 2.91612E-4 2.30071E-4 1.46623E-4 1.6816E-4 3.32658E-4 7.3066E-4 1.00511E-3 6.17565E-4 5.98378E-4 5.10478E-4 5.88695E-4 3.553E-5 4.92195E-5 8.47995E-5 5.65627E-6 7.28834E-7 4.01471E-5 2.02817E-5 1.11604E-5 7.42838E-6 2.98991E-7 5.13689E-9 1.38668E-7 6.0068E-8 7.50281E-7 6.52029E-5 9.88725E-5 3.90254E-5 8.46982E-5 2.31954E-4 2.08663E-4 1.88864E-7 1.0506E-7 8.87113E-10 8.80426E-6 4.33137E-8 6.08745E-6 5.00828E-7 1.13283E-5 1.21938E-6 8.93965E-7
-9999 -9999 -9999 -9999 -9999 -9999 -9999 -9999 -9999 -9999 -9999 -9999 -9999 -9999 -9999 -9999 -9999 -9999 -9999 -9999 -9999 -9999 -9999 -9999 3.22383E-5 1.57843E-4 2.83762E-4 1.9713E-4 2.026E-4 3.20724E-4 6.05295E-4 9.29675E-4 7.26584E-4 8.16914E-4 3.70323E-4 3.7258E-4 3.15465E-4 7.76208E-5 1.22939E-4 1.82128E-5 1.92165E-5 1.34376E-4 2.73425E-5 3.34753E-5 7.50238E-5 3.34133E-6 4.01216E-7 1.31895E-5 1.82149E-7 2.84363E-5 3.3793E-5 8.51927E-5 7.57181E-5 8.1459E-5 1.0326E-4 8.01915E-6 9.44358E-9 2.59723E-5 1.49491E-5 1.07043E-5 8.13771E-6 5.83498E-5 1.65581E-5 6.32138E-6 1.81747E-5 1.2318E-5
-9999 -9999 -9999 -9999 -9999 -9999 -9999 -9999 -9999 -9999 -9999 -9999 -9999 -9999 -9999 -9999 -9999 -9999 -9999 -9999 -9999 -9999 -9999 -9999 2.37847E-4 5.41604E-4 1.93726E-4 1.70948E-4 2.39194E-4 1.88045E-4 3.09072E-4 4.00019E-4 6.30235E-4 2.82303E-4 7.15813E-4 7.74477E-4 2.3527E-4 1.25961E-4 1.04762E-4 9.61645E-6 1.32224E-6 1.40391E-5 5.85765E-7 1.39092E-5 1.72207E-6 7.42145E-7 9.39881E-8 7.65731E-7 3.54734E-7 1.43832E-5 5.65183E-5 1.0523E-4 7.54107E-5 1.85494E-5 2.39909E-5 6.93943E-7 1.88375E-6 2.1904E-5 6.95907E-5 5.14766E-6 7.64621E-6 4.29528E-5 2.29563E-5 8.59544E-6 3.39717E-5 3.86385E-5
-9999 -9999 -9999 -9999 -9999 -9999 -9999 -9999 -9999 -9999 -9999 -9999 -9999 -9999 -9999 -9999 -9999 -9999 -9999 -9999 -9999 -9999 -9999 -9999 -9999 2.64046E-4 1.79526E-4 1.81052E-4 1.95358E-4 3.78225E-4 6.42839E-4 7.42216E-4 9.84578E-4 4.58975E-4 1.23994E-3 1.12385E-3 2.62366E-4 1.32096E-4 6.78451E-5 3.06255E-5 8.26863E-7 3.21786E-5 1.32621E-5 4.95768E-6 7.76775E-6 7.08546E-6 8.15038E-8 1.42638E-4 1.01928E-4 1.11275E-5 1.24822E-4 8.83078E-5 4.81099E-5 1.62383E-7 6.47199E-7 8.95366E-5 1.0225E-5 1.18922E-5 9.90818E-7 8.40846E-6 1.59269E-7 5.13739E-6 1.21371E-5 1.12148E-5 6.54595E-5 6.47134E-8
-9999 -9999 -9999 -9999 -9999 -9999 -9999 -9999 -9999 -9999 -9999 -9999 -9999 -9999 -9999 -9999 -9999 -9999 -9999 -9999 -9999 -9999 -9999 -9999 -9999 -9999 2.04759E-4 1.19697E-4 2.00481E-4 4.63673E-4 8.15251E-4 1.05336E-3 9.29948E-4 3.17262E-4 1.4246E-3 1.6277E-3 1.80681E-4 1.08889E-4 3.58966E-5 1.59947E-5 2.41704E-7 1.10495E-5 2.07112E-5 3.17945E-7 1.89358E-6 8.71726E-6 3.21105E-5 1.15367E-4 1.62236E-4 8.18311E-5 8.35152E-5 9.21072E-5 5.11106E-5 3.03784E-6 1.34406E-6 7.37087E-5 3.77835E-5 6.40766E-5 3.92361E-5 7.60941E-5 2.6523E-6 1.37636E-5 3.41698E-5 2.38686E-7 8.04812E-7 8.31129E-6
-9999 -9999 -9999 -9999 -9999 -9999 -9999 -9999 -9999 -9999 -9999 -9999 -9999 -9999 -9999 -9999 -9999 -9999 -9999 -9999 -9999 -9999 -9999 -9999 -9999 -9999 1.61445E-4 1.78901E-4 5.11206E-4 1.4265E-3 1.5835E-3 1.60159E-3 7.93504E-4 8.44592E-4 1.38659E-3 9.00463E-4 1.74077E-4 1.19828E-4 6.66757E-5 1.34034E-6 2.45659E-5 7.84209E-5 1.28947E-5 2.64026E-7 4.07177E-6 5.17726E-6 4.4208E-5 9.89364E-5 1.12547E-4 1.03731E-4 4.194E-6 3.70561E-5 8.42599E-7 3.8716E-6 1.40743E-5 5.14217E-5 7.18288E-5 3.10723E-6 2.5565E-5 1.29536E-5 9.95014E-8 5.76724E-6 7.04393E-6 1.14934E-7 9.48324E-6 3.66606E-5
-9999 -9999 -9999 -9999 -9999 -9999 -9999 -9999 -9999 -9999 -9999 -9999 -9999 -9999 -9999 -9999 -9999 -9999 -9999 -9999 -9999 -9999 -9999 -9999 -9999 -9999 -9999 1.3247E-4 9.0662E-4 7.82356E-4 4.5584E-4 3.32656E-4 5.24068E-4 1.10072E-3 9.54586E-4 8.57414E-4 2.83593E-4 1.04164E-4 8.49342E-5 7.19126E-5 1.22791E-5 8.3764E-6 5.9187E-5 1.81148E-4 1.07624E-4 5.46561E-5 6.20033E-5 8.45726E-5 1.44466E-4 2.66717E-4 2.24427E-5 4.401E-5 4.22305E-7 1.76983E-8 1.67565E-7 2.90652E-5 1.94599E-5 2.62118E-5 1.62828E-4 2.73695E-6 2.55972E-9 3.02921E-5 1.48453E-8 4.62287E-7 1.26741E-7 5.82205E-5
-9999 -9999 -9999 -9999 -9999 -9999 -9999 -9999 -9999 -9999 -9999 -9999 -9999 -9999 -9999 -9999 -9999 -9999 -9999 -9999 -9999 -9999 -9999 -9999 -9999 -9999 -9999 2.3732E-4 1.82293E-4 6.41663E-4 1.01062E-3 2.06078E-4 7.53158E-4 1.18685E-3 9.79256E-4 7.32666E-4 8.49414E-4 2.29143E-4 1.41846E-4 1.1614E-4 6.39809E-5 4.08059E-5 9.94966E-6 6.35011E-5 1.30076E-4 3.66739E-5 5.81738E-5 2.14151E-5 5.81074E-5 5.50638E-6 8.55083E-5 6.81095E-5 2.71402E-5 8.31655E-6 1.31377E-5 9.78254E-6 4.81922E-5 1.13202E-4 1.38828E-4 5.26019E-7 1.47493E-6 1.07493E-6 4.26158E-6 8.30705E-8 1.68031E-7 9.72165E-7
-9999 -9999 -9999 -9999 -9999 -9999 -9999 -9999 -9999 -9999 -9999 -9999 -9999 -9999 -9999 -9999 -9999 -9999 -9999 -9999 -9999 -9999 -9999 -9999 -9999 -9999 -9999 -9999 1.64555E-4 2.14352E-4 6.36259E-4 1.0183E-3 7.40067E-4 7.92332E-4 6.01076E-4 5.74476E-4 1.01434E-3 2.88726E-4 1.73507E-4 4.0286E-5 6.11182E-5 1.04464E-4 8.87701E-5 3.40115E-5 5.51609E-5 6.72291E-6 4.87336E-6 8.69003E-5 7.81912E-5 4.13028E-5 3.51282E-5 5.65995E-5 1.73086E-5 4.85519E-5 3.71551E-5 3.10336E-5 6.6059E-5 1.19659E-4 5.02559E-5 1.7315E-5 7.13867E-6 9.74003E-7 3.2194E-7 1.42797E-6 8.12205E-8 2.34482E-9
-9999 -9999 -9999 -9999 -9999 -9999 -9999 -9999 -9999 -9999 -9999 -9999 -9999 -9999 -9999 -9999 -9999 -9999 -9999 -9999 -9999 -9999 -9999 -9999 -9999 -9999 -9999 -9999 1.98654E-4 2.01111E-4 6.95293E-4 1.52028E-3 7.37032E-4 7.84762E-4 7.22541E-4 5.45859E-4 6.50518E-4 9.10235E-4 4.70358E-4 1.29221E-4 5.76424E-5 6.84809E-5 5.72179E-5 5.9645E-5 1.04045E-4 7.88971E-5 2.92581E-5 7.64402E-5 8.66571E-5 1.19828E-4 6.22446E-5 2.10521E-5 3.76303E-5 8.43749E-6 4.78231E-5 8.02309E-5 7.02817E-5 7.67907E-5 7.59413E-5 3.46798E-6 9.42373E-6 5.94486E-6 6.30492E-5 6.52232E-6 6.05168E-6 6.47575E-6
-9999 -9999 -9999 -9999 -9999 -9999 -9999 -9999 -9999 -9999 -9999 -9999 -9999 -9999 -9999 -9999 -9999 -9999 -9999 -9999 -9999 -9999 -9999 -9999 -9999 -9999 -9999 -9999 3.23213E-4 1.50924E-4 2.77548E-4 3.23868E-4 3.26357E-4 4.78966E-4 7.27973E-4 5.58302E-4 1.41586E-3 1.09855E-3 5.50694E-4 1.36708E-4 1.06945E-7 1.3651E-5 4.08199E-5 2.77894E-5 8.43615E-5 1.01603E-4 2.95559E-5 9.34166E-5 1.16088E-4 4.90295E-5 1.42781E-4 1.1944E-5 1.12687E-5 2.68697E-5 1.12255E-4 6.95215E-5 3.88321E-5 2.54668E-7 6.16508E-5 1.63791E-5 4.63129E-5 5.14437E-5 1.60225E-5 2.42067E-5 1.85471E-6 4.92163E-6
-9999 -9999 -9999 -9999 -9999 -9999 -9999 -9999 -9999 -9999 -9999 -9999 -9999 -9999 -9999 -9999 -9999 -9999 -9999 -9999 -9999 -9999 -9999 -9999 -9999 -9999 -9999 -9999 -9999 1.22641E-4 1.80416E-4 1.41819E-4 1.91133E-4 3.63522E-4 8.51933E-4 4.53185E-4 5.02495E-4 1.32748E-3 3.91816E-4 8.54542E-5 7.59186E-6 7.59665E-6 2.80842E-5 3.41533E-5 1.24608E-5 9.45359E-6 1.41101E-5 1.08687E-5 4.87508E-5 8.04149E-5 7.90038E-4 8.6291E-5 2.58849E-5 3.54253E-5 1.69689E-4 7.10084E-5 3.31436E-5 3.61302E-5 8.92515E-6 4.41878E-5 5.368E-6 3.28858E-7 1.56393E-6 3.82611E-5 4.43518E-7 1.74188E-4
-9999 -9999 -9999 -9999 -9999 -9999 -9999 -9999 -9999 -9999 -9999 -9999 -9999 -9999 -9999 -9999 -9999 -9999 -9999 -9999 -9999 -9999 -9999 -9999 -9999 -9999 -9999 -9999 -9999 -9999 1.99329E-4 2.32761E-4 3.75356E-4 1.28283E-3 1.18837E-3 1.59596E-3 5.21632E-4 1.22453E-3 5.41209E-4 1.92029E-4 1.0488E-4 9.5864E-6 1.15783E-5 7.55271E-5 1.35339E-5 1.48871E-6 1.31183E-6 1.84381E-5 5.72556E-5 2.10484E-4 7.67151E-4 1.311E-4 4.39251E-5 6.61296E-5 4.10107E-4 2.59131E-4 9.01265E-6 6.65428E-5 2.22748E-5 1.22214E-5 9.37535E-8 3.9426E-5 4.77169E-4 2.66167E-4 4.02537E-4 3.96913E-4
-9999 -9999 -9999 -9999 -9999 -9999 -9999 -9999 -9999 -9999 -9999 -9999 -9999 -9999 -9999 -9999 -9999 -9999 -9999 -9999 -9999 -9999 -9999 -9999 -9999 -9999 -9999 -9999 -9999 -9999 -9999 1.74721E-4 1.48204E-4 4.08738E-4 5.82172E-4 5.62033E-4 1.26439E-3 1.37701E-3 1.26747E-3 1.88502E-3 8.07594E-4 1.37352E-4 1.08595E-4 1.02942E-4 1.08209E-4 6.97367E-5 5.4412E-5 9.36545E-7 7.86674E-7 2.44653E-4 3.45258E-4 1.61495E-4 2.52322E-4 2.91468E-4 3.19683E-4 1.98147E-4 3.83834E-5 1.07392E-5 3.60559E-6 4.9017E-5 3.90436E-8 1.33739E-4 2.78673E-4 2.0873E-4 2.02415E-4 1.10371E-4
-9999 -9999 -9999 -9999 -9999 -9999 -9999 -9999 -9999 -9999 -9999 -9999 -9999 -9999 -9999 -9999 -9999 -9999 -9999 -9999 -9999 -9999 -9999 -9999 -9999 -9999 -9999 -9999 -9999 -9999 -9999 -9999 1.8624E-4 2.94275E-4 4.29507E-4 1.04589E-3 9.33594E-4 1.92929E-3 1.23055E-3 2.30165E-3 4.95435E-4 5.71487E-4 3.84911E-4 1.57718E-4 8.26094E-5 8.88047E-6 2.0168E-5 6.21239E-6 5.31917E-5 4.56373E-4 3.18839E-4 1.82465E-4 2.37418E-4 3.04738E-4 3.46287E-4 8.09005E-6 1.23392E-4 1.32609E-6 6.37155E-5 2.83311E-5 3.34831E-6 5.87051E-5 1.95239E-8 6.38274E-7 4.48304E-6 7.76414E-5
-9999 -9999 -9999 -9999 -9999 -9999 -9999 -9999 -9999 -9999 -9999 -9999 -9999 -9999 -9999 -9999 -9999 -9999 -9999 -9999 -9999 -9999 -9999 -9999 -9999 -9999 -9999 -9999 -9999 -9999 -9999 -9999 2.00045E-4 1.67394E-4 1.79359E-4 7.32901E-4 6.78928E-4 2.4344E-3 1.60279E-3 5.58033E-4 5.3381E-4 8.45934E-4 6.44146E-4 2.114E-4 1.65166E-4 1.11438E-4 9.67099E-5 8.81588E-5 1.50032E-4 4.70062E-4 4.21134E-4 3.43259E-4 6.96802E-4 5.43166E-4 1.27826E-4 3.75786E-7 1.60794E-5 2.3418E-5 1.08599E-5 7.90174E-5 2.79877E-7 2.28241E-6 2.19986E-5 7.69082E-8 8.58246E-9 1.57357E-5
-9999 -9999 -9999 -9999 -9999 -9999 -9999 -9999 -9999 -9999 -9999 -9999 -9999 -9999 -9999 -9999 -9999 -9999 -9999 -9999 -9999 -9999 -9999 -9999 -9999 -9999 -9999 -9999 -9999 -9999 -9999 -9999 1.76392E-4 1.74952E-4 2.53684E-4 9.25993E-4 9.34224E-4 1.64734E-3 1.36533E-3 8.2139E-4 9.93371E-4 1.68878E-3 8.56579E-4 6.21717E-4 7.45421E-4 4.79202E-4 8.35945E-4 7.20367E-4 1.46135E-4 4.07567E-5 4.69299E-5 5.23066E-5 1.16875E-4 1.38971E-4 4.8141E-5 4.65084E-6 8.09009E-5 1.88498E-6 8.13209E-8 4.24787E-5 2.84721E-5 9.66895E-6 2.61106E-5 3.90138E-7 7.30229E-6 7.87592E-5
-9999 -9999 -9999 -9999 -9999 -9999 -9999 -9999 -9999 -9999 -9999 -9999 -9999 -9999 -9999 -9999 -9999 -9999 -9999 -9999 -9999 -9999 -9999 -9999 -9999 -9999 -9999 -9999 -9999 -9999 -9999 -9999 -9999 1.53648E-4 1.97849E-4 3.1616E-4 7.11774E-4 1.71685E-3 1.13243E-3 4.9453E-4 2.44739E-4 9.53158E-4 2.23511E-3 8.81935E-4 2.80108E-3 2.22342E-3 3.97978E-3 5.32707E-4 1.94427E-4 1.7789E-6 1.07316E-6 2.21351E-4 3.95065E-5 5.21989E-5 1.87073E-4 2.28312E-5 2.79248E-5 1.7246E-9 1.94707E-9 1.68756E-6 5.42504E-5 8.60191E-5 1.29187E-5 2.04398E-4 4.20681E-5 2.18021E-5
-9999 -9999 -9999 -9999 -9999 -9999 -9999 -9999 -9999 -9999 -9999 -9999 -9999 -9999 -9999 -9999 -9999 -9999 -9999 -9999 -9999 -9999 -9999 -9999 -9999 -9999 -9999 -9999 -9999 -9999 -9999 -9999 -9999 -9999 1.70294E-4 2.15938E-4 3.62316E-4 7.73155E-4 1.06028E-3 1.65546E-4 1.09491E-4 4.31588E-4 2.28224E-3 1.46007E-3 1.49985E-3 1.90325E-3 1.88214E-3 1.07127E-4 7.92629E-6 5.91342E-5 1.70465E-7 2.59183E-7 2.97081E-7 8.49093E-10 1.84253E-5 2.08837E-5 3.91664E-6 5.44449E-7 7.6269E-10 1.26724E-8 2.02197E-6 3.21053E-5 2.13186E-5 2.06354E-4 1.21517E-4 4.28592E-5
-9999 -9999 -9999 -9999 -9999 -9999 -9999 -9999 -9999 -9999 -9999 -9999 -9999 -9999 -9999 -9999 -9999 -9999 -9999 -9999 -9999 -9999 -9999 -9999 -9999 -9999 -9999 -9999 -9999 -9999 -9999 -9999 -9999 -9999 -9999 2.49317E-4 2.35954E-4 2.6222E-4 2.34991E-4 1.23073E-4 2.89624E-4 1.02571E-3 1.2098E-3 4.69591E-4 1.34572E-3 9.09289E-4 1.28801E-4 2.21236E-5 2.63447E-6 2.64998E-7 1.89133E-7 2.20393E-9 3.86952E-7 2.01317E-9 8.01499E-7 5.39581E-6 4.88401E-5 4.10672E-5 1.20433E-6 7.07042E-6 5.02067E-6 1.29875E-5 4.73309E-6 3.09439E-4 1.46508E-4 1.1038E-4
