catData/rasterBestHybridModels/Pbengalensis/RD_RM1.5_L/Pbengalensis_avg.asc
ncols         409
nrows         350
xllcorner     60.897278365
yllcorner     5.843756025
cellsize      0.0892857
NODATA_value  -9999
[rows 87 to 115 of 350, columns 0 to 65 of 409]
-9999 -9999 -9999 -9999 -9999 -9999 2.21781E-8 1.9132E-8 2.26244E-8 3.05741E-8 4.11112E-8 5.36651E-8 7.28588E-8 9.12849E-8 1.07316E-7 1.28168E-7 1.64612E-7 1.93047E-7 2.46878E-7 3.35365E-7 4.33076E-7 5.25655E-7 6.04402E-7 7.00026E-7 8.38254E-7 1.01218E-6 1.23774E-6 1.55642E-6 2.08461E-6 2.2175E-6 2.65378E-6 3.4693E-6 4.19212E-6 5.12563E-6 6.08285E-6 7.16471E-6 7.96683E-6 7.91998E-6 7.90296E-6 7.60874E-6 7.23883E-6 6.61852E-6 5.8382E-6 4.88792E-6 4.04985E-6 3.28144E-6 2.62094E-6 2.10468E-6 2.2177E-6 2.58042E-6 3.18671E-6 4.01276E-6 4.96925E-6 6.00263E-6 7.0783E-6 8.04613E-6 9.75565E-6 1.26175E-5 1.2681E-5 1.14583E-5 1.04951E-5 1.81037E-5 2.32061E-5 3.0721E-5 3.77396E-5 4.02985E-5
-9999 -9999 -9999 -9999 -9999 -9999 2.11159E-8 2.3014E-8 2.8021E-8 3.54352E-8 4.74013E-8 6.38927E-8 8.26295E-8 1.02493E-7 1.26491E-7 1.48923E-7 1.81077E-7 2.17619E-7 2.86014E-7 3.76001E-7 4.75686E-7 5.57148E-7 6.15875E-7 7.15392E-7 8.88256E-7 1.06725E-6 1.27507E-6 1.53954E-6 1.82922E-6 2.00783E-6 2.43812E-6 3.1222E-6 3.91705E-6 5.0907E-6 6.09999E-6 7.28319E-6 8.71341E-6 9.80179E-6 1.02015E-5 1.05174E-5 9.90222E-6 8.80581E-6 7.34828E-6 6.13882E-6 4.97375E-6 3.87428E-6 3.04711E-6 2.79863E-6 2.99023E-6 3.12447E-6 3.16653E-6 3.42693E-6 4.00468E-6 4.74716E-6 5.65383E-6 6.57717E-6 8.48821E-6 1.01831E-5 9.38609E-6 9.30945E-6 1.4221E-5 2.55456E-5 3.23605E-5 4.58382E-5 6.24574E-5 6.80374E-5
-9999 -9999 -9999 -9999 -9999 -9999 -9999 1.81206E-8 2.60613E-8 3.5906E-8 4.80468E-8 6.39069E-8 8.22266E-8 9.9359E-8 1.22581E-7 1.5402E-7 1.84935E-7 2.22357E-7 2.78687E-7 3.34542E-7 4.07358E-7 4.69886E-7 4.59861E-7 5.42117E-7 8.34636E-7 1.17266E-6 1.40462E-6 1.58773E-6 1.79935E-6 2.09683E-6 2.47532E-6 3.08009E-6 4.04149E-6 5.16063E-6 6.36402E-6 8.0752E-6 9.85889E-6 1.20334E-5 1.36391E-5 1.40588E-5 1.32254E-5 1.13414E-5 9.09702E-6 7.28801E-6 5.7476E-6 4.4763E-6 3.52577E-6 3.75962E-6 4.07756E-6 4.26529E-6 4.22795E-6 4.08678E-6 3.79531E-6 4.00666E-6 4.93579E-6 5.646E-6 6.76782E-6 7.20543E-6 8.51425E-6 1.31413E-5 2.72634E-5 3.12974E-5 4.32829E-5 6.94456E-5 9.21539E-5 9.7136E-5
-9999 -9999 -9999 -9999 -9999 -9999 -9999 1.21345E-8 1.85012E-8 2.74704E-8 3.91248E-8 5.22887E-8 6.64286E-8 8.40623E-8 1.14796E-7 1.4439E-7 1.62271E-7 1.9723E-7 2.30454E-7 2.7404E-7 2.76333E-7 2.60034E-7 2.77635E-7 3.65951E-7 6.61111E-7 1.12213E-6 1.47694E-6 1.77152E-6 2.10196E-6 2.345E-6 2.68406E-6 3.22779E-6 4.16311E-6 5.40068E-6 7.038E-6 9.0057E-6 1.15912E-5 1.47737E-5 1.82333E-5 1.88692E-5 1.6832E-5 1.39006E-5 1.08188E-5 8.27733E-6 6.49233E-6 4.97826E-6 4.25817E-6 4.78819E-6 5.30074E-6 5.68901E-6 5.85121E-6 5.90241E-6 5.30844E-6 4.77884E-6 4.21326E-6 4.00984E-6 5.21777E-6 6.87509E-6 1.03799E-5 1.95924E-5 3.74071E-5 3.41191E-5 5.60826E-5 1.11859E-4 1.42811E-4 1.45286E-4
-9999 -9999 -9999 -9999 -9999 -9999 -9999 1.17817E-8 1.55602E-8 2.29079E-8 3.14186E-8 4.2688E-8 5.46101E-8 6.92884E-8 9.91697E-8 1.26984E-7 1.47389E-7 1.76852E-7 2.00986E-7 2.21103E-7 2.32838E-7 2.22755E-7 2.51913E-7 3.28818E-7 5.52353E-7 9.51028E-7 1.30631E-6 1.69724E-6 2.16331E-6 2.42185E-6 2.63224E-6 3.13974E-6 4.11052E-6 5.39427E-6 7.19146E-6 9.48731E-6 1.25138E-5 1.65201E-5 2.1916E-5 2.51776E-5 2.03624E-5 1.54654E-5 1.15757E-5 8.81455E-6 6.85934E-6 5.29684E-6 5.5848E-6 7.36659E-6 8.15821E-6 8.39161E-6 8.36544E-6 7.63968E-6 6.73455E-6 5.91071E-6 5.17103E-6 4.80553E-6 6.23695E-6 7.73541E-6 1.04135E-5 1.89101E-5 2.5311E-5 3.09089E-5 4.91397E-5 9.77972E-5 1.36498E-4 1.28395E-4
-9999 -9999 -9999 -9999 -9999 -9999 -9999 -9999 1.44419E-8 2.12694E-8 2.77612E-8 3.73566E-8 4.90431E-8 6.23202E-8 8.71143E-8 1.10163E-7 1.32834E-7 1.51261E-7 1.83938E-7 1.97597E-7 2.04786E-7 2.1846E-7 2.62593E-7 3.33061E-7 4.93639E-7 7.9367E-7 1.14989E-6 1.53473E-6 1.98237E-6 2.3476E-6 2.59047E-6 3.07546E-6 3.93639E-6 5.08844E-6 6.67985E-6 8.79239E-6 1.17536E-5 1.55184E-5 2.00863E-5 2.32122E-5 1.96146E-5 1.52881E-5 1.13483E-5 8.64137E-6 7.18303E-6 6.27463E-6 8.48736E-6 1.37031E-5 1.58505E-5 1.22366E-5 1.08679E-5 1.01909E-5 8.73342E-6 7.42669E-6 6.50355E-6 6.00514E-6 9.07672E-6 1.16476E-5 1.44171E-5 2.06828E-5 2.0537E-5 2.41442E-5 3.88123E-5 7.81817E-5 9.54367E-5 8.20515E-5
-9999 -9999 -9999 -9999 -9999 -9999 -9999 -9999 -9999 1.96264E-8 2.47826E-8 3.30538E-8 4.43487E-8 5.8493E-8 8.01504E-8 1.08467E-7 1.34947E-7 1.50924E-7 1.6809E-7 1.86101E-7 2.01879E-7 2.24374E-7 2.64597E-7 3.23308E-7 4.25037E-7 6.2192E-7 9.23805E-7 1.27196E-6 1.66838E-6 2.08567E-6 2.4506E-6 2.92959E-6 3.64685E-6 4.64542E-6 5.83268E-6 7.29731E-6 1.00468E-5 1.33897E-5 1.60777E-5 1.70879E-5 1.56132E-5 1.28817E-5 1.03563E-5 8.40066E-6 7.53147E-6 8.17982E-6 1.09038E-5 1.44033E-5 1.75041E-5 1.46673E-5 1.42319E-5 1.31127E-5 1.12041E-5 9.19996E-6 7.6574E-6 7.23479E-6 1.14218E-5 1.71338E-5 2.54544E-5 2.86354E-5 2.37533E-5 2.45368E-5 3.74079E-5 6.32634E-5 6.48825E-5 5.29485E-5
-9999 -9999 -9999 -9999 -9999 -9999 -9999 -9999 -9999 -9999 2.13154E-8 2.88264E-8 3.83666E-8 5.05429E-8 6.9963E-8 9.99222E-8 1.30078E-7 1.51122E-7 1.49942E-7 1.81218E-7 2.04227E-7 2.32058E-7 2.64552E-7 3.15017E-7 3.92791E-7 5.3423E-7 7.57065E-7 1.06471E-6 1.41855E-6 1.82624E-6 2.21224E-6 2.65589E-6 3.22407E-6 3.96961E-6 5.2019E-6 6.4074E-6 8.58057E-6 1.12502E-5 1.28902E-5 1.3498E-5 1.22729E-5 1.06897E-5 9.12051E-6 7.37693E-6 6.40149E-6 8.33268E-6 9.72E-6 1.13283E-5 1.3963E-5 1.7129E-5 1.94129E-5 1.72908E-5 1.36848E-5 1.05287E-5 8.68546E-6 8.32943E-6 1.35715E-5 2.25693E-5 3.51541E-5 3.53184E-5 3.21497E-5 4.28401E-5 6.01347E-5 6.39354E-5 4.80681E-5 3.6573E-5
-9999 -9999 -9999 -9999 -9999 -9999 -9999 -9999 -9999 -9999 -9999 -9999 3.42697E-8 4.37485E-8 5.82584E-8 8.06493E-8 1.09439E-7 1.36841E-7 1.456E-7 1.73985E-7 2.04591E-7 2.32396E-7 2.60565E-7 3.03254E-7 3.63223E-7 4.61912E-7 6.26249E-7 8.44976E-7 1.13564E-6 1.48756E-6 1.8495E-6 2.29535E-6 2.80089E-6 3.47336E-6 4.59593E-6 5.8606E-6 7.71454E-6 9.7374E-6 1.10649E-5 1.04229E-5 8.89038E-6 8.09673E-6 7.07972E-6 5.88161E-6 5.82422E-6 7.28434E-6 8.78998E-6 1.10301E-5 1.41746E-5 1.84051E-5 2.36084E-5 1.97358E-5 1.46956E-5 1.1133E-5 9.45866E-6 1.00958E-5 1.64705E-5 2.62786E-5 3.91729E-5 4.46709E-5 5.67387E-5 8.49435E-5 8.97625E-5 7.09051E-5 3.93558E-5 2.01636E-5
-9999 -9999 -9999 -9999 -9999 -9999 -9999 -9999 -9999 -9999 -9999 -9999 -9999 -9999 -9999 -9999 9.26064E-8 1.17615E-7 1.44839E-7 1.66278E-7 1.9025E-7 2.26487E-7 2.77745E-7 3.25386E-7 3.6248E-7 4.1603E-7 5.27159E-7 6.78966E-7 9.03126E-7 1.19224E-6 1.48437E-6 1.98564E-6 2.54366E-6 3.10508E-6 3.88411E-6 4.93385E-6 5.94457E-6 6.72586E-6 7.00555E-6 6.86555E-6 6.3768E-6 5.89156E-6 5.28659E-6 4.43828E-6 4.9959E-6 6.33741E-6 7.97608E-6 1.02396E-5 1.28893E-5 1.55738E-5 1.78171E-5 1.6655E-5 1.32467E-5 1.03518E-5 9.43316E-6 1.11975E-5 1.9516E-5 2.79338E-5 4.03435E-5 5.76784E-5 9.36157E-5 1.10311E-4 8.15078E-5 3.4909E-5 1.75622E-5 1.21529E-5
-9999 -9999 -9999 -9999 -9999 -9999 -9999 -9999 -9999 -9999 -9999 -9999 -9999 -9999 -9999 -9999 -9999 -9999 1.3596E-7 1.55312E-7 1.72428E-7 2.13257E-7 2.82898E-7 3.39266E-7 3.7688E-7 4.04376E-7 4.6035E-7 5.61123E-7 7.26477E-7 9.486E-7 1.19123E-6 1.61032E-6 2.04641E-6 2.42689E-6 2.92041E-6 3.52355E-6 3.98048E-6 4.40041E-6 4.67717E-6 4.72849E-6 4.63071E-6 4.39742E-6 3.97366E-6 3.55818E-6 4.39601E-6 5.56011E-6 7.09691E-6 8.75633E-6 1.05303E-5 1.22994E-5 1.31634E-5 1.2332E-5 1.07017E-5 9.11194E-6 8.83012E-6 1.12909E-5 1.75304E-5 2.37167E-5 3.44045E-5 4.59761E-5 5.82266E-5 5.56109E-5 4.06976E-5 1.87864E-5 1.46263E-5 1.14499E-5
-9999 -9999 -9999 -9999 -9999 -9999 -9999 -9999 -9999 -9999 -9999 -9999 -9999 -9999 -9999 -9999 -9999 -9999 -9999 1.30055E-7 1.38917E-7 1.87827E-7 2.64479E-7 3.34508E-7 3.8182E-7 4.17936E-7 4.50494E-7 4.84547E-7 5.8523E-7 7.66655E-7 1.04763E-6 1.38698E-6 1.64849E-6 1.9404E-6 2.23602E-6 2.63515E-6 2.95987E-6 3.25255E-6 3.4316E-6 3.47377E-6 3.45089E-6 3.29384E-6 3.06363E-6 3.19866E-6 3.94404E-6 4.83689E-6 5.94919E-6 7.14728E-6 8.09062E-6 9.02507E-6 9.39586E-6 9.09449E-6 8.64747E-6 8.13837E-6 7.90341E-6 1.01671E-5 1.5141E-5 2.03349E-5 2.92176E-5 3.37209E-5 3.56025E-5 3.27541E-5 2.61818E-5 1.56294E-5 1.35769E-5 1.50063E-5
-9999 -9999 -9999 -9999 -9999 -9999 -9999 -9999 -9999 -9999 -9999 -9999 -9999 -9999 -9999 -9999 -9999 -9999 -9999 -9999 -9999 1.67796E-7 2.50546E-7 3.17635E-7 3.82029E-7 4.23322E-7 4.40902E-7 4.34933E-7 4.94325E-7 6.12136E-7 7.70368E-7 1.02881E-6 1.29546E-6 1.5468E-6 1.80868E-6 2.08213E-6 2.28724E-6 2.348E-6 2.36854E-6 2.4383E-6 2.46768E-6 2.47055E-6 2.29495E-6 2.73741E-6 3.39059E-6 4.13414E-6 4.85936E-6 5.57262E-6 6.2069E-6 6.74232E-6 6.93577E-6 6.92756E-6 7.24059E-6 6.99319E-6 6.13422E-6 7.83725E-6 1.25192E-5 1.62644E-5 1.94311E-5 2.25415E-5 2.71006E-5 2.33278E-5 1.84853E-5 1.37038E-5 1.11163E-5 1.10952E-5
-9999 -9999 -9999 -9999 -9999 -9999 -9999 -9999 -9999 -9999 -9999 -9999 -9999 -9999 -9999 -9999 -9999 -9999 -9999 -9999 -9999 1.5343E-7 2.14029E-7 2.87063E-7 3.73486E-7 4.59826E-7 4.43685E-7 4.15033E-7 4.5359E-7 5.41585E-7 6.46369E-7 7.77034E-7 9.47713E-7 1.14037E-6 1.35262E-6 1.56341E-6 1.68716E-6 1.74932E-6 1.80633E-6 1.88264E-6 1.91582E-6 1.84983E-6 1.93215E-6 2.36421E-6 2.76434E-6 3.24341E-6 3.7177E-6 4.238E-6 4.72556E-6 5.07312E-6 5.2181E-6 5.55082E-6 6.24874E-6 6.21235E-6 5.43E-6 6.88825E-6 1.01559E-5 1.16E-5 1.30704E-5 1.55002E-5 1.61434E-5 1.425E-5 1.25244E-5 1.20732E-5 1.19576E-5 1.07712E-5
-9999 -9999 -9999 -9999 -9999 -9999 -9999 -9999 -9999 -9999 -9999 -9999 -9999 -9999 -9999 -9999 -9999 -9999 -9999 -9999 -9999 1.88451E-7 2.37375E-7 2.94223E-7 3.68458E-7 4.33109E-7 4.67016E-7 4.47982E-7 4.19207E-7 4.86911E-7 5.77561E-7 6.69172E-7 7.72441E-7 8.78676E-7 9.97742E-7 1.1156E-6 1.23924E-6 1.37021E-6 1.45394E-6 1.48591E-6 1.47057E-6 1.41062E-6 1.56124E-6 1.86807E-6 2.21434E-6 2.58761E-6 2.95868E-6 3.28779E-6 3.56325E-6 3.7847E-6 4.04466E-6 4.485E-6 5.18729E-6 5.04849E-6 4.28796E-6 5.92191E-6 1.0162E-5 1.1137E-5 9.92171E-6 1.20274E-5 1.31037E-5 1.3963E-5 1.5169E-5 1.73287E-5 1.83937E-5 1.58199E-5
-9999 -9999 -9999 -9999 -9999 -9999 -9999 -9999 -9999 -9999 -9999 -9999 -9999 -9999 -9999 -9999 -9999 -9999 -9999 -9999 -9999 2.51664E-7 2.876E-7 3.42843E-7 4.27631E-7 4.84013E-7 5.32608E-7 5.94988E-7 6.06366E-7 6.6327E-7 7.41215E-7 7.84313E-7 8.37443E-7 8.87989E-7 9.22642E-7 9.42159E-7 9.63364E-7 1.04942E-6 1.10652E-6 1.12615E-6 1.10436E-6 1.07065E-6 1.25515E-6 1.4833E-6 1.75985E-6 2.06292E-6 2.3631E-6 2.5845E-6 2.77256E-6 3.02545E-6 3.46405E-6 3.97139E-6 4.32499E-6 3.8834E-6 3.51518E-6 4.58072E-6 7.23076E-6 8.30646E-6 9.81497E-6 1.27912E-5 1.55626E-5 1.95842E-5 2.11828E-5 2.53016E-5 3.12208E-5 3.07634E-5
-9999 -9999 -9999 -9999 -9999 -9999 -9999 -9999 -9999 -9999 -9999 -9999 -9999 -9999 -9999 -9999 -9999 -9999 -9999 -9999 -9999 3.18E-7 3.6362E-7 4.22667E-7 4.91826E-7 5.85826E-7 6.74285E-7 7.81231E-7 8.50859E-7 9.2977E-7 1.04498E-6 1.12626E-6 1.16863E-6 1.22473E-6 1.27532E-6 1.31416E-6 1.31881E-6 1.30111E-6 1.23904E-6 1.16423E-6 1.06794E-6 9.53983E-7 1.0376E-6 1.20766E-6 1.44323E-6 1.7044E-6 1.94533E-6 2.08338E-6 2.334E-6 2.76999E-6 3.32283E-6 3.69446E-6 3.43034E-6 2.95827E-6 2.89524E-6 3.95284E-6 5.48305E-6 6.70841E-6 8.8189E-6 1.35372E-5 2.01677E-5 2.60165E-5 2.65716E-5 3.08637E-5 3.57752E-5 3.56421E-5
-9999 -9999 -9999 -9999 -9999 -9999 -9999 -9999 -9999 -9999 -9999 -9999 -9999 -9999 -9999 -9999 -9999 -9999 -9999 -9999 -9999 3.88531E-7 4.63686E-7 5.56901E-7 6.27973E-7 7.55402E-7 9.06954E-7 1.05156E-6 1.18008E-6 1.29218E-6 1.4266E-6 1.59867E-6 1.67893E-6 1.68248E-6 1.77408E-6 1.81944E-6 1.78267E-6 1.71543E-6 1.61435E-6 1.52288E-6 1.41416E-6 1.27024E-6 1.12266E-6 1.01454E-6 1.21533E-6 1.4627E-6 1.64436E-6 1.78098E-6 2.06402E-6 2.47932E-6 2.85892E-6 2.86588E-6 2.55534E-6 2.24267E-6 2.9087E-6 4.25883E-6 5.35944E-6 6.4277E-6 8.58134E-6 1.31929E-5 1.63758E-5 2.40608E-5 3.24888E-5 3.73308E-5 3.98796E-5 2.97366E-5
-9999 -9999 -9999 -9999 -9999 -9999 -9999 -9999 -9999 -9999 -9999 -9999 -9999 -9999 -9999 -9999 -9999 -9999 -9999 -9999 -9999 4.69235E-7 5.78246E-7 7.02099E-7 8.14553E-7 9.56307E-7 1.14477E-6 1.34684E-6 1.5799E-6 1.79955E-6 2.02312E-6 2.28301E-6 2.43209E-6 2.46639E-6 2.60422E-6 2.66506E-6 2.58665E-6 2.42753E-6 2.24516E-6 2.12134E-6 1.98506E-6 1.79855E-6 1.53688E-6 1.26824E-6 1.10164E-6 1.21245E-6 1.43965E-6 1.65841E-6 1.88198E-6 2.14387E-6 2.31493E-6 2.14623E-6 1.87661E-6 2.15023E-6 2.92447E-6 4.29876E-6 5.19548E-6 6.28929E-6 8.2721E-6 1.1128E-5 1.4399E-5 2.33455E-5 3.71513E-5 3.55105E-5 3.12584E-5 2.53329E-5
-9999 -9999 -9999 -9999 -9999 -9999 -9999 -9999 -9999 -9999 -9999 -9999 -9999 -9999 -9999 -9999 -9999 -9999 -9999 -9999 -9999 5.6355E-7 7.0317E-7 8.77153E-7 1.05743E-6 1.21855E-6 1.43078E-6 1.66192E-6 1.91579E-6 2.22987E-6 2.61795E-6 2.94816E-6 3.18552E-6 3.45551E-6 3.62812E-6 3.70587E-6 3.67529E-6 3.50225E-6 3.29994E-6 3.14893E-6 2.91229E-6 2.51145E-6 2.03647E-6 1.72227E-6 1.6215E-6 1.6023E-6 1.41528E-6 1.5346E-6 1.57685E-6 1.63429E-6 1.69116E-6 1.56873E-6 1.67543E-6 2.086E-6 2.76022E-6 3.9442E-6 5.16068E-6 8.1137E-6 9.14048E-6 1.05801E-5 1.51439E-5 2.00362E-5 2.81448E-5 3.00596E-5 2.38957E-5 2.21731E-5
-9999 -9999 -9999 -9999 -9999 -9999 -9999 -9999 -9999 -9999 -9999 -9999 -9999 -9999 -9999 -9999 -9999 -9999 -9999 -9999 -9999 6.59219E-7 8.31574E-7 1.04863E-6 1.28562E-6 1.51946E-6 1.74075E-6 2.02702E-6 2.34974E-6 2.75506E-6 3.29832E-6 3.77479E-6 4.29824E-6 4.76005E-6 5.08627E-6 5.16166E-6 5.07998E-6 4.88559E-6 4.66077E-6 4.36626E-6 3.94616E-6 3.41487E-6 3.05488E-6 2.80808E-6 2.61442E-6 2.24312E-6 1.73815E-6 1.43657E-6 1.38233E-6 1.42244E-6 1.4066E-6 1.29642E-6 1.60963E-6 2.08433E-6 2.61851E-6 3.64649E-6 5.40382E-6 9.65738E-6 9.27124E-6 8.98428E-6 1.34682E-5 1.62783E-5 2.30813E-5 2.734E-5 1.94787E-5 1.65299E-5
-9999 -9999 -9999 -9999 -9999 -9999 -9999 -9999 -9999 -9999 -9999 -9999 -9999 -9999 -9999 -9999 -9999 -9999 -9999 -9999 -9999 7.56864E-7 9.69108E-7 1.25669E-6 1.60931E-6 1.98138E-6 2.28197E-6 2.59218E-6 2.99439E-6 3.58335E-6 4.38839E-6 5.12724E-6 6.08534E-6 6.69206E-6 7.46529E-6 7.74347E-6 7.548E-6 7.17082E-6 6.6722E-6 6.45669E-6 5.78764E-6 5.22875E-6 4.64568E-6 3.78054E-6 3.06205E-6 2.40638E-6 1.81466E-6 1.81957E-6 1.87639E-6 1.9395E-6 1.75906E-6 1.61013E-6 1.6742E-6 2.10991E-6 2.46557E-6 3.35256E-6 4.89099E-6 7.06827E-6 6.69212E-6 7.80041E-6 1.10845E-5 1.23621E-5 1.71095E-5 2.04589E-5 1.52188E-5 1.15046E-5
-9999 -9999 -9999 -9999 -9999 -9999 -9999 -9999 -9999 -9999 -9999 -9999 -9999 -9999 -9999 -9999 -9999 -9999 -9999 -9999 -9999 1.0107E-6 1.35327E-6 1.81329E-6 2.39298E-6 2.91644E-6 3.12622E-6 3.07283E-6 3.39032E-6 4.38588E-6 5.80899E-6 7.81837E-6 9.66845E-6 1.05055E-5 1.09013E-5 1.11954E-5 1.10393E-5 1.111E-5 1.10243E-5 1.0014E-5 8.23334E-6 6.66953E-6 5.2789E-6 4.00735E-6 3.15008E-6 2.47993E-6 2.32777E-6 2.4852E-6 2.45553E-6 2.27522E-6 2.21945E-6 2.47259E-6 2.60458E-6 2.04795E-6 2.30078E-6 3.17654E-6 3.6007E-6 3.93308E-6 4.75979E-6 6.73819E-6 9.77286E-6 9.78315E-6 1.24318E-5 1.42844E-5 1.0834E-5 9.35514E-6
-9999 -9999 -9999 -9999 -9999 -9999 -9999 -9999 -9999 -9999 -9999 -9999 -9999 -9999 -9999 -9999 -9999 -9999 -9999 -9999 -9999 -9999 1.58149E-6 -9999 -9999 -9999 3.39765E-6 3.05087E-6 3.9721E-6 5.9317E-6 8.08638E-6 9.97587E-6 1.15009E-5 1.27893E-5 1.46593E-5 1.70382E-5 1.81321E-5 1.77041E-5 1.54197E-5 1.22811E-5 9.45552E-6 7.33395E-6 5.68001E-6 4.42657E-6 3.48974E-6 2.88286E-6 3.04977E-6 3.01219E-6 2.81335E-6 2.7809E-6 3.0018E-6 3.38977E-6 2.94451E-6 2.21191E-6 2.22206E-6 2.64487E-6 2.6658E-6 3.10025E-6 4.13655E-6 5.88665E-6 7.50539E-6 7.33758E-6 9.61191E-6 1.06555E-5 8.80107E-6 7.90228E-6
-9999 -9999 -9999 -9999 -9999 -9999 -9999 -9999 -9999 -9999 -9999 -9999 -9999 -9999 -9999 -9999 -9999 -9999 -9999 -9999 -9999 -9999 -9999 -9999 -9999 -9999 -9999 2.94918E-6 3.90428E-6 5.51825E-6 7.48336E-6 1.00133E-5 1.24939E-5 1.64911E-5 2.21957E-5 2.58709E-5 2.51886E-5 2.19104E-5 1.73639E-5 1.32793E-5 1.03558E-5 8.10957E-6 6.32676E-6 5.01244E-6 4.00832E-6 3.67666E-6 3.59514E-6 3.49568E-6 3.50811E-6 3.69064E-6 4.01173E-6 3.92905E-6 3.07567E-6 2.79235E-6 3.36316E-6 2.58887E-6 2.15475E-6 2.70088E-6 3.7609E-6 5.56687E-6 5.73874E-6 5.29743E-6 6.5472E-6 7.59479E-6 6.34395E-6 5.84218E-6
-9999 -9999 -9999 -9999 -9999 -9999 -9999 -9999 -9999 -9999 -9999 -9999 -9999 -9999 -9999 -9999 -9999 -9999 -9999 -9999 -9999 -9999 -9999 -9999 -9999 -9999 2.17405E-6 2.88793E-6 3.85792E-6 5.37326E-6 7.41539E-6 1.01383E-5 1.39423E-5 1.92832E-5 2.54989E-5 3.02043E-5 2.92084E-5 2.39496E-5 1.85468E-5 1.46195E-5 1.14478E-5 8.80342E-6 7.051E-6 5.43374E-6 4.2065E-6 4.29605E-6 4.47389E-6 4.64029E-6 4.67156E-6 4.89372E-6 5.09588E-6 4.49668E-6 4.12389E-6 4.39085E-6 4.64364E-6 2.92757E-6 2.2436E-6 2.6205E-6 2.84579E-6 3.91262E-6 4.35977E-6 4.19485E-6 4.6886E-6 5.14001E-6 4.60177E-6 4.11618E-6
-9999 -9999 -9999 -9999 -9999 -9999 -9999 -9999 -9999 -9999 -9999 -9999 -9999 -9999 -9999 -9999 -9999 -9999 -9999 -9999 -9999 -9999 -9999 -9999 -9999 -9999 2.21532E-6 2.89516E-6 3.93059E-6 5.64239E-6 7.85399E-6 1.06409E-5 1.40001E-5 1.82569E-5 2.60895E-5 3.83645E-5 3.38386E-5 2.53529E-5 1.98778E-5 1.57815E-5 1.23221E-5 9.46337E-6 7.09308E-6 5.333E-6 5.36916E-6 5.75017E-6 6.2457E-6 6.58557E-6 6.37029E-6 6.98941E-6 6.62079E-6 5.68579E-6 6.07049E-6 6.22816E-6 4.5329E-6 3.25445E-6 3.17359E-6 3.62933E-6 4.00445E-6 5.28272E-6 4.8199E-6 4.64355E-6 4.45305E-6 3.87561E-6 3.5906E-6 3.14906E-6
-9999 -9999 -9999 -9999 -9999 -9999 -9999 -9999 -9999 -9999 -9999 -9999 -9999 -9999 -9999 -9999 -9999 -9999 -9999 -9999 -9999 -9999 -9999 -9999 -9999 -9999 -9999 3.21096E-6 4.09658E-6 5.80634E-6 8.75478E-6 1.18186E-5 1.55257E-5 1.89588E-5 2.35464E-5 2.88247E-5 2.83775E-5 2.47591E-5 1.97348E-5 1.51463E-5 1.16342E-5 8.76136E-6 6.71416E-6 5.86695E-6 6.74986E-6 8.08965E-6 9.24097E-6 9.34861E-6 9.35783E-6 9.59216E-6 8.61646E-6 8.49273E-6 9.75977E-6 7.4402E-6 4.96207E-6 3.99308E-6 4.16811E-6 4.72262E-6 5.81943E-6 8.55789E-6 6.3388E-6 6.23756E-6 6.51332E-6 5.66034E-6 4.62619E-6 3.65124E-6
-9999 -9999 -9999 -9999 -9999 -9999 -9999 -9999 -9999 -9999 -9999 -9999 -9999 -9999 -9999 -9999 -9999 -9999 -9999 -9999 -9999 -9999 -9999 -9999 -9999 -9999 2.6956E-6 3.32686E-6 4.22486E-6 5.88022E-6 8.60477E-6 1.1793E-5 1.41286E-5 1.74608E-5 2.02572E-5 2.21749E-5 2.19083E-5 1.96962E-5 1.67747E-5 1.35951E-5 1.07004E-5 8.35879E-6 6.27224E-6 7.18754E-6 8.78973E-6 1.0408E-5 1.19374E-5 1.34567E-5 1.48213E-5 1.45702E-5 1.18399E-5 1.07057E-5 1.01335E-5 7.53567E-6 6.07309E-6 5.30997E-6 5.60806E-6 6.42728E-6 7.98982E-6 1.20647E-5 8.56338E-6 8.11872E-6 8.81594E-6 8.47846E-6 6.49098E-6 4.90093E-6
