catData/rasterBestHybridModels/Pbengalensis/RD_RM1.5_L/Pbengalensis_max.asc
ncols         409
nrows         350
xllcorner     60.897278365
yllcorner     5.843756025
cellsize      0.0892857
NODATA_value  -9999
[rows 29 to 57 of 350, columns 132 to 197 of 409]
7.70471E-5 6.49586E-5 6.78898E-5 8.94465E-5 1.20435E-4 1.56609E-4 1.6373E-4 1.20913E-4 1.46498E-4 1.34062E-4 1.05833E-4 1.07748E-4 1.27754E-4 1.54765E-4 1.66696E-4 1.04546E-4 7.92666E-5 7.0208E-5 9.20628E-5 1.07991E-4 1.66386E-4 2.153E-4 2.26472E-4 2.63291E-4 2.7557E-4 1.92208E-4 1.28925E-4 1.1713E-4 8.97425E-5 1.14513E-4 1.03609E-4 7.97984E-5 8.43219E-5 9.42748E-5 1.16725E-4 1.57692E-4 2.11649E-4 2.43635E-4 2.30258E-4 2.29841E-4 1.6479E-4 1.67087E-4 9.2796E-5 5.88974E-5 4.1802E-5 4.85688E-5 8.5028E-5 1.52797E-4 1.87472E-4 2.0256E-4 2.60091E-4 3.10588E-4 2.29494E-4 2.22165E-4 3.45334E-4 1.75875E-4 1.18443E-4 1.82038E-4 2.41773E-4 3.10287E-4 3.48601E-4 1.40206E-4 5.69949E-5 6.03676E-5 1.09504E-4 7.59419E-5
6.49681E-5 5.98837E-5 6.71742E-5 9.39755E-5 1.16763E-4 1.47526E-4 1.46717E-4 1.29408E-4 1.81702E-4 1.60816E-4 1.35406E-4 8.86256E-5 9.03609E-5 1.12583E-4 1.67359E-4 1.03031E-4 8.88001E-5 9.90511E-5 1.18657E-4 1.58507E-4 1.5937E-4 1.70988E-4 1.94274E-4 2.26349E-4 3.02139E-4 1.97005E-4 1.71318E-4 1.59802E-4 1.33522E-4 1.75608E-4 2.21279E-4 1.63432E-4 9.47592E-5 8.22956E-5 1.06032E-4 1.4098E-4 1.51064E-4 2.0363E-4 2.33305E-4 2.26839E-4 1.37188E-4 1.02837E-4 7.43251E-5 6.23053E-5 5.84301E-5 3.53867E-5 3.13669E-5 3.8449E-5 7.12289E-5 1.30124E-4 2.14125E-4 3.50341E-4 3.96002E-4 5.22867E-4 5.66105E-4 3.03737E-4 2.17385E-4 1.48357E-4 2.01028E-4 2.59757E-4 2.68842E-4 1.75779E-4 6.26089E-5 5.87891E-5 1.09002E-4 1.15132E-4
6.97472E-5 7.25235E-5 7.9203E-5 1.00802E-4 1.15006E-4 1.52557E-4 1.5149E-4 1.21157E-4 1.32801E-4 1.30212E-4 1.10919E-4 1.43021E-4 1.48071E-4 1.33479E-4 1.71622E-4 1.70807E-4 1.39435E-4 1.52927E-4 1.70746E-4 2.02489E-4 2.08297E-4 2.06684E-4 1.97145E-4 2.31421E-4 1.95342E-4 1.7175E-4 1.86493E-4 1.42763E-4 1.54962E-4 1.86457E-4 2.24541E-4 1.83925E-4 1.65668E-4 1.72434E-4 1.59887E-4 1.31006E-4 1.01428E-4 1.733E-4 1.9279E-4 1.75798E-4 1.50951E-4 1.23477E-4 7.69348E-5 6.92078E-5 5.33125E-5 3.94732E-5 2.6685E-5 2.90295E-5 3.73875E-5 5.44714E-5 8.20128E-5 1.37547E-4 2.49627E-4 4.95787E-4 5.90864E-4 5.4969E-4 4.31999E-4 2.0076E-4 1.5024E-4 1.31234E-4 1.38905E-4 1.63801E-4 7.91682E-5 6.88879E-5 7.07109E-5 5.61489E-5
7.49718E-5 8.62986E-5 8.5384E-5 1.10189E-4 1.87588E-4 1.65297E-4 1.75688E-4 1.16723E-4 9.05831E-5 9.76216E-5 1.47678E-4 1.9968E-4 1.89818E-4 1.50043E-4 1.8617E-4 2.00698E-4 1.53478E-4 1.88082E-4 2.26693E-4 1.77661E-4 1.92112E-4 1.89951E-4 1.76674E-4 1.94698E-4 1.81678E-4 1.62764E-4 1.5715E-4 2.02449E-4 2.62809E-4 3.19611E-4 3.19915E-4 2.99081E-4 2.54048E-4 2.49141E-4 1.68381E-4 1.19364E-4 8.62293E-5 1.31197E-4 1.46386E-4 1.3234E-4 1.31753E-4 1.27495E-4 8.4762E-5 7.31102E-5 6.05679E-5 5.03463E-5 4.15067E-5 5.11381E-5 8.04318E-5 9.21321E-5 9.14718E-5 9.45458E-5 1.32208E-4 2.10378E-4 3.42223E-4 4.48477E-4 5.39034E-4 3.67313E-4 2.86159E-4 2.35164E-4 1.17551E-4 7.67454E-5 8.43543E-5 9.37248E-5 6.72716E-5 6.65307E-5
1.00518E-4 1.15594E-4 1.16857E-4 9.45231E-5 1.14857E-4 1.64728E-4 1.65546E-4 1.28999E-4 8.51863E-5 9.66073E-5 1.28299E-4 1.51994E-4 1.6146E-4 1.33438E-4 1.95879E-4 2.19417E-4 1.78582E-4 2.20749E-4 2.14605E-4 1.50644E-4 1.77523E-4 2.22911E-4 2.0849E-4 3.09531E-4 2.80873E-4 1.47231E-4 2.2721E-4 2.50912E-4 3.22095E-4 3.8793E-4 4.27642E-4 3.47315E-4 2.49495E-4 2.32036E-4 2.34282E-4 1.16653E-4 6.66993E-5 1.4687E-4 1.77045E-4 1.51925E-4 1.26912E-4 1.0408E-4 9.71346E-5 7.75416E-5 7.39035E-5 7.0709E-5 5.26538E-5 5.80511E-5 9.0345E-5 1.09364E-4 9.58461E-5 1.533E-4 1.95803E-4 2.03535E-4 2.07464E-4 2.22005E-4 2.70682E-4 3.50857E-4 3.14511E-4 1.98134E-4 9.88324E-5 6.43035E-5 7.90369E-5 7.05732E-5 4.06787E-5 3.79864E-5
8.91947E-5 1.04972E-4 1.16517E-4 1.09726E-4 1.10478E-4 1.61027E-4 1.45601E-4 1.27494E-4 1.2537E-4 1.05411E-4 1.21757E-4 1.64577E-4 2.04586E-4 1.6875E-4 1.90359E-4 1.92686E-4 2.09682E-4 3.73057E-4 3.90791E-4 2.24474E-4 1.80821E-4 1.70376E-4 1.7883E-4 1.97704E-4 1.86553E-4 2.1611E-4 1.98474E-4 2.39362E-4 3.37739E-4 4.36134E-4 4.50042E-4 3.48925E-4 2.31676E-4 2.07165E-4 2.13271E-4 1.82022E-4 1.24376E-4 1.85436E-4 1.42986E-4 1.05459E-4 8.05455E-5 6.35076E-5 7.70895E-5 7.34977E-5 7.51598E-5 9.77862E-5 8.84701E-5 7.27914E-5 8.98163E-5 1.10744E-4 7.91518E-5 1.2868E-4 2.26315E-4 3.11178E-4 2.31696E-4 1.54863E-4 1.34179E-4 1.69471E-4 2.31581E-4 2.07178E-4 1.02817E-4 6.45254E-5 5.88668E-5 4.88228E-5 3.06398E-5 2.67511E-5
5.96187E-5 7.55425E-5 9.41588E-5 1.01359E-4 9.04328E-5 1.09364E-4 1.3455E-4 1.94772E-4 1.91382E-4 1.14992E-4 1.16907E-4 1.63596E-4 1.81848E-4 1.41538E-4 1.21033E-4 1.31029E-4 1.50773E-4 2.21044E-4 2.96189E-4 3.00962E-4 2.00464E-4 1.43833E-4 1.66502E-4 1.82917E-4 1.86569E-4 2.07999E-4 2.11803E-4 2.35064E-4 2.27032E-4 2.7591E-4 3.73469E-4 2.55292E-4 1.87086E-4 1.92964E-4 1.86613E-4 1.89956E-4 1.66901E-4 1.23132E-4 1.06695E-4 1.24313E-4 7.03797E-5 7.2998E-5 1.08753E-4 1.04771E-4 7.05373E-5 8.78245E-5 9.95226E-5 8.40927E-5 7.00564E-5 7.68832E-5 6.88541E-5 1.01176E-4 1.51652E-4 2.36478E-4 2.45926E-4 1.66517E-4 9.47187E-5 9.59625E-5 1.48741E-4 1.75721E-4 1.18716E-4 7.26642E-5 5.48425E-5 5.13162E-5 3.56469E-5 2.54348E-5
4.92804E-5 5.48312E-5 6.82157E-5 1.00088E-4 1.13446E-4 9.662E-5 1.12932E-4 1.43818E-4 1.62308E-4 1.34555E-4 1.21935E-4 1.94274E-4 1.88999E-4 1.39897E-4 1.39095E-4 1.7027E-4 1.691E-4 1.48929E-4 1.50901E-4 2.27939E-4 2.35604E-4 2.0092E-4 2.20645E-4 2.19806E-4 1.98517E-4 1.739E-4 1.73921E-4 1.87181E-4 1.53886E-4 1.57002E-4 2.21542E-4 1.89776E-4 1.36221E-4 1.2867E-4 1.15775E-4 1.06167E-4 9.42722E-5 9.77849E-5 1.13966E-4 1.42482E-4 1.05679E-4 9.27611E-5 1.20765E-4 1.59231E-4 1.11049E-4 9.60088E-5 9.54468E-5 1.02306E-4 1.16852E-4 9.77087E-5 6.84937E-5 8.99018E-5 1.17141E-4 1.29628E-4 1.78856E-4 1.51335E-4 8.48374E-5 6.23044E-5 8.05235E-5 1.19897E-4 1.32962E-4 9.63875E-5 5.54342E-5 4.34506E-5 4.39439E-5 3.16683E-5
4.47059E-5 5.56559E-5 8.51813E-5 1.62356E-4 1.71061E-4 9.50778E-5 7.13433E-5 1.00414E-4 1.68209E-4 1.93025E-4 1.56265E-4 2.02399E-4 1.45085E-4 1.18636E-4 1.41813E-4 1.98832E-4 1.85104E-4 1.36245E-4 1.23697E-4 2.23016E-4 2.66246E-4 2.34935E-4 1.95843E-4 2.44313E-4 2.10667E-4 1.39871E-4 1.69343E-4 2.11355E-4 1.70728E-4 1.57847E-4 1.70632E-4 1.54328E-4 1.0519E-4 8.43411E-5 9.003E-5 8.94578E-5 1.22703E-4 1.3516E-4 1.86808E-4 1.89103E-4 2.1225E-4 1.25294E-4 1.0045E-4 1.62487E-4 1.74799E-4 1.70819E-4 1.61678E-4 1.57646E-4 2.04431E-4 1.83757E-4 1.16964E-4 7.78569E-5 8.82513E-5 1.02536E-4 1.70296E-4 1.37415E-4 7.41751E-5 5.54991E-5 5.37438E-5 6.10144E-5 8.03099E-5 9.03356E-5 6.931E-5 4.28618E-5 3.82931E-5 4.37709E-5
4.35136E-5 5.32261E-5 7.43913E-5 1.19059E-4 1.28317E-4 8.13721E-5 7.48203E-5 1.10246E-4 1.19131E-4 1.21912E-4 1.28036E-4 1.4781E-4 1.35081E-4 1.21247E-4 9.67081E-5 1.26653E-4 1.30356E-4 1.15102E-4 1.63453E-4 2.31967E-4 3.06129E-4 2.36598E-4 2.58528E-4 2.37087E-4 2.12032E-4 1.9544E-4 2.13105E-4 2.15098E-4 1.63457E-4 1.44542E-4 1.41718E-4 1.44519E-4 1.1159E-4 9.78437E-5 9.95233E-5 1.07655E-4 1.53378E-4 1.6072E-4 1.89401E-4 2.04735E-4 2.28669E-4 1.96678E-4 1.69133E-4 2.34499E-4 2.21128E-4 2.62358E-4 3.16142E-4 2.46591E-4 2.23843E-4 2.15284E-4 2.13212E-4 1.23829E-4 8.51194E-5 7.5E-5 1.22789E-4 1.23565E-4 5.94185E-5 5.45614E-5 5.93206E-5 4.78159E-5 4.33343E-5 5.36524E-5 6.16953E-5 5.76631E-5 4.14806E-5 3.28717E-5
4.06257E-5 5.00429E-5 6.71828E-5 9.25514E-5 1.09308E-4 8.35009E-5 8.03319E-5 1.14327E-4 1.19019E-4 8.56169E-5 7.58981E-5 8.00005E-5 1.07177E-4 1.38057E-4 1.43388E-4 1.13022E-4 1.065E-4 1.48253E-4 2.04472E-4 2.70976E-4 3.65726E-4 3.07755E-4 2.70733E-4 2.67643E-4 2.09173E-4 2.17364E-4 2.21793E-4 2.13145E-4 1.71554E-4 1.53995E-4 1.41607E-4 1.36202E-4 1.29038E-4 1.39694E-4 1.15439E-4 1.03562E-4 1.3656E-4 1.78261E-4 1.68463E-4 1.9699E-4 1.41245E-4 2.3038E-4 3.38592E-4 4.05021E-4 3.32973E-4 3.44118E-4 3.63548E-4 2.94641E-4 2.90329E-4 3.0244E-4 2.62969E-4 1.77644E-4 1.19741E-4 8.10386E-5 6.55274E-5 1.00689E-4 6.40402E-5 4.90699E-5 4.82149E-5 4.09111E-5 3.31966E-5 3.58695E-5 4.94935E-5 5.90643E-5 4.73532E-5 2.82412E-5
3.80462E-5 4.57691E-5 5.57893E-5 6.59674E-5 7.11482E-5 6.52445E-5 6.51565E-5 7.78277E-5 7.97549E-5 6.67996E-5 5.76389E-5 6.67434E-5 1.05092E-4 1.32372E-4 1.36763E-4 1.12936E-4 1.48386E-4 1.71106E-4 1.62706E-4 2.02046E-4 2.44153E-4 2.42278E-4 1.38067E-4 1.79948E-4 2.07065E-4 2.13662E-4 2.55817E-4 2.46246E-4 2.49871E-4 2.3424E-4 1.92939E-4 1.49623E-4 1.37487E-4 1.42127E-4 1.47868E-4 1.51449E-4 1.73931E-4 2.2493E-4 2.84961E-4 2.32798E-4 1.03022E-4 1.31718E-4 2.48468E-4 5.26199E-4 6.67421E-4 5.95351E-4 4.90122E-4 4.8504E-4 4.8637E-4 3.66724E-4 2.23455E-4 1.89323E-4 1.5017E-4 9.38777E-5 5.93308E-5 7.41639E-5 5.71241E-5 3.97858E-5 3.63142E-5 3.21066E-5 2.69772E-5 2.5321E-5 3.03981E-5 3.82994E-5 3.54112E-5 2.35219E-5
3.33869E-5 3.94317E-5 4.49783E-5 4.8416E-5 5.22122E-5 5.96051E-5 7.02346E-5 6.86324E-5 8.5566E-5 8.58396E-5 7.0383E-5 5.39127E-5 6.72605E-5 9.52886E-5 9.98607E-5 1.05229E-4 1.64483E-4 1.91676E-4 1.90175E-4 1.48414E-4 1.33113E-4 1.07246E-4 7.53234E-5 7.26651E-5 8.61338E-5 1.61753E-4 2.96507E-4 2.61737E-4 2.64832E-4 2.52107E-4 2.34697E-4 1.66015E-4 1.70245E-4 1.72244E-4 2.00083E-4 2.00716E-4 1.47492E-4 1.17059E-4 1.89989E-4 1.3085E-4 7.12185E-5 9.82232E-5 1.67844E-4 4.24895E-4 7.43352E-4 8.44669E-4 7.29174E-4 4.69723E-4 4.21737E-4 3.70304E-4 2.16101E-4 1.4452E-4 1.19683E-4 8.84958E-5 6.71383E-5 4.59362E-5 3.71778E-5 3.00339E-5 2.72903E-5 2.37057E-5 2.60528E-5 2.43248E-5 1.94425E-5 1.89316E-5 2.21461E-5 1.88258E-5
3.20901E-5 3.84393E-5 4.64381E-5 6.01079E-5 7.28903E-5 7.81345E-5 1.01225E-4 9.60247E-5 1.06475E-4 1.05755E-4 8.08992E-5 6.82784E-5 6.76576E-5 6.56265E-5 6.52991E-5 8.77265E-5 1.24642E-4 1.26897E-4 1.31091E-4 1.18024E-4 9.76187E-5 7.88466E-5 8.20055E-5 9.4877E-5 9.65383E-5 1.07256E-4 1.51377E-4 1.7229E-4 2.16035E-4 2.26851E-4 1.9911E-4 2.03506E-4 2.16131E-4 2.57781E-4 3.27536E-4 3.01753E-4 2.44937E-4 1.19184E-4 9.08089E-5 8.70875E-5 9.82918E-5 1.27427E-4 1.51329E-4 2.36672E-4 5.42854E-4 8.1489E-4 6.41837E-4 3.58444E-4 2.63206E-4 2.60008E-4 1.73057E-4 1.19079E-4 9.21568E-5 6.83213E-5 5.59915E-5 3.81287E-5 3.07231E-5 3.23927E-5 2.50971E-5 1.92698E-5 2.24274E-5 2.8083E-5 2.19891E-5 1.5304E-5 1.23868E-5 1.06495E-5
3.75284E-5 4.07506E-5 5.03452E-5 6.992E-5 1.01509E-4 1.1082E-4 9.85442E-5 9.55693E-5 7.77257E-5 7.68899E-5 7.84314E-5 1.09291E-4 1.08986E-4 8.01564E-5 6.72065E-5 6.56845E-5 7.40856E-5 7.91567E-5 8.06419E-5 7.64673E-5 6.92162E-5 7.94361E-5 1.0523E-4 1.16131E-4 1.33649E-4 1.36276E-4 1.1908E-4 1.3539E-4 2.10664E-4 1.95939E-4 1.8004E-4 2.38985E-4 2.65863E-4 1.86127E-4 2.06721E-4 2.08763E-4 2.31887E-4 2.48303E-4 1.54094E-4 7.45279E-5 5.44017E-5 7.5535E-5 1.42252E-4 2.13816E-4 2.85386E-4 5.17501E-4 6.25943E-4 3.62221E-4 2.34831E-4 1.54788E-4 1.38078E-4 1.10832E-4 8.30482E-5 5.52652E-5 5.32668E-5 3.61649E-5 3.08811E-5 2.76231E-5 2.67675E-5 2.22591E-5 2.11047E-5 2.06442E-5 1.48095E-5 1.26946E-5 1.23197E-5 8.64734E-6
4.48095E-5 4.97583E-5 5.16895E-5 6.52574E-5 8.49222E-5 8.84478E-5 7.17833E-5 6.55341E-5 5.58178E-5 5.41433E-5 7.67047E-5 1.08446E-4 1.15464E-4 8.2668E-5 6.39819E-5 7.84792E-5 7.89559E-5 6.54947E-5 6.03295E-5 5.82038E-5 5.86764E-5 7.91849E-5 1.13969E-4 1.47576E-4 1.55669E-4 1.25989E-4 1.08556E-4 1.31072E-4 2.0707E-4 2.41984E-4 1.65487E-4 1.8747E-4 1.8901E-4 1.35341E-4 1.26434E-4 1.30978E-4 1.25968E-4 1.43921E-4 1.54705E-4 9.75841E-5 3.35731E-5 4.25145E-5 8.18654E-5 1.77523E-4 2.3424E-4 3.0075E-4 4.18057E-4 3.86674E-4 2.91612E-4 1.72646E-4 9.8529E-5 1.00997E-4 8.42708E-5 5.24775E-5 4.25742E-5 4.09046E-5 3.41454E-5 2.47997E-5 2.52832E-5 2.68231E-5 2.74636E-5 2.51823E-5 1.4273E-5 1.24056E-5 1.6881E-5 1.00352E-5
5.97983E-5 7.39015E-5 7.66181E-5 6.28031E-5 5.6008E-5 5.83433E-5 5.19167E-5 4.69681E-5 4.41961E-5 5.31493E-5 6.71541E-5 7.82892E-5 7.28124E-5 6.36064E-5 8.1745E-5 1.0526E-4 9.96639E-5 7.41696E-5 5.54467E-5 5.39271E-5 5.97513E-5 6.18729E-5 8.21424E-5 1.08834E-4 1.23395E-4 2.01125E-4 1.52889E-4 1.46838E-4 1.88461E-4 2.12354E-4 1.86447E-4 1.95866E-4 1.95708E-4 2.36626E-4 2.56865E-4 2.07687E-4 1.4679E-4 1.21927E-4 1.29362E-4 1.25511E-4 7.30671E-5 3.66392E-5 4.19183E-5 7.03219E-5 9.48695E-5 1.4895E-4 1.71145E-4 2.25153E-4 2.26459E-4 1.65527E-4 1.14041E-4 1.12669E-4 9.03197E-5 6.81225E-5 4.41796E-5 3.86505E-5 4.0856E-5 3.06927E-5 2.66988E-5 2.4082E-5 2.56918E-5 2.20975E-5 1.40518E-5 1.2042E-5 1.88973E-5 1.23546E-5
7.14386E-5 1.07772E-4 1.02172E-4 7.18641E-5 5.18805E-5 4.2278E-5 4.16994E-5 3.9342E-5 4.60809E-5 5.80946E-5 7.86635E-5 1.13527E-4 9.53125E-5 7.18255E-5 8.22475E-5 1.09132E-4 9.2181E-5 6.58297E-5 5.27673E-5 6.13993E-5 7.25292E-5 7.88377E-5 9.56759E-5 9.29925E-5 1.05522E-4 1.21938E-4 1.17318E-4 1.57365E-4 1.57312E-4 1.54208E-4 1.46952E-4 1.63894E-4 2.7198E-4 3.28392E-4 3.15954E-4 2.41031E-4 1.72718E-4 1.36806E-4 9.91119E-5 7.86267E-5 7.11731E-5 6.19213E-5 4.31582E-5 4.93687E-5 1.02766E-4 1.86993E-4 1.81362E-4 2.37287E-4 3.20562E-4 3.30477E-4 2.40857E-4 1.94682E-4 1.29243E-4 8.12186E-5 5.2395E-5 4.47204E-5 4.21675E-5 3.82372E-5 3.28543E-5 2.64012E-5 2.46437E-5 2.29277E-5 1.49698E-5 1.18698E-5 1.98044E-5 1.30641E-5
8.67816E-5 8.75044E-5 8.11519E-5 6.69971E-5 6.16239E-5 5.0236E-5 4.23758E-5 4.18058E-5 4.69002E-5 5.69599E-5 6.94427E-5 8.94606E-5 9.01607E-5 1.00913E-4 7.72548E-5 7.06413E-5 6.61926E-5 5.60515E-5 6.10994E-5 7.33765E-5 1.00217E-4 1.13324E-4 1.08304E-4 1.0644E-4 7.85986E-5 7.08045E-5 8.64112E-5 1.04716E-4 1.12883E-4 1.79688E-4 1.81436E-4 1.56104E-4 1.94773E-4 2.77783E-4 2.43394E-4 1.96361E-4 1.64194E-4 1.05798E-4 8.68157E-5 8.77814E-5 8.82973E-5 8.84541E-5 6.31059E-5 8.02265E-5 1.24405E-4 1.53536E-4 1.82041E-4 3.49194E-4 3.57464E-4 3.01403E-4 3.05718E-4 2.68988E-4 2.21395E-4 1.35156E-4 7.42162E-5 6.02131E-5 4.76107E-5 4.51847E-5 3.62852E-5 2.78771E-5 2.17867E-5 2.03519E-5 1.58782E-5 1.19232E-5 1.14997E-5 8.67592E-6
1.13772E-4 8.3076E-5 9.10814E-5 1.0847E-4 8.81456E-5 6.17942E-5 5.19002E-5 5.19015E-5 5.28814E-5 5.61641E-5 6.28826E-5 7.46567E-5 1.04947E-4 9.41499E-5 9.16674E-5 7.50284E-5 6.66568E-5 6.93839E-5 7.62321E-5 1.03747E-4 1.28999E-4 9.80789E-5 7.657E-5 8.76084E-5 1.1652E-4 8.93238E-5 6.47288E-5 6.95894E-5 1.10504E-4 1.62984E-4 1.58333E-4 1.30298E-4 1.05793E-4 1.3825E-4 1.34816E-4 1.23956E-4 1.31575E-4 1.11733E-4 1.11679E-4 1.34996E-4 1.251E-4 1.06357E-4 7.86572E-5 5.98142E-5 1.0002E-4 1.57895E-4 2.95774E-4 5.29364E-4 6.33369E-4 3.8513E-4 3.18923E-4 2.27413E-4 2.61309E-4 1.80793E-4 1.36325E-4 7.86836E-5 5.81711E-5 5.03083E-5 4.10424E-5 2.98089E-5 2.34138E-5 1.92483E-5 1.59035E-5 1.29127E-5 1.07398E-5 7.17136E-6
7.42352E-5 6.14971E-5 8.47706E-5 1.09975E-4 8.68744E-5 6.56791E-5 6.52614E-5 6.09023E-5 7.5368E-5 8.13371E-5 7.82724E-5 1.00356E-4 8.54028E-5 8.65748E-5 1.05663E-4 7.92571E-5 9.2061E-5 1.01826E-4 7.74746E-5 1.03964E-4 1.04016E-4 1.05408E-4 7.5643E-5 8.79894E-5 1.05693E-4 8.24893E-5 7.13786E-5 8.1833E-5 7.96364E-5 9.77307E-5 9.65434E-5 8.30873E-5 7.0636E-5 8.03588E-5 1.10951E-4 1.40957E-4 1.52037E-4 1.11687E-4 1.51471E-4 1.90077E-4 1.79958E-4 1.73889E-4 1.17462E-4 8.09579E-5 1.27338E-4 1.64466E-4 2.63442E-4 4.8784E-4 8.01556E-4 5.27244E-4 2.81476E-4 2.53867E-4 3.347E-4 2.3514E-4 1.83119E-4 1.30029E-4 8.2205E-5 6.31856E-5 4.47268E-5 3.87321E-5 3.05838E-5 2.45173E-5 1.91933E-5 1.51314E-5 1.3004E-5 8.74868E-6
4.62193E-5 5.89827E-5 6.92697E-5 9.58321E-5 9.42583E-5 9.25168E-5 9.17439E-5 7.05849E-5 9.91776E-5 9.71659E-5 7.23055E-5 9.11608E-5 8.01743E-5 7.69672E-5 9.3323E-5 1.14345E-4 9.35549E-5 9.25289E-5 7.40284E-5 9.6618E-5 1.32368E-4 9.15078E-5 7.77797E-5 1.0768E-4 1.06655E-4 1.10054E-4 9.32706E-5 1.14176E-4 8.59469E-5 7.6979E-5 7.05173E-5 5.83504E-5 6.15992E-5 7.60242E-5 1.005E-4 1.35183E-4 1.9645E-4 1.7902E-4 2.22453E-4 2.2389E-4 2.00672E-4 1.65807E-4 1.47501E-4 1.18223E-4 1.63708E-4 2.12299E-4 2.93052E-4 3.72664E-4 5.93399E-4 4.89134E-4 3.4222E-4 2.8398E-4 3.86485E-4 2.85991E-4 1.44856E-4 1.3911E-4 9.75037E-5 7.7445E-5 5.89774E-5 5.10218E-5 3.84144E-5 3.10706E-5 2.54063E-5 2.23198E-5 -9999 -9999
5.04379E-5 7.37693E-5 1.04411E-4 7.81526E-5 7.19965E-5 8.58738E-5 8.44572E-5 6.40385E-5 7.50598E-5 8.14388E-5 8.11208E-5 6.55183E-5 6.03774E-5 8.28462E-5 1.04383E-4 9.16744E-5 1.0163E-4 9.18593E-5 1.08499E-4 9.08046E-5 1.16434E-4 9.51936E-5 8.14345E-5 1.08862E-4 8.96212E-5 9.2205E-5 8.32948E-5 9.43606E-5 9.15556E-5 1.04362E-4 8.1336E-5 7.41467E-5 7.72144E-5 8.81871E-5 1.16393E-4 1.27216E-4 1.91484E-4 2.20465E-4 2.37018E-4 2.21071E-4 1.6971E-4 1.14295E-4 1.00379E-4 9.75482E-5 1.19268E-4 2.18938E-4 3.25548E-4 3.63083E-4 4.8489E-4 3.6396E-4 3.02085E-4 2.74062E-4 3.60024E-4 3.95932E-4 1.30479E-4 9.85598E-5 7.84839E-5 6.78641E-5 5.35847E-5 4.74906E-5 4.50303E-5 4.27532E-5 3.6147E-5 3.15504E-5 -9999 -9999
6.84627E-5 6.59989E-5 7.83915E-5 6.90615E-5 5.45532E-5 5.95051E-5 5.86196E-5 5.08963E-5 6.68335E-5 9.33286E-5 9.54089E-5 8.01674E-5 8.42576E-5 6.90887E-5 6.85462E-5 9.27509E-5 1.09479E-4 1.01921E-4 1.04375E-4 9.44057E-5 8.58066E-5 8.40853E-5 9.54491E-5 8.34598E-5 9.18208E-5 8.68498E-5 6.73124E-5 6.82066E-5 8.99368E-5 9.68838E-5 9.2132E-5 1.04677E-4 1.03454E-4 8.37728E-5 1.31428E-4 1.22752E-4 1.35584E-4 2.11071E-4 2.46906E-4 1.92798E-4 2.13032E-4 1.88061E-4 1.17257E-4 1.03664E-4 1.38524E-4 1.74747E-4 2.11929E-4 2.84383E-4 4.10941E-4 3.20375E-4 3.15449E-4 2.92205E-4 3.81085E-4 4.84664E-4 2.11609E-4 1.0822E-4 1.11123E-4 7.71132E-5 4.42646E-5 3.60193E-5 4.05675E-5 4.56208E-5 3.5088E-5 2.49859E-5 2.1853E-5 -9999
6.78102E-5 7.27372E-5 8.96651E-5 7.37394E-5 6.10579E-5 5.33436E-5 4.45114E-5 4.47841E-5 5.56314E-5 6.63541E-5 6.68487E-5 9.71555E-5 1.1007E-4 7.77131E-5 5.85032E-5 7.27619E-5 7.69483E-5 7.96911E-5 1.1371E-4 9.13384E-5 1.06321E-4 1.0043E-4 1.08474E-4 8.92813E-5 1.04457E-4 9.6624E-5 7.52054E-5 9.76685E-5 9.05096E-5 7.63861E-5 1.02286E-4 9.42394E-5 8.85562E-5 1.01608E-4 8.69593E-5 9.08295E-5 1.02346E-4 1.4106E-4 1.47228E-4 1.91396E-4 3.34418E-4 3.5342E-4 2.30257E-4 1.63591E-4 1.47888E-4 1.2075E-4 1.21372E-4 2.35465E-4 4.75049E-4 4.35807E-4 3.94496E-4 3.92476E-4 3.61663E-4 3.13969E-4 2.13573E-4 1.59609E-4 1.71162E-4 8.56685E-5 4.84018E-5 3.36427E-5 3.11865E-5 3.7419E-5 2.92107E-5 2.17383E-5 2.65493E-5 -9999
5.26418E-5 7.20605E-5 8.93721E-5 9.34454E-5 8.52498E-5 6.35743E-5 4.66252E-5 3.91941E-5 4.45203E-5 4.70939E-5 5.4092E-5 6.87992E-5 7.29176E-5 6.27921E-5 6.28885E-5 8.1085E-5 1.03793E-4 8.21837E-5 7.7295E-5 7.23214E-5 7.53982E-5 1.00148E-4 1.03474E-4 7.77122E-5 7.28854E-5 8.05892E-5 1.03463E-4 1.04368E-4 9.22162E-5 6.55678E-5 7.39038E-5 7.82694E-5 8.71514E-5 1.01441E-4 8.40034E-5 6.91847E-5 1.02037E-4 1.43225E-4 1.2739E-4 1.50463E-4 2.30861E-4 3.17375E-4 2.52291E-4 2.54632E-4 1.98771E-4 2.0025E-4 2.32488E-4 2.89774E-4 4.70567E-4 4.33726E-4 3.70879E-4 3.94676E-4 4.59456E-4 4.13865E-4 2.99584E-4 2.21749E-4 2.46597E-4 1.35442E-4 6.4784E-5 3.59371E-5 2.89423E-5 3.20338E-5 2.89142E-5 2.82027E-5 4.05581E-5 2.65781E-5
7.25249E-5 5.72111E-5 7.60344E-5 8.64706E-5 8.18144E-5 6.06877E-5 4.55179E-5 4.08017E-5 4.4964E-5 5.65977E-5 7.28413E-5 7.91332E-5 6.52895E-5 5.22292E-5 6.65406E-5 9.32674E-5 1.21813E-4 9.38936E-5 7.17387E-5 5.94428E-5 6.78284E-5 8.76926E-5 9.01744E-5 8.28495E-5 1.05835E-4 8.90346E-5 1.00423E-4 8.54745E-5 6.60339E-5 6.77537E-5 9.3247E-5 1.07041E-4 7.94107E-5 6.65546E-5 6.31086E-5 6.35056E-5 7.00541E-5 9.11851E-5 1.08463E-4 1.50994E-4 1.42049E-4 1.23954E-4 2.10703E-4 3.39478E-4 2.65235E-4 2.43037E-4 2.88316E-4 2.68684E-4 3.15876E-4 3.3328E-4 3.93833E-4 4.19352E-4 3.98514E-4 3.79999E-4 3.31187E-4 3.27324E-4 3.01327E-4 1.8252E-4 7.17984E-5 4.70618E-5 3.56619E-5 3.0025E-5 3.14667E-5 3.04279E-5 3.59532E-5 2.63375E-5
7.33539E-5 5.62828E-5 5.12778E-5 5.65005E-5 5.55326E-5 5.12293E-5 5.41981E-5 5.13663E-5 5.37036E-5 7.11544E-5 8.54175E-5 9.92334E-5 7.08212E-5 6.73528E-5 7.80875E-5 6.89545E-5 7.90897E-5 1.12863E-4 9.04003E-5 6.50067E-5 6.52327E-5 8.45195E-5 9.48723E-5 7.94616E-5 9.79927E-5 9.35935E-5 1.0946E-4 1.00361E-4 8.46245E-5 8.50898E-5 1.14354E-4 8.57384E-5 7.88367E-5 7.71266E-5 8.63512E-5 8.26323E-5 8.03688E-5 1.21125E-4 1.21769E-4 1.23107E-4 1.49515E-4 1.15624E-4 1.33987E-4 1.78071E-4 1.68374E-4 2.63778E-4 3.11124E-4 2.58565E-4 2.34476E-4 2.58147E-4 2.43953E-4 2.02824E-4 1.97717E-4 2.2358E-4 2.17059E-4 2.95631E-4 2.198E-4 1.37466E-4 6.86451E-5 5.24673E-5 4.22306E-5 3.54398E-5 3.14169E-5 3.006E-5 2.5931E-5 1.94617E-5
5.15074E-5 5.14265E-5 4.85892E-5 4.1542E-5 4.96337E-5 6.54813E-5 7.83981E-5 6.88204E-5 6.20013E-5 7.92973E-5 9.73789E-5 7.29325E-5 5.82797E-5 8.07385E-5 1.12926E-4 7.85204E-5 8.6553E-5 1.06408E-4 7.76996E-5 7.69914E-5 9.6113E-5 8.84227E-5 1.01931E-4 7.39539E-5 1.0106E-4 9.74268E-5 8.31374E-5 9.38539E-5 8.19632E-5 1.19351E-4 8.89518E-5 8.05575E-5 1.10701E-4 9.8215E-5 1.1807E-4 1.27874E-4 1.12541E-4 1.04788E-4 1.02622E-4 1.06858E-4 1.08292E-4 1.10072E-4 9.70766E-5 1.02437E-4 1.24825E-4 1.86446E-4 2.36601E-4 2.07044E-4 2.67905E-4 3.34329E-4 2.51006E-4 1.75149E-4 1.83514E-4 2.08332E-4 2.07166E-4 1.55589E-4 1.34644E-4 2.07812E-4 1.52338E-4 8.79414E-5 6.52379E-5 6.63981E-5 5.85976E-5 5.69478E-5 4.84801E-5 2.76493E-5
