catData/rasterBestHybridModels/Pbengalensis/RD_RM1.5_L/Pbengalensis_min.asc
ncols         409
nrows         350
xllcorner     60.897278365
yllcorner     5.843756025
cellsize      0.0892857
NODATA_value  -9999
[rows 0 to 28 of 350, columns 132 to 197 of 409]
-9999 -9999 -9999 -9999 -9999 -9999 -9999 -9999 -9999 -9999 -9999 -9999 -9999 -9999 -9999 -9999 -9999 -9999 -9999 -9999 -9999 6.53749E-5 6.45021E-5 -9999 -9999 -9999 -9999 -9999 -9999 -9999 -9999 -9999 -9999 -9999 -9999 -9999 -9999 -9999 -9999 -9999 -9999 -9999 -9999 -9999 -9999 -9999 -9999 -9999 -9999 -9999 -9999 -9999 -9999 -9999 -9999 -9999 -9999 -9999 -9999 -9999 -9999 -9999 -9999 -9999 -9999 -9999
-9999 -9999 -9999 -9999 -9999 -9999 -9999 -9999 -9999 -9999 -9999 -9999 -9999 -9999 -9999 -9999 -9999 -9999 1.00131E-4 8.12871E-5 9.48544E-5 1.11034E-4 7.4412E-5 8.95829E-5 1.42134E-4 -9999 5.32927E-5 7.11087E-5 5.43464E-5 -9999 -9999 -9999 -9999 -9999 -9999 -9999 -9999 -9999 -9999 -9999 -9999 -9999 -9999 -9999 -9999 -9999 -9999 -9999 -9999 -9999 -9999 -9999 -9999 -9999 -9999 -9999 -9999 -9999 -9999 -9999 -9999 -9999 -9999 -9999 -9999 -9999
-9999 -9999 -9999 -9999 -9999 -9999 -9999 -9999 2.51117E-5 3.88291E-5 5.31176E-5 6.72554E-5 5.89667E-5 6.20216E-5 -9999 -9999 7.43026E-5 8.81911E-5 1.00179E-4 8.73628E-5 6.98387E-5 6.34053E-5 7.26763E-5 1.25482E-4 1.34262E-4 5.95027E-5 3.83034E-5 4.18822E-5 5.16573E-5 7.88911E-5 -9999 -9999 -9999 -9999 -9999 -9999 -9999 -9999 -9999 -9999 -9999 -9999 -9999 -9999 -9999 -9999 -9999 -9999 -9999 -9999 -9999 -9999 -9999 -9999 -9999 -9999 -9999 -9999 -9999 -9999 -9999 -9999 -9999 -9999 -9999 -9999
1.20534E-5 1.48088E-5 1.57916E-5 1.20666E-5 1.80159E-5 2.79562E-5 3.40225E-5 4.6404E-5 5.98903E-5 6.28293E-5 9.84625E-5 1.38627E-4 1.80261E-4 1.60633E-4 8.00054E-5 8.50125E-5 1.0818E-4 9.55104E-5 6.95024E-5 8.07681E-5 1.00155E-4 8.20943E-5 5.75771E-5 5.77291E-5 6.02218E-5 5.96929E-5 7.19584E-5 9.44563E-5 9.10565E-5 6.47305E-5 -9999 -9999 -9999 -9999 -9999 -9999 -9999 -9999 -9999 -9999 -9999 -9999 -9999 -9999 -9999 -9999 -9999 -9999 -9999 -9999 -9999 -9999 -9999 -9999 -9999 -9999 -9999 -9999 -9999 -9999 -9999 -9999 -9999 -9999 -9999 -9999
1.04105E-5 1.39406E-5 1.20442E-5 2.92887E-5 8.12827E-5 1.17885E-4 1.30116E-4 1.03318E-4 8.87728E-5 1.42656E-4 2.14076E-4 2.15513E-4 2.36705E-4 2.29711E-4 1.38784E-4 1.22348E-4 2.72736E-4 2.77054E-4 2.73743E-4 3.70234E-4 3.18408E-4 2.12554E-4 1.20234E-4 6.50461E-5 6.72378E-5 1.39379E-4 1.31321E-4 1.02214E-4 1.03383E-4 8.4776E-5 9.83215E-5 9.6697E-5 7.10166E-5 3.22175E-5 1.6477E-5 -9999 -9999 -9999 -9999 -9999 -9999 -9999 -9999 -9999 -9999 -9999 -9999 -9999 -9999 -9999 -9999 -9999 -9999 -9999 -9999 -9999 -9999 -9999 -9999 -9999 -9999 -9999 -9999 -9999 -9999 -9999
1.39547E-5 1.45639E-5 1.80062E-5 4.79657E-5 7.08587E-5 6.67418E-5 7.30528E-5 7.53053E-5 5.31822E-5 9.88054E-5 1.62234E-4 1.1681E-4 9.70297E-5 9.50711E-5 1.23313E-4 9.95886E-5 1.92695E-4 3.68491E-4 6.1431E-4 6.80848E-4 4.53507E-4 3.60109E-4 3.11481E-4 1.29721E-4 8.91021E-5 1.35065E-4 2.18775E-4 1.77457E-4 1.0438E-4 9.53496E-5 7.24077E-5 8.21382E-5 8.41615E-5 6.44169E-5 3.61173E-5 1.32715E-5 -9999 -9999 -9999 -9999 -9999 -9999 -9999 -9999 -9999 -9999 -9999 -9999 -9999 -9999 -9999 -9999 -9999 -9999 -9999 -9999 -9999 -9999 -9999 -9999 -9999 -9999 -9999 -9999 -9999 -9999
7.40584E-6 1.07002E-5 3.35276E-5 6.13199E-5 5.47679E-5 4.02209E-5 3.95748E-5 4.79898E-5 5.56247E-5 1.36353E-4 1.92793E-4 1.43011E-4 6.17459E-5 5.77126E-5 8.60805E-5 1.68497E-4 2.59485E-4 2.19281E-4 2.9118E-4 5.91589E-4 9.64425E-4 7.25071E-4 4.79507E-4 1.54352E-4 1.31379E-4 1.40188E-4 1.01597E-4 1.1384E-4 9.93899E-5 9.61554E-5 6.6968E-5 5.9002E-5 5.64915E-5 5.797E-5 4.52437E-5 2.03682E-5 -9999 -9999 -9999 -9999 -9999 -9999 -9999 -9999 -9999 -9999 -9999 -9999 -9999 -9999 -9999 -9999 -9999 -9999 -9999 -9999 -9999 -9999 -9999 -9999 -9999 -9999 -9999 -9999 -9999 -9999
8.74915E-6 2.29929E-5 4.30014E-5 5.263E-5 5.89213E-5 5.2953E-5 3.79074E-5 3.41888E-5 5.92619E-5 1.36164E-4 1.78839E-4 1.6454E-4 6.22019E-5 5.72508E-5 1.14446E-4 2.44599E-4 2.06318E-4 1.24675E-4 1.53715E-4 5.25742E-4 6.63438E-4 5.13904E-4 9.51224E-4 2.94802E-4 1.01699E-4 1.90245E-4 2.28572E-4 2.2303E-4 1.4323E-4 7.85034E-5 4.63829E-5 4.4911E-5 5.01899E-5 5.10708E-5 3.27492E-5 2.0605E-5 1.19382E-5 -9999 -9999 -9999 -9999 -9999 -9999 -9999 -9999 -9999 -9999 -9999 -9999 -9999 -9999 -9999 -9999 -9999 -9999 -9999 -9999 -9999 -9999 -9999 -9999 -9999 -9999 -9999 -9999 -9999
1.52418E-5 2.80614E-5 3.22391E-5 5.54286E-5 7.87265E-5 7.59571E-5 7.12879E-5 4.35272E-5 8.67154E-5 1.29704E-4 1.01514E-4 1.28749E-4 6.44475E-5 7.50644E-5 1.49893E-4 2.24813E-4 1.31827E-4 8.54857E-5 9.38364E-5 1.83495E-4 2.04882E-4 1.99231E-4 3.04071E-4 1.8684E-4 1.21044E-4 3.65784E-4 7.73558E-4 6.45141E-4 4.79773E-4 1.76447E-4 7.54655E-5 5.3925E-5 6.1961E-5 5.08515E-5 2.26069E-5 1.55749E-5 1.90988E-5 -9999 -9999 -9999 -9999 -9999 -9999 -9999 -9999 -9999 -9999 -9999 -9999 -9999 -9999 -9999 -9999 -9999 -9999 -9999 -9999 -9999 -9999 -9999 -9999 -9999 -9999 -9999 -9999 -9999
1.22187E-5 2.03941E-5 2.66585E-5 3.92235E-5 5.51819E-5 5.77392E-5 5.7025E-5 5.00608E-5 6.74279E-5 6.9743E-5 8.11473E-5 9.26085E-5 8.10617E-5 1.15583E-4 1.85054E-4 1.95573E-4 1.32599E-4 7.99492E-5 6.39764E-5 9.16279E-5 1.24876E-4 1.54804E-4 1.40944E-4 9.83744E-5 1.06303E-4 1.99151E-4 4.82164E-4 4.96519E-4 6.60302E-4 3.38195E-4 1.94953E-4 8.87568E-5 7.29994E-5 5.86908E-5 3.24695E-5 2.18657E-5 2.98001E-5 -9999 -9999 -9999 -9999 -9999 -9999 -9999 -9999 -9999 -9999 -9999 -9999 -9999 -9999 -9999 -9999 -9999 -9999 -9999 -9999 -9999 -9999 -9999 -9999 -9999 -9999 -9999 -9999 -9999
1.30329E-5 1.37088E-5 1.72594E-5 2.26017E-5 3.2736E-5 4.16972E-5 3.86092E-5 6.05548E-5 9.30225E-5 8.69685E-5 1.59213E-4 1.12704E-4 9.43416E-5 9.59317E-5 1.07188E-4 1.06733E-4 1.07874E-4 8.04777E-5 6.47713E-5 1.69971E-4 4.50164E-4 5.16034E-4 4.0082E-4 1.95584E-4 1.43132E-4 1.80354E-4 1.74137E-4 1.79609E-4 2.57148E-4 2.43634E-4 2.33805E-4 1.57281E-4 1.18008E-4 9.42162E-5 6.183E-5 4.62868E-5 -9999 -9999 -9999 -9999 -9999 -9999 -9999 -9999 -9999 -9999 -9999 -9999 -9999 -9999 -9999 -9999 -9999 -9999 -9999 -9999 -9999 -9999 -9999 -9999 -9999 -9999 -9999 -9999 -9999 -9999
2.42678E-5 2.29462E-5 2.92964E-5 2.81525E-5 4.04409E-5 7.18945E-5 7.43854E-5 7.043E-5 1.19506E-4 1.47852E-4 2.09684E-4 1.73567E-4 9.41979E-5 7.95842E-5 7.52618E-5 6.72686E-5 7.04735E-5 6.54617E-5 7.85776E-5 1.77427E-4 2.62242E-4 3.0365E-4 4.51441E-4 5.04225E-4 4.62373E-4 4.21453E-4 2.6624E-4 1.9965E-4 1.43412E-4 1.25443E-4 1.30393E-4 1.30393E-4 1.17915E-4 1.29942E-4 1.16942E-4 9.14243E-5 9.07423E-5 -9999 -9999 -9999 -9999 -9999 -9999 -9999 -9999 -9999 -9999 -9999 -9999 -9999 -9999 -9999 -9999 -9999 -9999 -9999 -9999 -9999 -9999 -9999 -9999 -9999 -9999 -9999 -9999 -9999
4.76962E-5 5.38261E-5 3.93827E-5 4.12409E-5 6.63899E-5 8.6154E-5 1.017E-4 1.10021E-4 1.13651E-4 1.33677E-4 1.53132E-4 1.8053E-4 1.1512E-4 1.1268E-4 1.21181E-4 9.06559E-5 6.82585E-5 5.55517E-5 5.98928E-5 7.60665E-5 8.13251E-5 1.38184E-4 1.24768E-4 1.43877E-4 2.72536E-4 4.52325E-4 2.78819E-4 1.38303E-4 1.00875E-4 5.85942E-5 5.53288E-5 7.88513E-5 1.24747E-4 1.38598E-4 1.65514E-4 1.24659E-4 8.42363E-5 5.50168E-5 9.78208E-5 -9999 -9999 -9999 -9999 -9999 -9999 -9999 -9999 -9999 -9999 -9999 -9999 -9999 -9999 -9999 -9999 -9999 -9999 -9999 -9999 -9999 -9999 -9999 -9999 -9999 -9999 -9999
9.60613E-5 8.50217E-5 6.36942E-5 5.9287E-5 7.1107E-5 8.58983E-5 8.12097E-5 6.17875E-5 9.08168E-5 1.25469E-4 1.04431E-4 1.19965E-4 1.32254E-4 1.20139E-4 1.37968E-4 1.28733E-4 9.95825E-5 8.95182E-5 8.8501E-5 6.51239E-5 4.9982E-5 6.92693E-5 5.99555E-5 6.8275E-5 1.85676E-4 3.33827E-4 2.12839E-4 1.25896E-4 4.80082E-5 3.12265E-5 4.28082E-5 8.8539E-5 1.21345E-4 1.20746E-4 1.24482E-4 1.34148E-4 6.43738E-5 9.31488E-5 1.48178E-4 -9999 -9999 -9999 -9999 -9999 -9999 -9999 -9999 -9999 -9999 -9999 -9999 -9999 -9999 -9999 -9999 -9999 -9999 -9999 -9999 -9999 -9999 -9999 -9999 -9999 -9999 -9999
1.14319E-4 7.959E-5 6.81903E-5 6.71047E-5 7.29878E-5 9.16535E-5 6.44328E-5 2.7946E-5 5.47089E-5 8.70577E-5 5.23008E-5 4.48915E-5 1.00456E-4 8.46361E-5 8.6257E-5 1.38627E-4 1.58745E-4 1.50118E-4 1.19411E-4 8.2712E-5 5.61543E-5 4.21659E-5 4.6437E-5 5.46922E-5 1.23975E-4 2.0764E-4 9.31649E-5 1.12513E-4 1.03624E-4 7.15648E-5 5.54967E-5 1.07178E-4 9.34692E-5 1.04667E-4 1.22753E-4 1.17819E-4 6.62078E-5 1.28012E-4 1.46428E-4 1.50255E-4 1.15809E-4 1.26357E-4 1.58527E-4 -9999 -9999 -9999 -9999 -9999 -9999 -9999 -9999 -9999 -9999 -9999 -9999 -9999 -9999 -9999 -9999 -9999 -9999 -9999 -9999 -9999 -9999 -9999
8.44517E-5 7.53216E-5 4.80723E-5 5.71951E-5 9.90038E-5 1.27132E-4 7.77156E-5 3.71172E-5 3.21615E-5 3.66882E-5 2.54342E-5 4.29198E-5 6.58285E-5 4.98274E-5 5.18578E-5 1.01236E-4 1.58768E-4 1.55992E-4 1.16148E-4 9.27193E-5 6.56877E-5 4.21393E-5 3.89986E-5 4.78847E-5 5.66267E-5 8.8769E-5 5.95366E-5 9.12481E-5 8.37598E-5 7.10849E-5 5.25184E-5 5.22158E-5 5.65721E-5 6.60423E-5 7.79294E-5 6.9162E-5 6.0438E-5 1.11264E-4 1.05105E-4 6.62505E-5 1.20997E-4 1.55603E-4 1.65218E-4 1.80433E-4 3.08374E-4 -9999 -9999 -9999 -9999 -9999 -9999 -9999 -9999 -9999 -9999 -9999 -9999 -9999 -9999 -9999 -9999 -9999 -9999 -9999 -9999 -9999
6.75635E-5 7.32282E-5 4.78775E-5 8.79141E-5 1.51057E-4 1.52243E-4 1.15214E-4 8.2723E-5 3.88581E-5 2.83777E-5 2.71653E-5 3.04195E-5 3.352E-5 3.13199E-5 4.63316E-5 6.98877E-5 9.94755E-5 1.37101E-4 1.40892E-4 1.2074E-4 6.13205E-5 3.87901E-5 6.18856E-5 1.51612E-4 1.20798E-4 7.45343E-5 5.92868E-5 5.18347E-5 4.7511E-5 5.08893E-5 8.00547E-5 7.54546E-5 8.66796E-5 1.71683E-4 1.67996E-4 1.35433E-4 1.39509E-4 7.16172E-5 9.34819E-5 2.6289E-4 3.98003E-4 2.97328E-4 3.44143E-4 4.33695E-4 3.90102E-4 3.45253E-4 2.81518E-4 -9999 -9999 -9999 -9999 -9999 -9999 -9999 -9999 -9999 -9999 -9999 -9999 -9999 -9999 -9999 -9999 -9999 -9999 -9999
8.13166E-5 7.65346E-5 5.49296E-5 1.0241E-4 9.10946E-5 7.37746E-5 4.20951E-5 4.37758E-5 3.77977E-5 2.49681E-5 2.17829E-5 1.75547E-5 1.49002E-5 1.87323E-5 3.44749E-5 5.46112E-5 5.8856E-5 7.5274E-5 1.00272E-4 1.0525E-4 5.71476E-5 4.41998E-5 6.5737E-5 1.09622E-4 1.96334E-4 1.54113E-4 1.02961E-4 7.82944E-5 7.44998E-5 7.40883E-5 1.10392E-4 1.36363E-4 9.25473E-5 9.9576E-5 1.49989E-4 2.47407E-4 2.91824E-4 1.79861E-4 1.85107E-4 2.80913E-4 1.85023E-4 1.49461E-4 2.72641E-4 3.8408E-4 2.51719E-4 2.90168E-4 3.65508E-4 2.22467E-4 1.75731E-4 2.04187E-4 -9999 -9999 -9999 -9999 -9999 -9999 -9999 -9999 -9999 -9999 -9999 -9999 -9999 -9999 -9999 -9999
1.49355E-4 1.06174E-4 4.48023E-5 4.95821E-5 5.27067E-5 5.76427E-5 8.65406E-5 1.00904E-4 8.84392E-5 6.53768E-5 4.45994E-5 4.01858E-5 2.64757E-5 2.18892E-5 2.83765E-5 3.83066E-5 3.99595E-5 4.48365E-5 4.16215E-5 3.91484E-5 4.04057E-5 7.11483E-5 1.24519E-4 9.68817E-5 1.25596E-4 1.99672E-4 1.9315E-4 1.82863E-4 1.67117E-4 9.62817E-5 8.30515E-5 1.14729E-4 1.33363E-4 9.90688E-5 9.86916E-5 1.33671E-4 2.36749E-4 2.18495E-4 1.78204E-4 3.05206E-4 1.71025E-4 1.25373E-4 2.7223E-4 4.31562E-4 2.55351E-4 2.64973E-4 3.62865E-4 3.10875E-4 2.08439E-4 1.595E-4 1.90629E-4 1.54297E-4 1.7338E-4 1.26813E-4 6.27601E-5 4.22864E-5 2.93634E-5 1.58204E-5 -9999 9.1584E-6 -9999 -9999 -9999 -9999 -9999 -9999
1.26938E-4 1.61772E-4 9.79134E-5 1.19663E-4 8.45557E-5 6.23069E-5 7.33283E-5 1.22033E-4 1.96107E-4 1.82333E-4 1.21009E-4 8.22169E-5 5.51115E-5 6.56966E-5 6.83703E-5 5.61643E-5 5.33554E-5 5.33552E-5 4.63539E-5 5.95651E-5 1.19765E-4 3.04061E-4 3.45916E-4 1.46231E-4 1.06116E-4 1.54282E-4 1.85052E-4 2.20668E-4 1.85868E-4 1.35142E-4 1.22175E-4 9.50972E-5 8.31713E-5 9.42719E-5 9.83653E-5 1.04998E-4 1.36556E-4 1.68107E-4 1.03897E-4 1.59159E-4 1.86278E-4 1.23131E-4 3.03126E-4 3.48826E-4 2.2737E-4 2.07263E-4 2.87622E-4 4.57E-4 4.15439E-4 2.02743E-4 1.28477E-4 1.93675E-4 2.22493E-4 1.74277E-4 8.08806E-5 3.85598E-5 2.06838E-5 1.39762E-5 1.11735E-5 -9999 -9999 -9999 -9999 -9999 -9999 -9999
1.45415E-4 1.46753E-4 1.21511E-4 1.08259E-4 7.039E-5 6.21516E-5 5.73689E-5 5.7955E-5 1.19786E-4 1.39703E-4 1.33483E-4 1.04112E-4 8.10542E-5 9.35092E-5 9.15314E-5 7.7331E-5 7.67455E-5 7.41622E-5 7.10896E-5 1.16637E-4 2.88571E-4 4.62306E-4 2.08359E-4 1.10324E-4 9.59372E-5 1.48384E-4 1.80676E-4 1.77276E-4 1.59041E-4 1.57329E-4 1.72513E-4 1.5157E-4 1.12234E-4 1.24836E-4 1.17515E-4 8.57071E-5 7.85326E-5 1.1223E-4 1.11879E-4 1.05611E-4 1.34383E-4 1.28236E-4 1.84603E-4 2.86605E-4 2.05044E-4 1.91159E-4 2.73348E-4 4.17266E-4 4.88849E-4 2.49943E-4 1.03119E-4 1.18761E-4 1.93519E-4 2.16864E-4 1.59621E-4 6.87387E-5 2.79226E-5 2.26364E-5 1.75011E-5 -9999 -9999 -9999 -9999 -9999 -9999 -9999
1.69596E-4 1.27264E-4 5.38274E-5 5.10228E-5 4.94172E-5 6.42813E-5 8.1577E-5 8.20232E-5 1.15309E-4 1.29473E-4 1.12882E-4 9.30178E-5 9.25872E-5 1.14511E-4 1.21913E-4 9.6865E-5 9.83862E-5 1.01608E-4 1.13811E-4 2.07291E-4 3.36197E-4 2.27288E-4 1.10704E-4 7.54004E-5 1.05857E-4 9.90913E-5 9.9398E-5 1.2927E-4 1.57428E-4 1.83453E-4 1.88675E-4 1.77045E-4 1.43465E-4 1.45355E-4 1.21356E-4 7.92036E-5 6.22656E-5 7.32207E-5 1.00869E-4 1.43716E-4 1.70756E-4 1.46779E-4 1.39804E-4 1.94033E-4 1.79646E-4 2.28893E-4 2.53133E-4 3.19515E-4 4.16236E-4 2.99999E-4 1.14549E-4 1.16029E-4 1.76555E-4 2.13021E-4 2.20606E-4 1.0403E-4 4.58904E-5 3.91048E-5 2.7737E-5 1.74104E-5 -9999 -9999 -9999 -9999 -9999 -9999
1.38983E-4 9.38734E-5 4.62778E-5 3.70683E-5 4.26193E-5 6.24331E-5 9.4205E-5 1.50189E-4 1.73271E-4 1.74457E-4 1.11166E-4 9.08107E-5 7.97453E-5 1.06179E-4 9.88136E-5 1.13874E-4 1.19379E-4 1.3318E-4 1.46788E-4 1.74476E-4 2.15303E-4 1.64444E-4 1.02525E-4 7.13104E-5 1.0028E-4 1.20664E-4 9.29485E-5 9.72158E-5 1.16194E-4 1.19957E-4 1.13038E-4 1.16552E-4 1.26838E-4 1.39659E-4 1.23446E-4 8.99294E-5 6.04314E-5 6.49945E-5 9.24758E-5 1.66662E-4 2.30768E-4 1.84331E-4 1.28492E-4 1.49623E-4 2.15619E-4 2.278E-4 2.45346E-4 3.49743E-4 4.6944E-4 4.74837E-4 2.12547E-4 1.11859E-4 1.18632E-4 1.92231E-4 1.66828E-4 1.10045E-4 5.79016E-5 3.0054E-5 2.29476E-5 2.03679E-5 -9999 -9999 -9999 -9999 -9999 -9999
8.14474E-5 5.90229E-5 4.80556E-5 3.91067E-5 4.8604E-5 7.11949E-5 8.72182E-5 1.02684E-4 1.28473E-4 1.53777E-4 1.05187E-4 6.48984E-5 7.49506E-5 8.45369E-5 7.26371E-5 9.42034E-5 8.54318E-5 9.0937E-5 9.84264E-5 7.49907E-5 1.00256E-4 1.11559E-4 9.9584E-5 8.06638E-5 6.45589E-5 9.56588E-5 9.5423E-5 7.28546E-5 7.58942E-5 7.50382E-5 7.40274E-5 8.74051E-5 1.17123E-4 1.44619E-4 1.51295E-4 1.16039E-4 7.43955E-5 7.13661E-5 6.9955E-5 8.99855E-5 1.62122E-4 2.10981E-4 1.22263E-4 1.21248E-4 2.03079E-4 2.46489E-4 2.64012E-4 3.94046E-4 4.59483E-4 4.11097E-4 3.1333E-4 1.90325E-4 7.64598E-5 8.34562E-5 8.56243E-5 1.00276E-4 7.24504E-5 2.80689E-5 2.13053E-5 1.83858E-5 1.94302E-5 -9999 -9999 -9999 -9999 -9999
5.82011E-5 6.00575E-5 5.21307E-5 4.98835E-5 6.83997E-5 1.0854E-4 1.05098E-4 8.41702E-5 1.0216E-4 8.89924E-5 7.13321E-5 7.28498E-5 8.50644E-5 1.06797E-4 1.11869E-4 1.07054E-4 6.81149E-5 6.545E-5 6.49705E-5 4.60929E-5 6.4691E-5 8.17865E-5 9.92479E-5 7.61265E-5 5.7497E-5 7.19339E-5 6.99647E-5 6.11825E-5 5.64932E-5 5.93333E-5 6.07859E-5 7.56619E-5 1.08166E-4 1.25091E-4 1.35302E-4 1.23274E-4 1.18281E-4 1.00303E-4 7.27619E-5 5.48385E-5 1.03225E-4 1.73364E-4 1.3175E-4 1.23056E-4 1.56643E-4 1.80446E-4 1.8763E-4 2.32919E-4 2.361E-4 1.96517E-4 1.74471E-4 2.54092E-4 1.23122E-4 5.03413E-5 6.16393E-5 1.09089E-4 1.11928E-4 8.17735E-5 5.74918E-5 3.27514E-5 2.15512E-5 -9999 -9999 -9999 -9999 -9999
5.63378E-5 6.27808E-5 6.71932E-5 6.29452E-5 6.77525E-5 1.05318E-4 1.17597E-4 1.18393E-4 8.54238E-5 6.30442E-5 8.70724E-5 1.50061E-4 1.57044E-4 1.79333E-4 1.3728E-4 9.95881E-5 6.39756E-5 5.73575E-5 5.21626E-5 4.65384E-5 5.81206E-5 6.96362E-5 7.79684E-5 7.03053E-5 6.65377E-5 5.77173E-5 4.35923E-5 3.82188E-5 3.8379E-5 4.31067E-5 5.66352E-5 7.48228E-5 7.85799E-5 7.04021E-5 9.77131E-5 1.16136E-4 1.56955E-4 1.28683E-4 8.28384E-5 5.03575E-5 8.4475E-5 1.38963E-4 1.81691E-4 1.98495E-4 2.36576E-4 2.2314E-4 1.69444E-4 1.4681E-4 1.285E-4 1.0465E-4 9.49449E-5 1.38764E-4 1.30947E-4 6.3244E-5 3.75503E-5 8.2752E-5 1.48901E-4 1.92932E-4 1.28552E-4 6.99484E-5 3.43465E-5 2.16935E-5 -9999 -9999 -9999 -9999
6.06E-5 6.30066E-5 7.21066E-5 8.42786E-5 7.345E-5 8.05805E-5 8.36572E-5 9.25275E-5 5.42324E-5 4.0681E-5 8.60342E-5 1.90795E-4 1.61124E-4 1.51894E-4 8.82907E-5 8.0806E-5 6.92115E-5 7.07453E-5 5.62871E-5 5.72675E-5 7.55479E-5 8.15121E-5 7.30567E-5 7.20632E-5 6.70377E-5 5.17584E-5 5.17158E-5 5.74218E-5 4.43789E-5 3.33967E-5 3.8167E-5 4.85321E-5 6.32605E-5 6.66392E-5 7.76645E-5 9.03387E-5 1.40185E-4 1.34111E-4 8.00904E-5 6.22448E-5 6.90437E-5 1.0643E-4 1.11933E-4 1.59024E-4 1.90349E-4 2.37935E-4 2.12005E-4 1.62658E-4 1.71401E-4 1.1093E-4 7.54789E-5 5.90341E-5 5.17755E-5 4.6692E-5 3.5555E-5 6.26652E-5 1.46182E-4 2.27539E-4 1.51644E-4 8.18289E-5 4.34148E-5 2.94518E-5 -9999 -9999 -9999 -9999
5.69588E-5 6.46841E-5 6.56906E-5 8.93455E-5 8.69154E-5 6.1099E-5 5.13461E-5 5.44704E-5 5.03554E-5 6.045E-5 1.40146E-4 1.73878E-4 1.18547E-4 1.20468E-4 8.41171E-5 9.4838E-5 7.90149E-5 6.21424E-5 5.21719E-5 6.81179E-5 9.49792E-5 1.00626E-4 9.1186E-5 8.34162E-5 7.03476E-5 5.51341E-5 5.02216E-5 6.2173E-5 5.86296E-5 4.36674E-5 4.59079E-5 5.10443E-5 5.75758E-5 6.96607E-5 7.29521E-5 8.22526E-5 9.35394E-5 9.39871E-5 7.3175E-5 9.93878E-5 9.23033E-5 7.10584E-5 7.09334E-5 7.86201E-5 1.02427E-4 1.72663E-4 1.98386E-4 2.01629E-4 2.07227E-4 1.19989E-4 9.82155E-5 5.48424E-5 5.048E-5 4.52898E-5 4.52148E-5 5.6444E-5 1.19511E-4 2.19515E-4 2.55524E-4 1.65258E-4 8.2019E-5 3.95568E-5 4.71997E-5 4.92975E-5 -9999 -9999
6.14516E-5 5.92117E-5 5.39761E-5 7.16218E-5 8.04735E-5 8.16946E-5 7.70936E-5 6.81786E-5 7.03065E-5 8.01367E-5 1.18242E-4 1.37464E-4 8.71645E-5 9.83314E-5 1.08351E-4 8.01152E-5 6.58244E-5 5.24702E-5 5.49055E-5 6.6577E-5 9.15112E-5 1.16602E-4 1.22422E-4 1.29426E-4 1.06701E-4 8.08343E-5 5.46634E-5 4.65421E-5 4.52324E-5 4.98702E-5 6.54909E-5 6.64787E-5 8.82017E-5 1.17312E-4 1.31178E-4 1.49689E-4 1.05943E-4 1.23162E-4 8.83509E-5 7.22078E-5 8.22526E-5 7.54023E-5 5.84877E-5 4.74376E-5 5.0516E-5 9.76458E-5 1.54927E-4 1.89788E-4 1.79096E-4 1.25294E-4 1.03692E-4 9.99455E-5 1.16033E-4 6.45841E-5 6.27326E-5 6.34306E-5 8.2532E-5 1.78127E-4 2.80593E-4 2.57899E-4 1.55451E-4 5.50724E-5 5.6653E-5 7.25463E-5 7.69968E-5 3.47157E-5
