catData/variables/futureClimate2070/rcp85/HadGEM2-AO_rcp85bi70/bio17.asc
NCOLS 409 
NROWS 350 
XLLCORNER 60.897278365 
YLLCORNER 5.843756025 
CELLSIZE 0.0892857 
NODATA_value -9999 
[rows 270 to 296 of 350, columns 180 to 239 of 409]
3.19636990000008 4.65955986000035 5.99939328000017 7.94527346000086 10.0881302600002 13.0312182758765 14.6974678481106 12.9980503396537 9.66299241483828 8.95285215518426 8.99457931410121 10.533436190715 11.6120936815203 12.4731257937549 12.4027386680202 11.46477732 11.3540590495407 12.4389047173063 15.2410011149294 19.4480567528365 22.9266232194004 26.5843539683665 27.6345872761318 28.0884993800006 28.5580921233239 26.848682542865 26.2309798600004 29.5513034200007 31.1963699000001 31.4969732085372 30.1589117182523 27.1802891599989 24.1517454137831 21.3547342984514 19.0363298693129 17.2325792200002 16.3927398000002 -9999 -9999 -9999 -9999 -9999 -9999 -9999 -9999 -9999 -9999 -9999 -9999 -9999 -9999 -9999 -9999 -9999 -9999 -9999 -9999 -9999 -9999 -9999
4.44458978784094 5.80286666806773 7.07082168000011 9.01670186000079 11.1595586600001 13.0126733717007 13.5784913523905 11.6481799094484 9.97296825942563 10.5355966000001 10.6358738287581 11.4563415943009 12.5448663738831 12.6457324589669 13.1957607800004 12.9999232692166 13.6064158800003 15.5522936600008 17.6951504600001 21.600186754417 25.5577650096764 28.941705307534 31.3648043578592 32.7231594619508 33.8809613939581 31.5760704104002 29.0384629657749 31.4412126284142 32.1820161951818 30.5368196399998 29.1969814199998 26.6108344746833 24.3760475400001 23.2251548057346 20.6909003930404 19.37543602 18.4115583297144 -9999 -9999 -9999 -9999 -9999 -9999 -9999 -9999 -9999 -9999 -9999 -9999 -9999 -9999 -9999 -9999 -9999 -9999 -9999 -9999 -9999 -9999 -9999
6.67784668000051 7.50109852919826 8.20906980877988 9.79149286836212 11.5708925479432 12.6666448324751 13.0015688786801 13.0176801000002 13.0176801000002 13.1204733141485 13.7313573800004 14.3569068000002 15.3915215600006 16.167600811643 16.4715790637609 16.9443092366583 17.293568865848 18.2158958275171 20.2309822600001 23.7303719400004 27.0634928587509 31.6040004608327 35.2987601191727 38.065738760005 39.8231563204228 38.5543603616811 36.5291839349644 35.5684593383228 33.6973565399993 31.0581498949723 29.2638027770677 27.8443775667004 26.1075688237688 24.6670195241869 23.7800150907889 21.1790661200001 20.3764600245583 -9999 -9999 -9999 -9999 -9999 -9999 -9999 -9999 -9999 -9999 -9999 -9999 -9999 -9999 -9999 -9999 -9999 -9999 -9999 -9999 -9999 -9999 -9999
9.89213188000053 9.9315320903287 9.82131020000013 9.61846773051663 10.923655599906 12.0173085800001 13.1774739600008 15.1315454602809 16.0115205337709 16.9456425800006 18.0170709800004 19.0088253542401 20.286110446136 21.6420112800003 22.0532755000003 22.1840036318019 21.42894432 20.7166130175889 22.5343759600003 25.8732287400005 29.2649831000019 34.3017991400002 37.9378840826279 42.551679740001 44.8632995251976 44.1571106484521 41.2693952599996 38.6438434399998 36.2298878382169 32.7847256185268 30.2152730399997 29.4622140879833 28.4647797200001 26.799992543481 25.3072928245012 22.1847237610041 21 -9999 -9999 -9999 -9999 -9999 -9999 -9999 -9999 -9999 -9999 -9999 -9999 -9999 -9999 -9999 -9999 -9999 -9999 -9999 -9999 -9999 -9999 -9999
13.2702451645307 12.7146555199999 11.6720018567755 8.8900623906316 9.95368363224503 11.5352250800001 12.7381690938988 15.3203307600001 17.6864826400818 20.4132711731125 22.0012175261836 24.0350428592554 25.9277248800002 26.4315136692047 26.4462505 25.3619692084594 24.5482691846117 24.0246928823166 26.3119146307547 28.9885955638264 32.7685354462066 37.003951369969 41.2062358969616 46.209229003889 47.6031364216339 45.8773200022539 43.1795527553254 40.2190629432051 37.0195146599987 33.4525419054597 31.6861233552227 30.1860800593167 29.05412462 27.4660051599992 24.3832284598965 22.7568896129684 -9999 -9999 -9999 -9999 -9999 -9999 -9999 -9999 -9999 -9999 -9999 -9999 -9999 -9999 -9999 -9999 -9999 -9999 -9999 -9999 -9999 -9999 -9999 -9999
16.1070238000002 14.5655357651792 12.3939532399998 8.50219287999846 8.4223242443958 10.4637966800001 11.7618160144013 15.4089842037982 18.3516971068047 21.9414971251888 25.2704506639844 28.304885218611 30.1778430800004 30.3976721801861 29.8486388704164 27.7924053410182 26.6625421316203 26.1630806577776 28.9446571400002 33.8176258668536 37.0249707319447 41.2309071892615 44.433926845699 47.438314505835 47.9048532635632 45.8614488470381 43.1255436776402 39.8639136117566 36.1005953588431 32.776503221106 32 30.2511060399993 28.5305713412529 26.9576665081444 24.4647797199998 23.3047005330592 -9999 -9999 -9999 -9999 -9999 -9999 -9999 -9999 -9999 -9999 -9999 -9999 -9999 -9999 -9999 -9999 -9999 -9999 -9999 -9999 -9999 -9999 -9999 -9999
17 14.8052150599996 12.3939532399998 7.95571272226945 7.37505969999995 10.0173085800001 11.3549479200015 15.6806837412539 19.7999296536492 22.8370290200012 27.356751877801 31.9775817905758 33.9954364215013 33.5068961850262 32.1771532193011 29.8873642464228 28.4468596199999 28.7963592578724 32.3035713835968 37.9310639186426 41.4020129548646 44.3700219584599 45.3184519735058 46.4887102077809 46.1416634620561 43.7875493599992 40.5732641599994 37.7269021751168 34.9345956816822 32.5368196399998 30.9963226554181 30.0941797560303 28.6993648837399 26.9653924399995 24.9112678199997 -9999 -9999 -9999 -9999 -9999 -9999 -9999 -9999 -9999 -9999 -9999 -9999 -9999 -9999 -9999 -9999 -9999 -9999 -9999 -9999 -9999 -9999 -9999 -9999 -9999
16.0805613138034 13.9219375051488 12.2567848872001 10.6724453462559 9.16448079739527 12.0702552199396 11.4167415754063 16.608729757456 21.8559249600004 24.8158412815592 29.9613590000006 35.0080048343412 37.235666687711 35.2704388107138 31.7602362963726 30.1629937877284 29.7561776959153 30.5708180800004 35.1385595000176 40.4499106379318 43.7502538917609 44.3036313 44.3739496917783 44.1852356194538 42.4656288399998 40.1873899543745 37.7192139564257 35.0198203415224 33.0502863405277 31.6535387425792 30.8159881492608 30.6963687 29.0918153112674 26.9774422507834 -9999 -9999 -9999 -9999 -9999 -9999 -9999 -9999 -9999 -9999 -9999 -9999 -9999 -9999 -9999 -9999 -9999 -9999 -9999 -9999 -9999 -9999 -9999 -9999 -9999 -9999
15.9256177112817 14.3046071399998 11.115096652811 9.12160271845137 7.76329529915113 13.7996273276459 15.9142035081884 19.9092061657163 24.9443958926629 28.120980197922 32.1203450305833 35.5242792566155 36.4644057999998 34.5614923045501 32.1121626087832 31.5355942000002 31.5355942000002 32.4100435800005 35.8124986671232 40.2575461703679 41.6966086999997 41.8195813715711 42.2865906100505 41.3232268483261 39.7155094399996 37.9149953850815 35.4032224130801 32.3824363418366 31.3111143202146 31.0623255385924 31 31 29.8344896137255 27.7372075278966 -9999 -9999 -9999 -9999 -9999 -9999 -9999 -9999 -9999 -9999 -9999 -9999 -9999 -9999 -9999 -9999 -9999 -9999 -9999 -9999 -9999 -9999 -9999 -9999 -9999 -9999
17.124422371816 15.3760355399998 12.301049677592 8.46182297540581 7.84792658700061 11.5342492400003 14.8974751128197 20.2304311422268 26.9227256516357 31.426743040001 34.7012303447747 36.0017509502097 35.1607745 35.3708954773536 34.8575123199998 33.9037053512532 34.3523666834513 35.3921258800004 36.7677003342813 38.3388551800001 39.3215489999999 39.3472991230279 39.4450895116761 38.7642272936191 36.7334271399997 35.0364469199997 32.4131035799992 29.798936805197 28.7675244000982 29.7102617692113 30.8346881693099 31 30.05412462 -9999 -9999 -9999 -9999 -9999 -9999 -9999 -9999 -9999 -9999 -9999 -9999 -9999 -9999 -9999 -9999 -9999 -9999 -9999 -9999 -9999 -9999 -9999 -9999 -9999 -9999 -9999
16.7208921614536 15.5368100399997 14.7847589783646 11.2341545799986 9.00922275030056 12.0098660176422 17.8438744692673 21.4693772438266 30.3787809420553 33.4544260099972 34.6700261158629 34.5944046361952 35.471087983096 37.5716587482532 36.268254264527 34.9346350561881 36.4449490672193 36.8994364417505 39.5792662585608 41.6126419590667 39.8298474086578 38.8541469576273 37.8784465065963 36.5726526399994 34.7707885354648 33.2374302735039 30.5805580775259 27.9644803714425 27.1197093195879 28.5525264600001 29.8923646800002 30.8856646526805 30.915489723711 -9999 -9999 -9999 -9999 -9999 -9999 -9999 -9999 -9999 -9999 -9999 -9999 -9999 -9999 -9999 -9999 -9999 -9999 -9999 -9999 -9999 -9999 -9999 -9999 -9999 -9999 -9999
16.6601665800003 19.1292424431351 24.6422217879066 15.4348292572639 14.8412830880971 18.9104337797765 21.4723089296564 28.0043431456888 34.3956663878727 35.9571058210295 35.60763172 34.5521815715997 34.5352250800001 35.6277510621704 36.006438605088 36.7005664236296 39.3588392509876 44.2401531917225 43.9785724371953 47.9088697191766 48.0528488366704 39.5073328644535 37.0137681151305 36.6915508024877 35.2398951901547 32.6703593427968 29.4660027599994 26.8404509399996 26.0179176999999 26.7626162933681 29.4161146479788 30.8744469800003 31.9289274687039 -9999 -9999 -9999 -9999 -9999 -9999 -9999 -9999 -9999 -9999 -9999 -9999 -9999 -9999 -9999 -9999 -9999 -9999 -9999 -9999 -9999 -9999 -9999 -9999 -9999 -9999 -9999
17.7490032558127 24.7305243794974 34.3877425200007 23.0437553999942 18.4747356916435 22.2523647369274 24.8432802325075 30.5313686968014 38.6947813400006 40.3939556399994 37.8766482599997 35.1082420399995 34 43.1145696733255 48.5388253409057 43.8205473442817 49.0650401724571 49.0303401384378 49.2921030212223 52.9311814025805 42.423578318978 37.0449402668261 36.7808012368574 35.7342761194581 34.2310666557743 32.0308769720902 29.3964263631861 26.8540367752769 26.0535107 27.4775431573552 30.4520258263294 32.8491969300133 33.9516678726069 -9999 -9999 -9999 -9999 -9999 -9999 -9999 -9999 -9999 -9999 -9999 -9999 -9999 -9999 -9999 -9999 -9999 -9999 -9999 -9999 -9999 -9999 -9999 -9999 -9999 -9999 -9999
20.3174096150671 28.3489968816361 38.2267232200012 26.5549764448346 24.5065180816032 27.4716940247789 32.8886023831641 32.8107595047156 38.9538581662454 40.344735176898 37.95480384154 35.0525343215293 33.8104289815193 46.2615459131972 49.9672674835126 46.3696291325587 45.2977949385217 45.2342531867949 55.4177187112598 54.6565672156595 41.8727670428705 37.8598476385745 37.06706946283 36.2690213399994 33.7517163599997 30.5931385786156 28.4826950199998 27.5583782572743 27.3323582186478 28.1064074800002 31.4865632013324 34.6547139026431 -9999 -9999 -9999 -9999 -9999 -9999 -9999 -9999 -9999 -9999 -9999 -9999 -9999 -9999 -9999 -9999 -9999 -9999 -9999 -9999 -9999 -9999 -9999 -9999 -9999 -9999 -9999 -9999
29.453216965392 37.4188249338262 44.4328350164178 32.4610041086321 29.9965400724933 38.5922761567526 39.6245468545999 38.3003264189719 40.8593612031882 40.333231292069 38.6985651799996 34.9462867006046 32.7738452630578 33.4894476332793 35.7130633600008 38.4438517340473 39.0386802777098 44.7936009696117 58.3448564654643 51.1083785417081 42.5903025458268 38.1334658920498 37.3404497399992 35.1975929399994 32.7538174129858 30.1958025093228 28.7806444056602 29.0970764819976 30.1196299616664 31.1243251800003 33.4864172379843 35.0461599473456 -9999 -9999 -9999 -9999 -9999 -9999 -9999 -9999 -9999 -9999 -9999 -9999 -9999 -9999 -9999 -9999 -9999 -9999 -9999 -9999 -9999 -9999 -9999 -9999 -9999 -9999 -9999 -9999
38.9145406249459 43.1434015394775 40.1147243638403 37.5099553657261 38.7202817481906 44.1159366537935 39.6417755617333 40.775095732086 41.2315937800002 41.7781259174129 39.8702699100762 36.5244292772593 34.2331811399996 35.5069863242019 38.3915119600006 40.1425337732113 39.9476165460578 40.6778370800003 42.1212078916894 39.7195324440486 39.0237627567123 38.9903609293757 37.0103898179599 34.6617563399995 32.6191752273663 31.0897152199998 30.5355918 31.3977377892859 32.3535772360416 33.2671819800001 34.3386103800002 35.8161391279777 -9999 -9999 -9999 -9999 -9999 -9999 -9999 -9999 -9999 -9999 -9999 -9999 -9999 -9999 -9999 -9999 -9999 -9999 -9999 -9999 -9999 -9999 -9999 -9999 -9999 -9999 -9999 -9999
47.0197086847355 38.7897283300519 37.53620092 37.917040787046 40.8376405400001 41.6375956290652 40.2629161599242 39.82094108 40.8923694800001 41.763568186895 41.0036709958848 38.0015873599993 35.4800927738651 36.8128689000117 39.848150591846 42.3803206658502 42.4728644403483 42.9170392011843 41.1249608434183 39.6843192767964 40.0763065542142 40.626947969553 39.740684483766 36.9872902672431 34.8554270982534 33.57179632 32.8421904802731 33.0778739374346 34.2293349245863 35.4100387800002 36.4814671800004 37.2717159293557 -9999 -9999 -9999 -9999 -9999 -9999 -9999 -9999 -9999 -9999 -9999 -9999 -9999 -9999 -9999 -9999 -9999 -9999 -9999 -9999 -9999 -9999 -9999 -9999 -9999 -9999 -9999 -9999
54.0284709840044 39.504783606156 37.4565602008396 37.1786945999998 38.8510503906192 38.9192271551095 37.3938292804267 37.9939796257434 39.41028838 40.4817167800001 40.4297934399996 38.2072604740199 36.0578252753457 35.0734906952871 39.6914745696055 49.9315492744952 46.9094438032816 46.1821061978216 46.2852216000007 41.8386115800003 42.8941835897212 43.8027737800004 44.2745316654935 42.1442041599996 39.1505989838731 37.1967342200001 36.1253058200002 36.3365476558461 36.8213054000002 38.1537545454214 39.7753911280278 41.083969433313 43.8501807840184 -9999 -9999 -9999 -9999 -9999 -9999 -9999 -9999 -9999 -9999 -9999 -9999 -9999 -9999 -9999 -9999 -9999 -9999 -9999 -9999 -9999 -9999 -9999 -9999 -9999 -9999 -9999
43.9886275464144 37.2746886672865 34.4656288399998 34.0716755999999 34.0716755999999 34.0543670199998 33.1604125800003 34.4692190625724 36.8969974642158 38.1927787141413 37.8048555399997 36.3228275491451 34.9826838815766 34.58873578 42.6273763177785 62.1387944929029 52.3272429637424 49.4237066219909 52.2896955038878 47.3059781862527 45.5809351960661 47.1243251800001 47.8442166472208 46.6832640688636 43.8049798599998 41.4824478199998 39.912253512412 38.9641622 39.2824137170806 41.2883280412766 43.9573194403674 44.4462433 44.9361300363467 -9999 -9999 -9999 -9999 -9999 -9999 -9999 -9999 -9999 -9999 -9999 -9999 -9999 -9999 -9999 -9999 -9999 -9999 -9999 -9999 -9999 -9999 -9999 -9999 -9999 -9999 -9999
37.4934738608351 32.4259128715812 30.5153678791038 30.3394714999997 30.3394714999997 30.8852528834613 30.5352274800003 31.8383335805989 34.3561685600002 36.0607066553407 35.9048512933103 35 34.7690271692501 35.1422452800001 42.520558445193 59.3809235694489 48.9786811501589 46.2004845781983 49.9205288317238 49.7569059102317 48.1957535800005 49.2671819800002 50.1070190000002 49.6687037669178 47.53718396 44.7210580742847 42.0015945599996 40.5535095000001 41.2136712800005 43.8265740894739 46.6251058272942 47.1070190000002 46.0599169827078 -9999 -9999 -9999 -9999 -9999 -9999 -9999 -9999 -9999 -9999 -9999 -9999 -9999 -9999 -9999 -9999 -9999 -9999 -9999 -9999 -9999 -9999 -9999 -9999 -9999 -9999 -9999
31.6472072961542 28.4882713409031 27.7501242 27.7501242 27.7501242 29.3750621 29.5192541819341 31.2202373437702 32.8382496600004 34.6780842800003 35.0006115199999 34.6537087734155 35.3232849877118 36.21367368 40.1736893332617 45.9332158045932 44.3638294081477 44.827360100807 46.89175556 48.0281214677864 49.7136724800004 50.885192796379 52.1051455693245 51.1325495750279 48.8766554599997 45.6623702599993 42.4480850599995 40.6320781978428 41.8603441129079 45.5512986200003 48.7328118050467 48.1569256813145 46.10824924 -9999 -9999 -9999 -9999 -9999 -9999 -9999 -9999 -9999 -9999 -9999 -9999 -9999 -9999 -9999 -9999 -9999 -9999 -9999 -9999 -9999 -9999 -9999 -9999 -9999 -9999 -9999
28.1534705773959 26.653535529321 25.7444352800558 26.8251449011346 27 28.3156868118129 29.1774739600008 31.1601653800001 32.4631875600004 34.0920077456955 34.4506926498549 34.8317501844497 35.8775428061736 37.6950778367963 39.2533448725813 41.1595514600002 43.5462324913356 44.2655123007122 46.19538926 48.0346123600002 50.0887345800003 51.0972617564409 51.5369484524023 50.908606903025 49.1374085536482 46.3587365599994 43.1444513599995 41.1076329199999 41.7574228077207 46.2489039135263 48.9870318852286 47.5547397399993 45.41188294 -9999 -9999 -9999 -9999 -9999 -9999 -9999 -9999 -9999 -9999 -9999 -9999 -9999 -9999 -9999 -9999 -9999 -9999 -9999 -9999 -9999 -9999 -9999 -9999 -9999 -9999 -9999
27.078911121241 26.2684050199999 26.4300908102804 26.9416940758211 27 28.0173085800001 29.1774739600008 31.1601653800001 32.4631875600004 34.4653176475734 35.6225388092643 36.1101382176858 37.1730182953655 37.5891816252468 38.6314453385342 41.2571033654836 42.9894867075674 43.9036028993825 45.1655156136681 47.2668176600001 49.1165500593072 47.9288211999996 48.4622651023895 50.3944994821584 50.0188983399999 48.4571899849345 47.3136319038555 45.113982082246 44.7313405800009 47.7755866916724 48.9542598702745 46.579710283324 43.6142164363753 -9999 -9999 -9999 -9999 -9999 -9999 -9999 -9999 -9999 -9999 -9999 -9999 -9999 -9999 -9999 -9999 -9999 -9999 -9999 -9999 -9999 -9999 -9999 -9999 -9999 -9999 -9999
26.1607769 26.04315332706 26.8030233800001 26.2661398663876 26.1607769 27.1926112401644 29.1774739600008 31.2945798667164 33.4967695099929 36.5387937732692 38.8319168765445 38.6801955605383 37.0541215707103 35.73281802 36.6418821600006 39.5163315400003 42.4724022924019 43.1405912605234 44.10665468 46.1808655139714 47.0696165306942 44.6167431725809 46.016327940001 49.1331759782665 50.8795947648179 50.6784462 51.0294097979222 50.578849564474 49.5874543489735 50.3237281824218 49.3306227158693 45.6428029546575 43.1169512286173 -9999 -9999 -9999 -9999 -9999 -9999 -9999 -9999 -9999 -9999 -9999 -9999 -9999 -9999 -9999 -9999 -9999 -9999 -9999 -9999 -9999 -9999 -9999 -9999 -9999 -9999 -9999
26.3094698136728 26.6662280659296 26.9824004344679 25.3292273948645 25.9507157047373 27.9295065756603 29.1774739600008 31.6120404470904 35.5160843400007 39.0063171427515 41.0834231329413 38.7022016780438 36.0547337399996 35.0367458411606 36.3203283600006 39.1947777400003 43.1403351999694 46.2996074187144 47.5884837800002 47.8228492812238 47.7252540383782 45.8356133220186 46.3945266024167 49.1850047571877 52.5926350935788 54.1379926763923 55.1599109800004 54.5177416844028 53.0717927199997 52.7973209851978 51.9465359144048 46.6415336719832 42.2961750727799 -9999 -9999 -9999 -9999 -9999 -9999 -9999 -9999 -9999 -9999 -9999 -9999 -9999 -9999 -9999 -9999 -9999 -9999 -9999 -9999 -9999 -9999 -9999 -9999 -9999 -9999 -9999
29.2860731200001 28.9593499552014 28.175526679272 27.0919578566571 27.9100399800003 29.0163868885159 31.2287805644461 34.4296060196267 37.6589411400008 40.2834725433039 39.9012785518381 36.698203259999 34.0012254399994 33.0358401999997 35.0045025318787 39.6496625756149 45.7714253474743 50.4283669996674 51.8741973800005 49.9641598000003 49.7866906399996 47.9641598000003 48.4273425600009 50.8786492847606 54.09871429117 56.8479228070995 58.4635446800006 57.7687729400001 55.6377463051132 54.2456797891847 53.9676897267448 50.4350315253466 47.0737432786035 -9999 -9999 -9999 -9999 -9999 -9999 -9999 -9999 -9999 -9999 -9999 -9999 -9999 -9999 -9999 -9999 -9999 -9999 -9999 -9999 -9999 -9999 -9999 -9999 -9999 -9999 -9999
34.0007166399993 32.5111620126631 31.3680414040758 30.2860731199996 29.3664820413064 33.194215907309 35.3684793750542 38.3738390600001 40.2727098905418 40.7131920217138 38.9501927739695 35.7693796599992 34.0793363615187 32.3503054614739 34.3906972740161 41.1355100847523 46.9291683249928 50.4695412402412 51.7347405679845 50.8948354485426 51.004748036527 50.9019153687827 50.3510000410388 52.0695842400008 55.6583176200003 59.5458708356119 62.3021514600003 62.7418123646339 61.0895586745719 59.6573300731714 58.5715395199997 56.6724543113392 55.5328032035956 -9999 -9999 -9999 -9999 -9999 -9999 -9999 -9999 -9999 -9999 -9999 -9999 -9999 -9999 -9999 -9999 -9999 -9999 -9999 -9999 -9999 -9999 -9999 -9999 -9999 -9999 -9999
