catData/variables/futureClimate2070/rcp85/HadGEM2-AO_rcp85bi70/bio16.asc
NCOLS 409 
NROWS 350 
XLLCORNER 60.897278365 
YLLCORNER 5.843756025 
CELLSIZE 0.0892857 
NODATA_value -9999 
[rows 75 to 99 of 350, columns 224 to 279 of 409]
-9999 -9999 -9999 -9999 -9999 405.492368306849 410.283827642643 418.940124684359 421.233777311511 404.120750862071 381.955054409281 377.373978229988 374.510957108739 368.725319299221 -9999 -9999 -9999 -9999 -9999 -9999 -9999 -9999 -9999 -9999 -9999 -9999 -9999 -9999 -9999 -9999 -9999 -9999 -9999 -9999 -9999 -9999 -9999 -9999 -9999 -9999 -9999 -9999 -9999 -9999 -9999 -9999 -9999 -9999 -9999 -9999 -9999 -9999 -9999 -9999 -9999 -9999
497.701675521965 -9999 -9999 -9999 -9999 427.061473912158 446.165533660469 439.892449565264 437.549684685091 425.768550215365 397.426771442567 397.673520268017 399.53195656098 375.2432605456 364.045829329582 -9999 -9999 -9999 -9999 -9999 -9999 -9999 -9999 -9999 -9999 -9999 -9999 -9999 -9999 -9999 -9999 -9999 -9999 -9999 -9999 -9999 -9999 -9999 -9999 -9999 -9999 -9999 -9999 -9999 -9999 -9999 -9999 -9999 -9999 -9999 -9999 -9999 -9999 -9999 -9999 -9999
554.097338854594 506.046538861068 -9999 -9999 496.083789009955 479.842161147253 498.388173198072 480.109578770686 454.744601044955 436.869942351513 412.910186315301 416.615394713097 428.089667662509 398.181597816735 367.447614492191 -9999 -9999 -9999 -9999 -9999 -9999 -9999 -9999 -9999 -9999 -9999 -9999 -9999 -9999 -9999 -9999 -9999 -9999 -9999 -9999 -9999 -9999 -9999 -9999 -9999 -9999 -9999 -9999 -9999 -9999 -9999 -9999 -9999 -9999 -9999 -9999 -9999 -9999 -9999 -9999 -9999
619.889204040897 544.114108983767 485.386605717229 510.219567536119 495.517965452528 507.066422452829 503.050451940808 512.554041064846 504.023830621122 488.553581689082 463.054742024277 448.816878705375 451.804880376414 419.705072759991 386.458622197469 381.807539365336 -9999 -9999 -9999 -9999 -9999 -9999 -9999 -9999 -9999 -9999 -9999 -9999 -9999 -9999 -9999 -9999 -9999 -9999 -9999 -9999 -9999 -9999 -9999 -9999 -9999 -9999 -9999 -9999 -9999 -9999 -9999 -9999 -9999 -9999 -9999 -9999 -9999 -9999 -9999 -9999
660.204418766105 547.398825898967 502.111053064278 523.387483165397 507.361784739131 507.988340046222 492.996192794057 515.421291509726 523.026109495969 523.439131941162 524.646201310432 500.318848346735 475.567018644951 444.526126519008 414.422651848499 407.303833559986 396.630152620001 372.310497697331 365.89471934459 -9999 -9999 -9999 -9999 -9999 -9999 -9999 -9999 -9999 -9999 -9999 -9999 -9999 -9999 -9999 -9999 -9999 -9999 -9999 -9999 -9999 -9999 -9999 -9999 -9999 -9999 -9999 -9999 -9999 -9999 -9999 -9999 -9999 -9999 -9999 -9999 -9999
675.108732068437 538.825771903964 546.459686678127 569.588960500545 556.361595591113 509.871493276917 492.985547228546 512.874377884289 522.990148795749 523.454674148172 539.988020528961 527.343996299893 492.337179616807 472.561914385578 446.488255466079 451.804339874714 410.456253529721 385.648544424949 384.104719248378 352.533460150264 -9999 -9999 -9999 -9999 -9999 -9999 -9999 -9999 -9999 -9999 -9999 -9999 -9999 -9999 -9999 -9999 -9999 -9999 -9999 -9999 -9999 -9999 -9999 -9999 -9999 -9999 -9999 -9999 -9999 -9999 -9999 -9999 -9999 -9999 -9999 -9999
733.955612458961 613.689911666885 583.324962198356 596.158901903109 608.432784783039 547.67536666815 537.705584054372 517.166673284116 544.140906112088 544.112928222832 547.177313043151 546.569073915631 527.398463449256 507.753253520822 487.712696583264 471.407456418388 407.179737120005 400.528564748117 417.729075881918 365.128376149647 342.241344301659 -9999 -9999 -9999 -9999 -9999 -9999 -9999 -9999 -9999 -9999 -9999 -9999 -9999 -9999 -9999 -9999 -9999 -9999 -9999 -9999 -9999 -9999 -9999 -9999 -9999 -9999 -9999 -9999 -9999 -9999 -9999 -9999 -9999 -9999 -9999
728.960555263598 667.734070334229 638.039909505647 655.494261405053 693.120771279955 633.474141203829 565.00270762829 540.946500842057 578.757821417424 572.054551736298 555.655183048166 553.604313222308 546.752323172757 520.486987337901 484.48054371824 460.03408697178 427.737162349788 435.696873591015 429.77849764627 376.313411017996 359.160067557457 338.118527963074 -9999 -9999 -9999 -9999 -9999 -9999 -9999 -9999 -9999 -9999 -9999 -9999 -9999 -9999 -9999 -9999 -9999 -9999 -9999 -9999 -9999 -9999 -9999 -9999 -9999 -9999 -9999 -9999 -9999 -9999 -9999 -9999 -9999 -9999
860.633532529661 733.179888715836 786.584332026361 808.063406256306 810.27704206099 667.18441630009 597.800849081127 575.821420185748 595.667688113796 600.171736845569 576.880870397058 560.621461019853 543.959809939485 523.936139384243 499.366653681223 496.533241827732 468.206796511441 473.085971398666 443.066944786482 396.795985429391 388.527390482774 355.742043165894 346.48504842061 332.264317881349 -9999 -9999 -9999 -9999 -9999 -9999 -9999 -9999 -9999 -9999 -9999 -9999 -9999 -9999 -9999 -9999 -9999 -9999 -9999 -9999 -9999 -9999 -9999 -9999 -9999 -9999 -9999 -9999 -9999 -9999 -9999 -9999
953.580274684832 947.321544571507 916.640338053156 967.008873601258 754.54565825425 671.222708681936 664.92131627559 608.33144117781 603.973446335684 591.275056283025 567.184281914194 535.309784311708 517.874060537785 523.115722183962 522.674826131928 503.123533696028 491.713516785595 470.443927763634 449.038156382567 436.285436901332 412.330817711686 382.943010091591 376.636158180185 355.631656886998 334.139575381783 317.42868965561 -9999 -9999 -9999 -9999 -9999 -9999 -9999 -9999 -9999 -9999 -9999 -9999 -9999 -9999 -9999 -9999 -9999 -9999 -9999 -9999 -9999 -9999 -9999 -9999 -9999 -9999 -9999 -9999 -9999 -9999
1138.00295005049 1061.08384163282 975.498747454929 821.060987507939 718.255194918665 757.632227084906 742.961083175729 631.059349455086 609.419544225738 584.269250480509 554.448299740717 536.336538613618 524.218293499659 516.269402120171 509.457494156228 501.040390377735 464.581315325236 428.43913180662 408.177179785394 382.837987050372 391.05317817126 401.761137861943 379.147729298678 353.403835386157 345.171636832952 328.449545847253 309.353485272615 -9999 -9999 -9999 -9999 -9999 -9999 -9999 -9999 -9999 -9999 -9999 -9999 -9999 -9999 -9999 -9999 -9999 -9999 -9999 -9999 -9999 -9999 -9999 -9999 -9999 -9999 -9999 -9999 -9999
1044.40931383287 906.559709987602 786.558141303168 854.491522627796 884.528977308389 834.354507921709 674.133192700764 622.177383214871 603.427414035236 579.616189252337 548.436873032193 533.686553685289 522.985706723685 521.870257122315 518.512773035557 509.875505746508 495.002931924775 461.079086131595 417.319428901763 386.958185261739 368.36316618067 366.612826037565 364.894834618346 350.735814230744 338.375210749912 324.453454815998 311.183894165119 300.098847918556 291.496556557765 -9999 -9999 -9999 -9999 252.998372001252 -9999 -9999 -9999 -9999 -9999 -9999 -9999 -9999 -9999 -9999 -9999 -9999 -9999 -9999 -9999 -9999 -9999 -9999 -9999 -9999 -9999 -9999
1109.05522181756 1044.65664274779 981.427921537656 995.292365041542 940.361771969332 771.010343420367 670.673972597569 645.994286362675 630.75429066532 591.255572743596 563.464287254256 540.928916122096 527.77920187914 522.134557942409 511.992203120446 506.595575558628 499.267244239534 476.261523239751 419.858533403879 413.580840261732 390.425477934454 374.757372918717 366.463526423919 350.20811945654 338.796644718373 325.61868176055 313.690870999716 303.025543500285 293.950827059999 -9999 -9999 270.715246817573 267.341562497837 248.110743855624 223.096635922222 223.492720804187 -9999 -9999 -9999 -9999 -9999 -9999 -9999 -9999 -9999 -9999 -9999 -9999 -9999 -9999 -9999 -9999 -9999 -9999 -9999 -9999
1104.92943901894 1122.11392239016 1060.72876306958 1020.16655276878 974.189637561336 856.796153273576 762.786228792243 728.021043659799 689.554017788277 608.808559127861 572.014610822138 548.393248552841 536.559373732504 534.164875866113 525.59124959322 514.492374143765 506.187720558958 488.887964378932 441.328558353877 441.362115079557 413.335611032326 384.550571200516 379.021267211073 362.570436409928 342.422722658113 328.309616419999 316.523904019996 305.626622771947 296.575908959999 288.878921539997 281.936231393021 276.623141045322 265.109764650269 235.186373740009 202.894778277993 212.64748670332 225.174428228046 -9999 -9999 -9999 -9999 -9999 -9999 -9999 -9999 -9999 -9999 -9999 -9999 -9999 -9999 -9999 -9999 -9999 -9999 -9999
1053.03651935264 1151.89354639861 1141.53120429834 1088.56085531913 1035.64648836214 956.4772165527 889.846914124372 806.174537048492 719.81981237948 626.904014851603 581.75990578288 578.225139060525 565.449527435492 551.204800407736 534.734527750283 519.950685182931 509.250218495805 508.689947956098 516.817251931745 473.224044806127 441.003581347682 425.635647522215 397.885828810941 364.322353906882 345.323078525766 333.19361330472 320.900638248912 307.952618267484 297.5376755508 289.916610809055 285.541176681715 280.049771913759 263.47657547827 215.999222673155 196.164395277548 214.538253565027 227.689881196365 -9999 -9999 -9999 -9999 -9999 -9999 -9999 -9999 -9999 -9999 -9999 -9999 -9999 -9999 -9999 -9999 -9999 -9999 -9999
1220.61453157875 1230.7333322811 1238.82363798849 1183.80345583323 1138.92891357916 1074.13739065497 1006.65585786461 899.637638225041 769.680962977168 673.76442971101 627.291187982874 600.163961719349 582.605518729289 569.17496157472 571.177861344304 582.916281301842 520.480087262462 531.354516690819 627.826910225974 552.283754593354 529.0725206394 516.349063880619 448.540761676102 381.705538070999 353.34211440741 339.653852987501 326.337655096482 312.838220687177 302.957984310093 295.255958509679 288.970054740611 279.167018496348 247.410795592533 198.581718122548 202.101511908034 226.485261571861 -9999 -9999 -9999 -9999 -9999 -9999 -9999 -9999 -9999 -9999 -9999 -9999 -9999 -9999 -9999 -9999 -9999 -9999 -9999 -9999
1409.14292341717 1389.06199446664 1338.55907036459 1283.71684514419 1221.21508015922 1180.97325200503 1132.08054043093 1130.66996801884 1058.32785150733 914.87531002804 747.677861741101 645.224183082324 630.11147265478 631.047421328313 639.889158297939 704.679984300375 614.818028969657 685.944297008043 700.963359274371 567.700821075797 497.031546621132 491.218773338658 486.49858821024 416.081853200336 370.092932583135 345.688072970803 330.204090010554 314.232383761598 311.032263420081 303.415532379996 287.607934285548 265.803158101791 212.621828035255 211.801220775322 229.283397565617 239.941452690943 243.513430960009 235.957172159382 -9999 -9999 -9999 -9999 -9999 -9999 -9999 -9999 -9999 -9999 -9999 -9999 -9999 -9999 -9999 -9999 -9999 -9999
1525.57225716323 1498.62389206796 1444.99511899196 1397.34662250444 1318.45816612226 1267.18825954 1231.78421845285 1223.98102730739 1220.78286118873 1137.49599818894 919.788442450106 803.573513228221 839.376600529662 849.051269485843 760.795853791647 908.446108344353 892.389401534786 803.881158976771 659.74654169954 488.711752110667 468.385702860772 439.030509357308 431.439020185201 411.404978195661 379.703581772576 353.900370687833 337.624057901865 324.199437424639 319.32526534039 311.022730179996 287.259520424637 232.160038039614 203.715071445784 238.77387808374 254.637704998048 251.703401951335 245.998410938325 235.370486916366 231.832569183283 -9999 -9999 -9999 -9999 -9999 -9999 -9999 -9999 -9999 -9999 -9999 -9999 -9999 -9999 -9999 -9999 -9999
1686.00267105825 1637.85692219026 1580.64465799378 1515.63314132557 1445.03622854541 1371.3847804486 1331.24024409434 1317.71110715806 1257.4680835635 1171.70231966471 981.180367375417 1026.097823909 1122.82403163717 1067.69283383996 1070.82399786356 1158.75133031855 1025.08712515974 895.146069349274 707.233450625673 617.295133093839 657.061747602043 564.161404132025 522.131518392754 410.467110451576 378.915591112939 364.875826985271 355.242237574229 347.957885633283 333.895897951035 316.21017008781 274.330728188088 238.742408045229 249.684196101894 260.39263671017 254.713763364047 251.786598169315 239.165972119672 228.068358656232 229.597594406959 233.753860867951 229.148619927966 217.471340359998 -9999 -9999 -9999 -9999 -9999 -9999 -9999 -9999 -9999 -9999 -9999 -9999 -9999 -9999
1713.34587386309 1701.72700723483 1695.97095099497 1679.89453665411 1616.96416550887 1531.91233829759 1502.06007231926 1509.31645188997 1398.00099591326 1254.33119048482 1120.57799539774 1219.42121857302 1325.43321447434 1297.04532532456 1331.4158882289 1313.96778718937 1193.16863395591 1194.95732228079 1034.12042972743 985.895963312884 870.26164606245 792.948820850055 591.484658927267 464.077900524507 398.868393308754 386.368228863685 381.557733295241 365.056844295143 340.350908239916 313.201999296124 348.421998354304 266.011751026836 288.088248750705 285.976361615674 264.768913841128 243.364174926317 232.566391800008 231.788066027039 231.607382930875 225.270398150978 228.081113828979 221.778914984905 222.137792501161 -9999 -9999 -9999 220.87981333172 223.419600767212 -9999 -9999 -9999 -9999 -9999 -9999 -9999 -9999
1637.34110872196 1655.86147835943 1688.63142344948 1718.33285674509 1690.89508835481 1656.97280026075 1681.71559149694 1705.3902828328 1662.71842053606 1498.19389344341 1269.25528039793 1294.10706452709 1400.96605442974 1403.30858590695 1378.46082811699 1353.28659493279 1229.89602302904 1178.43219112944 1105.68853691042 1082.16545901693 956.535581329316 761.975472038783 569.248559533832 482.408762084004 425.62823138714 415.070885104086 579.196028633809 856.402157853639 526.40246087715 440.941698960887 700.82739113728 513.626540274242 286.896596382403 284.784085649434 276.78933505301 264.524781248685 261.335468041612 242.478219232009 288.424151311636 273.712795410534 241.05159735351 234.080957435212 233.561580686403 288.050032178909 284.902811400918 232.332711469555 231.318889320002 236.651221316225 -9999 -9999 -9999 -9999 -9999 -9999 -9999 -9999
1534.66688441457 1560.50858233654 1591.77450460425 1616.92233416112 1619.87631223095 1668.9885301817 1748.83499308103 1786.26211371283 1768.92840069205 1674.850984037 1500.47640515578 1423.22602652105 1425.63180314023 1302.0291125772 1229.43881548097 1262.18320063165 1153.96847896877 1148.62142499608 1196.84030891581 971.891110870561 846.095080953101 779.890900253468 641.345693233953 630.054865252931 600.602046130337 684.037051777758 811.711912403497 1290.76863598001 924.360970067094 1148.38280304939 1430.52413871243 636.293565381259 390.887007121581 375.393692527451 351.581418099667 312.030036052662 315.802206296481 255.623643342233 433.492582768138 404.007262006582 257.625828533902 255.30288007247 248.659624040027 282.038977248794 567.527919071446 403.012952734951 250.361504718949 253.006450842256 -9999 -9999 -9999 -9999 -9999 -9999 -9999 -9999
1419.94757329363 1446.7595336051 1480.81387101907 1506.41385904077 1528.75997019408 1575.76631296812 1688.05147866949 1784.08676850968 1750.56484101585 1687.42764801975 1617.49730201168 1433.27543701885 1223.93130611209 1158.98979404638 1263.56347583689 1218.25638097765 1077.33216564089 1138.99780778673 1293.81071099641 1229.77288423719 1110.96996498684 1195.46541310459 977.273141104367 968.179894767075 1228.63402532228 1301.2476321235 1041.91828197769 1220.9996332777 1476.05106375855 1619.21734035997 1569.66511225971 872.796243932632 1605.99600507468 1580.70899850596 1401.93414793782 913.667596281922 839.61976611031 503.435178439594 902.749103244265 953.040341258236 479.746780789063 276.031532985541 260.60375973975 262.745822452615 728.342829359909 414.095889349703 264.061015381464 -9999 -9999 -9999 -9999 -9999 -9999 -9999 -9999 -9999
1304.99455769092 1337.6043341187 1376.59086805751 1416.5063897682 1432.83321195141 1445.06604007745 1468.85365169373 1497.06085965979 1519.94934607684 1563.7051916809 1576.63557071998 1533.19566987829 1445.0243516412 1338.1062742274 1333.10441353166 1300.27605426616 1219.75390908515 1296.56040821034 1330.34274586443 1354.8492167972 1347.21945296235 1324.23863645479 1220.37002805038 1211.41286577194 1336.93367736713 1446.64949559396 1241.27269610916 1237.92675722452 1560.75166200142 1814.72410313641 1805.64132422047 2094.93104581173 2594.02175139576 2377.17051862884 2272.87247123642 2096.51823754286 1825.22474295857 1810.87755005227 1896.18420359193 1567.23188476703 1033.02444562445 529.971912713645 448.884811160915 391.955046914955 935.230787548146 526.720371617412 329.733147899159 289.015347501563 313.230687286694 -9999 -9999 345.386139908684 -9999 -9999 -9999 -9999
1203.32881296439 1244.13943541618 1284.51765276 1319.0580059698 1341.45156344419 1327.41622829574 1302.48252246151 1276.47884889087 1267.57276287885 1276.4993579078 1397.25605644635 1493.7292642026 1496.15576907773 1463.42332489653 1385.49290193368 1368.90258522806 1316.49207944568 1332.49403653335 1327.8415683023 1355.63258091272 1362.53448761912 1398.49927764586 1424.21807810589 1462.03758554017 1506.76769383225 1553.90504808633 1588.08221010594 1686.4303454416 1825.75740777334 2022.97840111383 1934.63645017054 2026.93083729948 2667.73299885091 2528.86660503382 2576.4436495323 2538.41066892055 2416.74313496739 2301.58132293572 2172.99225896708 2041.40391182866 1649.38926070921 1464.50191450122 1400.37008893727 1049.23281855586 1366.74864644928 681.324738281638 877.878507705398 631.456334136656 454.491510424148 761.490014733517 608.762744847565 340.367329620087 304.382471107581 278.715084289044 -9999 -9999
