catData/variables/futureClimate2070/rcp85/HadGEM2-AO_rcp85bi70/bio11.asc
NCOLS 409 
NROWS 350 
XLLCORNER 60.897278365 
YLLCORNER 5.843756025 
CELLSIZE 0.0892857 
NODATA_value -9999 
[rows 52 to 77 of 350, columns 58 to 115 of 409]
-9999 -9999 -9999 -9999 -9999 -9999 -9999 -9999 -9999 -9999 -9999 -9999 -9999 -9999 -9999 -9999 -9999 -9999 -9999 -9999 -9999 -9999 -9999 -9999 -9999 -9999 -9999 -9999 -9999 -9999 -9999 -9999 -9999 -9999 -9999 4.80397574849174 3.83015802838793 5.96197856558606 7.22613814583863 8.0220942080275 8.44787377145673 9.11985890945931 10.9623673800655 12.557839665296 13.8367412820001 15.1805650741342 15.6851357980755 16.5121173516538 17.4887693343605 17.82499574 17.721531384 17.5366882291515 17.3677266469304 17.0107263023643 16.6892219632153 16.5719306612843 16.5033825454976 16.9220322662861
-9999 -9999 -9999 -9999 -9999 -9999 -9999 -9999 -9999 -9999 -9999 -9999 -9999 -9999 -9999 -9999 -9999 -9999 -9999 -9999 -9999 -9999 -9999 -9999 -9999 -9999 -9999 -9999 -9999 -9999 -9999 -9999 -9999 -9999 -9999 6.44896586057794 6.86461101475841 8.82820639260387 9.91987278052714 10.2900858726659 10.0125805681276 10.131349667892 12.604808084318 13.3653234963614 13.9546112220001 15.3996894488548 16.4264498780001 17.1061068196513 17.717920598768 17.9310523315675 17.9022030100577 17.7446583270956 16.85689754843 16.7592324449223 16.9172719960916 16.683173275966 16.5080189710068 17.571306215112
-9999 -9999 -9999 -9999 -9999 -9999 -9999 -9999 -9999 -9999 -9999 -9999 -9999 -9999 -9999 -9999 -9999 -9999 -9999 -9999 -9999 -9999 -9999 -9999 -9999 -9999 -9999 -9999 -9999 -9999 -9999 -9999 -9999 -9999 -9999 8.40830129275517 8.27277457788653 9.12785423549223 10.6191012308689 11.6966295218679 12.3271939320529 11.9364086260678 12.4015331033208 13.3957259843168 14.999221632 16.3971092089737 17.1586660597306 17.649450350431 17.8709545949698 17.944589338 17.9879896247607 17.9631148608835 17.6423171941017 17.522620989579 17.0198329462279 17.0802357549986 17.4043982219811 17.9754536143795
-9999 -9999 -9999 -9999 -9999 -9999 -9999 -9999 -9999 -9999 -9999 -9999 -9999 -9999 -9999 -9999 -9999 -9999 -9999 -9999 -9999 -9999 -9999 -9999 -9999 -9999 -9999 -9999 -9999 -9999 -9999 -9999 -9999 -9999 -9999 10.0050496396582 10.1636913290969 10.5871698335741 11.4165259604175 12.8649770590748 13.7441928243641 13.7569467116514 13.7917998762599 14.9187919409475 16.3706035044145 17.2567059766272 17.6576838862325 17.8191009398027 17.9314274939528 18.028515728 18.08392639 18.0345147127807 17.9893885469747 17.9604072594604 17.8356100723711 17.8633398390354 17.9474306300169 17.9157952057521
-9999 -9999 -9999 -9999 -9999 -9999 -9999 -9999 -9999 -9999 -9999 -9999 -9999 -9999 -9999 -9999 -9999 -9999 -9999 -9999 -9999 -9999 -9999 -9999 -9999 -9999 -9999 -9999 -9999 -9999 -9999 -9999 -9999 -9999 -9999 11.1850684193449 11.9292371985969 12.2868229370311 12.1138578844168 13.4501978417948 13.9912048785725 14.7167326550629 14.2250773995058 14.3212931166997 16.2228892236761 17.2111083504524 17.723160818 17.830303658 17.937446498 18.0039821712213 18.00893077 18.0572898031099 18.09106923 18.0244423456688 18.0731318137194 18.0114324868925 18 17.9894918581162
-9999 -9999 -9999 -9999 -9999 -9999 -9999 -9999 -9999 -9999 -9999 -9999 -9999 -9999 -9999 -9999 -9999 -9999 -9999 -9999 -9999 -9999 -9999 -9999 -9999 -9999 -9999 -9999 -9999 -9999 -9999 -9999 -9999 -9999 -9999 -9999 12.3534841465269 13.0016003219964 13.2797599852409 13.3033981008169 13.391383512662 14.1118640083173 11.6924240099283 12.7784471949684 15.7436043595291 16.3555714578936 17.6704421855735 17.928515728 17.9988815871717 18.0437921118491 18.09821207 18.0414423402186 18.00178793 18.0723325038645 18.099647841047 18.012553622 18 17.998267942
-9999 -9999 -9999 -9999 -9999 -9999 -9999 -9999 -9999 -9999 -9999 -9999 -9999 -9999 -9999 -9999 -9999 -9999 -9999 -9999 -9999 -9999 -9999 -9999 -9999 -9999 -9999 -9999 -9999 -9999 -9999 -9999 -9999 -9999 -9999 11.4586720607448 11.8719306990429 12.5517846169219 12.482471772 11.8291370321608 13.0452239984229 12.512627329545 10.2237686852531 12.8953455029736 15.8407726666092 16.7343097303058 17.5885286029592 17.930303658 18 18.0023877189195 18.0543168764271 18.1 18.1 18.0307569915333 18.0813582658133 18.0172362968402 18.0002897425064 18
-9999 -9999 -9999 -9999 -9999 -9999 -9999 -9999 -9999 -9999 -9999 -9999 -9999 -9999 -9999 -9999 -9999 -9999 -9999 -9999 -9999 -9999 -9999 5.01622461055131 5.25230484046348 5.53290536049399 5.7204487996384 6.02326046369574 6.42902595801823 -9999 -9999 -9999 -9999 -9999 9.55172900633364 9.20359313951927 10.4428996806472 12.2099083908866 12.1573998767423 12.56364145184 12.8352648565301 10.6857057886195 10.2330947738464 10.0390236928205 15.2062230241534 16.5751658457726 17.4841000022632 17.9215931834177 18.0046799697038 18.0515144240101 18.106465358276 18.1051396974379 18.1 18.1091434411343 18.1024616145796 18.1 18.0172323059926 18.0122812817213
-9999 -9999 -9999 -9999 -9999 -9999 -9999 -9999 -9999 -9999 -9999 -9999 -9999 -9999 -9999 -9999 -9999 -9999 -9999 -9999 -9999 5.18950776932976 5.35061621650776 5.52403104082735 5.33294321545689 5.60663439397971 6.12710044414222 6.5332808143047 6.82517550446717 7.26826502137042 -9999 -9999 7.84334030064863 8.22883731467272 8.26790190757888 8.35692513696594 10.8634574960202 12.0625875257183 12.4523273915859 12.4222977713999 10.8285413983783 10.0255166339152 10.9828193906611 8.2184677319814 14.3308491229332 16.5457517853853 17.1624778712162 17.8332297704456 18.037446498 18.1087576090603 18.1612122630209 18.1526883828978 18.11964059 18.1784320952647 18.1354685506541 18.1024656054272 18.1 18.0986081284103
-9999 -9999 -9999 -9999 -9999 -9999 -9999 -9999 -9999 -9999 -9999 -9999 -9999 -9999 -9999 -9999 -9999 -9999 -9999 5.37369667123502 5.564230408 5.62678343 5.75426984351488 5.94786094579399 6.05304592603619 6.33380485620641 6.62467914310359 6.89495282199928 6.99603876244896 7.56430252669273 8.16323035057705 8.10304175989447 8.45159167648673 8.50887985924297 7.7277869697356 9.15214430167257 11.049941472339 11.2998339216788 12.0988945211956 11.6364446561502 8.60077855134303 9.05354017715828 10.4861945623963 5.72783957004539 13.4171192754947 15.8932643119251 16.6620121850472 17.6278792771394 18.037446498 18.144589338 18.2 18.2157687492335 18.22678343 18.22678343 18.2052753881122 18.1359747614392 18.12678343 18.1
-9999 -9999 -9999 -9999 -9999 -9999 -9999 -9999 -9999 -9999 -9999 -9999 -9999 -9999 -9999 -9999 -9999 5.56589933606725 5.38858461550499 5.36251610999998 5.46348490231559 5.67753044614158 5.73300604430623 5.82992419558468 6.11867376359943 6.42811153356694 6.63479233393508 7.10664234345486 7.20172210633568 7.57416399959874 8.11522825733157 7.82885370398155 7.45800123428783 8.03901756067198 8.75357230688025 9.74392448774496 10.442247481315 11.1237720020155 12.0506114830022 11.132370076477 8.71681974144418 9.66251623291434 9.70571659869905 7.78779088932385 12.8144197221579 15.509026580789 16.4684423003512 17.3860973903341 18.016224428017 18.144589338 18.2175507983852 18.2728271904308 18.3 18.3 18.219696462 18.2 18.2 18.13392627
-9999 -9999 -9999 -9999 -9999 -9999 -9999 -9999 -9999 -9999 -9999 -9999 -9999 -9999 -9999 -9999 -9999 4.80700909495431 4.78447632153055 5.02320732999999 5.2017517762405 5.65208209540327 5.80134222065982 5.77479265192666 6.04621157200005 6.53487622134025 7.00412893046054 7.4482162518751 7.322659668158 7.63347265294484 7.82106628678355 7.01771876542282 7.83774502090258 8.09664276479607 8.46408390030969 10.0625965463254 11.3286341613837 12.0335799548212 11.8160601042748 10.214184496417 8.90878738441923 9.5874243417707 9.78848394653402 9.36631948910244 11.6272279625092 15.1292019280185 16.5442174340001 17.3835019386381 17.974892996 18.144589338 18.251732178 18.3241794459049 18.34106911 18.3110226624616 18.2526764103551 18.24106911 18.24106911 18.2
-9999 -9999 -9999 -9999 -9999 -9999 -9999 -9999 -9999 -9999 -9999 -9999 -9999 -9999 -9999 -9999 -9999 -9999 5.02354189788895 5.35924606586049 5.48713481569013 5.82299512200006 6.12130983120864 6.24751240463205 6.45428276767786 6.87420952632972 7.32338347597544 7.44573593545554 7.11226755152453 7.65653251235421 7.13839139485876 7.51613265397566 8.18883360229756 8.3666047614917 9.52602431098238 11.0435735556967 11.8872476715002 11.7998710464053 10.7645745560063 9.94434804550607 9.48171094843025 9.35561094473425 10.8025094013736 10.4057296271647 9.77160070838031 14.7681591464557 16.3183181300126 17.1451994673294 17.9145764697851 18.1660867273419 18.299944128 18.3787021737594 18.4 18.3621115011394 18.34821195 18.34821195 18.34821195 18.24821195
-9999 -9999 -9999 -9999 -9999 -9999 -9999 -9999 6.57891569602512 6.08471785513083 5.87149022314849 6.06150845352542 -9999 -9999 -9999 5.39627475875387 5.27971882606429 5.19313796170289 5.17246304560752 5.27030497995121 5.47420349203324 5.76292970176947 6.026691366 6.33244295227936 6.5080548656386 6.33772741956569 6.20802558337263 6.570787205645 7.00168260020581 7.20476390880203 7.51855380261041 7.97693613638616 8.20308589726528 9.1890596101027 10.4783460604549 11.2922199352639 11.5131076811585 10.6675793411442 9.72049911162854 9.76626371363228 9.24264143069566 10.2807073828762 11.6729829577816 9.70225756280113 10.2407999059708 14.7205091560842 16.2368538658339 16.9383714492554 17.8012617029908 18.2198511315877 18.351732178 18.4 18.4365440466584 18.4148568392596 18.4 18.4 18.4 18.3543960129314
-9999 -9999 -9999 -9999 -9999 -9999 -9999 5.83578291693139 6.4379734800984 6.34535167379 5.91895071556116 5.70857065535123 5.45418318407816 5.3672242257538 5.25609618440543 5.47754862290094 4.87147654710212 4.44602154767531 4.42791102901831 4.34661466166457 4.55412638283611 5.39492427494269 5.71080174118603 5.99941278019863 6.1950269032308 6.27406215196095 6.44806674035815 6.99027854848108 7.81917729399999 8.26505900973378 8.3903005463858 8.10042817414527 8.0124088780026 9.33032855657155 10.8355210097624 11.401675760184 11.143909953575 10.034621646 9.72280012834756 9.75518602432114 9.24317259199984 10.8083550914093 12.6343515167178 11.2730511984164 12.1245651127248 14.8997333762565 16.1862110493545 16.9859878259467 17.7387223122321 18.2099589874827 18.351732178 18.4367954909121 18.4872558913732 18.4725630043415 18.46249763 18.4078457162292 18.4 18.3993504372002
-9999 -9999 -9999 -9999 -9999 -9999 -9999 5.65511461435529 5.41968513956999 5.19797797261417 4.99581323601296 4.77786288935384 4.80596477480485 5.00413383014571 5.0962324073959 5.2225308797162 4.7589078783624 4.67840331150359 5.43625295306782 5.91243425159185 6.41506652320008 6.81707381489918 6.58931116312655 6.4787902983898 6.50390401513063 7.06685760465027 7.49087156330778 8.10723344582295 8.48309190218855 8.8839434575447 7.98718109762781 8.23990619911408 9.06405386259286 10.2640422780628 11.3131043866286 11.3773246201684 10.3811361516243 9.85103573008317 10.130050153071 9.86694926276115 9.19261293357287 10.9735992164203 12.9998077103918 11.0271862609381 11.8355901601838 14.0404301606193 16.0439301519559 16.733563726 17.5243508596173 18.1505904305531 18.3877587099004 18.4875146487522 18.5 18.5509494539425 18.56964047 18.482194092 18.46964047 18.4684342566681
-9999 -9999 -9999 -9999 -9999 -9999 6.06248282211622 5.6959110590733 4.99468168655673 4.24777649976667 4.06009285361331 4.32640996230004 4.76880600809008 4.57874970325319 4.56126079267663 5.11402690308985 4.53628618901642 3.95567464057629 4.14249094400007 5.14844207001039 6.47420342242357 7.59259309585103 8.15360590265357 8.20951600057358 7.97432145725967 7.65058103655251 7.4907510136664 8.41750103631712 8.35763991382637 9.36385480442139 9.51696767096933 9.38247167608302 10.3279819690368 11.2938709583395 11.3638555878422 11.0029157272274 10.5489436666012 10.1951316935022 9.85260157840894 9.47146945129377 9.57065909964149 11.6458409042168 12.8192147883654 10.9581946728219 11.0685470819583 13.9578947952619 15.63188754 16.321281662654 17.3314825113566 18.048675733247 18.403464356 18.5452061875835 18.57678331 18.5937688024565 18.6 18.512553622 18.5 18.498267942
-9999 -9999 -9999 -9999 11.4491868401301 8.30782334847347 6.7084399610485 6.66298884215117 5.95509351787413 5.60872091531234 5.62846772799995 5.84405155576154 6.17739944594906 6.09914684055242 6.55483715950459 5.31811372018448 3.44224060866558 4.27361777955048 7.06513930540288 8.08535484580136 8.83101843087894 9.37652742922421 9.79995818154375 9.83384159799996 9.87731430626427 9.86936545193025 9.77279408460261 9.84521434020019 10.1308215987961 10.6780910657966 10.8630998013734 10.9877285576699 11.2835774452133 11.4428023664347 11.0546667784959 10.4146061355334 10.0650781547293 9.83471465068395 9.92771349150091 10.1028396582691 10.8777597358999 12.1894775064888 12.8551340751895 12.0031737988385 11.0833930849555 13.5930605647299 15.3029016057119 16.1748467814686 17.2995719840001 18.0603688046939 18.4439736806935 18.558875018 18.6 18.6 18.6 18.5859440003698 18.5045410610175 18.4997215915952
-9999 -9999 -9999 12.178537870162 9.90172694399932 7.90771337378586 8.95934402070588 8.81723663876611 8.51228551541276 8.62695042975836 8.69985890140918 8.45418672378866 8.55343625731251 8.26822810520128 6.97993530325737 4.12320756274141 4.37194323774828 8.2171602881457 9.49641244888369 9.68622689514233 9.51958495800001 9.69122922152284 10.1048472359853 10.5840034221583 10.803501268 10.8440169621233 10.9123740382441 11.0003790027347 11.0444811615494 11.174939508 11.2828750088967 11.3558238986056 11.1566529116243 10.9481731716784 10.8407643325072 10.4225651113402 10.0390271271504 10.566667955846 10.8783061616052 11.1081276506223 11.6480684822179 12.1598004853877 12.7769509740471 11.9827214556606 10.1449432827738 12.3243985468776 15.5142403729717 16.1526012290844 17.048839919114 18.1179979582358 18.451732178 18.558875018 18.6 18.6 18.6 18.6 18.5915522274815 18.5
-9999 -9999 12.9294345042997 10.5829071012805 7.85055224606002 8.78945213620421 10.4388918666552 10.8224255359599 10.7632495535136 10.6502783719894 10.5059783475938 10.1800518585283 9.20849830845349 7.61603452526744 7.11381473926802 6.45702852800008 6.58827104953572 6.94599181786455 6.91125210244185 6.69851637994631 6.98435598901196 6.81978281100589 8.0683676195534 9.7983742860816 10.6676844716562 10.9454940335267 11.078515848 11.0997755284807 11.1928982733973 11.2000309807248 11.1845135345403 10.9279208889064 10.5340216116366 10.7541745739357 11.1686386906605 11.3282791958016 11.3758287264211 11.5021912433088 11.264510207469 11.460920108055 12.232757809799 12.6531745281891 13.7230860864445 12.7646282761015 11.6420305369967 12.9157200573862 15.7881070715985 16.3092536741575 17.0982251162598 17.9158952096694 18.4043274667127 18.558875018 18.6 18.6 18.6 18.6 18.5071021980195 18.5
-9999 -9999 12.5467209956217 8.87712313715637 7.92053395658595 10.558050195063 11.2528503731558 11.216174554 10.9963486220613 10.718018116 10.3199657870282 9.58937242349871 8.53288009211833 8.27058330773029 7.69497768200007 6.49127764382486 5.31368743848915 4.42621121956501 4.13029191216841 5.4237722543451 6.32972657658123 7.07017286839266 8.34183946352757 8.97904260388627 9.14820483358186 9.56476261105 9.91405730819684 10.0646838193426 10.2728256821819 10.2982959493851 10.5334065456095 10.7962440257102 10.7556600737756 11.2564245923847 11.8210444047544 11.7967325285377 11.6381774257331 11.7815455506673 11.771256219729 12.3178094268048 13.0630997821436 13.0978337563599 13.7156724760159 14.048380649476 13.2890823672792 14.0437020705498 15.9113216612537 16.7429182982324 17.0170635395778 17.52483017819 18.449841864 18.6009504558527 18.60535467 18.6014371560524 18.6 18.6 18.5104757224795 18.5
-9999 -9999 11.956830929652 9.13306438407281 9.91517036897409 11.530304378 11.5297855338143 11.3010268061697 10.9232492574958 10.5748987147088 10.0501244791621 9.13911219140784 8.797162199326 7.82399819235521 7.00172907239462 6.57944210259545 5.3991468950347 5.15436535165768 4.6048792306632 5.06785504519955 6.3558023212809 7.4739734997813 8.57768788864093 9.28702771075071 9.4792386907537 9.64873739261005 9.61208557007975 9.82794586435361 10.1107726531005 10.3327713484393 10.827108206747 11.4505694244146 11.9790662084604 12.1507339820488 12.0889665368689 12.197284290122 12.2637969097744 12.182249484 12.4135892532013 12.8585054364574 13.042811248 12.854810865146 12.9077631510275 13.3466996037366 12.6019601731142 14.406784027586 15.8641207637282 16.5484953393778 16.8639376154966 17.5364244520491 18.3556294922375 18.622889634738 18.7 18.6359825675486 18.6024615673081 18.6 18.6 18.5122810458782
-9999 -9999 11.1054351634173 9.80301292706797 11.2046328092286 11.4755505216181 11.5478432526391 11.1581483781743 10.3775249513941 10.1661225459503 9.70689287317855 8.51848332543977 8.17248897002496 7.99144558656022 7.01000888863956 6.40221070404946 6.91179980716132 5.45753183494229 4.40381344601637 3.81952932600002 4.46779591663086 6.04959621704155 7.6425363616181 8.90486342025718 9.7242227453527 10.3016136014234 10.8096109925978 11.073321202876 11.1725127410046 11.4082221448376 12.121195134697 12.5846654178421 12.7750602917098 12.9237552400607 12.7820196788475 12.6341664078272 12.494549448124 12.3347815042038 12.3710879599157 12.5960159711406 12.6621633626879 12.8889352515151 12.9957494024572 13.0107688183415 13.5045907651807 13.5951916274374 15.1673871974363 16.277110384494 16.8412224365399 17.6069397759083 18.3776208283564 18.658875018 18.7 18.7 18.6354683579256 18.6024655752985 18.6 18.598267942
-9999 -9999 12.3266317590527 12.1672547963209 11.4124064689178 11.4195222877575 11.3973923100801 10.6011080700446 10.0293823300023 9.84595651091021 8.27781351316352 6.56497040441022 6.08275307205662 5.57092129860882 7.71284544053957 8.60829288080824 8.03691445240829 5.66447990661813 5.67960303569488 5.42573638741593 5.62657967365504 6.52199525389303 7.73396660258943 8.88431845147841 9.65293765380283 10.2016361887601 10.8530281205629 11.4347675436185 11.777022237857 12.0977244028331 12.4039641032941 12.7110700504769 12.8207609837016 13.1039241252087 12.694663319038 13.0753745106447 13.1069259198045 12.8910464147212 12.5713570652434 12.5568142612123 12.264409734561 12.4067937153724 12.9443290632806 12.6403944526825 13.2144096707329 11.7858851324459 15.2477313566572 16.381821948 17.1022429528308 17.9399625697675 18.508762914 18.6966727900665 18.7091015016579 18.7 18.7 18.612553622 18.6 18.598731842385
-9999 -9999 13.1697876217348 12.4759659440236 12.0027325140179 11.8170960537704 10.8454423686972 9.69171476171956 9.64013208904648 9.68903116682939 9.23775916999992 7.94430914952343 5.98769028322581 3.18692925849156 7.34580481902811 9.55779461592076 10.4367564819666 8.80736505733376 9.73579641093488 10.1753477959999 9.0460353208941 8.05912642574697 8.40759073795949 9.27639493485875 10.2492800240878 10.9623812479664 11.5358764152379 12.0813824476749 12.1125040406796 12.2818637659151 12.7090034664174 13.0610091103324 13.1770533722338 13.77455749342 13.5697392354568 13.3446693724366 13.130778434252 12.9332680715332 12.5964113665341 12.5615845758393 12.2476346076307 11.9610671472833 12.9118148535917 12.9999833669124 12.6114924616867 12.3636766279352 15.8227687540001 16.5884616736875 17.3222073777093 18.2353880880001 18.6879472455441 18.8 18.7563793803104 18.7091055096483 18.7 18.6422207064342 18.6018356635246 18.6
-9999 -9999 12.4805491485834 12.3394419167719 12.2948215237936 11.7542026287896 10.3740888342322 9.54115340914124 9.25571010483617 9.25803969821073 8.90818619435449 7.31613225894559 6.98221180641715 5.84411066684461 8.37931657318768 10.5088944526234 11.8536444521632 13.1985489572319 13.1793290535615 12.9353923175179 12.5733849417099 11.6996273274096 10.1350510571995 9.14983069343884 10.0181135982284 11.4136586560001 12.3494684390289 13.2870217220001 13.6161856628401 13.655222646 13.8972454718302 14.353979693493 14.2631898688006 14.131862494271 13.8793194382968 13.4012642608881 13.3697010065037 13.4537831718087 12.9119375452472 12.079049013108 11.8007813269595 12.264631074524 13.3304773347617 13.6935723838634 12.0797117502007 13.31623619807 16.3864480564708 17.1925225637278 17.7783640112506 18.4585621589717 18.751732178 18.8 18.8 18.7568855739527 18.7080891143734 18.7 18.6442575049744 18.6007113366484
