catData/variables/futureClimate2070/rcp85/HadGEM2-AO_rcp85bi70/bio17.asc
NCOLS 409 
NROWS 350 
XLLCORNER 60.897278365 
YLLCORNER 5.843756025 
CELLSIZE 0.0892857 
NODATA_value -9999 
[rows 54 to 80 of 350, columns 180 to 239 of 409]
46.025743676037 64.0667378827374 92.7499659359055 57.6502230644269 42.6846133304958 40.1221869021784 37.9555902502206 37.5171335492697 33.6975452824104 33.7673511800004 36.7979666116812 43.1965427372881 43.2365679631026 36.9791173679956 36.7407722267684 33.3452354643147 29.5311526470658 31.2797009015027 -9999 -9999 -9999 -9999 -9999 -9999 -9999 -9999 -9999 -9999 -9999 -9999 -9999 -9999 -9999 -9999 -9999 -9999 -9999 -9999 -9999 -9999 -9999 -9999 -9999 -9999 -9999 -9999 -9999 -9999 -9999 -9999 -9999 -9999 -9999 -9999 -9999 -9999 -9999 -9999 -9999 -9999
70.121509998841 92.6586312631912 95.9529643324005 61.2646814461666 49.7695519727967 44.7966507409366 40.147897604363 37.4937595014636 34.4133018209811 33.8116533331474 36.6681798634881 39.5715744015866 44.1826621200897 47.4560062143387 40.3113037460959 39.2254570466264 34.5821818232587 38.1619046140248 38.0810062254338 -9999 -9999 -9999 -9999 -9999 -9999 -9999 -9999 -9999 -9999 -9999 -9999 -9999 -9999 -9999 -9999 -9999 -9999 -9999 -9999 -9999 -9999 -9999 -9999 -9999 -9999 -9999 -9999 -9999 -9999 -9999 -9999 -9999 -9999 -9999 -9999 -9999 -9999 -9999 -9999 -9999
83.4419321907949 98.1447390049978 89.1910247000247 86.0996700534596 77.8826551300543 66.6229381420488 47.5344549535294 39.7784725948778 38.8793632678256 38.6556756042229 44.375448819937 47.9001057676368 49.4449958630081 50.08816386 50.0852838764652 45.3886154985387 47.6354870851437 50.632355811578 50.8438334309873 -9999 -9999 -9999 -9999 -9999 -9999 -9999 -9999 -9999 -9999 -9999 -9999 -9999 -9999 -9999 -9999 -9999 -9999 -9999 -9999 -9999 -9999 -9999 -9999 -9999 -9999 -9999 -9999 -9999 -9999 -9999 -9999 -9999 -9999 -9999 -9999 -9999 -9999 -9999 -9999 -9999
98.3846287873339 97.8117140886439 97.6375067575575 90.9595698885189 75.895388053013 68.8068204323489 57.476205604566 52.6485776541502 45.0427983333523 39.2997705267776 40.8271132742552 45.6245403238135 47.4590896815167 41.6233119890507 39.2145515999999 36.9674524071372 36.2291791180462 46.5873573320058 49.9294494948161 30.0524002104637 -9999 -9999 -9999 -9999 -9999 -9999 -9999 -9999 -9999 -9999 -9999 -9999 -9999 -9999 -9999 -9999 -9999 -9999 -9999 -9999 -9999 -9999 -9999 -9999 -9999 -9999 -9999 -9999 -9999 -9999 -9999 -9999 -9999 -9999 -9999 -9999 -9999 -9999 -9999 -9999
94.1566359772563 90.2033352401777 90.9962781272209 92.6936354974378 81.3026758452016 60.1810965622351 50.7736890437499 46.2455086568467 47.1234423845461 45.2467731800744 42.6919472284468 46.3311493133852 45.3654747677333 41.6246273004109 45.8234937661777 48.2957551349338 41.7180254429195 50.6026794714075 56.9377889076579 41.2313584754507 -9999 -9999 -9999 -9999 -9999 -9999 -9999 -9999 -9999 -9999 -9999 -9999 -9999 -9999 -9999 -9999 -9999 -9999 -9999 -9999 -9999 -9999 -9999 -9999 -9999 -9999 -9999 -9999 -9999 -9999 -9999 -9999 -9999 -9999 -9999 -9999 -9999 -9999 -9999 -9999
84.4817424874911 90.0943311748391 86.7841988468432 89.2478521200015 91.5235916198041 83.5574874369415 71.8597210304069 61.8379041253464 50.0077367414794 47.6929662309977 47.3885429320865 47.8276637604453 45.2972156337407 48.4810159059449 45.2232960585048 49.748649396664 59.1247969490579 55.8310282121651 59.6181000355008 -9999 -9999 -9999 -9999 -9999 -9999 -9999 -9999 -9999 -9999 -9999 -9999 -9999 -9999 -9999 -9999 -9999 -9999 -9999 -9999 -9999 -9999 -9999 -9999 -9999 -9999 -9999 -9999 -9999 -9999 -9999 -9999 -9999 -9999 -9999 -9999 -9999 -9999 -9999 -9999 -9999
76.3107698425911 81.7620952685537 84.4761246373596 87.2529457868561 87.995739035865 82.9809309616961 70.631500826415 58.923966818508 59.64011672 61.7397142559297 60.8635370419546 62.163163177641 53.0941718507234 49.5419100178005 57.5775454995261 59.1810638382158 64.8872757004522 62.051993485165 51.5814251500127 38.3581994399997 -9999 -9999 -9999 -9999 -9999 -9999 -9999 -9999 -9999 -9999 -9999 -9999 -9999 -9999 -9999 -9999 -9999 -9999 -9999 -9999 -9999 -9999 -9999 -9999 -9999 -9999 -9999 -9999 -9999 -9999 -9999 -9999 -9999 -9999 -9999 -9999 -9999 -9999 -9999 -9999
75.0467956876775 80.2464041574077 86.4728953108049 86.4516785007595 84.8827522517882 87.0870781940821 80.071431216143 73.1538587556348 80.7589057302471 82.6411834330702 80.5225843648939 76.2693688599991 66.4777007601107 59.6704613647871 67.2048144406847 67.8643191017574 67.1156354985727 55.126032547262 45.82597196 39.7068237172118 38.30903655176 -9999 -9999 -9999 -9999 -9999 -9999 -9999 -9999 -9999 -9999 -9999 -9999 -9999 -9999 -9999 -9999 -9999 -9999 -9999 -9999 -9999 -9999 -9999 -9999 -9999 -9999 -9999 -9999 -9999 -9999 -9999 -9999 -9999 -9999 -9999 -9999 -9999 -9999 -9999
75.9598580400027 82.8068787071157 85.3826495998762 84.7529425842916 83.3415536450265 83.297506457664 83.0084244571233 83.8574527192653 84.9077603822119 83.5406723252654 79.3196020721256 76.444320713024 75.094184372343 72.4471581230941 71.1038975520487 58.997726804035 57.5041692016859 53.1235976501619 45.146505809513 41.0062194932325 -9999 -9999 -9999 -9999 -9999 -9999 -9999 -9999 -9999 -9999 -9999 -9999 -9999 -9999 -9999 -9999 -9999 -9999 -9999 -9999 -9999 -9999 -9999 -9999 -9999 -9999 -9999 -9999 -9999 -9999 -9999 -9999 -9999 -9999 -9999 -9999 -9999 -9999 -9999 -9999
74.5620786675378 76.3953482103657 75.7693532894847 74.4207231137006 73.9629850243317 77.5336870183176 77.6198650682934 80.0882574600002 82.1897474885231 82.0903962021416 74.6775915405945 69.0010206986589 69.2087504214876 70.4169346749027 67.8494762528519 58.4777560315034 50.755719403204 53.499936131372 49.7813438556027 44.5169929882016 -9999 -9999 41.5805013702178 38.53513862677 -9999 -9999 -9999 -9999 -9999 -9999 -9999 -9999 -9999 -9999 -9999 -9999 -9999 -9999 -9999 -9999 -9999 -9999 -9999 -9999 -9999 -9999 -9999 -9999 -9999 -9999 -9999 -9999 -9999 -9999 -9999 -9999 -9999 -9999 -9999 -9999
68.8955288985339 66.4978582859597 65.1090544313617 67.1392225448441 68.9835684439095 72.6145310160652 76.3282129705758 79.2845697600001 81.435708585167 82.5400485419101 79.3623830376381 74.9294370399994 71.4655626461748 68.4791918410286 62.7888133474436 59.5161013490135 56.2601383205058 51.0205488628854 47.6048542305811 44.4135136663025 40.6525689886582 -9999 40.3347037796699 40.5594422696479 40.2769377934121 -9999 -9999 -9999 -9999 -9999 -9999 -9999 -9999 -9999 -9999 -9999 -9999 -9999 -9999 -9999 -9999 -9999 -9999 -9999 -9999 -9999 -9999 -9999 -9999 -9999 -9999 -9999 -9999 -9999 -9999 -9999 -9999 -9999 -9999 -9999
66.0810182759906 65.3180107193181 65.0210953687002 65.5935014411786 67.4520821510344 73.8196652400005 77.0054403664131 79.3234868112414 79.1667028811444 80.9859980941774 81.4865541844256 80.9086053130328 78.8415280738531 74.7800159293478 66.8143334394455 57.2569069457972 54.5308346029204 49.6996057763554 46.9066232938782 46.0301446995956 41.9458536416667 44.5030509925796 43.2193349744007 44.9955548369801 41.7934127473951 37.6134677109634 -9999 -9999 -9999 -9999 -9999 -9999 -9999 -9999 -9999 -9999 -9999 -9999 -9999 -9999 -9999 -9999 -9999 -9999 -9999 -9999 -9999 -9999 -9999 -9999 -9999 -9999 -9999 -9999 -9999 -9999 -9999 -9999 -9999 -9999
65.3398334199997 63.445447361505 62.0720951200001 61.2192382159854 62.8987085243017 67.959686196861 73.3602806037722 79.0443805934193 76.6947813400006 79.9848077217496 82.3903804419787 81.9004335248314 79.9653852399996 77.748894608386 75.2244558664348 69.2535473300457 62.1550842563871 50.8186543277969 51.1482876855895 55.6479956229683 49.708385095604 49.1010483661102 54.6719676183719 51.9165709572043 45.4866618380776 40.4647931638735 -9999 -9999 -9999 -9999 -9999 -9999 -9999 -9999 -9999 -9999 -9999 -9999 -9999 -9999 -9999 -9999 -9999 -9999 -9999 -9999 -9999 -9999 -9999 -9999 -9999 -9999 -9999 -9999 -9999 -9999 -9999 -9999 -9999 -9999
65.7995765290948 63.279510962568 59.9120982518741 59.9125676295156 61.3174308059778 65.9256316093881 74.4801585803878 80.7249827204557 80.7631992555861 80.3387416978625 80.4751503438298 80.6400523746062 79.6292358307764 79.2312609485003 78.2729037822759 72.7320963352108 66.1643008140105 53.023187401851 56.1173698348528 70.688783065455 67.008257712822 64.279076471088 58.5841045428342 45.6702735559383 41.320462697375 39.488115407455 38.0220483594052 -9999 -9999 -9999 -9999 -9999 -9999 -9999 -9999 -9999 -9999 -9999 -9999 -9999 -9999 -9999 -9999 -9999 -9999 -9999 -9999 -9999 -9999 -9999 -9999 -9999 -9999 -9999 -9999 -9999 -9999 -9999 -9999 -9999
66 64.9287007428755 61.3235726799997 63.4244170431151 62.8258134166482 67.8704499174488 73.6632392669335 74.0109406007142 78.0511075901908 80.4869826588681 82.0635538814471 80.0831118211231 78.3176537907613 78.0530695799999 79.1715890753538 77.6151125504687 75.9783234421922 62.8359409017566 68.1096495160775 75.4940320989042 59.994369415277 60.6025718241406 59.3214600613388 49.675733626649 40.8343430994835 38.5289920867223 38.9064735793167 39.7143463687168 37.6583215218819 35.973927044161 36.3844173456392 36.5356662000001 -9999 -9999 -9999 -9999 -9999 -9999 -9999 -9999 -9999 -9999 -9999 -9999 -9999 -9999 -9999 -9999 -9999 -9999 -9999 -9999 -9999 -9999 -9999 -9999 -9999 -9999 -9999 -9999
66 65.8824045203072 68.018740831471 64.7122234943936 65.4443414147482 78.8516781518624 75.3403105399992 74.1841907629333 78.3733043400005 80.159115105439 78.7838651263401 78.3388756631465 77.5602799076997 76.6005292323471 76.5337046000941 78.9813488503987 79.1653169077935 78.3594181716581 76.3084020864862 78.1716608999977 57.5639178460188 47.8711009286433 48.4193149737957 48.3220818863871 45.2807365151229 40.2326464199997 41.1472871134727 45.5770241779949 42.8572514170947 37.7834694044435 38.316222657979 41.614081736422 40.7519725990725 38.9854776036413 -9999 -9999 -9999 -9999 -9999 -9999 -9999 -9999 -9999 -9999 -9999 -9999 -9999 -9999 -9999 -9999 -9999 -9999 -9999 -9999 -9999 -9999 -9999 -9999 -9999 -9999
66.5834483468954 67.1551236408232 67.1975622934805 69.9847636608316 67.0981685007828 70.0955175429252 71.6731358972133 74.9323835077917 79.6725206746046 79.0974313764059 78.9106899 78.0985749325829 77.5142159323231 77.32195412 75.7082801978639 75.3506645259162 74.6435295199996 77.7881536968558 75.3458205208803 80.617101270001 67.7832296742087 56.1279106576799 58.3387927889069 48.2407724068541 47.0274330867977 44.0983037161054 47.9897821220241 57.4093770947962 54.0635536983471 44.5155311285389 44.0701765600006 51.1473274510888 45.0467533086523 40.8355927753559 41.311604919606 37.6189766548317 -9999 -9999 -9999 -9999 -9999 -9999 -9999 -9999 -9999 -9999 -9999 -9999 -9999 -9999 -9999 -9999 -9999 -9999 -9999 -9999 -9999 -9999 -9999 -9999
64.9910347785348 69.8788508102313 68.5624813295222 70.6211103243956 74.6482091550827 69.9657382405048 69.3891245519462 74.2934766814494 80.9779770095042 79.7738220868633 77.7712729341274 79.4219597575303 78.4314341015072 76.42914592 75.3459126621822 74.2814895390377 73.2148607199997 74.7980537429573 80.5766866557126 81.8257437521612 73.3598800223572 76.6828565426734 72.4592963835658 72.7370049815993 65.2991154600809 55.3428303436446 50.9914529223047 64.2581254431916 69.4377403956881 66.8728463871485 48.4603952935453 52.7310783028788 66.8522687047844 50.8044980620057 49.15343568889 41.2935587668868 37.7409300293271 -9999 -9999 -9999 -9999 -9999 -9999 -9999 -9999 -9999 -9999 -9999 -9999 -9999 -9999 -9999 -9999 -9999 -9999 -9999 -9999 -9999 -9999 -9999
57.3898264763838 66.9306928092548 73.7157410560661 75.8876623227693 77.1513731667032 80.9952015134059 74.9040197675538 78.0180518746804 81.4009002346818 83.120614028827 78.3682218213835 79.4621183521304 78.3876165030837 75.9684751418091 75.9464533 74.5616168768068 73.9675484529805 74.7740788013843 74.7916093325555 77.8677106558576 82.5608426954144 82.6796740399999 79.780038329261 76.5601972937323 79.0795867523204 74.4778243962611 60.2763450914484 66.4214662328491 75.5170347543557 72.8803111193482 57.3665364949568 65.4835732187567 58.7326124714263 39.1234706196837 40.1280249337318 40.1435601231745 36.1645834974584 -9999 -9999 -9999 -9999 -9999 -9999 -9999 -9999 -9999 -9999 -9999 -9999 -9999 -9999 -9999 -9999 -9999 -9999 -9999 -9999 -9999 -9999 -9999
52.9259076000015 59.5633772484307 67.6989536127826 75.3713118600025 80.1518815900835 82.799812398484 85.8025486600006 87.2246452975279 85.7618695283708 87.4204614489904 85.0175885665968 81.4124128599992 77.8101213630917 75.41126422 74.917495915588 74.9664557558447 73.3939580399995 73.1092843987105 70.9967971997134 73.5130766494566 74.9598445159312 81.8897906711161 77.8579443352445 70.257620021922 73.8056146450398 78.9498152199986 78.0176488751826 71.4926084373474 68.1804484847191 70.1735511009551 69.069960122012 69.1873353747576 46.4307409914216 41.2456251167283 40.9556073968245 40.4797170194864 39.39068366813 35.9734362294689 35.5780791012001 35.2770077190682 34.5473473616657 -9999 -9999 -9999 -9999 -9999 -9999 -9999 -9999 -9999 -9999 -9999 -9999 -9999 -9999 -9999 -9999 -9999 -9999 -9999
49.7783668731066 55.2124522146552 61.9129234551729 68.9920576796562 74.5509799000003 79.8629950913845 82.3918599600008 84.4374654624218 85.79330095103 87.0168338600006 86.1506189048896 81.2999041367445 78.6246172999759 76.0923101133966 74.406580764473 74.7315925800001 73.3939580399995 73.3592146235857 70.3703732062569 70.483048102706 75.6610720158342 75.5108209403151 71.1681256256101 69.4220480707228 72.9538683556737 74.9073959035191 73.0525924600004 70.8218832111899 76.004390882581 75.4057262791758 70.9611724074279 61.6956081474335 46.968671628721 43.3615979629547 42.4416776785738 50.1353115493181 42.9997545750641 38.516125118022 40.0425851052566 38.0021172799985 35.5824139254578 35.392807 -9999 -9999 -9999 -9999 -9999 -9999 -9999 -9999 33.8456788251357 36.3625281826249 36.82196012 35.6629609418564 -9999 -9999 -9999 -9999 -9999 -9999
47.0139842894393 52.6579616064769 58.2116212000004 63.5687632000019 68.6725683142185 73.7208032402651 77.3026506600008 79.6914676360795 82.9089533085026 84.257053453789 86.1129475497027 87.3159249143835 85.2934535554075 79.6197281076661 75.3973731867165 75.0713125492728 73.6617899399995 71.5189331399993 71.2678319 70.9632847600002 72.8637037711569 71.4071134409721 67.7310146600007 69.9334161497556 70.9160181750018 69.3470867831735 69.1546214329816 70.7939462192767 73.9994985361569 76.3391258841386 61.4315732521799 46.997838626764 46.1568759798114 45.2505281199997 44.8350974898388 50.8438488195721 49.7977404826596 42.3310779938151 41.2132277600001 41.6361941103221 39.0181857084943 37.5356638 36.0856208831441 35.4829196445974 -9999 -9999 -9999 -9999 -9999 33.4708855496499 34.9368106862646 36.7927047821788 37.8261323838156 36.6439202399993 35.0183636199999 35.2820726741658 36.2868415817486 35.947838092987 -9999 -9999
44.3983439880208 49.6401940000007 54.9973360000004 60.3544780000019 64.7657398200002 68.6717038459569 70.4510675255448 72.4935763256582 76.1159412447198 79.7459155584681 82.5077733444242 84.1255600069631 83.2690837399996 80.9474287667177 78.0312457732673 76.5213802636628 74.7332183399995 72.5903615399993 71.6974627411877 68.6896477607254 69.4117917606939 70.2906190432185 70.6558840821133 72.6112798185311 71.9937158943561 71.2057729777061 70.6759769627062 71.9130392675251 75.8763520741273 77.1088416960561 69.54673814178 51.7240169781451 48.4654709044557 50.7147289632176 48.6383979059415 48.79964466 53.8348514873249 47.9025862327536 40.8100201217173 43.0860315361398 42.7502053484808 39.2188487044235 39.5566031772268 38.802804029719 37.8121781797366 -9999 -9999 -9999 -9999 35.3924325721942 37.5100596473934 38.1151939739615 38.71370368 38.4475167399993 36.8219601199999 37.7164496946696 38.902485655082 36.5748268845049 36.4672560722793 -9999
41.8192889200014 46.5361397087379 51.4532581719986 56.729504100002 61.1407659200002 63.9709735182193 65.4095389050422 65.9465565000001 66.1657730978189 68.0890071541245 73.0194876438298 77.8632250478826 77.6852735538216 76.7139148800001 77.2783808266124 77.0958872624394 75.3939580399995 73.9693541981756 71.9296218399999 72.4437347451321 71.4423864720847 73.4023781879113 75.8730957316507 77.9458738190449 77.0055961325229 75.013761746999 74.0196147902602 73.5795912535211 75.8628532942586 76.39358892 73.2858115601756 65.5310064812187 61.6799495599999 62.4091300138257 58.8101495546076 54.3916270560854 56.3995664657384 52.7868211448247 45.4963964057387 43.9472760179584 45.2775003445207 41.6985195799995 41.3384810321754 41.8693218886081 40.5451347110428 38.483176939999 -9999 -9999 39.3425500939982 38.9259038757842 40.4106887 40.2321185482165 40.19582078 39.9296338399993 38.5165265584339 39.7564676648271 41.7526533919126 39.6061784286505 36.8503749638288 -9999
39.3581545229346 43.4800286200005 47.7657422200003 52.0827312874746 56.3729352200001 59.1061487600002 61.0715316 61.0715316 60.6083440399996 59.3745537800003 61.6095114936629 67.7458608400019 71.5875139708333 70.4891432323206 72.0641786399718 75.5928566391537 75.2989910861164 75 73.564268292248 76.9475469893726 76.0427804583795 76.873932014335 79.0484056154896 79.4571890448476 79.2881967906418 78.2874457637072 76.6796447432266 75.091662390161 73.8219553199996 72.3978147840298 71.6128510109642 69.8002642357966 67.172045255167 65.0095006882323 63.2944656612975 60.51951826 57.3052330599991 54.5400551004949 51.0013462949255 47.3347050734945 47.6975697209236 45.978704998273 43.9500348941763 43.4725171222219 42.6791009199998 40.7332279399991 38.1343496019141 40 40.0887297800003 41 41 40.8539112965857 40.7118007235202 40.5739470590905 40.7481977878334 42.3399723443234 43.6480022225157 42.1579536818075 39.4315020046206 40.2870443561829
36.873408740001 40.4143178109989 44.1069470416065 47.4091733400012 51.045751002822 54.2668896600003 56.2813924559628 56.6971591746452 55.7690849399996 54.367558115861 54.8459021464687 57.4581418253834 62.7684356569483 64.88134336854 68.5227674533023 74.9143569609854 75.7505245199998 76.037593019277 75.684799608669 76.3430701722448 76.7896359623611 79.6775189263089 82.107091 81.9718064556299 81.6606365 81.4615728944143 80.4659238838063 78.2643700268008 76.5540202199995 75.5609385439663 73.6292397772488 70.590841059999 68.8460163001598 66.1681429313434 63.4251984389437 61.5379530916636 57.9869735977278 55.6363397128788 53.4302081599998 51.1076713199996 49.8052908552972 48.1924706353102 46.2332267399995 44.8219577199999 44.1950353128661 41.3901121154818 39.2095485233013 41.107091 41.1958207800003 42.0184361601728 41.6817392092195 41.9718085986114 41.8679079480038 40.733320095623 39.5857619796356 41.1468891361805 43.612952627864 44.3052721248943 42.5221588912857 43.0751780674989
35.355525840001 38.1125832721293 41.1591223400003 43.8268980006924 46.9627188400002 49.5455389707465 52.2138152800004 52.96491292 51.6618907399997 49.7463163927575 49.10915233934 50.8377413400008 54.6340378476688 58.9064877494885 64.296082895572 72.2857571958683 76.2064191882626 77.4994232800003 77.6249739 77.5236920491914 79.118946426946 82.0453975422463 84.3946863679651 85.0643011536838 85.2658752605974 85.1535829251213 85.3058927308399 82.6227833668818 79.3895921554439 79.996648203989 79.0945711674297 77.2195155388669 74.2804735445422 70.4306804799989 66.3557081234093 64.3343755623088 60.7472435039437 57.6439130399995 55.3606292994649 53.1503877948155 51.4093446090971 49.0795704433783 47.5048460046802 46.5183600199999 45.2462194924444 40.9557166405014 42.384882746076 43.2499478 43.1723161900415 42.21486792 41.7513482480907 43.1893764538093 43.5313826009444 42.6504029967252 39.4867496232424 39.6563032500525 44.1381518175988 45.8993375118785 45.5984092753612 47.2487799600008
