catData/variables/futureClimate2070/rcp85/HadGEM2-AO_rcp85bi70/bio10.asc
NCOLS 409 
NROWS 350 
XLLCORNER 60.897278365 
YLLCORNER 5.843756025 
CELLSIZE 0.0892857 
NODATA_value -9999 
[rows 0 to 25 of 350, columns 116 to 173 of 409]
-9999 -9999 -9999 -9999 -9999 -9999 -9999 -9999 -9999 -9999 -9999 -9999 -9999 -9999 -9999 -9999 -9999 -9999 -9999 -9999 -9999 -9999 -9999 -9999 -9999 -9999 -9999 -9999 -9999 -9999 -9999 -9999 -9999 -9999 -9999 9.26187497435303 8.17848865179829 8.72192956721995 9.47848657443226 8.9910238662251 10.0320010328465 11.2585364698461 9.44788950387545 8.70990173307438 8.57125844463595 -9999 -9999 -9999 -9999 -9999 -9999 -9999 -9999 -9999 -9999 -9999 -9999 -9999
-9999 -9999 -9999 -9999 -9999 -9999 -9999 -9999 -9999 -9999 -9999 -9999 -9999 -9999 -9999 -9999 -9999 -9999 -9999 -9999 -9999 -9999 -9999 -9999 -9999 -9999 -9999 -9999 -9999 -9999 -9999 -9999 -9999 -9999 8.93439454401478 9.64381133296879 8.44464380031246 8.19277580457655 10.5455412161304 10.5433849343251 8.81594961848148 9.05569856528043 9.84498602318866 8.49323991493442 8.96517833771752 8.53124477967339 -9999 -9999 -9999 -9999 -9999 -9999 -9999 -9999 -9999 -9999 -9999 -9999
-9999 -9999 -9999 -9999 -9999 -9999 -9999 -9999 -9999 -9999 -9999 -9999 -9999 -9999 7.41297532523516 8.70501825882428 9.69182598708629 9.62220582741338 9.76902089861092 9.65590546434466 10.9832932257844 10.2651397252693 10.3816145517399 14.7191611945761 15.0933554177475 12.257168021774 11.0090650287904 10.438523275601 11.3622016085433 11.1086924966418 12.0110419355551 10.6719552319654 10.0691925339999 10.0050883683715 9.62036441243107 10.5026651331568 11.6976073418221 12.4296666218232 12.914184777384 9.85233627773542 9.68369421399965 12.5661967335855 13.382306141004 12.162826751972 10.6585125006728 7.8865588188908 8.03838346524535 -9999 -9999 -9999 -9999 -9999 -9999 -9999 -9999 -9999 -9999 -9999
-9999 -9999 -9999 -9999 -9999 -9999 -9999 -9999 -9999 -9999 -9999 8.94898247142897 7.37061800960104 6.62972975382505 10.1445695802334 13.8724552207632 11.792378764143 12.3268852879672 12.8742926877348 15.696634521379 14.6748933004215 13.6340674793251 14.1421847507613 13.1852429678904 12.3308594337027 12.9245994060834 11.7362634841658 10.6355132238641 9.72042696668982 9.58387658847139 13.5297142623586 12.0689168573951 11.131023396415 12.0311938353072 13.7635480980627 13.3746860984609 13.027948461824 14.3276487184037 16.0651746442477 15.3068912564526 15.0317594240153 14.5080276602917 11.2172725349239 9.13037372528223 8.93158033009759 9.63560621937009 9.00540628082297 8.01051086388004 8.11772354392478 9.39419197774665 9.3445281738004 -9999 -9999 -9999 -9999 -9999 -9999 -9999
-9999 -9999 -9999 -9999 -9999 -9999 -9999 -9999 -9999 -9999 7.19475964327046 8.75122737577513 13.3761350670416 10.6022699883382 14.6333210065977 16.5402638960547 12.7967033014738 12.8554108870276 15.5778140017274 13.0874336036691 9.82183538321294 9.12736753491103 9.37974315521194 12.5149613836396 14.1398673952757 11.4733505999767 9.97160049919414 10.6851398752414 10.8696792914813 10.324632700904 13.1066528433781 14.3915699170936 10.778708384616 10.1112599931944 9.78537587223007 9.19502862829176 9.97146052441594 11.0259320173044 13.4622763950676 17.4139679584453 15.941015212704 10.5841146653393 10.3029902117823 11.2573281139592 10.206893412042 9.61023686158157 8.23268532151672 7.39997695937773 7.64962744131303 9.49910954628805 11.0289665120584 10.5773353444162 -9999 -9999 -9999 -9999 -9999 -9999
-9999 -9999 -9999 -9999 -9999 -9999 -9999 -9999 9.35028164242976 6.32935511648392 8.49224919165287 11.7709776738047 16.1033184270639 17.6064466365718 17.2266049660791 13.3959719339048 12.3461402495489 14.6735242720746 15.9672355829918 13.7348675292182 13.4529356761891 14.7421011815329 14.0465214881738 14.4980515565183 18.0068344637411 13.9122027054839 12.8745667307979 15.3880035897685 16.5005480596348 15.6561804858007 14.1033421784476 16.9833488118035 13.4744731842861 10.178488955673 8.29838573897553 8.89888818173263 10.8445651168539 12.4723865862777 11.7896714023935 16.4286123933899 18.4072958864149 13.1105613388712 10.1167892768659 9.78763414843522 10.147659061239 8.99498103749745 9.52198660548421 8.13700128668736 7.23662908901039 6.79232486626803 7.28696867057396 10.9373834107669 14.1383267424465 -9999 -9999 -9999 -9999 -9999
-9999 -9999 -9999 -9999 -9999 -9999 -9999 8.03338067254676 9.52283051481997 8.52451036521519 10.2916533929961 13.7483899253653 16.8885907531387 21.4976541056267 15.9643812000941 14.8687001129609 16.6932983980925 16.9093155121287 12.7985792554551 11.869811622281 13.1230219680792 15.7551735750571 16.4807095075081 17.4521985088867 17.859063607594 13.0694598489196 13.3651171760995 15.2925041307611 19.5082543944468 18.9625834451596 16.8278905958317 14.3980235757127 11.4467378530495 12.9109752815501 12.5775697827158 10.0152188258403 7.65650231825926 10.2055424693538 13.3672812855769 17.9624456451902 19.8472664574704 15.2597788950881 15.8921554856649 12.4560514290482 11.7154592789133 10.3387052876271 10.2970698309703 9.7404569348696 9.05972056705946 7.44768192172802 7.16402530918023 9.23249883726961 13.1271336539963 -9999 -9999 -9999 -9999 -9999
-9999 -9999 -9999 -9999 10.2913787372158 7.92540689504298 5.98938498106357 8.65985967185282 11.8883240089706 13.9181819829798 14.280232114979 17.3284384068884 22.1207236179998 18.9784748381077 16.1388525385973 18.9943212596615 16.4452287330374 12.600239057759 10.7793959934627 12.0585316099023 13.2419313596157 14.9752662660313 18.1777323398602 21.6220777226363 17.8641661664062 14.2234530477043 13.3217624732615 13.6838700181551 19.671692110631 20.9259675829476 14.9111321467405 11.3933753474922 12.3490108354045 15.9870567742412 15.6259299114315 12.7002949618042 12.4605352181044 9.84421334330164 9.71209448962402 14.6591511327523 21.1075247917888 13.5198002076285 11.8136179095825 11.2616132864683 12.9232960648174 13.0252691966711 14.1243592513424 12.2577247264752 9.95286881688869 8.58610610129761 9.14164420459683 9.62579255461483 10.9533794031764 12.8416883354661 -9999 -9999 -9999 -9999
-9999 -9999 -9999 12.5590271769418 13.129680351384 9.17813812237387 6.09858184385746 8.99725669119004 13.5216802959808 16.0379247778697 21.29544554942 21.7771293864992 23.016126165018 18.2031922906353 19.0624498033295 17.8448365744395 12.9056271834214 12.0055574678972 12.9286394593692 12.2901033636183 12.3927332410554 14.1091555801133 16.4090355950526 20.4412424197889 16.0548649730294 15.2199534931444 18.2082204077606 16.1243914970022 22.1957655592969 19.3319027300966 13.5126036880228 12.353137789324 14.3622032283945 17.9837329739998 18.8223855602224 14.7305227292218 16.4637517739428 19.0125015497762 17.1875727678331 16.7491540507724 18.3267275005465 9.16714903352347 6.5359463103096 6.87545180892979 6.75312394868384 9.49779505268463 12.6792717025169 12.1365155696654 9.53305950432093 9.16631473454314 11.5828865425583 11.5179433924273 9.0167546845293 9.13851407264145 -9999 -9999 -9999 -9999
-9999 -9999 11.1867437716564 13.2244094018333 15.1745936826622 12.830341763856 7.98135880760591 11.4200442016828 15.5430388814562 20.5697177821918 23.2569019462063 20.5289855935238 18.2571403781896 18.323927992503 17.1993992587087 14.5832537938775 14.1293518388387 13.4906728979476 14.4368078883957 14.8532585571385 14.3085210205842 15.7321657406894 17.3476949316666 19.5057309614507 19.152224583258 19.765907436993 19.1106834671087 22.7342494409013 23.6299534869365 16.4974364226115 13.9581356583049 14.1026052309708 15.2033688120668 19.3199081520807 22.252113754134 19.4399947128321 19.5475431741573 19.043150759305 17.9126524335253 20.1817534834089 17.032457386335 12.4405712589196 8.67168840832937 8.93049015675409 5.15680322092248 7.0669740255113 8.63032390994992 10.3919883033935 9.56381394500721 9.05589284084004 9.83893451034174 10.380463158725 7.67018604056948 6.22662194968723 -9999 -9999 -9999 -9999
10.5282060869115 11.0809605248035 11.613340122686 14.1689304072106 16.7164568999163 15.07394113466 12.3292844063353 15.193346866566 20.3625782088589 22.6212801479333 18.3858719419795 12.7419580138539 12.2412490869985 18.4070982255636 13.2639743141118 14.5564841359508 14.7739749091634 15.3916375366775 15.9562863973377 16.5630029454343 16.0035866286611 16.3216883756922 18.4384280002244 16.7644957004359 16.3802305420867 17.7524836917827 14.2242783158177 20.2608447492593 22.294180937209 21.9058740871201 19.6745034484592 18.8677323106928 16.6455907592266 21.1821425437342 21.4818461321771 15.4352434884526 14.0820292474759 12.6192348857726 12.0352704817238 14.6516193185596 15.568922434235 12.3171148901839 12.6204495176278 12.5869292021426 9.80317925077581 8.9037235003246 7.76445288387219 7.69996459867693 7.57882082832025 7.09792261937111 7.22454374847045 9.07901339758174 6.73868383219579 -9999 -9999 -9999 -9999 -9999
12.1562191901038 14.7256387696251 13.8078808291466 16.5333613118548 19.5536413867659 20.9947266810362 19.0706552555867 19.3356359818516 23.0748291641418 19.5674539535669 14.560975615638 9.74958443894879 11.4855695755237 18.1271230212229 13.1969487118731 14.3498694459723 13.8969590318387 12.9590994111178 12.9019876399184 15.1624265399211 15.2402905149788 13.5172007470143 14.4013768767554 15.8937296245559 14.303955617426 13.5366182537889 12.6565649611025 14.2635941559163 18.4291000536277 19.9730719967916 20.2709259179155 22.2060862006256 22.802890123749 24.4063160281897 21.5396132244442 15.3472598001354 15.5322584511555 15.1598127139319 12.1374812740117 9.87291581924358 9.81514358971386 8.56438715875249 11.0569881640207 10.721477992221 11.2945076624575 10.8466444300998 9.8361239758815 8.57278440304581 8.2420243754891 7.31758528041486 6.74761536857349 8.31754350672561 7.35493064431994 -9999 -9999 -9999 -9999 -9999
13.4139004094473 13.3940345680166 16.7360761386273 19.2538486295518 18.0417440496575 21.9255125073334 23.8980468099063 24.0962266254817 22.0039050950998 17.23122413499 12.379752189429 10.0296775521402 12.7823799707731 14.2595174757076 10.8929790122428 12.6810833498776 13.1260644575027 10.2743749284231 11.6875910671309 13.4505022979346 12.6852220133693 13.0364446374519 12.9082810864276 13.6699053409922 14.963253923395 14.490809289818 14.5345124839509 13.2270312781525 15.991431604595 15.0512845146724 15.1836815749306 17.5470108109497 22.3682907394448 26.4735694626372 25.9856147148792 21.9104386320362 20.5077216040945 15.4707785490016 15.1942934909379 15.4098303951116 10.8755212130303 7.8396067059132 11.5639540358532 12.8341268106465 11.6169210023406 13.3524481510076 12.6665866110252 12.0651775998524 10.5796556494829 9.20483807703578 8.10395140358804 9.53716484627172 9.66769239954227 10.2780836528782 6.90933352121655 -9999 -9999 -9999
-9999 -9999 13.242862352787 14.477743647931 16.8137627908383 23.9734641987162 23.8269741097622 18.9218939475896 16.3455576567902 14.8896272198028 11.4378491261984 11.8568159931803 10.3734088847779 11.6093652147335 10.9130588564372 10.9839987500115 11.6640020076354 10.827905374198 11.4946469734981 12.1770003743236 11.6645735765733 12.5041083994616 14.1416186728615 16.0032096142822 14.8797639293064 14.1883717370148 15.3658462104553 14.2924755568161 14.3681659589075 14.2711661927032 14.371942418774 15.5816621558773 17.9005900666429 21.6960456779055 24.2607100947124 26.7191914151328 25.5492661409314 18.811397756545 21.480762086316 19.750212809745 13.6702167552367 9.16704235962057 10.6601043610253 12.4533455741929 15.605305194018 16.4362653426035 15.6162508831527 12.4838714552304 11.3372517176479 11.7826252146989 11.302782885748 9.52327515758615 12.3913929984288 9.74972293286401 6.44463833879141 -9999 -9999 -9999
-9999 -9999 12.0416012616087 15.1101187734625 21.2196872174392 25.5035631561741 22.9917911568699 15.4920821598039 16.7892266929694 14.7521693494612 11.3705556527168 9.18211701370512 10.0034091627446 12.3909529297867 12.4981647513047 14.3025815174656 12.4101156550738 13.0319477722121 12.9289834489994 13.6129092360164 13.8929382174368 13.2884055937647 15.6832486464957 19.7617236429072 16.0257639090815 14.9822666839283 17.3681616004244 19.3320036270585 14.6275033406373 16.4027865636678 16.3636186642519 14.4438486564851 14.4005671090093 15.3303186793014 16.8340575938006 19.0225794080117 24.3495419928041 26.8363294107689 24.569156273277 20.3172312049816 12.737492904651 10.6609838093872 14.7534130130267 11.8962624275113 12.0495754735972 13.5731950042768 15.597482274 12.2276011428528 13.4492914946799 11.7844577364976 12.0232625920094 11.6475847984501 13.4829842620675 8.83274638659882 9.15287639192525 9.43509319608321 10.0803093469957 8.55584913858102
-9999 -9999 -9999 14.5317030610971 23.1816543605076 26.9644670011897 22.2495225777852 20.7212382660913 19.325457721772 15.1520258605073 14.7208920308344 12.0443007991064 14.7356036978729 14.3336955900401 12.8424211466971 16.2271697278058 14.9916063124258 14.5963590246087 17.015953039065 16.3623511205169 14.2457086848782 13.4463510649554 16.8518344781873 21.0884447596604 20.3372731521185 18.1084337941734 23.9322966140074 17.8307583823061 17.6761669410847 20.4624011652658 21.2780634299725 15.8155642041793 14.026895654 14.2664650763977 15.9963038637709 16.871070998945 20.106530353842 27.7946852274453 23.8336884437549 22.0929777522262 21.7446205369619 15.476913399751 18.4895850091116 13.2276321100623 14.787787744385 15.0282078640724 18.2007261712222 18.8880207135537 18.5183688250315 17.4018168471803 15.4162856683562 16.2827783657061 16.5246315505366 10.5217583687824 12.7606011094951 14.3837715029137 12.6241564859066 11.0987263899998
-9999 -9999 -9999 16.531923602656 21.3932074654651 26.9046870148916 27.8185415978134 21.8244927858299 15.9595694094858 15.5356777563332 16.5760243618593 14.9838669579857 16.7250353293649 15.0299600628161 16.1057752749237 15.4691485596771 17.4640388982195 14.7201445776991 17.7447402772259 16.1596092664829 14.5481289550895 14.9107022747414 16.294289806524 17.6869252216654 24.4978918280914 25.0260577954233 25.1802807552236 23.6297420570893 24.6619694483638 26.723711601821 23.4062031837559 20.4643763140067 17.5446708281563 15.2144126891951 13.7983013272162 14.4375927569619 17.3292753691973 25.8802398904302 21.4291739298999 13.4234701711473 15.0333137515963 21.2246448841149 22.135010190543 19.3092948448745 19.560132654303 18.5550339707086 16.7037350560535 19.7315407554347 17.1448656611457 11.2998086043511 11.9149993115445 13.5667986208164 13.1619156521673 15.3867415966408 11.5837905168775 8.09354927807617 7.28262809542972 9.73158752885344
-9999 -9999 -9999 -9999 22.562919470167 28.5034135262405 25.4024198704864 19.204831956692 18.2615758757441 17.0983047161003 20.8611267048298 18.2615369258336 19.097226146334 19.0225925008606 21.7017329303706 20.7437103265163 16.5060520159521 17.7265057807108 21.9405943218959 17.8999128002429 19.3531781698796 20.5839003320872 22.6628031549792 25.4863208372427 27.2245134291978 28.4089478154113 28.1946836448192 28.3715311785449 29.4644001333273 27.9016474730208 26.244796652796 25.5889608084603 23.687467736648 20.8578045480304 17.4909349085519 16.6037335966258 20.6675263532877 25.8102113069337 22.9796622691939 17.7447622744285 13.495805318713 14.0309191314659 15.1882103010499 16.5182548311733 17.5998573949211 18.9481301159933 17.8475959213269 16.6856346615938 21.472567034 19.7302812804602 15.4755048128302 11.7780348981879 9.6075523218654 10.9817280100062 10.5392220615036 9.9957876284546 11.5232703072992 14.5814511887807
-9999 -9999 -9999 -9999 27.02839191254 27.9145647150675 21.1092599698112 18.5424536045513 22.7101843548262 22.1098056245958 24.2261596573612 22.3157568240003 17.8651605379224 19.7654771529042 19.2448140321043 21.0965426709106 13.8220588310414 17.8781298033085 22.9923058085663 24.7537941597477 25.4551654635868 27.9496773645024 27.9374871037224 25.9199285398728 20.9057310103786 19.6838952037256 22.826466060233 21.4154896742789 26.9755584379973 28.3350392121084 28.6690553509354 28.4248642458338 27.2343509853555 26.4083851810811 25.5950257766323 25.2265898220725 23.6252388732528 21.3621759684499 16.0295744559493 20.0436864513851 16.5820024069535 13.5183283038986 12.0511886711299 11.9727558292652 11.4420100787979 16.3609242954108 20.0121412277953 20.1261106467722 18.9998939082336 22.2328922994835 20.3921817905933 15.5390916055413 11.4470618494144 12.347198935918 12.2409709595748 9.39813943350888 13.2242968301242 15.2078836769425
-9999 -9999 -9999 30.7278623229648 28.0004590920427 23.6042595064364 20.1186557414632 23.1184333707469 26.9783268348638 25.7449532899558 21.8889650977031 17.8061046262182 15.3861972282886 15.5121284608491 17.1049634009432 22.0096729917132 14.6138966247261 13.4194176067862 17.8566051492464 19.03645643969 20.9423189963642 26.7193398883154 24.7040215908086 17.7681918946487 14.32116888336 13.9515133075109 16.0569077255219 16.4814159102904 22.9671322259996 21.4747385990323 22.8154153627425 25.3226646901546 25.6376706948133 24.4382708331221 24.069300049994 21.136928851381 15.5547295162247 12.4653425655251 12.0514271959142 16.6020795779287 20.3431944391221 15.6322246646736 13.7980811984033 11.4446621651399 10.9552513071068 13.3373159467184 16.7339088817482 20.9954880019365 23.4637895290897 23.6224263817097 21.5587875647844 17.3532650654833 12.945783659638 11.5885021713636 16.1101670414302 12.2324792075923 12.9489278709747 17.0303471215336
-9999 -9999 -9999 -9999 24.4918689182105 21.6672087449779 24.2090314357773 27.2673708065293 27.9856915857161 22.9964981678632 19.4693516528172 16.4189894212677 17.3450939468218 18.3699442383569 22.3914075554451 22.61675826806 15.592401228075 15.7146511730924 17.5993683621776 18.5351485413431 22.61053729565 27.38962177901 24.5501933610291 19.7280307890864 16.7828460374336 15.6768884575327 14.3713516001637 14.6427095296147 17.2732112670555 16.567363055842 18.129584567033 19.2939415954562 19.9609536838014 19.0534304488106 18.6569474267567 13.9265891475349 10.0341831843013 8.90726025110351 12.8860270409682 17.1465691378085 19.4809415828617 13.9564816550261 13.2591407347256 12.5239643144775 12.0075894952621 13.0204903594779 13.4000461433943 16.5773806327449 21.6011107905209 20.6432683877166 18.520967128497 20.5777993797645 18.2851730433693 14.5766884995239 17.6922040976894 18.8664462120322 15.978441465051 19.8233937595412
-9999 -9999 -9999 -9999 24.5235102761411 25.6755784480923 29.1488996272846 30.9333715426624 29.5080179907569 25.943018294 23.5074074969179 20.3380228423621 21.9100673953664 23.906716586871 27.1115690129536 21.785319943977 16.711776771683 18.7499517754731 23.1542170026528 24.9447375544094 26.0947628713666 24.09624100238 21.8927422444711 19.1636873223652 18.1800011764866 16.0640966204457 15.1122823851192 14.6578284361409 14.6519161962781 14.1456127811563 14.3547798305838 15.6376541512705 15.4999571122007 15.5823977305972 13.9915501667134 10.3710397718411 9.42295020894931 11.531012746147 15.0903007435151 19.0486488319049 16.3677966075772 16.4703058472263 15.3868330936297 13.0431952688915 11.8083721227646 11.7227173332022 12.113608736004 13.1202911672904 15.4265672185506 14.2477736371513 14.3886911275413 19.0600319090487 22.0649124778366 19.7113585211756 18.4225524155778 18.1252549081264 18.2801944800303 21.0354594513864
-9999 -9999 -9999 24.9562718020052 27.4758396732965 29.1623147332047 29.1623562646611 30.2878457726332 31.0784860480132 28.6078264760463 24.5507132997437 25.6568094148336 26.9369066236242 28.4007138333697 27.0107843044249 22.4082118848038 20.7576928752852 22.0065046875391 27.2969108938489 27.9409213887486 26.0340745287378 21.9699711318367 18.8143647326635 15.9589415636339 15.6506933272932 13.0878308626118 14.860368249927 14.4978492079218 14.763748254918 13.7519948783369 14.5137808844527 13.863422287986 13.7902452991196 13.4748785847461 12.5520669548978 11.5170410202674 11.1607889711666 12.0950818817042 14.2709856196458 17.4619458153528 15.1427400887128 14.2844315375115 15.3934186543283 13.7624922333885 12.5529603907401 13.0661971615757 13.8576389616716 13.9583114131955 13.6955431947309 12.8759378694017 13.4117661365759 15.3659348501783 19.7223341226534 19.3849168474374 17.1292106438306 13.3273813490536 12.939663414028 15.4922309574015
-9999 -9999 -9999 27.7851197740935 30.742453344541 30.956134907807 29.8804833689024 29.7193760672136 31.4371025607389 29.4778414923365 26.7402479094148 28.366781351022 29.9648429444596 31.1779624728608 27.2079687375064 24.3662036375644 25.1844259098294 27.0620788032444 28.883004614786 25.5339742627372 22.3694831891749 19.8108270232189 19.2173096799538 17.3663066293125 15.3552940232414 13.3336439711111 14.5789425556122 16.2754384425104 15.3950790906262 14.5110463577982 14.8811536578217 14.0099490691242 15.0826673117172 14.836370171749 14.1431905889712 15.0376823984992 13.7665722257178 13.5556273224977 14.1944311498278 15.2347110434227 16.9320373019154 14.6667848514663 14.2403084385294 14.4303670740153 13.5338726499555 14.4486885249785 15.1145930444036 14.2941266491472 12.7421768682123 11.7118444795723 11.2629043214073 12.0582952260001 15.3043037317934 16.8304035865228 18.5662845781846 17.780596314331 13.4877473485196 11.4522174564611
-9999 30.1290306870184 30.6787810112055 32.0056261384994 32.9781769132265 32.7272121381712 32.4348831428446 32.0239268336322 31.1768469480348 28.365924042127 29.0459908725604 30.2135520819466 31.0935353998946 31.1140204173994 28.2071912492726 26.7166023155354 27.5722418528958 28.9901375168011 29.3632293978792 27.0661482083976 23.4311106490309 19.3471665645177 18.3726563014696 16.9109551031913 14.4532295522419 15.936245448849 17.501208230249 16.2636456434059 16.1819106418893 14.6844874199305 14.3956550461921 14.5272620927667 17.1060559273413 17.1046300444699 16.2415761982573 16.8889492488051 14.5710626619996 14.4648221519932 13.3948873212392 14.4397703492069 16.2928190935225 14.7256115298779 14.071069719174 14.2594647399384 14.1356546651013 14.4018998124672 14.8655952963918 14.243667508668 12.6817793635753 11.6025927370317 11.0526737279135 11.1502777983995 11.659132534336 12.6807107248077 17.4473310206994 20.6473941042613 13.8729435385597 11.5306242088857
29.6668352400495 32.5721304958114 33.2628176466992 33.9360258590941 33.7604397746366 33.5330693290321 33.1152047884017 31.833480149864 30.8209738791153 30.0623510039407 30.6210889692152 32.0721860886836 32.0187659485598 30.4807592507308 26.4811038403097 26.976192478 28.1688261240178 29.2966474850681 30.4404165890567 29.2589846756709 24.9484204705665 21.303374556442 18.7766956953097 16.6461726954834 16.1703807219397 19.0261131862932 17.508309774287 13.9711396441754 14.2363122278045 13.3512114496799 15.4292285225237 16.6856647383969 19.6289643115367 20.2586551855492 19.9938335253336 19.9270014134326 18.5065515621425 18.1015686463411 16.4902725018234 16.2491903001439 15.261372143249 15.1842934529504 16.1879022007045 15.690285784872 14.8540702189946 14.6897116242565 13.4726069034933 12.6736518532045 13.0532962363013 13.6139638185173 12.4873020820023 12.2479186132967 11.114931179442 12.5468910478705 17.2082974283419 20.6649301949661 13.988451229653 11.4891688268102
