catData/variables/futureClimate2070/rcp85/HadGEM2-AO_rcp85bi70/bio15.asc
NCOLS 409 
NROWS 350 
XLLCORNER 60.897278365 
YLLCORNER 5.843756025 
CELLSIZE 0.0892857 
NODATA_value -9999 
[rows 81 to 107 of 350, columns 0 to 59 of 409]
99.0468601034627 100.443571701417 -9999 -9999 -9999 -9999 -9999 -9999 -9999 -9999 -9999 -9999 -9999 -9999 -9999 -9999 -9999 -9999 -9999 -9999 -9999 -9999 -9999 -9999 -9999 -9999 -9999 -9999 -9999 -9999 -9999 -9999 -9999 -9999 -9999 -9999 -9999 -9999 -9999 -9999 -9999 -9999 -9999 -9999 -9999 -9999 -9999 -9999 -9999 -9999 -9999 -9999 -9999 -9999 -9999 -9999 -9999 -9999 116.46589236 114.970601042788
97.1161724402999 99.0102764586717 100.397692262957 101.24950908 102.341546726213 -9999 -9999 -9999 -9999 -9999 -9999 -9999 -9999 -9999 -9999 -9999 -9999 -9999 -9999 -9999 -9999 -9999 -9999 -9999 -9999 -9999 -9999 -9999 -9999 -9999 -9999 -9999 -9999 -9999 -9999 -9999 -9999 -9999 -9999 -9999 -9999 -9999 -9999 -9999 -9999 -9999 -9999 -9999 -9999 -9999 -9999 -9999 -9999 -9999 -9999 118.856237361506 119.186442390875 119.029143427497 116.16229466 114.19750894
-9999 -9999 97.4735284465415 98.5286676163147 101.24950908 102.077794747338 101.87458858 102.6429636 102.582769061649 -9999 -9999 -9999 -9999 -9999 -9999 -9999 -9999 -9999 -9999 -9999 -9999 -9999 -9999 -9999 -9999 -9999 -9999 -9999 -9999 -9999 -9999 -9999 -9999 -9999 -9999 -9999 -9999 -9999 -9999 -9999 -9999 -9999 -9999 -9999 -9999 -9999 -9999 -9999 -9999 -9999 -9999 115.76738478 116.3214818 116.720966026158 117.66018818 118.117600707524 117.486778092826 118.055391541873 115.32303556 113.12608054
-9999 -9999 -9999 94.4250604608995 98.3567056799999 99.5454079888461 101.020687006026 100.537338650002 98.9269016239761 98.3572499999998 98.3572499999998 -9999 -9999 -9999 -9999 -9999 -9999 -9999 -9999 -9999 -9999 -9999 -9999 -9999 -9999 -9999 -9999 -9999 -9999 -9999 -9999 -9999 -9999 -9999 -9999 -9999 -9999 -9999 -9999 101.052583822201 101.74950308 101.488378960302 101.2679375 100.39346172 102.15974586 104.229074723949 -9999 107.42812688 108.710486697024 110.508736991951 111.64241208 112.71384048 113.739064721124 114.76738478 115.83881318 116.178625 116.106903045224 116.96378588 113.390186232726 111.128182261701
-9999 -9999 -9999 94.983356325438 95.2296011209923 97.1988297516564 98.2811348756953 99.0249285260935 99.3610872407966 99.52629632225 98.9821159 98.4144080550939 98.6898864801956 99.0488526328439 -9999 -9999 -9999 -9999 -9999 -9999 -9999 -9999 -9999 -9999 -9999 -9999 -9999 93.048852589922 93.8423402574296 94.0357682 94.0696015757348 94.0536523 -9999 -9999 -9999 -9999 -9999 98.0258587164065 98.55310198 99.0357682 99.0475751143518 96.8849640540005 96.0894205 98.6502909908117 99.0517173898911 101.088627437594 103.158709969758 104.371166217109 106.49900376 108.33881438 109.042465340836 109.49955528 110.062904306133 110.66029618 111.08334327143 111.807952775922 112.0715364 112.94600978 111.145899635953 108.018682005327
-9999 -9999 -9999 -9999 91.1280533898189 92.3649235262615 95.2902148625837 96.7858228 96.4714951143185 96.3446139830982 96.811666567871 95.639813955807 95.4642127805148 95.05419902 94.8288216668416 94.7925436494804 94.7351747658022 93.6821229957513 90.671341343108 88.9293007295357 88.8393671 89.1261914274117 90.1803534162666 90.8632429199447 91.41024758 90.1581426473007 89.5712991090211 90.62453278 90.1328603583351 90.7741105579868 90.9435593056915 90.8929114 90.8976641730478 91.2582619032742 93.1245315800002 94.19595998 95.2272861644797 95.8574498743151 95.9187554248836 94.7469118987943 94.5359473950548 93.4544771923017 93.7925016898292 95.6553051729859 96.83881558 96.9811208600005 99.3855079554586 104.04452355178 104.851768911898 105.212183975576 106.655302901492 108.28527008 108.8393671 109.396602149712 110.410661666034 110.118183612934 110.738954861323 110.805986504998 107.052863328679 105.789232424713
-9999 -9999 -9999 -9999 -9999 90.3003729608666 92.1066522800001 92.8750273 93.4367908634104 93.9849529191519 93.0474238191567 92.1098947191613 91.8325609991661 91.0519705208291 91.4527471808246 90.6413151208197 89.6724130191848 88.4871052183788 87.7500546 87.4496861391988 85.8750273 85.8371542007917 86.4522136607871 88.1267159792178 89.2027378807777 88.5211322392268 87.8325606992317 88.4237832815273 88.5247226007589 88.6093950992457 89.57098848 88.8728609007449 88.8277249807403 89.7652540807356 90.7317293800001 91.80315778 92.1724316192783 92.9627980400007 94.2370533185756 93.2862651199999 92.297342519297 91.9085676006981 93.3807630606938 93.7500546 94.8141709793158 95.7803875613593 97.8662458193252 101.66512049866 102.077699180666 103.318274460661 104.671880999344 105.140231880651 105.560429600647 105.647266998716 105.832560099363 107.246828360633 109.155427161256 106.876689059999 103.66240386 102.60775172
-9999 -9999 -9999 -9999 -9999 90.623548741887 90.9897324791406 91.6071978 91.0788801405658 90.0212466002936 89.7019930338156 89.6071978 90.0080669823062 89.0385314703563 88.6071978 86.5147387443185 86.2143956 84.6211300994971 85.4107967 85.2820648331655 84.5162159410063 84.0303837116561 84.0552253421593 85.5202609030192 86.4107967 85.937666131153 86.1377281525159 85.966557807631 85.3159888402934 85.5556338505661 86.55310438 87.5932674291403 86.7861656745283 86.6071978 86.8388179800002 87.8507273055346 88.4843443907967 89.7697613257448 91.73172938 91.8569004995807 91.6071978 91.0192695924529 91.448926891216 91.7789458051154 93.5096306385533 93.6140060755558 94.3915066376728 98.6997140895597 100.259885586772 100.71384288 101.711724060566 102.2143956 102.00187757629 102.98111846 104.46378708 105.24783487782 105.253077782579 102.762722993752 99.9446436601681 99.3900628535846
-9999 -9999 -9999 -9999 -9999 -9999 90.1437574948381 89.7321705 90.0063550121036 89.4530927394455 87.8177314532122 87.62203016587 87.4256147170554 87.0718790688145 86.7849189361567 83.4684598765008 82.4933153416822 82.7368139618168 82.9524518110509 82.4643410000001 82.12516655958 81.2218849875521 82.2805360097887 83.0770842422366 82.9286820000001 83.0863705230793 83.550149811474 84.2678420916054 85.2673907800002 84.4180178011307 84.9603943936319 85.1965115000001 85.1077481200001 84.2394155843416 84.6959611800002 85.4643410000001 86.03940994463 87.3264787650275 88.24950428 89.3209326800002 89.7321705 89.5362213543962 89.6794207782618 90.6066462800001 91.67807468 92.0253808075301 93.6418629600001 95.6245303800001 96.5718906315832 97.3128928868664 98.3971021790483 98.9710224443639 100.025379050321 101.594315585005 102.326246069534 101.857354922813 100.85780752 99.3803252762573 98.5039501207866 96.9514150396665
-9999 -9999 -9999 -9999 -9999 -9999 -9999 89.8121471934266 88.9581201931867 87.5888678650215 86.5030045997602 86.5285371815517 86.6490079853745 86.4077629143857 85.5184320199998 82.6980424599997 80.4296662399999 80.9995636800002 81.8649237242292 80.6607421 80.7393218900834 80.8971875609322 80.7877871880521 80.7053699570364 79.9882371279583 79.8500206099896 81.0786365760107 81.8911767329739 83.3301580439167 83.9418730181148 84.303132579927 83.6608727132658 82.6322060757914 82.3907570262399 82.8923622800001 83.9691769745464 85.5478581923339 87 87.3418242081981 88.2495042800001 88.4367672302293 87.58986522 87.8520914122608 88.85670208 89.6072250142919 90.9881065146924 91.4688932963232 93.14241568 93.9863430049364 94.60609236 96.3678187811575 97.4202039342045 97.788943842417 97.6251946999999 96.9767405066546 96.394761695464 96.5904229340814 96.6607421 96.3398374485109 96.2465921009459
-9999 -9999 -9999 -9999 -9999 -9999 -9999 90.8214403826693 89.0303491966455 87.4903380760869 87.07197512 86.2423452525783 84.9507424378891 84.8418422167998 83.8671452914886 81.3250091538218 79.10818204 79.4137832311122 79.5893137 79.5235241449342 79.4102499800002 80.1244941913751 80.37447938 81 79.7528647583796 78.0005491199999 77.9783744677579 79.2107156575531 81.0090584114082 81.9193214526998 82.1689648330283 83.7301746375932 81.67807708 82.5606990588372 82.3569367758114 83.2122310400405 85.9637906800001 86.7724409306624 87.4249237919464 87.9265416574318 87.0686781934047 86.158160611906 85.670199442783 86.46378948 86.9777835878387 88.61376453315 90.1616668169212 91.9157743962285 92.7787996109179 94.3571785312133 94.4965696605914 92.9113518199998 91.83992342 91.1154592243629 91.6067566800002 92.1163466387766 94.5877623400005 95.5377616368808 94.6434119200001 94.5302058924968
-9999 -9999 -9999 -9999 -9999 -9999 -9999 -9999 88.6478933820403 87.3391099673422 85.7511301857048 85.0357706 84.6938651175701 84.1651587207924 82.4296662399997 79.8652094975173 77.66183794 78.5363185199998 77.5536559000001 77.4706936890325 77.4907304813403 79.30305098 80.0133953521102 79.8207919044176 78.5004781144397 76.9291207199999 76.5178853 77.2756772157355 78.3279801075397 80.2981222691858 80.5198202540895 81.0184356199998 80.1673281103198 81.8325387039144 83.0188743399996 82.1098923190715 84.1086737368698 85.6966535185075 87.3031386398555 87.4470084199999 86.0336770234192 85.165161034943 85.3942060600835 86.35659048 87.4280188799999 89.0072508516075 91.5842481202667 92.9227703451181 92.4145040704418 91.4871291273727 89.561277759383 88.3584999014318 87.5542098200001 86.48278142 86.7317293800003 89.2402205759633 92.4449055400005 93.9102439800002 93.0898688200001 92.9831601490627
-9999 -9999 -9999 -9999 -9999 -9999 -9999 -9999 -9999 86.2479239433586 84.125410538677 83.2188216992869 83.8119034972509 82.863390924785 81.2848765331787 78.3765582599998 76.10818204 77.5362057199998 76.5044074149649 76.0886743829992 77.1201977590373 79.1352992010728 79.2792679968913 78.5540922199998 76.9099280743612 75.3041492199999 74.8929138 75.2978977667115 76.6080337953247 76.7992692547208 79.3025343618108 79.4387175785675 79.0792580469367 80.2848160855043 82.1325538449194 81.7819578008476 83.3024970600002 84.9516981672965 85.96379068 85.8576947199998 85.1517102602439 85.4833289346241 86.377681387656 87.4280188800001 87.9758485478998 90.5575691896791 90.6384285159152 88.9650089199999 87.6619627399995 85.416260945761 83.5785397801155 82.9854579821514 82.16141002 81.741789447553 82.8114583917408 86.6708183297044 90.7465687476692 91.8368715743674 91.9942068271934 91.4117965399995
-9999 -9999 -9999 -9999 -9999 -9999 -9999 -9999 -9999 -9999 83.7929783650514 82.7348222320767 82.2100172861366 80.6618379399999 78.3182638689739 76.8912770794103 74.85823904 76.7327196199998 75.7722433853506 75.9599605860682 76.0685446487438 77.6932801766413 78.7659610601623 77.0930817576147 74.5947461968377 74.2651756681285 74.6249715 74.8993503687093 75.8030497800001 75.6720457598718 78.226268511675 79.6033037630936 78.4305030827437 79.2202682629658 80.519784511325 81.4167004343846 83.1239824600002 84.6537066541968 85.51733378 85.7791974027778 85.6249715 86.6309684486409 87 86.2349084601792 86.1250855 87.2371705770428 86.3447772256241 84.4897538228973 82.5170954286062 80.0076725943162 78.7347038599744 78.0542110199998 77.6294173571113 77.9708586971538 79.4454618600004 83.3259288885723 88.2141741457188 90.2181273800175 91.3209302799999 90.3295372714096
-9999 -9999 -9999 -9999 -9999 -9999 -9999 -9999 -9999 -9999 -9999 84.2152658399998 82.2728444233874 79.2141468855406 77.0129344756933 76.087411711536 75.4256438781622 75.2983364696982 75.0269492996846 75.2549651309326 75.0703206384503 75.1575296791655 74.9686960255681 74.3623596802033 73.5068096480368 74.053897870729 74.3036001 74.3036001 75.6658936664872 76 76.5743546645573 77.2038745966769 76.7577783889557 78.3522343404272 79.0001206501903 81.0287346816143 83.4453538600002 85.1423052800002 85.8534624873414 85.5899860767241 85.3036001 85.5257196954899 84.4887159697452 83.0744336857444 83.5695278763615 80.8095301930211 80.1600659951918 80.19762174 78.1457443576601 76.9378319283421 76.7392159399354 76.1682239106816 75.7967923374023 76.0172124519161 78.543486425067 83.6418616463004 88.5451841562332 89.314797036846 90.2495018799999 89.2636782956185
-9999 -9999 -9999 -9999 -9999 -9999 -9999 -9999 -9999 -9999 -9999 -9999 -9999 79.2231326097109 76.7315637396382 77.3720439313734 76.0830652318637 75 74.9318431220444 74.1091700751006 73.9978825155295 75.3944174587867 74.3350642485391 73.8964728326741 73.8879391203821 74 74 74.5617596004491 75.7573235126074 76 76 76 76.1093717248324 77.4781712642228 79.4089131890556 81.9794237880024 83.173885914115 83.2254912402273 82.9286868 82.7919928837736 82.1896020892824 81.3669290423388 81.4045712538146 80.5898676199999 79.2313715845231 77.4470108199997 76.6212575723797 78.0347908793235 76.7683822199998 75.8376713135782 75.0898688199999 74.1219664729015 73.9736270680841 74.8209314800001 78.3798355879304 83.8279435651265 87.8277509581836 88.9327608375214 88.4933214685913 88.2374311479443
-9999 -9999 -9999 -9999 -9999 -9999 -9999 -9999 -9999 -9999 -9999 -9999 -9999 -9999 -9999 -9999 -9999 74.9854494876744 74.1464747955957 74.108693897732 74.5958179314548 74.2727731854066 74.1005482486768 74 74.4341778552174 74.8392567 75.9473994635162 76.0213551899435 77.3162713882988 77.6785134 76.0907965303219 76 76.0142681186204 76.2122428107001 76.5939240762395 77.0131728288095 77.4394854144608 77.892783497731 78.2378923410013 78.6429732 78.5368519875419 78.3646270508122 79.7984968740828 78.5523578626472 76.4296782400001 76.1434107199998 75.1147855185093 75.0205438617354 76.7683822199998 75.4426202830256 74.4148293204894 73.6448995929695 73.5464223335704 75.4280164800001 79.1401976000009 83.8833254834037 87.4091349400005 87.4066580937266 87.1694392264069 87.1780734800002
-9999 -9999 -9999 -9999 -9999 -9999 -9999 -9999 -9999 -9999 -9999 -9999 -9999 -9999 -9999 -9999 -9999 -9999 76.5703799535282 74.9249928271673 74.9793126524295 74.9106851 74.9106851 75.7228482424405 76.7782611291831 77.3575493304139 77.8499854399789 78.5116170992149 78.8755039215915 77.3179366023975 75.19750174 75.1366750239849 77.6596992248167 75.8541157328115 75.0893149 75.3652967263822 76.3744769800001 76.1878412288479 76.1670917451726 78.1616687895393 78.9106851 78.9106851 79.05413329288 75.7476192136861 75.0989780255074 75.9826674199997 74.8304057180526 73.2781188769115 74.6691195034236 75.6698872807379 74.6031028393304 73.9698375597947 75.37336434 77.9463047391255 80.8305491225564 84.1708791016809 85.2151716462526 85.1898411975126 86.0400484571094 88.8071357065872
-9999 -9999 -9999 -9999 -9999 -9999 -9999 -9999 -9999 -9999 -9999 -9999 -9999 -9999 -9999 -9999 -9999 -9999 -9999 77.6316827664011 76.4370728254461 77.9463405 77.9463405 78.4002240095072 78.964227 78.9747579376602 80.2788823765268 80.2408914116267 77.6160554096695 76.1456534660333 75.9840485839137 75.9489938505985 74.0683706676072 74.1902342394541 75 75.30304858 76.0066980825028 76.0019351268412 76.0006200813119 77.1954108600003 78.0178865 76.5808207457715 75.2649758269622 75.0089807558441 75 74.0354629808078 74.0147112534625 73.9849787273454 74.008285662844 74.0303525645014 74.7467415412746 76.4021543363485 77.9902565077283 79.5635176318051 80.6659185917633 83.2127362399998 84.8065678159654 85 85.016918872188 87.052483227471
-9999 -9999 -9999 -9999 -9999 -9999 -9999 -9999 -9999 -9999 -9999 -9999 -9999 -9999 -9999 -9999 -9999 -9999 -9999 -9999 80.5367548399996 79.0486777757982 78.78614632 78.9808170107024 79.9446016759681 79.8298690514682 78.5007944265156 76.4544763375316 74.4693489730471 74.1539050232658 75.0558866444843 76 76 75.9914230277344 75.9464581 76.24950668 76.9464581 76.5005527199998 75.4568233535154 75.4941918427041 75.2498794360304 74.9072858297347 74.9359128825152 74.9464581 74.9971036070151 73.1943628407354 75.1070838 75.1070838 75.1070838 75.1233094682649 75.5351002800001 77.0046826744707 79.0882046599999 81.1680148254706 82.6419940095149 84.5024053017646 85.8995834340148 86.0602628337354 85.1076401200001 86.0009278907646
-9999 -9999 -9999 -9999 -9999 -9999 -9999 -9999 -9999 -9999 -9999 -9999 -9999 -9999 -9999 -9999 -9999 -9999 -9999 -9999 -9999 79.9697316805706 81.2974085204623 80.4156020780777 79.0946309552309 77.0724114399999 75.5072431052314 75.1249703 75.9280200800002 76.8901646795021 76.8817897709254 76 76 75.8798466496083 75.2499406 75.5151171080429 76.1249703 75.6790649199998 74.9956675846265 73.8446609125263 73.7026566651604 73.3598116634163 73.8276606080073 73.8907164994307 74.9391438091458 76.0173325800002 77.0110924862989 77.1249703 77.1249703 77.4658882520285 78.6244151800001 79.3056652291816 80.40957366 81.3013334136655 82.4053091301782 85.0119890530247 87.3561493600003 86.9848692206404 86.0473375492172 86.0194959377939
-9999 -9999 -9999 -9999 -9999 -9999 -9999 -9999 -9999 -9999 -9999 -9999 -9999 -9999 -9999 -9999 -9999 -9999 -9999 -9999 -9999 80.2570181585057 78.9264527365912 79.0743576633764 79.2075955935702 78.1873751343541 76.546138726042 76 76.6453318471728 76.8036013 76.0434695426335 76 76 76.1287303226573 76.8490912022458 77.0595183471488 77.0493051158961 76.3576959199998 74.8705374218581 74 73.8703394283357 73.9472903165673 74.1577174614704 73.4936688263734 75.4703801112764 76.6031245838205 77.4641258389172 78.2278596859858 78.3927973999999 78.9988897599999 80.840818300695 82.0350990800001 83.4206524389975 83.7232705754041 83.5224575003073 84.1771241347895 85.8411703698867 85.6811623949501 85.7929764799197 86.0312567351776
-9999 -9999 -9999 -9999 -9999 -9999 -9999 -9999 -9999 -9999 -9999 -9999 -9999 -9999 -9999 -9999 -9999 -9999 -9999 -9999 -9999 79.1612948199999 78.2904578727104 77.6735184075847 76.5102680376289 75.9191845498677 76.1768175712738 76.0718790674966 76.4301569874662 76.5356542 76.5356542 76.5356542000001 76.5118809613484 76.2678271 76.4374131188893 77.2218839576595 77.1838091071402 75.8219217199998 74.75049332 74.1101406327409 73.5166263484886 74.1953934697184 75.1236237290522 75.7362437243553 78.1345162931854 79.009284269274 79.5356542 79.7387466370962 80.8034813000001 81.40957366 83.3518415784299 84.7137300800002 85.2678271 85.2678271 85.9280152800002 86.2678271 86.8557948718372 84.8449951987848 84.9748797187555 86.0126886881483
-9999 -9999 -9999 -9999 -9999 -9999 -9999 -9999 -9999 -9999 -9999 -9999 -9999 -9999 -9999 -9999 -9999 -9999 -9999 -9999 -9999 79.0539710200001 78.4774130013969 78.6785110000001 78.327492711172 77.4216957059105 77.2300112809473 77.3522538512479 78.1458043960838 78.6359270321951 78.3576069902488 78.3333745126926 77.91123662 77.0543459424198 77.3392555 77.2364446024678 77 76.4028187673551 75.3189190502008 74.6109786277569 74.1152822146867 76.2078552486082 77.2902047404258 78.5126321240365 79.62441518 80.040671313812 81.4295934519512 82.5687105035869 83.7570886057629 84.5210487766811 85.8055535608753 86.3123944415688 86.5030034840125 86.5389954935439 87.1147267089002 87.3392555 87.0668180737876 86.4221965237685 85.7142561013249 86.3392555
-9999 -9999 -9999 -9999 -9999 -9999 -9999 -9999 -9999 -9999 -9999 -9999 -9999 -9999 -9999 -9999 -9999 -9999 -9999 -9999 -9999 82.1076329199999 81.0362045199999 80.4106839 80.0133964600404 80.23150018 79.9825426199997 80.5050481166764 79.3587187889107 79.5153440705728 78.64340952 78.5791003171927 77.9476903110755 77.5050874950416 78 77.9458657654477 77.35999280018 76.0637576609785 75.4106839 75.6524790482549 76.2456957885506 79.2208058919385 81.0350990800001 81.5911848237858 81.8117045446625 82.8356042231031 83.7996604236972 85.4764710993169 86.0529855800002 87.1244139799999 88.0420516990347 88.4106839 87.89335252 87.9994436800001 88.4106839 88.110220749621 87.1969550199998 87 87.3884666320273 87.8071333481796
-9999 -9999 -9999 -9999 -9999 -9999 -9999 -9999 -9999 -9999 -9999 -9999 -9999 -9999 -9999 -9999 -9999 -9999 -9999 -9999 -9999 82.360941324985 81.62552062 81 81.018507908774 81.6245399800001 82.0121567320633 82.352723666241 80.4601231364499 79.5426279133403 78.9922389168689 78.9642246 78.9642246 78.9642246 78.7408907245874 78.0108416841689 77.6345042924993 76.9642246 77.463050557087 78.801060868753 80.7545612420762 82.5568523508285 83.3801129606193 84.35658808 84.4482721995988 85.4726458099916 86.9642246 87.0471847095726 87.7137300800002 88.78515848 89.6626511010554 89.9642246 89.696305041474 89.7512483483168 89.9642246 88.8798866678981 87.6790673199998 87.9037066725206 87.5420337318104 88.4665171541209
-9999 -9999 -9999 -9999 -9999 -9999 -9999 -9999 -9999 -9999 -9999 -9999 -9999 -9999 -9999 -9999 -9999 -9999 -9999 -9999 -9999 81.4464593 81.0719799199999 80.1996311953232 79.6619490512125 80.03522388 81.1066522800001 81.7730984691798 81.175860514712 80.6095810838919 80.5535407 80.5535407 80.5535407 80.3761953599291 79.3678525297139 78.9717825431073 79.0350990800002 79.6606221000001 80.4089243572852 82.6105095892511 83.5899279684268 84.28515968 85.442579517717 86.5350978800001 87.0829298180699 88.1244139800003 89.1070814000001 89.1957527415378 89.8922398800003 90.7959198853905 91.2742690588547 91.5535407 91.5535407 91.2276381992469 91.3654410272891 90.4952870938249 88.8595183396391 89.4280140800002 88.1853322734326 88.4746270200307
