catData/variables/futureClimate2070/rcp85/HadGEM2-AO_rcp85bi70/bio16.asc
NCOLS 409 
NROWS 350 
XLLCORNER 60.897278365 
YLLCORNER 5.843756025 
CELLSIZE 0.0892857 
NODATA_value -9999 
[rows 75 to 99 of 350, columns 112 to 167 of 409]
89.0522930884076 91.1796411556787 91.4643362 92.5162979400008 95.6656039679366 98.618856224045 104.256286436109 108.44476634 111.65905154 114.308021931634 116.579579924904 119.56973904 122.253575518128 124.46320916 129.603120031205 135.510519074236 144.456172863032 152.544233858948 161.87635758972 170.828012770774 179.11247726669 186.790878202602 192.009690121484 195.272091654431 197.441888169656 198.64259448 199.230664697828 200.588938958086 204.696125832 213.459643720002 223.609176948342 235.293696781745 245.833530780002 257.607818454283 267.249219160001 268.342280309203 268.170888298687 273.395447425548 284.988819586861 300.381837450946 317.400397535034 330.440615959116 337.211645200001 340.179624827289 339.51845122 332.788930438155 324.318564381812 320.130326898203 334.730758706318 371.8259361082 414.469691496438 456.44625560017 492.260083575627 516.404689931853 537.513671411065 572.962236203683
86.5939174239295 88.9874601956582 89.9632867295089 91.0460855548337 93.8968776344206 97.7144301899603 106.254384446405 111.060528806366 113.547827765541 115.597164087642 118.233031891945 121.566504591533 122.88471126888 124.46320916 128.470290480591 132.81932492 140.24679193894 146.77562886906 154.894816368645 162.08566306 169.428514195642 175.698269847408 180.44449802 183.83843446 186.15679637383 188.274138848485 189.62461198 190.944243955067 196.121881980001 204.877160104109 216.369199379999 227.781019920002 237.541149125741 248.119357544915 254.73133866 256.370942538368 257.85780899878 264.556790579195 277.879330319212 294.783800120037 313.089842200433 327.278019440842 333.79174913749 337.562996941668 337.999037786241 329.815426562491 318.721223657431 313.50455726986 327.368734630163 364.504084378575 402.032987859001 436.923406785229 465.4312894931 486.005866654208 507.428423954469 543.225980733239
85.8030353800002 87.7489275600001 89.5033171302557 91.0346411600005 93.2503943664452 97.6777229200387 108.610087626599 113.01679819344 114.37446258 115.89178196 118.127043692686 120.114326099604 121.97036387427 123.752058726126 126.257924969387 130.624910827353 136.465495035908 142.478472460002 149.85327746243 156.06778136 163.009456508953 167.74799492 172.187495084526 176.021455061266 178.90919614 181.881690265257 184.148982102965 186.531599008221 191.33721491008 199.712047461701 210.784229821561 221.095287124824 230.261672956168 238.609744811344 243.862119565396 246.266421264268 249.187484498873 256.66818406439 270.600445827651 288.480762650911 307.597575240003 322.193227997431 328.042680839308 332.212316720001 334.60626036 328.630352147623 320.846714030111 323.715340004023 344.394100179231 373.923249990379 397.665162594238 424.168799090126 446.022410286415 461.818507162814 485.190237778592 527.438509599906
86.2851524800002 88.2310446600001 88.9719784852657 91.5167582600006 93.8799004208657 99.3400641103443 107.48007182 111.15971706 113.108646093128 114.712576093807 116.320376599259 117.62451358 119.379729889219 121.508574336913 123.64183176 127.986479915413 133.739127237653 138.666526569283 145.558050743785 151.59765046315 158.109605069917 162.76577582 167.245415943953 171.409197340001 174.62348254 177.532866575244 180.85245110831 184.583290261375 189.117159994442 197.448539192495 207.064699738855 216.683826706364 224.649955773297 231.313055460231 235.913759132835 239.49850264 243.642235898966 251.31542404797 263.850320789807 279.782281785512 297.107074106317 310.427358515705 317.62393417208 322.19453822 325.044509183491 323.580348782783 321.522258629623 330.190339810751 356.41087531699 382.683409186459 396.37015374869 414.962208395546 429.710462335952 440.514196678918 459.363492660003 504.203573811151
88.9081885009401 89.9949985793361 90.6306853597242 93.1513198891171 95.9570016044743 99.8723988120994 105.244673282707 108.666720566685 110.780815507845 112.27889637094 113.908373630276 114.92811128 116.730414787292 118.831315393923 121.389944752431 125.39075452 130.52106161757 135.996818080002 142.376263210001 148.30041338 154.625583408785 160.10503612 164.39074972 168.230574740001 171.731218426352 175.21269064 179.087149620001 183.777838314529 189.015152900001 196.995671840001 205.043507337294 213.450988887903 220.318283080001 226.42650832 230.455818559451 233.923296239333 239.03256468 246.55197533155 257.384647724315 270.71579116553 284.458921613491 296.119906299999 304.425105760001 310.26983782961 314.272244814196 316.144348987178 317.862968405963 327.81164910576 351.733648629412 375.507315808105 390.984898957801 402.227157600349 411.174678440001 421.575376197453 441.39785669624 478.61907561983
92.2253118001702 92.2499478 93.19583998 94.6661107295678 97.2329637561517 100.225647436259 104.06984344 106.905351733384 108.593136978053 110.15535859051 111.448389410464 112.706751976183 114.117775994295 116.146176515241 118.657276486661 122.62292382 128.090950269553 133.864784690497 140.874223296214 146.760839516134 151.994926412349 157.715979326741 162.87286682 167.270029289617 171.370932209473 175.134186636246 179.265669020001 184.2829848 189.640126800001 197.074131700881 204.03005673516 210.218151069443 215.977106683724 221.415717138004 224.858103127715 228.3902774 234.12187718 241.163552715131 250.294000758822 261.697175563693 272.811940315948 282.984054132254 291.121510460001 297.747052680001 303.466159969804 307.453143302484 312.640526036341 323.142929091766 341.371662221118 360.685932152523 375.260998760786 383.800798580001 390.617380118697 400.204540067259 417.168948763286 439.538395819451
96.1197404343864 95.7856092000001 96.0727798902961 96.4274457600006 98.5972465462055 101.06538654416 103.37223574423 105.332296979861 107.227371956048 108.05308638 109.12451478 109.964680343776 110.674139010157 112.596115727797 115.379690774248 120.017615536293 126.28253408 133.109166839618 139.774273857571 145.582533993423 151.854419200001 157.303560951435 162.758615650611 167.615327367345 171.912211674701 175.641380183254 179.640695120001 183.639032018326 189.740812985766 197.121212860001 203.016606133027 206.276852201964 210.203505448937 214.717246193109 218.51638914 222.3367331 227.807559620755 234.246387160001 242.420756056665 252.49495241462 262.214176852575 271.110887250528 279.520002631518 286.282716480001 292.711286879999 298.556776035307 306.620262220001 316.889510254769 331.185697808636 346.252464062499 357.92406392 365.608239200151 369.82400441212 373.982955147877 379.011145843029 386.031510120833
100.616487522049 98.7284425273558 97.8093763453061 97.8024718600005 99.8771844685624 101.19736565019 102.819443136363 105.211575346893 106.2321693 106.67806028 107.352274978331 107.4643386 108.631418318413 110.69537846 113.641268240001 118.6044762 124.90750798 133.090611649729 138.880329245932 146.410911725968 152.335849085389 158.51566670376 164.120440277869 168.551385020001 172.83709862 176.53406684 179.394722428762 182.988722453991 187.154847930549 194.049890060001 199.6581141 200.431667552522 202.980161820001 207.26587542 211.319988040001 215.373007260966 221.552824879338 227.939684662291 235.134322423919 244.060559965547 253.138725440001 261.710152639999 269.664990150432 276.336263180001 283.491113106312 289.982567695317 298.024477046115 309.547227259999 322.511908220401 335.422820480001 345.884585446912 351.995034165084 354.026239613424 352.715532810041 346.574405899682 339.02706752235
104.273975509712 101.034948055014 99.73262602 98.888436714383 101.76726718 102.569834932442 102.500440081523 104.46377508 105.1607409 105.232413817427 105.755646797271 106.65485283197 108.32035236 111.077214961367 114.248358040001 118.477666329237 125.469185285462 132.305469560644 141.004305815423 147.204159828672 154.713022335745 160.49670888 166.490628033653 170.92711557165 173.879460153901 176.76623614 179.32034756 181.084397358565 182.543412996314 186.723224390376 190.42767491752 192.335091185939 195.405683659364 199.061043815335 204.208735700069 209.367560615268 215.21119208 221.639762480001 229.019808428829 237.608283416475 246.245816440001 254.203241867077 261.746383560001 268.371925780001 274.158696005963 280.596922583435 290.101345880001 301.912804178886 314.259481375814 327.458483080001 337.74637396 343.837049659908 345.9644454 343.60948308 337.57896689601 335.987504863115
107.699294197375 104.10867116 101.063345950653 99.9468756043018 102.08874898 102.985694157749 103.584819548774 106.12440918 106.480356609176 105.504620158151 105.046203087126 106.214225523899 108.32035236 111.861076885949 116.051098536975 121.911942615998 127.541158461952 135.751299269855 142.516061202148 149.721723635803 156.490541006249 163.274285925851 168.6936759 173.5651058962 176.76669646 178.962135581752 181.14172256 181.220455259403 179.609100846028 178.783979108256 179.829346513252 181.960841604399 186.231681470848 191.571917566448 197.904796017475 204.237674468498 210.60399668 217.032567080001 224.495766640001 232.531032967402 240.727933540001 248.567760959999 255.336452034327 261.782614480001 267.265299899999 273.660161262504 281.690659580001 293.913966922395 308.457344040002 322.331785045699 334.571148827747 341.872847620001 345.502641707772 347.147206114744 348.824667361765 357.762101440991
108.565149355117 104.37660866 102.091299209664 101.981862142985 103.07086488 104.139428651718 105.43158542093 107.582764766422 108.58976922 106.204590956625 104.525951688476 106.755714115828 109.30246826 113.627054710531 118.965035177883 125.19311598 131.604769992585 139.067265239939 146.54968966 154.04682387464 161.30434179801 167.4436225 172.8007645 177.274103655954 179.98098166 182.12383846 181.673226595595 181.004800053453 177.816600638391 173.584849015532 171.248394773478 172.24722612286 177.673950770211 184.400840255124 192.706485384915 200.187322652265 207.668159919617 215.14899718697 223.156400740001 231.139084960001 238.650890330978 245.438450883625 251.871821380001 258.300391780001 262.85410852157 268.227617905782 277.047695980001 288.999307559032 302.345542787838 317.326378855188 331.544910567616 342.990966969452 351.004581691726 357.354609302966 364.35934754778 377.64856321789
108.639807592701 104.43015296 102.263054209307 103.0535443 103.23579426201 105.410290188624 107.707218509366 110.340352726956 110.291175513444 107.3712745208 105.73149658 107.98042054 111.85488192 116.8722001 122.229342100001 128.507767902469 135.838302953852 142.406266940002 150.88894756 158.397522817182 165.930088419142 172.799106024538 177.799056311784 181.629262031895 184.35589976 185.846963261499 184.89382964 182.63345346018 177.278358530284 170.813512426036 165.222813644718 162.96243188264 170.749905064999 180.450129548675 189.906352140002 198.47777934 206.69479883971 214.228291860001 222.217905992935 230.174745160001 237.049920994423 244.189114061899 250.871713380001 256.425827200001 260.83708422 267.049408947188 273.682084187019 283.850882739661 297.714317307696 312.347452867527 328.51634765361 344.011359953935 358.511647344156 372.324915173427 382.638155354085 392.145333995279
110.122984479632 105.642242660361 105.131734700357 104.247780800352 104.39121964 107.144990499658 108.118479720676 111 111.046797599672 110.344639139352 109.89223748 112.214738839686 116.05809152031 121.032941 126.490440199701 133.511836660296 140.05025678 147.513463540002 156.007235059718 163.801308139723 172.072371979457 178.69299958 183.951392140263 187.477666620259 190.65949746 191.109695219751 189.264481240488 184.933310199761 179.509353700234 172.597244939539 165.36504473955 161.399077020664 170.751160100218 181.311527600423 191.381642439795 200.04909854 208.573728740198 216.565370460194 223.931469960189 231.371146260001 238.871145060001 245.730974079826 252.293443779832 257.981456899836 262.17198382032 266.082239500311 271.360156760151 279.346920080291 291.849115200002 308.299308379729 326.646058939209 348.51870105924 373.992795919145 397.700541138234 409.917814860793 408.158818061952
112.537032891969 107.673890528302 106.25050892 105.793081881929 105.46264804 108.388037493627 109.810526130042 111.315433592579 111.890121017379 112.480375678952 113.309726870567 116.221365908386 119.895792267946 124.496340455723 130.603802280001 137.20411785694 143.471570386729 151.1171496304 159.49557704 168.22717922 177.638431440002 185.60379508 190.608069151258 193.232098232411 195.921839983921 197.097635740252 194.667370336582 190.304711507086 184.67565529849 179.370658605576 174.781266287633 173.043109503522 179.299623556289 188.213933569098 196.806532032769 205.816897929307 213.750297799791 220.962552243774 227.282294080001 234.299607460001 241.799606260001 249.155918058448 256.603202760001 263.057000745787 265.491601509454 266.248341240001 269.676564830377 275.985814220921 286.733860515873 304.043826836607 326.060472568533 353.681146940004 385.436280042394 420.017642440002 433.070571644568 416.865307799242
112.058169904306 108.342986356965 107.05410782 105.55297958 106.778136345061 109.502383804807 111.087838000509 112.792736367088 114.20058425114 115.100972738228 117.35544664 120.56973184 124.44419322 128.925852108859 134.889515880001 142.19254766 147.8007669 156.192545260002 163.78129064 172.469993235194 181.594285322538 189.35384968 194.759331022779 197.69526566 200.35543944 202.234550499247 200.90876568682 197.001141038205 193.092834737451 189.615247314151 188.014730075958 188.814238443301 192.990480270643 199.292263117984 206.674873190655 214.00677260733 220.747542500034 228.104237400001 234.117246085305 241.106154122038 248.319192789381 255.388463686554 262.118609352195 267.477225131407 269.01720298 268.649643072183 271.33754334 275.149610960775 284.509065780003 303.085895515462 326.596172908407 353.739233020582 384.623742739897 416.896788402778 427.456633446974 410.508852465353
110.575242606577 107.91181454 107.035751314613 107.011444436403 107.898457645164 110.393599341566 111.29475904945 113.84790555907 115.76669886 118.060827697504 120.733485053512 124.183491710945 128.113024235543 133.263257133441 138.96961681515 145.84233542859 152.049765860788 160.14487628938 168.036896261637 176.244832912653 184.299739460002 191.393900554684 197.091175768601 201.060822083285 203.733478667731 205.217510221254 205.144796160476 204.316948497667 202.992128876413 202.154045037191 201.142019338526 204.140815840001 207.472375071713 212.317048366872 218.460700680001 224.683660857806 230.766363440082 236.809997390935 242.838278001951 249.585778980001 256.23831773602 263.50077422499 268.859351673988 272.915223217029 274.32069028 275.397992380941 277.040501239851 281.462278077819 290.540957136321 307.702643512489 328.172086184825 350.303065656075 373.814723349352 395.348010735923 405.5397273108 399.150770087842
107.670293368981 106.326587828584 106.955557319206 107.417799624914 108.10347253955 111.225960035536 112.969015180847 115.73047514 118.57029776 121.34216685678 124.47915364209 128.102902805198 132.615277078137 137.842139023953 143.103780106669 149.30019978 156.67465996 163.370604340002 171.816837955422 179.008379129889 186.758166224802 193.3365315 199.06813368 204.159038340001 207.280916552887 209.473280241754 210.984729607065 212.796637964752 213.945077715374 215.184247968994 216.673272268309 219.801555540001 223.01584074 226.484690415758 231.538297080896 236.978566849727 242.498772319477 248.073527065486 253.621436780001 260.291795856108 267.278311918583 273.1755482 278.202897527961 281.37110540265 283.030523682662 284.559286427973 287.371944500001 293.275376738594 303.159474712191 316.992633892352 332.969209090945 348.945431900973 364.519588909106 379.39984013816 390.716733551543 393.492233269737
103.560701442636 104.396839585911 106.40966966 107.543556386231 109.220285147868 111.80246946 114.288592591143 118.01942917278 121.375803174418 124.712022720001 128.48041694 131.978546099331 136.735069298064 142.07819706521 147.841617375758 153.75363639412 161.06757256 167.058654890846 174.936037549207 181.24562924 189.353849680001 195.625484375705 201.512572422658 206.516864578981 210.765018140617 214.67363516451 217.849594727786 221.05172414 224.624437301503 228.348228168805 231.589203580885 234.80155314 238.01583834 241.39029612 245.564351483008 249.93957246137 255.28320752 260.229775581906 266.37137858 273.104850314821 279.746404680001 285.443375299999 289.99748912 292.95587793173 295.615286113367 297.327778275005 301.236098416643 307.750472518279 318.373076659919 330.697019355337 343.089328904039 354.813819630342 365.3170254606 375.269243227582 385.283412630259 394.292155308277
99.9243492673102 102.08829826 105.278339239166 107.597771947548 110.37333314 113.516106043475 116.458848638561 120.151480440597 124.091493194735 128.444193220001 132.498946013295 136.89506079126 141.40842022 146.752368312813 152.229337300001 158.070531363116 164.341762437841 171.869770041914 178.153487257008 184.318244730057 191.496706480001 197.92527688 204.186666948864 209.691002166829 214.8007573 219.895049862756 225.139279901441 229.474581578684 234.888009736649 240.931876023837 246.473245585152 250.364678870541 254.073798411496 256.855174393532 260.444406340001 264.097010477604 268.901169940361 274.178103261677 280.299947780001 287.054412794253 293.710631680001 300.217546320361 305.513313028145 309.517651846109 311.754254531855 312.381983722038 317.536507480003 326.207681797964 337.721845164073 349.547588700001 359.472862936286 366.695475491254 372.528510088861 379.44244266 387.531915452575 397.856772898324
97.5379400919843 100.12395606 104.749752874573 108.676933240001 111.946684023154 115.73047514 119.089507351736 123.352180218078 127.920056579051 131.658478420001 136.267501888898 141.075674316812 145.928210517479 150.70067688823 156.391952126061 162.200140839649 168.195517554641 174.722385768933 180.893350646445 188.260726284974 193.784308791805 200.69310518 207.355702520385 213.729328900001 219.733087637932 225.693555900001 231.298281882454 236.965727243675 243.69485520613 252.760520681259 260.732316089419 266.443835620001 270.496598276709 272.23011874 275.444403940001 278.96171852 283.387864459547 288.632726554745 294.853488480001 302.238749443326 309.748189077617 317.577971471906 324.141526126198 329.293823760488 331.411494634778 332.835939900001 338.548049020001 348.511244979999 360.296957380002 371.59025957377 379.809493397913 382.680289095563 383.202322874486 386.64208930982 392.958425062317 402.440831300001
97.0151769000011 100.357904048946 104.767141580437 109.772485740361 114.382390839203 117.984879451414 122.176913062032 127.181738734703 131.663276366532 135.569163520001 140.0119353355 144.854194715118 149.626733874266 155.034596732703 160.740965293032 166.766881317586 172.498620631797 177.901569058822 184.944759702251 190.783283180218 197.94193458933 204.60379028 211.146046828094 217.939676125048 224.382699373719 231.262933271273 237.939013254376 243.754924695008 250.799613460001 261.531962346228 274.394193601059 283.88394400508 286.411139803845 286.53371644 289.748001640001 293.26531622 298.072574541093 304.121315580001 310.549885980001 318.975943444796 328.839227809046 338.290282253631 347.120253212749 354.9127949246 358.353281465483 359.8773071639 364.781473886565 373.363927082664 384.40349685205 394.625984702862 400.529822761627 400.157774160589 396.127405567896 394.678965795848 397.760188445035 407.424142184545
97.9342402093357 102.062657677609 107.045508104553 111.622259500001 116.87004751844 121.067183145384 126.051508627673 130.748299839271 135.56916352 140.19724483316 144.90841902 149.782880400001 154.98674817399 159.311357177199 164.935241247878 170.646645285179 176.759214741765 182.920476593876 188.026927191304 194.106739274808 200.925276880001 207.586523656483 215.125288226855 222.27562981926 228.684491034629 235.192938447226 241.496699280001 248.317157216291 255.075937654912 265.922533680002 281.998466417953 295.203849051842 298.725819405729 299.571472300192 302.318744026753 306.891406187391 313.28386216064 320.877469635167 328.951386129054 338.024113978531 349.943318005244 363.517507396788 377.273728231509 388.812627467738 393.670094396189 393.341118904337 394.052246409925 401.08709950596 410.333865356038 419.316395369093 423.459471404298 420.656134810409 412.896036893045 405.805114427905 402.342686660617 410.876566332571
99.8906549200009 104.17636852 109.4079743 115.414556874375 119.25695884825 125.728310521293 129.638569922624 134.617874234106 139.644160878329 145.051521407566 149.860468075705 154.645911881025 159.6579077 164.779848631031 169.505836462429 174.7293337 181.03236548 185.776854917195 191.963987441867 199.022905454863 204.941021768409 212.063184508322 218.724171810104 225.656386256438 232.97824566 239.79486220476 245.049215643942 251.0249833287 255.474850496291 265.045896522162 280.661842358889 296.288135957525 303.829951722954 307.759163092764 313.062832242576 320.143576117462 328.474340162197 338.743622568006 349.981776149092 361.750547201087 375.832495247629 394.133071205416 413.629086121771 429.767837754498 438.529169147577 431.094215228846 424.945372113436 432.72791023341 442.55186030005 449.232910610263 451.28547552 447.610417270213 437.779236973886 424.656881509384 415.125277561208 423.035101042868
102.76482407534 107.22991042 113.322926114533 118.79979063413 123.183160886274 129.504329746646 134.289614534161 138.496129445034 144.118165995773 148.921685491712 154.2293373 159.533895350905 164.253093789499 169.3007633 173.854872320001 179.811406249292 185.367356451112 191.552248271516 196.932190995754 201.913983035358 209.053046312726 215.274279453127 221.40914658647 228.853275360001 236.35327416 243.800689225261 250.485856369715 254.854946066639 256.678531071899 264.858918136354 282.772527329731 296.185833908525 307.248668024876 313.791888746104 322.539434344896 332.966634783685 343.835182320826 356.74338590169 372.866345260096 390.01341247808 408.116063317641 429.374833057618 452.414746215222 476.183034024028 499.468959703996 486.665366790457 463.478172793589 472.82669150722 481.105625384014 486.969706695585 488.638871449639 483.75279204 473.195123845625 458.184768006028 449.235043600705 456.028262420506
107.137072512325 111.42630912 116.674833600478 122.997736320001 127.46094788 133.572028532708 138.096084166432 143.72877258 149.40841782 154.140022400001 159.4971644 164.276089257168 169.865894597513 174.83218516532 179.911368950604 185.280628953474 190.6400164 195.049939818375 201.370599534297 206.559862329339 211.353847280001 218.074609104134 224.814150464019 231.96127344783 241.057736849837 250.766429517283 259.466316261685 265.470860795215 269.183613427062 277.637606320002 290.219635747734 303.996363396099 312.791660008899 323.12040214 332.609948198145 345.428760789989 360.093071325509 379.092117204211 399.381195125532 420.267688394755 441.643216289227 465.228255421069 490.635808592921 517.186218564768 542.075667539998 543.703889845369 523.87182751848 523.775701755698 528.357242888003 532.829888144156 532.757643176155 526.70755856023 515.559481659999 502.766271586463 496.220678947539 501.087143689613
