catData/variables/futureClimate2070/rcp85/HadGEM2-AO_rcp85bi70/bio15.asc
NCOLS 409 
NROWS 350 
XLLCORNER 60.897278365 
YLLCORNER 5.843756025 
CELLSIZE 0.0892857 
NODATA_value -9999 
[rows 81 to 107 of 350, columns 240 to 299 of 409]
74.5504476074142 73.2569526905398 70.9272523969916 74.5976122871004 76.6485132135737 -9999 -9999 -9999 -9999 -9999 -9999 -9999 -9999 -9999 -9999 -9999 -9999 -9999 -9999 -9999 -9999 -9999 -9999 -9999 -9999 -9999 -9999 -9999 -9999 -9999 -9999 -9999 -9999 -9999 -9999 -9999 -9999 -9999 -9999 -9999 -9999 -9999 -9999 -9999 -9999 -9999 -9999 -9999 -9999 -9999 -9999 -9999 -9999 -9999 -9999 -9999 -9999 -9999 -9999 -9999
73.4266370313475 71.4522897237679 70.9658852337064 72.9885772413342 73.7474804460775 76.415600087051 -9999 -9999 -9999 -9999 -9999 -9999 -9999 -9999 -9999 -9999 -9999 -9999 -9999 -9999 -9999 -9999 -9999 -9999 -9999 -9999 -9999 -9999 -9999 -9999 -9999 -9999 -9999 -9999 -9999 -9999 -9999 -9999 -9999 -9999 -9999 -9999 -9999 -9999 -9999 -9999 -9999 -9999 -9999 -9999 -9999 -9999 -9999 -9999 -9999 -9999 -9999 -9999 -9999 -9999
74.1118307498767 75.1382221944564 71.7933180767473 71.0269138242175 70.2142002895198 72.4373640496409 71.904257419878 72.7829654128825 -9999 -9999 -9999 -9999 -9999 -9999 -9999 -9999 -9999 -9999 -9999 -9999 -9999 -9999 -9999 -9999 -9999 -9999 -9999 -9999 -9999 -9999 -9999 -9999 -9999 -9999 -9999 -9999 -9999 -9999 -9999 -9999 -9999 -9999 -9999 -9999 -9999 -9999 -9999 -9999 -9999 -9999 -9999 -9999 -9999 -9999 -9999 -9999 -9999 -9999 -9999 -9999
78.6810340752954 74.1094290799991 70.0898976199995 69.0041653068987 68.5731642220767 69.3237128821014 67.3572499999998 67.8827627980026 69.0069716220237 71.0549992191462 -9999 -9999 -9999 -9999 -9999 -9999 -9999 -9999 -9999 -9999 -9999 -9999 -9999 -9999 -9999 -9999 -9999 -9999 -9999 -9999 -9999 -9999 -9999 -9999 -9999 -9999 -9999 -9999 -9999 -9999 -9999 -9999 -9999 -9999 -9999 -9999 -9999 -9999 -9999 -9999 -9999 -9999 -9999 -9999 -9999 -9999 -9999 -9999 -9999 -9999
73.1624020759603 73.0166465932471 73.2061826026546 75.2427809059555 71.0269769278002 67.7219174054357 68.1032333202087 68.6406354503145 66.0110427556814 66.8377149400002 71.3368904884292 -9999 -9999 -9999 -9999 -9999 -9999 -9999 -9999 -9999 -9999 -9999 -9999 -9999 -9999 -9999 -9999 -9999 -9999 -9999 -9999 -9999 -9999 -9999 -9999 -9999 -9999 -9999 -9999 -9999 -9999 -9999 -9999 -9999 -9999 -9999 -9999 -9999 -9999 -9999 -9999 -9999 -9999 -9999 -9999 -9999 -9999 -9999 -9999 -9999
73.8602195200003 72.0872159982256 74.0744748436416 75.1511032308689 76.140670311236 73.090962259999 70.6857065604962 70.1128853723129 69.0466470875211 69.8417442088004 69.1084280748768 72.3790701843319 75.6384718244685 -9999 -9999 -9999 -9999 77.3085282012503 -9999 -9999 -9999 -9999 -9999 -9999 -9999 -9999 -9999 -9999 -9999 -9999 -9999 -9999 -9999 -9999 -9999 -9999 -9999 -9999 -9999 -9999 -9999 -9999 -9999 -9999 -9999 -9999 -9999 -9999 -9999 -9999 -9999 -9999 -9999 -9999 -9999 -9999 -9999 -9999 -9999 -9999
83.1795097206999 73.2629205795245 73.8225452399991 72.1001104792583 72.914549480504 73.0417261605122 71.6398801586938 71.7755349407972 70.5516738208117 71.2802483594495 70.8446934405593 72.44469434 76.2612819194218 -9999 -9999 78.4332964184837 81.2953414996898 75.3238400596879 69.1948545400006 72.5227437409673 -9999 -9999 -9999 -9999 -9999 -9999 -9999 -9999 -9999 -9999 -9999 -9999 -9999 -9999 -9999 -9999 -9999 -9999 -9999 -9999 -9999 -9999 -9999 -9999 -9999 -9999 -9999 -9999 -9999 -9999 -9999 -9999 -9999 -9999 -9999 -9999 -9999 -9999 -9999 -9999
81.3236284718483 75.7717029587007 74.7871245849669 72.4338380686367 71.1929890646114 72.7743645119478 70.9008978210712 70.1013792900654 71.5086117949025 71.7687470612984 72.2554732284105 73.9218500279203 75.8591071416557 77.6040581840279 79.1210061820141 81.1791045199998 79.5769228016497 71.8988323800035 65.6947453400007 69.8775726126652 76.2224121330175 -9999 -9999 -9999 -9999 -9999 -9999 -9999 -9999 -9999 -9999 -9999 -9999 -9999 -9999 -9999 -9999 -9999 -9999 -9999 -9999 -9999 -9999 -9999 -9999 -9999 -9999 -9999 -9999 -9999 -9999 -9999 -9999 -9999 -9999 -9999 -9999 -9999 -9999 -9999
78.0077208039511 79.5680912401476 81.0017005010674 76.494598929918 75.2304408302747 75.0144935132275 71.5026294786412 72.5446435737797 73.0509952657679 71.1854310937051 73.5738347867491 73.1971300674838 73.1236002436003 76.531387850944 80.0909359417155 81.7056088512536 79.1730103859336 68.074554598444 65.8808186370403 71.1680249550153 77.5297213446759 -9999 -9999 -9999 -9999 -9999 -9999 -9999 -9999 -9999 -9999 -9999 -9999 -9999 -9999 -9999 -9999 -9999 -9999 -9999 -9999 -9999 -9999 -9999 -9999 -9999 -9999 -9999 -9999 -9999 -9999 -9999 -9999 -9999 -9999 -9999 -9999 -9999 -9999 -9999
79.7736272867877 81.8172151068824 89.1084533322763 82.7422435576393 81.2411256645201 80.5915054303354 75.6340957572564 72.6804400028014 72.1526386155521 72.6562381524983 74.6595670600007 73.8630890035884 74.9560519267297 77.3870297331225 80.1784155103057 79.9009965529593 74.3733172631344 65.2173331975067 67.7465222800014 75.0787376079666 -9999 -9999 -9999 -9999 -9999 -9999 -9999 -9999 -9999 -9999 -9999 -9999 -9999 -9999 -9999 -9999 -9999 -9999 -9999 -9999 -9999 -9999 -9999 -9999 -9999 -9999 -9999 -9999 -9999 -9999 -9999 -9999 -9999 -9999 -9999 -9999 -9999 -9999 -9999 -9999
87.3458175302329 90.0267767263809 91.9381503877852 84.3637882682712 79.3050824100678 78.6608463586662 78.8460732664457 74.99343367191 72.8995682349342 72.9362581034227 73.9567036762239 72.3322762015976 77.3967392975311 79.6958123800004 77.8790970843402 74.5903438968845 67.4930767712913 67.8913634171936 73.4847661512499 79.3363048006289 83.6427452 84.1682562393836 -9999 -9999 -9999 -9999 -9999 -9999 -9999 -9999 -9999 -9999 -9999 -9999 -9999 -9999 -9999 -9999 -9999 -9999 -9999 -9999 -9999 -9999 -9999 -9999 -9999 -9999 -9999 -9999 -9999 -9999 -9999 -9999 -9999 -9999 -9999 -9999 -9999 -9999
99.895571481831 97.002280330211 89.9615205451376 78.7625741516559 77.3344375126721 75.4821147 75.6894261577788 76.0038725695115 76.1581141081076 76.3390322999998 75.3842216181284 75.2192259467833 79.0818424049129 80.8744397800004 76.2706590999996 68.5082489683437 66.4608086800024 73.126744758752 80.1136026592203 82.7927097037792 83.7699488436653 83.4266641240919 84.9252703608214 -9999 -9999 -9999 -9999 -9999 -9999 -9999 -9999 -9999 -9999 -9999 -9999 -9999 -9999 -9999 -9999 -9999 -9999 -9999 -9999 -9999 -9999 -9999 -9999 -9999 -9999 -9999 -9999 -9999 -9999 -9999 -9999 -9999 -9999 -9999 -9999 -9999
104.573277921688 99.4279321559348 92.6700554669371 86.5138066616646 87.8888419501823 83.5315213457449 81.4414748699652 76.3183284659984 77.962104920001 80.5446844294568 82.673776386925 84.9985969600001 83.3129239568974 80.7379146404919 73.0992219772566 70.930395890051 74.3757584776183 77.5386640587118 79.3982859528101 81.5477138374747 80.5453670106686 79.9290662017811 82.9245131917404 86.8046978764256 87.3013619735115 84.5073830778465 -9999 -9999 -9999 -9999 -9999 -9999 -9999 -9999 -9999 -9999 -9999 -9999 -9999 -9999 -9999 -9999 -9999 -9999 -9999 -9999 -9999 -9999 -9999 -9999 -9999 -9999 -9999 -9999 -9999 -9999 -9999 -9999 -9999 -9999
108.800673371131 108.290465507394 103.244554138847 100.184151007156 97.4116933388064 93.8294724870171 86.3634872283886 79.5762538943305 77.0043274029204 78.3025378600001 80.8581229733397 81.8417954228448 81.8751874134054 77.5029435999979 76.8747111841099 74.1189125086435 81.1854418153537 84.0344608743862 81.439257970968 78.4849489998701 77.9218939650024 79.8949092505833 81.9267660737648 81.4044113038723 84.8809327326533 83.8237346799995 86.2630610872089 -9999 -9999 -9999 92.327587900468 93.2051427327883 -9999 -9999 -9999 -9999 -9999 -9999 -9999 -9999 -9999 -9999 -9999 -9999 -9999 -9999 -9999 -9999 -9999 -9999 -9999 -9999 -9999 -9999 -9999 -9999 -9999 -9999 -9999 -9999
109.4193127107 107.478150567942 105.12567302 103.713881444235 99.8693070818564 93.2405392920508 85.80583618 81.559893994934 78.7184503622619 78.8566632071207 85.8290419689551 92.9960842470233 85.0754737006506 82.6761191274361 92.2878230157918 87.0808826620223 78.7762611984027 81.7147706112665 82.813207915904 82.9861417305114 84.5872857633179 81.2273206377174 84.2452855435384 84.0769013478428 87.3261246842764 86.2331317944914 85.3737240996601 89.5152279519079 89.8020347546054 92.0293378452228 93.6694637158396 93.4900435070862 -9999 -9999 -9999 -9999 -9999 -9999 -9999 -9999 -9999 -9999 -9999 -9999 -9999 -9999 -9999 -9999 -9999 -9999 -9999 -9999 -9999 -9999 -9999 -9999 -9999 -9999 -9999 -9999
107.461256699462 106.786360925621 107.273522366555 100.689326918537 96.7285142195993 94.7175635058173 89.5307592667425 89.2575488161346 88.3260093950113 90.61082826782 94.9379071243195 103.279608971685 96.9341104250734 100.526993418382 106.170604949939 93.6106102525534 84.7194818588784 85.2541756474861 85.003833013309 84.1909335572178 86.2760155366707 81.5792693305586 90.0328237700134 90.3521825266639 86.9288415372263 90.5121142966534 89.1522071200017 89.3566893244655 100.358281108284 97.2898758125357 92.7368382310932 95.5356566 -9999 -9999 -9999 -9999 -9999 -9999 -9999 -9999 -9999 -9999 -9999 -9999 -9999 -9999 -9999 -9999 -9999 -9999 -9999 -9999 -9999 -9999 -9999 -9999 -9999 -9999 -9999 -9999
105.628861236805 107.063634529737 110.489949696968 107.726787431409 104.087319540001 105.239993049745 99.8809593465847 98.6531460649007 103.617885055521 104.901276144848 100.905625891291 103.538399529716 106.855509030936 109.824065275332 109.064757003091 100.839754141087 107.9814175 107.9814175 106.434795479073 102.612358532535 99.6067581759558 93.5978055232877 102.458144096841 104.027315372215 93.4179893983878 89.3840934598708 90.6035995931259 89.9648193199996 104.821067593166 98.0832268093074 94.0334037200015 -9999 -9999 -9999 -9999 -9999 -9999 -9999 -9999 -9999 -9999 -9999 -9999 -9999 -9999 -9999 -9999 -9999 -9999 -9999 -9999 -9999 -9999 -9999 -9999 -9999 -9999 -9999 -9999 -9999
111.650277363735 112.454536903344 111.983563125856 112.368830847575 110.315262091513 108.63638341828 105.609696671839 105.059209410878 106.50569094051 107.374540939894 104.724728058513 104.611714783502 108.21204552 111.545218838495 112.60311291427 112.990924836192 116.311023948148 113.675520903119 112.765899175342 112.117787239628 111.130082302081 110.156390896784 109.956083630811 109.14333152 106.527329550877 98.0636969297899 98.4433902865049 96.729054334301 107.201718817771 103.347685223871 96.8445506250819 98.1458471112364 100.027215021667 -9999 -9999 104 -9999 -9999 -9999 -9999 -9999 -9999 -9999 -9999 -9999 -9999 -9999 -9999 -9999 -9999 -9999 -9999 -9999 -9999 -9999 -9999 -9999 -9999 -9999 -9999
117.128053365871 115.895062396411 113.245121595437 115.783320093641 114.014543971306 110.662841416463 109.928454 109.920478957335 109.430280306968 108.971583249181 109.57715016042 110.62426398 111.738781569145 113.710860727126 113.981145271202 114.05188974 116.820963060644 114.507382526863 111.790446907508 111.030353208415 110.650145315661 110.027798000262 109.50059112 108.42916272 109.29095961213 109.083905759558 108.824927580483 110.509693139014 110.006741959288 107.977243216495 110.664040292854 108.372648585037 103.48674731252 111.597258209256 108.37894674 104 105.03458596 107.17744276 -9999 -9999 -9999 -9999 -9999 -9999 -9999 -9999 -9999 -9999 -9999 -9999 -9999 -9999 -9999 -9999 -9999 -9999 -9999 -9999 -9999 -9999
131.155416836015 123.482388359227 117.227127277463 115.303631390486 115.615172454014 113.235364090742 110.73264282 110.505207792486 110.510399326007 109.496337238257 109.76723838 111.491909074486 113.60602276 114.87443978 115 116.860175223513 114.827300544006 112.89338852 112.065941228507 111.787849879243 111.42798048 111.185680505256 109.07249304 108.138605189756 107.429781915987 107.0535419 107.010547273494 108.795693798757 109.847477326981 111.897546016281 111.908709086517 109.775979976732 112.830565439989 114.095847723231 109.452295160554 105.398665736756 105.973325029006 107.501713553721 108.909663053506 109.803437251221 110.085988996011 -9999 112.841083437494 -9999 -9999 -9999 -9999 -9999 117.073589796005 -9999 -9999 -9999 -9999 -9999 -9999 -9999 -9999 -9999 -9999 -9999
132.939106010144 133.736633749761 125.275877014591 118.884518056507 117.5669692111 116.238595726052 113.156822516794 111.87332108982 111.185293741244 111.1249703 111.702625164091 112.091426144486 113.530287913876 114.74946948 114.993235130215 114.997838441208 114.797392707368 113.83984662 113.202640935479 113.344743886195 112.405821476652 112.540602980501 111.025732981172 110.662296767404 109.39201200794 108.042751977216 107.473429812533 109.670386934872 108.226473570286 109.957178082275 114.61400141256 114.520132916016 114.885609024593 114.272815478519 111.62366446 113.209217019356 114.530144942203 113.682319447475 113.737681643949 111.631449269256 112.130512686796 -9999 111.94586338 112.10767852 -9999 -9999 -9999 117.8750297 118.24946348 118.930749230393 119.45264462103 -9999 -9999 -9999 -9999 -9999 -9999 -9999 -9999 -9999
132.148670150879 132.396902417183 131.233269468344 126.686381660969 122.564307971892 120.512855763203 117.711591116602 114.609889173397 112.87549962 112.3927974 112.3927974 112.980698433786 113.1963987 113.89909964398 114.94586818 114.986100445826 114.21382417073 114.264097935633 113.5891961 113.5891961 113.141218269658 112.575961294265 111.454907440295 110.911347919796 111.540456929954 108.667707074286 109.367383360959 109.8036013 109.229269139133 109.048485985531 111.767153718118 111.521494935724 112.523111792464 114.516225940001 117.65023007594 118.596663924447 117.708798268791 116.973030881082 116.793642062806 115.824205647001 116.038094531597 112.167699586611 112.34929314179 113.182503003112 112.589259827938 114.92749976 116.652684017822 116.744091437275 116.834559764744 117.572700627469 118.424387289737 118.446129604675 119.787884578279 119.431412104287 -9999 -9999 -9999 -9999 -9999 -9999
129.86824816325 129.995366864354 129.667209116876 128.722582498106 127.03624292 125.439944340564 121.763734741795 117.704704966048 115.960384084254 115.449285774517 114.80871363986 114.339716452057 114.482895309172 114.301455529598 114.960366148368 115 115.041199071818 115.4643458 115.40232192345 115.1965187 114.547926339009 112.930857620717 111.611985998531 110.610933353492 110.11525446036 109.608125789684 109.306539519162 109.970421182851 110.763845691153 110.092001209771 111.373985326083 112.550131345071 113.016513555061 114.061485434996 118.084331798877 118.412433247636 115.852356758684 117.05306718 116.981002021143 116.928109362373 116.784933076398 115.045657499327 114.296825607877 113.746066521874 114.399410682958 113.32029716 115.23157698 115.69699462 114.224432166242 113.525761473346 116.336989420001 118.698871182872 118.823194641642 118.340301260825 114.023692462451 106.582420809763 99.6139398796594 99.933782017472 111.955431428681 117.880899312138
130.92810408 130.32195652 129.309154248334 128.894177949222 128.10767132 126.938827708668 125.155158389452 123.419438259447 122.877803382997 122.325046414559 120.52075790423 118.752033970329 118.650714325545 117.246287210432 115.75196907064 115.350991419792 115.92904152 114.963433584991 114.60406000513 114.357022 114.236644115354 114.48139998 114.351932845579 114.881031998963 113.727549553705 110.009919162709 109.534083607942 111.097425877718 111.945502836254 112.298327674317 111.074108659435 112.175072157614 113.144786091539 114.426054396369 117.150743813856 116.722176981221 113.636663074236 113.952642312265 115.090896887378 116.301259101245 116.402586717602 116.323719850928 114.42976224 113.724520008531 116.103193769025 113.835814300253 114.735193951723 114.884820603389 113.296690477003 112.490771415966 116.390651320001 117.922036696161 116.310954731573 114.16205994 110.943775375411 102.743790055006 100.410799619401 99.4893015745154 108.784552320752 116.123130250524
128.94587058 130.168437632572 129.537027626455 129 128.863523714221 128.4106839 128.631347998014 129 128.695148089752 128.4106839 128.021644177517 126.9591005428 126.169508065283 124.14833683833 121.256673079144 118.880966752276 119.289078403255 119.71463392 119.011262171421 119.588544802462 120.095449983655 120.543749599545 120.217845831779 119.579588422007 118.75053172 115.092310034551 111.938986480358 109.153196605902 109.547743817779 110.207965811608 112.136215524139 114.924302536221 113.967150342371 109.373321250463 112.1042326 115.470989012483 111.629604459998 109.292334047649 113.033128391174 114.972498119648 116.641202528 114.17378093635 113.041574125297 115.848849904352 117.26967948953 115.726989663414 114.620054970813 113.01676091118 113.62556622 112.63378316211 113.39802286869 113.35845864 110.708642781779 108.004350345524 105.134590345076 101.809816544482 101.022234023876 100.972960189981 109.684403213324 110.357926797725
128.94587058 129 129 129 129 129 129 129 129 129 129.318268642919 129.129407146871 129 128.12556022 127.510146503757 124.902194933966 123.377308610773 123.107257763154 123.4821123 123.492952610394 123.5178877 123.286978675222 121.96540924 120.41127622 119.65811530585 118.75053172 117.234506878805 113.820993349432 111.972906793313 109.062695101726 112.710762394212 113.91546992537 114.649187310292 112.611752395469 116.524885848228 116.893786361847 111.324667376722 108.538232322858 110.720876100978 113.009852753938 116.701186138398 112.68836154059 112.489851010382 117.01729178 117.868506729963 116.595097300246 116.400345652274 114.724407018672 114.169307465632 111.788917963248 110.983327997416 109.624278401501 108.021587448289 105.67586204192 103.422719435741 101.708484942338 101.484049145096 103.010231455184 105.349538817799 102.849638647296
128.94587058 129 129 129 129.128191269106 129.5535407 129.5535407 129.5535407 129.5535407 129.5535407 129.848272851679 129.673377974857 129.109041218607 128.12556022 128 126.992277781001 126.296866555072 123.62632320371 123.4464593 123.14344912 122.23919230632 122.139724120216 121.698212586752 119.433628500136 117.608535700352 117.310635172719 117.783876052895 117.112117198862 116.678994057902 113.409179534994 112.204020005766 110.894200723275 110.417970823668 112.026067561354 115.49965128 116.069386122029 114.327955711271 111.790059765629 107.959682983368 109.9972688 112.687429853613 110.191700574667 109.7858372 115.327954567983 114.943307514873 117.732121922923 118.1070814 117.436178159404 113.439051583314 110.278845806442 110.984560919513 109.96482172 107.502409054342 104.173393801271 102.2638518477 100.641533397563 101.39232028 103.431021291015 102.5535407 102.64218812858
