catData/variables/futureClimate2070/rcp85/HadGEM2-AO_rcp85bi70/bio15.asc
NCOLS 409 
NROWS 350 
XLLCORNER 60.897278365 
YLLCORNER 5.843756025 
CELLSIZE 0.0892857 
NODATA_value -9999 
[rows 135 to 161 of 350, columns 180 to 239 of 409]
147.867776837989 145.53681004 144.19697662 143.515959546951 143.024162556728 142 142.039617875913 142.535121387767 143 143 142.832821258806 142.306725877515 142.286348206165 142.227649510156 141.705260393524 141.148573142796 140.641479960883 139.67908652 139.029958591758 138.543956308078 138 137.911344040719 137.574658242961 137.83226767336 137.4464641 137.4464641 137.4464641 137.4464641 137.4464641 137.4464641 137.4464641 136.57201712 135.50058872 136.01730378 137.08873218 138 138 137.529251621846 136.07201832 134.554715739999 132.698204489192 131.674116267128 131.4464641 132.17805188 132.804981996089 134.641817360001 135.31522652873 134.877479309899 133.91127022 132.83984182 131.76841342 130.69698502 130 130.246806037027 130.784491859294 131.58872858 132.66015698 133.73158538 134.358516824575 134.930499239105
148.019500259999 145.53681004 144.19697662 143.12554822 142.408858655422 142 142 142.16016538 143 143 143 142.83277946462 142.818973035374 142.779203064633 142.6249643 142.350590964645 141.748069155349 140.75051492 139.67908652 139.60765812 138.569508355324 137.83983702 137.086855035312 137.261392464694 137 137 137 137 137 137 136.498142055263 136.047086864743 135.05412462 135.403153724755 137.08873218 138 137.855265155226 136.76900094 134.766574675214 133.136978484791 131.85773312 130.78630472 130.3750357 130.649407235184 131.251927844822 132.577428215172 133.341208244835 133.3750357 133.341758864847 132.83984182 131.913146764859 131.32194932 130.6249643 130.792182135123 131 131.58872858 132.66015698 133.274370635098 133.876890644908 134.327947035086
148.479235447095 146.23320274 144.334149700239 142.516586383905 142.016431172427 142 142 142.16016538 143 143 143 143.310506866756 143.6963927 143.6963927 143.6963927 143.6963927 143.452589668419 141.909375855248 140.75051492 139.98269382 138.91126542 137.83983702 137 136.788979237252 136.3036073 136.614112495413 137 137 136.540268155589 136.813081360744 136.19698142 136 135.05412462 135.718950033926 137.08873218 137.77693068252 136.536902495072 135.69757254 133.815477047738 132.243622295929 130.78630472 129.71487632 129.3036073 129.3036073 130.10662348 130.569095057934 131.55308758 132.315655854732 133 132.83984182 132 131.908002440063 131.435633063605 131 131 131.178742294607 131.504035778274 132.116685318059 132.547408145609 133.216169750724
148.418735569638 146.53681004 143.777374945042 142.154697867616 142 142 142 142.16016538 143 143 143 143.44587898 144 144.452043754209 144.7678211 144.7678211 144.7678211 143.018922339999 141.82194332 139.98269382 138.91126542 137.83983702 136.822179251858 136.161824100801 136.287509213461 136.87134423388 137 137 136.33983822 136.169859803243 136.662309538832 136.096402257924 135.780387694735 136.004017572606 136.252780639947 136.267011312712 135.054359994628 134.09098617803 132.85773312 131.682782143349 130.48269742 129.41126902 128.493115698673 128.2321789 128.418622313354 129.135774799305 130.17805188 131.24948028 132.2321789 132.317966379883 132.590004037399 132 131.62555662 131 131 131 131 131.169858688784 131.848749823875 132.203027023466
147.785788947818 146.311551261167 143.59092986 142.12554822 142 142 142 142.025746664918 142.355115464068 143 143.31425746204 143.910924768975 144 144.58873578 145.554042457983 145.225260793031 144.326065044045 143.14573294494 142.05412222 140.82194332 139.75051492 138.67908652 137.60765812 136.584940301145 136.37444818 137 137 137 136.893878663784 136.22526280723 136.129085638244 136.020182710741 136 136 135.925531562301 135.135004606685 134.76841102 133.69698262 132.62555422 131.55412582 130.048551488386 128.57201952 127.50059112 126.546765821429 126.995431927557 128.03519508 129.900446905528 131.01730138 132 132.025745507514 132.123522841472 132 131.939808039443 131.8392495 131.405105582585 131 131 131 131.80301378 132
147.370188054724 146.26840502 145.053521150699 143.150560109338 142.9106779 142.9106779 142.9106779 142.9106779 143.14227168 143.9106779 143.944124612152 144 144 144.58873578 145.058967250902 145.02397471441 144.19697902 143.921892345035 142.96480012 141.89337172 140.82194332 139.75051492 138.67908652 137.883611536909 137.854802297779 137.9106779 137.9106779 137.9106779 137.309483156529 136.934652828783 136.179386625904 136 136 135.105080270033 135.992074255345 135.764823199343 134.76841102 133.421031388718 131.71487632 130.64344792 129.525812967219 128.41126902 126.738648062156 126.023975143156 126.80301618 127.87444458 129.89174596 131.001545395594 131.170126349718 132 132 132 132 132 131.953793661592 131.9106779 131.9106779 131.244439262471 131.071726877159 131.0893221
146.35772712 146.004802758906 145.19697662 144.109901042184 143.053151416177 143 143 143.15729942874 143.986250369621 144 144 144.437900555296 144.9821063 144.992640961427 145 145 144.19697902 144 143.05412222 141.98269382 140.998412210046 140.979240391685 140.73262122 139.9642126 139.9642126 139.9642126 139.456164120121 138.403907538482 137.33983822 137 136.19698142 136 136 135.982415928648 135.912855567009 135.01502783463 134.76841102 133.39396524 131.62555422 130.55412582 129.48269742 128.41126902 127.328027926102 126.9821063 127.78512248 128.856550880001 129.944904447342 131 131.08872978 132 132 132 132 132 132 132 132 131.26841462 131 131
145.9464653 145.985631017776 145.239966235741 145.0535347 144.10765452 144.0535347 144.048784192397 144 144.012398303534 144.340334678501 145.020046099465 145.0535347 145.0535347 145.610752686638 146 145.307573009292 144.25051372 144.006721314776 143.05412222 142.98269382 142 142 142 142.30301978 142.62555182 141.530253551052 139.939549106912 138.41126662 137.375179782843 137.014369239191 136.282960137549 136.88788986652 137 135.983622572671 135.048784449363 134.83983942 133.987601953432 133.356652484533 131.645600062498 130.60766052 130.0535347 129.46480372 129.088876134361 129.067904067674 129.0535347 129.881166151744 130 131 131.08872978 132 132.219188661916 132.96268711605 133 133 133 132.442788827912 132.018193394123 131.307579823843 131.010545598192 131
145 145.73159498 146 146 145.172319939521 145.122800166187 144.922351868105 144.1249631 144.327616203311 145.037866590982 145.49941368 146.1249631 146.1249631 146.1249631 146.042466937558 146 145.19697902 144.12555062 143.17232203961 142.98269382 142 141.979985537514 141.8750369 142.14019038893 142.37562562 140.914038759654 139.35773192 138.359873468238 138 137.359831596822 137.827633988886 137.12555302 137 136.122800766009 135.91126782 134.83983942 133.797351096866 132.82194572 132.078171194549 131.55412582 131 130.484838668327 130.702626917381 130.359833696911 130.024615708797 130 130.118199219787 131 131.08872978 132 132 132.30301498 133 133.055717519831 133.060319665877 133.073569348415 132.46480612 132.1249631 131.32194932 131.1249631
145 145.73159498 146.157706966133 146.1963915 146.1963915 146.17908292 145.178964311392 145 145 145.30302218 146.447989491082 147.1963915 147.094796727681 147 146.469486453556 146.052712935825 145.354685514794 144.32194212 144.010629143969 142.98269382 141.982573282732 141.674900167887 140.954517421495 140.8036085 140.42916032 139.445298290361 138.58428932098 138.080769268402 138 138 138 137.297286974072 137.010629615309 136.78970303531 135.928694065928 135.03623092 134.150909392834 133.756492657784 132.82194572 131.75051732 131.1963915 131.1963915 131.1963915 131.052713878504 130.354689372114 130.1963915 130.956503066648 131 131.071304005411 131.835062205207 132.045481635826 132.439896913556 133.073537497063 133.554697852318 133.5842931783 133.669498791081 133.469492239537 133.052714349844 132.354691300775 132.1963915
145 145.73159498 146.587957738671 147.200571276549 147.2678199 146.98269142 145.91126302 145 145.062025423 145.57084208 146.816150426219 147.851595363836 147.621237830781 147.110144742274 147 146.464342471616 146.052754901438 145.12555062 144.05412222 142.98269382 141.91126542 140.957105166713 140.50058872 139.7321801 139.458016594123 138.880585378932 138.7321801 138.301121234958 138 138 138 138 137.05412462 136.2678199 136.244055656426 135.88273361052 135.03623092 134.18666581559 133.725838251355 132.82194572 132.2678199 132.2678199 132.2678199 131.53623212 131.2678199 131.033626240029 131 131 131 131.16015818 132.23158658 133.081153441642 133.541979891413 134.119413335532 134.2678199 134.2678199 134.2678199 133.53623452 133.2678199 133.033626882797
144.884712089982 145.483402626747 145.933176016525 147.452247280204 147.981639943069 146.98269142 145.91126302 145.054335832884 145.492274283845 146.30302218 147 147.44587898 148 147.41126422 147 147 146.19697902 145.12555062 144.05412222 142.64344552 141.57201712 140.554923738688 139.76840862 138.897201054769 138.533720791497 138.026889691775 137.6607517 137.6607517 137.6607517 137.6607517 137.933174388133 138 137.375011234677 137.3392483 137.28061836122 136.624162395508 136.10765932 135.03623092 134.3392483 134.044636177579 133.503002579149 133.3392483 133.115290352606 132.516602130666 132.066826426062 131.422209257209 131.018362499519 131 131 131.16015818 132.23158658 133.40581229684 134.466277580111 134.973107136617 135.3392483 135.3392483 135.115291166802 134.51660371647 134.3392483 133.46480612
144.389051547476 144.889772312123 145.473240388279 146.104658108681 146.736075829082 146.168446250516 145.537028530114 145.094389190287 145.684433469311 146.30302218 147 147.262766871894 147.5893233 147.242367587302 147 147 146.19697902 145.12555062 144.05412222 141.98269382 140.91126542 139.934224795911 139.35773192 138.161860356714 136.80419842 136.1786466 136.39109170208 136.5893233 136.5893233 136.889770340875 137.80301858 138.359115000072 138.4106767 138.4106767 138.374236461134 137.905613638464 137.17908772 136.232101497661 135.667577242741 135.227566563142 134.695141536456 134.168898603946 133.610952695652 133.110230644749 132.19698382 131.640885985553 131.031898314046 131.007105273644 131.4106767 131.57083488 132.64226328 134.016706660001 135.78512008 136.227567548766 136 136 135.33984302 135 135.329779049225 134.53623452
143.5178949 143.896784209008 144.0357898 144.0357898 143.579776141233 144.0357898 144.078570350617 144.595111446541 145.23159378 146.156933641609 146.698419434316 147 147 147 147 147 146.19697902 145.12555062 143.598109718285 141.98269382 140.91126542 139.83983702 138.76840862 137.393960439999 135.445028442736 134.732854273189 135.267909610887 135.5178949 135.836162260963 136.73159018 138.190157932813 138.934976731263 139 139.473762859413 138.91126782 138.077214232437 138.362166348362 137.818123975713 137.10765932 136.03623092 135.4821051 134.89337412 134.163838896089 133.26841222 132.19698382 131.12555542 131 131.48272431293 131.56067197946 132.16015818 133.34323565131 134.942049992766 136.37444338 136.984042338168 136.714817144991 136.198276049066 135.33984302 135.352701042784 135.897981841292 135.547130854633
142.4464665 142.4464665 142.4464665 141.962428145635 140.94705282 141.358561257735 142.53520348 143.60663188 144.806255195622 146 146.37445058 147 147 147 147 146.595038998618 145.64344552 144.57201712 143.078285978136 141.98269382 140.91126542 139.83983702 138.896602207141 137.94749394 136.011906751644 135.059328332209 135 135 135.66016178 136.73159018 138.60603716 138.515964302596 138.970040209655 139.448319163813 139.513917554158 139.178573333591 139.425341241339 138.69698262 137.62555422 136.55412582 136 135.41126902 134.33984062 132.863453875579 131.64345032 131.056056288923 131 131.992275513426 131.64226328 132.625038762071 133.463173160001 135.30301498 136.581710334683 137.99940528 138.03623332 136.96480492 136.258795523689 136.02873834812 135.555504971808 135.930499540443
141.587421039847 141.3750381 140.873179082691 139.87562442 138.80419602 138.78469336 140.894270411622 142.635300740199 144.318450271223 145.564415417355 146.37445058 147 147 147 147 146.26840742 145.19697902 144.12555062 143.05412222 141.98269382 140.91126542 139.93993278029 139.6249619 139.208298157446 137.641459773976 136.17908532 135.30166599682 135 135.66016178 136.274374191086 137.479219242508 137.42212526607 138.32091348 138.403156083226 140 139.899905739618 139.28818340896 138.69698262 137.62555422 136.55412582 135.676705596728 134.78630712 133.302304259572 131.744115129006 130.57202192 130.3750381 130.966172674739 131.385850803318 132.08872978 133 133.318440370949 134.67805308 135.889912013793 137.19594798 137.556068923363 136.78630952 135.962465139481 135.01849082 134.95076845535 135.327949133747
141.103176722696 140.490524352399 139.50058632 138.42915792 137.35772952 137.350280387219 140.177473960001 142.32033076 144.23159378 145.30302218 146.37445058 147 147 147 146.54026806864 146.081491096264 145.19697902 143.516592553926 142.35773192 141.298355375882 140.91126542 139.888464054309 139.3036097 139.00058992 137.815475420405 136.55412342 135.48269502 135 135.200431519977 135.3036097 135.547413930168 136.216175794737 137.24948508 137.326167075455 138.6072194 138.670127368709 139 138.69698262 137.62555422 136.55412582 135.48269742 134.001282476218 131.983290939999 130.57202192 130.059806198495 130 130.94587298 131.01730138 132.026939221887 132.415142303018 133.070311932078 133.60662468 134.67805308 135.438980697364 135.6072194 135.01849082 133.94706242 133.385102982254 134.10662348 134.3036097
141 140.26840502 139.19697662 138.12554822 137.05411982 137.806454588606 140.177473960001 142.32033076 144.23159378 145.30302218 146.08694042245 146.2321813 146.2321813 146.2321813 145.57201712 145.2321813 144.42916032 143.154701126167 142.05412222 140.98671199137 140.14344672 139.07201832 138.054361107677 137.394007073554 136.85773312 136.128657096016 135.48269502 134.547959501522 134.2321813 134.2321813 134.2321813 135.10662828 136.17805668 136.236198914135 136.532492827096 137.39234188 138.2321813 138.161826330789 137.62555422 136.55412582 135.085502825517 133.05471934 131.418745256944 130.26841222 130 130 130.219614018131 130.24948268 131.2321813 131.39233948 132.409997806793 133.30301498 134.086938750745 134.2321813 134.2321813 134.095489532948 133.846723894179 133.7678187 133.337694486716 133.2321813
141 140.88239398534 139.362288677103 138.12554822 137.05411982 138.03461716 140.103001706873 141.615501990686 144.23159378 145.30302218 146 145.625797359084 145.1607529 145.1607529 144.50058872 144.1607529 143.35773192 142.28630352 142.008700303819 140.98269382 139.91126542 138.705420703508 136.92916152 136.1607529 135.78630472 135.1607529 134.64344792 134.066112301838 133.445961140604 133.1607529 133.1607529 134.03519988 134.312805110374 135.175275047184 136.08873218 137.16016058 138.194360379857 138.584940642585 137.311301685028 135.71487872 134.560292430087 132.82253804 131.33984062 130.26841222 130 130 129.206178844567 129.17805428 130.1607529 130.32091108 131.197981114336 131.62452078 132.3215058 132.3215058 132.3215058 132.815594553452 133.71478773101 134 133.870913206125 133.8392471
141.601197530325 141.9106755 140.30462874 138.239881908022 137.05411982 138.03461716 140.169547573631 142.245312952486 144.23159378 145.027067304717 145.0893245 145.049496583051 144.528900843065 144.0893245 143.42916032 142.423081061412 142.106919552472 142.011214746356 142 140.98269382 139.91126542 138.825530541893 137.468179524222 135.724047310338 135.055877103546 134.59395112257 134.043116491314 133.463854934802 132.42916272 132.755565752967 133 133.078109539265 133.0893245 134.122386408504 136.08873218 137.16016058 138.23158898 138.69698262 137.25110844 135.55412582 134.011602634307 131.91186254 131.030356093461 130.26841222 129.26871283877 129.0893245 128.14345152 128.10662588 129.0893245 129.24948268 130.0893245 130.116391161581 130.519645412303 131.0893245 131.0893245 131.67805308 132.74948148 133.0893245 133.820609475609 134
142.308518752868 142.263601616921 141.182605633289 139.233200339999 138.03622372 138.999722236079 140.177473960001 142.163031715657 143.24948988 144.315495364765 144.632250625025 144.0178961 143.50058872 143.0178961 142.35773192 142.004803446029 142 142 141.071049743339 140.999690286872 140.89336932 139.82194092 138.518921139999 136.381487212284 134.632252982074 133.57201952 132.509848861652 132.025256168558 132.006081778769 132.01309261102 132.0178961 132.0178961 132.0178961 133.069497769823 136.175876400034 138.14226448 138.75880399909 137.71487872 136.636749200876 135.55412582 133.96539484 132.400733031509 130.68541369656 129.28630832 128.21487992 127.159100667647 127.018864762563 127.018205727227 127.0357922 127.19595038 128.0357922 128.333384393617 129.024597176173 129.0357922 129.543834724249 130.02843204554 130.69594918 131.754285054881 133.609552845092 134
140.9464677 140.985631661948 141 140.12554822 140 140.069914311903 141.08873698 142.16016538 143.219196032291 143.9464677 143.9464677 143.524457647321 142.972307346142 142.35773192 141.9464677 141.9464677 141.9464677 141.118829606545 140.949364986918 140.92916152 139.941717533843 139.581183332694 137.71487632 136.34042814 134.217616412306 132.55412342 131.972307474619 131.914951448082 131.268113598455 130.9464677 130.9464677 130.9464677 131.89234308 133.981075260001 136.119182022321 138.044522215783 138.620211610754 137.303121857291 135.57202192 134.078588010365 132.48269742 131.379752896559 129.661488789978 128.26841222 127.19698382 126.12555542 125.949365243873 125.92916632 125.030447570798 125.8929354 125.8929354 126.19595038 126.8929354 127.33880718 127.8929354 128.48166398 129.55309238 130.663684228038 132.55249526 133.82090988
140 140.640174359183 140.975385663681 140.234820326545 140.1249607 141.002162892273 141.202609044864 142.16016538 143 143 143 142.944282650544 142.42237501232 141.41126422 141 141 141 140.890728193361 139.92916152 139.73277242 138.66134402 137.609929698095 136.64344792 135.268999739999 133.50059112 132.42916272 131.35773432 130.28630592 129.792545021858 129.7500786 129.7500786 129.859350106734 130.82091468 132.907484567539 134.83881078 135.7500786 135.7500786 135.484926483917 134.50059352 133.42916512 132.35773672 130.69757734 129.21487992 128.14345152 127.07202312 126.109865926828 125.05412702 124.859899912556 123.98891226458 123.8750393 123.8750393 124.140189315989 124.7500786 125.140233930261 125.689760092603 126.33880718 127.41023558 129.21324936 131.456451324059 132.74948148
140.129649520496 140.1963891 140.841707441123 141 141 141.01730858 142 142.128710645171 142.8036109 142.8036109 142.8036109 142.445297691591 142 141.526885509972 141.1963891 141.052712291647 140.842295432457 140.100893846733 138.868362134076 137.78630472 136.71487632 135.772156636504 135.375630419999 134.060692021876 132.355625178933 131.16134522 130.08991682 129.01848842 127.947060019999 127.6072218 127.6072218 128.48166878 129.55309718 131.62452558 132.713380012971 133.835064692162 134 133.880981378915 133.306313089733 132.35773672 131.28630832 129.741769287304 128.33984062 127.26841222 126.19698382 125.828268615934 124.85773792 123.996602197553 123.732306681637 122.968546679172 122.8036109 122.8036109 122.730074301601 122.6072218 123.12452198 124.19595038 125.397026415161 127.26678166 130.054949086458 131.825125805465
140.751179916961 141.195933938556 141.2678175 141.2678175 141.2678175 141.280490539376 142 142 142 142 142 142.119414193726 142.2678175 142.2678175 142.091013979723 141.26840742 140.19697902 139.765807153172 138.093749562345 136.71487632 135.64344792 134.57201952 133.438566895586 132.16134522 130.71546864 129.01848842 127.94706002 127.033304721998 125.895217842484 125.464365 125.464365 126.33881198 127.41024038 129.4863030351 130.885882829383 132.62452558 133.464365 132.939483597168 131.631899367315 131.01849082 130.085605103719 129.14345152 128.07202312 127.00059472 125.92916632 124.85773792 123.78630952 123.71488112 122.7321825 122.57202432 121.7321825 121.7321825 121.458021609923 120.88058773456 121.110940639043 122.05309358 123.961480551992 126.19535326 128.553271203025 131.154944702917
141.6784918 142.161896182575 142.3392459 142.3392459 142.3392459 142.3392459 142.309142243357 142 142 142 142 142.44587898 143 143.199726199548 142.67908172 141.359463536764 140.19697902 138.828897253077 137.71487632 135.64931897061 134.881162577546 133.446256485703 131.93689186614 130.254936102016 128.699641849827 127.063615718329 125.80420322 125.121782814642 124.109853094403 123.412565130955 123.593928960889 124.238548527268 125.26738358 127.350245523581 129.101096508263 130.427334959893 130.9822623 130.782042323794 129.94706242 129.026895007481 128.6607541 128.07202312 127.00059472 126.177354474855 125.19698382 124.12555542 123.05412702 122.649322142229 121.969898785927 121.554928925916 120.92143520224 120.6607541 120.6607541 120.36614249329 120 120.58872858 122.75651539118 125.12392486 128.06979544 129.831847204353
143.4106743 143.4106743 143.4106743 143.4106743 143.4106743 143.4106743 143.32193732 142.4106743 142.4106743 142.4106743 142.256897070174 142.262767942004 142.801770546166 143.346957125663 142.92916152 141.12614054 139.78630472 137.840426939999 136.64344792 134.992892796643 134.411856539999 132.26899974 130.262625692132 128.697054276037 127.061101275792 125.286898239999 123.66134642 122.831695688718 122.318214223111 121.747506505058 122.062565186771 122.537764301399 123.53520108 125.203061397739 126.730350034091 128.244425234079 128.494218057751 128.1786514 127.957980878589 127.5893257 127.5893257 127.2423714031 126.33984062 125.69955570056 124.78630952 124.07399303578 123.05412702 121.992894767879 121.53703496029 120.934227151539 120.452845776631 120 120 120 120.212441889311 120.99940288 122.459878754349 124.162727446179 126.668589918008 128.927535760001
