catData/variables/futureClimate2070/rcp85/HadGEM2-AO_rcp85bi70/bio17.asc
NCOLS 409 
NROWS 350 
XLLCORNER 60.897278365 
YLLCORNER 5.843756025 
CELLSIZE 0.0892857 
NODATA_value -9999 
[rows 243 to 269 of 350, columns 180 to 239 of 409]
4.58865839663983 4 4.58797122946359 4.96637779748462 5.69257053556748 5.74950548000014 6.7321969 6.7321969 6.56262465222458 5.91884972082717 5.7321969 5.28631791999976 4.07635299998288 3.03332328696492 4.05252526000061 5.46378948000011 6.32016637219113 6.69857405475718 6.98550590170512 7 7 7 7.16957049050297 8.41938609644591 10.7488963600002 13.7835063200009 17.413379062711 21.5181991757632 24.6079239888153 25.9281808800001 27.2146601450819 27.2302141879703 26.9432823410223 25.4297862399995 23.2457227657467 21 -9999 -9999 -9999 -9999 -9999 -9999 -9999 -9999 -9999 -9999 -9999 -9999 -9999 -9999 -9999 -9999 -9999 -9999 -9999 -9999 -9999 -9999 -9999 -9999
4.0006019199996 3.66076849999993 3.66076849999993 4.23857869099305 4.32153699999985 4.67807708000006 5.69087087883093 6 5.92143609461985 5.46054098865443 5 4.55412101999975 3.14087219847818 2.33923150000007 3.43561137497286 4.48341333169775 4.93317851157693 5.87444938000036 6.62500624187387 6.66663930140064 6.96989843532461 6.71510082794982 6.9214369087754 7.46703398550153 10.3244825955475 13.4809955579041 16.5316331043232 19.8159851124029 21.9816987800003 23.3013056141467 24.9943964625789 24.4470900199995 23.3756616199999 23.2869294399994 21.2629055705193 -9999 -9999 -9999 -9999 -9999 -9999 -9999 -9999 -9999 -9999 -9999 -9999 -9999 -9999 -9999 -9999 -9999 -9999 -9999 -9999 -9999 -9999 -9999 -9999 -9999
2.5185136199996 2.47911692132731 2.58934009999996 2.58934009999996 2.9777751601308 3.6137566197321 5.05229626066712 5.58934009999996 5.45285259853528 5 5 4.55412101999975 3.4826926199998 3.24177017654124 3.79972112385781 4 4.4732524646554 5.82289077494636 6 6.01019922585188 6.46416578625012 5.27307066664944 5.72663950590317 6.07094158744754 8.67647292000027 12.4366406235109 15.1270421172877 17.9448803400004 19.8388419800004 21.3414258098402 22.9008064097611 22.3042332199996 21.6212379089632 21.165390545693 20.3742211518343 -9999 -9999 -9999 -9999 -9999 -9999 -9999 -9999 -9999 -9999 -9999 -9999 -9999 -9999 -9999 -9999 -9999 -9999 -9999 -9999 -9999 -9999 -9999 -9999 -9999
1.33983341999967 1.73159498000013 2 2 2.48988241202011 3.02627289609259 4.5606907598355 5 5 5 4.81948175645373 4.2869857594738 3.73208045540156 3.78700144867063 4 4 4.38712701911265 5.80942524496029 6 6 5.77975293717571 3.51791169999999 3.74950308000032 4.96701377060695 7.49779272000035 11.5685544375388 14.28460335839 16.1985571913654 17.6959851800004 19.120104646173 20.3496971357989 20.1008487780281 20.491818853956 20.0089618301164 20.5163223558115 -9999 -9999 -9999 -9999 -9999 -9999 -9999 -9999 -9999 -9999 -9999 -9999 -9999 -9999 -9999 -9999 -9999 -9999 -9999 -9999 -9999 -9999 -9999 -9999 -9999
1.7052466468118 1.88016164093392 2 2 2.52356047582912 3.01730858000014 4.08873698000038 5 5 5 4.83281406935467 4.30671523839095 4 4 4 4.40494871062621 4.46756663423919 4.35288800973042 4.33944989999973 5.44648329999991 5.18027955999886 2.44648329999991 2.67807468000024 4.22024936866093 7.49779272000035 11.0908296068316 13.7674302054236 15.5887333800001 16.2947512100684 17.5047162778139 17.8929665999998 18.3769876066946 18.868800861051 19.9808441375935 18.9024639069147 -9999 -9999 -9999 -9999 -9999 -9999 -9999 -9999 -9999 -9999 -9999 -9999 -9999 -9999 -9999 -9999 -9999 -9999 -9999 -9999 -9999 -9999 -9999 -9999 -9999
2 2 2.5018455265165 2.62494510000002 2.9797020963219 3.02812549225918 4.65822633916036 5 5 5 5.23401105516324 5.17906611999977 4.30165638767505 4.36792754090569 4.62494510000002 4.89933248193269 4.69882304664813 3.20401286477038 3 3.75010979999996 3.59481454194247 2 2.23159138000033 4.09843006671503 7.88872826470539 10.8917531600004 13.5519149400005 15.5887333800001 15.5874351303814 15.6494413818009 16.2519523267801 16.1565391692783 16.7162848839416 19.3512612525221 17.733803459999 -9999 -9999 -9999 -9999 -9999 -9999 -9999 -9999 -9999 -9999 -9999 -9999 -9999 -9999 -9999 -9999 -9999 -9999 -9999 -9999 -9999 -9999 -9999 -9999 -9999
2.45972251189788 3.20583685680518 3.63656617828763 4.30531854662016 4.39274700000006 4.40325768713089 5 5 5 5 5.11369311902839 5.16824582587894 4.4826926199998 4.58873578 5 5 5.55920253041621 4.55641811532303 3.07537855953832 2.31567806513827 2.91126541999965 2.11153325495306 2.7666907801397 4.00106417523302 7.68772682967553 10.5812565254176 12.8555414400005 14.8923598800001 15.1031838893047 15 13.566215143521 12.9490007240268 14.5154374289343 14.8165051138416 14.4373081762472 -9999 -9999 -9999 -9999 -9999 -9999 -9999 -9999 -9999 -9999 -9999 -9999 -9999 -9999 -9999 -9999 -9999 -9999 -9999 -9999 -9999 -9999 -9999 -9999 -9999
3.42796848000044 4.49939688000024 4.76780190000011 5.64225368000049 5.76780190000011 5.76780190000011 5.76780190000011 5.8907771830784 6.53560380000022 6.53560380000022 5.96059606643976 5 4.4826926199998 4.58873578 5 5.56171817295006 5.95426184581621 5.79695451541783 3.87604634000008 2.77182036211439 3.04752657823961 3.44981989929284 3.1778163015879 4.44420207717907 7.49779272000035 10.1035316947105 12.181300786524 14.5887333800001 15 13.876567339549 11.6718996514587 11.2321980999999 12.3977039460725 11.4511103248384 10.6965942999997 10.825268222887 -9999 -9999 -9999 -9999 -9999 -9999 -9999 -9999 -9999 -9999 -9999 -9999 -9999 -9999 -9999 -9999 -9999 -9999 -9999 -9999 -9999 -9999 -9999 -9999
4.49939688000033 6.18480195454414 6.6784606 6.08517952066987 6 6.8392303 6.8392303 6.864980040093 7 7.2543053950283 7.09032913999977 5.4650351498507 4.91683264770958 4.93388117472987 5.55402978283091 5.95684821960884 6 6 4.90205373307272 3.8392303 4.00243362819442 5.65271124575429 5.74928228000034 7.12373046000052 9.07273884469257 10.3741931359966 12.9084502200007 14.9338807888826 14.4459722313217 13.3115619862384 10.0461277924013 10.0554018013598 10.31283780108 10.1725096329612 10.8392303 10.7048186883984 -9999 -9999 -9999 -9999 -9999 -9999 -9999 -9999 -9999 -9999 -9999 -9999 -9999 -9999 -9999 -9999 -9999 -9999 -9999 -9999 -9999 -9999 -9999 -9999
4.66016658000033 5.79695662658678 5.35806107269943 6.69321218356316 6.91065870000005 7 7.08080910284908 7.91065870000005 7.91065870000005 8.21368088000034 8.50275421839699 7.78148199228423 7.73197610000015 7.73197610000015 7.18977177210911 6.24442755216747 6 6 5.91549404949373 4.92641872338092 5.83717272546446 6.29170762230993 8.05290878000043 8.87546176214195 9.37444818000009 11.2579593534072 13.9483607588198 15.5361351744776 15.8516789883645 13.7572692954967 11.9817532484158 11.8101003299744 11.8213174000001 12.7335220422003 12.6597079366256 10.9856910455741 -9999 -9999 -9999 -9999 -9999 -9999 -9999 -9999 -9999 -9999 -9999 -9999 -9999 -9999 -9999 -9999 -9999 -9999 -9999 -9999 -9999 -9999 -9999 -9999
3.67807948000024 4.74950788000005 5.00352842249638 5.89011574729028 6.94684962292371 7.03399706627491 9.05291118000055 9.96417420000017 9.96417420000017 9.67200803201609 8.99329250420555 9.41997909441952 9.96417420000017 9.96417420000017 9.30401001999987 8.23258162000006 7.17553765451252 6.98208710000009 6.98208710000008 6.96448420387189 6.98208710000009 7.30241306000015 8.98623557323087 9.29759181698312 10.3565352800002 12.3197168400007 15.5247356076244 17.5529075800003 17.3158378319486 16.2242871165295 15.9318769084786 15.9283484000003 16.857280408906 15.9292674808808 14.7867098399995 12.8068825604536 -9999 -9999 -9999 -9999 -9999 -9999 -9999 -9999 -9999 -9999 -9999 -9999 -9999 -9999 -9999 -9999 -9999 -9999 -9999 -9999 -9999 -9999 -9999 -9999
3.62483743538833 3.9856361711522 4 4.82765505576778 5.89236468000005 8.96379308000015 9.95123330385322 10.1601653800001 11.0123938569336 11.0535155 11.4079271699861 12 12 11.41126422 10.3751648361745 9.32192291999989 7.44747353999954 7.97476147579575 9.10352790233558 7.21406199999997 7.38203380916865 9.0898885960876 9.01239372849641 9.35653528000025 11.196898821577 13.9987841600004 16.0862732906859 19.386439881198 21.8903217186885 22.321093 21.4321265383638 20.2460220852832 19.0092986383049 17.9499407008765 14.9295666399993 12.929728272962 -9999 -9999 -9999 -9999 -9999 -9999 -9999 -9999 -9999 -9999 -9999 -9999 -9999 -9999 -9999 -9999 -9999 -9999 -9999 -9999 -9999 -9999 -9999 -9999
3 3.73159498000013 4 4.10925741575525 4.95264212137814 8.01947118148882 9.21368088000045 10.2851092800001 11.3276014499113 12.0378607729558 12.0781585841776 12 12 11.5583821088456 11.084920825421 10.2684074199999 8.49429061302266 9.7645855441109 11.6553922424868 10.8750560999999 10.88614294449 10.7196968147136 9.45254324977683 10.4279636800003 12.5759516040433 15.9474627188244 17.1895780016907 20.046437410886 26.3733866171239 28.2590885788365 25.6155558868417 22.376659059999 18.4528611977825 18.1076401199998 16.9363929953747 15 -9999 -9999 -9999 -9999 -9999 -9999 -9999 -9999 -9999 -9999 -9999 -9999 -9999 -9999 -9999 -9999 -9999 -9999 -9999 -9999 -9999 -9999 -9999 -9999
2.93326612969777 3.73159498000013 4.15769154808445 5.07082408000045 5.38211696647116 8.22759053433598 10.0887369800004 11.1601653800001 12.0454786032443 12.4398893175627 12.6990811416309 12.1963723000001 12.1963723000001 12.6694966807891 11.938947556808 10.5174875024024 9.23566024320889 9.70273174401605 9.98937189517749 9.80362769999993 9.90978729356449 11.0314515727575 11.1508941680492 11.3030197800003 13.0498132896628 15.966141820939 18.4361099236206 21.0433338120831 29.0692394186725 29.8245587263036 25.7492439854966 22.5483762246898 20.3046215400001 18.9792982369224 17.5548557022696 15 -9999 -9999 -9999 -9999 -9999 -9999 -9999 -9999 -9999 -9999 -9999 -9999 -9999 -9999 -9999 -9999 -9999 -9999 -9999 -9999 -9999 -9999 -9999 -9999
2.66016658000033 3.73159498000013 5.01807360328048 5.90807368120004 7.45249492864034 9.02194382984018 10.3565376800004 11.3850736791203 12.2315937800002 13 12.8997218725606 12.8516060029593 13 13 12.823207570481 11.6608561500775 9.44670915944081 9.23417815607867 10.21367848 9.27243530711837 9.68930737736242 11.3850719218419 11.8924492873558 11.6763233616044 12.6486188752824 14.4168880004755 18.094561308486 21.7520028487229 27.5689010532062 28.1977477223169 25.4854407356735 23.2511060399993 21.3615553288768 19.2285591756028 16.7512480202495 14.0850303763092 -9999 -9999 -9999 -9999 -9999 -9999 -9999 -9999 -9999 -9999 -9999 -9999 -9999 -9999 -9999 -9999 -9999 -9999 -9999 -9999 -9999 -9999 -9999 -9999
2.99939568000042 4.31900238663025 6.01209606152388 6.63586859032309 9.19522865783097 9.02874558598455 10.7495078800003 11.7694364154171 12.4922595304452 13 12.6255494199999 12.2946238549058 12.6607708999999 12.6607708999999 12.2245536206334 11.7518225075198 9.79652412865257 10.5103171561736 11.6243359800002 10.3447937602684 10.6893027765755 11.145308530676 12.2315913800003 12.9025664745032 12.9258826609022 14.5256045290562 17.8937350172097 20.4492197746375 25.1732402870351 26.3547147966603 25.1969814199998 23.5477439020226 22.0724852661305 19.9422187142832 16.2171099999983 11.2346202894088 -9999 -9999 -9999 -9999 -9999 -9999 -9999 -9999 -9999 -9999 -9999 -9999 -9999 -9999 -9999 -9999 -9999 -9999 -9999 -9999 -9999 -9999 -9999 -9999
4.07082408000038 5.87384746000032 7.21368088000013 7.92600909815488 9.50332756998167 9.01020068180873 9.67807948000033 10.8439001454627 12.1786849999999 12.3031233308834 12.0611209809434 10.8124779055409 10.5698061554023 10.7680274999998 11.0391288717484 10.7475263999212 10.4458546961887 11.4413578674657 12.53522028 10.9898007326133 10.3948019615727 10.4493729241628 11.9160386171328 13.5518944706112 15.1288549069569 15.8019729133948 17.5519149400005 20.4192345379977 24.9825667861728 26.5208820056567 25.6076389199999 24.1771123093102 22.4966800588624 20.7449939529636 15.93055806479 10.67967884 -9999 -9999 -9999 -9999 -9999 -9999 -9999 -9999 -9999 -9999 -9999 -9999 -9999 -9999 -9999 -9999 -9999 -9999 -9999 -9999 -9999 -9999 -9999 -9999
5.62433838000039 7.07467013563146 8.28510928000011 7.6389641532638 8.0077987821325 8.04417242236703 8.60665108000035 9.67807948000003 10.6295621958658 11.1569394596349 10.40797825027 8.09188827872845 7.78583488613612 8.03582819999994 8.69599238000024 9.38851866736264 10.7080601718625 11.8431194327239 12.4540552391387 11.4820859 11.613598169861 12.95843344872 13.2798794211411 15.0631539132824 17.4114984478589 18.5023202647163 18.4827167925691 20.7662001400004 25.6427159941455 27.8443918510695 26.7740292851437 25.5763090587109 23.5883959522898 22.4039089083536 17.4745552528525 12.1259365400001 10.5744983144401 -9999 -9999 -9999 -9999 -9999 -9999 -9999 -9999 -9999 -9999 -9999 -9999 -9999 -9999 -9999 -9999 -9999 -9999 -9999 -9999 -9999 -9999 -9999
6.47206392241258 7.73159498000013 8.80302338000008 7.25109643999923 5.95288358856669 6.46379428000007 7.53522268000032 8.78395873638995 10.5287271419579 10.4464856999999 9.36321088134624 6.81311312550133 5.89297139999987 6.21884507315156 6.74123956602226 8.43445788960798 11.0505255556306 13.3024130600008 13.5535143000001 12.5726727362169 13.7888962010662 15.1785390802395 16.0414839611743 17.7958368985874 18.6085858732832 19.6932847630652 20.0553664277825 21.5473563952831 25.1235052289148 29.1245029391091 28.5009914399997 27.6230096919781 25.7629992576961 24.0473913696733 20.2659965304989 15.8050848686739 13.0443904835421 -9999 -9999 -9999 -9999 -9999 -9999 -9999 -9999 -9999 -9999 -9999 -9999 -9999 -9999 -9999 -9999 -9999 -9999 -9999 -9999 -9999 -9999 -9999
5.90776687504547 7.1066522800001 8.17808068000005 6.6261537399992 5.07441785356563 5.41399962143701 7.7691352078717 9.53019316995271 10.7684062199998 9.81062850067072 8.62615613999974 6.31606917363384 5 5.22080965206017 5.78762208509266 9.10918462449083 12.1571062406027 14.9203222165515 15.2498854000001 14.9094404600003 16.9081086519917 17.3499780851613 18.1354082130587 19.1893699994668 19.6249427 20.0708192800003 21.465533650925 23.4273521600003 26.2303707400014 28.1646246457039 27.396032639535 27.3436834333761 27.6114177476815 26.2087879309929 23.5198993799988 19.3943463600001 -9999 -9999 -9999 -9999 -9999 -9999 -9999 -9999 -9999 -9999 -9999 -9999 -9999 -9999 -9999 -9999 -9999 -9999 -9999 -9999 -9999 -9999 -9999 -9999
4.96379548000028 6.54468548097729 7.24382110554367 6.16366828793505 5.71280344141483 5.74829684000046 8.81205119162726 10.2716999218526 11.6260525353318 10.8787041311886 8.94746993999982 7.11511037576922 6.39274220000009 5.98276361727211 5.89681602379291 9.14850297031398 11.9096708600004 15.5359183166462 17.3173639002484 18.7959937127935 19.3927422000001 19.4413723094382 19.5350975559587 19.7250482150414 21.3927422000001 21.5281232155213 22.3707448220422 24.1774667600003 25.6013325852506 25.1792965199998 24.1078681199997 25.3942732853547 27.870493737667 29.0545057399996 26.7341845799988 -9999 -9999 -9999 -9999 -9999 -9999 -9999 -9999 -9999 -9999 -9999 -9999 -9999 -9999 -9999 -9999 -9999 -9999 -9999 -9999 -9999 -9999 -9999 -9999 -9999
4.39924265004126 5.90147170015359 6.84876144965236 6.12554821999961 6 6.80643572093068 9.08873698000038 10.1973558613188 11.4100180884872 11.6266159182926 10.5939042761975 10.1998651779047 9.67400965228982 8.26263168248409 8.04247272732236 9.54461956861712 10.372923746133 13.9621985200013 17.8086455330903 20.013287676351 20.7677995000001 20.7677995000001 20.7140238657683 20.9793414688523 22.28750112538 23.110143315186 24.0529039800003 24.8090073704055 25.5068718846035 25.03620932 25.1978954484297 25.7094925519592 28.60542564 31.5009914399997 29.248798803437 25.6141637002691 21.5368220399994 20 -9999 -9999 -9999 -9999 -9999 -9999 -9999 -9999 -9999 -9999 -9999 -9999 -9999 -9999 -9999 -9999 -9999 -9999 -9999 -9999 -9999 -9999
3.76630294741679 4.89236708000012 5.28987585515168 5.18095675098058 5.95458113711306 7.02009131675478 8.24950908000036 9.32093748000004 10.3923658800002 10.8577499199997 10.1607721 11.2833543401193 12.1611484199998 10.50098424 9.23056358312656 7.88967386629286 8.1562339107015 12.5532040368354 16.1504761970339 19.1926021090986 21.0744685352311 21.7048146586368 21.3887158949916 22.7271729263722 23.2136760800001 24.2851044800002 25.3565328800002 26.3333093781574 27.8926437642905 28.4000644104221 27.8120989868911 27.6784558 29.7222769311809 31.9653924399995 29.733803459999 26.3336083272162 22.1816940066506 19.6969826199998 -9999 -9999 -9999 -9999 -9999 -9999 -9999 -9999 -9999 -9999 -9999 -9999 -9999 -9999 -9999 -9999 -9999 -9999 -9999 -9999 -9999 -9999
3.9696380248736 4.06536340241459 3.35806539995551 3.17868739999987 4.98593932496214 7.01730858000014 8.00792809012006 8.24950907999999 9.11003514520212 8.87566521999958 8.17868739999987 8.70423933565095 10.2533350939007 10.4480080870924 9.94101848955135 9.11370053201025 8.89305746553092 10.8939346892164 14.877690299387 18.1397160418462 21.0079278756952 21.2208875735275 22.3738390600007 23.9106563000001 24.2851044800002 25.3565328800003 26.8990483190588 28.9461797415177 31.0522924600011 31.0657416935649 30.0182940199999 29.8213126000001 28.2675938647523 28.3385250362703 27.0826390787289 24.6838963211885 21.394576759999 18.7863263199997 -9999 -9999 -9999 -9999 -9999 -9999 -9999 -9999 -9999 -9999 -9999 -9999 -9999 -9999 -9999 -9999 -9999 -9999 -9999 -9999 -9999 -9999
2.68417009766952 3.0179152999999 2.21489191999982 2.0179152999999 3.90967565999998 7.034307071597 8.9820847000001 8.82765814166464 8.0179152999999 8.01248656673857 7.63225781447572 7.90168520431004 9.52657509690506 10.0073679218805 10.6483371406664 10.9689779994517 10.1755347817629 10.8722001029779 13.854579024192 18.0519185400003 21.0871448733793 22.2995412921646 24.1999098090506 25.2796757897358 26.3386175800003 27.4100459800004 28.4907420539085 29.5813654151229 30.0236539926744 30.0227239424481 29.2148967199997 28.1591342999803 27.0730095788046 25.019448342409 22.9813393563749 21.7305554151608 19.5685036539458 18.012486652732 -9999 -9999 -9999 -9999 -9999 -9999 -9999 -9999 -9999 -9999 -9999 -9999 -9999 -9999 -9999 -9999 -9999 -9999 -9999 -9999 -9999 -9999
2.03532756021222 2.78510808000014 2.37940653130879 3.04170955445207 5.94756285933978 10.1243347800001 11.1070262 10.9382898740035 9.82191931999981 8.46368439622001 6.75261363133251 8.29449273422264 11.5191597231136 11.4962823966687 11.0716987682192 11.0143633131072 10.1969790199998 10.8744493800004 13.83763334 18.0519185400003 21.1822176224537 23.3738390600001 25.2851044800003 26.3565328800003 27.4079233970989 28.422016341987 28.4568645131251 28.0315049482373 29.3738366600009 30.0926627584614 30.0640541864266 27.430172159999 24.1652702362026 22.91095336109 20.7994932859781 19.5362809182672 17.6901118315084 16.4335808280727 -9999 -9999 -9999 -9999 -9999 -9999 -9999 -9999 -9999 -9999 -9999 -9999 -9999 -9999 -9999 -9999 -9999 -9999 -9999 -9999 -9999 -9999
2.70262587724523 3.82300155419385 5.63065731436789 6.21851063414191 8.14164336000017 12.1444126399483 13.2387960686134 12.7645881343494 10.6434647199998 9.57203631999967 8.96862733428216 9.57082048000029 11.547597319964 12.9486160314569 12.3398358199997 11.2684074199999 10.2973096657725 10.9993908800004 13.9625748400001 18.1768600400004 21.4022318715282 24.5501979570345 26.3275975055961 27.3030197800003 27.9532158827185 27.7636415225597 27.7544412203173 28.684463574792 30.4052433539291 31.7315901800001 31.0966510740867 28.251717559999 24.2097360687903 21.8253091202281 18.8225356399994 16.9799892968939 16.2670967836332 -9999 -9999 -9999 -9999 -9999 -9999 -9999 -9999 -9999 -9999 -9999 -9999 -9999 -9999 -9999 -9999 -9999 -9999 -9999 -9999 -9999 -9999 -9999
