catData/variables/futureClimate2070/rcp85/HadGEM2-AO_rcp85bi70/bio16.asc
NCOLS 409 
NROWS 350 
XLLCORNER 60.897278365 
YLLCORNER 5.843756025 
CELLSIZE 0.0892857 
NODATA_value -9999 
[rows 125 to 149 of 350, columns 280 to 335 of 409]
876.614795805617 840.596877436769 779.236559883891 732.740742777659 737.184218138175 761.79240742019 791.177933420927 820.470995397381 847.721522696135 871.328465100008 889.754812810588 903.556567067346 924.466993494117 959.069445780003 996.163941216234 1033.3580427242 1072.0878036908 1109.58586351965 1147.86047678087 1198.14844422315 1258.19262514617 1314.94292908663 1360.58515456709 1392.13257445249 1411.51466474748 1425.96399368996 1439.14090610875 1451.44704054169 1462.35845257216 1471.39472419013 1481.19823709683 1501.92896437082 1538.88076210247 1584.90036033819 1638.83095749207 1691.83527968001 1738.86111570272 1782.42857708684 1828.69944139372 1876.36295057061 1915.79436721269 1939.6955643596 1945.18147011973 1930.86980421244 1909.58351123433 1902.70031172909 1920.38523032253 1969.9334338815 2011.64758987392 2099.00448882615 2161.28601713589 2144.62005162896 2136.69652920121 2118.27786084786 1979.05213553263 2021.17665775553
912.954024653882 888.733737809575 799.103247660277 721.829422073593 730.559434380286 757.516955483122 787.173899727244 817.967459580007 844.360307172901 867.501920903849 887.790851081166 905.603397743935 927.015932791881 954.894044722774 984.5404603072 1017.40234290287 1053.66803685795 1081.4068260314 1092.97780550637 1114.7458710451 1147.16363732819 1190.34856597637 1230.62186105559 1262.28056579462 1286.65446807474 1306.47968858675 1323.46113014529 1337.18142484517 1346.14302871617 1349.69658746674 1348.95692728607 1364.96798281706 1409.58893595551 1459.93313772245 1518.26801284707 1572.66742460272 1614.01804626164 1647.34421478682 1692.09767518522 1746.06979353028 1792.44336193959 1825.0548338563 1844.02619185161 1849.04129913434 1853.24268038494 1872.784911376 1952.74837531076 2032.06174771969 2101.75883828987 2221.80605764002 2247.13027371142 2160.66900245606 2140.46359951568 2280.05708045039 2270.50883649641 2352.5066611406
954.35013163552 953.290034780191 848.044503287852 769.801917270587 753.550861950996 767.183507477738 791.175551599672 819.842357280007 846.201760560002 869.765208305988 893.788479434281 917.159945088457 938.345646004466 958.107250615776 976.776847646859 997.821765391809 1022.29877804806 1039.71812663587 1040.14715760984 1045.2255436202 1062.85361931312 1094.8553885233 1130.24218014414 1161.67623664892 1186.9738719 1203.75590468968 1220.58263318436 1236.89763192237 1247.8442821285 1254.79421930928 1250.86012681883 1259.83410490947 1327.82261311263 1382.08084470246 1434.00942149876 1481.90095252856 1519.52265982604 1544.04307732957 1583.70405228986 1639.76723771799 1689.08615461318 1729.182056453 1758.48433597473 1782.33343756468 1806.52259469655 1856.19188585377 1932.758297062 2183.6002778586 2296.28053383708 2491.16355525076 2548.5533429853 2330.32178864649 2263.86609447539 2355.04273797953 2458.95450713756 2868.91587951285
917.466266705632 923.014599291869 861.609185567371 805.073311442278 781.660153955404 781.504210926204 795.78764346058 818.041758690677 844.233481691065 872.216963564361 901.807210215026 930.870563021429 952.847803007409 964.663926326012 971.453007789491 978.41184375313 982.780731250638 989.602481660404 988.82422512936 984.375809235894 992.826042779881 1025.82804421665 1061.2983483493 1093.25428486001 1119.02373436196 1134.9961624 1142.33903700439 1153.89145286518 1168.76211342 1191.31932593188 1225.84788697073 1283.81504831224 1312.16050428997 1341.21860322436 1375.86938675339 1413.35100101355 1446.91740230175 1475.95107009343 1511.52718971682 1557.01524765037 1603.72846100138 1647.60794548872 1684.31339890865 1722.48780017252 1761.76458113962 1824.16754885479 1966.63938799565 2342.45422196037 2574.67453503479 2828.66143075036 2834.40537772254 2651.7565160441 2612.41610760565 2569.80672374525 2641.00650918782 3176.69166006635
864.852946364539 866.816012742023 841.074119703839 813.223464747464 797.011888766614 792.780453852627 799.451044413096 815.044578177635 843.231535960003 876.235498668228 907.376466092205 939.625623366442 961.947676610341 964.13212684627 963.526908775422 964.827633793728 964.527214981184 963.881415687883 956.282710833049 947.585630005085 952.470429174589 978.201035467725 1009.17258800153 1038.87244278899 1063.45495892 1078.44008003822 1084.2344668975 1088.14453836747 1099.49041273061 1131.62356051535 1193.21975575189 1264.46425768198 1284.99047328546 1302.44449336984 1326.60927419371 1354.90624768408 1383.7672585306 1414.44690210959 1448.52500564387 1488.13125785256 1531.27796018485 1575.0301625467 1616.71687887804 1662.50817336847 1717.18567019108 1806.63161280057 1906.21646928151 2173.46583721864 2578.77152432774 3075.34330418389 3059.05061623702 2757.55748091297 2601.55987745079 2614.04010104669 2643.10105988522 3219.6476261106
827.975512442477 820.368441995733 809.482794012259 806.753011581679 800.765558557271 801.23551704944 808.983241422528 827.705146958103 857.408263266891 885.262026754118 905.316924913456 925.131280440818 939.757620587335 943.710601228114 949.173972414144 955.851705591407 961.3204389072 957.916250643562 941.655615790232 927.309559607139 928.665649490561 946.017583192188 970.641147182998 996.524859678955 1019.64546286309 1034.44147901028 1037.91563155843 1035.39018914459 1036.0142877559 1065.06116208668 1132.14719954299 1201.4216299768 1241.22041709682 1261.42269643242 1280.30971016082 1302.10752338074 1326.84192291234 1355.8262114503 1388.65476439651 1425.24158025861 1465.29181236833 1507.24457086633 1550.25896175987 1601.06332722002 1682.0224390449 1773.66870892052 1891.56614205621 2001.937997982 2288.61594527496 2845.85322782762 3098.04813969599 3091.15317508763 2933.20682516772 2591.34618282502 2452.00291193921 2914.7290714548
807.938865473268 783.914130981919 772.699103604497 789.089224968655 800.013989091971 810.686731412448 828.277155174699 857.38005394228 889.488379191529 903.716558407673 898.951738652881 891.070170740624 892.378474211051 904.882762040242 925.484697629566 945.030678947712 963.599843150301 967.585699431166 936.473167701414 909.952090123473 908.942795046729 920.798322744953 941.044556539851 964.439806248248 987.520925110134 1004.41101059402 1007.57209830688 1001.1828302905 996.353989327108 1023.64265426001 1092.65541251407 1161.38135539624 1209.38610103443 1232.03270918902 1244.92422919228 1257.56988934329 1276.62006472451 1302.28018564814 1332.3676628453 1366.02779598281 1403.34144715181 1442.21446209257 1485.22651367831 1535.07102232391 1628.53212938333 1713.59121417987 1798.21252176409 1905.72890388532 1966.54647237983 2067.9044741347 2240.07232008214 2350.41840447401 2476.78979746044 2657.02921409625 2725.97870680514 3056.33821877425
805.155730245042 771.152074896267 756.040571615078 776.737421960006 800.134556339022 822.075924340002 848.649956032575 886.496689496314 926.791686797722 928.052613023266 890.580183964414 854.728344522901 844.532344396924 862.178138841871 894.702952330843 925.674658883818 957.268970319133 973.091078122916 926.250095035856 892.709208744006 893.550013660001 902.862651400801 918.517331288932 938.758118890135 960.709304925667 979.149758688133 984.97896507283 982.719976051396 988.653934691765 1017.39555910801 1072.3119847917 1135.02067919994 1184.34524279141 1201.45765070107 1212.4460581925 1224.08298514 1239.26186657356 1258.55163332827 1283.41985011628 1312.37184691634 1344.82312430872 1379.56113165174 1418.80892598941 1463.87282681062 1521.5124297702 1593.95361640618 1674.53334579213 1758.86410616997 1825.90925730903 1900.63195314521 1937.44422492463 1992.76305871756 2053.51218296006 2211.91100650926 2623.63920493549 3100.26569313445
810.658092777409 782.359900876536 771.424308723243 785.129926560007 808.587307530614 830.950182915899 857.022915962914 896.98098151468 937.366043592181 931.445929239691 880.366648147818 833.542381583432 815.760303664912 830.320429550879 862.796808342435 897.975717565114 929.46976980004 943.373417867366 903.446327016968 881.159448269292 884.734828759515 891.371210215507 902.8945951314 918.177336880943 935.977575087392 952.796412820001 961.348138878769 966.783789523694 979.019291788311 1006.66053672067 1050.99037223566 1101.71389852057 1144.64234250691 1160.8788939372 1173.2263286234 1187.83094576198 1204.70974357304 1225.40437808755 1248.34438773858 1271.9782805304 1298.43265498001 1328.31475456504 1361.03046408125 1400.49993138408 1443.02064147268 1490.20960938908 1550.52132837147 1619.01574024029 1678.28283646465 1756.46059422464 1823.32946325841 1901.49452948366 1944.10489176847 1993.80332645462 2086.42713922523 2258.01979389843
810.886994787672 792.433057852716 785.613525157893 797.6860406727 818.744515051647 835.340458773871 856.733408801183 884.289323049001 902.172756964088 894.783182077934 864.778615275726 831.645342200849 811.91368606498 816.214015776438 839.40475651833 869.778977959761 898.02180548 912.204950293743 898.76665270409 891.073228436577 886.90896592538 887.01880832328 893.769841797334 902.773838608911 914.565336835045 929.883706798594 940.755609917839 949.517743406702 962.659064239351 988.119832647991 1020.88448872643 1058.75467635832 1090.19381045007 1111.40967898967 1128.59578075431 1146.96891776849 1167.9982331979 1190.89931486001 1215.21890172255 1239.48848696 1264.74570301335 1291.43208553504 1319.84300576 1353.20629425623 1387.5686851868 1426.03418628609 1469.5212509209 1519.93598981892 1576.58706457857 1629.99234975534 1682.24859992725 1734.28721940795 1785.81122516275 1840.85593010239 1895.02818512197 1951.11304832001
805.926951059796 794.768852681871 790.71594576 802.960504150056 827.183648005952 839.395000689448 846.094098563216 852.621194024152 854.368906142386 847.482144349239 833.679288447614 817.349961256617 803.798661498843 804.74702388 821.887182055563 850.274700810328 882.061394841874 900.685668790227 907.978921836198 905.054565499634 900.789771881345 897.963104367631 895.333636816252 893.455172768634 896.827862633795 908.010063552179 918.844565174367 927.567725439999 941.487632478983 963.425956433311 988.136092178232 1016.37682142387 1041.46719373687 1062.06211787139 1082.32545370029 1104.89246297501 1130.09909390486 1155.97583402445 1181.75339500043 1206.23856316 1229.73930530571 1253.60096113917 1280.41824879099 1309.33186925907 1339.03291619253 1373.41876619555 1413.53586959692 1453.18046430479 1500.16518265342 1556.25497852054 1612.29123364183 1669.40595601051 1727.77886406652 1788.16161219495 1850.01150724333 1911.17387108172
801.433938626486 797.532934711026 800.198539811774 806.016447275559 836.128884299245 842.753898578434 834.472691341971 823.319287317501 813.333368553928 804.807780755656 794.449022289545 788.029235542788 787.743216228101 792.057638634755 807.954503640003 843.416842963095 886.306964483156 912.517340321081 927.294551813623 921.943783269438 919.387545417015 918.16643515118 901.446721336402 887.223929528163 882.504754148128 886.525929962774 893.706811149354 903.225065575991 919.225625625339 937.256879373291 957.465539143952 979.941597787874 999.306865903923 1016.94407567463 1038.0499490415 1064.83006449076 1093.18898823616 1122.42936911618 1150.4201785308 1173.60597447839 1194.66396978919 1216.55632816917 1240.69569616374 1266.01907880915 1291.22918329826 1323.76174464912 1363.02592995823 1400.66141484 1438.24753517813 1486.87182529455 1544.06436231094 1604.70970176193 1668.22867718742 1732.35384666549 1796.48530290002 1861.41105105651
797.893254401092 801.907988013575 808.444314806971 819.206134908938 840.586651188613 844.206433202027 832.042479646557 811.16303728776 791.144505622821 780.450509796789 776.219309740598 777.424570960095 784.273113312714 790.952913732689 806.376832490982 854.77153356033 910.382112216868 944.940047379807 953.254842224711 934.660062778357 919.558789007718 911.581748080098 894.255558198097 878.517514623982 869.560553790606 867.555478876595 870.809968289975 880.42306048 895.908374404645 912.708367394016 930.387437019311 949.473988780004 966.281004827967 980.182891380657 1000.89757545568 1030.01485674402 1060.28862314 1090.11349207066 1117.983736759 1139.90231258266 1159.10203144634 1178.93514641999 1201.03664625367 1225.34530904001 1251.67705541601 1282.515997114 1318.60980973334 1352.116736864 1385.77903882101 1423.88466523603 1478.705822354 1542.29199266001 1608.04950632068 1672.6283229 1736.45431009769 1799.92863928536
808.971516209007 819.052465016449 829.430692684409 838.802899198762 851.493396426203 855.43112363886 843.707967208479 818.616134886573 788.741004551631 774.987525786473 779.083769655088 787.01864829926 799.071924964847 813.924789201466 842.551669110269 895.577235023667 952.163368445671 982.160567306154 982.293229988554 945.644043502144 909.407386895022 891.867313624216 879.535873270329 867.888331633448 857.794326681844 850.937285159779 849.560128241186 858.484781557361 874.305166410023 891.402281980003 908.545136379998 927.442538572003 943.523503361321 957.792447333316 978.256087236097 1004.26734362682 1031.71349499741 1059.27996344814 1084.18867691016 1104.67004476 1123.54447014 1142.26846570541 1163.14050971275 1187.23810044001 1214.71852218 1245.46447374 1280.35112490635 1309.69428256617 1337.5220212768 1372.61861517588 1425.7826427259 1486.86410349528 1550.31594341231 1611.60024076749 1671.11247792421 1729.4818582809
816.682032730763 834.670984397734 856.6797746048 868.353182462284 879.019473313413 885.138759707072 874.89396296129 847.24420418098 817.274198582646 799.950225215294 800.733999838762 809.684010409607 825.60016475437 850.689494943351 890.553322795949 946.418137951116 1002.46874696 1014.88066788322 1040.79137038485 980.53973862867 920.291149759001 885.47987802107 873.212929548449 863.397841297433 851.495238147893 838.134393352152 831.034401622428 839.900334746757 857.767874164731 875.241389880005 893.971866960671 912.349061200003 928.466419454929 945.221291865413 963.672125631169 985.666099078945 1008.532455643 1031.90109628706 1053.33500121556 1072.17582747879 1089.59703277962 1107.58072266 1126.85616994367 1151.31121901716 1178.89702718 1208.97788383951 1240.80157875645 1271.77131582762 1295.36090306001 1330.60372453108 1382.59561721974 1437.81186340579 1494.67955131384 1550.24412113197 1603.80771532405 1654.31016872016
840.552480788474 858.48174995128 882.611127340001 897.871451793289 915.157583083266 925.897154237388 911.873409962162 884.831534398877 861.112202910756 843.413577829821 836.365702505496 839.936934758019 853.268592880587 880.583529130045 925.970869661678 987.21711682825 1057.66184831533 1121.96374267799 1117.9573383404 1031.88264309794 957.895842496866 906.338007149753 884.244367783004 869.965259135563 854.337701226169 836.02351554492 824.734525947751 832.022410110606 847.064860741176 864.680428120024 884.690725845331 903.005367241291 920.874587544051 936.895876377463 952.802679500262 971.02813307243 988.961670173972 1007.57481431245 1025.55891803651 1042.83112358 1058.7716234631 1074.69459651247 1091.76042636184 1117.52654012879 1146.2226160997 1175.30171929004 1207.93649852837 1235.53145343128 1259.47803481714 1291.56645115495 1339.80751828526 1389.94566047867 1439.84244192678 1488.63093333491 1535.43900420305 1578.81850467116
879.349441058844 890.08189289762 904.875494980067 919.902121527854 935.919995920007 947.705559317418 937.267636752977 913.476284237893 894.591137225627 879.719637748178 869.894042344905 867.370025926502 873.927022175872 898.206110135073 943.472790960011 1004.33876355428 1072.35229073047 1126.6677024977 1150.89031599865 1060.86198636 987.026911549675 935.805046550958 905.765585696706 884.71819954687 863.459854138024 842.866562239999 831.253729239998 832.637335436718 843.682652405903 860.060210771316 879.113954149672 899.313604456071 915.333071266401 930.349375119999 945.134375272472 959.134209944437 973.126994519357 987.132250992805 1001.12825130969 1015.69251586984 1031.35556250672 1048.85786813671 1068.62543742998 1091.65787215348 1118.10970303345 1145.03684558 1177.45905877381 1201.72481219275 1228.83127218018 1258.06537869121 1299.64354196136 1343.93731782103 1388.0348050017 1429.93554351186 1471.15251714136 1507.5933435409
899.760572112717 907.912291825679 922.101540707711 932.752734457966 945.905551020003 953.180471944743 945.116322692451 929.666168824229 913.386899180163 898.50161877609 888.706165183986 886.255317501936 888.85741888056 904.039694580544 943.281794324883 998.383213775772 1060.18679854672 1104.88615531292 1108.2947211342 1056.84503224324 1004.642101695 957.899407989059 924.422190928399 898.399234981738 873.065044944937 850.179629049007 836.969367033075 835.638120998574 843.258654741826 856.273967625289 874.766476274031 894.814665573291 909.788055742514 923.822768889219 937.75910809845 950.590378719401 960.326370367538 968.644494334597 978.074471060956 991.023219908965 1007.31278901498 1026.66855052 1047.78570116909 1068.42291947776 1092.57692874 1117.11086189039 1142.18077422001 1172.59448605853 1198.83953035871 1226.88894305335 1263.66633872684 1301.25378857923 1339.50480524831 1377.15785753177 1409.02388252754 1435.39262198879
918.62227606533 926.354689665852 939.072767659436 943.932814552369 948.004060825102 955.50982729207 951.789395151927 939.534198146403 925.77183375768 913.204927360181 904.167351868955 903.051884460001 900.738697726123 908.36059790794 939.353137288612 982.195758756884 1028.28445571678 1060.32488078904 1062.22789927694 1033.71112546348 999.359642366164 967.409623465205 939.966908961874 912.211121739995 883.541275381732 857.87146027799 842.108304373696 838.990710170231 843.842628188267 854.509460473977 869.590125918726 886.382402765392 902.331025900007 918.282332246388 932.623819154976 942.166695512887 947.076902865364 950.046052278912 955.897743481383 966.550309128947 982.348272560006 1002.02569732 1022.58352750365 1044.62948707389 1068.88730681959 1091.61378798 1114.74588727707 1144.13936889313 1169.40465954243 1198.62103028814 1234.8587937 1265.99850489911 1298.12321496629 1329.13150191675 1354.0696242067 1373.53906912714
939.475307066758 947.666173437379 957.022364392008 960.982491301387 953.179768118467 955.962013380604 955.356740412337 947.05287656217 936.98679398 926.627341104643 919.299200732942 918.660832845758 917.698453696717 923.830604505608 943.879574967506 970.960926929482 1000.95354008685 1020.22324280546 1024.45341736312 1008.38478503658 989.031909028659 971.123321215943 954.682819245113 932.829042723931 902.275970091984 870.142835166671 848.794408748758 841.356212979625 844.250089175924 853.253770681221 864.629511294685 878.66749070407 893.545784253455 909.598385479999 926.133302814523 936.60027949115 934.428593409743 929.371669202844 931.392238490789 941.501638042645 958.031457251506 977.919301442118 999.619752474528 1021.51140296672 1044.69524784602 1068.23536013541 1090.64849503522 1115.01089332502 1142.15996944935 1170.71302149881 1205.85669270231 1236.0057053517 1264.28063084538 1288.98130661046 1308.87917481984 1324.16614916455
967.811568686316 979.538616875707 991.712636070144 990.108516386513 977.145856984757 966.621693426554 962.385807336374 957.531847130569 949.173778450064 940.320489944458 934.169996117187 932.083922256704 931.965005474704 936.551147051033 948.997843770569 961.795242604813 976.036992949992 983.466507639841 984.964083594836 977.475638091303 969.159903910296 966.942919084853 969.371047618209 961.706103376933 929.707628495858 889.551684202077 858.949964147344 845.505039082103 845.743627237903 851.046021373272 860.177486898761 870.599292150983 883.516296831606 898.176902915419 914.4945566391 925.521679699998 916.119409304057 902.666363859997 902.787127417615 916.655742164082 935.435147859768 956.666880133413 977.436230020002 1000.65084212061 1023.05672237246 1046.2571135 1067.88054313571 1091.51382022838 1115.6446723613 1145.81840769094 1177.83303736315 1206.57028583617 1232.46984014 1254.60017748995 1273.88048291399 1284.56926511212
996.008954122925 1013.0773037166 1039.87122324286 1038.53446678515 1013.83051584783 987.032661864877 974.308723402511 966.775219939719 958.587765453345 952.224882292994 946.838058929871 944.671535773715 943.720621370757 944.32853624157 946.256006502253 948.641971570163 949.824528754487 949.407972988905 944.739766735818 940.506195037264 940.75555009553 951.328980232742 975.009230215688 990.127866639226 956.143432808643 905.191760788421 870.223289546645 852.744760798039 847.803571764952 849.650373211866 855.015644749389 863.096483541424 872.551715392609 883.846278129275 893.749260341255 897.119708136669 887.438272819484 874.913952092827 877.273899122961 894.48583881525 915.338688468029 938.00583706 960.257928418266 983.193515088658 1004.50751899889 1026.57260673562 1047.63769447235 1069.18604804185 1095.3369916084 1127.18964130507 1155.33939623852 1181.84400069198 1208.12427845457 1230.94997222222 1251.22998748618 1262.47078708549
1034.48981459352 1047.38741731635 1078.34308953831 1080.91811021015 1042.12914751372 1011.05399525172 993.053744040229 979.329420791375 966.716874394305 960.082007377474 958.172621913342 955.856459404132 951.631219569871 945.886261795826 940.442859092899 934.704604042037 927.735418936299 917.73390067581 906.786685089266 898.125096565839 900.762852432958 918.624559007005 954.351620803764 980.938187608017 957.408208598624 911.598622210021 876.876011052357 856.978445796987 848.655216978894 846.511998997891 848.975401279096 853.420907460303 860.67230262151 867.669177541808 872.386539161306 871.984556453168 865.428851947344 860.029776304934 865.053612871654 880.996195629945 901.235656123724 923.386916248236 946.221772798081 968.120621965245 988.244029225321 1008.75757982 1029.15115177388 1050.81477528694 1079.07143586001 1111.53915558001 1138.27301424 1163.54482467187 1190.21640033147 1216.15952609319 1238.68152640265 1256.2782370431
1064.20545421959 1078.82150320434 1091.39093697377 1083.70925403999 1031.53575245128 1019.04216756611 1007.6062125138 990.063463004868 973.074182170098 965.163205312626 967.174758214 966.749999502724 957.4995202535 942.260503788829 928.206194706502 916.633825060724 905.897350575302 891.076000012078 871.395136723809 853.700638028888 852.623683794441 878.197375991848 916.436517130512 939.056096589116 932.631842055961 906.711623668068 878.190979811171 857.424235762477 847.020595559658 842.508826910627 841.64942844411 844.204591676336 848.054880525709 852.296002686929 855.48210078 855.779761234763 854.101698584229 854.428984393542 860.976537732698 874.12164525414 892.331820315462 912.90398979953 933.400147420003 955.53743817537 974.29235606351 992.105163504173 1013.1103261602 1036.30120970398 1064.69630277223 1096.41255081935 1123.38244642965 1148.00891521804 1179.42646618079 1210.77612076098 1239.83371178745 1267.70131350735
1092.39248519325 1098.79617222997 1090.92592942395 1064.1068397686 1025.22409352366 1021.29045023996 1012.38147222374 993.335996285526 976.140507143046 968.672193247948 972.802627641059 977.282640302612 960.20786381395 933.766154985867 912.287082548645 897.612711813473 887.202623436317 873.50205438692 847.532005120681 817.137350815782 811.685209232241 848.006718879828 883.676417334031 903.653531344532 905.261712877485 890.825744334209 870.812748607712 853.647719034152 842.896271365788 837.734611779998 834.817050929707 835.596737037456 837.235237705205 839.856451392953 842.270886639298 843.967827914648 845.7069534638 848.955822512106 856.672388791699 868.559743819446 885.561365440007 905.173698574942 926.271227834621 947.720888100009 965.889594461811 980.995787817813 1000.92077845369 1024.29091226287 1050.32882531673 1077.35605222011 1101.42924609788 1132.14542004116 1174.32245269912 1213.34754061245 1251.62776741895 1289.04317513263
