catData/variables/futureClimate2070/rcp85/HadGEM2-AO_rcp85bi70/bio16.asc
NCOLS 409 
NROWS 350 
XLLCORNER 60.897278365 
YLLCORNER 5.843756025 
CELLSIZE 0.0892857 
NODATA_value -9999 
[rows 25 to 49 of 350, columns 168 to 223 of 409]
68.2805704388117 69.3121794647854 92.7788174211387 108.162558512465 61.4483038574573 48.2964111640225 44.4955330612673 43.6381028070087 42.5179405000001 44.9782874248996 46.4192275674482 47.6545967799006 45.8933123016437 47.056948700314 45.3822962109485 42.6040028688627 42.3035881 44.4496079324109 42.7038316865266 44.0854063272 47.2127764843591 49.728474204231 46.4654512399999 44.4021710857908 41.0094975507786 39.8580466611133 -9999 -9999 -9999 -9999 -9999 -9999 -9999 -9999 -9999 -9999 -9999 -9999 -9999 -9999 -9999 -9999 -9999 -9999 -9999 -9999 -9999 -9999 -9999 -9999 -9999 -9999 -9999 -9999 -9999 -9999
74.8855683226529 74.9895274399103 112.846522883828 112.489925874981 93.2971877194768 56.9213115950174 48.4347278776881 42.4648157199997 40.0427197690055 37.5748612496656 39.5581840033412 42.0220890339789 40.5459987890217 43.7825280800007 46.3105910040498 47.2695218454542 45.1960273364742 46.7384766557791 45.1125635013117 45.2897177331423 44.802314824974 47.2532707847933 46.3064573856823 44.5085890506988 41.5601396338508 40 -9999 -9999 -9999 -9999 -9999 -9999 -9999 -9999 -9999 -9999 -9999 -9999 -9999 -9999 -9999 -9999 -9999 -9999 -9999 -9999 -9999 -9999 -9999 -9999 -9999 -9999 -9999 -9999 -9999 -9999
126.576431513832 123.963159877133 141.80239142192 83.722347095207 89.689924945487 92.9948141754953 78.5653137568081 56.5322167933746 46.2640418997001 34.412302727706 35.551433020001 36.988084373031 38.092877776901 40.7728195088359 40.5215020989891 45.7042540030689 45.2322486180487 49.4569178716931 46 45.8140910302575 45.1453112186629 47.17799942432 49.4576201714907 49.1420746757055 46.0204790830597 41.3806447491036 43.4304398456773 44.3471610935459 -9999 -9999 -9999 -9999 -9999 -9999 -9999 -9999 -9999 -9999 -9999 -9999 -9999 -9999 -9999 -9999 -9999 -9999 -9999 -9999 -9999 -9999 -9999 -9999 -9999 -9999 -9999 -9999
128.894645604064 103.549761444393 161.597792627691 136.261775308668 82.578631999452 76.9619543879493 84.8483098629009 86.5303102823478 71.3173490538026 37.7392481226072 31.8029794377617 32.5555656795562 34.6471966500778 36.1541401333396 39.2283341203895 41.2536953591856 42.223454993747 48.1566601008332 47.0723221206982 48.1343394787406 45.020681996176 46.3013916200012 48.0662697281018 47.9814543761488 47.8383763815484 42.9302911124878 46.0741013885021 48.0004987199999 49.0512848509009 45.1588145310726 43.5231380912004 -9999 -9999 -9999 -9999 -9999 -9999 -9999 -9999 -9999 -9999 -9999 -9999 -9999 -9999 -9999 -9999 -9999 -9999 -9999 -9999 -9999 -9999 -9999 -9999 -9999
130.726451197017 132.787368837982 127.088408114097 108.692049767719 108.264549297798 67.6913658850832 82.889834276324 90.4918319871464 93.636286170241 71.9809808088798 38.627626577611 31.424957521795 31.7077157275345 34.2222546510603 36.6526285428117 38.7868966716591 40.9106022247226 43.1230615133605 45.1260721091493 45.7275669878302 44.4727828139591 46.0037909798257 46.4013016124312 47.8898231876565 48.9808880569448 46.0026976000001 42.7440491863535 44.9861075621443 49.2191257229869 46.4865721345558 43.1783063447572 41.0685556827426 -9999 -9999 -9999 -9999 -9999 -9999 -9999 -9999 -9999 -9999 -9999 -9999 -9999 -9999 -9999 -9999 -9999 -9999 -9999 -9999 -9999 -9999 -9999 -9999
145.268944825826 125.842621973949 93.6088966989025 81.6900629262341 108.879518520467 97.9745546718334 85.1857835306882 75.0026664624574 53.169861803859 77.9654145843019 79.6131636690771 52.5302573098829 41.6798736250571 36.266940929608 35.5617077083076 37.9381900177343 39.0616829622849 41.0500718560755 43.9816291800004 45.0616350607441 45.9712516002695 46.0535539 46.0535539 46.4755543216932 48.0346147600004 48.0117030225312 44.5746035805607 46.6619060565203 52.5065425484365 52.7038431453483 51.7270019080848 48.5949261402989 43.4146737312938 39.6598964111416 -9999 -9999 -9999 -9999 -9999 -9999 -9999 -9999 -9999 -9999 -9999 -9999 -9999 -9999 -9999 -9999 -9999 -9999 -9999 -9999 -9999 -9999
176.265361380008 115.374973935812 79.3221248528659 68.7411028380868 67.0743125563687 56.3215201150613 61.6579111572652 57.8903530000016 57.0689943187294 61.0222569368103 75.069191347286 73.1898977139677 71.6681407828609 60.3769711547948 50.8293288336399 47.2040398217373 42.3818887707419 41.5194010461383 42.6914673762894 43.6352241472818 45.4631875600004 47.0757448180149 47.2967642947247 47.4864008608841 48.3362549292034 51.1341984643699 48.5814657031562 47.5058301499341 47.7745126909713 46.5474485137293 47.4389010604633 43.7109555076385 41.5331873908774 41.8146818871542 41.239251396667 -9999 -9999 -9999 -9999 -9999 -9999 -9999 -9999 -9999 -9999 -9999 -9999 -9999 -9999 -9999 -9999 -9999 -9999 -9999 -9999 -9999
154.877495602058 106.032524832219 96.9548768855094 76.2151570620902 59.8442372099412 48.7684350789791 52.3470461061397 45.0569312410009 44.6716767757566 46.3978162347109 61.4076858441289 49.2802083488021 38.0648431984903 46.2081497178628 60.89924445909 68.6045777701932 51.7868865515572 48.7732196406284 50.7570254422759 46.7589717311969 45.915957170664 47.6060443600006 49.3009044794669 50.5201964548462 50.3668692831044 49.98155718 50.9114746348353 53.0989862447321 52.6851244944067 55.3776184696819 57.8811253768843 50.5224555935686 48.4628113902831 55.3680693060318 -9999 -9999 -9999 -9999 -9999 -9999 -9999 -9999 -9999 -9999 -9999 -9999 -9999 -9999 -9999 -9999 -9999 -9999 -9999 -9999 -9999 -9999
163.450209307398 90.9777728108952 70.1397156661282 64.5816032561788 57.7292138724095 52.4078204169823 43.0394982655113 39.358765359999 35.8970399457777 32.9223042849476 44.3022243020774 46.2631071269321 34.650504503733 37.8719122559702 53.1348783675643 49.1585960207847 50.135241147167 58.9802914200007 62.3294505215345 55.5330974501566 50.4242065935921 48.2472392840579 49.5687166190251 50.0713564 50.8288608738351 51.966727518547 54.3780424805307 53.8573913545814 50.8587761599993 53.4690273253276 57.5263060999157 58.3367256865948 58.1251829298615 -9999 -9999 -9999 -9999 -9999 -9999 -9999 -9999 -9999 -9999 -9999 -9999 -9999 -9999 -9999 -9999 -9999 -9999 -9999 -9999 -9999 -9999 -9999
117.78806110393 90.3694406402353 82.1669158814786 75.8082958310496 72.0237872563545 68.649943829913 47.9829116739947 43.7097368772947 44.9153591041178 39.032840810196 38.9302718537122 39.651366325797 40.287088267343 53.7912813957023 76.1307366810738 50.9713979823774 41.6479571322227 45.7125358880094 49.1134543862119 63.9743202456562 60.3196299572418 51.7580390352805 51.7166970643007 53.5639857594583 53.1755055815442 53.5390064162411 54.7866436818768 55.1088644143648 52.8811784803315 51.7637254899414 55.4283681416432 60.9194603909617 -9999 -9999 -9999 -9999 -9999 -9999 -9999 -9999 -9999 -9999 -9999 -9999 -9999 -9999 -9999 -9999 -9999 -9999 -9999 -9999 -9999 -9999 -9999 -9999
109.316478114815 104.620164557186 86.0625574827163 66.6552169574467 73.8429997399973 65.0244857283245 50.9376262215805 51.4046429991632 61.81536971975 54.8271179213875 52.246304399197 55.378286412809 53.0245338974168 74.1094391313389 83.4665485218381 55.5870681845921 46.7386521418071 49.0188623399998 47.3307939829506 52.5725233355611 64.575004054141 59.6871098506467 54.2074658640833 56.3993582049108 56.817090720012 56.8342506538243 57.128073351789 59.2614081046117 57.9390319158996 55.3561438648757 54.665011373853 62.7064617028296 -9999 -9999 -9999 -9999 -9999 -9999 -9999 -9999 -9999 -9999 -9999 -9999 -9999 -9999 -9999 -9999 -9999 -9999 -9999 -9999 -9999 -9999 -9999 -9999
153.825026266714 124.133277103454 94.6698882102968 72.5209701588519 72.5460745661135 70.9798749985269 66.5899415073713 54.247185344849 66.0159122634611 76.5073081771717 79.9469551175583 74.9753749450072 55.046910641589 53.1785968829125 57.8865187495261 50.598749503159 48.6019423420017 50.0786100750825 50.5217340831 52.0010659211163 60.1643816781358 67.101193817589 61.5520181121918 58.6767888688832 61.5686107569354 63.0930398323571 61.2062352404966 61.6161139943055 64.6954669222824 62.2941772647809 58.6309633071597 63.2037881897546 -9999 -9999 -9999 -9999 -9999 -9999 -9999 -9999 -9999 -9999 -9999 -9999 -9999 -9999 -9999 -9999 -9999 -9999 -9999 -9999 -9999 -9999 -9999 -9999
163.44372133785 115.153159172025 98.1883550968827 91.0290610275931 71.6851352732105 78.2682719248662 95.1672953824569 78.3445721705105 67.74227610351 68.6012447311079 84.1002863200434 86.2896934078459 58.4462429285352 46.9786732659417 53.37844187919 52.4703031676765 48.8471792075153 49.2835868854996 59.0877997010483 56.8577143229089 57.8802971511122 62.6863011846078 65.0227348689647 62.6203362474764 62.407285403072 66.90849582 68.8363812942584 65.6506289320405 66.6799437887372 72.4474076556239 62.2849864301098 59.6742571093373 -9999 -9999 -9999 -9999 -9999 -9999 -9999 -9999 -9999 -9999 -9999 -9999 -9999 -9999 -9999 -9999 -9999 -9999 -9999 -9999 -9999 -9999 -9999 -9999
176.94109301033 138.700069216195 117.889320022977 102.890904675802 82.0671871714144 80.6281814640805 93.0751545240186 85.9888698108022 93.6573052001581 77.6348578961839 69.7559302708538 94.0794689502126 87.1323022251863 63.641997613285 58.1741124264184 56.3760019399989 56.834208372187 55.1145230494829 61.8691355151965 63.4138996370047 58.4329085907552 59.874918956905 63.8265240200078 65.2348786400345 64.5559647722662 67.4658594907875 72.2656378200011 74.9965650894023 72.0869643891915 72.0153012764597 64.6761879803293 61.6076749199998 -9999 -9999 -9999 -9999 -9999 -9999 -9999 -9999 -9999 -9999 -9999 -9999 -9999 -9999 -9999 -9999 -9999 -9999 -9999 -9999 -9999 -9999 -9999 -9999
261.972805385132 186.699993090901 143.36135035025 117.052341991306 117.00020363487 94.3477623616646 82.3583288589015 78.8116119738681 96.0677064028758 108.010877841464 109.354640771006 124.327530185584 106.515903714732 68.0366640284444 59.9648481433246 58.8600729668834 60.2166101535726 60.0944832204566 61.2881066676238 69.4867218488122 63.8541428458682 63.2450429556873 65.5549535459628 66.4024772748662 66.913215003113 68.5544550389086 75.1624594655847 80.5300603886344 80.1738712958564 74.3626956954991 66.1226147571836 64.0478179436784 -9999 -9999 -9999 -9999 -9999 -9999 -9999 -9999 -9999 -9999 -9999 -9999 -9999 -9999 -9999 -9999 -9999 -9999 -9999 -9999 -9999 -9999 -9999 -9999
301.426625935461 183.979477947784 129.873002630636 124.873568252636 173.593241059658 157.975132640239 113.250355082025 80.5205197083544 79.6445597928209 97.8577474624791 138.710465073361 127.338566989669 83.226484494422 69.3825855113744 71.5889609315004 65.3680196543388 65.32074548 63.3433842511578 66.1743204817491 72.1830214922553 71.7366159332458 67.83971760869 69.580309751996 69.3286433993145 69.8288573153729 70.98772944497 75.5239252142434 81.9683940114145 82.9190858570607 77.5211416199978 73.8455873742667 69.5019554963664 63.4675420264351 -9999 -9999 -9999 -9999 -9999 -9999 -9999 -9999 -9999 -9999 -9999 -9999 -9999 -9999 -9999 -9999 -9999 -9999 -9999 -9999 -9999 -9999 -9999
422.143429417394 351.903455395864 267.224302454502 261.989310311161 275.449580719496 202.975008680593 153.09978021824 101.197163812876 85.6937581059023 85.0650817466788 101.101916124562 119.570931131741 89.3761004965349 72.5804159082209 82.1169139685153 83.7210222092177 71.0751013784963 71.54721640842 71.0442247449769 69.9626972400004 71.8328889142176 70.8419154438275 72.2005570615711 71.1226336053776 76.5083754862034 76.8678162819339 75.0483520562946 74.916606480484 82.0524310804858 82.9959453941386 89.8674197667273 89.1248479351605 69.7116575773603 71.4361668678375 -9999 -9999 -9999 -9999 -9999 -9999 -9999 -9999 -9999 -9999 -9999 -9999 -9999 -9999 -9999 -9999 -9999 -9999 -9999 -9999 -9999 -9999
389.902022388847 405.022106686469 451.442565166967 387.506043798015 189.968332338819 145.880250602906 150.725332108305 137.401585538426 101.627919294297 88.0186871983791 89.862341287013 112.402657582571 118.466161779584 91.9946923625209 100.218113429139 96.3284011640298 90.3990662211333 86.5642977596473 80.5982991678583 75.8553590400005 78.9662314799957 80.2087002668406 76.7146610213817 74.1682964921456 80.419373998476 89.564006658196 87.4935351411517 78.8906541438421 75.237712273352 74.8930529999995 87.7129824254688 90.2496748072744 87.096982158887 66.269637776578 75.9710625522886 90.7216819393344 -9999 -9999 -9999 -9999 -9999 -9999 -9999 -9999 -9999 -9999 -9999 -9999 -9999 -9999 -9999 -9999 -9999 -9999 -9999 -9999
399.932078916634 243.313214447001 272.771898166351 443.101240473636 264.729187099893 216.040479880738 154.505570523002 134.950784993495 133.831001429348 105.767086613679 93.8858627256178 100.274347799254 102.045251972262 121.445678631232 101.893633045065 92.4638631508176 91.0748992038304 103.355130776304 83.4083582367064 86.8502542643351 81.7313362353825 83.3824662706962 89.1555174865584 87.0944922575614 91.0536676630981 94.4004093093167 84.809352887085 81.690191006066 87.3882071024278 77.5672263335726 74.3430404397645 72.4580679740562 79.0224744702238 66.50379978304 66.4632602031792 81.4604582994638 -9999 -9999 -9999 -9999 -9999 -9999 -9999 -9999 -9999 -9999 -9999 -9999 -9999 -9999 -9999 -9999 -9999 -9999 -9999 -9999
548.155510241379 435.003690340352 275.610238724755 271.340446123366 392.22380469121 383.467391288521 247.673706007478 164.575785005252 143.793496439183 125.968598874415 109.918383995689 101.590795075597 99.9632085624346 99.2779985885706 122.312217662787 96.9880179649525 91.488328215081 106.518809846749 99.692834676765 91.8836659709583 92.051251514308 88.7102795122729 95.7682408869477 101.812115906566 101.9489242092 103.330812868245 93.3663394537393 95.6084875600965 109.606605698013 88.311730543747 80.8707001842566 77.0053400475927 74.5799289912532 79.7249036956475 84.2683872251458 66.6023746600423 71.6879598228883 80.792270440329 90.8487654894564 -9999 -9999 -9999 -9999 -9999 -9999 -9999 -9999 -9999 -9999 -9999 -9999 -9999 -9999 -9999 -9999 -9999
565.84540229718 473.464436120245 348.27892847086 260.596489377701 279.519387437092 349.753259177953 348.735627151474 232.471313341948 218.354984391919 152.069468782893 141.524065133311 119.900883106632 112.119941683269 116.947496555355 124.848652902699 106.043870732414 100.996474621851 102.138149823222 109.500674067752 103.954225828715 100.70768876986 98.7270382182477 101.75036852 104.803446155347 109.310281109325 109.617889031981 98.3220938727947 100.879747557534 117.350013963122 103.791623287859 93.4531095289304 80.508252481418 80.4340150717142 76.6469925345355 89.2474984977813 87.6931644399938 67.5642201869013 68.9977496473366 76.0866053000006 -9999 -9999 -9999 -9999 -9999 -9999 -9999 -9999 -9999 -9999 -9999 -9999 -9999 -9999 -9999 -9999 -9999
520.147104422628 461.419631814117 497.081901234307 457.56001202436 335.164592773873 310.52657651171 438.470124171935 295.357822901405 204.121709071468 155.589732886269 173.314653174028 155.419061137463 123.790958870835 118.553609153793 116.333769492296 113.171232730166 115.047979085528 116.464517960372 120.472009014665 118.019644220064 108.521620382481 109.330924035056 111.123270618148 109.029213842337 112.15142974142 113.986069535076 102.122263934107 102.255198525627 124.946075898998 113.21822206545 102.814053328108 99.8985681504264 94.8458375600398 81.3578641923774 88.4638379830469 101.615961337117 79.9988959581111 70.7657307491238 72.9657461331874 -9999 -9999 -9999 -9999 -9999 -9999 -9999 -9999 -9999 -9999 -9999 -9999 -9999 -9999 -9999 -9999 -9999
538.142760048806 609.222094510914 763.558237371463 664.672686964859 429.515249029621 300.286743395539 384.198313851442 224.558011492825 210.907524554983 218.922489144927 215.634360860938 163.00997088547 140.985509749966 141.412507964885 127.648409715116 132.984793946318 123.301663781715 120.639873938717 132.266349218253 117.860407366333 117.795165071121 119.558309564308 119.528299409358 118.05289918 116.334499329268 119.618010447232 113.195571522295 107.162414330513 116.869879241666 109.999288621278 111.819275975993 112.38572833859 101.85124376583 90.3782056199996 89.7353551754916 103.742531080288 96.9742456030769 85.1613495425591 78.9592910703161 78.9358099111116 -9999 -9999 -9999 -9999 -9999 -9999 -9999 -9999 -9999 -9999 -9999 -9999 -9999 -9999 -9999 -9999
854.890496337416 903.109880556209 967.236234586792 745.425688162063 519.446989615096 339.784806159646 343.334826808152 283.5565636125 321.668453354096 283.714543112171 199.847351732712 168.117284474554 149.759515770633 176.267586576448 177.040126609846 169.944831768399 135.334222970968 130.777969642875 133.158124521572 130.429380639999 128.443667213861 128.115521327801 128.592964141218 126.893048026524 126.895676859993 124.976185489825 121.993189526543 117.169790860747 116.549227079245 108.551874645542 115.279613438478 131.192931520216 115.215774867635 97.9882890577035 95.3917114311376 103.55596623193 110.901521697697 110.536165882523 100.577924356914 89.3048591088287 87.9216674430775 -9999 -9999 -9999 -9999 -9999 -9999 -9999 -9999 -9999 -9999 -9999 -9999 -9999 -9999 -9999
1158.59652031182 1232.43830494682 1183.06344031053 904.030824068368 626.139809564676 346.060540893842 311.222151702362 292.919965373141 324.174109153189 332.689353747574 294.418194175387 248.13294088815 194.23588609721 206.611331421201 248.565998732124 190.759133634816 147.673824763739 142.5451371387 144.216266102687 144.952905859509 143.023436060086 141.94835383968 139.87306074 141.30383002 140.23240162 138.919183261936 135.391936314046 130.726256715288 129.341794965203 118.838910062221 124.635944231677 140.208879591994 132.847016773229 112.05343635552 109.951059177689 115.104032133846 121.382868206387 128.290710072462 126.057197296818 106.412981393584 94.1148808001903 90.4586349831796 -9999 -9999 -9999 -9999 -9999 -9999 -9999 -9999 -9999 -9999 -9999 -9999 -9999 -9999
