catData/variables/futureClimate2070/rcp85/HadGEM2-AO_rcp85bi70/bio10.asc
NCOLS 409 
NROWS 350 
XLLCORNER 60.897278365 
YLLCORNER 5.843756025 
CELLSIZE 0.0892857 
NODATA_value -9999 
[rows 78 to 103 of 350, columns 58 to 115 of 409]
-9999 35.9567614041857 34.2100948356759 34.2587826406766 34.5130552075321 33.9137210926451 32.4056931370166 31.444876134964 29.9063582053086 30.0443796043897 29.6103112908571 28.3684493902389 28.2388792864463 28.59159102405 30.7996188541162 32.841531290852 34.6391800666807 36.0656926979303 35.624471451472 35.6717637373888 35.4899636952455 35.2107475837979 33.6447777060552 31.5603275070045 30.4901595414648 30.1983070069017 31.6737044027008 32.9652888887493 33.9443476257793 34.2410090116076 34.4413759849945 34.403730228428 34.142948144 34.0249933737755 33.899187132187 33.1998560117864 32.814250448 32.4546026654051 31.4316661615526 30.7539112190473 31.1149692825474 32.0298587650003 32.7645412084554 32.5232005613688 30.5427727220987 33.5233431748745 35.9623586444079 37.1016743057144 37.8814186339582 38.3086941516725 38.475002920366 38.4695096349406 38.4163833717528 38.4 38.319696462 38.2547130161669 38.24821171 38.2
-9999 -9999 34.0739889834909 34.2443151181937 34.674726596867 33.9595511897831 32.5551765031256 31.715477338049 30.1321860055682 30.2584744657604 30.2801267858293 29.6530389983872 29.408846882875 29.2854698931017 30.4690517661654 33.9436905798581 36.5485283484219 37.7963333987427 37.5633854274359 37.4485337645488 36.757423943753 37.0470925607009 36.9559078341168 35.5385310106723 33.1806132419171 31.3504488319961 32.0641079813089 33.5267070402053 34.3299297199545 34.6542099721596 34.531286266473 33.8133254320969 33.1892721811557 33.1102733716296 32.6845789946191 32.3093210649855 32.148241365188 31.7911203303817 31.568254585864 31.7460635300398 31.9770945507715 32.2650285624635 32.5635090147067 31.3613286107762 31.2493010575092 35.1956575903591 36.6355475996792 37.5763425044028 38.1397667515414 38.444533226 38.5267184356629 38.5 38.4705260302155 38.4148567748452 38.364148124094 38.3069490009668 38.3 38.2
-9999 -9999 34.2221887183605 34.506056675352 34.7102508537983 33.9655103450571 32.9702529326119 32.6125204502926 31.6602340079146 30.7421915629149 30.5773112924954 30.2085839946328 30.9107842479267 33.1033891740647 33.2336420887892 35.1631616342408 36.1355256007531 38.4850614890095 38.8752521294803 39.0151158631839 38.5658609502322 38.326640486 38.0042092908065 36.1354803036093 33.9241848413708 33.1935922731488 33.8626437844665 33.9828427428248 34.2351318270823 34.874281974723 34.0495740204105 33.0667683859999 32.0734385074928 32.4189328178644 32.3407765662197 31.7640614710697 31.3064914828983 31.6215961549038 32.5059063568883 32.6213655722562 32.4672263246069 32.4281324702135 32.4013523530697 30.6645689976296 32.5483087963468 36.3292039556385 37.5128911302368 38.008706802 38.3764285801036 38.5863062835317 38.610765212 38.525702040388 38.5 38.426839302 38.4 38.312553622 38.3 38.2010824910433
35.9422977815168 35.2050295165576 34.5017020161487 34.7490069397396 34.4261163366439 32.8735122005391 32.3526542906942 32.5348510069483 31.9425505974586 30.5545798719277 30.0239221828762 29.9949336955329 31.8661591355072 34.9091443085962 37.3037369315013 37.6328679274154 37.3078330434287 38.7492549830317 39.1017534755947 39.6448554490136 39.8278629664653 39.6543110196939 39.1009693361142 38.1513380206254 36.9341314321269 35.2049881478428 35.1989568856557 35.2350493095067 33.5679142351817 33.7418964633764 33.4385734749576 32.9278590861423 32.6315605196919 32.6794834036045 32.3977301224706 32.374184619556 32.6580725966394 33.0071404251571 33.1329329055123 32.8114884789601 33.2925380892812 33.2264400901952 32.1137281003957 31.9769578180498 35.2147121361318 37.2743579791179 38.101554357075 38.3364649406112 38.5184553986659 38.6135372204613 38.6146539997432 38.541124982 38.5 38.426839302 38.4 38.3734514807659 38.3037680810296 38.2701660788251
37.0259401833899 36.3008793738795 35.127972580955 34.9565513214094 33.9943377923214 32.015377977728 31.6355876590201 31.5485520913663 30.8951837174502 29.4470545054586 29.8260656875051 30.133970862 31.326074418604 34.5232651977629 38.7718456566121 39.6145433094211 38.8876474580363 39.7068437961905 40.3665990624687 40.2121611470132 40.4099974660081 39.9017753958251 39.366651325045 39.389381284 38.3934943666029 37.0543873148478 34.6334976205571 34.8502559893367 33.1497139482531 33.4453847066533 34.2558636102974 33.6861047650633 33.1012694696382 33.4092815964281 33.1417487511537 33.4278313646694 33.9012245872744 33.8976240137487 33.6955837884 33.6926435409488 33.8461778531818 33.0772896327073 32.1753740794876 33.0319697426881 37.1651418948844 38.1330977871777 38.3821041889025 38.507086728 38.5854769972281 38.6 38.6 38.541124982 38.5 38.426839302 38.4 38.3328559863678 38.3012562174694 38.22321693
38.0867301982856 37.2445146926188 35.6720812556127 34.9533753413335 33.2396594796821 31.6660292600254 31.6198115754285 30.8420586250254 29.4844153130795 29.0635645430572 29.9953753978668 30.533845511127 31.8399567844764 36.4475506670072 38.3700800575422 40.325925636819 39.855883435524 40.7918389548442 41.2071932431431 41.4007790588317 41.328901858838 40.9587963437622 40.5625016440568 39.9262137242917 39.0208286774669 38.3499332228064 36.4074084580957 35.6662190085134 35.2059391161912 34.7590439403262 34.6787824794853 33.7628606198897 33.8785843386158 34.2474353203239 33.8096305180499 33.3874190206951 33.7623535757145 34.1108672402481 34.1142792524888 34.0138966570569 33.4479264868437 33.3780710108901 33.9313355094679 34.0021171391172 37.6477280620001 38.483869798 38.591012638 38.6727228572602 38.68392591 38.68392591 38.6405092088507 38.541124982 38.444593911911 38.4043141735588 38.4 38.312553622 38.3 38.28392591
38.2369024245453 36.8211244985099 34.9756248995942 34.5975544418257 32.7436373953353 31.6956951695231 30.5783781008203 30.4193850193305 28.9140016072843 28.2595381855516 29.053797592762 29.9729084885647 30.8533989563411 35.7315605541204 36.8193270073504 39.3284934760328 40.6100716012654 41.3888113145301 41.5936420782829 41.6634711503251 41.5558640555548 41.348368046 41.0694314379647 40.6436059204244 39.2961475569387 37.0195172042023 36.0336488516703 35.0217912995255 33.8387165480261 33.3793866337983 34.4350881916285 34.4605864360001 34.6599853459706 34.6511789586704 34.3542796703361 34.1829507061108 33.7351094414088 33.8410081665596 34.7072885834686 34.9375265620001 34.6339155101369 34.5098249362805 32.9326531141258 36.4089527015726 38.2769451058132 38.6835681056601 38.6931373005576 38.7 38.7 38.6593930472501 38.6043109198524 38.541124982 38.4941037800574 38.4244422168401 38.3268685717376 38.3011211953649 38.3 38.2984226364301
37.4893675394167 35.5987457251964 34.2671448536602 33.3259576719691 31.1680986969802 31.6613231942123 29.5174275579143 28.6400032122248 27.4738581424677 27.356167012414 28.6912519551938 28.7624820558504 31.4582231939661 32.0035523967845 34.3079137158859 39.6154034631753 40.95692282844 41.5812641491142 41.524949708 41.6012464477656 41.5257757494992 41.268018956 40.998323094 40.6652334827062 39.7655335320895 38.0614209732356 38.4382001467637 37.602126132353 35.0160639046519 34.19099548418 34.6860768482954 34.6459797725875 34.9423310813226 35.0627049981733 34.8053843560353 34.0141057877752 33.8125003979487 34.8291088339936 35.355183246398 35.2496213115313 35.4287175492233 33.9382399650364 33.2194653374385 37.2068093841348 38.237288962 38.60178841 38.6245350176148 38.7 38.6632231989149 38.6009909698203 38.6 38.541124982 38.5 38.426839302 38.319696462 38.3 38.3 38.298267942
35.6704684517359 33.5975548465859 33.5826255719822 31.7131442536846 31.7563746755566 32.1159530121208 31.2830196964767 29.9249039683917 28.9634490241896 30.2438222975055 31.3153345594661 30.9537495611381 31.5112349685226 31.1358426537527 35.1853089182066 40.2207933360002 41.4084003792471 41.4955032671207 41.520680987023 41.5319280917126 41.362553022 41.255410182 41.096534684 40.7150798519827 39.8040011947813 39.2480676493049 38.970676197259 38.2294732475975 36.1946561436661 35.0831592403279 35.6260075027292 35.32081166627 34.8152170068106 34.7275473699773 34.4294560761204 34.4146265477414 34.9477677077818 34.9673502848616 34.3751459610684 34.7060559155122 35.2104249240983 34.9762906495336 35.683777517684 37.1300144286839 37.9732429088452 38.5365327145806 38.7 38.7 38.662553502 38.6 38.548267822 38.4968475783737 38.4321625919941 38.4 38.319696462 38.3 38.3 38.2930062538331
34.4379282664537 33.5910968685524 32.8633878001215 30.7126821718186 31.2220666024797 30.1901726062975 29.2728453258818 28.7254734257073 29.1340371887555 29.3188806294989 31.0652655877144 32.2024730313195 31.6573754840314 30.5146343120556 35.7665687691146 40.2447051262744 41.3669450297825 41.4245119881078 41.464341432 41.38750273 41.350055752 41.242912912 41.084037414 40.8771095639489 40.3708735937974 39.2446095157491 37.7179860467452 36.8238359423445 35.9334714110249 34.7622483684346 34.8265418805261 35.5464408996685 35.0928782098593 34.5708170618143 34.154713971954 34.3229357883639 34.7164064142701 35.0016292956437 35.0837278218678 35.0625023283489 35.0725264316118 35.5122167100001 36.2252887260422 37.4899248321253 38.3618989240826 38.628515248 38.7096028000403 38.7 38.662553502 38.5944275500389 38.535770552 38.435985481962 38.3917495700375 38.38750273 38.3172349419634 38.3 38.2881789300357 38.2
34.5052151279161 34.058366256226 32.4059006560418 30.5126280565534 31.0223109018677 29.4260064601298 28.2229085364214 27.7542252227923 27.6629845312477 26.5829932182604 27.4870414744149 29.1448607412453 31.340847119818 31.4749054322773 37.8303499141731 40.3931699750107 41.1516562197233 41.464341432 41.3617474964046 41.2940482339623 41.242912912 41.135770072 40.9870549249371 40.8295612894297 40.582304876 39.8807015301634 37.7591868203314 36.3620889552328 36.8940155946414 36.3388830431069 35.5930518119894 35.3909968202009 35.1912986085847 34.8114330594925 34.6256626416038 34.6521570535096 34.555205092606 34.9845714119621 35.4842824430671 35.0899004301007 35.3236946289998 36.0493928316313 36.892591703996 38.1075736623019 38.6464122711342 38.732512139501 38.7813879921321 38.7136884382348 38.662553502 38.555410662 38.448267822 38.4 38.333982142 38.3 38.3 38.2828254351698 38.2043480984633 38.2
34.2063056876855 32.4636602906219 30.2234487083065 30.5446288294881 30.5097691611492 29.3051140500754 28.0588046873067 26.5989338459998 26.1002941392782 27.7947939094709 28.3163342809382 28.8755691020357 30.3687579778157 33.9102387262776 38.6232070248142 40.527074067608 41.2641856790066 41.357198592 41.2670137711373 41.2242463041285 41.135770072 41.028627232 40.921484392 40.7712346491916 40.501944986 39.8591177283388 39.1788735919999 38.809304904217 38.5012899713566 38.1668744839313 37.7657649722602 37.1522550958138 35.9634992432523 35.0994774918492 34.6523475939634 34.9058127109524 35.326469101413 35.612918212175 35.9476810823566 35.6772124607796 34.9287728625801 36.3200194418539 37.9531424890344 38.5841538624784 38.8 38.8 38.7937968496955 38.742913392 38.635770552 38.5405700521019 38.448267822 38.3842315333666 38.3248807218992 38.280405406835 38.27321705 38.2091913916965 38.2 38.1736809462281
32.8558769065957 30.3321595031832 28.7693253661389 30.2640691530905 29.2373039004556 28.0116977081534 26.8843924840652 25.1894180092553 25.7681053787094 28.6399571449924 31.0108783887989 32.1742362556369 31.6829708931615 35.9919158213721 38.5916826874538 41.1046104753746 41.357198592 41.250055752 41.1507705653207 41.0897190817808 41.0413314151176 40.955410182 40.848267342 40.7211505241871 40.4904164387113 40.2053369736098 39.6793454545082 39.0166119030333 37.7314987137283 37.0500638416106 37.1773350072238 37.4036983989995 37.0062213069102 36.5800377871621 36.4587716174359 36.4176972583767 36.4550311614926 36.5702293707821 36.7677739383948 36.4236816098791 35.9863487453815 37.3354836742589 38.4176096289343 38.83392579 38.8309148293199 38.8 38.776839182 38.669696342 38.5752575222738 38.5187985048277 38.4307172719293 38.3271730069691 38.2776029201324 38.217733856766 38.1727563903355 38.16607421 38.16607421 38.1011444436403
31.8755269188767 30.0221845987502 29.9815519855933 29.9770029352498 28.7345177519386 27.4418267436268 25.8843728658971 24.7447779232417 26.1320003055777 29.1745556080245 32.8705841418916 33.4194751856516 33.2978788635536 36.7746690560268 38.8067412228376 41.1027539278145 41.250055752 41.1494914732477 41.0904879722212 41.028627232 40.95893137 40.914341552 40.807198712 40.6653597344343 40.467963324 40.2837239374965 39.9055080600551 39.4890388628827 38.0593357496152 36.3894350304458 36.0301859372654 36.3869569755622 36.3837517733551 35.9413973678221 36.3297440006186 36.9163555828074 37.157075568 37.381968924 37.3226089432019 37.3317561729317 37.7998254701488 38.2707499840122 38.701563722 38.9403571989439 38.8947697595872 38.8344902658817 38.776839182 38.669696342 38.5846212362884 38.514342032 38.3767127107738 38.2758208366951 38.192913512 38.15893137 38.1116073948981 38.1 38.1 38.1
31.3325639805789 30.0570366169064 30.142912672 29.8998973982194 28.6771598622776 26.9989704651896 26.1795188789909 26.5071403899211 27.5289286252107 28.211825807974 31.0973415347317 33.118476346544 35.0631268473952 37.5924591429826 39.4740000364738 41.0526859102544 41.0989805079094 41.05178853 41.028627232 40.9360944624006 40.8819462614356 40.807198712 40.7249969468919 40.641124502 40.467963324 40.326838822 40.0978036935468 39.6952960114212 39.266275618 38.6268252024572 37.7831410452111 37.491819806344 37.9155828234706 37.7394601274654 37.4971674505726 37.7191182579176 37.810812770447 37.7672022025634 37.8130836140474 37.990956286 38.2468301121607 38.6009220940031 38.8861833374995 38.998267702 38.9 38.883982022 38.776839182 38.669696342 38.562553502 38.455410662 38.3233269785232 38.192913512 38.085770672 38.05178853 38.05178853 38.05178853 38.0973913824593 38.0991649493769
30.3295637020437 30.0151339561561 30.247360732095 29.8064969325112 28.0795234597261 26.5541200673166 26.7031757719 28.0259255827863 28.1120288772292 28.2314064557101 30.8100039590294 31.4896248360361 34.3109261781674 37.8701564345365 40.6313907229811 41 41 40.9911330931015 40.9343051686949 40.8832253535086 40.807198712 40.7247382580842 40.6713637441194 40.585770192 40.4491530094733 40.326838822 40.139391964 39.8860650308626 39.529354992659 39.1169931295446 38.8522746477482 38.71070862 38.687547562 38.550100824 38.41070862 38.4353908732338 38.2766897249093 37.9948589393065 37.9732960835079 38.2273173408389 38.4713161760001 38.860495092 38.9529387361914 38.998267702 38.9 38.8751153808021 38.721484872 38.6311164127907 38.562553502 38.455410662 38.296535644 38.1085351220237 38.0151715617727 38 38 38 38.0422300090417 38.0448311695094
30.1963126351497 30.3530214802821 30.4428951431194 29.2596263805658 27.1623450965844 26.0681920728761 26.7941047600129 28.5817147640001 27.9321442016881 28.7302785032064 30.7840023781049 31.7361787405819 34.9789513557364 38.8621229399003 40.7549972458851 40.93750285 40.9319558417051 40.8689983217239 40.83750285 40.807198712 40.700055872 40.63750285 40.585770192 40.478627352 40.4127440917274 40.326838822 40.1895796865855 40.0969070220291 39.803722356 39.482293836 39.1752875523017 39.0299667405384 38.9307832443197 38.8704417314111 38.664088305982 38.669583878 38.5956573575043 38.4381875416949 38.4289865114684 38.5472297973469 38.748099006 38.9733229899359 39 38.998267702 38.8944532916914 38.8154776737376 38.6913140331667 38.6435582274043 38.562553502 38.455410662 38.3288667808829 38.107951905688 37.9587407202589 37.93750285 37.9876902725992 38 38 38.001732058
30.755446953502 30.7754654837524 30.3980777932691 28.039561302112 26.2488119312527 25.7797352694105 28.0258807540934 30.2198527559323 29.944184535927 30.2320229705539 32.0961864348165 33.4350016184189 35.5509367554625 39.3234416410254 40.6141545332715 40.83036001 40.821484392 40.73036001 40.73036001 40.700055872 40.6189911037345 40.5689476552038 40.478627352 40.4124854029196 40.3540248360186 40.3081482690431 40.219695982 40.1391020168335 39.9783354284564 39.7352889052899 39.500044592 39.3991937048267 39.3229729325747 39.1905755490736 39.0671911265985 39.0306851726795 38.993214002722 39.0016861495673 38.9919080443092 38.97855996 38.9713968870935 38.9961887919695 39 38.929834084154 38.891124862 38.783982022 38.6838708086609 38.600056352 38.5189912494625 38.455410662 38.348267822 38.1643755026477 38.003622132 37.96963999 37.9940201521672 38 38 38.000525852982
31.0385922015704 31.0337293430869 29.6897517688772 27.3182995581891 27.0052571081777 28.8916925081696 30.9329520972166 31.3526934329828 31.2625576638779 30.9784496181626 32.0625157023445 34.378246639422 35.6896632689711 38.9017418252223 40.3139090178748 40.64643434 40.6511886233608 40.6877005746252 40.62321717 40.592913032 40.52321717 40.478627352 40.371484512 40.32321717 40.257198832 40.22321717 40.142913152 40.1029144843185 40.005410302 39.7978652157072 39.667907452 39.564483588904 39.4892453155807 39.423261762 39.3248129948209 39.2664303918735 39.2138440454322 39.235658088 39.210764732 39.1206077913491 39.0813557353453 39.07678283 39.0041543672659 38.9 38.891124862 38.783982022 38.676839182 38.569696342 38.5 38.455410662 38.308546391711 38.1506730389834 38.033982142 38 38 37.9328561962391 37.92321717 38
31.6009452420779 31.1698445467739 30.2924689873053 29.4826367277307 29.9757368000516 31.6617906334492 31.5559276421914 31.237403106 31.4886288480553 30.6524114146568 31.732175730665 33.3569161742881 36.9339393837318 38.6505737759146 39.6620904895617 40.6 40.6014266961269 40.600055872 40.51607433 40.485770192 40.3846467028187 40.3249811455083 40.264341672 40.21607433 40.2054623244894 40.1385989911836 40.035770312 39.9426839685295 39.837558962 39.7157958361245 39.691124622 39.583981782 39.4805619268944 39.4112031814326 39.362553262 39.3 39.248267582 39.2094638032593 39.150056232 39.1043141993948 39.1 39.0266098399511 39.0008697083759 38.9 38.891124862 38.783982022 38.676839182 38.569696342 38.4685727756619 38.4089068926651 38.296535644 38.141124982 38.033982142 38 38 37.912553622 37.9 37.9985463587187
31.8058484428672 30.1971628996944 30.1552188166729 30.38594923759 30.6531317421058 31.1922422010937 30.9465009723713 29.7111834688562 29.9650794195536 30.7702337910951 31.8471773311522 33.0833880376049 36.0024307431388 36.3712187361315 39.8539192435419 40.5984219848938 40.50893149 40.492913032 40.40893149 40.378627352 40.3055869169046 40.2593927171357 40.157198832 40.10893149 40.10893149 40.035770312 39.928627472 39.821484632 39.714341792 39.60893149 39.600056112 39.492913272 39.385770432 39.30893149 39.271484752 39.20893149 39.157199072 39.10893149 39.1030350901789 39.0333734238614 39.00893149 39.001121204058 38.9138587899823 38.8984224220226 38.800056352 38.7075008458967 38.676839182 38.569696342 38.462553502 38.3593931542645 38.2525788576951 38.141124982 38.033982142 38 37.9268687644661 37.9011212254936 37.9 37.9087767914129
31.5375345936564 30.6790559777586 30.1179104740341 30.333826046 30.6167677823012 30.9127186085709 30.9975910030516 30.5895616612308 30.3693427316792 32.0021615084492 31.6790389990893 33.1017629441574 35.8879379185539 35.0214045522203 39.1642383004433 40.4035463066663 40.40178865 40.385770192 40.30178865 40.271484512 40.165011467372 40.1027797442203 40.1008633338127 40.042177578595 39.9369511490026 39.9022687025897 39.821484632 39.714341792 39.607198952 39.5000871010409 39.4034185505514 39.385770432 39.278627592 39.20178865 39.164341912 39.10178865 39.1008633381054 39.0421778143022 39.00178865 39.0004800568825 39 39 38.905410542 38.898267702 38.7998412548442 38.7824798775635 38.676839182 38.569696342 38.462553502 38.355410662 38.1974609516018 38.1007355819905 38.033982142 38 37.919696462 37.9 37.9 37.9
31.6186315025146 30.989322062153 31.263419450713 30.9562792034207 31.0718539132486 31.2533436919765 31.5588265479785 32.5189665447209 32.9532366738171 31.4897785007641 31.3543253713186 33.9427069234097 34.1953773335231 35.8342009426587 38.5520584959745 40.0612814695848 40.2862454094514 40.1991423413236 40.1934057100986 40.1606100231264 40.0926408276486 40.0470892255764 39.942913152 39.8914935039736 39.823273282 39.716130442 39.6132872317013 39.507198952 39.400056112 39.3876518453763 39.285770432 39.1937881641737 39.1673706490513 39.09464581 39.057199072 38.99464581 38.99464581 38.99464581 38.99464581 38.99464581 38.99464581 38.99464581 38.9051208513013 38.892913512 38.785770672 38.6794854649763 38.576839182 38.4680738265737 38.3592042686513 38.255410662 38.148267822 38.0968477196737 38.028627952 37.9254022747762 37.9 37.8953179547738 37.89464581 37.8
31.6837674452348 30.7577869068827 31.237723978178 31.598986008484 31.503037474114 31.6412926378504 31.3364185257971 31.2138656665979 32.1134767589609 32.0974137644203 33.0380866985657 35.0251879820854 33.8084926591923 35.5518208572885 36.6074299556403 39.1802931298651 40.1863937813559 40.1609893135018 40.064341672 39.98750297 39.950055992 39.8819305670676 39.8297383277901 39.728627472 39.621484632 39.523484766363 39.4899643827793 39.3891278519217 39.280416242 39.1872864542064 39.166130562 39.0609895235089 38.9846085256334 38.97500594 38.9422389320819 38.88750297 38.88750297 38.88750297 38.88750297 38.88750297 38.88750297 38.88750297 38.88750297 38.798267702 38.691124862 38.5979982284839 38.564342152 38.4306827112313 38.295320299911 38.242913632 38.135770792 38.028627952 37.921485112 37.88750297 37.88750297 37.8109847920926 37.8 37.8
31.2568227800401 31.1365880457304 30.9820583998904 31.0100001226289 31.3710125205149 31.4620071944265 30.359991662397 29.6435923188794 30.7346579599999 32.9395709359291 32.8422439693147 32.8756158355319 33.8483184463944 35.2323393516086 35.4964880042814 37.653255511705 40.0535878018369 39.9772141256728 39.9421078108175 39.88036013 39.842913152 39.735770312 39.6701999032213 39.6134078332691 39.514341792 39.4659913697503 39.380416242 39.2030009932303 39.085770432 39.0593279902109 38.971484752 38.8772141728085 38.8421080036818 38.78036013 38.78036013 38.78036013 38.78036013 38.78036013 38.78036013 38.78036013 38.78036013 38.78036013 38.78036013 38.778627832 38.671484992 38.564342152 38.457199312 38.3441048729636 38.223273762 38.1248882100171 38.028627952 37.921485112 37.827308093488 37.7856313340217 37.78036013 37.78036013 37.7989373294492 37.8
31.8099149891867 31.4454698342221 30.5968303774593 30.8986394594133 31.6072393931081 31.506637990646 31.3511700620001 30.3931904515378 31.0874063211272 32.179327300311 31.8120717141721 31.3520573470962 33.8012275682359 34.4361602347494 34.9122534299999 35.6221904374939 39.8244061320593 39.8614890091526 39.7937967767244 39.7651010206014 39.7190169175215 39.628627472 39.521484632 39.4574488361096 39.380416242 39.2928679481363 39.192913272 39.085770432 38.978627592 38.8727532693718 38.8399362687511 38.757199072 38.67321729 38.67321729 38.67321729 38.67321729 38.67321729 38.67321729 38.67321729 38.67321729 38.67321729 38.67321729 38.67321729 38.644702282 38.537559442 38.430416602 38.3294768567186 38.2207261148415 38.062553502 37.9880577669125 37.921485112 37.814342272 37.77321729 37.7196510095793 37.7 37.7 37.7692556620518 37.8
