catData/variables/futureClimate2070/rcp85/HadGEM2-AO_rcp85bi70/bio11.asc
NCOLS 409 
NROWS 350 
XLLCORNER 60.897278365 
YLLCORNER 5.843756025 
CELLSIZE 0.0892857 
NODATA_value -9999 
[rows 156 to 181 of 350, columns 290 to 347 of 409]
23.9543131125484 24.0031515481053 24.00535323 24.0745945145872 24.1 24.1 24.1 24.1000925540277 24.10535323 24.10535323 24.10535323 24.1037311853574 24.0645612792963 24.00535323 24.00535323 24.0022016947424 24 24 23.9239984752187 23.9006722041275 23.9 23.7983638431799 23.70535323 23.689338852 23.582196012 23.475053172 23.3699147364486 23.31070646 23.362435038 23.4664263555902 23.5088871250635 23.583863558 23.61070646 23.6934682249753 23.799938848 23.807081688 23.9137496270141 24.016014138 24.123156978 24.2286777990529 24.332089428 24.39464677 24.4491442449083 24.5 24.566014018 24.6 24.6 24.6 24.6 24.607081448 24.70535323 24.721367128 24.7834361254456 24.7393840319007 24.8073576087531 24.81070646 24.862434558 24.9044034665714
24.01249607 24.071367968 24.11249607 24.11249607 24.11249607 24.11249607 24.11249607 24.1140089586973 24.2 24.2 24.2 24.1734860484483 24.11249607 24.1069245749789 24.1 24.0484849855938 24.01249607 24.0033542778334 24 23.9234839227394 23.91249607 23.81249607 23.81249607 23.796481692 23.6922325941713 23.594692082 23.52499214 23.52499214 23.576720718 23.62499214 23.691006398 23.789007475824 23.81249607 23.8234229807488 23.9077582729648 23.914224528 24.01249607 24.0265090701056 24.123156978 24.2 24.237442658 24.3055714350399 24.4094887366737 24.5 24.566014018 24.6 24.6 24.6109268807583 24.61249607 24.714008328669 24.8011085336174 24.828509968 24.91249607 24.91249607 24.949938488 25.01249607 25.064224168 24.9873976403779
24.1006791362889 24.1669490089365 24.2129645749826 24.21963891 24.21963891 24.21963891 24.21963891 24.21963891 24.21963891 24.21963891 24.21963891 24.21963891 24.21963891 24.175052932 24.11963891 24.11963891 24.1066743821508 24.0412099657682 24.0038688303127 24 24 23.91963891 23.91963891 23.9067695812825 23.8347299947985 23.7952894531206 23.73927782 23.73927782 23.7808474691223 23.8312006147968 23.9052920780001 23.93927782 23.93927782 24.0095477895271 24.01963891 24.021367368 24.11963891 24.1164939078509 24.123156978 24.2 24.237442658 24.344585498 24.451728338 24.5115616576634 24.5726884944176 24.6143672095015 24.61963891 24.6899086866605 24.7185755372586 24.8003394031776 24.828509968 24.9325078529843 25 25 25.0447957007728 25.11963891 25.171367008 25.043026096
24.0896041690091 24.2047520990852 24.2574366838114 24.292811129646 24.3 24.3 24.3 24.32678175 24.32678175 24.32678175 24.3205797774921 24.3 24.3 24.267354927163 24.2129278672853 24.2 24.1516653398181 24.1071889346302 24.0412056149215 24.02678175 24.02678175 24.02678175 24.02678175 24.02678175 24.0098264402317 23.9535635 23.9435356366649 23.92678175 23.9406355684385 23.9966681220098 24.092796008 24.12678175 24.12678175 24.12678175 24.12678175 24.1280472966996 24.2 24.1882747284038 24.1437368840445 24.2 24.237442658 24.344585498 24.451728338 -9999 24.6176797092657 24.6803459211826 24.7215056643691 24.72678175 24.821367128 24.828509968 24.9332769834241 25.0042888021276 25.02678175 25.010552235538 25.0581308207827 25.2119407123344 25.278509848 25.150168936
24.1032025188374 24.2656209259783 24.267909852 24.2822637596096 24.3272415875748 24.33392459 24.33392459 24.4005865351279 24.43392459 24.4284916965034 24.3846986146809 24.33392459 24.3212221589504 24.3 24.2658199714183 24.2139526213973 24.2 24.126842662 24.1 24.1 24.1 24.1 24.1 24.1054328120775 24.13392459 24.13392459 24.1091840416306 24.06784918 24.1020290500007 24.1538964771837 24.211468371632 24.23392459 24.23392459 24.23392459 24.23392459 24.23392459 24.23392459 24.23392459 24.23392459 24.2442036790273 24.2925895697884 -9999 24.4681043014197 24.558871178 24.666014018 24.7 24.780299698 24.8296645225021 24.928509968 24.9350665171292 25.0030094700552 25.0445058387605 25.1078558284239 25.0733254339999 25.0335496572074 25.259710623977 25.3681041428387 25.283302359037
24.2232817513162 24.358871898 24.3610958183178 24.3110234928652 24.380300418 24.4359106987689 24.44106743 24.442796368 24.5374240187801 24.4905621740369 24.44106743 24.44106743 24.403624292 24.34106743 24.319823733878 24.265305418939 24.213956972244 24.156886500573 24.14106743 24.14106743 24.14106743 24.14106743 24.14106743 24.1505051145249 24.2095100742921 24.24106743 24.24106743 24.24106743 24.24106743 24.2757618696229 24.3 24.3 24.3 24.3359105016452 24.3022235475378 24.34106743 24.34106743 24.34106743 24.3505774057303 24.3999913214528 24.4564441673643 24.5084102398187 24.54106743 24.599938608 -9999 24.74106743 24.821367128 24.8925995649166 24.994585378 25 -9999 -9999 -9999 25.1642873599709 25.1108897795926 25.2664131056195 25.4212434004365 25.44106743
24.299939328 24.3786998670201 24.4318258834296 24.375052692 24.428510688 24.4934968972214 24.5 24.5491056823221 24.5954053301276 24.54821027 24.5370459969731 24.5 24.4806082999263 24.426715249624 24.3732097848256 24.3198280847247 24.233985502 24.2 24.2 24.2 24.2 24.2008334099733 24.243933277577 24.2077205748726 24.2602033306777 24.3 24.3 24.3 24.3 24.3 24.3318256520203 24.34821027 24.34821027 24.3934966486307 24.351014363819 24.44821027 24.44821027 24.44821027 24.4602032063824 24.5146076240673 24.567601721483 24.6 24.6249383714163 24.678699494134 24.766014018 -9999 24.880299698 24.9 24.994585378 25 25.008871058 25.116013898 -9999 -9999 25.210767852 25.2604713707381 25.451728098 25.5
24.351729058 24.4 24.466014738 24.5078324112474 24.502109080588 24.5 24.5523563468707 24.6 24.6 24.6 24.5896609151999 24.5385809527177 24.5 24.455414022 24.4 24.341128342 24.2705265796939 24.25535311 24.25535311 24.25535311 24.2029968959768 24.2561249198945 24.2960391341878 24.2625030317298 24.3 24.3167720244348 24.35535311 24.35535311 24.35535311 24.35535311 24.3848264231536 24.4 24.4444485130111 24.45535311 24.45535311 24.5 24.5049105393404 24.55535311 24.55535311 24.5688810364127 24.6 24.624679459752 24.6784482041657 24.7 24.766014018 24.8404945960813 -9999 -9999 24.994585378 -9999 -9999 25.1071497074248 25.1574648646576 25.230299578 -9999 25.2644911890955 25.4250080989869 25.5325868950692
24.414225008 24.4257033980619 24.4247582003469 24.510661628 24.5575726501661 24.56249595 24.597969567487 24.6 24.6 24.6 24.6 24.5886361610879 24.5390955051971 24.4832784525179 24.4301675337671 24.3779207439478 24.3212395623371 24.3 24.3 24.3 24.2645264725228 24.3 24.3 24.3100083376677 24.36249595 24.3738596989024 24.4 24.4 24.4 24.4 24.4 24.4 24.4301157288975 24.4921522448175 24.5 24.5010802162475 24.5658230460376 24.6 24.6 24.6 24.6234001448224 24.6792173174627 24.7 24.7367921019673 24.7872538803177 24.8274367846028 -9999 -9999 24.994585378 -9999 -9999 -9999 25.1086847145979 -9999 -9999 25.2513532469059 25.340960246 25.496374988
24.4853443579304 24.5231234568345 24.4933057152351 24.4918503158875 24.5243801785399 24.5912556368078 24.6 24.66963879 24.66963879 24.66963879 24.653512216454 24.6 24.5886318102412 24.5385896544111 24.448271182 24.4 24.333985502 24.3 24.3 24.3 24.3 24.3 24.3 24.3048621589348 24.3464876164129 24.4 24.4 24.4310489684558 24.4336156341966 24.4 24.4 24.4 24.455919905194 24.4961874754584 24.5 24.5005247807631 24.5365390745845 24.6 24.6 24.6211004266274 24.681006834025 24.7 24.7 24.758871178 24.8 24.8 -9999 -9999 24.994585378 -9999 -9999 -9999 -9999 -9999 -9999 25.255414742 25.2674333744628 25.389232148
24.57678163 24.5904507251037 24.5846724538766 24.57678163 24.57678163 24.664224888 24.67678163 24.7 24.7 24.7 24.694623215719 24.6535165673007 24.6 24.555414022 24.4879894116401 24.4315790113796 24.3846725096007 24.37678163 24.3151258444387 24.3 24.3 24.3 24.3068117114825 24.37678163 24.382158358557 24.4 24.4 24.4103520816161 24.4112078373642 24.4452024343445 24.4260948066752 24.4561712123051 24.4954259667146 24.5 24.572624379246 24.57678163 24.5788414007935 24.6 24.6177803051672 24.6838167538526 24.7 24.734233472108 24.77678163 24.7904505579314 24.8 24.8561710280292 24.8954259109905 -9999 24.9987428130299 -9999 -9999 -9999 -9999 -9999 -9999 -9999 25.251728098 25.358870938
24.43215106 24.4815589883755 24.51607553 24.6388697492027 24.68392447 24.6979814371728 24.7793808814402 24.78392447 24.78392447 24.78392447 24.764489696108 24.669699702 24.6 24.555414022 24.5 24.441128342 24.4 24.3386030918174 24.3031668507956 24.3 24.3793806800214 24.38392447 24.3853506167527 24.4 24.4 24.4 24.4 24.4 24.4434129349251 24.493388362462 24.4893878581509 24.4956848612361 24.5 24.5 24.594585618 24.6 24.6 24.6 24.623156978 24.7 24.7 24.7071673551066 24.7594882635063 24.8 24.8 24.873156858 -9999 24.914056851429 24.91607553 -9999 -9999 -9999 -9999 -9999 -9999 -9999 25.251728098 25.3094638152995
24.49106731 24.4963261541455 24.5 24.5796925176543 24.6820601205914 24.7 24.794586098 24.8015744973282 24.89106731 24.8764832281806 24.776842542 24.6972933683106 24.6569688514438 24.555414022 24.4528919569526 -9999 24.4 24.326842662 24.3 24.3 24.308449061479 24.30893269 24.3170117610123 24.4 24.4 24.4 24.4 24.4 24.4046207535141 24.40893269 24.4690500989771 24.5 24.5 24.5 24.5084490400405 24.6 24.6 24.6 24.623156978 24.7 24.7 24.7 24.751728338 24.8 24.8 -9999 -9999 -9999 -9999 -9999 -9999 -9999 -9999 -9999 -9999 -9999 25.251728098 25.3
24.5033962209108 24.59821015 24.59821015 24.5995195609098 24.680300418 24.7858781548467 24.7999030992751 24.801728938 24.9 24.883985382 24.799585516238 24.7684521818837 24.662556862 24.555414022 -9999 24.4 24.3351670624924 24.3004804433858 24.3 24.3 24.3 24.3 24.3001587872229 24.30178985 24.3245325885336 24.4 24.4 24.4 24.4 24.4 24.466014258 24.5 24.5 24.5 24.5 24.6 24.6 24.6 24.623156978 24.7 24.7 24.7 24.7009258596577 24.7596073222206 -9999 -9999 -9999 -9999 -9999 -9999 -9999 -9999 -9999 -9999 -9999 -9999 -9999 25.3
24.5543129966982 24.6557204911873 24.6356997966473 24.6745944501654 24.7042984733455 24.7881154191436 24.8050631843673 24.8069893781218 24.9 24.9 24.878082158411 24.7734307200781 24.662556862 24.5530273390562 -9999 24.3389267459656 24.3 24.3 24.3 24.3 24.3 24.3 24.3083966454581 24.39464701 24.3958866135638 -9999 24.4 24.4 24.4 24.4557200368816 -9999 -9999 24.4813544803489 24.5 -9999 -9999 24.6 24.6 24.6 -9999 -9999 -9999 -9999 -9999 -9999 -9999 -9999 -9999 -9999 -9999 -9999 -9999 -9999 -9999 -9999 -9999 25.2730950490869 25.297798365424
24.6060318548517 24.6073565322919 24.678510568 24.71249583 24.7827620442775 24.8 24.8827667799903 24.8997839548467 24.88750417 24.88750417 24.88750417 24.8306898477275 24.662556862 -9999 24.3422392971583 24.2926434976981 24.2957532294454 24.3 -9999 24.3 24.3 -9999 24.3 24.3 24.320263531406 -9999 -9999 24.4 24.4 24.4 -9999 24.473157098 -9999 -9999 -9999 -9999 -9999 -9999 -9999 -9999 -9999 -9999 -9999 -9999 -9999 -9999 -9999 -9999 -9999 -9999 -9999 -9999 -9999 -9999 -9999 -9999 -9999 25.2640103556681
24.6584298409947 24.6669489102291 24.766014738 24.8 24.8 24.8 24.8 24.8789719324283 24.8 24.8 24.8 24.769699702 -9999 -9999 24.28036133 24.2330512826381 24.2530501285857 24.2947284581906 -9999 24.3 24.3 24.3 -9999 24.3 24.3 24.3059505284004 -9999 -9999 -9999 -9999 -9999 -9999 -9999 -9999 -9999 -9999 -9999 -9999 -9999 -9999 -9999 -9999 -9999 -9999 -9999 -9999 -9999 -9999 -9999 -9999 -9999 -9999 -9999 -9999 -9999 -9999 25.251728098 25.2884385307603
24.6870723128412 24.7157667832501 24.7751165043411 24.8 24.8 24.8 24.8 24.8 -9999 -9999 -9999 -9999 -9999 -9999 -9999 24.2 -9999 -9999 -9999 24.3 -9999 -9999 -9999 -9999 24.3 -9999 -9999 -9999 -9999 -9999 -9999 -9999 -9999 -9999 -9999 -9999 -9999 -9999 -9999 -9999 -9999 -9999 -9999 -9999 -9999 -9999 -9999 -9999 -9999 -9999 -9999 -9999 -9999 -9999 -9999 -9999 -9999 25.2301140781476
24.651729058 24.7388999892708 24.7884707207707 24.7751817671877 -9999 -9999 -9999 -9999 -9999 -9999 -9999 -9999 -9999 -9999 -9999 -9999 -9999 -9999 -9999 -9999 -9999 -9999 -9999 -9999 -9999 -9999 -9999 -9999 -9999 -9999 -9999 -9999 -9999 -9999 -9999 -9999 -9999 -9999 -9999 -9999 -9999 -9999 -9999 -9999 -9999 -9999 -9999 -9999 -9999 -9999 -9999 -9999 -9999 -9999 -9999 -9999 -9999 25.2
24.692796248 24.74106719 24.7799715301176 -9999 -9999 -9999 -9999 -9999 -9999 -9999 -9999 -9999 -9999 -9999 -9999 -9999 -9999 -9999 -9999 -9999 -9999 -9999 -9999 -9999 -9999 -9999 -9999 -9999 -9999 -9999 -9999 -9999 -9999 -9999 -9999 -9999 -9999 -9999 -9999 -9999 -9999 -9999 -9999 -9999 -9999 -9999 -9999 -9999 -9999 -9999 -9999 -9999 -9999 -9999 -9999 -9999 -9999 25.2
24.7267904636195 24.7801721296874 -9999 -9999 -9999 -9999 -9999 -9999 -9999 -9999 -9999 -9999 -9999 -9999 -9999 -9999 -9999 -9999 -9999 -9999 -9999 -9999 -9999 -9999 -9999 -9999 -9999 -9999 -9999 -9999 -9999 -9999 -9999 -9999 -9999 -9999 -9999 -9999 -9999 -9999 -9999 -9999 -9999 -9999 -9999 -9999 -9999 -9999 -9999 -9999 -9999 -9999 -9999 -9999 -9999 -9999 -9999 -9999
24.75535287 -9999 -9999 -9999 -9999 -9999 -9999 -9999 -9999 -9999 -9999 -9999 -9999 -9999 -9999 -9999 -9999 -9999 -9999 -9999 -9999 -9999 -9999 -9999 -9999 -9999 -9999 -9999 -9999 -9999 -9999 -9999 -9999 -9999 -9999 -9999 -9999 -9999 -9999 -9999 -9999 -9999 -9999 -9999 -9999 -9999 -9999 -9999 -9999 -9999 -9999 -9999 -9999 -9999 -9999 -9999 -9999 -9999
24.8 -9999 -9999 -9999 -9999 -9999 -9999 -9999 -9999 -9999 -9999 -9999 -9999 -9999 -9999 -9999 -9999 -9999 -9999 -9999 -9999 -9999 -9999 -9999 -9999 -9999 -9999 -9999 -9999 -9999 -9999 -9999 -9999 -9999 -9999 -9999 -9999 -9999 -9999 -9999 -9999 -9999 -9999 -9999 -9999 -9999 -9999 -9999 -9999 -9999 -9999 -9999 -9999 -9999 -9999 -9999 -9999 -9999
24.8 -9999 -9999 -9999 -9999 -9999 -9999 -9999 -9999 -9999 -9999 -9999 -9999 -9999 -9999 -9999 -9999 -9999 -9999 -9999 -9999 -9999 -9999 -9999 -9999 -9999 -9999 -9999 -9999 -9999 -9999 -9999 -9999 -9999 -9999 -9999 -9999 -9999 -9999 -9999 -9999 -9999 -9999 -9999 -9999 -9999 -9999 -9999 -9999 -9999 -9999 -9999 -9999 -9999 -9999 -9999 -9999 -9999
24.8 -9999 -9999 -9999 -9999 -9999 -9999 -9999 -9999 -9999 -9999 -9999 -9999 -9999 -9999 -9999 -9999 -9999 -9999 -9999 -9999 -9999 -9999 -9999 -9999 -9999 -9999 -9999 -9999 -9999 -9999 -9999 -9999 -9999 -9999 -9999 -9999 -9999 -9999 -9999 -9999 -9999 -9999 -9999 -9999 -9999 -9999 -9999 -9999 -9999 -9999 -9999 -9999 -9999 -9999 -9999 -9999 -9999
24.8405110163872 24.8 -9999 -9999 -9999 -9999 -9999 -9999 -9999 -9999 -9999 -9999 -9999 -9999 -9999 -9999 -9999 -9999 -9999 -9999 -9999 -9999 -9999 -9999 -9999 -9999 -9999 -9999 -9999 -9999 -9999 -9999 -9999 -9999 -9999 -9999 -9999 -9999 -9999 -9999 -9999 -9999 -9999 -9999 -9999 -9999 -9999 -9999 -9999 -9999 -9999 -9999 -9999 -9999 -9999 -9999 -9999 -9999
