catData/variables/futureClimate2070/rcp85/HadGEM2-AO_rcp85bi70/bio10.asc
NCOLS 409 
NROWS 350 
XLLCORNER 60.897278365 
YLLCORNER 5.843756025 
CELLSIZE 0.0892857 
NODATA_value -9999 
[rows 104 to 129 of 350, columns 174 to 231 of 409]
36.1321489 36.1830119090801 36.2752582252956 36.3525631929488 36.4833690596138 36.6833731054376 36.83392555 36.9554247839263 36.919697662 36.9 36.8375014873406 36.7988563450962 36.7309150991481 36.6894171606075 36.610766172 36.5139035261187 36.4424442162514 36.3705387916299 36.282194812 36.1950251571412 36.1454546671032 36.13392555 36.053623452 36.03392555 36.03392555 35.93392555 35.9309151805695 35.9 35.8846977269417 35.83392555 35.821222189547 35.7705389502086 35.682195052 35.63392555 35.567909372 35.460766532 35.353623692 35.246480852 35.201836207502 35.032195172 34.925052332 34.817909492 34.710766652 34.5933437807239 34.462555422 34.355412582 34.2824502254571 34.26607445 34.332090388 34.36607445 34.3933172155654 34.3125555419999 34.2375019630766 34.23392555 34.2280627785879 34.1678511 34.144692442 34.0678511
35.9273745022428 36.0871731788932 36.4128931420386 36.5168265751849 36.6551128377959 36.8031125072635 36.9131555671448 36.9841824600393 36.919697662 36.9359123267372 36.94106839 36.8403575544862 36.794770586902 36.74106839 36.717909012 36.6286237569331 36.5558660489103 36.4638252481565 36.389337652 36.34106839 36.275051972 36.24106839 36.1937450707848 36.1462245518269 36.14106839 36.04106839 36.032194932 35.94106839 35.94106839 35.94106839 35.903623572 35.84106839 35.789337892 35.74106839 35.6750522119999 35.567909372 35.460766532 35.353623692 35.246480852 35.139338012 35.032195172 34.925052332 34.8083985054496 34.6518409599386 34.4882459266731 34.3371012472848 34.207201352 34.15893161 34.224947548 34.25893161 34.339233228 34.3433112140896 34.34106839 34.34106839 34.34106839 34.34106839 34.3274206199862 34.2696924426255
35.7120225381034 36.1110331234443 36.653260217257 36.74821123 36.8267330452152 36.8695099738058 36.9484171031734 37 36.919697662 36.987445178 37 36.946480372 36.84821123 36.84821123 36.825051852 36.717909012 36.64821123 36.603623332 36.5214205170779 36.4680387839012 36.4140221391197 36.3611514818593 36.34821123 36.260766292 36.24821123 36.14821123 36.1436157752453 36.0887008057337 36.04821123 36.0336022736919 35.9806077893291 35.92671497165 35.8732094113709 35.8198276696081 35.7658110334128 35.675052212 35.6066238854546 35.508977762 35.401834922 35.2938578454825 35.139338012 35.032195172 34.9130586235802 34.7515118813988 34.5552695823779 34.3108251639999 34.123329948336 34.05178877 34.1496318037059 34.2352707467268 34.2897984502523 34.4296025067687 34.44821123 34.44821123 34.44821123 34.44821123 34.44821123 34.4325184568942
35.7971600554785 36.390675864935 36.792799368 36.85535407 36.907085048 36.95535407 36.984827820919 37.0404967597346 37.0195023443882 37.0497488529583 37.05535407 37.053623212 36.95535407 36.9464882643439 36.8896602803097 36.825051852 36.75535407 36.710766172 36.65535407 36.596480492 36.55535407 36.482194812 36.45535407 36.367909132 36.35535407 36.3097501725008 36.25535407 36.2482034448063 36.1978886145401 36.1418254701135 36.0899809092329 36.010766412 35.9267191339257 35.8737154507279 35.85535407 35.782195052 35.7109037233114 35.6609595013422 35.560766532 35.4518933139999 35.246480852 35.139338012 35.032195172 34.894750594 34.643020336 34.3661792339999 34.1805283572245 34.11070814 34.2061975074684 34.328512848 34.35535407 34.4818389195076 34.552357919146 34.55535407 34.55535407 34.55535407 34.55535407 34.55535407
35.6450320484714 36.5037897538082 36.8140431438097 36.8653692984766 36.9840612407628 37.06249691 37.06249691 37.0899339823785 37.1501864799078 37.16249691 37.16249691 37.0993508747665 37.06249691 37.056490213339 37.0105199243748 36.932194692 36.86249691 36.8457750704839 36.7926637072298 36.7404174990564 36.6837355986573 36.6350599276289 36.5748074900848 36.5297023562014 36.4658793815123 36.4618478747739 36.4194481829398 36.36249691 36.3538115176326 36.3060560200811 36.225052092 36.1457751604914 36.073263322 35.9881998029361 35.9212388386499 35.8725631076363 35.8323812319226 35.7703435857911 35.667909372 35.5601175867813 35.416120602 35.308977762 35.1873613263599 35.0018934339999 34.7735648802125 34.5358189839999 34.373263562 34.32499382 34.3497518366425 34.435655688 34.46249691 34.549941368 34.657084208 34.66249691 34.66249691 34.66249691 34.66249691 34.66249691
35.6526732976194 36.4029750959952 36.8 36.8756392058329 37.0010510584965 37.0713598296707 37.1 37.1 37.180302338 37.2 37.2658708592652 37.16963975 37.16963975 37.1584858729781 37.0929687549407 37.0604399208597 37.0132028552214 36.96963975 36.9539341686163 36.8982800874648 36.803623332 36.76963975 36.7452598322919 36.6783830637891 36.6409226641298 36.56963975 36.5669457459675 36.5281257901135 36.46963975 36.439337772 36.332194932 36.26963975 36.217909252 36.110766412 36.003623572 35.96963975 35.9137177368434 35.8734515710754 35.775052212 35.667909372 35.560766532 35.453623692 35.3233219539999 35.109036274 34.9208269045077 34.7811552304266 34.657188992 34.60891925 34.60891925 34.6311304378978 34.6392795 34.7267239580001 34.767996440141 34.76963975 34.76963975 34.76963975 34.76963975 34.7485378625465
36.1107404753275 36.3655292896558 36.6846581085505 36.8974870116217 37.0026581794815 37.0904515657077 37.1506892998439 37.17678259 37.257084928 37.27678259 37.2987434779499 37.27678259 37.27678259 37.260766052 37.17678259 37.17678259 37.139337532 37.07678259 37.07678259 37.0631136700141 36.987548762 36.95356518 36.8919071493312 36.8564801402203 36.7809382342281 36.7522363666766 36.67678259 36.660766292 36.57678259 36.5697472555296 36.516120362 36.4193296213673 36.325052092 36.217909252 36.110766412 36.07678259 35.996480732 35.97678259 35.882195052 35.7737235829548 35.5979398685967 35.5484689878517 35.3714642056998 35.2394455732514 35.116120602 35.008977762 34.901834922 34.85356518 34.85356518 34.85356518 34.85356518 34.8738675183362 34.87678259 34.878111034767 34.95356518 34.9412678201299 34.87678259 34.8697473669732
36.4042690929644 36.7878630914688 36.8387052272774 37.0213462165455 37.1278973702703 37.1345153250861 37.166016658 37.2613994232824 37.2968336855334 37.3 37.3 37.38392543 37.38392543 37.367908892 37.28392543 37.28392543 37.246480372 37.18392543 37.18392543 37.18392543 37.117909012 37.1453246518613 37.0201548809544 36.98392543 36.9687208514139 36.8836472405982 36.8604037722176 36.7813508789666 36.7484144538492 36.658494364665 36.562555182 36.4928327257034 36.432194932 36.325052092 36.217909252 36.18392543 36.0362298923755 36 35.905412462 35.8819169011771 35.7604039736386 35.651893314 35.460766532 35.353623692 35.246480852 35.1767581942824 35.116120602 35.06785086 35.06785086 35.06785086 35.06785086 35.06785086 35.06785086 35.0666769464878 35 34.9974255261245 34.98392543 34.958494767507
36.8099348041952 36.9883617362681 37.0229263509151 37.135656408 37.1956887412813 37.1947415495355 37.257084928 37.2976026788307 37.3 37.3796348108031 37.39106827 37.49106827 37.49106827 37.475051732 37.39106827 37.39106827 37.3877237785211 37.38213654 37.3350262518452 37.29106827 37.2851718617886 37.2220460567891 37.1856552668446 37.18213654 37.095997086944 36.99106827 36.9902757166898 36.9675507744933 36.867909132 36.760766292 36.6877237999573 36.6415313312259 36.539337772 36.432194932 36.325052092 36.2244436179584 36.1125257968584 36.0114338963247 35.9915516964922 35.8998454473091 35.874114365874 35.6825534309428 35.567909372 35.4883618005765 35.444691962 35.3415315497897 35.2864478630271 35.28213654 35.28213654 35.28213654 35.28213654 35.2025023848885 35.19106827 35.1909137387452 35.1740560724379 35.09106827 35.09106827 35.060766772
36.9972508201809 37.0297603803591 37.135656408 37.1990087427419 37.2508055677077 37.29821111 37.2345563827866 37.0580873798875 37.0842324875058 37.3627847179107 37.4928959424048 37.4034887848543 37.5 37.5154435015067 37.5736771377971 37.49821111 37.49821111 37.49821111 37.497285704001 37.4386018255495 37.39821111 37.3969023713496 37.39642222 37.3105415757514 37.2965190386981 37.1947225608523 37.09821111 37.082194812 36.9977968184962 36.966120242 36.8596472486047 36.753623452 36.646480612 36.539337772 36.432194932 36.325052092 36.217909252 36.110766412 36.0053156390085 35.996511686559 35.899682535781 35.86467661366 35.675052212 35.59821111 35.560766532 35.4974134901381 35.4456173594123 35.39821111 35.4630460954867 35.49642222 35.49642222 35.408977762 35.3035269847152 35.29821111 35.289338132 35.19821111 35.1754667349171 35.0994579395324
36.960778532 36.8888052853503 36.9414549030645 37.055296038 37.2631311833034 37.40535395 37.467836109139 37.5 37.4153983149746 37.3806007366774 37.3937767855691 37.3140769467281 37.513752554646 37.6008575174362 37.60535395 37.60535395 37.60535395 37.60535395 37.6081235878471 37.6107079 37.6071734139885 37.5361116020937 37.5107079 37.423262962 37.4107079 37.4037159884224 37.301834442 37.194691602 37.087548762 37.0090855472489 36.967909132 36.860766292 36.753623452 36.646480612 36.5358032988379 36.426840982 36.3239974633264 36.2132275065914 36.105412462 36.0052613064271 35.9916018496551 35.8901953837373 35.787549002 35.7090855600983 35.6699141359838 35.6107079 35.6079382878518 35.60535395 35.6088884103125 35.6799497936053 35.70535395 35.617909492 35.5158308086413 35.4106152692765 35.396480972 35.30535395 35.28343519497 35.2090855729478
36.6317216849576 36.7109778330823 37.0451468037441 37.269581718 37.4155261126288 37.5 37.4917500368847 37.48750321 37.316863319455 37.0345265665195 37.2719435880254 37.501730858 37.6011089274043 37.6265117748809 37.7 37.7037868045488 37.7171762202636 37.72499358 37.7702596363067 37.8051394825918 37.7422335151229 37.7033542311622 37.7100351845527 37.625051852 37.61249679 37.5122805183028 37.492235439412 37.3984820151268 37.2989402931583 37.182194812 37.075051972 36.967909132 36.854301640299 36.7484839394158 36.5804644339999 36.4484803008455 36.4049232708793 36.2360383842751 36.12972965799 36.098269622 36 36 35.9797352208493 35.882195052 35.81249679 35.81249679 35.7672311537087 35.7176363325764 35.7702628548616 35.8091424988532 35.8024616654319 35.7234832922829 35.7006764140023 35.610766652 35.503623812 35.41249679 35.4096027011429 35.3734852165719
36.4185447032847 36.9455449074717 37.2994616200408 37.4358311926729 37.4905201426746 37.5 37.4210179146304 37.3516238605659 37.1474873421936 37.0640765502361 37.248094926 37.521030553893 37.6071309365455 37.677214781198 37.6743659884485 37.755893091497 37.8693702471555 37.91963963 37.91963963 37.860766052 37.81963963 37.7608485795819 37.8038103230706 37.732194692 37.71963963 37.637548642 37.5375365456806 37.5164940883331 37.4627784620287 37.3030260856381 37.182194812 37.075051972 36.916178634 36.8080771242482 36.6809329770993 36.6052714695532 36.4551672717943 36.332194932 36.3010629875107 36.117909252 36.0178969628157 36 36.0045483218793 35.9952890412268 35.9319252834257 35.91963963 35.91963963 35.8723289906167 35.83927926 35.8980699246883 35.839338012 35.81963963 35.725052332 35.6986096547017 35.6125092720492 35.5361338126033 35.496480972 35.41963963
36.9068996825142 37.357084928 37.42678247 37.42678247 37.4508037806729 37.47321753 37.3588651056238 37.173274924604 37.1052755204159 37.2983103345644 37.4906254984556 37.57321753 37.57321753 37.5786491144244 37.670405360535 37.9166047986645 38 38 38 37.9568942203658 37.9444632973459 37.9339710836739 37.92678247 37.839337532 37.82678247 37.798269382 37.6935030732268 37.610766172 37.52678247 37.4661785139999 37.2993662991474 37.1970356058724 37.023321474 36.867909132 36.760766292 36.653623452 36.546480612 36.439337772 36.332194932 36.225052092 36.117909252 36.02678247 36.0437388430908 36.1081155538893 36.089337892 36.02678247 36.02678247 36.02678247 36.0091017712099 36 35.9412051387504 35.9033626842695 35.8307455167107 35.72678247 35.724406067329 35.6882736136511 35.603623812 35.5186669803886
37.2047687953961 37.4539475651859 37.4872965665731 37.46607469 37.414343712 37.36607469 37.300058032 37.2177347784909 37.1741832962075 37.3411880108504 37.4927519863294 37.5350997078843 37.6108072186649 37.7458833713289 37.9984555944389 38.069697782 38.0127033520062 38.03392531 38.03392531 38.03392531 38.099941728 38.060766052 38.03392531 37.946480372 37.93392531 37.8667071195214 37.7987655818658 37.746400743253 37.6260685006402 37.5599561239452 37.4551473494146 37.3598764951982 37.164389624 37.008977282 36.8794382489633 36.760766292 36.653623452 36.546480612 36.4072486565121 36.298269622 36.191126782 36.0945665026737 36.0739314179391 36.1405816965519 36.2091839211647 36.1527242002225 36.13392531 36.13392531 36.067909372 36.03392531 36.03392531 35.946480852 35.93392531 35.83392531 35.825052332 35.73392531 35.710766652 35.603623812
37.4957846913403 37.5286234910949 37.462554702 37.4 37.3695139776415 37.2685329863391 37.1789588621324 37.1288865976221 37.198166038 37.4333364012129 37.7311397342285 37.8470272905611 37.8978246031845 38.0655095458506 38.1 38.0821423423416 38.047757222826 38.0772432748325 38.1 38.1 38.166016418 38.1568858958143 38.14106815 38.0895352303052 38.0432908494493 38.0403574172038 37.991126542 37.8745450012871 37.717909012 37.628623688222 37.562555182 37.455412342 37.296539004 37.1653048527598 37.0361474170052 36.8789322267492 36.760766292 36.6177115322583 36.4885156279743 36.3796952877673 36.232194932 36.1316295907235 36.105295198 36.2302954127856 36.34106815 36.3147919597053 36.2608916400492 36.24106815 36.175052212 36.14106815 36.1080897610673 36.0484673631781 36.04106815 35.9403576143309 35.8947709899145 35.84106815 35.817909492 35.710766652
37.64821099 37.6325176469961 37.558976682 37.4749255972476 37.3733909401085 37.1269565659999 37.0672325887735 37.238466011589 37.4469973822859 37.8417262439159 38.0431869325041 38.1026196953319 38.04821099 38.0565057964665 38.0888346345883 38.05178901 37.9962913188321 37.969662185046 38.0767289109241 38.1 38.166016418 38.2352708025585 38.2094965535634 38.2 38.1510139261928 38.146480372 38.039337532 37.9244730761728 37.7880061117053 37.717909012 37.5927136545385 37.455412342 37.3214787892177 37.2198275709041 37.133983822 36.9889526508521 36.8291948112698 36.7094265132166 36.6052188030271 36.5455844663645 36.387548762 36.29642198 36.3084157440011 36.363903960123 36.4 36.4 36.3732094115113 36.3198276866105 36.2658109992676 36.24821099 36.167909372 36.14821099 36.14821099 36.0473149686582 35.9921442294637 35.94821099 35.925052332 35.817909492
37.7 37.7 37.6003724822063 37.3153066456739 37.1272243964778 37.1733821910419 37.3641562960001 37.7169273016965 37.9734214946749 38.0403852504801 37.7929838799477 37.7841479227795 38.0950880682944 38.0269146355672 37.9364183374544 37.8943258552861 37.7658763852462 37.833821966 37.996376908 38.1098237305621 38.1848276322082 38.2326628066974 38.164344072 38.14464617 38.1970041278349 38.1438735153457 38.091126542 37.9768330383672 37.85535383 37.8082785466112 37.625110364 37.455412342 37.3769043139211 37.296480492 37.1527951690573 37.0673373004534 36.9392002679641 36.862303670525 36.7185365789857 36.653623452 36.5513922780072 36.501842158482 36.45535383 36.45535383 36.45535383 36.4800346735611 36.4820729809281 36.396480732 36.35535383 36.3148576443958 36.264148403115 36.25535383 36.2029961378635 36.15535383 36.146480852 36.05535383 36.032195172 35.925052332
37.6230293399653 37.57500666 37.4018234036784 36.9898896409299 37.0508850010423 37.581149945752 37.8620002402094 37.9240795038451 37.7668742320893 37.7468754506512 37.667233055345 37.851068869713 37.8869989947323 37.6130065097986 37.573172698 37.5969824203722 37.5358536323296 37.670947223054 37.7965707166165 37.992753816 38.0337485970967 38.0582320900467 37.994704562 37.8657063113328 38.003715309477 38.16249667 38.1480775962361 37.9939933549073 37.9480229799493 37.8393960439999 37.6485121283375 37.517909012 37.4301668313756 37.341126662 37.2092255569112 37.1167747199453 37.0698841291981 36.975051972 36.867909132 36.823262962 36.7194478742281 36.6564901149153 36.62499334 36.6060557627979 36.56249667 36.579218436511 36.5805994306324 36.503623572 36.46249667 36.4350596920627 36.3748075027939 36.3078467956504 36.264526613493 36.2614153913636 36.1966723377798 36.16249667 36.139338012 36.032195172
37.1538767899723 37.3965938863459 37.6085128622715 37.5300417256427 37.6626801696105 37.8840838993856 37.8384131357008 37.717921972 37.2021056538947 37.4131936919115 37.8187915270157 37.78520903194 37.428666857612 37.2022353085822 37.2677522806418 37.324086200403 37.3966604512688 37.5463354384326 37.7706904310748 37.8767478847613 37.9562910920295 38.042798768 38.1011813871339 38.055821106686 38.1715026408809 38.2 38.1884325166712 38.0584858385527 37.976840862 37.8604981929995 37.7061183042244 37.555412342 37.4842943673278 37.410766172 37.303623332 37.145532910344 37.1 37.012555302 36.9712827599843 36.8994746487603 36.8669455575364 36.8281255156875 36.76963951 36.7604397538647 36.73927902 36.7082285605831 36.6336148118071 36.582125838969 36.56963951 36.5186920954788 36.4756200352973 36.4430909440733 36.3734088891506 36.367909372 36.26963951 36.26963951 36.246480852 36.1604398267298
37.0106962060972 37.3212638187205 37.7854762682311 37.8342358201777 37.8610835242408 37.7423567810048 37.5376196339999 37.5088406156252 37.0227593062213 37.4715108152604 37.590743371767 37.3104938114475 37.0023769394252 37.103718663735 37.1587822793476 37.2675865207524 37.2664926329825 37.5914107618002 37.9932847763088 38.0440161112825 38.119581118 38.1705505604651 38.257084448 38.27678235 38.2987434092388 38.2 38.191126542 38.083983702 37.976840862 37.869698022 37.7538613752136 37.632194692 37.5370624579689 37.441126662 37.333983822 37.2660283905147 37.1919070463339 37.089337652 37.07678235 36.97678235 36.97678235 36.9730637977098 36.9535647 36.9302983134727 36.87678235 36.832194932 36.7647717997535 36.7083605518378 36.67678235 36.603623572 36.57678235 36.5096404402028 36.4780390522059 36.4763806526146 36.4467518189766 36.3644850285679 36.2946231038409 36.27678235
37.6751243845902 37.7215737678418 37.8 37.7697467789321 37.6370033204246 37.3810668303832 37.0768613183418 37.1763320433991 37.3729554096685 37.575336195306 37.2672624605288 36.8649171694605 36.9177473960001 37.1134419099479 37.230243946 37.3027605839385 37.2477973762164 37.7051247097731 38.051730738 38.1494097621963 38.249941608 38.28392519 38.2968335996795 38.3 38.3 38.2824727655553 38.191126542 38.083983702 37.976840862 37.869698022 37.762555182 37.655412342 37.548269502 37.4905362227758 37.4733132148172 37.3450526902827 37.2870916289 37.2698686209414 37.26785038 37.1663981569758 37.0913720550656 37.154408872893 37.08392519 37.0790542431898 37.0364249467688 36.9767578472726 36.924435662686 36.825052092 36.78392519 36.710766412 36.68392519 36.669868659521 36.66785038 36.5824731683962 36.4985736856451 36.467909372 36.38392519 36.3584946002306
37.8699770221319 37.7724041484578 37.70893197 37.6237382931097 37.3672916014356 37.1037896822383 36.7596938960874 36.846274404 37.4602219530422 37.3599748042615 37.0345832826086 36.7122390862827 36.9015851920865 36.9484664236308 37.155250726 37.3284078479156 37.5229843220001 37.9149329393461 38.0956886039989 38.158873578 38.266016418 38.3 38.3 38.3 38.3 38.298269382 38.191126542 38.083983702 37.976840862 37.869698022 37.7966554400897 37.746480372 37.639337532 37.5374532408881 37.4398803672141 37.3958628869199 37.317938709866 37.3 37.3 37.1998454431561 37.1918605831698 37.1985694505043 37.19106803 37.19106803 37.1877234915264 37.1415311767995 37.039337772 36.9858095025486 36.9220166457774 36.8845335098967 36.8090069584293 36.79106803 36.7049292410812 36.6909134945929 36.68213606 36.666120242 36.5610459263849 36.460766532
37.8013747743265 37.7399372343667 37.60178913 37.5126128539999 37.2465961959999 36.9262210051399 36.6043471621666 36.5057158855797 37.3058697603405 37.153572925913 36.7269184906064 36.7017618252997 36.793074193993 36.7513413173137 37.0253628593796 37.2231606937814 37.647991102 37.944394238919 38.1033995456945 38.1992641948461 38.266016418 38.3 38.2211346109259 38.2876695643808 38.3 38.2017581669942 38.191126542 38.083983702 37.976840862 37.869698022 37.7632251184723 37.7009913988344 37.648269502 37.541126662 37.433983822 37.4 37.319698142 37.3858801986747 37.3053156260186 37.2999102892881 37.3877072754052 37.3139403799015 37.3736771847918 37.29821087 37.29821087 37.2974131431283 37.244691482 37.1386019582582 37.0970297590485 37.0245718676448 36.917909252 36.89821087 36.8965185802753 36.79821087 36.79821087 36.782195052 36.675052212 36.567909372
37.8041138112152 37.7393950839999 37.562554702 37.4108237239999 37.1448070659999 36.7645047279999 36.4644323435789 36.4756392827208 37.2237755977003 36.9627741099998 36.616235946 36.596377148 36.69464629 36.7418384250035 37.035611336 37.3088791591248 37.664843085444 37.884401582492 38.041023318 38.0924445006327 38.09464629 38.09464629 38.0989454314508 38.187444938 38.2 38.292915672 38.1862478912083 38.0831262358523 37.949567887087 37.769698022 37.7 37.655412342 37.5972304991555 37.5389248597838 37.433983822 37.3307577036626 37.3813564393981 37.3172368375413 37.3948773055193 37.4 37.408873218 37.5 37.5012398602381 37.4766742391775 37.4087027458832 37.360766292 37.30535371 37.246480612 37.2018194081257 37.1307579308137 37.10535371 37.0225907746923 36.916120122 36.90535371 36.896480732 36.80535371 36.8041138626108 36.7713207563285
37.8672379852432 37.7431818458151 37.5703718816128 37.4108237239999 37.1448070659999 36.7645047279999 36.4019500259999 36.5011936675054 37.2274606258194 36.9502775599998 36.603739396 36.5012982629292 36.5750069 36.6090414906794 36.833822206 37.0746233721766 37.452873509209 37.761157697935 37.8332021955395 37.9390198618884 37.9750069 37.9841492832556 38.067805548 38.174948388 38.1993236589717 38.198269382 38.0977822477686 38.0449757886877 37.8672384052597 37.769698022 37.7 37.6498404230242 37.5422374795478 37.4926428638802 37.4297370166918 37.4 37.3899650381641 37.38750345 37.3993236289799 37.41249655 37.4202609218761 37.502001454696 37.535655448 37.60870987816 37.5672347024121 37.467909132 37.4060320524439 37.3484840081281 37.246480612 37.21249655 37.21249655 37.2015690095838 37.1172328509882 37.01249655 37.003623572 36.91249655 36.889337892 36.81249655
