catData/variables/futureClimate2070/rcp85/HadGEM2-AO_rcp85bi70/bio11.asc
NCOLS 409 
NROWS 350 
XLLCORNER 60.897278365 
YLLCORNER 5.843756025 
CELLSIZE 0.0892857 
NODATA_value -9999 
[rows 130 to 155 of 350, columns 290 to 347 of 409]
21.567910332 21.4134576756486 21.2473342582934 21.053684844 20.919699582 20.9 20.9 20.9210287751234 21.0017423630814 21.035654008 21.142796848 21.249939688 21.357082528 21.464225368 21.571368208 21.61963939 21.6856538880001 21.792796728 21.899939568 21.91963939 22.014225248 22.021368088 22.11963939 22.1227845161515 22.1578880616439 22.2255901365609 22.2693681212345 22.364225128 22.4297985671749 22.498150198 22.5923282404158 22.692796488 22.8157097459936 22.9267215580001 22.9967123211941 22.9989504592152 22.9464078091878 22.9970463510509 22.4133303405404 20.4989011528366 19.9779525619044 20.5233102601645 21.0851696591934 21.9392421140399 22.2143832717988 21.449404897926 21.1101592137181 20.3096374753183 18.7759078083422 16.9739270659998 15.6521985596111 15.1309963261176 14.7458876102613 14.5341293748753 14.1693597210072 13.9730198764136 14.3530191190584 15.1117786866631
21.728617632 21.621474792 21.3469420380698 21.0608738431976 20.9412058246397 20.9033629755229 20.9253322663144 21.0004630481517 21.035654008 21.142796848 21.249939688 21.357082528 21.464225368 21.571368208 21.678511048 21.72678223 21.792796728 21.899939568 22.007082408 22.02678223 22.121368088 22.1548301741256 22.2291582257117 22.265289830451 22.3329842493864 22.3757494867763 22.436810273061 22.4862091431017 22.578510808 22.685653648 22.7444623204104 22.826721558 22.992658221915 23.114225008 23.0575287497597 23.054829998403 23.1291581614344 23.1652896547283 23.22678223 23.1158579747316 22.7510346631347 22.5112958113789 22.2516683922916 21.9372449705216 21.839895750005 21.3807724340296 21.4648724864614 21.2066648482248 20.3229108098587 18.528361316639 17.2283791123135 16.4155617809488 16.1281998055249 15.9309576233518 15.6428812688861 15.7131867868734 16.9937332954755 18.101055786
21.9997451311368 21.8890059093932 21.481455833923 21.1053460255468 21.03392507 20.946481812 20.9964227680432 20.9999693077197 21.0010770542065 21.0626881791002 21.2788758695102 21.464225368 21.571368208 21.678511048 21.7681048502833 21.8199722511867 21.8999395680001 22.007082408 22.114225248 22.13392507 22.1964226094634 22.3005864620066 22.3397869325235 22.4054328889466 22.4492261855835 22.5102793158865 22.571367968 22.6490508128265 22.7020297617035 22.792796488 22.899939328 23.007082168 23.114225008 23.1917028243536 23.2320882371164 23.26785014 23.2767214380001 23.36785014 23.3599941190036 23.3236458355336 23.3 23.1957033425936 23.1011726797527 22.8605863553853 22.1674241701629 21.4464150745726 21.7814896419499 21.9349905722264 21.6234064103038 21.2630087969975 20.356068565635 20.0880155387256 19.8364168837622 19.1922829538157 18.902259757227 18.7199714603464 19.4828894572809 19.6686710344433
22.1198238670167 21.982256204 21.5852441915656 21.2468442857088 21.18213582 21.094692562 21.0432912864009 21.0779679052982 20.8394830396089 20.8741084641858 21.2432080260099 21.5999924188876 21.678511048 21.785653888 21.84106791 21.899939568 22.007082408 22.114225248 22.221368088 22.24106791 22.24106791 22.342796608 22.4447112652415 22.4915734276559 22.5505780954468 22.5999922774506 22.678510808 22.785653648 22.84106791 22.899939328 23.007082168 23.0841809168348 23.180299938 23.2359109213706 23.335653528 23.44106791 23.449939208 23.54106791 23.5274210188838 23.4642795039864 23.42320373 23.344378232575 23.286132894117 23.253815698794 23.1664361094996 22.9007991404091 22.8580013902951 22.9211429051925 22.7055787196409 22.9234509050642 22.6563791713072 22.811976771745 22.3614316512831 22.2338588137299 22.1584961647347 21.9763831054854 22.0100038636568 22.0759289049961
22.148270942 21.982256204 21.7337819863003 21.4640078330356 21.3577080662291 21.260767492 21.153624652 21.1491030379305 21.0095704287122 21.1689407185526 21.4010444058174 21.762818750918 21.833864638 21.9195122436114 21.9731496011239 22.055293158 22.1306099134055 22.221368088 22.328510928 22.34821075 22.3938113015357 22.449939448 22.557082288 22.64821075 22.6602036995231 22.7146078852122 22.785653648 22.892796488 22.94821075 23.007082168 23.114225008 23.14821075 23.228510688 23.335653528 23.3971959321701 23.5 23.508871298 23.6 23.6 23.6 23.6 23.6 23.5732102817123 23.5198285135524 23.5 23.4621126119182 23.44821075 23.44821075 23.4026104298759 23.4 23.391128942 23.30772042033 23.34821075 23.34821075 23.3662620205359 23.4195118707288 23.44821075 23.44821075
22.092917352 21.9920780320883 21.823324114 21.6495337797801 21.530406762 21.423263922 21.316121082 21.1028710877557 21.2739826307604 21.371368208 21.5479834220001 21.885653888 21.992796728 22.05535359 22.107082408 22.214225248 22.25535359 22.328510928 22.3912047367006 22.4484028496674 22.549939448 22.6114789815968 22.6642251280001 22.75535359 22.7681719415071 22.8242350681249 22.892796488 22.975259521389 23.028633624979 23.114225008 23.1848265862852 23.2404950800828 23.2912046295492 23.387442778 23.4523565351867 23.5 23.5088712980001 23.6 23.6 23.6 23.6 23.6 23.6 23.541128822 23.5 23.5 23.5 23.5 23.405414622 23.4 23.396039391074 23.3625032205581 23.4 23.4 23.437442418 23.5 23.5286333592817 23.5227664123503
21.9879357110453 22 21.9092273785238 21.8350597265245 21.744692442 21.5829006874743 21.4087973974737 20.9241806711616 21.58748929 21.603503908 21.7511739529426 21.992796728 22.099939568 22.1903610745306 22.276721678 22.3470718334682 22.4037531345325 22.452429473467 22.46249643 22.549939448 22.657082288 22.7010803745355 22.7658235734639 22.8100084145367 22.8711812134627 22.9189364545379 22.999939328 23.06249643 23.114225008 23.1845753134596 23.241256554541 23.2899329534584 23.3 23.387442778 23.494585618 23.5 23.508871298 23.6 23.6 23.6 23.6 23.6 23.6 23.5779212065489 23.56249643 23.5167760054498 23.5 23.5 23.464527106552 23.4614163554474 23.3944559054467 23.3475116845538 23.4 23.4 23.437442418 23.5 23.551728098 23.5779212965575
22.021368328 22.0286413099976 21.9799574436356 21.9186928667311 21.819699582 21.7469031770708 21.4183682076626 21.2946071933864 21.6876435171295 21.6324983933424 22.0552327260001 22.218117201665 22.276721678 22.3528151683984 22.421368088 22.46963927 22.535653768 22.56963927 22.56963927 22.657082288 22.764225128 22.771367968 22.86963927 22.885653648 22.96963927 22.999939328 23.081007207166 23.1 23.151728578 23.2 23.266014258 23.3 23.3559202906337 23.457082048 23.4983561540998 23.5 23.5026933908333 23.53036073 23.5464870804333 23.5788994279334 23.5564355236998 23.6 23.6 23.6 23.6 23.5777890438661 23.5137191465006 23.5608943451327 23.5037707032341 23.4298360303992 23.3973066820325 23.3745012063343 23.4 23.4 23.4113677914345 23.4614095781988 23.5157050281679 23.5713580214654
22.0120103957845 22.0095490774814 21.9493124912526 21.9062322440133 21.819699582 21.7328592214548 21.5627491034332 21.347238625846 21.4432473874293 21.9952985599558 22.2230970260001 22.37678211 22.414225248 22.47678211 22.528510928 22.57678211 22.642796608 22.67678211 22.67678211 22.764225128 22.798742950466 22.8771834772001 22.9068117540659 22.9805003106682 23.0177806005977 23.0838171441364 23.1287494471296 23.17678211 23.1887923943386 23.2452027169273 23.2921092278068 23.3 23.380299938 23.487442778 23.5 23.5 23.5 23.5 23.5053765616794 23.5161829115865 23.5086933951475 23.5574515761184 23.6 23.6 23.6 23.6 23.581356104448 23.5970844222861 23.505414622 23.4 23.4 23.3877041912223 23.32321789 23.32321789 23.32321789 23.367803148 23.4629358151073 23.5136685896268
21.959488636062 22 21.933985262 21.8386025392423 21.8031667176563 21.7859434525549 21.6099575165465 21.0598332328164 21.7682620682484 22.2704242578508 22.3108049809523 22.4508590198927 22.5738689031551 22.58392495 22.635653768 22.68392495 22.6945368135608 22.7 22.7673918842364 22.871367968 22.88392495 22.98392495 22.9853510541693 23.0134400587293 23.0876474843721 23.1254293085265 23.189943914575 23.2 23.2 23.258871418 23.3 23.3 23.380299938 23.4140564702849 23.4954559826137 23.5 23.5 23.5 23.5 23.5254291071066 23.58392495 23.5910920910963 23.6 23.6494076067009 23.6285227184005 23.6 23.6 23.6 23.505414622 23.4824745439076 23.392554969009 23.3135008078895 23.2805657192118 23.21607505 23.21607505 23.260660308 23.3243903676175 23.3321501
21.9046205480916 21.90893221 21.9631537979418 21.917910212 21.8179399739666 21.8796326425646 21.9603080012875 21.9166368758648 22.2673805113668 22.39106779 22.4353142332208 22.615142364248 22.7251664282833 22.78213558 22.7867561066543 22.79106779 22.8511857344082 22.8155128090606 22.871367968 22.978510808 22.99106779 23.0015742870644 23.09106779 23.0924982278732 23.1210887666581 23.1937742548107 23.2 23.2 23.2471080727831 23.2963263086857 23.3 23.3 23.307172559092 23.3885644154392 23.4084485860296 23.5 23.5 23.5145837215641 23.59106779 23.5937742333734 23.6 23.6 23.6471078542203 23.6963262872484 23.6941034892828 23.69106779 23.69106779 23.6114358031234 23.5915514354078 23.498271782 23.391128942 23.2854164969985 23.185775472 23.10893221 23.10893221 23.1129146588736 23.1649720556576 23.20893221
21.9474071962451 21.9578184619188 22.064225368 22.1687500884931 22.0354679255896 22.0838645180001 22.0052201525236 21.9086741849022 22.3262978361321 22.6121493172299 22.7182037206063 22.7969634444423 22.7988806262784 22.8437881698855 22.89821063 22.89821063 22.9642251280001 22.996901574541 22.9978581272951 23.085653648 23.09821063 23.0982415628034 23.1 23.1157278215244 23.1986249983117 23.2297578778522 23.29821063 23.29821063 23.2991362456562 23.3 23.3 23.3718480468355 23.3193475550006 23.3015646748367 23.3946825013272 23.40178937 23.410501927655 23.5002865521811 23.5245319839828 23.6 23.6367726703105 23.69821063 23.6991362413617 23.7 23.7648327829662 23.72636281887 23.7 23.6984353294578 23.6053177343783 23.498271782 23.391128942 23.283986102 23.176843262 23.0404851871176 22.90357874 22.90357874 23.0061093289329 23.1596068890967
22.158977882 22.1044035612043 22.1695488171944 22.282427516991 22.391007358 22.3185824334159 22.3154807467612 22.3246866396458 22.5279755480264 22.7062108077702 22.733864398 22.8393851206367 22.90535347 22.9077403669564 22.959666471247 23.00535347 23.00535347 23.0745943518574 23.1042988459392 23.10535347 23.10535347 23.10535347 23.1137500728747 23.2008573249219 23.20535347 23.234031423485 23.3 23.3023868841081 23.30535347 23.3022018062988 23.3 23.3 23.3 23.387442778 23.4 23.4016359255195 23.4951214522771 23.5 23.523156978 23.630299818 23.7 23.7023868712598 23.7543125469437 23.8031516508529 23.80535347 23.80535347 23.80535347 23.80535347 23.710768092 23.603625252 23.4876113539999 23.2884822727747 23.153686524 22.9394008439999 22.8 22.8 22.903456196 23.058870938
22.373263562 22.199892009123 22.2445257860001 22.458811466 22.592796728 22.4594641551875 22.5912018099311 22.6995678930956 22.6872050926442 22.828510928 22.935653768 23.01249631 23.0171753205982 23.0640069959726 23.11249631 23.11249631 23.11249631 23.11249631 23.1827619288266 23.2 23.2 23.2 23.2011086148903 23.2265094816805 23.3 23.3 23.3 23.3390141659638 23.38750369 23.3359890268947 23.3 23.3 23.3 23.3765156573885 23.38750369 23.4 23.408871298 23.5 23.523156978 23.630299818 23.7 23.744585498 23.8064641334743 23.8640107630965 23.9082493163327 23.91249631 23.91249631 23.91249631 23.817910932 23.710768092 23.593645639092 23.3699733503371 23.1690765717663 22.9643934639999 22.8203136993752 22.806924797946 22.903456196 23.058870938
22.567910092 22.3661473367121 22.3779821925821 22.5712259295202 22.6526286093751 22.695067925207 22.6239898076654 22.7364995214544 22.6088166866329 22.935653768 23.042796608 23.11963915 23.157082288 23.21963915 23.21963915 23.21963915 23.21963915 23.21963915 23.21963915 23.21963915 23.21963915 23.21963915 23.2267683933449 23.3 23.3045478807788 23.3136884761593 23.3 23.3 23.3 23.3 23.3 23.3 23.3 23.3 23.3 23.4 23.408871298 23.5 23.5277048116449 23.6439883412933 23.7073534197686 23.764224648 23.871367488 23.91963915 23.985653168 24.01963915 24.01963915 24.01963915 23.925053772 23.8372106746746 23.6947681763871 23.4169744151019 23.2813910485109 23.1649905735727 22.9871291367307 22.872927073393 22.9224165784833 23.0819944416405
22.6889070031406 22.594692082 22.6018986574703 22.7195326232242 22.6574812937561 22.7619583767736 22.8056780093078 22.95356398 22.962435758 23.0652895646087 23.1437374199142 23.2081150227803 23.2541971105252 23.3 23.3 23.3157670015584 23.32678199 23.32678199 23.32678199 23.3033630096635 23.325331975031 23.3 23.3 23.3 23.323157218 23.3778149005035 23.32678199 23.3148410421074 23.3 23.3 23.3 23.2804070733293 23.27321801 23.27321801 23.2985499207542 23.3736809254487 23.408871298 23.5042889048377 23.5668940464678 23.7081148942268 23.764224648 23.871367488 23.978510328 24.0425488630048 24.1018981303007 24.12678199 24.1482878470884 24.15356398 24.058978602 24.0237884051719 23.8358218639999 23.596944604878 23.3062018352555 23.30459724195 23.141236726 22.9742675993219 23.0138538140336 23.203394804
22.8514738249871 22.8289499533143 22.7793791023586 22.8893462320314 22.9869834677042 23 23.1266742709501 23.1345113692773 23.1737117023956 23.23392483 23.23392483 23.264225128 23.33392483 23.33392483 23.33392483 23.3728243781053 23.4 23.4 23.4 23.3422218772034 23.3964225964695 23.3333383721423 23.3030096541849 23.33392483 23.3492260011608 23.4 23.4 23.3705398978207 23.3163759978521 23.3 23.2776047751977 23.2177364931294 23.2 23.2 23.262497607889 23.301728458 23.408871298 23.516014138 23.623156978 23.7405789797469 23.871367488 23.978510328 24.085653168 24.192796008 24.23392483 24.23392483 24.314224528 24.33392483 24.239339452 24.1316103169815 23.9852673753456 23.7647207153457 23.4013635759999 23.4102790803272 23.3342998526544 23.123264402 23.119577758 23.3045187427282
23.0126204791665 23.0652449867934 23.0432313167532 23.066316475287 23.08213534 23.08213534 23.193618922815 23.242796608 23.34106767 23.34106767 23.34106767 23.371367968 23.44106767 23.44106767 23.44106767 23.44106767 23.44106767 23.44106767 23.4080902578895 23.4 23.4 23.3989812379899 23.3462958740503 23.4 23.4 23.4 23.3846230742109 23.35893233 23.3284474737087 23.2758228803314 23.2200285896284 23.1699560844118 23.15893233 23.15893233 23.1977764394677 23.301728458 23.408871298 23.5225907713472 23.664224648 23.7892238767332 23.937442658 24.0628957231865 24.192796008 24.299938848 24.34106767 24.34106767 24.3883901530144 24.4 24.3442586329053 24.237611234 24.032196612 23.8996025107848 23.6168019985107 23.4551862394089 23.4918737753357 23.296482412 23.3140392925839 23.3684755103688
23.17148217732 23.1786999657275 23.231826041865 23.24821051 23.2869237510499 23.29642102 23.29642102 23.3973164281726 23.44821051 23.44821051 23.44821051 23.4639028798027 23.5 23.5 23.5 23.5 23.5 23.5 23.4584129473447 23.44821051 23.4026101854703 23.4 23.4 23.4 23.3888357871004 23.35178949 23.3323980040846 23.3 23.2750613887304 23.221300282862 23.1681741895455 23.113901802047 23.1 23.1 23.1489854091755 23.253517948 23.3649376860095 23.532028276 23.723156978 23.830299818 23.9554939543794 24.1588764019719 24.3232108624357 24.407081688 24.44821051 24.44821051 24.44821051 24.44821051 24.4026104168808 24.296543564 24.091128942 23.9756925858967 23.7555835579999 23.5245016629184 23.6057239266741 23.4466148125332 23.4982109662818 23.4588506134516
23.358977642 23.3107067 23.3401800690233 23.35535335 23.391204796573 23.4484027726522 23.45535335 23.55535335 23.55535335 23.55535335 23.55535335 23.55535335 23.55535335 23.55535335 23.55535335 23.55535335 23.55535335 23.55535335 23.55535335 23.5069507101959 23.4577705830293 23.45535335 23.4504426565205 23.4 23.376842782 23.3 23.3 23.3 23.248271422 23.2 23.133985742 23.0595050954942 23.04464665 23.04464665 23.0970029581812 23.2026852174064 23.3681853853686 23.532028276 23.7359751410818 23.885653168 24.030238666 24.3137894107573 24.5393400679823 24.5923440587926 24.5741657295674 24.55535335 24.5109047771171 24.5 24.405414622 24.2431034671166 24.146482292 24.039339452 23.8755444282337 23.6713058560001 23.715096231316 23.599938608 23.65535335 23.596482412
23.4827608231187 23.52499238 23.52499238 23.52499238 23.52499238 23.5031382286762 23.5591127075197 23.6 23.6 23.6 23.6144725289509 23.66249619 23.66249619 23.66249619 23.66249619 23.66249619 23.6212396439023 23.6 23.6 23.567205536671 23.5033836324712 23.5 23.4911284619999 23.4 23.376842782 23.3 23.2765996153244 23.23750381 23.2181036223912 23.163207606751 23.1127459481068 23.0725633009646 23.0123117881776 23 23.094585618 23.203456916 23.4144155212536 23.594524466 23.808810146 24.011732239827 24.2700784000542 24.635094466915 24.7745604271994 24.76249619 24.696482172 24.6167759410263 24.519700302 24.5 24.405414622 24.2614161195951 24.1966730152627 24.146482292 24.0219701339565 23.9102155623279 23.8735690206939 23.769577638 23.7926642895905 23.7404173452673
23.5010499175613 23.5713587887098 23.6459720232003 23.66963903 23.66963903 23.6430904086716 23.667995316838 23.66963903 23.66963903 23.6807914546334 23.7301822597523 23.7 23.7 23.7 23.7 23.7 23.6799573580666 23.66963903 23.66963903 23.608744560462 23.5712828160284 23.5 23.491128462 23.4 23.376842782 23.3 23.262557102 23.2 23.2 23.1821260664424 23.1236673410671 23.1 23.0756201599138 23.0087447275957 23.094585618 23.273095946 23.4812037401245 23.643180366366 23.9159529860001 24.1513391653471 24.4743419423252 24.7891709960001 24.8842947748183 24.8286417126912 24.733985982 24.626843142 24.5756202327801 24.5087448947294 24.405414622 24.298271782 24.2 24.2062899484648 24.2322474497228 24.1878167577867 24.1165422974075 24.0299951544174 23.9899568233693 23.9679199398249
23.6138452019342 23.635653768 23.692109257688 23.7 23.7 23.7671405686814 23.77678187 23.7013275109276 23.77678187 23.7805001648263 23.7946232712969 23.77678187 23.77678187 23.77678187 23.77678187 23.77678187 23.7260947039645 23.7561715721586 23.7151258917183 23.6796973664048 23.6041570794721 23.5754545433489 23.491128462 23.4 23.376842782 23.3 23.262557102 23.2 23.2 23.2 23.184672723759 23.1206104821179 23.1 23.1468376222567 23.248149358 23.3789116436255 23.5156828464978 23.724824284 24.0230958260001 24.2444165571331 24.4835788010099 24.7123891260001 24.82321813 24.764346952 24.7078909094825 24.626843142 24.5383443902712 24.5029156078519 24.405414622 24.375053652 24.27678187 24.292795768 24.3590016935326 24.269700422 24.2574979774272 24.264393224 24.205291838 24.194692802
23.7756091139122 23.777313248332 23.78392471 23.78392471 23.78392471 23.871367968 23.88392471 23.8666763455948 23.8074456139584 23.88392471 23.88392471 23.8584952727743 23.8 23.8 23.8 23.8 23.7893879780045 23.7956849642398 23.787091513516 23.7105384107282 23.6847950490275 23.5997221067833 23.575053172 23.4704846897052 23.376842782 23.3 23.262557102 23.2 23.2 23.2 23.2 23.2496366666818 23.26784942 23.2819061001476 23.378510328 23.485653168 23.6016673060001 23.8185273051245 24.0463139560001 24.2605996360001 24.474885316 24.6517527461015 24.71607529 24.7066115774101 24.7 24.626843142 24.519700302 24.5 24.405414622 24.3997221839447 24.3764797002995 24.3025742805438 24.3317870024239 24.353625132 24.3273861052765 24.3856655809585 24.376164861765 24.3744610359908
23.89106755 23.89106755 23.89106755 23.89106755 23.89106755 23.8988783752992 23.9 23.9014200649553 23.9748482562679 23.9 23.9 23.8972934410313 23.89106755 23.89106755 23.89106755 23.89106755 23.8309497640266 23.8666225953618 23.8179401452497 23.7921891961387 23.7049305264729 23.6894932670845 23.591128462 23.4985695236923 23.467910332 23.3634740295308 23.262557102 23.2 23.2 23.2536127580229 23.29106755 23.2976022712003 23.3731271861881 23.39106755 23.485653168 23.592796008 23.7007312722583 23.832028276 24.046313956 24.233006334093 24.3497196547045 24.503053318684 24.60893245 24.60893245 24.60893245 24.6023977502376 24.592827269626 24.5114357729855 24.4915512084028 24.49106755 24.482196492 24.4056510145681 24.505291838 24.551835522 24.4854796252666 24.5316702521218 24.5821351 24.5285227791014
23.9508033096051 23.99821039 23.99821039 24.0700587326684 24.0175574263106 23.99821039 23.99821039 23.901728938 23.9998412297737 23.99821039 23.99821039 23.99821039 23.99821039 23.9544223271209 23.9 23.9 23.8988185979423 23.8995196210366 23.8985629399845 23.89821039 23.803624532 23.6999690630477 23.689338852 23.5824826069101 23.476842782 23.369699942 23.262557102 23.2 23.2508028381953 23.357081808 23.39821039 23.4700582612585 23.4978578357205 23.5840882833007 23.5981134936783 23.699938848 23.8070816880001 23.9145111186151 24.046313956 24.230299818 24.337442658 24.4453834045308 24.50178961 24.5596072235114 24.6 24.6 24.6 24.5984351195957 24.59821039 24.59821039 24.5980516326589 24.612434678 24.6740928725978 24.6292150894443 24.6596484352568 24.6865830037644 24.7456184132146 24.7549742076129
