catData/rasterBestHybridModels/Prubiginosus/RD_BM01_RM1_L/Prubiginosus_min.asc
ncols         409
nrows         350
xllcorner     60.897278365
yllcorner     5.843756025
cellsize      0.0892857
NODATA_value  -9999
[rows 87 to 115 of 350, columns 264 to 329 of 409]
-9999 -9999 -9999 -9999 -9999 -9999 -9999 -9999 -9999 -9999 -9999 -9999 -9999 -9999 -9999 -9999 -9999 -9999 -9999 -9999 -9999 -9999 -9999 -9999 -9999 -9999 -9999 -9999 -9999 -9999 -9999 -9999 -9999 -9999 -9999 -9999 -9999 -9999 -9999 -9999 -9999 -9999 -9999 -9999 -9999 -9999 -9999 -9999 -9999 -9999 -9999 -9999 -9999 -9999 -9999 -9999 -9999 -9999 -9999 -9999 -9999 -9999 -9999 -9999 -9999 -9999
-9999 -9999 -9999 -9999 -9999 -9999 -9999 -9999 -9999 -9999 -9999 -9999 -9999 -9999 -9999 -9999 -9999 -9999 -9999 -9999 -9999 -9999 -9999 -9999 -9999 -9999 -9999 -9999 -9999 -9999 -9999 -9999 -9999 -9999 -9999 -9999 -9999 -9999 -9999 -9999 -9999 -9999 -9999 -9999 -9999 -9999 -9999 -9999 -9999 -9999 -9999 -9999 -9999 -9999 -9999 -9999 -9999 -9999 -9999 -9999 -9999 -9999 -9999 -9999 -9999 -9999
-9999 -9999 -9999 -9999 -9999 -9999 -9999 -9999 -9999 -9999 -9999 -9999 -9999 -9999 -9999 -9999 -9999 -9999 -9999 -9999 -9999 -9999 -9999 -9999 -9999 -9999 -9999 -9999 -9999 -9999 -9999 -9999 -9999 -9999 -9999 -9999 -9999 -9999 -9999 -9999 -9999 -9999 -9999 -9999 -9999 -9999 -9999 -9999 -9999 -9999 -9999 -9999 -9999 -9999 -9999 -9999 -9999 -9999 -9999 -9999 -9999 -9999 -9999 -9999 -9999 -9999
-9999 -9999 -9999 -9999 -9999 -9999 -9999 -9999 -9999 -9999 -9999 -9999 -9999 -9999 -9999 -9999 -9999 -9999 -9999 -9999 -9999 -9999 -9999 -9999 -9999 -9999 -9999 -9999 -9999 -9999 -9999 -9999 -9999 -9999 -9999 -9999 -9999 -9999 -9999 -9999 -9999 -9999 -9999 -9999 -9999 -9999 -9999 -9999 -9999 -9999 -9999 -9999 -9999 -9999 -9999 -9999 -9999 -9999 -9999 -9999 -9999 -9999 -9999 -9999 -9999 -9999
-9999 -9999 -9999 -9999 -9999 -9999 -9999 -9999 -9999 -9999 -9999 -9999 -9999 -9999 -9999 -9999 -9999 -9999 -9999 -9999 -9999 -9999 -9999 -9999 -9999 -9999 -9999 -9999 -9999 -9999 -9999 -9999 -9999 -9999 -9999 -9999 -9999 -9999 -9999 -9999 -9999 -9999 -9999 -9999 -9999 -9999 -9999 -9999 -9999 -9999 -9999 -9999 -9999 -9999 -9999 -9999 -9999 -9999 -9999 -9999 -9999 -9999 -9999 -9999 -9999 -9999
-9999 -9999 -9999 -9999 -9999 -9999 -9999 -9999 -9999 -9999 -9999 -9999 -9999 -9999 -9999 -9999 -9999 -9999 -9999 -9999 -9999 -9999 -9999 -9999 -9999 -9999 -9999 -9999 -9999 -9999 -9999 -9999 -9999 -9999 -9999 -9999 -9999 -9999 -9999 -9999 -9999 -9999 -9999 -9999 -9999 -9999 -9999 -9999 -9999 -9999 -9999 -9999 -9999 -9999 -9999 -9999 -9999 -9999 -9999 -9999 -9999 -9999 -9999 -9999 -9999 -9999
2.55987E-7 9.37514E-7 -9999 -9999 -9999 -9999 -9999 -9999 -9999 -9999 -9999 -9999 -9999 -9999 -9999 -9999 -9999 -9999 -9999 -9999 -9999 -9999 -9999 -9999 -9999 -9999 -9999 -9999 -9999 -9999 -9999 -9999 -9999 -9999 -9999 -9999 -9999 -9999 -9999 -9999 -9999 -9999 -9999 -9999 -9999 -9999 -9999 -9999 -9999 -9999 -9999 -9999 -9999 -9999 -9999 -9999 -9999 -9999 -9999 -9999 -9999 -9999 -9999 -9999 -9999 -9999
6.43308E-7 9.69563E-7 4.53052E-7 -9999 -9999 -9999 6.61341E-7 1.0988E-6 -9999 -9999 -9999 -9999 -9999 -9999 -9999 -9999 -9999 -9999 -9999 -9999 -9999 -9999 -9999 -9999 -9999 -9999 -9999 -9999 -9999 -9999 -9999 -9999 -9999 -9999 -9999 -9999 -9999 -9999 -9999 -9999 -9999 -9999 -9999 -9999 -9999 -9999 -9999 -9999 -9999 -9999 -9999 -9999 -9999 -9999 -9999 -9999 -9999 -9999 -9999 -9999 -9999 -9999 -9999 -9999 -9999 -9999
6.30826E-7 6.59238E-7 1.37871E-6 2.02007E-6 1.29534E-6 2.47652E-7 5.34311E-7 1.40388E-6 -9999 -9999 -9999 -9999 -9999 -9999 -9999 -9999 -9999 -9999 -9999 -9999 -9999 -9999 -9999 -9999 -9999 -9999 -9999 -9999 -9999 -9999 -9999 -9999 -9999 -9999 -9999 -9999 -9999 -9999 -9999 -9999 -9999 -9999 -9999 -9999 -9999 -9999 -9999 -9999 -9999 -9999 -9999 -9999 -9999 -9999 -9999 -9999 -9999 -9999 -9999 -9999 -9999 -9999 -9999 -9999 -9999 -9999
9.66814E-7 3.98876E-7 8.41349E-7 3.72509E-6 1.79639E-6 2.29975E-6 8.09818E-7 8.61277E-7 -9999 -9999 -9999 -9999 -9999 -9999 -9999 -9999 -9999 -9999 -9999 -9999 -9999 -9999 -9999 -9999 -9999 -9999 -9999 -9999 -9999 -9999 -9999 -9999 -9999 -9999 -9999 -9999 -9999 -9999 -9999 -9999 -9999 -9999 -9999 -9999 -9999 -9999 -9999 -9999 -9999 -9999 -9999 -9999 -9999 -9999 -9999 -9999 -9999 -9999 -9999 -9999 -9999 -9999 -9999 -9999 -9999 -9999
1.7481E-6 1.09348E-6 6.40164E-7 1.85881E-6 1.28671E-5 2.71929E-6 1.40399E-7 -9999 -9999 -9999 -9999 -9999 -9999 -9999 -9999 -9999 -9999 -9999 -9999 -9999 -9999 -9999 -9999 -9999 -9999 -9999 -9999 -9999 -9999 -9999 -9999 -9999 -9999 -9999 -9999 -9999 -9999 -9999 -9999 -9999 -9999 -9999 -9999 -9999 -9999 -9999 -9999 -9999 -9999 -9999 -9999 -9999 -9999 -9999 -9999 -9999 -9999 -9999 -9999 -9999 -9999 -9999 -9999 -9999 -9999 -9999
1.17365E-5 4.39686E-6 4.81244E-6 5.95401E-6 3.06205E-5 5.05239E-6 1.2793E-6 6.67672E-7 5.67867E-7 -9999 -9999 2.05679E-6 -9999 -9999 -9999 -9999 -9999 -9999 -9999 -9999 -9999 -9999 -9999 -9999 -9999 -9999 -9999 -9999 -9999 -9999 -9999 -9999 -9999 -9999 -9999 -9999 -9999 -9999 -9999 -9999 -9999 -9999 -9999 -9999 -9999 -9999 -9999 -9999 -9999 -9999 -9999 -9999 -9999 -9999 -9999 -9999 -9999 -9999 -9999 -9999 -9999 3.54242E-9 1.87485E-9 -9999 4.45598E-10 1.63377E-10
1.69296E-5 1.5727E-5 3.19078E-5 3.03373E-5 3.32116E-5 2.22414E-5 2.70382E-5 1.98327E-5 8.66136E-6 1.95324E-5 8.41101E-6 5.75733E-6 3.3611E-6 8.84538E-7 -9999 -9999 -9999 -9999 -9999 -9999 -9999 -9999 -9999 -9999 -9999 -9999 -9999 -9999 -9999 -9999 -9999 -9999 -9999 -9999 -9999 -9999 -9999 -9999 -9999 -9999 -9999 -9999 -9999 -9999 -9999 -9999 -9999 -9999 -9999 -9999 -9999 -9999 -9999 -9999 -9999 -9999 -9999 -9999 -9999 -9999 5.62135E-9 1.08324E-9 7.44491E-10 5.26657E-10 1.68148E-10 7.03954E-11
4.21036E-5 2.39325E-5 2.40071E-5 2.61723E-5 3.14104E-5 1.30916E-5 2.32044E-5 1.39894E-5 1.93997E-5 1.79621E-5 8.00639E-6 1.74595E-6 3.59799E-6 1.84847E-6 9.90615E-7 1.05582E-6 1.82339E-6 -9999 3.11451E-6 -9999 -9999 -9999 -9999 -9999 2.18738E-7 -9999 -9999 -9999 -9999 -9999 -9999 -9999 -9999 -9999 -9999 -9999 -9999 -9999 -9999 -9999 -9999 -9999 -9999 -9999 -9999 -9999 1.01964E-6 -9999 -9999 -9999 -9999 -9999 -9999 -9999 -9999 -9999 -9999 1.01839E-7 7.1186E-8 3.13295E-8 8.7002E-9 4.92585E-9 2.45233E-9 1.65523E-9 6.21588E-10 2.53357E-10
2.66105E-5 2.03017E-5 2.99586E-5 3.662E-5 2.72392E-5 5.2854E-5 2.40663E-5 2.18051E-5 4.26445E-5 1.09701E-5 8.8244E-6 1.24054E-5 2.3566E-5 1.0895E-5 4.78932E-6 5.24723E-6 2.21864E-5 -9999 3.04395E-6 1.27778E-5 -9999 -9999 -9999 4.7977E-7 5.17167E-7 3.92411E-7 4.41401E-7 -9999 -9999 -9999 -9999 -9999 -9999 -9999 -9999 -9999 -9999 -9999 -9999 -9999 -9999 -9999 -9999 -9999 1.18417E-6 3.63049E-7 1.19328E-6 5.19822E-7 -9999 -9999 -9999 -9999 -9999 -9999 -9999 4.44487E-7 2.56166E-7 1.64043E-7 1.49369E-7 6.15283E-8 1.86607E-8 1.63582E-8 1.06647E-8 5.10252E-9 1.67893E-9 4.38898E-10
2.14393E-5 2.76276E-5 2.99329E-5 4.26201E-5 2.67553E-5 2.61505E-5 2.4312E-5 4.61201E-5 1.09021E-5 2.03193E-5 2.51098E-5 2.32284E-5 2.48306E-5 1.35383E-5 1.79292E-5 1.01088E-5 2.72077E-5 6.94555E-6 2.49577E-6 1.46748E-5 3.37085E-6 1.23969E-6 4.22153E-7 6.79068E-7 2.83729E-6 9.10971E-7 7.43067E-7 2.28276E-7 1.67265E-7 3.88797E-8 -9999 -9999 -9999 -9999 -9999 -9999 -9999 -9999 -9999 4.3997E-7 -9999 2.78539E-7 5.24371E-7 5.87893E-7 8.62483E-7 1.00388E-6 6.46941E-7 4.42399E-7 7.83497E-7 -9999 -9999 -9999 -9999 -9999 1.12567E-6 7.09046E-7 4.56055E-7 2.71899E-7 2.30605E-7 1.3022E-7 2.77945E-8 1.82376E-8 1.74119E-8 4.22229E-9 1.33039E-9 5.26849E-10
2.98385E-5 2.73831E-5 4.10769E-5 4.32895E-5 4.08135E-5 3.91055E-5 1.81476E-5 9.30629E-6 2.44425E-5 2.47231E-5 3.36058E-5 3.54448E-5 2.84004E-5 2.59464E-5 3.38251E-5 2.80001E-5 2.5213E-5 1.15815E-5 8.29932E-6 2.06837E-5 6.22997E-6 1.35825E-6 4.69529E-7 6.92336E-7 4.1476E-6 4.9267E-6 2.38976E-6 5.25037E-7 1.85873E-7 1.94584E-7 1.15934E-6 1.20427E-5 2.28044E-5 2.55743E-5 3.88537E-6 1.42696E-6 1.83103E-6 1.62862E-6 1.23679E-6 3.04665E-7 1.27852E-7 1.44562E-7 1.18577E-6 2.50525E-6 3.54635E-6 5.82106E-6 1.36425E-6 3.05106E-6 7.78459E-7 2.24994E-7 -9999 -9999 -9999 -9999 1.16353E-6 8.74674E-7 4.79838E-7 3.67925E-7 5.16711E-7 1.69007E-7 4.91489E-8 2.89187E-8 3.45731E-8 9.65203E-9 2.67164E-9 1.54652E-9
3.1795E-5 2.64569E-5 2.84242E-5 2.86609E-5 1.78877E-5 2.73106E-5 1.54354E-5 3.22074E-6 2.5595E-5 2.59355E-5 9.60662E-6 2.22649E-5 2.96532E-5 2.33881E-5 4.15E-5 2.37578E-5 3.11741E-5 1.30312E-5 3.5638E-5 3.66614E-5 1.49317E-5 1.72961E-6 7.05294E-7 6.51715E-7 1.70392E-6 5.04709E-6 1.08814E-6 6.9531E-7 5.69408E-7 6.23678E-7 2.10357E-6 8.6598E-6 2.01502E-5 2.38816E-5 6.54184E-6 1.66856E-6 2.30024E-6 3.30113E-6 1.87801E-6 5.97545E-7 1.80776E-7 9.21742E-8 3.59678E-7 7.21303E-7 3.03075E-6 5.69136E-6 2.23496E-6 4.12807E-6 2.18283E-6 -9999 -9999 -9999 -9999 1.15487E-6 8.98652E-7 6.39632E-7 3.79927E-7 3.14973E-7 5.64808E-7 2.04025E-7 8.53867E-8 4.89252E-8 3.29215E-8 1.91255E-8 8.38026E-9 5.55601E-9
2.61633E-5 5.34516E-5 2.98807E-5 4.5417E-5 2.58621E-5 1.71042E-5 2.39129E-5 2.32591E-5 7.23948E-6 4.77314E-6 2.69508E-7 6.31958E-6 1.84652E-5 2.80826E-5 2.9052E-5 2.36406E-5 2.31018E-5 2.86478E-5 2.56256E-5 2.62028E-5 1.67571E-5 9.15499E-6 5.52982E-6 2.63845E-6 4.36655E-6 8.00645E-6 1.84224E-6 3.18617E-6 3.1208E-6 3.63548E-6 7.54225E-6 1.18404E-5 3.38477E-5 1.04297E-5 4.05672E-6 1.8061E-6 6.40589E-6 8.65294E-6 3.94695E-6 1.11533E-6 9.92322E-8 1.38565E-7 6.04129E-7 1.59066E-6 5.12895E-6 6.7102E-6 1.05233E-5 6.68768E-6 6.00963E-6 -9999 -9999 -9999 2.81436E-6 1.7223E-6 1.03283E-6 4.7251E-7 3.41144E-7 1.39425E-7 3.21771E-7 1.11112E-6 5.11885E-7 6.13335E-7 4.69154E-8 2.55886E-8 2.79889E-8 1.73986E-8
3.95113E-5 4.8186E-5 4.94976E-5 5.32735E-5 4.10532E-5 4.39126E-5 2.50231E-5 2.41711E-5 3.07765E-5 2.5632E-6 1.60031E-5 2.21317E-5 2.21491E-5 1.36939E-5 1.31176E-5 3.0486E-6 1.36761E-5 1.65355E-5 1.80298E-5 2.75135E-5 2.59825E-5 2.13537E-5 1.61737E-5 1.22875E-5 1.92349E-5 1.85374E-5 7.31612E-6 9.54534E-6 6.69129E-6 1.0625E-5 2.72334E-5 3.79259E-5 3.27182E-5 9.51121E-6 8.16189E-6 1.03586E-5 4.87721E-6 1.42079E-5 7.45075E-6 1.41713E-6 5.71708E-7 1.79164E-6 2.12847E-6 4.81269E-6 1.76811E-5 8.40901E-6 1.81294E-5 1.01427E-5 2.86222E-6 -9999 -9999 3.22098E-6 1.06678E-6 1.30207E-6 1.26896E-6 6.60732E-7 5.42713E-7 8.73552E-7 1.15487E-6 2.32884E-6 1.87057E-6 6.61266E-7 3.5268E-7 4.12319E-8 5.71973E-8 6.65643E-8
6.09568E-5 4.13869E-5 3.87872E-5 4.34724E-5 3.64832E-5 4.11979E-5 4.71569E-5 4.08177E-5 2.46089E-5 2.49825E-5 1.66349E-5 1.49921E-5 1.06406E-5 9.90454E-6 1.13993E-5 2.33589E-5 1.74683E-5 1.78413E-5 1.81256E-5 1.48498E-5 1.58419E-5 2.35056E-5 1.80958E-5 1.2324E-5 1.56924E-5 3.39452E-5 1.33995E-5 1.49437E-5 1.38228E-5 2.05586E-5 3.27364E-5 2.2087E-5 1.84582E-5 9.26505E-6 8.97659E-6 2.31316E-5 2.27977E-5 2.03644E-5 1.37449E-5 6.0184E-6 3.62503E-6 4.26894E-6 6.20596E-6 6.21256E-6 2.48995E-5 3.06949E-5 2.17026E-5 5.19758E-6 -9999 -9999 4.12403E-6 2.07814E-6 1.03775E-6 7.82295E-7 2.34623E-6 3.57523E-6 2.04346E-6 2.77033E-6 2.66486E-6 2.96834E-6 2.61199E-6 7.467E-7 3.45945E-7 2.02276E-7 1.71223E-7 2.67017E-7
5.4872E-5 5.02561E-5 4.1484E-5 2.07687E-5 2.04591E-5 7.12484E-6 2.23222E-5 3.8264E-5 4.54453E-5 5.08449E-5 2.93785E-5 2.92911E-5 2.01192E-5 1.82226E-5 1.74594E-5 1.73116E-5 2.49906E-5 1.5387E-5 2.97885E-5 2.95165E-5 1.73248E-5 1.41788E-5 2.52401E-5 2.58252E-5 1.93766E-5 2.90517E-5 1.50644E-5 2.37223E-5 1.85367E-5 3.84455E-5 4.06303E-5 2.60918E-5 1.90593E-5 1.75962E-5 1.69469E-5 3.27732E-5 2.91592E-5 2.68909E-5 1.36609E-5 1.26849E-5 8.82992E-6 1.37873E-5 1.92308E-5 2.1317E-5 2.89329E-5 3.31687E-5 2.78048E-5 1.06215E-5 6.2916E-6 -9999 2.62689E-6 3.89632E-6 1.40241E-6 1.86453E-6 4.354E-6 4.6698E-6 1.10161E-5 9.05946E-6 3.76193E-6 3.084E-6 3.47516E-6 1.73773E-6 5.31582E-7 5.95336E-7 3.62152E-7 2.10531E-7
2.2069E-5 4.70771E-6 3.2366E-5 4.20509E-5 2.11796E-5 2.83468E-5 2.61145E-5 2.043E-5 1.65065E-5 3.33833E-5 1.91892E-5 4.4563E-5 3.11918E-5 2.748E-5 5.11557E-5 2.1706E-5 3.18203E-5 3.1674E-5 3.27794E-5 3.26575E-5 3.06454E-5 2.85563E-5 3.19588E-5 2.63535E-5 3.70891E-5 3.13361E-5 2.77094E-5 2.64795E-5 2.753E-5 3.62944E-5 4.39487E-5 4.45847E-5 3.2353E-5 2.65029E-5 3.10617E-5 3.22899E-5 3.68757E-5 3.39596E-5 3.10319E-5 2.07143E-5 1.88726E-5 2.77361E-5 3.28603E-5 1.87071E-5 3.3839E-5 2.2854E-5 3.39743E-5 1.19469E-5 8.93799E-6 7.71951E-6 7.49989E-6 4.83098E-6 3.15232E-6 1.96344E-6 3.17831E-6 9.75893E-6 1.40071E-5 9.06167E-6 2.53842E-6 2.16692E-6 2.07769E-6 2.53885E-6 2.72432E-6 2.7276E-6 1.71442E-6 5.44164E-7
9.90073E-8 7.98279E-8 1.09825E-6 3.96741E-6 1.35512E-5 4.73876E-5 1.70592E-5 2.00793E-5 1.75077E-5 3.01237E-5 3.84342E-5 1.82374E-5 2.81704E-5 2.75953E-5 2.31224E-5 5.26206E-5 4.6643E-5 2.22784E-5 2.59054E-5 2.05572E-5 2.24626E-5 3.21088E-5 3.28464E-5 1.066E-5 2.36195E-5 2.21916E-5 1.80647E-5 1.67086E-5 2.78233E-5 3.18385E-5 4.0342E-5 4.1316E-5 3.15851E-5 2.73907E-5 2.93512E-5 2.46964E-5 4.53024E-5 3.82541E-5 1.74101E-5 2.09826E-5 1.99627E-5 2.96736E-5 3.75901E-5 3.5871E-5 3.89638E-5 4.04759E-5 3.92565E-5 3.21723E-5 2.29741E-5 2.09494E-5 9.26888E-6 8.65224E-6 4.90089E-6 2.23868E-6 3.36859E-6 7.15356E-6 1.81324E-5 5.25015E-6 2.26405E-6 2.37234E-6 2.33682E-6 4.37052E-6 9.89643E-6 6.33469E-6 5.24913E-6 1.5505E-6
7.71879E-8 1.74637E-6 8.51938E-7 3.04598E-7 1.69973E-8 3.19179E-7 1.36544E-6 2.99824E-5 2.75789E-5 2.94833E-5 1.87086E-5 1.09108E-5 3.06661E-5 3.5591E-5 3.72308E-5 2.10049E-5 2.54738E-5 2.03335E-5 1.88334E-5 1.36168E-5 2.01593E-5 3.5137E-5 2.45617E-5 1.70127E-5 1.60746E-5 2.53565E-5 2.87912E-5 2.66649E-5 3.53068E-5 4.17269E-5 3.02473E-5 2.17171E-5 1.83461E-5 3.29896E-5 4.37432E-5 3.28341E-5 4.61003E-5 3.44883E-5 2.62848E-5 1.9113E-5 1.33293E-5 2.39357E-5 4.40344E-5 4.52328E-5 4.64783E-5 3.99694E-5 3.34482E-5 1.73362E-5 1.74976E-5 3.42128E-5 1.50624E-5 9.14166E-6 8.42631E-6 6.64194E-6 6.43775E-6 9.60406E-6 1.75558E-5 6.13858E-6 5.58066E-6 6.16851E-6 5.05699E-6 6.53356E-6 1.44723E-5 1.27633E-5 7.94658E-6 5.27635E-6
1.11285E-6 1.69935E-5 6.27382E-5 3.92155E-5 6.59633E-6 4.06205E-7 7.61521E-7 2.47719E-8 9.16942E-7 4.32857E-7 2.5137E-6 7.40671E-6 2.59353E-6 5.67426E-6 3.20784E-5 2.63212E-5 2.39151E-5 2.48028E-5 3.07547E-5 2.01091E-5 3.34259E-5 3.54358E-5 2.549E-5 2.11268E-5 1.77068E-5 2.72805E-5 3.68178E-5 2.10645E-5 3.04877E-5 3.93029E-5 4.28211E-5 3.54367E-5 3.41617E-5 4.16397E-5 8.82114E-6 3.06365E-5 3.35491E-5 2.79118E-5 2.86463E-5 2.75819E-5 2.76762E-5 3.10747E-5 3.14484E-5 3.70806E-5 4.73303E-5 4.17195E-5 3.44226E-5 3.54899E-5 3.6887E-5 4.54537E-5 2.55547E-5 1.50567E-5 2.01017E-5 1.99515E-5 1.24872E-5 1.61515E-5 2.30352E-5 1.73676E-5 7.13828E-6 6.54152E-6 1.04435E-5 1.70455E-5 3.72933E-5 4.47056E-5 2.05887E-5 1.70944E-5
2.4983E-7 2.49023E-6 6.3239E-6 1.46815E-5 2.97793E-6 8.64808E-7 5.07755E-7 4.55012E-7 2.20404E-6 5.57447E-7 1.02418E-6 7.17172E-7 5.00899E-8 6.47145E-7 4.52501E-6 1.03601E-5 2.2029E-5 3.71674E-5 4.44706E-5 3.8522E-5 3.26142E-5 2.23016E-5 3.17847E-5 3.7413E-5 2.51835E-5 2.74401E-5 3.90941E-5 3.74713E-5 3.88523E-5 2.86471E-5 2.95403E-5 4.44124E-5 4.49475E-5 2.97323E-5 3.13881E-5 2.11343E-5 2.14672E-5 3.9971E-5 3.69581E-5 3.37243E-5 2.95896E-5 3.10009E-5 2.99614E-5 3.60326E-5 4.83364E-5 3.36965E-5 3.38148E-5 4.78147E-5 4.7899E-5 4.75144E-5 4.80254E-5 4.18999E-5 3.52729E-5 3.90929E-5 3.94556E-5 2.43686E-5 3.04406E-5 2.72192E-5 1.60775E-5 1.03186E-5 1.34597E-5 4.17456E-5 9.36778E-5 6.48415E-5 4.91178E-5 4.40758E-5
5.09524E-8 7.82563E-8 2.47203E-7 4.43223E-6 4.72608E-6 5.73713E-6 2.98617E-7 6.29684E-8 2.18261E-6 6.45919E-6 4.05411E-7 1.82193E-7 2.03646E-7 2.71078E-8 4.92307E-8 1.54163E-7 1.72807E-6 8.80592E-6 1.1358E-5 1.57932E-5 2.70974E-5 5.10559E-5 2.22713E-5 3.39053E-5 2.44023E-5 2.53357E-5 2.63225E-5 3.79563E-5 3.87594E-5 8.43505E-5 3.91843E-5 7.24335E-5 5.79409E-5 3.52021E-5 3.30784E-5 3.39744E-5 4.03042E-5 5.22671E-5 5.04238E-5 4.28395E-5 2.48563E-5 4.0332E-5 4.22555E-5 3.15113E-5 4.21669E-5 3.95763E-5 2.31133E-5 3.35085E-5 1.94997E-5 3.0031E-5 3.52904E-5 3.99675E-5 9.20637E-5 4.62843E-5 3.07141E-5 6.99288E-5 6.0923E-5 5.38997E-5 2.86838E-5 2.5153E-5 4.64073E-5 4.36175E-5 3.20485E-5 2.98254E-5 3.28596E-5 2.61756E-5
1.68021E-6 1.09654E-6 1.64371E-6 1.16815E-7 2.41712E-7 4.21816E-6 1.1222E-6 4.77846E-7 4.23959E-7 2.53219E-6 4.55332E-8 2.31833E-7 2.07719E-7 2.88376E-7 1.43554E-8 3.15031E-8 1.38047E-7 1.55137E-8 2.54601E-7 1.09222E-7 7.93713E-7 1.00303E-5 1.2765E-5 5.1259E-5 2.45715E-5 2.72392E-5 2.79803E-5 2.11396E-5 2.36294E-5 2.68579E-5 4.496E-5 2.9402E-5 3.45736E-5 2.95455E-5 4.25998E-5 1.59084E-5 2.96068E-5 2.40598E-5 4.35937E-5 2.7888E-5 3.79735E-5 1.82972E-5 2.58036E-5 1.4147E-5 3.34068E-5 2.11077E-5 2.10399E-5 3.84603E-6 1.87207E-5 3.62533E-5 4.67504E-5 3.08895E-5 2.54768E-5 4.4303E-5 9.26863E-5 8.14532E-5 5.64696E-5 8.5926E-5 3.10913E-5 5.52148E-5 9.56764E-5 4.47288E-5 3.53243E-5 1.18782E-4 1.04322E-4 6.57295E-5
