catData/rasterBestHybridModels/Prubiginosus/RD_BM01_RM1_L/Prubiginosus_median.asc
ncols         409
nrows         350
xllcorner     60.897278365
yllcorner     5.843756025
cellsize      0.0892857
NODATA_value  -9999
[rows 87 to 115 of 350, columns 260 to 324 of 409]
-9999 -9999 -9999 -9999 -9999 -9999 -9999 -9999 -9999 -9999 -9999 -9999 -9999 -9999 -9999 -9999 -9999 -9999 -9999 -9999 -9999 -9999 -9999 -9999 -9999 -9999 -9999 -9999 -9999 -9999 -9999 -9999 -9999 -9999 -9999 -9999 -9999 -9999 -9999 -9999 -9999 -9999 -9999 -9999 -9999 -9999 -9999 -9999 -9999 -9999 -9999 -9999 -9999 -9999 -9999 -9999 -9999 -9999 -9999 -9999 -9999 -9999 -9999 -9999 -9999
5.01454E-6 -9999 -9999 -9999 -9999 -9999 -9999 -9999 -9999 -9999 -9999 -9999 -9999 -9999 -9999 -9999 -9999 -9999 -9999 -9999 -9999 -9999 -9999 -9999 -9999 -9999 -9999 -9999 -9999 -9999 -9999 -9999 -9999 -9999 -9999 -9999 -9999 -9999 -9999 -9999 -9999 -9999 -9999 -9999 -9999 -9999 -9999 -9999 -9999 -9999 -9999 -9999 -9999 -9999 -9999 -9999 -9999 -9999 -9999 -9999 -9999 -9999 -9999 -9999 -9999
4.59814E-6 -9999 -9999 -9999 -9999 -9999 -9999 -9999 -9999 -9999 -9999 -9999 -9999 -9999 -9999 -9999 -9999 -9999 -9999 -9999 -9999 -9999 -9999 -9999 -9999 -9999 -9999 -9999 -9999 -9999 -9999 -9999 -9999 -9999 -9999 -9999 -9999 -9999 -9999 -9999 -9999 -9999 -9999 -9999 -9999 -9999 -9999 -9999 -9999 -9999 -9999 -9999 -9999 -9999 -9999 -9999 -9999 -9999 -9999 -9999 -9999 -9999 -9999 -9999 -9999
-9999 -9999 -9999 -9999 -9999 -9999 -9999 -9999 -9999 -9999 -9999 -9999 -9999 -9999 -9999 -9999 -9999 -9999 -9999 -9999 -9999 -9999 -9999 -9999 -9999 -9999 -9999 -9999 -9999 -9999 -9999 -9999 -9999 -9999 -9999 -9999 -9999 -9999 -9999 -9999 -9999 -9999 -9999 -9999 -9999 -9999 -9999 -9999 -9999 -9999 -9999 -9999 -9999 -9999 -9999 -9999 -9999 -9999 -9999 -9999 -9999 -9999 -9999 -9999 -9999
1.03482E-6 8.91431E-7 -9999 -9999 -9999 -9999 -9999 -9999 -9999 -9999 -9999 -9999 -9999 -9999 -9999 -9999 -9999 -9999 -9999 -9999 -9999 -9999 -9999 -9999 -9999 -9999 -9999 -9999 -9999 -9999 -9999 -9999 -9999 -9999 -9999 -9999 -9999 -9999 -9999 -9999 -9999 -9999 -9999 -9999 -9999 -9999 -9999 -9999 -9999 -9999 -9999 -9999 -9999 -9999 -9999 -9999 -9999 -9999 -9999 -9999 -9999 -9999 -9999 -9999 -9999
1.25468E-6 1.85697E-6 1.72915E-6 -9999 -9999 -9999 -9999 -9999 -9999 -9999 -9999 -9999 -9999 -9999 -9999 -9999 -9999 -9999 -9999 -9999 -9999 -9999 -9999 -9999 -9999 -9999 -9999 -9999 -9999 -9999 -9999 -9999 -9999 -9999 -9999 -9999 -9999 -9999 -9999 -9999 -9999 -9999 -9999 -9999 -9999 -9999 -9999 -9999 -9999 -9999 -9999 -9999 -9999 -9999 -9999 -9999 -9999 -9999 -9999 -9999 -9999 -9999 -9999 -9999 -9999
3.28273E-6 6.0473E-6 2.16335E-6 1.21908E-6 1.38063E-6 3.51419E-6 -9999 -9999 -9999 -9999 -9999 -9999 -9999 -9999 -9999 -9999 -9999 -9999 -9999 -9999 -9999 -9999 -9999 -9999 -9999 -9999 -9999 -9999 -9999 -9999 -9999 -9999 -9999 -9999 -9999 -9999 -9999 -9999 -9999 -9999 -9999 -9999 -9999 -9999 -9999 -9999 -9999 -9999 -9999 -9999 -9999 -9999 -9999 -9999 -9999 -9999 -9999 -9999 -9999 -9999 -9999 -9999 -9999 -9999 -9999
6.95265E-6 5.85773E-6 2.83534E-6 4.22319E-6 2.7959E-6 3.99632E-6 2.44795E-6 -9999 -9999 -9999 3.39979E-6 4.95161E-6 -9999 -9999 -9999 -9999 -9999 -9999 -9999 -9999 -9999 -9999 -9999 -9999 -9999 -9999 -9999 -9999 -9999 -9999 -9999 -9999 -9999 -9999 -9999 -9999 -9999 -9999 -9999 -9999 -9999 -9999 -9999 -9999 -9999 -9999 -9999 -9999 -9999 -9999 -9999 -9999 -9999 -9999 -9999 -9999 -9999 -9999 -9999 -9999 -9999 -9999 -9999 -9999 -9999
4.44521E-6 7.50543E-6 9.3433E-6 8.99893E-6 2.10564E-6 2.90533E-6 5.71931E-6 6.78372E-6 5.64174E-6 1.71063E-6 3.42337E-6 6.21275E-6 -9999 -9999 -9999 -9999 -9999 -9999 -9999 -9999 -9999 -9999 -9999 -9999 -9999 -9999 -9999 -9999 -9999 -9999 -9999 -9999 -9999 -9999 -9999 -9999 -9999 -9999 -9999 -9999 -9999 -9999 -9999 -9999 -9999 -9999 -9999 -9999 -9999 -9999 -9999 -9999 -9999 -9999 -9999 -9999 -9999 -9999 -9999 -9999 -9999 -9999 -9999 -9999 -9999
3.3778E-6 7.52976E-6 1.46167E-5 2.17644E-5 2.90202E-6 2.34824E-6 4.16474E-6 8.63139E-6 6.64271E-6 5.52239E-6 5.42432E-6 2.62172E-6 -9999 -9999 -9999 -9999 -9999 -9999 -9999 -9999 -9999 -9999 -9999 -9999 -9999 -9999 -9999 -9999 -9999 -9999 -9999 -9999 -9999 -9999 -9999 -9999 -9999 -9999 -9999 -9999 -9999 -9999 -9999 -9999 -9999 -9999 -9999 -9999 -9999 -9999 -9999 -9999 -9999 -9999 -9999 -9999 -9999 -9999 -9999 -9999 -9999 -9999 -9999 -9999 -9999
1.22782E-5 1.66593E-5 2.32022E-5 3.3294E-5 6.52957E-6 5.28858E-6 2.9735E-6 6.35374E-6 2.93335E-5 5.70574E-6 8.47455E-7 -9999 -9999 -9999 -9999 -9999 -9999 -9999 -9999 -9999 -9999 -9999 -9999 -9999 -9999 -9999 -9999 -9999 -9999 -9999 -9999 -9999 -9999 -9999 -9999 -9999 -9999 -9999 -9999 -9999 -9999 -9999 -9999 -9999 -9999 -9999 -9999 -9999 -9999 -9999 -9999 -9999 -9999 -9999 -9999 -9999 -9999 -9999 -9999 -9999 -9999 -9999 -9999 -9999 -9999
2.88993E-5 2.92903E-5 3.16712E-5 3.83454E-5 2.82448E-5 1.18616E-5 2.32886E-5 2.86514E-5 5.46989E-5 1.50894E-5 3.5782E-6 3.68474E-6 3.23902E-6 -9999 -9999 9.06085E-6 -9999 -9999 -9999 -9999 -9999 -9999 -9999 -9999 -9999 -9999 -9999 -9999 -9999 -9999 -9999 -9999 -9999 -9999 -9999 -9999 -9999 -9999 -9999 -9999 -9999 -9999 -9999 -9999 -9999 -9999 -9999 -9999 -9999 -9999 -9999 -9999 -9999 -9999 -9999 -9999 -9999 -9999 -9999 -9999 -9999 -9999 -9999 -9999 -9999
4.91861E-5 2.85526E-5 6.64027E-5 6.64073E-5 2.75094E-5 2.63143E-5 5.78718E-5 5.44416E-5 5.96791E-5 4.35744E-5 4.71153E-5 4.23467E-5 1.59017E-5 4.0395E-5 1.60299E-5 1.94087E-5 1.20333E-5 4.62369E-6 -9999 -9999 -9999 -9999 -9999 -9999 -9999 -9999 -9999 -9999 -9999 -9999 -9999 -9999 -9999 -9999 -9999 -9999 -9999 -9999 -9999 -9999 -9999 -9999 -9999 -9999 -9999 -9999 -9999 -9999 -9999 -9999 -9999 -9999 -9999 -9999 -9999 -9999 -9999 -9999 -9999 -9999 -9999 -9999 -9999 -9999 1.76057E-7
7.7623E-5 6.12133E-5 6.78263E-5 6.75952E-5 7.91226E-5 4.09595E-5 4.06351E-5 4.2241E-5 5.63343E-5 2.26601E-5 4.08446E-5 2.51097E-5 3.07059E-5 3.04243E-5 1.75828E-5 6.28278E-6 1.30562E-5 8.99378E-6 6.14101E-6 5.30435E-6 5.73448E-6 -9999 1.22436E-5 -9999 -9999 -9999 -9999 -9999 9.19571E-7 -9999 -9999 -9999 -9999 -9999 -9999 -9999 -9999 -9999 -9999 -9999 -9999 -9999 -9999 -9999 -9999 -9999 -9999 -9999 -9999 -9999 4.88796E-6 -9999 -9999 -9999 -9999 -9999 -9999 -9999 -9999 -9999 -9999 1.01918E-6 9.07841E-7 5.49922E-7 2.11835E-7
3.2384E-5 4.05795E-5 4.81718E-5 5.21896E-5 4.80002E-5 3.01492E-5 5.07236E-5 7.38007E-5 5.67413E-5 7.02831E-5 4.01078E-5 3.88448E-5 6.09146E-5 2.01199E-5 2.48165E-5 4.36681E-5 4.56505E-5 2.75769E-5 1.82143E-5 1.96017E-5 4.37436E-5 -9999 9.23924E-6 2.36619E-5 -9999 -9999 -9999 2.95325E-6 2.25394E-6 2.01927E-6 2.94117E-6 -9999 -9999 -9999 -9999 -9999 -9999 -9999 -9999 -9999 -9999 -9999 -9999 -9999 -9999 -9999 -9999 -9999 5.66236E-6 2.64209E-6 5.93825E-6 3.57877E-6 -9999 -9999 -9999 -9999 -9999 -9999 -9999 2.84845E-6 2.04981E-6 1.42197E-6 1.4147E-6 8.5761E-7 3.84245E-7
5.22868E-5 3.57141E-4 3.25647E-5 4.71914E-5 4.32261E-5 4.60683E-5 4.76924E-5 7.9499E-5 4.68356E-5 4.39828E-5 3.94223E-5 6.77493E-5 2.31048E-5 3.16464E-5 4.10585E-5 3.66565E-5 4.17995E-5 2.92908E-5 3.47996E-5 1.97665E-5 5.01249E-5 1.52393E-5 8.55618E-6 2.47711E-5 1.42136E-5 6.28556E-6 2.65466E-6 4.21144E-6 1.33033E-5 4.17161E-6 3.10086E-6 1.32311E-6 1.51404E-6 4.04313E-7 -9999 -9999 -9999 -9999 -9999 -9999 -9999 -9999 -9999 1.96378E-6 -9999 1.57573E-6 2.92028E-6 3.65001E-6 4.75864E-6 5.19351E-6 3.7707E-6 2.78256E-6 2.91383E-6 -9999 -9999 -9999 -9999 -9999 4.87458E-6 3.69314E-6 2.81551E-6 2.05759E-6 1.81071E-6 1.28799E-6 4.99005E-7
9.16962E-5 4.80587E-5 5.05556E-5 4.63336E-5 4.61311E-5 2.61003E-4 7.2153E-5 7.5588E-5 7.25584E-5 6.76372E-5 3.3917E-5 2.31888E-5 4.29668E-5 4.13045E-5 6.06171E-5 6.94524E-5 4.38385E-5 4.295E-5 6.61693E-5 5.91039E-5 6.06123E-5 2.87717E-5 3.34212E-5 3.16637E-5 1.40489E-5 6.75703E-6 2.95775E-6 4.22611E-6 1.65996E-5 1.88383E-5 1.13901E-5 3.57476E-6 1.47476E-6 1.42238E-6 4.53742E-6 3.09019E-5 4.67675E-5 4.81403E-5 1.66739E-5 6.69933E-6 6.13165E-6 5.51769E-6 4.18055E-6 1.64547E-6 1.0841E-6 1.0509E-6 5.94458E-6 1.02222E-5 1.33842E-5 1.87682E-5 7.26642E-6 1.14021E-5 2.67733E-6 1.76751E-6 -9999 -9999 -9999 -9999 4.80746E-6 4.08862E-6 2.87608E-6 2.36384E-6 2.74307E-6 1.46647E-6 7.2855E-7
7.78549E-5 5.74309E-5 6.05897E-5 2.4243E-4 2.54588E-4 2.53439E-4 2.27966E-4 2.28835E-4 2.67524E-5 4.13402E-5 3.03601E-5 1.68194E-5 5.18382E-5 4.9995E-5 2.11857E-5 3.30098E-5 5.70728E-5 3.88752E-5 7.52986E-5 3.73198E-5 6.54275E-5 4.40581E-5 6.16271E-5 6.24182E-5 3.22822E-5 1.24384E-5 6.21335E-6 6.37008E-6 1.17965E-5 1.59312E-5 6.39411E-6 4.48489E-6 3.52312E-6 3.47836E-6 9.23448E-6 2.37439E-5 3.04598E-5 4.5572E-5 2.2687E-5 9.13457E-6 7.64112E-6 1.27889E-5 5.40445E-6 2.32129E-6 1.52725E-6 6.26119E-7 2.50799E-6 2.97038E-6 9.18654E-6 1.38917E-5 6.90579E-6 1.12525E-5 5.62387E-6 -9999 -9999 -9999 -9999 4.483E-6 4.0669E-6 3.45255E-6 2.52257E-6 2.159E-6 2.90343E-6 2.00177E-6 1.22049E-6
5.05864E-5 6.59422E-5 8.10475E-5 6.95908E-5 5.00272E-5 9.13566E-5 2.43902E-4 3.92084E-4 2.01515E-4 1.16038E-4 3.44155E-5 3.24558E-5 1.82037E-5 1.4184E-5 2.74964E-6 1.67717E-5 3.32485E-5 1.90802E-4 2.14838E-4 3.5284E-5 3.10329E-5 1.93719E-4 3.8121E-5 3.44395E-5 3.45538E-5 2.50499E-5 2.83625E-5 1.79127E-5 2.33965E-5 3.27068E-5 1.36169E-5 1.80045E-5 1.3025E-5 1.31361E-5 2.14336E-5 1.99851E-5 2.22796E-4 2.65737E-5 1.13557E-5 6.36018E-6 2.23663E-5 2.6568E-5 2.084E-5 6.22224E-6 6.8824E-7 9.1165E-7 3.52917E-6 9.57695E-6 1.19886E-4 1.44415E-4 9.57639E-5 1.29203E-5 1.91392E-5 -9999 -9999 -9999 7.46444E-6 5.59842E-6 4.27108E-6 2.79732E-6 2.26012E-6 1.15651E-6 2.42331E-6 3.60676E-6 2.15017E-6
4.72698E-5 8.58961E-5 6.39353E-5 9.15479E-5 7.56356E-5 8.34235E-5 8.52485E-5 8.68167E-5 7.21113E-5 7.30592E-5 1.84752E-4 1.7403E-4 3.37562E-4 9.51218E-6 2.27392E-5 3.04826E-5 3.49451E-5 2.76613E-5 2.04698E-5 8.07104E-6 2.18008E-5 2.5259E-5 2.72645E-5 1.99052E-4 1.90509E-4 2.75624E-5 1.37729E-4 2.1195E-5 2.60131E-5 2.54004E-5 1.46569E-5 1.76346E-5 1.4247E-5 1.07282E-4 1.93644E-4 4.06112E-4 3.81446E-4 1.80477E-4 8.51674E-5 1.78952E-5 1.13571E-5 2.09426E-5 1.44659E-5 4.72381E-5 2.60757E-6 2.72886E-5 6.8949E-5 1.01883E-4 2.6418E-4 1.38482E-5 2.3157E-5 1.87245E-4 1.28175E-5 -9999 -9999 8.51515E-6 5.46719E-6 5.8294E-6 4.03005E-6 2.86429E-6 2.52259E-6 3.75128E-6 4.64183E-6 6.8434E-6 9.44189E-6
3.86728E-5 6.31414E-5 5.89849E-5 5.87778E-5 9.84007E-5 6.02382E-5 5.81493E-5 7.58832E-5 6.57978E-5 7.15379E-5 7.49757E-5 6.94984E-5 3.65646E-5 3.68465E-5 2.33298E-5 2.23369E-5 1.56655E-5 2.11451E-5 2.36328E-5 3.61499E-5 2.54143E-5 2.68706E-5 2.80754E-5 2.34541E-5 2.42329E-5 2.9167E-5 1.52171E-4 1.21169E-4 2.23984E-4 3.78426E-4 1.97101E-4 2.47831E-4 1.98687E-4 3.08929E-5 4.61534E-5 3.38481E-5 2.86574E-5 1.80468E-5 1.64406E-5 2.92208E-5 2.7697E-5 2.59209E-5 2.00434E-5 1.41927E-4 9.01785E-6 1.00296E-5 1.34934E-5 1.22096E-5 2.95762E-5 3.92865E-5 2.67631E-5 1.08608E-4 -9999 -9999 8.68527E-6 6.30171E-6 5.21972E-6 3.82035E-6 1.12023E-5 1.39438E-5 5.75506E-6 7.53213E-6 1.0902E-5 1.07848E-5 7.66552E-6
3.86513E-5 1.07718E-4 5.98461E-5 6.02142E-5 8.8547E-5 8.46159E-5 5.9375E-5 3.38427E-5 3.39256E-5 3.22399E-5 5.18442E-5 6.59919E-5 7.70131E-5 8.36687E-5 2.37786E-4 4.41719E-5 2.93836E-5 2.69357E-5 2.39754E-5 3.18367E-5 4.05681E-5 2.99215E-5 4.4774E-5 4.34745E-5 2.57252E-5 2.2481E-5 3.22215E-5 3.26237E-5 2.91777E-5 3.95578E-5 2.33527E-5 3.29369E-4 2.78323E-5 5.4085E-5 5.88448E-5 3.86288E-5 2.8452E-5 2.41807E-5 2.59593E-5 4.42755E-5 3.56679E-5 3.14237E-5 2.07782E-5 1.88976E-5 1.5176E-5 1.97593E-5 2.4736E-5 2.6751E-5 3.39649E-5 4.29275E-5 3.32296E-5 1.64177E-5 6.99674E-5 -9999 9.4086E-6 1.47164E-5 3.94165E-6 9.53791E-6 1.59735E-5 1.07679E-5 2.62433E-5 2.18985E-5 1.15564E-5 1.07948E-5 2.3383E-5
1.69797E-5 2.75265E-5 1.81889E-5 1.97044E-5 4.32024E-5 1.56177E-5 7.12367E-5 7.6044E-5 3.51181E-5 5.26931E-5 4.91326E-5 1.45988E-4 2.44571E-5 4.5678E-5 3.84355E-5 8.07938E-5 2.46639E-4 2.12471E-4 4.21203E-4 3.32739E-5 4.79848E-5 4.74358E-5 4.80315E-5 4.78102E-5 4.29496E-5 3.74807E-5 4.45372E-5 3.7182E-5 5.16376E-5 4.55057E-5 3.49754E-5 3.09422E-5 3.25426E-5 5.08798E-5 6.74893E-5 6.52163E-5 4.31155E-5 3.12895E-5 3.69785E-5 4.45757E-5 5.07511E-5 4.44101E-5 3.78142E-5 2.671E-5 2.5279E-5 3.34129E-5 4.63499E-5 2.6296E-5 4.91977E-5 3.14363E-5 4.56675E-5 1.81439E-5 1.53083E-5 3.20761E-5 1.2185E-5 1.15382E-5 1.26944E-5 7.56127E-6 8.3936E-6 2.5047E-5 3.28779E-5 2.25366E-5 9.22281E-6 8.32339E-6 6.92103E-6
2.0133E-6 9.5438E-6 3.8898E-5 4.20957E-6 1.66564E-6 1.39699E-6 1.18221E-5 1.91597E-5 3.05436E-5 7.9941E-5 3.48972E-5 1.5534E-4 3.44162E-5 5.57655E-5 5.28778E-5 2.81582E-5 4.93078E-5 4.96433E-5 1.70514E-4 3.98823E-4 3.92229E-4 3.37448E-5 2.55906E-4 3.05966E-5 3.28503E-5 4.73291E-5 4.75323E-5 1.76989E-5 3.52334E-5 3.32865E-5 2.68503E-5 2.43991E-5 3.37206E-5 4.29593E-5 5.9036E-5 5.96267E-5 4.00271E-5 3.19045E-5 3.57967E-5 3.58036E-5 6.15997E-5 5.21355E-5 2.51667E-5 2.74825E-5 2.69642E-5 3.54184E-5 5.59243E-5 5.04314E-5 5.74469E-5 5.92346E-5 5.7327E-5 4.1849E-5 2.97501E-5 2.72329E-5 1.69681E-4 1.5683E-5 5.57829E-5 3.06899E-5 1.68911E-5 1.26462E-5 2.33713E-5 1.06073E-5 2.94907E-5 3.15408E-5 2.85754E-5
1.59019E-6 1.39459E-6 1.88968E-6 9.55725E-7 1.48958E-6 5.497E-6 1.03689E-5 5.9666E-6 8.5146E-7 5.97582E-6 1.29987E-5 6.17029E-5 6.03717E-5 6.31865E-5 3.70418E-5 2.69578E-5 6.88862E-5 5.0068E-5 4.81735E-5 3.42212E-5 2.02352E-4 1.36508E-4 1.77609E-4 2.12207E-5 2.79489E-5 5.05592E-5 3.58899E-5 2.30389E-5 2.66044E-5 3.77942E-5 3.74141E-5 3.28741E-5 5.05428E-5 5.8969E-5 4.50017E-5 2.93894E-5 2.60051E-5 4.10592E-5 5.99444E-5 4.70214E-5 6.30351E-5 4.36249E-5 3.18105E-5 2.62891E-5 1.98089E-5 3.18425E-5 6.69658E-5 6.7146E-5 6.82849E-5 5.93865E-5 4.93011E-5 2.51791E-5 2.53998E-5 4.77169E-5 2.282E-5 8.34581E-5 1.81085E-5 1.54038E-5 1.40075E-5 1.54146E-5 2.33128E-5 6.73895E-5 6.11351E-5 1.50133E-5 1.35934E-5
3.94763E-6 1.00983E-6 1.42346E-6 2.18251E-6 5.6233E-6 4.32982E-5 1.03423E-4 6.21714E-5 2.46604E-5 3.92498E-6 8.64127E-6 1.74708E-6 9.9547E-6 6.61199E-6 1.69928E-5 3.31441E-5 1.84492E-5 2.23118E-5 6.78837E-5 4.09809E-5 5.31244E-5 4.11259E-5 4.41071E-5 3.17005E-5 3.09304E-4 5.39982E-5 3.80838E-5 2.99715E-5 2.77265E-5 4.12186E-5 5.36557E-5 2.9122E-5 4.14304E-5 5.79788E-5 6.38188E-5 5.24286E-5 4.51609E-5 5.86565E-5 1.66869E-5 4.35978E-5 4.34932E-5 3.27619E-5 3.35712E-5 3.37169E-5 3.44533E-5 4.17032E-5 4.6081E-5 5.67858E-5 7.06102E-5 6.23164E-5 4.98512E-5 5.03014E-5 5.57098E-5 6.85789E-5 3.43136E-5 2.2644E-5 2.56198E-4 1.48603E-4 1.08564E-4 1.38742E-4 1.72727E-4 2.35246E-5 1.25829E-5 1.46845E-5 3.31035E-5
9.40173E-6 6.86156E-6 7.97334E-7 7.79279E-7 2.41089E-6 8.35103E-6 1.18428E-5 3.31297E-5 8.87731E-6 4.06734E-6 4.51021E-6 6.78798E-6 1.30977E-5 6.8927E-6 6.77624E-6 9.11228E-6 2.17666E-6 8.56691E-6 1.94175E-5 3.18716E-5 4.73917E-5 7.14399E-5 7.97511E-5 7.41413E-5 6.94677E-5 5.18484E-5 3.0133E-4 5.48845E-5 3.60125E-5 4.10255E-5 5.83345E-5 5.58434E-5 5.84912E-5 4.47191E-5 4.6E-5 6.63617E-5 6.64504E-5 4.38113E-5 4.59151E-5 3.04453E-5 3.01691E-5 5.60348E-5 5.22415E-5 4.69476E-5 3.70721E-5 4.31823E-5 3.99278E-5 5.54978E-5 7.54042E-5 5.12194E-5 5.44086E-5 7.82903E-5 7.93689E-5 7.77064E-5 7.85877E-5 6.4119E-5 5.29956E-5 3.03694E-4 7.48234E-5 3.30895E-5 3.66434E-5 3.31665E-5 4.90027E-5 3.32234E-5 3.67683E-5
2.02001E-6 1.35922E-5 2.10341E-6 3.16402E-6 1.50736E-6 1.52307E-6 2.40019E-6 1.19063E-5 1.23868E-5 1.09861E-5 5.89398E-6 1.32612E-6 1.01551E-5 1.82909E-5 4.03334E-6 4.06985E-6 4.6199E-6 1.64043E-6 2.15337E-6 3.51504E-6 1.17314E-5 2.88773E-5 3.38301E-5 4.13671E-5 6.22098E-5 8.77078E-5 3.57123E-5 2.61298E-4 3.90565E-5 4.02476E-5 4.32047E-5 3.20219E-4 3.30958E-4 5.58891E-4 6.33727E-5 5.76181E-4 5.1635E-4 5.28077E-5 4.61912E-5 4.84526E-5 5.70735E-5 7.49649E-5 7.12373E-5 6.24562E-5 3.40128E-5 6.13612E-5 6.50898E-5 4.85181E-5 6.82879E-5 6.37511E-5 4.17925E-5 5.32169E-5 3.86066E-5 4.97848E-5 5.55877E-5 6.33822E-5 6.6601E-4 4.13194E-4 4.52465E-5 1.01328E-4 9.2807E-5 8.47E-5 4.50239E-5 4.1536E-5 6.23021E-5
1.28058E-6 5.42801E-6 1.28061E-5 4.7327E-6 7.61767E-6 6.41054E-6 7.48751E-6 2.33853E-6 3.06792E-6 9.10686E-6 4.59304E-6 3.50601E-6 7.13155E-6 1.64697E-5 2.14757E-6 5.14333E-6 2.96637E-6 3.42176E-6 1.3159E-6 1.71228E-6 3.65894E-6 7.69953E-7 4.95384E-6 3.36265E-6 8.64572E-6 3.10914E-5 3.60483E-5 8.76615E-5 2.00081E-4 2.20182E-4 2.26124E-4 1.61151E-4 1.9487E-4 2.21219E-4 3.44145E-4 2.37154E-4 2.7984E-4 4.67345E-5 3.75478E-4 2.33798E-5 4.59369E-5 3.49602E-5 6.9581E-5 4.19322E-5 5.92032E-5 3.54919E-5 4.54306E-5 3.12545E-5 5.32287E-5 3.08172E-5 3.08774E-5 1.31914E-5 3.79708E-5 5.62181E-5 3.63761E-4 2.45479E-4 4.65036E-5 7.94789E-5 5.83784E-4 1.16081E-4 9.0149E-5 1.20179E-4 5.05978E-5 7.35127E-5 1.37362E-4
