catData/rasterBestHybridModels/Prubiginosus/RD_BM01_RM1_L/Prubiginosus_median.asc
ncols         409
nrows         350
xllcorner     60.897278365
yllcorner     5.843756025
cellsize      0.0892857
NODATA_value  -9999
[rows 116 to 144 of 350, columns 260 to 324 of 409]
1.606E-6 4.60454E-6 1.06267E-5 7.34204E-6 1.11506E-5 1.18026E-5 2.58913E-5 1.1109E-5 5.17001E-6 5.3795E-6 2.3113E-6 3.33924E-6 8.41414E-6 1.92104E-6 1.91846E-6 6.3853E-6 2.21446E-5 1.37008E-5 3.69763E-6 1.54526E-6 1.82962E-6 1.29282E-6 8.2038E-7 1.98591E-6 8.46847E-7 6.49709E-7 3.95503E-6 2.84063E-5 8.59026E-5 6.20996E-5 9.49759E-5 1.68055E-5 2.05438E-5 3.68225E-5 1.7563E-6 3.4634E-5 1.03884E-4 9.73249E-5 1.19881E-4 9.42169E-5 4.83545E-5 6.7881E-5 5.15038E-4 2.26418E-4 1.37584E-4 9.17845E-6 4.43108E-5 6.91477E-6 8.8438E-6 4.48385E-5 2.29924E-5 1.142E-5 1.78732E-5 8.96493E-5 1.71479E-4 3.30833E-5 9.99492E-5 1.32847E-4 1.1588E-4 8.92937E-5 8.79416E-5 1.07234E-4 9.88883E-5 1.20129E-4 7.81796E-5
2.65413E-6 4.59894E-6 1.10668E-6 1.01903E-5 3.41618E-6 6.69783E-6 1.60265E-5 2.76435E-5 1.69294E-5 1.49706E-5 6.42287E-6 7.73698E-7 3.20779E-6 1.33388E-6 2.30596E-6 2.63074E-6 6.52295E-6 2.62322E-5 3.11919E-6 1.74599E-6 1.15792E-6 1.37791E-6 2.05553E-6 8.93722E-7 6.8707E-7 1.58632E-6 2.79844E-6 1.09549E-6 1.72855E-6 3.59757E-6 4.47944E-6 1.21817E-5 5.80956E-5 2.58718E-6 3.61437E-6 1.93813E-6 2.31E-6 1.15313E-5 5.69527E-5 1.1334E-4 1.23146E-4 1.23794E-4 1.24465E-4 2.20967E-5 3.31499E-5 3.72798E-5 1.7261E-5 8.78544E-6 3.24176E-6 2.28064E-5 2.51179E-4 2.70693E-5 1.63183E-5 4.53871E-5 1.6926E-4 8.39192E-5 1.29875E-5 5.8098E-5 5.16121E-5 6.50546E-5 6.62688E-5 7.24342E-5 9.52317E-6 7.07167E-5 1.34874E-5
4.19741E-6 3.04528E-6 1.2953E-6 6.09703E-6 1.03661E-5 1.03841E-5 4.85809E-6 2.19093E-6 2.64655E-6 5.13245E-6 9.46945E-6 1.14888E-6 6.02569E-6 1.69716E-6 2.47901E-6 6.7832E-6 9.91736E-6 1.52581E-5 4.72579E-6 9.78503E-6 3.23957E-6 6.88869E-7 9.9502E-7 2.88702E-6 9.47902E-7 8.96407E-7 1.57796E-6 9.85129E-7 1.13777E-6 3.29059E-6 5.39686E-6 1.55622E-5 2.00903E-6 1.41652E-6 1.64619E-6 2.11704E-6 7.14027E-6 3.04818E-6 2.36769E-5 7.6484E-5 1.27983E-4 7.33572E-5 3.7831E-5 2.50545E-5 1.06366E-5 3.94471E-6 1.9102E-5 6.12607E-6 1.67503E-6 1.83579E-5 4.54585E-5 1.64676E-5 2.16511E-5 2.56816E-6 2.24208E-5 2.98849E-5 4.59372E-5 2.75248E-5 3.72609E-5 5.09302E-5 1.4465E-5 3.90374E-5 2.3369E-5 2.21239E-5 1.94936E-5
9.25883E-7 2.78255E-6 1.39567E-6 5.02385E-6 8.74052E-6 1.24413E-5 6.49175E-6 1.00166E-5 1.86763E-6 3.84576E-6 3.84014E-6 2.25166E-6 1.43188E-6 6.67919E-7 2.62633E-6 2.57201E-6 1.74094E-6 6.3437E-6 4.13599E-6 5.30435E-6 9.44967E-7 1.03511E-6 5.99546E-7 6.11616E-7 8.10906E-7 7.28059E-7 9.72821E-7 6.51127E-7 7.57339E-7 3.31413E-6 1.72358E-5 2.47896E-6 4.40884E-6 2.86265E-6 2.10846E-6 4.59053E-6 3.1541E-6 7.41254E-6 1.26358E-5 4.3179E-5 3.83482E-5 2.88193E-5 2.05264E-5 1.41083E-5 1.02471E-5 5.5411E-6 4.20964E-6 1.7585E-5 5.91E-6 1.43588E-6 3.25532E-6 5.52127E-6 3.63915E-5 2.60548E-6 4.00279E-5 1.13956E-4 2.91479E-5 8.37795E-5 4.83887E-5 1.40022E-4 5.68048E-5 6.64128E-5 4.31265E-5 2.88389E-5 3.52318E-5
1.0553E-6 3.35356E-6 2.02111E-6 3.3303E-6 5.28791E-6 8.18104E-6 2.60196E-6 6.49426E-6 4.25692E-6 8.99694E-6 3.39852E-6 2.97418E-6 1.49866E-6 9.10679E-7 6.61371E-7 8.6396E-6 4.78059E-6 9.10727E-7 5.4695E-6 3.01173E-6 6.41114E-6 6.68069E-6 1.15487E-6 4.72166E-7 7.33465E-7 5.88635E-7 6.28499E-7 1.31076E-6 7.12699E-6 1.44518E-5 1.09705E-6 1.30527E-6 8.56032E-7 1.00203E-6 1.33456E-6 2.01921E-6 5.6361E-6 2.59465E-6 2.15375E-6 4.09742E-5 5.3278E-5 6.12583E-5 4.9015E-5 6.6569E-5 9.10683E-6 2.79864E-6 1.77647E-6 2.04903E-6 1.4329E-6 1.49261E-6 3.50076E-6 3.27502E-6 3.56248E-6 1.28686E-5 1.07491E-5 4.12257E-5 1.99028E-5 6.38651E-5 4.09255E-5 2.75287E-5 4.73871E-5 9.64904E-5 1.01048E-4 7.03825E-5 4.38217E-5
1.25935E-5 9.33801E-6 1.82768E-6 5.27923E-6 4.39482E-6 6.87389E-6 6.27276E-6 3.28333E-6 1.39142E-5 8.53776E-6 8.73426E-6 2.72205E-6 1.72295E-6 1.98664E-6 6.05764E-7 2.09722E-6 1.70027E-5 4.54745E-6 4.36142E-6 2.91183E-6 4.67391E-6 7.0434E-7 9.7526E-7 7.12271E-7 7.15548E-7 1.43865E-6 1.6794E-6 1.06348E-5 1.22136E-5 1.81006E-6 1.07333E-6 1.3344E-6 8.25046E-7 1.1806E-6 1.58418E-6 2.06826E-6 3.28659E-6 3.92085E-6 1.6471E-6 2.09706E-5 3.31728E-5 3.75584E-5 3.71329E-5 3.76152E-5 1.04416E-5 2.71435E-6 2.46648E-6 1.2651E-6 1.4773E-6 2.05577E-6 4.58925E-6 1.07373E-5 3.04895E-5 2.54555E-5 1.19144E-5 7.11291E-6 1.97586E-5 1.58093E-5 1.43634E-4 1.03481E-4 9.35764E-5 8.81824E-5 7.15588E-5 8.03751E-5 1.6041E-5
1.09552E-5 2.98344E-6 4.75432E-6 6.05099E-6 6.34805E-6 1.1508E-5 6.47684E-6 5.92426E-6 9.77914E-6 9.83296E-6 4.59295E-6 5.39146E-6 6.78371E-6 1.04542E-6 4.48643E-6 3.81505E-6 4.22323E-6 1.33886E-5 8.07191E-6 7.16147E-6 5.24508E-6 6.72077E-6 6.84886E-7 1.43725E-6 5.59559E-6 7.16767E-6 1.29693E-5 1.8308E-5 1.37006E-6 1.83979E-6 1.63007E-6 1.59459E-6 1.27777E-6 1.24605E-6 2.1913E-6 1.44629E-6 2.07837E-6 8.96251E-6 5.16885E-6 4.42784E-6 9.19778E-6 5.87029E-6 4.77434E-6 2.74105E-6 1.35279E-6 1.55329E-6 1.48428E-6 1.97518E-6 1.37103E-6 1.56761E-6 4.21394E-6 2.96825E-5 4.31652E-5 3.73478E-5 2.62459E-6 1.92182E-5 4.62815E-5 3.54315E-5 3.66166E-5 7.59949E-5 8.84079E-5 1.11684E-5 1.43636E-5 6.16379E-5 2.93278E-5
1.75189E-5 3.50537E-6 3.19018E-6 1.13898E-5 6.06512E-6 6.49254E-6 9.70133E-6 5.58135E-6 9.76402E-6 4.76126E-6 8.18332E-6 5.95523E-6 3.46225E-6 1.66813E-6 9.6395E-7 1.76288E-6 5.05403E-6 2.22507E-5 1.55942E-5 1.03514E-5 9.91467E-7 5.83525E-6 3.01351E-6 8.61518E-6 7.94751E-6 1.92488E-5 1.71972E-5 1.37764E-6 7.16543E-6 4.30029E-6 1.39016E-6 3.28508E-6 1.26231E-6 2.19778E-6 4.03163E-6 1.35485E-6 2.64642E-6 1.95943E-6 3.50273E-5 1.43611E-5 3.1204E-5 5.76155E-6 2.48765E-6 1.10234E-6 1.64639E-6 1.94823E-6 1.32735E-6 1.55608E-6 1.95572E-6 1.69655E-6 2.96758E-6 5.31466E-6 9.66535E-6 7.87407E-6 2.73918E-5 3.17067E-5 3.42144E-5 3.36437E-5 4.32705E-5 3.10638E-5 1.58981E-5 5.00895E-6 2.27294E-6 2.60561E-5 8.49072E-5
3.07489E-6 1.68513E-5 6.98105E-6 4.3389E-6 9.68022E-6 1.10071E-5 5.78932E-6 3.02447E-6 2.40366E-6 6.23128E-6 1.14158E-5 4.3424E-6 2.75151E-6 1.16767E-6 6.0007E-7 4.58562E-7 1.29822E-6 1.42904E-6 1.83836E-6 7.31457E-6 1.19342E-5 9.29389E-6 5.85202E-6 5.7304E-6 8.99023E-6 2.31589E-5 6.01534E-6 4.14517E-6 1.48209E-5 1.54329E-5 5.02085E-6 2.20313E-6 1.17984E-6 1.14594E-6 2.33267E-6 1.52864E-6 2.0894E-6 2.35917E-6 2.1459E-6 3.14458E-5 1.71502E-5 5.42741E-6 1.39229E-6 2.6362E-6 2.06978E-6 2.02508E-6 3.03217E-6 2.04076E-6 1.60204E-6 1.8991E-6 1.30719E-6 2.31876E-6 2.24832E-6 1.53432E-6 4.99332E-6 1.56689E-5 2.06988E-5 1.93015E-6 5.90902E-6 1.09316E-5 2.5329E-5 1.89828E-6 7.59829E-7 1.05563E-5 4.66039E-5
2.95335E-6 3.08625E-6 5.47772E-6 7.43019E-6 2.3091E-5 8.2528E-6 3.1986E-6 2.78488E-6 2.78686E-6 2.21381E-6 2.64688E-6 6.40502E-6 1.18725E-5 1.69943E-6 2.45711E-6 1.70852E-6 2.2389E-6 1.65028E-6 3.60637E-6 9.62071E-6 7.12884E-6 1.22785E-5 6.70849E-6 2.15015E-6 1.82336E-5 3.83447E-5 3.61341E-6 9.28987E-6 1.32079E-5 9.37759E-6 1.51139E-6 1.41109E-6 1.37245E-6 1.33232E-6 1.28967E-6 1.3427E-6 2.44643E-6 4.27493E-6 1.28763E-6 9.27348E-6 1.08435E-5 8.38499E-6 3.99538E-6 3.08259E-6 1.89901E-6 1.96924E-6 2.10326E-6 4.00415E-6 2.61639E-6 2.62078E-6 1.27084E-6 2.3949E-6 1.75057E-6 2.82058E-6 7.03055E-6 3.27183E-6 2.93175E-6 9.9658E-6 7.77352E-6 8.01123E-6 4.26296E-6 7.62407E-6 1.28544E-6 1.47172E-5 4.33433E-5
6.94461E-6 1.63543E-6 5.83838E-6 7.8419E-6 9.21473E-6 1.79971E-5 1.01327E-5 3.68708E-6 2.85108E-6 5.06205E-6 4.01457E-6 1.49131E-5 5.70168E-6 5.9156E-6 4.29341E-6 4.70507E-6 1.08907E-5 5.74279E-6 7.14013E-6 8.88071E-6 5.9929E-6 3.55285E-6 6.95605E-6 1.5297E-5 3.82878E-5 1.45942E-5 3.03548E-6 1.54115E-5 1.05789E-5 1.7752E-6 1.9415E-6 2.30361E-6 1.32249E-6 1.33234E-6 1.64071E-6 4.72455E-6 6.23279E-6 5.72955E-6 1.43103E-6 6.37369E-6 1.55453E-5 3.99841E-6 5.52533E-6 9.55972E-6 2.64561E-6 3.26067E-6 3.02002E-6 4.52673E-6 2.65498E-6 1.22184E-6 1.33975E-6 1.79057E-6 2.929E-6 2.87758E-6 9.79705E-7 1.3489E-6 1.25663E-6 5.89509E-6 7.36384E-6 7.00361E-6 1.98628E-6 2.59851E-6 1.57371E-5 3.54409E-5 1.41992E-5
1.19534E-5 9.2907E-6 1.29006E-5 8.54715E-6 1.76639E-5 1.45585E-5 1.3391E-5 1.92971E-5 1.66417E-5 3.86108E-5 5.42988E-5 1.08661E-5 3.58453E-6 3.28362E-6 4.31729E-6 4.71579E-6 1.37875E-5 1.48154E-5 6.99242E-6 8.69522E-6 5.01561E-6 1.23212E-6 1.43596E-6 1.09811E-6 6.17694E-6 1.2993E-5 1.21621E-5 5.3525E-6 3.5449E-6 1.35128E-6 1.25877E-6 1.1657E-6 1.12164E-6 1.6987E-6 1.78836E-6 2.17432E-6 2.98679E-6 7.35392E-6 2.94139E-6 1.81979E-6 4.93976E-6 3.5365E-6 1.8489E-6 2.68898E-6 2.61251E-6 2.63469E-6 3.95909E-6 2.84461E-6 1.96723E-6 1.57166E-6 1.74099E-6 3.47226E-6 6.11498E-6 1.83525E-6 2.00784E-6 1.30808E-6 1.67667E-6 3.97258E-6 1.26281E-6 9.95525E-7 5.46044E-6 8.71088E-7 5.07244E-6 2.06711E-5 3.76575E-6
4.68495E-6 8.19556E-6 4.33538E-6 7.39343E-6 1.89058E-6 4.47127E-6 7.56698E-6 5.61424E-6 2.46808E-6 2.46462E-6 2.65472E-5 5.92911E-5 1.57615E-5 1.59985E-5 9.01093E-6 1.00864E-5 2.1061E-5 1.37792E-5 8.18122E-6 3.69993E-6 3.60606E-6 4.29106E-6 3.92793E-6 3.15118E-6 3.4775E-6 2.13657E-6 1.44769E-5 3.21665E-5 6.25111E-6 1.52487E-6 1.95414E-6 1.16455E-6 1.89037E-6 1.27472E-6 1.40192E-6 1.1942E-6 1.1867E-6 2.28225E-6 3.49121E-6 8.35834E-7 2.14437E-6 2.11516E-6 2.28712E-6 1.77874E-6 3.97175E-6 8.53016E-6 5.58391E-6 2.67865E-6 1.14809E-6 3.12522E-6 3.97383E-6 2.28393E-6 3.30403E-6 3.27297E-6 2.7581E-6 1.93756E-6 1.42477E-6 2.85287E-6 1.2673E-6 7.6677E-7 3.13854E-6 1.40014E-6 4.16304E-6 6.97136E-6 4.13414E-7
3.82097E-6 2.52465E-6 2.19672E-6 2.19341E-6 3.30763E-6 1.33473E-6 1.39287E-6 7.95226E-6 8.77085E-7 6.07213E-7 1.10174E-6 1.46291E-6 3.57469E-6 2.53172E-5 6.3202E-5 3.84013E-5 3.5833E-5 2.61619E-5 5.27078E-5 1.79837E-5 1.42458E-5 7.47705E-6 6.68151E-6 8.47799E-6 7.59781E-6 4.65928E-6 2.78558E-5 2.46172E-5 1.84429E-5 2.08676E-5 9.99089E-6 5.10308E-6 3.67307E-6 4.07206E-6 4.7121E-6 1.6245E-6 2.22178E-6 2.05138E-6 5.78358E-6 8.61049E-7 1.97629E-6 1.94038E-6 1.87158E-6 1.01885E-6 2.78106E-6 2.59985E-6 1.97307E-6 9.00894E-7 1.47736E-6 1.87938E-6 2.38765E-6 2.5058E-6 2.55369E-6 1.48087E-6 4.59475E-6 1.95556E-6 1.4333E-6 2.52519E-6 1.38122E-6 9.40965E-7 9.80631E-7 3.54112E-6 1.22521E-5 5.17727E-6 6.39081E-7
7.71691E-7 7.70501E-7 5.94551E-7 8.05441E-7 9.81275E-7 6.19321E-7 1.30849E-6 4.06418E-6 6.12072E-7 2.11347E-6 3.70267E-6 2.83842E-6 3.94032E-6 4.94819E-6 7.63108E-6 1.89887E-5 5.55394E-6 4.73592E-6 2.47091E-6 2.49742E-5 5.91055E-5 1.62935E-5 1.5713E-5 1.79495E-5 1.18136E-5 4.11012E-5 4.13825E-5 3.96594E-5 1.89571E-5 2.71961E-5 2.72216E-5 1.83201E-5 1.82507E-5 1.83981E-5 4.97353E-5 3.05093E-5 3.49122E-5 4.01032E-5 2.1234E-5 3.29108E-6 8.46541E-6 5.13417E-6 1.82877E-6 1.46392E-6 3.78977E-6 3.61489E-6 1.1724E-6 8.49537E-7 1.8301E-6 1.43392E-6 8.58244E-6 4.59644E-6 2.25478E-6 2.89119E-6 3.40168E-6 1.4301E-6 2.53038E-6 1.99887E-6 2.23957E-6 1.32666E-6 8.75921E-7 1.40246E-6 3.13735E-5 2.71622E-6 7.45251E-6
5.48611E-7 7.78056E-7 5.47282E-7 6.25813E-7 6.27412E-7 6.2559E-7 2.06312E-6 1.62919E-6 1.23183E-6 5.56786E-6 2.04406E-6 6.29877E-7 1.79251E-6 1.93868E-6 9.32998E-7 1.35383E-6 1.87217E-6 1.00649E-6 4.69776E-6 1.51554E-5 3.5095E-5 4.65808E-5 2.76455E-5 1.84008E-5 4.16513E-5 6.94415E-5 3.26946E-5 3.51423E-5 5.49561E-5 2.20239E-5 4.384E-5 3.24448E-5 2.02893E-5 9.88716E-6 4.75408E-5 1.47228E-5 3.14737E-5 2.06045E-5 2.34378E-5 3.82337E-5 4.73587E-5 7.89119E-6 1.68715E-6 3.80009E-6 1.6261E-6 3.48436E-6 1.20063E-6 1.50326E-6 3.55007E-6 1.85545E-6 1.58653E-6 4.65369E-6 2.26396E-6 1.79073E-6 4.7129E-6 1.50763E-6 3.50984E-6 2.46524E-6 4.92868E-6 1.45152E-6 1.34406E-6 4.44354E-6 2.66859E-5 1.42333E-6 9.48537E-6
7.85261E-7 7.87802E-7 6.32798E-7 6.34695E-7 7.6482E-7 2.63541E-6 3.14211E-6 1.43222E-6 1.03707E-6 2.60053E-6 2.60227E-6 6.56243E-7 6.88112E-7 8.1915E-7 7.8586E-7 1.43291E-6 6.39767E-7 2.5435E-6 8.81711E-6 9.71059E-6 3.72735E-5 2.14004E-5 3.99494E-5 2.47779E-5 1.42533E-5 1.18767E-5 7.96932E-6 1.42175E-5 2.81394E-5 3.00102E-5 3.37899E-5 3.28387E-5 1.77225E-5 3.82506E-5 3.9918E-5 4.48661E-5 9.63424E-6 8.94271E-6 5.92049E-6 1.9973E-5 2.46793E-5 1.61908E-5 4.46246E-6 2.08062E-6 3.53764E-6 2.52271E-6 1.26644E-6 1.82561E-6 5.62674E-6 1.26112E-6 1.21043E-6 3.53912E-6 2.37847E-6 3.14333E-6 1.876E-6 1.24508E-6 1.36866E-6 2.81529E-6 1.94655E-6 1.24767E-6 8.99391E-7 4.96919E-6 2.09555E-5 8.49855E-7 1.67625E-6
1.04736E-6 8.35019E-7 6.39667E-7 1.76554E-6 4.2323E-6 1.06287E-6 9.17225E-7 1.10054E-6 2.08649E-6 1.45118E-6 1.00498E-6 9.58036E-7 7.30089E-7 4.32573E-6 1.14896E-6 4.56808E-6 1.17571E-6 3.57842E-6 1.08589E-5 5.05568E-6 1.3623E-5 4.71614E-6 4.14907E-6 5.90647E-6 1.05915E-5 1.16479E-5 3.11726E-5 3.64469E-6 1.85646E-6 4.23635E-6 6.66619E-6 1.19445E-6 3.64932E-6 7.54365E-6 6.13445E-6 2.89059E-6 1.91773E-6 1.50527E-6 5.72969E-6 2.58815E-5 1.90624E-5 3.17041E-5 5.78423E-6 8.06777E-6 1.90683E-6 1.22072E-6 1.07049E-6 4.63948E-6 4.31103E-6 4.17444E-6 1.36971E-6 3.43891E-6 3.44039E-6 2.29538E-6 1.04823E-6 1.15687E-6 1.26197E-6 1.32623E-6 2.30203E-6 2.21292E-6 1.21581E-6 6.27326E-6 1.09206E-5 1.24809E-6 7.08262E-7
1.0803E-6 4.61455E-7 1.08831E-6 6.56092E-6 6.48598E-7 1.80007E-6 7.11663E-6 1.19427E-5 6.24089E-6 8.85282E-6 1.02291E-6 1.01748E-6 6.45592E-7 1.1816E-6 8.94258E-7 3.88639E-6 3.53383E-6 1.29592E-6 8.39403E-6 4.81179E-6 1.03241E-5 1.01493E-6 2.4576E-6 3.66283E-6 2.77607E-5 4.96647E-5 1.30057E-5 1.30187E-6 1.23694E-6 1.23416E-6 1.22831E-6 1.79978E-6 8.36866E-7 8.30312E-7 2.38568E-6 1.41303E-6 2.1109E-6 1.40742E-6 6.84948E-6 6.61715E-6 7.5317E-6 3.57172E-5 3.73539E-6 3.31633E-6 2.17814E-6 1.9855E-6 7.03094E-6 2.0055E-6 8.47442E-6 6.21355E-6 6.145E-6 3.21775E-6 1.32975E-6 1.68228E-6 1.42967E-6 1.22427E-6 1.24238E-6 8.94689E-7 1.25943E-6 1.38109E-6 1.63908E-6 7.63857E-6 1.0337E-5 4.86332E-7 4.60026E-7
8.57806E-7 1.69083E-6 3.95341E-6 7.60938E-7 9.93463E-7 2.3754E-6 1.36945E-6 2.3637E-6 1.08231E-5 1.10189E-5 1.05426E-5 1.24426E-6 2.0857E-6 3.35832E-6 5.6624E-6 3.35198E-6 1.57718E-6 1.82068E-6 2.35484E-6 4.43473E-6 7.27758E-6 9.64157E-7 1.00806E-6 3.39423E-6 1.05351E-5 6.975E-6 7.69481E-6 3.11625E-6 1.63608E-6 1.70904E-6 1.96234E-6 1.79376E-6 1.20941E-6 1.20724E-6 2.82323E-6 1.842E-6 4.22505E-6 6.81456E-6 7.0916E-6 8.09936E-6 3.86724E-6 3.36631E-6 1.0237E-5 5.51985E-6 1.56748E-6 8.44299E-6 7.89077E-6 9.57183E-6 8.98119E-6 1.40429E-5 2.37955E-6 1.40012E-6 1.23456E-6 2.22932E-6 1.47965E-6 2.94928E-6 1.23647E-6 1.24913E-6 1.41147E-6 9.1166E-7 1.34332E-6 2.2312E-5 5.15807E-6 3.56691E-7 3.8618E-7
4.62472E-6 9.55823E-6 7.95526E-7 7.42032E-7 1.33775E-6 1.13096E-6 1.51608E-5 1.45583E-5 1.18645E-5 6.22555E-6 2.18013E-6 2.4507E-6 4.34827E-6 1.06255E-5 2.9453E-6 5.41197E-6 3.83235E-6 5.10236E-6 5.42326E-6 3.21791E-6 4.97392E-6 2.76067E-6 9.15058E-6 2.11965E-6 3.41689E-6 2.17876E-5 3.84102E-5 9.10422E-6 9.38275E-6 2.15447E-5 1.85417E-5 4.63814E-6 1.26127E-6 1.53695E-6 4.39627E-6 2.34353E-6 2.66363E-6 1.18458E-5 1.81873E-6 5.73805E-6 1.21035E-5 1.90628E-6 1.49924E-5 6.04621E-6 4.08196E-6 1.80351E-6 4.07449E-6 1.65118E-5 4.33667E-5 1.56119E-5 1.93205E-6 3.2538E-6 1.24389E-6 4.56442E-6 4.25284E-6 1.2926E-6 1.24798E-6 1.25382E-6 1.75708E-6 1.21854E-6 1.24321E-6 2.18105E-5 2.89763E-6 3.58083E-7 2.5176E-7
3.62581E-5 2.34409E-6 8.90262E-7 1.02286E-6 5.71061E-6 2.33002E-5 1.39753E-5 7.86112E-6 1.08925E-5 9.89027E-6 4.44448E-6 8.56659E-6 5.09873E-6 5.07797E-6 2.5885E-6 2.97525E-6 4.48356E-6 7.55922E-6 1.55387E-5 1.03523E-5 1.22753E-5 1.96619E-5 2.18793E-5 1.11504E-5 1.10959E-5 1.60359E-5 4.48986E-5 2.01731E-5 5.98615E-5 5.34626E-5 6.61317E-5 6.89154E-6 1.3134E-6 2.2108E-6 5.30143E-6 5.71528E-6 1.09999E-5 1.44767E-5 3.23002E-6 1.4589E-5 1.64781E-6 1.07641E-6 2.19105E-5 2.68294E-6 2.96717E-6 1.60554E-6 7.04922E-6 1.13327E-5 3.58979E-5 5.1075E-5 5.40076E-6 3.65603E-6 3.12077E-6 8.00322E-6 4.01334E-6 1.26733E-6 1.25928E-6 1.26718E-6 1.50105E-6 1.51736E-6 1.77329E-6 7.42379E-6 8.93295E-6 3.87245E-7 2.16069E-7
4.52686E-6 1.24448E-6 9.67726E-6 7.65682E-6 9.63837E-6 2.58134E-5 1.5945E-5 8.34953E-6 1.05228E-5 4.70788E-6 1.01043E-5 1.36755E-5 6.23256E-6 7.84178E-6 1.61697E-6 9.57107E-7 4.80809E-6 1.26784E-5 2.54811E-5 2.2514E-5 1.17179E-5 1.69068E-5 2.73491E-5 7.21984E-5 3.78121E-5 3.93137E-5 1.11566E-5 5.0971E-5 6.87066E-5 4.45171E-5 8.41053E-5 4.05364E-5 1.82965E-5 1.2753E-5 5.70593E-5 5.22759E-5 3.87623E-6 1.80051E-5 3.67723E-5 7.82891E-6 2.10564E-6 1.18445E-6 1.83571E-5 2.79458E-6 1.06386E-6 3.0691E-6 4.85498E-6 6.99918E-6 3.20793E-5 1.16732E-5 1.51235E-5 4.48686E-6 5.983E-6 1.00169E-5 2.15495E-5 1.87079E-6 1.29308E-6 9.20412E-7 1.28555E-6 1.63467E-6 1.32519E-6 2.33062E-6 1.37561E-5 1.02627E-6 1.84111E-7
5.17123E-6 2.78769E-6 2.47467E-6 1.30341E-5 1.3732E-5 2.71225E-5 2.30634E-5 5.33853E-6 1.65822E-5 1.20621E-5 6.51143E-6 5.29059E-6 7.47861E-6 2.01796E-5 8.96422E-6 4.53886E-6 1.58512E-5 2.6519E-5 2.84733E-5 2.63464E-5 3.78194E-5 3.60312E-5 2.85701E-5 2.60177E-5 4.96545E-5 2.47868E-5 4.6012E-5 7.6975E-5 4.08112E-5 3.23182E-5 6.77692E-5 4.81309E-5 3.58546E-5 1.16981E-5 9.98805E-6 2.71651E-5 9.5523E-6 3.76143E-5 1.89938E-5 1.48878E-6 1.4897E-6 2.92533E-6 1.27786E-5 1.64771E-5 9.35894E-6 1.17168E-5 6.25727E-6 1.34961E-5 6.75532E-6 1.11956E-5 1.84417E-5 5.05672E-5 3.19402E-5 1.75096E-5 3.82107E-5 8.36831E-6 2.65029E-6 1.33315E-6 1.32644E-6 1.88975E-6 1.18151E-6 1.07566E-6 1.00434E-5 2.51096E-6 1.94517E-7
1.03435E-5 1.41127E-5 1.32869E-5 1.42742E-5 3.70063E-5 1.20941E-5 1.26001E-5 9.12162E-6 3.42205E-6 1.70986E-5 1.28212E-5 1.54373E-5 8.84926E-6 1.46626E-5 6.51023E-5 5.98127E-5 3.3169E-5 2.95162E-5 4.61613E-5 1.88624E-5 1.95981E-5 3.24088E-5 4.14863E-5 7.53594E-5 4.69569E-5 6.08999E-5 7.62743E-5 7.44215E-5 7.91172E-5 8.04916E-5 7.84621E-5 8.51721E-5 4.91798E-5 7.987E-5 2.57824E-5 1.21951E-5 1.00763E-5 2.36714E-5 7.17437E-6 1.60501E-6 2.01382E-6 2.23072E-6 7.03024E-6 3.56117E-5 1.07738E-5 1.67293E-5 5.32932E-6 7.81143E-6 9.96203E-6 1.13787E-5 1.74346E-5 4.50228E-6 6.87575E-6 2.172E-5 7.85885E-6 1.76439E-5 1.08784E-5 2.22998E-6 1.37023E-6 2.22465E-6 1.00391E-6 6.07325E-7 5.0619E-6 6.49628E-6 5.3532E-7
1.09382E-5 3.18929E-5 1.04919E-5 4.23737E-6 1.0882E-5 1.98046E-5 1.02041E-5 2.93646E-5 2.62953E-5 2.28615E-5 1.78405E-5 1.63818E-5 5.75718E-5 3.67365E-5 4.26425E-5 7.81878E-5 3.53458E-5 3.20187E-5 3.51435E-5 3.6953E-5 6.65813E-5 5.34727E-5 7.82771E-5 7.82114E-5 7.95248E-5 5.47733E-5 8.29462E-5 8.00968E-5 4.63175E-5 8.16965E-5 4.65726E-5 8.70819E-5 5.54698E-5 8.93621E-5 1.25939E-5 1.79633E-5 1.07871E-5 4.76177E-5 6.42466E-6 2.24234E-6 2.67645E-6 1.53318E-6 2.10106E-6 6.07999E-6 1.72796E-5 1.5266E-5 7.10164E-6 2.17763E-5 3.67229E-6 2.78177E-6 2.60993E-6 3.99043E-6 7.3032E-6 1.52051E-6 1.77936E-6 1.73231E-5 1.82972E-5 4.20749E-6 9.56639E-6 1.38569E-6 8.40364E-7 8.66038E-7 1.37755E-6 7.04683E-6 2.99608E-7
2.33507E-5 4.72082E-5 2.5614E-5 5.17327E-6 3.80404E-5 5.58058E-5 1.75047E-5 3.86643E-5 1.54285E-5 2.82454E-5 1.7426E-5 3.63227E-5 1.35249E-4 1.37215E-4 1.40801E-4 1.4459E-4 4.51513E-5 4.64865E-5 4.54723E-5 3.34498E-5 7.95295E-5 7.88384E-5 7.95516E-5 8.00823E-5 8.13713E-5 3.0301E-5 7.8404E-5 5.84745E-5 8.04692E-5 6.50493E-5 5.82982E-5 8.84841E-5 8.13898E-5 7.44319E-5 5.13402E-5 1.79537E-5 9.6023E-6 1.55012E-5 3.11487E-6 1.87321E-6 2.64782E-6 1.46841E-6 1.41165E-6 1.35978E-6 2.49037E-6 9.62234E-6 1.86712E-6 6.66306E-6 3.21726E-5 1.47236E-5 3.12913E-5 2.28999E-6 1.77512E-6 1.24326E-6 1.75763E-6 1.23553E-6 7.40895E-6 1.97464E-5 7.75539E-6 5.66558E-6 8.40156E-7 7.8165E-7 8.34972E-7 7.50565E-6 3.14902E-7
6.57066E-6 4.21146E-5 4.26667E-5 6.49918E-5 3.30432E-5 2.71303E-5 5.11426E-5 5.2944E-5 9.01639E-5 2.95691E-5 2.27046E-5 1.51244E-5 8.94834E-5 7.90141E-5 1.45161E-4 1.73692E-4 5.76799E-5 3.80405E-5 4.84706E-5 4.98E-5 8.19876E-5 8.44295E-5 8.29927E-5 8.25119E-5 8.44284E-5 7.52142E-5 8.18641E-5 8.63195E-5 4.25889E-5 4.6422E-5 2.58358E-5 6.32695E-5 4.97665E-5 8.86169E-5 2.85034E-5 8.44061E-6 9.51677E-6 1.75974E-5 4.88925E-6 3.35061E-6 2.55165E-6 2.55299E-6 1.40171E-6 1.85159E-6 1.40947E-6 2.27946E-6 1.00107E-5 2.04213E-6 7.85789E-6 2.66189E-6 6.44066E-6 2.04695E-5 1.79583E-6 1.2476E-6 1.23433E-6 1.23661E-6 4.50378E-6 1.3803E-5 2.92605E-5 1.453E-5 1.25296E-6 6.35835E-7 1.51845E-6 1.19202E-5 4.89631E-7
1.62876E-5 2.9882E-5 2.15736E-5 3.24058E-5 8.35084E-5 1.07403E-4 3.22182E-5 7.15389E-5 1.55256E-5 3.58514E-5 3.65771E-5 2.21326E-5 3.058E-5 5.45279E-5 4.61093E-5 1.16023E-4 7.76014E-5 8.38882E-5 2.60416E-5 8.53234E-5 7.755E-5 8.17232E-5 9.22785E-5 5.82303E-5 9.00084E-5 6.52132E-5 6.22594E-5 8.90092E-5 8.44155E-5 8.28673E-5 1.91129E-5 7.57787E-5 7.6963E-5 4.91275E-5 1.52874E-5 7.57351E-5 8.41029E-6 3.4554E-6 1.0295E-5 2.48547E-6 5.53277E-6 8.29152E-6 1.8275E-6 6.39554E-6 6.22439E-6 2.48061E-6 2.05332E-6 2.93231E-6 3.82178E-6 1.40022E-6 1.39618E-6 1.28306E-5 8.35269E-6 3.88317E-6 3.96165E-6 1.50017E-6 2.77011E-6 6.22789E-6 1.79817E-5 1.57823E-5 2.33027E-6 6.33401E-7 2.97743E-6 2.28404E-5 1.48452E-6
