catData/rasterBestHybridModels/Prubiginosus/RD_BM01_RM1_L/Prubiginosus_stddev.asc
ncols         409
nrows         350
xllcorner     60.897278365
yllcorner     5.843756025
cellsize      0.0892857
NODATA_value  -9999
[rows 261 to 289 of 350, columns 130 to 194 of 409]
-9999 -9999 -9999 -9999 -9999 -9999 -9999 -9999 -9999 -9999 -9999 -9999 -9999 -9999 -9999 -9999 -9999 -9999 -9999 -9999 -9999 -9999 -9999 -9999 7.9481E-5 1.08111E-4 1.08529E-4 6.88479E-5 4.76772E-4 3.79026E-5 5.2924E-5 6.04167E-5 5.60268E-5 5.09784E-5 8.77471E-5 7.41405E-5 5.52256E-5 3.37278E-5 2.82437E-5 7.04804E-5 4.56937E-5 4.77551E-5 9.75007E-5 7.90473E-5 1.41484E-4 1.16492E-4 1.17039E-4 9.7653E-5 6.60508E-5 6.3679E-5 6.66221E-5 5.79603E-5 6.98004E-5 7.03158E-5 6.55843E-5 6.70046E-5 6.27432E-5 5.45894E-5 5.33451E-5 6.04632E-5 6.2807E-5 5.68261E-5 5.94015E-5 5.89019E-5 5.51767E-5
-9999 -9999 -9999 -9999 -9999 -9999 -9999 -9999 -9999 -9999 -9999 -9999 -9999 -9999 -9999 -9999 -9999 -9999 -9999 -9999 -9999 -9999 -9999 -9999 1.18918E-4 1.21771E-4 1.0851E-4 8.79878E-5 6.00538E-5 5.4773E-5 6.01355E-5 5.35413E-5 5.23958E-5 5.03301E-5 5.01953E-5 5.78902E-5 1.11676E-4 1.23846E-4 4.68058E-5 3.0693E-5 3.52224E-5 5.22023E-5 7.02658E-5 8.65926E-5 2.24483E-4 2.22595E-4 1.71224E-4 7.32506E-5 7.21796E-5 6.8611E-5 7.83272E-5 6.83863E-5 6.54269E-5 6.15511E-5 6.90565E-5 5.59821E-5 6.07186E-5 7.13477E-5 5.34784E-5 5.95127E-5 5.82047E-5 5.62378E-5 5.40594E-5 5.75898E-5 5.75641E-5
-9999 -9999 -9999 -9999 -9999 -9999 -9999 -9999 -9999 -9999 -9999 -9999 -9999 -9999 -9999 -9999 -9999 -9999 -9999 -9999 -9999 -9999 -9999 -9999 1.28785E-4 1.32275E-4 1.08935E-4 7.36567E-5 4.08671E-5 5.54359E-5 5.98299E-5 5.41281E-5 5.3874E-5 6.48458E-5 4.80969E-5 7.74057E-5 1.00771E-4 1.57514E-4 5.45698E-5 3.12326E-5 3.09177E-5 4.60291E-5 7.33422E-5 7.2926E-5 7.16159E-5 7.0916E-5 1.06921E-4 1.52445E-4 9.34055E-5 5.88515E-5 6.95023E-5 8.85086E-5 6.30007E-5 6.58949E-5 6.36837E-5 8.74172E-5 6.36124E-5 6.80747E-5 7.15032E-5 5.38689E-5 5.85128E-5 5.39458E-5 5.42085E-5 5.47525E-5 5.57576E-5
-9999 -9999 -9999 -9999 -9999 -9999 -9999 -9999 -9999 -9999 -9999 -9999 -9999 -9999 -9999 -9999 -9999 -9999 -9999 -9999 -9999 -9999 -9999 -9999 1.11392E-4 1.2238E-4 1.11493E-4 1.1777E-4 4.6567E-5 5.92659E-5 6.25095E-5 5.28617E-5 5.14196E-5 5.30353E-5 4.58233E-5 7.29532E-5 7.46706E-5 1.07556E-4 7.3823E-5 5.52172E-5 3.10235E-5 4.18303E-5 3.12671E-5 7.47829E-5 6.89952E-5 7.19285E-5 2.45219E-4 8.30052E-5 8.94297E-5 5.98252E-5 5.9219E-5 6.1613E-5 5.9938E-5 6.25194E-5 6.53941E-5 6.32251E-5 6.5808E-5 7.10777E-5 5.99393E-5 5.24369E-5 5.31511E-5 5.73079E-5 5.1275E-5 5.504E-5 5.38807E-5
-9999 -9999 -9999 -9999 -9999 -9999 -9999 -9999 -9999 -9999 -9999 -9999 -9999 -9999 -9999 -9999 -9999 -9999 -9999 -9999 -9999 -9999 -9999 -9999 1.19441E-4 1.80756E-4 1.09773E-4 1.08162E-4 8.48618E-5 3.66513E-5 5.25419E-5 5.3026E-5 5.30165E-5 5.37842E-5 4.73209E-5 4.34707E-5 7.97585E-5 1.3641E-4 1.69985E-4 2.54279E-5 3.24188E-5 3.14372E-5 4.95466E-5 7.46193E-5 8.58352E-5 1.16465E-4 9.7079E-5 1.31391E-4 7.88382E-5 7.31011E-5 6.77675E-5 6.23567E-5 7.15691E-5 5.57114E-5 6.92489E-5 1.21929E-4 6.89619E-5 8.97283E-5 5.62056E-5 6.15098E-5 5.21513E-5 5.28239E-5 5.35855E-5 5.2267E-5 5.21222E-5
-9999 -9999 -9999 -9999 -9999 -9999 -9999 -9999 -9999 -9999 -9999 -9999 -9999 -9999 -9999 -9999 -9999 -9999 -9999 -9999 -9999 -9999 -9999 -9999 -9999 1.30003E-4 1.07391E-4 1.0769E-4 7.02095E-5 5.62131E-5 4.93567E-5 5.31577E-5 5.39029E-5 5.38618E-5 5.62123E-5 6.1707E-5 5.20155E-5 7.89196E-5 9.28946E-5 3.4794E-5 3.53227E-5 3.22062E-5 3.15784E-5 3.02878E-5 6.87142E-5 1.22279E-4 1.05071E-4 8.44333E-5 1.32239E-4 9.0489E-5 6.68302E-5 6.20153E-5 6.34354E-5 7.87823E-5 7.83638E-5 1.49431E-4 8.14354E-5 6.70019E-5 6.07739E-5 7.28082E-5 5.35365E-5 5.05478E-5 5.07275E-5 4.78683E-5 5.44915E-5
-9999 -9999 -9999 -9999 -9999 -9999 -9999 -9999 -9999 -9999 -9999 -9999 -9999 -9999 -9999 -9999 -9999 -9999 -9999 -9999 -9999 -9999 -9999 -9999 -9999 1.37455E-4 1.10523E-4 1.1027E-4 1.04916E-4 7.56468E-5 6.15878E-5 5.52276E-5 5.83802E-5 5.42514E-5 4.94978E-5 6.33864E-5 2.33438E-5 4.46632E-5 5.03795E-5 4.18947E-5 4.85258E-5 4.11842E-5 3.58187E-5 3.46254E-5 8.45836E-5 7.11002E-5 9.05342E-5 8.33295E-5 9.23839E-5 1.39617E-4 8.06337E-5 7.90306E-5 5.00028E-5 7.87496E-5 8.63885E-5 1.28918E-4 1.35142E-4 6.53812E-5 6.03066E-5 6.03648E-5 5.50654E-5 5.39417E-5 5.37075E-5 4.40135E-5 5.28273E-5
-9999 -9999 -9999 -9999 -9999 -9999 -9999 -9999 -9999 -9999 -9999 -9999 -9999 -9999 -9999 -9999 -9999 -9999 -9999 -9999 -9999 -9999 -9999 -9999 -9999 1.57258E-4 1.24261E-4 1.07492E-4 1.06132E-4 6.83272E-5 5.21968E-5 5.9463E-5 5.35931E-5 5.54405E-5 6.12305E-5 6.12333E-5 8.60748E-5 5.98823E-5 4.47863E-5 8.16915E-5 3.11393E-5 2.96871E-5 4.18987E-5 3.52752E-5 6.46467E-5 8.18622E-5 8.2395E-5 7.06458E-5 6.36692E-5 6.72223E-5 8.90666E-5 1.3145E-4 6.44113E-5 6.33437E-5 6.49658E-5 1.86263E-4 1.25745E-4 5.64322E-5 5.52019E-5 5.67909E-5 5.48047E-5 5.27787E-5 4.7849E-5 4.65212E-5 5.66603E-5
-9999 -9999 -9999 -9999 -9999 -9999 -9999 -9999 -9999 -9999 -9999 -9999 -9999 -9999 -9999 -9999 -9999 -9999 -9999 -9999 -9999 -9999 -9999 -9999 -9999 1.26251E-4 1.09825E-4 1.11627E-4 1.06588E-4 1.04844E-4 8.16323E-5 7.51988E-5 4.34192E-5 6.12718E-5 5.61062E-5 5.92329E-5 5.92932E-5 4.59846E-5 1.91761E-5 6.48872E-5 4.40756E-5 3.36477E-5 3.12901E-5 3.37788E-5 3.25763E-5 3.08446E-5 3.25411E-5 6.64881E-5 6.39277E-5 7.24973E-5 8.08282E-5 8.05968E-5 7.51878E-5 6.51407E-5 6.04971E-5 6.75349E-5 6.69759E-5 6.13103E-5 5.37544E-5 6.14185E-5 5.21606E-5 5.12983E-5 5.01065E-5 5.13316E-5 5.36201E-5
-9999 -9999 -9999 -9999 -9999 -9999 -9999 -9999 -9999 -9999 -9999 -9999 -9999 -9999 -9999 -9999 -9999 -9999 -9999 -9999 -9999 -9999 -9999 -9999 -9999 -9999 1.65957E-4 1.60373E-4 1.05903E-4 1.0568E-4 7.55021E-5 4.51789E-5 4.37164E-5 6.80068E-5 5.63097E-5 5.85177E-5 7.14737E-5 6.4567E-5 4.02408E-5 3.56028E-5 8.54126E-5 3.13494E-5 3.09016E-5 3.66975E-5 3.23503E-5 5.51246E-5 8.78527E-5 8.30989E-5 6.77093E-5 8.36218E-5 6.60449E-5 4.28047E-5 6.32686E-5 6.07958E-5 3.9859E-5 5.902E-5 5.95216E-5 5.91082E-5 5.89219E-5 3.95415E-5 5.48624E-5 5.54574E-5 5.19145E-5 5.96762E-5 8.10658E-5
-9999 -9999 -9999 -9999 -9999 -9999 -9999 -9999 -9999 -9999 -9999 -9999 -9999 -9999 -9999 -9999 -9999 -9999 -9999 -9999 -9999 -9999 -9999 -9999 -9999 -9999 1.31471E-4 1.2434E-4 1.20277E-4 1.05929E-4 1.21972E-4 4.76559E-5 7.73017E-5 7.23555E-5 5.33161E-5 5.62605E-5 5.44614E-5 8.14584E-5 1.00125E-4 5.22771E-5 7.59922E-5 7.35043E-5 5.94611E-5 3.60707E-5 3.14471E-5 8.20203E-5 7.64064E-5 9.85505E-5 7.80582E-5 1.17221E-4 7.93359E-5 7.84068E-5 6.32606E-5 6.50582E-5 3.27724E-5 8.64026E-5 1.05718E-4 7.38615E-5 6.93044E-5 7.37699E-5 6.54984E-5 5.69327E-5 1.23624E-4 1.91671E-4 8.56293E-5
-9999 -9999 -9999 -9999 -9999 -9999 -9999 -9999 -9999 -9999 -9999 -9999 -9999 -9999 -9999 -9999 -9999 -9999 -9999 -9999 -9999 -9999 -9999 -9999 -9999 -9999 1.18526E-4 1.11797E-4 1.05014E-4 1.04537E-4 1.06805E-4 8.69674E-5 4.86426E-5 5.28224E-4 6.89564E-5 5.73381E-5 5.24263E-5 9.35991E-5 1.13692E-4 2.99188E-5 8.95839E-5 9.46622E-5 6.10978E-5 3.58561E-5 3.10364E-5 3.72952E-5 2.28231E-4 1.19687E-4 8.97346E-5 6.79528E-5 7.79067E-5 7.19925E-5 4.39527E-5 6.17733E-5 7.26923E-5 3.79485E-5 9.92642E-5 1.20905E-4 7.36285E-5 6.0397E-5 5.8432E-5 5.76042E-5 2.40663E-4 1.8667E-4 6.33509E-5
-9999 -9999 -9999 -9999 -9999 -9999 -9999 -9999 -9999 -9999 -9999 -9999 -9999 -9999 -9999 -9999 -9999 -9999 -9999 -9999 -9999 -9999 -9999 -9999 -9999 -9999 -9999 1.17073E-4 1.13151E-4 1.06195E-4 1.04414E-4 7.57066E-5 7.92074E-5 7.60071E-5 5.01783E-4 5.38246E-5 5.60014E-5 4.94564E-5 1.12322E-4 2.76532E-4 5.71565E-5 6.02669E-5 5.02303E-5 7.97753E-5 5.36732E-5 3.74445E-5 9.68944E-5 9.44083E-5 8.66268E-5 7.82953E-5 7.8283E-5 8.32741E-5 9.47196E-5 9.07237E-5 5.02909E-5 3.79554E-5 6.36616E-5 1.49325E-4 1.15133E-4 4.79897E-5 4.02341E-5 3.1528E-5 7.05518E-5 4.41263E-5 5.59712E-5
-9999 -9999 -9999 -9999 -9999 -9999 -9999 -9999 -9999 -9999 -9999 -9999 -9999 -9999 -9999 -9999 -9999 -9999 -9999 -9999 -9999 -9999 -9999 -9999 -9999 -9999 -9999 7.69671E-5 1.26191E-4 1.04047E-4 1.02336E-4 1.0098E-4 4.8241E-5 5.16089E-4 6.98447E-5 5.40484E-5 5.51528E-5 5.53066E-5 1.21803E-4 2.75165E-4 7.33711E-5 3.03965E-5 6.19599E-5 3.91538E-5 4.63386E-5 3.6429E-5 3.89932E-5 8.3614E-5 1.17213E-4 1.09385E-4 1.71882E-4 8.12644E-5 1.37893E-4 9.58354E-5 1.22805E-4 9.11374E-5 9.80791E-5 2.90122E-4 2.96969E-4 7.27411E-5 5.4959E-5 2.32323E-5 4.60669E-5 4.42974E-5 4.79299E-5
-9999 -9999 -9999 -9999 -9999 -9999 -9999 -9999 -9999 -9999 -9999 -9999 -9999 -9999 -9999 -9999 -9999 -9999 -9999 -9999 -9999 -9999 -9999 -9999 -9999 -9999 -9999 -9999 1.14442E-4 1.06326E-4 1.00782E-4 9.66003E-5 4.90162E-5 6.92737E-5 4.50531E-4 3.47744E-4 5.40892E-5 5.43925E-5 7.76391E-5 1.17383E-4 7.85919E-5 4.969E-5 8.02501E-5 9.63023E-6 2.63858E-5 3.89843E-5 3.84395E-5 1.08401E-4 1.76059E-4 7.63202E-5 1.98925E-4 1.01457E-4 1.00252E-4 1.34043E-4 1.25385E-4 1.00762E-4 1.26931E-4 1.79601E-4 4.70039E-4 1.06823E-4 2.50324E-5 2.35521E-5 5.94013E-5 4.9417E-5 6.76155E-5
-9999 -9999 -9999 -9999 -9999 -9999 -9999 -9999 -9999 -9999 -9999 -9999 -9999 -9999 -9999 -9999 -9999 -9999 -9999 -9999 -9999 -9999 -9999 -9999 -9999 -9999 -9999 -9999 8.86158E-5 1.1774E-4 1.00676E-4 9.44753E-5 5.39105E-5 5.79014E-5 5.7771E-4 3.24995E-4 3.20296E-4 5.39994E-5 7.77289E-5 3.59909E-5 6.31986E-5 7.6096E-5 5.61686E-5 4.58586E-5 3.06143E-5 3.40476E-5 5.48703E-5 3.30549E-5 1.1079E-4 9.40792E-5 1.49463E-4 1.24436E-4 1.09868E-4 9.97803E-5 1.13356E-4 8.65857E-5 2.33496E-4 1.91086E-4 2.02481E-4 5.30448E-5 4.12083E-4 1.844E-5 6.23862E-5 1.91749E-5 5.30893E-5
-9999 -9999 -9999 -9999 -9999 -9999 -9999 -9999 -9999 -9999 -9999 -9999 -9999 -9999 -9999 -9999 -9999 -9999 -9999 -9999 -9999 -9999 -9999 -9999 -9999 -9999 -9999 -9999 -9999 1.27404E-4 6.6147E-5 1.12392E-4 1.00853E-4 5.4455E-5 5.29701E-4 3.18579E-4 3.33697E-4 4.93225E-5 5.43453E-5 3.87744E-5 8.38482E-5 8.13939E-5 3.59436E-5 5.71533E-5 3.36482E-5 3.26064E-5 3.73797E-5 2.27833E-5 2.45414E-4 6.96111E-5 8.96001E-5 1.13116E-4 1.07112E-4 6.78903E-5 1.00814E-4 2.46287E-4 2.08465E-4 1.91157E-4 2.24214E-4 3.70958E-4 3.24631E-4 1.43367E-4 5.31988E-5 2.96296E-5 2.67939E-5
-9999 -9999 -9999 -9999 -9999 -9999 -9999 -9999 -9999 -9999 -9999 -9999 -9999 -9999 -9999 -9999 -9999 -9999 -9999 -9999 -9999 -9999 -9999 -9999 -9999 -9999 -9999 -9999 -9999 1.16522E-4 1.24937E-4 1.32095E-4 1.11256E-4 5.97106E-5 2.39958E-4 5.32249E-4 3.69345E-4 3.6833E-4 5.08393E-5 5.38124E-5 4.43308E-5 7.63866E-5 3.6224E-5 6.37041E-5 1.70155E-5 1.55903E-5 2.23595E-5 2.52809E-5 1.45637E-4 2.83259E-4 1.96658E-4 1.22808E-4 1.34318E-4 1.21463E-4 1.45576E-4 1.58452E-4 1.06995E-4 1.17745E-4 1.07173E-4 5.08068E-5 2.11457E-5 4.87439E-5 3.18356E-5 4.7845E-5 6.23282E-5
-9999 -9999 -9999 -9999 -9999 -9999 -9999 -9999 -9999 -9999 -9999 -9999 -9999 -9999 -9999 -9999 -9999 -9999 -9999 -9999 -9999 -9999 -9999 -9999 -9999 -9999 -9999 -9999 -9999 -9999 1.14867E-4 1.29604E-4 1.19555E-4 1.08349E-4 4.31575E-5 2.9786E-4 3.93867E-4 4.19217E-4 5.21611E-4 4.06625E-4 3.53871E-4 4.80957E-5 8.6526E-5 1.16322E-4 2.42335E-5 1.34368E-5 4.54532E-5 5.60986E-5 8.83678E-5 1.52539E-4 2.16615E-4 8.83033E-5 1.22822E-4 8.76962E-5 1.76997E-4 1.31187E-4 1.01849E-4 8.8323E-5 2.49939E-4 9.22984E-5 6.97437E-5 7.85721E-5 9.54546E-5 7.78553E-5 6.90788E-5
-9999 -9999 -9999 -9999 -9999 -9999 -9999 -9999 -9999 -9999 -9999 -9999 -9999 -9999 -9999 -9999 -9999 -9999 -9999 -9999 -9999 -9999 -9999 -9999 -9999 -9999 -9999 -9999 -9999 -9999 1.11255E-4 1.15143E-4 1.27171E-4 1.18297E-4 6.79943E-5 4.5983E-5 6.50069E-5 2.58666E-4 3.74284E-4 3.56104E-4 4.65869E-5 5.56433E-5 1.56292E-4 2.14067E-4 3.98977E-5 1.76274E-5 5.98785E-5 4.33622E-5 7.43723E-5 8.84893E-5 1.86217E-4 9.77066E-5 6.41194E-5 1.97688E-4 2.08395E-4 1.99052E-4 6.01978E-5 7.71693E-5 1.18689E-4 1.12949E-4 1.53948E-4 1.75201E-4 1.77519E-4 1.68536E-4 3.45279E-5
-9999 -9999 -9999 -9999 -9999 -9999 -9999 -9999 -9999 -9999 -9999 -9999 -9999 -9999 -9999 -9999 -9999 -9999 -9999 -9999 -9999 -9999 -9999 -9999 -9999 -9999 -9999 -9999 -9999 -9999 -9999 1.16713E-4 1.13371E-4 1.20698E-4 1.18202E-4 4.53328E-5 7.77473E-5 3.57903E-5 2.16943E-4 3.31796E-4 4.61617E-5 5.76899E-5 4.67585E-5 1.54999E-4 7.7276E-5 5.29772E-5 3.63288E-5 6.15225E-5 7.63515E-5 9.18814E-5 1.06356E-4 6.12248E-5 2.75779E-5 5.51248E-5 8.88812E-5 8.40901E-5 5.40082E-5 1.15786E-4 1.04195E-4 8.06769E-5 2.56285E-4 1.67103E-4 1.26709E-4 3.04951E-5 5.43991E-5
-9999 -9999 -9999 -9999 -9999 -9999 -9999 -9999 -9999 -9999 -9999 -9999 -9999 -9999 -9999 -9999 -9999 -9999 -9999 -9999 -9999 -9999 -9999 -9999 -9999 -9999 -9999 -9999 -9999 -9999 -9999 -9999 1.12088E-4 1.06626E-4 1.18646E-4 8.5884E-5 4.85404E-5 4.38039E-4 3.44248E-4 3.41315E-4 4.92388E-5 5.84901E-5 1.59146E-4 9.87626E-5 7.75272E-5 5.52059E-5 9.29499E-5 8.78384E-5 6.24683E-5 9.84916E-5 1.02794E-4 5.683E-5 5.17592E-5 6.48878E-5 5.88413E-5 6.69668E-5 5.3831E-5 5.94461E-5 6.9313E-5 5.21649E-5 4.59812E-4 9.03575E-5 1.476E-4 7.6131E-5 5.12425E-5
-9999 -9999 -9999 -9999 -9999 -9999 -9999 -9999 -9999 -9999 -9999 -9999 -9999 -9999 -9999 -9999 -9999 -9999 -9999 -9999 -9999 -9999 -9999 -9999 -9999 -9999 -9999 -9999 -9999 -9999 -9999 -9999 -9999 1.0782E-4 1.06259E-4 9.61652E-5 5.8721E-5 6.04487E-4 3.77276E-4 3.9111E-4 2.59407E-4 5.21267E-5 5.02612E-5 3.75151E-4 5.3645E-5 6.65491E-5 8.25195E-5 1.67766E-4 6.0091E-5 1.2016E-4 1.04182E-4 5.48228E-5 4.91923E-5 5.35753E-5 5.57046E-5 6.10539E-5 5.23943E-5 7.62397E-5 1.59569E-4 9.45083E-5 1.30362E-4 2.92152E-4 1.21762E-4 4.54268E-5 4.24214E-5
-9999 -9999 -9999 -9999 -9999 -9999 -9999 -9999 -9999 -9999 -9999 -9999 -9999 -9999 -9999 -9999 -9999 -9999 -9999 -9999 -9999 -9999 -9999 -9999 -9999 -9999 -9999 -9999 -9999 -9999 -9999 -9999 -9999 -9999 1.1192E-4 1.0602E-4 6.56789E-5 5.3534E-5 5.88033E-4 3.78244E-4 4.03464E-4 5.36887E-5 3.56535E-4 5.35741E-4 3.27033E-4 4.64888E-5 7.65166E-5 1.38265E-4 8.87462E-5 1.04496E-4 9.37127E-5 5.45475E-5 5.16543E-5 5.57511E-5 5.29848E-5 5.57355E-5 7.19187E-5 1.4351E-4 9.99888E-5 5.85805E-5 4.54732E-4 4.04922E-4 9.55267E-5 9.28233E-5 5.22405E-5
-9999 -9999 -9999 -9999 -9999 -9999 -9999 -9999 -9999 -9999 -9999 -9999 -9999 -9999 -9999 -9999 -9999 -9999 -9999 -9999 -9999 -9999 -9999 -9999 -9999 -9999 -9999 -9999 -9999 -9999 -9999 -9999 -9999 -9999 1.17579E-4 7.47305E-5 1.05897E-4 5.9034E-5 3.42454E-4 5.86287E-4 3.57665E-4 5.54338E-5 3.691E-4 3.21241E-4 2.9969E-5 3.34892E-4 6.30405E-5 6.90125E-5 7.90101E-5 2.16737E-4 7.48139E-5 5.81167E-5 6.5054E-5 6.60427E-5 5.6486E-5 6.37201E-5 1.48596E-4 1.09966E-4 6.51096E-5 3.2179E-4 4.41098E-4 5.46005E-4 1.70594E-4 1.60915E-4 1.29457E-4
-9999 -9999 -9999 -9999 -9999 -9999 -9999 -9999 -9999 -9999 -9999 -9999 -9999 -9999 -9999 -9999 -9999 -9999 -9999 -9999 -9999 -9999 -9999 -9999 -9999 -9999 -9999 -9999 -9999 -9999 -9999 -9999 -9999 -9999 -9999 1.14145E-4 1.05681E-4 4.38613E-5 6.23608E-5 6.19636E-4 3.05876E-4 5.68787E-5 3.87304E-4 5.28911E-5 4.68144E-5 3.90572E-5 4.12171E-5 2.73683E-4 2.83637E-5 5.8763E-5 6.85382E-5 1.22918E-4 1.58629E-4 1.03266E-4 6.83057E-5 7.45818E-5 8.38386E-5 1.56349E-4 9.84988E-5 5.99696E-5 8.07184E-5 4.29061E-4 3.17011E-4 1.48845E-4 3.99242E-5
-9999 -9999 -9999 -9999 -9999 -9999 -9999 -9999 -9999 -9999 -9999 -9999 -9999 -9999 -9999 -9999 -9999 -9999 -9999 -9999 -9999 -9999 -9999 -9999 -9999 -9999 -9999 -9999 -9999 -9999 -9999 -9999 -9999 -9999 -9999 -9999 1.05803E-4 1.19441E-4 8.73724E-5 6.3178E-5 2.91944E-4 3.80044E-5 6.37586E-5 5.63323E-5 2.4245E-5 3.44227E-5 3.53072E-5 3.55558E-4 3.23456E-5 4.16456E-5 6.15896E-5 1.18083E-4 8.21249E-5 7.5308E-5 5.91879E-5 4.25104E-5 4.46149E-5 1.31909E-4 8.66932E-5 1.59662E-4 7.14207E-5 1.6328E-4 3.8166E-4 3.79382E-4 1.43818E-4
-9999 -9999 -9999 -9999 -9999 -9999 -9999 -9999 -9999 -9999 -9999 -9999 -9999 -9999 -9999 -9999 -9999 -9999 -9999 -9999 -9999 -9999 -9999 -9999 -9999 -9999 -9999 -9999 -9999 -9999 -9999 -9999 -9999 -9999 -9999 -9999 1.13973E-4 1.21505E-4 7.72913E-5 4.63084E-5 5.53046E-5 4.62107E-5 8.60717E-5 4.38978E-5 2.33148E-5 1.82074E-4 3.43104E-5 3.35334E-5 2.5939E-5 5.79122E-5 1.41365E-4 3.91596E-5 3.82034E-5 8.22963E-5 3.88595E-5 1.01577E-4 4.91586E-5 9.8248E-5 8.94103E-5 5.9919E-5 1.19285E-4 1.80063E-4 2.76251E-4 5.99141E-4 8.11236E-5
-9999 -9999 -9999 -9999 -9999 -9999 -9999 -9999 -9999 -9999 -9999 -9999 -9999 -9999 -9999 -9999 -9999 -9999 -9999 -9999 -9999 -9999 -9999 -9999 -9999 -9999 -9999 -9999 -9999 -9999 -9999 -9999 -9999 -9999 -9999 -9999 -9999 1.37166E-4 4.81489E-5 8.98218E-5 4.95189E-5 8.80154E-5 5.16059E-5 2.60034E-4 3.6202E-5 1.89386E-4 1.52002E-4 2.6662E-4 5.04348E-5 1.21253E-4 5.5536E-5 3.92064E-5 1.56435E-4 1.71892E-4 1.61678E-4 4.12336E-5 4.09825E-5 5.67701E-5 5.47957E-5 4.84531E-5 8.62892E-5 2.14771E-4 4.8809E-4 4.40101E-4 5.87458E-5
