catData/rasterBestHybridModels/Prubiginosus/RD_BM01_RM1_L/Prubiginosus_stddev.asc
ncols         409
nrows         350
xllcorner     60.897278365
yllcorner     5.843756025
cellsize      0.0892857
NODATA_value  -9999
[rows 116 to 144 of 350, columns 325 to 389 of 409]
1.08544E-5 1.53469E-5 3.05867E-5 2.01412E-5 1.55107E-5 2.513E-5 1.60973E-5 6.36462E-6 6.43802E-6 6.20558E-6 4.97747E-6 5.43739E-6 7.16025E-6 8.23478E-6 4.1484E-6 5.39347E-6 5.91338E-6 5.055E-6 4.24426E-6 3.02163E-6 4.47269E-6 1.12744E-5 4.80535E-6 3.37046E-6 4.16682E-6 4.97593E-6 1.05582E-5 9.59933E-6 9.0599E-6 8.30352E-6 8.62383E-6 1.02668E-5 1.20091E-5 1.22389E-5 1.06834E-5 6.28011E-6 7.07934E-6 6.24026E-6 5.12945E-6 6.82704E-6 5.61092E-6 5.67711E-6 5.72539E-6 1.09292E-5 1.18273E-5 1.68497E-5 1.68141E-5 2.01269E-5 1.91338E-5 1.75206E-5 1.29794E-5 6.03267E-5 1.04673E-4 6.77084E-6 4.69863E-6 4.1812E-6 3.95818E-6 4.00481E-6 3.62203E-6 3.345E-6 2.67226E-6 2.13072E-6 -9999 -9999 -9999
9.78101E-6 1.26615E-5 1.26914E-5 6.20307E-6 6.59314E-6 1.77558E-5 1.28477E-5 3.57096E-6 2.98146E-6 4.92426E-6 6.06072E-6 4.09202E-6 5.2665E-6 5.82661E-6 2.45496E-6 2.0866E-6 3.60118E-6 4.98255E-6 5.2021E-6 4.75689E-6 5.42909E-6 9.34697E-6 5.90698E-6 6.23158E-6 6.68324E-6 9.99968E-6 1.1881E-5 2.94064E-6 6.04519E-6 8.00694E-6 9.2426E-6 7.29257E-6 1.38636E-5 1.68749E-5 1.61901E-5 1.4979E-5 1.50386E-5 1.3733E-5 2.06894E-5 2.13391E-5 2.27964E-5 1.51032E-5 1.28405E-5 8.94667E-6 9.17258E-6 1.75482E-5 2.09472E-5 1.97069E-5 1.92356E-5 1.7636E-5 2.60454E-4 6.29733E-6 4.2401E-6 4.36392E-6 4.10058E-6 3.86645E-6 3.49217E-6 3.46177E-6 2.92141E-6 -9999 -9999 -9999 -9999 -9999 -9999
4.69693E-6 5.84597E-6 6.99853E-6 6.17318E-6 1.98686E-5 2.24371E-5 7.5223E-6 7.29074E-6 4.81451E-6 6.08316E-6 2.04443E-5 7.07681E-6 9.37102E-6 1.35414E-5 2.08972E-5 1.013E-5 7.55298E-6 7.33019E-6 1.17834E-6 3.10986E-6 4.88554E-6 6.69622E-6 1.26612E-5 6.24479E-6 1.07019E-5 8.87644E-6 6.54403E-6 5.08456E-6 3.1105E-6 2.66971E-6 4.88378E-6 1.09961E-5 1.06646E-5 1.44582E-5 2.14224E-5 1.86695E-5 1.96634E-5 8.04981E-6 6.56565E-6 6.92443E-6 6.81763E-6 6.6878E-6 8.61225E-6 1.80539E-5 1.66982E-5 1.68391E-5 2.11246E-5 1.38548E-5 6.27673E-5 1.64978E-4 1.39468E-5 6.06901E-6 4.46708E-6 4.10574E-6 3.82716E-6 3.88314E-6 3.80489E-6 3.646E-6 -9999 -9999 -9999 -9999 -9999 -9999 -9999
3.82575E-6 6.4516E-6 6.65148E-6 1.48667E-5 1.20743E-5 6.02633E-6 4.92563E-6 6.20602E-6 1.1699E-5 1.0836E-5 1.51233E-5 1.77714E-5 2.10094E-5 1.07999E-5 1.65226E-5 1.575E-5 1.61216E-5 6.32199E-6 7.06382E-6 4.22123E-6 2.82891E-6 2.68037E-6 7.10862E-6 4.26299E-6 8.91443E-6 5.29522E-6 4.90465E-6 7.31622E-6 1.6682E-6 1.53875E-6 4.26565E-6 1.41425E-5 1.00437E-5 1.20094E-5 1.8959E-5 1.59699E-5 1.3636E-5 1.30873E-5 6.61283E-6 5.11041E-6 5.31538E-6 5.4556E-6 1.11621E-5 2.05623E-5 2.17114E-5 9.66606E-6 1.56606E-5 4.01247E-6 5.17889E-6 6.71763E-6 1.30233E-5 6.07413E-6 4.93391E-6 4.7579E-6 4.19605E-6 4.3504E-6 4.62797E-6 4.71063E-6 -9999 -9999 -9999 -9999 -9999 -9999 -9999
1.77303E-6 6.56326E-6 1.15707E-5 1.46331E-5 3.08642E-6 5.26646E-6 5.97995E-6 1.04523E-5 9.49128E-6 5.7077E-6 5.29206E-6 1.40191E-5 1.66434E-5 4.8198E-6 6.9829E-6 8.82749E-6 4.26877E-6 5.70159E-6 3.96747E-6 3.22978E-6 9.17327E-6 8.29364E-6 6.93583E-6 5.74756E-6 6.6362E-6 1.89316E-6 1.89924E-6 4.86584E-6 4.55305E-6 4.1507E-6 8.86382E-6 1.66725E-5 1.6249E-5 2.1053E-5 7.60155E-6 7.0483E-6 7.10653E-6 6.53365E-6 5.69746E-6 4.83614E-6 7.1564E-6 1.06222E-5 1.32065E-5 1.62945E-5 1.31461E-5 4.47373E-6 1.41267E-5 3.53637E-6 4.51122E-6 6.07588E-6 1.21989E-5 1.2036E-5 6.17752E-6 4.66179E-6 5.18559E-6 5.85357E-6 6.22002E-6 6.28079E-6 5.22615E-6 -9999 -9999 -9999 -9999 -9999 -9999
3.24277E-6 4.17348E-6 1.98254E-5 1.99684E-5 1.99753E-5 1.16168E-5 1.21877E-5 1.73324E-5 1.15648E-5 1.07113E-5 1.00515E-5 7.00285E-6 9.45383E-6 9.76191E-6 1.20673E-5 2.00436E-5 1.16185E-5 8.95371E-6 9.2501E-6 1.31327E-5 5.97539E-6 6.00195E-6 5.81241E-6 5.60873E-6 5.54324E-6 4.70569E-6 3.51767E-6 7.44121E-6 7.11176E-6 6.29698E-6 1.09172E-5 1.56905E-5 1.99828E-5 9.97314E-6 1.092E-5 8.0291E-6 6.65464E-6 9.44165E-6 8.12794E-6 7.43579E-6 7.91255E-6 9.39152E-6 1.1052E-5 1.32866E-5 2.9406E-6 2.15932E-5 4.36636E-6 4.68906E-6 4.64594E-6 4.95753E-6 5.69832E-6 5.74649E-6 5.09311E-6 5.32401E-6 6.69823E-6 1.19234E-5 1.19924E-5 1.17385E-5 6.61975E-6 -9999 -9999 -9999 -9999 -9999 -9999
7.21892E-6 1.27814E-5 1.74466E-5 7.4422E-6 1.16768E-5 2.02088E-5 2.01885E-5 2.03514E-5 1.26968E-5 1.89533E-5 1.52684E-5 1.47653E-5 1.56818E-5 1.07863E-5 1.19498E-5 6.25016E-6 1.06335E-5 6.69498E-6 1.15846E-5 9.99779E-6 1.47499E-5 1.43934E-5 1.1518E-5 1.47149E-5 1.11046E-5 1.24521E-5 1.12278E-5 1.13764E-5 9.06136E-6 6.593E-6 1.08155E-5 1.9303E-5 1.92326E-5 1.2598E-5 9.38718E-6 6.29531E-6 7.24087E-6 8.3702E-6 7.63888E-6 6.79567E-6 9.13763E-6 1.09144E-5 1.62549E-5 5.90455E-6 2.58244E-5 6.50485E-5 4.0808E-6 3.84306E-6 3.90905E-6 4.15137E-6 4.26474E-6 4.29247E-6 4.84359E-6 6.89697E-6 1.21798E-5 1.20952E-5 6.56364E-6 1.18905E-5 -9999 -9999 -9999 -9999 -9999 -9999 -9999
1.11898E-5 1.85345E-5 2.0012E-5 2.08138E-5 2.03113E-5 1.53779E-5 2.21282E-5 2.39664E-5 1.52497E-5 2.04236E-5 2.01995E-5 1.17751E-5 3.54801E-6 5.27116E-6 1.18431E-5 1.6085E-5 1.60915E-5 1.51717E-5 1.3119E-5 1.61533E-5 2.0286E-5 5.0404E-5 1.95604E-5 3.88717E-5 3.08749E-5 3.07986E-5 1.50869E-5 1.539E-5 9.12759E-6 1.14723E-5 9.0785E-6 1.07066E-5 1.89182E-5 1.86394E-5 1.03976E-5 9.27042E-6 5.92416E-6 9.77528E-6 7.31541E-6 9.82485E-6 1.23814E-5 1.50283E-5 8.51158E-6 7.31933E-5 3.4635E-5 3.06874E-6 4.1028E-6 3.56021E-6 3.5259E-6 3.79857E-6 3.89065E-6 3.99773E-6 4.59901E-6 5.70864E-6 6.28073E-6 6.36889E-6 5.27058E-6 6.29732E-6 5.38265E-6 -9999 -9999 -9999 -9999 -9999 -9999
2.0026E-5 1.97589E-5 5.99658E-6 2.00659E-5 2.14675E-5 2.12296E-5 1.02926E-5 9.08182E-6 7.7708E-5 6.54464E-5 1.09364E-4 8.44733E-5 5.97751E-5 5.20374E-5 7.54695E-5 1.29495E-5 1.53262E-4 8.46717E-5 1.25558E-4 8.93698E-6 1.68909E-5 1.75789E-5 8.85569E-6 7.31776E-6 1.44089E-5 9.39021E-6 2.28147E-5 1.60973E-5 1.51111E-5 1.79351E-5 1.70386E-5 1.21413E-5 1.11756E-5 2.14817E-5 2.17E-5 2.01219E-5 1.48887E-5 5.9103E-6 5.58168E-6 6.02626E-6 6.24364E-6 9.97306E-6 2.06925E-5 9.84695E-5 4.46796E-6 3.66296E-6 4.26298E-6 3.92182E-6 3.63914E-6 3.35739E-6 3.43057E-6 4.2735E-6 4.41086E-6 4.47189E-6 4.46567E-6 4.36808E-6 4.2539E-6 4.26172E-6 -9999 -9999 -9999 -9999 -9999 -9999 -9999
6.87581E-6 2.0256E-5 1.47475E-5 9.66859E-5 1.00789E-4 1.02261E-4 8.96638E-5 8.8045E-5 9.44358E-6 8.91145E-6 1.2051E-5 9.93164E-6 1.02511E-4 9.75774E-5 2.1042E-4 1.28269E-5 1.07818E-5 1.15329E-5 1.0928E-5 6.66931E-6 5.85246E-6 6.54949E-6 5.81568E-6 4.71851E-6 5.23805E-6 6.44428E-6 1.31183E-5 9.556E-6 1.44194E-5 1.32746E-5 1.47256E-5 2.42607E-5 1.44605E-5 1.24222E-5 1.41944E-5 1.47881E-5 7.08502E-6 5.4771E-6 6.35909E-6 1.07543E-5 9.38285E-6 1.20157E-5 2.12806E-4 9.7225E-6 7.10633E-6 5.8744E-6 5.07975E-6 4.33291E-6 3.95914E-6 3.65452E-6 3.12613E-6 3.12336E-6 3.87153E-6 3.86591E-6 4.74542E-6 3.83815E-6 3.52012E-6 -9999 -9999 -9999 -9999 -9999 -9999 -9999 -9999
8.16023E-6 1.09707E-4 2.33246E-5 1.03225E-5 1.50908E-5 1.67263E-5 1.48365E-5 7.62261E-6 8.39778E-6 1.07337E-5 9.80723E-6 8.37755E-6 1.16605E-5 1.14338E-5 1.03905E-5 8.57835E-6 6.67474E-6 6.67289E-6 7.49419E-6 6.37698E-6 5.92414E-6 6.00295E-6 6.50667E-6 6.52572E-6 6.78619E-6 1.29216E-5 1.29683E-5 6.6178E-6 7.66093E-5 4.03951E-5 3.7204E-5 7.56838E-6 7.36228E-6 7.37171E-6 6.70163E-6 6.70585E-6 6.26044E-6 5.22386E-6 5.79061E-6 6.0762E-6 6.59819E-6 1.33821E-4 5.55927E-6 1.65405E-5 1.42926E-5 1.30704E-5 6.40131E-6 5.1694E-6 4.2831E-6 3.95839E-6 3.50635E-6 3.07969E-6 2.71897E-6 3.11639E-6 3.50681E-6 3.97747E-6 3.00221E-6 2.36736E-6 -9999 -9999 -9999 -9999 -9999 -9999 -9999
2.95163E-6 6.4551E-6 1.00143E-5 1.16885E-5 1.88085E-5 1.54913E-5 2.2185E-5 8.21704E-6 7.69195E-6 7.53276E-6 7.95988E-6 8.22222E-6 6.36333E-6 5.07539E-6 4.92808E-6 5.25389E-6 5.44124E-6 6.09724E-6 6.52E-6 7.87753E-6 8.68189E-6 8.51944E-6 8.9804E-6 1.60626E-5 1.393E-5 1.4185E-5 8.36629E-6 7.05058E-6 8.02985E-6 4.33594E-6 3.92453E-6 4.66054E-5 4.69941E-5 5.59759E-5 4.71591E-6 4.77389E-6 7.52208E-6 4.62407E-6 3.91656E-6 3.52219E-5 6.36479E-5 5.27032E-6 5.58557E-6 7.08868E-6 5.10809E-6 1.25045E-5 1.24398E-5 6.50748E-6 5.16654E-6 4.60874E-6 4.09371E-6 3.50449E-6 3.03165E-6 2.89098E-6 2.965E-6 3.24164E-6 2.17331E-6 -9999 -9999 -9999 -9999 -9999 -9999 -9999 -9999
1.25561E-5 4.91836E-5 8.62204E-6 1.1831E-5 1.08542E-5 1.43763E-5 1.87212E-5 1.0462E-5 8.7101E-6 7.82879E-6 7.74127E-6 7.14205E-6 4.34225E-6 4.32148E-6 3.63328E-6 4.27673E-6 4.78522E-6 6.4019E-6 6.1226E-6 9.11517E-6 8.41441E-6 1.40572E-5 1.34953E-5 1.40335E-5 7.53805E-6 8.60368E-6 1.03694E-5 7.32715E-6 6.6994E-6 6.29262E-6 4.55443E-6 4.74541E-6 5.24931E-6 5.94756E-6 4.20253E-6 3.75029E-6 3.62032E-6 3.32689E-6 3.50038E-6 3.71554E-6 4.04364E-6 5.38664E-6 5.28343E-6 4.44986E-6 5.52189E-6 7.34105E-6 1.24234E-5 1.23931E-5 6.80507E-6 5.10263E-6 4.76797E-6 4.37363E-6 3.43976E-6 2.56094E-6 2.31761E-6 2.11317E-6 -9999 -9999 -9999 -9999 -9999 -9999 -9999 -9999 -9999
1.13516E-5 4.52459E-5 5.03956E-5 6.95515E-6 8.32754E-6 6.78269E-6 9.8834E-6 6.39251E-6 9.60449E-6 1.03413E-5 7.42306E-6 6.96826E-6 4.05692E-6 3.38631E-6 3.33198E-6 4.06893E-6 3.22067E-6 3.66654E-6 6.41192E-6 8.5229E-6 9.92623E-6 1.47039E-5 1.31946E-5 1.42121E-5 1.60133E-5 1.46547E-5 8.31787E-6 5.36572E-6 5.60684E-6 4.20449E-6 3.55725E-6 3.47527E-6 3.8815E-6 5.15224E-6 3.86879E-6 3.10092E-6 2.99332E-6 2.80301E-6 2.93819E-6 3.30315E-6 3.94516E-6 3.62392E-6 3.72807E-6 3.89779E-6 4.49117E-6 5.79247E-6 7.36519E-6 1.27188E-5 8.17693E-6 5.08364E-6 5.77698E-6 4.74402E-6 3.15133E-6 2.60352E-6 1.75883E-6 -9999 -9999 -9999 -9999 -9999 -9999 -9999 -9999 -9999 -9999
8.16764E-6 8.68168E-5 4.20943E-5 4.00159E-5 2.96336E-5 3.75291E-6 3.70888E-6 5.17887E-6 6.21183E-6 1.15774E-5 5.54016E-6 4.02706E-6 3.67866E-6 2.98366E-6 3.00695E-6 2.50645E-6 3.75676E-6 5.83472E-6 7.35041E-6 8.44855E-6 1.01348E-5 1.16933E-5 4.69181E-6 6.00732E-6 7.421E-6 8.08999E-6 7.52541E-6 8.43138E-6 7.00053E-6 4.88632E-6 5.10199E-6 3.26338E-6 2.7202E-6 2.63735E-6 2.6603E-6 2.57356E-6 2.50114E-6 2.70595E-6 2.55115E-6 2.88002E-6 2.96617E-6 3.18183E-6 3.63341E-6 3.9081E-6 4.76618E-6 6.7429E-6 1.26383E-5 1.19003E-5 7.43593E-6 4.99769E-6 6.85506E-6 4.43104E-6 3.99199E-6 2.38103E-6 -9999 -9999 -9999 -9999 -9999 -9999 -9999 -9999 -9999 -9999 -9999
7.4778E-6 9.30053E-6 3.15258E-5 3.07201E-5 2.5781E-5 3.69776E-5 4.93433E-5 8.44986E-6 6.63407E-6 6.28629E-6 3.62476E-6 2.93469E-6 3.01943E-6 2.84283E-6 2.90785E-6 3.03642E-6 3.85357E-6 2.62137E-6 3.24091E-6 5.36061E-6 7.504E-6 1.332E-5 1.33983E-5 7.13118E-6 5.36768E-6 5.28581E-6 2.92363E-6 2.28207E-6 4.39974E-6 4.66371E-6 4.78641E-6 4.1961E-6 3.21211E-6 2.85294E-6 2.51813E-6 2.31882E-6 2.50681E-6 3.62631E-6 3.04717E-6 2.72372E-6 2.89413E-6 3.49899E-6 3.91037E-6 4.46185E-6 5.85378E-6 7.08905E-6 1.27475E-5 7.7383E-6 6.34006E-6 5.10116E-6 5.168E-6 4.81357E-6 3.65427E-6 -9999 -9999 -9999 -9999 -9999 -9999 -9999 -9999 -9999 -9999 -9999 -9999
1.48329E-6 4.62878E-6 4.56089E-6 7.67363E-6 8.88332E-6 1.05954E-5 1.155E-5 3.84887E-5 3.77228E-5 4.51576E-5 4.42217E-6 4.50733E-6 4.44132E-6 3.02429E-6 3.58452E-6 3.92367E-6 4.24354E-6 4.66708E-6 5.18478E-6 5.21445E-6 5.00419E-6 7.2045E-6 1.46695E-5 7.32468E-6 4.84258E-6 6.62699E-6 5.5077E-6 5.23172E-6 4.47326E-6 4.23714E-6 3.90339E-6 3.5738E-6 4.80806E-6 3.51225E-6 2.94477E-6 2.85697E-6 3.32468E-6 3.02578E-6 3.12273E-6 3.18566E-6 3.24706E-6 3.77922E-6 4.11192E-6 4.99812E-6 7.35618E-6 1.27742E-5 1.25069E-5 7.09665E-6 6.93052E-6 5.42473E-6 4.1519E-6 4.61688E-6 4.06097E-6 -9999 -9999 -9999 -9999 -9999 -9999 -9999 -9999 -9999 -9999 -9999 -9999
2.461E-7 2.56913E-7 4.85358E-7 7.9274E-7 8.76421E-7 1.90606E-6 1.87205E-6 1.73158E-6 2.041E-6 1.63377E-6 1.00957E-6 2.75926E-6 1.7816E-6 1.31149E-6 5.71918E-7 4.78831E-7 9.69622E-7 3.32801E-5 5.05796E-6 3.62762E-6 3.84157E-6 3.11836E-5 1.13434E-5 6.39499E-5 2.21611E-4 8.33992E-6 7.35414E-6 5.89704E-6 4.96213E-6 4.51513E-6 4.11201E-6 3.82911E-6 3.9367E-6 3.73971E-6 4.08206E-6 3.19911E-6 3.15004E-6 3.37534E-6 3.75961E-6 3.89506E-6 3.84884E-6 3.9075E-6 4.46594E-6 6.27276E-6 7.03169E-6 1.00885E-5 6.83729E-6 5.93418E-6 6.30871E-6 6.9664E-6 4.19624E-6 5.32479E-6 3.80078E-6 3.21624E-6 -9999 -9999 -9999 -9999 -9999 -9999 -9999 -9999 -9999 -9999 -9999
6.51957E-7 8.94818E-8 1.8154E-7 3.99338E-7 5.61665E-7 5.9978E-7 5.00607E-7 7.56678E-7 5.16072E-7 6.42508E-7 8.17699E-7 2.88688E-7 7.32477E-7 9.90728E-8 1.3213E-7 5.64479E-7 6.1137E-7 1.56794E-6 2.64443E-6 2.75948E-6 2.44764E-6 3.50836E-6 6.17881E-6 5.12352E-6 1.29304E-5 2.34458E-5 1.05544E-4 7.53596E-6 7.28351E-6 5.75723E-6 4.89806E-6 5.02279E-6 6.5832E-6 5.1519E-6 4.67948E-6 3.87125E-6 3.78214E-6 4.18032E-6 4.4967E-6 4.42738E-6 4.4614E-6 4.52551E-6 4.71067E-6 6.83919E-6 1.29609E-5 1.26043E-5 7.28595E-6 6.25949E-6 6.5771E-6 1.18104E-5 7.54284E-6 5.2059E-6 4.21901E-6 3.63617E-6 3.06478E-6 -9999 -9999 -9999 -9999 -9999 -9999 -9999 -9999 -9999 -9999
1.39387E-6 2.92312E-7 2.42874E-7 2.73353E-7 5.08837E-7 5.79803E-7 1.28674E-6 1.25056E-6 9.80378E-7 5.34743E-7 7.17264E-7 4.63734E-7 1.88727E-7 1.33227E-7 1.76661E-7 8.09979E-7 6.88962E-7 2.16276E-6 2.8115E-6 1.5295E-6 2.45514E-6 4.98083E-6 8.6176E-6 1.06831E-5 4.89086E-6 9.53642E-6 1.55722E-5 2.34067E-5 1.23747E-5 7.05835E-6 9.34907E-6 8.74419E-6 6.63398E-6 1.16944E-4 5.61941E-6 6.19135E-6 4.59618E-6 4.82448E-6 4.77686E-6 5.12399E-6 6.15576E-6 6.09218E-6 5.42854E-6 7.2253E-6 8.87784E-6 7.29219E-6 6.39197E-6 7.3004E-6 1.30099E-5 1.32463E-5 7.30515E-6 5.3456E-6 4.83767E-6 4.11904E-6 -9999 -9999 -9999 -9999 -9999 -9999 -9999 -9999 -9999 -9999 -9999
2.04776E-7 8.15841E-7 4.00091E-7 5.52018E-7 7.62005E-7 9.03937E-7 1.34727E-6 1.95771E-6 2.65829E-6 1.1153E-6 1.0245E-6 7.07736E-7 4.1001E-7 1.82971E-7 2.18007E-7 9.92435E-7 8.37466E-7 2.11541E-6 1.55293E-6 2.96142E-6 6.17105E-6 1.01166E-5 1.22721E-5 1.1825E-5 1.54823E-5 1.48722E-5 2.11219E-5 1.14881E-5 5.75005E-6 4.67523E-5 1.70766E-4 5.90698E-6 9.31962E-6 1.52808E-5 2.98589E-4 1.25852E-5 4.98406E-6 4.72791E-6 4.6448E-6 6.37219E-6 1.30086E-5 1.3224E-5 6.74198E-6 4.83034E-6 6.55229E-6 8.5473E-6 8.85536E-6 1.34989E-5 1.31379E-5 7.25037E-6 6.18477E-6 5.3517E-6 5.12539E-6 4.59744E-6 -9999 -9999 -9999 -9999 -9999 -9999 -9999 -9999 -9999 -9999 -9999
1.29118E-7 2.50291E-7 4.33554E-7 9.17934E-7 1.64038E-6 2.89925E-6 2.11211E-6 2.43253E-6 3.0506E-6 4.24749E-6 1.58181E-6 6.60521E-7 4.417E-7 3.52881E-7 3.51268E-7 9.95952E-7 8.85943E-7 1.92192E-6 4.01063E-6 3.75388E-6 1.09631E-5 1.00166E-5 1.05511E-5 1.87863E-5 7.96093E-6 9.57273E-6 2.81546E-5 1.88908E-5 2.50069E-5 1.96803E-5 3.0127E-5 8.32639E-5 7.21551E-6 6.05526E-6 5.59341E-6 1.48615E-5 6.75763E-6 4.63038E-6 4.6013E-6 6.45134E-6 1.36318E-5 7.55445E-6 6.64194E-6 5.08316E-6 7.608E-6 8.95215E-6 8.85415E-6 7.47077E-6 7.19589E-6 6.25629E-6 5.65741E-6 5.51533E-6 5.33403E-6 -9999 -9999 -9999 -9999 -9999 -9999 -9999 -9999 -9999 -9999 -9999 -9999
1.46823E-7 1.09463E-6 8.44741E-7 1.34698E-6 4.4715E-6 7.55277E-6 3.17019E-6 3.49008E-6 7.80819E-6 5.79054E-6 1.0381E-6 6.27574E-7 7.17296E-7 5.61391E-7 6.9364E-7 7.82348E-7 1.11198E-6 2.06625E-6 4.78039E-6 5.06628E-6 1.47668E-5 7.70964E-6 1.05525E-5 5.38764E-6 8.35214E-6 1.38236E-5 1.52935E-5 1.09605E-5 1.18255E-5 3.3447E-5 1.14366E-4 1.20951E-4 1.70092E-4 5.96992E-6 8.9785E-5 1.24627E-4 5.88781E-5 4.57074E-6 4.59449E-6 5.25972E-6 6.42911E-6 5.40615E-6 7.13238E-6 4.93907E-6 2.23085E-6 4.73339E-6 5.05311E-6 6.30774E-6 5.41849E-6 5.55972E-6 5.57741E-6 5.92255E-6 5.10958E-6 -9999 -9999 -9999 -9999 -9999 -9999 -9999 -9999 -9999 -9999 -9999 -9999
1.20993E-7 4.85286E-7 9.55209E-7 2.74501E-6 4.30767E-6 4.27418E-6 2.23947E-6 7.22297E-6 1.01315E-5 2.72388E-6 1.20226E-6 1.19371E-6 6.31986E-7 9.37533E-7 1.1817E-6 2.08711E-6 3.60716E-6 3.25266E-6 4.30283E-6 2.04257E-6 5.07525E-6 9.69E-6 1.57948E-5 8.39149E-6 1.71501E-5 1.09477E-5 1.48625E-5 1.90467E-5 1.69284E-5 2.88671E-5 1.43474E-5 1.07028E-4 1.7113E-4 2.01013E-4 9.99529E-5 1.05106E-4 4.75638E-6 4.52382E-6 4.66031E-6 4.76658E-6 5.5407E-6 6.49567E-6 5.86995E-6 9.92841E-6 5.28348E-6 5.05541E-6 1.31086E-5 7.83275E-6 5.81383E-6 5.51913E-6 5.37574E-6 5.45932E-6 -9999 -9999 -9999 -9999 -9999 -9999 -9999 -9999 -9999 -9999 -9999 -9999 -9999
1.85055E-7 6.36175E-7 1.38535E-6 1.05597E-6 1.14484E-6 2.48405E-6 5.85187E-6 4.3579E-6 4.26884E-6 3.30636E-6 2.13503E-6 2.07898E-6 7.54596E-7 1.25067E-6 2.30695E-6 8.1835E-6 8.97222E-6 5.60616E-6 3.7076E-6 7.70217E-6 1.25631E-5 8.07467E-6 2.53949E-5 6.88709E-6 1.30679E-5 2.04653E-5 2.9948E-5 2.11303E-5 3.91842E-5 3.61755E-5 1.95594E-5 1.03095E-5 1.3422E-4 1.6763E-4 5.23237E-5 5.6104E-6 4.73209E-6 4.30169E-6 4.53836E-6 4.60351E-6 4.52383E-6 5.04753E-6 5.19822E-6 9.44907E-6 4.83525E-6 6.1569E-6 1.21943E-5 7.90288E-6 6.04721E-6 6.48103E-6 6.31675E-6 -9999 -9999 -9999 -9999 -9999 -9999 -9999 -9999 -9999 -9999 -9999 -9999 -9999 -9999
2.35347E-7 1.26679E-6 2.01948E-6 1.33028E-6 1.16256E-6 1.9494E-6 4.2754E-6 1.94601E-6 3.14062E-6 6.03376E-6 3.12631E-6 1.84245E-6 5.99078E-7 9.30704E-7 1.15636E-6 2.05202E-6 1.00384E-5 5.33613E-6 4.00678E-6 6.01919E-6 1.26348E-5 1.26867E-5 6.1393E-6 6.67285E-6 7.03168E-6 4.91247E-6 4.35705E-5 1.99791E-5 1.95449E-5 4.01775E-5 8.35445E-6 9.44423E-6 7.53425E-5 6.12567E-5 7.35709E-5 5.17533E-6 4.45156E-6 3.79342E-6 3.9805E-6 4.24376E-6 4.4671E-6 5.06327E-6 5.85069E-6 9.19733E-6 4.92754E-6 8.48891E-6 9.6403E-6 7.02828E-6 7.78839E-6 8.18544E-6 7.43601E-6 -9999 -9999 -9999 -9999 -9999 -9999 -9999 -9999 -9999 -9999 -9999 -9999 -9999 -9999
2.17108E-7 4.61273E-7 2.80587E-6 2.35622E-6 3.63993E-6 3.28601E-6 4.38891E-6 2.1628E-6 3.73551E-6 2.04774E-6 3.68393E-6 7.69586E-7 3.99565E-7 5.48054E-7 6.75203E-7 2.51284E-6 8.16272E-6 5.39863E-6 1.0332E-5 6.90821E-6 1.73469E-5 6.45832E-6 6.63015E-6 4.23774E-6 5.80522E-6 6.73626E-6 2.33885E-5 8.42899E-6 1.62531E-5 1.73298E-5 9.52978E-6 1.48509E-5 6.48397E-6 6.00692E-6 3.99494E-5 4.52101E-5 4.06722E-6 3.35635E-6 3.67256E-6 3.84715E-6 4.3633E-6 3.9484E-6 5.59172E-6 5.16782E-6 3.72882E-6 7.6036E-6 1.35345E-5 1.43558E-5 1.69744E-5 1.04993E-5 -9999 -9999 -9999 -9999 -9999 -9999 -9999 -9999 -9999 -9999 -9999 -9999 -9999 -9999 -9999
3.64696E-7 4.16028E-7 1.79502E-6 4.19696E-6 1.7837E-6 3.80097E-6 1.81197E-6 2.33985E-6 1.98055E-6 1.90751E-6 1.35426E-6 9.74275E-7 2.63933E-7 4.64934E-7 1.00132E-6 2.87789E-6 3.66228E-6 8.99644E-6 2.34748E-5 1.59482E-5 2.33318E-5 7.84634E-6 9.07583E-6 5.07575E-6 4.85062E-6 6.70149E-6 9.31205E-6 1.95773E-5 1.56056E-5 8.0011E-6 1.54206E-5 1.49563E-5 6.38372E-6 3.75441E-5 3.14247E-5 4.02966E-6 3.39087E-6 3.04147E-6 3.31045E-6 3.59457E-6 4.15446E-6 3.96475E-6 3.99522E-6 5.51889E-6 3.80902E-6 6.25432E-6 8.15168E-6 8.92154E-6 1.87664E-5 -9999 -9999 -9999 -9999 -9999 -9999 -9999 -9999 -9999 -9999 -9999 -9999 -9999 -9999 -9999 -9999
5.42638E-7 6.10395E-7 1.04839E-6 3.02994E-6 3.78986E-6 5.11322E-6 2.97834E-6 2.42672E-6 1.57697E-6 1.63966E-6 2.16021E-6 1.71512E-6 2.45693E-7 9.66524E-7 2.24293E-6 4.20235E-6 8.7997E-6 1.35845E-5 6.33869E-6 1.5478E-5 1.8864E-5 6.95328E-6 9.2197E-6 6.57599E-6 4.43071E-6 6.1818E-6 5.89683E-6 1.55642E-5 1.07504E-5 6.0996E-6 1.44127E-5 1.41676E-5 4.42534E-5 3.42912E-5 2.6609E-5 3.39445E-6 2.65727E-6 2.49706E-6 2.76565E-6 3.38628E-6 4.07198E-6 3.6795E-6 4.58359E-6 4.81998E-6 6.09493E-6 5.32816E-6 7.12936E-6 8.15159E-6 9.7607E-6 -9999 -9999 -9999 -9999 -9999 -9999 -9999 -9999 -9999 -9999 -9999 -9999 -9999 -9999 -9999 -9999
