catData/rasterBestHybridModels/Prubiginosus/RD_BM01_RM1_L/Prubiginosus_max.asc
ncols         409
nrows         350
xllcorner     60.897278365
yllcorner     5.843756025
cellsize      0.0892857
NODATA_value  -9999
[rows 116 to 144 of 350, columns 198 to 263 of 409]
5.03869E-5 1.49192E-4 8.03805E-5 2.5558E-5 4.19454E-5 1.0922E-5 5.53181E-6 1.31184E-5 8.11873E-6 4.40207E-5 2.4327E-5 2.98225E-5 3.07385E-5 3.27285E-5 3.71471E-5 4.3799E-5 1.36186E-5 2.75129E-5 1.51388E-5 2.62634E-5 1.35112E-5 2.4054E-5 1.01834E-5 1.8982E-5 2.53174E-5 3.09673E-5 3.75449E-5 3.75588E-5 8.02743E-6 1.00892E-5 2.15152E-5 7.18788E-6 8.40798E-6 6.99171E-6 7.33152E-6 9.7881E-6 9.02836E-6 1.97762E-5 5.2978E-6 4.13693E-6 4.46565E-6 8.38118E-6 4.08187E-5 5.17426E-5 3.48871E-5 1.641E-5 2.07623E-5 1.83021E-5 5.35852E-6 4.70432E-6 6.50802E-6 3.15106E-6 1.70693E-5 2.68402E-5 4.89307E-6 3.13926E-6 2.26059E-6 2.23446E-6 2.64061E-6 5.69767E-6 3.1276E-6 3.56292E-6 4.33502E-6 9.43493E-6 2.06081E-5 1.19088E-5
6.14165E-5 9.66665E-5 9.15975E-5 5.22407E-5 4.19891E-5 4.20032E-5 2.9416E-5 8.95174E-6 6.69211E-6 1.76744E-5 2.27941E-5 3.05255E-5 1.49945E-5 2.24389E-5 2.02555E-5 4.50888E-5 3.90289E-5 1.85752E-5 3.4534E-5 1.72784E-5 6.03335E-6 3.44256E-5 1.62459E-5 1.54203E-5 2.76865E-5 2.80349E-5 2.69985E-5 2.17241E-5 9.19854E-6 8.96887E-6 5.98152E-6 4.7148E-6 5.95385E-6 2.86828E-6 9.56995E-6 1.24929E-5 7.43346E-6 1.5025E-5 3.25754E-5 1.71822E-5 2.67603E-6 2.58328E-6 4.61407E-6 6.72421E-6 1.48278E-5 4.2993E-5 2.92029E-5 3.1643E-5 1.40272E-5 7.90559E-6 5.34165E-6 1.51603E-6 5.35082E-6 7.47062E-6 2.10341E-5 4.28091E-6 2.7862E-6 2.21746E-6 1.39812E-6 2.86325E-6 1.32651E-6 1.37009E-6 6.14695E-6 9.42885E-6 3.37517E-6 1.98241E-5
1.85985E-4 9.00182E-5 8.89E-5 2.06074E-4 1.7174E-4 8.05354E-5 4.92712E-5 4.64784E-5 2.0501E-5 3.81021E-5 2.26022E-5 4.93055E-5 1.12976E-5 8.25085E-6 5.0252E-5 4.34708E-5 1.7132E-5 1.5423E-5 1.72231E-5 5.07195E-5 2.69413E-5 4.47998E-5 4.27539E-5 2.64212E-5 1.33876E-5 1.57417E-5 1.44143E-5 8.46462E-6 1.35941E-5 9.98641E-6 2.31292E-5 1.23051E-5 1.3875E-5 1.42148E-5 9.56694E-6 7.80542E-6 9.62546E-6 1.22063E-5 1.75116E-5 1.40389E-5 8.33973E-6 1.00531E-5 5.59109E-6 4.19141E-6 2.53824E-6 5.32782E-6 4.14373E-6 6.75751E-6 9.1153E-6 1.59575E-5 9.46004E-6 6.92795E-6 7.52516E-6 7.31105E-6 1.52966E-5 3.02219E-6 2.42167E-6 3.28379E-6 4.67765E-6 1.78223E-6 2.52727E-6 1.68625E-6 8.41231E-6 6.76515E-6 2.80143E-6 1.24257E-5
2.2459E-4 5.46876E-5 4.92827E-5 8.70452E-5 7.65438E-5 9.55839E-5 8.09072E-5 6.29619E-5 6.05188E-5 5.90973E-5 5.63574E-5 3.9516E-5 3.82497E-5 2.81063E-5 1.84501E-5 1.41234E-5 2.71238E-5 1.02074E-5 2.24774E-5 5.5675E-5 4.38948E-5 3.68619E-5 3.01127E-5 1.2595E-5 1.98664E-5 1.05918E-5 3.43267E-5 2.03565E-5 1.68213E-5 1.082E-5 2.45658E-5 2.5221E-5 1.56439E-5 1.13818E-5 1.8536E-5 8.42068E-6 5.24572E-6 6.34567E-6 8.67711E-6 6.96556E-6 1.42555E-5 1.50858E-5 9.37546E-6 4.69307E-6 4.45833E-6 4.38039E-6 4.30514E-6 4.97047E-6 6.05601E-6 6.30924E-6 1.43384E-5 4.07722E-6 8.54207E-6 1.29401E-5 5.70348E-6 6.46659E-6 5.37988E-6 4.11612E-6 5.91888E-6 3.40799E-6 3.51904E-6 2.86258E-6 2.94998E-6 6.357E-6 3.97194E-6 1.02984E-5
2.0016E-4 1.10375E-4 6.05004E-5 1.31431E-4 1.35463E-4 6.52097E-5 5.71104E-5 8.15298E-5 8.16428E-5 1.15782E-4 5.52099E-5 5.05542E-5 2.89871E-5 1.27824E-5 3.20095E-5 1.29932E-5 7.66764E-6 6.04757E-6 1.33186E-5 1.27455E-5 1.48323E-5 3.11223E-5 3.06031E-5 2.7867E-5 3.60006E-5 1.37191E-5 4.32473E-5 2.88862E-5 3.11076E-5 2.08652E-5 1.34493E-5 1.99421E-5 1.74619E-5 1.6981E-5 8.53878E-6 1.20266E-5 1.54854E-5 1.07043E-5 4.03357E-6 1.18577E-5 1.07596E-5 6.9529E-6 7.69556E-6 1.02145E-5 6.49989E-6 4.62314E-6 4.55645E-6 4.5027E-6 4.94311E-6 4.49075E-6 8.71658E-6 1.97338E-5 1.73978E-5 2.89866E-5 5.87336E-6 1.3168E-5 2.48165E-5 5.85518E-6 2.79189E-6 7.53088E-6 1.27403E-5 9.02079E-6 5.47455E-6 7.249E-6 5.1475E-6 7.19564E-6
1.85397E-4 1.66856E-4 6.81025E-5 1.04945E-4 2.25465E-4 1.28597E-4 1.15187E-4 8.7608E-5 6.97266E-5 7.47738E-5 6.3454E-5 5.66515E-5 3.35736E-5 1.94585E-5 1.83591E-5 2.01446E-5 1.23796E-5 4.25341E-6 1.37919E-5 1.4267E-5 1.58006E-5 5.57966E-5 2.85601E-5 2.11306E-5 3.45613E-5 3.94546E-5 2.87621E-5 3.99047E-5 3.45211E-5 3.52158E-5 2.15108E-5 2.1462E-5 1.56493E-5 1.44527E-5 1.82871E-5 2.15709E-5 2.45994E-5 2.15096E-5 8.95268E-6 1.55163E-5 8.55434E-6 1.05797E-5 7.16771E-6 6.45777E-6 8.35399E-6 1.26688E-5 7.78498E-6 9.23942E-6 9.5706E-6 6.17275E-6 6.70997E-6 6.92677E-6 4.69376E-6 5.81389E-6 1.64858E-5 1.67541E-5 4.31926E-5 2.54851E-5 1.21485E-5 4.72117E-6 9.92687E-6 8.35069E-6 2.99202E-5 2.32372E-5 7.4851E-6 1.47402E-5
1.16301E-4 5.07671E-5 8.47064E-5 1.11742E-4 8.08161E-5 7.19631E-5 7.35526E-5 7.02408E-5 7.04071E-5 5.0702E-5 5.5119E-5 5.23126E-5 2.94558E-5 3.733E-5 4.19843E-5 5.997E-5 5.03653E-5 3.53689E-5 1.67285E-5 4.49911E-5 7.06087E-6 1.71379E-5 4.72401E-5 5.69322E-5 3.8155E-5 5.5176E-5 3.15374E-5 2.00678E-5 2.28594E-5 1.95272E-5 1.55244E-5 1.67628E-5 2.12146E-5 2.54705E-5 1.74788E-5 1.88663E-5 1.08567E-5 7.54169E-6 2.31833E-5 1.83069E-5 1.00101E-5 8.10908E-6 9.10141E-6 9.6632E-6 4.3672E-6 2.16261E-5 7.08541E-6 1.88243E-5 2.21618E-5 1.35905E-5 9.20559E-6 1.2401E-5 8.18406E-6 1.27618E-5 6.45274E-6 6.57277E-6 6.97685E-6 8.808E-6 7.25826E-6 1.54923E-5 1.97635E-5 2.31107E-5 2.63649E-5 7.39136E-6 1.35032E-5 1.64414E-5
5.41233E-5 6.58257E-5 8.85378E-5 5.94346E-5 7.88994E-5 7.76604E-5 7.06234E-5 7.08238E-5 7.09821E-5 5.27877E-5 8.56867E-5 6.04286E-5 6.95169E-5 6.65191E-5 3.79652E-5 5.23825E-5 2.82971E-5 3.81491E-5 4.02796E-5 4.55738E-5 3.96018E-5 1.61566E-5 1.02172E-5 1.4397E-5 1.88046E-5 5.43884E-5 3.60775E-5 2.56265E-5 2.49128E-5 1.21978E-5 1.19256E-5 9.74244E-6 8.38033E-6 1.11173E-5 1.26138E-5 7.84372E-6 6.6312E-6 6.62297E-6 2.21363E-5 1.09457E-5 8.41863E-6 7.75234E-6 6.62963E-6 1.13201E-5 1.59453E-5 1.04543E-5 8.29919E-6 8.12661E-6 1.53721E-5 6.52293E-6 6.70694E-6 7.15543E-6 1.06426E-5 6.11711E-6 4.74039E-6 5.93773E-6 6.83188E-6 4.54901E-6 4.65777E-6 5.79455E-6 6.62319E-6 2.00385E-5 3.91002E-5 1.11502E-5 1.04398E-5 2.74708E-5
5.85174E-5 1.45432E-4 1.20119E-4 8.02819E-5 7.18951E-5 5.00403E-5 7.47979E-5 7.13446E-5 7.16839E-5 7.42484E-5 7.20243E-5 7.93072E-5 6.84846E-5 6.48614E-5 6.30104E-5 7.23651E-5 4.44324E-5 5.763E-5 3.04374E-5 3.69138E-5 1.78895E-5 9.46344E-6 2.41307E-5 1.48455E-5 6.11256E-6 1.86088E-5 2.05922E-5 1.57362E-5 1.54662E-5 8.50878E-6 1.37044E-5 4.18983E-5 1.34872E-5 1.39053E-5 1.24989E-5 4.3164E-6 4.28747E-6 6.15907E-6 1.46268E-5 1.68404E-5 1.30101E-5 8.51565E-6 9.12892E-6 4.36581E-6 8.32788E-6 9.46822E-6 1.61066E-5 1.15591E-5 2.48337E-5 1.26276E-5 8.80934E-6 1.55826E-5 1.77926E-5 3.25511E-6 1.42204E-5 8.87889E-6 1.21602E-5 1.06304E-5 6.48031E-6 5.38421E-6 3.91679E-6 6.17429E-6 1.04132E-5 3.80784E-5 1.83109E-5 1.25701E-5
8.87915E-5 4.55185E-5 5.90075E-5 1.15583E-4 7.45834E-5 7.37718E-5 7.16075E-5 7.1928E-5 7.21378E-5 7.21236E-5 5.82586E-5 8.96232E-5 7.22104E-5 4.44167E-5 3.56353E-5 3.3231E-5 5.01432E-5 4.40559E-5 4.95858E-5 3.6798E-5 1.84388E-5 1.56203E-5 3.18518E-5 2.76742E-5 2.34955E-5 2.90407E-5 7.36493E-6 5.96605E-6 1.06734E-5 2.7594E-5 1.31424E-5 1.84335E-5 3.06632E-5 1.4995E-5 1.77355E-5 1.25478E-5 1.49119E-5 1.39956E-5 1.19332E-5 6.58664E-6 1.38039E-5 1.0564E-5 1.37721E-5 6.91688E-6 9.82653E-6 1.18453E-5 1.05663E-5 8.69796E-6 1.24016E-5 2.11167E-5 1.96828E-5 1.48861E-5 1.49287E-5 2.13961E-5 1.3144E-5 1.76803E-5 5.02546E-6 7.20303E-6 5.10386E-6 1.15051E-5 4.59203E-6 5.39057E-6 1.00985E-5 1.03414E-5 1.20054E-5 1.92943E-5
4.71672E-5 7.70111E-5 8.41659E-5 8.11245E-5 8.58046E-5 1.26071E-4 7.67446E-5 9.733E-5 8.67369E-5 8.25115E-5 9.28921E-5 1.11653E-4 1.05305E-4 1.07101E-4 2.65213E-5 5.77276E-5 6.12828E-5 5.63308E-5 5.31521E-5 1.67697E-5 2.81038E-5 5.99706E-5 3.66596E-5 2.11808E-5 2.39718E-5 3.1052E-5 1.29244E-5 6.20594E-6 1.36481E-5 1.74083E-5 2.13862E-5 2.89635E-5 1.50199E-5 2.76672E-5 2.25036E-5 2.08429E-5 9.14068E-6 1.569E-5 7.51023E-6 7.30835E-6 8.18844E-6 8.23056E-6 7.98602E-6 4.70118E-6 1.17547E-5 9.0934E-6 1.09786E-5 2.20233E-5 1.66157E-5 1.91545E-5 1.37217E-5 2.09538E-5 1.33858E-5 1.02078E-5 1.47785E-5 9.54809E-6 7.16132E-6 1.37438E-5 9.98919E-6 1.62792E-5 1.5408E-5 1.06561E-5 1.84598E-5 7.14174E-6 1.60569E-5 2.02975E-5
6.73251E-5 8.52747E-5 7.63566E-5 6.24873E-5 8.55004E-5 8.99274E-5 1.6108E-4 9.02911E-5 6.27984E-5 1.01514E-4 2.33673E-4 9.12018E-5 7.24087E-5 5.55711E-5 4.78951E-5 7.52869E-5 7.43811E-5 7.73477E-5 5.07153E-5 1.20521E-5 3.43028E-5 5.60262E-5 2.41326E-5 1.62151E-5 3.52703E-5 2.42809E-5 2.67829E-5 2.47305E-5 1.79315E-5 3.57982E-5 1.36671E-5 3.11338E-5 1.32439E-5 1.72208E-5 1.26755E-5 9.48605E-6 7.41866E-6 1.90063E-5 1.21737E-5 1.99704E-5 2.66332E-5 1.91023E-5 1.68193E-5 1.72214E-5 7.83965E-6 5.68698E-6 8.9298E-6 1.13506E-5 1.02802E-5 1.7181E-5 2.37332E-5 1.48821E-5 2.3697E-5 9.72124E-6 5.96445E-6 7.9772E-6 7.36964E-6 3.50348E-6 9.46683E-6 1.436E-5 8.49722E-6 3.71063E-5 2.86249E-5 2.31652E-5 3.04715E-5 1.7142E-5
6.28502E-5 8.71945E-5 8.49296E-5 9.27135E-5 1.04477E-4 6.21945E-5 8.84457E-5 1.01256E-4 1.08782E-4 7.09252E-5 1.12475E-4 8.87178E-5 1.00307E-4 6.85161E-5 6.31992E-5 6.66335E-5 9.48189E-5 8.06632E-5 5.05909E-5 2.22122E-5 7.27333E-5 6.92954E-5 2.64196E-5 2.93039E-5 5.23214E-5 1.33214E-5 2.76116E-5 3.59128E-5 4.29446E-5 2.1712E-5 1.34168E-5 2.14474E-5 3.01561E-5 2.14028E-5 1.20121E-5 6.71971E-6 7.44452E-6 6.02452E-6 1.23323E-5 1.48175E-5 2.17531E-5 3.45638E-5 2.02906E-5 1.64376E-5 1.04533E-5 9.42014E-6 6.54195E-6 6.06311E-6 7.92061E-6 1.09177E-5 1.06161E-5 1.08455E-5 1.13832E-5 6.4316E-6 4.46397E-6 5.96279E-6 1.12265E-5 1.84679E-5 1.45051E-5 1.21926E-5 2.12499E-5 2.28497E-5 1.34433E-5 2.09687E-5 1.27201E-5 1.9306E-5
5.95382E-5 4.72081E-5 8.1448E-5 7.58984E-5 7.39056E-5 1.06978E-4 1.01682E-4 1.05398E-4 2.06675E-4 1.16228E-4 8.42992E-5 1.07694E-4 4.96065E-5 7.83129E-5 5.27664E-5 5.31685E-5 7.55055E-5 8.80818E-5 7.23247E-5 2.63857E-5 3.74508E-5 5.72248E-5 3.36695E-5 2.86415E-5 5.43969E-5 5.5971E-5 2.61076E-5 1.63835E-5 1.79977E-5 2.94202E-5 1.64343E-5 1.19564E-5 1.15144E-5 1.79416E-5 2.5206E-5 1.75105E-5 2.06195E-5 1.34671E-5 7.6903E-6 1.91983E-5 8.22117E-6 9.20867E-6 9.69559E-6 5.12641E-6 1.39928E-5 9.78336E-6 1.37734E-5 2.19208E-5 1.42012E-5 1.28805E-5 6.29755E-6 1.41052E-5 1.34277E-5 1.57382E-5 1.09358E-5 2.55575E-5 1.18528E-5 1.81829E-5 2.60948E-5 1.58751E-5 1.35337E-5 9.81869E-6 1.18053E-5 9.30083E-6 8.57711E-6 8.55967E-6
5.94822E-5 7.56337E-5 4.55294E-5 3.71559E-5 1.12037E-4 7.62523E-5 1.17261E-4 1.06068E-4 1.03083E-4 8.63484E-5 9.57174E-5 8.77564E-5 7.97125E-5 8.56571E-5 5.78663E-5 4.61627E-5 7.62169E-5 7.78803E-5 6.68534E-5 3.42215E-5 3.43227E-5 6.49826E-5 4.43407E-5 5.36342E-5 3.6329E-5 3.00352E-5 2.75902E-5 4.66616E-5 4.53935E-5 3.46135E-5 1.15983E-5 8.4023E-6 2.31864E-5 1.26256E-5 1.53775E-5 4.13243E-5 6.72304E-5 2.34885E-5 6.28365E-6 5.34468E-6 5.52189E-6 6.80659E-6 9.00854E-6 8.33055E-6 1.33972E-5 7.5214E-6 1.31206E-5 7.49403E-6 7.15238E-6 5.18581E-6 6.76332E-6 1.47635E-5 8.98732E-6 8.93487E-6 9.72528E-6 1.62494E-5 5.56875E-6 5.87384E-6 8.49927E-6 7.51743E-6 6.76377E-6 4.93291E-6 4.80047E-6 4.79112E-6 2.96054E-6 4.90133E-6
7.23483E-5 4.95039E-5 6.54791E-5 8.52804E-5 8.87057E-5 5.27743E-5 8.90674E-5 8.18448E-5 1.00199E-4 1.02102E-4 1.47547E-4 1.23104E-4 5.35815E-5 1.63109E-4 1.06548E-4 9.69654E-5 8.9275E-5 5.23518E-5 1.15423E-4 2.55674E-5 4.69623E-5 5.36137E-5 5.84734E-5 5.56163E-5 2.64308E-5 2.84829E-5 5.21419E-5 5.21489E-5 4.94945E-5 3.04298E-5 2.36246E-5 1.12946E-5 1.36433E-5 2.29876E-5 1.64908E-5 1.5974E-5 2.20482E-5 3.74038E-5 2.17818E-5 2.23196E-5 1.95731E-5 9.85628E-6 9.08312E-6 9.1799E-6 1.81149E-5 2.11786E-5 1.24405E-5 6.7989E-6 1.00311E-5 2.60577E-5 1.9027E-5 9.69087E-6 5.44076E-6 2.95245E-6 3.3131E-6 7.78311E-6 5.60858E-6 8.67953E-6 1.04672E-5 5.0137E-6 2.87544E-6 5.03424E-6 2.86279E-6 4.85355E-6 2.84001E-6 2.4204E-6
8.17405E-5 8.12439E-5 4.01031E-5 4.71071E-5 5.43894E-5 5.87555E-5 7.58272E-5 8.16908E-5 1.31722E-4 1.38227E-4 1.01998E-4 1.03824E-4 8.25648E-5 1.30921E-4 1.06902E-4 7.37575E-5 7.55549E-5 4.88445E-5 8.99202E-5 5.93933E-5 6.06299E-5 6.09751E-5 3.73569E-5 2.5216E-5 8.29591E-6 1.43146E-5 5.48208E-5 4.78794E-5 5.19463E-5 1.47616E-5 3.47399E-5 3.23144E-5 5.21556E-5 5.02856E-5 4.49569E-5 2.53704E-5 1.53189E-5 8.36304E-6 1.30596E-5 2.38191E-5 2.28494E-5 1.83636E-5 2.78533E-5 1.11362E-5 1.49111E-5 2.21249E-5 7.46354E-6 7.2608E-6 1.44057E-5 4.25435E-5 1.94063E-5 8.63966E-6 1.1741E-5 1.15034E-5 1.36246E-5 1.77816E-5 1.27387E-5 5.65481E-6 3.15121E-6 5.09741E-6 5.20091E-6 4.89935E-6 4.90773E-6 4.87833E-6 2.4568E-6 2.46505E-6
5.64252E-5 4.51442E-5 7.81512E-5 4.40503E-5 4.58171E-5 6.83758E-5 8.65014E-5 1.28098E-4 8.44618E-5 1.03994E-4 1.08693E-4 1.60824E-4 1.37715E-4 8.54341E-5 9.48475E-5 8.67044E-5 6.26129E-5 5.75649E-5 9.65673E-5 1.097E-4 7.63227E-5 4.36948E-5 2.2933E-5 2.69685E-5 4.68055E-5 2.754E-5 3.29571E-5 3.84517E-5 4.26942E-5 2.03628E-5 5.27995E-5 7.0591E-5 6.54593E-5 4.32608E-5 5.25157E-5 4.5322E-5 1.38019E-5 2.58034E-5 2.23519E-5 2.21369E-5 1.93023E-5 2.57642E-5 4.22191E-5 7.74899E-5 5.42608E-5 2.12778E-5 3.38795E-5 3.0973E-5 2.73685E-5 2.17199E-5 3.59331E-6 5.42221E-6 5.1547E-6 1.06646E-5 1.05194E-5 1.59056E-5 9.37799E-6 5.25903E-6 5.01722E-6 4.96449E-6 2.89783E-6 2.89188E-6 4.934E-6 5.08928E-6 2.51695E-6 4.79017E-6
4.71295E-5 6.01603E-5 5.31233E-5 7.72709E-5 5.40786E-5 6.20995E-5 5.39389E-5 4.92739E-5 1.05188E-4 5.67776E-5 8.27776E-5 1.00047E-4 8.04276E-5 7.63038E-5 7.84105E-5 1.0825E-4 8.95085E-5 8.5905E-5 8.16454E-5 5.75251E-5 2.03142E-5 3.20487E-5 1.81934E-5 3.49593E-5 8.54874E-5 2.10227E-4 3.84529E-5 3.90175E-5 6.40544E-5 5.59854E-5 8.38831E-5 8.38884E-5 6.7662E-5 3.509E-5 8.5101E-5 8.3114E-5 4.06305E-5 6.11272E-5 4.90434E-5 7.49716E-5 4.73744E-5 4.8658E-5 7.93983E-5 5.03964E-5 4.08731E-5 5.5594E-5 5.26083E-5 9.64246E-5 3.894E-5 7.38662E-6 6.39453E-6 1.01778E-5 7.16595E-6 8.21818E-6 1.71319E-5 2.27348E-5 1.65408E-5 1.31394E-5 8.59829E-6 5.03923E-6 5.03866E-6 5.05629E-6 5.07301E-6 1.52272E-6 3.49291E-6 1.21589E-5
4.55315E-5 2.95484E-5 6.1406E-5 8.9883E-5 8.06467E-5 5.10732E-5 5.23212E-5 6.27027E-5 5.45646E-5 1.18501E-4 7.46471E-5 7.82647E-5 6.43361E-5 5.66858E-5 7.96491E-5 5.96742E-5 8.38885E-5 8.21075E-5 3.13453E-5 5.45241E-5 1.88591E-5 4.77192E-5 5.3729E-5 5.39833E-5 5.49818E-5 5.42098E-5 7.93647E-5 5.87749E-5 8.5387E-5 1.28094E-4 5.89822E-5 5.94987E-5 5.53459E-5 6.27851E-5 4.48838E-5 3.12559E-5 4.0385E-5 3.21683E-5 1.11168E-5 3.57856E-5 6.64902E-5 7.57241E-5 4.7327E-5 3.40535E-5 5.33813E-5 4.46877E-5 2.37204E-5 3.82475E-5 8.45798E-5 4.63502E-5 3.73139E-5 2.8735E-5 3.16867E-5 4.71543E-5 2.19121E-5 1.22103E-5 8.85138E-6 5.73293E-6 1.05207E-5 6.58667E-6 5.4176E-6 6.34655E-6 3.25865E-6 3.42496E-6 6.32759E-6 2.88354E-6
7.37266E-5 4.22022E-5 3.68095E-5 5.62074E-5 8.0489E-5 6.54759E-5 5.41678E-5 4.78088E-5 3.49238E-5 6.78814E-5 7.67502E-5 8.76652E-5 5.206E-5 5.37163E-5 4.79115E-5 6.31558E-5 6.80038E-5 7.39404E-5 4.94215E-5 4.10853E-5 4.23617E-5 7.90147E-5 7.51282E-5 7.08015E-5 1.01283E-4 1.20588E-4 1.25053E-4 8.88776E-5 8.34094E-5 1.617E-4 1.34082E-4 7.34928E-5 5.42007E-5 3.20881E-5 5.4536E-5 6.10061E-5 4.80078E-5 1.64335E-5 4.34085E-5 3.65261E-5 5.58903E-5 4.42837E-5 4.09225E-5 7.35982E-5 7.80907E-5 4.59971E-5 3.03838E-5 5.00647E-5 2.40408E-5 4.69107E-5 3.41232E-5 4.32746E-5 1.62516E-5 3.11316E-5 1.70225E-5 2.01426E-5 2.92361E-5 1.66786E-5 2.27378E-5 7.22479E-6 1.79341E-5 2.99286E-5 1.09847E-5 2.46806E-5 3.01349E-6 2.85122E-6
4.90288E-5 3.3924E-5 4.65969E-5 6.1041E-5 5.51204E-5 1.3098E-5 2.54461E-5 3.21604E-5 4.654E-5 8.09262E-5 8.22577E-5 6.72362E-5 6.2658E-5 6.99982E-5 4.25533E-5 5.13186E-5 7.32281E-5 4.99053E-5 1.0683E-4 3.44209E-5 6.60992E-5 6.53999E-5 7.03299E-5 7.34333E-5 9.19655E-5 5.51347E-5 6.20923E-5 5.63932E-5 5.95003E-5 4.749E-5 7.36497E-5 7.81651E-5 5.16586E-5 5.11336E-5 6.55237E-5 1.13873E-4 2.78897E-5 3.56714E-5 6.09343E-5 5.33962E-5 5.46315E-5 4.90248E-5 6.53665E-5 5.36917E-5 3.56934E-5 3.46411E-5 4.35801E-5 3.7857E-5 3.6763E-5 2.99303E-5 4.19052E-5 2.67243E-5 2.80451E-5 5.6693E-5 2.53787E-5 2.16895E-5 2.23047E-5 2.6803E-5 2.17142E-5 1.95174E-5 1.30573E-5 1.75101E-5 5.28365E-5 9.95082E-6 3.22966E-6 2.52995E-6
1.25313E-4 6.35169E-5 4.2134E-5 7.28452E-5 6.8048E-5 5.28561E-5 5.99872E-5 7.204E-5 7.6497E-5 8.94812E-5 5.89318E-5 7.13536E-5 5.62529E-5 4.31628E-5 5.73123E-5 5.41723E-5 2.66886E-5 6.04052E-5 7.63932E-5 5.50732E-5 6.01783E-5 6.36963E-5 6.61443E-5 8.1104E-5 5.04309E-5 8.15135E-5 8.81597E-5 2.17223E-5 4.9071E-5 4.55125E-5 2.98462E-5 7.77734E-5 6.38779E-5 1.14922E-4 7.90793E-5 8.41636E-5 5.43632E-5 3.27833E-5 4.49204E-5 8.55144E-5 5.21371E-5 5.41355E-5 8.48738E-5 8.45498E-5 3.49984E-5 5.11582E-5 4.85411E-5 3.9175E-5 3.94809E-5 3.60939E-5 3.62556E-5 2.48833E-5 2.62035E-5 5.32362E-5 5.56497E-5 3.92892E-5 1.5735E-5 1.09884E-5 1.17187E-5 7.43744E-6 4.07426E-5 4.86695E-5 1.36497E-5 4.99891E-6 1.79395E-5 1.43176E-5
7.3914E-5 1.56933E-4 5.99935E-5 5.60772E-5 3.97635E-5 6.3718E-5 4.51931E-5 7.15932E-5 4.98639E-5 5.28796E-5 4.64827E-5 8.38583E-5 6.81338E-5 1.19618E-4 6.45339E-5 8.0768E-5 3.92901E-5 1.04603E-4 7.29682E-5 7.81507E-5 9.3658E-5 9.16985E-5 9.40357E-5 5.6266E-5 1.03859E-4 7.57868E-5 5.05389E-5 2.01987E-5 5.2266E-5 6.49979E-5 5.54126E-5 1.27167E-4 7.3822E-5 1.03965E-4 5.20311E-5 9.24787E-5 5.87473E-5 7.21381E-5 6.07724E-5 9.1587E-5 9.28795E-5 5.69131E-5 8.3987E-5 1.10675E-4 1.04185E-4 4.99204E-5 1.1464E-4 9.58471E-5 3.17612E-5 3.731E-5 4.36131E-5 1.23999E-5 4.45313E-5 3.14829E-5 2.00224E-5 2.69231E-5 9.2926E-6 9.02273E-6 1.66042E-5 5.27874E-5 5.09913E-5 1.82982E-5 1.51801E-5 9.81858E-6 6.23675E-6 2.30518E-5
9.9229E-5 1.1485E-4 1.4493E-4 1.06585E-4 8.55152E-5 5.73579E-5 6.31529E-5 5.23962E-5 4.3711E-5 9.13913E-5 7.79693E-5 1.10084E-4 1.11652E-4 1.07223E-4 4.89338E-5 1.23541E-4 1.01594E-4 8.6493E-5 9.0907E-5 1.51136E-4 1.67273E-4 1.2297E-4 8.10485E-5 1.16106E-4 5.54734E-5 7.53334E-5 3.4049E-5 5.27911E-5 7.84553E-5 7.50405E-5 5.89E-5 6.6881E-5 6.35423E-5 7.53465E-5 5.13035E-5 9.40894E-5 9.8975E-5 5.62253E-5 4.74458E-5 7.54142E-5 7.82333E-5 7.90597E-5 7.11977E-5 7.78389E-5 7.48387E-5 6.25425E-5 4.36062E-5 3.80905E-5 4.1734E-5 8.61249E-5 4.03324E-5 1.5647E-5 2.09643E-5 3.4988E-5 3.62569E-5 4.06882E-5 3.39415E-5 4.61786E-5 4.8416E-5 5.80269E-5 4.74694E-5 1.57374E-5 2.53692E-5 3.24105E-5 2.39764E-5 2.12253E-5
1.21088E-4 9.79999E-5 1.42185E-4 8.82501E-5 7.78498E-5 4.64865E-5 3.56215E-5 7.99319E-5 8.38701E-5 1.27023E-4 1.35359E-4 8.98713E-5 1.56916E-4 1.40882E-4 6.45802E-5 8.60612E-5 1.01076E-4 1.42911E-4 1.41571E-4 1.25808E-4 1.33715E-4 6.94997E-5 5.48122E-5 9.93497E-5 6.77011E-5 6.64562E-5 9.75143E-5 5.92941E-5 6.36906E-5 6.93222E-5 7.69276E-5 6.18621E-5 5.58635E-5 7.575E-5 6.80894E-5 7.74504E-5 7.21537E-5 5.7616E-5 6.50506E-5 5.57428E-5 7.88565E-5 6.29096E-5 5.43229E-5 4.39326E-5 1.73153E-5 9.28505E-5 5.85972E-5 3.34582E-5 7.10582E-5 1.11237E-4 5.56717E-5 4.72814E-5 3.67009E-5 6.58685E-5 6.37099E-5 5.33339E-5 2.18291E-5 7.34397E-5 3.84928E-5 5.132E-5 2.75615E-5 4.90632E-5 2.00016E-5 5.0502E-5 2.02531E-5 6.09055E-6
1.664E-4 1.22712E-4 1.80633E-4 9.90909E-5 4.0286E-5 3.39489E-5 6.40559E-5 1.53613E-4 8.0295E-5 8.2683E-5 7.02724E-5 8.14431E-5 1.52113E-4 8.42372E-5 9.06634E-5 7.11913E-5 1.30973E-4 1.26551E-4 9.7108E-5 6.77235E-5 8.02116E-5 6.07009E-5 1.29481E-4 2.04062E-4 6.59003E-5 8.28832E-5 7.73312E-5 7.7895E-5 8.19507E-5 5.50166E-5 7.48359E-5 6.74757E-5 3.42316E-5 3.84876E-5 1.02602E-4 7.65805E-5 4.63313E-5 4.06102E-5 4.80224E-5 4.88567E-5 7.38939E-5 4.50347E-5 2.89194E-5 4.88706E-5 3.41664E-5 1.13465E-4 6.75313E-5 9.6925E-5 7.21759E-5 3.12594E-5 5.61269E-5 1.41536E-5 5.54907E-5 1.00438E-4 5.28715E-5 4.38055E-5 2.58111E-5 5.35219E-5 7.1749E-5 3.82237E-5 2.42635E-5 1.79136E-5 4.3901E-5 6.50509E-5 3.65589E-5 7.71166E-6
1.49562E-4 9.57018E-5 9.9994E-5 5.47842E-5 8.8894E-5 1.14059E-4 9.63481E-5 1.23615E-4 9.39707E-5 1.41012E-4 1.35578E-4 9.08071E-5 9.01822E-5 1.72819E-5 8.07039E-5 9.37501E-5 6.52841E-5 1.24804E-4 5.72407E-5 7.66027E-5 4.32477E-5 1.56309E-4 7.46132E-5 1.07825E-4 5.95414E-5 7.55423E-5 7.62509E-5 9.63363E-5 4.9189E-5 5.59575E-5 7.43162E-5 4.41221E-5 6.36725E-5 5.3173E-5 4.04724E-5 1.01873E-4 6.71131E-5 3.28673E-5 5.88155E-5 3.5953E-5 2.12326E-5 6.39389E-5 4.43386E-5 5.35489E-5 5.71039E-5 4.2344E-5 8.26556E-5 8.80511E-5 1.79615E-5 1.31398E-5 1.56506E-5 1.45982E-5 1.978E-5 4.16776E-5 3.78729E-5 4.04233E-5 4.93768E-5 5.99563E-5 5.48653E-5 8.119E-5 3.54116E-5 2.09012E-5 1.79424E-5 5.76636E-5 5.66284E-5 1.28008E-4
1.87509E-4 7.90379E-5 1.72121E-4 1.44943E-4 1.0053E-4 1.41765E-4 1.49373E-4 1.03854E-4 1.54057E-4 1.62236E-4 9.69201E-5 8.50739E-5 1.28245E-4 9.90885E-5 9.55017E-5 1.163E-4 1.45319E-4 1.37608E-4 9.58899E-5 4.30071E-5 8.84434E-5 2.06216E-4 3.42189E-4 1.12374E-4 6.73305E-5 5.98163E-5 4.43917E-5 8.3661E-5 8.78898E-5 8.27336E-5 9.44994E-5 3.45638E-5 5.09909E-5 2.42743E-5 6.20247E-5 9.23948E-5 5.61155E-5 4.51969E-5 7.50591E-5 1.59852E-4 6.68326E-5 6.65296E-5 6.47026E-5 5.30534E-5 3.84103E-5 7.07147E-5 1.20713E-4 6.76688E-5 3.05615E-5 3.05237E-5 2.43304E-5 3.43624E-5 6.99288E-5 4.51659E-5 1.62626E-5 1.90234E-5 5.58315E-5 4.97513E-5 6.53269E-5 7.77883E-5 3.29364E-5 4.55556E-5 3.67891E-5 5.64883E-5 4.29984E-5 5.22803E-5
