catData/rasterBestHybridModels/Prubiginosus/RD_BM01_RM1_L/Prubiginosus_avg.asc
ncols         409
nrows         350
xllcorner     60.897278365
yllcorner     5.843756025
cellsize      0.0892857
NODATA_value  -9999
[rows 0 to 28 of 350, columns 130 to 194 of 409]
-9999 -9999 -9999 -9999 -9999 -9999 -9999 -9999 -9999 -9999 -9999 -9999 -9999 -9999 -9999 -9999 -9999 -9999 -9999 -9999 -9999 -9999 -9999 3.96191E-7 3.17477E-7 3.1199E-7 2.62733E-7 -9999 4.91338E-7 3.96237E-7 -9999 -9999 -9999 -9999 -9999 -9999 -9999 -9999 -9999 -9999 -9999 -9999 -9999 -9999 -9999 -9999 -9999 -9999 -9999 -9999 -9999 -9999 -9999 -9999 -9999 -9999 -9999 -9999 -9999 -9999 -9999 -9999 -9999 -9999 -9999
-9999 -9999 -9999 -9999 -9999 -9999 -9999 -9999 -9999 -9999 -9999 -9999 -9999 -9999 -9999 -9999 -9999 -9999 -9999 -9999 5.36838E-7 6.87318E-7 6.83959E-7 5.61177E-7 5.39392E-7 4.40897E-7 3.95168E-7 6.24758E-7 7.86385E-7 6.345E-7 7.07849E-7 6.4522E-7 -9999 -9999 -9999 -9999 -9999 -9999 -9999 -9999 -9999 -9999 -9999 -9999 -9999 -9999 -9999 -9999 -9999 -9999 -9999 -9999 -9999 -9999 -9999 -9999 -9999 -9999 -9999 -9999 -9999 -9999 -9999 -9999 -9999
4.98399E-7 1.04001E-6 1.01268E-6 1.51697E-6 1.68439E-6 1.52253E-6 1.31904E-6 1.79041E-6 1.21255E-6 1.62435E-6 1.73494E-6 1.49129E-6 1.22685E-6 9.84764E-7 1.18602E-6 1.24303E-6 1.35837E-6 9.00979E-7 1.35152E-6 1.32519E-6 1.36782E-6 1.64825E-6 1.75602E-6 1.35337E-6 1.13742E-6 7.54432E-7 8.08441E-7 1.79923E-6 2.07165E-6 1.74463E-6 1.38608E-6 9.53167E-7 8.99158E-7 -9999 -9999 -9999 -9999 -9999 -9999 -9999 -9999 -9999 -9999 -9999 -9999 -9999 -9999 -9999 -9999 -9999 -9999 -9999 -9999 -9999 -9999 -9999 -9999 -9999 -9999 -9999 -9999 -9999 -9999 -9999 -9999
6.69765E-7 1.76107E-6 1.52559E-6 1.5295E-6 1.72835E-6 2.11968E-6 1.74839E-6 1.58524E-6 1.61364E-6 1.54777E-6 1.01445E-6 8.46275E-7 7.45486E-7 5.77679E-7 4.89866E-7 5.32449E-7 1.32391E-6 1.29098E-6 1.18114E-6 8.83754E-7 1.88593E-6 1.85302E-6 1.70682E-6 2.30587E-6 3.57171E-6 3.28277E-6 2.93492E-6 2.53498E-6 1.15933E-6 7.32236E-7 7.09661E-7 1.17775E-6 6.42469E-7 3.59503E-7 2.93804E-7 3.35386E-7 5.22137E-7 -9999 -9999 -9999 -9999 -9999 -9999 -9999 -9999 -9999 -9999 -9999 -9999 -9999 -9999 -9999 -9999 -9999 -9999 -9999 -9999 -9999 -9999 -9999 -9999 -9999 -9999 -9999 -9999
1.78139E-6 2.18088E-6 1.10232E-6 1.13539E-6 2.18564E-6 9.29833E-7 5.31831E-7 4.86692E-7 5.29125E-7 7.43534E-7 9.25953E-7 6.20066E-7 3.78514E-7 3.56316E-7 4.16919E-7 5.36249E-7 1.20636E-6 1.15263E-6 4.77376E-7 4.08243E-7 4.89763E-7 4.12037E-7 5.13881E-7 8.21702E-7 2.11903E-6 3.83559E-6 3.29302E-6 9.80276E-7 7.12501E-7 5.59393E-7 6.67901E-7 7.17777E-7 4.80928E-7 2.77241E-7 2.64764E-7 3.67386E-7 6.25145E-7 1.24798E-6 -9999 -9999 -9999 -9999 -9999 -9999 -9999 -9999 -9999 -9999 -9999 -9999 -9999 -9999 -9999 -9999 -9999 -9999 -9999 -9999 -9999 -9999 -9999 -9999 -9999 -9999 -9999
2.81855E-6 1.32277E-6 1.14975E-6 2.04095E-6 2.17125E-6 9.43251E-7 5.97045E-7 6.15118E-7 9.21026E-7 1.2315E-6 2.07268E-6 1.10713E-6 6.81612E-7 9.45237E-7 1.32079E-6 1.36383E-6 1.24114E-6 1.82667E-6 8.19961E-7 3.73559E-7 2.14123E-7 2.38372E-7 3.45955E-7 5.44688E-7 8.2634E-7 2.73284E-6 3.91291E-6 1.41685E-6 8.74047E-7 8.21452E-7 8.75049E-7 6.34827E-7 6.42231E-7 5.31132E-7 3.99631E-7 3.58856E-7 4.0802E-7 1.24826E-6 2.13985E-6 -9999 -9999 -9999 -9999 -9999 -9999 -9999 -9999 -9999 -9999 -9999 -9999 -9999 -9999 -9999 -9999 -9999 -9999 -9999 -9999 -9999 -9999 -9999 -9999 -9999 -9999
1.76838E-6 1.74546E-6 3.19984E-6 2.78963E-6 1.12089E-6 7.00801E-7 6.30733E-7 1.01667E-6 1.92163E-6 3.6251E-6 2.93774E-6 1.12853E-6 7.06801E-7 1.18962E-6 3.73649E-6 4.82503E-6 2.95573E-6 1.55163E-6 7.98752E-7 7.0505E-7 4.27734E-7 2.67106E-7 2.0695E-7 3.09029E-7 6.7608E-7 2.90448E-6 3.90838E-6 2.74064E-6 2.89173E-6 2.18881E-6 2.0043E-6 1.03628E-6 1.01762E-6 1.24485E-6 1.02653E-6 5.32418E-7 5.19965E-7 8.99542E-7 2.13753E-6 -9999 -9999 -9999 -9999 -9999 -9999 -9999 -9999 -9999 -9999 -9999 -9999 -9999 -9999 -9999 -9999 -9999 -9999 -9999 -9999 -9999 -9999 -9999 -9999 -9999 -9999
1.90821E-6 4.19904E-6 2.92872E-6 1.23311E-6 7.72838E-7 5.71189E-7 4.93551E-7 8.95529E-7 2.08782E-6 5.54968E-6 2.20176E-6 9.81405E-7 7.82056E-7 1.21682E-6 4.8345E-6 5.52731E-6 2.27852E-6 1.34595E-6 1.01603E-6 1.19019E-6 9.10274E-7 4.48705E-7 5.82308E-7 7.15882E-7 4.71803E-7 1.295E-6 4.85432E-6 1.2476E-6 7.12182E-7 7.42262E-7 1.2955E-6 1.9548E-6 2.4143E-6 1.71731E-6 1.21122E-6 1.02189E-6 1.23863E-6 1.41607E-6 1.71319E-6 1.71318E-6 -9999 -9999 -9999 -9999 -9999 -9999 -9999 -9999 -9999 -9999 -9999 -9999 -9999 -9999 -9999 -9999 -9999 -9999 -9999 -9999 -9999 -9999 -9999 -9999 -9999
4.22312E-6 3.47328E-6 1.3117E-6 8.41147E-7 6.48194E-7 5.55875E-7 6.06087E-7 9.86797E-7 1.63859E-6 4.52326E-6 2.9507E-6 1.70055E-6 2.03036E-6 2.02923E-6 6.47355E-6 3.13212E-6 1.39526E-6 1.51466E-6 1.28652E-6 1.93818E-6 2.7256E-6 1.72299E-6 2.00954E-6 3.68238E-6 2.70102E-6 3.17396E-6 3.67391E-6 6.99225E-7 2.27024E-7 2.44171E-7 2.553E-7 5.92657E-7 9.46774E-7 9.65445E-7 6.76486E-7 7.16759E-7 1.59165E-6 1.63248E-6 7.11141E-7 5.88462E-7 -9999 -9999 -9999 -9999 -9999 -9999 -9999 -9999 -9999 -9999 -9999 -9999 -9999 -9999 -9999 -9999 -9999 -9999 -9999 -9999 -9999 -9999 -9999 -9999 -9999
3.09018E-6 1.3475E-6 1.15358E-6 1.14538E-6 1.28256E-6 1.33536E-6 1.32098E-6 1.70725E-6 3.07441E-6 3.96995E-6 4.11178E-6 4.66091E-6 4.23253E-6 6.88643E-6 7.95789E-6 2.25101E-6 1.23321E-6 1.65091E-6 1.92118E-6 2.5803E-6 6.73825E-6 5.05073E-6 4.24951E-6 3.47942E-6 3.46022E-6 4.66076E-6 3.39932E-6 1.77754E-6 4.84057E-7 3.79545E-7 2.02612E-7 2.69589E-7 2.52028E-7 3.84044E-7 3.5751E-7 4.50695E-7 7.31854E-7 1.20625E-6 5.52178E-7 3.41499E-7 -9999 -9999 -9999 -9999 -9999 -9999 -9999 -9999 -9999 -9999 -9999 -9999 -9999 -9999 -9999 -9999 -9999 -9999 -9999 -9999 -9999 -9999 -9999 -9999 -9999
1.31587E-6 1.81693E-6 1.93529E-6 2.20722E-6 2.58054E-6 2.73339E-6 2.74353E-6 2.89733E-6 3.67654E-6 2.08474E-6 1.57991E-6 1.92025E-6 1.44762E-6 4.55429E-6 6.4437E-6 6.15559E-6 2.63239E-6 2.04936E-6 2.73729E-6 5.15262E-6 5.84797E-6 1.60457E-6 7.95734E-7 6.36934E-7 6.8342E-7 1.15753E-6 1.4248E-6 1.64493E-6 1.55242E-6 1.36894E-6 7.35511E-7 4.04096E-7 2.95771E-7 3.54772E-7 2.84884E-7 2.39391E-7 3.92183E-7 7.98277E-7 5.18287E-7 -9999 -9999 -9999 -9999 -9999 -9999 -9999 -9999 -9999 -9999 -9999 -9999 -9999 -9999 -9999 -9999 -9999 -9999 -9999 -9999 -9999 -9999 -9999 -9999 -9999 -9999
1.7366E-6 1.77256E-6 1.17136E-6 1.0472E-6 1.09438E-6 1.3271E-6 1.33195E-6 1.14743E-6 1.26604E-6 1.47471E-6 9.76782E-7 7.09385E-7 8.44368E-7 1.31193E-6 3.46345E-6 5.04321E-6 4.71626E-6 5.7639E-6 6.13325E-6 8.8014E-6 4.47462E-6 1.77524E-6 1.7982E-6 1.49869E-6 6.78243E-7 4.1933E-7 4.119E-7 4.1919E-7 6.42247E-7 7.21856E-7 1.0727E-6 9.29217E-7 7.39204E-7 5.72366E-7 2.81542E-7 2.20195E-7 3.97052E-7 5.29644E-7 3.16365E-7 -9999 -9999 -9999 -9999 -9999 -9999 -9999 -9999 -9999 -9999 -9999 -9999 -9999 -9999 -9999 -9999 -9999 -9999 -9999 -9999 -9999 -9999 -9999 -9999 -9999 -9999
8.63295E-7 9.2737E-7 8.32214E-7 5.1088E-7 5.36098E-7 6.21502E-7 7.21384E-7 1.03181E-6 1.59781E-6 1.73611E-6 1.15543E-6 7.56978E-7 8.68267E-7 1.0538E-6 1.96554E-6 2.09766E-6 1.38754E-6 3.18181E-6 6.45825E-6 1.18703E-5 1.2249E-5 5.81906E-6 6.67376E-6 2.79311E-6 2.6643E-6 1.52109E-6 6.12435E-7 2.45675E-7 3.07837E-7 5.94012E-7 7.18189E-7 8.01509E-7 8.05041E-7 8.83968E-7 6.31197E-7 5.25768E-7 3.97219E-7 3.51071E-7 3.98113E-7 3.36479E-7 1.17914E-7 -9999 -9999 -9999 -9999 -9999 -9999 -9999 -9999 -9999 -9999 -9999 -9999 -9999 -9999 -9999 -9999 -9999 -9999 -9999 -9999 -9999 -9999 -9999 -9999
5.25165E-7 5.31768E-7 7.28146E-7 7.76652E-7 7.99171E-7 7.85098E-7 5.54419E-7 7.73686E-7 1.14902E-6 2.34291E-6 1.29977E-6 7.65576E-7 1.30703E-6 1.8336E-6 1.65109E-6 1.14926E-6 1.63695E-6 1.99065E-6 3.36095E-6 4.75635E-6 6.28129E-6 9.28994E-6 7.91747E-6 4.4539E-6 7.79428E-6 4.25026E-6 7.68715E-7 3.51928E-7 5.11904E-7 6.06243E-7 7.63768E-7 8.91195E-7 9.9723E-7 6.74606E-7 5.81656E-7 5.64124E-7 4.99795E-7 3.90389E-7 4.42173E-7 1.98916E-7 7.81023E-8 -9999 -9999 -9999 5.65742E-8 6.95489E-8 -9999 -9999 -9999 -9999 -9999 -9999 -9999 -9999 -9999 -9999 -9999 -9999 -9999 -9999 -9999 -9999 -9999 -9999 -9999
6.18503E-7 8.20909E-7 1.08568E-6 1.67478E-6 1.16481E-6 1.18454E-6 7.85605E-7 7.31874E-7 1.39778E-6 3.73694E-6 1.78521E-6 1.03615E-6 2.24703E-6 3.68294E-6 1.76044E-6 1.50793E-6 1.76707E-6 1.71199E-6 1.69408E-6 1.97419E-6 2.86521E-6 2.98325E-6 5.23017E-6 8.11957E-6 9.64238E-6 5.2619E-6 1.30358E-6 7.80327E-7 1.63691E-6 1.26785E-6 8.13717E-7 1.01889E-6 1.97144E-6 8.45273E-7 8.04108E-7 5.37463E-7 4.46826E-7 3.95252E-7 3.91738E-7 1.57623E-7 9.13107E-8 9.2551E-8 1.36441E-7 1.60442E-7 1.5281E-7 1.50502E-7 -9999 -9999 -9999 -9999 -9999 -9999 -9999 -9999 -9999 -9999 -9999 -9999 -9999 -9999 -9999 -9999 -9999 -9999 -9999
8.31782E-7 1.68977E-6 1.61978E-6 1.35928E-6 2.6499E-6 1.63776E-6 8.15001E-7 7.71076E-7 1.59805E-6 3.94548E-6 4.27143E-6 2.67361E-6 7.39687E-6 3.74613E-6 2.2306E-6 3.8706E-6 6.07512E-6 2.35288E-6 1.56688E-6 1.07329E-6 2.22412E-6 2.11037E-6 3.24379E-6 7.42713E-6 7.94651E-6 6.81239E-6 6.05468E-6 3.02021E-6 3.89048E-6 1.85256E-6 1.50693E-6 1.7908E-6 3.09609E-6 4.01941E-6 2.38395E-6 1.45967E-6 8.96053E-7 7.09631E-7 5.49725E-7 2.5637E-7 2.7732E-7 3.19333E-7 1.64666E-7 1.73604E-7 2.28891E-7 2.70303E-7 1.89961E-7 1.98339E-7 -9999 -9999 -9999 -9999 -9999 -9999 -9999 -9999 -9999 -9999 -9999 -9999 -9999 -9999 -9999 -9999 -9999
1.66975E-6 2.31833E-6 1.88581E-6 2.0862E-6 3.16266E-6 1.55617E-6 1.00786E-6 7.99526E-7 1.42263E-6 2.17128E-6 6.88853E-6 1.04841E-5 1.02405E-5 5.82479E-6 6.86142E-6 1.42053E-5 1.01834E-5 3.86782E-6 3.42561E-6 1.42647E-6 1.12423E-6 1.22482E-6 1.72152E-6 6.22707E-6 5.3974E-6 1.18514E-6 2.38767E-6 5.05771E-6 6.29276E-6 4.8562E-6 4.13312E-6 3.6026E-6 1.6319E-6 3.65029E-6 3.23521E-6 9.58156E-7 6.49653E-7 5.05145E-7 4.45358E-7 6.59209E-7 4.44606E-7 2.29717E-7 1.3948E-7 1.84444E-7 1.85136E-7 1.83169E-7 2.73665E-7 2.80812E-7 2.93691E-7 3.5764E-7 2.3851E-7 1.57137E-7 -9999 -9999 -9999 -9999 -9999 -9999 -9999 -9999 -9999 -9999 -9999 -9999 -9999
3.4897E-6 3.15205E-6 1.41721E-6 2.56196E-6 2.69544E-6 3.19772E-6 2.60921E-6 2.94749E-6 5.22738E-6 8.59614E-6 1.1351E-5 1.41861E-5 1.42612E-5 1.50416E-5 1.5978E-5 1.60318E-5 1.39381E-5 8.05935E-6 9.80924E-6 4.04035E-6 2.47807E-6 2.03356E-6 2.61887E-6 9.40886E-6 6.75798E-6 3.26351E-6 1.63867E-6 1.75525E-6 1.43978E-6 1.61653E-6 1.96045E-6 3.50647E-6 2.55098E-6 1.44376E-6 4.45378E-6 3.99087E-6 1.24898E-6 6.63218E-7 5.4287E-7 6.45889E-7 5.83501E-7 4.06989E-7 4.25242E-7 4.49149E-7 3.51454E-7 3.49181E-7 6.29317E-7 3.92083E-7 1.51615E-7 3.06579E-7 3.62784E-7 2.06601E-7 1.70384E-7 1.00436E-7 9.06466E-8 -9999 2.22542E-7 -9999 5.98409E-7 -9999 -9999 -9999 -9999 -9999 -9999
3.0796E-6 3.51087E-6 1.04707E-6 1.73386E-6 5.40153E-6 6.20665E-6 8.09051E-6 1.18877E-5 9.94985E-6 6.50834E-6 3.14802E-6 3.26602E-6 4.17231E-6 4.87252E-6 1.27265E-5 1.33306E-5 1.43796E-5 1.49191E-5 1.36807E-5 8.08059E-6 7.2942E-6 6.38357E-6 7.80716E-6 4.88168E-6 1.89554E-6 4.11586E-6 2.93067E-6 1.12192E-6 7.20338E-7 5.73848E-7 8.92621E-7 2.45716E-6 3.80656E-6 3.29272E-6 2.2942E-6 5.2457E-6 3.53005E-6 1.74465E-6 1.02539E-6 9.96539E-7 1.12602E-6 5.4285E-7 6.51902E-7 9.45607E-7 4.60298E-7 4.21528E-7 8.63885E-7 6.34443E-7 2.26566E-7 2.07097E-7 3.96968E-7 4.47758E-7 3.42208E-7 1.40264E-7 1.04311E-7 1.07939E-7 2.0331E-7 3.19913E-7 4.38246E-7 8.01587E-7 8.74554E-7 5.379E-7 -9999 -9999 -9999
1.85625E-6 4.32036E-6 1.73255E-6 1.33115E-6 3.02411E-6 2.14932E-6 3.43852E-6 1.1892E-5 9.64903E-6 2.9337E-6 1.17848E-6 7.45631E-7 9.41833E-7 1.80921E-6 6.42631E-6 3.9258E-6 4.85936E-6 1.06968E-5 9.44894E-6 3.77794E-6 5.52503E-6 2.2172E-6 1.35035E-6 7.16951E-7 7.61876E-7 1.75593E-6 4.35684E-6 1.27015E-6 7.4381E-7 4.79072E-7 6.10197E-7 8.36404E-7 1.23093E-6 4.04287E-6 7.68432E-6 4.92416E-6 5.40898E-6 3.24451E-6 1.58575E-6 1.12414E-6 1.84669E-6 1.13303E-6 1.03028E-6 2.68229E-6 6.99209E-7 5.85684E-7 1.15534E-6 7.00475E-7 3.43445E-7 1.83663E-7 1.91588E-7 3.53834E-7 6.86246E-7 2.84592E-7 1.2846E-7 1.10783E-7 2.52817E-7 5.29943E-7 9.52922E-7 9.40346E-7 8.68283E-7 8.77647E-7 -9999 -9999 -9999
8.23224E-6 6.73237E-6 1.88153E-6 1.75354E-6 3.83687E-6 3.4225E-6 5.65445E-6 1.27133E-5 1.38696E-5 5.60745E-6 1.66647E-6 1.0543E-6 1.05939E-6 1.33112E-6 2.64651E-6 1.79438E-6 2.33355E-6 5.23334E-6 3.52572E-6 3.1739E-6 2.81791E-6 1.38081E-6 4.71445E-7 5.4271E-7 1.56378E-6 3.06682E-6 3.6968E-6 1.96145E-6 9.39827E-7 6.80818E-7 4.64254E-7 4.91265E-7 7.01004E-7 1.32138E-6 3.88799E-6 3.47211E-6 2.79486E-6 4.5359E-6 3.62405E-6 1.41216E-6 1.89663E-6 4.2282E-6 3.09944E-6 4.87581E-6 2.36986E-6 8.90568E-7 1.53329E-6 1.17566E-6 5.57112E-7 2.79092E-7 1.81309E-7 4.20395E-7 1.05467E-6 5.66989E-7 2.04385E-7 1.1186E-7 1.61054E-7 3.71777E-7 8.23524E-7 4.68254E-7 4.06747E-7 4.58989E-7 -9999 -9999 -9999
9.16851E-6 4.54417E-6 1.84202E-6 2.8699E-6 8.86127E-6 7.43013E-6 1.25745E-5 9.45111E-6 4.92366E-6 2.93054E-6 1.38577E-6 1.40603E-6 1.52225E-6 1.9729E-6 1.81472E-6 1.11755E-6 1.83352E-6 2.4678E-6 1.70603E-6 1.62569E-6 2.02828E-6 8.55491E-7 4.37184E-7 6.27181E-7 1.29952E-6 3.43562E-6 2.169E-6 2.2978E-6 1.62196E-6 8.76854E-7 6.14461E-7 5.9512E-7 6.99723E-7 7.62678E-7 1.07119E-6 1.00549E-6 1.10426E-6 3.5479E-6 5.66754E-6 4.49325E-6 3.33103E-6 2.68913E-6 2.88695E-6 4.87098E-6 4.06134E-6 1.79767E-6 1.46312E-6 1.1445E-6 1.02366E-6 5.02054E-7 2.86842E-7 3.97907E-7 1.08183E-6 6.23878E-7 3.29865E-7 1.74628E-7 1.27294E-7 3.13716E-7 7.13996E-7 4.18994E-7 3.27226E-7 2.60675E-7 2.42542E-7 -9999 -9999
9.38417E-6 4.92378E-6 2.43083E-6 4.57382E-6 8.97777E-6 9.98768E-6 8.23162E-6 4.86599E-6 2.56459E-6 1.23354E-6 1.05194E-6 1.18358E-6 1.97235E-6 1.87276E-6 1.1748E-6 1.6641E-6 1.76496E-6 1.66129E-6 1.68749E-6 1.08365E-6 1.50974E-6 8.88486E-7 7.66345E-7 9.0154E-7 1.60696E-6 2.55737E-6 1.74963E-6 9.68051E-7 1.54893E-6 1.38997E-6 7.81452E-7 7.16098E-7 1.01235E-6 1.06487E-6 8.07445E-7 1.24686E-6 1.35815E-6 1.92982E-6 3.80229E-6 3.8983E-6 1.72715E-6 8.97056E-7 7.8513E-7 1.28722E-6 2.76116E-6 1.05034E-6 6.77946E-7 7.90549E-7 1.04156E-6 7.17092E-7 3.45553E-7 3.04343E-7 7.39675E-7 1.10172E-6 9.4463E-7 2.8444E-7 2.33716E-7 2.96246E-7 6.14822E-7 8.7191E-7 5.34856E-7 4.27005E-7 3.74845E-7 -9999 -9999
9.33277E-6 6.53791E-6 6.46162E-6 8.34073E-6 9.96646E-6 8.27306E-6 5.3524E-6 2.88028E-6 1.9188E-6 1.37587E-6 1.17703E-6 1.20366E-6 2.05237E-6 2.52976E-6 1.43861E-6 1.94383E-6 1.91508E-6 1.14609E-6 2.12528E-6 2.14918E-6 1.21266E-6 2.01143E-6 1.72994E-6 1.49082E-6 1.52316E-6 1.17048E-6 1.94833E-6 9.92867E-7 1.44495E-6 1.40613E-6 1.15383E-6 9.19621E-7 8.14348E-7 9.13568E-7 1.06284E-6 1.08807E-6 7.25292E-7 7.40276E-7 1.23462E-6 2.29826E-6 3.12597E-6 2.83766E-6 9.86629E-7 7.63895E-7 2.01466E-6 2.4029E-6 1.007E-6 8.58138E-7 7.84539E-7 7.22875E-7 5.84268E-7 3.73811E-7 3.56247E-7 4.94635E-7 1.39237E-6 1.06673E-6 7.26672E-7 4.57418E-7 5.26964E-7 9.14298E-7 9.70883E-7 1.01525E-6 5.81674E-7 -9999 -9999
1.56082E-5 1.51106E-5 1.56372E-5 1.07537E-5 1.00121E-5 8.32676E-6 5.18595E-6 2.2526E-6 2.5338E-6 1.89738E-6 1.31597E-6 1.72954E-6 3.24999E-6 2.96122E-6 2.56093E-6 2.01738E-6 1.25989E-6 1.39809E-6 3.44241E-6 3.31784E-6 1.80823E-6 3.24459E-6 1.56707E-6 1.06702E-6 9.14038E-7 1.04995E-6 1.7011E-6 9.92873E-7 1.46892E-6 1.41045E-6 1.15269E-6 6.0693E-7 8.29343E-7 9.72942E-7 1.12268E-6 1.08398E-6 1.07063E-6 1.10069E-6 7.65971E-7 7.73607E-7 1.4499E-6 4.25649E-6 1.16954E-6 5.72256E-7 9.05283E-7 1.94572E-6 1.85841E-6 2.05421E-6 1.79514E-6 1.18377E-6 7.07696E-7 6.67312E-7 4.93881E-7 3.06229E-7 5.84996E-7 1.61244E-6 9.84962E-7 2.7799E-7 2.28921E-7 2.74877E-7 3.58323E-7 7.75341E-7 1.07205E-6 1.02967E-6 -9999
8.28078E-6 9.85907E-6 1.67262E-5 1.06151E-5 1.16797E-5 1.45131E-5 1.14399E-5 7.11999E-6 3.59803E-6 2.51376E-6 2.68749E-6 5.11093E-6 4.46007E-6 1.54741E-6 1.27906E-6 1.21984E-6 1.87078E-6 2.65859E-6 5.69084E-6 5.23528E-6 4.79302E-6 5.05358E-6 4.10793E-6 3.61372E-6 2.06427E-6 1.89394E-6 2.04615E-6 1.97052E-6 2.12333E-6 1.59487E-6 1.34819E-6 1.22001E-6 7.58423E-7 7.57903E-7 1.22511E-6 1.26386E-6 1.21264E-6 1.19506E-6 1.09002E-6 8.02379E-7 1.42809E-6 4.33567E-6 1.30825E-6 5.57133E-7 5.09091E-7 6.12819E-7 6.24454E-7 7.9281E-7 1.41876E-6 1.64002E-6 1.69161E-6 2.22723E-6 1.2418E-6 5.94106E-7 5.36934E-7 1.30028E-6 1.97505E-6 4.17173E-7 1.62854E-7 1.05256E-7 1.94582E-7 3.45124E-7 6.31645E-7 1.22404E-6 -9999
6.38209E-6 5.78417E-6 7.35343E-6 1.24096E-5 3.01152E-5 1.00361E-5 9.32233E-6 2.2434E-5 1.87072E-5 8.97023E-6 4.13609E-6 1.13335E-5 6.31868E-6 1.86659E-6 1.72883E-6 2.67524E-6 4.93262E-6 6.82327E-6 6.79557E-6 3.88222E-6 3.25258E-6 3.21167E-6 2.86147E-6 4.13686E-6 4.39677E-6 2.62522E-6 3.41782E-6 3.45306E-6 2.33808E-6 9.86597E-7 9.26464E-7 1.35509E-6 1.34961E-6 1.30796E-6 8.64819E-7 1.34249E-6 1.34664E-6 1.34206E-6 1.18677E-6 8.35673E-7 2.68823E-6 3.64126E-6 2.9446E-6 1.06942E-6 8.16455E-7 5.35625E-7 3.79104E-7 4.50607E-7 5.70587E-7 6.85937E-7 6.64472E-7 1.49935E-6 2.21042E-6 2.96478E-6 1.72741E-6 1.32576E-6 3.58296E-6 8.41464E-7 2.65505E-7 1.27535E-7 1.69841E-7 3.11537E-7 6.58044E-7 1.16858E-6 -9999
5.77504E-6 1.02771E-5 1.5641E-5 1.11064E-5 1.06626E-5 2.01949E-5 2.03112E-5 1.48443E-5 1.42782E-5 2.6816E-5 2.37355E-5 6.80381E-6 2.88345E-6 2.01885E-6 4.41053E-6 7.505E-6 9.45058E-6 3.30074E-6 4.21969E-6 4.73993E-6 3.10258E-6 3.46667E-6 2.17207E-6 3.92263E-6 3.71736E-6 3.59339E-6 3.96589E-6 4.12536E-6 3.17099E-6 1.13459E-6 8.56286E-7 8.22013E-7 8.71462E-7 1.34403E-6 1.35505E-6 1.34634E-6 1.4295E-6 1.53557E-6 1.75901E-6 2.22535E-6 3.58257E-6 1.42485E-6 1.99365E-6 2.84218E-6 2.75698E-6 1.28142E-6 8.58994E-7 4.59308E-7 3.15009E-7 3.11798E-7 4.0079E-7 6.26596E-7 7.1171E-7 1.73478E-6 2.05986E-6 3.55506E-6 4.69075E-6 2.68307E-6 5.5266E-7 2.52973E-7 1.44452E-7 2.09427E-7 4.72827E-7 1.13669E-6 5.69643E-7
6.56086E-6 1.44591E-5 1.90489E-5 8.06356E-6 1.10851E-5 1.03523E-5 9.8945E-6 2.17637E-5 1.70878E-5 1.70691E-5 1.61636E-5 1.30114E-5 8.0503E-6 2.58542E-6 7.0271E-6 7.83843E-6 3.58742E-6 1.83113E-5 2.40903E-5 1.34168E-5 8.60192E-6 7.62234E-6 5.3522E-6 3.69311E-6 2.784E-6 2.5985E-6 1.46532E-6 1.76674E-6 2.97893E-6 2.79308E-6 2.17269E-6 1.56031E-6 8.49705E-7 7.69361E-7 7.47753E-7 7.22031E-7 7.27735E-7 7.9681E-7 1.53815E-6 1.4648E-6 3.10361E-6 3.53098E-6 1.96156E-6 1.54803E-6 3.65419E-6 3.83476E-6 2.81382E-6 8.33429E-7 4.4165E-7 2.70023E-7 2.64074E-7 4.298E-7 5.61292E-7 9.473E-7 6.65776E-7 2.45074E-6 3.26851E-6 3.52117E-6 1.94501E-6 4.67571E-7 2.32867E-7 1.80978E-7 3.32887E-7 1.03536E-6 8.38074E-7
