catData/rasterBestHybridModels/Prubiginosus/RD_BM01_RM1_L/Prubiginosus_stddev.asc
ncols         409
nrows         350
xllcorner     60.897278365
yllcorner     5.843756025
cellsize      0.0892857
NODATA_value  -9999
[rows 58 to 86 of 350, columns 130 to 194 of 409]
2.41221E-6 2.89272E-6 5.37506E-6 2.62184E-6 2.13758E-6 4.12339E-6 3.79975E-6 1.71785E-6 1.71974E-6 2.81687E-6 1.42957E-6 2.11317E-6 1.19702E-6 8.24127E-7 1.16854E-6 8.2403E-7 5.24756E-7 4.28891E-7 2.87649E-7 3.82195E-7 1.03787E-6 1.37734E-6 1.55246E-6 8.92772E-7 3.04379E-7 4.75481E-7 4.97641E-7 8.5134E-7 8.63413E-7 8.70434E-7 1.02231E-6 8.7789E-7 5.00807E-7 5.62922E-7 1.19586E-6 7.50127E-7 3.0022E-6 8.96986E-6 1.60851E-5 9.29787E-6 2.25997E-5 1.09324E-5 1.02943E-5 5.99213E-6 1.2462E-5 1.22781E-5 1.15623E-5 1.98426E-5 2.06801E-5 2.13708E-5 6.1646E-6 1.06949E-5 9.54615E-6 5.6536E-6 6.9408E-6 2.28413E-6 6.44031E-7 5.35901E-7 7.64656E-7 6.70091E-7 5.86422E-7 6.65559E-7 4.24968E-7 3.29473E-7 4.77964E-7
5.16573E-6 4.48508E-6 2.41957E-6 2.5053E-6 1.84247E-6 3.55818E-6 6.85196E-7 1.10833E-6 1.58711E-6 2.1617E-6 1.53861E-6 1.01696E-6 1.79149E-6 1.47156E-6 1.23285E-6 1.23449E-6 1.31098E-6 6.05761E-7 3.04956E-7 6.26791E-7 2.58885E-6 2.36045E-6 2.30119E-6 3.03475E-7 2.55757E-7 2.82207E-7 8.51807E-7 8.55112E-7 5.05342E-7 8.69464E-7 7.11793E-7 4.99932E-7 5.03837E-7 6.85304E-7 9.87845E-7 1.21186E-6 2.12757E-6 1.06198E-5 1.76531E-5 1.61351E-5 4.31348E-5 2.8427E-5 1.32274E-5 1.03347E-5 1.25711E-5 6.01731E-6 5.36194E-6 5.56796E-6 1.35231E-5 2.02089E-5 6.64101E-6 4.69754E-6 1.09405E-5 1.06718E-5 8.22664E-6 3.57909E-6 1.18634E-6 6.69023E-7 5.521E-7 7.41325E-7 7.16269E-7 4.50259E-7 3.46229E-7 3.15599E-7 4.73788E-7
5.67279E-6 3.74587E-6 1.77758E-6 3.35632E-6 3.21341E-6 2.72906E-6 7.63981E-7 1.15987E-6 1.45265E-6 2.91E-6 3.26096E-6 8.42957E-7 8.77965E-7 6.8522E-7 8.24053E-7 1.52497E-6 3.63674E-6 1.67693E-6 1.47559E-6 3.6127E-6 5.15797E-6 4.44905E-6 2.09393E-6 8.56722E-7 8.61301E-7 1.59193E-6 2.60751E-6 3.38697E-7 2.63922E-7 5.22135E-7 4.97092E-7 5.00932E-7 5.33005E-7 1.60542E-6 5.39464E-7 6.42779E-7 6.1079E-7 2.71639E-6 8.3945E-6 2.10145E-5 3.15995E-5 3.72925E-5 3.78537E-5 1.1856E-5 1.09541E-5 1.19482E-5 6.02795E-6 5.62564E-6 6.67543E-6 1.09809E-5 1.99059E-5 7.88905E-6 6.86248E-6 6.62877E-6 3.80178E-6 2.30691E-6 7.86293E-7 4.72459E-7 8.19467E-7 1.02311E-6 9.08085E-7 7.81549E-7 3.42057E-7 3.94996E-7 7.03835E-7
3.38691E-6 4.1074E-6 5.42873E-6 2.95619E-6 1.47659E-6 2.33179E-6 1.12499E-6 1.88451E-6 8.67139E-7 2.87275E-6 3.60446E-6 3.65935E-6 2.79903E-6 1.76641E-6 1.91652E-6 2.8722E-6 1.54047E-6 8.6026E-7 2.4511E-6 5.92641E-6 8.86149E-6 7.34192E-6 1.91881E-6 9.78162E-7 9.07633E-7 1.93747E-6 3.65889E-6 3.88695E-7 9.57218E-7 8.87554E-7 8.99976E-7 1.00945E-6 1.11201E-6 5.77432E-7 5.42802E-7 9.24972E-7 1.5265E-6 1.78283E-6 3.18573E-6 1.03076E-5 1.74572E-5 2.46029E-5 6.63203E-5 3.25796E-5 1.62829E-5 2.39807E-5 1.01551E-5 1.22213E-5 1.25985E-5 1.18671E-5 6.87373E-6 1.34816E-5 6.36807E-6 5.9771E-6 5.84464E-6 4.19245E-6 1.92722E-6 2.03909E-6 5.49907E-6 8.01524E-6 5.63762E-6 2.90555E-6 1.36743E-6 9.78539E-7 2.46134E-6
2.9723E-6 1.45644E-6 2.77141E-6 2.04282E-6 6.27464E-7 5.51681E-7 3.78853E-6 1.92098E-6 4.22939E-6 4.49125E-6 4.74934E-6 2.37463E-6 1.11519E-6 1.38756E-6 1.92336E-6 1.82017E-6 1.23397E-6 1.56996E-6 4.29336E-6 9.04512E-6 5.501E-6 2.91206E-6 5.48295E-7 4.87853E-7 5.10493E-7 8.75547E-7 8.72844E-7 7.98637E-7 8.92471E-7 8.92482E-7 1.05209E-6 2.3195E-6 9.34196E-7 8.24356E-7 1.05813E-6 1.43282E-6 1.68832E-6 3.44832E-6 5.77595E-6 9.56776E-6 1.72924E-5 8.34466E-6 2.26123E-5 1.81313E-5 1.3148E-5 1.42328E-5 1.11725E-5 5.67819E-6 1.05141E-5 1.29548E-5 1.21773E-5 1.02446E-5 6.03615E-6 3.93393E-6 6.16036E-6 5.67395E-6 5.43456E-6 5.44997E-6 1.00162E-5 8.38669E-6 5.50493E-6 4.46744E-6 4.29954E-6 3.76545E-6 3.33204E-6
1.06619E-6 9.18194E-7 2.34187E-6 1.62793E-6 3.09755E-7 3.75306E-6 1.07025E-5 5.03189E-6 5.05055E-6 2.96395E-6 1.10979E-6 1.39705E-6 8.18309E-7 1.92456E-6 3.25064E-6 5.02867E-6 2.31891E-6 4.34405E-6 3.95704E-6 7.23553E-6 3.5619E-6 9.60272E-7 5.91881E-7 8.75517E-7 8.78756E-7 8.76267E-7 1.35997E-6 1.70143E-6 8.92581E-7 1.02696E-6 1.02135E-6 5.47212E-7 1.80734E-6 3.77409E-6 1.89295E-6 2.08501E-6 4.57276E-6 2.22046E-6 2.00957E-6 2.95587E-6 2.8473E-5 9.675E-6 8.73292E-6 1.46564E-5 7.50073E-6 7.05438E-6 1.04894E-5 1.08296E-5 1.01835E-5 9.19019E-6 1.10345E-5 1.098E-5 8.92394E-6 4.89195E-6 7.87733E-6 1.22597E-5 1.24063E-5 1.18319E-5 9.995E-6 6.30531E-6 3.18991E-6 1.35135E-6 1.44117E-6 2.6666E-6 1.87147E-6
1.29946E-6 1.30565E-6 1.55272E-6 1.73275E-6 1.8641E-6 1.18628E-6 1.78493E-6 3.35659E-6 3.19659E-6 1.4547E-6 2.31526E-6 1.84544E-6 1.06362E-6 1.62115E-6 1.50353E-6 2.56826E-6 1.38131E-6 2.161E-6 3.80022E-6 2.5496E-6 1.56651E-6 7.44462E-7 6.46892E-7 8.71586E-7 9.47837E-7 1.36267E-6 7.95333E-7 1.45234E-6 8.5493E-7 2.14366E-6 5.46639E-7 1.46495E-6 5.22086E-6 6.99002E-6 1.73674E-5 2.35949E-6 1.48189E-6 2.37307E-6 3.37379E-6 6.55352E-6 7.88607E-6 1.86174E-5 5.46503E-6 3.40482E-6 1.6101E-5 7.68555E-6 6.02439E-6 1.15085E-5 1.02815E-5 6.18456E-6 6.17491E-6 8.6748E-6 1.23529E-5 1.03782E-5 1.10714E-5 1.16612E-5 7.12653E-6 4.65553E-6 3.78184E-6 3.29912E-6 5.52774E-6 2.43968E-6 2.66565E-6 1.85076E-6 7.20454E-7
2.44846E-6 1.2213E-6 9.56549E-7 1.20753E-6 1.39292E-6 7.04932E-7 5.65916E-7 2.39504E-6 1.04546E-6 6.98437E-7 6.83905E-7 6.57826E-7 1.19848E-6 1.13971E-6 1.67494E-6 2.27062E-6 1.19096E-6 1.76618E-6 3.57911E-6 3.19447E-6 2.46051E-6 5.3609E-7 5.50763E-7 9.69445E-7 1.82935E-6 1.60324E-6 1.74625E-6 1.41147E-6 1.47197E-6 1.56413E-6 1.15429E-6 3.21917E-6 2.53838E-6 6.2712E-6 7.04925E-6 1.76577E-6 2.40547E-6 1.44702E-6 1.46075E-6 2.07943E-6 3.00324E-6 1.99735E-5 3.01882E-5 6.41895E-6 2.10441E-6 1.05449E-5 8.19088E-6 1.24405E-5 8.72173E-6 1.13386E-5 6.87855E-6 9.01544E-6 7.78318E-6 1.34893E-5 1.26798E-5 7.04941E-6 6.6704E-6 5.89865E-6 1.12146E-5 1.00569E-5 5.329E-6 6.13408E-6 5.39629E-6 2.12184E-6 9.05652E-7
2.7949E-6 3.9645E-6 6.37731E-6 2.01922E-6 3.78109E-7 6.52378E-7 7.49205E-7 2.06163E-6 7.28576E-7 4.18541E-7 1.48803E-6 1.88628E-6 3.10732E-6 3.64663E-6 1.33121E-6 1.5119E-6 6.2534E-7 9.62135E-7 7.06024E-7 1.01941E-6 7.88571E-7 1.45829E-6 1.26132E-6 1.30275E-6 9.90442E-7 1.7718E-6 2.80416E-6 5.81226E-6 3.98218E-6 1.60808E-6 1.80648E-6 2.80105E-6 1.63525E-6 1.86805E-6 1.42462E-6 1.44141E-6 1.47918E-6 8.4714E-7 1.53734E-6 1.53711E-6 1.61316E-6 1.81417E-6 7.90136E-6 4.04754E-5 2.84131E-6 2.56422E-6 7.27965E-6 1.31001E-5 4.97703E-6 7.92899E-6 1.20903E-5 1.23562E-5 1.36897E-5 1.21474E-5 2.28312E-5 2.13784E-5 7.01883E-6 6.76095E-6 7.22319E-6 5.93818E-6 4.66194E-6 7.21261E-6 4.93484E-6 3.03039E-6 2.09704E-6
1.33257E-6 3.4527E-6 8.9512E-7 7.07172E-7 1.37771E-6 7.74244E-7 6.36397E-7 3.34992E-7 5.54946E-7 2.12706E-6 2.1761E-6 1.80307E-6 1.0578E-6 1.34138E-6 9.47617E-7 1.69109E-6 1.20132E-6 1.50924E-6 1.85376E-6 2.78529E-6 3.02347E-6 7.41117E-6 6.32883E-6 2.27476E-6 2.85461E-6 9.88221E-7 9.65403E-7 9.6904E-7 1.30949E-6 1.02505E-6 1.20125E-6 2.66567E-6 6.47112E-7 9.73915E-7 9.26169E-7 1.4823E-6 1.57126E-6 1.46261E-6 1.47071E-6 1.4691E-6 1.49616E-6 1.5988E-6 3.49279E-6 1.7307E-5 2.20366E-5 4.20387E-6 1.21101E-5 2.7953E-5 4.93273E-6 7.42089E-6 6.97625E-6 1.23638E-5 1.10135E-5 1.23912E-5 2.17332E-5 2.02844E-5 1.22855E-5 1.68404E-5 6.42891E-6 6.88817E-6 6.49089E-6 9.98028E-6 9.76997E-6 5.29341E-6 3.59566E-6
4.75127E-6 1.03433E-6 6.46594E-7 6.47233E-7 1.24316E-6 4.82536E-7 4.84033E-7 4.85906E-7 2.13654E-6 1.0323E-6 8.03954E-7 5.15607E-7 9.23184E-7 1.34E-6 1.61132E-6 1.41513E-6 4.63564E-6 3.35818E-6 1.18255E-6 2.63255E-6 5.0074E-6 6.14239E-6 5.67066E-6 2.78451E-6 9.13828E-7 8.96962E-7 1.11315E-6 1.24063E-6 1.28297E-6 9.39195E-7 9.18712E-7 1.34232E-6 1.66348E-6 1.39425E-6 1.77481E-6 2.01793E-6 3.41669E-6 7.3781E-6 2.53591E-6 1.74298E-6 1.44792E-6 1.23941E-6 1.43687E-6 2.68458E-6 5.93031E-6 7.13453E-6 2.34927E-5 2.19502E-5 1.36697E-5 3.70777E-6 6.28893E-6 1.2217E-5 1.2519E-5 9.64135E-6 1.51937E-5 1.34021E-5 1.30816E-5 8.94532E-6 5.09055E-6 1.49216E-5 8.40089E-6 7.19605E-6 1.1385E-5 5.31993E-6 6.60115E-6
1.35079E-6 1.46281E-6 5.59718E-7 4.45741E-7 4.98219E-7 9.06173E-7 1.28888E-6 1.88663E-6 5.79758E-7 7.86939E-7 9.57114E-7 1.07154E-6 7.03883E-7 1.00764E-6 2.28327E-6 1.76667E-6 1.22504E-6 9.91076E-7 1.25843E-6 1.39091E-6 2.91446E-6 2.38605E-6 9.3545E-7 1.43469E-6 9.40993E-7 9.16957E-7 1.10581E-6 1.30383E-6 1.7514E-6 1.7224E-6 1.87159E-6 1.0274E-6 9.2386E-7 9.30676E-7 8.47211E-7 9.28917E-7 3.31713E-6 1.25136E-5 4.86615E-6 9.29834E-7 1.47801E-6 1.51475E-6 1.49196E-6 1.6482E-6 1.50593E-6 1.17783E-6 4.56221E-6 1.74854E-5 1.4236E-5 9.67902E-6 9.53272E-6 1.23332E-5 7.39601E-6 1.10997E-5 7.77945E-6 8.2708E-6 1.16868E-5 1.58128E-5 5.22032E-6 9.58019E-6 1.16036E-5 6.57139E-6 8.19006E-6 5.11843E-6 1.1368E-5
1.51656E-6 1.17314E-6 9.97148E-7 1.19747E-6 1.12229E-6 3.22618E-6 4.7601E-6 6.15552E-7 3.52226E-7 2.24009E-6 2.82847E-6 2.0703E-6 2.16652E-6 1.94328E-6 6.33974E-7 8.9878E-7 5.64656E-7 9.93526E-7 1.04323E-6 4.31367E-6 1.59735E-6 9.12366E-7 5.31867E-7 1.33666E-6 1.23094E-6 7.38614E-7 8.24344E-7 3.60892E-6 1.95008E-6 3.0088E-6 1.48117E-6 1.00075E-6 9.25492E-7 1.06047E-6 9.31408E-7 9.30987E-7 8.41313E-7 1.47675E-6 1.60729E-6 1.57671E-6 1.46327E-6 1.73415E-6 1.48506E-6 1.48343E-6 1.46682E-6 1.86147E-6 1.77517E-6 4.26287E-6 5.00738E-5 2.3037E-5 4.48192E-6 7.2483E-6 1.18963E-5 1.37056E-5 9.09593E-6 1.12624E-5 1.09262E-5 1.76902E-5 6.30864E-6 7.14944E-6 1.13826E-5 1.15487E-5 1.15875E-5 1.17553E-5 1.30087E-5
5.52E-7 1.34406E-6 1.35579E-6 2.3272E-6 1.83703E-6 2.75441E-6 4.84417E-6 1.13234E-6 5.6716E-7 2.57112E-6 1.14336E-6 1.20346E-6 8.20538E-7 1.10146E-6 7.73933E-7 2.99498E-7 3.44706E-7 1.04848E-6 8.056E-6 2.34396E-6 8.92057E-7 1.02239E-6 9.34878E-7 1.24275E-6 1.52859E-6 1.79151E-6 8.28328E-7 7.05807E-7 9.29863E-7 1.30405E-6 1.14723E-6 1.15436E-6 5.45641E-7 9.40141E-7 9.43455E-7 9.72086E-7 5.80833E-7 9.69127E-7 9.55938E-7 5.60296E-7 1.48471E-6 2.86402E-6 2.375E-6 1.47913E-6 1.56959E-6 8.6059E-7 2.48092E-6 8.81469E-6 2.0136E-5 3.16439E-5 2.18363E-5 3.59769E-6 6.30074E-6 8.90194E-6 9.19191E-6 2.00536E-5 7.96551E-6 1.2665E-5 1.73923E-5 2.06144E-5 1.21345E-5 7.06605E-6 7.63856E-6 1.24995E-5 1.25842E-5
2.48609E-6 1.54408E-6 3.14261E-6 1.46097E-6 1.84099E-6 3.20435E-6 2.68164E-6 9.20387E-7 1.82531E-6 3.41659E-6 1.14022E-6 7.36273E-7 1.05533E-6 1.96946E-6 5.73046E-7 3.18522E-7 6.07578E-7 3.59009E-6 2.06439E-6 1.4161E-6 1.17675E-6 9.91066E-7 2.17214E-6 2.17343E-6 7.67052E-7 9.58465E-7 6.94371E-7 4.07549E-7 6.35512E-7 1.06907E-6 1.0719E-6 9.67313E-7 1.05498E-6 9.52291E-7 1.00488E-6 9.52686E-7 9.5136E-7 9.47048E-7 5.59231E-7 5.64256E-7 9.69329E-7 1.65775E-6 1.16684E-6 1.50517E-6 8.6715E-7 8.68869E-7 1.60194E-6 1.51389E-6 4.04466E-6 1.08415E-5 1.10227E-5 3.8447E-5 1.37868E-5 1.50525E-5 9.55374E-6 2.39245E-5 6.05889E-6 1.11999E-5 2.48138E-5 2.56227E-5 2.17786E-5 1.94732E-5 1.20327E-5 1.2144E-5 1.56652E-5
9.71704E-7 1.11169E-6 1.30098E-6 1.02006E-6 6.28278E-7 7.83918E-7 1.48286E-6 1.77642E-6 1.94224E-6 2.50762E-6 6.44459E-7 1.40706E-6 6.62515E-7 6.64632E-7 5.94788E-7 6.65339E-7 3.01512E-6 1.56596E-6 1.80377E-6 1.85963E-6 1.22942E-6 1.97427E-6 2.81128E-6 1.02622E-6 4.92446E-7 6.75728E-7 6.71906E-7 6.14332E-7 7.44725E-7 1.10592E-6 6.60134E-7 9.70918E-7 1.23856E-6 1.03372E-6 1.06539E-6 5.57758E-7 5.55368E-7 1.59302E-6 1.03508E-6 9.71286E-7 9.75533E-7 1.29326E-6 5.62568E-7 1.50464E-6 1.48137E-6 1.17326E-6 9.51972E-7 1.83872E-6 8.25907E-6 1.68879E-6 8.06982E-6 6.835E-6 3.8952E-5 1.68493E-5 1.69943E-5 1.36251E-5 1.14222E-5 6.54406E-6 4.82134E-6 9.2826E-6 2.03909E-5 1.70551E-5 7.04307E-6 1.52158E-5 1.49986E-5
9.30902E-7 8.82941E-7 1.41898E-6 1.1954E-6 1.22524E-6 2.22353E-6 3.90494E-6 1.43169E-6 5.43823E-7 9.54929E-7 9.80201E-7 8.97945E-7 9.48459E-7 9.41509E-7 7.29136E-7 1.69905E-6 1.78887E-6 3.22336E-6 3.31989E-6 2.7547E-6 1.12356E-6 1.00692E-6 1.45192E-6 5.82106E-7 4.72299E-7 7.58298E-7 2.31526E-6 1.21249E-6 1.58925E-6 1.04644E-6 6.25065E-7 5.62815E-7 1.2037E-6 1.70059E-6 9.14007E-7 5.98368E-7 5.87333E-7 9.47826E-7 9.59871E-7 9.68491E-7 1.16234E-6 1.18439E-6 5.63779E-7 5.65311E-7 9.60669E-7 1.37767E-6 5.52571E-7 1.09185E-6 2.02135E-6 1.24315E-6 4.96676E-6 2.1383E-6 2.52491E-6 1.22777E-5 1.1193E-5 1.68887E-5 7.7984E-6 6.14844E-6 2.63182E-6 4.72572E-6 1.01443E-5 6.38676E-6 1.19036E-5 1.23797E-5 1.07385E-5
9.39526E-7 1.54901E-6 3.23097E-6 1.2354E-6 8.91808E-7 1.10555E-6 1.04844E-6 9.94074E-7 9.66981E-7 1.95085E-6 1.22219E-6 1.50334E-6 1.96615E-6 3.14634E-6 3.85917E-6 5.85706E-6 3.8514E-6 2.25821E-6 2.80022E-6 2.1955E-6 1.4945E-6 1.10601E-6 1.90059E-6 1.16797E-6 7.64949E-7 1.58679E-6 1.03442E-6 1.90592E-6 1.86497E-6 1.16211E-6 1.44088E-6 9.43819E-7 1.07688E-6 1.97345E-6 1.69483E-6 1.18257E-6 9.54738E-7 1.11368E-6 5.57205E-7 5.6099E-7 1.34762E-6 1.0614E-6 1.1251E-6 6.36826E-6 1.50494E-6 5.64446E-7 5.62607E-7 1.64899E-6 9.0461E-6 1.01115E-6 1.32429E-6 1.65121E-6 1.54339E-6 8.3403E-6 1.92087E-6 3.89636E-6 1.52717E-5 3.8547E-5 9.49475E-6 6.36234E-6 7.08479E-6 1.10643E-5 1.13213E-5 7.10164E-6 1.04421E-5
1.92658E-6 2.05358E-6 1.27638E-6 2.43149E-6 1.29326E-6 1.17108E-6 1.36979E-6 9.26738E-7 5.99274E-7 1.16621E-6 4.52532E-6 6.51604E-6 3.15522E-6 2.277E-6 2.49565E-6 6.42712E-6 2.91958E-6 2.83571E-6 1.8337E-6 1.09354E-6 1.98286E-6 2.45642E-6 2.14181E-6 1.27829E-6 2.08524E-6 2.19383E-6 1.39773E-6 3.57958E-6 2.55007E-6 1.64156E-6 1.26088E-6 1.73427E-6 1.0232E-6 8.8784E-7 1.42482E-6 1.28875E-6 1.25649E-6 2.1142E-6 9.96449E-7 1.11502E-6 1.11523E-6 9.7476E-7 1.1064E-6 1.14195E-6 1.04854E-6 5.7199E-7 5.72743E-7 9.83145E-7 9.80017E-7 5.86048E-7 1.6213E-6 1.64617E-6 1.00997E-6 1.01856E-6 1.69669E-6 1.80671E-6 6.42577E-6 7.75659E-6 2.74207E-5 1.68802E-5 8.99305E-6 7.18692E-6 4.80842E-6 7.12615E-6 7.59865E-6
3.94211E-6 3.8686E-6 3.12753E-6 1.44343E-6 9.87171E-7 1.02155E-6 1.40242E-6 1.59842E-6 3.25467E-6 8.56837E-6 4.81704E-6 2.47542E-6 2.95922E-6 2.96584E-6 4.60202E-6 3.69667E-6 2.72147E-6 9.73794E-7 1.42036E-6 4.14469E-6 1.55838E-6 2.61167E-6 3.23604E-6 2.33532E-6 1.88089E-6 2.21543E-6 2.33952E-6 7.42119E-6 1.65793E-6 1.02876E-6 1.34819E-6 5.69414E-7 5.54998E-7 9.59932E-7 1.07418E-6 9.72963E-7 1.04283E-6 1.04653E-6 1.3786E-6 1.03752E-6 9.91079E-7 1.03378E-6 9.83944E-7 9.88078E-7 9.92236E-7 5.79103E-7 1.00082E-6 1.02477E-6 1.29311E-6 1.33442E-6 9.97526E-7 1.00558E-6 1.52953E-6 6.79584E-6 2.34483E-6 3.12778E-6 1.17488E-6 5.84018E-6 1.10851E-5 1.23936E-5 3.9252E-5 1.50083E-5 1.19759E-5 1.04088E-5 9.18789E-6
1.40775E-6 8.19164E-7 1.59329E-6 9.69819E-7 1.69305E-6 1.76955E-6 2.49769E-6 4.99787E-6 4.83929E-6 2.92644E-6 2.18837E-6 3.15451E-6 4.03559E-6 6.67917E-6 2.85716E-6 2.4238E-6 2.01364E-6 1.06854E-6 1.13086E-6 1.22684E-6 2.29743E-6 1.91615E-6 2.01175E-6 1.80273E-6 1.41615E-6 4.27364E-6 4.15918E-6 2.77481E-6 2.30502E-6 2.30119E-6 1.50742E-6 9.57721E-7 1.0422E-6 9.64525E-7 1.2323E-6 1.17367E-6 1.08194E-6 2.68815E-6 1.27852E-6 1.22447E-6 5.80018E-7 9.89698E-7 1.07383E-6 9.98335E-7 1.00142E-6 1.00153E-6 1.00557E-6 5.84328E-7 9.99245E-7 1.00493E-6 1.01323E-6 5.9275E-7 1.02472E-6 3.49122E-6 5.72057E-6 1.24143E-6 6.59418E-7 8.48368E-7 3.48983E-6 1.06727E-5 1.07144E-5 7.15988E-5 1.2375E-5 1.43497E-5 1.17949E-5
2.54376E-6 2.42927E-6 5.10689E-6 3.23769E-6 4.1922E-6 4.93395E-6 3.65519E-6 3.8116E-6 3.81847E-6 3.65213E-6 2.04467E-6 2.8223E-6 4.40731E-6 3.13818E-6 2.01263E-6 2.73019E-6 2.55441E-6 4.10771E-6 1.77891E-6 2.68104E-6 2.6241E-6 1.26945E-6 1.52515E-6 1.40869E-6 3.58084E-6 1.63469E-6 2.27474E-6 2.52167E-6 1.63954E-6 1.92946E-6 1.87434E-6 1.81289E-6 1.43958E-6 5.60338E-7 9.73568E-7 9.75986E-7 6.09937E-7 1.41203E-6 7.04676E-7 1.07315E-6 1.05583E-6 5.79606E-7 9.98933E-7 1.40543E-6 9.91249E-7 1.13814E-6 1.00361E-6 1.0034E-6 2.44777E-6 1.35447E-6 1.02121E-6 1.03389E-6 1.39065E-6 1.61858E-6 9.68586E-7 1.27043E-6 3.39063E-6 1.31807E-6 1.29164E-6 3.81875E-6 4.19696E-6 9.47796E-6 2.00559E-5 1.60521E-5 1.5849E-5
2.11303E-6 3.57211E-6 5.3082E-6 5.24358E-6 5.25988E-6 1.85953E-6 4.27473E-6 5.77087E-6 5.46992E-6 6.31836E-6 3.03769E-6 1.25293E-6 1.21911E-6 1.47649E-6 2.61464E-6 6.72456E-6 8.3056E-6 4.69831E-6 6.51403E-6 5.17967E-6 4.33757E-6 1.78904E-6 1.48816E-6 1.14233E-6 2.44516E-6 4.13078E-6 2.05345E-6 2.10203E-6 1.56692E-6 1.95759E-6 1.79527E-6 1.52208E-6 1.52126E-6 1.51418E-6 1.03017E-6 1.02957E-6 9.75323E-7 1.03057E-6 5.72563E-7 5.7671E-7 9.99935E-7 1.00474E-6 5.82397E-7 9.96677E-7 9.95662E-7 9.97847E-7 1.00438E-6 1.00866E-6 1.0114E-6 1.07182E-6 1.02658E-6 6.04079E-7 1.29919E-6 1.05448E-6 1.08694E-6 1.1466E-6 2.69646E-6 1.06749E-6 6.22939E-7 1.73024E-6 2.97143E-6 3.03962E-6 4.69841E-6 3.16175E-5 2.90936E-5
2.74321E-6 3.81351E-6 4.22154E-6 5.46764E-6 3.07164E-6 2.7121E-6 4.36838E-6 4.43115E-6 3.95094E-6 3.3237E-6 9.92955E-7 5.7098E-7 8.88294E-7 1.30486E-6 1.49258E-6 1.56183E-6 7.78985E-6 4.88282E-6 7.43934E-6 7.41631E-6 7.74699E-6 4.58597E-6 1.24488E-6 1.06821E-6 1.43421E-6 3.41524E-6 2.60881E-6 1.61595E-6 8.91929E-7 1.82279E-6 2.32692E-6 9.98776E-7 1.53898E-6 1.71646E-6 8.89319E-7 1.56514E-6 1.79476E-6 1.01156E-6 5.76704E-7 5.77786E-7 9.98841E-7 1.17904E-6 7.00302E-7 1.65251E-6 9.98063E-7 1.0054E-6 1.01759E-6 1.02445E-6 5.96499E-7 1.05402E-6 1.03849E-6 6.25491E-7 1.41075E-6 1.1213E-6 1.15495E-6 1.06705E-6 6.41652E-7 2.57092E-6 1.14802E-6 1.1744E-6 2.57181E-6 8.88303E-7 3.23263E-6 1.4613E-5 2.73685E-5
3.82578E-6 2.0027E-6 1.62293E-6 1.92453E-6 2.2551E-6 7.99758E-7 1.44389E-6 3.7169E-6 3.36026E-6 3.18578E-6 2.30553E-6 8.21468E-7 1.33519E-6 1.69933E-6 2.75437E-6 5.3474E-6 7.22063E-6 5.6262E-6 9.02842E-6 1.00199E-5 3.5658E-6 3.69906E-6 3.61286E-6 1.36905E-6 3.8035E-6 1.34233E-6 2.03078E-6 1.43917E-6 1.05872E-6 1.55599E-6 2.53958E-6 9.79377E-7 9.53243E-7 1.55783E-6 1.59059E-6 1.54493E-6 1.54462E-6 1.62219E-6 2.13923E-6 1.58847E-6 5.82037E-7 1.00225E-6 6.29431E-7 1.00443E-6 5.86716E-7 1.07638E-6 1.02996E-6 1.04091E-6 1.04199E-6 1.15647E-6 2.29874E-6 8.18764E-7 1.12824E-6 1.2202E-6 1.25936E-6 1.16463E-6 1.17684E-6 6.13566E-6 5.63558E-6 2.42349E-6 1.43096E-6 1.74773E-6 4.69332E-6 8.70814E-6 1.79671E-5
4.54313E-6 6.26922E-6 3.16993E-6 2.12301E-6 7.47983E-7 9.70558E-7 1.76757E-6 3.72785E-6 2.63451E-6 5.99489E-6 1.70443E-6 7.85901E-7 1.47533E-6 2.89929E-6 3.44703E-6 5.35626E-6 1.95628E-6 3.84566E-6 2.41345E-6 2.22258E-6 3.6075E-6 2.66755E-6 1.98577E-6 1.51269E-6 1.89976E-6 1.95368E-6 1.5338E-6 1.11093E-6 1.00225E-6 1.00531E-6 1.15458E-6 1.56251E-6 1.70372E-6 1.57702E-6 1.65626E-6 1.60741E-6 1.73867E-6 8.98743E-7 9.05719E-7 1.55981E-6 1.60963E-6 1.65275E-6 1.04657E-6 1.02272E-6 1.14508E-6 6.00839E-7 6.0577E-7 1.05056E-6 1.05082E-6 1.04951E-6 1.17238E-6 1.09653E-6 2.69086E-6 1.19683E-6 1.07727E-6 1.27111E-6 7.24441E-7 6.57297E-6 3.9771E-6 1.02608E-5 4.91234E-6 4.02221E-6 4.39825E-6 2.13932E-5 1.34893E-5
4.6341E-6 6.06756E-6 5.3638E-6 3.79133E-6 2.57734E-6 1.1802E-6 1.2533E-6 1.56976E-6 2.97411E-6 9.54905E-6 2.53572E-6 1.01876E-6 1.22317E-6 5.65886E-6 1.21049E-5 6.24647E-6 3.60822E-6 2.28857E-6 1.79004E-6 3.19086E-6 7.17135E-6 2.37201E-6 1.84339E-6 1.93409E-6 2.21806E-6 1.09405E-6 1.01215E-6 1.15627E-6 2.82868E-6 1.06128E-6 1.3122E-6 1.60985E-6 1.90951E-6 2.19631E-6 1.05456E-6 1.91983E-6 2.07384E-6 9.09439E-7 6.91457E-7 9.19424E-7 1.57985E-6 1.59089E-6 1.64375E-6 2.05698E-6 1.61471E-6 1.04656E-6 1.05184E-6 1.05714E-6 1.05714E-6 1.11316E-6 6.35002E-7 1.3935E-6 2.76181E-6 1.1451E-6 1.14537E-6 1.15883E-6 1.33128E-6 3.79796E-6 3.14728E-6 5.75804E-6 8.552E-6 7.6454E-6 5.95357E-6 1.33318E-5 1.37058E-5
1.08976E-5 3.30594E-6 3.15502E-6 7.80261E-6 1.79675E-6 1.20478E-6 1.30387E-6 2.92267E-6 6.0547E-6 8.19874E-6 3.18059E-6 2.88852E-6 3.40426E-6 3.79048E-6 5.59215E-6 5.71719E-6 2.25868E-6 1.70119E-6 3.86967E-6 2.76808E-6 7.37117E-6 4.00874E-6 2.67461E-6 1.41593E-6 3.03243E-6 9.9562E-7 6.43006E-7 1.69289E-6 1.7454E-6 4.36398E-6 1.51874E-6 1.10767E-6 5.78805E-7 8.5271E-7 8.58561E-7 9.8143E-7 1.877E-6 1.58363E-6 9.22993E-7 7.0015E-7 9.25645E-7 1.64536E-6 9.34107E-7 8.63707E-7 8.65193E-7 1.30601E-6 1.63405E-6 1.64081E-6 1.12468E-6 8.07017E-7 6.61185E-7 1.59396E-6 1.49588E-6 1.50266E-6 1.18881E-6 1.10941E-6 1.14928E-6 1.76481E-6 4.17E-6 9.23464E-7 1.19375E-5 9.27753E-6 1.14356E-5 1.41351E-5 1.42172E-5
1.14058E-5 1.13667E-5 5.37653E-6 6.51901E-6 4.57343E-6 2.06388E-6 1.6034E-6 3.20967E-6 2.25347E-6 5.11362E-6 2.41873E-6 3.71813E-6 6.8047E-6 6.08166E-6 5.48376E-6 6.81067E-6 4.5993E-6 7.34123E-6 6.96478E-6 4.15618E-6 2.44263E-6 4.17211E-6 4.99979E-6 5.47889E-6 1.30764E-5 7.98923E-6 1.19467E-5 5.14029E-6 2.05056E-6 1.68773E-6 7.39817E-7 4.98186E-7 8.40154E-7 1.03636E-6 1.70369E-6 2.75175E-6 2.59536E-6 4.95112E-6 2.77352E-6 1.07593E-6 1.10302E-6 1.61548E-6 2.24993E-6 9.64977E-7 5.65098E-7 7.13555E-7 9.75812E-7 1.64733E-6 1.75432E-6 3.16833E-6 1.45505E-6 1.15343E-6 2.47706E-6 1.22381E-6 1.48927E-6 7.21579E-7 1.132E-6 1.64081E-6 2.75777E-6 4.10773E-6 3.11299E-6 2.81908E-6 1.15737E-5 1.20547E-5 1.53623E-5
