catData/rasterBestHybridModels/Prubiginosus/RD_BM01_RM1_L/Prubiginosus_min.asc
ncols         409
nrows         350
xllcorner     60.897278365
yllcorner     5.843756025
cellsize      0.0892857
NODATA_value  -9999
[rows 87 to 115 of 350, columns 66 to 131 of 409]
1.14115E-5 1.09574E-5 1.49019E-5 1.7119E-5 1.80979E-5 1.39417E-5 1.46885E-5 1.43498E-5 1.43343E-5 1.71678E-5 2.53161E-5 2.38357E-5 2.54576E-5 2.59129E-5 2.61873E-5 2.77777E-5 1.98822E-5 1.79802E-5 1.70911E-5 1.64726E-5 1.57486E-5 1.5195E-5 1.58962E-5 2.00817E-5 2.01538E-5 1.9979E-5 1.99215E-5 2.09119E-5 2.25748E-5 1.80989E-5 2.43125E-5 2.43893E-5 1.80156E-5 1.24057E-5 1.64961E-5 2.03208E-5 2.77284E-5 2.56734E-5 5.20375E-6 1.36509E-7 1.56252E-7 1.54709E-7 5.50472E-9 3.66865E-7 2.56934E-7 2.20556E-7 3.02588E-7 1.06836E-7 5.31212E-7 6.53447E-8 1.54958E-7 4.67202E-8 1.33784E-8 6.3894E-7 1.81918E-6 3.11877E-6 1.95719E-5 5.05345E-6 1.61032E-5 1.55926E-5 1.51003E-5 1.6E-5 1.68113E-5 1.6218E-5 2.24052E-5 1.30753E-5
6.9492E-6 4.61258E-6 6.07423E-6 1.38875E-5 1.58124E-5 1.86767E-5 2.08767E-5 2.25121E-5 2.22093E-5 1.75182E-5 2.59706E-5 4.51632E-6 2.6457E-5 2.70848E-5 2.76033E-5 2.74762E-5 2.76508E-5 1.82767E-5 1.69384E-5 1.70804E-5 1.69371E-5 1.8151E-5 2.20782E-5 2.09451E-5 1.60043E-5 1.54684E-5 1.96296E-5 2.00716E-5 1.65822E-5 2.29335E-5 2.39365E-5 1.7792E-5 1.52454E-5 1.36234E-5 2.08177E-5 2.96731E-5 2.72843E-5 1.77836E-5 1.0466E-5 4.30902E-7 1.83172E-7 6.55792E-9 1.00812E-8 5.0815E-7 6.71506E-7 1.29237E-6 2.21544E-7 4.02257E-8 2.03366E-6 1.77524E-6 5.47497E-7 6.82036E-8 6.86202E-7 2.09992E-6 6.71595E-6 3.12182E-6 1.32523E-6 1.25618E-5 2.29713E-5 2.38189E-5 2.35776E-5 2.0192E-5 6.94964E-6 5.36273E-6 1.39925E-5 1.60365E-5
3.64425E-6 6.96177E-6 1.15258E-5 1.4667E-5 1.6913E-5 2.02075E-5 2.28365E-5 1.79113E-5 2.53641E-5 2.70716E-5 2.44795E-5 2.14495E-5 2.70774E-5 2.72127E-5 2.7479E-5 2.6953E-5 2.85484E-5 2.87012E-5 2.95397E-5 3.00341E-5 2.72182E-5 2.60487E-5 2.48142E-5 2.03073E-5 2.24164E-5 2.16793E-5 1.68722E-5 2.18112E-5 2.2441E-5 2.36939E-5 1.78782E-5 1.50737E-5 1.07336E-5 1.3989E-5 1.99824E-5 2.80009E-5 2.56874E-5 2.41631E-5 1.56041E-5 2.40548E-6 2.4258E-7 6.09787E-9 1.3553E-7 2.26777E-7 3.24139E-7 8.99359E-7 1.33593E-7 3.50663E-7 1.24635E-5 3.08879E-6 1.80556E-6 8.08974E-8 4.52974E-7 5.86947E-8 7.0412E-8 3.55445E-7 1.61962E-6 1.63313E-5 1.71663E-5 2.4961E-5 1.69854E-5 1.54963E-5 1.57213E-5 1.30119E-5 1.30545E-5 1.29074E-5
3.19818E-6 1.25232E-5 1.75111E-5 1.44944E-5 1.39927E-5 1.59286E-5 1.83405E-5 2.74642E-5 2.83519E-5 2.72392E-5 2.77062E-5 2.77329E-5 2.72857E-5 2.68763E-5 2.71014E-5 2.80018E-5 2.96307E-5 3.02695E-5 2.16407E-5 2.12793E-5 1.93477E-5 1.71069E-5 1.71743E-5 1.76511E-5 1.84106E-5 2.45206E-5 2.20195E-5 2.6032E-5 1.83803E-5 1.82819E-5 1.68155E-5 1.19594E-5 1.21034E-5 1.72353E-5 1.92732E-5 2.65335E-5 1.71624E-5 2.31508E-5 2.15008E-5 1.44396E-7 5.52643E-9 3.63587E-8 3.03053E-7 2.87447E-8 2.23901E-7 5.23299E-8 9.81511E-7 5.66825E-7 1.43564E-5 1.3742E-5 2.75247E-7 1.90703E-7 1.19781E-5 3.89832E-6 4.63577E-6 1.39619E-5 2.41854E-5 2.53662E-5 1.81638E-5 2.64775E-5 1.95818E-5 1.44224E-5 1.10064E-5 7.20204E-6 7.16588E-6 1.09967E-5
5.96549E-6 1.2869E-5 1.60451E-5 1.96434E-5 2.11223E-5 2.31959E-5 1.86414E-5 2.66293E-5 2.90714E-5 2.01702E-5 2.84896E-5 1.88756E-5 1.91688E-5 2.70204E-5 1.91449E-5 2.89057E-5 2.08837E-5 3.06434E-5 2.11224E-5 1.37241E-5 1.09156E-5 9.95471E-6 9.80293E-6 1.15111E-5 1.84814E-5 2.68938E-5 2.84441E-5 2.88439E-5 1.9927E-5 1.42188E-5 1.16383E-5 9.20726E-6 1.4924E-5 2.07466E-5 2.83036E-5 2.61723E-5 2.41596E-5 2.13171E-5 2.31328E-6 1.25158E-8 1.85535E-7 2.8597E-7 4.84262E-8 1.22545E-8 2.6475E-8 1.73154E-8 2.86776E-7 1.70892E-6 2.11454E-5 1.52092E-5 2.1301E-5 1.41305E-5 1.36264E-5 2.29264E-5 2.29788E-5 2.47564E-5 2.58544E-5 1.47467E-5 1.1264E-5 1.51173E-5 2.00889E-5 1.97534E-5 1.51814E-5 1.41837E-5 1.13405E-5 1.4529E-5
9.35574E-6 9.47051E-6 1.3291E-5 2.06283E-5 2.23245E-5 2.52531E-5 2.57434E-5 2.02438E-5 2.07804E-5 3.01334E-5 2.95047E-5 2.9207E-5 1.99743E-5 2.73377E-5 2.76328E-5 2.85129E-5 2.96124E-5 3.07089E-5 2.13618E-5 1.63359E-5 1.13596E-5 7.75993E-6 1.13877E-5 1.64599E-5 2.14376E-5 3.13844E-5 2.16395E-5 3.05662E-5 2.11475E-5 1.41917E-5 8.65361E-6 1.24468E-5 1.69313E-5 1.92642E-5 1.81407E-5 1.72097E-5 8.34234E-6 1.88979E-6 1.93406E-7 4.76514E-7 3.18727E-8 5.32724E-8 1.23515E-8 1.73595E-8 6.35315E-7 5.11972E-7 3.53848E-6 1.77891E-6 2.18934E-5 2.28422E-5 2.28584E-5 2.36985E-5 2.43106E-5 2.48844E-5 1.76261E-5 1.34254E-5 1.38243E-5 1.14053E-5 7.22764E-6 1.16338E-5 1.56943E-5 2.04007E-5 2.04379E-5 1.96656E-5 1.45779E-5 7.62512E-6
8.76142E-6 9.142E-6 1.25087E-5 1.38313E-5 1.56484E-5 1.98335E-5 2.77293E-5 2.45395E-5 2.95746E-5 2.99794E-5 2.98889E-5 2.94639E-5 2.85372E-5 2.72693E-5 2.7246E-5 2.7721E-5 2.01427E-5 3.0073E-5 3.03694E-5 2.07427E-5 1.40288E-5 1.23137E-5 1.69699E-5 2.14477E-5 3.17883E-5 3.20789E-5 2.19367E-5 3.09374E-5 2.10287E-5 1.65316E-5 1.16809E-5 1.31844E-5 1.97427E-5 2.80373E-5 2.66884E-5 8.96554E-6 6.14217E-7 2.79806E-7 2.30741E-8 1.24315E-8 3.76732E-8 3.45721E-8 9.60949E-9 1.704E-8 4.52191E-7 3.43844E-7 2.97096E-6 1.03668E-5 1.49735E-5 1.63205E-5 2.43557E-5 2.53685E-5 1.79797E-5 1.3659E-5 1.13246E-5 7.30574E-6 7.43884E-6 6.71537E-6 4.91474E-6 7.59927E-6 1.21949E-5 1.4887E-5 1.56161E-5 1.80234E-5 1.4034E-5 7.49751E-6
9.802E-6 1.19342E-5 1.84217E-5 2.00989E-5 2.34532E-5 2.59203E-5 2.31082E-5 2.99721E-5 2.97982E-5 2.97768E-5 2.08001E-5 1.9917E-5 2.78758E-5 2.69948E-5 2.64834E-5 2.56823E-5 1.76292E-5 2.32468E-5 2.06463E-6 1.59797E-5 1.43879E-5 1.40422E-5 2.10619E-5 3.20061E-5 3.20701E-5 2.22797E-5 2.19799E-5 3.09697E-5 3.04533E-5 2.02232E-5 1.59008E-5 1.173E-5 1.53685E-5 1.86356E-5 1.1992E-5 1.8584E-7 1.80345E-7 7.37707E-8 9.63552E-9 6.30372E-8 1.71236E-7 2.07928E-8 1.36907E-8 4.22518E-7 1.81674E-6 1.28359E-5 1.08608E-5 9.55891E-6 1.15799E-5 1.71103E-5 2.53726E-5 2.58719E-5 1.95676E-5 1.98391E-5 1.52504E-5 1.17118E-5 7.47174E-6 4.50473E-6 3.31159E-6 5.06023E-6 6.93126E-6 7.88284E-6 1.17507E-5 9.83995E-6 1.53994E-5 1.93941E-5
1.62323E-5 1.81483E-5 1.99817E-5 1.62623E-5 2.47768E-5 2.69257E-5 2.1885E-5 2.23622E-5 1.95279E-5 2.93107E-5 2.95645E-5 1.92629E-5 1.29752E-5 2.28765E-5 2.38856E-5 2.36538E-6 3.36447E-8 1.83779E-8 1.10202E-8 4.97942E-7 7.83664E-6 1.89014E-5 2.09128E-5 3.11994E-5 2.20067E-5 1.80015E-5 1.76451E-5 2.13598E-5 3.05566E-5 2.89089E-5 1.87781E-5 1.74793E-5 1.76949E-5 5.5367E-6 4.77309E-7 1.2669E-7 1.05123E-8 1.32632E-8 4.13993E-8 1.38487E-7 1.05448E-8 4.16989E-7 8.28817E-8 1.2918E-8 8.52424E-6 1.52843E-5 1.48975E-5 1.40056E-5 1.22208E-5 1.81697E-5 2.63022E-5 1.48353E-5 1.52189E-5 2.05147E-5 2.04849E-5 1.57447E-5 9.14571E-6 5.21771E-6 5.20285E-6 7.09322E-6 7.96325E-6 7.69191E-6 1.18522E-5 1.43483E-5 1.4287E-5 1.33222E-5
2.02294E-5 1.44591E-5 2.06206E-5 2.32146E-5 1.83207E-5 2.79785E-5 2.79494E-5 2.9971E-5 1.44327E-5 2.9332E-5 2.30534E-5 5.70521E-7 3.80813E-8 1.63829E-8 8.21713E-8 1.05527E-8 1.05774E-8 1.21114E-8 3.03757E-8 1.77188E-7 8.95058E-7 9.74922E-6 6.10505E-6 2.85152E-6 4.93311E-6 8.73012E-6 1.89794E-6 1.2992E-5 2.33699E-5 1.61948E-6 1.42637E-7 1.24139E-6 2.11804E-6 2.57103E-7 1.89169E-8 1.06952E-8 1.05089E-7 5.41375E-8 2.99467E-7 3.06088E-7 1.07349E-8 7.67029E-8 1.06869E-6 1.2014E-6 2.44066E-5 2.51498E-5 2.54468E-5 1.78018E-5 1.75595E-5 1.90746E-5 2.06139E-5 2.02768E-5 1.56961E-5 1.61245E-5 2.16943E-5 1.64467E-5 1.26329E-5 8.16987E-6 8.2002E-6 1.27361E-5 1.54691E-5 1.50932E-5 1.6222E-5 2.15331E-5 1.84713E-5 5.4811E-6
2.07785E-5 2.07434E-5 2.17296E-5 2.38123E-5 1.89381E-5 2.72036E-5 2.20673E-5 3.12322E-5 2.19087E-5 2.98903E-5 7.93036E-6 1.4521E-8 5.00996E-9 5.99856E-9 1.02433E-8 1.02861E-8 1.51025E-8 2.33651E-7 1.96026E-7 6.01152E-7 1.58078E-8 7.48926E-8 2.20371E-7 2.34488E-8 3.0394E-8 3.88718E-8 1.36259E-8 1.08637E-8 7.43137E-9 1.04252E-8 1.23066E-8 1.02225E-8 3.72168E-7 1.09074E-8 9.85702E-9 3.24829E-8 3.23356E-7 4.44215E-7 6.62289E-8 3.08734E-7 4.55064E-8 3.61165E-6 7.85137E-6 1.69863E-5 2.64174E-5 2.66957E-5 2.68427E-5 2.7059E-5 2.76487E-5 2.1225E-5 2.19778E-5 2.17062E-5 2.17529E-5 1.67409E-5 2.22328E-5 2.25544E-5 1.72944E-5 9.85296E-6 9.77194E-6 1.67137E-5 2.17169E-5 2.25324E-5 2.07075E-5 1.94573E-5 8.81206E-6 7.52232E-6
1.41969E-5 2.15795E-5 2.33212E-5 1.73595E-5 2.5563E-5 2.68769E-5 3.08576E-5 3.23957E-5 2.22824E-5 3.01128E-5 1.22631E-5 1.12706E-8 4.63917E-9 6.00657E-9 1.03314E-8 6.61245E-9 3.53707E-8 1.45006E-6 5.18348E-7 2.74995E-7 3.45463E-7 4.05237E-8 1.60765E-8 7.52106E-9 2.34914E-8 2.83301E-8 9.49319E-8 1.09489E-8 2.34823E-8 2.13316E-8 4.01704E-8 2.56312E-7 6.70468E-8 1.79165E-8 8.30114E-8 6.34661E-8 7.57704E-7 7.60925E-7 3.83764E-8 8.50131E-8 2.40175E-6 2.42397E-5 1.82371E-5 1.53957E-5 1.85516E-5 2.72625E-5 1.91912E-5 1.84329E-5 1.85905E-5 1.50883E-5 1.68998E-5 2.30065E-5 2.21276E-5 2.20247E-5 1.6887E-5 2.30959E-5 1.77667E-5 1.64918E-5 1.6243E-5 1.59391E-5 1.41271E-5 1.43026E-5 1.41808E-5 1.4035E-5 7.64292E-6 1.35116E-5
1.52543E-5 2.41973E-5 2.42712E-5 1.76823E-5 2.59953E-5 2.65569E-5 3.04888E-5 2.33329E-5 2.08213E-5 1.15018E-5 1.17334E-5 1.54445E-7 6.80341E-9 1.16861E-8 1.8269E-8 1.70696E-8 3.43732E-8 2.48856E-8 2.25087E-8 2.63045E-8 1.45036E-8 1.22403E-8 1.12165E-8 4.01877E-8 5.7466E-8 1.28458E-8 1.46138E-8 5.59817E-8 3.84731E-8 5.70383E-7 6.11254E-8 5.55532E-9 7.26145E-9 2.94521E-7 2.26735E-6 2.40624E-7 1.50374E-7 1.82175E-7 8.32647E-8 2.66826E-6 1.50474E-5 2.65895E-5 2.69997E-5 1.87347E-5 1.91734E-5 2.84879E-5 2.86441E-5 2.85667E-5 1.64159E-5 9.77873E-6 1.75499E-5 2.37699E-5 1.70809E-5 2.27409E-5 2.30997E-5 2.36777E-5 2.37053E-5 2.31587E-5 2.14127E-5 2.1422E-5 1.38109E-5 2.08191E-5 2.04782E-5 1.94155E-5 1.28258E-5 2.94228E-5
2.57676E-5 2.4851E-5 1.69055E-5 2.44189E-5 2.60385E-5 2.78257E-5 2.92096E-5 2.18903E-5 2.06525E-5 3.60705E-7 8.59542E-8 1.78724E-8 1.21168E-8 1.14676E-8 1.15809E-8 6.70747E-9 1.09932E-8 1.44851E-8 3.11451E-8 2.17855E-8 1.19761E-8 1.10959E-8 7.75893E-9 2.00736E-8 6.41733E-9 2.19408E-8 5.65007E-7 2.83113E-7 1.69727E-7 1.10157E-8 2.19411E-8 1.05321E-8 1.95635E-8 1.35677E-7 3.91656E-7 7.74278E-7 2.53493E-7 3.09283E-6 8.11457E-6 1.00884E-5 1.52504E-5 1.95272E-5 2.80309E-5 2.85508E-5 2.05209E-5 2.97264E-5 2.07034E-5 2.27562E-5 1.71508E-5 1.65102E-5 1.80764E-5 2.50069E-5 2.36799E-5 1.76903E-5 2.38617E-5 1.82296E-5 1.46724E-5 1.4525E-5 1.44866E-5 1.441E-5 6.2118E-6 9.51059E-6 6.96767E-6 7.27719E-6 2.05589E-5 3.28849E-5
2.56989E-5 2.60517E-5 2.64707E-5 2.64937E-5 2.60503E-5 2.72688E-5 2.72663E-5 2.11561E-5 5.47179E-6 5.46647E-8 1.55241E-8 1.47919E-8 1.19797E-8 3.71428E-8 5.09621E-8 8.15573E-9 2.45916E-8 1.52809E-7 1.86364E-6 1.35834E-7 2.23392E-8 8.51105E-9 1.52318E-8 5.0025E-9 5.75117E-8 4.20322E-7 2.47091E-8 1.1299E-8 3.8588E-8 1.78002E-8 1.1661E-8 3.32016E-8 6.19749E-8 2.10776E-8 1.95713E-7 1.08111E-5 1.59727E-5 1.44764E-5 1.15372E-5 1.3618E-5 2.01997E-5 3.00259E-5 2.08935E-5 3.05265E-5 2.15674E-5 3.2067E-5 1.78211E-5 2.46063E-5 2.49123E-5 2.5079E-5 1.80216E-5 2.44664E-5 2.40065E-5 1.79549E-5 2.19832E-5 1.58363E-5 1.1141E-5 9.978E-6 9.97554E-6 1.26567E-5 7.43752E-6 3.01718E-6 5.45075E-6 2.45903E-5 1.23007E-5 4.55851E-5
1.61502E-5 2.63196E-5 2.66548E-5 1.7911E-5 1.71682E-5 1.90391E-5 2.66279E-5 2.04184E-5 7.42825E-7 5.06612E-9 6.21433E-9 1.68194E-8 4.9834E-8 4.99014E-8 5.32328E-8 1.15405E-8 1.20105E-8 5.22062E-8 1.09309E-7 1.60148E-8 4.39085E-8 7.68375E-9 4.39302E-9 4.41123E-9 1.32961E-7 3.72485E-8 1.06444E-8 3.73653E-8 5.5026E-8 4.62972E-8 5.48352E-8 1.34917E-8 2.83586E-8 8.35342E-7 5.79935E-6 2.74376E-5 2.88593E-5 2.04434E-5 1.93664E-5 1.98148E-5 2.15674E-5 3.15121E-5 3.17408E-5 3.19169E-5 3.26633E-5 2.58359E-5 1.83068E-5 1.69895E-5 1.84135E-5 2.5131E-5 1.84211E-5 2.47252E-5 1.55718E-5 1.55544E-5 2.20927E-5 1.6082E-5 1.14163E-5 9.47927E-6 1.12172E-5 1.54602E-5 1.17417E-5 1.14939E-5 1.94245E-5 1.26693E-5 4.12846E-5 4.65905E-5
2.60835E-5 2.66554E-5 1.76963E-5 1.28038E-5 2.71608E-5 2.71778E-5 2.70169E-5 2.04931E-5 2.09601E-6 9.58335E-9 1.15254E-7 6.50698E-7 9.14779E-8 1.16794E-8 1.22599E-8 1.31858E-8 1.11192E-8 1.10341E-8 6.97387E-9 1.11601E-8 1.35898E-8 6.63089E-9 3.71554E-9 6.77282E-8 4.87836E-8 1.41842E-8 4.75612E-8 8.25138E-9 2.21851E-8 1.58063E-8 3.6833E-8 3.41414E-8 2.19589E-6 1.23733E-5 1.90432E-5 2.09431E-5 3.05837E-5 3.09804E-5 3.15705E-5 3.27344E-5 3.37483E-5 3.33748E-5 3.35579E-5 2.59663E-5 7.14034E-5 7.21476E-5 5.01085E-5 3.84629E-5 5.00218E-5 7.16508E-5 6.98852E-5 7.10633E-5 5.07424E-5 5.01852E-5 7.02635E-5 4.9615E-5 3.7198E-5 3.67372E-5 4.49296E-5 4.64122E-5 2.56193E-6 7.25135E-6 4.47271E-5 6.67112E-5 6.60046E-5 6.70679E-5
2.69347E-5 2.71023E-5 2.756E-5 2.7651E-5 2.31613E-5 1.9224E-5 1.87575E-5 2.24071E-5 1.09608E-5 4.89078E-8 1.82863E-6 4.09773E-8 1.52819E-8 1.12359E-8 9.92793E-9 1.56706E-8 1.12396E-8 1.12108E-8 1.13038E-8 1.34936E-8 4.40455E-7 5.51059E-8 9.44605E-9 4.88631E-8 2.44352E-7 1.89697E-8 1.26064E-7 6.95893E-8 2.52915E-8 5.98645E-8 6.61851E-8 7.85863E-7 9.12634E-6 2.97642E-5 3.0378E-5 2.16839E-5 2.28965E-5 3.23834E-5 2.26596E-5 3.41222E-5 3.53552E-5 2.42412E-5 2.70546E-5 1.92048E-5 7.44898E-5 7.40696E-5 7.28819E-5 5.02833E-5 4.58869E-5 4.65258E-5 4.96233E-5 7.40758E-5 7.50589E-5 5.15963E-5 7.15995E-5 7.02856E-5 3.96023E-5 3.89296E-5 3.26846E-5 6.81047E-5 6.85482E-5 7.04519E-5 7.05873E-5 7.04012E-5 6.85065E-5 6.9756E-5
1.21296E-5 2.71118E-5 1.85517E-5 2.74101E-5 2.66529E-5 2.0018E-5 3.67842E-5 3.92077E-5 3.73378E-5 6.20053E-7 1.22349E-6 8.3708E-9 6.48265E-9 1.11002E-8 1.10886E-8 1.11207E-8 1.12629E-8 6.53239E-9 2.65114E-7 2.42614E-7 1.9285E-8 1.57047E-8 1.63348E-7 2.32689E-6 5.74307E-7 2.17201E-7 5.45775E-7 2.90665E-7 5.08034E-6 1.35975E-5 3.88282E-6 2.07515E-5 2.0366E-5 2.17241E-5 3.14463E-5 3.26561E-5 2.4175E-5 3.38372E-5 3.45443E-5 2.49679E-5 3.7184E-5 3.71985E-5 3.79248E-5 1.98564E-5 7.64871E-5 7.61165E-5 7.57117E-5 7.3265E-5 7.00589E-5 4.97664E-5 5.0134E-5 7.46563E-5 7.66968E-5 7.58865E-5 5.28253E-5 7.46904E-5 5.0078E-5 6.95234E-5 5.07856E-5 4.86541E-5 6.86514E-5 5.00034E-5 7.2765E-5 7.47443E-5 7.46998E-5 7.26813E-5
2.77005E-5 1.81711E-5 1.41402E-5 1.73419E-5 1.80431E-5 3.13795E-5 3.9619E-5 2.58046E-5 3.83001E-5 8.17524E-7 2.88129E-7 1.18913E-8 1.12145E-8 1.11407E-8 1.12171E-8 4.14302E-8 3.20606E-7 6.2764E-7 4.92744E-8 3.52323E-9 4.78579E-9 1.10697E-8 6.80273E-8 3.33679E-7 1.50057E-5 7.57773E-7 9.82594E-6 1.36981E-5 2.10644E-5 2.11096E-5 3.20337E-5 3.29205E-5 2.3294E-5 1.95928E-5 2.36349E-5 3.54369E-5 3.68055E-5 2.509E-5 3.73172E-5 3.82977E-5 3.88551E-5 3.91182E-5 3.8498E-5 7.89224E-5 7.762E-5 7.71853E-5 7.57989E-5 5.15477E-5 7.17219E-5 7.27872E-5 7.53953E-5 7.62108E-5 5.35037E-5 2.43972E-5 7.75946E-5 7.47785E-5 7.20883E-5 7.17074E-5 7.17772E-5 4.97241E-5 6.9092E-5 7.15908E-5 7.43234E-5 5.32939E-5 7.83925E-5 7.74294E-5
2.91416E-5 1.89225E-5 1.45395E-5 1.89619E-5 2.66808E-5 3.50715E-5 3.97181E-5 3.6454E-5 2.85712E-5 3.85956E-6 5.84818E-8 1.15991E-8 1.11797E-8 1.11745E-8 1.12519E-8 1.13961E-8 6.29915E-8 6.45831E-7 1.10108E-8 5.72918E-9 2.29766E-8 1.03369E-6 8.06621E-7 5.37655E-6 7.88439E-6 7.17035E-7 2.71465E-5 3.15107E-5 3.24414E-5 3.32582E-5 3.45154E-5 3.54209E-5 3.6059E-5 2.50402E-5 2.13004E-5 2.65202E-5 3.84537E-5 3.84086E-5 2.70021E-5 3.9693E-5 3.99805E-5 3.70361E-5 2.51899E-5 7.47638E-5 5.24559E-5 7.48807E-5 7.41246E-5 5.12363E-5 4.61856E-5 5.40978E-5 2.51845E-5 2.4639E-5 7.71984E-5 5.4093E-5 7.03489E-5 7.30648E-5 6.91072E-5 5.02514E-5 7.36507E-5 7.532E-5 7.14692E-5 7.60252E-5 7.8011E-5 7.57272E-5 7.76556E-5 7.75296E-5
3.17595E-5 3.19173E-5 2.07062E-5 1.85028E-5 1.88512E-5 2.46262E-5 2.83931E-5 3.82177E-5 2.69652E-5 2.01385E-5 1.11481E-7 1.36997E-8 1.1217E-8 6.50466E-9 1.1301E-8 1.35657E-8 1.00302E-7 3.18239E-8 1.32156E-8 6.55947E-8 1.43807E-7 4.18614E-7 1.6876E-6 1.89484E-5 2.87532E-6 1.20048E-5 3.14282E-5 3.31314E-5 3.4046E-5 2.44021E-5 2.41662E-5 2.44593E-5 2.43767E-5 2.14206E-5 1.49712E-5 2.25029E-5 2.69568E-5 3.90175E-5 3.96086E-5 2.75158E-5 3.96208E-5 3.63099E-5 2.61968E-5 7.24964E-5 7.92278E-5 7.08845E-5 7.73919E-5 2.10617E-5 1.56352E-5 1.85801E-5 8.30588E-5 5.32071E-5 7.66212E-5 7.61903E-5 7.54913E-5 5.05988E-5 7.20623E-5 7.21935E-5 7.44949E-5 7.86994E-5 8.02799E-5 8.12541E-5 7.99992E-5 5.17177E-5 7.69319E-5 7.63124E-5
3.21292E-5 3.45095E-5 3.41415E-5 2.93799E-5 3.2092E-5 4.12653E-5 4.05994E-5 3.96774E-5 1.77878E-5 2.03329E-7 3.63283E-8 1.48782E-8 1.25285E-8 2.12335E-8 1.95373E-8 4.09897E-7 1.15361E-6 9.03956E-8 5.65469E-8 8.21664E-7 1.90403E-7 5.01276E-6 2.0718E-5 1.41969E-5 7.08727E-6 4.88927E-6 2.15209E-5 2.37692E-5 3.55472E-5 3.71597E-5 2.64613E-5 2.24089E-5 1.51658E-5 1.35817E-5 1.03494E-5 1.76916E-5 2.86216E-5 4.11014E-5 4.03189E-5 2.78861E-5 2.88855E-5 4.19532E-5 4.0413E-5 8.51647E-5 8.63558E-5 8.72921E-5 2.64547E-5 2.06849E-5 7.78749E-5 7.99088E-5 7.46509E-5 5.57486E-5 8.09759E-5 7.8392E-5 5.26776E-5 5.17796E-5 7.3505E-5 7.58385E-5 7.76768E-5 5.46464E-5 8.16187E-5 7.87115E-5 7.44741E-5 7.12008E-5 7.19001E-5 5.00858E-5
2.01926E-5 3.34044E-5 2.29707E-5 1.90961E-5 2.09258E-5 4.23903E-5 3.8546E-5 3.94804E-5 2.32872E-5 7.01261E-8 1.20505E-8 1.17214E-8 1.15569E-8 9.55665E-9 1.00421E-7 6.34455E-7 5.78935E-9 1.48793E-8 1.22311E-7 1.47528E-7 1.78721E-7 1.10212E-5 2.24599E-5 2.10665E-5 1.83283E-5 5.4567E-6 2.16332E-5 2.05936E-5 2.55062E-5 3.85011E-5 4.006E-5 2.83796E-5 2.28975E-5 1.48217E-5 1.02558E-5 1.77803E-5 3.03537E-5 4.37528E-5 4.30397E-5 4.26739E-5 4.38415E-5 2.98537E-5 4.22737E-5 9.17853E-5 8.99412E-5 2.80663E-5 9.00135E-5 5.74373E-5 8.05188E-5 7.1897E-5 5.70371E-5 4.33856E-5 5.6057E-5 8.27213E-5 5.68178E-5 8.02582E-5 7.92776E-5 5.61127E-5 8.36794E-5 8.39693E-5 8.41425E-5 5.16743E-5 7.0345E-5 6.14887E-5 4.84813E-5 4.58754E-5
1.60298E-5 2.12457E-5 3.43703E-5 3.0602E-5 2.01412E-5 2.87947E-5 3.90121E-5 2.17049E-5 1.95371E-5 3.16059E-7 1.20717E-8 1.16942E-8 6.66123E-9 5.01764E-9 5.35949E-7 2.79197E-8 3.14736E-9 8.27201E-9 3.14684E-7 5.0097E-8 9.91579E-8 2.52292E-5 3.51023E-5 3.39689E-5 1.33196E-5 1.75777E-5 3.54031E-5 2.60002E-5 2.23404E-5 2.78729E-5 4.109E-5 4.15511E-5 2.93842E-5 1.742E-5 1.01795E-5 1.76251E-5 3.05022E-5 4.49116E-5 3.13229E-5 3.12433E-5 4.54128E-5 3.08245E-5 2.02243E-5 9.51065E-5 9.66922E-5 6.53113E-5 9.4262E-5 9.22705E-5 9.34902E-5 6.00761E-5 5.38063E-5 5.52751E-5 5.99208E-5 8.82091E-5 6.07002E-5 8.84798E-5 5.92125E-5 5.96963E-5 8.81932E-5 6.03289E-5 5.38885E-5 7.19478E-5 7.06928E-5 7.18814E-5 7.27498E-5 7.15102E-5
1.36499E-5 1.77574E-5 2.49681E-5 3.26884E-5 2.25259E-5 2.86734E-5 3.89943E-5 3.8685E-5 1.31664E-5 6.83055E-8 1.21319E-8 6.9194E-9 5.45164E-9 5.61105E-8 1.72531E-7 3.19007E-9 3.79054E-9 9.17439E-9 1.04246E-6 9.87545E-8 3.56505E-6 2.30776E-5 2.49598E-5 2.06592E-5 6.3237E-6 3.42166E-5 3.65711E-5 3.90563E-5 2.79882E-5 2.72623E-5 2.87473E-5 4.25852E-5 2.99818E-5 1.73444E-5 1.01334E-5 1.78384E-5 3.13994E-5 4.5461E-5 3.15969E-5 3.15267E-5 4.58316E-5 4.5596E-5 2.08346E-5 6.61673E-5 9.57554E-5 9.60438E-5 9.73184E-5 9.39865E-5 6.29815E-5 6.01401E-5 8.43465E-5 6.3151E-5 7.45933E-5 8.50794E-5 9.03559E-5 8.88382E-5 5.851E-5 8.65084E-5 8.17086E-5 6.832E-5 8.05783E-5 7.50985E-5 3.52193E-5 7.29031E-5 7.37837E-5 5.11765E-5
1.84557E-5 1.36423E-5 2.40252E-5 3.40166E-5 2.61329E-5 2.35823E-5 1.03945E-5 1.91985E-5 3.30391E-5 7.40075E-7 3.17097E-8 1.64751E-8 1.32637E-7 3.50262E-7 6.16325E-9 5.42291E-9 3.83272E-9 1.11754E-8 5.92676E-8 4.34157E-6 2.76076E-5 3.56369E-5 3.76988E-5 1.52086E-5 8.87882E-6 2.41823E-5 2.68553E-5 4.07231E-5 4.12561E-5 4.2252E-5 2.93566E-5 4.37126E-5 2.99556E-5 1.73288E-5 1.70494E-5 2.60389E-5 3.22814E-5 4.63785E-5 3.18777E-5 3.03462E-5 3.15065E-5 4.58404E-5 2.11075E-5 2.02854E-5 6.59722E-5 9.83741E-5 9.31314E-5 9.38033E-5 9.35134E-5 8.65776E-5 7.87856E-5 5.91679E-5 4.24792E-5 5.28369E-5 6.09724E-5 8.82574E-5 8.69441E-5 8.75451E-5 5.70368E-5 4.98997E-5 7.79861E-5 8.30316E-5 5.5884E-5 5.46263E-5 7.8723E-5 7.66243E-5
2.39346E-5 1.43558E-5 2.43126E-5 3.06346E-5 2.5903E-5 1.81734E-5 2.26432E-5 1.1352E-5 3.38327E-5 2.18436E-6 1.57782E-8 1.16973E-8 1.1185E-6 1.36263E-8 1.13644E-8 8.51471E-9 4.17975E-9 1.68773E-8 3.64136E-6 1.28697E-5 2.26112E-5 2.65071E-5 3.84725E-5 3.11422E-5 1.42707E-5 3.87513E-5 2.84511E-5 4.20068E-5 2.95052E-5 4.36816E-5 4.34967E-5 4.43614E-5 2.9706E-5 1.96879E-5 2.01444E-5 3.17615E-5 4.74392E-5 4.67511E-5 4.65236E-5 4.61574E-5 3.18592E-5 4.61785E-5 3.81657E-5 1.01217E-4 1.01483E-4 9.96698E-5 9.6753E-5 9.69891E-5 6.03611E-5 5.66774E-5 5.6267E-5 5.43493E-5 8.89411E-5 6.23991E-5 9.39737E-5 9.46573E-5 9.51534E-5 9.45542E-5 9.54433E-5 8.88087E-5 7.93498E-5 7.47943E-5 5.29121E-5 5.21021E-5 5.32612E-5 5.29995E-5
2.47554E-5 1.98721E-5 2.72271E-5 2.69659E-5 2.37745E-5 2.73517E-5 1.43634E-5 1.28232E-5 2.71573E-5 6.41972E-7 1.30318E-7 7.87183E-8 5.13069E-7 1.15827E-8 1.49772E-8 2.62404E-8 4.5815E-9 1.18991E-7 1.12086E-5 1.4308E-5 1.63734E-5 2.31648E-5 2.63766E-5 2.25415E-5 2.52118E-5 3.88103E-5 4.09315E-5 4.20125E-5 4.39007E-5 4.50085E-5 4.48794E-5 4.51987E-5 3.16832E-5 2.58371E-5 2.02798E-5 3.24394E-5 4.83773E-5 3.27297E-5 4.69772E-5 4.71522E-5 4.70697E-5 4.67652E-5 3.82504E-5 6.78364E-5 6.84725E-5 1.009E-4 9.99818E-5 9.79951E-5 9.80459E-5 9.6711E-5 6.16326E-5 6.2474E-5 9.50966E-5 9.61612E-5 9.66927E-5 6.46778E-5 6.53606E-5 9.80912E-5 6.33928E-5 5.15255E-5 5.6923E-5 8.26114E-5 8.41487E-5 8.13591E-5 5.61275E-5 1.81603E-5
