catData/rasterBestHybridModels/Prubiginosus/RD_BM01_RM1_L/Prubiginosus_avg.asc
ncols         409
nrows         350
xllcorner     60.897278365
yllcorner     5.843756025
cellsize      0.0892857
NODATA_value  -9999
[rows 174 to 202 of 350, columns 130 to 194 of 409]
-9999 -9999 4.20013E-5 5.36439E-6 3.40547E-6 3.60748E-5 7.73635E-5 2.38357E-4 3.48658E-4 1.48555E-4 1.9249E-4 1.38441E-4 2.04567E-4 2.25165E-4 2.436E-4 2.64569E-4 2.34003E-4 1.81578E-4 2.32095E-4 1.754E-4 1.77543E-4 2.04687E-4 1.55783E-4 1.43866E-4 1.9198E-4 1.41003E-4 2.26917E-4 3.15031E-4 3.49475E-4 1.99681E-4 2.23069E-4 4.62107E-4 3.65719E-4 6.86965E-4 1.211E-3 6.68706E-4 9.33289E-4 2.68597E-4 2.98781E-4 3.57218E-4 3.02453E-4 2.44604E-4 4.69069E-4 3.08464E-4 6.69766E-4 5.99535E-4 2.65411E-4 1.86729E-4 1.73285E-4 5.16228E-4 8.7411E-4 5.42336E-4 6.35671E-4 6.10112E-4 5.05343E-4 2.60762E-4 1.62663E-4 2.64174E-4 4.83916E-4 3.20963E-4 4.41038E-4 3.8814E-4 6.4282E-4 5.35864E-4 1.77942E-4
-9999 -9999 3.32509E-5 8.92951E-6 6.85072E-6 1.92307E-5 4.89283E-5 2.15476E-4 5.89191E-4 5.06295E-4 2.86839E-4 2.19453E-4 2.63383E-4 2.29659E-4 2.00728E-4 2.07146E-4 2.78617E-4 3.26378E-4 1.92582E-4 2.05093E-4 3.69171E-5 9.71461E-5 2.14767E-4 1.49636E-4 1.24911E-4 1.14238E-4 4.53058E-4 3.73913E-4 1.5033E-4 3.21932E-4 4.10287E-4 4.00055E-4 3.9391E-4 4.78454E-4 1.23542E-3 3.51544E-4 5.30941E-4 4.69066E-4 4.11259E-4 1.47494E-4 1.63233E-4 1.69459E-4 2.73751E-4 4.3638E-4 4.96352E-4 3.34836E-4 2.51766E-4 3.6482E-4 2.81267E-4 5.49658E-4 6.50866E-4 6.69349E-4 3.13309E-4 2.02933E-4 2.83753E-4 6.80155E-4 4.2262E-4 7.49386E-4 8.34356E-4 4.88615E-4 4.59596E-4 4.87939E-4 3.79188E-4 1.14362E-4 3.92161E-4
-9999 -9999 -9999 7.30609E-6 3.80814E-6 8.23325E-6 8.9386E-6 8.69147E-5 3.423E-4 5.49852E-4 2.6034E-4 2.36208E-4 3.70322E-4 2.05474E-4 3.26206E-4 6.7093E-4 8.24734E-4 2.07662E-4 2.0964E-4 1.84449E-4 1.29685E-4 1.24679E-4 1.40177E-4 1.9642E-4 1.0603E-4 7.76568E-5 1.76793E-4 3.52798E-4 1.94194E-4 1.01861E-4 3.74491E-4 7.59338E-4 7.85505E-4 1.45446E-3 5.34485E-4 3.81667E-4 2.70476E-4 1.72067E-4 3.69207E-4 1.70803E-4 1.81938E-4 2.09101E-4 3.16708E-4 4.43121E-4 4.70461E-4 3.89884E-4 5.02078E-4 7.12776E-4 1.20745E-3 5.19679E-4 3.50853E-4 5.76607E-4 4.15326E-4 4.55233E-4 4.71839E-4 1.29337E-4 8.01222E-5 1.14639E-4 1.28854E-4 3.88463E-4 3.30638E-4 9.43514E-5 2.88568E-4 1.06739E-4 3.44617E-5
-9999 6.38171E-5 1.44137E-4 2.91072E-5 9.72696E-6 3.71085E-6 2.18601E-6 9.26579E-6 5.59443E-6 2.97024E-5 2.92801E-5 1.0262E-4 1.90804E-4 1.09514E-4 3.19523E-4 4.78541E-4 2.80568E-4 1.71523E-4 1.7325E-4 2.00114E-4 8.36421E-5 9.66881E-5 9.26331E-5 1.71923E-4 5.73769E-5 5.82921E-5 1.41073E-4 3.10206E-4 1.69084E-4 1.23699E-4 2.4385E-4 4.52628E-4 3.30255E-4 2.27423E-4 1.08133E-4 5.78662E-5 6.81815E-5 1.47795E-4 1.96436E-4 1.93442E-4 1.86506E-4 2.84691E-4 2.55752E-4 2.73634E-4 5.7386E-4 7.75197E-4 5.74297E-4 1.17491E-3 1.28968E-3 5.54584E-4 3.78245E-4 7.01634E-4 5.61816E-4 1.88759E-4 1.86956E-4 2.94084E-5 1.68351E-4 3.53201E-4 1.5946E-4 2.87069E-4 2.80655E-4 1.58824E-4 1.166E-4 5.01442E-4 3.7464E-4
-9999 7.94316E-5 1.0386E-4 -9999 9.3585E-6 8.26856E-6 4.34301E-6 3.8042E-6 7.28731E-6 1.01253E-5 7.05024E-4 3.45978E-4 3.66149E-4 1.5023E-4 2.61376E-4 4.99094E-4 2.44246E-4 4.81969E-4 1.46699E-4 1.3853E-4 1.17305E-4 1.88079E-4 1.11952E-4 1.28892E-4 2.2346E-4 1.85338E-4 1.16344E-4 5.11441E-5 1.69739E-4 1.35438E-4 2.15491E-4 1.78756E-4 2.55856E-4 1.16923E-4 1.17666E-4 1.91063E-4 2.14356E-4 2.63689E-4 3.71148E-4 1.99009E-4 1.80241E-4 2.44482E-4 2.09432E-4 6.28697E-4 8.34085E-4 3.62961E-4 5.66813E-4 8.74838E-4 7.20537E-4 4.64059E-4 3.50939E-4 6.62997E-5 8.28278E-5 5.85421E-5 2.27106E-4 1.24249E-4 4.48715E-4 3.129E-4 3.07194E-4 1.81039E-4 1.24019E-4 2.12149E-4 5.28883E-5 3.11957E-5 3.09054E-4
-9999 -9999 -9999 -9999 1.60385E-5 7.01348E-6 7.89464E-6 6.11244E-6 8.2109E-6 1.1304E-5 3.6015E-4 4.65984E-4 3.94974E-4 6.69277E-4 5.79596E-4 4.46597E-4 3.87736E-4 2.05348E-4 1.47571E-4 1.27433E-4 1.64741E-4 1.01072E-4 8.99492E-5 1.6918E-4 1.26522E-4 1.20698E-4 7.58254E-5 2.51371E-5 9.20967E-5 5.24023E-5 1.00201E-4 8.25911E-5 1.54546E-4 2.76388E-4 1.68686E-4 2.02838E-4 1.92246E-4 1.86934E-4 1.25956E-4 1.22808E-4 3.40474E-4 1.89473E-4 2.91502E-4 2.96708E-4 3.19246E-4 5.41655E-4 7.48295E-4 1.06235E-3 1.03276E-3 5.39461E-4 5.87293E-4 2.08385E-4 4.09027E-4 4.89413E-4 7.13318E-4 3.18579E-4 3.90809E-4 2.71607E-4 1.66988E-4 1.15043E-4 2.5761E-4 1.06205E-4 8.11296E-5 2.9377E-5 5.28289E-4
-9999 -9999 -9999 -9999 4.87174E-5 1.33849E-5 2.19414E-5 2.05551E-5 9.93236E-6 8.95567E-5 3.47036E-4 1.72006E-4 1.72654E-4 2.07543E-4 1.12024E-3 4.79216E-4 5.9365E-4 1.91769E-4 7.96169E-5 1.67708E-4 1.47211E-4 1.69318E-4 1.98755E-4 2.0042E-4 1.44877E-4 1.07939E-4 8.80181E-5 2.14936E-4 1.16093E-4 1.61085E-4 2.23923E-4 2.62694E-4 2.08758E-4 3.84012E-4 2.15163E-4 2.36427E-4 3.22824E-4 2.5133E-4 2.23207E-4 2.4136E-4 2.77099E-4 3.89698E-4 4.33653E-4 2.67723E-4 4.2005E-4 3.72238E-4 3.64873E-4 5.11999E-4 3.75209E-4 5.33823E-4 1.07512E-3 6.19702E-4 3.62824E-4 6.50181E-4 5.76413E-4 3.28361E-4 2.49436E-4 1.82244E-4 1.77115E-4 1.35787E-4 3.33731E-4 1.6593E-4 4.7367E-5 4.63462E-5 8.80314E-5
-9999 -9999 -9999 -9999 1.70408E-5 6.99071E-6 1.24683E-5 5.35707E-5 1.22199E-4 5.70041E-4 3.18488E-4 2.43886E-4 2.39249E-4 4.67647E-4 1.15137E-3 1.49298E-3 6.39937E-4 1.79609E-4 1.52615E-4 8.19512E-5 4.80644E-5 1.0569E-4 1.52947E-4 1.46878E-4 1.76045E-4 1.71781E-4 1.16857E-4 1.61363E-4 1.91588E-4 1.75271E-4 2.65231E-4 2.31455E-4 2.7839E-4 2.16999E-4 3.09899E-4 2.59462E-4 2.83369E-4 1.80969E-4 2.62993E-4 2.51032E-4 1.69748E-4 3.69181E-4 1.82135E-4 2.22222E-4 4.54311E-4 3.21403E-4 6.94796E-4 5.26877E-4 3.89441E-4 4.41076E-4 4.75271E-4 2.12808E-4 2.97073E-4 4.75772E-4 3.0927E-4 3.25895E-4 2.86936E-4 2.25297E-4 4.28393E-4 4.73051E-4 2.85539E-4 3.1469E-4 7.83616E-5 9.54678E-5 1.21564E-4
-9999 -9999 -9999 -9999 6.68194E-5 4.27183E-5 2.65442E-5 3.32489E-4 3.08525E-4 5.75365E-4 3.48336E-4 4.13119E-4 4.32019E-4 5.41095E-4 1.15332E-3 1.42076E-3 4.67241E-4 3.32042E-4 1.39719E-4 1.12843E-4 5.62343E-5 7.30654E-5 1.39822E-4 2.06721E-4 2.62851E-4 2.08839E-4 1.81287E-4 2.23655E-4 1.04684E-4 1.73426E-4 1.16056E-4 2.34174E-4 1.25031E-4 2.7267E-4 2.74524E-4 2.52106E-4 2.4712E-4 2.97813E-4 2.32373E-4 1.37518E-4 1.21999E-4 2.12277E-4 1.48753E-4 1.47015E-4 3.4914E-4 4.03352E-4 4.5644E-4 4.90227E-4 8.12501E-4 4.16475E-4 3.06641E-4 1.51425E-4 2.41143E-4 5.64068E-4 3.58791E-4 1.83563E-4 1.30535E-4 2.21004E-4 1.99623E-4 1.72863E-4 1.39102E-4 2.78947E-4 1.7174E-4 1.13613E-4 3.84183E-4
-9999 -9999 -9999 -9999 -9999 5.99936E-5 1.86352E-5 2.03483E-4 6.54212E-4 4.53747E-4 2.71906E-4 3.11246E-4 2.94831E-4 4.68968E-4 5.03252E-4 7.98445E-4 3.94952E-4 1.24695E-4 1.76892E-4 7.73268E-5 6.9814E-5 1.46538E-4 1.52274E-4 7.10777E-5 1.41821E-4 1.06789E-4 1.15015E-4 2.24241E-4 1.30673E-4 1.82057E-4 2.34898E-4 1.87967E-4 1.12896E-4 1.24047E-4 1.55496E-4 2.4846E-4 2.16494E-4 1.6981E-4 3.69053E-4 1.64248E-4 9.76542E-5 1.53752E-4 1.52005E-4 2.54116E-4 4.20027E-4 3.7669E-4 2.93175E-4 6.54534E-4 8.79647E-4 9.22248E-4 3.56131E-4 2.02702E-4 2.47229E-4 3.04914E-4 3.38061E-4 2.33319E-4 1.30641E-4 1.94948E-4 1.95339E-4 3.94837E-4 1.79098E-4 3.26304E-4 1.58391E-4 2.38483E-4 3.65288E-4
-9999 -9999 -9999 -9999 9.87297E-5 3.41895E-4 3.03157E-4 4.2888E-4 4.04917E-4 3.60062E-4 4.02462E-4 6.14386E-4 4.23083E-4 5.68064E-4 7.56028E-4 5.82299E-4 1.35783E-4 6.72519E-5 1.2313E-4 5.63958E-5 2.57002E-5 1.07871E-4 1.41657E-4 8.05697E-5 1.57931E-4 1.1705E-4 1.82807E-4 1.65203E-4 1.09993E-4 1.23472E-4 1.76959E-4 2.01025E-4 1.98295E-4 1.95981E-4 2.31389E-4 2.49551E-4 4.08936E-4 2.63542E-4 6.69881E-4 2.76709E-4 3.86624E-4 2.35385E-4 3.91185E-4 6.69842E-4 4.17537E-4 3.86918E-4 2.51196E-4 3.95039E-4 3.57545E-4 2.34219E-4 2.96311E-4 2.88476E-4 2.29147E-4 8.51527E-5 5.90301E-5 1.66481E-4 2.63249E-4 3.53137E-4 2.73989E-4 3.249E-4 2.74134E-4 3.34301E-4 2.70408E-4 1.74877E-4 1.70842E-4
-9999 -9999 -9999 -9999 3.62607E-4 4.94035E-4 2.92225E-4 1.44482E-4 2.48524E-4 3.11446E-4 3.52474E-4 2.71586E-4 2.48118E-4 1.82268E-4 3.34493E-4 1.63599E-4 7.90696E-5 5.73823E-5 7.48965E-5 7.26947E-5 9.45271E-5 1.64725E-4 1.764E-4 1.84097E-4 2.07596E-4 1.23933E-4 1.73252E-4 1.83869E-4 1.71905E-4 1.40311E-4 1.78038E-4 1.81951E-4 1.93621E-4 1.30231E-4 2.72855E-4 2.69244E-4 2.56118E-4 5.54426E-4 5.96142E-4 3.95718E-4 3.38526E-4 5.50611E-4 6.43669E-4 5.43286E-4 4.30713E-4 3.39017E-4 3.22571E-4 2.00291E-4 3.0263E-4 2.99315E-4 3.10008E-4 2.5931E-4 1.76131E-4 1.79747E-4 1.56362E-4 2.02446E-4 2.11306E-4 1.95769E-4 2.72723E-4 3.60211E-4 3.14493E-4 3.06247E-4 2.99137E-4 2.5712E-4 2.59405E-4
-9999 -9999 -9999 -9999 2.35004E-4 3.22195E-4 1.88529E-4 1.843E-4 2.45471E-4 3.41815E-4 2.93666E-4 2.15545E-4 1.0809E-4 1.64902E-4 2.994E-4 1.98982E-4 1.00804E-4 1.58126E-4 1.83649E-4 1.85486E-4 1.88113E-4 1.91609E-4 1.96332E-4 1.20902E-4 1.24486E-4 1.14785E-4 1.85642E-4 1.754E-4 1.75977E-4 9.81061E-5 1.46848E-4 1.79335E-4 1.76816E-4 1.03848E-4 9.92181E-5 1.65617E-4 1.99445E-4 1.67171E-4 2.01719E-4 3.57568E-4 2.91063E-4 1.85807E-4 1.15353E-4 1.20738E-4 1.97144E-4 1.99868E-4 3.16735E-4 3.09394E-4 1.95604E-4 3.36029E-4 2.38629E-4 1.48742E-4 3.02466E-4 1.30833E-4 1.59474E-4 2.06836E-4 1.92116E-4 3.08208E-4 3.36134E-4 1.94262E-4 3.11299E-4 3.24088E-4 3.50625E-4 3.8943E-4 2.08735E-4
-9999 -9999 -9999 4.67541E-5 1.36103E-4 1.11842E-4 1.03454E-4 1.775E-4 2.38757E-4 3.35303E-4 3.09834E-4 2.36913E-4 1.85895E-4 2.57829E-4 3.45489E-4 1.63737E-4 1.02327E-4 1.104E-4 1.77665E-4 1.69595E-4 1.84236E-4 1.20243E-4 1.99349E-4 2.08009E-4 2.10414E-4 2.07461E-4 1.95824E-4 1.0163E-4 1.85056E-4 2.08611E-4 1.53773E-4 1.25663E-4 1.59731E-4 1.00048E-4 1.01035E-4 1.63219E-4 1.01536E-4 1.0341E-4 3.06967E-4 3.20368E-4 1.1907E-4 1.86443E-4 1.82496E-4 1.82335E-4 2.0102E-4 1.97886E-4 1.60471E-4 2.15548E-4 2.38602E-4 4.32148E-4 1.80554E-4 3.34797E-4 2.40125E-4 1.28231E-4 2.00496E-4 1.21611E-4 1.9703E-4 3.09583E-4 3.40591E-4 3.05784E-4 2.93669E-4 3.33455E-4 3.58819E-4 3.50009E-4 1.88587E-4
-9999 -9999 -9999 9.65603E-5 1.25572E-4 1.6811E-4 1.1531E-4 1.0707E-4 1.13409E-4 1.91426E-4 1.77347E-4 2.87628E-4 3.4118E-4 2.7135E-4 8.91203E-5 1.1866E-4 1.40419E-4 1.63655E-4 1.81984E-4 1.82908E-4 1.15835E-4 1.87732E-4 1.9202E-4 1.97821E-4 2.05752E-4 2.03163E-4 2.13076E-4 1.13949E-4 1.48697E-4 1.39068E-4 2.21372E-4 2.54342E-4 1.53496E-4 1.63806E-4 1.65421E-4 1.66659E-4 1.65695E-4 1.64913E-4 1.65104E-4 1.16538E-4 1.19852E-4 1.93622E-4 1.17536E-4 1.83679E-4 1.16376E-4 1.88414E-4 2.02841E-4 1.97951E-4 1.658E-4 1.95247E-4 1.89005E-4 1.92865E-4 1.2135E-4 1.99511E-4 2.25334E-4 1.46345E-4 2.92714E-4 1.93472E-4 3.19123E-4 3.02639E-4 3.13841E-4 3.66282E-4 7.74205E-4 3.99702E-4 4.88399E-4
-9999 -9999 -9999 8.29294E-5 1.938E-4 2.3435E-4 1.79039E-4 1.21663E-4 1.506E-4 2.96057E-4 1.42284E-4 1.2142E-4 3.71021E-4 3.54936E-4 2.88263E-4 2.08244E-4 2.95216E-4 2.61911E-4 1.15027E-4 1.87786E-4 1.17284E-4 1.1524E-4 1.17051E-4 1.20153E-4 1.31036E-4 1.99618E-4 3.14762E-4 1.04303E-4 1.04038E-4 1.65102E-4 1.09016E-4 1.16204E-4 1.61267E-4 1.62893E-4 1.64252E-4 1.03145E-4 1.65337E-4 1.64546E-4 1.02434E-4 8.98479E-5 1.16708E-4 2.13847E-4 2.21868E-4 1.87113E-4 1.17433E-4 1.86129E-4 1.87026E-4 1.85148E-4 1.8617E-4 1.85085E-4 1.89492E-4 1.88845E-4 2.01417E-4 1.90598E-4 2.26451E-4 1.39327E-4 1.83815E-4 1.87643E-4 3.07478E-4 3.30446E-4 3.30571E-4 4.72042E-4 3.75312E-4 3.17582E-4 2.68208E-4
-9999 -9999 8.82323E-5 1.10847E-4 1.6194E-4 1.18555E-4 1.89292E-4 2.49233E-4 3.99503E-4 2.23881E-4 1.6075E-4 2.20373E-4 2.10148E-4 1.34763E-4 3.17902E-4 2.25212E-4 5.25195E-4 2.62597E-4 4.517E-4 2.06103E-4 1.94935E-4 1.93517E-4 1.9149E-4 1.22872E-4 1.26826E-4 3.26608E-4 3.2021E-4 1.59779E-4 1.71933E-4 1.64488E-4 1.04182E-4 8.03557E-5 9.89777E-5 1.61509E-4 1.63554E-4 1.02254E-4 1.01946E-4 1.66915E-4 1.95945E-4 1.97903E-4 1.84914E-4 1.89998E-4 1.89796E-4 1.90093E-4 1.88658E-4 1.87469E-4 1.18189E-4 1.17357E-4 1.85584E-4 1.14652E-4 1.82552E-4 1.85447E-4 1.90122E-4 1.88844E-4 2.60927E-4 1.82842E-4 2.10407E-4 3.03798E-4 3.18963E-4 2.21469E-4 3.4088E-4 4.96451E-4 1.91289E-4 3.19081E-4 2.8222E-4
-9999 -9999 2.11707E-4 1.10229E-4 1.98229E-4 1.50224E-4 1.56806E-4 1.76153E-4 2.52836E-4 1.19826E-4 1.20482E-4 2.08923E-4 2.80496E-4 1.42437E-4 2.83807E-4 1.45335E-4 6.29955E-4 6.07828E-4 1.44762E-4 1.85974E-4 2.22471E-4 1.52181E-4 1.79519E-4 1.96224E-4 2.00136E-4 3.31602E-4 2.94721E-4 1.06038E-4 1.66883E-4 1.60566E-4 1.65172E-4 1.04338E-4 1.06827E-4 1.02929E-4 1.56983E-4 1.6841E-4 1.0348E-4 3.15315E-4 3.14597E-4 3.14581E-4 1.85756E-4 1.16395E-4 1.73181E-4 2.02996E-4 1.92273E-4 1.91908E-4 1.8992E-4 1.95117E-4 1.95899E-4 1.82894E-4 1.80735E-4 1.44104E-4 2.1089E-4 1.96413E-4 1.96233E-4 1.66279E-4 1.852E-4 3.96098E-4 2.00404E-4 3.21312E-4 3.41749E-4 3.45984E-4 3.02661E-4 3.04417E-4 3.18699E-4
-9999 -9999 1.00433E-4 4.0475E-5 9.36818E-5 1.56412E-4 2.79026E-4 2.52304E-4 2.28518E-4 9.03108E-4 1.74811E-4 1.93097E-4 1.36162E-4 6.30374E-4 1.45269E-4 3.63956E-5 1.44649E-4 2.87019E-4 1.64411E-4 2.06898E-4 4.09554E-4 2.86094E-4 2.67485E-4 1.59832E-4 1.7858E-4 3.20253E-4 2.88085E-4 3.20525E-4 1.05146E-4 1.70642E-4 1.71975E-4 1.70958E-4 1.7476E-4 1.72025E-4 1.66772E-4 1.71413E-4 1.68964E-4 3.24265E-4 3.24063E-4 2.04023E-4 1.99735E-4 1.21361E-4 2.01313E-4 1.23678E-4 1.99713E-4 2.08106E-4 2.08572E-4 1.98461E-4 1.19916E-4 1.21455E-4 1.96784E-4 1.1758E-4 1.90264E-4 1.20818E-4 2.02945E-4 2.19803E-4 1.35442E-4 2.44308E-4 3.27372E-4 3.19592E-4 3.20009E-4 3.71784E-4 3.13643E-4 3.21034E-4 3.34943E-4
-9999 -9999 1.05595E-4 1.88704E-4 1.46613E-4 1.34796E-4 1.98976E-4 2.54083E-4 2.04275E-4 3.93285E-4 2.01712E-4 1.66799E-4 2.20105E-4 3.01588E-4 6.3581E-5 1.1278E-4 1.84148E-4 2.07945E-4 1.22635E-4 2.00068E-4 2.60712E-4 4.13699E-4 2.53971E-4 1.61816E-4 1.10564E-4 3.37855E-4 3.36383E-4 3.23798E-4 1.06308E-4 1.10671E-4 1.33405E-4 1.81336E-4 1.63027E-4 1.54964E-4 1.75073E-4 1.59193E-4 3.18828E-4 3.30895E-4 3.2462E-4 3.22258E-4 2.08302E-4 3.40812E-4 1.95361E-4 1.967E-4 1.98647E-4 1.63971E-4 2.1053E-4 2.0047E-4 2.06516E-4 2.00067E-4 1.91033E-4 1.18987E-4 1.91938E-4 1.21933E-4 1.23379E-4 2.13251E-4 3.1436E-4 1.57131E-4 2.54466E-4 3.12626E-4 3.74765E-4 3.77719E-4 3.09936E-4 3.16468E-4 3.46599E-4
-9999 -9999 1.32752E-4 1.44473E-4 2.22505E-4 2.22051E-4 1.99634E-4 3.54003E-4 8.52004E-4 6.49399E-4 2.4998E-4 2.00928E-4 2.05326E-4 2.93342E-4 2.74141E-4 1.75165E-4 3.00644E-4 2.85843E-4 1.93654E-4 2.01648E-4 2.07242E-4 1.97613E-4 4.39474E-4 2.44692E-4 1.9171E-4 3.07255E-4 3.31922E-4 3.27139E-4 1.7961E-4 1.73035E-4 1.91116E-4 1.11427E-4 1.08443E-4 1.52737E-4 1.78407E-4 3.4344E-4 3.29635E-4 3.20852E-4 2.03634E-4 3.20044E-4 3.20595E-4 3.26701E-4 1.9694E-4 2.02764E-4 1.29951E-4 1.31259E-4 2.01436E-4 1.562E-4 1.29675E-4 2.00577E-4 1.93422E-4 1.93135E-4 1.92316E-4 1.94969E-4 1.27766E-4 1.14722E-4 2.61798E-4 2.14474E-4 3.46573E-4 3.40294E-4 3.04531E-4 3.31339E-4 4.19441E-4 4.85254E-4 7.05612E-4
-9999 -9999 1.41523E-4 8.33814E-5 1.09165E-4 4.45404E-4 4.09276E-4 6.10294E-4 2.39144E-4 3.25546E-4 2.45659E-4 2.20802E-4 1.28517E-4 2.98741E-4 2.97657E-4 3.22121E-4 3.22009E-4 1.66283E-4 1.22628E-4 1.25247E-4 2.06538E-4 2.02421E-4 1.96245E-4 1.10901E-4 8.9275E-5 1.85773E-4 7.50706E-5 6.86263E-5 1.76905E-4 7.89097E-5 9.93616E-5 9.34238E-5 9.22224E-5 1.1459E-4 3.41963E-4 3.40982E-4 3.36346E-4 3.30266E-4 2.06289E-4 1.97498E-4 1.98672E-4 2.0506E-4 3.57798E-4 1.9819E-4 2.04298E-4 2.08616E-4 2.12364E-4 1.12601E-4 1.94788E-4 1.30298E-4 1.06791E-4 1.14278E-4 9.13311E-5 1.78463E-4 2.13593E-4 1.34045E-4 6.92428E-5 8.86974E-5 2.80993E-4 3.65158E-4 4.26249E-4 7.16569E-4 6.54781E-4 5.04466E-4 8.77232E-4
-9999 -9999 1.14409E-4 1.14005E-4 2.43937E-4 3.85059E-4 4.57418E-4 4.55128E-4 1.99321E-4 2.98829E-4 1.47371E-4 1.97006E-4 2.03345E-4 9.02271E-5 2.67607E-4 2.55265E-4 1.68336E-4 1.85671E-4 1.90166E-4 2.79641E-4 3.38053E-4 3.15948E-4 5.63644E-4 1.88881E-4 2.55992E-5 8.48672E-5 1.84016E-4 2.83887E-4 7.23028E-5 5.69217E-5 7.43649E-5 8.62665E-5 8.22429E-5 2.1478E-4 3.43124E-4 3.46544E-4 3.47511E-4 3.40236E-4 2.17312E-4 2.09984E-4 1.71876E-4 1.66967E-4 2.14094E-4 2.42244E-4 1.22782E-4 1.81511E-4 1.6739E-4 1.78897E-4 2.17849E-4 1.68119E-4 1.89155E-4 1.26838E-4 1.14126E-4 1.18738E-4 1.9534E-4 6.66605E-5 2.32312E-4 5.64662E-5 1.26468E-4 2.91603E-4 2.22173E-4 7.28735E-4 7.5235E-4 5.68675E-4 3.4141E-4
-9999 -9999 -9999 1.3301E-4 3.79733E-4 4.56698E-4 3.86108E-4 3.65177E-4 7.5437E-4 4.30716E-4 3.35471E-4 1.45159E-4 2.45565E-4 1.11456E-4 1.21961E-4 3.90071E-4 3.18241E-4 1.42882E-4 2.48479E-4 1.56713E-4 1.40379E-4 1.77681E-4 2.33878E-4 1.30945E-4 2.78459E-5 6.2666E-5 1.46179E-4 1.6919E-4 5.84584E-5 9.63019E-5 5.69202E-5 9.61902E-5 2.167E-4 2.46676E-4 2.02039E-4 1.96057E-4 3.10414E-4 2.60259E-4 2.80138E-4 3.10024E-4 2.21887E-4 2.19492E-4 3.27072E-4 3.27197E-4 1.82938E-4 1.95551E-4 1.0548E-4 2.14831E-4 2.03898E-4 1.52027E-4 1.94933E-4 2.48674E-4 1.71567E-4 8.63605E-5 1.96791E-4 8.17809E-5 2.99889E-4 1.94876E-4 4.25751E-5 3.17975E-4 3.52705E-4 3.05901E-4 3.78361E-4 5.59281E-4 5.08226E-4
-9999 -9999 -9999 1.59551E-4 4.07679E-4 4.87017E-4 4.28816E-4 4.84639E-4 5.40101E-4 3.00161E-4 4.17703E-4 2.87618E-4 2.244E-4 1.31489E-4 1.90176E-4 2.32221E-4 2.92588E-4 2.34963E-4 2.49539E-4 1.95255E-4 2.03606E-4 1.21614E-4 1.31506E-4 9.58493E-5 1.85636E-4 1.89116E-4 2.00106E-4 1.11245E-4 3.65299E-5 5.31468E-5 1.43136E-4 3.02673E-4 1.93494E-4 2.09903E-4 1.58059E-4 2.71523E-4 3.32445E-4 3.32254E-4 3.49835E-4 2.79658E-4 3.23985E-4 3.47332E-4 2.61891E-4 1.96875E-4 1.92324E-4 1.91908E-4 1.20567E-4 1.98936E-4 1.96234E-4 2.02751E-4 2.16028E-4 6.47597E-5 8.94934E-5 1.42694E-5 1.29347E-5 2.0601E-4 2.82323E-4 1.74233E-4 2.13677E-4 3.97181E-4 3.39735E-4 3.16412E-4 4.61406E-4 1.09675E-3 4.5432E-4
-9999 -9999 -9999 4.01418E-4 4.27263E-4 3.47269E-4 3.9186E-4 2.49614E-4 3.28591E-4 4.49705E-4 4.03802E-4 3.56194E-4 1.41135E-4 2.42311E-4 2.02547E-4 2.94885E-4 2.07847E-4 3.0372E-4 2.22317E-4 1.95517E-4 2.16714E-4 1.39333E-4 1.4421E-4 2.13899E-4 2.72951E-4 2.5518E-4 3.40328E-4 2.76047E-4 7.90169E-5 2.68528E-4 4.00596E-4 3.68183E-4 3.71791E-4 3.53781E-4 3.53497E-4 2.51655E-4 3.28384E-4 2.02032E-4 1.69254E-4 2.96322E-4 3.44002E-4 2.1296E-4 3.30692E-4 2.74295E-4 2.00101E-4 1.97414E-4 1.97575E-4 1.75577E-4 1.30285E-4 1.11074E-4 2.2173E-5 6.16872E-5 2.50818E-5 5.30171E-5 1.34878E-5 9.88899E-5 2.21831E-4 4.02014E-4 4.29655E-4 3.65839E-4 4.32001E-4 4.53225E-4 4.82455E-4 6.63688E-4 9.1517E-4
-9999 -9999 -9999 1.26155E-4 1.32403E-4 1.25575E-4 4.00053E-4 2.49219E-4 1.87726E-4 4.77515E-4 5.10119E-4 1.93188E-4 2.33364E-4 9.35936E-5 1.70658E-4 2.00472E-4 3.07438E-4 2.34668E-4 2.72494E-4 2.89076E-4 1.94483E-4 2.07004E-4 2.16807E-4 1.34029E-4 1.93332E-4 1.40184E-4 2.05159E-4 2.24098E-4 3.5259E-4 3.03526E-4 3.64989E-4 3.67381E-4 2.39294E-4 3.77659E-4 2.34708E-4 2.29183E-4 3.63447E-4 3.45818E-4 3.65909E-4 3.33585E-4 2.32337E-4 3.26712E-4 3.40945E-4 2.31133E-4 3.63133E-4 1.5455E-4 8.41962E-5 7.78787E-5 4.96631E-5 1.7911E-5 5.43799E-5 3.81144E-5 9.47204E-6 3.83562E-5 3.27309E-5 7.68453E-6 7.66869E-5 4.15447E-4 3.15559E-4 3.2156E-4 3.35055E-4 3.44424E-4 3.44611E-4 3.47012E-4 1.97057E-4
-9999 -9999 -9999 -9999 8.69789E-5 1.37989E-4 4.06081E-4 2.12201E-4 1.7331E-4 2.65792E-4 3.78066E-4 2.47418E-4 1.67124E-4 9.70121E-5 1.15054E-4 1.32122E-4 1.18051E-4 2.26848E-4 2.5537E-4 2.9315E-4 1.75644E-4 1.82854E-4 1.85025E-4 1.94418E-4 2.25494E-4 2.63083E-4 1.1281E-4 1.99547E-4 3.42603E-4 2.27306E-4 3.69388E-4 3.29243E-4 2.23257E-4 3.43774E-4 2.26499E-4 2.05684E-4 3.55703E-4 2.42681E-4 2.27283E-4 2.11859E-4 3.31806E-4 4.29678E-4 1.90568E-4 3.4447E-4 2.14004E-4 1.91364E-4 7.09189E-5 4.04142E-5 2.80155E-5 1.38956E-5 6.73051E-5 7.84776E-6 1.47946E-5 4.30029E-5 1.06681E-4 6.51256E-5 1.30639E-4 2.99222E-4 3.26264E-4 3.30138E-4 3.36049E-4 2.97699E-4 2.65747E-4 3.35224E-4 2.70198E-4
-9999 -9999 -9999 -9999 1.35902E-4 -9999 2.24245E-4 2.07853E-4 1.77307E-4 2.43453E-4 3.09034E-4 3.62645E-4 2.24279E-4 2.21168E-4 1.85616E-4 1.5308E-4 2.03983E-4 1.54083E-4 1.38922E-4 2.5953E-4 1.96096E-4 1.88824E-4 1.86777E-4 1.18144E-4 3.1761E-4 1.8392E-4 1.19391E-4 1.25192E-4 2.22301E-4 2.09583E-4 3.64115E-4 3.60194E-4 1.99536E-4 3.58056E-4 3.33324E-4 3.45813E-4 3.58769E-4 3.55772E-4 3.66984E-4 3.56979E-4 2.43197E-4 3.37919E-4 2.75466E-4 1.73021E-4 3.65691E-4 3.4721E-4 2.42737E-4 2.07653E-4 2.06051E-4 2.05967E-4 2.68042E-4 2.21472E-4 1.91042E-4 8.10282E-5 1.74154E-4 2.35363E-4 1.29211E-4 3.18055E-4 3.72377E-4 2.08309E-4 2.99468E-4 3.11542E-4 3.38745E-4 3.22855E-4 2.99992E-4
