catData/rasterBestHybridModels/Prubiginosus/RD_BM01_RM1_L/Prubiginosus_max.asc
ncols         409
nrows         350
xllcorner     60.897278365
yllcorner     5.843756025
cellsize      0.0892857
NODATA_value  -9999
[rows 203 to 231 of 350, columns 198 to 263 of 409]
1.35592E-4 2.29334E-4 8.5626E-5 3.52308E-4 5.76489E-4 2.58464E-4 1.21618E-4 1.09994E-4 6.6977E-4 5.41014E-4 3.3833E-4 4.3093E-4 2.49551E-4 2.67624E-4 3.1323E-4 3.20282E-4 3.07376E-4 5.53121E-4 3.33979E-4 3.8233E-4 3.46578E-4 3.24963E-4 1.14387E-4 2.29926E-4 3.34747E-4 4.96505E-4 2.61154E-4 2.42408E-4 3.56499E-4 4.54429E-4 6.756E-4 5.00675E-4 6.00754E-4 6.04274E-4 2.68229E-4 2.81316E-4 3.31917E-4 2.70051E-4 1.38579E-4 8.49932E-5 1.18823E-4 3.71992E-4 1.67494E-4 3.10321E-5 1.87802E-5 2.99131E-4 2.39589E-4 1.62891E-4 4.07662E-4 5.65716E-4 3.46263E-4 3.55117E-4 5.3934E-4 1.81595E-4 9.77347E-5 1.09774E-4 3.97613E-4 4.46817E-4 7.47485E-5 1.16858E-4 2.12677E-4 1.92923E-4 2.5401E-4 2.48666E-4 2.09486E-4 1.0544E-4
1.17896E-4 1.11954E-4 6.15191E-5 1.08629E-4 7.74673E-5 5.48311E-5 8.33978E-5 3.81866E-4 2.64268E-4 3.03087E-4 3.75824E-4 3.49775E-4 2.79104E-4 1.86626E-4 1.74206E-4 2.56574E-4 3.72057E-4 3.50886E-4 3.44497E-4 8.31098E-4 7.92948E-4 4.34616E-4 3.6913E-4 2.46694E-4 3.68514E-4 4.86089E-4 3.86132E-4 3.18562E-4 2.30104E-4 2.33296E-4 4.43964E-4 3.97876E-4 5.19682E-4 6.69659E-4 5.29779E-4 3.51248E-4 3.36187E-4 2.27079E-4 1.99722E-4 1.06428E-4 1.30002E-4 3.53867E-4 1.01375E-4 7.2068E-5 6.50868E-5 3.15075E-4 2.49842E-4 4.30673E-4 4.95524E-4 3.6899E-4 2.03002E-4 2.72637E-4 2.78136E-4 1.78159E-4 4.97442E-5 2.60261E-5 1.28449E-4 2.31602E-4 1.54636E-4 2.50329E-5 7.1534E-5 5.99132E-5 3.85515E-5 8.54236E-5 1.54999E-4 1.42729E-4
2.74812E-4 3.84825E-4 3.439E-4 3.73024E-4 6.218E-5 1.14954E-4 1.62812E-4 1.04867E-4 1.20354E-4 3.79938E-4 2.24173E-4 1.67829E-4 3.35949E-4 2.18013E-4 3.09257E-4 2.34587E-4 1.49773E-4 2.38721E-4 3.30641E-4 7.10567E-4 7.02439E-4 7.40376E-4 4.90513E-4 3.58454E-4 2.47737E-4 2.87037E-4 4.20771E-4 3.66421E-4 2.43329E-4 1.22719E-4 5.63175E-4 5.66941E-4 5.9215E-4 3.72987E-4 6.50877E-4 2.79833E-4 4.39685E-4 1.50541E-4 2.05026E-4 2.347E-4 3.24609E-4 7.66438E-4 3.23055E-4 3.42132E-4 2.44931E-4 9.49341E-5 1.23075E-4 1.76493E-4 1.52978E-4 2.56035E-4 2.22721E-4 8.87041E-5 1.02447E-4 6.7296E-5 7.39652E-5 2.78354E-5 7.35553E-5 2.46872E-4 2.82345E-4 7.17074E-5 5.78949E-5 3.9717E-5 4.05034E-5 1.3073E-4 5.36948E-5 2.17612E-5
1.14394E-3 7.42274E-4 1.43859E-3 6.65013E-4 3.30383E-4 3.24707E-4 1.03441E-4 9.47543E-5 1.59766E-4 1.40886E-4 5.35012E-5 9.28371E-5 1.20054E-4 2.46603E-4 1.58883E-4 3.10712E-4 2.60113E-4 2.73062E-4 3.19841E-4 6.40222E-4 1.13292E-3 6.29247E-4 8.41984E-4 4.22529E-4 2.77758E-4 2.18805E-4 2.19358E-4 1.18789E-4 2.20342E-4 2.15717E-4 6.9902E-4 7.15618E-4 6.25726E-4 4.9739E-4 5.5232E-4 9.62878E-4 9.22286E-4 2.79072E-4 3.42541E-4 6.68353E-4 3.31473E-4 2.85777E-4 1.85278E-4 1.94613E-4 2.05714E-4 1.54433E-4 8.35828E-5 1.22188E-4 3.17285E-4 3.45808E-4 1.5558E-4 3.95724E-5 1.09291E-5 2.57849E-5 9.39375E-5 3.50458E-5 1.89649E-5 2.64846E-5 2.56134E-4 5.31165E-5 9.08575E-5 2.35499E-4 1.81732E-4 5.71551E-5 2.73234E-5 1.09499E-4
4.32919E-4 4.89431E-4 3.74442E-4 3.7718E-4 4.85979E-4 5.35358E-4 1.82706E-4 3.09164E-5 6.44467E-5 9.60119E-5 1.61265E-4 3.62301E-4 1.93502E-4 2.08746E-4 1.1448E-4 2.36136E-4 1.75522E-4 2.98885E-4 4.04165E-4 4.77653E-4 5.49577E-4 6.43655E-4 6.21416E-4 9.6577E-4 4.02513E-4 2.67686E-4 2.33211E-4 2.19167E-4 2.83376E-4 2.30323E-4 3.77655E-4 5.16296E-4 3.14009E-4 5.7026E-4 5.95965E-4 4.80052E-4 6.36981E-4 7.16225E-4 3.76613E-4 5.97615E-4 6.94462E-4 4.25598E-4 3.07308E-4 2.32781E-4 2.15205E-4 1.46609E-4 2.01617E-4 2.49748E-4 2.00025E-4 4.60055E-4 4.01637E-4 7.55237E-5 4.1579E-5 3.44925E-5 3.31762E-5 8.46903E-5 5.91541E-5 1.82262E-5 8.91133E-5 1.59995E-4 3.7062E-5 4.65824E-5 3.5026E-5 2.53079E-5 8.41917E-5 -9999
6.77529E-4 4.73683E-4 4.93322E-4 7.20015E-4 5.1393E-4 4.10319E-4 2.22357E-4 1.09662E-4 1.34909E-4 6.55489E-5 1.91795E-4 3.91869E-4 4.44006E-4 4.43943E-4 2.40449E-4 3.45437E-4 1.49502E-4 2.96574E-4 3.98176E-4 5.7261E-4 4.1164E-4 5.56808E-4 5.33853E-4 5.58927E-4 5.30738E-4 1.34381E-4 3.05937E-4 3.74162E-4 3.29496E-4 2.65113E-4 2.84057E-4 3.98138E-4 3.51459E-4 9.18068E-4 9.60534E-4 5.06098E-4 9.38798E-4 1.01039E-3 6.10444E-4 7.18763E-4 1.07914E-3 2.92483E-4 1.93967E-4 3.35061E-4 1.97655E-4 2.47207E-4 3.49431E-4 3.03433E-4 4.08067E-4 5.42596E-4 5.53186E-4 2.08983E-4 3.82737E-5 4.54386E-5 7.18196E-5 7.0987E-5 2.01638E-4 3.28453E-5 5.92987E-5 4.70101E-5 1.7976E-5 3.6726E-5 1.97996E-5 7.13155E-5 -9999 -9999
4.57084E-4 4.87283E-4 5.33368E-4 4.37356E-4 5.74847E-4 5.02914E-4 3.54883E-4 1.24264E-4 2.20393E-4 1.22314E-4 3.77658E-4 3.61206E-4 5.73709E-4 3.44195E-4 2.88841E-4 2.4194E-4 5.07456E-4 4.38106E-4 3.72896E-4 5.31552E-4 5.77735E-4 6.49934E-4 9.00652E-4 7.47609E-4 4.25821E-4 4.81582E-4 2.92243E-4 4.75316E-4 6.4307E-4 3.33718E-4 2.89522E-4 3.28856E-4 4.80916E-4 9.58217E-4 6.75899E-4 8.32667E-4 3.14726E-4 2.1207E-4 6.49476E-4 8.32294E-4 6.76023E-4 1.40239E-4 1.6686E-4 4.70214E-4 3.32206E-4 1.05259E-4 4.5144E-4 3.64377E-4 1.71492E-4 2.46148E-4 1.68111E-4 1.78035E-4 1.54506E-5 3.07686E-5 5.39114E-5 2.91328E-5 5.90117E-5 2.69458E-5 3.56755E-5 3.94979E-5 2.40609E-5 2.2596E-5 5.0921E-5 -9999 -9999 -9999
3.51797E-4 3.99155E-4 4.03324E-4 6.07651E-4 3.32836E-4 3.49541E-4 4.3684E-4 2.73357E-4 2.04942E-4 1.53284E-4 3.77024E-4 3.69505E-4 5.37954E-4 6.68814E-4 2.62473E-4 1.42966E-4 2.13256E-4 4.3421E-4 4.35993E-4 4.06354E-4 4.3059E-4 4.13964E-4 4.12253E-4 4.3696E-4 3.66579E-4 3.7149E-4 4.40604E-4 2.93099E-4 1.52285E-4 3.62707E-4 1.32506E-4 1.46292E-4 3.21021E-4 1.09641E-3 6.44093E-4 2.0214E-4 1.47271E-4 1.85098E-4 5.37929E-4 4.44993E-4 2.56652E-4 1.39767E-4 4.45056E-4 7.6743E-4 5.64074E-4 2.24215E-4 2.61108E-4 2.81267E-4 1.75405E-4 2.04679E-4 2.12286E-4 1.83962E-4 3.48758E-5 2.72937E-5 1.06361E-4 4.1874E-5 5.01662E-5 3.84558E-5 2.08565E-4 6.16166E-5 4.57895E-5 6.91114E-5 -9999 -9999 -9999 -9999
4.99739E-4 4.56809E-4 3.8932E-4 5.77341E-4 6.88213E-4 5.11182E-4 4.35848E-4 3.66046E-4 1.44021E-4 1.63566E-4 3.75809E-4 2.16518E-4 6.11058E-4 4.48369E-4 6.47575E-4 2.85141E-4 3.70164E-4 2.78269E-4 4.35487E-4 5.7575E-4 6.84844E-4 3.50503E-4 2.88822E-4 5.83654E-4 7.29053E-4 5.38879E-4 7.74773E-4 5.37423E-4 3.39984E-4 2.98193E-4 5.65968E-4 7.3233E-4 6.5208E-4 3.10946E-4 1.25043E-4 1.56305E-4 2.92747E-4 2.70861E-4 5.36208E-4 3.38222E-4 2.29841E-4 1.8478E-4 3.12698E-4 2.49939E-4 2.61123E-4 3.59228E-4 3.15836E-4 3.2383E-4 1.82573E-4 2.01366E-4 1.51456E-4 1.96253E-4 6.95638E-5 3.94797E-5 5.35075E-5 1.4105E-4 1.16017E-4 9.93659E-5 6.69192E-5 6.849E-5 -9999 -9999 -9999 -9999 -9999 -9999
8.21043E-4 8.35154E-4 9.41644E-4 6.05595E-4 8.35166E-4 5.28604E-4 5.00351E-4 4.03759E-4 1.05E-4 1.26744E-4 2.96835E-4 2.44947E-4 5.56791E-4 2.81777E-4 4.61126E-4 5.66781E-4 3.44938E-4 1.03774E-3 4.75161E-4 2.98651E-4 5.97797E-4 4.03143E-4 6.76459E-4 3.24441E-4 6.00966E-4 6.97436E-4 3.89231E-4 5.93025E-4 4.05823E-4 2.77141E-4 3.48653E-4 5.27042E-4 3.9764E-4 1.91116E-4 3.23634E-4 5.36067E-4 5.13584E-4 2.43535E-4 1.88679E-4 2.63966E-4 2.85396E-4 4.57331E-4 2.63024E-4 4.92067E-4 3.18078E-4 4.64321E-4 2.15497E-4 1.92231E-4 8.52153E-5 1.24709E-4 1.14002E-4 2.56086E-5 2.98405E-5 3.05644E-5 9.20154E-5 7.67121E-5 6.92018E-5 1.48538E-4 -9999 -9999 -9999 -9999 -9999 -9999 -9999 -9999
1.58207E-3 1.52388E-3 4.46905E-4 5.28451E-4 8.14444E-4 8.58477E-4 6.11454E-4 4.22791E-4 2.96623E-4 4.51663E-4 2.03178E-4 4.29597E-4 8.84333E-4 3.53638E-4 2.66536E-4 5.33272E-4 3.38811E-4 9.43249E-4 1.14718E-3 3.94084E-4 4.56406E-4 3.31122E-4 6.22436E-4 4.38271E-4 2.59408E-4 3.87018E-4 3.43315E-4 3.98128E-4 3.79011E-4 3.88571E-4 1.29003E-4 1.91026E-4 2.85644E-4 5.98879E-4 5.62046E-4 2.49935E-4 2.4939E-4 2.17215E-4 2.26384E-4 3.10737E-4 1.24922E-4 2.02948E-4 2.66118E-4 4.10574E-4 5.15278E-4 2.79934E-4 1.22097E-4 9.87604E-5 1.80148E-4 1.05254E-4 1.48697E-5 2.02609E-5 2.09446E-5 3.52073E-5 8.92812E-5 4.29457E-5 -9999 -9999 -9999 -9999 -9999 -9999 -9999 -9999 -9999 -9999
7.97812E-4 7.77949E-4 9.01689E-4 1.05261E-3 3.87603E-4 7.26193E-4 4.67181E-4 6.12879E-4 2.39524E-4 4.99658E-4 4.27164E-4 5.28904E-4 8.69969E-4 8.14097E-4 1.227E-4 1.65005E-4 3.76668E-4 3.87686E-4 7.41082E-4 3.87098E-4 5.45731E-4 6.30762E-4 4.39559E-4 4.8765E-4 5.98235E-4 4.01426E-4 2.54585E-4 3.81652E-4 3.73569E-4 2.87998E-4 1.63378E-4 2.16217E-4 3.02809E-4 6.38868E-4 5.95981E-4 1.27007E-4 1.1105E-4 1.11291E-4 1.99586E-4 1.12451E-4 1.90033E-4 1.06899E-4 4.60138E-4 4.48516E-4 1.71442E-4 1.16112E-4 2.0493E-4 1.37447E-4 2.86784E-5 1.64848E-5 5.4529E-5 2.63828E-5 5.0781E-5 2.7888E-5 6.77796E-5 -9999 -9999 -9999 -9999 -9999 -9999 -9999 -9999 -9999 -9999 -9999
4.6633E-4 5.68811E-4 9.64947E-4 8.34247E-4 8.42996E-4 7.38838E-4 4.40487E-4 3.01941E-4 4.09506E-4 5.12648E-4 7.70952E-4 4.143E-4 2.48577E-4 1.89442E-4 1.19069E-4 8.44721E-5 8.91686E-4 5.2638E-4 3.45399E-4 8.65932E-4 6.20923E-4 4.53652E-4 7.70318E-4 7.0036E-4 6.32175E-4 3.99112E-4 2.25554E-4 4.02607E-4 2.69676E-4 2.91293E-4 2.88994E-4 3.32897E-4 3.59927E-4 6.15845E-4 2.36815E-4 1.13496E-4 1.08376E-4 1.1046E-4 1.13443E-4 7.09425E-5 1.09297E-4 3.39858E-4 3.61441E-4 5.67933E-4 1.7216E-4 1.26884E-4 2.03811E-4 1.96258E-4 5.65633E-5 7.1782E-5 5.54273E-5 3.03164E-5 4.69228E-5 6.87311E-5 -9999 -9999 -9999 -9999 -9999 -9999 -9999 -9999 -9999 -9999 -9999 -9999
6.94934E-4 1.30584E-3 6.19962E-4 8.27942E-4 1.39451E-3 1.6766E-3 1.1793E-3 2.52008E-4 4.64023E-4 7.82972E-4 5.19685E-4 4.06198E-4 1.50958E-4 4.03514E-4 1.82991E-4 1.5663E-4 8.04479E-4 7.86701E-4 4.61519E-4 3.7309E-4 6.32006E-4 6.76952E-4 6.1666E-4 5.15904E-4 5.00724E-4 2.19959E-4 5.4385E-4 4.23078E-4 2.73878E-4 2.88632E-4 4.72761E-4 5.82393E-4 4.5406E-4 2.41471E-4 1.17181E-4 7.34775E-5 1.08371E-4 1.06794E-4 7.99813E-5 6.49084E-5 9.481E-5 1.46763E-4 1.06086E-4 1.1922E-4 1.28116E-4 2.69469E-4 1.03511E-4 5.91399E-4 1.35141E-4 4.74512E-5 3.95078E-5 6.74634E-5 2.03703E-4 1.85383E-4 -9999 -9999 -9999 -9999 -9999 -9999 -9999 -9999 -9999 -9999 -9999 -9999
8.96426E-4 1.33267E-3 8.15821E-4 8.5126E-4 4.51442E-4 1.26337E-3 1.86578E-3 3.26788E-4 5.64304E-4 4.99714E-4 5.11592E-4 3.82468E-4 2.24482E-4 1.16487E-4 3.48329E-4 2.82947E-4 3.345E-4 1.15214E-3 6.60152E-4 5.57931E-4 6.51325E-4 5.24963E-4 3.55007E-4 2.9788E-4 1.72699E-4 2.94754E-4 4.4747E-4 6.54473E-4 4.48584E-4 3.1682E-4 6.17942E-4 6.60156E-4 4.0119E-4 3.35284E-4 1.10209E-4 1.07365E-4 1.06359E-4 1.17182E-4 1.39721E-4 8.3649E-5 2.11513E-4 1.42503E-4 3.287E-4 2.12793E-4 3.06209E-4 2.0422E-4 3.81404E-4 3.91049E-4 2.08311E-4 8.27198E-5 3.94056E-5 1.65347E-4 1.54986E-4 -9999 -9999 -9999 -9999 -9999 -9999 -9999 -9999 -9999 -9999 -9999 -9999 -9999
6.64224E-4 9.75105E-4 2.09802E-3 8.59587E-4 6.44623E-4 1.03418E-3 7.31332E-4 3.86057E-4 6.25239E-4 5.78761E-4 4.10769E-4 4.19518E-4 5.08601E-4 4.39219E-4 5.28608E-4 5.84804E-4 3.56193E-4 6.08286E-4 8.20751E-4 5.89604E-4 6.41124E-4 5.60983E-4 7.4489E-4 1.86081E-4 3.80412E-4 4.52754E-4 6.46759E-4 5.63681E-4 4.29451E-4 6.16449E-4 7.90864E-4 4.59235E-4 1.27842E-4 1.16118E-4 2.02568E-4 1.12527E-4 8.75977E-5 1.46688E-4 2.56963E-4 1.34348E-4 2.74269E-4 1.57241E-4 2.74252E-4 6.65943E-5 3.02437E-5 6.18484E-5 1.2295E-4 2.31026E-4 1.19876E-4 8.17333E-5 8.41029E-5 1.47659E-4 -9999 -9999 -9999 -9999 -9999 -9999 -9999 -9999 -9999 -9999 -9999 -9999 -9999 -9999
4.97652E-4 5.93213E-4 6.00647E-4 5.88718E-4 1.07366E-3 1.10568E-3 8.61135E-4 1.05516E-3 5.68869E-4 6.69458E-4 7.06057E-4 3.87073E-4 4.15771E-4 5.3327E-4 4.69393E-4 5.14565E-4 1.05754E-3 6.05393E-4 5.46395E-4 7.23587E-4 6.62953E-4 7.46267E-4 5.16177E-4 4.96438E-4 5.72063E-4 6.02212E-4 3.87447E-4 3.0759E-4 6.25118E-4 4.7711E-4 4.78114E-4 1.54587E-4 1.3435E-4 2.27355E-4 2.18992E-4 2.34812E-4 1.92329E-4 2.99579E-4 1.64609E-4 8.25128E-5 1.43738E-4 9.63811E-5 7.32168E-5 5.86462E-5 4.34818E-5 6.17527E-5 8.83269E-5 1.18633E-4 9.03231E-5 1.20534E-4 -9999 -9999 -9999 -9999 -9999 -9999 -9999 -9999 -9999 -9999 -9999 -9999 -9999 -9999 -9999 -9999
4.30172E-4 3.94282E-4 2.39594E-4 5.62467E-4 9.28262E-4 6.83021E-4 3.00046E-4 1.25241E-3 7.77675E-4 4.76571E-4 9.08135E-4 5.27853E-4 5.23493E-4 5.24979E-4 5.61674E-4 4.63779E-4 7.16605E-4 4.65464E-4 8.76824E-4 1.24642E-3 1.07676E-3 7.58341E-4 6.69369E-4 7.01078E-4 4.12912E-4 4.14954E-4 5.6429E-4 3.72617E-4 1.00708E-3 1.67963E-4 2.54949E-4 1.26495E-4 2.25476E-4 2.69212E-4 2.5588E-4 4.60312E-4 8.78675E-4 5.16298E-4 2.11614E-4 2.15459E-4 2.25931E-4 9.1426E-5 1.11677E-4 8.79153E-5 7.82804E-5 3.11798E-4 2.89695E-4 1.53798E-4 -9999 -9999 -9999 -9999 -9999 -9999 -9999 -9999 -9999 -9999 -9999 -9999 -9999 -9999 -9999 -9999 -9999 -9999
4.31555E-4 5.11504E-4 4.57792E-4 1.54441E-3 5.09434E-4 4.69557E-4 2.35838E-4 5.7526E-4 8.12112E-4 4.56478E-4 1.03434E-3 9.47364E-4 4.87935E-4 5.56926E-4 4.9422E-4 4.4329E-4 7.53904E-4 4.8554E-4 1.40583E-3 1.1441E-3 1.12905E-3 1.35042E-3 8.90665E-4 5.03383E-4 4.83618E-4 3.65879E-4 7.09777E-4 3.79966E-4 3.10843E-4 3.88756E-4 3.59767E-4 1.42186E-4 2.3059E-4 2.57685E-4 1.39475E-4 1.9944E-4 2.25619E-4 1.78475E-4 1.70748E-4 1.29633E-4 6.68197E-5 7.40347E-5 2.88529E-5 1.31646E-4 1.9687E-4 1.27224E-4 -9999 -9999 -9999 -9999 -9999 -9999 -9999 -9999 -9999 -9999 -9999 -9999 -9999 -9999 -9999 -9999 -9999 -9999 -9999 -9999
4.21119E-4 5.61208E-4 6.11516E-4 4.82025E-4 6.75559E-4 4.64651E-4 2.67698E-4 2.90362E-4 6.63829E-4 3.54029E-4 4.66905E-4 8.7491E-4 4.7319E-4 4.25204E-4 2.92491E-4 3.73568E-4 5.3237E-4 3.22927E-4 9.17823E-4 7.03097E-4 5.02705E-4 4.05501E-4 2.53248E-4 9.32381E-5 3.79245E-4 1.19821E-4 1.03005E-4 1.30618E-4 1.60826E-4 3.48357E-4 1.06741E-4 6.1175E-5 1.78448E-4 1.4657E-4 4.58043E-5 3.83837E-5 2.18614E-5 1.84091E-4 3.27549E-4 2.30943E-5 4.37975E-5 1.59062E-4 3.97753E-5 3.95719E-5 -9999 -9999 -9999 -9999 -9999 -9999 -9999 -9999 -9999 -9999 -9999 -9999 -9999 -9999 -9999 -9999 -9999 -9999 -9999 -9999 -9999 -9999
4.38454E-4 4.29998E-4 6.60321E-4 4.14091E-4 5.27073E-4 3.66503E-4 5.02364E-4 7.7574E-4 6.64329E-4 5.6726E-4 5.48146E-4 4.72276E-4 6.42879E-4 2.90016E-4 1.53835E-4 1.78684E-4 4.55362E-4 6.5324E-4 6.1361E-4 4.0992E-4 1.82005E-4 2.4267E-4 1.2634E-4 4.42064E-5 9.67282E-5 2.22521E-5 6.43101E-5 1.35623E-4 7.68786E-5 7.46041E-5 6.56533E-5 2.31835E-5 5.97966E-5 4.55536E-5 1.29674E-4 2.56168E-5 5.3757E-5 1.08891E-4 2.23683E-4 7.49459E-5 2.77944E-5 1.84129E-5 2.02213E-5 -9999 -9999 -9999 -9999 -9999 -9999 -9999 -9999 -9999 -9999 -9999 -9999 -9999 -9999 -9999 -9999 -9999 -9999 -9999 -9999 -9999 -9999 -9999
3.05947E-4 4.44041E-4 4.58993E-4 4.78411E-4 3.76418E-4 4.65201E-4 4.86423E-4 5.5506E-4 5.61203E-4 5.53386E-4 4.12461E-4 1.06004E-4 2.01519E-4 1.03937E-4 3.15387E-5 2.0309E-4 3.8864E-4 3.97685E-4 4.5783E-4 5.44313E-4 8.48772E-4 8.69031E-4 1.1347E-4 6.0546E-5 2.31013E-4 8.30148E-5 8.28829E-5 1.94812E-4 8.49705E-5 6.71084E-5 4.62473E-5 2.16152E-5 1.34056E-4 8.88637E-5 2.99095E-5 1.51798E-4 1.02859E-4 6.22039E-5 4.51202E-4 3.83787E-4 2.77407E-5 4.22054E-5 -9999 -9999 -9999 -9999 -9999 -9999 -9999 -9999 -9999 -9999 -9999 -9999 -9999 -9999 -9999 -9999 -9999 -9999 -9999 -9999 -9999 -9999 -9999 -9999
4.27984E-4 4.45991E-4 3.29233E-4 4.68563E-4 6.95904E-4 3.78425E-4 5.97105E-4 6.40001E-4 6.96102E-4 8.52493E-4 2.99382E-4 1.95044E-5 4.17022E-5 3.75672E-5 4.05634E-5 1.38074E-4 3.09698E-4 3.62049E-4 2.59361E-4 1.35137E-4 5.91543E-4 4.18339E-4 5.60826E-4 2.10185E-4 8.4362E-5 1.01815E-4 6.69855E-5 1.73993E-4 8.48862E-5 7.70535E-5 5.82253E-5 5.7647E-5 4.80218E-5 4.7066E-5 3.09109E-5 1.49096E-4 4.29411E-5 3.36265E-5 2.30133E-5 1.65414E-5 2.46871E-5 -9999 -9999 -9999 -9999 -9999 -9999 -9999 -9999 -9999 -9999 -9999 -9999 -9999 -9999 -9999 -9999 -9999 -9999 -9999 -9999 -9999 -9999 -9999 -9999 -9999
4.40763E-4 4.59351E-4 4.71419E-4 4.5518E-4 3.61341E-4 6.32416E-4 6.406E-4 6.93762E-4 3.16985E-4 1.97223E-4 7.86351E-5 5.01945E-5 3.91235E-5 2.9264E-5 5.53052E-5 3.12192E-4 3.25637E-4 3.10892E-4 1.3942E-4 2.99475E-4 8.11041E-4 3.8251E-4 4.56725E-4 1.26857E-4 9.40319E-5 1.15174E-4 4.01799E-5 9.36239E-5 9.34582E-5 9.94857E-5 4.48695E-5 5.2964E-5 4.88954E-5 2.59395E-5 2.6725E-5 4.51271E-5 4.56269E-5 1.82686E-5 1.69796E-5 1.65675E-5 2.36901E-5 -9999 -9999 -9999 -9999 -9999 -9999 -9999 -9999 -9999 -9999 -9999 -9999 -9999 -9999 -9999 -9999 -9999 -9999 -9999 -9999 -9999 -9999 -9999 -9999 -9999
4.51621E-4 4.63503E-4 3.6955E-4 4.89163E-4 3.37363E-4 5.7532E-4 4.49764E-4 7.32949E-4 9.96488E-5 3.72067E-5 5.03928E-5 1.26228E-4 9.16542E-5 5.52791E-5 1.56159E-4 1.6184E-4 3.01204E-4 3.72934E-4 1.97187E-4 3.37744E-4 9.52029E-4 5.38361E-4 3.17175E-4 5.57728E-5 7.83562E-5 1.58379E-4 7.13044E-5 1.19563E-4 4.44445E-5 2.43408E-5 2.27853E-5 2.38513E-5 1.71081E-5 1.88305E-5 2.07865E-5 4.49181E-5 6.54193E-5 2.33458E-5 1.74018E-5 1.67691E-5 1.01285E-5 6.58927E-5 -9999 -9999 -9999 -9999 -9999 -9999 -9999 -9999 -9999 -9999 -9999 -9999 -9999 -9999 -9999 -9999 -9999 -9999 -9999 -9999 -9999 -9999 -9999 -9999
4.62863E-4 4.68554E-4 4.75347E-4 4.81704E-4 3.73147E-4 5.88696E-4 6.00315E-4 5.80926E-4 2.50289E-4 2.61985E-4 1.00227E-4 3.57988E-4 3.3834E-4 2.25064E-4 3.65957E-4 2.04369E-4 3.70101E-4 1.75183E-4 2.47171E-4 5.50467E-4 5.05346E-4 4.48557E-4 2.67912E-4 1.76208E-4 8.67062E-5 5.1896E-5 5.66316E-5 3.50456E-5 2.87849E-5 4.55004E-5 4.50224E-5 1.94528E-5 1.73447E-5 1.69968E-5 1.71277E-5 1.92363E-5 5.42501E-5 8.52525E-5 9.16002E-5 1.09056E-4 5.3791E-5 1.45677E-4 -9999 -9999 -9999 -9999 -9999 -9999 -9999 -9999 -9999 -9999 -9999 -9999 -9999 -9999 -9999 -9999 -9999 -9999 -9999 -9999 -9999 -9999 -9999 -9999
4.57487E-4 5.25271E-4 4.53493E-4 5.31003E-4 2.27305E-4 5.05604E-4 2.27855E-4 2.23921E-4 3.76614E-4 1.44149E-4 1.4932E-4 2.70924E-4 3.62416E-4 3.51163E-4 2.83866E-4 2.07455E-4 2.9362E-4 2.43632E-4 3.00309E-4 1.77029E-4 1.71065E-4 1.91925E-4 6.51326E-5 1.51251E-4 1.22857E-4 7.34445E-5 2.08441E-5 2.47468E-5 7.02345E-5 9.95879E-5 5.41467E-5 1.867E-5 1.74626E-5 1.71192E-5 1.77621E-5 1.76567E-5 4.10877E-5 1.11673E-4 4.14645E-5 4.30922E-5 3.29317E-5 1.13434E-4 -9999 -9999 -9999 -9999 -9999 -9999 -9999 -9999 -9999 -9999 -9999 -9999 -9999 -9999 -9999 -9999 -9999 -9999 -9999 -9999 -9999 -9999 -9999 -9999
4.85585E-4 5.02332E-4 4.94247E-4 4.85599E-4 1.54144E-4 1.60557E-4 1.87153E-4 2.17114E-4 3.24932E-4 1.96888E-4 3.53507E-4 3.01514E-4 3.1881E-4 3.57091E-4 3.10789E-4 3.42769E-4 2.26195E-4 4.10346E-4 1.47059E-4 1.1369E-4 9.57704E-4 2.5085E-4 1.40459E-4 1.77081E-4 3.33226E-5 2.31833E-5 2.0268E-5 1.06707E-5 2.85695E-5 2.60023E-5 1.94818E-5 2.64543E-5 2.13461E-5 1.94241E-5 1.76543E-5 2.56881E-5 1.09051E-4 1.69222E-4 4.93432E-5 3.11114E-5 1.32061E-4 -9999 -9999 -9999 -9999 -9999 -9999 -9999 -9999 -9999 -9999 -9999 -9999 -9999 -9999 -9999 -9999 -9999 -9999 -9999 -9999 -9999 -9999 -9999 -9999 -9999
4.87477E-4 7.04878E-4 6.22477E-4 3.72917E-4 2.99028E-4 1.98771E-4 2.61965E-4 3.66654E-4 3.20855E-4 2.70163E-4 3.20867E-4 3.99367E-4 2.20328E-4 1.67191E-4 2.39775E-4 3.26918E-4 3.06325E-4 2.03254E-4 1.35816E-4 8.74857E-5 4.45737E-4 4.27307E-4 1.06917E-4 5.87633E-5 5.61574E-5 6.27671E-5 2.07719E-5 2.09576E-5 1.78394E-5 1.90498E-5 3.22882E-5 6.72511E-5 9.17151E-5 6.96746E-5 3.334E-5 1.26684E-4 1.21842E-4 1.80369E-4 -9999 -9999 -9999 -9999 -9999 -9999 -9999 -9999 -9999 -9999 -9999 -9999 -9999 -9999 -9999 -9999 -9999 -9999 -9999 -9999 -9999 -9999 -9999 -9999 -9999 -9999 -9999 -9999
