catData/rasterBestHybridModels/Prubiginosus/RD_BM01_RM1_L/Prubiginosus_max.asc
ncols         409
nrows         350
xllcorner     60.897278365
yllcorner     5.843756025
cellsize      0.0892857
NODATA_value  -9999
[rows 232 to 260 of 350, columns 132 to 197 of 409]
-9999 -9999 -9999 -9999 -9999 -9999 -9999 -9999 1.80979E-4 2.1284E-4 2.43716E-4 1.16036E-4 4.62616E-4 5.89469E-4 3.33226E-4 4.08886E-4 1.13678E-4 2.31557E-4 4.44629E-4 7.33133E-4 4.62016E-4 6.89805E-4 6.05779E-4 3.9154E-4 3.73349E-4 5.06223E-4 4.25703E-4 4.42349E-4 7.14795E-4 4.6395E-4 1.47822E-4 3.63338E-4 4.67766E-4 3.94591E-4 3.62977E-4 3.87308E-4 4.02231E-4 3.84402E-4 2.57542E-4 4.19875E-4 2.18125E-4 2.55517E-4 2.40378E-4 1.91004E-4 3.63439E-4 3.6139E-4 3.79533E-4 3.6436E-4 6.15769E-4 6.1514E-4 6.4763E-4 6.78827E-4 5.74783E-4 2.99794E-4 2.88599E-4 3.36147E-4 5.06676E-4 3.56056E-4 3.39411E-4 4.16489E-4 3.07138E-4 4.32974E-4 5.3332E-4 4.75035E-4 5.47022E-4 4.80329E-4
-9999 -9999 -9999 -9999 -9999 -9999 -9999 -9999 1.88898E-4 1.08022E-4 3.87751E-4 2.00349E-4 1.24784E-4 3.71368E-4 3.49001E-4 1.09934E-3 2.18387E-4 2.21642E-4 6.84674E-4 1.42487E-3 8.72129E-4 5.28642E-4 5.05678E-4 5.14219E-4 4.32994E-4 7.06851E-4 3.4334E-4 3.80745E-4 4.21318E-4 2.57215E-4 1.87497E-4 2.06223E-4 2.81123E-4 2.81976E-4 4.14201E-4 5.02967E-4 4.11175E-4 3.71269E-4 4.02606E-4 4.05975E-4 3.59825E-4 2.39774E-4 2.09194E-4 3.98977E-4 6.5867E-4 7.53705E-4 4.24725E-4 3.57455E-4 6.16586E-4 3.80511E-4 5.10341E-4 7.38091E-4 5.671E-4 3.75184E-4 1.99031E-4 3.96093E-4 5.57797E-4 2.81654E-4 2.65303E-4 4.62484E-4 4.93391E-4 5.77447E-4 5.59486E-4 5.00957E-4 5.40657E-4 5.44257E-4
-9999 -9999 -9999 -9999 -9999 -9999 -9999 -9999 -9999 2.69872E-4 2.68738E-4 3.7244E-4 2.51979E-4 5.39862E-4 9.2612E-4 6.49628E-4 5.39564E-4 4.16942E-4 5.00377E-4 4.24844E-4 5.44542E-4 4.83779E-4 1.8852E-4 4.6893E-4 3.26755E-4 4.06837E-4 2.33154E-4 2.21003E-4 2.40124E-4 3.20374E-4 3.79865E-4 2.45832E-4 3.85536E-4 2.90342E-4 5.0017E-4 4.69498E-4 4.10387E-4 4.06143E-4 4.04211E-4 2.57677E-4 3.84633E-4 4.03506E-4 2.65768E-4 7.19045E-4 7.32511E-4 6.81534E-4 7.38754E-4 5.0379E-4 6.08012E-5 1.88823E-4 1.79259E-4 1.46963E-4 4.36149E-4 4.40088E-4 4.21378E-4 4.51186E-4 5.64201E-4 3.20448E-4 3.00321E-4 3.45655E-4 5.40929E-4 5.56043E-4 4.04994E-4 5.78247E-4 5.97438E-4 1.40774E-3
-9999 -9999 -9999 -9999 -9999 -9999 -9999 -9999 -9999 1.79284E-4 1.84585E-4 3.62526E-4 3.43857E-4 7.19487E-4 3.67946E-4 7.96163E-4 8.39387E-4 3.06347E-4 2.15636E-4 3.22676E-4 4.87926E-4 3.2955E-4 8.81116E-4 8.40508E-4 2.4373E-4 3.75452E-4 3.99505E-4 4.01931E-4 3.9947E-4 4.05378E-4 2.53259E-4 2.51788E-4 4.15034E-4 4.15719E-4 3.90497E-4 3.03815E-4 4.36176E-4 4.34211E-4 4.15346E-4 3.50817E-4 2.39963E-4 2.69257E-4 6.73815E-4 7.79435E-4 7.43409E-4 4.40633E-4 2.38248E-4 3.27705E-5 4.75888E-5 9.48828E-5 5.88084E-4 4.47771E-4 5.26321E-4 5.15022E-4 4.78649E-4 6.0775E-4 6.35188E-4 4.82086E-4 3.61202E-4 3.56317E-4 5.00601E-4 5.53109E-4 5.424E-4 4.17909E-4 3.30175E-4 7.9571E-4
-9999 -9999 -9999 -9999 -9999 -9999 -9999 -9999 -9999 2.59018E-4 2.16278E-4 2.05249E-4 4.49951E-4 4.50301E-4 6.33749E-4 9.10816E-4 1.28385E-3 5.72961E-4 1.80715E-4 4.60832E-4 3.03727E-4 3.56991E-4 5.36738E-4 6.10546E-4 7.41613E-4 4.18354E-4 2.73179E-4 2.99203E-4 2.74462E-4 2.60244E-4 2.19019E-4 2.67177E-4 2.89474E-4 4.00522E-4 1.68345E-4 2.42557E-4 4.34579E-4 2.94095E-4 4.48467E-4 4.48127E-4 4.57967E-4 6.39811E-4 6.28221E-4 6.4572E-4 6.79872E-4 5.79533E-5 6.15669E-5 8.60188E-5 3.52467E-4 2.58445E-4 4.42522E-4 2.61477E-4 4.71604E-4 2.17374E-4 4.85576E-4 5.54281E-4 5.25676E-4 7.29288E-4 5.08745E-4 7.93888E-4 5.37776E-4 3.69464E-4 3.36601E-4 2.74272E-4 5.24362E-4 5.85676E-4
-9999 -9999 -9999 -9999 -9999 -9999 -9999 -9999 -9999 -9999 2.71697E-4 3.32606E-4 3.88274E-4 4.61949E-4 3.80619E-4 9.33074E-4 9.04657E-4 6.37854E-4 3.16149E-4 1.45341E-4 3.21031E-4 1.64967E-4 3.90855E-4 8.58453E-4 7.93047E-4 4.10274E-4 3.19366E-4 1.29854E-4 2.05061E-4 2.45837E-4 1.36752E-4 1.94365E-4 2.1698E-4 2.28229E-4 2.68837E-4 2.16418E-4 1.50345E-4 2.95302E-4 4.5782E-4 4.4427E-4 6.70361E-4 4.67015E-4 6.30382E-4 6.44156E-4 1.83948E-4 8.0885E-5 1.16784E-4 3.7522E-4 6.7921E-4 5.7821E-4 3.99627E-4 6.02882E-4 5.63231E-4 6.40042E-4 4.89171E-4 3.24681E-4 4.00805E-4 4.83768E-4 5.31025E-4 4.25483E-4 3.42674E-4 3.22212E-4 2.05415E-4 2.11188E-4 2.34365E-4 4.31703E-4
-9999 -9999 -9999 -9999 -9999 -9999 -9999 -9999 -9999 -9999 -9999 2.69927E-4 4.82571E-4 5.09352E-4 4.15088E-4 4.08415E-4 4.69053E-4 5.7915E-4 4.03582E-4 1.53534E-4 2.46687E-4 4.51353E-4 8.10588E-4 7.54397E-4 9.36571E-4 6.38638E-4 3.12562E-4 2.09699E-4 2.28113E-4 2.26683E-4 2.30157E-4 1.9502E-4 1.28476E-4 3.1434E-4 3.46597E-4 1.8799E-4 1.66413E-4 3.07249E-4 1.74067E-4 4.03737E-4 7.5425E-4 6.3734E-4 6.77069E-4 4.36549E-4 3.42398E-5 5.34146E-5 9.93679E-5 4.12569E-4 6.71041E-4 5.70464E-4 3.83718E-4 4.50456E-4 4.24788E-4 2.83625E-4 4.66857E-4 6.76513E-4 6.37543E-4 8.941E-4 1.53218E-3 5.106E-4 4.34383E-4 6.62563E-4 1.06407E-3 8.25795E-4 1.34253E-4 2.5071E-4
-9999 -9999 -9999 -9999 -9999 -9999 -9999 -9999 -9999 -9999 -9999 4.11349E-4 3.09532E-4 4.06108E-4 4.67587E-4 4.37106E-4 3.45185E-4 5.93809E-4 4.50273E-4 3.82495E-4 2.90031E-4 3.37621E-4 7.18072E-4 5.22851E-4 5.40202E-4 8.22215E-4 4.18065E-4 1.8142E-4 1.16714E-4 1.42697E-4 2.30387E-4 2.47075E-4 4.12272E-4 4.41981E-4 4.32953E-4 4.23219E-4 3.63428E-4 3.05169E-4 3.73655E-4 1.02747E-3 6.13544E-4 8.79889E-4 6.45424E-4 5.86325E-4 1.89069E-5 4.15013E-5 1.18289E-4 2.35357E-4 8.47572E-4 2.77866E-4 5.61841E-4 4.51568E-4 4.66103E-4 4.68718E-4 6.02521E-4 4.25487E-4 6.27843E-4 6.95374E-4 8.61728E-4 7.16561E-4 9.1437E-4 7.03209E-4 5.35733E-4 4.90569E-4 1.55293E-4 9.23865E-5
-9999 -9999 -9999 -9999 -9999 -9999 -9999 -9999 -9999 -9999 -9999 -9999 4.34946E-4 2.31862E-4 5.22498E-4 4.63206E-4 3.76442E-4 3.49706E-4 1.86501E-4 3.17794E-4 1.64372E-4 1.89447E-4 4.56854E-4 2.49257E-4 5.44955E-4 1.2972E-3 4.88008E-4 3.21596E-4 2.04639E-4 2.0773E-4 3.29052E-4 4.01574E-4 4.05448E-4 4.43705E-4 4.17331E-4 4.10539E-4 3.23268E-4 4.15964E-4 4.69071E-4 6.93433E-4 5.24133E-4 5.09752E-4 4.73588E-4 2.77143E-4 5.27236E-5 1.25077E-4 1.86708E-4 2.85073E-4 2.38443E-4 2.26727E-4 4.90694E-4 8.42104E-4 6.9866E-4 7.06653E-4 6.9634E-4 6.84353E-4 6.78157E-4 6.19455E-4 8.16195E-4 9.36169E-4 6.28675E-4 6.33264E-4 4.65506E-4 4.68973E-4 3.25059E-4 1.41925E-4
-9999 -9999 -9999 -9999 -9999 -9999 -9999 -9999 -9999 -9999 -9999 -9999 2.649E-4 2.8924E-4 2.83196E-4 3.12488E-4 4.02923E-4 4.51436E-4 4.20428E-4 3.44511E-4 5.3845E-4 5.16511E-4 3.47165E-4 8.05407E-4 3.98288E-4 8.072E-4 1.67514E-3 3.81726E-4 3.31882E-4 3.79306E-4 5.48294E-4 2.87952E-4 4.23715E-4 2.9981E-4 4.32695E-4 4.19459E-4 4.24229E-4 4.61586E-4 7.82159E-4 9.5047E-4 5.61222E-4 2.02298E-4 4.90058E-4 3.97547E-5 5.57504E-5 1.53558E-4 1.25479E-4 1.51942E-4 2.38423E-4 4.4678E-4 6.92087E-4 7.89711E-4 7.09348E-4 7.23418E-4 7.07209E-4 6.33434E-4 6.39388E-4 6.67987E-4 6.41902E-4 6.54677E-4 7.60356E-4 6.4075E-4 5.38083E-4 4.98951E-4 2.40073E-4 1.20153E-4
-9999 -9999 -9999 -9999 -9999 -9999 -9999 -9999 -9999 -9999 -9999 -9999 -9999 4.90305E-4 4.82753E-4 4.29969E-4 2.58817E-4 4.87121E-4 4.22149E-4 3.36485E-4 3.31362E-4 4.89404E-4 3.26614E-4 5.61167E-4 8.9912E-4 4.29847E-4 1.2035E-3 4.00042E-4 3.91842E-4 5.1425E-4 8.45278E-4 5.93444E-4 6.33772E-4 4.4151E-4 4.18308E-4 4.22093E-4 4.36928E-4 5.36255E-4 7.05059E-4 5.80308E-4 9.48741E-4 5.53993E-4 2.04473E-4 6.26176E-5 6.36931E-5 1.07084E-4 2.03707E-4 1.27131E-4 2.09356E-4 6.84244E-4 7.60774E-4 8.07141E-4 6.75964E-4 7.23748E-4 6.67138E-4 6.10507E-4 6.13027E-4 4.47288E-4 6.32113E-4 4.18792E-4 5.00345E-4 5.88183E-4 5.69006E-4 4.98297E-4 6.68479E-5 1.34978E-4
-9999 -9999 -9999 -9999 -9999 -9999 -9999 -9999 -9999 -9999 -9999 -9999 -9999 3.53458E-4 3.01847E-4 4.69314E-4 4.08595E-4 4.0916E-4 4.3229E-4 3.25223E-4 3.21056E-4 4.10957E-4 5.21885E-4 5.05114E-4 1.29682E-3 4.73579E-4 5.33584E-4 5.5193E-4 4.1455E-4 4.743E-4 9.48175E-4 8.79104E-4 5.35407E-4 4.59741E-4 4.28816E-4 4.31821E-4 4.32839E-4 6.27634E-4 8.3253E-4 4.96673E-4 6.29768E-4 2.20407E-4 2.31425E-4 2.5973E-4 8.91715E-5 1.37669E-4 1.53959E-4 2.36722E-4 1.6044E-4 5.16368E-4 8.22199E-4 7.81741E-4 6.51116E-4 9.99298E-4 7.24766E-4 4.19889E-4 5.94298E-4 5.88489E-4 7.59084E-4 7.03643E-4 6.31989E-4 6.13364E-4 4.86217E-4 9.12045E-5 3.13521E-5 1.23577E-4
-9999 -9999 -9999 -9999 -9999 -9999 -9999 -9999 -9999 -9999 -9999 -9999 -9999 -9999 4.00783E-4 3.37462E-4 4.29222E-4 3.76417E-4 4.57749E-4 3.11329E-4 3.25285E-4 3.16123E-4 6.19211E-4 5.59437E-4 1.0489E-3 7.43129E-4 5.29744E-4 5.78294E-4 4.13284E-4 5.74987E-4 6.50411E-4 6.04093E-4 7.47158E-4 8.13748E-4 5.30078E-4 4.46514E-4 4.79795E-4 6.97473E-4 6.18549E-4 3.83752E-4 2.91506E-4 2.2565E-4 2.17182E-4 2.38968E-4 1.42084E-4 1.76556E-4 2.24676E-4 3.46621E-4 2.05182E-4 3.31122E-4 6.76958E-4 7.75933E-4 6.37967E-4 6.28546E-4 6.45844E-4 6.36805E-4 6.00552E-4 6.46173E-4 9.44739E-4 6.10129E-4 5.62961E-4 4.99669E-4 3.32065E-4 1.26286E-4 1.83801E-5 1.03699E-4
-9999 -9999 -9999 -9999 -9999 -9999 -9999 -9999 -9999 -9999 -9999 -9999 -9999 -9999 3.88834E-4 3.45033E-4 4.46022E-4 2.28969E-4 4.61852E-4 4.19668E-4 3.24559E-4 3.22146E-4 4.85274E-4 5.48479E-4 9.5319E-4 5.86027E-4 5.17214E-4 9.21614E-4 6.16818E-4 4.57087E-4 7.88992E-4 5.93299E-4 4.84335E-4 4.0791E-4 4.54689E-4 4.45209E-4 3.89019E-4 7.45835E-4 4.89193E-4 3.44581E-4 4.02298E-4 3.71046E-4 6.57839E-4 4.52877E-4 3.65992E-4 4.59078E-4 3.32784E-4 1.99332E-4 4.24352E-4 5.66185E-4 6.19815E-4 6.52465E-4 5.79263E-4 6.25742E-4 6.95148E-4 6.38464E-4 6.30679E-4 4.86614E-4 5.07038E-4 4.87061E-4 5.22683E-4 2.69377E-4 1.49607E-4 5.35467E-5 3.66358E-5 2.15726E-4
-9999 -9999 -9999 -9999 -9999 -9999 -9999 -9999 -9999 -9999 -9999 -9999 -9999 -9999 4.7893E-4 4.26895E-4 6.13977E-4 5.27265E-4 4.74154E-4 3.24241E-4 3.22831E-4 3.23698E-4 4.64073E-4 1.64317E-3 2.80194E-3 7.86175E-4 1.43659E-3 7.13691E-4 1.26817E-3 4.91572E-4 5.64582E-4 4.38811E-4 5.40115E-4 5.9604E-4 4.6685E-4 2.96946E-4 2.28894E-4 5.07966E-4 2.95191E-4 2.34387E-4 3.19767E-4 4.08816E-4 4.01832E-4 4.83612E-4 3.88865E-4 5.37078E-4 4.63124E-4 2.86247E-4 5.94034E-4 5.54351E-4 7.34264E-4 7.20992E-4 6.46042E-4 6.33276E-4 6.80665E-4 8.05881E-4 6.78247E-4 7.47188E-4 6.90136E-4 5.36148E-4 6.99459E-4 6.84621E-4 2.68465E-4 9.46601E-5 7.66744E-5 2.89134E-4
-9999 -9999 -9999 -9999 -9999 -9999 -9999 -9999 -9999 -9999 -9999 -9999 -9999 -9999 -9999 5.68297E-4 5.90638E-4 3.59331E-4 5.03954E-4 4.36525E-4 1.41155E-3 3.31672E-4 3.30863E-4 4.72058E-4 1.29242E-3 1.05566E-3 1.16281E-3 1.11084E-3 1.56433E-3 1.84493E-3 1.03186E-3 4.4177E-4 2.95857E-4 5.30951E-4 4.45248E-4 3.22381E-4 7.12952E-4 5.55436E-4 4.60219E-4 2.87945E-4 1.53533E-4 3.70723E-4 4.59149E-4 5.60245E-4 4.95656E-4 4.31857E-4 4.85268E-4 5.641E-4 5.81003E-4 7.80136E-4 7.17294E-4 6.55457E-4 6.43549E-4 7.64488E-4 4.64647E-4 5.81843E-4 8.02652E-4 6.28227E-4 7.0816E-4 5.27807E-4 6.68697E-4 8.15696E-4 1.13569E-3 7.09402E-4 2.61797E-4 4.33416E-4
-9999 -9999 -9999 -9999 -9999 -9999 -9999 -9999 -9999 -9999 -9999 -9999 -9999 -9999 -9999 -9999 4.76796E-4 5.76781E-4 6.19364E-4 5.35758E-4 3.47034E-4 1.47253E-3 3.31038E-4 4.18471E-4 4.17251E-4 7.30941E-4 7.75429E-4 6.71171E-4 1.35634E-3 1.61805E-3 1.32895E-3 5.77616E-4 3.79299E-4 4.75617E-4 1.01294E-3 7.65177E-4 7.52515E-4 4.33984E-4 4.59773E-4 3.71351E-4 3.72098E-4 3.50436E-4 4.22211E-4 3.98524E-4 3.13729E-4 2.88212E-4 4.73688E-4 3.70498E-4 3.62012E-4 3.15956E-4 6.63535E-4 8.48209E-4 7.7579E-4 1.12788E-3 7.7769E-4 7.85866E-4 6.92889E-4 3.63844E-4 5.1297E-4 5.4932E-4 5.72747E-4 5.03567E-4 6.19633E-4 5.55171E-4 3.594E-4 1.92011E-4
-9999 -9999 -9999 -9999 -9999 -9999 -9999 -9999 -9999 -9999 -9999 -9999 -9999 -9999 -9999 -9999 4.97482E-4 4.78644E-4 3.90059E-4 5.52099E-4 3.53921E-4 1.55151E-3 1.43735E-3 4.31878E-4 4.27394E-4 5.41642E-4 5.00267E-4 4.18343E-4 5.64659E-4 1.20555E-3 6.60279E-4 1.55324E-3 7.64104E-4 9.31204E-4 8.69911E-4 6.45183E-4 6.96956E-4 5.06219E-4 4.61001E-4 3.92783E-4 2.41815E-4 3.64628E-4 4.56111E-4 4.40201E-4 4.37292E-4 4.40073E-4 6.4222E-4 4.1084E-4 4.56582E-4 3.0392E-4 6.56466E-4 6.55063E-4 6.47891E-4 7.37494E-4 4.29068E-4 7.71156E-4 5.3038E-4 6.71954E-4 3.60472E-4 4.98617E-4 1.55307E-3 4.92739E-4 5.64545E-4 5.51519E-4 3.99074E-4 2.89891E-4
-9999 -9999 -9999 -9999 -9999 -9999 -9999 -9999 -9999 -9999 -9999 -9999 -9999 -9999 -9999 -9999 -9999 -9999 2.95767E-4 5.90773E-4 5.05187E-4 1.56211E-3 1.41007E-3 3.30868E-4 4.37594E-4 4.68997E-4 3.75529E-4 2.96427E-4 1.26861E-4 7.68407E-4 1.45164E-3 8.54895E-4 1.04841E-3 8.57674E-4 4.81789E-4 8.1636E-4 7.01421E-4 4.44671E-4 3.19718E-4 3.78722E-4 4.4499E-4 2.60581E-4 3.9736E-4 4.37346E-4 4.48526E-4 3.59129E-4 5.8483E-4 6.10598E-4 6.72293E-4 6.35208E-4 6.02809E-4 6.33202E-4 6.11931E-4 6.63842E-4 7.82842E-4 3.56689E-4 4.41739E-4 5.6689E-4 5.13082E-4 6.19009E-4 4.23684E-4 6.66323E-4 6.23647E-4 6.01625E-4 5.35676E-4 5.05397E-4
-9999 -9999 -9999 -9999 -9999 -9999 -9999 -9999 -9999 -9999 -9999 -9999 -9999 -9999 -9999 -9999 -9999 -9999 3.06713E-4 8.36225E-4 5.97078E-4 1.02618E-3 9.71052E-4 1.37146E-3 4.30372E-4 3.43171E-4 4.27401E-4 4.12838E-4 1.38604E-4 1.42887E-4 2.2347E-4 1.61312E-3 5.27157E-4 8.5505E-4 3.41883E-4 2.59181E-4 6.0175E-4 4.02174E-4 3.88445E-4 3.52773E-4 3.22371E-4 4.92224E-4 4.46965E-4 4.07759E-4 4.11759E-4 4.03359E-4 6.98714E-4 5.38473E-4 5.98954E-4 6.3495E-4 5.43579E-4 8.14584E-4 6.36916E-4 5.77905E-4 7.29061E-4 5.48637E-4 4.97491E-4 6.57869E-4 5.98896E-4 4.14489E-4 7.30489E-4 9.90601E-4 6.48186E-4 6.59373E-4 6.37241E-4 6.71331E-4
-9999 -9999 -9999 -9999 -9999 -9999 -9999 -9999 -9999 -9999 -9999 -9999 -9999 -9999 -9999 -9999 -9999 -9999 2.97465E-4 8.28909E-4 6.1023E-4 3.67478E-4 1.38726E-3 1.422E-3 3.37651E-4 4.35833E-4 3.4005E-4 3.4867E-4 8.60164E-5 1.87044E-4 3.19712E-4 1.10694E-3 5.31701E-4 4.52744E-4 2.52034E-4 8.255E-5 6.41931E-5 3.92432E-4 2.92006E-4 2.72808E-4 4.30383E-4 4.32395E-4 2.11076E-4 4.79864E-4 7.41409E-4 7.91862E-4 6.55178E-4 5.19775E-4 6.77348E-4 6.41963E-4 7.35235E-4 4.26128E-4 7.71145E-4 6.05456E-4 7.95561E-4 6.99885E-4 7.60046E-4 7.06815E-4 6.60528E-4 5.26978E-4 6.53256E-4 6.31716E-4 6.45542E-4 6.42199E-4 5.04356E-4 6.42681E-4
-9999 -9999 -9999 -9999 -9999 -9999 -9999 -9999 -9999 -9999 -9999 -9999 -9999 -9999 -9999 -9999 -9999 -9999 -9999 3.79088E-4 6.5637E-4 5.4107E-4 1.45639E-3 1.37135E-3 1.35159E-3 3.53904E-4 5.7839E-4 2.55523E-4 1.0252E-4 1.21568E-4 3.50399E-4 7.6572E-4 4.42536E-4 2.78341E-5 4.03717E-5 1.82527E-5 1.79474E-4 4.95059E-4 5.89884E-4 5.81583E-4 6.75635E-4 6.23154E-4 9.3284E-4 8.37724E-4 7.36248E-4 1.00648E-3 6.98483E-4 7.43288E-4 7.51108E-4 6.88399E-4 7.56412E-4 7.2749E-4 6.14471E-4 5.93162E-4 6.1814E-4 8.72361E-4 6.50532E-4 8.77593E-4 7.61433E-4 5.22761E-4 6.13135E-4 6.11507E-4 6.27561E-4 4.97512E-4 6.41666E-4 5.45285E-4
-9999 -9999 -9999 -9999 -9999 -9999 -9999 -9999 -9999 -9999 -9999 -9999 -9999 -9999 -9999 -9999 -9999 -9999 -9999 5.22829E-4 4.38768E-4 5.15759E-4 1.46896E-3 1.39283E-3 4.13511E-4 3.49045E-4 5.01806E-4 2.49905E-4 2.25661E-4 1.44985E-4 2.22275E-4 6.02574E-4 7.49147E-4 4.76912E-5 2.56961E-5 2.10455E-5 2.23784E-5 4.54568E-4 9.52201E-4 6.71548E-4 6.68928E-4 6.03765E-4 5.00689E-4 7.49406E-4 1.48847E-3 8.71937E-4 6.29709E-4 4.91531E-4 8.35945E-4 4.63659E-4 6.97414E-4 7.95079E-4 6.36535E-4 6.68594E-4 4.99189E-4 6.81671E-4 6.5939E-4 4.3404E-4 8.98064E-4 1.1352E-3 6.23158E-4 4.35705E-4 7.11809E-4 6.16835E-4 5.12596E-4 6.67391E-4
-9999 -9999 -9999 -9999 -9999 -9999 -9999 -9999 -9999 -9999 -9999 -9999 -9999 -9999 -9999 -9999 -9999 -9999 -9999 5.78674E-4 3.13338E-4 3.9273E-4 4.71205E-4 3.48794E-4 3.8627E-4 2.05851E-4 4.1432E-4 5.3277E-4 4.09684E-4 7.55801E-5 1.10655E-4 7.21539E-4 1.05912E-3 2.09275E-4 9.6478E-5 1.17193E-5 1.28597E-5 1.59248E-4 9.6816E-4 1.36367E-3 5.4675E-4 8.50616E-4 5.89142E-4 9.00084E-4 8.79885E-4 5.77748E-4 7.34435E-4 5.7387E-4 7.03067E-4 6.3554E-4 5.99664E-4 7.03357E-4 6.32765E-4 5.09744E-4 5.95645E-4 7.11133E-4 5.30752E-4 6.71032E-4 7.60476E-4 7.87222E-4 6.12886E-4 5.99416E-4 5.24278E-4 4.03753E-4 3.43195E-4 6.51878E-4
-9999 -9999 -9999 -9999 -9999 -9999 -9999 -9999 -9999 -9999 -9999 -9999 -9999 -9999 -9999 -9999 -9999 -9999 -9999 -9999 4.44086E-4 6.97859E-4 5.31283E-4 3.57133E-4 3.87867E-4 3.18039E-4 4.20453E-4 3.64483E-4 4.95881E-4 1.63542E-4 4.42962E-4 5.54426E-4 6.58314E-4 7.58407E-5 5.28843E-4 3.78798E-5 6.12217E-5 2.05532E-4 6.93885E-4 5.07634E-4 6.78197E-4 7.27475E-4 6.15312E-4 5.01918E-4 6.60664E-4 4.96572E-4 3.47727E-4 5.14434E-4 5.46538E-4 5.39575E-4 6.19628E-4 6.34247E-4 6.24096E-4 2.11851E-4 5.88503E-4 5.81948E-4 5.79623E-4 8.42712E-4 6.58289E-4 8.646E-4 5.82274E-4 6.54215E-4 4.86465E-4 6.30455E-4 5.44973E-4 7.41116E-4
-9999 -9999 -9999 -9999 -9999 -9999 -9999 -9999 -9999 -9999 -9999 -9999 -9999 -9999 -9999 -9999 -9999 -9999 -9999 -9999 4.02267E-4 4.08145E-4 3.73964E-4 4.5811E-4 3.499E-4 3.81539E-4 4.89826E-4 4.59548E-4 5.18036E-4 6.15937E-4 4.75732E-4 1.76573E-4 4.92665E-4 1.57667E-4 6.96532E-5 5.61568E-4 2.66723E-4 2.4019E-4 4.82493E-4 5.46802E-4 3.71775E-4 1.0943E-3 8.07335E-4 6.65388E-4 7.60102E-4 4.95036E-4 5.39088E-4 6.12828E-4 5.75128E-4 5.57976E-4 5.60575E-4 6.02511E-4 4.75964E-4 4.08532E-4 5.18816E-4 4.89513E-4 5.7435E-4 5.98396E-4 2.00595E-4 4.49816E-4 4.65675E-4 4.569E-4 4.74084E-4 5.27785E-4 6.54562E-4 8.4431E-4
-9999 -9999 -9999 -9999 -9999 -9999 -9999 -9999 -9999 -9999 -9999 -9999 -9999 -9999 -9999 -9999 -9999 -9999 -9999 -9999 2.01948E-4 3.72956E-4 3.77838E-4 4.92479E-4 3.74441E-4 3.84252E-4 4.07908E-4 2.01074E-4 4.9413E-4 5.97341E-4 7.0007E-5 2.18115E-4 5.23524E-4 1.34678E-4 1.16949E-4 2.48353E-4 1.98498E-4 5.17875E-4 3.98754E-4 4.7107E-4 5.80358E-4 5.89769E-4 4.6312E-4 5.97688E-4 4.35299E-4 2.15383E-4 5.58069E-4 4.46367E-4 5.39184E-4 5.34825E-4 5.53786E-4 5.69099E-4 5.37142E-4 4.79244E-4 6.1792E-4 4.33207E-4 4.80542E-4 4.90645E-4 4.58981E-4 4.61229E-4 5.45585E-4 4.8977E-4 4.00037E-4 5.21116E-4 5.2151E-4 5.09337E-4
-9999 -9999 -9999 -9999 -9999 -9999 -9999 -9999 -9999 -9999 -9999 -9999 -9999 -9999 -9999 -9999 -9999 -9999 -9999 -9999 -9999 4.19755E-4 2.45171E-4 3.7317E-4 3.68047E-4 1.78235E-3 2.19281E-3 3.51145E-4 3.40261E-4 4.63449E-4 1.59386E-4 1.78698E-4 1.41428E-4 1.09914E-4 2.69161E-4 3.8107E-4 4.06183E-4 3.3934E-4 2.66669E-4 7.2558E-4 4.29153E-4 6.86673E-4 4.80605E-4 5.11777E-4 5.78591E-4 4.19987E-4 5.6792E-4 5.32688E-4 4.07796E-4 4.25974E-4 6.07223E-4 5.02166E-4 4.90554E-4 4.54127E-4 4.94469E-4 4.94595E-4 4.72243E-4 4.79395E-4 4.69463E-4 4.67103E-4 6.43544E-4 4.76931E-4 5.23317E-4 5.07265E-4 4.78734E-4 5.06847E-4
-9999 -9999 -9999 -9999 -9999 -9999 -9999 -9999 -9999 -9999 -9999 -9999 -9999 -9999 -9999 -9999 -9999 -9999 -9999 -9999 -9999 -9999 5.06624E-4 4.12416E-4 5.0279E-4 1.14662E-3 1.85764E-3 3.73376E-4 5.27926E-4 4.68231E-4 1.86392E-4 2.15006E-4 1.82786E-4 9.14543E-5 9.71697E-4 3.53038E-4 2.24124E-4 2.62579E-4 3.98149E-4 5.74314E-4 5.23731E-4 6.15395E-4 5.60154E-4 7.17974E-4 6.63342E-4 4.69118E-4 5.86781E-4 5.56329E-4 5.57211E-4 5.8455E-4 5.31551E-4 3.45211E-4 5.20834E-4 4.2482E-4 4.7473E-4 4.72874E-4 4.53907E-4 4.71938E-4 4.85231E-4 4.57824E-4 4.78186E-4 4.58682E-4 4.80153E-4 6.08333E-4 4.89921E-4 4.65765E-4
