catData/rasterBestHybridModels/Prubiginosus/RD_BM01_RM1_L/Prubiginosus_median.asc
ncols         409
nrows         350
xllcorner     60.897278365
yllcorner     5.843756025
cellsize      0.0892857
NODATA_value  -9999
[rows 116 to 144 of 350, columns 65 to 129 of 409]
5.87531E-5 4.16467E-5 3.69864E-5 6.95325E-5 5.18674E-5 4.20191E-5 7.64968E-5 4.31552E-5 6.46343E-5 3.74749E-5 2.15798E-6 5.66849E-7 1.02415E-6 2.97246E-6 8.56966E-7 9.35805E-7 8.04829E-7 5.18005E-7 2.91747E-6 2.98995E-5 2.18087E-5 2.64092E-5 3.74038E-5 4.44928E-5 5.74826E-5 5.14918E-5 4.44245E-5 7.43013E-5 4.43555E-5 7.67852E-5 7.83514E-5 7.64396E-5 7.70606E-5 7.70725E-5 4.59664E-5 4.36313E-5 4.49709E-5 5.04376E-5 7.94274E-5 7.85142E-5 7.85164E-5 8.31836E-5 3.33244E-5 4.7938E-5 7.84349E-5 1.45584E-4 1.45196E-4 1.31499E-4 8.50323E-5 8.33589E-5 1.38315E-4 8.01771E-5 7.32292E-5 1.38304E-4 1.38472E-4 8.09593E-5 8.13682E-5 1.4047E-4 1.40056E-4 7.74831E-5 6.1943E-5 6.83608E-5 1.21965E-4 1.23862E-4 1.21683E-4
5.92754E-5 7.26731E-5 4.34759E-5 4.03673E-5 5.92657E-5 6.13188E-5 7.84713E-5 2.82145E-5 4.03406E-5 1.18064E-5 5.77993E-6 1.09851E-6 4.51332E-6 2.55279E-6 7.87472E-7 9.54453E-7 1.0787E-6 1.38085E-6 3.06611E-6 3.69022E-5 3.91362E-5 3.58706E-5 4.37315E-5 6.98382E-5 5.98736E-5 4.32942E-5 4.58664E-5 7.63627E-5 7.54955E-5 7.67746E-5 4.55998E-5 4.60036E-5 7.75817E-5 7.71464E-5 7.66361E-5 7.59268E-5 7.73818E-5 8.18359E-5 8.06451E-5 7.97164E-5 7.91631E-5 5.08578E-5 2.65337E-5 3.40536E-5 8.07185E-5 1.4482E-4 8.51344E-5 1.45567E-4 8.45818E-5 8.38691E-5 1.41233E-4 1.29869E-4 7.92725E-5 7.40624E-5 1.38526E-4 8.05305E-5 7.84416E-5 1.34627E-4 1.36454E-4 1.31093E-4 1.19726E-4 1.21202E-4 1.26256E-4 1.26828E-4 7.52075E-5
3.73176E-5 7.24519E-5 7.81962E-5 3.25485E-5 6.11878E-5 5.34292E-5 4.38255E-5 8.03554E-5 6.84687E-5 2.2159E-5 7.2565E-6 5.45069E-6 2.50286E-6 6.18728E-6 1.29374E-6 8.81363E-7 1.18026E-6 7.24616E-7 8.47011E-7 5.33735E-6 5.38541E-5 4.27752E-5 7.11987E-5 6.90919E-5 1.93547E-5 3.65301E-5 3.90768E-5 4.54159E-5 7.20659E-5 7.25395E-5 4.56955E-5 7.59151E-5 7.63292E-5 4.68667E-5 7.59205E-5 7.55499E-5 7.80628E-5 8.17994E-5 8.05067E-5 8.02036E-5 5.10093E-5 4.83682E-5 3.36141E-5 5.08839E-5 8.38569E-5 8.48542E-5 8.43348E-5 1.44602E-4 8.41228E-5 1.4202E-4 1.37133E-4 8.1808E-5 8.60544E-5 7.75561E-5 1.37909E-4 1.34542E-4 1.30464E-4 1.28785E-4 1.34125E-4 1.32017E-4 1.30983E-4 7.81523E-5 1.30704E-4 1.3009E-4 1.35862E-4
5.93397E-5 4.40036E-5 7.89549E-5 7.7363E-5 7.04268E-5 5.55876E-5 3.85816E-5 7.17225E-5 3.33578E-5 2.09596E-5 1.38563E-5 5.84644E-6 4.92121E-6 5.56836E-6 2.44145E-6 8.22625E-7 1.37031E-6 8.2954E-7 7.57633E-7 5.86202E-7 5.57573E-6 4.5297E-5 6.90815E-5 4.16116E-5 2.4128E-5 1.99695E-5 3.53773E-5 4.59848E-5 7.31313E-5 7.33006E-5 4.62665E-5 7.52578E-5 4.70295E-5 7.59995E-5 7.62695E-5 4.7243E-5 7.85406E-5 8.12061E-5 5.00792E-5 8.00078E-5 5.0925E-5 5.24419E-5 5.23701E-5 5.24267E-5 5.05385E-5 7.10904E-5 8.56537E-5 1.43622E-4 8.58179E-5 8.56116E-5 1.41862E-4 8.76879E-5 8.81275E-5 1.35695E-4 1.3803E-4 6.93514E-5 8.18178E-5 1.36178E-4 1.33833E-4 1.34141E-4 1.35539E-4 8.09024E-5 1.35626E-4 1.35097E-4 1.41309E-4
6.00174E-5 4.36002E-5 4.66081E-5 7.81827E-5 7.80343E-5 6.39877E-5 3.64635E-5 6.22088E-5 3.52687E-5 2.75178E-5 3.27149E-5 1.45602E-5 3.76121E-5 1.06515E-5 1.32631E-6 7.10605E-7 9.6185E-7 6.61918E-7 9.06639E-7 8.50013E-7 7.09812E-7 5.52593E-6 2.82656E-5 1.63812E-5 5.93892E-6 2.14964E-5 4.52191E-5 7.60196E-5 7.55824E-5 7.49597E-5 7.54366E-5 7.60284E-5 7.60425E-5 7.62635E-5 4.75819E-5 7.73024E-5 7.96941E-5 8.09215E-5 5.00984E-5 8.52968E-5 8.56964E-5 5.15021E-5 5.19116E-5 5.26532E-5 1.42436E-4 8.76358E-5 8.67267E-5 1.41609E-4 8.8051E-5 8.90496E-5 1.44179E-4 8.52607E-5 1.40359E-4 1.42303E-4 1.38889E-4 8.18754E-5 1.37918E-4 1.38948E-4 1.37456E-4 8.20435E-5 1.40775E-4 1.40824E-4 1.41215E-4 1.43633E-4 1.44851E-4
6.27546E-5 7.17956E-5 4.62807E-5 4.06968E-5 4.48972E-5 6.83975E-5 5.20462E-5 5.74443E-5 3.4883E-5 1.75269E-5 3.77253E-5 5.98418E-5 3.78691E-5 4.04575E-5 4.28121E-6 1.23782E-6 7.15124E-7 9.04502E-7 1.26845E-6 2.05933E-6 9.50957E-7 1.0073E-6 3.1538E-6 2.36169E-5 1.64501E-5 1.69347E-5 3.02586E-5 5.89115E-5 4.76992E-5 7.76167E-5 7.7382E-5 7.71638E-5 7.63746E-5 4.69537E-5 4.77441E-5 7.866E-5 4.97378E-5 8.17123E-5 5.04995E-5 5.1442E-5 8.50014E-5 5.0673E-5 5.09743E-5 5.12377E-5 1.44412E-4 1.43741E-4 1.42774E-4 1.42854E-4 8.87258E-5 1.45538E-4 1.48082E-4 1.34559E-4 1.09984E-4 1.18134E-4 1.42818E-4 1.42404E-4 1.43288E-4 8.35799E-5 1.42656E-4 1.44939E-4 8.53303E-5 8.03221E-5 8.59894E-5 1.4958E-4 8.79139E-5
4.70891E-5 7.64785E-5 5.26732E-5 3.21169E-5 3.25825E-5 3.37615E-5 6.47624E-5 5.8688E-5 3.51594E-5 2.64931E-5 3.52669E-5 5.70757E-5 3.91262E-5 3.75583E-5 4.52771E-5 7.96038E-6 9.32807E-7 7.91292E-7 7.8508E-7 7.73348E-7 8.60351E-7 1.01578E-6 1.48367E-6 5.80421E-6 1.32786E-5 8.84694E-6 6.66172E-5 7.29906E-5 6.73293E-5 7.95921E-5 8.05634E-5 7.99276E-5 7.85076E-5 4.78051E-5 7.94258E-5 7.95654E-5 4.96543E-5 8.25388E-5 5.07035E-5 8.43935E-5 5.05736E-5 5.05195E-5 5.07201E-5 5.0607E-5 8.21832E-5 8.80525E-5 1.47533E-4 1.47817E-4 1.47519E-4 1.47856E-4 1.50188E-4 1.50304E-4 8.72645E-5 8.53556E-5 1.5041E-4 1.48971E-4 8.67703E-5 8.69222E-5 1.4904E-4 1.50611E-4 1.52475E-4 8.89936E-5 8.92814E-5 1.53625E-4 1.5633E-4
5.65802E-5 7.83862E-5 5.43812E-5 4.28352E-5 2.89233E-5 2.02828E-5 3.13871E-5 5.05362E-5 3.86456E-5 2.46174E-5 3.81936E-5 5.72511E-5 6.12645E-5 3.71401E-5 3.78852E-5 3.13372E-5 3.1672E-6 9.14575E-7 7.49929E-7 8.17716E-7 7.51143E-7 7.54765E-7 9.98458E-7 2.03461E-6 1.11999E-6 3.73645E-6 5.89346E-6 1.16559E-5 2.91979E-5 4.73637E-5 8.19327E-5 5.07229E-5 8.17348E-5 8.09894E-5 8.14619E-5 4.97531E-5 8.16106E-5 8.29792E-5 5.25975E-5 8.38528E-5 3.6128E-5 3.6688E-5 5.11188E-5 5.22455E-5 8.46026E-5 1.50465E-4 1.50781E-4 1.51171E-4 1.50954E-4 8.73243E-5 8.82389E-5 1.53525E-4 1.53798E-4 9.00324E-5 1.54439E-4 1.5376E-4 1.53777E-4 8.72124E-5 8.49344E-5 9.08554E-5 1.58347E-4 1.57175E-4 1.60687E-4 1.59393E-4 9.30239E-5
6.01242E-5 8.32858E-5 8.36243E-5 5.66348E-5 3.45246E-5 4.19693E-5 6.28697E-5 4.47613E-5 3.70148E-5 2.29001E-5 3.15829E-5 3.84344E-5 5.94681E-5 3.76015E-5 5.91069E-5 6.1265E-5 1.88235E-5 2.27785E-6 7.85423E-7 6.24543E-7 7.02678E-7 1.00497E-6 8.27322E-7 8.46412E-7 9.67447E-7 3.21064E-6 8.53032E-6 1.39522E-5 4.37082E-6 1.6751E-5 7.9758E-5 5.12602E-5 5.1207E-5 8.32763E-5 8.22035E-5 8.25633E-5 8.25685E-5 8.312E-5 8.43026E-5 8.29366E-5 3.63671E-5 3.65368E-5 8.41292E-5 8.38057E-5 8.37091E-5 1.53908E-4 1.5387E-4 8.98825E-5 1.5397E-4 1.53049E-4 8.98189E-5 9.10292E-5 1.55623E-4 9.21774E-5 1.5598E-4 9.18473E-5 1.56503E-4 9.31629E-5 5.71362E-5 9.37582E-5 1.61467E-4 9.50979E-5 9.57536E-5 1.62828E-4 1.61964E-4
6.178E-5 5.84509E-5 8.41841E-5 5.58949E-5 5.20286E-5 5.43742E-5 8.82391E-5 5.19445E-5 4.20208E-5 4.5389E-5 4.11277E-5 6.29888E-5 6.2697E-5 4.0638E-5 6.10844E-5 3.99235E-5 6.98772E-5 2.45149E-5 1.09827E-6 7.62852E-7 4.55785E-7 1.21356E-6 8.03431E-7 2.49352E-6 3.39219E-6 6.48806E-6 2.03996E-5 2.09768E-5 1.0537E-5 4.80156E-6 1.91439E-5 8.30442E-5 8.4032E-5 8.35793E-5 8.30395E-5 5.08779E-5 5.11983E-5 8.46531E-5 8.50573E-5 4.89885E-5 4.88495E-5 4.88902E-5 8.38195E-5 5.28264E-5 8.29019E-5 9.20057E-5 1.58074E-4 9.18549E-5 9.1495E-5 1.58117E-4 1.59079E-4 1.57025E-4 1.57851E-4 1.56296E-4 1.55261E-4 9.41441E-5 1.57308E-4 9.55077E-5 5.65233E-5 9.56014E-5 1.60215E-4 9.60389E-5 1.62003E-4 1.62645E-4 9.57837E-5
6.13878E-5 5.99792E-5 8.85907E-5 8.54111E-5 8.46726E-5 5.54385E-5 9.29232E-5 9.13892E-5 5.41261E-5 8.32672E-5 7.07356E-5 6.69221E-5 4.40159E-5 4.38713E-5 6.40293E-5 4.39887E-5 4.62769E-5 4.53865E-5 2.56544E-6 1.06676E-6 6.87369E-7 3.82008E-6 3.88628E-6 1.53754E-6 3.77773E-6 7.73553E-6 1.01424E-5 2.55337E-5 1.07252E-5 1.13496E-5 6.43304E-6 7.53406E-5 5.10342E-5 5.12069E-5 8.36883E-5 8.41156E-5 8.55515E-5 8.59161E-5 8.61242E-5 4.93649E-5 3.5185E-5 4.96792E-5 4.99081E-5 5.33281E-5 8.39121E-5 9.37721E-5 1.57985E-4 9.41317E-5 7.05378E-5 8.89201E-5 9.44846E-5 1.60219E-4 1.59603E-4 1.58794E-4 9.40509E-5 9.45989E-5 1.61863E-4 9.57377E-5 9.01175E-5 9.59377E-5 1.66451E-4 1.66402E-4 5.88912E-5 3.8744E-5 4.98522E-5
1.02207E-4 6.00191E-5 9.48098E-5 5.55077E-5 8.70475E-5 9.2744E-5 5.61666E-5 8.75622E-5 5.42038E-5 8.42666E-5 8.42828E-5 7.79417E-5 7.55978E-5 4.70203E-5 7.52892E-5 5.23544E-5 5.30928E-5 5.22353E-5 8.95494E-6 2.25195E-6 1.51188E-6 1.28783E-6 3.27178E-6 1.64537E-6 1.11098E-5 8.21378E-6 6.26204E-6 1.03469E-5 1.13384E-5 1.53764E-5 1.00139E-5 2.01125E-5 4.97553E-5 8.57649E-5 8.50906E-5 8.55214E-5 8.56021E-5 5.18111E-5 5.18442E-5 8.56353E-5 3.52053E-5 4.12254E-5 5.34289E-5 8.60556E-5 8.55985E-5 5.36879E-5 9.17757E-5 5.76547E-5 4.90199E-5 4.87634E-5 5.95378E-5 9.71468E-5 9.63883E-5 9.34116E-5 9.38819E-5 9.5182E-5 9.54508E-5 9.61363E-5 9.64212E-5 9.70873E-5 9.86626E-5 4.23557E-5 8.75609E-5 9.82465E-5 1.38075E-4
1.00582E-4 1.00862E-4 9.86785E-5 5.71999E-5 5.48427E-5 8.95649E-5 9.31796E-5 9.07789E-5 5.44763E-5 8.63947E-5 8.47851E-5 5.06501E-5 7.73213E-5 4.98726E-5 7.94812E-5 8.31224E-5 5.50249E-5 5.36781E-5 5.52102E-6 2.4538E-6 5.98985E-6 5.69005E-6 9.37688E-7 6.9705E-6 1.7422E-5 1.47596E-5 1.44569E-5 5.85286E-6 1.19487E-5 7.85836E-6 1.50644E-5 1.75148E-5 8.23551E-5 8.62097E-5 8.72314E-5 8.78467E-5 5.17902E-5 4.04909E-5 5.2993E-5 8.53277E-5 5.43141E-5 5.48554E-5 1.64497E-4 1.64262E-4 1.63281E-4 9.51383E-5 9.35625E-5 9.42384E-5 5.91078E-5 6.0346E-5 9.87956E-5 9.78831E-5 9.60238E-5 9.60532E-5 9.68542E-5 9.89961E-5 9.96859E-5 1.00312E-4 1.00097E-4 9.99652E-5 5.94872E-5 9.40617E-5 1.01097E-4 6.29932E-5 1.4526E-4
5.89779E-5 1.00855E-4 9.78557E-5 5.71399E-5 5.57475E-5 8.9535E-5 8.99016E-5 5.41832E-5 4.24189E-5 5.36507E-5 8.52184E-5 8.29033E-5 8.02367E-5 8.05855E-5 7.99507E-5 8.05696E-5 8.42063E-5 7.08841E-5 1.31768E-5 1.13157E-6 9.43858E-6 2.61072E-6 3.31363E-6 2.61826E-6 6.64854E-6 1.64951E-5 1.98244E-5 1.49766E-5 3.38492E-5 1.4807E-5 1.12858E-5 6.21144E-6 2.46711E-5 2.52524E-5 3.64202E-5 4.87081E-5 3.64617E-5 5.39649E-5 1.65795E-4 1.64989E-4 5.8285E-5 9.49097E-5 1.63708E-4 1.64827E-4 1.64799E-4 1.63586E-4 9.54004E-5 9.5968E-5 9.71183E-5 9.72959E-5 9.91333E-5 6.11108E-5 9.79883E-5 6.07837E-5 1.00525E-4 6.16696E-5 1.00827E-4 6.247E-5 1.00401E-4 9.92013E-5 5.91419E-5 8.67014E-5 6.31823E-5 5.06048E-5 9.62299E-5
3.5216E-5 9.82437E-5 5.78088E-5 4.4354E-5 5.54397E-5 8.08613E-5 5.40997E-5 4.40132E-5 3.23056E-5 4.36591E-5 5.40672E-5 8.41807E-5 8.20601E-5 8.10931E-5 8.00213E-5 5.31112E-5 8.14767E-5 6.85117E-5 2.38133E-5 2.98205E-6 4.54875E-6 4.60705E-6 5.14235E-6 2.38475E-6 4.65914E-6 1.65543E-5 1.38517E-5 1.95648E-5 1.91277E-5 1.70623E-5 7.21712E-6 1.79263E-5 1.52693E-5 1.58432E-5 4.99782E-5 8.63888E-5 8.55935E-5 8.80186E-5 9.70929E-5 9.28516E-5 5.03516E-5 5.9681E-5 1.6383E-4 1.64423E-4 1.642E-4 9.51637E-5 1.63792E-4 9.9915E-5 1.01481E-4 1.00492E-4 6.23201E-5 6.17123E-5 1.00815E-4 9.72106E-5 4.9689E-5 9.47697E-5 1.02154E-4 1.02362E-4 1.01131E-4 9.83651E-5 9.62079E-5 9.87865E-5 1.00884E-4 6.42347E-5 6.23466E-5
7.75709E-5 8.01937E-5 9.14616E-5 4.44491E-5 8.97639E-5 5.96062E-5 5.33236E-5 3.65645E-5 3.28156E-5 4.51648E-5 5.37485E-5 8.3952E-5 8.28247E-5 8.18471E-5 8.14411E-5 8.06251E-5 7.9055E-5 4.04721E-5 3.57393E-5 4.87553E-6 9.32346E-7 2.54097E-6 3.38132E-6 4.80122E-6 7.11045E-6 8.23993E-6 1.77089E-5 2.09208E-5 1.90342E-5 3.498E-5 2.03854E-5 2.59186E-5 2.70133E-5 6.33617E-5 8.53071E-5 8.93247E-5 8.90998E-5 9.97941E-5 6.03182E-5 9.06015E-5 9.37024E-5 1.47344E-4 9.98162E-5 9.72915E-5 1.65084E-4 9.6854E-5 6.01568E-5 6.27964E-5 1.02117E-4 1.0181E-4 6.31449E-5 6.30038E-5 8.58386E-5 1.10485E-5 3.96514E-5 6.33735E-5 7.53228E-5 8.43957E-5 1.00282E-4 9.59746E-5 1.10274E-4 6.76617E-5 6.55346E-5 2.22412E-5 1.02395E-4
6.87037E-5 3.93021E-5 7.6295E-5 9.05174E-5 7.08322E-5 5.39199E-5 4.49785E-5 3.33891E-5 4.53297E-5 5.45368E-5 8.47343E-5 8.33078E-5 8.24225E-5 8.19997E-5 8.1623E-5 8.18115E-5 8.04099E-5 8.23106E-6 1.71346E-5 1.96299E-6 9.8975E-7 2.3014E-6 6.30637E-6 8.90421E-6 3.58006E-6 7.77524E-6 3.03561E-5 1.36462E-5 4.02905E-5 3.53478E-5 6.63299E-5 2.02183E-5 1.99951E-5 4.90257E-5 5.52342E-5 5.41757E-5 5.72385E-5 1.0011E-4 1.50207E-4 1.50392E-4 1.49631E-4 1.48651E-4 1.48182E-4 9.48338E-5 1.64034E-4 9.94986E-5 6.35476E-5 1.02926E-4 1.49102E-4 1.49248E-4 9.57103E-5 9.60414E-5 1.16376E-4 1.12935E-4 1.50851E-4 1.20203E-4 1.0722E-4 9.63577E-5 9.96737E-5 9.68139E-5 5.25289E-5 1.8046E-5 4.10622E-5 6.97082E-5 1.4252E-4
4.94998E-5 4.44448E-5 3.83721E-5 2.58503E-5 7.82904E-5 4.35388E-5 5.48514E-5 4.67914E-5 5.50113E-5 8.60319E-5 8.46747E-5 8.3611E-5 8.30258E-5 8.20352E-5 8.16578E-5 8.05491E-5 8.12613E-5 6.69283E-6 6.33361E-6 1.92437E-6 4.7328E-6 5.30508E-6 1.24569E-5 1.27526E-5 8.49786E-6 3.57007E-5 3.12524E-5 2.04779E-5 9.06672E-6 1.47448E-5 1.92937E-5 2.77438E-5 1.85922E-5 4.46557E-5 5.64975E-5 5.4703E-5 4.51472E-5 6.0534E-5 9.22357E-5 9.56594E-5 1.49255E-4 1.50573E-4 1.51369E-4 9.57654E-5 1.52315E-4 6.53165E-5 1.05308E-4 1.04739E-4 9.57234E-5 1.18126E-4 6.81537E-5 6.56169E-5 1.45353E-4 8.25112E-5 1.53942E-4 8.25547E-5 1.46123E-4 7.96487E-5 1.50226E-4 8.51663E-5 1.23085E-4 9.10585E-5 1.58162E-4 1.28163E-4 5.52014E-5
5.85414E-5 4.56811E-5 1.00518E-5 9.90175E-6 5.18474E-5 4.23554E-5 1.85175E-5 4.24007E-5 8.6311E-5 8.5468E-5 8.46161E-5 5.49501E-5 8.24721E-5 5.48306E-5 8.00542E-5 4.9745E-5 5.21455E-5 8.0736E-6 2.45256E-6 1.89137E-6 3.29968E-6 2.31868E-6 5.77814E-6 4.80108E-6 1.45194E-5 1.55435E-5 1.84804E-5 1.10854E-5 3.58142E-5 2.35359E-5 3.59513E-5 2.61316E-5 2.69482E-5 3.77162E-5 9.18622E-5 9.45685E-5 5.96605E-5 1.0344E-4 1.51121E-4 1.52203E-4 1.52695E-4 1.53302E-4 1.54774E-4 1.55395E-4 1.56243E-4 1.08088E-4 1.08188E-4 1.63562E-4 1.54628E-4 1.35089E-4 7.12537E-5 9.71686E-5 1.52858E-4 1.49447E-4 6.74475E-5 9.73601E-5 1.51378E-4 1.52062E-4 1.52889E-4 1.53414E-4 7.76094E-5 1.18562E-4 1.56827E-4 1.53836E-4 1.07829E-4
8.25421E-5 2.15579E-5 2.26254E-5 7.44666E-5 8.64599E-5 8.05508E-5 6.11789E-5 3.7888E-5 8.68287E-5 5.63407E-5 5.4103E-5 5.55295E-5 8.2466E-5 5.50522E-5 6.61927E-5 4.21048E-5 2.21428E-5 6.41044E-6 4.22941E-6 1.50788E-6 9.57257E-7 1.81571E-6 3.18435E-6 2.87943E-6 5.54432E-6 1.18186E-5 2.78147E-5 2.43005E-5 1.1105E-5 2.01252E-5 2.3599E-5 1.71112E-5 6.36316E-5 4.87486E-5 5.88201E-5 9.64058E-5 1.03533E-4 1.05001E-4 9.77466E-5 1.5561E-4 1.56736E-4 1.5755E-4 1.58905E-4 9.81177E-5 1.59697E-4 6.81871E-5 6.8586E-5 1.10457E-4 6.24095E-5 1.13784E-4 7.49183E-5 8.83501E-5 1.0251E-4 9.09453E-5 1.47498E-4 1.26562E-4 1.54267E-4 6.75173E-5 1.18409E-4 1.00268E-4 1.11947E-4 1.14823E-4 1.57375E-4 1.03462E-4 1.8046E-4
7.85245E-5 8.08887E-5 7.96964E-5 8.88338E-5 5.16722E-5 4.1276E-5 6.43235E-5 4.55181E-5 5.33329E-5 5.6077E-5 4.94763E-5 5.64775E-5 8.22039E-5 8.19326E-5 4.24052E-5 1.25038E-5 1.45995E-6 9.96738E-7 1.49643E-6 4.11592E-6 2.4433E-6 4.20121E-6 6.93757E-6 3.34768E-6 1.59503E-6 3.09269E-6 8.41919E-6 9.49252E-6 1.7204E-5 4.00457E-5 2.10146E-5 2.73422E-5 1.7353E-5 2.78155E-5 4.18561E-5 9.87797E-5 6.52216E-5 1.06478E-4 9.86677E-5 1.58196E-4 1.59963E-4 1.61724E-4 1.62877E-4 1.63178E-4 1.62984E-4 1.12893E-4 1.13348E-4 1.13375E-4 9.93755E-5 1.12743E-4 8.2603E-5 1.4137E-4 9.24507E-5 6.77044E-5 1.00075E-4 1.57722E-4 1.15481E-4 2.22072E-5 1.49562E-4 1.02825E-4 1.6538E-4 1.05369E-4 1.59266E-4 9.51284E-5 1.56973E-4
-9999 -9999 -9999 9.184E-5 6.37556E-5 2.7853E-5 2.77767E-5 7.60117E-5 5.7774E-5 5.54233E-5 5.74374E-5 4.18303E-5 1.1585E-5 1.18527E-5 6.30613E-6 2.44642E-6 1.02922E-6 1.04673E-6 1.30703E-6 2.06065E-6 1.19101E-6 2.04085E-6 2.40825E-6 2.42701E-6 1.65688E-6 7.51719E-6 1.90455E-5 1.1187E-5 1.83561E-5 1.62777E-5 1.46693E-5 1.80047E-5 5.19982E-6 4.64407E-5 5.89104E-5 1.74956E-4 1.05254E-4 1.07894E-4 1.58145E-4 1.6087E-4 1.62773E-4 1.64444E-4 1.66516E-4 1.66896E-4 1.00346E-4 1.15545E-4 1.15835E-4 1.16142E-4 1.47103E-4 1.57744E-4 1.52491E-4 1.55134E-4 1.62413E-4 1.61694E-4 1.60332E-4 1.61758E-4 1.63793E-4 1.60485E-4 1.70989E-4 1.54137E-4 1.48071E-4 1.63478E-4 1.60099E-4 9.09027E-5 1.56187E-4
-9999 -9999 -9999 -9999 -9999 3.57434E-5 1.93215E-5 2.20482E-5 2.48894E-5 1.25409E-5 5.63852E-6 5.18067E-6 3.89373E-6 2.93168E-6 5.07969E-6 1.28076E-6 1.39089E-6 1.10494E-6 1.12134E-6 1.0881E-6 1.72274E-6 8.9395E-6 3.10036E-6 5.53896E-6 3.09193E-6 5.85548E-6 5.84502E-6 3.37356E-6 2.33785E-5 4.75219E-5 4.17607E-5 9.90102E-5 9.98315E-5 6.0996E-5 1.02191E-4 1.75304E-4 1.73426E-4 1.09711E-4 1.1131E-4 1.63143E-4 1.65235E-4 1.66878E-4 1.68927E-4 1.70161E-4 1.17724E-4 7.26643E-5 1.18007E-4 7.24954E-5 1.6922E-4 1.67803E-4 1.66303E-4 1.65646E-4 1.64968E-4 1.03565E-4 1.03294E-4 1.64129E-4 1.42281E-4 3.80088E-5 6.07979E-5 1.1557E-4 1.5337E-4 1.41158E-4 1.18408E-4 1.46061E-4 5.24713E-5
-9999 -9999 -9999 -9999 -9999 -9999 1.70357E-5 -9999 4.46411E-5 2.30643E-6 1.74698E-6 2.10049E-6 6.38879E-6 1.83075E-6 4.04527E-6 1.45006E-6 1.42398E-6 1.07251E-6 1.40689E-6 1.51744E-6 1.97049E-6 9.54964E-6 7.762E-6 4.30502E-6 3.87479E-6 2.42698E-6 5.36288E-6 1.46967E-5 5.06296E-5 9.58695E-5 5.99251E-5 6.09163E-5 1.01963E-4 1.02388E-4 1.03294E-4 6.34846E-5 1.07797E-4 1.7354E-4 1.12916E-4 1.14276E-4 1.74371E-4 1.16826E-4 1.17564E-4 1.18507E-4 1.18497E-4 1.18186E-4 1.17779E-4 1.17257E-4 1.15997E-4 1.63208E-4 1.03023E-4 1.03798E-4 1.66432E-4 1.04286E-4 1.04245E-4 1.66328E-4 9.08224E-5 4.34454E-5 9.42902E-6 8.18313E-5 1.18658E-4 7.06876E-5 5.1789E-5 9.1719E-5 4.43297E-5
-9999 -9999 -9999 -9999 -9999 -9999 1.80711E-5 1.52782E-5 2.90025E-5 3.49613E-6 1.63847E-6 3.47213E-6 1.72538E-6 2.00579E-6 3.49594E-6 1.47202E-6 1.24227E-6 8.5732E-7 1.02339E-6 1.22026E-6 2.68823E-6 9.38417E-6 9.2997E-6 2.41816E-6 1.62227E-5 5.6242E-6 6.60575E-6 3.64269E-5 6.45112E-5 9.96016E-5 1.02156E-4 1.02535E-4 1.03284E-4 1.04582E-4 1.06487E-4 1.08783E-4 6.66502E-5 6.63907E-5 1.14712E-4 6.72402E-5 1.76217E-4 1.7615E-4 1.77156E-4 1.181E-4 7.26122E-5 1.14941E-4 1.18069E-4 1.17574E-4 1.02099E-4 9.47854E-5 8.85617E-5 1.04961E-4 1.67029E-4 1.66943E-4 1.6734E-4 1.67473E-4 1.0885E-4 8.71981E-5 2.92227E-5 1.07164E-4 1.53773E-4 4.85302E-5 8.28558E-5 5.54568E-5 1.08805E-4
-9999 -9999 -9999 -9999 -9999 -9999 -9999 -9999 1.59938E-5 1.4621E-6 1.31197E-6 2.63417E-6 1.86328E-6 9.9938E-6 1.55959E-6 1.08126E-6 1.2478E-6 1.15832E-6 1.56644E-6 4.66388E-6 2.23027E-6 7.77095E-6 1.43917E-5 4.19005E-5 2.74946E-5 1.36426E-5 2.79472E-5 9.89999E-5 1.03387E-4 6.2241E-5 4.29503E-5 6.38087E-5 6.42642E-5 6.51733E-5 6.62359E-5 4.44462E-5 4.2321E-5 6.73845E-5 1.16416E-4 1.1707E-4 1.18068E-4 1.27132E-4 1.78016E-4 1.77477E-4 7.25245E-5 1.17995E-4 7.37566E-5 1.17949E-4 1.67882E-4 1.01815E-4 7.11387E-5 1.04395E-4 1.68211E-4 1.05875E-4 1.72475E-4 1.7395E-4 1.83934E-4 1.79996E-4 5.56239E-5 8.99983E-5 7.16573E-5 9.55274E-5 8.40035E-5 7.07276E-5 1.16748E-4
-9999 -9999 -9999 -9999 -9999 -9999 -9999 1.53211E-5 1.94246E-5 3.51391E-5 3.02804E-6 1.63695E-6 6.80246E-6 3.74736E-6 1.54662E-6 1.20742E-6 1.21421E-6 2.17709E-6 2.06158E-5 2.2775E-5 4.68047E-5 5.47414E-5 5.66855E-5 5.86589E-5 5.83099E-5 5.81448E-5 5.94097E-5 6.19624E-5 4.25305E-5 6.53902E-5 6.59267E-5 6.64331E-5 6.71796E-5 4.45322E-5 4.23208E-5 4.26228E-5 4.28762E-5 4.54359E-5 1.17221E-4 1.17182E-4 6.84041E-5 5.23182E-5 7.13065E-5 1.16655E-4 1.80933E-4 1.1865E-4 1.18046E-4 1.17314E-4 1.16767E-4 1.01877E-4 9.41838E-5 1.03361E-4 1.71084E-4 1.71993E-4 1.91752E-4 1.04097E-4 1.02194E-4 6.68167E-5 6.79932E-5 1.03408E-4 4.29427E-5 3.61254E-5 7.30222E-5 1.00258E-4 6.16667E-5
-9999 -9999 -9999 -9999 -9999 -9999 -9999 -9999 2.94087E-5 1.48491E-5 1.61499E-6 2.68851E-6 6.22857E-6 2.33655E-6 1.94057E-6 9.43502E-7 2.23954E-6 1.35148E-5 1.9985E-5 5.19155E-5 6.29465E-5 3.70413E-5 3.61608E-5 5.75005E-5 6.37376E-5 4.36668E-5 6.34871E-5 6.44514E-5 6.63508E-5 6.83583E-5 6.94068E-5 7.02181E-5 7.08732E-5 7.15134E-5 7.22608E-5 7.31725E-5 7.43934E-5 7.39228E-5 6.55629E-5 6.08204E-5 8.98512E-5 6.06205E-5 9.23274E-5 7.15638E-5 1.83863E-4 1.18708E-4 7.31594E-5 7.20892E-5 1.65982E-4 1.64678E-4 1.63775E-4 1.05934E-4 1.07561E-4 1.75422E-4 1.07242E-4 1.05061E-4 1.03184E-4 1.04099E-4 1.05677E-4 5.46641E-5 1.14267E-5 2.46317E-5 3.40403E-5 7.47126E-5 4.75168E-5
-9999 -9999 -9999 -9999 -9999 -9999 -9999 -9999 8.39808E-5 4.58747E-6 1.04036E-5 1.53678E-5 1.49234E-5 5.86945E-5 8.09031E-5 2.01365E-5 2.58064E-5 3.41882E-5 4.39451E-5 6.80529E-5 4.26959E-5 2.85216E-5 3.37341E-5 5.59984E-5 4.24659E-5 3.22285E-5 5.99E-5 6.41015E-5 1.13449E-4 6.82507E-5 6.9221E-5 1.1829E-4 1.18227E-4 7.40068E-5 4.5594E-5 4.29995E-5 4.27887E-5 6.41898E-5 9.09378E-5 6.12655E-5 5.65988E-5 4.71164E-5 6.89975E-5 1.14888E-4 1.15007E-4 1.1525E-4 1.04597E-4 8.85667E-5 1.00871E-4 1.05095E-4 1.71496E-4 1.74391E-4 1.76911E-4 1.95142E-4 1.07055E-4 1.051E-4 1.04122E-4 1.05392E-4 1.06612E-4 1.07316E-4 1.07713E-4 1.02965E-4 5.48331E-4 1.17948E-4 3.33482E-5
