catData/rasterBestHybridModels/Prubiginosus/RD_BM01_RM1_L/Prubiginosus_avg.asc
ncols         409
nrows         350
xllcorner     60.897278365
yllcorner     5.843756025
cellsize      0.0892857
NODATA_value  -9999
[rows 145 to 173 of 350, columns 260 to 324 of 409]
4.913E-5 4.28924E-5 3.5896E-5 3.98458E-5 4.8609E-5 7.08582E-5 5.14749E-5 2.56185E-5 4.5067E-5 5.59787E-5 5.57886E-5 4.04632E-5 4.85023E-5 6.81731E-5 1.01324E-4 4.42983E-5 3.11815E-5 4.83345E-5 3.06198E-5 6.90727E-5 4.31616E-5 3.8887E-5 1.51192E-5 5.45355E-5 6.16917E-5 4.82282E-5 6.00114E-5 8.64418E-5 9.50937E-5 8.08842E-5 8.06171E-5 7.72823E-5 5.619E-5 1.79662E-5 1.48991E-5 2.84884E-5 6.67273E-6 3.54297E-6 9.48661E-6 3.6804E-6 1.89144E-5 5.64834E-6 2.43249E-6 4.49742E-6 3.1495E-5 8.85574E-6 8.19992E-6 1.90643E-6 4.96533E-6 2.4892E-6 1.98776E-6 2.43469E-5 5.12222E-5 2.31973E-5 9.06301E-6 4.26771E-6 2.21849E-6 4.72939E-6 1.03733E-5 9.50776E-6 5.2359E-6 1.78335E-6 1.15819E-5 2.0557E-5 4.10615E-6
3.72561E-5 1.87559E-5 1.83804E-5 3.33E-5 3.8206E-5 6.51064E-5 8.17906E-5 2.84449E-5 1.9791E-5 2.3101E-5 7.33753E-5 9.53636E-5 1.22671E-4 1.16436E-4 1.05295E-4 2.36804E-5 9.38491E-6 2.20465E-5 2.00729E-5 9.34577E-5 8.46394E-5 5.05967E-5 1.59935E-5 1.45395E-5 3.2399E-5 3.94488E-5 5.64099E-5 9.7704E-5 9.81508E-5 9.65278E-5 9.54665E-5 5.74772E-5 5.83217E-5 2.70741E-5 1.39361E-5 1.84832E-5 7.74676E-5 9.21493E-6 4.66207E-6 5.55662E-6 6.3169E-6 1.33062E-5 3.26224E-6 7.30186E-6 4.71057E-5 1.66287E-5 5.25361E-6 3.20645E-6 1.83433E-6 2.55994E-6 2.00883E-6 4.61659E-6 5.6091E-6 6.16735E-6 4.64896E-6 2.47258E-5 8.74452E-6 4.87707E-6 2.2502E-6 4.95227E-6 1.42605E-6 5.25008E-6 3.90828E-5 2.12462E-5 1.13089E-5
1.33844E-5 1.50127E-5 1.85832E-5 2.38533E-5 3.93869E-5 5.3894E-5 1.15988E-5 1.35561E-5 4.47506E-5 4.41106E-5 1.11012E-4 6.01319E-5 9.26597E-5 1.12433E-4 3.88702E-5 1.41867E-5 1.40349E-5 2.93925E-5 1.63304E-5 1.56906E-5 1.32725E-5 6.04003E-5 2.84661E-5 1.9132E-5 2.4831E-5 3.96151E-5 4.98376E-5 5.7464E-5 9.95773E-5 9.38028E-5 9.21885E-5 9.80562E-5 9.83699E-5 9.90041E-5 3.53393E-5 5.5865E-5 2.92368E-5 1.0342E-5 1.69209E-5 9.12097E-6 6.36507E-6 5.77002E-6 5.9918E-6 5.7873E-6 2.04241E-5 2.31912E-5 2.38052E-5 1.34697E-5 7.1507E-6 2.19514E-6 2.17694E-6 1.46619E-6 7.7844E-6 8.35991E-6 1.73254E-5 6.50235E-6 2.5566E-5 -9999 2.47511E-5 9.1146E-6 2.14379E-5 8.31047E-6 4.73189E-5 3.30697E-5 1.18667E-5
3.14877E-5 4.15237E-5 2.05288E-5 3.30165E-5 1.35954E-5 1.65761E-5 1.18727E-5 3.1995E-5 2.47431E-5 4.94939E-5 8.88406E-5 1.44095E-4 1.07271E-4 5.96132E-5 4.80794E-5 4.45655E-5 5.60295E-5 4.90368E-5 2.03791E-5 1.90409E-5 1.97459E-5 5.97432E-5 6.5013E-5 2.15418E-5 5.45082E-5 7.79003E-5 3.69368E-5 5.01808E-5 1.00195E-4 9.08682E-5 8.33798E-5 9.16821E-5 5.29465E-5 3.16031E-5 1.25326E-5 2.28036E-5 8.27869E-5 2.18809E-5 1.49861E-5 8.9652E-6 1.32014E-5 4.0575E-6 5.61996E-6 2.35231E-5 8.29176E-6 2.95818E-5 3.02397E-5 5.76263E-5 3.72595E-5 3.36414E-6 3.35969E-6 2.60974E-6 5.59131E-6 1.07564E-5 2.23814E-5 6.80268E-6 5.96428E-6 4.39831E-6 2.24969E-6 7.90895E-6 -9999 -9999 7.1679E-5 -9999 2.17754E-5
4.88672E-5 7.6042E-5 5.08617E-5 5.05123E-5 8.31561E-6 2.45997E-5 2.97084E-5 3.84607E-5 4.08581E-5 6.00892E-5 1.7674E-4 8.24818E-5 8.77062E-5 5.98355E-5 7.76753E-5 9.11068E-5 7.42857E-5 1.27194E-5 3.81914E-5 4.09987E-5 3.37361E-5 4.51173E-5 7.58644E-5 9.13573E-5 7.91968E-5 6.15931E-5 1.52197E-5 6.85893E-6 2.46039E-5 4.62735E-5 8.89817E-5 4.47129E-5 2.84399E-5 5.8907E-6 8.75796E-6 3.17415E-5 1.79402E-5 7.79224E-6 8.37446E-6 1.16865E-5 1.12137E-5 3.06004E-5 7.82036E-6 1.29057E-5 9.61638E-6 7.94038E-6 8.06758E-6 2.23445E-5 1.54147E-5 1.19795E-5 8.51186E-6 1.56858E-5 9.59246E-6 7.87401E-6 2.94581E-5 1.82286E-5 4.17302E-6 9.80814E-6 2.39825E-6 2.12157E-6 3.21749E-6 2.64069E-6 5.63574E-6 -9999 3.66379E-5
7.4321E-5 5.67563E-5 6.87169E-5 6.63583E-5 1.59794E-5 4.14391E-5 7.95403E-5 5.78419E-5 6.81495E-5 8.00474E-5 6.53807E-5 1.07539E-4 4.31935E-5 5.05005E-5 7.51551E-5 1.33241E-4 9.06736E-5 7.94849E-5 2.22727E-5 5.52241E-5 7.02809E-5 6.83763E-5 6.37231E-5 5.51268E-5 4.81343E-5 5.12324E-5 3.19448E-5 9.23744E-6 3.47721E-5 1.11836E-5 1.57712E-5 3.79633E-5 2.75207E-5 4.98434E-5 7.62119E-5 1.24844E-5 8.77447E-6 1.74256E-5 1.68871E-5 5.02511E-6 3.64836E-6 9.10338E-6 3.4328E-6 1.2838E-5 4.55417E-5 4.05963E-5 1.94382E-5 1.4287E-5 4.82545E-6 6.59976E-5 1.30274E-5 6.88058E-6 2.4689E-6 7.9525E-6 4.52508E-5 1.71404E-5 2.44495E-5 1.92683E-5 2.94426E-6 8.45485E-6 2.85946E-6 6.05821E-6 2.54368E-6 1.57537E-5 -9999
5.66394E-5 6.96512E-5 7.97534E-5 3.15221E-5 5.7211E-5 4.56016E-5 5.06976E-5 1.11695E-4 1.34755E-4 2.03528E-4 7.34472E-5 9.13241E-5 5.72222E-5 9.28608E-6 1.42517E-5 3.28125E-5 9.04755E-5 1.67403E-4 3.56993E-5 4.17936E-5 3.90897E-5 5.73559E-5 6.01908E-5 9.06047E-5 9.65182E-5 7.97985E-5 4.02877E-5 7.9394E-5 7.94602E-5 1.29241E-5 3.45601E-6 4.22668E-6 6.92559E-6 6.18833E-6 2.87813E-5 8.0129E-5 1.03552E-5 9.5048E-6 5.62068E-6 5.9318E-6 5.1724E-6 5.47075E-6 1.41709E-5 2.86997E-5 6.48121E-6 4.43114E-6 2.22952E-5 1.1725E-5 1.01176E-5 3.57817E-5 4.63408E-5 1.87236E-5 4.40036E-6 9.5576E-6 1.05555E-5 1.98768E-5 1.56987E-5 5.3153E-5 3.08708E-5 3.32944E-5 5.0071E-6 3.04978E-6 3.25031E-6 2.61776E-6 4.17602E-6
4.74098E-5 4.37149E-5 4.00772E-5 3.28518E-5 4.44693E-5 4.38174E-5 7.37364E-5 7.61818E-5 5.47295E-5 1.43143E-4 1.34728E-4 1.46492E-4 1.40755E-4 1.12343E-4 1.13186E-4 8.82876E-5 9.36897E-5 6.40656E-5 8.40306E-6 2.74128E-5 1.68372E-5 2.712E-5 6.16038E-5 9.81973E-5 9.92472E-5 6.29872E-5 6.12474E-5 2.0664E-5 1.41741E-5 2.96611E-5 1.76961E-5 4.9467E-6 4.63207E-6 4.13613E-6 8.49335E-6 1.47845E-5 5.70399E-6 6.83793E-6 3.69675E-6 5.54582E-6 3.44478E-6 6.83493E-6 1.65211E-5 2.9852E-6 5.96675E-6 3.0111E-5 2.07685E-5 1.20204E-5 2.06391E-5 1.45026E-5 8.36264E-5 7.07049E-6 3.13977E-6 2.68857E-6 5.4025E-6 3.95731E-6 6.59453E-6 3.47344E-6 1.07045E-5 7.38711E-6 5.00824E-6 2.01364E-6 2.41847E-6 3.5388E-6 4.04524E-6
4.05611E-5 3.82497E-5 2.39918E-5 4.5606E-5 5.13967E-5 2.66126E-5 8.71147E-5 4.70177E-5 7.77836E-5 1.00148E-4 9.05586E-5 8.17907E-5 8.81501E-5 1.34893E-4 1.27653E-4 2.97661E-5 4.50907E-5 7.60855E-5 1.95257E-5 4.41881E-5 2.37747E-5 1.64661E-5 5.02657E-5 7.7598E-5 9.58129E-5 1.01447E-4 1.014E-4 9.1452E-5 3.98928E-5 5.3973E-5 7.79586E-5 1.55462E-5 4.45999E-6 4.49117E-6 2.9511E-6 6.51078E-6 9.33112E-6 6.91313E-6 3.78659E-6 7.00294E-6 4.8391E-6 1.67415E-5 3.20412E-6 2.35477E-6 2.95283E-6 5.62202E-6 4.59065E-5 1.34662E-5 6.97814E-6 2.41665E-5 4.54671E-5 1.21107E-5 2.55447E-5 5.04538E-6 4.72803E-6 1.97321E-5 8.15257E-6 2.98778E-6 3.31251E-6 6.98597E-6 4.5409E-6 9.57033E-6 6.21223E-6 1.56026E-6 1.42893E-6
3.28263E-5 3.54068E-5 1.81368E-5 4.13102E-5 6.07437E-5 8.30603E-5 4.70888E-5 4.03668E-5 9.15631E-5 1.27424E-4 1.18308E-4 5.82214E-5 9.9071E-5 1.302E-4 5.24255E-5 1.90216E-5 3.01819E-5 3.50815E-5 2.37192E-5 6.87386E-5 1.54519E-5 1.65685E-5 1.57447E-5 3.54839E-5 1.01369E-4 1.021E-4 5.0592E-5 6.88659E-5 5.06341E-5 7.56855E-5 6.87626E-5 4.59179E-5 6.89731E-5 4.59073E-6 3.53463E-6 6.77834E-6 4.53173E-6 4.82288E-6 4.81438E-6 2.47559E-6 2.47294E-6 5.62062E-6 3.82078E-6 2.76884E-6 3.3137E-6 6.92026E-6 2.69906E-5 1.95413E-5 8.84529E-6 1.75375E-5 3.67636E-5 5.28187E-5 4.43674E-5 3.55804E-5 9.1089E-6 4.99635E-6 9.25374E-6 6.33265E-6 1.20121E-5 1.95794E-5 8.28798E-6 7.44252E-6 7.50929E-6 6.7264E-6 2.78865E-6
3.04276E-5 4.43845E-5 4.17351E-5 4.7982E-5 8.44207E-5 5.36134E-5 5.8946E-5 9.03503E-5 7.9271E-5 1.14068E-4 1.69138E-4 1.01412E-4 8.0521E-5 6.34552E-5 1.85662E-5 6.98609E-5 3.35492E-5 5.28604E-5 2.28499E-5 7.0619E-5 1.2923E-5 1.10276E-5 2.20191E-5 2.69822E-5 1.02058E-4 1.02657E-4 1.03584E-4 1.05368E-4 5.60879E-5 7.36297E-5 8.09066E-5 9.27609E-5 6.05816E-5 8.35077E-6 3.97098E-6 2.24348E-6 3.94E-6 3.36038E-6 3.99784E-6 1.09765E-5 2.23801E-5 1.31556E-5 9.65098E-6 4.65698E-6 4.46045E-6 8.12854E-6 6.40486E-6 1.05262E-5 1.61286E-5 7.50118E-6 5.38667E-6 3.29536E-5 3.35973E-5 7.56715E-6 6.78952E-6 4.84701E-6 7.23495E-6 5.64681E-6 9.01817E-6 3.63609E-5 1.19812E-5 9.21684E-6 7.18382E-6 1.52842E-5 1.39574E-5
1.80293E-5 2.84638E-5 4.62087E-5 4.34267E-5 3.64164E-5 4.12642E-5 1.53459E-5 3.90351E-5 3.15671E-5 2.68324E-5 2.91751E-5 3.1487E-5 8.82713E-5 5.63086E-5 3.57494E-5 8.28603E-5 3.895E-5 2.20562E-5 1.28055E-5 4.77345E-5 7.84431E-5 3.67715E-5 4.69506E-5 8.18156E-5 1.02425E-4 1.03433E-4 6.68986E-5 9.44842E-5 4.01391E-5 4.3338E-5 2.35519E-5 7.76258E-6 5.36277E-6 6.61772E-6 5.69561E-6 8.16358E-6 1.3017E-5 5.32295E-6 4.22145E-6 3.25541E-5 2.21509E-5 3.88021E-5 2.2983E-5 8.51446E-6 4.49126E-6 2.87385E-6 3.85799E-6 8.71131E-6 1.36742E-5 8.48935E-6 3.30093E-6 4.14932E-5 6.71094E-6 3.78479E-5 4.33491E-5 1.02856E-5 7.74309E-6 5.6837E-6 2.41688E-6 1.41978E-5 8.92502E-6 3.2001E-6 4.02952E-6 5.14829E-6 6.67579E-6
3.19588E-5 1.80439E-5 2.19549E-5 5.90055E-5 3.50603E-5 4.49905E-5 3.09749E-5 6.47871E-5 2.23715E-5 1.08551E-5 1.06718E-5 3.19895E-5 8.50067E-5 4.75685E-5 7.10218E-5 8.38078E-5 5.56189E-5 1.98442E-5 5.04246E-5 6.511E-5 8.30979E-5 9.112E-5 5.00107E-5 5.38382E-5 9.23234E-5 7.32287E-5 6.53618E-5 9.5115E-5 9.30165E-5 2.48855E-5 6.17353E-6 6.38012E-6 2.22955E-6 6.31907E-6 2.46124E-6 3.55875E-6 1.35249E-5 4.80469E-6 3.00787E-6 5.81694E-6 6.06503E-6 1.85271E-5 8.48395E-6 6.91477E-6 2.36631E-6 2.22309E-6 2.23289E-6 3.20905E-6 1.08037E-5 5.19943E-6 1.46918E-6 7.96721E-6 1.26618E-5 2.75406E-5 4.79614E-5 3.76446E-6 8.47151E-6 7.15481E-6 3.30317E-6 5.09834E-6 1.90246E-6 2.00541E-6 2.34678E-6 6.25909E-6 3.98928E-6
2.91145E-5 1.30448E-5 3.14889E-5 4.03701E-5 5.37909E-5 6.62927E-5 5.70981E-5 4.80894E-5 3.79037E-5 1.72864E-5 3.15378E-5 6.43863E-5 7.20962E-5 7.40509E-5 7.02284E-5 5.5739E-5 3.88815E-5 1.5339E-5 1.97231E-5 6.78727E-5 3.85208E-5 2.85433E-5 5.46464E-5 2.5719E-5 2.29296E-5 3.49213E-5 3.9957E-5 4.21276E-5 4.96368E-5 2.49765E-5 1.0399E-5 1.37714E-5 8.89356E-6 6.90085E-6 2.88449E-6 2.30709E-6 3.87156E-6 2.38294E-6 2.26877E-6 2.50393E-6 7.32881E-6 5.65312E-6 7.83252E-6 3.22008E-6 2.22421E-6 2.46114E-6 3.9802E-6 4.44531E-6 3.6493E-6 2.57468E-6 4.01093E-6 1.68568E-6 1.1144E-5 3.96147E-5 2.80739E-5 9.14584E-6 5.75671E-6 4.75266E-6 2.29716E-6 5.27895E-6 5.45285E-6 2.80574E-6 3.80869E-6 4.04115E-6 5.47208E-6
3.00939E-5 2.5199E-5 5.17049E-5 8.53849E-5 8.87735E-5 5.86283E-5 6.73221E-5 6.97214E-5 5.50875E-5 2.61897E-5 3.54245E-5 1.00193E-4 5.5787E-5 8.97501E-5 1.07507E-4 5.42099E-5 5.75894E-5 5.15059E-5 4.34728E-5 3.32421E-5 5.45401E-5 2.5782E-5 7.59412E-5 5.66313E-5 4.06767E-5 1.70401E-5 2.3288E-5 1.06394E-5 1.60308E-5 1.69823E-5 6.82625E-6 4.98482E-6 7.7478E-6 4.22318E-6 5.49083E-6 8.18421E-6 5.22596E-6 5.48899E-6 3.37924E-6 2.79559E-6 2.61486E-6 5.11302E-6 4.59141E-6 2.21683E-6 2.46744E-6 3.89836E-6 5.21539E-6 4.3429E-6 5.57544E-6 8.24438E-6 3.54908E-6 3.24713E-6 1.03769E-5 8.93085E-6 2.98874E-5 1.41388E-5 7.76434E-6 5.0345E-6 1.04264E-5 4.49456E-6 3.6027E-5 1.41381E-5 8.2235E-6 9.99487E-6 5.13354E-6
8.67013E-5 1.15351E-4 1.51285E-4 8.30434E-5 5.66202E-5 7.42092E-5 7.37769E-5 6.76189E-5 1.89961E-5 2.86408E-5 1.18059E-4 8.69222E-5 5.42804E-5 8.66713E-5 8.75096E-5 8.68983E-5 2.67072E-5 1.32004E-5 3.71109E-5 5.13737E-5 4.79625E-5 8.41862E-5 5.3129E-5 9.32434E-5 8.92383E-5 3.37234E-5 2.4932E-5 1.53971E-5 3.4498E-5 1.07124E-5 4.32194E-6 7.00425E-6 8.27737E-6 5.06205E-6 3.88111E-6 3.80718E-6 2.58675E-6 3.8608E-6 2.10905E-6 1.55008E-6 1.90598E-6 3.5291E-6 1.55712E-6 1.4435E-6 2.54162E-6 2.46017E-6 2.51109E-6 1.35218E-5 4.44779E-6 2.71085E-6 6.12387E-6 3.108E-6 4.48947E-6 1.56887E-5 1.46731E-5 1.1082E-5 6.64731E-6 9.48289E-6 8.27206E-6 2.72048E-6 8.02242E-6 3.52892E-6 2.73767E-6 9.70726E-6 6.78384E-6
5.90509E-5 7.01772E-5 4.78932E-5 1.02957E-4 9.13926E-5 1.05898E-4 1.16887E-4 7.13742E-5 2.10007E-5 9.68788E-5 5.83278E-5 6.85199E-5 1.07104E-4 9.35216E-5 9.19571E-5 7.76866E-5 2.99324E-5 1.7445E-5 1.82441E-5 2.81715E-5 9.9123E-5 7.7564E-5 7.13426E-5 4.66018E-5 4.83623E-5 5.6306E-5 5.18464E-5 2.13439E-5 3.25517E-5 1.7651E-5 6.66278E-6 1.18106E-5 1.46751E-5 1.19144E-5 4.58677E-6 2.17444E-6 4.01694E-6 1.52376E-6 1.10541E-6 4.17148E-6 9.37683E-6 1.22559E-5 4.08901E-6 1.7048E-6 2.51529E-6 5.20285E-6 4.31525E-6 7.11388E-5 1.66034E-5 6.26008E-6 4.80279E-6 3.04908E-6 6.50166E-6 6.08854E-6 5.68286E-5 2.50274E-5 6.24052E-6 5.69019E-6 1.28628E-5 4.90668E-6 6.71529E-6 4.21239E-6 4.17965E-6 5.76597E-6 3.69672E-5
3.20161E-5 4.26905E-5 1.06008E-4 5.58437E-5 7.82821E-5 5.00563E-5 7.7285E-5 6.96016E-5 4.86721E-5 1.21885E-4 5.73288E-5 6.28363E-5 8.79889E-5 8.44686E-5 4.69231E-5 2.6463E-5 6.00542E-5 8.59279E-5 1.42727E-5 2.41324E-5 4.67028E-5 3.79785E-5 8.91188E-5 8.52929E-5 3.45955E-5 7.93241E-5 6.87523E-5 6.60009E-5 1.34695E-5 1.82183E-5 6.90723E-6 5.6435E-6 8.92172E-6 1.10452E-5 4.06137E-6 1.59666E-6 2.16749E-6 1.44396E-6 2.82803E-6 5.92221E-6 1.34813E-6 2.60886E-6 3.4937E-6 2.83395E-6 2.01761E-6 3.07334E-6 2.0223E-5 1.15013E-4 1.7372E-5 4.54845E-6 6.87194E-6 4.08192E-5 1.78441E-5 3.64458E-6 1.49404E-5 5.52562E-5 1.2657E-5 1.60406E-5 3.60971E-5 1.20352E-5 4.04156E-6 8.14571E-6 3.85854E-6 2.21368E-6 2.37847E-5
3.86548E-5 7.0055E-5 4.6434E-5 1.08494E-4 4.67619E-5 9.36428E-5 6.29651E-5 6.82972E-5 7.25249E-5 6.37636E-5 4.42874E-5 8.65308E-5 6.54117E-5 1.36087E-4 9.62435E-5 1.0859E-4 1.98359E-4 9.99929E-5 1.6851E-5 2.48904E-5 4.69135E-5 2.96239E-5 3.49088E-5 1.56698E-5 2.42277E-5 5.37611E-5 3.63234E-5 3.29616E-5 2.04992E-5 3.29106E-5 1.31355E-5 5.88161E-6 5.66707E-6 1.29741E-5 8.94696E-6 1.07646E-5 2.68547E-6 5.48542E-6 3.36045E-6 1.36358E-6 1.54693E-6 1.36988E-6 1.86658E-5 4.6497E-6 3.35411E-6 2.03202E-5 1.90512E-5 4.57435E-5 8.1947E-6 3.04083E-6 4.79438E-6 7.51396E-6 5.64333E-5 5.18323E-6 5.51527E-6 1.02005E-5 2.24826E-5 2.31654E-6 2.38205E-6 9.71011E-6 2.64425E-6 7.36571E-6 2.58122E-6 1.89866E-6 1.08403E-5
3.63153E-5 2.72671E-5 6.99677E-5 1.35787E-4 3.39273E-5 3.1653E-5 2.33215E-5 1.43011E-5 1.7264E-5 3.76581E-5 3.78376E-5 1.17416E-4 1.00414E-4 1.76567E-4 2.27484E-4 1.25582E-4 1.51162E-4 1.90029E-4 8.64851E-5 5.00616E-5 4.52738E-5 6.27444E-5 2.02621E-5 1.65168E-5 3.24082E-5 1.39861E-5 2.49939E-5 4.28033E-5 8.2383E-6 2.66388E-5 1.31499E-5 6.94609E-6 1.93407E-5 5.20527E-6 6.79002E-6 1.8057E-5 5.01866E-6 3.99284E-6 2.32389E-6 3.54659E-6 2.88197E-6 1.88892E-6 9.15465E-6 2.88042E-6 7.15305E-6 7.41075E-6 6.40716E-6 6.42294E-6 5.39914E-6 7.32051E-6 8.84304E-6 8.36922E-6 2.11357E-5 6.86626E-6 3.49299E-6 3.8888E-6 9.82418E-6 1.32339E-5 1.31219E-6 5.76775E-6 3.32519E-5 1.79361E-5 5.28723E-6 5.57501E-6 3.12221E-5
7.51036E-5 1.05006E-4 7.52356E-5 5.97116E-5 6.90156E-5 2.98712E-5 2.04204E-5 2.28278E-5 1.35816E-5 3.4805E-5 2.89996E-5 4.1366E-5 9.89703E-5 6.56738E-5 1.29239E-4 1.94112E-4 1.63206E-4 1.32972E-4 2.74877E-4 9.46564E-5 3.08912E-5 4.72168E-5 5.99408E-5 2.38585E-5 5.08357E-5 4.51894E-5 8.59531E-6 1.03359E-5 5.28362E-5 4.33729E-5 2.72717E-5 6.45077E-6 1.96713E-5 1.30245E-5 9.49358E-6 2.29711E-5 6.27862E-6 2.3228E-6 4.17368E-6 1.27212E-6 2.16745E-6 3.21326E-6 1.12897E-5 7.45257E-6 1.27817E-5 6.36286E-6 6.07321E-6 9.97863E-6 3.78424E-6 5.86722E-6 5.55963E-6 7.31433E-6 1.82345E-6 2.32139E-6 6.66498E-6 1.03236E-5 1.41096E-5 4.86505E-5 2.16585E-6 8.1014E-6 2.29533E-5 2.14937E-5 3.66563E-5 1.82154E-5 -9999
5.51755E-5 3.09204E-5 3.496E-5 3.13217E-5 2.22267E-5 3.98791E-5 4.42303E-5 4.81475E-5 7.23948E-5 6.28541E-5 6.50044E-5 9.59454E-5 9.16255E-5 1.02795E-4 1.32741E-4 1.29098E-4 7.56559E-5 7.14969E-5 1.57384E-4 9.08595E-5 9.656E-5 2.30492E-5 2.76892E-5 2.9878E-5 2.1317E-5 2.79023E-5 3.05374E-5 4.08774E-5 5.62658E-5 2.91999E-5 2.44767E-5 1.46356E-5 1.00132E-5 4.6515E-6 4.92882E-6 3.98506E-6 3.9441E-6 7.17108E-6 5.36779E-6 3.06675E-6 4.11808E-6 4.73694E-6 8.99814E-6 1.40846E-5 2.53226E-5 2.07167E-5 1.58035E-5 2.3513E-5 8.26592E-6 2.40536E-6 2.98775E-6 4.8156E-6 1.77843E-6 1.26498E-6 5.42392E-6 1.4493E-5 8.688E-6 2.16127E-5 1.43358E-5 1.12953E-5 1.04555E-5 1.3387E-5 1.91031E-5 2.28144E-5 -9999
3.981E-5 2.47227E-5 5.8162E-5 1.75282E-5 1.54682E-5 2.23895E-5 4.65438E-5 3.01261E-5 4.58652E-5 6.02025E-5 6.08741E-5 9.13013E-5 8.82836E-5 1.00277E-4 9.06635E-5 6.40413E-5 7.41008E-5 1.57945E-4 1.00418E-4 5.90319E-5 8.77078E-5 5.02486E-5 1.90714E-5 1.12799E-5 1.83981E-5 1.57462E-5 2.0648E-5 3.816E-5 2.73412E-5 4.05832E-5 2.39523E-5 2.18634E-5 6.6072E-5 1.3003E-5 1.6502E-5 7.74232E-6 9.64514E-6 1.74672E-5 7.26117E-6 9.08059E-6 2.49804E-5 2.87563E-5 2.47757E-5 3.17741E-5 1.51239E-5 3.82368E-5 4.71585E-6 4.79526E-6 7.10299E-6 1.83188E-6 4.27726E-6 2.82604E-6 3.46425E-6 4.03132E-6 2.90796E-5 1.26274E-5 2.79958E-5 8.59792E-6 1.41038E-5 9.26747E-6 9.52111E-6 1.23195E-5 1.67145E-5 3.88478E-5 5.7281E-5
3.76032E-5 5.33344E-5 3.8715E-5 1.39289E-4 7.55983E-5 7.45253E-5 7.16229E-5 4.26101E-5 6.18213E-5 1.06382E-4 1.43026E-4 1.07364E-4 5.5633E-5 1.01808E-4 7.42927E-5 2.94686E-5 2.15497E-5 5.42622E-5 3.13739E-5 8.76259E-5 6.62325E-5 1.50714E-5 5.7104E-5 3.93514E-5 4.91974E-5 4.80717E-5 8.1696E-6 1.04974E-5 4.53562E-5 4.07771E-5 2.55244E-5 2.8771E-5 2.11782E-5 3.38286E-5 3.06366E-5 8.17865E-6 1.10513E-5 2.35753E-5 6.56593E-6 3.24067E-6 9.21879E-6 6.29315E-5 6.3549E-5 6.56298E-5 5.08717E-5 -9999 3.15318E-6 1.53828E-6 2.72457E-6 2.97891E-6 4.57934E-6 1.34082E-5 6.09472E-6 1.13678E-5 2.35415E-5 7.65835E-6 7.86688E-6 1.17204E-5 6.82832E-6 6.99715E-6 4.99023E-6 1.46652E-5 1.6559E-5 3.95056E-5 -9999
4.72753E-5 5.82568E-5 6.64842E-5 1.35243E-4 1.14362E-4 7.49044E-5 7.97967E-5 1.01897E-4 1.12602E-4 5.29081E-5 1.27837E-4 1.22747E-4 1.01796E-4 9.75185E-5 4.92715E-5 6.47029E-5 4.12878E-5 5.68672E-5 4.68551E-5 4.32919E-5 2.96445E-5 2.44561E-5 6.47013E-5 6.24699E-5 5.20071E-5 5.31047E-5 5.38777E-5 5.4682E-5 8.84323E-6 2.48501E-5 6.03934E-6 6.8902E-6 3.18244E-5 1.08795E-5 9.52929E-6 1.80585E-5 7.35756E-6 1.69635E-5 3.84678E-6 2.37699E-6 1.66491E-5 9.80736E-6 2.03969E-5 2.02947E-5 -9999 4.19141E-5 2.72817E-6 2.02034E-6 1.88408E-6 2.2168E-6 -9999 -9999 9.59355E-6 1.12168E-5 9.24363E-6 1.36775E-5 8.11948E-6 1.19458E-5 9.39073E-6 5.52763E-6 1.06639E-5 9.5067E-6 1.40937E-5 4.11042E-5 5.86127E-5
3.14498E-5 3.4588E-5 4.26782E-5 2.68772E-5 3.14162E-5 6.85819E-5 1.04024E-4 1.27966E-4 6.36968E-5 1.06022E-4 5.29762E-5 6.13714E-5 3.63024E-5 9.45938E-5 3.94952E-5 4.44631E-5 4.6017E-5 9.50686E-5 3.70138E-5 5.45352E-5 4.73294E-5 1.17022E-5 4.07251E-5 5.27364E-5 5.29583E-5 8.0762E-5 8.41182E-5 9.28068E-5 1.03179E-5 2.2612E-5 3.81136E-5 8.65577E-6 1.79187E-5 1.6694E-5 6.39907E-6 5.29015E-6 2.47113E-5 8.82369E-6 7.03886E-6 1.63224E-5 5.14286E-6 3.29654E-6 3.5412E-6 -9999 -9999 -9999 3.97207E-6 3.96208E-6 1.16002E-6 3.7002E-6 3.14775E-6 -9999 6.89177E-6 1.03921E-5 8.03667E-6 -9999 1.08388E-5 6.80845E-6 -9999 5.69958E-6 -9999 -9999 1.54688E-5 2.70711E-5 -9999
7.47626E-5 3.02144E-5 2.7194E-5 2.4184E-5 1.59771E-5 8.65191E-5 1.30047E-4 9.40727E-5 6.758E-5 6.71835E-5 4.79907E-5 5.80714E-5 6.28029E-5 1.17E-4 5.45859E-5 7.57835E-5 8.33349E-5 9.92398E-5 4.88257E-5 6.74624E-5 2.09342E-5 1.84823E-5 6.69393E-5 8.49066E-5 8.03134E-5 8.00419E-5 5.15878E-5 1.89424E-5 8.88369E-6 8.90312E-6 2.84714E-5 1.94333E-5 1.77519E-5 1.71352E-5 9.28625E-6 2.92842E-5 9.96786E-6 6.52233E-6 6.49543E-6 2.07275E-5 5.19752E-6 7.82724E-6 -9999 -9999 -9999 1.99061E-5 4.52871E-6 1.61963E-6 -9999 -9999 4.62353E-6 -9999 5.3174E-6 3.77232E-6 3.65849E-6 -9999 -9999 9.48291E-6 -9999 7.08736E-6 -9999 1.19577E-5 -9999 -9999 -9999
6.26611E-5 1.2171E-5 3.85189E-5 5.98983E-5 6.08484E-5 1.1442E-4 8.50275E-5 1.08062E-4 6.89618E-5 5.4497E-5 9.99715E-5 5.97144E-5 1.03373E-4 9.36753E-5 2.67889E-5 3.52342E-5 3.82375E-5 8.11982E-5 2.6124E-5 5.41768E-5 3.2328E-5 2.58432E-5 8.9033E-5 5.29369E-5 4.83237E-5 5.04569E-5 2.69726E-5 9.05935E-6 1.03113E-5 1.04841E-5 2.0931E-5 1.64099E-5 4.94189E-6 6.0145E-6 1.01373E-5 3.66148E-5 7.16294E-6 4.65201E-6 6.76966E-6 2.66316E-5 3.1083E-5 -9999 -9999 -9999 7.16102E-6 -9999 2.60153E-6 -9999 -9999 1.01154E-5 -9999 -9999 -9999 3.66797E-6 5.43925E-6 4.81695E-6 -9999 -9999 -9999 -9999 -9999 -9999 -9999 -9999 -9999
5.55945E-5 2.88993E-5 9.83045E-6 9.69219E-5 1.16367E-4 5.20652E-5 1.46512E-4 5.8932E-5 2.85075E-5 6.0134E-5 1.37149E-4 1.16096E-4 1.05639E-4 5.40556E-5 4.21723E-5 6.17855E-5 5.14699E-5 6.273E-5 2.10345E-5 7.71947E-6 1.93126E-5 7.72067E-6 4.12727E-5 4.34853E-5 4.46933E-5 5.08949E-5 8.86537E-6 6.31668E-6 1.36464E-5 5.38057E-6 3.78079E-6 4.39717E-6 7.32119E-6 9.85849E-6 6.94528E-6 9.01874E-6 2.90734E-5 -9999 -9999 -9999 -9999 -9999 -9999 -9999 -9999 -9999 -9999 -9999 -9999 7.55429E-6 -9999 -9999 -9999 -9999 -9999 -9999 -9999 -9999 -9999 -9999 -9999 -9999 -9999 -9999 -9999
