catData/rasterBestHybridModels/Prubiginosus/RD_BM01_RM1_L/Prubiginosus_min.asc
ncols         409
nrows         350
xllcorner     60.897278365
yllcorner     5.843756025
cellsize      0.0892857
NODATA_value  -9999
[rows 174 to 202 of 350, columns 198 to 263 of 409]
2.39326E-4 1.376E-4 8.23443E-5 7.34307E-6 1.37736E-5 1.41097E-4 2.03223E-4 2.31784E-4 1.14641E-4 1.99396E-4 1.83407E-4 2.35097E-4 3.72688E-5 5.46976E-5 2.39567E-6 1.36625E-5 2.85287E-6 5.63291E-5 7.12482E-6 9.64213E-7 5.04123E-7 4.42462E-7 2.93798E-5 7.65986E-5 7.69849E-5 2.88963E-4 1.91634E-5 2.63124E-6 2.16451E-5 4.55549E-5 3.95892E-5 1.96541E-5 4.39326E-5 2.57166E-5 2.33593E-5 5.76894E-5 6.85762E-5 5.48963E-5 6.99601E-6 3.21394E-6 7.6463E-6 2.92798E-6 9.35883E-6 4.9389E-5 1.434E-5 7.5559E-5 2.39331E-5 3.1609E-5 1.07312E-5 1.51475E-5 1.32039E-5 8.55433E-7 4.02822E-7 3.21537E-7 9.80539E-6 5.08308E-5 7.80974E-5 3.91092E-5 4.99423E-5 2.5403E-5 3.77775E-6 9.19047E-8 1.73986E-7 9.31836E-5 3.91431E-5 1.89857E-5
2.20374E-5 1.03654E-4 1.34268E-5 1.52675E-6 1.68274E-5 9.98562E-6 1.25079E-6 4.72174E-6 3.24958E-5 5.69749E-5 4.02546E-5 3.21792E-6 6.85073E-6 1.51229E-5 6.26332E-6 1.1012E-5 4.31656E-5 4.84563E-5 3.33788E-5 8.0482E-7 2.3718E-7 1.68377E-7 1.50583E-5 4.54579E-5 1.0357E-4 2.29317E-5 8.66564E-6 1.02263E-5 1.19117E-5 3.03731E-5 2.64404E-5 2.18306E-5 2.57379E-5 3.73747E-5 2.56626E-5 1.68726E-5 7.04173E-5 7.3175E-5 1.6547E-6 1.26646E-5 5.94428E-5 1.76852E-5 9.43836E-5 7.97102E-5 7.96821E-5 3.78191E-5 1.27591E-5 8.17278E-6 7.2429E-6 2.59614E-5 5.48971E-6 4.08898E-5 3.29024E-6 5.88282E-6 5.14819E-5 6.37674E-5 8.35885E-6 3.52385E-7 7.33035E-8 3.45594E-7 1.78727E-7 4.6898E-7 5.45354E-7 1.8869E-5 4.87319E-5 2.862E-5
1.67257E-6 7.24564E-5 1.85335E-5 3.12185E-6 7.7423E-7 2.77613E-7 3.89525E-7 1.657E-6 3.21701E-7 3.17017E-7 2.8899E-7 1.13187E-7 2.01728E-5 1.66272E-5 2.65451E-6 1.70006E-6 1.04121E-4 8.3411E-5 7.4617E-5 2.88795E-5 1.87609E-7 1.47965E-6 7.38979E-5 1.00673E-4 2.77791E-4 5.79778E-5 1.27431E-4 3.57298E-5 3.7521E-5 3.7666E-5 2.14551E-5 4.80544E-5 2.88737E-5 2.67675E-5 4.56932E-5 1.57371E-5 7.43771E-6 7.71151E-7 2.7402E-6 1.82264E-5 1.77254E-5 5.8298E-5 9.15216E-5 1.98924E-5 4.63843E-5 4.03547E-5 1.11873E-5 5.29682E-5 4.28569E-5 2.67699E-5 8.34262E-6 1.16271E-5 5.26743E-7 7.92084E-6 6.41168E-5 5.07735E-5 4.53687E-7 5.66665E-8 5.63545E-8 8.65142E-8 1.42014E-5 6.4536E-5 4.40671E-5 1.25322E-4 3.98834E-5 2.67879E-5
4.26451E-5 5.07609E-5 3.91009E-6 1.55411E-7 1.18635E-5 1.42291E-5 4.46608E-5 2.19731E-5 1.07934E-5 1.57684E-6 6.14007E-8 5.82596E-8 4.97743E-6 6.0068E-6 1.3577E-5 7.96223E-5 5.30259E-5 2.04725E-5 1.23756E-4 4.23391E-5 4.46184E-6 1.71409E-5 1.38548E-4 1.52756E-4 1.14347E-4 4.6264E-5 4.68742E-5 4.532E-5 5.25227E-5 2.40384E-5 1.31194E-5 4.46673E-5 3.99667E-5 3.64755E-5 4.43085E-5 1.76688E-5 1.26808E-5 1.16095E-7 1.65533E-6 3.66864E-6 6.39602E-6 4.40819E-5 2.90244E-5 2.97741E-5 1.11738E-5 4.60336E-5 5.62271E-5 5.4111E-5 3.16958E-5 9.02822E-6 2.12252E-6 2.87385E-5 1.06483E-5 1.03256E-5 6.24188E-5 3.02426E-5 8.10772E-8 1.22714E-7 3.38256E-8 8.42103E-7 2.06043E-5 7.63565E-5 6.44812E-5 5.14751E-5 3.45699E-5 2.50226E-5
1.30688E-4 5.75871E-5 4.0305E-5 6.8574E-5 8.49141E-5 8.65058E-5 5.40292E-5 2.14368E-5 6.01307E-5 8.34102E-6 1.36824E-7 2.7534E-6 2.88529E-5 7.57154E-5 6.97591E-5 2.44347E-5 1.40989E-5 6.94046E-7 6.52979E-5 1.3515E-4 1.89783E-5 6.83914E-5 3.87413E-5 4.98956E-5 1.57359E-4 1.86058E-5 4.07427E-5 4.51146E-5 4.03791E-5 8.21136E-6 1.71089E-5 2.93717E-5 4.88058E-6 7.26228E-6 1.03329E-6 1.77361E-5 1.47222E-5 2.34765E-6 7.20877E-6 3.42693E-6 3.91254E-5 4.23654E-5 5.80988E-5 5.28782E-5 1.34474E-5 2.31189E-6 7.96787E-7 7.36394E-6 3.81298E-5 9.79203E-6 7.96607E-6 7.57634E-5 8.79159E-6 5.64524E-5 6.0676E-5 3.52157E-5 1.36426E-7 6.7745E-8 5.20222E-8 5.6957E-6 8.02916E-5 1.27686E-4 5.56661E-5 6.32921E-5 3.83369E-5 2.60223E-5
9.53491E-5 6.08903E-5 1.26501E-4 3.77516E-5 5.16261E-6 6.34552E-5 6.34815E-5 3.70615E-5 3.18925E-6 2.11894E-5 3.01982E-5 2.52067E-5 2.9501E-5 1.48713E-5 1.49497E-5 1.77603E-5 2.83989E-6 1.21724E-5 1.05052E-4 1.28136E-4 5.89664E-5 1.14263E-4 1.9275E-5 6.06533E-5 1.03664E-5 2.20345E-5 3.52799E-5 1.46605E-5 5.96256E-6 2.00854E-6 1.79529E-6 1.85753E-7 4.72732E-7 8.45375E-6 1.42208E-6 1.91464E-6 2.49676E-6 6.17503E-6 8.09671E-6 3.76323E-6 5.62962E-6 1.35534E-5 1.04078E-5 2.91353E-5 3.82953E-5 3.3982E-5 1.69338E-6 1.92669E-6 1.19412E-5 1.39707E-5 3.88278E-5 2.045E-5 3.46479E-5 6.24009E-5 1.24758E-5 9.02113E-8 3.77686E-8 4.11603E-8 3.28186E-7 2.04622E-5 6.98688E-5 4.34663E-5 1.06039E-4 1.9501E-5 3.37706E-5 4.76584E-5
6.90148E-4 1.6709E-4 5.11803E-4 1.13593E-4 1.49316E-5 8.45925E-5 2.94687E-5 6.87333E-5 7.17662E-5 7.83825E-5 7.40688E-5 1.94689E-5 1.00998E-5 1.52863E-4 1.36853E-5 1.05012E-5 3.32463E-5 5.53765E-5 8.09123E-5 1.187E-4 4.74114E-5 1.48314E-4 4.53597E-5 1.18123E-4 1.76317E-5 2.83958E-5 2.66038E-5 1.1406E-5 3.01347E-5 1.39192E-5 1.51229E-6 1.96578E-6 1.97085E-6 5.0387E-6 1.82215E-6 8.56892E-7 4.04447E-6 8.61306E-7 6.75802E-6 1.15955E-5 2.86552E-5 3.71373E-5 1.11606E-5 4.25638E-5 2.29325E-5 5.2386E-6 5.93981E-7 3.33948E-6 1.03033E-6 1.19618E-5 7.8951E-6 1.84841E-5 1.22198E-5 5.35711E-5 1.15466E-5 5.5093E-7 1.03173E-6 4.58347E-7 3.54673E-6 6.209E-6 5.42512E-7 4.07947E-6 1.5087E-5 6.87418E-6 4.56047E-6 1.31247E-5
9.83901E-6 3.41419E-7 7.20491E-6 1.31243E-5 5.94406E-6 5.7607E-5 2.73863E-4 9.46273E-5 6.68292E-5 4.00855E-5 1.91074E-5 5.9425E-5 5.65027E-6 1.35392E-5 3.61557E-6 3.11154E-5 4.74159E-6 3.35865E-5 9.10964E-5 1.49539E-4 4.49265E-5 1.91667E-5 6.05592E-5 8.6868E-5 1.25111E-5 3.13566E-5 2.70748E-5 2.36018E-6 1.69671E-5 1.0632E-5 3.85353E-7 3.86137E-7 5.92312E-7 9.11648E-7 1.53801E-6 4.31464E-7 4.02396E-6 1.21777E-6 5.23035E-7 3.57252E-5 8.70013E-6 6.02832E-5 7.51103E-5 2.6692E-5 4.69763E-5 1.97741E-6 2.82619E-6 1.67702E-5 1.72446E-5 4.15227E-6 1.5127E-5 9.26738E-6 7.10435E-6 1.89898E-6 5.26233E-7 4.32434E-7 1.88251E-6 1.79644E-6 7.48217E-6 2.9813E-6 1.12907E-6 1.14284E-6 3.54788E-6 4.58032E-6 2.42066E-5 1.15614E-5
3.38234E-6 1.502E-6 9.69417E-7 9.97254E-6 1.58781E-4 1.1418E-4 3.86696E-4 3.86444E-4 8.77009E-5 6.46406E-5 1.74687E-5 2.31052E-5 2.5711E-7 2.14426E-7 1.51031E-6 3.45985E-5 3.37167E-6 1.87925E-5 1.2331E-4 9.41616E-5 1.55719E-4 1.01187E-5 6.62086E-6 1.24606E-5 1.66207E-5 2.35925E-5 5.06586E-5 3.85773E-5 1.82176E-5 1.946E-7 5.8441E-8 5.39364E-7 4.61305E-7 1.30874E-7 5.12279E-8 2.02659E-6 1.12783E-6 8.88741E-6 4.58138E-6 6.291E-5 8.06317E-5 1.71351E-5 9.6681E-5 3.34626E-6 1.6323E-5 6.81501E-6 4.63787E-6 1.45176E-5 6.29752E-7 1.86722E-6 5.78092E-6 4.08834E-6 3.57357E-6 2.63479E-6 2.66313E-5 8.07022E-6 3.24744E-6 2.4729E-5 2.5528E-5 1.08538E-5 4.63889E-5 1.25349E-5 9.71008E-7 1.64948E-7 6.87291E-6 1.70984E-5
1.4952E-5 1.82655E-6 4.97759E-6 1.74776E-5 1.56212E-4 1.22129E-4 1.72495E-4 1.46952E-4 1.0509E-4 6.01301E-5 8.27505E-5 3.67932E-5 2.96343E-5 5.57943E-6 9.31096E-7 3.30343E-6 3.97598E-7 1.70995E-5 8.46432E-5 6.8197E-5 1.24992E-4 1.23032E-5 3.8645E-5 1.335E-5 1.34051E-5 2.35493E-5 3.22654E-5 3.99567E-5 2.70756E-5 5.99178E-6 8.60476E-7 3.59552E-7 2.5403E-7 6.69081E-7 1.77551E-6 2.30115E-5 5.13934E-5 7.38452E-5 4.55124E-5 2.98168E-5 9.44757E-5 1.74678E-5 5.25364E-5 5.60145E-5 6.40464E-5 3.76033E-6 1.14293E-5 2.1181E-5 7.7904E-6 6.31531E-6 5.42974E-6 9.76626E-6 2.06066E-5 7.36294E-7 2.7785E-5 2.91524E-6 1.06435E-5 1.6546E-5 3.94506E-5 1.16628E-5 5.09386E-6 1.13042E-5 1.44111E-5 1.04828E-5 1.08945E-5 1.40859E-5
6.56164E-5 2.9978E-5 3.73852E-5 1.59024E-4 1.23822E-4 1.18031E-4 1.85495E-4 1.44755E-4 1.49824E-4 7.93402E-5 6.09437E-5 9.71589E-5 9.51101E-6 4.42851E-5 2.65219E-5 4.05569E-6 2.52953E-6 1.50357E-4 6.1558E-5 2.24474E-5 1.09271E-4 8.95742E-5 9.13818E-5 6.76124E-5 2.25029E-5 2.76872E-5 7.41215E-5 4.0234E-5 3.76327E-5 8.67295E-5 8.5022E-5 6.48114E-5 3.49271E-5 1.22503E-5 5.82367E-5 1.66111E-4 1.70652E-4 1.55195E-4 7.87403E-5 5.71015E-5 5.21425E-5 8.80273E-5 5.18338E-5 8.4801E-5 2.38951E-5 1.01042E-5 4.28292E-6 8.05085E-5 3.64059E-6 3.7781E-6 4.27264E-6 5.78747E-6 1.40248E-6 7.5392E-6 3.94369E-5 1.3656E-6 4.99339E-6 2.15885E-5 7.7356E-5 5.6681E-5 9.82886E-5 8.79223E-5 5.59147E-5 4.25988E-5 3.07378E-5 1.09749E-5
2.08445E-4 6.46334E-5 1.54502E-4 1.84191E-4 1.36684E-4 2.24933E-4 2.59841E-4 3.25396E-4 3.12659E-4 1.72362E-4 1.41503E-4 2.00307E-4 1.90397E-4 7.85702E-5 6.1185E-5 5.4511E-5 6.85875E-5 2.28054E-4 1.53857E-4 2.45133E-4 1.37007E-4 1.16742E-4 4.23922E-5 1.05417E-4 1.169E-4 3.73792E-5 6.84042E-5 8.25697E-5 4.3366E-5 1.91705E-4 1.29135E-4 6.45537E-5 7.43602E-5 5.97008E-5 1.0185E-4 1.14007E-4 1.56181E-4 8.34129E-5 1.45069E-4 1.72645E-4 1.15672E-4 1.28343E-4 5.02204E-5 6.48557E-5 3.12973E-5 1.98943E-5 5.72963E-5 6.69727E-5 7.40988E-7 4.94172E-6 5.28257E-6 3.89859E-5 1.49351E-5 3.88778E-5 1.81555E-6 8.88869E-6 3.11046E-6 2.11737E-5 6.36813E-5 8.18397E-5 3.63378E-5 5.75428E-5 3.25867E-5 4.31661E-5 4.23979E-5 4.99195E-5
1.28258E-4 1.20583E-4 1.25453E-4 2.18565E-4 2.26505E-4 1.44388E-4 2.18941E-4 3.3972E-4 2.73276E-4 1.88214E-4 1.37023E-4 7.5635E-5 1.23624E-4 3.09372E-4 2.64026E-4 8.02737E-5 1.96901E-4 1.63663E-4 2.59241E-4 2.43854E-4 2.86289E-4 1.18699E-4 8.15731E-5 4.39813E-5 1.2259E-4 1.03071E-4 8.16838E-5 7.37346E-5 8.70034E-5 1.68073E-4 1.19269E-4 5.99968E-5 5.21091E-5 1.15885E-4 1.75861E-4 1.78503E-4 1.51817E-4 9.16131E-5 1.429E-4 1.75283E-4 9.11688E-5 8.97078E-5 7.50674E-5 9.57484E-5 1.08709E-4 4.9591E-5 6.46166E-5 1.32217E-4 5.81638E-7 7.35678E-6 2.75936E-5 7.44054E-5 6.84598E-6 6.8354E-6 2.73276E-6 9.75099E-6 1.22629E-5 2.29244E-5 5.31007E-5 7.4126E-5 6.51684E-5 4.44459E-5 4.79463E-5 6.46979E-5 3.19942E-5 2.51484E-5
2.10778E-4 2.08536E-4 2.08606E-4 2.12213E-4 2.24921E-4 2.14911E-4 2.23315E-4 1.91069E-4 5.22183E-4 2.41528E-4 2.59561E-4 8.42652E-5 1.49113E-4 3.42837E-4 3.15995E-4 1.34989E-4 2.81209E-4 2.89375E-4 2.92188E-4 3.0164E-4 2.3355E-4 2.79383E-4 1.79252E-4 1.68477E-4 1.33992E-4 9.51657E-5 8.93162E-5 9.57774E-5 1.2575E-4 1.02688E-4 6.41644E-5 5.89486E-5 5.1245E-5 4.25192E-5 1.27341E-4 9.18715E-5 8.99795E-5 4.79348E-5 1.83888E-5 1.04837E-4 4.77808E-5 1.28075E-4 7.21088E-5 8.90618E-5 1.33944E-4 3.61321E-5 2.73025E-5 1.45115E-5 9.4891E-6 1.0427E-5 3.44605E-5 6.93362E-5 7.15503E-5 1.01639E-5 6.82686E-7 1.13735E-5 7.90775E-5 6.13205E-5 5.70208E-5 4.06301E-5 4.13706E-5 4.98072E-5 7.06664E-5 3.09002E-5 4.64153E-5 3.26881E-5
1.50881E-4 2.21381E-4 1.29485E-4 2.09726E-4 2.14947E-4 2.59516E-4 2.52057E-4 1.32729E-4 4.80043E-4 3.23096E-4 3.23322E-4 1.27494E-4 1.56212E-4 2.82589E-4 2.88837E-4 1.04854E-4 2.69966E-4 1.291E-4 3.47407E-4 3.38226E-4 1.54799E-4 3.04788E-4 1.75145E-4 1.81247E-4 1.38735E-4 1.11649E-4 1.17118E-4 8.78319E-5 1.00947E-4 1.07108E-4 1.10079E-4 1.03082E-4 6.71157E-5 6.13269E-5 3.87187E-5 5.37645E-5 4.28104E-5 1.12504E-5 3.64524E-5 9.77252E-5 7.77533E-5 6.33129E-5 5.35288E-5 8.40429E-5 1.00617E-4 3.65212E-5 5.69079E-5 5.02925E-5 7.75181E-5 6.55114E-5 1.62496E-4 7.22654E-5 2.09988E-5 3.32614E-5 8.41358E-6 6.11831E-5 3.41847E-5 2.93911E-5 5.81458E-5 6.49441E-5 6.93878E-5 4.95598E-5 9.77729E-5 3.18152E-5 2.27275E-5 9.04228E-5
2.52833E-4 2.44753E-4 2.27853E-4 2.39423E-4 2.09026E-4 2.13554E-4 2.29009E-4 2.53932E-4 3.14549E-4 5.82559E-4 4.57965E-4 5.10258E-4 1.50803E-4 2.59604E-4 1.4342E-4 8.5447E-5 1.75642E-4 3.31855E-4 3.88287E-4 1.42625E-4 2.06494E-4 1.47871E-4 1.17338E-4 1.04135E-4 1.54279E-4 1.20422E-4 1.60561E-4 1.47051E-4 1.55055E-4 6.8466E-5 8.85708E-5 8.66229E-5 1.77697E-4 1.65813E-4 1.00988E-4 8.58218E-5 8.13531E-5 5.31617E-5 5.10708E-5 8.56566E-5 1.0354E-4 1.17988E-4 6.82588E-5 1.44196E-4 1.19817E-4 2.59279E-5 8.1875E-5 6.59457E-5 1.84184E-5 1.08179E-4 5.11763E-5 2.56991E-5 3.35383E-5 2.36621E-6 2.76641E-6 8.60596E-5 6.34897E-5 2.90672E-5 4.10651E-5 6.31445E-5 7.00505E-5 5.63136E-5 5.31173E-5 8.33672E-5 4.35651E-5 6.2375E-5
2.49538E-4 2.3536E-4 2.30603E-4 2.16149E-4 2.05088E-4 1.26344E-4 2.25614E-4 1.66981E-4 4.915E-4 2.72036E-4 4.13481E-4 5.39495E-4 1.04817E-4 9.87718E-5 9.79877E-5 8.57111E-5 1.48127E-4 4.2348E-4 3.73863E-4 2.90113E-4 3.68407E-4 1.66372E-4 6.72513E-5 2.05215E-5 1.48281E-4 4.47155E-5 2.10768E-4 4.75942E-4 3.976E-4 1.80961E-4 6.21154E-5 7.12092E-5 1.04872E-4 1.25183E-4 8.38977E-5 6.02289E-5 9.96214E-5 8.35809E-5 1.00912E-4 1.38355E-4 1.17489E-4 1.45853E-4 1.41873E-4 1.76034E-4 1.00623E-4 9.21876E-5 9.24545E-5 3.47412E-5 2.98726E-5 6.11964E-5 8.57616E-5 2.42111E-5 1.4654E-5 1.03078E-6 2.4628E-5 6.71793E-5 6.88653E-5 6.81298E-5 4.1771E-5 5.24339E-5 6.82246E-5 5.23922E-5 6.89068E-5 3.85981E-5 2.9806E-5 6.53591E-5
3.24653E-4 3.78532E-4 2.41022E-4 2.99211E-4 2.09649E-4 1.42373E-4 2.08745E-4 1.85736E-4 3.7856E-4 4.0223E-4 3.6331E-4 2.79012E-4 5.36513E-5 1.88941E-4 1.06589E-4 1.63285E-4 4.0942E-4 3.29209E-4 1.29435E-4 1.55014E-4 4.32145E-4 1.46169E-4 8.82777E-5 5.83683E-5 3.11221E-4 1.60764E-4 2.81409E-4 3.91863E-4 2.68492E-4 2.97279E-4 1.13309E-4 2.2763E-4 7.42325E-5 7.65368E-5 8.14385E-5 3.00058E-5 5.44061E-5 4.78877E-5 1.11778E-4 8.55695E-5 7.97366E-5 7.92466E-5 1.19526E-4 1.05094E-4 1.02941E-4 8.57409E-5 8.40696E-5 2.0533E-5 9.20168E-5 4.36783E-5 1.03164E-4 4.30483E-6 5.27885E-6 7.21874E-5 7.08484E-5 3.23613E-5 2.82476E-5 6.9841E-5 4.19457E-5 4.114E-5 5.50112E-5 6.06424E-5 5.78309E-5 7.74492E-5 3.13718E-5 6.66219E-5
3.39088E-4 1.6813E-4 3.20596E-4 2.37502E-4 2.31405E-4 2.43668E-4 2.2476E-4 2.16915E-4 3.03245E-4 4.34179E-4 4.20782E-4 9.44184E-5 1.94659E-4 2.31947E-4 1.32713E-5 2.9101E-4 3.32004E-4 1.58873E-4 1.27743E-4 2.71211E-4 2.66533E-4 1.22354E-4 1.61383E-4 4.42871E-4 1.50386E-4 1.15746E-4 2.15727E-4 3.02529E-4 2.76476E-4 2.88556E-4 1.36811E-4 3.63494E-4 8.26458E-5 6.53681E-5 9.88983E-5 6.7187E-5 1.24558E-4 9.54626E-5 6.29461E-5 6.48335E-5 1.15928E-4 1.68224E-4 1.14724E-4 7.50971E-5 7.85259E-5 8.45191E-5 7.07235E-5 3.66533E-5 8.07782E-6 5.84326E-5 4.10446E-5 1.2831E-5 4.22473E-5 7.63389E-5 9.20278E-5 3.74839E-5 2.61202E-5 6.60228E-5 2.9264E-5 4.01757E-5 4.81662E-5 5.59772E-5 5.49679E-5 3.03169E-5 7.38252E-5 7.13403E-5
2.28595E-4 1.6102E-4 2.42853E-4 1.27779E-4 2.18606E-4 2.1399E-4 2.16465E-4 2.40602E-4 2.18122E-4 1.32248E-4 2.07394E-4 3.9226E-4 1.19367E-4 3.21468E-4 3.75999E-4 3.17835E-4 1.8423E-4 1.83034E-4 1.49489E-4 3.09886E-4 3.36417E-4 2.04397E-4 2.02383E-4 3.8883E-4 1.94385E-4 2.41547E-4 1.4054E-4 1.96318E-4 2.97148E-5 5.62031E-5 1.39431E-4 2.19641E-4 3.09332E-4 7.17319E-5 1.11337E-4 7.67301E-5 4.45595E-5 1.09633E-4 5.96659E-5 7.29242E-5 1.39355E-4 8.82232E-5 1.83577E-4 1.00634E-4 6.23742E-5 4.06746E-5 6.76299E-5 1.28255E-6 2.73699E-6 3.35098E-5 4.86484E-5 6.06004E-5 2.40475E-5 6.17161E-5 1.033E-4 3.82768E-5 2.88387E-5 7.58011E-5 4.286E-5 4.05908E-5 2.59339E-5 5.38152E-5 3.10494E-5 3.45474E-5 3.92271E-5 2.67262E-5
3.26757E-4 3.44405E-4 2.60094E-4 2.46317E-4 2.32605E-4 3.91882E-4 3.15002E-4 2.77479E-4 2.47612E-4 1.8915E-4 3.40645E-4 3.09573E-4 3.21169E-4 2.90383E-4 4.196E-4 1.70008E-4 7.50883E-5 2.561E-4 2.7117E-4 2.63218E-4 2.87841E-4 3.18711E-4 3.96662E-4 2.73472E-4 1.8987E-4 2.1402E-4 4.15381E-5 4.39581E-5 4.24977E-5 6.32635E-5 4.06494E-4 4.63474E-4 4.2188E-4 7.57452E-5 6.31031E-5 8.86434E-5 5.62193E-5 8.54628E-5 6.40286E-5 6.78376E-5 6.31484E-5 1.39062E-4 1.21956E-4 1.54436E-4 6.8457E-5 1.05144E-4 7.3341E-5 9.05425E-7 8.47605E-6 7.6581E-5 6.33338E-5 3.06126E-5 4.87158E-5 1.00267E-4 1.16086E-4 4.94217E-5 5.97083E-5 8.84969E-5 3.06777E-5 4.23434E-5 4.09223E-5 5.04556E-5 2.86966E-5 2.55719E-5 2.71642E-5 2.21043E-7
3.22473E-4 4.5101E-4 5.12092E-4 4.9457E-4 4.15142E-4 4.92584E-4 5.22024E-4 3.36264E-4 3.40105E-4 2.84152E-4 3.76663E-4 3.73451E-4 1.78873E-4 2.81412E-4 3.70674E-4 1.92166E-4 1.06291E-4 1.60254E-4 3.00692E-4 2.99123E-4 9.33885E-5 4.60354E-4 3.08282E-4 1.18031E-4 2.61984E-5 2.87706E-5 2.82411E-5 3.24084E-5 3.82905E-5 6.01874E-5 1.0256E-4 4.46768E-4 4.0559E-4 1.41098E-4 7.72614E-5 1.0051E-4 9.04919E-5 9.4573E-5 1.17476E-4 9.73637E-5 5.55112E-5 5.68984E-5 4.16918E-5 1.35791E-4 1.0739E-4 8.4064E-5 7.97055E-5 8.41105E-7 5.71891E-5 5.86174E-5 6.3556E-5 6.42612E-5 9.37699E-5 5.25751E-5 7.48933E-5 4.08622E-5 1.04848E-4 8.1986E-5 3.20266E-5 4.3625E-5 2.93789E-5 4.49016E-5 5.46158E-5 3.28624E-5 3.03283E-5 8.98716E-7
4.42871E-4 4.56852E-4 3.83468E-4 4.37082E-4 4.94688E-4 2.30587E-4 5.22797E-4 3.27284E-4 4.73187E-4 4.55734E-4 3.4463E-4 2.34139E-4 2.50891E-4 2.49403E-4 3.05062E-4 3.15543E-4 1.47886E-4 9.90412E-5 1.70066E-4 2.71717E-4 1.56441E-4 2.45132E-4 7.95832E-5 4.24582E-5 3.05425E-5 2.9844E-5 4.26505E-5 6.07555E-5 8.81769E-5 5.03045E-5 3.57765E-5 1.16292E-4 1.95743E-4 1.17002E-4 9.8417E-5 1.06913E-4 6.68285E-5 8.77403E-5 1.06924E-4 1.24928E-4 6.4303E-5 7.6116E-5 8.13403E-5 1.17074E-4 6.42236E-5 1.2834E-4 3.24452E-5 1.48694E-6 9.34756E-5 1.21845E-4 1.15303E-4 6.19046E-5 1.05084E-4 7.76629E-5 3.19948E-5 9.09853E-6 4.22595E-5 8.11518E-5 5.38367E-5 5.05959E-5 4.64065E-5 3.20702E-5 5.61229E-5 3.1166E-5 6.76236E-5 6.30607E-5
2.49447E-4 2.88429E-4 1.55563E-4 2.00066E-4 4.74279E-4 3.90299E-4 4.74375E-4 3.98214E-4 3.38563E-4 2.32388E-4 2.14165E-4 3.30617E-4 3.26706E-4 2.472E-4 2.8487E-4 2.8407E-4 2.91166E-4 9.29207E-5 1.48838E-4 1.38868E-4 1.39367E-4 5.57693E-5 1.59756E-4 1.0726E-4 5.2558E-5 4.50884E-5 5.25512E-5 3.00124E-5 3.70645E-5 5.34394E-5 6.47237E-5 1.74927E-4 7.02756E-5 1.00584E-4 1.20943E-4 1.13322E-4 7.71526E-5 1.35028E-4 1.32876E-4 1.2487E-4 1.29329E-4 6.94727E-5 9.7426E-5 8.25626E-5 6.62454E-5 1.01408E-4 5.89647E-5 2.87278E-6 1.40456E-4 1.66845E-4 1.82471E-4 1.24053E-4 7.00423E-5 1.04951E-4 8.04434E-5 9.28869E-5 4.3494E-5 6.9995E-5 8.36606E-5 4.73367E-5 4.56071E-5 5.91267E-5 7.02585E-5 5.91287E-5 9.62234E-5 5.82015E-5
6.23935E-4 5.60013E-4 4.4062E-4 3.80349E-4 4.07971E-4 4.11935E-4 4.09338E-4 3.60526E-4 2.77632E-4 2.09394E-4 7.5836E-5 2.90505E-4 3.09861E-4 2.72906E-4 2.3794E-4 2.78158E-4 2.70171E-4 6.21591E-5 6.49333E-5 2.51037E-4 2.49517E-4 7.09931E-5 9.5574E-5 1.52661E-4 3.26043E-5 3.21767E-5 4.61172E-5 4.25945E-5 4.87844E-5 4.75606E-5 3.6857E-5 1.17917E-4 1.04901E-4 1.24448E-4 1.3985E-4 1.20922E-4 1.39865E-4 1.02012E-4 1.26178E-4 4.83423E-5 9.35692E-5 8.91092E-5 7.21262E-5 6.61476E-5 1.01423E-4 3.95759E-5 1.27626E-4 1.22466E-4 1.18256E-4 1.39801E-4 1.44818E-4 1.11067E-4 1.38977E-4 1.05087E-4 2.57901E-5 8.94202E-5 8.98696E-5 7.64673E-5 5.0374E-6 3.65866E-5 3.14952E-5 5.5201E-5 5.88943E-5 1.29553E-4 1.3407E-4 1.29972E-5
5.91065E-4 5.30942E-4 3.75462E-4 4.57347E-4 3.67294E-4 6.60993E-4 6.86083E-4 4.53822E-4 3.6132E-4 2.60031E-4 1.46867E-4 2.79177E-4 3.28004E-4 3.07964E-4 3.59015E-4 3.40303E-4 3.19192E-4 2.84843E-4 2.39544E-4 2.65384E-4 3.40039E-4 6.09202E-5 5.95317E-5 1.10859E-4 5.92255E-5 4.71126E-5 4.81082E-5 4.35692E-5 4.23422E-5 2.95299E-5 3.17494E-5 7.40325E-5 8.36241E-5 1.16957E-4 9.88331E-5 1.33514E-4 8.82989E-5 1.01867E-4 5.31229E-5 7.52052E-5 7.0697E-5 8.39994E-5 7.64767E-5 3.59576E-5 7.74273E-5 7.2072E-5 9.70021E-5 1.03335E-4 1.1248E-4 1.69237E-4 1.29108E-4 9.35658E-5 4.2939E-5 4.94109E-5 1.60687E-6 5.75326E-5 8.79745E-5 3.60354E-5 1.93991E-7 3.48966E-6 3.16278E-5 6.28398E-5 6.53132E-5 2.26224E-4 8.45986E-5 3.5633E-5
4.91E-4 5.56521E-4 3.6987E-4 7.3738E-4 3.94095E-4 5.53947E-4 6.04988E-4 4.02723E-4 4.78716E-4 3.59639E-4 3.11458E-4 2.86278E-4 1.52114E-4 2.59805E-4 2.53345E-4 1.42151E-4 8.99701E-5 2.71447E-4 1.36909E-4 1.34491E-4 1.51698E-4 4.86563E-5 4.77308E-5 6.4075E-5 1.04719E-4 3.43017E-5 3.14872E-5 3.2502E-5 5.70007E-5 3.28128E-5 6.01109E-5 1.04797E-4 1.18594E-4 1.21739E-4 1.22525E-4 1.05385E-4 1.02591E-4 8.07009E-5 8.07611E-5 1.15603E-4 7.73815E-5 4.22338E-5 6.5297E-5 4.93915E-5 7.26565E-5 8.00379E-5 8.04199E-5 6.94691E-5 6.81861E-5 1.52182E-4 1.34914E-4 8.44407E-5 1.0433E-4 1.11478E-4 2.23365E-5 5.84099E-5 1.60343E-4 1.3523E-4 1.19695E-6 5.74335E-6 8.3329E-5 9.24902E-5 8.8799E-5 1.24692E-4 8.71821E-5 1.37413E-5
7.28096E-4 2.43723E-4 1.44985E-4 1.53489E-4 7.96472E-6 8.43582E-5 4.4645E-4 5.57971E-4 4.26737E-4 3.50443E-4 2.00425E-4 2.82759E-4 3.03767E-4 1.62827E-4 1.29135E-4 1.70229E-4 1.95926E-4 1.42906E-4 2.68782E-4 1.40822E-4 1.23427E-4 3.66033E-5 5.0667E-5 9.41903E-5 1.02169E-4 1.26487E-4 4.7249E-5 6.51097E-5 1.15345E-4 5.71486E-5 1.69844E-4 1.67651E-4 8.7376E-5 1.49598E-4 7.25641E-5 7.61106E-5 7.12496E-5 7.06443E-5 7.29761E-5 8.28945E-5 1.02027E-4 6.89746E-5 3.18719E-5 5.70196E-5 5.20071E-5 3.40343E-5 7.88396E-5 7.55435E-5 1.62614E-4 1.59572E-4 1.41883E-4 1.51858E-4 1.27198E-4 5.35922E-5 2.31164E-4 1.71308E-4 2.27012E-4 1.53923E-4 2.30306E-5 2.27253E-4 1.29736E-4 1.20666E-4 8.41145E-5 1.08214E-4 7.86067E-5 6.20547E-5
1.39425E-4 1.7886E-4 3.76916E-4 2.47582E-4 2.29927E-5 5.67779E-5 2.53983E-6 4.27925E-4 3.18115E-4 4.2472E-4 3.26967E-4 2.43631E-4 3.26151E-4 1.80225E-4 1.34032E-4 1.22904E-4 2.4459E-4 1.41385E-4 1.36342E-4 2.56371E-4 2.18834E-4 2.14579E-4 4.85297E-5 8.63587E-5 7.28152E-5 1.7025E-4 1.08808E-4 8.97267E-5 1.91681E-4 1.69742E-4 1.68416E-4 1.3933E-4 1.33203E-4 1.25741E-4 1.45248E-4 9.42438E-5 8.52566E-5 6.6564E-5 3.74203E-5 5.45131E-5 4.18969E-5 8.21893E-5 1.03256E-5 5.74401E-6 2.52499E-5 8.03039E-5 7.23855E-5 5.00741E-5 2.50088E-4 3.45547E-4 2.88089E-4 1.82928E-4 1.79748E-5 9.56123E-5 2.80906E-4 1.42771E-4 1.52251E-4 3.21227E-4 1.44603E-5 1.04947E-4 9.34172E-5 1.41806E-4 1.44927E-4 1.34239E-4 7.84484E-5 8.01798E-5
