catData/variables/pastClimate/midhol_MIROCesm/bio16.asc
NCOLS 409 
NROWS 350 
XLLCORNER 60.897278365 
YLLCORNER 5.843756025 
CELLSIZE 0.0892857 
NODATA_value -9999 
[rows 25 to 49 of 350, columns 112 to 167 of 409]
-9999 -9999 -9999 -9999 483.173399893895 424.547391319373 406.577603949105 395.935164181531 446.777201628174 495.517989289461 547.728463836871 642.947063884088 705.64221840957 730.137253555014 757.501771909725 692.899431672146 721.773753476335 798.140240801616 813.193636711797 837.773063577233 861.850149820175 864.995233533009 868.995384508853 858.574693463077 778.996203245665 672.390746634026 589.480661975749 514.812871581232 493.314881254599 538.298653807724 488.35439936574 394.918375394004 386.679279616087 354.33079181977 377.875828253423 375.175918765268 374.068196529405 358.414091300884 347.353967664444 339.860032437012 317.271459482279 302.745873061898 263.004233929419 244.625306429781 211.14344825822 198.125458326728 209.44491821085 184.77530909744 156.832182897079 143.954278868098 120.955607990839 108.210736922452 101.456704327005 97.0911251636988 84.5976563821205 74.8703709614402
-9999 -9999 -9999 446.719712713126 422.014927222833 372.861121202635 372.915672710608 416.330668572253 494.48031690726 516.526736349197 566.942662430211 628.363419049579 593.718954291669 616.857243568104 664.060400932647 717.305559848533 797.246978998148 859.113626611259 852.943422829781 901.616780516696 911.805687180979 913.173036465837 935.731903591533 949.405050854108 885.646078696306 788.475547918397 725.220941084364 641.920799065134 635.057361736028 633.158900434302 573.870447077645 435.291623649533 455.182524078396 446.963249574112 442.651564556511 427.221695388802 408.208163503724 398.617329937827 382.152128178571 363.956600503365 334.837824189641 325.894063865657 339.584022518933 308.667510738271 270.052535256179 278.227255967098 220.426499610484 177.711856771868 162.004432910559 152.139086053549 138.335464727106 123.025849801189 108.761586022576 108.155792317847 103.752566290116 89.4776044956614
-9999 -9999 -9999 353.317824427257 338.3584616664 343.511450921483 369.046590907425 457.571885468936 463.462937234574 496.717713546947 538.696402034832 561.792082367384 549.852099615686 584.890866814127 692.52267519083 792.629639910515 871.447749323934 823.988479152837 904.942512819521 953.619456665524 949.267116231118 929.036706529541 967.514318901417 1024.1262415925 998.109021133959 900.787835729319 843.961402667122 809.012905859944 754.363506504429 698.488577165508 564.042441619386 508.036798540856 539.942402247071 504.14979694031 466.964102269961 479.622542030515 451.374030682106 420.518849773629 398.994083965332 387.388708411879 361.145942123473 336.139867675293 350.638308609624 342.37602839281 338.168045575478 345.127119715088 269.766346253191 187.576970681295 164.797659683364 151.471403443442 136.744678240078 135.036948036843 133.431810932773 124.36206468786 129.56322004925 124.911443138322
-9999 441.283076691993 419.914821375202 373.92883163373 295.609449696143 309.733016881871 313.7209645496 395.075635930202 445.775509776996 497.71308564169 559.039046934838 601.782489463347 610.032158176923 631.620982363592 717.513791094675 725.481355654577 743.541473603022 762.845893714148 869.019677232983 948.063067033392 989.288741053719 952.270296637529 1026.87627780031 1061.2149265487 1061.85641810881 1043.62996545921 1001.29466612395 975.623573815193 812.457760921124 727.404681205766 620.326466720743 600.387630352094 561.807120629482 504.915969137707 521.789524069406 478.785965694186 422.723595881833 434.965295560131 435.134571506761 432.41852937625 404.575815027303 377.045689868041 353.171520622783 297.661994319969 281.997437733147 309.771502321023 324.16008707016 288.593092384703 252.217132602846 192.610388749342 139.250266982709 128.931070025423 117.320427297879 106.1665609 99.3899629168888 90.6373229323334
-9999 350.575973383137 324.554650729769 318.314616724869 275.11847075643 285.155806872057 313.362688332434 385.923848389116 423.488778783666 487.744726696661 556.546851171649 605.39663542878 627.395778279154 631.091927680152 674.370789647049 738.709817845374 736.479725705561 765.329936895638 800.011617359255 881.402721576798 942.689289419957 985.286961867587 1103.27887292219 1153.54522767266 1208.86817247056 1299.12630187777 1307.41949536009 1232.87297417665 972.078339047927 884.446622390352 722.346879582284 672.749275772745 558.823226037618 584.58052871125 557.515728855323 462.582041341765 425.498588694412 450.878573134565 455.888243992441 448.949296000812 436.935095413366 429.384735055452 439.674314977461 373.452065766218 279.792969486009 256.713857548386 245.034562659994 224.467274623287 233.814670207533 172.976672470511 158.532608143862 152.544052681497 141.318889036561 149.8854569776 150.761691303464 130.832952831057
-9999 -9999 -9999 260.721915854237 301.220012376002 295.53084839661 298.040314068877 334.477443284346 380.895163136879 443.674227216201 504.912179170346 550.266979680006 581.50575408175 606.439234633349 620.011302355356 630.02430547246 725.010180817977 812.777541071364 827.676803483127 956.151792959745 1016.68779209777 1016.08226365193 1057.57340298798 1167.15643022607 1273.55399940548 1376.84736975615 1327.21622468837 1302.9500781315 1275.03896221928 894.112481377435 785.022161636765 615.109785651791 514.187535054107 593.903496592278 571.94110521061 535.576633305679 432.442731833981 450.786102709894 469.905208412575 462.881247253382 435.640751476197 399.711389485835 432.634333804065 411.862701106226 316.754129630481 369.267823376332 290.926544994488 232.702837628786 216.410495952091 191.772985067366 160.915848496849 152.681511603662 159.797163920227 149.370163836589 129.775714657688 111.247090589076
-9999 -9999 -9999 260.670772285183 244.119062768925 264.954535813604 266.841974720002 300.981614028796 347.909701361955 407.281005079096 466.892442443788 513.166129434998 543.226948902619 561.517201789297 578.223899380003 608.593214321997 626.688849962007 725.413432212444 744.50701026965 941.251929700512 1037.04547394832 975.342435866988 1039.72307533237 1160.41591199417 1255.98756416651 1292.65887041267 1130.75044145571 995.824303073306 1178.8971806584 979.875059014839 731.419585816737 737.404403177909 657.3945968839 624.408756689712 621.108799698961 554.477274497921 501.942207718016 444.186680321438 456.643814089523 459.472627205742 437.340440334661 406.027556535922 427.889035065822 427.271448939277 460.649897014774 452.905568431345 324.309988514235 365.891789998172 337.995893570508 292.47868946396 222.948858605994 183.067319837497 154.364035839709 127.99830468104 113.652960415089 113.566577759341
-9999 -9999 -9999 279.568462840328 244.009118708547 234.393234650639 244.675932199759 277.93713007833 323.616863120004 379.238091580013 439.025583784648 489.974955855938 521.345411760001 540.684033789276 557.568972140553 575.868115724694 598.863414659999 637.684722569014 688.101073398573 782.426854081669 869.739247419523 880.814149439516 953.368787016459 1080.39603647713 1187.47440656032 1210.96841079403 1097.42021375709 1044.75769690886 1019.27054372462 856.981313906177 649.774464547604 573.021157179078 518.358245051911 548.394242688822 582.354295674684 524.975744855547 495.98948100389 468.610718414622 453.230136403544 449.083275497534 436.372417374326 411.998719894731 386.551092733043 381.014311466067 442.527652247928 485.124117709884 426.12520110663 312.278872972062 266.69381267488 243.377571925616 206.925647276178 180.085762639996 158.399566359999 137.437807698456 124.561483725199 114.369540578099
-9999 -9999 324.384623348705 329.515011837105 281.088707301572 223.829288957604 235.912408119632 261.987346273879 304.967053840415 360.755825680013 421.651896482848 478.682112271051 513.754466853894 530.636516227737 544.435897097469 559.162474403985 580.453900923128 603.26420095405 641.411705172346 683.892085777629 765.062906959877 814.309475571369 846.266243670616 994.63124825923 1145.77335162785 1160.99191381354 1077.91449248517 1081.95806017878 999.936355924324 798.300626620437 523.795570629089 488.156580868113 519.834755862135 466.233535340668 467.066814133052 415.117992811592 454.212852608685 481.896179102487 489.923697980958 461.632260815167 442.179170919493 420.954882473084 395.869023334991 370.679829823115 389.623457027771 465.560532617805 436.68264107782 333.390548826398 330.493697306815 319.390461128781 241.258011220657 202.273820553589 184.307281000634 154.338102887078 129.187799154584 126.539209015034
437.651319762559 382.955803979034 351.908539508931 318.088287189365 274.904128085183 238.423382722923 241.718082406373 257.351670399359 297.038337549924 352.043324607784 410.755611743475 465.514309892946 500.416504640001 516.763497803155 526.561299842291 538.409275332479 556.918237742808 584.13256988254 618.534464085283 670.820106941955 776.096457391332 834.257223425379 803.33823481032 925.854120481535 1086.1362645038 1121.88844722215 1035.76191969113 1073.27022535765 922.329557175062 800.648891599101 592.954944881002 507.386027793755 464.412231554235 590.808229644552 615.821151460558 507.7839546013 552.515833697353 547.972495366523 537.36389235503 503.015080894551 466.953928293659 449.375278197057 425.458637547764 392.206589373668 390.121277114749 389.449687365808 481.035221120919 437.646155468142 384.887944470352 425.953413868461 298.198295881513 233.07537353653 221.525260667433 174.826055880326 146.772593359419 130.658322795284
469.658392729126 395.177129769084 342.53370253311 320.069369942582 274.286786882216 272.74413871324 272.290594491476 279.435540413 311.922383989529 360.988723681348 413.727735834931 461.751760461866 491.532653836772 503.575535067155 506.582768327943 517.848421736526 540.289026472489 571.942342558659 613.069162345451 679.83822677071 767.974688658344 779.465072202714 836.509125877724 957.90680406864 1052.1713388624 1055.58647457227 969.102890181516 939.35183656311 801.933559856038 817.723474634009 676.120676453811 467.448261822128 351.580739572633 426.615225300577 552.573917980381 499.044435974549 501.139985163387 540.331277158783 529.923361427587 507.379415626446 500.440609479449 495.847374118264 473.384543091102 435.345496461336 396.165130583168 373.55060971573 428.574621838834 459.533260584563 485.922538138472 427.051162645129 288.376358124723 282.044123128722 264.233212907684 187.465373571564 165.694271680716 141.96879502283
536.347075761298 478.479160388739 418.779629159899 398.746916522328 330.481763220709 326.756027642334 323.061905170883 326.433636468549 351.000120155193 394.194024379664 439.272566428945 466.425240977168 479.348378434749 487.633977820093 492.447223693751 504.937090802129 529.816337951939 565.779194841649 613.206642448961 674.62974675055 726.055402066674 788.943216413928 885.92260936446 984.948937487357 1023.68243251767 1032.23746028948 1004.9118364792 908.484788141189 765.593082212561 764.679030273351 640.942825078285 430.919123856612 380.513739120611 378.507225919531 372.383267548836 343.456643916099 392.113234895508 463.235119306344 502.39240209028 501.587117821273 508.098408708771 524.361604428881 511.869385172463 484.371768272099 442.310448780223 402.392784063012 380.728996532129 423.937409269903 458.785771514136 454.676914084673 358.665906164353 306.682206682145 303.112020583069 229.230453559589 197.422099480077 185.370574372289
580.926065388984 545.002372524689 486.02755146512 450.708302823924 427.246078507465 405.281666678796 386.936198862907 380.734508194125 403.113810887794 437.674564723468 461.379328331844 458.97808894057 459.109721168403 477.044751209462 494.057112457075 504.165038404663 527.915565519999 566.411216624116 614.009429151026 674.607845104469 738.052485343296 817.398033639966 909.471706903685 980.328286788505 1020.27715341932 1036.09146388692 1038.23061876418 963.424153383897 795.250300766667 738.305512244491 697.101220885177 469.178601861479 373.555122870479 362.393170167241 419.867072521509 358.134881409042 341.369963048451 389.037165938842 494.340472422726 528.688678809653 488.503912918801 514.623012204609 522.88323313772 512.900276302293 488.889266702234 450.699864482277 413.41122682925 405.812871779612 432.496647985376 473.615801068558 430.435970770625 318.166261614827 324.120764253394 321.544880871219 246.463481282428 238.030676370169
570.142795935135 544.251169698901 485.276557313031 444.992833557748 457.374986444041 441.08765822295 427.028288692712 421.635851178766 435.289021430755 447.190734161632 450.289129675165 447.049473997838 454.575039555852 474.830317753092 494.854395785534 510.835947273239 538.282000795914 584.428676697024 620.400881098483 676.465435364036 744.062364191194 828.204617194401 920.002971197638 1001.79451710016 1054.21258988791 1060.42772913011 1040.40107080612 990.981443575691 916.022256725399 849.121602372053 823.886872024855 629.019442971219 508.428578108076 449.117552725704 556.377584693202 416.729664379998 361.358548786689 364.387867650237 441.327678728135 520.984492904536 511.893307270905 518.121226132562 527.278198516336 521.816003756751 511.777442672739 492.055807911367 465.409790021116 451.735443356593 465.561583165863 493.734108180137 465.373288170558 346.119428932823 304.128353281825 364.676908312885 327.988757907952 248.083167399854
573.777121910129 553.267052597212 518.087922402939 487.689000033577 461.079228537702 450.596627269117 444.661938169106 439.94461003868 442.67300721432 445.415111091127 442.491110727702 444.22754329548 457.044866380001 474.409828980244 492.365545231747 514.669081692416 542.847442733764 586.274266856129 626.287260378596 678.013683573594 740.563949877824 822.800624676848 912.539765860176 1000.38411547559 1045.04428243357 1040.66596428142 1019.35103472838 992.695205499555 961.81278191297 955.894605814067 938.66253964173 852.864245111672 754.613688982818 686.961102132253 596.643394717286 439.106325963514 360.130912204317 355.917746828336 399.950499775988 507.133281159831 530.306448570286 498.737366959333 501.062501166558 502.875456534391 513.027401983502 504.339635586182 500.669689105028 494.956826324907 502.825225666242 509.231573904548 459.095462497089 371.092893438 351.121828980296 338.235589510496 366.247265677755 310.556419593816
580.256592057271 584.875297621067 552.375832688824 498.131371459892 476.583304246987 458.792322073826 451.682273239999 446.325135673598 450.146209604224 450.657708041739 442.983916385474 449.369287414151 463.184797204957 478.983109055662 497.153077593991 519.17373317035 545.706033757692 580.340043905194 620.960243072381 672.27947680193 734.7576326731 800.0687669947 867.641495182128 932.489267151172 975.019365905859 986.481669801069 972.207636264348 961.41133059832 957.753881127319 970.748202727878 987.204142589913 942.297501319744 889.867007055953 844.170622200848 686.407391561597 475.735066262792 372.343460638264 371.310886255284 385.933835121177 444.924033047983 531.469693466448 536.099755894864 515.696578939232 501.867882111374 495.612204839458 489.562243446588 486.449657033934 503.555585967922 506.405380658347 483.323726419331 446.706759807047 411.318046637881 439.046047304128 415.915549635517 408.175956014468 378.896294486088
595.107927787151 592.942377038632 556.529601309893 513.682685723637 477.675513864954 468.540284294112 462.449955139999 457.882882530044 456.326244803878 449.086400414819 450.235512553796 457.760219714278 469.063824520064 484.784411268919 503.490191440003 522.463662912458 545.150363436526 573.777659509712 614.290155069327 656.313554812389 699.270112351211 749.070921718437 803.209100814454 856.523018042499 898.1221677131 910.624289117007 902.78035394849 900.754821617448 928.671110477238 970.021019281459 1012.9701812391 1033.14042709713 1006.99294632532 882.110822908857 791.015089252169 653.358357060449 485.515862768898 467.945499151181 499.133306203627 443.652212866963 446.765495495002 465.687883594572 464.266272634461 497.180190274885 482.710886366101 518.231500294398 499.384202762167 505.196734936982 507.068531399857 475.364810560111 439.043928868248 426.638986817827 456.194286134622 455.802403156471 431.07963305668 413.792118476448
542.243316374904 531.420025670632 519.971427412922 505.030663812204 492.19234201715 486.627076253845 476.850557109006 469.512728550393 457.015702494771 456.565110299432 467.134590895147 473.905230611353 480.57643991904 491.481278212491 503.157524109512 516.948289983517 537.627405670569 565.26213221683 598.903739139508 629.817663262489 662.741431677335 705.461856092177 752.813582578713 796.529465908074 828.645370703808 844.431983063291 841.632140807571 847.079024742673 898.246497362319 966.050250505986 1022.5996670101 1057.10432492064 1090.89545131122 935.782013568096 796.51275297003 718.621184882109 590.599138782725 632.675615022778 653.481587514657 553.790192219415 497.989142001956 461.714933418146 462.489484969722 527.596477839665 539.055064868584 518.685724435343 525.930897240877 562.096396545258 537.136514969991 509.972688020012 517.224945908721 491.850427435349 465.888604039999 460.980945248214 450.389875707855 405.358277222001
485.97025180357 497.256565367478 510.406295721834 521.845228834471 530.704194609921 522.92698512999 511.910012327052 495.096837295197 475.179910461155 463.774847544604 470.654140146351 478.879583214812 481.011105724866 484.790126531497 495.768576379442 512.928451125424 533.042446097007 553.529406464469 574.285952476152 598.1785179879 630.409506421864 668.429846195311 708.466727479112 742.82074444223 771.354454343919 791.694456861732 806.138880566401 833.578739779766 889.493378912136 959.698257344272 1028.44113931075 1070.46425568209 1110.73186947196 1100.47335058345 967.798418625836 831.162862635195 808.817387511424 810.085185871643 819.353017180507 784.442373722346 705.624834322626 563.239386748432 630.17682708008 833.747613258642 673.479457195805 582.872993268689 600.939037969161 733.241442141199 623.357799041586 616.992848763371 541.70044966 539.80881481444 538.52248347622 519.804111265965 509.298289596775 497.329130305885
431.941605713222 463.938471848462 501.054626631391 543.090795256169 568.519686742909 566.657391134828 545.079313578492 505.513565483356 486.997879214231 459.142664872447 462.778897364888 466.906725193704 472.531285609407 480.79928514 492.496837018746 505.33288206 518.933297373785 534.664472167424 553.845546050086 575.339224786911 599.423024212775 627.730245169068 658.857486495675 690.520951320009 720.66855336102 749.300937569308 779.624270081804 821.276819816568 877.673117011591 947.421994289002 997.730253160149 1053.2133222881 1102.25306544307 1113.25564383699 1057.43219651292 932.403071163917 905.968624367512 965.507380427256 1019.33504887367 993.30429783129 963.726974184848 942.583956203928 845.289503488057 1072.37242409005 968.448357682932 798.737398935138 801.001540261658 710.10242536309 617.398026973362 648.170674326692 668.309331830975 644.621427356356 615.976085313401 600.639193702945 609.987661560865 584.535804180218
408.282398941495 444.887175588446 499.861886470739 544.268902305742 542.467820820712 512.895679910538 498.834620837841 473.114413049076 470.813325241467 453.908543820001 457.224273184381 462.51835753734 471.193978961124 479.794944805504 489.704623936927 501.572146380869 511.158517189653 521.589575517979 535.11484938653 551.448012388067 567.504945867282 586.512173790631 611.438409524149 642.654561660562 675.231593053283 709.436339876155 748.744986179027 796.510925559996 850.38139985208 906.628469948258 959.717462330159 1002.0120993111 1041.40931856 1079.79080707303 1088.44352208666 1025.20303002921 979.823989393416 962.831022296306 1040.82561871797 1089.81852040402 1068.26584095275 1142.26481540805 1311.62186217216 1480.5097514371 1302.29992102584 767.076605804057 707.436918018681 769.231455392977 751.699163947342 711.401296692827 675.142379682994 661.424927341911 631.484499997041 661.810265833768 699.365534040688 705.749613989969
403.991095212355 438.988750175561 504.124000165399 462.956633872868 435.732136446597 432.001266367617 433.07046257768 440.29997783695 453.94396203126 455.786860341267 458.829562240086 464.755416868205 472.17542388 478.60399428 486.480908297556 493.795685213877 500.30048058 507.578434671416 515.960365620366 526.80994921133 536.609744761582 546.611564172977 566.92986405263 598.861288504032 634.111657125587 671.327928696097 713.853008260008 761.648855517298 811.21653134681 865.12719378169 917.176790909322 960.381664125834 998.358010692362 1035.85892550342 1065.43952579904 1084.33309837977 1092.09442160776 1091.33090222947 1114.51925756447 1187.10917117217 1267.96201410165 1312.09762429142 1380.35355825279 1493.32033122387 1455.62082346936 1386.34652859417 1366.49969938843 1351.24456275578 1045.68490773855 789.553344477075 755.641256398543 713.175621115904 652.875860929542 702.424703973277 718.137035203201 700.674551535326
394.823142541519 426.769556395165 487.481966918262 409.0537963 409.415124175727 413.98035952437 420.424713564369 434.504507700001 457.986631904627 465.05717279478 459.540412362074 460.988075092418 467.26301958947 474.174508392824 481.764965763356 487.334583949704 492.590615891044 494.670186559095 499.895281851124 507.115922081935 511.532366870018 518.794657052199 534.621507513291 562.009439795823 590.995531008344 627.244321019726 674.184235159936 719.034095125584 765.084204120009 816.880603485125 861.600530825569 907.355440754517 945.38293031843 977.487264880002 1005.23686478441 1033.83024817485 1066.70214016085 1106.2929571133 1166.57009523041 1243.97545361545 1317.05040419157 1393.69432852602 1482.49317057918 1499.10846380722 1481.01550751004 1526.6161371827 1583.02012415856 1662.92048200577 1547.06484317472 1151.6139140194 901.816414220096 874.217030949181 770.170475223276 630.628715331368 728.100118956314 780.844661821387
381.303716033512 405.610712591162 437.825160509779 398.952656863388 398.997450354724 407.799613514844 417.342755818113 429.221543222046 455.855723126555 467.999298645073 455.196876918314 455.529619037827 461.49475358455 468.751152537018 476.504526011476 481.741133847532 483.8567513692 485.344325558488 489.19005583597 494.72527677575 496.478637540622 502.469569345711 511.984170518347 528.831046365274 550.431218739028 583.087767077802 631.48041616674 675.250469573242 718.516394669821 762.255858706826 803.589177117177 843.495690680676 876.956693156904 905.361589113631 933.165404360008 964.215176820001 1002.8904891 1050.19855222167 1107.87101093557 1173.85716616426 1240.83669470272 1310.36215123722 1377.23381120738 1419.0619272059 1440.53582660985 1493.96359241681 1568.18365804949 1639.44299630629 1642.00901792958 1423.03463289221 1107.35506193054 1068.0048998978 1030.17098979287 933.079490604306 1042.24032785458 1101.93819381364
367.210219354986 382.662008014824 403.489118269544 389.669024037734 391.0126353 401.858486917626 412.894497728409 421.99800281597 430.960451599207 439.480581117559 445.77135565432 451.962050232772 460.919664493828 467.833342645576 473.444145029658 475.604247457097 474.771455358188 476.774760336465 480.119183155127 478.944400372594 477.618185765489 481.550195264679 489.726578980001 504.657351987655 530.854950309869 563.248674177119 597.190321517791 633.282471680439 670.126981822963 707.644984906288 743.218340806508 775.414296728539 804.055791048449 830.124205825031 856.493060425846 886.413871133299 923.636643447461 969.180811528277 1021.37366021816 1073.6037932791 1116.89947678184 1165.8696690293 1235.53985655534 1289.5960546872 1334.42914424427 1412.89228486945 1496.06983266426 1583.08777394465 1620.68054455749 1510.43348853844 1457.5013168397 1453.09285544831 1371.35095425498 1358.00878395326 1394.67834878445 1497.27275212049
