catData/variables/pastClimate/midhol_MIROCesm/bio16.asc
NCOLS 409 
NROWS 350 
XLLCORNER 60.897278365 
YLLCORNER 5.843756025 
CELLSIZE 0.0892857 
NODATA_value -9999 
[rows 100 to 124 of 350, columns 168 to 223 of 409]
477.536649297929 477.940718529561 468.826090603062 444.589615684837 425.532780789905 439.940255829322 458.777057446374 471.499836032964 483.216474576039 494.618657491223 509.382414040004 521.256523311644 512.459706370868 502.043723652662 498.525926949961 508.1769553776 524.167918954068 538.381026068522 566.954752677187 614.09887505504 656.785708750826 680.490098624152 699.739767720002 721.458417467765 745.114906200023 766.908768155482 782.565372315494 785.815272406482 777.487913099998 769.162878833702 766.105437372455 768.477027180001 781.958198636028 813.592282201036 839.826154810041 857.842456613797 871.268863681027 883.553186201485 898.364814296985 915.298370361209 926.425015076012 934.753141096518 965.063918350854 1003.80493097967 1033.76315026497 1049.54878061726 1062.28296383049 1058.00240932879 1039.04388992405 1034.59902129129 1040.27843044149 1047.64352653227 1045.26593580902 1034.88834748577 1016.68749250006 997.912618338063
511.107284737903 515.573854683636 513.299911158725 502.691832640366 492.606196479181 495.118510204832 495.719691155908 497.631228341993 507.678365295015 520.148650709118 533.038815356009 536.120234964669 513.562521895543 492.227331235223 483.181859719999 502.111975400523 527.345578848164 541.201299250958 572.154198835883 633.76237280618 673.45554631753 678.860325878225 691.302217025273 713.922737829688 739.355292478475 761.00874586 775.014540833131 776.156266927398 767.019498454443 754.397802438642 746.25436044 737.315575880001 750.842733402098 783.455345921703 813.278577548479 835.829979740004 853.758282924168 867.320743059933 880.048801644376 893.028057292882 902.699387624308 912.600098455728 929.002513530065 954.01868376576 978.881516779989 995.980763168536 1008.75766551707 1003.80936401438 991.146316895994 994.163948661723 1003.93258660584 1012.50721244015 1013.70739489445 1007.05472752314 995.658504503062 985.166006979999
534.855300894809 541.203072570872 544.609461187193 549.15056430158 551.67697759887 550.731889478868 544.651830508675 544.651302184199 549.968709744549 562.35715680032 572.680438888818 555.723921420415 523.036335685704 498.100961122995 489.276157299015 522.89676727367 564.473370916447 579.63770451734 598.362831701999 640.923304401994 662.731338731959 659.834264960012 676.869001161382 702.867782371889 729.873897296938 751.582013492658 763.142765479787 761.559034283283 750.102343186908 735.606417274205 727.811790339053 730.983772546239 742.920985174594 764.23070079258 789.448282136156 812.859812621738 832.044847660002 848.467595463366 861.249978854427 872.352157200002 881.085955860004 890.049135020001 901.298027780003 916.082053079278 931.727259015043 945.254280420312 951.792138190398 942.605356859408 937.770754906069 954.312222557062 972.995010184414 985.530189849319 990.690926134219 989.260378777365 983.224617980123 974.25532428
554.205757458822 552.626037026203 556.815215411658 570.816333134861 587.19482094202 591.672558008278 591.05337433348 588.498995342038 585.763781794242 594.587656433218 600.279368129074 579.358468356445 547.224108228928 524.11536884747 525.688049289563 570.636587588675 630.466553975572 640.805055523909 631.553005207777 640.427003561509 647.138524967607 651.415994116596 672.917780537721 696.073706792526 718.993194126065 737.588626946752 746.369207015708 746.107811556331 733.434222939059 713.778998307655 705.312134455053 726.398140168004 735.77959318431 748.736839180618 767.686886904625 788.622696691085 808.841537330151 827.223359860003 842.232152677828 853.334273100001 862.244880975071 871.495017696298 882.815797880002 892.21236993876 901.256636900026 912.792016457568 916.529439224458 909.047947340433 909.340206615858 931.340829455465 953.038702427365 966.483006531409 971.940691210528 971.456482386839 968.380671115432 961.378578314051
573.957814847329 562.717216270689 561.36086790857 573.53276083246 604.548437452788 624.342794182879 632.160623529221 628.382982422997 618.706541704524 610.610523720258 602.808970707037 586.09991559062 565.586655785445 552.501057510322 568.266156082939 612.427719490571 666.76981354398 661.443234211542 639.245470184814 644.343038520747 655.936990045418 670.597231560005 686.79226901257 698.185790380709 709.843413341446 721.606100174352 730.193061260002 734.557486452194 721.907028624076 696.467315238354 680.347756381614 705.024600033992 718.558053274445 731.689437371861 748.58341954117 767.650776820004 787.760501844531 807.115090524176 823.460633680359 835.259514762802 844.961877769513 854.978873307689 866.949973319736 877.71376771485 887.154528784898 898.700604450144 903.13274790046 905.376334170593 911.810486234391 926.564112536201 945.058555899367 958.361236707876 961.762939938283 956.47271557313 950.271115099998 946.154948990488
586.283492346961 576.126145482874 572.379915522757 586.345800279226 627.189126155956 659.75798878 673.985205662427 670.940593653201 650.340761136139 625.633539079613 602.402918444494 587.428518148665 576.397391479997 576.682969213709 601.011168179533 629.944923107308 648.335876506113 632.744314616792 625.164565684339 648.267730031938 670.085761286431 686.673329314652 697.18161965269 699.110360304697 702.214841255367 706.901404810401 711.694612859588 718.627472152071 711.333600286328 690.286454419033 675.343433278068 681.626131423023 698.328765133247 715.634400880001 732.587033577716 749.634465184922 769.286668958912 790.633169951177 808.067004133326 818.476143078884 827.62800585668 837.792906036649 850.868299140003 864.484459564363 879.364576709862 892.924606679278 902.374351333216 909.24031893162 917.399553737989 928.242184140617 943.499145966732 957.294661050066 961.925617923103 947.375907226736 935.452797028799 934.193612322683
604.801868340571 594.763585503853 597.28267472 623.709795494259 657.281144767053 694.869792848019 712.724150684945 707.403350766095 678.568263565704 639.578899628322 607.352644444298 593.798482173596 592.198001988805 605.152600127812 630.07852276526 644.37083703216 639.785530701645 617.954641477941 620.033064311443 651.526072939734 678.69693518012 691.77103975955 697.563960971801 698.430385401139 698.733989264549 695.892508771107 691.19781380563 695.711811705628 698.857663191009 691.471161923727 683.652124172208 685.408385882049 694.442119972831 707.135083824025 720.938768708516 734.478610627678 751.053062506839 772.827877923505 792.27841836113 802.407336860001 809.589063545875 819.498874255664 832.761220140003 849.703428234273 868.76023326993 887.891255816225 903.923751816923 914.537415368814 921.612566988397 928.847825183932 941.818283472443 959.19237996502 976.375782139194 962.942633773694 936.212463697069 926.650850007323
623.854571937173 618.481636112405 630.124615007216 661.361240355835 694.042183182969 726.964002238594 736.769902662027 728.620527194386 701.844756663333 659.810159996 624.851717482257 608.396106039999 614.747634157294 637.214099549387 656.404260529541 661.469308947914 647.358794752186 626.709392359065 626.225287619657 648.525629310952 671.964001806196 686.29945507633 698.739011126362 707.522075330819 706.033084224557 696.442730068448 684.542287615373 688.488595568849 699.523431221538 702.206724849599 700.090344925367 700.334016520034 702.45499692931 707.283852231621 714.567856127006 723.090517335462 735.073133949317 753.657494917384 773.851235841487 786.242146121836 793.034088752373 800.797896478949 813.920012406888 831.361769753161 851.454358919999 876.15975817092 904.042029497273 920.502735084344 921.562886667798 925.203581524177 932.630382845787 948.117247700042 970.908711182043 967.683831504148 934.153104895941 914.749131556294
642.469180241991 645.104547664258 661.960925876356 689.992504148915 720.484230176386 748.322086626313 755.7805272279 733.382642229588 707.764738910447 675.213035294286 641.32960523711 624.857322351469 637.520651833475 665.974717604863 677.639542907379 673.159421280597 655.703674755197 636.598367734009 628.244076050509 632.652584425934 646.968298337518 669.064819866727 696.298659943728 716.708617778718 718.887129090806 711.26032973395 705.15336750112 710.299830411132 719.374144965091 722.529598855972 721.803442419999 719.456118689043 716.75550195639 713.989470698824 713.203976174695 717.549250940002 727.852489402052 743.441515470522 760.953827252227 774.63055207064 782.053475033503 787.831905047274 798.108229223873 810.962570227475 827.516535795247 852.147590234702 891.715034790821 920.134416766462 916.423891447199 917.795658459264 920.046595076621 925.376624815114 935.975817726548 928.947532309286 901.731605288595 886.571996258626
664.229685325626 666.855023726287 682.596513964004 705.25408005042 729.251266029546 756.756385861131 764.239931792942 743.596579539893 716.757073086024 685.100702401662 654.475331255171 638.203838406346 648.473050220529 676.714477569835 691.031853028463 684.524820733459 664.354800982045 645.689205057114 628.436524148372 611.02445987694 615.19156267408 647.761133688783 684.744718847789 711.295804274877 723.606308158618 729.777412980288 736.614509345418 745.852816627463 750.955151168323 748.808985707348 746.146645877405 742.203312358053 734.658920322268 724.190335006813 715.42334161557 714.757010174488 726.432193616433 740.1356120219 753.917337305193 769.347644449995 780.903086465941 785.915108182871 789.449803667476 792.171097701701 797.143932070733 811.66270653608 849.737326444977 888.591506570295 902.219949380298 909.000179869444 913.698490685388 914.016062617334 910.544457611621 893.051895704129 863.645264410825 854.04395580818
680.829756475495 673.968293354559 690.122319366564 701.287382473996 726.702827250784 739.007147309489 750.650837682937 751.682802134627 729.543151110735 691.067066487558 660.765468548144 645.099480800459 654.564326903129 681.885526513958 703.372869775758 699.550923304982 683.011532523004 667.089687207966 644.99239978467 611.633170599052 602.704155518452 647.192646320011 683.395133597657 704.093667836236 721.14917013088 742.75166172197 761.435094289599 775.661128693518 778.719774439938 770.930624388983 764.804424486845 762.669128626766 752.920092631246 738.908535198674 723.758014081312 717.636660864706 727.876023065942 736.294450795709 747.688463167375 769.41683311623 787.468304551502 791.688411794831 786.860767804852 778.77926796521 770.016753200763 764.693681106842 796.092076273721 845.156661720761 878.252475874984 898.536383672631 911.690152136208 914.623501416453 903.27053854845 878.414127430844 850.679725880729 841.056545166355
696.032364516625 682.938752835687 681.114782643678 682.737641052017 712.124397811311 713.412313309386 734.267653181428 728.972772348853 714.119968802517 679.498024150902 651.971157806481 643.444030891392 656.168205099024 683.216254420004 708.279266693998 712.127135408568 704.233520966797 695.56064160326 689.427946121187 684.950145343415 689.288508894085 695.307705455388 704.283870131353 709.607867718799 722.030220373831 744.980714950142 768.153764893861 786.709697395841 791.41963674091 782.074909497699 775.832599714139 777.812647423925 771.337186193467 759.49131325933 745.230362906028 736.987440673098 733.098712051732 725.528300684484 735.170359215399 771.255009710783 798.726517382811 800.494774493583 788.407010682528 773.42536755956 758.856863680213 751.020269721149 776.213100527494 820.953779515456 859.068260609199 886.766841394844 907.380763305892 914.377248979998 900.078100441332 874.29564108603 851.193246353396 839.253058609037
701.977514912498 691.220349408341 666.689756537743 659.170559969874 672.013215363499 686.365371098506 699.773579232194 702.620371011956 691.398403521043 666.042677798028 638.705669718434 630.1941331 650.086499178774 683.815460778469 711.950478759725 719.906226904092 718.921997937194 722.040898425516 734.294472415806 755.466037066348 767.50142094239 752.699183936194 739.776580427046 732.539236793102 735.817249721422 748.859119542264 766.428294170577 786.061496598165 797.011419479563 797.604958166309 797.059189652803 798.158643977458 794.309291693793 785.489249010399 776.025252316762 764.687060428767 750.059719943847 734.983725527739 742.519826000456 776.690199583691 802.983408795513 804.366480660415 790.758492851413 774.704660699995 762.163287114766 760.333614320733 781.196219228677 816.008575584576 847.655634907217 872.937396596943 891.022759618198 896.101432175792 883.286992441625 864.499392927518 849.891758692867 838.725491790445
701.738222875749 692.614331953237 655.295740066628 645.302770071951 651.635202000006 667.858200103802 683.781430576384 692.151785117954 686.071402612345 666.168616902901 639.988842648764 631.660420904717 655.358179418211 697.934082525629 725.025158944714 721.977434725364 728.414754636433 741.851704862915 752.968794575698 767.956229834799 780.721684406668 783.197850586094 770.259009306941 757.131932791395 749.70193009988 750.913243119454 764.906923429006 788.510673887481 810.027826237904 824.896150252325 831.143896134908 828.412306768524 824.137823023887 819.618144881402 813.28542316496 800.928747012709 781.344325612094 765.452380196895 767.29071106174 786.199377668426 802.278970288402 802.382628456428 791.35645948277 778.441818656254 769.310679349744 775.027034971185 792.840459229861 817.492786832797 840.287046244736 856.996029696093 863.841684234252 861.039292657234 850.871005301134 843.597783514833 842.786778578405 841.485792734899
702.596614061248 672.211530243427 650.62006289961 638.764824763642 650.361115026114 669.70162618286 688.362419365757 704.197128452488 707.188760513386 692.506563590716 663.494741074824 648.083306756635 658.992667439736 682.775671582276 709.632880910762 727.627160508285 740.241964737235 755.932619065437 751.975583618133 751.972385002013 765.839304526296 789.309135668111 787.870845461934 778.099828230596 768.95446756764 764.501057697173 776.060824240005 801.003430575318 828.573750271212 852.739907612266 863.893471873195 854.541416612672 849.256267010093 854.965474884545 858.451981440065 843.716316109947 816.438762411664 795.524015432532 790.079058420187 798.647249624412 805.85689473028 801.868440822673 791.916274699998 782.997702114083 779.314298944723 787.421101635733 803.881066713802 822.870477455763 834.701068029029 840.978260927868 836.452356361294 823.770833277355 812.809154842964 817.984931694558 837.537929217512 852.103912523157
726.887057816114 689.331186509901 664.767283962979 653.590265972732 667.75971102794 691.548467653402 719.004180948186 731.079353547532 722.068646350238 707.294677337657 684.876861192835 670.762102337986 675.728300206545 693.997020626798 722.3854212218 753.795893948837 757.4996148 757.346518790683 754.928716444254 746.379182551913 753.912762349969 786.870332972565 801.076496957364 800.075747859784 791.231215512396 787.706746984489 800.471869190166 821.338332814867 843.536998588952 863.692473606632 871.674995981414 866.437139475141 863.451818263522 871.957824541122 884.226602873665 871.477679583469 842.841128818992 820.504084800273 809.042515777938 808.957746558415 808.849808714771 800.86720557691 790.521061436809 782.722523045502 781.7568280401 789.636884060663 805.775924529019 819.816494248655 825.676933720001 825.834084151787 812.760160039999 794.099888559504 783.090743496697 797.726671263061 830.080617714472 858.409501126146
773.455934863975 733.11201430357 700.214080802111 692.39764379516 702.740004966943 728.260661523898 755.488798322918 736.000811266418 728.629350316532 721.955253026165 711.178561966744 702.06427482022 704.68760308109 719.703777760003 747.124616488384 765.224375261115 767.0180185 767.847085213914 771.192920554542 771.417198172283 786.392202747115 810.134043085275 820.981398223563 822.524959653439 819.102634535395 821.177778773565 830.12258789297 845.914656736725 865.950242369299 882.489036888314 882.260239442535 868.645785193088 858.927466640001 863.168526449993 870.699858620287 865.514689536184 850.203544019654 832.128099302271 817.009751963824 808.166186454888 801.40494855801 793.954438277873 786.554598317942 780.842179899998 778.711240145321 782.974984329794 791.409171325259 799.702165728092 803.428721650865 801.199462141334 786.569488663167 773.345121251389 771.744535188848 787.784311809165 814.558081263941 832.484698988828
823.140144550343 784.273190415783 750.36164005645 736.783165471723 741.53393566347 750.691764540001 751.281379794853 733.613740741696 744.523651218456 752.085001027336 746.711272839811 739.075969073562 742.450326202571 756.172166711682 770.757086932476 767.344836600496 765.468400798222 776.354167746231 792.304050325335 803.796694183627 818.789549674652 828.746180817944 844.175999897015 857.68251154811 857.119933203005 852.054641058053 853.543459445787 865.13561419348 885.885309665316 907.296300188644 903.65243070533 864.354146095864 839.248827513611 844.65391216414 851.106681283743 850.327804726689 843.671220662947 831.360622025099 817.231350282152 803.310044074727 792.843932859996 788.178555982407 783.076375540565 777.159368099829 771.920862710342 771.622951521251 773.553155243067 773.322220527097 768.392861059988 760.290255430038 754.553903735642 753.837667184964 762.360662409788 779.368182141903 797.306096424699 806.104329275405
846.494057707203 819.746922641955 792.259068452513 776.739872850966 769.57953301024 764.214764885838 761.841982752206 750.136091680003 767.685583182692 785.08711506 783.608803399999 778.262116977959 777.957923684875 784.695866425273 792.130030856513 787.681195874646 780.826328996945 794.341180325786 810.588100762309 820.695364073554 827.898333529283 846.639785598206 873.810755180064 890.014456900001 887.43649006768 877.14718688 872.325995177129 878.543093954385 900.838615743175 930.7896970748 930.625818007258 873.018026250423 829.599902830472 832.061116307709 838.166979153599 839.66146162 836.229611309271 827.807041147928 817.161094176219 801.887527664236 790.426110151096 788.536673843505 785.501950479999 777.702919393745 767.508008600971 763.292301081006 762.257956212864 756.487633146737 743.573326837559 732.218694214481 734.235565274941 743.668855382204 760.025471240002 778.123265029909 791.510096447684 798.910899135426
855.627480496261 842.725816803231 828.228720304562 815.005344743833 800.318934488183 789.973324815857 781.205846946385 778.761313290952 796.345823578917 813.185338356237 811.61632643849 812.252810643045 812.468016694702 817.501143475116 817.946442739999 810.994903896731 799.260270028857 803.841153101585 815.632863612625 823.654862005975 842.148256254237 865.13039568976 890.154716914132 906.697961148326 905.492892315455 897.239413552936 889.557223021554 888.584335129284 907.060175077613 935.496147146433 936.277927928986 892.048019227765 850.695663955831 834.769381231291 833.50455354935 835.37339569112 835.707580742112 833.208463545377 826.015600040574 814.012542865589 804.602633139891 802.6243115 799.082452305036 788.750921805162 770.873415180771 764.524602842326 764.55739842956 759.288038950647 749.415899598136 742.283157648578 746.034248649198 758.662663354737 775.960742041969 790.406123266261 799.567443697914 804.253629986256
863.461897413973 859.655492915468 853.942748308167 851.808535609018 836.959748381703 825.087682390403 814.193371744098 809.776229200466 817.481507666347 825.597478627713 828.79663024305 840.090458485433 841.466663916795 834.095436307308 828.321541511423 815.645760204628 817.206240007738 823.507104808953 832.857079651017 842.83741928933 858.280681330586 879.424086281313 902.890083018397 920.405436639082 920.877239770758 916.053914848022 909.822128307622 910.013417250262 925.034324478176 940.538803632802 936.20383237036 908.106803662833 871.259064104068 845.195150326914 837.200123077053 839.832403783337 845.861770298461 849.272208033584 845.768671576531 839.102474754792 831.360054639997 827.923066494438 823.906907707301 813.788342178246 794.879993444322 785.447231485418 784.354218184853 782.161564307247 780.118716119889 780.852326133852 788.728890935104 800.309167458342 810.675927873753 816.724299088843 818.111449838593 817.154323679801
873.394928294882 873.96337548 873.446884391997 876.548871005286 871.605969505545 862.383485057375 846.264608353887 832.726700620412 832.652024235666 847.877127316306 854.639299103719 851.043749807907 841.596713227176 822.367043790621 817.384805606007 825.9695283264 858.137807057342 864.442258601539 850.640346488228 859.28895112597 878.886833014557 900.06939217332 925.092481985232 938.273485397786 942.546157020135 941.25120588 940.914491881263 949.060592392104 962.958455863736 967.06943679407 955.088806831557 933.015885793083 896.355356511472 861.705528521639 849.766257260001 854.598344337216 865.755147628996 872.471810192309 872.699125217632 869.760716748636 863.903979669423 857.49363913733 852.733459779999 846.979750648494 831.13275782 818.117354264964 815.771843400218 816.977276155901 822.093434882306 832.335831243168 846.113304401511 857.238519397557 858.846699542092 852.856332470081 842.687506068786 832.173132251664
879.397677183483 883.949920782233 891.83677149149 905.510285326489 912.793803212433 904.900151595433 883.250977158606 861.097538126834 855.314261589646 876.658812668153 870.204888895717 838.058170254734 822.85495004534 820.012185869679 833.828493489144 846.337506114423 864.651537052401 861.160754993967 864.999073748738 886.891660572086 904.194201741284 923.35135417767 945.430698893184 959.368160451493 972.53405981233 980.163095143977 992.935710044529 1007.15201306 1016.79728386479 1016.07776799666 992.33816771322 958.926065058609 923.357234741096 889.551100510926 875.791131362029 883.491144720003 896.525314313249 902.77924811038 904.395597772488 903.232734259999 896.800226332658 885.527995856717 876.15100054811 868.722091499504 856.287471309099 846.404512257705 848.523317290875 853.98524469661 864.915983464113 884.240570600217 907.939066078011 922.84901919022 914.415137506163 890.847128120346 867.010929786453 846.705982154984
881.551033465292 888.56328262775 906.384578518872 934.029711694837 952.985629507004 961.451140197549 940.201243242762 883.250947452712 841.392476345522 845.511678014294 840.390191131166 829.47097670807 829.841865074489 836.862150919258 863.23345704316 852.253979082753 830.263254973668 840.278717047204 878.744725625828 905.189540460001 919.940741021499 940.121206989258 959.132575378357 978.119386357623 995.868490118644 1019.0358617658 1044.2183563606 1064.98683777536 1066.2613966163 1047.61560907424 1012.06587034166 979.053625673708 949.642448013831 926.271651861314 916.638142480003 924.646785160024 934.93707148449 939.205593914484 938.967443846891 937.232039001039 927.1250531784 906.563380997837 887.127163556787 873.479715211669 865.176058119371 864.87899785802 873.072863256825 883.426623243126 896.971345550893 922.305942485124 961.499739727381 988.364949765834 966.991516253691 922.383316944333 884.723422648031 859.110081765211
876.235885455011 887.132695894468 911.959241545821 939.179686075273 969.362564922783 993.956173746036 962.132758724645 895.55478829756 836.462719723824 836.098986236448 839.76459190796 847.589716449954 852.975746157886 850.757103749984 872.407231206722 835.65225556876 820.58548327087 851.31035421658 893.297785047308 906.479365258554 924.032479399149 942.217383805687 969.456701850527 984.694367545001 1002.55610231236 1038.25501145327 1078.32750132021 1114.78791210095 1110.80122336563 1069.12847890597 1026.41236707717 995.419161145292 975.566573857864 963.43722101912 959.924666976043 966.044651467809 972.54549135573 974.653466467554 971.179122858757 963.937421144813 945.464068463618 912.647694909119 882.471369106709 864.611112378498 860.015927099341 868.534059258155 886.858680939036 899.513721309024 905.512694410524 926.907197829463 970.260586989362 1002.86599120034 980.022991732597 930.507105899995 889.908193471411 866.150812559187
