catData/variables/pastClimate/midhol_MIROCesm/bio15.asc
NCOLS 409 
NROWS 350 
XLLCORNER 60.897278365 
YLLCORNER 5.843756025 
CELLSIZE 0.0892857 
NODATA_value -9999 
[rows 182 to 207 of 350, columns 177 to 235 of 409]
116.53521068 117.56042815947 117.463853389502 117.0893293 117.023976432553 117.071733516419 117.96378108 118.004834485637 118 117.91126302 117 117 117.30302218 118.37445058 119.89175796 121.56351808614 122.67806508 122.42916512 121.292384066943 120.19697902 119.203664571001 119.004834700027 120.015760231055 120.99940528 122.07083368 123.353165564139 124.848409944834 125.65956706 127.80242386 129.42797568 130.49940408 131.57083248 132.64226088 133.785422367639 135.67078022339 136.941040465583 138.105087345445 139.08873218 140 139.76841102 138.69698262 137.966551020585 137.46479652 136.439578397359 135.41126902 134.33984062 133.26841222 132.19698382 131.12555542 130.05412702 129.0893293 129.097255469137 129.324509961891 130.0893293 130.0893293 130.46377268 131.53520108 132.0893293 132.036738588059
116.883781082005 117.483309941281 116.42916272 116.0179009 116.0179009 116.806549438777 117.015653473869 117.0179009 117.0179009 117.016312428195 117 117 117.30302218 118.37445058 119.891757960001 121.51730738 122.010538900324 121.35773672 120.28630832 119.21487992 118.14345152 118.0179009 120.034302563803 122.157979831158 123.967065261489 124.217836174135 125.29759545322 126.73099546 128.435957272071 129.51730498 130.58873338 131.66016178 132.73159018 134.591662404702 135.872199467945 136.94587538 138.99940288 139.983687485881 140 139.995854348828 139.67908172 138.614356236463 137.55412582 136.990739818246 135.8151759544 134.33984062 133.26841222 132.19698382 130.266764184981 129.07202792 128.0179009 128.0179009 128.17805908 129.0179009 129.0179009 129.39234428 130.901662953854 132 131.421810191438
116.475541964432 117 116.44277550293 116.0535275 116.0535275 116.813567046027 117 117 117 117 117 117 117.28680216026 117.966515903421 118.867891172899 120.46377988 120.9464725 120.321645258145 120 119.19697902 118.172357709188 118.99940528 121.10451968345 124.08873458 125 125.23159138 126.30301978 127.37444818 128.44587658 129.51730498 130.58873338 131.66016178 133.46318036 134.80301858 135.87444698 137.89175076 139.018230008084 140.137510068235 141.008572995446 141.0535275 140.766729882808 139.712566073511 138.58378678983 137.48269742 135.854051337532 134.39336812 133.32193972 132.207527871425 130.297917672255 129.10765452 127.999073900382 127.9464725 127.9464725 128.17805908 129.265707114342 130.394486398023 131.49939928 132.0535275 132.022014330934
117 117 117 117 117 117 117 117.118193309184 117.1249559 117.1249559 117.1249559 117.1249559 117.1249559 117.452616670771 118.390163770763 119.39235148 119.8750441 119.8750441 119.966460909267 119.297321229275 119.234223509282 120.19578958 122.157405750703 124.08873458 125.020013309313 125.32760857068 126.30301978 127.37444818 128.44587658 129.51730498 130.58873338 131.742652889366 133.496719750627 134.80301858 135.983714289389 137.898513950604 139.157401250597 141.011087609411 141.28511648 142.1249559 142.1249559 141.37606434 139.233207539999 137.543013310544 136.484834429464 135.46479652 134.301951910521 132.39396764 131.12555542 130.05412702 127.98269862 127 127 127.23158658 128.606029960001 130.795675669547 132.682256299109 133.245588280876 132.46266221043
117 117 117.115618935363 117.1963843 117.1963843 117.1963843 117.1963843 117.956508462967 118.1963843 118.213810849702 118.3927686 118.3927686 118.333259801296 118.1963843 118.108820668628 118.415716332294 118.91923416404 119 119.587919283292 119.961316413043 120.87444938 121.94587778 123.01730618 124.08873458 125.128709485287 125.849096611047 126.30301978 127.37444818 128.44587658 129.51730498 130.58873338 132.320323560001 133.73159018 134.80301858 136.577166301946 137.935246154389 140.020701970723 141.28511648 142.35654488 143.1963843 143.136876443941 142.324643712393 140.304635939999 138.16177914 137.080766778604 136.33984062 134.680496794064 132.59035194 131.32193972 130.064756716934 127.98269862 126.982574864265 126.772163147931 126.83881798 128.153753975264 130.53417724 133.660900222596 134.383041707478 132.42977424
117.2678127 117.2678127 117.85655088 118.2678127 118.2678127 118.2678127 118.2678127 118.2678127 119.004635457543 119.35654968 120.2678127 120.2678127 120.045943708185 119.435342779154 118.82193372 118.2678127 118.698877561172 119.176800351489 119.2678127 120.07083368 121.14226208 121.960372397868 123.01730618 124.08873458 125 125.23159138 126.30301978 127.37444818 128.44587658 129.51730498 130.746403656078 132.411336551262 133.73159018 134.58796000594 136.075010293442 138.15956346 140.297786087958 142.112495784703 143.385080242637 144.062022470024 143.96479532 142.793085584655 141.108251639999 139.103935040667 137.67908172 136.60765332 135.340296421351 133.609025571309 132.39336812 130.37606674 127.978065090708 126.619694558047 125.30421642 124.633939352727 125.580728139935 127.38714335481 129.581672509489 130.531663357916 129.798817321154
118 118 118.58873818 119.223955636783 119.3392411 119.3392411 119.3392411 119.3392411 119.35654968 120.42797808 121.3392411 121.3392411 121.3392411 120.96479052 119.89336212 119.3392411 119.3392411 119.99940528 120.3392411 120.869844359422 121.87444938 122 123.01730618 124.08873458 125 125.23159138 126.30301978 127.247419967524 128.257895141464 129.51730498 131.17746676 132.66016178 133.73159018 134.2724169064 136.665933684614 138.89175076 141.023173933362 142.456502255303 143.715091951336 144.153024479677 144.35774152 143.038894738297 141.108251639999 139.48269742 138.41126902 137.33984062 135.53682444 134.19698382 133.12555542 131.10825404 127.286915039999 125.144058239999 123.16135962 122.3215178 122.721957489737 123.890452395881 124.455052533106 125.16033578 125.84275653108
117.5893305 117.801773848698 118.58873818 119.66016658 120.300443744639 120.080892290047 120 120 120.420869974106 121.08873698 122.065775036522 122.4106695 122.28622753285 121.62554942 120.737229917777 120.4106695 120.4106695 120.799724386282 121 121.329776224346 122.28511888 122.4106695 123.01730618 124.052293994399 124.655104550915 125.136483863771 125.89235028 126.743104946857 127.89175316 129.729746357484 131.346361417202 132.66016178 133.73159018 135.13279381874 136.800454755947 138.89175076 140.62393806 142.5893305 142.74949108 143.494223969378 142.87564362 141.95798868125 140.880689066563 139.48269742 138.41126902 137.33984062 135.236383652181 134.116088573132 133.12555542 131.49669522376 126.354751292778 123.001201439999 121.01850282 120.273766545015 120.464891489671 120.024888524357 120.21386328 121.28529168 122.35672008
116.5179021 117.03521188 118.10664028 119.496333601869 120.73159498 120.19697662 120 120 121 121.08873698 122.16016538 123 122.69697782 121.806071258272 121.267140580088 121 121 121 121.352699246474 121.897984151886 122.87444938 123 123.01730618 124 124.16016298 125 125.30301978 126.37444818 127.676796997123 129.55251206 131.674289732316 133.14225968 134.21368808 135.701001488921 136.87444698 138.43574622564 139.544167544 141.078581797641 141.67806268 142.28631312 141.360968762561 141 140.55412582 139.233306932517 138.212997089123 137.021579169236 134.675835692404 134 133.12555542 131.598123642675 127.861006982068 121.822540439999 119.762629897754 118.526193872228 118.542857091053 118.323977087167 118.230917931193 118.785812949552 119.62453278
115.69328077051 116.230965211523 117.03521188 118.766806860001 120.17806868 120.087944880345 120 120 121.009580754246 121.593145027788 122.16016538 122.871806751853 122.311182266113 122 121.55412102 121 121 121.365418235948 121.880163146085 122 122.87444938 123 123.01730618 124 124.071508558284 124.574665619683 125.13529036235 125.82092188 126.89235028 128.767425571551 131.440320730482 133.472052387485 134.73159018 135.358526676581 136.32092068 137.39234908 138.46377748 139.53520588 140.60663428 141.21488472 140.4464737 140.4464737 140.00059952 138.698209123088 137.674121918945 136.126154939999 133.98329814 133.4464737 132.088001047077 130.00120144 127.781414508855 121.318128406823 119.76833540479 118.193750457243 117.135288219276 117.4464737 117.4464737 117.4464737 118.03520228
115.167225715927 115.698340478367 116.58873818 117.495184746092 118.938899301248 119.3750453 119.921538049835 120.591132264128 121.006491501579 121.3750453 121.53521068 122.288187141302 122 122 121.832775184182 121.6249547 121.6249547 121.459973465875 121.832257521356 122 122.87444938 123 123.00649060147 123.430500392824 124 124.08685725859 124.564418935704 125.140435030003 126.099574544291 128.228622761416 130.55251206 132.695368860001 134.10663548 134.876895535758 135.87444698 136.354746115655 137.39234908 138.46377748 139.435112772774 139.663234241519 139.3750453 139.3750453 138.92917112 138.181033398693 137.043338827013 133.817017418159 130.579796418426 131.380772707601 128.908224939677 127.199563004454 125.667907477494 120.855818126959 119.21488712 118.056603261628 117 117 116.721350335491 116.3750453 116.96377388
114.3036169 114.460680891743 115.19597198 116.066962649497 117.257336479883 118.166445710737 119.787022121358 120.94588018 121 121 121.16016538 122 121.788980474923 121.3036169 121.3036169 121.3036169 121.3036169 121.103179898177 121.222123871203 121.862827139418 122.265497609963 122.962310200658 123 123.026941318103 123.415151692518 124 124.092001926242 124.564376284378 125.581252245002 127.33822686 129.48108366 131.164214953143 132.848291017478 134.665844048098 135.87444698 136.658691629338 137.701636820042 138.08873218 139 139 139 138.739242286942 137.85774272 137.3036169 136.12615494 132.922267671076 128.992154393841 128.172220952886 125.325637707397 122.647597803963 122.181407245916 120.126157339999 118.14345872 117.233303300499 117 116.739243958261 116.168242692359 116 116.178747946401
113.2321885 113.2321885 113.82092668 114.89235508 115.96378348 117.651782465933 119.077489427121 120.17806868 120.245478226773 121 121.037188559334 121.2321885 121.161830234559 121 121 120.602805444601 120.2321885 120.2321885 120.2321885 121.03520948 121.903600790132 122.219621942921 123 123 123.037188002082 123.2321885 123.2321885 123.319131061242 123.91025358 125.49898696 127.64184376 129.631418586545 131.69536886 134.454792560438 136.545857427385 137.71368688 138.013286041278 138.788414091776 138.877026864829 138.2321885 138.2321885 137.85774272 137.128661642957 136.602809130096 135.05472654 131.744832396202 128.661468901487 126.58041876231 124.280263364636 121.16238106 120.21488712 119.054728939999 117.195001612423 117 116.767341613683 116.145247053263 115.65765451979 115.2321885 115.2321885
112.625798555237 112.1607601 112.255405708691 112.98168678 114.667098877856 116.76680686 118.03521188 119.10664028 120.002782529052 120.235231714222 121 120.805637259232 120.415068404041 120.685746132686 120.1607601 120.07759771386 120 119.445963879593 119.77474178368 120.129093733047 121.03520948 121.1607601 122.1607601 122.086290499954 121.455935363319 122.1607601 122.1607601 122.1607601 122.60663668 123.761227080316 125.49898696 127.641843760001 130.398680229504 133.569815840001 136.643524856051 137.94587538 138.002781757403 138.1607601 138.135012669143 138 137.74569572431 137.100564158963 136.625804597764 135.209316554491 133.14405824 129.680882679999 127.472322295328 124.880804521398 123.306499821874 120.32314116 118.318738828421 118.057766111694 117 116.805643301759 116.112047381514 115.685752175213 114.71488832 114.1607601 114.1607601
112.049500358326 111.528902382074 111.625476897526 112.66016658 113.796949603275 114.964090523675 116.849450695925 118.03521188 119.105094075124 120.007927025276 120.0893317 120.068643033923 120.027069486477 119.71488112 119.0893317 119.0893317 119.0893317 118.42916752 118.154686108879 118.909949150721 119.96378108 120.95071260992 121.0893317 121.16221265824 121.92497593128 121.78909707168 121.0893317 121.0893317 121.129162612882 121.69596838 123.35613016 125.498986960001 127.707197954483 131.408334405118 135.598335484718 137.03520708 138 138 137.854146836884 137.0893317 137.062262642315 136.659004098085 135.64345752 134.996908662228 132.660929058572 129.651066620627 125.514145320346 124.052790698539 121.532897501773 120.063797537425 117.984244181688 117.162208715824 117.618966344977 116.068643677111 115.724053863289 115.055882036311 114.55412822 113.52891112449 113.0893317
111.56210136811 110.50059352 110.60664148 111.67806988 112.74949828 113.82092668 115.766806860001 116.96378348 118.03521188 119.0179033 119.175201191152 120 120 119.62554942 119 118.491954129216 118.0179033 118.006084182636 118 118.014376725511 119.751146530416 120.94587778 121 121.001588641806 121.0179033 120.78631192 120.0179033 119.650158978101 119.0358066 119.55311158 121.21327336 123.356130160001 125.49898696 129.247880920001 132.674803026618 134.928526369309 137.0179033 137.0179033 137.015035897088 136.772557226985 136.0179033 135.64345752 135.009920680793 134.49195884328 133.397551637937 130.347193942855 126.779040988997 123.598274778726 120.394569559998 119.07203032 118.981786948204 118.96578195587 118.504489519944 116 115.399395008091 114.0179033 113.57203152 112.50060312 112.0179033
110.530252774547 109.918785842295 109.924462069958 110.60664148 111.717228574464 113.563064853283 114.82092668 115.89235508 116.947401343475 117.083987324272 118.10664028 118.9464749 118.9464749 118.9464749 118.50059592 117.456856449245 116.442776361498 116.643018572498 117.67806748 118.792477658257 119.92125437051 120.99940288 122.052598784985 121.822530839999 119.991427260479 119.9464749 119.64345512 118.592069096279 117.55412342 118.006921159215 119.566720293038 121.945150114711 124.40965526 127.355530640001 130.523010977952 132.78470056 134.840350886555 134.897699198808 134.9464749 134.9464749 134.9464749 134.9464749 134.50060072 133.9464749 132.211793844577 129.05485695683 126.551191230917 122.830916801335 120.25783120641 119.003499074158 118.930099578094 118 117.67968364 115.76841342 114.393970039999 112.979957880641 112.50060312 111.42917472 110.9464749
110.108237239999 108.547329887595 108.71369168 109.78512008 111.496728106667 112.80302338 113.87445178 114.94588018 116.01730858 117 117.16016538 118 118.037863681969 118.1249535 117.67907452 117.060314132293 117 116.422325644865 116.765131026555 118.505701677976 120.623945260001 122.057305758367 123.105484852237 121.844706232683 120.069731095079 119.067077192998 118.57202672 117.8750465 117.484883759239 117.51730498 119.103902463602 121.195370060001 123.33822686 126.183762257864 128.498986960001 130.64184376 131.765234612126 132.71387168 133.645152125033 133.750093 133.787956082192 133.8750465 133.42917232 132.81040773207 131.719759033019 129.679681239999 126.80523666 123.59095146 120.376666259999 118.226444179407 117.877208367986 118 117.699695965145 115.864429366276 114.356107257696 112.547391130883 111.498414980537 110.35774632 109.801482803379
110.195800272579 109.1963819 109.78512008 110.726903712703 111.73159498 112.80302338 113.87445178 114.94588018 115.82092668 116.8036181 116.96378348 117.849098926545 118.30302218 119 118.641683581262 117.67907452 117.080764848926 117.12964429598 117.340053440886 118.19578478 119.969936529303 122.848261964396 124.16176954 122.161530169168 121.514745250322 119.536817239999 117.69698022 117 117 117.415715645148 118.507968059758 120.190679735337 122.26679846 124.251956945524 126.35613016 128.313234155712 129.4108543 129.5170118741 130.76739678 131.561756316088 131.773378808817 132.680770573723 132.35774392 131.28631552 130.8036181 129.612942693347 126.948907258253 124.102729046318 121.309262136129 119.850284187029 117.799431302124 118.554295854434 117.973319384622 116.249486114809 113.620822675001 111.8036181 110.911874539999 109.28631792 108.21488952
111.08973922 110.397079712625 110.85654848 111.2678103 111.99940528 112.855775747695 113.640264586463 114.67806988 115.01730858 116 116.16016538 117.23159378 118.30302218 119 119 118.62123286463 117.67907452 117.92797448 119.195330908328 120.12358429044 120.908073129208 122.89175556 124.434401813257 122.554720539999 120.529133424277 119.063219196955 117.510321738188 116.89971892058 116.7321897 116.870729301885 118.019797896882 119.39235148 120.999442674417 122.26739798 124.213273360001 125.41025478 126.205837361026 126.86212727651 128.399622332978 129.356834248421 129.362581233671 130.671295316676 131.137914917908 130.21488712 129.574521479627 128.981017501605 127.464940882838 126.19698382 125.12555542 123.10825404 121.258543324463 120.554730139999 118.294607170233 115.073653679999 111.69698502 110.799440412138 109.692044895163 108.353427836396 107.253603842372
112.705378839705 111.997420417264 112.067492805177 112.3392387 112.822648350058 113.272416607501 113.04259081494 113.94588018 114.67806988 115.690864317737 116.16016538 117.23159378 118.30302218 119.127028127974 119.3392387 119.163748016908 118.610986180651 118.99940288 120.554239344231 121 121 122.249998863108 121.96497772 120.804814739999 118.716291421123 117.168495978682 116.6607613 116.4133404338 116 116.341815111081 117.449215826478 118.436209355963 119.39235148 120.46377988 122.113009003286 122.946520445727 123.350260048168 124.9822839 125.35693772695 127.63167552451 128.35774392 128.155599860745 129.133541677187 128.979709074746 128.07203032 127.436809690136 126.838117707423 125.85774512 124.489671277458 122.7506533601 121.632027837659 119.822540439999 117.67968364 115.073653679999 111.594190612104 109.91187454 108.366146483014 108 107.022262358132
113.183108813269 113.4106671 113.4106671 113.4106671 113.4106671 113.883915197303 113.484656796582 113.968105409532 114.010200515646 114.67806988 115.683723627875 116.505367526011 118.016796319897 119.220676046218 119.772440727668 119.695133741553 119.652441515439 120.210390670676 120.84181867679 120.670225702904 120.230225309018 119.790224915133 118.75069252 117.590529539999 115.60783572 114.7679987 114.892438954295 115.332439348181 115.5893329 115.801773035952 116.693919900325 117.1786658 117.91025598 118.98168438 120.05311278 120.1786658 120.78530248 121.804438087037 122.593374859077 125.231176660001 126.838299126083 126.84622743742 126.668995367069 126.980437850351 126.831707264237 126.200279258122 125.699560967992 124.78631672 122.840443739999 121.64345992 120.16846952755 119.448311741436 117.67968364 115.168758669207 111.804637139999 109.66178034 108.044457358271 107.5893329 107.242375778636
113.44588138 114.249392717044 114.4820955 114.4820955 114.129396852319 114 114 113.543995421683 113.5179045 113.60664148 114.5179045 114.98109206 117.123948860001 118.69842543959 119.230922730198 119.767296060015 120.872562650227 121.4820955 121.129398009349 119.809846219136 118.64345512 117.116023298712 116.0101595885 114.376244339999 112.39355052 111.665362662137 112.33882878 113.229737397439 113.5537135 114.07101848 114.5537135 114.87197452341 115.414702846378 116.35673208 118.271294388094 118.061902235741 118.044770705529 118.64244568 119.87403466 121.905243454893 123.53156944468 124.756632596596 124.804888755744 124.785817834044 125.319633556169 125.199644633619 124.656916396593 123.71488832 122.190581137017 120.59812591277 117.562054417442 117.94707922 116.71549264 114.341049259999 111.57586119829 109.949535208503 108.753114776145 107.947510322146 106.914448701721
113.139163480395 114.51730978 115 114.634582019988 114.11983642655 113.555507366911 113.4464761 113.024163206166 112.456056812705 113.039618940756 113.535131465783 114.46318756 116.43831434114 117.82092668 118.4464761 118.677441481524 120.07042376 121.258368851554 120.71488352 118.840434139999 117.087998088829 115.524762597709 113.85833984 111.715483039999 109.821443257325 109.549876116136 110.028243289597 110.546694316941 110.8929522 111.123916509981 111.665306296558 112.187698656903 112.744380949635 113.251480803826 115.478741937288 115.363593649251 115.3394283 115.42816048 116.571096751132 118.01749338 119.08892178 120.327531271516 121.479182515023 122.358583083123 123.48168318 123.23279282 122.8929522 122.534424667717 121.088005545744 119.524769540794 114.375883134666 116.35774632 115.21481112041 113.433428966949 111.25050892 110.17908052 109.99939568 110.091599566209 107.505488521071
112.613108166042 113.89235748 114.3750477 113.71488112 113.3750477 113.073875628285 112.45350934885 112.3750477 112.006491543119 112.3750477 112.635308802611 114.46318756 116.30302218 117.37445058 117.721346905927 117.698340136938 118.809539780197 120.03521188 119.64345512 117.76900574 115.626148939999 113.24691293174 111.71548304 109.62808111986 108.274953477274 107.7500954 107.7500954 108.12454358 108.7500954 108.7500954 109.33882878 110.162665022783 110.649428914352 110.7500954 111.952501708621 112.716270094244 112.7500954 112.783374200025 113.18521095716 113.587047714294 114.17825588 115.24968428 116.599762774302 118.53479596 120.456850560032 121.290119965795 121.3750477 121.876894508628 120.251110839999 118.463001525641 112.416139302776 114.716817500089 114.314980742955 113.82628797164 112.94688962 111.87546122 111.138479191168 111 109.16013894044
111.438997492479 112.12454838 112.6072386 112.406799285097 112.3036193 112.3036193 112.038118862673 111.341307298135 111.315672661056 112 112.32033076 114.46318756 116.30302218 117.37445058 117.55412102 117.51730738 118.178751545409 118.504057886217 117.87564602 116.001196639999 113.858339839999 111.428296290551 110.26900694 108.21488472 107.14345632 106.3036193 106.3036193 106.417308994298 106.6072386 106.967479804086 107.482370116722 108.26740038 108.6072386 109.166445240854 109.569118279955 110.55311398 110.595188581571 109.849066522379 109.2144772 109.053203103995 108.610098424803 109.456918394388 111.720343033581 114.609321892772 117.498300751964 119.727120231156 120.813082910348 121.80301618 120.251110839999 118.766941727924 114.771932171538 114 114 114 113.485971236116 112.189931063075 111.864624722267 111.336142838541 109.82254284
