catData/variables/pastClimate/midhol_MIROCesm/bio17.asc
NCOLS 409 
NROWS 350 
XLLCORNER 60.897278365 
YLLCORNER 5.843756025 
CELLSIZE 0.0892857 
NODATA_value -9999 
[rows 108 to 134 of 350, columns 122 to 182 of 409]
5.51731938 6.58874778000014 7 7 7 7 7.35473789549422 7.01731818000024 8 8 8 8 8.60848622168052 10.0708576800002 10.8189789525947 11 11 11.4572287559926 12.1268383988551 12.5778873382825 13.3344430908401 13.3685369474423 13 13 12.7105130879403 11.2197416577844 10 10 10 11.7662289400002 13 13.7315997799999 14 14.5465083417917 14.9797051953458 15 15 14.8998985867586 14.2881742761038 14 14.2340230418287 14.6249691 14.6249691 15.434505589584 17.3203379600003 18 18 17.1255458199996 18.5370299647281 19.9956733248185 19.9275405600009 21.8901937599469 22.1038920076434 20.1856499009594 20.12451478 20.3041804199998 18.5214350876273 16.7862927199998 15.7148643199997 14.6434359199999 14.3750309
5.85345695706646 6.58874778000014 7 7 7 7.60897271887858 7.03768222193248 6.33298101725695 8 8 8 8 8.74892036000011 10.4458885800002 11 11 11 12.2410881091465 12.9401995916645 13 13 12.9879413340973 12.3036025 12.3036025 12.0016868834693 10.69697062 10 10 10 11.3562298005856 12.7633441986037 13.7315997799999 14 14.2654872038295 14.9623144353595 15.6843405054513 14.8764008925247 13.6701190458531 14 14 14.1136855895064 14.6141148496826 14.6397450911284 14.4823456119394 15.9275429600002 17.6261701728772 18 17.1255458199996 18.8917651599998 19.3104021663891 19.812078377617 21.0972546768549 21.3962654622844 20.1823473600489 19.37445298 19.243607941671 17.6292361775172 16.0012660232931 15.1031742758954 14.7778859350845 14.1371740257264
6 6.58874778000014 7 7 7 7.87446138000003 7.05411022000003 6.03463636000049 8 8 8 8 8.74892036000011 10.4458885800002 11 11 11 11.9014612576995 12.2321741 12.9036063533317 13 12.2281538243626 12 11.8770153446062 11.0005731199998 9.92914472000001 9.23217409999997 9.23217409999997 9.6293816329717 10.7254338515129 12.399242164003 13.1698585204817 13.2321741 13.2321741 14.1780590799999 15.2281543815805 14.7543782029036 12.2693614673883 12.6421755881273 13.4648460636428 14 14.1035226653261 13.7148619199999 13.2321741 15.0594069012209 17.4631947600001 16.7668320154964 16.9327511555347 18.165492016717 18.2494850800001 19.2527770856861 19.5873291698295 20.2321741 20.0914651817211 19.5672494872477 18.6827706118914 17.0854863725923 15.5067461629226 15.5068929984387 15.7678259 15.5813846694696
6 6.58874778000014 7 7 7.67394888150695 8.71371568 8.687206585191 6.85935630296708 8 8 8 8 8.4346530437563 9.60663428000024 10.1607457 10.1607457 10.7147993836124 11.73160218 12 12.8744589800002 12.2061599490193 12 12 11.705401893493 9.92914471999983 8.60339760980877 7.32149140000006 7.69570329387577 8.24390179428237 8.91023438000014 10.6418341600004 11.935489661244 12.1607457 12.8946371449284 13.9458849799999 15 14.7337746599996 12 12.0372284758611 12.4637726800001 13.4750089878232 14 13.9168442915073 13.8392543 15.8197612400004 18.3024490600001 17.2332027399998 16.9798190492821 16.3582105348799 17.1925849944025 18.9255250937553 18.4553349780866 19.8056319100712 19.1607457 18.7862927200001 18.0890721854549 16.9653804399995 15.9053628691391 16.4994208800003 17.4532485328235 17.6785085999999
6 6.58874778000014 7.60121102607815 7.91068270000003 7.98240743758458 8.07810452941585 7.22791184124716 7.01731818000024 8 8 8 7.72403420040379 7.80479188776497 9.03982556406644 9.56042892410221 10 10.6601737800002 11.73160218 12 12.0781043150543 12.8662364662286 12 11.9191822105482 10.9148385376204 9.55748401421057 7.75922215395774 7 7.03982534970492 7.08931729999997 7.67806028000005 8.808453405199 9.91023437999986 10.9099384711386 11.9637738800001 13.8966033674757 14.9842330043553 13.9039075638129 11.8541357880182 11.0893173 11.1163828516807 11.5530899799999 12.9907518893135 14.4711072528254 15.4468385609941 17.8018723400005 18.9520540053374 17.3939484399998 17 14.3313196163255 13.4076559700064 16.4216527745248 18.0286115073132 18.157949054512 17.8133580573189 17.1451894708494 16.6832608409816 15.6151201071865 15.0893173 15.7494838800003 17.4871631716931 18
6 6.58874778000014 7.01180982566639 7.01788889999997 7.01788889999997 7.01788889999997 7.00096797231456 7.01731818000024 8 8 7.77253974970425 7.01246799479074 7.74892036000011 9 9.51731697999997 10 10.011809782733 11.4680057017621 12 12 12.0169208847521 11.9829939802566 10.9291447199998 9.85771632 8.78214483322866 7.69697062000004 6.6322408577806 6.01788889999997 6.52594929120994 7.58874298000008 8.01180973979967 9.46800094469541 10.0143652908092 10.8923454800001 11.0517305836374 13.0354680826765 12.8404053399997 10.85771872 10.0178889 10.3154950606576 11.0066985948473 12.3475638696484 15.0253702141434 17.7272689972771 20.2784809568667 19.527202384742 17.3939484399998 16.1411888433802 13.1802411600003 13.0349316343905 15.1082157298953 16.0357777999999 16.0357777999999 16.0303570235908 16.0178889 16.0099125725813 15.4826902199998 14.421793698428 14.6780554800003 16.4810788600002 17.8065470750576
7 7 7 7 7 7 7 7.06993047330209 7.99524855248009 7.79486120834173 7 7 7.35441176919295 8.41622173162914 9.0276968924507 9.61076374672759 10 10 10.7600367242623 11.7741013834405 10.9976759573816 10.0526124217967 9.99049736194977 9.58972695969391 8 7.69697062000004 6.64559050231227 6.05353949999997 6.54315731604419 7.55722197522238 7.98180574559953 8.73159977999993 9.80302818000014 10 10.9458849799999 10.0516856005829 9.8577187199999 8.79486575135218 8.23159858000017 9.30302698000011 10.37445538 12.3137789453611 15.4707004045392 18.6591427400002 20.5177448628955 19.4153560979264 15.7668050774962 13.2510916399992 12.0034753396082 11.9810824600004 13.9512115620356 14.1601677800001 15.2439957236793 16.0373157154991 16.3544049546773 16.5244513861443 15.4549937130335 14.3262015722117 13.92826598861 14.6780554800002 14.9894539702535
6.9396804165479 7 7 7 7 7 7 7.87719631658645 7.91125341999999 7 7 7 7 7.83605540052381 9.39234907999997 9.94860637377332 10 10 10 10 10.1182055595151 10.8577163199998 9.71972408762338 8.10495146903982 7.97105731189143 7.60987166525694 7 7 7 7 7.57767114900144 8.69805836814698 9.7026754347047 9.9843111024438 10.8276797204078 10.8425689567402 8.91125821999988 8 8.23159858000017 9.30302698000011 10.37445538 11.8360464003696 13.8450090432211 16.4427122660728 17.7075962310758 17.109893008224 15.2689805399998 13.1261237399992 11.1014718996694 11.1574265431828 13.0887393800004 14.1801836111144 15.5302760834751 16.5720075199997 15.8750321 15.8193112402923 14.8447388737117 12.8225236399996 12.5776669488475 13.6066270800001 14.7784076254496
6.41571976784969 6.80360369999997 6.93325985910013 7 7 7 7 7.01731818000024 7.91125341999999 7 7 7 7 7.44588858000021 8.41571783920079 9.39234908000008 9.80360369999997 9.80360369999997 9.80360369999997 9.97534420817381 10.7601185983512 9.98268421999978 8.98257097140143 8.64343112 7.61748829554819 7 6.92645787750177 6.71603330402679 6.50560873055186 6.52643804292293 6.86651783279583 8.31951607012704 8.96131546334776 9.70271654317744 9.80360369999997 9.59669458754482 8.92868677724732 8.19639630000003 8.4279948800002 9.43990990232793 10.3009137288529 11.1619175553781 12.12451958 13.7846885600001 15.2673763800001 15.6072073999999 14.316578423993 12.4228312054708 11.4362815589466 12.2103074675788 13.071311294104 14.0924829006289 15.5617227671538 15.1672994263207 14.6807485797959 14.4452917732707 14 12.9381496402204 12.1963963 12.9279912800002 14.6447322393547
6 6 6.48336469264439 6.73217530000001 6.73217530000001 6.96637765676009 7 7.01267994363713 7.69096577232905 7.22492588403399 7 7 7.10028968537046 7.7137132800002 8.1292744350266 8.58874538000011 9 9 9 9.64025726601933 9.98550730378227 9.71485951999979 8.64343111999985 7.61490089318675 7 6.83768249442065 6.19018186259116 5.28628911999983 4.35341034219404 4.58874298000008 6.1435325582032 7.65971557159848 8.37288661719998 8.46435060000001 8.21101923899704 7.4816639800002 8.46435060000001 8.50724813040745 8.90174605979121 9.46435060000002 9.5646389998119 9.73217530000001 10.2494874800001 11.9096564600001 13.569153839018 14 14 13.1255458199996 13 12.7321753 12.7559418978268 13.1601677800001 13.8304309974295 13.2678247 13.5419899229674 14 14 13.4112618199998 13 13.5356557739601 14.5351986800001
6 6 6 6 6 6.57779764600474 6.6607469 7 7.05863902762061 7.60925163701488 7.41782526463555 7.6785062 7.92592960310848 8.63387259698054 8.48268302000003 8.3890116847244 8.88471290140378 9 9 9 9.62499215408408 8.98268421999978 7.94136255817186 7.28491405570001 6.9214286495719 6.15749179655614 5 4.55411381999982 4 4.58874298000008 5.88413656719649 7.55425516667556 6.92454202054746 6.36408479441956 5.3756088200001 5.33880718000019 6.35159972396456 6.87525531009249 8 8 8.24742023152332 8.96328180920954 9.6810655192673 11.1774811600001 13.0963735870114 13.9089435791169 14 13.4222071113727 12.6974659049981 12 12.1188444897576 13.4450834641149 14 14 14.1270343342692 14.1879864596026 14 13.6109930726532 13.3392531 13.3392531 13.5974201379251
6 6 6 6 6 6 6 6.58931850000002 6.58931850000002 6.74949348000002 7.9160371035038 9 9 9 8.48268302000003 8 8.66017378000019 9 9 8.64087587440507 8.97777694804945 8.98268421999979 8 7.77404750458677 6.35771751999982 5.4107376803225 5 4.73723102523156 4.19822997231367 4.10517127971829 5.49897976000035 6.3093277898999 5.41079527500922 3.94505728004058 3.21052798241396 4.01020309513164 4.75094949464638 6.59946400044459 7.58931850000002 7.71376607468692 8 8.8917675600003 10.2124505420507 11.3463777954948 12.6601689800001 13.7315973800001 13.6702121681309 13.2301963456762 12.0637847935567 12 12.1774787600008 14 14.0951122665968 14.4106815 14.4775726569883 14.3265523539603 14 14.2417838788697 14.1395632986756 14 13.1969766199999
6 6 6 5.64728618909666 5.51789009999999 5.51789009999999 5.97391292724681 6 6 6.0829530364097 6.98109686000044 8.66398472115261 9 9 8.48268302000003 8 8.66017378000019 8.64728734616043 8.51789009999999 8.06501645140181 8.94588737999994 8.98268421999978 7.95721555225454 7.27476572652657 5.7683990199998 5 5 5 4.48268541999988 3.41125701999992 4.00206760200557 4.13900181677586 3.22570432888589 2.13003538867613 2 3.53458400380109 4.66276865863702 6.59510972946275 7 7.15693467297495 7.87894739161252 9.15891247541281 10.5173121800001 11.5887405800001 12.3418949790692 12.5440668005759 12.1377911984931 12.0044920545487 12 12 12.1346966263828 13.5951085723991 14.2315961800002 15 14.8060745087425 14.2671460724762 14 14.5887381800002 14.3398334199997 13.6472908173516 12.3277211985704
6 6 5.63456719962228 5.11982827548542 4.55549048940676 4.4464617 5.91593770080852 6 6 6 6.2068040775213 7.19595518 7.8929234 7.8929234 7.66196118167035 7.12056858322189 7.55309718000019 7.97126087398698 8 8.48404653720903 8.97584078768332 8.99226916742428 8.36654751493549 6.37495077763983 5.89659903274745 5.5535383 5.5535383 5.30672322192921 4.48268541999988 3.41125701999992 3.29474123660622 3.04149320149847 2.17588074721847 2 2 3.57858144106781 5.03961980595988 5.69529220914781 7 7 7.74891076 9.44588378000015 10.5173121800001 11.5887405800001 11.634571185098 11.1198314900096 11 11.8744541800004 12 12 12.0396187344519 12.6952884806561 14.2315961800002 15 15 15.0477434621737 14.8207258238053 14.4904982173954 13.7862951199997 12.7148667199999 11.2849191366253
6 5.632052242801 4.71485711999997 4.37503330000002 4.0738691915017 4 5.30062994562964 6 6 6 6 6.11364700845828 6.37503330000002 6.37503330000002 6.37503330000002 6.15423417727881 6.66017378000019 7.27437517985259 7.87690067158179 8.87445898000017 9 8.98917821411534 8.21972507463736 6.52486417124692 6 5.81061672837838 5.60905694305595 6.11144184898044 5.73261881999985 4.29324566264108 2.79979644241371 2.10065902022736 2 2 3.18229322906019 4.63145979403561 5 5.32034035999989 7.14474140026739 7.81434847170161 8.53079987372829 9.44588378000015 10.1940092939956 11.3317171374388 11.7524146488729 10.7105186993854 10.3750333 10.7029827368244 10.7500666 11.3858520860445 12 12.2202360310872 13.6066294800002 14.3750333 14.6090539432158 15.1672203653501 14.8577235199998 13.4183533624811 12.0899000199997 11.9329166207744 11.6988394918214
6 5.00125115087187 4.10317217688869 4 4 4 5.60460278793205 6 6 6 6 6 6 6 6 6 6.66017378000019 7 7.80303058000017 8.87445898000017 9 8.28628911999976 7.21486071999982 6.14343232 5.30360489999997 5.21160369538803 5.11368721685112 5.74949108000015 6.14654565867051 4.82251403999983 2.67965723999968 2 2.55922488971404 3.30536237747491 4.62585049476431 5 5.06179934075737 6.01673545999992 7.9279936800002 8.78839557596025 9 9.13537250043855 9.66385856732236 10.3574890498337 10.6072097999999 10.1629767012096 10 10 10 11.0052556983519 11.4272002388186 12.9681029371701 14.4631039350694 14.2743454346165 13.1565234390952 12.9108146999999 12.7537569159739 12.2497222074697 11.7995701914957 11.9185109207434 12.5592215470175
5.60279002303054 4.05468093999966 3.23217649999994 3.23217649999994 3.84876409331917 4 5.89177955999993 6 6 6 6 6 6 6 6 6 6.66017378000019 7 7.80303058000017 8.20302882536995 7.50590194128249 6.46033268280465 6.14343231999978 5.19498819097958 5 5 5 5.10352429267078 5.23217649999994 4.5067412355039 2.67965723999968 2 3.41961208776653 3.97085176814641 4.94588497999991 5.01329362002857 5.78842725588426 6.44332278820309 8.82159524770946 9 9 9 9.12010773135976 9.23217649999994 9.23217649999994 9.23217649999994 9.23217649999994 9.23217649999994 9.23217649999994 10.2454682772521 11.1774787600008 13.0743743891464 13.4643529999999 13.0909732336011 12.145237317689 12 12 11.5479529900486 11.7390679140389 12 12.8030233800001
5.04851934742818 3.47736023298562 3 3 3.12908602577237 4.62853484928329 5.14335186988883 6 6 6 6 6 6 6 6 5.50589432121869 5.82092188000019 6.1607481 7.63772362002341 8 6.26027483914909 6 5.91125581999985 5 5 5 5 5 4.5658427558372 3.57200511999992 2.39445542499044 2 2.93211343418162 3.89463744623262 4.94588497999991 5.01731338000019 6.07447670747449 7.31976243999983 9.8392519 9.58493593128365 9 9 9 9 9 8.38600550879992 8.1607481 7.42686076797172 7.3214962 7.51408355285617 9.42450026673065 10.4822443 10.4822443 10.6878476290236 11.1607481 11.1607481 11.1607481 11.5602091923352 11.9453724234186 12.6139924769956 12.2943974851811
4.52579350817419 3.41125221999986 3 3 3 3.95256800812318 4.08931969999995 5.08931969999995 5.17013946209834 6 6 6 6 6 5.52888961745851 4.50057431999984 4.74949348000014 5.08931969999995 5.96407673049652 7.77134453248849 6.96962624298473 6 5.91125581999985 5 5 5 5 5 5.42490181381769 4.69646098635061 3.25050891999989 3.57693380713035 3.89308683612922 3.98878649938864 4.94588497999991 5.91222672590765 6.16955717083318 8.09946318485306 9.30023196431409 9.9729337210545 9.91068030000005 9.50462272546435 9 9 8.39879711524275 7.35772231999988 7.08931969999995 7.01121371497861 6.13860336828087 6.10817689154044 7.26737878000031 8.32450104194073 9.30022977868142 10.3030245800003 11 11 11.4711038256436 11.9632662176162 12 12.0653458441351 12.0175938926054
4.48268062 3.41125221999986 3 3 3 3.87446138000003 4 5 5.00158779168675 5.17520054138026 6 6 5.63223939941835 5.01789129999992 4.50057431999995 4.00735787978277 4.66017378000019 5 5.80303058000017 7.74891796000034 7.05411262000006 6 5.99841225125237 5.98210870000008 5.98210870000008 5.98210870000008 5.61435045647934 5.43790869658798 5.99136413034519 5.40072364272189 4.97029737578914 4.25879616228794 4 4.85881141499046 5.92799367999999 6.01700362112459 7.07243818580872 8.16017017999995 9.23159858000017 10.2976054333929 10.6143528135402 9.99202255952692 9.98210870000008 8.82569420867778 7.35772231999979 7.00480207179518 7 6.14119094207016 5.07200872000002 5.01820101593639 5.12452198000024 6.19595037999992 7.49483140326506 9.61851895633242 11.3677535293989 12.4200126824664 12.973472744467 12.9821087000001 12.9821087000001 12.9821087000001 11.404796204397
3.48962360062101 3.94646290000001 3.94646290000001 3.94646290000001 3.98945495695357 4 4.05064019574083 5 5 5 5 5 5 5 4.51037867088998 4.6107627597165 5 5.03916785907087 5.81357575153564 6 6 6.05446413664544 6.19106727396105 7.05353709999999 7.05353709999999 6.75050772000002 6.03348971638635 6.4220147269929 6.45684384240081 6 5.37517228118804 5.05353709999999 5.85656528000013 6.05353709999999 6.10417703876273 7 7.08874178000012 8.32034035999989 10 10.3030269800001 11 10.5779875445181 10.0258417060881 8.8540383033054 7.39336811999986 7.01436949790719 7 6.0787300791195 5.05122013027381 5 5 5.31176064154554 7.17805908000023 8.83931358275903 11.26737878 11.9167969960292 11.9464629 12.5352010800002 12.9464629 12.2148679199999 11.1434395199999
3 2.92642683929835 2.87503449999993 2.87503449999993 3.57771606213786 3.96862400716477 4.82768619069732 4.75006899999987 4.76115926074287 4.89505084646313 5 5 5 5 5 5 5.08249894650466 5.76514264777519 6 6.10927720366527 6.12496550000007 7.14011740489466 8 8 8 7.73483883798644 6.75050772000004 6.12496550000007 6.06031902485303 5.92642743913276 5.87503449999993 5.96645923230756 6.903378998028 7.12496550000007 7.95264749053173 7.24993100000013 7.31649345818303 8.2803088667423 9.7790108323489 10.17806148 10.9218285037893 10.8885598209807 10.2974029952296 9.28629391999988 8.2148655199998 7.23486155239031 7 5.36036824383007 5.00676281044903 5 5 5.16016778000009 6.23159618000022 7.53031392369653 9.12452197999984 10.1402305904077 10.7543952506251 11.4637726800001 11.8750344999999 11.2348636524731 10.0966264018065
2.89840162941618 2.3304847926304 2 2 2 3.40544499836476 3.60721219999987 3 3.08874658000001 4.12871759099537 4.80360609999993 4.86311969309809 5 5 5 5 5.66017378000019 6 6.15771030742555 6.89911447052792 7 8 8 8 8 8 7.69908344379954 7.19639390000007 6.67907931999995 5.60765091999998 5.19639390000007 5.78431194596662 7.29063668783991 7.77895013812681 7.9893721401736 8.80700634222035 8.92868656426705 8.16493745368616 8.23159858000017 9.24351432959264 10.1045207275457 9.80301349450057 8.80360609999993 8.33049057859439 7.46948418064116 7.05271263731202 7 6.12554581999959 5.0541174200001 5 5 5.16016778000009 6.23159618000022 7 7.30091269889113 7.8911744831556 8.93302307479803 10.276719692751 10.7368648892958 10.9472868913426 9.23624434661038
2.21485832000003 1.73217770000004 1.73217770000004 1.73217770000004 1.73217770000004 1.96637795805279 2 3 3.08874658000001 4 4 4.22187311170731 4.83246648666605 5 5 5 5.48336451984087 5.92811707853261 6.80303058000017 7 7.25332973365252 8.26782229999997 8.26782229999997 8.26782229999996 8.26782229999996 8.26782229999996 8.26782229999996 8.14840403773412 7.48268541999988 6.56893551901237 6.26782229999997 6.07188356424092 6 6.87445658000014 7.94588497999991 8.01267647074777 8.73217770000003 8.65780181199808 8.43739361562776 9 8.89971249888104 8.4057115394922 8 8 8 7.4643407129855 7.05275408864107 6.12554581999959 5.30744586810557 5 5 5.16016778000009 6.16956955840136 6.73217770000003 6.83246455834547 7.32646440328144 8.24948748000026 8.88985491346548 9.48335924816153 10.2678352297881 8.70048796575593
1.31893088178852 1 1 1 1 1.57779974471198 1.98164306998783 2.66662450468773 3.05863924061239 3.71508877408742 4 4 4.37446018000006 5 5 5 4.77603558301323 5.64054803168644 6.80303058000017 7 7.94588737999994 8.99412560951388 8.6908558251859 9 9 9 8.87296493601451 8.36613031868516 7.48268541999988 6.80026853191484 6.66074929999992 6.17734525748487 6.54485574436968 7.25629797311558 7.96424353841546 8 8 8.10583233431582 8.739319280384 9 8.62554462 8 8 8 8 8 7.19697421999989 6.12554581999959 6 5 5 5.16016778000009 6 6 6.24741954441787 6.66074929999992 7.17805908000014 8.24948748000011 8.88471127438169 9 9
1 1 1 1 1 1 1.55743261645034 1.61375129457633 3 3.09439446337108 3.68443556765541 4 4.22067721029178 4.77243802073474 5 5 4.61094579381392 5.87388345999996 6.88392180413323 8.07736608068029 8.40101232416053 8.57200511999974 7.6416197000274 8.24442133099898 8.68443458202556 8.87555216694804 8.36864510407835 8 7.69513570613123 6.82193611999997 6.41067910000005 6.11022636078945 7.27626946976314 7.94844194126353 8 7.99288975668356 7.58932089999995 7.65509944536917 8.13648588360441 8.58932089999995 8.36864651844853 8 8 7.75821654847207 7.58932089999995 7.58932089999995 6.78629511999984 6.07398677563339 5.61154579333992 5.41067910000005 5.41067910000005 5.50506932026069 6 6 6 6 6.30486146512851 7.17805908000015 8.52060409692493 9 9
1 1 1 1 0.61285177759457 0.517892500000017 0.973913057111334 1.02628713553602 2.56067789181737 3 3.11994565347677 3.51789250000002 3.69842256122939 4.23092235141776 4.76729489593535 5 5.31827473064143 6.59260096200558 8.16144119604225 10.2265329745996 8.62418131989344 7.50892478740626 7 7.08295217788764 7.63783691053477 8.02494109363673 8 8 8 7.41125701999992 7 6.62110996093637 6.51084386342132 7.39234908000016 7.97391074299531 7.50057911999983 6.56067557770143 7.16017017999995 7.88834458759257 7.51789250000002 7.51789250000002 7.73285641446643 7.75059991818062 7.21298816917233 7 7 6.19697421999989 5.57841908141547 4.57200992000012 5.52623825329045 6 6 6 6 5.81947340994467 5.73285525740849 6 6.5887381800002 8.32033316000066 9 9
