catData/variables/pastClimate/midhol_MIROCesm/bio17.asc
NCOLS 409 
NROWS 350 
XLLCORNER 60.897278365 
YLLCORNER 5.843756025 
CELLSIZE 0.0892857 
NODATA_value -9999 
[rows 189 to 215 of 350, columns 122 to 182 of 409]
-9999 -9999 -9999 -9999 -9999 -9999 -9999 -9999 -9999 -9999 1 1 1 1 1 0.411254619999889 0 0.431155478540417 0.589330499999936 1.46378948000011 1.97777759740088 2.01731578000022 3 3.06577799334231 3.64227048000026 4.89228333603008 5.62554221999997 5 5 4.6530358052251 4.13955724946105 4.30044571585273 4.88391849883358 5 6.50332384820569 5.99288992289201 5.58933049999994 5.72088451547093 6.58853524085222 7.30310493836304 7.36865252367687 6.55411621999985 6 6 6 4.96795788975394 4.58933049999994 5.46378468000035 8.0385331138123 9.62704525699807 11.8773191704451 13.1601677800001 14 14.4816062072442 15.7431069180701 16.4458813800003 17.5173097800002 18.3469613659886 19.9096636600006 21.6213692246393 22.8030233800001
-9999 -9999 -9999 -9999 -9999 -9999 -9999 -9999 -9999 -9999 1.4820979 1.33600691522874 1 1 0.750602570307672 0.212989631332645 0 0 0 0.874458980000171 1.94588737999994 2.01731578000022 3 3.16017257999997 4.2316009800002 5.30302937999996 5.62554221999997 5 5 4.71616824570222 4.4942651918762 4.8609949624215 5 5 5.94588497999991 5.9910333641398 5.56766235156064 6.5349809377381 6.88005460906089 6.78512488000011 7.4820979 7.25117375398198 6.71480068437753 6.19826730273719 6 4.8895068005434 4.4820979 4.93497955617599 6.43575715453527 8.54355866710519 10.2234370712557 12.7552864303858 14 14.1569370663338 14.7118320846932 15.6966440569475 17.2846058385878 18 19.0020682381323 20.6283916564917 22.225963465149
-9999 -9999 -9999 -9999 -9999 -9999 -9999 -9999 -9999 -9999 2.85065547600208 1.86470427996584 1.34625274206728 1 0.769031573866625 0.227640248166475 0 0 0.444498545734407 0.943949236298912 1.42231383833181 2.01731578000022 3 3.07151284443112 3.67807468000012 4.58176834849719 4.93303407893914 5 4.71365277459644 3.85773071999984 3.74122285866265 4.70286683860831 5.44449721727127 5.06949158476188 5.42231276679491 5.44647369999992 5.57483635086128 6.91009403421134 7.25639181014553 8.2423461769606 8.55352630000008 8.55352630000008 8.03621411999999 6.96478572000002 6.55352630000008 5.82192892000001 5.55352630000008 5.06949291322485 6.46945346474177 8.0442040427092 10.681885479325 12.2316784813575 13.7028628532193 14.3857942254234 14.2072695725434 15.1984819894901 17.0346195600005 18.3258820664443 18.8482733155891 19.326637917622 20.6080258996551
-9999 -9999 -9999 -9999 -9999 -9999 -9999 -9999 -9999 2.22024785342659 3.05658016086654 2 1.62553981999994 1 0.676700321959187 0.154239112334225 0 0 0.803030580000166 1 1 1.40318265809547 3 3 3.08686085902446 3.37504529999995 3.51548393043738 3.75009059999991 3.55607419814941 3.15424001244296 3 4.46319955999985 6.30488441532371 4.65750662076579 3.78391003608956 4.38586537820396 5.03328218750268 5.5352154799999 6.98298108108473 9.18937813537789 9.62495470000005 9.62495470000005 9.43093919825828 8.66116882000004 7.83733369315477 7.35057254113874 6.74805466456782 6.29699476972558 6.95940703196168 9.90515988337521 11.6582359873941 12.2602653868997 13.7986728176141 14.4507739909731 14.99940768 16.0708360800003 17.3362790816334 18.5887381800002 19 19.914427442495 20.5510795444592
-9999 -9999 -9999 -9999 -9999 -9999 -9999 -9999 -9999 2.04863183088516 2.2332981997348 2 1.62553981999994 0.68949072840485 0.146550722215038 0 0 0.509475394075139 0.940196755304856 1 1 1.02257314344496 2.30361689999998 2.30361689999998 2.30361689999998 2.51464143903544 3 3 3 3 3 3.4442521144885 4.09485965324851 3.41796821198724 3.01643023461587 4.00525663476418 4.36541517585599 5.04863037352402 5.99841264000049 8.81766674771621 10 10 10 9.41125941999994 8.79956154081621 9.20585515143636 9.14895400205633 9.08914930000005 9.08914930000005 11.0173109800002 12.1235932090735 13.490025489687 14 14.3030245800003 15.37445298 16.7563856376372 18.2136928800002 18.8751339611233 19.9194576989941 20.8370153997664 21.5592119107369
-9999 -9999 -9999 -9999 -9999 -9999 -9999 -9999 -9999 -9999 2 2 1.62553981999994 0.554111419999793 0 0 0.506889020282677 0.937681112770945 1 1 1 1.01731578000022 2.0681388019622 2.76781150000009 2.58998560414465 2.30302937999996 3 3 3 3 3 3 3 3 3.72626136532129 3.23218849999991 3.3890672392146 5 5.51697168689269 7.60557485994574 8.46437699999981 8.80673169394744 9.23218849999991 9.09548970784062 9 9.73159738000007 10 10 10 11.0040194104798 11.4096672600007 13.3551671634135 14.1778222103603 14.8381703226935 15.6619622842533 17.3172214088005 18.9145061781469 20.2198514450934 20.8421891759209 21 21.1864527940671
-9999 -9999 -9999 -9999 -9999 -9999 -9999 -9999 -9999 -9999 3.67847979999997 3.42416343925596 2.1505177959827 0.554111419999793 0 0.494098613836747 0.945369502890203 1 1 1 1.7938264302024 1.8420235865244 2.01426652325124 2.29518332002193 2.7683990199998 2.04871503343174 2.47502000984146 3 3 3 3 3 3 3 3.94588497999991 2.98546992069998 2.26376801742714 3.45594140584616 4.62395726000035 6.46378708000012 7.47501799566567 7.69747686212227 7.75566922221208 8.16076010000001 8.16076010000002 8.89235748000008 9.83469137530472 10 10 10.1752881651243 11.1774787600008 13.1601677800001 14.2315961800002 15.254310318217 16.2738899785101 17.4458813800003 19.0346195600004 21.0828307513097 21.8392399 21.8392399 21.8392399
-9999 -9999 -9999 -9999 -9999 -9999 -9999 -9999 -9999 -9999 4 3.69696822000001 2.59208865553825 1.46477971999983 0.910668300000035 0.96326192566257 1 1 1 1 1.08449772766391 2 2 2.01430848886478 2.06864239073489 2.27595925033463 2.94411925006565 3 3 3 3 3.66624472793293 3.91066830000003 3.11432841286746 3.08449751326782 2.99845336633184 2.91859575406847 3.16017017999995 4.25228767486916 5.39235868000007 6.46378707999997 7.45555236786047 7.48578087294014 7.62547908312965 7.39880503727052 8.48717162232918 9.80302578000011 10 10 10.9279792800002 12.0073349196728 13.1601677800001 14.2315961800002 15.3030245800003 16.7154554387265 17.9504996416738 19.5057171779266 21.5519994624745 22.6011927771257 23.5769086567253 23.0900486636751
-9999 -9999 -9999 -9999 -9999 -9999 -9999 -9999 -9999 -9999 3.01790329999989 3.01247803113305 2.62553981999994 1.99201712298573 1.47404140108811 1 1 1 1 1 1.92895287446969 2 2.08715536632237 2.98209670000011 2.98209670000011 3.28512608000008 3.98209670000011 3.98209670000011 3.47404375812005 3 3.64835213373268 3.9951947503413 4 3.98434434151138 3.05314618256253 3 3 3.16017017999995 4.23159858000017 5.30302698000011 6.00670398700471 6.46378708000004 7.00864170484775 7.58874058000006 7.98818079670044 9.44529146000025 9.9964735114471 10 10.9289481604055 11.9824066236683 12.0887393800004 13.1601677800001 14.2315961800002 15.3030245800003 17.1166549959631 18.9820967000001 20.5340260400008 22.5708348800003 22.9939158603318 23.7315949800001 23.1969766199999
-9999 -9999 -9999 -9999 -9999 -9999 -9999 -9999 -9999 -9999 2 2 2 2 2 1.47427993067795 1.07171433240808 1.05352509999998 1.89953797209769 2.93470367564974 3.05352509999998 3.05445192885607 3.19104433889118 4.05352509999998 4.05352509999998 4.05352509999998 4.05352509999998 4.05352509999998 4.05352509999998 3.49629464687868 3.73188584086848 4.09268405138443 4.10705019999995 4.10705019999995 4.05642161185698 4.03528501960394 3 3.16874330490146 4.50432592284595 6 6.39449814166003 7.07739107391285 7.59667319383433 8.61075328158148 9.03533561067139 9.78512248000005 10.0535251 10.9279792800004 11.9487792203171 12.015457836129 12.8089602041881 12.1066426800001 13.4096672600005 15.2657189009473 17.1233589399999 19.4697472254529 21.0881446600004 22.6422632800002 23.6783561977891 24 23.1969766199999
-9999 -9999 -9999 -9999 -9999 -9999 -9999 -9999 -9999 -9999 2 2 2 2 2 2.51517958416024 2.37985476883834 2.30778600599738 3.67989721526621 4 4 4.01731578000022 5 5 5 5 5 4.94428496120732 4.87504649999995 4.94861199595142 5 5.73159977999993 6 6 5.17230665884856 4.96537323999963 3 3.30032653541326 5.10664508000012 5.98863934523632 6.95202824967526 8.51512254109593 9.06463996748367 9.12495350000005 9.78512248000019 10.7651352267782 11 11.8744541800004 11.8818086610399 11.8577355199998 10.8750464999999 11.03521428 12.3093001067227 14.3940061418576 16.9984054399999 19.7668092600005 21.9096660600004 23.4637846800001 23.8750464999999 23.8750464999999 23.1723637019127
-9999 -9999 -9999 -9999 -9999 -9999 -9999 -9999 -9999 -9999 -9999 2 2 2 2 2 2.66017378000019 4.31953093384731 4.15828819105835 4 4 4.01731578000022 5 5 5 5 4.92646326969378 4.35773191999972 3.8036180999999 4.27674261497585 4.73688190992992 5.67889083483587 6 6 6.18575468955394 5.16515517445958 3.41019107936601 3.71786135572849 4.57888061082261 6.0459538259167 8.37445538 9 9.51731218000009 10.1156179937076 10.7269056413867 11 11 11.7027272066689 10.85773552 10.9792894568565 9.82104490804921 10.1287137270449 11.0352142800001 12.5936747544665 15.6077490276727 18.5865619925795 20.7366473825153 22.080356857609 22.5404990672967 22.6072361999998 22.7649354571087
-9999 -9999 -9999 -9999 -9999 -9999 -9999 -9999 -9999 -9999 -9999 2 1.89971570685613 1.61277614562358 1.46437940000001 1.62205147684145 2.39236348000019 3.07193068138708 3.62668882107804 3.73218970000001 3.985508083004 4.01267843576362 4.7559563054691 5 5 4.9188456108334 4.35773191999998 3.40571643163153 3 3 3.48337068467091 5.19538925999986 5.94724891779429 6.23418847902681 6.96037753974064 5.98732332149168 5.38031804272449 6.53562059999999 6.53562059999999 7.06052081357828 8.54198267234558 9.11941226888697 9.78512248000008 11.014221671352 11.3588205474155 11.071880986183 11 11 10.0541174200001 10.706839857494 9.30901904004096 9.73218970000001 10.0258097224449 11.3030245800003 13.0966824603612 16.2664029400008 18.4460685800002 19.0864289486073 19.8567356800003 20.3924977710723 21.4824607123049
-9999 -9999 -9999 -9999 -9999 -9999 -9999 -9999 -9999 -9999 -9999 -9999 1.49850843533493 0.366135382223869 0 0.389020162657825 1.09697858509872 0.838108192460304 2.26682246000026 2.95741162757857 3.94588737999994 4 4.08874418000015 5 5 4.59417132706702 3.2863035199999 2.66076129999993 2.66076129999993 2.86048570316933 3 3.96682564342483 5.39696901584666 6.23856836659431 6.64240339096462 5.99412663147613 5.80814021391724 7.43019444728377 8 8.30302698000011 9.12702975631923 9.63386144612185 10.5173121800001 12.1774811600001 12.3398310199999 11.2684026199999 10.7275825783262 10.364112600767 9.69651999679184 9.65488874564894 9.2628870519096 8.71509640946906 9.30605958594393 10.6245471800002 11.3215225999999 12.3566463005896 14.3358464772645 15.57102208 16.6424504800001 17.9620642099417 19.6551527524991
-9999 -9999 -9999 -9999 -9999 -9999 -9999 -9999 -9999 -9999 -9999 -9999 0.737302392372044 0 0 0 0 0 1.60606116000033 2.51534744661451 3.5352202799999 3.58933289999996 3.64163276495757 4.24444340892804 4.49422199718612 3.82149543339879 2.62554221999997 2 2 2.58874298000008 3 3 4.60605636000028 5 5.1689972966596 5.16135241999974 4.30385090944154 5.97544988332692 8 8.30302698000011 9.37445538 10 10.3048690872448 11.5250376733591 11.7896065005264 10.8577355199999 10.1160833882978 9.48465538218327 9.41066710000004 9.4004651699547 8.82133420000007 8.849950704548 9 9.17858235450286 9.74310841938292 10.0796637534628 11.000843252846 12.1149614789601 13.5597155698515 15.341413771189 16.9007973626968
-9999 -9999 -9999 -9999 -9999 -9999 -9999 -9999 -9999 -9999 -9999 -9999 0 0 0 0 0 0 1.21892373101985 1.51790449999999 2.00778383059515 2.51790449999999 2.51790449999999 2.60085859995858 3.02751560050715 3 2.80606663067798 2.26713577910973 2 2.30491263868545 2.83617015152686 3 4.60605636000028 5 4.51012191237565 3.99103332258769 3.57401503440016 4.99841503999982 7.62955713322446 8.30302698000011 9.19393212635121 9.73286306386106 10 10.3049113957146 10.8361689944976 10.6211024247098 10.094960385078 10.4215704251344 10.4820955 10.4904410455587 10.8358484326871 9.43495288598293 9 8.85391321359245 8.71183538338038 8.80488502683163 8.536428845912 9.12136955451255 11.1801409025324 12.7674039800001 15.028989717893
-9999 -9999 -9999 -9999 -9999 -9999 -9999 -9999 -9999 -9999 -9999 0 0 0 0 0 0 0 0.803030580000166 1 1 2 2 2 2.10340430230665 2.44647609999991 2.6537474307709 2.80092247730966 2.26717791615152 2.32588331038732 2.84827464307412 3.40495796346477 4.71508496999672 5 5 4.5439405303802 4.04912069615862 4.85671839460535 6.67807468000008 7.58177040422511 8.30749220462705 9.44588378000015 10 10 9.92933036306262 10.2979088350073 9.6434503199998 9.83689899191511 10.4165208146235 10.4637870800001 11.2784966954015 9.55352390000009 9.42532987922125 8.86470676731735 8.34625522614385 7.75319399960483 7.2155096469336 7.85159570652773 9.76680926000057 11.17807108 13.4110536069113
-9999 -9999 -9999 -9999 -9999 -9999 -9999 -9999 -9999 -9999 -9999 -9999 0 0 0 0 0 0 0.803030580000166 1 1 2 2 2 2 2 2.14043952913611 2.65370529372932 2.8059823565945 2.84575900054018 3 3.73159977999993 5.30488248805605 5.62495230000002 5.0338193062136 5.61845895665172 5.22772762096581 5.16017017999995 6.23159858000017 7 7.51489400902162 8.82093148000013 9.37504769999998 9.37504769999998 9.1274528424396 8.81717044939001 8.44892242817023 8.92153985103587 9.9458825799999 10.0173109800002 10.9112606199996 9.89990277750305 9.28818808536212 9 8.62554702000003 7.83277321395808 7.30165836317637 7.5887381800002 9.32033316000066 10.7315949800001 12.1041954517153
-9999 -9999 -9999 -9999 -9999 -9999 -9999 -9999 -9999 -9999 -9999 -9999 0 0 0 0 0 0 0.803030580000166 1 1.65869771580555 2 2.06179973418944 2.47329851323765 1.4649017525732 2 2 2.44588618000018 3 3 3 3.73159977999993 5.04684303389203 5.9125739853001 5.71281106449194 6.69638070000003 6.66943698287564 6.44139215793251 6.9279792800002 7.48535855954866 7.11369188035682 8.06000793883528 9 9 8.5402710635892 8.08149221560254 8 8.87445418000041 9.9458825799999 9.32093028000013 10.2766763115618 9.83983221999991 9 9 8.62554702000003 8 8.20317931342661 8.57151367409498 9.55698659490343 10.7315949800001 11.2438133965192
-9999 -9999 -9999 -9999 -9999 -9999 -9999 -9999 -9999 -9999 -9999 -9999 0 0 0 0 0 0 0.803030580000166 1.67141756242091 1.98743554206083 2 2.02060559102399 2.15780966898892 1.82158473998718 2 2.28751209104984 2.87133981343184 3 3 3 3.16987081135794 4.65179142416067 5.2030408603211 6.68470909039455 7 7 7 7.05377508272895 7.16183079278945 7 7.20706031234722 8.25877579868975 8.54795962513664 8.07890567038167 8 9.23314100283747 9.06724462612572 9.21962532754444 9.77182855202619 10 9.83983221999991 9 9 8.91305542556615 8.76780910000007 9.28511888000029 9.76780910000007 10.9348575876406 11.7054878968418 11.7678091000001
-9999 -9999 -9999 -9999 -9999 -9999 -9999 -9999 -9999 -9999 -9999 -9999 0 0 0 0 0 0 0.803030580000166 1.14058021177228 1.1607625 2.01453205191793 2.8392375 2.8392375 2.8392375 2.8392375 3.21369528000003 3.8392375 3.40508770516715 3 3 3.61398597036769 4.77136249778741 5.73387675405787 6.93718531409714 7 7 7 6.80563378671711 6.1607625 6.1607625 6.53496488881788 7.16632879867453 7.72097076501554 8 8.61398395619781 9.77135971195738 9.85942055988768 9.8392375 10 10 9.97425102726774 9.64487330088707 9 9 9.37420037464798 9.92240151350729 10 11.8743697101837 12.2252555579721 13.3478546677456
-9999 -9999 -9999 -9999 -9999 -9999 -9999 -9999 -9999 -9999 -9999 -9999 -9999 0 0 0 0 0 0.803030580000166 1.79633997403498 1.91066590000005 2.00154688962212 2.17015039854956 3.14586370672101 3.91066590000005 3.91066590000005 3.94411774876433 4 3.95378616757884 3.91066590000005 4.51186146392217 5.55293158000003 5.89306959973501 5.9887846915634 6.08449978339176 6.08933409999995 6.08933409999995 6.08933409999995 6.06864444929437 5.72404366253391 5.08933409999995 5.5352178800001 6.56043266198072 7.58874058000006 8 8.73159738000007 10.5343139746672 11.7070015028389 10.9599487889901 10.9106659 10.8298539726465 10 9.76840381999978 9 9 9.44588138000028 10 10 11.379308547275 12.6902163217945 13.7854266509314
-9999 -9999 -9999 -9999 -9999 -9999 -9999 -9999 -9999 -9999 -9999 -9999 -9999 -9999 0 0 0 0 0.0143788246562413 0.892364680000086 1.01790569999992 2 2.00158902666382 2.17807827999989 3.24535970233254 4 4 4 4 4 5.30852192932151 5.99519410618077 6 6 6 6 6 6 6.22745164530628 6.38146625019563 5 5.44588378000015 7.02536152329879 7.99263611220334 8 8.73159738000007 9.81740451870899 12.6099528115796 11.1072658297129 10.9829989852144 10.0163167592835 10 9.99585310827979 9.68449558722186 9.36774813727602 9.99007811822592 10 10 11.3203331600007 12.0130997202333 12.82092908
-9999 -9999 -9999 -9999 -9999 -9999 -9999 -9999 -9999 -9999 -9999 -9999 -9999 0 0 0 0 0 0.0429803648241676 0.881178274351314 1.99651382647345 3.08972961999977 2.19578958000013 3.10704539999998 3.10704539999998 3.39385582940302 4.05352269999999 4.05352269999999 4.57083728000011 5.02201158610435 5.62483722527983 5.94647730000001 5.94647730000001 5.89967402280564 5.89295460000002 5.94647730000001 5.94647730000001 5.94647730000001 6.16568009868241 6.3193382842847 4.62554462 4.44588378000015 6.00693641538369 7.53521788000007 7.98181132626586 8.73159738000007 9 10.7021052112609 10.9971034895646 10.9826890199998 10 10.1601677800001 11 10.983781306312 10.9665190345127 11 11 11 11.6601665800003 12.039156938636 12.0535227
-9999 -9999 -9999 -9999 -9999 -9999 -9999 -9999 -9999 -9999 -9999 -9999 -9999 0 0 0 0 0 0.803030580000166 1 3.00996442860705 5.10763531999985 4.19151791418097 4.89506264006078 5.02893879721212 5.12495110000007 5.12495110000007 5.06923713133422 5.45267555418303 5.35987000296818 4.91751085988042 4.78363470272913 4.75009779999986 3.98490553157304 3.87504889999993 4.75009779999986 4.75009779999986 4.77011124017807 4.87504889999993 4.87504889999993 4.54738213163187 4.44588378000015 5.51731218000009 6.66230436308574 7.70263123976326 8.73159738000007 9 9.7651901683097 10.8209314799998 10.8599009459929 10 10.1601677800001 11.0289381974468 10.8597897745978 10.5775668682508 11.0692377310995 11 11 11.6601665800003 12.6401813824946 12.8750488999999
-9999 -9999 -9999 -9999 -9999 -9999 -9999 -9999 -9999 -9999 -9999 -9999 -9999 -9999 0 0 0 0.143671670307352 0.841711336215037 1.171725817263 3.84828874925912 5.98948514843689 5.30401481999999 4.49002235765188 5.27708266465216 6.19637950000007 6.19637950000007 5.75049331999989 5.19637950000007 5.0807624479591 4.46947274551863 3.46477972000014 3.03868122752568 3 3 3 3 3.16017017999995 4 4 3.92646463970326 4.33706671377465 5.61890168725245 7.25824407927002 8 8.73159738000007 9 9 9.76013063188075 10 10 10.1916214485526 11.3824949379699 12 11.9264651110141 11.5328630449272 11.1963795000001 11.1963795000001 11.7269028971032 12 12
-9999 -9999 -9999 -9999 -9999 -9999 -9999 -9999 -9999 -9999 -9999 -9999 -9999 -9999 0 0 0 0.731602179999955 1 1.64027195693017 3.87728297287416 5.48633728267892 6.6672143124829 5.8827229022874 5.60696071581681 6.81334576189609 7 6.67352566150469 6.26780790000001 5.67906491999993 5.09100878908206 4.26840022000007 3.41202911052653 3.03362151966898 3 3 3 3.11727534045154 3.79421602935282 4 3.62554462 3.7723563612344 5.76681646000017 7.47860205837465 8 8.73159738000007 9 9 9 9.73682811720078 10.0237651070052 10.5452492631907 12 12 11.62554702 11.3264708239733 11.8707317458313 12 12 12 11.7849439949513
