catData/variables/pastClimate/midhol_MIROCesm/bio17.asc
NCOLS 409 
NROWS 350 
XLLCORNER 60.897278365 
YLLCORNER 5.843756025 
CELLSIZE 0.0892857 
NODATA_value -9999 
[rows 162 to 188 of 350, columns 122 to 182 of 409]
1.24997898986032 1 1 1 1.41588861215305 1.51789729999999 1.51789729999999 1 1 1 1 1 1 1 0.750600087186161 0.801733037310575 1 1 1.41588736919951 1.93947633529733 1.05411262000006 1 1 1 1 1.30302937999996 2.37445778000003 3 3 3 3.34190097523935 3.51789729999999 3.90503935375415 4 4 3.50893074724402 3 3 2.88834569926575 2.36096044523078 2 2 2.51731218000009 3.30490715678246 4.17806628000012 5.24949468000006 6.3209230800001 6.9707747587959 7.03579459999998 7.06207088980258 8.55369189999996 8.47074143919093 7.91585156368755 7.66398626818451 8.18052479268104 8.71302346282242 9 9 10.3203331600007 11 11
0.732821265462696 1 1 1 1 1 1 1 1 1 1 1 1 1 0.769034056988114 0.816387602188751 1 1 1 1.39041873889576 1.02415960192754 1.55353110000005 1.50440843642596 1 1 1.13529319395625 1.82092667999998 2.69328076769027 3 3 3 3 3.35852710819363 3.44646889999995 3.44646889999995 3 2.95087866490057 2.44646889999995 2.34306733674573 2 2 2 2.51731218000009 3 3.66016898000013 4.32663547749148 4.80499493666821 4.89293779999991 4.89293779999991 5.46377988000012 6.44646889999995 6.53512674744797 7 7.47075810909494 8.72071271008234 9 9 9.32588489238753 10.5084415267899 11 11
0.818975218934899 1 1 1 1 1 1 1 1.05546301826352 1.5248566245867 1 1 1 1 1 1 1 1 1 1 1.59114130406109 2.63578116121106 3.10571330163907 1.62495950000002 1.62495950000002 1.62495950000002 1.76539633304011 2.44588618000018 3 3 3 3 3 3 3 3 2.91125821999988 2 2 2 2 2 2.51731218000009 3 3.66016898000013 4 4 4 3.40886169574454 3.77821064140554 5.43049901855535 6.16016778000009 7.14473823285485 7.85225247999122 8.60905844715428 9 9 9.95667569860404 10.8725487042466 11.4572172329034 11.6249595
1.33613294333251 1 1 1.50948057709659 1.69638790000003 1.69638790000003 1.03768170247436 1.01206017100219 1.72333243552165 1.95136893795475 1.69638790000003 1.69638790000003 1.43561836161616 1 1 1 1 1 1 1.60896265271849 1.98357075380528 3.005257280329 3.1879241131472 2 2 2 2 2.44588618000018 3 3 3 3 3 3 3 2.98794317165977 2.2766690218164 2 2 2 2 2 2.15706223732539 2.30361209999997 2.9637810800001 3.81308766310374 4 4 3.0541174200001 3.03462196000033 5.08873938000041 6.16016778000009 7.23159618000022 8 8.37445297999997 9 9 10.1774763600004 11.4597320182966 11.9185089882273 12
1.11207057226986 1.45205014207296 1.76781630000006 1.93768295832136 1.38341818851822 1.90360940128451 1.05411022000003 1.01731818000024 2 2 2 2 1.91305644990495 1.76781630000006 1.37061189048928 1 1 1 1 1.87445898000017 2 2.23218369999994 2.21157874793404 2 2 2 2 2.44588618000018 3 3 3 3 3 3 3 2.98268661999981 2 2 2 2 2 2 2 2.45204461379553 3.4279852800002 3.93768128659874 4 4 3.0541174200001 3.03462196000033 5.08873938000041 6.28314721221898 7.82158915797837 8 8.37445297999997 9 9 9.72543358896387 10.8923502800003 12.3556448012846 12.7678163000001
1 1.09464432599826 1.1607553 1.1607553 1.03166349239018 1.87446138000003 1.84794320464917 -9999 2 2 2 2 2 2 1.91683855368501 1.34514326018542 1 1 1 1.87445898000017 2 2 2 2 2 2 2.31426170723879 2.91092326663178 3 3 3 3 3 3 3 2.98268661999981 2 2 2 2 2 2 2 3.08283799144003 3.94537036243061 4 4 4 3.84794436208734 3.85933851178338 5.08873938000041 6.32033556000018 8.19436586660543 8.8392447 8.89944000113579 9 9.43414949112335 9.93388748274739 10.6601665800003 11.8492027504885 12.8346884156412
1 1 1 1 1.73130053329905 1.98878602424513 2 2 2 2 2 2 2 2 2 1.41125461999989 1 1 1 1.87445898000017 2 1.98423098494829 1.08932689999995 1.23519175996353 2 2 2.37445778000003 3 3 3 3 3 3 3.79634408452417 3.91067310000005 3.89335971999986 2.82985834810781 2 2 2 2.3410064417163 2.91067310000005 3.38177538662851 3.92652694183125 4 4 4.73129397645266 5.70701499890902 5.8213462000001 5.82289253617947 6.08022504627751 7.99582127126747 8.9313608688113 9 9 9 9.51730978000023 10 11.2613625259257 11.976024211619 13.5343151708373
1 1 1 1.71850995542491 1.99647458579255 2 -9999 2 2 2 2 2 2 2 1.49194221796651 1.00736084081603 1 1 1.7886575371641 1.99775300405354 2 1.98268421999978 1 1.00286684892312 1.2453541698596 2.29760560864206 2.98880373257538 3 3 3 3 3 3.78865518012047 3.99775296109714 3.07104494231454 3.01758861646799 2.99841165525068 2.82479812596685 2 2.5952065031972 4.33865838000017 5.40210612916402 5.95556361205394 5.38599999327119 5.63045444551174 6.68270588429437 6.96067745692351 6.97985441814083 7.91105420064193 7.96420300000017 8.0545306817935 8.9849682630104 9 9 9 9 9.51730978000023 10.5782006496855 11.6540840715325 13.4370010545013 15.5702497600003
1.02583784532053 1 1.66017618000005 2 2 2 -9999 -9999 2 2 2 2 1.97995518401062 1.52444989109835 1 1 1 1 1 1.87445898000017 1.94936674313735 1.93008123197163 1 1 1.01239757729931 1.3403381475915 2.37445778000003 2.97613175737321 2.94647010000001 2.42075782569013 2.67836237204589 3 3 3 3 3.00092678350007 3.05352989999999 3.05352989999999 3.06592734882754 3.68067175212678 5 5.44588378000015 6 6 6 6.77075971459173 7.81356979029928 8.04680944480999 8.94877948008076 10.0009266550283 10.1375190698629 10.8398322199999 9.56160228071114 8.10705979999998 8.08701536942588 8.47554329431699 9.02769154079243 10.788229344099 13.2496558579792 14.6245351800002 14.9789117224581
1.42236567028182 1.07356892171763 1.70263998684677 2 2 2 -9999 -9999 2 2 2 1.96213366392521 1.5473734275104 1 0.935356949618035 0.875041699999933 0.957535893253375 1 1 1.76518807243956 1.04735079899631 1 1 1 1.20266051526102 1.9129077361748 2.32766617238943 2.54058987809245 2.12495830000007 2.71370128000015 3.12495830000007 3.12495830000007 3.12495830000007 3.01568769233938 3 3.14443513053233 4.24991660000013 4.22990200659664 4.32761671516099 5 5.04679130771068 5.5151252008538 6 6 6.0824935934536 7.49673389511089 8.10034473632504 8.89014217223968 9.11819587919647 10.015147829368 10.8750416999999 10.7348882135034 10 10 9.67233802781078 9.12495830000007 9.64226808000029 11.1552992157645 11.8750416999999 12.6980555449895 14.6060467600002
1 1.47312554635355 1.93326312140879 2 2 2 -9999 -9999 2 2 1.95451617649289 1.56009293126929 1 1 0.482683020000026 0 0.530524429919381 0.947290237842979 1 1 1 1 1 1 1.04548335217902 1.43990514005877 2 2.44588618000018 3.10159370322814 3.66950838900973 4 4 4 3.12554341999986 3 4.22761334243636 6 5.87128511308866 5.15090381914913 5 5.37445538 6 6 6.11562081966234 6.8565556800002 7.92798408000014 8.84170889705098 9.17173117071155 9.95651052152624 10 10 10 10 10 10 9.91243482719027 10.2193303194282 10.7228469483341 11.1925571082897 12.9996388838592 15.1952068600004
1.12926915851337 1 1.48337103033571 1.73218489999999 1.94724925784205 2 -9999 -9999 -9999 1.9571027217138 1.56260840237487 1 1 1.11941569464162 0.611952821269639 0 0.176804506908134 0.803483169003052 1 1 1 1 1 1.04289663552995 1.43738984038135 2 2 2.44588618000018 3.51731458000012 4 4 3.80406653175934 3.94724797232955 3.12554341999986 3 4.75413506459627 6 6 5.76840141999983 5.08115520095143 5.54198567495977 6.11941440912912 6.26781510000001 6.69888206269329 7.83697220139577 8.80347965451561 9.21506242957332 10.1422692800004 10.0144934622491 10 10 10 10 10 10 9.55411861999973 9 9.5887381800002 11.8036971613615 14.9269698400004 17.9834170204514
1.65817785708907 1.13951464249556 1 1 1.53060926124943 1.95741183916603 -9999 -9999 -9999 1.55491984082756 1 1 1 1.29462377751087 0.801618962904633 0.199728043320118 0.775457616264724 1 1 1 1 1 1.03010588622789 1.44507857335682 2 2 2.12703236788947 2.63386569169534 3.3418189712798 3.66075649999991 3.66075649999991 3.17734718996646 3.53060608961819 3.08295363079713 3 3.69538326000029 5.6908615720434 6 5.76840141999983 5.20022704671041 5.91481960741004 6.63386410587972 7 7.1997264149513 8.65958146000035 9.09105384421797 9.80302578000011 10.5778012833874 10.3566429540566 10 10 10 10 10 10 9.70538097993589 9.33924350000009 9.92798168000028 11.8835338811831 15.1214607815983 19.4880064759744
2 1.65303438943333 1.41067190000005 1.41067190000005 1.08088882034067 -9999 -9999 -9999 -9999 1 1 1 1 1 0.695130567078903 0.757636096179264 1 1 1 1 1 1.00711110427267 1.46297133898559 2 2.09511201449855 2.41067190000005 2.63135039201767 3.18311292472444 3.19822533853367 3 3 3 3 3 2.61155161808193 3.02751664134027 4.64162612459804 5.24443359214383 5.45284054888576 5.12444466562792 6.00580435763021 7 7.2124455758538 7.9994124800001 9.18878416132481 9.15817720607957 9.47324565717844 9.9484418595637 10.5574351836944 9.58932809999995 9.62577086978954 10 10 10 10 10.1831109534994 10.8355610804827 12.0625321069836 14.6231873400012 17.9681765190664 20.9006348027912
2 2 2 2 -9999 -9999 -9999 -9999 1 1 1 1 1 1 1 1 1 1 1 1 1 1.01731578000022 2 2 2.2316009800002 3 3.18052620807534 3.71302461885623 3.48268541999988 3 3 3 3 3 2.51012645262353 3.01731338000019 4 4.08295208817092 4.51789970000002 4.67483728203398 5.77130488206925 7 7.51731218000009 8.30490856975986 8.51789970000002 8.51789970000002 8.90503866944579 9.45287955748597 9.06188942441731 8.52624532865139 9.08873938000041 10 10 10.292176481851 10.9642006 11.6250415270628 13.4809204600004 15.3399464068008 17.944700340001 20.0746884006637 21.7010092475951
2 2 2 2 -9999 -9999 -9999 -9999 1 1 1 1 1 1 1 1.3258874648225 1.55352870000006 1.55352870000006 1.10902822699227 1 1 1.55167491761426 1.49559375058799 2.08866011998304 2.65693189062201 3.1677354587732 3.72071335183177 4.24681079756349 4.03621411999995 3.22764256364645 3 3 3 3 3 3.01731338000019 4 4 4 4 4.91609434030057 6.69328076909454 7.23096504151044 7.12058649211523 6.89294259999988 7.29790274667477 8.69399489607004 9 8.57769057486015 8.56125755574501 9.08873938000041 10 10.256390264881 11.7131065600008 13.1070574000001 13.0115875974975 13.9275621600003 15.4816807800001 17.1426000423787 18.5174801799999 19.1444120923987
1.67669758050138 1.74298500522031 2 -9999 -9999 -9999 -9999 -9999 1 1 1 1 1 1 1.32330091960156 1.84576187467686 2 2 1.19696941999983 1 1.59113903393139 1.99350583965296 1.65823997462541 2.16017257999997 3.14474067681809 3.92798648 4.62495710000003 4.79218354601721 4.48268541999988 3.77919612542615 3.21237830885211 3 3 3.54649784831284 3.62495710000003 3.6314503602441 4 4 4 4.18937886264263 5.37386786000003 6.79218264591424 7 6.41125941999995 5.58742270874914 6.5638572569725 8.10419489730609 8.92153924841593 8.40886396586272 9.02163723971812 10.3386535800005 11.2499142000001 11.4236312059525 12.0379170717635 12.1251286999999 11.7906794083773 11.7630696201792 12.7138668800001 13.3727194886463 14.6889820570755 15.626983862797
1.84293433510099 1.87513786285085 -9999 -9999 -9999 -9999 -9999 -9999 -9999 1 1 1.21102693763119 1.6963855 1.6963855 1.8534504362242 2 2 2 1.19696941999983 1 1.94588737999994 2 2.0618001601615 2.63347435558083 2.5352154800002 3.60664387999996 4.56438146835421 5 4.84293579245056 4.6963855 4.03621411999984 3.6963855 3.6963855 3.96188319730845 4.65870058473973 4.6963855 4.63458701116373 4 4.16128189293271 4.78838888501924 5.74891076 7 7 6.82124982317358 6.03621651999987 7.15958026000014 7.94019577068184 8.26549696863373 8.01643083341462 8.32618134453742 9.75776519751168 11.3036145 11.3036145 11.2116118436555 11 11 11 11.1787494481517 11.7633449338968 12.4442456881105 13.9694662179931
-9999 -9999 -9999 -9999 -9999 -9999 -9999 -9999 -9999 -9999 1.17782829445117 1.83817366717431 2 2 2 2 2 1.43826567692567 1.04573356144901 1.67142175982402 1.98743580180141 2.01329529657351 2.78841906505201 2.83982742000003 2.05377452830241 2.76788565007226 4.66197166844722 5.76781390000008 5.76781390000008 5.31576885642855 4.8467173819462 4.20608141967914 4 4.67141991707064 4.98743524455476 5 4.97939539219472 4.76781390000008 4.82158787105584 5 5.46139871430619 6.57454186406861 7 7 6.84671793919284 7.66927802243253 8 8.67141807431749 8.76781390000008 8.03060259106691 9.87715733055919 11 11 11 11 11 11 11.4520413580649 11.9210954035606 12 12.9894742468111
-9999 -9999 -9999 -9999 -9999 -9999 -9999 -9999 -9999 -9999 -9999 2 2 1.62579144257689 1.59491199212423 2 1.44595423847294 1.04314701622822 1.67393723092968 1.97981831436917 2 2.00278364496654 2.23523556973493 2.83982742000003 2 2.35174368616118 3.59541245145992 4.69572194324154 5.59490997794283 5.41125701999992 5 4.88238970204671 4.16530708325187 4.87445658000014 5 5 5 5 5 5 5.06019658564142 5.98084600906016 7 7 7.55404173316397 7.95685221213484 9.34786640513319 9.81905984273227 9.04541762803095 8.85933615332975 10.0887393800004 11.1344195760732 11.8392423 11.8392423 12.1534990801771 12.6784846 12.6784846 12.773128795719 12.8392423 12.8392423 13.6422656800001
-9999 -9999 -9999 -9999 -9999 -9999 -9999 -9999 -9999 -9999 -9999 1.08932929999998 1.08932929999998 1.04949838527058 1.0462115637015 1.08932929999998 1.03035643835422 1 1.80303058000017 2 2 2.91067070000002 2.91859815547851 2.83982742000003 2 2.02706940239482 2.46378708000001 3.94127095966126 5.04621134931119 5.57288828343344 5.30947196725529 5 4.92826605480033 4.98878529417181 5 5 5 5 5 5 5 5.48571426594891 6.5604303450792 7 7.66016898000013 9.33248859632569 10.6961009108095 10.9106707 10.8261756712465 9.91221707772575 10.1695517333029 11.92497837567 12 12.2759556063861 13.28512368 13.5046195915582 13 13.5361466104975 14.5118650615255 14.8213414 14.8930749164191
-9999 -9999 -9999 -9999 -9999 -9999 -9999 -9999 -9999 -9999 -9999 1 1 1 1 1 1 1.71850584253607 1.99647407010954 2 2 2.03490671195391 3 2.99713276666269 2.75464398598276 2 2.37445778000003 3.4538679439197 4.52595508343494 5.01053902921063 5.00608323814372 5 5 5 5 5 5 5 5 5 4.63224770831181 4.46378468000005 6.04326490639717 7.57820159375159 8.64226808000023 9.72679273153974 11.5916766758151 11.9820991000001 11.9820991000001 11.9471971021219 10.985276129535 11.0179008999999 11.0179008999999 11.3209254800002 12.3923538799999 12.5720195199996 13.0339998387188 15.1490365167142 16.6243647800005 16.9641982000002 16.9641982000002
-9999 -9999 -9999 -9999 -9999 -9999 -9999 -9999 -9999 -9999 -9999 -9999 1 1 1 1 1 1 1.80303058000017 1.12554101999983 1.89525639326699 2.06991640958626 2.99524974590504 2.79487355777597 2 2.01622040513795 2.40794149118108 2.97613282750004 3.49147763618107 4 4.66017138000016 5.03916070722395 5.0535275 5.00672002541404 5 4.05260075805204 4.08399165437117 4.9464725 4.9464725 4.96269277667195 4.64558828035295 4.07739454403396 6.12092286457045 8.03151381139596 8.67835928492318 9.73159738000007 11.6060515600002 12.09361469224 12.157685729801 12.2131833865181 12.1510825056741 11.9019331008439 11.094658235475 11.0535275 11.42798048 12.4994088800003 14.1158373592494 16.2530176770704 17.6783570133894 18.7315949800001 19.042983833973
-9999 -9999 -9999 -9999 -9999 -9999 -9999 -9999 -9999 -9999 -9999 -9999 1 1 1 1 1 1 1.80303058000017 1.12554101999983 1 3 2.92234492888153 2.10494139111081 2 2.30302937999996 3 2.55411381999982 3.03462916000023 4 4.57767907105797 5.69806158894961 6 5.23481192896473 5.00676199102763 4.98485002897978 4.11386709101252 4 4.02893960900265 4.42798288000014 5.21853671803555 5.76503567097493 7.15525374193447 8.58874058000006 9.08249200904802 9.76513587094453 11.5057087509371 13.7332206690715 14.9458825799999 15.8620593381714 14.9585656490926 13.2298978908992 12.8933597199998 12.1249559 12.49940888 13.5708372800003 15.5476034217232 17.4637822800002 18.0400275183077 18.9479679891616 19.9525926708312
-9999 -9999 -9999 -9999 -9999 -9999 -9999 -9999 -9999 -9999 -9999 1 1 1 1 1 1 1 1.64532798166817 1.27261674933199 1.19638430000008 3 3 2.87128280000253 2.19638430000008 2.43990346732929 3.07353762900489 2.83806316533895 3.22421283665408 4 4 5.31952484932435 5.96131782700958 6 5.23987197967797 5 4.92868571234596 4.22783920868026 4.57888485498599 5.49941128000019 6.87175790231752 8 8 8.4731211733151 9.20449103396186 9.55452133935296 10.4102571799999 13.0588648679795 14.5424861683552 14.8175270753104 15.5359190410232 14.6749023573577 13.8138856736918 13.1963843000001 13.5708372800001 14.7298297826948 15.8084868609718 16.9007414153629 18.583455408304 20.5159004919694 21.157701184365
-9999 -9999 -9999 -9999 -9999 -9999 -9999 -9999 -9999 -9999 -9999 1.18665694081238 1 1 1 1 0.823197077508957 0.928119655151679 1 1.87445898000017 2 2.73682468579448 3 3 3 3.08115511643711 3.64227048000001 4.26781269999998 4.26781269999998 4.11013985292012 4 4.53566806759876 5.53521548000016 5.96637787772261 6 5.26781269999998 5.24404652429534 5.20306578836521 6.26781269999998 6.57083968000009 7.54198417365266 7.88058666099196 7.59364452833132 7.46437460000004 6.98100725698998 7.26785361034936 8.26740038000015 10.2132829600009 12.3561397599998 13.4690107002935 13.7559528329543 14 14.0620243982755 14.3489665309362 14.9100783799999 16.3079754637429 17.4063548289182 18.5554301984214 19.7511782857607 20.9275254069004 22.0708360800001
-9999 -9999 -9999 -9999 -9999 -9999 -9999 -9999 -9999 -9999 1.15303399460522 1.46052795438212 1 1 1 0.80027336966881 0.224543199318214 0.731602179999955 1 1.87445898000017 2 2.01731578000022 3 3 3.07856857121636 3.74507050020354 4.79887704161856 5 5 4.41125701999992 4 4 4.80302818000014 5.57780496789861 6.30252502217735 6 5.94136307906308 5.55090884389917 6.81789441407536 7.53946887397523 7.87296934498786 7.21487511999979 6.31894027298651 6 6 5.75181210005162 6.19136533106441 7.77377536207772 10.1949241069097 11.3505739717947 13.0586353351157 13.7150943938717 14.1530292371411 15.0665818718466 16.2474231391665 17.1066402800002 18.1780686800002 19.2494970800001 20.1086701735651 21.5542439742306 22.8030233800001
