catData/variables/pastClimate/midhol_MIROCesm/bio15.asc
NCOLS 409 
NROWS 350 
XLLCORNER 60.897278365 
YLLCORNER 5.843756025 
CELLSIZE 0.0892857 
NODATA_value -9999 
[rows 104 to 129 of 350, columns 295 to 353 of 409]
118.685732583581 113.822199699101 112.949412786287 130.595918511128 142.675213805786 138.959361390972 137.29654505222 137.823319229775 142.298198811126 144.6835906397 145.321489 141.997307168423 136.405893804093 125.360478671122 111.023561600341 120.55319788123 117.595236073913 119.335342065403 -9999 -9999 -9999 -9999 129.738307312953 127.985038725305 129.89243668 128.299837913703 118.293138084659 110.985003099999 110.889963301154 115.071664469808 113.61475464883 111.622566979162 119.015872712976 125.110483351991 127.861673200945 124.877199163389 122.077297202503 125.329098944829 123.352856447839 124.380467213166 124.984709755607 121.714177613638 115.175675959502 113.376597208818 116.625518543851 117.026339795655 120.326756189188 118.284848989002 123.830194469052 123.27316038 120.62060935991 126.732403482491 128.004537635066 127.085805289509 127.709030550537 127.709813172265 128.236283610583 127.696522902848 126.183250759999
114.050896391205 111.844321343876 113.13165304997 130.926426822206 132.259642726588 128.113471145031 121.159870266774 127.084307413629 135.440354180002 142.598106235932 142.863986836793 132.891517685621 125.653890713497 117.745643908151 106.898890985599 107.531560552414 106.632201369851 113.475633708033 -9999 -9999 -9999 122.428958219529 116.61804267701 117.137008715454 123.809968373717 120.17797045724 112.596298537648 109.435490453684 113.238369183837 113.652407429683 112.151161538724 111.096268979146 115.831975432449 115.060984498512 120.287094145744 117.384829036967 116.121340231918 118.5358966 117.253310159573 118.455607232663 118.373202877552 119.738911274304 115.650304770633 112.9393324984 111.630977973083 114.266131740001 116.482422537454 114.094616674732 116.731550019704 117.856647174981 117.517873416382 122.760683328165 122.71513552 121.407863392111 123.441721491911 125.203154548966 125.36397266162 126.134156267118 122.022457097207
110.813782389354 110.485985990192 116.029416867611 121.223313163732 116.282986500944 118.285099907393 113.357710942027 116.662137490981 128.425264816056 136.180751446219 135.817872873296 126.384439703537 115.024726776344 112.703930765898 112.718289110538 112.882989145215 101.862973394131 118.952130558465 -9999 -9999 120.892809779152 121.436227016734 108.38029567222 106.158531142707 111.428376587362 112.642817450862 106.574083578905 105.663454008039 112.614117648203 115.867545975227 111.94694002 110.967398342345 111 111.599635703769 113.275600438911 112.54026783933 113.194645490126 114.285164080084 114.213001110293 114.365495258494 114.880189152135 117.82485319908 114.598614948868 113.08992162 111.060178491549 114.619938654726 115.389490443935 112.239851795647 113.192693187614 112.610905062595 113.328840517564 115.624584152056 115.37008891967 118.759885227463 122.278735059074 122.692000845338 119.580374885938 120.57879777573 115.072148448958
107.962425277564 109.78464056 115.191850106523 112.764591942043 111.69525290858 112.975202669769 112.654807586605 112.655470978128 118.038357287494 121.75160349874 119.058631636615 116.831316722991 111.868574692998 116.763392140001 121.633971549693 114.759932397629 99.2463761329945 -9999 -9999 97.995662953533 111.749070513694 112.636999301862 101.346156872054 100.052024965524 102.41128582 104.287125361671 104.798093576058 103.66455502219 108.50575607824 115.110000787906 112.419607001487 110.804205619999 109.8929186 110.14928519624 111 111.37442658 112.199056102272 113.250080084264 114 113.33985982 114.058184176129 116.85545024 113.558362436941 112.05414622 111.059562329986 114.397354383449 113.678431989259 112.168994791133 110.725198103842 110.419565630776 111.492988378461 113.464239155766 115.717456162302 119.420225360462 119.087693447758 115.338600463818 112.526068605335 113.701715114981 110.32209812
106.579074077466 108.26675286 112.336130863483 109.980929048879 109.120675201949 112.577637190537 113.55294118 113.12664406 111.138611025672 111.194118378067 113.288177871577 116.027427990101 114.737876238704 119.420064440511 123.263936466964 119.486574769229 98.7870436183527 107.512483053451 -9999 92.372391041565 101.121251260002 102.95788446909 96.4816718724641 97.4011993748934 102.229865689855 103.21476472 103.972354192173 103.270881939819 105.95122077732 113.941880339999 111.34046174 109.397203662538 109.524885685869 109.607863516994 111.814333599856 112.156354694563 112.278645585581 112.689677474669 113.485915142612 114.990128676674 113.945406194845 114.780325240214 113.813346551022 112.087985934382 110.405275783039 112.03638212 111.225174614206 111.200082117067 109.26139811993 109.280841274414 110.808975454345 113.482939288518 116.51618994 118.162627514243 114.259993742894 110.34107806 109.42212616283 110.084477888615 108.35775112
105.642182177369 105.877934016361 111.299895484034 110.849974099802 108.524373503681 109.838827118576 112.63583151553 114.484073744768 112.691655243857 113.442248016659 119.87223455096 123.439794978872 122.469189091594 124.45595945165 125.354671688724 125.105629970466 111.310127917943 98.6526835557829 98.9864366604883 94.71015429278 99.2185232887159 98.9774454855994 95.9234964591534 96.0450675720456 99.3747063441675 104.298967201202 103.541871492277 106.277859705869 104.930073780618 110.856670681776 114.4594552783 113.143538985021 112.513926563322 111.13884337653 111.817607855057 112.364823685754 111.74945748 112.146553972624 112.357468736375 113.208465626996 112.629588300762 112.54739439062 112.607205 110.71549744 110.01728218 110.849511593864 109.352221094675 109.466596129027 109.422011007406 110.653543062892 112.601878904162 115.313364077461 117.035369159083 117.437098680705 114.442587996509 110.98381126 109.783849022785 109.037708963596 107.98272022
105.376702259999 106.452513116487 111.718739111205 108.662543059999 106.26040775916 108.516914779695 111.373836575822 114.173866537327 112.235049299999 113.205466377633 120.544168875768 124.906071906799 125.597973508915 126.52508979557 126.7678259 126.7678259 123.684154018788 111.025220099479 111.205543293898 103.011696570096 109.841516992157 107.574461043009 98.8748788555774 96.8023974600006 100.753374240406 105.585897286918 103.903864246132 104.689439230113 106.159997977309 109.073603289284 113.719052364584 114.97940314371 114.44754314 112.358450845258 111.140696659486 111.577978317317 112.21368088 112.370642323196 112 112 112 111.383438121134 111.903580554382 110.834543469897 109.24945628 110.122867220927 109.122958856444 109.7678259 110.141169452526 111.08693159701 112.330910102989 112.625076343914 112.21392808 111.965080919999 111.677382002272 109.904098596083 108.58992522 108.244746007115 107.22816218263
108.417570468475 108.661103370666 106.099592939528 104.898026908461 107.863798069806 109.947307797965 111.796969666123 113.37151370856 111.588951450248 116.470207507022 124.019464475015 125.836109300735 127.227952209861 127.807587683227 127.8392543 127.045438419543 120.948415487588 120.376126704143 122.413432891883 114.890230341746 116.774608019336 117.427824829057 111.820988556757 108.697088768836 105.329192402604 106.53445523888 103.685022198559 105.65942781025 110.608780788811 112.294169993753 112.209821018089 115 114.67971724 112.536860439999 111.508585050915 112.738696062701 112.910923570859 112.916848920984 111.851096514349 111.714771184668 112 111.19700302 111.140560119806 111.008703772036 109.01728218 109.836838684279 108.32088468 109.1607457 109.209450968753 109.3214914 110.213196560001 110.203778746773 108.761301322769 108.376122790457 108.439087517701 108.224081248283 108.020185965984 108 107.824752170332
106.157733739541 105.3572692 106.019354434079 111.662284198286 106.644769315597 109.953564771298 113.178495196131 114.956078140516 116.10755372 118.934359281358 124.927735049219 127.511865312778 128.618280939054 127.448123041769 127.885645737284 127.915518465453 125.449897272758 124.755217634631 125.65041364971 122.788556751235 117.680743982224 119.202527253576 119.363573826831 116.01832103401 114.950286156912 111.247456175744 109.429313731848 106.718959708709 109.665129948356 114.569990219256 114.736679536052 115 114.82555522432 113.869316324978 113.786174058685 113.569698891174 113 113 112.358706073332 111.368466396998 111.0893173 111.017595777838 111 110.138627325824 108.090860897656 108.243575011539 108.924985881318 109 109 109 109.485674928644 109.05475534 107.50060792 107.0893173 107.0893173 107.0893173 107.0893173 107.0893173 107.07203752
113.365897269058 114.71476993503 114.807204731909 112.553236973009 108.44466074 111.663088554505 114.582696669992 117.455249554487 120.814125036945 122.964257826093 127.485990187973 128.01313543013 128.467948616963 127.39399644 127.87443018 127.071061789552 125.999690754943 125.983698120561 125.83985622 124.971001999004 123.976616654151 121.950744235482 121.962057613404 121.39388816718 119.75101604 115.627731499998 115.365412359792 113.469303684391 113.796133133341 115.870917739855 115.965135722123 115 114.83985862 114 113.702422124142 113.011190820353 112.562120875151 112.0178889 112.007357493839 111.33985982 109.563036754341 109.824410047325 110.0178889 109.07203512 107.068807962431 109.965809134695 109.824836830199 109 108.702424481209 108.0178889 107.587987944436 106.527132132277 106.603424453544 106.351671358732 105.299409634237 105.824407690258 105.159108385246 104.106846660752 103.05427582
121.035984649349 110.428972611509 108.802166835239 108.92698856 111.221417393596 115.461821429421 121.321237 122.009959153391 123.980724730926 126.496473838974 128.387078805995 129.357103647844 127.679883224892 127.032445127601 127.0535395 127.002898704556 126.98271302 125.995250222912 125.794890737909 125 124.713221919553 123.67911052 122.631553101196 122.107079 121.48684535716 119.108455463661 118.760314091033 116.676986230611 116.887873927746 116.949359333051 115.930101327771 114.990500702815 114.581212129415 112.71489072 111.64346232 110.57203392 109.922589647298 110.41020438 110.892921 111.482374029666 109.669471891977 108.08992402 107.846104702368 107.788740961546 106.82040636 108.608420839999 106.768694478161 106.666364998259 106.32222772 104.562090410156 102.761971275793 101.753130470057 101.39657167415 101.750498553328 100.386673202482 100.69591558 100.939737169138 100.9464605 99.9291807199999
128.126166939999 125.155651420363 123.361935555022 122.802275060001 124.905105596385 126.577538891044 127.2499358 126.87550442 125.748357859599 125.383678409802 124.374092465302 123.5001284 125.328967915978 127.60600356 127.890724296709 127.04737548044 126.85774512 125.797403294736 124.979987168115 124.8750321 124.8750321 124.54739472333 124 124.064644117626 122.94753954 120.804682739999 119.301974030928 118.19700062 117.12557222 116.05414382 114.872872082335 114.583724514813 112.71489072 111.64346232 110.57203392 109.50060552 108.42917712 108.327671662297 108.676494125148 108.047452452 107.01849562 105.94706722 104.87563882 103.922411780594 102.900957589032 104.21991128978 102.324830572039 100.51849682 99.4470684199997 98.7032731965162 98.2349609806319 97.7500642 97.6764944250711 97.047454552077 97.4816303800001 98.5530587800001 99.7337619835228 99.8750321 98.7349438378189
126.833681263311 124.901249036786 125.824288650262 127.177435560001 129.031452117211 129.1963963 129.1963963 128.82196492 127.129546317778 124.25173916 120.806210443878 119.151511036929 123.26378047499 126.743038916971 126.68345432392 126.792970525435 125.78631672 124.8036037 124.64345992 123.8036037 123.8036037 123.8036037 123.8036037 124.219296466766 123.661021613419 121.679714839999 119.53685804 118.19700062 117.12557222 115.868381165916 113.979320792441 112.71489072 111.64346232 110.57203392 109.50060552 108.42917712 107.445312988408 106.898407458116 106.21489192 105.673954611167 104.87563882 103.80421042 102.904515929258 102.617841517267 101.576037196208 99.786181270317 99.4785191231577 98.5720363199997 97.5006079199997 96.42917952 95.8036037 95.8036037 95.2148943199999 94.8036037 95.3914929890429 96.41020198 98.3560533600007 98.6072074 96.6072074
124.58991802 123.77181455321 124.766754060001 126.909610860001 128.935212582615 130 129.918848317782 129.257461947981 126.91973600364 123.309592908377 118.946265241423 115.856513171224 118.337891336921 122.461294009173 124.30515008063 125.41020918 124.71488832 123.708415129966 123.347097279835 122.7321753 122.7321753 122.63189397076 122.4643506 122.4643506 122.4643506 121.320867928445 119.464966118247 118.19700062 116.891378862149 115.093786587652 113.702235377453 111.887527492745 110.57203392 109.50060552 108.42917712 107.35774872 106.7321753 106.21489192 105.301135075865 104.163057974333 103.00060672 101.71411589473 101.230157884929 100.503995124872 99.4516970146737 98.6434647199996 97.7321753 97.5006079199998 96.4291795199997 95.4580311636813 94.8805896665172 94.7321753 94.3011368330856 93.8231987971128 93.7321753 94.5351698800001 96.4810212600008 96.7321753 95.0046279518946
122.78631432 122.981633169634 124.03457876 126.177435560001 128.265962271982 129.6607469 129.35774392 127.91188414 125.76902734 122.767085798658 118.844857604786 116.67910812 117.554211322958 120.13658449683 122.112954110702 123.588237835427 123.64345992 122.57203152 121.6607469 121.582185320061 121.3214938 121.074091012195 120.509488401677 120.496984604451 120.6607469 120.00060432 118.92917592 117.85774752 115.911891339999 114.71489072 112.64346232 111.483320939999 109.50060552 108.42917712 107.35774872 106.28632032 105.6607469 105.14346352 104.461024603628 103.225168042499 101.680991411372 99.7154998399998 98.4470684199996 98.0006099729883 97.3214938 97.2628785592675 96.6607469 96.5077394715237 95.6970042199997 94.8729754362201 94.3661511899078 94 93.8002785178359 93.2245629082919 93.2481860944202 94.1422476800001 96.0880990600008 96.6601361128043 96.0350390800001
122.484680703603 122.968094873942 124.03457876 126.141000809033 127.815233753422 129 128.69699702 127.097365199214 124.69759894 122.03745396 119.306718776298 117.75053652 117.841811226942 119.276225584487 120.46374868 122.092589039578 122.168449462877 121.50060312 120.523550412214 120.042167230241 119.5893185 119.43554744485 118.73277962 118.483483079941 119.009729522514 118.789602764968 117.85774752 116.78631912 114.840462939999 113.255016685213 111.564935462758 110.037643819695 108.42917712 107.35774872 106.28632032 105.21489192 104.5893185 104.07203512 103.00060672 101.92917832 99.8257396582124 97.2428670357579 95.8935301199996 95.2105463691512 95.1857344716058 95.5893185 95.5893185 95.5893185 95.4107574814239 94.62557582 94 94 93.6530626712424 93.6817878736972 94.5529291800001 95.9541325986063 97.6217811189397 99.1556580435155 99.6600057800001
123.060537296299 123 124.026243378738 125.60660788 126.83818246 128.5178901 128.21488712 126.39459596 123.62617054 121.215415312731 119.41128342 118.33985502 118 118.415866672144 119.39232028 120.007740894582 120.0357802 119.947064819999 118.952843321761 118.5178901 118.5178901 118.14346112 117.07203272 116.019112908665 116.14238448 117.190192846459 116.78631912 115.71489072 113.769034539999 111.62617774 110.48332094 108.42917712 107.35774872 106.28632032 105.21489192 104.14346352 103.5178901 103.00060672 102.213002097385 101.33985982 98.8052942599995 94.8167434725433 92.7397856874901 93.0096757712903 93.5435041900718 95 95.0772045876339 95.3704689735848 95 94.8060894239774 94.4821099 94.4821099 94.7659325203209 95.6243575800003 96.6957859800002 98.5702089600002 100.260210755446 102.33803246 103.937388626992
123.12556742 123 123.46375108 124.53517948 125.678107015771 126.8929234 126.58992042 124.976891369552 122.55474214 120.698224159767 119.085406245125 117.78631672 117.4464617 117.4464617 117.836861284694 117.8929234 117.8929234 117.853315380629 117.357815984263 116.8929234 116.8929234 116.51849442 115.44706602 114.144689331275 113.709300033617 114.84779435851 115.012766676599 114.08992402 112.144067839999 110.524778661922 108.867921917029 107.308642687862 105.73278202 104.789536362352 104.14346352 103.279294572568 103 102.769052782783 103.205287335782 102.635061847001 99.5074196318928 94.5385533999994 91.8046875399992 91.9758257865702 93.0345643600003 95.0491047036454 95.7136772800001 96.3219709199998 95.5535383 95.5535383 95.800334779184 96.6797462685833 97.80286258 98.143467890986 99.2435926796149 101.26660406 103.409460860001 105.55231766 107.6606149
122.579076176104 122.3750333 122.39232268 123.46375108 124.435093450368 124.605340198933 123.82209692 122.610244283935 121.136994555369 119.85774512 118.565528398238 117.33985502 116.542790998894 116.3750333 116.3750333 116.3750333 116.3750333 116.319589141722 115.690007349712 115.230308398853 114.7500666 114.37563762 113.30420922 112.556067206883 112.3750333 112.622608750248 112.292859098814 111.823948392621 110.547699284054 108.838048504511 107.346946433076 105.628083298357 104.21489192 103.3750333 103.26139889266 103.234004144095 103.6249667 104.59482136089 107.045215618398 105.979421880335 101.491419778733 95.7331021272988 92.8761159399991 92.6249667 93.6595310600003 95.7691184384383 97.309990850128 97.5381212213061 97.2499334 97.4839360441747 98.042109664391 99.2844953600004 100.102795263045 100.577554609736 101.880827958654 104.357767432781 106.077260815786 108.14163616 109.614167412917
122.163690303992 122 122.005249140486 122.330540052725 122.6072098 122.536902622796 122.00060192 120.92917352 119.85774512 118.78631672 117.71488832 116.64345992 115.57203152 115.3036049 115.3036049 114.644913619595 114.6072098 114.580275375926 114.192081556313 113.536903351448 113.092596780791 112.23278082 111.471845314731 110.943369617508 110.6072098 110.6072098 110.385101265774 109.744400066465 108.73278202 107.374187049057 105.584677536817 104.21489192 103.14346352 102.3036049 102.514611347861 103.37442658 104.620982446766 106.584406728857 109.052554441096 107.819157666664 102.529091425573 96.7412212821862 93.3385987900512 93.6586879377084 94.7309594600004 96.8738162600009 98.9194351019822 100.0891853 100.722199629539 103.074289108547 104.260671247966 103.108167961024 103.034003802668 104.802251060001 106.21354168 107.213354767484 108.26721318 108.96712042728 109.298358674121
122.02915380409 121.273745711823 121.2321765 121.2321765 121.2321765 121.054368095473 120.394002828614 119.85774512 118.78631672 117.71488832 116.64345992 115.57203152 115.062322353138 114.383436362774 114.2321765 113.28631792 113.2321765 113.164058746424 112.427171377663 112.054369938249 111.16135242 110.377419389925 109.889836725987 108.94706722 108.464353 108.464353 108.464353 107.66135362 106.589925219999 105.51849682 104.21489192 103.211579430799 102.83985862 102 102.535647303062 104.14225008 105.317195528764 106.637384424677 107.505546581178 106.222980103497 102.19837261517 98.2181350033458 94.2409665042381 94.71367728 96.5834810239358 99.480891660001 101.50078998789 103.069055628593 105.748104840001 107.524931618139 106.89648350846 107.201883022736 108.332334863366 109.145654458557 109.473322975191 108.919088891103 108.970843967016 108.273753082928 108.205640857682
121.266130795813 121.008702744601 120.1607481 120.1607481 120.1607481 119.92917352 119.1607481 118.78631672 117.71488832 116.64345992 115.57203152 114.50060312 114.1607481 113.35774632 112.426880910017 112.169451230396 112.14623996919 111.307235371224 111.026347128362 110.284271412052 109.85774752 108.84650786712 107.87563882 107.238343493708 107.1607481 107.1607481 106.54677576505 106.192415575364 105.28632032 105.008703516192 103.98271542 103 102.974257577434 103.033597277848 104.030208361739 104.899440261325 105.44585498 106.083152320497 106.1607481 104.840467739999 104.304325383727 103.295850142318 99.5378098799983 98.3937460160257 101.219097835198 102.54627581437 103.133787823229 105.373205940001 108.078911571886 109.193860253413 109.891938324885 110.523311469402 111.26721318 111.124481913873 110.225283593459 109.19700542 109 108.05414862 107.12618854
121.921895944284 121.049303338975 120 120 119.854158028754 119.068635527987 118.724061155273 117.71488832 116.64345992 115.57203152 115.036735711689 114.33985502 113.33377053483 112.28631792 112.011215858651 111.138625224608 111.087775632132 110.919208651127 110.075015705614 109.789111777646 108.78631912 107.373905624165 105.73278202 105.1786394 105.1786394 105.1786394 105.113295699538 105.0893197 105.011216073019 104.138627410241 103.9984561465 103.9106803 103.9106803 104.353136116722 105.848424306538 105.9106803 105.544472586114 105.560399483683 106.536128220424 106.191576597164 106.55292918 108.943457742583 109.151668149544 109.022319624127 111.987549857399 110.204655422392 109.403369231304 110.037219788912 111.945716980001 113.01714538 113.27651545738 112.8213606 112.873943945209 112.25054252 110.512891211727 109.19700542 108.203680218246 107.14346832 106.05476014
122.123320855618 121.983077317449 120.965128649484 120 119.83985382 118.772568590283 117.71488832 116.64345992 115.57203152 114.50060312 114.0178913 113.357746319999 112.28631792 112.003524554253 111.141214512679 110.07203272 110.034868993455 110.91128462 109.842721400411 108.78631912 108.012470225723 107.25114204 105.116262208142 104.0178913 104.596072617991 105 105 104.211367322807 104.0178913 104.000968703327 104 104.174251578923 106.121493642528 107.182038964405 108.261794548663 108.578598498271 107.51836242 106.973472272137 107.57082048 107.970297933998 110.13274571413 113.337425740001 115.645996346399 117.750514652532 118.875060819333 117.873173752401 117.856869600001 117.865155682932 117.600498396798 116.567408490664 115.51836482 114.9642174 114.38604079613 112.673643863063 111.255345150004 110.17911412 109.10768572 107.107328450795 105.96544044
124.17910452 123.10767612 122.03624772 120.96481932 119.884817157947 118.76842542 117.69699702 116.62556862 115.55414022 114.48271182 113.41128342 112.964657752191 112.254055837202 111.957009613404 111.165661631979 111.99939568 114.03625012 112.871356775828 110.83985622 109.536855639999 107.69699942 106.605525178255 105.102487962277 104.025843119468 104 104 104 104 104 104 104.016359213712 105.212601840001 108.115177785075 109.256364928938 110.393850736138 110.30468394 109.0057975347 108.974156752043 108.442806141437 108.67833528917 111.233871800225 114.419537910382 116.748850760001 118.942345828405 120.052611862201 119.822578839999 118.134418850242 118.59542387402 116.590089995372 113.759206360932 112.781274448321 112.083433138674 111.328226518844 112.068688071709 112.18615438347 110.34047374 109.07203992 107.156036419832 105.96544044
125.12556742 124.05413902 122.984871196016 122.03624772 120.80467314 118.89339092 117.784097601103 116.62556862 115.55414022 114.48271182 113.41128342 112.33985502 112 111.19699822 111.765156575341 112.82089308 114.73278202 113.506095583637 110.81984377246 109.440828673259 107.69699942 106.25114204 105 104.48271422 104 104 103.908578866699 103.8750345 103.8750345 103.993233890462 104.002159976182 104.357846254295 107.07035176 109.473716573343 111.950763138126 111.422902744783 109.469654021006 108.758575075107 108.852862676113 108.667574252336 111.55137782 114.130750540896 116.358261764825 119.699063021089 120.984877496265 119.958630101984 117.92965304 115.815734173425 113.428045140854 109.75223428 107.082782428242 104.676483257836 103.066400155947 107.665883169016 110.60660068 109.469738578374 108.25054252 108.006766709373 105.963281063652
