catData/variables/pastClimate/midhol_MIROCesm/bio11.asc
NCOLS 409 
NROWS 350 
XLLCORNER 60.897278365 
YLLCORNER 5.843756025 
CELLSIZE 0.0892857 
NODATA_value -9999 
[rows 104 to 129 of 350, columns 174 to 231 of 409]
10.8321489 10.84242917554 10.86607445 10.9257893590513 10.9658190408069 11.0905737374376 11.266016658 11.373159498 11.4 11.4 11.4624985126594 11.4344820018076 11.474948148 11.5715081486075 11.6 11.630302218 11.7 11.7294612083701 11.7836243873856 11.858873578 11.966016418 12.0483395773476 12.146376548 12.1957406261637 12.294587778 12.3666615716749 12.4058630885695 12.4875243651861 12.6153022730583 12.6763545626974 12.724741457547 12.7812010582086 12.8341806420358 12.86607445 12.8884708014755 12.9 12.9 12.9577786032577 12.96607445 13 13 13 13 13 13.0127032790317 13.0633864412127 13.1 13.1389000757015 13.1884707200542 13.2 13.1469411475654 13.104259536679 13.1 13.03392555 13.03392555 13.03392555 13.03392555 13.03392555
10.61786322 10.6979446045242 10.8975149610193 10.9757581851849 11.0623134697959 11.1273488284476 11.2520602465725 11.3431140700393 11.35893161 11.3948439367372 11.3611542238745 11.4579115875138 11.405229413098 11.474948148 11.55893161 11.589233828 11.65893161 11.6772431418435 11.751730738 11.83469514738 11.924948028 11.9889769393966 12.080302098 12.187444938 12.2557421004386 12.301730618 12.4 12.4254549602738 12.5684426951145 12.6178574434973 12.674309593891 12.744587658 12.8 12.8 12.866016178 12.9 12.9 12.9 12.9 12.9596422483855 13 13 13.0095109865503 13.04106839 13.0631350826731 13.1 13.1 13.1 13.13890425512 13.15893161 13.1919101916566 13.1484675730448 13.14106839 13.14106839 13.14106839 13.14106839 13.14106839 13.14106839
10.3888629201033 10.6515122900002 11.037445298 11.1214964897639 11.1750020672152 11.1695099738058 11.2165896603466 11.25178877 11.25178877 11.339233948 11.3484048458208 11.3526232379314 11.4 11.416016538 11.5 11.5156931459849 11.569841493036 11.6230915239431 11.703519508 11.7801724460988 11.866016418 11.973159258 12.0415874688384 12.139233708 12.1973907012035 12.3008962657756 12.3560667732454 12.416016298 12.5119938327128 12.5663977263081 12.6193922106709 12.696376428 12.75178877 12.7801723303919 12.8341889665872 12.8870596324337 12.9 12.9 12.9456018154965 12.9491073714826 13 13 13.023158898 13.0853911593988 13.0698412616221 13.1 13.1 13.1 13.1 13.1 13.180301618 13.2 13.2 13.24821123 13.24821123 13.24821123 13.24821123 13.24821123
10.405826576319 10.822607638561 11.0720718715334 11.1199067888798 11.14464593 11.1772349844274 11.2 11.2 11.2444506123882 11.2943947829583 11.3422297003047 11.3007727576511 11.3495578830025 11.4071507323439 11.44464593 11.4614194409633 11.5167176943831 11.5693271462705 11.651730738 11.758873578 11.866016418 11.9326626311152 11.9890964095384 12.087444938 12.194587778 12.2456038974992 12.308873458 12.416016298 12.5 12.530301978 12.6 12.644587658 12.7 12.7262845492721 12.7811885713815 12.873159018 12.9 12.9 12.9422294860042 12.9990421653506 12.949557617303 13 13.0103395053899 13.0478906825275 13.0720715500827 13.1 13.1 13.1 13.1 13.1404963611853 13.1912054741612 13.2484040664925 13.25535407 13.3 13.3049115544532 13.35535407 13.35535407 13.35535407
10.2467356768536 10.8545491959041 11.03750309 11.0653692984766 11.1 11.122079500951 11.1787614613353 11.2 11.2301158580923 11.292153624194 11.3 11.3 11.308873698 11.4 11.4 11.4113642680885 11.4609050941977 11.544587898 11.651730738 11.758873578 11.8247581966573 11.8832253656289 11.980302098 12.087444938 12.1354733395123 12.201730618 12.308873458 12.4060066066536 12.4519768356327 12.530301978 12.6 12.6167217495086 12.6698330527776 12.7 12.7247581066499 12.810662108 12.8876892699226 12.9 12.9 12.9368541447813 12.908873218 13 13 13.030301738 13.1 13.1 13.1 13.1 13.1412579213575 13.1899337123562 13.25018602993 13.2952912837838 13.3 13.36249691 13.365824550925 13.4 13.4 13.4
10.2296829936955 10.7423701799952 11 11.044588138 11.1 11.1 11.1200428224105 11.1813083415085 11.2 11.2265485746538 11.2962311092652 11.3 11.3026940768971 11.33036025 11.3464883829408 11.4 11.437445058 11.544587898 11.6157055813836 11.689233828 11.7763339184542 11.873159258 11.980302098 12.0265485017892 12.0962309421298 12.2005254199513 12.239233708 12.3415139598865 12.423159138 12.5091997562758 12.5564367276432 12.6 12.6157055085191 12.6713594953999 12.7 12.773159018 12.8243798448434 12.8912565190755 12.9 12.9 12.9026939311679 12.9415137927511 13 13.0091996834112 13.0564365605078 13.1 13.1 13.1409990782645 13.1896823538167 13.2509475901023 13.2940195219788 13.3 13.3 13.4 13.4 13.4 13.4 13.4
10.528638613862 10.6514087957419 10.8271551692752 10.967805548 11.02321741 11.0684222522923 11.1 11.173159498 11.2 11.2 11.2219608879499 11.3 11.3 11.3 11.3053770077437 11.3464842378079 11.4086937726406 11.502041050911 11.6397202004625 11.6904515099859 11.766016418 11.873159258 11.9186440673313 12.0575023864406 12.0987434222282 12.2013288133234 12.278842777125 12.316016298 12.4053769520219 12.4464840535296 12.5086937169188 12.5574529686328 12.6 12.658873338 12.7 12.773159018 12.8 12.8203023940579 12.8958441714936 12.9 12.9 12.916016058 13 13 13.037444578 13.1 13.1397198319061 13.1904513985424 13.2506887470092 13.2375949588785 13.2848750721123 13.3 13.3 13.324545854767 13.4 13.4122973598701 13.4590007725783 13.4
10.5938218059715 10.8566472798229 10.9113153286387 10.9910927814545 11 11.0094637130861 11.0714793340982 11.1117600747177 11.11607457 11.1894633116508 11.2 11.2175272000192 11.3 11.3 11.3 11.330302218 11.4 11.4517552108756 11.567805308 11.6654844734929 11.766016418 11.873159258 11.9 12.0015013357703 12.0954577694139 12.201730618 12.3 12.316016298 12.4 12.430301978 12.5 12.544587658 12.6 12.6094636359281 12.6714789312561 12.7117599975597 12.71607457 12.7894629088087 12.8152045400071 12.9 12.9 12.9025745124545 12.9355107747298 13 13.037444578 13.1 13.1083154165334 13.1654840706508 13.266015938 13.2882400410192 13.2968335697965 13.3733881373877 13.38392543 13.3842035422439 13.4 13.4025744738755 13.4317879186175 13.48392543
10.8936383616464 10.99106827 10.9944127829151 11 11 11 11.066016658 11.1 11.1 11.187445178 11.2 11.2001545955632 11.20893173 11.2235177140705 11.3 11.330302218 11.4 11.444587898 11.551730738 11.6052584290283 11.7350681577886 11.873159258 11.9 11.987444938 12.094587778 12.110662348 12.2170126346898 12.316016298 12.4 12.4027064908596 12.4430320779573 12.544587658 12.6 12.6 12.666016178 12.7 12.7 12.7078103243247 12.7950709644922 12.9 12.9 12.9 12.923158898 13 13.0033444486066 13.0495367202103 13.1471098510272 13.196326656156 13.266015938 13.3666244334777 13.39106827 13.3988785728885 13.4 13.4 13.4 13.4 13.423158658 13.5
10.9986254100904 11 11 11 11 11 11.0011809653933 10.8580873798875 10.8842324875058 11.0769038379553 11.10178889 11.1034887848543 11.2087149573039 11.2984976282466 11.3 11.330302218 11.4 11.444587898 11.551730738 11.6578203944505 11.7654084891 11.8013087386504 11.8806544717991 11.987444938 12.094587778 12.101730618 12.208873458 12.3002865139533 12.3245337364963 12.4 12.437444818 12.5007976241552 12.50178889 12.5596090487439 12.6011809568066 12.60178889 12.6806542360924 12.7 12.7016920670085 12.80178889 12.8105033758906 12.9 12.9004142872104 12.9315485632391 13 13.044587418 13.151730258 13.2 13.266015938 13.373158778 13.4 13.4 13.4 13.4965119222657 13.4 13.4 13.423158658 13.5
10.8880521456321 10.8585028273503 10.8040096050645 10.8505215847711 11.003461956 11.1 11.1 11.0960830770568 11.014343712 11.0680459146774 10.9991887675691 11.0087229967281 11.2 11.216016538 11.3012399415184 11.3340338023994 11.4354402683172 11.497033263765 11.5545003758472 11.664227528 11.7678358819885 11.873159258 11.9042993341759 11.988117129742 12.094587778 12.2 12.2004750805046 12.2205127434132 12.323159138 12.4 12.4020047768333 12.4475544070845 12.5 12.5557212889202 12.598180523162 12.6 12.6 12.6827629525915 12.6997102194908 12.7 12.717271368345 12.8955035417373 12.9 12.9 12.937444578 13.044587418 13.1489606458518 13.1977980862304 13.266015938 13.3692418936053 13.474947668 13.4993277825591 13.4104768586413 13.40535395 13.4137518731944 13.4991425211122 13.49464605 13.4659668790521
10.638430057305 10.6643917505412 10.8827079257441 10.9665560339415 11.0155261126288 11.1 11.0917500368847 11.0234863008301 10.8996272329101 10.7110439042597 10.8884997119746 11.101730858 11.2 11.216016538 11.320265199166 11.3912900145488 11.4046794302636 11.457084688 11.6094935843067 11.7515162705919 11.78750321 11.860662468 11.967805308 11.9984310202675 12.094587778 12.1877194816972 12.208873458 12.3020015231268 12.3327617791584 12.4 12.437444818 12.5 12.5 12.5 12.566016178 12.6 12.6 12.6 12.694587538 12.7 12.7077643505803 12.803519268 12.88750321 12.8912899545642 12.937444578 13.0390154220061 13.0939678317087 13.158873098 13.2577660648616 13.2966457088532 13.380301618 13.4765167077171 13.48750321 13.4877194217126 13.4988911625726 13.4734888551422 13.4028940888571 13.4087100754281
10.4329462072847 10.7575633127359 10.9620163220408 11.0358311926729 11.08036037 11.08036037 11.014343712 10.9659921152829 10.7513558901291 10.6640765502361 10.9055294704809 11.101390923893 11.1821031314545 11.209725360396 11.269817572299 11.342204704994 11.462016176311 11.544587898 11.651730738 11.7 11.7129653802345 11.7784306804181 11.880302098 11.987444938 12.094587778 12.1210303610281 12.208873458 12.316016298 12.4 12.4059511963619 12.4497304242906 12.5 12.5 12.5 12.5530508449007 12.5947285304468 12.6 12.6 12.6760108955107 12.68036037 12.68036037 12.696376428 12.7849086918793 12.830301738 12.9300906014257 12.9891171739218 13.051730258 13.1473106393833 13.1933256559642 13.2587906646883 13.360661988 13.3975341380067 13.4 13.4013903452983 13.4732300120492 13.4031454473967 13.4337017385117 13.4560099740916
10.7605804465141 11.0489691812769 11.0725834777033 11.0148406653166 10.9861451663364 10.97321753 10.9248817636238 10.826840502 10.719697662 10.8748903560001 10.994588018 11.07321753 11.0797146324953 11.1475770199396 11.199883696 11.4201245466645 11.5458011834253 11.544587898 11.651730738 11.7 11.766016418 11.8195938563261 11.907084568 11.9908074937137 12.094587778 12.2 12.208873458 12.311726737793 12.3794201191871 12.430301978 12.5 12.5 12.5 12.5 12.517680763068 12.5803476959519 12.6 12.6 12.6 12.6 12.6 12.611726562071 12.7025789529092 12.8221861841107 12.8832461128695 12.9326458061504 13.024947788 13.0889851998099 13.166015938 13.2 13.280301618 13.3640246722695 13.37321753 13.3995366263092 13.37321753 13.389233348 13.4562613326312 13.4
11.0323812215974 11.13392531 11.1085184431462 11.021486552 10.9318936066525 10.9 10.8776036441218 10.792915192 10.7402579862075 10.8494835705669 10.9927519863294 11.0350997078843 11.10779678911 11.2013751834967 11.3984555944389 11.5 11.5127033520062 11.563386625381 11.651730738 11.7 11.766016418 11.873159258 11.953059362317 11.9957406562958 12.094587778 12.2005871175214 12.242798768 12.33392531 12.3492276386402 12.430301978 12.5127032705854 12.53392531 12.53392531 12.53392531 12.5775452949634 12.6 12.6 12.6 12.6 12.6 12.6 12.6 12.6306043401219 12.7527092971038 12.837444578 12.9 12.951730258 13.058873098 13.1436198263841 13.1908940322287 13.2530590451585 13.2957404934543 13.3 13.3649315066799 13.3 13.3105824020945 13.36607469 13.3763545671312
11.24106815 11.2161788321897 11.0994193451506 10.9920349087921 10.939646388717 10.8516432242261 10.7789588621324 10.685772352 10.7722128726234 10.9436484674753 11.153448636 11.2663126532806 11.3925951687897 11.5 11.5 11.5 11.522067065413 11.55893185 11.610662588 11.65893185 11.7520599895689 11.873159258 11.9329785860598 12.028513088 12.135655928 12.2024413507962 12.3462974429584 12.4 12.4095110295326 12.458925666222 12.5220669239765 12.55893185 12.5801766085144 12.6 12.6271116230053 12.6110230947492 12.6 12.6 12.6 12.6 12.6 12.6 12.609510930969 12.6767828995711 12.796376428 12.8955543054108 12.9715537480492 13.0346950058037 13.0860433744418 13.1431138213128 13.1919102389327 13.287444458 13.2611547465764 13.3 13.3 13.3 13.3 13.3178572333491
11.337045508882 11.2686133139922 11.158976682 11.0980173524953 10.996538044 10.7538687134914 10.6836162943867 10.8031950933242 11.001659626 11.306519289958 11.3970035463025 11.4526234737773 11.5 11.5 11.5 11.5 11.4638947336642 11.446570554092 11.551730738 11.6283835348022 11.7484166573197 11.873159258 11.980302098 12.087444938 12.194587778 12.2500035298582 12.356066991949 12.4 12.423159138 12.5 12.5 12.5 12.5267907127823 12.5801724290958 12.666016178 12.626840982 12.6 12.6 12.6 12.6 12.6 12.6 12.623158898 12.7 12.737444578 12.8676788003668 12.9767286795114 13 13.066015938 13.1 13.1415874129762 13.239233468 13.2028031847801 13.25178901 13.25178901 13.2595103944144 13.3 13.3
11.3896601175764 11.35535383 11.2557263122063 10.9953417177826 10.8610279568584 10.8635581947814 10.942785808 11.2289105578483 11.3931191566749 11.4403852504801 11.2977000613159 11.2929393903898 11.5 11.4822684655672 11.4021119427272 11.4110992935241 11.3212302152462 11.389175796 11.5230957932297 11.603519748 11.710662588 11.8583018793026 11.9358518111867 12.032091108 12.1915919058349 12.2465620966913 12.3593154891436 12.4 12.423159138 12.5 12.5 12.5246809764103 12.55535383 12.5816385205682 12.6294736950574 12.6524797889068 12.65535383 12.606949840525 12.6523578249857 12.65535383 12.65535383 12.65535383 12.6656933909712 12.7167731725396 12.7720713999497 12.844587418 12.951730258 13 13.0294735879066 13.0851423556042 13.1 13.1390406013743 13.1970038621365 13.2 13.2 13.2071504493312 13.24464617 13.24464617
11.3710520199305 11.27500666 11.125225468 10.7691083474649 10.8185548624338 11.2009056397519 11.3747451251047 11.4240795038451 11.3371307556357 11.2797151363256 11.263173708407 11.3872739409379 11.3639151284882 11.2379998497986 11.198166038 11.2333401011861 11.1983503023296 11.333443893054 11.4396666372329 11.558873578 11.6247583550967 11.7380997459533 11.8251927971902 11.8702980936665 12.064182216 12.2648763273796 12.4 12.4100096529073 12.4711821179493 12.5 12.5234017643376 12.579218526519 12.6 12.6 12.6412579129113 12.6899337379453 12.7 12.6672053263415 12.697970146515 12.7 12.7 12.7 12.7144735400587 12.7738608307979 12.8234016143456 12.879218436511 12.951730258 13 13 13.0274369779373 13.0876891672061 13.1 13.135473386507 13.1385846086364 13.2 13.2 13.2 13.2
11.1235074574792 11.1936679398075 11.3198814382262 11.2604022156427 11.3413096816104 11.4786956301326 11.4540263228504 11.3062530760743 10.9882719945965 11.1041311404336 11.4225604047618 11.42448805194 11.079513673806 10.9718748185822 11.0373917906418 11.093725710403 11.1923765161792 11.3235128710596 11.4706904310748 11.558873578 11.6919470200295 11.812438278 11.975503105567 12.069814756343 12.2018631308809 12.371370128 12.46963951 12.4745021365527 12.5161279102234 12.56963951 12.5810079402244 12.6 12.6360248653278 12.6286404058961 12.666016178 12.649052418344 12.6862823104321 12.7 12.7 12.76963951 12.76963951 12.76963951 12.7766706649114 12.8 12.837444578 12.9 12.9157055598071 12.93036049 12.9763336657451 13 13.0243799647027 13.0912563820734 13.1 13.1005252783745 13.13036049 13.1415138271777 13.1838724240462 13.1514623047299
11.0821594690486 11.2374412527205 11.5622586182311 11.57678235 11.5490728068272 11.464343832 11.3065118505961 11.2686370494378 10.8939149757786 11.2637629218905 11.3455646068059 11.0886051548951 10.8580019035689 10.980501013735 11.0355646293476 11.1443688707524 11.1519688454913 11.4022349658001 11.6932847763088 11.789220628 11.9116909288738 12.026723958 12.2141688960001 12.2738673596476 12.371370128 12.4771841588301 12.5 12.5122976899874 12.5643772272077 12.5464842208049 12.6 12.6 12.6120106059689 12.6547529768797 12.6921097551514 12.6830141952573 12.6954265543339 12.7 12.7 12.8 12.806813065301 12.87678235 12.87678235 12.87678235 12.885476101064 12.9 12.9 12.9 12.9153273494291 12.9793906789797 13 13.0203025482028 13.0958440002059 13.1 13.1 13.1037184965679 13.1178407538409 13.1070352957504
11.6680395765902 11.6279064527442 11.68392519 11.646504510466 11.5048537004246 11.3077910283832 11.0447116983418 11.0827831756996 11.2023951581866 11.3773543590884 11.1466456343525 10.8330457815954 10.8942253180935 11.0268838198959 11.214169136 11.3121169679692 11.2527960840721 11.5533693918866 11.8790710481549 12.026723958 12.133866798 12.241009638 12.3610608876795 12.38392519 12.478512968 12.5014524244447 12.58392519 12.5864997794725 12.5962772125689 12.5887961753897 12.6 12.6 12.6 12.658873338 12.7554042028173 12.7225263451414 12.7673934869 12.78392519 12.78392519 12.8 12.808873218 12.9 12.9 12.9254307911898 12.98392519 12.98392519 12.98392519 12.98392519 12.98392519 12.9956853245618 13 13 13.0152047284376 13.01607481 13.01607481 13.01607481 13.01607481 13.01607481
11.8889994198681 11.8269443569156 11.7 11.6148063231097 11.405470014 11.191184334 10.9108819959999 10.955250966 11.3889259177817 11.4103120361308 11.116235946 10.8033071162827 10.9918606260433 11.032033076 11.246318756 11.4221824629367 11.582194682653 11.861413071346 12.038487371999 12.149941608 12.257084448 12.364227288 12.471370128 12.49106803 12.585655808 12.5912226082806 12.6 12.6 12.6210905707416 12.69106803 12.69106803 12.7316731317638 12.7350261145622 12.6963265788882 12.7058965452141 12.7023974284599 12.707172537866 12.7885661338081 12.8 12.8 12.808873218 12.9 12.9210903521783 12.9937745721476 13 13.0406048832005 13.0439583031255 13 13 13 13 13 13 13 13 13 13 13
11.9754656076735 11.8691553916332 11.7614355170601 11.6108237239999 11.3457326004466 11.084041494 10.8685746901667 10.8026178370531 11.4416868243405 11.3390043518262 11.018025076 10.9981835652998 11.089495933993 11.032033076 11.2235737293796 11.4213715637814 11.808756914 12.0418073734595 12.149941608 12.257084448 12.364227288 12.471370128 12.4996475789259 12.5858804343808 12.5999031683125 12.69821087 12.69821087 12.69821087 12.6986252170857 12.7 12.6632251184723 12.646376788 12.7008636041411 12.7 12.6351649372454 12.6736392380613 12.7 12.787444698 12.8 12.8016994192881 12.8983696234052 12.9157295099015 12.9986252127918 13.0297596005149 13.0614362241784 13.044587418 13.0990744784351 13.0403910882582 13 13 13 13 13 12.998300816418 12.9105033588887 13 12.9772556804978 12.90178913
12.0834339907848 11.9501025039999 11.8087027073364 11.7161774339999 11.4501607759999 11.1287322559999 10.8733203939999 10.8824299553604 11.4685246317003 11.2555729979998 11.016177674 11.001730858 11.1 11.1471921350035 11.4190455539359 11.5909066540001 11.912335174 12.144587898 12.3006919623067 12.3977982106327 12.466016418 12.4307574765115 12.485655808 12.5974801963902 12.7002312426704 12.8052610577311 12.8 12.7991425338523 12.772727025087 12.669698022 12.6020046869657 12.6475542740949 12.6972304991555 12.6389248597838 12.6624818632768 12.6293207153251 12.6813564393981 12.7 12.794587538 12.801730378 12.908873218 13 13.023158898 13.1 13.1 13.1 13.0972305120044 13.0389250869349 13 13 13.076002502247 13.0118833546923 13 12.99464629 12.9862483455105 12.9151583775502 12.9727274793892 12.9
12.2096023967568 12.1469686076303 11.9828684316128 11.823320274 11.5573036159999 11.2358750959999 10.9804632339999 11.0496731327527 11.5918490498194 11.3736434683912 11.1239968250366 11.0262913629292 11.1 11.1340345906795 11.358815306 11.5958297403531 11.899838624 12.1376632969675 12.2581952955396 12.371370128 12.4620134186329 12.4966458332556 12.5903370898276 12.7764588256004 12.8118202089717 12.8984856495437 12.8102787977686 12.7734886366877 12.7 12.6734847238317 12.6452620575962 12.6944280810242 12.6422374795478 12.6 12.6 12.6640166647361 12.6774684881641 12.6859344704079 12.782090988 12.801730378 12.907764371876 12.989504904696 13.023158898 13.1 13.1 13.1 13.048269742 13 13 13 13 13 13 12.9122803424398 12.9 12.9 12.8971059667237 12.88750345
