catData/variables/pastClimate/midhol_MIROCesm/bio10.asc
NCOLS 409 
NROWS 350 
XLLCORNER 60.897278365 
YLLCORNER 5.843756025 
CELLSIZE 0.0892857 
NODATA_value -9999 
[rows 52 to 77 of 350, columns 58 to 115 of 409]
-9999 -9999 -9999 -9999 -9999 -9999 -9999 -9999 -9999 -9999 -9999 -9999 -9999 -9999 -9999 -9999 -9999 -9999 -9999 -9999 -9999 -9999 -9999 -9999 -9999 -9999 -9999 -9999 -9999 -9999 -9999 -9999 -9999 -9999 -9999 20.3563567694757 19.0749607743879 20.892715960965 21.8653484347741 22.3251830039495 22.4495844546771 22.9168321227334 24.41813020456 25.819254885944 27.0422880542097 28.4270449661342 28.8389478680001 29.6484776088717 30.6512672043605 31.0042155615029 30.8503985373546 30.6212654849394 30.4264668918607 30.0207916122915 29.669149499646 29.6343812992843 29.6966192984969 30.3673285097149
-9999 -9999 -9999 -9999 -9999 -9999 -9999 -9999 -9999 -9999 -9999 -9999 -9999 -9999 -9999 -9999 -9999 -9999 -9999 -9999 -9999 -9999 -9999 -9999 -9999 -9999 -9999 -9999 -9999 -9999 -9999 -9999 -9999 -9999 -9999 21.8901459945779 22.003746227563 23.5124227929183 24.2128963565271 24.3126307253317 23.8442360564396 23.7830046042458 26.0831445405907 26.7320255237349 27.1573056508834 28.6363408280685 29.6960905880001 30.3757475296513 30.9614833016907 31.1310523315675 31.0864974881153 30.8732980565478 29.798929080354 29.7218502839787 29.9488163661283 29.8099010739661 29.7047336210095 31.1857958231568
-9999 -9999 -9999 -9999 -9999 -9999 -9999 -9999 -9999 -9999 -9999 -9999 -9999 -9999 -9999 -9999 -9999 -9999 -9999 -9999 -9999 -9999 -9999 -9999 -9999 -9999 -9999 -9999 -9999 -9999 -9999 -9999 -9999 -9999 -9999 23.7081011258367 23.2519997929278 23.7471074218203 24.8978304868689 25.6709156304582 26.1468901540528 25.5615153900678 25.8343145015426 26.7194681980198 28.352788732 29.754395114827 30.5176659114612 30.9261821260387 31.0854772974849 31.144589338 31.1879896247607 31.1042398428835 30.6963361851207 30.5869422733206 30.1152601269759 30.3348265663734 30.8264396909763 31.6789177303796
-9999 -9999 -9999 -9999 -9999 -9999 -9999 -9999 -9999 -9999 -9999 -9999 -9999 -9999 -9999 -9999 -9999 -9999 -9999 -9999 -9999 -9999 -9999 -9999 -9999 -9999 -9999 -9999 -9999 -9999 -9999 -9999 -9999 -9999 -9999 25.1873545156582 25.0245676850969 25.1266176695741 25.6899518828156 26.9682969133819 27.7317418263641 27.5499062556514 27.3704737402599 28.4693956985966 29.8545298944145 30.7271890559408 31.0539611066744 31.1727236718027 31.18392639 31.1910935062917 31.2 31.1905366592192 31.1733149369747 31.1443336494604 31.0869323228568 31.2326947867942 31.4411501400202 31.6163520142479
-9999 -9999 -9999 -9999 -9999 -9999 -9999 -9999 -9999 -9999 -9999 -9999 -9999 -9999 -9999 -9999 -9999 -9999 -9999 -9999 -9999 -9999 -9999 -9999 -9999 -9999 -9999 -9999 -9999 -9999 -9999 -9999 -9999 -9999 -9999 26.3106923 26.7771953440629 26.9012663930311 26.4728909184168 27.7347332366922 28.0467754960014 28.6214763807365 27.9269677135058 27.8300691791496 29.7148067038381 30.6331960409047 31.1931376693857 31.2275973080024 31.2569669926094 31.2 31.2 31.2 31.1398780450569 31.1755576543312 31.280303538 31.387446378 31.494589218 31.5105081418838
-9999 -9999 -9999 -9999 -9999 -9999 -9999 -9999 -9999 -9999 -9999 -9999 -9999 -9999 -9999 -9999 -9999 -9999 -9999 -9999 -9999 -9999 -9999 -9999 -9999 -9999 -9999 -9999 -9999 -9999 -9999 -9999 -9999 -9999 -9999 -9999 27.2491563199481 27.6827971575961 27.7459358592408 27.4860515558932 27.490652046648 28.0367463266345 25.3103468292247 26.2784471949684 29.2347292215291 29.7558578481276 31.0718160163602 31.2987538781925 31.262553502 31.2 31.2 31.1421776261093 31.1006075769115 31.1013080620677 31.182091468 31.289234308 31.396377148 31.501732058
-9999 -9999 -9999 -9999 -9999 -9999 -9999 -9999 -9999 -9999 -9999 -9999 -9999 -9999 -9999 -9999 -9999 -9999 -9999 -9999 -9999 -9999 -9999 -9999 -9999 -9999 -9999 -9999 -9999 -9999 -9999 -9999 -9999 -9999 -9999 26.6641379947448 26.8658811774676 27.3340341009219 27.0539707857315 26.1189268305459 27.1713298453844 26.4337236281611 23.8447757619439 26.4884438209713 29.3456523209569 30.2182917523058 30.9885286029592 31.3 31.3 31.3 31.248267822 31.2 31.1375173388798 31.10535491 31.1813582658133 31.2921290528402 31.399944128 31.601732058
-9999 -9999 -9999 -9999 -9999 -9999 -9999 -9999 -9999 -9999 -9999 -9999 -9999 -9999 -9999 -9999 -9999 -9999 -9999 -9999 -9999 -9999 -9999 22.1734781145513 22.2530401956261 22.3582332556175 22.4151492816384 22.4468532793914 22.7101169260364 -9999 -9999 -9999 -9999 -9999 24.9143932923336 24.3061365654727 25.4036650126472 27.0046556248866 26.7956287518995 27.01731957584 27.07465730053 24.5468481763206 23.9510030658464 23.5282582408205 28.7859593287128 30.0591478677726 30.8869945833948 31.3 31.3 31.3 31.254733180276 31.21249775 31.21249775 31.21249775 31.2225338854204 31.3889594262935 31.4952654440074 31.614229808
-9999 -9999 -9999 -9999 -9999 -9999 -9999 -9999 -9999 -9999 -9999 -9999 -9999 -9999 -9999 -9999 -9999 -9999 -9999 -9999 -9999 22.3859961813298 22.4399617885078 22.4473582748274 22.0549511605483 22.1941920359797 22.6075152461422 22.8191059183047 22.9152929032336 23.2465516126852 -9999 -9999 23.3633144735315 23.5306223115921 23.4236352738578 23.3993894373614 25.9212051159037 26.9564004577535 27.1399317855858 26.8956164853999 25.0087137534208 23.9361395150459 24.7871672702901 21.5429986041725 27.8308491229332 30.0297338073853 30.5810897679122 31.2648854988911 31.31964059 31.3283981990603 31.33928118 31.33928118 31.33928118 31.33928118 31.4038126293459 31.507086968 31.5382184704916 31.721372648
-9999 -9999 -9999 -9999 -9999 -9999 -9999 -9999 -9999 -9999 -9999 -9999 -9999 -9999 -9999 -9999 -9999 -9999 -9999 22.5817091856467 22.6190157471397 22.528626752 22.5489703255149 22.576543089794 22.5334607280362 22.7070768182064 22.8693000946554 22.9865513519985 22.9493312688979 23.4340540206927 23.827571542577 23.6516596554839 23.8480803284867 23.7619671451673 22.7829820563141 24.2184928520289 26.119693206339 26.2141752336788 26.8754387173259 26.1973112015337 22.5601602115108 22.8803236071583 24.2623093898547 18.789139982401 26.9171192754947 29.3772463339251 30.0558089235707 31.0092122061673 31.4100294565793 31.4594302138693 31.5138556516821 31.5425521792335 31.5358850132151 31.5463783743363 31.55356686 31.6175920985608 31.721372648 31.828515488
-9999 -9999 -9999 -9999 -9999 -9999 -9999 -9999 -9999 -9999 -9999 -9999 -9999 -9999 -9999 -9999 -9999 22.7535365333782 22.48971301301 22.300129024 22.2242591143156 22.3311618181416 22.2794945763062 22.23036865 22.362405326 22.5779924043504 22.606331757935 23.0387898034549 22.9767809266713 23.2695078991184 23.6354892546277 23.1898890077573 22.6087715893598 23.11845559616 23.8104622234402 24.8429388416174 25.4738844049314 26.0327492840155 26.8736690666495 25.6632457077562 22.6943886099885 23.5582573386429 23.416537682699 21.0263263492272 26.3174307254387 29.0215005703241 29.8531390840001 30.7503273183341 31.450150698017 31.5490537692011 31.619584718 31.7067534604308 31.6903058087533 31.7161925420626 31.73392627 31.73392627 31.828515488 31.935658328
-9999 -9999 -9999 -9999 -9999 -9999 -9999 -9999 -9999 -9999 -9999 -9999 -9999 -9999 -9999 -9999 -9999 21.6838017649543 21.6149463955305 21.6518373637698 21.6821665782405 22.007041416 22.0264022326598 21.8927098239267 22.0180807098534 22.4226913566701 22.7862738554342 23.135319849268 22.904862640158 23.0496018949448 23.1175322720298 22.0916502965637 22.8871638705154 23.0538967487961 23.3434618483922 25.0972888366507 26.4498802050378 27.1157738068212 26.6979799729872 24.5882867142084 22.8570504621031 23.4492685365576 23.5359300176429 22.8297918888755 25.061254760885 28.6971659720185 29.9537293758214 30.842429264 31.4902719394548 31.685658448 31.792801288 31.84106911 31.84106911 31.8711155575384 31.88213822 31.88213822 31.9378804880114 32.042801168
-9999 -9999 -9999 -9999 -9999 -9999 -9999 -9999 -9999 -9999 -9999 -9999 -9999 -9999 -9999 -9999 -9999 -9999 21.5549164787112 21.7515095461395 21.723105906 21.937391586 22.0731532732086 22.092213006632 22.1918405296778 22.5046244483297 22.8495273099631 22.8623140903666 22.3756504156196 22.8109994147085 22.2281783392698 22.4571947362165 23.0692486442976 23.1680134660989 24.4180737551788 26.1168591107473 27.0140388820002 26.8360140185067 25.4582271872089 24.2380679334427 23.4816830185378 23.0903460389874 24.6428957679623 23.9558349344559 23.0500141723803 28.3033563995445 29.7785246160188 30.6598094517726 31.4821812308925 31.7660867273419 31.899944128 31.9765967442407 31.9964239 32.0343123988606 32.04821195 32.04821195 32.04821195 32.149944008
-9999 -9999 -9999 -9999 -9999 -9999 -9999 -9999 23.7878365809763 23.2512440262617 22.9582176199356 23.0222826655254 -9999 -9999 -9999 22.0284776107538 21.8047788380643 21.60390365949 21.4361116898691 21.3915229898536 21.442765216 21.6323682958847 21.764249128 21.930267466 21.9759721576386 21.6985018715657 21.3813531773726 21.6563168110375 22.0481638302744 22.094054328802 22.4029312757568 22.7877021813218 22.8948567693006 23.9161180879033 25.3258117816366 26.2567722560001 26.4451253584668 25.3695344071442 24.0420778206483 23.9150560500403 23.0998139363695 24.0980932994122 25.5687313084295 23.1007107866413 23.5732220859687 28.2758639460842 29.7793880336677 30.4686751072554 31.4219901333211 31.8752059215877 32.007086968 32.114229808 32.15535479 32.15535479 32.15535479 32.15535479 32.15535479 32.2561280709314
-9999 -9999 -9999 -9999 -9999 -9999 -9999 22.8621398860001 23.4116784644591 23.2681379 22.7406807161708 22.4104139773512 22.0789996660391 21.8922842377538 21.6740133564054 21.8497376397178 21.0751080391021 20.5324990430628 20.3460731753455 20.1288176336646 20.2291865148361 20.9349739874714 21.141410248372 21.3309646850993 21.4040133052308 21.375905713961 21.4126515524029 21.8949862742405 22.6364180335775 23.0628934193561 23.0564299083858 22.6594146961453 22.4960995636697 23.8807141026668 25.5479168557624 26.239178130184 25.877947487575 24.4219069601872 23.8610321842108 23.7363012339854 22.9899515860502 24.661390817879 26.5329991376775 24.8583787980273 25.5937195169063 28.4372357462565 29.7295025260318 30.5787891139467 31.4386664402321 31.9724566174827 32.114229808 32.221372648 32.3037572266268 32.2792715576585 32.26249763 32.3171495437708 32.32499526 32.36249763
-9999 -9999 -9999 -9999 -9999 -9999 -9999 22.4712436163553 22.18040419957 21.858819953955 21.5668488960195 21.2654205313538 21.1863795768048 21.2774057921457 21.2623615293959 21.3113506284594 20.7107513203624 20.5070854555036 21.0738107150678 21.4428491735918 21.8383386052001 22.0886132388992 21.7500302231265 21.5806338603898 21.4526292562612 21.935724804867 22.2712866053078 22.8070541029115 23.1167365167061 23.4715569715447 22.3755651645813 22.5957622034149 23.4266723318892 24.7731867670673 25.9097636096 25.9373508184782 24.7630827365867 24.0134621220077 24.230050153071 23.7696777656815 22.8064409791458 24.6826631301946 26.8906292415134 24.447572545876 25.1963092201838 27.4346142061104 29.6206021374448 30.3427637741416 31.2182348048231 31.9505904305531 32.1877587099004 32.328515488 32.3896831814049 32.428738209885 32.43928094 32.4658292493628 32.46964047 32.46964047
-9999 -9999 -9999 -9999 -9999 -9999 22.7856995121162 22.3745376910733 21.5384539136701 20.64488183419 20.4065262336133 20.5996819243 20.9349351300901 20.6377359852532 20.5131042346766 20.8832746793932 20.267028957733 19.5055872968396 19.565763026 20.441302791787 21.6064065144236 22.6073010680344 23.1000392826536 23.0970738825736 22.739409226383 22.2614465783457 22.0417571487498 22.8764875583171 22.731444192783 23.7081534084448 23.7401843609693 23.605688366083 24.5797369480734 25.6473399003961 25.6960589198422 25.2622135731308 24.7196235183681 24.2047189497753 23.697653196722 23.1572041769407 23.0995009432484 25.3207341402168 26.5631358708385 24.2568645570784 24.3053930214053 27.358133771855 29.1728878726835 29.9445498143174 31.0831588173566 31.925459043247 32.280247666 32.435658328 32.5274740065635 32.5705521124565 32.57678331 32.57678331 32.57678331 32.57678331
-9999 -9999 -9999 -9999 27.7884222281301 24.7590726567366 23.209159652699 23.0666203341512 22.243266701449 21.7819928773123 21.7052085771998 21.8191116877615 22.0453167379491 21.8599212925524 22.1290830782538 20.8473529124576 18.8036827016178 19.5763033464617 22.1901995574029 23.0984012161154 23.7571469598057 24.2480114612242 24.5726148033917 24.5071138 24.3880370188869 24.2940673659103 24.1214718639999 24.0899151822002 24.2683796007961 24.8099602802372 24.9791736513734 25.1038024076699 25.4228123532134 25.6334433215434 25.1179401349919 24.3628276855334 23.9615672867293 23.6145974220259 23.5832314434555 23.7071537288364 24.4648518270799 25.9482968924888 26.4802896443789 25.3824599488026 24.2097686493249 26.8815560594596 28.890550590856 29.8051504394686 31.0430375759189 31.9138647693878 32.387390506 32.5922127039192 32.6230576649363 32.6614009571445 32.68392615 32.68392615 32.6045410610175 32.68392615
-9999 -9999 -9999 28.478537870162 26.2037955032743 24.1917529798451 25.1827926359216 24.9905086007661 24.5784146374128 24.5859367117584 24.5517023434092 24.1988873257886 24.1909940193125 23.7986430272013 22.3947595484356 19.3481130601649 19.4736393864105 23.1208474121457 24.2511607112027 24.4461871047375 24.146377988 24.2734324335228 24.6270200171261 25.0429899441582 25.089326612 25.0618789821233 25.0499320402441 25.0307941647347 25.0538953661621 25.092801528 25.1926543117934 25.1972045579542 25.0554909064364 24.7811907675177 24.6608686186763 24.1502815646805 23.6140877391503 24.1954370363075 24.5122880636051 24.7081276506223 25.2480684822179 25.6957834659824 26.2868484161412 25.2833003990758 22.9967764478493 25.4974014688776 29.0653560290284 29.8739738770845 30.877355407114 32.0536562862358 32.494533346 32.6552021417451 32.7542257350005 32.7220452605089 32.7 32.7 32.6915522274815 32.7894916222732
-9999 -9999 29.3102120491597 26.7846952712805 24.05234041606 24.9609359282042 26.5039024385733 26.8252045299197 26.7133048255136 26.4931908039894 26.2417479395938 25.8086786105282 24.6511139391037 22.8462803720397 22.3174878203737 21.4588720900001 21.4740961535357 21.6489952833437 21.5661719965892 21.2027971109374 21.4493667966385 21.1787693330059 22.3211363694239 23.9448632980816 24.6410123056562 24.7790056117634 24.8842325556413 24.90357634 24.90357634 24.8053954907247 24.7897193376935 24.5317836618752 24.1389719625458 24.3577509139357 24.7722150306605 24.9302608608877 24.9749036628421 25.0446861844118 24.702068449469 24.93634914411 25.734545979799 26.0675160801891 27.2177722941333 26.0610707508021 24.745858570107 26.1937353487091 29.485359041197 30.0097955550788 30.9110135661733 31.9586963776694 32.5542714747127 32.757086848 32.7993923415314 32.7986917623466 32.79821183 32.79821183 32.79821183 32.7999690278585
-9999 -9999 28.7462457227162 25.0717684671564 24.0920177485859 26.622391147063 27.2100484851558 27.1084322335413 26.8339063840613 26.448433038 25.9432378690282 25.0284226949975 23.7605075941302 23.3724268697303 22.684613424967 21.2840974112811 19.9941024804891 18.998625686 18.5703857283196 19.7151722111726 20.5782207506781 21.2148737103926 22.3766273524094 22.9041030958863 22.9036392117212 23.18089209305 23.4273439653575 23.4718822913425 23.662406046 23.5875866093851 23.8310973364063 24.1818954611378 24.128384544 24.5834831429146 25.2497869520001 25.2913778585377 25.1328227557331 25.2141630468898 25.1015988843054 25.6909703648048 26.4630997821436 26.5759154187198 27.2049631360159 27.5394686246346 26.5797987303351 27.3971106745498 29.5617577818805 30.5732219562324 30.9190686759723 31.5169759122849 32.5553820388314 32.764229688 32.867837489563 32.9 32.8239964514582 32.8881185830312 32.9 32.8069939820099
-9999 -9999 28.1468458104108 25.2205668740728 25.9795113209741 27.48750249 27.3798408058143 27.0439392381697 26.552553525395 26.0983859579529 25.4633577127747 24.3037762729385 23.804360431326 22.7131248745379 21.6993755633552 21.2387005706992 19.8641670257876 19.4868378140481 18.7769896251295 19.1735415018765 20.3261273614606 21.3974637687448 22.3492275526409 22.9105151640008 23.0007228427537 23.0539353790734 22.9670185447198 23.0905089663536 23.278014272067 23.4079928525491 23.9168290992532 24.5910996136219 25.2665686984604 25.4117198067318 25.3545001932165 25.5667166831525 25.6263043797744 25.4490802617682 25.671356732802 26.2191688644574 26.430313738 26.154866737146 26.2189082949725 26.7296546820839 25.7513622645961 27.8528361131836 29.5776785972739 30.3750117946889 30.7935664833288 31.5810137900491 32.5526286141188 32.8662329292621 32.91249751 32.91249751 32.91249751 32.91249751 32.9006762130215 32.9
-9999 -9999 27.269786346994 25.7998667987153 27.1618309212285 27.3315576795226 27.3030412699586 26.7939179701743 25.8544188053941 25.534918794942 24.9226087373943 23.4988702808796 23.013623312025 22.6723398227843 21.5761382506396 20.8001376023855 21.1726650187214 19.5022326769423 18.3413714480164 17.649944488 18.1984229561745 19.721198270722 21.2099508207136 22.3736597163857 23.1189237073527 23.5160105454234 23.8412662369964 23.9515246069256 24.0332320410046 24.2903143328376 25.117562385394 25.7453847178421 25.9403285045647 26.092211306799 25.937807969661 25.7874515781927 25.614189798124 25.5132971122038 25.5647959388946 25.8351674948541 25.9228826626879 26.0793827553535 26.3467102678429 26.2528684565123 26.8012641460174 26.9086210550902 28.7986173491544 30.089013873482 30.7406868860001 31.6690441180001 32.5584733255345 32.9258271264023 33 33.0143690171496 33.0038684540744 33 32.9239884354775 32.91964035
-9999 -9999 28.4177559010527 28.14694578 27.2624617409178 27.1846226186194 27.0689314940801 26.1029516320446 25.3862058743662 25.0602975829102 23.2706564703445 21.2454861504102 20.5809407720584 19.9738747413883 22.0617911481704 22.9521891312562 22.2102875984083 19.5484614486181 19.4564417376949 19.0954322494159 19.206520683121 20.023839055893 21.1286675645894 22.1718765734784 22.8333529358028 23.2213423500701 23.8047369528443 24.1657027058729 24.4263539607854 24.8722097218888 25.2592731012941 25.6575036704769 25.8151687423822 26.2131154103661 25.7566306930633 26.2496454458528 26.3069259198045 26.1026156560818 25.7120165571086 25.6568142612123 25.342901821122 25.4800105253724 26.1374694055367 25.6709826426884 26.4147235979528 24.6451022719279 28.8583737788762 30.2343129777009 31.0955184962462 32.0885713266512 32.808762914 32.9966727900665 33.02678319 33.0803491192493 33.0412043111592 33.0033622604321 33 33
-9999 -9999 29.2239745074869 28.3869455046018 27.7795709760179 27.4765106033987 26.3239175482843 24.9944002801737 24.8544731610465 24.7762551982928 24.1378699539999 22.5817936001425 20.3659116905654 17.2567359044915 21.504633307771 23.7577946159208 24.622174207268 22.8216162924671 23.6144132029349 23.9365407570508 22.6135848789134 21.414536607747 21.6383072428866 22.3835934068587 23.2493356560878 23.880114723163 24.3555723972379 24.8829373315123 24.7892837933204 25.0508913886384 25.5565940278203 26.0360736057766 26.2492690773214 27.0539956743667 26.8018871754568 26.5473552080457 26.3144031599024 26.0554656309166 25.6854868850683 25.6119433722909 25.2539665372615 24.9313999814266 26.0670677395917 26.1660723270949 25.6599739636279 25.3702562259136 29.587713148063 30.4763365635833 31.3310264037093 32.4433654018134 33.0054979197721 33.13392603 33.13392603 33.1091055096483 33.1 33.0422207064342 33.03392603 33
-9999 -9999 28.3879501217502 28.1328632185146 28.0305911157936 27.3525250027896 25.7206783102322 24.7000845391412 24.2991699869556 24.148551543113 23.6079670843798 21.757625115297 21.1840525250621 19.8484411078338 22.4340931331768 24.6685372149676 26.0661651861814 27.5075809112319 27.2877245421955 26.9121207426374 26.3775617411374 25.2054442562466 23.3712314450763 22.1667756937034 22.9110263902283 24.2725897860001 25.1940554565433 26.267070871569 26.6938795030501 26.6811827982211 27.0934889503774 27.6979097792396 27.6084719256013 27.4085911036946 27.0717681439999 26.5423331308881 26.5625022945037 26.6706726386385 25.991693673559 24.980635767626 24.7400162349595 25.2438556001215 26.4629471692219 26.9862411842225 24.9710848157509 26.4854488920701 30.2643266762355 31.2174133035463 31.9200158936674 32.7442203669717 33.123287405069 33.2 33.2 33.1568855739527 33.14106887 33.1051556306995 33.1 33.04106887
