catData/variables/pastClimate/midhol_MIROCesm/bio10.asc
NCOLS 409 
NROWS 350 
XLLCORNER 60.897278365 
YLLCORNER 5.843756025 
CELLSIZE 0.0892857 
NODATA_value -9999 
[rows 156 to 181 of 350, columns 174 to 231 of 409]
26.59464677 26.5930246097276 26.5912980729261 26.5922598644201 26.5403318402336 26.435772952 26.328630112 26.2293200643896 26.125050892 26.0225891935022 26.1846919535321 26.4 26.3916013314634 26.2884792898828 26.2219196032291 26.3806869817262 26.6929267740784 26.8465130901963 26.6531155821575 26.633806846 26.7750080866134 26.878512488 26.9010544739992 26.7344723813089 26.616118682 26.6122517900761 26.7 26.6991426107306 26.671487632 26.4799273963075 26.0388581361531 25.824840516347 26.1198418793096 26.3 26.2964660021544 26.221487752 26.105747425694 25.9918144961932 25.894126518921 25.8910933828857 25.6883435324641 25.6617136455783 25.5269160539999 25.1676101709164 24.6886332868514 24.5495985600731 24.2969099827613 24.3778709169678 24.1857709899867 24.02676615 23.7098584083052 23.4338249492049 23.3952262787746 24.1722222375987 23.9194053011177 25.0921082398347 25.3706221931383 25.3879281870512
26.472113817923 26.4397825647268 26.424949228 26.442915792 26.3810395907774 26.3234909555089 26.2297367597953 26.273159498 26.2297322983681 26.21249607 26.1415476218818 26.3627280792273 26.37500786 26.342974784 26.1692198358271 26.1651620654913 26.349780232 26.689175796 26.812928618464 26.9280255289632 26.9422330398048 26.9765132959089 26.919697902 26.9 26.805412222 26.7859895712367 26.6988911664769 26.671487632 26.5672387740958 26.5 26.5 26.455412342 26.348269502 26.2926431464722 26.2132383241857 26.101848842 25.8341022859999 25.6001184639999 25.7050545728793 25.7825290252461 25.4811447604674 25.2494676805432 25.0065918761052 24.7791796287833 24.4798492966781 24.2888426317868 24.3590441882475 24.4154177393883 24.4330183467054 24.46829966422 24.2642066451892 23.6768747087794 23.410793964 23.8025954789777 23.9433602890839 23.8009328134851 23.4906610914264 24.0075927431867
26.2526531754646 26.1969757104544 26.3104525396265 26.3248906662925 26.2489489124231 26.2312010861306 26.2522427720497 26.332076228 26.3904577377755 26.3638479903865 26.4720808037258 26.1792667330655 26.2161535148722 26.1609099079317 26.0535322186179 26.1390227160371 26.4971152170398 26.7611006145227 26.9224205898437 27 27 26.9856323191647 26.9158294487543 26.8828267673266 26.8043493205924 26.6996601254885 26.6732302824305 26.583983702 26.4954517977314 26.48036109 26.48036109 26.4270169019742 26.3191509879447 26.1868015064085 26.0023768617827 25.867924252 25.584407286379 25.3980745206199 25.7215593190819 25.6961994166219 25.4537414359999 25.119153075297 24.7841319622705 24.6774159767287 24.4864497849199 24.5861057084308 24.7374308755658 24.5187889901913 24.2215910959999 24.2084861197259 24.2568536324875 24.2092027647801 24.0869345113026 23.8171979747341 23.6822009495088 23.6813166098344 23.4344618919908 23.2275144279207
26.1393041159874 26.0873866660001 26.2668957743885 26.3577917172976 26.4530576892005 26.573127818 26.6625902416961 26.7214449602888 26.894513426 26.7824377429589 26.9245342094893 26.630447034 26.418537885614 26.2970130851658 26.612372975695 27.0489685037308 27.1 27.0673535213726 27.02678175 27.011014375524 26.9823196479723 26.9196523215794 26.8784936928689 26.785773312 26.77321825 26.6719511217862 26.5976235326621 26.5529125071104 26.4170749395586 26.311539350007 26.2627878673659 26.1591764992892 26.1067273326481 25.9472306387992 25.6723641332423 25.519713982 25.2361842965647 25.260662948 25.4117289300834 25.64309906804 25.4293202490616 25.2006506886134 25.3178811816698 25.163637736283 24.7742546412685 24.898150918 24.8159138098595 24.68747225 24.4717442125246 24.175186541946 24.0583915465277 23.8309414382607 23.8371817939073 23.7419663604677 23.8775033827855 23.6856166923605 23.3929842275555 22.9677219591187
26.1392840272604 26.3610678199094 26.6830684205377 26.9436728829949 27.1216107938106 27.2406748866262 27.26784918 27.2195087417426 27.3351362070731 27.280404002 27.3303486007044 27.09948642696 26.9637596176643 26.9298629746052 27.0752951099339 27.1 27.0872969175982 27.06607541 27.0485259692295 26.9932498619548 26.900058992 26.8412564316765 26.751848722 26.6150405453077 26.5019606823702 26.4572563792683 26.0483331019999 25.941474354289 25.8833718375263 25.9237198402016 25.7307455969827 25.5937631178329 25.682107548 25.73037705 25.4462585706007 25.1523842912864 25.017924372 25.1450014385465 25.1981638444576 25.3654449943581 25.4126306139999 25.2569757839893 25.4125763679751 25.3259214266555 25.0276250177451 25.112436598 25.1844808821351 25.1600550857664 24.8232957953976 24.421304158971 23.9578847246698 23.8082961258542 23.5500042201543 23.3016687606624 23.3996199676292 23.480198274 23.693689983776 23.4751709159999
26.4526916100897 26.9319605585453 27.260647588 27.3494792256386 27.433865838 27.48213486 27.4550235151875 27.4711121556295 27.5294590915535 27.453622252 27.44106743 27.3403566111024 27.2963558002854 27.2494936125316 27.1673296606514 27.05893257 27.021487512 26.9223103624007 26.8463114566166 26.7936872745663 26.710781292 26.603638452 26.496495612 26.3378192227016 26.1506361145561 26.2203000139999 24.9993970616253 24.6137867858789 24.9978442460002 25.4626820803961 25.2812837116831 25.1856885490488 25.1251489619452 25.15359542 25.1418015373776 24.9332277935175 24.778630712 24.9853553738602 25.112452678 25.0603538135478 25.1269649965908 24.9718413843684 25.0105007320001 25.3427534300839 25.3404883698589 25.2124112212961 25.082578877014 24.9978049955499 24.7123485685079 24.387907734056 23.9030623857169 24.0154671494683 23.8133371456298 23.3733918299396 22.9034166440001 23.2182678791539 23.3840396250106 23.1216234959998
27.085449104525 27.3063203903632 27.485655568 27.5697063317178 27.6232118738326 27.64821027 27.582193612 27.5860993764836 27.5612860260339 27.5065021084158 27.4543988611345 27.3508933233151 27.2868482682352 27.1440681137855 27.0349303066717 26.80715892 26.8238709526904 26.762613934 26.527092087686 26.3802479129125 26.1337987651892 25.8036569387528 25.7221818385229 26.0134487884003 25.9641671436784 26.1869837220522 25.1430624758192 24.1337524869412 24.4840174289597 24.9826513814091 24.8639963081412 24.8020938483084 24.6570377455163 24.7319624552078 24.8496324856575 24.8621111421071 24.7291946694432 24.8748893960001 25.0401884454562 25.1480915660001 25.3314797896445 25.148372366 24.9555612302356 25.2416103054091 25.410765692 25.2359437306037 24.8664118748395 24.7432603854905 24.7387799679056 24.62518330361 24.266590975113 24.4152484428873 23.971888065503 23.583413540201 22.8370282507933 22.7832590168995 22.9632468181524 23.0757842639996
27.5404201923457 27.4688822150906 27.5581724349918 27.699941248 27.75535311 27.7227646207613 27.633983342 27.6 27.4752478205143 27.44464689 27.350058872 27.24464689 27.2219876261849 26.946680286308 26.6818746819186 26.578193330124 26.6887892177114 26.6801518822266 26.3413463099999 25.9696465744349 25.3363204901053 24.1649318107728 24.0512359139147 25.3356419439268 25.5327817812116 25.5887497331147 24.7409374159346 23.6766208981994 23.9638606640003 24.4844374295709 24.2845992867031 24.2774878775166 24.394670544923 24.6686966750877 24.8508434583739 25.0619831668339 25.0941574513724 25.1655544462538 25.2612263380892 25.3588138660001 25.54251827612 25.362658046 25.0954076071458 25.1826267963672 25.462555422 25.3108251639999 24.975521371842 24.6031188765182 24.5989194043361 24.526033593695 24.53163427083 24.4572024319999 23.9615836757841 23.4226157062835 23.3627527570904 23.1160347746451 23.4773303589358 24.6220445211177
27.716176714 27.5814337590005 27.6764807012846 27.7792183075696 27.8 27.741126182 27.633983342 27.5542782767097 27.4772707920106 27.4078462552797 27.305411982 27.1299320369482 26.6789570078651 26.4385009483208 26.3704068431808 26.6041627269899 26.6765983552748 26.5650505215598 26.3133432584653 26.0005888417402 25.4336116079252 23.9745441025999 24.0970956870753 25.1337994457802 25.09699032333 24.0008951383198 23.3065074344993 23.0655977567698 23.5879135874756 23.9549454921193 23.9843070394698 24.1349490884499 24.4319138920001 24.8384053658799 25.0947614655949 25.3054556020707 25.442797808 25.5171453447398 25.5841052804547 25.5898671898304 25.7216640838847 25.639439676 25.3556434273146 25.306805694852 25.3766581272554 25.1579679335403 24.8896506921745 24.4438493081104 24.4518172516046 24.373815534639 24.3100474588966 24.0611199577515 23.6348402033933 24.0275856370767 24.8896405757888 24.9324334252188 25.237164344135 25.9567890448034
27.892958344 27.7906823030915 27.9202852155609 27.9082269402133 27.8336139628656 27.741126182 27.633983342 27.5777878911773 27.5137172134751 27.3516590581274 27.1699032407798 26.9510171111356 26.3760730680844 26.0969000402107 26.0302102626108 26.4635900439168 26.618992437306 26.4487232586926 26.157260944 25.7379810272555 25.1824463799998 24.3514525624417 24.3283425674737 23.8450624021685 23.5872048602612 23.3688965334778 23.3294431992177 23.453208108 23.9459490166119 23.9062145335242 24.0270418723458 24.2353019794384 24.4012587091319 24.9192118126475 25.2097254108731 25.303520228 25.410663068 25.6395967672128 25.698356711046 25.7065504352066 26.0723759583507 25.9497148070031 25.5354808002772 25.19108363 25.2204982781592 25.1669266743874 24.8277440867947 24.1951255958345 24.2930654832912 24.251788668444 24.080420802 23.8327351129464 23.7797159052836 25.0028885064946 25.8750700689677 25.8490027722724 26.001730792423 26.3603791765591
27.9124637984043 27.9373865460001 28.0192794096745 27.912865731143 27.8085491338766 27.7095488291036 27.633983342 27.5438269449358 27.3812585879555 27.0372627179502 26.803697444 26.4359718539415 26.2130022760342 25.8339032549459 25.7444514820738 26.1605617640001 26.4559078876606 26.4901190377342 26.2898214878474 25.6826175655168 24.9192294281918 24.2842628219999 23.9999038504628 23.6120356307399 23.7566061529168 23.9422614427096 24.2210662256898 24.3502397339899 24.6677173949511 24.6374663393694 24.5777800871673 24.6050853614088 24.6623180140001 24.993220343241 25.12321837 25.1402047014876 25.4117098244781 25.6719742595271 25.8452517069065 26.0885742026994 26.3310640391722 25.9621514256351 25.1892657288721 24.9999522016452 25.050076453335 25.1682784803153 24.8810680452956 24.2057968459999 24.1361407429753 24.0893650024729 23.8196029695664 23.5276249138028 24.4589688081283 25.5937639695272 26.1651287334139 26.2962053561183 26.405356689606 26.5605987739212
27.9 27.9606049160001 28.0565351718864 27.9465041115006 27.8399529931123 27.7345149302747 27.633983342 27.4654417810488 27.0532909193076 26.3943577014686 26.44088264516 25.961118648597 25.7597772660317 25.5565188978866 25.6537647415164 25.821333810581 26.0030650534031 26.4087314223226 26.3887789843064 26.0077202498392 25.6290640276779 25.2230861910648 24.5421307831276 24.448820046275 24.3421721071436 24.021267384 24.3323959905972 24.5346073007899 24.7975432194693 25.0835373073081 25.0942164379021 25.0000180496619 25.0040602814503 25.0867773422244 25.0445962724992 25.0774738481137 25.4212074320001 25.6015018966604 25.805250606 26.2873852260001 26.4647516171784 26.1345711435828 25.3347950523825 24.9442676889827 24.8969841003698 25.0624031504864 25.0233220025684 24.8266511742835 24.3278537270975 23.969757974 23.8099560906158 23.5949783939208 24.8768657025338 26.0414445517065 26.3781482962403 26.499940288 26.5876473470144 26.6254303715986
27.8300235311189 27.9330092826355 28.0055878176101 27.9148066441443 27.8043117221013 27.6875113796531 27.4226768428149 27.0472303003237 26.6894101181674 26.0943157953291 26.0347638888502 25.4380492423589 25.0771055862645 25.242814608 25.3520262034427 25.377833127197 25.5034340050486 25.9436965574117 25.7088052893806 24.8695978115025 24.4311289560618 24.4655414693828 24.5692670312217 24.7581460007678 24.8513746990401 24.3694610940001 24.6820161560001 24.8817162242498 24.9603864620211 25.0309529467243 25.287722480487 25.237546962 25.1867555450218 25.0838385795524 25.0030356694694 25.006535068285 25.3301401220001 25.5760109222063 25.6168984230963 26.1260535620924 26.5975626768291 26.5798969555659 25.9584061236971 25.2208808309604 24.7272580765218 24.6606018066844 24.9132444764167 24.9572878853245 24.8837723783551 24.7488446551535 24.2736615550046 23.9893803239999 24.9439389804388 26.2857494438642 26.499940288 26.607083128 26.69106731 26.721368808
27.823159618 27.930302458 27.9632249166663 27.856403651212 27.6475847867291 27.3298018490314 27.0739444848467 26.6408815052749 26.1085222927933 25.8295881939262 25.8964747343598 25.6911067744762 25.482653529651 25.3652472400162 25.2022043681271 25.1727351177511 25.1064813225943 24.8953695924616 24.5170288661576 24.46412709317 24.5612551231425 24.667789708 24.8552346460001 24.8977607164456 25.3643771226219 24.7912338838651 24.7264615524121 25.0299560782903 25.2414950345056 25.4229798078598 25.4964203 25.5394118536066 25.5420360003185 25.3190641804402 25.0667511251238 25.0718495813163 25.3405530068055 25.4890098269272 25.50178985 26.2068620400001 26.707083368 26.6552122816564 25.7200983659997 25.0431390070272 24.8598746148827 24.7530414694064 24.7543840639772 25.0341210215664 25.0655700102662 24.853202026388 24.4759189709804 24.4791693841055 25.808501038987 26.3051594471251 26.607083128 26.714225968 26.79821015 26.828511648
27.9219198859644 27.964344552 27.8926425669426 27.8025045425683 27.5366849219207 27.1474957288196 26.6178267430106 26.362874662612 26.5654822156313 26.5386477136338 26.5115750885658 26.119681102 26.0027145476668 25.7617990023225 25.4395940135651 25.1829993685034 25.019756894 24.6812546628845 24.367097373232 24.373982544514 24.4071721277461 24.40535299 24.565957186 24.9644945795734 25.7626346454049 25.6222215746593 25.3441139874029 25.1686461751697 25.3259194082939 25.3340329061479 25.4788984707261 25.655293638 25.6183214975395 25.4826990536874 25.3892284108134 25.4973685361647 25.5395798091429 25.7264030438185 26.1217535290992 26.4403993221549 26.9102309975278 26.9062103279831 26.7523127744819 25.8393305520196 24.8318343669682 24.850860979893 25.0098293384623 25.2670960390487 25.1128956888808 24.759035434 24.5748395170696 25.5781147367237 26.2790989921903 26.6018227521142 26.713750998375 26.800857325136 26.8272719673531 26.930301498
27.88750417 27.857201712 27.7453797712189 27.6192768861507 27.3495569830681 26.875480551906 26.9225429532894 27.0408414335011 27.0073841590725 26.9781459984278 26.6794247280703 26.4228615918535 26.2623208835662 25.816979746081 25.5241050160157 25.4034182838849 24.9672764447911 24.805395422 24.7435191349218 24.678613912 24.571471072 24.546629346509 24.7507251706102 25.3027823264081 25.8952235362414 26.1321303870833 26.4842437818142 25.947466319889 25.878383096972 25.467402012685 25.595083551199 25.8765035500554 26.0413809661765 26.2677299960001 26.4077502286247 26.446629316519 26.3194827549876 26.6700595959697 26.9023472380503 27.014226208 27.1047313942368 27.0390063786196 27.0285419275718 26.5113457610076 25.7658648783779 25.3928964607253 25.2469713269824 25.537807424791 25.2718724959998 24.853682444 25.2617142120353 26.1073405479199 26.496257724 26.6282357408968 26.81249583 26.8265103386096 26.9 26.930301498
27.76072266 27.7363712017285 27.605470734 27.3903795024048 27.1538395741716 27.1678440046664 27.2872309771228 27.2142795996141 26.957031277162 26.6753970841849 26.2645385679999 25.7373581485091 25.3787231633348 24.918010522173 24.9835411243611 25.26072266 25.2379850247438 25.1641685721481 25.067907932 24.960765092 24.9184459843842 25.0340937937593 25.5270200899416 25.9357313735836 26.1863060175818 26.4254654989262 26.8660468388658 26.8978085802687 26.5227955106864 25.9512978549257 25.951611794 26.13927734 26.3461993320001 26.6454620754322 26.7326033693441 26.8268038161203 26.939217868 26.9417430343273 26.9967134091021 27.1406678947749 27.21963867 27.21963867 27.196479772 27.1136878116699 26.8599488053189 25.798861115882 25.3203482166826 25.71077596226 25.2325951559998 24.9006095699247 25.7461023082365 26.3086938420002 26.6241022166839 26.8210290319077 26.9 26.9031452936448 26.91963867 26.949940168
27.6 27.6 27.5551946526852 27.5575794293628 27.6397086829538 27.5521403945449 27.1746210834556 26.8412138257272 26.5337151392732 25.9891543218186 25.3893108010031 24.773089097725 24.469104794538 24.6298470454523 24.942088110325 25.0496817008073 25.2679313477639 25.378428142915 25.2129054481472 25.1830315206149 25.5581398427651 25.9356425360113 26.2494360143757 26.3477328283701 26.5359982131046 26.849898216 27.0535663181249 27.063857645802 26.6011550888592 26.1769197145366 26.3065299586457 26.4368065638279 26.5724854065153 26.785654848 26.892797688 27.0535064562784 27.1587958078696 27.1326118130787 27.1081898848447 27.3530995986429 27.32678151 27.3224921678251 27.2830434045837 27.2045950349926 27.023841154803 26.3261963937246 25.8763222962457 25.7388348377182 25.0536696060739 25.2493793155676 26.109738330726 26.5832844694727 26.7906241993274 26.874145204163 26.92678151 26.9385080501007 27 27.030301498
27.7356974 27.7254174880895 27.726515274048 27.7519318940256 27.680420322 27.5343762240766 27.2892508897634 26.9291106876804 26.4847744530065 25.6692229210283 24.6825991605687 23.9684665713037 24.0746930191027 24.8636678143641 25.1237136213516 25.1012716820635 25.5992643629328 25.9042706880261 25.7522798047838 25.9939433520506 26.5669845818015 26.7356974 26.7356974 26.648252462 26.4769330442681 26.669536886 26.8957062869491 27.2002839769717 27.1095471210962 26.8333108087791 26.939217868 26.912597734 26.853503548 26.8807567990408 26.9544873872814 27.0979777393229 27.1884081167289 27.2595527025941 27.4249355685525 27.498269622 27.3969898184694 27.3554929355721 27.3 27.3 27.2378136736967 27.0447495139999 26.6909878071008 25.7578254239998 25.1145572284919 25.8657385061912 26.4894044341621 26.7427376160001 26.8303478719709 26.8362107498588 26.9690857501121 26.9945667378463 26.9739320741952 27.0200219117633
27.8452422443273 27.8838290760046 27.8538668049728 27.6430340159999 27.2976006978552 27.0473436493016 26.6981502816273 26.27259707014 25.7943589185118 25.0631623085556 24.6808940288315 24.9236931150262 25.1312353063296 25.9088228180001 26.0023171857662 26.003571252 26.0682760688856 26.4711578720002 26.8452381676858 27.0326843135889 27.1031740901888 27.0931571185146 27.08213438 26.9587782631661 26.7349929410161 26.7259520898178 26.9139841321437 27.2665223424694 27.3822141456144 27.292899592 27.2452688534468 27.2112699622274 27.1536878060984 27.0780472427274 27.1102573167501 27.2805424430758 27.4178498528033 27.4769782702726 27.5378774740532 27.497559004379 27.3464156107048 27.2310203099387 27.2904892913564 27.2713768823178 27.262555422 27.1291359636661 26.5847367993192 25.5491657420581 25.5617248227552 26.3688368381854 26.7097599979629 26.8800451242887 26.9 26.94106719 26.9462962852661 26.983984182 26.923158658 27
27.6637533840715 27.4991042332597 27.2934585547988 27.0108493612937 26.5056618940261 26.1249552093199 25.6369665481194 25.377391351801 25.024071784886 25.3142052991157 25.7917335238542 26.6784583963221 26.6982365207247 26.9457651702252 27.0012544149184 27.0399653487769 27.1137008366094 27.3549142249935 27.4465412513819 27.3695093916159 27.3163834950773 27.1915706417704 27.0743626389271 27.0069517265298 26.905412222 26.808647883828 27.1187625372362 27.364226328 27.4602041406225 27.4989152073688 27.4783679020087 27.4251180952981 27.39642006 27.39642006 27.462436238 27.5343090934745 27.54821003 27.635654728 27.5570086691079 27.399284968247 27.1547345982391 27.1725207996334 27.276841102 27.2156932610197 27.2323974342872 27.1124213668119 26.5610948787025 25.7056079842076 25.8950845914564 26.51758386 26.7708050221283 26.887444458 26.9 27 26.9957223346443 26.9434953826625 26.923158658 27
27.4346719950237 26.7585890118162 26.3265600133691 26.4856999967508 26.4880006540083 26.2620665340584 26.0354637148109 26.1463516734619 26.33391816724 26.8886764867038 27.2277457994436 27.5221842584214 27.557184912 27.46605861 27.46605861 27.4628145333267 27.492797928 27.6246214492157 27.6645131603104 27.4910586196213 27.2608996179315 27.1644629909211 26.9502991580867 26.8422350894418 26.8964247613767 26.7630480132683 27.2177469160001 27.4071508173892 27.4574663775503 27.530301978 27.5832819634293 27.5800334183688 27.61070574 27.5781176577522 27.5848271988127 27.6404956161268 27.65535287 27.6459912679883 27.4031151370547 27.2976823076545 27.1838050460001 27.3643439724723 27.3065557425932 27.14464713 27.14464713 26.961524044956 26.5436346787684 26.1820625698064 26.3034574626385 26.6359291768803 26.7824104755611 26.8390414408411 26.84464713 26.945604811038 26.991127022 26.9 26.923158658 26.983227251204
26.8884425884286 26.8461807330201 26.9357279508468 27.2894424234869 27.5055557639911 27.4800860056897 27.4832005185939 27.5972046111699 27.6675867917203 27.7405656462963 27.785457404576 27.82499142 27.816117722 27.72499142 27.72499142 27.694689202 27.639034923143 27.7238059825709 27.8323294920013 27.700588319147 27.2244081594172 27.0649421502822 26.93447301858 26.7251101239999 26.7709489491313 26.9297507679871 27.2288379771574 27.52499142 27.533677090277 27.592797688 27.66249571 27.6792179945605 27.7323293420116 27.7404156825838 27.683734140844 27.735654728 27.7123104936997 27.612555302 27.4935768463339 27.5489014279832 27.4941428048221 27.546479652 27.3640723805333 27.0564415763055 27.0531974902448 26.8356671603492 26.6430946440219 26.6617845805941 26.7782618768338 26.8524291002616 26.86249571 26.86249571 26.86249571 26.9620633239458 26.928631312 26.83750429 26.860662948 26.9261399283157
27.5495555555178 27.7331865625378 27.8780144688592 28.0056294104496 28.0392771 28.098150918 28.1192334853896 28.0579684364055 28.0392771 28.0392771 28.0392771 28.0380717555862 27.9669443666186 27.9392771 27.9392771 27.8878728567669 27.7957147454379 27.883864998 27.991007838 27.9625286500523 27.5387464765141 27.2462986570761 27.2404559853336 27.0124074871283 26.8468150858472 27.277194726875 27.223135137028 27.5053369707635 27.7392771 27.7484772198995 27.76963855 27.76963855 27.785344679285 27.8 27.7799565311246 27.7918506886706 27.719698142 27.6734505217391 27.66963855 27.6994746321487 27.6634593696464 27.5505238903249 27.2236724222895 26.988098356064 26.9379854663456 26.8418751953776 26.76963855 26.828511648 26.8896819460079 26.9509467121969 26.96963855 26.96963855 26.96963855 26.9298361550162 26.897306035221 26.8584853665742 26.823158658 26.9
28.2125029013809 28.23034417 28.239038447706 28.25356278 28.25356278 28.2672324621935 28.27678139 28.2597947714814 28.25356278 28.25356278 28.1809367850062 28.1763795088313 28.15356278 28.1412650594937 28.0412172053125 27.8626141739999 27.7319128319813 27.8594955337124 28.0914503176937 28.2083157150623 28.0016387267371 27.6814157387939 27.7490847250436 27.588713574881 27.4441385947186 27.702335531444 27.4549042503936 27.7465956795381 27.95356278 27.8837639402823 27.72321861 27.72321861 27.7629380054183 27.8 27.8 27.8561725109308 27.796479532 27.7096401353943 27.7726256264432 27.7754527817193 27.6775008217637 27.3454809321332 26.8942473205517 27.0767288507388 26.871249532532 26.778631192 26.762937821143 26.858873098 26.950687954818 26.9937678413446 26.9383433015071 26.92321861 26.92321861 26.9 26.8863744083144 26.7550157373605 26.8053771184823 26.82321861
28.3194365310775 28.3584931254524 28.3 28.3374202514879 28.38392423 28.38392423 28.38392423 28.38392423 28.38392423 28.38392423 28.3687184777788 28.3663958507511 28.28392423 28.267907692 28.079296485022 27.7478398133883 27.8153497065996 27.9641921039304 28.1439710824602 28.3082827750099 28.2966825169601 28.032294916 28.0449839685797 28.186508547562 28.108957602 28.1319574738307 27.9239005800974 27.986439501229 28.08392423 27.9675875942886 27.7314252751814 27.8213440786516 27.8761645358783 27.8345152344082 27.855403569062 27.957083248 27.903622372 27.8698668214723 27.8830541350575 27.7157975984126 27.6808271258826 27.4793426508228 27.4350610722391 27.2260822454137 26.7997052744735 26.6249837692334 26.7112202487035 26.858873098 26.9106125703562 26.8546778288861 26.751849922 26.8789257161084 26.7412366769514 26.81607577 26.8057763924645 26.7025746660653 26.7355114954049 26.8
