catData/variables/pastClimate/midhol_MIROCesm/bio15.asc
NCOLS 409 
NROWS 350 
XLLCORNER 60.897278365 
YLLCORNER 5.843756025 
CELLSIZE 0.0892857 
NODATA_value -9999 
[rows 0 to 25 of 350, columns 118 to 176 of 409]
-9999 -9999 -9999 -9999 -9999 -9999 -9999 -9999 -9999 -9999 -9999 -9999 -9999 -9999 -9999 -9999 -9999 -9999 -9999 -9999 -9999 -9999 -9999 -9999 -9999 -9999 -9999 -9999 -9999 -9999 -9999 -9999 -9999 50.7846793295025 50.8803558499085 51.7729626206287 52.9640351707205 53.1785961999999 54.9859004284672 56.0923902038771 56.2678942999999 56.2535914072492 56.6004307336868 -9999 -9999 -9999 -9999 -9999 -9999 -9999 -9999 -9999 -9999 -9999 -9999 -9999 -9999 -9999 -9999
-9999 -9999 -9999 -9999 -9999 -9999 -9999 -9999 -9999 -9999 -9999 -9999 -9999 -9999 -9999 -9999 -9999 -9999 -9999 -9999 -9999 -9999 -9999 -9999 -9999 -9999 -9999 -9999 -9999 -9999 -9999 -9999 50.0178697 51.1743143391408 51.333755984509 51.7315997799999 54.3803847946641 54.9642606 54.9980659616542 55.0348736950936 56 56.1573079869344 57.2178674771452 58.010830002449 -9999 -9999 -9999 -9999 -9999 -9999 -9999 -9999 -9999 -9999 -9999 -9999 -9999 -9999 -9999
-9999 -9999 -9999 -9999 -9999 -9999 -9999 -9999 -9999 -9999 -9999 -9999 45.0583118514542 45.0985386362986 45.0535586999999 45.0535586999999 45.0736143004425 45.1309986126895 45.1329692750631 45.1071173999999 45.1071173999999 47.184372954966 47.9464413000001 46.338027998516 47.0023442815807 47.0699470693339 48 48.3289237951604 50.0535586999999 49.7667591796546 49.4815751799999 50.1309984841486 50.7334040727916 52.3506825340712 53.76728878 54.8779007131369 55.96370428 54.4117629399995 56.0524460599996 58.1052628357491 57.9952471056275 58.10661148 58.7272468388665 58.3030269800001 59.0200553433608 -9999 -9999 -9999 -9999 -9999 -9999 -9999 -9999 -9999 -9999 -9999 -9999 -9999 -9999
-9999 -9999 -9999 -9999 -9999 -9999 -9999 -9999 -9999 47.1098479119482 46.2905582610438 45.2672923800003 46.3387207800001 47.0697794137573 46.0960396651836 46.0378750633901 46.4994472800001 47.4036847183882 47.2973667691109 46.8750128999999 46.8750129 46.9664537348319 47.1003684634056 47.7808538960418 47.8750128999999 48.0021642491265 48.1138952223 48.4805177399999 51.0868414045422 51.2613370097371 51.2808529960107 52.363102041705 54.2889849451486 55.0070773531464 55.3276842737108 57.0882382599997 58.6288032068731 57.5632829080404 58.9120609982486 59.5969037874717 57.933441375462 57.3701059673907 58 58.3030269800001 59.37445538 60.0557297205993 60.5776419308272 62.1774811600001 63.6601689800001 -9999 -9999 -9999 -9999 -9999 -9999 -9999 -9999 -9999 -9999
-9999 -9999 -9999 -9999 -9999 -9999 -9999 -9999 47.158279644283 47.1717577691834 48.3280926940835 47.4101491800002 48.429283968348 48.5146953887842 46.8138871136842 46.49944728 47.4973258965152 47.1958022683846 46.2980245732852 46.392831 46.392831 47.1244331799999 48.6690445386582 47.7641039244274 47.4034595573136 48.6065622800002 49.5353637849735 49.305293353065 51.8312730068623 53.7396780271875 51.3376549079124 51.8473174780738 52.1636355656637 52.2931242067884 53.4557512833768 54.7650509868227 56.9745913140452 59.5031803127783 59.2292724625784 57.2035270314319 57.6959107800001 58.5413785379694 58.15092594911 58.3030269800001 59.37445538 60.4458837800002 61.1016081304908 62.2582588846091 63.5305015597089 64.5351818800001 -9999 -9999 -9999 -9999 -9999 -9999 -9999 -9999 -9999
-9999 -9999 -9999 -9999 -9999 -9999 48.9232364109531 47.3402834960349 47.4301749703837 48.1759300335814 49.6529218447093 50.0655009356393 49.5784331700989 47.8827269113256 47.4539445576573 48.0497465248833 47.8997031249941 47.4056960562325 47.6558771774594 48.4255357586862 48.358864280087 48.9994460799999 52.0497925352677 50.1087791599995 49.5463192144599 51.5669173581405 53.3804245054529 53.5260877885002 53.2128498410928 56.2316120980925 53.9159891043611 52.4665113202216 51.6649721453658 52.6711518765569 54.6078320829128 56.1762409915716 56.3779182186231 59.1343922376968 59.9748737360107 57.9839223728854 57.0888105466555 57.5023830486501 58.6246220538033 58.4897069518716 59.37445538 60.3264565294182 61.2494682800001 62.4785872530355 63 63.7315973800001 62.7668031065684 -9999 -9999 -9999 -9999 -9999 -9999 -9999 -9999
-9999 -9999 -9999 -9999 -9999 49.0104896603216 49.2300340980125 48.6207026456416 48.8733677755984 49.5933610473077 50.6412872036215 52.5973305587595 48.9413626763137 48.4479581677342 49.2411673714781 49.2787083379473 47.4133114865269 47.1512776440804 48.1983949383663 49.3890003808131 50.1204473037017 52.3297531514683 52.4799436052245 50.0125750693999 50.9284925860928 52.7299908200008 56.7225257303011 57.0338902611596 55.3310194769988 54.5027588788806 53.168900309094 54.7662567396541 54.8280259052397 53.6288181049336 53.5693048550266 55.599062719719 57.90969486 60.3648106605872 60.9984930108003 58.3562772092401 59.2041870956131 58.05434130536 58.4922958970868 59 59.37445538 60.1512760155734 60.8565844800001 62.1172667186402 62.8847047482333 63.7315973800001 62.4082558700196 -9999 -9999 -9999 -9999 -9999 -9999 -9999 -9999
-9999 -9999 52.6169339250806 50.4347540976091 48.7875365685104 49.7667948600003 50.742527577748 50.9520649537416 50.7131588680363 50.9551579564441 53.8376693399999 51.1408692372969 49.1093448475858 50.1577482015491 49.3584467708647 47.8214235841683 47.5644917580481 47.901036476144 48.7297794258078 49.4107007 52.0513958200007 56.5984356702097 53.609324862654 51.5586631704144 51.7991773090871 52.4941870259351 57.5870788200006 60.2624968263661 54.5375507338195 52.6596094569731 54.2685630029007 57.7039100724933 57.8445347397471 55.7582028459939 56.013659311544 55.3698396235318 55.6701471530629 58.7571245818981 62.0162535399997 58.1683958372853 57.5892993 57.7494694799999 58.6844169989251 59 59.2206662933152 60.0351830800002 61.1066114800001 61.8310954683244 62.3890371177958 63.3208966800001 64.2489057999282 63.3800702276873 -9999 -9999 -9999 -9999 -9999 -9999 -9999
-9999 54.78516328 54.525896700037 51.176826372457 48.9815100741839 49.8579013227018 51.4841913124952 51.9738511354225 55.5061519995893 54.6259809399998 54.0202861216858 50.481510117074 50.4559031875391 50.2218128557997 48.4821291 48.4821291 48.6760511304308 48.7690872797756 49.0179359200357 49.8017221801886 51.6858281488155 55.780450563007 52.9778070583834 52.8432042420288 56.1903447361034 55.0491079628558 61.734317500396 59.2062392128808 54.2505281199998 54.0881878599999 56.0371238724594 59.4086638026668 60.6080516386163 57.4524812507636 58.7451892732856 60.633967486983 60.0897464199997 59.0808273243819 59.9777584435563 57 57 57.1601701799999 58.2315985800002 59 59 59.4458837800001 60.5173121800001 61.58874058 62 62.7315973800001 64.9932136565885 65.9037289067948 -9999 -9999 -9999 -9999 -9999 -9999 -9999
55 55.1352873369047 55.6938396288851 53.67859541616 50.3188938119169 51.240559278455 52.4018457042396 55.3100880914665 56.608276714084 54.4456675846408 51.9123515256773 50.4445874631493 50.2204667648751 49.0886660614913 49.5535575 49.3858119854426 49.6218557232711 50.4138475323765 50.3934796941563 51.5753223006894 53.2398479272225 55.6491317699571 56.4109036231717 57.2092513063572 57.2370356931023 62.5686631612392 63.7856140664192 56.7683195729534 55.5783654389727 56.0989870739805 57.2341788223429 60.615406858172 62.9462016087629 60.7209860407566 61.0277014265784 61.2897118791307 60.8737065917504 60.0986482531333 59.0541150200001 57.5535575 57.5535575 57.6250642755846 58.2315985800002 59.1677428574814 59.5535575 59.7526189694527 60.5173121800001 61.58874058 62.3654414901464 63.28515488 65.5181138967879 66.8744541800004 -9999 -9999 -9999 -9999 -9999 -9999 -9999
55.1447503468586 55.8143779897181 56.2967954622671 54.7029103508735 52.2369817765935 52.9052829176876 55.2753891160636 55.9421315112458 52.8636741794693 50.0481841925945 49.3953061954541 50.6076677199998 49.6249859 49.6850537759672 50.1447488468925 50.5113447097519 50.9052876747772 51.5541114199998 51.8406327983305 52.6986039764296 54.8955743681 54.3539157261816 55.2557671511562 56.718147765257 53.919132426464 60.7739484884329 62.224863235692 62.7893696078002 60.6065022800002 60.3522070514999 58.5616655505812 61.9523427379815 62.2841130432706 58.4989908738799 57.7901229281672 57.7835895808293 57.7500282 58.6244847800002 59.5776375465653 58 58 58 58.2315985800002 59.1136393901805 59.6090434326791 60 60.5173121800001 61.9566951412579 62.8725585758827 63.2743593330231 65.4829454498368 -9999 -9999 -9999 -9999 -9999 -9999 -9999 -9999
56.4631408028454 56.99944848 58.3650761021077 59.0759731241388 56.4097027166052 54.9815763800001 56.654264923186 53.8676674885426 51.3165597612869 49.8600646498297 49.6964143 50.9826818199998 50 50 50.0703114742397 50.3035857 50.6780458800001 51.7892666699563 52.3466617324856 51.7148403199999 53.0247718982464 54.772939880379 53.9707589415012 54.2273607831293 53.7292699352431 55.6643755631931 59.1342086000315 61.3457276558995 61.3036483143663 62.8993350555213 63.3907989763087 64.2517445961517 62.2322615488887 58.2850642011863 58.4458285800001 59.0077604313311 57.9707622842899 57.3529027459177 57.8779000075455 58.0120572854135 58.6964143 58.6964143 58.7667243170283 59 59.1136792986561 59.6141055405302 60.1570485802838 61.0710595010978 62.0669225180885 62.8130805772746 64.2906000670789 -9999 -9999 -9999 -9999 -9999 -9999 -9999 -9999
58.1235163149017 58.4431493651825 56.7251172645717 59.2150313039342 59.8555861485045 58.66011858 55.6762552957847 52.5176352441583 50.5803640084474 50.0291447070649 50.7262945625776 50.9826818199998 50 50.1229891891156 50.5900077353715 50 50.6619866956538 51.6325029865009 51.7414337533581 52.3153823043835 52.8422137245913 54.0712957535658 55.3246581149192 55.5356853999999 56.261978119755 55.8064942447326 58.0206026092196 58.2693425337069 58.5718503163885 59.9080678226815 63.1370189769874 64.9748741633123 64.7886850308523 62.1145889031533 60.6889490051181 59.0825820488164 59.3246555436293 59.3326739214198 57.8509463461348 58.0306073324457 59.7678427 59.7678427 59.412180142033 58.2321573 58.2321573 58.6780410800002 59.6293716810342 60.58874058 61.6601689800001 62.1698456724279 63.0351830800001 62.9667358842075 67.5059569505503 -9999 -9999 -9999 -9999 -9999 -9999
56.2015292467591 55.6088190983448 55.789280142851 61.0115106330609 60.7368565140647 54.7493063891703 52.8282697726943 52.0431389006216 51.0678964124607 50.8392711 50.1974449677213 50.9972164679786 50.7647886601821 50.16017498 50.9627746434963 50.8392711 51.2739178528253 51.928332819014 52.35658808 53.4280164800001 54.9474006490638 56.8634280463709 56.2673041271588 56 57.7397433218886 57.6841084925441 58 58.1344282174064 59.0336471092458 59.8246589367452 61.0300168341518 62.4821867 63.4336684566029 64.3424327106513 63.2489588794375 60.4837428600002 61.2845985600003 60.2107299284021 58.9020839676382 58.0200961405229 59.2352073113167 59.8655737968442 58.8919057349949 57.7456782131656 57.1607289 57.980830050513 59.083147017648 58.7612435716175 59.6964164260307 61.5494748757396 60.1072004611639 63.1718861492908 66.9722819398373 -9999 -9999 -9999 74.1453156785115 75.4150486725839 -9999
55.0686179880431 55.5519461524179 57.2293012756254 60.7453185298394 59.0023139414126 52.9118049399997 52.6315685540759 52.2444275747963 51.1969670199998 50.2036284584647 50.8662534194022 51.0157716578671 51.9835958520654 52.600530931603 52.1216205823645 52.821399 52.8548384813041 53.7228405137238 54.307174849945 54.4994448800001 56.8322669913597 60.6171428390497 58.574097744618 57.821399 60.5745929240222 62.4904196112469 59.0723380607081 60.7464019914803 60.6311621866288 59.7240312951487 59.4971975469829 60.584669321183 61.1816934013026 61.3204765424854 62.4417302227215 63.4702708753844 62.3235849119521 60.2510868399997 59.0541150200001 58.9122455934907 59.0079246853249 59.0749972228409 59.1902348420136 58.9664389816547 57.3410163273383 57.5842686534875 56.70748505633 58.3599896791787 58.7368747199937 58.9755303918327 57.5901393363328 63.9399668534999 64.3026880693412 64.2867583591696 65.6234201400012 68.8234022771623 71.9213267306564 75.2202180804823 -9999
-9999 54.9215587828317 57.7422327273241 59.4678639209186 56.9305897852349 53.9789556816021 53.3276770894131 52.26839542 51.9856481142781 51.1076665199999 51.9280176799999 52.9475566444893 52.1759070722476 53.9792652367399 53.9683950387676 54.5773598314493 56.314151490217 56.9444495305811 55.9388673807983 55.5708732800001 59.2593994163738 63.154265507321 63.1181696915132 62.0518089383362 65.6951561261555 62.0166342225931 62.1238720600002 63.9463836999999 63.4873209358742 61.3636128113823 59.9888202468899 60.4458861800002 61 61 61.023597297841 63.9229176467153 61.0100423998067 60.0044874491132 59.9830950490489 58.9829960464585 58.1050278780338 59 58.7766797259631 57.7218857630214 56.6389292279938 55.5898604199999 54.51843202 54.6560508715596 55.0657632879452 54.3481692830703 54.0606569859146 61.9080755874534 58.3739509322327 57.2104220657384 62.2326810190742 64.7092969854195 68.5209477700891 71.5811956144055 76.5045823922729
-9999 55.361458611637 56.3409611102733 57.8440214178161 57.3686349719111 54.8004792927297 53.3751804135489 53.0535563 53.1395712503736 53.1138359839943 54.05300238 53.1798420752873 54.2725344384625 54.7589708435931 56.3711499800996 55.1135835055153 58.0369878478331 57.7636508451135 57.2784196101279 57.7325924199999 59.3372156050144 61.0673143741672 65.9244845467427 66.1790973199998 66.0028980717105 65.9291279199998 64.8576995199998 63.9464437 63.9464437 63.64341432 62.592040493203 61.5779938340218 60.5362417199999 60.6107683843403 60.3398286199998 62.8480355654045 60.7667891162325 59.1255434199999 59 59.0163861394269 59.773712821392 57.83982982 57 56.6969730199999 56.0401088893358 56.0354729435395 56.4083452273886 58.4794297715015 58.4815489797176 56.6647825325748 57.0602580695815 53.8636298407991 59.6921243326838 65.8702446118476 67.3446301014274 65.2824318873525 70.7915476724758 75.3804647587451 76.6652145322655
-9999 -9999 55.8271077667776 56.944270449632 55.84037654 54.4334364493178 54.290008543609 54.2835147210501 55.9564021960959 55.609787013241 56.0911633288409 56.4204151174052 59.1109305093547 59.829522330886 57.3644672927777 59.0757274755449 63.5489152393331 60.7347029704048 62.6424617773495 64.4333158493915 66.3529993107949 67.4084997210134 67.7765185354716 67.0005563199998 66.1655708208462 65.2283252048626 63.9001641552858 62.8549961781405 62.7500306 62.4848752561505 61.8750153 61.8192863495585 61.2973724275868 60.9485991647324 60.3398286199998 61.2803220019531 60.3447067123374 59.1255434199999 59 59 58.9223495847506 57.9848333418963 57.1920768419165 56.6969730199999 56.6085071800019 56.4545805114341 54.4826878199999 53.5584265495382 54.8179212304273 58.36855846188 61.2822258686169 59.891828846648 60.8073701809929 63.0795447017896 59.9676249199975 55.7613653135314 64.4593480673744 70.6932804675513 69.9676148467386
-9999 -9999 56.4973263238282 56.5541090199998 55.0669695431159 55.016436433176 56.7799244099401 56.9486150670639 58.5638465519843 58.6564886590479 56.9011793839482 58.4141622174203 58.9431375035689 61.3345222687284 56.5797497973105 60.7890259113084 65.9086014200003 68.3231823417477 69.4521972234489 71.6584684007861 71.3436520839941 69.2098072071569 66.3737422856123 65.2905728181693 66.3460196525567 66.5654295980857 64.0537857790012 62.4290667199999 61.4527709006653 60.9404810600831 60.8035869 60.4452786068608 60 60.473106146195 60.4027481345541 60.0527173192509 60 59.1255434199999 58.8142157988348 59 59.0174300481093 59.1964131 58.778704935053 56.9707622829489 55.5519966780025 54.9787417309391 54.4758871421168 54.5079638424137 53.5499962041141 54.2667816600002 58.6609910171709 57.4990740289043 58.3620072720359 63.4961972497365 56.6116880898437 52.8180636698114 65.0559071546485 65.5081708029263 63.4171101024242
-9999 57.7781309493225 57.0672482617578 56.4056956289195 55.8983594161548 57.4120767514836 59.3726817583156 59.5553587394296 58.6612840199998 56.9496112877112 56.5463143325297 56.5715552892344 59.2045050428931 64.4096280792831 58.9029058567037 58.2970572339885 62.9291112910957 64.9604552844003 67.7620626994933 72.967553508606 71.6323635735115 65.6625984411782 62.0351350098135 62.1759255751085 63.6529204706193 64.7414342689778 65.2678415 65.10766892 63.6971032677689 61.3381674326336 60.4684321669638 60.4452440301585 60.2771166261582 60.535683 60.6653905019712 60.1965115024749 60 59.1255434199999 58.0541150200001 59.2632042583307 59.0649730485322 59.7321585 59.5005599199998 57.9854039617271 55.6192254306623 55.0691720186176 54.5958949707782 54.2400966798259 52.9284722098563 53.4631947600001 56.1366849727309 57.8318680962629 52.0713579109495 58.7630240684963 56.7369668459414 50.9210268555322 60.7929103752646 61.6365823882609 56.4859284094156
-9999 -9999 57.3781187220702 56.6418246763912 58.7544920372828 61.3526404595546 62.4600601337162 60.4967557180886 59.1657614388213 57.2711227451606 59.2305011910716 60.8066256371983 66.2848181467808 67.4336728094471 60.9296735178613 61.8164608684872 64.6401161121777 66.5423714139487 71.8199812594897 76.1848150814061 73.4986690016152 69.2533323615519 65.9622895937203 64.7815340786026 63.7336161495285 64.0228821141022 65.3515684290742 65.50055752 64.5862796026489 63.6357992548995 62.3855984992756 61.9648929793996 61.3621504283499 61.8002572280496 60.5643636180752 60.2482097842006 60.0668266096742 58.8288666235488 58.0357554225762 59.3158946374024 59 59 58.8469758470766 58.1390508532019 57.30408442 56.0813810745476 54.9882529968452 55.0706993085128 53.3648152485165 53.8024646600002 54.3535715482341 56.0592666601721 52.5706578349556 52.0925005243727 55.0599833252067 52.638032213185 54.0054357245392 52.557461595815 51.2337384714274
-9999 -9999 58.6514003000784 60.3115267949431 64.1289556203076 67.3044381047497 67.0042723748262 65.1316477054434 63.9831846405399 62.4783898930896 65.511731064633 68.9574595387457 73.2878068799998 68.6531355239769 63.6834043677988 66.9052846706758 73.5655341560621 76.341160274614 77.8472160387642 74.9198358796134 72.3860661874518 69.7996387232049 68.8030845081081 66.3007095069882 65.8281667327021 64.8213965999999 64.8372466122782 64.9056100263126 64.4520630224713 64.4107259712161 63.7793313936677 62.9648121199998 62.1982380814287 61.4112570199999 60.8820911469492 60.9520628081472 60.526774128378 58.3026473091698 59.1654200598444 58.4137905285335 58.6257477981851 59 59 58.8755473344598 58.21484632 57.063781560887 55.3760739399998 56.0402763539591 54.4200190555969 53.8622631594992 56.4442576054047 52.7839095896903 53.2934238247888 55.9511588598849 53.2990410899644 54.8361068647257 55.3064696922364 51.7834541191852 54.7817908044174
-9999 59.0773626183812 61.3892294320312 64.3178654265063 66.2863983034237 69.1714163129118 71.2946895092459 69.9570185637204 67.4174038993607 69.9422330982503 73.7024073018044 76.3767440981593 76.0843532842482 71.8941468107696 71.2109200599241 73.5236387758263 80.984804574811 82.084546642141 80.2320326452642 74.9718309447957 71.2082911560878 68.0186560609752 67.3801214964655 63.9842907799993 65.8975635367268 65.5262216998695 65.8684698813522 64.6723202548518 65.1388647037955 64.1460985549824 64.3015906062392 63.7690874525389 62.9648121199998 62.1772324300954 61.9878522822523 61.6211240076521 61.0949653735695 59.219827990417 59.9777627240521 59.4648133199998 58.4852989169129 58.5178733 58.5178733 58.2148463199999 57.3239528566567 56.785027524565 55.9820689684263 56.07086728 55.4564750353089 53.8703389083557 54.7584289733687 53.1975497848358 52.472471553117 54.085710136612 54.9323716933182 54.9873872052982 52.5598565619958 53.5903663092947 59.7753342150778
-9999 61.7375139558135 64.9631455600003 67.3528275860237 68.536820901128 70.5501999350699 73.7929064513377 73.5240772735577 72.0315802646414 75.6560198433482 79.5754918517569 81.6278838937231 79.5205470878663 77.356698788786 79.8093444443531 83.0139711035947 85.6242435880703 81.9102707974898 77.7282641844264 73.7070721445985 72.9610232624424 70.6767602916407 67.8825786079398 65.400792664359 66.5765983632246 67.7563355650116 66.9787466334342 65.7150174143826 65.6650019436437 64.6888410212512 64.62554222 64 63.4826854199999 62.6740983208317 62.151714754273 62 61.1969718199999 60.6096033195875 59.0840706653077 59.4482993395945 59.4648133199999 58.4648920799931 57.8717974248882 57.1434179199999 56.4464449 56.4942036008526 56.5535551 56.8163953293641 57.3654399057409 55.3587629599998 53.3060103040494 53.7807912178897 52.4234090938399 55.2814577610248 53.490215678221 57.1981209603221 50.7510280399997 50.7077976463143 54.6045285360535
62.7710723620094 65.3332879951279 67.9988921600001 70.3089654347017 72.2716156534604 74.0524460600002 75.6176813812209 74.53679084 77.0112941747355 80.1546986522255 83.1011621093626 84.2326488199997 83.2166855681814 83.1352321996127 85.1947441400005 88.0302496150486 89.015886137349 86.8412971799989 81.5209496199999 75.3131684517979 73.4125528625716 70.7900612668081 67.5416724049904 69.4046756235613 70.4593477492834 68.7478676703689 68.4807756717787 66.83982742 65.9131458110838 65.6249835 64.54843591816 63.3073760107563 62.5127461895714 62.0081251129635 62.6249835 62.1677457088964 61.6988511825349 61.0784625660335 59.6993925453979 59.6314763031708 59.9112582199999 58.83982982 57.7684014199998 56.8863598825548 56.3909550660137 55.8885437691647 56.0733445768491 56.3750165 57.0351854800002 56.0946969422863 55.0226876651491 53.7819116319874 51.1420573345628 57.2733130643432 51.9325457985007 56.2348564786581 54.6025102665099 51.5491973555664 50.766404585974
65.0876411400002 67.99889216 70.1417489600001 72.90565332915 75.0997516153347 75.7502974398189 76.9195090956971 77.9676071824258 80.7597023865427 83.7507318711224 85.9810152599998 86.3393238600841 83.4890006231889 85.8247215221542 88.6227544900882 90.9068905176701 93.0989345854282 92.0705269404404 85.9527757209441 80.2703608087013 75.8493823870793 72.057393928436 71.1608946959276 73.7238153807988 71.4543267900329 67.3088449647503 67.4914903430076 66.3665077015314 66.6964119 65.8522788348736 62.6737100340396 60.8779076764051 59.8656221391108 59.1433822880598 59.5179405000002 59.2958355128295 60.3328291611749 59.7327196199999 59.9787423322065 59.2794736122773 57.8838233516192 57.6700948587543 57.7684014199998 57 56.886319802651 56.5610468904089 55.4690865473321 54.1971702540751 55.0306828136832 54.87557882 55.1664129091989 53.5546797399992 50.4659403600003 58.2512464451626 50.6659680206941 55.5752986279888 56.809737114479 56.9955504835052 59.1690713850496
