catData/variables/pastClimate/midhol_MIROCesm/bio11.asc
NCOLS 409 
NROWS 350 
XLLCORNER 60.897278365 
YLLCORNER 5.843756025 
CELLSIZE 0.0892857 
NODATA_value -9999 
[rows 130 to 155 of 350, columns 290 to 347 of 409]
16.1780696034439 16.0688448003514 15.887609914 15.732114109942 15.6842294877373 15.68036061 15.68036061 15.701728938 15.808871778 15.916014618 16.0045479834907 16.0439888943046 16.137443138 16.244585978 16.351728818 16.4115620345141 16.4726890432813 16.573157338 16.6 16.687443018 16.7 16.8 16.8071292220532 16.8835057361515 16.9 16.9059507465609 16.91963939 16.9554687610298 17.0101591771749 17.0669488206205 17.1129647975842 17.192796488 17.2841689100064 17.3171732281983 17.3010633515971 17.3003394586076 17.3250261503755 17.3448985120678 16.6705339725404 14.6792617628366 14.1583131719044 14.7036708701645 15.2655302691934 16.0607315460399 16.3077086322485 15.5350373372717 15.1102201257181 14.307171266382 12.7573318170738 10.9528988694729 9.55219855961113 9.01183739623514 8.52624822026129 8.31448998487526 7.94972033100716 7.70879522841358 8.03337972905834 8.74483025177359
16.35356446 16.235820664 15.9684943271048 15.726902614 15.6144235946397 15.5765807455229 15.5985500363144 15.7012658898483 15.7844656079891 15.916014618 16.023157458 16.1081150955011 16.1541972606616 16.244585978 16.351728818 16.4431045151496 16.4908979246877 16.573157338 16.6215061783624 16.6908060578003 16.7 16.8004629838744 16.82678223 16.838507600451 16.9062020193864 16.9408522255526 16.983245813061 17 17.051728578 17.115767078573 17.1751163975897 17.273157098 17.3 17.387442778 17.3307465197597 17.328047768403 17.3935046334343 17.3385074247283 17.383044977109 17.2077430077852 16.8342804119183 16.5993548207579 16.3248861622916 15.9673585768173 15.888229741872 15.3808333460296 15.379296608269 15.1706883245799 14.226875275341 12.401579086639 11.0992210151565 10.2385472829374 9.82819980552494 9.63095762335185 9.33285335437982 9.35376022521704 10.5937332954755 11.6852888359817
16.5175491191369 16.416181274 15.981455833923 15.653684844 15.6 15.5422219284868 15.5964227680432 15.6649018431465 15.6069390753098 15.7233301387334 15.9188819133469 16.130300298 16.2127026107767 16.2633852237533 16.3341797802833 16.3860471811867 16.466014498 16.573157338 16.680300178 16.7 16.7 16.8011422359934 16.8690846054766 16.9 16.9153011155835 16.9563335037731 16.9586654386435 17.0151257428265 17.0681046917035 17.158871418 17.2 17.273157098 17.3272418101765 17.3917028243536 17.4320882371164 17.43392507 17.43392507 17.43392507 17.4260690490036 17.369700182 17.3120377621273 17.2135190274063 17.0836238048763 16.8266612853853 16.1334991001629 15.3641516618589 15.6542479131936 15.8010655022264 15.4894813403038 15.0290837269975 14.1162819502712 13.7880155387256 13.5285609441859 12.8583578838156 12.530892269227 12.2860463903464 13.0489643872808 13.1958470333694
16.5304850150167 16.441188294 16.0441762815656 15.7057763757088 15.64106791 15.64106791 15.6022233764008 15.6368999952981 15.3984151296089 15.4236028050929 15.7473449159904 16.130300298 16.237443138 16.3 16.3212439444203 16.399939568 16.507082408 16.5841810582718 16.680300178 16.7 16.7388444350362 16.8 16.808871538 16.9065767703441 16.94106791 16.9589243674506 17.015377015652 17.0673432172453 17.1 17.158871418 17.2 17.273157098 17.3473224317321 17.3948430113706 17.4557412815268 17.5 17.5 17.5 17.4863531088837 17.4232115939864 17.3600700790891 17.2523430661917 17.1947562307057 17.153815698794 17.039325532 16.7597312304091 16.66961119 16.7211429051925 16.4667344817307 16.5823829950642 16.3153112613072 16.470908861745 16.0067169916039 15.8338588137299 15.7210537467347 15.4763831054854 15.5100038636568 15.5759289049961
16.45178925 16.334045454 16.0855712363003 15.8510669000713 15.7577080662291 15.7060536994937 15.605413902 15.6008922879305 15.4613596787122 15.6130092011051 15.8037942161829 16.178511048 16.2676022703467 16.3214952343886 16.3750007168761 16.458871658 16.5341884134055 16.5870589513298 16.680300178 16.7 16.794585858 16.800833418271 16.8528052529937 16.916014378 17 17 17.037442898 17.1 17.1 17.158871418 17.2318259688887 17.286098262376 17.3 17.387442778 17.4 17.4991666974348 17.4560661693006 17.5 17.5 17.4853922304936 17.45178925 17.428698754977 17.4 17.3716177635524 17.3176010851829 17.226843142 17.1612869133465 17.15178925 17.1028041921241 17 16.991128942 16.9 16.9 16.9 16.8806088525359 16.8713011207288 16.9249385040065 16.9198286292582
16.28929282 16.2367244420883 16.1045120514121 15.982196012 15.875053172 15.767910332 15.660767492 15.4475174977557 15.6186290407604 15.7088646659878 15.8583223956444 16.2470726007237 16.35535359 16.3752596285404 16.4286337578276 16.4816376718045 16.5365413945635 16.628510928 16.6912047367006 16.7 16.794585858 16.8561253915968 16.9049107147712 16.9625034348608 17 17 17.037442898 17.1 17.1 17.158871418 17.266014258 17.3 17.3 17.3390400611813 17.3970029451867 17.3894778891093 17.4039607160774 17.44464641 17.44464641 17.4311186290264 17.4 17.3753203262376 17.34464641 17.285775232 17.24464641 17.2119844992342 17.119700302 17.1 17.0476435976619 17 16.991128942 16.9 16.9 16.9 16.9 16.9 16.951728098 16.941129062
16.1073359545226 16.1742964045233 16.133985262 16.0725632965245 15.982196012 15.875053172 15.6496844629474 15.1627647656886 15.88748929 15.903503908 16.0511739529426 16.3041604214707 16.42340062453 16.46249643 16.4818965834688 16.5367926845318 16.628510928 16.689933043467 16.7 16.7546487645343 16.7979695034651 16.9 16.908871538 17 17 17.0189364545379 17.0765388534615 17.1 17.1323285145398 17.1845753134596 17.224757703459 17.23750357 17.23750357 17.2921521845429 17.3354729834566 17.300648233456 17.33750357 17.33750357 17.33750357 17.33750357 17.33750357 17.3207824165477 17.2676716354517 17.2154247765489 17.2 17.2 17.119700302 17.1 17.005414622 16.9989199254474 16.928632512 16.83750357 16.83750357 16.83750357 16.8609037445557 16.9 16.951728098 16.9779212965575
16.051729058 16.1178739379977 16.1103181736356 16.0490535967311 16.0059809369021 15.912556742 15.616241706 15.4951321115845 15.9241824885648 15.921345930274 16.2694667712983 16.399939568 16.507082408 16.56963927 16.56963927 16.628510928 16.6896817534987 16.7 16.7 16.787443018 16.8658689010344 16.9012038526677 16.972332733699 17 17 17.030300058 17.1 17.1 17.1157051738994 17.1713583557339 17.2 17.2 17.2559202906337 17.2961875357331 17.3 17.3 17.3 17.2888478712 17.23036073 17.23036073 17.23036073 17.23036073 17.2146556289663 17.1590025414004 17.13036073 17.1813066318661 17.119700302 17.0391056548673 17.0016439187659 16.9298360303992 16.891128942 16.8 16.783873816701 16.73036073 16.7417285214344 16.7917703081988 16.882088828 16.8893634385346
16.0146656102156 16.0547969145185 16.02321789 16.0062322440133 15.9383436447208 15.835774632 15.6847099996221 15.470456515846 15.5685251170864 16.1503124451735 16.399939568 16.507082408 16.5854756165934 16.6342340546726 16.67678211 16.6904508667956 16.7506873244703 16.7206103622638 16.7616561710022 16.864225128 16.898742950466 16.901728698 17 17 17 17.030300058 17.1 17.1 17.1397182936614 17.1452480941454 17.12321789 17.12321789 17.203517828 17.22321789 17.22321789 17.22321789 17.22321789 17.2194997450547 17.2 17.2 17.1712507371475 17.1574515761184 17.2 17.141128822 17.1 17.1169854788179 17.104573994448 17.012557462 17 16.8986730377542 16.814346832 16.72321789 16.700061152 16.62321789 16.62321789 16.6335696461587 16.698163878 16.7327671903732
15.876119579938 15.9226864129605 15.91607505 15.8546775892423 15.8192417676563 15.8020185025549 15.6260325665466 15.0773592931685 15.8608164329977 16.3025139258508 16.423157458 16.5557298079464 16.68392495 16.6910921682565 16.7 16.7494080095407 16.7945368135608 16.7882399213378 16.7968332437636 16.887443018 16.9793811340336 16.9842028390679 17 17 17.0194346836279 17.0887956994735 17.1 17.1 17.1083153947778 17.1066114401208 17.1 17.1 17.1129082551835 17.11607505 17.1954559826137 17.2 17.2 17.2 17.180565517792 17.11607505 17.1414798560103 17.1536737341925 17.11607505 17.1560190854018 17.1285227184005 17.1 17.1 17.012557462 16.9206192688062 16.8968213759076 16.714649022991 16.6865603441104 16.592918312 16.51607505 16.51607505 16.51607505 16.567803148 16.566667644719
15.8046205480916 15.80893221 15.8690503729709 15.8934654115021 15.8179399739666 15.8796326425646 15.8741705321917 15.9167913082377 16.2755202755251 16.3924982493105 16.4442464432208 16.624074574248 16.7340986382833 16.79106779 16.79106779 16.796326330123 16.8601179444082 16.8244450190606 16.8 16.887443018 16.994585858 17 17 17 17.023157218 17.1 17.1 17.1 17.1 17.1 17.1 17.1 17.1 17.1 17.1084485860296 17.1984259314983 17.10893221 17.10893221 17.1068637800954 17.1 17.137442658 17.155414502 17.1 17.158871178 17.1941034892828 17.1244454561859 17.1 17.012557462 16.905414622 16.807049623939 16.6919213235297 16.592918312 16.485775472 16.381339053936 16.31786442 16.3584672291264 16.4135526723424 16.4126059441889
15.70178937 15.7596078319188 15.9308482280827 16.0700591482466 15.9372572955895 15.985653888 15.9053170272618 15.8121615558043 16.3262978361321 16.59642126 16.6199930906063 16.728510928 16.7988806262784 16.8437881698855 16.89821063 16.89821063 16.8993918736229 16.898690944541 16.89821063 16.985653648 16.9999031209673 17 17 17 17.023157218 17.1 17.1 17.05621206582 17.00178937 17.0596073605077 17.1 17.1 17.0211369250006 17.00178937 17.00178937 17.1017584414911 17.1 17.1 17.1 17.1297576421467 17.1988806176895 17.1992022004744 17.1474079033617 17.158871178 17.2 17.126843142 17.1 17.0984353294578 17.003625252 16.8947851182144 16.691128942 16.583986102 16.4541008837227 16.271489792 16.165016935395 16.148163998 16.2543812309328 16.3596068890967
15.8563937116013 15.8601237698064 15.9677294263888 16.1477521570091 16.208597717575 16.123263682 16.205293038 16.1263230194686 16.4230970260001 16.621368088 16.728510928 16.80535347 16.842796608 16.90535347 16.954313001247 17 17.0035340663461 17.00535347 17.0010546240608 17 17 17 17 17 17.023157218 17.1 17.0979955056884 17.0970334141081 17.0972307260953 17.0389267757012 16.9964659465022 16.9985629732943 17 17 17 17.0016359255195 17.086250154277 17.0151568259264 17.0958862318701 17.1016220916667 17.1407916465368 17.2 17.2027692610563 17.2022018191471 17.2035340406494 17.20535347 17.2010546497575 17.117238672039 17.010768092 16.8966360836321 16.6960075025712 16.567972204 16.353686524 16.1377787651816 15.99464653 15.99464653 16.098102726 16.253517468
16.0185283965522 15.894752514 16.0022911176939 16.1822995757354 16.3630625568355 16.3344111031875 16.395939173954 16.4997839465478 16.5074645357629 16.728510928 16.8327599402602 16.903786419169 16.949939448 17.01249631 17.01249631 17.01249631 17.070261431685 17.1 17.0297343811734 17.01249631 17.01249631 17 17 17 17.0202634202514 17.08750369 17.0547397726071 17.0390141659638 17.0422392754654 17 16.933985742 16.9640151602469 16.98750369 16.98750369 16.98750369 17 17 17 17.023156978 17.130299818 17.2 17.2 17.251728338 17.2484855469035 17.2702610116673 17.3 17.2297348011911 17.21249631 17.1060912499505 16.910768092 16.793645639092 16.5699733503371 16.366182834 16.1253839051955 15.9203136993752 15.91249631 16.0094884025169 16.158870938
16.1584300892942 16.013457294356 16.0583430425821 16.265954306 16.3526286093751 16.4825111832071 16.4239898076654 16.5378889107272 16.490919878422 16.835653768 16.91963915 16.949939448 17.0497287739635 17.1 17.1 17.1115618932221 17.11963915 17.11963915 17.11963915 17.1024660845304 17.1 17.0003395015933 17.0178968553449 17.003145087717 17.01963915 17.0136884761593 17 17 17 16.9884381539119 16.92731123115 16.9 16.9 16.9 16.9 16.98036085 16.9821030975212 17.003145040583 17.0382482943551 17.130299818 17.2 17.2087562128305 17.2612084821077 17.3115617989542 17.31963915 17.31963915 17.31963915 17.31963915 17.1490441582635 17.017910932 16.8947681763871 16.6138294216528 16.4431429470218 16.2590399939999 16.0748433593654 16.0087561656965 16.0612082892417 16.1704326898202
16.22678199 16.1836771578352 16.219578718 16.3802860807758 16.3522053536749 16.5259825901604 16.5788960193078 16.7272450340023 16.7689314973033 16.942796608 17.02678199 17.057082288 17.12678199 17.12678199 17.12678199 17.1698866464416 17.2 17.2 17.1784940143581 17.1091939723364 17.1 17.0280477082745 17.09350443642 17.034218429771 17.079419973809 17.0778149005035 17.0167540368019 17 16.9861460574129 16.9301135292816 16.9 16.8804070733293 16.87321801 16.87321801 16.87321801 16.9 16.908871298 17.016014138 17.1 17.130299818 17.2100278889213 17.271367488 17.32678199 17.385653168 17.4091021223006 17.4195928623939 17.42678199 17.42678199 17.332196612 17.151372910828 17.0090398739999 16.758437557439 16.4062018352555 16.37429766395 16.178679144 16.0742675993219 16.1 16.2335086847281
16.3514738249871 16.36784966 16.4114690103586 16.507082408 16.6400421054084 16.695740146623 16.8266742709501 16.835653768 16.942796608 17.0445065160684 17.1078561282588 17.153945803414 17.2 17.2 17.2175489135675 17.23392483 17.2115295237781 17.2 17.1469415208762 17.1042599347966 17.1 17.1 17.0969903458151 17.0609264930241 17.0413699543216 17.06607517 17.0413347114936 16.9848743641792 16.9318954241479 16.8800279715249 16.86607517 16.8177364931294 16.8 16.8 16.8 16.8666615464381 16.908871298 17.016014138 17.1078559654196 17.164224648 17.258665129926 17.3597110524012 17.43392483 17.4728240609445 17.4563811253826 17.507081688 17.506683293963 17.5 17.4375025506914 17.296543564 17.0822578839999 16.8307958853457 16.4674387459999 16.4666128329817 16.3802625473456 16.189339572 16.1690221686175 16.3184717070923
16.5126204791665 16.5652449867934 16.58213534 16.625248805287 16.6740451806729 16.7336676893673 16.8913955594075 16.942796608 17.0462960154878 17.106576830472 17.1547148995682 17.2 17.2153770243515 17.24106767 17.2715526677289 17.275822781769 17.2471390643816 17.24106767 17.2080902578895 17.1484677920703 17.1022234619699 17.1 17.091128462 17.0094376460904 17.0452852418694 17 16.9846230742109 16.9326569157489 16.8787562782913 16.8242380316686 16.8 16.7699560844118 16.75893233 16.75893233 16.75893233 16.801728458 16.908871298 17.016014138 17.123156978 17.2178563887332 17.2896859844533 17.4119284408136 17.5212436231463 17.54106767 17.54106767 17.5841807109742 17.5526775169856 17.54106767 17.5022236590947 17.337611234 17.1233255539999 16.8996025107848 16.6263119312553 16.5016668260001 16.5441171446643 16.3192399553759 16.344523866 16.4168907474563
16.64821051 16.6786999657275 16.7 16.7352696414574 16.86722416905 16.89642102 16.9454066777651 17.049939448 17.14821051 17.1565043989876 17.2111643286048 17.24821051 17.2676021202102 17.3 17.3 17.2695106685672 17.2823990818403 17.3 17.219699822 17.2 17.105414142 17.1 17.091128462 17 17 16.9853921875079 16.9323980040846 16.8785049883229 16.8249995232695 16.771617789138 16.75178949 16.678632392 16.65178949 16.65178949 16.65178949 16.753517948 16.8649376860095 17.016014138 17.123156978 17.2146076967869 17.3050445296206 17.4660803939719 17.599938848 17.6765926051568 17.6645953252507 17.64821051 17.6094976160657 17.6 17.505414622 17.396543564 17.1822578839999 16.9756925858967 16.7787402959999 16.5942020849184 16.625115164 16.4753138247998 16.4982109662818 16.489339572
16.7820729334736 16.7879409177516 16.8107067 16.8433691077981 16.971505214573 17.0484027726522 17.05535335 17.1561252628976 17.2 17.2088646275527 17.2656923792222 17.3 17.3207260312281 17.3306735175467 17.3286336336784 17.3227659150965 17.3 17.3 17.264148660579 17.2069507101959 17.1577705830293 17.1 17.091128462 17 16.9871817040702 16.9311186891549 16.8792741016199 16.8247406116052 16.7713664991696 16.7183625340555 16.7 16.626842902 16.5555512942691 16.54464665 16.5970029581812 16.701728458 16.8177425960001 17.016014138 17.1359751410818 17.2688812036931 17.358168423532 17.5692039127573 17.762435038 17.8044035395851 17.7705269524326 17.7148585783423 17.619700302 17.6 17.4530584466668 17.3421468405583 17.1871683117834 17.039339452 16.8858831359999 16.685652928 16.659742881316 16.544585258 16.6 16.541129062
16.8525933234916 16.9470715847693 16.96249619 16.96249619 17.042796608 17.0406420386763 17.1557292250393 17.2010805203775 17.26249619 17.2685022819069 17.3 17.3189365318087 17.3765387933336 17.3832785595242 17.381896467618 17.3779208852398 17.36249619 17.3167756410446 17.3 17.212556982 17.2 17.1 17.091128462 17 16.976842782 16.9 16.862557102 16.7721356124666 16.7181036223912 16.663207606751 16.63750381 16.6100671109646 16.519700062 16.5 16.535473210462 16.6403124883958 16.8177425960001 17.0260223641113 17.1943379170309 17.3378724636539 17.5466781653695 17.8558770164575 17.9745604271994 17.903625012 17.8212399438841 17.726843142 17.619700302 17.5453517453107 17.4665575690942 17.298271782 17.191128942 17.083986102 16.9739460229348 16.8799159843278 16.7735690206939 16.669577638 16.72499238 16.7029135352673
16.816755361342 16.9017197587098 17.0223050164005 17.1205852576907 17.1636580458189 17.082195772 17.192942384838 17.2701639523475 17.3 17.3111524246334 17.36963903 17.3788384943857 17.4 17.4 17.4 17.4 17.4 17.377788722557 17.3137187649525 17.2734514515379 17.2037703559716 17.1684351814812 17.091128462 17 16.976842782 16.8788993335193 16.8189929429711 16.755414262 16.7 16.6821260664424 16.6236673410671 16.6 16.519700062 16.5 16.5 16.6718922646149 16.8177425960001 17.032028276 17.2392832728566 17.4513391653471 17.7629739881626 18.0277611176722 18.048271662 17.941128822 17.833985982 17.726843142 17.619700302 17.512557462 17.434131660239 17.298271782 17.1973066607419 17.1647770552324 17.1231519322771 17.0604397842133 17.0165422974075 16.9299951544174 16.9056619756847 16.8982809098249
16.87678187 16.935653768 17.007436645376 17.096375708 17.1848742925582 17.2468378793627 17.2755248631956 17.3013275109276 17.37678187 17.3805001648263 17.4 17.42326513542 17.47678187 17.47678187 17.47678187 17.47678187 17.4260947039645 17.4 17.3813558002817 17.3096414855951 17.278038932528 17.198271302 17.091128462 16.9877038611027 16.9178414570204 16.869699942 16.7712506427334 16.7128661553897 16.7 16.7 16.633985742 16.6 16.5813558560052 16.57678187 16.57678187 16.778510328 16.8945244660001 17.108810146 17.3230958260001 17.5444165571331 17.7548296280198 17.891021758 17.9344259072363 17.864346952 17.8078909094825 17.726843142 17.619700302 17.512557462 17.405414622 17.2995987400981 17.2699705057788 17.2122957703443 17.253625132 17.1535172874095 17.1287489887136 17.1218447488367 17.105291838 17.0494905949171
17.0273381719122 17.077313248332 17.1393273874238 17.1796097128205 17.264225128 17.297981467309 17.3793811084468 17.3842026417974 17.4074456139584 17.48392471 17.48392471 17.4887955707744 17.5 17.5 17.5 17.5 17.4893879780045 17.48392471 17.416533018484 17.3859432812717 17.3045438029725 17.1997221067833 17.1676077594609 16.9974256422948 16.9450554538988 16.8112044678063 16.762557102 16.7 16.6565869409264 16.6654829568294 16.6893880165851 16.68392471 16.68392471 16.68392471 16.7633054156082 16.885653168 16.9942220948803 17.132028276 17.3268795293688 17.4766749260001 17.653517948 17.760660788 17.81607529 17.8066115774101 17.7445979268341 17.7043151129216 17.619700302 17.512557462 17.405414622 17.3 17.291128942 17.2025742805438 17.2317870024239 17.253625132 17.1899436872765 17.1928327904792 17.235652808 17.2155900979908
17.142796608 17.19106755 17.257082288 17.29106755 17.2982403446876 17.3 17.394586098 17.49106755 17.491860017134 17.5 17.5 17.5275937390313 17.59106755 17.5504641921918 17.5 17.553612976585 17.5309497640266 17.5 17.4928272267502 17.4114353358613 17.305414142 17.2 17.1903360163039 17.0764836483077 16.9747742750807 16.8634740295308 16.762557102 16.7 16.6953793706344 16.6963262099771 16.7 16.7 16.7731271861881 16.79106755 16.885653168 16.901728458 17.008871298 17.1174445928698 17.2531779205187 17.433006334093 17.546375108 17.653517948 17.70893245 17.70893245 17.7030357808492 17.6333778417624 17.528632752 17.5011216890144 17.405414622 17.39106755 17.382196492 17.3056510145681 17.3842035640435 17.360767972 17.29106755 17.3316702521218 17.3867556864898 17.332196612
17.151729058 17.2578183206262 17.2993917963527 17.3718483426684 17.4770737436895 17.4105424152895 17.3999031122684 17.5016979967527 17.59821039 17.59821039 17.59821039 17.598752647163 17.6 17.5992020848791 17.59821039 17.5992639630787 17.5988185979423 17.5263622830366 17.5 17.412556982 17.3983072820267 17.2965126289523 17.191128462 17.083985622 16.976842782 16.869699942 16.762557102 16.7 16.7 16.7578178492163 16.79821039 16.79821039 16.878510328 16.89821039 16.992796008 16.999938848 17.1070816880001 17.214224528 17.321781787594 17.4005422485729 17.439232268 17.546375108 17.60178961 17.60178961 17.60178961 17.6004803875535 17.519700302 17.5 17.4983072906168 17.49821039 17.489339332 17.414224288 17.4754680672989 17.4292150894443 17.4596484352568 17.442795648 17.49821039 17.5549742076129
