catData/variables/pastClimate/midhol_MIROCesm/bio16.asc
NCOLS 409 
NROWS 350 
XLLCORNER 60.897278365 
YLLCORNER 5.843756025 
CELLSIZE 0.0892857 
NODATA_value -9999 
[rows 175 to 199 of 350, columns 112 to 167 of 409]
361.128734274723 346.018170113957 344.482609099999 352.457516142514 364.186113945677 363.608499029816 361.013144965789 361.692337872328 367.579991601586 381.167975720005 393.820532426915 398.609906271701 409.777990249125 424.02825044 428.750824342045 -9999 -9999 -9999 -9999 519.281505866739 543.640805461342 587.519333752796 642.90885388236 706.821755630354 788.710024144606 870.368050846757 936.545853635511 982.979918198868 1013.59389696763 1015.27062260448 986.745544289881 933.124713470079 865.904749676948 799.226505926924 724.949374279013 644.458929328914 563.082239664383 494.030162719988 454.139776416124 433.962106213121 421.034510039599 415.708145795076 421.905539893737 444.17284301694 474.099468421096 496.080120666703 512.276594560002 530.113306208575 546.103891195573 562.69179604935 577.72988156578 600.051706710662 633.62870833293 665.18813038749 686.94662520239 671.045978506243
355.938495681516 338.311206179999 336.097684196254 339.816982520003 349.272808679297 356.729225306561 364.712282648158 373.162829198176 382.418013992941 394.713529292525 406.478697786825 414.979300253624 425.45764308 435.532203552505 -9999 -9999 -9999 -9999 552.930104365047 555.879235235462 587.863653076529 649.836145820473 719.621453181859 791.295241245459 863.702344042404 936.263600352469 999.481093014789 1040.21176651816 1059.22069754357 1050.20469295744 1015.98614869168 953.052243725451 882.269537189381 809.540602353392 724.089650772846 623.865859674847 522.923364739998 446.620843864567 409.157379406299 396.586922209124 393.428216442446 393.90781628709 403.893985432975 434.59217209778 475.871174493608 497.656473717234 509.062309360002 527.508246435486 546.345742774695 559.589186128136 568.442978551035 584.411446495384 611.387243404853 638.187793679194 637.20017308963 615.915126211465
371.489428259232 348.661935887914 341.459632538852 341.072127033649 340.619788039794 347.70786083692 361.799070237896 376.29907802 387.647059725107 401.42012112151 413.681076395066 427.287257026585 442.908738918806 454.534612108734 -9999 -9999 -9999 -9999 612.351536190207 620.746303419168 662.25064498495 735.574435178615 803.769334727088 874.099008355888 934.949024202865 994.995035175188 1061.44177099906 1104.45222562723 1113.43654378895 1091.23501497117 1046.21153028663 977.277430088057 901.456689296462 821.794242680071 728.294787845525 607.08263208859 498.453854390689 427.13425515461 385.976002879121 371.497897023645 372.087673771497 378.904670246005 394.124602907235 424.557136502467 463.277183836719 486.037543261793 499.80832958212 519.539483249083 544.241037450005 562.058313178783 564.59538858511 567.939302350826 573.233321165675 573.619613324227 569.182313749115 568.849124853371
377.178457309125 351.935915968002 347.68585393098 339.58371916055 330.524827080675 336.60750224911 351.169247240001 369.24271771867 384.476499168057 401.149310001335 420.199433616992 438.816671910443 454.494583903408 -9999 -9999 -9999 -9999 -9999 673.532296733043 685.985457486889 737.010760262431 802.854097454621 868.369509288955 932.715896299574 982.070136785977 1036.25092656001 1104.99020887583 1158.1585117618 1172.4087882024 1147.10749661642 1093.12257633035 1013.27654038553 921.950733717868 824.336276131765 701.052905197249 566.218222340952 469.944119409564 404.801596027956 364.098461158224 351.624746296278 356.279509258035 369.001943387477 387.882835720002 413.924093146752 442.901081075791 463.745411720734 479.278798545479 500.515467971197 528.984323383083 551.447759406426 555.657893810185 553.135471436343 548.258361741154 539.701880035766 530.306983838741 530.759678996972
370.372883623044 347.701297483335 345.202854145138 326.870277106107 323.174173385624 331.94451726486 346.776133040001 366.813953104782 387.74917644402 406.279712113898 423.103351044091 441.8631519286 -9999 -9999 -9999 -9999 -9999 -9999 -9999 743.31299783837 811.373202015347 863.499591732113 919.965798960966 984.412577892105 1031.57660546755 1075.51438464353 1125.58233627533 1184.15949991888 1216.73330109938 1199.1498729041 1142.69252258787 1052.10827136035 930.933441216271 804.679088482782 643.46604562513 517.506766958921 431.369426110123 373.998293194418 339.479777692448 331.550728466993 341.039184733096 357.243550657189 378.578560961933 404.328447302695 429.099938745779 447.808164006062 458.662144853494 478.285344669114 506.074903794139 529.793595444867 544.247780861377 551.638508713541 549.85022978225 537.883454830479 524.62686084522 519.85826463457
377.011360639996 355.1888634 340.83820936442 329.09457105792 326.948403739091 335.16734827766 351.365771202798 370.110266082105 389.595085346048 408.134255680004 -9999 -9999 -9999 -9999 -9999 -9999 -9999 -9999 -9999 -9999 858.334076087757 909.669532733472 974.190394746406 1044.42134695153 1105.95548208746 1144.81143623779 1177.48996608832 1230.25373760156 1269.45788258436 1257.13147323947 1195.53376719262 1092.49581404221 939.365888452779 767.440832966616 599.10552848488 475.852901159856 391.399818322231 340.770668234101 315.550722527554 314.562782587142 327.860388387786 346.88252222064 371.37383735609 398.693764917074 422.738213959998 442.669346509102 455.859584524392 475.265608836582 497.190130539504 516.474351621958 536.643270822775 551.083639800344 556.48923788199 549.423017003273 541.310445073544 535.048138267298
393.269738658581 372.511730493993 355.765919248696 343.493064269809 338.305473887609 343.116599100001 358.096249719997 -9999 -9999 -9999 -9999 -9999 -9999 -9999 -9999 -9999 -9999 -9999 -9999 -9999 -9999 975.06857388 1057.67791422248 1149.79992354321 1206.70160339876 1242.93879232731 1281.27303235986 1328.48932160526 1353.04503494327 1327.48120221553 1251.73959767536 1133.96704801446 960.090347366336 757.227288255643 584.601147891352 466.612666892326 381.100795279998 335.457564532409 309.277995337028 301.740581834712 315.706049607348 337.510698966138 364.7096365335 394.168179182903 420.040153732299 444.048859748524 467.115114773323 490.234392277963 503.50583042531 517.644232658974 539.772677671283 554.635895309062 563.533286651284 563.1905600077 560.001411593164 555.37391237573
414.704637283255 395.305621422657 378.8463727 363.119953096432 351.795392419627 -9999 -9999 -9999 -9999 -9999 -9999 -9999 -9999 -9999 -9999 -9999 -9999 -9999 -9999 -9999 -9999 1076.92920859144 1173.76680625698 1264.33245829987 1298.70663452884 1331.50303228258 1388.14744884874 1431.21504022865 1431.95628657016 1378.70392414261 1285.49879614549 1162.98921932431 936.770920067099 740.073093868683 593.527155432865 475.208019183111 373.955175036401 323.410951438978 304.263429098953 300.8543856 308.180569479811 326.988488159998 354.575053860003 385.174419225832 414.950762167422 444.413974527888 470.121287958915 496.202006459396 517.679027408711 535.465027676034 553.025214956977 565.159057989745 570.458623364763 572.467875740535 572.98876213427 568.603817201837
432.065509983964 412.11442746868 381.608705919875 -9999 -9999 -9999 -9999 -9999 -9999 -9999 -9999 -9999 -9999 -9999 -9999 -9999 -9999 -9999 -9999 -9999 -9999 1104.00264750297 1228.64616748369 1283.41866663829 1321.51690795702 1393.05214285745 1472.51449379665 1506.75150209943 1485.44486324219 1407.83544969784 1286.41380658042 1125.70311459259 881.018098820657 695.09697929306 604.561719131772 473.173945082174 370.694463538149 320.506946609336 285.166351406867 286.156950853946 300.040741105152 320.4661961745 348.577819512856 380.307548340211 411.485335827559 441.554241094585 472.705662033626 505.009748718499 531.404723330942 552.775752733005 569.345893078185 573.858962146703 573.438865280809 573.003177072497 572.369549538894 569.08321977692
-9999 -9999 -9999 -9999 -9999 -9999 -9999 -9999 -9999 -9999 -9999 -9999 -9999 -9999 -9999 -9999 -9999 -9999 -9999 -9999 -9999 -9999 1256.93084384543 1309.42048598581 1374.56980708788 1464.41731385011 1528.60714202786 1532.2947574462 1477.3255468888 1367.23584468946 1232.0956023883 1034.879420839 810.901961810626 637.579583011107 519.880814894152 414.564286155245 329.150009680628 289.446434107496 276.234422105628 282.264415280139 299.918422163546 319.875601905551 344.219148820003 375.22697737459 409.369581076531 444.767211418058 478.635852088745 508.023487962759 533.20259984103 552.749192276642 565.888975359647 568.054988484204 566.838043634004 564.844532528604 561.394661275076 557.32294087379
-9999 -9999 -9999 -9999 -9999 -9999 -9999 -9999 -9999 -9999 -9999 -9999 -9999 -9999 -9999 -9999 -9999 -9999 -9999 -9999 -9999 -9999 1290.30032575209 1345.64475491289 1416.45363454532 1497.78656848704 1544.58184927117 1527.58647160081 1454.08475184525 1325.0275473087 1121.82288856847 894.529922399429 721.972331759915 592.482556453334 477.75559946247 383.693281300002 320.764772075853 279.53580213324 273.54744633073 282.160868295328 299.381059275292 318.336934486847 342.574058446875 374.592642988969 411.014847446914 448.788789988986 481.648887553041 508.263502735024 528.936099734989 544.424629769011 554.419876721159 559.340850518051 564.642549072902 565.18238896904 561.937001050951 561.149554434722
-9999 -9999 -9999 -9999 -9999 -9999 -9999 -9999 -9999 -9999 -9999 -9999 -9999 -9999 -9999 -9999 -9999 -9999 -9999 -9999 -9999 1230.50557901198 1295.4177590236 1363.3656774733 1433.18708398295 1509.52450554526 1550.95169246744 1520.153944984 1424.39010280834 1236.53976496797 1031.042808115 816.103526465298 675.320387946361 559.191865540113 457.482184206721 388.822837398639 332.368200705221 299.285250397119 280.742191039846 278.777959825907 289.482594053953 308.040744167971 335.405487041032 369.509301433379 409.18032503903 450.157859483994 483.41705305531 506.612256288679 522.943976480059 535.701311774608 548.266704413904 557.982214311967 562.576420769648 562.153903533314 558.221003410941 554.309774337411
-9999 -9999 -9999 -9999 -9999 -9999 -9999 -9999 -9999 -9999 -9999 -9999 -9999 -9999 -9999 -9999 -9999 -9999 -9999 -9999 -9999 1215.52992374294 1289.5528965837 1368.02330374765 1452.22376465792 1544.46275988272 1571.4157975326 1521.31926471212 1402.46091301967 1204.60329198233 959.345841904487 755.73316192726 610.847718624706 518.015006144466 452.04209498531 399.500194017488 357.867657865338 335.12131494154 296.259120544188 278.550807429201 279.790483441299 294.295324847598 323.092154145066 362.876402957231 407.340826572679 449.326242650874 480.887343555707 502.947810151634 520.34992861795 534.110462946314 542.242726367305 547.412702043969 549.691369564994 547.547009247012 541.008023366019 538.25125303035
-9999 -9999 -9999 -9999 -9999 -9999 -9999 -9999 -9999 -9999 -9999 -9999 -9999 -9999 -9999 -9999 -9999 -9999 -9999 -9999 1140.3975234429 1202.11205607393 1295.45284691055 1383.52457520944 1480.45770026103 1572.69801695233 1591.83647837591 1522.51198163715 1377.87437495396 1171.02476532297 917.057120211916 709.090499107637 545.925827293498 442.811961482289 384.261206111207 348.22309238122 324.014842178379 305.938257952707 288.27263764031 275.675303490744 275.341981030839 286.773256666984 314.143434027547 361.690537440514 412.776842382173 453.186853550081 483.078080337193 506.561556471949 521.939032769626 531.437336021926 537.420524054963 539.429430772001 537.870990428053 532.318731116051 524.302490932881 521.106456219948
-9999 -9999 -9999 -9999 -9999 -9999 -9999 -9999 -9999 -9999 -9999 -9999 -9999 -9999 -9999 -9999 -9999 -9999 -9999 -9999 1147.83234969742 1218.96943844932 1323.3900286838 1422.03223848043 1517.13312376003 1594.33086192093 1607.75319134385 1558.01956794833 1428.8166506332 1199.95745781361 913.45261226962 684.237595648108 510.253258607298 397.946329266657 344.657837761335 309.639933868089 288.599931746416 275.094744282179 266.546724939466 268.05685915135 277.058853671618 290.294575546085 314.896888997671 361.059506615203 412.518124296407 455.744739713977 490.311892254534 516.886155099439 525.409464320852 527.785350646548 529.730881861615 528.076749613027 523.948528754303 517.507813558472 510.932291119999 508.592860269753
-9999 -9999 -9999 -9999 -9999 -9999 -9999 -9999 -9999 -9999 -9999 -9999 -9999 -9999 -9999 -9999 -9999 -9999 -9999 -9999 1180.84124705171 1293.44381733301 1388.34106939418 1513.43472184574 1629.8382217763 1695.05223337801 1657.6286023589 1589.72621329152 1450.65784706988 1205.91081955785 930.642906768844 679.326882352966 488.072665778809 375.237845708913 321.904378147801 284.718723316792 262.180805181246 252.614991524067 250.497610763287 258.095132737192 270.511567060002 288.894997727263 316.154612296098 354.455410313991 401.355569247498 448.449062948987 492.157883360466 522.258084111588 516.510059034366 518.451399597194 516.848086637025 514.326932815928 510.343064984377 505.909621974525 501.973169335612 499.505211559456
-9999 -9999 -9999 -9999 -9999 -9999 -9999 -9999 -9999 -9999 -9999 -9999 -9999 -9999 -9999 -9999 -9999 -9999 -9999 -9999 1207.41530027611 1331.80092469624 1459.5787291641 1592.49735528203 1716.3108210416 1829.83542177587 1755.51593652694 1652.3826040101 1522.36023276656 1280.30602179997 1014.24230871168 732.254944476747 495.97562708555 385.164199028627 321.625036877562 277.39776473399 251.016838822121 240.094961452562 239.585668049193 249.444280463371 263.305742081339 282.360424517215 311.876740200004 346.06531437429 386.711051780766 430.698992688835 477.551651703448 508.608655366585 499.803193998836 496.866968663037 496.238283427044 497.296101403078 494.41745820776 492.390221924721 492.391977411496 491.001542239999
-9999 -9999 -9999 -9999 -9999 -9999 -9999 -9999 -9999 -9999 -9999 -9999 -9999 -9999 -9999 -9999 -9999 -9999 -9999 1284.75145814531 1264.78235380875 1364.0164834123 1502.507776424 1638.79095407742 1765.45787952506 1905.65438446734 1856.12461239078 1754.15998186646 1680.30062689239 1455.82424244653 1175.78429028019 871.712796192333 600.619648751886 442.135957326178 349.442899095598 285.143411005159 247.838579772187 233.088478272287 230.85396266185 238.771013350228 253.320503160211 276.299469744118 305.962359429357 337.64047958077 371.880455396534 409.154493937967 448.880362372521 476.397156627907 476.231282815659 465.83097220462 466.248181879999 471.729027063612 474.45781033129 476.693273957655 480.846229687381 483.655504266832
-9999 -9999 -9999 -9999 -9999 -9999 -9999 -9999 -9999 -9999 -9999 -9999 -9999 -9999 -9999 -9999 -9999 -9999 -9999 1299.73352238211 1351.05994171009 1423.71308130497 1568.94950728096 1712.32866576316 1814.88620026449 1896.2757685998 1900.33058867627 1853.29461780298 1875.74837455752 1721.4857563533 1442.77114989783 1071.9340251514 740.022457885781 528.059179245984 394.500441517025 298.52167561447 246.964556402066 227.782756739723 224.192464529104 230.709131200001 245.384443480002 268.314874511731 296.098910633252 324.872156368016 354.65109105615 386.856099112882 415.948350577299 436.185329972951 442.249383899343 439.551267834012 442.583073883328 449.032174440001 456.818278037881 463.531948990589 471.37637444245 480.108540128618
-9999 -9999 -9999 -9999 -9999 -9999 -9999 -9999 -9999 -9999 -9999 -9999 -9999 -9999 -9999 -9999 -9999 -9999 -9999 -9999 1394.99606455074 1434.99340093143 1563.30283997746 1744.42279668541 1882.26138401584 1929.55614725324 1928.25435311407 1940.73849066556 1953.59151344167 1917.00830941508 1709.30395476099 1217.53416267464 852.422016355744 661.735205370041 470.454546967937 325.500324958752 252.267651022012 225.914394339827 219.44606858 225.364140169412 239.216797402467 259.534733766553 284.118706365718 309.507879624878 335.842937864032 362.71999635093 385.798304580785 403.31175113848 413.871656818645 418.856357020053 425.689792549005 435.463498433948 444.857580680894 453.21088056 460.510561315638 470.1022358
-9999 -9999 -9999 -9999 -9999 -9999 -9999 -9999 -9999 -9999 -9999 -9999 -9999 -9999 -9999 -9999 -9999 -9999 -9999 -9999 1340.6219738085 1424.87945289357 1593.1871820083 1768.40666704241 1888.07234527056 1953.01084238114 1972.10045183353 1961.49524875396 1882.041036069 1837.92855681984 1577.9883540822 1200.25934769104 893.226874476521 681.933376520181 478.721341474062 312.322607585391 245.390758027938 224.453319153112 218.112225716388 222.816397021018 234.276766674134 251.593832921377 272.059995782081 293.839985981742 315.143518939865 334.660513442104 354.703791472868 377.150835512615 396.905420771196 411.514194159141 423.79748898 434.691433820001 444.768438442213 456.109376687426 466.337053526276 473.477684139843
-9999 -9999 -9999 -9999 -9999 -9999 -9999 -9999 -9999 -9999 -9999 -9999 -9999 -9999 -9999 -9999 -9999 -9999 -9999 -9999 1361.88554090984 1430.66594480498 1619.73352845447 1809.7588546788 1880.21808108628 1946.39263379013 1999.37026118419 1947.02621736657 1814.90546543901 1680.85476865181 1486.2504138953 1162.34873691479 879.025776511651 615.816499721623 408.794530062154 296.312357727364 243.537224460393 221.372915279066 216.21329256 221.247270848734 232.070362491669 246.6171254762 263.510316997404 280.22208576434 294.103414452873 302.096690286334 323.440413419319 356.462964929779 386.586411346183 411.049713593117 429.013355324331 440.070911596071 449.255363496471 459.635265393741 470.364052382731 478.722476884659
-9999 -9999 -9999 -9999 -9999 -9999 -9999 -9999 -9999 -9999 -9999 -9999 -9999 -9999 -9999 -9999 -9999 -9999 -9999 -9999 1403.56307747605 1484.04051738966 1650.40165656229 1788.62096283916 1859.06591452093 1944.67423664707 1993.87434017413 1854.84431695121 1739.24057646392 1610.2399257756 1386.62054802122 1158.49755469113 880.465858448474 630.15289632971 449.657558569032 352.529266453827 301.47592785913 248.88734301711 227.209709066841 226.665164308776 231.960330557606 244.278203519999 259.306954828832 270.894457292444 279.795947390248 288.542893933366 311.280228987874 348.559638920863 383.29857880229 410.078442900002 428.879119252995 440.567070240001 449.147759035153 458.9053091 469.619593100001 480.294583077881
-9999 -9999 -9999 -9999 -9999 -9999 -9999 -9999 -9999 -9999 -9999 -9999 -9999 -9999 -9999 -9999 -9999 -9999 -9999 -9999 1495.76164328523 1500.43231272181 1660.80923822262 1821.8262057125 1834.95610121171 1860.93551730543 1878.82472115257 1836.60274092482 1708.23099598934 1555.88081327037 1375.06738890906 1145.28339779795 876.392137967988 754.524288162228 516.543079320734 371.539125872799 295.359809067954 252.553994161694 228.028998505373 226.841766613121 233.264224661738 243.301631651384 256.396384176365 268.799524159452 278.727065219999 292.647593159608 317.128329402058 352.321994790195 384.967265637078 406.457536430595 422.43971914 434.632485167827 444.879660386167 455.682805096838 467.136619090673 479.711277182925
-9999 -9999 -9999 -9999 -9999 -9999 -9999 -9999 -9999 -9999 -9999 -9999 -9999 -9999 -9999 -9999 -9999 -9999 -9999 -9999 1562.78827777657 1570.53390036157 1655.59440616706 1712.69849080311 1784.56185770192 1869.1621963712 1909.14654498137 1853.45151816199 1730.5224975147 1571.14076404439 1387.99308237285 1071.81355497608 781.791229775412 581.360377627401 430.918801264169 362.957177302931 284.90164741194 245.764764855012 232.248773405256 229.411876488341 233.75321205547 243.705902626889 256.662470386761 273.552952421079 284.846510153091 297.729788010293 320.448591131946 351.660569658718 380.601109545832 397.958873481746 413.462056960649 426.76661605781 438.820085914968 451.388731156063 464.297260260001 477.977414093223
