catData/variables/pastClimate/midhol_MIROCesm/bio17.asc
NCOLS 409 
NROWS 350 
XLLCORNER 60.897278365 
YLLCORNER 5.843756025 
CELLSIZE 0.0892857 
NODATA_value -9999 
[rows 81 to 107 of 350, columns 0 to 60 of 409]
1.95313989653731 1.43091127858287 -9999 -9999 -9999 -9999 -9999 -9999 -9999 -9999 -9999 -9999 -9999 -9999 -9999 -9999 -9999 -9999 -9999 -9999 -9999 -9999 -9999 -9999 -9999 -9999 -9999 -9999 -9999 -9999 -9999 -9999 -9999 -9999 -9999 -9999 -9999 -9999 -9999 -9999 -9999 -9999 -9999 -9999 -9999 -9999 -9999 -9999 -9999 -9999 -9999 -9999 -9999 -9999 -9999 -9999 -9999 -9999 3.94590177999993 5.01733018000021 6
2.81355538029956 2.7678307 1.82191932000004 1.52234738458456 0.699671766212801 -9999 -9999 -9999 -9999 -9999 -9999 -9999 -9999 -9999 -9999 -9999 -9999 -9999 -9999 -9999 -9999 -9999 -9999 -9999 -9999 -9999 -9999 -9999 -9999 -9999 -9999 -9999 -9999 -9999 -9999 -9999 -9999 -9999 -9999 -9999 -9999 -9999 -9999 -9999 -9999 -9999 -9999 -9999 -9999 -9999 -9999 -9999 -9999 -9999 -9999 2.26838342000005 2 2.87447338000017 3.94590177999993 4.26280612424091 6
-9999 -9999 2.84795335345855 2.82191931999974 1.8249904228554 1.67851819999997 1.67851819999997 1.42417789304915 1.15354634164922 -9999 -9999 -9999 -9999 -9999 -9999 -9999 -9999 -9999 -9999 -9999 -9999 -9999 -9999 -9999 -9999 -9999 -9999 -9999 -9999 -9999 -9999 -9999 -9999 -9999 -9999 -9999 -9999 -9999 -9999 -9999 -9999 -9999 -9999 -9999 -9999 -9999 -9999 -9999 -9999 -9999 -9999 4 4 4 3.33981181999981 2.26838342000005 2 2.87447338000017 3.94590177999993 4.02011584873061 5.16074090000002
-9999 -9999 -9999 2.99845134089873 2.82984742807621 2 2 1.97293354499876 1.94413340397628 2 2 -9999 -9999 -9999 -9999 -9999 -9999 -9999 -9999 -9999 -9999 -9999 -9999 -9999 -9999 -9999 -9999 -9999 -9999 -9999 -9999 -9999 -9999 -9999 -9999 -9999 -9999 -9999 -9999 7 7 7 7 6.20362583810119 6.00483143292375 5 -9999 5 4.97931363702374 4.91068750000005 4.91068750000005 4.50460922990109 4 4 3.94103694317376 2.51279684580135 2 2.87447338000017 3.94590177999994 4.91223530170131 5
-9999 -9999 -9999 3.01702967364074 3.98052836099206 3.64956858331275 2 2 2 2 2 2 2 2 -9999 -9999 -9999 -9999 -9999 -9999 -9999 -9999 -9999 -9999 -9999 -9999 -9999 4 4.78868795742963 4.9821159 5.91110579213261 7.94665772051581 -9999 -9999 -9999 -9999 -9999 7 7 7 7 7 7 6.12552421999997 6 5.96509329759374 5 5 5 5 5 4.99202542651538 4.9821159 4.9821159 4.9821159 3.51888274000009 2.9821159 2.99775506937526 3.94590177999993 5 5
-9999 -9999 -9999 -9999 4.95120873006039 4.83980342 3.54915223741635 2.03731751890525 2 2 2 2 2 2 2 2 2.0506480341978 2.13990672424851 4 4 4 4 4 4 4 4 4 4.69244722534288 5.74950548000015 5.89963237798664 5.89291140000003 7.89383958936965 7.85769231999998 6.94645570000001 6.94645570000001 6.9626822240821 6.97994889223979 6.94645570000001 6.94645570000001 6.94645570000001 6.98180514247271 7 6.19695261999981 6 6 6 5.91123901999999 5 5 5 5 5 5 5 5 4.26838342000005 4 4.04682306500073 4.94879843132108 5 5.1775171600003
-9999 -9999 -9999 -9999 -9999 4.73485091913336 3.7394282208618 2.60984731914265 2 2 2 2 2 2 2 2.10928619918019 3.07088168000003 4 4 4.0200198991989 4.12497270000001 4.08709960079176 4 4 4 4 4 4 4.7026904807591 4.10983501924556 4 5.8901958807451 6.68347721851941 6 6 6.26517578072625 6.54734971927837 6 6 6 6.57768478070301 6.87502729999999 6.17233891930636 6 6 6 5.91123901999999 5 5 5 5 5 5 5 4.91749450063728 4.2348428193674 4 4.87447338000017 5 5 5.16642476060951
-9999 -9999 -9999 -9999 -9999 3.67012336905648 3.53675003999973 2 2 2 2 2 2 2 2.15772033150943 3.07088168000008 3.95653251582814 4 4 4.16019418000006 5.09098185899375 5.03023167417186 4.12285293784068 4 4 4 4 4 4 4 4 4.8035989 4.89236228000004 5.83506074180297 5.95450954186577 5.86311797446544 6 6 6 6 6 6 6 6 6 6 5.91123901999999 5 5 5 5 5 5 5 4.33981181999981 4 4.15771891742151 4.89912694624742 5 5.00340366641524 5.26772739725368
-9999 -9999 -9999 -9999 -9999 -9999 3.12516304516168 2 2 2 2 2 2 2 2.58797111615684 3.84086277650122 4 4 4 4.11728945286774 5.13338030021027 5.93940503244789 4.45798774510571 4 4 4 4 4 4 4 4 4 4.06498992831632 4.84945819565855 5.3567902539986 5.22188323034291 5.73217050000004 5.73217050000004 5.73217050000004 5.73217050000004 5.90898901294618 6 6 6 6 6 5.91123901999999 5 5 5 5 5 5 4.84231276250248 4.24880019015519 4 4.80304498000016 5 5 5.02197171344458 6.24405733389782
-9999 -9999 -9999 -9999 -9999 -9999 -9999 2 2 2 2 2 2 2 2 3.74896116000016 4 3.99411815686963 3.66074209999999 3.66074209999999 3.81378488991673 4.01843321999993 3.32148419999998 3.32148419999998 3.67250497204165 4 4 4 4 4 4 4 4 4 4.23162018000017 5 5 5 5 5 5.43621571022955 5.90894961875493 6 6 6 6 5.91123901999999 5 5 5 5 5 5 4.41124021999989 4 4.24820670453598 4.86986352647977 5 5 5.02878095952693 6.60209556945767
-9999 -9999 -9999 -9999 -9999 -9999 -9999 2 2 2 2 2 2 2 2 3.74896116000016 4 3.57197631999979 2.5893137 2.5893137 2.5893137 2.41072160568755 2 2 2.82220947837971 3.83111124693129 4 4 4 4 4 4 4 4 4.23162018000017 5 5 5 5 5 5 5.73161897999998 6 6 6 6 5.91123901999999 5 5 5 5 5 4.78753908967392 4.48414507127401 4.4106863 4.84183797374112 5 5 5 5.01733018000021 6
-9999 -9999 -9999 -9999 -9999 -9999 -9999 -9999 2 2 2 2 2 2 2 3.74896116000016 4 2.50890652575739 2 2 2 2 2 2 2.51733618000003 3.58876458000008 4 4 4 4 4 4 4 4 4.11995268640544 4.66398947523215 5 5 5 5 5 5.73161897999998 6 6 6 5.99164370839296 5.47191729324442 5.07722965488188 5.37044836348051 5 5 5 4.73208168306929 4.78702473529328 5 5 5 5 5 5.01733018000021 6
-9999 -9999 -9999 -9999 -9999 -9999 -9999 -9999 -9999 2 2 2 2 2 2 3.74896116000016 4 2 2 2 2 2 2 2 2.51733618000003 3.58876458000008 4 4 4 4 4 4 4 4 4 4.30304858000002 5 5.24682784635201 5.55354310000001 5.55354310000001 5.55354310000001 5.88017944179196 6 6 6 5.43871865006408 5 5.07151765400772 5.34304954395621 5 5.20728781988443 5.30671658215146 5 5 5 5 5 5 5 5.01733018000021 6
-9999 -9999 -9999 -9999 -9999 -9999 -9999 -9999 -9999 -9999 2 2 2.41260329693173 2.6249715 3.12685622551297 3.90585328039312 4 2.61413613161519 2 2 2 2 2 2 2.84065654841891 3.84577499729056 4 4 4 4 4 4 4 4 4.14475601132497 4.92802008000002 5.6249715 5.79219872580342 6 6 6 6 6 6 6 5.61413913147838 5 5 5 5.18939522568386 5.76541014002555 5.5540970199998 5 5 5 5 5 5 5 5.01733018000021 6
-9999 -9999 -9999 -9999 -9999 -9999 -9999 -9999 -9999 -9999 -9999 2 2.20043538338757 3.3226055544593 3.94020662215327 4 4 3.67906251999979 2.63458341968453 2 2 2 2 2.62106026680269 3.70692643196325 4 4 4 4 4 4 4 4 4 4.23162018000017 5.30304858000002 6 6 6 6 6 6 6 6 6 5.98266741999976 5 5.11155586821306 5.6963999 5.78840475055262 5.73921593993542 5.16822391068164 5 5 5 5 5 5 5 5.01733018000021 6
-9999 -9999 -9999 -9999 -9999 -9999 -9999 -9999 -9999 -9999 -9999 -9999 -9999 3.66931441676308 4 4 4 3.99597475101181 3.74721939795557 3.41265497510068 2.76782830000001 2.76782830000001 3.05536416573049 3.74271093465175 4 4 4 4 4 4 4 4 4 4 4.23162018000017 5.07035930400119 5.23217169999999 5.23217169999999 5.23217169999999 5.23217169999999 5.23217169999999 5.23217169999999 5.23217169999999 5.23217169999999 5.23217169999999 5.21483911999975 4.30032489237973 5.03719144067654 5.23217169999999 5.23217169999999 5.14522930015459 5 5 5 5 5 5 5 5 5.01733018000021 6
-9999 -9999 -9999 -9999 -9999 -9999 -9999 -9999 -9999 -9999 -9999 -9999 -9999 -9999 -9999 -9999 -9999 4 4 3.974249858866 3.8392567 3.8392567 3.89945175132316 4 4 4 4 4 4 4 4 4 4 4 4.03723139207982 4.1607433 4.47502561446084 5 5 5 5 5 5 5 5 5.82192411999976 4.85352443283643 5 4.80561322629569 4.1607433 4.1607433 4.53497036351514 5 5 5 5 5 5 5 5.84204241032282 6.07449123294761
-9999 -9999 -9999 -9999 -9999 -9999 -9999 -9999 -9999 -9999 -9999 -9999 -9999 -9999 -9999 -9999 -9999 -9999 4 4 4 4 4 4 4 4 4 4 4 4 4 4 4 4 4 4 4.033446374021 4.49539428557604 5 5 5 5 5 5.79637206315692 5.91068510000002 5.98266741999976 5 5 4.76838221999978 4 4 4.4459029800002 5 5 5 5 5 5 5 5.10509723670649 6.00792746369685
-9999 -9999 -9999 -9999 -9999 -9999 -9999 -9999 -9999 -9999 -9999 -9999 -9999 -9999 -9999 -9999 -9999 -9999 -9999 4 4 4 4 4 4 4 4 4 4 4 4 4 4 4 4 4 4 4.44590538000023 5 5 5.64838208119105 5.98211350000001 5.98211350000001 5.99775481103897 6 5.99968998080783 5.89494014326877 4.84267584734537 4.01374366857802 4 4 4.4459029800002 5 5 5 5 5 5 5 5.98242347626458 6
-9999 -9999 -9999 -9999 -9999 -9999 -9999 -9999 -9999 -9999 -9999 -9999 -9999 -9999 -9999 -9999 -9999 -9999 -9999 -9999 4 4 4 4 4 4 4 4 4 4 4 4 4.00475256001562 4.0535419 4.0535419 4.0535419 4.42801888000008 5.4755726587348 6 6 6 6 6 6 6 6 5.91599145151506 4.89335252 4.04114064398501 4 4 4.42202848723533 4.97415700501482 5 5 5 5 5 5.94590177999994 6 6.01425690904353
-9999 -9999 -9999 -9999 -9999 -9999 -9999 -9999 -9999 -9999 -9999 -9999 -9999 -9999 -9999 -9999 -9999 -9999 -9999 -9999 -9999 4 4 4 4 4 4 4 4.10035737192157 4.12497030000003 4.12497030000003 4.12497030000003 4.20264089377244 5 5 5.03787207195718 5.45264877946639 6 6 6 6 6 6 6 6 6 6 5.85982953487542 4.86440717654783 4 4 4 4.45268032224195 4.87502969999997 4.95753361491107 5 5 5 5.82769215078278 6 6.24409136726006
-9999 -9999 -9999 -9999 -9999 -9999 -9999 -9999 -9999 -9999 -9999 -9999 -9999 -9999 -9999 -9999 -9999 -9999 -9999 -9999 -9999 4 4 4.08757570831191 4.19639869999997 4.19639869999997 4.19639869999997 4.19639869999997 4.84173054717282 5 5 5 5 5.03146145734269 5.19639869999997 5.43992893285115 6 6 6 6 6 6 6 6 6 6 6 6 5.53676443999955 4 4 4 4 4 4.5305280796928 4.80360130000003 4.80360130000003 4.97534673501664 5 6 6.07132651027428
-9999 -9999 -9999 -9999 -9999 -9999 -9999 -9999 -9999 -9999 -9999 -9999 -9999 -9999 -9999 -9999 -9999 -9999 -9999 -9999 -9999 4.26782710000002 4.26782710000002 4.5943086924153 5 5 5 5 5 5 5 5 5.02377323865161 5.3851151801188 6 6 6 6 6 6 6 6 6 6 6 6 6 5.9570969429038 5.33097085832544 4 4 4 4 4 4 4 4 4.64026571060751 5.23884916124446 6.00464149185194 6.29159905308158
-9999 -9999 -9999 -9999 -9999 -9999 -9999 -9999 -9999 -9999 -9999 -9999 -9999 -9999 -9999 -9999 -9999 -9999 -9999 -9999 -9999 5 5 5 5 5 5 5 5 5 5 5.33925550000003 5.39790541513646 6 6 6 6 6 6 6 6 6 6 6 6 6 6 5.78546549179341 4.50770432576262 4 4 4 4 4 4 4 4 4.29666990376867 5.58925429735031 6.35658568000024 7.39790224356293
-9999 -9999 -9999 -9999 -9999 -9999 -9999 -9999 -9999 -9999 -9999 -9999 -9999 -9999 -9999 -9999 -9999 -9999 -9999 -9999 -9999 5.41068389999997 5.41068389999997 5.22755675386917 5.2124616400135 5.41068389999997 5.41068389999997 5.41068389999997 5.41068389999997 5.41068389999997 5.41068389999997 6 6 6 6 6 6 6 6 6 6 6 6 6 6 6 5.92709458913156 4.98982783863402 4 4 4 4 4 4 4 4 4 4.51534124185554 4.97778273202732 7.00309572817984 7.14218048020714
-9999 -9999 -9999 -9999 -9999 -9999 -9999 -9999 -9999 -9999 -9999 -9999 -9999 -9999 -9999 -9999 -9999 -9999 -9999 -9999 -9999 6 6 5.7690698454036 5.750034344387 6 6 6 6 6 6 6 6 6 6 6 6 6 6 6 6 6 6 6 6 5.99164374999115 5.38315850021805 4 4 4 4 4 4 4 4 4 4 4 4.48987089727008 6.01844521999979 4.98980842314846
-9999 -9999 -9999 -9999 -9999 -9999 -9999 -9999 -9999 -9999 -9999 -9999 -9999 -9999 -9999 -9999 -9999 -9999 -9999 -9999 -9999 6.38578964839511 6 6 6 6 6 6 6 6 6 6 6 6 6 6 6 6 6 6 6 6 6 6 6 5.9922617084659 5.51391253500191 4.92973871692451 4 4 4 4 4 4 4 4 4 4 4.52359513343243 4.98266981999979 4
