catData/variables/pastClimate/midhol_MIROCesm/bio11.asc
NCOLS 409 
NROWS 350 
XLLCORNER 60.897278365 
YLLCORNER 5.843756025 
CELLSIZE 0.0892857 
NODATA_value -9999 
[rows 156 to 181 of 350, columns 290 to 347 of 409]
17.1544982334516 17.264225128 17.308887150759 17.3799477445872 17.4813549819335 17.5827622192798 17.59464677 17.601728938 17.7004749266814 17.70535323 17.70535323 17.70535323 17.7033488127036 17.6578008119501 17.6543128853962 17.6442798772575 17.6018193220887 17.6 17.5239984752187 17.5006722041275 17.4104775405262 17.30535323 17.296481692 17.189338852 17.082196012 16.975053172 16.8344762428972 16.7558718737953 16.8081223797561 16.8664263555902 16.9088871250635 16.9799472902827 17.00535323 17.00535323 17.099938848 17.10535323 17.114224528 17.2205100943603 17.3 17.330299818 17.4354382663991 17.49464677 17.546375108 17.59464677 17.5981806522158 17.6 17.5239989295232 17.500672229823 17.5 17.50535323 17.50535323 17.521367128 17.582196492 17.5340308019007 17.6040087575062 17.6083197085932 17.657081328 17.6433307952857
17.215522057404 17.358871898 17.466014738 17.5091418221572 17.51249607 17.51249607 17.5243156150164 17.614225008 17.7202592244109 17.8 17.8 17.8 17.7672357827347 17.7069245749789 17.7 17.7 17.6422347198802 17.6033542778334 17.6 17.5234839227394 17.51249607 17.41249607 17.403624532 17.296481692 17.1922325941713 17.094692082 17.02499214 16.9859778670305 16.9827527486832 17.02499214 17.0827572101104 17.1216378321761 17.12499214 17.12499214 17.2077582729648 17.21249607 17.2202588043921 17.3 17.3 17.330299818 17.4 17.4 17.451728338 17.5 17.5577648601009 17.58750393 17.5975382364719 17.5234843427582 17.51249607 17.6 17.6011085336174 17.6265088600962 17.6797369441902 17.61249607 17.682702075237 17.7609861470493 17.764224168 17.6873976403779
17.3006791362889 17.378510808 17.485653648 17.592796488 17.6354090368207 17.63927782 17.733863918 17.7403276688445 17.8017423204968 17.81963891 17.81963891 17.81963891 17.81963891 17.783809132092 17.7291188439889 17.71963891 17.71963891 17.646481572 17.61963891 17.6024660543937 17.6 17.51963891 17.510767372 17.4067695812825 17.3347299947985 17.2952894531206 17.23927782 17.23927782 17.23927782 17.23927782 17.23927782 17.2980676613652 17.31963891 17.31963891 17.31963891 17.300339450311 17.3178966837699 17.3 17.3 17.3243492640128 17.3877144199062 17.4087561058253 17.4612083662557 17.5115616576634 17.51963891 17.51963891 17.599938608 17.6024661486605 17.6 17.61963891 17.6267677889034 17.7031449550157 17.7150911790653 17.7 17.737442418 17.8087560586919 17.8612081733891 17.723387186
17.290530312991 17.4746388225426 17.5751165859057 17.673157578 17.780300418 17.8 17.8692542856989 17.8991971417056 17.8600592605955 17.92678175 17.92678175 17.92678175 17.92678175 17.914840844837 17.8621250647147 17.82678175 17.8091019121819 17.7464354773698 17.7052759570785 17.6359757524732 17.62678175 17.62678175 17.6202861651283 17.5535635 17.530406282 17.4535635 17.4435356366649 17.42678175 17.42678175 17.4425485459902 17.4535635 17.4339707489064 17.42678175 17.42678175 17.42678175 17.3280472966996 17.3935045908521 17.32678175 17.3205799060445 17.3 17.337442658 17.444585498 17.5 -9999 17.6176797092657 17.62678175 17.6855757836309 17.6359761039208 17.62678175 17.7004628470242 17.7244059254241 17.716013898 17.7830450416793 17.710552235538 17.7307161375654 17.871367008 17.92678175 17.750168936
17.3054874831627 17.551668386 17.63392459 17.6822637596096 17.8075420055748 17.83392459 17.8660125359435 17.9350669928722 18.0030097143122 18.03392459 18.03392459 18.0236453381347 18 17.970539632234 17.93392459 17.9139526213973 17.856380649787 17.8091062630286 17.7469413281558 17.73392459 17.73392459 17.73392459 17.73392459 17.73392459 17.7186233632619 17.6575700095537 17.6091840416306 17.56784918 17.56784918 17.6067487108163 17.63392459 17.5855857375524 17.5406077552632 17.53392459 17.53392459 17.4672628077102 17.43392459 17.43392459 17.4186235218429 17.36784918 17.3925895697884 -9999 17.5175486265803 17.5728239622353 17.666014018 17.7 17.7 17.7296645225021 17.73392459 17.7350665171292 17.7941384120551 17.7445058387605 17.8078558284239 17.7733254339999 17.7208474704148 17.9409113999539 18.03392459 17.8972552246913
17.444525546 17.658811226 17.74106743 17.74106743 17.8686909480482 17.9359106987689 18.035653528 18.08213486 18.0873632267801 18.14106743 18.14106743 18.1232106856709 18.0667579255121 18.04106743 18.019823733878 17.965305418939 17.94106743 17.867910092 17.84106743 17.84106743 17.84106743 17.84106743 17.8374241173419 17.8065766934751 17.84106743 17.8232108271091 17.7667580240739 17.74106743 17.74106743 17.74106743 17.74106743 17.7110236899888 17.6526771828282 17.64106743 17.64106743 17.5989813752792 17.54106743 17.54106743 17.5505774057303 17.5696915034527 17.54106743 17.54106743 17.5715522690017 17.6241768798153 -9999 17.7300436414494 17.74106743 17.7925995649166 17.8 17.8 -9999 -9999 -9999 17.8642873599709 17.7734473615926 17.8926883440001 18.0801759704365 18.041129062
17.551668386 17.7375717650201 17.8318258834296 17.84821027 17.928510688 18.035653528 18.142796368 18.24821027 18.24821027 18.24821027 18.24821027 18.24821027 18.210767132 18.14821027 18.096481452 18.04821027 18.016384502275 17.9621120121746 17.94821027 17.94821027 17.94821027 17.94821027 17.939338732 17.864224648 17.94821027 17.94821027 17.910767372 17.84821027 17.84821027 17.84821027 17.84821027 17.775053172 17.74821027 17.74821027 17.74821027 17.64821027 17.64821027 17.64821027 17.6602032063824 17.6843078060673 17.64821027 17.64821027 17.64821027 17.678699494134 17.7318255363157 -9999 17.8 17.8 17.8 17.800833178564 17.8528045669864 17.9 -9999 -9999 17.8431662548123 17.8604713707381 18.051728098 18.0695109001613
17.658811226 17.781637581541 17.9025559485414 17.9958481046237 18.046557859294 18.0943938052117 18.194586098 18.300957020953 18.35535311 18.35535311 18.35535311 18.3385809527177 18.2832828033646 18.25535311 18.203624292 18.1227658163884 18.0705265796939 18.05535311 18.05535311 18.0069506800591 18 18.05535311 18.046481572 17.971367488 18.0425348696475 18 17.9832829105171 17.95535311 17.95535311 17.95535311 17.9188121651536 17.8673376309288 17.85535311 17.85535311 17.85535311 17.809749464742 17.75535311 17.75535311 17.75535311 17.75535311 17.75535311 17.75535311 17.75535311 17.75535311 17.7848263160011 17.8 -9999 -9999 17.85535311 -9999 -9999 17.8911358094248 17.8343081266575 17.830299578 -9999 17.895164972191 17.996374988 18.0772337850692
17.765954066 17.86249595 17.9532688883469 18.073157578 18.1501845090831 18.2171444447981 18.319577998 18.363144371772 18.405544501943 18.46249595 18.46249595 18.432195652 18.36249595 18.3346315194821 18.2805995982329 18.203624292 18.16249595 18.16249595 18.1123115909072 18.0672053268078 18.06249595 18.1 18.0966728139527 18.0685019903323 18.0913151053827 18.06249595 18.06249595 18.06249595 18.0301676837574 18 17.9752419796725 17.96249595 17.9123117408975 17.9546481948175 17.9033837694675 17.8993517582474 17.86249595 17.86249595 17.86249595 17.86249595 17.86249595 17.86249595 17.8301678337477 17.8367921019673 17.86249595 17.86249595 -9999 -9999 17.9 -9999 -9999 -9999 17.8480239265979 -9999 -9999 17.8721360194529 17.9215601142621 18.022078986023
17.9067122059304 18.0106364674172 18.0593204532351 18.0918503158875 18.180300418 18.287443258 18.394586098 18.4708428015031 18.5357929602986 18.5111523861983 18.56963879 18.539338492 18.46963879 18.425052812 18.36963879 18.310767132 18.26963879 18.2186929050206 18.175619894327 18.16963879 18.16963879 18.16963879 18.16963879 18.16963879 18.16963879 18.16963879 18.16963879 18.16963879 18.117910212 18.06963879 18.06963879 18.0186930721537 17.9756199671939 17.9961874754584 17.9712826618892 17.96963879 17.96963879 17.96963879 17.96963879 17.9485383633726 17.9 17.9 17.8842946506703 17.8875127919821 17.9 17.9 -9999 -9999 17.9 -9999 -9999 -9999 -9999 -9999 -9999 17.855414742 17.8314105529256 17.9427164377697
18.028510688 18.135653528 18.2274688218767 18.25356326 18.333863678 18.441006518 18.548149358 18.578510568 18.6747217477584 18.6572815932613 18.67678163 18.646481332 18.57678163 18.532195652 18.47678163 18.417909972 18.37678163 18.359795688581 18.2919074744387 18.27678163 18.27678163 18.27678163 18.27678163 18.2644855295372 18.2177804894431 18.2535167515766 18.2 18.2 18.1879894673642 18.17678163 18.17678163 18.103624532 18.07678163 18.07678163 18.07678163 18.07678163 18.07678163 18.07678163 18.0590013248328 17.9929648761474 17.97678163 17.97678163 17.9370637689117 17.9452022500686 17.97678163 17.9206106019708 17.9 -9999 17.9041574350299 -9999 -9999 -9999 -9999 -9999 -9999 -9999 17.8 17.8725398102073
17.967804588 18.074947428 18.2374927869884 18.4227942192027 18.4807576577857 18.571367728 18.678510568 18.7681268759469 18.78392447 18.78392447 18.78392447 18.753624172 18.68392447 18.639338492 18.5405113336562 18.4905360689567 18.48392447 18.4225275618174 18.3870913207956 18.38392447 18.38392447 18.38392447 18.38392447 18.367910092 18.2876471155268 18.2951291050862 18.28392447 18.28392447 18.28392447 18.28392447 18.228522353849 18.1882396087639 18.18392447 18.18392447 18.18392447 18.1 18.1 18.1 18.0962773930545 18.08392447 18.08392447 18.0465063271066 18.0350971290126 18.0279054697615 18 17.926843142 -9999 17.9245956348579 17.900870429184 -9999 -9999 -9999 -9999 -9999 -9999 -9999 17.8 17.8094638152995
18.042796368 18.149939208 18.2629789398999 18.446315156 18.5731274305914 18.678510568 18.785653408 18.89106731 18.8991465995738 18.9675505381806 18.89106731 18.860767012 18.79106731 18.746481332 18.639338492 -9999 18.59106731 18.517909972 18.49106731 18.49106731 18.49106731 18.4015742787666 18.49106731 18.4896367952578 18.4610459644965 18.39106731 18.39106731 18.39106731 18.39106731 18.3374546932685 18.2941031509771 18.29106731 18.29106731 18.29106731 18.2049307320405 18.2805605597949 18.19106731 18.19106731 18.1699788730581 18.1 18.1 18.0960173156787 18.0956880420757 18.0947412201699 18.09106731 -9999 -9999 -9999 -9999 -9999 -9999 -9999 -9999 -9999 -9999 -9999 17.8471073873628 17.8374551303916
18.2007423934554 18.355292198 18.3976018647881 18.4726771389098 18.6591635789685 18.785653408 18.892796248 18.99821015 19.007081928 19.082195532 18.99821015 18.967909852 18.89821015 18.853624172 -9999 18.6403922063707 18.6 18.5986905933858 18.59821015 18.59821015 18.5053172369794 18.4982410911012 18.5 18.5 18.4995855205336 18.49821015 18.49821015 18.49821015 18.49821015 18.439338732 18.39821015 18.39821015 18.39821015 18.39821015 18.303624532 18.2999690631945 18.29821015 18.29821015 18.275053172 18.19821015 18.19821015 18.19821015 18.1474076716577 18.1 -9999 -9999 -9999 -9999 -9999 -9999 -9999 -9999 -9999 -9999 -9999 -9999 -9999 17.841129062
18.2596659866982 18.423096786 18.571367728 18.6092691078346 18.7670083426545 18.892796248 18.999939088 19.1000925498782 19.114224768 19.20535299 19.183435148411 19.1074620361562 19.0271180514328 18.8583803290562 -9999 18.70535299 18.7018192405235 18.6307587669874 18.6813547075017 18.6172377980092 18.60535299 18.60535299 18.60535299 18.60535299 18.60535299 -9999 18.50535299 18.50535299 18.50535299 18.50535299 -9999 -9999 18.425053052 18.40535299 -9999 -9999 18.3916035816948 18.3205098927943 18.3780826127166 -9999 -9999 -9999 -9999 -9999 -9999 -9999 -9999 -9999 -9999 -9999 -9999 -9999 -9999 -9999 -9999 -9999 17.9 17.9
18.4189598051483 18.5353789237082 18.6867596574355 18.798149238 18.8952578742775 18.999939088 19.107081928 19.114224768 19.2202590057032 19.3 19.3 19.2431856777275 19.0703738611289 -9999 18.8 18.8 18.7422345614454 18.71249583 -9999 18.71249583 18.71249583 -9999 18.71249583 18.71249583 18.709602143406 -9999 -9999 18.61249583 18.61249583 18.61249583 -9999 18.609141586599 -9999 -9999 -9999 -9999 -9999 -9999 -9999 -9999 -9999 -9999 -9999 -9999 -9999 -9999 -9999 -9999 -9999 -9999 -9999 -9999 -9999 -9999 -9999 -9999 -9999 17.9
18.571367728 18.678510568 18.8387037294529 18.9875247533234 19.01963867 19.107081928 19.1956493163479 19.2210280675717 19.3 19.3031450579808 19.315090853243 19.269699702 -9999 -9999 18.81963867 18.81963867 18.81963867 18.81963867 -9999 18.81963867 18.8010632654807 18.8 -9999 18.8 18.7813905516242 18.71963867 -9999 -9999 -9999 -9999 -9999 -9999 -9999 -9999 -9999 -9999 -9999 -9999 -9999 -9999 -9999 -9999 -9999 -9999 -9999 -9999 -9999 -9999 -9999 -9999 -9999 -9999 -9999 -9999 -9999 -9999 17.9 17.8884385307603
18.6655828808412 18.785653408 18.892796248 19.0535039619322 19.1 19.187443258 19.2253315852945 19.3 -9999 -9999 -9999 -9999 -9999 -9999 -9999 18.9157667189744 -9999 -9999 -9999 18.92678151 -9999 -9999 -9999 -9999 18.8 -9999 -9999 -9999 -9999 -9999 -9999 -9999 -9999 -9999 -9999 -9999 -9999 -9999 -9999 -9999 -9999 -9999 -9999 -9999 -9999 -9999 -9999 -9999 -9999 -9999 -9999 -9999 -9999 -9999 -9999 -9999 -9999 17.8568955881476
18.737382466 18.892796248 18.999939088 19.0822636951878 -9999 -9999 -9999 -9999 -9999 -9999 -9999 -9999 -9999 -9999 -9999 -9999 -9999 -9999 -9999 -9999 -9999 -9999 -9999 -9999 -9999 -9999 -9999 -9999 -9999 -9999 -9999 -9999 -9999 -9999 -9999 -9999 -9999 -9999 -9999 -9999 -9999 -9999 -9999 -9999 -9999 -9999 -9999 -9999 -9999 -9999 -9999 -9999 -9999 -9999 -9999 -9999 -9999 17.9
18.844525306 18.999939088 19.0799715301176 -9999 -9999 -9999 -9999 -9999 -9999 -9999 -9999 -9999 -9999 -9999 -9999 -9999 -9999 -9999 -9999 -9999 -9999 -9999 -9999 -9999 -9999 -9999 -9999 -9999 -9999 -9999 -9999 -9999 -9999 -9999 -9999 -9999 -9999 -9999 -9999 -9999 -9999 -9999 -9999 -9999 -9999 -9999 -9999 -9999 -9999 -9999 -9999 -9999 -9999 -9999 -9999 -9999 -9999 17.9
18.950000987239 19.058871898 -9999 -9999 -9999 -9999 -9999 -9999 -9999 -9999 -9999 -9999 -9999 -9999 -9999 -9999 -9999 -9999 -9999 -9999 -9999 -9999 -9999 -9999 -9999 -9999 -9999 -9999 -9999 -9999 -9999 -9999 -9999 -9999 -9999 -9999 -9999 -9999 -9999 -9999 -9999 -9999 -9999 -9999 -9999 -9999 -9999 -9999 -9999 -9999 -9999 -9999 -9999 -9999 -9999 -9999 -9999 -9999
19.083986388227 -9999 -9999 -9999 -9999 -9999 -9999 -9999 -9999 -9999 -9999 -9999 -9999 -9999 -9999 -9999 -9999 -9999 -9999 -9999 -9999 -9999 -9999 -9999 -9999 -9999 -9999 -9999 -9999 -9999 -9999 -9999 -9999 -9999 -9999 -9999 -9999 -9999 -9999 -9999 -9999 -9999 -9999 -9999 -9999 -9999 -9999 -9999 -9999 -9999 -9999 -9999 -9999 -9999 -9999 -9999 -9999 -9999
19.214224768 -9999 -9999 -9999 -9999 -9999 -9999 -9999 -9999 -9999 -9999 -9999 -9999 -9999 -9999 -9999 -9999 -9999 -9999 -9999 -9999 -9999 -9999 -9999 -9999 -9999 -9999 -9999 -9999 -9999 -9999 -9999 -9999 -9999 -9999 -9999 -9999 -9999 -9999 -9999 -9999 -9999 -9999 -9999 -9999 -9999 -9999 -9999 -9999 -9999 -9999 -9999 -9999 -9999 -9999 -9999 -9999 -9999
19.251729058 -9999 -9999 -9999 -9999 -9999 -9999 -9999 -9999 -9999 -9999 -9999 -9999 -9999 -9999 -9999 -9999 -9999 -9999 -9999 -9999 -9999 -9999 -9999 -9999 -9999 -9999 -9999 -9999 -9999 -9999 -9999 -9999 -9999 -9999 -9999 -9999 -9999 -9999 -9999 -9999 -9999 -9999 -9999 -9999 -9999 -9999 -9999 -9999 -9999 -9999 -9999 -9999 -9999 -9999 -9999 -9999 -9999
19.328510448 -9999 -9999 -9999 -9999 -9999 -9999 -9999 -9999 -9999 -9999 -9999 -9999 -9999 -9999 -9999 -9999 -9999 -9999 -9999 -9999 -9999 -9999 -9999 -9999 -9999 -9999 -9999 -9999 -9999 -9999 -9999 -9999 -9999 -9999 -9999 -9999 -9999 -9999 -9999 -9999 -9999 -9999 -9999 -9999 -9999 -9999 -9999 -9999 -9999 -9999 -9999 -9999 -9999 -9999 -9999 -9999 -9999
19.435653288 19.542796128 -9999 -9999 -9999 -9999 -9999 -9999 -9999 -9999 -9999 -9999 -9999 -9999 -9999 -9999 -9999 -9999 -9999 -9999 -9999 -9999 -9999 -9999 -9999 -9999 -9999 -9999 -9999 -9999 -9999 -9999 -9999 -9999 -9999 -9999 -9999 -9999 -9999 -9999 -9999 -9999 -9999 -9999 -9999 -9999 -9999 -9999 -9999 -9999 -9999 -9999 -9999 -9999 -9999 -9999 -9999 -9999
