catData/variables/pastClimate/midhol_MIROCesm/bio10.asc
NCOLS 409 
NROWS 350 
XLLCORNER 60.897278365 
YLLCORNER 5.843756025 
CELLSIZE 0.0892857 
NODATA_value -9999 
[rows 130 to 155 of 350, columns 232 to 289 of 409]
30.0502701115727 29.955412822 29.848269982 29.8 29.8 29.8 29.8645306771992 29.88036061 29.8989369312101 29.9 29.9 29.916015578 30 30 30 30.0358303353571 30.0905200228475 30.1 30.0469495752569 30.0784298445384 30.1 30.1 30.1 30.1 30.1 30.1 30.1 30.075649917099 30.01963939 30.01963939 30.01963939 30.01963939 30.01963939 30.01963939 30.01963939 30.01963939 29.9436290389411 29.9199790371458 29.9375363226496 29.91963939 29.91963939 29.91963939 29.91963939 29.91963939 29.91963939 29.91963939 29.91963939 29.91963939 29.8551092913972 29.8221054103981 29.81963939 29.81963939 29.8125097822159 29.7361335595794 29.71963939 29.6952896928299 29.6319251289654 29.575053172
29.97321777 29.928630592 29.8353422043998 29.8 29.8 29.8 29.8 29.8 29.8692545345762 29.9 29.9 29.9117262490642 29.97321777 29.9813331226105 30 30.0119413762851 30.0508032317551 30.0889851699598 30.1 30.0804065763656 30.0947242054718 30.1 30.1253324591464 30.1004632409838 30.12678223 30.1224929653416 30.1 30.1081152883331 30.1167539298296 30.1 30.1 30.1 30.1 30.1 30.1215063711944 30.1033628469682 30.1253323948691 30.0280484712936 30.0935039305437 30.02678223 30.02678223 30.02678223 30.02678223 30.02678223 30.02678223 30.02678223 30.02678223 30.02678223 30.02678223 29.9627580507544 29.95356446 29.95356446 29.9511883357336 29.9150565081037 29.8411601641178 29.8081151597784 29.789338852 29.694137195453
29.8448528778775 29.8366139833475 29.8 29.8 29.8 29.7751809147725 29.7933172286975 29.8 29.8 29.9 29.9 29.9 29.9 29.930301258 30 30.0294607880727 30.0318945153973 30.0389000411327 30.0884707203373 30.0516607058073 30.0869839907227 30.1 30.194586818 30.1350679403128 30.1969899988427 30.1609260212545 30.13392507 30.1539464464328 30.1752589970372 30.13392507 30.13392507 30.13392507 30.13392507 30.13392507 30.1869838321429 30.1422216113271 30.1964230852029 30.13392507 30.13392507 30.13392507 30.13392507 30.13392507 30.13392507 30.13392507 30.13392507 30.13392507 30.13392507 30.13392507 30.13392507 30.13392507 30.13392507 30.1333384451531 30.0851083053661 29.9158507046393 29.7997717845137 29.7799227216344 29.930406762 29.8527242343331
29.7220667309701 29.7772431121326 29.7787555627648 29.75893209 29.7318208225595 29.644705642 29.7311436556458 29.75893209 29.75893209 29.8185746129537 29.85893209 29.865509353159 29.9 29.9178571646357 29.9743095984669 29.9816890764304 29.9801764286722 30 30.0389042891225 30.05893209 30.0919100890828 30.1 30.1557419887119 30.1992896656092 30.1573470909868 30.150506083404 30.2 30.2 30.2 30.2 30.2 30.2241776552119 30.24106791 30.24106791 30.24106791 30.24106791 30.24106791 30.24106791 30.24106791 30.24106791 30.24106791 30.24106791 30.24106791 30.2227571835564 30.2212441415463 30.24106791 30.24106791 30.24106791 30.24106791 30.24106791 30.24106791 30.1118741784112 29.7448406659999 29.4760278857605 29.5570622954363 29.853547901948 30.062556622 29.9737244098806
29.7 29.7230913650824 29.700059232 29.65178925 29.585773552 29.478630712 29.5349642128118 29.55536775 29.55536775 29.557097648 29.65536775 29.6791045582706 29.7924136529941 29.75536775 29.8289160089531 29.9286980092118 29.9018511501057 29.9319614306824 29.95178925 29.987059414153 30.0415873571117 30.0939466476237 30.1 30.1517273541885 30.1528057501705 30.2 30.2 30.2 30.2180519647707 30.24821075 30.24821075 30.2787003130234 30.3 30.3352700484472 30.3094970848175 30.3421572819179 30.34821075 30.34821075 30.34821075 30.340489751141 30.3 30.3 30.2819481509351 30.2501937236005 30.2750009654645 30.3 30.3 30.3352699327414 30.34821075 30.34821075 30.3026099670527 30.0369401536824 29.3826372452538 29.3134071568468 29.7982956883345 30.1336026333762 30.0806083553591 30.0267153999055
29.451032088661 29.4112472848108 29.5681124782119 29.5674117595614 29.5151727708065 29.426841462 29.3555503044575 29.34464641 29.2922890777216 29.2337540067073 29.22323205 29.2375328112355 29.3278234992506 29.3953584741182 29.4633649140555 29.51252487 29.489429381222 29.46157486282 29.5667970578738 29.6153988593482 29.7014239953877 29.9074827901237 30.0386536288595 30.046376068 30.1495576561657 30.2 30.1871811170984 30.1614191112696 30.237443858 30.3 30.3286341563734 30.35535359 30.35535359 30.3880160365227 30.3641485318452 30.3943940797868 30.4 30.4 30.4 30.392849833685 30.342534839947 30.2664548631581 30.2140283623666 30.2752598428432 30.3 30.3 30.3 30.373157818 30.4 30.4 30.3577705957325 30.3158251025024 29.9932713295316 29.9448345601452 29.9991894495913 30.1311183075723 30.0792737460597 29.9753801196917
28.5313745559485 28.5880154475123 29.1371310519069 29.416134282 29.4162645944896 29.1814591340391 29.2581439444541 29.2453504855085 29.202030046492 29.0346925475073 28.87500714 28.8649979755061 28.8154079925166 28.8363854735049 28.825080892 28.8182554789926 28.9198471144969 28.891141662 28.9242887405056 28.9808093409975 28.8971934035031 29.1373676340001 29.4824361050012 29.7549868615037 30.046376068 30.1074765264927 29.9123830674969 29.9125041405184 30.237443858 30.3 30.3194004234945 30.3742967045061 30.4 30.4 30.4 30.4 30.4 30.4 30.4 30.4 30.376842062 30.2962091575367 30.2921737524615 30.3 30.3 30.3 30.3 30.2817157689682 30.0742669619339 30.0796704845171 29.9692916809645 30.4368550665183 30.391127982 30.251955426 29.9942122289596 29.9939438945208 29.9298578684358 29.716571433044
28.0739240363605 28.1330720787273 28.3817531640333 28.435816632 28.4147323378274 28.3139928890293 28.7062946688784 29.0904539824346 28.9986212565887 28.8584663523389 28.7241818200278 28.644705882 28.5536903952387 28.53036073 28.5189924285053 28.5270738397229 28.612451238 28.6428473034051 28.63036073 28.6016252186567 28.4060999023049 28.3185766543092 28.5591332428572 28.9741425959765 29.0215652323241 28.9711845594137 29.1064081116722 29.9274196947868 30.211368228629 30.2614105810043 30.3 30.3178740837292 30.3763332459041 30.4 30.4 30.4 30.4 30.4 30.4 30.388847202663 30.3233298109702 30.3091995373965 30.3189925742368 30.3 30.3 30.1770056185902 29.9531651436904 29.8599531324031 29.7542841861456 29.817804228 29.9705342305147 30.33036073 30.321488712 30.1600108955945 29.767924492 29.721382728 29.7195345633076 29.6
28.062555662 28.0207044038843 28.0344251613238 27.9191412094103 27.7957475341443 27.7134810008784 27.8663943660626 28.6818896782674 28.7489493218386 28.5705802763705 28.6075324765487 28.4427173007171 28.42321789 28.42321789 28.3944675214851 28.3806705717808 28.4352284529533 28.44643578 28.44643578 28.3171049971555 28.2323652102208 28.0483299339999 27.8492627527886 28.1621236399081 28.1508723155223 28.3065444133201 28.8419958297063 30.0211536420563 30.12321789 30.1335699804963 30.1861548107697 30.22321789 30.289233108 30.2108732888651 30.2929671176667 30.32321789 30.32321789 30.4 30.3931876931029 30.307202792 30.22321789 30.22321789 30.22321789 30.1889834667733 29.8684038545517 29.5227511355169 29.6699818401956 29.5520936448385 29.2846840513311 29.326750838 29.623066354 30.1477634793541 30.2007216267599 29.9141724717718 29.5822792228481 29.4534709255822 29.4609601076837 29.4806700189496
27.978630712 27.8786552831571 27.7887357082585 27.630479434 27.5930167350773 27.6657130448745 27.8316192193358 28.3019669825939 28.443682341133 28.4134494999053 28.2540011649301 28.2154304791435 28.5872855907273 28.6009142187482 28.446480852 28.428511888 28.3970965693567 28.31607505 28.2052681697624 27.8791124239653 27.78037525 27.6788746088145 27.380539746 27.332955243835 27.6353514435515 28.395895522497 29.5373212483112 29.920945953794 29.9635748391046 30.01607505 30.067804588 30.11607505 30.0712837906022 30.0247047611949 30.176676846 30.21607505 30.21607505 30.31607505 30.307202792 30.200059952 30.11607505 30.0906451372139 30.0007255623153 29.8662195294167 29.4456089014817 29.089353012 29.3783000400001 29.6239798510656 29.4782651630762 29.3029825620757 29.09139474276 29.4346832133158 29.7612050326704 29.516255626 29.2568549769353 29.2321501 29.2635744362648 29.360661268
27.7463203509033 27.622814009628 27.6132437861592 27.7592575474522 28.0505249324435 28.286189141753 28.4249485957159 28.5572830615539 28.4955137413068 28.3070477938778 28.2315282940456 28.5624916752984 28.5809786990569 28.5124512760056 28.6330534646702 28.899925888 28.1923510756485 27.48038989 27.769190704613 27.9583494539511 27.97320337 28.1246592867581 28.2933369099196 28.5806567918911 29.4260511489217 29.6006289950908 29.7883411912734 29.7813377425599 29.7212089840287 29.7674007505026 29.7282671168985 29.4302059557398 29.2744932720963 29.6045748131376 29.887398426 30.08606278938 30.10893221 30.2073572672475 30.1170719312837 30.0783325161851 29.8967749976538 29.6861188564902 29.325081852 29.2139564559398 29.0316523858844 28.8053787269976 29.0568715200001 29.2398658498703 29.3765718723842 29.1544123528726 28.7479677183415 28.8500030378103 29.152008325442 29.1314373977567 29.1300214137835 29.2 29.237443378 29.3039825346228
27.7493359854948 28.1242105652392 28.2366700334231 28.2502435445184 28.2315518823812 28.2026181538628 28.3627446072325 28.3174745532072 28.1178865064397 28.0053371557241 27.9867858606716 27.8457729601038 28.0558098866475 28.324404335519 28.6744388529128 28.846376308 28.8869791759425 28.9309786190355 29.0421105812034 29.079836632637 29.0803169300001 29.1693256043093 28.999702696581 29.3911503758696 29.6001587618175 29.5706184149607 29.4299012725103 29.4750670919999 29.4421419588381 29.4605876839959 29.3036984039999 29.3185815679787 29.5260891829874 29.7430858410274 29.7222203725356 29.8784662160001 29.9964728141492 29.903638692 29.814081610477 29.8086344294363 29.2648347251951 29.0205388699373 28.7347296188674 28.6099384032964 28.6070955929207 28.6032612292485 28.6076956310592 28.6107362199999 28.692473753884 28.7078315268395 28.7003874817749 28.8000928241771 28.8227946395431 29.0175176629354 29.1459010190993 29.3279689792632 29.3603178831458 29.256211594409
28.0317791691969 27.96252571 27.910795692 27.8194115559559 27.7963613211754 27.9384840352315 28.0566977074576 27.9264320138641 27.621592296 27.3925676368591 27.5968065953671 27.831986324 28.1058582290399 28.2105095467567 28.396271884 28.5441265486995 28.5870287334149 28.6858395617714 28.628631072 28.6638883204641 28.6132908193325 28.7695344860001 28.8047738838512 29.1050963772779 29.3778515070373 29.1581648323153 28.9301458196647 28.9611012001833 28.9528136688854 29.1148528135015 29.121503112 29.2004325512836 29.483804609109 29.5761066006248 29.492931752 29.6621639488422 29.385278669691 28.9677865961262 28.9630006836704 28.9063908784007 28.5645009117903 28.52867863494 28.6300856151434 28.68929306 28.6948316848993 28.7031517022462 28.70535347 28.7092699518393 28.791007598 28.8934691765677 28.716180794 28.8984559640509 28.818629036356 28.9463298727629 29.2136904984151 29.2978907904233 29.342796848 29.40535347
27.4845289971078 27.3013528060337 27.2616310456493 27.4509095574754 27.7072828171878 27.7168004815002 27.5795656005166 27.8670097303251 27.6760442239502 27.2127124834168 27.2482845394622 27.5315477114496 27.7740868608175 27.8693122868665 28.1029740328744 28.319594318 28.2780121374211 28.4156372571496 28.5419899071184 28.5067084445824 28.489965320862 28.6405371048656 28.8753244299928 29.065970386 29.2647285397096 29.255473014 29.0440812517132 28.8204564734272 28.600045072 28.6043755579967 28.635774152 28.852438080563 29.1530499534231 29.0753517717176 28.9547558911468 29.3310281776959 28.7608866600158 28.3612138788689 28.2952672431364 28.3569909857071 28.3117208337221 28.4712209008487 28.4484738582585 28.4473087880388 28.5849302294389 28.746375828 28.7957531262973 28.8822998457265 28.992796968 29.0234235205849 28.8476397460141 28.9019452614434 29.003624292 28.928511168 29.0559178482691 29.2643875251602 29.449939688 29.51249631
27.423277362 27.2890604295363 27.355190054 27.5473107291081 27.5013802300462 27.1236644400312 27.1448322479225 27.267805068 27.3377957195976 27.3027491097892 27.4571749196751 27.455293878 27.6319119720001 27.969579558 28.0693686954276 28.1204436098289 28.0900321993921 28.237339554 28.5587680740001 28.514405104 28.3646501010564 28.3754290580108 28.7401320749328 28.8031196258709 28.9963633628091 29.1381268527585 29.0010290413147 28.9392783 28.901834442 28.7588613525002 28.607187912 28.594665758752 28.6066743223142 28.526841942 28.4526887585713 28.4941798742572 28.1606099378665 28.023172818 28.123185836057 28.1153428122377 28.0179985087349 28.1185368372425 27.9575487043044 27.9429981292674 28.3082338884282 28.5560840504701 28.7004231585519 28.9017657596138 29.041022358 29.148165198 29.1032872675986 28.9813357642777 29.130406282 29.0490027940302 29.1186097229532 29.2593609277828 29.4858794891705 29.5782344084647
27.1889350042825 27.0689893728935 27.2083524422478 27.4133920188268 27.3144046239999 27.0661470306626 27.0587950709742 27.1138236245593 27.025066972 27.3604835720001 27.7494438336078 27.723143538 27.8749524912284 28.1140706982251 28.136407745418 27.9532475472763 27.784311534029 27.996271884 28.3177004040001 28.2929306820545 28.085833744 28.1510662636694 28.3991860397239 28.5888634484978 28.7773387795271 28.9131766042216 29.0258562509161 29.04643602 29.0290485826103 28.955413302 28.848270462 28.7568948163887 28.6784469610832 28.502033186889 28.1840271475277 27.9853719456664 27.776916894 27.5936751128884 27.6458041507497 27.7082369080551 27.611718797918 27.3742052013339 27.3580973881136 27.3772317752771 27.6247186603303 27.9700443417762 28.3329566500324 28.685502593501 28.896530896391 28.94396816133 28.9903581508309 29.2478253448371 29.3226621779471 29.2686202096681 29.2009258676374 29.2025314209429 29.3184226542484 29.5040133495539
26.953742156 26.6617746896616 26.7215210913346 27.0348990500147 26.8863658874007 26.8365066198819 26.9732691038966 26.8532251773973 26.6412977861145 27.4057319669557 27.841023078 27.94273266039 27.9825126021256 27.9000745919999 27.8056345985915 27.6456659089186 27.5333239884918 27.722720588427 27.9406141863991 27.9481115502274 27.7697735739999 27.7319275346452 27.6342066547465 27.7372803426083 28.2541408057266 28.5248230098095 28.6717461129648 28.7375692953791 28.869594198 28.8724376805008 28.7113976563474 28.5704587875396 28.5733924609612 28.3051169704233 27.8770219179999 27.565559435462 27.3108888482107 27.3327821141165 27.258819964669 27.1446269772292 27.016848693098 26.996375948 27.1282597222476 27.276736798 27.4023466456268 27.6255384814678 28.108222289756 28.5429939412236 28.873052314 28.9352536922553 28.2956126577146 28.9355633840001 29.2362380509759 29.3127500600537 29.4064926507136 29.4544836420112 29.5265152656673 29.5973100793401
26.836286680327 26.5479275508765 26.4291451316673 26.505179085914 26.0775275330026 26.1893421630374 26.7326655367675 26.6811305746469 26.2417393971579 26.844013461614 27.6121620909527 27.5733256541649 27.6399907766814 27.4751193813587 27.3460421527978 27.2054877739999 27.198121206 27.3882292735194 27.387578522 27.3235495715997 27.3168130658004 27.4568414116801 27.1980859113987 27.2503339550418 27.8013557974019 28.069609318 28.1779884225953 28.3676924799212 28.6245538779226 28.583177359997 28.3839201619583 28.082315196 27.9554082066099 27.8673664836757 27.5804811435953 27.3429771839999 27.1117939334347 27.4431983650315 27.5522284245479 27.4162422467905 27.3041922422168 27.1393753274506 27.1914010709526 27.2766823302555 27.3417647750202 27.6470404566443 28.2367039038407 28.610586316 28.6743293893531 29.1343040035855 28.2743340190985 28.8494631546558 29.0268465410746 29.0991613959312 29.3325877800116 29.5606010760001 29.7153771229139 29.74106767
26.666134642 26.4682216798167 26.248269982 26.0275955216265 25.5747167813715 25.7314832362784 26.2203306166459 26.3950515469267 25.93422267 26.0680303289242 26.6129907951301 26.9742260576665 27.3174939162772 27.2911869739999 27.0949532846107 26.9538173044063 26.9749413862044 27.0503175492237 26.985774032 26.878631192 27.0539793158344 27.2331801457581 27.2973902773506 27.3026873431709 27.464240968 27.6099891886401 27.9667243805591 28.2324699527481 28.2877659769055 28.2983594189959 28.2982085621809 28.0999760496829 27.8620279125508 27.7223022942642 27.4971057515396 27.231165961947 27.3334167802267 27.5525650027622 27.7874854538484 27.6826835084228 27.769520190107 27.5986381336077 27.605172894 27.8095501775492 27.8534031871557 27.7677379742229 28.4531956184302 28.990947166 28.8395689682654 29.1484258079143 29.4347732319401 29.3936756855326 29.4370928326247 29.3969941885649 29.4343221423101 29.6088115860001 29.785653888 29.84821051
26.4725756574683 26.3801527906934 26.248269982 25.9708119082875 25.6928115094755 25.7144428788419 25.6830018919041 25.8911716400444 25.6073692758083 25.5779994734837 25.6088172414017 26.3745532668345 26.980256786 27.0733374339999 26.9172224146203 26.8399325723091 26.8875847081412 26.930420682 26.8232778419999 26.716135002 26.5831993561732 26.9740770119815 27.2332407128428 27.2427318027069 27.1526348977434 27.4407386779999 27.9525065240341 27.9147403249057 27.7471534702277 27.7770197150026 27.6567349744422 27.7755968288196 27.9598197166728 27.798330534 27.3259470075076 27.2513202660894 27.5289859828533 27.658812186 27.8395086860945 27.7087969460001 27.8974452370522 27.9860767590972 28.0615457663032 28.215012237552 28.390837447251 28.3802996905959 28.8132010452269 29.0801830768503 29.1423399548251 29.2911997535002 29.594465714 29.7114787200496 29.7474312323512 29.6589099524008 29.6549102343742 29.809888763149 29.9274239139238 29.9800333153013
26.1423075761378 26.0083009694785 25.935789032 25.6373138896117 25.4212693739481 25.1622708061805 25.03487517307 25.2327062093748 25.2506924764493 25.0278338783409 25.2263376168015 25.7131109797741 26.2937205805715 26.6269165339999 26.3939145114805 26.315551238926 26.5353716236546 26.6647289084065 26.5264778698778 26.4682992398377 26.153803068 26.5231680020969 26.871279504 26.9497988350501 26.9197615183373 26.7935904137375 27.1222832676937 27.2413161449061 27.0955664588049 26.9099859754969 26.8318976561275 26.770708879814 26.9613357582106 26.924458222928 26.6767382565005 27.0513010879309 27.2425715784986 27.3274008756408 27.440347377132 27.2545809320748 27.6197663893257 28.1037910606289 28.1920719852408 28.369578838 28.4573212203638 28.649391435557 28.8202718716033 28.776857422 28.910616556 29.2888487999583 29.5621499664895 29.7385844803683 29.8055446732261 29.8725048660839 29.948150078 30.017419554401 30 29.9609921554547
25.8134143610925 25.7068497652092 25.4312800437379 25.1107969917334 24.6952037533252 24.4030942966761 24.432106228 24.6266932860001 24.8781309273935 24.4516505934384 24.5030942667108 25.2189654715042 25.9085971936587 26.4393974839999 26.2023750212789 26.0934261674804 26.1200850335186 26.0590417977784 25.9367864352024 25.8534306598166 25.6335250751643 25.7492563177822 25.7935318137477 26.3202790332677 26.7163594499998 26.0362353172084 24.9930073060996 25.7302970911689 26.048568854471 25.79298589797 26.4489888398936 26.2291587531143 25.8436553891944 25.5776119561258 26.0539002744849 26.4721654542444 26.5412441925706 26.4761824979199 26.6321129456411 26.5360308972977 26.7473443896529 27.1854929998816 27.1315785053952 27.338791926038 28.0402749701772 28.508827186 28.4331235513321 28.1767542423512 28.4968105032593 29.0891952038055 29.4157636242957 29.6332943307862 29.8150504052767 29.9745012962329 29.9909041054849 29.951522402748 29.93036097 29.8722379437288
25.910289022149 25.7087854669512 25.4122377535152 25.212599894 24.9876918590897 24.7287514349179 24.3093943003508 24.1966826486381 24.4766336939999 24.5299439600335 24.5644840756871 25.2902669065594 26.1034874919861 26.3626156139999 26.0620790980529 25.9640459438608 26.1130414048952 25.994691122 25.887548282 25.6118885142063 25.5475860001631 25.3724432319567 24.0898409998574 25.265777378 25.7633496508387 24.6168698780354 23.9202282593899 25.4312436492521 25.7648994319999 25.2830073465305 25.8219777327625 25.6915035762255 25.1673572771348 25.4769141728452 26.1321994144441 26.2270284042971 26.1505927866426 26.1994751975584 26.16965439 26.1573576982732 26.185504272 26.5161380239729 26.6010730864803 26.7706151904659 27.3142274629733 28.1199112152578 28.529298403531 28.5891236588465 28.5179336564877 28.8903794820845 29.3754455921618 29.526676486 29.7341500646729 29.84643626 29.8410594755733 29.8464834496965 29.9 29.8896479139427
25.7422065840779 25.5538018679999 25.280420562 25.2626314900356 25.328715978202 25.1936966068567 24.9908540650625 24.8678781719999 24.8215559075039 24.6824728981202 24.6383435887291 25.1225266724347 25.7047982642943 26.1054196156115 26.1384789126345 26.0715362379281 26.1511736443403 26.125052092 26.1287158153634 25.9819367168749 25.7977471964204 25.5789045909489 24.2613250748188 24.576238293395 24.2569980286484 23.3537175337482 23.4678959053614 24.8570425414839 25.1377952935212 24.4035991900099 25.2564422570104 25.0377887719207 24.8884104416734 25.8715943400183 26.2002418511305 26.0552446484703 26.0169455132854 26.0318725710412 26.008629273203 25.9295761065527 25.9892718096916 26.3133110381286 26.574887236 26.8942626803032 27.2373219460108 27.6149584665636 28.3983921159017 28.9573502777965 29.0130484390638 28.9863887414482 29.2187124704016 29.4195336460001 29.624947308 29.71607529 29.71607529 29.771805466645 29.9314242464007 29.98392471
25.8139358175394 25.6028601892374 25.4775143420072 25.4248473692088 25.457083248 25.4113741621724 25.4480907171217 25.5360925958986 25.3656801256624 25.3404690791784 25.513845711542 25.5827282064912 25.825725328326 26.0054132894404 26.0486196473364 26.0593957679434 26.060662228 26.1036736828335 26.0457781375562 25.871548304 25.657262624 25.4429769439999 25.0496152437556 24.4978068394919 24.3660698669716 24.276795262 24.2407918900492 24.5953392244119 24.6601897083181 24.062451598 24.8559405773516 25.3963911946128 25.772607455021 26.1515792705664 26.1268719395634 26.013677843825 25.9138623207866 25.90893245 25.900060192 25.8235170073787 25.9694738140001 26.235713981689 26.392752136 26.9032123697297 27.8107332325666 28.4997774657093 28.880947045219 29.0659648245418 28.8806164743765 28.3411905956853 28.719044657954 29.3139655260398 29.6169515474282 29.79106755 29.79106755 29.7688867532197 29.7894070449819 29.90893245
25.7636751643827 25.6546148854038 25.59821039 25.539337532 25.499391813533 25.426841462 25.7957585640368 25.6367685478789 25.132142928346 25.7929034768552 25.79642078 25.7969940127709 25.8235728633644 25.90178961 25.9024597133222 25.9027812876988 25.8519113545601 25.863187857741 25.7727297232378 25.6309012837831 25.442976944 24.541658689397 23.8554533974606 23.9141041136024 24.10536883 24.1522683956384 24.3531373572079 24.5044203198074 25.2264935487014 24.8834340680606 24.7632182348952 25.3951988142165 25.9288596998859 26.173158058 26.2774267521986 26.208977042 26.101834202 26.0033057944876 26.2665423436327 26.012435878 26.1658945940001 26.4564800702469 26.7062919292679 27.3379082162893 28.20420499607 28.6751443573378 28.9968635233523 29.2432167863733 29.2132459847888 28.7540591724153 27.7705794684521 28.7227181238305 29.4126100125213 29.5368253389995 29.7245328755208 29.7994577385419 29.7995505708741 29.8455779085841
