catData/rasterBestHybridModels/Fchaus/RD_RM2_LQ/Fchaus_max.asc
ncols         409
nrows         350
xllcorner     60.897278365
yllcorner     5.843756025
cellsize      0.0892857
NODATA_value  -9999
[rows 0 to 28 of 350, columns 132 to 197 of 409]
-9999 -9999 -9999 -9999 -9999 -9999 -9999 -9999 -9999 -9999 -9999 -9999 -9999 -9999 -9999 -9999 -9999 -9999 -9999 -9999 -9999 -9999 1.0989E-7 -9999 -9999 -9999 -9999 -9999 -9999 -9999 -9999 -9999 -9999 -9999 -9999 -9999 -9999 -9999 -9999 -9999 -9999 -9999 -9999 -9999 -9999 -9999 -9999 -9999 -9999 -9999 -9999 -9999 -9999 -9999 -9999 -9999 -9999 -9999 -9999 -9999 -9999 -9999 -9999 -9999 -9999 -9999
-9999 -9999 -9999 -9999 -9999 -9999 -9999 -9999 -9999 -9999 -9999 -9999 -9999 -9999 -9999 -9999 -9999 -9999 -9999 1.8948E-7 1.29688E-7 1.08769E-7 1.76044E-7 1.59503E-7 9.20368E-8 -9999 1.05447E-7 6.75703E-8 7.03316E-8 -9999 -9999 -9999 -9999 -9999 -9999 -9999 -9999 -9999 -9999 -9999 -9999 -9999 -9999 -9999 -9999 -9999 -9999 -9999 -9999 -9999 -9999 -9999 -9999 -9999 -9999 -9999 -9999 -9999 -9999 -9999 -9999 -9999 -9999 -9999 -9999 -9999
-9999 -9999 -9999 -9999 -9999 -9999 -9999 -9999 1.53955E-6 9.43577E-7 6.85012E-7 5.66675E-7 6.53233E-7 6.02252E-7 -9999 -9999 4.09905E-7 3.07735E-7 2.53669E-7 2.82153E-7 3.2855E-7 3.4399E-7 3.44526E-7 1.60715E-7 1.44477E-7 2.57245E-7 2.73416E-7 1.95919E-7 1.28467E-7 5.65042E-8 -9999 -9999 -9999 -9999 -9999 -9999 -9999 -9999 -9999 -9999 -9999 -9999 -9999 -9999 -9999 -9999 -9999 -9999 -9999 -9999 -9999 -9999 -9999 -9999 -9999 -9999 -9999 -9999 -9999 -9999 -9999 -9999 -9999 -9999 -9999 -9999
1.66866E-6 1.76904E-6 1.86732E-6 2.91876E-6 2.3317E-6 1.83344E-6 1.90785E-6 1.52198E-6 1.20383E-6 1.25737E-6 9.33617E-7 6.76424E-7 4.99226E-7 4.53425E-7 1.02027E-6 6.94931E-7 5.10178E-7 5.61676E-7 7.19002E-7 6.01991E-7 5.04225E-7 5.80541E-7 7.2604E-7 5.93905E-7 5.37597E-7 4.47479E-7 2.06017E-7 1.1426E-7 9.8901E-8 1.06151E-7 -9999 -9999 -9999 -9999 -9999 -9999 -9999 -9999 -9999 -9999 -9999 -9999 -9999 -9999 -9999 -9999 -9999 -9999 -9999 -9999 -9999 -9999 -9999 -9999 -9999 -9999 -9999 -9999 -9999 -9999 -9999 -9999 -9999 -9999 -9999 -9999
2.31005E-6 2.22881E-6 3.4316E-6 2.10799E-6 9.98008E-7 7.96477E-7 7.96266E-7 1.55192E-6 2.00847E-6 1.08857E-6 7.13942E-7 7.82341E-7 7.66587E-7 6.20002E-7 1.07939E-6 1.28534E-6 5.38933E-7 4.1379E-7 3.44047E-7 2.67645E-7 2.93755E-7 3.51477E-7 5.47091E-7 1.00757E-6 7.39593E-7 2.33931E-7 1.99134E-7 2.31276E-7 1.62886E-7 1.27141E-7 7.88027E-8 5.54827E-8 5.32533E-8 7.93059E-8 1.03323E-7 -9999 -9999 -9999 -9999 -9999 -9999 -9999 -9999 -9999 -9999 -9999 -9999 -9999 -9999 -9999 -9999 -9999 -9999 -9999 -9999 -9999 -9999 -9999 -9999 -9999 -9999 -9999 -9999 -9999 -9999 -9999
2.39456E-6 3.52133E-6 4.20733E-6 2.76819E-6 2.5671E-6 3.08753E-6 2.50922E-6 2.56244E-6 4.16789E-6 2.02576E-6 1.56775E-6 2.32796E-6 2.58899E-6 2.07785E-6 1.47317E-6 2.26286E-6 1.10079E-6 4.71946E-7 2.59364E-7 2.76766E-7 4.26374E-7 5.82357E-7 4.68237E-7 1.06E-6 1.31643E-6 4.88248E-7 2.29826E-7 1.91024E-7 1.89085E-7 1.27986E-7 1.32019E-7 8.23187E-8 5.6395E-8 4.36364E-8 4.48028E-8 1.05153E-7 -9999 -9999 -9999 -9999 -9999 -9999 -9999 -9999 -9999 -9999 -9999 -9999 -9999 -9999 -9999 -9999 -9999 -9999 -9999 -9999 -9999 -9999 -9999 -9999 -9999 -9999 -9999 -9999 -9999 -9999
5.38502E-6 5.59393E-6 2.6865E-6 2.15376E-6 2.66531E-6 3.94641E-6 4.13255E-6 4.5182E-6 4.54834E-6 1.94225E-6 1.95675E-6 2.58605E-6 4.28749E-6 3.65559E-6 2.58517E-6 1.61528E-6 7.98222E-7 9.99262E-7 8.46143E-7 4.30275E-7 2.12544E-7 4.01234E-7 7.88921E-7 1.6081E-6 1.94699E-6 8.84619E-7 8.96244E-7 4.16395E-7 3.2498E-7 2.11358E-7 1.87514E-7 1.46643E-7 1.10265E-7 6.24238E-8 -9999 7.99545E-8 -9999 -9999 -9999 -9999 -9999 -9999 -9999 -9999 -9999 -9999 -9999 -9999 -9999 -9999 -9999 -9999 -9999 -9999 -9999 -9999 -9999 -9999 -9999 -9999 -9999 -9999 -9999 -9999 -9999 -9999
5.84238E-6 3.00678E-6 2.00745E-6 2.54623E-6 3.04853E-6 3.90781E-6 5.91414E-6 8.22612E-6 5.06486E-6 2.75279E-6 2.15476E-6 2.16658E-6 4.83913E-6 5.15935E-6 2.12302E-6 9.74381E-7 1.10145E-6 1.98765E-6 1.72402E-6 9.64519E-7 8.63942E-7 4.30845E-7 3.88274E-7 1.10506E-6 2.55506E-6 7.39776E-7 4.6891E-7 3.79087E-7 5.03461E-7 4.58326E-7 5.13612E-7 3.10417E-7 1.61534E-7 1.00492E-7 1.0357E-7 1.0326E-7 1.26952E-7 -9999 -9999 -9999 -9999 -9999 -9999 -9999 -9999 -9999 -9999 -9999 -9999 -9999 -9999 -9999 -9999 -9999 -9999 -9999 -9999 -9999 -9999 -9999 -9999 -9999 -9999 -9999 -9999 -9999
3.61446E-6 2.94832E-6 3.55109E-6 2.96953E-6 2.88582E-6 3.80805E-6 5.28574E-6 8.18777E-6 4.38439E-6 3.64964E-6 5.33291E-6 3.6717E-6 7.01253E-6 4.83319E-6 1.83728E-6 1.29548E-6 1.76332E-6 2.88676E-6 3.08123E-6 1.63442E-6 2.12542E-6 2.92688E-6 2.05724E-6 1.82588E-6 2.11213E-6 3.09094E-7 1.31113E-7 1.34025E-7 1.16137E-7 2.32151E-7 4.52102E-7 3.56898E-7 1.70129E-7 1.36631E-7 2.20491E-7 1.91869E-7 9.07078E-8 -9999 -9999 -9999 -9999 -9999 -9999 -9999 -9999 -9999 -9999 -9999 -9999 -9999 -9999 -9999 -9999 -9999 -9999 -9999 -9999 -9999 -9999 -9999 -9999 -9999 -9999 -9999 -9999 -9999
6.10045E-6 5.22419E-6 5.91789E-6 5.3452E-6 4.62493E-6 5.57588E-6 6.70726E-6 8.23012E-6 7.17341E-6 7.20582E-6 7.42049E-6 1.03097E-5 8.62235E-6 3.68521E-6 2.16177E-6 2.08123E-6 2.72542E-6 4.79794E-6 5.19483E-6 3.8607E-6 3.78696E-6 3.36327E-6 2.56026E-6 3.32308E-6 2.00348E-6 8.06593E-7 2.88917E-7 2.85074E-7 -9999 1.351E-7 1.92894E-7 2.75196E-7 1.9773E-7 1.53123E-7 1.66907E-7 1.69486E-7 7.06417E-8 -9999 -9999 -9999 -9999 -9999 -9999 -9999 -9999 -9999 -9999 -9999 -9999 -9999 -9999 -9999 -9999 -9999 -9999 -9999 -9999 -9999 -9999 -9999 -9999 -9999 -9999 -9999 -9999 -9999
7.55116E-6 8.03554E-6 8.32231E-6 8.70812E-6 6.45429E-6 6.68459E-6 8.13463E-6 6.12324E-6 6.48626E-6 7.41965E-6 4.0188E-6 8.99215E-6 1.02361E-5 7.87661E-6 6.89382E-6 5.78968E-6 4.0144E-6 6.97608E-6 6.63968E-6 2.43458E-6 1.92184E-6 1.26379E-6 1.22273E-6 1.6486E-6 1.78922E-6 9.04819E-7 8.88405E-7 8.09573E-7 3.75746E-7 2.64549E-7 1.71626E-7 1.51893E-7 1.29133E-7 9.93531E-8 9.16878E-8 1.37879E-7 -9999 -9999 -9999 -9999 -9999 -9999 -9999 -9999 -9999 -9999 -9999 -9999 -9999 -9999 -9999 -9999 -9999 -9999 -9999 -9999 -9999 -9999 -9999 -9999 -9999 -9999 -9999 -9999 -9999 -9999
7.36268E-6 5.87397E-6 5.5239E-6 7.92766E-6 6.52315E-6 4.54046E-6 5.93167E-6 7.23008E-6 5.25253E-6 4.23973E-6 3.34553E-6 4.25717E-6 7.40508E-6 6.99651E-6 8.02801E-6 9.51409E-6 9.5379E-6 1.02426E-5 7.71247E-6 2.78347E-6 2.82214E-6 2.94556E-6 1.44731E-6 6.47905E-7 5.94663E-7 3.87304E-7 7.11829E-7 -9999 5.97917E-7 5.03371E-7 3.51497E-7 2.2463E-7 1.80932E-7 1.20553E-7 -9999 1.27482E-7 -9999 -9999 -9999 -9999 -9999 -9999 -9999 -9999 -9999 -9999 -9999 -9999 -9999 -9999 -9999 -9999 -9999 -9999 -9999 -9999 -9999 -9999 -9999 -9999 -9999 -9999 -9999 -9999 -9999 -9999
7.22185E-6 3.69445E-6 4.86476E-6 6.63282E-6 4.56632E-6 5.52375E-6 5.07285E-6 5.54379E-6 6.61936E-6 5.6987E-6 5.37853E-6 3.93365E-6 5.92645E-6 3.92332E-6 4.50893E-6 6.2984E-6 1.03933E-5 1.25307E-5 1.17557E-5 8.75041E-6 7.40852E-6 3.44247E-6 3.05291E-6 2.57253E-6 8.98558E-7 3.60583E-7 9.26184E-7 1.13667E-6 7.29072E-7 1.01726E-6 7.96838E-7 6.27842E-7 3.87772E-7 2.37657E-7 1.52497E-7 2.03475E-7 1.83486E-7 2.21584E-7 5.48448E-8 -9999 -9999 -9999 -9999 -9999 -9999 -9999 -9999 -9999 -9999 -9999 -9999 -9999 -9999 -9999 -9999 -9999 -9999 -9999 -9999 -9999 -9999 -9999 -9999 -9999 -9999 -9999
6.04529E-6 4.76042E-6 5.27542E-6 5.78045E-6 4.90388E-6 5.55954E-6 7.25707E-6 9.18786E-6 7.22168E-6 6.01884E-6 6.84591E-6 5.31166E-6 5.03238E-6 6.59689E-6 4.57999E-6 5.44452E-6 7.36503E-6 1.09749E-5 1.28653E-5 1.36369E-5 1.73034E-5 6.57541E-6 8.39043E-6 5.62513E-6 1.98222E-6 5.89159E-7 8.44305E-7 1.1929E-6 1.92814E-6 2.00599E-6 1.64531E-6 7.79049E-7 5.33029E-7 5.24637E-7 4.13588E-7 2.27532E-7 4.09115E-7 1.85439E-7 6.11349E-8 -9999 -9999 -9999 -9999 -9999 -9999 -9999 -9999 -9999 -9999 -9999 -9999 -9999 -9999 -9999 -9999 -9999 -9999 -9999 -9999 -9999 -9999 -9999 -9999 -9999 -9999 -9999
8.25956E-6 8.5268E-6 1.14463E-5 8.56593E-6 8.6025E-6 7.24656E-6 1.04819E-5 1.66009E-5 9.46744E-6 7.73589E-6 1.01633E-5 1.21794E-5 5.88088E-6 1.10792E-5 7.23936E-6 5.10257E-6 4.85498E-6 5.45624E-6 6.58977E-6 1.21927E-5 1.90435E-5 2.00133E-5 1.22672E-5 6.8081E-6 1.78309E-6 9.9594E-7 2.27063E-6 1.15766E-6 1.04664E-6 1.33117E-6 1.85929E-6 8.2988E-7 9.61065E-7 5.85846E-7 5.48506E-7 4.36208E-7 5.72768E-7 1.60253E-7 1.54841E-7 1.47503E-7 1.5333E-7 8.83689E-8 -9999 -9999 -9999 -9999 -9999 -9999 -9999 -9999 -9999 -9999 -9999 -9999 -9999 -9999 -9999 -9999 -9999 -9999 -9999 -9999 -9999 -9999 -9999 -9999
2.18945E-5 1.81243E-5 1.72699E-5 1.49144E-5 1.01486E-5 8.30124E-6 1.38231E-5 2.11028E-5 1.81906E-5 1.32411E-5 2.22317E-5 1.11541E-5 1.09852E-5 2.10606E-5 1.54029E-5 7.39259E-6 5.19753E-6 5.19789E-6 6.70795E-6 1.03171E-5 1.52264E-5 2.39492E-5 1.32011E-5 9.22912E-6 8.45402E-6 3.19911E-6 4.76119E-6 1.75494E-6 2.10756E-6 1.99128E-6 3.02403E-6 3.10854E-6 2.59559E-6 1.93662E-6 1.22114E-6 1.25289E-6 1.14229E-6 2.83269E-7 4.23098E-7 5.07607E-7 3.02343E-7 1.81645E-7 1.25262E-7 7.51463E-8 2.14276E-8 -9999 -9999 -9999 -9999 -9999 -9999 -9999 -9999 -9999 -9999 -9999 -9999 -9999 -9999 -9999 -9999 -9999 -9999 -9999 -9999 -9999
2.3465E-5 1.39512E-5 2.11568E-5 1.63465E-5 1.19721E-5 1.2064E-5 1.40931E-5 1.59389E-5 2.88994E-5 2.72739E-5 2.61001E-5 2.25836E-5 2.34918E-5 2.45314E-5 2.04204E-5 1.62119E-5 1.06601E-5 7.0014E-6 7.25251E-6 7.79724E-6 1.17581E-5 2.54875E-5 1.24469E-5 3.39063E-6 3.65163E-6 8.38871E-6 8.37415E-6 5.59316E-6 5.02237E-6 3.92044E-6 2.6776E-6 3.9367E-6 2.37646E-6 6.39375E-7 6.54119E-7 8.34983E-7 6.6569E-7 8.95506E-7 3.51757E-7 1.20822E-7 8.19684E-8 1.39959E-7 6.57712E-8 2.35875E-8 -9999 -9999 -9999 -9999 -9999 -9999 -9999 -9999 -9999 -9999 -9999 -9999 -9999 -9999 -9999 -9999 -9999 -9999 -9999 -9999 -9999 -9999
3.08867E-5 2.75896E-5 5.25125E-5 2.43368E-5 2.66295E-5 2.76625E-5 3.1782E-5 3.76189E-5 3.66334E-5 3.32338E-5 3.13668E-5 2.99308E-5 2.7219E-5 2.56667E-5 2.55729E-5 2.53467E-5 2.21406E-5 1.71647E-5 1.57155E-5 1.31173E-5 2.11779E-5 1.9967E-5 1.60683E-5 8.3917E-6 3.51836E-6 3.02633E-6 3.41977E-6 3.90625E-6 4.30017E-6 4.74049E-6 3.71027E-6 2.81633E-6 4.76284E-6 3.41518E-6 1.54391E-6 6.29887E-7 3.13551E-7 3.84017E-7 2.97781E-7 2.25886E-7 2.85011E-7 4.73937E-7 1.8116E-7 8.99298E-8 1.28554E-7 5.25122E-8 -9999 4.9878E-8 4.87206E-8 1.97129E-8 -9999 -9999 -9999 -9999 -9999 -9999 -9999 -9999 -9999 -9999 -9999 -9999 -9999 -9999 -9999 -9999
2.22234E-5 3.20435E-5 4.95396E-5 5.43138E-5 4.20283E-5 4.23465E-5 4.03219E-5 4.4832E-5 2.61147E-5 2.12447E-5 2.83795E-5 2.47708E-5 3.23439E-5 2.98723E-5 2.44919E-5 2.8182E-5 2.68357E-5 3.7712E-5 3.53779E-5 3.37174E-5 2.05322E-5 1.65811E-5 7.49053E-6 1.27078E-5 6.9755E-6 3.56121E-6 1.96984E-6 1.7526E-6 1.39864E-6 3.49888E-6 5.57374E-6 5.1227E-6 3.89973E-6 4.9569E-6 3.54087E-6 1.49787E-6 5.49464E-7 5.92148E-7 4.94266E-7 2.07411E-7 4.57262E-7 5.76828E-7 1.78525E-7 1.92036E-7 2.84881E-7 1.23655E-7 -9999 4.91986E-8 7.26486E-8 6.89456E-8 2.96242E-8 -9999 -9999 -9999 2.55246E-8 2.3723E-8 1.95356E-8 2.53192E-8 -9999 1.83774E-8 -9999 -9999 -9999 -9999 -9999 -9999
2.44713E-5 1.68752E-5 3.15848E-5 3.48603E-5 3.80996E-5 4.46289E-5 4.76084E-5 1.7117E-5 9.81407E-6 1.06597E-5 1.51011E-5 1.53435E-5 3.17853E-5 2.6356E-5 2.41159E-5 2.61662E-5 2.99649E-5 3.9443E-5 3.68454E-5 2.88471E-5 8.93236E-6 4.49725E-6 3.79545E-6 8.46126E-6 1.33026E-5 5.99313E-6 3.80236E-6 1.72092E-6 1.62129E-6 2.22418E-6 3.79597E-6 6.01255E-6 6.58861E-6 5.95083E-6 4.36082E-6 2.17009E-6 8.36747E-7 5.3232E-7 1.15196E-6 4.53128E-7 4.65741E-7 9.27912E-7 3.02828E-7 2.98567E-7 5.34926E-7 2.96009E-7 1.16192E-7 5.59896E-8 -9999 9.38233E-8 8.63527E-8 2.79796E-8 -9999 -9999 -9999 4.10715E-8 4.51912E-8 4.61217E-8 3.80591E-8 -9999 -9999 -9999 -9999 -9999 -9999 -9999
2.4371E-5 2.36827E-5 2.91135E-5 2.99026E-5 4.03261E-5 6.09501E-5 4.08204E-5 2.2704E-5 1.60306E-5 1.35915E-5 1.06863E-5 1.28321E-5 1.88319E-5 1.64164E-5 1.67121E-5 1.85964E-5 1.91823E-5 1.66199E-5 2.54956E-5 6.51613E-6 2.92665E-6 1.99996E-6 5.03428E-6 1.01822E-5 1.32376E-5 4.73502E-6 3.74173E-6 2.43359E-6 2.28677E-6 2.27416E-6 2.20012E-6 3.59393E-6 6.1984E-6 4.92247E-6 3.25449E-6 3.66832E-6 2.35749E-6 1.08503E-6 1.62132E-6 1.66387E-6 9.73384E-7 1.65047E-6 9.66661E-7 1.02121E-6 1.08882E-6 4.9057E-7 2.55259E-7 1.26148E-7 6.23682E-8 9.57156E-8 2.1599E-7 1.0013E-7 3.46923E-8 -9999 -9999 3.689E-8 6.61973E-8 4.60772E-8 3.45371E-8 -9999 -9999 -9999 -9999 -9999 -9999 -9999
3.3506E-5 3.96448E-5 5.24245E-5 7.04071E-5 6.82632E-5 5.82553E-5 3.51164E-5 2.49692E-5 2.32257E-5 1.69681E-5 1.40156E-5 1.2591E-5 1.25997E-5 1.38656E-5 1.10094E-5 1.25184E-5 1.13708E-5 1.1121E-5 8.15368E-6 3.37579E-6 2.32615E-6 4.36211E-6 8.47229E-6 1.46465E-5 9.034E-6 8.30631E-6 6.2518E-6 3.51115E-6 2.01257E-6 1.76512E-6 1.79684E-6 1.98771E-6 2.75961E-6 1.92894E-6 1.72652E-6 3.24712E-6 4.01506E-6 2.65328E-6 1.96413E-6 1.78666E-6 1.70608E-6 2.27417E-6 2.1313E-6 1.17072E-6 7.30819E-7 4.80126E-7 4.32546E-7 2.16949E-7 1.21959E-7 1.32035E-7 3.11124E-7 1.6339E-7 7.6166E-8 4.16669E-8 2.03701E-8 3.59436E-8 6.25424E-8 3.98538E-8 3.64428E-8 4.35946E-8 -9999 -9999 -9999 -9999 -9999 -9999
7.46629E-5 7.34336E-5 1.06688E-4 9.91719E-5 9.08622E-5 5.18042E-5 2.96594E-5 2.04008E-5 1.95348E-5 1.20437E-5 1.67727E-5 1.50912E-5 1.50831E-5 1.21183E-5 1.39159E-5 1.07903E-5 9.65392E-6 8.6355E-6 6.71041E-6 4.96322E-6 4.22297E-6 4.65139E-6 6.73823E-6 1.08679E-5 6.7177E-6 6.0734E-6 5.8113E-6 3.77405E-6 3.08297E-6 2.6151E-6 2.74012E-6 2.56121E-6 2.13904E-6 1.5806E-6 1.53386E-6 1.94728E-6 3.2985E-6 2.78927E-6 1.87649E-6 8.78101E-7 7.54518E-7 1.15547E-6 1.63133E-6 7.5322E-7 4.22472E-7 4.67632E-7 3.55404E-7 2.14152E-7 1.44402E-7 -9999 1.84076E-7 3.0308E-7 2.00701E-7 5.80006E-8 4.56484E-8 5.22629E-8 6.56611E-8 7.54253E-8 6.08615E-8 5.7008E-8 -9999 -9999 -9999 -9999 -9999 -9999
1.14725E-4 1.12697E-4 1.12943E-4 1.10525E-4 6.61378E-5 4.64625E-5 3.774E-5 2.99439E-5 2.16378E-5 1.53481E-5 1.85932E-5 2.38654E-5 1.96484E-5 1.59224E-5 1.63468E-5 1.25709E-5 1.37444E-5 1.25518E-5 1.03771E-5 1.15244E-5 8.31369E-6 7.3206E-6 7.6026E-6 8.50588E-6 1.04268E-5 6.36201E-6 5.28437E-6 4.85683E-6 3.65521E-6 3.77712E-6 3.7873E-6 2.95711E-6 1.8896E-6 1.31457E-6 1.01668E-6 1.06114E-6 1.87163E-6 2.25139E-6 2.71065E-6 2.25531E-6 9.90496E-7 5.76633E-7 1.24709E-6 1.49869E-6 7.80065E-7 7.02915E-7 4.4769E-7 2.15535E-7 1.77469E-7 1.56927E-7 1.40966E-7 2.00216E-7 4.75498E-7 2.66403E-7 1.36279E-7 6.83867E-8 5.77341E-8 9.80115E-8 1.009E-7 1.12551E-7 8.60648E-8 -9999 -9999 -9999 -9999 -9999
8.88194E-5 1.39591E-4 1.28526E-4 1.05159E-4 9.14298E-5 6.80607E-5 4.98002E-5 3.2271E-5 2.21781E-5 2.82944E-5 3.3942E-5 2.63033E-5 2.52141E-5 2.28696E-5 1.6653E-5 1.47698E-5 2.11571E-5 1.99663E-5 1.65722E-5 1.70502E-5 1.04507E-5 1.01259E-5 7.03413E-6 7.96031E-6 1.02649E-5 7.01696E-6 5.48909E-6 5.06032E-6 4.3274E-6 3.8782E-6 3.91419E-6 3.16619E-6 2.0109E-6 1.36673E-6 1.03374E-6 9.55884E-7 1.00718E-6 1.17246E-6 2.63484E-6 3.64115E-6 1.17733E-6 6.54599E-7 8.34144E-7 1.24532E-6 1.00823E-6 1.21979E-6 1.01829E-6 5.01517E-7 3.78322E-7 3.82224E-7 3.43866E-7 1.32466E-7 2.4152E-7 7.73218E-7 2.39429E-7 7.64149E-8 4.00824E-8 4.32891E-8 5.25927E-8 8.13294E-8 1.32499E-7 -9999 -9999 -9999 -9999 -9999
9.05284E-5 1.0656E-4 1.34897E-4 1.02659E-4 1.07911E-4 8.47611E-5 6.95405E-5 3.64544E-5 3.36453E-5 4.74429E-5 3.80709E-5 2.09992E-5 1.99641E-5 1.85862E-5 2.12313E-5 2.3956E-5 3.20925E-5 3.22708E-5 2.92665E-5 2.75504E-5 2.88022E-5 2.13258E-5 1.27128E-5 1.18116E-5 9.08132E-6 8.11871E-6 8.72874E-6 6.96927E-6 5.30636E-6 4.52448E-6 2.97749E-6 2.32419E-6 2.22578E-6 2.17315E-6 1.57725E-6 1.40414E-6 9.92973E-7 1.31223E-6 2.92049E-6 4.09147E-6 1.37112E-6 7.37649E-7 5.63915E-7 5.829E-7 5.02078E-7 7.32214E-7 1.04958E-6 1.17398E-6 1.0991E-6 1.26719E-6 6.9613E-7 2.13286E-7 1.6054E-7 5.30984E-7 7.48328E-7 1.34192E-7 5.90115E-8 -9999 -9999 7.2318E-8 1.29257E-7 1.80117E-7 -9999 -9999 -9999 -9999
1.68952E-4 1.56441E-4 1.91802E-4 1.13605E-4 1.18639E-4 1.68592E-4 1.49483E-4 1.17653E-4 9.57007E-5 7.54896E-5 5.82645E-5 2.39548E-5 3.45227E-5 4.10112E-5 7.10608E-5 5.14612E-5 5.28195E-5 3.50639E-5 3.5282E-5 3.48132E-5 3.04371E-5 2.38081E-5 2.46515E-5 1.96171E-5 1.31221E-5 1.33533E-5 9.09575E-6 6.0205E-6 5.33029E-6 4.77175E-6 3.9124E-6 2.89524E-6 2.46367E-6 2.95922E-6 2.93598E-6 2.57588E-6 1.40039E-6 1.71439E-6 4.25075E-6 4.54035E-6 3.25368E-6 1.38988E-6 9.92828E-7 6.84164E-7 5.78823E-7 4.55095E-7 5.91793E-7 8.41495E-7 5.6961E-7 8.80423E-7 1.27083E-6 1.24267E-6 7.45307E-7 4.24161E-7 1.51975E-6 3.6946E-7 1.10069E-7 6.64851E-8 8.29797E-8 1.13348E-7 1.82833E-7 1.97274E-7 -9999 -9999 -9999 -9999
1.14844E-4 1.60925E-4 1.51325E-4 2.11743E-4 2.11767E-4 1.29038E-4 1.2434E-4 1.95703E-4 1.90588E-4 1.35914E-4 6.44981E-5 4.25765E-5 5.97741E-5 6.11993E-5 7.81715E-5 6.6452E-5 6.08329E-5 6.1441E-5 7.69243E-5 5.02913E-5 4.63889E-5 2.21277E-5 2.44175E-5 1.89382E-5 1.73152E-5 1.74437E-5 1.16746E-5 6.35985E-6 4.84618E-6 4.14744E-6 3.31218E-6 3.53893E-6 3.94626E-6 3.9262E-6 4.75963E-6 4.95113E-6 4.28476E-6 4.54718E-6 5.86551E-6 2.83422E-6 3.51032E-6 3.73422E-6 2.94319E-6 1.72848E-6 1.23312E-6 5.44104E-7 5.17282E-7 5.10189E-7 3.26227E-7 5.55611E-7 5.08893E-7 1.07396E-6 1.3599E-6 1.94943E-6 1.87692E-6 1.2458E-6 1.96878E-7 1.04144E-7 -9999 7.37745E-8 1.05219E-7 2.37592E-7 1.19908E-7 6.51296E-8 -9999 -9999
1.28046E-4 1.70792E-4 1.70754E-4 1.37819E-4 8.35554E-5 2.43672E-4 1.36449E-4 1.35654E-4 1.82031E-4 1.53104E-4 1.23452E-4 6.78874E-5 1.18067E-4 1.26124E-4 8.14094E-5 1.32171E-4 1.51298E-4 9.4783E-5 8.71481E-5 7.71627E-5 5.74561E-5 4.3263E-5 2.44485E-5 1.70619E-5 1.30204E-5 1.43306E-5 1.45029E-5 1.18654E-5 9.49907E-6 5.71807E-6 2.81406E-6 2.79483E-6 2.52922E-6 2.20542E-6 2.23713E-6 1.98845E-6 4.6615E-6 3.56919E-6 6.95067E-6 5.74536E-6 3.25674E-6 3.1238E-6 3.69248E-6 3.80186E-6 2.74199E-6 9.15899E-7 5.20807E-7 4.03223E-7 3.38958E-7 4.05275E-7 3.80333E-7 3.98402E-7 5.06055E-7 1.65907E-6 2.09687E-6 2.14374E-6 8.14604E-7 1.62227E-7 1.03773E-7 9.16715E-8 9.28969E-8 2.70765E-7 1.40251E-7 6.8088E-8 4.59909E-8 6.0148E-8
