catData/rasterBestHybridModels/Fchaus/RD_RM2_LQ/Fchaus_max.asc
ncols         409
nrows         350
xllcorner     60.897278365
yllcorner     5.843756025
cellsize      0.0892857
NODATA_value  -9999
[rows 87 to 115 of 350, columns 66 to 131 of 409]
8.0009E-5 7.73183E-5 7.49163E-5 7.25057E-5 7.59506E-5 8.33133E-5 6.21079E-5 3.80512E-5 3.26873E-5 3.15196E-5 3.13656E-5 3.15686E-5 3.1303E-5 3.12137E-5 3.11809E-5 3.10452E-5 3.17902E-5 3.49126E-5 3.90802E-5 4.11756E-5 4.3648E-5 4.6276E-5 4.28774E-5 3.9125E-5 3.88434E-5 4.1549E-5 4.39226E-5 4.43467E-5 4.35262E-5 4.35548E-5 4.45905E-5 4.58177E-5 4.75996E-5 4.94635E-5 4.55722E-5 4.13259E-5 3.89988E-5 3.86983E-5 4.03619E-5 4.26911E-5 4.30179E-5 4.31949E-5 4.54362E-5 5.09403E-5 4.93809E-5 4.95823E-5 4.3862E-5 4.25934E-5 4.02936E-5 4.03788E-5 4.05349E-5 4.07549E-5 4.08874E-5 4.0477E-5 3.96695E-5 3.87368E-5 3.85487E-5 3.93426E-5 3.81674E-5 3.72043E-5 3.71889E-5 3.74454E-5 3.93086E-5 3.74374E-5 3.8707E-5 3.98068E-5
7.70773E-5 7.32191E-5 7.59001E-5 7.75723E-5 7.62483E-5 7.80651E-5 4.67669E-5 3.54883E-5 3.28704E-5 3.05997E-5 3.07002E-5 3.09934E-5 3.06813E-5 3.04948E-5 3.05385E-5 3.03408E-5 3.03102E-5 3.23013E-5 3.95843E-5 4.30479E-5 3.96639E-5 3.94336E-5 4.00672E-5 3.96487E-5 4.11656E-5 4.31136E-5 4.47563E-5 4.56999E-5 4.71122E-5 4.55156E-5 4.3558E-5 4.74198E-5 4.76219E-5 4.68616E-5 4.28468E-5 3.94154E-5 3.8192E-5 3.83338E-5 3.96487E-5 4.20046E-5 4.28324E-5 4.3604E-5 4.93371E-5 4.98695E-5 4.79855E-5 4.75316E-5 4.24199E-5 4.25159E-5 4.02114E-5 4.02495E-5 4.17165E-5 4.0683E-5 4.77904E-5 4.71641E-5 4.61349E-5 4.61422E-5 4.60429E-5 4.53437E-5 4.38702E-5 4.32585E-5 4.34596E-5 4.4906E-5 4.94539E-5 4.85468E-5 4.80139E-5 4.76646E-5
7.12139E-5 7.29758E-5 7.35095E-5 7.44968E-5 7.50001E-5 6.44306E-5 4.11016E-5 3.32555E-5 3.01075E-5 2.94645E-5 2.97631E-5 2.99917E-5 2.97909E-5 2.9623E-5 2.97183E-5 2.95223E-5 2.94602E-5 3.14199E-5 3.19826E-5 3.18968E-5 3.1677E-5 3.15709E-5 3.32111E-5 3.551E-5 3.98599E-5 4.34378E-5 4.62078E-5 4.65482E-5 4.58718E-5 4.51716E-5 4.40844E-5 4.58851E-5 5.6085E-5 4.60155E-5 4.01532E-5 3.86424E-5 3.84914E-5 3.87563E-5 3.97999E-5 4.18295E-5 4.29789E-5 4.39321E-5 4.99118E-5 4.9295E-5 4.72664E-5 4.74018E-5 4.61279E-5 4.25151E-5 4.63681E-5 4.60313E-5 4.70102E-5 4.89121E-5 4.72598E-5 4.69561E-5 4.62447E-5 4.56228E-5 4.44555E-5 4.30624E-5 4.25149E-5 4.23607E-5 4.23888E-5 4.29045E-5 4.29458E-5 6.36447E-5 6.55715E-5 6.69027E-5
6.69962E-5 6.87516E-5 6.53404E-5 6.32422E-5 6.63339E-5 4.96902E-5 3.85994E-5 2.87143E-5 2.78334E-5 2.81728E-5 2.85641E-5 2.87962E-5 2.86315E-5 2.84465E-5 2.84291E-5 2.8299E-5 2.89354E-5 2.90668E-5 2.84437E-5 3.02171E-5 3.49661E-5 3.77109E-5 3.67495E-5 3.56369E-5 3.74133E-5 3.97439E-5 4.01653E-5 4.11844E-5 4.19959E-5 4.13171E-5 4.04586E-5 4.54521E-5 4.87636E-5 4.25162E-5 3.95265E-5 3.79886E-5 3.87816E-5 3.92055E-5 4.04237E-5 4.2877E-5 4.40307E-5 4.65713E-5 4.86208E-5 4.75777E-5 4.76104E-5 4.77615E-5 4.77144E-5 5.72306E-5 4.46001E-5 4.40264E-5 4.5754E-5 4.58359E-5 4.4961E-5 4.5024E-5 4.3895E-5 4.22485E-5 4.12264E-5 4.11287E-5 4.10477E-5 4.07468E-5 5.80785E-5 5.82005E-5 5.77456E-5 5.79451E-5 6.32544E-5 6.59794E-5
6.4167E-5 6.45203E-5 5.55737E-5 5.40627E-5 5.60438E-5 4.24082E-5 3.56995E-5 2.7464E-5 2.66371E-5 2.69418E-5 2.72922E-5 2.74603E-5 2.74386E-5 2.72749E-5 2.72115E-5 2.7074E-5 2.84448E-5 2.90072E-5 2.88086E-5 3.04137E-5 3.5981E-5 4.22923E-5 4.33546E-5 4.19284E-5 4.15629E-5 4.35509E-5 4.21578E-5 3.99541E-5 3.95812E-5 3.86312E-5 4.08462E-5 4.12639E-5 3.97999E-5 3.81639E-5 3.81605E-5 3.78172E-5 3.88899E-5 3.99665E-5 4.14353E-5 4.34676E-5 4.60879E-5 4.87879E-5 4.8191E-5 4.7946E-5 4.78104E-5 4.76687E-5 5.51792E-5 6.00845E-5 4.40286E-5 4.2638E-5 4.30955E-5 4.28764E-5 4.23695E-5 4.19718E-5 4.12703E-5 4.03812E-5 3.97748E-5 5.73045E-5 5.70536E-5 5.65119E-5 5.58994E-5 5.57332E-5 5.53971E-5 5.46447E-5 6.16771E-5 6.36676E-5
6.21964E-5 6.00912E-5 5.57525E-5 5.06144E-5 4.51039E-5 3.70053E-5 3.14147E-5 2.57805E-5 2.53855E-5 2.54966E-5 2.56937E-5 2.60145E-5 2.61526E-5 2.67747E-5 2.7897E-5 2.86888E-5 2.93575E-5 2.97333E-5 2.93971E-5 3.04799E-5 3.24196E-5 3.45656E-5 3.74001E-5 3.78387E-5 3.55367E-5 3.64871E-5 3.78859E-5 3.72626E-5 3.72186E-5 3.77653E-5 3.90089E-5 3.96402E-5 3.80925E-5 3.72938E-5 3.78164E-5 3.83365E-5 4.01064E-5 4.1435E-5 4.34216E-5 4.43267E-5 4.7644E-5 4.8388E-5 4.84063E-5 4.82657E-5 4.77333E-5 4.755E-5 5.75641E-5 5.1149E-5 4.33144E-5 4.18848E-5 4.16116E-5 4.09693E-5 4.02777E-5 3.98704E-5 3.95916E-5 5.63945E-5 5.53909E-5 5.53335E-5 5.50521E-5 5.44783E-5 5.39383E-5 5.34192E-5 5.30718E-5 5.25153E-5 5.38979E-5 5.3939E-5
5.75203E-5 5.50639E-5 5.13521E-5 5.04718E-5 4.41486E-5 3.39814E-5 2.67491E-5 2.45752E-5 2.3928E-5 2.39743E-5 2.47712E-5 2.59856E-5 2.70355E-5 2.77049E-5 2.90324E-5 2.96586E-5 3.0267E-5 3.05963E-5 3.0371E-5 3.00535E-5 3.1282E-5 3.27462E-5 3.33765E-5 3.31295E-5 3.28137E-5 3.32969E-5 3.41574E-5 3.43879E-5 3.54089E-5 3.74647E-5 4.08124E-5 3.98256E-5 3.77343E-5 3.76779E-5 3.80026E-5 3.92386E-5 4.16999E-5 4.31668E-5 4.6118E-5 4.68542E-5 4.77425E-5 4.81831E-5 4.85745E-5 4.83036E-5 4.73783E-5 4.65105E-5 5.76096E-5 4.52461E-5 4.26253E-5 4.15327E-5 4.07251E-5 3.9457E-5 3.88113E-5 5.51949E-5 5.48407E-5 5.42385E-5 5.34118E-5 5.25645E-5 5.23871E-5 5.20784E-5 5.14607E-5 5.08005E-5 4.92425E-5 4.80156E-5 5.01644E-5 5.20202E-5
5.26249E-5 4.97473E-5 4.60662E-5 4.56921E-5 3.77162E-5 2.86473E-5 2.26757E-5 2.22471E-5 2.3117E-5 2.42091E-5 2.53879E-5 2.7283E-5 2.8301E-5 2.90571E-5 2.98203E-5 3.05633E-5 3.13931E-5 3.22153E-5 3.33223E-5 3.33065E-5 3.08171E-5 3.19219E-5 3.24915E-5 3.22842E-5 3.23741E-5 3.23176E-5 3.33758E-5 3.36133E-5 3.44395E-5 3.74725E-5 3.9198E-5 3.87762E-5 3.9465E-5 3.83555E-5 3.89734E-5 4.09623E-5 4.43851E-5 4.64862E-5 4.68193E-5 4.72395E-5 4.76064E-5 4.79923E-5 4.81526E-5 4.77958E-5 4.58554E-5 5.02849E-5 4.85922E-5 4.33265E-5 4.15045E-5 4.0633E-5 3.97755E-5 3.87642E-5 5.42881E-5 5.36253E-5 5.29143E-5 5.21254E-5 5.12398E-5 5.00054E-5 4.95801E-5 4.93699E-5 4.89076E-5 4.76651E-5 4.52184E-5 4.6231E-5 4.80795E-5 4.98203E-5
4.58595E-5 4.25891E-5 3.90558E-5 3.7252E-5 3.3693E-5 2.50347E-5 2.39357E-5 2.26669E-5 2.36557E-5 2.47719E-5 2.59511E-5 2.79659E-5 2.90857E-5 3.00313E-5 3.10474E-5 3.22814E-5 3.35866E-5 3.46923E-5 3.91406E-5 3.86243E-5 3.7273E-5 3.28914E-5 3.20371E-5 3.16697E-5 3.16079E-5 3.17446E-5 3.2517E-5 3.27434E-5 3.3995E-5 3.58606E-5 3.66869E-5 3.65917E-5 3.81667E-5 3.9676E-5 4.19091E-5 4.47097E-5 4.72348E-5 4.71203E-5 4.75584E-5 4.77426E-5 4.75898E-5 4.74012E-5 4.72055E-5 4.63244E-5 4.3832E-5 4.83485E-5 4.56521E-5 4.12714E-5 4.0242E-5 3.9405E-5 3.87963E-5 5.46637E-5 5.34346E-5 5.20411E-5 5.09473E-5 5.01156E-5 4.91286E-5 4.80044E-5 4.69909E-5 4.67306E-5 4.64217E-5 4.42016E-5 4.5448E-5 4.74863E-5 4.92533E-5 5.07573E-5
3.90881E-5 3.66574E-5 3.47738E-5 3.28808E-5 3.20948E-5 2.59649E-5 2.29431E-5 2.31639E-5 2.4083E-5 2.5178E-5 2.65384E-5 2.89311E-5 3.05947E-5 3.22594E-5 3.36062E-5 3.49118E-5 3.65465E-5 3.89966E-5 3.96886E-5 4.06407E-5 4.07721E-5 4.03628E-5 4.04154E-5 3.98516E-5 3.98803E-5 4.04943E-5 4.13123E-5 4.01991E-5 4.011E-5 4.22347E-5 4.30656E-5 4.2365E-5 4.23676E-5 4.41343E-5 4.50923E-5 4.68188E-5 4.65192E-5 4.68369E-5 4.6536E-5 4.59998E-5 4.63148E-5 4.57302E-5 4.55835E-5 4.39958E-5 4.09495E-5 4.57168E-5 4.46091E-5 3.9743E-5 3.91683E-5 3.86179E-5 5.46206E-5 5.35939E-5 5.2286E-5 5.09006E-5 4.93407E-5 4.78469E-5 4.6852E-5 4.57912E-5 4.4567E-5 4.43174E-5 4.58042E-5 4.51512E-5 4.6937E-5 4.88061E-5 3.58005E-5 3.70405E-5
3.52996E-5 3.37571E-5 3.40179E-5 3.39748E-5 2.89792E-5 2.65843E-5 2.46132E-5 2.31455E-5 2.4218E-5 2.54888E-5 2.71888E-5 2.95268E-5 3.15057E-5 3.34394E-5 3.5736E-5 3.92229E-5 3.92355E-5 3.84722E-5 3.9725E-5 4.01627E-5 4.07393E-5 4.18848E-5 4.24039E-5 4.27721E-5 4.30607E-5 4.35152E-5 4.37583E-5 4.38692E-5 4.39451E-5 4.40741E-5 4.37705E-5 4.23062E-5 4.32371E-5 4.33833E-5 4.61015E-5 4.69276E-5 4.59568E-5 4.46726E-5 4.51556E-5 4.50317E-5 4.4995E-5 4.33546E-5 4.1561E-5 4.01294E-5 3.93272E-5 4.41734E-5 4.3285E-5 3.9005E-5 3.85945E-5 5.42867E-5 5.31955E-5 5.20691E-5 5.09284E-5 4.95577E-5 4.80565E-5 4.61036E-5 4.43672E-5 4.35347E-5 4.31837E-5 4.56891E-5 4.70767E-5 4.66746E-5 3.42805E-5 3.56413E-5 3.69358E-5 3.82298E-5
3.47819E-5 3.16831E-5 3.33057E-5 3.37674E-5 3.10293E-5 3.21213E-5 2.39838E-5 2.30267E-5 2.42298E-5 2.56519E-5 2.69879E-5 2.93895E-5 3.1155E-5 3.36448E-5 3.71932E-5 3.82956E-5 3.93117E-5 3.96966E-5 4.10287E-5 4.0183E-5 3.97195E-5 4.04699E-5 4.16762E-5 4.29775E-5 4.29074E-5 4.27969E-5 4.29216E-5 4.35502E-5 4.39898E-5 4.38137E-5 4.38757E-5 4.2978E-5 4.17739E-5 4.22424E-5 4.51803E-5 4.56516E-5 4.43076E-5 4.43779E-5 4.43796E-5 4.43032E-5 4.26595E-5 4.07402E-5 3.93544E-5 3.87786E-5 3.85471E-5 4.34365E-5 4.28766E-5 3.8393E-5 3.78869E-5 5.33359E-5 5.1955E-5 5.06326E-5 4.94028E-5 4.80637E-5 4.66305E-5 4.47014E-5 4.27174E-5 4.21011E-5 4.45802E-5 4.60957E-5 3.26682E-5 3.40973E-5 3.55094E-5 3.6844E-5 3.82665E-5 3.92108E-5
3.09335E-5 2.98324E-5 3.292E-5 3.30967E-5 3.10776E-5 3.48244E-5 2.57125E-5 2.31801E-5 2.42006E-5 2.55899E-5 2.78777E-5 3.11976E-5 3.46697E-5 3.63201E-5 3.78061E-5 3.98423E-5 4.03324E-5 4.0322E-5 4.06126E-5 4.18643E-5 4.10564E-5 4.07645E-5 4.07253E-5 4.18442E-5 4.25913E-5 4.33247E-5 4.39422E-5 4.36104E-5 4.31089E-5 4.38471E-5 4.23096E-5 4.00533E-5 4.14152E-5 4.25369E-5 4.32336E-5 4.3187E-5 4.29112E-5 4.28627E-5 4.35184E-5 4.26889E-5 4.07085E-5 3.92073E-5 3.85537E-5 3.83857E-5 3.82996E-5 4.3151E-5 4.24452E-5 3.84001E-5 5.30119E-5 5.20204E-5 5.07614E-5 4.93578E-5 4.80042E-5 4.66331E-5 4.50507E-5 4.3268E-5 4.1255E-5 4.34795E-5 3.11629E-5 3.20545E-5 3.3865E-5 3.54915E-5 3.69308E-5 3.8226E-5 3.92631E-5 6.8334E-5
2.58451E-5 2.99273E-5 3.34149E-5 3.17733E-5 3.3629E-5 3.27299E-5 2.73774E-5 2.42051E-5 2.42226E-5 2.66273E-5 3.13267E-5 3.34867E-5 3.53767E-5 3.71672E-5 3.87137E-5 3.96435E-5 4.0777E-5 4.27017E-5 4.35924E-5 4.43003E-5 4.4236E-5 4.3652E-5 4.2831E-5 4.2606E-5 4.36693E-5 4.40786E-5 4.47721E-5 4.32408E-5 4.21482E-5 4.21651E-5 4.13965E-5 4.02404E-5 4.00529E-5 4.03742E-5 4.14521E-5 4.21307E-5 4.19671E-5 4.27935E-5 4.16303E-5 4.09446E-5 3.91967E-5 3.82993E-5 3.80277E-5 3.79961E-5 4.27987E-5 4.24968E-5 4.1812E-5 5.71671E-5 5.16861E-5 5.08553E-5 4.95372E-5 4.82606E-5 4.6931E-5 4.5172E-5 4.33272E-5 4.14547E-5 2.98237E-5 3.08337E-5 3.14934E-5 3.31662E-5 3.49736E-5 3.65576E-5 3.79908E-5 3.91697E-5 6.8611E-5 7.31176E-5
2.63877E-5 2.89539E-5 3.03184E-5 2.96683E-5 3.38525E-5 3.28314E-5 3.25047E-5 2.66414E-5 2.41122E-5 2.60119E-5 3.18909E-5 3.34881E-5 3.52885E-5 3.67618E-5 3.77238E-5 3.86746E-5 4.03289E-5 4.31103E-5 4.27777E-5 4.26109E-5 4.28085E-5 4.35878E-5 4.40365E-5 4.43779E-5 4.58037E-5 4.44317E-5 4.33308E-5 4.19432E-5 4.18965E-5 4.20029E-5 3.98483E-5 3.95798E-5 3.93027E-5 3.92813E-5 3.8291E-5 3.80458E-5 3.81559E-5 3.95043E-5 4.01587E-5 3.91687E-5 3.60519E-5 3.36982E-5 3.67765E-5 3.74149E-5 4.20564E-5 4.14959E-5 5.84675E-5 5.74636E-5 5.0431E-5 4.91363E-5 4.81E-5 4.69259E-5 4.54485E-5 4.35526E-5 2.96638E-5 2.95264E-5 3.04654E-5 3.09549E-5 3.22607E-5 3.40393E-5 3.58832E-5 3.7481E-5 3.89641E-5 6.81945E-5 7.04859E-5 7.21423E-5
2.80482E-5 2.78853E-5 2.99292E-5 3.21369E-5 3.32438E-5 3.30387E-5 3.47376E-5 3.13576E-5 2.52613E-5 2.95632E-5 3.30789E-5 3.47198E-5 3.60849E-5 3.71912E-5 3.85983E-5 3.98871E-5 4.18489E-5 4.37024E-5 4.34388E-5 4.28924E-5 4.35032E-5 4.43619E-5 4.45825E-5 4.45428E-5 4.13787E-5 4.07707E-5 4.02555E-5 4.14117E-5 4.15372E-5 3.94775E-5 3.93232E-5 3.95061E-5 3.88951E-5 3.74553E-5 3.64296E-5 3.53942E-5 3.59405E-5 3.74058E-5 3.70013E-5 3.23812E-5 3.1004E-5 3.09191E-5 3.08366E-5 3.55964E-5 4.11653E-5 5.82201E-5 5.69486E-5 5.58211E-5 5.12118E-5 4.7072E-5 4.62548E-5 4.54851E-5 3.20994E-5 3.20307E-5 3.19263E-5 3.17201E-5 3.10834E-5 3.11665E-5 3.27397E-5 3.4532E-5 3.64212E-5 6.46115E-5 6.71938E-5 6.93056E-5 7.1102E-5 7.33328E-5
2.94302E-5 3.02637E-5 3.27551E-5 3.60291E-5 3.48967E-5 3.36852E-5 3.7545E-5 4.28856E-5 2.95641E-5 3.10936E-5 3.2042E-5 3.35874E-5 3.553E-5 3.76579E-5 3.89605E-5 3.9959E-5 4.09441E-5 4.34364E-5 4.40992E-5 4.41257E-5 4.43511E-5 4.46413E-5 4.43599E-5 4.15455E-5 3.98337E-5 3.97972E-5 3.87741E-5 3.86091E-5 3.86779E-5 3.85085E-5 3.85297E-5 3.86002E-5 3.69152E-5 3.51492E-5 3.43373E-5 3.4351E-5 3.41347E-5 3.38169E-5 2.99068E-5 2.95772E-5 2.91697E-5 2.91446E-5 3.41795E-5 5.3581E-5 6.91594E-5 6.7689E-5 6.60199E-5 6.435E-5 6.11885E-5 5.62705E-5 5.49062E-5 5.44758E-5 5.39772E-5 5.36818E-5 5.38214E-5 5.36617E-5 5.4516E-5 5.57977E-5 5.72305E-5 5.8997E-5 3.20284E-5 3.35498E-5 6.77175E-5 7.01135E-5 7.2317E-5 7.56744E-5
2.94477E-5 3.14476E-5 3.25727E-5 3.38567E-5 3.42976E-5 3.67325E-5 4.08153E-5 3.68672E-5 2.8022E-5 3.00061E-5 3.0978E-5 3.29625E-5 3.53119E-5 3.69875E-5 3.80348E-5 3.88851E-5 4.03541E-5 4.19452E-5 4.38731E-5 4.31251E-5 4.35798E-5 4.52831E-5 4.46148E-5 4.04359E-5 3.93344E-5 3.82188E-5 3.82652E-5 3.79407E-5 3.74122E-5 3.70401E-5 3.70358E-5 3.74367E-5 3.47821E-5 3.35786E-5 3.34554E-5 3.369E-5 3.36972E-5 3.02382E-5 2.9727E-5 2.92954E-5 2.88469E-5 2.85453E-5 4.80408E-5 4.72106E-5 6.60934E-5 6.69205E-5 6.64675E-5 6.21833E-5 5.58741E-5 5.58296E-5 5.6167E-5 5.60352E-5 5.60463E-5 5.61193E-5 5.64863E-5 5.65551E-5 5.75368E-5 5.88801E-5 3.11864E-5 6.19053E-5 6.28508E-5 6.53537E-5 6.80231E-5 7.11416E-5 7.37349E-5 7.73285E-5
3.34565E-5 3.34223E-5 3.5443E-5 3.65375E-5 4.01603E-5 4.60424E-5 3.9914E-5 3.03595E-5 2.9779E-5 3.06778E-5 3.29515E-5 3.42509E-5 3.5898E-5 3.71062E-5 3.82874E-5 3.93875E-5 4.08735E-5 4.21557E-5 4.23088E-5 3.80747E-5 4.06432E-5 4.49265E-5 4.09016E-5 3.95146E-5 3.82751E-5 3.74563E-5 3.67706E-5 3.6344E-5 3.54443E-5 3.47143E-5 3.88526E-5 3.47385E-5 3.29219E-5 3.26061E-5 3.27516E-5 3.29888E-5 3.22126E-5 2.94257E-5 2.92806E-5 2.88803E-5 2.83078E-5 3.28637E-5 3.23002E-5 4.65097E-5 5.66426E-5 5.77693E-5 5.80486E-5 5.8318E-5 5.85885E-5 5.87945E-5 5.88454E-5 5.85052E-5 5.89475E-5 5.89616E-5 5.89723E-5 5.92092E-5 6.05939E-5 6.21445E-5 6.40041E-5 6.51285E-5 6.62452E-5 6.70349E-5 6.8474E-5 7.1674E-5 7.42353E-5 7.7712E-5
3.26629E-5 3.69109E-5 3.96849E-5 4.31762E-5 5.14473E-5 4.97816E-5 3.41956E-5 3.10627E-5 3.11113E-5 3.21558E-5 3.4826E-5 3.58044E-5 3.6731E-5 3.78944E-5 3.92036E-5 4.03133E-5 4.22891E-5 3.88046E-5 3.77216E-5 3.87949E-5 3.96488E-5 3.80087E-5 3.82554E-5 3.85454E-5 3.80752E-5 3.67647E-5 3.53513E-5 3.44757E-5 3.36017E-5 3.30648E-5 3.27463E-5 3.20776E-5 3.16396E-5 3.16918E-5 3.18728E-5 3.21139E-5 2.94254E-5 2.87502E-5 2.85569E-5 2.81627E-5 3.2665E-5 3.19336E-5 3.29412E-5 5.80404E-5 5.91597E-5 6.00003E-5 6.08319E-5 6.12957E-5 6.13689E-5 6.14198E-5 6.15031E-5 6.13151E-5 6.1695E-5 3.66147E-5 6.19047E-5 6.23968E-5 6.42541E-5 6.60515E-5 6.79122E-5 6.90221E-5 6.91784E-5 6.99138E-5 7.06377E-5 7.22749E-5 7.45218E-5 7.68956E-5
3.29848E-5 3.65361E-5 3.96467E-5 4.40169E-5 5.97713E-5 4.57847E-5 3.37833E-5 3.21002E-5 3.28228E-5 3.55034E-5 3.59924E-5 3.65824E-5 3.76225E-5 3.86956E-5 3.97202E-5 4.09683E-5 4.13207E-5 3.74427E-5 3.83409E-5 3.93837E-5 3.77771E-5 3.73243E-5 3.76409E-5 3.82596E-5 3.80394E-5 3.6553E-5 3.43327E-5 3.30618E-5 3.24656E-5 3.20072E-5 3.12772E-5 3.08359E-5 3.05525E-5 3.08237E-5 3.09379E-5 2.83858E-5 2.77851E-5 2.7894E-5 2.77205E-5 3.22648E-5 3.18159E-5 3.34028E-5 3.48789E-5 6.16972E-5 6.25442E-5 6.31721E-5 6.39287E-5 6.41217E-5 6.40195E-5 6.48739E-5 3.84078E-5 3.80989E-5 6.48244E-5 6.50083E-5 6.53726E-5 6.63799E-5 6.8816E-5 7.10081E-5 7.20891E-5 7.346E-5 7.29341E-5 7.29139E-5 7.49244E-5 7.61098E-5 7.625E-5 7.61812E-5
3.24172E-5 3.43953E-5 3.6716E-5 4.17327E-5 5.11634E-5 3.73909E-5 3.15826E-5 3.27561E-5 3.3561E-5 3.64638E-5 3.70614E-5 3.7637E-5 3.8712E-5 3.96763E-5 4.03867E-5 4.09533E-5 4.11798E-5 3.81436E-5 3.92585E-5 3.92011E-5 3.72727E-5 3.66307E-5 3.65063E-5 3.75203E-5 3.68843E-5 3.5619E-5 3.36157E-5 3.23356E-5 3.16304E-5 3.1112E-5 3.04799E-5 2.99317E-5 2.96126E-5 2.97978E-5 2.77522E-5 2.66273E-5 2.68774E-5 2.69416E-5 2.67424E-5 3.1829E-5 3.37336E-5 3.56831E-5 3.73801E-5 6.6083E-5 6.69885E-5 6.74089E-5 6.77071E-5 3.98613E-5 3.96595E-5 3.97929E-5 6.71431E-5 6.70076E-5 6.71945E-5 6.80057E-5 6.91701E-5 7.04436E-5 7.36063E-5 7.50253E-5 7.55095E-5 7.80738E-5 7.93448E-5 7.90114E-5 7.95313E-5 8.04706E-5 7.9295E-5 7.90807E-5
3.33205E-5 3.38136E-5 3.46351E-5 4.20441E-5 4.47482E-5 3.35876E-5 2.94181E-5 2.89291E-5 2.96943E-5 3.37724E-5 3.75863E-5 3.89424E-5 3.91353E-5 4.09322E-5 4.11301E-5 4.03236E-5 3.61454E-5 3.80032E-5 3.86345E-5 3.72483E-5 3.72251E-5 3.53025E-5 3.49819E-5 3.73725E-5 3.59522E-5 3.54117E-5 3.30186E-5 3.18135E-5 3.1136E-5 3.03511E-5 2.97942E-5 2.91538E-5 2.9366E-5 2.57946E-5 2.53835E-5 2.55546E-5 2.57083E-5 2.58999E-5 3.16071E-5 3.36397E-5 3.59818E-5 3.81903E-5 4.00674E-5 7.0486E-5 7.09561E-5 7.14983E-5 4.21714E-5 4.14702E-5 6.94328E-5 6.95082E-5 6.88491E-5 6.87191E-5 6.99946E-5 7.1378E-5 7.32481E-5 7.47279E-5 7.88167E-5 8.06152E-5 8.17421E-5 8.37496E-5 8.49986E-5 8.40218E-5 8.33034E-5 8.36383E-5 8.3362E-5 8.31121E-5
3.69739E-5 3.58068E-5 3.59009E-5 4.73261E-5 4.81261E-5 3.38866E-5 2.96358E-5 2.88068E-5 2.94465E-5 3.1248E-5 3.35443E-5 3.51918E-5 3.65393E-5 4.17511E-5 4.11374E-5 3.93197E-5 3.76877E-5 3.85203E-5 3.71385E-5 3.71472E-5 3.7071E-5 3.48076E-5 3.43247E-5 3.4185E-5 3.4835E-5 3.49056E-5 3.24398E-5 3.11866E-5 3.06293E-5 2.98788E-5 2.90325E-5 2.82515E-5 2.44339E-5 2.40488E-5 2.41893E-5 2.43705E-5 2.45238E-5 3.04908E-5 3.29753E-5 3.54252E-5 3.77636E-5 4.01617E-5 4.18644E-5 7.38358E-5 7.54581E-5 4.368E-5 7.49121E-5 7.3425E-5 7.24196E-5 7.21141E-5 7.21069E-5 7.27026E-5 7.3596E-5 7.60127E-5 7.77968E-5 7.95708E-5 8.36325E-5 8.58054E-5 8.64978E-5 8.68516E-5 8.87583E-5 8.70614E-5 8.59726E-5 8.61515E-5 8.70106E-5 8.63411E-5
3.8506E-5 3.90189E-5 3.77062E-5 4.40887E-5 5.27156E-5 3.27577E-5 2.83637E-5 2.90371E-5 2.97891E-5 3.13687E-5 3.40009E-5 3.56821E-5 3.65971E-5 3.81002E-5 4.48658E-5 4.65288E-5 4.7489E-5 4.79711E-5 3.88326E-5 3.66556E-5 3.67386E-5 3.35691E-5 3.273E-5 3.24237E-5 3.2948E-5 3.2286E-5 3.01487E-5 2.91507E-5 2.8498E-5 2.85026E-5 2.83981E-5 2.44292E-5 2.35676E-5 2.27626E-5 2.28143E-5 2.30631E-5 2.92929E-5 3.11906E-5 3.35185E-5 3.61746E-5 3.87726E-5 4.1096E-5 4.29644E-5 7.57679E-5 7.68217E-5 7.9542E-5 7.66687E-5 7.66039E-5 7.58016E-5 7.52434E-5 7.57146E-5 7.6644E-5 7.82982E-5 7.98941E-5 8.0715E-5 8.25778E-5 8.52701E-5 8.58177E-5 8.72193E-5 8.86459E-5 9.00361E-5 9.09613E-5 9.01211E-5 9.01458E-5 9.03081E-5 8.95687E-5
3.58048E-5 3.75253E-5 3.64595E-5 4.19463E-5 4.95479E-5 3.30354E-5 2.86725E-5 2.93386E-5 3.04001E-5 3.20046E-5 3.4786E-5 3.64352E-5 3.70922E-5 4.36628E-5 4.69415E-5 4.7861E-5 4.82521E-5 4.591E-5 4.15037E-5 3.62937E-5 3.5227E-5 3.16999E-5 3.13044E-5 3.18231E-5 3.28266E-5 3.09338E-5 2.95806E-5 2.85929E-5 2.78383E-5 2.70676E-5 2.5947E-5 2.34994E-5 2.26171E-5 2.17431E-5 2.18123E-5 2.33676E-5 2.96832E-5 3.16557E-5 3.38492E-5 3.64637E-5 3.88351E-5 4.08899E-5 4.3201E-5 7.69388E-5 7.76609E-5 7.79938E-5 8.07315E-5 8.10881E-5 7.82584E-5 7.8034E-5 8.05689E-5 7.96643E-5 8.1301E-5 8.2173E-5 8.22876E-5 8.41887E-5 8.59657E-5 8.64269E-5 8.73302E-5 9.00354E-5 9.18371E-5 9.35476E-5 9.30353E-5 9.39218E-5 9.40229E-5 9.28281E-5
3.53992E-5 3.89833E-5 3.93007E-5 3.93974E-5 4.10465E-5 3.33873E-5 2.98601E-5 3.0086E-5 3.10727E-5 3.24444E-5 3.44907E-5 3.62946E-5 3.74664E-5 4.47179E-5 4.81343E-5 4.83262E-5 4.81212E-5 4.58669E-5 3.81062E-5 3.59451E-5 3.29948E-5 3.10377E-5 3.09078E-5 3.20741E-5 3.28762E-5 2.96433E-5 2.86199E-5 2.78251E-5 2.71412E-5 2.63488E-5 2.42053E-5 2.27232E-5 2.1854E-5 2.10532E-5 2.60572E-5 2.76834E-5 2.97797E-5 3.19612E-5 3.40749E-5 3.65618E-5 3.88953E-5 4.08296E-5 4.32361E-5 4.41566E-5 7.95504E-5 8.50362E-5 8.6397E-5 8.38132E-5 8.23156E-5 8.2761E-5 8.1746E-5 8.26231E-5 8.33889E-5 8.47985E-5 8.49203E-5 8.58052E-5 8.76447E-5 8.84322E-5 8.89629E-5 9.14948E-5 9.19048E-5 9.3106E-5 9.39E-5 9.53298E-5 9.72522E-5 9.73247E-5
3.6636E-5 3.85517E-5 3.99009E-5 4.3273E-5 3.95805E-5 3.15738E-5 3.06308E-5 3.07486E-5 3.12194E-5 3.21735E-5 3.39062E-5 3.61085E-5 4.021E-5 4.72421E-5 4.80949E-5 4.85056E-5 4.81718E-5 3.93487E-5 3.57362E-5 3.37086E-5 3.15706E-5 3.07825E-5 3.07609E-5 3.21829E-5 3.27245E-5 2.9213E-5 2.77327E-5 2.70276E-5 2.63641E-5 2.55392E-5 2.32274E-5 2.2075E-5 2.11704E-5 2.4628E-5 2.63295E-5 2.80301E-5 2.99903E-5 3.22156E-5 3.44155E-5 3.68085E-5 3.91608E-5 4.11726E-5 6.17163E-5 7.8787E-5 8.33236E-5 8.78866E-5 8.79243E-5 8.50126E-5 8.50644E-5 8.57635E-5 8.4875E-5 8.49496E-5 8.70167E-5 8.86979E-5 8.83708E-5 8.82115E-5 8.8893E-5 8.79506E-5 8.76066E-5 9.00479E-5 9.24278E-5 9.25542E-5 9.27449E-5 9.49256E-5 9.68388E-5 9.8857E-5
3.69622E-5 3.73649E-5 3.62998E-5 4.28183E-5 4.12038E-5 3.25704E-5 3.03163E-5 3.08025E-5 3.1404E-5 3.23245E-5 3.33488E-5 3.51591E-5 4.50788E-5 4.75457E-5 4.84608E-5 4.89116E-5 4.62949E-5 3.57196E-5 3.34081E-5 3.19934E-5 3.10057E-5 3.06818E-5 3.06764E-5 3.23834E-5 3.26699E-5 2.9141E-5 2.78695E-5 2.68217E-5 2.56829E-5 2.47986E-5 2.24883E-5 2.52206E-5 2.42124E-5 2.4882E-5 2.66339E-5 2.82931E-5 3.01459E-5 3.24252E-5 3.47476E-5 3.71578E-5 3.96403E-5 3.5263E-5 6.2507E-5 8.2092E-5 8.80205E-5 9.16046E-5 9.10295E-5 8.93491E-5 8.85508E-5 8.7354E-5 8.66042E-5 8.75247E-5 8.98225E-5 9.1694E-5 9.05047E-5 8.93981E-5 8.8173E-5 8.70246E-5 8.75172E-5 9.07822E-5 9.06305E-5 9.15921E-5 9.26054E-5 9.35177E-5 9.54902E-5 5.31254E-5
