catData/rasterBestHybridModels/Fchaus/RD_RM2_LQ/Fchaus_min.asc
ncols         409
nrows         350
xllcorner     60.897278365
yllcorner     5.843756025
cellsize      0.0892857
NODATA_value  -9999
[rows 261 to 289 of 350, columns 132 to 197 of 409]
-9999 -9999 -9999 -9999 -9999 -9999 -9999 -9999 -9999 -9999 -9999 -9999 -9999 -9999 -9999 -9999 -9999 -9999 -9999 -9999 -9999 -9999 7.75824E-5 1.44555E-4 2.06553E-4 9.58199E-6 1.05856E-5 2.37621E-4 3.05748E-4 1.09198E-4 1.58743E-4 3.35415E-4 6.49166E-4 1.97228E-4 2.13197E-4 6.85252E-5 7.05341E-5 4.66248E-5 4.45431E-5 4.16042E-5 2.6208E-5 2.5246E-5 2.46948E-5 2.33697E-5 2.16627E-5 9.75238E-5 1.02246E-4 1.00334E-4 1.06412E-4 1.12601E-4 1.1611E-4 1.14865E-4 1.12948E-4 1.48889E-4 1.23199E-4 1.20935E-4 1.13169E-4 1.09658E-4 1.10496E-4 1.10194E-4 1.06299E-4 1.0317E-4 1.01565E-4 1.01562E-4 1.01004E-4 1.02648E-4
-9999 -9999 -9999 -9999 -9999 -9999 -9999 -9999 -9999 -9999 -9999 -9999 -9999 -9999 -9999 -9999 -9999 -9999 -9999 -9999 -9999 -9999 4.33812E-5 8.98104E-5 1.74819E-4 6.49922E-5 1.43854E-9 9.98997E-5 3.56175E-4 4.57397E-4 8.65661E-4 3.19584E-4 1.27773E-4 6.557E-4 4.73437E-4 1.74969E-4 4.84176E-5 4.72408E-5 4.54023E-5 4.29843E-5 2.59363E-5 2.52796E-5 2.49884E-5 2.54147E-5 2.46441E-5 1.08336E-4 1.06368E-4 1.06814E-4 1.11605E-4 1.27583E-4 1.30115E-4 1.16453E-4 1.18572E-4 1.21307E-4 1.21133E-4 1.25613E-4 1.22454E-4 1.18177E-4 1.16202E-4 1.16057E-4 1.17386E-4 1.10842E-4 1.08798E-4 1.24262E-4 1.14933E-4 1.19427E-4
-9999 -9999 -9999 -9999 -9999 -9999 -9999 -9999 -9999 -9999 -9999 -9999 -9999 -9999 -9999 -9999 -9999 -9999 -9999 -9999 -9999 -9999 3.73632E-5 6.76319E-5 1.77427E-4 1.07091E-4 3.60138E-5 1.06405E-4 5.35733E-4 4.49224E-4 8.18445E-4 1.09102E-4 1.5858E-4 1.1888E-3 4.34256E-4 3.09145E-4 9.67411E-5 4.91443E-5 4.58173E-5 4.60197E-5 2.78993E-5 2.72131E-5 2.70962E-5 2.67747E-5 2.75057E-5 1.31082E-4 1.13444E-4 1.12557E-4 1.17239E-4 1.35123E-4 1.41489E-4 1.30181E-4 1.22248E-4 1.22842E-4 1.26169E-4 1.49153E-4 1.33474E-4 1.29387E-4 1.26718E-4 1.26035E-4 1.24485E-4 1.20359E-4 1.14552E-4 1.20879E-4 1.52442E-4 1.40396E-4
-9999 -9999 -9999 -9999 -9999 -9999 -9999 -9999 -9999 -9999 -9999 -9999 -9999 -9999 -9999 -9999 -9999 -9999 -9999 -9999 -9999 -9999 5.52621E-5 6.75978E-5 1.09724E-4 1.03184E-4 1.78259E-4 1.07815E-4 1.05622E-4 5.76241E-4 3.4815E-4 8.77885E-4 4.27929E-4 2.11914E-3 3.46427E-4 9.26623E-4 7.49328E-5 4.81914E-5 4.68461E-5 4.81199E-5 5.00091E-5 2.9915E-5 2.85042E-5 2.82817E-5 2.85411E-5 1.18186E-4 1.20015E-4 1.22862E-4 1.51226E-4 1.5446E-4 1.29674E-4 1.36256E-4 1.36526E-4 1.2764E-4 1.29812E-4 1.89767E-4 1.61243E-4 1.33284E-4 1.30929E-4 1.31084E-4 1.30144E-4 1.27817E-4 1.197E-4 1.22357E-4 1.57941E-4 1.38845E-4
-9999 -9999 -9999 -9999 -9999 -9999 -9999 -9999 -9999 -9999 -9999 -9999 -9999 -9999 -9999 -9999 -9999 -9999 -9999 -9999 -9999 -9999 -9999 8.40705E-5 1.74689E-4 2.25053E-4 3.36162E-5 1.65353E-5 3.6294E-4 3.18238E-4 4.44864E-4 7.8925E-4 8.07823E-5 1.0164E-4 4.60144E-4 2.83965E-4 1.54107E-4 4.91113E-5 4.9468E-5 5.29663E-5 5.88611E-5 3.18156E-5 3.08575E-5 3.05264E-5 3.116E-5 1.22259E-4 1.36826E-4 1.32538E-4 1.99531E-4 1.72909E-4 2.03992E-4 1.31839E-4 1.35225E-4 1.96536E-4 1.398E-4 1.57382E-4 1.44329E-4 1.32934E-4 1.32264E-4 1.33907E-4 1.32508E-4 1.22571E-4 1.22647E-4 1.21535E-4 1.37538E-4 1.17676E-4
-9999 -9999 -9999 -9999 -9999 -9999 -9999 -9999 -9999 -9999 -9999 -9999 -9999 -9999 -9999 -9999 -9999 -9999 -9999 -9999 -9999 -9999 -9999 7.55406E-5 1.9138E-4 1.18885E-4 4.6195E-5 2.28211E-5 1.14621E-4 1.06389E-4 2.69051E-4 1.17644E-3 9.59876E-4 1.67304E-4 2.32905E-4 1.47543E-4 1.4056E-4 5.03537E-5 5.52031E-5 5.35648E-5 5.4944E-5 5.47443E-5 3.29714E-5 3.21772E-5 4.12779E-5 1.28552E-4 1.29942E-4 1.36007E-4 1.68333E-4 1.93816E-4 2.041E-4 1.46815E-4 1.40675E-4 1.40558E-4 1.41149E-4 1.46722E-4 1.46465E-4 1.33264E-4 1.33329E-4 1.37351E-4 1.3562E-4 1.22592E-4 1.2244E-4 1.23249E-4 1.19997E-4 1.22379E-4
-9999 -9999 -9999 -9999 -9999 -9999 -9999 -9999 -9999 -9999 -9999 -9999 -9999 -9999 -9999 -9999 -9999 -9999 -9999 -9999 -9999 -9999 -9999 7.18014E-5 7.21246E-5 6.71471E-5 7.65665E-5 2.62232E-5 1.28422E-6 1.18336E-3 9.73112E-5 5.8812E-4 5.38972E-4 8.49484E-5 9.10033E-5 1.42684E-4 1.46449E-4 5.61965E-5 5.81946E-5 5.86578E-5 5.88946E-5 6.62047E-5 4.10033E-5 4.92475E-5 4.42442E-5 1.55357E-4 1.32172E-4 1.21405E-4 1.60874E-4 1.56683E-4 1.70567E-4 1.43573E-4 1.50893E-4 1.88265E-4 2.09709E-4 1.77017E-4 1.47002E-4 1.4295E-4 1.4254E-4 1.44194E-4 1.43834E-4 1.44117E-4 1.28917E-4 1.26749E-4 1.2215E-4 1.17617E-4
-9999 -9999 -9999 -9999 -9999 -9999 -9999 -9999 -9999 -9999 -9999 -9999 -9999 -9999 -9999 -9999 -9999 -9999 -9999 -9999 -9999 -9999 -9999 7.88822E-5 9.58688E-5 9.71755E-5 8.09253E-5 6.24926E-5 2.33725E-4 9.9514E-5 1.95312E-4 1.03284E-4 9.92682E-4 1.08563E-4 8.32101E-5 1.8115E-4 1.601E-4 1.72904E-4 6.65289E-5 6.49364E-5 5.7704E-5 6.85626E-5 5.22152E-5 4.37741E-5 3.48958E-5 1.4175E-4 1.23594E-4 1.19565E-4 1.34556E-4 1.44345E-4 1.35855E-4 1.37614E-4 1.54961E-4 2.62128E-4 3.20163E-4 2.52309E-4 2.02337E-4 1.43546E-4 1.4223E-4 1.45382E-4 1.46443E-4 1.44057E-4 1.36203E-4 1.2611E-4 1.22847E-4 2.79285E-5
-9999 -9999 -9999 -9999 -9999 -9999 -9999 -9999 -9999 -9999 -9999 -9999 -9999 -9999 -9999 -9999 -9999 -9999 -9999 -9999 -9999 -9999 -9999 -9999 2.28966E-4 1.17076E-4 1.25533E-4 1.07814E-4 2.06273E-5 5.88673E-5 1.67863E-4 4.28463E-5 7.26993E-4 3.81132E-4 1.40371E-4 1.82516E-4 1.66541E-4 1.97201E-4 6.28388E-5 6.21962E-5 5.87772E-5 5.91583E-5 7.00149E-5 3.38529E-5 3.79847E-5 1.31289E-4 1.19282E-4 1.19157E-4 1.6461E-4 1.28928E-4 1.29978E-4 1.32118E-4 1.89639E-4 2.47518E-4 2.5218E-4 2.6813E-4 2.69099E-4 1.44129E-4 1.3799E-4 1.37229E-4 1.43328E-4 1.53715E-4 1.51219E-4 1.41514E-4 1.28649E-4 3.75393E-5
-9999 -9999 -9999 -9999 -9999 -9999 -9999 -9999 -9999 -9999 -9999 -9999 -9999 -9999 -9999 -9999 -9999 -9999 -9999 -9999 -9999 -9999 -9999 -9999 1.44298E-4 2.159E-4 2.63769E-4 2.29857E-4 2.4512E-5 9.82417E-5 1.1831E-4 8.66736E-5 2.06823E-4 4.61388E-4 1.15334E-4 1.04733E-4 2.11971E-4 1.79314E-4 2.09251E-4 6.12532E-5 6.15622E-5 8.65387E-5 6.57094E-5 3.72234E-5 4.41143E-5 1.26952E-4 1.14791E-4 1.20054E-4 1.19418E-4 1.26325E-4 1.33371E-4 1.83258E-4 2.75129E-4 2.79442E-4 2.70404E-4 2.54099E-4 2.94388E-4 1.46663E-4 1.36394E-4 1.35056E-4 1.3611E-4 1.53538E-4 1.5415E-4 1.49202E-4 3.10626E-5 4.65124E-5
-9999 -9999 -9999 -9999 -9999 -9999 -9999 -9999 -9999 -9999 -9999 -9999 -9999 -9999 -9999 -9999 -9999 -9999 -9999 -9999 -9999 -9999 -9999 -9999 1.53711E-4 1.64297E-4 1.55415E-4 1.94895E-4 1.01356E-4 1.12785E-4 7.73021E-5 7.17332E-5 2.41232E-4 1.26183E-4 2.84426E-4 3.02217E-4 6.97291E-5 1.85286E-4 2.06383E-4 5.91878E-5 9.17436E-5 2.96693E-4 8.47928E-5 3.93207E-5 3.5649E-5 1.19969E-4 1.20526E-4 1.31388E-4 1.19109E-4 1.26299E-4 1.29791E-4 1.52248E-4 1.80479E-4 3.73333E-4 3.21839E-4 2.60461E-4 1.65588E-4 1.51361E-4 1.39388E-4 1.34598E-4 1.59756E-4 1.68993E-4 1.38644E-4 1.24462E-4 3.01103E-5 4.83178E-5
-9999 -9999 -9999 -9999 -9999 -9999 -9999 -9999 -9999 -9999 -9999 -9999 -9999 -9999 -9999 -9999 -9999 -9999 -9999 -9999 -9999 -9999 -9999 -9999 1.08555E-4 1.11956E-4 2.28239E-4 3.41438E-4 1.73555E-4 1.89973E-5 3.62067E-4 8.99878E-5 1.14024E-4 1.30585E-4 1.56593E-4 1.74729E-4 2.84738E-4 5.75803E-5 1.72962E-4 1.81423E-4 5.62207E-5 7.03559E-5 6.25413E-5 6.46287E-5 3.05882E-5 1.19706E-4 1.2067E-4 1.40477E-4 1.37881E-4 1.72079E-4 2.02341E-4 2.01603E-4 1.74259E-4 2.04515E-4 2.17074E-4 1.64441E-4 1.64739E-4 1.42186E-4 1.39251E-4 1.37648E-4 1.5002E-4 1.79246E-4 2.09586E-4 2.9721E-5 5.11158E-5 5.22776E-5
-9999 -9999 -9999 -9999 -9999 -9999 -9999 -9999 -9999 -9999 -9999 -9999 -9999 -9999 -9999 -9999 -9999 -9999 -9999 -9999 -9999 -9999 -9999 -9999 -9999 1.51445E-4 1.93486E-4 4.36155E-4 2.04005E-4 3.88596E-5 4.11183E-5 1.32455E-4 1.04846E-4 1.47687E-4 2.15474E-4 1.20571E-4 2.56228E-4 1.43154E-4 5.8896E-5 1.69371E-4 5.61499E-5 6.12464E-5 8.15234E-5 7.43349E-5 4.18194E-5 1.45238E-4 1.77674E-4 2.06858E-4 1.96083E-4 2.46078E-4 2.19324E-4 3.2978E-4 1.95662E-4 1.20038E-4 1.58937E-4 2.961E-4 1.40882E-4 1.40789E-4 1.43755E-4 1.33779E-4 1.5082E-4 1.30701E-4 3.69006E-4 4.48839E-5 5.09584E-5 4.52895E-5
-9999 -9999 -9999 -9999 -9999 -9999 -9999 -9999 -9999 -9999 -9999 -9999 -9999 -9999 -9999 -9999 -9999 -9999 -9999 -9999 -9999 -9999 -9999 -9999 -9999 -9999 2.02856E-4 4.17184E-4 4.00417E-4 2.48106E-4 3.35662E-4 1.25589E-4 1.06866E-4 1.46465E-4 1.98318E-4 2.60544E-4 2.97955E-4 1.48243E-4 5.90192E-5 5.83115E-5 1.8808E-4 5.44894E-5 6.59765E-5 5.98732E-5 6.32765E-5 1.62168E-4 4.13078E-4 3.09126E-4 1.90484E-4 3.3353E-4 2.29111E-4 3.61817E-4 1.22333E-4 1.22791E-4 3.01043E-4 1.58448E-4 1.18969E-4 1.18889E-4 1.2686E-4 1.29986E-4 1.32908E-4 1.226E-4 3.31872E-5 4.42639E-5 3.27408E-5 4.00822E-5
-9999 -9999 -9999 -9999 -9999 -9999 -9999 -9999 -9999 -9999 -9999 -9999 -9999 -9999 -9999 -9999 -9999 -9999 -9999 -9999 -9999 -9999 -9999 -9999 -9999 -9999 2.1108E-4 3.24295E-4 2.28026E-4 1.25953E-4 2.14061E-4 8.68259E-5 7.8375E-5 1.03621E-4 2.06448E-4 2.74318E-4 1.43104E-4 1.30945E-4 1.34987E-4 5.98327E-5 1.98561E-4 5.95867E-5 5.18513E-5 5.50687E-5 7.48919E-5 5.40653E-5 2.38288E-4 4.75228E-4 1.84495E-4 1.78288E-4 2.44819E-4 1.73679E-4 1.23823E-4 1.31814E-4 2.58928E-4 2.46983E-4 1.16978E-4 1.23141E-4 1.12588E-4 1.20861E-4 1.29371E-4 1.19778E-4 2.74477E-5 2.7218E-5 3.6472E-5 3.39831E-5
-9999 -9999 -9999 -9999 -9999 -9999 -9999 -9999 -9999 -9999 -9999 -9999 -9999 -9999 -9999 -9999 -9999 -9999 -9999 -9999 -9999 -9999 -9999 -9999 -9999 -9999 -9999 2.41171E-4 1.11611E-4 9.98519E-5 1.39364E-4 9.717E-5 8.10193E-5 1.06159E-4 1.13301E-4 1.77649E-4 4.07875E-4 7.05486E-5 1.31664E-4 3.36388E-5 5.75693E-5 1.85874E-4 7.00881E-5 6.67619E-5 1.09693E-4 1.11404E-4 1.63757E-4 2.21617E-4 1.92324E-4 1.76854E-4 1.38577E-4 2.5178E-4 1.45743E-4 1.13716E-4 1.43934E-4 1.98238E-4 1.75312E-4 7.84901E-5 1.50567E-4 7.3746E-5 1.27138E-4 2.84951E-5 2.6979E-5 2.6809E-5 3.7888E-5 1.17066E-4
-9999 -9999 -9999 -9999 -9999 -9999 -9999 -9999 -9999 -9999 -9999 -9999 -9999 -9999 -9999 -9999 -9999 -9999 -9999 -9999 -9999 -9999 -9999 -9999 -9999 -9999 -9999 1.64057E-4 3.13068E-4 4.4759E-4 1.44858E-4 1.33849E-4 1.01033E-4 1.05514E-4 1.03912E-4 7.92024E-5 2.67572E-4 1.21027E-4 1.31897E-4 1.3358E-4 5.31433E-5 1.71897E-4 5.53173E-5 7.43489E-5 9.01029E-5 7.07847E-5 4.12523E-5 1.48012E-4 1.30845E-4 1.24896E-4 1.14235E-4 2.01329E-4 1.81839E-4 1.64511E-4 2.77209E-4 2.12705E-4 2.60014E-4 1.78908E-4 1.45897E-4 8.13801E-5 2.90588E-5 2.75419E-5 2.75145E-5 2.74666E-5 1.40843E-4 6.8007E-5
-9999 -9999 -9999 -9999 -9999 -9999 -9999 -9999 -9999 -9999 -9999 -9999 -9999 -9999 -9999 -9999 -9999 -9999 -9999 -9999 -9999 -9999 -9999 -9999 -9999 -9999 -9999 -9999 1.42011E-4 4.12141E-4 1.82404E-4 1.79875E-4 8.95226E-5 8.5488E-5 2.29104E-4 1.64485E-4 9.48125E-5 1.02286E-3 1.57613E-4 1.59448E-4 5.48871E-5 1.57201E-4 1.4204E-4 8.82835E-5 1.43182E-4 8.99383E-5 4.85501E-5 2.97238E-5 1.30045E-4 1.37599E-4 1.21895E-4 1.12359E-4 1.7865E-4 2.3275E-4 3.39706E-4 2.80213E-4 4.0784E-4 3.72151E-4 1.14724E-4 1.42945E-4 2.70045E-5 2.68948E-5 2.50197E-5 2.4115E-5 1.29354E-4 7.49845E-5
-9999 -9999 -9999 -9999 -9999 -9999 -9999 -9999 -9999 -9999 -9999 -9999 -9999 -9999 -9999 -9999 -9999 -9999 -9999 -9999 -9999 -9999 -9999 -9999 -9999 -9999 -9999 -9999 1.81437E-4 8.2117E-4 4.31337E-4 1.56031E-4 1.04248E-4 8.06638E-5 9.01103E-5 1.5301E-4 1.49212E-4 1.35055E-4 2.46848E-4 1.75698E-4 1.57167E-4 3.5682E-5 7.7465E-5 7.54151E-5 6.55501E-5 5.40829E-5 3.3076E-5 2.9528E-5 3.46595E-5 1.40665E-4 1.32624E-4 1.03743E-4 1.0667E-4 2.97563E-4 5.49132E-4 6.39209E-4 1.21276E-4 1.78551E-4 9.84623E-5 2.4429E-5 2.77027E-5 2.9147E-5 3.5858E-5 3.35816E-5 6.53364E-5 7.41678E-5
-9999 -9999 -9999 -9999 -9999 -9999 -9999 -9999 -9999 -9999 -9999 -9999 -9999 -9999 -9999 -9999 -9999 -9999 -9999 -9999 -9999 -9999 -9999 -9999 -9999 -9999 -9999 -9999 1.74811E-4 1.95366E-4 4.49831E-4 3.15436E-4 8.6282E-4 4.45735E-4 2.01899E-4 7.79495E-5 1.25083E-4 1.38781E-4 2.15848E-4 9.33665E-5 1.18299E-4 3.00201E-5 3.56247E-5 5.55044E-5 3.47742E-5 5.51838E-5 3.46886E-5 3.15304E-5 4.40004E-5 6.55184E-5 8.2525E-4 1.62502E-4 1.0754E-4 2.50737E-4 5.38447E-4 9.10341E-4 2.55799E-4 1.39906E-4 1.24161E-4 2.81353E-5 2.87082E-5 7.18209E-5 6.39368E-5 7.32669E-5 6.37536E-5 6.94769E-5
-9999 -9999 -9999 -9999 -9999 -9999 -9999 -9999 -9999 -9999 -9999 -9999 -9999 -9999 -9999 -9999 -9999 -9999 -9999 -9999 -9999 -9999 -9999 -9999 -9999 -9999 -9999 -9999 -9999 2.25431E-4 2.91055E-4 2.95499E-4 4.43314E-4 5.19954E-4 2.59024E-4 1.20553E-4 1.09944E-4 1.08618E-4 3.48359E-4 1.75727E-4 5.67068E-5 1.25511E-4 3.004E-5 3.7315E-5 4.89921E-5 1.25998E-4 1.30915E-4 1.40295E-4 3.11875E-4 3.81146E-4 1.0395E-4 4.23313E-4 5.42379E-4 7.41801E-4 4.57784E-4 3.76964E-4 1.73461E-4 1.05274E-4 1.23548E-4 5.11819E-5 6.87272E-5 1.00958E-4 2.21819E-4 9.0224E-5 9.0114E-5 1.22595E-4
-9999 -9999 -9999 -9999 -9999 -9999 -9999 -9999 -9999 -9999 -9999 -9999 -9999 -9999 -9999 -9999 -9999 -9999 -9999 -9999 -9999 -9999 -9999 -9999 -9999 -9999 -9999 -9999 -9999 -9999 2.31605E-4 1.86478E-4 3.9132E-4 7.64018E-5 2.81555E-4 1.24771E-4 1.35013E-4 1.3711E-4 2.40361E-4 2.29904E-4 8.61399E-5 1.01938E-4 2.59771E-4 3.68837E-4 2.93724E-5 1.19921E-4 6.96066E-5 1.62826E-4 4.0524E-4 1.29228E-3 2.09321E-4 4.64364E-4 6.08765E-4 7.60255E-4 2.1122E-4 2.40704E-4 1.29873E-4 1.08216E-4 2.49363E-5 4.27789E-5 2.16082E-4 4.51722E-4 1.87793E-4 1.30576E-4 1.15432E-4 1.2887E-4
-9999 -9999 -9999 -9999 -9999 -9999 -9999 -9999 -9999 -9999 -9999 -9999 -9999 -9999 -9999 -9999 -9999 -9999 -9999 -9999 -9999 -9999 -9999 -9999 -9999 -9999 -9999 -9999 -9999 -9999 -9999 1.31662E-4 1.24834E-4 3.84546E-4 3.73373E-4 1.2488E-4 1.69389E-4 1.42591E-4 1.21685E-4 1.14348E-4 1.58147E-4 9.34576E-4 1.40939E-3 2.82826E-4 1.23457E-4 3.30011E-5 6.60233E-5 1.2642E-4 1.7595E-4 3.85345E-4 1.47333E-4 2.86861E-4 1.61216E-4 5.13766E-5 4.85314E-5 5.81495E-5 3.85938E-5 2.88748E-5 4.07689E-5 1.41303E-4 2.41876E-4 2.50683E-4 1.92472E-4 1.62671E-4 2.20461E-4 2.30441E-4
-9999 -9999 -9999 -9999 -9999 -9999 -9999 -9999 -9999 -9999 -9999 -9999 -9999 -9999 -9999 -9999 -9999 -9999 -9999 -9999 -9999 -9999 -9999 -9999 -9999 -9999 -9999 -9999 -9999 -9999 -9999 -9999 1.97071E-4 2.58169E-4 2.40192E-4 2.43337E-4 1.79211E-4 1.28655E-4 1.10519E-4 1.01792E-4 2.28889E-4 3.00587E-4 5.0854E-4 1.0215E-3 2.39506E-4 1.30392E-4 4.53001E-4 1.73976E-4 3.5526E-4 1.65823E-4 1.33263E-4 2.65053E-4 2.90331E-4 4.70861E-5 4.26448E-5 3.57279E-5 6.26766E-5 4.75795E-5 1.34231E-4 1.45564E-4 1.95741E-4 3.68378E-4 3.68829E-4 1.02105E-4 9.82946E-5 1.48883E-4
-9999 -9999 -9999 -9999 -9999 -9999 -9999 -9999 -9999 -9999 -9999 -9999 -9999 -9999 -9999 -9999 -9999 -9999 -9999 -9999 -9999 -9999 -9999 -9999 -9999 -9999 -9999 -9999 -9999 -9999 -9999 -9999 2.47944E-4 3.03387E-4 4.23337E-4 4.08443E-4 1.49249E-4 1.00042E-4 1.58795E-4 1.31499E-4 1.63386E-4 3.2171E-4 4.66207E-4 1.46007E-3 2.23251E-4 1.5788E-4 3.63307E-4 1.01241E-4 2.88543E-4 1.53496E-4 1.62842E-4 2.32405E-4 1.27609E-4 4.44621E-5 3.46901E-5 1.92235E-5 7.48471E-5 1.74001E-4 1.48684E-4 1.69142E-4 3.06949E-4 4.57317E-4 1.10176E-3 9.51839E-5 7.34684E-5 8.62537E-5
-9999 -9999 -9999 -9999 -9999 -9999 -9999 -9999 -9999 -9999 -9999 -9999 -9999 -9999 -9999 -9999 -9999 -9999 -9999 -9999 -9999 -9999 -9999 -9999 -9999 -9999 -9999 -9999 -9999 -9999 -9999 -9999 -9999 2.77963E-4 1.84657E-4 9.59621E-5 1.99791E-4 1.92523E-4 1.63409E-4 1.07614E-4 1.17182E-4 1.40721E-4 2.01259E-4 2.1006E-4 1.38635E-4 1.35393E-4 1.17553E-4 2.78567E-4 5.65368E-4 1.24116E-4 1.64901E-4 1.8947E-4 3.68111E-4 2.24901E-4 5.3374E-5 3.38168E-5 5.90934E-5 1.50148E-4 1.42491E-4 1.38625E-4 1.91417E-4 2.10203E-4 1.01906E-4 1.08695E-4 9.63425E-5 1.11808E-4
-9999 -9999 -9999 -9999 -9999 -9999 -9999 -9999 -9999 -9999 -9999 -9999 -9999 -9999 -9999 -9999 -9999 -9999 -9999 -9999 -9999 -9999 -9999 -9999 -9999 -9999 -9999 -9999 -9999 -9999 -9999 -9999 -9999 -9999 1.77152E-4 4.86738E-4 9.53392E-5 2.96739E-4 1.81645E-4 1.18364E-4 3.12279E-4 1.08555E-4 1.19277E-4 1.08122E-4 1.30841E-4 1.04174E-4 1.05268E-4 1.02856E-4 2.4611E-4 3.71853E-5 9.91317E-5 1.02013E-4 9.97749E-5 5.12076E-5 5.71653E-5 3.85972E-5 6.49087E-5 1.44588E-4 1.40448E-4 1.45099E-4 1.27433E-4 1.03263E-4 7.12902E-5 1.55757E-4 1.60702E-4 1.07743E-4
-9999 -9999 -9999 -9999 -9999 -9999 -9999 -9999 -9999 -9999 -9999 -9999 -9999 -9999 -9999 -9999 -9999 -9999 -9999 -9999 -9999 -9999 -9999 -9999 -9999 -9999 -9999 -9999 -9999 -9999 -9999 -9999 -9999 -9999 1.82017E-4 3.35252E-4 2.02344E-4 2.92316E-4 2.45866E-4 3.02789E-4 1.48796E-4 3.99363E-4 1.36871E-4 1.2581E-4 2.3305E-4 2.85312E-4 1.83458E-4 2.34621E-4 6.27103E-5 8.17148E-5 2.94142E-5 1.22107E-4 4.01467E-5 3.77857E-5 4.25194E-5 5.56994E-5 1.64074E-4 1.40125E-4 1.38048E-4 1.34906E-4 1.16118E-4 1.03025E-4 1.01589E-4 1.16297E-4 1.18311E-4 1.33092E-4
-9999 -9999 -9999 -9999 -9999 -9999 -9999 -9999 -9999 -9999 -9999 -9999 -9999 -9999 -9999 -9999 -9999 -9999 -9999 -9999 -9999 -9999 -9999 -9999 -9999 -9999 -9999 -9999 -9999 -9999 -9999 -9999 -9999 -9999 -9999 4.21604E-4 7.24593E-5 9.08525E-5 8.83475E-4 1.12482E-4 1.96783E-4 1.00003E-4 1.46153E-4 1.33258E-4 1.27084E-4 2.09998E-4 1.6911E-4 3.81716E-5 5.09282E-5 6.44118E-5 1.81381E-4 1.266E-4 1.61364E-4 3.52707E-5 3.50334E-5 3.95001E-5 1.76055E-4 1.60819E-4 1.04309E-4 1.04255E-4 1.00096E-4 9.02096E-5 8.09524E-5 1.2109E-4 8.66393E-5 5.79757E-5
