catData/rasterBestHybridModels/Fchaus/RD_RM2_LQ/Fchaus_median.asc
ncols         409
nrows         350
xllcorner     60.897278365
yllcorner     5.843756025
cellsize      0.0892857
NODATA_value  -9999
[rows 87 to 115 of 350, columns 66 to 131 of 409]
5.96663E-5 5.69775E-5 5.56996E-5 5.07015E-5 5.61225E-5 6.29338E-5 5.11331E-5 2.7185E-5 2.24861E-5 2.15335E-5 2.14405E-5 2.16276E-5 2.1391E-5 2.1282E-5 2.11635E-5 2.08883E-5 2.13649E-5 2.38655E-5 2.72146E-5 2.85814E-5 3.11768E-5 3.3009E-5 2.8625E-5 2.43391E-5 2.34807E-5 2.60965E-5 2.95837E-5 3.04284E-5 2.98496E-5 3.00655E-5 3.15948E-5 3.30384E-5 3.48658E-5 3.64579E-5 3.34522E-5 3.00138E-5 2.79073E-5 2.78028E-5 3.10603E-5 3.35227E-5 3.35456E-5 3.35232E-5 3.5654E-5 3.99465E-5 3.87713E-5 3.97531E-5 3.38396E-5 3.24971E-5 2.84264E-5 2.82778E-5 2.85902E-5 2.97937E-5 2.99601E-5 2.8577E-5 2.76111E-5 2.67115E-5 2.65149E-5 2.70453E-5 2.51522E-5 2.42126E-5 2.40287E-5 2.38358E-5 2.49568E-5 2.30578E-5 2.35996E-5 2.42348E-5
5.86372E-5 5.54315E-5 5.96165E-5 5.77254E-5 5.80951E-5 6.10747E-5 3.70765E-5 2.45527E-5 2.18516E-5 2.04734E-5 2.05948E-5 2.08888E-5 2.05787E-5 2.03845E-5 2.0336E-5 2.00198E-5 1.98028E-5 2.13529E-5 2.7313E-5 3.04964E-5 2.6311E-5 2.54944E-5 2.53315E-5 2.46199E-5 2.61796E-5 2.87867E-5 3.15166E-5 3.33098E-5 3.48501E-5 3.32107E-5 3.16461E-5 3.56631E-5 3.67594E-5 3.47641E-5 3.12448E-5 2.82213E-5 2.7168E-5 2.75221E-5 3.11209E-5 3.29935E-5 3.33524E-5 3.38611E-5 3.95063E-5 3.93982E-5 3.75283E-5 3.70133E-5 3.23182E-5 3.22578E-5 2.92854E-5 2.92221E-5 3.05114E-5 2.9725E-5 4.28051E-5 4.15565E-5 3.96332E-5 3.9565E-5 3.93023E-5 3.84639E-5 3.70081E-5 3.60777E-5 3.62387E-5 3.76012E-5 4.20752E-5 4.06085E-5 4.00643E-5 3.95935E-5
5.28812E-5 5.62447E-5 5.54209E-5 5.46247E-5 5.58813E-5 4.90027E-5 2.8317E-5 2.16339E-5 1.96327E-5 1.91766E-5 1.9463E-5 1.96575E-5 1.94822E-5 1.93088E-5 1.9309E-5 1.90088E-5 1.8738E-5 2.0054E-5 2.0392E-5 1.99505E-5 1.93551E-5 1.90032E-5 2.02987E-5 2.21352E-5 2.59062E-5 3.00329E-5 3.34642E-5 3.47901E-5 3.48393E-5 3.41602E-5 3.30496E-5 3.60855E-5 4.40151E-5 3.45794E-5 2.90161E-5 2.75548E-5 2.76108E-5 2.86773E-5 3.15023E-5 3.28372E-5 3.325E-5 3.39059E-5 3.96042E-5 3.85777E-5 3.69259E-5 3.71491E-5 3.57854E-5 3.14212E-5 4.03604E-5 3.96191E-5 4.14714E-5 4.31799E-5 4.17912E-5 4.12597E-5 3.9878E-5 3.88672E-5 3.7309E-5 3.57119E-5 3.48849E-5 3.44175E-5 3.4397E-5 3.48219E-5 3.45638E-5 4.49722E-5 4.55794E-5 4.73144E-5
4.89451E-5 4.86372E-5 4.44869E-5 4.19115E-5 4.51862E-5 3.59794E-5 2.54251E-5 1.79614E-5 1.73813E-5 1.77401E-5 1.8114E-5 1.83021E-5 1.81343E-5 1.79513E-5 1.78605E-5 1.76285E-5 1.78312E-5 1.76965E-5 1.71688E-5 1.85306E-5 2.23752E-5 2.46757E-5 2.38562E-5 2.29357E-5 2.45641E-5 2.68265E-5 2.73879E-5 2.87096E-5 2.99816E-5 2.94985E-5 2.88351E-5 3.36225E-5 3.7843E-5 3.12511E-5 2.84258E-5 2.71075E-5 2.86399E-5 3.04452E-5 3.21379E-5 3.31832E-5 3.37136E-5 3.60246E-5 3.79066E-5 3.69077E-5 3.70598E-5 3.73652E-5 3.74173E-5 5.17637E-5 3.77311E-5 3.74875E-5 3.91636E-5 3.93508E-5 3.78718E-5 3.78175E-5 3.64565E-5 3.42431E-5 3.30922E-5 3.29354E-5 3.27142E-5 3.21808E-5 3.98903E-5 4.00231E-5 3.95044E-5 3.9104E-5 4.25374E-5 4.6102E-5
4.64918E-5 4.35454E-5 3.59375E-5 3.37613E-5 3.56496E-5 2.79865E-5 2.29156E-5 1.65684E-5 1.60381E-5 1.6347E-5 1.66501E-5 1.68054E-5 1.67593E-5 1.66016E-5 1.648E-5 1.6225E-5 1.73059E-5 1.78243E-5 1.79242E-5 1.92463E-5 2.3904E-5 2.97215E-5 3.11717E-5 2.92413E-5 2.88308E-5 3.17934E-5 3.00769E-5 2.8078E-5 2.81129E-5 2.75164E-5 2.92993E-5 2.97698E-5 2.8688E-5 2.73829E-5 2.72529E-5 2.72983E-5 2.99556E-5 3.19314E-5 3.25251E-5 3.33919E-5 3.55295E-5 3.73278E-5 3.74003E-5 3.72529E-5 3.72188E-5 3.72586E-5 4.98531E-5 5.35514E-5 3.73106E-5 3.60978E-5 3.6383E-5 3.57567E-5 3.48466E-5 3.41677E-5 3.31506E-5 3.18418E-5 3.09988E-5 3.92192E-5 3.8824E-5 3.80722E-5 3.72026E-5 3.6967E-5 3.66317E-5 3.57312E-5 4.12126E-5 4.43194E-5
4.38262E-5 4.03417E-5 3.40365E-5 2.95679E-5 2.75011E-5 2.30969E-5 1.89274E-5 1.48563E-5 1.46609E-5 1.48228E-5 1.50006E-5 1.52182E-5 1.53275E-5 1.60453E-5 1.70468E-5 1.7812E-5 1.84691E-5 1.88546E-5 1.8787E-5 1.97819E-5 2.14284E-5 2.32673E-5 2.57419E-5 2.61195E-5 2.40899E-5 2.51182E-5 2.65626E-5 2.61312E-5 2.6318E-5 2.70903E-5 2.8189E-5 2.86237E-5 2.73162E-5 2.66236E-5 2.70976E-5 2.92673E-5 3.19027E-5 3.2471E-5 3.29504E-5 3.39838E-5 3.68708E-5 3.7508E-5 3.75303E-5 3.7415E-5 3.72599E-5 3.72252E-5 5.17028E-5 4.53066E-5 3.67902E-5 3.47783E-5 3.41109E-5 3.31545E-5 3.20894E-5 3.14331E-5 3.09118E-5 3.823E-5 3.68829E-5 3.67255E-5 3.63294E-5 3.55774E-5 3.48989E-5 3.4325E-5 3.38481E-5 3.31303E-5 3.5433E-5 3.61343E-5
3.82565E-5 3.5558E-5 2.96368E-5 2.81546E-5 2.58827E-5 2.00149E-5 1.4885E-5 1.35229E-5 1.31823E-5 1.32899E-5 1.40409E-5 1.52313E-5 1.63116E-5 1.7083E-5 1.82708E-5 1.89668E-5 1.961E-5 1.99733E-5 1.98937E-5 1.98202E-5 2.08751E-5 2.21411E-5 2.26887E-5 2.24608E-5 2.21814E-5 2.26929E-5 2.36303E-5 2.39577E-5 2.49328E-5 2.69835E-5 2.99396E-5 2.91053E-5 2.7156E-5 2.69346E-5 2.86354E-5 3.13473E-5 3.24336E-5 3.30247E-5 3.5769E-5 3.62996E-5 3.69962E-5 3.73128E-5 3.7586E-5 3.73893E-5 3.71297E-5 3.67777E-5 5.0569E-5 3.83526E-5 3.61006E-5 3.42559E-5 3.28073E-5 3.10098E-5 3.01056E-5 3.7154E-5 3.65934E-5 3.5726E-5 3.45865E-5 3.35286E-5 3.32061E-5 3.2758E-5 3.19411E-5 3.10838E-5 2.98899E-5 2.90397E-5 3.17058E-5 3.38449E-5
3.37529E-5 3.00154E-5 2.55894E-5 2.51318E-5 2.18191E-5 1.5545E-5 1.16976E-5 1.15146E-5 1.2417E-5 1.35414E-5 1.47304E-5 1.63744E-5 1.74813E-5 1.83812E-5 1.92401E-5 2.00614E-5 2.09207E-5 2.178E-5 2.26537E-5 2.2595E-5 2.08338E-5 2.17925E-5 2.22886E-5 2.20944E-5 2.21751E-5 2.21301E-5 2.32396E-5 2.35674E-5 2.42634E-5 2.69037E-5 2.85726E-5 2.86113E-5 2.97727E-5 2.90918E-5 3.12087E-5 3.20488E-5 3.34455E-5 3.58115E-5 3.62382E-5 3.64623E-5 3.68609E-5 3.7159E-5 3.73431E-5 3.71979E-5 3.63652E-5 4.36623E-5 4.19066E-5 3.6576E-5 3.43418E-5 3.29221E-5 3.15464E-5 3.0049E-5 3.61079E-5 3.51859E-5 3.42315E-5 3.30852E-5 3.17381E-5 3.04042E-5 2.99396E-5 2.97241E-5 2.90812E-5 2.78646E-5 2.61729E-5 2.70892E-5 2.91131E-5 3.12795E-5
2.56517E-5 2.38436E-5 2.19254E-5 2.09761E-5 1.84472E-5 1.25813E-5 1.22863E-5 1.18913E-5 1.29569E-5 1.41352E-5 1.53438E-5 1.71277E-5 1.8356E-5 1.94366E-5 2.05565E-5 2.18095E-5 2.31324E-5 2.42437E-5 2.76582E-5 2.72818E-5 2.60484E-5 2.2777E-5 2.21985E-5 2.18594E-5 2.18019E-5 2.19295E-5 2.27166E-5 2.30249E-5 2.39585E-5 2.54758E-5 2.64632E-5 2.74859E-5 3.09596E-5 3.17169E-5 3.22391E-5 3.45655E-5 3.64112E-5 3.62668E-5 3.67387E-5 3.6906E-5 3.68745E-5 3.69693E-5 3.68325E-5 3.6381E-5 3.53023E-5 4.06522E-5 3.87814E-5 3.4093E-5 3.24996E-5 3.11778E-5 3.0193E-5 3.66583E-5 3.50455E-5 3.30687E-5 3.14225E-5 3.05083E-5 2.94424E-5 2.82755E-5 2.72104E-5 2.68302E-5 2.6345E-5 2.47872E-5 2.64548E-5 2.86147E-5 3.05725E-5 3.22881E-5
2.09501E-5 2.00182E-5 1.9533E-5 1.80033E-5 1.7216E-5 1.32977E-5 1.17844E-5 1.23169E-5 1.33656E-5 1.45707E-5 1.59477E-5 1.80462E-5 1.97818E-5 2.15401E-5 2.30094E-5 2.43864E-5 2.58403E-5 2.77697E-5 2.86132E-5 2.98039E-5 2.99592E-5 2.9243E-5 2.91151E-5 2.8493E-5 2.85223E-5 2.90356E-5 3.00311E-5 3.00848E-5 3.05812E-5 3.35576E-5 3.43657E-5 3.39944E-5 3.3553E-5 3.41284E-5 3.50612E-5 3.62857E-5 3.6043E-5 3.63256E-5 3.63195E-5 3.61635E-5 3.62869E-5 3.60417E-5 3.66122E-5 3.41283E-5 2.94261E-5 3.72195E-5 3.62181E-5 3.19453E-5 3.09282E-5 3.00126E-5 3.66032E-5 3.52712E-5 3.3546E-5 3.13327E-5 2.96727E-5 2.81171E-5 2.70671E-5 2.59436E-5 2.45995E-5 2.43296E-5 2.56672E-5 2.61919E-5 2.79524E-5 3.02496E-5 2.42003E-5 2.56956E-5
1.89376E-5 1.84458E-5 1.9021E-5 1.89063E-5 1.48335E-5 1.38411E-5 1.29733E-5 1.2394E-5 1.35526E-5 1.48855E-5 1.65052E-5 1.86398E-5 2.06728E-5 2.27102E-5 2.48674E-5 2.78048E-5 2.8005E-5 2.81836E-5 3.00369E-5 3.07149E-5 3.1619E-5 3.31477E-5 3.34886E-5 3.37234E-5 3.39205E-5 3.4178E-5 3.43356E-5 3.44893E-5 3.46514E-5 3.47342E-5 3.46552E-5 3.31695E-5 3.28693E-5 3.30948E-5 3.57118E-5 3.62978E-5 3.59462E-5 3.53828E-5 3.57104E-5 3.56723E-5 3.55808E-5 3.49287E-5 3.13615E-5 2.86434E-5 2.77395E-5 3.51801E-5 3.45028E-5 3.07601E-5 2.99921E-5 3.62976E-5 3.49089E-5 3.32666E-5 3.13861E-5 2.99084E-5 2.83924E-5 2.63499E-5 2.45072E-5 2.37411E-5 2.34612E-5 2.55443E-5 2.74037E-5 2.77851E-5 2.24497E-5 2.40846E-5 2.56131E-5 2.71061E-5
1.91712E-5 1.76042E-5 1.83886E-5 1.87205E-5 1.6361E-5 1.76594E-5 1.26149E-5 1.23334E-5 1.35837E-5 1.50376E-5 1.64269E-5 1.8581E-5 2.03905E-5 2.27447E-5 2.57612E-5 2.69657E-5 2.82441E-5 3.03724E-5 3.12197E-5 3.16054E-5 3.08305E-5 3.19691E-5 3.32132E-5 3.38828E-5 3.39015E-5 3.3916E-5 3.40267E-5 3.43765E-5 3.46326E-5 3.45501E-5 3.46117E-5 3.3231E-5 3.22028E-5 3.22367E-5 3.53589E-5 3.58601E-5 3.52397E-5 3.48296E-5 3.53204E-5 3.52993E-5 3.32003E-5 2.92264E-5 2.78702E-5 2.72205E-5 2.68272E-5 3.40956E-5 3.35192E-5 2.96957E-5 2.89174E-5 3.5028E-5 3.31102E-5 3.10121E-5 2.98176E-5 2.84499E-5 2.68746E-5 2.48316E-5 2.30468E-5 2.24991E-5 2.45557E-5 2.65396E-5 2.06616E-5 2.23104E-5 2.39533E-5 2.5534E-5 2.71655E-5 2.83086E-5
1.71261E-5 1.60967E-5 1.7835E-5 1.822E-5 1.63885E-5 1.95829E-5 1.37778E-5 1.24347E-5 1.35546E-5 1.49716E-5 1.69497E-5 1.97439E-5 2.28267E-5 2.46175E-5 2.62322E-5 2.82513E-5 2.95112E-5 3.12457E-5 3.19912E-5 3.33194E-5 3.21076E-5 3.15609E-5 3.14941E-5 3.32804E-5 3.366E-5 3.40716E-5 3.44939E-5 3.44203E-5 3.41976E-5 3.40865E-5 3.19039E-5 2.98188E-5 3.17952E-5 3.25532E-5 3.42075E-5 3.47121E-5 3.45805E-5 3.45647E-5 3.48224E-5 3.32571E-5 2.92009E-5 2.76242E-5 2.68862E-5 2.66275E-5 2.63755E-5 3.34895E-5 3.24098E-5 2.93598E-5 3.46156E-5 3.31677E-5 3.11496E-5 2.96816E-5 2.8376E-5 2.68692E-5 2.50932E-5 2.35291E-5 2.16175E-5 2.36818E-5 1.86306E-5 1.99926E-5 2.20141E-5 2.39012E-5 2.56451E-5 2.72232E-5 2.84276E-5 5.76775E-5
1.31286E-5 1.61864E-5 1.82881E-5 1.71178E-5 1.83923E-5 1.8041E-5 1.49105E-5 1.31292E-5 1.35398E-5 1.56008E-5 1.91574E-5 2.1365E-5 2.33801E-5 2.52374E-5 2.6894E-5 2.80082E-5 2.97119E-5 3.305E-5 3.44578E-5 3.50431E-5 3.49698E-5 3.45191E-5 3.21988E-5 3.17615E-5 3.33576E-5 3.43677E-5 3.45945E-5 3.37352E-5 3.27862E-5 3.29762E-5 3.20155E-5 2.79146E-5 2.77294E-5 2.81798E-5 3.27792E-5 3.36937E-5 3.32015E-5 3.24986E-5 3.03508E-5 2.94139E-5 2.76298E-5 2.66021E-5 2.61224E-5 2.5951E-5 3.30354E-5 3.24176E-5 3.13439E-5 3.67575E-5 3.25213E-5 3.12804E-5 2.98782E-5 2.85886E-5 2.70962E-5 2.51824E-5 2.35732E-5 2.18102E-5 1.68725E-5 1.79947E-5 1.92637E-5 2.1179E-5 2.32419E-5 2.51613E-5 2.69489E-5 2.83017E-5 5.78167E-5 6.44303E-5
1.34237E-5 1.53922E-5 1.61927E-5 1.60083E-5 1.8586E-5 1.80138E-5 1.84709E-5 1.47689E-5 1.33914E-5 1.5184E-5 1.95206E-5 2.1244E-5 2.30788E-5 2.46641E-5 2.58379E-5 2.696E-5 2.87013E-5 3.18308E-5 3.24624E-5 3.2884E-5 3.31461E-5 3.41543E-5 3.34405E-5 3.22322E-5 3.56265E-5 3.47664E-5 3.39023E-5 3.22079E-5 3.22303E-5 3.22899E-5 2.85694E-5 2.8303E-5 2.80203E-5 2.80119E-5 2.69702E-5 2.57526E-5 2.52227E-5 2.81216E-5 2.85832E-5 2.75219E-5 2.49415E-5 2.30933E-5 2.49562E-5 2.50254E-5 3.17717E-5 3.09163E-5 3.69776E-5 3.57925E-5 3.07072E-5 2.94431E-5 2.84159E-5 2.70293E-5 2.53874E-5 2.37355E-5 1.6747E-5 1.66407E-5 1.73801E-5 1.83517E-5 2.00556E-5 2.21083E-5 2.42705E-5 2.62134E-5 2.80465E-5 5.69168E-5 6.14958E-5 6.49003E-5
1.46683E-5 1.45386E-5 1.59047E-5 1.74612E-5 1.81261E-5 1.80014E-5 1.99131E-5 1.79837E-5 1.40001E-5 1.729E-5 2.011E-5 2.18287E-5 2.33786E-5 2.47047E-5 2.62843E-5 2.77561E-5 2.9733E-5 3.14809E-5 3.26617E-5 3.328E-5 3.40457E-5 3.5134E-5 3.52446E-5 3.36439E-5 3.19912E-5 3.15251E-5 3.13635E-5 3.19102E-5 3.20112E-5 2.72536E-5 2.70009E-5 2.72023E-5 2.66031E-5 2.51727E-5 2.41623E-5 2.28834E-5 2.26633E-5 2.30475E-5 2.16446E-5 2.21627E-5 2.1032E-5 2.0805E-5 2.05067E-5 2.33811E-5 3.02926E-5 3.6588E-5 3.53095E-5 3.41593E-5 3.05069E-5 2.73094E-5 2.62915E-5 2.53605E-5 1.89373E-5 1.88893E-5 1.87803E-5 1.85461E-5 1.8319E-5 1.87798E-5 2.05628E-5 2.26441E-5 2.48768E-5 5.17299E-5 5.47873E-5 5.90617E-5 6.2831E-5 6.64065E-5
1.58693E-5 1.62512E-5 1.80692E-5 1.96936E-5 1.88483E-5 1.8352E-5 2.14065E-5 2.58127E-5 1.62965E-5 1.78305E-5 1.89879E-5 2.06296E-5 2.26337E-5 2.4828E-5 2.63149E-5 2.76255E-5 2.88816E-5 3.12524E-5 3.37432E-5 3.49152E-5 3.51794E-5 3.55237E-5 3.5165E-5 3.24447E-5 2.70491E-5 2.76365E-5 2.73845E-5 2.63505E-5 2.63121E-5 2.58315E-5 2.52422E-5 2.53296E-5 2.37905E-5 2.21257E-5 2.13438E-5 2.11979E-5 2.04325E-5 1.93683E-5 1.62858E-5 1.54679E-5 1.47125E-5 1.46298E-5 2.53529E-5 3.42609E-5 5.24523E-5 5.01858E-5 4.7843E-5 4.55724E-5 4.36704E-5 4.16255E-5 4.10718E-5 4.0446E-5 4.0253E-5 4.02532E-5 4.04448E-5 4.03966E-5 4.1199E-5 4.24428E-5 4.39618E-5 4.59627E-5 1.43392E-5 1.55594E-5 5.56878E-5 6.0476E-5 6.50414E-5 6.96087E-5
1.56421E-5 1.70339E-5 1.77477E-5 1.86443E-5 1.88225E-5 2.11388E-5 2.41605E-5 2.11855E-5 1.14489E-5 1.68651E-5 1.79464E-5 1.98189E-5 2.21922E-5 2.40943E-5 2.5452E-5 2.66084E-5 2.8295E-5 3.00684E-5 3.29514E-5 3.36666E-5 3.47625E-5 3.6151E-5 3.5613E-5 2.79865E-5 2.66079E-5 2.69097E-5 2.5993E-5 2.52575E-5 2.4136E-5 2.36402E-5 2.3229E-5 2.30805E-5 2.09716E-5 1.9537E-5 1.93718E-5 1.94427E-5 1.90018E-5 1.64886E-5 1.56409E-5 1.47784E-5 1.4355E-5 1.39353E-5 3.05616E-5 2.93429E-5 4.90634E-5 4.90685E-5 4.93273E-5 4.75394E-5 4.29213E-5 4.24722E-5 4.25952E-5 4.2726E-5 4.3237E-5 4.34786E-5 4.37897E-5 4.3698E-5 4.45575E-5 4.57932E-5 1.36825E-5 4.91489E-5 5.01339E-5 5.31368E-5 5.61869E-5 6.20873E-5 6.72763E-5 7.1981E-5
1.77983E-5 1.84882E-5 1.94791E-5 2.03135E-5 2.28115E-5 2.7115E-5 2.35768E-5 1.31035E-5 1.68908E-5 1.78993E-5 1.99455E-5 2.11283E-5 2.2839E-5 2.42963E-5 2.57129E-5 2.7027E-5 2.86689E-5 3.01544E-5 3.05697E-5 2.84001E-5 3.13402E-5 3.50374E-5 2.93976E-5 2.72949E-5 2.59836E-5 2.50794E-5 2.41934E-5 2.30954E-5 2.18155E-5 2.07934E-5 2.27413E-5 1.93945E-5 1.79057E-5 1.76044E-5 1.77283E-5 1.78823E-5 1.72184E-5 1.52442E-5 1.47561E-5 1.43659E-5 1.37227E-5 2.34181E-5 2.25523E-5 2.82038E-5 4.45442E-5 4.56266E-5 4.57822E-5 4.57028E-5 4.56552E-5 4.56472E-5 4.57742E-5 4.59506E-5 4.68189E-5 4.69437E-5 4.69439E-5 4.69103E-5 4.80752E-5 4.93198E-5 5.12604E-5 5.27561E-5 5.39369E-5 5.48148E-5 5.64729E-5 6.26617E-5 6.7891E-5 7.27016E-5
1.7932E-5 2.03719E-5 2.17134E-5 2.37455E-5 3.01463E-5 2.98071E-5 1.59095E-5 1.39356E-5 1.83097E-5 1.94952E-5 2.18735E-5 2.29382E-5 2.39048E-5 2.52155E-5 2.67802E-5 2.81369E-5 2.98781E-5 2.78935E-5 2.7561E-5 2.89797E-5 2.95618E-5 2.59431E-5 2.7036E-5 2.7178E-5 2.58851E-5 2.38044E-5 2.21241E-5 2.09065E-5 1.93651E-5 1.81297E-5 1.7602E-5 1.69892E-5 1.66145E-5 1.66579E-5 1.67984E-5 1.69562E-5 1.48486E-5 1.43028E-5 1.40945E-5 1.36121E-5 2.32438E-5 2.21511E-5 2.33948E-5 4.6092E-5 4.71998E-5 4.80244E-5 4.85905E-5 4.87506E-5 4.8669E-5 4.87718E-5 4.93202E-5 4.95117E-5 5.0098E-5 2.55143E-5 5.03739E-5 5.03219E-5 5.195E-5 5.36672E-5 5.56942E-5 5.70869E-5 5.84542E-5 5.97125E-5 6.07611E-5 6.29892E-5 6.67151E-5 7.11476E-5
1.80684E-5 2.03634E-5 2.2065E-5 2.49746E-5 3.55962E-5 2.43962E-5 1.59106E-5 1.50262E-5 2.00428E-5 2.22689E-5 2.33144E-5 2.40788E-5 2.51692E-5 2.62392E-5 2.74092E-5 2.89251E-5 2.93847E-5 2.76889E-5 2.89067E-5 2.94331E-5 2.57274E-5 2.62389E-5 2.64306E-5 2.61197E-5 2.54722E-5 2.33565E-5 2.06442E-5 1.86216E-5 1.74993E-5 1.69742E-5 1.62814E-5 1.58024E-5 1.53803E-5 1.55841E-5 1.56772E-5 1.39779E-5 1.35252E-5 1.34807E-5 1.32139E-5 2.2797E-5 2.20511E-5 2.39399E-5 2.5742E-5 4.94168E-5 5.0476E-5 5.10909E-5 5.16184E-5 5.17042E-5 5.1726E-5 5.25864E-5 2.75951E-5 2.75543E-5 5.30993E-5 5.39133E-5 5.41307E-5 5.44647E-5 5.74827E-5 5.99393E-5 6.16923E-5 6.4525E-5 6.51905E-5 6.55262E-5 6.77458E-5 6.95419E-5 6.95289E-5 6.90433E-5
1.75334E-5 1.89499E-5 2.10521E-5 2.48458E-5 3.18343E-5 1.92215E-5 1.47493E-5 2.00103E-5 2.0986E-5 2.38827E-5 2.47402E-5 2.54128E-5 2.65688E-5 2.75723E-5 2.82717E-5 2.90601E-5 2.95215E-5 2.88355E-5 2.93407E-5 2.9448E-5 2.61149E-5 2.54714E-5 2.45834E-5 2.50701E-5 2.37063E-5 2.19872E-5 1.94533E-5 1.73776E-5 1.66542E-5 1.61473E-5 1.53449E-5 1.45949E-5 1.41356E-5 1.42512E-5 1.30268E-5 1.23928E-5 1.25462E-5 1.25351E-5 1.23084E-5 2.20817E-5 2.42706E-5 2.65516E-5 2.86669E-5 5.39507E-5 5.59533E-5 5.70889E-5 5.78307E-5 2.97603E-5 2.94809E-5 2.95314E-5 5.68564E-5 5.66482E-5 5.65635E-5 5.74669E-5 5.93409E-5 6.12685E-5 6.57312E-5 6.7556E-5 6.84024E-5 7.19808E-5 7.3593E-5 7.32149E-5 7.38467E-5 7.51893E-5 7.37024E-5 7.35554E-5
1.81616E-5 1.85908E-5 1.98536E-5 2.575E-5 2.77979E-5 1.66047E-5 1.77744E-5 1.77727E-5 1.86993E-5 2.2135E-5 2.5561E-5 2.70343E-5 2.75393E-5 2.9121E-5 2.934E-5 2.87254E-5 2.59105E-5 2.87132E-5 2.91051E-5 2.61816E-5 2.5313E-5 2.33282E-5 2.27352E-5 2.42437E-5 2.22814E-5 2.12281E-5 1.81845E-5 1.68209E-5 1.61574E-5 1.51652E-5 1.4425E-5 1.36278E-5 1.33524E-5 1.13471E-5 1.13119E-5 1.14255E-5 1.14916E-5 1.15782E-5 2.17817E-5 2.41479E-5 2.68587E-5 2.94931E-5 3.18144E-5 6.19591E-5 6.34121E-5 6.464E-5 3.24669E-5 3.16724E-5 6.15549E-5 6.16625E-5 6.05055E-5 6.02498E-5 6.16031E-5 6.37599E-5 6.63321E-5 6.85107E-5 7.33463E-5 7.52104E-5 7.64135E-5 7.83213E-5 7.93846E-5 7.83751E-5 7.77305E-5 7.80513E-5 7.76691E-5 7.75859E-5
2.06762E-5 2.03677E-5 2.11688E-5 3.0286E-5 3.0163E-5 2.10144E-5 1.81289E-5 1.7871E-5 1.87614E-5 2.06148E-5 2.29539E-5 2.47088E-5 2.61279E-5 3.06681E-5 2.99839E-5 2.85684E-5 2.86961E-5 2.90614E-5 2.5986E-5 2.60117E-5 2.50992E-5 2.21644E-5 2.14285E-5 2.08843E-5 2.07461E-5 2.0282E-5 1.72683E-5 1.61844E-5 1.54596E-5 1.44998E-5 1.34956E-5 1.26515E-5 1.05221E-5 1.01852E-5 1.02845E-5 1.04019E-5 1.04707E-5 2.05488E-5 2.33282E-5 2.61799E-5 2.89895E-5 3.19158E-5 3.41322E-5 6.7832E-5 6.96936E-5 3.41843E-5 6.87874E-5 6.6703E-5 6.53396E-5 6.49333E-5 6.49293E-5 6.57266E-5 6.69256E-5 6.96966E-5 7.22318E-5 7.46877E-5 7.8335E-5 8.00746E-5 8.0779E-5 8.11249E-5 8.26544E-5 8.11608E-5 8.02069E-5 8.03326E-5 8.11513E-5 8.06475E-5
2.15849E-5 2.28887E-5 2.28623E-5 2.87714E-5 3.39839E-5 1.63329E-5 1.33421E-5 1.82378E-5 1.91907E-5 2.09052E-5 2.35001E-5 2.53107E-5 2.69218E-5 2.91425E-5 3.46898E-5 3.63686E-5 3.76346E-5 3.83179E-5 2.74987E-5 2.46819E-5 2.44237E-5 2.07966E-5 1.93793E-5 1.85881E-5 1.87508E-5 1.77528E-5 1.54005E-5 1.44879E-5 1.36295E-5 1.32323E-5 1.2767E-5 1.0486E-5 9.79287E-6 9.13615E-6 9.16577E-6 9.33623E-6 1.91827E-5 2.13702E-5 2.40554E-5 2.71583E-5 3.02856E-5 3.31957E-5 3.30667E-5 7.01336E-5 7.13421E-5 7.33986E-5 7.09892E-5 7.0841E-5 6.97378E-5 6.89815E-5 6.96365E-5 7.09022E-5 7.29241E-5 7.46287E-5 7.55878E-5 7.73163E-5 7.95295E-5 7.99712E-5 8.12606E-5 8.25174E-5 8.37001E-5 8.44546E-5 8.37359E-5 8.37551E-5 8.39359E-5 8.33525E-5
2.00726E-5 2.21517E-5 2.20947E-5 2.74852E-5 3.23927E-5 1.67373E-5 1.37543E-5 1.86629E-5 1.98982E-5 2.15663E-5 2.43471E-5 2.60856E-5 2.76464E-5 3.41182E-5 3.69026E-5 3.81403E-5 3.86704E-5 3.43012E-5 3.00118E-5 2.43451E-5 2.25814E-5 1.8651E-5 1.74323E-5 1.75813E-5 1.81067E-5 1.59536E-5 1.48087E-5 1.36983E-5 1.283E-5 1.19777E-5 1.09998E-5 9.75298E-6 9.03769E-6 8.3493E-6 8.38777E-6 9.57597E-6 1.96102E-5 2.19207E-5 2.45069E-5 2.75986E-5 3.05231E-5 3.31654E-5 3.34554E-5 7.14209E-5 7.21394E-5 7.25199E-5 7.55416E-5 7.58053E-5 7.30836E-5 7.27571E-5 7.45145E-5 7.45769E-5 7.59832E-5 7.67849E-5 7.69173E-5 7.8563E-5 8.00812E-5 8.04378E-5 8.12415E-5 8.36583E-5 8.52041E-5 8.65543E-5 8.61983E-5 8.68392E-5 8.70147E-5 8.60997E-5
1.98972E-5 2.33226E-5 2.44844E-5 2.53873E-5 2.70596E-5 1.71545E-5 1.8842E-5 1.93799E-5 2.06002E-5 2.21465E-5 2.4216E-5 2.65047E-5 2.81365E-5 3.54929E-5 3.84804E-5 3.86254E-5 3.85725E-5 3.42859E-5 2.60237E-5 2.36535E-5 2.02603E-5 1.78113E-5 1.68584E-5 1.76226E-5 1.75853E-5 1.47669E-5 1.37045E-5 1.28187E-5 1.2022E-5 1.12021E-5 1.00232E-5 9.119E-6 8.43688E-6 7.81629E-6 1.62107E-5 1.76735E-5 1.97323E-5 2.22419E-5 2.47728E-5 2.77552E-5 3.06556E-5 3.31684E-5 3.35588E-5 3.47783E-5 7.43645E-5 7.92216E-5 8.00438E-5 7.8137E-5 7.68903E-5 7.72867E-5 7.64175E-5 7.71661E-5 7.78187E-5 7.90395E-5 7.91435E-5 7.99032E-5 8.14204E-5 8.1841E-5 8.21809E-5 8.49567E-5 8.53148E-5 8.63457E-5 8.70966E-5 8.82376E-5 8.95282E-5 8.97032E-5
2.08317E-5 2.31007E-5 2.50256E-5 2.89583E-5 2.5865E-5 1.5663E-5 1.95314E-5 2.00577E-5 2.07615E-5 2.19063E-5 2.37176E-5 2.66761E-5 3.10863E-5 3.73651E-5 3.84942E-5 3.87554E-5 3.8615E-5 2.71093E-5 2.34367E-5 2.09364E-5 1.85151E-5 1.7095E-5 1.64581E-5 1.75102E-5 1.73926E-5 1.42052E-5 1.27077E-5 1.19256E-5 1.12099E-5 1.04084E-5 9.34804E-6 8.58846E-6 7.89919E-6 1.46844E-5 1.64445E-5 1.79825E-5 1.99088E-5 2.24707E-5 2.51068E-5 2.80048E-5 3.09266E-5 3.35274E-5 4.61868E-5 7.34829E-5 7.78721E-5 8.10151E-5 8.10775E-5 7.92056E-5 7.92646E-5 7.97604E-5 7.91974E-5 7.93071E-5 8.05399E-5 8.20983E-5 8.19151E-5 8.1774E-5 8.21722E-5 8.16359E-5 8.14544E-5 8.38086E-5 8.59672E-5 8.60884E-5 8.62703E-5 8.80159E-5 8.9596E-5 9.08312E-5
2.1086E-5 2.21845E-5 2.21566E-5 2.8832E-5 2.72353E-5 2.06317E-5 1.92721E-5 2.00744E-5 2.09399E-5 2.20302E-5 2.32096E-5 2.49739E-5 3.49519E-5 3.78048E-5 3.85862E-5 3.8899E-5 3.47242E-5 2.37168E-5 2.08561E-5 1.88829E-5 1.74035E-5 1.64578E-5 1.6029E-5 1.73304E-5 1.72517E-5 1.39378E-5 1.26275E-5 1.15355E-5 1.04838E-5 9.83347E-6 8.74979E-6 1.53859E-5 1.41753E-5 1.49424E-5 1.67106E-5 1.82124E-5 2.00089E-5 2.2628E-5 2.5386E-5 2.83027E-5 3.13515E-5 2.07944E-5 4.6852E-5 7.70439E-5 8.12576E-5 8.33601E-5 8.28992E-5 8.19047E-5 8.15544E-5 8.10255E-5 8.08504E-5 8.13258E-5 8.26047E-5 8.40681E-5 8.33385E-5 8.26075E-5 8.18724E-5 8.11485E-5 8.15713E-5 8.47222E-5 8.47031E-5 8.5536E-5 8.63144E-5 8.69362E-5 8.85049E-5 4.31323E-5
