catData/rasterBestHybridModels/Fchaus/RD_RM2_LQ/Fchaus_min.asc
ncols         409
nrows         350
xllcorner     60.897278365
yllcorner     5.843756025
cellsize      0.0892857
NODATA_value  -9999
[rows 203 to 231 of 350, columns 198 to 263 of 409]
1.29789E-5 1.13559E-5 1.1084E-5 1.77546E-5 1.2211E-5 1.41626E-5 1.39588E-5 1.65296E-5 9.98147E-5 9.25617E-5 9.47905E-5 1.47818E-5 2.18785E-5 2.39179E-5 2.08442E-5 1.79739E-5 6.02675E-5 3.32307E-5 7.82658E-5 6.68023E-5 2.10278E-4 1.28547E-4 3.6673E-4 2.90411E-4 7.29554E-5 3.33851E-5 1.7042E-4 1.83573E-4 9.23109E-5 7.44717E-5 4.90376E-5 4.75683E-5 5.18018E-5 6.15661E-5 6.54957E-5 6.17843E-5 7.64245E-5 9.82401E-5 1.31723E-4 2.89645E-4 2.39355E-4 8.5301E-5 7.11798E-5 7.32765E-5 7.57831E-5 2.14681E-4 1.65372E-4 9.60504E-5 8.81222E-5 7.4627E-5 1.8115E-4 2.08203E-4 1.24942E-4 2.18537E-4 7.96712E-5 1.32966E-4 1.0953E-4 1.07244E-4 9.14163E-5 1.51379E-4 6.90563E-4 5.42949E-4 1.05652E-4 2.33322E-4 8.65532E-5 1.95786E-4
1.63961E-5 1.60772E-5 1.40353E-5 1.41655E-5 1.75932E-5 1.44521E-5 1.4639E-5 1.50983E-5 1.73877E-5 1.74079E-5 6.65624E-5 2.02551E-5 1.99593E-5 1.95314E-5 1.92714E-5 1.61231E-5 2.98894E-5 1.04504E-4 1.19094E-4 5.95608E-5 4.34626E-5 8.84529E-5 3.31605E-4 1.73125E-4 1.14606E-4 4.20415E-5 6.61557E-5 8.77278E-5 2.38756E-4 1.2118E-4 6.55147E-5 9.12919E-5 5.53682E-5 5.88454E-5 6.90636E-5 1.879E-4 2.05802E-4 1.22683E-4 1.34928E-4 1.19357E-4 1.8715E-4 6.85473E-5 7.13548E-5 8.90398E-5 1.10092E-4 1.18719E-4 8.44358E-5 9.34611E-5 8.32769E-5 1.29013E-4 4.55789E-4 1.91633E-4 1.36184E-4 1.48802E-4 5.90517E-5 5.36294E-5 1.72858E-4 2.47645E-4 2.79235E-4 5.15101E-5 1.06654E-4 1.00956E-4 5.70011E-5 5.42288E-5 9.09845E-5 1.02603E-4
1.91493E-5 1.68931E-5 1.4463E-5 1.88183E-5 1.73633E-5 1.50528E-5 1.57733E-5 1.56947E-5 2.11212E-5 2.17031E-5 1.72749E-5 1.96904E-5 2.36746E-5 1.86752E-5 3.11785E-5 3.22375E-5 2.20988E-5 1.98614E-5 2.1585E-5 6.60002E-5 7.15306E-5 6.95532E-5 6.23883E-5 3.05771E-4 1.03534E-4 1.00541E-4 6.56452E-5 6.46852E-5 2.14423E-4 2.26123E-4 6.3818E-5 5.87542E-5 8.02651E-5 8.7527E-5 6.9613E-5 1.10588E-4 1.0732E-4 1.62106E-4 3.58707E-4 1.10812E-4 1.05246E-4 6.98822E-5 6.61348E-5 7.90495E-5 1.5926E-4 8.70011E-5 8.79023E-5 8.97355E-5 9.35322E-5 1.74257E-4 2.7011E-4 1.49253E-4 9.86842E-5 6.47715E-5 5.53069E-5 5.54458E-5 5.43011E-5 1.2879E-4 1.08936E-4 3.38534E-5 3.38645E-5 4.34217E-5 5.47397E-5 8.29815E-5 7.14727E-5 4.96073E-5
1.26438E-4 1.57828E-5 1.61646E-5 1.74696E-5 1.53461E-5 1.63239E-5 1.61665E-5 1.64389E-5 1.78443E-5 1.81986E-5 2.80882E-5 6.16482E-5 1.99957E-5 1.97206E-5 1.82023E-5 3.29214E-5 3.36309E-5 5.1793E-5 2.61237E-5 5.56756E-5 5.06219E-5 1.09228E-4 8.39862E-5 1.51362E-4 1.33502E-4 1.19083E-4 2.87569E-4 2.30383E-4 3.03303E-4 2.16957E-4 6.09985E-5 6.0806E-5 5.71363E-5 7.45468E-5 5.43217E-5 5.4538E-5 4.73281E-5 6.96057E-5 1.00094E-4 5.56326E-5 7.10202E-5 1.37811E-4 2.1903E-4 1.06301E-4 1.17153E-4 8.902E-5 9.07268E-5 9.16927E-5 1.19836E-4 1.75329E-4 6.79458E-4 1.06319E-4 7.1054E-5 5.75451E-5 5.25067E-5 3.19759E-5 3.49043E-5 5.27941E-5 6.59109E-5 6.16803E-5 5.58816E-5 7.47072E-5 1.12898E-4 7.73173E-5 4.37188E-5 -9999
1.02202E-4 7.49776E-5 7.15222E-5 1.45295E-5 1.51881E-5 1.66988E-5 1.76353E-5 1.71275E-5 1.75363E-5 1.72334E-5 2.63407E-5 7.07028E-5 5.97136E-5 1.9955E-5 2.20254E-5 1.76002E-5 4.44361E-5 1.18737E-4 2.21474E-4 1.2388E-4 3.19098E-5 9.71569E-5 8.7712E-5 7.14498E-5 1.77199E-4 9.82278E-5 9.60491E-5 2.39132E-4 1.77615E-4 2.7961E-4 1.13123E-4 7.22873E-5 6.82629E-5 5.71184E-5 5.86128E-5 3.80578E-5 3.77217E-5 3.67758E-5 5.08843E-5 5.58556E-5 4.70946E-5 1.22749E-4 8.24482E-5 7.95668E-5 7.62211E-5 8.96344E-5 1.10669E-4 9.59841E-5 9.8321E-5 1.05178E-4 2.0541E-4 7.15224E-5 9.4843E-5 6.56222E-5 5.20151E-5 5.0936E-5 3.11881E-5 3.37929E-5 4.37554E-5 6.82535E-5 3.87706E-5 3.32453E-5 3.58558E-5 4.33184E-5 -9999 -9999
8.09757E-5 7.60593E-5 7.58165E-5 6.90263E-5 1.48722E-5 1.8686E-5 2.56812E-5 1.9245E-5 1.76185E-5 1.65081E-5 7.57673E-5 6.80626E-5 5.8658E-5 5.50552E-5 5.81379E-5 4.37035E-5 2.06245E-5 8.56142E-5 3.18464E-4 8.05646E-5 3.10874E-5 4.62472E-5 1.72934E-4 1.59284E-4 2.7057E-4 8.45837E-5 4.08929E-5 5.64602E-5 1.79965E-4 1.42987E-4 1.8397E-4 6.62311E-5 5.19319E-5 3.56447E-5 4.30613E-5 3.39551E-5 3.55577E-5 3.72321E-5 4.75973E-5 4.32865E-5 4.0644E-5 2.10281E-4 2.28484E-4 9.57108E-5 8.91276E-5 9.10363E-5 1.00843E-4 1.01603E-4 9.77347E-5 1.05927E-4 8.18214E-5 6.82373E-5 6.62208E-5 5.59799E-5 6.54393E-5 5.37449E-5 3.40245E-5 3.14732E-5 3.18744E-5 2.91407E-5 3.69706E-5 3.37027E-5 3.26689E-5 -9999 -9999 -9999
7.74854E-5 7.37327E-5 7.53128E-5 7.26339E-5 1.51077E-5 2.02265E-5 2.17927E-5 1.77252E-5 1.7514E-5 2.58566E-5 8.36478E-5 6.90541E-5 6.5114E-5 5.68204E-5 6.78406E-5 6.95939E-5 2.52749E-5 1.63061E-4 3.54997E-4 1.01433E-4 5.00666E-5 2.65487E-5 5.94781E-5 7.28302E-5 2.64542E-4 1.50142E-4 5.96912E-5 4.15065E-5 3.44068E-5 9.17327E-5 2.46411E-4 1.22306E-4 5.02842E-5 3.14267E-5 3.43623E-5 3.35362E-5 7.03028E-5 7.38211E-5 5.01836E-5 3.56279E-5 6.93817E-5 1.5463E-4 1.6378E-4 1.00866E-4 7.90092E-5 8.88966E-5 1.06609E-4 1.07284E-4 2.55549E-4 3.96368E-4 4.65669E-4 4.51403E-4 8.65611E-5 5.4386E-5 5.44625E-5 6.81741E-5 3.51989E-5 3.1211E-5 3.45379E-5 4.59294E-5 4.17547E-5 3.40578E-5 -9999 -9999 -9999 -9999
8.34683E-5 8.34315E-5 7.98016E-5 6.88304E-5 6.41948E-5 1.40331E-5 1.6665E-5 1.74186E-5 1.7716E-5 2.74712E-5 9.43014E-5 7.64914E-5 6.40209E-5 6.42367E-5 5.96704E-5 1.94985E-5 7.73058E-5 1.42494E-4 6.3469E-5 3.03606E-4 6.96305E-5 2.94847E-5 4.23396E-5 1.03035E-4 2.07634E-4 4.14413E-4 2.47943E-4 7.4601E-5 6.6641E-5 7.41345E-5 3.09546E-4 2.16424E-4 7.59653E-5 2.75606E-5 3.47651E-5 8.31083E-5 3.82922E-5 3.96166E-5 5.39263E-5 7.07909E-5 1.30789E-4 1.1506E-4 9.99777E-5 7.50765E-5 8.52979E-5 1.86736E-4 1.53406E-4 1.52839E-4 1.096E-4 2.09386E-4 5.51865E-4 2.218E-4 6.6257E-5 5.38233E-5 5.79749E-5 5.60587E-5 3.26514E-5 3.23819E-5 3.48263E-5 5.4282E-5 3.6213E-5 -9999 -9999 -9999 -9999 -9999
8.96587E-5 9.09444E-5 8.94028E-5 7.47111E-5 6.80504E-5 1.3836E-5 1.59045E-5 1.69912E-5 1.8164E-5 3.04919E-5 9.67163E-5 8.68478E-5 8.06825E-5 6.64694E-5 5.58224E-5 5.37898E-5 2.51307E-5 6.10818E-5 1.91126E-4 1.62915E-4 6.5865E-5 4.06698E-5 3.8066E-5 3.64102E-5 1.1343E-4 1.85336E-4 8.2992E-5 1.05673E-4 4.07553E-5 6.05761E-5 3.42972E-5 4.61555E-5 3.0152E-5 5.99507E-5 2.78179E-4 1.37558E-4 3.46682E-5 3.91699E-5 3.56531E-5 9.14691E-5 9.59074E-5 1.71911E-4 2.11855E-4 9.64738E-5 1.14707E-4 1.36897E-4 1.73405E-4 1.8137E-4 4.06186E-4 4.8694E-4 2.69318E-4 2.00943E-4 8.51892E-5 5.49179E-5 5.52286E-5 5.74988E-5 3.22339E-5 3.1E-5 3.23714E-5 4.18022E-5 -9999 -9999 -9999 -9999 -9999 -9999
8.87073E-5 9.07361E-5 1.0404E-4 8.45786E-5 7.62278E-5 7.28489E-5 1.6689E-5 1.77017E-5 2.7564E-5 8.39353E-5 9.3394E-5 8.97079E-5 8.30912E-5 7.721E-5 6.32791E-5 6.28866E-5 2.39458E-5 7.07147E-5 1.90837E-4 5.63066E-4 1.03017E-4 7.93848E-5 6.39616E-5 3.93179E-5 9.05413E-5 5.08635E-5 8.40608E-5 9.64803E-5 5.15245E-5 3.88628E-5 2.65037E-5 2.7509E-5 2.88021E-5 4.5025E-5 4.68966E-5 2.87566E-5 4.66771E-5 8.0638E-5 1.7589E-4 7.85572E-5 8.78478E-5 3.06081E-4 2.47294E-4 8.18191E-5 1.01272E-4 1.031E-4 4.5877E-4 2.67785E-4 1.18088E-3 7.197E-4 2.20245E-4 7.35737E-5 5.46136E-5 9.3681E-5 7.93744E-5 6.91509E-5 3.58026E-5 3.03638E-5 -9999 -9999 -9999 -9999 -9999 -9999 -9999 -9999
8.94053E-5 8.80002E-5 8.93702E-5 8.97961E-5 8.1866E-5 8.10849E-5 1.88708E-5 1.91488E-5 2.87686E-5 8.33418E-5 1.00695E-4 8.77216E-5 8.56874E-5 8.5116E-5 6.82405E-5 6.68366E-5 2.90255E-5 1.40141E-4 9.04824E-5 2.8847E-4 3.92743E-4 1.75089E-4 8.07429E-5 5.42149E-5 4.50275E-5 6.12452E-5 1.40416E-4 1.21748E-4 2.29977E-4 1.25717E-4 6.37112E-5 2.76818E-5 2.54115E-5 2.99338E-5 3.49085E-5 4.36623E-5 9.25983E-5 1.80103E-4 1.92126E-4 9.75432E-5 2.35857E-4 3.38714E-4 2.06569E-4 1.38635E-4 1.04758E-4 3.09126E-4 1.01024E-3 4.99157E-4 4.57105E-4 2.1642E-4 8.6386E-5 5.52135E-5 5.35259E-5 8.61245E-5 5.36938E-5 5.37656E-5 -9999 -9999 -9999 -9999 -9999 -9999 -9999 -9999 -9999 -9999
9.23117E-5 9.04123E-5 8.41626E-5 8.37688E-5 8.32553E-5 8.32954E-5 1.93244E-5 1.97307E-5 2.90676E-5 8.91516E-5 9.32616E-5 9.23009E-5 1.03632E-4 9.79563E-5 1.06506E-4 7.93886E-5 6.72361E-5 7.68473E-5 1.84006E-4 9.08473E-5 2.05971E-4 1.7409E-4 3.24536E-4 2.76928E-4 6.89763E-5 6.15134E-5 1.49435E-4 2.80954E-4 5.37828E-4 2.54036E-4 7.02637E-5 2.45101E-5 2.24329E-5 2.28721E-5 3.70836E-5 5.84093E-5 8.50036E-5 1.16666E-4 1.64428E-4 2.60617E-4 1.52008E-4 4.01927E-4 1.05797E-4 1.00892E-4 3.58121E-4 8.26995E-4 2.66641E-4 1.30272E-4 8.67663E-5 5.50035E-5 5.1958E-5 5.62615E-5 8.78077E-5 5.91355E-5 5.00459E-5 -9999 -9999 -9999 -9999 -9999 -9999 -9999 -9999 -9999 -9999 -9999
9.76435E-5 9.82281E-5 8.82905E-5 8.85478E-5 8.65374E-5 8.61005E-5 8.64887E-5 2.98364E-5 9.31816E-5 9.01948E-5 8.08857E-5 8.46351E-5 9.22821E-5 9.37098E-5 8.64504E-5 7.60236E-5 1.2325E-4 5.83524E-5 1.81219E-4 1.51883E-4 1.25881E-4 9.0902E-5 1.50548E-4 3.28778E-4 1.77006E-4 5.91046E-5 6.02932E-5 3.4446E-4 2.35089E-4 1.95989E-4 9.70371E-5 2.05472E-5 5.91276E-5 2.91114E-5 1.31334E-4 1.05517E-4 1.38004E-4 2.82479E-4 1.52388E-4 2.73003E-4 4.27506E-4 1.56266E-4 1.30862E-4 9.96644E-5 4.42645E-4 5.10969E-4 1.08438E-4 6.04949E-5 5.23309E-5 5.71825E-5 6.9757E-5 5.80168E-5 9.38014E-5 8.99907E-5 -9999 -9999 -9999 -9999 -9999 -9999 -9999 -9999 -9999 -9999 -9999 -9999
9.56728E-5 9.22171E-5 8.90395E-5 8.81906E-5 8.55013E-5 8.53803E-5 9.78628E-5 2.86567E-5 8.55505E-5 8.17399E-5 7.91218E-5 8.07051E-5 8.1992E-5 9.06914E-5 8.62042E-5 7.37196E-5 1.1958E-4 2.34259E-4 1.07003E-4 1.00116E-4 1.53722E-4 9.75145E-5 8.57235E-5 1.27462E-4 2.19809E-4 6.84757E-5 7.50738E-5 5.47947E-5 2.51008E-4 1.09917E-4 8.82904E-5 3.41622E-5 1.76719E-4 6.9555E-5 7.81443E-5 7.77669E-5 1.66719E-4 1.71939E-4 2.91767E-4 2.39823E-4 4.31042E-4 2.01907E-4 2.4606E-4 2.47727E-4 1.1734E-4 1.36378E-4 8.22975E-5 6.03177E-5 6.28216E-5 7.25584E-5 5.60106E-5 9.20746E-5 7.6261E-5 8.54473E-5 -9999 -9999 -9999 -9999 -9999 -9999 -9999 -9999 -9999 -9999 -9999 -9999
1.01402E-4 9.71264E-5 8.75976E-5 8.43259E-5 8.38503E-5 8.59704E-5 8.86725E-5 2.73767E-5 7.63823E-5 7.42247E-5 7.16995E-5 7.19612E-5 7.68023E-5 8.2835E-5 8.75478E-5 8.67953E-5 7.85228E-5 9.10929E-5 8.72991E-5 9.91323E-5 1.01706E-4 1.02126E-4 7.41091E-5 2.62409E-5 4.36291E-5 2.0829E-5 6.98249E-5 6.62024E-5 2.0747E-4 5.47601E-4 1.07082E-4 5.23356E-5 8.30085E-5 1.13135E-4 5.60818E-5 5.43084E-5 7.02067E-5 1.69088E-4 5.09743E-4 3.19486E-4 1.42014E-4 1.90789E-4 1.33855E-4 1.14326E-4 8.12405E-5 6.02088E-5 5.62245E-5 8.36615E-5 8.47154E-5 7.99392E-5 8.68613E-5 7.05915E-4 1.6787E-3 -9999 -9999 -9999 -9999 -9999 -9999 -9999 -9999 -9999 -9999 -9999 -9999 -9999
1.36766E-4 1.07114E-4 8.59736E-5 8.83151E-5 8.33667E-5 8.14051E-5 2.76468E-5 2.62937E-5 6.80994E-5 6.7812E-5 6.53105E-5 6.79385E-5 7.18676E-5 7.68551E-5 8.21945E-5 9.39678E-5 8.4286E-5 7.31612E-5 8.54273E-5 8.47792E-5 1.07372E-4 6.91071E-5 8.57641E-5 2.22762E-5 6.59802E-5 7.75165E-5 1.88862E-4 9.75129E-5 7.33904E-5 5.75252E-5 5.59304E-5 2.50731E-4 3.35519E-4 1.11624E-4 4.00027E-5 9.31021E-5 1.10015E-4 5.38879E-4 1.85909E-4 3.36014E-4 1.87843E-4 1.94344E-4 1.27589E-4 1.05283E-4 9.09285E-5 5.66518E-5 7.29049E-5 1.77786E-4 7.98222E-5 6.25219E-5 -9999 -9999 -9999 -9999 -9999 -9999 -9999 -9999 -9999 -9999 -9999 -9999 -9999 -9999 -9999 -9999
2.20223E-4 1.27546E-4 8.5727E-5 9.43971E-5 9.02716E-5 7.72047E-5 2.57259E-5 6.66155E-5 6.39131E-5 6.40111E-5 6.26606E-5 6.23997E-5 6.69641E-5 7.00409E-5 7.38616E-5 7.9575E-5 8.37003E-5 7.65541E-5 7.81958E-5 8.04679E-5 8.69722E-5 8.43698E-5 8.97459E-5 1.33662E-4 1.75494E-4 8.50626E-5 2.98867E-4 5.75016E-4 2.24575E-4 5.40687E-5 1.11201E-4 1.7678E-4 1.80128E-4 8.12736E-5 8.49678E-5 1.13305E-4 2.22586E-4 2.16819E-4 2.42892E-4 1.13345E-4 1.64876E-4 2.0998E-4 1.58231E-4 5.89539E-5 5.41692E-5 2.46584E-4 1.31049E-4 4.3236E-5 3.40986E-5 -9999 -9999 -9999 -9999 -9999 -9999 -9999 -9999 -9999 -9999 -9999 -9999 -9999 -9999 -9999 -9999 -9999
1.5571E-4 1.19606E-4 8.61478E-5 8.43803E-5 7.98617E-5 7.42438E-5 2.49853E-5 6.22926E-5 5.8774E-5 5.66446E-5 5.5814E-5 5.67789E-5 5.92854E-5 6.42052E-5 6.85511E-5 7.29666E-5 7.45837E-5 8.04171E-5 8.67873E-5 8.50757E-5 9.96644E-5 6.90904E-5 7.21882E-5 9.7552E-5 6.36939E-5 8.12804E-5 3.01588E-4 5.04302E-4 6.8188E-5 1.27392E-4 2.25393E-4 4.68413E-4 1.28778E-4 1.42077E-4 9.81547E-5 1.29834E-4 5.58608E-5 8.77968E-5 1.62638E-4 2.03145E-4 1.91655E-4 1.08484E-4 4.86974E-5 1.04761E-4 8.09977E-5 5.55013E-5 3.45623E-5 -9999 -9999 -9999 -9999 -9999 -9999 -9999 -9999 -9999 -9999 -9999 -9999 -9999 -9999 -9999 -9999 -9999 -9999 -9999
9.97016E-5 9.33734E-5 8.62092E-5 8.12117E-5 7.673E-5 7.46718E-5 2.5107E-5 5.7815E-5 5.49442E-5 5.18864E-5 4.98944E-5 5.15278E-5 5.42557E-5 5.81325E-5 6.21316E-5 6.63267E-5 7.11579E-5 8.64268E-5 1.39768E-4 1.33793E-4 6.88928E-5 9.24202E-5 1.28634E-4 5.50926E-5 6.57329E-5 1.20036E-4 1.03619E-4 1.10701E-4 1.00844E-4 7.43394E-5 1.25045E-4 1.12961E-4 1.08598E-4 8.16358E-5 1.61601E-4 2.71541E-4 1.15179E-4 9.48107E-5 1.46555E-4 6.55526E-5 1.27849E-4 1.07101E-4 4.31642E-5 8.05647E-5 4.24053E-5 4.78261E-5 -9999 -9999 -9999 -9999 -9999 -9999 -9999 -9999 -9999 -9999 -9999 -9999 -9999 -9999 -9999 -9999 -9999 -9999 -9999 -9999
9.62066E-5 9.2245E-5 8.96365E-5 7.88895E-5 7.39422E-5 7.20154E-5 2.40509E-5 5.42147E-5 5.10237E-5 5.20779E-5 6.39949E-5 6.0104E-5 5.16138E-5 5.55129E-5 6.37925E-5 6.61339E-5 7.23876E-5 9.51847E-5 1.13182E-4 7.95782E-5 7.87036E-5 9.34363E-5 7.95639E-5 4.00381E-5 5.33308E-5 4.29885E-5 4.98973E-5 5.86986E-5 5.3219E-5 4.4305E-5 3.79869E-5 1.02106E-4 2.15275E-4 9.10293E-5 8.50438E-5 8.52092E-5 5.1933E-5 2.57103E-4 8.79131E-5 6.68581E-5 3.22705E-5 4.84444E-5 3.6239E-5 3.38948E-5 -9999 -9999 -9999 -9999 -9999 -9999 -9999 -9999 -9999 -9999 -9999 -9999 -9999 -9999 -9999 -9999 -9999 -9999 -9999 -9999 -9999 -9999
9.56947E-5 8.86582E-5 8.56109E-5 7.13829E-5 6.43621E-5 2.2565E-5 5.28802E-5 5.32846E-5 4.71792E-5 4.75572E-5 4.81871E-5 6.69716E-5 5.35088E-5 5.72104E-5 6.38642E-5 7.37055E-5 8.61636E-5 8.27267E-5 8.00173E-5 7.93093E-5 8.25609E-5 7.69023E-5 7.50501E-5 3.70759E-5 3.62828E-5 4.55961E-5 4.90844E-5 6.84324E-5 4.1221E-5 4.21152E-5 4.37409E-5 4.74251E-5 4.68693E-5 4.75579E-5 5.007E-5 4.6769E-5 5.09405E-5 6.41185E-5 5.17E-5 7.15776E-5 8.08717E-5 7.40879E-5 4.00856E-5 -9999 -9999 -9999 -9999 -9999 -9999 -9999 -9999 -9999 -9999 -9999 -9999 -9999 -9999 -9999 -9999 -9999 -9999 -9999 -9999 -9999 -9999 -9999
9.25097E-5 8.67507E-5 7.86123E-5 6.85238E-5 6.31017E-5 2.05068E-5 5.63886E-5 5.92779E-5 4.94463E-5 4.54379E-5 4.84062E-5 6.01833E-5 5.19845E-5 5.86796E-5 6.77272E-5 7.96723E-5 7.50245E-5 7.85066E-5 7.8764E-5 7.48298E-5 7.61411E-5 7.99333E-5 4.26222E-5 4.10226E-5 4.05717E-5 3.75517E-5 3.94325E-5 6.23184E-5 4.3906E-5 4.19903E-5 4.73918E-5 4.82102E-5 4.63938E-5 4.66442E-5 5.58372E-5 1.04075E-4 8.83081E-5 5.6177E-5 5.64274E-5 6.86629E-5 8.32497E-5 8.12167E-5 -9999 -9999 -9999 -9999 -9999 -9999 -9999 -9999 -9999 -9999 -9999 -9999 -9999 -9999 -9999 -9999 -9999 -9999 -9999 -9999 -9999 -9999 -9999 -9999
9.05809E-5 8.02888E-5 7.2048E-5 6.37326E-5 6.00926E-5 2.00475E-5 4.54666E-5 4.90442E-5 5.21755E-5 4.86892E-5 5.48468E-5 6.42217E-5 6.22941E-5 6.54906E-5 7.12206E-5 7.63438E-5 7.31007E-5 7.76066E-5 7.96746E-5 7.8103E-5 4.11944E-5 3.95758E-5 4.5854E-5 4.12234E-5 4.1694E-5 4.1013E-5 4.09131E-5 4.29976E-5 4.51273E-5 4.6197E-5 4.64682E-5 5.05038E-5 4.58825E-5 5.48142E-5 5.96207E-5 1.33033E-4 1.01319E-4 6.8483E-5 6.495E-5 7.51006E-5 1.11133E-4 -9999 -9999 -9999 -9999 -9999 -9999 -9999 -9999 -9999 -9999 -9999 -9999 -9999 -9999 -9999 -9999 -9999 -9999 -9999 -9999 -9999 -9999 -9999 -9999 -9999
7.88358E-5 7.03383E-5 6.3816E-5 5.90071E-5 1.10325E-5 4.57659E-5 4.71825E-5 5.0599E-5 5.43071E-5 6.04674E-5 8.13388E-5 8.77531E-5 6.79179E-5 7.31958E-5 7.17201E-5 5.91809E-5 3.45693E-5 3.73392E-5 4.07972E-5 4.12985E-5 4.05882E-5 3.81997E-5 4.70965E-5 4.22658E-5 5.88063E-5 4.97722E-5 4.27294E-5 4.931E-5 5.80788E-5 4.51758E-5 4.41495E-5 4.60347E-5 4.97113E-5 6.64479E-5 6.91794E-5 6.10217E-5 8.34718E-5 8.83704E-5 8.18141E-5 7.64577E-5 6.82374E-5 -9999 -9999 -9999 -9999 -9999 -9999 -9999 -9999 -9999 -9999 -9999 -9999 -9999 -9999 -9999 -9999 -9999 -9999 -9999 -9999 -9999 -9999 -9999 -9999 -9999
7.26569E-5 6.52216E-5 5.94998E-5 5.68703E-5 2.07827E-5 4.85777E-5 5.14481E-5 5.57674E-5 6.23834E-5 6.72401E-5 7.91558E-5 6.84892E-5 6.67564E-5 3.61397E-5 3.38403E-5 3.14525E-5 3.21585E-5 3.50272E-5 3.9624E-5 4.31836E-5 4.03099E-5 5.01081E-5 6.80815E-5 4.36462E-5 5.80411E-5 5.22398E-5 4.49052E-5 4.32625E-5 4.79573E-5 4.76095E-5 4.94961E-5 5.04533E-5 5.04095E-5 6.42663E-5 8.67546E-5 6.47709E-5 5.80734E-5 6.45196E-5 7.07699E-5 6.6839E-5 5.92644E-5 4.72752E-5 -9999 -9999 -9999 -9999 -9999 -9999 -9999 -9999 -9999 -9999 -9999 -9999 -9999 -9999 -9999 -9999 -9999 -9999 -9999 -9999 -9999 -9999 -9999 -9999
7.19933E-5 6.2682E-5 5.91651E-5 6.23213E-5 2.19971E-5 5.36768E-5 5.92934E-5 6.20701E-5 6.2882E-5 3.48957E-5 3.31075E-5 3.29871E-5 3.44976E-5 3.5458E-5 3.2787E-5 3.19929E-5 4.39806E-5 3.61786E-5 3.80303E-5 3.7641E-5 4.91002E-5 1.0514E-4 5.64104E-5 6.2655E-5 4.58352E-5 4.48485E-5 4.96972E-5 4.74903E-5 7.87881E-5 6.90166E-5 5.65366E-5 5.19643E-5 5.61104E-5 6.34223E-5 8.27265E-5 8.15826E-5 6.92918E-5 7.20143E-5 6.45592E-5 6.42243E-5 5.10796E-5 5.11836E-5 -9999 -9999 -9999 -9999 -9999 -9999 -9999 -9999 -9999 -9999 -9999 -9999 -9999 -9999 -9999 -9999 -9999 -9999 -9999 -9999 -9999 -9999 -9999 -9999
7.20522E-5 6.55199E-5 5.64765E-5 5.80902E-5 2.12577E-5 5.55208E-5 3.82279E-5 4.10352E-5 3.80154E-5 3.37331E-5 3.53462E-5 3.58749E-5 3.76884E-5 3.71812E-5 3.49966E-5 3.3792E-5 4.84066E-5 3.62284E-5 3.81003E-5 4.38604E-5 4.65929E-5 5.66781E-5 5.15417E-5 6.72061E-5 4.74726E-5 4.63123E-5 4.79867E-5 4.9762E-5 5.8822E-5 7.70016E-5 5.51341E-5 6.34877E-5 6.07749E-5 6.86772E-5 7.39327E-5 7.68958E-5 8.17531E-5 7.97829E-5 1.21278E-4 5.52749E-5 5.29092E-5 5.41971E-5 -9999 -9999 -9999 -9999 -9999 -9999 -9999 -9999 -9999 -9999 -9999 -9999 -9999 -9999 -9999 -9999 -9999 -9999 -9999 -9999 -9999 -9999 -9999 -9999
7.13684E-5 6.5711E-5 5.99445E-5 6.24161E-5 3.4581E-5 3.5528E-5 3.8651E-5 4.58405E-5 4.5235E-5 4.0602E-5 4.03684E-5 4.02697E-5 3.89428E-5 4.38136E-5 4.23177E-5 4.02024E-5 4.4691E-5 4.29041E-5 4.06478E-5 4.65738E-5 3.90737E-5 4.45444E-5 3.0169E-4 5.46162E-4 5.23357E-5 4.71672E-5 4.69968E-5 5.07342E-5 4.86769E-5 5.10974E-5 4.8151E-5 5.81835E-5 6.34004E-5 8.48881E-5 9.21247E-5 9.42751E-5 8.72221E-5 7.50616E-5 5.9037E-5 5.35459E-5 5.13071E-5 -9999 -9999 -9999 -9999 -9999 -9999 -9999 -9999 -9999 -9999 -9999 -9999 -9999 -9999 -9999 -9999 -9999 -9999 -9999 -9999 -9999 -9999 -9999 -9999 -9999
7.14976E-5 6.84123E-5 1.33081E-5 2.58295E-5 5.72004E-5 3.71974E-5 3.87538E-5 3.80718E-5 3.62502E-5 3.74439E-5 3.95367E-5 4.14103E-5 4.23418E-5 4.75833E-5 4.55139E-5 4.54481E-5 4.77152E-5 4.94749E-5 4.96822E-5 4.73512E-5 4.08274E-5 5.58975E-5 4.94074E-5 5.84212E-5 5.2196E-5 6.25155E-5 5.55934E-5 8.72905E-5 5.33225E-5 5.37221E-5 4.95662E-5 4.78626E-5 7.6876E-5 7.74837E-5 7.87122E-5 6.74668E-5 6.78376E-5 6.91988E-5 -9999 -9999 -9999 -9999 -9999 -9999 -9999 -9999 -9999 -9999 -9999 -9999 -9999 -9999 -9999 -9999 -9999 -9999 -9999 -9999 -9999 -9999 -9999 -9999 -9999 -9999 -9999 -9999
