catData/rasterBestHybridModels/Fchaus/RD_RM2_LQ/Fchaus_avg.asc
ncols         409
nrows         350
xllcorner     60.897278365
yllcorner     5.843756025
cellsize      0.0892857
NODATA_value  -9999
[rows 116 to 144 of 350, columns 198 to 263 of 409]
4.78633E-5 4.82333E-5 5.57654E-5 7.16698E-5 7.46725E-5 5.83415E-5 6.72295E-5 6.73466E-5 6.68752E-5 6.58047E-5 6.60425E-5 6.54967E-5 6.46773E-5 5.80648E-5 5.72517E-5 5.96217E-5 6.5868E-5 6.78627E-5 7.2402E-5 7.46384E-5 7.64849E-5 7.44102E-5 7.37121E-5 9.06632E-5 3.71361E-4 3.71684E-4 3.4022E-4 8.10354E-5 7.98417E-5 8.45847E-5 8.61306E-5 8.53162E-5 8.02392E-5 8.07149E-5 8.60281E-5 5.9179E-5 5.96908E-5 6.1755E-5 6.44526E-5 7.87522E-5 9.99714E-5 8.3372E-5 5.78324E-5 5.66932E-5 5.59543E-5 6.8517E-5 6.9501E-5 1.01869E-4 1.26164E-4 1.21826E-4 1.29187E-4 1.36017E-4 1.39665E-4 2.47652E-4 2.6299E-4 1.95219E-4 1.77694E-4 1.84747E-4 1.84693E-4 1.791E-4 1.79494E-4 1.8046E-4 1.82318E-4 1.85962E-4 1.84871E-4 1.72634E-4
4.87254E-5 4.98454E-5 6.98639E-5 6.78424E-5 6.53211E-5 4.91691E-5 4.90565E-5 6.43271E-5 7.14315E-5 7.17439E-5 7.53513E-5 6.92235E-5 6.59798E-5 5.83012E-5 5.82361E-5 5.8648E-5 6.30453E-5 6.70611E-5 6.79203E-5 9.56073E-5 7.71077E-5 7.95131E-5 7.54884E-5 7.41298E-5 7.15901E-5 7.10222E-5 7.37136E-5 7.69466E-5 7.84113E-5 8.43766E-5 8.62604E-5 8.58279E-5 8.5605E-5 8.84733E-5 8.56042E-5 5.59667E-5 5.51202E-5 5.55719E-5 5.8883E-5 6.31047E-5 6.87903E-5 9.81519E-5 9.92027E-5 8.01079E-5 6.55816E-5 7.03749E-5 6.95973E-5 6.35933E-5 5.83454E-5 8.47703E-5 8.55171E-5 1.30154E-4 1.31188E-4 1.41461E-4 1.50312E-4 1.65681E-4 1.64486E-4 1.8261E-4 1.81526E-4 1.81037E-4 1.79012E-4 1.69336E-4 1.40645E-4 1.58108E-4 1.58703E-4 1.38589E-4
5.23571E-5 5.55578E-5 6.53747E-5 6.61167E-5 6.55549E-5 4.93359E-5 4.80888E-5 5.42296E-5 6.78479E-5 7.07098E-5 7.16702E-5 6.76736E-5 6.39055E-5 6.53597E-5 6.44612E-5 5.95321E-5 5.99474E-5 7.09219E-5 3.3852E-4 1.87877E-4 7.75016E-5 7.80802E-5 7.85773E-5 7.83621E-5 6.8918E-5 6.73468E-5 6.98882E-5 7.55095E-5 7.3879E-5 7.32533E-5 7.68556E-5 8.29978E-5 8.64374E-5 8.98266E-5 8.76001E-5 8.54788E-5 5.76087E-5 5.6803E-5 6.41332E-5 6.02058E-5 6.00263E-5 5.5729E-5 5.66634E-5 5.64978E-5 7.75317E-5 8.20744E-5 8.35061E-5 7.69722E-5 6.23731E-5 5.71247E-5 8.86852E-5 9.10741E-5 9.21075E-5 9.84792E-5 1.00333E-4 1.42823E-4 1.41207E-4 1.63028E-4 1.78649E-4 1.77559E-4 1.39256E-4 1.32924E-4 1.5229E-4 1.46595E-4 1.5054E-4 1.3086E-4
6.88918E-5 6.77978E-5 4.64901E-5 4.55185E-5 4.99242E-5 4.99095E-5 4.89823E-5 5.52012E-5 6.20712E-5 6.09156E-5 6.69267E-5 5.8181E-5 5.86629E-5 6.40838E-5 6.23551E-5 5.8153E-5 5.84015E-5 1.97979E-4 3.69166E-4 3.97453E-4 2.03692E-4 7.86875E-5 7.77704E-5 7.56166E-5 6.87873E-5 6.86863E-5 6.80531E-5 7.12619E-5 7.56809E-5 7.20752E-5 7.05942E-5 7.69982E-5 8.36815E-5 8.55364E-5 8.65746E-5 8.81783E-5 6.04917E-5 6.31667E-5 6.47293E-5 6.43949E-5 5.8826E-5 4.69371E-5 4.66435E-5 4.79874E-5 4.88571E-5 5.24206E-5 7.76074E-5 6.91826E-5 6.48102E-5 6.44035E-5 6.10537E-5 8.63257E-5 8.82908E-5 9.1407E-5 9.73104E-5 9.73702E-5 1.00317E-4 1.00127E-4 1.14781E-4 1.60563E-4 1.58945E-4 1.49987E-4 2.78943E-4 2.58688E-4 1.95032E-4 1.74522E-4
6.35209E-5 6.43572E-5 4.63783E-5 4.53364E-5 4.50632E-5 4.41649E-5 4.86806E-5 4.91375E-5 5.03003E-5 5.09934E-5 5.2754E-5 5.64603E-5 5.80962E-5 6.06873E-5 6.08269E-5 5.91393E-5 5.91927E-5 1.17074E-4 3.64159E-4 3.6059E-4 3.70335E-4 2.78615E-4 7.66303E-5 6.89558E-5 6.81049E-5 5.84402E-5 6.03473E-5 7.40981E-5 8.45406E-5 8.62687E-5 8.37264E-5 7.89594E-5 8.21224E-5 7.59827E-5 7.51702E-5 8.2678E-5 6.22696E-5 6.45549E-5 6.496E-5 6.56928E-5 6.47667E-5 6.0335E-5 4.96609E-5 4.58674E-5 4.96169E-5 7.06946E-5 7.24418E-5 6.94922E-5 6.26067E-5 6.27945E-5 6.24469E-5 6.03868E-5 8.88812E-5 9.40964E-5 9.43271E-5 9.68589E-5 9.70684E-5 9.33718E-5 9.36325E-5 1.1421E-4 1.17508E-4 1.24428E-4 1.25092E-4 1.57646E-4 2.86981E-4 2.18776E-4
6.22641E-5 6.05863E-5 4.50135E-5 4.47653E-5 4.60886E-5 4.86683E-5 5.12387E-5 5.12148E-5 5.20414E-5 5.28436E-5 4.93012E-5 5.28301E-5 6.02686E-5 6.17518E-5 6.15752E-5 6.0138E-5 5.99357E-5 6.32897E-5 1.74234E-4 1.64729E-4 2.36474E-4 3.63746E-4 1.05121E-4 6.53398E-5 6.61183E-5 5.85006E-5 4.9999E-5 6.96446E-5 8.19305E-5 8.45163E-5 8.56384E-5 8.17683E-5 8.11855E-5 7.76137E-5 7.50265E-5 7.38461E-5 8.04184E-5 6.30053E-5 6.43129E-5 6.10232E-5 6.2402E-5 5.31201E-5 5.16279E-5 5.12898E-5 5.62966E-5 5.93729E-5 5.95054E-5 6.76848E-5 6.32686E-5 6.30718E-5 6.13933E-5 6.09744E-5 6.16226E-5 9.11988E-5 1.09346E-4 1.00024E-4 9.1535E-5 9.25867E-5 9.6597E-5 1.10163E-4 1.14554E-4 1.04675E-4 1.29794E-4 1.3376E-4 1.89172E-4 1.81498E-4
6.5166E-5 5.90835E-5 4.42873E-5 4.61919E-5 4.78296E-5 5.22333E-5 5.2882E-5 5.15148E-5 5.32399E-5 5.36935E-5 5.04716E-5 4.99592E-5 5.14036E-5 5.93317E-5 6.01039E-5 5.82824E-5 6.0629E-5 6.17343E-5 6.21745E-5 6.12902E-5 6.89822E-5 9.32486E-5 6.72736E-5 6.45941E-5 4.97003E-5 4.83357E-5 4.93798E-5 6.17046E-5 7.26547E-5 8.34627E-5 8.39001E-5 7.62239E-5 7.42688E-5 7.27325E-5 7.34375E-5 7.70922E-5 7.82895E-5 5.4048E-5 6.06411E-5 5.68514E-5 5.77575E-5 5.45582E-5 5.18355E-5 5.42356E-5 5.77912E-5 5.87615E-5 4.78712E-5 4.96658E-5 6.17183E-5 6.70804E-5 6.57906E-5 6.1851E-5 6.40464E-5 6.18703E-5 1.11714E-4 1.12152E-4 8.72009E-5 8.821E-5 9.84043E-5 1.06752E-4 1.15029E-4 8.98713E-5 1.08153E-4 1.21615E-4 1.82989E-4 2.23928E-4
6.102E-5 5.88931E-5 4.57679E-5 4.70334E-5 4.86344E-5 5.12595E-5 5.17887E-5 5.21511E-5 5.46318E-5 5.4511E-5 5.38911E-5 5.11271E-5 5.11336E-5 5.14456E-5 5.15881E-5 5.23072E-5 5.52466E-5 6.07974E-5 6.14437E-5 6.11903E-5 6.1499E-5 6.32183E-5 6.48814E-5 6.43728E-5 5.56877E-5 4.8603E-5 5.08279E-5 6.93936E-5 7.03215E-5 7.25868E-5 7.57562E-5 7.59711E-5 7.31171E-5 5.3901E-5 5.58412E-5 6.83004E-5 7.87628E-5 5.38783E-5 5.46717E-5 5.539E-5 5.5605E-5 5.65801E-5 5.23242E-5 5.88063E-5 6.28837E-5 6.4365E-5 4.83661E-5 4.89838E-5 7.29675E-5 7.09501E-5 8.02898E-5 8.94155E-5 8.84523E-5 7.2563E-5 8.50254E-5 1.21294E-4 1.08087E-4 9.59278E-5 9.74976E-5 9.79613E-5 1.04598E-4 1.05573E-4 1.09714E-4 9.37826E-5 1.11813E-4 1.41553E-4
6.18304E-5 4.46127E-5 4.66569E-5 4.81086E-5 5.09402E-5 5.19893E-5 5.28798E-5 5.16809E-5 5.40388E-5 5.43057E-5 5.4709E-5 5.17279E-5 4.99226E-5 4.95817E-5 4.86192E-5 4.88447E-5 4.9901E-5 5.80223E-5 6.07346E-5 6.0449E-5 5.99094E-5 6.13415E-5 6.29528E-5 6.26051E-5 6.11296E-5 5.93817E-5 5.93578E-5 6.04993E-5 6.97036E-5 7.20382E-5 7.29188E-5 7.50655E-5 7.35725E-5 5.69523E-5 4.89086E-5 7.80447E-5 9.6889E-5 9.5335E-5 5.74507E-5 5.61847E-5 5.56661E-5 5.6348E-5 5.53744E-5 5.60849E-5 6.16661E-5 6.41222E-5 5.08009E-5 4.68381E-5 6.87981E-5 7.1087E-5 8.18346E-5 8.70007E-5 8.53653E-5 7.04431E-5 7.13212E-5 8.46923E-5 1.23965E-4 1.24032E-4 9.6597E-5 9.38505E-5 1.03535E-4 1.02046E-4 1.09521E-4 1.03193E-4 1.00065E-4 8.51862E-5
6.15728E-5 4.42715E-5 4.52445E-5 4.9285E-5 5.17493E-5 5.25582E-5 5.24059E-5 5.33289E-5 5.40765E-5 5.34126E-5 5.31736E-5 5.22631E-5 4.75264E-5 4.73591E-5 4.76774E-5 4.94936E-5 5.02923E-5 5.08743E-5 5.25177E-5 5.74841E-5 5.60303E-5 5.75726E-5 6.04325E-5 5.81044E-5 5.8471E-5 5.88622E-5 5.93019E-5 6.23436E-5 6.7598E-5 6.81111E-5 7.13701E-5 7.74898E-5 7.10882E-5 5.48471E-5 4.87631E-5 5.00987E-5 5.95059E-5 9.86588E-5 5.85719E-5 5.54231E-5 5.49893E-5 5.52052E-5 5.61186E-5 5.75082E-5 6.16386E-5 6.24406E-5 6.3419E-5 4.61631E-5 3.68363E-5 3.85272E-5 5.46017E-5 7.13828E-5 8.08654E-5 6.81165E-5 7.32694E-5 8.09483E-5 7.12089E-5 1.07412E-4 9.27086E-5 9.39244E-5 9.53067E-5 1.07277E-4 1.18708E-4 1.22135E-4 1.09292E-4 9.00688E-5
6.22554E-5 4.42988E-5 4.71224E-5 5.11377E-5 5.20064E-5 5.11791E-5 4.90318E-5 4.97514E-5 5.13765E-5 5.11091E-5 4.77136E-5 4.7382E-5 4.62417E-5 4.50683E-5 4.65036E-5 4.91509E-5 5.04658E-5 5.07499E-5 4.95131E-5 5.05215E-5 4.95353E-5 4.94569E-5 5.35071E-5 5.63793E-5 5.69496E-5 5.72389E-5 5.87344E-5 6.40113E-5 6.81289E-5 6.73649E-5 6.95006E-5 8.18393E-5 8.40513E-5 7.86435E-5 7.22439E-5 6.94622E-5 8.55347E-5 9.60758E-5 8.42936E-5 5.6332E-5 5.66031E-5 5.67535E-5 5.85386E-5 7.49399E-5 8.14277E-5 8.31102E-5 8.29779E-5 4.65306E-5 3.48694E-5 3.51173E-5 4.8623E-5 5.41637E-5 5.99404E-5 6.68661E-5 6.63237E-5 7.24094E-5 6.64719E-5 8.75056E-5 8.90746E-5 9.09013E-5 9.72813E-5 9.95844E-5 1.00903E-4 1.05111E-4 1.02561E-4 9.44287E-5
6.25391E-5 4.56089E-5 4.81482E-5 5.21451E-5 5.15671E-5 4.70614E-5 4.48988E-5 4.34405E-5 4.40398E-5 4.5877E-5 4.6126E-5 4.55996E-5 4.43849E-5 4.41678E-5 4.73858E-5 4.85757E-5 4.84594E-5 4.92293E-5 4.82986E-5 4.82131E-5 4.80863E-5 4.76484E-5 5.00889E-5 5.2818E-5 5.46926E-5 5.46236E-5 5.65974E-5 6.44612E-5 6.73355E-5 7.00607E-5 7.55226E-5 7.81384E-5 8.33696E-5 8.30702E-5 8.06378E-5 9.03416E-5 9.80195E-5 9.26466E-5 7.74151E-5 5.64926E-5 6.12017E-5 6.16306E-5 6.17042E-5 7.34141E-5 7.68327E-5 8.18489E-5 8.23853E-5 7.1857E-5 6.02851E-5 4.16887E-5 3.53979E-5 3.88101E-5 6.39463E-5 6.51985E-5 6.42078E-5 7.05625E-5 6.68707E-5 6.03642E-5 8.85431E-5 8.73978E-5 9.35413E-5 9.50365E-5 9.29204E-5 9.30875E-5 8.90179E-5 8.78026E-5
6.46065E-5 4.69372E-5 4.90992E-5 5.07292E-5 4.62964E-5 4.39994E-5 4.32127E-5 4.26169E-5 4.31541E-5 4.55306E-5 4.55165E-5 4.61115E-5 4.65115E-5 4.60386E-5 4.59923E-5 4.73844E-5 4.76794E-5 4.8236E-5 4.72916E-5 4.90696E-5 4.90603E-5 4.90187E-5 4.84205E-5 4.65953E-5 4.75249E-5 4.83259E-5 5.11775E-5 5.9958E-5 6.55317E-5 7.0405E-5 7.59616E-5 7.65711E-5 7.97036E-5 8.10236E-5 9.04509E-5 9.88198E-5 1.00431E-4 7.26028E-5 6.57912E-5 4.80615E-5 6.25819E-5 6.19557E-5 6.1155E-5 6.24501E-5 6.47152E-5 6.71549E-5 7.48547E-5 6.81406E-5 6.80201E-5 6.78665E-5 6.06974E-5 5.90841E-5 6.11496E-5 6.04187E-5 6.25387E-5 7.13302E-5 6.33702E-5 5.83088E-5 5.9171E-5 8.38699E-5 8.93754E-5 7.29035E-5 8.32245E-5 6.69127E-5 7.81435E-5 7.61343E-5
8.90782E-5 6.36134E-5 4.9075E-5 4.74486E-5 4.3907E-5 4.28597E-5 4.18547E-5 4.16381E-5 4.24766E-5 4.55496E-5 4.7505E-5 4.79307E-5 4.75456E-5 4.45484E-5 4.35123E-5 4.69112E-5 4.72144E-5 4.76705E-5 4.9393E-5 4.98364E-5 5.04286E-5 5.00449E-5 4.7906E-5 4.80895E-5 4.73239E-5 4.64237E-5 4.75868E-5 5.42973E-5 6.26717E-5 6.67654E-5 7.38251E-5 7.41038E-5 8.22175E-5 8.61015E-5 9.45292E-5 9.70124E-5 9.74309E-5 7.71343E-5 6.56379E-5 7.32333E-5 6.86766E-5 6.6243E-5 6.51302E-5 6.42535E-5 6.39882E-5 6.30902E-5 7.11818E-5 7.49619E-5 7.30161E-5 7.30532E-5 6.41565E-5 6.09555E-5 6.03009E-5 5.97853E-5 7.01755E-5 5.86472E-5 5.50202E-5 5.3981E-5 5.56652E-5 5.20935E-5 6.36464E-5 6.31133E-5 7.10556E-5 6.56804E-5 8.0836E-5 7.8862E-5
9.00318E-5 6.43272E-5 5.08076E-5 4.84739E-5 4.46228E-5 4.29893E-5 4.27481E-5 4.30797E-5 4.51011E-5 4.76344E-5 4.65658E-5 4.50365E-5 4.61402E-5 4.534E-5 4.60625E-5 4.80561E-5 4.90831E-5 4.92384E-5 5.02377E-5 5.07884E-5 5.23316E-5 5.19415E-5 4.98943E-5 5.01853E-5 4.93217E-5 4.8775E-5 4.7781E-5 4.69583E-5 4.69144E-5 6.29104E-5 7.06134E-5 7.19003E-5 7.32644E-5 8.60067E-5 2.76733E-4 6.8566E-4 7.46702E-4 1.0303E-4 6.57833E-5 9.96674E-5 6.78199E-5 6.85126E-5 8.28273E-5 8.04414E-5 6.77358E-5 6.23452E-5 7.32162E-5 7.59922E-5 7.59281E-5 9.73107E-5 1.37213E-4 6.72691E-5 5.87568E-5 5.85092E-5 6.21889E-5 6.05597E-5 5.50734E-5 5.48473E-5 4.97441E-5 4.03379E-5 7.51931E-5 8.38125E-5 3.38711E-4 6.65564E-5 8.086E-5 8.21133E-5
4.79463E-5 5.84426E-5 5.2767E-5 5.15425E-5 5.03423E-5 4.99452E-5 4.98888E-5 5.01669E-5 4.81024E-5 4.72039E-5 4.74265E-5 4.83987E-5 5.02268E-5 4.77269E-5 4.96678E-5 5.09238E-5 4.98166E-5 4.95299E-5 4.31708E-5 4.60887E-5 5.32487E-5 5.59667E-5 5.61166E-5 5.50758E-5 5.43024E-5 5.04043E-5 4.7805E-5 4.75083E-5 4.75146E-5 5.76114E-5 6.72359E-5 6.78592E-5 7.213E-5 8.35291E-5 1.24163E-4 7.38995E-4 1.13324E-4 7.60598E-5 6.30978E-5 9.55886E-5 9.85843E-5 7.123E-5 9.15889E-5 8.71707E-5 8.31069E-5 8.30669E-5 2.55657E-4 2.59112E-4 1.65872E-4 2.59285E-4 2.52431E-4 8.70417E-5 5.98196E-5 6.55341E-5 6.83079E-5 6.25544E-5 5.08546E-5 4.26523E-5 4.61218E-5 5.19321E-5 5.68125E-5 6.50402E-5 7.04266E-5 9.81433E-5 7.26486E-5 9.91246E-5
4.73183E-5 4.88634E-5 5.02369E-5 5.20088E-5 5.18638E-5 5.14852E-5 5.19558E-5 5.16344E-5 4.89075E-5 4.84827E-5 4.95831E-5 5.12215E-5 5.07448E-5 5.05194E-5 5.16822E-5 4.92751E-5 4.42707E-5 4.30221E-5 4.18523E-5 4.40862E-5 5.14147E-5 5.36356E-5 5.63238E-5 5.54915E-5 5.32938E-5 4.90225E-5 4.94543E-5 4.83889E-5 4.81623E-5 4.87561E-5 4.95244E-5 5.66865E-5 6.62237E-5 5.6882E-5 5.78621E-5 5.87267E-5 7.67267E-5 8.3152E-5 8.288E-5 8.86871E-5 7.49233E-5 7.63319E-5 8.85816E-5 8.92906E-5 8.81035E-5 8.82278E-5 1.97721E-4 2.23154E-4 2.74836E-4 2.26246E-4 7.17886E-5 6.36526E-5 6.56639E-5 6.74023E-5 5.63854E-5 4.44497E-5 4.2794E-5 4.45897E-5 4.46874E-5 4.8201E-5 5.33496E-5 4.34413E-5 6.6963E-5 9.49777E-5 1.1397E-4 1.06444E-4
4.76171E-5 4.76523E-5 4.86374E-5 5.11888E-5 4.82536E-5 4.90485E-5 5.10357E-5 5.09716E-5 4.87602E-5 4.86246E-5 5.03733E-5 5.14559E-5 5.27823E-5 5.27089E-5 4.90891E-5 4.55648E-5 4.40203E-5 4.29634E-5 4.11207E-5 4.19076E-5 4.50874E-5 5.14759E-5 5.23799E-5 5.92419E-5 5.26657E-5 5.10889E-5 5.16314E-5 5.06335E-5 4.98679E-5 5.05622E-5 5.17457E-5 5.14649E-5 5.0998E-5 5.55013E-5 5.68952E-5 5.67503E-5 7.52094E-5 7.81332E-5 7.69312E-5 6.81741E-5 7.10342E-5 6.22741E-5 5.97009E-5 5.97038E-5 5.91262E-5 5.94804E-5 5.75383E-5 1.13952E-4 6.00283E-5 5.75727E-5 4.97026E-5 5.52767E-5 5.58413E-5 4.99033E-5 3.87601E-5 4.32463E-5 5.16508E-5 4.95107E-5 4.98787E-5 4.33971E-5 4.828E-5 4.49204E-5 4.62571E-5 8.22568E-5 1.27658E-4 1.09955E-4
4.9017E-5 4.85823E-5 4.94224E-5 4.84355E-5 4.73287E-5 4.60858E-5 4.67828E-5 4.64161E-5 4.62813E-5 4.85397E-5 4.9992E-5 5.01117E-5 5.10306E-5 4.90966E-5 4.57496E-5 4.31037E-5 4.36728E-5 4.27202E-5 4.02438E-5 4.15823E-5 4.72267E-5 4.96134E-5 5.14874E-5 5.62612E-5 6.10271E-5 7.10323E-5 5.46443E-5 5.29566E-5 5.25678E-5 5.25758E-5 5.45472E-5 5.18511E-5 5.01658E-5 5.10275E-5 5.43117E-5 5.49053E-5 5.85365E-5 6.27045E-5 6.41499E-5 6.5941E-5 6.62161E-5 6.67852E-5 4.38582E-5 4.75053E-5 5.47241E-5 6.01895E-5 5.90967E-5 5.42455E-5 4.86922E-5 4.79617E-5 4.50744E-5 3.70366E-5 3.56708E-5 3.61965E-5 3.80254E-5 3.82426E-5 6.10455E-5 5.93266E-5 5.32826E-5 4.31526E-5 4.30043E-5 5.56241E-5 5.82736E-5 1.30445E-4 1.8682E-4 1.10781E-4
5.01408E-5 5.01371E-5 4.92097E-5 4.93339E-5 4.79638E-5 4.64908E-5 4.44255E-5 4.42631E-5 4.53576E-5 4.81354E-5 4.92279E-5 4.92496E-5 4.77493E-5 4.32759E-5 4.14313E-5 3.92889E-5 4.10462E-5 4.06497E-5 3.97105E-5 4.29339E-5 4.55987E-5 5.03053E-5 6.52858E-5 5.88671E-5 5.87995E-5 5.8838E-5 5.81745E-5 7.6712E-5 8.03054E-5 8.66999E-5 8.45352E-5 5.24416E-5 4.91832E-5 4.98046E-5 5.1201E-5 5.18845E-5 4.95531E-5 5.18325E-5 5.30529E-5 5.39358E-5 5.43022E-5 5.44043E-5 3.26188E-5 3.41543E-5 3.62173E-5 5.64514E-5 5.83625E-5 5.07423E-5 5.06768E-5 5.01344E-5 4.18324E-5 3.7623E-5 3.66098E-5 3.70845E-5 3.71117E-5 3.66473E-5 4.01632E-5 4.29848E-5 4.5197E-5 4.32654E-5 4.80919E-5 5.45204E-5 5.51453E-5 9.75927E-5 8.63181E-5 1.19336E-4
5.01074E-5 4.98037E-5 4.8685E-5 4.70639E-5 4.47152E-5 4.43516E-5 4.36681E-5 4.37018E-5 4.46625E-5 4.73044E-5 4.86724E-5 4.93424E-5 4.34467E-5 4.10152E-5 3.99149E-5 3.80745E-5 3.84142E-5 3.8789E-5 3.90527E-5 4.30418E-5 5.39759E-5 5.23566E-5 5.91099E-5 6.2648E-5 6.25203E-5 6.23269E-5 6.17738E-5 7.49624E-5 1.15488E-4 8.83355E-5 5.51516E-5 5.12821E-5 5.0309E-5 5.26882E-5 5.48992E-5 5.48195E-5 4.95689E-5 4.74945E-5 5.03099E-5 5.29446E-5 5.21762E-5 4.62176E-5 3.21974E-5 3.48193E-5 3.73287E-5 3.9711E-5 3.97087E-5 4.0008E-5 4.16464E-5 4.67566E-5 4.72733E-5 4.08274E-5 4.00977E-5 3.84993E-5 3.96744E-5 4.00376E-5 3.58039E-5 3.99161E-5 3.93179E-5 4.1281E-5 5.4836E-5 5.62588E-5 2.33317E-4 6.44234E-5 7.84661E-5 9.26747E-5
4.75471E-5 4.58873E-5 4.74668E-5 4.57584E-5 4.32728E-5 4.32443E-5 4.29671E-5 4.22048E-5 4.30902E-5 4.51155E-5 4.68291E-5 4.70671E-5 4.35915E-5 3.96974E-5 3.87699E-5 3.73159E-5 3.62462E-5 3.8896E-5 4.30177E-5 4.48351E-5 4.81996E-5 5.07313E-5 5.62203E-5 6.3567E-5 6.10383E-5 6.11794E-5 6.0368E-5 5.51654E-5 5.75323E-5 5.57387E-5 5.33785E-5 5.38711E-5 5.31855E-5 5.42054E-5 5.52985E-5 5.44545E-5 5.05829E-5 4.79542E-5 5.0602E-5 5.29201E-5 4.64782E-5 4.45242E-5 3.14418E-5 3.35266E-5 3.63661E-5 3.80617E-5 4.02287E-5 4.13691E-5 4.25946E-5 4.32419E-5 4.67338E-5 4.32995E-5 4.23601E-5 4.11804E-5 4.0368E-5 4.0635E-5 4.35815E-5 4.21408E-5 4.36955E-5 5.33273E-5 5.95089E-5 7.78337E-5 4.08116E-5 5.86185E-5 8.18513E-5 1.26792E-4
4.66183E-5 4.56344E-5 4.78072E-5 4.56343E-5 4.25095E-5 4.21769E-5 4.12728E-5 4.0212E-5 4.10982E-5 4.34738E-5 4.49376E-5 4.41227E-5 3.90493E-5 3.76597E-5 3.75533E-5 3.68002E-5 3.71947E-5 4.14049E-5 4.44239E-5 4.62649E-5 4.91203E-5 5.21996E-5 5.41572E-5 5.86527E-5 5.95029E-5 5.98114E-5 5.81669E-5 5.31766E-5 5.28709E-5 5.32831E-5 5.2441E-5 5.29235E-5 5.21647E-5 5.17906E-5 5.18206E-5 5.19228E-5 5.04935E-5 4.89396E-5 5.05604E-5 5.11607E-5 4.98371E-5 4.39865E-5 4.40094E-5 3.18893E-5 3.4718E-5 3.82011E-5 3.99998E-5 4.14378E-5 4.2132E-5 4.25968E-5 4.2343E-5 4.24578E-5 4.1756E-5 4.05137E-5 3.97591E-5 3.55267E-5 3.69763E-5 4.06305E-5 4.2596E-5 5.61173E-5 5.50703E-5 3.80374E-5 3.87806E-5 5.5836E-5 8.29933E-5 8.19078E-5
4.76664E-5 4.64655E-5 4.73035E-5 4.48535E-5 4.19048E-5 3.86397E-5 3.79855E-5 3.75835E-5 3.52646E-5 4.26256E-5 3.81296E-5 3.95851E-5 3.68848E-5 3.65346E-5 3.68916E-5 3.75034E-5 3.95792E-5 4.27863E-5 4.29994E-5 4.43146E-5 4.69201E-5 5.08451E-5 5.22954E-5 5.62075E-5 5.86921E-5 5.8925E-5 5.53465E-5 5.25706E-5 5.15196E-5 6.06707E-5 5.96344E-5 5.2162E-5 5.23491E-5 5.16515E-5 4.86924E-5 4.91668E-5 4.95816E-5 4.89758E-5 4.763E-5 4.84299E-5 4.90682E-5 4.63801E-5 4.46149E-5 3.03614E-5 3.24057E-5 3.35529E-5 3.50049E-5 3.80958E-5 4.00756E-5 4.09988E-5 4.20667E-5 4.2822E-5 4.20089E-5 4.38277E-5 4.19402E-5 4.06996E-5 4.00465E-5 4.05781E-5 4.83068E-5 4.5198E-5 3.83904E-5 3.86236E-5 3.97065E-5 4.21446E-5 9.28546E-5 8.72877E-5
4.8365E-5 4.66249E-5 4.48138E-5 4.238E-5 4.14529E-5 3.88914E-5 3.90339E-5 3.93969E-5 4.06572E-5 5.30593E-5 3.71006E-5 3.54761E-5 3.44127E-5 3.54777E-5 3.77595E-5 4.10147E-5 4.04324E-5 3.98851E-5 4.16479E-5 4.4725E-5 4.75406E-5 5.22779E-5 5.38319E-5 5.47946E-5 5.56366E-5 5.79273E-5 5.41233E-5 5.2553E-5 5.20397E-5 6.17899E-5 6.1891E-5 5.62104E-5 5.45941E-5 5.79984E-5 5.42982E-5 5.27671E-5 5.21038E-5 4.94986E-5 4.61808E-5 5.11883E-5 5.1649E-5 5.25262E-5 4.63625E-5 3.177E-5 3.27737E-5 3.40845E-5 3.43173E-5 3.74442E-5 4.01828E-5 3.83559E-5 4.28809E-5 5.52513E-5 5.08312E-5 5.82594E-5 5.41037E-5 4.02195E-5 3.73031E-5 4.18642E-5 3.74709E-5 3.7914E-5 4.34483E-5 4.27447E-5 4.06321E-5 4.15302E-5 7.039E-5 1.01865E-4
4.8503E-5 4.68057E-5 4.48727E-5 4.28119E-5 4.22738E-5 4.34308E-5 4.35646E-5 4.36958E-5 4.40397E-5 4.43872E-5 4.16219E-5 3.86573E-5 3.96575E-5 4.02846E-5 3.91845E-5 4.00975E-5 3.99676E-5 4.18503E-5 4.43382E-5 4.60503E-5 4.88261E-5 5.41654E-5 5.87053E-5 7.53695E-5 5.99024E-5 5.5422E-5 5.6632E-5 5.38117E-5 5.2752E-5 5.21078E-5 5.93073E-5 5.91907E-5 6.22328E-5 6.09024E-5 5.11304E-5 4.74904E-5 4.72519E-5 4.74288E-5 4.73681E-5 5.35334E-5 5.42848E-5 5.03091E-5 4.99852E-5 3.55651E-5 3.54154E-5 6.2239E-5 4.12088E-5 4.54702E-5 3.88109E-5 3.87438E-5 3.85414E-5 4.39923E-5 3.68969E-5 3.65462E-5 3.64349E-5 3.77951E-5 3.99195E-5 3.96866E-5 4.07791E-5 4.44252E-5 4.60326E-5 4.42545E-5 4.30756E-5 4.2663E-5 5.88468E-5 7.42802E-5
5.18399E-5 4.91749E-5 4.56533E-5 4.30459E-5 4.41641E-5 4.57232E-5 4.50299E-5 4.68896E-5 4.48902E-5 4.46002E-5 4.32269E-5 4.27487E-5 4.19946E-5 3.9997E-5 3.97646E-5 4.20023E-5 4.27217E-5 4.36987E-5 4.5971E-5 4.76594E-5 4.94314E-5 5.61302E-5 6.17573E-5 6.5895E-5 5.96372E-5 5.50862E-5 5.45637E-5 5.4132E-5 5.37732E-5 5.2381E-5 6.08087E-5 6.3445E-5 5.95807E-5 5.76754E-5 5.06546E-5 5.04958E-5 5.10701E-5 5.19679E-5 5.2074E-5 5.18199E-5 5.57224E-5 5.69328E-5 5.89665E-5 4.08767E-5 3.74685E-5 3.72726E-5 3.81753E-5 3.95869E-5 3.94581E-5 3.94944E-5 3.98855E-5 3.92171E-5 3.92234E-5 3.94636E-5 4.09507E-5 4.11797E-5 4.27255E-5 4.22165E-5 6.18869E-5 6.54082E-5 4.62059E-5 4.37094E-5 4.15058E-5 4.04191E-5 5.73367E-5 7.28856E-5
5.24216E-5 5.03507E-5 5.36366E-5 4.73944E-5 4.77865E-5 4.8161E-5 4.82419E-5 4.75812E-5 4.83721E-5 4.85135E-5 4.60954E-5 4.28809E-5 4.0883E-5 4.08704E-5 4.19505E-5 4.32212E-5 4.38263E-5 4.41775E-5 4.62353E-5 4.87956E-5 5.27871E-5 5.56992E-5 6.22191E-5 6.32803E-5 6.06428E-5 5.87782E-5 5.62597E-5 5.55275E-5 6.34816E-5 5.78137E-5 5.89159E-5 5.67386E-5 5.28313E-5 6.05366E-5 5.64735E-5 6.04613E-5 6.26721E-5 5.61852E-5 5.42722E-5 5.58882E-5 5.37523E-5 5.39876E-5 5.81935E-5 4.41854E-5 4.03373E-5 3.87977E-5 3.81919E-5 4.19178E-5 4.07754E-5 4.03974E-5 4.09976E-5 4.0022E-5 3.97328E-5 4.08813E-5 4.64254E-5 4.58735E-5 4.56524E-5 6.14551E-5 6.19431E-5 6.16146E-5 6.28392E-5 4.5726E-5 4.42642E-5 6.32099E-5 6.27569E-5 5.30093E-5
5.30562E-5 5.37603E-5 5.24686E-5 5.11427E-5 5.16134E-5 4.98601E-5 4.97937E-5 5.0414E-5 4.99578E-5 4.80125E-5 4.48115E-5 4.35678E-5 4.27104E-5 4.29331E-5 4.46527E-5 4.66769E-5 4.79652E-5 4.80088E-5 4.9216E-5 4.93829E-5 5.21444E-5 8.73547E-5 6.15358E-5 6.16606E-5 6.15711E-5 6.17054E-5 6.22737E-5 5.9608E-5 6.0709E-5 6.52319E-5 5.73613E-5 5.01766E-5 5.10278E-5 6.46444E-5 5.63792E-5 5.71928E-5 5.9895E-5 5.74945E-5 5.72673E-5 5.9788E-5 5.69895E-5 5.79161E-5 5.91981E-5 4.08229E-5 3.97216E-5 3.99256E-5 4.33876E-5 4.32388E-5 4.42564E-5 4.57113E-5 4.20119E-5 4.08591E-5 3.93628E-5 4.01078E-5 4.04953E-5 4.46728E-5 4.61402E-5 6.6799E-5 7.05304E-5 7.01399E-5 6.4972E-5 9.0166E-5 6.73523E-5 6.80347E-5 6.67211E-5 1.09647E-4
