catData/rasterBestHybridModels/Fchaus/RD_RM2_LQ/Fchaus_avg.asc
ncols         409
nrows         350
xllcorner     60.897278365
yllcorner     5.843756025
cellsize      0.0892857
NODATA_value  -9999
[rows 0 to 28 of 350, columns 132 to 197 of 409]
-9999 -9999 -9999 -9999 -9999 -9999 -9999 -9999 -9999 -9999 -9999 -9999 -9999 -9999 -9999 -9999 -9999 -9999 -9999 -9999 -9999 -9999 1.9117E-8 -9999 -9999 -9999 -9999 -9999 -9999 -9999 -9999 -9999 -9999 -9999 -9999 -9999 -9999 -9999 -9999 -9999 -9999 -9999 -9999 -9999 -9999 -9999 -9999 -9999 -9999 -9999 -9999 -9999 -9999 -9999 -9999 -9999 -9999 -9999 -9999 -9999 -9999 -9999 -9999 -9999 -9999 -9999
-9999 -9999 -9999 -9999 -9999 -9999 -9999 -9999 -9999 -9999 -9999 -9999 -9999 -9999 -9999 -9999 -9999 -9999 -9999 3.4909E-8 2.32859E-8 1.9145E-8 3.19661E-8 2.86255E-8 1.57931E-8 -9999 1.81472E-8 1.12501E-8 1.17172E-8 -9999 -9999 -9999 -9999 -9999 -9999 -9999 -9999 -9999 -9999 -9999 -9999 -9999 -9999 -9999 -9999 -9999 -9999 -9999 -9999 -9999 -9999 -9999 -9999 -9999 -9999 -9999 -9999 -9999 -9999 -9999 -9999 -9999 -9999 -9999 -9999 -9999
-9999 -9999 -9999 -9999 -9999 -9999 -9999 -9999 3.96864E-7 2.28645E-7 1.59044E-7 1.27748E-7 1.47797E-7 1.33773E-7 -9999 -9999 8.50798E-8 6.15882E-8 4.9445E-8 5.49836E-8 6.42315E-8 6.68898E-8 6.66138E-8 2.9117E-8 2.5868E-8 4.79211E-8 5.08239E-8 3.54012E-8 2.24539E-8 9.29402E-9 -9999 -9999 -9999 -9999 -9999 -9999 -9999 -9999 -9999 -9999 -9999 -9999 -9999 -9999 -9999 -9999 -9999 -9999 -9999 -9999 -9999 -9999 -9999 -9999 -9999 -9999 -9999 -9999 -9999 -9999 -9999 -9999 -9999 -9999 -9999 -9999
4.83171E-7 5.1202E-7 5.38703E-7 8.77523E-7 6.76499E-7 5.12653E-7 5.3064E-7 4.08207E-7 3.10957E-7 3.22618E-7 2.2963E-7 1.58975E-7 1.12366E-7 9.9868E-8 2.41633E-7 1.56243E-7 1.09928E-7 1.20667E-7 1.56023E-7 1.27086E-7 1.03778E-7 1.19676E-7 1.51381E-7 1.2091E-7 1.08027E-7 8.80783E-8 3.7863E-8 2.00128E-8 1.70801E-8 1.83584E-8 -9999 -9999 -9999 -9999 -9999 -9999 -9999 -9999 -9999 -9999 -9999 -9999 -9999 -9999 -9999 -9999 -9999 -9999 -9999 -9999 -9999 -9999 -9999 -9999 -9999 -9999 -9999 -9999 -9999 -9999 -9999 -9999 -9999 -9999 -9999 -9999
7.16908E-7 6.83187E-7 1.09683E-6 6.31821E-7 2.71201E-7 2.08618E-7 2.0634E-7 4.29681E-7 5.65994E-7 2.82204E-7 1.74495E-7 1.9081E-7 1.8431E-7 1.43866E-7 2.6266E-7 3.15171E-7 1.189E-7 8.78411E-8 7.0929E-8 5.33315E-8 5.84336E-8 7.05218E-8 1.13302E-7 2.18448E-7 1.54895E-7 4.42204E-8 3.69577E-8 4.32247E-8 2.94685E-8 2.24573E-8 1.33831E-8 9.1543E-9 8.73498E-9 1.33421E-8 1.76485E-8 -9999 -9999 -9999 -9999 -9999 -9999 -9999 -9999 -9999 -9999 -9999 -9999 -9999 -9999 -9999 -9999 -9999 -9999 -9999 -9999 -9999 -9999 -9999 -9999 -9999 -9999 -9999 -9999 -9999 -9999 -9999
7.72322E-7 1.18208E-6 1.43278E-6 8.89408E-7 8.07796E-7 9.81485E-7 7.65073E-7 7.72207E-7 1.31132E-6 5.77017E-7 4.28551E-7 6.5649E-7 7.27583E-7 5.60465E-7 3.77545E-7 6.01695E-7 2.66691E-7 1.03152E-7 5.27969E-8 5.60456E-8 8.93208E-8 1.24966E-7 9.76086E-8 2.36457E-7 2.96577E-7 9.97229E-8 4.37401E-8 3.55735E-8 3.49315E-8 2.28081E-8 2.34625E-8 1.40659E-8 9.33817E-9 7.07449E-9 7.25822E-9 1.79973E-8 -9999 -9999 -9999 -9999 -9999 -9999 -9999 -9999 -9999 -9999 -9999 -9999 -9999 -9999 -9999 -9999 -9999 -9999 -9999 -9999 -9999 -9999 -9999 -9999 -9999 -9999 -9999 -9999 -9999 -9999
1.92428E-6 2.0555E-6 8.9393E-7 6.90131E-7 8.64442E-7 1.32207E-6 1.37014E-6 1.49526E-6 1.4849E-6 5.65412E-7 5.63274E-7 7.56989E-7 1.30019E-6 1.06876E-6 7.18549E-7 4.21907E-7 1.90066E-7 2.39908E-7 1.96907E-7 9.25605E-8 4.24147E-8 8.45443E-8 1.76739E-7 3.816E-7 4.66475E-7 1.94295E-7 1.95091E-7 8.3798E-8 6.35401E-8 3.9605E-8 3.45539E-8 2.63657E-8 1.93057E-8 1.0437E-8 -9999 1.34937E-8 -9999 -9999 -9999 -9999 -9999 -9999 -9999 -9999 -9999 -9999 -9999 -9999 -9999 -9999 -9999 -9999 -9999 -9999 -9999 -9999 -9999 -9999 -9999 -9999 -9999 -9999 -9999 -9999 -9999 -9999
2.18633E-6 1.05779E-6 6.63477E-7 8.57857E-7 1.03747E-6 1.35106E-6 2.11638E-6 3.01377E-6 1.72306E-6 8.59067E-7 6.42795E-7 6.35702E-7 1.52343E-6 1.6065E-6 5.90032E-7 2.45156E-7 2.76483E-7 5.22392E-7 4.40132E-7 2.30803E-7 2.02713E-7 9.31392E-8 8.2461E-8 2.58292E-7 6.38176E-7 1.62602E-7 9.79173E-8 7.69981E-8 1.04141E-7 9.29331E-8 1.0419E-7 5.98687E-8 2.93688E-8 1.7519E-8 1.79985E-8 1.78481E-8 2.2172E-8 -9999 -9999 -9999 -9999 -9999 -9999 -9999 -9999 -9999 -9999 -9999 -9999 -9999 -9999 -9999 -9999 -9999 -9999 -9999 -9999 -9999 -9999 -9999 -9999 -9999 -9999 -9999 -9999 -9999
1.32404E-6 1.04487E-6 1.30419E-6 1.0542E-6 1.00771E-6 1.35799E-6 1.93687E-6 3.10182E-6 1.51279E-6 1.21245E-6 1.82311E-6 1.17613E-6 2.36658E-6 1.53474E-6 5.13747E-7 3.37682E-7 4.66055E-7 7.87766E-7 8.38544E-7 4.21454E-7 5.59462E-7 7.89921E-7 5.20536E-7 4.57773E-7 5.30312E-7 6.37114E-8 2.47918E-8 2.51791E-8 2.13843E-8 4.50265E-8 9.21687E-8 7.05664E-8 3.13837E-8 2.45995E-8 4.09349E-8 3.499E-8 1.55591E-8 -9999 -9999 -9999 -9999 -9999 -9999 -9999 -9999 -9999 -9999 -9999 -9999 -9999 -9999 -9999 -9999 -9999 -9999 -9999 -9999 -9999 -9999 -9999 -9999 -9999 -9999 -9999 -9999 -9999
2.74103E-6 2.27561E-6 2.59193E-6 2.11846E-6 1.77172E-6 2.15575E-6 2.61175E-6 3.22384E-6 2.62458E-6 2.58384E-6 2.91203E-6 4.14295E-6 2.95898E-6 1.16426E-6 6.18971E-7 5.83922E-7 8.42148E-7 1.56751E-6 1.52619E-6 1.12119E-6 1.08819E-6 9.44308E-7 6.73256E-7 9.03457E-7 5.10709E-7 1.85757E-7 5.9678E-8 5.82224E-8 -9999 2.5326E-8 3.69841E-8 5.3959E-8 3.73539E-8 2.80944E-8 3.06021E-8 3.08942E-8 1.19713E-8 -9999 -9999 -9999 -9999 -9999 -9999 -9999 -9999 -9999 -9999 -9999 -9999 -9999 -9999 -9999 -9999 -9999 -9999 -9999 -9999 -9999 -9999 -9999 -9999 -9999 -9999 -9999 -9999 -9999
3.61475E-6 3.83663E-6 3.93764E-6 4.09167E-6 2.57217E-6 2.72374E-6 3.21747E-6 2.30318E-6 2.69291E-6 3.06873E-6 1.50417E-6 3.66646E-6 4.13296E-6 2.71121E-6 2.55055E-6 2.05319E-6 1.3411E-6 2.46189E-6 2.29221E-6 6.808E-7 5.31434E-7 3.23313E-7 3.31452E-7 4.21402E-7 4.54796E-7 2.15274E-7 2.08669E-7 1.86386E-7 7.93094E-8 5.3433E-8 3.29835E-8 2.86265E-8 2.37908E-8 1.77618E-8 1.61739E-8 2.4942E-8 -9999 -9999 -9999 -9999 -9999 -9999 -9999 -9999 -9999 -9999 -9999 -9999 -9999 -9999 -9999 -9999 -9999 -9999 -9999 -9999 -9999 -9999 -9999 -9999 -9999 -9999 -9999 -9999 -9999 -9999
3.65857E-6 2.79239E-6 2.56789E-6 3.81378E-6 2.6989E-6 1.76921E-6 2.60747E-6 3.19914E-6 2.18825E-6 1.68036E-6 1.26045E-6 1.61926E-6 2.95299E-6 2.43454E-6 3.09219E-6 3.68523E-6 3.64964E-6 3.87101E-6 2.80541E-6 8.12827E-7 8.20663E-7 9.29239E-7 4.11704E-7 1.54307E-7 1.38654E-7 8.54561E-8 1.67106E-7 -9999 1.32571E-7 1.0989E-7 7.32668E-8 4.44038E-8 3.47023E-8 2.21101E-8 -9999 2.31096E-8 -9999 -9999 -9999 -9999 -9999 -9999 -9999 -9999 -9999 -9999 -9999 -9999 -9999 -9999 -9999 -9999 -9999 -9999 -9999 -9999 -9999 -9999 -9999 -9999 -9999 -9999 -9999 -9999 -9999 -9999
3.72778E-6 1.70983E-6 2.30824E-6 3.23699E-6 1.87266E-6 2.5408E-6 2.25997E-6 2.45096E-6 2.94032E-6 2.42557E-6 2.22353E-6 1.52334E-6 2.3659E-6 1.31318E-6 1.67038E-6 2.40571E-6 4.15734E-6 4.9579E-6 4.56375E-6 3.28995E-6 2.70216E-6 1.13051E-6 9.72831E-7 7.27705E-7 2.23679E-7 8.06617E-8 2.28798E-7 2.82777E-7 1.67839E-7 2.42316E-7 1.82789E-7 1.39125E-7 8.09492E-8 4.68338E-8 2.85824E-8 3.87572E-8 3.43255E-8 4.1745E-8 9.18702E-9 -9999 -9999 -9999 -9999 -9999 -9999 -9999 -9999 -9999 -9999 -9999 -9999 -9999 -9999 -9999 -9999 -9999 -9999 -9999 -9999 -9999 -9999 -9999 -9999 -9999 -9999 -9999
3.15763E-6 2.36804E-6 2.62484E-6 2.86376E-6 2.33201E-6 2.64405E-6 3.51336E-6 4.48798E-6 3.34016E-6 2.65777E-6 3.00299E-6 2.19728E-6 2.02113E-6 2.28656E-6 1.76477E-6 2.1208E-6 2.9397E-6 4.54156E-6 5.32134E-6 5.5057E-6 6.12023E-6 2.39146E-6 3.10768E-6 1.77573E-6 5.5306E-7 1.41559E-7 2.10842E-7 3.05025E-7 5.0075E-7 5.13375E-7 4.14276E-7 1.79121E-7 1.16415E-7 1.12961E-7 8.59542E-8 4.42392E-8 8.28503E-8 3.47174E-8 1.03873E-8 -9999 -9999 -9999 -9999 -9999 -9999 -9999 -9999 -9999 -9999 -9999 -9999 -9999 -9999 -9999 -9999 -9999 -9999 -9999 -9999 -9999 -9999 -9999 -9999 -9999 -9999 -9999
4.66279E-6 4.77981E-6 5.47332E-6 4.6388E-6 4.57671E-6 3.69199E-6 5.51978E-6 9.06202E-6 4.67053E-6 3.63715E-6 4.81722E-6 5.76881E-6 2.47891E-6 4.27056E-6 3.06816E-6 2.0428E-6 1.90663E-6 2.14593E-6 2.61511E-6 4.39951E-6 7.11363E-6 7.29749E-6 4.87588E-6 2.25372E-6 5.01437E-7 2.58949E-7 6.35042E-7 3.00529E-7 2.60382E-7 3.33876E-7 4.83255E-7 1.95046E-7 2.25746E-7 1.28929E-7 1.18473E-7 9.09744E-8 1.20763E-7 2.99059E-8 2.85317E-8 2.68317E-8 2.7763E-8 1.52172E-8 -9999 -9999 -9999 -9999 -9999 -9999 -9999 -9999 -9999 -9999 -9999 -9999 -9999 -9999 -9999 -9999 -9999 -9999 -9999 -9999 -9999 -9999 -9999 -9999
1.22747E-5 9.76809E-6 1.0919E-5 9.04042E-6 5.70943E-6 4.4458E-6 7.81346E-6 1.23085E-5 1.00933E-5 6.85509E-6 1.20514E-5 5.35935E-6 5.24779E-6 9.1803E-6 7.50113E-6 3.22749E-6 2.1374E-6 2.10567E-6 2.76707E-6 3.76268E-6 5.76296E-6 9.22347E-6 5.48579E-6 3.23713E-6 2.89055E-6 9.65527E-7 1.47314E-6 4.8662E-7 5.76405E-7 5.31059E-7 8.25653E-7 8.53613E-7 6.86146E-7 4.88064E-7 2.88671E-7 2.92443E-7 2.60241E-7 5.59893E-8 8.59188E-8 1.03325E-7 5.83622E-8 3.32959E-8 2.2124E-8 1.26926E-8 3.30371E-9 -9999 -9999 -9999 -9999 -9999 -9999 -9999 -9999 -9999 -9999 -9999 -9999 -9999 -9999 -9999 -9999 -9999 -9999 -9999 -9999 -9999
1.51646E-5 8.17819E-6 1.36472E-5 1.01554E-5 7.13135E-6 7.04218E-6 8.22079E-6 9.2206E-6 1.75827E-5 1.59027E-5 1.47552E-5 1.23711E-5 1.27337E-5 1.30142E-5 1.06464E-5 8.13697E-6 5.01086E-6 3.06114E-6 2.64662E-6 2.83051E-6 4.41749E-6 1.03389E-5 5.35487E-6 1.20767E-6 1.17107E-6 2.89335E-6 2.81407E-6 1.81587E-6 1.53457E-6 1.14388E-6 7.37336E-7 1.13542E-6 6.34749E-7 1.46178E-7 1.47555E-7 1.90012E-7 1.4606E-7 1.9873E-7 7.06376E-8 2.19606E-8 1.43009E-8 2.52643E-8 1.11132E-8 3.69187E-9 -9999 -9999 -9999 -9999 -9999 -9999 -9999 -9999 -9999 -9999 -9999 -9999 -9999 -9999 -9999 -9999 -9999 -9999 -9999 -9999 -9999 -9999
1.95409E-5 1.76884E-5 3.55672E-5 1.56817E-5 1.77765E-5 1.86785E-5 1.94999E-5 2.29057E-5 2.22012E-5 1.96983E-5 1.82733E-5 1.69045E-5 1.46141E-5 1.37763E-5 1.39238E-5 1.38068E-5 1.17643E-5 8.7581E-6 6.60454E-6 5.28989E-6 8.95448E-6 8.8291E-6 7.35025E-6 3.47327E-6 1.27014E-6 9.55162E-7 1.06933E-6 1.21364E-6 1.32651E-6 1.44865E-6 1.08456E-6 7.9996E-7 1.40099E-6 9.48945E-7 3.86722E-7 1.41503E-7 6.48536E-8 7.97166E-8 5.95962E-8 4.36143E-8 5.54426E-8 9.54129E-8 3.3302E-8 1.55572E-8 2.27859E-8 8.67684E-9 -9999 8.15785E-9 7.93957E-9 3.02351E-9 -9999 -9999 -9999 -9999 -9999 -9999 -9999 -9999 -9999 -9999 -9999 -9999 -9999 -9999 -9999 -9999
1.37072E-5 2.05919E-5 3.30157E-5 3.54965E-5 2.41401E-5 2.46296E-5 2.42882E-5 2.98535E-5 1.66732E-5 1.28181E-5 1.75369E-5 1.48826E-5 1.85122E-5 1.64824E-5 1.15017E-5 1.55349E-5 1.46412E-5 1.8351E-5 1.68579E-5 1.57421E-5 9.69058E-6 8.07803E-6 3.20432E-6 5.70939E-6 2.8241E-6 1.2922E-6 5.93497E-7 5.10779E-7 3.89422E-7 1.05571E-6 1.78001E-6 1.5891E-6 1.14604E-6 1.45537E-6 9.82228E-7 3.71936E-7 1.21288E-7 1.29724E-7 1.04641E-7 4.00822E-8 9.3442E-8 1.18705E-7 3.30825E-8 3.56824E-8 5.44872E-8 2.19629E-8 -9999 8.09218E-9 1.22521E-8 1.15492E-8 4.67698E-9 -9999 -9999 -9999 3.97556E-9 3.67708E-9 2.99278E-9 3.93206E-9 -9999 2.7998E-9 -9999 -9999 -9999 -9999 -9999 -9999
1.43215E-5 9.76684E-6 2.04812E-5 2.312E-5 2.61118E-5 2.56066E-5 3.00618E-5 9.41273E-6 4.93151E-6 6.07104E-6 9.00777E-6 9.04787E-6 1.99231E-5 1.63725E-5 1.26498E-5 1.33825E-5 1.75753E-5 2.03091E-5 1.8445E-5 1.38394E-5 4.22594E-6 1.89793E-6 1.52995E-6 3.70519E-6 6.03035E-6 2.38895E-6 1.39544E-6 5.11979E-7 5.09459E-7 6.64094E-7 1.18352E-6 1.92742E-6 2.06601E-6 1.80313E-6 1.25538E-6 5.67248E-7 1.94264E-7 1.16391E-7 2.66692E-7 9.43994E-8 9.60305E-8 2.02433E-7 5.95194E-8 5.83391E-8 1.09594E-7 5.70897E-8 2.06448E-8 9.36613E-9 -9999 1.61934E-8 1.47639E-8 4.42357E-9 -9999 -9999 -9999 6.61122E-9 7.29895E-9 7.44429E-9 6.06461E-9 -9999 -9999 -9999 -9999 -9999 -9999 -9999
1.30037E-5 1.25961E-5 1.6066E-5 1.6887E-5 2.40893E-5 3.99184E-5 2.23208E-5 1.38235E-5 8.87221E-6 7.33896E-6 5.55053E-6 7.64936E-6 1.17613E-5 9.89115E-6 8.7617E-6 9.66562E-6 9.87462E-6 8.24715E-6 1.26337E-5 2.77035E-6 1.22001E-6 7.75719E-7 2.16188E-6 4.69342E-6 6.16501E-6 1.8707E-6 1.40281E-6 7.69464E-7 7.66267E-7 6.95295E-7 6.54539E-7 1.1077E-6 1.98331E-6 1.49893E-6 9.23365E-7 1.02889E-6 6.16718E-7 2.56931E-7 3.93099E-7 3.96754E-7 2.18464E-7 3.8791E-7 2.14853E-7 2.28035E-7 2.42557E-7 1.00292E-7 4.8934E-8 2.2676E-8 1.05731E-8 1.66985E-8 3.99306E-8 1.74038E-8 5.59013E-9 -9999 -9999 5.93599E-9 1.1038E-8 7.49003E-9 5.5044E-9 -9999 -9999 -9999 -9999 -9999 -9999 -9999
1.90015E-5 2.24925E-5 3.26496E-5 4.75532E-5 4.50051E-5 3.80502E-5 2.0867E-5 1.62547E-5 1.46474E-5 9.19614E-6 7.4832E-6 6.75501E-6 6.7421E-6 8.38926E-6 5.63701E-6 6.41746E-6 5.66049E-6 5.42996E-6 3.89266E-6 1.3966E-6 8.77993E-7 1.93256E-6 4.00848E-6 7.29502E-6 4.1061E-6 3.63547E-6 2.56348E-6 1.30071E-6 6.20819E-7 5.23798E-7 5.31537E-7 5.8065E-7 8.17645E-7 5.34816E-7 4.61659E-7 9.11367E-7 1.12506E-6 6.96971E-7 4.91854E-7 4.40528E-7 4.15246E-7 5.64044E-7 5.21405E-7 2.68628E-7 1.58571E-7 9.93741E-8 8.80439E-8 4.12554E-8 2.20193E-8 2.38846E-8 6.00077E-8 2.97852E-8 1.30729E-8 6.83224E-9 3.17934E-9 5.81543E-9 1.04824E-8 6.46705E-9 5.86599E-9 7.08101E-9 -9999 -9999 -9999 -9999 -9999 -9999
4.84601E-5 4.66033E-5 7.90729E-5 7.26323E-5 6.29616E-5 3.46657E-5 1.70516E-5 1.10127E-5 1.15735E-5 6.89719E-6 9.35554E-6 8.38038E-6 8.44806E-6 6.57169E-6 7.91858E-6 5.59313E-6 5.0684E-6 4.379E-6 3.21398E-6 2.23086E-6 1.81551E-6 1.92042E-6 2.83892E-6 4.73948E-6 2.69415E-6 2.61128E-6 2.17726E-6 1.30695E-6 1.11812E-6 8.25435E-7 8.47243E-7 7.82801E-7 6.24232E-7 4.35091E-7 4.11043E-7 5.23461E-7 9.18506E-7 7.48341E-7 4.7875E-7 2.05587E-7 1.72785E-7 2.73767E-7 3.96427E-7 1.67753E-7 8.83951E-8 9.79418E-8 7.19787E-8 4.12846E-8 2.68036E-8 -9999 3.45234E-8 5.88736E-8 3.75439E-8 9.84483E-9 7.59538E-9 8.75565E-9 1.115E-8 1.28874E-8 1.02149E-8 9.49758E-9 -9999 -9999 -9999 -9999 -9999 -9999
7.01669E-5 6.86871E-5 8.60418E-5 7.68701E-5 4.44756E-5 3.28296E-5 2.51817E-5 1.91558E-5 1.31016E-5 9.05446E-6 1.1386E-5 1.52791E-5 1.11349E-5 8.86948E-6 9.84188E-6 7.18293E-6 7.86652E-6 6.9498E-6 5.46631E-6 6.03735E-6 4.04197E-6 3.40646E-6 3.46421E-6 3.83106E-6 4.70945E-6 2.61427E-6 2.06165E-6 1.82025E-6 1.28509E-6 1.26457E-6 1.23413E-6 9.3388E-7 5.52006E-7 3.59838E-7 2.64255E-7 2.70543E-7 4.99506E-7 6.07359E-7 7.3868E-7 5.9723E-7 2.38454E-7 1.30274E-7 3.01196E-7 3.65613E-7 1.76431E-7 1.55905E-7 9.42605E-8 4.23084E-8 3.40669E-8 2.96582E-8 2.62672E-8 3.81725E-8 9.70861E-8 5.15832E-8 2.49032E-8 1.18199E-8 9.82498E-9 1.72507E-8 1.77144E-8 1.98374E-8 1.48398E-8 -9999 -9999 -9999 -9999 -9999
5.45147E-5 1.03081E-4 9.6691E-5 6.3416E-5 5.4087E-5 5.09677E-5 3.42846E-5 2.09778E-5 1.33028E-5 1.80335E-5 2.25348E-5 1.69525E-5 1.45733E-5 1.42841E-5 1.01684E-5 8.58424E-6 1.31538E-5 1.22478E-5 9.6588E-6 9.72208E-6 5.37729E-6 5.05392E-6 3.25023E-6 3.63879E-6 4.73805E-6 2.98473E-6 2.19303E-6 1.94592E-6 1.58623E-6 1.3261E-6 1.33774E-6 1.02513E-6 6.00967E-7 3.80853E-7 2.72615E-7 2.46657E-7 2.5903E-7 3.03508E-7 7.38428E-7 1.0426E-6 2.95459E-7 1.53451E-7 1.98009E-7 3.04582E-7 2.38569E-7 2.91365E-7 2.36795E-7 1.08112E-7 7.89686E-8 7.93471E-8 7.02509E-8 2.48189E-8 4.73476E-8 1.67446E-7 4.64736E-8 1.34981E-8 6.72904E-9 7.28485E-9 8.93523E-9 1.41795E-8 2.38238E-8 -9999 -9999 -9999 -9999 -9999
5.75764E-5 8.25167E-5 9.96406E-5 6.66669E-5 6.44123E-5 5.27155E-5 5.32066E-5 2.32765E-5 2.11501E-5 3.31873E-5 2.55095E-5 1.23301E-5 1.19718E-5 1.10216E-5 1.14201E-5 1.32677E-5 1.90643E-5 1.93249E-5 1.74574E-5 1.62087E-5 1.90393E-5 1.15276E-5 6.28237E-6 5.86447E-6 4.20584E-6 3.59071E-6 3.79592E-6 2.85747E-6 2.03263E-6 1.64728E-6 9.75195E-7 7.36594E-7 6.83268E-7 6.46932E-7 4.4718E-7 3.89597E-7 2.62891E-7 3.54271E-7 8.53606E-7 1.2216E-6 3.58774E-7 1.79374E-7 1.31963E-7 1.35234E-7 1.13466E-7 1.70151E-7 2.50678E-7 2.81292E-7 2.59614E-7 3.01366E-7 1.54431E-7 4.23208E-8 3.09875E-8 1.13251E-7 1.63871E-7 2.51648E-8 1.03305E-8 -9999 -9999 1.26763E-8 2.35244E-8 3.34287E-8 -9999 -9999 -9999 -9999
1.17621E-4 1.12571E-4 1.46136E-4 7.48282E-5 7.2577E-5 1.22051E-4 1.09352E-4 8.50273E-5 6.95313E-5 4.54713E-5 3.71042E-5 1.2949E-5 2.20948E-5 2.71711E-5 5.08721E-5 3.55982E-5 3.60158E-5 2.09321E-5 2.13096E-5 2.0466E-5 2.04907E-5 1.53463E-5 1.55286E-5 1.15721E-5 6.55562E-6 6.48654E-6 4.05103E-6 2.45915E-6 2.07757E-6 1.77696E-6 1.37821E-6 9.53558E-7 7.73563E-7 9.4073E-7 9.24162E-7 7.90178E-7 3.96344E-7 4.90988E-7 1.33726E-6 1.41595E-6 9.64766E-7 3.70338E-7 2.51951E-7 1.6502E-7 1.35728E-7 1.03411E-7 1.36766E-7 1.99825E-7 1.29079E-7 2.06409E-7 3.0642E-7 2.97223E-7 1.68213E-7 9.01667E-8 3.64539E-7 7.67958E-8 2.05616E-8 1.18526E-8 1.49806E-8 2.08637E-8 3.47145E-8 3.74305E-8 -9999 -9999 -9999 -9999
8.34022E-5 1.14462E-4 1.12625E-4 1.55056E-4 1.55212E-4 7.90829E-5 7.4693E-5 1.43126E-4 1.38571E-4 1.00456E-4 4.15775E-5 2.67552E-5 4.24872E-5 4.40708E-5 4.66889E-5 4.78508E-5 3.63482E-5 3.58447E-5 5.11061E-5 3.26866E-5 2.89323E-5 1.43736E-5 1.56481E-5 9.92947E-6 8.68927E-6 8.96205E-6 5.4677E-6 2.65191E-6 1.89107E-6 1.53707E-6 1.15724E-6 1.21161E-6 1.35907E-6 1.33947E-6 1.64847E-6 1.7056E-6 1.43079E-6 1.50886E-6 1.97478E-6 8.62711E-7 1.0846E-6 1.1442E-6 8.6512E-7 4.71394E-7 3.20839E-7 1.29004E-7 1.20997E-7 1.18264E-7 7.18259E-8 1.27424E-7 1.14799E-7 2.59435E-7 3.34966E-7 4.95343E-7 4.71218E-7 2.97759E-7 3.92996E-8 1.9591E-8 -9999 1.33613E-8 1.94703E-8 4.65517E-8 2.21229E-8 1.14175E-8 -9999 -9999
8.88648E-5 1.19029E-4 1.23917E-4 9.05893E-5 6.40816E-5 1.73281E-4 9.14587E-5 9.01795E-5 1.35249E-4 1.16341E-4 8.63878E-5 5.12486E-5 8.64039E-5 9.12212E-5 5.91095E-5 9.17132E-5 1.05474E-4 5.61473E-5 5.07147E-5 4.37092E-5 3.80721E-5 2.65874E-5 1.59257E-5 1.01459E-5 6.38422E-6 7.26961E-6 7.12178E-6 5.47976E-6 4.12403E-6 2.24186E-6 9.77163E-7 9.62771E-7 8.53661E-7 7.25552E-7 7.29971E-7 6.32409E-7 1.62906E-6 1.188E-6 2.47491E-6 1.96289E-6 1.02346E-6 9.62954E-7 1.14433E-6 1.16631E-6 8.01751E-7 2.34973E-7 1.25196E-7 9.37452E-8 7.67911E-8 9.24614E-8 8.57124E-8 8.95864E-8 1.15763E-7 4.25126E-7 5.47183E-7 5.563E-7 1.89195E-7 3.23003E-8 1.97719E-8 1.71757E-8 1.73271E-8 5.46693E-8 2.66333E-8 1.21508E-8 7.91635E-9 1.04951E-8
