catData/rasterBestHybridModels/Fchaus/RD_RM2_LQ/Fchaus_median.asc
ncols         409
nrows         350
xllcorner     60.897278365
yllcorner     5.843756025
cellsize      0.0892857
NODATA_value  -9999
[rows 261 to 289 of 350, columns 132 to 197 of 409]
-9999 -9999 -9999 -9999 -9999 -9999 -9999 -9999 -9999 -9999 -9999 -9999 -9999 -9999 -9999 -9999 -9999 -9999 -9999 -9999 -9999 -9999 1.04337E-4 2.0461E-4 3.38624E-4 6.90121E-5 1.31883E-4 4.02755E-4 5.37003E-4 1.46156E-4 2.1611E-4 4.86225E-4 8.51792E-4 2.16757E-4 2.44998E-4 9.85889E-5 1.01023E-4 6.97653E-5 6.50218E-5 6.06106E-5 2.92435E-5 2.87449E-5 2.84775E-5 2.7824E-5 2.59693E-5 1.43319E-4 1.50156E-4 1.48293E-4 1.58604E-4 1.74535E-4 1.89652E-4 1.86691E-4 1.82326E-4 2.2948E-4 1.9461E-4 1.93765E-4 1.89267E-4 1.79934E-4 1.75458E-4 1.83672E-4 1.7333E-4 1.66202E-4 1.61954E-4 1.63695E-4 1.63851E-4 1.6547E-4
-9999 -9999 -9999 -9999 -9999 -9999 -9999 -9999 -9999 -9999 -9999 -9999 -9999 -9999 -9999 -9999 -9999 -9999 -9999 -9999 -9999 -9999 6.21581E-5 1.26936E-4 2.71947E-4 1.14968E-4 1.09973E-5 1.41835E-4 6.27228E-4 8.31617E-4 1.63327E-3 4.93066E-4 1.99378E-4 9.3807E-4 7.05704E-4 1.94807E-4 7.41025E-5 7.3427E-5 6.71212E-5 6.24129E-5 2.92732E-5 2.88822E-5 2.87729E-5 2.91675E-5 2.86476E-5 1.64986E-4 1.60629E-4 1.63165E-4 1.7168E-4 2.04488E-4 2.14392E-4 1.91658E-4 1.91224E-4 1.91508E-4 1.9363E-4 2.10075E-4 2.07141E-4 1.97334E-4 1.93066E-4 1.92434E-4 1.91481E-4 1.81787E-4 1.7863E-4 2.12874E-4 1.95054E-4 1.93362E-4
-9999 -9999 -9999 -9999 -9999 -9999 -9999 -9999 -9999 -9999 -9999 -9999 -9999 -9999 -9999 -9999 -9999 -9999 -9999 -9999 -9999 -9999 5.31935E-5 9.60458E-5 2.53002E-4 2.31072E-4 7.4067E-5 1.81058E-4 8.93637E-4 8.14601E-4 1.49518E-3 1.49188E-4 2.4807E-4 1.86051E-3 7.07308E-4 4.49156E-4 1.36426E-4 7.36181E-5 6.77386E-5 6.84094E-5 3.14863E-5 3.04899E-5 3.03369E-5 3.00726E-5 3.08928E-5 2.15285E-4 1.86846E-4 1.85614E-4 1.95353E-4 2.26469E-4 2.3698E-4 2.18274E-4 1.99866E-4 1.97602E-4 2.02204E-4 2.53985E-4 2.2698E-4 2.17374E-4 2.12195E-4 2.08644E-4 2.04033E-4 1.96958E-4 1.92493E-4 2.0921E-4 2.57188E-4 2.27129E-4
-9999 -9999 -9999 -9999 -9999 -9999 -9999 -9999 -9999 -9999 -9999 -9999 -9999 -9999 -9999 -9999 -9999 -9999 -9999 -9999 -9999 -9999 7.54684E-5 9.06189E-5 1.43344E-4 1.53411E-4 2.65405E-4 1.41502E-4 1.47975E-4 9.93924E-4 6.32318E-4 1.6657E-3 5.97877E-4 3.70015E-3 5.21333E-4 1.60687E-3 1.05436E-4 7.39471E-5 7.0728E-5 7.05075E-5 7.25082E-5 3.36695E-5 3.20067E-5 3.16951E-5 3.18322E-5 2.02417E-4 2.0572E-4 2.11126E-4 2.56065E-4 2.63557E-4 2.16475E-4 2.31121E-4 2.25088E-4 2.07847E-4 2.15152E-4 3.32899E-4 2.86879E-4 2.2569E-4 2.2262E-4 2.21703E-4 2.18843E-4 2.1487E-4 2.0591E-4 2.12701E-4 2.73907E-4 2.27614E-4
-9999 -9999 -9999 -9999 -9999 -9999 -9999 -9999 -9999 -9999 -9999 -9999 -9999 -9999 -9999 -9999 -9999 -9999 -9999 -9999 -9999 -9999 -9999 1.09245E-4 2.15323E-4 3.19885E-4 6.40964E-5 7.82578E-5 5.30737E-4 5.34962E-4 7.55316E-4 1.42004E-3 1.01245E-4 1.39751E-4 7.14731E-4 4.22802E-4 1.89499E-4 7.20616E-5 7.75941E-5 7.91265E-5 8.35498E-5 3.74452E-5 3.59447E-5 3.5117E-5 3.62611E-5 2.13191E-4 2.4065E-4 2.31675E-4 3.44072E-4 3.16492E-4 3.6235E-4 2.2475E-4 2.26374E-4 3.49014E-4 2.40912E-4 2.77182E-4 2.50487E-4 2.26781E-4 2.26123E-4 2.28046E-4 2.24712E-4 2.12302E-4 2.1088E-4 2.10521E-4 2.30096E-4 1.94127E-4
-9999 -9999 -9999 -9999 -9999 -9999 -9999 -9999 -9999 -9999 -9999 -9999 -9999 -9999 -9999 -9999 -9999 -9999 -9999 -9999 -9999 -9999 -9999 9.70922E-5 2.43555E-4 1.6848E-4 1.06272E-4 1.20925E-4 1.58484E-4 1.26239E-4 4.42373E-4 2.18768E-3 1.88622E-3 2.30083E-4 3.48206E-4 2.0572E-4 1.81597E-4 7.3036E-5 8.02965E-5 8.02377E-5 8.15197E-5 8.13671E-5 4.07154E-5 3.9536E-5 5.02635E-5 2.23337E-4 2.26143E-4 2.38532E-4 2.88581E-4 3.37956E-4 3.60892E-4 2.56415E-4 2.42917E-4 2.42688E-4 2.43812E-4 2.57623E-4 2.56298E-4 2.25847E-4 2.26283E-4 2.33923E-4 2.28594E-4 2.11631E-4 2.11137E-4 2.10526E-4 2.01078E-4 1.93442E-4
-9999 -9999 -9999 -9999 -9999 -9999 -9999 -9999 -9999 -9999 -9999 -9999 -9999 -9999 -9999 -9999 -9999 -9999 -9999 -9999 -9999 -9999 -9999 9.05769E-5 9.85458E-5 9.62368E-5 1.07625E-4 5.01411E-5 1.75009E-4 2.03497E-3 1.1867E-4 9.89647E-4 9.83255E-4 1.10278E-4 1.19231E-4 1.94889E-4 1.90952E-4 7.89456E-5 8.39901E-5 8.57526E-5 8.58553E-5 9.31526E-5 4.98193E-5 6.32876E-5 5.43979E-5 2.76021E-4 2.30605E-4 2.08068E-4 2.7557E-4 2.7017E-4 2.99471E-4 2.47919E-4 2.62261E-4 3.28689E-4 3.82219E-4 3.09217E-4 2.55701E-4 2.46733E-4 2.45009E-4 2.46314E-4 2.44261E-4 2.40057E-4 2.17192E-4 2.12803E-4 2.02295E-4 1.85095E-4
-9999 -9999 -9999 -9999 -9999 -9999 -9999 -9999 -9999 -9999 -9999 -9999 -9999 -9999 -9999 -9999 -9999 -9999 -9999 -9999 -9999 -9999 -9999 9.78959E-5 1.15228E-4 1.29625E-4 1.12521E-4 1.33881E-4 3.30612E-4 1.36528E-4 3.22676E-4 1.20179E-4 1.84701E-3 1.49265E-4 1.13245E-4 2.37713E-4 1.99378E-4 2.11027E-4 1.0312E-4 1.00416E-4 8.33649E-5 9.54933E-5 6.62322E-5 5.14817E-5 4.06099E-5 2.48572E-4 2.11302E-4 2.04044E-4 2.22253E-4 2.4044E-4 2.33279E-4 2.33723E-4 2.65106E-4 4.95539E-4 6.28822E-4 5.02418E-4 3.49252E-4 2.47333E-4 2.4496E-4 2.52097E-4 2.53098E-4 2.44607E-4 2.26648E-4 2.12714E-4 2.04112E-4 3.21353E-5
-9999 -9999 -9999 -9999 -9999 -9999 -9999 -9999 -9999 -9999 -9999 -9999 -9999 -9999 -9999 -9999 -9999 -9999 -9999 -9999 -9999 -9999 -9999 -9999 3.36056E-4 1.38721E-4 1.69378E-4 1.40497E-4 3.34153E-5 7.55371E-5 2.62617E-4 5.9378E-5 1.3939E-3 6.94455E-4 2.00566E-4 2.71381E-4 1.97156E-4 2.3339E-4 1.00877E-4 9.93094E-5 8.68611E-5 8.31859E-5 9.61787E-5 3.91037E-5 4.24882E-5 2.27975E-4 2.0065E-4 1.99233E-4 2.78559E-4 2.18429E-4 2.20795E-4 2.23583E-4 3.35895E-4 4.6981E-4 4.86197E-4 5.21038E-4 5.42128E-4 2.48007E-4 2.36359E-4 2.34128E-4 2.41546E-4 2.66184E-4 2.58045E-4 2.36732E-4 2.11563E-4 4.12158E-5
-9999 -9999 -9999 -9999 -9999 -9999 -9999 -9999 -9999 -9999 -9999 -9999 -9999 -9999 -9999 -9999 -9999 -9999 -9999 -9999 -9999 -9999 -9999 -9999 2.19618E-4 2.93153E-4 3.0973E-4 2.70389E-4 5.51344E-5 1.50801E-4 1.81027E-4 1.02117E-4 3.70339E-4 8.68652E-4 1.65441E-4 1.58358E-4 2.53717E-4 2.07944E-4 2.47978E-4 9.5227E-5 9.06056E-5 1.19897E-4 8.99924E-5 4.28825E-5 5.43604E-5 2.12286E-4 1.86016E-4 1.94357E-4 1.99714E-4 2.15252E-4 2.26813E-4 3.19937E-4 5.20676E-4 5.37137E-4 5.5939E-4 5.33378E-4 5.41745E-4 2.52557E-4 2.31106E-4 2.27531E-4 2.26377E-4 2.63534E-4 2.64962E-4 2.50946E-4 3.62786E-5 6.65129E-5
-9999 -9999 -9999 -9999 -9999 -9999 -9999 -9999 -9999 -9999 -9999 -9999 -9999 -9999 -9999 -9999 -9999 -9999 -9999 -9999 -9999 -9999 -9999 -9999 2.47523E-4 2.18039E-4 1.85465E-4 2.33095E-4 1.62862E-4 1.68185E-4 9.46623E-5 8.77528E-5 4.45369E-4 2.10081E-4 5.86201E-4 5.40831E-4 9.71686E-5 2.21075E-4 2.44295E-4 9.02071E-5 1.26894E-4 4.45477E-4 1.19154E-4 4.51793E-5 4.05923E-5 1.9558E-4 2.00724E-4 2.18934E-4 1.99406E-4 2.15553E-4 2.18862E-4 2.55134E-4 3.1447E-4 7.43695E-4 6.29857E-4 5.20996E-4 2.94333E-4 2.62067E-4 2.36008E-4 2.24799E-4 2.686E-4 2.87097E-4 2.28551E-4 2.08795E-4 3.42977E-5 7.00037E-5
-9999 -9999 -9999 -9999 -9999 -9999 -9999 -9999 -9999 -9999 -9999 -9999 -9999 -9999 -9999 -9999 -9999 -9999 -9999 -9999 -9999 -9999 -9999 -9999 1.39769E-4 1.33434E-4 2.70255E-4 3.88482E-4 2.07826E-4 2.93682E-5 5.43819E-4 1.6582E-4 1.56732E-4 2.08114E-4 3.12015E-4 3.3491E-4 5.0762E-4 8.74013E-5 2.04822E-4 2.08768E-4 8.67308E-5 1.0173E-4 9.08174E-5 9.02354E-5 3.54975E-5 2.05734E-4 2.03133E-4 2.2422E-4 2.17564E-4 2.91726E-4 3.4608E-4 3.44164E-4 2.91384E-4 3.36679E-4 3.7852E-4 2.91921E-4 2.92955E-4 2.4132E-4 2.33329E-4 2.25931E-4 2.46932E-4 2.95226E-4 3.52833E-4 3.51904E-5 6.3242E-5 7.69332E-5
-9999 -9999 -9999 -9999 -9999 -9999 -9999 -9999 -9999 -9999 -9999 -9999 -9999 -9999 -9999 -9999 -9999 -9999 -9999 -9999 -9999 -9999 -9999 -9999 -9999 1.82271E-4 2.28665E-4 4.97421E-4 2.57952E-4 9.11014E-5 6.04138E-5 1.89428E-4 1.85693E-4 2.67059E-4 4.33649E-4 2.26353E-4 4.52317E-4 2.47091E-4 8.66489E-5 2.01236E-4 8.32559E-5 9.15013E-5 1.13622E-4 1.03219E-4 4.81593E-5 2.41997E-4 2.99632E-4 3.45907E-4 3.22018E-4 4.16466E-4 3.68459E-4 5.66951E-4 3.30049E-4 1.98826E-4 2.76012E-4 5.33457E-4 2.37961E-4 2.35338E-4 2.35273E-4 2.16105E-4 2.47095E-4 2.1058E-4 6.12229E-4 5.14457E-5 5.98527E-5 6.9972E-5
-9999 -9999 -9999 -9999 -9999 -9999 -9999 -9999 -9999 -9999 -9999 -9999 -9999 -9999 -9999 -9999 -9999 -9999 -9999 -9999 -9999 -9999 -9999 -9999 -9999 -9999 2.41255E-4 4.78232E-4 4.63409E-4 2.90893E-4 5.33323E-4 2.07135E-4 1.37464E-4 2.65855E-4 3.91481E-4 4.81209E-4 5.10001E-4 2.5526E-4 8.41828E-5 8.70528E-5 2.21633E-4 8.70118E-5 9.61576E-5 8.95607E-5 9.38748E-5 2.67981E-4 7.21659E-4 5.27661E-4 3.09426E-4 5.80299E-4 3.82004E-4 6.17359E-4 2.04598E-4 2.04057E-4 5.18491E-4 2.73976E-4 2.12522E-4 2.08576E-4 2.11841E-4 2.09898E-4 2.13209E-4 1.9241E-4 3.83655E-5 4.8373E-5 3.65023E-5 6.20897E-5
-9999 -9999 -9999 -9999 -9999 -9999 -9999 -9999 -9999 -9999 -9999 -9999 -9999 -9999 -9999 -9999 -9999 -9999 -9999 -9999 -9999 -9999 -9999 -9999 -9999 -9999 2.47724E-4 3.70204E-4 2.62349E-4 1.55402E-4 3.49364E-4 1.04314E-4 1.23169E-4 1.4408E-4 4.06775E-4 4.87341E-4 2.79467E-4 2.2316E-4 2.28493E-4 8.85288E-5 2.3602E-4 9.80846E-5 8.00689E-5 8.45779E-5 1.16549E-4 6.42727E-5 4.09667E-4 8.4597E-4 3.01505E-4 2.88483E-4 4.02843E-4 2.90844E-4 2.0697E-4 2.14552E-4 4.2984E-4 4.28572E-4 2.07006E-4 2.19132E-4 2.42984E-4 2.05851E-4 2.10129E-4 1.84828E-4 3.21155E-5 3.16917E-5 5.55768E-5 5.32248E-5
-9999 -9999 -9999 -9999 -9999 -9999 -9999 -9999 -9999 -9999 -9999 -9999 -9999 -9999 -9999 -9999 -9999 -9999 -9999 -9999 -9999 -9999 -9999 -9999 -9999 -9999 -9999 2.82777E-4 1.32945E-4 1.26096E-4 2.25737E-4 1.18187E-4 1.17464E-4 1.48722E-4 1.73753E-4 3.11956E-4 6.96726E-4 1.03866E-4 2.27399E-4 3.94296E-5 8.80515E-5 2.11163E-4 1.21161E-4 1.31917E-4 1.79616E-4 1.69714E-4 2.71821E-4 3.72635E-4 3.28033E-4 2.92966E-4 2.25619E-4 4.17899E-4 2.39128E-4 1.77927E-4 2.30291E-4 3.22164E-4 2.8675E-4 1.5294E-4 2.9257E-4 1.14033E-4 1.98517E-4 3.45161E-5 3.13121E-5 3.1038E-5 5.7604E-5 1.31136E-4
-9999 -9999 -9999 -9999 -9999 -9999 -9999 -9999 -9999 -9999 -9999 -9999 -9999 -9999 -9999 -9999 -9999 -9999 -9999 -9999 -9999 -9999 -9999 -9999 -9999 -9999 -9999 1.95572E-4 3.6201E-4 5.96286E-4 2.12348E-4 2.26001E-4 1.41716E-4 1.42642E-4 1.64129E-4 1.12531E-4 4.37894E-4 2.20063E-4 2.27874E-4 2.28779E-4 8.0432E-5 1.99537E-4 8.45999E-5 2.06816E-4 2.03698E-4 1.31088E-4 4.9521E-5 2.37844E-4 2.1861E-4 2.03798E-4 1.84348E-4 3.16359E-4 2.78086E-4 2.41806E-4 4.21271E-4 3.25533E-4 4.20107E-4 3.5391E-4 2.68913E-4 1.21665E-4 3.50341E-5 3.20012E-5 3.20948E-5 3.17392E-5 1.52077E-4 8.04161E-5
-9999 -9999 -9999 -9999 -9999 -9999 -9999 -9999 -9999 -9999 -9999 -9999 -9999 -9999 -9999 -9999 -9999 -9999 -9999 -9999 -9999 -9999 -9999 -9999 -9999 -9999 -9999 -9999 1.66744E-4 5.54634E-4 2.62572E-4 3.03356E-4 1.23005E-4 1.20544E-4 3.80857E-4 3.02874E-4 1.56904E-4 1.9097E-3 2.98901E-4 2.7461E-4 8.07077E-5 1.90687E-4 1.64135E-4 2.04729E-4 3.24344E-4 2.04453E-4 6.83149E-5 3.33938E-5 2.1463E-4 2.20765E-4 1.87687E-4 1.68858E-4 2.69567E-4 3.21757E-4 4.85506E-4 4.18658E-4 6.31045E-4 7.27015E-4 2.28288E-4 2.26496E-4 3.23154E-5 3.13439E-5 2.92416E-5 2.82613E-5 1.40871E-4 8.69469E-5
-9999 -9999 -9999 -9999 -9999 -9999 -9999 -9999 -9999 -9999 -9999 -9999 -9999 -9999 -9999 -9999 -9999 -9999 -9999 -9999 -9999 -9999 -9999 -9999 -9999 -9999 -9999 -9999 2.21903E-4 1.00802E-3 5.32356E-4 2.24715E-4 1.188E-4 1.14953E-4 1.24671E-4 2.72735E-4 2.63764E-4 2.52295E-4 4.72007E-4 3.52244E-4 2.67628E-4 3.87673E-5 1.31329E-4 1.49154E-4 1.15317E-4 8.64594E-5 3.98112E-5 3.36845E-5 3.71397E-5 2.34526E-4 2.12484E-4 1.56157E-4 1.50523E-4 4.18192E-4 8.33785E-4 1.04057E-3 1.78556E-4 2.63305E-4 1.50561E-4 2.85272E-5 3.25756E-5 3.45051E-5 4.06138E-5 5.18194E-5 7.43787E-5 8.50409E-5
-9999 -9999 -9999 -9999 -9999 -9999 -9999 -9999 -9999 -9999 -9999 -9999 -9999 -9999 -9999 -9999 -9999 -9999 -9999 -9999 -9999 -9999 -9999 -9999 -9999 -9999 -9999 -9999 2.30789E-4 2.68705E-4 5.92168E-4 4.41722E-4 1.44972E-3 6.75825E-4 2.40573E-4 1.09931E-4 2.20678E-4 2.55969E-4 4.41785E-4 1.60868E-4 1.92232E-4 3.33073E-5 4.18425E-5 8.42709E-5 4.27048E-5 8.80933E-5 4.26208E-5 3.71921E-5 4.90531E-5 8.56417E-5 1.45543E-3 2.56962E-4 1.55349E-4 3.66484E-4 8.58267E-4 1.51058E-3 3.74517E-4 2.03351E-4 1.85036E-4 3.20271E-5 3.3785E-5 8.40299E-5 9.45162E-5 8.55919E-5 7.35449E-5 7.84199E-5
-9999 -9999 -9999 -9999 -9999 -9999 -9999 -9999 -9999 -9999 -9999 -9999 -9999 -9999 -9999 -9999 -9999 -9999 -9999 -9999 -9999 -9999 -9999 -9999 -9999 -9999 -9999 -9999 -9999 3.65714E-4 3.65319E-4 3.95686E-4 5.77126E-4 7.99498E-4 3.09755E-4 1.26719E-4 1.54871E-4 1.76587E-4 6.48021E-4 3.4493E-4 8.38027E-5 2.09028E-4 3.463E-5 4.41267E-5 7.38317E-5 2.14618E-4 2.20038E-4 2.36197E-4 5.32495E-4 7.08812E-4 2.06953E-4 8.4731E-4 8.14638E-4 1.15491E-3 7.20691E-4 5.87111E-4 2.45274E-4 1.46461E-4 1.7855E-4 5.58333E-5 7.52593E-5 1.57049E-4 2.6443E-4 1.06198E-4 1.02451E-4 1.54987E-4
-9999 -9999 -9999 -9999 -9999 -9999 -9999 -9999 -9999 -9999 -9999 -9999 -9999 -9999 -9999 -9999 -9999 -9999 -9999 -9999 -9999 -9999 -9999 -9999 -9999 -9999 -9999 -9999 -9999 -9999 3.87918E-4 2.5854E-4 5.00648E-4 9.56695E-5 4.33699E-4 1.58195E-4 1.77627E-4 2.09688E-4 4.41807E-4 4.39065E-4 1.44499E-4 1.90996E-4 4.21805E-4 6.28858E-4 3.31729E-5 2.10293E-4 1.10445E-4 2.82657E-4 7.1064E-4 2.55711E-3 3.86037E-4 7.46075E-4 1.03992E-3 1.19086E-3 3.54518E-4 3.72237E-4 1.77251E-4 1.50104E-4 3.14317E-5 6.82732E-5 2.31463E-4 6.35866E-4 2.25993E-4 1.70854E-4 1.26228E-4 1.50398E-4
-9999 -9999 -9999 -9999 -9999 -9999 -9999 -9999 -9999 -9999 -9999 -9999 -9999 -9999 -9999 -9999 -9999 -9999 -9999 -9999 -9999 -9999 -9999 -9999 -9999 -9999 -9999 -9999 -9999 -9999 -9999 1.59707E-4 1.46657E-4 4.52192E-4 6.42662E-4 1.67561E-4 2.55446E-4 2.16297E-4 1.69638E-4 1.70298E-4 2.82267E-4 1.52125E-3 2.21608E-3 4.71429E-4 2.1776E-4 3.65867E-5 1.05346E-4 2.18187E-4 3.12706E-4 7.02391E-4 2.70655E-4 4.51279E-4 2.52732E-4 6.04897E-5 5.37568E-5 6.92009E-5 4.24546E-5 3.41453E-5 6.43868E-5 1.57914E-4 2.57301E-4 3.19684E-4 2.33214E-4 2.10351E-4 2.87366E-4 3.02741E-4
-9999 -9999 -9999 -9999 -9999 -9999 -9999 -9999 -9999 -9999 -9999 -9999 -9999 -9999 -9999 -9999 -9999 -9999 -9999 -9999 -9999 -9999 -9999 -9999 -9999 -9999 -9999 -9999 -9999 -9999 -9999 -9999 2.49297E-4 3.35782E-4 4.77525E-4 3.14811E-4 2.62751E-4 1.65532E-4 1.39325E-4 1.27373E-4 3.55416E-4 4.6528E-4 8.98827E-4 1.74364E-3 4.14389E-4 2.25004E-4 7.39193E-4 2.94401E-4 5.96883E-4 2.93951E-4 2.31248E-4 4.16137E-4 4.42884E-4 5.40957E-5 4.57912E-5 3.91949E-5 6.8757E-5 7.59325E-5 1.54935E-4 1.69155E-4 2.67865E-4 6.03708E-4 4.6036E-4 1.17766E-4 1.15832E-4 1.92165E-4
-9999 -9999 -9999 -9999 -9999 -9999 -9999 -9999 -9999 -9999 -9999 -9999 -9999 -9999 -9999 -9999 -9999 -9999 -9999 -9999 -9999 -9999 -9999 -9999 -9999 -9999 -9999 -9999 -9999 -9999 -9999 -9999 3.28307E-4 4.0255E-4 5.17914E-4 6.68169E-4 1.94146E-4 1.37966E-4 2.0826E-4 1.7837E-4 2.34045E-4 4.93951E-4 7.46569E-4 2.2598E-3 3.99797E-4 2.9083E-4 6.41628E-4 1.44224E-4 4.86149E-4 2.63783E-4 2.59631E-4 3.64011E-4 2.00636E-4 4.95243E-5 3.82212E-5 2.46132E-5 1.1187E-4 2.05593E-4 1.74807E-4 1.96911E-4 5.30997E-4 8.00296E-4 1.56883E-3 1.11494E-4 8.49726E-5 1.01395E-4
-9999 -9999 -9999 -9999 -9999 -9999 -9999 -9999 -9999 -9999 -9999 -9999 -9999 -9999 -9999 -9999 -9999 -9999 -9999 -9999 -9999 -9999 -9999 -9999 -9999 -9999 -9999 -9999 -9999 -9999 -9999 -9999 -9999 3.60654E-4 2.26618E-4 1.76385E-4 2.52763E-4 2.45789E-4 1.98355E-4 1.21516E-4 1.49996E-4 2.4658E-4 3.07991E-4 3.51087E-4 2.3637E-4 2.27744E-4 2.23205E-4 5.15956E-4 9.74021E-4 1.8625E-4 2.31418E-4 2.65423E-4 5.54686E-4 3.28892E-4 8.06684E-5 5.32107E-5 9.17263E-5 1.70827E-4 1.6423E-4 1.60066E-4 2.35134E-4 2.44757E-4 1.1105E-4 1.21012E-4 1.07478E-4 1.35267E-4
-9999 -9999 -9999 -9999 -9999 -9999 -9999 -9999 -9999 -9999 -9999 -9999 -9999 -9999 -9999 -9999 -9999 -9999 -9999 -9999 -9999 -9999 -9999 -9999 -9999 -9999 -9999 -9999 -9999 -9999 -9999 -9999 -9999 -9999 2.20086E-4 5.91659E-4 1.49293E-4 4.35229E-4 2.52523E-4 1.45509E-4 5.05498E-4 1.32658E-4 1.56237E-4 1.75405E-4 2.36655E-4 1.71915E-4 1.73862E-4 1.63273E-4 4.29373E-4 4.42006E-5 1.37317E-4 1.43566E-4 1.5063E-4 7.7338E-5 8.82634E-5 6.05992E-5 1.04473E-4 1.6454E-4 1.6145E-4 1.62764E-4 1.4771E-4 1.28848E-4 8.35473E-5 1.85822E-4 2.01683E-4 1.25291E-4
-9999 -9999 -9999 -9999 -9999 -9999 -9999 -9999 -9999 -9999 -9999 -9999 -9999 -9999 -9999 -9999 -9999 -9999 -9999 -9999 -9999 -9999 -9999 -9999 -9999 -9999 -9999 -9999 -9999 -9999 -9999 -9999 -9999 -9999 2.83229E-4 4.50726E-4 4.66484E-4 4.0687E-4 4.75503E-4 4.7881E-4 2.1647E-4 6.93031E-4 1.86892E-4 2.23943E-4 3.41003E-4 4.75267E-4 2.50532E-4 4.34089E-4 7.03084E-5 1.23341E-4 4.77959E-5 1.47658E-4 6.02355E-5 5.78177E-5 6.60042E-5 9.43184E-5 1.87677E-4 1.62173E-4 1.58621E-4 1.56712E-4 1.41279E-4 1.30712E-4 1.14511E-4 1.2644E-4 1.30271E-4 1.57455E-4
-9999 -9999 -9999 -9999 -9999 -9999 -9999 -9999 -9999 -9999 -9999 -9999 -9999 -9999 -9999 -9999 -9999 -9999 -9999 -9999 -9999 -9999 -9999 -9999 -9999 -9999 -9999 -9999 -9999 -9999 -9999 -9999 -9999 -9999 -9999 5.53809E-4 1.38865E-4 1.17448E-4 1.46248E-3 1.50622E-4 2.81413E-4 1.53743E-4 2.57975E-4 2.32973E-4 2.0063E-4 3.10538E-4 2.86486E-4 4.50934E-5 8.4153E-5 1.00687E-4 2.10613E-4 1.48262E-4 1.86127E-4 5.4277E-5 5.66255E-5 6.49684E-5 2.02408E-4 1.89349E-4 1.2886E-4 1.27837E-4 1.27049E-4 1.19109E-4 9.10665E-5 1.32135E-4 9.70479E-5 6.95924E-5
