catData/rasterBestHybridModels/Fchaus/RD_RM2_LQ/Fchaus_median.asc
ncols         409
nrows         350
xllcorner     60.897278365
yllcorner     5.843756025
cellsize      0.0892857
NODATA_value  -9999
[rows 116 to 144 of 350, columns 198 to 263 of 409]
5.0878E-5 5.12002E-5 5.59309E-5 7.28552E-5 7.72027E-5 5.78046E-5 6.77509E-5 6.82592E-5 6.67527E-5 6.53241E-5 6.5328E-5 6.51189E-5 6.44849E-5 5.81318E-5 5.78095E-5 5.9437E-5 6.51871E-5 6.79493E-5 6.99094E-5 7.23063E-5 7.73194E-5 7.53219E-5 7.30958E-5 9.22055E-5 3.59855E-4 3.41925E-4 3.34433E-4 8.29643E-5 7.91508E-5 8.55158E-5 8.70998E-5 8.45E-5 7.91257E-5 7.9209E-5 8.4523E-5 6.38275E-5 6.45698E-5 6.7424E-5 6.99477E-5 8.73145E-5 1.16901E-4 9.33326E-5 6.10157E-5 6.04439E-5 5.87252E-5 7.37783E-5 7.41607E-5 1.01351E-4 1.32152E-4 1.28022E-4 1.36891E-4 1.4533E-4 1.48275E-4 2.4049E-4 2.53931E-4 1.94622E-4 1.78237E-4 1.8681E-4 1.87873E-4 1.84836E-4 1.82811E-4 1.82092E-4 1.82899E-4 1.83091E-4 1.84747E-4 1.75106E-4
5.10953E-5 5.18443E-5 7.09906E-5 6.90376E-5 6.48548E-5 5.13173E-5 5.16816E-5 6.37609E-5 7.30236E-5 7.35027E-5 7.40766E-5 6.89875E-5 6.50021E-5 5.79492E-5 5.80325E-5 5.84831E-5 6.23884E-5 6.68825E-5 6.78561E-5 9.74935E-5 7.56572E-5 7.99406E-5 7.62754E-5 7.50528E-5 7.09842E-5 6.9869E-5 7.29502E-5 7.85658E-5 7.78027E-5 8.31716E-5 8.7339E-5 8.70419E-5 8.68647E-5 8.71985E-5 8.38395E-5 5.98557E-5 5.85957E-5 5.93476E-5 6.31009E-5 6.81358E-5 7.33575E-5 1.15399E-4 1.16324E-4 8.84353E-5 7.092E-5 7.53565E-5 7.45336E-5 6.8546E-5 6.15421E-5 8.21181E-5 8.30013E-5 1.41297E-4 1.42383E-4 1.50969E-4 1.57894E-4 1.71748E-4 1.67579E-4 1.83732E-4 1.85075E-4 1.85257E-4 1.85384E-4 1.75165E-4 1.4489E-4 1.58365E-4 1.58877E-4 1.42353E-4
5.331E-5 5.55681E-5 6.60577E-5 6.63632E-5 6.49301E-5 5.136E-5 5.05955E-5 5.48887E-5 6.71123E-5 7.16463E-5 7.29021E-5 6.8425E-5 6.3526E-5 6.44625E-5 6.39401E-5 5.9613E-5 5.99743E-5 7.03395E-5 3.22165E-4 1.84697E-4 7.74042E-5 7.80783E-5 7.63326E-5 7.58295E-5 6.78406E-5 6.58254E-5 6.91828E-5 7.65556E-5 7.41184E-5 7.19254E-5 7.60711E-5 8.13846E-5 8.78512E-5 9.09975E-5 8.89881E-5 8.38844E-5 6.14192E-5 6.08758E-5 6.82631E-5 6.36679E-5 6.52457E-5 5.9818E-5 6.01067E-5 6.01029E-5 8.52869E-5 9.14381E-5 9.34979E-5 8.40485E-5 6.5975E-5 5.90432E-5 8.47237E-5 8.70887E-5 8.78958E-5 9.32752E-5 9.54441E-5 1.52772E-4 1.49533E-4 1.67391E-4 1.81364E-4 1.81766E-4 1.45783E-4 1.39937E-4 1.57458E-4 1.50559E-4 1.52004E-4 1.33397E-4
6.85316E-5 6.77726E-5 4.94712E-5 4.80035E-5 5.20099E-5 5.19695E-5 5.09091E-5 5.52308E-5 6.19974E-5 6.07597E-5 6.63055E-5 5.76197E-5 5.78585E-5 6.40478E-5 6.1988E-5 5.76734E-5 5.78614E-5 1.9145E-4 3.47056E-4 3.73086E-4 1.99283E-4 7.87196E-5 7.78063E-5 7.59293E-5 6.84543E-5 6.78981E-5 6.66858E-5 7.09141E-5 7.66728E-5 7.12133E-5 6.89962E-5 7.60618E-5 8.13406E-5 8.38294E-5 8.81937E-5 8.98526E-5 6.38414E-5 6.81871E-5 6.97507E-5 6.85063E-5 6.32791E-5 4.81987E-5 4.77834E-5 4.87685E-5 5.00965E-5 5.51944E-5 8.54772E-5 7.43112E-5 6.92487E-5 6.93069E-5 6.53138E-5 8.16125E-5 8.46448E-5 8.72464E-5 9.22661E-5 9.26148E-5 9.90715E-5 1.00524E-4 1.11838E-4 1.65098E-4 1.62995E-4 1.55921E-4 2.68895E-4 2.52326E-4 1.92889E-4 1.74075E-4
6.46356E-5 6.50405E-5 4.93193E-5 4.82552E-5 4.80249E-5 4.69811E-5 5.09518E-5 5.13813E-5 5.23872E-5 5.29124E-5 5.35464E-5 5.65271E-5 5.742E-5 6.01261E-5 6.13703E-5 5.92739E-5 5.90527E-5 1.19638E-4 3.41081E-4 3.25022E-4 3.49449E-4 2.67467E-4 7.66126E-5 6.86919E-5 6.81231E-5 5.87076E-5 6.01552E-5 7.21667E-5 8.62439E-5 8.82827E-5 8.13426E-5 7.67638E-5 7.94229E-5 7.52446E-5 7.47943E-5 8.07732E-5 6.61626E-5 6.87353E-5 6.96739E-5 7.06947E-5 6.96083E-5 6.58069E-5 5.18741E-5 4.67116E-5 5.04913E-5 7.68717E-5 7.89542E-5 7.51822E-5 6.71614E-5 6.7727E-5 6.61073E-5 6.36939E-5 8.487E-5 8.93794E-5 9.25509E-5 9.73209E-5 9.56763E-5 9.368E-5 9.45037E-5 1.11571E-4 1.13809E-4 1.18842E-4 1.18389E-4 1.61926E-4 2.73239E-4 2.17247E-4
6.37226E-5 6.25333E-5 4.80803E-5 4.77378E-5 4.93925E-5 5.11776E-5 5.30725E-5 5.31184E-5 5.37154E-5 5.42452E-5 5.1883E-5 5.41621E-5 5.86189E-5 6.16733E-5 6.17255E-5 5.95148E-5 5.91145E-5 6.31219E-5 1.70516E-4 1.64107E-4 2.25199E-4 3.42142E-4 1.09914E-4 6.47561E-5 6.59078E-5 5.83551E-5 5.30164E-5 6.91641E-5 7.90218E-5 8.62865E-5 8.7734E-5 8.36292E-5 8.30465E-5 7.93215E-5 7.61514E-5 7.30899E-5 7.77098E-5 6.80413E-5 6.92799E-5 6.47838E-5 6.73333E-5 5.58012E-5 5.41632E-5 5.40039E-5 6.01792E-5 6.3275E-5 6.4834E-5 7.34692E-5 6.83007E-5 6.82829E-5 6.62137E-5 6.55478E-5 6.61824E-5 8.76831E-5 1.09052E-4 9.9047E-5 9.17393E-5 9.18254E-5 9.59781E-5 1.08289E-4 1.13046E-4 1.0197E-4 1.22929E-4 1.26156E-4 1.72224E-4 1.65155E-4
6.5904E-5 6.1402E-5 4.72446E-5 4.93587E-5 5.07713E-5 5.37884E-5 5.4319E-5 5.34313E-5 5.45183E-5 5.47475E-5 5.25529E-5 5.21249E-5 5.29566E-5 5.96898E-5 5.95313E-5 5.76229E-5 6.01522E-5 6.17101E-5 6.19686E-5 6.07605E-5 6.82906E-5 9.48613E-5 6.67654E-5 6.44133E-5 5.28527E-5 5.09592E-5 5.25283E-5 6.22E-5 7.37158E-5 8.49029E-5 8.14086E-5 7.41148E-5 7.29213E-5 7.19451E-5 7.48349E-5 7.87308E-5 8.01268E-5 5.80327E-5 6.44321E-5 6.03172E-5 6.10097E-5 5.71681E-5 5.40563E-5 5.78043E-5 6.20783E-5 6.21758E-5 4.9301E-5 5.15571E-5 6.67277E-5 7.2962E-5 7.12895E-5 6.61618E-5 6.87769E-5 6.71161E-5 1.11404E-4 1.10271E-4 8.73988E-5 8.81175E-5 9.76038E-5 1.05117E-4 1.13336E-4 8.95848E-5 1.07026E-4 1.19168E-4 1.73477E-4 2.09706E-4
6.2953E-5 6.12657E-5 4.89268E-5 4.99964E-5 5.12842E-5 5.32351E-5 5.35579E-5 5.37963E-5 5.52537E-5 5.51194E-5 5.43602E-5 5.26256E-5 5.26456E-5 5.27302E-5 5.30247E-5 5.35567E-5 5.52035E-5 6.08569E-5 6.14059E-5 6.07589E-5 6.06633E-5 6.25438E-5 6.4602E-5 6.40638E-5 5.60441E-5 5.18302E-5 5.32333E-5 6.91242E-5 7.11328E-5 7.38488E-5 7.7467E-5 7.42924E-5 7.1724E-5 5.66616E-5 5.77564E-5 6.7294E-5 8.05101E-5 5.69709E-5 5.8012E-5 5.98381E-5 5.97191E-5 5.97713E-5 5.43119E-5 6.32424E-5 6.81806E-5 6.9264E-5 4.88466E-5 4.97479E-5 8.09674E-5 7.853E-5 9.08007E-5 1.03022E-4 1.0125E-4 8.07327E-5 9.83355E-5 1.19247E-4 1.07342E-4 9.66966E-5 9.77956E-5 9.88241E-5 1.03509E-4 1.01459E-4 1.05477E-4 9.09778E-5 1.10979E-4 1.34468E-4
6.37529E-5 4.75563E-5 4.95775E-5 5.06928E-5 5.28752E-5 5.36731E-5 5.3788E-5 5.32596E-5 5.41308E-5 5.43259E-5 5.47801E-5 5.33028E-5 5.2079E-5 5.17097E-5 5.08835E-5 5.11191E-5 5.16146E-5 5.7357E-5 6.03425E-5 6.01976E-5 5.98646E-5 6.04851E-5 6.24876E-5 6.27587E-5 6.09263E-5 5.91106E-5 5.89332E-5 5.95791E-5 6.96769E-5 7.21399E-5 7.40827E-5 7.42873E-5 7.30296E-5 5.87876E-5 5.1276E-5 7.53995E-5 9.57338E-5 9.72969E-5 6.17243E-5 6.09827E-5 6.07329E-5 6.08968E-5 5.84797E-5 5.92597E-5 6.67444E-5 6.88727E-5 5.1933E-5 4.79391E-5 7.50074E-5 7.81435E-5 9.26487E-5 1.01072E-4 9.96352E-5 7.74385E-5 7.88129E-5 9.70368E-5 1.22848E-4 1.22677E-4 9.59599E-5 9.35908E-5 1.02199E-4 9.73501E-5 1.04767E-4 9.93425E-5 9.97099E-5 8.39623E-5
6.35473E-5 4.68667E-5 4.78469E-5 5.14541E-5 5.32669E-5 5.36011E-5 5.34411E-5 5.37462E-5 5.4053E-5 5.40997E-5 5.39999E-5 5.33471E-5 5.01045E-5 5.00268E-5 5.02391E-5 5.15665E-5 5.17288E-5 5.16957E-5 5.27127E-5 5.74152E-5 5.62335E-5 5.80229E-5 5.98501E-5 5.75244E-5 5.8354E-5 5.87074E-5 5.90974E-5 6.12858E-5 6.70358E-5 6.74741E-5 7.2134E-5 7.91566E-5 7.01368E-5 5.75238E-5 5.06986E-5 5.29424E-5 6.01112E-5 1.00446E-4 6.22688E-5 6.06448E-5 6.00745E-5 6.05923E-5 6.13376E-5 6.14906E-5 6.65638E-5 6.77605E-5 6.78457E-5 4.73614E-5 3.60117E-5 3.81317E-5 5.84621E-5 8.06229E-5 9.30537E-5 7.50923E-5 8.21163E-5 9.16556E-5 7.98746E-5 1.07895E-4 9.40994E-5 9.48879E-5 9.60339E-5 1.07559E-4 1.17492E-4 1.20034E-4 1.08865E-4 8.76807E-5
6.33007E-5 4.61823E-5 4.92947E-5 5.26648E-5 5.30025E-5 5.23725E-5 5.09947E-5 5.11812E-5 5.24948E-5 5.24811E-5 5.01905E-5 5.01539E-5 4.92275E-5 4.81396E-5 4.9513E-5 5.12412E-5 5.19295E-5 5.15504E-5 5.08703E-5 5.14869E-5 5.07358E-5 5.08554E-5 5.40138E-5 5.61949E-5 5.66944E-5 5.69258E-5 5.83962E-5 6.35237E-5 6.78331E-5 6.64078E-5 6.84359E-5 8.31666E-5 8.59543E-5 7.59171E-5 7.0894E-5 6.76722E-5 8.2571E-5 9.78183E-5 8.59662E-5 6.07963E-5 6.14659E-5 6.17432E-5 6.28311E-5 8.45996E-5 9.29251E-5 9.49132E-5 9.4091E-5 4.83201E-5 3.40505E-5 3.48534E-5 5.11171E-5 5.88173E-5 6.45861E-5 7.35362E-5 7.23827E-5 8.1601E-5 7.40206E-5 8.52125E-5 8.77497E-5 9.29211E-5 9.85953E-5 1.00554E-4 1.01401E-4 1.05203E-4 1.03155E-4 9.49585E-5
6.31172E-5 4.75217E-5 4.98501E-5 5.30959E-5 5.25171E-5 4.93126E-5 4.66387E-5 4.52478E-5 4.66142E-5 4.87027E-5 4.91051E-5 4.86662E-5 4.75448E-5 4.71196E-5 5.02552E-5 5.08404E-5 5.00829E-5 5.0204E-5 4.97601E-5 4.98024E-5 4.9721E-5 4.9528E-5 5.14415E-5 5.35426E-5 5.4486E-5 5.50065E-5 5.63377E-5 6.40024E-5 6.68892E-5 6.9711E-5 7.5606E-5 7.59869E-5 8.51333E-5 8.46764E-5 7.75528E-5 8.87684E-5 9.72905E-5 9.45272E-5 7.49222E-5 6.10694E-5 6.52283E-5 6.58031E-5 6.65908E-5 8.31589E-5 8.81289E-5 9.39635E-5 9.4422E-5 8.02727E-5 6.46234E-5 4.26789E-5 3.50848E-5 3.90289E-5 6.9573E-5 7.13873E-5 7.03882E-5 7.93602E-5 7.41862E-5 6.55527E-5 9.1326E-5 8.99289E-5 9.61699E-5 9.77438E-5 9.54981E-5 9.17092E-5 8.76051E-5 8.69767E-5
6.4834E-5 4.87427E-5 5.02413E-5 5.14833E-5 4.78155E-5 4.55212E-5 4.50837E-5 4.46177E-5 4.54569E-5 4.87397E-5 4.84672E-5 4.91679E-5 4.95849E-5 4.88289E-5 4.86139E-5 4.93843E-5 4.92364E-5 4.92343E-5 4.88495E-5 5.00858E-5 5.02778E-5 5.03765E-5 4.99463E-5 4.88225E-5 4.9785E-5 5.03539E-5 5.2277E-5 5.92396E-5 6.48164E-5 6.92554E-5 7.60157E-5 7.69442E-5 8.05249E-5 8.19556E-5 9.16699E-5 1.00504E-4 1.0238E-4 7.36744E-5 6.44008E-5 5.14814E-5 6.77841E-5 6.64018E-5 6.52324E-5 6.77176E-5 7.09445E-5 7.43277E-5 8.45993E-5 7.56826E-5 7.55194E-5 7.54256E-5 6.50151E-5 6.34628E-5 6.64795E-5 6.54425E-5 6.85322E-5 8.01114E-5 6.9582E-5 6.2843E-5 6.40681E-5 8.10716E-5 8.70134E-5 7.02614E-5 8.03239E-5 6.53757E-5 7.58234E-5 7.37873E-5
9.36692E-5 6.6288E-5 5.01841E-5 4.91175E-5 4.57866E-5 4.51593E-5 4.40724E-5 4.38503E-5 4.48219E-5 4.83782E-5 5.06405E-5 5.07521E-5 5.06222E-5 4.71119E-5 4.58792E-5 4.87122E-5 4.86445E-5 4.85796E-5 4.96162E-5 5.03594E-5 5.10325E-5 5.09113E-5 4.96493E-5 5.00503E-5 4.95537E-5 4.87753E-5 4.97545E-5 5.46492E-5 6.24676E-5 6.60344E-5 7.2908E-5 7.24961E-5 8.25253E-5 8.6576E-5 9.53871E-5 9.81007E-5 9.86503E-5 7.82286E-5 6.61654E-5 7.45111E-5 7.65558E-5 7.31214E-5 7.0921E-5 7.03888E-5 7.01561E-5 6.87211E-5 7.91759E-5 8.48844E-5 8.2016E-5 8.31305E-5 7.07166E-5 6.63598E-5 6.55093E-5 6.42098E-5 7.96515E-5 6.32904E-5 5.89306E-5 5.83974E-5 5.92613E-5 5.54771E-5 6.38658E-5 6.34761E-5 7.21013E-5 6.55124E-5 8.25467E-5 8.07908E-5
9.48401E-5 6.59383E-5 5.24153E-5 4.96344E-5 4.72284E-5 4.55133E-5 4.49605E-5 4.49621E-5 4.73276E-5 5.03319E-5 4.90906E-5 4.6644E-5 4.79623E-5 4.68819E-5 4.83384E-5 4.95399E-5 4.96013E-5 4.97322E-5 5.08387E-5 5.07759E-5 5.21357E-5 5.22394E-5 5.11492E-5 5.1736E-5 5.12834E-5 5.07156E-5 5.00871E-5 4.97178E-5 4.99945E-5 6.15007E-5 6.95639E-5 7.05228E-5 7.13661E-5 8.58599E-5 2.68683E-4 6.30984E-4 6.8542E-4 1.04001E-4 6.59328E-5 1.00961E-4 7.53539E-5 7.63453E-5 9.61791E-5 9.36804E-5 7.55415E-5 6.72399E-5 8.32514E-5 8.66127E-5 8.64451E-5 1.18098E-4 1.67398E-4 7.52571E-5 6.33879E-5 6.31407E-5 6.91293E-5 6.61455E-5 5.87164E-5 5.84661E-5 5.34343E-5 4.19931E-5 7.25469E-5 8.21304E-5 3.08527E-4 6.54286E-5 7.82936E-5 7.92278E-5
4.90794E-5 6.01169E-5 5.34429E-5 5.18905E-5 5.13099E-5 5.14317E-5 5.18619E-5 5.2504E-5 4.98729E-5 4.90443E-5 4.9162E-5 5.02329E-5 5.18997E-5 4.87819E-5 5.07967E-5 5.17214E-5 5.06151E-5 5.11637E-5 4.46192E-5 4.81682E-5 5.32924E-5 5.6039E-5 5.6163E-5 5.49268E-5 5.42525E-5 5.15397E-5 4.99714E-5 4.99101E-5 5.0237E-5 5.7288E-5 6.64735E-5 6.6916E-5 7.1368E-5 8.48861E-5 1.27353E-4 6.40708E-4 1.14338E-4 7.69721E-5 6.20966E-5 9.63907E-5 9.95692E-5 8.05174E-5 1.09613E-4 1.03814E-4 9.70949E-5 9.70336E-5 3.21112E-4 3.2569E-4 2.07896E-4 3.24819E-4 3.16838E-4 1.02887E-4 6.50247E-5 7.31921E-5 7.73548E-5 6.90835E-5 5.49444E-5 4.49614E-5 4.93685E-5 5.65688E-5 6.12042E-5 6.37015E-5 6.83931E-5 9.95622E-5 7.0059E-5 1.04292E-4
4.90905E-5 5.01359E-5 5.11182E-5 5.24015E-5 5.22282E-5 5.23005E-5 5.35932E-5 5.33305E-5 5.0139E-5 4.96273E-5 5.06697E-5 5.26081E-5 5.2001E-5 5.22152E-5 5.37006E-5 5.11297E-5 4.53891E-5 4.43849E-5 4.36111E-5 4.63637E-5 5.24677E-5 5.43525E-5 5.63559E-5 5.55699E-5 5.28634E-5 5.04947E-5 5.09503E-5 5.04868E-5 5.04677E-5 5.07325E-5 5.14741E-5 5.61911E-5 6.57763E-5 5.66312E-5 5.74138E-5 5.87238E-5 7.71939E-5 8.36874E-5 8.34479E-5 8.94565E-5 7.17094E-5 8.79671E-5 1.06514E-4 1.07267E-4 1.05284E-4 1.04679E-4 2.50893E-4 2.81848E-4 3.43904E-4 2.855E-4 8.0797E-5 7.04716E-5 7.34114E-5 7.59076E-5 6.05386E-5 4.68925E-5 4.51727E-5 4.73741E-5 4.71836E-5 5.10848E-5 5.76863E-5 4.55967E-5 6.60052E-5 9.57793E-5 1.16345E-4 1.10243E-4
4.98231E-5 5.00949E-5 5.05506E-5 5.2183E-5 4.9951E-5 5.03431E-5 5.27674E-5 5.31279E-5 5.05505E-5 5.03926E-5 5.21556E-5 5.3467E-5 5.45485E-5 5.52607E-5 5.16446E-5 4.75692E-5 4.56548E-5 4.47042E-5 4.29451E-5 4.38912E-5 4.80862E-5 5.25897E-5 5.26888E-5 6.1008E-5 5.29E-5 5.24103E-5 5.30986E-5 5.21043E-5 5.18095E-5 5.22332E-5 5.28662E-5 5.25752E-5 5.20914E-5 5.4945E-5 5.65657E-5 5.67202E-5 7.52576E-5 7.85948E-5 7.74443E-5 6.7999E-5 7.1347E-5 6.77468E-5 6.44185E-5 6.67626E-5 6.34529E-5 6.60864E-5 6.20041E-5 1.39318E-4 6.61957E-5 6.19062E-5 5.37051E-5 5.92424E-5 5.9754E-5 5.46133E-5 4.00641E-5 4.52728E-5 5.58829E-5 5.30157E-5 5.42389E-5 4.55251E-5 5.17809E-5 4.7818E-5 4.92714E-5 8.29086E-5 1.28308E-4 1.13926E-4
5.11437E-5 5.12556E-5 5.16113E-5 5.08401E-5 4.96269E-5 4.86468E-5 4.8896E-5 4.88438E-5 4.89687E-5 5.10279E-5 5.25577E-5 5.27051E-5 5.37626E-5 5.15526E-5 4.84274E-5 4.56089E-5 4.63932E-5 4.51812E-5 4.23247E-5 4.39953E-5 4.91631E-5 5.12179E-5 5.34821E-5 5.86674E-5 6.32842E-5 7.40059E-5 5.69703E-5 5.4359E-5 5.39911E-5 5.38164E-5 5.48261E-5 5.28815E-5 5.1439E-5 5.21168E-5 5.43181E-5 5.51304E-5 5.81196E-5 6.21404E-5 6.36849E-5 6.55759E-5 6.5507E-5 6.63391E-5 4.69167E-5 5.17036E-5 5.84671E-5 6.56194E-5 6.36564E-5 5.80582E-5 5.33599E-5 5.19008E-5 4.83204E-5 3.78036E-5 3.55509E-5 3.63567E-5 3.88231E-5 3.9454E-5 6.67176E-5 6.36655E-5 5.77863E-5 4.55543E-5 4.53386E-5 5.92921E-5 6.30818E-5 1.3044E-4 1.89599E-4 1.14496E-4
5.20467E-5 5.24158E-5 5.16029E-5 5.16327E-5 5.01025E-5 4.88424E-5 4.74526E-5 4.72612E-5 4.84772E-5 5.1057E-5 5.2323E-5 5.2317E-5 5.10065E-5 4.53117E-5 4.32217E-5 4.12111E-5 4.39504E-5 4.34036E-5 4.22868E-5 4.59522E-5 4.84795E-5 5.28787E-5 6.91012E-5 6.18125E-5 6.12205E-5 5.99756E-5 5.94595E-5 7.9174E-5 8.40726E-5 9.10995E-5 8.9422E-5 5.39661E-5 5.08449E-5 5.14845E-5 5.28658E-5 5.34875E-5 5.15045E-5 5.29118E-5 5.42734E-5 5.50068E-5 5.55789E-5 5.56985E-5 3.22817E-5 3.44237E-5 3.71646E-5 6.0997E-5 6.23879E-5 5.65872E-5 5.65549E-5 5.49713E-5 4.34684E-5 3.78894E-5 3.63551E-5 3.69359E-5 3.72434E-5 3.66327E-5 4.14007E-5 4.52873E-5 4.77727E-5 4.53281E-5 5.16662E-5 5.85316E-5 5.88857E-5 1.04123E-4 8.86819E-5 1.22206E-4
5.22294E-5 5.20927E-5 5.14415E-5 5.01255E-5 4.78284E-5 4.74781E-5 4.66402E-5 4.66561E-5 4.77838E-5 5.03125E-5 5.19459E-5 5.26541E-5 4.55295E-5 4.27323E-5 4.15572E-5 3.99086E-5 4.0868E-5 4.12636E-5 4.15306E-5 4.58595E-5 5.69817E-5 5.55937E-5 6.17957E-5 6.48193E-5 6.36403E-5 6.33684E-5 6.40617E-5 7.87477E-5 1.21472E-4 9.4048E-5 5.75136E-5 5.34109E-5 5.27229E-5 5.5275E-5 5.73793E-5 5.71735E-5 5.20514E-5 5.00148E-5 5.21961E-5 5.45691E-5 5.42668E-5 4.88879E-5 3.12849E-5 3.4703E-5 3.75859E-5 4.07191E-5 4.14669E-5 4.22789E-5 4.45154E-5 5.0355E-5 5.06466E-5 4.1817E-5 4.02967E-5 3.81508E-5 3.94774E-5 4.00967E-5 3.54539E-5 4.10787E-5 4.07516E-5 4.30853E-5 5.97696E-5 6.03424E-5 2.86685E-4 6.4258E-5 7.78061E-5 9.62479E-5
5.06374E-5 4.85383E-5 5.07506E-5 4.92158E-5 4.64497E-5 4.65726E-5 4.59757E-5 4.51178E-5 4.63567E-5 4.83494E-5 5.03417E-5 5.06345E-5 4.62152E-5 4.13831E-5 4.06731E-5 3.9492E-5 3.83786E-5 4.12314E-5 4.54574E-5 4.67914E-5 5.01978E-5 5.34178E-5 5.98076E-5 6.51508E-5 6.2976E-5 6.25054E-5 6.29523E-5 5.74213E-5 6.07936E-5 5.90244E-5 5.62276E-5 5.67111E-5 5.62618E-5 5.77912E-5 5.91476E-5 5.83717E-5 5.42478E-5 5.13367E-5 5.44742E-5 5.62074E-5 4.92166E-5 4.64104E-5 3.00386E-5 3.26097E-5 3.61074E-5 3.86568E-5 4.15795E-5 4.34446E-5 4.56702E-5 4.64695E-5 5.03084E-5 4.52573E-5 4.34948E-5 4.16474E-5 4.00861E-5 3.98025E-5 4.34602E-5 4.26266E-5 4.51035E-5 5.76759E-5 6.67853E-5 9.21033E-5 4.35139E-5 5.87117E-5 8.18192E-5 1.28942E-4
4.95032E-5 4.82132E-5 5.10636E-5 4.90085E-5 4.56829E-5 4.56553E-5 4.43426E-5 4.31497E-5 4.43792E-5 4.70723E-5 4.87291E-5 4.78532E-5 4.13742E-5 3.96905E-5 3.99305E-5 3.92431E-5 3.92588E-5 4.37122E-5 4.64235E-5 4.8245E-5 5.21363E-5 5.59477E-5 5.74927E-5 6.12264E-5 6.17782E-5 6.16095E-5 6.02545E-5 5.56807E-5 5.63154E-5 5.66121E-5 5.61753E-5 5.67315E-5 5.59535E-5 5.57842E-5 5.61978E-5 5.63859E-5 5.45912E-5 5.23702E-5 5.41819E-5 5.48779E-5 5.34325E-5 4.64998E-5 4.60718E-5 3.02882E-5 3.40608E-5 3.83479E-5 4.07904E-5 4.30163E-5 4.4374E-5 4.56622E-5 4.53128E-5 4.45311E-5 4.29545E-5 4.09247E-5 3.93011E-5 3.40477E-5 3.58695E-5 4.02448E-5 4.35574E-5 6.15762E-5 6.13439E-5 3.98818E-5 4.00793E-5 5.73647E-5 8.20258E-5 8.13084E-5
5.08062E-5 4.96222E-5 5.0668E-5 4.80878E-5 4.52405E-5 4.18435E-5 4.09916E-5 4.03642E-5 3.68992E-5 4.5139E-5 4.01833E-5 4.12182E-5 3.87136E-5 3.85503E-5 3.89342E-5 3.95023E-5 4.19067E-5 4.50988E-5 4.49933E-5 4.62198E-5 4.92962E-5 5.42511E-5 5.55803E-5 5.87203E-5 6.08813E-5 6.02797E-5 5.72907E-5 5.47856E-5 5.42578E-5 6.32702E-5 6.17564E-5 5.64765E-5 5.64158E-5 5.55729E-5 5.31694E-5 5.36148E-5 5.39566E-5 5.3313E-5 5.13787E-5 5.22413E-5 5.29486E-5 4.99472E-5 4.74043E-5 2.82798E-5 3.08931E-5 3.24661E-5 3.4714E-5 3.86417E-5 4.16345E-5 4.27597E-5 4.49765E-5 4.41881E-5 4.34116E-5 4.48241E-5 4.18069E-5 3.97248E-5 3.9484E-5 4.06488E-5 5.04693E-5 4.78332E-5 4.04161E-5 4.04519E-5 4.09698E-5 4.39742E-5 9.58483E-5 8.73809E-5
5.1557E-5 4.95567E-5 4.75868E-5 4.51318E-5 4.47308E-5 4.18775E-5 4.22833E-5 4.26737E-5 4.31409E-5 5.66731E-5 3.91723E-5 3.7468E-5 3.63638E-5 3.73187E-5 3.95733E-5 4.32633E-5 4.27225E-5 4.17648E-5 4.38404E-5 4.68273E-5 5.01496E-5 5.58028E-5 5.69588E-5 5.71313E-5 5.77551E-5 5.92307E-5 5.57055E-5 5.45377E-5 5.50209E-5 6.40938E-5 6.20641E-5 5.8637E-5 5.80023E-5 6.07786E-5 5.89013E-5 5.67888E-5 5.57615E-5 5.35436E-5 4.92524E-5 5.53071E-5 5.53531E-5 5.47569E-5 5.04321E-5 2.97818E-5 3.17525E-5 3.29492E-5 3.41816E-5 3.85197E-5 4.12047E-5 4.04492E-5 4.60561E-5 5.99314E-5 5.37773E-5 5.94512E-5 5.47802E-5 4.0069E-5 3.67252E-5 4.23134E-5 3.80515E-5 3.82447E-5 4.58854E-5 4.51001E-5 4.21996E-5 4.29584E-5 6.85027E-5 1.04422E-4
5.17659E-5 4.97824E-5 4.77138E-5 4.53181E-5 4.51595E-5 4.68343E-5 4.65932E-5 4.71034E-5 4.66922E-5 4.60543E-5 4.37302E-5 4.08564E-5 4.17559E-5 4.22481E-5 4.11604E-5 4.27153E-5 4.21767E-5 4.43086E-5 4.68196E-5 4.86191E-5 5.19958E-5 5.76302E-5 6.18059E-5 7.90319E-5 6.20793E-5 5.64849E-5 5.9271E-5 5.65368E-5 5.62389E-5 5.55022E-5 6.17485E-5 6.11808E-5 6.41674E-5 6.39156E-5 5.48664E-5 5.05876E-5 5.09084E-5 5.11196E-5 5.01492E-5 5.7408E-5 5.72701E-5 5.36028E-5 5.19723E-5 3.48933E-5 3.4977E-5 6.36895E-5 4.28959E-5 4.82959E-5 4.11109E-5 4.0711E-5 3.91815E-5 4.49047E-5 3.64177E-5 3.67992E-5 3.66236E-5 3.82738E-5 4.07589E-5 4.09612E-5 4.26557E-5 4.75789E-5 4.95186E-5 4.6818E-5 4.49213E-5 4.38713E-5 6.18326E-5 7.78603E-5
5.48936E-5 5.22453E-5 4.8362E-5 4.54476E-5 4.66175E-5 4.8416E-5 4.74498E-5 4.93927E-5 4.69356E-5 4.67194E-5 4.53036E-5 4.49325E-5 4.43311E-5 4.20446E-5 4.16761E-5 4.40713E-5 4.53003E-5 4.60322E-5 4.87092E-5 5.06295E-5 5.18722E-5 6.00619E-5 6.50147E-5 6.91343E-5 6.18652E-5 5.71759E-5 5.72784E-5 5.74931E-5 5.69866E-5 5.58149E-5 6.40933E-5 6.6176E-5 6.32516E-5 6.05398E-5 5.35279E-5 5.32854E-5 5.36645E-5 5.45421E-5 5.46219E-5 5.48445E-5 5.86258E-5 5.97013E-5 6.03948E-5 4.18947E-5 3.80092E-5 3.80551E-5 3.95816E-5 4.22759E-5 4.20079E-5 4.189E-5 4.21369E-5 4.05844E-5 4.02393E-5 4.07823E-5 4.28519E-5 4.30719E-5 4.47444E-5 4.44637E-5 6.12406E-5 6.50097E-5 4.90307E-5 4.57102E-5 4.23392E-5 4.05771E-5 6.10895E-5 7.6428E-5
5.60341E-5 5.34541E-5 5.60752E-5 5.04934E-5 5.06545E-5 5.10326E-5 5.14244E-5 4.97434E-5 5.05579E-5 5.10808E-5 4.84367E-5 4.51463E-5 4.27441E-5 4.27454E-5 4.35228E-5 4.49976E-5 4.55741E-5 4.60224E-5 4.81287E-5 5.12117E-5 5.55648E-5 5.86196E-5 6.53136E-5 6.5447E-5 6.15599E-5 6.02364E-5 5.88337E-5 5.85847E-5 6.77928E-5 6.10884E-5 6.20618E-5 6.08355E-5 5.58003E-5 6.45694E-5 5.94196E-5 6.41401E-5 6.66212E-5 5.87268E-5 5.66974E-5 5.78734E-5 5.55373E-5 5.5995E-5 5.8917E-5 4.66101E-5 4.21162E-5 4.0458E-5 4.03655E-5 4.48193E-5 4.25421E-5 4.29341E-5 4.34956E-5 4.15542E-5 4.11749E-5 4.32722E-5 5.06869E-5 4.99633E-5 4.93727E-5 6.19396E-5 6.15749E-5 6.14608E-5 6.34986E-5 4.83757E-5 4.63711E-5 6.62055E-5 6.58078E-5 5.25436E-5
5.62409E-5 5.74158E-5 5.5889E-5 5.47937E-5 5.49905E-5 5.27895E-5 5.25393E-5 5.31892E-5 5.25689E-5 5.05191E-5 4.69915E-5 4.55936E-5 4.44278E-5 4.49152E-5 4.63693E-5 4.89792E-5 5.01897E-5 5.02868E-5 5.16554E-5 5.22335E-5 5.51968E-5 9.09618E-5 6.47143E-5 6.29147E-5 6.26218E-5 6.27708E-5 6.52555E-5 6.18391E-5 6.40596E-5 6.77265E-5 6.11096E-5 5.12811E-5 5.26627E-5 6.8081E-5 5.83284E-5 5.96467E-5 6.26395E-5 5.89309E-5 5.84415E-5 6.22018E-5 5.95805E-5 5.9245E-5 5.96453E-5 4.37607E-5 4.21365E-5 4.25078E-5 4.52506E-5 4.50493E-5 4.60243E-5 4.73715E-5 4.49138E-5 4.35397E-5 4.16829E-5 4.25853E-5 4.22846E-5 4.73453E-5 5.03324E-5 6.74786E-5 7.09837E-5 6.93008E-5 6.49825E-5 9.07118E-5 6.71024E-5 6.85046E-5 6.92571E-5 1.09434E-4
