catData/rasterBestHybridModels/Fchaus/RD_RM2_LQ/Fchaus_avg.asc
ncols         409
nrows         350
xllcorner     60.897278365
yllcorner     5.843756025
cellsize      0.0892857
NODATA_value  -9999
[rows 87 to 115 of 350, columns 66 to 131 of 409]
5.54267E-5 5.31507E-5 5.15095E-5 4.78822E-5 5.14866E-5 5.93261E-5 4.70218E-5 2.7803E-5 2.25074E-5 2.14662E-5 2.13706E-5 2.1576E-5 2.13142E-5 2.11905E-5 2.10569E-5 2.07681E-5 2.13086E-5 2.41873E-5 2.82036E-5 3.00647E-5 3.23264E-5 3.40066E-5 3.07327E-5 2.66128E-5 2.60378E-5 2.89411E-5 3.16595E-5 3.22011E-5 3.15947E-5 3.1625E-5 3.27057E-5 3.37468E-5 3.52341E-5 3.70975E-5 3.48247E-5 3.07902E-5 2.83111E-5 2.82674E-5 3.04498E-5 3.34167E-5 3.41914E-5 3.39854E-5 3.56393E-5 4.00599E-5 3.82632E-5 3.88974E-5 3.48075E-5 3.42969E-5 2.83767E-5 2.83645E-5 2.85777E-5 2.91988E-5 2.93424E-5 2.85137E-5 2.76048E-5 2.66532E-5 2.64503E-5 2.71514E-5 2.56832E-5 2.472E-5 2.46357E-5 2.46942E-5 2.58424E-5 2.43089E-5 2.49526E-5 2.56863E-5
5.45407E-5 5.30052E-5 5.51383E-5 5.38507E-5 5.3089E-5 5.5677E-5 3.63839E-5 2.48916E-5 2.21344E-5 2.03204E-5 2.04506E-5 2.07539E-5 2.04325E-5 2.02253E-5 2.01876E-5 1.98774E-5 1.97022E-5 2.15101E-5 2.84521E-5 3.17683E-5 2.7893E-5 2.73294E-5 2.76244E-5 2.70337E-5 2.87108E-5 3.08927E-5 3.29168E-5 3.41861E-5 3.52867E-5 3.39278E-5 3.26289E-5 3.56693E-5 3.64903E-5 3.5836E-5 3.22273E-5 2.86872E-5 2.74747E-5 2.80058E-5 2.9856E-5 3.29737E-5 3.39744E-5 3.43247E-5 3.8638E-5 3.87566E-5 3.70745E-5 3.71349E-5 3.36454E-5 3.43102E-5 2.86732E-5 2.86637E-5 2.98298E-5 2.91267E-5 4.11439E-5 4.01073E-5 3.84717E-5 3.84697E-5 3.82809E-5 3.73368E-5 3.53003E-5 3.43976E-5 3.45767E-5 3.58955E-5 3.95371E-5 3.82003E-5 3.74348E-5 3.68908E-5
5.13989E-5 5.23796E-5 5.26969E-5 5.17685E-5 5.19709E-5 4.58693E-5 2.97879E-5 2.20514E-5 1.95142E-5 1.89929E-5 1.9296E-5 1.95093E-5 1.93188E-5 1.9139E-5 1.91651E-5 1.8887E-5 1.86742E-5 2.01698E-5 2.07658E-5 2.04731E-5 2.00463E-5 1.98121E-5 2.12967E-5 2.34346E-5 2.7791E-5 3.1659E-5 3.42649E-5 3.51436E-5 3.50666E-5 3.44936E-5 3.35962E-5 3.59012E-5 4.28409E-5 3.57265E-5 2.96424E-5 2.79115E-5 2.8065E-5 2.86563E-5 3.00408E-5 3.28345E-5 3.37286E-5 3.44381E-5 3.91473E-5 3.83578E-5 3.7101E-5 3.75651E-5 3.68543E-5 3.05351E-5 3.9838E-5 3.93915E-5 4.01921E-5 4.19474E-5 4.02043E-5 3.9456E-5 3.82363E-5 3.72943E-5 3.59045E-5 3.41414E-5 3.33375E-5 3.2937E-5 3.29146E-5 3.33629E-5 3.30351E-5 4.4138E-5 4.53004E-5 4.68844E-5
4.81803E-5 4.7707E-5 4.40173E-5 4.17079E-5 4.41123E-5 3.59428E-5 2.67843E-5 1.79037E-5 1.72205E-5 1.7574E-5 1.79547E-5 1.81616E-5 1.79962E-5 1.78097E-5 1.77439E-5 1.75468E-5 1.7822E-5 1.77856E-5 1.73932E-5 1.89213E-5 2.32836E-5 2.59515E-5 2.50014E-5 2.39278E-5 2.57355E-5 2.82318E-5 2.87814E-5 3.0106E-5 3.12287E-5 3.07056E-5 2.98713E-5 3.48607E-5 3.8233E-5 3.22122E-5 2.89224E-5 2.75046E-5 2.86665E-5 2.935E-5 3.11363E-5 3.40261E-5 3.54382E-5 3.72406E-5 3.88046E-5 3.74057E-5 3.75856E-5 3.82478E-5 3.86831E-5 5.02329E-5 3.70924E-5 3.63106E-5 3.82906E-5 3.80632E-5 3.69291E-5 3.67312E-5 3.51141E-5 3.28486E-5 3.16549E-5 3.14979E-5 3.12912E-5 3.07832E-5 3.99964E-5 4.00057E-5 3.93472E-5 3.88616E-5 4.24668E-5 4.57486E-5
4.53474E-5 4.4155E-5 3.71225E-5 3.52566E-5 3.67736E-5 3.00897E-5 2.38476E-5 1.65894E-5 1.59569E-5 1.62561E-5 1.65725E-5 1.67294E-5 1.66953E-5 1.65371E-5 1.64414E-5 1.62382E-5 1.7313E-5 1.78388E-5 1.79707E-5 1.94253E-5 2.46591E-5 3.11087E-5 3.22521E-5 3.07265E-5 3.03671E-5 3.2692E-5 3.13265E-5 2.91312E-5 2.90144E-5 2.82368E-5 3.00694E-5 3.05349E-5 2.92944E-5 2.78591E-5 2.76673E-5 2.76181E-5 2.89884E-5 3.05966E-5 3.23236E-5 3.47396E-5 3.73071E-5 3.97308E-5 3.87617E-5 3.82128E-5 3.80517E-5 3.81362E-5 4.85731E-5 5.20411E-5 3.61651E-5 3.41629E-5 3.46552E-5 3.4185E-5 3.33809E-5 3.27652E-5 3.17246E-5 3.047E-5 2.96423E-5 3.92343E-5 3.88484E-5 3.81036E-5 3.72676E-5 3.70067E-5 3.65232E-5 3.55811E-5 4.09301E-5 4.35524E-5
4.31076E-5 4.10762E-5 3.64693E-5 3.23529E-5 3.01628E-5 2.47226E-5 1.96118E-5 1.49604E-5 1.46912E-5 1.48318E-5 1.50167E-5 1.52522E-5 1.53691E-5 1.60194E-5 1.69894E-5 1.7725E-5 1.83754E-5 1.87588E-5 1.86806E-5 1.97977E-5 2.16106E-5 2.3661E-5 2.64651E-5 2.69019E-5 2.45909E-5 2.56738E-5 2.72418E-5 2.67052E-5 2.68482E-5 2.76676E-5 2.88569E-5 2.92212E-5 2.77812E-5 2.70416E-5 2.75935E-5 2.83974E-5 3.07957E-5 3.23597E-5 3.39466E-5 3.50404E-5 3.82292E-5 3.95053E-5 3.95318E-5 3.88566E-5 3.82901E-5 3.8483E-5 5.03301E-5 4.36265E-5 3.50948E-5 3.29974E-5 3.24741E-5 3.15886E-5 3.05977E-5 2.99949E-5 2.95247E-5 3.81895E-5 3.68645E-5 3.67344E-5 3.63583E-5 3.56357E-5 3.49122E-5 3.42864E-5 3.38285E-5 3.32445E-5 3.50167E-5 3.59779E-5
3.93811E-5 3.72277E-5 3.32275E-5 3.17402E-5 2.91285E-5 2.15048E-5 1.51154E-5 1.3657E-5 1.33341E-5 1.34215E-5 1.41315E-5 1.52477E-5 1.62601E-5 1.69885E-5 1.81366E-5 1.88188E-5 1.94684E-5 1.98328E-5 1.97652E-5 1.96965E-5 2.08449E-5 2.22372E-5 2.28415E-5 2.25894E-5 2.22806E-5 2.28202E-5 2.38159E-5 2.41574E-5 2.52379E-5 2.75723E-5 3.07589E-5 2.98614E-5 2.76855E-5 2.74563E-5 2.80094E-5 2.97746E-5 3.26084E-5 3.39297E-5 3.62578E-5 3.65608E-5 3.79501E-5 3.87424E-5 3.97423E-5 3.89031E-5 3.83465E-5 3.72808E-5 4.92168E-5 3.76236E-5 3.41413E-5 3.25079E-5 3.12412E-5 2.95377E-5 2.86703E-5 3.69889E-5 3.64531E-5 3.5633E-5 3.45705E-5 3.35645E-5 3.33179E-5 3.29034E-5 3.21634E-5 3.13939E-5 3.02687E-5 2.94599E-5 3.17433E-5 3.38306E-5
3.53651E-5 3.27547E-5 2.89065E-5 2.85608E-5 2.47136E-5 1.66535E-5 1.21063E-5 1.18366E-5 1.26323E-5 1.36475E-5 1.47566E-5 1.63261E-5 1.73706E-5 1.82273E-5 1.9064E-5 1.98991E-5 2.08054E-5 2.17086E-5 2.26998E-5 2.25594E-5 2.07239E-5 2.17723E-5 2.23138E-5 2.20983E-5 2.21864E-5 2.2136E-5 2.33447E-5 2.37112E-5 2.45213E-5 2.73742E-5 2.9282E-5 2.91378E-5 2.95202E-5 2.83927E-5 2.94771E-5 3.17372E-5 3.49282E-5 3.67258E-5 3.64762E-5 3.69911E-5 3.77882E-5 3.85093E-5 3.92181E-5 3.87816E-5 3.64464E-5 4.22513E-5 4.0406E-5 3.49908E-5 3.25421E-5 3.12724E-5 3.00179E-5 2.861E-5 3.59196E-5 3.50386E-5 3.41376E-5 3.3197E-5 3.21498E-5 3.07753E-5 3.02956E-5 3.00065E-5 2.94635E-5 2.83485E-5 2.66761E-5 2.76188E-5 2.95276E-5 3.13871E-5
2.87929E-5 2.63716E-5 2.41764E-5 2.33514E-5 2.0682E-5 1.35783E-5 1.25874E-5 1.21915E-5 1.31232E-5 1.41882E-5 1.53242E-5 1.70327E-5 1.82115E-5 1.92708E-5 2.04175E-5 2.17778E-5 2.32437E-5 2.45023E-5 2.80255E-5 2.75155E-5 2.61933E-5 2.27699E-5 2.22179E-5 2.18417E-5 2.17793E-5 2.19169E-5 2.27972E-5 2.31778E-5 2.42058E-5 2.58044E-5 2.68695E-5 2.70321E-5 2.87156E-5 3.0307E-5 3.26002E-5 3.51561E-5 3.74278E-5 3.68405E-5 3.77159E-5 3.81274E-5 3.80195E-5 3.83746E-5 3.80583E-5 3.65158E-5 3.35592E-5 3.95853E-5 3.6731E-5 3.22707E-5 3.08266E-5 2.96193E-5 2.87181E-5 3.64537E-5 3.48755E-5 3.31747E-5 3.18827E-5 3.09398E-5 2.98642E-5 2.86633E-5 2.76186E-5 2.73136E-5 2.69412E-5 2.54071E-5 2.69238E-5 2.8979E-5 3.08481E-5 3.24979E-5
2.3052E-5 2.16775E-5 2.10876E-5 1.96663E-5 1.91809E-5 1.4337E-5 1.22631E-5 1.26043E-5 1.35064E-5 1.45869E-5 1.5902E-5 1.79641E-5 1.9709E-5 2.15338E-5 2.31082E-5 2.46368E-5 2.62138E-5 2.82432E-5 2.89295E-5 2.98541E-5 2.99995E-5 2.9564E-5 2.96179E-5 2.8981E-5 2.90121E-5 2.95562E-5 3.04339E-5 2.97525E-5 2.97759E-5 3.19103E-5 3.29123E-5 3.26058E-5 3.29082E-5 3.46179E-5 3.53505E-5 3.6894E-5 3.62403E-5 3.68713E-5 3.67434E-5 3.65683E-5 3.69602E-5 3.62646E-5 3.52185E-5 3.3144E-5 2.98896E-5 3.60076E-5 3.47326E-5 3.0258E-5 2.93571E-5 2.85214E-5 3.64041E-5 3.50919E-5 3.35112E-5 3.18817E-5 3.01307E-5 2.85328E-5 2.75157E-5 2.64399E-5 2.52356E-5 2.49394E-5 2.63449E-5 2.6666E-5 2.84821E-5 3.04582E-5 2.32874E-5 2.46663E-5
2.04886E-5 1.9651E-5 2.04166E-5 2.07399E-5 1.6602E-5 1.49212E-5 1.35636E-5 1.26335E-5 1.36578E-5 1.48851E-5 1.64435E-5 1.85668E-5 2.06515E-5 2.28083E-5 2.50868E-5 2.81724E-5 2.8488E-5 2.79732E-5 2.91062E-5 2.95884E-5 3.02377E-5 3.15159E-5 3.21041E-5 3.2522E-5 3.28606E-5 3.33846E-5 3.36749E-5 3.38563E-5 3.43757E-5 3.45352E-5 3.41763E-5 3.29981E-5 3.36875E-5 3.38902E-5 3.57164E-5 3.70287E-5 3.60228E-5 3.45662E-5 3.55775E-5 3.54319E-5 3.49437E-5 3.30501E-5 3.08468E-5 2.90003E-5 2.79E-5 3.38054E-5 3.28858E-5 2.9172E-5 2.84928E-5 3.60688E-5 3.46952E-5 3.33035E-5 3.19395E-5 3.03945E-5 2.87694E-5 2.67923E-5 2.50927E-5 2.42704E-5 2.39047E-5 2.62201E-5 2.78881E-5 2.82671E-5 2.16793E-5 2.31534E-5 2.45744E-5 2.60641E-5
2.04247E-5 1.85052E-5 1.97626E-5 2.05496E-5 1.83176E-5 1.95224E-5 1.31333E-5 1.2555E-5 1.36803E-5 1.5037E-5 1.63631E-5 1.84952E-5 2.03229E-5 2.27615E-5 2.58631E-5 2.7228E-5 2.84988E-5 2.92089E-5 3.05023E-5 3.01038E-5 2.9517E-5 3.04251E-5 3.17325E-5 3.32438E-5 3.31659E-5 3.30397E-5 3.31892E-5 3.39293E-5 3.44487E-5 3.38048E-5 3.38197E-5 3.30469E-5 3.21377E-5 3.23443E-5 3.50653E-5 3.58398E-5 3.46088E-5 3.42082E-5 3.46753E-5 3.42164E-5 3.21145E-5 2.96727E-5 2.81106E-5 2.73243E-5 2.6848E-5 3.26097E-5 3.1964E-5 2.82137E-5 2.74814E-5 3.48284E-5 3.31848E-5 3.16635E-5 3.02639E-5 2.87952E-5 2.72905E-5 2.54043E-5 2.35386E-5 2.2956E-5 2.52255E-5 2.70059E-5 2.0061E-5 2.15388E-5 2.30338E-5 2.44927E-5 2.61033E-5 2.72993E-5
1.78805E-5 1.68986E-5 1.91911E-5 1.99906E-5 1.83576E-5 2.19482E-5 1.44657E-5 1.26694E-5 1.36535E-5 1.49656E-5 1.68732E-5 1.96529E-5 2.27668E-5 2.46262E-5 2.63655E-5 2.86206E-5 2.94803E-5 2.98261E-5 3.05263E-5 3.18239E-5 3.05543E-5 3.02615E-5 3.02272E-5 3.14848E-5 3.23328E-5 3.32399E-5 3.43894E-5 3.40013E-5 3.29972E-5 3.35314E-5 3.16707E-5 2.98115E-5 3.1453E-5 3.31118E-5 3.33299E-5 3.33325E-5 3.30068E-5 3.2579E-5 3.32101E-5 3.21322E-5 2.96359E-5 2.7779E-5 2.69244E-5 2.66265E-5 2.63541E-5 3.20365E-5 3.10113E-5 2.76434E-5 3.44288E-5 3.32316E-5 3.17751E-5 3.02103E-5 2.87385E-5 2.72906E-5 2.56952E-5 2.40059E-5 2.21931E-5 2.42064E-5 1.8306E-5 1.94516E-5 2.12843E-5 2.30048E-5 2.46079E-5 2.61045E-5 2.73708E-5 5.34954E-5
1.35382E-5 1.70145E-5 1.96499E-5 1.87605E-5 2.06151E-5 2.00374E-5 1.57839E-5 1.34478E-5 1.36559E-5 1.56292E-5 1.9132E-5 2.13329E-5 2.33834E-5 2.52888E-5 2.70545E-5 2.83295E-5 2.98641E-5 3.18412E-5 3.28984E-5 3.39893E-5 3.39183E-5 3.29585E-5 3.17942E-5 3.16238E-5 3.28049E-5 3.38966E-5 3.46169E-5 3.33678E-5 3.24218E-5 3.23714E-5 3.18789E-5 2.77678E-5 2.75782E-5 2.7957E-5 3.20163E-5 3.21301E-5 3.15344E-5 3.18793E-5 3.0704E-5 2.9841E-5 2.77764E-5 2.66016E-5 2.60816E-5 2.59152E-5 3.15839E-5 3.10368E-5 3.00613E-5 3.69097E-5 3.27751E-5 3.17783E-5 3.03411E-5 2.89512E-5 2.7546E-5 2.58053E-5 2.40657E-5 2.23524E-5 1.66152E-5 1.78191E-5 1.88472E-5 2.05425E-5 2.24243E-5 2.41712E-5 2.58277E-5 2.72693E-5 5.36951E-5 5.87669E-5
1.39696E-5 1.61232E-5 1.73401E-5 1.67529E-5 2.07951E-5 2.00913E-5 2.00713E-5 1.53295E-5 1.3538E-5 1.52708E-5 1.95918E-5 2.12584E-5 2.30719E-5 2.46673E-5 2.58898E-5 2.71286E-5 2.91241E-5 3.18216E-5 3.16407E-5 3.16546E-5 3.22845E-5 3.27602E-5 3.28553E-5 3.28371E-5 3.47422E-5 3.41997E-5 3.33843E-5 3.25366E-5 3.29354E-5 3.30703E-5 2.77927E-5 2.75164E-5 2.72287E-5 2.7211E-5 2.61871E-5 2.52338E-5 2.48227E-5 2.83816E-5 2.8823E-5 2.76071E-5 2.49077E-5 2.29903E-5 2.49113E-5 2.50089E-5 3.04336E-5 2.96598E-5 3.76494E-5 3.64266E-5 3.11276E-5 2.98574E-5 2.87522E-5 2.75183E-5 2.60388E-5 2.42537E-5 1.64867E-5 1.63492E-5 1.7179E-5 1.81103E-5 1.95774E-5 2.14083E-5 2.33804E-5 2.51752E-5 2.69389E-5 5.30571E-5 5.63056E-5 5.87435E-5
1.53505E-5 1.51631E-5 1.69873E-5 1.90485E-5 2.01847E-5 2.02101E-5 2.19824E-5 1.91444E-5 1.4253E-5 1.75513E-5 2.02758E-5 2.19193E-5 2.34283E-5 2.47416E-5 2.6385E-5 2.79877E-5 3.01629E-5 3.21094E-5 3.21968E-5 3.19827E-5 3.30813E-5 3.36325E-5 3.36721E-5 3.33051E-5 3.15091E-5 3.12054E-5 3.10094E-5 3.23804E-5 3.25228E-5 2.70493E-5 2.68523E-5 2.7039E-5 2.64218E-5 2.49853E-5 2.3982E-5 2.28803E-5 2.2923E-5 2.3678E-5 2.3075E-5 2.20606E-5 2.09485E-5 2.07383E-5 2.04633E-5 2.3404E-5 2.91358E-5 3.72311E-5 3.58034E-5 3.45087E-5 3.08438E-5 2.77093E-5 2.68454E-5 2.6053E-5 1.87288E-5 1.86726E-5 1.85731E-5 1.83779E-5 1.81082E-5 1.84679E-5 2.00441E-5 2.19043E-5 2.39468E-5 4.8066E-5 5.15696E-5 5.45773E-5 5.72693E-5 5.98977E-5
1.65284E-5 1.72584E-5 1.95545E-5 2.17084E-5 2.1185E-5 2.07547E-5 2.38057E-5 2.7788E-5 1.67079E-5 1.81541E-5 1.91673E-5 2.0738E-5 2.27369E-5 2.49953E-5 2.65145E-5 2.78537E-5 2.92205E-5 3.18384E-5 3.29496E-5 3.33955E-5 3.40748E-5 3.43992E-5 3.36423E-5 3.14315E-5 2.72159E-5 2.74357E-5 2.66973E-5 2.61872E-5 2.6198E-5 2.59006E-5 2.56881E-5 2.57611E-5 2.41442E-5 2.24651E-5 2.16975E-5 2.16498E-5 2.13004E-5 2.08545E-5 1.81245E-5 1.76889E-5 1.71778E-5 1.70692E-5 2.41625E-5 3.43962E-5 4.84211E-5 4.65433E-5 4.46068E-5 4.2685E-5 4.02409E-5 3.69559E-5 3.62025E-5 3.5926E-5 3.54998E-5 3.53168E-5 3.5419E-5 3.51831E-5 3.60663E-5 3.74719E-5 3.90634E-5 4.11079E-5 1.67459E-5 1.81404E-5 5.21981E-5 5.55448E-5 5.8795E-5 6.20946E-5
1.65544E-5 1.83784E-5 1.94911E-5 2.08158E-5 2.13453E-5 2.37758E-5 2.65092E-5 2.25113E-5 1.42379E-5 1.71829E-5 1.81557E-5 2.00218E-5 2.23845E-5 2.42474E-5 2.55623E-5 2.67182E-5 2.85505E-5 3.05747E-5 3.26394E-5 3.23249E-5 3.30165E-5 3.51846E-5 3.44172E-5 2.76561E-5 2.67376E-5 2.61754E-5 2.5843E-5 2.53591E-5 2.46035E-5 2.41721E-5 2.40142E-5 2.3985E-5 2.18313E-5 2.07292E-5 2.0615E-5 2.07776E-5 2.06726E-5 1.8337E-5 1.78253E-5 1.72813E-5 1.67551E-5 1.6366E-5 3.03876E-5 2.94072E-5 4.51988E-5 4.55636E-5 4.54685E-5 4.25158E-5 3.81382E-5 3.81924E-5 3.85373E-5 3.83524E-5 3.81725E-5 3.82328E-5 3.85603E-5 3.8543E-5 3.96076E-5 4.10807E-5 1.60446E-5 4.4572E-5 4.56295E-5 4.88715E-5 5.24188E-5 5.66315E-5 6.02711E-5 6.3608E-5
1.93502E-5 2.02329E-5 2.17063E-5 2.30048E-5 2.6009E-5 2.98048E-5 2.5266E-5 1.59242E-5 1.70802E-5 1.79916E-5 2.00808E-5 2.13119E-5 2.30179E-5 2.44233E-5 2.58368E-5 2.71951E-5 2.89783E-5 3.06326E-5 3.11494E-5 2.81802E-5 3.07466E-5 3.49053E-5 2.8419E-5 2.7134E-5 2.58423E-5 2.50017E-5 2.42469E-5 2.35734E-5 2.256E-5 2.17352E-5 2.42513E-5 2.12354E-5 1.98819E-5 1.9605E-5 1.97263E-5 1.98961E-5 1.93598E-5 1.75329E-5 1.72763E-5 1.67864E-5 1.61569E-5 2.24612E-5 2.17368E-5 2.86105E-5 3.92285E-5 4.04684E-5 4.094E-5 4.12762E-5 4.15779E-5 4.1805E-5 4.18528E-5 4.14682E-5 4.16928E-5 4.16801E-5 4.16529E-5 4.1796E-5 4.3336E-5 4.50206E-5 4.72722E-5 4.86819E-5 5.00124E-5 5.09256E-5 5.27333E-5 5.6999E-5 6.05882E-5 6.39352E-5
1.94906E-5 2.2581E-5 2.4503E-5 2.72634E-5 3.33449E-5 3.23083E-5 1.87945E-5 1.66176E-5 1.83834E-5 1.94808E-5 2.1987E-5 2.30358E-5 2.40196E-5 2.53423E-5 2.69401E-5 2.83751E-5 3.05652E-5 2.84074E-5 2.7778E-5 2.92336E-5 3.05028E-5 2.61485E-5 2.66255E-5 2.64816E-5 2.56582E-5 2.4103E-5 2.26244E-5 2.16547E-5 2.06816E-5 2.0019E-5 1.9635E-5 1.89506E-5 1.85311E-5 1.85716E-5 1.87198E-5 1.88967E-5 1.72359E-5 1.67629E-5 1.64916E-5 1.60404E-5 2.22724E-5 2.13541E-5 2.24904E-5 4.09652E-5 4.23831E-5 4.34651E-5 4.44898E-5 4.50483E-5 4.51436E-5 4.52137E-5 4.52508E-5 4.50269E-5 4.52921E-5 2.45502E-5 4.53434E-5 4.57613E-5 4.78932E-5 4.97667E-5 5.19025E-5 5.33785E-5 5.40734E-5 5.49543E-5 5.57126E-5 5.73699E-5 6.00308E-5 6.31646E-5
1.98271E-5 2.27978E-5 2.5148E-5 2.85633E-5 3.86187E-5 2.69918E-5 1.8647E-5 1.75697E-5 2.00556E-5 2.25362E-5 2.33482E-5 2.40753E-5 2.52107E-5 2.636E-5 2.75934E-5 2.92302E-5 3.00878E-5 2.7649E-5 2.89931E-5 3.03519E-5 2.59281E-5 2.58462E-5 2.59842E-5 2.58508E-5 2.54628E-5 2.38075E-5 2.14801E-5 2.01627E-5 1.95051E-5 1.89492E-5 1.81716E-5 1.77156E-5 1.73971E-5 1.76142E-5 1.77135E-5 1.61954E-5 1.58485E-5 1.58618E-5 1.56303E-5 2.18476E-5 2.12477E-5 2.30075E-5 2.47091E-5 4.53544E-5 4.65787E-5 4.75204E-5 4.8531E-5 4.88098E-5 4.86905E-5 4.93901E-5 2.6701E-5 2.64976E-5 4.92558E-5 4.94221E-5 4.98023E-5 5.07703E-5 5.35199E-5 5.5597E-5 5.68921E-5 5.88465E-5 5.89353E-5 5.90894E-5 6.09941E-5 6.22969E-5 6.22505E-5 6.18771E-5
1.93975E-5 2.13668E-5 2.37742E-5 2.79165E-5 3.42728E-5 2.20445E-5 1.73682E-5 2.00734E-5 2.09105E-5 2.38894E-5 2.46932E-5 2.54013E-5 2.66331E-5 2.77266E-5 2.85028E-5 2.93671E-5 2.99141E-5 2.84953E-5 3.02636E-5 3.0645E-5 2.57752E-5 2.51131E-5 2.46352E-5 2.50814E-5 2.41131E-5 2.27408E-5 2.07031E-5 1.938E-5 1.85944E-5 1.80282E-5 1.73607E-5 1.67845E-5 1.64348E-5 1.65679E-5 1.53975E-5 1.47652E-5 1.49226E-5 1.49127E-5 1.46808E-5 2.12739E-5 2.3348E-5 2.55503E-5 2.75926E-5 5.07043E-5 5.212E-5 5.2958E-5 5.35E-5 2.87146E-5 2.8492E-5 2.86028E-5 5.28294E-5 5.26855E-5 5.2735E-5 5.34976E-5 5.47802E-5 5.60682E-5 5.95039E-5 6.09891E-5 6.15578E-5 6.40593E-5 6.52291E-5 6.49743E-5 6.54464E-5 6.63826E-5 6.52682E-5 6.50612E-5
2.02954E-5 2.09542E-5 2.19415E-5 2.8733E-5 3.04446E-5 1.94083E-5 1.79249E-5 1.77178E-5 1.85372E-5 2.20286E-5 2.55792E-5 2.71471E-5 2.77642E-5 2.94558E-5 2.96953E-5 2.90292E-5 2.62671E-5 2.86245E-5 2.96021E-5 2.57914E-5 2.54277E-5 2.34429E-5 2.29523E-5 2.45648E-5 2.30372E-5 2.23414E-5 1.99951E-5 1.87924E-5 1.80499E-5 1.72289E-5 1.66517E-5 1.60111E-5 1.58947E-5 1.38289E-5 1.36294E-5 1.37472E-5 1.38286E-5 1.39233E-5 2.10167E-5 2.32417E-5 2.58662E-5 2.84592E-5 3.07766E-5 5.62548E-5 5.7321E-5 5.82574E-5 3.15171E-5 3.08201E-5 5.6283E-5 5.63524E-5 5.55566E-5 5.53757E-5 5.65614E-5 5.80356E-5 5.97444E-5 6.11174E-5 6.48067E-5 6.63797E-5 6.7423E-5 6.93214E-5 7.05952E-5 6.97607E-5 6.91124E-5 6.95078E-5 6.91644E-5 6.88158E-5
2.33309E-5 2.28938E-5 2.32524E-5 3.23826E-5 3.27872E-5 2.16997E-5 1.82208E-5 1.775E-5 1.85622E-5 2.04762E-5 2.29855E-5 2.49323E-5 2.65532E-5 3.0748E-5 3.01087E-5 2.87416E-5 2.81758E-5 2.93873E-5 2.56505E-5 2.56632E-5 2.52499E-5 2.26835E-5 2.2051E-5 2.17668E-5 2.18247E-5 2.17054E-5 1.93375E-5 1.81011E-5 1.74907E-5 1.67273E-5 1.59007E-5 1.51891E-5 1.28085E-5 1.24618E-5 1.25637E-5 1.26864E-5 1.27701E-5 1.98568E-5 2.24787E-5 2.52146E-5 2.79513E-5 3.08718E-5 3.3103E-5 6.0282E-5 6.16699E-5 3.33398E-5 6.1464E-5 6.01436E-5 5.92094E-5 5.89311E-5 5.89226E-5 5.94572E-5 6.02736E-5 6.24125E-5 6.40218E-5 6.54954E-5 6.9379E-5 7.13709E-5 7.20156E-5 7.23336E-5 7.41666E-5 7.2973E-5 7.21362E-5 7.22844E-5 7.28772E-5 7.19556E-5
2.45405E-5 2.5862E-5 2.50898E-5 3.10118E-5 3.57982E-5 1.89582E-5 1.57223E-5 1.80683E-5 1.89729E-5 2.07201E-5 2.35753E-5 2.5624E-5 2.69087E-5 2.82123E-5 3.3641E-5 3.53327E-5 3.6507E-5 3.75775E-5 2.67217E-5 2.4831E-5 2.4786E-5 2.14366E-5 2.03999E-5 1.99733E-5 2.03325E-5 1.95805E-5 1.75663E-5 1.65982E-5 1.59156E-5 1.56459E-5 1.52993E-5 1.27851E-5 1.2055E-5 1.13838E-5 1.14153E-5 1.15895E-5 1.86166E-5 2.06119E-5 2.31282E-5 2.61254E-5 2.9204E-5 3.21239E-5 3.19017E-5 6.19572E-5 6.2964E-5 6.5111E-5 6.3346E-5 6.34346E-5 6.26843E-5 6.217E-5 6.26108E-5 6.34576E-5 6.49487E-5 6.64022E-5 6.70127E-5 6.80554E-5 7.05337E-5 7.12772E-5 7.3055E-5 7.43513E-5 7.54252E-5 7.68815E-5 7.62331E-5 7.63221E-5 7.58261E-5 7.49062E-5
2.27953E-5 2.47017E-5 2.39825E-5 2.984E-5 3.43447E-5 1.92811E-5 1.60526E-5 1.84554E-5 1.96776E-5 2.14444E-5 2.45149E-5 2.65119E-5 2.73342E-5 3.27459E-5 3.63344E-5 3.74352E-5 3.79069E-5 3.21361E-5 2.84713E-5 2.44809E-5 2.31474E-5 1.95612E-5 1.90209E-5 1.93052E-5 2.00337E-5 1.82329E-5 1.6953E-5 1.59992E-5 1.52674E-5 1.45383E-5 1.36296E-5 1.20155E-5 1.12796E-5 1.05718E-5 1.06125E-5 1.18306E-5 1.90215E-5 2.11222E-5 2.35342E-5 2.65172E-5 2.93842E-5 3.20291E-5 3.2333E-5 6.29597E-5 6.37645E-5 6.43721E-5 6.67278E-5 6.77063E-5 6.55993E-5 6.53903E-5 6.71178E-5 6.66473E-5 6.79221E-5 6.90212E-5 6.84991E-5 6.9843E-5 7.12286E-5 7.23134E-5 7.33696E-5 7.61848E-5 7.76607E-5 7.89965E-5 7.77476E-5 7.93401E-5 7.95118E-5 7.77782E-5
2.24469E-5 2.61052E-5 2.68182E-5 2.72809E-5 2.86266E-5 1.96334E-5 1.87502E-5 1.92062E-5 2.04059E-5 2.20268E-5 2.43695E-5 2.65869E-5 2.78325E-5 3.39625E-5 3.77549E-5 3.75106E-5 3.77795E-5 3.21141E-5 2.59897E-5 2.40019E-5 2.09291E-5 1.89302E-5 1.85992E-5 1.9416E-5 1.98494E-5 1.69739E-5 1.60195E-5 1.52612E-5 1.45978E-5 1.38721E-5 1.24293E-5 1.13583E-5 1.06583E-5 1.00212E-5 1.54035E-5 1.70118E-5 1.91313E-5 2.14398E-5 2.37917E-5 2.66625E-5 2.95095E-5 3.20288E-5 3.24442E-5 3.38778E-5 6.53455E-5 7.00792E-5 7.18582E-5 6.99482E-5 6.80424E-5 6.8214E-5 6.73814E-5 6.81087E-5 6.88969E-5 7.10375E-5 7.11593E-5 7.18338E-5 7.3253E-5 7.38293E-5 7.35044E-5 7.63501E-5 7.68497E-5 7.78227E-5 7.84248E-5 8.00258E-5 8.24796E-5 8.26254E-5
2.36095E-5 2.57658E-5 2.74428E-5 3.0979E-5 2.71876E-5 1.81869E-5 1.94788E-5 1.98839E-5 2.05719E-5 2.17771E-5 2.38166E-5 2.64833E-5 3.03725E-5 3.67164E-5 3.77331E-5 3.82288E-5 3.78457E-5 2.68399E-5 2.37975E-5 2.16125E-5 1.94534E-5 1.85848E-5 1.83815E-5 1.94342E-5 1.97194E-5 1.65303E-5 1.5172E-5 1.45051E-5 1.38871E-5 1.31578E-5 1.16636E-5 1.08099E-5 1.01008E-5 1.4036E-5 1.5636E-5 1.73162E-5 1.93217E-5 2.16896E-5 2.41513E-5 2.6939E-5 2.98159E-5 3.24321E-5 4.62661E-5 6.43707E-5 6.82648E-5 7.23354E-5 7.31373E-5 7.01621E-5 6.97714E-5 6.98605E-5 6.91642E-5 6.9288E-5 7.13411E-5 7.32685E-5 7.30256E-5 7.28676E-5 7.33862E-5 7.26804E-5 7.21614E-5 7.41823E-5 7.68214E-5 7.70398E-5 7.72745E-5 7.94953E-5 8.15242E-5 8.39977E-5
2.39042E-5 2.45834E-5 2.39101E-5 3.0862E-5 2.88156E-5 2.09013E-5 1.91997E-5 1.99203E-5 2.07609E-5 2.19237E-5 2.32436E-5 2.52503E-5 3.39208E-5 3.70924E-5 3.76872E-5 3.87358E-5 3.2561E-5 2.38214E-5 2.14111E-5 1.98388E-5 1.87842E-5 1.83326E-5 1.81764E-5 1.94873E-5 1.94845E-5 1.63935E-5 1.52124E-5 1.42468E-5 1.32532E-5 1.2509E-5 1.10458E-5 1.45815E-5 1.36306E-5 1.4236E-5 1.58858E-5 1.7541E-5 1.94516E-5 2.18817E-5 2.4477E-5 2.72834E-5 3.02998E-5 2.27841E-5 4.70276E-5 6.67572E-5 7.16519E-5 7.49339E-5 7.46798E-5 7.31115E-5 7.20398E-5 7.07844E-5 7.01728E-5 7.10459E-5 7.30979E-5 7.4904E-5 7.39752E-5 7.30732E-5 7.21359E-5 7.13297E-5 7.15593E-5 7.51799E-5 7.50396E-5 7.5829E-5 7.68145E-5 7.78823E-5 7.99771E-5 4.41263E-5
