catData/rasterBestHybridModels/Fchaus/RD_RM2_LQ/Fchaus_stddev.asc
ncols         409
nrows         350
xllcorner     60.897278365
yllcorner     5.843756025
cellsize      0.0892857
NODATA_value  -9999
[rows 87 to 115 of 350, columns 0 to 65 of 409]
-9999 -9999 -9999 -9999 -9999 -9999 1.83026E-5 1.49426E-5 1.29912E-5 1.22084E-5 1.25618E-5 1.32187E-5 1.35177E-5 1.34348E-5 1.31249E-5 1.31693E-5 1.35668E-5 1.41252E-5 1.52186E-5 1.6369E-5 1.67305E-5 1.60816E-5 1.47437E-5 1.3724E-5 1.37248E-5 1.41614E-5 1.4776E-5 1.57019E-5 1.65249E-5 1.57386E-5 1.56674E-5 1.66373E-5 1.7187E-5 1.72799E-5 1.73033E-5 1.74441E-5 1.73987E-5 1.66668E-5 1.60115E-5 1.50005E-5 1.40378E-5 1.22798E-5 1.15676E-5 1.16018E-5 1.15901E-5 1.26227E-5 1.26671E-5 1.27346E-5 1.28007E-5 9.74223E-6 9.7444E-6 1.3059E-5 1.30296E-5 1.28801E-5 1.29507E-5 1.25758E-5 1.46747E-5 1.69386E-5 1.82315E-5 1.98229E-5 1.9785E-5 1.63167E-5 1.58181E-5 1.66703E-5 1.56278E-5 1.53287E-5
-9999 -9999 -9999 -9999 -9999 -9999 1.83975E-5 1.59187E-5 1.47769E-5 1.4297E-5 1.41466E-5 1.45405E-5 1.48753E-5 1.50056E-5 1.44581E-5 1.45363E-5 1.51041E-5 1.62878E-5 1.70293E-5 1.80122E-5 1.87265E-5 1.81965E-5 1.60452E-5 1.40007E-5 1.34443E-5 1.37921E-5 1.43666E-5 1.4991E-5 1.51962E-5 1.49064E-5 1.52249E-5 1.58788E-5 1.62334E-5 1.31369E-5 1.30977E-5 1.29352E-5 1.28792E-5 1.25747E-5 1.21238E-5 1.12959E-5 1.37105E-5 1.30743E-5 1.27212E-5 1.2619E-5 1.26121E-5 1.267E-5 1.26911E-5 9.49294E-6 9.56683E-6 1.28438E-5 1.27494E-5 1.25659E-5 1.26334E-5 1.35347E-5 1.3306E-5 1.44612E-5 1.60824E-5 1.78948E-5 1.55532E-5 1.94366E-5 1.59716E-5 1.59454E-5 1.59255E-5 1.63217E-5 1.52565E-5 1.46992E-5
-9999 -9999 -9999 -9999 -9999 -9999 -9999 1.52424E-5 1.46064E-5 1.47736E-5 1.47534E-5 1.46452E-5 1.49955E-5 1.51004E-5 1.46607E-5 1.52658E-5 1.60334E-5 1.67985E-5 1.6659E-5 1.68932E-5 1.85455E-5 1.88466E-5 1.64227E-5 1.38105E-5 1.31019E-5 1.33803E-5 1.37584E-5 1.3938E-5 1.07765E-5 1.1099E-5 1.13655E-5 1.17502E-5 1.20711E-5 1.21651E-5 1.19471E-5 1.17781E-5 1.16687E-5 1.1474E-5 1.11408E-5 1.06949E-5 1.02357E-5 1.30737E-5 1.28235E-5 1.27464E-5 1.26754E-5 9.43628E-6 9.1074E-6 9.01469E-6 1.24301E-5 1.24188E-5 1.25741E-5 1.31414E-5 1.40615E-5 1.57634E-5 1.49873E-5 1.53184E-5 1.68173E-5 1.48991E-5 1.52985E-5 1.5911E-5 1.56868E-5 1.59448E-5 1.574E-5 1.58625E-5 1.47388E-5 1.4475E-5
-9999 -9999 -9999 -9999 -9999 -9999 -9999 1.37854E-5 1.30386E-5 1.33107E-5 1.36196E-5 1.37436E-5 1.3615E-5 1.35172E-5 1.35894E-5 1.42042E-5 1.45478E-5 1.43378E-5 1.43197E-5 1.48456E-5 1.54494E-5 1.55207E-5 1.42929E-5 1.02501E-5 9.30032E-6 8.93932E-6 9.12442E-6 9.37881E-6 9.78809E-6 1.01048E-5 1.03919E-5 1.07888E-5 1.10993E-5 1.10531E-5 1.0862E-5 1.08217E-5 1.08177E-5 1.05622E-5 1.02163E-5 1.00585E-5 9.85272E-6 9.49026E-6 9.40569E-6 9.38513E-6 8.99767E-6 8.90898E-6 8.8744E-6 1.25213E-5 1.27456E-5 1.34801E-5 1.45619E-5 1.52429E-5 1.5454E-5 1.52512E-5 1.53461E-5 1.64073E-5 1.42412E-5 1.52499E-5 1.54659E-5 1.58528E-5 1.62106E-5 1.56099E-5 1.54698E-5 1.56256E-5 1.56152E-5 1.17805E-5
-9999 -9999 -9999 -9999 -9999 -9999 -9999 1.23233E-5 1.26293E-5 1.29838E-5 1.26716E-5 1.26327E-5 1.23771E-5 1.2318E-5 1.26306E-5 1.28866E-5 1.28513E-5 1.28384E-5 8.45485E-6 8.80781E-6 9.41156E-6 9.76957E-6 9.47352E-6 9.13888E-6 8.69272E-6 8.33648E-6 8.36178E-6 8.61005E-6 8.93383E-6 9.27527E-6 9.73999E-6 1.00585E-5 1.02139E-5 1.02368E-5 1.00948E-5 1.0087E-5 1.01063E-5 9.87216E-6 9.41558E-6 9.27786E-6 9.07869E-6 1.0077E-5 1.00098E-5 1.00374E-5 1.0326E-5 9.92185E-6 1.40728E-5 1.57239E-5 1.54437E-5 1.60098E-5 1.63416E-5 1.51655E-5 1.43743E-5 1.41908E-5 1.16849E-5 1.64722E-5 1.4895E-5 1.55494E-5 1.55263E-5 1.60657E-5 1.569E-5 1.51757E-5 1.50196E-5 1.50773E-5 1.48279E-5 1.12113E-5
-9999 -9999 -9999 -9999 -9999 -9999 -9999 -9999 1.16298E-5 1.29054E-5 1.23079E-5 1.20125E-5 1.18407E-5 1.17958E-5 1.19268E-5 1.22245E-5 7.3533E-6 7.48973E-6 7.53957E-6 7.7547E-6 8.27044E-6 8.41515E-6 8.33341E-6 8.2646E-6 8.09966E-6 7.81804E-6 7.73507E-6 7.9082E-6 8.14481E-6 8.52382E-6 8.99396E-6 9.20119E-6 9.27347E-6 9.33885E-6 9.32929E-6 9.2181E-6 9.25795E-6 9.14037E-6 9.12609E-6 1.02039E-5 1.02109E-5 1.02654E-5 1.04357E-5 1.02349E-5 1.12362E-5 1.27221E-5 1.35032E-5 1.96111E-5 1.89747E-5 1.58725E-5 1.4465E-5 1.38455E-5 1.36537E-5 1.08307E-5 1.14656E-5 1.32205E-5 1.49893E-5 1.54251E-5 1.55889E-5 1.52406E-5 1.51616E-5 1.46951E-5 1.45477E-5 1.45009E-5 1.14723E-5 1.12612E-5
-9999 -9999 -9999 -9999 -9999 -9999 -9999 -9999 -9999 1.14302E-5 1.23401E-5 1.20494E-5 1.14224E-5 1.13664E-5 7.06687E-6 6.92381E-6 7.38289E-6 7.52813E-6 7.50548E-6 7.27261E-6 7.50818E-6 7.61981E-6 7.57429E-6 7.56283E-6 7.5603E-6 7.4252E-6 7.28931E-6 7.33497E-6 7.4961E-6 7.74128E-6 7.96122E-6 8.13962E-6 8.30306E-6 8.4114E-6 8.68671E-6 9.09261E-6 9.41711E-6 1.04314E-5 1.07435E-5 1.09734E-5 1.10197E-5 1.10542E-5 1.1457E-5 1.25437E-5 1.34144E-5 1.44233E-5 1.37708E-5 1.34678E-5 1.668E-5 1.34216E-5 1.26243E-5 1.26471E-5 1.00989E-5 1.02831E-5 1.10412E-5 1.32576E-5 1.474E-5 1.51407E-5 1.55863E-5 1.48497E-5 1.46395E-5 1.42904E-5 1.42221E-5 1.14458E-5 1.09719E-5 1.08469E-5
-9999 -9999 -9999 -9999 -9999 -9999 -9999 -9999 -9999 -9999 1.11546E-5 1.21394E-5 1.17763E-5 8.10809E-6 7.63904E-6 7.24258E-6 7.30427E-6 7.60541E-6 7.4306E-6 7.19656E-6 7.4439E-6 7.58522E-6 7.49577E-6 7.46947E-6 7.54552E-6 7.56105E-6 7.49217E-6 7.48402E-6 7.56014E-6 7.65418E-6 7.80828E-6 7.9333E-6 8.14087E-6 8.44142E-6 9.0321E-6 1.04445E-5 1.08984E-5 1.16944E-5 1.25001E-5 1.27038E-5 1.20755E-5 1.24302E-5 1.25997E-5 1.25677E-5 1.31054E-5 1.32557E-5 1.209E-5 1.03777E-5 9.52001E-6 9.29287E-6 9.31094E-6 9.29473E-6 9.37466E-6 9.84056E-6 1.08122E-5 1.27142E-5 1.42386E-5 1.46801E-5 1.49488E-5 1.45779E-5 1.40149E-5 1.40523E-5 1.39126E-5 1.08332E-5 1.05471E-5 1.03136E-5
-9999 -9999 -9999 -9999 -9999 -9999 -9999 -9999 -9999 -9999 -9999 -9999 9.03597E-6 8.56753E-6 8.13535E-6 7.73465E-6 7.59535E-6 7.68116E-6 7.5E-6 7.36204E-6 7.50797E-6 7.53143E-6 7.43224E-6 7.42657E-6 7.53269E-6 7.60964E-6 7.58773E-6 7.56311E-6 7.60214E-6 7.69379E-6 7.77839E-6 7.89943E-6 8.17897E-6 8.69547E-6 1.01905E-5 1.11865E-5 1.23173E-5 1.3227E-5 1.35266E-5 1.29893E-5 1.17268E-5 1.18457E-5 1.18119E-5 1.1215E-5 1.16552E-5 1.07417E-5 9.60992E-6 9.01404E-6 8.82443E-6 8.80983E-6 8.11491E-6 8.79555E-6 8.98651E-6 9.64424E-6 1.10968E-5 1.29779E-5 1.39484E-5 1.41408E-5 1.42487E-5 1.38539E-5 1.32918E-5 1.38432E-5 1.08621E-5 1.0295E-5 1.02628E-5 9.72326E-6
-9999 -9999 -9999 -9999 -9999 -9999 -9999 -9999 -9999 -9999 -9999 -9999 -9999 -9999 -9999 -9999 7.81656E-6 7.81394E-6 7.7045E-6 7.63268E-6 7.58948E-6 7.4219E-6 7.27462E-6 7.30982E-6 7.45821E-6 7.58626E-6 7.60309E-6 7.62492E-6 7.67615E-6 7.74365E-6 7.82327E-6 7.91106E-6 8.15985E-6 8.91221E-6 1.06304E-5 1.16949E-5 1.21142E-5 1.17066E-5 1.14591E-5 1.07258E-5 9.96272E-6 9.9183E-6 9.94045E-6 9.47548E-6 9.12287E-6 8.78882E-6 8.57829E-6 8.58655E-6 7.92294E-6 7.86442E-6 7.81696E-6 7.91172E-6 8.84608E-6 9.46408E-6 1.10766E-5 1.2799E-5 1.35561E-5 1.20342E-5 1.34716E-5 1.32068E-5 1.28667E-5 1.32631E-5 1.27326E-5 1.02659E-5 9.52848E-6 8.96479E-6
-9999 -9999 -9999 -9999 -9999 -9999 -9999 -9999 -9999 -9999 -9999 -9999 -9999 -9999 -9999 -9999 -9999 -9999 7.81083E-6 7.72395E-6 7.58292E-6 7.41813E-6 -9999 -9999 7.37639E-6 7.47968E-6 7.60925E-6 7.69431E-6 7.70691E-6 7.74196E-6 7.7815E-6 7.77891E-6 7.96877E-6 8.63869E-6 9.37808E-6 9.54208E-6 9.31218E-6 9.1493E-6 8.96538E-6 8.67678E-6 8.61324E-6 8.44277E-6 8.36484E-6 8.34338E-6 8.31127E-6 8.34337E-6 8.40175E-6 7.74136E-6 7.69343E-6 7.60955E-6 7.56764E-6 7.63389E-6 7.91669E-6 8.61718E-6 1.10843E-5 1.23212E-5 1.1432E-5 1.13421E-5 1.11148E-5 1.07903E-5 1.22955E-5 1.22306E-5 1.16891E-5 1.0447E-5 8.88535E-6 8.5491E-6
-9999 -9999 -9999 -9999 -9999 -9999 -9999 -9999 -9999 -9999 -9999 -9999 -9999 -9999 -9999 -9999 -9999 -9999 -9999 7.68568E-6 7.58642E-6 7.45051E-6 -9999 -9999 -9999 -9999 7.52543E-6 7.69503E-6 7.66553E-6 7.69015E-6 7.72652E-6 7.78322E-6 7.23583E-6 7.28796E-6 7.40355E-6 7.46882E-6 8.12281E-6 8.14459E-6 8.02833E-6 8.04857E-6 8.09371E-6 8.07329E-6 8.05638E-6 8.10224E-6 8.15833E-6 8.13023E-6 7.52232E-6 7.50867E-6 7.47821E-6 7.43267E-6 7.3989E-6 7.45278E-6 8.08868E-6 9.08578E-6 9.96646E-6 1.17596E-5 1.21044E-5 1.05533E-5 1.03053E-5 1.04413E-5 1.1577E-5 1.12212E-5 1.06861E-5 9.90638E-6 8.55706E-6 8.39633E-6
-9999 -9999 -9999 -9999 -9999 -9999 -9999 -9999 -9999 -9999 -9999 -9999 -9999 -9999 -9999 -9999 -9999 -9999 -9999 -9999 -9999 7.44217E-6 -9999 -9999 -9999 7.50349E-6 -9999 7.46704E-6 7.54195E-6 7.60506E-6 7.60219E-6 7.62562E-6 7.08474E-6 7.12597E-6 7.17845E-6 7.2306E-6 7.27429E-6 7.91359E-6 7.91614E-6 7.87298E-6 7.95783E-6 7.94554E-6 7.79849E-6 7.79743E-6 7.24862E-6 7.28074E-6 7.27035E-6 7.26462E-6 7.30106E-6 7.32249E-6 7.31967E-6 7.52376E-6 8.58106E-6 9.1598E-6 9.24001E-6 9.67234E-6 9.99695E-6 9.87831E-6 9.81379E-6 9.74281E-6 1.08679E-5 1.04692E-5 1.03497E-5 9.30561E-6 8.0148E-6 7.76826E-6
-9999 -9999 -9999 -9999 -9999 -9999 -9999 -9999 -9999 -9999 -9999 -9999 -9999 -9999 -9999 -9999 -9999 -9999 -9999 -9999 -9999 -9999 -9999 -9999 7.44331E-6 7.46679E-6 7.39821E-6 7.35431E-6 7.42153E-6 7.44244E-6 7.47557E-6 7.49627E-6 6.95008E-6 6.97637E-6 7.00985E-6 7.05475E-6 7.09728E-6 7.69546E-6 7.68512E-6 7.64947E-6 7.60809E-6 7.59122E-6 6.96259E-6 6.93887E-6 6.97747E-6 7.03834E-6 7.05849E-6 7.05009E-6 7.12035E-6 7.17295E-6 7.26282E-6 7.81128E-6 8.83231E-6 9.25072E-6 9.11136E-6 9.17656E-6 9.4267E-6 9.28178E-6 9.10419E-6 9.04022E-6 9.81568E-6 9.96248E-6 9.54388E-6 7.74578E-6 7.34434E-6 6.73201E-6
-9999 -9999 -9999 -9999 -9999 -9999 -9999 -9999 -9999 -9999 -9999 -9999 -9999 -9999 -9999 -9999 -9999 -9999 -9999 -9999 -9999 7.238E-6 7.21953E-6 7.20801E-6 7.21155E-6 7.26392E-6 7.26229E-6 7.20813E-6 7.19548E-6 7.25254E-6 7.304E-6 7.32875E-6 6.79628E-6 6.8073E-6 6.82662E-6 6.8512E-6 7.42946E-6 7.44576E-6 7.43676E-6 7.40058E-6 6.77183E-6 6.73856E-6 6.69528E-6 6.623E-6 6.6723E-6 6.77929E-6 6.8388E-6 6.86251E-6 6.95761E-6 7.1739E-6 7.47841E-6 7.87999E-6 8.62495E-6 8.82608E-6 8.45644E-6 8.68542E-6 8.85296E-6 8.75762E-6 8.45131E-6 9.39351E-6 8.13413E-6 8.58645E-6 7.4694E-6 7.16889E-6 6.93719E-6 6.58918E-6
-9999 -9999 -9999 -9999 -9999 -9999 -9999 -9999 -9999 -9999 -9999 -9999 -9999 -9999 -9999 -9999 -9999 -9999 -9999 -9999 -9999 7.17819E-6 7.08475E-6 7.01865E-6 7.00459E-6 7.08125E-6 7.10234E-6 7.13676E-6 7.18701E-6 7.25094E-6 7.2932E-6 7.35546E-6 7.12596E-6 7.12513E-6 6.61464E-6 6.61767E-6 7.15804E-6 7.17351E-6 6.61706E-6 6.57043E-6 6.50125E-6 6.44035E-6 6.41317E-6 6.34521E-6 6.38696E-6 6.47383E-6 6.56596E-6 6.62506E-6 6.83125E-6 7.31979E-6 7.83413E-6 8.18029E-6 8.3716E-6 8.29588E-6 7.9182E-6 7.95343E-6 8.138E-6 8.07725E-6 8.65691E-6 8.49826E-6 7.53337E-6 7.2976E-6 6.96566E-6 6.70552E-6 6.63255E-6 6.6327E-6
-9999 -9999 -9999 -9999 -9999 -9999 -9999 -9999 -9999 -9999 -9999 -9999 -9999 -9999 -9999 -9999 -9999 -9999 -9999 -9999 -9999 7.2105E-6 7.10537E-6 6.98066E-6 6.85702E-6 6.76986E-6 6.73504E-6 6.75237E-6 6.75287E-6 6.75511E-6 6.78338E-6 6.81242E-6 6.34339E-6 6.34117E-6 6.33537E-6 6.84548E-6 6.35978E-6 6.35972E-6 6.33054E-6 6.27472E-6 6.20615E-6 6.13604E-6 6.14936E-6 6.10417E-6 6.11498E-6 6.28241E-6 6.46296E-6 6.58665E-6 6.93948E-6 7.6696E-6 8.05168E-6 8.14838E-6 7.9575E-6 7.65804E-6 7.40364E-6 7.40581E-6 7.46741E-6 7.20171E-6 7.64382E-6 7.68148E-6 7.03973E-6 6.78266E-6 6.36519E-6 6.12111E-6 6.22978E-6 6.83529E-6
-9999 -9999 -9999 -9999 -9999 -9999 -9999 -9999 -9999 -9999 -9999 -9999 -9999 -9999 -9999 -9999 -9999 -9999 -9999 -9999 -9999 7.21885E-6 7.13338E-6 6.98834E-6 6.81813E-6 6.68859E-6 6.63599E-6 6.61315E-6 6.57749E-6 6.54343E-6 6.53996E-6 6.53974E-6 6.06436E-6 6.06982E-6 6.08365E-6 6.57631E-6 6.57593E-6 6.5523E-6 6.03929E-6 5.98927E-6 5.94499E-6 5.90424E-6 5.92928E-6 5.90808E-6 5.96196E-6 6.3836E-6 6.62774E-6 6.78525E-6 7.28186E-6 7.68528E-6 7.87437E-6 7.74599E-6 7.40912E-6 7.00786E-6 6.89237E-6 6.93246E-6 6.79076E-6 6.41832E-6 6.67541E-6 6.23972E-6 6.0657E-6 6.04105E-6 5.89428E-6 5.96556E-6 6.5836E-6 6.54618E-6
-9999 -9999 -9999 -9999 -9999 -9999 -9999 -9999 -9999 -9999 -9999 -9999 -9999 -9999 -9999 -9999 -9999 -9999 -9999 -9999 -9999 7.15452E-6 7.09149E-6 6.95939E-6 6.81963E-6 6.6869E-6 6.58846E-6 6.51758E-6 6.45844E-6 6.40855E-6 6.37451E-6 6.37232E-6 5.85497E-6 5.84655E-6 6.30653E-6 6.33435E-6 6.34887E-6 6.31657E-6 6.28756E-6 6.30665E-6 5.91853E-6 6.03082E-6 6.00904E-6 5.84267E-6 5.91008E-6 6.33935E-6 6.76233E-6 7.10434E-6 7.37455E-6 7.48341E-6 7.46365E-6 7.20214E-6 6.83773E-6 6.465E-6 6.33315E-6 6.31643E-6 6.04435E-6 5.7569E-6 5.58882E-6 5.4155E-6 5.37978E-6 5.5473E-6 6.07259E-6 6.26892E-6 6.28256E-6 6.51888E-6
-9999 -9999 -9999 -9999 -9999 -9999 -9999 -9999 -9999 -9999 -9999 -9999 -9999 -9999 -9999 -9999 -9999 -9999 -9999 -9999 -9999 7.03019E-6 6.99114E-6 6.91872E-6 6.83946E-6 6.69843E-6 6.52906E-6 6.40019E-6 6.36617E-6 6.24659E-6 6.20394E-6 6.20093E-6 5.70239E-6 5.71973E-6 6.12682E-6 6.15319E-6 6.19923E-6 6.24323E-6 6.43556E-6 6.70337E-6 6.82592E-6 6.29322E-6 6.10447E-6 6.00945E-6 6.33383E-6 6.82721E-6 7.10144E-6 7.06969E-6 6.99202E-6 6.94773E-6 6.84414E-6 6.57626E-6 6.2628E-6 5.92181E-6 5.67293E-6 5.64963E-6 5.46417E-6 5.58682E-6 5.25826E-6 4.86565E-6 5.05634E-6 5.62187E-6 6.25667E-6 6.58001E-6 6.58548E-6 6.87162E-6
-9999 -9999 -9999 -9999 -9999 -9999 -9999 -9999 -9999 -9999 -9999 -9999 -9999 -9999 -9999 -9999 -9999 -9999 -9999 -9999 -9999 -9999 6.86525E-6 6.83952E-6 6.80012E-6 6.69375E-6 6.48632E-6 6.29186E-6 6.21678E-6 6.03263E-6 5.96894E-6 5.91974E-6 5.66732E-6 6.05372E-6 6.08121E-6 6.08721E-6 6.11415E-6 6.22194E-6 6.48495E-6 6.70317E-6 6.75137E-6 6.69431E-6 6.35603E-6 6.52239E-6 6.61334E-6 6.72249E-6 6.63464E-6 6.4575E-6 6.3821E-6 6.36598E-6 6.23508E-6 5.94118E-6 5.75119E-6 5.4965E-6 5.14599E-6 5.07631E-6 5.10575E-6 5.35016E-6 4.78262E-6 4.54843E-6 5.30856E-6 5.79888E-6 6.51339E-6 7.01139E-6 6.98513E-6 6.94225E-6
-9999 -9999 -9999 -9999 -9999 -9999 -9999 -9999 -9999 -9999 -9999 -9999 -9999 -9999 -9999 -9999 -9999 -9999 -9999 -9999 -9999 6.7037E-6 6.74864E-6 6.74527E-6 6.74099E-6 6.69761E-6 6.52658E-6 6.36575E-6 6.1079E-6 5.90127E-6 5.96804E-6 5.78451E-6 6.03979E-6 5.99082E-6 6.04612E-6 6.13741E-6 6.18845E-6 6.26751E-6 6.3102E-6 6.45332E-6 6.70525E-6 6.91597E-6 6.42149E-6 6.2713E-6 6.10694E-6 5.97667E-6 5.87347E-6 5.86648E-6 5.89227E-6 5.81815E-6 5.56416E-6 5.38151E-6 5.36157E-6 5.09482E-6 4.71578E-6 4.61068E-6 4.67536E-6 4.61212E-6 4.36344E-6 4.76238E-6 5.4804E-6 5.89429E-6 6.60319E-6 7.28832E-6 7.30959E-6 7.06341E-6
-9999 -9999 -9999 -9999 -9999 -9999 -9999 -9999 -9999 -9999 -9999 -9999 -9999 -9999 -9999 -9999 -9999 -9999 -9999 -9999 -9999 6.7208E-6 6.84785E-6 6.94272E-6 7.04766E-6 7.05485E-6 6.6305E-6 5.9676E-6 5.54365E-6 5.52199E-6 5.72008E-6 5.92609E-6 6.66147E-6 6.09779E-6 5.93965E-6 6.01226E-6 6.02207E-6 6.20444E-6 6.40426E-6 6.56598E-6 6.56204E-6 6.4253E-6 5.81562E-6 5.59076E-6 5.40585E-6 5.29905E-6 5.34492E-6 5.40628E-6 5.29945E-6 5.07751E-6 4.93581E-6 5.02264E-6 4.99722E-6 4.60713E-6 4.33066E-6 4.21142E-6 3.99918E-6 4.00814E-6 4.29322E-6 4.92634E-6 5.7227E-6 6.02193E-6 6.69671E-6 7.3801E-6 7.34132E-6 7.27359E-6
-9999 -9999 -9999 -9999 -9999 -9999 -9999 -9999 -9999 -9999 -9999 -9999 -9999 -9999 -9999 -9999 -9999 -9999 -9999 -9999 -9999 -9999 6.50268E-6 -9999 -9999 -9999 5.97365E-6 5.2991E-6 5.28877E-6 5.6474E-6 6.34346E-6 6.31938E-6 8.09217E-6 5.52344E-6 5.53834E-6 5.75243E-6 5.96242E-6 6.15868E-6 6.20594E-6 6.08498E-6 5.82648E-6 5.61666E-6 5.44051E-6 5.03368E-6 4.90032E-6 4.84941E-6 4.858E-6 4.69674E-6 4.51327E-6 4.41304E-6 4.4593E-6 4.55971E-6 4.3435E-6 3.90694E-6 3.91463E-6 3.68405E-6 3.63524E-6 4.0074E-6 4.49619E-6 5.22147E-6 5.80068E-6 6.1408E-6 6.81225E-6 7.41254E-6 7.62926E-6 7.82766E-6
-9999 -9999 -9999 -9999 -9999 -9999 -9999 -9999 -9999 -9999 -9999 -9999 -9999 -9999 -9999 -9999 -9999 -9999 -9999 -9999 -9999 -9999 -9999 -9999 -9999 -9999 -9999 4.66088E-6 4.59412E-6 4.78007E-6 5.40778E-6 7.18155E-6 7.25144E-6 5.65296E-6 5.32859E-6 5.46989E-6 5.49056E-6 5.52821E-6 5.40189E-6 5.25587E-6 5.08749E-6 4.98903E-6 4.71048E-6 4.65193E-6 4.55943E-6 4.36286E-6 4.14214E-6 3.97316E-6 3.89255E-6 3.89138E-6 3.97984E-6 3.90694E-6 3.55249E-6 3.52772E-6 3.67223E-6 3.48546E-6 3.58966E-6 4.24406E-6 4.78319E-6 5.52802E-6 5.91699E-6 6.08705E-6 6.66498E-6 7.28875E-6 7.58687E-6 7.75412E-6
-9999 -9999 -9999 -9999 -9999 -9999 -9999 -9999 -9999 -9999 -9999 -9999 -9999 -9999 -9999 -9999 -9999 -9999 -9999 -9999 -9999 -9999 -9999 -9999 -9999 -9999 4.12634E-6 4.10944E-6 4.06164E-6 4.08853E-6 4.6736E-6 6.46162E-6 6.63708E-6 5.08757E-6 4.63573E-6 4.64543E-6 4.64484E-6 4.64689E-6 4.61996E-6 4.6095E-6 4.58639E-6 4.52791E-6 4.35039E-6 4.25296E-6 3.97045E-6 3.68882E-6 3.56946E-6 3.48986E-6 3.42241E-6 3.44673E-6 3.46695E-6 3.24344E-6 3.14874E-6 3.35458E-6 3.4395E-6 3.35582E-6 3.69131E-6 4.40822E-6 4.6566E-6 5.2089E-6 5.8433E-6 5.93867E-6 6.41335E-6 6.75594E-6 7.1314E-6 7.39969E-6
-9999 -9999 -9999 -9999 -9999 -9999 -9999 -9999 -9999 -9999 -9999 -9999 -9999 -9999 -9999 -9999 -9999 -9999 -9999 -9999 -9999 -9999 -9999 -9999 -9999 -9999 3.68509E-6 3.67024E-6 3.64558E-6 4.13433E-6 4.18364E-6 5.75168E-6 4.2526E-6 4.29707E-6 3.89882E-6 3.9995E-6 4.06555E-6 4.10445E-6 4.14718E-6 4.18408E-6 4.20239E-6 4.01674E-6 3.83968E-6 3.62965E-6 3.44266E-6 3.28479E-6 3.21698E-6 3.17265E-6 3.04411E-6 3.10091E-6 2.97762E-6 2.76108E-6 2.97547E-6 3.07382E-6 3.07533E-6 3.17193E-6 3.86349E-6 4.36566E-6 4.67801E-6 5.71106E-6 5.74986E-6 6.14964E-6 6.40335E-6 6.52489E-6 7.38025E-6 7.47326E-6
-9999 -9999 -9999 -9999 -9999 -9999 -9999 -9999 -9999 -9999 -9999 -9999 -9999 -9999 -9999 -9999 -9999 -9999 -9999 -9999 -9999 -9999 -9999 -9999 -9999 -9999 -9999 3.88167E-6 3.76252E-6 3.73878E-6 -9999 -9999 -9999 3.87221E-6 3.45085E-6 3.5644E-6 3.69471E-6 3.79982E-6 3.72304E-6 3.66178E-6 3.58712E-6 3.47337E-6 3.34915E-6 3.23E-6 3.11573E-6 3.02132E-6 2.92949E-6 2.81961E-6 2.7677E-6 2.70302E-6 2.50815E-6 2.53575E-6 2.72115E-6 2.8704E-6 2.80254E-6 3.31295E-6 4.02916E-6 4.23318E-6 4.64793E-6 5.92651E-6 5.63438E-6 5.84574E-6 6.52073E-6 6.90692E-6 7.41296E-6 7.67013E-6
-9999 -9999 -9999 -9999 -9999 -9999 -9999 -9999 -9999 -9999 -9999 -9999 -9999 -9999 -9999 -9999 -9999 -9999 -9999 -9999 -9999 -9999 -9999 -9999 -9999 -9999 3.64512E-6 3.56809E-6 3.49228E-6 3.43585E-6 3.47375E-6 3.51643E-6 3.49307E-6 3.50594E-6 3.11971E-6 3.12805E-6 3.15945E-6 3.18506E-6 3.20522E-6 3.19862E-6 3.1688E-6 3.11813E-6 3.02277E-6 2.91974E-6 2.80935E-6 2.67419E-6 2.50209E-6 2.52627E-6 2.55067E-6 2.42237E-6 2.13275E-6 2.14755E-6 2.40202E-6 2.48119E-6 2.77475E-6 3.57485E-6 4.06133E-6 4.23478E-6 4.52699E-6 5.7799E-6 5.59837E-6 5.75852E-6 6.09886E-6 7.17704E-6 7.45544E-6 7.46577E-6
