catData/rasterBestHybridModels/Fchaus/RD_RM2_LQ/Fchaus_stddev.asc
ncols         409
nrows         350
xllcorner     60.897278365
yllcorner     5.843756025
cellsize      0.0892857
NODATA_value  -9999
[rows 116 to 144 of 350, columns 264 to 329 of 409]
5.21323E-5 4.29742E-5 4.11092E-5 5.76405E-5 4.18604E-5 4.37098E-5 4.91075E-5 6.29869E-5 3.04137E-5 1.60909E-5 1.55379E-5 1.67449E-5 1.33229E-5 3.2922E-5 1.64096E-5 1.69638E-5 1.88476E-5 1.98139E-5 1.87174E-5 1.56703E-5 1.46511E-5 1.3747E-5 1.3174E-5 2.87244E-5 1.14923E-4 1.03999E-4 1.94337E-4 2.54644E-5 2.21172E-5 2.09439E-5 1.84477E-5 7.12643E-5 9.54882E-5 8.88297E-5 7.24882E-5 5.50903E-5 1.41016E-5 4.28582E-5 2.60933E-5 1.66177E-5 2.00779E-5 4.09126E-5 2.07647E-5 1.81921E-5 3.36516E-5 6.31299E-5 1.81288E-5 1.40479E-5 4.40535E-5 3.77951E-5 4.62499E-5 2.94712E-5 9.69268E-5 9.01673E-5 8.91857E-5 6.85535E-5 8.32751E-5 9.89542E-5 8.19745E-5 6.29477E-5 1.83475E-5 1.86293E-5 3.43026E-5 3.10854E-5 3.06124E-5 3.44088E-5
3.47718E-5 3.14766E-5 3.5684E-5 4.90032E-5 5.14959E-5 4.44765E-5 4.70478E-5 5.56115E-5 7.11718E-5 4.86301E-5 6.97723E-5 1.03236E-4 2.80056E-5 2.24704E-5 2.46878E-5 1.34909E-5 1.5234E-5 1.28941E-5 1.94085E-5 1.46853E-5 1.02892E-5 2.48062E-5 1.35641E-5 1.32187E-5 1.37709E-5 1.67098E-5 1.5929E-5 1.68189E-5 1.88352E-5 6.2323E-5 6.07665E-5 5.84341E-5 5.74458E-5 5.47899E-5 5.26747E-5 5.03858E-5 5.15313E-5 6.27354E-5 5.68705E-5 1.82984E-5 1.76516E-5 7.85878E-5 2.10056E-5 7.5767E-5 2.00842E-5 2.08474E-5 3.21037E-5 4.92515E-5 2.59201E-5 7.58539E-5 1.03562E-4 5.24609E-5 3.31615E-5 2.23592E-5 6.03829E-5 7.09142E-5 9.24926E-5 6.33781E-5 1.97062E-5 6.00804E-5 5.60543E-5 5.7134E-5 1.82172E-5 1.6055E-5 1.74925E-5 1.9463E-5
3.22004E-5 4.31552E-5 4.31375E-5 4.79624E-5 7.22783E-5 4.57062E-5 4.33603E-5 4.8312E-5 6.11115E-5 6.7638E-5 6.57067E-5 1.10002E-4 1.04597E-4 8.43556E-5 6.43027E-5 4.43134E-5 1.53561E-5 1.23811E-5 2.77758E-5 1.29983E-5 3.23318E-5 3.41166E-5 3.52215E-5 1.10521E-5 1.0798E-5 1.12774E-5 1.20104E-5 1.55566E-5 3.95764E-5 1.34164E-5 1.24677E-5 1.33294E-5 1.29799E-5 2.82015E-5 2.82193E-5 2.73108E-5 2.73255E-5 2.76217E-5 2.76996E-5 2.07222E-5 2.78342E-5 4.97594E-5 5.44304E-5 1.89703E-5 1.60877E-5 2.91251E-5 7.7086E-5 7.8629E-5 7.90244E-5 2.34706E-5 3.11782E-5 3.97721E-5 3.00543E-5 2.44E-5 2.04666E-5 1.97991E-5 1.95437E-5 1.79744E-5 1.82918E-5 1.68007E-5 1.51923E-5 1.54738E-5 1.65209E-5 1.81461E-5 1.71436E-5 3.7198E-5
6.99589E-5 6.64742E-5 5.13407E-5 4.43534E-5 5.37259E-5 4.6816E-5 4.78304E-5 5.94115E-5 4.8276E-5 6.40759E-5 4.56817E-5 1.19581E-4 1.44167E-4 1.11309E-4 7.55882E-5 5.09925E-5 6.71088E-5 6.5735E-5 9.00842E-5 4.51561E-5 1.44018E-5 1.45264E-5 3.92563E-5 4.05121E-5 3.98254E-5 3.60896E-5 3.97016E-5 3.64711E-5 1.85576E-5 2.27505E-5 4.16869E-5 4.80339E-5 4.20557E-5 1.96113E-5 3.46243E-5 3.36235E-5 3.40193E-5 2.29787E-5 2.21416E-5 1.31208E-5 1.82963E-5 1.57688E-5 1.80479E-5 1.94938E-5 1.30981E-5 1.51573E-5 2.26224E-5 1.8572E-5 3.10332E-5 1.92307E-5 3.57129E-5 4.68289E-5 2.84356E-5 1.04671E-4 9.91776E-5 9.87748E-5 9.46464E-5 6.10494E-5 7.1726E-5 9.36134E-5 6.00821E-5 1.65598E-5 1.73854E-5 1.53937E-5 1.47648E-5 1.64232E-5
7.14847E-5 5.8498E-5 3.90018E-5 3.79342E-5 4.49524E-5 4.48694E-5 4.76622E-5 7.26563E-5 6.45803E-5 7.10691E-5 1.09775E-4 7.17219E-5 5.20388E-5 4.98101E-5 6.73519E-5 9.87237E-5 1.22192E-4 1.04928E-4 4.32129E-5 4.24001E-5 4.05806E-5 5.0595E-5 5.60402E-5 2.08858E-5 2.07045E-5 2.43877E-5 2.48018E-5 2.20262E-5 2.30225E-5 2.32236E-5 2.55725E-5 3.03292E-5 2.64045E-5 1.93361E-5 2.00424E-5 2.15271E-5 2.21381E-5 2.37779E-5 2.35082E-5 2.29293E-5 1.72079E-5 1.85545E-5 1.8708E-5 1.67703E-5 1.346E-5 1.35046E-5 1.58371E-5 1.59185E-5 2.61075E-5 2.27746E-5 5.18632E-5 3.89547E-5 3.3805E-5 3.71964E-5 2.45992E-5 2.75225E-5 2.63799E-5 2.3091E-5 9.60115E-5 6.08407E-5 5.91933E-5 6.2675E-5 6.67987E-5 2.59137E-5 2.20971E-5 1.96152E-5
3.52938E-5 5.63714E-5 3.86053E-5 3.60664E-5 3.6482E-5 4.53578E-5 4.29406E-5 4.63658E-5 5.16565E-5 6.12432E-5 6.44809E-5 5.4698E-5 5.357E-5 5.41335E-5 8.16489E-5 1.13515E-4 9.86641E-5 1.26211E-4 1.36284E-4 1.12601E-4 8.71183E-5 6.61672E-5 6.48252E-5 2.52089E-5 2.47701E-5 2.60294E-5 1.82173E-5 2.1529E-5 1.67066E-5 1.67878E-5 1.95661E-5 2.28179E-5 2.17712E-5 2.17153E-5 1.67431E-5 1.58818E-5 1.64216E-5 1.72226E-5 1.84978E-5 1.7751E-5 1.86548E-5 1.96541E-5 1.83015E-5 1.38151E-5 1.54329E-5 1.36674E-5 1.20549E-5 1.3764E-5 1.89527E-5 1.53782E-5 1.7588E-5 1.71072E-5 6.05697E-5 7.55641E-5 3.79373E-5 4.03833E-5 3.9302E-5 3.68134E-5 2.48201E-5 1.62298E-5 1.82745E-5 2.03949E-5 2.31885E-5 1.8816E-5 2.27555E-5 1.94196E-5
3.93153E-5 3.23033E-5 2.55694E-5 2.7189E-5 3.77246E-5 4.87444E-5 4.53828E-5 4.31937E-5 4.17479E-5 1.32272E-4 1.75404E-4 5.49174E-5 5.3756E-5 5.12108E-5 9.41289E-5 1.96155E-4 2.13464E-4 1.73684E-4 7.85885E-5 1.09795E-4 1.01701E-4 5.45373E-5 6.42532E-5 2.48031E-5 2.93945E-5 3.07039E-5 1.98946E-5 1.79254E-5 1.53408E-5 1.98545E-5 1.96969E-5 2.04676E-5 2.38795E-5 2.68586E-5 2.02755E-5 1.94841E-5 1.71489E-5 1.85312E-5 2.06236E-5 2.07651E-5 1.93416E-5 1.38908E-5 1.37621E-5 1.59297E-5 1.74084E-5 1.52822E-5 1.24689E-5 1.4285E-5 1.80637E-5 1.62123E-5 1.45721E-5 1.47866E-5 1.87237E-5 2.37622E-5 4.6509E-5 3.78813E-5 5.62885E-5 2.43455E-5 2.22184E-5 1.74442E-5 1.70837E-5 1.81118E-5 2.30796E-5 2.05309E-5 1.57608E-5 1.6994E-5
4.82832E-5 2.34702E-5 2.53055E-5 4.63618E-5 2.76449E-5 2.89339E-5 2.86275E-5 3.46502E-5 4.6487E-5 7.12877E-5 1.85344E-4 2.75531E-4 5.2827E-5 5.44836E-5 4.65224E-5 5.69367E-5 7.4168E-5 6.22838E-5 5.59749E-5 5.99369E-5 4.71227E-5 4.95574E-5 6.50501E-5 7.20239E-5 4.05494E-5 2.79377E-5 1.43739E-5 1.56025E-5 1.55705E-5 2.13466E-5 1.67913E-5 1.67316E-5 1.86174E-5 2.75343E-5 2.80644E-5 1.75274E-5 1.62533E-5 1.36866E-5 1.67484E-5 1.55201E-5 1.36271E-5 1.28356E-5 1.36339E-5 1.71027E-5 1.75937E-5 1.5484E-5 1.3554E-5 1.46712E-5 1.90172E-5 1.69538E-5 1.42873E-5 1.62722E-5 1.63717E-5 1.49702E-5 2.10362E-5 1.85143E-5 6.49311E-5 2.58915E-5 2.48521E-5 1.96489E-5 3.17074E-5 2.35024E-5 2.51252E-5 1.66014E-5 1.41947E-5 1.40685E-5
3.00233E-5 3.3229E-5 5.07461E-5 5.60184E-5 4.68938E-5 2.44324E-5 2.66617E-5 3.28714E-5 2.37524E-5 6.67021E-5 6.44195E-5 1.48096E-4 4.76789E-5 8.28945E-5 8.77917E-5 8.12069E-5 6.27978E-5 5.74524E-5 5.71747E-5 6.08075E-5 4.92793E-5 4.26872E-5 4.77318E-5 4.34692E-5 3.48806E-5 1.67357E-5 1.69772E-5 1.69405E-5 1.63076E-5 2.32155E-5 1.66797E-5 1.69295E-5 1.72563E-5 2.83837E-5 2.08988E-5 1.7576E-5 1.75172E-5 1.54985E-5 1.59023E-5 1.36383E-5 1.28057E-5 1.21297E-5 1.36034E-5 1.70458E-5 1.74556E-5 1.50645E-5 1.29691E-5 1.53837E-5 2.51125E-5 2.033E-5 1.6656E-5 1.72211E-5 1.91267E-5 2.00373E-5 2.07257E-5 2.5574E-5 2.00821E-5 3.31436E-5 3.40639E-5 5.68823E-5 3.63817E-5 2.10102E-5 1.65452E-5 1.3534E-5 1.36558E-5 4.42944E-5
2.31158E-5 2.59085E-5 2.57061E-5 4.74133E-5 3.77866E-5 2.29816E-5 2.10271E-5 3.44664E-5 6.38295E-5 6.91977E-5 7.18196E-5 7.37676E-5 4.40611E-5 8.30013E-5 6.25573E-5 6.91908E-5 7.67724E-5 7.06295E-5 6.54898E-5 6.51473E-5 5.9052E-5 5.00179E-5 5.20583E-5 5.65649E-5 2.42826E-5 3.59617E-5 2.96217E-5 2.14109E-5 2.13291E-5 2.14479E-5 2.13784E-5 1.97618E-5 1.47843E-5 1.26258E-5 1.45171E-5 1.2164E-5 1.1954E-5 1.6411E-5 1.54772E-5 1.4737E-5 1.29719E-5 1.25047E-5 1.35204E-5 1.59137E-5 1.38506E-5 1.42439E-5 1.36066E-5 1.47939E-5 2.04879E-5 2.52291E-5 2.53903E-5 2.33552E-5 2.4279E-5 2.39253E-5 2.39706E-5 2.50938E-5 2.27458E-5 2.15051E-5 2.41137E-5 3.16609E-5 3.39439E-5 1.58185E-5 1.37483E-5 4.35233E-5 2.70185E-5 2.80388E-5
1.87597E-5 2.05294E-5 1.64958E-5 7.70962E-5 3.92254E-5 1.89406E-5 1.18158E-5 2.61554E-5 9.58922E-5 1.19881E-4 7.77575E-5 7.46266E-5 4.19719E-5 4.60007E-5 3.43536E-5 2.75611E-5 1.395E-4 6.55958E-5 1.04887E-4 8.54163E-5 4.31908E-5 4.42124E-5 8.89351E-5 8.65321E-5 2.15797E-5 1.65684E-5 1.54389E-5 1.59633E-5 1.97166E-5 2.23112E-5 1.74751E-5 1.21933E-5 1.42232E-5 2.5117E-5 1.9644E-5 1.18904E-5 1.20606E-5 1.50269E-5 1.41652E-5 1.52849E-5 1.33952E-5 1.29673E-5 1.33482E-5 1.58626E-5 1.7463E-5 1.72616E-5 1.47928E-5 1.42315E-5 1.66825E-5 4.63937E-5 3.54946E-5 1.85475E-5 3.1051E-5 3.47103E-5 3.09695E-5 2.80535E-5 2.67172E-5 2.7332E-5 2.39017E-5 2.48958E-5 3.86771E-5 1.31131E-5 2.95754E-5 2.47568E-5 2.00671E-5 2.10359E-5
1.6416E-5 1.34467E-5 1.59108E-5 3.88729E-5 6.3229E-5 3.35522E-5 5.04668E-5 2.698E-5 1.48852E-4 1.41941E-4 9.70072E-5 8.04926E-5 3.91574E-5 3.28568E-5 3.95349E-5 5.74446E-5 4.58205E-5 4.7015E-5 9.65912E-5 1.69464E-4 5.67655E-5 4.14492E-5 6.08891E-5 6.50492E-5 2.94449E-5 1.8293E-5 1.50713E-5 1.49987E-5 1.87974E-5 1.75788E-5 1.21208E-5 1.17103E-5 1.2297E-5 2.07277E-5 2.73268E-5 1.22892E-5 1.4397E-5 1.66525E-5 1.5912E-5 1.44761E-5 1.53334E-5 1.52069E-5 1.28271E-5 1.32731E-5 1.47368E-5 1.74541E-5 1.90159E-5 2.64541E-5 1.80781E-5 2.27663E-5 2.0141E-5 2.02897E-5 6.12327E-5 7.86226E-5 4.0286E-5 3.68036E-5 2.76732E-5 2.65015E-5 2.48561E-5 2.35903E-5 2.70802E-5 1.59851E-5 2.29221E-5 2.47207E-5 2.33186E-5 2.72053E-5
1.51251E-5 2.67717E-5 1.30496E-5 1.88862E-5 1.7016E-5 2.00263E-5 7.8045E-5 3.07041E-4 2.04613E-4 3.66638E-5 1.15271E-4 7.94611E-5 3.83864E-5 3.22729E-5 5.35736E-5 4.3248E-5 3.15245E-5 3.16212E-5 2.6786E-5 3.45865E-5 2.78879E-5 4.16881E-5 4.3874E-5 5.04123E-5 2.48478E-5 1.59659E-5 1.72005E-5 2.0725E-5 1.9476E-5 1.21773E-5 1.20949E-5 1.22873E-5 1.24306E-5 1.25921E-5 1.79621E-5 1.45372E-5 1.61753E-5 1.78978E-5 1.71612E-5 1.63348E-5 1.76717E-5 1.66215E-5 1.45367E-5 1.51694E-5 1.58147E-5 1.74044E-5 2.19715E-5 2.96372E-5 2.06442E-5 1.89802E-5 1.95003E-5 2.21204E-5 2.16936E-5 2.77547E-5 2.45097E-5 3.04708E-5 2.45814E-5 2.31557E-5 2.1043E-5 1.84452E-5 1.94093E-5 4.43921E-5 3.18174E-5 3.02946E-5 3.01092E-5 4.02056E-5
1.3207E-5 3.53549E-5 8.92591E-5 4.8976E-5 2.7547E-5 3.67785E-5 3.75636E-5 1.55418E-4 1.64011E-3 2.59167E-5 1.54866E-5 1.76541E-5 1.49256E-5 2.20772E-5 1.78333E-5 2.40303E-5 3.45957E-5 1.85785E-5 3.5524E-5 5.65625E-5 2.84705E-5 2.63805E-5 2.66466E-5 2.45609E-5 1.81155E-5 1.51761E-5 1.67525E-5 1.98453E-5 1.71145E-5 1.28763E-5 1.25244E-5 1.36872E-5 1.40169E-5 1.44412E-5 3.18556E-5 3.14187E-5 1.35731E-5 1.8514E-5 1.33018E-5 1.37897E-5 1.39021E-5 1.39032E-5 1.29985E-5 1.26814E-5 1.27804E-5 1.36103E-5 2.35226E-5 2.91595E-5 1.67124E-5 1.63691E-5 1.63842E-5 1.58203E-5 1.90381E-5 1.83558E-5 2.10916E-5 2.5707E-5 2.35959E-5 2.16259E-5 1.90842E-5 1.82238E-5 4.17873E-5 4.28911E-5 2.84286E-5 3.04416E-5 3.56966E-5 4.64361E-5
2.49458E-5 2.5405E-5 2.99143E-5 2.87251E-5 3.27939E-5 4.71732E-5 4.02918E-5 4.7573E-5 2.94841E-5 2.80621E-5 3.23568E-5 1.27077E-5 4.45048E-5 1.54982E-5 9.74516E-6 1.20846E-5 5.88425E-5 8.48211E-5 8.20901E-5 9.69897E-5 2.4034E-5 4.80512E-5 2.5332E-5 3.58213E-5 2.19181E-5 1.62876E-5 1.68123E-5 1.39735E-5 1.29617E-5 1.65787E-5 1.5629E-5 1.19489E-5 1.46185E-5 1.20705E-5 1.44648E-5 1.40594E-5 1.53035E-5 1.41637E-5 1.31902E-5 2.49781E-5 1.42036E-5 1.17667E-5 1.13058E-5 1.14394E-5 1.1893E-5 1.15353E-5 1.1429E-5 1.13087E-5 1.16915E-5 1.71226E-5 1.67138E-5 1.31791E-5 1.63785E-5 1.79711E-5 2.06802E-5 2.51588E-5 2.63016E-5 2.4059E-5 2.49393E-5 1.60864E-5 1.49142E-5 1.11473E-5 2.81229E-5 2.73656E-5 1.47999E-5 1.97022E-5
2.24778E-5 2.28442E-5 4.11739E-5 2.86249E-5 3.03564E-5 3.61103E-5 3.73642E-5 4.6229E-5 2.25929E-5 1.98863E-5 1.98456E-5 1.91459E-5 1.64206E-5 1.31869E-5 1.1751E-5 1.62788E-5 1.4822E-5 9.42776E-6 1.46425E-5 1.48711E-5 1.62222E-5 2.10694E-5 5.31031E-5 4.60771E-5 1.52922E-5 1.03385E-5 9.96278E-6 1.28238E-5 1.30691E-5 1.13511E-5 1.04672E-5 1.45861E-5 1.16921E-5 1.17552E-5 1.23197E-5 1.29062E-5 1.21385E-5 1.14893E-5 1.3238E-5 1.54646E-5 1.41536E-5 1.2698E-5 1.15939E-5 1.0601E-5 1.02303E-5 1.03572E-5 1.03889E-5 1.0558E-5 1.16887E-5 2.14658E-5 2.68945E-5 1.35643E-5 1.25156E-5 1.50305E-5 1.98793E-5 2.27952E-5 2.97454E-5 2.93921E-5 2.95289E-5 1.81286E-5 1.22855E-5 1.51349E-5 1.24852E-5 2.75035E-5 2.71856E-5 2.70771E-5
2.66711E-5 6.30667E-5 2.17876E-5 1.78673E-5 1.98046E-5 3.23699E-5 3.37206E-5 4.87593E-5 3.41068E-5 1.72986E-5 2.17606E-5 1.76895E-5 4.28086E-5 1.93475E-5 1.60224E-5 1.52884E-5 1.13962E-5 1.2169E-5 1.12811E-5 8.86102E-6 1.18226E-5 1.21845E-5 2.31637E-5 1.64824E-5 1.439E-5 1.11249E-5 1.18984E-5 1.33385E-5 1.05945E-5 1.05055E-5 1.20356E-5 1.66694E-5 1.30226E-5 1.26679E-5 1.72382E-5 1.55737E-5 1.49964E-5 1.31866E-5 1.57503E-5 1.75969E-5 1.54422E-5 1.22905E-5 1.09649E-5 1.00445E-5 9.78976E-6 9.49288E-6 9.86299E-6 1.13053E-5 1.33736E-5 1.43268E-5 1.68122E-5 1.78021E-5 1.48865E-5 1.34028E-5 2.1969E-5 2.59784E-5 3.12041E-5 2.21261E-5 1.5804E-5 1.89645E-5 1.84008E-5 1.73511E-5 1.30403E-5 2.67461E-5 1.07315E-5 4.05155E-5
1.62361E-5 1.41546E-5 1.81336E-5 2.48566E-5 2.82214E-5 3.2941E-5 3.19946E-5 3.46382E-5 3.50068E-5 1.99404E-5 1.69812E-5 2.94722E-5 1.56851E-4 4.23898E-5 1.76536E-5 1.80031E-5 1.5632E-5 1.71346E-5 1.49064E-5 1.18428E-5 1.92726E-5 2.23735E-5 2.71569E-5 1.72968E-5 8.60812E-6 8.3274E-6 1.01215E-5 9.24084E-6 1.50198E-5 4.08625E-5 1.37965E-5 1.26957E-5 1.15283E-5 9.38623E-6 1.4159E-5 1.68087E-5 2.30766E-5 1.28806E-5 1.36096E-5 1.89164E-5 1.43685E-5 1.20696E-5 1.15064E-5 1.05728E-5 1.01288E-5 9.69068E-6 9.64274E-6 1.06415E-5 1.20993E-5 1.36129E-5 2.0865E-5 1.81099E-5 1.58344E-5 1.89773E-5 1.95544E-5 2.2152E-5 2.91429E-5 2.55713E-5 1.94616E-5 2.16638E-5 2.00183E-5 1.93786E-5 1.44086E-5 1.38217E-5 1.26271E-5 1.19306E-5
1.95024E-5 1.81715E-5 2.31008E-5 1.79052E-5 2.74827E-5 2.99554E-5 2.77192E-5 3.46399E-5 2.37935E-5 2.31282E-5 1.20601E-5 2.45315E-5 2.72465E-5 2.06773E-5 1.10598E-5 1.20689E-5 1.82832E-5 9.9136E-6 1.4026E-5 2.33518E-5 7.97081E-5 7.61779E-5 4.37448E-5 6.43335E-6 1.54155E-5 7.20614E-6 8.45177E-6 9.33548E-6 8.47026E-5 1.95423E-4 9.94693E-6 1.09546E-5 7.4899E-6 8.10432E-6 1.33064E-5 1.48128E-5 1.4122E-5 1.45904E-5 1.27247E-5 2.89601E-5 1.46744E-5 1.28325E-5 1.13728E-5 1.11235E-5 1.03565E-5 9.54222E-6 9.48314E-6 1.04393E-5 1.14395E-5 1.24008E-5 2.19754E-5 2.55886E-5 1.84552E-5 1.74334E-5 1.81496E-5 2.04672E-5 2.41379E-5 3.50193E-5 2.16309E-5 2.19558E-5 1.94101E-5 1.92603E-5 1.82884E-5 1.55214E-5 1.55279E-5 1.39513E-5
2.27016E-5 3.50309E-5 2.19962E-5 1.46699E-5 2.68095E-5 3.1503E-5 2.94317E-5 2.0867E-5 2.24664E-5 2.61734E-5 1.02872E-5 1.87041E-5 2.16747E-5 1.802E-5 1.25671E-5 9.81301E-6 9.62858E-6 9.07616E-6 1.06902E-5 1.72514E-5 8.08674E-6 8.5436E-6 1.18037E-5 6.08106E-6 5.86462E-6 6.0827E-6 8.3561E-6 9.14757E-6 1.00972E-5 9.44104E-6 6.94062E-6 7.57237E-6 7.4325E-6 1.05779E-5 8.49474E-6 1.31234E-5 1.4026E-5 1.37578E-5 4.34306E-5 2.74759E-5 1.88691E-5 1.3315E-5 1.27145E-5 1.12758E-5 1.00814E-5 9.52955E-6 9.68253E-6 1.06911E-5 1.20404E-5 1.46839E-5 2.48899E-5 2.14625E-5 1.71491E-5 1.78151E-5 1.78587E-5 1.85735E-5 1.40076E-5 1.76878E-5 1.90756E-5 3.05176E-5 2.73093E-5 2.77672E-5 2.79426E-5 2.38728E-5 2.12364E-5 1.69885E-5
1.95574E-5 3.09066E-5 2.46642E-5 1.54445E-5 2.50042E-5 4.29062E-5 5.18345E-5 2.25003E-5 2.24841E-5 1.9095E-5 2.65353E-5 1.83E-5 3.07483E-5 1.75429E-5 1.76133E-5 1.23763E-5 1.36939E-5 1.66523E-5 2.05013E-5 1.51528E-5 1.04563E-5 1.09435E-5 9.13869E-6 5.64097E-6 5.82625E-6 6.02966E-6 6.06429E-6 7.09938E-6 9.8599E-6 9.21834E-6 6.73202E-6 6.19989E-6 7.5283E-6 1.96338E-5 8.16465E-6 1.01317E-5 1.09275E-5 1.3649E-5 6.70844E-5 2.07873E-5 1.94785E-5 1.32422E-5 1.35278E-5 1.2886E-5 1.17474E-5 1.0318E-5 1.03029E-5 1.08972E-5 1.22673E-5 1.7722E-5 2.4013E-5 1.99331E-5 2.19991E-5 1.96311E-5 5.20831E-5 3.43844E-5 2.27847E-5 1.83076E-5 1.99449E-5 2.62135E-5 3.65525E-5 3.69221E-5 3.45989E-5 3.12967E-5 2.78379E-5 2.41749E-5
3.09941E-5 3.33122E-5 1.72329E-5 1.93815E-5 2.18371E-5 1.07149E-4 7.15611E-5 2.41875E-5 2.89941E-5 2.99812E-5 2.97897E-5 1.56258E-5 2.21872E-5 1.67691E-5 1.61515E-5 1.81631E-5 1.51673E-5 1.51806E-5 1.12206E-5 8.09882E-6 9.96186E-6 1.10995E-5 8.95455E-6 9.07611E-6 8.31718E-6 6.44927E-6 5.93936E-6 6.77548E-6 8.05448E-6 7.24448E-6 6.50518E-6 6.05466E-6 1.07082E-5 1.509E-5 8.26028E-6 1.48495E-5 9.96557E-6 1.32971E-5 3.03345E-5 2.13952E-5 1.67774E-5 1.70508E-5 1.57023E-5 1.53453E-5 1.14402E-5 1.11024E-5 1.10407E-5 1.41639E-5 1.79901E-5 3.01728E-5 2.89053E-5 2.62536E-5 2.56931E-5 2.1776E-5 4.94864E-5 4.81786E-5 2.48456E-5 1.72503E-5 1.63474E-5 2.4886E-5 3.18241E-5 3.44988E-5 3.86024E-5 3.86916E-5 3.88565E-5 5.83509E-5
2.16374E-5 2.00034E-5 2.01597E-5 1.88905E-5 2.00275E-5 2.58083E-5 3.00623E-5 2.29799E-5 2.25522E-5 2.00734E-5 1.70552E-5 7.74502E-6 1.56178E-5 2.00434E-5 1.89577E-5 1.91209E-5 3.91239E-5 2.87248E-5 2.48978E-5 8.47128E-6 8.67991E-6 8.90883E-6 1.23421E-5 9.64082E-6 8.57284E-6 8.20877E-6 6.39645E-6 6.51809E-6 6.69295E-6 6.95307E-6 6.79646E-6 6.24374E-6 7.76124E-6 2.51546E-5 2.71724E-5 9.13244E-6 8.46889E-6 1.40626E-5 3.63973E-5 1.90526E-5 1.62685E-5 1.61807E-5 1.66347E-5 1.33125E-5 1.28387E-5 1.17257E-5 1.32945E-5 1.78931E-5 2.29094E-5 3.14901E-5 1.73917E-5 1.59612E-5 1.57965E-5 1.88946E-5 5.44558E-5 4.75159E-5 2.74065E-5 2.33381E-5 1.70372E-5 1.93731E-5 2.6231E-5 1.96145E-5 1.65558E-5 2.21898E-5 2.80757E-5 2.95387E-5
1.58206E-5 1.85435E-5 1.98718E-5 2.30249E-5 2.39366E-5 2.13341E-5 2.12981E-5 2.33113E-5 2.51432E-5 1.91663E-5 1.79586E-5 1.75591E-5 7.27364E-5 4.83298E-5 3.6054E-5 1.36238E-5 1.68841E-5 1.39666E-5 1.19356E-5 8.08811E-6 8.18596E-6 7.74619E-6 1.01498E-5 9.25184E-6 8.68283E-6 8.46517E-6 6.42866E-6 6.26193E-6 6.16607E-6 6.72329E-6 6.7955E-6 6.86691E-6 8.10419E-6 3.66999E-5 1.60593E-5 7.7923E-6 8.18814E-6 1.2517E-5 2.04898E-5 6.34458E-5 2.49159E-5 1.67644E-5 2.14544E-5 1.94876E-5 1.36301E-5 1.19452E-5 1.21844E-5 1.53573E-5 1.62146E-5 1.59585E-5 1.73651E-5 1.45654E-5 1.28975E-5 1.3059E-5 1.51192E-5 1.69136E-5 2.19201E-5 1.49989E-5 1.68336E-5 1.74757E-5 2.24099E-5 1.79302E-5 1.5004E-5 1.52274E-5 1.72015E-5 1.91016E-5
1.59215E-5 1.67368E-5 1.51498E-5 1.6922E-5 2.32753E-5 1.61651E-5 1.76259E-5 2.04677E-5 2.46475E-5 4.79349E-5 8.94009E-5 8.22299E-5 1.83968E-4 9.81367E-5 9.3155E-5 1.90161E-5 1.38177E-5 7.99043E-6 6.97731E-6 7.10104E-6 6.71505E-6 6.27898E-6 8.6265E-6 1.22844E-5 1.42455E-5 9.81665E-6 9.07521E-6 6.1158E-6 6.13598E-6 6.36789E-6 6.90506E-6 6.92055E-6 1.53775E-5 2.22918E-5 7.64311E-6 7.39326E-6 8.15726E-6 1.31592E-5 1.55598E-5 2.0053E-5 2.49086E-5 1.61826E-5 1.74081E-5 1.28819E-5 1.3073E-5 1.19875E-5 1.50793E-5 1.57353E-5 1.64907E-5 2.02948E-5 2.02692E-5 1.48286E-5 1.23511E-5 1.13104E-5 1.12363E-5 1.34871E-5 1.6936E-5 2.70222E-5 3.5978E-5 2.08246E-5 2.77187E-5 3.3541E-5 1.34329E-5 1.41394E-5 1.6296E-5 1.79806E-5
1.21651E-5 1.85768E-5 1.55405E-5 1.3105E-5 1.46468E-5 1.5011E-5 1.51397E-5 2.0858E-5 8.95554E-5 3.41002E-5 4.03383E-5 2.29654E-5 3.39698E-5 2.45328E-5 2.35097E-5 1.97162E-5 9.41858E-6 7.27678E-6 7.924E-6 7.15404E-6 6.81009E-6 6.31473E-6 8.48275E-6 1.17042E-5 1.68711E-5 1.13436E-5 1.02653E-5 6.10096E-6 6.01478E-6 6.10724E-6 6.76162E-6 6.88017E-6 1.15758E-5 1.82943E-5 7.74426E-6 7.56865E-6 8.30192E-6 1.18979E-5 1.5908E-5 2.30381E-5 1.17014E-5 1.17874E-5 1.85047E-5 1.3882E-5 1.29494E-5 1.47371E-5 1.83885E-5 1.69415E-5 1.68938E-5 2.12121E-5 2.34444E-5 1.37219E-5 1.17841E-5 1.07852E-5 1.13969E-5 1.27217E-5 1.6968E-5 1.94086E-5 5.59645E-5 1.74129E-5 1.46961E-5 1.73921E-5 1.31149E-5 1.44193E-5 1.52241E-5 1.55609E-5
1.3063E-5 6.83643E-6 6.84189E-6 6.67611E-6 8.47402E-6 1.09533E-5 7.71018E-6 2.3206E-5 3.77278E-5 1.85873E-5 1.64379E-5 1.54562E-5 2.05711E-5 2.10791E-5 1.8214E-5 2.11282E-5 1.04061E-5 9.19034E-6 8.63471E-6 7.95179E-6 7.06857E-6 6.47224E-6 9.11653E-6 9.59123E-6 1.14142E-5 9.97324E-6 9.3415E-6 9.09067E-6 6.10009E-6 6.18866E-6 6.47971E-6 6.53446E-6 7.13214E-6 9.99756E-6 7.69027E-6 7.81919E-6 8.92881E-6 1.31802E-5 1.24831E-5 1.01398E-5 1.14556E-5 1.7201E-5 1.84855E-5 1.74901E-5 1.43511E-5 6.79204E-5 1.14386E-4 2.2409E-5 2.43872E-5 2.11988E-5 2.32857E-5 1.97224E-5 1.55474E-5 1.67686E-5 1.21028E-5 1.62352E-5 2.33307E-5 2.94904E-5 4.2381E-5 2.74154E-5 2.15027E-5 2.1655E-5 1.98324E-5 1.1172E-5 1.239E-5 1.4644E-5
7.08328E-6 8.5496E-6 1.04165E-5 8.73017E-6 1.1379E-5 9.82642E-6 7.01168E-6 7.1943E-6 1.8146E-5 1.76654E-5 1.73937E-5 1.69929E-5 5.73551E-6 1.91942E-5 1.90978E-5 2.00978E-5 8.82707E-6 8.45825E-6 8.40486E-6 8.24639E-6 7.07881E-6 9.98679E-6 9.63845E-6 9.87626E-6 9.8194E-6 9.62298E-6 9.77694E-6 9.576E-6 6.17799E-6 6.46983E-6 6.49999E-6 5.92987E-6 6.3998E-6 7.23334E-6 7.47879E-6 7.65159E-6 8.81469E-6 1.22786E-5 1.40742E-5 1.50102E-5 1.2626E-5 1.30491E-5 1.44132E-5 1.21606E-5 1.53669E-5 1.42781E-5 1.8115E-5 1.62051E-5 2.72554E-5 2.31651E-5 2.01639E-5 2.04601E-5 1.9262E-5 2.12382E-5 2.3555E-5 2.22245E-5 2.6963E-5 2.73433E-5 1.00948E-4 4.61315E-5 2.93259E-5 2.60749E-5 1.9472E-5 1.12037E-5 1.20653E-5 1.4712E-5
2.97391E-5 8.50558E-6 1.48239E-5 1.00889E-5 7.94057E-6 7.92857E-6 7.61911E-6 1.95849E-5 2.43255E-5 2.05093E-5 2.37395E-5 7.55287E-5 6.30633E-6 5.75496E-6 1.78785E-5 7.54672E-6 8.01309E-6 8.31121E-6 1.19786E-5 1.54482E-5 1.34424E-5 1.016E-5 9.58313E-6 9.31517E-6 1.08664E-5 1.09152E-5 1.02716E-5 9.80002E-6 8.56048E-6 7.41724E-6 7.4561E-6 6.36235E-6 7.24944E-6 8.05425E-6 1.25044E-5 7.95118E-6 1.02988E-5 1.22162E-5 1.46368E-5 1.25013E-5 1.14985E-5 1.19935E-5 2.3508E-5 1.51161E-5 1.76196E-5 1.02187E-5 1.31183E-5 1.55241E-5 2.10515E-5 1.68376E-5 1.85365E-5 1.92936E-5 2.08898E-5 2.76172E-5 1.98863E-5 2.09689E-5 2.27822E-5 3.21596E-5 3.41638E-5 1.88252E-5 2.76116E-5 2.11329E-5 1.85534E-5 1.31088E-5 1.82451E-5 1.79226E-5
