catData/rasterBestHybridModels/Fchaus/RD_RM2_LQ/Fchaus_max.asc
ncols         409
nrows         350
xllcorner     60.897278365
yllcorner     5.843756025
cellsize      0.0892857
NODATA_value  -9999
[rows 87 to 115 of 350, columns 198 to 263 of 409]
1.26933E-4 8.54998E-5 8.9176E-5 2.36748E-4 1.8965E-4 3.23594E-4 3.94253E-4 1.65987E-3 1.14136E-3 3.3735E-3 2.40016E-3 6.95977E-4 6.32227E-4 1.96001E-4 7.97276E-4 7.87785E-4 1.21237E-3 6.65348E-4 3.07822E-4 2.9254E-4 2.07263E-4 9.99607E-5 7.36449E-5 8.98272E-5 9.16533E-5 7.87234E-5 7.33961E-5 7.23946E-5 7.07234E-5 8.44099E-5 1.37538E-4 1.15726E-4 7.89323E-5 9.89707E-5 8.65241E-5 7.63643E-5 5.29691E-5 3.41109E-5 3.15928E-5 2.71388E-5 3.08351E-5 2.47416E-5 1.88648E-5 8.14541E-6 2.56513E-6 3.34633E-6 2.21098E-6 2.14215E-6 2.53344E-6 2.13778E-6 2.28573E-6 1.9056E-6 1.97845E-6 1.50048E-6 -9999 -9999 -9999 -9999 -9999 8.53367E-7 2.80823E-6 -9999 -9999 -9999 -9999 -9999
1.31345E-4 1.0825E-4 1.03735E-4 1.00327E-4 1.10335E-4 2.27674E-4 1.95615E-4 3.64954E-4 6.74791E-4 2.41699E-3 3.37991E-4 1.59681E-3 4.93521E-3 5.84485E-3 1.14348E-3 1.16931E-3 2.4681E-3 6.06082E-4 8.08839E-4 6.57387E-4 4.23171E-3 1.63494E-3 5.06725E-4 6.63287E-5 5.76796E-5 9.3892E-5 9.82572E-5 7.02329E-5 2.12265E-4 6.97196E-5 7.56445E-5 7.91035E-5 1.38815E-4 1.67097E-4 1.07581E-4 5.13841E-5 5.48859E-5 5.33925E-5 4.43304E-5 2.79159E-5 1.81833E-5 1.79775E-5 1.77375E-5 1.1627E-5 4.82478E-6 6.89149E-6 4.58135E-6 2.90955E-6 4.50102E-6 4.11659E-6 2.4549E-6 2.17943E-6 1.93407E-6 1.38803E-6 9.98921E-7 8.93974E-7 -9999 3.92365E-7 5.32592E-7 2.09781E-6 5.25221E-6 2.91954E-6 1.49713E-6 -9999 -9999 -9999
1.51403E-4 1.0976E-4 1.04708E-4 1.39025E-4 1.43091E-4 1.48048E-4 1.09289E-4 1.92661E-4 2.34943E-4 1.53214E-3 1.07872E-3 2.26167E-3 1.69166E-3 4.10116E-3 5.416E-3 3.50159E-3 4.59328E-4 1.96421E-4 1.78053E-3 3.17973E-4 1.39905E-3 6.56442E-4 6.68652E-4 8.33851E-4 9.4417E-4 1.07674E-4 9.8176E-5 1.22742E-4 8.8738E-5 1.2641E-4 2.09913E-4 9.17601E-5 9.18425E-5 1.34397E-4 1.13635E-4 1.02611E-4 7.31061E-5 3.75477E-5 3.269E-5 2.09388E-5 1.36107E-5 1.23635E-5 1.53866E-5 1.8384E-5 1.98715E-5 1.37306E-5 6.91207E-6 7.01351E-6 8.52197E-6 3.37358E-6 2.35341E-6 3.06915E-6 1.93933E-6 2.03164E-6 1.85716E-6 1.07567E-6 5.99347E-7 4.36246E-7 7.35335E-7 5.06076E-6 6.94789E-6 3.25967E-6 -9999 -9999 -9999 -9999
3.01124E-4 2.11169E-4 1.13185E-4 1.71848E-4 1.15631E-4 1.15968E-4 1.14448E-4 1.17037E-4 1.12974E-4 2.39433E-4 3.57408E-4 1.15257E-3 2.83914E-4 4.61026E-4 9.80278E-4 3.96594E-4 4.76421E-4 2.03418E-4 9.07501E-4 3.64558E-4 8.48613E-4 1.84811E-3 3.31948E-3 8.29208E-4 3.28621E-4 2.96336E-4 2.98817E-4 3.20098E-4 1.2444E-4 1.19315E-4 9.03836E-5 1.07057E-4 2.10189E-4 7.51458E-5 7.01096E-5 8.40286E-5 6.82598E-5 4.86091E-5 3.42212E-5 2.71173E-5 4.16003E-5 3.39997E-5 1.69636E-5 2.09319E-5 3.73713E-5 2.42497E-5 2.14995E-5 2.14542E-5 1.40857E-5 5.9035E-6 3.97824E-6 3.18517E-6 2.04799E-6 2.39661E-6 1.79932E-6 1.16451E-6 7.24881E-7 7.72922E-7 2.40611E-6 9.47527E-6 6.91012E-6 2.16875E-6 -9999 -9999 -9999 -9999
2.70481E-4 2.77022E-4 2.76953E-4 1.71092E-4 1.45866E-4 1.52355E-4 1.17386E-4 8.55355E-5 8.37805E-5 8.91933E-5 2.11279E-4 7.8504E-4 3.21934E-4 1.61102E-4 1.54694E-4 2.04466E-4 4.31801E-4 4.53307E-4 3.81381E-4 2.02345E-4 2.44646E-4 2.48277E-4 6.11173E-4 3.7291E-3 1.34425E-3 1.0351E-3 4.59763E-4 3.64239E-4 1.44709E-4 1.90273E-4 1.40659E-4 9.77283E-5 1.01058E-4 2.82143E-4 2.08853E-4 8.31958E-5 1.12623E-4 8.73087E-5 6.49149E-5 7.69294E-5 8.05331E-5 6.73177E-5 3.46898E-5 4.50622E-5 5.23854E-5 2.21841E-5 1.55248E-5 1.93665E-5 2.29078E-5 1.23808E-5 7.25351E-6 4.91064E-6 3.51005E-6 3.98964E-6 1.54088E-6 9.63944E-7 1.3773E-6 2.58068E-6 9.49785E-6 8.37409E-6 3.64203E-6 1.38158E-6 -9999 -9999 -9999 -9999
2.40097E-4 2.70019E-4 2.78291E-4 2.92033E-4 1.93428E-4 2.02091E-4 1.42675E-4 8.20616E-5 8.76785E-5 9.54328E-5 1.03113E-4 1.08206E-4 8.46594E-5 1.75139E-4 1.54095E-4 2.01448E-3 3.75242E-4 2.68837E-4 6.18782E-4 3.55961E-4 1.67968E-4 1.37469E-4 2.80055E-4 1.83122E-3 4.07876E-4 1.40508E-3 5.26089E-4 2.61803E-4 2.09557E-4 8.10854E-5 7.25223E-5 3.11462E-4 7.71922E-5 8.2261E-5 9.20546E-5 2.20007E-4 2.02857E-4 7.26712E-5 1.33251E-4 1.1178E-4 8.59336E-5 1.31052E-4 1.41376E-4 7.32652E-5 4.34578E-5 1.37625E-5 1.56541E-5 1.45066E-5 1.33227E-5 1.09719E-5 5.67764E-6 3.59448E-6 4.0529E-6 3.46827E-6 1.5185E-6 1.17221E-6 4.29536E-6 1.74102E-5 2.39476E-5 4.73285E-6 1.53594E-6 9.50558E-7 7.98692E-7 1.03342E-6 1.02013E-6 -9999
2.11603E-4 2.17629E-4 2.40594E-4 2.84899E-4 3.15448E-4 3.31483E-4 1.02064E-4 9.11517E-5 9.19516E-5 9.69323E-5 1.02487E-4 9.90311E-5 9.40575E-5 9.29652E-5 9.82139E-5 7.09319E-4 1.49319E-3 2.83803E-4 3.58471E-4 2.21367E-4 2.62849E-4 5.57025E-4 8.25757E-5 2.13278E-4 2.46302E-4 2.73947E-4 2.9587E-4 5.65483E-4 5.07908E-4 1.58535E-4 5.7667E-5 6.19994E-5 6.76137E-5 9.1927E-5 2.4802E-4 8.68858E-5 7.81696E-5 2.15243E-4 1.81408E-4 1.4279E-4 1.42242E-4 8.59439E-5 8.62541E-5 8.16115E-5 6.58529E-5 4.33098E-5 5.04216E-5 4.03913E-5 2.98827E-5 1.25331E-5 4.06731E-6 1.57845E-6 9.37121E-7 5.02719E-7 7.49767E-7 1.67232E-6 1.12525E-5 1.35419E-5 6.93115E-6 3.51308E-6 4.09621E-6 2.7992E-6 2.16121E-6 2.7142E-6 1.64113E-6 1.26079E-6
2.12729E-4 2.16441E-4 2.18715E-4 1.70927E-4 1.74491E-4 1.73706E-4 1.84288E-4 1.84665E-4 1.80639E-4 1.79524E-4 1.81483E-4 9.62007E-5 9.41307E-5 9.68796E-5 1.14579E-4 1.24179E-3 3.47826E-4 8.48784E-4 2.81581E-4 1.98259E-4 2.25429E-4 2.73481E-4 1.99375E-4 1.32244E-4 2.00539E-4 4.17699E-4 1.02283E-4 1.68783E-4 4.34104E-4 3.40368E-3 2.09604E-4 1.90052E-4 1.38301E-4 9.62395E-5 1.04234E-4 8.36386E-5 2.45888E-4 2.18256E-4 1.86509E-4 1.87446E-4 2.1919E-4 1.27935E-4 1.28376E-4 1.08963E-4 1.39819E-4 1.61374E-4 1.2049E-4 9.99754E-5 7.16724E-5 3.68498E-5 1.41881E-5 9.39324E-6 6.41084E-6 3.39088E-6 2.06151E-6 5.23355E-6 3.26126E-5 1.93812E-5 3.68173E-6 1.93529E-6 2.73064E-6 7.77304E-6 9.56917E-6 6.89068E-6 3.84067E-6 5.72576E-6
2.1014E-4 2.13391E-4 2.16293E-4 2.15782E-4 7.53394E-5 7.53009E-5 1.00294E-4 1.06028E-4 1.05164E-4 3.65897E-4 1.76625E-4 1.64663E-4 1.70237E-4 1.76057E-4 1.83599E-4 5.91541E-4 7.5684E-5 1.46474E-4 5.54237E-4 2.90207E-4 1.47335E-4 2.41181E-4 9.55763E-4 4.03935E-4 1.00448E-4 5.54236E-4 3.31396E-4 1.1962E-4 1.27197E-4 1.58661E-4 2.66061E-3 3.86816E-3 1.4682E-3 1.32716E-4 1.13082E-4 5.98826E-5 6.62519E-5 7.87753E-5 2.60807E-4 1.93859E-4 1.94962E-4 1.84347E-4 1.35616E-4 1.22394E-4 9.36735E-5 1.98879E-4 1.82645E-4 1.31721E-4 5.31378E-5 4.02029E-5 3.23272E-5 3.37507E-5 5.40317E-5 6.29314E-5 3.14784E-5 2.61852E-5 5.11653E-5 4.52356E-5 8.06968E-6 6.19756E-6 5.21301E-6 4.83567E-6 2.52484E-6 8.07671E-6 1.91882E-5 1.39888E-5
1.22341E-4 2.19494E-4 2.17992E-4 1.10589E-4 7.4251E-5 8.68221E-5 9.75846E-5 1.01914E-4 1.49736E-4 2.64516E-4 1.68576E-4 8.34908E-5 8.37886E-5 1.66174E-4 1.73944E-4 2.46654E-4 4.65769E-4 1.41839E-4 2.67505E-4 8.55523E-4 6.90093E-5 6.79256E-5 9.60082E-5 1.64417E-3 1.04665E-3 7.42612E-4 2.10921E-4 1.35558E-4 7.30456E-5 9.81106E-5 1.92551E-4 1.97245E-3 2.17079E-3 4.7266E-4 1.48732E-4 9.74413E-5 8.42647E-5 6.98783E-5 6.45392E-5 7.9529E-5 2.32488E-4 2.14195E-4 1.87594E-4 2.03244E-4 1.77651E-4 2.11895E-4 1.57643E-4 2.27498E-4 1.22505E-4 1.2565E-4 1.17169E-4 7.61761E-5 1.04157E-4 1.88135E-4 1.50429E-4 1.79137E-4 1.70215E-4 9.31454E-5 2.37644E-5 2.66043E-5 2.01268E-5 2.00517E-5 1.38451E-5 1.11496E-5 2.45339E-5 4.5677E-5
1.22421E-4 1.23904E-4 9.65192E-5 9.39324E-5 9.48127E-5 9.63353E-5 9.42642E-5 1.15402E-4 1.97163E-4 2.58205E-4 2.55589E-4 1.52E-4 8.39207E-5 9.20836E-5 8.77871E-5 2.94726E-4 2.1331E-4 2.18667E-4 1.44485E-4 5.58138E-4 1.59068E-3 1.96264E-4 6.21383E-5 8.96116E-5 1.07417E-3 1.14302E-3 1.73264E-4 1.6745E-4 1.47473E-4 1.26678E-4 1.81315E-4 9.28172E-4 2.09813E-3 1.73987E-3 1.82361E-3 3.78061E-4 1.7259E-4 1.50896E-4 8.68011E-5 8.57419E-5 8.25335E-5 5.58436E-5 8.08113E-5 2.0929E-4 2.95177E-4 4.17236E-4 2.82922E-4 4.10515E-4 2.22755E-4 2.78195E-4 5.68188E-4 4.52975E-4 2.1803E-4 1.51462E-4 1.61821E-4 1.30827E-4 1.95363E-4 9.34492E-5 8.97704E-5 8.40579E-5 7.92514E-5 6.44356E-5 5.53409E-5 4.09967E-5 8.4438E-5 2.1282E-4
7.58243E-5 1.49264E-4 1.50223E-4 1.49934E-4 9.03244E-5 9.40912E-5 9.79466E-5 9.78334E-5 1.46871E-4 2.46634E-4 1.51785E-4 9.01123E-5 8.56457E-5 9.01726E-5 8.61492E-5 1.19824E-4 7.50552E-5 8.08336E-5 1.90138E-4 2.05019E-4 3.10323E-3 6.53888E-4 1.54303E-4 1.43741E-4 6.79655E-5 1.40653E-4 1.4435E-4 1.95543E-4 1.30481E-4 4.053E-4 8.78551E-5 1.41074E-4 4.09048E-4 7.77356E-4 8.54082E-4 1.74595E-3 6.96078E-4 3.42066E-4 3.44708E-4 1.00323E-4 6.52922E-5 6.50908E-5 1.00338E-4 9.31775E-5 2.50142E-4 4.30505E-4 3.7654E-4 2.07916E-4 4.05553E-4 2.97373E-4 6.41413E-4 4.5196E-4 3.07338E-4 1.11619E-4 1.39785E-4 1.02625E-4 1.74486E-4 1.78298E-4 1.75826E-4 1.16268E-4 1.31296E-4 2.82531E-4 1.53223E-4 1.76789E-4 1.37614E-4 2.17858E-4
1.16088E-4 1.13752E-4 1.29357E-4 1.34108E-4 1.43399E-4 1.5525E-4 9.46252E-5 9.65685E-5 9.72311E-5 1.27621E-4 8.93967E-5 8.85272E-5 8.36838E-5 8.95943E-5 8.94912E-5 8.15904E-5 7.4527E-5 7.48535E-5 7.7302E-5 1.44598E-4 3.43741E-4 7.37993E-4 2.19048E-4 1.46726E-4 1.79868E-4 6.93272E-5 1.40466E-4 1.43194E-4 1.82276E-4 2.86655E-4 3.52797E-4 9.78264E-5 7.40235E-5 6.76102E-5 8.11949E-5 7.49239E-4 2.11766E-3 1.39652E-3 1.23744E-3 4.60992E-4 1.92868E-4 1.91043E-4 1.39433E-4 7.74381E-5 4.50485E-4 5.77274E-4 9.27611E-4 3.29095E-4 4.67464E-4 4.24815E-4 2.1338E-4 1.01566E-4 1.48371E-4 1.81557E-4 1.92401E-4 1.35952E-4 6.64775E-5 8.44282E-5 1.53685E-4 1.56443E-4 9.73309E-5 1.43932E-4 8.96619E-5 7.30737E-5 2.2722E-4 2.04849E-4
1.10948E-4 1.09429E-4 1.18065E-4 1.33848E-4 1.45659E-4 1.55458E-4 1.72302E-4 1.72225E-4 8.17347E-5 7.91382E-5 8.30129E-5 8.76486E-5 8.08591E-5 8.19241E-5 8.69679E-5 8.05532E-5 7.41415E-5 7.39335E-5 7.76522E-5 9.64303E-5 8.03633E-5 1.96159E-4 7.31674E-5 7.99233E-5 1.54239E-4 1.61087E-4 7.33085E-5 7.46779E-5 1.64744E-4 9.57637E-5 2.36848E-4 9.0877E-5 1.33487E-4 6.59632E-5 7.08882E-5 4.6298E-4 8.51109E-4 1.95198E-3 1.43451E-3 2.86782E-4 1.1028E-4 8.95557E-5 1.3674E-4 3.32509E-4 5.00393E-4 7.90384E-4 5.05092E-4 4.09676E-4 4.09979E-4 8.25289E-4 1.95421E-4 1.15141E-4 1.05071E-4 8.36714E-5 5.80753E-4 3.90879E-4 1.23612E-4 9.39843E-5 9.81012E-5 7.2344E-5 2.55887E-4 5.94552E-5 4.98936E-5 6.1202E-5 6.13657E-5 4.76495E-5
1.20793E-4 1.2012E-4 1.22321E-4 1.36558E-4 1.59017E-4 1.6797E-4 1.78274E-4 1.57229E-4 1.318E-4 1.27347E-4 8.06581E-5 8.30327E-5 8.45393E-5 8.12842E-5 8.60208E-5 7.51896E-5 7.38826E-5 7.415E-5 8.09472E-5 9.50534E-5 7.2797E-5 8.21855E-5 9.28824E-5 9.73994E-5 9.25199E-5 9.31367E-5 1.69758E-4 7.41889E-5 7.55087E-5 1.80707E-4 3.12058E-4 1.6238E-4 1.4951E-4 8.03563E-5 6.79185E-5 1.39542E-4 5.29547E-4 3.00125E-4 1.76298E-3 7.03245E-4 6.19116E-4 1.29631E-4 1.09949E-4 2.54057E-4 4.05597E-4 5.18675E-4 5.21135E-4 3.82991E-4 5.08923E-4 2.07326E-4 3.93202E-4 1.1878E-4 2.81451E-4 6.80805E-5 8.57969E-5 9.28942E-5 2.90742E-4 2.65036E-4 2.51766E-4 2.42981E-4 7.85289E-5 1.89899E-4 7.70516E-5 4.56959E-5 4.82044E-5 1.13018E-4
1.4111E-4 1.46015E-4 1.58031E-4 1.5612E-4 1.47159E-4 1.49322E-4 1.4971E-4 1.37933E-4 1.19462E-4 1.19328E-4 1.30318E-4 1.38041E-4 1.51558E-4 8.86183E-5 1.04692E-4 8.35869E-5 7.4646E-5 8.05247E-5 9.01562E-5 7.21587E-5 7.2849E-5 7.56819E-5 9.16354E-5 9.72746E-5 9.56973E-5 9.23338E-5 9.01861E-5 7.3845E-5 7.47569E-5 7.73229E-5 1.45115E-4 2.09966E-4 1.47657E-4 8.09996E-5 7.93085E-5 7.79582E-5 3.43433E-4 1.12953E-3 1.68529E-3 1.81973E-3 1.00434E-3 1.09073E-3 1.43278E-3 1.00719E-3 1.2619E-3 2.02748E-3 2.58596E-3 9.8211E-4 2.96564E-4 1.87731E-4 3.0428E-4 1.64934E-4 8.54447E-5 2.98675E-4 2.90808E-4 1.2503E-4 6.61005E-5 6.47164E-5 2.55102E-4 2.43674E-4 2.24748E-4 2.01633E-4 8.19991E-5 8.56826E-5 8.70701E-5 1.01583E-4
1.49837E-4 1.55108E-4 1.55882E-4 1.31915E-4 1.28281E-4 1.3839E-4 1.21745E-4 1.09921E-4 1.05357E-4 1.07099E-4 1.18056E-4 1.37432E-4 1.71771E-4 1.78348E-4 1.90296E-4 1.26818E-4 9.44314E-5 8.12013E-5 8.10737E-5 7.77967E-5 8.14524E-5 8.14809E-5 8.92668E-5 9.179E-5 9.61892E-5 9.12737E-5 8.88259E-5 8.02917E-5 1.20028E-4 1.23335E-4 1.25665E-4 1.37486E-4 1.48094E-4 1.45361E-4 1.35377E-4 7.37881E-5 7.4565E-5 8.90902E-5 1.25284E-4 5.16728E-4 2.09682E-3 1.91123E-3 3.58403E-4 2.04751E-4 1.72392E-4 2.89291E-4 4.25242E-4 1.78552E-3 1.1184E-3 1.61804E-3 4.58515E-4 9.50894E-4 1.59556E-4 1.06472E-4 9.18192E-5 2.86143E-4 2.54253E-4 2.79616E-4 1.871E-4 2.18273E-4 5.24276E-5 2.27039E-4 2.22236E-4 9.94106E-5 1.15467E-4 2.39287E-4
1.493E-4 1.57623E-4 1.55445E-4 1.50625E-4 1.29195E-4 1.22475E-4 1.16188E-4 1.10751E-4 1.10885E-4 1.10463E-4 1.08631E-4 1.16285E-4 1.4884E-4 1.67254E-4 1.80226E-4 1.969E-4 1.69162E-4 8.2347E-5 8.31726E-5 8.64731E-5 8.19038E-5 8.2277E-5 8.51145E-5 1.12602E-4 1.03963E-4 8.66102E-5 8.63368E-5 8.97252E-5 8.43171E-5 1.20398E-4 8.78462E-5 9.36987E-5 1.40917E-4 1.44857E-4 1.33325E-4 1.30315E-4 1.30179E-4 1.26154E-4 7.38837E-5 7.63184E-5 2.30894E-4 1.0802E-3 2.2248E-3 1.74154E-3 5.04291E-4 8.57899E-4 1.09502E-3 1.67797E-3 2.02216E-3 7.9665E-4 7.31642E-4 1.53E-3 1.83765E-3 3.04242E-3 1.10656E-3 1.74832E-4 1.13431E-4 1.54207E-4 7.50725E-4 3.04883E-4 3.11708E-4 1.0401E-4 1.97908E-4 1.94456E-3 1.36708E-3 1.08084E-3
1.31857E-4 1.3761E-4 1.26044E-4 1.1873E-4 1.26587E-4 1.244E-4 1.26279E-4 1.25695E-4 1.23738E-4 1.20114E-4 1.14641E-4 1.14826E-4 1.10612E-4 1.25712E-4 1.56264E-4 1.39421E-4 1.3007E-4 1.29317E-4 1.32459E-4 1.56492E-4 8.99775E-5 9.07063E-5 1.12055E-4 1.13943E-4 1.02402E-4 8.72641E-5 8.75598E-5 8.66463E-5 8.62593E-5 8.33579E-5 1.27787E-4 9.77151E-5 1.27575E-4 1.80209E-4 1.66016E-4 1.39085E-4 1.38061E-4 1.24924E-4 1.22101E-4 1.19881E-4 7.92694E-5 8.55663E-5 2.57358E-4 1.2716E-3 1.15043E-3 4.7932E-4 9.78871E-4 1.49321E-4 5.51637E-4 1.13297E-4 2.4194E-4 1.10671E-4 1.29031E-4 1.51415E-4 1.94856E-4 4.40958E-4 1.57284E-3 7.42528E-4 3.68253E-4 3.11798E-4 1.59132E-4 1.71636E-4 8.70587E-5 8.35235E-5 6.8083E-5 2.36501E-4
1.40126E-4 1.33337E-4 1.18182E-4 1.1183E-4 1.25596E-4 1.24706E-4 1.28305E-4 1.39696E-4 1.4454E-4 1.35013E-4 1.20226E-4 1.11739E-4 1.16297E-4 1.11094E-4 1.22523E-4 1.33542E-4 1.39121E-4 1.29751E-4 1.4283E-4 1.4956E-4 1.50549E-4 1.64536E-4 1.08938E-4 1.16876E-4 1.15288E-4 9.33188E-5 9.19015E-5 8.49259E-5 8.48906E-5 8.2825E-5 1.30037E-4 9.59532E-5 1.01999E-4 1.39248E-4 1.62963E-4 1.49035E-4 1.4471E-4 1.37177E-4 1.43806E-4 1.36656E-4 1.42631E-4 1.42458E-4 1.51009E-4 9.37652E-5 1.0641E-4 9.65718E-5 1.40953E-4 7.86765E-5 7.89329E-5 8.84844E-5 9.31136E-5 8.17081E-5 9.9792E-5 1.01209E-4 1.01901E-4 1.00562E-4 9.67765E-5 1.14232E-4 1.12778E-3 2.53856E-4 9.69221E-5 8.50827E-5 1.04365E-4 5.39779E-5 6.08897E-5 9.29614E-5
1.28079E-4 1.31102E-4 1.23415E-4 1.14134E-4 1.17812E-4 1.21626E-4 1.23357E-4 1.26608E-4 1.39714E-4 1.40988E-4 1.37057E-4 1.14312E-4 1.18017E-4 1.0651E-4 1.14053E-4 1.25377E-4 1.6231E-4 1.62611E-4 1.59281E-4 1.44524E-4 1.47759E-4 1.65108E-4 1.85307E-4 1.8225E-4 2.11246E-4 8.46329E-5 8.92747E-5 9.00927E-5 8.39041E-5 8.26188E-5 1.32042E-4 1.30768E-4 9.73565E-5 1.02199E-4 1.2733E-4 1.29607E-4 1.04604E-4 1.51739E-4 1.56792E-4 1.53288E-4 1.45649E-4 1.55621E-4 1.5824E-4 1.62547E-4 1.63198E-4 8.92629E-5 8.92871E-5 9.71977E-5 9.86287E-5 8.61872E-5 7.74573E-5 7.70164E-5 9.7206E-5 1.01792E-4 1.03722E-4 1.02868E-4 8.84378E-5 7.7226E-5 9.17428E-5 6.22154E-4 1.20287E-3 8.46679E-4 1.09692E-3 3.42393E-4 4.74427E-4 9.16975E-4
1.10529E-4 1.2122E-4 1.17878E-4 1.08346E-4 1.09041E-4 1.11534E-4 1.18562E-4 1.21686E-4 1.24848E-4 1.49567E-4 1.6983E-4 1.63143E-4 1.10602E-4 1.14347E-4 1.15307E-4 1.39355E-4 1.49851E-4 1.58237E-4 1.56222E-4 1.50444E-4 1.4808E-4 1.60169E-4 1.65821E-4 1.56231E-4 1.81222E-4 1.73533E-4 1.50136E-4 9.14499E-5 8.45294E-5 8.33488E-5 1.39677E-4 1.20858E-4 9.54699E-5 1.05192E-4 1.10961E-4 1.09426E-4 1.07515E-4 1.10133E-4 1.83192E-4 1.74631E-4 1.68637E-4 1.70423E-4 1.67955E-4 1.49686E-4 1.47918E-4 1.66914E-4 1.67376E-4 1.90004E-4 1.10455E-4 1.11441E-4 1.03436E-4 1.12325E-4 1.1372E-4 1.09492E-4 1.1279E-4 1.69333E-4 1.27321E-4 1.07542E-4 1.00726E-4 1.17671E-4 1.04493E-3 1.22814E-3 4.43341E-4 4.16728E-3 4.19743E-4 5.2482E-4
1.00587E-4 1.03559E-4 1.14271E-4 1.15403E-4 1.15147E-4 1.18454E-4 1.25168E-4 1.46054E-4 1.6985E-4 1.73747E-4 1.79176E-4 1.84107E-4 1.069E-4 1.22215E-4 1.22931E-4 1.36439E-4 1.41701E-4 1.56442E-4 1.64007E-4 1.55844E-4 1.60284E-4 1.52328E-4 1.44402E-4 1.43325E-4 1.61962E-4 1.77156E-4 1.60704E-4 1.63977E-4 1.68113E-4 1.56728E-4 1.42185E-4 1.36706E-4 1.00963E-4 1.01652E-4 1.06784E-4 1.12642E-4 1.08833E-4 1.19853E-4 1.42136E-4 1.46592E-4 1.66928E-4 1.85211E-4 1.83487E-4 1.69493E-4 1.80397E-4 1.82421E-4 1.75888E-4 1.83955E-4 1.89814E-4 2.02284E-4 2.13066E-4 1.13189E-4 1.14356E-4 1.20219E-4 1.18791E-4 5.41683E-4 3.50456E-4 1.18625E-4 1.43545E-4 1.72424E-4 1.23019E-4 3.45727E-4 4.39107E-4 4.74457E-4 4.11946E-4 4.97824E-4
7.36232E-5 7.55276E-5 8.0295E-5 1.24075E-4 1.22527E-4 1.25886E-4 1.31322E-4 1.31043E-4 1.46748E-4 1.5732E-4 1.63449E-4 1.79814E-4 1.53579E-4 1.13049E-4 1.13834E-4 1.34644E-4 1.44537E-4 1.43311E-4 1.56491E-4 1.59876E-4 1.54357E-4 1.46714E-4 1.40628E-4 1.4103E-4 1.54041E-4 1.73939E-4 1.61005E-4 1.49529E-4 1.52778E-4 9.94161E-5 9.25659E-5 1.04495E-4 1.48819E-4 1.01339E-4 1.03415E-4 1.11529E-4 1.15076E-4 1.33078E-4 1.37922E-4 1.39521E-4 1.40752E-4 1.80809E-4 1.6818E-4 1.70538E-4 1.86079E-4 1.97886E-4 1.81702E-4 1.85251E-4 1.99863E-4 2.02494E-4 2.13484E-4 2.15799E-4 2.02948E-4 2.13378E-4 1.38368E-4 9.87134E-5 9.42071E-5 1.06614E-4 1.58659E-4 1.53488E-4 2.01302E-4 8.68109E-5 8.19352E-5 7.94326E-5 7.79706E-5 8.21314E-5
9.14702E-5 9.03991E-5 8.55624E-5 8.04334E-5 7.8297E-5 7.88609E-5 8.1076E-5 8.2492E-5 8.1482E-5 8.94856E-5 1.31873E-4 1.41024E-4 1.52859E-4 1.45013E-4 1.32634E-4 1.35186E-4 1.38742E-4 1.44693E-4 1.49926E-4 1.45413E-4 1.4769E-4 1.50879E-4 1.45058E-4 1.39645E-4 1.42685E-4 1.73461E-4 1.43207E-4 1.27562E-4 1.3894E-4 9.50531E-5 1.0737E-4 1.05588E-4 1.08287E-4 7.50967E-5 1.05749E-4 1.09014E-4 1.11651E-4 1.28147E-4 1.34272E-4 1.37851E-4 1.38527E-4 1.31979E-4 1.79801E-4 1.79607E-4 1.88958E-4 1.95039E-4 1.8145E-4 1.8233E-4 1.8658E-4 1.96013E-4 2.06281E-4 2.13994E-4 2.22732E-4 2.27659E-4 1.85341E-4 1.67323E-4 1.74388E-4 1.09397E-4 1.19564E-4 1.42598E-4 1.24321E-4 9.31606E-5 9.17964E-5 1.0946E-4 8.4341E-5 9.7211E-5
9.48579E-5 9.26263E-5 7.62914E-5 7.201E-5 7.15777E-5 6.88036E-5 7.25572E-5 7.83764E-5 7.94461E-5 8.54104E-5 9.15484E-5 9.0247E-5 9.62471E-5 9.54911E-5 9.88142E-5 9.83573E-5 1.30523E-4 1.4063E-4 1.34648E-4 1.31315E-4 1.38177E-4 1.49429E-4 1.53705E-4 1.50487E-4 1.54987E-4 1.80381E-4 1.81158E-4 1.41893E-4 1.03158E-4 1.01476E-4 1.09765E-4 1.08441E-4 1.06514E-4 7.42378E-5 7.30473E-5 7.18214E-5 7.24931E-5 1.09989E-4 1.20497E-4 1.17234E-4 1.23192E-4 1.28502E-4 1.2775E-4 1.78506E-4 1.83042E-4 1.80619E-4 1.77751E-4 1.85093E-4 1.81181E-4 1.95357E-4 2.10813E-4 2.14913E-4 2.98509E-4 2.47962E-4 1.6492E-4 1.59768E-4 1.73118E-4 1.88234E-4 2.28917E-4 2.40016E-4 1.39851E-4 8.96931E-5 1.18974E-4 1.27217E-4 1.07376E-4 1.43547E-4
8.77719E-5 9.42701E-5 8.73252E-5 7.93111E-5 7.29528E-5 7.38038E-5 8.6271E-5 7.67294E-5 7.87069E-5 8.76897E-5 8.21329E-5 7.36454E-5 7.86734E-5 7.69619E-5 8.07632E-5 9.28921E-5 9.00249E-5 9.11456E-5 9.37768E-5 9.31392E-5 8.92457E-5 1.40718E-4 1.61323E-4 1.66254E-4 2.77261E-4 2.53452E-4 1.26826E-4 1.01537E-4 1.01979E-4 1.10918E-4 1.08963E-4 1.22858E-4 1.24773E-4 1.2404E-4 7.31065E-5 7.15561E-5 6.88097E-5 6.64299E-5 6.72646E-5 1.06885E-4 1.14223E-4 1.26998E-4 1.23402E-4 1.27152E-4 1.89977E-4 1.82644E-4 1.87231E-4 1.97021E-4 2.08209E-4 2.04827E-4 2.27677E-4 2.23262E-4 3.02811E-4 2.98547E-4 3.47101E-4 1.86547E-4 2.06604E-4 2.47852E-4 2.75074E-4 2.65991E-4 2.58226E-4 1.95471E-4 1.7905E-4 1.99145E-4 1.38621E-4 1.74418E-4
7.14555E-5 7.29962E-5 8.12496E-5 8.77374E-5 8.10436E-5 8.93491E-5 9.05886E-5 7.94662E-5 7.81854E-5 7.47554E-5 7.32253E-5 7.43848E-5 7.40385E-5 7.37416E-5 7.59614E-5 7.93199E-5 8.19584E-5 9.26316E-5 9.28407E-5 9.4422E-5 9.65406E-5 9.57377E-5 9.96634E-5 1.24996E-4 2.64163E-4 8.37581E-4 7.58042E-4 5.81584E-4 1.06649E-4 1.00238E-4 1.06977E-4 1.14639E-4 1.1751E-4 1.11686E-4 7.95817E-5 7.46409E-5 6.80023E-5 6.68812E-5 6.87885E-5 7.62932E-5 7.75994E-5 7.50787E-5 1.12292E-4 1.15721E-4 1.1738E-4 1.92495E-4 2.18746E-4 2.08888E-4 2.30214E-4 2.29133E-4 2.34545E-4 2.21606E-4 3.77242E-4 4.15242E-4 4.19335E-4 3.80075E-4 2.71866E-4 2.75966E-4 2.81081E-4 2.84485E-4 2.57941E-4 2.54343E-4 2.49936E-4 2.16741E-4 2.3872E-4 2.65186E-4
6.19036E-5 5.80792E-5 7.39751E-5 9.66414E-5 9.9091E-5 9.42337E-5 8.36543E-5 8.19539E-5 7.97635E-5 7.57934E-5 7.58175E-5 7.60703E-5 7.56252E-5 6.95764E-5 6.79522E-5 7.50724E-5 8.09943E-5 8.87419E-5 9.09031E-5 9.28402E-5 9.63998E-5 9.58924E-5 9.60164E-5 1.06115E-4 6.03969E-4 8.35921E-4 8.27538E-4 2.7585E-4 1.02396E-4 9.90027E-5 1.08966E-4 1.18449E-4 1.09068E-4 1.12891E-4 8.4874E-5 8.59771E-5 9.139E-5 8.22356E-5 8.4308E-5 8.73495E-5 1.01727E-4 7.51285E-5 7.16253E-5 7.22474E-5 1.15198E-4 1.38113E-4 1.4657E-4 2.18329E-4 2.24784E-4 2.46796E-4 2.35714E-4 2.23001E-4 2.66904E-4 4.45851E-4 4.1355E-4 3.57435E-4 2.74545E-4 2.52031E-4 2.56228E-4 2.73613E-4 2.72836E-4 2.8021E-4 2.92071E-4 2.68722E-4 1.79266E-4 2.54405E-4
