catData/rasterBestHybridModels/Fchaus/RD_RM2_LQ/Fchaus_min.asc
ncols         409
nrows         350
xllcorner     60.897278365
yllcorner     5.843756025
cellsize      0.0892857
NODATA_value  -9999
[rows 87 to 115 of 350, columns 198 to 263 of 409]
8.17438E-5 6.5199E-5 6.74579E-5 1.73785E-4 1.39023E-4 1.98959E-4 2.33813E-4 7.3657E-4 5.44835E-4 1.36662E-3 1.12723E-3 4.07139E-4 3.40372E-4 7.32218E-5 3.39478E-4 2.63586E-4 2.75499E-4 1.51021E-4 1.22461E-4 1.1984E-4 8.50207E-5 4.23451E-5 3.41639E-5 3.80908E-5 5.63384E-5 4.61527E-5 4.16455E-5 3.94415E-5 3.5885E-5 4.39422E-5 7.86779E-5 7.2571E-5 4.19152E-5 3.84427E-5 3.51996E-5 3.18045E-5 2.11142E-5 9.73352E-6 8.5248E-6 9.84926E-6 7.76127E-6 5.48644E-6 3.16007E-6 6.27612E-7 7.02261E-8 1.59934E-7 4.99091E-8 6.58317E-8 8.92074E-8 6.384E-8 7.10485E-8 4.94848E-8 5.18934E-8 3.00872E-8 -9999 -9999 -9999 -9999 -9999 8.99601E-9 8.28271E-8 -9999 -9999 -9999 -9999 -9999
8.25494E-5 7.414E-5 7.23032E-5 7.1432E-5 7.09857E-5 1.71049E-4 1.43726E-4 2.46635E-4 3.70604E-4 1.02061E-3 2.02885E-4 7.5524E-4 1.73072E-3 1.86046E-3 4.93051E-4 4.99354E-4 9.37355E-4 2.55681E-4 3.54779E-4 2.74097E-4 1.38909E-3 5.72691E-4 2.01021E-4 3.21672E-5 2.79402E-5 5.49209E-5 5.73445E-5 3.92374E-5 8.67832E-5 3.7133E-5 3.96062E-5 3.81679E-5 8.76535E-5 1.04927E-4 6.84441E-5 2.10253E-5 1.98996E-5 2.11038E-5 1.73015E-5 1.02926E-5 4.68412E-6 3.13308E-6 2.85795E-6 1.2862E-6 2.4143E-7 4.64727E-7 2.10979E-7 8.88648E-8 1.99274E-7 2.34361E-7 8.72397E-8 6.83188E-8 5.33404E-8 2.78862E-8 1.46007E-8 1.14732E-8 -9999 2.32222E-9 4.08079E-9 5.29068E-8 2.91611E-7 9.47599E-8 2.63945E-8 -9999 -9999 -9999
8.83219E-5 7.55805E-5 7.24363E-5 8.26328E-5 8.53116E-5 1.04613E-4 7.58419E-5 1.41449E-4 1.66724E-4 7.61997E-4 5.58304E-4 9.6768E-4 7.39956E-4 1.41102E-3 1.83469E-3 1.3548E-3 2.75711E-4 8.01384E-5 7.32335E-4 1.37694E-4 6.06427E-4 2.80228E-4 2.86743E-4 3.47312E-4 3.85392E-4 6.02475E-5 5.6115E-5 7.33257E-5 5.05871E-5 7.22544E-5 8.60182E-5 4.86688E-5 4.75697E-5 6.10427E-5 7.36188E-5 6.33303E-5 4.09692E-5 1.21773E-5 9.65317E-6 3.92117E-6 1.80713E-6 2.23992E-6 3.12283E-6 4.40225E-6 3.4979E-6 1.73178E-6 4.85888E-7 4.94798E-7 7.0396E-7 1.22029E-7 6.09949E-8 1.38907E-7 5.73013E-8 6.08999E-8 4.99609E-8 1.73428E-8 5.6134E-9 3.06367E-9 8.09001E-9 2.99055E-7 5.33382E-7 1.26024E-7 -9999 -9999 -9999 -9999
1.98372E-4 1.64517E-4 7.6065E-5 9.28742E-5 7.83919E-5 7.98344E-5 7.82316E-5 8.91425E-5 7.85481E-5 1.7206E-4 2.5421E-4 6.16698E-4 1.87752E-4 2.64795E-4 4.95696E-4 2.46518E-4 2.84128E-4 1.2716E-4 4.75516E-4 1.61876E-4 3.86231E-4 7.747E-4 1.26906E-3 3.63E-4 1.25299E-4 1.6153E-4 1.13389E-4 1.76126E-4 7.46074E-5 7.00147E-5 5.09829E-5 6.00175E-5 8.83436E-5 3.81595E-5 3.21146E-5 3.6187E-5 3.6012E-5 2.18127E-5 9.33952E-6 6.85685E-6 1.30516E-5 9.10605E-6 2.67397E-6 3.98984E-6 1.39362E-5 7.53447E-6 4.35124E-6 4.19302E-6 1.92831E-6 3.7164E-7 1.73948E-7 1.12306E-7 6.763E-8 8.84301E-8 5.01085E-8 2.1418E-8 8.64039E-9 9.67129E-9 8.08651E-8 1.04671E-6 5.6846E-7 6.31874E-8 -9999 -9999 -9999 -9999
1.86878E-4 1.87654E-4 1.89739E-4 9.34087E-5 8.61734E-5 8.90353E-5 7.84954E-5 6.43266E-5 6.40453E-5 6.78037E-5 1.53765E-4 4.43603E-4 2.0338E-4 1.10738E-4 1.03354E-4 1.40274E-4 2.66246E-4 2.7553E-4 2.25008E-4 1.39459E-4 1.64112E-4 1.48524E-4 2.80598E-4 1.41228E-3 5.69971E-4 4.74734E-4 1.97518E-4 2.19544E-4 8.60967E-5 1.1075E-4 8.26916E-5 5.65282E-5 5.71185E-5 1.17348E-4 8.66447E-5 4.29306E-5 4.89665E-5 3.67191E-5 2.62155E-5 4.12754E-5 3.33831E-5 2.93828E-5 9.22069E-6 1.29211E-5 1.56599E-5 4.44999E-6 2.35501E-6 3.57054E-6 4.2861E-6 1.583E-6 5.69825E-7 3.79067E-7 1.97142E-7 1.72811E-7 2.81073E-8 1.12641E-8 2.19178E-8 9.99368E-8 1.14447E-6 8.90221E-7 1.83163E-7 2.90547E-8 -9999 -9999 -9999 -9999
1.75569E-4 1.84736E-4 1.88389E-4 1.94933E-4 9.81042E-5 1.01473E-4 8.64301E-5 6.14294E-5 6.60515E-5 6.93341E-5 7.2221E-5 8.08606E-5 6.44448E-5 1.31485E-4 1.04775E-4 9.6883E-4 2.3112E-4 1.7202E-4 3.43767E-4 2.2832E-4 1.17301E-4 9.66508E-5 1.78817E-4 7.59063E-4 2.50239E-4 6.44285E-4 2.36821E-4 1.09723E-4 8.77495E-5 3.57363E-5 3.17508E-5 1.38959E-4 4.44345E-5 4.69612E-5 5.21604E-5 9.14675E-5 8.51472E-5 3.54035E-5 5.79895E-5 4.93214E-5 3.79367E-5 8.63094E-5 8.93518E-5 3.08791E-5 1.60983E-5 1.80418E-6 2.47547E-6 2.25985E-6 1.73631E-6 1.19307E-6 3.80527E-7 1.57856E-7 2.72807E-7 1.98361E-7 4.07899E-8 1.94111E-8 2.27948E-7 3.13262E-6 5.64851E-6 2.30672E-7 3.86436E-8 1.08734E-8 7.72043E-9 1.26718E-8 1.24622E-8 -9999
1.61356E-4 1.63476E-4 1.75443E-4 1.91953E-4 2.02349E-4 2.07934E-4 7.26836E-5 6.69982E-5 6.71754E-5 6.95603E-5 7.15763E-5 7.14128E-5 6.85862E-5 6.8276E-5 6.96147E-5 4.12142E-4 7.0912E-4 1.86118E-4 2.20149E-4 1.52851E-4 1.69693E-4 3.39626E-4 6.20291E-5 1.44945E-4 1.67622E-4 1.85211E-4 1.6688E-4 2.74532E-4 2.45027E-4 6.83036E-5 2.45222E-5 2.64022E-5 2.99386E-5 5.50045E-5 1.01562E-4 4.93822E-5 4.18792E-5 8.78524E-5 7.5057E-5 8.22757E-5 6.53514E-5 4.31034E-5 3.99155E-5 3.44343E-5 3.54041E-5 1.41683E-5 1.75498E-5 1.05037E-5 7.122E-6 1.58516E-6 2.28195E-7 3.45653E-8 1.28808E-8 3.80894E-9 7.78353E-9 3.99886E-8 1.44404E-6 1.9826E-6 5.57771E-7 1.56712E-7 2.11063E-7 1.01106E-7 5.36044E-8 8.31269E-8 3.25616E-8 1.99237E-8
1.62419E-4 1.64408E-4 1.66516E-4 1.28868E-4 1.35165E-4 1.31833E-4 1.4524E-4 1.45311E-4 1.37443E-4 1.39684E-4 1.41481E-4 6.93483E-5 6.82651E-5 6.78374E-5 8.07916E-5 6.83302E-4 2.20238E-4 4.51331E-4 1.87525E-4 1.32656E-4 1.48124E-4 1.83172E-4 1.36274E-4 9.31326E-5 1.33664E-4 2.70124E-4 7.46697E-5 9.76265E-5 2.31213E-4 1.17115E-3 9.0506E-5 7.69632E-5 5.53881E-5 4.14701E-5 4.40348E-5 4.88265E-5 9.94194E-5 8.80099E-5 7.79396E-5 7.85662E-5 9.3987E-5 7.23603E-5 5.91209E-5 5.01662E-5 5.68189E-5 6.21992E-5 7.35155E-5 5.64671E-5 3.36761E-5 1.24942E-5 1.94245E-6 9.93246E-7 5.1241E-7 1.38177E-7 5.30092E-8 3.16976E-7 9.5838E-6 4.30228E-6 1.8307E-7 5.54127E-8 9.94063E-8 7.30395E-7 1.07119E-6 5.84504E-7 1.91639E-7 4.08355E-7
1.60312E-4 1.62331E-4 1.64375E-4 1.65028E-4 5.69345E-5 5.67226E-5 6.89588E-5 7.21075E-5 7.22154E-5 2.1448E-4 1.38434E-4 1.2412E-4 1.28869E-4 1.36777E-4 1.38272E-4 3.61054E-4 5.65075E-5 9.99164E-5 3.1634E-4 1.88737E-4 9.41734E-5 1.50412E-4 5.52318E-4 2.67067E-4 7.56391E-5 3.4716E-4 2.17285E-4 6.26175E-5 6.72158E-5 8.26862E-5 9.83615E-4 1.29426E-3 5.87341E-4 7.7473E-5 4.75799E-5 2.65685E-5 3.0595E-5 4.57786E-5 1.10106E-4 8.22911E-5 8.28687E-5 7.78246E-5 7.90546E-5 7.3083E-5 4.43368E-5 8.15373E-5 7.18485E-5 5.0308E-5 1.80119E-5 1.48446E-5 1.00625E-5 1.14355E-5 2.37852E-5 3.22484E-5 8.39727E-6 5.57331E-6 2.02393E-5 1.8691E-5 7.86821E-7 4.47771E-7 3.19037E-7 3.1623E-7 8.61964E-8 8.30595E-7 4.27636E-6 2.21343E-6
7.56771E-5 1.63911E-4 1.62695E-4 7.37665E-5 5.52074E-5 6.29419E-5 6.79546E-5 6.9344E-5 8.33205E-5 1.09649E-4 8.93649E-5 6.20886E-5 6.25563E-5 1.26545E-4 1.31783E-4 1.70744E-4 2.78493E-4 9.59455E-5 1.77768E-4 4.71249E-4 3.00906E-5 2.93914E-5 4.3596E-5 8.38056E-4 5.7791E-4 4.15176E-4 1.38799E-4 8.4644E-5 5.29319E-5 7.06702E-5 1.33439E-4 9.90899E-4 1.0339E-3 2.87417E-4 8.73892E-5 4.20793E-5 4.87115E-5 3.17937E-5 2.92057E-5 4.61658E-5 9.45488E-5 8.8213E-5 7.95159E-5 8.64158E-5 1.06824E-4 1.2768E-4 6.09126E-5 8.23518E-5 4.65173E-5 4.737E-5 4.40256E-5 3.82002E-5 5.65365E-5 1.10865E-4 8.16509E-5 9.76715E-5 1.06293E-4 3.44457E-5 5.78427E-6 6.89354E-6 4.03991E-6 3.98081E-6 2.0431E-6 1.61001E-6 6.42186E-6 1.55824E-5
7.46971E-5 7.61713E-5 6.59172E-5 6.52444E-5 6.57678E-5 6.6258E-5 6.59895E-5 7.49153E-5 9.42398E-5 1.07026E-4 1.08712E-4 8.59959E-5 6.22799E-5 6.47182E-5 6.50569E-5 2.0574E-4 1.47112E-4 1.5117E-4 1.0117E-4 3.32902E-4 7.74059E-4 1.24346E-4 2.67006E-5 4.02531E-5 5.87323E-4 6.2009E-4 1.14292E-4 1.00711E-4 1.07767E-4 9.61393E-5 1.29498E-4 5.51789E-4 1.04136E-3 8.70858E-4 8.64833E-4 2.28104E-4 1.05719E-4 9.28897E-5 3.86321E-5 5.06506E-5 4.78843E-5 2.5603E-5 4.14665E-5 8.85236E-5 1.19215E-4 2.39057E-4 1.69968E-4 2.34571E-4 8.82789E-5 1.05505E-4 2.03609E-4 1.66651E-4 8.23504E-5 6.14155E-5 1.09525E-4 7.95774E-5 7.83635E-5 3.66069E-5 3.35227E-5 3.14778E-5 3.25598E-5 2.29485E-5 1.91135E-5 1.23984E-5 3.33182E-5 7.59879E-5
5.32286E-5 6.41745E-5 6.45286E-5 6.45376E-5 6.45648E-5 6.5033E-5 6.65475E-5 6.64048E-5 8.27479E-5 1.06442E-4 8.41564E-5 6.46909E-5 6.29823E-5 6.30946E-5 6.35486E-5 9.00508E-5 5.64997E-5 6.21048E-5 1.38239E-4 1.4412E-4 1.39094E-3 3.76625E-4 1.01244E-4 9.41022E-5 2.95356E-5 9.0717E-5 9.32939E-5 1.18112E-4 9.47595E-5 2.75936E-4 6.51988E-5 1.0232E-4 2.71392E-4 4.70595E-4 5.00486E-4 8.60948E-4 4.06449E-4 2.11859E-4 1.98662E-4 6.19385E-5 2.94134E-5 2.96876E-5 5.80915E-5 5.48972E-5 1.34922E-4 2.31169E-4 2.01111E-4 1.13654E-4 2.39147E-4 1.80057E-4 2.39388E-4 1.78731E-4 1.19098E-4 4.71994E-5 6.49271E-5 5.2303E-5 8.53507E-5 8.03042E-5 8.08756E-5 4.96444E-5 6.10411E-5 1.1246E-4 6.35086E-5 7.31386E-5 6.33728E-5 8.91035E-5
5.46789E-5 5.54794E-5 6.07233E-5 6.2283E-5 6.33978E-5 6.57697E-5 6.55968E-5 6.54004E-5 6.59643E-5 7.77719E-5 6.22867E-5 6.19159E-5 6.1384E-5 6.26732E-5 6.27783E-5 6.0709E-5 5.58183E-5 5.63052E-5 5.85792E-5 1.07902E-4 2.32038E-4 4.15389E-4 1.52248E-4 1.01847E-4 1.17196E-4 5.10391E-5 9.00442E-5 9.06764E-5 1.16533E-4 2.02535E-4 2.44391E-4 7.33875E-5 5.31409E-5 4.82781E-5 5.8103E-5 4.59517E-4 1.01402E-3 7.03948E-4 6.10797E-4 2.78372E-4 1.15105E-4 1.14256E-4 8.69567E-5 3.52806E-5 2.4292E-4 3.18173E-4 4.73064E-4 1.75897E-4 2.55516E-4 2.27387E-4 1.17943E-4 5.44699E-5 8.00834E-5 9.89766E-5 1.01344E-4 6.99773E-5 3.10922E-5 3.99791E-5 7.68408E-5 7.54136E-5 4.28562E-5 6.25303E-5 4.27523E-5 3.65443E-5 1.00629E-4 9.03798E-5
5.50916E-5 5.40691E-5 5.5434E-5 5.9265E-5 6.27795E-5 6.50753E-5 6.69624E-5 6.68598E-5 5.91698E-5 5.72301E-5 5.98271E-5 6.11558E-5 5.89669E-5 6.00322E-5 6.12215E-5 5.98453E-5 5.52701E-5 5.50002E-5 5.83903E-5 7.40303E-5 5.83286E-5 1.42542E-4 5.60309E-5 5.96086E-5 1.10114E-4 1.10804E-4 5.57489E-5 5.7189E-5 1.06221E-4 7.26338E-5 1.74632E-4 6.94634E-5 9.95164E-5 4.89417E-5 5.18031E-5 3.03574E-4 5.05576E-4 9.32965E-4 7.07236E-4 1.78164E-4 7.40484E-5 4.69896E-5 7.9548E-5 1.96065E-4 2.84913E-4 4.47594E-4 2.92621E-4 2.45179E-4 2.41775E-4 3.80433E-4 1.15488E-4 6.6963E-5 5.05894E-5 4.09173E-5 2.80763E-4 2.01767E-4 6.98876E-5 4.9331E-5 5.1921E-5 3.33949E-5 1.08766E-4 2.49033E-5 2.0319E-5 2.53051E-5 2.59946E-5 1.98705E-5
5.76403E-5 5.58684E-5 5.55525E-5 5.71247E-5 6.31209E-5 6.56504E-5 6.99832E-5 6.52373E-5 5.9646E-5 5.94277E-5 5.79614E-5 5.83521E-5 5.94386E-5 5.94568E-5 6.05435E-5 5.61072E-5 5.49022E-5 5.47172E-5 5.947E-5 7.10415E-5 5.54724E-5 5.86446E-5 6.44365E-5 6.66747E-5 6.63814E-5 6.78033E-5 1.23162E-4 5.54419E-5 5.78675E-5 8.11136E-5 1.43518E-4 1.1804E-4 1.08663E-4 5.82796E-5 5.03265E-5 1.02464E-4 3.32945E-4 1.98986E-4 8.21942E-4 3.89297E-4 3.50914E-4 8.96713E-5 7.60896E-5 1.25086E-4 2.45159E-4 3.05941E-4 3.12358E-4 2.34287E-4 3.03393E-4 1.28872E-4 2.31102E-4 5.36331E-5 1.47165E-4 3.06662E-5 4.09196E-5 4.47584E-5 1.4739E-4 1.30814E-4 1.2177E-4 1.16082E-4 4.01598E-5 8.98181E-5 5.13233E-5 1.88391E-5 2.01511E-5 6.75039E-5
6.07889E-5 6.19386E-5 6.15948E-5 6.18606E-5 6.21873E-5 6.33281E-5 6.3169E-5 6.0836E-5 5.70098E-5 5.71509E-5 5.91887E-5 6.0186E-5 6.17991E-5 6.15526E-5 6.96462E-5 6.10394E-5 5.60073E-5 5.96448E-5 6.59702E-5 5.38363E-5 5.49225E-5 5.6892E-5 6.59133E-5 6.66442E-5 6.53369E-5 6.616E-5 6.5757E-5 5.50021E-5 5.66404E-5 5.99056E-5 6.3342E-5 9.70437E-5 6.07532E-5 5.76196E-5 6.01997E-5 5.99883E-5 2.28336E-4 6.02136E-4 7.93112E-4 8.09352E-4 5.29057E-4 5.87116E-4 7.53301E-4 5.86532E-4 7.03088E-4 1.01659E-3 9.82633E-4 4.41893E-4 1.8811E-4 1.19089E-4 1.88879E-4 1.04214E-4 4.90556E-5 1.56564E-4 1.49434E-4 7.49185E-5 2.99894E-5 2.93761E-5 1.23289E-4 1.14494E-4 1.07094E-4 9.40751E-5 5.34404E-5 4.99257E-5 5.66155E-5 6.32148E-5
6.01393E-5 6.17139E-5 6.18594E-5 5.80047E-5 5.74191E-5 6.09229E-5 5.7325E-5 5.43033E-5 5.36123E-5 5.42224E-5 5.6467E-5 6.06457E-5 6.91142E-5 7.06679E-5 7.05729E-5 7.27943E-5 6.51231E-5 6.03118E-5 6.01082E-5 5.82795E-5 6.05886E-5 5.9465E-5 6.45501E-5 6.56093E-5 6.58005E-5 6.51555E-5 6.49783E-5 5.97594E-5 5.94907E-5 5.94466E-5 5.92351E-5 6.03047E-5 6.11343E-5 6.0036E-5 5.99453E-5 5.5979E-5 5.608E-5 6.42058E-5 9.37119E-5 3.26698E-4 9.87693E-4 9.44662E-4 2.3366E-4 1.39573E-4 1.20632E-4 1.86503E-4 2.70553E-4 9.07854E-4 6.09994E-4 6.59962E-4 2.00258E-4 3.9449E-4 9.97436E-5 4.97917E-5 4.17024E-5 1.43689E-4 1.25877E-4 1.41496E-4 7.00849E-5 1.04777E-4 2.23283E-5 1.11414E-4 1.07111E-4 6.23222E-5 6.95138E-5 1.17732E-4
5.96987E-5 6.2251E-5 6.18712E-5 6.04428E-5 5.49618E-5 5.44777E-5 5.43986E-5 5.40517E-5 5.38134E-5 5.4E-5 5.4422E-5 5.61919E-5 6.50772E-5 6.88376E-5 7.07692E-5 7.239E-5 6.63603E-5 5.83253E-5 5.87892E-5 6.04953E-5 6.12123E-5 6.0852E-5 6.23183E-5 7.41134E-5 6.98767E-5 6.32553E-5 6.33992E-5 6.50108E-5 6.1927E-5 5.95169E-5 5.36982E-5 5.68217E-5 6.14913E-5 5.98246E-5 5.91672E-5 5.97189E-5 6.16955E-5 6.2358E-5 5.31033E-5 5.56576E-5 1.70072E-4 6.47596E-4 1.17813E-3 1.00331E-3 3.25325E-4 5.51167E-4 6.6326E-4 8.9401E-4 1.0393E-3 4.96855E-4 4.62803E-4 7.92055E-4 7.66638E-4 1.12421E-3 5.00051E-4 7.41202E-5 5.32492E-5 6.68271E-5 3.64182E-4 1.68106E-4 1.71707E-4 5.03421E-5 9.16961E-5 8.90662E-4 6.5528E-4 3.40233E-4
5.76182E-5 5.92569E-5 5.63365E-5 5.4291E-5 5.40773E-5 5.30805E-5 5.51651E-5 5.62941E-5 5.57748E-5 5.54646E-5 5.5292E-5 5.59993E-5 5.5455E-5 5.81898E-5 6.48136E-5 5.86719E-5 5.88153E-5 5.89066E-5 5.93552E-5 6.33943E-5 6.24818E-5 6.28924E-5 7.43182E-5 7.49036E-5 6.90167E-5 6.40391E-5 6.44535E-5 6.41377E-5 6.3253E-5 6.06824E-5 5.9597E-5 5.78419E-5 6.99688E-5 6.8162E-5 6.46206E-5 6.06674E-5 6.29125E-5 6.13766E-5 6.06377E-5 5.94709E-5 5.9892E-5 6.70475E-5 1.95042E-4 7.67033E-4 7.06923E-4 3.33267E-4 5.88255E-4 1.15155E-4 3.54042E-4 8.50665E-5 1.84957E-4 8.03815E-5 1.03243E-4 1.25048E-4 1.62145E-4 3.33285E-4 7.2438E-4 4.27759E-4 2.20637E-4 1.74719E-4 7.67884E-5 8.27387E-5 3.9566E-5 3.72042E-5 2.89511E-5 1.15778E-4
5.70233E-5 5.76995E-5 5.54864E-5 5.27589E-5 5.56223E-5 5.32062E-5 5.41721E-5 5.75173E-5 5.90322E-5 5.8859E-5 5.49308E-5 5.33105E-5 5.58246E-5 5.38726E-5 5.58407E-5 5.69574E-5 5.88338E-5 5.86404E-5 6.33733E-5 6.42338E-5 6.42688E-5 6.5099E-5 7.27869E-5 7.66496E-5 7.48528E-5 6.41372E-5 6.32604E-5 6.22003E-5 6.24225E-5 6.04737E-5 6.17424E-5 5.70055E-5 6.046E-5 7.38072E-5 8.10656E-5 6.3233E-5 6.35193E-5 6.35074E-5 6.57147E-5 6.33702E-5 6.32328E-5 6.27761E-5 6.57858E-5 7.12087E-5 7.5839E-5 7.30774E-5 1.07915E-4 5.94409E-5 5.96988E-5 6.70316E-5 6.91721E-5 5.89918E-5 7.34175E-5 7.31825E-5 7.39314E-5 7.31516E-5 7.1708E-5 8.24485E-5 5.08727E-4 1.29649E-4 4.26854E-5 3.6587E-5 4.29826E-5 2.15846E-5 2.45442E-5 3.87341E-5
5.39449E-5 5.69206E-5 5.67981E-5 5.44078E-5 5.41325E-5 5.44936E-5 5.48674E-5 5.59926E-5 5.75481E-5 5.76527E-5 5.66103E-5 5.23161E-5 5.50046E-5 5.26399E-5 5.39128E-5 5.62747E-5 6.40405E-5 6.43863E-5 6.61674E-5 6.45881E-5 6.29674E-5 6.52415E-5 7.03141E-5 7.24949E-5 7.60532E-5 6.21065E-5 6.16896E-5 6.1999E-5 6.13602E-5 6.02969E-5 6.17237E-5 5.9765E-5 5.77512E-5 6.00183E-5 6.94734E-5 6.99592E-5 6.06707E-5 6.53199E-5 6.7182E-5 6.55002E-5 6.34065E-5 6.32916E-5 6.44629E-5 6.5569E-5 6.57589E-5 6.23922E-5 6.22827E-5 6.65405E-5 6.73962E-5 6.36435E-5 5.81747E-5 5.64555E-5 7.11059E-5 7.3719E-5 7.48581E-5 7.42659E-5 6.58409E-5 5.53798E-5 6.54351E-5 4.13435E-4 7.01288E-4 4.124E-4 5.34671E-4 1.78859E-4 2.39345E-4 4.24905E-4
5.14753E-5 5.50806E-5 5.54748E-5 5.25292E-5 5.27932E-5 5.35608E-5 5.43225E-5 5.44611E-5 5.54393E-5 6.1681E-5 6.41537E-5 6.27605E-5 5.1518E-5 5.2853E-5 5.32014E-5 6.0214E-5 6.34008E-5 6.28086E-5 6.51125E-5 6.50701E-5 6.28504E-5 6.36793E-5 6.54369E-5 6.60166E-5 6.93764E-5 6.73054E-5 6.39273E-5 6.28857E-5 6.16772E-5 6.09644E-5 6.33075E-5 5.88492E-5 5.6045E-5 6.08208E-5 6.3842E-5 6.32311E-5 6.20715E-5 6.31424E-5 7.23734E-5 6.7947E-5 6.66004E-5 6.70845E-5 6.94943E-5 6.50913E-5 6.45386E-5 6.90654E-5 6.91496E-5 7.46815E-5 7.32456E-5 7.39085E-5 7.32567E-5 7.72668E-5 7.84814E-5 7.3611E-5 7.55373E-5 1.23858E-4 9.47209E-5 7.53811E-5 7.26123E-5 8.95028E-5 6.28772E-4 7.19661E-4 3.14273E-4 1.5125E-3 2.22142E-4 2.78648E-4
5.03083E-5 5.11744E-5 5.30339E-5 5.25165E-5 5.23877E-5 5.34055E-5 5.53357E-5 5.83984E-5 6.37709E-5 6.47687E-5 6.62847E-5 6.76081E-5 5.04614E-5 5.25494E-5 5.27514E-5 5.65118E-5 6.07729E-5 6.22352E-5 6.42405E-5 6.52996E-5 6.34989E-5 6.14483E-5 6.20441E-5 6.28168E-5 6.68263E-5 6.80209E-5 6.65715E-5 6.48624E-5 6.57321E-5 6.54599E-5 6.24835E-5 6.21941E-5 5.82053E-5 5.8373E-5 6.14095E-5 6.40909E-5 6.26875E-5 6.65452E-5 7.51683E-5 7.7191E-5 6.86566E-5 7.33585E-5 7.3921E-5 7.19856E-5 7.44101E-5 7.48241E-5 7.33769E-5 7.44036E-5 7.43398E-5 7.43788E-5 7.70837E-5 7.74961E-5 7.83426E-5 7.86585E-5 7.95288E-5 3.48616E-4 2.44856E-4 8.65123E-5 1.03915E-4 1.24585E-4 9.37389E-5 2.49462E-4 3.02969E-4 3.27375E-4 2.85908E-4 3.41852E-4
4.54456E-5 4.63654E-5 4.79141E-5 5.24511E-5 5.191E-5 5.29333E-5 5.43843E-5 5.44739E-5 6.07471E-5 6.35931E-5 6.49282E-5 6.63817E-5 6.01578E-5 5.19567E-5 5.20828E-5 5.57311E-5 5.83864E-5 6.11593E-5 6.22082E-5 6.33175E-5 6.21575E-5 6.28585E-5 6.22288E-5 6.29015E-5 6.40787E-5 6.69998E-5 6.65847E-5 6.37153E-5 6.25959E-5 6.03112E-5 5.65631E-5 6.06214E-5 6.33468E-5 5.88494E-5 5.9644E-5 6.28856E-5 6.47139E-5 7.11519E-5 7.30848E-5 7.35981E-5 7.40833E-5 7.37588E-5 7.15118E-5 7.21147E-5 7.51262E-5 7.67031E-5 7.39333E-5 7.57494E-5 7.80274E-5 7.75718E-5 7.67006E-5 7.7374E-5 7.77407E-5 7.71746E-5 9.31628E-5 7.14909E-5 6.94949E-5 7.57068E-5 1.06724E-4 9.58447E-5 1.30846E-4 6.41816E-5 6.05764E-5 5.88377E-5 5.69056E-5 5.97471E-5
5.11156E-5 5.05518E-5 4.85947E-5 4.67886E-5 4.65234E-5 4.67968E-5 4.76988E-5 4.8358E-5 4.86197E-5 5.14592E-5 5.78538E-5 5.9468E-5 6.01304E-5 5.81105E-5 5.73733E-5 5.73453E-5 5.68065E-5 5.84869E-5 6.00729E-5 5.93251E-5 5.97658E-5 6.10061E-5 6.22572E-5 6.15784E-5 6.13255E-5 6.67913E-5 6.1949E-5 5.88216E-5 6.11127E-5 5.84838E-5 6.3104E-5 6.12438E-5 6.18663E-5 3.7208E-5 6.04039E-5 6.16213E-5 6.28417E-5 6.89472E-5 7.12854E-5 7.29623E-5 7.32336E-5 7.15802E-5 7.13979E-5 7.24836E-5 7.54127E-5 7.64528E-5 7.33319E-5 7.36209E-5 7.50615E-5 7.68084E-5 7.83012E-5 7.7196E-5 7.9047E-5 7.99951E-5 7.36558E-5 7.07761E-5 7.14238E-5 7.34999E-5 7.83102E-5 8.71606E-5 8.15047E-5 6.44048E-5 6.313E-5 7.38215E-5 5.70479E-5 6.70551E-5
5.21026E-5 5.10686E-5 4.57334E-5 4.40988E-5 4.41706E-5 4.29963E-5 4.43523E-5 4.67945E-5 4.73171E-5 4.91349E-5 5.21058E-5 5.22156E-5 5.45224E-5 5.49784E-5 5.71831E-5 5.66683E-5 5.66661E-5 5.74187E-5 5.84604E-5 5.79785E-5 5.99826E-5 6.05412E-5 6.1817E-5 6.37906E-5 6.48642E-5 6.82655E-5 6.81973E-5 6.14924E-5 6.08038E-5 6.05951E-5 6.40935E-5 6.27751E-5 6.11975E-5 3.92814E-5 3.88738E-5 3.85528E-5 3.8693E-5 6.17209E-5 6.59775E-5 6.54173E-5 6.79782E-5 7.0489E-5 6.98231E-5 7.0827E-5 7.24588E-5 7.30851E-5 7.29227E-5 7.41678E-5 7.34228E-5 7.63871E-5 8.01064E-5 8.02592E-5 9.43082E-5 8.75125E-5 6.95339E-5 6.97525E-5 7.095E-5 7.14902E-5 8.37103E-5 8.66233E-5 8.65285E-5 6.60502E-5 7.98513E-5 8.25542E-5 7.53718E-5 8.8305E-5
5.0214E-5 5.17997E-5 4.95833E-5 4.71944E-5 4.46245E-5 4.50924E-5 4.951E-5 4.63272E-5 4.72184E-5 5.04818E-5 4.79645E-5 4.54452E-5 4.79308E-5 4.75282E-5 4.93117E-5 5.49799E-5 5.31636E-5 5.3478E-5 5.5271E-5 5.48886E-5 5.32681E-5 6.06427E-5 6.37189E-5 6.51073E-5 8.89337E-5 8.68421E-5 6.84912E-5 5.93855E-5 6.00214E-5 6.35286E-5 6.36113E-5 6.85461E-5 6.88006E-5 6.77171E-5 3.89882E-5 3.84782E-5 3.66895E-5 3.53674E-5 3.63189E-5 6.15897E-5 6.54937E-5 7.01989E-5 6.79602E-5 6.96372E-5 7.09E-5 7.20946E-5 7.3364E-5 7.65669E-5 7.92463E-5 7.80459E-5 8.28995E-5 8.18293E-5 9.4414E-5 9.60409E-5 1.0444E-4 7.39375E-5 7.83689E-5 8.42032E-5 8.98762E-5 8.8124E-5 8.65171E-5 7.59854E-5 7.36405E-5 7.87657E-5 8.60706E-5 9.68206E-5
4.43023E-5 4.46434E-5 4.69205E-5 4.95722E-5 4.71182E-5 5.05759E-5 5.12475E-5 4.76362E-5 4.73634E-5 4.61448E-5 4.51585E-5 4.56367E-5 4.56422E-5 4.5603E-5 4.70709E-5 4.89218E-5 5.0274E-5 5.36746E-5 5.41792E-5 5.52876E-5 5.6477E-5 5.63276E-5 5.83995E-5 6.81192E-5 1.12069E-4 1.916E-4 1.78124E-4 1.77583E-4 6.11881E-5 5.90367E-5 6.24675E-5 6.53573E-5 6.59892E-5 6.36733E-5 3.90834E-5 3.86287E-5 3.62448E-5 3.59132E-5 3.63803E-5 3.73085E-5 3.77407E-5 3.90007E-5 6.317E-5 6.48517E-5 6.60191E-5 7.14044E-5 7.70124E-5 7.78139E-5 8.27741E-5 8.29728E-5 8.42293E-5 8.15906E-5 1.0769E-4 1.13453E-4 1.14198E-4 1.08726E-4 8.87819E-5 8.97865E-5 9.08611E-5 9.15929E-5 8.6303E-5 8.55395E-5 8.64645E-5 8.14731E-5 8.56544E-5 8.82682E-5
4.02559E-5 3.86096E-5 4.54294E-5 5.27202E-5 5.30167E-5 5.20021E-5 4.8408E-5 4.81228E-5 4.74289E-5 4.64918E-5 4.66497E-5 4.67446E-5 4.6173E-5 4.36567E-5 4.33411E-5 4.69781E-5 4.98962E-5 5.21342E-5 5.29014E-5 5.43031E-5 5.64887E-5 5.64216E-5 5.64352E-5 6.03953E-5 1.81972E-4 1.89161E-4 1.87582E-4 1.11644E-4 5.93726E-5 5.82483E-5 6.23491E-5 6.61609E-5 6.22099E-5 6.31944E-5 4.16587E-5 4.20653E-5 4.39593E-5 3.97209E-5 4.0418E-5 4.17446E-5 4.74482E-5 3.90049E-5 3.84635E-5 3.86642E-5 6.44754E-5 7.267E-5 7.55826E-5 7.67098E-5 7.80036E-5 8.24776E-5 8.03797E-5 7.74454E-5 8.64424E-5 1.10971E-4 1.13402E-4 1.04464E-4 9.21676E-5 8.84008E-5 8.916E-5 9.2238E-5 9.21747E-5 9.05542E-5 9.2998E-5 8.71255E-5 7.18691E-5 8.94402E-5
