catData/rasterBestHybridModels/Fchaus/RD_RM2_LQ/Fchaus_stddev.asc
ncols         409
nrows         350
xllcorner     60.897278365
yllcorner     5.843756025
cellsize      0.0892857
NODATA_value  -9999
[rows 58 to 86 of 350, columns 66 to 131 of 409]
-9999 -9999 -9999 -9999 -9999 -9999 -9999 -9999 -9999 -9999 -9999 -9999 -9999 -9999 -9999 -9999 -9999 -9999 -9999 -9999 -9999 -9999 -9999 -9999 -9999 -9999 -9999 1.25485E-5 1.1613E-5 1.10768E-5 1.13122E-5 1.2064E-5 1.08311E-5 1.1361E-5 1.36056E-5 1.23674E-5 8.51243E-6 7.3225E-6 6.38034E-6 5.98724E-6 5.89577E-6 5.82909E-6 5.81254E-6 5.84005E-6 6.8841E-6 5.80485E-6 6.1129E-6 5.98099E-6 5.72349E-6 5.64433E-6 5.6353E-6 5.60445E-6 5.6703E-6 5.72337E-6 5.80116E-6 5.84643E-6 5.84453E-6 5.81322E-6 5.75817E-6 5.694E-6 5.68192E-6 5.50615E-6 5.58217E-6 7.46828E-6 7.80172E-6 7.80787E-6
-9999 -9999 -9999 -9999 -9999 -9999 -9999 -9999 -9999 -9999 -9999 -9999 -9999 -9999 -9999 1.19436E-5 -9999 -9999 -9999 1.28436E-5 1.32686E-5 -9999 -9999 -9999 -9999 -9999 1.36689E-5 1.39364E-5 1.33736E-5 1.19098E-5 1.20896E-5 1.16899E-5 1.14106E-5 1.31694E-5 1.3268E-5 1.42586E-5 9.29285E-6 7.86074E-6 6.52513E-6 6.28716E-6 5.96157E-6 5.85997E-6 5.8514E-6 6.34562E-6 5.88196E-6 5.76812E-6 6.25177E-6 5.96957E-6 5.74297E-6 5.63661E-6 5.64209E-6 5.67764E-6 5.70114E-6 5.74741E-6 5.81299E-6 5.84673E-6 5.80375E-6 5.73981E-6 5.70215E-6 5.65078E-6 5.48188E-6 5.62905E-6 7.58561E-6 7.66532E-6 1.65813E-5 1.49873E-5
-9999 -9999 -9999 -9999 -9999 -9999 -9999 -9999 -9999 -9999 -9999 -9999 -9999 -9999 1.27929E-5 1.27862E-5 1.09285E-5 1.087E-5 1.29594E-5 1.34636E-5 1.20765E-5 1.22168E-5 -9999 -9999 -9999 -9999 1.45253E-5 1.47154E-5 1.34799E-5 1.24365E-5 1.21454E-5 1.22446E-5 1.36715E-5 1.39886E-5 1.32857E-5 1.44038E-5 1.12208E-5 7.58098E-6 6.87559E-6 6.39099E-6 9.26438E-6 5.91456E-6 5.79736E-6 6.32899E-6 5.91047E-6 5.8982E-6 6.24986E-6 5.97559E-6 5.72561E-6 5.56235E-6 5.59604E-6 5.6426E-6 5.68762E-6 5.7554E-6 5.83086E-6 5.80972E-6 5.74139E-6 5.69091E-6 5.64333E-6 5.59588E-6 5.56762E-6 5.65922E-6 7.37717E-6 7.31113E-6 6.06313E-6 1.3692E-5
-9999 -9999 -9999 -9999 -9999 -9999 -9999 -9999 -9999 -9999 -9999 -9999 -9999 1.33506E-5 1.35672E-5 1.16896E-5 1.16629E-5 1.15842E-5 1.34375E-5 1.20847E-5 1.25079E-5 1.28612E-5 1.31825E-5 -9999 1.40861E-5 1.44612E-5 1.44746E-5 1.48422E-5 1.3682E-5 1.3496E-5 1.2819E-5 1.33586E-5 1.45944E-5 1.43598E-5 1.39949E-5 1.52537E-5 1.17241E-5 8.27957E-6 7.43736E-6 6.67295E-6 6.44816E-6 6.35319E-6 6.53085E-6 5.83895E-6 5.95133E-6 6.01496E-6 6.17605E-6 5.84348E-6 5.65378E-6 5.55132E-6 5.51097E-6 5.57009E-6 5.65338E-6 5.73312E-6 5.7937E-6 5.79605E-6 5.73864E-6 5.67709E-6 5.63396E-6 5.42086E-6 5.65759E-6 7.03209E-6 6.16582E-6 6.13042E-6 6.1471E-6 6.40592E-6
-9999 -9999 -9999 -9999 -9999 -9999 -9999 -9999 -9999 -9999 -9999 1.43542E-5 1.39974E-5 1.40123E-5 1.42896E-5 1.22878E-5 1.22868E-5 1.22143E-5 1.2078E-5 1.25032E-5 1.28928E-5 1.32836E-5 1.33249E-5 1.37545E-5 1.45158E-5 1.47844E-5 1.49746E-5 1.4853E-5 1.45112E-5 1.3927E-5 1.31096E-5 1.40509E-5 1.53619E-5 1.49868E-5 1.46186E-5 1.49942E-5 1.43389E-5 8.91619E-6 7.68364E-6 6.70662E-6 6.03265E-6 5.89324E-6 5.79857E-6 5.74779E-6 5.97426E-6 5.96493E-6 5.87658E-6 5.72319E-6 5.54734E-6 5.52705E-6 5.52474E-6 5.5716E-6 5.65697E-6 5.72183E-6 5.77291E-6 5.79886E-6 5.74809E-6 5.6808E-6 5.72522E-6 5.38619E-6 8.15703E-6 5.94776E-6 6.0144E-6 6.1384E-6 6.35193E-6 6.62891E-6
-9999 -9999 -9999 -9999 -9999 -9999 -9999 -9999 -9999 1.61424E-5 1.57953E-5 1.45272E-5 1.45453E-5 1.4594E-5 1.28823E-5 1.28545E-5 1.28647E-5 1.28285E-5 1.26988E-5 1.2868E-5 1.32585E-5 1.36635E-5 1.40475E-5 1.4426E-5 1.47441E-5 1.50275E-5 1.52013E-5 1.48031E-5 1.37906E-5 1.30835E-5 1.34342E-5 1.48877E-5 1.54993E-5 1.52275E-5 1.48813E-5 1.4896E-5 1.61987E-5 9.23001E-6 7.42623E-6 6.72812E-6 6.09904E-6 5.88488E-6 5.76103E-6 5.71439E-6 5.81934E-6 5.93626E-6 5.70493E-6 5.62131E-6 5.56252E-6 5.5684E-6 5.55141E-6 5.60568E-6 5.69291E-6 5.72048E-6 5.74446E-6 5.72533E-6 5.69021E-6 5.65516E-6 5.75915E-6 5.37879E-6 8.14312E-6 8.50139E-6 5.88033E-6 6.12929E-6 6.24221E-6 6.67948E-6
-9999 -9999 -9999 -9999 -9999 -9999 -9999 -9999 -9999 -9999 -9999 1.51107E-5 1.51054E-5 1.57682E-5 1.3497E-5 1.35056E-5 1.34966E-5 1.34371E-5 1.32821E-5 1.31954E-5 1.3596E-5 1.40474E-5 1.43865E-5 1.46818E-5 1.49244E-5 1.51452E-5 1.48949E-5 1.4033E-5 1.27691E-5 1.33148E-5 1.45439E-5 1.51758E-5 1.54471E-5 1.54235E-5 1.45403E-5 1.47339E-5 2.05528E-5 1.04668E-5 7.73743E-6 7.02096E-6 6.19902E-6 5.86963E-6 5.71772E-6 5.65911E-6 5.80012E-6 5.76888E-6 5.66792E-6 5.61085E-6 5.54116E-6 5.56597E-6 5.52383E-6 5.60114E-6 5.68889E-6 5.71277E-6 5.70107E-6 5.65986E-6 5.60971E-6 5.55538E-6 5.68539E-6 7.86216E-6 8.01571E-6 8.14933E-6 8.46826E-6 6.08665E-6 6.20885E-6 6.55373E-6
1.87456E-5 1.89936E-5 1.84287E-5 -9999 -9999 -9999 -9999 -9999 1.76106E-5 1.71378E-5 1.70733E-5 1.70699E-5 1.64302E-5 1.64337E-5 1.64484E-5 1.40378E-5 1.40458E-5 1.39083E-5 1.36706E-5 1.35163E-5 1.38889E-5 1.43106E-5 1.46757E-5 1.49162E-5 1.50932E-5 1.49682E-5 1.43862E-5 1.37934E-5 1.35853E-5 1.45721E-5 1.53897E-5 1.54081E-5 1.57112E-5 1.51032E-5 1.38922E-5 1.4746E-5 1.42143E-5 9.77927E-6 7.82252E-6 7.31845E-6 6.34884E-6 5.83032E-6 5.73687E-6 5.64108E-6 5.74694E-6 5.77412E-6 5.63847E-6 5.54165E-6 5.53983E-6 5.54646E-6 5.54823E-6 5.59592E-6 5.68425E-6 5.7253E-6 5.66777E-6 5.62082E-6 5.61336E-6 5.54067E-6 5.57551E-6 8.08543E-6 8.13592E-6 8.41543E-6 8.44777E-6 8.1814E-6 6.37124E-6 7.94963E-6
2.10801E-5 1.93068E-5 1.88944E-5 1.85697E-5 1.84367E-5 1.84415E-5 1.79902E-5 1.87713E-5 1.82738E-5 1.767E-5 1.72822E-5 1.59889E-5 1.67743E-5 1.69903E-5 1.43331E-5 1.44168E-5 1.4427E-5 1.43389E-5 1.41601E-5 1.41425E-5 1.43336E-5 1.44301E-5 1.47699E-5 1.51301E-5 1.53727E-5 1.51711E-5 1.4236E-5 1.36149E-5 1.39508E-5 1.50952E-5 1.53475E-5 1.539E-5 1.57503E-5 1.48657E-5 1.29853E-5 1.39745E-5 1.30721E-5 9.55795E-6 8.08337E-6 7.29828E-6 7.48005E-6 6.11042E-6 5.71277E-6 5.59388E-6 5.73896E-6 5.82044E-6 5.65109E-6 5.50938E-6 5.54934E-6 5.62633E-6 5.63052E-6 5.62732E-6 5.75005E-6 5.7875E-6 5.71456E-6 5.71695E-6 5.764E-6 5.62592E-6 5.57809E-6 5.92491E-6 5.96477E-6 5.8787E-6 5.68666E-6 8.31226E-6 9.29344E-6 8.49388E-6
1.93478E-5 1.9039E-5 1.91416E-5 1.86308E-5 1.72968E-5 1.85708E-5 1.86742E-5 1.92431E-5 1.90939E-5 1.895E-5 1.92919E-5 1.65354E-5 1.76284E-5 1.75575E-5 1.49018E-5 1.48938E-5 1.48947E-5 1.48829E-5 1.47116E-5 1.47051E-5 1.47487E-5 1.47954E-5 1.50182E-5 1.52378E-5 1.53507E-5 1.48157E-5 1.37764E-5 1.36696E-5 1.46966E-5 1.52453E-5 1.51119E-5 1.52774E-5 1.56291E-5 1.47579E-5 1.24761E-5 1.39409E-5 1.32104E-5 1.05362E-5 9.12473E-6 7.63099E-6 6.70229E-6 5.9979E-6 5.7085E-6 5.61427E-6 5.72133E-6 5.97237E-6 5.70171E-6 5.51404E-6 5.50675E-6 5.61735E-6 5.67118E-6 5.71547E-6 5.77322E-6 5.7786E-6 5.73057E-6 5.67148E-6 5.74673E-6 5.56129E-6 5.54416E-6 5.45743E-6 5.64908E-6 5.89969E-6 5.67412E-6 5.73094E-6 5.63891E-6 5.63897E-6
1.91386E-5 1.96033E-5 1.82145E-5 1.88071E-5 1.7299E-5 1.72248E-5 1.89438E-5 1.99219E-5 1.99843E-5 1.91784E-5 1.81562E-5 1.80768E-5 1.51562E-5 1.52943E-5 1.52835E-5 1.52431E-5 1.52991E-5 1.53277E-5 1.52591E-5 1.51642E-5 1.52171E-5 1.50369E-5 1.50868E-5 1.525E-5 1.47909E-5 1.37855E-5 1.36578E-5 1.41349E-5 1.4726E-5 1.50938E-5 1.52148E-5 1.54017E-5 1.53054E-5 1.40442E-5 1.25633E-5 1.38217E-5 1.3416E-5 1.04673E-5 8.80542E-6 8.17804E-6 6.96201E-6 6.10078E-6 5.70621E-6 5.58991E-6 5.79267E-6 6.06066E-6 5.663E-6 5.48147E-6 5.50398E-6 5.60226E-6 5.67672E-6 5.69525E-6 5.76028E-6 5.78346E-6 5.75149E-6 5.71306E-6 5.71355E-6 5.57739E-6 5.53443E-6 5.54454E-6 5.6284E-6 5.87557E-6 5.72514E-6 6.24845E-6 5.82246E-6 5.58885E-6
1.94718E-5 2.06464E-5 1.95896E-5 1.70572E-5 1.7265E-5 1.74725E-5 1.7454E-5 1.77493E-5 1.96002E-5 1.7624E-5 1.67136E-5 1.67156E-5 1.78382E-5 1.51802E-5 1.48909E-5 1.47483E-5 1.46889E-5 1.46703E-5 1.48421E-5 1.48077E-5 1.45497E-5 1.41282E-5 1.42053E-5 1.42528E-5 1.38153E-5 1.35792E-5 1.40908E-5 1.48174E-5 1.50902E-5 1.51659E-5 1.46961E-5 1.49839E-5 1.44384E-5 1.31028E-5 1.22879E-5 1.28022E-5 1.29899E-5 1.19077E-5 9.63471E-6 8.42789E-6 7.04622E-6 6.1555E-6 5.70282E-6 5.58099E-6 5.67447E-6 5.78085E-6 5.66893E-6 5.46385E-6 5.49146E-6 5.58888E-6 5.63267E-6 5.72472E-6 5.75261E-6 5.78494E-6 5.76814E-6 5.74337E-6 5.6988E-6 5.57694E-6 5.5222E-6 5.6117E-6 5.65585E-6 5.9412E-6 6.22181E-6 6.21051E-6 5.77278E-6 5.7232E-6
1.93697E-5 2.09996E-5 1.64901E-5 1.66897E-5 1.66214E-5 1.65368E-5 2.23176E-5 2.00922E-5 2.01235E-5 2.29438E-5 2.19576E-5 1.76403E-5 1.53082E-5 1.51897E-5 1.48786E-5 1.44721E-5 1.42921E-5 1.40686E-5 1.39214E-5 1.3927E-5 1.39124E-5 1.38803E-5 1.3811E-5 1.36575E-5 1.39723E-5 1.43264E-5 1.46009E-5 1.49955E-5 1.51679E-5 1.48344E-5 1.45351E-5 1.41833E-5 1.35072E-5 1.28387E-5 1.19745E-5 1.23901E-5 1.33659E-5 1.26991E-5 1.01875E-5 8.49965E-6 7.32279E-6 6.08397E-6 5.72186E-6 5.59119E-6 5.54514E-6 5.88023E-6 5.61221E-6 5.43149E-6 5.46491E-6 5.57852E-6 5.62216E-6 5.69678E-6 5.75887E-6 5.75456E-6 5.72728E-6 5.69995E-6 5.69105E-6 5.5539E-6 5.5194E-6 5.6024E-6 5.84555E-6 6.19138E-6 6.22132E-6 6.23152E-6 5.79263E-6 6.23279E-6
1.75986E-5 1.45106E-5 1.47479E-5 1.50786E-5 1.63673E-5 2.22805E-5 2.30344E-5 2.30097E-5 2.29447E-5 1.75431E-5 1.72427E-5 1.92137E-5 1.57484E-5 1.54947E-5 1.54676E-5 1.49025E-5 1.64714E-5 1.43116E-5 1.355E-5 1.39785E-5 1.38298E-5 1.39417E-5 1.35576E-5 1.43745E-5 1.48948E-5 1.48289E-5 1.45224E-5 1.44362E-5 1.43228E-5 1.41731E-5 1.4186E-5 1.37835E-5 1.28841E-5 1.21927E-5 1.07424E-5 1.14949E-5 1.29263E-5 1.26476E-5 9.10528E-6 8.40918E-6 7.33612E-6 6.23164E-6 5.70314E-6 5.60521E-6 5.90223E-6 5.81297E-6 5.63354E-6 5.43916E-6 5.46164E-6 5.64095E-6 5.73738E-6 5.73773E-6 5.75058E-6 5.73053E-6 5.72065E-6 5.69676E-6 5.57565E-6 5.5596E-6 5.52395E-6 5.65935E-6 5.90806E-6 5.82326E-6 5.77616E-6 6.26137E-6 6.31666E-6 6.29067E-6
1.76297E-5 1.99491E-5 2.02756E-5 2.11883E-5 1.91956E-5 2.35931E-5 2.33531E-5 2.15823E-5 1.83841E-5 1.96676E-5 1.87488E-5 1.56698E-5 1.56322E-5 1.54412E-5 1.54847E-5 1.54956E-5 1.7959E-5 1.5405E-5 1.51734E-5 1.50914E-5 1.4972E-5 1.49921E-5 1.49183E-5 1.48488E-5 1.49708E-5 1.46706E-5 1.41723E-5 1.41141E-5 1.40798E-5 1.3787E-5 1.36297E-5 1.29243E-5 1.19574E-5 1.15633E-5 1.06177E-5 1.04872E-5 1.18813E-5 1.15722E-5 9.01932E-6 7.82157E-6 7.34334E-6 6.66784E-6 5.68347E-6 5.53098E-6 5.62719E-6 5.70339E-6 5.76724E-6 5.50753E-6 5.51976E-6 5.68145E-6 5.77671E-6 5.91689E-6 5.75099E-6 5.65408E-6 5.73067E-6 5.63551E-6 5.45859E-6 5.42858E-6 5.79988E-6 6.22081E-6 6.22112E-6 5.76238E-6 5.62677E-6 5.72308E-6 5.59159E-6 5.74417E-6
1.9947E-5 2.01872E-5 2.05311E-5 1.91286E-5 3.29684E-5 1.91142E-5 1.69352E-5 1.87307E-5 1.92276E-5 1.93881E-5 1.5461E-5 1.56174E-5 1.5885E-5 1.57486E-5 1.55115E-5 1.53941E-5 1.76138E-5 1.75007E-5 1.53105E-5 1.52953E-5 1.52221E-5 1.51696E-5 1.48776E-5 1.43106E-5 1.37383E-5 1.36723E-5 1.37901E-5 1.35985E-5 1.34558E-5 1.33378E-5 1.27668E-5 1.20975E-5 1.17252E-5 1.15919E-5 1.12765E-5 1.13304E-5 1.27851E-5 1.12038E-5 9.11016E-6 8.09095E-6 7.52803E-6 6.56636E-6 5.68366E-6 5.49915E-6 5.76869E-6 6.02366E-6 5.83034E-6 5.53398E-6 5.57428E-6 5.64458E-6 5.83371E-6 5.89547E-6 5.78363E-6 5.48121E-6 5.5919E-6 5.55004E-6 5.58726E-6 5.65297E-6 5.77306E-6 6.2065E-6 5.76958E-6 5.63161E-6 5.54721E-6 5.54267E-6 5.55765E-6 5.74186E-6
2.08864E-5 2.088E-5 1.83319E-5 1.91237E-5 2.06832E-5 2.18107E-5 1.67374E-5 1.71721E-5 1.92921E-5 1.59147E-5 1.52699E-5 1.47475E-5 1.50235E-5 1.55026E-5 1.57126E-5 1.54604E-5 1.71617E-5 1.63765E-5 1.46807E-5 1.45937E-5 1.45597E-5 1.42833E-5 1.3435E-5 1.27314E-5 1.26192E-5 1.25403E-5 1.24164E-5 1.30038E-5 1.26274E-5 1.29422E-5 1.26705E-5 1.21527E-5 1.17512E-5 1.12997E-5 1.13838E-5 1.18796E-5 1.21478E-5 1.22814E-5 1.02069E-5 8.49315E-6 7.61802E-6 6.50757E-6 5.66445E-6 5.52302E-6 5.64876E-6 5.69774E-6 5.89471E-6 5.5539E-6 5.55077E-6 5.65346E-6 5.77311E-6 5.71947E-6 5.61489E-6 5.57212E-6 5.57427E-6 5.56712E-6 5.64908E-6 5.78035E-6 6.21255E-6 6.20347E-6 5.7771E-6 5.5987E-6 5.37659E-6 5.59629E-6 5.54994E-6 5.6025E-6
2.43321E-5 2.4458E-5 2.41062E-5 3.01031E-5 2.90714E-5 1.83533E-5 1.66412E-5 1.623E-5 1.6613E-5 1.65631E-5 1.6426E-5 1.64109E-5 1.64533E-5 1.65924E-5 1.64803E-5 1.59209E-5 1.51563E-5 1.43356E-5 1.43282E-5 1.39847E-5 1.37416E-5 1.34179E-5 1.26024E-5 1.26535E-5 1.25948E-5 1.23916E-5 1.27357E-5 1.21706E-5 1.1994E-5 1.20853E-5 1.22028E-5 1.1947E-5 1.17959E-5 1.15792E-5 1.1743E-5 1.25845E-5 1.28124E-5 1.47326E-5 1.02362E-5 8.41449E-6 7.25749E-6 6.14088E-6 5.5501E-6 5.54517E-6 5.85182E-6 5.80232E-6 6.01344E-6 5.5761E-6 5.49582E-6 5.6115E-6 5.57844E-6 5.55112E-6 6.43351E-6 6.97672E-6 5.89062E-6 5.71752E-6 5.81106E-6 6.16794E-6 6.21266E-6 5.83852E-6 5.69389E-6 5.63987E-6 5.68853E-6 5.60999E-6 5.55446E-6 5.55601E-6
3.8904E-5 2.48679E-5 2.48251E-5 2.4676E-5 2.42412E-5 1.83514E-5 1.69441E-5 1.76911E-5 1.51902E-5 1.68247E-5 1.70047E-5 1.69497E-5 1.74703E-5 1.74086E-5 1.70435E-5 1.64363E-5 1.54219E-5 1.4552E-5 1.37561E-5 1.30584E-5 1.30262E-5 1.28397E-5 1.25416E-5 1.22115E-5 1.21249E-5 1.14468E-5 1.15199E-5 1.15599E-5 1.16238E-5 1.17218E-5 1.18096E-5 1.15681E-5 1.14918E-5 1.21116E-5 1.19611E-5 1.24696E-5 1.3624E-5 1.43361E-5 9.3219E-6 8.09513E-6 6.98784E-6 5.84785E-6 5.51595E-6 5.65521E-6 5.64511E-6 5.56729E-6 5.94447E-6 5.55235E-6 5.49145E-6 5.50754E-6 5.478E-6 6.15578E-6 7.19749E-6 7.26105E-6 7.92106E-6 7.34841E-6 6.23623E-6 6.18828E-6 5.80988E-6 5.7107E-6 5.68179E-6 5.67831E-6 5.64878E-6 5.61164E-6 5.5802E-6 5.68495E-6
1.32242E-5 4.02986E-5 2.49705E-5 2.1365E-5 1.74404E-5 1.69884E-5 1.86438E-5 1.67684E-5 1.36561E-5 1.22749E-5 1.24542E-5 1.28765E-5 1.37195E-5 1.53313E-5 1.67932E-5 1.68196E-5 1.58414E-5 1.43901E-5 1.32761E-5 1.16032E-5 1.12794E-5 1.1047E-5 1.07788E-5 1.03388E-5 1.05431E-5 1.07481E-5 1.09532E-5 1.12945E-5 1.11088E-5 1.08441E-5 1.1154E-5 1.15088E-5 1.17298E-5 1.20541E-5 1.21059E-5 1.21195E-5 1.42091E-5 1.30941E-5 8.45321E-6 7.25053E-6 6.42103E-6 5.65421E-6 5.54437E-6 5.64486E-6 5.58781E-6 5.579E-6 5.79044E-6 5.72048E-6 5.52218E-6 5.4912E-6 5.57316E-6 7.92558E-6 8.20495E-6 7.97847E-6 7.97793E-6 7.34262E-6 6.57547E-6 6.18078E-6 5.81527E-6 5.69919E-6 5.72939E-6 5.68575E-6 5.71619E-6 5.70197E-6 5.78267E-6 6.18321E-6
1.37125E-5 4.18324E-5 2.31637E-5 1.71303E-5 1.6865E-5 1.90075E-5 1.7308E-5 1.37536E-5 1.20171E-5 1.03065E-5 1.06492E-5 1.05041E-5 1.05509E-5 1.09368E-5 1.30322E-5 1.51471E-5 1.56668E-5 1.52193E-5 1.36275E-5 1.20126E-5 1.07393E-5 1.00502E-5 1.03433E-5 1.12378E-5 9.85544E-6 9.93731E-6 9.99062E-6 1.04658E-5 1.05468E-5 1.04799E-5 1.0984E-5 1.1067E-5 1.14738E-5 1.13855E-5 1.11063E-5 1.19066E-5 1.42831E-5 1.12548E-5 8.09869E-6 6.72687E-6 5.84193E-6 5.45148E-6 5.4874E-6 5.5172E-6 5.56832E-6 5.74029E-6 5.73711E-6 5.68737E-6 5.64232E-6 5.70313E-6 6.91016E-6 7.9461E-6 7.27544E-6 7.21855E-6 7.24564E-6 6.86667E-6 6.14555E-6 5.77146E-6 5.67835E-6 5.63668E-6 5.6433E-6 5.74395E-6 6.15176E-6 6.1338E-6 6.14464E-6 6.15546E-6
1.16111E-5 3.4494E-5 2.28696E-5 1.78668E-5 1.91405E-5 1.95975E-5 1.63312E-5 1.28294E-5 9.58585E-6 8.50262E-6 8.57824E-6 8.54472E-6 8.7478E-6 8.72254E-6 8.68939E-6 1.02198E-5 1.29019E-5 1.4396E-5 1.37919E-5 1.14857E-5 1.03791E-5 9.73619E-6 9.51526E-6 9.8354E-6 1.01457E-5 1.01749E-5 1.03748E-5 1.04751E-5 1.03705E-5 1.04172E-5 1.03079E-5 1.04782E-5 1.08091E-5 1.10613E-5 1.11453E-5 1.30493E-5 1.35208E-5 9.06585E-6 7.34075E-6 6.25234E-6 5.61414E-6 5.32477E-6 5.46033E-6 5.52896E-6 5.55487E-6 5.54292E-6 5.50616E-6 5.48946E-6 5.48162E-6 5.52662E-6 7.28591E-6 7.24171E-6 7.02571E-6 6.93094E-6 7.04412E-6 6.26276E-6 6.09552E-6 5.71901E-6 5.59265E-6 5.62389E-6 5.72191E-6 6.11296E-6 5.72898E-6 5.69417E-6 5.74468E-6 5.75113E-6
3.1736E-5 1.78489E-5 1.79716E-5 2.32607E-5 2.43387E-5 1.57642E-5 1.56784E-5 1.15808E-5 1.03344E-5 7.79477E-6 7.12844E-6 7.04311E-6 7.24004E-6 7.2818E-6 7.50449E-6 9.48757E-6 1.20255E-5 1.25209E-5 1.15028E-5 1.10449E-5 1.04283E-5 9.48861E-6 9.92765E-6 1.04292E-5 1.06107E-5 1.01012E-5 1.00459E-5 1.02735E-5 1.12043E-5 1.00265E-5 9.49997E-6 9.82108E-6 1.0355E-5 1.07908E-5 1.13266E-5 1.35282E-5 1.21206E-5 7.71409E-6 6.45282E-6 5.85837E-6 5.45023E-6 5.30993E-6 5.53848E-6 5.63967E-6 5.59772E-6 5.57238E-6 5.47727E-6 5.46748E-6 5.45517E-6 5.94263E-6 7.88721E-6 7.27908E-6 7.09307E-6 6.64679E-6 5.77183E-6 6.00761E-6 5.66989E-6 5.58999E-6 5.57455E-6 5.71141E-6 6.11308E-6 6.1148E-6 5.72475E-6 5.64902E-6 5.56746E-6 5.41741E-6
1.82766E-5 1.81716E-5 2.21556E-5 2.23713E-5 2.15025E-5 1.31865E-5 1.04138E-5 8.67769E-6 8.89449E-6 7.45099E-6 7.09812E-6 6.47508E-6 6.16746E-6 6.1212E-6 6.44867E-6 8.23453E-6 8.61933E-6 1.04142E-5 1.01516E-5 9.88652E-6 1.11582E-5 1.05587E-5 1.0486E-5 1.04842E-5 1.02122E-5 9.70682E-6 9.48724E-6 9.4421E-6 9.11775E-6 8.93028E-6 9.19017E-6 9.80827E-6 9.79168E-6 1.02151E-5 1.18636E-5 1.23392E-5 8.91928E-6 6.76969E-6 5.9289E-6 5.6112E-6 5.3921E-6 5.40494E-6 5.57259E-6 5.62556E-6 5.57375E-6 5.50385E-6 5.51056E-6 5.50408E-6 5.44998E-6 6.29627E-6 7.93181E-6 7.93558E-6 6.453E-6 5.56766E-6 5.62934E-6 5.91188E-6 5.62421E-6 5.54662E-6 5.63813E-6 5.6987E-6 6.13683E-6 5.51934E-6 5.58807E-6 5.60062E-6 7.38862E-6 7.65039E-6
1.83853E-5 2.1911E-5 2.2165E-5 1.74377E-5 1.46898E-5 1.21669E-5 7.6449E-6 6.69381E-6 7.23225E-6 6.54212E-6 5.96524E-6 5.95929E-6 5.64524E-6 5.91399E-6 6.82513E-6 6.24981E-6 7.03065E-6 8.3212E-6 1.07236E-5 1.02021E-5 1.14983E-5 1.08247E-5 9.80815E-6 9.83703E-6 9.81779E-6 9.1601E-6 8.97924E-6 8.37884E-6 8.15622E-6 8.44672E-6 8.8691E-6 9.19931E-6 9.57088E-6 1.07988E-5 1.19305E-5 1.12491E-5 6.8969E-6 6.1023E-6 5.71534E-6 5.54807E-6 5.3221E-6 5.45822E-6 5.58149E-6 5.54464E-6 5.59395E-6 5.46628E-6 5.5183E-6 5.51467E-6 5.45211E-6 6.95138E-6 7.30389E-6 7.93001E-6 6.0494E-6 5.61938E-6 5.91463E-6 5.9489E-6 5.61846E-6 5.61451E-6 6.07791E-6 6.12401E-6 6.11993E-6 7.12552E-6 6.76811E-6 6.77466E-6 6.8655E-6 6.92095E-6
1.77293E-5 1.77925E-5 1.51698E-5 1.49783E-5 1.44118E-5 1.02372E-5 7.70143E-6 6.17888E-6 6.36465E-6 5.59764E-6 5.24722E-6 5.16254E-6 5.10442E-6 5.29073E-6 5.46408E-6 5.84552E-6 6.46573E-6 6.99132E-6 8.76169E-6 9.29039E-6 9.49685E-6 9.57275E-6 9.28524E-6 9.65107E-6 9.08947E-6 8.42612E-6 8.33729E-6 8.16844E-6 8.25603E-6 8.35918E-6 8.66241E-6 9.4463E-6 1.02881E-5 1.06216E-5 1.02201E-5 1.01733E-5 6.37964E-6 5.7481E-6 5.55441E-6 5.37765E-6 5.37488E-6 5.49946E-6 5.57588E-6 5.43234E-6 5.45813E-6 5.49357E-6 5.57398E-6 5.57153E-6 5.4112E-6 6.66594E-6 7.1231E-6 7.31575E-6 5.96167E-6 5.91334E-6 5.91988E-6 5.62117E-6 5.95537E-6 9.14829E-6 9.14685E-6 8.99261E-6 8.75781E-6 6.81261E-6 6.75702E-6 6.71606E-6 6.70775E-6 6.57769E-6
1.75373E-5 1.77316E-5 1.5017E-5 1.50121E-5 1.47421E-5 1.10053E-5 9.28783E-6 7.04594E-6 5.65478E-6 5.25628E-6 5.02885E-6 4.85526E-6 4.93907E-6 5.01782E-6 5.14529E-6 5.35022E-6 6.26703E-6 8.18637E-6 8.88702E-6 9.69786E-6 1.05376E-5 1.05211E-5 9.26727E-6 8.86531E-6 8.33334E-6 7.96837E-6 7.80543E-6 7.78958E-6 8.43281E-6 8.66501E-6 8.2949E-6 8.68875E-6 9.23933E-6 9.54012E-6 1.13466E-5 7.64705E-6 5.89969E-6 5.62832E-6 5.47271E-6 5.36778E-6 5.42258E-6 5.56487E-6 5.57904E-6 5.41092E-6 5.43963E-6 5.48721E-6 5.54661E-6 5.45721E-6 6.97888E-6 6.99187E-6 6.96462E-6 7.07439E-6 5.61649E-6 8.96742E-6 8.98984E-6 9.0432E-6 8.93281E-6 8.60229E-6 8.18555E-6 8.19026E-6 6.75608E-6 6.6288E-6 6.49243E-6 6.48086E-6 6.52899E-6 6.53099E-6
1.45665E-5 1.44661E-5 1.45298E-5 1.46232E-5 1.42189E-5 1.39678E-5 1.22871E-5 6.83597E-6 5.69165E-6 5.158E-6 5.07165E-6 4.99976E-6 4.96808E-6 5.0283E-6 5.1396E-6 5.32605E-6 5.891E-6 7.1173E-6 6.6849E-6 7.23835E-6 9.28041E-6 9.67875E-6 8.90585E-6 8.54122E-6 7.96559E-6 7.50544E-6 7.36455E-6 8.13905E-6 8.54812E-6 8.07443E-6 7.95937E-6 8.4455E-6 8.53992E-6 1.01736E-5 1.10788E-5 6.80944E-6 5.87984E-6 5.56658E-6 5.4285E-6 5.37711E-6 5.44192E-6 5.53869E-6 5.45169E-6 5.34838E-6 5.43396E-6 5.51733E-6 5.44297E-6 5.55015E-6 6.8559E-6 1.10013E-5 1.20261E-5 1.15783E-5 8.61817E-6 8.64784E-6 8.30835E-6 7.18027E-6 7.00435E-6 7.05428E-6 6.8038E-6 6.64371E-6 6.44907E-6 6.43701E-6 6.41972E-6 6.41448E-6 6.45841E-6 6.47672E-6
1.43276E-5 1.36946E-5 1.33072E-5 1.36394E-5 1.37377E-5 1.41684E-5 1.1308E-5 6.32622E-6 5.35054E-6 5.17262E-6 5.10971E-6 5.04413E-6 5.0189E-6 5.05156E-6 5.11808E-6 5.32159E-6 5.80413E-6 6.12517E-6 6.20644E-6 6.64486E-6 8.11801E-6 8.71202E-6 8.02055E-6 7.96489E-6 7.92093E-6 7.61593E-6 7.95607E-6 8.18097E-6 8.05328E-6 8.21611E-6 8.92915E-6 8.76972E-6 8.77599E-6 9.11655E-6 8.39987E-6 6.9051E-6 6.00343E-6 5.54143E-6 5.364E-6 5.38599E-6 5.5055E-6 5.50921E-6 5.42496E-6 5.45158E-6 5.5039E-6 5.41858E-6 5.42803E-6 5.33351E-6 7.33372E-6 6.54842E-6 7.08741E-6 9.0306E-6 7.71025E-6 6.97646E-6 6.81616E-6 6.77095E-6 6.73764E-6 6.60587E-6 6.50456E-6 6.42305E-6 6.3946E-6 6.39248E-6 6.39681E-6 6.40822E-6 6.41502E-6 6.42255E-6
