catData/rasterBestHybridModels/Fchaus/RD_RM2_LQ/Fchaus_avg.asc
ncols         409
nrows         350
xllcorner     60.897278365
yllcorner     5.843756025
cellsize      0.0892857
NODATA_value  -9999
[rows 145 to 173 of 350, columns 264 to 329 of 409]
7.36449E-5 9.23007E-5 7.28177E-5 6.54182E-5 6.68444E-5 8.22637E-5 1.13603E-4 1.28927E-4 2.55359E-4 2.44127E-4 1.93145E-4 1.66249E-4 1.16705E-4 1.18323E-4 7.39779E-5 7.7668E-5 7.65961E-5 7.60179E-5 8.71649E-5 5.30637E-5 6.53713E-5 5.20982E-5 4.85662E-5 5.09809E-5 5.28331E-5 5.27497E-5 5.17167E-5 5.08923E-5 4.37393E-5 4.90198E-5 6.85433E-5 7.16001E-5 7.51663E-5 5.19486E-5 5.54916E-5 6.6204E-5 7.14042E-5 9.3271E-5 8.93797E-5 8.44479E-5 8.74301E-5 9.60143E-5 1.41385E-4 1.39938E-4 1.17878E-4 1.06125E-4 9.56864E-5 9.54801E-5 9.97048E-5 9.8831E-5 1.23901E-4 1.64591E-4 1.47557E-4 9.66105E-5 1.03783E-4 1.12417E-4 1.30495E-4 1.49528E-4 1.55027E-4 1.19812E-4 1.22352E-4 1.13063E-4 1.2039E-4 1.25976E-4 1.15017E-4 1.1237E-4
6.49502E-5 1.05587E-4 1.08236E-4 1.03631E-4 8.21952E-5 1.04334E-4 3.10968E-4 3.95716E-4 2.85223E-4 1.6254E-4 1.87976E-4 1.04022E-4 8.98304E-5 1.04783E-4 9.75384E-5 7.11962E-5 7.57583E-5 7.43584E-5 7.37872E-5 5.16947E-5 4.18775E-5 5.17956E-5 4.67217E-5 4.97759E-5 5.05097E-5 5.22265E-5 5.05642E-5 4.47041E-5 4.39438E-5 4.27512E-5 4.99987E-5 5.20624E-5 5.09264E-5 5.42174E-5 6.21797E-5 6.37976E-5 7.60684E-5 7.47872E-5 8.2575E-5 8.32991E-5 8.86386E-5 1.25318E-4 1.4471E-4 9.8206E-5 9.79295E-5 9.76358E-5 9.29608E-5 8.13626E-5 9.68473E-5 9.79371E-5 1.22847E-4 1.51789E-4 2.28301E-4 2.64706E-4 2.61031E-4 1.48759E-4 1.28053E-4 1.33306E-4 1.85046E-4 1.08196E-4 1.22699E-4 1.21292E-4 1.30454E-4 1.34843E-4 1.35653E-4 1.62473E-4
3.00805E-4 2.714E-4 6.51262E-5 6.29283E-5 1.04086E-4 1.04487E-4 1.5691E-4 1.76315E-4 2.79638E-4 1.87157E-4 1.42847E-4 9.54763E-5 1.25313E-4 1.06738E-4 1.0838E-4 8.10904E-5 8.89993E-5 7.29646E-5 6.83484E-5 8.46737E-5 7.71145E-5 8.06248E-5 4.95604E-5 4.34318E-5 4.96817E-5 5.26875E-5 5.32352E-5 4.57061E-5 4.3838E-5 4.41927E-5 5.09159E-5 5.18147E-5 5.45717E-5 7.97639E-5 7.45274E-5 7.52359E-5 8.15547E-5 9.13278E-5 8.40506E-5 8.221E-5 8.03533E-5 1.11904E-4 1.52054E-4 9.94919E-5 9.75391E-5 8.51154E-5 8.05519E-5 7.93024E-5 8.78225E-5 9.72712E-5 1.09363E-4 1.18913E-4 1.62183E-4 -9999 2.55958E-4 1.51832E-4 1.36306E-4 1.48913E-4 1.38001E-4 8.86818E-5 9.37285E-5 1.12079E-4 1.25047E-4 1.47862E-4 1.54645E-4 2.42654E-4
1.69239E-4 1.17523E-4 1.1447E-4 1.17489E-4 9.81878E-5 1.26183E-4 1.34398E-4 2.38419E-4 1.58266E-4 8.36315E-5 1.08241E-4 1.25514E-4 2.2976E-4 2.03676E-4 1.37747E-4 1.08354E-4 8.49795E-5 6.86324E-5 5.44528E-5 7.56551E-5 8.20793E-5 1.2281E-4 1.13476E-4 5.42607E-5 6.10425E-5 7.81023E-5 9.77422E-5 9.82566E-5 7.62453E-5 6.51336E-5 7.41129E-5 5.18538E-5 6.08829E-5 6.37359E-5 7.80165E-5 7.19771E-5 7.55085E-5 7.45991E-5 7.89364E-5 8.5153E-5 7.98016E-5 7.81658E-5 9.0882E-5 1.09276E-4 9.89171E-5 6.53999E-5 7.92398E-5 8.56948E-5 8.77417E-5 9.77834E-5 1.10394E-4 1.49729E-4 1.61407E-4 1.59701E-4 1.2879E-4 1.02362E-4 -9999 -9999 2.11523E-4 -9999 1.24548E-4 1.33686E-4 -9999 1.67003E-4 -9999 3.8223E-4
9.05716E-5 8.84256E-5 1.85888E-4 1.3092E-4 6.7233E-5 1.4353E-4 1.36247E-4 2.46799E-4 1.53819E-4 1.32449E-4 1.31453E-4 1.38682E-4 1.3856E-4 1.24655E-4 8.72217E-5 9.7353E-5 1.00776E-4 1.06452E-4 1.24722E-4 1.50003E-4 1.61519E-4 7.65064E-4 4.14261E-4 9.25033E-5 1.08624E-4 1.15906E-4 1.44923E-4 1.1903E-4 8.66632E-5 8.0194E-5 9.02895E-5 9.87026E-5 5.38003E-5 5.18298E-5 5.20652E-5 5.66665E-5 6.25469E-5 6.38718E-5 6.77692E-5 9.76728E-5 1.0202E-4 8.68375E-5 9.42892E-5 1.43334E-4 7.21756E-5 5.93119E-5 8.68397E-5 8.85663E-5 8.87141E-5 9.44249E-5 9.87963E-5 1.38856E-4 1.37151E-4 1.23179E-4 1.10623E-4 1.01214E-4 1.02807E-4 1.17747E-4 1.38475E-4 -9999 1.22862E-4 1.1693E-4 1.49764E-4 2.33726E-4 7.61331E-4 2.14272E-3
2.62209E-4 1.84788E-4 2.48459E-4 7.13498E-5 8.49209E-5 1.72157E-4 1.49284E-4 1.70172E-4 1.85582E-4 1.64687E-4 1.45802E-4 1.38249E-4 1.44034E-4 1.23888E-4 6.616E-5 7.45707E-5 7.19059E-5 6.48087E-5 1.00427E-4 1.71922E-4 1.59742E-4 1.3694E-4 4.14427E-4 1.5877E-4 7.29748E-5 9.50363E-5 8.48595E-5 1.42674E-4 1.3107E-4 9.66781E-5 9.12838E-5 1.67538E-4 6.18413E-5 5.18825E-5 5.14085E-5 5.68327E-5 5.97439E-5 6.44982E-5 6.62635E-5 6.42439E-5 6.71615E-5 9.18987E-5 9.184E-5 1.00796E-4 8.35494E-5 6.80235E-5 8.69577E-5 9.39153E-5 1.00998E-4 1.09773E-4 9.21372E-5 9.79389E-5 9.68019E-5 9.97786E-5 1.02322E-4 1.02283E-4 1.17658E-4 1.21866E-4 1.35114E-4 1.4807E-4 -9999 -9999 1.43514E-4 1.74256E-4 1.7862E-4 -9999
3.37916E-4 5.04301E-4 1.44766E-4 1.21598E-4 1.59478E-4 2.85089E-4 1.52699E-4 1.51235E-4 3.10648E-4 3.30619E-4 2.47367E-4 3.49255E-4 2.37779E-4 1.80707E-4 9.9039E-5 1.02729E-4 7.77311E-5 6.91704E-5 9.73149E-5 1.74543E-4 1.04507E-4 7.95186E-5 6.54586E-5 6.7867E-5 6.99616E-5 7.81898E-5 6.76547E-5 6.87183E-5 6.82604E-5 8.52053E-5 1.00858E-4 1.19098E-4 9.42919E-5 5.83978E-5 4.44885E-5 4.39035E-5 4.4568E-5 6.01975E-5 6.56093E-5 6.81668E-5 7.4414E-5 8.79658E-5 9.68135E-5 9.55236E-5 9.68697E-5 8.5807E-5 8.52994E-5 9.71535E-5 1.01468E-4 1.13451E-4 1.03914E-4 8.99924E-5 9.01448E-5 8.79848E-5 9.25568E-5 9.94007E-5 9.22622E-5 9.10697E-5 9.81317E-5 1.37751E-4 1.39001E-4 9.96185E-5 1.03129E-4 -9999 1.88447E-4 1.55954E-4
6.08368E-4 2.25876E-4 1.06722E-4 9.50905E-5 8.67833E-5 1.71774E-4 1.70111E-4 1.62327E-4 4.83399E-4 7.37104E-4 2.45275E-4 1.82791E-4 2.06209E-4 1.324E-4 9.82061E-5 1.35924E-4 1.23069E-4 8.15129E-5 7.42429E-5 1.5216E-4 8.64173E-5 8.83125E-5 8.94383E-5 8.7231E-5 7.80785E-5 7.91967E-5 6.7804E-5 6.78293E-5 6.7414E-5 7.23481E-5 7.52947E-5 8.05117E-5 8.16378E-5 8.79825E-5 5.87418E-5 4.48031E-5 4.40473E-5 6.29747E-5 6.63617E-5 6.76899E-5 7.3874E-5 7.53646E-5 9.54061E-5 1.04703E-4 1.07072E-4 9.06753E-5 8.61715E-5 8.51561E-5 9.55917E-5 9.62016E-5 8.58637E-5 8.86388E-5 9.04425E-5 8.9908E-5 9.17787E-5 9.53117E-5 1.00442E-4 9.26075E-5 9.16587E-5 1.04689E-4 1.08856E-4 1.05333E-4 1.00737E-4 1.02172E-4 1.37259E-4 1.42697E-4
3.2832E-4 7.63545E-5 7.9717E-5 9.78119E-5 9.94997E-5 1.68634E-4 1.67474E-4 1.81201E-4 2.98154E-4 6.53768E-4 4.73152E-4 9.74607E-5 2.15947E-4 3.01434E-4 3.12262E-4 7.16753E-5 7.18856E-5 9.67306E-5 9.78129E-5 7.40089E-5 7.36324E-5 7.9304E-5 7.92099E-5 6.79434E-5 7.04879E-5 7.05201E-5 6.98417E-5 6.79353E-5 7.05311E-5 7.43311E-5 7.56789E-5 7.86945E-5 7.85001E-5 8.83314E-5 1.02002E-4 7.25858E-5 4.67581E-5 6.44139E-5 6.48466E-5 6.51493E-5 7.45044E-5 7.56699E-5 1.17058E-4 1.06299E-4 8.22003E-5 9.64656E-5 1.00301E-4 8.78717E-5 8.67473E-5 8.79754E-5 8.63521E-5 9.2492E-5 1.06249E-4 1.00338E-4 8.85063E-5 9.24038E-5 9.89312E-5 9.9636E-5 9.33245E-5 9.85064E-5 1.01715E-4 1.20245E-4 1.36034E-4 1.3935E-4 1.54576E-4 1.49604E-4
8.72192E-5 7.13058E-5 7.44902E-5 7.64306E-5 8.19169E-5 1.65434E-4 2.06914E-4 1.93559E-4 1.88699E-4 2.55349E-4 7.78023E-5 1.29848E-4 1.24364E-4 7.59565E-5 1.02436E-4 7.75123E-5 1.26401E-4 5.45076E-4 1.76173E-4 9.46743E-5 7.00027E-5 7.43299E-5 7.50117E-5 6.75797E-5 6.69692E-5 6.85838E-5 6.60247E-5 6.71801E-5 6.71197E-5 8.35769E-5 9.87341E-5 9.65191E-5 7.79336E-5 7.96382E-5 1.12986E-4 8.03335E-5 6.26402E-5 7.4765E-5 7.63864E-5 7.86259E-5 9.24621E-5 9.25204E-5 1.26096E-4 8.77068E-5 8.44933E-5 1.02458E-4 1.22341E-4 1.06325E-4 8.28816E-5 8.34361E-5 9.00405E-5 9.73687E-5 1.09044E-4 1.06117E-4 8.52901E-5 8.60494E-5 9.42686E-5 9.59812E-5 1.11954E-4 9.59992E-5 1.09946E-4 1.06411E-4 1.17086E-4 1.47672E-4 1.50447E-4 1.36435E-4
7.04927E-5 6.85352E-5 7.30738E-5 7.43761E-5 7.36156E-5 1.53674E-4 1.55061E-4 1.67683E-4 1.61259E-4 7.67241E-5 7.87822E-5 1.56182E-4 8.23891E-5 6.18978E-5 6.62517E-5 7.11763E-5 6.95379E-5 1.45661E-4 2.8837E-4 2.57813E-4 7.14572E-5 7.12422E-5 6.5073E-5 6.29438E-5 6.12702E-5 6.38546E-5 6.88321E-5 6.67496E-5 6.73288E-5 7.56601E-5 1.13299E-4 7.9094E-5 7.96617E-5 8.2483E-5 8.39041E-5 8.82145E-5 6.29809E-5 6.9779E-5 7.31222E-5 6.86893E-5 6.87164E-5 7.49567E-5 9.53523E-5 7.93748E-5 9.12508E-5 9.7786E-5 1.81158E-4 1.35171E-4 8.84459E-5 8.67579E-5 9.21643E-5 9.48767E-5 1.39773E-4 1.45792E-4 9.81899E-5 8.80608E-5 9.35958E-5 9.53945E-5 1.07613E-4 9.56976E-5 1.00462E-4 1.08125E-4 1.10355E-4 1.39416E-4 1.47872E-4 1.38446E-4
1.12631E-4 1.0208E-4 1.01261E-4 1.03968E-4 1.01526E-4 7.19187E-5 7.84624E-5 7.6061E-5 7.57066E-5 7.53404E-5 9.24004E-5 1.87632E-4 6.35241E-5 5.9257E-5 6.88182E-5 6.29854E-5 6.32067E-5 6.64233E-5 1.23703E-4 8.1387E-5 7.3302E-5 6.83672E-5 6.42371E-5 6.46202E-5 6.27595E-5 6.77753E-5 7.09096E-5 7.27269E-5 7.49404E-5 7.88282E-5 7.86899E-5 7.60396E-5 7.37531E-5 8.25539E-5 8.16242E-5 8.2839E-5 9.0889E-5 6.33654E-5 6.32996E-5 7.78739E-5 7.14388E-5 8.06764E-5 9.69982E-5 8.87407E-5 9.57466E-5 9.82983E-5 1.06213E-4 1.2612E-4 1.05196E-4 9.48506E-5 9.41683E-5 9.30381E-5 1.21538E-4 1.50059E-4 1.48514E-4 1.07621E-4 9.47637E-5 9.54523E-5 9.53957E-5 9.66603E-5 9.40781E-5 1.01031E-4 9.93198E-5 1.2671E-4 1.18324E-4 1.05009E-4
1.38338E-4 1.02532E-4 1.03671E-4 1.01043E-4 1.05123E-4 1.07843E-4 7.19861E-5 7.12423E-5 7.33486E-5 7.19517E-5 7.93794E-5 4.13543E-4 1.51615E-4 5.71324E-5 8.22114E-5 6.26243E-5 6.14047E-5 6.61266E-5 7.20133E-5 7.55526E-5 7.03443E-5 6.7693E-5 6.59655E-5 6.46687E-5 6.22418E-5 6.4507E-5 6.96594E-5 6.62479E-5 6.87213E-5 7.55061E-5 7.84396E-5 7.61909E-5 1.45296E-4 1.01781E-4 9.01055E-5 8.68757E-5 8.24718E-5 8.79338E-5 6.24866E-5 8.33186E-5 9.45842E-5 9.81311E-5 1.10686E-4 1.61129E-4 9.74296E-5 9.49394E-5 1.09913E-4 1.1181E-4 1.12085E-4 1.00882E-4 9.66663E-5 9.49641E-5 1.06395E-4 1.08819E-4 1.17764E-4 1.36822E-4 1.17366E-4 9.24527E-5 9.09427E-5 9.37344E-5 9.60591E-5 9.29389E-5 8.68088E-5 9.75121E-5 1.18343E-4 1.07041E-4
1.52697E-4 8.95154E-5 9.0885E-5 9.81211E-5 1.10192E-4 9.92834E-5 6.88399E-5 7.06906E-5 1.18395E-4 1.40836E-4 2.63798E-4 2.63343E-4 3.24021E-4 3.51089E-4 3.77906E-4 3.42253E-4 1.42471E-4 6.6232E-5 1.42191E-4 2.22149E-4 9.84491E-5 6.56735E-5 6.38037E-5 6.50332E-5 6.48167E-5 5.47231E-5 6.11104E-5 6.30048E-5 6.74119E-5 6.91432E-5 7.17973E-5 7.29497E-5 8.1322E-5 9.0087E-5 9.05567E-5 8.5751E-5 8.02843E-5 9.32946E-5 9.79706E-5 9.90524E-5 1.06994E-4 8.3043E-5 8.75311E-5 1.05938E-4 1.0761E-4 1.06533E-4 1.08288E-4 1.24264E-4 1.32249E-4 1.19583E-4 9.5015E-5 9.42859E-5 1.02769E-4 1.13103E-4 1.09581E-4 1.27819E-4 6.2803E-4 1.25294E-4 8.10391E-5 8.57536E-5 8.41609E-5 8.30486E-5 9.38753E-5 9.65384E-5 1.24062E-4 -9999
1.74345E-4 1.25577E-4 9.08796E-5 9.64405E-5 9.58138E-5 1.23116E-4 1.08002E-4 9.00691E-5 4.90382E-4 1.76663E-4 3.22526E-4 4.09045E-4 3.28292E-4 2.02675E-4 1.57136E-4 2.21954E-4 3.95674E-4 1.23503E-4 8.97779E-5 1.33919E-4 2.68816E-4 1.34088E-4 1.2024E-4 8.53159E-5 8.52903E-5 1.52216E-4 7.64766E-5 6.30333E-5 6.87332E-5 7.53016E-5 6.61398E-5 7.13497E-5 9.21584E-5 8.8297E-5 1.15547E-4 1.24633E-4 7.99525E-5 1.15729E-4 1.26933E-4 1.42527E-4 1.14513E-4 1.04443E-4 1.10683E-4 5.69155E-4 1.07443E-4 1.21229E-4 1.19965E-4 1.31993E-4 1.12734E-4 1.02798E-4 9.43076E-5 9.27934E-5 1.03934E-4 1.1434E-4 9.69621E-5 8.46072E-5 2.34708E-3 1.82349E-4 1.1078E-4 8.67682E-5 8.50905E-5 8.29328E-5 1.03641E-4 1.06465E-4 9.83719E-5 1.00529E-4
1.2378E-4 1.16682E-4 9.37262E-5 9.68604E-5 9.53883E-5 1.35247E-4 1.28119E-4 3.87735E-4 3.8322E-4 4.3324E-4 4.80871E-4 2.87687E-4 9.73099E-5 9.64191E-5 8.05411E-5 6.84664E-5 6.58152E-5 7.00094E-5 9.26767E-5 3.91146E-4 4.30039E-4 5.73258E-4 1.35256E-4 2.62853E-4 9.92281E-5 1.44227E-4 6.21789E-5 6.34114E-5 6.80725E-5 6.46075E-5 6.57214E-5 7.96935E-5 9.19685E-5 1.33616E-4 1.06418E-4 1.05541E-4 1.30486E-4 1.75515E-4 2.08482E-4 2.44618E-4 1.63291E-4 1.73027E-4 1.50245E-4 1.14947E-3 1.15301E-4 1.02517E-4 1.25719E-4 1.35295E-4 1.31858E-4 1.06085E-4 1.06736E-4 1.03457E-4 8.6107E-5 8.60902E-5 8.44579E-5 8.35529E-5 9.41386E-5 2.01273E-4 9.96384E-5 1.09383E-4 1.31918E-4 9.31978E-5 9.37895E-5 1.24696E-4 1.08312E-4 1.52465E-4
8.27684E-5 1.16309E-4 9.46486E-5 9.76361E-5 9.3612E-5 2.20137E-4 1.72689E-4 4.98018E-4 3.41433E-4 2.47653E-4 4.12339E-4 2.31747E-4 9.78859E-5 1.29203E-4 8.57116E-5 8.07913E-5 6.48919E-5 6.53634E-5 7.09643E-5 1.78221E-4 1.20767E-4 6.48148E-5 1.33655E-4 1.75856E-4 2.49024E-4 7.67717E-5 6.77856E-5 6.50359E-5 6.61532E-5 1.03969E-4 8.67143E-5 9.49952E-5 1.27551E-4 1.33765E-4 1.35684E-4 1.3394E-4 1.41537E-4 1.85787E-4 2.03072E-4 3.11633E-4 5.5096E-4 2.31823E-4 5.65144E-4 2.30437E-3 3.33301E-3 9.32926E-5 1.25685E-4 1.39892E-4 1.35967E-4 1.855E-4 1.10158E-4 1.02101E-4 9.97971E-5 8.49597E-5 8.48387E-5 8.30146E-5 9.05831E-5 9.72027E-5 1.06597E-4 1.23058E-4 1.06053E-4 1.01176E-4 1.12662E-4 1.16845E-4 1.09356E-4 1.40145E-4
8.06906E-5 1.65188E-4 9.97919E-5 1.02212E-4 1.06462E-4 2.28116E-4 2.79864E-4 1.72951E-4 9.91872E-5 2.4423E-4 1.50591E-4 5.99593E-5 1.63671E-4 3.32579E-4 8.80699E-5 7.15239E-5 9.32066E-5 6.89635E-5 6.8691E-5 6.71869E-5 9.68476E-5 3.11143E-4 6.98897E-5 6.4546E-5 1.10113E-4 7.17459E-5 6.43909E-5 6.30617E-5 6.57922E-5 1.50124E-4 9.49167E-5 8.75314E-5 1.17066E-4 1.24442E-4 1.47351E-4 1.61287E-4 1.95282E-4 2.0101E-4 1.71722E-4 2.10108E-4 5.05026E-4 8.36449E-4 1.28723E-3 8.10062E-4 3.70629E-5 1.41554E-4 1.10949E-4 1.02062E-4 1.18094E-4 1.74505E-4 8.62979E-5 8.34208E-5 8.7808E-5 8.35534E-5 8.34022E-5 8.22477E-5 5.81905E-5 7.44515E-5 8.12269E-5 8.8408E-5 9.95263E-5 1.10321E-4 9.18601E-5 1.18495E-4 1.06695E-4 1.03908E-4
7.75817E-5 8.78808E-5 1.47008E-4 2.97431E-4 1.35977E-4 9.58202E-5 8.80258E-5 8.86025E-5 1.06557E-4 5.69164E-4 2.16281E-4 2.10573E-4 1.01209E-3 1.87423E-4 6.81892E-5 8.69092E-5 9.71009E-5 9.67093E-5 1.5816E-4 8.59232E-5 3.89316E-4 2.5595E-4 7.6159E-5 6.06981E-5 6.62794E-5 7.43012E-5 6.71024E-5 6.38772E-5 6.33217E-5 1.09857E-4 9.54377E-5 9.65637E-5 1.13737E-4 1.23743E-4 1.35045E-4 1.53073E-4 1.95975E-4 5.11263E-4 4.20088E-4 3.11733E-4 2.80871E-4 2.01064E-3 1.2701E-3 3.0977E-5 2.21224E-4 1.51352E-4 1.55917E-4 1.15342E-4 1.08284E-4 -9999 8.22688E-5 8.67732E-5 8.41178E-5 7.84525E-5 6.26964E-5 6.09147E-5 5.4086E-5 5.28526E-5 6.0264E-5 1.00696E-4 1.01492E-4 1.11121E-4 1.03902E-4 1.10096E-4 8.76561E-5 9.72624E-5
7.57816E-5 8.24719E-5 8.53043E-5 9.49441E-5 8.02354E-5 7.84842E-5 1.12183E-4 1.31283E-4 8.48577E-5 5.34003E-4 4.42975E-4 8.87371E-4 3.19929E-4 2.90944E-4 1.19014E-4 6.06168E-5 6.5962E-5 8.95874E-5 1.01119E-4 1.75344E-4 1.65355E-4 9.02267E-5 2.19355E-4 1.35135E-4 6.53658E-5 6.8382E-5 6.86542E-5 6.70402E-5 8.06641E-5 8.82779E-5 9.61951E-5 1.06334E-4 1.0202E-4 1.38034E-4 1.48568E-4 1.60937E-4 1.77797E-4 5.66089E-4 -9999 2.52365E-4 3.30811E-4 3.44735E-4 2.62235E-4 1.58174E-3 1.11306E-4 1.2282E-4 1.69074E-4 1.99457E-4 9.59335E-5 -9999 7.70104E-5 8.40148E-5 -9999 6.68236E-5 4.55038E-5 -9999 5.13766E-5 5.46436E-5 5.07608E-5 8.29239E-5 9.70948E-5 1.03151E-4 1.02627E-4 8.98478E-5 8.39614E-5 8.29572E-5
7.46843E-5 7.77527E-5 7.44154E-5 8.09303E-5 9.11774E-5 7.77179E-5 1.39718E-4 9.11019E-5 4.52171E-4 5.9743E-4 2.73295E-4 6.89234E-4 2.41786E-4 1.71818E-4 2.08152E-4 1.26747E-4 5.84745E-5 8.76386E-5 9.50363E-5 1.139E-4 2.31961E-4 3.47907E-4 1.12706E-4 6.89811E-5 6.89594E-5 6.93359E-5 6.77529E-5 6.20588E-5 6.60232E-5 8.51365E-5 1.07039E-4 4.23852E-4 2.46586E-4 1.67333E-4 1.42343E-4 1.50057E-4 1.71287E-4 1.33277E-4 -9999 1.05761E-4 1.43834E-4 3.00639E-4 2.38802E-4 4.53441E-4 1.46273E-4 1.63937E-4 9.71002E-5 8.93624E-5 8.63977E-5 8.24481E-5 -9999 4.98153E-5 4.7004E-5 4.91028E-5 4.29076E-5 4.44324E-5 4.86525E-5 -9999 4.8076E-5 5.072E-5 -9999 8.71521E-5 8.94258E-5 -9999 8.47562E-5 7.93526E-5
7.50204E-5 7.66271E-5 7.65227E-5 9.199E-5 1.8724E-4 1.76342E-4 4.36691E-4 8.29293E-4 3.55354E-4 4.82809E-4 4.78979E-4 1.76401E-4 1.45638E-4 1.32531E-4 1.31757E-4 1.34403E-4 1.75329E-4 2.35374E-4 9.52223E-5 9.46879E-5 1.24232E-4 3.36909E-4 1.64333E-4 6.04274E-5 5.95894E-5 6.44778E-5 5.74384E-5 5.70392E-5 5.74322E-5 9.09476E-5 9.54709E-5 1.08297E-4 9.03187E-5 1.02133E-4 9.79461E-5 1.01238E-4 1.44894E-4 1.53762E-4 1.6932E-4 -9999 1.30599E-4 1.05182E-4 1.52415E-4 2.65465E-4 1.90382E-4 1.49804E-4 8.48503E-5 7.95626E-5 7.78451E-5 -9999 7.20801E-5 5.20293E-5 4.50609E-5 4.48965E-5 4.02871E-5 4.18142E-5 4.5975E-5 4.48505E-5 4.58937E-5 4.84487E-5 -9999 8.18349E-5 8.50713E-5 6.98275E-5 8.42969E-5 8.25739E-5
1.16308E-4 1.65751E-4 3.63497E-4 1.45725E-4 9.31671E-5 6.48933E-4 6.42748E-4 9.04545E-4 4.16604E-4 3.30944E-4 3.08509E-4 5.71368E-4 1.33603E-4 1.76939E-4 6.77915E-5 6.78767E-5 1.39744E-4 1.1188E-4 9.73781E-5 1.54761E-4 1.04134E-4 1.54025E-4 2.24088E-4 6.16697E-5 6.18182E-5 7.67757E-5 6.01883E-5 7.16592E-5 6.09089E-5 4.45936E-5 7.22444E-5 7.603E-5 8.50447E-5 8.561E-5 9.80371E-5 9.74989E-5 1.32437E-4 1.40838E-4 1.59537E-4 1.59922E-4 1.15589E-4 -9999 1.56344E-4 1.31883E-4 1.46162E-4 1.49149E-4 7.76411E-5 7.74617E-5 5.16892E-5 5.00804E-5 4.82932E-5 5.85459E-5 4.49112E-5 -9999 3.75236E-5 3.90644E-5 4.25073E-5 4.18077E-5 4.30305E-5 4.59193E-5 4.5353E-5 6.73536E-5 -9999 6.86818E-5 6.68417E-5 7.16547E-5
1.4446E-3 1.55002E-3 4.15284E-4 1.51852E-4 8.19811E-5 3.35899E-4 3.55342E-4 5.31422E-4 3.64598E-4 3.33905E-4 5.035E-4 1.18127E-4 1.04162E-4 1.01834E-4 9.78299E-5 8.62623E-5 1.15818E-4 1.19237E-4 3.67638E-4 1.6262E-4 1.89259E-4 2.87131E-4 1.38287E-4 9.89948E-5 4.18552E-5 4.37965E-5 4.72754E-5 9.21288E-5 7.39144E-5 7.37311E-5 5.20028E-5 8.03184E-5 8.81714E-5 9.79399E-5 1.08151E-4 1.12701E-4 1.1892E-4 1.27211E-4 1.15185E-4 -9999 1.01847E-4 -9999 1.42109E-4 1.26795E-4 8.78841E-5 1.17176E-4 6.54034E-5 6.92545E-5 5.1003E-5 4.88897E-5 4.72862E-5 4.57371E-5 4.33942E-5 4.058E-5 -9999 3.65051E-5 -9999 3.84713E-5 -9999 4.1395E-5 -9999 6.26102E-5 6.55177E-5 4.30149E-5 4.13967E-5 4.12842E-5
2.71927E-4 1.23355E-3 6.24245E-4 3.97624E-4 2.58083E-4 6.85583E-5 1.84752E-4 6.31983E-4 3.21331E-4 2.12115E-4 2.83613E-4 1.47021E-4 1.01971E-4 1.0147E-4 9.54504E-5 9.15724E-5 9.19227E-5 9.22603E-5 9.97261E-5 1.90359E-4 3.06722E-4 2.89985E-4 1.89993E-4 2.50431E-4 4.18364E-5 4.27036E-5 4.37084E-5 5.95343E-5 5.83222E-5 4.56751E-5 5.23948E-5 5.50669E-5 1.00183E-4 1.38877E-4 1.12254E-4 1.1292E-4 9.39004E-5 1.28158E-4 1.07122E-4 1.8066E-4 -9999 1.02088E-4 8.32295E-5 1.09792E-4 8.48159E-5 6.5676E-5 -9999 -9999 4.84856E-5 4.66262E-5 4.50029E-5 -9999 4.16657E-5 3.91656E-5 -9999 3.36151E-5 -9999 3.53824E-5 -9999 3.89181E-5 4.06687E-5 -9999 -9999 -9999 3.81091E-5 -9999
4.64954E-4 6.14405E-4 4.74791E-4 1.79229E-4 7.47261E-5 4.65961E-5 4.84428E-4 8.15416E-4 2.86909E-4 2.7001E-4 2.86305E-4 2.07133E-4 9.94959E-5 1.00008E-4 9.55066E-5 8.3378E-5 9.04822E-5 9.14563E-5 1.99729E-4 1.77765E-4 4.61151E-4 4.11545E-4 9.63084E-4 3.82259E-4 5.28056E-5 7.2402E-5 9.45842E-5 5.78913E-5 6.31294E-5 6.03703E-5 6.11628E-5 5.66775E-5 6.65158E-5 1.16086E-4 1.0248E-4 9.88308E-5 9.19956E-5 8.49897E-5 1.03337E-4 -9999 -9999 -9999 6.47252E-5 6.46982E-5 -9999 5.65465E-5 6.21858E-5 -9999 4.70054E-5 4.48773E-5 4.27095E-5 -9999 -9999 -9999 -9999 3.07247E-5 -9999 -9999 3.29162E-5 3.55536E-5 -9999 -9999 -9999 -9999 3.45739E-5 -9999
8.00414E-5 2.95114E-4 1.97288E-4 1.25071E-4 5.15281E-5 4.51815E-5 1.0694E-4 6.8709E-4 6.97566E-4 3.56186E-4 3.80025E-4 3.19923E-4 9.58821E-5 9.51701E-5 8.49727E-5 8.27817E-5 8.47316E-5 1.10357E-4 3.56795E-4 1.60738E-4 1.53565E-4 4.19874E-4 6.06046E-4 1.28417E-4 4.53054E-5 5.1797E-5 1.12635E-4 6.58146E-5 5.28065E-5 6.97105E-5 6.30978E-5 6.30346E-5 7.31999E-5 7.52565E-5 1.08269E-4 9.66716E-5 1.0237E-4 8.11051E-5 -9999 -9999 -9999 -9999 6.24782E-5 1.1877E-4 -9999 -9999 -9999 -9999 4.49974E-5 4.29951E-5 -9999 -9999 -9999 -9999 -9999 2.89277E-5 -9999 -9999 -9999 -9999 -9999 -9999 -9999 -9999 -9999 -9999
2.3022E-4 5.2454E-4 1.5403E-4 1.67746E-4 1.20885E-4 7.01128E-5 4.442E-4 6.61346E-4 3.13778E-4 1.07894E-4 1.34788E-4 2.43816E-4 9.32308E-5 8.81546E-5 8.00734E-5 8.67516E-5 9.01693E-5 1.35048E-4 2.48365E-4 1.73437E-4 1.36533E-4 6.01998E-4 2.21788E-4 6.38656E-5 4.39828E-5 4.93884E-5 5.02178E-5 5.14758E-5 5.51138E-5 5.86377E-5 5.9047E-5 6.28662E-5 6.52949E-5 6.42823E-5 6.23324E-5 9.61698E-5 1.50313E-4 -9999 -9999 -9999 7.55956E-5 -9999 7.42441E-5 -9999 -9999 5.69473E-5 -9999 -9999 -9999 -9999 3.87327E-5 -9999 -9999 -9999 -9999 -9999 -9999 -9999 -9999 -9999 -9999 -9999 -9999 -9999 -9999 -9999
4.63931E-4 2.98212E-4 2.23329E-4 1.21876E-4 1.57949E-4 1.58754E-4 3.15842E-4 8.17077E-4 5.19165E-4 1.61901E-4 2.0047E-4 3.58296E-4 1.89969E-4 1.40748E-4 8.42734E-5 7.8877E-5 8.05524E-5 8.32593E-5 1.99268E-4 3.50049E-4 2.72494E-4 5.67026E-4 1.25225E-4 6.19543E-5 4.40172E-5 4.82568E-5 5.88826E-5 5.40796E-5 5.9049E-5 5.89787E-5 6.26189E-5 6.24541E-5 6.33204E-5 -9999 -9999 -9999 -9999 -9999 -9999 -9999 -9999 -9999 -9999 -9999 -9999 5.33579E-5 -9999 -9999 -9999 -9999 -9999 -9999 -9999 -9999 -9999 -9999 -9999 -9999 -9999 -9999 -9999 -9999 -9999 -9999 -9999 -9999
