catData/rasterBestHybridModels/Fchaus/RD_RM2_LQ/Fchaus_median.asc
ncols         409
nrows         350
xllcorner     60.897278365
yllcorner     5.843756025
cellsize      0.0892857
NODATA_value  -9999
[rows 203 to 231 of 350, columns 198 to 263 of 409]
1.66003E-5 1.49352E-5 1.47754E-5 2.28938E-5 1.5026E-5 1.71066E-5 1.59504E-5 1.89499E-5 1.34306E-4 1.26138E-4 1.26888E-4 1.62844E-5 3.03345E-5 3.17814E-5 2.64235E-5 2.20641E-5 7.53379E-5 3.87828E-5 9.57549E-5 1.28001E-4 5.14915E-4 2.74215E-4 7.56345E-4 5.52413E-4 1.17907E-4 4.22202E-5 2.73422E-4 2.87023E-4 1.49062E-4 1.08633E-4 5.6975E-5 5.56216E-5 6.1733E-5 7.42964E-5 7.86614E-5 7.53433E-5 9.27657E-5 1.37845E-4 1.89396E-4 4.02821E-4 3.39763E-4 1.06953E-4 1.10572E-4 1.1304E-4 1.1573E-4 2.78826E-4 2.05223E-4 1.15675E-4 1.09403E-4 9.67582E-5 2.57951E-4 2.78361E-4 1.4275E-4 2.56637E-4 1.00119E-4 1.52343E-4 1.24919E-4 1.2337E-4 1.12275E-4 1.88771E-4 9.5431E-4 6.94119E-4 1.36841E-4 3.04041E-4 1.23508E-4 2.5443E-4
2.08772E-5 2.1033E-5 1.84992E-5 1.8208E-5 2.31089E-5 1.70171E-5 1.67992E-5 1.74237E-5 2.15823E-5 2.18489E-5 9.0065E-5 2.86303E-5 2.81296E-5 2.6526E-5 2.48292E-5 2.1266E-5 3.42578E-5 1.30349E-4 1.58506E-4 1.14092E-4 8.17847E-5 1.77914E-4 7.64198E-4 3.23634E-4 2.0213E-4 5.41609E-5 1.01148E-4 1.40076E-4 3.50501E-4 1.85049E-4 8.70238E-5 1.41649E-4 6.5892E-5 7.03901E-5 8.46879E-5 2.81811E-4 2.96094E-4 1.74264E-4 1.88517E-4 1.64341E-4 2.6235E-4 7.90416E-5 1.10545E-4 1.30322E-4 1.21493E-4 1.34965E-4 9.54063E-5 1.07279E-4 1.01854E-4 1.73583E-4 7.42114E-4 2.42685E-4 1.56073E-4 1.85645E-4 7.57428E-5 6.77552E-5 2.08497E-4 2.80911E-4 3.54037E-4 6.85184E-5 1.335E-4 1.29406E-4 7.21984E-5 7.11942E-5 1.15638E-4 1.31456E-4
2.44462E-5 2.13014E-5 1.87193E-5 2.62193E-5 2.24677E-5 1.78289E-5 1.79433E-5 1.76684E-5 2.95377E-5 3.15923E-5 2.30995E-5 2.78745E-5 3.14254E-5 2.46284E-5 3.72243E-5 3.73278E-5 2.57972E-5 2.26122E-5 2.3908E-5 1.3176E-4 1.55211E-4 1.39457E-4 1.12476E-4 6.7174E-4 1.78203E-4 1.69544E-4 9.69547E-5 9.22954E-5 3.18347E-4 3.62929E-4 8.068E-5 7.09485E-5 1.07724E-4 1.28234E-4 8.62984E-5 1.65123E-4 1.60423E-4 2.41655E-4 4.83619E-4 1.56484E-4 1.4826E-4 7.92882E-5 7.70148E-5 9.2648E-5 2.05639E-4 9.94607E-5 1.25501E-4 1.28477E-4 1.46231E-4 2.24221E-4 3.60408E-4 2.11126E-4 1.53982E-4 1.15048E-4 7.3626E-5 7.12615E-5 7.11515E-5 1.79965E-4 1.49221E-4 5.01691E-5 4.9492E-5 6.56622E-5 7.15444E-5 1.14291E-4 8.9272E-5 6.66638E-5
1.65563E-4 1.94805E-5 2.07172E-5 2.28668E-5 1.91617E-5 1.95123E-5 1.85093E-5 1.81033E-5 2.05005E-5 2.14111E-5 4.30562E-5 8.61536E-5 2.80082E-5 2.63213E-5 2.31383E-5 3.90164E-5 3.94004E-5 6.26285E-5 2.82433E-5 1.05709E-4 1.02288E-4 2.49767E-4 1.66296E-4 3.00133E-4 2.3286E-4 2.01309E-4 4.39668E-4 3.42167E-4 4.18174E-4 3.47639E-4 7.15235E-5 7.24758E-5 6.78254E-5 1.07596E-4 6.50814E-5 6.45357E-5 5.71825E-5 9.7599E-5 1.4799E-4 6.85488E-5 9.06291E-5 1.91198E-4 2.97893E-4 1.45739E-4 1.61489E-4 1.41186E-4 1.43715E-4 1.30538E-4 1.64435E-4 2.30002E-4 8.96758E-4 1.62011E-4 1.1757E-4 7.52405E-5 6.718E-5 4.7503E-5 5.2373E-5 7.42754E-5 8.59075E-5 8.17627E-5 6.95812E-5 9.22776E-5 1.57879E-4 9.23369E-5 5.9459E-5 -9999
1.39035E-4 1.03127E-4 9.43713E-5 1.90686E-5 1.91336E-5 2.00923E-5 2.01585E-5 1.87583E-5 1.96943E-5 1.96135E-5 3.75303E-5 9.35355E-5 8.55805E-5 2.76958E-5 2.80331E-5 2.21224E-5 5.45893E-5 1.50968E-4 5.10314E-4 2.62747E-4 5.85279E-5 2.18385E-4 1.82298E-4 1.36623E-4 3.44103E-4 1.69167E-4 1.63028E-4 3.54729E-4 2.69827E-4 3.97196E-4 1.64519E-4 9.73369E-5 9.59064E-5 7.38926E-5 7.98426E-5 4.65053E-5 4.69434E-5 4.59983E-5 6.54522E-5 8.20026E-5 7.24422E-5 1.79101E-4 1.02592E-4 9.40516E-5 8.81173E-5 1.29434E-4 1.54844E-4 1.35523E-4 1.38113E-4 1.48032E-4 2.60788E-4 1.11661E-4 1.5518E-4 8.58707E-5 6.67592E-5 6.59912E-5 4.52662E-5 4.94683E-5 5.60124E-5 8.67097E-5 5.62036E-5 4.77741E-5 5.68149E-5 5.65846E-5 -9999 -9999
1.17582E-4 1.0537E-4 1.01101E-4 8.8969E-5 1.87093E-5 2.72182E-5 4.17271E-5 2.3132E-5 1.99078E-5 1.82967E-5 9.25955E-5 8.93295E-5 8.4031E-5 8.62562E-5 7.31592E-5 5.37815E-5 2.49894E-5 1.03025E-4 7.60028E-4 1.56373E-4 5.35256E-5 8.79251E-5 4.1183E-4 3.38625E-4 5.5893E-4 1.44619E-4 5.56116E-5 8.28345E-5 2.80696E-4 2.24924E-4 2.78801E-4 8.54026E-5 6.57983E-5 4.42776E-5 5.45881E-5 4.27807E-5 4.4939E-5 4.68226E-5 7.19945E-5 6.3922E-5 5.11692E-5 3.07727E-4 3.26151E-4 1.27365E-4 1.02851E-4 1.14032E-4 1.44933E-4 1.44462E-4 1.16938E-4 1.27834E-4 1.26419E-4 1.06868E-4 1.02799E-4 7.41667E-5 8.01409E-5 6.8472E-5 5.73219E-5 4.70985E-5 4.77319E-5 4.2627E-5 5.91647E-5 5.2617E-5 5.0416E-5 -9999 -9999 -9999
1.13504E-4 1.03974E-4 1.02703E-4 9.58367E-5 1.90248E-5 2.73717E-5 2.91495E-5 1.98444E-5 1.96539E-5 3.66693E-5 9.82593E-5 9.08261E-5 9.36518E-5 8.68816E-5 1.13504E-4 8.8994E-5 3.05089E-5 3.32083E-4 8.49945E-4 2.01273E-4 8.97901E-5 4.48293E-5 1.16506E-4 1.47402E-4 5.6413E-4 2.79352E-4 9.47283E-5 5.63638E-5 4.48732E-5 1.4597E-4 3.63548E-4 1.94049E-4 6.58885E-5 4.04946E-5 4.48371E-5 4.36487E-5 9.50281E-5 1.03268E-4 7.18677E-5 4.59196E-5 9.65167E-5 2.28338E-4 2.3745E-4 1.41799E-4 9.13205E-5 1.06953E-4 1.48579E-4 1.50058E-4 3.39202E-4 5.25746E-4 5.7984E-4 5.73216E-4 1.31869E-4 7.21122E-5 6.8325E-5 8.55911E-5 5.60325E-5 4.82168E-5 5.48063E-5 7.75308E-5 6.8869E-5 5.35988E-5 -9999 -9999 -9999 -9999
1.23261E-4 1.20947E-4 1.11168E-4 9.08393E-5 8.36188E-5 1.7264E-5 1.95234E-5 1.9858E-5 1.98414E-5 3.95163E-5 1.06715E-4 9.73993E-5 9.01162E-5 9.46322E-5 9.18269E-5 2.56378E-5 9.71479E-5 2.77007E-4 1.13198E-4 7.20924E-4 1.27718E-4 4.88113E-5 7.42024E-5 2.13634E-4 4.58749E-4 9.22086E-4 5.03369E-4 1.24289E-4 1.05116E-4 1.17063E-4 4.8793E-4 3.35519E-4 1.16351E-4 3.67264E-5 4.68606E-5 1.10556E-4 5.71107E-5 5.89595E-5 7.58589E-5 1.03865E-4 1.98125E-4 1.67405E-4 1.43352E-4 8.9033E-5 1.02517E-4 2.43573E-4 2.08237E-4 2.07784E-4 1.53889E-4 2.80295E-4 6.53497E-4 2.94314E-4 8.23906E-5 7.16083E-5 7.46336E-5 7.468E-5 5.10003E-5 4.87988E-5 5.91992E-5 9.61668E-5 5.57425E-5 -9999 -9999 -9999 -9999 -9999
1.32048E-4 1.31792E-4 1.24532E-4 9.8965E-5 8.86551E-5 1.72394E-5 1.9026E-5 1.95741E-5 2.03652E-5 4.53788E-5 1.08962E-4 1.05869E-4 1.04141E-4 9.60452E-5 8.89457E-5 8.7384E-5 3.11107E-5 1.05274E-4 3.85522E-4 3.36672E-4 1.1633E-4 6.87524E-5 6.45609E-5 6.18768E-5 2.15843E-4 3.76051E-4 1.47067E-4 1.92172E-4 5.78325E-5 9.17749E-5 4.6766E-5 6.51471E-5 4.14961E-5 8.31726E-5 3.82855E-4 1.86734E-4 5.196E-5 5.74468E-5 4.98548E-5 1.41412E-4 1.29287E-4 2.55076E-4 3.05901E-4 1.3407E-4 1.5283E-4 1.80016E-4 2.30818E-4 2.40997E-4 5.41835E-4 5.95739E-4 3.36655E-4 2.77344E-4 1.08391E-4 7.28342E-5 7.37751E-5 7.72502E-5 4.85231E-5 4.54629E-5 4.85798E-5 6.86401E-5 -9999 -9999 -9999 -9999 -9999 -9999
1.31318E-4 1.3287E-4 1.43804E-4 1.13341E-4 1.03064E-4 1.00236E-4 1.97161E-5 2.03584E-5 3.79451E-5 1.0612E-4 1.07312E-4 1.08912E-4 1.07261E-4 1.04108E-4 9.49196E-5 9.92515E-5 3.04024E-5 1.24146E-4 3.74632E-4 1.19022E-3 1.90847E-4 1.40022E-4 1.09384E-4 6.53915E-5 1.62313E-4 8.73472E-5 1.48428E-4 1.75463E-4 9.10037E-5 5.62298E-5 3.70314E-5 3.88455E-5 4.37805E-5 6.58144E-5 6.81948E-5 4.42632E-5 6.89378E-5 1.15439E-4 3.16732E-4 1.11848E-4 1.19849E-4 5.60527E-4 3.67434E-4 9.55489E-5 1.39371E-4 1.41414E-4 6.15408E-4 3.50852E-4 1.35995E-3 8.44789E-4 2.99601E-4 1.26352E-4 7.1742E-5 1.3832E-4 1.09222E-4 9.041E-5 5.11158E-5 4.30324E-5 -9999 -9999 -9999 -9999 -9999 -9999 -9999 -9999
1.33581E-4 1.28907E-4 1.24249E-4 1.23614E-4 1.15143E-4 1.17088E-4 2.17451E-5 2.15862E-5 3.96237E-5 1.07291E-4 1.18176E-4 1.08265E-4 1.07086E-4 1.08054E-4 9.76558E-5 1.00507E-4 3.7352E-5 2.46764E-4 1.62317E-4 5.67777E-4 7.745E-4 3.19752E-4 1.39545E-4 9.02687E-5 7.27493E-5 1.01962E-4 2.48679E-4 2.19794E-4 4.65749E-4 2.37885E-4 9.04475E-5 4.17137E-5 3.89297E-5 4.50045E-5 5.23214E-5 6.53234E-5 1.61802E-4 3.36928E-4 3.44267E-4 1.51649E-4 3.60926E-4 4.93267E-4 2.91682E-4 2.07657E-4 1.29488E-4 4.01824E-4 1.18489E-3 6.23502E-4 5.39412E-4 3.04439E-4 1.31425E-4 7.31387E-5 7.13407E-5 1.27739E-4 7.15308E-5 7.19024E-5 -9999 -9999 -9999 -9999 -9999 -9999 -9999 -9999 -9999 -9999
1.38645E-4 1.3285E-4 1.18072E-4 1.20572E-4 1.22334E-4 1.23064E-4 2.17046E-5 2.2191E-5 3.9975E-5 1.07807E-4 1.09337E-4 1.07949E-4 1.18547E-4 1.1947E-4 1.33455E-4 1.14522E-4 1.02086E-4 1.26429E-4 3.24793E-4 1.52034E-4 3.62298E-4 3.00326E-4 5.8562E-4 4.84346E-4 1.06305E-4 9.83984E-5 2.5663E-4 5.36858E-4 1.11704E-3 4.76599E-4 1.19437E-4 3.7737E-5 3.4879E-5 3.56654E-5 5.64642E-5 9.3626E-5 1.37595E-4 2.0494E-4 2.81922E-4 3.50414E-4 2.28277E-4 6.01016E-4 1.45084E-4 1.34897E-4 5.26723E-4 8.94922E-4 3.57907E-4 1.80646E-4 1.30656E-4 8.59711E-5 6.68304E-5 7.42248E-5 1.16274E-4 7.71562E-5 6.63059E-5 -9999 -9999 -9999 -9999 -9999 -9999 -9999 -9999 -9999 -9999 -9999
1.45374E-4 1.43492E-4 1.29906E-4 1.3376E-4 1.29523E-4 1.27225E-4 1.27326E-4 4.09146E-5 1.12377E-4 1.08024E-4 1.0452E-4 1.06756E-4 1.0763E-4 1.07838E-4 1.06318E-4 1.02246E-4 1.87694E-4 8.53083E-5 2.89107E-4 2.37087E-4 2.03872E-4 1.44271E-4 2.3643E-4 5.39902E-4 2.80549E-4 8.70976E-5 9.58081E-5 6.49137E-4 4.11547E-4 3.51E-4 1.65678E-4 2.99145E-5 1.02828E-4 4.47318E-5 2.43395E-4 1.87835E-4 2.44175E-4 3.92081E-4 1.99857E-4 3.44983E-4 5.07139E-4 2.25992E-4 1.84457E-4 1.29129E-4 5.27636E-4 6.01843E-4 1.61841E-4 9.34649E-5 6.67671E-5 7.28463E-5 8.94491E-5 7.61798E-5 1.20514E-4 1.15737E-4 -9999 -9999 -9999 -9999 -9999 -9999 -9999 -9999 -9999 -9999 -9999 -9999
1.45265E-4 1.36493E-4 1.35291E-4 1.31965E-4 1.25844E-4 1.24805E-4 1.37831E-4 3.8765E-5 1.05968E-4 1.05748E-4 1.04351E-4 1.04797E-4 1.03111E-4 1.05398E-4 1.01889E-4 9.59255E-5 1.72806E-4 3.5764E-4 1.7253E-4 1.59853E-4 2.37154E-4 1.45402E-4 1.2336E-4 1.83E-4 3.30106E-4 9.90877E-5 1.16642E-4 7.36803E-5 4.29734E-4 1.85769E-4 1.56077E-4 5.60316E-5 3.7143E-4 1.17855E-4 1.24014E-4 1.02176E-4 2.23712E-4 2.26148E-4 3.7169E-4 2.97192E-4 5.11033E-4 2.57959E-4 3.08018E-4 3.09339E-4 1.57682E-4 1.96688E-4 1.2573E-4 9.39354E-5 8.32803E-5 9.48571E-5 7.24685E-5 1.27939E-4 9.67062E-5 1.10818E-4 -9999 -9999 -9999 -9999 -9999 -9999 -9999 -9999 -9999 -9999 -9999 -9999
1.51186E-4 1.44377E-4 1.31243E-4 1.23952E-4 1.22156E-4 1.25303E-4 1.26944E-4 3.70741E-5 1.01957E-4 1.01001E-4 1.0041E-4 1.00008E-4 1.00423E-4 1.03175E-4 1.02208E-4 1.01397E-4 1.00081E-4 1.24589E-4 1.18525E-4 1.25842E-4 1.39745E-4 1.41672E-4 1.09789E-4 3.9417E-5 6.25017E-5 3.07075E-5 1.04479E-4 1.02121E-4 3.50941E-4 1.10191E-3 1.88777E-4 8.90112E-5 1.55799E-4 2.19074E-4 7.94528E-5 7.75928E-5 9.56426E-5 2.13955E-4 6.32856E-4 3.9229E-4 1.83895E-4 2.51053E-4 1.80831E-4 1.68813E-4 1.24033E-4 1.00722E-4 7.35143E-5 1.07132E-4 1.15129E-4 1.12677E-4 1.23656E-4 2.66256E-3 4.28965E-3 -9999 -9999 -9999 -9999 -9999 -9999 -9999 -9999 -9999 -9999 -9999 -9999 -9999
2.00149E-4 1.53142E-4 1.27112E-4 1.31004E-4 1.21608E-4 1.17922E-4 3.7827E-5 3.56051E-5 9.75366E-5 9.73736E-5 9.6218E-5 9.79024E-5 9.85621E-5 9.98171E-5 1.02002E-4 1.06127E-4 9.89413E-5 9.75947E-5 1.1344E-4 1.01182E-4 1.44272E-4 9.02166E-5 1.05684E-4 3.36046E-5 8.91439E-5 1.11535E-4 2.99546E-4 1.59222E-4 1.19136E-4 9.42176E-5 9.3964E-5 5.09504E-4 6.04832E-4 1.78119E-4 5.0369E-5 1.23823E-4 1.46966E-4 6.72565E-4 2.41583E-4 4.04373E-4 2.57094E-4 2.58891E-4 1.72576E-4 1.52669E-4 1.37995E-4 7.0881E-5 9.3177E-5 2.51086E-4 1.05886E-4 8.06587E-5 -9999 -9999 -9999 -9999 -9999 -9999 -9999 -9999 -9999 -9999 -9999 -9999 -9999 -9999 -9999 -9999
4.29161E-4 1.82421E-4 1.24352E-4 1.35305E-4 1.28227E-4 1.1071E-4 3.46972E-5 9.68976E-5 9.47025E-5 9.56762E-5 9.44202E-5 9.39393E-5 9.57552E-5 9.64275E-5 9.65005E-5 9.94175E-5 9.80295E-5 9.32622E-5 9.48524E-5 9.6954E-5 1.07626E-4 1.06056E-4 1.0001E-4 1.72837E-4 2.58033E-4 1.19946E-4 4.6302E-4 1.04931E-3 3.93667E-4 8.96281E-5 1.95872E-4 3.06553E-4 2.93046E-4 1.15535E-4 1.22586E-4 1.7278E-4 3.41904E-4 2.72792E-4 3.1117E-4 1.5131E-4 2.26181E-4 2.76442E-4 2.22582E-4 7.60938E-5 7.10308E-5 3.32705E-4 1.86506E-4 6.64192E-5 5.11967E-5 -9999 -9999 -9999 -9999 -9999 -9999 -9999 -9999 -9999 -9999 -9999 -9999 -9999 -9999 -9999 -9999 -9999
2.43124E-4 1.67187E-4 1.22021E-4 1.20203E-4 1.13333E-4 1.04003E-4 3.35043E-5 9.44807E-5 9.14209E-5 8.98178E-5 8.88213E-5 8.89183E-5 8.99809E-5 9.23902E-5 9.45217E-5 9.52589E-5 9.4506E-5 9.46237E-5 1.03323E-4 1.10112E-4 1.32943E-4 9.16772E-5 9.34298E-5 1.26819E-4 8.37668E-5 1.16459E-4 4.64605E-4 9.02005E-4 1.14883E-4 2.05214E-4 3.85128E-4 7.57437E-4 1.9342E-4 2.00237E-4 1.34219E-4 1.91059E-4 7.34263E-5 1.14305E-4 2.10192E-4 2.60126E-4 2.30903E-4 1.26909E-4 6.34365E-5 1.4246E-4 1.09468E-4 7.17855E-5 5.43946E-5 -9999 -9999 -9999 -9999 -9999 -9999 -9999 -9999 -9999 -9999 -9999 -9999 -9999 -9999 -9999 -9999 -9999 -9999 -9999
1.45144E-4 1.37124E-4 1.25078E-4 1.16871E-4 1.08952E-4 1.05714E-4 3.27367E-5 9.24228E-5 8.87123E-5 8.55709E-5 8.37187E-5 8.43576E-5 8.56017E-5 8.72968E-5 9.01609E-5 9.12447E-5 9.11382E-5 9.80206E-5 1.77594E-4 1.72449E-4 9.21608E-5 1.28645E-4 1.79533E-4 6.43382E-5 7.85844E-5 1.7879E-4 1.56371E-4 1.78341E-4 1.55957E-4 1.07408E-4 1.97569E-4 1.67193E-4 1.57377E-4 1.08255E-4 2.258E-4 3.47232E-4 1.59906E-4 1.28499E-4 2.03309E-4 8.42449E-5 1.6859E-4 1.47416E-4 6.21442E-5 1.10809E-4 7.00643E-5 7.09981E-5 -9999 -9999 -9999 -9999 -9999 -9999 -9999 -9999 -9999 -9999 -9999 -9999 -9999 -9999 -9999 -9999 -9999 -9999 -9999 -9999
1.43665E-4 1.38026E-4 1.34246E-4 1.15109E-4 1.07093E-4 1.03125E-4 3.11447E-5 8.90026E-5 8.52645E-5 8.61233E-5 1.00627E-4 9.48366E-5 8.34527E-5 8.58064E-5 9.17306E-5 9.10367E-5 9.22139E-5 1.03739E-4 1.36384E-4 9.92495E-5 1.00663E-4 1.36203E-4 1.12201E-4 4.83722E-5 6.32045E-5 5.23408E-5 7.65519E-5 8.50469E-5 7.85983E-5 5.88594E-5 4.90524E-5 1.40031E-4 2.817E-4 1.24953E-4 1.21595E-4 1.16543E-4 7.99266E-5 3.56826E-4 1.32012E-4 1.28636E-4 4.78531E-5 6.81384E-5 5.64183E-5 5.46409E-5 -9999 -9999 -9999 -9999 -9999 -9999 -9999 -9999 -9999 -9999 -9999 -9999 -9999 -9999 -9999 -9999 -9999 -9999 -9999 -9999 -9999 -9999
1.44965E-4 1.31989E-4 1.24859E-4 1.01439E-4 8.82147E-5 2.88775E-5 8.71131E-5 8.7331E-5 8.07552E-5 8.0455E-5 8.10943E-5 1.03905E-4 8.53666E-5 8.73345E-5 9.17814E-5 1.00542E-4 1.11517E-4 9.71876E-5 9.59751E-5 9.76523E-5 1.00832E-4 9.95886E-5 9.97329E-5 4.65555E-5 4.51766E-5 6.96754E-5 7.47409E-5 9.14149E-5 5.5973E-5 5.72068E-5 5.87512E-5 6.22732E-5 6.21E-5 6.47738E-5 6.39854E-5 6.12027E-5 6.61283E-5 8.50795E-5 6.64537E-5 9.6278E-5 1.14177E-4 1.00972E-4 6.72156E-5 -9999 -9999 -9999 -9999 -9999 -9999 -9999 -9999 -9999 -9999 -9999 -9999 -9999 -9999 -9999 -9999 -9999 -9999 -9999 -9999 -9999 -9999 -9999
1.38006E-4 1.2482E-4 1.09593E-4 9.33582E-5 8.39487E-5 2.60569E-5 9.37394E-5 9.53047E-5 8.27159E-5 7.79218E-5 8.08135E-5 9.18955E-5 8.39628E-5 8.88031E-5 9.49442E-5 1.02549E-4 9.62313E-5 9.69367E-5 9.53E-5 9.29894E-5 9.4852E-5 9.86386E-5 5.36816E-5 5.58638E-5 5.52981E-5 5.24069E-5 5.44334E-5 8.32352E-5 5.79742E-5 5.62963E-5 6.21642E-5 6.27644E-5 6.14726E-5 6.0892E-5 7.33458E-5 1.54702E-4 1.23001E-4 7.29667E-5 7.52269E-5 9.76738E-5 1.16255E-4 1.10703E-4 -9999 -9999 -9999 -9999 -9999 -9999 -9999 -9999 -9999 -9999 -9999 -9999 -9999 -9999 -9999 -9999 -9999 -9999 -9999 -9999 -9999 -9999 -9999 -9999
1.30841E-4 1.11346E-4 9.6543E-5 8.37925E-5 7.79505E-5 2.6413E-5 7.89987E-5 8.17885E-5 8.40841E-5 8.0297E-5 8.56916E-5 9.39648E-5 9.22886E-5 9.4695E-5 9.82172E-5 1.00864E-4 9.53207E-5 9.62193E-5 9.61445E-5 9.36909E-5 5.52234E-5 5.08332E-5 6.21758E-5 5.58135E-5 5.65801E-5 5.53244E-5 5.52315E-5 5.78558E-5 5.95463E-5 6.11847E-5 6.08112E-5 6.69237E-5 6.02116E-5 7.25375E-5 8.04098E-5 2.10432E-4 1.5269E-4 9.58137E-5 8.57886E-5 1.01628E-4 1.62558E-4 -9999 -9999 -9999 -9999 -9999 -9999 -9999 -9999 -9999 -9999 -9999 -9999 -9999 -9999 -9999 -9999 -9999 -9999 -9999 -9999 -9999 -9999 -9999 -9999 -9999
1.09426E-4 9.39661E-5 8.29239E-5 7.48946E-5 1.45111E-5 8.04347E-5 8.03998E-5 8.18173E-5 8.48795E-5 9.13716E-5 1.13834E-4 1.17853E-4 9.423E-5 9.79976E-5 9.79804E-5 8.7164E-5 4.42505E-5 4.68369E-5 5.26647E-5 5.42999E-5 5.31617E-5 4.67848E-5 6.41321E-5 5.6328E-5 8.08828E-5 6.34805E-5 5.76291E-5 6.64522E-5 7.87435E-5 5.95102E-5 5.85345E-5 6.11368E-5 6.70901E-5 9.38139E-5 9.868E-5 7.63267E-5 1.22922E-4 1.27377E-4 1.13411E-4 9.96796E-5 8.48733E-5 -9999 -9999 -9999 -9999 -9999 -9999 -9999 -9999 -9999 -9999 -9999 -9999 -9999 -9999 -9999 -9999 -9999 -9999 -9999 -9999 -9999 -9999 -9999 -9999 -9999
9.88582E-5 8.4954E-5 7.57941E-5 7.22708E-5 2.57388E-5 8.2958E-5 8.38402E-5 8.55236E-5 9.04727E-5 9.46198E-5 1.04188E-4 9.24151E-5 8.95472E-5 4.40019E-5 4.19815E-5 3.92279E-5 4.00897E-5 4.36238E-5 4.97144E-5 5.7627E-5 5.14249E-5 6.87272E-5 9.3355E-5 5.76246E-5 7.91982E-5 6.74995E-5 5.9709E-5 5.82117E-5 6.54466E-5 6.43465E-5 6.76982E-5 6.86038E-5 6.81395E-5 8.68043E-5 1.27492E-4 8.60773E-5 7.49115E-5 8.09017E-5 8.94597E-5 8.37251E-5 7.81577E-5 6.90544E-5 -9999 -9999 -9999 -9999 -9999 -9999 -9999 -9999 -9999 -9999 -9999 -9999 -9999 -9999 -9999 -9999 -9999 -9999 -9999 -9999 -9999 -9999 -9999 -9999
9.79479E-5 8.13863E-5 7.446E-5 8.00092E-5 2.88813E-5 8.77506E-5 9.11439E-5 9.04866E-5 8.87861E-5 4.28985E-5 4.11321E-5 4.09285E-5 4.49068E-5 4.62744E-5 4.16007E-5 4.00045E-5 5.36449E-5 4.46139E-5 4.65407E-5 4.77045E-5 8.77026E-5 1.49067E-4 7.72664E-5 8.68134E-5 6.11756E-5 5.97096E-5 6.85371E-5 6.48688E-5 1.17574E-4 8.97464E-5 7.55612E-5 7.10196E-5 7.27281E-5 8.08559E-5 1.18677E-4 1.12494E-4 9.01729E-5 9.00714E-5 8.13377E-5 7.89779E-5 6.8159E-5 6.89679E-5 -9999 -9999 -9999 -9999 -9999 -9999 -9999 -9999 -9999 -9999 -9999 -9999 -9999 -9999 -9999 -9999 -9999 -9999 -9999 -9999 -9999 -9999 -9999 -9999
9.83161E-5 8.61885E-5 7.18929E-5 7.46572E-5 2.65023E-5 8.89743E-5 4.60432E-5 4.87603E-5 4.56731E-5 4.24777E-5 4.56751E-5 4.64394E-5 5.10632E-5 4.99754E-5 4.49897E-5 4.11128E-5 5.98969E-5 4.60183E-5 4.78104E-5 6.72665E-5 7.33749E-5 7.65366E-5 6.90728E-5 9.31508E-5 6.52703E-5 6.32866E-5 6.46194E-5 6.68812E-5 7.61137E-5 1.07049E-4 7.5182E-5 8.11196E-5 7.74237E-5 9.24905E-5 1.02333E-4 1.04429E-4 1.08615E-4 1.04726E-4 1.78998E-4 7.08103E-5 6.84804E-5 6.98483E-5 -9999 -9999 -9999 -9999 -9999 -9999 -9999 -9999 -9999 -9999 -9999 -9999 -9999 -9999 -9999 -9999 -9999 -9999 -9999 -9999 -9999 -9999 -9999 -9999
9.68577E-5 8.59103E-5 7.7142E-5 8.07086E-5 4.31022E-5 4.36408E-5 4.71579E-5 5.52474E-5 5.70334E-5 5.41442E-5 5.42746E-5 5.24028E-5 4.95211E-5 5.78105E-5 5.51503E-5 5.02613E-5 5.693E-5 5.66116E-5 5.17784E-5 7.55518E-5 5.36203E-5 5.84935E-5 8.9442E-4 1.78867E-3 7.10888E-5 6.32401E-5 6.30457E-5 6.84592E-5 6.91118E-5 7.075E-5 6.85761E-5 7.57923E-5 7.95179E-5 1.19389E-4 1.31196E-4 1.34251E-4 1.19248E-4 9.71652E-5 7.33037E-5 6.9156E-5 6.68725E-5 -9999 -9999 -9999 -9999 -9999 -9999 -9999 -9999 -9999 -9999 -9999 -9999 -9999 -9999 -9999 -9999 -9999 -9999 -9999 -9999 -9999 -9999 -9999 -9999 -9999
9.52161E-5 9.03547E-5 1.73602E-5 3.23509E-5 9.93711E-5 4.5289E-5 4.63219E-5 4.49838E-5 4.26658E-5 4.55437E-5 4.84782E-5 4.99379E-5 5.09643E-5 6.02049E-5 5.67461E-5 5.47716E-5 6.08825E-5 6.58126E-5 8.2294E-5 7.62731E-5 5.50852E-5 8.21049E-5 6.76067E-5 8.10696E-5 6.86513E-5 8.70469E-5 7.33102E-5 1.31055E-4 7.04794E-5 7.08313E-5 6.85118E-5 6.8684E-5 1.04447E-4 1.03047E-4 1.06189E-4 8.5653E-5 8.84325E-5 8.8785E-5 -9999 -9999 -9999 -9999 -9999 -9999 -9999 -9999 -9999 -9999 -9999 -9999 -9999 -9999 -9999 -9999 -9999 -9999 -9999 -9999 -9999 -9999 -9999 -9999 -9999 -9999 -9999 -9999
