catData/rasterBestHybridModels/Fchaus/RD_RM2_LQ/Fchaus_stddev.asc
ncols         409
nrows         350
xllcorner     60.897278365
yllcorner     5.843756025
cellsize      0.0892857
NODATA_value  -9999
[rows 87 to 115 of 350, columns 66 to 131 of 409]
1.38995E-5 1.3481E-5 1.27925E-5 1.28405E-5 1.2948E-5 1.4204E-5 1.05301E-5 6.2887E-6 5.3391E-6 5.1809E-6 5.09249E-6 5.09369E-6 5.08333E-6 5.09082E-6 5.1304E-6 5.20144E-6 5.45209E-6 6.13406E-6 7.13449E-6 7.64929E-6 8.19605E-6 8.78391E-6 8.33371E-6 7.58381E-6 7.58556E-6 8.09767E-6 8.57613E-6 8.59337E-6 8.43411E-6 8.37389E-6 8.43357E-6 8.52513E-6 8.63627E-6 8.50608E-6 7.7743E-6 6.47711E-6 5.71747E-6 5.40934E-6 5.2735E-6 5.39222E-6 5.4576E-6 5.39609E-6 5.38883E-6 5.27344E-6 5.49486E-6 5.40808E-6 5.47602E-6 5.61676E-6 6.62528E-6 6.60472E-6 6.64084E-6 6.83434E-6 6.85572E-6 6.64265E-6 6.54613E-6 6.47178E-6 6.45945E-6 6.51754E-6 6.40321E-6 6.34928E-6 6.3558E-6 6.3964E-6 6.68428E-6 6.46509E-6 6.71008E-6 6.88519E-6
1.34342E-5 1.28552E-5 1.31215E-5 1.3446E-5 1.31975E-5 1.33408E-5 7.96167E-6 6.06672E-6 5.28847E-6 5.14205E-6 5.11244E-6 5.13182E-6 5.11258E-6 5.11395E-6 5.15484E-6 5.19805E-6 5.27567E-6 5.64662E-6 7.07232E-6 7.96914E-6 7.30892E-6 7.42424E-6 7.66586E-6 7.65321E-6 7.89213E-6 8.25381E-6 8.53149E-6 8.66085E-6 8.82099E-6 8.53448E-6 8.16494E-6 8.62653E-6 8.4913E-6 7.96054E-6 7.03977E-6 5.94314E-6 5.51868E-6 5.30994E-6 5.19761E-6 5.34587E-6 5.43487E-6 5.39041E-6 5.39477E-6 5.44679E-6 5.4488E-6 5.26472E-6 5.49802E-6 5.64872E-6 6.7725E-6 6.76082E-6 7.02524E-6 6.82562E-6 4.779E-6 4.8896E-6 5.08859E-6 5.09082E-6 5.0911E-6 5.14933E-6 5.30972E-6 5.4253E-6 5.45919E-6 5.63465E-6 6.31355E-6 6.44794E-6 6.53174E-6 6.59903E-6
1.26006E-5 1.26487E-5 1.26844E-5 1.29303E-5 1.30514E-5 1.13008E-5 7.14702E-6 5.67589E-6 5.22698E-6 5.10447E-6 5.10199E-6 5.11385E-6 5.10701E-6 5.10968E-6 5.14385E-6 5.16356E-6 5.21575E-6 5.6105E-6 5.86209E-6 5.92572E-6 5.97961E-6 6.02318E-6 6.27829E-6 6.69405E-6 7.55285E-6 8.27636E-6 8.7192E-6 8.68069E-6 8.43219E-6 8.20914E-6 7.89565E-6 8.18422E-6 9.21099E-6 7.64563E-6 6.10856E-6 5.57121E-6 5.34229E-6 5.21956E-6 5.18263E-6 5.36587E-6 5.36298E-6 5.38873E-6 5.39867E-6 5.45361E-6 5.4801E-6 5.43416E-6 5.49768E-6 7.0863E-6 4.54326E-6 4.53379E-6 4.75183E-6 4.94114E-6 4.89398E-6 5.11479E-6 5.31466E-6 5.41292E-6 5.39709E-6 5.442E-6 5.54117E-6 5.66648E-6 5.69829E-6 5.77821E-6 5.93846E-6 8.48772E-6 8.82309E-6 8.87684E-6
1.19543E-5 1.20538E-5 1.17197E-5 1.15223E-5 1.19341E-5 8.9866E-6 6.96153E-6 5.21276E-6 5.0251E-6 5.03188E-6 5.05981E-6 5.07655E-6 5.06085E-6 5.05926E-6 5.07467E-6 5.08588E-6 5.20911E-6 5.29599E-6 5.34524E-6 5.6993E-6 6.53994E-6 7.01397E-6 6.87352E-6 6.66259E-6 6.92088E-6 7.30857E-6 7.37513E-6 7.47433E-6 7.49639E-6 7.33709E-6 7.10226E-6 7.64445E-6 8.00609E-6 6.61147E-6 5.72071E-6 5.35376E-6 5.2254E-6 5.17182E-6 5.22365E-6 5.42812E-6 5.58338E-6 5.48337E-6 5.45703E-6 5.44129E-6 5.43785E-6 5.48888E-6 5.65904E-6 5.46329E-6 4.72815E-6 4.77645E-6 4.85882E-6 5.07536E-6 5.12667E-6 5.28158E-6 5.46524E-6 5.6323E-6 5.64643E-6 5.67658E-6 5.73585E-6 5.81604E-6 7.7501E-6 7.78366E-6 7.79287E-6 7.96368E-6 8.77862E-6 8.84442E-6
1.14773E-5 1.15111E-5 1.02342E-5 1.01287E-5 1.05041E-5 8.25825E-6 6.71586E-6 5.06603E-6 4.92456E-6 4.94799E-6 4.97367E-6 4.98975E-6 4.9845E-6 4.97939E-6 4.98091E-6 4.97977E-6 5.15442E-6 5.22987E-6 5.26588E-6 5.50307E-6 6.46243E-6 7.72332E-6 7.9649E-6 7.62963E-6 7.55571E-6 7.96816E-6 7.6257E-6 7.09279E-6 6.87552E-6 6.62464E-6 6.75452E-6 6.70907E-6 6.21746E-6 5.75525E-6 5.43993E-6 5.19833E-6 5.15501E-6 5.19149E-6 5.29405E-6 5.49673E-6 5.63671E-6 5.60644E-6 5.51237E-6 5.45711E-6 5.45044E-6 5.47783E-6 5.33178E-6 5.92835E-6 4.85877E-6 5.08207E-6 5.12781E-6 5.26857E-6 5.40379E-6 5.50058E-6 5.62393E-6 5.74911E-6 5.8157E-6 7.67954E-6 7.69266E-6 7.70288E-6 7.71446E-6 7.72602E-6 7.73847E-6 7.74039E-6 8.64357E-6 8.62105E-6
1.11478E-5 1.08928E-5 1.0502E-5 9.87179E-6 8.91283E-6 7.28308E-6 5.9614E-6 4.87441E-6 4.81569E-6 4.82238E-6 4.83288E-6 4.86213E-6 4.87424E-6 4.92747E-6 5.0269E-6 5.09546E-6 5.16071E-6 5.20273E-6 5.20827E-6 5.36819E-6 5.64693E-6 6.03102E-6 6.59741E-6 6.73366E-6 6.33603E-6 6.43945E-6 6.61379E-6 6.39607E-6 6.29302E-6 6.26168E-6 6.18775E-6 6.09469E-6 5.8025E-6 5.46857E-6 5.24007E-6 5.12044E-6 5.20933E-6 5.31128E-6 5.18817E-6 5.40383E-6 5.48975E-6 5.73093E-6 5.73605E-6 5.52108E-6 5.52959E-6 5.63778E-6 5.56614E-6 5.16392E-6 4.98924E-6 5.26382E-6 5.39626E-6 5.49384E-6 5.61235E-6 5.68942E-6 5.77045E-6 7.63982E-6 7.64704E-6 7.66145E-6 7.66759E-6 7.67298E-6 7.68808E-6 7.68449E-6 7.69363E-6 7.66136E-6 7.63777E-6 7.46361E-6
1.05486E-5 1.02568E-5 9.94643E-6 9.93647E-6 8.86477E-6 6.7387E-6 5.27296E-6 4.83E-6 4.66213E-6 4.658E-6 4.73635E-6 4.85006E-6 4.93809E-6 4.96828E-6 5.079E-6 5.09809E-6 5.12802E-6 5.15235E-6 5.15438E-6 5.19135E-6 5.37885E-6 5.61354E-6 5.74208E-6 5.75954E-6 5.72612E-6 5.76904E-6 5.82476E-6 5.76213E-6 5.86083E-6 5.97827E-6 6.06365E-6 5.78482E-6 5.52622E-6 5.27153E-6 5.12927E-6 5.13436E-6 5.28612E-6 5.34397E-6 5.3509E-6 5.37214E-6 5.42E-6 5.50165E-6 5.75974E-6 5.523E-6 5.6648E-6 5.57256E-6 5.86675E-6 4.86035E-6 5.07741E-6 5.31507E-6 5.52288E-6 5.67421E-6 5.74852E-6 7.56476E-6 7.58823E-6 7.60344E-6 7.61098E-6 7.60728E-6 7.61643E-6 7.62606E-6 7.62874E-6 7.62404E-6 7.4072E-6 7.22214E-6 7.30939E-6 7.37471E-6
9.96202E-6 9.65467E-6 9.34069E-6 9.29472E-6 7.96606E-6 5.71444E-6 4.55966E-6 4.47264E-6 4.56024E-6 4.67295E-6 4.77775E-6 4.97298E-6 5.03545E-6 5.05823E-6 5.07716E-6 5.07842E-6 5.08388E-6 5.10877E-6 5.13274E-6 5.20923E-6 5.12984E-6 5.31202E-6 5.43928E-6 5.46219E-6 5.47626E-6 5.46033E-6 5.54662E-6 5.49006E-6 5.50277E-6 5.67238E-6 5.63628E-6 5.42456E-6 5.32563E-6 5.15212E-6 5.12263E-6 5.21812E-6 5.22086E-6 5.3764E-6 5.35518E-6 5.38283E-6 5.4063E-6 5.48019E-6 5.7021E-6 5.66033E-6 5.4845E-6 5.33724E-6 5.25618E-6 5.05541E-6 5.26779E-6 5.44263E-6 5.60368E-6 5.74283E-6 7.55068E-6 7.56566E-6 7.57505E-6 7.57539E-6 7.57123E-6 7.55067E-6 7.54702E-6 7.55405E-6 7.55017E-6 7.44903E-6 7.09076E-6 7.14856E-6 7.22603E-6 7.29329E-6
9.30655E-6 8.90901E-6 8.42244E-6 8.11461E-6 7.1925E-6 5.1164E-6 4.9142E-6 4.52182E-6 4.61557E-6 4.72018E-6 4.81005E-6 5.002E-6 5.05675E-6 5.07744E-6 5.07817E-6 5.06152E-6 5.05472E-6 5.05905E-6 5.22984E-6 5.26766E-6 5.27372E-6 5.13731E-6 5.13889E-6 5.13219E-6 5.12604E-6 5.14205E-6 5.18351E-6 5.15438E-6 5.17669E-6 5.24338E-6 5.16681E-6 5.09731E-6 5.13494E-6 5.18964E-6 5.15606E-6 5.32809E-6 5.38732E-6 5.36462E-6 5.38757E-6 5.4312E-6 5.43836E-6 5.66184E-6 5.59028E-6 5.36199E-6 5.2892E-6 5.51205E-6 5.40772E-6 5.26544E-6 5.44188E-6 5.59825E-6 5.70663E-6 7.532E-6 7.54896E-6 7.55446E-6 7.55054E-6 7.54309E-6 7.52448E-6 7.49676E-6 7.46233E-6 7.46033E-6 7.4577E-6 7.13204E-6 7.09586E-6 7.1901E-6 7.25918E-6 7.31556E-6
8.54615E-6 8.19983E-6 7.87851E-6 7.23388E-6 6.90238E-6 5.31339E-6 4.62688E-6 4.57677E-6 4.65852E-6 4.74754E-6 4.84212E-6 5.03404E-6 5.08923E-6 5.11842E-6 5.11071E-6 5.08963E-6 5.08411E-6 5.13765E-6 5.13269E-6 5.14513E-6 5.1561E-6 5.20025E-6 5.26521E-6 5.25437E-6 5.24978E-6 5.27741E-6 5.27693E-6 5.23362E-6 5.22401E-6 5.22626E-6 5.23306E-6 5.26955E-6 5.28313E-6 5.32771E-6 5.32563E-6 5.35888E-6 5.39287E-6 5.3438E-6 5.34962E-6 5.453E-6 5.48628E-6 5.44182E-6 5.52065E-6 5.49229E-6 5.36313E-6 5.85538E-6 5.8823E-6 5.45561E-6 5.59413E-6 5.70318E-6 7.53104E-6 7.54085E-6 7.54265E-6 7.54023E-6 7.51934E-6 7.48381E-6 7.45301E-6 7.41369E-6 7.35807E-6 7.3526E-6 7.41788E-6 7.07521E-6 7.15666E-6 7.2248E-6 6.13113E-6 6.17003E-6
8.03412E-6 7.8154E-6 7.7935E-6 7.64727E-6 6.12869E-6 5.39594E-6 4.93552E-6 4.56641E-6 4.66546E-6 4.7664E-6 4.89594E-6 5.04604E-6 5.10415E-6 5.13318E-6 5.15947E-6 5.21961E-6 5.13816E-6 5.11372E-6 5.11549E-6 5.11414E-6 5.12251E-6 5.13594E-6 5.15613E-6 5.1705E-6 5.18835E-6 5.20768E-6 5.22532E-6 5.23913E-6 5.33988E-6 5.35395E-6 5.33798E-6 5.2999E-6 5.18322E-6 5.34989E-6 5.34091E-6 5.37266E-6 5.31665E-6 5.26334E-6 5.39468E-6 5.38842E-6 5.28008E-6 5.28055E-6 5.28482E-6 5.37807E-6 5.47766E-6 6.13964E-6 6.09759E-6 5.59805E-6 5.70497E-6 7.51467E-6 7.52651E-6 7.53096E-6 7.53193E-6 7.51634E-6 7.47955E-6 7.41439E-6 7.34475E-6 7.30395E-6 7.2885E-6 7.41995E-6 7.36803E-6 7.12398E-6 6.04369E-6 6.10679E-6 6.16567E-6 6.21318E-6
7.95053E-6 7.51202E-6 7.70297E-6 7.68586E-6 6.56508E-6 6.65353E-6 4.77959E-6 4.5315E-6 4.64678E-6 4.76687E-6 4.85507E-6 5.02106E-6 5.07734E-6 5.1462E-6 5.27019E-6 5.20224E-6 5.14175E-6 5.14307E-6 4.99274E-6 5.16879E-6 5.14418E-6 5.18902E-6 5.1914E-6 5.25827E-6 5.26025E-6 5.26104E-6 5.27394E-6 5.31682E-6 5.35055E-6 5.25198E-6 5.25664E-6 5.13296E-6 5.26444E-6 5.32601E-6 5.30308E-6 5.37438E-6 5.35321E-6 5.14891E-6 5.35227E-6 5.2989E-6 5.27833E-6 5.33749E-6 5.41083E-6 5.49615E-6 5.57822E-6 6.32289E-6 6.31771E-6 5.72816E-6 5.79578E-6 7.53503E-6 7.53484E-6 7.51807E-6 7.49626E-6 7.47013E-6 7.43276E-6 7.3566E-6 7.25709E-6 7.22299E-6 7.36012E-6 7.31198E-6 5.93956E-6 6.04837E-6 6.12119E-6 6.16267E-6 6.19319E-6 6.18515E-6
7.41606E-6 7.12435E-6 7.67164E-6 7.57471E-6 6.56996E-6 7.32406E-6 5.11467E-6 4.55118E-6 4.64101E-6 4.75679E-6 4.96919E-6 5.21754E-6 5.38477E-6 5.34579E-6 5.28369E-6 5.22769E-6 5.1503E-6 5.11499E-6 5.14931E-6 5.20132E-6 5.15413E-6 5.14333E-6 5.15181E-6 5.1596E-6 5.17602E-6 5.20906E-6 5.33775E-6 5.32244E-6 5.22913E-6 5.13862E-6 5.2697E-6 5.21936E-6 5.28565E-6 5.37698E-6 5.28937E-6 5.31498E-6 5.30201E-6 5.27063E-6 5.24836E-6 5.26226E-6 5.33489E-6 5.45278E-6 5.54061E-6 5.58476E-6 5.64356E-6 6.42792E-6 6.51985E-6 5.96228E-6 7.53901E-6 7.53777E-6 7.52909E-6 7.50551E-6 7.46858E-6 7.43214E-6 7.37958E-6 7.29442E-6 7.17078E-6 7.29564E-6 5.91478E-6 5.91431E-6 6.01424E-6 6.11842E-6 6.16353E-6 6.18314E-6 6.17891E-6 1.17623E-5
6.27939E-6 7.19505E-6 7.73617E-6 7.11672E-6 7.33921E-6 6.80696E-6 5.39069E-6 4.70625E-6 4.64271E-6 4.87366E-6 5.36858E-6 5.40533E-6 5.3948E-6 5.38478E-6 5.33091E-6 5.24227E-6 5.1654E-6 5.1908E-6 5.21514E-6 5.32201E-6 5.32571E-6 5.23409E-6 5.24562E-6 5.23812E-6 5.24478E-6 5.23509E-6 5.14067E-6 5.2422E-6 5.22931E-6 5.23181E-6 5.24415E-6 6.62656E-6 6.60877E-6 6.65387E-6 5.25836E-6 5.28679E-6 5.24555E-6 5.50039E-6 5.32547E-6 5.34244E-6 5.45382E-6 5.55749E-6 5.62705E-6 5.66942E-6 6.45792E-6 6.5377E-6 6.60871E-6 8.28152E-6 7.55112E-6 7.55476E-6 7.52511E-6 7.4957E-6 7.44922E-6 7.37293E-6 7.27981E-6 7.17724E-6 5.90284E-6 5.92228E-6 5.8801E-6 5.99995E-6 6.07514E-6 6.15206E-6 6.17285E-6 6.16882E-6 1.17499E-5 1.25009E-5
6.43875E-6 6.90691E-6 6.99727E-6 6.45461E-6 7.44372E-6 6.86538E-6 6.50686E-6 5.11779E-6 4.61518E-6 4.76571E-6 5.36532E-6 5.40177E-6 5.44161E-6 5.4332E-6 5.37623E-6 5.30282E-6 5.22694E-6 5.29767E-6 5.26551E-6 5.27315E-6 5.31758E-6 5.26538E-6 5.27585E-6 5.34157E-6 5.28771E-6 5.24738E-6 5.23604E-6 5.26484E-6 5.35656E-6 5.37463E-6 6.7419E-6 6.71226E-6 6.68212E-6 6.68155E-6 6.57743E-6 6.59719E-6 6.73883E-6 5.36515E-6 5.41376E-6 5.50317E-6 5.39422E-6 5.29921E-6 5.61145E-6 5.76653E-6 6.58606E-6 6.63456E-6 8.56076E-6 8.55527E-6 7.60362E-6 7.53042E-6 7.48578E-6 7.44658E-6 7.38715E-6 7.28764E-6 5.87105E-6 5.87415E-6 5.97729E-6 5.87515E-6 5.95987E-6 6.07058E-6 6.13335E-6 6.18306E-6 6.1915E-6 1.17561E-5 1.19429E-5 1.19536E-5
6.81389E-6 6.53412E-6 6.93044E-6 7.3299E-6 7.29929E-6 6.91716E-6 7.03344E-6 5.96855E-6 4.73646E-6 5.15259E-6 5.49847E-6 5.55169E-6 5.54872E-6 5.51858E-6 5.46879E-6 5.3925E-6 5.33894E-6 5.30456E-6 5.25557E-6 5.2625E-6 5.3257E-6 5.25925E-6 5.2573E-6 5.29413E-6 5.18072E-6 5.17153E-6 5.18869E-6 5.30455E-6 5.32409E-6 6.55919E-6 6.53673E-6 6.5576E-6 6.50764E-6 6.39918E-6 6.33187E-6 6.26905E-6 6.40703E-6 6.70064E-6 6.73416E-6 5.19068E-6 5.12384E-6 5.15672E-6 5.19669E-6 5.68703E-6 6.69657E-6 8.61525E-6 8.59025E-6 8.56726E-6 7.98742E-6 7.45737E-6 7.42034E-6 7.38424E-6 6.06718E-6 6.08213E-6 6.09538E-6 6.09784E-6 5.94067E-6 5.86119E-6 6.01155E-6 6.13269E-6 6.19719E-6 1.13906E-5 1.17163E-5 1.19038E-5 1.19214E-5 1.18817E-5
7.05113E-6 7.07538E-6 7.55203E-6 8.05231E-6 7.77928E-6 7.2145E-6 7.64874E-6 8.32696E-6 5.41676E-6 5.44773E-6 5.49872E-6 5.53949E-6 5.55997E-6 5.55221E-6 5.51836E-6 5.44559E-6 5.35277E-6 5.31015E-6 5.24013E-6 5.24188E-6 5.33243E-6 5.34472E-6 5.26476E-6 5.16242E-6 6.5322E-6 6.65194E-6 6.60307E-6 6.46813E-6 6.47024E-6 6.43864E-6 6.42392E-6 6.4341E-6 6.33641E-6 6.24551E-6 6.20961E-6 6.21437E-6 6.22852E-6 6.22919E-6 5.63392E-6 5.64222E-6 5.6484E-6 5.67238E-6 5.5294E-6 7.76777E-6 1.1843E-5 1.17196E-5 1.15644E-5 1.13738E-5 1.08909E-5 1.02099E-5 1.00291E-5 9.94766E-6 9.91374E-6 9.92676E-6 9.95994E-6 9.95937E-6 1.00781E-5 1.02517E-5 1.0461E-5 1.07197E-5 5.43212E-6 5.49158E-6 1.18263E-5 1.20088E-5 1.20997E-5 1.20782E-5
6.92439E-6 7.28554E-6 7.40454E-6 7.6265E-6 7.35261E-6 7.73663E-6 8.24798E-6 7.033E-6 6.02548E-6 5.39965E-6 5.45406E-6 5.52056E-6 5.56864E-6 5.56464E-6 5.52718E-6 5.4674E-6 5.37757E-6 5.28281E-6 5.26447E-6 5.21874E-6 5.21954E-6 5.36902E-6 5.3535E-6 6.70035E-6 6.48802E-6 6.55221E-6 6.43392E-6 6.38128E-6 6.33254E-6 6.32244E-6 6.33367E-6 6.5181E-6 6.23321E-6 6.18087E-6 6.17918E-6 6.21208E-6 6.25062E-6 5.68892E-6 5.6534E-6 5.66072E-6 5.65998E-6 5.66308E-6 7.05305E-6 7.04766E-6 1.15521E-5 1.16582E-5 1.15657E-5 1.1021E-5 1.02581E-5 1.02232E-5 1.02571E-5 1.0253E-5 1.02743E-5 1.03058E-5 1.0364E-5 1.0374E-5 1.05029E-5 1.06861E-5 5.37847E-6 1.11383E-5 1.12622E-5 1.16198E-5 1.19106E-5 1.22486E-5 1.24129E-5 1.24316E-5
7.86001E-6 7.64489E-6 7.90536E-6 7.97315E-6 8.40256E-6 9.10478E-6 7.80093E-6 6.62092E-6 5.49576E-6 5.46915E-6 5.5282E-6 5.55002E-6 5.5727E-6 5.55936E-6 5.52459E-6 5.47175E-6 5.40926E-6 5.34399E-6 5.27802E-6 5.01041E-6 5.14205E-6 5.27248E-6 6.91602E-6 6.61528E-6 6.43442E-6 6.35659E-6 6.30274E-6 6.26038E-6 6.23099E-6 6.21898E-6 7.10678E-6 6.40801E-6 6.16524E-6 6.15525E-6 6.16251E-6 6.21083E-6 6.08446E-6 5.634E-6 5.65869E-6 5.66351E-6 5.64146E-6 5.56849E-6 5.56995E-6 7.03027E-6 1.04305E-5 1.05601E-5 1.05879E-5 1.05872E-5 1.06012E-5 1.0615E-5 1.06321E-5 1.06282E-5 1.06957E-5 1.07052E-5 1.07141E-5 1.07458E-5 1.09245E-5 1.11391E-5 1.13958E-5 1.15702E-5 1.17239E-5 1.186E-5 1.20351E-5 1.24502E-5 1.26814E-5 1.28394E-5
7.5043E-6 8.14048E-6 8.49364E-6 8.91095E-6 9.84294E-6 9.50941E-6 7.56897E-6 6.64592E-6 5.60293E-6 5.52909E-6 5.55101E-6 5.55893E-6 5.56167E-6 5.54108E-6 5.48687E-6 5.41721E-6 5.24354E-6 5.17651E-6 5.11431E-6 5.20454E-6 5.26092E-6 6.3215E-6 6.49493E-6 6.57958E-6 6.44294E-6 6.28772E-6 6.20943E-6 6.17469E-6 6.15359E-6 6.15088E-6 6.15088E-6 6.12672E-6 6.11227E-6 6.12252E-6 6.13787E-6 6.18484E-6 5.71643E-6 5.61768E-6 5.62906E-6 5.62272E-6 5.54984E-6 5.5382E-6 5.58125E-6 1.06103E-5 1.07315E-5 1.08175E-5 1.08947E-5 1.09302E-5 1.09305E-5 1.09554E-5 1.1009E-5 1.10188E-5 1.10659E-5 6.18028E-6 1.10832E-5 1.11414E-5 1.13929E-5 1.16319E-5 1.18352E-5 1.19487E-5 1.20351E-5 1.21404E-5 1.22475E-5 1.24745E-5 1.271E-5 1.29133E-5
7.45432E-6 8.02348E-6 8.40182E-6 8.93646E-6 1.08703E-5 1.02499E-5 7.31239E-6 6.73044E-6 5.68297E-6 5.52138E-6 5.54274E-6 5.53312E-6 5.51765E-6 5.50324E-6 5.46172E-6 5.378E-6 5.15755E-6 5.09311E-6 5.12726E-6 5.23147E-6 6.29648E-6 6.38342E-6 6.42326E-6 6.47105E-6 6.43054E-6 6.27046E-6 6.16229E-6 6.12263E-6 6.11183E-6 6.10515E-6 6.07272E-6 6.05482E-6 6.04522E-6 6.07477E-6 6.08769E-6 5.63163E-6 5.52338E-6 5.56434E-6 5.56708E-6 5.51468E-6 5.51907E-6 5.59432E-6 5.63791E-6 1.10519E-5 1.11249E-5 1.11513E-5 1.12042E-5 1.12077E-5 1.12035E-5 1.1219E-5 6.07922E-6 6.09726E-6 1.12545E-5 1.13996E-5 1.14817E-5 1.16339E-5 1.19221E-5 1.21186E-5 1.22291E-5 1.23347E-5 1.23169E-5 1.2284E-5 1.24486E-5 1.26215E-5 1.26634E-5 1.28235E-5
7.24754E-6 7.50536E-6 7.83047E-6 8.51172E-6 9.60261E-6 8.34891E-6 6.70773E-6 5.75473E-6 5.66294E-6 5.55586E-6 5.52669E-6 5.48123E-6 5.44461E-6 5.41718E-6 5.40965E-6 5.34472E-6 5.28015E-6 5.1189E-6 5.22099E-6 5.31896E-6 6.3664E-6 6.28831E-6 6.19839E-6 6.39028E-6 6.32255E-6 6.22529E-6 6.1358E-6 6.0936E-6 6.07361E-6 6.05571E-6 6.02214E-6 5.98861E-6 5.96783E-6 5.99477E-6 5.60741E-6 5.39735E-6 5.44793E-6 5.47922E-6 5.47262E-6 5.50634E-6 5.61552E-6 5.70007E-6 5.72781E-6 1.16552E-5 1.16978E-5 1.16486E-5 1.15864E-5 5.88601E-6 5.9344E-6 6.03035E-6 1.15795E-5 1.15343E-5 1.15496E-5 1.16323E-5 1.18471E-5 1.21283E-5 1.2374E-5 1.24809E-5 1.25709E-5 1.2672E-5 1.262E-5 1.24398E-5 1.24692E-5 1.25828E-5 1.25724E-5 1.28476E-5
7.34219E-6 7.26166E-6 7.22035E-6 8.41301E-6 8.71021E-6 7.37232E-6 5.37047E-6 5.1512E-6 5.12028E-6 5.31681E-6 5.4186E-6 5.37405E-6 5.28205E-6 5.30546E-6 5.30299E-6 5.27666E-6 5.05624E-6 5.10751E-6 5.20068E-6 6.37672E-6 6.25403E-6 6.07469E-6 6.10215E-6 6.42492E-6 6.25751E-6 6.22176E-6 6.1198E-6 6.07218E-6 6.04445E-6 6.00184E-6 5.96676E-6 5.91684E-6 6.04495E-6 5.34209E-6 5.25506E-6 5.28243E-6 5.32627E-6 5.37335E-6 5.49199E-6 5.60326E-6 5.72656E-6 5.80437E-6 5.82697E-6 1.23262E-5 1.22039E-5 1.20664E-5 5.81967E-6 5.77129E-6 1.15367E-5 1.15681E-5 1.14642E-5 1.14677E-5 1.15961E-5 1.17921E-5 1.20944E-5 1.24882E-5 1.26612E-5 1.27382E-5 1.29023E-5 1.29699E-5 1.2764E-5 1.24104E-5 1.2256E-5 1.22654E-5 1.24554E-5 1.28444E-5
8.04699E-6 7.56047E-6 7.31654E-6 9.11894E-6 9.14421E-6 6.35355E-6 5.32073E-6 5.09089E-6 5.03997E-6 5.04336E-6 5.07648E-6 5.0879E-6 5.09873E-6 5.21754E-6 5.21618E-6 5.13539E-6 5.06775E-6 5.14745E-6 6.35021E-6 6.35376E-6 6.22772E-6 6.03025E-6 6.09166E-6 6.06862E-6 6.20001E-6 6.21239E-6 6.09767E-6 6.04221E-6 6.01675E-6 5.96599E-6 5.8976E-6 5.81619E-6 5.13564E-6 5.08757E-6 5.10887E-6 5.13817E-6 5.17894E-6 5.4065E-6 5.58869E-6 5.71087E-6 5.79883E-6 5.85242E-6 5.81862E-6 1.27825E-5 1.26185E-5 5.85345E-6 1.17745E-5 1.14285E-5 1.1331E-5 1.12934E-5 1.13102E-5 1.14263E-5 1.15644E-5 1.17719E-5 1.21461E-5 1.26869E-5 1.27307E-5 1.27863E-5 1.28982E-5 1.29521E-5 1.25923E-5 1.19997E-5 1.17455E-5 1.17992E-5 1.23014E-5 1.28408E-5
8.23578E-6 8.17471E-6 7.55023E-6 8.66384E-6 9.77577E-6 6.94827E-6 5.79157E-6 5.06933E-6 5.03236E-6 5.04472E-6 5.06325E-6 5.06783E-6 5.05302E-6 5.03493E-6 5.35166E-6 5.36927E-6 5.37329E-6 5.54708E-6 6.62976E-6 6.18231E-6 6.17186E-6 5.94196E-6 5.99392E-6 5.94743E-6 5.93453E-6 5.91021E-6 5.79463E-6 5.73647E-6 5.69865E-6 5.77521E-6 5.83446E-6 5.13562E-6 5.02306E-6 4.91542E-6 4.92634E-6 4.95978E-6 5.28478E-6 5.43904E-6 5.59963E-6 5.729E-6 5.81819E-6 5.83119E-6 6.24624E-6 1.27237E-5 1.24484E-5 1.25234E-5 1.1432E-5 1.11827E-5 1.1092E-5 1.10191E-5 1.10799E-5 1.12373E-5 1.14156E-5 1.15416E-5 1.19248E-5 1.26365E-5 1.24809E-5 1.22628E-5 1.22322E-5 1.23207E-5 1.23317E-5 1.14773E-5 1.13652E-5 1.14312E-5 1.23856E-5 1.26861E-5
7.65212E-6 7.75763E-6 7.21994E-6 8.30095E-6 9.23084E-6 6.92074E-6 5.79065E-6 5.05834E-6 5.02992E-6 5.0205E-6 5.06961E-6 5.10166E-6 5.0444E-6 5.31708E-6 5.4946E-6 5.53099E-6 5.55251E-6 7.83261E-6 7.15298E-6 6.14678E-6 6.02483E-6 5.82834E-6 5.88231E-6 5.88689E-6 5.95232E-6 5.84318E-6 5.76683E-6 5.69926E-6 5.63965E-6 5.56678E-6 5.42772E-6 5.01283E-6 4.89384E-6 4.76712E-6 4.77823E-6 5.00044E-6 5.31223E-6 5.45614E-6 5.5981E-6 5.71969E-6 5.77504E-6 5.7474E-6 6.17834E-6 1.25621E-5 1.20468E-5 1.15553E-5 1.15314E-5 1.08999E-5 1.06593E-5 1.06117E-5 1.10653E-5 1.07916E-5 1.09642E-5 1.09553E-5 1.17502E-5 1.20403E-5 1.21192E-5 1.13981E-5 1.14003E-5 1.15123E-5 1.16694E-5 1.18543E-5 1.27052E-5 1.19517E-5 1.20266E-5 1.27177E-5
7.47978E-6 8.12618E-6 7.84567E-6 7.47377E-6 7.58754E-6 6.95857E-6 5.17711E-6 5.05624E-6 5.04395E-6 5.03063E-6 5.01496E-6 5.03677E-6 4.93701E-6 5.26856E-6 5.53363E-6 5.37499E-6 5.55482E-6 7.82544E-6 6.37402E-6 6.09434E-6 5.86394E-6 5.78489E-6 5.81929E-6 5.89314E-6 5.95395E-6 5.76786E-6 5.69334E-6 5.62678E-6 5.56211E-6 5.48238E-6 5.13358E-6 4.9044E-6 4.77978E-6 4.65907E-6 4.97617E-6 5.13353E-6 5.30914E-6 5.47239E-6 5.60134E-6 5.70164E-6 5.73848E-6 5.68999E-6 6.06947E-6 5.82434E-6 1.20569E-5 1.20826E-5 1.15163E-5 1.12805E-5 1.18265E-5 1.19301E-5 1.18015E-5 1.19459E-5 1.19476E-5 1.12524E-5 1.12715E-5 1.13617E-5 1.15672E-5 1.16225E-5 1.24801E-5 1.25699E-5 1.25767E-5 1.27693E-5 1.31897E-5 1.29779E-5 1.23342E-5 1.22868E-5
7.71238E-6 7.95885E-6 7.9459E-6 8.4778E-6 7.22292E-6 6.42949E-6 5.22779E-6 5.11926E-6 5.05424E-6 5.00564E-6 4.97553E-6 5.00555E-6 5.10541E-6 5.50517E-6 5.54049E-6 5.56381E-6 5.55511E-6 6.56001E-6 6.06947E-6 5.90739E-6 5.7887E-6 5.77792E-6 5.80564E-6 5.90787E-6 5.97515E-6 5.73403E-6 5.61427E-6 5.54442E-6 5.47403E-6 5.37956E-6 4.98474E-6 4.80678E-6 4.66925E-6 4.80986E-6 4.99844E-6 5.16723E-6 5.33192E-6 5.48546E-6 5.60981E-6 5.69962E-6 5.73556E-6 5.69137E-6 8.03472E-6 1.25559E-5 1.25504E-5 1.2475E-5 1.17501E-5 1.217E-5 1.24892E-5 1.30873E-5 1.29541E-5 1.29993E-5 1.28049E-5 1.26357E-5 1.2588E-5 1.25121E-5 1.25834E-5 1.24561E-5 1.26801E-5 1.32979E-5 1.33915E-5 1.34212E-5 1.35241E-5 1.32437E-5 1.30912E-5 1.24524E-5
7.68739E-6 7.54991E-6 7.06226E-6 8.39438E-6 7.65975E-6 5.73944E-6 5.1737E-6 5.1084E-6 5.05293E-6 4.99742E-6 4.95512E-6 4.86688E-6 5.35761E-6 5.5181E-6 5.37456E-6 5.59281E-6 7.86815E-6 6.09667E-6 5.87522E-6 5.8043E-6 5.77475E-6 5.78804E-6 5.80426E-6 5.93788E-6 5.96366E-6 5.72328E-6 5.62266E-6 5.51754E-6 5.39053E-6 5.28183E-6 4.87487E-6 4.86973E-6 4.7558E-6 4.83483E-6 5.02711E-6 5.18762E-6 5.34703E-6 5.5015E-6 5.6329E-6 5.73617E-6 5.7919E-6 6.30752E-6 8.16037E-6 1.30986E-5 1.33854E-5 1.33583E-5 1.30503E-5 1.31192E-5 1.35555E-5 1.37972E-5 1.38762E-5 1.38014E-5 1.38279E-5 1.38758E-5 1.36722E-5 1.34527E-5 1.32544E-5 1.3134E-5 1.33146E-5 1.36733E-5 1.38973E-5 1.40672E-5 1.4002E-5 1.36434E-5 1.33323E-5 5.9018E-6
