catData/rasterBestHybridModels/Pviverrinus/RDbal_RM2_L/Pviverrinus_min.asc
ncols         409
nrows         350
xllcorner     60.897278365
yllcorner     5.843756025
cellsize      0.0892857
NODATA_value  -9999
[rows 116 to 144 of 350, columns 264 to 329 of 409]
2.7389E-4 2.7387E-4 2.7771E-4 2.92315E-4 2.79511E-4 2.80254E-4 2.69766E-4 2.88245E-4 3.1595E-4 2.86149E-4 2.85772E-4 3.36303E-4 3.7386E-4 3.91038E-4 3.38217E-4 2.87828E-4 2.85455E-4 3.078E-4 3.16365E-4 3.15401E-4 2.83331E-4 2.63992E-4 2.94196E-4 3.11141E-4 2.82534E-4 2.71698E-4 2.80789E-4 3.57927E-4 3.86972E-4 3.92667E-4 3.26192E-4 3.34185E-4 2.97546E-4 3.05369E-4 2.7928E-4 3.3416E-4 3.00128E-4 2.78442E-4 2.83892E-4 3.13315E-4 3.14503E-4 3.0612E-4 3.8312E-4 3.48801E-4 3.97526E-4 4.04576E-4 4.14753E-4 3.73419E-4 3.89357E-4 4.41013E-4 4.0712E-4 4.52865E-4 4.52615E-4 4.3483E-4 4.30548E-4 4.15808E-4 3.72486E-4 2.90889E-4 2.31984E-4 3.24664E-4 4.26524E-4 4.02649E-4 3.56224E-4 3.95754E-4 4.13697E-4 4.58048E-4
2.56538E-4 2.67897E-4 2.75396E-4 2.82798E-4 2.86672E-4 2.89478E-4 2.92396E-4 2.52407E-4 2.97045E-4 2.83468E-4 3.06801E-4 3.32277E-4 3.57381E-4 3.84571E-4 3.62369E-4 3.31326E-4 3.06172E-4 3.26966E-4 3.57552E-4 3.0024E-4 2.8832E-4 2.80753E-4 3.14861E-4 2.80935E-4 2.95916E-4 3.2523E-4 3.52136E-4 4.02453E-4 4.00803E-4 3.40444E-4 3.42711E-4 3.13628E-4 3.12843E-4 3.37739E-4 3.80504E-4 3.91594E-4 3.84418E-4 4.20926E-4 3.84777E-4 4.15539E-4 3.71182E-4 3.83659E-4 4.18979E-4 3.515E-4 3.29684E-4 3.91325E-4 4.38386E-4 4.35075E-4 3.49662E-4 4.86945E-4 4.63063E-4 4.58987E-4 4.9958E-4 4.81224E-4 4.45583E-4 4.42781E-4 4.52125E-4 4.53753E-4 4.15398E-4 4.70982E-4 4.30608E-4 4.55428E-4 4.47153E-4 4.77919E-4 5.03275E-4 5.13779E-4
2.72848E-4 2.74016E-4 2.65079E-4 2.56103E-4 2.77151E-4 2.79626E-4 2.94804E-4 2.71525E-4 3.26217E-4 3.01842E-4 3.22036E-4 3.75389E-4 3.80296E-4 3.88185E-4 3.66179E-4 3.87168E-4 3.55295E-4 3.21709E-4 3.36437E-4 3.54772E-4 3.25184E-4 3.10036E-4 3.18855E-4 3.10102E-4 3.17694E-4 3.56709E-4 3.74813E-4 3.323E-5 2.15347E-4 3.42465E-4 3.46571E-4 3.4811E-4 3.87151E-4 3.3538E-4 3.90086E-4 4.11469E-4 4.08298E-4 4.04172E-4 3.89061E-4 4.06227E-4 3.4849E-4 3.69308E-4 4.41478E-4 3.69982E-4 3.37548E-4 3.67341E-4 4.02757E-4 3.92083E-4 3.99499E-4 3.72491E-4 4.93725E-4 4.69125E-4 4.75105E-4 4.92836E-4 4.95683E-4 5.06205E-4 4.55515E-4 5.04404E-4 4.82785E-4 5.01585E-4 4.89168E-4 5.1899E-4 5.24101E-4 5.37828E-4 5.33987E-4 5.39982E-4
2.961E-4 2.99949E-4 3.00934E-4 2.86076E-4 2.55095E-4 2.70555E-4 2.83595E-4 2.82861E-4 2.83862E-4 2.88312E-4 2.57917E-4 3.48204E-4 3.59225E-4 3.82524E-4 3.71461E-4 3.6407E-4 3.26375E-4 3.30123E-4 3.2823E-4 3.27897E-4 3.22726E-4 3.17867E-4 1.8907E-4 3.15565E-4 3.27877E-4 2.30611E-4 4.10773E-6 1.08486E-4 3.70198E-4 3.66431E-4 3.6399E-4 4.44426E-4 3.8385E-4 3.91348E-4 4.06406E-4 4.23125E-4 4.22076E-4 4.32902E-4 3.68725E-4 3.61145E-4 3.88564E-4 3.82916E-4 3.66651E-4 4.43578E-4 3.75174E-4 3.36102E-4 3.68097E-4 3.76515E-4 6.51312E-5 3.66752E-4 4.57342E-4 5.01667E-4 5.07533E-4 5.09937E-4 3.2271E-4 5.10214E-4 5.05788E-4 5.19236E-4 5.2337E-4 5.1752E-4 5.15708E-4 5.15102E-4 5.40498E-4 5.45713E-4 5.38813E-4 5.20231E-4
2.57953E-4 2.67015E-4 2.39017E-4 2.71191E-4 2.66492E-4 2.89441E-4 2.74791E-4 2.92771E-4 2.79895E-4 2.89873E-4 2.96467E-4 3.63121E-4 3.43292E-4 3.15934E-4 3.74188E-4 3.76044E-4 3.99588E-4 4.00422E-4 3.34851E-4 3.26971E-4 3.25683E-4 3.25101E-4 3.2745E-4 3.29628E-4 4.53026E-5 3.12497E-5 2.11932E-4 3.44928E-4 3.34326E-4 3.40266E-4 3.51682E-4 3.65522E-4 3.82628E-4 3.62745E-4 3.58798E-4 4.30919E-4 4.35595E-4 4.34902E-4 4.30078E-4 4.31541E-4 4.07913E-4 3.62057E-4 3.4602E-4 3.46643E-4 3.35419E-4 3.39941E-4 3.76327E-4 3.73453E-4 3.82314E-4 1.68528E-5 4.44608E-4 4.71975E-4 4.26992E-4 4.86619E-4 4.94838E-4 4.76452E-4 5.20941E-4 5.35414E-4 5.50342E-4 5.36585E-4 5.35771E-4 4.18281E-4 4.73998E-4 5.73926E-4 5.607E-4 4.70578E-4
2.45308E-4 2.70132E-4 2.64366E-4 2.48505E-4 2.74336E-4 2.93116E-4 2.95667E-4 2.83848E-4 2.83633E-4 3.02345E-4 2.80365E-4 3.23477E-4 3.76185E-4 3.49003E-4 3.67586E-4 3.81326E-4 4.08369E-4 3.45084E-4 3.56974E-4 3.46084E-4 3.41204E-4 3.5455E-4 3.64659E-4 1.80101E-4 4.35767E-5 3.65146E-4 3.39278E-4 3.45464E-4 3.36081E-4 3.38991E-4 3.52167E-4 3.61376E-4 3.89803E-4 3.69813E-4 3.50361E-4 4.36729E-4 4.42718E-4 4.3853E-4 4.39309E-4 4.51475E-4 4.2802E-4 3.65847E-4 3.61327E-4 3.3832E-4 3.42602E-4 3.53412E-4 3.69562E-4 4.10661E-4 4.53958E-4 4.53021E-4 2.05679E-4 4.14688E-4 4.82129E-4 5.23742E-4 5.04543E-4 5.13419E-4 5.26774E-4 5.40593E-4 5.62983E-4 5.48966E-4 4.90301E-4 4.4762E-4 4.52328E-4 5.44159E-4 5.73964E-4 5.53735E-4
2.49061E-4 2.55965E-4 2.52402E-4 2.61696E-4 2.6848E-4 3.06553E-4 2.85627E-4 2.90881E-4 3.06774E-4 3.56425E-4 3.36041E-4 3.31776E-4 3.3745E-4 3.75246E-4 3.93869E-4 4.12626E-4 4.44827E-4 4.16078E-4 3.35579E-4 3.6526E-4 3.96011E-4 3.90598E-4 4.33482E-4 4.27212E-4 3.5597E-4 3.62733E-4 3.50754E-4 3.47144E-4 3.39472E-4 3.45732E-4 3.61528E-4 3.46991E-4 3.62556E-4 4.17417E-4 3.93974E-4 3.91536E-4 4.10256E-4 4.024E-4 4.1011E-4 8.52951E-5 3.59394E-4 3.63233E-4 3.49039E-4 3.56009E-4 3.48333E-4 3.53619E-4 3.85227E-4 4.48769E-4 4.62098E-4 4.69029E-4 4.05321E-4 4.71306E-4 5.07583E-4 4.62469E-4 5.16157E-4 5.3208E-4 5.46423E-4 5.42994E-4 5.2942E-4 5.53618E-4 5.42436E-4 4.98399E-4 5.00678E-4 5.73945E-4 5.38052E-4 5.7894E-4
2.28377E-4 2.45395E-4 2.49236E-4 2.58258E-4 2.65181E-4 2.79767E-4 2.87465E-4 2.94339E-4 2.87926E-4 2.86308E-4 2.96845E-4 3.40868E-4 3.39943E-4 3.72609E-4 3.80369E-4 3.87666E-4 3.41673E-4 3.96128E-4 3.62135E-4 4.00118E-4 3.834E-4 3.95441E-4 4.27199E-4 3.55987E-4 4.07903E-4 4.00723E-4 3.49524E-4 3.78811E-4 3.48472E-4 3.64348E-4 3.68154E-4 3.43837E-4 3.70033E-4 3.77859E-4 4.49322E-4 4.24132E-4 4.43675E-4 4.20226E-4 3.94762E-4 3.55976E-4 3.57013E-4 3.62023E-4 3.48317E-4 3.5539E-4 3.65169E-4 3.6142E-4 3.82252E-4 4.08021E-4 4.42626E-4 4.23706E-4 4.75126E-4 4.8558E-4 4.86121E-4 4.96855E-4 5.12593E-4 5.42266E-4 5.21677E-4 5.06223E-4 4.83147E-4 5.56843E-4 5.77253E-4 5.71411E-4 5.82949E-4 5.72097E-4 4.01113E-4 5.27133E-4
2.08836E-4 2.19486E-4 2.38916E-4 2.37721E-4 2.356E-4 2.58644E-4 2.81463E-4 2.78793E-4 2.6823E-4 2.68845E-4 2.71279E-4 2.89304E-4 3.05765E-4 3.27896E-4 3.54853E-4 4.08159E-4 3.96194E-4 3.92733E-4 3.6702E-4 3.73727E-4 3.73722E-4 3.86648E-4 4.1093E-4 3.76327E-4 4.01188E-4 3.98109E-4 3.7701E-4 3.49437E-4 3.34093E-4 3.44205E-4 3.71924E-4 3.48558E-4 3.62395E-4 3.89259E-4 3.84236E-4 4.50934E-4 4.4288E-4 4.18598E-4 3.70511E-4 3.78934E-4 3.78359E-4 3.65931E-4 3.7861E-4 3.68968E-4 3.63786E-4 3.70047E-4 3.58705E-4 3.82376E-4 3.93561E-4 3.84003E-4 4.30361E-4 4.69319E-4 5.0295E-4 4.14159E-4 4.68106E-4 4.9219E-4 5.49572E-4 4.63596E-4 4.48629E-4 5.49574E-4 5.66653E-4 5.73705E-4 4.78012E-4 5.59509E-4 5.46106E-4 5.22117E-4
1.55158E-4 1.98651E-4 2.00157E-4 2.212E-4 2.24244E-4 2.24114E-4 2.32671E-4 3.01517E-4 2.92719E-4 2.71428E-4 2.99244E-4 3.021E-4 3.17201E-4 3.22637E-4 3.35842E-4 3.81535E-4 3.73327E-4 3.75912E-4 3.66845E-4 3.41674E-4 3.89372E-4 3.93929E-4 4.01498E-4 3.84754E-4 3.92818E-4 4.03099E-4 3.43988E-4 3.38043E-4 3.4115E-4 3.44956E-4 3.43397E-4 3.44672E-4 3.65919E-4 3.72674E-4 3.46785E-4 4.16241E-4 4.11209E-4 4.26951E-4 3.99836E-4 3.90985E-4 3.83649E-4 3.81831E-4 3.69879E-4 3.92225E-4 3.68588E-4 3.82636E-4 3.63165E-4 3.87023E-4 3.8438E-4 4.13212E-4 4.62166E-4 4.35958E-4 4.37377E-4 5.35336E-4 4.71348E-4 4.80242E-4 4.93739E-4 5.66016E-4 4.61457E-4 5.65252E-4 5.63219E-4 4.76705E-4 5.52494E-4 5.18045E-4 4.90487E-4 4.35607E-4
1.81078E-4 2.03728E-4 5.20623E-5 2.04852E-4 2.0644E-4 2.10769E-4 1.09018E-4 2.66939E-4 2.8443E-4 2.96168E-4 2.99792E-4 1.65549E-4 3.47585E-4 3.46659E-4 3.55306E-4 3.44777E-4 3.59882E-4 3.34273E-4 3.53995E-4 3.78781E-4 3.76519E-4 3.8477E-4 4.0185E-4 4.03104E-4 3.9589E-4 3.32078E-4 3.3577E-4 3.46305E-4 3.37564E-4 3.41489E-4 3.43804E-4 3.64152E-4 3.94366E-4 4.09354E-4 3.59695E-4 3.96631E-4 4.23614E-4 4.09367E-4 4.00187E-4 4.43959E-4 3.87788E-4 3.91526E-4 3.8344E-4 4.01325E-4 3.87415E-4 3.6198E-4 3.71641E-4 3.81732E-4 4.04073E-4 4.31299E-4 4.09083E-4 4.02035E-4 4.16161E-4 4.87421E-4 4.79652E-4 4.99614E-4 4.49424E-4 4.67645E-4 5.48378E-4 5.8129E-4 5.1227E-4 2.54171E-4 4.85083E-4 4.58752E-4 4.01029E-4 3.37569E-4
1.54265E-4 1.70996E-4 2.07396E-4 1.99441E-4 2.28735E-4 2.33373E-4 2.36747E-4 2.50954E-4 2.62889E-4 2.58623E-4 2.62968E-4 2.83318E-4 2.96961E-4 3.12523E-4 3.41274E-4 3.36999E-4 3.14796E-4 2.89929E-4 3.07633E-4 3.19806E-4 3.41112E-4 3.69228E-4 3.84808E-4 3.57001E-4 3.44947E-4 3.24863E-4 3.2213E-4 3.20932E-4 3.26699E-4 3.4089E-4 3.43535E-4 3.49682E-4 3.63035E-4 4.14801E-4 3.88996E-4 3.65334E-4 3.9912E-4 4.0545E-4 3.71502E-4 3.88246E-4 3.89661E-4 3.8935E-4 3.95457E-4 3.86652E-4 3.80886E-4 3.7611E-4 3.84841E-4 4.22241E-4 4.41114E-4 4.01845E-4 4.1E-4 4.05553E-4 4.47694E-4 4.95704E-4 4.35784E-4 4.42194E-4 5.22175E-4 4.43175E-4 5.77334E-4 5.88373E-4 2.16335E-5 5.38226E-4 4.85511E-4 3.24408E-4 2.88139E-4 2.72028E-4
7.52461E-5 1.1962E-4 1.28299E-4 1.36059E-4 1.44383E-4 1.68356E-4 1.97284E-4 2.67437E-4 2.87669E-4 2.30162E-4 2.50606E-4 1.29416E-4 2.00251E-4 2.60455E-4 2.88256E-4 2.68422E-4 2.62826E-4 2.61317E-4 2.80445E-4 2.78779E-4 2.84416E-4 2.95694E-4 3.60877E-4 3.75392E-4 3.59648E-4 3.19305E-4 3.31467E-4 3.22653E-4 3.37152E-4 3.26869E-4 3.32643E-4 3.27965E-4 3.33699E-4 3.53165E-4 3.61384E-4 3.39167E-4 3.66497E-4 3.83135E-4 3.77843E-4 3.85404E-4 4.04875E-4 4.22016E-4 3.9819E-4 3.86953E-4 3.64876E-4 4.04711E-4 4.21329E-4 4.14571E-4 4.19668E-4 4.3762E-4 4.21856E-4 4.17587E-4 4.15236E-4 4.55029E-4 4.41637E-4 4.3878E-4 4.97012E-4 4.75531E-4 5.64652E-4 5.26779E-4 4.6535E-4 5.61248E-4 4.47136E-4 2.94559E-4 2.10817E-4 2.03959E-4
1.03878E-4 1.0359E-4 1.13549E-4 7.37857E-5 1.18535E-4 1.24813E-4 1.43257E-4 1.82499E-4 2.73953E-4 2.09895E-4 2.03891E-4 2.1341E-4 2.10637E-4 2.31041E-4 9.62618E-5 2.45771E-4 2.46792E-4 2.3946E-4 2.55717E-4 2.726E-4 2.72968E-4 2.73949E-4 3.05622E-4 3.28883E-4 3.54923E-4 3.72153E-4 3.7373E-4 3.57483E-4 3.6493E-4 3.48272E-4 3.50819E-4 3.2985E-4 3.4329E-4 3.55898E-4 3.99567E-4 3.54861E-4 3.62646E-4 3.82774E-4 3.70342E-4 3.66734E-4 4.02834E-4 3.87653E-4 3.74259E-4 3.6098E-4 3.72302E-4 3.85638E-4 4.14659E-4 4.21279E-4 4.2299E-4 4.07456E-4 4.40488E-4 4.1373E-4 4.14398E-4 4.44218E-4 4.30474E-4 4.36737E-4 4.51676E-4 5.09136E-4 5.62401E-4 1.84731E-5 4.97016E-4 5.07807E-4 4.77592E-4 3.47318E-4 2.55395E-4 1.55398E-4
8.98911E-5 8.91348E-5 1.02858E-4 1.2105E-4 1.07673E-4 1.23854E-4 1.37022E-4 1.49493E-4 1.10068E-4 1.59948E-4 1.69175E-4 1.80634E-4 1.79864E-4 1.74607E-4 1.58285E-4 2.05216E-4 2.34939E-4 1.99861E-4 1.80103E-4 2.47514E-4 2.44966E-4 2.63889E-4 2.6175E-4 2.90946E-4 3.34797E-4 1.45539E-4 3.59219E-4 3.69535E-4 3.8144E-4 5.41354E-5 8.18746E-5 2.27688E-4 2.58025E-4 3.46404E-4 4.12523E-4 3.64453E-4 4.11575E-4 4.10602E-4 3.6358E-4 3.8026E-4 4.19469E-4 3.96776E-4 3.63912E-4 3.57439E-4 3.80142E-4 3.73919E-4 4.30355E-4 4.04851E-4 3.98471E-4 4.20887E-4 4.31253E-4 3.98377E-4 4.34949E-4 4.33086E-4 4.47317E-4 4.35435E-4 4.38655E-4 4.7346E-4 5.77732E-4 3.48266E-4 5.12813E-4 4.82554E-4 4.74514E-4 4.39707E-4 3.4269E-4 1.36846E-4
8.12282E-5 8.42996E-5 1.00427E-4 1.02291E-4 1.03E-4 1.19362E-4 1.17894E-4 1.18801E-4 1.33056E-4 1.33793E-4 1.27901E-4 1.33009E-4 1.39071E-4 1.34526E-4 1.54378E-4 1.6942E-4 1.76844E-4 1.827E-4 2.08391E-4 1.7739E-4 9.38508E-5 3.20815E-5 2.48581E-5 2.37885E-4 2.97983E-4 3.21479E-4 2.75047E-4 2.86026E-4 3.6576E-4 3.38433E-4 3.56415E-4 1.63431E-4 5.23732E-5 2.22043E-4 3.67749E-4 8.33965E-5 4.09885E-4 8.20458E-5 3.56711E-4 3.85895E-4 3.67844E-4 3.87454E-4 3.54369E-4 3.58928E-4 3.98457E-4 3.81292E-4 3.76232E-4 4.19214E-4 3.98682E-4 4.10669E-4 4.40916E-4 3.86978E-4 4.3812E-4 4.36747E-4 4.79943E-4 4.39417E-4 4.44843E-4 5.30866E-4 5.79648E-4 4.96103E-4 4.92166E-4 4.84594E-4 4.91321E-4 4.54575E-4 4.59197E-4 4.54544E-4
7.99558E-5 9.59962E-5 1.01402E-4 9.46233E-5 9.45715E-5 1.08192E-4 1.10351E-4 1.08158E-4 1.10419E-4 1.10303E-4 1.15903E-4 1.30442E-4 1.32563E-4 1.45199E-4 1.54091E-4 1.24885E-5 1.56649E-4 1.29933E-4 1.90082E-4 1.96146E-4 1.91749E-4 9.4021E-5 1.79213E-4 6.03082E-5 3.30911E-5 2.1673E-4 2.48627E-4 1.50417E-5 1.66804E-4 2.23214E-5 1.9888E-4 3.42379E-4 3.32518E-4 3.2418E-4 2.59001E-4 8.95984E-6 8.35817E-5 8.55334E-5 2.74185E-5 3.71148E-4 3.97281E-4 3.4465E-4 3.28984E-4 3.56005E-4 4.14451E-4 3.66761E-4 3.64589E-4 4.00515E-4 4.07902E-4 4.21849E-4 4.0861E-4 4.0508E-4 4.09645E-4 4.40215E-4 4.47591E-4 4.39323E-4 4.45233E-4 5.54806E-4 5.53072E-4 4.73449E-4 5.02048E-4 5.30767E-4 5.14262E-4 5.04364E-4 5.02846E-4 5.01148E-4
9.03517E-5 8.05437E-5 8.51507E-5 9.12253E-5 9.98883E-5 1.00317E-4 9.89365E-5 1.02668E-4 1.0238E-4 1.18633E-4 1.10753E-4 6.78241E-5 1.4218E-4 1.44545E-4 1.45497E-4 1.35517E-4 1.39965E-4 1.33327E-4 1.41516E-4 1.45005E-4 1.05116E-4 1.43645E-4 1.79244E-4 1.79557E-4 9.52565E-5 1.0274E-4 2.88117E-5 1.98634E-4 2.43632E-4 2.12175E-4 2.71942E-4 2.68347E-4 2.43144E-4 2.275E-4 2.56612E-4 2.62009E-4 1.80026E-4 4.3851E-5 2.63606E-5 4.15942E-4 3.58301E-4 3.16419E-4 3.31013E-4 3.8839E-4 3.90673E-4 3.98236E-4 3.62192E-4 4.11288E-4 4.18843E-4 4.0968E-4 4.07042E-4 4.13324E-4 4.09071E-4 4.23724E-4 4.51469E-4 4.56869E-4 4.57399E-4 5.36649E-4 5.62676E-4 5.16694E-4 4.90548E-4 5.11828E-4 5.16908E-4 5.33103E-4 5.33241E-4 5.39354E-4
7.34184E-5 8.7215E-5 1.04725E-4 1.06542E-4 1.04485E-4 1.11793E-4 9.45734E-5 9.76384E-5 9.47348E-5 1.02715E-4 9.93993E-5 1.21322E-4 1.26789E-4 1.14035E-4 1.31695E-4 1.26005E-4 1.34701E-4 1.11638E-4 1.23298E-4 1.22587E-4 1.27951E-4 1.30834E-4 1.72889E-4 1.50023E-4 1.58844E-4 1.59455E-4 1.68814E-4 1.82769E-4 1.97786E-4 2.16665E-4 2.03104E-4 2.11887E-4 1.89662E-4 1.80969E-4 2.10648E-4 2.47871E-4 2.87532E-4 1.80942E-4 1.49328E-4 3.81528E-4 3.51582E-4 3.16891E-4 3.81379E-4 3.46314E-4 4.18524E-4 3.78965E-4 4.1905E-4 4.10796E-4 3.87546E-4 4.00477E-4 4.12704E-4 4.14565E-4 4.14158E-4 4.21845E-4 4.28727E-4 4.37147E-4 4.64859E-4 5.69551E-4 5.67556E-4 4.77125E-4 5.01487E-4 5.52999E-4 4.67654E-4 4.84303E-4 5.14284E-4 5.18844E-4
7.8966E-5 9.16421E-5 8.70043E-5 9.15113E-5 1.06613E-4 1.11485E-4 1.11162E-4 9.39883E-5 1.02522E-4 1.05883E-4 1.04401E-4 1.0992E-4 1.05554E-4 1.07111E-4 1.11326E-4 1.19753E-4 1.2053E-4 1.03559E-4 1.05157E-4 8.27672E-5 3.96328E-5 1.07192E-4 8.91143E-5 1.30411E-4 1.33353E-4 1.33307E-4 1.49266E-4 1.57725E-4 1.5787E-4 1.66414E-4 1.82806E-4 1.78705E-4 1.37992E-4 1.67806E-4 1.90635E-4 2.30172E-4 2.53386E-4 1.79442E-4 4.32493E-4 4.06581E-4 3.41389E-4 3.93594E-4 3.72917E-4 3.8043E-4 3.93306E-4 4.00937E-4 3.91744E-4 3.8273E-4 3.8708E-4 4.18161E-4 4.17E-4 4.44264E-4 4.1151E-4 4.19634E-4 4.30782E-4 4.34629E-4 4.34606E-4 1.0982E-4 9.18752E-5 4.74907E-4 5.04497E-4 5.25068E-4 5.0676E-4 4.92799E-4 4.72332E-4 4.87761E-4
8.039E-5 8.57747E-5 1.03048E-4 1.01609E-4 1.04314E-4 1.07301E-4 9.52064E-5 1.00711E-4 1.08676E-4 1.13296E-4 1.01085E-4 1.07077E-4 1.08624E-4 1.07901E-4 1.12344E-4 1.03653E-4 1.01926E-4 9.43803E-5 1.05702E-4 7.66074E-5 3.69784E-5 1.97392E-7 2.84859E-5 1.11681E-4 6.16498E-5 1.28375E-4 1.46524E-4 1.50062E-4 1.42425E-4 1.55728E-4 1.74368E-4 1.5812E-4 1.54253E-4 1.41329E-4 1.84235E-4 2.1441E-4 2.56657E-4 2.67184E-4 1.97975E-4 3.42109E-4 3.77543E-4 3.4552E-4 3.67493E-4 4.11045E-4 3.99144E-4 4.19965E-4 3.97741E-4 4.16049E-4 3.90409E-4 4.52554E-4 4.55801E-4 4.14746E-4 4.17212E-4 4.16268E-4 5.31603E-4 4.55381E-4 4.65518E-4 3.16121E-4 3.44865E-6 4.76779E-4 4.92265E-4 5.1167E-4 5.35044E-4 5.08274E-4 4.97317E-4 4.9905E-4
9.21887E-5 2.17007E-6 3.37959E-5 9.28953E-5 9.86474E-5 7.77296E-5 1.02236E-4 1.06913E-4 7.43538E-5 7.31215E-5 9.73861E-5 1.00014E-4 7.06268E-5 1.00823E-4 2.43042E-5 8.91731E-5 8.8538E-5 6.78423E-5 4.9948E-5 3.63811E-5 5.24008E-5 4.38504E-6 1.43876E-6 4.88117E-5 3.23618E-6 2.0096E-7 1.19114E-5 1.33893E-4 1.21943E-4 1.38733E-4 1.54914E-4 1.56237E-4 1.59329E-4 1.67768E-4 1.80047E-4 2.10283E-4 2.18447E-4 2.52574E-4 3.76478E-4 3.44586E-4 3.50864E-4 3.42326E-4 3.79352E-4 3.89683E-4 3.92747E-4 4.19447E-4 4.09965E-4 4.36166E-4 4.45004E-4 4.76767E-4 4.64225E-4 4.20989E-4 4.21151E-4 4.17663E-4 4.48526E-4 4.59301E-4 4.75614E-4 5.52304E-4 2.20341E-7 4.7555E-4 4.73743E-4 4.80342E-4 4.95784E-4 5.01198E-4 5.21073E-4 5.48099E-4
1.5936E-5 6.77994E-5 3.29168E-5 9.06866E-5 9.72174E-5 8.94085E-5 1.00649E-4 1.01534E-4 1.00148E-4 1.02451E-4 8.63216E-5 7.60569E-5 7.78019E-5 7.22624E-5 5.81349E-5 5.65908E-5 6.87738E-5 2.83934E-5 5.88686E-5 1.26305E-5 4.34647E-6 1.99787E-6 7.84139E-5 2.64684E-6 8.03265E-6 8.34995E-6 5.83921E-5 1.19428E-4 1.33615E-4 1.36698E-4 1.43113E-4 1.49196E-4 1.29992E-4 1.45033E-4 1.65397E-4 1.96837E-4 2.08008E-4 2.35134E-4 2.18669E-4 3.40796E-4 3.29703E-4 3.61185E-4 3.67877E-4 3.88026E-4 3.90582E-4 4.14848E-4 4.61907E-4 4.50584E-4 4.90801E-4 5.01941E-4 4.85843E-4 4.2648E-4 4.14273E-4 4.25929E-4 4.50718E-4 4.63731E-4 4.70621E-4 5.24102E-4 5.43818E-5 2.43818E-4 4.66158E-4 4.70497E-4 5.39517E-4 5.26355E-4 5.34519E-4 5.61387E-4
8.41235E-5 8.37496E-5 8.82314E-5 8.45883E-5 9.41721E-5 9.37942E-5 9.32843E-5 8.57471E-5 8.98697E-5 6.72136E-5 2.94796E-5 7.15154E-5 7.55438E-5 6.33919E-5 3.6281E-5 8.16221E-7 7.94359E-7 2.92566E-8 1.23084E-8 2.51101E-7 4.30188E-7 9.19344E-6 2.54029E-9 1.92795E-9 5.69891E-7 1.07032E-7 4.25107E-6 1.04326E-4 1.12787E-4 1.10104E-4 1.10877E-4 1.34531E-4 1.24508E-4 1.12726E-4 1.59497E-4 1.67211E-4 1.81413E-4 2.29984E-4 3.00034E-5 3.46691E-4 1.72877E-4 2.28581E-4 3.80059E-4 3.92906E-4 3.61318E-4 4.0078E-4 4.48545E-4 4.71804E-4 4.80256E-4 4.81825E-4 4.84426E-4 4.63153E-4 4.36783E-4 4.17267E-4 4.26116E-4 4.44807E-4 4.55921E-4 4.71875E-4 2.23887E-4 6.04109E-5 4.70637E-4 4.66032E-4 5.17215E-4 5.09819E-4 5.73837E-4 5.75065E-4
4.02118E-5 6.37278E-5 5.4846E-5 5.88723E-5 7.70363E-5 9.04013E-5 8.88916E-5 6.10195E-5 7.93956E-5 5.5628E-5 6.7356E-5 6.44975E-5 5.99567E-5 2.07449E-5 4.52769E-5 2.18451E-5 1.62776E-7 6.07269E-7 3.66357E-7 4.07166E-7 4.50978E-9 3.90745E-6 2.02571E-8 8.96706E-8 7.81921E-5 8.33451E-5 8.78928E-5 9.51329E-5 1.10318E-4 1.2732E-4 1.18454E-4 1.22334E-4 1.46495E-4 1.62708E-4 1.65703E-4 1.64279E-4 1.76175E-4 2.30752E-4 2.67569E-5 6.67509E-5 1.8674E-5 5.28419E-5 2.00354E-4 3.55491E-4 3.76724E-4 4.08567E-4 4.51553E-4 4.2566E-4 4.59556E-4 4.83491E-4 4.79909E-4 4.86927E-4 4.87213E-4 4.33076E-4 4.21653E-4 4.40427E-4 4.50689E-4 4.64672E-4 3.14818E-4 1.18987E-5 5.37387E-4 4.98038E-4 4.92134E-4 5.48302E-4 5.17801E-4 5.08679E-4
3.14213E-5 7.56666E-5 7.21909E-5 4.05707E-5 1.4659E-5 5.86444E-5 7.56835E-5 3.71558E-5 4.8502E-5 4.1315E-5 2.15018E-6 2.83938E-6 4.0092E-8 5.64821E-12 8.24478E-10 1.71185E-9 2.14677E-10 2.53012E-11 2.26608E-14 1.62468E-8 5.8312E-15 4.32913E-13 1.65822E-9 2.27547E-6 5.83958E-5 1.54395E-5 8.1877E-5 9.03907E-5 1.06704E-4 1.25166E-4 1.06523E-4 1.23897E-4 1.24774E-4 1.44718E-4 1.45506E-4 1.72964E-4 2.04473E-4 2.29277E-4 2.70735E-4 3.12311E-4 2.61988E-4 3.12646E-4 3.22367E-4 3.79561E-4 3.42417E-4 3.5883E-4 3.78166E-4 4.12623E-4 4.54592E-4 4.06839E-4 4.20632E-4 4.78819E-4 4.79917E-4 4.46865E-4 4.87253E-4 4.37956E-4 4.50531E-4 4.87386E-4 5.65268E-4 1.90402E-5 4.50568E-4 4.75231E-4 5.16378E-4 5.55551E-4 4.92517E-4 4.72391E-4
1.73325E-5 2.094E-6 4.61554E-5 7.26395E-5 5.93017E-5 3.81823E-5 3.5794E-5 1.30221E-5 4.6592E-7 1.33984E-12 4.02023E-14 2.41971E-17 3.57107E-15 3.07944E-12 2.1335E-16 1.54671E-14 2.28428E-14 9.48978E-18 4.4736E-16 6.76363E-14 2.29423E-14 1.02824E-7 4.98807E-11 2.21991E-8 5.90707E-9 1.65701E-5 9.2662E-5 9.12149E-5 1.01089E-4 1.17512E-4 1.30911E-4 1.26295E-4 1.24451E-4 1.41654E-4 1.37713E-4 1.60874E-4 1.85359E-4 2.14606E-4 2.48309E-4 2.54627E-4 2.67858E-4 3.36517E-4 3.21169E-4 3.33552E-4 3.81305E-4 3.7411E-4 3.59257E-4 3.99669E-4 4.04778E-4 3.97976E-4 4.19596E-4 4.07668E-4 4.59053E-4 4.86005E-4 2.90705E-4 5.03488E-4 4.65698E-4 4.86842E-4 5.21944E-4 2.86923E-5 4.86678E-4 4.79697E-4 4.88303E-4 5.36358E-4 5.01998E-4 5.05651E-4
1.00906E-5 2.69009E-5 2.57999E-5 3.11192E-5 3.50524E-5 5.65895E-7 5.39059E-9 5.50604E-7 1.43893E-11 2.19217E-11 1.84641E-12 1.83638E-8 1.66704E-7 1.82322E-11 1.12359E-10 2.00285E-15 4.97382E-16 4.28243E-15 3.96866E-15 9.85508E-16 2.07956E-15 4.84701E-8 6.40615E-7 2.157E-6 1.65885E-6 4.75382E-5 9.46718E-5 9.52855E-5 1.02021E-4 1.17653E-4 1.40229E-4 1.33721E-4 1.48029E-4 1.69616E-4 1.18614E-4 1.84974E-4 2.07333E-4 2.34026E-4 2.48805E-4 2.74945E-4 2.64031E-4 2.80579E-4 3.41977E-4 2.76439E-4 3.43063E-4 2.06892E-4 4.06507E-4 4.26562E-4 4.00108E-4 3.91786E-4 3.94033E-4 4.05035E-4 4.54516E-4 4.87222E-4 3.3329E-4 5.07714E-4 4.73223E-4 4.65881E-4 5.24628E-4 5.82183E-4 4.98981E-4 5.06504E-4 4.96519E-4 5.13223E-4 5.57096E-4 4.97549E-4
1.20139E-5 2.63194E-6 9.96123E-6 3.07877E-5 2.00551E-6 2.80588E-8 5.01476E-9 1.1389E-7 1.39628E-6 7.67188E-7 7.89718E-6 3.00116E-6 3.02236E-9 4.14194E-10 1.77308E-9 4.06346E-13 4.26373E-11 7.64225E-14 1.33069E-12 1.74792E-8 2.76689E-10 2.17398E-9 5.60687E-6 7.01219E-5 2.9934E-7 4.21153E-6 7.05242E-5 9.97859E-5 1.03148E-4 1.15642E-4 9.47528E-5 1.71586E-4 1.43445E-4 1.40923E-4 1.61243E-4 1.72513E-4 2.25362E-4 2.68334E-4 2.67066E-4 2.95472E-4 3.02932E-4 2.77832E-4 3.0522E-4 3.27984E-4 3.49523E-4 3.19418E-4 3.35929E-4 2.47136E-4 8.80733E-5 4.03422E-4 3.65763E-4 3.93272E-4 4.42266E-4 4.54783E-4 4.78137E-4 4.89148E-4 4.85454E-4 4.70434E-4 3.63394E-4 4.72653E-5 5.31435E-4 4.94101E-4 5.22842E-4 5.38816E-4 5.76155E-4 5.74354E-4
