catData/rasterBestHybridModels/Pviverrinus/RDbal_RM2_L/Pviverrinus_max.asc
ncols         409
nrows         350
xllcorner     60.897278365
yllcorner     5.843756025
cellsize      0.0892857
NODATA_value  -9999
[rows 203 to 231 of 350, columns 130 to 194 of 409]
-9999 -9999 -9999 -9999 -9999 1.22045E-4 1.12056E-4 7.03883E-5 9.57744E-5 1.18214E-4 1.10289E-4 4.75466E-5 5.87118E-6 9.37002E-6 5.21978E-6 5.32661E-6 6.61226E-6 1.40616E-5 1.30804E-5 1.7407E-5 1.53515E-5 8.89747E-6 8.90426E-6 2.6263E-5 7.85099E-6 5.70218E-6 3.34314E-6 8.62331E-6 7.67388E-6 1.48982E-5 2.82152E-5 1.29737E-5 1.65012E-5 9.93045E-6 6.9353E-6 4.40969E-6 6.06471E-6 4.50035E-6 1.26377E-6 1.49067E-6 5.22074E-6 2.04609E-6 3.97532E-6 6.21395E-6 1.73131E-5 6.86927E-7 2.59851E-6 2.98393E-6 3.37314E-6 5.68891E-6 5.84405E-6 2.26129E-6 5.71387E-6 8.24657E-6 2.722E-6 2.98101E-6 5.15803E-6 1.63757E-5 4.48448E-6 5.05082E-7 1.40933E-6 1.4423E-5 3.94657E-5 2.25986E-6 6.26218E-5
-9999 -9999 -9999 -9999 4.94526E-4 1.31052E-4 7.38884E-5 1.50415E-4 1.63507E-4 7.36524E-5 7.57575E-5 1.04875E-5 9.43147E-6 2.28851E-6 5.59347E-6 8.30197E-6 1.41683E-5 8.8666E-6 5.76381E-6 2.03174E-5 1.63193E-5 1.62558E-5 1.74339E-5 3.59707E-5 1.90533E-5 1.60724E-5 1.71555E-5 8.11146E-6 7.70413E-6 1.31512E-5 2.75258E-5 1.84762E-5 2.30194E-5 1.06081E-5 4.99097E-6 4.87501E-6 4.94102E-6 7.44942E-6 1.48465E-6 3.38851E-7 1.14815E-6 9.14776E-7 2.41765E-6 3.89105E-6 7.80923E-6 1.04057E-5 1.92933E-6 9.53061E-7 7.38853E-6 5.79146E-6 2.91727E-6 1.19548E-6 6.27887E-6 2.19204E-5 1.57233E-5 2.3578E-6 8.1464E-6 4.49804E-6 1.27921E-6 4.07544E-7 7.80208E-6 5.59868E-6 4.58242E-5 7.73668E-6 1.01597E-5
-9999 -9999 -9999 -9999 1.97736E-4 8.276E-6 5.68834E-5 5.98161E-5 7.31741E-5 5.25111E-5 1.89576E-5 1.73739E-5 1.658E-5 2.41278E-5 1.18784E-5 7.51413E-6 1.25301E-5 1.51737E-5 9.61951E-6 5.51551E-6 7.65164E-6 2.22017E-5 3.44789E-5 3.26474E-5 2.37644E-5 1.87088E-5 2.14309E-5 2.11807E-5 2.36439E-6 3.03466E-6 2.78775E-5 2.18263E-5 8.43779E-6 6.8325E-6 9.4387E-6 7.50584E-6 2.45172E-6 1.04736E-5 2.06249E-5 5.14413E-6 1.22075E-6 1.48585E-6 2.06519E-6 1.28064E-6 2.954E-6 2.97192E-6 4.83057E-7 2.40439E-6 1.92948E-6 1.37063E-5 7.79518E-6 6.40702E-6 1.57016E-5 2.00092E-5 5.20142E-6 8.74305E-6 1.32933E-5 2.33273E-6 6.24458E-7 8.35119E-7 4.44153E-6 3.18005E-5 3.74509E-5 6.59091E-6 3.62054E-6
-9999 -9999 -9999 -9999 2.4377E-4 1.14247E-4 5.54828E-5 5.96042E-5 5.64981E-5 8.36935E-5 7.73461E-5 6.85955E-6 3.40363E-5 1.27009E-5 1.01985E-4 2.4543E-5 3.02594E-5 1.08901E-5 7.74531E-6 1.28946E-5 7.73384E-6 1.04078E-5 2.38304E-5 2.815E-5 2.45584E-5 7.44111E-6 1.47531E-5 2.36122E-5 3.75631E-5 5.42903E-6 1.35227E-5 1.96034E-5 1.58214E-5 4.17867E-6 2.9978E-6 3.01562E-6 1.78105E-6 2.33596E-6 1.85853E-6 1.6568E-6 9.23619E-7 5.92866E-7 5.85029E-7 2.52421E-6 7.03095E-7 5.13617E-6 5.76058E-6 2.50892E-6 1.65868E-6 3.63796E-6 3.9606E-6 1.88498E-6 2.99188E-6 1.31891E-5 4.02473E-6 6.72156E-6 3.26572E-6 2.72744E-5 5.47612E-6 2.01179E-5 4.7418E-5 4.85133E-5 2.80643E-5 4.56382E-5 4.69996E-6
-9999 -9999 -9999 -9999 4.10018E-4 7.90978E-5 1.08829E-4 3.71234E-5 1.96704E-4 7.0438E-5 9.85377E-5 1.31574E-5 3.87311E-6 1.27144E-5 5.62125E-5 2.9222E-4 4.40609E-5 2.83597E-5 2.44525E-5 2.59484E-5 2.22332E-5 4.87511E-5 2.31823E-5 2.59352E-5 5.06783E-6 8.6973E-6 1.24396E-5 2.10593E-5 1.72269E-5 2.7492E-5 5.46422E-6 8.8492E-6 1.56122E-5 2.68949E-5 2.06319E-5 8.77185E-6 9.40549E-6 2.17211E-6 9.19768E-7 1.11247E-6 6.27475E-6 3.74565E-6 4.21221E-6 2.08913E-5 4.66887E-6 2.68466E-6 3.14572E-6 2.43939E-6 3.04148E-6 4.30555E-6 6.83681E-6 5.81603E-7 8.12018E-6 1.25786E-5 5.80357E-6 2.10358E-6 2.56406E-6 1.85111E-6 1.76466E-5 4.66917E-5 4.20128E-5 4.58113E-5 4.4076E-5 3.99085E-5 1.09037E-5
-9999 -9999 -9999 -9999 3.97171E-4 2.76817E-4 3.13942E-4 2.49093E-4 5.39166E-5 4.45685E-5 1.11072E-4 6.80931E-5 7.96433E-6 2.1924E-5 2.46439E-5 4.19495E-5 1.75074E-5 2.94875E-5 1.86596E-5 2.46745E-5 1.3457E-5 3.61682E-5 6.21297E-5 1.38763E-5 7.67359E-6 2.05158E-5 1.65387E-5 2.63313E-5 1.33366E-5 2.56539E-5 6.92569E-6 6.81573E-6 2.51066E-5 1.5456E-5 2.28915E-5 1.05304E-5 3.16511E-6 2.90502E-6 2.13337E-6 2.10144E-6 4.44163E-6 1.64178E-6 1.98139E-6 2.30566E-6 1.33575E-5 2.57012E-5 9.16622E-6 7.33105E-6 2.25361E-6 2.75547E-6 1.67723E-6 7.59519E-6 6.35467E-6 2.71373E-6 1.19318E-6 2.49279E-6 5.37004E-7 1.46236E-6 5.08077E-6 4.3382E-5 2.63621E-5 1.2691E-5 9.57518E-6 8.30769E-6 3.20407E-5
-9999 -9999 -9999 -9999 3.48331E-4 2.52237E-4 7.61339E-5 3.37704E-4 1.18144E-4 1.11195E-4 6.97476E-5 6.31409E-5 1.4131E-5 2.83079E-5 3.85197E-6 2.12726E-6 1.68582E-5 2.18424E-5 1.4584E-5 1.23682E-5 1.569E-5 9.02416E-6 7.86293E-6 3.07575E-6 5.03621E-6 2.69235E-5 1.4367E-5 3.13085E-5 7.40646E-6 7.15924E-6 7.31236E-6 5.73696E-6 5.96878E-6 1.77519E-5 1.13443E-5 1.64473E-5 1.16893E-5 5.95787E-6 2.17712E-6 1.96792E-6 7.74955E-6 3.07235E-6 1.9884E-6 8.51223E-7 1.07461E-6 6.39108E-6 2.03771E-5 9.16684E-6 4.55065E-6 1.23877E-6 2.27291E-6 3.37536E-6 1.93567E-5 8.49372E-6 3.32927E-6 6.39733E-6 9.14945E-7 1.02709E-6 2.53893E-6 1.39854E-5 4.53672E-5 3.37941E-5 6.28293E-6 2.22091E-6 8.71793E-6
-9999 -9999 -9999 -9999 -9999 3.71359E-4 1.75725E-4 7.19245E-5 1.42259E-4 9.14206E-5 4.59828E-5 1.92033E-5 4.4728E-6 8.2358E-6 2.1035E-6 2.73525E-6 5.57626E-6 1.66547E-5 2.32277E-5 8.52765E-6 2.95295E-5 2.06938E-5 3.47407E-5 1.42005E-5 2.47259E-5 2.81272E-5 1.85936E-5 1.23523E-5 1.48282E-5 7.67609E-6 1.25782E-5 1.025E-5 6.67999E-6 8.23315E-6 3.97988E-6 1.14585E-5 1.85113E-5 2.51351E-5 1.1217E-5 7.43334E-6 6.58246E-6 2.26589E-6 1.99034E-6 2.4273E-6 5.03594E-6 3.35082E-6 5.98398E-6 2.98972E-6 8.49753E-6 5.01333E-6 2.74648E-6 4.92519E-6 1.36923E-6 3.29853E-6 7.07268E-7 2.68369E-6 3.65569E-6 7.38122E-6 3.25267E-6 1.4755E-6 4.51004E-5 4.36369E-5 3.59374E-5 7.43276E-6 1.72416E-6
-9999 -9999 -9999 -9999 -9999 -9999 1.77959E-4 7.19634E-5 2.65347E-4 1.07966E-4 5.90912E-5 5.43129E-5 1.08622E-5 2.78842E-5 1.64502E-5 1.60971E-6 1.21926E-5 1.56615E-5 1.15483E-5 5.22512E-6 2.30801E-5 1.79827E-5 2.79387E-5 9.63964E-6 7.55475E-6 1.17279E-5 2.10318E-5 2.23979E-5 5.49479E-5 1.89066E-5 2.91673E-6 4.6502E-6 7.99025E-6 6.85041E-6 2.6306E-5 1.29315E-5 4.55616E-6 7.05311E-6 1.17352E-5 7.82299E-6 4.89943E-6 3.43287E-6 2.97837E-6 9.44712E-7 2.94285E-6 2.46979E-6 2.19761E-6 1.91085E-6 8.47047E-6 4.77607E-6 1.3436E-6 1.50414E-6 1.84815E-6 3.81318E-7 4.34505E-6 3.5274E-6 2.92381E-5 3.42066E-6 4.67642E-6 8.28141E-6 2.54031E-5 3.33013E-5 2.58406E-5 3.07048E-5 9.86514E-6
-9999 -9999 -9999 -9999 -9999 3.47749E-4 1.82253E-4 2.48573E-4 1.80369E-4 1.603E-4 2.36713E-5 2.11563E-4 6.71266E-5 1.42463E-5 1.57486E-6 3.09184E-6 1.52165E-5 2.16182E-5 1.17809E-5 2.63768E-5 2.6396E-5 1.86855E-5 3.10515E-5 2.86676E-5 2.82612E-5 2.12168E-5 1.05082E-5 9.81672E-6 1.74889E-5 5.85705E-5 5.5528E-6 8.23593E-6 2.67107E-5 9.74699E-6 3.49803E-6 7.24379E-6 4.76196E-6 1.40591E-5 3.52858E-6 7.20997E-6 4.33665E-6 5.83955E-7 1.08282E-6 3.9069E-6 2.26086E-6 1.72271E-6 3.90008E-6 8.77084E-7 3.41174E-6 3.09149E-6 1.73944E-6 8.45515E-7 4.13178E-6 1.72097E-6 7.64121E-7 2.94598E-6 2.01995E-5 4.68489E-6 1.04543E-6 1.0002E-6 5.90994E-6 4.20341E-5 2.17378E-5 1.08174E-5 1.31626E-5
-9999 -9999 -9999 -9999 -9999 -9999 3.05913E-4 2.69967E-4 6.00437E-5 9.55907E-5 8.67941E-5 2.63896E-5 3.66059E-5 2.18115E-5 1.0686E-6 1.41094E-6 5.65616E-6 1.40419E-5 1.04477E-5 8.03891E-6 1.91491E-5 2.444E-5 4.5531E-5 5.17396E-5 4.74899E-5 1.25077E-5 1.47359E-5 6.29166E-6 2.10254E-5 1.80221E-5 7.9383E-6 1.491E-5 1.4353E-5 6.32364E-6 3.26861E-6 1.8068E-5 1.81656E-6 8.88021E-6 1.8248E-5 1.60933E-5 1.16084E-5 7.6735E-6 2.07973E-6 5.99544E-6 7.19624E-6 2.03616E-6 3.3293E-6 6.57024E-6 7.8205E-6 7.2388E-6 1.97764E-6 1.51556E-6 7.79421E-7 6.89089E-6 2.07498E-6 1.45806E-6 1.98628E-6 8.37319E-6 6.59935E-6 5.513E-7 1.05266E-6 3.14854E-6 9.78993E-7 1.36925E-5 4.27665E-6
-9999 -9999 -9999 -9999 -9999 -9999 3.45935E-4 2.48132E-4 6.6924E-5 3.33501E-5 2.93913E-5 6.22661E-5 5.94587E-5 1.98745E-5 9.30403E-6 6.15397E-6 4.24762E-6 1.17726E-5 1.81872E-5 1.89586E-5 1.92593E-5 8.9288E-6 1.166E-5 6.59939E-6 1.80222E-5 5.36362E-6 5.58508E-6 5.91193E-6 1.31416E-5 2.88013E-5 1.15765E-5 3.24051E-6 1.82336E-6 5.31386E-6 5.11247E-6 1.74652E-6 1.01234E-5 1.00498E-5 1.09799E-5 2.87205E-5 8.53163E-6 1.62771E-5 1.1304E-5 5.28603E-6 2.08244E-6 2.32851E-6 1.80672E-6 3.07678E-6 1.81157E-6 1.32751E-6 4.94167E-6 2.15842E-6 5.31176E-7 6.74283E-6 1.53198E-6 3.69136E-6 1.35086E-6 9.67466E-6 8.24064E-6 2.25324E-6 8.00671E-7 6.08758E-7 1.6208E-6 9.76778E-6 5.01651E-6
-9999 -9999 -9999 -9999 -9999 -9999 4.61982E-4 3.8314E-4 3.18004E-5 2.58317E-5 3.40655E-5 1.50592E-4 7.29291E-5 2.86549E-5 4.2321E-6 8.06341E-6 1.8075E-5 3.47362E-6 7.15071E-6 1.05577E-5 1.72577E-5 8.58311E-6 4.25503E-6 9.10159E-7 2.60357E-6 7.59492E-6 1.29225E-5 1.01009E-5 1.50758E-5 3.06686E-5 6.8293E-6 5.09971E-6 8.17314E-6 7.98866E-6 2.52772E-5 3.35987E-6 1.62251E-5 6.21148E-6 1.01122E-5 1.8183E-5 1.48463E-5 2.77906E-5 1.34668E-5 3.00919E-6 1.06192E-6 4.24179E-6 8.19395E-6 1.3912E-6 1.16065E-6 2.5003E-6 1.94297E-6 1.41215E-6 3.03072E-6 9.98531E-6 4.33673E-6 2.69633E-6 4.8989E-7 7.77144E-7 2.42217E-6 7.8054E-6 1.40845E-6 1.05693E-6 1.6975E-6 7.31098E-6 1.56213E-5
-9999 -9999 -9999 -9999 -9999 -9999 -9999 4.82303E-4 6.50268E-5 1.78651E-5 5.70462E-5 1.25829E-4 8.32337E-5 4.42356E-5 7.63253E-6 8.82255E-6 2.06058E-5 1.33097E-5 1.02189E-5 9.14296E-6 8.75622E-6 6.32099E-6 1.10779E-5 6.86728E-6 1.48718E-5 9.14803E-6 1.66496E-5 1.10401E-5 6.9788E-6 1.10575E-5 1.46113E-5 1.36131E-5 1.02465E-5 2.9476E-5 1.64422E-5 6.8244E-6 1.0643E-5 2.19471E-5 5.54463E-6 1.46307E-5 9.59938E-6 1.99552E-5 4.71677E-6 8.90854E-6 1.49989E-5 1.40885E-5 4.26602E-6 1.27759E-6 1.17225E-6 8.13924E-7 5.58068E-7 4.52616E-6 4.33347E-6 2.93453E-6 9.40312E-6 4.48059E-6 4.43529E-6 1.97523E-6 2.22891E-6 2.84314E-6 2.2347E-5 1.17327E-6 1.48981E-6 1.267E-5 4.93274E-6
-9999 -9999 -9999 -9999 -9999 -9999 -9999 2.65824E-4 9.35355E-5 2.81321E-5 2.79451E-5 3.28998E-5 1.85623E-4 9.45634E-5 5.43643E-5 4.62666E-6 3.96788E-6 5.95819E-6 1.54706E-5 3.91158E-6 6.1776E-6 1.25122E-5 7.47245E-6 5.33799E-6 3.17929E-5 3.18489E-5 3.37736E-5 2.00534E-5 8.78231E-6 1.85395E-5 1.79394E-5 1.80235E-5 1.39645E-5 3.98045E-5 1.44572E-5 9.02501E-6 1.64009E-5 1.51805E-5 3.9678E-5 9.24262E-6 7.2486E-6 1.04404E-6 3.92657E-6 4.03604E-6 1.03187E-6 3.04075E-6 6.99063E-6 2.68395E-6 2.13947E-6 1.50655E-6 1.53215E-6 3.31718E-6 4.0202E-6 3.78993E-6 2.10661E-6 1.03259E-5 3.1614E-6 5.07839E-6 1.6121E-6 4.36183E-6 1.27729E-6 3.24668E-6 3.86783E-6 1.34734E-6 2.75569E-6
-9999 -9999 -9999 -9999 -9999 -9999 -9999 2.45458E-4 1.54427E-4 1.49754E-4 2.0129E-4 7.65278E-5 5.55033E-5 1.2851E-4 4.85213E-5 2.85802E-5 8.62263E-6 6.63978E-6 3.0919E-5 5.98357E-6 9.57186E-6 5.97307E-6 9.44055E-6 1.755E-5 1.95069E-5 2.12555E-5 1.81251E-5 2.49803E-5 1.33092E-5 8.16317E-6 1.06052E-5 2.15971E-6 1.70719E-5 1.0345E-5 8.49401E-6 1.73859E-5 2.21321E-5 1.92261E-5 1.38556E-5 3.14724E-6 8.58164E-6 9.3948E-7 3.03495E-6 1.41637E-5 4.10538E-6 2.175E-6 2.19173E-5 1.16459E-6 1.15478E-6 9.65036E-7 2.19996E-6 1.13678E-6 3.27503E-6 1.32456E-6 1.15893E-5 7.07253E-6 1.35828E-5 3.56785E-6 1.04268E-5 1.17069E-6 1.72151E-6 5.40176E-6 7.80766E-6 2.17327E-5 2.17674E-6
-9999 -9999 -9999 -9999 -9999 -9999 -9999 -9999 1.78114E-4 2.05983E-4 5.91118E-5 5.63005E-5 8.50893E-5 1.09854E-4 5.44294E-5 1.0708E-5 3.77409E-6 2.35286E-5 9.68787E-6 4.63782E-6 9.05643E-6 6.20695E-6 1.31811E-5 1.07621E-5 1.68448E-5 2.39395E-5 2.49052E-5 2.79051E-5 2.14191E-5 1.92482E-5 1.14449E-5 1.84737E-5 2.23911E-5 5.87666E-6 1.20148E-5 8.239E-6 3.31863E-5 7.39006E-6 5.01442E-6 3.5718E-6 1.6969E-6 3.13863E-6 2.84069E-6 6.33853E-6 6.61228E-6 1.27041E-6 1.90184E-6 4.70941E-6 9.65368E-6 5.40947E-6 1.34078E-5 2.21064E-6 4.50207E-7 2.20766E-6 1.16874E-5 2.09256E-6 8.18175E-6 6.42224E-6 1.61961E-6 1.86987E-6 9.93799E-7 1.52804E-6 3.83082E-6 3.18519E-6 2.96548E-6
-9999 -9999 -9999 -9999 -9999 -9999 -9999 -9999 7.09254E-5 2.67298E-4 1.46907E-4 1.23902E-4 2.72773E-4 8.99809E-5 5.13494E-5 3.99928E-6 4.03365E-5 4.23584E-5 1.23615E-5 6.63996E-6 4.27076E-6 1.10453E-5 1.49487E-5 2.34246E-5 1.61498E-5 2.81565E-5 2.82783E-5 2.79431E-5 2.1983E-5 2.26564E-5 5.07269E-6 3.43339E-5 3.48053E-5 6.63287E-6 2.90392E-5 7.42203E-6 6.22142E-6 1.3828E-5 4.77988E-6 5.71356E-6 1.79288E-6 4.32402E-6 4.16436E-6 3.82333E-6 3.43317E-6 3.659E-6 1.5782E-6 2.01627E-6 4.49933E-6 3.25822E-6 7.80484E-6 1.33599E-5 3.34644E-6 1.59762E-6 5.43171E-6 4.59019E-6 8.36255E-6 2.63855E-6 2.81816E-6 1.06639E-6 7.34478E-7 2.03143E-6 3.0577E-6 4.12446E-6 5.62869E-6
-9999 -9999 -9999 -9999 -9999 -9999 -9999 -9999 2.25593E-4 1.93474E-4 2.8636E-4 8.75837E-5 2.03309E-4 7.86334E-5 4.81186E-5 3.65962E-6 1.62445E-5 7.77623E-5 5.64893E-5 8.60901E-6 1.74381E-6 4.28151E-6 3.86139E-7 3.9755E-6 1.0393E-5 7.22458E-6 2.86219E-5 2.74476E-5 3.67946E-5 3.06719E-5 9.66856E-6 2.56803E-5 1.8578E-5 2.47814E-5 8.98239E-6 1.59379E-5 7.77817E-6 7.60922E-6 5.96341E-6 1.69521E-6 1.00248E-5 6.14344E-6 2.09959E-5 2.02575E-5 4.53591E-6 2.08257E-6 1.99028E-6 1.71515E-6 3.6356E-6 4.08541E-6 2.79849E-6 6.35523E-6 2.59034E-5 1.77055E-5 8.57271E-6 1.0486E-5 3.27693E-6 4.75084E-6 1.06826E-6 1.09951E-6 1.3809E-6 3.15562E-6 2.44384E-6 5.79793E-6 1.16483E-5
-9999 -9999 -9999 -9999 -9999 -9999 -9999 -9999 2.75361E-4 3.00238E-4 2.47929E-4 3.5131E-4 3.17575E-4 1.00802E-4 6.45191E-5 2.15683E-5 2.51804E-6 4.77132E-6 4.38776E-5 2.06057E-5 3.96479E-6 1.61019E-6 9.52767E-7 7.13241E-6 2.20832E-6 5.51961E-6 3.5371E-6 1.5494E-5 3.18211E-5 3.50489E-5 2.65688E-5 2.65909E-5 3.57478E-5 2.84756E-5 2.67856E-5 2.26072E-5 1.91245E-5 1.21957E-5 1.6351E-5 3.4001E-6 3.98216E-6 8.71162E-6 2.55628E-5 3.00631E-5 9.14019E-6 5.88754E-6 2.35971E-7 1.01437E-6 1.41589E-6 1.65707E-6 4.93351E-6 3.52403E-5 4.55632E-5 2.46635E-5 8.75631E-6 3.22686E-6 1.47801E-6 4.20181E-6 9.74515E-6 1.32013E-6 1.35659E-6 3.48335E-6 7.62105E-7 6.62984E-6 1.36476E-5
-9999 -9999 -9999 -9999 -9999 -9999 -9999 -9999 5.46864E-4 1.71069E-4 2.52582E-4 3.41865E-4 2.64761E-4 1.27948E-4 6.07858E-5 2.94245E-5 8.81454E-6 5.53473E-6 3.61353E-5 8.23737E-5 1.84646E-5 6.4567E-6 2.61811E-6 3.32816E-6 2.19477E-6 1.05198E-6 2.7062E-6 2.09346E-5 3.26552E-5 3.08285E-5 3.45008E-5 2.38751E-5 2.55869E-5 3.58413E-5 2.60573E-5 2.27607E-5 1.60845E-5 2.85463E-5 1.95543E-5 9.03556E-6 1.05286E-5 1.54703E-5 2.53617E-5 2.58147E-5 1.01604E-5 6.48171E-6 3.46692E-6 2.25162E-5 4.89424E-5 1.35665E-5 2.02328E-5 2.33725E-5 3.13573E-5 2.62759E-5 2.52635E-6 1.41317E-6 4.59553E-6 7.24339E-6 3.5569E-5 5.42691E-6 1.34182E-6 1.92142E-6 7.35097E-7 4.44465E-6 2.85998E-5
-9999 -9999 -9999 -9999 -9999 -9999 -9999 -9999 -9999 1.61165E-4 2.4835E-4 3.8201E-4 2.83708E-4 2.89518E-4 1.54092E-4 6.43621E-5 7.3599E-6 7.16112E-6 9.56812E-6 2.87743E-5 3.08565E-5 1.47376E-5 4.95247E-6 2.40299E-6 2.67116E-6 2.69377E-6 9.95252E-7 2.77881E-5 3.27988E-5 3.37639E-5 3.07784E-5 1.5236E-5 3.32103E-5 3.89015E-5 3.28945E-5 2.39611E-5 1.11154E-5 2.77402E-5 6.36157E-6 1.32339E-5 6.10127E-6 7.37114E-6 1.00786E-5 2.40997E-5 3.49513E-5 3.65778E-6 4.71142E-6 2.73077E-6 1.28582E-5 6.06587E-6 4.2012E-6 1.71365E-5 1.46441E-5 1.53423E-5 3.24148E-6 6.84349E-6 7.57453E-6 2.69861E-5 4.95219E-5 1.82406E-5 4.37204E-6 6.41324E-6 2.74802E-5 1.9233E-5 3.09969E-5
-9999 -9999 -9999 -9999 -9999 -9999 -9999 -9999 -9999 1.33396E-4 3.70663E-4 3.84097E-4 3.24594E-4 2.68254E-4 1.1755E-4 6.41579E-5 1.96338E-5 4.20868E-5 1.52797E-5 4.79237E-5 4.44038E-5 1.5316E-5 8.9279E-6 1.68185E-5 2.04759E-6 6.90238E-7 6.62743E-6 7.53923E-6 2.05184E-5 3.23713E-5 4.71927E-6 1.33276E-5 2.14864E-5 2.62595E-5 2.85691E-5 3.69453E-5 3.58316E-5 7.21997E-6 1.77243E-5 3.28907E-5 1.26533E-5 4.875E-6 4.26154E-6 1.93768E-5 1.09571E-5 7.26264E-6 3.7899E-6 9.90832E-7 1.00911E-5 3.8604E-6 4.36889E-6 3.1354E-6 4.011E-6 1.14977E-5 1.05924E-5 1.2015E-5 2.95165E-5 3.05035E-5 1.91165E-5 2.15983E-5 6.22004E-6 1.18695E-5 9.47174E-6 4.14015E-5 1.03188E-5
-9999 -9999 -9999 -9999 -9999 -9999 -9999 -9999 -9999 1.05092E-4 1.3195E-4 3.52012E-4 3.42277E-4 2.52729E-4 8.33735E-5 5.84903E-5 2.84022E-6 5.06739E-6 2.05601E-5 7.61752E-5 7.29213E-5 3.3823E-5 5.54071E-6 4.49553E-5 2.22606E-5 7.03916E-6 3.25511E-7 1.1065E-5 2.40221E-5 1.89114E-5 5.92449E-6 3.34005E-6 3.29412E-6 2.51407E-5 2.74913E-5 1.69493E-5 3.53964E-5 2.56846E-5 1.55469E-5 1.14445E-5 2.96485E-5 1.19277E-5 5.58677E-6 2.63608E-6 4.59599E-6 2.09959E-6 8.40016E-7 3.59632E-6 3.51005E-5 1.44664E-5 2.14421E-6 4.35315E-5 5.68205E-6 7.42482E-6 4.38846E-6 7.82824E-6 4.84383E-5 5.28106E-5 1.35426E-5 4.04631E-5 1.25354E-5 2.68423E-6 5.14431E-6 2.40276E-6 8.1945E-6
-9999 -9999 -9999 -9999 -9999 -9999 -9999 -9999 -9999 2.0204E-4 3.21989E-4 4.34194E-4 4.03047E-4 3.09279E-4 1.43355E-4 9.68849E-5 4.26207E-5 4.82206E-5 2.09179E-5 9.02472E-6 2.8706E-6 7.79003E-6 1.02598E-5 1.27664E-5 1.11502E-5 1.78612E-5 1.78255E-5 1.22559E-5 5.89653E-6 1.22172E-5 2.19336E-5 2.09536E-6 4.31009E-6 1.5318E-5 9.00109E-6 1.39259E-5 1.30466E-5 1.70171E-5 1.19717E-5 1.45353E-5 7.64735E-6 7.02145E-6 8.53891E-6 6.58897E-6 8.64505E-6 2.81494E-6 1.94795E-6 9.04752E-6 6.36499E-6 2.13917E-6 4.79538E-6 1.95298E-5 5.08119E-5 1.81916E-5 1.96437E-5 1.19648E-5 4.57964E-5 2.16623E-5 2.1843E-5 4.04403E-5 9.14446E-6 7.39408E-6 1.52313E-6 5.22134E-6 1.43158E-5
-9999 -9999 -9999 -9999 -9999 -9999 -9999 -9999 -9999 1.40834E-4 2.80317E-4 3.42554E-4 4.3111E-4 3.94223E-4 2.56818E-4 9.84776E-5 5.90669E-5 3.14808E-5 9.25689E-5 3.44451E-5 6.3755E-5 4.52987E-5 7.42388E-5 5.49981E-5 2.24968E-5 1.85075E-5 1.57781E-5 1.1485E-5 1.28776E-5 2.04971E-5 8.24932E-6 5.19133E-6 1.3946E-5 2.38881E-5 1.91343E-5 3.14113E-5 3.75651E-5 1.5677E-5 6.8656E-6 4.65442E-6 1.99264E-6 3.04913E-6 3.67813E-6 2.69147E-6 1.56002E-6 8.02324E-6 1.47869E-5 1.23701E-5 8.7681E-6 3.4432E-5 2.3844E-5 5.15525E-5 5.66608E-5 5.29097E-5 2.6219E-5 4.40287E-5 5.97723E-5 1.26633E-5 2.89551E-5 8.7368E-6 6.09678E-6 6.80124E-6 3.20843E-6 1.27548E-6 3.74738E-5
-9999 -9999 -9999 -9999 -9999 -9999 -9999 -9999 -9999 2.06632E-4 3.72696E-5 3.35061E-4 4.3629E-4 4.2521E-4 2.99594E-4 1.11323E-4 9.71688E-5 5.06468E-5 2.62802E-5 3.44375E-6 5.93969E-6 4.40591E-5 2.76898E-5 4.17101E-5 1.75843E-5 1.14975E-5 1.60417E-5 4.72747E-5 1.93358E-5 2.65099E-5 3.92272E-5 1.71557E-5 9.58364E-6 1.368E-5 4.51127E-6 2.22643E-5 1.67611E-5 1.27832E-5 5.038E-6 6.30854E-6 8.50313E-6 1.25068E-6 1.62022E-6 1.05218E-5 1.10508E-5 5.76198E-5 1.69975E-5 2.97707E-5 2.01362E-5 1.01017E-5 1.87551E-5 4.41738E-5 5.44556E-5 5.31079E-5 5.17754E-5 3.23311E-5 3.41422E-5 4.26034E-5 3.10289E-5 1.56692E-5 1.38594E-5 2.76672E-5 4.38007E-5 1.06065E-5 1.08398E-5
-9999 -9999 -9999 -9999 -9999 -9999 -9999 -9999 -9999 1.25664E-4 2.55442E-5 1.85447E-4 4.41284E-4 3.55423E-4 3.22165E-4 1.01429E-4 7.35411E-5 2.92466E-5 7.58281E-5 1.54943E-5 1.64086E-5 4.2644E-5 1.23272E-5 2.1273E-5 1.43221E-5 4.78236E-5 2.09561E-5 3.40259E-5 4.77524E-5 2.09311E-5 3.36497E-5 2.54014E-5 5.17811E-5 1.25085E-5 6.11316E-6 1.84057E-5 1.99178E-5 2.78139E-5 2.43407E-5 3.15212E-5 2.05809E-5 2.94988E-5 1.36652E-6 9.69614E-6 6.22703E-6 2.56836E-5 1.16649E-5 1.49234E-5 3.67162E-5 2.93291E-5 4.07785E-5 5.10758E-5 5.30844E-5 4.88644E-5 4.95724E-5 3.10639E-5 4.94921E-5 5.68576E-5 2.33185E-5 3.94413E-5 3.57227E-5 1.08951E-5 9.00572E-6 6.38439E-6 3.20723E-5
-9999 -9999 -9999 -9999 -9999 -9999 -9999 -9999 -9999 -9999 4.45464E-5 1.3416E-4 3.99252E-4 4.05151E-4 2.90007E-4 1.05169E-4 9.04007E-5 9.67038E-5 1.8961E-5 2.23913E-5 1.73309E-5 4.34314E-6 3.50398E-6 6.81023E-6 1.72648E-5 1.37857E-5 1.325E-5 4.5087E-5 5.84742E-5 4.14333E-5 2.48898E-5 1.43413E-5 1.98083E-5 3.34258E-5 1.55406E-5 2.84075E-5 3.57208E-5 4.05763E-5 5.77217E-6 2.90711E-5 1.05862E-5 3.84606E-6 6.82627E-6 1.37646E-5 5.34037E-5 2.42193E-5 1.37673E-5 2.60575E-5 2.50571E-5 1.68233E-5 1.43989E-5 1.83997E-5 3.62185E-5 3.09598E-5 3.43241E-5 6.26889E-5 6.7646E-5 4.82315E-5 3.38673E-5 4.53792E-5 1.14057E-5 5.01125E-5 1.03498E-5 3.36136E-6 3.65194E-5
