catData/rasterBestHybridModels/Pviverrinus/RDbal_RM2_L/Pviverrinus_avg.asc
ncols         409
nrows         350
xllcorner     60.897278365
yllcorner     5.843756025
cellsize      0.0892857
NODATA_value  -9999
[rows 87 to 115 of 350, columns 0 to 65 of 409]
-9999 -9999 -9999 -9999 -9999 -9999 1.75898E-6 2.96546E-6 4.90378E-6 6.78226E-6 6.74782E-6 6.14856E-6 6.56785E-6 6.70003E-6 6.48573E-6 5.94235E-6 5.38139E-6 4.31403E-6 3.21035E-6 2.59117E-6 2.36689E-6 2.64307E-6 3.38384E-6 4.00289E-6 3.77793E-6 3.09717E-6 2.39894E-6 1.69003E-6 1.2145E-6 1.43964E-6 1.39984E-6 9.3773E-7 7.68444E-7 8.16035E-7 8.30575E-7 8.28703E-7 8.79194E-7 1.10558E-6 1.31856E-6 1.76394E-6 2.30136E-6 2.91088E-6 3.55198E-6 3.53982E-6 3.5058E-6 3.42852E-6 3.31591E-6 3.17247E-6 3.0505E-6 2.94525E-6 2.85967E-6 2.76123E-6 2.7686E-6 2.82737E-6 2.69587E-6 2.09788E-6 1.26907E-6 6.87663E-7 3.83989E-7 3.40014E-7 3.47569E-7 3.22779E-7 4.77068E-7 4.82603E-7 5.06694E-7 5.29632E-7
-9999 -9999 -9999 -9999 -9999 -9999 1.67189E-6 3.01124E-6 4.10029E-6 4.79302E-6 5.61322E-6 5.90472E-6 5.88046E-6 5.52766E-6 5.73709E-6 5.41549E-6 4.46945E-6 2.94582E-6 2.58783E-6 1.95383E-6 1.30865E-6 1.35396E-6 2.34086E-6 3.90542E-6 4.59116E-6 4.01931E-6 3.10225E-6 2.29849E-6 1.9778E-6 1.89148E-6 1.64691E-6 1.29912E-6 1.15827E-6 1.12044E-6 1.13303E-6 1.20187E-6 1.23865E-6 1.36672E-6 1.57819E-6 2.07695E-6 2.66805E-6 3.16753E-6 3.45841E-6 3.52483E-6 3.5006E-6 3.36519E-6 3.28609E-6 3.19575E-6 3.0936E-6 3.01256E-6 3.05131E-6 3.14797E-6 2.99668E-6 2.30231E-6 1.75319E-6 1.314E-6 9.09254E-7 4.74217E-7 4.33799E-7 4.32477E-7 3.70129E-7 3.67013E-7 5.00516E-7 4.69994E-7 4.92095E-7 5.41485E-7
-9999 -9999 -9999 -9999 -9999 -9999 -9999 2.49552E-6 3.84019E-6 4.14869E-6 4.80677E-6 5.70446E-6 5.60424E-6 5.24703E-6 5.77627E-6 5.02188E-6 3.88635E-6 2.92856E-6 2.85887E-6 2.42303E-6 1.19401E-6 7.72123E-7 1.40858E-6 2.95096E-6 4.74348E-6 5.21648E-6 4.36485E-6 3.51917E-6 2.87126E-6 2.41027E-6 2.08797E-6 1.7772E-6 1.58995E-6 1.53144E-6 1.63402E-6 1.74339E-6 1.80635E-6 1.89421E-6 2.09733E-6 2.42543E-6 2.81933E-6 3.22458E-6 3.39992E-6 3.4166E-6 3.44508E-6 3.2729E-6 3.35272E-6 3.43891E-6 3.47257E-6 3.4228E-6 3.19173E-6 2.67409E-6 2.06058E-6 1.36062E-6 1.23449E-6 1.1437E-6 7.46992E-7 5.91776E-7 4.88385E-7 3.90753E-7 3.47288E-7 4.27139E-7 5.28446E-7 5.61752E-7 5.83122E-7 4.79571E-7
-9999 -9999 -9999 -9999 -9999 -9999 -9999 2.16389E-6 3.55005E-6 4.10161E-6 4.72438E-6 5.23864E-6 5.56942E-6 5.86639E-6 6.79843E-6 6.00554E-6 4.63691E-6 4.83772E-6 4.34564E-6 3.35507E-6 2.03935E-6 1.42061E-6 1.66943E-6 2.52308E-6 4.38021E-6 5.89207E-6 5.60431E-6 4.98801E-6 4.13944E-6 3.42961E-6 2.89106E-6 2.40669E-6 2.17064E-6 2.16623E-6 2.26839E-6 2.28558E-6 2.29037E-6 2.39412E-6 2.63081E-6 2.75106E-6 2.9495E-6 3.32404E-6 3.38041E-6 3.35107E-6 3.51135E-6 3.59703E-6 3.61664E-6 3.42298E-6 3.18076E-6 2.5876E-6 1.91128E-6 1.55154E-6 1.43536E-6 1.54898E-6 1.53322E-6 1.21526E-6 7.74217E-7 4.96825E-7 4.31247E-7 3.41957E-7 3.21392E-7 4.34202E-7 4.59644E-7 5.36096E-7 5.63746E-7 3.96784E-7
-9999 -9999 -9999 -9999 -9999 -9999 -9999 3.0546E-6 3.1486E-6 3.62516E-6 4.6239E-6 5.47607E-6 5.79065E-6 6.07069E-6 6.92292E-6 7.05981E-6 6.28248E-6 5.98944E-6 5.36069E-6 4.52072E-6 3.4888E-6 2.81787E-6 2.90372E-6 3.32238E-6 4.59119E-6 6.08232E-6 6.26054E-6 5.75336E-6 5.07917E-6 4.2613E-6 3.33398E-6 2.86286E-6 2.72778E-6 2.70451E-6 2.73325E-6 2.68312E-6 2.66601E-6 2.85125E-6 3.07914E-6 3.21468E-6 3.45016E-6 3.6216E-6 3.64096E-6 3.59145E-6 3.27273E-6 2.83301E-6 2.43374E-6 1.73882E-6 1.7635E-6 1.37333E-6 1.18279E-6 1.55333E-6 1.85371E-6 1.96214E-6 1.66693E-6 1.15895E-6 5.97237E-7 3.96207E-7 3.82284E-7 3.40071E-7 3.91327E-7 4.19605E-7 4.23082E-7 5.3332E-7 4.68628E-7 3.54808E-7
-9999 -9999 -9999 -9999 -9999 -9999 -9999 -9999 2.88999E-6 3.23818E-6 4.10759E-6 5.29574E-6 6.14079E-6 6.49378E-6 7.06281E-6 7.36123E-6 6.99852E-6 6.50088E-6 6.33664E-6 5.58862E-6 4.70956E-6 4.1602E-6 4.12077E-6 4.22119E-6 4.87351E-6 6.02421E-6 6.5466E-6 6.2701E-6 5.76975E-6 4.89766E-6 3.89779E-6 3.49775E-6 3.40633E-6 3.31955E-6 3.30207E-6 3.18151E-6 3.16826E-6 3.3226E-6 3.36497E-6 3.51233E-6 3.50503E-6 3.34664E-6 3.10043E-6 2.56595E-6 1.92199E-6 1.26033E-6 1.02692E-6 6.39851E-7 8.19685E-7 1.49281E-6 1.91221E-6 2.16502E-6 2.22629E-6 2.21098E-6 1.7579E-6 1.04551E-6 5.45686E-7 3.77632E-7 3.99495E-7 4.01642E-7 4.19134E-7 4.14423E-7 4.3478E-7 5.07427E-7 5.1108E-7 5.82657E-7
-9999 -9999 -9999 -9999 -9999 -9999 -9999 -9999 -9999 3.51156E-6 3.61323E-6 4.27272E-6 5.69325E-6 6.79548E-6 7.65601E-6 8.26981E-6 7.82514E-6 7.25571E-6 6.92806E-6 6.57924E-6 5.71397E-6 5.20672E-6 5.13432E-6 5.07293E-6 5.16825E-6 5.79017E-6 6.46879E-6 6.53824E-6 6.21368E-6 5.63821E-6 5.05179E-6 4.60627E-6 4.29322E-6 4.11295E-6 3.70228E-6 3.20321E-6 3.21482E-6 3.11833E-6 2.83875E-6 2.6385E-6 2.56946E-6 2.13954E-6 1.87677E-6 1.32426E-6 1.02983E-6 7.42497E-7 9.45769E-7 1.1184E-6 1.45264E-6 2.63943E-6 3.02786E-6 2.95154E-6 2.85409E-6 2.55791E-6 1.95549E-6 9.86053E-7 5.42685E-7 4.01548E-7 4.1858E-7 4.23071E-7 4.2781E-7 4.56561E-7 4.56272E-7 4.83688E-7 5.71501E-7 8.62457E-7
-9999 -9999 -9999 -9999 -9999 -9999 -9999 -9999 -9999 -9999 3.58716E-6 3.6827E-6 4.35072E-6 5.40345E-6 6.7107E-6 8.2238E-6 8.54047E-6 8.01539E-6 7.22504E-6 7.56661E-6 6.62113E-6 5.92287E-6 5.82116E-6 5.70529E-6 5.50273E-6 5.71446E-6 6.27871E-6 6.56372E-6 6.50477E-6 6.30598E-6 5.82539E-6 5.41267E-6 4.91262E-6 4.38009E-6 3.61516E-6 2.73886E-6 2.56931E-6 2.03841E-6 1.56266E-6 1.43009E-6 1.59314E-6 1.41283E-6 1.33557E-6 1.35635E-6 1.16574E-6 1.13358E-6 1.62697E-6 2.80119E-6 3.72433E-6 3.96731E-6 3.88052E-6 3.84156E-6 3.60988E-6 2.879E-6 1.96777E-6 9.98344E-7 5.83091E-7 4.66413E-7 4.51885E-7 4.58056E-7 4.81223E-7 5.2412E-7 5.00001E-7 4.84756E-7 5.97025E-7 9.70986E-7
-9999 -9999 -9999 -9999 -9999 -9999 -9999 -9999 -9999 -9999 -9999 -9999 4.02439E-6 4.7683E-6 5.8071E-6 7.12121E-6 7.96221E-6 8.11715E-6 7.70202E-6 7.93111E-6 7.33443E-6 6.81731E-6 6.56644E-6 6.28179E-6 5.92517E-6 5.8748E-6 6.21188E-6 6.54155E-6 6.68773E-6 6.59468E-6 6.33753E-6 5.95235E-6 5.26195E-6 4.40562E-6 3.26433E-6 2.32999E-6 1.64698E-6 1.22732E-6 1.09923E-6 1.27788E-6 1.82148E-6 1.72808E-6 1.76244E-6 2.1691E-6 1.89537E-6 2.58904E-6 3.71636E-6 4.52901E-6 4.78399E-6 4.67537E-6 4.59329E-6 4.5699E-6 4.028E-6 2.87885E-6 1.59229E-6 7.55504E-7 4.69331E-7 4.40609E-7 5.1597E-7 5.32238E-7 6.43701E-7 5.74151E-7 4.80378E-7 4.25423E-7 7.16354E-7 1.11427E-6
-9999 -9999 -9999 -9999 -9999 -9999 -9999 -9999 -9999 -9999 -9999 -9999 -9999 -9999 -9999 -9999 7.59366E-6 7.90168E-6 7.95685E-6 7.85053E-6 7.70191E-6 7.92647E-6 8.23357E-6 7.77536E-6 6.85736E-6 6.21845E-6 6.15429E-6 6.22547E-6 6.38893E-6 6.48648E-6 6.36841E-6 6.45508E-6 5.99383E-6 4.53084E-6 2.82113E-6 1.98135E-6 1.70204E-6 1.97661E-6 2.08659E-6 2.5643E-6 3.3259E-6 3.37665E-6 3.36745E-6 3.94617E-6 4.50318E-6 5.06645E-6 5.39919E-6 5.29214E-6 5.09701E-6 5.01399E-6 5.02826E-6 4.75886E-6 3.90168E-6 2.7924E-6 1.40535E-6 6.63186E-7 4.3407E-7 4.51383E-7 5.84773E-7 6.94566E-7 7.74193E-7 5.64226E-7 5.35064E-7 5.94566E-7 8.88768E-7 9.89914E-7
-9999 -9999 -9999 -9999 -9999 -9999 -9999 -9999 -9999 -9999 -9999 -9999 -9999 -9999 -9999 -9999 -9999 -9999 8.22677E-6 8.10986E-6 8.09722E-6 8.54834E-6 -9999 -9999 8.24097E-6 7.16025E-6 6.23272E-6 5.93057E-6 6.14666E-6 6.36366E-6 6.46783E-6 6.99793E-6 6.68074E-6 5.58535E-6 4.11193E-6 4.013E-6 4.40483E-6 4.71057E-6 5.02421E-6 5.35953E-6 5.5075E-6 5.88149E-6 6.01153E-6 6.00729E-6 6.03651E-6 5.91202E-6 5.68027E-6 5.45695E-6 5.36469E-6 5.33953E-6 5.1275E-6 4.64109E-6 3.84499E-6 2.64347E-6 1.20319E-6 6.3342E-7 4.57405E-7 5.90447E-7 7.73249E-7 7.91871E-7 7.36675E-7 7.17019E-7 8.59249E-7 9.59905E-7 9.48567E-7 9.70374E-7
-9999 -9999 -9999 -9999 -9999 -9999 -9999 -9999 -9999 -9999 -9999 -9999 -9999 -9999 -9999 -9999 -9999 -9999 -9999 7.93503E-6 7.51277E-6 8.46908E-6 -9999 -9999 -9999 -9999 7.2805E-6 6.03615E-6 5.8308E-6 6.28863E-6 7.17889E-6 7.84162E-6 7.56646E-6 7.37976E-6 6.95855E-6 7.006E-6 7.00817E-6 6.98782E-6 7.00203E-6 6.88881E-6 6.6813E-6 6.66419E-6 6.57074E-6 6.4041E-6 6.19288E-6 6.02412E-6 5.91626E-6 5.70418E-6 5.35357E-6 5.07422E-6 4.71198E-6 4.265E-6 3.0586E-6 1.80273E-6 1.02137E-6 5.76917E-7 6.0701E-7 8.04354E-7 9.1838E-7 5.89468E-7 6.05509E-7 7.9356E-7 8.23359E-7 8.34413E-7 9.13957E-7 8.0377E-7
-9999 -9999 -9999 -9999 -9999 -9999 -9999 -9999 -9999 -9999 -9999 -9999 -9999 -9999 -9999 -9999 -9999 -9999 -9999 -9999 -9999 8.62967E-6 -9999 -9999 -9999 9.98531E-6 -9999 6.26815E-6 5.57948E-6 5.61745E-6 6.01736E-6 6.9144E-6 7.38268E-6 7.50565E-6 7.50484E-6 7.54605E-6 7.36967E-6 6.83487E-6 6.3989E-6 6.41785E-6 6.48039E-6 6.59153E-6 6.5956E-6 6.48981E-6 6.41975E-6 6.26525E-6 6.02423E-6 5.62076E-6 5.09132E-6 4.64619E-6 4.22374E-6 3.48696E-6 1.97733E-6 1.36821E-6 1.17652E-6 7.98032E-7 7.33661E-7 8.65314E-7 7.89775E-7 6.73689E-7 6.80654E-7 7.67292E-7 8.13246E-7 7.9926E-7 8.87604E-7 9.45692E-7
-9999 -9999 -9999 -9999 -9999 -9999 -9999 -9999 -9999 -9999 -9999 -9999 -9999 -9999 -9999 -9999 -9999 -9999 -9999 -9999 -9999 -9999 -9999 -9999 1.25011E-5 1.25563E-5 9.79265E-6 7.07766E-6 5.91304E-6 5.84151E-6 5.85652E-6 6.00126E-6 6.38286E-6 6.72713E-6 7.02239E-6 7.2168E-6 7.01459E-6 6.65795E-6 6.47945E-6 6.5807E-6 6.69887E-6 6.71292E-6 6.8135E-6 6.78072E-6 6.34839E-6 5.8809E-6 5.62876E-6 5.3084E-6 4.742E-6 4.27288E-6 3.73243E-6 2.55205E-6 1.33501E-6 9.23584E-7 8.97757E-7 7.76906E-7 6.09299E-7 7.26868E-7 8.2478E-7 7.65086E-7 9.44357E-7 8.44881E-7 8.32429E-7 8.89965E-7 1.02432E-6 1.40814E-6
-9999 -9999 -9999 -9999 -9999 -9999 -9999 -9999 -9999 -9999 -9999 -9999 -9999 -9999 -9999 -9999 -9999 -9999 -9999 -9999 -9999 9.30873E-6 1.01696E-5 1.10768E-5 1.19355E-5 1.17352E-5 1.07749E-5 8.75331E-6 6.74429E-6 6.29084E-6 6.24817E-6 6.18509E-6 6.23476E-6 6.26421E-6 6.35392E-6 6.43055E-6 6.57447E-6 6.83646E-6 6.90495E-6 6.91117E-6 6.93061E-6 6.87923E-6 6.76006E-6 6.58327E-6 6.20852E-6 5.68166E-6 5.34717E-6 4.93082E-6 4.30939E-6 3.47612E-6 2.6675E-6 1.97214E-6 1.06365E-6 8.10926E-7 1.02614E-6 7.53844E-7 5.71958E-7 7.32939E-7 9.05399E-7 7.32042E-7 9.12288E-7 1.04099E-6 1.01835E-6 1.18224E-6 1.13956E-6 1.04521E-6
-9999 -9999 -9999 -9999 -9999 -9999 -9999 -9999 -9999 -9999 -9999 -9999 -9999 -9999 -9999 -9999 -9999 -9999 -9999 -9999 -9999 9.4218E-6 9.71581E-6 1.02073E-5 1.08612E-5 1.04378E-5 9.61726E-6 9.11573E-6 7.75423E-6 7.17096E-6 6.96808E-6 6.50191E-6 6.34076E-6 6.39612E-6 6.37464E-6 6.40142E-6 6.52281E-6 6.69811E-6 6.85474E-6 6.96774E-6 6.92745E-6 6.79302E-6 6.53041E-6 6.34323E-6 6.01067E-6 5.6086E-6 5.1872E-6 4.77384E-6 3.86974E-6 2.63847E-6 1.76676E-6 1.24676E-6 8.45902E-7 7.51985E-7 1.02828E-6 9.46421E-7 7.79718E-7 7.72125E-7 8.63427E-7 8.75085E-7 8.96983E-7 9.23567E-7 1.09742E-6 1.25742E-6 1.00769E-6 8.58063E-7
-9999 -9999 -9999 -9999 -9999 -9999 -9999 -9999 -9999 -9999 -9999 -9999 -9999 -9999 -9999 -9999 -9999 -9999 -9999 -9999 -9999 8.56401E-6 8.84129E-6 9.15017E-6 9.58941E-6 9.993E-6 9.74541E-6 9.30808E-6 8.47014E-6 7.87019E-6 7.63074E-6 7.16689E-6 6.60774E-6 6.52571E-6 6.58457E-6 6.64865E-6 6.65547E-6 6.72421E-6 6.73103E-6 6.84264E-6 6.8537E-6 6.66182E-6 6.2959E-6 6.14758E-6 5.99011E-6 5.3838E-6 4.65887E-6 4.01512E-6 3.06267E-6 1.73886E-6 1.18076E-6 8.90923E-7 7.84527E-7 8.06659E-7 9.90676E-7 9.70688E-7 7.58291E-7 7.90004E-7 9.4378E-7 1.06656E-6 9.46748E-7 1.08027E-6 1.28927E-6 1.2843E-6 1.35072E-6 1.08872E-6
-9999 -9999 -9999 -9999 -9999 -9999 -9999 -9999 -9999 -9999 -9999 -9999 -9999 -9999 -9999 -9999 -9999 -9999 -9999 -9999 -9999 7.47008E-6 7.75633E-6 8.24545E-6 8.74835E-6 9.35402E-6 9.76911E-6 9.5262E-6 9.06853E-6 8.4035E-6 7.91298E-6 7.76732E-6 7.36853E-6 6.7868E-6 6.85987E-6 6.9259E-6 6.81447E-6 6.8017E-6 6.72628E-6 6.85557E-6 6.90909E-6 6.72316E-6 6.21292E-6 5.95881E-6 5.50439E-6 4.12789E-6 3.33036E-6 2.79923E-6 1.86278E-6 1.20755E-6 8.58859E-7 7.51352E-7 7.9317E-7 9.10943E-7 9.5452E-7 1.01652E-6 9.49588E-7 1.0706E-6 1.32895E-6 1.43346E-6 1.40902E-6 1.33667E-6 1.5109E-6 1.51227E-6 1.66383E-6 1.75491E-6
-9999 -9999 -9999 -9999 -9999 -9999 -9999 -9999 -9999 -9999 -9999 -9999 -9999 -9999 -9999 -9999 -9999 -9999 -9999 -9999 -9999 6.33644E-6 6.58124E-6 7.13596E-6 7.61751E-6 8.07987E-6 8.42528E-6 8.48302E-6 8.58816E-6 8.45129E-6 8.22862E-6 8.11123E-6 8.04454E-6 7.5134E-6 7.56715E-6 7.59764E-6 7.28077E-6 7.04865E-6 6.80253E-6 6.63084E-6 6.23946E-6 5.39942E-6 4.89973E-6 4.92119E-6 4.24005E-6 3.23561E-6 2.29751E-6 1.63653E-6 1.16122E-6 8.73414E-7 6.97781E-7 7.16896E-7 8.22188E-7 9.69049E-7 1.04809E-6 1.21678E-6 1.37328E-6 1.51184E-6 1.71009E-6 2.06021E-6 1.74211E-6 1.23976E-6 1.23054E-6 1.43446E-6 1.73688E-6 2.1912E-6
-9999 -9999 -9999 -9999 -9999 -9999 -9999 -9999 -9999 -9999 -9999 -9999 -9999 -9999 -9999 -9999 -9999 -9999 -9999 -9999 -9999 5.21894E-6 5.38121E-6 5.82797E-6 6.15781E-6 6.4998E-6 6.87195E-6 7.08357E-6 6.82332E-6 7.18514E-6 7.37627E-6 7.09705E-6 7.18123E-6 7.10441E-6 7.22743E-6 7.04243E-6 6.83482E-6 6.37242E-6 5.40592E-6 4.42431E-6 3.8571E-6 3.52006E-6 3.43017E-6 3.25767E-6 2.34916E-6 1.57055E-6 1.10356E-6 1.03561E-6 9.77774E-7 8.43084E-7 7.53727E-7 7.90505E-7 8.88054E-7 1.05966E-6 1.34138E-6 1.49088E-6 1.684E-6 1.25877E-6 1.67642E-6 2.34424E-6 1.65515E-6 1.31091E-6 1.29195E-6 1.48149E-6 1.71874E-6 2.07639E-6
-9999 -9999 -9999 -9999 -9999 -9999 -9999 -9999 -9999 -9999 -9999 -9999 -9999 -9999 -9999 -9999 -9999 -9999 -9999 -9999 -9999 -9999 4.06214E-6 4.35088E-6 4.60281E-6 4.8638E-6 5.20917E-6 5.62796E-6 5.52908E-6 6.03009E-6 6.35044E-6 6.37211E-6 5.70245E-6 5.93912E-6 5.85016E-6 5.72468E-6 5.59135E-6 4.99608E-6 4.04251E-6 3.37079E-6 3.00761E-6 2.77125E-6 2.08315E-6 1.51534E-6 1.26145E-6 9.90215E-7 1.02367E-6 1.13431E-6 1.02538E-6 8.60255E-7 8.15721E-7 9.61255E-7 9.22053E-7 1.02205E-6 1.49704E-6 1.69014E-6 1.73507E-6 1.07042E-6 1.99027E-6 2.43527E-6 1.69931E-6 1.51071E-6 1.41669E-6 1.42232E-6 1.61124E-6 2.37176E-6
-9999 -9999 -9999 -9999 -9999 -9999 -9999 -9999 -9999 -9999 -9999 -9999 -9999 -9999 -9999 -9999 -9999 -9999 -9999 -9999 -9999 2.88871E-6 2.83588E-6 3.05323E-6 3.30422E-6 3.45523E-6 3.73865E-6 3.84211E-6 4.34284E-6 4.97619E-6 4.68545E-6 5.45407E-6 4.52868E-6 4.73765E-6 4.71012E-6 4.31877E-6 3.96786E-6 3.63852E-6 3.46764E-6 2.948E-6 2.16119E-6 1.5543E-6 1.31646E-6 1.20981E-6 1.24569E-6 1.29962E-6 1.37368E-6 1.18776E-6 9.31502E-7 8.75687E-7 1.10793E-6 1.11248E-6 8.31323E-7 1.05197E-6 1.56181E-6 1.55732E-6 1.49682E-6 1.66876E-6 2.68608E-6 2.38666E-6 1.84771E-6 1.94913E-6 1.82611E-6 1.37205E-6 1.63027E-6 2.50235E-6
-9999 -9999 -9999 -9999 -9999 -9999 -9999 -9999 -9999 -9999 -9999 -9999 -9999 -9999 -9999 -9999 -9999 -9999 -9999 -9999 -9999 2.06004E-6 1.9414E-6 1.90938E-6 1.90132E-6 1.83386E-6 2.33459E-6 3.33673E-6 4.24119E-6 4.60194E-6 4.21892E-6 4.03449E-6 3.30745E-6 3.28633E-6 3.63445E-6 3.31001E-6 3.21656E-6 2.83828E-6 2.40501E-6 1.85058E-6 1.538E-6 1.44066E-6 1.46712E-6 1.49907E-6 1.53091E-6 1.50257E-6 1.32746E-6 1.03817E-6 1.00854E-6 1.2535E-6 1.37612E-6 1.03645E-6 8.12322E-7 1.38283E-6 1.58305E-6 1.55935E-6 1.90536E-6 2.50182E-6 2.97833E-6 2.61787E-6 2.20597E-6 2.20949E-6 2.07142E-6 1.53422E-6 2.03396E-6 2.71588E-6
-9999 -9999 -9999 -9999 -9999 -9999 -9999 -9999 -9999 -9999 -9999 -9999 -9999 -9999 -9999 -9999 -9999 -9999 -9999 -9999 -9999 -9999 1.55501E-6 -9999 -9999 -9999 2.13443E-6 3.28033E-6 3.37595E-6 2.88502E-6 2.73467E-6 2.89521E-6 3.03991E-6 3.10937E-6 3.14098E-6 2.73097E-6 2.30458E-6 1.86565E-6 1.65109E-6 1.66545E-6 1.77241E-6 1.85419E-6 1.801E-6 1.68215E-6 1.54464E-6 1.348E-6 1.18273E-6 1.3417E-6 1.53877E-6 1.59792E-6 1.37522E-6 1.01281E-6 1.2207E-6 1.95594E-6 1.39462E-6 1.95915E-6 3.01923E-6 2.74051E-6 2.7978E-6 2.5023E-6 2.50156E-6 2.26414E-6 2.26714E-6 2.01771E-6 2.03108E-6 2.32159E-6
-9999 -9999 -9999 -9999 -9999 -9999 -9999 -9999 -9999 -9999 -9999 -9999 -9999 -9999 -9999 -9999 -9999 -9999 -9999 -9999 -9999 -9999 -9999 -9999 -9999 -9999 -9999 3.29333E-6 3.76903E-6 3.56656E-6 3.463E-6 3.63398E-6 3.3255E-6 2.94037E-6 2.3982E-6 2.13582E-6 2.10291E-6 1.94404E-6 2.03857E-6 2.11786E-6 2.12277E-6 1.99633E-6 1.74763E-6 1.47952E-6 1.24892E-6 1.34812E-6 1.75452E-6 1.95996E-6 1.97664E-6 1.83909E-6 1.46975E-6 1.52401E-6 2.24636E-6 1.75779E-6 1.13013E-6 2.76236E-6 3.63762E-6 2.40138E-6 2.56643E-6 2.55976E-6 2.45469E-6 2.64493E-6 2.83687E-6 2.6622E-6 2.44651E-6 2.80434E-6
-9999 -9999 -9999 -9999 -9999 -9999 -9999 -9999 -9999 -9999 -9999 -9999 -9999 -9999 -9999 -9999 -9999 -9999 -9999 -9999 -9999 -9999 -9999 -9999 -9999 -9999 2.78072E-6 3.04889E-6 3.61785E-6 3.94201E-6 3.88727E-6 3.64021E-6 3.28024E-6 2.95995E-6 2.78046E-6 2.80659E-6 2.96658E-6 2.84913E-6 2.66512E-6 2.45366E-6 2.13775E-6 1.81889E-6 1.45962E-6 1.38866E-6 1.73073E-6 2.10137E-6 2.31033E-6 2.33987E-6 2.29164E-6 1.94376E-6 1.73928E-6 2.51178E-6 2.38235E-6 1.19703E-6 1.72764E-6 4.13336E-6 3.685E-6 2.34473E-6 3.5604E-6 3.8481E-6 3.09036E-6 3.70599E-6 3.92457E-6 4.3444E-6 3.97063E-6 3.86338E-6
-9999 -9999 -9999 -9999 -9999 -9999 -9999 -9999 -9999 -9999 -9999 -9999 -9999 -9999 -9999 -9999 -9999 -9999 -9999 -9999 -9999 -9999 -9999 -9999 -9999 -9999 2.69713E-6 2.84911E-6 3.33575E-6 4.03044E-6 4.38429E-6 4.42099E-6 4.19696E-6 3.8104E-6 3.76636E-6 3.84091E-6 3.39401E-6 2.89856E-6 2.554E-6 2.17813E-6 1.79246E-6 1.68027E-6 1.90082E-6 2.26985E-6 2.37857E-6 2.2582E-6 2.11534E-6 2.15935E-6 2.43563E-6 1.92275E-6 2.48541E-6 3.36781E-6 1.7778E-6 1.53575E-6 4.06569E-6 5.25556E-6 3.27051E-6 2.97512E-6 4.38487E-6 2.51016E-6 3.92814E-6 3.92063E-6 4.73741E-6 5.54431E-6 3.5994E-6 3.94021E-6
-9999 -9999 -9999 -9999 -9999 -9999 -9999 -9999 -9999 -9999 -9999 -9999 -9999 -9999 -9999 -9999 -9999 -9999 -9999 -9999 -9999 -9999 -9999 -9999 -9999 -9999 -9999 2.56161E-6 3.17244E-6 4.14888E-6 -9999 -9999 -9999 4.61062E-6 4.07495E-6 3.47817E-6 2.68516E-6 2.21385E-6 2.10041E-6 2.11681E-6 2.14453E-6 2.23327E-6 2.32556E-6 2.27204E-6 2.02351E-6 1.88968E-6 1.87876E-6 2.22917E-6 2.26425E-6 2.65526E-6 3.811E-6 3.11169E-6 1.8205E-6 3.49508E-6 6.5394E-6 4.24817E-6 2.53667E-6 4.14601E-6 5.67857E-6 2.56772E-6 4.49547E-6 5.66469E-6 5.03765E-6 4.58985E-6 3.76374E-6 3.75413E-6
-9999 -9999 -9999 -9999 -9999 -9999 -9999 -9999 -9999 -9999 -9999 -9999 -9999 -9999 -9999 -9999 -9999 -9999 -9999 -9999 -9999 -9999 -9999 -9999 -9999 -9999 2.26366E-6 2.50499E-6 2.92764E-6 3.88833E-6 4.99744E-6 5.35572E-6 5.18803E-6 4.93457E-6 4.23875E-6 3.69162E-6 3.32658E-6 3.12649E-6 2.88858E-6 2.59064E-6 2.3188E-6 2.12029E-6 2.03471E-6 1.91717E-6 1.86674E-6 1.99374E-6 2.48667E-6 2.04062E-6 1.85405E-6 2.69801E-6 5.14332E-6 4.12796E-6 4.38741E-6 7.70213E-6 7.3375E-6 3.10539E-6 2.77372E-6 4.57914E-6 7.10196E-6 4.05309E-6 5.08954E-6 6.19489E-6 8.08338E-6 4.32705E-6 4.00963E-6 4.75694E-6
