catData/rasterBestHybridModels/Pviverrinus/RDbal_RM2_L/Pviverrinus_max.asc
ncols         409
nrows         350
xllcorner     60.897278365
yllcorner     5.843756025
cellsize      0.0892857
NODATA_value  -9999
[rows 29 to 57 of 350, columns 130 to 194 of 409]
4.44925E-5 3.66386E-5 3.55104E-5 3.4118E-5 1.70657E-5 1.39321E-5 1.59994E-5 2.21609E-5 2.03516E-5 1.76854E-5 7.64967E-6 9.94021E-6 7.37353E-6 2.47038E-6 2.61281E-6 1.07535E-6 1.04015E-6 2.24959E-6 4.85082E-6 6.29687E-6 4.78653E-6 2.75859E-6 1.86804E-6 2.50272E-6 1.74034E-6 4.85279E-7 1.66114E-7 1.42302E-7 1.32524E-7 1.19355E-7 1.5721E-7 7.65712E-8 6.80177E-8 7.117E-8 6.61001E-8 8.8969E-8 1.039E-7 8.29607E-8 7.7614E-8 9.55669E-8 9.38621E-8 7.63999E-8 9.23191E-8 4.30793E-8 7.14447E-8 9.51512E-8 1.18176E-7 7.6155E-8 2.69287E-8 1.63901E-8 1.66642E-8 1.48315E-8 1.31558E-8 1.2197E-8 1.51917E-8 1.36922E-8 9.80848E-9 2.7688E-8 8.70842E-8 2.30229E-8 1.43561E-8 1.10894E-8 -9999 1.11551E-8 1.84902E-8
3.69266E-5 2.27111E-5 1.99055E-5 3.05127E-5 2.01763E-5 9.39911E-6 2.30351E-5 2.80649E-5 2.08087E-5 2.13669E-5 2.73592E-5 5.75991E-6 1.42761E-6 4.04707E-6 4.44031E-6 1.01818E-6 3.69018E-7 7.78562E-7 3.09052E-6 6.16801E-6 7.45171E-6 5.8252E-6 6.47501E-6 8.1319E-6 2.97548E-6 7.33153E-7 2.40468E-7 4.35352E-7 1.99999E-7 1.19344E-7 1.08445E-7 9.85017E-8 6.4334E-8 6.28281E-8 7.90076E-8 6.80711E-8 5.77959E-8 4.77351E-8 8.64354E-8 6.9149E-8 4.57686E-8 4.27836E-8 8.58782E-8 7.78767E-8 6.38225E-8 5.7979E-8 3.98941E-8 8.60803E-8 9.85685E-8 5.73789E-8 3.55937E-8 2.47413E-8 1.98089E-8 1.56883E-8 1.41083E-8 1.30404E-8 1.09265E-8 1.68253E-8 2.78585E-8 6.56269E-8 1.69894E-8 1.61281E-8 1.38142E-8 1.04107E-8 2.12209E-8
4.80714E-5 2.20043E-5 1.3826E-5 4.27378E-5 3.5746E-5 2.71428E-5 2.73319E-5 2.08099E-5 1.17958E-5 6.08415E-6 1.91677E-5 2.00697E-5 5.58643E-6 1.58689E-6 1.23804E-6 1.24641E-6 5.68738E-7 4.03147E-7 1.15551E-6 3.60798E-6 7.0152E-6 8.80321E-6 8.97106E-6 8.78476E-6 3.14959E-6 2.86019E-6 2.66202E-6 8.56657E-7 2.4259E-7 4.71011E-7 3.61241E-7 2.81842E-7 1.67395E-7 1.0521E-7 6.53104E-8 4.01213E-8 2.71892E-8 3.80776E-8 1.30031E-7 5.30374E-8 3.07968E-8 2.90695E-8 3.38286E-8 2.83679E-8 3.57755E-8 4.32174E-8 4.81377E-8 5.66806E-8 7.5046E-8 7.25953E-8 8.71145E-8 7.94281E-8 6.774E-8 4.605E-8 2.5028E-8 1.44577E-8 1.37899E-8 1.16815E-8 1.42628E-8 4.24999E-8 3.8889E-8 3.48517E-8 2.78772E-8 9.78678E-9 2.07231E-8
5.56212E-5 4.97805E-5 4.35668E-5 5.86894E-5 4.9017E-5 3.55016E-5 2.4548E-5 1.86165E-5 1.02275E-5 3.0887E-6 7.55565E-6 1.63171E-5 1.34905E-5 8.13868E-6 4.28425E-6 1.71931E-6 8.99704E-7 7.06373E-7 1.02398E-6 1.88658E-6 4.26375E-6 6.65462E-6 8.35506E-6 9.10288E-6 8.62512E-6 7.07084E-6 2.59091E-6 1.43206E-6 6.81551E-7 2.21354E-7 1.6336E-7 1.5607E-7 1.20378E-7 8.81951E-8 6.90544E-8 4.776E-8 3.99537E-8 3.13473E-8 8.64641E-8 4.90712E-8 4.95657E-8 3.55607E-8 2.69362E-8 1.97494E-8 2.81937E-8 2.72169E-8 3.02945E-8 3.65157E-8 6.40666E-8 4.02998E-8 2.74953E-8 4.19274E-8 7.70651E-8 9.54324E-8 6.6166E-8 4.68638E-8 5.35773E-8 3.00941E-8 1.2899E-8 1.55139E-8 1.20777E-8 8.7816E-9 2.17704E-8 2.23028E-8 2.32816E-8
7.80125E-5 7.48366E-5 6.90765E-5 7.00496E-5 6.1188E-5 3.86546E-5 2.54981E-5 1.99211E-5 1.26708E-5 3.47673E-6 6.60183E-6 1.52276E-5 8.09645E-6 4.9804E-6 3.65695E-6 3.94758E-6 2.70829E-6 3.03466E-6 2.27954E-6 1.51059E-6 1.39175E-6 3.22403E-6 6.00213E-6 8.34462E-6 8.94904E-6 1.62033E-5 1.75451E-5 2.29437E-6 7.14926E-7 2.32973E-7 2.55224E-7 2.49101E-7 1.41379E-7 1.05111E-7 9.15452E-8 5.52816E-8 3.65735E-8 4.5171E-8 9.65053E-8 2.69978E-8 2.04485E-8 2.35102E-8 2.1755E-8 1.78641E-8 1.62905E-8 1.83016E-8 1.65551E-8 1.65379E-8 3.4152E-8 3.5936E-8 2.08742E-8 2.72233E-8 4.61696E-8 4.46311E-8 5.43479E-8 7.03253E-8 1.00289E-7 8.89428E-8 3.3302E-8 1.17624E-8 9.95169E-9 1.23143E-8 2.25535E-8 3.28187E-8 1.5113E-8
9.38693E-5 8.29437E-5 5.47062E-5 4.83478E-5 5.96228E-5 4.46205E-5 3.13482E-5 2.38863E-5 1.16157E-5 3.69624E-6 7.2063E-6 1.92884E-5 1.28722E-5 7.0607E-6 4.50846E-6 2.01857E-6 1.55568E-6 1.98353E-6 1.29458E-6 7.27172E-7 4.627E-7 8.64024E-7 2.56981E-6 5.02796E-6 6.86476E-6 8.64479E-6 7.42147E-6 1.20548E-5 3.04997E-6 9.10254E-7 4.17472E-7 6.93378E-7 2.19774E-7 1.25092E-7 1.21511E-7 7.80029E-8 5.7826E-8 4.74775E-8 5.69152E-8 3.04523E-8 3.72798E-8 2.94281E-8 3.01577E-8 2.95159E-8 1.89305E-8 1.7294E-8 1.7069E-8 1.40537E-8 2.07459E-8 2.4233E-8 2.61872E-8 4.89761E-8 8.24682E-8 3.57776E-8 1.9403E-8 1.68731E-8 4.19365E-8 8.72389E-8 7.71239E-8 2.88223E-8 1.08567E-8 8.64861E-9 1.56951E-8 1.98623E-8 1.43303E-8
7.86175E-5 6.16023E-5 4.80165E-5 5.91888E-5 5.32296E-5 3.81106E-5 2.75587E-5 2.19128E-5 1.67481E-5 7.49973E-6 8.49238E-6 2.40889E-5 2.17633E-5 1.34912E-5 7.76875E-6 3.42031E-6 2.01443E-6 2.35331E-6 1.94105E-6 1.22087E-6 5.41012E-7 2.75226E-7 7.93771E-7 2.2601E-6 3.88688E-6 6.17972E-6 7.9313E-6 8.12817E-6 4.96531E-6 3.30576E-6 1.61479E-6 1.02462E-6 1.89122E-7 1.80249E-7 1.59815E-7 8.58869E-8 8.10939E-8 6.0408E-8 5.25793E-8 4.34689E-8 4.00831E-8 2.63379E-8 2.99398E-8 2.38829E-8 1.79852E-8 1.78207E-8 2.8286E-8 2.17244E-8 2.27626E-8 2.92235E-8 2.89377E-8 8.07944E-8 9.04977E-8 3.80236E-8 2.57765E-8 1.3873E-8 1.53545E-8 3.24187E-8 6.9274E-8 4.55132E-8 1.388E-8 8.30535E-9 1.02147E-8 1.20862E-8 1.24449E-8
6.54806E-5 6.04643E-5 6.40772E-5 6.13306E-5 4.89128E-5 3.47509E-5 2.72028E-5 3.12857E-5 3.14116E-5 1.89548E-5 1.18186E-5 2.30733E-5 2.04469E-5 9.11957E-6 5.07158E-6 6.638E-6 7.545E-6 9.55363E-6 5.57756E-6 2.77858E-6 1.10665E-6 2.72494E-7 3.40049E-7 9.67662E-7 2.12448E-6 3.8806E-6 6.09356E-6 7.68649E-6 8.08283E-6 5.53833E-6 4.07072E-6 2.12598E-6 3.98643E-7 2.28876E-7 2.34013E-7 1.28428E-7 1.12621E-7 1.01363E-7 8.01251E-8 5.54275E-8 4.26675E-8 2.89373E-8 2.51784E-8 2.22157E-8 2.25104E-8 1.83378E-8 2.68162E-8 3.5387E-8 4.055E-8 3.93773E-8 1.93126E-8 2.14134E-8 2.99829E-8 2.35388E-8 2.24919E-8 2.30443E-8 1.33505E-8 1.47957E-8 3.7374E-8 4.68761E-8 2.30831E-8 1.0704E-8 7.79619E-9 6.92459E-9 9.54553E-9
6.61931E-5 6.29436E-5 6.13717E-5 5.75292E-5 5.09924E-5 5.74041E-5 5.49119E-5 4.8178E-5 4.78676E-5 3.658E-5 2.17623E-5 2.34672E-5 2.63676E-5 1.22149E-5 6.83851E-6 1.28268E-5 2.26287E-5 1.7774E-5 1.03153E-5 5.39214E-6 1.80179E-6 4.28361E-7 1.96214E-7 3.8513E-7 1.22151E-6 2.61735E-6 4.24994E-6 6.16438E-6 7.89745E-6 7.9035E-6 6.00666E-6 3.3698E-6 8.58015E-7 2.58405E-7 2.96344E-7 3.48037E-7 1.74972E-7 1.91407E-7 7.18071E-8 3.48507E-8 3.72099E-8 -9999 -9999 2.19818E-8 3.284E-8 2.67384E-8 2.03833E-8 2.15944E-8 3.43298E-8 3.992E-8 1.71791E-8 1.27544E-8 2.07631E-8 1.85203E-8 1.2988E-8 1.40258E-8 9.51875E-9 1.08183E-8 2.57185E-8 2.7762E-8 2.73073E-8 1.97071E-8 8.77801E-9 6.41235E-9 5.96128E-9
6.22338E-5 6.10004E-5 6.05051E-5 5.69748E-5 5.3666E-5 6.47038E-5 7.45844E-5 6.09995E-5 5.31295E-5 4.27421E-5 3.6213E-5 3.41601E-5 3.59896E-5 2.1609E-5 1.62838E-5 1.70736E-5 3.17532E-5 2.15154E-5 1.53805E-5 9.01125E-6 3.35702E-6 1.08885E-6 2.74772E-7 2.90601E-7 6.46199E-7 1.59374E-6 3.24984E-6 4.80709E-6 6.45113E-6 7.15776E-6 5.56939E-6 3.20921E-6 1.17748E-6 3.11243E-7 2.19932E-7 5.92137E-7 4.1819E-7 1.53328E-7 6.87146E-8 4.38154E-8 4.46261E-8 5.12926E-8 -9999 2.35235E-8 3.11681E-8 2.77104E-8 2.90918E-8 1.87078E-8 1.79816E-8 3.48996E-8 3.07162E-8 1.92753E-8 1.33014E-8 1.90447E-8 1.7697E-8 1.73218E-8 8.39928E-9 8.97941E-9 2.14279E-8 1.51734E-8 1.16283E-8 2.03482E-8 1.51947E-8 8.39025E-9 6.04041E-9
5.48818E-5 5.6957E-5 5.85399E-5 5.64122E-5 5.71307E-5 5.92869E-5 6.35355E-5 6.31963E-5 5.60883E-5 4.83643E-5 4.39877E-5 4.79251E-5 5.21573E-5 4.02085E-5 3.36214E-5 3.30982E-5 2.92445E-5 2.11935E-5 1.49044E-5 9.02233E-6 5.23149E-6 1.53256E-6 2.72387E-7 1.81055E-7 2.53174E-7 4.56171E-7 9.32463E-7 2.01858E-6 1.97286E-6 3.28993E-6 3.51542E-6 2.53671E-6 1.02183E-6 3.65381E-7 3.4433E-7 3.34336E-7 5.16042E-7 2.19341E-7 1.31404E-7 7.97541E-8 5.15357E-8 4.59593E-8 4.33209E-8 -9999 2.59673E-8 2.23649E-8 2.77769E-8 3.30569E-8 3.02436E-8 4.28202E-8 3.74324E-8 1.75543E-8 1.14232E-8 1.55407E-8 1.50796E-8 2.0305E-8 1.39628E-8 7.072E-9 1.14028E-8 1.11921E-8 8.67551E-9 1.18899E-8 1.86839E-8 1.25952E-8 6.66215E-9
5.65525E-5 5.4558E-5 5.11308E-5 5.61096E-5 6.39795E-5 6.66285E-5 6.53528E-5 5.96487E-5 5.59481E-5 5.26131E-5 4.88346E-5 5.13746E-5 6.64399E-5 4.63766E-5 4.21261E-5 4.24588E-5 3.21281E-5 2.00093E-5 1.33562E-5 1.16569E-5 1.12691E-5 3.92639E-6 6.91205E-7 2.79666E-7 6.55923E-7 4.17169E-7 4.04094E-7 4.95099E-7 5.44924E-7 1.6675E-6 2.51667E-6 1.19776E-6 7.56872E-7 5.65234E-7 1.42498E-6 1.42181E-6 1.16413E-6 7.81618E-7 1.93213E-7 6.0842E-8 -9999 4.64658E-8 7.43366E-8 6.00642E-8 3.42774E-8 2.22109E-8 1.95343E-8 2.41453E-8 5.13098E-8 4.15802E-8 1.6878E-8 1.42041E-8 1.66252E-8 1.0834E-8 1.02565E-8 1.41469E-8 1.66466E-8 7.46915E-9 7.79588E-9 9.77882E-9 8.72699E-9 8.77724E-9 1.36567E-8 1.53344E-8 8.19491E-9
5.22513E-5 5.30901E-5 6.25742E-5 6.96651E-5 7.34003E-5 7.16101E-5 6.53899E-5 6.19089E-5 6.03983E-5 6.06122E-5 6.02023E-5 6.67574E-5 6.75146E-5 6.15827E-5 5.35633E-5 3.94798E-5 3.64798E-5 3.00568E-5 1.97911E-5 1.93839E-5 2.25971E-5 1.1973E-5 4.09979E-6 2.97152E-6 5.08195E-6 5.03072E-6 3.59555E-6 9.05106E-7 4.47598E-7 2.35807E-6 3.21874E-6 9.65544E-7 4.2443E-7 4.5802E-7 1.6226E-6 4.20322E-6 2.58479E-6 1.82281E-6 6.24721E-7 2.12112E-7 1.61187E-7 1.52824E-7 1.52049E-7 7.46691E-8 4.73321E-8 2.86089E-8 2.51774E-8 1.87517E-8 2.20721E-8 3.31911E-8 1.53839E-8 1.08089E-8 1.71309E-8 1.75767E-8 1.29504E-8 1.60503E-8 1.06156E-8 1.24573E-8 1.14249E-8 1.16447E-8 1.1019E-8 1.2352E-8 8.68259E-9 9.44941E-9 1.45181E-8
5.27884E-5 5.96612E-5 7.29157E-5 7.3933E-5 7.19358E-5 6.79836E-5 6.28822E-5 5.76049E-5 6.13073E-5 6.51279E-5 6.73965E-5 6.96078E-5 8.02575E-5 8.97684E-5 6.19481E-5 3.73191E-5 3.38148E-5 3.17374E-5 2.54094E-5 2.95971E-5 3.18251E-5 2.24533E-5 1.56138E-5 8.1812E-6 5.47312E-6 9.20613E-6 1.06659E-5 2.33748E-6 3.83376E-6 6.88159E-6 7.20352E-6 1.96634E-6 1.10111E-6 9.44758E-7 6.44146E-7 1.47492E-6 3.30174E-6 9.66456E-7 4.99821E-7 3.5849E-7 7.85102E-7 4.47928E-7 5.35743E-8 3.49613E-8 3.69558E-8 3.67629E-8 2.91084E-8 2.25256E-8 1.74774E-8 2.15367E-8 2.52285E-8 1.42319E-8 1.95443E-8 2.01619E-8 1.83657E-8 1.86261E-8 1.64329E-8 1.50334E-8 1.43343E-8 7.96469E-9 1.1774E-8 1.70692E-8 1.15648E-8 5.92855E-9 6.16834E-9
6.17117E-5 7.25773E-5 7.21327E-5 6.87025E-5 6.22223E-5 6.16329E-5 5.75775E-5 5.66575E-5 6.23064E-5 6.73336E-5 6.87818E-5 7.14758E-5 8.59135E-5 1.06091E-4 8.69716E-5 5.29279E-5 4.24519E-5 3.73838E-5 3.78672E-5 4.02735E-5 4.20247E-5 3.80313E-5 3.08121E-5 1.73399E-5 1.92275E-5 3.23909E-5 1.34299E-5 4.80669E-6 1.02919E-5 1.85843E-5 1.02159E-5 9.52223E-6 3.0017E-6 2.54752E-6 2.4532E-6 2.50892E-6 4.0863E-6 2.12021E-6 5.19641E-7 1.06383E-7 1.29197E-7 6.68003E-7 7.71566E-8 6.58761E-8 4.03158E-8 3.20918E-8 3.68291E-8 2.53773E-8 -9999 1.58485E-8 1.3193E-8 2.16951E-8 1.51192E-8 1.37151E-8 1.47549E-8 2.13057E-8 1.08698E-8 1.69557E-8 1.46019E-8 1.06926E-8 7.08705E-9 8.56759E-9 7.05911E-9 5.73836E-9 1.0296E-8
6.33969E-5 6.46577E-5 6.61373E-5 6.19915E-5 5.86681E-5 5.74101E-5 5.65302E-5 5.59478E-5 5.85992E-5 6.07071E-5 6.87886E-5 7.17861E-5 9.36029E-5 9.62656E-5 8.7412E-5 8.11429E-5 5.18111E-5 4.19283E-5 4.25943E-5 5.07357E-5 5.80841E-5 5.19979E-5 4.70976E-5 4.14821E-5 2.80133E-5 4.45668E-5 3.17092E-5 1.95482E-5 1.79485E-5 1.04275E-5 3.9023E-6 7.7789E-6 1.0494E-5 1.02386E-5 9.29783E-6 8.28359E-6 6.31541E-6 5.78958E-6 2.39732E-6 6.94375E-7 1.50582E-7 1.11824E-7 2.01925E-7 2.78568E-7 1.02741E-7 5.06145E-8 3.84872E-8 -9999 -9999 -9999 1.03698E-8 1.0376E-8 1.96189E-8 1.09191E-8 1.03417E-8 1.87069E-8 1.6099E-8 9.73914E-9 1.02988E-8 1.33014E-8 7.43156E-9 4.97952E-9 5.93945E-9 5.93908E-9 9.06969E-9
5.68865E-5 5.55903E-5 5.60301E-5 5.52938E-5 5.31943E-5 5.42035E-5 5.7513E-5 5.53785E-5 5.89283E-5 6.9082E-5 8.01467E-5 8.83819E-5 9.67388E-5 1.03175E-4 1.04499E-4 9.73313E-5 7.5237E-5 5.28756E-5 4.66597E-5 4.47936E-5 5.33127E-5 5.51251E-5 4.70058E-5 4.77966E-5 5.91406E-5 7.63523E-5 4.92756E-5 1.13505E-5 7.99923E-6 1.12732E-5 7.62961E-6 7.83385E-6 3.92518E-6 2.37151E-6 2.93476E-6 4.75528E-6 2.23383E-6 2.36604E-6 2.31205E-6 7.60415E-7 2.56906E-7 1.10952E-7 1.07667E-7 1.32987E-7 1.59903E-7 6.22492E-8 5.87486E-8 3.05648E-8 2.67642E-8 2.02642E-8 1.82014E-8 1.76471E-8 1.96571E-8 1.00779E-8 1.13997E-8 9.48572E-9 1.64048E-8 1.34365E-8 8.73497E-9 1.05889E-8 7.93643E-9 6.26336E-9 5.02026E-9 4.96065E-9 1.03292E-8
5.46664E-5 4.9047E-5 4.84931E-5 5.05871E-5 5.11941E-5 5.60736E-5 5.84766E-5 5.88238E-5 6.95042E-5 7.96717E-5 8.58379E-5 9.25744E-5 9.86612E-5 1.06316E-4 1.07014E-4 1.00214E-4 9.28018E-5 8.36224E-5 7.29369E-5 6.50492E-5 6.29856E-5 6.67239E-5 6.58379E-5 6.22729E-5 6.22137E-5 7.19293E-5 5.93824E-5 4.05649E-5 3.25011E-5 2.91327E-5 1.49214E-5 6.42582E-6 4.23403E-6 1.23049E-6 7.67863E-7 1.64369E-6 1.50465E-6 1.14332E-6 1.215E-6 6.45747E-7 8.33688E-7 5.29446E-7 1.3733E-7 9.50901E-8 3.05153E-7 8.67414E-8 4.4182E-8 2.76976E-8 3.6566E-8 3.22854E-8 1.81422E-8 1.33104E-8 1.48724E-8 1.14659E-8 1.41593E-8 1.40692E-8 1.56538E-8 1.55168E-8 1.01572E-8 8.73815E-9 7.18904E-9 8.52358E-9 7.24859E-9 6.22778E-9 1.45883E-8
4.53932E-5 4.27089E-5 4.44364E-5 4.4571E-5 4.77539E-5 5.15701E-5 5.08318E-5 5.52515E-5 6.95393E-5 7.43279E-5 7.66397E-5 9.28395E-5 1.07201E-4 1.04494E-4 9.80268E-5 9.51216E-5 9.49694E-5 9.51516E-5 9.15556E-5 8.76489E-5 8.88364E-5 9.35771E-5 9.31733E-5 9.10133E-5 9.45544E-5 8.41021E-5 6.90975E-5 6.10228E-5 4.84348E-5 4.6921E-5 3.37669E-5 1.60415E-5 6.32238E-6 3.14162E-6 1.11933E-6 4.78951E-7 7.91778E-7 1.03814E-6 8.62812E-7 1.47302E-6 5.24393E-6 2.62159E-6 3.11297E-7 7.68276E-8 1.65964E-7 3.65873E-8 3.51105E-8 4.16443E-8 4.63957E-8 2.86576E-8 2.05386E-8 1.74371E-8 1.57135E-8 1.65031E-8 1.29245E-8 1.24965E-8 1.44771E-8 1.1414E-8 1.19263E-8 8.61024E-9 7.95316E-9 8.05426E-9 8.58072E-9 7.07979E-9 1.15478E-8
3.66732E-5 3.40392E-5 3.68046E-5 3.73568E-5 3.95635E-5 4.20241E-5 4.41511E-5 5.05641E-5 7.13308E-5 8.68507E-5 8.99684E-5 1.10451E-4 1.08003E-4 9.59153E-5 9.6979E-5 1.00333E-4 1.01406E-4 1.00691E-4 1.00945E-4 1.01112E-4 1.01822E-4 1.07667E-4 1.17362E-4 1.11355E-4 1.08556E-4 9.88417E-5 8.53915E-5 7.24654E-5 6.33093E-5 4.94677E-5 3.58955E-5 2.33838E-5 1.19472E-5 7.729E-6 3.91381E-6 1.63656E-6 2.45811E-6 2.76303E-6 3.08807E-6 4.63193E-6 8.74431E-6 2.5253E-6 6.11375E-7 9.49681E-8 8.45648E-8 4.15824E-8 9.05685E-8 6.34343E-8 3.08674E-8 2.78236E-8 2.24048E-8 2.71025E-8 2.55098E-8 2.32143E-8 1.32145E-8 1.40372E-8 8.75111E-9 9.36692E-9 1.01913E-8 9.99007E-9 8.57895E-9 8.57202E-9 7.74463E-9 8.58382E-9 1.02675E-8
3.17221E-5 3.63389E-5 4.48326E-5 5.03541E-5 5.03603E-5 5.40335E-5 7.01384E-5 8.78777E-5 9.59189E-5 9.37777E-5 9.34966E-5 1.17216E-4 1.04074E-4 1.06026E-4 1.05943E-4 1.05151E-4 1.05299E-4 1.05823E-4 1.06766E-4 1.07389E-4 1.07768E-4 1.14542E-4 1.24217E-4 1.15523E-4 1.08542E-4 1.03272E-4 1.00316E-4 7.09353E-5 6.52099E-5 5.85123E-5 4.74764E-5 2.97731E-5 2.26769E-5 2.22912E-5 1.47933E-5 9.16678E-6 8.02811E-6 9.83822E-6 9.01705E-6 1.62889E-5 9.59301E-6 2.92693E-6 1.11082E-6 1.36656E-7 7.15817E-8 5.04936E-8 8.7176E-8 8.93182E-8 6.59493E-8 4.93206E-8 3.2307E-8 3.31502E-8 4.79224E-8 2.30467E-8 1.25054E-8 1.67805E-8 1.14013E-8 8.81566E-9 8.88246E-9 8.42702E-9 8.81457E-9 6.703E-9 6.21402E-9 6.41603E-9 7.5818E-9
5.27863E-5 6.18861E-5 7.46704E-5 8.67436E-5 8.7283E-5 9.97096E-5 1.02883E-4 1.02948E-4 1.06565E-4 1.07508E-4 1.06012E-4 1.06882E-4 1.06225E-4 1.06693E-4 1.07537E-4 1.07743E-4 1.08353E-4 1.0993E-4 1.10838E-4 1.11855E-4 1.12907E-4 1.15779E-4 1.1524E-4 1.1087E-4 1.05242E-4 1.01399E-4 9.6928E-5 8.7791E-5 7.87318E-5 7.55966E-5 6.32948E-5 5.55909E-5 5.02412E-5 4.66255E-5 3.65982E-5 2.68962E-5 2.17029E-5 2.72736E-5 1.67994E-5 1.15583E-5 1.32021E-5 4.85991E-6 1.06939E-6 2.49682E-7 1.96526E-7 8.7188E-8 3.90786E-8 3.95688E-8 5.01571E-8 7.05104E-8 8.08609E-8 4.79988E-8 3.24127E-8 2.51603E-8 1.23536E-8 1.88725E-8 1.50727E-8 1.0377E-8 9.91348E-9 8.04746E-9 7.59862E-9 7.63754E-9 7.4637E-9 6.71465E-9 6.84255E-9
8.77909E-5 9.03071E-5 9.47116E-5 1.00073E-4 1.01277E-4 1.02907E-4 1.0373E-4 1.06708E-4 1.06157E-4 1.05618E-4 1.04864E-4 1.04809E-4 1.06649E-4 1.07942E-4 1.08083E-4 1.08991E-4 1.09979E-4 1.13117E-4 1.13336E-4 1.12043E-4 1.1155E-4 1.10733E-4 1.11539E-4 1.11322E-4 1.08658E-4 1.04587E-4 1.00295E-4 9.46908E-5 9.1964E-5 8.60512E-5 7.60672E-5 7.03324E-5 6.37155E-5 5.35379E-5 4.58025E-5 4.87662E-5 5.4875E-5 4.92577E-5 1.86673E-5 6.71281E-6 6.52975E-6 4.9014E-6 2.83227E-6 1.45476E-6 1.06201E-6 2.94165E-7 1.44757E-7 6.14849E-8 2.70317E-8 4.82713E-8 1.69313E-7 1.19465E-7 3.44358E-8 2.78202E-8 1.70105E-8 1.80317E-8 1.80456E-8 1.7017E-8 1.64602E-8 1.19345E-8 1.20308E-8 9.22543E-9 8.44757E-9 7.40466E-9 5.73816E-9
9.55587E-5 9.74307E-5 9.92706E-5 1.01582E-4 1.03508E-4 1.03358E-4 1.04163E-4 1.06821E-4 1.05819E-4 1.04156E-4 1.0401E-4 1.0501E-4 1.06641E-4 1.17524E-4 1.13319E-4 1.11158E-4 1.12274E-4 1.12044E-4 1.11036E-4 1.10539E-4 1.10717E-4 1.10857E-4 1.1137E-4 1.12485E-4 1.11864E-4 1.07839E-4 1.01908E-4 9.92893E-5 9.93106E-5 9.9331E-5 9.53679E-5 8.78068E-5 8.30338E-5 7.52258E-5 6.61432E-5 6.36022E-5 6.4815E-5 5.85306E-5 3.41733E-5 1.29948E-5 3.9329E-6 1.91602E-6 9.82919E-7 1.01429E-6 1.12425E-6 3.81556E-7 1.30724E-7 8.846E-8 5.52628E-8 8.14532E-8 8.4814E-8 1.24279E-7 8.40604E-8 6.35206E-8 2.30733E-8 1.70797E-8 1.52191E-8 2.3886E-8 1.35141E-8 1.25036E-8 1.92489E-8 1.71007E-8 9.90671E-9 7.54382E-9 6.81574E-9
9.6353E-5 9.77264E-5 9.96007E-5 1.00275E-4 1.00813E-4 1.02368E-4 1.04278E-4 1.05784E-4 1.04537E-4 1.03342E-4 1.04291E-4 1.05631E-4 1.06349E-4 1.22839E-4 1.13475E-4 1.10895E-4 1.10938E-4 1.10199E-4 1.09794E-4 1.09576E-4 1.10296E-4 1.11637E-4 1.13068E-4 1.14564E-4 1.13026E-4 1.06527E-4 1.04296E-4 1.04762E-4 1.04765E-4 1.0556E-4 1.03986E-4 9.86691E-5 9.62725E-5 9.52225E-5 8.87791E-5 7.92071E-5 7.29637E-5 6.44788E-5 5.23598E-5 3.25294E-5 1.30346E-5 4.44375E-6 1.32474E-6 3.18105E-7 3.18649E-7 4.4098E-7 2.15679E-7 1.25188E-7 8.85181E-8 6.82565E-8 3.85864E-8 1.10924E-7 2.99763E-7 9.72161E-8 4.36465E-8 3.21863E-8 2.20124E-8 2.10469E-8 1.00486E-8 1.15343E-8 2.00834E-8 3.28941E-8 1.96482E-8 9.05847E-9 1.03372E-8
9.15336E-5 9.28185E-5 9.7797E-5 1.00456E-4 1.0123E-4 1.045E-4 1.07143E-4 1.06165E-4 1.02532E-4 1.0285E-4 1.04272E-4 1.0326E-4 1.03489E-4 1.08734E-4 1.08797E-4 1.09285E-4 1.09692E-4 1.09994E-4 1.26827E-4 1.0999E-4 1.11433E-4 1.1351E-4 1.15315E-4 1.14359E-4 1.14249E-4 1.10921E-4 1.10074E-4 1.102E-4 1.09813E-4 1.07617E-4 1.03175E-4 1.00391E-4 1.01925E-4 1.02625E-4 9.68506E-5 8.56818E-5 7.51535E-5 6.59996E-5 6.13337E-5 5.64527E-5 4.09243E-5 2.87389E-5 1.39403E-5 3.63903E-6 7.39822E-7 3.16935E-7 2.14562E-7 1.26032E-7 8.21945E-8 7.24871E-8 5.62181E-8 2.07456E-7 1.12105E-6 1.33932E-7 3.29571E-8 3.23528E-8 1.93464E-8 1.92005E-8 -9999 9.14545E-9 1.26357E-8 2.96925E-8 3.2361E-8 1.55572E-8 1.70129E-8
8.94794E-5 8.93282E-5 9.30442E-5 9.7465E-5 1.0136E-4 1.05027E-4 1.05185E-4 1.03652E-4 1.01691E-4 1.01332E-4 1.01114E-4 1.01418E-4 1.02111E-4 1.0316E-4 1.07161E-4 1.08871E-4 1.08882E-4 1.09421E-4 1.28288E-4 1.11189E-4 1.13504E-4 1.15065E-4 1.14134E-4 1.13608E-4 1.12839E-4 1.14509E-4 1.12604E-4 1.10614E-4 1.08718E-4 1.0403E-4 1.01672E-4 1.01478E-4 1.00674E-4 9.88561E-5 9.97958E-5 9.64163E-5 8.09312E-5 6.4592E-5 6.69229E-5 6.77299E-5 5.81996E-5 5.02685E-5 4.30802E-5 2.65005E-5 1.31178E-5 6.1443E-6 2.44279E-6 7.26018E-7 3.88871E-7 1.9631E-7 2.93573E-7 1.78163E-6 1.65264E-6 1.64932E-7 6.78018E-8 5.56887E-8 2.65462E-8 2.08356E-8 -9999 9.6819E-9 1.13516E-8 1.58884E-8 2.69237E-8 4.07063E-8 1.92251E-8
8.73949E-5 8.63299E-5 8.69403E-5 9.25509E-5 9.80804E-5 1.00596E-4 1.01691E-4 1.01679E-4 9.98644E-5 9.88604E-5 9.84806E-5 9.96962E-5 1.01352E-4 1.01707E-4 1.0447E-4 1.07854E-4 1.08718E-4 1.0957E-4 1.10364E-4 1.11894E-4 1.13567E-4 1.13961E-4 1.12707E-4 1.10738E-4 1.13016E-4 1.13066E-4 1.0742E-4 1.04742E-4 1.04296E-4 1.03098E-4 1.02083E-4 1.01112E-4 1.00169E-4 1.04066E-4 1.07669E-4 1.01469E-4 9.3129E-5 7.86097E-5 7.6384E-5 8.64796E-5 6.69686E-5 5.88207E-5 5.24242E-5 3.99985E-5 3.43638E-5 3.35825E-5 2.30412E-5 7.18242E-6 2.37507E-6 9.57439E-7 6.19091E-7 3.20209E-6 1.06659E-6 7.95846E-7 4.25479E-7 2.64128E-7 4.20986E-8 2.32297E-8 1.97065E-8 1.42922E-8 2.19285E-8 2.9593E-8 3.70352E-8 4.11151E-8 4.47497E-8
8.7477E-5 8.66377E-5 8.52192E-5 9.00134E-5 9.37509E-5 9.55529E-5 9.90782E-5 9.82157E-5 9.56511E-5 9.54853E-5 9.64229E-5 9.86122E-5 1.00049E-4 1.0106E-4 1.03653E-4 1.07261E-4 1.0804E-4 1.08613E-4 1.0875E-4 1.10704E-4 1.13074E-4 1.11732E-4 1.08967E-4 1.07437E-4 1.06509E-4 1.04638E-4 1.03132E-4 1.03505E-4 1.03706E-4 1.02945E-4 1.03189E-4 1.03426E-4 1.04577E-4 1.08345E-4 1.07182E-4 1.00252E-4 9.48578E-5 9.20605E-5 8.60449E-5 9.09063E-5 9.25789E-5 6.76062E-5 4.65396E-5 4.31523E-5 4.90153E-5 4.39789E-5 3.535E-5 3.07035E-5 1.39483E-5 3.9566E-6 3.00023E-6 6.07518E-6 4.93369E-6 1.00213E-6 3.51089E-7 2.9152E-7 1.17347E-7 5.94584E-8 2.28558E-8 1.46235E-8 1.5E-8 2.19202E-8 2.549E-8 1.45729E-8 1.16487E-8
