catData/rasterBestHybridModels/Pviverrinus/RDbal_RM2_L/Pviverrinus_min.asc
ncols         409
nrows         350
xllcorner     60.897278365
yllcorner     5.843756025
cellsize      0.0892857
NODATA_value  -9999
[rows 232 to 260 of 350, columns 132 to 197 of 409]
-9999 -9999 -9999 -9999 -9999 -9999 -9999 -9999 1.5897E-6 5.70424E-6 3.36485E-4 3.28189E-4 2.71755E-4 5.95222E-5 4.04829E-5 7.61583E-7 3.04851E-6 2.35799E-7 1.47622E-11 2.7712E-11 2.41878E-11 5.9931E-10 1.96365E-8 2.4895E-7 1.73684E-6 4.89879E-5 2.25544E-5 3.63689E-6 9.17262E-7 2.32725E-7 6.62806E-7 2.68179E-10 4.43797E-9 7.50338E-10 4.99671E-5 2.36015E-6 9.89306E-9 6.17235E-8 1.3061E-6 1.64126E-6 7.45635E-7 2.46174E-8 7.86934E-6 3.90539E-6 8.74024E-12 3.84924E-10 2.24919E-6 1.45937E-6 2.44951E-7 1.42124E-7 1.39919E-10 5.94495E-6 1.59588E-6 8.66012E-6 1.12313E-5 1.59575E-5 1.404E-6 1.39384E-8 7.86756E-8 3.04617E-6 1.43044E-9 1.96313E-15 7.72219E-9 5.04037E-7 8.42334E-6 1.68549E-5
-9999 -9999 -9999 -9999 -9999 -9999 -9999 -9999 1.49498E-7 5.57618E-5 3.72876E-4 3.55515E-4 2.88121E-4 1.25141E-4 9.97409E-6 6.35883E-6 1.89106E-6 2.4552E-8 1.29218E-8 1.87573E-6 3.10335E-9 1.069E-9 1.79417E-7 5.78679E-7 2.3587E-5 6.69643E-7 3.40292E-6 9.2046E-7 2.62466E-8 1.28457E-7 3.06611E-7 7.53261E-8 1.63674E-7 9.39155E-9 4.89869E-7 4.34398E-6 2.38577E-9 1.76235E-7 1.32515E-8 6.98146E-8 6.80578E-7 9.28604E-9 2.61051E-6 2.93337E-10 4.24352E-8 8.49355E-10 5.26799E-6 3.34994E-7 1.35151E-5 4.19268E-6 1.66064E-8 2.63074E-7 2.10503E-6 1.49512E-5 3.96932E-5 1.50045E-6 3.61714E-7 1.00953E-7 5.17466E-7 1.28395E-8 1.23255E-9 1.28612E-6 1.01181E-5 4.06962E-7 2.83405E-9 4.31322E-10
-9999 -9999 -9999 -9999 -9999 -9999 -9999 -9999 -9999 2.63327E-4 3.88539E-4 4.04577E-4 2.94475E-4 9.67864E-5 4.18972E-5 1.32749E-5 2.35684E-5 3.97058E-8 7.42523E-8 1.02313E-9 2.63026E-10 3.45392E-5 1.20375E-7 2.53876E-9 1.08639E-7 8.86289E-7 3.85737E-8 6.48488E-7 1.49547E-13 6.06393E-12 3.13607E-7 1.10829E-7 6.80261E-9 2.60569E-8 7.40327E-7 2.24109E-7 2.42877E-10 6.34745E-9 5.0776E-7 2.15587E-7 9.69715E-6 4.33415E-6 1.16971E-9 4.54796E-8 3.82095E-8 2.18327E-12 1.9391E-9 3.59955E-5 2.70693E-5 1.38894E-6 9.61769E-6 6.07108E-6 1.4315E-7 4.78427E-5 5.04656E-5 8.75218E-6 4.74336E-6 3.13186E-7 5.95118E-8 1.86624E-7 1.52517E-7 5.12484E-9 2.83082E-8 1.66999E-5 1.0013E-10 2.66671E-5
-9999 -9999 -9999 -9999 -9999 -9999 -9999 -9999 -9999 6.2976E-5 2.82671E-4 4.45301E-4 4.21756E-4 1.73428E-4 1.13387E-4 2.93953E-5 2.40849E-5 9.11724E-7 1.03622E-11 9.43993E-10 4.77816E-10 1.24438E-10 3.98821E-8 3.86217E-12 4.2901E-10 2.22212E-6 1.70697E-7 8.52481E-7 4.34008E-9 8.41759E-7 5.87782E-7 7.80449E-8 2.61706E-6 1.89655E-6 7.2878E-9 6.23863E-8 4.32974E-9 1.53577E-6 9.45484E-8 1.05979E-5 1.49714E-6 3.00552E-9 2.01934E-9 3.52318E-8 8.15724E-9 8.34321E-6 1.30463E-5 1.93451E-5 4.86034E-5 7.91925E-7 1.45637E-7 3.13159E-6 6.26489E-6 1.71461E-5 1.81044E-5 3.29035E-5 4.85608E-6 1.05751E-6 1.29956E-8 8.8759E-9 1.00962E-6 4.72347E-7 1.84596E-8 1.00885E-11 5.39452E-13 7.24799E-10
-9999 -9999 -9999 -9999 -9999 -9999 -9999 -9999 -9999 4.86185E-5 4.85503E-5 4.19879E-6 1.33248E-4 3.75798E-4 1.50977E-4 2.71157E-5 2.44895E-5 3.95159E-6 1.20817E-6 9.46481E-12 4.5303E-10 1.35858E-11 7.62201E-15 3.73932E-11 1.55012E-8 1.94314E-8 2.49177E-10 4.46179E-9 9.65766E-9 1.814E-8 4.90725E-6 1.17841E-6 1.00078E-8 4.21185E-10 6.49325E-9 4.61381E-9 1.36562E-6 3.56182E-6 1.8198E-8 1.40785E-5 1.4794E-5 9.43403E-8 6.64865E-9 8.60586E-8 6.40704E-8 4.17166E-5 5.58669E-6 2.11093E-5 1.96883E-8 5.00702E-7 4.31554E-7 1.33903E-7 1.10418E-6 3.0529E-8 2.00026E-5 7.16912E-7 8.83319E-6 2.77395E-6 8.29847E-9 5.83795E-7 1.58403E-6 2.92865E-8 5.07873E-7 3.70272E-7 2.07722E-7 4.21029E-12
-9999 -9999 -9999 -9999 -9999 -9999 -9999 -9999 -9999 -9999 4.06391E-4 5.34806E-5 4.83945E-5 4.24968E-4 1.41161E-4 3.84298E-5 2.63412E-5 1.99846E-6 4.99048E-6 1.02345E-7 1.56394E-6 2.1335E-7 5.81409E-12 4.94704E-9 1.98024E-8 6.98312E-12 6.6772E-9 4.54477E-8 5.41256E-7 1.29971E-7 2.2287E-6 3.63388E-7 5.2421E-6 3.24336E-9 1.01522E-8 4.62344E-7 1.7244E-10 5.00203E-8 3.00203E-11 1.91715E-6 2.64496E-6 1.62595E-8 5.9057E-10 4.7478E-6 5.05975E-6 7.55693E-6 5.33427E-6 1.02729E-7 1.07851E-9 6.81671E-9 1.60536E-7 2.00225E-7 3.6586E-7 1.94375E-8 1.858E-6 3.00963E-6 4.33306E-6 1.62776E-5 9.96781E-8 1.79025E-8 1.23021E-6 1.62329E-8 6.43889E-7 1.07225E-7 2.29176E-7 2.70259E-7
-9999 -9999 -9999 -9999 -9999 -9999 -9999 -9999 -9999 -9999 -9999 2.11699E-4 7.35183E-5 3.85271E-4 2.73329E-4 1.55083E-4 8.89766E-5 3.41875E-5 1.46625E-5 4.20271E-7 1.40466E-5 3.64025E-12 7.63615E-14 9.24551E-15 3.49199E-13 6.29345E-10 4.85686E-6 5.36541E-7 3.74325E-6 1.70457E-6 7.02033E-10 9.04947E-10 7.32204E-7 2.8524E-6 2.82932E-6 2.51264E-7 8.43604E-13 1.29724E-12 6.05175E-13 5.4057E-7 1.22307E-5 6.9902E-12 5.63479E-14 6.79396E-6 4.62972E-5 4.715E-5 1.99704E-6 9.11621E-10 8.17338E-11 4.50672E-8 2.19293E-7 2.77138E-6 3.42207E-8 4.51684E-7 6.79063E-7 2.08837E-7 3.24629E-8 4.59038E-7 8.12355E-7 5.9059E-7 6.69676E-7 1.97255E-7 4.99284E-7 1.25784E-7 1.51807E-8 5.18434E-8
-9999 -9999 -9999 -9999 -9999 -9999 -9999 -9999 -9999 -9999 -9999 -9999 2.89296E-4 3.71153E-4 3.7689E-4 2.35387E-4 6.69972E-5 2.84625E-5 2.20619E-5 2.47359E-5 1.41712E-6 1.89801E-7 1.29355E-7 4.49488E-10 2.18669E-12 3.30044E-7 3.82838E-9 1.38761E-9 4.86524E-7 2.73794E-6 3.14666E-7 5.40699E-7 1.1363E-5 1.07712E-5 1.25185E-6 1.5435E-9 7.62547E-9 1.71123E-12 4.31756E-17 2.93089E-13 7.72355E-14 3.46493E-9 3.02481E-8 1.8813E-5 4.65636E-5 5.26903E-5 7.35932E-7 2.91894E-6 1.56518E-8 2.51293E-7 1.31124E-9 3.88829E-8 5.07712E-7 4.01244E-6 4.39134E-6 2.07773E-8 1.31429E-8 9.6895E-7 2.57882E-8 9.36256E-9 6.11959E-7 5.42498E-9 8.74793E-8 7.74581E-8 6.67844E-7 2.27005E-7
-9999 -9999 -9999 -9999 -9999 -9999 -9999 -9999 -9999 -9999 -9999 -9999 1.9081E-7 1.46736E-6 3.84082E-4 3.05686E-4 1.64282E-4 8.65322E-5 3.78276E-5 3.46526E-5 1.43353E-6 6.50325E-7 2.77438E-5 1.01561E-9 1.34087E-14 1.00415E-10 3.87855E-8 1.67658E-9 4.61628E-6 1.6659E-7 6.83955E-12 1.73077E-13 2.2508E-9 4.57788E-7 1.7664E-12 4.66748E-10 8.49701E-9 6.4952E-10 1.03821E-15 4.31424E-15 4.42835E-15 1.8144E-7 2.01335E-9 7.74642E-8 3.28124E-5 2.05375E-6 7.75909E-7 2.2869E-6 1.67454E-7 1.38356E-6 7.7945E-8 2.64587E-11 2.92315E-8 2.81248E-6 2.09101E-7 8.21863E-6 3.22994E-7 1.32559E-6 6.3494E-8 1.23054E-8 3.36158E-10 9.65636E-8 2.92282E-7 3.24311E-9 9.64101E-7 6.40712E-9
-9999 -9999 -9999 -9999 -9999 -9999 -9999 -9999 -9999 -9999 -9999 -9999 1.55E-5 1.83175E-5 3.458E-5 1.98363E-5 3.3394E-4 1.52422E-4 4.63176E-5 3.48636E-5 3.03774E-5 4.08621E-6 2.07638E-6 1.18092E-5 1.95397E-12 7.95501E-14 8.08038E-8 1.84958E-8 1.46257E-11 1.57854E-11 7.96231E-7 2.07722E-6 9.566E-7 3.20365E-7 2.48058E-10 2.71624E-11 1.96228E-9 1.02933E-6 1.66911E-10 1.28164E-14 2.19069E-15 2.67059E-10 1.77185E-8 4.98367E-5 5.54988E-5 2.16348E-6 6.07726E-6 2.1056E-6 3.43402E-7 7.37113E-8 4.29873E-9 1.76564E-9 1.07866E-8 6.0082E-10 5.95277E-9 1.00444E-5 5.10232E-5 2.20579E-6 1.70933E-7 4.38349E-7 6.35476E-7 1.60483E-9 3.72923E-9 2.49187E-8 6.15174E-8 1.50653E-6
-9999 -9999 -9999 -9999 -9999 -9999 -9999 -9999 -9999 -9999 -9999 -9999 -9999 5.03569E-5 9.34789E-5 1.34118E-4 3.34935E-4 1.4738E-4 6.07116E-5 3.97473E-5 3.5037E-5 3.52943E-5 2.06805E-5 6.21055E-7 6.40639E-6 1.54966E-9 9.80273E-7 1.56287E-9 2.03581E-9 5.31078E-8 6.93477E-10 6.42293E-8 7.1503E-7 1.6569E-5 7.188E-6 2.35882E-8 8.48867E-7 1.04918E-6 4.11276E-6 3.70683E-14 2.66868E-14 1.09169E-14 1.34538E-8 3.67263E-5 5.90175E-5 3.90725E-7 3.0705E-8 1.19023E-5 1.73311E-7 1.56815E-7 1.86009E-10 1.30283E-7 7.39049E-16 1.21566E-6 3.71008E-10 1.12974E-6 1.41686E-5 1.64997E-6 2.20384E-6 2.24876E-7 6.09483E-7 2.6753E-6 1.02843E-6 2.83601E-12 1.82007E-7 6.81975E-8
-9999 -9999 -9999 -9999 -9999 -9999 -9999 -9999 -9999 -9999 -9999 -9999 -9999 2.14609E-6 2.32926E-5 3.72856E-4 5.88694E-5 1.90378E-4 7.79415E-5 4.89409E-5 4.60403E-5 5.04609E-5 1.10374E-6 4.15307E-10 3.59491E-6 4.81529E-8 6.22196E-12 2.42068E-7 5.17879E-10 4.31186E-9 4.21545E-9 1.8679E-7 3.54702E-11 6.80025E-9 1.9558E-6 2.35583E-5 3.44435E-6 1.28144E-6 2.97187E-7 4.27492E-15 3.01171E-12 1.01159E-9 5.36041E-8 7.47798E-7 8.37096E-6 4.20748E-6 1.15142E-7 2.05727E-8 4.13584E-6 1.59897E-7 2.48973E-8 4.83554E-13 4.482E-20 5.24772E-14 4.48652E-8 5.78451E-10 1.95452E-6 2.41094E-7 9.85549E-7 6.48045E-7 2.05902E-6 1.76384E-7 1.35109E-6 2.25135E-6 4.63863E-5 7.0766E-9
-9999 -9999 -9999 -9999 -9999 -9999 -9999 -9999 -9999 -9999 -9999 -9999 -9999 -9999 1.80091E-7 4.13119E-4 2.52265E-4 1.96938E-4 7.21299E-5 6.26964E-5 5.40464E-5 6.66768E-5 6.80714E-5 9.65708E-8 3.03262E-8 1.60695E-7 1.8726E-8 2.03619E-9 3.35946E-17 6.49916E-7 6.04896E-7 3.39505E-8 2.32004E-8 1.10612E-6 3.17871E-8 2.08058E-6 6.21944E-6 5.3278E-7 4.2451E-10 7.65521E-11 2.54924E-6 6.3385E-9 1.36793E-11 1.31205E-11 2.00746E-7 2.83954E-5 6.56613E-6 1.79483E-6 1.33118E-8 3.39215E-6 6.79008E-11 9.76719E-13 3.62775E-18 2.50795E-11 2.76135E-9 1.04329E-6 4.43247E-7 3.79387E-6 5.46536E-6 4.90515E-9 1.96919E-9 7.73247E-11 5.22531E-8 3.32311E-6 4.32258E-5 4.27764E-9
-9999 -9999 -9999 -9999 -9999 -9999 -9999 -9999 -9999 -9999 -9999 -9999 -9999 -9999 3.45246E-5 2.5018E-4 3.54937E-4 2.04028E-4 6.43648E-5 6.91554E-5 5.87695E-5 6.89063E-5 8.58189E-5 6.70904E-5 4.85535E-6 2.62467E-7 1.69905E-7 6.85082E-8 1.97635E-16 2.64604E-14 1.04269E-7 5.24999E-8 9.51733E-11 3.68011E-10 4.21963E-9 1.65348E-7 1.29804E-9 1.6464E-8 2.37829E-7 5.93744E-6 3.90173E-8 9.55645E-12 5.3123E-11 2.8523E-11 1.52247E-11 3.53362E-10 1.72245E-8 4.87765E-7 9.76904E-12 7.94562E-8 8.75374E-9 1.83729E-10 1.3663E-10 2.4776E-6 3.79387E-6 5.0378E-6 7.76576E-7 2.8574E-8 1.68961E-6 5.35191E-12 1.10484E-8 1.85664E-8 7.99179E-9 8.77923E-6 3.88184E-5 1.66014E-11
-9999 -9999 -9999 -9999 -9999 -9999 -9999 -9999 -9999 -9999 -9999 -9999 -9999 -9999 -9999 3.32993E-4 2.73999E-4 1.56948E-4 7.02179E-5 6.98974E-5 8.1028E-5 9.14997E-5 7.83331E-5 6.84533E-5 6.0674E-5 4.03585E-7 3.41397E-7 6.49352E-12 1.24241E-11 4.16627E-14 4.94305E-9 1.23688E-7 3.5673E-9 1.97087E-6 1.72856E-11 1.17875E-10 2.33736E-10 2.95597E-10 1.19981E-13 3.87124E-9 9.96334E-11 2.72002E-10 7.01126E-11 2.23649E-11 1.68988E-9 1.82024E-9 1.46157E-10 8.50412E-7 2.77958E-10 1.28678E-9 1.10115E-8 6.7136E-6 1.19446E-8 1.87345E-9 3.49438E-10 8.30581E-7 9.96011E-10 3.873E-9 2.09783E-7 2.5187E-6 9.4939E-7 3.85829E-6 1.50458E-7 1.10944E-6 3.7054E-5 4.62097E-13
-9999 -9999 -9999 -9999 -9999 -9999 -9999 -9999 -9999 -9999 -9999 -9999 -9999 -9999 -9999 3.15115E-4 2.92764E-4 2.04858E-4 1.26275E-4 1.00566E-4 1.39905E-4 1.26281E-4 7.67286E-5 6.41154E-5 6.71304E-5 4.04279E-5 1.17633E-5 1.6398E-6 6.79439E-8 9.69322E-8 4.0218E-9 1.96193E-7 3.28002E-8 9.53951E-8 9.85116E-8 1.10099E-10 6.81602E-9 7.99119E-9 5.94167E-7 1.18098E-11 3.82485E-10 2.8512E-11 3.49361E-9 3.49431E-10 1.02216E-7 1.46091E-12 2.96904E-10 1.38982E-9 1.93415E-8 2.15559E-9 3.91847E-7 2.07974E-6 2.3723E-6 8.95523E-12 1.20947E-10 1.67971E-10 2.87401E-7 1.42142E-9 1.0532E-8 4.14218E-6 1.94056E-6 5.49139E-6 9.1436E-7 3.18452E-7 7.29246E-8 1.0259E-12
-9999 -9999 -9999 -9999 -9999 -9999 -9999 -9999 -9999 -9999 -9999 -9999 -9999 -9999 -9999 4.04482E-4 2.08844E-4 8.22141E-5 2.53532E-4 2.29955E-4 1.82465E-4 1.46361E-4 9.85745E-5 7.37801E-5 6.97227E-5 5.97907E-5 2.0434E-6 3.00554E-9 2.60844E-8 3.67442E-8 6.22202E-9 1.76717E-6 2.88311E-7 1.71711E-8 2.82614E-7 1.20755E-9 1.52634E-9 7.45585E-9 3.26442E-8 8.40461E-11 8.64054E-11 2.80203E-9 4.88529E-11 3.80672E-10 3.99485E-8 9.68129E-10 5.96002E-11 1.28756E-10 8.69148E-8 1.09559E-7 1.83899E-7 1.1875E-8 1.69127E-7 3.29022E-8 2.55509E-8 4.87543E-10 6.86927E-8 7.15123E-8 1.3083E-9 1.46142E-10 1.73094E-7 9.71866E-7 7.35919E-9 2.92351E-10 5.34354E-8 5.40521E-6
-9999 -9999 -9999 -9999 -9999 -9999 -9999 -9999 -9999 -9999 -9999 -9999 -9999 -9999 -9999 -9999 4.11384E-4 3.21046E-4 2.71466E-4 1.86927E-4 1.77746E-4 1.98139E-4 1.27015E-4 8.49264E-5 6.56761E-5 5.25385E-5 5.65295E-6 2.26518E-9 2.24076E-5 2.76477E-8 4.33245E-11 1.43453E-7 4.86573E-6 6.03428E-9 2.25413E-8 6.95876E-11 3.7553E-14 1.37845E-11 2.34211E-8 1.87783E-9 6.63253E-10 3.73424E-9 8.47121E-10 3.74456E-11 2.39967E-10 9.27359E-9 2.50601E-10 1.69042E-8 2.01009E-8 7.10434E-8 3.83071E-10 4.28102E-9 4.60851E-13 1.61741E-9 6.40998E-10 2.37162E-8 5.08623E-6 2.71686E-9 2.33291E-9 2.57769E-8 3.44503E-7 9.24741E-8 1.62003E-6 2.47689E-6 2.52508E-7 5.76306E-8
-9999 -9999 -9999 -9999 -9999 -9999 -9999 -9999 -9999 -9999 -9999 -9999 -9999 -9999 -9999 -9999 -9999 -9999 3.00549E-4 3.09903E-4 2.9557E-4 1.91896E-4 9.26408E-5 8.18938E-5 6.08872E-5 4.5651E-5 7.78663E-6 5.28755E-8 1.53719E-5 1.08132E-5 2.04952E-9 1.1028E-8 1.56653E-10 1.4754E-7 4.11222E-9 1.0567E-10 6.439E-9 5.01804E-8 1.40727E-7 3.11626E-8 2.56018E-11 2.03461E-12 6.33243E-8 1.41011E-11 1.674E-10 9.15113E-10 9.24037E-10 3.86634E-13 3.09747E-11 2.77377E-7 8.85048E-13 2.03449E-13 1.39182E-11 3.04629E-9 3.61615E-7 1.63709E-6 1.10036E-6 2.06344E-8 1.5973E-11 3.29016E-11 8.96321E-7 6.41928E-7 1.10411E-7 8.558E-6 1.66617E-6 1.17194E-8
-9999 -9999 -9999 -9999 -9999 -9999 -9999 -9999 -9999 -9999 -9999 -9999 -9999 -9999 -9999 -9999 -9999 -9999 3.80765E-5 3.38219E-4 2.53264E-4 1.40167E-4 6.95907E-5 6.83076E-5 4.80176E-5 4.65215E-5 6.7746E-7 4.92696E-11 3.78651E-6 1.41069E-5 1.7281E-5 4.24877E-8 1.72187E-5 7.62492E-11 5.9056E-9 3.37555E-10 3.00004E-12 1.46239E-9 1.40645E-9 5.93344E-16 1.20921E-9 1.98099E-8 1.23904E-9 1.30488E-9 2.72E-11 1.63201E-8 2.84806E-13 3.56543E-10 5.03148E-14 6.67207E-12 5.11179E-11 1.4296E-9 9.31678E-12 2.08349E-9 5.14526E-8 5.14283E-8 8.26174E-9 2.46169E-8 9.12144E-11 1.4748E-8 1.30079E-10 4.07621E-9 9.5345E-8 2.49802E-6 9.45613E-7 7.39038E-7
-9999 -9999 -9999 -9999 -9999 -9999 -9999 -9999 -9999 -9999 -9999 -9999 -9999 -9999 -9999 -9999 -9999 -9999 -9999 2.7684E-4 2.61403E-4 1.30445E-4 9.06203E-5 7.05053E-5 5.63131E-5 1.32041E-5 2.94874E-6 1.30911E-6 1.55068E-6 1.94797E-5 2.09847E-8 4.22559E-14 2.575E-7 1.14333E-6 1.04379E-9 1.91269E-7 2.53445E-7 1.82399E-12 1.71566E-14 4.1757E-14 2.70574E-12 1.55857E-9 4.07902E-10 5.15135E-13 5.41356E-11 2.06754E-5 1.30982E-6 7.04502E-8 9.05836E-12 2.15601E-12 3.29524E-8 1.99554E-11 1.30844E-9 3.8998E-13 1.29581E-7 1.89014E-7 1.94947E-9 5.82013E-9 9.0546E-9 3.18863E-11 3.42994E-10 1.63254E-10 6.03128E-7 2.47051E-6 6.36103E-9 2.82166E-6
-9999 -9999 -9999 -9999 -9999 -9999 -9999 -9999 -9999 -9999 -9999 -9999 -9999 -9999 -9999 -9999 -9999 -9999 -9999 9.57989E-5 3.85354E-4 2.77342E-4 1.35032E-4 8.71456E-5 6.09835E-5 2.4228E-5 4.20778E-5 3.96511E-5 6.49008E-6 2.9738E-5 5.44673E-9 2.76568E-15 2.99282E-11 8.19854E-7 3.78392E-5 1.30161E-5 2.25918E-5 1.14124E-15 9.96715E-14 1.30446E-13 3.90271E-12 1.05737E-11 5.85517E-10 1.93137E-9 1.10634E-8 1.9354E-9 2.33885E-8 3.00765E-8 6.667E-11 9.41259E-11 1.42693E-12 4.51473E-12 1.20912E-7 2.59532E-11 9.95787E-11 2.61931E-9 8.32372E-9 2.47091E-8 6.14444E-7 4.04282E-7 5.38213E-9 2.3493E-10 1.03347E-7 1.29769E-6 3.81855E-6 1.79864E-7
-9999 -9999 -9999 -9999 -9999 -9999 -9999 -9999 -9999 -9999 -9999 -9999 -9999 -9999 -9999 -9999 -9999 -9999 -9999 1.1292E-4 3.58291E-4 2.66355E-4 1.70711E-4 9.86958E-5 5.39321E-5 9.00537E-6 4.38818E-5 7.04391E-6 1.32646E-5 2.49845E-5 1.29318E-7 5.52446E-11 3.2519E-12 5.65235E-9 2.72797E-5 3.85437E-5 1.23848E-5 1.36685E-16 1.8779E-11 1.72107E-11 4.59361E-11 1.17071E-10 6.70346E-11 6.16041E-12 2.6016E-7 2.67582E-7 5.41367E-7 5.99618E-8 1.14458E-9 1.29086E-16 6.81799E-11 1.70892E-9 3.15655E-9 2.63408E-10 9.14017E-7 8.60549E-8 4.79908E-8 2.15554E-10 1.20363E-7 1.25338E-7 6.05648E-8 1.5385E-8 3.96859E-11 1.38103E-11 7.70253E-8 3.56031E-7
-9999 -9999 -9999 -9999 -9999 -9999 -9999 -9999 -9999 -9999 -9999 -9999 -9999 -9999 -9999 -9999 -9999 -9999 -9999 3.49821E-4 4.9926E-4 3.67037E-4 2.06605E-4 9.19421E-5 9.16299E-7 6.44078E-8 4.38635E-5 3.71826E-5 3.25832E-5 3.1949E-5 3.00298E-6 1.65556E-9 1.51182E-10 9.17985E-10 1.11817E-6 3.41866E-5 3.40473E-5 4.91967E-9 5.55753E-11 1.07267E-9 3.15782E-13 1.6391E-10 1.42122E-7 1.82936E-8 4.16702E-8 5.21264E-7 2.46542E-9 9.51685E-11 3.07708E-11 2.40687E-12 2.41624E-8 3.57883E-8 1.52884E-9 3.8427E-7 3.6292E-10 4.19957E-8 1.04447E-6 2.59859E-9 2.84053E-8 7.9996E-10 2.39995E-9 3.34725E-13 3.56684E-9 7.44115E-9 1.61985E-9 8.20887E-8
-9999 -9999 -9999 -9999 -9999 -9999 -9999 -9999 -9999 -9999 -9999 -9999 -9999 -9999 -9999 -9999 -9999 -9999 -9999 -9999 3.29424E-4 4.13888E-4 2.89061E-4 1.91289E-4 2.21761E-5 1.64648E-6 3.34844E-5 3.78434E-5 3.55877E-5 3.24327E-5 3.22372E-5 5.44182E-6 1.31878E-9 4.33861E-6 1.12506E-6 3.18267E-5 2.32723E-7 4.63641E-13 1.10294E-12 1.18491E-10 3.08113E-11 3.04211E-10 1.28454E-7 9.96473E-10 2.55616E-8 4.01734E-10 8.33893E-8 4.55537E-7 1.493E-7 1.55108E-12 2.68541E-11 3.47014E-8 3.79185E-8 1.89877E-7 1.68803E-8 1.37124E-8 8.98683E-6 3.76206E-7 1.50287E-9 6.56097E-11 6.02047E-8 1.69353E-7 2.03573E-10 1.55546E-8 1.47513E-9 6.85425E-10
-9999 -9999 -9999 -9999 -9999 -9999 -9999 -9999 -9999 -9999 -9999 -9999 -9999 -9999 -9999 -9999 -9999 -9999 -9999 -9999 1.04047E-4 3.99468E-4 2.4188E-4 1.46312E-4 1.521E-4 1.05031E-4 4.95111E-5 4.28475E-5 3.59536E-5 3.61585E-5 3.15681E-5 1.83249E-6 4.20495E-8 1.62031E-8 1.01015E-6 1.33609E-5 4.77861E-7 1.47182E-11 7.59712E-11 1.07736E-9 1.1094E-8 2.86754E-6 4.31136E-8 1.05242E-6 8.46925E-9 1.197E-9 1.14666E-9 5.26414E-10 1.75186E-8 3.25865E-8 1.57611E-10 6.72885E-10 4.25876E-11 3.01623E-9 2.2527E-10 9.52167E-11 2.86204E-10 1.60108E-11 1.4529E-9 2.65524E-8 3.35335E-9 2.8457E-10 7.7728E-12 1.16814E-11 6.38848E-8 5.02003E-9
-9999 -9999 -9999 -9999 -9999 -9999 -9999 -9999 -9999 -9999 -9999 -9999 -9999 -9999 -9999 -9999 -9999 -9999 -9999 -9999 3.39812E-4 4.7197E-4 2.31518E-4 1.49075E-4 1.5064E-4 1.48155E-4 5.65325E-5 4.56027E-5 3.8163E-5 3.25696E-5 2.15241E-5 1.94039E-6 6.246E-6 2.82602E-5 3.58355E-5 2.15564E-7 1.93231E-7 9.13719E-10 5.16681E-13 1.77315E-12 2.64261E-9 5.18852E-11 2.72278E-9 1.7598E-6 5.78101E-8 1.76758E-9 1.31849E-8 8.40909E-11 2.4936E-10 2.85758E-7 4.60974E-8 9.81265E-10 1.76429E-10 2.61951E-10 1.00226E-9 8.56125E-11 3.00784E-11 1.65315E-10 1.40067E-9 1.25768E-8 1.24462E-10 7.39193E-10 1.30462E-8 5.08549E-9 3.15145E-6 8.59625E-8
-9999 -9999 -9999 -9999 -9999 -9999 -9999 -9999 -9999 -9999 -9999 -9999 -9999 -9999 -9999 -9999 -9999 -9999 -9999 -9999 -9999 4.39498E-4 2.81159E-4 0E0 1.61608E-4 1.4984E-4 8.41982E-5 4.96727E-5 3.64775E-5 3.35461E-5 3.26125E-5 6.62898E-6 2.42337E-6 3.81695E-5 3.8328E-5 2.58233E-5 6.70182E-7 1.84124E-8 6.57966E-13 3.02422E-11 4.05045E-9 3.02397E-11 2.75752E-10 8.33077E-10 6.07518E-8 1.00475E-8 7.81789E-8 1.68714E-10 2.05054E-11 4.06882E-11 3.21035E-10 1.24812E-12 1.77627E-10 6.52666E-9 1.47377E-9 3.46559E-10 5.86904E-11 2.67527E-9 5.33469E-9 9.63847E-8 4.69957E-8 2.92729E-7 4.55266E-7 6.1389E-8 8.30185E-8 5.65147E-8
-9999 -9999 -9999 -9999 -9999 -9999 -9999 -9999 -9999 -9999 -9999 -9999 -9999 -9999 -9999 -9999 -9999 -9999 -9999 -9999 -9999 -9999 4.31625E-4 3.92114E-4 2.63487E-4 1.75502E-4 1.33439E-4 5.75658E-5 4.12721E-5 3.78391E-5 3.68561E-5 3.95895E-5 2.87013E-5 3.50741E-5 3.80054E-5 2.42142E-5 2.93055E-7 1.18499E-8 1.79428E-14 9.41943E-13 1.34114E-10 1.76006E-9 1.05714E-6 3.715E-10 3.04509E-7 4.35399E-7 6.43261E-9 2.11153E-11 1.0049E-9 4.73044E-12 9.22471E-12 1.19208E-10 9.03194E-9 1.31994E-8 4.29354E-9 9.70277E-12 6.35755E-14 1.18895E-13 5.87646E-10 2.36627E-6 6.85314E-8 7.07739E-12 4.45863E-9 1.6991E-9 2.70503E-10 1.95182E-6
