catData/rasterBestHybridModels/Pviverrinus/RDbal_RM2_L/Pviverrinus_avg.asc
ncols         409
nrows         350
xllcorner     60.897278365
yllcorner     5.843756025
cellsize      0.0892857
NODATA_value  -9999
[rows 174 to 202 of 350, columns 198 to 263 of 409]
1.38802E-5 1.0249E-5 9.78231E-6 1.60838E-5 2.7375E-5 3.41644E-5 3.06269E-5 1.70384E-5 1.20019E-5 9.97054E-6 1.03414E-5 1.08926E-5 1.47033E-5 1.24115E-5 1.64015E-5 9.71943E-6 2.34684E-5 3.8405E-5 3.81672E-5 4.38599E-5 4.51185E-5 3.83826E-5 1.63075E-5 2.71863E-5 2.50495E-5 2.48842E-5 6.76007E-6 7.8842E-6 2.06223E-5 3.10089E-6 6.34215E-6 1.48697E-5 1.86205E-5 3.15581E-5 3.06424E-5 1.56996E-5 3.12906E-6 6.61361E-6 1.93104E-5 4.06204E-5 4.16448E-5 4.0711E-5 1.39097E-5 2.34317E-5 2.16803E-5 1.85401E-5 8.59447E-6 9.51033E-6 2.58806E-5 2.58722E-5 3.49245E-5 2.29011E-5 4.06786E-5 4.19468E-5 4.53628E-5 4.21703E-5 1.31533E-5 2.20516E-5 6.35035E-5 4.73281E-5 6.43043E-5 7.15357E-5 6.4101E-5 6.02511E-5 3.69226E-5 2.02635E-5
2.32789E-5 1.94948E-5 1.44659E-5 2.55801E-5 2.84878E-5 2.36588E-5 3.7947E-5 2.57564E-5 2.27694E-5 2.1021E-5 1.78899E-5 2.26713E-5 2.36523E-5 1.3216E-5 1.33509E-5 2.96278E-5 3.54086E-5 2.75818E-5 3.08737E-5 3.97407E-5 4.33451E-5 4.09136E-5 2.89085E-5 2.98263E-5 2.31132E-5 1.64374E-5 1.40559E-5 1.02145E-5 7.944E-6 8.39273E-6 1.85023E-5 2.82482E-5 2.16472E-5 4.2628E-5 2.7263E-5 3.63529E-5 1.15497E-5 2.2684E-6 2.82487E-5 4.25831E-5 3.6559E-5 8.5299E-6 1.0967E-5 3.1049E-5 2.89129E-5 2.36659E-5 1.84125E-5 1.41467E-5 2.50714E-5 3.1159E-5 1.80573E-5 3.05196E-5 2.33834E-5 4.24793E-5 4.88858E-5 5.71218E-5 6.4223E-5 7.46771E-5 9.40596E-5 6.08387E-5 7.28173E-5 4.4249E-5 5.88945E-5 2.13702E-5 5.24616E-5 4.67239E-5
1.37029E-5 6.68751E-6 1.08894E-5 2.87756E-5 3.56794E-5 4.14286E-5 3.81458E-5 3.80455E-5 3.86804E-5 3.93368E-5 3.98133E-5 3.94614E-5 4.13317E-5 1.55186E-5 3.96495E-5 3.34088E-5 2.49405E-5 2.70503E-5 3.52815E-5 2.97832E-5 3.72341E-5 3.41721E-5 1.87073E-5 2.48653E-5 2.94272E-5 2.38915E-5 1.69263E-5 1.90613E-5 1.48203E-5 3.9022E-6 3.38812E-5 1.82635E-5 4.0255E-5 4.8829E-5 2.70633E-5 4.15846E-5 3.3631E-5 3.49574E-5 4.28551E-5 4.47935E-5 1.34307E-5 2.05165E-5 2.21116E-5 1.62368E-5 2.56566E-5 4.08215E-5 3.24042E-5 4.16692E-5 3.84123E-5 3.91374E-5 2.10569E-5 2.67536E-5 3.82772E-5 4.48489E-5 5.27697E-5 6.19531E-5 8.01022E-5 1.03849E-4 1.08998E-4 8.72075E-5 6.46428E-5 1.97725E-5 1.5209E-5 3.88644E-5 3.66655E-5 2.85171E-5
1.16487E-5 1.90436E-5 1.58556E-5 3.57783E-5 1.5169E-5 6.38567E-5 1.39497E-5 2.11707E-5 4.26548E-5 4.16874E-5 3.98226E-5 4.00677E-5 2.92958E-5 3.13738E-5 3.08239E-5 4.01956E-5 4.38138E-5 2.77332E-5 1.43234E-5 1.53938E-5 2.7132E-5 5.44555E-6 6.35307E-6 2.34405E-5 1.99092E-5 8.90821E-6 3.08347E-5 1.53353E-5 2.57925E-5 2.23833E-5 6.6168E-5 4.65551E-5 3.21704E-5 1.09925E-5 2.5562E-5 2.64156E-5 1.95477E-5 4.32315E-5 4.49841E-5 4.38388E-5 3.06546E-5 3.00783E-5 2.69311E-5 2.50033E-5 2.43673E-5 3.93615E-5 3.09277E-5 4.04401E-5 2.84257E-5 2.76565E-5 3.99318E-5 3.4715E-5 4.26418E-5 4.84434E-5 5.51386E-5 6.35521E-5 9.08573E-5 1.04553E-4 1.03087E-4 5.88691E-5 6.87094E-5 3.08474E-5 3.67644E-5 5.79114E-5 6.19022E-5 5.45458E-5
1.71175E-5 8.18918E-6 7.81168E-6 1.62986E-5 5.61969E-5 3.70441E-4 4.43042E-5 4.24995E-5 3.97729E-5 4.21784E-5 4.00891E-5 4.18127E-5 2.78229E-5 1.49467E-5 1.07933E-5 2.02819E-5 2.80875E-5 4.2462E-5 1.59615E-5 1.85301E-5 1.19134E-5 1.02348E-5 9.36255E-6 2.47785E-5 2.61072E-5 3.43939E-5 3.56215E-5 3.35126E-5 2.4514E-5 2.47036E-5 2.13234E-5 1.73521E-5 4.19009E-5 4.56455E-5 4.4418E-5 2.77409E-5 3.62969E-5 4.43947E-5 4.51624E-5 4.36066E-5 3.1026E-5 4.09845E-5 4.0281E-5 3.82451E-5 3.07705E-5 3.15262E-5 2.57884E-5 3.17769E-5 1.93484E-5 2.04661E-5 3.95673E-5 3.84447E-5 4.5035E-5 5.38583E-5 5.83397E-5 6.49191E-5 9.27096E-5 1.04423E-4 9.40161E-5 5.94646E-5 7.3327E-5 4.2079E-5 2.94611E-5 6.29031E-5 6.29511E-5 4.66123E-5
1.13263E-5 1.59723E-5 1.14536E-5 1.2965E-5 1.7326E-5 1.88324E-5 2.37689E-5 4.15353E-5 2.71438E-5 2.32804E-5 2.36386E-5 3.06444E-5 1.91159E-5 2.96154E-5 2.97248E-5 1.83296E-5 4.29754E-5 2.58309E-5 1.05078E-5 1.30357E-5 3.45425E-5 1.55445E-5 1.92844E-5 3.37409E-5 3.27056E-5 3.25471E-5 3.81221E-5 3.28085E-5 4.00524E-5 3.66329E-5 4.45192E-5 4.0706E-5 4.02068E-5 4.56685E-5 4.63206E-5 3.44269E-5 4.15386E-5 4.466E-5 4.75199E-5 4.03518E-5 3.97625E-5 1.66984E-5 1.5759E-5 2.15327E-5 2.21587E-5 3.52338E-5 1.57373E-5 3.16755E-5 4.0761E-5 3.51834E-5 4.32609E-5 3.97384E-5 5.22266E-5 5.73007E-5 6.41498E-5 7.22844E-5 9.08222E-5 8.97702E-5 6.53791E-5 4.12938E-5 4.86159E-5 4.27429E-5 4.28856E-5 4.79099E-5 5.4829E-5 4.528E-5
2.97317E-5 2.14816E-5 2.54722E-5 1.32025E-5 2.81925E-6 3.40799E-6 3.21812E-6 5.56142E-6 3.0064E-5 3.50075E-5 3.56867E-5 3.10138E-5 2.57254E-5 1.62565E-5 3.0412E-5 3.47417E-5 1.70597E-5 1.95563E-5 3.51949E-5 1.82659E-5 1.48884E-5 2.38782E-5 2.15368E-5 3.44998E-5 3.57087E-5 1.43026E-5 3.22523E-5 3.92666E-5 2.82283E-5 2.59015E-5 4.03587E-5 3.89204E-5 3.96111E-5 4.52988E-5 4.54744E-5 4.48217E-5 4.89E-5 4.67303E-5 4.61781E-5 2.4058E-5 1.26673E-5 9.37449E-6 3.91198E-6 3.65846E-5 1.13055E-5 2.02024E-5 9.6011E-6 4.30992E-5 1.68603E-5 2.74309E-5 5.05438E-5 5.30725E-5 5.49935E-5 5.84103E-5 5.61849E-5 6.46954E-5 6.60656E-5 7.69378E-5 6.94399E-5 3.6054E-5 3.9013E-5 5.9907E-5 4.51392E-5 4.68097E-5 3.24877E-5 5.16176E-5
1.07747E-5 1.7929E-5 2.89024E-5 5.34295E-6 4.25929E-6 1.31824E-5 3.82712E-6 7.71289E-6 3.37513E-5 2.31884E-5 2.60596E-5 2.5476E-5 4.05613E-5 4.06771E-5 4.74845E-5 2.00938E-5 4.31758E-5 2.20124E-5 1.77213E-5 1.57194E-5 1.59526E-5 2.35253E-5 2.7673E-5 3.54756E-5 3.65555E-5 2.42902E-5 8.8926E-6 2.6798E-5 3.82582E-5 3.07067E-5 3.99158E-5 3.88334E-5 4.27265E-5 4.63641E-5 4.62534E-5 4.6691E-5 4.97485E-5 4.84151E-5 3.62244E-5 3.01274E-5 1.63223E-5 3.45665E-6 4.13569E-6 1.10375E-5 2.25111E-5 2.38968E-5 3.74596E-5 2.78358E-5 1.688E-5 1.26324E-5 1.25812E-5 1.43364E-5 2.95043E-5 4.85256E-5 4.67117E-5 5.97355E-5 4.56089E-5 5.9981E-5 7.12898E-5 7.12197E-5 7.64972E-5 7.65581E-5 7.80955E-5 6.87452E-5 2.97499E-5 4.53271E-5
2.28684E-5 2.33277E-5 3.10149E-5 2.35433E-6 1.00639E-5 1.26906E-5 2.43579E-5 1.19304E-5 8.35522E-6 4.10187E-5 2.98296E-5 2.08659E-5 2.75498E-5 5.02108E-5 2.45802E-5 1.21848E-5 2.46302E-5 4.38266E-5 4.56172E-5 2.9658E-5 7.25539E-6 1.61035E-5 2.72228E-5 2.9241E-5 2.59069E-5 1.81778E-5 3.15685E-5 1.89185E-5 2.16741E-5 4.40363E-5 4.20309E-5 4.16597E-5 4.49427E-5 4.67825E-5 4.59726E-5 4.91587E-5 4.83067E-5 4.55182E-5 1.7397E-5 2.16872E-5 7.59768E-6 8.29637E-6 1.1643E-5 1.49077E-5 1.65008E-5 3.07373E-5 2.99276E-5 1.09262E-5 1.9244E-5 3.43314E-5 2.09783E-5 3.95307E-5 4.22116E-5 4.15773E-5 5.40667E-5 5.63339E-5 6.43489E-5 6.86668E-5 6.57657E-5 7.23145E-5 7.67661E-5 7.1134E-5 6.3413E-5 7.9212E-5 8.08389E-5 6.30808E-5
1.38716E-5 3.03896E-5 3.96257E-5 7.43243E-6 1.78526E-6 1.07328E-6 1.57012E-5 3.63211E-5 2.69444E-5 2.04224E-5 4.17048E-5 1.18577E-5 1.72841E-5 2.911E-5 2.31216E-5 4.19733E-5 3.23309E-5 1.50495E-5 2.71574E-5 1.25166E-5 2.39877E-5 2.04418E-5 2.05231E-5 1.20761E-5 2.36415E-5 2.12511E-5 1.77237E-5 1.61839E-5 1.93529E-5 4.40772E-5 1.86291E-5 3.33935E-5 4.45323E-5 4.83903E-5 4.76234E-5 3.90099E-5 3.19369E-5 1.88084E-5 1.96759E-5 3.12046E-5 1.05555E-5 5.79706E-6 4.06586E-6 1.68832E-5 2.03314E-5 2.888E-5 1.70873E-5 1.01174E-5 2.3189E-5 3.38381E-5 3.60465E-5 4.76448E-5 5.19421E-5 5.16891E-5 2.7281E-5 6.02932E-5 5.48882E-5 6.84103E-5 5.25422E-5 4.3089E-5 3.38329E-5 2.11262E-5 1.20119E-5 2.04499E-5 6.60356E-5 9.69908E-5
1.06601E-7 1.01698E-6 1.51437E-6 3.41255E-6 1.55272E-7 1.38222E-6 5.95053E-6 1.693E-5 2.36666E-5 2.43989E-5 1.19638E-5 1.08875E-5 4.14186E-5 4.47442E-5 4.16873E-5 3.32351E-5 4.68482E-5 4.01309E-5 3.75678E-5 4.10402E-5 4.59161E-5 3.85879E-5 2.47459E-5 1.26459E-5 1.38941E-5 2.6457E-5 8.30045E-6 1.37378E-5 3.25246E-5 4.10178E-5 3.21238E-5 2.99004E-5 3.87859E-5 4.32259E-5 2.66157E-5 3.49725E-5 3.31252E-5 3.62337E-5 3.28972E-5 4.07184E-5 3.92305E-5 3.08969E-5 1.84508E-5 1.92939E-5 3.54872E-5 2.91746E-5 3.38667E-5 1.8774E-5 3.73671E-5 4.30586E-5 4.30057E-5 1.41306E-5 5.04851E-5 4.25916E-5 6.83794E-6 3.54462E-5 5.28006E-5 5.20577E-5 3.32048E-5 3.94707E-5 2.64405E-5 3.7459E-5 5.22641E-5 4.87482E-5 4.75061E-5 6.48531E-5
6.16497E-8 5.24834E-7 5.13736E-7 2.48029E-6 1.14665E-6 1.23623E-6 2.62641E-6 1.28082E-5 2.62936E-5 1.34872E-5 1.24546E-5 1.72252E-5 3.12217E-5 2.44586E-5 2.09182E-5 5.78873E-6 4.28008E-5 4.5315E-5 4.81996E-5 3.99744E-5 3.92907E-5 4.07492E-5 3.53115E-5 2.82376E-5 2.60552E-5 6.44299E-6 2.01648E-6 1.56058E-5 3.9374E-6 3.76049E-5 3.28494E-5 2.87854E-5 3.70721E-5 2.78607E-5 3.44093E-5 3.46023E-5 2.7873E-5 3.77209E-5 4.18147E-5 4.00465E-5 4.07485E-5 3.83977E-5 2.2742E-5 1.10159E-5 2.09334E-5 1.31139E-5 3.08443E-5 3.90975E-5 2.83923E-5 4.46601E-5 2.88505E-5 1.23654E-5 1.76178E-5 1.07811E-5 6.15568E-5 5.25705E-5 5.11289E-5 1.52884E-5 3.3488E-5 4.71093E-5 4.9227E-5 4.46883E-5 4.2418E-5 4.15237E-5 4.52331E-5 6.13141E-5
1.36918E-7 2.23959E-7 1.06643E-7 6.62636E-7 6.14375E-7 1.87144E-6 3.6093E-6 2.44824E-5 3.14427E-5 2.05546E-5 4.71683E-6 2.90018E-5 4.37998E-5 4.76137E-5 4.04679E-5 9.6137E-6 2.75772E-5 3.19084E-5 3.36821E-5 3.95689E-5 4.46444E-5 4.50648E-5 3.71212E-5 2.91891E-5 1.27713E-5 9.18027E-6 2.05238E-5 1.49375E-5 8.65334E-6 1.95549E-5 3.23739E-5 1.30768E-5 1.37715E-5 2.45451E-5 2.65496E-5 3.64491E-5 3.75016E-5 3.99853E-5 4.2094E-5 2.50509E-5 3.82676E-5 4.01555E-5 1.84162E-5 2.06867E-5 3.40302E-5 1.98183E-5 3.4929E-5 2.77146E-5 1.1693E-5 8.84198E-6 1.28795E-5 1.56336E-5 2.94343E-5 2.0122E-5 3.51982E-5 4.70501E-5 3.11207E-5 4.33249E-5 4.86908E-5 4.02098E-5 3.11182E-5 3.99339E-5 3.95654E-5 4.18516E-5 3.50344E-5 5.09361E-5
4.83031E-8 1.20029E-7 6.21381E-7 3.96156E-7 8.25335E-7 2.53086E-6 7.43035E-6 2.0465E-5 4.23719E-5 4.42215E-5 2.76419E-5 1.05705E-5 3.15531E-5 5.10054E-5 4.99394E-5 2.02493E-5 4.3178E-5 4.38943E-5 4.98026E-5 4.80295E-5 4.78094E-5 4.33538E-5 4.14906E-5 2.30143E-5 1.83186E-5 2.41807E-5 1.27951E-5 3.03578E-5 2.22149E-5 1.76005E-5 2.19522E-5 1.1842E-5 5.78982E-6 6.43981E-6 1.0407E-5 2.87028E-5 3.13966E-5 3.62959E-5 3.82904E-5 3.81059E-5 3.19917E-5 2.50361E-5 1.86398E-5 1.83079E-5 3.3738E-5 1.61499E-5 1.20231E-5 2.01438E-5 2.4506E-5 1.54904E-5 1.32401E-5 9.39839E-6 1.2704E-5 2.16576E-5 3.3638E-5 2.38664E-5 4.01527E-5 1.30294E-5 4.57396E-5 4.2412E-5 3.56216E-5 3.28076E-5 3.4348E-5 3.83375E-5 4.08421E-5 4.82023E-5
3.63263E-7 5.57083E-8 1.03918E-7 1.60881E-7 3.44382E-6 3.04282E-6 9.86438E-7 4.81493E-6 2.25685E-5 5.15684E-5 4.65452E-5 3.5979E-5 4.99299E-5 4.94318E-5 4.19537E-5 1.76654E-5 3.03708E-5 3.49021E-5 4.44673E-5 4.90805E-5 4.57677E-5 4.18203E-5 3.99921E-5 3.65845E-5 4.09498E-5 3.92652E-5 3.23905E-5 1.23983E-5 3.58997E-5 2.10146E-5 1.62394E-5 1.66838E-5 1.21592E-5 2.83031E-6 4.19911E-6 2.15951E-5 9.86252E-6 3.21871E-5 3.8244E-5 4.0223E-5 3.29066E-5 2.80271E-5 2.29069E-5 1.46161E-5 2.87581E-5 2.08644E-5 1.23797E-5 3.47063E-6 3.98362E-5 5.33348E-5 3.91304E-5 2.72061E-5 1.26863E-5 1.09842E-5 4.75055E-5 2.81534E-5 5.4022E-5 3.9149E-5 3.52841E-5 3.99198E-5 3.78251E-5 3.5586E-5 3.33636E-5 3.38876E-5 4.11665E-5 5.97732E-5
4.11008E-7 3.26252E-7 3.72062E-7 1.11544E-7 1.02419E-6 7.35783E-7 5.27488E-7 6.85905E-6 3.36472E-5 5.50115E-5 5.03825E-5 4.95125E-5 5.21408E-5 5.25345E-5 2.79196E-5 3.50705E-6 2.22086E-5 4.20044E-5 4.40203E-5 4.54969E-5 4.52207E-5 4.19294E-5 3.09346E-5 3.46593E-5 4.20624E-5 3.95614E-5 3.91156E-5 3.80112E-5 3.6068E-5 2.92787E-5 2.0249E-5 2.34246E-5 2.65367E-5 2.30244E-5 2.60092E-5 2.72338E-5 2.98312E-5 3.46472E-5 3.84148E-5 3.92587E-5 3.64307E-5 3.91411E-5 2.24993E-5 2.52677E-5 2.17523E-5 1.07123E-5 2.22247E-5 1.84354E-5 1.98856E-5 4.96164E-5 4.33359E-5 2.77447E-5 2.82364E-5 3.90817E-5 5.38433E-5 5.19317E-5 5.94211E-5 4.21872E-5 3.83141E-5 3.7595E-5 4.07382E-5 3.65004E-5 3.43692E-5 3.70744E-5 3.99407E-5 6.14115E-5
1.58915E-7 3.47905E-7 5.67086E-6 6.09821E-7 1.71827E-7 2.22566E-6 1.40416E-6 2.65416E-5 4.72314E-5 3.90252E-5 4.68974E-5 4.97654E-5 1.58903E-5 4.3659E-5 3.34296E-5 9.29505E-6 4.26439E-5 5.03016E-5 4.39573E-5 4.42942E-5 4.30692E-5 3.89721E-5 3.72511E-5 2.88851E-5 3.63208E-5 4.17519E-5 4.16258E-5 4.02174E-5 3.75733E-5 3.29093E-5 2.20648E-5 1.16691E-5 1.51507E-5 2.38211E-5 1.52381E-5 5.44106E-6 1.2236E-5 2.37566E-5 3.24239E-5 3.24837E-5 3.45666E-5 3.98715E-5 2.66382E-5 2.98765E-5 7.12941E-6 3.3736E-6 2.63005E-6 6.05837E-6 1.34949E-5 1.7502E-5 3.3455E-5 3.94697E-5 4.58397E-5 4.38499E-5 2.03948E-5 2.1298E-5 5.13975E-5 5.65991E-5 4.39973E-5 3.36898E-5 3.75134E-5 3.51496E-5 3.29368E-5 3.43031E-5 3.7375E-5 7.98651E-5
2.17233E-7 6.11123E-7 1.49098E-6 9.87823E-7 5.3221E-6 1.71307E-6 2.6217E-6 7.86546E-6 4.98949E-5 3.57327E-5 2.95954E-5 4.85256E-5 3.36355E-5 2.00844E-5 1.83156E-5 1.47416E-5 3.58572E-5 5.15773E-5 4.98888E-5 4.62324E-5 4.54467E-5 4.53525E-5 4.12755E-5 3.82268E-5 4.24356E-5 4.08228E-5 4.19042E-5 4.19846E-5 3.91801E-5 3.62276E-5 2.67437E-5 1.28325E-5 1.68E-5 1.2301E-5 5.31211E-6 1.33833E-5 8.25063E-6 2.53561E-6 1.36769E-5 2.65032E-5 2.83777E-5 3.47549E-5 8.70069E-6 1.12957E-5 2.34099E-6 2.17673E-6 2.44863E-5 2.10732E-6 6.62999E-6 1.59961E-5 3.0526E-5 3.31647E-5 2.67224E-5 1.17857E-5 1.37464E-5 4.18137E-5 3.41352E-5 4.99367E-5 4.63908E-5 3.43423E-5 2.90187E-5 3.1049E-5 3.04657E-5 3.73084E-5 5.49975E-5 1.0428E-4
5.6778E-7 9.60074E-8 1.13515E-6 2.4199E-6 3.78099E-7 1.11758E-6 3.00834E-6 1.79007E-6 3.03537E-5 5.5822E-5 2.21086E-5 8.74757E-6 2.88046E-6 5.76526E-6 3.59089E-5 5.04205E-5 3.9285E-5 5.06462E-5 4.98771E-5 4.79845E-5 4.7138E-5 4.15497E-5 4.36361E-5 4.05292E-5 3.90504E-5 3.29395E-5 3.84315E-5 3.68347E-5 3.6775E-5 3.76189E-5 2.89041E-5 2.41089E-5 1.49243E-5 1.03478E-5 6.36724E-6 1.0122E-5 1.85934E-5 1.41116E-5 8.32459E-7 1.322E-6 1.5997E-5 2.87301E-5 2.08352E-6 2.77639E-6 4.50491E-6 2.15041E-6 5.06869E-7 1.21292E-6 6.93856E-6 5.64263E-6 8.46959E-6 2.07845E-5 1.14488E-5 3.06481E-5 2.2111E-5 2.88073E-5 3.22017E-5 4.8124E-5 4.96555E-5 3.62977E-5 2.5831E-5 2.6473E-5 3.30739E-5 5.60953E-5 1.13245E-4 1.25662E-4
1.58951E-6 4.2163E-6 1.15806E-6 1.19782E-6 1.21991E-6 1.94029E-6 1.46765E-6 1.23854E-6 1.27555E-5 1.36118E-5 1.83848E-5 7.82855E-6 2.8811E-6 5.70536E-6 2.03103E-5 4.90112E-5 2.67408E-5 4.51582E-5 4.85416E-5 4.89484E-5 4.8162E-5 4.64232E-5 3.91561E-5 4.86997E-5 4.09382E-5 3.18133E-5 3.41201E-5 3.24538E-5 2.81734E-5 3.42947E-5 3.2703E-5 2.6526E-5 2.1935E-5 7.19E-6 5.85717E-6 1.93662E-5 1.90054E-5 2.76581E-5 5.4354E-6 2.20179E-6 2.57072E-5 1.85483E-5 3.04883E-5 3.78254E-6 1.35565E-6 3.09816E-7 7.60726E-7 4.3075E-5 2.29893E-5 7.28068E-6 1.49958E-5 1.6386E-5 3.74521E-5 3.12084E-5 3.71617E-5 5.11041E-5 4.60254E-5 6.41895E-5 4.77837E-5 3.42615E-5 3.02781E-5 3.49268E-5 4.73299E-5 9.47857E-5 1.46566E-4 1.49826E-4
1.95936E-6 3.96365E-6 3.41337E-6 9.83363E-7 1.77915E-6 9.57222E-6 4.01405E-6 2.21639E-6 2.35347E-6 9.75653E-6 1.35994E-5 2.61159E-5 8.60251E-7 7.39066E-6 3.94647E-5 1.83514E-5 3.54692E-5 3.78021E-5 4.82251E-5 4.85656E-5 4.95273E-5 4.70768E-5 5.04158E-5 4.78312E-5 3.81882E-5 3.61374E-5 3.6453E-5 3.56224E-5 3.0671E-5 1.13352E-5 1.99285E-5 2.61286E-5 2.84346E-5 2.3007E-5 4.87236E-6 8.93832E-6 1.26937E-5 2.76E-5 1.77149E-5 4.47925E-7 7.1164E-6 9.82802E-6 4.76647E-6 2.97469E-5 2.73039E-5 5.55045E-7 1.22764E-7 3.16376E-5 2.0385E-5 2.16518E-5 3.81427E-5 3.89648E-5 3.44833E-5 3.62273E-5 4.65248E-5 4.30263E-5 6.20491E-5 9.31771E-5 5.58301E-5 4.17981E-5 4.45155E-5 3.86482E-5 4.68646E-5 9.0225E-5 1.48268E-4 1.38793E-4
3.71332E-6 6.50244E-6 7.79781E-6 3.95513E-6 6.25742E-7 4.8873E-6 5.6292E-6 1.28055E-6 2.82234E-6 2.89513E-6 7.46492E-6 2.43551E-5 2.98134E-6 4.98871E-6 4.42433E-5 2.24573E-5 1.68868E-5 5.35915E-5 2.64271E-5 4.79275E-5 4.99828E-5 5.14868E-5 5.17173E-5 4.73252E-5 3.92008E-5 3.98656E-5 3.43306E-5 3.37202E-5 3.06891E-5 2.08331E-5 2.62642E-5 2.69353E-5 2.61426E-5 2.57435E-5 5.08809E-6 6.15105E-6 2.81324E-5 3.2526E-5 3.19651E-5 3.62656E-6 1.2256E-6 4.85606E-6 1.02276E-6 7.56286E-6 9.71138E-6 2.74895E-6 4.54543E-7 3.02092E-5 2.30544E-5 2.93396E-5 2.81917E-5 2.91206E-5 1.93172E-5 3.60941E-5 4.78482E-5 3.85079E-5 5.14688E-5 9.88948E-5 7.66871E-5 6.00324E-5 4.79194E-5 5.42191E-5 5.69015E-5 8.37753E-5 1.08709E-4 1.41759E-4
1.84956E-6 1.44123E-6 5.7571E-7 8.05173E-7 2.35423E-6 5.80406E-7 3.15849E-6 7.19502E-6 1.16679E-5 2.25403E-5 3.61905E-6 3.00431E-5 4.83012E-6 1.16095E-5 9.32594E-6 7.38304E-6 1.21012E-5 5.00787E-5 2.64218E-5 9.39178E-6 5.47349E-5 5.1637E-5 5.42699E-5 5.01837E-5 4.20313E-5 3.10043E-5 3.01908E-5 2.55864E-5 2.59972E-5 3.06098E-5 2.7535E-5 2.90549E-5 3.16862E-5 3.01697E-5 1.22516E-5 1.03331E-5 1.96809E-5 3.53662E-5 3.51529E-5 3.21856E-5 1.07413E-5 1.66923E-5 1.05292E-5 8.26409E-6 2.20906E-5 9.40615E-6 7.1379E-7 6.59396E-5 4.99799E-5 8.44237E-6 2.14017E-5 2.72649E-5 4.62264E-5 3.81202E-5 3.8773E-5 5.61912E-5 5.72885E-5 1.18298E-4 9.78634E-5 8.42488E-5 7.87473E-5 8.21769E-5 7.0452E-5 7.27828E-5 7.57289E-5 1.05004E-4
3.88641E-7 1.85008E-7 2.79444E-7 4.62725E-7 2.59699E-6 2.46359E-6 9.01687E-6 1.87827E-6 2.54435E-6 2.38619E-5 1.84901E-5 5.25593E-6 2.50247E-6 9.91293E-6 1.32834E-5 7.30578E-6 1.02911E-5 3.86914E-5 5.54731E-5 3.51496E-5 5.84193E-5 5.86605E-5 5.77207E-5 5.82363E-5 4.90312E-5 3.74485E-5 3.09353E-5 2.6236E-5 2.68626E-5 3.21934E-5 3.57299E-5 4.05684E-5 3.31669E-5 3.52698E-5 1.4903E-5 4.27351E-6 9.44127E-6 1.40021E-5 1.33664E-5 3.40459E-5 1.65331E-5 1.50057E-5 5.45538E-6 7.71571E-6 1.30859E-5 1.06078E-5 6.95931E-6 4.05527E-5 3.35661E-5 8.43196E-6 1.70833E-5 2.16331E-5 4.27776E-5 4.7172E-5 6.38156E-5 6.19734E-5 6.14053E-5 9.79706E-5 1.15547E-4 9.5854E-5 7.92211E-5 6.70578E-5 6.25941E-5 7.54978E-5 8.0476E-5 1.35413E-4
3.55837E-6 6.69228E-6 5.73151E-6 3.43915E-7 4.04024E-7 1.76313E-5 2.06946E-5 9.15824E-6 9.83531E-6 1.65611E-5 1.261E-5 8.30707E-6 1.00782E-5 5.41925E-6 8.01944E-6 1.05634E-5 1.53783E-5 4.81239E-5 5.59089E-5 3.52035E-5 6.13518E-5 5.01674E-5 5.60653E-5 5.72532E-5 4.34841E-5 3.5189E-5 2.97963E-5 2.54335E-5 2.77159E-5 3.62927E-5 3.60859E-5 4.43937E-5 3.91465E-5 3.71051E-5 2.14202E-5 5.262E-6 1.80115E-5 1.65432E-5 1.79854E-5 1.2539E-5 7.36311E-6 6.72808E-6 2.50127E-6 8.30309E-6 5.96707E-6 7.20685E-6 1.10261E-5 2.80376E-5 1.55472E-5 1.4567E-5 1.78222E-5 2.98436E-5 4.67108E-5 2.82808E-5 7.76049E-5 7.52161E-5 6.16564E-5 1.15231E-4 1.27912E-4 1.12034E-4 7.64451E-5 5.67482E-5 5.64231E-5 6.4929E-5 9.87609E-5 1.61643E-4
2.73571E-5 4.02337E-5 3.66049E-5 1.74854E-5 3.59685E-7 1.482E-5 1.55893E-5 9.95541E-6 1.32109E-5 6.25952E-6 5.62909E-6 2.4772E-5 1.04639E-5 1.18043E-5 2.23433E-5 6.25413E-6 4.54311E-6 1.06806E-5 5.18633E-5 5.04981E-5 4.74781E-5 6.52798E-5 6.3679E-5 6.31917E-5 5.51089E-5 4.46057E-5 3.87828E-5 3.2611E-5 2.92743E-5 3.26625E-5 3.82329E-5 4.88087E-5 3.84526E-5 2.47166E-5 1.63011E-5 6.07381E-6 1.56579E-5 3.42175E-6 7.47785E-6 1.65541E-5 1.66678E-5 1.4649E-5 2.52253E-6 9.51616E-6 7.56996E-6 1.02957E-5 1.28963E-5 3.08541E-5 2.21829E-5 2.24601E-5 1.36746E-5 2.7196E-5 3.89379E-5 6.33621E-5 7.93533E-5 6.69484E-5 7.8853E-5 1.15936E-4 1.28817E-4 1.24336E-4 9.79556E-5 6.48078E-5 5.92931E-5 6.07305E-5 9.07037E-5 1.71147E-4
1.6551E-5 1.99806E-5 3.97231E-5 4.81293E-5 3.50149E-5 3.093E-5 2.90925E-5 6.08842E-6 9.9536E-6 5.32242E-6 8.0345E-7 9.7511E-7 1.30888E-6 1.28487E-5 1.50695E-5 9.70038E-6 2.20972E-5 3.36658E-5 3.51591E-5 3.98849E-5 4.5281E-5 6.46232E-5 6.46411E-5 6.41885E-5 6.19744E-5 4.9275E-5 4.49892E-5 3.59778E-5 3.71883E-5 3.04879E-5 2.29383E-5 5.21384E-5 4.0448E-5 7.25601E-6 4.04873E-6 1.29793E-5 1.28014E-5 1.77831E-5 2.05707E-5 1.5089E-5 2.48392E-5 9.25122E-6 1.2333E-5 2.57335E-5 1.24925E-5 7.29607E-6 1.1899E-5 2.40922E-5 2.30642E-5 1.05581E-5 8.446E-6 3.10509E-5 5.05829E-5 7.72999E-5 8.24553E-5 5.51412E-5 8.98224E-5 1.47636E-4 1.11556E-4 9.04943E-5 1.2091E-4 7.98283E-5 5.8422E-5 5.2788E-5 7.88186E-5 1.58679E-4
3.12628E-5 3.52874E-5 4.11712E-5 5.17139E-5 4.92658E-5 4.9932E-5 3.23106E-5 9.44772E-6 4.25567E-6 3.95931E-6 3.46222E-6 8.87148E-7 3.83345E-6 7.88744E-6 1.86856E-5 2.97647E-5 1.74767E-5 8.13392E-6 1.3656E-5 2.15218E-5 5.93747E-5 6.28737E-5 6.18484E-5 6.3166E-5 6.27019E-5 4.25279E-5 4.43741E-5 2.48166E-5 1.16938E-5 2.50873E-5 4.83121E-5 4.20641E-5 3.71644E-5 1.37059E-5 4.84295E-6 8.43101E-6 5.37624E-6 1.44244E-5 4.90955E-6 1.72816E-5 1.53881E-5 2.31375E-5 4.32049E-6 3.92621E-6 7.95288E-6 6.7869E-6 8.98502E-6 3.05432E-5 2.15501E-5 1.84949E-5 1.22914E-5 3.05978E-5 4.13194E-5 8.23367E-5 9.26089E-5 5.63277E-5 9.10868E-5 8.51774E-5 7.62845E-5 9.82641E-5 1.00989E-4 6.16096E-5 5.19875E-5 4.51209E-5 6.94066E-5 1.6249E-4
3.76284E-5 4.05242E-5 2.80202E-5 2.9616E-5 5.20736E-5 4.05429E-5 3.65915E-5 4.08403E-5 1.4183E-5 2.08491E-6 8.70074E-7 1.7873E-6 4.09805E-6 6.72624E-6 3.72303E-6 1.74395E-5 1.15583E-5 5.36799E-5 2.7428E-5 2.03649E-5 5.18596E-5 5.93357E-5 5.92057E-5 5.35945E-5 5.73952E-5 3.59198E-5 1.7142E-5 1.17758E-5 3.56762E-5 5.19593E-5 5.11005E-5 4.46179E-5 2.73755E-5 1.63385E-5 1.46865E-5 4.11168E-6 6.6472E-6 9.71999E-6 2.5918E-6 2.37368E-5 3.66665E-5 2.05134E-5 8.39122E-6 3.96634E-6 1.35893E-5 6.54819E-6 3.15671E-5 2.66531E-5 1.50184E-5 2.07441E-5 2.27892E-5 3.01347E-5 4.56836E-5 7.92023E-5 1.07235E-4 6.84514E-5 9.49013E-5 1.51437E-4 1.45655E-4 1.42998E-4 8.73496E-5 7.17419E-5 9.57013E-5 5.52473E-5 5.09859E-5 1.22136E-4
