catData/rasterBestHybridModels/Pviverrinus/RDbal_RM2_L/Pviverrinus_median.asc
ncols         409
nrows         350
xllcorner     60.897278365
yllcorner     5.843756025
cellsize      0.0892857
NODATA_value  -9999
[rows 87 to 115 of 350, columns 0 to 65 of 409]
-9999 -9999 -9999 -9999 -9999 -9999 1.71365E-6 2.92299E-6 4.82715E-6 6.66007E-6 6.63115E-6 6.04369E-6 6.44616E-6 6.57321E-6 6.36022E-6 5.82853E-6 5.28027E-6 4.2375E-6 3.15038E-6 2.53328E-6 2.30933E-6 2.58409E-6 3.3177E-6 3.93017E-6 3.71094E-6 3.04393E-6 2.35773E-6 1.65473E-6 1.18156E-6 1.41046E-6 1.37326E-6 9.12711E-7 7.44403E-7 7.92266E-7 8.07933E-7 8.06394E-7 8.58197E-7 1.08588E-6 1.29982E-6 1.74378E-6 2.27624E-6 2.87796E-6 3.54015E-6 3.50081E-6 3.47096E-6 3.39688E-6 3.2887E-6 3.14993E-6 3.03082E-6 2.93137E-6 2.84941E-6 2.75432E-6 2.76254E-6 2.82114E-6 2.68971E-6 2.09463E-6 1.26222E-6 6.71995E-7 3.66728E-7 3.22859E-7 3.28687E-7 2.98135E-7 4.47335E-7 4.45974E-7 4.62622E-7 4.80514E-7
-9999 -9999 -9999 -9999 -9999 -9999 1.6307E-6 2.96324E-6 4.03781E-6 4.71608E-6 5.51565E-6 5.80131E-6 5.77308E-6 5.42503E-6 5.63116E-6 5.31155E-6 4.38497E-6 2.89019E-6 2.53109E-6 1.90235E-6 1.264E-6 1.31182E-6 2.29459E-6 3.84073E-6 4.51138E-6 3.9507E-6 3.05359E-6 2.2635E-6 1.9481E-6 1.86557E-6 1.62393E-6 1.27827E-6 1.1387E-6 1.10029E-6 1.11293E-6 1.18206E-6 1.21925E-6 1.34714E-6 1.55748E-6 2.05357E-6 2.63802E-6 3.13035E-6 3.44553E-6 3.48574E-6 3.46548E-6 3.33431E-6 3.2561E-6 3.16974E-6 3.07157E-6 2.9956E-6 3.03689E-6 3.13375E-6 2.98429E-6 2.30377E-6 1.74717E-6 1.30726E-6 8.95876E-7 4.56204E-7 4.15877E-7 4.14307E-7 3.49038E-7 3.39254E-7 4.72034E-7 4.31196E-7 4.43564E-7 4.90339E-7
-9999 -9999 -9999 -9999 -9999 -9999 -9999 2.46202E-6 3.78624E-6 4.08511E-6 4.72802E-6 5.608E-6 5.50646E-6 5.15449E-6 5.66899E-6 4.92964E-6 3.81709E-6 2.87344E-6 2.80889E-6 2.37891E-6 1.15978E-6 7.44091E-7 1.38413E-6 2.91448E-6 4.66829E-6 5.1227E-6 4.29148E-6 3.46765E-6 2.83452E-6 2.38295E-6 2.06298E-6 1.75512E-6 1.56998E-6 1.51113E-6 1.61286E-6 1.72062E-6 1.78294E-6 1.87024E-6 2.07157E-6 2.39597E-6 2.78378E-6 3.18249E-6 3.35835E-6 3.37671E-6 3.40785E-6 3.24099E-6 3.32086E-6 3.40786E-6 3.44237E-6 3.39318E-6 3.16915E-6 2.66365E-6 2.05112E-6 1.35115E-6 1.22312E-6 1.13096E-6 7.29839E-7 5.73107E-7 4.6896E-7 3.68755E-7 3.21468E-7 3.96618E-7 4.92675E-7 5.16992E-7 5.26267E-7 4.33414E-7
-9999 -9999 -9999 -9999 -9999 -9999 -9999 2.14056E-6 3.50683E-6 4.048E-6 4.65531E-6 5.16044E-6 5.48047E-6 5.76716E-6 6.66591E-6 5.89445E-6 4.56552E-6 4.761E-6 4.28267E-6 3.30883E-6 2.01309E-6 1.40397E-6 1.6555E-6 2.50007E-6 4.31966E-6 5.78449E-6 5.50093E-6 4.90473E-6 4.07976E-6 3.38553E-6 2.85717E-6 2.37965E-6 2.1453E-6 2.14093E-6 2.24129E-6 2.25824E-6 2.26348E-6 2.36593E-6 2.60027E-6 2.71953E-6 2.91442E-6 3.27955E-6 3.3348E-6 3.30976E-6 3.46881E-6 3.5543E-6 3.577E-6 3.38859E-6 3.15069E-6 2.56635E-6 1.89835E-6 1.54096E-6 1.42544E-6 1.53824E-6 1.52147E-6 1.20148E-6 7.55967E-7 4.7705E-7 4.0901E-7 3.14429E-7 2.91927E-7 4.02767E-7 4.22149E-7 4.89052E-7 5.1572E-7 3.67727E-7
-9999 -9999 -9999 -9999 -9999 -9999 -9999 3.02191E-6 3.11447E-6 3.58126E-6 4.56116E-6 5.39374E-6 5.69695E-6 5.97052E-6 6.79211E-6 6.92977E-6 6.18089E-6 5.88756E-6 5.27611E-6 4.45685E-6 3.44814E-6 2.79047E-6 2.87438E-6 3.28597E-6 4.52737E-6 5.97637E-6 6.14285E-6 5.65023E-6 4.99424E-6 4.19426E-6 3.28976E-6 2.82777E-6 2.69479E-6 2.6736E-6 2.70213E-6 2.6524E-6 2.63621E-6 2.81894E-6 3.04251E-6 3.17567E-6 3.40693E-6 3.5732E-6 3.59221E-6 3.54545E-6 3.23844E-6 2.80296E-6 2.40995E-6 1.71926E-6 1.74506E-6 1.35891E-6 1.16962E-6 1.5411E-6 1.8414E-6 1.94848E-6 1.65381E-6 1.1437E-6 5.76313E-7 3.75283E-7 3.59349E-7 3.12383E-7 3.60932E-7 3.88692E-7 3.86518E-7 4.77275E-7 4.30242E-7 3.25613E-7
-9999 -9999 -9999 -9999 -9999 -9999 -9999 -9999 2.86105E-6 3.20126E-6 4.05484E-6 5.21439E-6 6.03363E-6 6.38147E-6 6.93018E-6 7.22718E-6 6.87704E-6 6.38407E-6 6.22343E-6 5.4955E-6 4.63854E-6 4.09867E-6 4.05773E-6 4.1592E-6 4.80081E-6 5.92419E-6 6.42671E-6 6.14577E-6 5.65863E-6 4.80993E-6 3.83959E-6 3.45258E-6 3.3624E-6 3.27897E-6 3.26391E-6 3.14418E-6 3.13017E-6 3.28167E-6 3.32311E-6 3.46655E-6 3.46009E-6 3.30685E-6 3.06436E-6 2.53846E-6 1.89974E-6 1.24012E-6 1.00747E-6 6.14187E-7 7.93823E-7 1.47537E-6 1.89543E-6 2.14668E-6 2.20806E-6 2.1928E-6 1.7424E-6 1.02821E-6 5.22527E-7 3.54832E-7 3.73882E-7 3.70317E-7 3.88859E-7 3.84361E-7 3.97198E-7 4.55257E-7 4.68797E-7 5.38509E-7
-9999 -9999 -9999 -9999 -9999 -9999 -9999 -9999 -9999 3.47039E-6 3.56826E-6 4.21611E-6 5.59932E-6 6.66905E-6 7.50799E-6 8.10663E-6 7.67663E-6 7.11317E-6 6.79114E-6 6.45113E-6 5.61043E-6 5.11481E-6 5.06992E-6 5.05413E-6 5.10895E-6 5.69694E-6 6.35248E-6 6.40201E-6 6.08339E-6 5.52881E-6 4.96339E-6 4.53647E-6 4.22894E-6 4.05497E-6 3.65376E-6 3.16456E-6 3.17428E-6 3.08039E-6 2.80661E-6 2.60949E-6 2.54141E-6 2.11653E-6 1.85522E-6 1.30491E-6 1.00933E-6 7.20791E-7 9.24867E-7 1.0946E-6 1.42826E-6 2.61141E-6 2.99346E-6 2.91882E-6 2.82285E-6 2.53129E-6 1.93541E-6 9.66698E-7 5.18522E-7 3.75803E-7 3.86975E-7 3.90764E-7 3.98179E-7 4.23426E-7 4.12729E-7 4.36027E-7 5.22818E-7 7.98697E-7
-9999 -9999 -9999 -9999 -9999 -9999 -9999 -9999 -9999 -9999 3.54167E-6 3.63741E-6 4.29483E-6 5.31897E-6 6.59269E-6 8.06069E-6 8.36656E-6 7.85197E-6 7.07356E-6 7.39891E-6 6.49415E-6 5.81799E-6 5.85336E-6 5.81759E-6 5.59927E-6 5.7047E-6 6.15779E-6 6.41954E-6 6.36249E-6 6.17538E-6 5.71326E-6 5.31862E-6 4.83502E-6 4.3161E-6 3.56714E-6 2.70894E-6 2.53998E-6 2.01416E-6 1.54122E-6 1.41015E-6 1.57316E-6 1.39333E-6 1.31566E-6 1.33635E-6 1.14504E-6 1.11189E-6 1.60632E-6 2.77062E-6 3.67444E-6 3.9079E-6 3.82335E-6 3.78473E-6 3.55654E-6 2.84143E-6 1.9438E-6 9.76993E-7 5.58567E-7 4.37852E-7 4.17864E-7 4.26342E-7 4.49951E-7 4.82057E-7 4.46377E-7 4.44126E-7 5.47512E-7 8.92839E-7
-9999 -9999 -9999 -9999 -9999 -9999 -9999 -9999 -9999 -9999 -9999 -9999 3.97667E-6 4.7027E-6 5.7152E-6 6.99258E-6 7.80448E-6 7.95299E-6 7.54841E-6 7.75914E-6 7.18866E-6 6.70886E-6 6.68817E-6 6.47368E-6 6.10544E-6 5.99019E-6 6.24043E-6 6.47879E-6 6.53404E-6 6.44958E-6 6.20337E-6 5.83739E-6 5.17832E-6 4.34084E-6 3.22426E-6 2.30419E-6 1.62458E-6 1.205E-6 1.077E-6 1.25727E-6 1.79913E-6 1.70689E-6 1.73984E-6 2.14432E-6 1.87236E-6 2.55863E-6 3.66486E-6 4.45363E-6 4.69614E-6 4.59E-6 4.50873E-6 4.48541E-6 3.95517E-6 2.83681E-6 1.56893E-6 7.32508E-7 4.44387E-7 4.12107E-7 4.82215E-7 4.99136E-7 6.07676E-7 5.17927E-7 4.38218E-7 3.85204E-7 6.51543E-7 1.05249E-6
-9999 -9999 -9999 -9999 -9999 -9999 -9999 -9999 -9999 -9999 -9999 -9999 -9999 -9999 -9999 -9999 7.45534E-6 7.75055E-6 7.8047E-6 7.69643E-6 7.54736E-6 7.88921E-6 8.34018E-6 7.95752E-6 7.07026E-6 6.3948E-6 6.32219E-6 6.38789E-6 6.44425E-6 6.43149E-6 6.25806E-6 6.32124E-6 5.8858E-6 4.45978E-6 2.78886E-6 1.95799E-6 1.67964E-6 1.95105E-6 2.06042E-6 2.53419E-6 3.28356E-6 3.33154E-6 3.32109E-6 3.88891E-6 4.42766E-6 4.9728E-6 5.28982E-6 5.18145E-6 4.99379E-6 4.90974E-6 4.92003E-6 4.6578E-6 3.82937E-6 2.74982E-6 1.38127E-6 6.38216E-7 4.0709E-7 4.21954E-7 5.49849E-7 6.54844E-7 7.17328E-7 5.14069E-7 4.83657E-7 5.47253E-7 8.45404E-7 9.47409E-7
-9999 -9999 -9999 -9999 -9999 -9999 -9999 -9999 -9999 -9999 -9999 -9999 -9999 -9999 -9999 -9999 -9999 -9999 8.06795E-6 7.94828E-6 7.98993E-6 8.56822E-6 -9999 -9999 8.38872E-6 7.3811E-6 6.39121E-6 6.08008E-6 6.30922E-6 6.45738E-6 6.49422E-6 6.90072E-6 6.54392E-6 5.48106E-6 4.05583E-6 3.95845E-6 4.3376E-6 4.63362E-6 4.9383E-6 5.26226E-6 5.4048E-6 5.76115E-6 5.88589E-6 5.87184E-6 5.90046E-6 5.77813E-6 5.55309E-6 5.3344E-6 5.24537E-6 5.21841E-6 5.01141E-6 4.5411E-6 3.77098E-6 2.59978E-6 1.17699E-6 6.06912E-7 4.30181E-7 5.58928E-7 7.34564E-7 7.58105E-7 6.89517E-7 6.64265E-7 8.0294E-7 9.17688E-7 9.11877E-7 9.26728E-7
-9999 -9999 -9999 -9999 -9999 -9999 -9999 -9999 -9999 -9999 -9999 -9999 -9999 -9999 -9999 -9999 -9999 -9999 -9999 7.83481E-6 7.61497E-6 8.56287E-6 -9999 -9999 -9999 -9999 7.47423E-6 6.1942E-6 5.9739E-6 6.44145E-6 7.22666E-6 7.78209E-6 7.46951E-6 7.25638E-6 6.80331E-6 6.84624E-6 6.84808E-6 6.82933E-6 6.84122E-6 6.72865E-6 6.52913E-6 6.50725E-6 6.4173E-6 6.25299E-6 6.0485E-6 5.88234E-6 5.77499E-6 5.56807E-6 5.23171E-6 4.9613E-6 4.60877E-6 4.17575E-6 3.00441E-6 1.77043E-6 9.9458E-7 5.50303E-7 5.75913E-7 7.66985E-7 8.93129E-7 5.5083E-7 5.66649E-7 7.46386E-7 7.78333E-7 7.95758E-7 8.69651E-7 7.54962E-7
-9999 -9999 -9999 -9999 -9999 -9999 -9999 -9999 -9999 -9999 -9999 -9999 -9999 -9999 -9999 -9999 -9999 -9999 -9999 -9999 -9999 8.7103E-6 -9999 -9999 -9999 9.88703E-6 -9999 6.43835E-6 5.71299E-6 5.77038E-6 6.14133E-6 6.961E-6 7.35013E-6 7.42095E-6 7.36636E-6 7.36337E-6 7.19279E-6 6.67302E-6 6.24922E-6 6.27047E-6 6.33224E-6 6.43127E-6 6.43521E-6 6.33061E-6 6.26127E-6 6.11358E-6 5.87259E-6 5.48682E-6 4.97672E-6 4.54532E-6 4.1349E-6 3.41943E-6 1.94101E-6 1.33803E-6 1.14771E-6 7.69536E-7 6.99133E-7 8.26363E-7 7.50544E-7 6.3435E-7 6.37791E-7 7.22604E-7 7.70157E-7 7.60974E-7 8.47638E-7 8.99665E-7
-9999 -9999 -9999 -9999 -9999 -9999 -9999 -9999 -9999 -9999 -9999 -9999 -9999 -9999 -9999 -9999 -9999 -9999 -9999 -9999 -9999 -9999 -9999 -9999 1.21288E-5 1.21782E-5 9.66896E-6 7.19997E-6 6.04379E-6 5.96049E-6 5.94415E-6 6.06896E-6 6.42335E-6 6.70193E-6 6.9393E-6 7.0796E-6 6.85017E-6 6.49977E-6 6.32365E-6 6.42316E-6 6.53452E-6 6.54546E-6 6.64416E-6 6.60943E-6 6.19213E-6 5.73896E-6 5.48877E-6 5.18256E-6 4.63192E-6 4.18043E-6 3.65553E-6 2.50433E-6 1.30347E-6 8.94471E-7 8.69079E-7 7.46747E-7 5.767E-7 6.92054E-7 7.86617E-7 7.25205E-7 8.99874E-7 8.03177E-7 7.94297E-7 8.52769E-7 9.86318E-7 1.36922E-6
-9999 -9999 -9999 -9999 -9999 -9999 -9999 -9999 -9999 -9999 -9999 -9999 -9999 -9999 -9999 -9999 -9999 -9999 -9999 -9999 -9999 9.2991E-6 1.00605E-5 1.08432E-5 1.15888E-5 1.13923E-5 1.04819E-5 8.69497E-6 6.82049E-6 6.34221E-6 6.26304E-6 6.18501E-6 6.23367E-6 6.24498E-6 6.30984E-6 6.36208E-6 6.45945E-6 6.66813E-6 6.7322E-6 6.73889E-6 6.75253E-6 6.70527E-6 6.5843E-6 6.41517E-6 6.05464E-6 5.54365E-6 5.22024E-6 4.8164E-6 4.2148E-6 3.40735E-6 2.61819E-6 1.93417E-6 1.03256E-6 7.81272E-7 9.94464E-7 7.21617E-7 5.34215E-7 6.90581E-7 8.64983E-7 6.93129E-7 8.70107E-7 1.00227E-6 9.77972E-7 1.15478E-6 1.10451E-6 1.00766E-6
-9999 -9999 -9999 -9999 -9999 -9999 -9999 -9999 -9999 -9999 -9999 -9999 -9999 -9999 -9999 -9999 -9999 -9999 -9999 -9999 -9999 9.20934E-6 9.48443E-6 9.9853E-6 1.05944E-5 1.02234E-5 9.47413E-6 8.98596E-6 7.72126E-6 7.14197E-6 6.91179E-6 6.44912E-6 6.27935E-6 6.32583E-6 6.29744E-6 6.32029E-6 6.40557E-6 6.52873E-6 6.67937E-6 6.79101E-6 6.7494E-6 6.6167E-6 6.36207E-6 6.18095E-6 5.86098E-6 5.47068E-6 5.06663E-6 4.66352E-6 3.78826E-6 2.58816E-6 1.73028E-6 1.2135E-6 8.14249E-7 7.22054E-7 9.95114E-7 9.10552E-7 7.37734E-7 7.30381E-7 8.22871E-7 8.32957E-7 8.54373E-7 8.81636E-7 1.05582E-6 1.22619E-6 9.61849E-7 8.14314E-7
-9999 -9999 -9999 -9999 -9999 -9999 -9999 -9999 -9999 -9999 -9999 -9999 -9999 -9999 -9999 -9999 -9999 -9999 -9999 -9999 -9999 8.39852E-6 8.66158E-6 8.9498E-6 9.36306E-6 9.73502E-6 9.54081E-6 9.11081E-6 8.31913E-6 7.75529E-6 7.50465E-6 7.05213E-6 6.50551E-6 6.4242E-6 6.48704E-6 6.53411E-6 6.51201E-6 6.55108E-6 6.55874E-6 6.66547E-6 6.67375E-6 6.48862E-6 6.1353E-6 5.99295E-6 5.83988E-6 5.25474E-6 4.5526E-6 3.92965E-6 3.00241E-6 1.70088E-6 1.1454E-6 8.56379E-7 7.51666E-7 7.75328E-7 9.56547E-7 9.3306E-7 7.22589E-7 7.56916E-7 9.06691E-7 1.02128E-6 8.99842E-7 1.03262E-6 1.24509E-6 1.24254E-6 1.30682E-6 1.04543E-6
-9999 -9999 -9999 -9999 -9999 -9999 -9999 -9999 -9999 -9999 -9999 -9999 -9999 -9999 -9999 -9999 -9999 -9999 -9999 -9999 -9999 7.34994E-6 7.6262E-6 8.09416E-6 8.56887E-6 9.13363E-6 9.51437E-6 9.27803E-6 8.82158E-6 8.19396E-6 7.71278E-6 7.57812E-6 7.19572E-6 6.63012E-6 6.69917E-6 6.76036E-6 6.6452E-6 6.62076E-6 6.55259E-6 6.673E-6 6.72485E-6 6.54538E-6 6.05446E-6 5.81037E-6 5.37194E-6 4.03872E-6 3.26146E-6 2.74226E-6 1.82073E-6 1.17169E-6 8.23656E-7 7.1702E-7 7.6001E-7 8.77372E-7 9.19551E-7 9.76491E-7 9.10931E-7 1.03432E-6 1.28781E-6 1.38666E-6 1.36545E-6 1.29139E-6 1.48057E-6 1.46926E-6 1.63926E-6 1.72128E-6
-9999 -9999 -9999 -9999 -9999 -9999 -9999 -9999 -9999 -9999 -9999 -9999 -9999 -9999 -9999 -9999 -9999 -9999 -9999 -9999 -9999 6.25194E-6 6.49117E-6 7.02521E-6 7.48293E-6 7.91829E-6 8.24137E-6 8.29238E-6 8.3791E-6 8.24309E-6 8.0277E-6 7.91183E-6 7.84895E-6 7.32836E-6 7.37463E-6 7.40199E-6 7.09243E-6 6.86053E-6 6.62624E-6 6.46181E-6 6.08892E-6 5.27863E-6 4.79473E-6 4.8132E-6 4.15097E-6 3.16917E-6 2.24794E-6 1.59498E-6 1.12337E-6 8.37554E-7 6.62917E-7 6.83052E-7 7.88691E-7 9.34289E-7 1.01079E-6 1.17231E-6 1.32864E-6 1.46792E-6 1.6637E-6 2.02073E-6 1.69776E-6 1.1973E-6 1.18198E-6 1.3934E-6 1.70496E-6 2.16387E-6
-9999 -9999 -9999 -9999 -9999 -9999 -9999 -9999 -9999 -9999 -9999 -9999 -9999 -9999 -9999 -9999 -9999 -9999 -9999 -9999 -9999 5.15476E-6 5.31376E-6 5.74855E-6 6.06821E-6 6.39909E-6 6.75171E-6 6.94981E-6 6.69074E-6 7.03353E-6 7.21595E-6 6.94146E-6 7.01998E-6 6.94274E-6 7.0472E-6 6.87057E-6 6.66536E-6 6.21924E-6 5.28841E-6 4.33547E-6 3.78262E-6 3.45191E-6 3.36431E-6 3.19506E-6 2.29951E-6 1.52728E-6 1.0642E-6 9.96785E-7 9.39821E-7 8.06695E-7 7.18165E-7 7.56139E-7 8.53479E-7 1.02311E-6 1.29954E-6 1.44299E-6 1.63356E-6 1.21111E-6 1.62649E-6 2.28931E-6 1.6098E-6 1.26931E-6 1.24345E-6 1.43706E-6 1.68653E-6 2.04365E-6
-9999 -9999 -9999 -9999 -9999 -9999 -9999 -9999 -9999 -9999 -9999 -9999 -9999 -9999 -9999 -9999 -9999 -9999 -9999 -9999 -9999 -9999 4.01573E-6 4.29717E-6 4.5436E-6 4.7997E-6 5.13688E-6 5.54216E-6 5.4388E-6 5.92804E-6 6.22267E-6 6.24064E-6 5.59127E-6 5.81894E-6 5.72472E-6 5.60238E-6 5.46876E-6 4.89192E-6 3.96366E-6 3.30298E-6 2.94575E-6 2.71487E-6 2.03628E-6 1.47314E-6 1.21805E-6 9.48929E-7 9.82944E-7 1.09329E-6 9.86993E-7 8.2339E-7 7.79701E-7 9.24435E-7 8.86052E-7 9.84946E-7 1.4518E-6 1.63929E-6 1.67883E-6 1.01484E-6 1.93332E-6 2.38137E-6 1.65271E-6 1.4681E-6 1.37043E-6 1.37555E-6 1.57699E-6 2.33936E-6
-9999 -9999 -9999 -9999 -9999 -9999 -9999 -9999 -9999 -9999 -9999 -9999 -9999 -9999 -9999 -9999 -9999 -9999 -9999 -9999 -9999 2.85675E-6 2.80328E-6 3.01581E-6 3.25976E-6 3.4066E-6 3.68744E-6 3.78756E-6 4.27587E-6 4.89307E-6 4.60418E-6 5.34886E-6 4.44946E-6 4.64659E-6 4.61617E-6 4.23252E-6 3.88852E-6 3.56649E-6 3.39669E-6 2.884E-6 2.10976E-6 1.50939E-6 1.27207E-6 1.16634E-6 1.20174E-6 1.25492E-6 1.32868E-6 1.14596E-6 8.93234E-7 8.38107E-7 1.0675E-6 1.07246E-6 7.94294E-7 1.01209E-6 1.5151E-6 1.50994E-6 1.44623E-6 1.612E-6 2.6241E-6 2.335E-6 1.80066E-6 1.91398E-6 1.7724E-6 1.34055E-6 1.60096E-6 2.47271E-6
-9999 -9999 -9999 -9999 -9999 -9999 -9999 -9999 -9999 -9999 -9999 -9999 -9999 -9999 -9999 -9999 -9999 -9999 -9999 -9999 -9999 2.0235E-6 1.9025E-6 1.8667E-6 1.85342E-6 1.7856E-6 2.2902E-6 3.28747E-6 4.17438E-6 4.51914E-6 4.14494E-6 3.95841E-6 3.24334E-6 3.22217E-6 3.56121E-6 3.24087E-6 3.14897E-6 2.77452E-6 2.3447E-6 1.79753E-6 1.48993E-6 1.39449E-6 1.42124E-6 1.45327E-6 1.48462E-6 1.45593E-6 1.28282E-6 9.97688E-7 9.69826E-7 1.21218E-6 1.33212E-6 9.93625E-7 7.70747E-7 1.33569E-6 1.53536E-6 1.51229E-6 1.85584E-6 2.44681E-6 2.91694E-6 2.56319E-6 2.15389E-6 2.1969E-6 2.03839E-6 1.52897E-6 1.99902E-6 2.68542E-6
-9999 -9999 -9999 -9999 -9999 -9999 -9999 -9999 -9999 -9999 -9999 -9999 -9999 -9999 -9999 -9999 -9999 -9999 -9999 -9999 -9999 -9999 1.51199E-6 -9999 -9999 -9999 2.09428E-6 3.23193E-6 3.32239E-6 2.83061E-6 2.67996E-6 2.83778E-6 2.97933E-6 3.04741E-6 3.07604E-6 2.66847E-6 2.24601E-6 1.81108E-6 1.59954E-6 1.61519E-6 1.72142E-6 1.80261E-6 1.75055E-6 1.63373E-6 1.49808E-6 1.30325E-6 1.14128E-6 1.29989E-6 1.49524E-6 1.55323E-6 1.33141E-6 9.70125E-7 1.17652E-6 1.90477E-6 1.35261E-6 1.90832E-6 2.95401E-6 2.68655E-6 2.74295E-6 2.44693E-6 2.44302E-6 2.21997E-6 2.21508E-6 1.99222E-6 1.99515E-6 2.29086E-6
-9999 -9999 -9999 -9999 -9999 -9999 -9999 -9999 -9999 -9999 -9999 -9999 -9999 -9999 -9999 -9999 -9999 -9999 -9999 -9999 -9999 -9999 -9999 -9999 -9999 -9999 -9999 3.24738E-6 3.70912E-6 3.50713E-6 3.39948E-6 3.56644E-6 3.25835E-6 2.87775E-6 2.33953E-6 2.07852E-6 2.04601E-6 1.88997E-6 1.98421E-6 2.06334E-6 2.06848E-6 1.94286E-6 1.69786E-6 1.43298E-6 1.20598E-6 1.30553E-6 1.70761E-6 1.91062E-6 1.92793E-6 1.79142E-6 1.42508E-6 1.47794E-6 2.20828E-6 1.7127E-6 1.08789E-6 2.69967E-6 3.56096E-6 2.35479E-6 2.51509E-6 2.4977E-6 2.40131E-6 2.603E-6 2.7897E-6 2.63381E-6 2.41219E-6 2.77506E-6
-9999 -9999 -9999 -9999 -9999 -9999 -9999 -9999 -9999 -9999 -9999 -9999 -9999 -9999 -9999 -9999 -9999 -9999 -9999 -9999 -9999 -9999 -9999 -9999 -9999 -9999 2.74321E-6 3.00543E-6 3.55997E-6 3.87339E-6 3.81682E-6 3.56945E-6 3.21241E-6 2.89544E-6 2.71543E-6 2.74068E-6 2.89539E-6 2.78069E-6 2.6011E-6 2.39398E-6 2.08371E-6 1.76907E-6 1.41397E-6 1.34422E-6 1.6837E-6 2.04925E-6 2.25497E-6 2.28408E-6 2.23615E-6 1.89526E-6 1.69346E-6 2.46054E-6 2.33197E-6 1.15645E-6 1.67529E-6 4.04159E-6 3.6116E-6 2.29997E-6 3.50698E-6 3.78029E-6 3.03703E-6 3.65533E-6 3.87139E-6 4.29164E-6 3.93149E-6 3.83294E-6
-9999 -9999 -9999 -9999 -9999 -9999 -9999 -9999 -9999 -9999 -9999 -9999 -9999 -9999 -9999 -9999 -9999 -9999 -9999 -9999 -9999 -9999 -9999 -9999 -9999 -9999 2.65766E-6 2.805E-6 3.27761E-6 3.95345E-6 4.28809E-6 4.32601E-6 4.10335E-6 3.72734E-6 3.6822E-6 3.77727E-6 3.3392E-6 2.83216E-6 2.49435E-6 2.12359E-6 1.74319E-6 1.63271E-6 1.85069E-6 2.21358E-6 2.32048E-6 2.20388E-6 2.06413E-6 2.10732E-6 2.37842E-6 1.87522E-6 2.4267E-6 3.28736E-6 1.7307E-6 1.4891E-6 3.97708E-6 5.13528E-6 3.21067E-6 2.92298E-6 4.31421E-6 2.46089E-6 3.86937E-6 3.86887E-6 4.68035E-6 5.4796E-6 3.56854E-6 3.91782E-6
-9999 -9999 -9999 -9999 -9999 -9999 -9999 -9999 -9999 -9999 -9999 -9999 -9999 -9999 -9999 -9999 -9999 -9999 -9999 -9999 -9999 -9999 -9999 -9999 -9999 -9999 -9999 2.5194E-6 3.11766E-6 4.06269E-6 -9999 -9999 -9999 4.50245E-6 3.98133E-6 3.39961E-6 2.62445E-6 2.16012E-6 2.04837E-6 2.06423E-6 2.09097E-6 2.17857E-6 2.26909E-6 2.21536E-6 1.97327E-6 1.84218E-6 1.832E-6 2.17736E-6 2.21392E-6 2.59698E-6 3.7215E-6 3.04101E-6 1.76985E-6 3.41984E-6 6.36906E-6 4.16999E-6 2.4943E-6 4.0813E-6 5.58346E-6 2.51036E-6 4.44288E-6 5.59528E-6 4.98325E-6 4.5492E-6 3.73726E-6 3.73667E-6
-9999 -9999 -9999 -9999 -9999 -9999 -9999 -9999 -9999 -9999 -9999 -9999 -9999 -9999 -9999 -9999 -9999 -9999 -9999 -9999 -9999 -9999 -9999 -9999 -9999 -9999 2.21883E-6 2.4551E-6 2.86843E-6 3.80398E-6 4.87441E-6 5.21603E-6 5.05622E-6 4.81284E-6 4.13622E-6 3.60843E-6 3.25465E-6 3.05777E-6 2.825E-6 2.53289E-6 2.26581E-6 2.07033E-6 1.98548E-6 1.8694E-6 1.82035E-6 1.94718E-6 2.43188E-6 1.99534E-6 1.81036E-6 2.64099E-6 5.01471E-6 4.03787E-6 4.29241E-6 7.48432E-6 7.14611E-6 3.05675E-6 2.73352E-6 4.51787E-6 6.98527E-6 3.98617E-6 5.03869E-6 6.13495E-6 7.98507E-6 4.2899E-6 3.98722E-6 4.73996E-6
