catData/rasterBestHybridModels/Pviverrinus/RDbal_RM2_L/Pviverrinus_avg.asc
ncols         409
nrows         350
xllcorner     60.897278365
yllcorner     5.843756025
cellsize      0.0892857
NODATA_value  -9999
[rows 87 to 115 of 350, columns 132 to 197 of 409]
4.51779E-5 4.59196E-5 4.55684E-5 4.40019E-5 4.43865E-5 4.4935E-5 4.5409E-5 4.48845E-5 4.52992E-5 4.59531E-5 4.61121E-5 4.7359E-5 4.55753E-5 4.56248E-5 4.64138E-5 4.72663E-5 4.89952E-5 5.3872E-5 5.54497E-5 5.53445E-5 5.23979E-5 5.13936E-5 5.32191E-5 5.51268E-5 5.68174E-5 5.88462E-5 5.75133E-5 5.74686E-5 5.92427E-5 5.95749E-5 5.66473E-5 5.83306E-5 6.18098E-5 6.53296E-5 6.55474E-5 6.61583E-5 6.50578E-5 6.42676E-5 6.52819E-5 6.78181E-5 7.05344E-5 6.82616E-5 6.88761E-5 6.78013E-5 6.86914E-5 6.90712E-5 6.93997E-5 7.09663E-5 7.12864E-5 7.49103E-5 8.46647E-5 8.90383E-5 9.24245E-5 9.38967E-5 9.10167E-5 9.06191E-5 1.01772E-4 1.07816E-4 1.00479E-4 9.79879E-5 9.72147E-5 9.32954E-5 9.9219E-5 1.09354E-4 1.12023E-4 1.10795E-4
4.63829E-5 4.57297E-5 4.64023E-5 4.80427E-5 4.59046E-5 4.39346E-5 4.42282E-5 4.36526E-5 4.43382E-5 4.43617E-5 4.37877E-5 4.30139E-5 4.30337E-5 4.32667E-5 4.30018E-5 4.31616E-5 4.4496E-5 4.77757E-5 5.16739E-5 5.33391E-5 5.49396E-5 5.33978E-5 5.25485E-5 5.4611E-5 5.7372E-5 5.76061E-5 5.91428E-5 6.00051E-5 5.91895E-5 5.94147E-5 5.89944E-5 5.9465E-5 6.06596E-5 6.44709E-5 6.78937E-5 6.46759E-5 6.38826E-5 6.56081E-5 6.7875E-5 6.77591E-5 6.66102E-5 6.62589E-5 6.6582E-5 6.72916E-5 6.8323E-5 6.93283E-5 6.82456E-5 6.8902E-5 6.9865E-5 7.67029E-5 8.91763E-5 8.87774E-5 9.01893E-5 9.23122E-5 8.97518E-5 9.60435E-5 1.03464E-4 1.00306E-4 1.05085E-4 9.88673E-5 1.06557E-4 9.01241E-5 9.72171E-5 1.01535E-4 1.05847E-4 1.11482E-4
4.56284E-5 4.51097E-5 4.19423E-5 4.64239E-5 4.48321E-5 4.24986E-5 4.1034E-5 4.39272E-5 4.38998E-5 4.28045E-5 4.14159E-5 4.08898E-5 4.09248E-5 4.14458E-5 4.14402E-5 4.20728E-5 4.29742E-5 4.41701E-5 4.55771E-5 4.92047E-5 5.02433E-5 5.06285E-5 5.16071E-5 5.32233E-5 5.48845E-5 5.63708E-5 5.80116E-5 5.90646E-5 5.99562E-5 6.01262E-5 6.01253E-5 6.05676E-5 5.99667E-5 6.20886E-5 6.48853E-5 6.622E-5 6.66639E-5 6.5624E-5 6.6554E-5 6.64941E-5 6.57246E-5 6.5744E-5 6.63604E-5 6.65927E-5 6.81042E-5 6.69057E-5 6.74307E-5 6.85843E-5 6.83999E-5 7.51759E-5 8.70388E-5 8.91677E-5 9.00881E-5 9.42667E-5 9.55184E-5 8.91412E-5 8.64701E-5 9.32577E-5 1.02645E-4 9.72367E-5 1.03519E-4 8.98395E-5 9.07786E-5 1.00245E-4 1.00718E-4 1.056E-4
4.57457E-5 4.52727E-5 4.57462E-5 4.45749E-5 4.27641E-5 4.26567E-5 4.26627E-5 4.18232E-5 4.06485E-5 4.1257E-5 4.03754E-5 3.97445E-5 3.97764E-5 4.05222E-5 4.06356E-5 4.16675E-5 4.28027E-5 4.44704E-5 4.60757E-5 4.75275E-5 4.85072E-5 4.90067E-5 5.00301E-5 5.20564E-5 5.33785E-5 5.43973E-5 5.59024E-5 5.72533E-5 5.80046E-5 5.91026E-5 6.02356E-5 6.04328E-5 6.12108E-5 6.31019E-5 6.50287E-5 6.6173E-5 6.38825E-5 6.39215E-5 6.48549E-5 6.52696E-5 6.44225E-5 6.63477E-5 6.6181E-5 6.74326E-5 6.76554E-5 6.76271E-5 6.90703E-5 6.74763E-5 7.04045E-5 7.41744E-5 7.7737E-5 8.20561E-5 8.63187E-5 9.35618E-5 9.94861E-5 8.51799E-5 7.88508E-5 8.53163E-5 9.13314E-5 9.39829E-5 1.01112E-4 9.03329E-5 9.22919E-5 1.00515E-4 1.0462E-4 1.13045E-4
4.55514E-5 4.57821E-5 4.44828E-5 4.44219E-5 4.31973E-5 4.20446E-5 3.9581E-5 3.91497E-5 3.90038E-5 3.94929E-5 3.95692E-5 3.93485E-5 3.91296E-5 4.0004E-5 4.05065E-5 4.14414E-5 4.25381E-5 4.41338E-5 4.44664E-5 4.55131E-5 4.64435E-5 4.73372E-5 4.82448E-5 5.0076E-5 5.12481E-5 5.26896E-5 5.3534E-5 5.49617E-5 5.59642E-5 5.73708E-5 5.88969E-5 5.94226E-5 6.01961E-5 6.19742E-5 6.24473E-5 6.37899E-5 6.61489E-5 6.48374E-5 6.46341E-5 6.50145E-5 6.34033E-5 6.67198E-5 6.67171E-5 6.84982E-5 6.85307E-5 6.89262E-5 6.70878E-5 6.65628E-5 6.6884E-5 7.02401E-5 7.51468E-5 8.01107E-5 7.96183E-5 8.85515E-5 9.61276E-5 8.62957E-5 1.02377E-4 8.60076E-5 8.81981E-5 9.38024E-5 1.05707E-4 9.12466E-5 8.77094E-5 9.44454E-5 9.98526E-5 1.02765E-4
4.53116E-5 4.48775E-5 4.47521E-5 4.23683E-5 4.02622E-5 4.08061E-5 3.612E-5 3.84788E-5 3.92382E-5 3.88044E-5 3.87385E-5 3.91094E-5 3.91912E-5 4.0307E-5 4.08367E-5 4.15138E-5 4.23068E-5 4.34151E-5 4.33335E-5 4.39779E-5 4.42637E-5 4.50811E-5 4.60757E-5 4.77897E-5 4.91377E-5 5.10552E-5 5.20766E-5 5.32932E-5 5.47711E-5 5.60633E-5 5.66652E-5 5.69761E-5 5.5197E-5 5.86663E-5 6.03759E-5 6.1362E-5 6.37265E-5 6.42185E-5 6.48603E-5 6.33408E-5 6.3024E-5 6.5841E-5 6.63129E-5 6.70147E-5 6.85196E-5 6.6453E-5 6.8464E-5 6.63751E-5 7.03789E-5 7.19229E-5 7.59787E-5 8.1073E-5 7.92812E-5 8.26523E-5 8.31778E-5 8.21592E-5 8.57235E-5 8.91253E-5 8.94636E-5 9.44039E-5 9.85182E-5 9.36652E-5 8.63993E-5 8.90587E-5 1.01649E-4 1.03396E-4
4.39466E-5 4.2697E-5 4.08065E-5 3.99566E-5 3.87934E-5 3.89521E-5 3.91908E-5 3.83964E-5 3.81448E-5 3.81321E-5 3.82379E-5 3.89204E-5 3.94846E-5 4.0396E-5 4.10978E-5 4.15493E-5 4.19572E-5 4.26966E-5 4.27336E-5 4.30816E-5 4.32772E-5 4.41761E-5 4.47681E-5 4.54496E-5 4.69551E-5 4.88218E-5 5.02859E-5 5.21424E-5 5.31156E-5 5.40887E-5 5.46904E-5 5.49934E-5 5.56653E-5 5.82247E-5 5.81697E-5 5.99522E-5 6.08758E-5 6.31231E-5 6.25948E-5 6.30847E-5 6.02955E-5 6.20823E-5 6.33732E-5 6.54506E-5 6.67522E-5 6.728E-5 6.65301E-5 6.75059E-5 1.06469E-4 1.09757E-4 1.83165E-4 1.69419E-4 8.73766E-5 8.63207E-5 8.95591E-5 8.51397E-5 8.39758E-5 8.50672E-5 8.92859E-5 9.37727E-5 9.60786E-5 1.04835E-4 9E-5 8.47214E-5 9.2601E-5 1.05078E-4
4.16834E-5 4.01095E-5 4.00623E-5 3.9073E-5 3.91643E-5 3.86384E-5 3.77056E-5 3.74373E-5 3.75003E-5 3.77081E-5 3.79322E-5 3.98022E-5 4.02521E-5 4.05772E-5 4.0248E-5 4.08805E-5 4.16817E-5 4.25434E-5 4.31355E-5 4.29277E-5 4.28443E-5 4.33751E-5 4.38657E-5 4.44818E-5 4.50662E-5 4.66288E-5 4.82584E-5 4.94634E-5 5.04203E-5 5.16476E-5 5.22994E-5 5.16207E-5 5.16578E-5 5.25595E-5 5.54697E-5 5.61522E-5 5.73729E-5 5.68248E-5 6.04232E-5 5.98082E-5 6.00426E-5 6.13825E-5 6.45134E-5 6.43205E-5 6.56557E-5 6.67507E-5 6.63611E-5 7.14801E-5 1.45452E-4 2.90321E-4 3.24482E-4 4.46665E-4 1.04682E-4 8.37904E-5 8.15642E-5 8.63128E-5 8.34879E-5 8.27988E-5 8.76472E-5 9.0459E-5 9.19548E-5 1.0244E-4 8.94998E-5 8.34058E-5 8.93181E-5 1.00282E-4
4.06189E-5 4.05854E-5 4.04651E-5 4.03143E-5 3.91692E-5 3.8035E-5 3.68658E-5 3.69907E-5 3.73566E-5 3.73437E-5 3.8223E-5 3.99396E-5 4.02743E-5 4.10083E-5 3.99017E-5 4.04847E-5 4.12228E-5 4.21895E-5 4.31447E-5 4.27565E-5 4.23568E-5 4.2949E-5 4.34972E-5 4.37315E-5 4.43485E-5 4.50088E-5 4.63478E-5 4.74041E-5 4.82205E-5 4.97627E-5 5.0939E-5 4.97663E-5 5.08039E-5 5.41058E-5 5.44833E-5 5.68549E-5 5.77254E-5 5.8926E-5 5.63571E-5 5.67615E-5 5.87387E-5 5.94337E-5 6.31665E-5 6.56869E-5 6.43898E-5 6.33006E-5 6.95452E-5 7.97579E-5 7.70335E-5 9.82148E-5 1.31452E-4 1.57297E-4 7.57371E-5 7.5614E-5 7.38271E-5 7.62503E-5 8.26664E-5 8.92335E-5 9.00172E-5 8.97822E-5 9.26684E-5 9.89571E-5 9.0946E-5 8.78065E-5 8.4421E-5 9.61254E-5
4.10234E-5 4.03391E-5 4.00523E-5 4.0013E-5 3.90613E-5 3.78169E-5 3.68335E-5 3.65461E-5 3.6884E-5 3.71153E-5 3.86434E-5 3.86485E-5 3.89758E-5 3.92324E-5 3.94061E-5 4.02238E-5 4.07555E-5 4.14409E-5 4.21781E-5 4.24046E-5 4.18991E-5 4.18308E-5 4.21519E-5 4.23604E-5 4.31482E-5 4.32943E-5 4.47699E-5 4.60358E-5 4.71681E-5 4.81336E-5 4.86579E-5 4.85445E-5 4.81735E-5 4.91285E-5 5.07574E-5 5.36159E-5 5.60328E-5 5.43979E-5 5.33987E-5 5.59574E-5 5.75915E-5 5.8679E-5 6.28292E-5 6.20789E-5 6.48901E-5 6.37804E-5 6.6044E-5 6.46596E-5 7.18308E-5 6.54284E-5 9.03659E-5 8.79304E-5 8.5911E-5 7.09741E-5 6.90327E-5 7.19359E-5 7.81554E-5 8.66553E-5 8.62754E-5 8.54476E-5 9.17669E-5 9.02412E-5 9.90103E-5 8.90433E-5 8.57348E-5 8.35377E-5
3.88993E-5 3.92142E-5 3.99636E-5 3.96608E-5 3.93361E-5 3.82665E-5 3.75049E-5 3.68252E-5 3.69007E-5 3.84411E-5 3.98936E-5 3.86859E-5 3.81884E-5 3.85391E-5 3.89649E-5 3.96325E-5 4.03355E-5 4.09804E-5 4.12851E-5 4.06846E-5 4.01751E-5 4.01365E-5 4.03477E-5 4.09197E-5 4.15022E-5 4.12854E-5 4.29772E-5 4.36343E-5 4.54669E-5 4.67633E-5 4.64518E-5 4.37731E-5 4.39914E-5 4.51614E-5 4.64084E-5 4.7851E-5 4.8456E-5 4.68053E-5 5.07061E-5 5.38571E-5 5.3376E-5 5.46269E-5 5.56793E-5 5.677E-5 6.0215E-5 6.10962E-5 6.07986E-5 6.01335E-5 6.10687E-5 5.78608E-5 6.72274E-5 9.89073E-5 7.60356E-5 7.7685E-5 6.85195E-5 6.83267E-5 7.62453E-5 8.31746E-5 8.48098E-5 8.49628E-5 8.49374E-5 8.56278E-5 9.95327E-5 8.77294E-5 8.19396E-5 8.36136E-5
4.04373E-5 4.14069E-5 4.01733E-5 3.96941E-5 3.93048E-5 3.8949E-5 3.84486E-5 3.83673E-5 3.90944E-5 3.98508E-5 3.96836E-5 3.97247E-5 3.9592E-5 3.9026E-5 3.86224E-5 3.87263E-5 3.99374E-5 4.08013E-5 3.97561E-5 3.80256E-5 3.77901E-5 3.86206E-5 3.90665E-5 3.96668E-5 4.02555E-5 4.03787E-5 4.10852E-5 4.25413E-5 4.34174E-5 4.54947E-5 4.49959E-5 4.36058E-5 4.2461E-5 4.29103E-5 4.37291E-5 4.49947E-5 4.39077E-5 4.47297E-5 4.92076E-5 4.95545E-5 4.97576E-5 5.25207E-5 5.27092E-5 5.671E-5 5.67081E-5 5.71805E-5 5.72375E-5 5.56242E-5 5.82425E-5 6.21092E-5 6.88655E-5 7.0507E-5 7.38429E-5 7.41974E-5 7.0538E-5 7.11671E-5 7.05564E-5 7.60599E-5 8.19968E-5 8.40419E-5 8.21492E-5 8.50844E-5 9.32011E-5 8.94256E-5 8.01655E-5 8.45178E-5
4.14983E-5 4.10503E-5 4.0212E-5 3.98765E-5 3.99342E-5 3.96516E-5 3.87389E-5 3.90183E-5 3.89494E-5 3.85225E-5 3.89147E-5 3.86753E-5 3.83248E-5 3.71455E-5 3.6625E-5 3.7602E-5 3.93935E-5 3.83774E-5 3.69726E-5 3.65776E-5 3.64111E-5 3.7561E-5 3.81842E-5 3.82255E-5 3.88088E-5 4.00001E-5 4.10176E-5 4.22112E-5 4.36656E-5 4.38408E-5 4.34967E-5 4.17509E-5 4.01208E-5 4.08937E-5 4.07601E-5 4.22643E-5 4.23519E-5 4.34202E-5 4.55732E-5 4.72084E-5 4.70445E-5 4.8792E-5 5.24502E-5 6.25623E-5 5.79495E-5 5.47049E-5 5.96001E-5 5.14594E-5 5.72185E-5 6.64592E-5 6.7464E-5 6.92839E-5 7.20433E-5 7.98238E-5 7.25004E-5 7.05123E-5 7.11203E-5 7.42762E-5 7.60487E-5 8.01836E-5 7.70524E-5 8.05511E-5 8.64111E-5 9.00688E-5 8.67136E-5 7.8785E-5
4.07396E-5 3.99236E-5 3.98625E-5 3.94628E-5 3.8626E-5 3.72362E-5 3.64563E-5 3.64278E-5 3.74368E-5 3.74925E-5 3.76444E-5 3.73837E-5 3.63165E-5 3.52661E-5 3.47226E-5 3.55866E-5 3.64094E-5 3.59843E-5 3.61387E-5 3.63194E-5 3.60267E-5 3.6152E-5 3.69922E-5 3.78219E-5 3.85938E-5 3.97151E-5 4.03202E-5 4.04555E-5 4.07119E-5 4.08319E-5 4.10803E-5 3.96216E-5 3.81625E-5 3.74626E-5 3.65036E-5 3.8337E-5 4.14428E-5 4.27635E-5 4.55508E-5 4.57855E-5 4.58089E-5 4.60291E-5 4.93685E-5 5.56087E-5 5.31447E-5 5.0361E-5 4.9028E-5 4.68328E-5 6.19391E-5 6.91232E-5 6.71913E-5 6.82118E-5 7.38525E-5 7.51299E-5 6.98834E-5 6.89622E-5 6.93403E-5 6.84625E-5 6.68338E-5 7.22161E-5 7.32201E-5 7.89105E-5 8.04294E-5 8.25186E-5 9.40851E-5 8.3824E-5
3.84279E-5 3.7814E-5 3.71598E-5 3.68752E-5 3.77857E-5 3.78899E-5 3.9885E-5 4.04834E-5 3.80383E-5 3.69642E-5 3.70838E-5 3.69417E-5 3.73658E-5 3.60532E-5 3.44323E-5 3.4713E-5 3.46994E-5 3.52458E-5 3.57229E-5 3.57813E-5 3.54895E-5 3.57275E-5 3.6638E-5 3.80023E-5 3.85926E-5 3.86543E-5 3.95379E-5 3.93051E-5 3.71483E-5 3.7557E-5 3.80965E-5 3.80394E-5 3.59877E-5 3.37703E-5 2.80411E-5 3.50848E-5 3.66582E-5 3.89825E-5 4.25854E-5 4.26264E-5 4.3304E-5 4.48418E-5 5.07882E-5 5.22611E-5 4.97634E-5 4.88544E-5 4.75047E-5 2.2909E-5 6.40649E-5 6.86609E-5 6.96012E-5 6.86732E-5 6.98973E-5 7.00776E-5 6.96336E-5 6.71898E-5 6.71952E-5 6.77848E-5 6.3811E-5 6.9125E-5 7.32763E-5 7.77056E-5 7.78918E-5 7.65422E-5 7.72606E-5 8.9828E-5
3.82969E-5 3.78751E-5 3.77788E-5 3.79602E-5 3.87509E-5 3.82894E-5 3.7146E-5 3.80288E-5 3.76767E-5 3.71326E-5 3.69637E-5 3.62233E-5 3.8193E-5 3.56893E-5 3.39528E-5 3.41474E-5 3.44133E-5 3.51163E-5 3.55634E-5 3.53435E-5 3.51083E-5 3.59299E-5 3.74298E-5 3.749E-5 3.57265E-5 3.50169E-5 3.6088E-5 3.66744E-5 3.68366E-5 3.56716E-5 3.55464E-5 3.52997E-5 3.4662E-5 3.25948E-5 1.35359E-5 2.83375E-5 3.63328E-5 3.61454E-5 4.00559E-5 4.01559E-5 4.54347E-5 4.55393E-5 4.9188E-5 4.83703E-5 4.80259E-5 4.74682E-5 4.633E-5 5.31319E-5 6.37243E-5 6.71477E-5 6.70642E-5 6.81302E-5 6.7498E-5 6.81222E-5 7.1298E-5 6.73824E-5 6.70962E-5 6.61729E-5 6.41978E-5 6.8205E-5 7.29886E-5 7.42753E-5 7.03987E-5 7.10255E-5 6.68394E-5 7.02157E-5
3.89541E-5 3.88085E-5 3.88641E-5 3.84153E-5 3.75872E-5 3.67212E-5 3.54223E-5 3.50767E-5 3.49749E-5 3.47898E-5 3.42876E-5 3.44607E-5 3.52871E-5 3.38825E-5 3.32195E-5 3.41076E-5 3.49527E-5 3.52181E-5 3.55358E-5 3.55972E-5 3.55251E-5 3.59626E-5 3.68882E-5 3.52655E-5 3.2076E-5 3.17426E-5 3.3028E-5 3.57529E-5 3.55098E-5 3.41536E-5 3.34353E-5 3.2459E-5 2.92499E-5 3.1963E-5 2.94675E-5 3.43384E-5 3.21472E-5 3.74146E-5 4.01527E-5 3.99095E-5 4.39376E-5 4.40832E-5 4.3847E-5 4.56991E-5 4.7322E-5 5.023E-5 4.85659E-5 4.72309E-5 6.04644E-5 6.61068E-5 6.93455E-5 6.97841E-5 6.7464E-5 6.923E-5 6.80649E-5 7.00757E-5 6.75545E-5 6.55647E-5 6.45846E-5 6.85517E-5 7.08894E-5 7.38271E-5 7.49735E-5 7.1741E-5 6.65942E-5 6.74509E-5
3.85278E-5 3.74367E-5 3.58779E-5 3.53427E-5 3.46862E-5 3.3909E-5 3.3882E-5 3.38299E-5 3.35321E-5 3.2732E-5 3.19062E-5 3.1797E-5 3.28106E-5 3.29232E-5 3.38259E-5 3.53014E-5 3.53825E-5 3.41646E-5 3.4413E-5 3.57383E-5 3.57364E-5 3.59085E-5 3.61615E-5 3.47671E-5 3.45206E-5 3.44642E-5 3.5435E-5 3.60097E-5 3.34787E-5 3.16899E-5 3.0619E-5 2.18054E-5 2.30868E-5 3.04275E-5 3.09474E-5 2.40553E-5 2.84872E-5 3.48459E-5 3.86117E-5 4.00572E-5 4.01974E-5 4.08973E-5 4.14084E-5 4.22397E-5 3.71351E-5 3.81114E-5 5.0369E-5 5.45641E-5 5.9192E-5 6.65069E-5 6.73337E-5 6.76229E-5 6.91251E-5 6.63728E-5 6.60906E-5 6.94865E-5 7.119E-5 6.64306E-5 6.34887E-5 6.61658E-5 6.92932E-5 7.07186E-5 7.16001E-5 7.28872E-5 6.93956E-5 7.09088E-5
3.72734E-5 3.55416E-5 3.43821E-5 3.35E-5 3.2892E-5 3.27254E-5 3.34051E-5 3.33842E-5 3.27381E-5 3.21274E-5 3.14643E-5 3.16556E-5 3.20654E-5 3.26879E-5 3.42855E-5 3.6038E-5 3.58893E-5 3.4102E-5 3.36964E-5 3.47123E-5 3.57259E-5 3.66051E-5 3.66947E-5 3.66256E-5 3.67536E-5 3.62909E-5 3.55438E-5 3.40454E-5 3.07504E-5 2.49432E-5 2.32756E-5 1.43674E-5 2.99654E-5 2.99144E-5 2.61446E-5 2.46444E-5 1.84394E-5 3.41785E-5 3.60417E-5 3.78613E-5 3.81617E-5 3.75918E-5 3.08286E-5 3.6816E-5 2.41594E-5 4.81779E-5 5.06239E-5 5.48952E-5 5.86769E-5 6.49142E-5 6.28822E-5 6.62379E-5 6.5109E-5 6.57269E-5 6.54255E-5 6.81455E-5 6.7049E-5 6.40106E-5 6.31157E-5 6.30002E-5 6.68071E-5 6.8279E-5 6.97494E-5 6.82665E-5 6.7715E-5 7.12906E-5
3.68638E-5 3.55967E-5 3.51207E-5 3.38701E-5 3.29333E-5 3.24582E-5 3.24279E-5 3.1911E-5 3.16943E-5 3.14175E-5 3.13158E-5 3.16081E-5 3.22004E-5 3.30728E-5 3.40116E-5 3.55196E-5 3.57181E-5 3.47029E-5 3.3384E-5 3.36135E-5 3.49845E-5 3.6353E-5 3.6574E-5 3.6153E-5 3.68096E-5 3.61033E-5 3.38368E-5 2.80162E-5 2.93293E-5 2.50486E-5 1.50403E-5 2.29141E-5 2.89368E-5 2.79866E-5 2.65163E-5 2.52184E-5 2.99386E-5 3.2975E-5 3.50551E-5 3.53665E-5 3.68058E-5 1.65102E-5 2.89718E-5 3.35592E-5 5.2168E-5 5.27587E-5 5.4443E-5 5.73816E-5 5.99074E-5 6.27201E-5 6.10588E-5 6.4445E-5 6.77713E-5 6.63907E-5 6.71001E-5 6.78817E-5 6.74582E-5 6.44459E-5 6.33989E-5 6.46698E-5 6.72728E-5 6.45488E-5 6.533E-5 6.62714E-5 6.57944E-5 6.80774E-5
3.67335E-5 3.60517E-5 3.5383E-5 3.39933E-5 3.33283E-5 3.29871E-5 3.23139E-5 3.14863E-5 3.14276E-5 3.19028E-5 3.22497E-5 3.28481E-5 3.30976E-5 3.38888E-5 3.47511E-5 3.53073E-5 3.56862E-5 3.48691E-5 3.31423E-5 3.31848E-5 3.44147E-5 3.56591E-5 3.60349E-5 3.64956E-5 3.60045E-5 3.43983E-5 3.16592E-5 2.8931E-5 2.70538E-5 3.01032E-5 2.91595E-5 2.81273E-5 2.81495E-5 2.70847E-5 2.57072E-5 2.68736E-5 1.92931E-5 1.82502E-5 3.00388E-5 1.50412E-5 3.04E-5 1.61381E-5 5.44261E-6 4.03165E-5 5.20854E-5 5.16944E-5 5.41267E-5 5.73067E-5 6.36057E-5 6.21601E-5 6.12867E-5 6.42803E-5 6.80936E-5 6.90533E-5 6.62465E-5 6.6672E-5 7.31745E-5 6.80797E-5 6.73E-5 6.38438E-5 6.5735E-5 6.43107E-5 6.38684E-5 6.64688E-5 6.67598E-5 6.69186E-5
3.77282E-5 3.70942E-5 3.58118E-5 3.44449E-5 3.36182E-5 3.30932E-5 3.25193E-5 3.19728E-5 3.20767E-5 3.31438E-5 3.41298E-5 3.49303E-5 3.4781E-5 3.49144E-5 3.57476E-5 3.60953E-5 3.62604E-5 3.53457E-5 3.33713E-5 3.33461E-5 3.42793E-5 3.56618E-5 3.52088E-5 3.4992E-5 3.45674E-5 3.26481E-5 3.00429E-5 2.56963E-5 2.62988E-5 2.95268E-5 3.05664E-5 2.92132E-5 2.9226E-5 2.81905E-5 2.70343E-5 2.71391E-5 3.12797E-5 2.84748E-5 1.67913E-5 2.47464E-5 3.02083E-5 1.57102E-5 1.68083E-5 4.35781E-5 5.17312E-5 5.02499E-5 5.3858E-5 5.83436E-5 5.7793E-5 6.09477E-5 6.07844E-5 6.41652E-5 6.5466E-5 6.97632E-5 6.92557E-5 6.86848E-5 6.97362E-5 6.87638E-5 6.88936E-5 6.88516E-5 6.64049E-5 6.44368E-5 6.45797E-5 6.53775E-5 6.58381E-5 6.69446E-5
3.96437E-5 3.83115E-5 3.64002E-5 3.50727E-5 3.44457E-5 3.41293E-5 3.37431E-5 3.30655E-5 3.27932E-5 3.42919E-5 3.54457E-5 3.6013E-5 3.5307E-5 3.48685E-5 3.63529E-5 3.69681E-5 3.60796E-5 3.47128E-5 3.31804E-5 3.27677E-5 3.40556E-5 3.52462E-5 3.13824E-5 3.36399E-5 3.31848E-5 3.24324E-5 2.97803E-5 2.74325E-5 3.02652E-5 3.00021E-5 3.11518E-5 3.09485E-5 3.13103E-5 3.07028E-5 2.92584E-5 2.84154E-5 3.13274E-5 3.11726E-5 2.68014E-5 7.08341E-6 2.52466E-5 1.53144E-5 1.61946E-5 4.23538E-5 4.56324E-5 4.75666E-5 5.19769E-5 5.56579E-5 5.79129E-5 5.8709E-5 5.88688E-5 6.26024E-5 6.28834E-5 6.55062E-5 6.89486E-5 6.93088E-5 7.08151E-5 7.18248E-5 7.07759E-5 7.0936E-5 7.05979E-5 6.8598E-5 6.60401E-5 6.81627E-5 6.97705E-5 6.8061E-5
3.97257E-5 3.82818E-5 3.71038E-5 3.63543E-5 3.57206E-5 3.52391E-5 3.46677E-5 3.42716E-5 3.38234E-5 3.54627E-5 3.56839E-5 3.51735E-5 3.40839E-5 3.3784E-5 3.56368E-5 3.53919E-5 3.41443E-5 3.34827E-5 3.32261E-5 3.26809E-5 3.28719E-5 3.42037E-5 3.48454E-5 3.55639E-5 3.39414E-5 3.2157E-5 2.9739E-5 3.20596E-5 3.25441E-5 3.15565E-5 3.12839E-5 3.2413E-5 3.29881E-5 3.09585E-5 2.76228E-5 2.80755E-5 3.11724E-5 3.35125E-5 2.30171E-5 1.09126E-5 1.6917E-5 2.52628E-5 3.57831E-5 1.82448E-5 3.90809E-5 4.61147E-5 4.81468E-5 5.40437E-5 5.68266E-5 5.88273E-5 6.04376E-5 5.99214E-5 6.2545E-5 6.5956E-5 6.8852E-5 6.94625E-5 7.01459E-5 6.76374E-5 9.08423E-5 1.06876E-4 7.23503E-5 7.19686E-5 7.1084E-5 7.06797E-5 6.70068E-5 6.44805E-5
3.96085E-5 3.81321E-5 3.7657E-5 3.72474E-5 3.65709E-5 3.62292E-5 3.54759E-5 3.50772E-5 3.48077E-5 3.50293E-5 3.68197E-5 3.50044E-5 3.31552E-5 3.40341E-5 3.53803E-5 3.50496E-5 3.48898E-5 3.28814E-5 3.31685E-5 3.32323E-5 3.26637E-5 3.34873E-5 3.34755E-5 3.25025E-5 3.44133E-5 3.2677E-5 3.15009E-5 3.33348E-5 3.41492E-5 3.26965E-5 3.1783E-5 3.3627E-5 3.40904E-5 3.2264E-5 3.10424E-5 3.01947E-5 2.60464E-5 2.5183E-5 2.53706E-5 1.39127E-5 1.49961E-5 2.41176E-5 2.61981E-5 4.09527E-5 4.37503E-5 4.70434E-5 4.83127E-5 5.10558E-5 5.39995E-5 5.83051E-5 5.81028E-5 6.04493E-5 6.28424E-5 6.48912E-5 6.5063E-5 6.79709E-5 6.95694E-5 7.08334E-5 8.30651E-5 8.5616E-5 8.45854E-5 8.31131E-5 7.44953E-5 7.47758E-5 7.10534E-5 6.47338E-5
3.77239E-5 3.72695E-5 3.75644E-5 3.69385E-5 3.68821E-5 3.64689E-5 3.58783E-5 3.67184E-5 3.59765E-5 3.60158E-5 3.60077E-5 3.36603E-5 3.24518E-5 3.3069E-5 3.44479E-5 3.63931E-5 3.7071E-5 3.46062E-5 3.38339E-5 3.40465E-5 3.33556E-5 3.15781E-5 3.0838E-5 3.00399E-5 3.24316E-5 3.43872E-5 3.48205E-5 3.44636E-5 3.40979E-5 3.18251E-5 3.31791E-5 3.43603E-5 3.82857E-5 3.47033E-5 3.11137E-5 2.81284E-5 3.33959E-5 2.77653E-5 3.5506E-5 2.84246E-5 2.98174E-5 2.74886E-5 4.01509E-5 4.35291E-5 4.58604E-5 4.90662E-5 4.86596E-5 4.97976E-5 5.33982E-5 5.36096E-5 5.74771E-5 5.85073E-5 6.11275E-5 6.25785E-5 6.23838E-5 6.62115E-5 6.73894E-5 6.98379E-5 7.60648E-5 7.61623E-5 7.09018E-5 6.91789E-5 7.0645E-5 7.64939E-5 7.26079E-5 6.50625E-5
3.70002E-5 3.71191E-5 3.71705E-5 3.69481E-5 3.75352E-5 3.70807E-5 3.60092E-5 3.51101E-5 3.48901E-5 3.556E-5 3.41907E-5 3.24187E-5 3.29911E-5 3.03453E-5 3.54952E-5 3.75484E-5 3.53989E-5 3.48608E-5 3.40363E-5 3.3079E-5 3.0951E-5 1.83794E-5 9.0172E-6 2.85198E-5 3.14623E-5 3.7451E-5 3.77973E-5 3.68382E-5 3.23308E-5 3.09439E-5 3.27043E-5 4.13697E-5 5.60323E-5 5.50891E-5 4.38839E-5 3.9822E-5 3.66801E-5 7.78888E-6 3.59679E-5 2.87994E-5 3.92199E-5 4.26594E-5 4.55513E-5 4.84749E-5 4.87182E-5 4.86304E-5 4.87331E-5 4.92821E-5 4.81919E-5 4.6498E-5 4.87574E-5 5.77563E-5 5.93794E-5 5.7198E-5 6.09037E-5 6.16599E-5 6.51212E-5 6.73943E-5 6.85955E-5 6.93095E-5 7.03987E-5 6.92743E-5 6.92681E-5 7.18172E-5 7.13981E-5 7.43235E-5
3.62777E-5 3.65516E-5 3.70275E-5 3.76194E-5 3.91215E-5 3.86707E-5 3.55002E-5 3.46E-5 3.63147E-5 3.5388E-5 3.33381E-5 3.25924E-5 3.45278E-5 3.525E-5 3.72407E-5 3.56707E-5 3.52253E-5 3.42282E-5 3.26425E-5 1.72228E-5 1.19152E-5 3.47294E-6 4.87938E-6 2.84217E-5 3.11733E-5 3.43152E-5 3.48661E-5 3.41717E-5 3.2649E-5 3.05069E-5 3.31426E-5 3.72057E-5 3.9747E-5 3.96225E-5 3.77942E-5 3.58191E-5 3.46965E-5 3.75006E-5 3.67374E-5 3.9126E-5 3.24572E-5 3.06582E-5 3.79833E-5 3.08235E-5 3.86018E-5 4.37069E-5 4.24603E-5 4.97214E-5 5.2827E-5 5.42626E-5 5.30142E-5 5.34442E-5 5.36614E-5 4.99081E-5 5.82204E-5 6.01787E-5 6.23082E-5 6.51777E-5 6.61112E-5 6.8461E-5 6.87165E-5 6.57611E-5 6.79575E-5 6.95388E-5 6.83293E-5 6.6805E-5
3.78174E-5 3.71498E-5 3.61239E-5 3.72265E-5 3.9997E-5 3.93563E-5 3.7214E-5 3.61451E-5 3.65015E-5 3.72562E-5 3.55667E-5 3.32728E-5 3.41615E-5 3.43327E-5 3.72231E-5 3.54853E-5 3.48353E-5 3.37373E-5 2.48671E-5 1.08379E-5 2.49567E-5 5.22045E-6 1.26929E-5 2.02692E-5 1.3478E-5 3.1681E-5 3.2717E-5 3.21744E-5 3.25671E-5 3.16128E-5 3.38059E-5 3.65206E-5 2.99601E-5 3.54283E-5 3.54487E-5 3.78153E-5 3.95144E-5 1.3841E-5 2.61689E-5 3.98393E-5 4.01665E-5 2.93891E-5 1.59372E-5 3.35885E-5 4.07964E-5 4.45721E-5 4.28326E-5 5.11555E-5 5.31273E-5 5.42298E-5 4.903E-5 4.1291E-5 4.29947E-5 5.04191E-5 5.39373E-5 5.83811E-5 5.97655E-5 6.38193E-5 6.58324E-5 6.64587E-5 6.7038E-5 6.91091E-5 6.97738E-5 6.88279E-5 7.07555E-5 7.11538E-5
