catData/rasterBestHybridModels/Pviverrinus/RDbal_RM2_L/Pviverrinus_max.asc
ncols         409
nrows         350
xllcorner     60.897278365
yllcorner     5.843756025
cellsize      0.0892857
NODATA_value  -9999
[rows 58 to 86 of 350, columns 130 to 194 of 409]
8.36381E-5 8.37954E-5 8.49387E-5 8.85658E-5 9.27588E-5 9.51741E-5 9.60229E-5 9.51768E-5 9.41556E-5 9.48788E-5 9.58408E-5 9.73878E-5 9.92933E-5 1.01456E-4 1.02862E-4 1.0627E-4 1.07467E-4 1.07752E-4 1.08309E-4 1.09317E-4 1.09173E-4 1.08106E-4 1.06519E-4 1.04377E-4 1.03036E-4 1.02558E-4 1.01767E-4 1.02359E-4 1.04036E-4 1.04226E-4 1.03382E-4 1.04984E-4 1.05401E-4 1.09094E-4 1.11351E-4 1.04571E-4 8.6279E-5 6.54026E-5 6.8327E-5 5.00108E-5 5.41584E-5 7.50934E-5 6.27039E-5 4.60525E-5 5.73059E-5 6.42084E-5 5.9946E-5 3.86754E-5 2.2823E-5 1.29573E-5 5.06366E-6 8.26435E-6 7.23135E-6 2.23564E-6 4.39673E-7 9.43499E-8 4.4655E-8 2.87899E-8 2.65246E-8 2.27563E-8 1.74815E-8 2.16329E-8 1.95339E-8 1.39985E-8 2.25295E-8
8.22632E-5 8.38187E-5 8.88549E-5 9.23234E-5 9.28447E-5 9.63573E-5 9.89241E-5 9.68167E-5 9.39033E-5 9.44157E-5 9.60895E-5 9.76959E-5 9.93724E-5 1.0049E-4 1.01678E-4 1.03071E-4 1.04159E-4 1.05571E-4 1.07325E-4 1.09769E-4 1.08943E-4 1.06472E-4 1.05127E-4 1.02456E-4 1.01775E-4 1.0119E-4 1.01449E-4 1.11394E-4 1.12308E-4 1.05908E-4 1.03973E-4 1.0547E-4 1.06704E-4 1.10191E-4 1.11401E-4 1.04864E-4 9.33887E-5 7.97952E-5 6.80121E-5 5.41542E-5 4.51165E-5 5.16726E-5 7.10237E-5 6.3278E-5 5.51125E-5 4.25469E-5 3.46194E-5 2.97097E-5 2.39371E-5 2.13585E-5 1.18863E-5 5.31195E-6 8.42651E-6 5.50301E-6 2.55629E-6 6.22772E-7 1.96851E-7 7.97889E-8 3.20667E-8 3.01006E-8 2.70472E-8 2.46395E-8 1.90428E-8 2.35103E-8 1.81221E-8
8.25733E-5 8.64216E-5 9.05361E-5 9.51959E-5 9.37649E-5 9.55752E-5 9.71593E-5 9.68051E-5 9.56957E-5 9.46436E-5 9.56606E-5 9.70271E-5 9.86005E-5 9.97038E-5 1.01177E-4 1.0241E-4 1.04027E-4 1.06013E-4 1.07779E-4 1.09366E-4 1.1446E-4 1.34869E-4 1.2375E-4 1.01199E-4 1.00881E-4 1.02052E-4 1.04864E-4 1.06386E-4 1.13726E-4 1.144E-4 1.03687E-4 1.04528E-4 1.07012E-4 1.11515E-4 1.11207E-4 1.06873E-4 9.92169E-5 8.90682E-5 7.60439E-5 6.69546E-5 6.26109E-5 5.32799E-5 5.25487E-5 6.18348E-5 5.08237E-5 3.77472E-5 3.12007E-5 2.50587E-5 1.75723E-5 2.2109E-5 1.78462E-5 1.02299E-5 7.29435E-6 5.4104E-6 1.74034E-6 6.04811E-7 1.47503E-7 5.90406E-8 5.69596E-8 7.66259E-8 7.75087E-8 7.23467E-8 3.61481E-8 2.49197E-8 5.15717E-8
8.33758E-5 8.64833E-5 9.02295E-5 9.26582E-5 9.38612E-5 9.51917E-5 9.65668E-5 9.43569E-5 9.43079E-5 9.53745E-5 9.45881E-5 9.53138E-5 9.70977E-5 9.88257E-5 1.00152E-4 1.01502E-4 1.0311E-4 1.04782E-4 1.05581E-4 1.30037E-4 2.05633E-4 1.35838E-4 1.27743E-4 1.04973E-4 1.02061E-4 1.04589E-4 1.16661E-4 1.07682E-4 1.15971E-4 1.0787E-4 1.03666E-4 1.04826E-4 1.08239E-4 1.10583E-4 1.09979E-4 1.08763E-4 1.02398E-4 9.39849E-5 8.44212E-5 7.11946E-5 7.36996E-5 6.63176E-5 5.29625E-5 5.22537E-5 4.63429E-5 3.96558E-5 3.86041E-5 2.86756E-5 2.30832E-5 2.90392E-5 1.57816E-5 7.54313E-6 2.57486E-6 2.66497E-6 2.62128E-6 1.43142E-6 3.91561E-7 1.65643E-7 2.78212E-7 7.42985E-7 8.20111E-7 3.93903E-7 1.62005E-7 6.6803E-8 1.90458E-7
8.34353E-5 8.58217E-5 8.86105E-5 8.96989E-5 9.27204E-5 9.45174E-5 9.25419E-5 9.20566E-5 9.23569E-5 9.31316E-5 9.49895E-5 9.45565E-5 9.61285E-5 9.75622E-5 9.9022E-5 1.00829E-4 1.02473E-4 1.02929E-4 1.0532E-4 1.95215E-4 2.16727E-4 2.15898E-4 1.27334E-4 1.1722E-4 1.01303E-4 1.01026E-4 1.00862E-4 1.01456E-4 1.02916E-4 1.04154E-4 1.04113E-4 1.06687E-4 1.09064E-4 1.09466E-4 1.13121E-4 1.12276E-4 1.03628E-4 9.6222E-5 9.06666E-5 8.03161E-5 7.33507E-5 8.03796E-5 6.88201E-5 5.87258E-5 4.90834E-5 4.21985E-5 4.49207E-5 3.56474E-5 2.73447E-5 2.33404E-5 8.62441E-6 3.3643E-6 2.41608E-6 1.78478E-6 2.16848E-6 1.2577E-6 2.80442E-6 1.79545E-6 3.0853E-6 2.00194E-6 6.67127E-7 5.58562E-7 4.73106E-7 3.27189E-7 3.50234E-7
8.274E-5 8.46597E-5 8.56766E-5 8.67122E-5 9.1286E-5 1.02906E-4 1.10917E-4 8.99971E-5 9.07686E-5 9.26505E-5 9.60922E-5 9.62156E-5 9.69437E-5 9.64268E-5 9.76797E-5 9.9991E-5 1.00882E-4 1.05484E-4 1.1894E-4 2.13866E-4 2.14046E-4 1.27764E-4 1.26251E-4 1.19301E-4 1.00626E-4 1.00547E-4 1.00849E-4 1.01408E-4 1.00695E-4 1.02129E-4 1.0579E-4 1.07283E-4 1.05912E-4 1.11496E-4 1.11467E-4 1.06497E-4 1.05882E-4 1.00701E-4 9.62558E-5 8.93627E-5 7.54799E-5 7.38354E-5 8.1629E-5 6.85638E-5 6.42848E-5 5.62444E-5 5.37099E-5 4.62265E-5 3.47243E-5 1.69133E-5 6.00327E-6 3.58686E-6 3.52649E-6 4.41841E-6 7.97966E-6 5.22384E-6 1.02161E-5 8.70193E-6 3.87085E-6 9.30262E-7 1.50067E-7 8.24342E-8 9.53264E-8 1.65413E-7 1.49977E-7
8.03132E-5 8.20862E-5 8.40084E-5 8.53906E-5 8.57962E-5 8.70625E-5 8.8644E-5 9.00636E-5 9.20689E-5 9.47538E-5 9.69078E-5 9.68058E-5 9.69268E-5 9.63771E-5 9.73714E-5 9.93612E-5 9.99312E-5 1.22537E-4 1.25373E-4 1.26693E-4 1.25968E-4 1.21317E-4 1.068E-4 9.97964E-5 1.00175E-4 1.00323E-4 9.9976E-5 1.01487E-4 1.00717E-4 1.03458E-4 1.06442E-4 1.05925E-4 1.03168E-4 1.07638E-4 1.27515E-4 1.04562E-4 1.05049E-4 1.04671E-4 1.00453E-4 9.52597E-5 8.50682E-5 6.53201E-5 7.96744E-5 8.41709E-5 7.04669E-5 6.2123E-5 5.93368E-5 5.39884E-5 3.73779E-5 1.83302E-5 1.12487E-5 8.74566E-6 9.76594E-6 9.73318E-6 9.98162E-6 6.90215E-6 7.82449E-6 5.80678E-6 2.61492E-6 9.86877E-7 3.89282E-7 1.76534E-7 1.30204E-7 9.3847E-8 6.53674E-8
7.88947E-5 8.21551E-5 8.31877E-5 8.2313E-5 8.52611E-5 8.79456E-5 8.96717E-5 9.05454E-5 9.27617E-5 9.52583E-5 9.5574E-5 9.5646E-5 9.48738E-5 9.56438E-5 9.70186E-5 9.84582E-5 9.84237E-5 1.00559E-4 1.04021E-4 1.08143E-4 1.05166E-4 1.01531E-4 1.01465E-4 9.94987E-5 1.00369E-4 1.00867E-4 1.00571E-4 1.01484E-4 1.05561E-4 1.05335E-4 1.06128E-4 1.03835E-4 1.02356E-4 1.07554E-4 1.04333E-4 1.03353E-4 1.04304E-4 1.05033E-4 1.034E-4 1.01375E-4 9.96051E-5 8.11451E-5 7.60153E-5 8.79606E-5 8.75243E-5 7.30557E-5 5.55878E-5 4.30175E-5 2.63375E-5 1.61641E-5 1.735E-5 1.51473E-5 1.25963E-5 8.18347E-6 4.77106E-6 3.04108E-6 2.74964E-6 2.60837E-6 2.9691E-6 2.00736E-6 1.11017E-6 5.2935E-7 4.84975E-7 2.33994E-7 8.05248E-8
7.85749E-5 8.01973E-5 8.06028E-5 8.50351E-5 8.74995E-5 8.9321E-5 8.95065E-5 8.98993E-5 9.2124E-5 9.19931E-5 9.16177E-5 9.34364E-5 9.38621E-5 9.49741E-5 9.61718E-5 9.65152E-5 9.67009E-5 9.78161E-5 9.92605E-5 1.009E-4 1.01869E-4 1.04234E-4 1.01958E-4 9.94646E-5 1.00952E-4 1.01805E-4 1.01898E-4 1.05009E-4 1.09579E-4 1.04772E-4 1.04353E-4 1.02832E-4 1.0105E-4 1.00696E-4 1.01004E-4 1.02195E-4 1.03289E-4 1.03315E-4 1.03967E-4 1.04638E-4 1.05709E-4 1.0076E-4 8.78872E-5 8.58748E-5 9.3924E-5 9.50518E-5 6.68515E-5 4.15471E-5 2.76396E-5 2.13469E-5 1.77653E-5 1.1601E-5 7.72241E-6 4.95841E-6 4.0865E-6 3.60381E-6 3.08249E-6 2.44253E-6 4.55236E-6 2.74625E-6 1.03085E-6 8.24878E-7 1.23593E-6 8.65922E-7 3.75497E-7
7.7698E-5 7.8231E-5 8.16287E-5 8.66792E-5 8.6315E-5 8.87477E-5 8.91669E-5 8.99634E-5 9.13401E-5 8.86612E-5 9.23763E-5 9.3207E-5 9.25476E-5 9.37822E-5 9.42274E-5 9.46101E-5 9.67904E-5 9.74425E-5 9.9017E-5 1.00267E-4 1.02241E-4 1.0498E-4 1.04802E-4 1.01511E-4 1.00817E-4 1.01709E-4 1.01965E-4 1.04004E-4 1.05246E-4 1.03903E-4 1.03241E-4 1.02462E-4 1.01375E-4 1.01391E-4 1.0253E-4 1.03024E-4 1.03371E-4 1.04186E-4 1.05844E-4 1.06717E-4 1.07342E-4 1.06711E-4 1.0253E-4 9.48172E-5 9.52922E-5 1.01903E-4 8.48382E-5 5.73239E-5 3.40631E-5 2.90772E-5 2.09449E-5 1.00989E-5 6.44749E-6 4.96522E-6 6.93347E-6 4.03893E-6 2.72982E-6 1.79146E-6 2.38454E-6 3.21524E-6 2.12154E-6 2.86738E-6 3.71835E-6 1.59997E-6 5.1383E-7
7.68872E-5 7.815E-5 8.01758E-5 8.39517E-5 8.55258E-5 8.82442E-5 8.99639E-5 9.14694E-5 9.22902E-5 9.02013E-5 9.27776E-5 9.10556E-5 9.15007E-5 9.18316E-5 9.23911E-5 9.42298E-5 9.60043E-5 9.76794E-5 9.91277E-5 1.00447E-4 1.02073E-4 1.06258E-4 1.00758E-4 9.89202E-5 1.0008E-4 1.00823E-4 9.95904E-5 9.98545E-5 1.01903E-4 1.02883E-4 1.02082E-4 1.0217E-4 1.02201E-4 1.02474E-4 1.04151E-4 1.05615E-4 1.03766E-4 1.35953E-4 1.16863E-4 1.15237E-4 1.14888E-4 1.10185E-4 1.10288E-4 1.09269E-4 1.04812E-4 1.01135E-4 8.96202E-5 7.26437E-5 4.88859E-5 2.91973E-5 1.91324E-5 1.21878E-5 7.561E-6 8.92496E-6 6.01384E-6 3.74103E-6 3.07403E-6 4.7046E-6 3.96039E-6 5.19581E-6 7.83175E-6 7.66841E-6 6.07625E-6 2.53374E-6 8.34083E-7
7.7846E-5 7.85708E-5 8.23684E-5 8.45626E-5 8.53235E-5 8.6576E-5 8.80594E-5 8.90424E-5 9.22096E-5 9.47194E-5 9.37246E-5 9.09109E-5 9.06766E-5 8.96333E-5 9.10937E-5 9.46203E-5 9.65978E-5 9.78518E-5 9.94551E-5 9.93145E-5 9.94746E-5 9.86744E-5 9.86866E-5 9.84746E-5 9.82234E-5 9.81638E-5 9.71558E-5 9.68654E-5 9.94908E-5 9.99116E-5 9.95288E-5 9.97621E-5 9.96808E-5 1.00338E-4 1.00876E-4 1.0101E-4 9.72053E-5 1.377E-4 1.40914E-4 1.13078E-4 1.12962E-4 1.07346E-4 1.07747E-4 1.06771E-4 1.0369E-4 9.73476E-5 8.84389E-5 7.82086E-5 6.46451E-5 3.21259E-5 1.60516E-5 1.26908E-5 1.49425E-5 9.86509E-6 3.88772E-6 1.17676E-6 2.53442E-6 4.67692E-6 7.38935E-6 8.08763E-6 5.78127E-6 4.98793E-6 6.41382E-6 6.04011E-6 4.37126E-6
7.99016E-5 8.00317E-5 8.24437E-5 8.50201E-5 8.64053E-5 8.85211E-5 8.82938E-5 8.79285E-5 9.05357E-5 9.15364E-5 8.82055E-5 8.78632E-5 8.9398E-5 9.26531E-5 9.47953E-5 9.65789E-5 9.65895E-5 9.64955E-5 9.68617E-5 9.73927E-5 9.69639E-5 9.71925E-5 9.70258E-5 9.69539E-5 9.6179E-5 9.6774E-5 9.63553E-5 9.68038E-5 9.72597E-5 9.77421E-5 9.84181E-5 9.94573E-5 9.99424E-5 9.99996E-5 1.0002E-4 9.97384E-5 9.89278E-5 1.00928E-4 1.09187E-4 1.05937E-4 1.04026E-4 1.04118E-4 1.04875E-4 1.04353E-4 1.01606E-4 9.60825E-5 9.03064E-5 8.81117E-5 7.43964E-5 5.56808E-5 3.2274E-5 1.77466E-5 1.31096E-5 1.42963E-5 8.02292E-6 3.81351E-6 3.77616E-6 9.13493E-6 1.07335E-5 5.53462E-6 3.39854E-6 3.57233E-6 7.82451E-6 9.18201E-6 5.38997E-6
8.81735E-5 8.657E-5 8.57185E-5 8.33536E-5 8.52246E-5 8.5584E-5 8.32803E-5 8.43985E-5 8.48859E-5 8.31627E-5 8.52358E-5 9.01653E-5 9.50937E-5 1.0004E-4 9.77162E-5 9.52058E-5 9.4611E-5 9.39442E-5 9.38052E-5 9.43783E-5 9.46731E-5 9.39781E-5 9.44887E-5 9.53123E-5 9.62497E-5 9.65697E-5 9.58297E-5 9.50978E-5 9.63798E-5 9.77708E-5 9.94141E-5 9.98364E-5 1.00534E-4 1.0016E-4 9.98628E-5 1.00213E-4 1.02225E-4 1.10132E-4 1.10447E-4 1.05069E-4 1.04912E-4 1.02459E-4 1.03134E-4 1.04175E-4 1.03032E-4 9.8273E-5 9.49746E-5 3.50618E-4 1.33386E-4 6.99266E-5 4.98916E-5 3.23568E-5 1.72223E-5 1.54852E-5 1.7776E-5 9.94386E-6 5.20454E-6 7.86239E-6 1.41991E-5 9.11952E-6 6.19167E-6 9.07795E-6 9.02801E-6 6.2664E-6 7.70242E-6
8.38933E-5 8.70548E-5 8.59156E-5 8.27877E-5 8.41372E-5 8.59091E-5 8.32371E-5 8.1584E-5 8.18783E-5 8.35585E-5 8.71126E-5 9.19497E-5 9.75008E-5 9.84903E-5 9.52525E-5 9.48408E-5 9.3907E-5 9.14102E-5 9.18933E-5 9.28519E-5 9.2737E-5 9.24223E-5 9.3115E-5 9.41189E-5 9.50911E-5 9.48334E-5 9.52403E-5 9.59877E-5 9.69017E-5 9.76926E-5 9.83847E-5 9.84811E-5 9.96722E-5 1.00391E-4 1.0002E-4 9.9576E-5 1.00433E-4 9.92422E-5 1.11823E-4 1.06402E-4 1.05961E-4 1.06736E-4 1.0381E-4 1.02225E-4 1.01012E-4 9.91856E-5 9.98308E-5 1.02975E-4 9.60314E-5 8.83279E-5 8.21027E-5 6.35955E-5 4.92069E-5 3.0147E-5 2.49024E-5 2.97458E-5 1.30032E-5 1.51259E-5 1.90334E-5 1.987E-5 1.06555E-5 1.11864E-5 8.3101E-6 6.58994E-6 1.17907E-5
8.29759E-5 8.5218E-5 8.15183E-5 8.19919E-5 8.18544E-5 8.15152E-5 8.01243E-5 8.13523E-5 8.48582E-5 8.87383E-5 9.08822E-5 9.26678E-5 9.4906E-5 9.62217E-5 9.37148E-5 9.33313E-5 9.22781E-5 9.09005E-5 9.2062E-5 9.1765E-5 9.12272E-5 9.18745E-5 9.25467E-5 9.39723E-5 9.40324E-5 9.40504E-5 9.50299E-5 9.56006E-5 9.58669E-5 9.581E-5 9.60608E-5 9.66395E-5 9.85319E-5 9.9463E-5 9.95798E-5 9.88537E-5 9.80842E-5 9.65928E-5 1.00385E-4 1.01944E-4 1.05538E-4 1.06121E-4 1.04552E-4 1.03951E-4 1.01543E-4 9.90506E-5 9.91126E-5 1.00115E-4 9.63845E-5 9.36761E-5 9.22684E-5 8.8578E-5 8.1507E-5 6.73734E-5 5.40508E-5 5.58384E-5 6.18167E-5 5.7637E-5 4.22277E-5 4.50578E-5 2.92428E-5 1.72143E-5 9.25754E-6 5.59951E-6 7.51152E-6
8.06609E-5 8.01375E-5 7.82681E-5 7.71656E-5 7.70336E-5 7.76193E-5 8.09634E-5 8.41619E-5 8.83035E-5 9.35675E-5 9.1735E-5 9.2056E-5 9.03476E-5 9.11487E-5 9.18781E-5 9.1148E-5 9.05894E-5 9.07502E-5 9.06343E-5 8.9969E-5 9.02603E-5 9.11214E-5 9.22076E-5 9.27611E-5 9.33383E-5 9.36819E-5 9.31356E-5 9.3711E-5 9.34632E-5 9.36151E-5 9.44121E-5 9.63668E-5 9.81086E-5 9.78414E-5 9.78417E-5 9.87265E-5 1.00165E-4 9.93841E-5 1.01848E-4 1.01753E-4 1.04803E-4 1.04785E-4 1.051E-4 1.0355E-4 1.02968E-4 9.93537E-5 9.80527E-5 9.82644E-5 9.69191E-5 9.68577E-5 9.70126E-5 9.70563E-5 9.41437E-5 8.60347E-5 8.80012E-5 8.11714E-5 8.89302E-5 8.78414E-5 8.53994E-5 7.8843E-5 4.31272E-5 1.95445E-5 1.40463E-5 9.45539E-6 6.39417E-6
7.86118E-5 7.73768E-5 7.46404E-5 7.53096E-5 7.88166E-5 8.23585E-5 8.4745E-5 8.57123E-5 8.93035E-5 9.08333E-5 8.9596E-5 8.88028E-5 8.78424E-5 8.71466E-5 8.80549E-5 8.83269E-5 8.66661E-5 8.73796E-5 8.76586E-5 8.75484E-5 8.90685E-5 9.12029E-5 9.16077E-5 9.14126E-5 9.07527E-5 9.09282E-5 9.19752E-5 9.23214E-5 9.2489E-5 9.29042E-5 9.4795E-5 9.57657E-5 9.6262E-5 9.52442E-5 9.65511E-5 9.95133E-5 1.01068E-4 1.00408E-4 1.02072E-4 1.03726E-4 1.03428E-4 1.04748E-4 1.04246E-4 1.04223E-4 1.03236E-4 1.02279E-4 1.00448E-4 1.00377E-4 9.96892E-5 1.02041E-4 9.98621E-5 9.94475E-5 1.01388E-4 9.99759E-5 1.02664E-4 9.72022E-5 9.092E-5 8.09922E-5 7.48492E-5 7.77318E-5 7.12478E-5 6.94031E-5 4.62098E-5 2.0628E-5 9.11831E-6
7.66753E-5 7.68374E-5 7.70623E-5 7.84195E-5 8.1579E-5 8.49361E-5 8.62036E-5 8.62909E-5 8.73462E-5 8.75559E-5 8.52609E-5 8.35941E-5 8.08732E-5 8.1009E-5 8.02867E-5 7.70979E-5 7.75643E-5 8.39472E-5 8.51252E-5 8.6181E-5 8.83458E-5 8.96198E-5 9.005E-5 8.95483E-5 8.82229E-5 8.90697E-5 9.04735E-5 9.01622E-5 9.1629E-5 9.31836E-5 9.34969E-5 9.42331E-5 9.43069E-5 9.47834E-5 9.65027E-5 9.85556E-5 9.95091E-5 1.00044E-4 1.01807E-4 1.02203E-4 1.02578E-4 1.04265E-4 1.0403E-4 1.00293E-4 1.04295E-4 1.03553E-4 1.04485E-4 1.06089E-4 1.0597E-4 1.0584E-4 1.01463E-4 1.01617E-4 1.04223E-4 1.02325E-4 1.08301E-4 1.13809E-4 1.05587E-4 9.59595E-5 7.69614E-5 6.85762E-5 6.86922E-5 6.93057E-5 7.04144E-5 4.53686E-5 2.034E-5
7.75918E-5 7.72986E-5 7.74626E-5 8.03107E-5 8.22599E-5 8.3335E-5 8.26895E-5 8.15931E-5 8.02554E-5 7.98414E-5 7.87469E-5 7.85786E-5 7.80734E-5 7.79921E-5 7.11069E-5 6.71922E-5 7.34218E-5 8.20615E-5 8.31974E-5 8.3721E-5 8.58977E-5 8.74135E-5 8.85638E-5 8.84657E-5 8.74877E-5 8.81903E-5 8.9057E-5 8.78187E-5 9.03796E-5 9.0949E-5 9.06066E-5 9.19298E-5 9.30621E-5 9.36323E-5 9.48913E-5 9.6928E-5 9.88092E-5 9.99158E-5 1.01052E-4 1.01663E-4 1.02617E-4 1.02017E-4 1.04238E-4 1.04346E-4 1.04624E-4 1.03688E-4 1.05711E-4 1.07114E-4 1.08199E-4 1.08315E-4 1.06188E-4 1.07414E-4 1.08068E-4 1.0246E-4 1.13732E-4 1.26677E-4 1.23692E-4 1.13495E-4 9.61396E-5 8.51849E-5 7.53562E-5 7.02696E-5 8.2612E-5 8.46413E-5 5.07054E-5
7.85058E-5 7.89904E-5 7.87151E-5 7.98725E-5 7.95454E-5 7.78443E-5 7.56883E-5 7.3757E-5 7.32512E-5 7.44634E-5 7.64423E-5 7.30279E-5 6.97674E-5 6.95191E-5 6.52942E-5 6.79032E-5 7.33914E-5 7.98928E-5 8.09318E-5 7.99606E-5 8.11339E-5 8.46523E-5 8.76064E-5 8.7758E-5 8.67028E-5 8.65038E-5 8.79655E-5 8.84991E-5 8.94364E-5 9.04556E-5 8.92931E-5 9.03662E-5 9.13441E-5 9.21848E-5 9.37289E-5 9.62423E-5 9.72886E-5 9.76132E-5 9.90924E-5 1.00014E-4 1.01387E-4 1.00226E-4 1.01197E-4 1.01893E-4 1.02862E-4 1.03406E-4 1.04428E-4 1.05988E-4 1.07407E-4 1.07529E-4 1.07763E-4 1.09143E-4 1.09894E-4 1.08208E-4 1.19971E-4 1.27135E-4 1.25026E-4 1.24819E-4 1.09584E-4 1.06192E-4 9.84157E-5 8.32859E-5 8.38351E-5 1.03315E-4 9.2061E-5
8.00798E-5 8.05244E-5 7.85804E-5 7.79782E-5 7.5941E-5 7.3402E-5 7.16933E-5 7.12377E-5 7.07372E-5 7.22564E-5 6.85499E-5 6.42625E-5 6.25587E-5 6.31935E-5 6.44725E-5 6.78768E-5 7.08303E-5 7.30841E-5 7.53727E-5 7.53391E-5 7.63293E-5 8.04464E-5 8.44752E-5 8.51812E-5 8.30393E-5 8.43456E-5 8.62825E-5 8.73765E-5 8.80594E-5 8.7845E-5 8.83194E-5 8.87062E-5 8.9503E-5 9.11986E-5 9.26498E-5 9.37708E-5 9.40677E-5 9.37178E-5 9.56708E-5 9.75482E-5 1.00043E-4 9.9309E-5 1.009E-4 1.01994E-4 1.02314E-4 1.02416E-4 1.03076E-4 1.04784E-4 1.04526E-4 1.05113E-4 1.06888E-4 1.09655E-4 1.13048E-4 1.16949E-4 1.24049E-4 1.18767E-4 1.18306E-4 1.23587E-4 1.27233E-4 1.15706E-4 1.11146E-4 1.00797E-4 9.38194E-5 1.0319E-4 9.40589E-5
7.93917E-5 8.01733E-5 7.91556E-5 7.79352E-5 7.45969E-5 7.00572E-5 6.72314E-5 6.64473E-5 6.70482E-5 6.84664E-5 6.11669E-5 5.97546E-5 6.05079E-5 6.35324E-5 6.4692E-5 6.69193E-5 6.71887E-5 6.65831E-5 6.84487E-5 6.94543E-5 7.05816E-5 7.3445E-5 7.83283E-5 8.16994E-5 8.05451E-5 8.15397E-5 8.27161E-5 8.49468E-5 8.63385E-5 8.55952E-5 8.60892E-5 8.67907E-5 8.76515E-5 8.85397E-5 8.91694E-5 9.01753E-5 9.15528E-5 9.26177E-5 9.48431E-5 9.6267E-5 9.83487E-5 9.93004E-5 1.01097E-4 1.0091E-4 1.01071E-4 1.01084E-4 1.01331E-4 1.02611E-4 1.02963E-4 1.0352E-4 1.04763E-4 1.07436E-4 1.0946E-4 1.1698E-4 1.23076E-4 1.26981E-4 1.17047E-4 1.24739E-4 1.29137E-4 1.20746E-4 1.13879E-4 1.18447E-4 1.12324E-4 1.06838E-4 9.59347E-5
7.62691E-5 7.67701E-5 7.69632E-5 7.48618E-5 6.5451E-5 6.11626E-5 6.20356E-5 6.26634E-5 6.53062E-5 6.42416E-5 5.85387E-5 5.82751E-5 5.93554E-5 6.27983E-5 6.45299E-5 6.77724E-5 6.57965E-5 6.51243E-5 6.70209E-5 6.78367E-5 6.87315E-5 7.02975E-5 7.44133E-5 7.89633E-5 7.8426E-5 7.90842E-5 8.08424E-5 8.29668E-5 8.43437E-5 8.51186E-5 8.58964E-5 8.63963E-5 8.74825E-5 8.73762E-5 8.81013E-5 9.08071E-5 9.38073E-5 9.48337E-5 9.5312E-5 9.46274E-5 9.69918E-5 9.92796E-5 9.84241E-5 9.56259E-5 9.76051E-5 9.98183E-5 1.00154E-4 1.00606E-4 1.00992E-4 1.02542E-4 1.06012E-4 1.06025E-4 1.05739E-4 1.11979E-4 1.17322E-4 1.28807E-4 1.22831E-4 1.2559E-4 1.29574E-4 1.30192E-4 1.23121E-4 1.25087E-4 1.2962E-4 1.20442E-4 1.10529E-4
6.7505E-5 6.40686E-5 6.25694E-5 5.93178E-5 5.63083E-5 5.81617E-5 6.11374E-5 6.25904E-5 6.417E-5 5.93773E-5 5.68184E-5 5.71705E-5 5.78686E-5 6.0236E-5 6.32219E-5 6.44026E-5 6.29155E-5 6.43442E-5 6.73263E-5 7.0216E-5 7.076E-5 6.97803E-5 7.11591E-5 7.30534E-5 7.27864E-5 7.52789E-5 7.7719E-5 8.09714E-5 8.30033E-5 8.44967E-5 8.58463E-5 8.70899E-5 8.89819E-5 8.98611E-5 9.17878E-5 9.44614E-5 9.65714E-5 9.49272E-5 9.51809E-5 9.44537E-5 9.42527E-5 9.41815E-5 9.3024E-5 9.32706E-5 9.61254E-5 9.85967E-5 9.95159E-5 1.01986E-4 1.02745E-4 1.01088E-4 1.03577E-4 1.0509E-4 1.04469E-4 1.09374E-4 1.16624E-4 1.25638E-4 1.23298E-4 1.28434E-4 1.31305E-4 1.3569E-4 1.34381E-4 1.32208E-4 1.38897E-4 1.30855E-4 1.20211E-4
6.00078E-5 5.66345E-5 5.52321E-5 5.28788E-5 5.28516E-5 5.68493E-5 6.092E-5 6.416E-5 6.22832E-5 5.67366E-5 5.5941E-5 5.68004E-5 5.73739E-5 5.77716E-5 6.00308E-5 6.13041E-5 6.28221E-5 6.56247E-5 6.88408E-5 7.30972E-5 7.62056E-5 7.64097E-5 7.70198E-5 7.76941E-5 7.6258E-5 7.67314E-5 7.8263E-5 8.22705E-5 8.37779E-5 8.55143E-5 8.62769E-5 8.84981E-5 8.93101E-5 9.05962E-5 9.25187E-5 9.24978E-5 9.16415E-5 9.08555E-5 8.98233E-5 8.90492E-5 9.00175E-5 9.16536E-5 9.18827E-5 9.28534E-5 9.47987E-5 9.69447E-5 9.81862E-5 1.00411E-4 1.01056E-4 9.91493E-5 1.00356E-4 1.01497E-4 1.04222E-4 1.16907E-4 1.24058E-4 1.21463E-4 1.24285E-4 1.29939E-4 1.29483E-4 1.34832E-4 1.39421E-4 1.41489E-4 1.31138E-4 1.19932E-4 1.16328E-4
5.73932E-5 5.61289E-5 5.46688E-5 5.3161E-5 5.25926E-5 5.46978E-5 5.97564E-5 6.36839E-5 5.81364E-5 5.51876E-5 5.51451E-5 5.56937E-5 5.6501E-5 5.68827E-5 5.97715E-5 6.07465E-5 6.4438E-5 6.89515E-5 7.24216E-5 7.23279E-5 7.02656E-5 7.25737E-5 7.64961E-5 8.33675E-5 8.70577E-5 8.52687E-5 8.42074E-5 8.56372E-5 8.26329E-5 8.57645E-5 8.80036E-5 8.87547E-5 8.75354E-5 8.85283E-5 8.66828E-5 8.4944E-5 8.70296E-5 8.8373E-5 8.77488E-5 8.81351E-5 9.01346E-5 9.06081E-5 9.06528E-5 9.27459E-5 9.43815E-5 9.50703E-5 9.49855E-5 9.59244E-5 9.72595E-5 9.72262E-5 9.88156E-5 9.83167E-5 1.05929E-4 1.22678E-4 1.27271E-4 1.25815E-4 1.30461E-4 1.28454E-4 1.22383E-4 1.28007E-4 1.31724E-4 1.35266E-4 1.24125E-4 1.14631E-4 1.20419E-4
5.63375E-5 5.47055E-5 5.49016E-5 5.47869E-5 5.32068E-5 5.37743E-5 5.7317E-5 5.82846E-5 5.5069E-5 5.31427E-5 5.39686E-5 5.49132E-5 5.62862E-5 5.71402E-5 5.92092E-5 6.07802E-5 6.50142E-5 6.92801E-5 6.60399E-5 6.35523E-5 5.96754E-5 6.774E-5 7.11837E-5 7.48702E-5 7.92919E-5 8.09941E-5 8.39485E-5 8.3855E-5 7.87983E-5 7.61135E-5 7.90561E-5 8.04244E-5 8.19208E-5 8.28873E-5 8.23623E-5 8.28518E-5 8.50754E-5 8.59831E-5 8.61532E-5 8.64257E-5 8.82936E-5 8.80668E-5 8.90542E-5 9.3605E-5 9.31094E-5 9.22189E-5 9.38561E-5 9.58055E-5 9.89146E-5 9.73648E-5 9.92995E-5 9.92616E-5 1.09823E-4 1.18237E-4 1.22426E-4 1.29094E-4 1.31884E-4 1.22553E-4 1.06756E-4 1.19782E-4 1.28077E-4 1.31259E-4 1.28614E-4 1.20782E-4 1.25697E-4
5.37546E-5 5.3684E-5 5.49363E-5 5.44674E-5 5.42544E-5 5.36573E-5 5.39869E-5 5.41907E-5 5.43756E-5 5.4298E-5 5.44777E-5 5.52176E-5 5.67336E-5 5.93953E-5 5.82526E-5 5.99199E-5 6.34952E-5 6.71519E-5 6.59884E-5 6.46344E-5 6.62339E-5 6.81091E-5 6.85262E-5 6.67861E-5 6.6269E-5 6.7825E-5 7.05081E-5 7.1836E-5 7.17524E-5 7.46936E-5 7.57511E-5 7.65256E-5 7.72299E-5 7.8498E-5 7.96582E-5 8.20553E-5 8.31196E-5 8.38436E-5 8.57564E-5 8.61919E-5 8.5792E-5 8.7127E-5 8.9065E-5 9.31755E-5 9.23365E-5 9.22544E-5 9.32635E-5 9.60806E-5 9.78773E-5 9.58021E-5 9.78661E-5 9.898E-5 1.06782E-4 1.18443E-4 1.22539E-4 1.26761E-4 1.24856E-4 1.25426E-4 1.24285E-4 1.34058E-4 1.32619E-4 1.28018E-4 1.19389E-4 1.15102E-4 1.23749E-4
