catData/rasterBestHybridModels/Pviverrinus/RDbal_RM2_L/Pviverrinus_median.asc
ncols         409
nrows         350
xllcorner     60.897278365
yllcorner     5.843756025
cellsize      0.0892857
NODATA_value  -9999
[rows 87 to 115 of 350, columns 264 to 329 of 409]
-9999 -9999 -9999 -9999 -9999 -9999 -9999 -9999 -9999 -9999 -9999 -9999 -9999 -9999 -9999 -9999 -9999 -9999 -9999 -9999 -9999 -9999 -9999 -9999 -9999 -9999 -9999 -9999 -9999 -9999 -9999 -9999 -9999 -9999 -9999 -9999 -9999 -9999 -9999 -9999 -9999 -9999 -9999 -9999 -9999 -9999 -9999 -9999 -9999 -9999 -9999 -9999 -9999 -9999 -9999 -9999 -9999 -9999 -9999 -9999 -9999 -9999 -9999 -9999 -9999 -9999
-9999 -9999 -9999 -9999 -9999 -9999 -9999 -9999 -9999 -9999 -9999 -9999 -9999 -9999 -9999 -9999 -9999 -9999 -9999 -9999 -9999 -9999 -9999 -9999 -9999 -9999 -9999 -9999 -9999 -9999 -9999 -9999 -9999 -9999 -9999 -9999 -9999 -9999 -9999 -9999 -9999 -9999 -9999 -9999 -9999 -9999 -9999 -9999 -9999 -9999 -9999 -9999 -9999 -9999 -9999 -9999 -9999 -9999 -9999 -9999 -9999 -9999 -9999 -9999 -9999 -9999
-9999 -9999 -9999 -9999 -9999 -9999 -9999 -9999 -9999 -9999 -9999 -9999 -9999 -9999 -9999 -9999 -9999 -9999 -9999 -9999 -9999 -9999 -9999 -9999 -9999 -9999 -9999 -9999 -9999 -9999 -9999 -9999 -9999 -9999 -9999 -9999 -9999 -9999 -9999 -9999 -9999 -9999 -9999 -9999 -9999 -9999 -9999 -9999 -9999 -9999 -9999 -9999 -9999 -9999 -9999 -9999 -9999 -9999 -9999 -9999 -9999 -9999 -9999 -9999 -9999 -9999
-9999 -9999 -9999 -9999 -9999 -9999 -9999 -9999 -9999 -9999 -9999 -9999 -9999 -9999 -9999 -9999 -9999 -9999 -9999 -9999 -9999 -9999 -9999 -9999 -9999 -9999 -9999 -9999 -9999 -9999 -9999 -9999 -9999 -9999 -9999 -9999 -9999 -9999 -9999 -9999 -9999 -9999 -9999 -9999 -9999 -9999 -9999 -9999 -9999 -9999 -9999 -9999 -9999 -9999 -9999 -9999 -9999 -9999 -9999 -9999 -9999 -9999 -9999 -9999 -9999 -9999
-9999 -9999 -9999 -9999 -9999 -9999 -9999 -9999 -9999 -9999 -9999 -9999 -9999 -9999 -9999 -9999 -9999 -9999 -9999 -9999 -9999 -9999 -9999 -9999 -9999 -9999 -9999 -9999 -9999 -9999 -9999 -9999 -9999 -9999 -9999 -9999 -9999 -9999 -9999 -9999 -9999 -9999 -9999 -9999 -9999 -9999 -9999 -9999 -9999 -9999 -9999 -9999 -9999 -9999 -9999 -9999 -9999 -9999 -9999 -9999 -9999 -9999 -9999 -9999 -9999 -9999
-9999 -9999 -9999 -9999 -9999 -9999 -9999 -9999 -9999 -9999 -9999 -9999 -9999 -9999 -9999 -9999 -9999 -9999 -9999 -9999 -9999 -9999 -9999 -9999 -9999 -9999 -9999 -9999 -9999 -9999 -9999 -9999 -9999 -9999 -9999 -9999 -9999 -9999 -9999 -9999 -9999 -9999 -9999 -9999 -9999 -9999 -9999 -9999 -9999 -9999 -9999 -9999 -9999 -9999 -9999 -9999 -9999 -9999 -9999 -9999 -9999 -9999 -9999 -9999 -9999 -9999
-9999 1.29124E-9 -9999 -9999 -9999 -9999 -9999 -9999 -9999 -9999 -9999 -9999 -9999 -9999 -9999 -9999 -9999 -9999 -9999 -9999 -9999 -9999 -9999 -9999 -9999 -9999 -9999 -9999 -9999 -9999 -9999 -9999 -9999 -9999 -9999 -9999 -9999 -9999 -9999 -9999 -9999 -9999 -9999 -9999 -9999 -9999 -9999 -9999 -9999 -9999 -9999 -9999 -9999 -9999 -9999 -9999 -9999 -9999 -9999 -9999 -9999 -9999 -9999 -9999 -9999 -9999
2.72284E-9 3.1401E-9 -9999 -9999 -9999 -9999 2.28394E-9 3.29938E-9 -9999 -9999 -9999 -9999 -9999 -9999 -9999 -9999 -9999 -9999 -9999 -9999 -9999 -9999 -9999 -9999 -9999 -9999 -9999 -9999 -9999 -9999 -9999 -9999 -9999 -9999 -9999 -9999 -9999 -9999 -9999 -9999 -9999 -9999 -9999 -9999 -9999 -9999 -9999 -9999 -9999 -9999 -9999 -9999 -9999 -9999 -9999 -9999 -9999 -9999 -9999 -9999 -9999 -9999 -9999 -9999 -9999 -9999
2.89187E-9 3.77542E-9 1.90424E-8 9.56941E-8 4.53223E-8 3.41243E-9 1.43595E-9 2.74276E-9 -9999 -9999 -9999 -9999 -9999 -9999 -9999 -9999 -9999 -9999 -9999 -9999 -9999 -9999 -9999 -9999 -9999 -9999 -9999 -9999 -9999 -9999 -9999 -9999 -9999 -9999 -9999 -9999 -9999 -9999 -9999 -9999 -9999 -9999 -9999 -9999 -9999 -9999 -9999 -9999 -9999 -9999 -9999 -9999 -9999 -9999 -9999 -9999 -9999 -9999 -9999 -9999 -9999 -9999 -9999 -9999 -9999 -9999
8.34452E-9 2.00047E-9 4.14192E-9 3.34056E-8 3.37081E-7 6.94505E-8 3.15133E-9 3.96728E-9 -9999 -9999 -9999 -9999 -9999 -9999 -9999 -9999 -9999 -9999 -9999 -9999 -9999 -9999 -9999 -9999 -9999 -9999 -9999 -9999 -9999 -9999 -9999 -9999 -9999 -9999 -9999 -9999 -9999 -9999 -9999 -9999 -9999 -9999 -9999 -9999 -9999 -9999 -9999 -9999 -9999 -9999 -9999 -9999 -9999 -9999 -9999 -9999 -9999 -9999 -9999 -9999 -9999 -9999 -9999 -9999 -9999 -9999
6.21716E-8 7.54874E-9 4.48005E-9 1.02452E-8 4.75057E-7 3.21101E-7 3.5103E-8 -9999 -9999 -9999 -9999 -9999 -9999 -9999 -9999 -9999 -9999 -9999 -9999 -9999 -9999 -9999 -9999 -9999 -9999 -9999 -9999 -9999 -9999 -9999 -9999 -9999 -9999 -9999 -9999 -9999 -9999 -9999 -9999 -9999 -9999 -9999 -9999 -9999 -9999 -9999 -9999 -9999 -9999 -9999 -9999 -9999 -9999 -9999 -9999 -9999 -9999 -9999 -9999 -9999 -9999 -9999 -9999 -9999 -9999 -9999
6.76214E-7 8.25267E-8 5.8007E-8 5.99133E-8 9.37522E-7 1.71678E-7 8.37154E-8 7.87725E-9 5.17409E-9 -9999 -9999 9.86794E-9 -9999 -9999 -9999 -9999 -9999 -9999 -9999 -9999 -9999 -9999 -9999 -9999 -9999 -9999 -9999 -9999 -9999 -9999 -9999 -9999 -9999 -9999 -9999 -9999 -9999 -9999 -9999 -9999 -9999 -9999 -9999 -9999 -9999 -9999 -9999 -9999 -9999 -9999 -9999 -9999 -9999 -9999 -9999 -9999 -9999 -9999 -9999 -9999 -9999 -9999 4.12689E-10 -9999 3.30452E-10 -9999
5.89213E-6 3.647E-6 4.12539E-6 9.34598E-7 5.84854E-6 2.06907E-7 5.80819E-7 1.31808E-7 3.35302E-8 2.65994E-7 7.35103E-8 8.56806E-9 5.0314E-9 2.43592E-9 -9999 -9999 -9999 -9999 -9999 -9999 -9999 -9999 -9999 -9999 -9999 -9999 -9999 -9999 -9999 -9999 -9999 -9999 -9999 -9999 -9999 -9999 -9999 -9999 -9999 -9999 -9999 -9999 -9999 -9999 -9999 -9999 -9999 -9999 -9999 -9999 -9999 -9999 -9999 -9999 -9999 -9999 -9999 -9999 -9999 -9999 7.78302E-10 2.74791E-10 3.05455E-10 3.98286E-10 2.23877E-10 -9999
3.99511E-5 2.32429E-5 2.15799E-5 6.14727E-6 1.00285E-5 1.13679E-6 2.38288E-6 1.38646E-7 4.69158E-7 6.79586E-7 4.35632E-8 5.79529E-9 5.91409E-9 6.42458E-9 8.29996E-9 3.91656E-9 -9999 -9999 -9999 -9999 -9999 -9999 -9999 -9999 -9999 -9999 -9999 -9999 -9999 -9999 -9999 -9999 -9999 -9999 -9999 -9999 -9999 -9999 -9999 -9999 -9999 -9999 -9999 -9999 -9999 -9999 -9999 -9999 -9999 -9999 -9999 -9999 -9999 -9999 -9999 -9999 -9999 3.60603E-9 5.79059E-9 3.16037E-9 2.05953E-9 2.23646E-9 2.02847E-9 2.86592E-9 1.3932E-9 9.34559E-10
7.23898E-5 4.99476E-5 4.96037E-5 5.97585E-5 3.8236E-5 2.85017E-5 3.55275E-6 2.12497E-6 4.49436E-6 5.04189E-7 7.30892E-8 9.73967E-8 2.29188E-7 1.26656E-7 9.46541E-8 2.6409E-8 -9999 -9999 5.04789E-9 6.66984E-8 -9999 -9999 -9999 -9999 -9999 -9999 -9999 -9999 -9999 -9999 -9999 -9999 -9999 -9999 -9999 -9999 -9999 -9999 -9999 -9999 -9999 -9999 -9999 -9999 -9999 -9999 7.29038E-10 5.15343E-10 -9999 -9999 -9999 -9999 -9999 -9999 -9999 -9999 3.15171E-9 3.97475E-9 1.24722E-8 6.4068E-9 3.17867E-9 5.82214E-9 6.47116E-9 4.3807E-9 2.21603E-9 1.28861E-9
8.56376E-5 5.22066E-5 5.20751E-5 5.41346E-5 3.71098E-5 2.34328E-5 1.32042E-5 3.79485E-5 3.58231E-5 1.64277E-5 3.75465E-6 1.81221E-6 2.90325E-6 7.90782E-7 8.20374E-7 3.52182E-7 5.95723E-7 -9999 -9999 9.63896E-8 5.65349E-9 -9999 -9999 1.38344E-9 2.18142E-9 2.04696E-9 1.07791E-9 -9999 -9999 -9999 -9999 -9999 -9999 -9999 -9999 -9999 -9999 -9999 -9999 -9999 -9999 -9999 -9999 -9999 -9999 2.36169E-9 1.54546E-9 1.16805E-9 7.0913E-10 -9999 -9999 -9999 -9999 -9999 2.22654E-9 3.03157E-9 5.36319E-9 7.32996E-9 2.14262E-8 2.52243E-8 3.92788E-9 6.18491E-9 1.35763E-8 3.25312E-9 2.31681E-9 1.42053E-9
5.70766E-5 4.72296E-5 4.33562E-5 5.00185E-5 4.8726E-5 2.95826E-5 4.17776E-5 3.95532E-5 3.44394E-5 2.50182E-5 1.01844E-5 8.14877E-6 1.28173E-5 5.26078E-6 5.24721E-6 5.72099E-6 1.09083E-6 1.21419E-7 1.77954E-7 7.36187E-7 1.03454E-7 5.69695E-9 2.03564E-9 1.94428E-9 5.61449E-9 5.44332E-9 2.16326E-9 8.89503E-10 6.896E-10 1.58846E-9 -9999 -9999 -9999 -9999 -9999 -9999 -9999 -9999 -9999 6.56015E-10 -9999 -9999 -9999 -9999 3.30076E-9 8.65959E-9 2.97461E-9 4.33708E-9 2.64525E-9 -9999 -9999 -9999 -9999 -9999 -9999 4.4785E-9 4.81755E-9 1.49593E-8 1.65913E-7 4.14031E-8 8.37923E-9 1.13495E-8 6.71215E-8 1.14241E-8 2.97679E-9 2.44845E-9
1.04764E-4 3.76748E-5 4.04527E-5 5.0553E-5 3.61157E-5 3.24853E-5 3.35176E-5 1.31507E-5 1.12662E-5 1.55097E-5 6.32967E-5 1.12212E-5 1.81242E-5 1.92882E-5 1.83345E-5 1.17759E-5 2.52997E-6 5.63287E-7 3.61734E-6 2.68425E-6 2.99045E-7 1.39857E-8 5.84265E-9 3.37925E-9 1.37428E-8 2.02241E-8 2.09914E-9 1.36791E-9 2.3445E-9 4.63631E-9 1.00276E-8 8.42416E-8 4.11525E-7 2.24204E-7 8.33987E-9 2.53954E-9 3.56905E-9 3.92236E-9 3.518E-9 1.64948E-9 9.16394E-10 -9999 -9999 -9999 7.31945E-9 2.30457E-8 1.17153E-8 1.13211E-8 1.03644E-8 -9999 -9999 -9999 -9999 3.45562E-9 3.18395E-9 3.02924E-9 3.52193E-9 1.07313E-8 2.28119E-7 1.70799E-7 6.51362E-8 1.09101E-7 1.41061E-7 1.76921E-8 8.48668E-9 5.44945E-9
2.09137E-4 1.26884E-4 5.46608E-5 2.69848E-5 1.50984E-5 1.19062E-5 1.01398E-5 7.92415E-6 1.09543E-5 0E0 1.73167E-5 1.00924E-5 1.63235E-5 2.70125E-5 1.68452E-5 8.58276E-6 1.8622E-6 3.2356E-6 9.51172E-6 1.52288E-6 4.04945E-7 8.40412E-8 6.05888E-8 1.31268E-8 4.94621E-8 6.66006E-8 7.99108E-9 6.23472E-9 1.16016E-8 2.69447E-8 7.68442E-8 5.50808E-7 2.89738E-6 1.19198E-7 7.51904E-9 7.0024E-9 1.10825E-8 2.06002E-8 8.7581E-9 3.6796E-9 8.61805E-10 -9999 -9999 2.1597E-8 2.88578E-8 3.41914E-8 9.90415E-8 3.58818E-8 1.16563E-8 -9999 -9999 -9999 -9999 8.34343E-9 7.67792E-9 4.48231E-9 6.67086E-9 1.67599E-8 2.24283E-7 1.17781E-6 1.52355E-6 8.70167E-7 8.97192E-8 2.75995E-8 4.5447E-8 1.49621E-8
2.17197E-4 1.99906E-4 1.55368E-4 6.74242E-5 4.56651E-5 2.11868E-5 8.25419E-6 6.47202E-6 8.00377E-6 1.36788E-5 5.79207E-6 6.01966E-6 1.2477E-5 1.87638E-5 1.43159E-5 8.94479E-6 2.2052E-6 7.77188E-6 9.33854E-6 1.47805E-6 1.0826E-6 5.0875E-7 1.55675E-7 9.77027E-8 3.37795E-7 4.90377E-7 1.49276E-7 6.58725E-8 1.08637E-7 3.41836E-7 1.79822E-6 4.21179E-6 2.0814E-6 4.99663E-8 2.8293E-8 7.85574E-8 5.49075E-8 1.71607E-7 3.47782E-8 5.89973E-9 1.64883E-9 1.18041E-9 2.09854E-9 1.02549E-7 6.14696E-7 3.82259E-7 7.77173E-7 1.01512E-7 -9999 -9999 -9999 5.24373E-9 4.11714E-9 1.82236E-8 2.44885E-8 1.5389E-8 1.27354E-8 5.24524E-8 1.81948E-7 1.30598E-6 4.77193E-6 8.90845E-7 2.42425E-7 1.36631E-7 9.85309E-8 6.24018E-8
1.50965E-4 1.45815E-4 1.49939E-4 1.2355E-4 9.84393E-5 5.33408E-5 3.70575E-5 1.73389E-5 1.37025E-5 1.57145E-5 8.18089E-6 5.22301E-6 6.5184E-6 9.66111E-6 1.88297E-5 1.31636E-5 6.33911E-6 1.25986E-5 2.05746E-5 2.82611E-6 2.81336E-6 6.79949E-7 2.16055E-7 4.59804E-7 1.52296E-6 3.26751E-6 7.50817E-7 2.22286E-7 1.10192E-6 7.4447E-6 1.32142E-5 1.44288E-5 2.31571E-6 6.64916E-8 2.26712E-7 1.22838E-6 7.62587E-7 4.67421E-7 1.68838E-7 2.56385E-8 8.81776E-9 1.14409E-8 1.2911E-8 1.04091E-7 1.38415E-6 6.14175E-6 1.25848E-6 8.57277E-8 -9999 -9999 -9999 9.03257E-9 8.64524E-9 3.56176E-8 9.33922E-8 1.03394E-7 5.54256E-8 1.35951E-7 1.62069E-7 4.23608E-7 3.76594E-6 9.04763E-7 3.14287E-7 1.32047E-7 9.0596E-8 1.19205E-7
1.43011E-4 1.46886E-4 1.55152E-4 1.46526E-4 1.19258E-4 8.94901E-5 8.90496E-5 6.4217E-5 5.94928E-5 6.78337E-5 5.29441E-5 3.18958E-5 2.49904E-5 1.82871E-5 1.46595E-5 1.73428E-5 2.9309E-5 3.28485E-5 2.14208E-5 1.63624E-5 4.80676E-6 1.12619E-6 1.30259E-6 1.30342E-6 7.10307E-6 9.01642E-6 1.58266E-6 6.62416E-7 3.91647E-6 2.9288E-5 3.63198E-5 3.5997E-5 4.22881E-6 2.52962E-7 2.60257E-6 9.83973E-6 2.83121E-6 1.68726E-6 1.16461E-6 1.30823E-7 5.40859E-8 2.24483E-7 7.6287E-7 7.65957E-7 3.16238E-6 8.21157E-6 2.9429E-6 1.09226E-7 1.81559E-8 -9999 -9999 2.0353E-8 1.9199E-8 5.38452E-8 1.26643E-7 2.04491E-7 1.73436E-7 1.68968E-7 9.18835E-8 2.27023E-7 2.25465E-6 6.05691E-7 2.21571E-7 1.33073E-7 7.29675E-8 4.32477E-8
2.26854E-4 2.19775E-4 2.24512E-4 2.12069E-4 1.67517E-4 1.39523E-4 1.48794E-4 1.36656E-4 1.70111E-4 1.35293E-4 1.5812E-4 1.34915E-4 9.66662E-5 6.97852E-5 3.61629E-5 3.00304E-5 2.76697E-5 4.2801E-5 1.92733E-5 2.85909E-5 9.46782E-6 5.49604E-6 9.33434E-6 7.04232E-6 2.06282E-5 1.49517E-5 4.0022E-6 1.30897E-6 1.99096E-6 1.73988E-5 6.1681E-5 4.44546E-5 8.92868E-6 1.04051E-6 2.29361E-6 1.15395E-5 1.5665E-5 1.15636E-5 5.24608E-6 6.06442E-7 4.66357E-7 3.20637E-6 1.21624E-5 4.70608E-6 1.60486E-5 1.36861E-5 1.091E-5 7.67535E-7 5.90331E-8 3.6504E-8 -9999 7.89559E-8 4.49237E-8 6.39243E-8 1.06289E-7 1.25078E-7 2.29581E-7 1.26648E-7 2.68597E-8 8.09943E-8 7.15521E-7 3.5856E-6 3.31537E-6 1.23456E-6 3.02621E-7 8.03128E-8
2.55129E-4 2.53552E-4 2.54182E-4 2.55087E-4 2.52462E-4 2.34762E-4 2.38351E-4 2.33696E-4 2.05815E-4 1.70466E-4 1.82169E-4 2.23544E-4 2.06622E-4 1.70884E-4 1.22108E-4 8.40823E-5 5.10099E-5 2.70688E-5 1.92221E-5 2.56856E-5 1.87843E-5 2.52606E-5 1.90234E-5 2.22035E-5 2.01006E-5 1.58139E-5 7.63333E-6 3.75533E-6 3.80922E-6 1.02114E-5 3.88987E-5 4.09974E-5 6.62788E-6 1.30833E-6 4.09988E-6 1.16043E-5 2.52596E-5 1.19991E-5 3.55651E-6 6.28265E-7 5.3111E-7 2.9518E-6 2.28548E-5 1.04394E-5 2.5552E-5 3.13997E-5 2.8831E-5 7.90651E-6 8.01733E-7 7.12414E-7 2.81177E-7 6.37376E-7 4.77827E-7 1.63011E-7 1.14265E-7 1.83601E-7 3.47894E-7 8.27209E-8 3.41461E-8 1.6976E-7 4.52082E-7 2.45959E-6 1.50799E-5 5.82221E-6 1.17004E-6 1.99813E-7
2.67097E-4 2.75483E-4 2.73721E-4 2.68854E-4 2.67284E-4 2.68803E-4 2.79221E-4 3.04735E-4 3.39492E-4 2.91483E-4 3.08282E-4 2.83176E-4 2.55952E-4 2.35084E-4 2.01469E-4 1.15424E-4 9.87504E-5 7.86296E-5 5.60831E-5 2.32507E-5 1.12476E-5 2.80171E-5 5.69331E-5 4.86669E-5 4.06554E-5 2.81212E-5 6.41017E-6 4.30215E-6 1.1234E-5 1.20354E-5 3.13782E-5 5.34008E-5 5.4835E-6 5.49907E-6 1.06704E-5 1.94315E-5 1.80596E-5 6.2119E-6 1.41025E-6 4.30214E-7 1.81669E-6 1.6166E-5 4.16867E-5 3.08153E-5 3.88103E-5 3.53597E-5 2.65733E-5 3.1117E-6 3.3881E-6 1.32437E-5 1.54542E-6 2.58236E-6 3.62718E-6 1.1648E-6 6.68736E-7 3.36611E-7 3.75012E-7 1.05377E-7 1.8922E-7 6.85206E-7 1.16159E-6 9.00768E-7 1.45938E-5 7.14382E-6 1.16588E-6 5.11292E-7
2.86331E-4 3.00226E-4 3.05172E-4 2.98272E-4 2.80604E-4 2.77401E-4 2.85414E-4 2.83546E-4 3.02674E-4 3.13005E-4 3.2473E-4 3.30213E-4 3.15677E-4 3.91304E-4 3.34308E-4 2.78529E-4 2.17404E-4 1.79483E-4 1.55344E-4 1.19222E-4 5.56865E-5 5.45886E-5 2.79072E-5 1.3525E-5 1.75917E-5 3.42306E-5 1.70486E-5 8.70868E-6 8.91209E-6 1.85152E-5 3.93265E-5 1.56809E-5 7.73405E-6 9.91733E-6 4.30916E-5 1.07954E-5 6.87134E-6 2.85985E-6 2.24553E-6 1.85726E-6 2.14865E-6 8.73005E-6 1.37476E-5 2.26514E-5 8.32978E-5 3.66051E-5 1.44666E-5 1.13741E-5 1.82319E-5 8.96748E-5 1.90581E-5 2.77983E-6 5.99479E-6 8.8613E-6 2.81571E-6 2.26788E-6 9.61869E-7 4.34395E-7 1.82886E-7 5.04922E-7 3.77518E-6 3.7801E-6 2.65141E-5 1.86514E-5 3.57102E-6 3.92779E-6
2.89203E-4 2.87298E-4 2.95768E-4 3.10328E-4 2.92555E-4 2.99395E-4 2.97654E-4 2.97739E-4 3.00409E-4 3.16646E-4 3.24905E-4 3.31749E-4 3.29795E-4 3.73038E-4 3.72536E-4 3.44024E-4 3.68909E-4 3.38931E-4 3.59684E-4 3.4956E-4 3.47851E-4 2.78236E-4 1.10874E-4 2.73743E-5 2.02676E-5 2.74139E-5 2.68672E-5 1.86048E-5 2.37738E-5 4.93002E-5 4.2819E-5 2.73559E-5 3.65219E-5 4.99681E-5 2.22653E-5 7.49756E-6 1.04155E-5 1.5123E-5 1.2122E-5 1.1688E-5 6.01686E-6 1.2719E-5 8.68892E-6 2.68792E-5 8.82474E-5 4.93391E-5 1.6186E-4 2.52008E-4 3.10654E-4 5.35432E-4 3.54185E-4 6.33783E-5 1.87818E-5 3.14809E-5 3.53729E-5 1.5742E-5 2.93651E-6 2.50641E-6 1.38229E-6 1.6831E-6 9.081E-6 1.9042E-5 4.74072E-5 1.17393E-5 6.38734E-6 2.1818E-5
2.78179E-4 2.78902E-4 2.89302E-4 2.98514E-4 3.04731E-4 3.07502E-4 2.9757E-4 2.98785E-4 3.04433E-4 3.19429E-4 3.24618E-4 3.32976E-4 3.45779E-4 3.57321E-4 3.61946E-4 3.64191E-4 3.60624E-4 3.84954E-4 4.10844E-4 4.08301E-4 3.28679E-4 2.56205E-4 2.01002E-4 1.24562E-4 9.88146E-5 8.17554E-5 1.19572E-4 1.20371E-4 1.09136E-4 1.08449E-4 7.64816E-5 3.39176E-5 1.28691E-5 1.14828E-5 1.04031E-5 1.24999E-5 2.16373E-5 3.55891E-5 2.92514E-5 2.5469E-5 1.8581E-5 3.0489E-5 3.60546E-5 7.55749E-5 1.90256E-4 2.83292E-4 3.92294E-4 7.276E-4 7.30373E-4 3.70031E-4 6.78088E-4 3.10232E-4 1.12024E-4 6.13986E-5 2.55525E-4 8.98059E-5 1.67956E-5 1.6915E-5 5.46375E-6 1.23208E-5 3.36357E-5 3.5843E-5 8.23476E-5 4.58825E-5 1.51448E-4 2.36317E-4
3.07922E-4 2.96413E-4 2.95317E-4 2.93072E-4 3.06415E-4 3.12361E-4 3.04534E-4 3.176E-4 3.13584E-4 3.24842E-4 3.23743E-4 3.49501E-4 3.70282E-4 3.91684E-4 3.72644E-4 3.77655E-4 3.65521E-4 3.82449E-4 3.84941E-4 3.74252E-4 3.45259E-4 3.39156E-4 3.50348E-4 3.47983E-4 3.1029E-4 2.95179E-4 3.38576E-4 3.62947E-4 3.78687E-4 4.62287E-4 3.30482E-4 2.09523E-4 1.02966E-4 7.4139E-5 8.32379E-5 1.10193E-4 1.61546E-4 2.09802E-4 1.67961E-4 1.19495E-4 8.06529E-5 1.52954E-4 3.44602E-4 3.07576E-4 4.23822E-4 5.82563E-4 4.18592E-4 4.46272E-4 4.3175E-4 6.35157E-4 6.36303E-4 3.83244E-4 3.40422E-4 3.84372E-4 6.29275E-4 5.33621E-4 1.04575E-4 5.77475E-5 6.77752E-5 4.54711E-5 9.72592E-5 2.10216E-4 1.26055E-4 2.28574E-4 3.77542E-4 4.4757E-4
