catData/rasterBestHybridModels/Pviverrinus/RDbal_RM2_L/Pviverrinus_stddev.asc
ncols         409
nrows         350
xllcorner     60.897278365
yllcorner     5.843756025
cellsize      0.0892857
NODATA_value  -9999
[rows 145 to 173 of 350, columns 132 to 197 of 409]
1.07831E-5 9.43721E-6 1.01689E-5 1.01531E-5 9.81268E-6 8.71889E-6 8.3429E-6 5.13955E-6 7.1812E-6 7.15968E-6 2.86977E-6 4.46408E-7 2.38458E-6 1.66056E-7 4.90424E-7 4.19404E-6 8.01903E-6 5.56089E-7 8.20892E-7 1.7523E-6 2.29342E-6 4.408E-6 4.11426E-6 4.6195E-6 3.78476E-6 5.98007E-6 6.30689E-6 5.30504E-6 6.56008E-6 3.26484E-6 6.05786E-6 5.90767E-6 5.6338E-6 1.59463E-6 7.2096E-7 6.07635E-6 3.67309E-6 2.26429E-6 3.2344E-6 5.7505E-6 1.79482E-6 2.14628E-6 1.45729E-6 6.9095E-7 7.66782E-7 1.40634E-6 1.8014E-7 2.44177E-6 1.39638E-6 1.1272E-6 1.01498E-6 1.83638E-6 1.05458E-6 7.06331E-8 1.44232E-7 2.14378E-7 1.15153E-6 4.10681E-6 1.04577E-7 7.15252E-8 2.04211E-8 4.16204E-8 1.70551E-8 1.23958E-8 7.57451E-8 1.56119E-6
5.66465E-6 1.03146E-5 7.83601E-6 1.09805E-5 9.24983E-6 9.91943E-6 8.74841E-6 8.47689E-6 7.65242E-6 3.2393E-6 1.42425E-6 5.21344E-6 4.53317E-7 1.03463E-6 4.97001E-7 3.64562E-6 9.95995E-6 7.22285E-6 5.56272E-6 2.78902E-6 8.02475E-6 8.63326E-7 5.56761E-6 4.80772E-6 5.12399E-6 1.17171E-6 2.58018E-6 5.31199E-6 6.21387E-6 5.20116E-6 5.98939E-6 5.64245E-6 6.05198E-6 5.5096E-6 2.47724E-6 7.64318E-7 2.14849E-6 9.95713E-7 4.78048E-6 2.3209E-6 3.09646E-6 4.85551E-6 2.26308E-6 9.43972E-7 4.71818E-7 2.53247E-6 3.09935E-6 1.44824E-6 8.00121E-7 6.46774E-7 3.76727E-7 1.60863E-6 4.03479E-6 2.5139E-6 5.98174E-7 6.31853E-7 2.46111E-6 7.64136E-7 2.64951E-8 1.17215E-8 1.57085E-8 1.82686E-8 2.10733E-7 4.38203E-8 2.88896E-7 5.14065E-6
9.11259E-6 9.23721E-6 1.15655E-5 7.16098E-6 2.01452E-6 1.02288E-5 9.38585E-6 6.46149E-6 3.56892E-6 4.54305E-7 2.69492E-6 1.04838E-6 2.17004E-6 4.18706E-7 1.15529E-6 3.35666E-6 1.08496E-5 9.18326E-6 5.65724E-6 4.83087E-6 8.09544E-6 4.23356E-6 8.31633E-7 2.01448E-6 5.37569E-6 1.84027E-6 6.59198E-6 6.67639E-6 6.3446E-6 6.14708E-6 4.20438E-6 5.99464E-6 4.83502E-6 1.08438E-6 2.30457E-7 1.47303E-6 4.69368E-6 9.70953E-7 2.947E-6 3.56195E-6 3.59412E-6 5.57685E-6 5.53213E-6 5.29038E-6 2.97269E-6 1.24576E-7 7.65233E-7 3.4196E-7 3.76427E-6 6.60234E-7 3.5169E-7 4.20634E-7 2.39055E-6 9.0364E-7 2.90776E-6 4.17308E-6 2.34201E-6 2.38523E-7 5.22664E-8 7.23506E-8 4.31528E-8 5.24064E-7 5.68915E-7 1.76002E-7 2.44493E-6 2.27232E-6
1.07886E-5 1.17234E-5 1.17675E-6 4.50037E-6 4.52728E-6 8.36543E-6 4.10492E-6 2.41085E-6 7.23456E-6 2.03867E-6 2.3953E-6 3.09079E-6 1.46618E-6 1.6489E-6 2.88748E-6 3.27162E-6 1.15117E-5 8.53658E-6 1.08224E-5 7.17475E-6 8.15731E-6 4.17386E-6 1.81634E-6 9.24467E-7 2.82969E-6 4.65593E-6 6.8777E-6 6.82467E-6 4.98838E-6 1.00179E-6 3.74113E-6 4.99344E-6 3.71506E-6 1.20423E-6 1.06369E-6 2.30957E-6 2.40099E-6 2.07861E-6 1.22006E-6 3.10517E-6 5.53624E-6 5.40817E-6 2.01552E-6 9.21849E-7 5.02235E-6 3.5823E-6 5.4722E-6 8.95075E-7 5.99477E-7 2.28804E-7 4.17342E-7 6.84999E-7 2.19838E-6 7.00287E-7 1.82101E-6 2.9521E-6 9.59951E-7 1.30527E-7 7.53307E-7 2.64013E-7 2.90997E-7 6.95792E-7 1.37532E-7 3.24665E-6 3.55218E-6 1.08252E-6
9.64102E-6 1.11514E-5 5.57736E-6 4.33193E-6 1.1546E-5 4.09282E-6 6.95712E-6 4.63454E-6 8.27118E-6 3.90629E-7 9.39065E-7 5.17632E-6 2.25947E-6 3.96182E-6 6.88487E-6 6.5013E-6 1.22542E-5 9.01766E-6 6.0896E-6 2.43611E-6 8.95457E-6 8.47285E-6 5.35438E-6 3.10792E-6 4.10738E-6 1.08422E-6 6.7183E-6 6.78498E-6 4.19477E-6 2.83543E-6 6.52492E-6 5.89231E-6 3.69459E-6 3.13243E-6 4.80453E-7 3.86951E-7 2.23395E-6 1.1837E-6 3.98999E-6 1.71721E-6 2.01942E-6 4.63993E-6 2.46261E-6 4.0142E-6 2.83696E-6 1.66291E-6 3.32943E-6 4.23047E-6 1.05617E-6 8.8465E-7 4.79899E-7 2.00742E-6 9.44488E-7 4.34892E-6 4.17814E-6 1.53424E-6 1.68532E-7 1.68563E-8 2.06815E-8 3.95975E-8 4.15279E-8 4.40224E-7 4.3917E-7 4.46571E-6 2.13051E-6 2.67209E-7
1.02106E-5 1.0173E-5 9.7168E-6 1.30175E-5 1.31502E-5 4.00479E-6 1.24825E-5 1.12969E-5 9.17498E-6 6.24432E-6 2.73304E-6 1.23144E-6 3.64311E-6 4.36715E-6 1.21019E-5 1.1743E-5 1.17543E-5 8.29882E-6 9.14E-6 6.35355E-7 9.25364E-6 5.03158E-6 8.03006E-7 1.77182E-6 3.15744E-6 9.24542E-7 6.69451E-6 6.9052E-6 2.89611E-6 6.60209E-6 6.62716E-6 6.42156E-6 6.14463E-6 5.54649E-6 2.06889E-7 4.96528E-7 2.32336E-6 4.24021E-6 4.51863E-6 3.37219E-6 3.77724E-6 3.84606E-6 1.91032E-6 9.79357E-7 9.75022E-7 6.82248E-7 9.02691E-7 5.83592E-7 3.68084E-7 1.86246E-7 1.6079E-7 4.50332E-7 2.02707E-7 1.58528E-6 2.23038E-6 1.829E-8 3.50025E-8 1.82913E-8 1.54261E-8 1.15851E-8 7.21872E-8 2.33659E-6 2.07251E-6 9.21862E-7 2.81452E-6 2.26678E-6
1.20765E-5 1.5369E-5 1.44976E-5 1.00092E-5 9.62618E-6 1.10015E-5 1.33508E-5 6.03513E-6 9.36228E-6 1.11749E-5 1.01488E-5 1.09556E-5 5.75517E-6 7.6383E-6 1.28762E-5 9.28663E-6 1.34178E-5 6.03854E-6 1.21522E-5 7.09124E-6 6.35433E-6 3.31385E-6 1.2547E-6 1.33032E-6 6.30792E-6 5.38172E-6 2.85282E-6 6.87806E-6 5.35433E-6 6.79041E-6 6.81539E-6 5.82684E-6 3.66644E-6 1.3428E-6 8.24284E-7 6.36912E-7 1.06832E-6 1.57356E-6 1.65889E-6 2.55933E-6 8.94145E-7 5.40411E-6 3.18442E-6 2.74561E-6 1.57013E-6 2.32127E-7 1.86258E-7 2.5453E-8 1.64192E-7 8.40913E-7 7.13475E-7 7.61191E-7 5.73955E-7 1.27829E-6 8.22259E-7 4.13645E-7 1.76185E-6 1.65685E-7 9.49926E-9 1.50377E-8 1.48898E-7 2.05257E-6 4.59226E-7 7.0086E-7 3.24959E-6 2.33371E-6
1.04532E-5 1.63493E-5 1.35712E-5 1.23829E-5 9.75598E-6 1.43859E-5 1.13468E-5 1.23468E-5 1.3433E-5 1.29607E-5 1.03199E-5 6.19961E-6 4.60409E-6 2.24074E-6 1.89252E-6 6.82884E-6 1.20406E-5 6.96033E-6 1.15116E-5 5.60272E-6 5.42403E-6 2.78975E-6 5.41626E-7 4.80115E-7 4.22148E-6 4.81049E-6 2.17659E-6 3.01429E-6 6.92081E-6 6.88852E-6 6.69689E-6 3.43481E-6 4.94892E-6 9.14992E-7 6.16215E-6 5.57952E-6 1.01936E-6 4.6925E-7 4.87414E-6 1.16079E-6 4.32034E-6 3.87929E-6 4.95705E-6 5.68106E-6 3.57472E-7 1.29797E-7 8.83421E-7 4.49654E-7 4.29551E-7 7.21692E-7 5.57558E-7 8.04832E-7 2.77313E-7 3.10503E-6 9.66363E-7 2.80591E-7 1.00484E-6 3.72906E-7 1.44065E-8 1.33392E-8 1.54097E-6 1.31749E-6 3.6078E-7 1.91071E-6 1.21906E-6 4.5952E-7
1.16615E-5 1.68975E-5 1.27064E-5 1.19186E-5 1.07422E-5 1.51248E-5 1.09396E-5 1.41721E-5 3.79606E-6 1.11287E-5 1.1749E-5 1.29545E-5 1.35824E-5 4.4345E-6 1.12542E-5 6.50625E-6 1.20432E-5 6.99005E-6 1.07211E-5 3.33814E-6 1.05337E-6 1.70995E-6 1.12989E-6 1.38022E-6 2.90533E-6 2.42899E-6 7.13034E-6 4.73598E-6 7.00017E-6 6.75298E-6 4.25642E-6 3.86854E-6 2.3975E-6 2.82069E-7 2.19645E-6 6.45122E-6 6.03322E-6 4.84958E-6 5.12654E-6 2.29194E-6 2.89158E-6 9.32053E-7 1.94973E-6 3.75998E-6 1.37186E-7 1.58684E-7 2.24411E-6 3.59561E-6 7.14138E-7 2.67371E-6 1.33865E-6 9.6463E-7 1.93695E-6 1.85662E-6 5.83598E-7 7.85526E-7 1.14452E-6 2.19369E-7 8.93973E-7 2.45484E-8 1.45252E-6 2.91731E-7 1.08381E-7 2.39912E-6 1.04317E-6 1.94704E-6
1.11707E-5 1.03643E-5 1.0166E-5 1.01124E-5 1.64577E-5 1.12291E-5 1.04588E-5 1.382E-5 1.03473E-6 4.44881E-6 3.40668E-6 1.65844E-6 1.39769E-6 1.00986E-5 1.34447E-5 1.1582E-5 8.17339E-6 3.83477E-6 1.01096E-5 5.96199E-6 2.06394E-6 2.88469E-6 1.29045E-6 3.20433E-6 5.95939E-6 1.69799E-6 7.14653E-6 6.52334E-6 6.13125E-6 5.44421E-6 3.93882E-6 5.64078E-6 8.44078E-7 3.37216E-7 4.97944E-7 6.39566E-6 6.173E-6 5.83833E-6 5.83798E-6 1.50089E-6 4.07824E-6 1.3537E-6 4.1874E-7 1.07616E-6 2.72399E-7 4.44927E-7 1.61122E-6 4.17466E-6 4.48473E-6 4.10947E-6 1.71322E-6 1.22522E-6 6.44413E-6 4.84295E-6 3.42568E-6 1.38512E-6 5.42365E-7 2.07011E-6 1.94726E-6 2.40344E-7 5.23103E-7 2.34381E-6 4.96109E-6 4.7147E-6 2.19286E-6 3.40324E-6
1.12986E-5 1.15279E-5 1.34597E-5 1.06754E-5 1.66248E-5 1.63845E-5 7.62804E-6 1.04673E-5 1.52369E-6 1.74532E-6 7.63501E-7 4.82454E-7 5.85009E-6 3.97946E-6 9.63166E-6 5.55631E-6 6.39081E-6 1.02923E-5 6.45648E-6 7.52875E-6 7.04558E-7 1.17818E-7 5.73312E-7 1.28788E-6 1.20381E-6 3.19718E-7 2.93881E-6 6.95276E-6 6.51197E-6 7.13781E-6 6.92674E-6 6.72893E-6 6.38684E-6 3.62122E-6 4.73226E-6 5.87031E-6 6.49731E-6 6.22978E-6 3.17786E-6 3.51031E-6 2.94156E-6 3.47936E-7 3.4756E-7 4.9548E-7 2.72425E-7 4.50494E-7 2.06377E-7 7.61966E-7 4.40865E-6 1.33655E-6 3.20849E-6 3.9597E-6 4.10885E-6 4.52473E-6 2.86488E-6 1.08497E-6 1.01006E-6 2.53984E-6 3.67624E-6 2.19216E-6 5.60045E-6 5.60643E-6 2.96612E-6 2.48244E-7 1.76521E-7 7.79596E-7
1.09542E-5 1.19959E-5 1.25077E-5 1.14468E-5 1.07059E-5 1.28255E-5 1.41742E-5 1.39857E-5 9.96389E-6 1.75872E-6 5.30001E-6 6.66412E-6 2.9244E-7 2.00193E-7 9.70391E-6 1.10907E-5 1.09316E-5 1.12747E-5 3.02953E-6 1.7033E-6 3.12451E-6 3.20821E-6 1.69015E-6 1.16813E-7 2.22171E-6 1.40709E-6 3.83821E-6 6.5051E-6 7.20325E-6 6.67151E-6 6.81039E-6 6.59692E-6 6.97721E-6 6.73815E-6 6.63693E-6 6.58025E-6 6.41835E-6 6.3978E-6 1.65488E-6 4.42826E-6 3.54191E-6 1.90809E-6 4.46827E-7 2.62363E-8 2.63086E-7 2.96772E-7 1.94891E-7 1.09605E-6 2.89424E-6 6.64935E-7 4.59875E-6 8.25621E-7 6.92115E-7 5.44139E-6 4.80516E-6 2.91048E-6 2.83295E-6 5.45613E-6 2.71196E-6 2.64129E-6 6.29015E-6 5.33561E-6 6.46481E-7 6.24947E-8 2.30757E-7 8.43692E-7
1.14882E-5 1.19753E-5 1.27547E-5 1.08271E-5 1.13211E-5 1.07922E-5 1.64638E-5 1.54025E-5 1.13332E-5 1.79385E-5 7.36309E-6 1.63178E-5 7.78791E-6 6.15163E-7 2.95212E-6 2.07839E-6 5.70603E-6 4.53893E-6 3.24643E-6 8.25461E-6 4.91011E-6 1.89233E-6 7.06669E-6 3.01267E-6 2.36522E-6 1.29234E-6 1.61923E-6 6.43318E-6 7.28201E-6 7.46154E-6 6.25592E-6 6.60773E-6 7.24802E-6 7.08243E-6 6.52477E-6 6.5252E-6 6.69966E-6 6.42657E-6 2.60292E-6 2.20409E-6 4.13369E-6 1.9098E-6 2.03643E-7 8.75907E-8 6.11028E-7 6.25054E-7 3.06379E-6 1.6833E-6 2.37099E-6 8.59374E-7 5.71165E-7 2.23613E-6 1.85477E-6 1.66583E-6 1.0923E-6 3.00372E-6 2.05479E-6 4.28378E-6 4.41374E-6 4.04495E-6 5.31445E-6 3.70516E-6 2.20755E-6 3.40373E-7 1.43106E-6 2.8959E-6
1.13719E-5 1.45448E-5 1.19198E-5 1.30443E-5 1.43657E-5 1.13268E-5 1.11893E-5 1.81625E-5 1.11405E-5 1.58973E-5 2.06927E-6 3.654E-6 1.21741E-5 2.32054E-6 1.45926E-6 3.26764E-6 4.24644E-6 1.02066E-6 5.27235E-6 7.00736E-6 8.91107E-6 5.01105E-6 2.33429E-6 2.04185E-6 1.28831E-6 1.84076E-7 1.02302E-6 6.88515E-6 7.1413E-6 5.50917E-6 7.1857E-6 6.7371E-6 7.20702E-6 6.68722E-6 7.00312E-6 6.6348E-6 6.53458E-6 5.57417E-6 5.02419E-6 4.01457E-6 4.32324E-7 1.18551E-6 1.50468E-7 1.06999E-6 1.63097E-7 2.23649E-6 2.94902E-6 5.16825E-6 4.73405E-6 4.14318E-7 5.15848E-6 5.57327E-6 5.83328E-6 5.52449E-6 1.65527E-6 4.76402E-6 4.68318E-6 4.70194E-6 6.94397E-7 4.08708E-6 3.23216E-6 5.55167E-6 6.31963E-6 6.98044E-6 6.88427E-6 3.55664E-6
1.1885E-5 1.30203E-5 1.11319E-5 1.20999E-5 1.88668E-5 1.18819E-5 1.21148E-5 1.46064E-5 1.41358E-5 1.07143E-5 1.64336E-5 1.10497E-5 1.18156E-5 4.52933E-6 1.13239E-5 1.14599E-5 6.06534E-6 3.50752E-6 6.31875E-6 2.99778E-6 8.29438E-6 4.19636E-6 5.49274E-6 7.09165E-6 7.56381E-7 3.45523E-7 4.28236E-6 5.90645E-6 7.46236E-6 6.87712E-6 7.19264E-6 6.7018E-6 6.80112E-6 6.52151E-6 6.61026E-6 6.2595E-6 6.5202E-6 5.2658E-6 5.97192E-6 1.99686E-6 2.37058E-7 1.61875E-7 1.49633E-6 5.47882E-6 1.28035E-6 4.41348E-6 5.36703E-6 5.29057E-6 4.72715E-6 5.50349E-6 2.14157E-6 4.59233E-6 4.86227E-6 5.59942E-6 5.95795E-6 5.79842E-6 6.12928E-6 2.27988E-6 3.39468E-6 5.67326E-6 6.94599E-6 6.99156E-6 4.96341E-6 7.26912E-6 6.93099E-6 7.39199E-6
1.16951E-5 1.22493E-5 1.17068E-5 1.27323E-5 1.67625E-5 1.63183E-5 1.16556E-5 1.66961E-5 1.75754E-5 1.90136E-5 1.64573E-5 4.63682E-6 1.31804E-5 1.37559E-5 6.78949E-6 2.1353E-6 9.94761E-6 1.02455E-6 4.11135E-6 8.89931E-6 9.16435E-6 7.18092E-6 7.84739E-6 6.92492E-6 5.34902E-6 5.52592E-6 2.93836E-7 6.83616E-6 7.38669E-6 7.32823E-6 6.72415E-6 6.74384E-6 6.53752E-6 6.54477E-6 6.64742E-6 6.59898E-6 6.24344E-6 3.96329E-6 1.16502E-6 5.46418E-6 2.95169E-6 7.38429E-7 7.4286E-7 4.37254E-6 5.21921E-6 4.2771E-6 4.46255E-6 3.17372E-6 1.90651E-6 3.57573E-7 4.43441E-7 3.56012E-6 6.49967E-6 3.83097E-6 3.75572E-6 2.53384E-6 5.71011E-6 2.93198E-6 7.65722E-6 6.88211E-6 5.42255E-6 7.22092E-6 7.24018E-6 7.09298E-6 4.57157E-6 1.27832E-6
1.83165E-5 2.24664E-5 2.06656E-5 1.91709E-5 1.28194E-5 1.31074E-5 1.57654E-5 1.48319E-5 1.29165E-5 9.37778E-6 1.14385E-5 6.90201E-6 9.86082E-6 1.04437E-5 2.1619E-6 1.81771E-6 2.51215E-6 9.28849E-6 5.83408E-7 7.95124E-6 6.58424E-6 2.39499E-6 3.27283E-6 6.48223E-6 4.8488E-6 5.74377E-6 3.10449E-6 7.05365E-6 7.42146E-6 7.29127E-6 7.09775E-6 6.77098E-6 6.54432E-6 5.36143E-6 4.48808E-6 3.61973E-5 5.06659E-6 7.00349E-6 6.49102E-6 5.00874E-6 1.22084E-6 2.9778E-6 4.52887E-6 4.8387E-6 1.61275E-6 6.53746E-7 1.58558E-6 1.77787E-6 1.47581E-7 1.87315E-7 8.14805E-7 7.34522E-6 3.70499E-6 5.83038E-6 1.81596E-6 7.21255E-6 7.9883E-6 6.4977E-6 6.92907E-6 6.76772E-6 5.40715E-6 4.00713E-6 3.59977E-6 6.78332E-6 5.34357E-6 6.38028E-6
1.7114E-5 2.05225E-5 2.14873E-5 1.35824E-5 1.61902E-5 1.25072E-5 2.37932E-5 1.18795E-5 2.09497E-5 9.18247E-6 1.66785E-5 6.51606E-6 1.07041E-5 1.10831E-5 5.18916E-6 9.67694E-6 9.96575E-6 9.21082E-6 8.38792E-6 7.25499E-6 5.76999E-6 4.94134E-6 7.39889E-6 6.86261E-6 6.79124E-6 6.6509E-6 2.48142E-6 5.22025E-6 3.83938E-6 6.39021E-6 6.77855E-6 6.96194E-6 4.49063E-6 5.76773E-6 4.57156E-6 3.9994E-6 5.34184E-6 6.33521E-6 6.16416E-6 6.52303E-6 4.43885E-6 5.70448E-6 3.76119E-6 1.96335E-6 5.97127E-7 1.45165E-6 3.66248E-6 3.18504E-7 2.94149E-7 9.58678E-8 1.96381E-6 4.52897E-6 6.64806E-6 6.13536E-6 3.92302E-6 5.99749E-6 5.16268E-6 2.1567E-6 7.59839E-6 5.78259E-6 6.40657E-6 6.33807E-6 6.56254E-6 4.41732E-6 5.41241E-6 4.27416E-6
1.47361E-5 1.61748E-5 1.5912E-5 1.38308E-5 1.36374E-5 1.25677E-5 1.24629E-5 1.20096E-5 1.42775E-5 1.63114E-5 1.49086E-5 1.06408E-5 1.17388E-5 1.42663E-5 1.3995E-5 1.15233E-5 1.079E-5 9.88067E-6 5.08576E-6 8.34259E-6 8.36779E-6 8.39556E-6 7.21247E-6 4.39911E-6 7.59153E-6 6.78739E-7 2.77822E-6 1.19358E-6 5.81262E-7 2.87229E-6 4.32728E-6 5.86303E-6 6.37086E-6 4.9655E-6 5.59154E-6 5.8371E-6 6.14878E-6 6.17467E-6 7.0101E-6 5.94713E-6 6.88614E-6 6.9384E-6 6.2819E-6 6.89077E-6 6.52647E-6 5.97467E-6 6.77308E-6 3.94024E-6 1.31459E-6 6.68197E-6 8.09968E-6 5.0033E-6 7.59607E-6 7.28729E-6 1.34882E-6 1.43912E-6 4.43172E-6 4.64823E-6 5.76548E-6 7.14088E-6 7.20174E-6 6.81541E-6 6.29598E-6 5.00613E-6 4.74821E-6 5.54158E-6
2.20443E-5 1.17875E-5 1.3927E-5 1.337E-5 2.12857E-5 2.89858E-5 1.17457E-5 2.22178E-5 2.17169E-5 1.97624E-5 1.41248E-5 1.08551E-5 1.08405E-5 1.72291E-5 9.77112E-6 1.26605E-5 9.35564E-6 9.99824E-6 1.7794E-6 8.3649E-6 8.25394E-6 8.53064E-6 5.6097E-6 9.06349E-6 8.29983E-6 8.17989E-6 7.62575E-6 8.02624E-6 3.85345E-6 3.71417E-7 2.38313E-6 5.36639E-6 3.82706E-6 4.7712E-6 4.87435E-6 5.95641E-6 6.83798E-6 5.34665E-6 6.99445E-6 6.70265E-6 7.89418E-6 7.05461E-6 6.53372E-6 6.50597E-6 7.2843E-6 7.7253E-6 4.63275E-6 5.48364E-6 5.53792E-6 7.23665E-6 7.59576E-6 5.3783E-6 3.37812E-6 4.50672E-6 2.36436E-6 4.30335E-6 2.6653E-6 4.57064E-6 4.01212E-6 5.98469E-6 6.46902E-6 6.19182E-6 6.13187E-6 4.8101E-6 4.22839E-6 3.29177E-6
1.29141E-5 1.28979E-5 3.77801E-5 1.34004E-5 1.5532E-5 2.98894E-5 1.84008E-5 1.25063E-5 1.1917E-5 1.16674E-5 1.14348E-5 1.11408E-5 1.39268E-5 1.06083E-5 1.02273E-5 9.80631E-6 9.36685E-6 8.89348E-6 8.60501E-6 2.02835E-6 3.0895E-6 5.46027E-6 2.41766E-6 1.61596E-6 9.43476E-6 8.70902E-6 8.16752E-6 7.34466E-6 6.82797E-6 6.67971E-6 7.19069E-6 6.65964E-6 7.20326E-6 6.21773E-6 3.88217E-6 7.24495E-6 7.09446E-6 8.2018E-6 6.85682E-6 7.0135E-6 8.22235E-6 7.43707E-6 6.76949E-6 6.96563E-6 9.07405E-6 7.40764E-6 6.16039E-6 2.23006E-6 5.49299E-6 7.10181E-6 8.0809E-6 7.05958E-6 4.48303E-6 6.83573E-6 6.50671E-6 5.63968E-6 5.26472E-6 6.12899E-6 3.62403E-6 2.49208E-6 6.37111E-6 5.14584E-6 3.59856E-6 2.73303E-6 1.53925E-6 3.0436E-6
-9999 3.457E-5 3.70127E-5 1.10872E-5 1.25227E-5 1.49627E-5 1.63522E-5 1.28338E-5 1.24357E-5 1.85407E-5 1.78667E-5 1.42964E-5 1.1187E-5 1.25535E-5 1.18027E-5 9.81249E-6 9.31107E-6 8.87925E-6 8.42969E-6 1.49415E-6 1.60585E-6 7.94315E-6 8.39757E-6 7.36438E-6 8.52714E-6 7.64474E-6 8.36138E-6 7.56868E-6 8.18898E-6 9.0052E-6 3.78293E-6 5.69029E-6 7.25282E-6 6.18217E-6 9.22661E-6 8.34618E-6 6.93837E-6 9.87915E-6 7.63874E-6 7.30781E-6 6.99124E-6 6.76419E-6 7.03505E-6 7.57045E-6 8.01641E-6 7.69407E-6 3.13519E-6 4.0973E-7 7.18288E-6 8.29987E-6 7.43207E-6 5.76151E-6 6.61803E-6 6.27836E-6 6.1627E-6 5.61501E-6 5.72035E-6 5.1878E-6 2.14247E-6 6.27639E-6 1.85822E-6 2.00829E-6 4.35081E-6 2.60025E-6 3.08572E-6 2.69082E-6
1.75964E-5 2.95484E-5 2.79455E-5 2.51229E-5 1.40911E-5 2.16985E-5 1.68799E-5 1.29792E-5 1.24714E-5 1.91965E-5 1.18811E-5 1.11876E-5 1.09111E-5 1.41391E-5 1.14826E-5 1.27765E-5 7.96992E-6 5.66956E-6 8.31751E-6 1.04334E-5 9.94112E-6 8.71652E-6 7.21923E-6 9.19625E-6 9.77046E-6 9.7888E-6 1.14864E-5 1.18829E-5 9.21556E-6 1.00803E-5 1.09423E-5 9.68534E-6 8.41268E-6 7.71788E-6 9.06878E-6 8.87549E-6 3.66928E-6 1.97857E-6 1.7082E-6 6.76254E-6 7.90692E-6 7.26402E-6 6.70739E-6 7.43711E-6 8.90206E-6 7.34668E-6 5.33316E-7 3.07752E-7 4.004E-6 4.87568E-6 4.23185E-6 6.27917E-6 6.21764E-6 5.64413E-6 5.23099E-6 3.07839E-6 4.12106E-6 5.84625E-6 4.29706E-6 2.04265E-6 3.35268E-6 1.50626E-6 2.08085E-6 1.93168E-6 7.05269E-7 1.60959E-6
2.38757E-5 2.42134E-5 1.26933E-5 1.37374E-5 1.37968E-5 1.48939E-5 1.45691E-5 1.3921E-5 1.29285E-5 1.23688E-5 1.20405E-5 1.13358E-5 1.07535E-5 1.00964E-5 4.05655E-6 2.92124E-7 2.93479E-6 2.19059E-6 8.38976E-6 1.08157E-5 7.70176E-6 8.40861E-6 8.48345E-6 8.72215E-6 1.09498E-5 8.66921E-6 1.05235E-5 1.02404E-5 9.59965E-6 8.76262E-6 8.51972E-6 8.48274E-6 7.84411E-6 7.81846E-6 6.88648E-6 6.46431E-6 7.61182E-6 6.76126E-6 7.05592E-6 7.53563E-6 6.79509E-6 6.39694E-6 6.54641E-6 7.12381E-6 7.36703E-6 6.22426E-6 7.25157E-7 1.7215E-6 6.2997E-6 6.46443E-6 6.40642E-6 6.02748E-6 5.64291E-6 4.38951E-6 5.02385E-7 3.6895E-7 1.22335E-6 3.03066E-7 2.78435E-6 3.86239E-6 9.51594E-7 3.9108E-6 2.25998E-6 2.99571E-7 1.29565E-6 1.26111E-6
3.14027E-5 3.05099E-5 1.39437E-5 1.79571E-5 1.38451E-5 1.43732E-5 1.33078E-5 1.39257E-5 2.14932E-5 1.19553E-5 1.20093E-5 1.22937E-5 1.03035E-5 9.76698E-6 1.01911E-5 8.75514E-6 5.30242E-6 8.12826E-6 8.76551E-6 2.05521E-6 6.88173E-6 6.6828E-6 7.7574E-6 6.55053E-6 4.61823E-6 7.32351E-6 7.7831E-6 6.38052E-6 8.59507E-6 1.73676E-6 7.98454E-6 7.86856E-6 6.76998E-6 7.6527E-6 8.18371E-6 6.99032E-6 6.87352E-6 6.34167E-6 7.19058E-6 7.3338E-6 6.42193E-6 6.80398E-6 6.79394E-6 6.69935E-6 6.53182E-6 6.97169E-6 4.10671E-6 6.11697E-6 4.38323E-6 6.13074E-6 5.94549E-6 4.77372E-6 4.69879E-6 5.20802E-6 1.21598E-6 1.81261E-7 7.86623E-8 2.87435E-7 3.8067E-6 2.06068E-6 2.35577E-6 1.29697E-6 2.68829E-7 6.88995E-7 1.67151E-6 4.06086E-6
2.02204E-5 2.43263E-5 1.38661E-5 1.38899E-5 1.42288E-5 2.49945E-5 1.81233E-5 1.25169E-5 1.20897E-5 1.23164E-5 1.11806E-5 1.34964E-5 1.04005E-5 9.5289E-6 9.19324E-6 8.23291E-6 8.67658E-6 7.73247E-6 7.47037E-6 5.50003E-6 5.4102E-6 3.40666E-6 2.51864E-6 6.10253E-6 7.06474E-6 7.02312E-6 2.31853E-6 4.28841E-6 5.71405E-6 3.19745E-6 7.9625E-6 7.69705E-6 7.11273E-6 7.79291E-6 7.98583E-6 6.77689E-6 6.26703E-6 5.77904E-6 6.44429E-6 6.56093E-6 6.29788E-6 6.5445E-6 7.10108E-6 6.76434E-6 6.45512E-6 6.71498E-6 4.93683E-6 4.78474E-6 6.19327E-6 5.93535E-6 5.79203E-6 5.61371E-6 5.84098E-6 5.82345E-6 5.08593E-6 3.14247E-6 2.24971E-6 6.6176E-7 3.76779E-6 1.80393E-6 2.04864E-7 2.00677E-7 2.66892E-7 4.66387E-8 6.83579E-8 8.66147E-7
2.60508E-5 1.31695E-5 1.45583E-5 1.46255E-5 1.97318E-5 1.85542E-5 1.25942E-5 1.22661E-5 1.16859E-5 1.42168E-5 1.13549E-5 1.0958E-5 1.1487E-5 9.45559E-6 7.40159E-6 1.53852E-6 5.82605E-6 2.78871E-6 3.60411E-6 1.2206E-6 3.99622E-6 6.83557E-6 3.21214E-6 1.85673E-6 1.91207E-6 1.6827E-6 3.71794E-6 2.0171E-6 7.39633E-6 6.13325E-6 6.61869E-6 7.21856E-6 7.93085E-6 7.97461E-6 7.61833E-6 7.53373E-6 7.02693E-6 6.58948E-6 6.32952E-6 6.26045E-6 6.63086E-6 3.72297E-6 6.88552E-6 6.56169E-6 6.24221E-6 6.49541E-6 6.21124E-6 5.89531E-6 5.99301E-6 5.23542E-6 6.00195E-6 5.42109E-6 4.24752E-6 5.81248E-6 5.61446E-6 5.27332E-6 4.95725E-6 3.56537E-6 5.43313E-7 1.26382E-7 2.09859E-7 5.77872E-8 2.90639E-8 3.02816E-8 1.93175E-7 1.58656E-6
3.31229E-5 2.0433E-5 1.18627E-5 3.661E-5 1.22008E-5 1.30995E-5 1.21857E-5 1.81161E-5 1.17256E-5 1.17691E-5 1.16069E-5 1.07959E-5 9.91673E-6 9.22832E-6 7.13684E-6 1.15643E-6 5.84387E-6 7.16387E-7 7.26665E-7 8.65537E-6 1.09372E-5 7.66671E-6 7.40683E-6 6.90283E-6 1.67611E-6 1.91526E-6 4.41239E-7 5.08686E-7 3.32484E-6 2.0775E-6 1.76359E-6 5.97965E-6 7.39117E-6 7.10734E-6 5.01203E-6 1.71898E-6 2.27977E-6 4.88872E-6 5.20358E-6 6.09958E-6 6.31585E-6 5.05717E-6 6.72647E-6 6.37579E-6 5.99618E-6 6.02745E-6 5.69333E-6 5.96962E-6 6.28888E-6 6.1287E-6 5.99973E-6 5.89762E-6 5.7897E-6 5.3965E-6 4.86526E-6 4.03073E-7 8.10572E-8 1.09369E-6 3.02843E-7 5.0798E-8 2.18056E-7 1.06623E-6 1.23445E-7 8.481E-8 7.54373E-7 1.36478E-7
3.70675E-5 4.69139E-5 1.88776E-5 2.67195E-5 1.39074E-5 1.25124E-5 1.23152E-5 2.01088E-5 1.74321E-5 1.14541E-5 1.11457E-5 1.04729E-5 1.04972E-5 4.07483E-6 9.32194E-6 9.27415E-6 8.95476E-6 9.29473E-6 8.0573E-6 1.2949E-5 9.32163E-6 1.1446E-5 8.14891E-6 4.76687E-6 6.70641E-6 4.60771E-6 1.21066E-6 2.20002E-7 2.57653E-7 5.84288E-6 5.56676E-6 3.40102E-6 5.12892E-6 2.74466E-6 5.70221E-6 3.62553E-6 3.31276E-6 2.40757E-6 5.32332E-6 2.59543E-6 2.15732E-6 5.43094E-6 4.89231E-6 6.38261E-6 6.37745E-6 6.10932E-6 6.55989E-6 6.1492E-6 6.23108E-6 6.32454E-6 6.31403E-6 6.07028E-6 5.51492E-6 4.14337E-6 3.92617E-7 7.4197E-8 3.9564E-8 5.57938E-8 6.87782E-8 1.00598E-7 6.77976E-7 1.89479E-6 2.23574E-6 4.92525E-6 1.17716E-6 5.39877E-7
