catData/rasterBestHybridModels/Pviverrinus/RDbal_RM2_L/Pviverrinus_min.asc
ncols         409
nrows         350
xllcorner     60.897278365
yllcorner     5.843756025
cellsize      0.0892857
NODATA_value  -9999
[rows 87 to 115 of 350, columns 66 to 131 of 409]
8.73765E-8 1.02078E-7 2.17616E-7 2.6943E-7 2.58699E-7 2.26977E-7 2.37565E-6 1.43073E-5 1.92258E-5 1.85307E-5 2.02264E-5 2.09624E-5 2.03441E-5 2.02822E-5 2.02769E-5 1.94883E-5 1.74534E-5 1.32061E-5 8.66017E-6 6.79093E-6 5.35727E-6 3.50596E-6 3.68096E-6 5.04121E-6 4.52863E-6 3.71016E-6 3.08795E-6 3.32681E-6 3.68587E-6 3.89196E-6 4.10046E-6 4.06072E-6 4.13867E-6 5.42954E-6 7.56155E-6 1.4787E-5 2.21041E-5 2.71032E-5 2.57095E-5 2.13756E-5 4.59912E-5 4.78523E-5 4.44033E-5 6.26081E-5 5.63011E-5 5.2704E-5 5.40937E-5 5.17382E-5 5.39016E-5 5.00095E-5 5.15048E-5 4.93825E-5 4.6136E-5 5.08602E-5 4.76292E-5 4.23526E-5 4.30243E-5 4.543E-5 2.94965E-5 3.6462E-5 3.62393E-5 3.74444E-5 3.89595E-5 3.76724E-5 3.81E-5 3.79105E-5
6.62677E-8 5.43988E-8 8.81035E-8 1.26313E-7 3.04797E-7 3.8117E-7 6.81522E-6 1.457E-5 2.05887E-5 2.01832E-5 2.12252E-5 2.14861E-5 2.11496E-5 2.07062E-5 2.05775E-5 1.99096E-5 1.91856E-5 1.84692E-5 1.07934E-5 6.32237E-6 8.51841E-6 6.98189E-6 5.42407E-6 4.98507E-6 4.78478E-6 4.22549E-6 4.06086E-6 4.16234E-6 3.98553E-6 4.37359E-6 5.20789E-6 4.42925E-6 5.14349E-6 7.18441E-6 1.06266E-5 1.97237E-5 2.49129E-5 2.8447E-5 3.62985E-5 4.3401E-5 4.6426E-5 4.40713E-5 4.74768E-5 6.05122E-5 5.82793E-5 5.907E-5 5.33316E-5 5.16105E-5 5.66506E-5 5.53839E-5 5.31339E-5 4.86553E-5 5.15546E-5 5.11482E-5 4.91628E-5 4.67826E-5 4.32005E-5 4.40567E-5 3.8723E-5 3.64306E-5 3.73705E-5 4.0945E-5 4.18297E-5 3.82808E-5 3.98297E-5 3.98485E-5
4.48093E-8 1.05715E-7 1.36094E-7 1.3319E-7 2.34691E-7 1.06729E-6 8.78783E-6 1.55734E-5 1.98936E-5 2.05466E-5 2.17121E-5 2.23093E-5 2.16327E-5 2.10436E-5 2.10972E-5 2.07753E-5 2.00162E-5 1.7511E-5 1.45152E-5 1.38294E-5 1.28603E-5 1.20707E-5 1.16781E-5 9.76678E-6 6.28906E-6 4.55816E-6 3.88354E-6 4.50553E-6 5.74299E-6 6.54247E-6 7.55444E-6 6.67382E-6 4.61853E-6 8.51163E-6 1.81506E-5 2.45807E-5 2.90008E-5 3.21377E-5 3.87017E-5 4.74176E-5 5.02442E-5 4.65271E-5 5.61241E-5 6.09163E-5 5.85906E-5 5.95858E-5 5.57452E-5 5.62914E-5 5.26772E-5 4.77024E-5 5.18656E-5 4.71526E-5 4.82468E-5 4.40481E-5 4.25336E-5 4.28799E-5 3.9498E-5 3.73092E-5 3.58132E-5 3.67648E-5 3.6887E-5 3.95656E-5 3.87356E-5 3.51128E-5 3.6616E-5 3.76377E-5
4.38908E-8 1.35448E-7 2.92108E-7 3.9589E-7 3.51334E-7 2.74245E-6 8.28781E-6 1.8404E-5 1.99746E-5 2.08289E-5 2.17753E-5 2.22796E-5 2.17292E-5 2.10405E-5 2.10071E-5 2.09449E-5 2.05252E-5 1.94853E-5 1.67491E-5 1.37709E-5 1.05541E-5 9.04543E-6 9.25644E-6 1.01393E-5 9.70988E-6 8.45188E-6 8.13626E-6 8.30732E-6 8.87885E-6 9.20657E-6 9.95678E-6 8.87829E-6 7.74928E-6 1.39708E-5 2.278E-5 2.67229E-5 3.16541E-5 3.51431E-5 4.20196E-5 4.83781E-5 4.98639E-5 5.62227E-5 6.24871E-5 5.56798E-5 5.92591E-5 5.4608E-5 6.07904E-5 3.89256E-5 4.41718E-5 4.11878E-5 4.23308E-5 4.35732E-5 4.61529E-5 4.50573E-5 4.20448E-5 3.85611E-5 3.39666E-5 3.32689E-5 3.36829E-5 3.40047E-5 3.38833E-5 3.52632E-5 3.56216E-5 3.37702E-5 3.58244E-5 3.71704E-5
5.55033E-8 1.78354E-7 6.08595E-7 6.53643E-7 6.84641E-7 3.71686E-6 9.17267E-6 2.04015E-5 2.07587E-5 2.10193E-5 2.17869E-5 2.22885E-5 2.21081E-5 2.1527E-5 2.16193E-5 2.14542E-5 2.10656E-5 2.046E-5 1.86488E-5 1.8228E-5 1.31959E-5 7.49633E-6 6.62032E-6 7.91859E-6 8.16497E-6 6.65557E-6 7.84643E-6 1.03705E-5 1.17957E-5 1.24799E-5 1.20873E-5 1.23174E-5 1.54454E-5 1.93277E-5 2.43164E-5 2.91297E-5 3.41293E-5 3.96917E-5 4.63703E-5 4.80916E-5 6.0281E-5 6.7681E-5 5.89358E-5 5.47156E-5 5.51603E-5 5.25724E-5 5.55697E-5 5.72179E-5 4.23642E-5 3.71889E-5 3.90328E-5 3.88E-5 3.75903E-5 3.66268E-5 3.52112E-5 3.38559E-5 3.28095E-5 3.34247E-5 3.34398E-5 3.32051E-5 3.34264E-5 3.37136E-5 3.43389E-5 3.4232E-5 3.67518E-5 3.80053E-5
1.11534E-7 1.44302E-7 3.27853E-7 6.09055E-7 1.63047E-6 5.48729E-6 1.24492E-5 2.14518E-5 2.08836E-5 2.09208E-5 2.1576E-5 2.22883E-5 2.25669E-5 2.21523E-5 2.24561E-5 2.23564E-5 2.1963E-5 2.14367E-5 2.02068E-5 1.99467E-5 1.93549E-5 1.63553E-5 1.25679E-5 1.13283E-5 1.25205E-5 1.23792E-5 1.20379E-5 1.38683E-5 1.46002E-5 1.49094E-5 1.61598E-5 1.69602E-5 1.80835E-5 2.17103E-5 2.73336E-5 3.3705E-5 4.12777E-5 4.72009E-5 5.4612E-5 5.94938E-5 5.80405E-5 6.05484E-5 5.72248E-5 5.74362E-5 6.28431E-5 5.93734E-5 5.77569E-5 3.63316E-5 4.01441E-5 3.56199E-5 3.55649E-5 3.36229E-5 3.23718E-5 3.19225E-5 3.18459E-5 3.30928E-5 3.33455E-5 3.35803E-5 3.35891E-5 3.31952E-5 3.34052E-5 3.35272E-5 3.37534E-5 3.52954E-5 3.76608E-5 3.7706E-5
1.50792E-7 1.55306E-7 3.15547E-7 3.43805E-7 1.31236E-6 6.79238E-6 1.85334E-5 2.04644E-5 2.0951E-5 2.11223E-5 2.18352E-5 2.24548E-5 2.27725E-5 2.28523E-5 2.31197E-5 2.35207E-5 2.36767E-5 2.32624E-5 2.20475E-5 2.04652E-5 1.95075E-5 1.81865E-5 1.67905E-5 1.54702E-5 1.52685E-5 1.5164E-5 1.52318E-5 1.6624E-5 1.71143E-5 1.72586E-5 1.89291E-5 2.12092E-5 2.17705E-5 2.57287E-5 3.13586E-5 3.81313E-5 4.7399E-5 5.53783E-5 5.27534E-5 5.33957E-5 5.81153E-5 5.94428E-5 5.80419E-5 5.93151E-5 5.93644E-5 5.27222E-5 5.26701E-5 1.70943E-5 3.78182E-5 3.48212E-5 3.37867E-5 3.12152E-5 3.00566E-5 3.07324E-5 3.08272E-5 3.13539E-5 3.21343E-5 3.1964E-5 3.20729E-5 3.2571E-5 3.25007E-5 3.27404E-5 3.42236E-5 3.55617E-5 3.61176E-5 3.60604E-5
1.3735E-7 1.75744E-7 2.93945E-7 4.15137E-7 1.91797E-6 1.12141E-5 1.99765E-5 2.0385E-5 2.12551E-5 2.16643E-5 2.23425E-5 2.2868E-5 2.32179E-5 2.35166E-5 2.38596E-5 2.48697E-5 2.64595E-5 2.8538E-5 2.96144E-5 2.72829E-5 2.21062E-5 2.03734E-5 1.86339E-5 1.72697E-5 1.71943E-5 1.74262E-5 1.67619E-5 1.78102E-5 1.88059E-5 2.05181E-5 2.31991E-5 2.60351E-5 2.83486E-5 3.18359E-5 3.70999E-5 4.1559E-5 5.93244E-5 6.01804E-5 5.33867E-5 5.93785E-5 6.18191E-5 5.79982E-5 5.68109E-5 6.23058E-5 5.33002E-5 4.76492E-5 4.66905E-5 4.15472E-5 3.49291E-5 3.28725E-5 3.17698E-5 3.04862E-5 3.01665E-5 3.05502E-5 3.06858E-5 3.05495E-5 3.08878E-5 3.08427E-5 3.07939E-5 3.15036E-5 3.2249E-5 3.2636E-5 3.36344E-5 3.45638E-5 3.54052E-5 3.59795E-5
2.06955E-7 2.3603E-7 5.04832E-7 8.96576E-7 2.48325E-6 1.3406E-5 1.99984E-5 2.07107E-5 2.16044E-5 2.22841E-5 2.30565E-5 2.37752E-5 2.43339E-5 2.50521E-5 2.664E-5 2.86946E-5 2.79293E-5 3.1215E-5 3.34635E-5 3.64049E-5 1.65681E-5 2.49521E-5 2.25448E-5 2.1127E-5 2.10603E-5 2.11198E-5 2.14469E-5 2.12533E-5 2.23257E-5 2.55109E-5 2.84486E-5 3.00893E-5 3.21174E-5 3.88883E-5 4.73983E-5 5.50383E-5 5.79949E-5 5.83502E-5 5.96472E-5 6.2784E-5 5.54678E-5 6.19672E-5 5.57378E-5 4.74237E-5 4.55811E-5 4.00253E-5 3.87865E-5 3.44856E-5 3.18579E-5 3.03203E-5 3.01465E-5 3.01701E-5 3.01842E-5 3.03598E-5 3.06735E-5 3.05966E-5 3.04214E-5 3.05014E-5 3.06575E-5 3.11752E-5 3.22856E-5 3.31338E-5 3.36185E-5 3.37974E-5 3.41127E-5 3.38972E-5
2.52703E-7 2.60354E-7 5.01083E-7 1.51964E-6 2.73828E-6 1.15782E-5 1.8805E-5 2.10479E-5 2.17004E-5 2.29383E-5 2.43433E-5 2.3627E-5 2.41743E-5 2.61626E-5 3.08327E-5 3.14561E-5 3.21674E-5 2.29852E-5 1.69356E-5 4.0335E-5 4.27325E-5 4.10278E-5 3.82296E-5 3.40359E-5 3.54785E-5 3.63112E-5 3.75021E-5 3.5375E-5 3.43458E-5 2.75602E-5 3.97195E-5 4.04764E-5 4.52601E-5 5.35074E-5 5.00498E-5 5.34445E-5 5.85795E-5 5.66932E-5 5.74425E-5 5.32244E-5 4.85249E-5 4.85482E-5 4.6661E-5 3.89068E-5 3.44957E-5 3.20306E-5 3.10674E-5 2.99971E-5 2.98123E-5 2.97056E-5 3.01433E-5 3.03189E-5 3.0207E-5 3.01861E-5 3.03377E-5 3.04567E-5 3.00724E-5 3.03301E-5 3.08155E-5 3.19751E-5 3.31216E-5 3.29879E-5 3.2403E-5 3.29224E-5 3.37456E-5 3.18223E-5
2.80004E-7 2.31468E-7 4.41333E-7 9.32734E-7 5.2128E-6 1.16975E-5 1.60225E-5 2.12722E-5 2.21264E-5 2.36413E-5 2.51329E-5 2.26575E-5 2.56919E-5 3.02423E-5 3.2517E-5 3.30411E-5 3.19238E-5 3.14173E-5 3.23176E-5 3.60425E-5 3.2803E-5 3.92614E-5 4.32581E-5 4.11589E-5 4.22787E-5 4.45014E-5 4.34162E-5 4.18282E-5 4.14567E-5 4.15688E-5 3.98634E-5 3.92356E-5 5.44383E-5 5.00253E-5 5.11366E-5 5.66257E-5 5.50859E-5 4.81106E-5 4.609E-5 4.8122E-5 4.57649E-5 4.42663E-5 3.66309E-5 3.18162E-5 2.95535E-5 2.87988E-5 2.87267E-5 2.9195E-5 2.95673E-5 2.94887E-5 2.92849E-5 2.98767E-5 3.02575E-5 3.02845E-5 3.08613E-5 3.02687E-5 2.98202E-5 3.07253E-5 3.16761E-5 3.29651E-5 3.4022E-5 3.31368E-5 3.4064E-5 3.4366E-5 3.25646E-5 3.08E-5
1.82644E-7 2.69761E-7 4.51185E-7 8.21286E-7 3.88491E-6 4.6935E-6 1.88325E-5 2.21275E-5 2.30892E-5 2.46891E-5 2.57941E-5 2.27316E-5 2.42698E-5 2.75266E-5 2.84642E-5 2.92336E-5 3.09545E-5 3.51094E-5 3.71996E-5 3.44799E-5 3.14004E-5 3.2282E-5 3.57521E-5 3.98961E-5 3.99546E-5 3.90608E-5 4.08541E-5 4.00417E-5 4.27981E-5 4.16642E-5 4.34899E-5 4.78534E-5 4.54388E-5 4.82582E-5 5.0442E-5 5.08199E-5 4.68319E-5 4.55546E-5 4.23872E-5 4.38998E-5 4.14021E-5 3.50985E-5 2.94969E-5 2.76703E-5 2.77591E-5 2.86187E-5 2.9078E-5 2.95311E-5 2.97472E-5 2.95045E-5 2.91692E-5 2.96247E-5 3.07263E-5 3.12104E-5 3.12148E-5 3.04127E-5 3.02146E-5 3.07059E-5 3.1345E-5 3.21811E-5 3.32441E-5 3.26116E-5 3.29141E-5 3.34312E-5 3.20381E-5 3.18922E-5
2.18484E-7 4.40447E-7 3.94208E-7 8.59485E-7 3.88791E-6 2.79032E-6 1.54326E-5 2.23427E-5 2.31227E-5 2.46097E-5 2.5685E-5 2.51846E-5 2.57844E-5 2.80898E-5 3.03681E-5 3.31257E-5 2.3713E-5 3.18739E-5 3.22264E-5 3.52698E-5 3.16774E-5 3.13808E-5 3.07892E-5 3.67816E-5 4.03356E-5 4.17091E-5 4.28907E-5 4.26351E-5 2.76661E-5 4.94312E-5 3.94024E-5 3.43063E-5 4.25813E-5 5.33511E-5 4.83097E-5 3.88623E-5 3.70341E-5 3.8391E-5 4.02891E-5 4.2318E-5 3.53514E-5 3.01642E-5 2.80359E-5 2.80384E-5 2.86812E-5 2.95183E-5 2.96923E-5 2.97069E-5 2.936E-5 2.96788E-5 2.97177E-5 3.00083E-5 3.10969E-5 3.14129E-5 3.11113E-5 3.07185E-5 3.06993E-5 3.15399E-5 3.16312E-5 3.19295E-5 3.28476E-5 3.32486E-5 3.35017E-5 3.34048E-5 3.23453E-5 3.26003E-5
6.1075E-7 3.66101E-7 3.81774E-7 1.42749E-6 1.81328E-6 4.09801E-6 1.45697E-5 2.24082E-5 2.337E-5 2.32574E-5 2.37534E-5 2.65323E-5 2.87898E-5 3.00992E-5 3.1575E-5 3.25391E-5 3.55328E-5 3.59625E-5 3.75384E-5 3.74676E-5 3.60681E-5 3.52421E-5 3.50188E-5 3.7999E-5 4.04804E-5 4.57836E-5 5.35577E-5 4.81489E-5 4.52723E-5 4.01513E-5 4.15369E-5 4.32215E-5 4.3058E-5 4.81168E-5 4.0614E-5 3.61232E-5 3.4522E-5 3.69651E-5 3.99944E-5 3.70151E-5 3.02451E-5 2.79073E-5 2.84982E-5 2.90043E-5 2.89986E-5 2.96408E-5 2.98109E-5 2.99856E-5 3.0113E-5 3.03344E-5 3.02906E-5 3.08417E-5 3.21193E-5 3.26687E-5 3.24818E-5 3.2111E-5 3.19066E-5 3.21171E-5 3.18903E-5 3.24009E-5 3.2264E-5 3.21799E-5 3.22164E-5 3.17804E-5 3.28455E-5 3.39281E-5
4.56955E-7 5.27237E-7 9.30372E-7 2.64351E-6 1.55324E-6 3.73181E-6 6.84153E-6 2.0025E-5 2.45096E-5 2.42437E-5 2.59856E-5 2.73118E-5 2.81217E-5 3.00006E-5 3.12826E-5 3.05867E-5 3.61326E-5 3.93368E-5 3.90402E-5 3.30523E-5 3.10972E-5 3.34918E-5 3.77036E-5 4.02423E-5 4.78763E-5 5.18512E-5 4.42585E-5 4.51243E-5 4.54582E-5 4.45373E-5 4.11832E-5 4.08976E-5 3.99613E-5 3.88913E-5 3.62212E-5 3.48708E-5 3.15035E-5 3.14455E-5 3.49212E-5 3.13453E-5 2.77267E-5 2.72382E-5 2.8476E-5 2.90449E-5 2.91669E-5 2.90929E-5 2.9293E-5 3.02533E-5 3.01913E-5 3.04117E-5 3.22069E-5 3.31042E-5 3.366E-5 3.37451E-5 3.25103E-5 3.1623E-5 3.18211E-5 3.25459E-5 3.1543E-5 3.24201E-5 3.2724E-5 3.07002E-5 3.167E-5 3.23152E-5 3.20901E-5 3.24045E-5
2.92036E-7 8.80026E-7 9.02465E-7 9.56194E-7 1.64601E-6 3.49181E-6 4.52987E-6 1.3571E-5 2.75208E-5 2.83071E-5 2.83203E-5 2.99764E-5 3.14157E-5 3.18021E-5 3.39953E-5 3.59908E-5 3.95698E-5 2.95288E-5 9.35767E-6 3.18177E-5 3.42023E-5 3.62589E-5 3.76277E-5 3.87831E-5 4.64896E-5 4.25354E-5 3.67569E-5 4.38151E-5 4.45146E-5 4.26132E-5 4.17211E-5 4.07474E-5 3.82818E-5 3.56419E-5 3.32092E-5 3.08604E-5 3.04648E-5 3.08732E-5 2.94664E-5 2.75218E-5 2.73724E-5 2.76658E-5 2.79684E-5 2.87034E-5 2.88792E-5 2.84945E-5 2.88162E-5 2.99017E-5 3.09322E-5 3.10301E-5 3.3172E-5 3.49674E-5 3.55658E-5 3.41825E-5 3.28573E-5 3.16004E-5 3.14735E-5 3.21989E-5 3.10794E-5 3.12506E-5 3.14168E-5 3.16865E-5 3.23559E-5 3.04547E-5 3.20205E-5 3.12692E-5
3.70285E-7 6.63617E-7 6.25466E-7 4.97919E-7 1.62677E-6 2.36354E-6 3.57863E-6 5.48401E-6 2.95123E-5 2.75277E-5 2.80932E-5 3.17639E-5 3.30235E-5 3.55102E-5 3.73354E-5 3.69627E-5 3.69813E-5 3.87493E-5 2.72507E-5 3.66515E-5 3.67583E-5 3.69758E-5 3.58625E-5 4.28016E-5 4.69027E-5 4.23701E-5 3.9965E-5 3.76912E-5 3.81769E-5 3.68091E-5 3.88178E-5 3.84567E-5 3.5951E-5 3.03069E-5 2.76136E-5 2.78799E-5 2.73018E-5 2.72559E-5 2.74807E-5 2.74551E-5 2.71108E-5 2.73729E-5 2.74048E-5 2.76087E-5 2.85265E-5 2.88694E-5 2.88099E-5 2.96621E-5 3.14328E-5 3.26293E-5 3.48832E-5 3.56466E-5 3.38591E-5 3.24689E-5 3.19862E-5 3.10468E-5 3.14282E-5 3.20485E-5 3.20213E-5 3.15455E-5 2.94574E-5 3.17458E-5 3.23203E-5 3.22012E-5 3.20465E-5 3.15924E-5
6.85814E-7 7.37146E-7 9.87902E-7 1.08792E-6 2.17361E-6 2.19629E-6 3.49188E-6 1.10785E-5 2.68112E-5 2.63998E-5 3.11654E-5 3.04276E-5 3.32652E-5 3.4472E-5 3.41729E-5 3.30137E-5 3.48184E-5 3.81145E-5 3.83438E-5 3.60577E-5 4.27957E-5 4.42249E-5 3.7827E-5 4.42431E-5 4.60574E-5 3.65592E-5 3.95756E-5 3.72893E-5 3.4122E-5 3.36538E-5 3.36501E-5 3.47121E-5 3.06849E-5 2.69538E-5 2.63773E-5 2.6707E-5 2.63356E-5 2.73304E-5 2.79122E-5 2.75403E-5 2.68969E-5 2.71736E-5 2.72929E-5 2.72247E-5 2.8334E-5 2.90657E-5 2.92681E-5 3.00697E-5 3.16702E-5 3.38219E-5 3.49921E-5 3.34113E-5 3.07107E-5 2.98349E-5 2.99815E-5 3.04471E-5 3.07686E-5 3.16176E-5 3.23318E-5 3.16801E-5 3.18185E-5 3.12986E-5 3.13196E-5 3.17753E-5 3.23567E-5 3.18973E-5
7.50238E-7 7.2334E-7 8.02231E-7 1.13923E-6 1.22309E-6 2.22633E-6 6.9606E-6 1.87247E-5 2.41129E-5 2.54276E-5 3.39547E-5 3.11712E-5 3.37787E-5 3.38987E-5 3.43991E-5 3.52074E-5 3.83478E-5 4.04992E-5 4.52124E-5 3.20305E-5 2.95886E-5 4.89936E-5 4.67802E-5 5.02212E-5 4.18959E-5 3.67455E-5 3.51149E-5 3.34276E-5 2.40002E-5 3.24041E-5 3.0753E-5 3.11007E-5 2.72348E-5 2.57853E-5 2.64663E-5 2.60992E-5 2.62228E-5 2.72146E-5 2.73771E-5 2.68768E-5 2.65597E-5 2.67743E-5 2.70161E-5 2.75721E-5 2.83873E-5 2.90345E-5 2.97869E-5 3.15504E-5 3.30989E-5 3.41889E-5 3.373E-5 3.10162E-5 2.90699E-5 2.85387E-5 2.84938E-5 2.94318E-5 3.07762E-5 3.24E-5 3.23647E-5 3.18102E-5 3.19467E-5 3.17661E-5 3.21508E-5 3.18173E-5 3.11679E-5 3.05528E-5
7.05495E-7 5.88311E-7 6.19954E-7 6.74111E-7 5.64796E-7 2.74698E-6 1.22379E-5 1.99435E-5 2.3605E-5 2.62668E-5 3.3754E-5 3.14627E-5 3.32476E-5 3.47638E-5 3.57385E-5 3.80504E-5 4.64421E-5 3.2024E-5 4.05224E-5 4.47393E-5 4.74754E-5 4.71001E-5 4.77373E-5 4.14992E-5 4.43762E-5 3.64344E-5 1.66904E-5 3.0901E-5 2.95062E-5 2.87559E-5 2.83969E-5 2.69684E-5 2.55607E-5 2.54457E-5 2.59957E-5 2.57682E-5 2.59293E-5 2.66249E-5 2.66903E-5 2.6313E-5 2.63978E-5 2.71282E-5 2.77821E-5 2.85037E-5 2.91949E-5 2.97204E-5 3.12105E-5 3.27641E-5 3.34657E-5 3.32871E-5 3.08816E-5 2.91291E-5 2.8346E-5 2.79488E-5 2.80037E-5 3.00717E-5 3.16456E-5 3.22147E-5 3.23732E-5 3.20865E-5 3.32302E-5 3.34863E-5 3.33893E-5 3.26699E-5 3.15199E-5 3.06927E-5
9.66555E-7 8.80675E-7 9.37157E-7 9.27083E-7 5.71853E-7 4.04632E-6 1.47731E-5 2.09693E-5 2.50966E-5 3.82267E-5 3.23012E-5 2.95844E-5 3.16704E-5 3.47445E-5 3.61797E-5 3.7365E-5 4.28326E-5 4.42982E-5 4.18488E-5 4.63333E-5 4.75475E-5 4.96738E-5 4.69052E-5 4.12432E-5 4.12518E-5 3.58781E-5 3.19783E-5 2.81001E-5 2.67533E-5 2.666E-5 2.61277E-5 2.54825E-5 2.54095E-5 2.59244E-5 2.60961E-5 2.56561E-5 2.63311E-5 2.65529E-5 2.6862E-5 2.6809E-5 2.74149E-5 2.87586E-5 3.03534E-5 3.13908E-5 3.11117E-5 2.22032E-5 2.31696E-5 3.36334E-5 3.28848E-5 3.16371E-5 2.94371E-5 2.92453E-5 2.91797E-5 2.80344E-5 2.84974E-5 3.11801E-5 3.23244E-5 3.21048E-5 3.19012E-5 3.23457E-5 3.32747E-5 3.4522E-5 3.4551E-5 3.47167E-5 3.28519E-5 3.038E-5
1.36266E-6 1.63446E-6 1.83662E-6 1.63574E-6 1.21132E-6 6.88845E-6 1.72722E-5 2.21674E-5 2.60355E-5 3.99331E-5 3.34927E-5 2.98765E-5 3.18117E-5 3.42141E-5 3.63965E-5 3.60552E-5 3.75719E-5 4.10434E-5 4.59518E-5 4.83448E-5 4.68962E-5 4.30047E-5 4.10104E-5 3.88676E-5 3.68069E-5 3.69388E-5 3.03917E-5 2.69956E-5 2.62994E-5 2.5898E-5 2.57499E-5 2.58491E-5 2.62128E-5 2.6562E-5 2.65923E-5 2.68612E-5 2.70512E-5 2.70739E-5 2.72779E-5 2.81504E-5 2.96717E-5 3.12661E-5 3.26758E-5 3.30045E-5 3.29132E-5 3.36093E-5 1.18929E-5 2.41537E-5 3.21953E-5 2.96317E-5 2.89156E-5 2.95776E-5 2.82176E-5 2.81462E-5 2.9358E-5 3.13709E-5 3.23552E-5 3.24847E-5 3.24757E-5 3.26119E-5 3.29318E-5 3.53323E-5 3.64528E-5 3.61001E-5 3.30251E-5 3.05012E-5
1.56452E-6 2.31107E-6 3.24844E-6 1.93884E-6 2.59278E-6 8.85973E-6 1.94999E-5 2.28163E-5 2.50105E-5 2.7684E-5 3.25279E-5 3.3691E-5 3.50252E-5 3.69529E-5 3.6484E-5 3.7243E-5 3.80739E-5 4.34134E-5 4.46567E-5 4.97805E-5 4.67354E-5 3.84696E-5 3.33562E-5 3.60555E-5 3.67574E-5 3.68311E-5 2.98909E-5 2.68252E-5 2.65875E-5 2.63098E-5 2.63457E-5 2.65276E-5 2.68805E-5 2.69319E-5 2.73934E-5 2.78386E-5 2.72511E-5 2.73951E-5 2.85261E-5 3.04809E-5 3.1585E-5 3.25852E-5 3.35574E-5 3.34637E-5 3.38719E-5 3.48002E-5 3.55419E-5 3.4138E-5 3.20088E-5 3.12258E-5 3.02184E-5 2.93344E-5 2.85617E-5 2.9241E-5 3.07956E-5 3.24087E-5 3.32148E-5 3.25772E-5 3.28055E-5 3.30851E-5 3.39793E-5 3.63729E-5 3.86857E-5 3.85884E-5 3.48258E-5 3.26365E-5
1.02526E-6 2.29856E-6 3.76409E-6 1.38856E-6 2.19219E-6 1.07895E-5 2.13823E-5 2.33427E-5 2.54397E-5 2.51008E-5 3.01203E-5 3.47578E-5 3.79908E-5 3.73368E-5 3.65815E-5 3.91584E-5 3.71537E-5 4.20861E-5 4.56216E-5 4.54421E-5 4.54869E-5 3.64034E-5 2.97261E-5 3.19134E-5 3.49476E-5 3.71946E-5 2.96347E-5 2.68428E-5 2.69027E-5 2.68715E-5 2.68579E-5 2.71885E-5 2.74479E-5 2.80117E-5 2.8264E-5 2.87584E-5 2.81813E-5 2.76919E-5 2.88445E-5 3.11113E-5 3.17603E-5 3.21973E-5 3.19042E-5 3.14095E-5 3.25998E-5 3.33696E-5 3.53043E-5 3.54253E-5 3.31982E-5 3.26431E-5 3.23477E-5 3.11314E-5 3.03331E-5 3.06957E-5 3.1292E-5 3.26719E-5 3.29546E-5 3.24297E-5 3.20795E-5 3.19576E-5 3.36153E-5 3.68596E-5 3.99445E-5 3.81982E-5 3.49006E-5 3.29997E-5
1.02915E-6 1.69483E-6 3.86057E-6 2.44734E-6 1.62817E-6 1.19663E-5 2.27674E-5 2.37616E-5 2.61904E-5 2.616E-5 3.07535E-5 3.5526E-5 3.74163E-5 3.41098E-5 4.04946E-5 4.05599E-5 4.08502E-5 4.27296E-5 4.45411E-5 4.13661E-5 4.37193E-5 3.26158E-5 2.60958E-5 2.88721E-5 3.61153E-5 3.62079E-5 2.90287E-5 2.70774E-5 2.70281E-5 2.71011E-5 2.74365E-5 2.77608E-5 2.81611E-5 2.82666E-5 2.8172E-5 2.94535E-5 2.97555E-5 2.91294E-5 2.91374E-5 3.06824E-5 3.07505E-5 3.05204E-5 3.05527E-5 3.05213E-5 3.16667E-5 3.27922E-5 3.53407E-5 3.46853E-5 3.36487E-5 3.35158E-5 3.37106E-5 3.25611E-5 3.15404E-5 3.19538E-5 3.20764E-5 3.2364E-5 3.21407E-5 3.18085E-5 3.18492E-5 3.19475E-5 3.44274E-5 3.72998E-5 3.76887E-5 3.54392E-5 3.25225E-5 3.28211E-5
1.87235E-6 2.5625E-6 5.03129E-6 3.25022E-6 2.43437E-6 1.27396E-5 2.36024E-5 2.41179E-5 2.66663E-5 2.60336E-5 3.29146E-5 3.85026E-5 3.58379E-5 3.67693E-5 4.50194E-5 4.25195E-5 4.39075E-5 4.24312E-5 4.19252E-5 4.04028E-5 4.17022E-5 2.71305E-5 2.3971E-5 3.01841E-5 3.9197E-5 3.32263E-5 2.90326E-5 2.77684E-5 2.75308E-5 2.77246E-5 2.77153E-5 2.76673E-5 2.7778E-5 2.82661E-5 2.86884E-5 2.98266E-5 3.01876E-5 3.03017E-5 2.96994E-5 3.03191E-5 2.98724E-5 2.92132E-5 3.00714E-5 3.17268E-5 3.51573E-5 3.64334E-5 3.63358E-5 3.45474E-5 3.23804E-5 3.36768E-5 3.39004E-5 3.32998E-5 3.37648E-5 3.35765E-5 3.24575E-5 3.33665E-5 3.50399E-5 3.48229E-5 3.40975E-5 3.32873E-5 3.42291E-5 3.46131E-5 3.34008E-5 3.30445E-5 3.11047E-5 3.1992E-5
2.30034E-6 1.96018E-6 3.48616E-6 6.33158E-6 7.01091E-6 1.27404E-5 2.35447E-5 2.65276E-5 2.85776E-5 2.81871E-5 3.10075E-5 3.7141E-5 4.22338E-5 4.41784E-5 4.42395E-5 4.53817E-5 4.32122E-5 4.22395E-5 4.41021E-5 4.60461E-5 3.31551E-5 2.5361E-5 2.57049E-5 3.45148E-5 4.34612E-5 3.04424E-5 2.84762E-5 2.81707E-5 2.88884E-5 2.88785E-5 2.88686E-5 2.84781E-5 2.86613E-5 2.93088E-5 2.93986E-5 2.94128E-5 3.10677E-5 3.12832E-5 3.04806E-5 3.12403E-5 3.13463E-5 3.05591E-5 3.19199E-5 3.40255E-5 3.52647E-5 3.40702E-5 3.2712E-5 3.10018E-5 3.27325E-5 3.47023E-5 3.55738E-5 3.39177E-5 3.29092E-5 3.32798E-5 3.32378E-5 3.36511E-5 3.39985E-5 3.53689E-5 3.53733E-5 3.56654E-5 3.55923E-5 3.43608E-5 3.25956E-5 3.12975E-5 2.99668E-5 3.05135E-5
2.03601E-6 2.33628E-6 3.39046E-6 3.07613E-6 8.81969E-6 1.83577E-5 2.60963E-5 2.70751E-5 2.81502E-5 2.74486E-5 2.78909E-5 3.54167E-5 4.59025E-5 4.09424E-5 4.41411E-5 4.61718E-5 4.40854E-5 4.32442E-5 4.59468E-5 3.66528E-5 2.84187E-5 2.56122E-5 2.69766E-5 3.77512E-5 1.60955E-5 3.09486E-5 2.8486E-5 2.89821E-5 2.95851E-5 2.99309E-5 3.01214E-5 3.02212E-5 3.08549E-5 3.15495E-5 3.12226E-5 3.06484E-5 3.12923E-5 3.27525E-5 3.29605E-5 3.34697E-5 3.33635E-5 3.2343E-5 3.29347E-5 3.42794E-5 3.35631E-5 3.21345E-5 3.05548E-5 3.13434E-5 3.3557E-5 3.37837E-5 3.47949E-5 3.32191E-5 3.24297E-5 3.21931E-5 3.24442E-5 3.42715E-5 3.48721E-5 3.49792E-5 3.55283E-5 3.6751E-5 3.66727E-5 3.55267E-5 3.38157E-5 3.25083E-5 3.09469E-5 2.98692E-5
2.2525E-6 3.37521E-6 6.22163E-6 3.33612E-6 6.40337E-6 1.85248E-5 2.63067E-5 2.75351E-5 2.94611E-5 2.71002E-5 2.80434E-5 3.12976E-5 3.96476E-5 4.21311E-5 4.70293E-5 5.04795E-5 4.50019E-5 3.91381E-5 3.64003E-5 3.0814E-5 2.7367E-5 2.69935E-5 2.90539E-5 4.22286E-5 8.67579E-6 3.34039E-5 3.14034E-5 3.16933E-5 3.14766E-5 3.12821E-5 3.18457E-5 3.27577E-5 3.35751E-5 3.36953E-5 3.33023E-5 3.27164E-5 3.23464E-5 3.45636E-5 3.53795E-5 3.47946E-5 3.3874E-5 3.27298E-5 3.28251E-5 3.40321E-5 3.26792E-5 3.08372E-5 3.03505E-5 3.08817E-5 3.13144E-5 3.24946E-5 3.26455E-5 3.26754E-5 3.12416E-5 3.12053E-5 3.24975E-5 3.47828E-5 3.60633E-5 3.49048E-5 3.57125E-5 3.69594E-5 3.59088E-5 3.45653E-5 3.37462E-5 3.34059E-5 3.1941E-5 3.05872E-5
