catData/rasterBestHybridModels/Pviverrinus/RDbal_RM2_L/Pviverrinus_stddev.asc
ncols         409
nrows         350
xllcorner     60.897278365
yllcorner     5.843756025
cellsize      0.0892857
NODATA_value  -9999
[rows 58 to 86 of 350, columns 66 to 131 of 409]
-9999 -9999 -9999 -9999 -9999 -9999 -9999 -9999 -9999 -9999 -9999 -9999 -9999 -9999 -9999 -9999 -9999 -9999 -9999 -9999 -9999 -9999 -9999 -9999 -9999 -9999 -9999 8.48663E-7 1.01933E-6 1.12997E-6 1.19117E-6 1.09022E-6 1.39747E-6 1.30795E-6 8.46188E-7 2.30715E-6 3.23246E-6 3.68169E-6 4.0862E-6 4.36162E-6 4.42706E-6 4.5458E-6 4.72882E-6 4.90999E-6 5.0979E-6 6.39526E-6 5.63699E-6 8.76639E-6 5.61726E-6 5.1166E-6 5.17162E-6 4.83424E-6 4.84737E-6 4.89947E-6 4.94548E-6 4.9624E-6 4.97562E-6 4.89253E-6 4.96277E-6 5.0554E-6 5.44515E-6 8.13695E-6 9.42734E-6 7.13782E-6 7.58005E-6 7.21067E-6
-9999 -9999 -9999 -9999 -9999 -9999 -9999 -9999 -9999 -9999 -9999 -9999 -9999 -9999 -9999 2.88451E-7 -9999 -9999 -9999 3.06555E-7 3.24874E-7 -9999 -9999 -9999 -9999 -9999 7.06214E-7 6.8233E-7 8.0047E-7 1.00263E-6 1.01769E-6 1.10651E-6 1.17038E-6 7.66037E-7 8.30293E-7 1.16214E-6 3.09164E-6 3.65332E-6 4.08289E-6 4.39815E-6 4.50085E-6 4.56909E-6 4.70207E-6 5.08283E-6 5.2293E-6 7.16301E-6 5.57569E-6 9.80419E-6 5.48475E-6 5.20502E-6 5.25402E-6 5.18195E-6 4.87005E-6 4.83543E-6 5.02665E-6 4.99866E-6 4.76442E-6 4.77023E-6 4.98275E-6 5.07509E-6 5.35444E-6 6.27699E-6 7.86174E-6 7.07772E-6 6.21995E-6 6.20597E-6
-9999 -9999 -9999 -9999 -9999 -9999 -9999 -9999 -9999 -9999 -9999 -9999 -9999 -9999 2.976E-7 2.96098E-7 2.75439E-7 2.76095E-7 3.01438E-7 3.20293E-7 3.25298E-7 3.25684E-7 -9999 -9999 -9999 -9999 5.61798E-7 5.7863E-7 8.3575E-7 9.09918E-7 9.88229E-7 9.81457E-7 7.69869E-7 6.8392E-7 8.8546E-7 6.23305E-7 2.79839E-6 3.81377E-6 4.02476E-6 4.38136E-6 4.53363E-6 4.66687E-6 4.80639E-6 5.04175E-6 7.53082E-6 5.29376E-6 5.47334E-6 9.11641E-6 5.72103E-6 5.58153E-6 5.8157E-6 5.04657E-6 4.88032E-6 4.85352E-6 5.05778E-6 4.92915E-6 4.61554E-6 4.7887E-6 4.99361E-6 5.1684E-6 6.59301E-6 7.86309E-6 7.32887E-6 6.53738E-6 6.11015E-6 6.16196E-6
-9999 -9999 -9999 -9999 -9999 -9999 -9999 -9999 -9999 -9999 -9999 -9999 -9999 2.99135E-7 2.87593E-7 2.89456E-7 2.91414E-7 2.88886E-7 3.11224E-7 3.38395E-7 3.18408E-7 3.1946E-7 3.92447E-7 -9999 5.31273E-7 5.32213E-7 4.54469E-7 6.40906E-7 8.24627E-7 7.49755E-7 8.47273E-7 8.08598E-7 5.01911E-7 6.19358E-7 7.85198E-7 3.007E-7 2.38202E-6 3.41542E-6 3.83415E-6 4.2783E-6 4.53742E-6 4.6373E-6 4.89097E-6 5.22964E-6 5.36053E-6 5.20889E-6 9.18757E-6 6.97301E-6 5.75475E-6 5.87284E-6 5.57795E-6 4.88535E-6 4.86438E-6 4.94536E-6 5.03691E-6 5.0273E-6 4.92979E-6 4.96281E-6 5.10411E-6 5.41473E-6 8.6507E-6 7.64644E-6 7.59198E-6 7.27126E-6 6.0925E-6 6.60897E-6
-9999 -9999 -9999 -9999 -9999 -9999 -9999 -9999 -9999 -9999 -9999 2.65145E-7 2.50539E-7 2.54158E-7 2.51241E-7 2.51026E-7 2.62767E-7 2.67329E-7 2.75095E-7 3.12911E-7 3.02504E-7 3.2721E-7 3.87334E-7 4.03569E-7 3.88626E-7 4.41762E-7 5.33127E-7 6.93194E-7 7.31022E-7 7.16815E-7 8.08508E-7 7.10215E-7 5.25366E-7 6.81804E-7 6.73311E-7 5.8904E-7 2.07256E-6 3.15669E-6 3.68029E-6 4.16086E-6 4.51521E-6 4.58473E-6 4.85308E-6 5.3127E-6 5.55087E-6 5.38816E-6 9.64234E-6 7.34334E-6 6.81361E-6 5.97639E-6 4.896E-6 4.89599E-6 4.96332E-6 4.96293E-6 4.99877E-6 5.08387E-6 5.11828E-6 5.09615E-6 5.25705E-6 5.44766E-6 6.94684E-6 7.76365E-6 5.99333E-6 6.20847E-6 7.10619E-6 9.1145E-6
-9999 -9999 -9999 -9999 -9999 -9999 -9999 -9999 -9999 2.60137E-7 2.33584E-7 2.23185E-7 2.17849E-7 2.31958E-7 2.39542E-7 2.3345E-7 2.41058E-7 2.57392E-7 2.80604E-7 3.05137E-7 2.7421E-7 3.20905E-7 3.61399E-7 3.22082E-7 3.9005E-7 4.15358E-7 4.56756E-7 6.93239E-7 7.96356E-7 7.65645E-7 7.39575E-7 5.78492E-7 5.2713E-7 6.689E-7 7.37915E-7 9.06585E-7 1.57126E-6 2.98856E-6 3.64741E-6 4.12091E-6 4.38683E-6 4.50423E-6 4.82955E-6 5.34279E-6 6.18083E-6 7.3459E-6 8.89593E-6 7.16938E-6 5.95507E-6 5.87274E-6 4.90526E-6 4.93537E-6 5.05201E-6 4.99942E-6 4.96747E-6 4.98209E-6 4.97818E-6 4.98411E-6 5.24679E-6 5.87111E-6 6.55545E-6 5.92732E-6 6.01082E-6 6.25651E-6 8.24521E-6 8.76656E-6
-9999 -9999 -9999 -9999 -9999 -9999 -9999 -9999 -9999 -9999 -9999 2.34521E-7 2.26591E-7 2.35449E-7 2.48152E-7 2.50311E-7 2.59245E-7 2.7186E-7 2.93978E-7 3.02751E-7 2.7366E-7 3.32586E-7 3.07929E-7 3.31913E-7 3.81935E-7 4.0305E-7 5.19095E-7 7.52075E-7 7.94726E-7 7.22696E-7 6.51512E-7 5.78495E-7 5.83308E-7 6.32344E-7 9.04807E-7 1.07286E-6 9.89977E-7 2.79956E-6 3.45669E-6 3.91117E-6 4.22967E-6 4.46138E-6 4.89501E-6 5.2872E-6 5.2537E-6 8.12211E-6 8.03298E-6 5.75683E-6 5.31687E-6 5.50948E-6 4.97536E-6 4.94857E-6 5.01838E-6 4.97235E-6 4.94946E-6 4.91338E-6 4.93574E-6 4.93019E-6 5.21659E-6 6.34288E-6 6.0497E-6 6.43367E-6 5.88732E-6 6.30021E-6 7.01247E-6 7.15829E-6
3.3965E-7 3.15894E-7 2.86914E-7 -9999 -9999 -9999 -9999 -9999 2.45338E-7 2.22152E-7 2.22281E-7 2.14324E-7 2.14534E-7 2.23907E-7 2.35266E-7 2.49616E-7 2.59258E-7 2.57814E-7 2.44511E-7 2.60337E-7 2.96409E-7 3.08206E-7 3.27707E-7 3.48986E-7 3.62419E-7 4.44887E-7 5.92159E-7 7.24883E-7 7.06967E-7 6.26552E-7 5.48309E-7 5.85641E-7 6.11116E-7 7.59068E-7 1.02758E-6 7.99828E-7 1.06786E-6 2.65422E-6 3.33212E-6 3.76379E-6 4.22083E-6 4.57108E-6 4.9455E-6 5.19875E-6 5.51602E-6 8.30729E-6 8.4377E-6 5.49104E-6 5.53209E-6 6.10626E-6 5.37987E-6 4.93763E-6 5.03441E-6 4.98428E-6 4.96204E-6 4.9607E-6 4.95023E-6 4.96338E-6 5.42584E-6 6.44338E-6 6.31542E-6 5.79498E-6 5.85018E-6 5.88491E-6 6.05469E-6 7.81934E-6
3.24172E-7 3.06432E-7 2.73416E-7 2.6176E-7 2.30182E-7 2.26069E-7 2.22403E-7 2.38995E-7 2.10299E-7 1.9495E-7 1.83528E-7 1.78129E-7 1.74055E-7 1.92281E-7 2.05227E-7 2.20817E-7 2.32697E-7 2.44227E-7 2.51054E-7 2.79598E-7 3.42449E-7 3.55512E-7 3.65296E-7 3.54375E-7 3.50252E-7 4.90069E-7 6.71982E-7 6.95888E-7 6.38478E-7 5.53405E-7 5.39783E-7 5.70529E-7 6.33989E-7 8.89881E-7 1.28449E-6 1.09624E-6 1.53251E-6 2.64265E-6 3.28304E-6 3.79906E-6 4.19636E-6 4.5199E-6 4.86113E-6 5.0915E-6 5.46112E-6 7.43068E-6 8.59024E-6 6.1723E-6 5.27424E-6 6.57517E-6 5.28496E-6 4.89774E-6 4.97612E-6 4.9997E-6 5.01383E-6 5.06737E-6 5.19102E-6 5.31576E-6 6.38723E-6 8.10521E-6 5.83567E-6 6.18543E-6 5.90436E-6 5.98123E-6 6.09159E-6 6.66531E-6
2.72295E-7 2.43525E-7 2.30823E-7 2.23681E-7 2.25527E-7 2.31226E-7 2.29113E-7 2.39991E-7 2.31211E-7 2.13274E-7 2.08751E-7 2.22325E-7 2.32337E-7 2.42584E-7 2.33899E-7 2.31883E-7 2.41192E-7 2.84018E-7 3.1628E-7 3.69479E-7 4.17432E-7 4.3651E-7 3.30916E-7 3.77561E-7 4.87853E-7 6.48406E-7 7.31674E-7 6.5781E-7 5.44263E-7 5.44646E-7 5.98773E-7 6.0793E-7 6.38426E-7 9.69231E-7 1.44606E-6 9.49633E-7 1.43523E-6 2.23269E-6 3.2532E-6 3.61655E-6 4.06137E-6 4.3722E-6 4.73997E-6 5.14354E-6 5.35606E-6 6.74215E-6 8.93854E-6 7.89457E-6 5.89953E-6 5.38199E-6 5.28201E-6 4.81394E-6 4.92197E-6 5.00368E-6 5.04175E-6 5.11086E-6 5.31653E-6 5.49746E-6 8.83513E-6 6.66914E-6 6.25866E-6 6.18461E-6 5.85414E-6 6.9288E-6 8.76847E-6 6.83228E-6
2.7281E-7 2.25553E-7 2.11837E-7 2.28468E-7 2.45585E-7 2.33422E-7 2.18508E-7 2.48419E-7 2.38323E-7 1.90578E-7 1.67281E-7 1.75346E-7 2.10667E-7 2.77165E-7 3.1918E-7 3.19996E-7 3.29563E-7 3.49511E-7 3.57827E-7 4.25474E-7 4.27935E-7 5.26043E-7 5.39339E-7 5.33951E-7 6.76171E-7 6.85321E-7 6.30417E-7 5.84695E-7 6.08019E-7 6.05843E-7 5.86059E-7 6.23531E-7 7.05817E-7 1.1036E-6 1.34661E-6 9.89469E-7 1.23167E-6 2.18159E-6 2.99724E-6 3.35625E-6 3.98582E-6 4.35924E-6 4.7257E-6 5.19984E-6 6.21967E-6 6.87858E-6 7.95315E-6 8.28456E-6 6.64534E-6 5.38544E-6 5.42117E-6 5.30314E-6 5.00733E-6 5.16956E-6 5.21772E-6 5.35315E-6 5.48209E-6 8.51582E-6 9.04751E-6 6.72883E-6 5.79593E-6 5.7403E-6 5.82474E-6 5.98328E-6 6.08559E-6 8.23201E-6
2.71108E-7 2.65016E-7 2.67109E-7 2.71102E-7 2.88361E-7 2.83503E-7 3.04353E-7 2.45856E-7 1.93504E-7 2.16133E-7 2.82953E-7 2.97622E-7 3.56706E-7 4.35876E-7 4.62947E-7 4.23852E-7 4.20943E-7 4.69021E-7 5.16843E-7 5.20307E-7 5.10499E-7 5.45519E-7 6.86725E-7 7.86054E-7 7.16078E-7 6.99794E-7 6.37135E-7 5.83363E-7 5.67075E-7 5.59893E-7 6.33617E-7 7.2187E-7 8.95121E-7 1.1573E-6 1.34132E-6 1.18081E-6 1.12407E-6 1.88023E-6 2.81533E-6 3.30692E-6 4.00483E-6 4.35326E-6 4.73937E-6 5.21495E-6 7.47297E-6 5.63816E-6 6.99878E-6 7.56478E-6 7.53855E-6 5.7204E-6 6.48161E-6 5.67869E-6 5.0946E-6 5.19623E-6 5.25652E-6 5.47166E-6 7.99507E-6 8.70502E-6 6.31116E-6 7.61942E-6 6.01577E-6 5.88887E-6 5.84967E-6 6.71726E-6 8.79718E-6 8.72878E-6
3.0188E-7 3.29442E-7 3.44957E-7 3.35229E-7 3.80948E-7 3.7399E-7 2.80995E-7 1.83214E-7 2.02832E-7 3.52536E-7 3.56682E-7 3.92191E-7 3.96234E-7 4.24729E-7 5.06934E-7 6.12571E-7 6.62092E-7 6.03989E-7 5.67552E-7 6.21159E-7 6.65775E-7 7.15716E-7 7.10731E-7 6.76319E-7 6.83245E-7 6.69242E-7 7.01037E-7 6.39885E-7 5.61082E-7 6.70678E-7 7.51865E-7 8.1239E-7 9.70482E-7 1.10486E-6 1.26981E-6 1.11491E-6 9.51309E-7 1.51709E-6 2.96301E-6 3.30485E-6 3.88965E-6 4.42864E-6 4.80307E-6 5.24175E-6 5.99699E-6 7.80668E-6 7.66328E-6 6.66011E-6 6.30602E-6 6.48882E-6 6.77771E-6 5.81504E-6 5.21643E-6 5.1151E-6 5.26543E-6 6.48934E-6 8.06893E-6 6.56419E-6 8.99539E-6 8.19303E-6 6.84078E-6 5.85641E-6 6.063E-6 6.34386E-6 8.67385E-6 9.41866E-6
5.79382E-7 6.06072E-7 6.70747E-7 6.28834E-7 4.01366E-7 2.82517E-7 2.66746E-7 2.70559E-7 2.956E-7 2.48316E-7 2.36407E-7 2.32321E-7 2.13751E-7 2.07735E-7 2.66252E-7 3.93578E-7 5.61285E-7 6.93366E-7 6.7003E-7 7.28672E-7 6.96353E-7 7.37723E-7 7.11654E-7 6.9888E-7 7.03483E-7 7.64259E-7 8.26122E-7 8.74501E-7 8.78101E-7 8.80734E-7 7.9884E-7 8.54486E-7 1.08506E-6 1.21395E-6 1.54763E-6 1.21485E-6 1.15187E-6 1.5856E-6 3.13058E-6 3.46774E-6 3.97786E-6 4.4894E-6 4.98953E-6 5.4097E-6 5.82631E-6 8.01422E-6 7.82838E-6 6.75229E-6 6.38365E-6 6.39589E-6 6.56241E-6 5.42748E-6 5.3487E-6 5.3219E-6 5.64542E-6 9.30851E-6 6.43817E-6 7.23913E-6 7.99199E-6 6.72113E-6 6.16118E-6 6.04394E-6 7.30789E-6 9.15799E-6 1.05326E-5 9.4869E-6
4.99885E-7 4.75795E-7 4.34009E-7 3.71486E-7 3.34353E-7 3.73246E-7 3.09669E-7 2.25805E-7 2.18576E-7 2.01757E-7 1.78779E-7 1.95381E-7 1.99332E-7 2.13857E-7 2.77613E-7 3.51318E-7 3.90641E-7 4.67051E-7 5.2386E-7 5.60796E-7 5.81047E-7 6.02478E-7 7.04419E-7 8.25288E-7 8.00093E-7 9.23103E-7 1.09196E-6 1.03662E-6 9.458E-7 9.62544E-7 9.16315E-7 1.05549E-6 1.27704E-6 1.3353E-6 1.60983E-6 1.83609E-6 1.74713E-6 2.05462E-6 3.10339E-6 3.65686E-6 3.93973E-6 4.3077E-6 4.99854E-6 5.39153E-6 5.62426E-6 7.78559E-6 8.39655E-6 7.97351E-6 6.82223E-6 5.66529E-6 6.05378E-6 5.48311E-6 5.48626E-6 5.50772E-6 6.99192E-6 7.15843E-6 6.33173E-6 7.08353E-6 6.79229E-6 5.9608E-6 5.99274E-6 6.73722E-6 8.51894E-6 7.8891E-6 7.49405E-6 9.19013E-6
4.74121E-7 4.40226E-7 3.66482E-7 3.1528E-7 3.36963E-7 3.0309E-7 2.59898E-7 2.70279E-7 2.737E-7 2.88049E-7 2.50018E-7 2.49113E-7 3.04895E-7 3.30372E-7 3.42999E-7 3.91047E-7 4.21007E-7 4.57323E-7 4.69565E-7 5.36473E-7 6.17147E-7 6.9481E-7 8.1564E-7 9.64423E-7 1.07006E-6 1.16386E-6 1.14752E-6 1.18772E-6 1.15647E-6 1.06463E-6 1.02084E-6 1.07834E-6 1.21869E-6 1.26457E-6 1.32704E-6 1.58615E-6 1.433E-6 2.13487E-6 3.08396E-6 3.46753E-6 3.80018E-6 4.34125E-6 4.92013E-6 5.38005E-6 6.63252E-6 6.64757E-6 8.11941E-6 6.9451E-6 5.97494E-6 5.9629E-6 5.50435E-6 5.56481E-6 5.69787E-6 5.99852E-6 6.87522E-6 8.87138E-6 9.85428E-6 9.0702E-6 7.04032E-6 9.33157E-6 8.91099E-6 8.04642E-6 9.41158E-6 1.02189E-5 1.00682E-5 9.94428E-6
4.08867E-7 3.92461E-7 3.68258E-7 3.51661E-7 3.2641E-7 3.11831E-7 3.18263E-7 3.39018E-7 3.92005E-7 3.2368E-7 2.69311E-7 2.32141E-7 2.60021E-7 3.53359E-7 4.3508E-7 4.52833E-7 4.91324E-7 5.87833E-7 7.55895E-7 9.13094E-7 9.76415E-7 1.00202E-6 1.07031E-6 1.02642E-6 1.05871E-6 1.19963E-6 1.27802E-6 1.26236E-6 1.16638E-6 1.08673E-6 1.05216E-6 1.05574E-6 1.10625E-6 1.26605E-6 1.43834E-6 1.40231E-6 1.71957E-6 1.84723E-6 2.65462E-6 3.29681E-6 3.72914E-6 4.37478E-6 4.91338E-6 5.54103E-6 7.38186E-6 6.8493E-6 9.09625E-6 8.38569E-6 6.15933E-6 5.71381E-6 5.52013E-6 5.66404E-6 5.78159E-6 8.18322E-6 9.21139E-6 1.01356E-5 9.46201E-6 7.62981E-6 7.44439E-6 9.84619E-6 1.00588E-5 8.58487E-6 8.22979E-6 1.00115E-5 1.00366E-5 1.01713E-5
3.53234E-7 3.66073E-7 3.44498E-7 3.14589E-7 2.92759E-7 2.3737E-7 4.12373E-7 5.3311E-7 5.14405E-7 3.49078E-7 4.0051E-7 3.76562E-7 3.8603E-7 4.62059E-7 5.73371E-7 6.29806E-7 6.31003E-7 6.5731E-7 7.47892E-7 9.63762E-7 1.1224E-6 1.20858E-6 1.21442E-6 1.17009E-6 1.22661E-6 1.40678E-6 1.22979E-6 1.3203E-6 1.21722E-6 1.16943E-6 1.11459E-6 1.10442E-6 1.05399E-6 1.15893E-6 1.42787E-6 1.20016E-6 1.77328E-6 1.31892E-6 2.77346E-6 3.3806E-6 3.91679E-6 4.49615E-6 5.09667E-6 5.8329E-6 8.16085E-6 6.64438E-6 9.36164E-6 9.05167E-6 7.91503E-6 5.8692E-6 5.68313E-6 6.00621E-6 7.98412E-6 9.81196E-6 9.814E-6 9.88172E-6 8.21962E-6 7.90254E-6 6.60192E-6 8.11058E-6 7.78536E-6 8.8741E-6 9.36534E-6 9.55025E-6 9.87078E-6 8.59486E-6
2.92599E-7 3.79669E-7 4.83184E-7 4.67159E-7 3.58063E-7 1.72564E-7 4.20956E-7 5.11519E-7 7.18677E-7 7.11427E-7 1.03878E-6 1.14188E-6 8.77332E-7 6.91331E-7 7.2245E-7 7.76927E-7 8.08742E-7 8.7817E-7 9.53197E-7 1.07211E-6 1.08445E-6 1.13927E-6 1.32882E-6 1.4325E-6 1.50717E-6 1.79571E-6 1.53291E-6 1.33522E-6 1.23168E-6 1.22397E-6 1.16511E-6 1.19766E-6 1.1771E-6 1.1316E-6 1.50006E-6 1.43525E-6 1.5895E-6 1.5417E-6 3.1435E-6 3.55866E-6 4.07834E-6 4.73739E-6 5.44088E-6 6.41851E-6 6.92858E-6 6.1818E-6 7.78364E-6 8.7596E-6 8.95507E-6 8.3187E-6 8.63785E-6 8.22235E-6 7.35973E-6 9.02559E-6 9.94403E-6 9.99103E-6 6.55329E-6 6.61563E-6 8.66612E-6 8.06699E-6 7.62255E-6 7.68791E-6 7.73788E-6 6.02167E-6 6.72543E-6 7.90391E-6
3.12469E-7 4.17444E-7 4.56879E-7 3.93914E-7 3.59686E-7 2.95232E-7 5.04895E-7 6.34656E-7 8.76195E-7 1.37923E-6 1.39708E-6 1.35689E-6 1.41946E-6 1.39122E-6 1.04684E-6 7.96484E-7 7.82392E-7 9.34511E-7 1.16077E-6 1.43312E-6 1.41739E-6 1.13863E-6 1.27889E-6 1.59969E-6 1.78017E-6 1.79685E-6 1.65346E-6 1.51063E-6 1.53216E-6 1.5317E-6 1.37193E-6 1.20907E-6 1.21033E-6 1.33162E-6 1.61621E-6 1.78536E-6 1.33275E-6 1.73532E-6 3.44178E-6 3.93653E-6 4.32547E-6 4.93728E-6 5.63872E-6 8.00401E-6 8.02733E-6 8.33674E-6 8.43235E-6 9.59776E-6 8.4136E-6 7.30696E-6 8.83414E-6 6.89215E-6 6.56081E-6 8.73853E-6 1.01165E-5 7.73944E-6 6.82762E-6 6.53673E-6 7.31009E-6 6.90858E-6 6.3852E-6 6.43685E-6 6.85979E-6 6.94222E-6 6.5291E-6 6.61595E-6
3.82776E-7 4.48742E-7 4.15963E-7 3.78022E-7 3.92375E-7 4.99158E-7 6.7377E-7 8.75097E-7 1.31921E-6 1.80624E-6 1.69859E-6 1.81421E-6 1.95225E-6 2.08272E-6 1.68278E-6 1.21395E-6 1.03547E-6 8.68183E-7 1.07533E-6 1.33908E-6 1.47581E-6 1.25358E-6 1.28663E-6 1.59733E-6 1.5814E-6 1.74963E-6 1.88898E-6 1.73078E-6 1.60726E-6 1.47579E-6 1.23379E-6 1.19846E-6 1.34619E-6 1.59647E-6 1.72416E-6 1.77342E-6 1.21139E-6 2.23753E-6 3.62946E-6 4.09693E-6 4.46493E-6 4.97034E-6 5.67359E-6 7.24548E-6 6.70594E-6 7.79465E-6 9.76046E-6 9.41986E-6 7.86407E-6 7.72094E-6 8.3294E-6 9.38483E-6 1.03085E-5 1.03059E-5 8.19121E-6 6.73507E-6 7.69472E-6 7.15542E-6 7.66674E-6 7.85143E-6 7.15957E-6 8.68468E-6 8.18247E-6 7.83041E-6 8.85565E-6 8.94127E-6
4.55529E-7 4.8674E-7 4.29909E-7 4.83349E-7 5.97194E-7 6.97019E-7 8.19964E-7 1.21934E-6 1.99277E-6 2.27509E-6 2.1614E-6 2.35183E-6 2.34254E-6 2.70796E-6 2.7639E-6 2.30368E-6 1.63804E-6 1.08743E-6 1.16878E-6 1.40536E-6 1.48749E-6 1.41724E-6 1.44728E-6 1.70781E-6 1.49208E-6 1.56257E-6 1.55122E-6 1.45688E-6 1.44051E-6 1.3801E-6 1.32223E-6 1.44536E-6 1.5015E-6 1.53422E-6 1.6431E-6 1.38013E-6 1.35304E-6 3.13626E-6 3.93026E-6 4.20549E-6 4.47802E-6 5.01844E-6 7.19901E-6 9.08944E-6 7.50226E-6 8.24692E-6 9.75939E-6 9.43677E-6 9.41601E-6 8.63828E-6 1.01601E-5 1.03992E-5 1.04481E-5 8.70456E-6 6.63936E-6 8.68516E-6 9.01474E-6 9.57479E-6 9.3033E-6 8.9824E-6 8.1458E-6 8.03445E-6 9.63041E-6 9.33696E-6 6.19392E-6 6.5355E-6
4.20413E-7 4.69885E-7 4.26786E-7 4.72833E-7 6.65504E-7 1.10201E-6 1.30672E-6 1.61052E-6 1.85234E-6 2.4847E-6 2.31178E-6 2.56417E-6 2.60266E-6 2.70273E-6 2.88553E-6 2.45191E-6 1.84904E-6 1.61847E-6 1.831E-6 1.74603E-6 1.6859E-6 1.66518E-6 1.6008E-6 1.701E-6 1.38423E-6 1.49495E-6 1.47688E-6 1.38253E-6 1.38753E-6 1.50187E-6 1.68594E-6 1.6544E-6 1.57221E-6 1.53586E-6 1.61415E-6 1.14205E-6 1.79695E-6 3.66595E-6 4.15026E-6 4.37025E-6 4.73138E-6 5.42311E-6 7.17778E-6 9.48673E-6 7.89696E-6 9.48188E-6 9.88241E-6 9.51358E-6 9.84387E-6 8.72583E-6 8.32249E-6 9.1068E-6 8.07791E-6 8.83828E-6 9.014E-6 9.56981E-6 9.75561E-6 9.79733E-6 9.77354E-6 8.96485E-6 6.4536E-6 8.81336E-6 8.44172E-6 6.6432E-6 7.98338E-6 6.71946E-6
3.22271E-7 3.99324E-7 4.03617E-7 4.34314E-7 6.2658E-7 1.19249E-6 2.01052E-6 2.2614E-6 2.12424E-6 2.41626E-6 2.34968E-6 2.61376E-6 2.81537E-6 2.90633E-6 2.94119E-6 2.90687E-6 2.9783E-6 2.47345E-6 2.44204E-6 2.40842E-6 1.70698E-6 1.73793E-6 1.77453E-6 1.68316E-6 1.60265E-6 1.58557E-6 1.52721E-6 1.66956E-6 1.90745E-6 1.98675E-6 1.88905E-6 1.68346E-6 1.89951E-6 1.89582E-6 1.5028E-6 1.62511E-6 3.01395E-6 3.9239E-6 4.27112E-6 4.58076E-6 5.10531E-6 6.58656E-6 7.57476E-6 9.70423E-6 7.96367E-6 9.55493E-6 1.00465E-5 9.87361E-6 9.2341E-6 8.82082E-6 9.09806E-6 6.99911E-6 7.74165E-6 8.11214E-6 9.49514E-6 8.23019E-6 9.35308E-6 9.19302E-6 9.46831E-6 9.80326E-6 6.64263E-6 5.87374E-6 6.11862E-6 6.485E-6 6.03229E-6 6.5692E-6
3.42406E-7 4.14617E-7 4.70014E-7 4.56342E-7 5.89088E-7 1.1722E-6 2.29004E-6 2.63662E-6 2.49446E-6 2.61461E-6 2.78807E-6 2.76308E-6 2.96485E-6 2.86858E-6 2.82609E-6 3.049E-6 2.99947E-6 3.01391E-6 2.16766E-6 2.21886E-6 1.64755E-6 1.87361E-6 2.17009E-6 1.95475E-6 1.76145E-6 1.85927E-6 1.81857E-6 1.98251E-6 2.24796E-6 2.22715E-6 2.06669E-6 2.01437E-6 2.14313E-6 1.83987E-6 1.53561E-6 1.91354E-6 3.56922E-6 4.0734E-6 4.33677E-6 4.70706E-6 5.39249E-6 6.92636E-6 7.77333E-6 8.48936E-6 6.59304E-6 1.02332E-5 9.96954E-6 9.85598E-6 7.90216E-6 7.6536E-6 7.60687E-6 7.78836E-6 9.22314E-6 8.62714E-6 8.4368E-6 6.05601E-6 7.87481E-6 8.6216E-6 1.0071E-5 8.84453E-6 6.16772E-6 5.83092E-6 8.24284E-6 7.70542E-6 6.16925E-6 7.21988E-6
4.05934E-7 3.89656E-7 4.7342E-7 5.30336E-7 7.13054E-7 1.72646E-6 2.23069E-6 2.88156E-6 2.73856E-6 3.08153E-6 3.28778E-6 3.51454E-6 3.58834E-6 3.4056E-6 3.27514E-6 3.05327E-6 2.98711E-6 3.09375E-6 2.7684E-6 2.56061E-6 2.58927E-6 2.39421E-6 2.2203E-6 1.91799E-6 1.84924E-6 1.88771E-6 1.85156E-6 1.80589E-6 2.04628E-6 2.06605E-6 2.03158E-6 2.17817E-6 1.97846E-6 1.96432E-6 2.35871E-6 2.24791E-6 3.76591E-6 4.46462E-6 4.724E-6 5.26559E-6 7.56183E-6 7.56868E-6 8.09462E-6 7.96503E-6 9.46387E-6 1.00763E-5 9.88207E-6 7.19747E-6 6.93025E-6 7.79273E-6 6.59137E-6 6.64621E-6 6.32839E-6 6.31337E-6 6.67068E-6 8.084E-6 9.35311E-6 8.65385E-6 8.5242E-6 7.59727E-6 6.16472E-6 7.81904E-6 5.88002E-6 5.43012E-6 5.55531E-6 5.4234E-6
4.27983E-7 4.18517E-7 4.61887E-7 6.05919E-7 5.99129E-7 1.52798E-6 1.94517E-6 2.87954E-6 3.08044E-6 3.51222E-6 3.64541E-6 3.85034E-6 3.77181E-6 3.77941E-6 3.75108E-6 3.51483E-6 3.13534E-6 2.73667E-6 2.40844E-6 2.20534E-6 2.00376E-6 1.78864E-6 1.96644E-6 1.94603E-6 1.89125E-6 1.80205E-6 1.83075E-6 2.00415E-6 1.95326E-6 1.81097E-6 2.15044E-6 2.4964E-6 2.40541E-6 2.39276E-6 1.89112E-6 3.42453E-6 4.16103E-6 4.96135E-6 5.18878E-6 6.83133E-6 9.07859E-6 9.37435E-6 9.62086E-6 6.77168E-6 1.01904E-5 9.66615E-6 8.45996E-6 6.86259E-6 9.51799E-6 6.60409E-6 6.57791E-6 6.4782E-6 8.22763E-6 9.3086E-6 7.63367E-6 9.28661E-6 9.77204E-6 8.87757E-6 6.40533E-6 5.85239E-6 5.4972E-6 5.30861E-6 5.3295E-6 5.30908E-6 5.45965E-6 5.41715E-6
3.99948E-7 4.09956E-7 4.60631E-7 4.24599E-7 6.8708E-7 7.68781E-7 1.3294E-6 3.01871E-6 3.37845E-6 3.70171E-6 3.69297E-6 3.83951E-6 3.86604E-6 3.82467E-6 3.74593E-6 3.47921E-6 3.23016E-6 2.90622E-6 2.78725E-6 2.74012E-6 2.41162E-6 2.15387E-6 2.14844E-6 2.06155E-6 1.95713E-6 1.75716E-6 1.77591E-6 1.78017E-6 1.94551E-6 2.28096E-6 2.615E-6 2.61191E-6 2.35953E-6 2.07979E-6 1.95503E-6 3.54679E-6 3.97782E-6 4.8218E-6 5.36209E-6 7.31224E-6 9.11494E-6 8.37387E-6 9.15807E-6 7.59358E-6 9.3867E-6 6.54149E-6 8.78183E-6 6.99548E-6 8.98873E-6 7.04854E-6 7.6462E-6 9.05697E-6 8.30063E-6 6.82885E-6 6.16559E-6 6.77621E-6 6.9054E-6 6.23986E-6 7.62933E-6 5.51368E-6 5.28084E-6 5.27601E-6 5.28695E-6 5.33212E-6 5.47704E-6 5.40816E-6
4.49113E-7 4.88186E-7 4.739E-7 4.52938E-7 5.95881E-7 6.51925E-7 1.66374E-6 3.15871E-6 3.61462E-6 3.67957E-6 3.78719E-6 4.00364E-6 3.96827E-6 3.96173E-6 3.87999E-6 3.60118E-6 3.06962E-6 2.93168E-6 2.88525E-6 2.81342E-6 2.84001E-6 2.57204E-6 2.77143E-6 2.57593E-6 2.17606E-6 2.06315E-6 2.07749E-6 2.19615E-6 2.37096E-6 2.44971E-6 2.35392E-6 2.40033E-6 2.42047E-6 2.56833E-6 2.88492E-6 3.3807E-6 3.78869E-6 4.62287E-6 6.5185E-6 7.93631E-6 8.8295E-6 8.11306E-6 9.88064E-6 7.25665E-6 7.74734E-6 6.94536E-6 9.52605E-6 6.20606E-6 6.71819E-6 7.52579E-6 7.71067E-6 6.605E-6 6.96603E-6 6.28946E-6 6.22755E-6 5.94899E-6 5.94954E-6 8.85206E-6 5.65128E-6 5.41461E-6 5.31402E-6 5.34452E-6 5.3519E-6 5.37897E-6 5.38162E-6 5.44619E-6
