catData/rasterBestHybridModels/Pviverrinus/RDbal_RM2_L/Pviverrinus_median.asc
ncols         409
nrows         350
xllcorner     60.897278365
yllcorner     5.843756025
cellsize      0.0892857
NODATA_value  -9999
[rows 174 to 202 of 350, columns 198 to 263 of 409]
1.4779E-5 1.094E-5 1.07446E-5 1.79519E-5 2.97818E-5 3.40967E-5 3.16211E-5 1.83434E-5 1.31344E-5 1.09169E-5 1.14375E-5 1.20376E-5 1.62222E-5 1.3608E-5 1.77686E-5 1.07107E-5 2.57632E-5 3.98089E-5 4.08212E-5 4.54286E-5 4.67067E-5 3.98702E-5 1.82737E-5 2.89032E-5 2.57961E-5 2.60741E-5 7.60371E-6 8.73734E-6 2.25822E-5 3.44757E-6 7.02426E-6 1.63161E-5 2.02936E-5 3.36477E-5 3.30033E-5 1.71253E-5 3.44761E-6 7.38663E-6 2.13338E-5 4.24509E-5 4.35927E-5 4.27156E-5 1.53447E-5 2.56242E-5 2.39468E-5 2.04146E-5 9.51296E-6 1.04348E-5 2.83046E-5 2.80904E-5 3.71062E-5 2.45464E-5 4.10501E-5 4.18355E-5 4.69927E-5 4.3916E-5 1.44128E-5 2.43603E-5 6.83794E-5 5.15082E-5 6.68801E-5 6.99221E-5 6.28734E-5 6.03785E-5 3.98909E-5 2.2211E-5
2.4656E-5 2.07038E-5 1.59203E-5 2.81903E-5 3.09451E-5 2.59978E-5 4.03673E-5 2.85965E-5 2.53219E-5 2.34782E-5 1.99835E-5 2.5194E-5 2.63667E-5 1.44795E-5 1.47122E-5 3.25225E-5 3.75424E-5 3.00024E-5 3.3409E-5 4.11637E-5 4.42623E-5 4.14824E-5 3.15496E-5 3.07543E-5 2.45718E-5 1.83579E-5 1.57635E-5 1.13477E-5 8.74964E-6 9.17787E-6 2.03262E-5 3.06511E-5 2.35549E-5 4.31509E-5 2.96681E-5 3.89229E-5 1.25471E-5 2.41267E-6 3.10541E-5 4.43442E-5 3.82262E-5 9.37958E-6 1.21128E-5 3.30129E-5 3.07237E-5 2.58782E-5 2.0271E-5 1.56139E-5 2.75277E-5 3.30228E-5 2.00201E-5 3.27242E-5 2.58289E-5 4.40932E-5 4.93244E-5 5.70454E-5 6.66432E-5 7.71461E-5 9.23782E-5 6.28744E-5 7.16614E-5 4.68788E-5 6.00841E-5 2.34186E-5 5.28444E-5 4.72046E-5
1.53581E-5 7.33735E-6 1.19319E-5 3.17165E-5 3.70348E-5 4.31236E-5 3.88189E-5 3.99898E-5 3.91042E-5 3.96898E-5 3.99858E-5 3.85379E-5 4.27416E-5 1.69855E-5 4.14132E-5 3.56623E-5 2.73196E-5 2.92215E-5 3.67061E-5 3.26632E-5 3.8332E-5 3.65738E-5 2.06009E-5 2.64289E-5 3.00531E-5 2.59845E-5 1.86023E-5 2.08554E-5 1.627E-5 4.3316E-6 3.6809E-5 2.00516E-5 4.09736E-5 5.06096E-5 2.92872E-5 4.3815E-5 3.66035E-5 3.71836E-5 4.49754E-5 4.64031E-5 1.47208E-5 2.24096E-5 2.41134E-5 1.79761E-5 2.77878E-5 4.16036E-5 3.47727E-5 4.22302E-5 3.97375E-5 4.0768E-5 2.30606E-5 2.91057E-5 3.9073E-5 4.64984E-5 5.23952E-5 6.23035E-5 7.95579E-5 1.02694E-4 1.08121E-4 8.54842E-5 6.81051E-5 2.19114E-5 1.67855E-5 4.12049E-5 3.98588E-5 3.09686E-5
1.27183E-5 2.03962E-5 1.77293E-5 3.75849E-5 1.73092E-5 7.54057E-5 1.51834E-5 2.33997E-5 4.4235E-5 4.35686E-5 3.84682E-5 3.89874E-5 3.19139E-5 3.4053E-5 3.36387E-5 4.18621E-5 4.47469E-5 3.07391E-5 1.56321E-5 1.70746E-5 2.96904E-5 5.99115E-6 7.03213E-6 2.50756E-5 2.17748E-5 9.80932E-6 3.19256E-5 1.6782E-5 2.76984E-5 2.48111E-5 6.35837E-5 4.99632E-5 3.41428E-5 1.20612E-5 2.79438E-5 2.9004E-5 2.16267E-5 4.29439E-5 4.67811E-5 4.59829E-5 3.36021E-5 3.2231E-5 2.91977E-5 2.7099E-5 2.67753E-5 4.0041E-5 3.27328E-5 4.16129E-5 3.05124E-5 3.02258E-5 4.14258E-5 3.62998E-5 4.38158E-5 4.98753E-5 5.4742E-5 6.45759E-5 8.96302E-5 1.0264E-4 1.03142E-4 6.16558E-5 7.09194E-5 3.31781E-5 3.95612E-5 5.75643E-5 6.17615E-5 5.65583E-5
1.83317E-5 8.9125E-6 8.78452E-6 1.77515E-5 6.11859E-5 3.87203E-4 4.61122E-5 4.38215E-5 4.1243E-5 4.41116E-5 3.91543E-5 4.33975E-5 3.02196E-5 1.63691E-5 1.17567E-5 2.24837E-5 3.11061E-5 4.35175E-5 1.7565E-5 2.02234E-5 1.32712E-5 1.12827E-5 1.03869E-5 2.67175E-5 2.767E-5 3.53802E-5 3.60845E-5 3.46051E-5 2.65034E-5 2.75817E-5 2.36664E-5 1.91837E-5 4.4142E-5 4.7714E-5 4.54964E-5 3.05745E-5 3.9384E-5 4.65928E-5 4.7442E-5 4.59264E-5 3.33186E-5 4.19687E-5 4.09783E-5 3.88693E-5 3.30682E-5 3.38278E-5 2.75869E-5 3.45235E-5 2.09415E-5 2.24068E-5 4.106E-5 3.92838E-5 4.67695E-5 5.36599E-5 5.78672E-5 6.55618E-5 9.09798E-5 1.03788E-4 9.35104E-5 6.27681E-5 7.28417E-5 4.47219E-5 3.16341E-5 6.41941E-5 6.42645E-5 4.99829E-5
1.23373E-5 1.74643E-5 1.25836E-5 1.41903E-5 1.98041E-5 2.06179E-5 2.58405E-5 4.24445E-5 2.99663E-5 2.54598E-5 2.57407E-5 3.32431E-5 2.10208E-5 3.26168E-5 3.26959E-5 2.01804E-5 4.42208E-5 2.87845E-5 1.14147E-5 1.42378E-5 3.70895E-5 1.69589E-5 2.16018E-5 3.48038E-5 3.47474E-5 3.43306E-5 3.87806E-5 3.52479E-5 4.2058E-5 3.97928E-5 4.6695E-5 4.09156E-5 4.12793E-5 4.80674E-5 4.7968E-5 3.68551E-5 4.34198E-5 4.71539E-5 4.9601E-5 4.25133E-5 4.20138E-5 1.85228E-5 1.75305E-5 2.34852E-5 2.40579E-5 3.67421E-5 1.708E-5 3.43198E-5 4.21234E-5 3.77673E-5 4.45884E-5 4.194E-5 5.26266E-5 5.68031E-5 6.54733E-5 7.08238E-5 9.11999E-5 9.28104E-5 6.85992E-5 4.47676E-5 5.16615E-5 4.54688E-5 4.61708E-5 5.14851E-5 5.82617E-5 4.84576E-5
2.9737E-5 2.35529E-5 2.64381E-5 1.45069E-5 3.06582E-6 3.7019E-6 3.48718E-6 6.20529E-6 3.18721E-5 3.64709E-5 3.72926E-5 3.38267E-5 2.81505E-5 1.76229E-5 3.3535E-5 3.80576E-5 1.88187E-5 2.135E-5 3.66446E-5 1.98684E-5 1.65103E-5 2.56921E-5 2.36205E-5 3.54214E-5 3.68982E-5 1.56115E-5 3.41429E-5 4.11808E-5 3.02854E-5 2.83651E-5 4.20413E-5 4.10026E-5 4.14929E-5 4.74091E-5 4.72611E-5 4.58227E-5 5.18939E-5 4.76965E-5 4.85844E-5 2.66111E-5 1.39773E-5 1.02783E-5 4.28097E-6 3.75193E-5 1.24293E-5 2.22753E-5 1.0701E-5 4.47449E-5 1.85479E-5 2.99571E-5 5.23427E-5 5.39726E-5 5.63238E-5 5.81443E-5 5.86267E-5 6.4571E-5 6.67758E-5 7.58071E-5 7.11778E-5 3.86544E-5 4.22957E-5 6.28648E-5 4.86552E-5 5.05109E-5 3.50985E-5 5.5394E-5
1.20603E-5 1.9978E-5 3.16153E-5 5.90928E-6 4.58939E-6 1.44387E-5 4.3255E-6 8.50346E-6 3.52939E-5 2.53137E-5 2.87043E-5 2.74381E-5 4.31404E-5 4.35297E-5 4.91641E-5 2.21676E-5 4.49468E-5 2.44084E-5 1.95028E-5 1.71552E-5 1.77487E-5 2.55327E-5 2.93338E-5 3.63892E-5 3.86585E-5 2.65093E-5 9.78942E-6 2.92262E-5 3.92229E-5 3.31729E-5 4.01434E-5 3.9215E-5 4.34547E-5 4.75267E-5 4.80656E-5 4.72095E-5 5.20344E-5 4.97569E-5 3.76269E-5 3.24133E-5 1.81169E-5 3.81309E-6 4.62216E-6 1.21152E-5 2.45227E-5 2.63166E-5 3.99539E-5 3.02747E-5 1.85039E-5 1.3946E-5 1.37581E-5 1.57844E-5 3.21628E-5 5.04473E-5 4.75397E-5 5.88681E-5 4.81247E-5 6.11216E-5 7.30672E-5 7.33261E-5 7.62418E-5 7.6179E-5 8.06787E-5 7.28792E-5 3.21313E-5 4.8928E-5
2.53714E-5 2.51183E-5 3.27227E-5 2.50813E-6 1.13188E-5 1.38421E-5 2.62684E-5 1.30298E-5 9.18234E-6 4.13589E-5 3.24178E-5 2.30139E-5 2.88388E-5 4.99775E-5 2.6262E-5 1.32911E-5 2.67427E-5 4.73514E-5 4.80963E-5 3.1858E-5 7.94538E-6 1.80472E-5 2.99038E-5 3.18794E-5 2.83772E-5 2.01006E-5 3.40991E-5 2.07487E-5 2.38631E-5 4.39186E-5 4.10581E-5 4.23252E-5 4.54042E-5 4.68862E-5 4.53747E-5 5.12843E-5 4.95774E-5 4.80169E-5 1.93238E-5 2.34994E-5 8.4277E-6 9.24318E-6 1.28929E-5 1.66976E-5 1.83709E-5 3.33461E-5 3.26813E-5 1.19961E-5 2.0683E-5 3.69227E-5 2.31687E-5 4.19783E-5 4.49616E-5 4.44893E-5 5.56051E-5 5.89603E-5 6.63026E-5 6.95673E-5 6.77756E-5 7.41337E-5 7.67184E-5 7.40352E-5 6.50417E-5 7.76249E-5 8.24331E-5 6.69412E-5
1.51835E-5 3.27523E-5 4.12046E-5 8.15889E-6 1.83586E-6 1.08029E-6 1.69757E-5 3.74145E-5 2.86626E-5 2.20174E-5 4.19389E-5 1.28841E-5 1.8858E-5 3.20863E-5 2.50038E-5 4.493E-5 3.40422E-5 1.65077E-5 2.96234E-5 1.36208E-5 2.59371E-5 2.28511E-5 2.28861E-5 1.34179E-5 2.61782E-5 2.33622E-5 1.9501E-5 1.77247E-5 2.14184E-5 4.78095E-5 2.00036E-5 3.44636E-5 4.46029E-5 4.93305E-5 5.00065E-5 4.09342E-5 3.40447E-5 2.07217E-5 2.1683E-5 3.31871E-5 1.15705E-5 6.4474E-6 4.51201E-6 1.84538E-5 2.21517E-5 3.13155E-5 1.89681E-5 1.10848E-5 2.56381E-5 3.64151E-5 3.86644E-5 4.93027E-5 5.29E-5 5.19981E-5 2.95672E-5 6.16536E-5 5.79033E-5 6.97634E-5 5.52627E-5 4.66031E-5 3.6404E-5 2.27449E-5 1.2616E-5 2.23848E-5 6.98973E-5 9.74692E-5
9.63512E-8 1.04476E-6 1.5624E-6 3.64356E-6 1.41722E-7 1.41694E-6 6.58156E-6 1.84216E-5 2.54665E-5 2.62554E-5 1.29746E-5 1.18298E-5 4.37262E-5 4.61445E-5 4.46559E-5 3.57996E-5 4.88864E-5 4.2432E-5 4.01991E-5 4.42025E-5 4.64995E-5 3.91735E-5 2.69324E-5 1.39885E-5 1.55771E-5 2.81405E-5 9.11387E-6 1.52009E-5 3.4337E-5 4.1692E-5 3.35327E-5 3.17247E-5 4.02476E-5 4.48916E-5 2.89029E-5 3.53709E-5 3.34649E-5 3.66352E-5 3.45506E-5 4.15589E-5 4.05185E-5 3.17273E-5 1.97806E-5 2.00708E-5 3.72398E-5 3.17886E-5 3.6121E-5 2.06906E-5 3.96747E-5 4.46777E-5 4.49827E-5 1.55605E-5 5.17103E-5 4.58381E-5 7.2085E-6 3.78624E-5 5.59834E-5 5.52168E-5 3.5921E-5 4.20875E-5 2.87284E-5 3.96951E-5 5.19278E-5 4.96446E-5 4.82692E-5 6.81053E-5
5.29026E-8 5.1328E-7 4.97146E-7 2.60883E-6 1.15767E-6 1.24356E-6 2.81827E-6 1.38951E-5 2.80635E-5 1.47569E-5 1.34521E-5 1.86365E-5 3.32727E-5 2.64315E-5 2.24177E-5 6.07835E-6 4.52323E-5 4.68605E-5 4.88015E-5 4.20592E-5 4.15862E-5 4.1153E-5 3.635E-5 2.97473E-5 2.77616E-5 7.08732E-6 2.17091E-6 1.69035E-5 4.35583E-6 3.79584E-5 3.37522E-5 3.02408E-5 3.87866E-5 2.98094E-5 3.52404E-5 3.48136E-5 2.89979E-5 3.78846E-5 4.20771E-5 4.01883E-5 4.08828E-5 3.86021E-5 2.32375E-5 1.19454E-5 2.26953E-5 1.43213E-5 3.2448E-5 4.0143E-5 3.04217E-5 4.6548E-5 3.18091E-5 1.36206E-5 1.92276E-5 1.16656E-5 6.26093E-5 5.56941E-5 5.40978E-5 1.64409E-5 3.65901E-5 4.7265E-5 4.92285E-5 4.48252E-5 4.26072E-5 4.1701E-5 4.5287E-5 6.06597E-5
1.23368E-7 2.0787E-7 9.38339E-8 6.47988E-7 5.98363E-7 1.93643E-6 3.92938E-6 2.65386E-5 3.33563E-5 2.20908E-5 5.13223E-6 3.1394E-5 4.50463E-5 4.78691E-5 4.20573E-5 1.07309E-5 2.9529E-5 3.40406E-5 3.58975E-5 4.13268E-5 4.62859E-5 4.55741E-5 3.79486E-5 3.08774E-5 1.3913E-5 1.00151E-5 2.21332E-5 1.61074E-5 9.48795E-6 2.09931E-5 3.32464E-5 1.40772E-5 1.48556E-5 2.58731E-5 2.78013E-5 3.655E-5 3.75974E-5 4.02268E-5 4.2132E-5 2.65961E-5 3.85643E-5 4.06965E-5 1.94194E-5 2.11053E-5 3.44741E-5 2.17416E-5 3.68901E-5 3.00689E-5 1.31045E-5 9.69555E-6 1.4054E-5 1.75124E-5 3.20146E-5 2.17994E-5 3.80436E-5 5.06455E-5 3.36996E-5 4.61785E-5 4.86629E-5 4.0457E-5 3.27405E-5 4.01442E-5 3.97706E-5 4.22622E-5 3.71415E-5 5.14508E-5
4.08399E-8 1.06777E-7 6.04989E-7 3.7748E-7 8.1432E-7 2.67088E-6 8.13568E-6 2.2259E-5 4.34599E-5 4.49802E-5 2.95309E-5 1.17406E-5 3.37094E-5 5.12728E-5 5.04299E-5 2.16665E-5 4.51999E-5 4.51161E-5 5.05885E-5 4.8795E-5 4.86333E-5 4.38506E-5 4.25328E-5 2.48439E-5 1.98495E-5 2.59684E-5 1.39547E-5 3.17779E-5 2.38191E-5 1.8928E-5 2.33896E-5 1.26755E-5 6.36391E-6 7.1185E-6 1.11274E-5 2.98124E-5 3.27587E-5 3.71481E-5 4.0139E-5 3.82372E-5 3.29202E-5 2.64398E-5 1.9324E-5 1.9335E-5 3.47273E-5 1.75109E-5 1.31656E-5 2.20166E-5 2.68891E-5 1.69405E-5 1.48263E-5 1.05341E-5 1.40259E-5 2.34151E-5 3.68319E-5 2.57842E-5 4.34605E-5 1.43769E-5 4.5802E-5 4.25988E-5 3.59037E-5 3.31874E-5 3.46019E-5 3.92982E-5 4.10375E-5 4.92702E-5
3.54461E-7 4.74168E-8 9.12767E-8 1.44987E-7 3.70641E-6 3.24045E-6 9.77705E-7 5.27478E-6 2.43791E-5 5.16479E-5 4.73641E-5 3.81035E-5 5.07932E-5 5.10339E-5 4.34963E-5 1.9473E-5 3.2371E-5 3.6975E-5 4.58341E-5 5.00825E-5 4.64357E-5 4.23433E-5 4.02414E-5 3.75404E-5 4.10992E-5 3.95332E-5 3.37852E-5 1.35138E-5 3.63923E-5 2.24436E-5 1.74855E-5 1.7875E-5 1.29726E-5 3.07823E-6 4.67391E-6 2.34E-5 1.10821E-5 3.45389E-5 3.94816E-5 4.04186E-5 3.37117E-5 2.93831E-5 2.32627E-5 1.57108E-5 3.05767E-5 2.28447E-5 1.34779E-5 3.68558E-6 4.19121E-5 5.35378E-5 4.12442E-5 2.91691E-5 1.36676E-5 1.17599E-5 5.08207E-5 3.03356E-5 5.35394E-5 3.94302E-5 3.57576E-5 4.01027E-5 3.80289E-5 3.64883E-5 3.37328E-5 3.49063E-5 4.24271E-5 5.90187E-5
4.09816E-7 3.17156E-7 3.56252E-7 9.84508E-8 1.01084E-6 7.14431E-7 5.0502E-7 7.70063E-6 3.59893E-5 5.50687E-5 5.06394E-5 4.95628E-5 5.22116E-5 5.29988E-5 3.00154E-5 3.64801E-6 2.38421E-5 4.38255E-5 4.53543E-5 4.63241E-5 4.6291E-5 4.25774E-5 3.26657E-5 3.61261E-5 4.22723E-5 4.02268E-5 3.93888E-5 3.83328E-5 3.66091E-5 2.98953E-5 2.13571E-5 2.38342E-5 2.68429E-5 2.41986E-5 2.67906E-5 2.74266E-5 3.00092E-5 3.48818E-5 3.86143E-5 3.97143E-5 3.66983E-5 3.93616E-5 2.39374E-5 2.66826E-5 2.38303E-5 1.1914E-5 2.42063E-5 2.00957E-5 2.17704E-5 5.06944E-5 4.54851E-5 2.98498E-5 3.07285E-5 4.20921E-5 5.60509E-5 5.38411E-5 5.86466E-5 4.21089E-5 3.85044E-5 3.80424E-5 4.11741E-5 3.66579E-5 3.49394E-5 3.73682E-5 4.07874E-5 6.08193E-5
1.49824E-7 3.44323E-7 6.16299E-6 5.95008E-7 1.54508E-7 2.29022E-6 1.40179E-6 2.9018E-5 4.89238E-5 4.13498E-5 4.84323E-5 4.98999E-5 1.74405E-5 4.55267E-5 3.56272E-5 1.01883E-5 4.44567E-5 5.07655E-5 4.53494E-5 4.49522E-5 4.33993E-5 4.05997E-5 3.871E-5 3.21545E-5 3.84476E-5 4.23779E-5 4.17398E-5 4.03698E-5 3.80419E-5 3.38777E-5 2.29699E-5 1.27347E-5 1.6088E-5 2.48408E-5 1.63625E-5 6.27556E-6 1.3321E-5 2.49024E-5 3.2624E-5 3.28159E-5 3.48507E-5 3.99162E-5 2.81657E-5 3.13701E-5 8.05634E-6 3.61272E-6 2.75471E-6 6.57583E-6 1.49027E-5 1.93815E-5 3.5615E-5 4.19777E-5 4.80275E-5 4.59248E-5 2.24173E-5 2.29061E-5 5.12111E-5 5.62048E-5 4.39933E-5 3.39025E-5 3.76425E-5 3.53045E-5 3.29735E-5 3.52691E-5 3.81204E-5 7.94496E-5
2.07521E-7 6.31291E-7 1.55596E-6 1.00251E-6 5.90283E-6 1.76323E-6 2.72753E-6 8.93696E-6 5.09388E-5 3.83635E-5 3.1799E-5 4.94758E-5 3.63092E-5 2.23567E-5 1.98706E-5 1.64489E-5 3.79211E-5 5.22613E-5 5.05171E-5 4.67468E-5 4.60222E-5 4.62918E-5 4.22772E-5 4.00598E-5 4.26809E-5 4.11609E-5 4.18411E-5 4.19712E-5 3.96734E-5 3.70419E-5 2.75115E-5 1.40124E-5 1.79483E-5 1.333E-5 6.10881E-6 1.46143E-5 9.46316E-6 2.90028E-6 1.47683E-5 2.68212E-5 2.86773E-5 3.49249E-5 9.70803E-6 1.24371E-5 2.47993E-6 2.25511E-6 2.66443E-5 2.17367E-6 7.38659E-6 1.76217E-5 3.29768E-5 3.59311E-5 2.93871E-5 1.30943E-5 1.52887E-5 4.18675E-5 3.41362E-5 5.06019E-5 4.62707E-5 3.45049E-5 2.904E-5 3.10209E-5 3.0437E-5 3.73389E-5 5.45295E-5 1.04132E-4
5.65746E-7 8.77742E-8 1.15517E-6 2.57308E-6 3.59472E-7 1.10863E-6 3.17617E-6 1.80034E-6 3.25464E-5 5.58777E-5 2.42547E-5 9.51862E-6 2.95387E-6 6.22687E-6 3.9328E-5 5.19396E-5 4.13054E-5 5.13073E-5 5.06852E-5 4.87167E-5 4.79025E-5 4.30981E-5 4.4537E-5 4.21371E-5 3.99221E-5 3.3833E-5 3.88229E-5 3.7375E-5 3.7371E-5 3.8291E-5 2.93061E-5 2.50255E-5 1.61293E-5 1.12912E-5 7.29478E-6 1.14145E-5 1.99057E-5 1.52218E-5 8.53734E-7 1.44611E-6 1.71981E-5 2.95357E-5 2.21849E-6 2.95487E-6 4.94066E-6 2.20738E-6 4.82845E-7 1.20385E-6 7.39994E-6 5.94806E-6 9.40289E-6 2.28876E-5 1.28222E-5 3.23858E-5 2.38093E-5 3.00843E-5 3.23942E-5 4.76542E-5 4.90773E-5 3.61359E-5 2.60498E-5 2.67E-5 3.36091E-5 5.55631E-5 1.15166E-4 1.24878E-4
1.62599E-6 4.70338E-6 1.16536E-6 1.20276E-6 1.22245E-6 1.99916E-6 1.47692E-6 1.23296E-6 1.38179E-5 1.47113E-5 2.00905E-5 8.72412E-6 2.96896E-6 6.16493E-6 2.26186E-5 5.00529E-5 2.85525E-5 4.64934E-5 4.93447E-5 4.96226E-5 4.88938E-5 4.75251E-5 4.13818E-5 4.93298E-5 4.19435E-5 3.26047E-5 3.47473E-5 3.31345E-5 2.87577E-5 3.48744E-5 3.32637E-5 2.69292E-5 2.31101E-5 8.27214E-6 6.70058E-6 2.08139E-5 2.05418E-5 2.85227E-5 6.25231E-6 2.49846E-6 2.61512E-5 1.98415E-5 3.16791E-5 4.1354E-6 1.39201E-6 2.9051E-7 7.32984E-7 4.74106E-5 2.52409E-5 7.73947E-6 1.65124E-5 1.81775E-5 3.74294E-5 3.23526E-5 3.8682E-5 5.07611E-5 4.55844E-5 6.29447E-5 4.72207E-5 3.41111E-5 3.03108E-5 3.51098E-5 4.71755E-5 9.66406E-5 1.46006E-4 1.49844E-4
2.05894E-6 4.40575E-6 3.7426E-6 9.88333E-7 1.86018E-6 1.06035E-5 4.48255E-6 2.33005E-6 2.43279E-6 1.06931E-5 1.46884E-5 2.81339E-5 8.29793E-7 8.07526E-6 4.14262E-5 2.06823E-5 3.77033E-5 3.98283E-5 4.89609E-5 4.92071E-5 5.03948E-5 4.78685E-5 5.13848E-5 4.75294E-5 3.88115E-5 3.69471E-5 3.70304E-5 3.62908E-5 3.12453E-5 1.25078E-5 2.12705E-5 2.653E-5 2.88039E-5 2.42887E-5 5.53082E-6 1.03654E-5 1.43619E-5 2.89318E-5 1.90822E-5 4.67994E-7 8.19017E-6 1.09349E-5 5.40221E-6 3.06269E-5 2.87332E-5 5.3947E-7 1.0556E-7 3.5407E-5 2.24324E-5 2.34513E-5 3.81166E-5 3.91599E-5 3.45762E-5 3.68618E-5 4.77999E-5 4.5275E-5 6.22556E-5 9.26176E-5 5.48343E-5 4.19144E-5 4.44833E-5 3.88873E-5 4.68541E-5 9.16169E-5 1.47287E-4 1.45045E-4
4.19106E-6 7.1648E-6 8.52226E-6 4.3353E-6 6.5862E-7 5.43698E-6 6.26552E-6 1.36453E-6 3.04187E-6 3.0198E-6 8.3586E-6 2.68758E-5 3.07073E-6 5.27535E-6 4.59074E-5 2.51531E-5 1.90094E-5 5.408E-5 2.84761E-5 4.8497E-5 5.08363E-5 5.21944E-5 5.23155E-5 4.79059E-5 4.00674E-5 4.04911E-5 3.50137E-5 3.43675E-5 3.12552E-5 2.21638E-5 2.72023E-5 2.72743E-5 2.69538E-5 2.69928E-5 5.76794E-6 7.02209E-6 2.90425E-5 3.29382E-5 3.23919E-5 4.1371E-6 1.27125E-6 5.52718E-6 1.07711E-6 8.77745E-6 1.12509E-5 2.87318E-6 4.26648E-7 3.37963E-5 2.59783E-5 2.9679E-5 2.84841E-5 2.93991E-5 2.20284E-5 3.59353E-5 4.76467E-5 4.07955E-5 5.35364E-5 9.86682E-5 7.51067E-5 5.88621E-5 4.77563E-5 5.44244E-5 5.75056E-5 8.51452E-5 1.12827E-4 1.41995E-4
2.0364E-6 1.60927E-6 6.09692E-7 8.55265E-7 2.60632E-6 6.12389E-7 3.44736E-6 8.01142E-6 1.28426E-5 2.46463E-5 3.85043E-6 3.23024E-5 5.18056E-6 1.24921E-5 1.02528E-5 7.94653E-6 1.32077E-5 5.14269E-5 2.84827E-5 1.03602E-5 5.54917E-5 5.2283E-5 5.4936E-5 5.05048E-5 4.27266E-5 3.16859E-5 3.08269E-5 2.61195E-5 2.64076E-5 3.1086E-5 2.83641E-5 3.03134E-5 3.20485E-5 3.10346E-5 1.38884E-5 1.18316E-5 2.11349E-5 3.57864E-5 3.54042E-5 3.26022E-5 1.22825E-5 1.81297E-5 1.20751E-5 9.50001E-6 2.36463E-5 1.04951E-5 6.89835E-7 7.01099E-5 5.00002E-5 9.78788E-6 2.17057E-5 2.75053E-5 4.58801E-5 3.78878E-5 3.86527E-5 5.86384E-5 5.85902E-5 1.18387E-4 9.80903E-5 8.40986E-5 7.8684E-5 8.29642E-5 7.22656E-5 7.32304E-5 7.66882E-5 1.05611E-4
3.99686E-7 1.84363E-7 2.88132E-7 4.81495E-7 2.85045E-6 2.71414E-6 1.00123E-5 1.9714E-6 2.72626E-6 2.632E-5 2.01395E-5 5.73107E-6 2.56595E-6 1.05332E-5 1.42512E-5 7.85067E-6 1.12582E-5 4.10479E-5 5.59905E-5 3.74554E-5 5.90594E-5 5.93741E-5 5.82751E-5 5.88085E-5 4.96738E-5 3.82101E-5 3.15677E-5 2.67449E-5 2.73363E-5 3.26728E-5 3.6688E-5 4.07992E-5 3.42431E-5 3.55914E-5 1.62456E-5 4.83486E-6 1.06759E-5 1.53868E-5 1.53524E-5 3.44549E-5 1.79755E-5 1.66359E-5 6.21836E-6 8.81297E-6 1.51245E-5 1.21083E-5 7.57537E-6 4.41013E-5 3.43511E-5 9.70626E-6 1.76175E-5 2.17973E-5 4.24984E-5 4.86775E-5 6.31644E-5 6.11249E-5 6.02724E-5 9.81635E-5 1.14066E-4 9.61179E-5 7.93205E-5 6.66312E-5 6.6608E-5 7.60396E-5 8.21271E-5 1.35831E-4
3.99531E-6 7.38893E-6 6.37288E-6 3.58257E-7 4.22362E-7 1.86468E-5 2.19638E-5 9.9608E-6 1.05948E-5 1.80937E-5 1.38907E-5 9.26543E-6 1.10747E-5 5.81374E-6 8.78521E-6 1.13957E-5 1.69557E-5 4.9935E-5 5.63759E-5 3.76617E-5 6.18862E-5 5.22659E-5 5.75982E-5 5.75862E-5 4.4312E-5 3.5931E-5 3.04018E-5 2.57989E-5 2.81792E-5 3.65993E-5 3.65034E-5 4.46419E-5 3.94504E-5 3.74121E-5 2.28379E-5 5.96257E-6 1.94194E-5 1.80997E-5 1.94902E-5 1.41552E-5 8.38363E-6 7.62437E-6 2.71389E-6 9.46578E-6 6.76108E-6 8.23736E-6 1.244E-5 3.01834E-5 1.67607E-5 1.55398E-5 1.83889E-5 2.99302E-5 4.62461E-5 3.1473E-5 7.75648E-5 7.48168E-5 6.0793E-5 1.1678E-4 1.31229E-4 1.11292E-4 7.66263E-5 5.65748E-5 5.71177E-5 6.56731E-5 1.01787E-4 1.62396E-4
2.99738E-5 4.18683E-5 3.66298E-5 1.86093E-5 3.73966E-7 1.57476E-5 1.64669E-5 1.09824E-5 1.46586E-5 6.99663E-6 6.19115E-6 2.75464E-5 1.11541E-5 1.26427E-5 2.49745E-5 6.68526E-6 4.80103E-6 1.16828E-5 5.31563E-5 5.25777E-5 5.00085E-5 6.57339E-5 6.40535E-5 6.35962E-5 5.48424E-5 4.53386E-5 3.92624E-5 3.31248E-5 2.9706E-5 3.3081E-5 3.84731E-5 4.90037E-5 3.96097E-5 2.62924E-5 1.77527E-5 6.86533E-6 1.68579E-5 3.8103E-6 8.45628E-6 1.79029E-5 1.81593E-5 1.63673E-5 2.74786E-6 1.07991E-5 8.5859E-6 1.17826E-5 1.482E-5 3.2975E-5 2.34362E-5 2.30699E-5 1.45871E-5 2.74346E-5 3.87675E-5 6.3164E-5 8.05835E-5 6.55336E-5 7.80774E-5 1.15377E-4 1.34685E-4 1.24825E-4 1.00325E-4 6.5172E-5 5.9575E-5 6.18362E-5 9.22665E-5 1.71404E-4
1.82355E-5 2.19376E-5 4.11428E-5 4.89286E-5 3.68854E-5 3.08761E-5 2.97572E-5 6.71783E-6 1.09506E-5 5.99735E-6 7.84253E-7 9.51647E-7 1.27644E-6 1.37337E-5 1.62005E-5 1.06441E-5 2.40702E-5 3.58019E-5 3.74528E-5 4.21667E-5 4.79498E-5 6.50047E-5 6.51335E-5 6.47387E-5 6.16442E-5 4.95868E-5 4.55971E-5 3.65189E-5 3.76812E-5 3.13622E-5 2.47153E-5 5.24017E-5 4.14618E-5 8.2178E-6 4.58209E-6 1.39821E-5 1.39462E-5 1.91312E-5 2.21154E-5 1.69347E-5 2.66824E-5 1.04965E-5 1.40228E-5 2.76066E-5 1.41848E-5 8.24815E-6 1.36561E-5 2.66196E-5 2.33696E-5 1.16847E-5 9.86588E-6 3.1115E-5 5.02393E-5 7.56788E-5 8.24659E-5 5.45853E-5 9.05364E-5 1.48146E-4 1.18272E-4 9.64776E-5 1.221E-4 8.09774E-5 5.87855E-5 5.41223E-5 8.05037E-5 1.61911E-4
3.38241E-5 3.80339E-5 4.36379E-5 5.28041E-5 5.21897E-5 5.17007E-5 3.27883E-5 1.03525E-5 4.69514E-6 4.36877E-6 3.63731E-6 8.63986E-7 4.00047E-6 8.57148E-6 2.05055E-5 3.33869E-5 1.94873E-5 8.91462E-6 1.4924E-5 2.32385E-5 5.96929E-5 6.31896E-5 6.20569E-5 6.30917E-5 6.24805E-5 4.48181E-5 4.61104E-5 2.65699E-5 1.28572E-5 2.69716E-5 4.94122E-5 4.36109E-5 3.75846E-5 1.4807E-5 5.55736E-6 9.51113E-6 6.08965E-6 1.57029E-5 5.51215E-6 1.92717E-5 1.74776E-5 2.52247E-5 4.84962E-6 4.41982E-6 9.0346E-6 7.66652E-6 1.02886E-5 3.08697E-5 2.18667E-5 1.91016E-5 1.38928E-5 3.06832E-5 4.10986E-5 8.19456E-5 9.1367E-5 5.54653E-5 9.25373E-5 9.31685E-5 8.13156E-5 1.05481E-4 1.03441E-4 6.15955E-5 5.25217E-5 4.64925E-5 7.02035E-5 1.64493E-4
4.05308E-5 4.27431E-5 3.05806E-5 3.23863E-5 5.36122E-5 4.37162E-5 3.92598E-5 4.08013E-5 1.56155E-5 2.13216E-6 8.47617E-7 1.79485E-6 4.2864E-6 7.17346E-6 3.77134E-6 1.88205E-5 1.26813E-5 5.38763E-5 3.03191E-5 2.23805E-5 5.2036E-5 5.96212E-5 5.9341E-5 5.46484E-5 5.75141E-5 3.82198E-5 1.86573E-5 1.27881E-5 3.76522E-5 5.20538E-5 5.12232E-5 4.4821E-5 2.89313E-5 1.75786E-5 1.60111E-5 4.74952E-6 7.58499E-6 1.10267E-5 2.79447E-6 2.60637E-5 3.86096E-5 2.28753E-5 9.57162E-6 4.32163E-6 1.57195E-5 7.48915E-6 3.19613E-5 2.70073E-5 1.63522E-5 2.09968E-5 2.30189E-5 3.01944E-5 4.68252E-5 7.86952E-5 1.07456E-4 6.73817E-5 9.57293E-5 1.51371E-4 1.50866E-4 1.43018E-4 8.93434E-5 7.26862E-5 9.92476E-5 5.59875E-5 5.19265E-5 1.23302E-4
