catData/rasterBestHybridModels/Pviverrinus/RDbal_RM2_L/Pviverrinus_stddev.asc
ncols         409
nrows         350
xllcorner     60.897278365
yllcorner     5.843756025
cellsize      0.0892857
NODATA_value  -9999
[rows 232 to 260 of 350, columns 132 to 197 of 409]
-9999 -9999 -9999 -9999 -9999 -9999 -9999 -9999 3.80613E-5 4.22031E-5 3.82986E-5 3.88052E-5 3.1045E-5 1.94655E-5 1.41304E-5 8.47149E-6 1.1277E-5 5.84594E-6 7.42408E-7 7.88178E-7 6.95767E-7 1.31948E-6 3.26401E-6 5.6897E-6 9.20166E-6 1.12218E-5 1.23022E-5 1.05805E-5 8.48905E-6 6.75618E-6 8.54868E-6 1.75886E-6 2.90742E-6 2.06435E-6 1.04921E-5 9.24537E-6 2.82941E-6 4.25848E-6 5.75894E-6 5.46554E-6 5.63834E-6 3.97007E-6 1.2028E-5 1.10643E-5 8.10998E-7 1.48809E-6 8.87481E-6 7.87425E-6 5.50495E-6 4.35891E-6 1.00161E-6 7.32905E-6 6.70423E-6 9.9339E-6 1.21692E-5 1.20142E-5 9.63853E-6 3.99774E-6 5.45485E-6 9.16285E-6 1.79555E-6 1.57057E-7 2.29596E-6 5.16832E-6 7.71321E-6 7.51396E-6
-9999 -9999 -9999 -9999 -9999 -9999 -9999 -9999 2.6865E-5 6.25591E-5 4.52373E-5 4.16954E-5 3.63801E-5 2.50895E-5 1.39071E-5 1.24685E-5 9.35439E-6 3.35146E-6 2.97801E-6 8.52657E-6 2.15926E-6 1.72931E-6 5.63022E-6 7.49838E-6 1.27425E-5 8.27656E-6 1.00645E-5 6.78375E-6 3.24288E-6 5.10411E-6 6.87124E-6 5.20261E-6 6.25141E-6 3.47022E-6 6.24976E-6 7.44914E-6 1.66971E-6 5.22763E-6 2.87616E-6 3.74736E-6 6.56267E-6 3.49142E-6 1.00585E-5 1.48427E-6 3.08491E-6 1.39933E-6 8.69798E-6 5.74174E-6 1.07842E-5 9.27867E-6 2.82622E-6 4.66369E-6 8.93836E-6 8.57804E-6 8.61616E-6 8.01757E-6 6.14243E-6 5.38234E-6 8.61713E-6 3.65801E-6 1.99484E-6 7.09747E-6 8.67636E-6 5.3869E-6 1.96883E-6 1.25141E-6
-9999 -9999 -9999 -9999 -9999 -9999 -9999 -9999 -9999 4.52422E-5 4.66844E-5 4.91186E-5 3.51234E-5 2.1195E-5 1.57558E-5 1.37806E-5 1.37073E-5 4.03064E-6 4.41936E-6 1.691E-6 1.32163E-6 1.1391E-5 5.10822E-6 2.30028E-6 5.57609E-6 8.28762E-6 3.61214E-6 5.13706E-6 2.55679E-7 5.59376E-7 5.38749E-6 4.45985E-6 2.59859E-6 3.24694E-6 5.60285E-6 4.04282E-6 9.6113E-7 1.91514E-6 5.11636E-6 4.91915E-6 1.07758E-5 9.46555E-6 1.88462E-6 3.27465E-6 2.81922E-6 4.90563E-7 1.78582E-6 8.51958E-6 1.21231E-5 8.00067E-6 8.87557E-6 8.30206E-6 4.44477E-6 7.53545E-6 8.07174E-6 9.93729E-6 7.9073E-6 5.45502E-6 5.46078E-6 7.18189E-6 5.89412E-6 2.63446E-6 3.52129E-6 9.27084E-6 1.21925E-6 7.64028E-6
-9999 -9999 -9999 -9999 -9999 -9999 -9999 -9999 -9999 6.91162E-5 4.89073E-5 5.75925E-5 5.07926E-5 2.22846E-5 1.96624E-5 1.5594E-5 1.40481E-5 7.90317E-6 6.87131E-7 1.63965E-6 1.4013E-6 1.11614E-6 3.85251E-6 6.11885E-7 1.61322E-6 9.0586E-6 4.14168E-6 5.19266E-6 1.74257E-6 5.06432E-6 4.6978E-6 3.28796E-6 6.38802E-6 6.13466E-6 2.16304E-6 3.41751E-6 1.74147E-6 5.17505E-6 3.06499E-6 6.85264E-6 6.36419E-6 2.05347E-6 1.8389E-6 3.31626E-6 2.39318E-6 9.75078E-6 1.11183E-5 1.28015E-5 1.16372E-5 7.99139E-6 4.4655E-6 7.24411E-6 7.70368E-6 9.30573E-6 9.70784E-6 7.39685E-6 8.01821E-6 6.00064E-6 2.95516E-6 3.4101E-6 9.23392E-6 7.72837E-6 3.96817E-6 9.56453E-7 5.23981E-7 1.54553E-6
-9999 -9999 -9999 -9999 -9999 -9999 -9999 -9999 -9999 7.32306E-5 7.3149E-5 5.4527E-5 6.24992E-5 3.956E-5 2.04478E-5 1.35772E-5 1.37704E-5 1.09234E-5 8.33937E-6 6.42899E-7 1.40048E-6 6.9227E-7 1.69359E-7 7.99022E-7 2.67887E-6 3.23572E-6 1.26228E-6 2.29246E-6 2.79611E-6 3.01735E-6 8.52928E-6 6.69491E-6 2.27306E-6 1.21954E-6 2.51771E-6 2.38764E-6 5.94962E-6 6.48795E-6 2.36224E-6 6.54772E-6 6.81581E-6 3.8663E-6 2.54705E-6 4.48764E-6 4.45873E-6 1.046E-5 1.27236E-5 1.27295E-5 4.23165E-6 8.3105E-6 7.18674E-6 5.31735E-6 7.89406E-6 3.85074E-6 1.04414E-5 6.87822E-6 9.93152E-6 8.31952E-6 2.5307E-6 5.807E-6 8.39375E-6 4.70711E-6 8.35179E-6 8.20445E-6 6.08698E-6 7.17872E-7
-9999 -9999 -9999 -9999 -9999 -9999 -9999 -9999 -9999 -9999 3.66362E-5 7.90679E-5 7.13917E-5 4.72245E-5 2.01071E-5 1.37774E-5 1.40077E-5 9.68633E-6 1.09466E-5 4.83025E-6 1.26724E-5 5.52714E-6 5.37586E-7 2.04703E-6 2.6499E-6 6.2557E-7 2.62992E-6 4.40143E-6 6.973E-6 5.19045E-6 9.30767E-6 6.26122E-6 8.85153E-6 2.24506E-6 2.94051E-6 6.11969E-6 1.18326E-6 3.60485E-6 8.54907E-7 6.32902E-6 6.44822E-6 2.7136E-6 1.66407E-6 1.00657E-5 1.13513E-5 1.29928E-5 1.20513E-5 5.38115E-6 2.30049E-6 3.41588E-6 6.22689E-6 5.87998E-6 6.18111E-6 3.24993E-6 9.59942E-6 1.13973E-5 1.20058E-5 1.20916E-5 5.22537E-6 3.1462E-6 7.07533E-6 3.62455E-6 6.63092E-6 4.60444E-6 5.47662E-6 4.86089E-6
-9999 -9999 -9999 -9999 -9999 -9999 -9999 -9999 -9999 -9999 -9999 6.25321E-5 7.65484E-5 4.86768E-5 2.65709E-5 2.64456E-5 2.24327E-5 1.49773E-5 1.25307E-5 6.65831E-6 1.1975E-5 5.72259E-7 2.89874E-7 2.05866E-7 4.22953E-7 1.75285E-6 1.07202E-5 7.03276E-6 8.81801E-6 7.25608E-6 1.52215E-6 1.5118E-6 5.66819E-6 6.79088E-6 6.75206E-6 4.64016E-6 4.48186E-7 5.07E-7 4.26245E-7 5.50235E-6 8.09859E-6 6.44049E-7 3.12695E-7 1.05614E-5 1.27111E-5 1.26255E-5 1.11366E-5 2.57481E-6 1.34007E-6 4.14686E-6 6.43342E-6 1.05803E-5 4.18568E-6 7.58944E-6 8.37545E-6 6.10688E-6 4.0011E-6 5.94041E-6 6.08636E-6 6.02315E-6 6.62539E-6 4.68848E-6 5.08541E-6 3.97414E-6 2.75168E-6 3.9016E-6
-9999 -9999 -9999 -9999 -9999 -9999 -9999 -9999 -9999 -9999 -9999 -9999 4.91201E-5 3.52927E-5 4.6866E-5 2.51187E-5 1.8394E-5 1.50265E-5 1.33618E-5 1.45058E-5 9.0648E-6 6.17514E-6 5.49388E-6 1.66476E-6 6.1224E-7 5.85436E-6 1.99465E-6 1.70238E-6 6.40833E-6 8.75387E-6 5.52065E-6 5.47671E-6 7.36462E-6 7.10592E-6 5.50772E-6 1.4485E-6 2.26747E-6 5.02582E-7 8.21575E-8 3.66625E-7 3.1366E-7 2.32519E-6 3.68E-6 1.0026E-5 1.28428E-5 1.23766E-5 9.50995E-6 1.13846E-5 3.38528E-6 5.82644E-6 2.13265E-6 4.75853E-6 8.23807E-6 1.13593E-5 1.20481E-5 4.41474E-6 3.7333E-6 6.96102E-6 3.29256E-6 2.81082E-6 5.96791E-6 2.18934E-6 3.70571E-6 4.22536E-6 6.94824E-6 7.3658E-6
-9999 -9999 -9999 -9999 -9999 -9999 -9999 -9999 -9999 -9999 -9999 -9999 3.33738E-5 4.59603E-5 4.74118E-5 3.06808E-5 2.81447E-5 2.48402E-5 1.86272E-5 1.60742E-5 9.4341E-6 7.67075E-6 1.29898E-5 1.74988E-6 2.23635E-7 1.17607E-6 3.6337E-6 2.00294E-6 1.02083E-5 5.10045E-6 6.3202E-7 2.9864E-7 1.58529E-6 4.73568E-6 3.95628E-7 1.04128E-6 1.96193E-6 1.40317E-6 1.4176E-7 1.81874E-7 1.88777E-7 5.39714E-6 2.4008E-6 5.416E-6 1.38061E-5 1.11444E-5 9.72811E-6 1.16238E-5 6.44799E-6 9.5541E-6 5.40307E-6 1.33022E-6 4.58438E-6 1.06036E-5 6.05912E-6 1.21547E-5 6.9468E-6 9.06753E-6 4.4481E-6 2.74687E-6 1.321E-6 3.92744E-6 5.05012E-6 2.27829E-6 7.23974E-6 3.54968E-6
-9999 -9999 -9999 -9999 -9999 -9999 -9999 -9999 -9999 -9999 -9999 -9999 8.29275E-5 7.20977E-5 7.29302E-5 5.79389E-5 3.34011E-5 2.85556E-5 2.02983E-5 1.61174E-5 1.51239E-5 1.10231E-5 9.73512E-6 1.17756E-5 5.59903E-7 3.1075E-7 4.33919E-6 3.0422E-6 7.52339E-7 8.07189E-7 5.9711E-6 6.65369E-6 5.58769E-6 4.41657E-6 9.72545E-7 6.00693E-7 1.40143E-6 5.92073E-6 1.13285E-6 2.26611E-7 1.71727E-7 1.44328E-6 3.82965E-6 1.25839E-5 1.17463E-5 1.13238E-5 1.29026E-5 1.09409E-5 7.45026E-6 4.99091E-6 2.89415E-6 2.11915E-6 3.07773E-6 2.22839E-6 2.97833E-6 1.10592E-5 8.08381E-6 8.59398E-6 5.09184E-6 5.62972E-6 6.11939E-6 1.94945E-6 2.56201E-6 4.14236E-6 4.62502E-6 1.11039E-5
-9999 -9999 -9999 -9999 -9999 -9999 -9999 -9999 -9999 -9999 -9999 -9999 -9999 7.62058E-5 6.91215E-5 6.39427E-5 3.35298E-5 2.82232E-5 1.99924E-5 1.83205E-5 1.63566E-5 1.4671E-5 1.42396E-5 8.15585E-6 1.11962E-5 1.90105E-6 7.39726E-6 1.87272E-6 1.84808E-6 3.73661E-6 1.49043E-6 3.50838E-6 5.52589E-6 7.64622E-6 7.01759E-6 2.34837E-6 5.05107E-6 5.98832E-6 9.09992E-6 2.75553E-7 2.62922E-7 2.60109E-7 3.97943E-6 1.42656E-5 1.14996E-5 8.71771E-6 4.88768E-6 1.31928E-5 6.64369E-6 6.02618E-6 1.65513E-6 5.07841E-6 1.42925E-7 8.41886E-6 1.84627E-6 7.92392E-6 1.08373E-5 8.56276E-6 8.58052E-6 5.07062E-6 5.91326E-6 7.92682E-6 7.35319E-6 7.12096E-7 6.39137E-6 6.58006E-6
-9999 -9999 -9999 -9999 -9999 -9999 -9999 -9999 -9999 -9999 -9999 -9999 -9999 4.97494E-5 6.75788E-5 4.48526E-5 6.27933E-5 2.60674E-5 2.22212E-5 1.89182E-5 1.7355E-5 1.65669E-5 1.03493E-5 1.97549E-6 1.10092E-5 4.42473E-6 7.40832E-7 7.17807E-6 1.46957E-6 2.20585E-6 2.17168E-6 4.42058E-6 7.75081E-7 2.05705E-6 6.38253E-6 6.5818E-6 6.25516E-6 5.60501E-6 5.13447E-6 1.86453E-7 6.71735E-7 2.18835E-6 5.03954E-6 9.00626E-6 1.33602E-5 1.21019E-5 6.0076E-6 4.36801E-6 1.18138E-5 6.17094E-6 3.95174E-6 4.66226E-7 2.42707E-8 2.96848E-7 4.08334E-6 1.63556E-6 7.87697E-6 5.38697E-6 7.02621E-6 6.22119E-6 8.10732E-6 5.28877E-6 7.4479E-6 8.00686E-6 1.00259E-5 3.96001E-6
-9999 -9999 -9999 -9999 -9999 -9999 -9999 -9999 -9999 -9999 -9999 -9999 -9999 -9999 3.19649E-5 3.12679E-5 3.93293E-5 2.99679E-5 2.14063E-5 1.79007E-5 1.9866E-5 1.82065E-5 1.65276E-5 6.39202E-6 4.71845E-6 6.21068E-6 3.92842E-6 2.39439E-6 8.66712E-8 6.34478E-6 5.98542E-6 3.23939E-6 2.96014E-6 6.42623E-6 3.04039E-6 6.6281E-6 7.7161E-6 5.31869E-6 1.60097E-6 1.21384E-6 9.8827E-6 4.54302E-6 9.58017E-7 8.95245E-7 6.12446E-6 1.02363E-5 1.03513E-5 9.26822E-6 3.82036E-6 1.00004E-5 1.11481E-6 5.30383E-7 5.73229E-8 9.68718E-7 2.45548E-6 7.39666E-6 5.71664E-6 8.39572E-6 8.76555E-6 2.50821E-6 2.41914E-6 1.36892E-6 4.00459E-6 8.3761E-6 9.46055E-6 3.36302E-6
-9999 -9999 -9999 -9999 -9999 -9999 -9999 -9999 -9999 -9999 -9999 -9999 -9999 -9999 7.23606E-5 4.20949E-5 4.15286E-5 3.09515E-5 2.33209E-5 1.81087E-5 2.10443E-5 1.90047E-5 1.68339E-5 1.58309E-5 1.38461E-5 7.45165E-6 6.46589E-6 4.7251E-6 1.1648E-7 2.59553E-7 4.24053E-6 3.72885E-6 1.13857E-6 1.39469E-6 2.16926E-6 4.94365E-6 2.05203E-6 3.48023E-6 6.83154E-6 1.20587E-5 4.6578E-6 8.94751E-7 8.64793E-7 8.18742E-7 7.86462E-7 1.35763E-6 2.87696E-6 6.35176E-6 9.38913E-7 4.2387E-6 2.56008E-6 1.25955E-6 1.2486E-6 9.53256E-6 1.06133E-5 1.04687E-5 7.25451E-6 3.50029E-6 6.92223E-6 6.79625E-7 3.26707E-6 3.36451E-6 2.78405E-6 9.45303E-6 8.60109E-6 1.01721E-6
-9999 -9999 -9999 -9999 -9999 -9999 -9999 -9999 -9999 -9999 -9999 -9999 -9999 -9999 -9999 3.8515E-5 3.4212E-5 2.8632E-5 2.34151E-5 2.09217E-5 2.21299E-5 2.11223E-5 2.01987E-5 1.73703E-5 1.52527E-5 8.58822E-6 7.43029E-6 7.79104E-7 8.35119E-7 3.02873E-7 2.51221E-6 4.88315E-6 2.39369E-6 7.96447E-6 8.77481E-7 1.40444E-6 1.58753E-6 1.50463E-6 3.7428E-7 2.6156E-6 1.19723E-6 1.37455E-6 8.60564E-7 6.52874E-7 1.58072E-6 1.68532E-6 1.01429E-6 6.31996E-6 1.43711E-6 1.61184E-6 2.4572E-6 8.0603E-6 2.63895E-6 2.24538E-6 1.79281E-6 7.71645E-6 2.15223E-6 2.65977E-6 4.81002E-6 7.52187E-6 6.82972E-6 8.4778E-6 4.84746E-6 7.17683E-6 6.89914E-6 5.3569E-7
-9999 -9999 -9999 -9999 -9999 -9999 -9999 -9999 -9999 -9999 -9999 -9999 -9999 -9999 -9999 2.79553E-5 3.57977E-5 3.03694E-5 2.72803E-5 2.65793E-5 2.50495E-5 2.32988E-5 2.02577E-5 1.89355E-5 1.63475E-5 1.51442E-5 1.36931E-5 9.07107E-6 4.71451E-6 5.00572E-6 2.67155E-6 5.72604E-6 3.93757E-6 4.89491E-6 5.06681E-6 1.31888E-6 2.59592E-6 2.34187E-6 5.81179E-6 8.16437E-7 1.47482E-6 8.22093E-7 1.85081E-6 1.04494E-6 3.4067E-6 4.33933E-7 1.15167E-6 1.70887E-6 3.20347E-6 1.97483E-6 5.15668E-6 6.56118E-6 7.27052E-6 8.48452E-7 1.508E-6 1.59009E-6 6.3443E-6 2.35967E-6 3.16609E-6 8.96739E-6 7.73561E-6 8.67465E-6 6.73948E-6 5.68878E-6 4.30787E-6 6.60815E-7
-9999 -9999 -9999 -9999 -9999 -9999 -9999 -9999 -9999 -9999 -9999 -9999 -9999 -9999 -9999 3.67613E-5 5.98743E-5 5.974E-5 3.34941E-5 2.63262E-5 2.49699E-5 2.4025E-5 2.22683E-5 2.12145E-5 1.79832E-5 1.56909E-5 1.09746E-5 2.63862E-6 4.13715E-6 4.37422E-6 3.06725E-6 9.16155E-6 6.28789E-6 3.60914E-6 6.17624E-6 1.90863E-6 1.83102E-6 2.20914E-6 3.09062E-6 1.02458E-6 1.04615E-6 1.93932E-6 7.96964E-7 1.1258E-6 2.99173E-6 1.59073E-6 9.73877E-7 1.18371E-6 4.63628E-6 4.43179E-6 4.30243E-6 2.63385E-6 5.03457E-6 4.0226E-6 4.13551E-6 1.90226E-6 4.76001E-6 4.99773E-6 2.22663E-6 1.46727E-6 5.28974E-6 6.95841E-6 2.96571E-6 1.68105E-6 4.13266E-6 9.37167E-6
-9999 -9999 -9999 -9999 -9999 -9999 -9999 -9999 -9999 -9999 -9999 -9999 -9999 -9999 -9999 -9999 5.14362E-5 3.83866E-5 3.42214E-5 2.98217E-5 2.41239E-5 2.52482E-5 2.37909E-5 2.1562E-5 1.88163E-5 1.62303E-5 1.29833E-5 2.64751E-6 1.32957E-5 4.38113E-6 1.20944E-6 5.53759E-6 1.0366E-5 2.98322E-6 3.60795E-6 1.11043E-6 2.75343E-7 7.06847E-7 2.93992E-6 1.7291E-6 1.46751E-6 1.96361E-6 1.39747E-6 8.11007E-7 1.22619E-6 2.69536E-6 1.29471E-6 2.83021E-6 3.32422E-6 3.94692E-6 1.1375E-6 2.225E-6 4.55552E-7 1.97588E-6 1.88743E-6 3.86263E-6 1.05581E-5 2.51765E-6 2.26974E-6 3.3855E-6 6.00024E-6 4.97956E-6 8.44337E-6 9.62126E-6 6.00352E-6 4.524E-6
-9999 -9999 -9999 -9999 -9999 -9999 -9999 -9999 -9999 -9999 -9999 -9999 -9999 -9999 -9999 -9999 -9999 -9999 2.58147E-5 3.07298E-5 2.95368E-5 2.4719E-5 2.44255E-5 2.13717E-5 1.88557E-5 1.62187E-5 1.36123E-5 5.04296E-6 1.41576E-5 1.26186E-5 2.40503E-6 3.13588E-6 1.39429E-6 5.65898E-6 2.74422E-6 1.25265E-6 2.47373E-6 3.58306E-6 4.31354E-6 3.00154E-6 7.4079E-7 4.53988E-7 3.50939E-6 7.28738E-7 1.14071E-6 1.50753E-6 1.5218E-6 3.75558E-7 9.06404E-7 4.86983E-6 3.65041E-7 3.57621E-7 7.32815E-7 2.11055E-6 6.13784E-6 8.72723E-6 7.82471E-6 3.45244E-6 8.72798E-7 1.03823E-6 6.70422E-6 6.27668E-6 4.47996E-6 9.42816E-6 8.92142E-6 3.71182E-6
-9999 -9999 -9999 -9999 -9999 -9999 -9999 -9999 -9999 -9999 -9999 -9999 -9999 -9999 -9999 -9999 -9999 -9999 7.84522E-5 3.92022E-5 3.19418E-5 2.2098E-5 2.16648E-5 1.96093E-5 1.85587E-5 1.64586E-5 8.94977E-6 1.3309E-6 1.2197E-5 1.26371E-5 1.1323E-5 3.95152E-6 1.02059E-5 1.21488E-6 2.96733E-6 1.71548E-6 6.55124E-7 1.77279E-6 1.70611E-6 1.10571E-7 1.51054E-6 2.58439E-6 1.53885E-6 1.60924E-6 7.93814E-7 2.7693E-6 3.66161E-7 1.37618E-6 2.82834E-7 6.24592E-7 8.45385E-7 1.74915E-6 6.58713E-7 1.92906E-6 3.68448E-6 3.68915E-6 2.46173E-6 3.13364E-6 1.16237E-6 3.29498E-6 1.29774E-6 2.27721E-6 3.97199E-6 7.52889E-6 7.01572E-6 7.38692E-6
-9999 -9999 -9999 -9999 -9999 -9999 -9999 -9999 -9999 -9999 -9999 -9999 -9999 -9999 -9999 -9999 -9999 -9999 -9999 3.76973E-5 3.2745E-5 2.58218E-5 1.97009E-5 1.95075E-5 1.83235E-5 1.60201E-5 1.24182E-5 9.96782E-6 9.62046E-6 1.2632E-5 3.48563E-6 3.05037E-7 5.7831E-6 8.09199E-6 2.19376E-6 6.36093E-6 6.2642E-6 5.33804E-7 2.26288E-7 2.30424E-7 4.49429E-7 1.47548E-6 1.207E-6 3.68099E-7 8.86662E-7 8.75044E-6 7.30564E-6 3.84831E-6 6.32961E-7 4.82215E-7 3.14657E-6 7.83679E-7 1.61127E-6 3.87878E-7 4.00366E-6 4.39369E-6 1.84319E-6 2.33101E-6 2.71995E-6 9.84301E-7 1.40657E-6 1.2395E-6 6.02326E-6 7.50835E-6 2.71195E-6 8.58911E-6
-9999 -9999 -9999 -9999 -9999 -9999 -9999 -9999 -9999 -9999 -9999 -9999 -9999 -9999 -9999 -9999 -9999 -9999 -9999 6.85896E-5 4.73594E-5 3.39608E-5 2.15814E-5 2.04965E-5 1.88969E-5 1.67148E-5 1.57816E-5 1.47456E-5 1.22921E-5 1.2301E-5 2.7608E-6 2.07463E-7 1.12638E-6 8.84443E-6 1.25973E-5 1.31424E-5 1.95789E-5 1.59106E-7 3.04566E-7 2.9809E-7 4.85763E-7 5.53755E-7 1.29199E-6 1.80086E-6 2.52183E-6 1.80051E-6 2.98442E-6 2.93261E-6 8.25102E-7 8.73514E-7 4.28215E-7 5.64957E-7 3.78778E-6 7.70435E-7 9.39499E-7 1.86082E-6 2.49219E-6 3.14235E-6 5.96729E-6 5.25671E-6 2.15539E-6 1.30188E-6 4.33849E-6 7.19483E-6 8.5023E-6 5.56699E-6
-9999 -9999 -9999 -9999 -9999 -9999 -9999 -9999 -9999 -9999 -9999 -9999 -9999 -9999 -9999 -9999 -9999 -9999 -9999 8.02729E-5 4.18932E-5 3.19139E-5 2.38682E-5 2.00235E-5 1.97692E-5 1.58682E-5 1.67368E-5 1.33119E-5 1.33626E-5 1.2627E-5 5.35878E-6 1.16949E-6 7.04927E-7 3.17796E-6 1.39486E-5 1.26097E-5 1.24803E-5 1.10851E-7 7.2967E-7 6.72602E-7 7.61641E-7 8.24545E-7 8.29893E-7 5.73771E-7 4.70788E-6 4.829E-6 5.51829E-6 3.34172E-6 1.43377E-6 7.92511E-8 8.43586E-7 1.5948E-6 1.68005E-6 1.03714E-6 5.25144E-6 3.54816E-6 3.44162E-6 1.14238E-6 3.73703E-6 3.87228E-6 3.29529E-6 2.60795E-6 9.42886E-7 8.12092E-7 4.27746E-6 5.99503E-6
-9999 -9999 -9999 -9999 -9999 -9999 -9999 -9999 -9999 -9999 -9999 -9999 -9999 -9999 -9999 -9999 -9999 -9999 -9999 5.35677E-5 6.86727E-5 4.2379E-5 2.83173E-5 2.19754E-5 1.10627E-5 5.82442E-6 1.72465E-5 1.52669E-5 1.37157E-5 1.37516E-5 1.0251E-5 2.0308E-6 1.33998E-6 2.00077E-6 8.73449E-6 1.33786E-5 1.32868E-5 2.73886E-6 9.11386E-7 1.37232E-6 3.01607E-7 8.74356E-7 3.56349E-6 2.42023E-6 3.0933E-6 5.37097E-6 1.75985E-6 8.88382E-7 6.83183E-7 4.06802E-7 2.43011E-6 2.69005E-6 1.44232E-6 4.12096E-6 1.08011E-6 3.04361E-6 5.84823E-6 1.8137E-6 2.73284E-6 1.3326E-6 1.6797E-6 3.28861E-7 1.876E-6 2.2238E-6 2.03273E-6 4.30073E-6
-9999 -9999 -9999 -9999 -9999 -9999 -9999 -9999 -9999 -9999 -9999 -9999 -9999 -9999 -9999 -9999 -9999 -9999 -9999 -9999 4.8568E-5 4.97631E-5 3.32771E-5 3.37414E-5 2.05792E-5 1.18155E-5 1.65341E-5 1.52539E-5 1.38944E-5 1.30099E-5 1.17505E-5 9.92462E-6 2.08745E-6 1.10507E-5 8.26013E-6 1.21142E-5 6.03881E-6 4.52178E-7 4.34933E-7 8.4404E-7 6.87133E-7 9.39061E-7 3.30538E-6 1.26733E-6 2.56406E-6 1.18618E-6 3.54997E-6 4.82274E-6 3.71481E-6 3.51544E-7 6.01692E-7 2.63142E-6 2.82491E-6 3.66608E-6 2.22362E-6 2.33752E-6 7.71508E-6 4.97392E-6 1.41626E-6 8.14268E-7 3.28361E-6 4.03103E-6 1.05553E-6 2.61903E-6 1.86953E-6 1.54829E-6
-9999 -9999 -9999 -9999 -9999 -9999 -9999 -9999 -9999 -9999 -9999 -9999 -9999 -9999 -9999 -9999 -9999 -9999 -9999 -9999 7.17658E-5 4.92949E-5 5.9143E-5 3.20358E-5 9.16764E-5 2.20234E-5 1.69226E-5 1.61749E-5 1.42763E-5 1.28289E-5 1.21418E-5 8.63519E-6 4.01829E-6 3.7499E-6 8.04497E-6 1.12558E-5 6.34006E-6 7.61393E-7 9.34429E-7 1.38949E-6 2.08532E-6 6.04517E-6 2.58141E-6 4.98269E-6 1.97572E-6 1.5106E-6 1.44167E-6 1.17533E-6 2.33668E-6 2.55055E-6 8.40032E-7 1.13862E-6 7.1342E-7 1.64962E-6 9.00637E-7 8.85608E-7 1.11882E-6 6.27359E-7 1.41753E-6 2.63071E-6 1.79126E-6 1.10772E-6 5.43246E-7 6.19825E-7 3.4575E-6 2.0027E-6
-9999 -9999 -9999 -9999 -9999 -9999 -9999 -9999 -9999 -9999 -9999 -9999 -9999 -9999 -9999 -9999 -9999 -9999 -9999 -9999 5.5467E-5 6.04253E-5 1.43515E-4 7.75126E-4 1.15681E-4 6.80943E-5 1.94611E-5 1.79421E-5 1.50165E-5 1.35439E-5 1.25837E-5 8.95208E-6 1.09377E-5 1.23604E-5 1.10975E-5 5.19022E-6 4.7851E-6 1.51362E-6 3.66567E-7 4.04423E-7 1.50549E-6 6.65777E-7 1.51064E-6 6.02288E-6 3.32582E-6 1.69839E-6 2.30298E-6 8.06029E-7 9.92243E-7 4.17389E-6 2.73393E-6 1.25093E-6 9.23578E-7 1.03648E-6 1.26633E-6 8.08714E-7 6.62694E-7 8.75077E-7 1.35704E-6 2.19341E-6 8.69723E-7 1.23139E-6 2.24845E-6 2.00419E-6 7.08392E-6 3.51873E-6
-9999 -9999 -9999 -9999 -9999 -9999 -9999 -9999 -9999 -9999 -9999 -9999 -9999 -9999 -9999 -9999 -9999 -9999 -9999 -9999 -9999 8.4455E-5 1.67657E-4 1.99949E-4 1.37557E-4 3.49024E-4 1.70487E-5 1.67157E-5 1.62563E-5 1.45195E-5 1.34309E-5 1.17077E-5 1.05021E-5 1.2316E-5 1.09368E-5 9.80117E-6 5.60295E-6 2.51115E-6 3.50204E-7 6.76051E-7 1.7297E-6 6.74632E-7 1.09855E-6 1.41117E-6 3.4903E-6 2.35297E-6 3.3683E-6 8.98797E-7 6.073E-7 6.84333E-7 9.74845E-7 3.75082E-7 9.32823E-7 1.99123E-6 1.40116E-6 1.03385E-6 7.33477E-7 1.4806E-6 1.70287E-6 3.23105E-6 2.73983E-6 4.14309E-6 4.72754E-6 3.33742E-6 3.42502E-6 3.10602E-6
-9999 -9999 -9999 -9999 -9999 -9999 -9999 -9999 -9999 -9999 -9999 -9999 -9999 -9999 -9999 -9999 -9999 -9999 -9999 -9999 -9999 -9999 7.94614E-5 5.70199E-4 3.01262E-4 1.06124E-4 3.18207E-5 1.6865E-5 1.64142E-5 1.59743E-5 1.50358E-5 1.34246E-5 1.25635E-5 1.19795E-5 1.09027E-5 9.66593E-6 4.48214E-6 2.20421E-6 1.77162E-7 3.77095E-7 9.51484E-7 1.6589E-6 6.32941E-6 1.11474E-6 4.35377E-6 4.73864E-6 1.97761E-6 6.26608E-7 1.28598E-6 4.48043E-7 4.90814E-7 8.40922E-7 2.08253E-6 2.3147E-6 1.76255E-6 5.13272E-7 1.96946E-7 2.0516E-7 1.03692E-6 6.27036E-6 3.03218E-6 4.98941E-7 1.79357E-6 1.57999E-6 1.05658E-6 6.31178E-6
