catData/rasterBestHybridModels/Pviverrinus/RDbal_RM2_L/Pviverrinus_median.asc
ncols         409
nrows         350
xllcorner     60.897278365
yllcorner     5.843756025
cellsize      0.0892857
NODATA_value  -9999
[rows 174 to 202 of 350, columns 132 to 197 of 409]
2.57725E-4 2.91352E-4 2.81298E-4 2.16565E-4 2.00815E-4 1.75985E-4 1.13847E-4 7.35761E-5 8.1266E-5 8.89589E-5 6.80211E-5 1.95571E-5 4.56616E-5 9.86775E-5 1.06397E-4 1.01169E-4 1.00488E-4 9.59012E-5 7.95626E-5 7.99426E-5 5.63074E-5 6.69804E-5 3.87206E-5 4.6384E-5 4.19579E-5 3.4831E-5 3.9055E-5 2.0782E-5 6.51246E-6 5.64955E-6 9.24853E-6 6.64976E-6 1.79564E-5 6.68963E-6 1.12399E-5 2.68849E-6 4.51925E-6 5.31069E-6 4.23966E-6 1.30028E-6 3.32747E-6 4.97631E-6 3.03655E-5 1.65702E-5 1.39474E-5 2.33791E-5 2.63854E-5 1.72546E-5 1.8959E-5 1.99486E-5 2.20949E-5 2.2002E-5 1.58389E-5 7.93691E-6 1.23117E-6 1.44416E-6 2.25601E-6 4.31841E-6 6.41296E-6 1.10325E-6 1.14134E-5 8.5484E-6 7.93021E-7 1.66022E-5 1.87979E-5 1.38233E-5
-9999 3.07717E-4 2.83045E-4 2.75451E-4 1.99077E-4 9.49432E-5 5.89447E-5 3.22974E-5 9.96738E-5 8.68793E-5 6.64525E-5 5.7579E-5 9.6422E-5 1.41503E-4 3.54881E-5 4.88025E-5 8.8438E-5 8.20642E-5 7.70693E-5 7.24417E-5 7.15671E-5 7.58407E-5 7.01185E-5 6.60604E-5 5.44356E-5 2.84373E-5 2.68261E-5 2.54649E-5 6.41766E-6 9.26284E-6 1.05731E-5 9.87911E-6 2.00068E-5 1.65445E-6 8.42077E-7 6.18206E-6 1.91793E-5 7.75249E-6 6.38823E-6 1.07326E-5 3.02272E-6 1.09421E-5 2.27893E-5 1.81531E-5 8.15459E-6 2.28201E-5 1.46509E-5 4.68986E-6 2.71811E-5 2.56238E-5 2.25414E-5 1.74381E-5 5.76455E-6 1.29113E-5 1.45579E-5 1.86993E-5 1.0772E-5 1.27265E-5 1.96045E-5 2.31924E-5 2.15115E-5 1.14903E-5 3.50272E-6 3.23258E-5 1.85473E-5 9.61159E-6
3.41382E-4 3.17427E-4 2.97111E-4 2.59537E-4 2.25096E-4 1.47067E-5 1.34489E-4 1.69302E-4 1.41874E-4 1.14152E-4 1.03073E-4 1.33008E-4 1.40198E-4 3.50693E-5 8.62814E-5 1.2596E-5 2.80833E-5 2.34191E-5 3.38567E-5 2.81261E-5 3.19899E-5 6.0427E-5 6.60195E-5 5.97807E-5 7.6844E-5 4.53012E-5 2.19876E-5 1.45711E-5 1.00881E-5 1.85017E-5 2.59479E-5 3.29146E-5 2.67555E-5 2.21671E-5 2.19026E-5 1.64183E-5 2.83523E-5 3.67163E-5 1.082E-5 1.2183E-5 3.63693E-5 8.44089E-6 1.15017E-5 4.86591E-6 6.47769E-6 1.45071E-5 2.13537E-5 2.24709E-5 2.12222E-5 1.92356E-5 1.60678E-5 1.53212E-5 1.36228E-5 3.45091E-6 2.12508E-5 4.99899E-6 1.31779E-5 1.99107E-5 2.63891E-5 2.78251E-5 3.64662E-5 1.50698E-5 2.56555E-5 2.78798E-5 1.97951E-5 2.645E-5
4.82526E-4 4.59728E-4 3.25506E-4 2.88607E-4 2.66299E-4 2.37568E-4 2.17277E-4 2.04072E-4 1.59917E-4 8.20902E-5 1.10356E-4 1.87464E-4 8.59626E-5 6.57967E-5 5.10093E-5 2.25819E-5 1.4712E-5 1.18255E-5 2.08848E-5 1.45041E-5 1.44939E-5 2.62798E-5 4.73949E-5 4.30639E-5 5.95412E-5 4.19438E-5 5.74346E-5 6.70296E-5 5.99803E-5 3.55146E-5 4.09515E-5 3.18946E-5 2.73796E-5 3.72211E-5 3.11873E-5 3.34701E-5 4.46609E-5 2.74843E-5 3.56729E-6 2.14375E-5 6.66718E-6 6.70207E-6 9.67621E-6 2.26351E-5 2.36002E-5 2.36191E-5 2.3202E-5 2.24455E-5 2.14666E-5 1.73342E-5 1.98136E-5 1.13715E-5 3.05683E-6 5.59493E-6 3.24586E-5 3.13139E-5 2.91349E-5 2.48679E-5 2.34057E-5 2.16681E-5 1.63711E-5 2.2568E-5 2.42252E-5 2.48599E-5 1.66958E-5 1.65015E-5
8.02091E-4 5.38117E-4 3.36792E-4 2.98917E-4 2.74425E-4 2.57558E-4 2.36375E-4 2.0043E-4 1.52839E-4 1.24047E-5 1.22499E-5 1.84588E-5 2.00652E-5 4.71481E-5 2.1506E-5 7.20158E-6 8.9788E-6 9.34732E-6 6.89733E-6 1.59171E-5 3.04154E-5 4.35179E-5 4.12364E-5 3.32575E-5 2.93827E-5 4.82828E-5 6.79088E-5 6.81336E-5 6.36408E-5 5.34802E-5 6.2869E-5 4.71853E-5 4.09245E-5 4.88031E-5 2.24641E-5 3.73512E-5 5.45515E-5 6.98504E-5 2.20493E-5 1.95195E-5 1.04569E-5 7.04121E-6 2.6657E-5 1.55651E-5 7.67259E-6 1.19226E-5 2.21961E-5 2.92694E-5 2.03663E-5 1.5115E-5 2.84913E-5 1.60524E-5 1.2392E-5 1.79999E-5 2.1015E-5 5.90356E-7 1.78358E-7 1.15689E-5 2.76309E-5 2.68395E-5 8.16788E-6 2.57016E-5 2.34672E-5 1.34613E-5 2.24782E-5 1.58312E-5
-9999 2.87751E-4 3.43879E-4 3.05509E-4 2.79587E-4 2.58302E-4 2.37024E-4 1.96141E-4 1.47287E-4 1.1856E-4 8.03857E-5 7.83391E-5 4.38627E-5 2.23458E-5 1.81455E-5 2.29892E-5 2.18077E-5 1.65091E-5 1.15743E-5 1.27405E-5 2.30188E-5 2.64764E-5 2.29099E-5 4.28074E-5 5.75919E-5 5.151E-5 4.62099E-5 5.30684E-5 5.41676E-5 3.81094E-5 6.13343E-5 6.10786E-5 5.65359E-5 5.85787E-5 4.94385E-5 5.02785E-5 4.77001E-5 5.89641E-5 4.44568E-5 3.196E-5 2.11083E-5 1.20001E-5 1.78345E-5 3.18116E-5 3.372E-5 3.86006E-5 4.00612E-5 3.87352E-5 3.51858E-5 3.31688E-5 3.50702E-5 2.78561E-5 8.76678E-6 1.86018E-6 4.22626E-7 3.82969E-7 1.07524E-6 1.40377E-5 9.05762E-6 2.39753E-5 9.59455E-6 1.75057E-5 1.55043E-5 1.42249E-5 2.8936E-5 1.72177E-5
-9999 3.01027E-4 2.8332E-4 3.18273E-4 3.02866E-4 2.62541E-4 2.3672E-4 1.86871E-4 1.55117E-4 1.21526E-4 1.03715E-4 7.71491E-5 5.13488E-5 3.97745E-6 1.20958E-5 1.17783E-5 1.29301E-5 1.21025E-5 1.09369E-5 1.82817E-5 2.14924E-5 1.61243E-5 3.11438E-5 3.4537E-5 4.97004E-5 3.30651E-5 5.34169E-5 3.90062E-5 4.78472E-5 5.40841E-5 3.99458E-5 5.07064E-5 3.07952E-5 3.53283E-5 5.17403E-5 3.18917E-5 4.78536E-5 3.80308E-5 4.27868E-5 4.37121E-5 4.62084E-5 4.3417E-5 4.31018E-5 4.23428E-5 4.19539E-5 4.19324E-5 4.14911E-5 4.00789E-5 3.93058E-5 3.78957E-5 3.66489E-5 1.56177E-5 1.11232E-5 1.75434E-5 2.50632E-6 1.00481E-5 1.6341E-5 9.29975E-6 3.62659E-6 2.96974E-5 2.33747E-5 1.34889E-5 8.95018E-6 7.05127E-6 2.16903E-5 2.83569E-5
-9999 2.06473E-4 3.53752E-4 3.23947E-4 3.06768E-4 2.87424E-4 2.60212E-4 1.95547E-4 1.33821E-4 1.0848E-4 8.64085E-5 7.07394E-5 5.39924E-5 3.94537E-5 2.64479E-5 7.86385E-6 1.13833E-5 8.2843E-6 6.64039E-6 1.77861E-5 3.00394E-5 2.64093E-5 1.5988E-5 2.55265E-5 3.83408E-5 3.91414E-5 3.95546E-5 2.47306E-5 4.36223E-5 5.0636E-5 3.6999E-5 4.47325E-5 1.75736E-5 1.38633E-5 4.28172E-5 4.26947E-5 2.17235E-5 4.00772E-5 4.32009E-5 4.58248E-5 4.45063E-5 4.12308E-5 4.46694E-5 4.43534E-5 3.99716E-5 4.24887E-5 4.24192E-5 3.63988E-5 2.62899E-5 2.74468E-5 3.91113E-5 2.83574E-5 1.59581E-5 2.88499E-5 5.05506E-6 1.09759E-5 2.9038E-5 2.30974E-5 1.92991E-5 2.94026E-5 1.41184E-5 2.45985E-6 7.26977E-6 1.92294E-5 1.50626E-5 1.31764E-5
-9999 2.71569E-4 2.28518E-4 3.56551E-4 3.09087E-4 2.84138E-4 2.25518E-4 1.75672E-4 1.5489E-4 1.13824E-4 7.98616E-5 5.26574E-5 4.50238E-5 3.57329E-5 1.86072E-5 6.22344E-6 1.64948E-5 1.75035E-5 2.02306E-5 1.25927E-5 1.24177E-5 2.73609E-5 1.4593E-5 1.10433E-5 1.77317E-5 2.53149E-5 2.7713E-5 3.94278E-5 4.19347E-5 3.37574E-5 5.10084E-5 4.18269E-5 1.33863E-5 3.29737E-5 3.31582E-5 1.7894E-5 3.72079E-5 3.52955E-5 4.05925E-5 4.0555E-5 4.20156E-5 1.4208E-5 4.2055E-5 3.26786E-5 4.0667E-5 4.04416E-5 3.79714E-5 4.04125E-5 3.53001E-5 1.29839E-5 3.995E-5 2.83975E-5 2.77181E-5 3.6243E-5 2.8231E-5 2.85424E-5 1.33729E-5 8.23889E-6 1.292E-5 1.3061E-5 4.82821E-6 2.35897E-6 5.51483E-6 1.58077E-6 5.44166E-6 3.30008E-6
-9999 -9999 1.71293E-4 3.57816E-4 3.03814E-4 2.73996E-4 1.98951E-4 1.50606E-4 1.15555E-4 8.97755E-5 7.38553E-5 6.26526E-5 3.75975E-5 1.99584E-5 1.61931E-5 1.03242E-5 1.99882E-5 1.70452E-5 1.43127E-5 1.15772E-5 1.62695E-5 8.94094E-6 1.06813E-5 2.37975E-5 3.52208E-5 1.79766E-5 1.4327E-5 3.33716E-5 4.4304E-5 4.10224E-5 4.8857E-5 3.45826E-5 3.27745E-5 2.60082E-5 1.21541E-5 2.57363E-5 1.9807E-5 8.36031E-6 2.65101E-5 3.15619E-5 2.24822E-5 1.49671E-5 1.05968E-5 5.79711E-6 6.2641E-6 3.74189E-5 3.41771E-5 3.73371E-5 3.45068E-5 1.14682E-5 2.57609E-5 3.49343E-5 1.09726E-5 2.59505E-5 1.68163E-5 2.12633E-5 8.12469E-6 7.02713E-6 1.01021E-5 1.02326E-6 1.5722E-7 9.8061E-7 1.30255E-5 8.1345E-6 1.06366E-6 5.16782E-6
-9999 -9999 2.50805E-4 3.71242E-4 3.31892E-4 1.20112E-4 5.41997E-5 4.43667E-5 5.76655E-5 3.41413E-5 5.31154E-5 2.10204E-5 1.38139E-5 2.04144E-5 6.91812E-6 8.3023E-6 2.3311E-5 1.8656E-5 1.58597E-5 8.43012E-6 9.71825E-6 1.01282E-5 4.49365E-6 9.65652E-6 2.66538E-5 2.42019E-5 3.21761E-5 3.33311E-5 3.65755E-5 4.30036E-5 3.34719E-5 1.97781E-5 1.03416E-5 3.41655E-5 3.45316E-5 3.49465E-5 3.24282E-5 3.0028E-5 3.06354E-5 3.08744E-5 2.87405E-5 3.01068E-5 3.23514E-5 2.41418E-5 2.07427E-5 3.27638E-5 4.2018E-6 3.82288E-5 7.49453E-6 1.39634E-5 1.42641E-5 1.09542E-5 2.04602E-5 1.55701E-5 4.01797E-6 1.73283E-7 4.5892E-6 1.96186E-6 6.73228E-6 1.35252E-6 7.78551E-7 2.24134E-7 3.03195E-7 5.01111E-7 2.38738E-7 8.77316E-8
-9999 -9999 1.7298E-4 3.18879E-4 1.25E-4 3.42834E-5 2.7488E-5 1.75984E-5 2.43949E-5 3.87909E-5 3.30706E-5 2.41625E-6 1.71021E-6 3.92541E-6 1.43507E-5 1.42408E-5 2.3454E-5 3.03543E-5 2.92648E-5 1.39533E-5 2.57704E-5 4.60078E-6 4.03509E-6 8.90061E-6 2.89626E-5 3.7443E-5 3.67994E-5 1.4602E-5 1.51851E-5 1.54215E-5 2.31082E-5 4.59177E-6 1.49771E-5 2.20291E-5 8.7458E-6 2.03882E-6 3.87725E-6 8.42001E-6 3.29502E-6 1.69014E-5 2.1748E-5 2.68954E-5 1.76303E-5 1.63926E-5 1.51209E-5 1.43405E-5 1.17296E-6 3.94534E-6 4.20118E-6 4.74307E-6 1.00767E-6 1.96285E-6 2.38461E-6 1.74014E-6 1.04297E-6 3.44354E-7 1.06055E-5 1.30918E-5 2.87788E-6 2.02969E-6 7.23698E-7 2.22153E-7 3.58178E-6 1.92304E-6 9.88059E-7 3.18268E-7
-9999 -9999 2.64358E-4 3.65388E-4 8.83216E-5 2.25716E-5 4.11971E-5 3.74982E-5 3.33059E-5 3.8038E-5 2.32862E-5 3.90767E-6 4.78053E-7 6.36623E-7 7.15506E-6 8.02835E-6 1.52833E-5 1.50372E-5 2.55205E-5 3.41905E-5 2.86352E-5 2.02776E-6 2.0321E-5 1.03014E-5 3.08675E-5 2.54069E-5 3.72258E-5 1.46926E-5 2.6179E-5 1.92862E-5 1.99351E-5 1.877E-5 1.70501E-5 1.63369E-5 1.14896E-5 6.06293E-7 7.36682E-7 1.01193E-6 5.84907E-7 5.19457E-6 1.11413E-5 1.54288E-5 2.04572E-5 2.41802E-5 2.35374E-5 2.86092E-5 8.37203E-6 8.0748E-6 1.54089E-6 2.44107E-6 1.19204E-5 9.487E-6 2.77371E-6 2.05164E-6 5.19537E-6 2.51109E-6 1.5004E-5 1.33862E-5 9.88553E-6 1.20907E-6 6.36969E-7 1.44311E-6 1.63555E-6 8.61591E-7 5.81708E-7 7.33139E-7
-9999 1.97133E-4 1.31868E-4 2.10753E-4 5.05075E-5 4.39066E-5 7.98359E-5 6.77479E-5 3.71135E-5 4.693E-5 2.07768E-5 1.40404E-5 2.25435E-6 7.39301E-7 3.01293E-6 8.87472E-6 6.21158E-6 5.64667E-6 8.49439E-6 4.60342E-6 1.04502E-5 1.93627E-5 4.68918E-6 5.52188E-6 1.32855E-5 1.29509E-5 2.62807E-5 2.4851E-5 6.25555E-6 9.34865E-6 1.31979E-5 2.29009E-5 2.24462E-5 2.04194E-5 6.97071E-6 5.26537E-6 7.28831E-6 1.06476E-6 1.17952E-6 2.58653E-6 1.41845E-5 8.56677E-6 5.15037E-6 2.10595E-5 2.20636E-5 2.69278E-5 1.16971E-5 2.7163E-5 2.3311E-5 1.83999E-5 4.69194E-6 8.7357E-7 3.12937E-6 5.01167E-6 6.36291E-6 7.45997E-6 6.43256E-6 1.38897E-6 1.3204E-6 5.39766E-7 7.48752E-7 4.80512E-6 2.30402E-7 4.75891E-8 3.70626E-7 4.62363E-6
-9999 1.32899E-5 7.56576E-5 1.5061E-4 2.30735E-5 6.71845E-5 6.51828E-5 4.73478E-5 2.56257E-5 3.29865E-5 1.50378E-5 1.5625E-5 1.48438E-5 1.68281E-5 7.36095E-6 1.17165E-5 1.34553E-5 1.1645E-5 7.96273E-6 1.2663E-5 3.83568E-6 3.88549E-6 8.19369E-6 3.6881E-6 7.70308E-6 8.0849E-6 8.9766E-6 1.28871E-5 2.87216E-6 5.85361E-6 1.44256E-5 2.0732E-5 1.34611E-5 2.15223E-5 5.75577E-6 1.70161E-6 2.6684E-6 9.95617E-7 5.88669E-7 8.78716E-7 3.30476E-6 2.32079E-6 7.5655E-6 1.36545E-5 1.58411E-5 1.79285E-5 1.62762E-5 1.03127E-5 7.52217E-6 1.75268E-5 6.7809E-6 5.62052E-6 1.96097E-6 2.74218E-6 8.12604E-6 7.28333E-6 1.8215E-6 8.72687E-7 1.19622E-6 9.51688E-7 3.99202E-6 4.92754E-7 4.51386E-6 1.96866E-7 1.55795E-6 5.95752E-7
-9999 5.9647E-5 4.18015E-5 3.90148E-5 8.78576E-5 7.30126E-5 5.23801E-5 5.73534E-5 6.81687E-5 5.61677E-5 3.28912E-5 1.72596E-5 5.94667E-6 1.09154E-5 1.26076E-5 7.35725E-6 8.32142E-6 1.16556E-5 1.12503E-5 8.56381E-6 7.54885E-6 5.46496E-6 7.53228E-6 1.46718E-5 2.32498E-5 7.34181E-6 4.35465E-6 3.03376E-7 1.03793E-5 5.67565E-7 7.9867E-6 2.17334E-6 1.87446E-6 6.6192E-6 3.34606E-6 4.18114E-6 1.10174E-6 1.67085E-6 7.70325E-7 2.33414E-6 1.15207E-6 5.45829E-7 1.16896E-6 1.13611E-5 2.1631E-6 3.59546E-6 3.2995E-6 2.17009E-6 5.68358E-7 1.93838E-6 4.76259E-6 1.53573E-5 2.1015E-5 1.21845E-5 4.98633E-6 1.55478E-6 8.07615E-6 1.01646E-5 2.51008E-6 3.94053E-6 9.59128E-7 2.03101E-6 7.34601E-6 6.05462E-7 1.38047E-7 5.75143E-7
-9999 2.11944E-4 1.26757E-5 7.8882E-6 2.33224E-5 5.45827E-5 5.36631E-5 6.56355E-5 5.71026E-5 2.59859E-5 1.96369E-5 1.48183E-5 5.2269E-6 1.03392E-5 3.29462E-5 3.91527E-5 2.41136E-5 8.0007E-6 5.93106E-6 3.97645E-6 1.19935E-5 1.04574E-5 6.47063E-6 1.48878E-5 8.86459E-6 4.12056E-6 1.25752E-6 2.26637E-7 1.88003E-6 2.68668E-7 1.06404E-6 5.35555E-7 8.42674E-7 2.2005E-6 2.17084E-6 5.33702E-6 1.41376E-5 1.41878E-5 2.04153E-6 7.13457E-7 7.02449E-7 1.74252E-6 1.02921E-6 3.62859E-6 4.6522E-6 8.2798E-6 3.6376E-6 4.49231E-6 1.50151E-5 3.67002E-6 3.35539E-6 5.00584E-6 2.13372E-5 1.69144E-5 6.94937E-6 5.96595E-6 2.32653E-6 7.01985E-6 4.75755E-6 4.6487E-6 4.3815E-6 1.95222E-6 4.61637E-6 1.25515E-6 2.80218E-6 1.42581E-6
-9999 2.34473E-4 2.0477E-5 3.81971E-5 2.36241E-5 1.34912E-5 8.49494E-5 5.37635E-5 2.88783E-5 2.63976E-5 2.67544E-5 1.49771E-5 7.97916E-5 2.56499E-5 2.46442E-5 1.71142E-5 1.24985E-5 1.08398E-5 6.16076E-6 1.72488E-6 4.96714E-6 2.65796E-5 1.84917E-5 8.30669E-6 1.15556E-5 2.01978E-6 1.9882E-7 3.27868E-7 8.89503E-7 4.37719E-6 6.96709E-6 3.5614E-6 4.13066E-6 3.50015E-6 2.96168E-6 1.33885E-5 1.55285E-5 1.5643E-5 1.8534E-6 1.19021E-6 3.0711E-7 1.52661E-6 8.51444E-7 2.28561E-6 1.39872E-6 3.93261E-6 3.23339E-6 7.87965E-6 1.56723E-5 5.11608E-6 6.14915E-6 7.18504E-6 1.94174E-6 9.70456E-6 5.93437E-6 9.94879E-7 2.53723E-6 1.06159E-5 1.26867E-6 1.02178E-6 1.35007E-7 5.89223E-8 4.73148E-8 2.68682E-7 4.31062E-8 5.18388E-7
2.94547E-4 2.36732E-4 1.12797E-4 3.10445E-5 4.5683E-5 5.39504E-5 6.68287E-5 7.24119E-5 1.52886E-5 3.01385E-5 2.6635E-5 3.75456E-5 1.23056E-5 1.44414E-5 7.25472E-6 1.86284E-6 1.20224E-5 8.09471E-6 1.17689E-5 5.96563E-6 5.5518E-6 5.59267E-6 1.39469E-5 5.48247E-6 2.44191E-6 4.57222E-7 6.86972E-6 1.4336E-6 5.56378E-6 2.38745E-5 2.34745E-6 5.14706E-6 2.68172E-6 9.89692E-7 5.67802E-7 4.34281E-6 7.37536E-6 3.15047E-6 4.74067E-6 2.5332E-6 9.52274E-7 2.48296E-7 2.75301E-6 4.46066E-6 1.12764E-5 2.62218E-6 1.71098E-6 1.62947E-6 1.23056E-6 1.14713E-6 4.33504E-6 3.26716E-6 4.2264E-6 8.29463E-6 9.00884E-6 1.00497E-5 4.22846E-6 1.56988E-6 2.43894E-6 7.16028E-7 6.4739E-8 1.8611E-7 2.74173E-6 7.569E-7 2.16062E-6 1.05488E-6
9.17589E-5 9.84358E-5 1.83785E-4 1.5402E-5 7.94365E-6 1.07859E-4 9.99687E-5 8.48893E-5 4.32325E-5 2.62866E-5 1.8771E-5 1.84655E-5 2.17052E-5 7.67852E-6 4.67662E-6 5.07633E-6 5.75306E-7 8.70364E-6 1.34339E-5 1.68315E-5 2.48221E-6 4.96191E-6 1.56121E-5 1.80079E-5 1.02397E-5 2.37291E-7 4.96016E-7 2.30125E-6 3.97353E-6 9.41758E-6 4.78417E-6 1.35604E-6 8.80117E-7 4.44638E-7 7.53137E-7 1.45272E-5 4.58642E-6 1.02086E-6 3.3001E-6 3.65564E-6 5.38329E-6 2.05431E-6 1.85278E-6 4.13057E-6 1.4572E-5 5.40739E-6 7.14973E-7 1.61382E-6 3.15044E-6 1.26941E-6 6.23674E-6 2.4261E-5 2.92246E-5 6.61988E-6 9.38021E-7 7.26438E-6 5.56984E-6 1.94615E-6 1.45802E-6 7.41686E-7 4.49684E-6 4.88613E-7 4.81834E-6 2.32919E-6 1.72088E-6 3.50057E-6
-9999 8.60935E-5 1.29674E-5 1.39341E-5 9.26303E-6 4.41503E-5 1.14468E-4 2.23377E-5 1.71722E-5 1.84767E-5 3.58245E-6 1.83107E-5 3.23562E-6 5.55805E-6 9.76814E-6 3.32446E-6 3.97993E-6 1.72834E-6 4.9669E-7 7.10772E-6 1.01314E-5 7.67531E-6 2.50816E-6 8.10095E-6 8.42898E-6 2.49891E-6 1.11782E-6 2.89726E-7 4.71407E-7 7.65022E-6 2.76143E-6 2.93433E-6 1.75222E-6 8.77671E-7 9.09953E-7 8.19458E-7 1.44409E-6 1.82726E-7 5.06086E-7 1.61408E-6 3.43184E-6 1.00868E-5 9.05267E-6 5.71431E-6 8.23659E-6 1.21629E-5 3.48167E-6 4.65913E-6 1.14773E-6 2.47868E-6 2.97877E-6 1.91428E-6 1.05805E-5 5.20394E-6 1.00982E-6 5.46457E-7 2.77875E-6 3.30497E-7 2.68798E-7 1.22059E-6 4.26751E-7 1.55333E-6 2.21175E-6 3.43632E-6 2.83086E-6 9.72745E-6
-9999 2.206E-4 1.16721E-4 2.40767E-5 7.07722E-6 2.24366E-5 3.4571E-5 4.20543E-5 3.33661E-5 6.42912E-5 7.95199E-6 4.06384E-6 1.7967E-6 6.38981E-6 7.04156E-6 1.42968E-5 9.77218E-6 4.19537E-6 5.82533E-6 7.31225E-6 1.00968E-5 1.25365E-5 4.96538E-6 9.8729E-6 9.21683E-6 1.664E-5 7.68008E-6 4.86065E-6 1.9436E-6 6.13753E-6 7.54405E-6 3.00091E-6 3.42135E-6 6.3752E-6 3.70317E-6 8.7545E-6 1.52278E-6 2.40377E-7 5.59596E-7 6.24799E-7 2.08479E-7 1.50673E-6 1.26089E-5 5.35772E-6 2.65915E-6 3.20142E-6 3.40162E-6 5.82176E-6 4.66452E-6 9.08969E-7 5.11098E-7 1.81806E-6 2.96567E-6 5.09704E-6 1.01299E-5 6.01943E-6 8.74658E-8 2.52555E-6 1.2329E-6 2.07206E-6 2.25728E-6 1.34113E-5 2.2931E-5 9.40415E-6 2.04973E-5 5.97666E-6
-9999 1.11401E-4 1.53292E-4 9.15317E-5 1.3241E-5 1.17868E-4 3.2226E-5 4.47443E-5 8.91442E-5 6.64229E-5 2.29043E-5 8.87753E-6 7.71627E-6 7.6582E-6 8.34945E-6 2.25851E-5 2.91645E-5 1.79191E-5 2.95953E-5 3.59772E-5 3.39004E-5 3.4232E-5 2.78896E-5 1.22349E-5 7.78598E-6 5.38789E-6 1.09932E-5 2.08223E-5 4.28291E-5 1.84267E-5 6.15226E-6 1.82131E-6 5.66202E-6 1.29723E-6 1.44492E-6 8.10228E-6 1.6317E-5 9.73639E-6 6.50041E-6 5.71102E-7 2.51843E-7 3.8899E-7 1.72454E-6 4.88941E-6 4.65024E-6 7.13359E-6 1.81734E-6 4.03768E-6 1.74599E-6 1.88211E-6 9.43987E-7 3.73358E-7 6.95799E-7 1.649E-5 8.08639E-6 1.53124E-5 1.04914E-5 2.08447E-6 1.69459E-6 2.44674E-6 2.44198E-6 1.65895E-5 1.00952E-5 1.99598E-5 1.06541E-5 2.60826E-6
-9999 2.87012E-4 8.56424E-5 5.32657E-5 1.83582E-6 8.44022E-5 8.58267E-5 2.78166E-5 8.86985E-5 8.82549E-5 5.75531E-5 1.2852E-5 1.16429E-5 7.98543E-7 5.20041E-6 5.93661E-6 4.37663E-6 1.22939E-5 1.64962E-5 8.77935E-6 6.30132E-6 1.52806E-5 4.33712E-5 4.40472E-5 2.10256E-5 1.01101E-5 8.41455E-6 2.68821E-5 4.99935E-5 2.07433E-5 1.57695E-5 3.93587E-6 8.64952E-6 1.09203E-5 1.51848E-6 5.85865E-6 7.26612E-6 3.33253E-6 1.04721E-5 2.87958E-6 1.94349E-7 4.53921E-7 8.54197E-7 1.43812E-6 1.50739E-6 3.48282E-6 1.23549E-5 9.60021E-6 8.67392E-6 1.81792E-6 2.04056E-6 2.2344E-6 4.05978E-7 1.94988E-6 6.29218E-6 2.87845E-6 2.62318E-5 5.78477E-6 1.22608E-6 4.63956E-6 2.52498E-6 2.4445E-6 2.01726E-6 1.70053E-6 1.90274E-6 3.92104E-7
-9999 1.7276E-4 1.09009E-4 1.39925E-4 1.28185E-5 4.93629E-5 1.18608E-4 1.13322E-4 1.20796E-4 1.16061E-4 8.99998E-5 3.033E-5 2.73669E-5 2.41587E-6 5.13057E-7 6.30893E-6 8.87767E-6 1.01419E-5 8.35367E-6 9.43502E-6 1.97391E-5 2.67829E-5 3.73823E-5 3.78952E-5 3.06832E-5 2.01585E-5 1.8891E-5 1.32528E-5 1.7119E-5 1.90011E-5 9.38167E-6 1.15962E-6 3.14323E-6 3.64969E-6 1.13344E-6 6.49145E-7 3.83316E-6 6.05058E-6 1.46475E-6 9.04391E-6 2.3988E-6 6.503E-6 3.39195E-6 2.16683E-6 1.741E-6 8.97637E-6 8.66688E-6 1.75595E-5 1.10876E-5 9.48873E-6 1.35438E-5 2.34502E-5 1.38339E-5 7.22799E-6 1.39603E-5 7.06931E-6 1.40177E-5 9.32163E-6 9.04809E-7 1.58066E-6 6.39739E-7 7.45452E-6 6.68972E-7 2.56096E-6 7.68529E-7 7.34681E-7
-9999 6.12423E-4 4.60772E-4 1.44206E-4 1.56148E-4 1.17883E-4 1.46556E-4 1.95799E-4 1.34527E-4 1.43913E-4 1.08282E-4 1.7272E-5 4.04994E-6 6.22177E-6 1.30676E-5 1.63322E-5 1.12389E-5 4.60826E-6 1.64064E-5 1.02199E-5 2.89132E-5 1.81803E-5 8.52995E-6 8.05479E-6 8.60372E-6 7.40578E-6 8.47743E-6 1.82258E-6 2.23298E-6 3.78559E-6 1.81159E-5 7.9149E-6 7.64176E-6 1.28411E-5 1.11232E-5 3.58311E-6 4.10582E-6 7.31416E-7 8.91945E-7 9.58472E-7 2.89773E-6 6.31279E-6 2.38242E-6 1.80585E-6 6.26423E-7 3.41637E-6 1.30666E-5 1.51976E-5 2.16865E-5 4.91548E-6 1.66002E-5 2.16767E-5 3.5474E-5 3.06535E-5 1.6813E-5 8.4338E-6 2.1769E-6 5.92358E-6 1.2428E-6 1.57161E-6 2.36614E-7 4.47073E-6 8.91809E-6 1.8489E-6 6.35742E-7 3.26197E-5
-9999 1.73945E-3 1.65479E-3 6.80091E-4 3.06017E-4 2.22674E-4 4.66292E-5 8.39261E-5 9.28013E-5 6.84414E-5 3.28495E-5 4.9904E-6 1.33941E-6 6.63854E-6 1.41484E-5 5.31955E-6 1.04367E-5 1.49701E-5 1.01741E-5 1.57572E-5 2.17636E-5 1.23389E-5 6.50963E-6 5.20081E-6 6.00908E-6 1.39655E-5 1.49433E-5 1.19898E-5 4.33869E-6 9.69444E-6 1.38482E-5 9.38957E-6 1.1822E-5 5.50234E-6 2.21799E-6 4.46548E-6 3.35954E-6 6.55979E-6 1.16849E-5 7.39977E-6 1.16489E-5 7.94558E-7 3.56369E-6 1.52866E-6 3.32836E-6 4.58718E-6 9.72382E-6 2.56958E-5 1.34195E-5 4.8788E-6 1.23885E-5 4.06357E-5 4.19643E-5 3.21458E-5 3.73264E-6 3.71835E-6 1.56456E-6 8.50655E-7 1.36195E-6 3.38508E-6 5.12777E-7 9.31223E-7 2.50763E-5 6.74799E-6 2.43274E-6 8.61187E-6
-9999 1.92256E-3 2.01107E-3 4.56588E-4 9.98747E-5 8.66603E-5 5.91705E-5 1.28943E-4 4.87206E-5 5.47052E-5 1.3609E-5 3.26127E-6 2.88973E-7 5.8197E-6 1.29137E-5 9.86288E-6 2.2042E-5 4.58391E-6 6.3005E-6 2.9587E-6 1.05356E-5 1.02114E-6 4.60872E-6 1.75545E-5 6.04335E-6 5.69931E-6 6.91016E-6 1.22789E-5 2.85773E-6 8.15106E-6 5.46874E-6 1.74344E-6 1.51259E-6 1.56498E-6 3.10994E-7 2.67805E-7 1.67292E-7 4.03272E-6 1.28494E-5 4.51968E-6 1.13964E-5 1.92744E-6 1.38045E-6 2.93384E-6 2.96155E-5 3.84476E-5 3.18412E-5 2.9271E-5 5.06457E-6 2.89945E-5 2.26706E-5 2.26548E-5 2.63968E-5 2.29442E-5 2.47731E-6 1.41622E-6 1.18369E-6 2.04615E-7 5.00585E-6 3.09371E-6 3.40115E-6 1.19505E-5 4.45635E-6 1.15071E-5 1.01374E-5 3.72142E-5
-9999 -9999 4.32235E-3 2.52417E-4 9.47987E-5 2.79342E-5 1.28909E-4 1.03608E-4 1.15772E-4 3.14917E-5 6.51394E-6 6.90303E-6 1.38973E-6 3.16135E-6 4.01892E-6 1.21575E-5 2.0916E-5 8.74334E-6 1.1144E-5 1.07751E-5 1.66209E-5 1.80194E-5 8.92507E-6 5.08728E-6 6.92119E-6 4.92691E-6 7.40715E-6 1.43547E-5 8.04213E-6 9.36766E-6 4.63651E-6 6.38275E-6 9.21723E-6 1.65627E-5 1.12646E-5 1.04136E-6 2.24561E-6 2.06136E-6 8.43087E-6 3.18806E-6 1.05745E-5 8.95013E-6 4.63445E-6 1.62586E-6 2.90143E-6 4.97363E-6 1.69569E-6 2.01215E-6 5.02738E-6 3.92042E-6 2.8661E-6 1.27112E-5 6.50139E-6 5.11751E-6 5.94771E-6 5.46577E-6 8.39375E-7 5.22015E-7 1.04712E-6 4.88518E-6 1.01033E-5 3.78218E-5 2.62651E-5 2.35762E-5 3.24431E-5 3.74394E-5
