catData/rasterBestHybridModels/Pviverrinus/RDbal_RM2_L/Pviverrinus_stddev.asc
ncols         409
nrows         350
xllcorner     60.897278365
yllcorner     5.843756025
cellsize      0.0892857
NODATA_value  -9999
[rows 116 to 144 of 350, columns 198 to 263 of 409]
8.35673E-6 8.28859E-6 8.40645E-6 8.72504E-6 8.76941E-6 9.17619E-6 1.18751E-5 1.00418E-5 9.90732E-6 8.43012E-6 8.46824E-6 8.5658E-6 8.69816E-6 8.59038E-6 8.56373E-6 8.60722E-6 9.22798E-6 9.03423E-6 8.73722E-6 9.38259E-6 1.13775E-5 9.54596E-6 1.0775E-5 1.07731E-5 1.20703E-5 1.17336E-5 1.14238E-5 9.43117E-6 1.18391E-5 1.35056E-5 1.05087E-5 1.57708E-5 1.47801E-5 1.31049E-5 1.30785E-5 1.45402E-5 1.51284E-5 1.13373E-5 1.90607E-5 2.15513E-5 2.20797E-5 1.69921E-5 8.5453E-6 1.16354E-5 1.02402E-5 1.1444E-5 1.00739E-5 1.07414E-5 1.28995E-5 1.65054E-5 1.50335E-5 1.63672E-5 9.83798E-6 1.21606E-5 1.93542E-5 2.20355E-5 2.51527E-5 2.60379E-5 2.46797E-5 1.69393E-5 2.31848E-5 2.21114E-5 2.02475E-5 1.2128E-5 8.81416E-6 9.72446E-6
8.40889E-6 8.37943E-6 8.64849E-6 8.65634E-6 8.6775E-6 8.00882E-6 8.42152E-6 1.08355E-5 1.16892E-5 9.54479E-6 8.4371E-6 8.67411E-6 8.87802E-6 8.41462E-6 8.52798E-6 8.53188E-6 8.68868E-6 9.72805E-6 8.97297E-6 9.69529E-6 1.2016E-5 9.32359E-6 1.05823E-5 1.10306E-5 9.30085E-6 8.94438E-6 9.62312E-6 1.02406E-5 1.13266E-5 1.45615E-5 1.65199E-5 1.78254E-5 1.66557E-5 1.7959E-5 1.17574E-5 1.30475E-5 1.5975E-5 1.23668E-5 1.06594E-5 1.1968E-5 2.08991E-5 2.18019E-5 2.17404E-5 1.88948E-5 1.06819E-5 1.10191E-5 9.27382E-6 1.00578E-5 1.24013E-5 1.69399E-5 1.58526E-5 2.0391E-5 1.56199E-5 1.38454E-5 1.02816E-5 1.83576E-5 2.20471E-5 2.46949E-5 2.45854E-5 1.82356E-5 2.58052E-5 2.62524E-5 1.54754E-5 1.13863E-5 2.21449E-5 8.14827E-6
8.43616E-6 8.4692E-6 8.61531E-6 8.57345E-6 1.1527E-5 1.30677E-5 8.09563E-6 8.42536E-6 9.23385E-6 8.61697E-6 9.00106E-6 1.02396E-5 9.29673E-6 9.97694E-6 8.48494E-6 8.43805E-6 8.75928E-6 9.17143E-6 1.21406E-5 9.98567E-6 1.17639E-5 9.14999E-6 9.09343E-6 1.24974E-5 1.15058E-5 1.08561E-5 1.09678E-5 1.35638E-5 1.18268E-5 1.35129E-5 1.00999E-5 1.26784E-5 1.22497E-5 1.22628E-5 1.44514E-5 2.03391E-5 1.42581E-5 1.32211E-5 1.20293E-5 1.31442E-5 1.28597E-5 1.46102E-5 1.88457E-5 2.11597E-5 2.20664E-5 2.09795E-5 1.82526E-5 1.83565E-5 1.20593E-5 1.17829E-5 1.58052E-5 1.78217E-5 1.71512E-5 1.76284E-5 2.87471E-5 1.61113E-5 2.20928E-5 2.0089E-5 1.75874E-5 2.18294E-5 1.75897E-5 2.23831E-5 1.23009E-5 1.41404E-5 1.7676E-5 6.54798E-6
8.30794E-6 8.269E-6 9.65894E-6 1.11343E-5 9.74508E-6 9.00557E-6 1.36284E-5 1.37871E-5 1.29848E-5 1.3851E-5 8.63178E-6 8.43882E-6 8.42609E-6 8.79145E-6 9.44191E-6 9.93236E-6 8.8454E-6 1.25141E-5 1.17203E-5 1.84864E-5 1.28944E-5 9.27341E-6 9.48652E-6 1.01521E-5 1.03425E-5 1.19577E-5 9.10611E-6 1.04537E-5 1.09745E-5 1.11224E-5 1.0305E-5 1.04044E-5 1.17321E-5 1.32263E-5 1.11662E-5 1.47428E-5 2.12361E-5 1.6532E-5 1.51713E-5 1.65045E-5 1.26295E-5 1.23437E-5 1.44876E-5 1.8987E-5 1.98953E-5 2.06677E-5 2.2464E-5 2.0814E-5 1.89872E-5 1.87226E-5 1.85278E-5 1.8386E-5 1.65354E-5 1.34139E-5 1.95816E-5 1.97803E-5 2.0493E-5 1.80466E-5 1.98305E-5 1.96862E-5 1.96168E-5 2.17932E-5 2.41437E-5 1.67233E-5 2.0007E-5 1.09951E-5
8.02834E-6 8.02475E-6 1.13218E-5 9.58385E-6 1.17753E-5 1.25E-5 1.2062E-5 8.44959E-6 8.48708E-6 1.32124E-5 1.22767E-5 1.29017E-5 8.60698E-6 9.13858E-6 1.04572E-5 1.16109E-5 1.14722E-5 1.16476E-5 1.29629E-5 1.33319E-5 1.3128E-5 1.12166E-5 9.50278E-6 9.49447E-6 9.2841E-6 1.09879E-5 1.60505E-5 1.49597E-5 9.94488E-6 1.09173E-5 1.24692E-5 1.10383E-5 1.15637E-5 1.16006E-5 1.22331E-5 1.31912E-5 1.54067E-5 1.40169E-5 1.61622E-5 1.99482E-5 1.41291E-5 1.64432E-5 1.53743E-5 1.37035E-5 1.68841E-5 1.99468E-5 2.08258E-5 2.08507E-5 1.97855E-5 2.08524E-5 1.65617E-5 1.03119E-5 9.51527E-6 7.88651E-6 1.9332E-5 1.87478E-5 7.82175E-6 1.93052E-5 2.07787E-5 1.74981E-5 1.35846E-5 1.64635E-5 2.33547E-5 1.41862E-5 1.80893E-5 1.36605E-5
1.02733E-5 7.91053E-6 1.11084E-5 1.18091E-5 1.20196E-5 1.11689E-5 1.23251E-5 8.47672E-6 8.50283E-6 1.27044E-5 1.24374E-5 1.34755E-5 1.04259E-5 9.33565E-6 9.59863E-6 1.31706E-5 9.30667E-6 1.18969E-5 1.15358E-5 1.16248E-5 1.1137E-5 1.15113E-5 9.18248E-6 9.07495E-6 9.30349E-6 9.09078E-6 8.97771E-6 1.19385E-5 9.82125E-6 1.60586E-5 1.3802E-5 1.08054E-5 1.15099E-5 1.17699E-5 1.09456E-5 1.05273E-5 1.89152E-5 1.9115E-5 1.46129E-5 1.18803E-5 2.19741E-5 1.37349E-5 1.58802E-5 1.63424E-5 1.2293E-5 1.28521E-5 1.60385E-5 1.57238E-5 1.51327E-5 1.8193E-5 1.77714E-5 1.77858E-5 2.11482E-5 2.00168E-5 1.23769E-5 1.19203E-5 1.5698E-5 9.20486E-6 8.29685E-6 2.12728E-5 1.53069E-5 1.24656E-5 9.45979E-6 7.66945E-6 2.66784E-5 1.15879E-5
8.43203E-6 8.96166E-6 3.84955E-6 6.50368E-6 6.32793E-6 1.16267E-5 4.68614E-6 1.22313E-5 8.57762E-6 1.24936E-5 8.50691E-6 9.94512E-6 1.29283E-5 8.80737E-6 1.05333E-5 1.06069E-5 8.70767E-6 8.86979E-6 9.9382E-6 8.99239E-6 1.12687E-5 1.08969E-5 9.34888E-6 9.27586E-6 8.96535E-6 1.1052E-5 1.52727E-5 1.69273E-5 1.03372E-5 1.09727E-5 1.17213E-5 1.12282E-5 1.07143E-5 1.02503E-5 1.1238E-5 1.08855E-5 1.30518E-5 1.26149E-5 1.42305E-5 1.48803E-5 1.39331E-5 1.495E-5 1.42948E-5 1.41799E-5 1.57543E-5 1.03764E-5 1.5759E-5 1.12624E-5 1.10549E-5 1.29815E-5 1.50469E-5 1.31776E-5 1.60365E-5 1.36455E-5 1.93632E-5 1.91103E-5 1.79501E-5 1.64115E-5 1.79783E-5 1.17288E-5 8.26031E-6 2.45345E-5 8.09998E-6 1.31154E-5 1.32419E-5 1.15375E-5
4.67095E-6 1.04259E-5 7.13806E-6 1.92115E-6 6.5921E-6 6.4423E-6 6.09513E-6 1.11891E-5 9.51124E-6 1.08964E-5 8.67007E-6 1.16228E-5 1.17265E-5 1.11799E-5 8.55715E-6 1.03472E-5 8.68631E-6 8.86164E-6 8.94562E-6 9.04396E-6 9.17361E-6 1.07467E-5 1.1974E-5 1.08916E-5 1.12509E-5 8.43942E-6 1.12372E-5 9.17304E-6 1.01656E-5 1.0773E-5 1.28445E-5 1.35194E-5 1.40186E-5 1.21784E-5 1.17536E-5 1.40238E-5 1.89176E-5 1.53849E-5 1.42182E-5 1.16678E-5 1.23132E-5 1.49405E-5 1.55916E-5 1.3247E-5 1.20475E-5 1.3744E-5 1.45939E-5 1.49146E-5 1.23049E-5 1.42755E-5 1.6835E-5 1.65181E-5 1.4721E-5 1.77414E-5 2.07406E-5 1.93068E-5 1.7699E-5 2.0082E-5 2.02634E-5 1.93227E-5 1.88414E-5 8.20972E-6 9.93573E-6 2.60684E-5 1.47428E-5 9.60369E-6
7.78585E-6 8.82521E-6 1.04552E-5 5.72049E-6 9.75599E-6 1.19069E-5 1.02991E-5 1.13446E-5 8.4439E-6 1.09092E-5 1.01577E-5 8.72673E-6 1.099E-5 8.50565E-6 8.38035E-6 8.4736E-6 1.01158E-5 1.33787E-5 9.11142E-6 1.31192E-5 9.37361E-6 1.41922E-5 1.00898E-5 1.09069E-5 1.34191E-5 1.24327E-5 9.97451E-6 9.51296E-6 9.17585E-6 1.1047E-5 1.18679E-5 1.98621E-5 1.50819E-5 1.16735E-5 1.17801E-5 1.45776E-5 1.88369E-5 1.94381E-5 1.76292E-5 1.17046E-5 1.27031E-5 1.45265E-5 1.4049E-5 1.50041E-5 1.46544E-5 1.41597E-5 1.13478E-5 1.08766E-5 1.0689E-5 1.30077E-5 1.51415E-5 1.2855E-5 1.22658E-5 1.74939E-5 1.28722E-5 1.88614E-5 1.38981E-5 1.48867E-5 1.74067E-5 1.92962E-5 1.86109E-5 1.94189E-5 1.50946E-5 2.45153E-5 1.76885E-5 1.25989E-5
8.4179E-6 9.6389E-6 7.63933E-6 5.34032E-6 6.95014E-6 8.37231E-6 1.08114E-5 9.2515E-6 8.39997E-6 1.14376E-5 1.02921E-5 3.94813E-6 1.12657E-5 1.23019E-5 1.28197E-5 1.21482E-5 1.23158E-5 1.01007E-5 8.5689E-6 1.29066E-5 1.29256E-5 9.63095E-6 9.53838E-6 9.58214E-6 1.39625E-5 9.4302E-6 1.12453E-5 1.17771E-5 1.07747E-5 9.96513E-6 1.18542E-5 1.1338E-5 1.32856E-5 1.29288E-5 1.34338E-5 1.1842E-5 1.66809E-5 1.74984E-5 1.76775E-5 1.90914E-5 1.23777E-5 1.16535E-5 1.25175E-5 1.53041E-5 1.38147E-5 1.30144E-5 1.15364E-5 1.16996E-5 1.21875E-5 9.92927E-6 1.0708E-5 1.24021E-5 1.29567E-5 1.12811E-5 1.12477E-5 1.18349E-5 1.5393E-5 1.66081E-5 1.87341E-5 1.34695E-5 1.67382E-5 2.00743E-5 1.53956E-5 1.58819E-5 9.7372E-6 7.90619E-6
8.78297E-6 8.77799E-6 9.49229E-6 2.78387E-6 9.20404E-6 1.08459E-5 9.86719E-6 8.3554E-6 9.47331E-6 6.3879E-6 8.32594E-6 3.34617E-6 1.01089E-5 1.09037E-5 5.43471E-6 1.13262E-5 1.2646E-5 1.24296E-5 1.12529E-5 1.09367E-5 1.23618E-5 8.78735E-6 1.0832E-5 9.83668E-6 9.72093E-6 1.12308E-5 1.10298E-5 1.33077E-5 1.45766E-5 1.27401E-5 1.29359E-5 1.03668E-5 1.20214E-5 1.32236E-5 1.84149E-5 1.82702E-5 1.38595E-5 1.21611E-5 1.47407E-5 1.48102E-5 1.67321E-5 1.46176E-5 1.47999E-5 1.51736E-5 1.34046E-5 1.46852E-5 1.38481E-5 1.04382E-5 1.0766E-5 1.05039E-5 1.00572E-5 1.052E-5 1.24607E-5 1.38997E-5 1.22395E-5 1.46488E-5 1.611E-5 1.25906E-5 1.40226E-5 1.12438E-5 1.19367E-5 1.38586E-5 1.63113E-5 1.7006E-5 1.68106E-5 2.20045E-5
6.9049E-6 3.06582E-6 9.17172E-6 8.15736E-6 9.31372E-6 1.17428E-6 2.78725E-6 7.52446E-6 7.27798E-6 2.8385E-6 9.94298E-6 7.47456E-6 2.65666E-6 8.3899E-6 1.12991E-5 1.12297E-5 8.192E-6 9.64866E-6 1.10403E-5 9.26581E-6 8.89143E-6 1.24475E-5 8.94166E-6 1.34769E-5 1.09354E-5 1.26939E-5 9.72078E-6 1.00246E-5 1.5029E-5 1.52211E-5 1.15851E-5 1.74243E-5 1.23691E-5 1.13125E-5 1.85947E-5 1.57841E-5 1.29385E-5 1.86113E-5 1.12218E-5 1.14429E-5 1.08421E-5 1.90073E-5 1.21543E-5 1.19128E-5 1.53222E-5 1.89695E-5 1.97305E-5 1.3599E-5 1.35413E-5 1.08818E-5 9.84008E-6 1.12337E-5 1.05802E-5 1.40611E-5 1.66455E-5 1.53515E-5 1.56757E-5 1.66452E-5 1.38662E-5 1.16288E-5 1.43127E-5 8.65551E-6 8.66387E-6 9.15337E-6 9.01738E-6 8.00572E-6
7.10317E-6 8.6289E-6 2.94448E-6 9.69043E-7 1.56896E-6 1.98143E-6 4.13492E-6 4.15947E-6 8.94771E-6 8.52149E-7 1.72303E-6 6.00731E-6 3.58073E-6 1.03814E-5 9.25344E-6 1.10928E-5 9.32138E-6 1.13425E-5 9.40481E-6 1.01495E-5 8.39006E-6 8.50636E-6 9.03501E-6 9.12943E-6 1.23572E-5 9.91278E-6 1.09741E-5 1.43634E-5 9.61204E-6 1.05687E-5 1.16615E-5 1.5054E-5 9.2503E-6 1.32303E-5 1.23685E-5 1.50684E-5 1.48835E-5 1.53577E-5 1.24855E-5 1.22323E-5 1.42193E-5 1.84225E-5 1.15426E-5 1.19569E-5 1.3713E-5 1.42146E-5 1.6164E-5 1.62943E-5 1.49781E-5 1.33879E-5 1.13249E-5 1.32157E-5 1.30002E-5 1.32238E-5 1.49939E-5 1.63865E-5 1.30939E-5 1.06646E-5 1.15487E-5 1.22478E-5 1.41049E-5 9.61714E-6 1.53451E-5 9.79252E-6 1.215E-5 1.04947E-5
3.9404E-6 8.06373E-6 8.95957E-6 7.08567E-6 7.1872E-6 6.97601E-6 7.21467E-6 8.41287E-6 9.87805E-6 1.55424E-6 2.70603E-6 1.00524E-5 8.52918E-6 7.9115E-6 7.74565E-6 7.84562E-6 7.78391E-6 7.88272E-6 9.20443E-6 6.84605E-6 8.36893E-6 1.16937E-5 1.08606E-5 1.21149E-5 1.04153E-5 7.04068E-6 1.19956E-5 1.05036E-5 1.45569E-5 1.22279E-5 1.13533E-5 1.39872E-5 1.41938E-5 1.72185E-5 1.80163E-5 1.10131E-5 1.85713E-5 1.19573E-5 1.41379E-5 1.1048E-5 1.27344E-5 1.42703E-5 1.41974E-5 1.44412E-5 1.24784E-5 1.3961E-5 1.30832E-5 1.11131E-5 1.2817E-5 1.28888E-5 1.33308E-5 1.20681E-5 1.22215E-5 1.17394E-5 1.32021E-5 9.33926E-6 1.25616E-5 1.0673E-5 1.33948E-5 1.10699E-5 1.15414E-5 1.27707E-5 1.19601E-5 1.29171E-5 1.37008E-5 1.38037E-5
2.60515E-6 2.0393E-6 1.40346E-6 5.35032E-6 6.6528E-6 6.88321E-6 7.72672E-6 1.2545E-6 2.44756E-6 9.13895E-7 9.82507E-6 7.70228E-6 9.5616E-6 8.50757E-6 9.00374E-6 7.76287E-6 7.6724E-6 7.79549E-6 7.93497E-6 1.07171E-5 8.7055E-6 1.10325E-5 5.38255E-6 9.87415E-6 1.22675E-5 9.16088E-6 1.2621E-5 1.78056E-6 1.38796E-5 9.36193E-6 1.57725E-5 1.32552E-5 1.00992E-5 1.19307E-5 1.32711E-5 2.51927E-5 1.72684E-5 1.06656E-5 1.46508E-5 1.62619E-5 1.63702E-5 1.56038E-5 1.49312E-5 1.50094E-5 1.28042E-5 1.30693E-5 1.30805E-5 1.54986E-5 1.56718E-5 1.76582E-5 1.69226E-5 1.21693E-5 1.39875E-5 1.16904E-5 1.10017E-5 1.14523E-5 1.57545E-5 1.54092E-5 1.35419E-5 1.38154E-5 1.46942E-5 1.61945E-5 1.90982E-5 1.58434E-5 1.60365E-5 1.62974E-5
3.27855E-7 2.34234E-6 4.81934E-6 7.34112E-6 7.14179E-6 6.86932E-6 2.94547E-7 6.55641E-7 8.65205E-6 5.96463E-6 3.62268E-6 6.21047E-6 3.08174E-6 3.62181E-6 8.45163E-6 9.68511E-6 7.59501E-6 7.67429E-6 7.75723E-6 1.08135E-5 1.11897E-5 1.13553E-5 1.15015E-5 8.83626E-6 1.07032E-5 1.05125E-5 1.18129E-5 1.04416E-5 1.32704E-5 9.67611E-6 9.67679E-6 1.08048E-5 1.16356E-5 1.03871E-5 1.02429E-5 1.95568E-5 2.0571E-5 1.61884E-5 1.49659E-5 1.60206E-5 1.16859E-5 1.40431E-5 1.4824E-5 1.47991E-5 1.23683E-5 1.19104E-5 1.57152E-5 1.84845E-5 1.55631E-5 1.28749E-5 1.3722E-5 1.21493E-5 1.60634E-5 1.6448E-5 1.59963E-5 1.44455E-5 1.32001E-5 1.33414E-5 1.27311E-5 1.60659E-5 1.62648E-5 1.5587E-5 1.5689E-5 1.62163E-5 1.5755E-5 1.58374E-5
2.38988E-7 1.41043E-6 2.99741E-6 3.2989E-6 6.77076E-6 6.82485E-6 4.24022E-6 6.74145E-6 8.41038E-6 7.16784E-6 8.18806E-6 8.52334E-6 6.38314E-6 1.74514E-6 8.28788E-6 9.15983E-6 8.19975E-6 7.76703E-6 9.93779E-6 5.89116E-6 8.64251E-6 8.87245E-6 8.9667E-6 1.09908E-5 7.36045E-6 1.12905E-5 1.12037E-5 1.14548E-5 6.72807E-6 8.26553E-6 6.0358E-6 1.25004E-5 8.52467E-6 1.1926E-6 4.17663E-6 1.41921E-5 1.10958E-5 1.35653E-5 1.42981E-5 1.0074E-5 1.01667E-5 1.36542E-5 1.11419E-5 1.40018E-5 1.29946E-5 1.20397E-5 1.74002E-5 1.77764E-5 1.56228E-5 1.67478E-5 1.8185E-5 1.42182E-5 1.28671E-5 1.29221E-5 1.19839E-5 1.35942E-5 1.19183E-5 1.5362E-5 1.57541E-5 1.6071E-5 1.59927E-5 1.56057E-5 1.54899E-5 1.59419E-5 1.57438E-5 1.57176E-5
1.29853E-6 3.9631E-6 2.45712E-7 6.61046E-7 5.80039E-6 6.6094E-6 7.46087E-6 3.98095E-6 4.84522E-6 2.99363E-6 3.22884E-6 9.13048E-6 8.66659E-6 7.4581E-6 7.98881E-6 7.75807E-6 9.09439E-6 9.44092E-6 7.59047E-6 1.02437E-5 3.56819E-6 1.09735E-5 9.66794E-6 9.54856E-6 1.06992E-5 9.84811E-6 1.08185E-5 5.72496E-6 1.16514E-5 5.8411E-6 6.74404E-6 1.90243E-6 1.42706E-6 2.97911E-6 7.04262E-6 1.39513E-5 1.50902E-5 1.1401E-5 1.11588E-5 1.42411E-5 1.71242E-5 1.53599E-5 1.68412E-5 1.24967E-5 1.56867E-5 1.09377E-5 1.02763E-5 1.13571E-5 1.00595E-5 1.10296E-5 1.52148E-5 1.58497E-5 1.39829E-5 1.30599E-5 1.26346E-5 1.38918E-5 1.35106E-5 1.59221E-5 1.61914E-5 1.58526E-5 1.59014E-5 1.55303E-5 1.5371E-5 1.54467E-5 1.5785E-5 1.53491E-5
1.99325E-6 6.42267E-6 3.0398E-6 3.46023E-7 3.40485E-6 6.76202E-6 3.98005E-6 7.486E-6 8.1278E-6 7.25429E-6 8.45489E-6 8.41105E-6 9.06697E-6 8.58465E-6 8.31069E-6 7.4927E-6 8.40141E-6 6.62037E-6 5.62629E-6 9.92533E-6 8.94793E-6 4.8612E-6 8.82265E-6 8.67912E-6 9.26188E-6 9.32927E-6 2.50243E-6 6.13883E-6 2.53296E-6 1.34121E-6 2.53723E-6 1.63458E-6 1.01219E-6 1.19885E-5 1.24925E-5 1.31353E-5 3.53646E-6 6.92108E-6 1.02103E-5 1.18262E-6 4.72557E-7 7.11169E-7 7.83649E-7 1.85896E-6 1.21929E-6 2.10334E-6 8.99263E-7 2.65738E-6 2.57999E-6 1.75222E-5 1.64008E-5 1.71983E-5 1.41339E-5 1.37765E-5 1.10231E-5 1.02625E-5 1.68022E-5 1.26722E-5 1.39371E-5 1.56089E-5 1.54673E-5 1.55619E-5 1.54418E-5 1.55684E-5 1.49781E-5 1.74562E-5
2.21824E-6 2.16818E-6 3.79516E-6 2.05889E-6 6.71203E-7 2.4915E-6 4.35294E-6 3.86675E-6 7.98401E-6 8.35436E-6 6.13466E-6 7.9268E-6 3.94449E-6 7.70997E-6 3.33733E-6 2.41109E-6 2.9416E-6 8.59997E-6 8.45159E-6 8.84438E-6 9.1881E-6 9.52401E-6 7.76972E-6 2.19961E-6 2.3809E-6 3.16196E-6 3.5651E-6 3.07707E-6 8.72529E-6 4.91358E-6 9.29044E-6 1.04877E-5 9.89748E-6 1.12527E-5 9.83977E-6 1.22165E-5 1.29944E-5 1.03845E-5 1.11058E-5 1.2828E-5 2.14763E-6 2.11778E-6 4.83577E-6 5.65911E-6 1.56068E-6 3.44514E-6 4.69828E-6 6.12279E-7 8.87593E-7 8.40563E-6 1.42408E-5 1.40346E-5 1.03027E-5 1.41376E-5 1.21135E-5 1.55727E-5 1.36474E-5 1.5428E-5 1.30321E-5 1.46124E-5 1.52901E-5 1.45349E-5 1.47025E-5 1.18332E-5 1.49928E-5 1.56142E-5
5.15679E-6 4.23548E-6 4.13309E-6 1.63923E-6 1.08963E-6 5.12125E-6 6.65455E-6 2.39843E-6 7.73846E-6 2.82821E-6 6.63166E-6 3.24751E-6 8.27356E-7 3.94353E-6 7.96406E-6 8.33279E-7 2.09916E-6 5.277E-6 7.53872E-6 7.64459E-6 7.05843E-6 7.33822E-6 5.57701E-6 2.0784E-6 2.2341E-6 6.67522E-6 5.93602E-6 7.14341E-6 5.08929E-6 5.52982E-6 9.51992E-6 6.1594E-6 8.13156E-6 3.06492E-6 1.46585E-6 2.00201E-6 7.6949E-6 1.2647E-5 1.30903E-5 5.96429E-6 1.03662E-5 4.9129E-6 9.57215E-7 1.09735E-6 1.02443E-6 2.72699E-6 1.12942E-5 5.7825E-6 1.08987E-5 8.81993E-6 1.16678E-5 8.88647E-6 1.14701E-5 1.02258E-5 1.08811E-5 1.19715E-5 1.33499E-5 9.69671E-6 1.57507E-5 1.42203E-5 1.2917E-5 1.43937E-5 1.2615E-5 9.79457E-6 1.46846E-5 1.54934E-5
3.81489E-6 6.19271E-6 6.49066E-6 7.17288E-7 1.46083E-6 6.80842E-6 6.51338E-6 1.84914E-6 6.78108E-6 6.17076E-7 1.07446E-6 1.3731E-6 1.03364E-6 4.67033E-7 3.59699E-6 5.49017E-6 6.33527E-7 6.67108E-6 5.32313E-6 4.68946E-6 1.27707E-6 3.14234E-6 4.4589E-6 1.24849E-6 1.16714E-6 8.81986E-7 2.9641E-6 5.95324E-6 2.66998E-6 2.20714E-6 3.78505E-6 4.4453E-6 1.85413E-6 3.91981E-6 3.45067E-7 1.29281E-6 1.40669E-6 1.17612E-6 9.81016E-7 7.92178E-7 5.28173E-6 9.72469E-6 8.93572E-7 1.28972E-6 4.92615E-6 3.22289E-6 5.66711E-6 8.93803E-6 8.73549E-6 1.0364E-5 1.05017E-5 1.03012E-5 1.03498E-5 8.49353E-6 9.82575E-6 9.26227E-6 1.00758E-5 1.12942E-5 1.04797E-5 9.64092E-6 1.14287E-5 9.34397E-6 1.10408E-5 1.2684E-5 1.46467E-5 1.63151E-5
6.13896E-6 6.11014E-6 6.69521E-6 2.15002E-6 1.04763E-6 1.62192E-6 4.31224E-7 7.77697E-7 4.05689E-6 2.11414E-6 2.43571E-6 4.38871E-7 1.69714E-6 3.19086E-7 1.85676E-6 3.0191E-6 5.4875E-6 3.8917E-6 2.051E-6 1.18866E-6 2.80719E-6 3.59228E-7 5.37461E-7 1.78044E-6 6.41202E-6 8.04602E-6 7.79187E-6 7.56951E-6 7.69477E-6 8.6345E-6 8.75488E-6 8.70453E-6 6.68479E-6 6.95524E-7 1.37823E-6 1.46729E-6 6.41027E-6 8.19001E-6 1.04563E-6 1.71164E-7 3.47492E-7 2.57889E-6 4.53879E-7 3.18926E-7 4.62769E-6 6.05477E-7 1.50204E-6 2.42386E-6 8.54416E-6 8.58462E-6 8.57808E-6 9.3575E-6 9.2638E-6 6.70824E-6 4.17954E-6 3.45651E-6 8.48706E-6 8.22626E-6 7.32722E-6 7.26967E-6 5.48789E-6 1.39021E-5 1.48265E-5 1.32928E-5 9.88535E-6 1.01465E-5
2.74252E-7 2.1783E-7 4.27075E-6 6.38838E-6 1.12478E-6 6.56668E-7 4.64992E-7 6.96917E-7 1.55415E-6 1.10378E-6 1.50091E-6 1.33152E-6 1.82045E-6 3.96309E-6 4.20673E-6 6.34426E-6 5.82293E-6 2.91882E-6 1.90592E-7 2.23947E-7 4.13501E-7 1.21333E-6 4.87175E-6 7.05262E-6 3.41247E-6 5.64795E-6 4.82604E-6 7.90013E-6 8.25995E-6 8.05725E-6 6.12686E-6 4.41448E-6 8.11977E-6 3.05784E-6 4.22569E-6 1.04731E-6 9.38953E-7 1.42485E-7 1.0765E-7 3.15942E-7 2.5078E-7 1.09568E-6 1.2253E-7 2.02367E-7 2.38169E-7 3.61366E-7 2.16146E-6 1.08727E-6 1.6897E-6 9.02773E-7 7.61751E-6 1.01892E-5 9.36749E-6 5.33837E-6 8.24663E-6 4.19031E-6 7.95843E-6 7.93211E-6 8.01485E-6 8.95573E-6 1.25487E-5 1.01256E-5 1.10401E-5 1.27562E-5 1.24234E-5 9.57689E-6
3.17202E-8 5.20021E-8 9.65064E-8 3.55812E-7 7.64256E-7 1.25287E-6 3.64964E-7 5.60089E-7 1.11095E-6 5.83834E-6 5.33639E-6 6.10551E-6 5.17119E-6 5.81949E-6 5.0142E-6 2.19019E-6 1.47477E-6 1.34671E-6 1.2363E-7 2.29794E-6 1.45881E-6 6.97392E-7 7.64991E-7 5.73736E-7 3.42262E-6 5.03361E-6 7.93684E-6 7.87783E-6 7.71553E-6 5.67776E-6 7.80059E-6 7.7464E-6 7.40428E-6 4.10439E-6 1.02473E-6 5.07122E-7 1.7946E-7 1.96422E-7 1.03124E-6 2.70826E-6 6.42996E-6 4.62954E-6 1.77066E-6 6.32147E-6 1.50221E-6 7.7807E-6 2.96349E-6 6.05072E-6 3.94845E-6 2.6822E-6 9.18288E-6 7.15752E-6 7.61652E-6 8.59542E-6 8.48428E-6 8.54911E-6 8.45477E-6 9.67695E-6 8.63203E-6 1.00239E-5 1.42681E-5 1.07333E-5 9.95564E-6 9.50753E-6 9.15972E-6 9.19852E-6
1.04913E-7 2.08769E-8 8.2678E-8 2.32189E-6 3.18843E-6 1.05745E-6 7.87921E-7 1.20796E-6 9.3913E-7 4.08333E-6 2.5739E-6 6.20539E-6 3.44223E-6 2.73976E-6 8.81169E-7 2.11726E-7 1.44419E-6 7.71049E-7 1.32785E-6 3.44344E-7 1.73068E-7 1.09873E-6 3.13876E-6 6.43522E-6 3.55269E-6 1.76175E-6 6.74724E-6 5.51196E-6 5.52211E-6 6.27623E-6 7.92961E-6 4.54228E-6 2.25026E-6 2.36974E-7 1.36885E-6 8.85301E-7 3.4393E-6 4.03379E-6 3.32697E-6 2.47162E-6 7.61314E-7 2.18258E-6 9.23878E-6 7.52016E-6 4.06893E-6 4.24358E-6 6.34517E-6 6.04594E-6 3.60562E-6 3.77773E-6 5.16796E-6 6.88509E-6 1.16596E-5 1.01286E-5 2.7666E-6 1.13564E-5 9.88608E-6 1.31541E-5 8.49226E-6 8.6296E-6 1.1057E-5 1.36808E-5 1.08554E-5 1.04412E-5 1.17912E-5 9.72322E-6
7.34149E-7 2.47429E-7 8.20405E-7 9.26742E-7 5.56358E-7 6.74882E-6 5.63013E-7 2.26373E-6 3.92141E-6 5.85035E-6 3.007E-6 3.39439E-6 9.87167E-7 1.65185E-7 2.14916E-7 1.57579E-6 2.74845E-6 2.10283E-6 8.36732E-7 7.04573E-7 1.15915E-6 6.09133E-6 5.28082E-6 6.06129E-6 7.04393E-6 2.48573E-6 2.52405E-6 2.1085E-6 6.20296E-6 2.74167E-6 3.4248E-6 3.51597E-6 2.80736E-6 4.48286E-6 1.21841E-6 1.12334E-6 4.55721E-6 8.09211E-6 1.46637E-6 5.34385E-6 2.5915E-6 3.0114E-6 5.3461E-6 3.76881E-6 2.03135E-6 4.49053E-8 2.39723E-7 2.92678E-6 1.00025E-6 7.18161E-6 5.97518E-6 1.12549E-5 2.1689E-6 3.4686E-7 2.25455E-6 1.01614E-5 1.12292E-5 8.52634E-6 7.63155E-6 1.1772E-5 9.51838E-6 1.00951E-5 9.09366E-6 1.06164E-5 1.15301E-5 1.2266E-5
3.15791E-6 3.48142E-6 2.23912E-6 3.31388E-6 2.59511E-6 1.85535E-6 1.12078E-6 5.14552E-7 8.53356E-7 3.19261E-6 4.80325E-6 3.20459E-7 6.26803E-7 2.85881E-6 7.41414E-7 8.72815E-7 2.00487E-6 1.56178E-6 1.17672E-6 1.93929E-6 6.42746E-7 2.58322E-6 4.34214E-6 6.04067E-6 5.29765E-6 6.36925E-6 1.15902E-6 1.25409E-6 1.69646E-6 4.94049E-6 2.99258E-6 4.24848E-6 3.20902E-6 1.2903E-6 7.17977E-6 6.62484E-6 6.59132E-6 5.81701E-6 3.07797E-6 2.26823E-6 4.8095E-6 5.50813E-6 7.80801E-6 7.33888E-6 1.13206E-6 2.19227E-6 2.00233E-6 3.56149E-7 4.05474E-6 1.01973E-5 9.6747E-6 1.037E-5 9.696E-6 7.07968E-6 6.50663E-6 1.07215E-5 1.18682E-5 1.11986E-5 1.15528E-5 9.80342E-6 1.11666E-5 9.25291E-6 6.83315E-6 3.83891E-6 7.95006E-6 8.64178E-6
3.76234E-7 2.14846E-6 5.24676E-6 2.98741E-6 1.20337E-6 1.27031E-7 4.79E-7 3.61341E-7 1.09499E-6 1.10736E-6 5.06067E-7 5.21414E-6 3.71396E-6 3.32045E-7 4.03487E-7 4.91365E-7 1.05678E-6 2.34587E-6 3.72516E-7 1.12525E-6 3.21246E-6 4.19994E-6 5.36633E-6 5.28741E-6 3.81698E-6 9.25789E-7 8.08508E-7 1.29261E-6 7.23941E-7 3.20403E-6 1.53095E-6 2.8124E-6 2.49256E-6 7.82281E-6 1.63888E-6 2.634E-6 4.57176E-6 1.64624E-6 6.45784E-6 3.77299E-6 2.03912E-6 9.73007E-7 1.62926E-6 1.89594E-6 8.4708E-7 2.65853E-6 8.34566E-6 1.08764E-5 1.18404E-5 1.02029E-5 9.24967E-6 8.36934E-6 9.407E-6 1.01714E-5 7.3724E-6 9.055E-6 9.81071E-6 1.03797E-5 8.24432E-6 7.50777E-6 1.21606E-5 1.19755E-5 9.76102E-6 9.42645E-6 1.06121E-5 1.00233E-5
