catData/rasterBestHybridModels/Pviverrinus/RD_BM01_RM1.5_H/Pviverrinus_min.asc
ncols         409
nrows         350
xllcorner     60.897278365
yllcorner     5.843756025
cellsize      0.0892857
NODATA_value  -9999
[rows 58 to 86 of 350, columns 132 to 197 of 409]
2.92889E-5 3.44023E-5 3.3797E-5 3.81888E-5 3.57012E-5 3.89084E-5 3.58334E-5 3.66398E-5 4.14492E-5 3.89935E-5 4.35817E-5 2.05131E-5 4.6974E-5 2.21787E-5 3.16768E-5 4.32422E-5 5.31421E-5 5.36205E-5 5.7711E-5 5.91501E-5 5.40171E-5 5.85994E-5 3.51356E-5 2.69927E-5 2.78294E-5 2.97791E-5 3.29667E-5 3.51885E-5 6.60413E-5 4.02788E-5 4.36985E-5 7.091E-5 1.12348E-4 1.10311E-4 1.35361E-4 1.36497E-4 8.89339E-5 4.64889E-5 1.03066E-4 1.17757E-4 1.29627E-4 7.19242E-5 7.1837E-5 6.09798E-5 7.30271E-5 6.12722E-5 4.9893E-5 2.11846E-5 9.57684E-6 3.791E-6 2.81237E-6 2.16062E-6 1.33543E-6 8.15144E-7 7.96101E-7 8.41617E-7 1.02522E-6 7.6306E-7 3.62905E-7 3.49034E-7 3.47069E-7 3.73704E-7 3.80835E-7 3.77211E-7 3.74802E-7 3.62422E-7
3.10506E-5 3.56163E-5 3.32484E-5 3.50796E-5 3.98122E-5 3.95174E-5 3.56413E-5 3.58904E-5 4.12986E-5 4.25154E-5 4.34468E-5 3.22548E-5 4.62422E-5 4.75535E-5 4.87591E-5 4.86983E-5 5.14152E-5 4.92494E-5 5.18142E-5 5.32944E-5 7.02884E-5 3.34117E-5 2.57167E-5 2.65746E-5 2.85389E-5 3.63537E-5 3.79714E-5 3.48887E-5 7.49427E-5 3.94168E-5 4.23273E-5 9.07076E-5 1.00869E-4 9.05215E-5 9.63434E-5 1.28772E-4 1.07913E-4 8.89173E-5 5.2036E-5 1.00777E-4 1.04401E-4 9.23148E-5 7.41269E-5 6.11554E-5 6.13739E-5 5.94779E-5 3.88669E-5 6.14392E-5 5.28992E-5 2.80741E-5 9.316E-6 2.14124E-6 1.67029E-6 1.00659E-6 8.15529E-7 7.5303E-7 8.11146E-7 8.2624E-7 3.80772E-7 3.7908E-7 4.18113E-7 3.88046E-7 3.91279E-7 3.94856E-7 4.01733E-7 3.9552E-7
3.12829E-5 4.15871E-5 3.31921E-5 3.73742E-5 3.89432E-5 3.57424E-5 3.9486E-5 3.97789E-5 3.67252E-5 2.68752E-5 4.2295E-5 1.92791E-5 2.66886E-5 3.68678E-5 4.86289E-5 5.0713E-5 5.29401E-5 4.992E-5 5.94448E-5 6.84979E-5 6.45654E-5 2.48114E-5 2.55131E-5 5.80945E-5 6.7084E-5 6.99014E-5 3.84859E-5 3.97239E-5 3.5219E-5 3.75107E-5 4.91715E-5 9.55935E-5 5.41024E-5 9.16112E-5 8.63723E-5 1.03248E-4 1.19953E-4 5.80027E-5 9.05033E-5 7.37001E-5 6.90602E-5 1.1332E-4 9.30312E-5 6.56928E-5 5.82428E-5 6.19642E-5 6.2062E-5 6.38468E-5 3.00114E-5 1.27077E-5 1.2203E-5 3.06903E-6 1.3469E-6 1.04216E-6 9.53733E-7 8.18594E-7 7.8535E-6 5.84361E-7 5.52614E-7 5.48335E-7 5.4585E-7 6.3577E-7 5.40657E-7 4.09238E-7 4.24493E-7 4.45687E-7
3.03914E-5 3.22001E-5 3.3006E-5 3.7614E-5 3.88702E-5 3.77536E-5 3.81157E-5 3.54273E-5 3.90511E-5 4.00721E-5 4.14207E-5 4.24417E-5 4.37605E-5 4.54904E-5 3.67979E-5 4.2302E-5 4.57097E-5 6.25939E-5 5.82745E-5 6.40432E-5 6.84037E-5 4.1013E-5 3.11934E-5 5.38831E-5 8.33663E-5 6.42246E-5 5.21982E-5 3.74186E-5 3.34001E-5 5.18007E-5 8.09088E-5 7.08176E-5 4.20941E-5 4.28479E-5 5.39418E-5 8.5736E-5 8.49557E-5 8.53504E-5 6.27657E-5 7.46209E-5 2.9359E-5 5.50711E-5 7.81912E-5 6.47282E-5 5.71442E-5 5.75139E-5 6.26741E-5 5.85497E-5 2.46598E-5 8.99893E-6 5.13089E-6 6.30757E-6 1.70596E-6 2.161E-6 1.52364E-6 1.12424E-5 1.52956E-5 1.25892E-5 6.36587E-7 6.16938E-7 5.94563E-7 6.81677E-7 7.73633E-7 5.4764E-7 4.79929E-7 4.5862E-7
3.19552E-5 3.35338E-5 3.5269E-5 2.38769E-5 3.5899E-5 3.58576E-5 3.36777E-5 3.43063E-5 3.47752E-5 3.55424E-5 4.02006E-5 4.12764E-5 4.24448E-5 4.40929E-5 4.56037E-5 4.67017E-5 4.61665E-5 5.34073E-5 5.02821E-5 6.28611E-5 6.34357E-5 2.98109E-5 2.51244E-5 2.61281E-5 2.72943E-5 2.84446E-5 2.99583E-5 3.12351E-5 5.80841E-5 7.56729E-5 3.92763E-5 7.99778E-5 7.29344E-5 4.00268E-5 7.196E-5 7.36277E-5 7.87926E-5 1.06733E-4 6.38046E-5 1.16407E-4 1.04836E-4 2.81199E-5 5.70338E-5 5.35087E-5 6.03583E-5 6.09756E-5 6.27782E-5 5.48092E-5 2.1658E-5 7.04479E-6 5.02998E-6 4.59642E-6 5.48709E-6 3.32781E-6 2.02216E-6 2.14622E-6 1.68541E-5 1.55718E-5 7.04246E-7 6.66346E-7 6.6012E-7 7.48934E-7 8.23437E-7 8.28754E-7 4.97403E-7 4.90611E-7
3.02453E-5 3.20607E-5 2.2819E-5 3.81892E-5 3.52586E-5 3.35544E-5 3.19766E-5 3.37447E-5 3.91248E-5 3.5744E-5 3.97572E-5 3.63E-5 3.73504E-5 3.88913E-5 4.39147E-5 4.34845E-5 5.40099E-5 5.51135E-5 5.61428E-5 6.44948E-5 5.68511E-5 2.3543E-5 2.45231E-5 2.54488E-5 2.67766E-5 5.85279E-5 2.87299E-5 4.8183E-5 6.84521E-5 3.62372E-5 7.22779E-5 8.84892E-5 8.75612E-5 7.73688E-5 8.53665E-5 7.86852E-5 7.20045E-5 8.82072E-5 9.61119E-5 6.91563E-5 1.1335E-4 8.40268E-5 6.66224E-5 5.69144E-5 6.46164E-5 6.66754E-5 5.3606E-5 5.79011E-6 4.17312E-6 3.01945E-6 5.47116E-6 1.03245E-5 8.14552E-6 4.88378E-6 2.72847E-6 2.14126E-5 1.90002E-5 1.78853E-5 1.23391E-5 1.11655E-6 7.84204E-7 5.68804E-7 5.47004E-7 5.27974E-7 4.98537E-7 5.18796E-7
2.7639E-5 3.00003E-5 2.88636E-5 3.18785E-5 3.30802E-5 3.41265E-5 3.55014E-5 3.7456E-5 3.91532E-5 3.91263E-5 3.69044E-5 3.90363E-5 3.99955E-5 4.15294E-5 5.28094E-5 5.32977E-5 5.60746E-5 5.83382E-5 6.01528E-5 6.137E-5 4.784E-5 2.24385E-5 3.16875E-5 2.39351E-5 2.60131E-5 3.32733E-5 3.39432E-5 6.41599E-5 3.39287E-5 5.86582E-5 6.51646E-5 7.15409E-5 7.65782E-5 7.33705E-5 3.94105E-5 7.81026E-5 8.0934E-5 8.88265E-5 7.47288E-5 8.73875E-5 7.94545E-5 1.00508E-4 4.58383E-5 1.00855E-4 8.41896E-5 7.88323E-5 5.50036E-5 1.582E-5 5.06576E-6 1.09953E-5 1.57321E-5 1.37994E-5 1.20763E-5 7.19048E-6 1.18051E-5 2.08039E-5 2.21116E-5 2.0621E-5 1.23664E-5 2.1178E-6 1.37244E-6 6.63914E-7 5.7162E-7 5.97947E-7 5.54038E-7 5.3793E-7
2.87318E-5 2.71347E-5 3.0347E-5 3.22752E-5 3.34401E-5 3.41674E-5 3.55721E-5 3.73205E-5 3.76706E-5 3.72659E-5 3.72637E-5 3.80398E-5 3.92305E-5 4.05351E-5 4.09781E-5 4.66014E-5 5.22326E-5 4.78266E-5 5.49749E-5 4.86241E-5 2.82529E-5 3.23521E-5 4.77145E-5 4.35201E-5 5.29396E-5 2.96819E-5 7.88385E-5 3.91099E-5 4.82332E-5 6.73591E-5 5.91397E-5 7.17579E-5 7.31096E-5 6.80693E-5 7.33202E-5 3.5055E-5 3.62995E-5 7.81156E-5 8.52445E-5 7.15357E-5 6.35624E-5 8.95324E-5 1.06973E-4 9.14016E-5 6.80344E-5 6.49395E-5 5.68094E-5 3.6725E-5 1.98193E-5 2.07727E-5 1.83766E-5 1.44652E-5 1.00104E-5 9.26631E-6 7.19958E-6 6.97003E-6 8.55547E-6 6.81756E-6 2.148E-6 1.63948E-6 7.66953E-7 6.97262E-7 6.3884E-7 7.99012E-7 6.58074E-7 6.15729E-7
2.47416E-5 2.94165E-5 3.17817E-5 3.29806E-5 3.32398E-5 3.36325E-5 3.50359E-5 3.51928E-5 3.49967E-5 4.28903E-5 3.33324E-5 3.73405E-5 3.84043E-5 3.92088E-5 3.80175E-5 4.11562E-5 4.26723E-5 4.01899E-5 4.59447E-5 5.93518E-5 4.59032E-5 4.12919E-5 4.49331E-5 6.88516E-5 5.6318E-5 6.16983E-5 6.46053E-5 4.44718E-5 5.85301E-5 5.73679E-5 6.06949E-5 6.30463E-5 2.97923E-5 3.09161E-5 3.53976E-5 3.34213E-5 4.31701E-5 4.66139E-5 6.14082E-5 8.16815E-5 8.91803E-5 7.61771E-5 1.24863E-4 9.66101E-5 8.7736E-5 7.47581E-5 2.52735E-5 3.28247E-5 2.43147E-5 2.03661E-5 3.57194E-5 1.42059E-5 1.03366E-5 8.69479E-6 7.0071E-6 6.73053E-6 8.55949E-6 5.76103E-6 3.0249E-6 1.05319E-6 1.0806E-6 1.31945E-6 1.30142E-6 1.20197E-6 1.16087E-6 9.24848E-7
2.73619E-5 3.04654E-5 2.89808E-5 3.25079E-5 3.28136E-5 2.71857E-5 2.51246E-5 3.92818E-5 3.49765E-5 3.54983E-5 3.07371E-5 3.65951E-5 2.17886E-5 3.45691E-5 3.93086E-5 3.66534E-5 3.78582E-5 3.91209E-5 4.08392E-5 3.93923E-5 4.44584E-5 6.05318E-5 5.16023E-5 3.49915E-5 3.29246E-5 3.46031E-5 5.6174E-5 5.85173E-5 7.5679E-5 5.94451E-5 5.46038E-5 3.44999E-5 2.93328E-5 3.34036E-5 4.20182E-5 3.32115E-5 3.57023E-5 3.83792E-5 4.45877E-5 5.70103E-5 8.88225E-5 7.50058E-5 8.33332E-5 1.01074E-4 1.19378E-4 6.88484E-5 1.35249E-5 2.5023E-5 1.92835E-5 1.84248E-5 3.91204E-5 9.41773E-6 1.19338E-5 1.04687E-5 7.50236E-6 6.32484E-6 4.69005E-6 4.68281E-6 2.05741E-6 2.02158E-6 2.03686E-6 1.86102E-6 1.59937E-6 1.34488E-6 1.35944E-6 1.10218E-6
2.69474E-5 2.87895E-5 3.00174E-5 1.47245E-5 1.50151E-5 1.52829E-5 3.3431E-5 3.3287E-5 3.48315E-5 1.81699E-5 3.46201E-5 3.53992E-5 3.59234E-5 3.69779E-5 3.47749E-5 3.92906E-5 4.07309E-5 3.85862E-5 4.03177E-5 5.3676E-5 4.61955E-5 6.10581E-5 2.47418E-5 2.34403E-5 4.9244E-5 5.14296E-5 5.34863E-5 2.84027E-5 2.63343E-5 5.68243E-5 5.91199E-5 5.90948E-5 6.26579E-5 6.66791E-5 6.82897E-5 8.44837E-5 9.14146E-5 9.72707E-5 8.16392E-5 8.38014E-5 8.7769E-5 9.28813E-5 1.05189E-4 9.90735E-5 1.17822E-4 9.08518E-5 8.13734E-5 2.14832E-5 4.81178E-5 1.72895E-5 9.6712E-6 7.07519E-6 9.28848E-6 9.1008E-6 3.30303E-6 3.69568E-6 5.56178E-6 7.63048E-6 4.92402E-6 5.53761E-6 2.7818E-6 2.52564E-6 2.16014E-6 2.91834E-6 2.69541E-6 2.02663E-6
2.02253E-5 1.33926E-5 1.36771E-5 1.70273E-5 2.93641E-5 3.20334E-5 3.40118E-5 3.51558E-5 3.47272E-5 3.35942E-5 3.39255E-5 3.37611E-5 3.47024E-5 3.6526E-5 3.75965E-5 2.511E-5 4.04972E-5 4.14368E-5 4.22684E-5 4.35568E-5 2.41463E-5 4.70866E-5 2.63329E-5 2.44336E-5 4.7281E-5 4.93935E-5 5.39332E-5 5.45344E-5 4.89519E-5 3.7676E-5 2.61116E-5 2.68597E-5 2.77729E-5 2.8922E-5 5.53972E-5 7.62819E-5 8.38023E-5 6.32365E-5 3.77992E-5 4.44304E-5 4.23957E-5 6.53779E-5 5.08751E-5 7.82424E-5 9.56364E-5 8.80577E-5 8.20798E-5 5.17845E-5 5.7105E-5 5.5287E-5 4.53724E-5 1.12309E-5 8.33046E-6 3.47759E-6 4.27841E-6 5.14427E-6 8.49523E-6 8.93906E-6 7.87321E-6 6.61734E-6 3.76887E-6 5.00978E-6 5.41526E-6 4.41985E-6 3.12203E-6 1.76691E-6
2.20613E-5 2.82896E-5 2.94547E-5 2.87652E-5 3.03422E-5 2.72724E-5 2.82179E-5 3.05944E-5 2.94269E-5 3.15063E-5 3.24758E-5 3.14243E-5 3.55608E-5 1.61656E-5 2.19293E-5 2.46149E-5 3.06995E-5 3.63937E-5 4.07614E-5 2.04626E-5 2.11758E-5 4.48035E-5 4.49834E-5 4.65716E-5 4.75158E-5 4.68733E-5 5.23512E-5 5.36158E-5 5.20553E-5 3.32785E-5 2.57241E-5 4.30813E-5 2.73245E-5 2.83243E-5 2.90681E-5 3.35236E-5 4.96326E-5 4.82388E-5 3.59911E-5 6.82082E-5 3.99624E-5 4.18746E-5 4.33114E-5 8.53944E-5 9.20385E-5 1.10936E-4 1.01946E-4 8.06632E-5 5.98261E-5 5.16936E-5 1.79058E-5 1.67917E-5 1.17056E-5 9.46794E-6 1.06599E-5 1.70701E-5 1.12564E-5 1.05868E-5 9.05811E-6 9.88164E-6 7.52064E-6 7.80604E-6 8.80237E-6 1.4408E-5 6.1509E-6 2.42319E-6
2.77198E-5 2.48708E-5 2.65468E-5 2.81201E-5 2.60135E-5 2.86024E-5 1.92085E-5 2.78916E-5 2.7437E-5 2.95128E-5 3.48011E-5 3.71774E-5 3.63253E-5 1.73299E-5 2.8385E-5 2.87579E-5 3.38095E-5 3.77673E-5 1.61701E-5 2.84894E-5 4.18521E-5 4.21473E-5 4.47557E-5 4.66404E-5 4.55805E-5 4.39666E-5 4.81862E-5 4.88778E-5 4.97445E-5 5.09727E-5 2.53711E-5 2.60695E-5 2.70847E-5 3.11076E-5 3.54777E-5 4.66183E-5 3.35262E-5 3.50681E-5 3.61394E-5 7.24193E-5 7.37262E-5 4.02913E-5 5.21905E-5 4.41352E-5 8.73036E-5 1.0181E-4 9.63896E-5 1.05934E-4 6.55584E-5 6.653E-5 1.96415E-5 1.87218E-5 1.40549E-5 1.31585E-5 1.15079E-5 3.68627E-5 4.13201E-5 1.03325E-5 1.13607E-5 1.13888E-5 9.95499E-6 8.09275E-6 1.89742E-5 2.06476E-5 1.13717E-5 3.99359E-6
2.72462E-5 2.62199E-5 2.58962E-5 2.83922E-5 2.57281E-5 2.62858E-5 2.50346E-5 2.69924E-5 2.89833E-5 3.21134E-5 3.50536E-5 3.60852E-5 2.49514E-5 2.08557E-5 3.0865E-5 3.20941E-5 3.56108E-5 3.40761E-5 3.29325E-5 3.74034E-5 4.04832E-5 4.17284E-5 4.21009E-5 4.44066E-5 4.42038E-5 4.23782E-5 3.73821E-5 3.51189E-5 3.65838E-5 2.55768E-5 3.61325E-5 2.55737E-5 3.24643E-5 1.55936E-5 1.51119E-5 4.51121E-6 2.93935E-5 3.43989E-5 3.56259E-5 5.43961E-5 6.88014E-5 4.18114E-5 3.91762E-5 4.13587E-5 6.69917E-5 5.84938E-5 9.33381E-5 1.21673E-4 1.13114E-4 9.77645E-5 5.72765E-5 2.19089E-5 1.78892E-5 1.21466E-5 1.14379E-5 2.55351E-5 2.58859E-5 1.42012E-5 1.08002E-5 1.08372E-5 2.29171E-5 2.73956E-5 2.37236E-5 2.18355E-5 2.20749E-5 3.27827E-5
3.12197E-5 1.9548E-5 2.49505E-5 2.52784E-5 2.44838E-5 2.33242E-5 2.51547E-5 2.72541E-5 3.01174E-5 3.16111E-5 3.07953E-5 3.4829E-5 2.68765E-5 3.45113E-5 3.43081E-5 3.42061E-5 3.08295E-5 3.16069E-5 3.26989E-5 3.85987E-5 3.99837E-5 4.09404E-5 3.94592E-5 4.18718E-5 4.22487E-5 4.32585E-5 4.12023E-5 3.45768E-5 4.17931E-5 2.44181E-5 4.9203E-5 3.33942E-5 3.80896E-5 1.56166E-5 5.59732E-6 5.20034E-6 1.56449E-5 3.66879E-6 3.43609E-5 6.95537E-5 3.57868E-5 3.6727E-5 3.76548E-5 7.71818E-5 4.3484E-5 9.36917E-5 9.96451E-5 1.09428E-4 1.14823E-4 1.21078E-4 1.20983E-4 4.73928E-5 3.10993E-5 5.86991E-5 6.7005E-5 5.61563E-5 4.67983E-5 3.10718E-5 4.38367E-5 2.98395E-5 3.08808E-5 3.08846E-5 3.07476E-5 3.07654E-5 2.48071E-5 4.71373E-5
2.17804E-5 2.14724E-5 2.07632E-5 2.10227E-5 2.16154E-5 2.41503E-5 1.4798E-5 1.55178E-5 1.69783E-5 1.39949E-5 1.66777E-5 3.18884E-5 3.28163E-5 3.29046E-5 3.0975E-5 3.41962E-5 3.48279E-5 3.54569E-5 3.67867E-5 3.29667E-5 3.93922E-5 2.34791E-5 3.15924E-5 4.07922E-5 4.20004E-5 4.24584E-5 4.19311E-5 2.81576E-5 3.13652E-5 2.3601E-5 4.81111E-5 5.10259E-5 5.22974E-5 4.64343E-5 3.29158E-5 1.85687E-5 2.77755E-5 4.51587E-6 6.18178E-5 6.46055E-5 3.52037E-5 3.60524E-5 3.8321E-5 7.79143E-5 4.06304E-5 7.25448E-5 1.02664E-4 9.93285E-5 1.03973E-4 1.2133E-4 1.474E-4 1.40534E-4 1.33144E-4 1.51735E-4 1.17668E-4 9.28108E-5 1.19432E-4 1.53363E-4 5.41609E-5 5.291E-5 5.31734E-5 5.40988E-5 5.5297E-5 3.11896E-5 3.25786E-5 5.34375E-5
1.9602E-5 2.00193E-5 2.16325E-5 2.26689E-5 1.934E-5 1.63138E-5 1.59187E-5 2.73906E-5 2.72607E-5 2.72798E-5 2.86567E-5 2.85071E-5 2.93039E-5 3.48513E-5 3.13508E-5 3.24958E-5 3.34685E-5 3.42436E-5 1.73866E-5 3.71419E-5 2.81428E-5 2.57743E-5 2.70261E-5 4.00206E-5 2.61326E-5 4.08516E-5 4.10965E-5 3.99195E-5 3.84338E-5 1.87666E-5 3.53148E-5 4.96731E-5 5.10077E-5 5.14828E-5 2.65193E-5 4.80412E-5 2.77685E-5 2.91998E-5 5.97227E-5 4.70902E-5 6.00215E-5 8.91558E-5 7.44038E-5 3.85668E-5 4.0872E-5 1.01523E-4 1.03314E-4 5.56982E-5 1.02998E-4 1.14709E-4 1.38015E-4 1.58297E-4 1.72546E-4 1.97899E-4 1.72427E-4 1.16596E-4 1.2702E-4 1.0901E-4 1.25011E-4 7.9555E-5 5.44487E-5 5.2763E-5 3.15598E-5 3.09087E-5 3.15794E-5 4.52329E-5
2.00936E-5 1.99894E-5 2.23856E-5 2.39745E-5 2.47444E-5 1.21394E-5 1.80514E-5 2.53477E-5 2.42875E-5 2.69976E-5 2.04043E-5 2.07525E-5 2.28786E-5 1.78398E-5 2.60802E-5 3.05508E-5 3.03271E-5 2.46017E-5 3.11784E-5 3.59121E-5 2.6899E-5 2.54327E-5 2.60108E-5 3.82303E-5 3.87723E-5 3.89732E-5 4.0114E-5 4.12371E-5 3.59285E-5 4.41199E-5 2.75868E-5 4.66205E-5 4.81751E-5 4.93428E-5 5.0571E-5 5.49647E-5 2.94725E-5 4.49293E-5 4.64718E-5 3.03605E-5 5.12645E-5 5.7059E-5 4.72207E-5 3.66997E-5 4.06948E-5 4.49035E-5 4.79999E-5 5.46728E-5 6.69912E-5 7.46206E-5 6.19526E-5 6.98274E-5 1.71342E-4 1.74709E-4 1.60001E-4 1.4212E-4 1.09259E-4 1.14278E-4 8.85618E-5 1.13115E-4 1.05654E-4 5.65481E-5 5.38958E-5 2.82933E-5 2.72817E-5 2.97834E-5
1.92015E-5 2.12652E-5 1.34185E-5 1.50395E-5 2.27619E-5 2.20148E-5 2.13964E-5 1.61906E-5 2.10028E-5 1.84572E-5 2.01362E-5 1.99638E-5 2.00873E-5 1.8344E-5 2.28825E-5 1.09372E-5 2.04425E-5 2.44361E-5 1.63028E-5 3.41174E-5 3.55534E-5 2.51815E-5 3.47166E-5 3.66884E-5 3.72654E-5 4.76058E-5 3.51139E-5 2.36627E-5 3.5537E-5 1.95117E-5 1.50701E-5 2.06268E-5 3.19231E-5 4.85363E-5 3.19463E-5 3.30213E-5 5.15476E-5 3.19133E-5 2.7119E-5 3.38341E-5 2.97719E-5 3.11773E-5 3.29453E-5 3.44181E-5 3.76938E-5 4.5628E-5 8.94772E-5 8.93608E-5 4.80827E-5 5.37405E-5 5.79185E-5 1.36975E-4 1.53485E-4 2.28083E-4 1.95066E-4 1.66859E-4 1.50697E-4 1.62548E-4 1.43211E-4 1.11987E-4 1.31676E-4 1.54343E-4 6.98385E-5 2.64791E-5 2.62115E-5 2.71502E-5
2.02502E-5 1.15613E-5 2.01595E-5 2.04279E-5 2.26659E-5 1.80653E-5 1.74625E-5 1.80117E-5 1.71481E-5 1.69832E-5 1.65557E-5 1.74789E-5 1.73344E-5 2.04915E-5 1.86472E-5 1.45888E-5 1.65562E-5 2.19879E-5 2.32017E-5 3.10739E-5 3.19919E-5 2.67247E-5 3.54761E-5 3.5413E-5 3.65041E-5 3.71455E-5 3.78463E-5 3.82711E-5 2.56297E-5 1.2548E-5 1.92855E-5 1.25279E-5 2.75568E-5 4.31175E-5 3.32323E-5 4.61299E-5 4.81688E-5 4.91545E-5 2.552E-5 2.57256E-5 3.57677E-5 2.82496E-5 2.98492E-5 3.16189E-5 3.3932E-5 3.68967E-5 3.98771E-5 4.24347E-5 4.56173E-5 5.05661E-5 5.39513E-5 1.2247E-4 1.44188E-4 1.78604E-4 1.79749E-4 2.18288E-4 2.03983E-4 1.81468E-4 1.5252E-4 1.26415E-4 1.49217E-4 1.97493E-4 1.8476E-4 2.26707E-5 1.76391E-5 2.52924E-5
1.87535E-5 1.98898E-5 1.87473E-5 1.82482E-5 1.74599E-5 1.5459E-5 1.54789E-5 1.60417E-5 1.51373E-5 1.16538E-5 1.42224E-5 1.53928E-5 1.6964E-5 1.67587E-5 1.72341E-5 1.96591E-5 1.72631E-5 2.08832E-5 2.16388E-5 2.22796E-5 3.17041E-5 3.16674E-5 3.05394E-5 3.34544E-5 3.49344E-5 3.27948E-5 2.18601E-5 2.53677E-5 2.24002E-5 2.18496E-5 2.54448E-5 1.31244E-5 1.59047E-5 2.0516E-5 2.8014E-5 4.45197E-5 4.49467E-5 3.07296E-5 2.89894E-5 2.38376E-5 2.31713E-5 5.24155E-5 2.76175E-5 4.78634E-5 3.13234E-5 3.40684E-5 6.7342E-5 7.70479E-5 4.19118E-5 4.5662E-5 1.01096E-4 1.25067E-4 1.38766E-4 1.48183E-4 1.6475E-4 1.87902E-4 1.94656E-4 1.82372E-4 1.7806E-4 1.61948E-4 1.9442E-4 1.98223E-4 1.8105E-4 1.73627E-5 1.62691E-5 1.83763E-5
2.22168E-5 1.8324E-5 1.61597E-5 1.50587E-5 1.44926E-5 1.43911E-5 1.4604E-5 1.51265E-5 9.10277E-6 8.99198E-6 1.25867E-5 1.675E-5 1.68577E-5 1.94191E-5 1.03489E-5 5.73905E-6 6.34598E-6 6.66018E-6 1.24313E-5 1.86737E-5 1.86532E-5 1.45694E-5 1.72284E-5 1.62364E-5 1.7973E-5 3.47896E-5 3.56961E-5 2.28872E-5 2.89405E-5 1.16634E-5 1.19632E-5 1.57627E-5 2.24764E-5 2.31297E-5 1.94225E-5 2.46085E-5 2.10659E-5 2.1675E-5 2.24399E-5 2.27494E-5 2.39721E-5 2.48803E-5 2.62676E-5 2.77819E-5 2.91771E-5 3.15456E-5 3.3915E-5 4.36977E-5 3.89412E-5 4.18073E-5 9.58988E-5 5.49008E-5 7.26746E-5 9.82586E-5 1.48155E-4 7.93215E-5 8.27331E-5 1.79043E-4 1.62356E-4 1.67656E-4 1.95525E-4 1.82857E-4 1.54035E-4 2.13912E-5 1.58622E-5 1.6422E-5
1.68724E-5 1.59582E-5 1.40095E-5 1.31588E-5 1.42406E-5 1.35992E-5 1.52088E-5 1.19092E-5 8.45267E-6 8.70172E-6 1.20152E-5 1.57753E-5 1.66712E-5 1.93281E-5 5.62297E-6 5.4418E-6 5.54071E-6 9.11737E-6 1.48274E-5 1.66652E-5 1.40887E-5 1.03859E-5 1.40883E-5 1.55048E-5 1.819E-5 2.7803E-5 1.46273E-5 2.07349E-5 3.07247E-5 2.41019E-5 1.50337E-5 2.56475E-5 1.57599E-5 1.97369E-5 3.55254E-5 2.24753E-5 2.07243E-5 2.07524E-5 2.14866E-5 3.97707E-5 4.44131E-5 4.89226E-5 2.43111E-5 2.61922E-5 2.77771E-5 2.97213E-5 3.1874E-5 3.75904E-5 3.83649E-5 4.40295E-5 9.14997E-5 6.09926E-5 7.65417E-5 6.65938E-5 7.58029E-5 1.39292E-4 9.57987E-5 1.09737E-4 1.36624E-4 1.63761E-4 2.05052E-4 2.19961E-4 2.06622E-4 1.77715E-4 2.08485E-5 1.63837E-5
1.30997E-5 1.26303E-5 1.21444E-5 1.22776E-5 1.40663E-5 1.36243E-5 1.50009E-5 4.83262E-6 7.43899E-6 1.18599E-5 1.26887E-5 1.52935E-5 1.65586E-5 1.37151E-5 4.82319E-6 6.47004E-6 1.1377E-5 2.1275E-5 2.25566E-5 1.67896E-5 1.33201E-5 1.31524E-5 1.37903E-5 1.30471E-5 1.45126E-5 2.44108E-5 2.57148E-5 1.44907E-5 3.19287E-5 2.18405E-5 2.02635E-5 1.4128E-5 1.75971E-5 1.69371E-5 2.01626E-5 2.4306E-5 4.25901E-5 2.23218E-5 2.06145E-5 2.07969E-5 2.79892E-5 2.15435E-5 2.32243E-5 3.03723E-5 2.72111E-5 2.95112E-5 3.16884E-5 4.82756E-5 7.6473E-5 7.63416E-5 8.47864E-5 7.52882E-5 9.4721E-5 8.28973E-5 8.47076E-5 1.28706E-4 1.28911E-4 1.48848E-4 1.65989E-4 1.54486E-4 1.81437E-4 2.18729E-4 2.00324E-4 2.20571E-4 2.04346E-4 1.34687E-4
5.70603E-6 1.1296E-5 1.07803E-5 1.28478E-5 1.32297E-5 1.40811E-5 1.36319E-5 3.96306E-6 3.8589E-6 1.16228E-5 1.2433E-5 1.26396E-5 1.46017E-5 6.58442E-6 5.59016E-6 6.84729E-6 2.04308E-5 2.94263E-5 2.46303E-5 2.50624E-5 1.13875E-5 1.63999E-5 2.02373E-5 2.07249E-5 2.07855E-5 2.05372E-5 1.38811E-5 1.44446E-5 2.91455E-5 1.4197E-5 2.23261E-5 1.4136E-5 2.08133E-5 2.03986E-5 2.75415E-5 1.87546E-5 1.86872E-5 1.87927E-5 2.11881E-5 2.40979E-5 2.25102E-5 2.12058E-5 3.31383E-5 2.41417E-5 2.56424E-5 2.80969E-5 3.0303E-5 3.11984E-5 4.95307E-5 7.56444E-5 9.03701E-5 7.10653E-5 5.51887E-5 1.01573E-4 9.93264E-5 1.22081E-4 1.24125E-4 1.65802E-4 1.7278E-4 1.55959E-4 1.79029E-4 1.27772E-4 1.80964E-4 1.95638E-4 2.15476E-4 2.11476E-4
2.61759E-6 1.10482E-5 1.09206E-5 1.21241E-5 1.3789E-5 1.40014E-5 8.78829E-6 3.73411E-6 3.8745E-6 4.08878E-6 9.12711E-6 6.30678E-6 4.17386E-6 5.01124E-6 5.87454E-6 6.65225E-6 5.52024E-6 1.82269E-5 2.06418E-5 2.28078E-5 9.73511E-6 1.62508E-5 2.16603E-5 1.58211E-5 9.98276E-6 2.21061E-5 4.08214E-5 1.81995E-5 3.10845E-5 1.71135E-5 2.70836E-5 3.08318E-5 2.48721E-5 2.77259E-5 3.6154E-5 1.79718E-5 1.81338E-5 1.83868E-5 1.90606E-5 1.95301E-5 2.21067E-5 4.47039E-5 2.20382E-5 2.30945E-5 2.40882E-5 2.56998E-5 2.76738E-5 3.5425E-5 3.48551E-5 7.2186E-5 8.62812E-5 6.13363E-5 6.64826E-5 6.83659E-5 1.17225E-4 1.37705E-4 1.33923E-4 1.5131E-4 1.6158E-4 1.7519E-4 1.43461E-4 1.45231E-4 1.26999E-4 1.68531E-4 1.93314E-4 1.93049E-4
8.11048E-6 1.02645E-5 1.14889E-5 1.14579E-5 1.24009E-5 1.22407E-5 4.16507E-6 3.62174E-6 3.68578E-6 3.72153E-6 3.02743E-6 2.58274E-6 2.70463E-6 3.65788E-6 5.82893E-6 6.37001E-6 6.32842E-6 1.18662E-5 1.05085E-5 2.03914E-5 1.08475E-5 1.52811E-5 2.41852E-5 1.69733E-5 1.77639E-5 2.89797E-5 2.95994E-5 2.73729E-5 2.88996E-5 2.99376E-5 1.80528E-5 1.33319E-5 1.35298E-5 1.94797E-5 2.99698E-5 1.75473E-5 1.77358E-5 1.7936E-5 1.86425E-5 2.07236E-5 1.95275E-5 2.13085E-5 2.16494E-5 4.72294E-5 2.34506E-5 2.72379E-5 3.6483E-5 6.69649E-5 6.35115E-5 7.21902E-5 8.10882E-5 9.32421E-5 6.68405E-5 5.49019E-5 6.57543E-5 1.15853E-4 1.2069E-4 1.0139E-4 1.48947E-4 1.34382E-4 1.3737E-4 1.38593E-4 1.20098E-4 1.61654E-4 1.84966E-4 1.71684E-4
6.1488E-6 9.6706E-6 1.14177E-5 1.14149E-5 1.1564E-5 6.47021E-6 3.61116E-6 3.67109E-6 3.69794E-6 4.10692E-6 4.07366E-6 2.66681E-6 2.61924E-6 3.41777E-6 4.94094E-6 6.06569E-6 6.23325E-6 7.2563E-6 1.91005E-5 1.8758E-5 1.17517E-5 1.22554E-5 1.9032E-5 1.67142E-5 1.13731E-5 1.9499E-5 2.52775E-5 2.69975E-5 2.45993E-5 1.94814E-5 2.55951E-5 1.17043E-5 1.815E-5 3.62576E-5 3.79467E-5 3.8723E-5 4.00986E-5 2.9027E-5 3.19572E-5 1.84652E-5 4.41485E-5 2.33854E-5 2.38362E-5 2.21045E-5 2.56348E-5 2.62939E-5 3.46149E-5 6.44623E-5 6.55751E-5 6.88322E-5 8.22681E-5 6.5349E-5 9.43753E-5 7.59692E-5 5.23624E-5 1.11646E-4 1.19608E-4 1.41807E-4 1.4196E-4 1.59686E-4 1.23064E-4 1.247E-4 1.35353E-4 1.51598E-4 1.67491E-4 1.34792E-4
