catData/rasterBestHybridModels/Pviverrinus/RD_BM01_RM1.5_H/Pviverrinus_stddev.asc
ncols         409
nrows         350
xllcorner     60.897278365
yllcorner     5.843756025
cellsize      0.0892857
NODATA_value  -9999
[rows 203 to 231 of 350, columns 132 to 197 of 409]
-9999 -9999 -9999 8.52669E-5 7.08646E-5 6.2617E-5 5.40541E-5 6.39887E-5 5.32168E-5 2.08387E-5 1.24976E-5 1.34715E-5 9.44805E-6 6.28015E-6 4.21625E-6 3.78854E-6 4.02985E-6 3.3628E-6 2.04073E-6 1.71454E-6 1.66579E-6 2.69954E-6 5.33184E-6 5.38223E-6 3.28845E-6 1.76946E-6 1.80068E-6 1.86418E-6 2.98988E-6 1.52079E-6 2.02728E-6 1.61896E-6 1.72066E-6 4.84971E-6 4.8117E-6 4.72346E-6 3.5463E-6 2.67691E-6 3.22951E-6 3.28431E-6 2.98965E-6 7.59209E-6 8.14239E-6 5.79659E-6 3.57406E-6 4.7775E-6 3.97961E-6 2.9864E-6 3.85357E-6 4.33628E-6 4.14979E-6 4.84163E-6 3.9836E-6 4.04381E-6 5.1585E-6 3.73715E-6 4.74385E-6 6.38556E-6 3.38511E-6 2.78817E-6 9.0243E-6 5.78601E-6 1.16183E-5 1.39401E-5 1.38129E-5 5.57991E-6
-9999 -9999 1.23416E-4 8.88429E-5 7.1036E-5 7.57463E-5 5.87466E-5 4.66148E-5 2.67407E-5 1.80253E-5 1.52392E-5 1.52029E-5 9.48077E-6 8.26375E-6 5.93819E-6 3.77192E-6 3.72944E-6 3.90554E-6 3.05781E-6 2.56928E-6 2.34681E-6 4.41047E-6 3.21441E-6 4.50279E-6 3.34007E-6 2.08186E-6 1.78298E-6 1.84526E-6 3.05685E-6 2.03244E-6 2.78858E-6 1.54467E-6 2.25766E-6 5.03584E-6 5.1001E-6 5.01483E-6 2.56976E-6 2.55302E-6 4.17169E-6 4.41981E-6 4.72069E-6 6.37123E-6 6.98685E-6 6.67374E-6 4.73685E-6 4.55049E-6 4.64428E-6 4.12369E-6 4.54033E-6 4.45812E-6 4.50242E-6 4.93987E-6 5.45568E-6 4.36254E-6 5.74908E-6 4.70731E-6 4.88242E-6 5.0834E-6 6.39828E-6 4.98224E-6 1.08285E-5 7.69723E-6 1.05604E-5 7.23618E-6 6.03345E-6 3.32522E-6
-9999 -9999 8.73498E-5 8.28605E-5 7.09037E-5 6.00578E-5 6.75566E-5 4.7967E-5 2.32497E-5 1.80523E-5 1.68072E-5 1.78836E-5 1.16172E-5 7.68753E-6 6.6984E-6 4.2267E-6 3.80427E-6 3.67127E-6 3.62695E-6 3.53577E-6 4.00124E-6 4.031E-6 2.93984E-6 2.52771E-6 2.40542E-6 1.98337E-6 1.78815E-6 1.833E-6 2.90633E-6 2.63352E-6 2.10562E-6 1.77884E-6 2.84903E-6 5.29379E-6 5.19487E-6 3.92747E-6 3.68756E-6 2.65618E-6 2.72276E-6 3.18786E-6 3.43394E-6 6.6246E-6 7.11348E-6 6.71683E-6 6.57902E-6 5.06708E-6 5.44513E-6 5.47631E-6 5.25773E-6 4.75396E-6 4.65182E-6 4.83947E-6 3.35742E-6 4.39144E-6 4.95253E-6 4.70372E-6 5.02583E-6 7.08918E-6 7.61332E-6 1.14546E-5 1.70523E-5 6.86558E-6 9.25538E-6 8.5603E-6 5.18701E-6 3.69289E-6
-9999 -9999 7.60097E-5 8.0163E-5 7.04048E-5 5.64279E-5 2.48972E-5 1.47302E-5 2.4012E-5 1.5204E-5 1.57743E-5 2.02655E-5 1.62534E-5 1.25019E-5 1.04452E-5 8.43991E-6 4.53865E-6 5.24033E-6 4.19922E-6 4.02485E-6 3.93103E-6 3.3928E-6 2.86127E-6 2.56921E-6 1.97635E-6 2.2638E-6 2.87257E-6 1.89311E-6 1.9912E-6 2.14474E-6 2.04821E-6 2.14266E-6 2.80661E-6 3.58195E-6 3.45569E-6 2.77437E-6 2.71975E-6 2.75013E-6 3.24998E-6 2.9635E-6 2.96462E-6 7.22362E-6 5.38299E-6 4.42317E-6 5.22163E-6 4.8062E-6 5.47167E-6 5.7829E-6 5.79085E-6 5.17722E-6 2.42503E-6 1.53867E-6 1.48098E-6 1.46185E-6 2.9667E-6 5.81043E-6 6.8665E-6 9.56503E-6 1.50121E-5 1.58455E-5 1.17805E-5 1.38133E-5 7.15405E-6 4.42647E-6 1.1025E-5 6.03852E-6
-9999 -9999 1.14778E-4 7.4397E-5 7.28308E-5 4.99874E-5 2.66411E-5 1.24737E-5 1.14173E-5 7.89694E-6 6.18843E-6 6.48263E-6 1.68892E-5 1.39448E-5 1.16038E-5 1.1113E-5 1.21171E-5 8.24773E-6 8.52955E-6 7.6322E-6 5.235E-6 3.89654E-6 2.85272E-6 2.43177E-6 1.86228E-6 1.97614E-6 1.7976E-6 2.58553E-6 1.9959E-6 1.91699E-6 1.93157E-6 3.36304E-6 3.16624E-6 2.6093E-6 2.75162E-6 2.8835E-6 3.90736E-6 3.70495E-6 4.29866E-6 4.30873E-6 6.79455E-6 7.89015E-6 4.22958E-6 3.46827E-6 3.54254E-6 4.47624E-6 5.45481E-6 5.46951E-6 6.01741E-6 6.69155E-6 4.98522E-6 2.91509E-6 1.54306E-6 1.62545E-6 4.42969E-6 4.714E-6 5.91942E-6 1.12541E-5 1.24435E-5 1.16045E-5 1.68331E-5 1.36743E-5 6.36731E-6 2.65546E-6 4.19705E-6 3.09403E-6
-9999 -9999 1.03257E-4 8.63795E-5 9.19683E-5 6.57998E-5 3.23402E-5 1.81372E-5 1.07016E-5 8.96315E-6 5.36184E-6 1.84903E-5 1.89629E-5 1.21653E-5 1.26101E-5 1.15835E-5 9.02838E-6 6.93792E-6 7.23668E-6 8.70364E-6 1.0347E-5 6.30479E-6 7.45053E-6 2.06877E-6 1.7777E-6 2.29161E-6 1.86333E-6 2.96046E-6 2.36369E-6 1.6069E-6 2.0421E-6 2.05805E-6 3.05726E-6 2.41271E-6 2.6201E-6 2.84656E-6 3.85523E-6 4.03444E-6 4.07711E-6 5.45597E-6 8.12421E-6 8.1463E-6 7.78233E-6 1.05043E-5 7.91408E-6 6.25292E-6 5.6537E-6 5.64053E-6 6.13036E-6 7.7205E-6 6.95422E-6 4.64819E-6 1.51691E-6 3.83667E-6 4.59556E-6 4.82266E-6 4.76885E-6 1.24626E-5 7.75444E-6 6.3997E-6 8.82477E-6 8.39364E-6 7.4173E-6 4.8536E-6 2.16198E-6 2.42229E-6
-9999 -9999 8.57098E-5 5.35855E-5 6.38066E-5 8.6366E-5 6.07945E-5 5.67629E-5 9.6289E-6 7.07848E-6 6.53946E-6 1.8107E-5 1.63279E-5 9.77673E-6 6.36707E-6 3.74154E-6 3.58547E-6 3.65354E-6 5.05799E-6 5.4092E-6 5.39303E-6 5.30745E-6 5.63606E-6 5.88903E-6 2.04328E-6 3.26106E-6 2.30331E-6 2.29357E-6 2.33682E-6 1.8852E-6 1.62309E-6 1.68008E-6 2.13374E-6 2.24917E-6 2.97817E-6 3.58234E-6 4.12242E-6 5.57188E-6 6.9334E-6 7.69428E-6 8.14622E-6 7.29193E-6 7.29689E-6 7.55808E-6 8.82328E-6 7.62577E-6 5.37974E-6 5.84811E-6 7.93267E-6 7.71434E-6 7.98884E-6 4.60723E-6 3.35744E-6 4.75641E-6 4.82634E-6 5.46706E-6 4.90944E-6 6.63233E-6 1.53084E-5 1.64648E-5 2.51039E-6 3.83988E-6 5.80098E-6 8.29323E-6 4.08127E-6 9.12464E-6
-9999 -9999 -9999 9.00854E-5 4.17387E-5 2.52552E-5 5.48592E-5 4.81262E-5 1.43053E-5 4.28963E-6 3.48615E-6 1.25688E-5 1.3042E-5 5.19283E-6 3.4859E-6 3.26402E-6 3.97892E-6 4.2147E-6 6.25542E-6 4.51301E-6 7.08889E-6 4.76023E-6 5.40339E-6 8.33176E-6 4.13619E-6 3.27892E-6 3.51938E-6 2.57808E-6 2.25983E-6 2.31051E-6 1.78891E-6 1.59893E-6 1.66416E-6 2.8043E-6 3.56101E-6 5.57457E-6 4.14168E-6 7.01416E-6 8.33615E-6 6.93972E-6 5.08481E-6 5.75645E-6 5.9043E-6 5.41451E-6 5.55731E-6 7.39381E-6 4.93273E-6 5.66603E-6 5.91197E-6 5.83775E-6 6.17604E-6 4.83662E-6 5.22443E-6 5.14421E-6 4.93049E-6 5.48407E-6 5.78495E-6 6.76789E-6 1.52632E-5 9.54646E-6 6.07005E-6 3.77591E-6 4.02102E-6 9.23704E-6 5.21174E-6 4.8456E-6
-9999 -9999 -9999 -9999 2.77002E-5 2.42978E-5 7.58078E-5 6.55954E-5 3.99733E-5 1.94211E-5 8.26699E-6 9.15935E-6 7.67209E-6 6.48418E-6 4.97356E-6 3.96818E-6 3.77151E-6 4.41317E-6 4.7646E-6 4.42252E-6 5.18831E-6 4.44326E-6 4.99774E-6 6.47906E-6 7.13146E-6 7.4842E-6 9.38781E-6 5.59337E-6 2.46468E-6 3.03339E-6 2.61822E-6 1.63E-6 4.22179E-6 3.34181E-6 3.39784E-6 3.44831E-6 3.671E-6 6.36544E-6 7.0633E-6 6.77055E-6 4.52846E-6 4.01409E-6 4.10881E-6 4.15743E-6 5.27371E-6 5.85951E-6 5.66483E-6 5.65481E-6 5.55263E-6 5.52097E-6 5.0276E-6 4.97912E-6 4.83225E-6 4.7413E-6 9.0559E-6 2.3766E-6 3.51079E-6 7.09019E-6 1.09737E-5 1.13486E-5 6.84265E-6 1.1786E-5 4.25922E-6 9.68184E-6 7.56355E-6 6.97965E-6
-9999 -9999 -9999 9.55291E-5 5.26129E-5 3.64268E-5 6.38405E-5 5.4265E-5 3.9326E-5 6.98579E-5 2.3687E-5 1.02358E-5 9.70466E-6 7.87906E-6 7.04359E-6 6.14437E-6 6.08759E-6 6.98819E-6 7.29189E-6 6.45001E-6 7.19733E-6 8.30228E-6 7.77859E-6 5.60236E-6 4.52571E-6 4.34234E-6 6.19308E-6 1.00285E-5 5.20791E-6 3.51276E-6 4.7296E-6 3.29331E-6 3.34637E-6 3.31344E-6 3.35714E-6 3.29445E-6 3.53019E-6 5.56793E-6 6.15143E-6 6.42025E-6 5.13733E-6 4.77829E-6 4.15398E-6 4.11155E-6 5.03213E-6 5.35171E-6 5.60496E-6 5.59692E-6 5.47926E-6 5.4822E-6 5.44105E-6 5.33457E-6 5.33362E-6 4.78214E-6 5.79688E-6 2.60695E-6 4.39064E-6 6.33138E-6 8.07163E-6 1.43404E-5 7.78011E-6 8.56343E-6 6.66747E-6 5.84721E-6 6.03213E-6 5.31149E-6
-9999 -9999 -9999 -9999 8.48221E-5 3.34806E-5 3.25829E-5 4.2306E-5 4.08618E-5 1.93482E-5 8.72036E-6 6.4804E-6 9.02539E-6 6.54958E-6 5.25607E-6 5.38039E-6 5.22381E-6 6.87304E-6 9.0574E-6 7.72722E-6 1.09237E-5 1.03426E-5 9.90303E-6 7.90285E-6 4.72945E-6 5.15107E-6 6.0353E-6 6.46084E-6 4.61E-6 3.51216E-6 3.42777E-6 3.42791E-6 3.4197E-6 3.25815E-6 4.44421E-6 3.19398E-6 2.64333E-6 2.72318E-6 2.70545E-6 4.19188E-6 5.19739E-6 5.9769E-6 5.0237E-6 5.33241E-6 5.57058E-6 5.55491E-6 5.59231E-6 5.71067E-6 5.90342E-6 5.57845E-6 5.69565E-6 5.58625E-6 6.10219E-6 7.23167E-6 7.12711E-6 5.25375E-6 6.83542E-6 7.66452E-6 8.39124E-6 7.04747E-6 6.67731E-6 6.69389E-6 7.23295E-6 6.69395E-6 5.91574E-6 5.5117E-6
-9999 -9999 -9999 -9999 4.85585E-5 3.54139E-5 2.92518E-5 2.78805E-5 2.69246E-5 1.52632E-5 9.66157E-6 5.2988E-6 1.11729E-5 7.45069E-6 5.22126E-6 4.12144E-6 4.86532E-6 5.65969E-6 5.26771E-6 5.40324E-6 5.59497E-6 6.06827E-6 6.85677E-6 6.46347E-6 5.802E-6 6.12505E-6 8.2205E-6 8.88418E-6 8.752E-6 3.45774E-6 3.01644E-6 2.97492E-6 2.78029E-6 2.59561E-6 5.55445E-6 2.70872E-6 2.00789E-6 3.42161E-6 2.13096E-6 2.21655E-6 3.23122E-6 4.97317E-6 5.61645E-6 5.96424E-6 5.82446E-6 5.53675E-6 5.67788E-6 6.25976E-6 6.3823E-6 5.95954E-6 5.7404E-6 6.0029E-6 7.68735E-6 8.27692E-6 7.55116E-6 7.5136E-6 4.82422E-6 5.91251E-6 5.9857E-6 6.12754E-6 6.29489E-6 6.11116E-6 5.86667E-6 5.66438E-6 5.92667E-6 5.66587E-6
-9999 -9999 -9999 -9999 7.28025E-5 6.9259E-5 5.1837E-5 4.10655E-5 2.0033E-5 1.96898E-5 1.00679E-5 5.26681E-6 4.66741E-6 6.62429E-6 6.74875E-6 5.98834E-6 4.20622E-6 3.90474E-6 3.62416E-6 4.39681E-6 3.85882E-6 2.96725E-6 4.42355E-6 5.69201E-6 7.84747E-6 8.19702E-6 9.45884E-6 1.18332E-5 9.47785E-6 5.45841E-6 2.82934E-6 2.74169E-6 3.06173E-6 2.49962E-6 6.65211E-6 6.88301E-6 2.91547E-6 2.03572E-6 2.07543E-6 3.50075E-6 2.31236E-6 4.22078E-6 5.71487E-6 5.66955E-6 5.78234E-6 5.94486E-6 6.20749E-6 6.67727E-6 6.69775E-6 7.53608E-6 7.54677E-6 8.15532E-6 9.62588E-6 9.50735E-6 8.01426E-6 5.56927E-6 3.6086E-6 4.70049E-6 7.30423E-6 7.9709E-6 6.36994E-6 6.05134E-6 5.98467E-6 5.10228E-6 5.66545E-6 6.85056E-6
-9999 -9999 -9999 -9999 -9999 7.37582E-5 5.19417E-5 3.26481E-5 2.7768E-5 2.20296E-5 1.53169E-5 9.00545E-6 5.67063E-6 1.19286E-5 1.22893E-5 8.76674E-6 5.10714E-6 4.08849E-6 2.21446E-6 1.59505E-6 1.56201E-6 1.73618E-6 1.69763E-6 2.9348E-6 5.32392E-6 7.00519E-6 8.94553E-6 9.33763E-6 1.01972E-5 9.94054E-6 8.99619E-6 4.84214E-6 2.68885E-6 2.58378E-6 6.6987E-6 6.68282E-6 6.94638E-6 2.36634E-6 2.16807E-6 2.20651E-6 2.30045E-6 3.31964E-6 5.58674E-6 5.10535E-6 5.34176E-6 6.01139E-6 6.19495E-6 6.3937E-6 6.72128E-6 7.56121E-6 7.64968E-6 8.61757E-6 9.17236E-6 8.52612E-6 8.47621E-6 5.87113E-6 4.42246E-6 4.43351E-6 5.97297E-6 6.90051E-6 7.05489E-6 6.22131E-6 6.12476E-6 7.12498E-6 5.96683E-6 5.7474E-6
-9999 -9999 -9999 -9999 -9999 6.18881E-5 5.15806E-5 3.29821E-5 3.60626E-5 3.28548E-5 1.95263E-5 1.11025E-5 8.0183E-6 1.70912E-5 1.10779E-5 1.01878E-5 7.87503E-6 4.50161E-6 2.93926E-6 2.47199E-6 2.00757E-6 1.79136E-6 2.73434E-6 2.69381E-6 3.31917E-6 5.63829E-6 5.55645E-6 6.69443E-6 1.00414E-5 9.57053E-6 1.05451E-5 1.11302E-5 4.03993E-6 2.81766E-6 6.75143E-6 6.51137E-6 9.31205E-6 2.62865E-6 3.0596E-6 3.39744E-6 3.96671E-6 5.01272E-6 4.62092E-6 2.97293E-6 3.24771E-6 5.33899E-6 5.47864E-6 5.79997E-6 7.59081E-6 7.83264E-6 7.53478E-6 7.72186E-6 7.90473E-6 8.81786E-6 8.71901E-6 8.24687E-6 5.83107E-6 4.58714E-6 7.84075E-6 7.86403E-6 6.18153E-6 6.16814E-6 6.17606E-6 8.22845E-6 7.83442E-6 7.22528E-6
-9999 -9999 -9999 -9999 -9999 6.60221E-5 5.12431E-5 3.66452E-5 3.31338E-5 3.69429E-5 2.87932E-5 2.1344E-5 1.20049E-5 1.84216E-5 1.20315E-5 9.87258E-6 9.89744E-6 4.91307E-6 3.18786E-6 2.9213E-6 3.02692E-6 2.74424E-6 1.95866E-6 1.96855E-6 1.97243E-6 4.4246E-6 3.43193E-6 4.80605E-6 6.45823E-6 5.33355E-6 3.74127E-6 3.21444E-6 3.54546E-6 2.7231E-6 6.0666E-6 6.36239E-6 5.25503E-6 2.60946E-6 3.32537E-6 3.9457E-6 3.67838E-6 2.99257E-6 2.88079E-6 2.95829E-6 3.2828E-6 3.02044E-6 2.96462E-6 5.60872E-6 7.40333E-6 7.32786E-6 3.43481E-6 5.15084E-6 6.22538E-6 7.79912E-6 8.87847E-6 8.18692E-6 6.41189E-6 5.84192E-6 7.79942E-6 8.54462E-6 8.24767E-6 8.76229E-6 8.04051E-6 8.49366E-6 7.58424E-6 7.0873E-6
-9999 -9999 -9999 -9999 -9999 -9999 5.22621E-5 6.43151E-5 6.33912E-5 6.01537E-5 5.97813E-5 2.90767E-5 1.32964E-5 6.34438E-6 6.74352E-6 1.47242E-5 9.79448E-6 6.12236E-6 2.93605E-6 3.06475E-6 3.23763E-6 3.07489E-6 2.69668E-6 2.82981E-6 3.05487E-6 4.78456E-6 3.65661E-6 3.41076E-6 3.31515E-6 1.82459E-6 1.66934E-6 1.64085E-6 1.70812E-6 2.57067E-6 3.90732E-6 2.49464E-6 2.56023E-6 2.8539E-6 3.72863E-6 3.87386E-6 3.66353E-6 2.79613E-6 2.79169E-6 2.87397E-6 2.96257E-6 3.52281E-6 5.78443E-6 8.04801E-6 7.41272E-6 4.89344E-6 2.93666E-6 2.8901E-6 2.80761E-6 3.15749E-6 4.20291E-6 4.95101E-6 6.08911E-6 6.04168E-6 6.36715E-6 6.56148E-6 8.25799E-6 8.48708E-6 8.62196E-6 1.21085E-5 8.23919E-6 7.88188E-6
-9999 -9999 -9999 -9999 -9999 -9999 5.95673E-5 8.09806E-5 6.3479E-5 6.41454E-5 5.14471E-5 1.58511E-5 1.35917E-5 9.20107E-6 1.08714E-5 1.49064E-5 1.10408E-5 6.82128E-6 3.68358E-6 3.59321E-6 3.46427E-6 4.67217E-6 3.60889E-6 6.1787E-6 5.30662E-6 4.95624E-6 3.71629E-6 3.84733E-6 3.45468E-6 3.20516E-6 3.15039E-6 1.67414E-6 2.42275E-6 2.49354E-6 2.67933E-6 3.06835E-6 3.70775E-6 3.48492E-6 3.55161E-6 3.61541E-6 3.66212E-6 2.61327E-6 2.61378E-6 2.65951E-6 3.63339E-6 7.03731E-6 8.43557E-6 7.15449E-6 5.69166E-6 5.16246E-6 3.01235E-6 2.86212E-6 2.7343E-6 2.848E-6 7.49088E-6 4.52598E-6 5.87164E-6 6.98512E-6 8.27998E-6 7.61666E-6 7.31213E-6 6.4472E-6 1.04663E-5 9.81781E-6 8.02916E-6 7.64555E-6
-9999 -9999 -9999 -9999 -9999 -9999 7.22958E-5 6.21093E-5 9.04798E-5 6.41068E-5 5.25921E-5 1.35144E-5 1.215E-5 9.44127E-6 1.00623E-5 1.6979E-5 1.835E-5 1.03003E-5 5.58956E-6 4.35844E-6 3.89531E-6 3.80968E-6 3.76662E-6 4.35146E-6 5.81836E-6 5.08797E-6 6.49388E-6 6.29462E-6 3.60807E-6 2.5553E-6 1.80398E-6 1.92333E-6 1.85535E-6 2.38109E-6 2.52352E-6 2.61414E-6 2.83531E-6 2.39878E-6 1.96969E-6 1.84021E-6 1.9506E-6 2.06436E-6 2.03876E-6 1.95689E-6 6.88813E-6 7.50866E-6 6.91462E-6 7.02587E-6 6.30678E-6 4.77725E-6 5.57998E-6 3.24741E-6 2.79037E-6 5.62184E-6 7.33727E-6 5.94063E-6 4.36233E-6 5.44115E-6 8.30759E-6 6.05491E-6 4.4354E-6 4.51714E-6 5.84831E-6 8.19154E-6 1.19842E-5 8.67241E-6
-9999 -9999 -9999 -9999 -9999 -9999 8.46837E-5 8.77056E-5 3.85868E-5 4.04666E-5 3.90593E-5 1.36153E-5 1.0119E-5 7.80042E-6 1.01541E-5 1.59166E-5 1.68759E-5 1.33602E-5 7.5125E-6 6.10432E-6 4.43318E-6 4.30236E-6 5.26088E-6 5.43068E-6 5.67507E-6 3.40242E-6 3.40065E-6 3.28728E-6 5.75622E-6 2.92547E-6 3.00344E-6 2.35073E-6 1.94825E-6 2.40875E-6 2.39834E-6 2.37343E-6 2.39434E-6 2.47663E-6 2.16604E-6 1.86202E-6 1.95309E-6 2.55647E-6 1.88216E-6 1.87665E-6 3.10277E-6 6.64197E-6 6.18455E-6 5.97058E-6 4.42572E-6 7.79216E-6 9.80129E-6 5.12286E-6 4.5572E-6 3.00265E-6 5.67993E-6 2.52821E-6 2.61274E-6 4.91849E-6 4.82336E-6 5.89788E-6 4.42615E-6 3.89702E-6 8.5951E-6 1.15177E-5 9.009E-6 9.30647E-6
-9999 -9999 -9999 -9999 -9999 -9999 7.54095E-5 7.57209E-5 4.52708E-5 3.85709E-5 3.33219E-5 1.34318E-5 9.45762E-6 9.8147E-6 9.96087E-6 1.53945E-5 1.75724E-5 1.93657E-5 1.11314E-5 1.03975E-5 1.07704E-5 6.01522E-6 6.06176E-6 6.21722E-6 8.21757E-6 7.21882E-6 5.57516E-6 3.47236E-6 2.97156E-6 2.94211E-6 2.75802E-6 2.87299E-6 2.15258E-6 3.09137E-6 2.53903E-6 3.88444E-6 2.38214E-6 2.48076E-6 2.55333E-6 2.60564E-6 2.62055E-6 1.96964E-6 1.92427E-6 2.08112E-6 6.07644E-6 4.42385E-6 7.06478E-6 4.54436E-6 4.69003E-6 4.79552E-6 7.05334E-6 5.54588E-6 5.16658E-6 3.6217E-6 3.45724E-6 5.36622E-6 1.18645E-5 6.97247E-6 6.09773E-6 5.55455E-6 5.89872E-6 5.7757E-6 8.78337E-6 5.1156E-6 5.42386E-6 3.39933E-6
-9999 -9999 -9999 -9999 -9999 -9999 -9999 7.84295E-5 7.85543E-5 3.27779E-5 4.58753E-5 2.26183E-5 1.40087E-5 1.33333E-5 1.13957E-5 1.06984E-5 8.6519E-6 1.54842E-5 1.37475E-5 1.11884E-5 1.03399E-5 7.6068E-6 6.30271E-6 8.12348E-6 9.49849E-6 1.00242E-5 3.37624E-6 3.0988E-6 4.20755E-6 2.46349E-6 3.16304E-6 2.28622E-6 2.98504E-6 5.22957E-6 3.24938E-6 3.97279E-6 2.4024E-6 2.46774E-6 2.79005E-6 3.08555E-6 2.94953E-6 2.65768E-6 2.56864E-6 1.79882E-6 2.17777E-6 1.84512E-6 4.72334E-6 4.46265E-6 4.73935E-6 4.78877E-6 4.87654E-6 4.98948E-6 5.20064E-6 5.86905E-6 4.78402E-6 6.20817E-6 1.05744E-5 7.64364E-6 7.91578E-6 7.55971E-6 1.1189E-5 1.01091E-5 1.12536E-5 5.88862E-6 3.24678E-6 3.07581E-6
-9999 -9999 -9999 -9999 -9999 -9999 -9999 8.01483E-5 8.98257E-5 7.24066E-5 4.36097E-5 3.46228E-5 1.61881E-5 1.10054E-5 1.07678E-5 1.26648E-5 8.90865E-6 1.67587E-5 1.41976E-5 1.32957E-5 1.12648E-5 1.04115E-5 9.39531E-6 1.02267E-5 1.09026E-5 8.05623E-6 5.21858E-6 5.18645E-6 2.92714E-6 5.55705E-6 4.92477E-6 4.66723E-6 7.44355E-6 7.52901E-6 7.72251E-6 3.43547E-6 2.54001E-6 4.35748E-6 2.53236E-6 2.67432E-6 2.73647E-6 2.35767E-6 1.88808E-6 1.76748E-6 1.69765E-6 1.77419E-6 1.79584E-6 2.42129E-6 4.72843E-6 5.41505E-6 5.88508E-6 5.44496E-6 6.38989E-6 6.74205E-6 7.19722E-6 9.02304E-6 1.11376E-5 7.3142E-6 8.59875E-6 7.78455E-6 7.06745E-6 9.93631E-6 6.10279E-6 3.86729E-6 3.00736E-6 3.41004E-6
-9999 -9999 -9999 -9999 -9999 -9999 -9999 8.01364E-5 3.15984E-5 3.40027E-5 3.52493E-5 2.45922E-5 1.45683E-5 1.03857E-5 8.58456E-6 1.06989E-5 2.12361E-5 2.35132E-5 1.93333E-5 1.40398E-5 1.34515E-5 1.11602E-5 1.03228E-5 1.02795E-5 1.0322E-5 7.7235E-6 5.85766E-6 5.63428E-6 4.15119E-6 6.88965E-6 6.59349E-6 8.9709E-6 9.46134E-6 5.35817E-6 8.0523E-6 5.93707E-6 4.36469E-6 2.76505E-6 3.93817E-6 2.66493E-6 2.62471E-6 2.43501E-6 1.88453E-6 1.83545E-6 1.85117E-6 1.94939E-6 3.68149E-6 3.55656E-6 4.7791E-6 8.21734E-6 5.46541E-6 5.95345E-6 6.0123E-6 7.09197E-6 1.16902E-5 1.40166E-5 8.17203E-6 1.1769E-5 8.54625E-6 8.55152E-6 6.8755E-6 5.12018E-6 5.95278E-6 3.62283E-6 4.48348E-6 3.43387E-6
-9999 -9999 -9999 -9999 -9999 -9999 -9999 5.7201E-5 3.85711E-5 2.52177E-5 3.73914E-5 2.76734E-5 1.81545E-5 1.17538E-5 9.28914E-6 2.70639E-5 2.44856E-5 1.81393E-5 1.32029E-5 1.18481E-5 1.33542E-5 1.29835E-5 1.10548E-5 1.0876E-5 9.26421E-6 7.35498E-6 5.49147E-6 5.79329E-6 5.78142E-6 6.56141E-6 6.8361E-6 6.06732E-6 5.97435E-6 5.77181E-6 5.11909E-6 4.64274E-6 4.46808E-6 2.82612E-6 2.77188E-6 2.70093E-6 2.66126E-6 2.16138E-6 2.17274E-6 2.37965E-6 2.26627E-6 2.91865E-6 3.40922E-6 3.06672E-6 3.23804E-6 4.43293E-6 9.13637E-6 5.13032E-6 4.73572E-6 7.05885E-6 1.53094E-5 9.7451E-6 7.05599E-6 1.02879E-5 7.85675E-6 1.13412E-5 9.7858E-6 8.30529E-6 4.00024E-6 2.63607E-6 2.47672E-6 2.05123E-6
-9999 -9999 -9999 -9999 -9999 -9999 -9999 3.94566E-5 4.3641E-5 4.30027E-5 4.56612E-5 4.35873E-5 3.1624E-5 3.00814E-5 2.22644E-5 3.24423E-5 4.13771E-5 1.93209E-5 1.9117E-5 1.36531E-5 1.70234E-5 1.21412E-5 1.12121E-5 7.71141E-6 8.23421E-6 8.72682E-6 8.09011E-6 7.03845E-6 6.27078E-6 8.18896E-6 8.63371E-6 7.67886E-6 5.73415E-6 9.50769E-6 6.69271E-6 3.04975E-6 2.7561E-6 2.6877E-6 2.56862E-6 2.74618E-6 2.69319E-6 2.76075E-6 3.37485E-6 4.99682E-6 4.01245E-6 4.31392E-6 4.3818E-6 3.65565E-6 3.32971E-6 6.14993E-6 8.60604E-6 8.60457E-6 3.89572E-6 7.6371E-6 9.58374E-6 1.00782E-5 7.36811E-6 8.3789E-6 1.00124E-5 8.86678E-6 8.48357E-6 6.34288E-6 4.15994E-6 2.51038E-6 4.70898E-6 2.59753E-6
-9999 -9999 -9999 -9999 -9999 -9999 -9999 3.76956E-5 3.78472E-5 4.97058E-5 4.73145E-5 3.28717E-5 2.06999E-5 5.33595E-6 6.53901E-6 2.99154E-5 3.43858E-5 1.97724E-5 1.49675E-5 1.54569E-5 1.4118E-5 1.2088E-5 1.18155E-5 1.14112E-5 1.08992E-5 1.15878E-5 8.78144E-6 8.78603E-6 9.95284E-6 1.10203E-5 1.28409E-5 7.29158E-6 6.03357E-6 6.34261E-6 3.54428E-6 3.2806E-6 3.17978E-6 3.20021E-6 2.74964E-6 2.50406E-6 2.81217E-6 3.10944E-6 4.87141E-6 9.0731E-6 6.57996E-6 5.99539E-6 4.52205E-6 3.3685E-6 2.87397E-6 5.26943E-6 7.13605E-6 6.41329E-6 6.37747E-6 3.32985E-6 4.14957E-6 8.72515E-6 5.88404E-6 6.27921E-6 6.09769E-6 5.92139E-6 1.02028E-5 3.97708E-6 3.34583E-6 3.46813E-6 5.54473E-6 3.61397E-6
-9999 -9999 -9999 -9999 -9999 -9999 -9999 3.94841E-5 3.85448E-5 3.36099E-5 9.58326E-5 5.17056E-5 1.14696E-5 5.16029E-6 1.22524E-5 1.92878E-5 4.35729E-5 2.29381E-5 1.62839E-5 1.37996E-5 1.31148E-5 1.19097E-5 1.37208E-5 1.35372E-5 1.17597E-5 1.15763E-5 1.14245E-5 1.11173E-5 1.21389E-5 1.22131E-5 1.18026E-5 9.11089E-6 8.14487E-6 5.04889E-6 3.85551E-6 4.21101E-6 3.69048E-6 4.92212E-6 3.22388E-6 4.8696E-6 3.07609E-6 3.3829E-6 5.37587E-6 6.89607E-6 6.35705E-6 6.11236E-6 4.62398E-6 2.70047E-6 3.45399E-6 4.90017E-6 5.64277E-6 5.89461E-6 3.23379E-6 1.89629E-6 6.61757E-6 4.84684E-6 2.80682E-6 6.98266E-6 6.28489E-6 5.85873E-6 6.50321E-6 6.64348E-6 7.30904E-6 5.59022E-6 3.44422E-6 1.81067E-6
-9999 -9999 -9999 -9999 -9999 -9999 -9999 -9999 3.97285E-5 3.34179E-5 4.83577E-5 9.01821E-5 2.51821E-5 8.16708E-6 1.85553E-5 2.59087E-5 2.83624E-5 2.66731E-5 1.90095E-5 1.52872E-5 1.27474E-5 1.2603E-5 1.16411E-5 1.16706E-5 1.15903E-5 1.20881E-5 1.43032E-5 1.09185E-5 1.05824E-5 1.29552E-5 9.75701E-6 8.08116E-6 8.3134E-6 5.62649E-6 4.85267E-6 5.72245E-6 3.71397E-6 4.46979E-6 3.75938E-6 3.26067E-6 3.35005E-6 4.29019E-6 8.68195E-6 6.51012E-6 5.42396E-6 3.8973E-6 3.05497E-6 2.16633E-6 1.94989E-6 1.92797E-6 3.04986E-6 2.83151E-6 1.81082E-6 3.13892E-6 5.22793E-6 5.08368E-6 4.15991E-6 7.97648E-6 8.36084E-6 9.62893E-6 9.74507E-6 6.62959E-6 1.01054E-5 8.07697E-6 3.59429E-6 2.16327E-6
