catData/rasterBestHybridModels/Pviverrinus/RD_BM01_RM1.5_H/Pviverrinus_avg.asc
ncols         409
nrows         350
xllcorner     60.897278365
yllcorner     5.843756025
cellsize      0.0892857
NODATA_value  -9999
[rows 203 to 231 of 350, columns 132 to 197 of 409]
-9999 -9999 -9999 3.23604E-4 2.28971E-4 1.94882E-4 1.66965E-4 1.77268E-4 1.39582E-4 5.63458E-5 3.92959E-5 4.16748E-5 2.76095E-5 1.73505E-5 1.14174E-5 1.01032E-5 1.14268E-5 9.10418E-6 5.97621E-6 4.82842E-6 4.6519E-6 7.33301E-6 1.43576E-5 1.55866E-5 9.45747E-6 5.44212E-6 5.69435E-6 5.86716E-6 9.33014E-6 4.40304E-6 6.25406E-6 4.97481E-6 5.47465E-6 1.70722E-5 1.72998E-5 1.60784E-5 1.1059E-5 9.42196E-6 1.17128E-5 1.21309E-5 1.12779E-5 2.62958E-5 2.72398E-5 2.10381E-5 1.30972E-5 1.89451E-5 1.69095E-5 1.31639E-5 1.59061E-5 1.86943E-5 2.06939E-5 2.18992E-5 1.87607E-5 1.99926E-5 2.36444E-5 1.61393E-5 2.22218E-5 2.5526E-5 1.48772E-5 1.31892E-5 2.78457E-5 2.7625E-5 8.84559E-5 4.85178E-5 4.60094E-5 2.52473E-5
-9999 -9999 5.86157E-4 3.48784E-4 2.2647E-4 2.16231E-4 1.8366E-4 1.38558E-4 7.16837E-5 5.19554E-5 4.7613E-5 4.58338E-5 2.6998E-5 2.59333E-5 1.80466E-5 9.60249E-6 1.01929E-5 1.08614E-5 8.57084E-6 7.83234E-6 6.93983E-6 1.23153E-5 8.93366E-6 1.37725E-5 1.05592E-5 6.6584E-6 5.93808E-6 5.93655E-6 8.91694E-6 5.79267E-6 7.50323E-6 4.35836E-6 6.59079E-6 1.55725E-5 1.66545E-5 1.54974E-5 7.91112E-6 8.03384E-6 1.24004E-5 1.30166E-5 1.62326E-5 2.13133E-5 2.30523E-5 2.31007E-5 1.96614E-5 1.638E-5 1.689E-5 1.55282E-5 1.82015E-5 1.9344E-5 2.00391E-5 2.05255E-5 2.51216E-5 2.11875E-5 2.50033E-5 2.34177E-5 2.27802E-5 2.38521E-5 2.82994E-5 2.76076E-5 5.37808E-5 3.09122E-5 3.76652E-5 2.98219E-5 2.96044E-5 1.45222E-5
-9999 -9999 3.21166E-4 3.0884E-4 2.19731E-4 1.86412E-4 1.87751E-4 1.2865E-4 6.09757E-5 5.54624E-5 5.36958E-5 5.56556E-5 3.17E-5 2.18448E-5 2.0443E-5 1.14963E-5 1.01394E-5 1.07624E-5 1.01627E-5 1.14721E-5 1.17944E-5 1.31703E-5 9.13971E-6 7.82329E-6 7.52171E-6 6.38138E-6 6.02823E-6 6.01751E-6 8.36005E-6 7.8777E-6 6.41882E-6 5.28471E-6 8.39811E-6 1.57823E-5 1.58748E-5 1.1299E-5 1.0333E-5 8.38744E-6 8.54927E-6 1.03756E-5 1.06167E-5 2.05696E-5 2.16818E-5 2.06183E-5 2.06351E-5 1.98743E-5 2.16906E-5 2.22319E-5 2.20589E-5 1.95368E-5 1.92278E-5 1.93855E-5 1.38887E-5 1.93818E-5 2.25338E-5 2.31563E-5 2.33783E-5 2.99446E-5 3.21743E-5 4.24209E-5 5.15708E-5 3.08001E-5 3.35495E-5 3.19341E-5 2.57869E-5 1.54861E-5
-9999 -9999 2.77415E-4 2.4649E-4 2.15126E-4 1.68072E-4 6.87848E-5 3.82485E-5 5.5087E-5 4.58552E-5 5.08904E-5 5.99159E-5 8.37835E-5 3.23684E-5 2.89265E-5 2.38246E-5 1.2168E-5 1.56889E-5 1.24617E-5 1.14129E-5 1.25999E-5 1.15752E-5 9.70909E-6 8.2469E-6 6.32329E-6 6.84752E-6 1.23569E-5 6.54772E-6 6.90664E-6 7.13953E-6 6.73952E-6 6.80583E-6 8.38532E-6 1.03512E-5 1.01852E-5 8.73967E-6 8.37368E-6 8.52631E-6 9.64155E-6 9.6013E-6 9.88714E-6 2.17802E-5 1.85258E-5 1.35897E-5 1.58934E-5 1.60539E-5 2.04768E-5 2.15509E-5 2.27843E-5 2.14182E-5 9.56967E-6 5.92156E-6 5.83426E-6 6.08073E-6 1.22315E-5 2.74316E-5 2.83636E-5 3.58628E-5 7.21172E-5 9.04646E-5 4.24708E-5 7.64752E-5 2.90581E-5 1.88501E-5 3.65566E-5 2.4416E-5
-9999 -9999 3.9244E-4 2.31666E-4 2.17456E-4 1.54118E-4 7.39351E-5 3.11103E-5 3.25565E-5 2.0503E-5 1.91128E-5 1.93472E-5 4.58878E-5 6.73331E-5 3.00273E-5 2.89791E-5 3.03054E-5 2.54456E-5 2.62508E-5 2.32012E-5 1.62331E-5 1.23593E-5 9.28562E-6 8.10139E-6 5.99594E-6 6.64926E-6 5.89671E-6 7.79465E-6 7.03573E-6 6.50931E-6 6.51412E-6 1.03135E-5 9.72048E-6 8.03607E-6 8.22994E-6 8.75096E-6 1.15924E-5 1.22414E-5 1.24582E-5 1.40723E-5 2.34637E-5 2.7562E-5 1.39165E-5 1.11047E-5 1.19235E-5 1.40246E-5 1.91346E-5 1.9865E-5 2.32012E-5 2.37573E-5 2.12822E-5 1.21097E-5 6.18757E-6 6.94013E-6 2.05202E-5 2.23448E-5 2.81574E-5 5.81684E-5 5.24681E-5 8.67872E-5 9.14739E-5 6.29856E-5 2.77639E-5 1.1646E-5 1.42656E-5 1.08176E-5
-9999 -9999 3.33692E-4 2.70425E-4 2.82172E-4 2.04908E-4 9.34304E-5 4.92447E-5 3.18406E-5 2.21376E-5 1.59389E-5 5.43138E-5 5.10827E-5 3.06494E-5 3.12277E-5 2.84697E-5 2.42214E-5 2.0685E-5 2.2005E-5 2.85401E-5 4.12127E-5 1.95174E-5 2.338E-5 7.24062E-6 5.91014E-6 7.15529E-6 6.23885E-6 9.65884E-6 8.38086E-6 5.53458E-6 6.69823E-6 7.23291E-6 9.79712E-6 8.12699E-6 8.11604E-6 8.87224E-6 1.18105E-5 1.19655E-5 1.26592E-5 1.79006E-5 2.34318E-5 2.484E-5 2.39908E-5 2.95741E-5 2.41223E-5 2.10743E-5 1.8406E-5 1.84292E-5 2.18569E-5 2.46799E-5 2.34944E-5 1.8764E-5 6.29853E-6 1.44408E-5 2.03622E-5 1.81567E-5 1.95542E-5 5.21031E-5 3.85242E-5 2.80967E-5 2.88508E-5 2.76295E-5 2.27744E-5 1.47723E-5 8.67339E-6 9.33506E-6
-9999 -9999 2.63065E-4 1.89172E-4 1.88618E-4 2.42369E-4 1.80955E-4 1.66083E-4 2.52871E-5 1.69537E-5 1.83177E-5 5.06182E-5 4.06267E-5 2.48994E-5 1.69498E-5 1.00046E-5 9.14021E-6 9.36421E-6 1.525E-5 1.67264E-5 1.71732E-5 1.74553E-5 1.90637E-5 1.96166E-5 7.20389E-6 9.2653E-6 7.83152E-6 7.53455E-6 7.85565E-6 6.74788E-6 5.65163E-6 6.02421E-6 7.66688E-6 7.75474E-6 9.66872E-6 1.10315E-5 1.22625E-5 1.80728E-5 2.1847E-5 2.20687E-5 2.40105E-5 2.14246E-5 2.23899E-5 2.36196E-5 2.69472E-5 2.32265E-5 1.79073E-5 1.79859E-5 2.36753E-5 2.35205E-5 2.58477E-5 1.5573E-5 1.24139E-5 2.07114E-5 2.10613E-5 2.14281E-5 2.04544E-5 3.00827E-5 7.21354E-5 5.5109E-5 9.31055E-6 1.42887E-5 2.15599E-5 2.90754E-5 1.58582E-5 3.31997E-5
-9999 -9999 -9999 2.86024E-4 1.19692E-4 6.80971E-5 1.65739E-4 1.45965E-4 3.99008E-5 1.02382E-5 9.22838E-6 3.69558E-5 3.60101E-5 1.477E-5 9.41546E-6 8.43948E-6 1.00868E-5 1.17705E-5 1.77548E-5 1.44227E-5 2.23336E-5 1.66619E-5 1.94305E-5 2.75511E-5 1.35237E-5 1.09404E-5 1.17079E-5 8.37362E-6 7.61056E-6 7.91331E-6 6.31961E-6 5.64073E-6 5.89785E-6 1.01336E-5 1.18842E-5 1.57984E-5 1.26893E-5 2.03957E-5 2.48921E-5 2.04124E-5 1.76646E-5 1.96491E-5 2.0704E-5 1.67092E-5 1.8259E-5 2.3329E-5 1.70826E-5 1.75599E-5 2.13311E-5 2.14372E-5 2.13355E-5 1.55155E-5 1.73473E-5 1.97571E-5 2.099E-5 2.30044E-5 2.15966E-5 2.58087E-5 7.19303E-5 5.16543E-5 2.69477E-5 1.37648E-5 1.53083E-5 2.9935E-5 2.1026E-5 2.09501E-5
-9999 -9999 -9999 -9999 7.94931E-5 6.43302E-5 2.21424E-4 1.94764E-4 1.21799E-4 5.44879E-5 2.33968E-5 2.86458E-5 2.10092E-5 1.71664E-5 1.36832E-5 1.08633E-5 1.01304E-5 1.22206E-5 1.51905E-5 1.48076E-5 1.74867E-5 1.56781E-5 1.69066E-5 2.24355E-5 2.30166E-5 2.44389E-5 2.88116E-5 1.71282E-5 8.70363E-6 1.00865E-5 8.96579E-6 5.83179E-6 1.26126E-5 1.1394E-5 1.14397E-5 1.15467E-5 1.21269E-5 1.90767E-5 2.16016E-5 2.02376E-5 1.45513E-5 1.24584E-5 1.27465E-5 1.36739E-5 1.70071E-5 1.99612E-5 2.11909E-5 1.85924E-5 1.7261E-5 1.81685E-5 1.62754E-5 1.61538E-5 1.66005E-5 1.66331E-5 2.4174E-5 9.52495E-6 1.47465E-5 3.20821E-5 4.85246E-5 4.63714E-5 2.46602E-5 3.76719E-5 1.5795E-5 3.16889E-5 2.64794E-5 2.4011E-5
-9999 -9999 -9999 2.84132E-4 1.53713E-4 1.05547E-4 1.86767E-4 1.70317E-4 1.29393E-4 1.94174E-4 7.09055E-5 3.23146E-5 2.58598E-5 2.10684E-5 2.03495E-5 1.72171E-5 1.8408E-5 2.11046E-5 2.21907E-5 2.05495E-5 2.3149E-5 2.60665E-5 2.52222E-5 1.92128E-5 1.6367E-5 1.63911E-5 2.20642E-5 2.89065E-5 1.83227E-5 1.13192E-5 1.4111E-5 1.18773E-5 1.21419E-5 1.2002E-5 1.14148E-5 1.18127E-5 1.19156E-5 1.93083E-5 1.88682E-5 1.93518E-5 1.55239E-5 1.47726E-5 1.31613E-5 1.35544E-5 1.56019E-5 1.82328E-5 2.03668E-5 1.99337E-5 1.9904E-5 2.015E-5 2.09004E-5 1.90147E-5 1.82521E-5 1.66567E-5 1.84281E-5 1.02933E-5 1.66501E-5 2.30233E-5 3.31754E-5 4.97765E-5 3.43649E-5 3.83439E-5 2.68262E-5 2.40424E-5 2.39007E-5 2.24067E-5
-9999 -9999 -9999 -9999 2.67047E-4 1.01488E-4 9.09913E-5 1.32798E-4 1.23496E-4 5.92337E-5 2.41682E-5 2.3933E-5 2.96245E-5 2.0196E-5 1.52305E-5 1.5231E-5 1.47051E-5 2.1719E-5 2.58961E-5 2.3745E-5 3.49484E-5 3.33337E-5 3.21896E-5 2.52802E-5 1.61669E-5 1.79169E-5 2.07399E-5 2.06964E-5 1.57008E-5 1.13804E-5 1.12486E-5 1.15155E-5 1.16562E-5 1.19404E-5 1.75534E-5 1.15116E-5 9.49661E-6 9.7018E-6 8.83017E-6 1.29603E-5 1.77141E-5 1.81562E-5 1.57076E-5 1.66697E-5 2.03532E-5 2.03962E-5 2.06244E-5 2.15866E-5 2.19251E-5 2.01765E-5 2.04465E-5 2.0316E-5 2.16268E-5 2.30476E-5 2.28567E-5 1.83447E-5 2.31089E-5 2.62011E-5 2.90686E-5 2.95442E-5 3.18097E-5 3.17538E-5 2.87038E-5 2.52681E-5 2.37978E-5 2.22869E-5
-9999 -9999 -9999 -9999 1.35659E-4 1.00115E-4 8.04552E-5 8.848E-5 8.36664E-5 4.24597E-5 2.37553E-5 1.79179E-5 3.82921E-5 2.29106E-5 1.5393E-5 1.1856E-5 1.38704E-5 1.59694E-5 1.54103E-5 1.65178E-5 1.63835E-5 1.78327E-5 2.12333E-5 2.12357E-5 1.97164E-5 2.07417E-5 2.65755E-5 2.9016E-5 2.80541E-5 1.11884E-5 9.99607E-6 1.01719E-5 9.6506E-6 9.2015E-6 1.82392E-5 1.04476E-5 7.46285E-6 1.04995E-5 7.35362E-6 7.69252E-6 1.062E-5 1.66262E-5 1.93669E-5 2.10785E-5 2.10065E-5 2.00272E-5 1.95763E-5 2.22184E-5 2.16275E-5 2.18463E-5 2.04759E-5 2.21501E-5 2.43434E-5 2.51409E-5 2.35146E-5 2.41231E-5 1.62174E-5 2.20575E-5 2.28829E-5 2.44265E-5 2.56885E-5 2.39792E-5 2.27737E-5 2.33989E-5 2.28649E-5 2.19198E-5
-9999 -9999 -9999 -9999 3.36606E-4 3.12383E-4 1.5091E-4 1.26859E-4 6.00376E-5 5.18379E-5 4.40581E-5 1.79639E-5 1.77377E-5 1.80382E-5 2.06586E-5 1.67057E-5 1.21563E-5 1.08404E-5 9.17298E-6 1.24736E-5 9.50898E-6 7.99303E-6 1.38312E-5 1.8033E-5 2.33455E-5 2.53811E-5 2.89219E-5 3.54474E-5 2.9187E-5 1.97444E-5 1.02094E-5 9.51472E-6 1.01299E-5 9.00396E-6 2.01615E-5 2.07077E-5 1.10853E-5 7.69408E-6 7.48476E-6 1.07574E-5 7.95041E-6 1.41306E-5 1.98578E-5 2.08292E-5 2.11599E-5 2.05305E-5 2.14457E-5 2.32298E-5 2.28868E-5 2.37131E-5 2.35019E-5 2.63299E-5 2.85499E-5 2.89316E-5 2.47123E-5 1.98809E-5 1.23916E-5 1.65728E-5 2.62312E-5 2.72931E-5 2.78953E-5 2.22006E-5 1.95478E-5 1.8792E-5 2.21569E-5 2.3353E-5
-9999 -9999 -9999 -9999 -9999 3.28377E-4 1.51903E-4 1.01755E-4 8.57641E-5 6.57572E-5 3.9054E-5 2.6577E-5 1.96096E-5 3.50227E-5 3.05032E-5 2.26855E-5 1.49052E-5 1.1892E-5 6.06388E-6 4.33439E-6 4.12692E-6 4.79202E-6 4.9826E-6 8.92857E-6 1.70295E-5 2.2927E-5 2.77027E-5 2.89995E-5 3.19912E-5 3.08604E-5 2.86339E-5 1.83125E-5 1.00243E-5 9.92481E-6 2.09284E-5 2.02726E-5 2.10164E-5 8.9554E-6 7.97352E-6 9.00388E-6 8.50931E-6 1.18299E-5 1.98542E-5 1.6544E-5 1.97568E-5 2.11886E-5 2.12298E-5 2.14281E-5 2.21898E-5 2.38477E-5 2.44335E-5 2.69284E-5 2.84287E-5 2.64395E-5 2.53752E-5 1.90951E-5 1.44708E-5 1.71387E-5 2.05305E-5 2.67262E-5 2.59457E-5 2.22564E-5 2.41841E-5 2.62594E-5 2.14377E-5 2.08268E-5
-9999 -9999 -9999 -9999 -9999 1.77698E-4 1.48699E-4 1.02485E-4 1.04034E-4 9.14289E-5 9.84814E-5 5.88804E-5 5.24035E-5 4.76687E-5 2.99637E-5 2.64503E-5 2.0702E-5 1.28828E-5 7.68711E-6 6.50362E-6 5.26963E-6 5.06194E-6 9.03212E-6 9.33966E-6 1.16076E-5 1.96364E-5 2.11561E-5 2.36754E-5 3.12509E-5 3.0257E-5 3.32312E-5 3.84775E-5 1.40392E-5 1.07426E-5 2.11158E-5 1.99073E-5 2.63351E-5 9.55589E-6 1.10037E-5 1.28981E-5 1.37235E-5 1.71884E-5 1.60272E-5 1.04315E-5 1.12704E-5 2.06217E-5 2.0423E-5 2.15992E-5 2.32813E-5 2.38246E-5 2.36321E-5 2.48938E-5 2.45199E-5 2.67135E-5 2.59558E-5 2.57792E-5 1.88277E-5 1.55753E-5 2.69516E-5 2.79751E-5 2.48903E-5 2.43378E-5 2.34411E-5 2.57745E-5 2.35061E-5 2.33418E-5
-9999 -9999 -9999 -9999 -9999 1.97839E-4 1.59562E-4 1.15587E-4 1.08941E-4 1.06206E-4 8.79595E-5 1.05818E-4 3.56201E-5 5.0676E-5 3.32012E-5 2.67916E-5 2.57954E-5 1.43526E-5 8.05477E-6 7.66673E-6 7.95151E-6 7.55265E-6 5.69755E-6 6.40597E-6 6.43282E-6 1.34842E-5 1.24256E-5 1.695E-5 2.3431E-5 2.02241E-5 1.34119E-5 1.11588E-5 1.27034E-5 1.03898E-5 1.96351E-5 2.00217E-5 1.75617E-5 9.52493E-6 1.19236E-5 1.38474E-5 1.37355E-5 1.07897E-5 1.04717E-5 1.06779E-5 1.15799E-5 1.12216E-5 1.12376E-5 2.2078E-5 2.39429E-5 2.31848E-5 1.18808E-5 1.75379E-5 2.34821E-5 2.43317E-5 2.62231E-5 2.60043E-5 2.20833E-5 1.86816E-5 2.59973E-5 2.90078E-5 2.76294E-5 2.90277E-5 2.55177E-5 2.61823E-5 2.31649E-5 2.25688E-5
-9999 -9999 -9999 -9999 -9999 -9999 1.77939E-4 1.97169E-4 1.87647E-4 1.78538E-4 1.6783E-4 8.80066E-5 3.92166E-5 2.27197E-5 1.99226E-5 3.64191E-5 2.5931E-5 1.60364E-5 7.98969E-6 7.86847E-6 9.19922E-6 7.94667E-6 7.5758E-6 8.35185E-6 9.79313E-6 1.34384E-5 1.2784E-5 1.25374E-5 1.16509E-5 6.99698E-6 6.69118E-6 6.1762E-6 6.56267E-6 9.83631E-6 1.17659E-5 9.58482E-6 9.39715E-6 1.04316E-5 1.30647E-5 1.37818E-5 1.36924E-5 1.08438E-5 1.03027E-5 1.06592E-5 1.05874E-5 1.27294E-5 2.2294E-5 2.65972E-5 2.51592E-5 1.66835E-5 1.04598E-5 1.03658E-5 1.04771E-5 1.12552E-5 1.4451E-5 1.61416E-5 2.02217E-5 2.10438E-5 2.34456E-5 2.4245E-5 2.66023E-5 2.67006E-5 2.71093E-5 3.33801E-5 5.1155E-5 2.31861E-5
-9999 -9999 -9999 -9999 -9999 -9999 1.88601E-4 2.37773E-4 1.82123E-4 1.85161E-4 2.39085E-4 7.29679E-5 3.94054E-5 3.00465E-5 3.21118E-5 4.25887E-5 2.93457E-5 1.80009E-5 1.00324E-5 9.6502E-6 9.91364E-6 1.22208E-5 9.48597E-6 1.59992E-5 1.49061E-5 1.47249E-5 1.32659E-5 1.39923E-5 1.28856E-5 1.00003E-5 1.00689E-5 6.29686E-6 8.25978E-6 9.22625E-6 1.04096E-5 1.19E-5 1.4549E-5 1.30713E-5 1.25924E-5 1.3513E-5 1.41783E-5 9.80526E-6 9.76887E-6 1.00323E-5 1.31183E-5 2.31117E-5 2.62928E-5 2.43823E-5 2.25693E-5 1.86375E-5 1.15617E-5 1.05405E-5 1.03811E-5 1.07404E-5 2.37504E-5 1.48916E-5 2.07105E-5 2.38171E-5 2.45107E-5 2.38186E-5 2.46918E-5 2.35982E-5 3.16279E-5 2.98925E-5 5.08429E-5 4.7684E-5
-9999 -9999 -9999 -9999 -9999 -9999 2.2533E-4 1.8734E-4 2.69335E-4 1.86531E-4 1.54102E-4 5.70754E-5 3.42013E-5 3.04458E-5 3.16822E-5 8.69552E-5 4.77228E-5 2.61718E-5 1.49792E-5 1.17549E-5 1.06041E-5 9.82338E-6 1.02095E-5 1.22108E-5 1.62047E-5 1.43433E-5 2.22881E-5 1.7398E-5 1.32651E-5 8.59457E-6 6.5825E-6 6.93831E-6 7.12582E-6 8.81006E-6 9.71019E-6 9.62903E-6 1.04019E-5 8.98311E-6 7.82663E-6 7.11098E-6 7.9496E-6 8.07276E-6 8.18858E-6 7.6154E-6 2.31048E-5 2.47879E-5 2.34945E-5 2.39014E-5 2.20283E-5 2.07329E-5 2.17343E-5 1.26692E-5 1.0623E-5 2.30037E-5 2.43989E-5 2.39047E-5 1.57109E-5 1.86435E-5 2.61033E-5 1.89103E-5 1.3838E-5 1.48475E-5 2.23878E-5 2.5383E-5 3.32593E-5 2.5894E-5
-9999 -9999 -9999 -9999 -9999 -9999 2.72378E-4 2.53446E-4 1.07149E-4 1.88105E-4 1.15147E-4 5.61935E-5 5.17606E-5 2.52777E-5 3.03888E-5 4.54699E-5 4.52221E-5 3.30311E-5 1.96744E-5 1.78813E-5 1.23004E-5 1.14848E-5 1.48928E-5 1.40254E-5 1.48701E-5 1.09543E-5 1.04162E-5 1.20436E-5 1.69884E-5 9.19655E-6 1.11293E-5 7.5944E-6 6.71924E-6 8.77226E-6 8.82656E-6 8.70216E-6 8.84809E-6 9.66815E-6 8.55319E-6 7.35295E-6 7.85238E-6 9.1048E-6 7.59488E-6 7.38652E-6 1.19234E-5 2.28291E-5 2.16138E-5 2.14062E-5 1.9496E-5 2.66028E-5 3.60155E-5 2.0873E-5 1.73232E-5 1.25822E-5 2.2943E-5 9.85333E-6 9.67495E-6 1.77384E-5 1.67315E-5 1.80247E-5 1.35986E-5 1.35462E-5 2.63915E-5 3.37062E-5 2.67914E-5 2.69063E-5
-9999 -9999 -9999 -9999 -9999 -9999 5.47855E-4 2.19124E-4 1.24034E-4 1.77344E-4 9.65797E-5 5.74488E-5 3.04754E-5 3.04857E-5 2.93738E-5 4.29824E-5 4.52369E-5 6.54313E-5 2.88574E-5 2.66523E-5 2.76332E-5 1.85379E-5 1.88868E-5 1.8801E-5 2.26056E-5 2.40132E-5 1.91632E-5 1.09102E-5 1.71627E-5 9.0225E-6 8.82561E-6 1.10995E-5 7.44723E-6 1.03374E-5 9.34035E-6 1.20711E-5 8.78092E-6 9.57111E-6 9.98324E-6 9.79703E-6 1.04841E-5 8.08726E-6 7.70896E-6 8.21761E-6 2.1215E-5 1.96658E-5 4.75169E-5 2.04965E-5 2.04557E-5 2.1397E-5 2.44332E-5 2.14218E-5 1.89408E-5 1.33965E-5 1.33488E-5 2.05054E-5 4.44766E-5 2.41743E-5 2.03254E-5 1.6796E-5 1.72251E-5 1.95465E-5 2.85265E-5 1.70994E-5 1.75295E-5 1.12894E-5
-9999 -9999 -9999 -9999 -9999 -9999 -9999 2.34545E-4 2.35547E-4 1.68061E-4 1.29017E-4 1.21923E-4 7.59855E-5 3.70906E-5 3.7993E-5 3.00893E-5 2.73065E-5 3.90776E-5 3.53381E-5 2.92269E-5 2.85582E-5 2.43592E-5 1.93739E-5 2.31515E-5 2.59113E-5 3.00948E-5 1.33977E-5 1.64397E-5 1.46839E-5 8.08825E-6 1.15085E-5 1.36056E-5 9.53202E-6 1.62534E-5 1.16391E-5 1.23062E-5 8.73064E-6 9.47437E-6 1.0646E-5 1.1152E-5 1.08211E-5 1.03055E-5 9.26518E-6 7.01917E-6 8.84268E-6 7.6145E-6 1.88262E-5 1.71824E-5 2.0834E-5 2.01569E-5 2.01944E-5 1.98159E-5 1.99349E-5 2.11296E-5 1.6803E-5 2.42412E-5 6.80005E-5 2.5206E-5 2.6542E-5 2.37688E-5 3.48404E-5 2.93647E-5 3.17834E-5 1.83524E-5 1.01821E-5 9.42691E-6
-9999 -9999 -9999 -9999 -9999 -9999 -9999 2.42202E-4 4.33127E-4 3.32302E-4 1.50672E-4 1.13388E-4 5.34466E-5 3.47724E-5 3.38314E-5 4.19288E-5 2.77115E-5 4.46339E-5 3.75912E-5 3.34522E-5 2.94635E-5 2.73031E-5 2.45282E-5 2.48809E-5 2.9299E-5 2.40227E-5 1.82141E-5 1.78587E-5 8.80837E-6 1.76983E-5 1.63691E-5 1.44981E-5 1.96866E-5 3.52987E-5 2.80651E-5 1.16264E-5 9.13842E-6 1.3061E-5 9.21221E-6 9.57981E-6 1.04644E-5 9.07674E-6 7.28337E-6 6.73852E-6 6.47493E-6 6.95848E-6 7.00186E-6 9.7424E-6 1.88647E-5 1.95778E-5 2.09977E-5 1.93507E-5 2.22412E-5 2.20951E-5 2.43197E-5 3.55455E-5 3.69147E-5 2.61956E-5 2.98277E-5 2.32499E-5 2.32307E-5 4.30551E-5 2.18059E-5 1.35659E-5 1.02905E-5 1.0229E-5
-9999 -9999 -9999 -9999 -9999 -9999 -9999 2.45383E-4 8.64735E-5 1.47565E-4 1.52331E-4 1.00124E-4 3.76484E-5 2.96675E-5 2.73036E-5 3.44798E-5 5.80745E-5 6.66976E-5 5.18237E-5 3.55177E-5 3.39977E-5 2.84827E-5 2.67008E-5 2.56346E-5 2.61887E-5 2.26439E-5 2.06031E-5 2.00734E-5 1.33256E-5 2.38082E-5 2.27849E-5 2.84622E-5 2.94725E-5 1.98139E-5 3.16542E-5 2.08719E-5 1.67719E-5 1.01688E-5 1.17389E-5 9.9245E-6 9.46012E-6 8.94855E-6 7.15213E-6 6.78422E-6 6.78524E-6 7.40652E-6 1.20821E-5 1.41187E-5 1.82997E-5 2.4078E-5 1.85953E-5 1.90811E-5 1.83982E-5 2.14155E-5 5.09719E-5 7.08641E-5 2.9735E-5 3.54385E-5 3.09726E-5 2.92849E-5 2.29436E-5 1.61274E-5 2.24198E-5 1.31224E-5 1.36141E-5 1.14274E-5
-9999 -9999 -9999 -9999 -9999 -9999 -9999 1.74186E-4 1.02531E-4 1.4064E-4 1.62077E-4 1.17293E-4 7.09592E-5 5.68782E-5 2.83115E-5 7.99501E-5 6.41482E-5 4.68245E-5 3.4804E-5 3.07972E-5 3.37103E-5 3.35886E-5 2.86103E-5 2.71111E-5 2.54962E-5 2.36485E-5 1.92786E-5 2.09424E-5 2.17551E-5 2.34906E-5 2.30647E-5 2.03572E-5 2.11769E-5 2.06303E-5 1.79531E-5 1.7059E-5 1.49098E-5 1.01451E-5 1.00775E-5 9.40037E-6 9.44911E-6 8.06872E-6 7.83226E-6 8.49437E-6 8.25177E-6 1.11347E-5 1.30845E-5 1.21659E-5 1.26406E-5 1.77034E-5 2.55066E-5 1.8964E-5 1.76904E-5 2.73961E-5 4.68993E-5 3.27334E-5 2.88227E-5 3.40724E-5 2.94141E-5 3.48928E-5 3.03508E-5 2.56223E-5 1.40368E-5 9.61651E-6 8.31752E-6 7.18399E-6
-9999 -9999 -9999 -9999 -9999 -9999 -9999 1.16289E-4 1.19331E-4 1.47533E-4 2.11541E-4 2.00437E-4 1.38815E-4 1.21861E-4 7.39127E-5 8.90814E-5 1.18628E-4 5.26568E-5 5.18426E-5 3.58341E-5 4.66495E-5 3.3596E-5 2.91854E-5 2.37252E-5 2.49135E-5 2.6657E-5 2.54011E-5 2.38716E-5 2.16687E-5 2.43386E-5 2.53999E-5 2.73631E-5 2.01284E-5 2.84185E-5 2.87652E-5 1.02697E-5 9.39322E-6 9.18844E-6 8.9025E-6 9.91526E-6 9.40271E-6 9.65079E-6 1.22332E-5 1.83633E-5 1.4587E-5 1.65623E-5 1.62096E-5 1.55303E-5 1.34818E-5 1.86236E-5 3.02974E-5 2.99324E-5 1.46541E-5 2.13053E-5 5.45787E-5 3.29873E-5 3.23227E-5 3.55511E-5 3.35018E-5 3.05921E-5 2.75456E-5 2.31905E-5 1.47277E-5 9.38276E-6 1.68445E-5 8.97259E-6
-9999 -9999 -9999 -9999 -9999 -9999 -9999 1.21557E-4 1.04445E-4 1.4158E-4 2.17137E-4 1.40817E-4 7.29894E-5 1.83019E-5 2.15573E-5 8.22771E-5 9.27821E-5 5.37861E-5 4.02195E-5 4.10273E-5 3.65153E-5 3.20152E-5 3.11636E-5 2.99563E-5 3.01018E-5 3.04515E-5 2.68649E-5 2.78499E-5 2.86023E-5 2.98759E-5 3.4231E-5 2.44988E-5 2.03634E-5 2.1797E-5 1.16583E-5 1.08553E-5 1.0445E-5 1.08988E-5 9.34068E-6 8.65237E-6 9.62468E-6 1.06176E-5 1.72257E-5 2.96234E-5 2.06376E-5 2.09896E-5 1.75708E-5 1.35152E-5 1.18366E-5 1.62354E-5 2.55818E-5 3.13359E-5 3.08311E-5 1.34507E-5 1.56625E-5 2.79621E-5 2.53439E-5 2.67368E-5 2.38971E-5 2.76132E-5 3.40804E-5 1.37943E-5 1.22474E-5 1.34491E-5 1.83221E-5 1.31424E-5
-9999 -9999 -9999 -9999 -9999 -9999 -9999 1.34228E-4 1.07089E-4 9.34144E-5 4.26033E-4 1.44826E-4 4.63066E-5 1.68523E-5 3.0785E-5 6.01297E-5 1.23282E-4 6.40416E-5 4.43849E-5 3.71915E-5 3.4873E-5 3.11881E-5 3.46322E-5 3.71534E-5 3.19653E-5 2.94304E-5 3.21385E-5 3.12701E-5 3.2124E-5 3.13673E-5 3.40061E-5 2.88932E-5 2.42487E-5 1.58277E-5 1.27345E-5 1.30225E-5 1.18803E-5 1.4014E-5 1.14012E-5 1.38702E-5 1.04389E-5 1.14351E-5 1.88379E-5 2.42891E-5 2.02481E-5 2.3501E-5 1.86853E-5 1.13334E-5 1.15623E-5 1.8278E-5 2.0858E-5 2.09974E-5 1.83016E-5 8.10802E-6 2.45095E-5 2.71059E-5 1.27841E-5 2.66635E-5 2.76448E-5 2.68631E-5 2.55904E-5 2.4428E-5 2.43884E-5 2.00092E-5 1.25658E-5 6.80768E-6
-9999 -9999 -9999 -9999 -9999 -9999 -9999 -9999 1.12853E-4 9.20113E-5 2.26426E-4 4.60644E-4 7.91386E-5 3.27495E-5 7.22842E-5 9.60479E-5 8.41293E-5 7.51826E-5 5.2001E-5 3.9513E-5 3.3146E-5 3.25423E-5 3.09132E-5 2.92656E-5 2.91419E-5 3.28386E-5 3.83142E-5 3.16924E-5 2.98287E-5 3.45861E-5 3.1681E-5 2.47622E-5 2.45651E-5 1.57604E-5 1.43842E-5 1.66918E-5 1.22223E-5 1.47087E-5 1.28215E-5 1.08622E-5 1.12973E-5 1.40366E-5 2.81213E-5 2.22104E-5 1.86149E-5 1.55538E-5 1.20396E-5 8.63717E-6 7.71921E-6 7.98437E-6 1.10083E-5 1.18096E-5 6.7815E-6 1.29717E-5 3.10251E-5 1.85516E-5 1.77619E-5 3.11703E-5 3.42686E-5 3.43336E-5 3.32108E-5 2.5591E-5 3.20678E-5 2.75226E-5 1.29299E-5 8.22207E-6
