catData/rasterBestHybridModels/Pviverrinus/RD_BM01_RM1.5_H/Pviverrinus_median.asc
ncols         409
nrows         350
xllcorner     60.897278365
yllcorner     5.843756025
cellsize      0.0892857
NODATA_value  -9999
[rows 203 to 231 of 350, columns 195 to 259 of 409]
5.27802E-5 5.03952E-5 2.56259E-5 7.16793E-5 3.27081E-5 4.85636E-5 3.62846E-5 1.92508E-5 3.90601E-5 5.08683E-5 4.67285E-5 3.34554E-5 3.52942E-5 3.64377E-5 9.87278E-6 1.1556E-5 8.18233E-6 6.52734E-6 6.84596E-6 8.50889E-6 1.07476E-5 8.52606E-6 8.14414E-6 1.64873E-5 1.67609E-5 1.64913E-5 1.51056E-5 8.9703E-6 8.57007E-6 1.81063E-5 1.67052E-5 1.51135E-5 2.44364E-5 2.96695E-5 2.11364E-5 2.38952E-5 4.28255E-5 2.05317E-5 1.73021E-5 2.37638E-5 2.51894E-5 2.71165E-5 5.6222E-5 5.51556E-5 5.88124E-5 3.59117E-5 4.12732E-5 4.01423E-5 5.08166E-5 2.96111E-5 1.67667E-5 2.2439E-5 1.98397E-5 2.40426E-5 3.61267E-5 4.75157E-5 7.03921E-5 1.65917E-4 4.42303E-5 2.67856E-5 5.70079E-5 1.54615E-4 2.53102E-4 1.65425E-4 1.61454E-4
3.24438E-5 3.26542E-5 1.4208E-5 3.13823E-5 3.51091E-5 4.30778E-5 6.68983E-5 5.51765E-5 7.15653E-5 4.08198E-5 3.95771E-5 6.9574E-5 3.87254E-5 3.22955E-5 8.79558E-6 1.0268E-5 1.32878E-5 6.7935E-6 8.22954E-6 7.30622E-6 1.13649E-5 1.94193E-5 7.82255E-6 6.85747E-6 9.91893E-6 1.66129E-5 8.39483E-6 1.25509E-5 1.38052E-5 1.63961E-5 1.79156E-5 2.06821E-5 2.08553E-5 1.52963E-5 1.96874E-5 2.01302E-5 2.8094E-5 2.96183E-5 4.23837E-5 5.35778E-5 4.95026E-5 4.97926E-5 5.47775E-5 7.73864E-5 3.94194E-5 3.22287E-5 3.78997E-5 6.25874E-5 1.68572E-5 1.86671E-5 1.75949E-5 1.99085E-5 2.16524E-5 2.24494E-5 3.17817E-5 5.59665E-5 2.21052E-4 1.76366E-4 2.23244E-4 1.73411E-4 4.29526E-5 1.99016E-4 1.90589E-4 2.82185E-4 2.55881E-4
3.32943E-5 2.74655E-5 1.49494E-5 3.54671E-5 2.78514E-5 2.93554E-5 5.55029E-5 6.36587E-5 6.40984E-5 7.08863E-5 6.17202E-5 5.00528E-5 3.83879E-5 4.2172E-5 1.03142E-5 9.47535E-6 1.1413E-5 7.45669E-6 7.43723E-6 8.4306E-6 7.56856E-6 9.21211E-6 8.26777E-6 1.1878E-5 1.09503E-5 7.95208E-6 1.09572E-5 8.32851E-6 1.84273E-5 1.47566E-5 1.81408E-5 1.84662E-5 1.5128E-5 2.78521E-5 2.6839E-5 3.36335E-5 2.69135E-5 3.1633E-5 3.40961E-5 4.43812E-5 3.16963E-5 4.68996E-5 6.72574E-5 6.87602E-5 6.73033E-5 3.59446E-5 3.53417E-5 3.03797E-5 1.20506E-5 1.30005E-5 1.6365E-5 1.38346E-5 2.3215E-5 2.31639E-5 1.60623E-4 2.19708E-4 1.09155E-4 1.04345E-4 1.74884E-4 1.40866E-4 5.71606E-5 1.50221E-4 2.27666E-4 1.99982E-4 3.03676E-4
1.9157E-5 3.55901E-5 2.45739E-5 1.55902E-5 1.96301E-5 2.69548E-5 3.6673E-5 3.55864E-5 3.25217E-5 4.3333E-5 3.18608E-5 6.97747E-5 7.16736E-5 4.70624E-5 2.25069E-5 1.40392E-5 1.46402E-5 9.8521E-6 7.71353E-6 6.44549E-6 6.9668E-6 7.54017E-6 8.28293E-6 7.19194E-6 1.05219E-5 6.43946E-6 8.043E-6 1.57092E-5 1.88394E-5 1.98427E-5 1.91779E-5 2.01824E-5 1.32936E-5 2.62781E-5 2.74835E-5 2.28424E-5 2.45845E-5 2.59368E-5 4.38303E-5 3.37184E-5 3.03279E-5 5.96539E-5 6.74779E-5 4.86916E-5 7.94848E-5 7.59096E-5 2.85895E-5 2.36971E-5 1.68249E-5 1.60086E-5 2.1567E-5 1.96168E-5 3.08886E-5 8.91376E-5 1.41472E-4 1.89506E-4 1.61379E-4 9.58126E-5 1.68683E-4 2.01618E-4 2.4035E-4 9.15558E-5 2.19219E-4 2.60697E-4 2.84308E-4
1.2267E-5 1.55765E-5 1.16415E-5 1.44918E-5 1.9007E-5 3.39583E-5 2.34992E-5 2.28282E-5 2.61999E-5 3.4344E-5 6.00109E-5 6.77518E-5 6.36096E-5 3.60334E-5 3.55934E-5 1.91647E-5 1.30057E-5 8.22915E-6 7.18128E-6 4.89841E-6 8.31232E-6 6.25014E-6 1.05378E-5 4.84389E-6 7.96954E-6 5.16715E-6 9.58705E-6 8.14329E-6 8.57374E-6 9.01221E-6 1.95779E-5 2.31117E-5 2.40949E-5 2.80343E-5 2.85192E-5 1.22927E-5 2.24541E-5 2.23387E-5 2.553E-5 2.0618E-5 2.39162E-5 6.10398E-5 5.09558E-5 6.20603E-5 9.32662E-5 3.77342E-5 2.38602E-5 1.39841E-5 1.45672E-5 1.57545E-5 2.38218E-5 2.19413E-5 2.79703E-5 9.61578E-5 1.7237E-4 1.76723E-4 1.49651E-4 9.43467E-5 1.00774E-4 1.06569E-4 2.35039E-4 1.54402E-4 1.98368E-4 2.36371E-4 1.99594E-4
1.52059E-5 9.73792E-6 1.01743E-5 2.55768E-5 2.07052E-5 2.43164E-5 2.3919E-5 2.4413E-5 2.92611E-5 3.79739E-5 4.80219E-5 5.07778E-5 7.68302E-5 2.8356E-5 2.04646E-5 1.22844E-5 7.25142E-6 1.02E-5 1.07683E-5 8.90712E-6 4.64242E-6 7.34837E-6 6.63429E-6 5.7542E-6 5.25975E-6 1.14404E-5 1.20809E-5 1.61453E-5 8.23317E-6 8.06827E-6 9.98586E-6 2.37121E-5 1.47136E-5 2.35668E-5 1.72679E-5 9.90068E-6 2.05614E-5 2.25591E-5 3.00934E-5 2.89469E-5 5.24584E-5 5.95384E-5 5.26631E-5 4.88511E-5 2.94024E-5 2.2135E-5 1.72412E-5 1.4778E-5 1.00871E-5 1.71497E-5 2.34126E-5 2.66636E-5 3.11292E-5 7.55309E-5 1.11437E-4 1.52139E-4 1.6731E-4 1.54195E-4 1.26661E-4 1.62452E-4 2.06091E-4 1.79257E-4 2.11415E-4 1.83785E-4 1.69288E-4
3.08827E-5 1.58363E-5 3.08777E-5 1.55862E-5 1.38647E-5 2.29944E-5 2.43049E-5 2.459E-5 2.9756E-5 4.23244E-5 4.20012E-5 7.42622E-5 4.59741E-5 6.42918E-5 4.98665E-5 1.44513E-5 1.20633E-5 1.37122E-5 1.28426E-5 5.48479E-6 5.24601E-6 1.02194E-5 7.16982E-6 7.63947E-6 4.5605E-6 5.0807E-6 8.08547E-6 1.41387E-5 9.97377E-6 1.73442E-5 1.00674E-5 1.0581E-5 1.16299E-5 2.43757E-5 1.94352E-5 1.27184E-5 1.91982E-5 2.46884E-5 2.71943E-5 5.21781E-5 7.46461E-5 5.5788E-5 4.79225E-5 3.38625E-5 2.71584E-5 2.44908E-5 1.26585E-5 7.91345E-6 9.24449E-6 1.49307E-5 1.43879E-5 2.29299E-5 2.85141E-5 3.42659E-5 1.31012E-4 1.6156E-4 1.70736E-4 1.83335E-4 1.93732E-4 1.98065E-4 1.95051E-4 2.32456E-4 2.33022E-4 1.72776E-4 3.47844E-4
3.09111E-5 2.10866E-5 2.12544E-5 2.4583E-5 2.84243E-5 2.60784E-5 1.33169E-5 1.2193E-5 1.88451E-5 2.572E-5 2.96212E-5 7.32993E-5 5.42012E-5 7.72491E-5 7.21319E-5 2.73521E-5 2.81847E-5 3.51153E-5 8.53927E-6 6.38161E-6 4.94085E-6 4.20053E-6 6.9859E-6 7.5378E-6 9.60672E-6 6.37747E-6 7.26679E-6 6.50108E-6 1.68988E-5 1.62931E-5 1.64237E-5 1.64884E-5 1.7361E-5 2.38067E-5 1.3642E-5 2.67375E-5 2.20604E-5 1.44304E-5 2.9864E-5 5.21519E-5 6.3898E-5 4.52117E-5 3.88373E-5 3.55313E-5 3.08808E-5 2.20689E-5 1.00913E-5 7.81021E-6 8.69666E-6 1.40853E-5 1.60591E-5 1.80889E-5 1.546E-5 1.62376E-5 5.27749E-5 1.35251E-4 1.24524E-4 9.65709E-5 9.55576E-5 1.53319E-4 2.0255E-4 2.08628E-4 1.98704E-4 2.27656E-4 -9999
3.28526E-5 2.84083E-5 2.59745E-5 2.36701E-5 2.83648E-5 4.51624E-5 1.96675E-5 1.51089E-5 1.49613E-5 2.36076E-5 2.72678E-5 3.87639E-5 7.59183E-5 6.98384E-5 7.90018E-5 3.90179E-5 3.58941E-5 1.10618E-5 1.10424E-5 9.28176E-6 1.19519E-5 4.22865E-6 5.82092E-6 1.72633E-5 1.26978E-5 1.13976E-5 6.5053E-6 6.82025E-6 1.79491E-5 1.67193E-5 1.64182E-5 1.06568E-5 1.05685E-5 1.10954E-5 1.16749E-5 1.56951E-5 3.31263E-5 2.62845E-5 3.49337E-5 5.48649E-5 4.79935E-5 3.65985E-5 3.73346E-5 3.4099E-5 1.76962E-5 1.69814E-5 5.1723E-6 5.27302E-6 1.38036E-5 1.49429E-5 1.52759E-5 1.55566E-5 1.08874E-5 2.22965E-5 8.2273E-5 1.83241E-4 1.87599E-4 1.07705E-4 9.1717E-5 1.48054E-4 1.73311E-4 2.70315E-4 3.15243E-4 -9999 -9999
2.55266E-5 2.55618E-5 2.35547E-5 2.24426E-5 2.45935E-5 2.37327E-5 2.29669E-5 1.90631E-5 1.41834E-5 2.11791E-5 2.54452E-5 2.97069E-5 4.34245E-5 6.75015E-5 8.10696E-5 4.39017E-5 3.77076E-5 1.67066E-5 1.49446E-5 1.4074E-5 1.10469E-5 4.94976E-6 8.76498E-6 8.64962E-6 9.5708E-6 1.06439E-5 1.67478E-5 9.50429E-6 1.23018E-5 1.41923E-5 1.47331E-5 1.00175E-5 1.00787E-5 1.01935E-5 1.01683E-5 1.14058E-5 1.72267E-5 1.65956E-5 3.57013E-5 3.08266E-5 3.06687E-5 1.76977E-5 2.35333E-5 2.8183E-5 1.6616E-5 9.2853E-6 9.11019E-6 9.85892E-6 1.37958E-5 1.67492E-5 1.97156E-5 9.92658E-6 1.4976E-5 5.20119E-5 2.0842E-4 8.89629E-5 1.43858E-4 1.06589E-4 1.58933E-4 1.72284E-4 1.75963E-4 -9999 -9999 -9999 -9999
2.78679E-5 2.52059E-5 2.35434E-5 2.36262E-5 2.10425E-5 2.37277E-5 2.34956E-5 1.90084E-5 1.85041E-5 2.14825E-5 2.30022E-5 2.62916E-5 2.93538E-5 3.59644E-5 7.68102E-5 3.51821E-5 3.87419E-5 2.08202E-5 1.90831E-5 6.83561E-6 6.61938E-6 4.07323E-6 4.57798E-6 8.55244E-6 1.38703E-5 1.58866E-5 1.86127E-5 2.77362E-5 1.45736E-5 1.33398E-5 1.03932E-5 1.0311E-5 1.03742E-5 1.08E-5 1.05454E-5 1.36581E-5 1.66142E-5 2.39774E-5 2.08461E-5 3.0753E-5 1.90249E-5 2.82006E-5 2.11165E-5 1.41847E-5 1.23057E-5 1.56618E-5 7.82572E-6 8.52254E-6 1.20616E-5 1.94382E-5 2.26821E-5 2.40926E-5 2.02394E-4 1.98777E-4 1.87187E-4 1.89065E-4 1.38135E-4 2.16643E-4 2.5229E-4 -9999 -9999 -9999 -9999 -9999 -9999
2.44777E-5 2.47135E-5 2.29522E-5 1.99516E-5 2.44081E-5 1.28758E-5 1.41624E-5 1.47037E-5 1.38337E-5 1.41253E-5 2.01207E-5 2.5056E-5 2.50226E-5 3.04621E-5 2.89871E-5 3.39485E-5 3.66572E-5 4.44472E-5 1.98337E-5 5.75532E-6 4.58735E-6 4.85723E-6 4.88273E-6 4.57225E-6 6.62017E-6 2.16742E-5 2.42652E-5 3.30054E-5 3.55277E-5 1.93858E-5 1.02904E-5 2.02104E-5 2.25534E-5 1.09409E-5 1.08897E-5 1.47837E-5 2.32182E-5 1.48539E-5 2.61524E-5 2.26375E-5 1.18717E-5 1.45179E-5 1.00295E-5 7.69245E-6 6.93627E-6 1.28571E-5 1.1358E-5 9.52025E-6 1.16045E-5 7.68396E-5 1.33569E-4 2.16902E-4 1.83724E-4 1.00366E-4 1.92615E-4 2.05858E-4 1.42449E-4 1.67263E-4 -9999 -9999 -9999 -9999 -9999 -9999 -9999
1.88964E-5 2.30363E-5 2.73857E-5 2.36918E-5 2.63057E-5 1.51357E-5 1.50938E-5 1.53209E-5 1.38306E-5 1.50805E-5 1.75209E-5 2.66413E-5 2.89092E-5 2.57565E-5 3.1721E-5 3.66835E-5 4.11542E-5 8.07497E-5 2.69257E-5 5.16276E-6 5.04676E-6 7.3023E-6 4.55395E-6 4.48639E-6 9.73496E-6 1.24388E-5 1.93098E-5 2.51521E-5 4.30797E-5 2.18186E-5 1.03744E-5 1.29829E-5 1.33482E-5 1.16719E-5 1.24669E-5 1.37104E-5 1.73386E-5 2.67908E-5 1.50435E-5 7.68176E-6 7.39059E-6 9.51567E-6 7.20053E-6 7.46853E-6 7.42714E-6 1.13537E-5 1.49843E-5 1.73321E-5 2.6573E-5 1.66338E-4 1.90604E-4 2.14728E-4 2.13832E-4 2.08919E-4 2.071E-4 1.63384E-4 2.27605E-4 -9999 -9999 -9999 -9999 -9999 -9999 -9999 -9999
2.68857E-5 2.21986E-5 2.1339E-5 2.09373E-5 1.80058E-5 1.28564E-5 1.34389E-5 1.51394E-5 1.72643E-5 2.36164E-5 1.60065E-5 1.5731E-5 2.57077E-5 2.99766E-5 3.30839E-5 4.07272E-5 5.08752E-5 4.67808E-5 2.99959E-5 1.29966E-5 9.45187E-6 7.53021E-6 6.40375E-6 5.24937E-6 5.92719E-6 6.86749E-6 1.09685E-5 2.64944E-5 3.9995E-5 2.10222E-5 2.53223E-5 1.44057E-5 9.43143E-6 1.0093E-5 9.76779E-6 1.0161E-5 2.11477E-5 1.55117E-5 7.72862E-6 7.07739E-6 9.52703E-6 1.413E-5 1.14208E-5 9.78079E-6 1.04705E-5 1.40918E-5 1.36813E-5 4.59122E-5 1.70224E-4 1.85656E-4 1.25423E-4 1.98957E-4 2.12934E-4 1.7006E-4 1.75989E-4 2.04287E-4 1.93482E-4 -9999 -9999 -9999 -9999 -9999 -9999 -9999 -9999
2.94755E-5 2.77657E-5 2.68826E-5 2.65773E-5 2.90028E-5 9.14268E-6 9.79258E-6 1.58106E-5 2.40465E-5 2.34823E-5 1.57221E-5 1.47705E-5 1.94945E-5 2.90245E-5 3.07929E-5 3.72236E-5 4.99157E-5 4.17895E-5 4.06716E-5 3.7816E-5 1.39921E-5 1.05985E-5 4.23999E-5 2.35325E-5 1.7443E-5 4.5861E-5 2.51891E-5 1.3014E-5 1.70315E-5 3.5658E-5 4.52276E-5 2.60703E-5 2.10568E-5 1.7268E-5 9.91159E-6 1.21517E-5 1.79417E-5 1.27024E-5 1.10013E-5 8.85669E-6 1.17471E-5 2.27852E-5 1.69432E-5 2.15492E-5 1.88614E-5 3.99353E-5 1.30115E-4 1.89501E-4 2.04355E-4 1.88101E-4 2.10028E-4 2.14114E-4 2.17994E-4 1.57749E-4 2.06575E-4 1.89761E-4 -9999 -9999 -9999 -9999 -9999 -9999 -9999 -9999 -9999
2.83147E-5 2.63372E-5 2.51934E-5 2.46844E-5 2.75607E-5 1.43405E-5 1.60465E-5 1.73954E-5 1.84355E-5 1.87859E-5 1.31971E-5 1.28369E-5 1.84612E-5 2.56023E-5 2.87606E-5 3.13831E-5 4.01099E-5 3.3793E-5 3.56064E-5 4.04437E-5 1.25058E-5 1.80536E-5 3.03026E-5 3.03478E-5 1.65382E-5 4.76034E-5 4.71593E-5 1.23571E-5 1.23974E-5 2.03201E-5 1.92434E-5 2.15219E-5 2.06358E-5 1.35757E-5 2.15842E-5 2.35604E-5 1.7447E-5 1.43245E-5 1.31788E-5 1.53919E-5 2.10888E-5 2.93154E-5 2.70523E-5 3.53699E-5 2.8904E-5 4.29308E-5 1.41344E-4 2.13218E-4 2.1771E-4 2.09325E-4 1.86114E-4 2.22026E-4 2.39495E-4 -9999 -9999 -9999 -9999 -9999 -9999 -9999 -9999 -9999 -9999 -9999 -9999
3.187E-5 5.00187E-5 2.4275E-5 3.16566E-5 4.39809E-5 2.01601E-5 3.29449E-5 2.11544E-5 1.48977E-5 1.49291E-5 1.20385E-5 1.63072E-5 2.19436E-5 2.73232E-5 2.81003E-5 3.29501E-5 3.12342E-5 3.31459E-5 3.49654E-5 3.83805E-5 4.05998E-5 2.46628E-5 2.35951E-5 2.06587E-5 2.14925E-5 4.6436E-5 5.23342E-5 1.12056E-5 1.5929E-5 3.40807E-5 3.3053E-5 2.06982E-5 1.33023E-5 1.32385E-5 1.87149E-5 2.87548E-5 2.49024E-5 1.72302E-5 2.00934E-5 2.72394E-5 2.55432E-5 3.53811E-5 3.32731E-5 4.12904E-5 3.4704E-5 1.36034E-4 1.61044E-4 2.01981E-4 2.02898E-4 2.26912E-4 2.17988E-4 2.55581E-4 -9999 -9999 -9999 -9999 -9999 -9999 -9999 -9999 -9999 -9999 -9999 -9999 -9999
3.16259E-5 4.88146E-5 4.49618E-5 2.57724E-5 4.99126E-5 2.32649E-5 3.25162E-5 1.61785E-5 1.15756E-5 1.61877E-5 2.18073E-5 1.51411E-5 2.10429E-5 2.46408E-5 2.53296E-5 2.48186E-5 2.8194E-5 3.03251E-5 3.27078E-5 4.26199E-5 9.0729E-5 4.06294E-5 3.42241E-5 1.7865E-5 1.18825E-5 1.98352E-5 4.18044E-5 1.63955E-5 1.68752E-5 3.36152E-5 3.17209E-5 3.17587E-5 2.65366E-5 2.34974E-5 2.83323E-5 3.09012E-5 3.22274E-5 4.39733E-5 3.84441E-5 3.54495E-5 1.94895E-5 3.9593E-5 4.06261E-5 3.69458E-5 1.14184E-4 1.33886E-4 2.2716E-4 2.36849E-4 2.13461E-4 1.88279E-4 -9999 -9999 -9999 -9999 -9999 -9999 -9999 -9999 -9999 -9999 -9999 -9999 -9999 -9999 -9999
2.78281E-5 3.50363E-5 2.66366E-5 2.20814E-5 2.23649E-5 1.682E-5 2.30917E-5 1.45332E-5 1.58465E-5 1.65856E-5 1.92988E-5 1.69156E-5 1.92592E-5 1.90409E-5 2.01398E-5 2.30873E-5 2.63895E-5 2.36089E-5 2.49944E-5 2.74102E-5 6.49128E-5 4.19036E-5 4.29707E-5 2.68521E-5 1.87168E-5 1.65391E-5 2.25712E-5 5.03369E-5 3.79286E-5 1.77406E-5 1.76443E-5 1.52075E-5 3.44961E-5 2.79693E-5 3.73742E-5 3.63148E-5 4.21755E-5 3.69276E-5 3.84295E-5 2.43878E-5 2.09111E-5 3.6842E-5 2.12041E-4 2.11913E-4 2.19557E-4 2.20073E-4 2.38844E-4 2.53554E-4 2.10679E-4 -9999 -9999 -9999 -9999 -9999 -9999 -9999 -9999 -9999 -9999 -9999 -9999 -9999 -9999 -9999 -9999
3.4487E-5 2.83696E-5 2.69266E-5 2.1696E-5 3.34209E-5 1.57146E-5 2.44175E-5 1.9673E-5 2.12495E-5 1.9047E-5 2.40273E-5 1.98694E-5 2.74836E-5 3.16052E-5 3.02674E-5 2.43143E-5 2.26717E-5 3.0031E-5 2.18897E-5 4.01032E-5 4.32161E-5 4.16803E-5 4.40909E-5 5.83039E-5 5.24311E-5 5.96005E-5 7.92309E-5 8.16197E-5 7.62367E-5 2.22888E-5 2.05806E-5 1.81654E-5 2.17124E-5 2.58457E-5 2.25445E-5 2.37793E-5 3.38793E-5 8.55294E-5 4.07335E-5 1.28686E-4 1.63026E-4 1.37614E-4 1.47929E-4 2.04837E-4 2.22545E-4 1.51468E-4 3.02389E-4 -9999 -9999 -9999 -9999 -9999 -9999 -9999 -9999 -9999 -9999 -9999 -9999 -9999 -9999 -9999 -9999 -9999 -9999
1.65143E-5 1.80377E-5 1.20962E-5 2.44461E-5 1.44775E-5 1.10638E-5 8.6712E-6 8.61741E-6 1.41263E-5 2.887E-5 2.23791E-5 3.27018E-5 4.26027E-5 2.84323E-5 3.4223E-5 2.75076E-5 2.70253E-5 3.21173E-5 6.44756E-5 6.74661E-5 9.46659E-5 3.901E-5 8.63385E-5 1.01983E-4 8.07409E-5 6.63878E-5 6.38876E-5 8.79698E-5 7.42133E-5 5.36131E-5 6.04791E-5 3.86774E-5 9.88859E-5 1.12698E-4 1.61448E-4 1.49688E-4 1.58501E-4 2.26538E-4 1.70666E-4 1.64992E-4 2.00543E-4 1.46413E-4 1.36095E-4 2.84418E-4 2.65013E-4 2.36726E-4 -9999 -9999 -9999 -9999 -9999 -9999 -9999 -9999 -9999 -9999 -9999 -9999 -9999 -9999 -9999 -9999 -9999 -9999 -9999
1.8287E-5 1.08636E-5 9.88871E-6 1.3737E-5 7.81515E-6 9.51825E-6 9.90396E-6 1.18608E-5 1.14821E-5 2.91643E-5 4.57444E-5 4.43392E-5 1.54064E-5 1.94126E-5 3.60275E-5 2.76962E-5 3.44001E-5 9.59096E-5 1.05441E-4 8.62201E-5 6.98363E-5 4.86535E-5 2.80728E-5 4.36726E-5 4.73013E-5 6.28494E-5 5.48787E-5 7.17932E-5 4.13313E-5 4.81308E-5 5.54408E-5 3.71931E-5 4.6374E-5 1.44115E-4 1.40948E-4 1.2466E-4 1.03773E-4 1.89435E-4 1.86769E-4 1.61694E-4 1.92892E-4 1.52727E-4 1.45488E-4 2.29574E-4 3.11797E-4 -9999 -9999 -9999 -9999 -9999 -9999 -9999 -9999 -9999 -9999 -9999 -9999 -9999 -9999 -9999 -9999 -9999 -9999 -9999 -9999
1.4236E-5 1.12983E-5 1.04485E-5 9.33198E-6 1.03682E-5 9.04486E-6 8.71083E-6 1.17961E-5 2.24284E-5 1.8071E-5 4.54212E-5 2.31459E-5 1.4841E-5 2.82591E-5 9.04292E-5 4.36315E-5 9.53342E-5 9.93988E-5 1.0007E-4 8.24256E-5 8.3641E-5 8.24774E-5 4.33298E-5 4.03789E-5 4.19921E-5 4.66045E-5 4.04242E-5 5.51881E-5 5.52442E-5 5.77564E-5 5.9083E-5 8.17411E-5 7.00549E-5 1.35828E-4 1.41541E-4 1.38765E-4 1.32203E-4 2.39135E-4 2.70384E-4 2.3687E-4 2.33782E-4 2.67382E-4 1.70171E-4 3.42774E-4 -9999 -9999 -9999 -9999 -9999 -9999 -9999 -9999 -9999 -9999 -9999 -9999 -9999 -9999 -9999 -9999 -9999 -9999 -9999 -9999 -9999
1.52148E-5 1.39318E-5 1.17353E-5 1.05591E-5 8.42957E-6 6.81056E-6 7.33886E-6 7.36118E-6 7.58133E-6 7.12937E-6 1.26608E-5 1.92843E-5 3.99311E-5 5.97797E-5 9.01684E-5 9.19248E-5 8.35932E-5 8.37888E-5 5.22949E-5 3.63806E-5 4.36189E-5 7.81725E-5 4.69908E-5 4.23946E-5 2.55942E-5 5.38028E-5 7.04226E-5 5.40146E-5 6.48454E-5 7.91466E-5 8.89919E-5 1.2188E-4 8.84652E-5 7.50072E-5 9.41443E-5 1.05766E-4 2.16877E-4 2.8653E-4 2.2488E-4 2.93025E-4 2.57468E-4 2.05989E-4 1.87982E-4 3.91195E-4 -9999 -9999 -9999 -9999 -9999 -9999 -9999 -9999 -9999 -9999 -9999 -9999 -9999 -9999 -9999 -9999 -9999 -9999 -9999 -9999 -9999
1.038E-5 9.13274E-6 7.89572E-6 1.12735E-5 8.85057E-6 6.574E-6 1.12904E-5 7.85505E-6 6.82999E-6 7.93558E-6 1.35094E-5 2.9577E-5 7.29999E-5 7.97633E-5 4.65235E-5 3.81222E-5 4.00861E-5 2.344E-5 1.5403E-5 1.39708E-5 2.98978E-5 6.07242E-5 4.17093E-5 4.0379E-5 3.62153E-5 5.32296E-5 8.19084E-5 5.73454E-5 6.04271E-5 6.32981E-5 7.06998E-5 1.93064E-4 2.44769E-4 3.0281E-4 2.43813E-4 1.51869E-4 2.10184E-4 2.85067E-4 2.94373E-4 2.45483E-4 3.29653E-4 2.20477E-4 1.97005E-4 2.97238E-4 4.69919E-4 -9999 -9999 -9999 -9999 -9999 -9999 -9999 -9999 -9999 -9999 -9999 -9999 -9999 -9999 -9999 -9999 -9999 -9999 -9999 -9999
1.0547E-5 1.85483E-5 9.98862E-6 6.81654E-6 6.45684E-6 1.23625E-5 1.62016E-5 1.81964E-5 9.39965E-6 1.12147E-5 1.44911E-5 1.89013E-5 1.32725E-5 1.30273E-5 1.165E-5 2.21488E-5 3.64836E-5 1.605E-5 1.26935E-5 1.00316E-5 2.31421E-5 1.92876E-5 3.87845E-5 4.26516E-5 5.67909E-5 5.12384E-5 5.38457E-5 5.47571E-5 6.20828E-5 7.10223E-5 1.57028E-4 2.61838E-4 3.50049E-4 3.84804E-4 2.76903E-4 1.53852E-4 1.5685E-4 1.89558E-4 2.70833E-4 3.39703E-4 3.50584E-4 3.76022E-4 4.21401E-4 4.58544E-4 2.67284E-4 -9999 -9999 -9999 -9999 -9999 -9999 -9999 -9999 -9999 -9999 -9999 -9999 -9999 -9999 -9999 -9999 -9999 -9999 -9999 -9999
1.43465E-5 1.69778E-5 1.34601E-5 6.80129E-6 9.2482E-6 6.86766E-6 7.37087E-6 5.62598E-6 9.8956E-6 1.06635E-5 2.28235E-5 1.35314E-5 1.45297E-5 2.26702E-5 2.57539E-5 2.52964E-5 3.26517E-5 1.82335E-5 8.40067E-6 1.54619E-5 2.80484E-5 3.63209E-5 4.4126E-5 4.30628E-5 6.75188E-5 5.82466E-5 5.37194E-5 6.06041E-5 7.31329E-5 1.87636E-4 2.70999E-4 3.63499E-4 2.27288E-4 3.7856E-4 2.3564E-4 1.55547E-4 1.58302E-4 2.365E-4 2.47892E-4 3.75099E-4 3.9114E-4 4.14673E-4 4.57782E-4 4.88761E-4 4.13478E-4 -9999 -9999 -9999 -9999 -9999 -9999 -9999 -9999 -9999 -9999 -9999 -9999 -9999 -9999 -9999 -9999 -9999 -9999 -9999 -9999
1.89474E-5 1.2548E-5 7.626E-6 7.71589E-6 7.64738E-6 6.86357E-6 5.77655E-6 4.93596E-6 4.87433E-6 8.96258E-6 3.31356E-5 2.60971E-5 2.46066E-5 5.2753E-5 3.98175E-5 4.17612E-5 6.33159E-5 5.3492E-5 2.87112E-5 4.72972E-5 3.71152E-5 4.14525E-5 8.15208E-5 4.0088E-5 5.91802E-5 9.38141E-5 1.55784E-4 1.71615E-4 1.58041E-4 2.15568E-4 1.80377E-4 3.31443E-4 3.13615E-4 3.42229E-4 3.23742E-4 3.00122E-4 2.50076E-4 2.09144E-4 3.72327E-4 4.03117E-4 4.26927E-4 4.57014E-4 4.12527E-4 5.05303E-4 -9999 -9999 -9999 -9999 -9999 -9999 -9999 -9999 -9999 -9999 -9999 -9999 -9999 -9999 -9999 -9999 -9999 -9999 -9999 -9999 -9999
2.82456E-5 1.27138E-5 9.17633E-6 8.60358E-6 8.84106E-6 3.51493E-6 2.69251E-6 5.55329E-6 4.2601E-6 4.81632E-6 4.90603E-6 4.59417E-6 1.26984E-5 1.44284E-5 1.33085E-5 2.13063E-5 7.19286E-5 6.56716E-5 7.8978E-5 4.72633E-5 7.26985E-5 8.93356E-5 8.91749E-5 9.34214E-5 5.86786E-5 1.01305E-4 1.14118E-4 1.17137E-4 9.41445E-5 1.87625E-4 2.11982E-4 1.48723E-4 1.79949E-4 3.30278E-4 3.78541E-4 3.18223E-4 2.31763E-4 3.11965E-4 3.34914E-4 4.27755E-4 3.33517E-4 3.45462E-4 -9999 -9999 -9999 -9999 -9999 -9999 -9999 -9999 -9999 -9999 -9999 -9999 -9999 -9999 -9999 -9999 -9999 -9999 -9999 -9999 -9999 -9999 -9999
