catData/rasterBestHybridModels/Pviverrinus/RD_BM01_RM1.5_H/Pviverrinus_min.asc
ncols         409
nrows         350
xllcorner     60.897278365
yllcorner     5.843756025
cellsize      0.0892857
NODATA_value  -9999
[rows 116 to 144 of 350, columns 198 to 263 of 409]
2.53894E-5 2.25594E-5 4.56534E-5 5.44039E-5 4.62813E-5 5.91927E-5 5.82965E-5 5.70063E-5 5.7029E-5 5.3987E-5 5.54067E-5 6.03881E-5 5.92466E-5 6.03108E-5 6.20423E-5 6.46886E-5 7.6091E-5 8.21563E-5 1.01245E-4 9.10621E-5 9.23264E-5 1.00279E-4 9.94328E-5 1.02081E-4 1.11316E-4 1.13311E-4 1.19172E-4 1.16641E-4 1.43617E-4 1.45246E-4 1.31559E-4 1.39394E-4 1.44979E-4 1.51715E-4 1.57143E-4 1.6241E-4 1.61102E-4 1.7035E-4 1.4981E-4 7.90209E-5 1.24321E-4 1.9332E-4 2.31859E-4 1.76968E-4 2.04366E-4 2.38527E-4 2.33122E-4 2.36448E-4 2.03249E-4 2.08638E-4 1.95221E-4 1.89924E-4 2.43032E-4 2.54873E-4 3.13521E-4 2.58077E-4 1.50018E-4 1.33211E-4 2.56116E-4 3.38647E-4 2.99829E-4 3.12665E-4 3.31275E-4 3.39601E-4 3.61393E-4 3.37803E-4
2.18864E-5 2.66143E-5 4.49771E-5 4.29119E-5 4.47863E-5 4.76799E-5 4.27816E-5 5.9638E-5 5.67194E-5 5.72094E-5 7.64724E-5 5.62082E-5 5.79367E-5 5.67435E-5 5.88757E-5 6.05283E-5 6.43599E-5 7.82703E-5 7.52443E-5 8.06558E-5 8.24923E-5 8.39669E-5 9.8477E-5 9.56831E-5 1.00659E-4 9.75506E-5 1.01788E-4 1.10553E-4 1.34791E-4 1.23979E-4 1.25868E-4 9.2727E-5 1.27449E-4 1.0419E-4 1.46766E-4 1.49405E-4 1.41553E-4 1.56583E-4 1.49301E-4 1.77005E-4 1.15788E-4 1.073E-4 1.29024E-4 1.87829E-4 2.48013E-4 2.03611E-4 2.32774E-4 1.98019E-4 2.1829E-4 1.97339E-4 2.06977E-4 1.54122E-4 2.12214E-4 2.46349E-4 2.27287E-4 2.49918E-4 2.28839E-4 1.18159E-4 1.67224E-4 2.56599E-4 1.75215E-4 1.50471E-4 3.09537E-4 3.12618E-4 2.80828E-4 3.39662E-4
4.05124E-5 4.01903E-5 4.24955E-5 4.49567E-5 2.55101E-5 2.76498E-5 4.62206E-5 4.77546E-5 5.97239E-5 5.46418E-5 5.93398E-5 4.09582E-5 5.71925E-5 5.76031E-5 5.36322E-5 5.62266E-5 6.10852E-5 6.81828E-5 8.52184E-5 8.17471E-5 5.57949E-5 7.60283E-5 8.8724E-5 6.58941E-5 9.36356E-5 9.15298E-5 1.01684E-4 1.15198E-4 1.28261E-4 1.34878E-4 1.35223E-4 1.35938E-4 1.39611E-4 1.41004E-4 1.26491E-4 6.34129E-5 1.40034E-4 1.4523E-4 1.38519E-4 1.46663E-4 1.69601E-4 1.80244E-4 1.55474E-4 7.69488E-5 1.00168E-4 1.8947E-4 2.51646E-4 2.42083E-4 2.16913E-4 2.20342E-4 2.06657E-4 1.76628E-4 1.82666E-4 1.91001E-4 9.58656E-5 2.26463E-4 1.50866E-4 2.24613E-4 2.51344E-4 2.41697E-4 2.59346E-4 2.30527E-4 2.8643E-4 2.84896E-4 2.68269E-4 3.17504E-4
4.13046E-5 3.88147E-5 2.26971E-5 1.35701E-5 3.63978E-5 1.76872E-5 2.79922E-5 3.08963E-5 2.67874E-5 3.14566E-5 5.0031E-5 5.43085E-5 5.42595E-5 5.56547E-5 5.68085E-5 5.82248E-5 5.91368E-5 7.10575E-5 7.44268E-5 4.79298E-5 5.867E-5 7.78289E-5 7.99211E-5 8.63594E-5 9.02048E-5 9.49836E-5 9.30463E-5 1.00977E-4 1.19767E-4 1.16194E-4 1.15461E-4 1.17362E-4 1.31323E-4 1.33518E-4 1.35179E-4 1.29483E-4 6.22868E-5 1.23038E-4 1.40221E-4 1.37649E-4 1.53555E-4 1.42361E-4 1.57819E-4 1.0962E-4 9.72122E-5 9.41346E-5 8.53633E-5 1.44868E-4 1.70584E-4 2.28393E-4 1.5476E-4 1.82638E-4 1.91457E-4 2.09352E-4 1.77783E-4 1.66992E-4 1.76949E-4 1.9789E-4 1.98228E-4 2.12831E-4 2.12492E-4 2.11116E-4 2.31885E-4 2.23649E-4 2.47615E-4 2.43134E-4
3.40438E-5 3.83989E-5 2.23244E-5 2.48562E-5 2.22798E-5 2.31392E-5 2.49246E-5 5.568E-5 4.36807E-5 2.6358E-5 3.34548E-5 2.70409E-5 5.847E-5 5.71577E-5 4.15592E-5 4.22369E-5 6.21024E-5 6.77671E-5 7.15208E-5 7.63955E-5 8.13396E-5 8.00185E-5 7.63633E-5 7.75926E-5 8.03932E-5 8.55015E-5 3.85174E-5 4.55112E-5 1.0316E-4 1.11375E-4 1.11568E-4 1.12004E-4 1.13249E-4 1.15215E-4 1.16269E-4 1.17283E-4 8.75315E-5 1.21721E-4 1.24476E-4 7.07779E-5 1.47488E-4 1.31358E-4 1.36144E-4 1.51924E-4 1.27109E-4 1.02345E-4 1.01764E-4 9.07739E-5 1.19413E-4 7.65538E-5 1.92559E-4 1.93655E-4 2.25294E-4 2.40395E-4 1.79283E-4 1.68105E-4 2.48632E-4 1.78456E-4 1.11948E-4 1.96008E-4 1.96273E-4 2.33794E-4 1.85225E-4 2.28133E-4 2.7328E-4 2.84124E-4
2.48022E-5 3.02618E-5 2.26939E-5 2.38825E-5 2.45545E-5 1.9642E-5 2.49774E-5 4.37278E-5 4.4268E-5 2.50104E-5 2.67198E-5 2.58687E-5 5.23818E-5 6.02734E-5 5.75794E-5 2.73258E-5 5.9266E-5 6.14396E-5 6.98134E-5 7.47794E-5 7.61341E-5 7.24642E-5 9.12523E-5 7.83964E-5 7.7864E-5 7.68552E-5 3.1396E-5 6.39518E-5 9.67218E-5 5.08837E-5 8.26937E-5 1.06804E-4 1.14975E-4 1.16992E-4 1.1772E-4 1.19401E-4 5.31138E-5 5.02248E-5 1.29176E-4 4.52119E-5 6.41891E-5 1.38437E-4 1.15073E-4 1.26669E-4 1.49596E-4 1.59079E-4 1.53839E-4 1.4663E-4 1.71643E-4 1.55269E-4 1.63621E-4 1.71582E-4 9.89632E-5 1.83775E-4 2.30597E-4 2.3758E-4 1.77188E-4 2.37238E-4 2.33111E-4 1.08853E-4 2.07934E-4 2.00384E-4 2.22637E-4 2.67782E-4 1.66141E-4 2.84059E-4
1.99688E-5 1.97389E-5 1.75845E-5 1.85025E-5 1.80569E-5 2.44019E-5 1.8398E-5 2.62988E-5 4.53873E-5 2.71815E-5 3.93635E-5 2.03699E-5 2.92679E-5 5.61893E-5 4.34435E-5 4.37021E-5 5.50315E-5 5.86241E-5 6.65708E-5 6.46878E-5 7.9458E-5 8.85753E-5 7.55813E-5 6.71696E-5 4.08029E-5 2.09039E-5 1.31196E-5 4.27765E-5 9.59343E-5 9.89563E-5 1.15336E-4 1.10853E-4 1.00082E-4 1.0091E-4 1.02218E-4 1.13669E-4 1.17441E-4 1.22226E-4 9.20458E-5 8.91207E-5 1.2977E-4 1.11968E-4 1.31494E-4 1.39638E-4 1.34041E-4 1.45423E-4 1.33227E-4 1.42677E-4 1.49812E-4 1.68498E-4 1.59222E-4 1.6787E-4 1.65498E-4 2.04642E-4 1.94852E-4 1.95076E-4 1.82432E-4 1.99295E-4 1.83395E-4 2.01334E-4 2.31987E-4 9.73125E-5 2.24816E-4 2.29489E-4 2.3761E-4 2.6252E-4
1.79413E-5 2.17815E-5 1.76618E-5 1.88405E-5 1.89064E-5 1.83463E-5 1.87812E-5 2.15872E-5 1.96876E-5 2.03316E-5 5.00974E-5 3.08533E-5 2.35445E-5 2.07695E-5 4.95799E-5 4.11503E-5 5.44162E-5 5.7554E-5 6.0174E-5 6.37985E-5 7.26021E-5 8.39502E-5 8.71408E-5 8.33707E-5 7.24198E-5 3.81995E-5 4.51007E-5 1.07747E-4 9.2313E-5 9.79835E-5 1.04316E-4 1.12463E-4 1.04683E-4 6.65991E-5 8.65999E-5 1.04734E-4 5.67954E-5 1.08628E-4 8.59034E-5 1.15931E-4 1.26595E-4 1.19821E-4 1.13757E-4 1.31E-4 1.23705E-4 1.38062E-4 1.3127E-4 1.38397E-4 1.55689E-4 1.42483E-4 1.42107E-4 1.45011E-4 1.44731E-4 1.5362E-4 9.67607E-5 1.75326E-4 1.64043E-4 7.19255E-5 8.38235E-5 1.5381E-4 1.69493E-4 2.25486E-4 1.90128E-4 1.02598E-4 2.0902E-4 2.0466E-4
3.08321E-5 2.54002E-5 2.39117E-5 1.88311E-5 2.00397E-5 2.60366E-5 2.1174E-5 2.47012E-5 4.42663E-5 2.17166E-5 1.97515E-5 4.54847E-5 1.95131E-5 3.55059E-5 3.33409E-5 3.92691E-5 4.02496E-5 2.66019E-5 6.0404E-5 2.9653E-5 6.96653E-5 3.85842E-5 7.93019E-5 8.39158E-5 7.67291E-5 5.95243E-5 8.26395E-5 8.19305E-5 1.04069E-4 1.14766E-4 1.03876E-4 4.77205E-5 7.49804E-5 1.02198E-4 3.62015E-5 9.78021E-5 5.54819E-5 5.79028E-5 5.94941E-5 1.22401E-4 1.23415E-4 1.20074E-4 1.2234E-4 1.16301E-4 1.23005E-4 1.34003E-4 1.38478E-4 1.28726E-4 1.3195E-4 1.43513E-4 1.48526E-4 1.43313E-4 1.42679E-4 1.28228E-4 1.6882E-4 1.25158E-4 1.64932E-4 1.40669E-4 1.34992E-4 1.23758E-4 1.6092E-4 1.61478E-4 1.99811E-4 1.05776E-4 1.56176E-4 2.21757E-4
2.35835E-5 1.70619E-5 2.40633E-5 1.85635E-5 2.0177E-5 4.14617E-5 2.86258E-5 1.88769E-5 4.34029E-5 2.48223E-5 1.96657E-5 2.05064E-5 2.43073E-5 2.41437E-5 2.43273E-5 2.32222E-5 2.42325E-5 3.92327E-5 4.92883E-5 2.68301E-5 3.09019E-5 6.38566E-5 6.8078E-5 7.00073E-5 3.42192E-5 6.99063E-5 7.35648E-5 7.99859E-5 8.12925E-5 8.26146E-5 9.64949E-5 1.1333E-4 8.11914E-5 6.94691E-5 2.6297E-5 4.3184E-5 3.90596E-5 5.4023E-5 5.73218E-5 5.77486E-5 1.17371E-4 1.10081E-4 1.0988E-4 1.10653E-4 1.21267E-4 1.26323E-4 1.2039E-4 1.31373E-4 6.43527E-5 1.02104E-4 1.37905E-4 1.41788E-4 1.365E-4 1.38158E-4 1.39417E-4 1.53949E-4 1.45735E-4 1.38155E-4 9.59267E-5 1.51974E-4 1.55682E-4 1.30871E-4 1.91017E-4 1.80872E-4 2.08142E-4 2.35855E-4
2.3814E-5 1.77048E-5 2.04513E-5 1.94736E-5 3.74564E-5 2.45804E-5 2.01281E-5 1.81135E-5 1.88156E-5 1.87862E-5 1.86648E-5 1.85991E-5 1.78226E-5 2.43814E-5 1.96556E-5 2.41855E-5 2.25266E-5 2.25361E-5 2.47872E-5 3.82671E-5 2.64328E-5 5.04178E-5 4.7681E-5 6.8166E-5 6.63859E-5 5.14121E-5 7.22765E-5 7.19984E-5 4.07699E-5 3.13817E-5 6.32752E-5 9.51514E-5 1.10171E-4 7.7097E-5 4.67448E-5 4.67416E-5 1.12041E-4 1.06419E-4 1.08087E-4 1.06392E-4 8.42838E-5 1.12097E-4 1.11549E-4 1.13601E-4 1.21471E-4 1.24304E-4 1.30224E-4 1.19835E-4 4.31365E-5 4.8324E-5 1.29106E-4 1.32507E-4 1.36222E-4 1.39458E-4 1.43356E-4 1.44228E-4 1.27003E-4 1.21899E-4 1.32655E-4 1.33276E-4 1.2545E-4 1.44802E-4 1.09753E-4 1.45837E-4 1.06939E-4 8.17919E-5
2.77812E-5 1.32807E-5 1.98052E-5 1.81387E-5 2.01104E-5 1.34309E-5 1.11083E-5 1.85097E-5 1.14667E-5 1.66085E-5 1.89301E-5 1.67306E-5 1.73814E-5 3.36562E-5 2.41152E-5 2.1522E-5 3.07644E-5 3.03942E-5 2.28264E-5 1.87604E-5 1.98097E-5 2.44659E-5 5.29376E-5 2.91352E-5 5.77353E-5 3.30121E-5 6.42511E-5 6.84607E-5 3.65165E-5 3.43211E-5 8.40928E-5 3.98822E-5 1.07929E-4 1.06919E-4 4.65281E-5 7.68001E-5 1.04904E-4 4.9828E-5 1.07885E-4 1.06986E-4 1.05781E-4 5.16981E-5 1.0873E-4 1.18724E-4 1.17038E-4 8.05324E-5 6.18083E-5 1.1706E-4 1.21881E-4 1.19453E-4 5.09325E-5 1.24573E-4 1.2131E-4 1.34229E-4 1.19703E-4 1.30304E-4 1.21051E-4 1.11051E-4 1.17466E-4 1.10235E-4 1.09263E-4 1.32918E-4 1.4397E-4 1.49879E-4 1.40906E-4 1.72609E-4
1.4733E-5 1.69807E-5 1.44989E-5 1.68466E-5 1.13761E-5 7.81336E-6 9.38236E-6 1.02955E-5 1.15218E-5 1.77205E-5 1.68448E-5 1.64312E-5 1.72892E-5 2.22845E-5 2.86692E-5 1.90733E-5 2.74441E-5 1.86108E-5 2.95897E-5 1.99759E-5 3.63605E-5 3.9467E-5 5.1594E-5 2.35998E-5 2.70187E-5 2.20767E-5 4.4293E-5 3.17639E-5 6.73445E-5 7.59522E-5 8.29433E-5 4.33398E-5 1.03441E-4 6.91857E-5 1.0003E-4 1.01425E-4 1.07372E-4 9.68758E-5 1.09374E-4 1.02863E-4 8.35094E-5 4.99039E-5 1.04096E-4 1.11901E-4 1.14112E-4 1.17412E-4 1.1055E-4 1.09934E-4 1.1967E-4 1.22237E-4 1.15158E-4 1.23017E-4 1.23464E-4 1.23137E-4 1.20185E-4 1.10343E-4 1.15808E-4 1.0756E-4 1.03617E-4 9.91934E-5 7.49704E-5 1.0207E-4 7.8922E-5 1.1172E-4 1.17583E-4 1.11947E-4
1.31985E-5 2.99654E-5 1.95399E-5 1.47201E-5 7.97633E-6 1.43297E-5 1.52525E-5 1.0282E-5 1.21783E-5 1.46136E-5 1.703E-5 1.98918E-5 1.48873E-5 1.77343E-5 1.68193E-5 2.75685E-5 2.85796E-5 2.89876E-5 2.96457E-5 1.94679E-5 4.3175E-5 2.38851E-5 2.36267E-5 2.5632E-5 2.12394E-5 2.02784E-5 2.63103E-5 2.44636E-5 3.12742E-5 5.67849E-5 7.84655E-5 6.21109E-5 6.34978E-5 3.89074E-5 4.30066E-5 9.68897E-5 4.55143E-5 9.87817E-5 8.80448E-5 1.07543E-4 1.08242E-4 1.07573E-4 1.00374E-4 1.09285E-4 1.09461E-4 1.13381E-4 1.13124E-4 1.23055E-4 1.15951E-4 1.21879E-4 1.1901E-4 1.1783E-4 1.17226E-4 1.07983E-4 1.12402E-4 1.30018E-4 9.87717E-5 1.00304E-4 6.98308E-5 1.00472E-4 9.05875E-5 9.00336E-5 9.77077E-5 1.0106E-4 1.04754E-4 1.10068E-4
1.88517E-5 1.33738E-5 1.24501E-5 1.35099E-5 1.50966E-5 1.39002E-5 1.32937E-5 8.37715E-6 1.05522E-5 1.56464E-5 2.112E-5 1.80233E-5 1.19925E-5 1.56436E-5 1.67877E-5 3.12404E-5 3.08882E-5 3.21095E-5 3.84924E-5 2.31653E-5 5.21431E-5 2.92528E-5 2.15966E-5 2.15878E-5 2.61131E-5 5.28754E-5 2.75471E-5 2.57595E-5 3.19115E-5 8.73113E-5 4.24764E-5 8.4303E-5 8.60116E-5 8.82935E-5 8.70064E-5 4.69409E-5 8.04069E-5 9.26772E-5 8.65278E-5 8.01059E-5 8.57739E-5 9.78484E-5 9.7154E-5 1.06516E-4 1.08027E-4 1.0523E-4 1.18512E-4 1.1954E-4 1.20039E-4 8.5084E-5 1.14895E-4 1.14508E-4 1.1203E-4 1.09116E-4 1.2801E-4 1.04024E-4 8.31656E-5 8.85295E-5 9.37604E-5 9.06957E-5 8.93374E-5 4.87028E-5 4.22546E-5 4.37989E-5 5.77638E-5 5.38744E-5
1.11349E-5 1.42361E-5 1.2013E-5 1.54314E-5 1.54417E-5 2.93114E-5 1.34928E-5 1.41364E-5 1.79442E-5 1.39115E-5 1.39881E-5 1.46594E-5 1.48895E-5 1.01491E-5 2.6908E-5 1.97287E-5 3.65876E-5 3.66599E-5 1.61358E-5 2.53267E-5 3.14609E-5 3.11209E-5 3.02688E-5 5.26906E-5 4.33945E-5 4.47851E-5 2.47629E-5 3.63572E-5 3.11916E-5 6.76381E-5 6.86952E-5 7.63858E-5 8.41905E-5 8.03722E-5 8.39485E-5 4.88122E-5 4.62749E-5 4.45931E-5 4.20965E-5 4.40566E-5 9.10771E-5 1.00377E-4 1.04715E-4 1.07205E-4 1.02553E-4 1.05586E-4 1.20849E-4 1.24503E-4 1.25154E-4 1.22737E-4 1.2171E-4 1.12878E-4 8.2247E-5 5.98806E-5 8.56276E-5 9.93427E-5 9.65849E-5 9.41906E-5 9.319E-5 4.84397E-5 4.245E-5 4.86668E-5 4.18558E-5 4.26974E-5 4.33081E-5 4.38234E-5
1.02388E-5 1.06721E-5 1.19575E-5 1.17864E-5 1.54089E-5 3.27046E-5 1.52416E-5 1.60844E-5 2.01629E-5 2.45556E-5 1.76463E-5 1.86768E-5 1.54777E-5 1.56471E-5 2.0031E-5 2.08278E-5 1.58514E-5 1.89691E-5 9.5569E-6 1.45059E-5 5.45248E-5 5.59366E-5 5.64853E-5 2.49782E-5 2.18119E-5 2.97115E-5 2.48606E-5 2.66089E-5 2.39186E-5 2.52499E-5 2.50593E-5 3.50206E-5 2.98227E-5 2.36337E-5 2.76648E-5 4.07705E-5 8.42237E-5 7.80283E-5 6.16611E-5 9.98779E-5 1.04345E-4 7.00812E-5 9.50255E-5 1.00947E-4 1.05638E-4 1.03692E-4 1.18674E-4 1.25153E-4 1.39958E-4 1.06661E-4 7.39073E-5 1.0782E-4 1.04475E-4 1.00865E-4 9.85456E-5 7.32168E-5 9.4389E-5 7.21987E-5 6.00448E-5 4.97505E-5 5.52438E-5 4.2372E-5 4.22859E-5 4.27667E-5 4.29207E-5 4.24648E-5
1.22373E-5 1.08552E-5 1.00442E-5 1.18423E-5 1.48731E-5 2.78511E-5 2.78713E-5 1.4364E-5 1.5664E-5 1.47711E-5 1.51323E-5 2.40028E-5 2.41503E-5 3.72862E-5 3.10113E-5 1.45199E-5 1.38114E-5 1.30562E-5 1.75212E-5 1.0392E-5 1.6219E-5 3.15337E-5 4.28739E-5 4.02595E-5 2.46747E-5 3.9905E-5 2.8316E-5 2.25497E-5 2.95044E-5 2.45291E-5 2.28003E-5 2.08703E-5 2.18361E-5 2.51616E-5 2.60632E-5 3.06625E-5 3.20264E-5 2.98234E-5 2.61908E-5 3.25645E-5 4.2563E-5 4.10206E-5 3.87995E-5 4.34989E-5 4.95034E-5 1.23076E-4 1.0658E-4 1.1322E-4 1.32064E-4 1.08991E-4 9.78643E-5 7.23775E-5 9.33543E-5 9.29453E-5 9.6155E-5 7.43573E-5 9.83637E-5 5.64562E-5 4.36759E-5 4.3174E-5 4.34357E-5 4.34457E-5 4.35253E-5 5.06193E-5 4.34397E-5 7.01179E-5
1.23363E-5 1.60808E-5 1.29262E-5 9.8106E-6 1.30617E-5 1.40827E-5 1.53614E-5 2.60219E-5 1.66888E-5 3.15833E-5 2.33156E-5 2.35246E-5 2.62833E-5 2.30019E-5 2.05844E-5 1.30139E-5 1.74203E-5 1.50628E-5 1.08414E-5 1.66597E-5 5.36244E-5 2.26598E-5 2.35733E-5 2.34188E-5 2.42286E-5 2.83065E-5 1.99077E-5 2.03929E-5 1.90981E-5 2.13982E-5 2.39439E-5 1.96589E-5 2.39682E-5 2.91677E-5 2.72992E-5 2.93293E-5 2.57102E-5 2.26993E-5 2.39249E-5 2.29442E-5 2.79146E-5 2.60705E-5 2.70982E-5 3.23385E-5 3.74673E-5 3.82714E-5 3.59992E-5 3.58417E-5 3.823E-5 5.85862E-5 5.36699E-5 4.73086E-5 7.34342E-5 7.96649E-5 9.83582E-5 9.41E-5 5.2665E-5 9.6926E-5 1.01231E-4 4.40137E-5 4.42635E-5 4.4252E-5 4.41978E-5 4.30597E-5 1.12005E-4 4.36174E-5
1.28882E-5 1.41293E-5 1.29965E-5 1.12732E-5 1.36102E-5 1.51195E-5 1.2618E-5 1.14367E-5 1.90143E-5 2.38886E-5 1.73195E-5 2.49873E-5 1.51856E-5 6.91252E-6 5.53635E-6 6.00475E-6 1.5791E-5 1.82263E-5 2.74045E-5 2.73505E-5 2.57303E-5 2.75907E-5 2.418E-5 1.91692E-5 1.73641E-5 1.79413E-5 1.77377E-5 1.86344E-5 2.62104E-5 2.02391E-5 2.35923E-5 2.63559E-5 4.55992E-5 3.30775E-5 4.8001E-5 2.98243E-5 2.92867E-5 2.63549E-5 6.04941E-5 2.83096E-5 2.09529E-5 2.32781E-5 1.06059E-5 1.19709E-5 2.27558E-5 3.27084E-5 3.48742E-5 2.98591E-5 3.03419E-5 3.55745E-5 4.58429E-5 4.41574E-5 3.35417E-5 4.43389E-5 6.95888E-5 5.12812E-5 1.01021E-4 5.85992E-5 1.044E-4 9.4267E-5 5.308E-5 8.28748E-5 4.87843E-5 1.0647E-4 4.84924E-5 6.11481E-5
1.43105E-5 1.34228E-5 1.34955E-5 1.21876E-5 1.1682E-5 1.34722E-5 1.87189E-5 1.13131E-5 2.03205E-5 1.90378E-5 1.80963E-5 1.6737E-5 7.40909E-6 5.67261E-6 6.32232E-6 6.4378E-6 1.38712E-5 1.58448E-5 1.93572E-5 1.94565E-5 1.7745E-5 2.36369E-5 1.87808E-5 1.82042E-5 1.69109E-5 2.11831E-5 1.54121E-5 1.97983E-5 1.84941E-5 1.83182E-5 3.0865E-5 2.00305E-5 2.04452E-5 2.17397E-5 2.30933E-5 2.18106E-5 2.1893E-5 2.68953E-5 2.75354E-5 2.46854E-5 2.29357E-5 1.3464E-5 1.05616E-5 1.44891E-5 2.24069E-5 2.92897E-5 3.71974E-5 2.81592E-5 4.35381E-5 3.01711E-5 4.15698E-5 2.92175E-5 4.16699E-5 6.364E-5 4.43576E-5 4.55312E-5 2.19934E-5 1.02179E-4 4.6104E-5 9.7355E-5 7.85262E-5 4.48641E-5 1.0692E-4 9.18379E-5 6.24626E-5 5.87072E-5
7.18255E-6 1.67308E-5 1.52164E-5 1.40862E-5 1.32265E-5 1.55915E-5 1.50528E-5 1.31484E-5 1.90097E-5 1.67347E-5 1.56356E-5 1.76774E-5 1.33127E-5 6.02818E-6 6.49094E-6 6.98122E-6 7.42207E-6 1.06499E-5 8.21521E-6 5.4381E-6 4.57506E-6 4.62892E-6 1.12483E-5 1.58504E-5 1.6507E-5 1.47555E-5 1.81445E-5 1.26267E-5 1.78315E-5 1.95423E-5 1.9691E-5 1.82434E-5 1.87219E-5 1.96778E-5 1.98262E-5 1.67333E-5 1.9563E-5 1.5633E-5 1.97506E-5 2.08682E-5 1.03151E-5 9.73725E-6 1.00135E-5 1.51109E-5 2.20107E-5 2.21594E-5 2.80301E-5 2.91698E-5 5.64774E-5 3.92919E-5 3.95335E-5 4.40694E-5 3.96472E-5 2.73353E-5 3.68451E-5 7.06971E-6 3.43066E-6 2.60813E-5 6.77446E-5 3.58135E-5 3.87528E-5 1.14053E-4 6.9511E-5 1.01509E-4 8.01525E-5 8.08787E-5
7.65353E-6 6.85892E-6 1.68132E-5 1.23889E-5 1.19962E-5 1.33011E-5 1.22106E-5 1.18804E-5 1.53633E-5 1.52538E-5 1.87267E-5 1.71737E-5 7.54148E-6 6.40304E-6 7.08146E-6 7.41179E-6 5.87343E-6 5.25182E-6 4.60997E-6 4.33206E-6 6.70634E-6 1.18933E-5 1.42913E-5 1.50795E-5 1.99159E-5 2.38459E-5 2.37714E-5 1.58237E-5 3.76757E-5 3.01435E-5 2.88339E-5 2.94017E-5 1.82328E-5 2.057E-5 1.86189E-5 1.65546E-5 1.64575E-5 2.64005E-5 1.39729E-5 1.13704E-5 1.1715E-5 9.13557E-6 8.87488E-6 9.25434E-6 1.78388E-5 2.28331E-5 2.72651E-5 2.80671E-5 5.5956E-5 5.18572E-5 4.93156E-5 5.7845E-5 5.79323E-5 2.20684E-5 2.22601E-5 2.82923E-6 2.44297E-6 2.48435E-6 8.33955E-6 2.50342E-5 3.02509E-5 4.44034E-5 5.24052E-5 8.33194E-5 1.05227E-4 1.12307E-4
8.14548E-6 8.26654E-6 1.39775E-5 1.67572E-5 1.26509E-5 1.32702E-5 1.16548E-5 1.10475E-5 3.24591E-6 8.01964E-6 3.80613E-6 3.66239E-6 4.13984E-6 5.95934E-6 6.36184E-6 5.74608E-6 5.40125E-6 4.75354E-6 4.36552E-6 4.31969E-6 5.86342E-6 1.13659E-5 1.16681E-5 3.64068E-5 1.56786E-5 1.57339E-5 1.59776E-5 1.58096E-5 1.80904E-5 2.75484E-5 1.90225E-5 2.07263E-5 2.82329E-5 1.92288E-5 2.03282E-5 1.64374E-5 1.82572E-5 1.74823E-5 1.11228E-5 1.15298E-5 1.25071E-5 1.55243E-5 9.73711E-6 4.44412E-6 6.15239E-6 5.07028E-6 1.23223E-5 2.41565E-5 2.5104E-5 2.42626E-5 2.30211E-5 4.36918E-5 3.30173E-5 1.99502E-5 3.17071E-5 1.30974E-5 3.52957E-6 7.0664E-6 1.16264E-5 3.13327E-5 3.78801E-5 8.75281E-5 9.54018E-5 1.1238E-4 1.16137E-4 1.06924E-4
6.82334E-6 6.67993E-6 6.51388E-6 6.64432E-6 1.19138E-5 1.2275E-5 1.32141E-5 1.4193E-5 7.14946E-6 3.52782E-6 3.61313E-6 3.74594E-6 3.47688E-6 3.70786E-6 4.50748E-6 5.11982E-6 6.37931E-6 4.55766E-6 5.09879E-6 5.4322E-6 5.38207E-6 1.25485E-5 1.23373E-5 1.19901E-5 1.4428E-5 1.63454E-5 1.71573E-5 1.58177E-5 2.05221E-5 1.87481E-5 6.65465E-5 2.90901E-5 6.31361E-5 1.90255E-5 2.17849E-5 1.81951E-5 1.48006E-5 1.64249E-5 1.15098E-5 1.73479E-5 1.72578E-5 2.8294E-5 1.05474E-5 5.42142E-6 4.53352E-6 6.09636E-6 7.35995E-6 1.77668E-5 3.53514E-5 2.20274E-5 3.14401E-5 2.97755E-5 2.87448E-5 3.21051E-5 4.4895E-5 1.25251E-5 1.78024E-5 7.30307E-6 4.07123E-5 8.08201E-5 5.37081E-5 1.02682E-4 9.34145E-5 1.09004E-4 1.1674E-4 1.02018E-4
6.6199E-6 6.59691E-6 6.39445E-6 7.27492E-6 1.02127E-5 1.37678E-5 1.27518E-5 1.41851E-5 8.7503E-6 3.34291E-6 3.44941E-6 4.02048E-6 3.49288E-6 3.18556E-6 4.44672E-6 7.97642E-6 7.40825E-6 6.80586E-6 7.33138E-6 7.18214E-6 8.06228E-6 1.28991E-5 1.34336E-5 1.69279E-5 1.1816E-5 1.23814E-5 1.46547E-5 1.12056E-5 1.49156E-5 1.97567E-5 5.05459E-5 2.20567E-5 2.13942E-5 1.97189E-5 1.78731E-5 1.39973E-5 1.5443E-5 1.52016E-5 1.22597E-5 1.96945E-5 1.95114E-5 1.48391E-5 5.34876E-6 4.80057E-6 4.77886E-6 4.72029E-6 1.44688E-5 2.00549E-5 2.09492E-5 2.37442E-5 3.74605E-5 3.78767E-5 3.82083E-5 2.47145E-5 2.25553E-5 3.6352E-5 2.94088E-5 3.7243E-5 8.54706E-5 9.16794E-5 7.20334E-5 4.34794E-5 7.10877E-5 7.37094E-5 4.96977E-5 7.1194E-5
7.36444E-6 7.61936E-6 6.73524E-6 6.97906E-6 7.80577E-6 1.2219E-5 7.79842E-6 7.41929E-6 3.89733E-6 6.95942E-6 3.74835E-6 3.76223E-6 3.32497E-6 3.51318E-6 3.86466E-6 7.05152E-6 7.78732E-6 7.00535E-6 7.08799E-6 7.40332E-6 4.90075E-6 1.14153E-5 1.43721E-5 2.8647E-5 1.60891E-5 1.23856E-5 1.11546E-5 1.16349E-5 1.8648E-5 2.19538E-5 2.08218E-5 2.00619E-5 2.1301E-5 3.35824E-5 1.45613E-5 1.32609E-5 1.32717E-5 1.45796E-5 1.23806E-5 1.44337E-5 1.73056E-5 1.74524E-5 4.36872E-6 4.25116E-6 4.39636E-6 4.55911E-6 1.17572E-5 1.67793E-5 1.92705E-5 2.29979E-5 2.62195E-5 3.52346E-5 2.55103E-5 2.29539E-5 2.58708E-5 3.465E-5 3.96029E-5 2.93504E-5 1.05312E-4 4.68067E-5 1.02138E-4 9.18629E-5 2.96665E-5 3.34049E-5 4.27124E-5 4.69379E-5
8.51115E-6 7.36025E-6 7.33825E-6 7.59355E-6 8.03942E-6 7.66249E-6 7.22648E-6 3.40562E-6 3.5778E-6 4.99528E-6 4.79104E-6 3.62964E-6 3.74834E-6 3.89401E-6 3.68445E-6 3.95801E-6 4.06953E-6 3.53207E-6 3.33744E-6 3.22947E-6 2.99576E-6 3.1069E-6 9.60176E-6 3.1059E-5 1.78644E-5 2.0548E-5 1.55722E-5 1.49763E-5 1.6232E-5 1.91616E-5 1.99491E-5 2.5059E-5 2.18274E-5 1.96788E-5 1.981E-5 1.45979E-5 1.44657E-5 1.2532E-5 1.37863E-5 9.5109E-6 7.59196E-6 9.56272E-6 9.56772E-6 4.78884E-6 4.4006E-6 4.39205E-6 4.73247E-6 1.79521E-5 2.21275E-5 3.19451E-5 2.99233E-5 3.09728E-5 3.04338E-5 2.43103E-5 2.64008E-5 3.64323E-5 4.03066E-5 4.19668E-5 4.27541E-5 6.24089E-5 4.19864E-5 9.86944E-5 2.53109E-5 2.76058E-5 2.98435E-5 6.22034E-5
8.29914E-6 7.80867E-6 8.56305E-6 8.11523E-6 7.80591E-6 3.39419E-6 3.25738E-6 3.4762E-6 3.77248E-6 4.85643E-6 4.93231E-6 5.09591E-6 3.63885E-6 3.85429E-6 3.66469E-6 3.45872E-6 3.20637E-6 3.08926E-6 3.08488E-6 3.11206E-6 3.04527E-6 3.10393E-6 3.3408E-6 1.8902E-5 1.69715E-5 1.85911E-5 1.68986E-5 1.58901E-5 1.8129E-5 2.44258E-5 1.39424E-5 5.02119E-6 6.42589E-6 2.74677E-5 1.2869E-5 1.05333E-5 1.51249E-5 1.28611E-5 8.50606E-6 7.69436E-6 7.33661E-6 7.46822E-6 7.54457E-6 7.11503E-6 5.14569E-6 4.94018E-6 2.25308E-5 3.49417E-5 3.81678E-5 3.96747E-5 4.22125E-5 4.38843E-5 2.2547E-5 2.86579E-5 1.83418E-5 9.04796E-5 3.09753E-5 3.9509E-5 8.22421E-5 1.00345E-4 3.80511E-5 4.08897E-5 6.22259E-5 6.45788E-5 4.05501E-5 3.57647E-5
