catData/rasterBestHybridModels/Pviverrinus/RD_BM01_RM1.5_H/Pviverrinus_max.asc
ncols         409
nrows         350
xllcorner     60.897278365
yllcorner     5.843756025
cellsize      0.0892857
NODATA_value  -9999
[rows 0 to 28 of 350, columns 132 to 197 of 409]
-9999 -9999 -9999 -9999 -9999 -9999 -9999 -9999 -9999 -9999 -9999 -9999 -9999 -9999 -9999 -9999 -9999 -9999 -9999 -9999 -9999 -9999 3.13927E-6 -9999 -9999 -9999 -9999 -9999 -9999 -9999 -9999 -9999 -9999 -9999 -9999 -9999 -9999 -9999 -9999 -9999 -9999 -9999 -9999 -9999 -9999 -9999 -9999 -9999 -9999 -9999 -9999 -9999 -9999 -9999 -9999 -9999 -9999 -9999 -9999 -9999 -9999 -9999 -9999 -9999 -9999 -9999
-9999 -9999 -9999 -9999 -9999 -9999 -9999 -9999 -9999 -9999 -9999 -9999 -9999 -9999 -9999 -9999 -9999 -9999 -9999 3.20722E-6 3.12851E-6 3.19743E-6 3.15381E-6 3.14293E-6 2.25014E-6 -9999 3.11466E-6 3.13255E-6 3.11945E-6 -9999 -9999 -9999 -9999 -9999 -9999 -9999 -9999 -9999 -9999 -9999 -9999 -9999 -9999 -9999 -9999 -9999 -9999 -9999 -9999 -9999 -9999 -9999 -9999 -9999 -9999 -9999 -9999 -9999 -9999 -9999 -9999 -9999 -9999 -9999 -9999 -9999
-9999 -9999 -9999 -9999 -9999 -9999 -9999 -9999 2.36794E-6 2.40366E-6 2.41432E-6 3.01032E-6 2.99315E-6 3.24006E-6 -9999 -9999 3.03651E-6 3.24743E-6 3.24065E-6 3.20943E-6 3.17867E-6 3.16008E-6 3.1488E-6 3.16363E-6 3.15022E-6 3.10911E-6 3.08945E-6 3.08881E-6 3.10081E-6 3.14147E-6 -9999 -9999 -9999 -9999 -9999 -9999 -9999 -9999 -9999 -9999 -9999 -9999 -9999 -9999 -9999 -9999 -9999 -9999 -9999 -9999 -9999 -9999 -9999 -9999 -9999 -9999 -9999 -9999 -9999 -9999 -9999 -9999 -9999 -9999 -9999 -9999
2.61154E-6 2.56371E-6 2.53812E-6 2.41856E-6 2.42906E-6 2.44787E-6 2.41812E-6 2.42544E-6 2.42987E-6 2.39927E-6 2.40245E-6 2.41252E-6 2.53179E-6 3.21518E-6 3.26419E-6 3.26965E-6 3.26627E-6 3.2255E-6 3.18188E-6 3.17244E-6 3.16666E-6 3.14933E-6 3.12649E-6 3.12322E-6 3.10972E-6 3.09675E-6 3.11446E-6 3.13602E-6 3.1344E-6 3.11768E-6 -9999 -9999 -9999 -9999 -9999 -9999 -9999 -9999 -9999 -9999 -9999 -9999 -9999 -9999 -9999 -9999 -9999 -9999 -9999 -9999 -9999 -9999 -9999 -9999 -9999 -9999 -9999 -9999 -9999 -9999 -9999 -9999 -9999 -9999 -9999 -9999
2.57149E-6 2.56251E-6 2.45692E-6 2.5165E-6 3.15399E-6 3.56488E-6 3.55933E-6 3.44802E-6 3.35601E-6 3.31606E-6 3.32656E-6 3.2986E-6 3.27209E-6 3.38353E-6 3.31233E-6 3.28171E-6 3.32984E-6 3.29379E-6 3.25877E-6 3.25847E-6 3.22618E-6 3.18709E-6 3.15804E-6 3.12741E-6 3.11643E-6 3.13384E-6 3.13133E-6 3.11507E-6 3.12212E-6 3.11796E-6 3.14461E-6 3.15416E-6 3.13996E-6 3.09571E-6 3.06356E-6 -9999 -9999 -9999 -9999 -9999 -9999 -9999 -9999 -9999 -9999 -9999 -9999 -9999 -9999 -9999 -9999 -9999 -9999 -9999 -9999 -9999 -9999 -9999 -9999 -9999 -9999 -9999 -9999 -9999 -9999 -9999
2.62081E-6 2.52726E-6 2.47736E-6 2.54628E-6 3.24326E-6 3.4856E-6 3.46605E-6 3.42594E-6 3.31325E-6 3.37163E-6 3.38863E-6 3.32786E-6 3.31019E-6 3.29849E-6 3.31324E-6 3.26564E-6 3.28918E-6 3.30559E-6 3.31928E-6 3.29854E-6 3.26329E-6 3.21159E-6 3.19753E-6 3.16719E-6 3.13448E-6 3.14279E-6 3.16899E-6 3.14333E-6 3.11653E-6 3.13327E-6 3.11658E-6 3.13831E-6 3.15332E-6 3.15779E-6 3.13659E-6 3.0641E-6 -9999 -9999 -9999 -9999 -9999 -9999 -9999 -9999 -9999 -9999 -9999 -9999 -9999 -9999 -9999 -9999 -9999 -9999 -9999 -9999 -9999 -9999 -9999 -9999 -9999 -9999 -9999 -9999 -9999 -9999
2.50161E-6 2.46635E-6 2.58411E-6 3.03856E-6 3.56666E-6 3.43827E-6 3.40668E-6 3.38241E-6 3.34131E-6 3.43006E-6 3.40168E-6 3.34977E-6 3.28123E-6 3.2866E-6 3.29327E-6 3.30011E-6 3.33053E-6 3.30461E-6 3.29244E-6 3.30847E-6 3.35311E-6 3.28545E-6 3.21865E-6 3.1899E-6 3.1719E-6 3.15956E-6 3.13516E-6 3.13538E-6 3.12912E-6 3.12968E-6 3.12278E-6 3.11261E-6 3.11303E-6 3.14112E-6 -9999 3.0962E-6 -9999 -9999 -9999 -9999 -9999 -9999 -9999 -9999 -9999 -9999 -9999 -9999 -9999 -9999 -9999 -9999 -9999 -9999 -9999 -9999 -9999 -9999 -9999 -9999 -9999 -9999 -9999 -9999 -9999 -9999
2.51986E-6 2.65547E-6 3.71071E-6 3.62352E-6 3.55352E-6 3.47475E-6 3.37892E-6 3.30165E-6 3.35508E-6 3.41947E-6 3.42659E-6 3.40846E-6 3.31611E-6 3.27536E-6 3.33448E-6 3.36083E-6 3.34212E-6 3.30799E-6 3.28779E-6 3.30166E-6 3.29716E-6 3.31244E-6 3.28153E-6 3.22678E-6 3.19522E-6 3.16436E-6 3.177E-6 3.17419E-6 3.13922E-6 3.12058E-6 3.09043E-6 3.07307E-6 3.09234E-6 3.11175E-6 3.10813E-6 3.09387E-6 3.0661E-6 -9999 -9999 -9999 -9999 -9999 -9999 -9999 -9999 -9999 -9999 -9999 -9999 -9999 -9999 -9999 -9999 -9999 -9999 -9999 -9999 -9999 -9999 -9999 -9999 -9999 -9999 -9999 -9999 -9999
2.84685E-6 3.45079E-6 3.64409E-6 3.63541E-6 3.61244E-6 3.53344E-6 3.46517E-6 3.37033E-6 3.43596E-6 3.44435E-6 3.38144E-6 3.40591E-6 3.31276E-6 3.32222E-6 3.38309E-6 3.37754E-6 3.35261E-6 3.33666E-6 3.30265E-6 3.30503E-6 3.29784E-6 3.28423E-6 3.27258E-6 3.24676E-6 3.2131E-6 3.18651E-6 3.28856E-6 3.26767E-6 3.26279E-6 3.16268E-6 3.1231E-6 3.09619E-6 3.105E-6 3.10374E-6 3.06061E-6 3.05077E-6 3.1051E-6 -9999 -9999 -9999 -9999 -9999 -9999 -9999 -9999 -9999 -9999 -9999 -9999 -9999 -9999 -9999 -9999 -9999 -9999 -9999 -9999 -9999 -9999 -9999 -9999 -9999 -9999 -9999 -9999 -9999
3.65931E-6 3.6813E-6 3.62793E-6 3.59077E-6 3.58591E-6 3.52874E-6 3.47905E-6 3.42059E-6 3.41992E-6 3.40121E-6 3.40384E-6 3.35526E-6 3.31801E-6 3.39426E-6 3.41438E-6 3.4022E-6 3.38403E-6 3.36279E-6 3.31798E-6 3.3148E-6 3.31205E-6 3.28511E-6 3.26563E-6 3.27105E-6 3.23799E-6 3.21254E-6 3.26524E-6 3.2583E-6 -9999 3.23613E-6 3.21231E-6 3.14165E-6 3.11494E-6 3.11246E-6 3.09392E-6 3.07343E-6 3.13241E-6 -9999 -9999 -9999 -9999 -9999 -9999 -9999 -9999 -9999 -9999 -9999 -9999 -9999 -9999 -9999 -9999 -9999 -9999 -9999 -9999 -9999 -9999 -9999 -9999 -9999 -9999 -9999 -9999 -9999
3.67798E-6 3.63769E-6 3.6016E-6 3.55595E-6 3.56284E-6 3.53373E-6 3.48356E-6 3.50049E-6 3.4939E-6 3.45605E-6 3.49976E-6 3.4155E-6 3.38403E-6 3.38238E-6 3.40509E-6 3.3978E-6 3.41881E-6 3.5126E-6 3.34633E-6 3.34756E-6 3.34017E-6 3.31093E-6 3.28164E-6 3.26576E-6 3.25534E-6 3.22011E-6 3.21158E-6 3.20687E-6 3.24333E-6 3.20397E-6 3.21445E-6 3.18944E-6 3.17219E-6 3.17265E-6 3.15721E-6 3.10372E-6 -9999 -9999 -9999 -9999 -9999 -9999 -9999 -9999 -9999 -9999 -9999 -9999 -9999 -9999 -9999 -9999 -9999 -9999 -9999 -9999 -9999 -9999 -9999 -9999 -9999 -9999 -9999 -9999 -9999 -9999
3.74145E-6 3.75028E-6 3.73434E-6 3.63507E-6 3.61076E-6 3.63367E-6 3.59657E-6 3.55976E-6 3.57197E-6 3.55743E-6 3.54637E-6 3.50596E-6 3.46818E-6 3.43678E-6 3.44545E-6 3.54007E-6 3.41666E-6 3.56309E-6 3.37456E-6 3.41174E-6 3.59538E-6 3.38042E-6 3.31866E-6 3.29357E-6 3.30654E-6 3.25083E-6 3.20869E-6 -9999 3.16747E-6 3.15376E-6 3.15111E-6 3.15498E-6 3.14835E-6 3.16681E-6 -9999 3.1196E-6 -9999 -9999 -9999 -9999 -9999 -9999 -9999 -9999 -9999 -9999 -9999 -9999 -9999 -9999 -9999 -9999 -9999 -9999 -9999 -9999 -9999 -9999 -9999 -9999 -9999 -9999 -9999 -9999 -9999 -9999
3.81085E-6 3.88481E-6 3.81529E-6 3.70993E-6 3.71074E-6 3.68052E-6 3.65978E-6 3.63017E-6 3.59566E-6 3.57799E-6 3.55521E-6 3.54038E-6 3.52206E-6 3.50757E-6 3.49482E-6 3.49148E-6 3.48039E-6 3.42431E-6 3.39729E-6 3.42977E-6 3.47264E-6 3.39387E-6 3.4061E-6 3.38372E-6 3.32011E-6 3.27158E-6 3.22647E-6 3.22161E-6 3.18799E-6 3.19126E-6 3.16814E-6 3.14815E-6 3.12105E-6 3.1389E-6 3.17882E-6 3.12411E-6 3.10134E-6 3.06378E-6 3.17552E-6 -9999 -9999 -9999 -9999 -9999 -9999 -9999 -9999 -9999 -9999 -9999 -9999 -9999 -9999 -9999 -9999 -9999 -9999 -9999 -9999 -9999 -9999 -9999 -9999 -9999 -9999 -9999
3.90775E-6 3.93651E-6 3.86965E-6 3.79949E-6 3.80693E-6 3.73545E-6 3.69467E-6 3.66337E-6 3.64256E-6 3.62303E-6 3.59972E-6 3.58908E-6 3.56183E-6 3.54319E-6 3.53572E-6 3.53016E-6 3.53583E-6 3.51055E-6 3.4766E-6 3.44013E-6 3.45537E-6 3.44509E-6 3.49833E-6 3.44492E-6 3.34232E-6 3.27014E-6 3.23615E-6 3.23552E-6 3.26734E-6 3.26465E-6 3.22292E-6 3.15256E-6 3.12169E-6 3.11153E-6 3.10524E-6 3.12135E-6 3.08207E-6 3.0968E-6 3.17047E-6 -9999 -9999 -9999 -9999 -9999 -9999 -9999 -9999 -9999 -9999 -9999 -9999 -9999 -9999 -9999 -9999 -9999 -9999 -9999 -9999 -9999 -9999 -9999 -9999 -9999 -9999 -9999
8.63552E-6 4.22028E-6 4.19283E-6 4.14468E-6 4.07232E-6 3.77107E-6 3.73753E-6 3.69681E-6 3.69359E-6 3.68216E-6 3.6754E-6 3.65136E-6 3.62684E-6 3.62615E-6 3.60503E-6 3.55988E-6 3.53534E-6 3.53155E-6 3.54991E-6 3.58023E-6 3.55859E-6 3.49627E-6 3.53697E-6 3.49547E-6 3.3694E-6 3.29355E-6 3.33902E-6 3.24824E-6 3.21647E-6 3.23055E-6 3.25275E-6 3.17047E-6 3.16224E-6 3.1425E-6 3.11215E-6 3.08794E-6 3.08395E-6 3.12738E-6 3.11778E-6 3.15222E-6 3.09162E-6 3.12444E-6 -9999 -9999 -9999 -9999 -9999 -9999 -9999 -9999 -9999 -9999 -9999 -9999 -9999 -9999 -9999 -9999 -9999 -9999 -9999 -9999 -9999 -9999 -9999 -9999
1.72432E-5 4.65665E-6 4.1714E-6 4.15236E-6 4.14228E-6 3.88602E-6 3.79112E-6 3.7504E-6 3.73016E-6 3.75679E-6 3.71553E-6 3.72965E-6 3.94966E-6 3.75411E-6 3.71413E-6 3.65242E-6 3.57442E-6 3.55202E-6 3.59766E-6 3.61146E-6 3.63875E-6 3.55156E-6 3.58258E-6 3.61751E-6 3.59808E-6 3.61135E-6 3.4954E-6 3.30626E-6 3.30695E-6 3.29048E-6 3.32751E-6 3.31233E-6 3.26855E-6 3.21045E-6 3.15997E-6 3.14066E-6 3.11166E-6 3.1023E-6 3.08402E-6 3.03648E-6 3.04937E-6 3.06451E-6 3.07035E-6 3.10507E-6 3.25665E-6 -9999 -9999 -9999 -9999 -9999 -9999 -9999 -9999 -9999 -9999 -9999 -9999 -9999 -9999 -9999 -9999 -9999 -9999 -9999 -9999 -9999
1.12018E-5 4.30685E-6 4.23456E-6 4.211E-6 4.22957E-6 4.19816E-6 4.03871E-6 3.89774E-6 3.79234E-6 3.76125E-6 3.7598E-6 3.80389E-6 3.98213E-6 3.68922E-6 3.79564E-6 3.81392E-6 3.74896E-6 3.64593E-6 3.56912E-6 3.57515E-6 3.67981E-6 3.66745E-6 3.83137E-6 3.43994E-6 3.483E-6 3.64103E-6 3.62782E-6 3.52157E-6 3.48728E-6 3.42273E-6 3.32719E-6 3.34625E-6 3.25885E-6 3.14342E-6 3.11236E-6 3.10786E-6 3.08075E-6 3.08314E-6 3.06546E-6 3.14504E-6 3.2061E-6 3.10145E-6 3.14966E-6 3.24839E-6 -9999 -9999 -9999 -9999 -9999 -9999 -9999 -9999 -9999 -9999 -9999 -9999 -9999 -9999 -9999 -9999 -9999 -9999 -9999 -9999 -9999 -9999
8.15182E-6 4.37196E-6 4.30231E-6 4.3115E-6 4.29575E-6 4.26352E-6 4.22091E-6 4.18854E-6 4.10969E-6 4.29981E-6 3.96741E-6 4.13777E-6 3.93812E-6 3.67936E-6 3.7794E-6 3.8097E-6 3.86006E-6 3.85547E-6 3.73521E-6 3.68487E-6 3.79367E-6 3.77326E-6 3.75663E-6 3.64445E-6 3.44961E-6 3.43381E-6 3.43936E-6 3.46232E-6 3.45652E-6 3.44989E-6 3.37515E-6 3.31613E-6 3.37569E-6 3.30012E-6 3.19986E-6 3.12394E-6 3.11216E-6 3.08203E-6 3.09087E-6 3.09574E-6 3.04711E-6 3.03433E-6 3.07194E-6 3.1255E-6 3.07686E-6 3.16541E-6 -9999 3.12707E-6 3.12603E-6 3.22793E-6 -9999 -9999 -9999 -9999 -9999 -9999 -9999 -9999 -9999 -9999 -9999 -9999 -9999 -9999 -9999 -9999
1.10468E-5 4.44359E-6 4.39814E-6 4.36729E-6 4.35756E-6 4.34071E-6 4.31886E-6 4.29578E-6 4.26987E-6 4.27474E-6 4.28245E-6 4.26043E-6 3.86843E-6 3.7313E-6 3.96119E-6 3.71706E-6 3.77766E-6 3.84335E-6 3.82943E-6 3.85352E-6 3.74134E-6 3.79887E-6 3.63181E-6 3.86203E-6 3.63604E-6 3.43979E-6 3.34261E-6 3.31124E-6 3.28473E-6 3.42919E-6 3.50211E-6 3.43505E-6 3.34127E-6 3.3837E-6 3.30147E-6 3.17678E-6 3.10154E-6 3.07738E-6 3.08112E-6 3.10982E-6 3.03637E-6 3.05495E-6 3.10032E-6 3.11467E-6 3.05801E-6 3.1143E-6 -9999 3.15081E-6 3.10303E-6 3.10846E-6 3.1947E-6 -9999 -9999 -9999 1.80574E-6 1.8095E-6 1.81145E-6 1.79853E-6 -9999 1.80619E-6 -9999 -9999 -9999 -9999 -9999 -9999
1.13218E-5 4.52925E-6 4.48786E-6 4.46265E-6 4.47105E-6 4.46678E-6 4.38518E-6 4.35642E-6 4.30067E-6 4.28519E-6 4.3127E-6 4.35144E-6 4.05496E-6 4.04363E-6 4.05544E-6 3.96295E-6 3.9005E-6 3.9517E-6 3.92297E-6 3.88151E-6 3.70929E-6 3.61536E-6 3.53668E-6 3.74396E-6 3.96762E-6 3.58303E-6 3.43211E-6 3.29523E-6 3.26085E-6 3.32196E-6 3.4166E-6 3.52117E-6 3.52578E-6 3.46099E-6 3.354E-6 3.23791E-6 3.11877E-6 3.07434E-6 3.12021E-6 3.09902E-6 3.05045E-6 3.07652E-6 3.07172E-6 3.09018E-6 3.0487E-6 3.07151E-6 3.13308E-6 3.17787E-6 -9999 3.11427E-6 3.12266E-6 3.22495E-6 -9999 -9999 -9999 1.79089E-6 1.78647E-6 1.78641E-6 1.79138E-6 -9999 -9999 -9999 -9999 -9999 -9999 -9999
4.94548E-6 4.60241E-6 4.58689E-6 4.58222E-6 4.59578E-6 4.57792E-6 4.47196E-6 4.47665E-6 4.432E-6 4.39596E-6 4.32895E-6 4.16601E-6 4.07386E-6 4.07242E-6 4.06174E-6 4.24673E-6 4.06803E-6 4.06936E-6 3.99588E-6 3.72884E-6 3.56944E-6 3.5969E-6 3.68633E-6 3.86973E-6 4.09238E-6 3.5581E-6 3.43978E-6 3.35353E-6 3.29559E-6 3.30768E-6 3.29689E-6 3.45104E-6 3.51899E-6 3.40492E-6 3.29857E-6 3.35319E-6 3.25644E-6 3.14829E-6 3.1703E-6 3.16236E-6 3.09786E-6 3.12161E-6 3.06622E-6 3.0509E-6 3.03457E-6 3.0566E-6 3.0779E-6 3.12711E-6 3.18739E-6 3.1348E-6 3.05952E-6 2.68804E-6 1.83635E-6 -9999 -9999 1.81539E-6 1.78831E-6 1.79823E-6 1.803E-6 -9999 -9999 -9999 -9999 -9999 -9999 -9999
1.66969E-5 4.73849E-6 4.78587E-6 4.82224E-6 4.77299E-6 4.62377E-6 4.56413E-6 4.53448E-6 4.53798E-6 4.45617E-6 4.47783E-6 5.84399E-6 1.23106E-5 1.9775E-5 9.70815E-6 5.03658E-6 3.96564E-6 3.95279E-6 3.82428E-6 3.6037E-6 3.5781E-6 3.63511E-6 3.79202E-6 4.11367E-6 3.7894E-6 3.75394E-6 3.61742E-6 3.40479E-6 3.29805E-6 3.26198E-6 3.2435E-6 3.25404E-6 3.327E-6 3.24874E-6 3.21794E-6 3.34796E-6 3.40595E-6 3.27045E-6 3.19364E-6 3.15281E-6 3.1302E-6 3.16123E-6 3.12665E-6 3.03802E-6 3.04247E-6 3.06112E-6 3.05962E-6 3.09852E-6 3.13605E-6 3.12436E-6 2.31567E-6 1.77478E-6 1.80714E-6 1.83256E-6 1.87307E-6 1.83662E-6 1.80336E-6 1.81697E-6 1.81379E-6 1.80469E-6 -9999 -9999 -9999 -9999 -9999 -9999
1.98442E-5 4.98462E-6 5.20127E-6 5.10783E-6 4.97566E-6 4.80947E-6 4.70602E-6 4.59515E-6 4.59942E-6 8.6235E-6 2.06705E-5 2.04222E-5 2.03444E-5 1.99554E-5 2.00828E-5 1.26364E-5 3.91188E-6 3.8685E-6 3.78467E-6 3.70816E-6 3.63739E-6 3.63587E-6 3.75998E-6 4.03067E-6 3.75738E-6 3.60034E-6 3.65595E-6 3.47951E-6 3.35127E-6 3.3415E-6 3.34148E-6 3.29816E-6 3.25132E-6 3.19139E-6 3.18743E-6 3.23478E-6 3.36792E-6 3.29657E-6 3.19097E-6 3.06497E-6 3.06158E-6 3.10375E-6 3.08969E-6 3.045E-6 3.06132E-6 3.05437E-6 3.06755E-6 2.8777E-6 2.38341E-6 -9999 1.78869E-6 1.76194E-6 1.78053E-6 1.82995E-6 1.84585E-6 1.83609E-6 1.81597E-6 1.80492E-6 1.81056E-6 1.81049E-6 -9999 -9999 -9999 -9999 -9999 -9999
2.08744E-5 1.85672E-5 7.57416E-6 1.44247E-5 1.11898E-5 7.75338E-6 8.82097E-6 1.06821E-5 9.26446E-6 2.09593E-5 2.10373E-5 2.13095E-5 2.09818E-5 2.0586E-5 2.05403E-5 9.22997E-6 4.08944E-6 4.04383E-6 3.95775E-6 4.00684E-6 3.84737E-6 3.76865E-6 3.78235E-6 3.84963E-6 3.99495E-6 3.6896E-6 3.59074E-6 3.54401E-6 3.43101E-6 3.44545E-6 3.44605E-6 3.34088E-6 3.22094E-6 3.15466E-6 3.1353E-6 3.13177E-6 3.21886E-6 3.21894E-6 3.25164E-6 3.20693E-6 3.08215E-6 3.06799E-6 3.05147E-6 3.08285E-6 2.7111E-6 2.30025E-6 1.94619E-6 1.78965E-6 1.79692E-6 1.80335E-6 1.81006E-6 1.79318E-6 1.7539E-6 1.77743E-6 1.80147E-6 1.83155E-6 1.83173E-6 1.80255E-6 1.80147E-6 1.79786E-6 1.80513E-6 -9999 -9999 -9999 -9999 -9999
2.2354E-5 2.28569E-5 2.19561E-5 2.54228E-5 2.49513E-5 2.40803E-5 2.37681E-5 2.30382E-5 2.21412E-5 2.22191E-5 2.21825E-5 2.17535E-5 2.16151E-5 2.09813E-5 2.07395E-5 4.20174E-6 4.34103E-6 4.29452E-6 4.22734E-6 4.25469E-6 3.96405E-6 7.61784E-6 3.69152E-6 3.8098E-6 3.97625E-6 3.73231E-6 3.61013E-6 3.24446E-6 2.40009E-6 2.28142E-6 2.42294E-6 3.22452E-6 3.25368E-6 3.16856E-6 3.14081E-6 2.79812E-6 2.60637E-6 2.17721E-6 2.29603E-6 2.29498E-6 1.93387E-6 1.89839E-6 1.90229E-6 1.82661E-6 1.74682E-6 1.74198E-6 1.74261E-6 1.75716E-6 1.77043E-6 1.77273E-6 1.7778E-6 1.81871E-6 1.79416E-6 1.74396E-6 1.78863E-6 1.8361E-6 1.8709E-6 1.86343E-6 1.84364E-6 1.82166E-6 1.7973E-6 -9999 -9999 -9999 -9999 -9999
2.38473E-5 2.51462E-5 2.68318E-5 2.84067E-5 2.67675E-5 2.59701E-5 2.52468E-5 2.41528E-5 2.37361E-5 2.37661E-5 2.31567E-5 2.18148E-5 1.35812E-5 6.16316E-6 4.48656E-6 4.40822E-6 4.64807E-6 4.66618E-6 4.71565E-6 6.86702E-6 2.27003E-5 2.23349E-5 2.61356E-6 3.21463E-6 3.42311E-6 3.80726E-6 3.20966E-6 2.33484E-6 2.21396E-6 2.16639E-6 2.06917E-6 2.06627E-6 2.21484E-6 2.18069E-6 1.97756E-6 1.92724E-6 1.91157E-6 1.89459E-6 1.99213E-6 1.94755E-6 1.7665E-6 1.75625E-6 1.77052E-6 1.76738E-6 1.77213E-6 1.76025E-6 1.74043E-6 1.74152E-6 1.73977E-6 1.74205E-6 1.75577E-6 1.80806E-6 1.82224E-6 1.77509E-6 1.7573E-6 1.82185E-6 1.86417E-6 -9999 -9999 1.83432E-6 1.80675E-6 1.79006E-6 -9999 -9999 -9999 -9999
2.58552E-5 2.98115E-5 3.01245E-5 3.04338E-5 2.88998E-5 2.80027E-5 2.74141E-5 2.64642E-5 2.56975E-5 2.43404E-5 2.41272E-5 8.86636E-6 4.54305E-6 4.57658E-6 4.72024E-6 4.78521E-6 4.83914E-6 4.80436E-6 2.40819E-5 2.41905E-5 2.30054E-5 3.56845E-6 2.90776E-6 2.78855E-6 2.63713E-6 2.69361E-6 2.46094E-6 2.26984E-6 2.23175E-6 2.18624E-6 2.14173E-6 2.07568E-6 2.0366E-6 2.06651E-6 2.06329E-6 2.00414E-6 1.91723E-6 1.9098E-6 2.07162E-6 2.02693E-6 1.86532E-6 1.76195E-6 1.75343E-6 1.7648E-6 1.77079E-6 1.7827E-6 1.77006E-6 1.75547E-6 1.77497E-6 1.76061E-6 1.74196E-6 1.74442E-6 1.76882E-6 1.78992E-6 1.73587E-6 1.78987E-6 1.83843E-6 1.86249E-6 1.84625E-6 1.82821E-6 1.80427E-6 1.79393E-6 -9999 -9999 -9999 -9999
2.82625E-5 3.15388E-5 3.13713E-5 3.23246E-5 3.14474E-5 2.93918E-5 2.86578E-5 2.76313E-5 2.65025E-5 2.57044E-5 2.5151E-5 5.23443E-6 4.79435E-6 4.80489E-6 4.83367E-6 4.90031E-6 5.2094E-6 9.00942E-6 2.49217E-5 2.48735E-5 2.36409E-5 2.87347E-6 2.91458E-6 2.92173E-6 2.90511E-6 2.95505E-6 2.64431E-6 2.30146E-6 2.1979E-6 2.14811E-6 2.09597E-6 2.12453E-6 2.14343E-6 2.1268E-6 2.17652E-6 2.16967E-6 2.11455E-6 2.10893E-6 2.16139E-6 1.95218E-6 1.92836E-6 1.87341E-6 1.82335E-6 1.76464E-6 1.75755E-6 1.78044E-6 1.78359E-6 1.78437E-6 1.80855E-6 1.78534E-6 1.78778E-6 1.75901E-6 1.75501E-6 1.74022E-6 1.73613E-6 1.74992E-6 1.82188E-6 1.85086E-6 -9999 1.85955E-6 1.83663E-6 1.79794E-6 1.8215E-6 1.83637E-6 -9999 -9999
3.2044E-5 3.27877E-5 3.33115E-5 3.39117E-5 3.33095E-5 3.23193E-5 3.09325E-5 2.9859E-5 1.82893E-5 6.53202E-6 6.33392E-6 5.23355E-6 4.88477E-6 4.81571E-6 6.37675E-6 2.47411E-5 2.44868E-5 2.45386E-5 2.49732E-5 2.55255E-5 1.07691E-5 7.51963E-6 3.76254E-6 7.40722E-6 4.81376E-6 2.74752E-6 2.83791E-6 2.71738E-6 2.5778E-6 2.31584E-6 2.06496E-6 2.04271E-6 2.00949E-6 1.97851E-6 1.96657E-6 1.9597E-6 2.12844E-6 2.0178E-6 2.21166E-6 2.13388E-6 1.94605E-6 1.93259E-6 1.95774E-6 1.85247E-6 1.80069E-6 1.76391E-6 1.79412E-6 1.80799E-6 1.81558E-6 1.80578E-6 1.81113E-6 1.81205E-6 1.80544E-6 1.75458E-6 1.74408E-6 1.73619E-6 1.7758E-6 1.8386E-6 1.85741E-6 1.85484E-6 1.84709E-6 1.79884E-6 1.82537E-6 1.84626E-6 1.85551E-6 1.82984E-6
