catData/rasterBestHybridModels/Pviverrinus/RD_BM01_RM1.5_H/Pviverrinus_avg.asc
ncols         409
nrows         350
xllcorner     60.897278365
yllcorner     5.843756025
cellsize      0.0892857
NODATA_value  -9999
[rows 58 to 86 of 350, columns 66 to 131 of 409]
-9999 -9999 -9999 -9999 -9999 -9999 -9999 -9999 -9999 -9999 -9999 -9999 -9999 -9999 -9999 -9999 -9999 -9999 -9999 -9999 -9999 -9999 -9999 -9999 -9999 -9999 -9999 1.27716E-6 1.18415E-6 9.93455E-7 1.16965E-6 1.3373E-6 1.14814E-6 1.38433E-6 2.17634E-6 3.08052E-6 3.66081E-6 4.01137E-6 4.45652E-6 4.96211E-6 4.97535E-6 5.58017E-6 5.87057E-6 6.22573E-6 8.44886E-6 9.12119E-6 1.62417E-5 1.06337E-5 9.17142E-6 8.28303E-6 8.06857E-6 7.00428E-6 6.71533E-6 6.09025E-6 6.59409E-6 6.79419E-6 6.85844E-6 6.88686E-6 6.98779E-6 7.25511E-6 9.1937E-6 3.46269E-5 3.47614E-5 3.68498E-5 4.02585E-5 4.10365E-5
-9999 -9999 -9999 -9999 -9999 -9999 -9999 -9999 -9999 -9999 -9999 -9999 -9999 -9999 -9999 1.38605E-6 -9999 -9999 -9999 1.33269E-6 1.30181E-6 -9999 -9999 -9999 -9999 -9999 1.28408E-6 1.32593E-6 1.33088E-6 1.15395E-6 1.25221E-6 1.17618E-6 1.12946E-6 1.38897E-6 1.43327E-6 3.88693E-6 3.82725E-6 3.92874E-6 4.45122E-6 5.01901E-6 4.98982E-6 5.36536E-6 5.59719E-6 6.6638E-6 9.60347E-6 8.73607E-6 1.2368E-5 5.6734E-6 8.62181E-6 8.17218E-6 8.01186E-6 7.6134E-6 6.82973E-6 5.65602E-6 6.40089E-6 6.74977E-6 5.98699E-6 6.12652E-6 6.73161E-6 6.98372E-6 1.60311E-5 3.43038E-5 3.55573E-5 3.73843E-5 3.45681E-5 3.81249E-5
-9999 -9999 -9999 -9999 -9999 -9999 -9999 -9999 -9999 -9999 -9999 -9999 -9999 -9999 1.40433E-6 1.3995E-6 1.38359E-6 1.37201E-6 1.34919E-6 1.34495E-6 1.33558E-6 1.5018E-6 -9999 -9999 -9999 -9999 1.29987E-6 1.33068E-6 1.33606E-6 1.18334E-6 1.13094E-6 1.22512E-6 1.37306E-6 1.40509E-6 1.43325E-6 3.63236E-6 4.11252E-6 4.16453E-6 4.47366E-6 5.03616E-6 5.43484E-6 5.24032E-6 5.80982E-6 7.72319E-6 9.72925E-6 9.7014E-6 1.39385E-5 1.09565E-5 8.43471E-6 8.20247E-6 7.53757E-6 7.23603E-6 5.64808E-6 5.58217E-6 6.15665E-6 6.23947E-6 5.56663E-6 6.01299E-6 6.65428E-6 1.15094E-5 3.11889E-5 3.32093E-5 3.3489E-5 3.68158E-5 3.63892E-5 3.89301E-5
-9999 -9999 -9999 -9999 -9999 -9999 -9999 -9999 -9999 -9999 -9999 -9999 -9999 1.41576E-6 1.40523E-6 1.39202E-6 1.38005E-6 1.36463E-6 1.35258E-6 1.33963E-6 1.32874E-6 1.31945E-6 1.26242E-6 -9999 1.31E-6 1.30466E-6 1.56005E-6 1.32601E-6 1.3211E-6 1.32742E-6 1.27868E-6 1.3672E-6 1.61179E-6 1.70208E-6 1.43824E-6 3.71053E-6 4.19348E-6 3.95583E-6 4.18667E-6 4.76069E-6 5.17137E-6 5.20532E-6 5.92351E-6 7.51694E-6 9.91766E-6 1.58695E-5 1.25798E-5 9.72615E-6 7.93014E-6 8.11192E-6 7.34259E-6 6.9846E-6 5.49727E-6 5.74859E-6 6.08623E-6 6.11099E-6 6.00904E-6 6.35405E-6 8.91179E-6 2.65417E-5 2.8327E-5 3.11615E-5 3.43752E-5 3.64103E-5 3.62551E-5 3.86019E-5
-9999 -9999 -9999 -9999 -9999 -9999 -9999 -9999 -9999 -9999 -9999 1.43727E-6 1.42439E-6 1.41337E-6 1.39844E-6 1.38512E-6 1.37275E-6 1.35636E-6 1.3428E-6 1.33188E-6 1.32062E-6 1.31332E-6 1.54708E-6 1.54054E-6 1.30342E-6 1.30242E-6 1.30512E-6 1.31259E-6 1.30805E-6 1.3389E-6 1.33872E-6 1.37241E-6 1.37194E-6 1.41307E-6 1.47249E-6 3.01707E-6 4.13977E-6 3.77103E-6 3.64834E-6 4.64354E-6 4.97232E-6 4.9296E-6 5.87197E-6 6.88263E-6 1.00387E-5 1.56099E-5 5.30171E-6 8.63426E-6 7.77992E-6 7.93605E-6 6.21627E-6 5.40979E-6 5.59856E-6 5.6581E-6 5.83993E-6 6.01572E-6 6.22943E-6 6.63483E-6 1.77106E-5 3.1878E-5 2.94729E-5 3.14653E-5 3.38175E-5 3.525E-5 3.59421E-5 3.56994E-5
-9999 -9999 -9999 -9999 -9999 -9999 -9999 -9999 -9999 1.44334E-6 1.44461E-6 1.43364E-6 1.42202E-6 1.40868E-6 1.39325E-6 1.37904E-6 1.35812E-6 1.34157E-6 1.33526E-6 1.3207E-6 1.31218E-6 1.30349E-6 1.2942E-6 1.29889E-6 1.29431E-6 1.29217E-6 1.30225E-6 1.31307E-6 1.33238E-6 1.28489E-6 1.37004E-6 1.36259E-6 1.39425E-6 1.4285E-6 1.46169E-6 1.59615E-6 3.032E-6 2.04264E-6 1.79517E-6 4.41851E-6 4.71704E-6 4.72621E-6 5.72555E-6 6.66016E-6 1.24202E-5 1.09458E-5 7.45202E-6 7.89832E-6 7.7272E-6 7.57373E-6 5.61829E-6 5.49555E-6 5.60062E-6 5.59161E-6 5.56093E-6 5.66331E-6 5.85574E-6 6.48462E-6 1.83893E-5 3.27539E-5 2.93987E-5 3.20876E-5 3.21535E-5 3.60708E-5 3.40352E-5 3.69992E-5
-9999 -9999 -9999 -9999 -9999 -9999 -9999 -9999 -9999 -9999 -9999 1.44071E-6 1.4177E-6 1.40103E-6 1.38531E-6 1.37069E-6 1.35478E-6 1.33183E-6 1.3264E-6 1.32392E-6 1.313E-6 1.29428E-6 1.29242E-6 1.29083E-6 1.28479E-6 1.28157E-6 1.30095E-6 1.31487E-6 1.64361E-6 1.35408E-6 1.36507E-6 1.38205E-6 1.41005E-6 1.49496E-6 1.53319E-6 1.60597E-6 1.76411E-6 1.49601E-6 1.85185E-6 4.2046E-6 4.43794E-6 4.64837E-6 5.17807E-6 6.60372E-6 1.39771E-5 1.65084E-5 1.3859E-5 1.1812E-5 9.93129E-6 7.99934E-6 6.84901E-6 5.26371E-6 5.38469E-6 5.36715E-6 5.38337E-6 5.39552E-6 5.46044E-6 5.78184E-6 1.87612E-5 2.76601E-5 2.90186E-5 3.10253E-5 3.0468E-5 3.44354E-5 3.38098E-5 3.54942E-5
2.5413E-6 3.19877E-6 2.84622E-6 -9999 -9999 -9999 -9999 -9999 1.56451E-6 1.45895E-6 1.63671E-6 1.44923E-6 1.41227E-6 1.39235E-6 1.37802E-6 1.363E-6 1.3448E-6 1.34736E-6 1.34856E-6 1.33704E-6 1.32158E-6 1.29309E-6 1.28646E-6 1.27844E-6 1.28132E-6 1.28691E-6 1.28415E-6 1.31525E-6 1.3244E-6 1.33514E-6 1.34946E-6 1.3888E-6 1.4288E-6 1.52244E-6 1.54344E-6 1.58233E-6 1.63986E-6 1.43104E-6 1.6893E-6 4.01643E-6 4.20841E-6 4.2233E-6 4.47352E-6 5.41559E-6 1.31311E-5 1.8308E-5 7.19019E-6 1.34695E-5 1.32461E-5 1.18455E-5 7.42453E-6 5.15911E-6 5.4995E-6 6.12666E-6 5.29893E-6 5.58439E-6 1.14487E-5 1.25592E-5 2.19292E-5 3.39319E-5 2.93412E-5 2.91732E-5 3.10439E-5 3.17251E-5 3.30411E-5 3.67282E-5
3.1977E-6 3.19519E-6 3.1906E-6 3.19217E-6 3.17809E-6 2.92531E-6 2.12639E-6 2.1183E-6 2.10132E-6 1.92616E-6 1.75954E-6 1.8836E-6 1.63133E-6 1.4044E-6 1.39576E-6 1.38083E-6 1.36718E-6 1.35484E-6 1.34292E-6 1.32074E-6 1.31411E-6 1.28135E-6 1.2677E-6 1.26328E-6 1.26744E-6 1.28303E-6 1.28691E-6 1.33566E-6 1.3327E-6 1.33307E-6 1.36876E-6 1.39305E-6 1.42846E-6 1.52291E-6 1.53741E-6 1.58396E-6 1.61866E-6 1.37296E-6 2.44105E-6 3.41373E-6 3.77792E-6 4.03574E-6 4.33108E-6 5.73708E-6 1.08988E-5 1.97842E-5 7.33187E-6 1.4198E-5 1.30289E-5 1.35964E-5 9.3593E-6 5.75716E-6 8.52789E-6 9.1864E-6 8.17793E-6 1.34911E-5 1.57187E-5 1.78671E-5 2.54098E-5 2.92888E-5 2.96445E-5 3.00401E-5 2.91022E-5 2.96514E-5 3.2555E-5 3.63007E-5
3.17246E-6 3.17428E-6 3.17347E-6 3.17125E-6 3.15026E-6 2.17547E-6 2.11927E-6 2.11131E-6 2.10075E-6 2.09216E-6 2.01543E-6 1.44072E-6 1.46566E-6 1.39971E-6 1.38585E-6 1.37095E-6 1.35131E-6 1.33835E-6 1.32908E-6 1.31563E-6 1.29857E-6 1.2832E-6 1.28735E-6 1.29335E-6 1.29835E-6 1.30006E-6 1.33826E-6 1.3356E-6 1.34503E-6 1.35047E-6 1.38063E-6 1.39897E-6 1.4355E-6 1.53107E-6 1.55413E-6 1.57984E-6 1.63215E-6 1.61966E-6 1.51067E-6 3.15385E-6 3.53951E-6 3.65213E-6 4.05543E-6 5.6357E-6 1.04208E-5 2.23471E-5 7.73342E-6 1.34394E-5 1.39019E-5 1.37175E-5 1.26018E-5 9.23611E-6 8.75765E-6 9.10528E-6 9.31301E-6 1.07816E-5 1.63094E-5 2.32385E-5 2.54445E-5 3.64062E-5 3.06259E-5 2.82606E-5 2.75373E-5 3.11425E-5 3.15595E-5 3.34314E-5
3.15136E-6 3.15058E-6 2.77513E-6 3.13698E-6 2.43347E-6 2.11117E-6 2.1043E-6 2.09561E-6 2.08593E-6 2.26553E-6 1.47749E-6 1.4235E-6 1.40957E-6 1.39314E-6 1.37311E-6 1.35655E-6 1.34456E-6 1.33229E-6 1.32015E-6 1.30958E-6 1.2937E-6 1.29443E-6 1.28444E-6 1.28333E-6 1.30265E-6 1.29889E-6 1.32502E-6 1.33912E-6 1.33834E-6 1.34825E-6 1.37963E-6 1.40459E-6 1.49127E-6 1.5378E-6 1.56252E-6 1.59756E-6 1.64427E-6 1.62187E-6 1.86955E-6 3.08021E-6 3.46231E-6 3.65628E-6 4.14321E-6 5.54099E-6 1.00861E-5 2.35868E-5 1.47645E-5 6.67816E-6 1.38406E-5 1.33176E-5 1.32737E-5 1.13446E-5 8.8753E-6 9.58021E-6 9.871E-6 1.19643E-5 2.25851E-5 2.41122E-5 2.58893E-5 3.03634E-5 2.97781E-5 2.74322E-5 2.82268E-5 2.89451E-5 3.14663E-5 3.34384E-5
2.77992E-6 2.36749E-6 2.12075E-6 2.11087E-6 2.10922E-6 2.10161E-6 2.09486E-6 2.04302E-6 2.20082E-6 1.72703E-6 1.68691E-6 1.41315E-6 1.39421E-6 1.37767E-6 1.35554E-6 1.3377E-6 1.31205E-6 1.31107E-6 1.29185E-6 1.29255E-6 1.27946E-6 1.29031E-6 1.29219E-6 1.29755E-6 1.29022E-6 1.31188E-6 1.31492E-6 1.33262E-6 1.33463E-6 1.35806E-6 1.65025E-6 1.4685E-6 1.52445E-6 1.55629E-6 1.57151E-6 1.59395E-6 1.64425E-6 1.66392E-6 1.79731E-6 3.093E-6 3.39927E-6 3.63026E-6 4.52088E-6 5.5308E-6 8.9799E-6 2.59415E-5 1.46258E-5 1.28189E-5 1.2877E-5 1.33273E-5 1.36145E-5 1.22693E-5 9.28254E-6 9.49263E-6 9.82428E-6 1.12826E-5 2.30005E-5 2.5333E-5 2.85796E-5 2.80436E-5 2.77867E-5 2.70377E-5 2.75813E-5 2.98158E-5 3.06096E-5 3.25721E-5
2.11105E-6 2.09067E-6 2.08318E-6 2.08182E-6 2.07976E-6 2.39934E-6 2.06646E-6 1.81394E-6 1.61527E-6 1.42899E-6 1.4104E-6 1.39446E-6 1.38206E-6 1.36609E-6 1.34748E-6 1.32844E-6 1.31143E-6 1.29748E-6 1.29111E-6 1.28869E-6 1.28619E-6 1.28754E-6 1.28897E-6 1.28826E-6 1.28235E-6 1.30687E-6 1.32074E-6 1.32257E-6 1.33908E-6 1.3767E-6 1.45371E-6 1.49888E-6 1.51793E-6 1.55582E-6 1.60746E-6 1.59434E-6 1.65697E-6 2.02165E-6 2.82734E-6 3.07549E-6 3.36973E-6 3.75798E-6 4.11394E-6 5.54198E-6 1.85798E-5 2.06346E-5 1.42062E-5 1.25465E-5 1.30517E-5 1.37921E-5 1.34897E-5 1.31841E-5 1.13395E-5 8.94228E-6 9.94026E-6 1.93813E-5 2.38859E-5 2.76403E-5 2.5983E-5 2.71148E-5 2.84598E-5 2.66916E-5 2.72243E-5 2.84859E-5 3.04896E-5 3.18548E-5
2.38664E-6 2.87978E-6 2.42976E-6 2.3951E-6 2.04003E-6 2.05662E-6 2.11841E-6 1.78991E-6 1.53508E-6 1.44413E-6 1.39978E-6 1.39084E-6 1.38152E-6 1.36204E-6 1.34762E-6 1.32506E-6 1.3051E-6 1.29427E-6 1.57459E-6 1.28469E-6 1.28401E-6 1.28379E-6 1.56597E-6 1.28291E-6 1.28818E-6 1.31477E-6 1.33648E-6 1.33402E-6 1.36475E-6 1.3808E-6 1.46953E-6 1.4967E-6 1.53921E-6 1.5614E-6 1.46998E-6 1.61684E-6 1.6637E-6 3.32861E-6 3.02346E-6 3.141E-6 3.47385E-6 3.88505E-6 4.45764E-6 5.20424E-6 8.77862E-6 1.94299E-5 1.45469E-5 1.29555E-5 1.48643E-5 2.02796E-5 2.07333E-5 1.54858E-5 1.17923E-5 9.61662E-6 1.70071E-5 1.18911E-5 2.65462E-5 2.56877E-5 2.61832E-5 2.60463E-5 2.80005E-5 2.74199E-5 2.94755E-5 3.09131E-5 2.89586E-5 3.44585E-5
1.69563E-6 1.813E-6 2.17996E-6 2.22853E-6 2.02991E-6 2.3461E-6 2.0864E-6 1.91692E-6 1.97305E-6 1.83202E-6 1.83482E-6 1.49973E-6 1.52735E-6 1.43291E-6 1.45347E-6 1.39754E-6 1.3421E-6 1.37796E-6 1.28702E-6 1.30778E-6 1.32496E-6 1.30919E-6 1.27851E-6 1.31174E-6 1.4314E-6 1.47498E-6 1.52421E-6 1.45105E-6 1.41064E-6 1.40216E-6 1.48623E-6 1.51196E-6 1.55423E-6 1.55948E-6 1.52405E-6 1.48107E-6 1.64356E-6 3.32996E-6 3.00317E-6 3.16822E-6 3.41049E-6 3.63103E-6 4.32322E-6 4.91117E-6 9.32059E-6 3.07272E-5 2.45379E-5 2.0714E-5 2.06132E-5 1.95085E-5 1.94031E-5 1.68912E-5 1.58977E-5 1.28978E-5 2.3416E-5 2.61207E-5 3.18869E-5 3.25376E-5 2.74511E-5 2.754E-5 2.7959E-5 3.09203E-5 3.01579E-5 3.19399E-5 3.84333E-5 3.33685E-5
1.64993E-6 1.7227E-6 1.89399E-6 1.9978E-6 2.01035E-6 1.91749E-6 1.72133E-6 1.64357E-6 1.64792E-6 1.69345E-6 1.70402E-6 1.59173E-6 1.52888E-6 1.51292E-6 1.49311E-6 1.47468E-6 1.45776E-6 1.44672E-6 1.43259E-6 1.42099E-6 1.4303E-6 1.43204E-6 1.41854E-6 1.47443E-6 1.50661E-6 1.52768E-6 1.53686E-6 1.57651E-6 1.57895E-6 1.50076E-6 1.4579E-6 1.51798E-6 1.54086E-6 1.56169E-6 1.58453E-6 1.60603E-6 2.27293E-6 3.13045E-6 2.99996E-6 3.02656E-6 3.29204E-6 3.70921E-6 4.38121E-6 5.48556E-6 7.61306E-6 3.27769E-5 2.67546E-5 2.31268E-5 2.04262E-5 1.97397E-5 1.48287E-5 1.51959E-5 1.69348E-5 2.74804E-5 2.59195E-5 2.54101E-5 2.29736E-5 2.62008E-5 2.84303E-5 2.65782E-5 2.82179E-5 3.0096E-5 2.90683E-5 1.85814E-5 2.65633E-5 3.11766E-5
2.33931E-6 5.55746E-6 2.65599E-6 2.30416E-6 3.75817E-6 1.48663E-6 1.73925E-6 1.68768E-6 1.66798E-6 1.67304E-6 1.6653E-6 1.74113E-6 1.66835E-6 1.50961E-6 1.49354E-6 1.47447E-6 1.45373E-6 1.75136E-6 1.4374E-6 1.4406E-6 1.44559E-6 1.46005E-6 1.5263E-6 1.45971E-6 1.43614E-6 1.53042E-6 1.94147E-6 1.59264E-6 1.96739E-6 1.63087E-6 1.6471E-6 1.66189E-6 1.59331E-6 1.60118E-6 1.59107E-6 1.88072E-6 3.50641E-6 3.61213E-6 2.89275E-6 3.01192E-6 3.18304E-6 3.65769E-6 4.26012E-6 5.53465E-6 6.639E-6 3.24764E-5 2.78056E-5 2.44039E-5 2.20266E-5 1.99254E-5 1.56643E-5 1.58142E-5 2.07947E-5 2.45681E-5 2.58211E-5 2.26424E-5 2.58312E-5 2.70035E-5 2.61254E-5 2.25635E-5 1.73366E-5 2.78691E-5 3.80663E-5 2.1844E-5 2.21879E-5 1.47078E-5
8.48671E-6 1.39811E-5 1.15981E-5 1.26426E-5 1.1889E-5 2.06635E-6 1.45746E-6 1.40713E-6 1.40096E-6 1.67416E-6 1.66477E-6 1.75942E-6 1.74068E-6 1.76961E-6 1.57429E-6 1.46055E-6 1.48718E-6 1.75432E-6 1.4285E-6 1.45606E-6 1.46183E-6 1.49575E-6 1.89154E-6 1.53544E-6 1.5867E-6 1.56151E-6 1.58597E-6 1.61488E-6 1.59889E-6 1.63453E-6 1.66461E-6 1.69034E-6 1.70589E-6 1.60629E-6 1.73071E-6 2.26865E-6 3.57157E-6 3.7076E-6 3.02691E-6 3.02392E-6 3.3371E-6 3.79608E-6 4.47532E-6 6.2017E-6 1.23956E-5 3.61218E-5 3.04538E-5 2.52998E-5 2.4121E-5 2.17027E-5 1.99183E-5 2.15882E-5 2.43859E-5 2.57058E-5 2.58361E-5 2.52557E-5 2.56169E-5 2.58676E-5 2.60579E-5 2.50076E-5 2.62966E-5 2.54554E-5 2.54569E-5 2.38566E-5 2.1151E-5 2.75385E-5
1.14317E-5 1.22415E-5 1.1307E-5 1.31613E-5 1.18152E-5 3.29087E-6 1.65149E-6 1.42578E-6 1.38467E-6 1.53612E-6 1.50213E-6 1.44843E-6 1.43363E-6 1.63789E-6 1.64222E-6 1.44292E-6 1.48837E-6 1.46395E-6 1.47508E-6 1.50204E-6 1.50533E-6 1.51869E-6 1.54334E-6 1.56429E-6 1.58817E-6 1.55222E-6 1.55935E-6 1.56727E-6 1.61733E-6 1.64642E-6 1.66164E-6 1.70125E-6 1.69252E-6 1.70076E-6 1.75429E-6 2.50983E-6 3.01528E-6 3.70638E-6 3.072E-6 3.13116E-6 3.4542E-6 3.95493E-6 5.46084E-6 6.97669E-6 1.10932E-5 4.00063E-5 3.07135E-5 2.45987E-5 2.25845E-5 2.05658E-5 2.09925E-5 2.41829E-5 2.69781E-5 2.56281E-5 2.40008E-5 2.29532E-5 2.61783E-5 2.44323E-5 2.3709E-5 2.47352E-5 2.51956E-5 2.56142E-5 2.65316E-5 2.6388E-5 2.83271E-5 2.7678E-5
1.12739E-5 1.31269E-5 1.23073E-5 6.20953E-6 1.70844E-6 1.60406E-6 1.47391E-6 1.37796E-6 1.38714E-6 1.40507E-6 1.46571E-6 1.4337E-6 1.49839E-6 1.59311E-6 1.47889E-6 1.5235E-6 1.5265E-6 1.48758E-6 1.52622E-6 2.00898E-6 1.35709E-6 1.07951E-6 1.05008E-6 1.0402E-6 1.27277E-6 1.40997E-6 1.50521E-6 1.64416E-6 1.66299E-6 1.68144E-6 1.64873E-6 1.69041E-6 1.72586E-6 1.72724E-6 1.72651E-6 1.87222E-6 3.30356E-6 3.69438E-6 3.17162E-6 3.30337E-6 3.55121E-6 4.02526E-6 5.86393E-6 6.65179E-6 8.88341E-6 2.72469E-5 2.59668E-5 1.1832E-5 2.07279E-5 2.17724E-5 2.34197E-5 2.57293E-5 3.36995E-5 2.4374E-5 1.89836E-5 2.56004E-5 2.39975E-5 2.39178E-5 2.45166E-5 2.49776E-5 2.46493E-5 2.61167E-5 2.70979E-5 2.64723E-5 2.73557E-5 2.74428E-5
9.71776E-6 1.31119E-5 9.821E-6 1.36848E-6 1.35482E-6 1.33763E-6 1.32781E-6 1.39315E-6 1.30724E-6 9.46654E-7 1.00849E-6 1.03034E-6 1.19679E-6 1.38775E-6 1.53507E-6 1.52871E-6 1.39536E-6 1.40703E-6 1.53875E-6 1.51044E-6 1.07333E-6 7.37365E-7 6.98932E-7 8.83791E-7 9.63481E-7 1.18014E-6 1.36325E-6 1.54323E-6 1.5709E-6 1.45088E-6 1.65147E-6 1.69005E-6 1.70318E-6 1.72034E-6 1.82496E-6 2.53241E-6 3.63791E-6 3.19825E-6 3.2815E-6 3.35324E-6 3.65816E-6 4.39966E-6 5.71198E-6 6.72641E-6 9.09207E-6 2.63619E-5 1.22461E-5 1.13378E-5 2.09359E-5 2.39987E-5 2.54658E-5 2.45524E-5 1.55989E-5 1.19676E-5 2.5127E-5 2.55601E-5 2.47349E-5 2.53198E-5 2.45958E-5 2.48763E-5 2.65187E-5 2.46147E-5 2.49307E-5 2.71637E-5 2.65133E-5 2.68286E-5
1.85927E-6 1.40099E-6 1.33801E-6 1.35933E-6 1.35367E-6 1.50318E-6 1.4811E-6 1.48103E-6 1.23855E-6 9.26164E-7 8.89941E-7 9.88736E-7 1.37235E-6 1.20366E-6 1.2364E-6 1.18538E-6 1.4661E-6 1.39849E-6 1.44483E-6 1.33737E-6 9.10275E-7 7.33638E-7 7.05231E-7 1.05115E-6 1.21421E-6 1.2998E-6 1.37656E-6 1.37593E-6 1.41665E-6 1.53872E-6 1.68372E-6 1.69161E-6 1.72154E-6 1.72078E-6 1.89049E-6 3.34266E-6 3.69581E-6 3.00975E-6 3.32511E-6 3.52668E-6 3.39624E-6 4.4984E-6 5.88516E-6 6.16681E-6 9.14216E-6 2.13567E-5 1.20234E-5 1.125E-5 1.11591E-5 2.45583E-5 2.09285E-5 1.9238E-5 1.25899E-5 2.50002E-5 2.57394E-5 2.40011E-5 2.42112E-5 2.16116E-5 2.3185E-5 2.46098E-5 2.63966E-5 2.61513E-5 2.36177E-5 2.62884E-5 2.78176E-5 2.8206E-5
1.44167E-6 1.55143E-6 1.3241E-6 1.32596E-6 1.47831E-6 1.61925E-6 1.62694E-6 1.44259E-6 9.36775E-7 1.0026E-6 1.07063E-6 9.3418E-7 9.70934E-7 1.03752E-6 1.14283E-6 1.12327E-6 1.51875E-6 1.48432E-6 1.27064E-6 1.12068E-6 9.19535E-7 7.0655E-7 8.67944E-7 1.33358E-6 1.35039E-6 1.36541E-6 1.3753E-6 1.48225E-6 1.64069E-6 1.65616E-6 1.7562E-6 1.7453E-6 1.70833E-6 1.72571E-6 2.3397E-6 3.64746E-6 3.63427E-6 3.1553E-6 3.49149E-6 3.51797E-6 3.52809E-6 5.26671E-6 6.67062E-6 5.93603E-6 9.157E-6 7.97639E-6 1.21399E-5 1.96224E-5 1.19294E-5 2.83876E-5 2.40054E-5 2.35235E-5 2.42445E-5 2.40942E-5 2.3311E-5 2.01133E-5 1.21551E-5 1.24136E-5 1.57634E-5 2.54246E-5 2.80423E-5 2.57266E-5 2.6311E-5 2.61169E-5 2.75777E-5 3.35386E-5
1.33215E-6 1.32819E-6 1.3801E-6 1.32397E-6 1.3743E-6 1.26941E-6 9.81025E-7 1.07256E-6 8.93526E-7 8.77753E-7 8.11216E-7 8.99851E-7 9.3237E-7 9.80095E-7 1.03825E-6 1.12009E-6 1.25815E-6 1.25982E-6 1.21501E-6 1.14297E-6 1.21543E-6 1.09687E-6 1.22735E-6 1.3539E-6 1.36655E-6 1.49253E-6 1.4988E-6 1.64953E-6 1.67479E-6 1.94991E-6 1.9092E-6 1.63712E-6 1.51851E-6 1.72148E-6 3.61769E-6 3.61743E-6 2.90376E-6 3.64339E-6 3.64686E-6 3.50189E-6 4.30695E-6 5.92307E-6 6.85384E-6 4.26818E-6 9.01357E-6 2.23535E-5 1.24393E-5 1.20165E-5 2.3588E-5 2.43952E-5 2.40811E-5 2.45207E-5 2.45836E-5 2.40344E-5 2.04493E-5 2.33544E-5 1.96532E-5 2.26584E-5 2.41495E-5 2.31793E-5 2.65627E-5 3.0367E-5 1.68616E-5 1.07545E-5 2.33076E-5 2.59422E-5
1.3297E-6 1.38837E-6 1.38972E-6 1.34562E-6 1.3085E-6 1.16263E-6 8.52823E-7 1.04785E-6 9.24574E-7 8.72089E-7 8.7329E-7 8.66724E-7 9.16888E-7 9.19767E-7 9.78369E-7 1.06934E-6 1.08949E-6 1.23043E-6 1.20551E-6 1.0895E-6 1.32092E-6 1.27978E-6 1.09074E-6 1.18737E-6 1.31415E-6 1.25185E-6 1.53877E-6 1.50111E-6 1.38144E-6 1.33718E-6 1.22632E-6 1.20508E-6 1.78006E-6 3.15587E-6 3.6037E-6 3.25771E-6 2.87524E-6 5.27616E-6 4.66921E-6 5.9764E-6 5.12096E-6 6.46394E-6 1.14551E-5 8.84052E-6 1.67286E-5 1.29632E-5 1.23039E-5 1.20478E-5 2.53814E-5 2.55178E-5 2.43699E-5 2.39573E-5 2.29988E-5 2.35194E-5 2.3643E-5 2.42794E-5 2.46501E-5 2.49062E-5 1.67362E-5 2.71209E-5 2.62336E-5 1.72197E-5 7.14687E-6 7.10082E-6 6.60814E-6 7.79256E-6
1.39208E-6 1.34492E-6 1.43929E-6 1.36079E-6 1.29013E-6 7.83939E-7 1.08177E-6 1.10071E-6 1.03871E-6 1.02567E-6 9.40383E-7 1.01688E-6 9.86275E-7 1.01184E-6 9.68256E-7 9.42571E-7 9.56824E-7 1.04275E-6 1.08012E-6 1.02712E-6 1.09736E-6 1.06122E-6 9.77213E-7 1.12187E-6 9.72469E-7 8.61805E-7 9.69019E-7 1.15243E-6 1.14985E-6 1.02404E-6 1.00073E-6 2.33373E-6 2.78008E-6 2.89612E-6 2.80265E-6 2.59104E-6 2.93659E-6 5.87116E-6 6.38371E-6 9.05338E-6 7.66942E-6 7.84168E-6 1.26463E-5 1.55033E-5 2.63984E-5 1.26402E-5 1.5262E-5 2.53628E-5 2.99822E-5 2.52096E-5 2.4235E-5 2.41851E-5 2.41433E-5 2.5334E-5 2.53778E-5 2.48895E-5 2.42785E-5 2.55862E-5 2.5533E-5 2.5815E-5 2.40614E-5 6.26744E-6 6.12365E-6 5.75468E-6 4.88172E-6 5.46062E-6
1.33744E-6 1.36651E-6 1.32609E-6 1.31085E-6 1.31384E-6 9.0406E-7 1.18614E-6 1.17348E-6 1.54513E-6 1.17306E-6 1.10224E-6 1.14744E-6 1.07152E-6 1.0894E-6 1.01222E-6 9.09737E-7 9.24846E-7 9.54514E-7 9.03642E-7 9.36395E-7 1.17555E-6 1.22338E-6 8.83498E-7 8.52778E-7 7.82375E-7 7.35908E-7 7.90636E-7 9.12259E-7 1.0352E-6 9.08113E-7 9.23157E-7 2.08041E-6 2.44178E-6 2.47321E-6 3.2106E-6 2.93153E-6 3.20833E-6 7.52427E-6 9.29734E-6 8.31859E-6 9.85788E-6 1.16156E-5 1.10804E-5 2.65315E-5 1.64986E-5 2.20366E-5 2.43394E-5 2.96043E-5 2.34552E-5 2.40411E-5 2.42968E-5 2.42319E-5 2.42294E-5 2.21237E-5 2.45659E-5 2.34909E-5 2.05751E-5 2.38381E-5 2.90689E-5 2.3469E-5 6.38498E-6 5.00788E-6 4.39856E-6 4.49124E-6 4.69669E-6 5.54285E-6
1.41608E-6 1.36686E-6 1.31358E-6 1.30095E-6 1.2807E-6 1.26266E-6 1.39609E-6 1.23186E-6 1.23941E-6 1.15062E-6 1.12642E-6 1.09198E-6 9.98947E-7 9.81805E-7 9.72754E-7 8.52723E-7 8.99158E-7 9.11214E-7 8.26177E-7 8.63912E-7 1.01066E-6 1.06459E-6 9.17681E-7 8.63773E-7 7.6684E-7 6.56539E-7 6.96936E-7 8.26324E-7 9.72462E-7 9.51736E-7 1.04423E-6 1.77849E-6 2.08353E-6 2.33994E-6 2.90121E-6 2.82109E-6 2.97018E-6 6.68472E-6 8.09203E-6 9.25989E-6 1.16947E-5 1.26605E-5 1.25435E-5 3.20522E-5 2.58567E-5 2.50197E-5 2.39398E-5 2.56607E-5 2.36609E-5 2.53583E-5 2.43564E-5 2.37011E-5 2.39792E-5 2.40199E-5 2.4731E-5 1.95648E-5 1.12607E-5 1.09344E-5 5.23614E-6 4.8969E-6 4.23311E-6 4.19604E-6 4.19874E-6 4.26922E-6 4.50826E-6 5.13432E-6
1.3319E-6 1.36143E-6 1.32174E-6 1.28363E-6 1.29321E-6 1.31849E-6 1.08027E-6 1.15962E-6 1.17621E-6 1.09503E-6 1.13712E-6 1.18342E-6 1.01928E-6 1.06533E-6 1.02524E-6 1.00501E-6 8.1109E-7 8.07571E-7 8.03171E-7 8.33231E-7 1.03343E-6 1.05482E-6 1.05585E-6 1.00792E-6 8.85115E-7 8.35745E-7 8.88861E-7 9.62492E-7 9.91068E-7 1.0242E-6 1.08791E-6 1.04069E-6 2.16075E-6 2.42323E-6 2.54978E-6 2.68614E-6 2.84589E-6 6.05706E-6 6.52369E-6 1.15967E-5 1.21044E-5 1.26604E-5 1.08851E-5 2.99045E-5 2.69694E-5 2.57465E-5 2.28607E-5 3.06466E-5 2.46798E-5 7.57103E-6 2.0594E-5 2.4056E-5 2.70155E-5 9.18755E-6 8.41392E-6 6.28202E-6 6.07222E-6 4.21789E-6 4.91455E-6 4.19057E-6 4.12635E-6 4.21703E-6 4.2292E-6 4.28059E-6 4.30793E-6 4.33643E-6
