catData/rasterBestHybridModels/Pviverrinus/RD_BM01_RM1.5_H/Pviverrinus_median.asc
ncols         409
nrows         350
xllcorner     60.897278365
yllcorner     5.843756025
cellsize      0.0892857
NODATA_value  -9999
[rows 87 to 115 of 350, columns 130 to 194 of 409]
1.03607E-5 1.50136E-5 8.88664E-6 1.70817E-5 1.8975E-5 1.91455E-5 1.74508E-5 5.87361E-6 5.77961E-6 5.844E-6 6.50967E-6 1.53171E-5 1.55611E-5 5.5658E-6 5.30497E-6 5.41087E-6 5.56321E-6 6.46036E-6 5.58329E-6 5.94852E-6 1.72506E-5 6.15654E-6 7.43252E-6 8.619E-6 1.11415E-5 8.96245E-6 9.29322E-6 1.46676E-5 3.16271E-5 3.38453E-5 3.58385E-5 3.39277E-5 3.14454E-5 3.1922E-5 4.23274E-5 4.50038E-5 4.63851E-5 4.68522E-5 4.7904E-5 2.29267E-5 2.35095E-5 2.44617E-5 5.37773E-5 5.37374E-5 5.53769E-5 3.64255E-5 2.90001E-5 3.06367E-5 3.22294E-5 3.51093E-5 3.79126E-5 8.13872E-5 9.2395E-5 1.07752E-4 1.07855E-4 1.17977E-4 1.14279E-4 1.3141E-4 1.41158E-4 1.51561E-4 1.63066E-4 1.49872E-4 1.44758E-4 1.36299E-4 1.47396E-4
1.79508E-5 1.74787E-5 1.86971E-5 1.87002E-5 1.94726E-5 1.97958E-5 6.6228E-6 5.87269E-6 5.73073E-6 5.7457E-6 7.32458E-6 1.44625E-5 5.7971E-6 5.04954E-6 5.11323E-6 5.17544E-6 5.26914E-6 5.3365E-6 4.11152E-6 4.05498E-6 4.39536E-6 4.87264E-6 4.85044E-6 4.80772E-6 5.3613E-6 8.47007E-6 9.29914E-6 9.49863E-6 1.22909E-5 1.90544E-5 1.69396E-5 1.85449E-5 3.05521E-5 3.57214E-5 4.20259E-5 4.34614E-5 4.58802E-5 4.7394E-5 4.73626E-5 2.33747E-5 2.45456E-5 2.47463E-5 4.13928E-5 4.51333E-5 2.6011E-5 3.5989E-5 5.85031E-5 6.04838E-5 6.2993E-5 3.41419E-5 3.66129E-5 8.11409E-5 9.93615E-5 1.05515E-4 1.10431E-4 1.14097E-4 1.13474E-4 1.36616E-4 1.39275E-4 1.46045E-4 1.59416E-4 1.44983E-4 1.95916E-4 1.38751E-4 1.50865E-4
1.49128E-5 1.55402E-5 1.5679E-5 1.57035E-5 1.40405E-5 8.43943E-6 5.66563E-6 5.8147E-6 5.81617E-6 5.68076E-6 9.08826E-6 1.45235E-5 7.34525E-6 4.91936E-6 5.04637E-6 5.08871E-6 5.12674E-6 5.16253E-6 3.75999E-6 3.89929E-6 4.07482E-6 4.35374E-6 4.47942E-6 4.57767E-6 7.86189E-6 8.53732E-6 8.86558E-6 9.16802E-6 1.05224E-5 1.46727E-5 1.55846E-5 1.6398E-5 3.72286E-5 3.8755E-5 4.1311E-5 4.35261E-5 4.63517E-5 4.75774E-5 4.85019E-5 3.85994E-5 4.00038E-5 5.11353E-5 2.44592E-5 2.51738E-5 5.45355E-5 5.45177E-5 5.72077E-5 5.93385E-5 3.17808E-5 6.22709E-5 4.4052E-5 7.65579E-5 9.17703E-5 9.86051E-5 1.01998E-4 1.05328E-4 1.3176E-4 1.30534E-4 1.31346E-4 1.33515E-4 1.46162E-4 1.41347E-4 1.32124E-4 1.33443E-4 1.33329E-4
1.46542E-5 1.53831E-5 1.57588E-5 1.52863E-5 1.17435E-5 6.08416E-6 6.2742E-6 5.65562E-6 5.08333E-6 4.63212E-6 7.87705E-6 9.46029E-6 4.18946E-6 3.53887E-6 4.62009E-6 5.04192E-6 4.40788E-6 3.97908E-6 3.72352E-6 3.86022E-6 4.06905E-6 4.18713E-6 4.59698E-6 5.95351E-6 8.34885E-6 8.51538E-6 8.68336E-6 1.08328E-5 1.23969E-5 1.31379E-5 1.35697E-5 1.40249E-5 1.78759E-5 3.70495E-5 3.91514E-5 4.2103E-5 4.40795E-5 4.57184E-5 4.69888E-5 4.78679E-5 2.34012E-5 5.00098E-5 2.4049E-5 5.34464E-5 5.45358E-5 5.52497E-5 5.69221E-5 5.90397E-5 6.11107E-5 6.33123E-5 6.62196E-5 6.91144E-5 7.56891E-5 8.38333E-5 9.25413E-5 1.06793E-4 1.33626E-4 1.2412E-4 1.20955E-4 1.01919E-4 1.36129E-4 1.36334E-4 1.31251E-4 1.31926E-4 1.38256E-4
1.43707E-5 1.43109E-5 9.04552E-6 6.86998E-6 6.93629E-6 6.87056E-6 6.79754E-6 6.15223E-6 2.36161E-6 2.01647E-6 2.04885E-6 1.96371E-6 2.23201E-6 2.30683E-6 2.92882E-6 2.65122E-6 2.54174E-6 2.50459E-6 3.30779E-6 3.93616E-6 4.11708E-6 5.20151E-6 7.23617E-6 7.43097E-6 7.61481E-6 8.1532E-6 7.46143E-6 1.05837E-5 1.00871E-5 1.27632E-5 1.31614E-5 1.28069E-5 1.37889E-5 1.38249E-5 1.849E-5 3.45143E-5 4.14134E-5 4.29891E-5 4.17753E-5 4.71181E-5 4.83691E-5 4.95125E-5 3.08141E-5 5.32214E-5 5.48236E-5 5.3922E-5 5.78008E-5 5.93138E-5 5.94128E-5 6.20753E-5 6.41033E-5 6.62275E-5 7.2799E-5 7.97913E-5 8.70289E-5 1.03291E-4 1.27726E-4 1.23074E-4 1.32594E-4 1.20395E-4 1.3019E-4 1.32348E-4 1.82039E-4 1.28112E-4 1.27077E-4
3.95365E-6 2.30252E-6 6.77756E-6 6.87071E-6 6.90799E-6 6.82193E-6 6.59524E-6 3.42519E-6 1.85431E-6 2.03694E-6 1.97326E-6 2.04847E-6 2.31122E-6 2.32299E-6 2.3363E-6 2.39767E-6 2.42556E-6 2.51781E-6 3.42339E-6 4.02224E-6 4.15557E-6 4.505E-6 6.61035E-6 6.57882E-6 6.10459E-6 6.71452E-6 6.24568E-6 6.59032E-6 7.26836E-6 8.06548E-6 1.19659E-5 1.22766E-5 1.2652E-5 1.31605E-5 1.64229E-5 1.93325E-5 3.32489E-5 3.3999E-5 3.62296E-5 4.47924E-5 4.61784E-5 4.83672E-5 5.01822E-5 5.25947E-5 5.49199E-5 5.54002E-5 5.80309E-5 5.69452E-5 5.81439E-5 6.03852E-5 6.27702E-5 6.42154E-5 7.052E-5 8.12688E-5 8.93017E-5 9.71741E-5 1.0317E-4 1.16027E-4 1.13891E-4 1.23394E-4 1.15946E-4 1.33618E-4 1.30189E-4 1.22414E-4 1.1827E-4
2.11249E-6 2.24159E-6 2.40286E-6 2.65891E-6 4.0664E-6 4.82069E-6 2.7091E-6 2.11662E-6 2.0417E-6 1.95614E-6 2.07139E-6 2.27158E-6 2.32609E-6 2.34611E-6 2.36033E-6 2.43487E-6 2.50923E-6 2.5832E-6 2.91675E-6 4.20165E-6 4.39576E-6 4.47715E-6 4.59094E-6 4.73595E-6 4.85488E-6 5.56375E-6 6.10885E-6 6.33379E-6 6.56633E-6 7.09548E-6 1.01773E-5 1.20384E-5 1.24105E-5 1.33625E-5 1.56662E-5 1.91799E-5 3.25929E-5 3.32005E-5 4.07932E-5 4.28033E-5 4.42786E-5 4.66258E-5 4.82586E-5 5.10816E-5 5.26873E-5 5.58793E-5 5.686E-5 5.77142E-5 5.80658E-5 5.82359E-5 5.94708E-5 8.11785E-5 8.85304E-5 9.39843E-5 1.04953E-4 1.1342E-4 1.02652E-4 1.02276E-4 1.0747E-4 1.16933E-4 1.22329E-4 1.26902E-4 1.27346E-4 1.63089E-4 1.17061E-4
2.06453E-6 2.10884E-6 2.06853E-6 2.10653E-6 1.9763E-6 2.00211E-6 2.01506E-6 1.97323E-6 1.92253E-6 1.95904E-6 2.30316E-6 2.3528E-6 2.34178E-6 2.43465E-6 2.46735E-6 2.5145E-6 2.71372E-6 2.69236E-6 3.95038E-6 4.34947E-6 4.49798E-6 4.57582E-6 4.6552E-6 4.77916E-6 4.88299E-6 5.67027E-6 6.01983E-6 6.21817E-6 6.69934E-6 6.98786E-6 9.94435E-6 1.17645E-5 1.31488E-5 1.55211E-5 1.78396E-5 2.076E-5 2.49911E-5 3.41833E-5 4.08038E-5 4.1973E-5 4.38498E-5 4.63101E-5 4.83838E-5 5.03181E-5 5.27045E-5 5.49115E-5 5.56557E-5 5.58996E-5 5.74826E-5 6.75903E-5 7.42201E-5 7.43594E-5 8.05688E-5 8.67264E-5 9.65433E-5 8.97715E-5 1.08879E-4 1.21918E-4 1.01241E-4 1.04521E-4 1.14954E-4 1.18445E-4 8.53992E-5 1.62064E-4 1.09983E-4
2.02401E-6 2.04824E-6 2.10586E-6 1.99676E-6 1.85248E-6 1.96801E-6 1.97377E-6 1.95542E-6 1.93765E-6 1.98503E-6 2.3582E-6 2.35241E-6 2.42326E-6 2.53331E-6 2.52004E-6 2.58321E-6 2.59229E-6 2.72601E-6 4.22754E-6 4.46286E-6 4.6137E-6 4.68679E-6 4.75991E-6 4.88575E-6 5.00227E-6 5.36283E-6 7.55738E-6 7.92244E-6 8.00469E-6 6.8935E-6 8.42325E-6 1.16666E-5 1.21809E-5 1.47067E-5 1.59178E-5 2.12072E-5 2.28127E-5 3.92596E-5 4.20762E-5 4.1856E-5 4.4137E-5 4.5351E-5 4.7057E-5 4.95427E-5 5.08514E-5 5.18543E-5 5.30002E-5 5.38514E-5 5.7721E-5 6.66118E-5 5.8906E-5 7.5306E-5 7.73543E-5 8.52998E-5 7.54632E-5 8.08576E-5 8.68406E-5 9.53539E-5 9.52972E-5 1.00697E-4 1.01317E-4 1.02693E-4 1.16479E-4 1.5421E-4 1.06693E-4
2.02061E-6 2.12419E-6 1.88716E-6 1.88775E-6 1.83849E-6 1.89615E-6 1.98678E-6 2.00159E-6 1.97529E-6 2.00283E-6 2.16319E-6 2.39102E-6 2.48194E-6 2.65708E-6 2.51942E-6 2.56231E-6 2.61149E-6 2.85285E-6 4.40201E-6 4.54502E-6 4.71068E-6 4.84692E-6 4.91749E-6 4.99368E-6 5.12082E-6 8.0036E-6 1.28959E-5 1.31142E-5 9.78095E-6 1.11814E-5 7.25947E-6 1.19186E-5 1.14152E-5 1.18465E-5 1.99463E-5 3.81054E-5 2.52238E-5 2.96289E-5 4.21162E-5 4.32216E-5 4.33604E-5 4.53681E-5 4.6885E-5 4.7963E-5 4.92656E-5 4.97699E-5 5.13969E-5 5.20858E-5 5.75221E-5 6.11162E-5 7.21215E-5 5.52027E-5 6.04482E-5 7.1805E-5 9.2679E-5 7.54467E-5 7.82293E-5 8.67488E-5 8.76409E-5 9.21891E-5 9.19247E-5 9.29972E-5 9.97147E-5 1.1367E-4 1.48368E-4
2.08746E-6 2.09743E-6 1.92229E-6 1.97465E-6 1.86825E-6 1.89223E-6 1.93691E-6 1.98483E-6 2.00785E-6 1.91216E-6 2.12358E-6 2.79534E-6 3.69437E-6 3.74512E-6 2.75849E-6 2.5824E-6 2.64403E-6 3.50506E-6 4.48664E-6 4.5947E-6 4.81379E-6 4.89573E-6 4.95126E-6 5.05612E-6 5.28105E-6 8.84089E-6 1.29461E-5 1.42191E-5 1.35285E-5 1.80976E-5 2.35685E-5 2.48372E-5 1.23905E-5 1.53713E-5 3.54726E-5 3.76189E-5 3.85744E-5 3.32215E-5 4.17199E-5 4.09098E-5 4.2412E-5 4.53239E-5 4.69408E-5 4.82269E-5 4.82994E-5 4.75707E-5 4.90826E-5 5.19785E-5 5.34455E-5 5.58888E-5 5.51685E-5 5.58354E-5 5.67996E-5 8.11969E-5 7.4759E-5 7.70722E-5 7.8076E-5 8.21176E-5 8.16529E-5 9.13713E-5 8.93812E-5 9.05566E-5 9.60119E-5 1.09533E-4 1.54063E-4
2.13153E-6 2.03965E-6 1.92287E-6 1.92369E-6 1.92205E-6 1.93428E-6 1.94423E-6 1.95515E-6 1.95402E-6 1.96457E-6 3.46469E-6 1.74987E-5 1.74505E-5 1.77508E-5 4.27955E-6 2.88584E-6 3.21414E-6 3.51276E-6 3.70962E-6 3.93924E-6 4.45788E-6 4.81685E-6 4.91171E-6 5.10954E-6 5.96683E-6 1.2699E-5 1.29919E-5 1.28425E-5 1.55379E-5 2.21486E-5 3.10495E-5 2.89046E-5 3.13517E-5 3.41075E-5 3.55467E-5 3.72198E-5 3.76564E-5 3.79482E-5 3.88797E-5 3.98572E-5 4.36518E-5 4.55127E-5 4.50984E-5 4.63245E-5 4.67471E-5 4.66459E-5 4.86472E-5 5.08948E-5 5.24428E-5 5.23718E-5 5.38075E-5 5.29469E-5 5.80172E-5 6.29034E-5 7.12637E-5 7.48973E-5 7.1973E-5 7.85162E-5 7.7656E-5 8.10532E-5 8.61696E-5 8.98076E-5 9.58877E-5 9.74532E-5 1.50028E-4
2.04902E-6 1.94969E-6 1.91255E-6 1.93078E-6 1.94447E-6 1.95757E-6 1.98347E-6 1.99255E-6 1.9803E-6 2.02074E-6 1.68532E-5 1.73685E-5 1.75269E-5 1.41776E-5 3.36805E-6 3.36123E-6 3.39853E-6 3.53492E-6 3.76255E-6 3.80133E-6 3.81341E-6 6.1728E-6 6.52191E-6 8.23468E-6 1.13084E-5 1.22737E-5 1.29606E-5 1.63207E-5 2.25225E-5 2.76708E-5 2.91185E-5 2.96168E-5 3.01889E-5 3.14937E-5 3.52301E-5 3.67344E-5 3.66331E-5 3.67931E-5 3.90698E-5 4.01465E-5 4.28205E-5 4.53831E-5 2.88772E-5 4.49478E-5 4.55363E-5 5.74643E-5 4.68746E-5 4.82814E-5 6.62052E-5 5.16368E-5 5.27221E-5 5.464E-5 5.69217E-5 5.91854E-5 6.40532E-5 8.07227E-5 6.82505E-5 7.4502E-5 7.4852E-5 7.68517E-5 8.02439E-5 8.55772E-5 8.76716E-5 9.19575E-5 1.05843E-4
2.11291E-6 2.1617E-6 1.99691E-6 1.9434E-6 1.97361E-6 1.97751E-6 1.97695E-6 1.96208E-6 2.00857E-6 1.21876E-5 1.71431E-5 1.72608E-5 1.7128E-5 3.85321E-6 3.337E-6 3.34064E-6 3.38779E-6 3.52416E-6 3.68263E-6 3.77024E-6 3.89213E-6 7.56497E-6 1.09344E-5 1.11602E-5 1.15597E-5 1.29249E-5 2.21612E-5 2.50537E-5 2.61404E-5 2.79723E-5 2.89704E-5 2.97308E-5 3.03507E-5 3.55399E-5 3.54916E-5 3.54407E-5 3.38762E-5 3.4828E-5 3.70837E-5 4.02043E-5 4.29618E-5 4.53788E-5 4.58475E-5 4.47054E-5 4.52621E-5 4.39508E-5 4.80342E-5 4.84409E-5 4.891E-5 4.18824E-5 5.22578E-5 5.15723E-5 5.69414E-5 5.82318E-5 6.2407E-5 6.50786E-5 6.59525E-5 6.76112E-5 7.14829E-5 7.62326E-5 7.47035E-5 8.34606E-5 8.55114E-5 8.923E-5 9.30595E-5
2.16447E-6 2.06212E-6 2.06021E-6 1.97152E-6 2.04143E-6 2.12065E-6 2.04616E-6 6.61262E-6 2.24852E-5 2.30337E-5 1.74567E-5 1.73793E-5 1.78933E-5 4.78744E-6 3.58195E-6 3.52779E-6 3.46773E-6 3.57978E-6 3.674E-6 3.80084E-6 5.77823E-6 1.07345E-5 1.09263E-5 1.12096E-5 1.16188E-5 1.35506E-5 2.50225E-5 2.5773E-5 2.7236E-5 2.83453E-5 2.78782E-5 2.85028E-5 3.41372E-5 3.41436E-5 3.54114E-5 3.62276E-5 2.59438E-5 3.57354E-5 3.69736E-5 3.90099E-5 4.22616E-5 4.41605E-5 4.48889E-5 4.51431E-5 4.44986E-5 4.86678E-5 4.90471E-5 4.91192E-5 4.97073E-5 2.49555E-5 4.89642E-5 5.44788E-5 5.31603E-5 5.76989E-5 5.91941E-5 6.07028E-5 6.21948E-5 6.47038E-5 6.64644E-5 7.14068E-5 7.10678E-5 7.49757E-5 8.15879E-5 8.59446E-5 8.87698E-5
2.02766E-6 2.03073E-6 2.09641E-6 2.13928E-6 2.22347E-6 2.27829E-6 2.30481E-6 1.74647E-5 1.69967E-5 1.75453E-5 1.88605E-5 1.8154E-5 1.86345E-5 5.27119E-6 4.06582E-6 3.65111E-6 3.5923E-6 3.68426E-6 3.75428E-6 3.8632E-6 6.6004E-6 8.66646E-6 9.58779E-6 1.0805E-5 1.17956E-5 1.30583E-5 2.36509E-5 2.423E-5 2.35517E-5 2.43455E-5 2.89071E-5 3.47662E-5 3.50681E-5 2.91653E-5 3.00695E-5 3.65341E-5 1.83132E-5 2.63587E-5 3.7016E-5 3.74472E-5 4.13012E-5 4.26626E-5 4.54335E-5 4.60975E-5 4.74171E-5 4.83395E-5 4.92665E-5 5.00016E-5 5.01937E-5 5.03574E-5 4.82602E-5 5.33848E-5 5.44886E-5 5.59588E-5 5.80315E-5 6.0831E-5 6.07199E-5 6.26942E-5 6.66141E-5 7.00974E-5 7.31372E-5 7.30909E-5 7.72026E-5 9.01059E-5 8.69929E-5
2.06387E-6 2.1214E-6 2.19098E-6 2.244E-6 2.32148E-6 2.45044E-6 2.60169E-6 1.95434E-5 1.95814E-5 1.64862E-5 9.62795E-6 9.39552E-6 4.37617E-6 4.44106E-6 4.6057E-6 3.63107E-6 3.6249E-6 3.76472E-6 3.88179E-6 4.48592E-6 8.28704E-6 8.60195E-6 8.74867E-6 9.07088E-6 9.497E-6 1.75733E-5 1.99891E-5 2.05485E-5 2.20867E-5 2.56929E-5 3.16493E-5 3.55344E-5 3.56554E-5 2.9618E-5 2.78712E-5 3.05858E-5 2.79109E-5 3.77927E-5 3.33973E-5 3.93727E-5 4.12529E-5 4.40832E-5 4.59713E-5 4.66769E-5 4.77534E-5 4.88726E-5 4.92476E-5 5.0235E-5 5.03641E-5 4.26604E-5 4.98739E-5 4.89832E-5 5.40125E-5 5.5569E-5 5.80043E-5 6.14035E-5 6.02435E-5 5.91113E-5 6.51378E-5 6.90969E-5 7.29458E-5 7.2698E-5 7.48936E-5 8.04576E-5 8.90165E-5
2.14052E-6 2.20526E-6 2.25452E-6 2.28651E-6 2.28126E-6 2.34491E-6 3.20329E-6 4.19575E-6 4.18562E-6 4.19844E-6 4.23215E-6 4.24224E-6 4.20772E-6 4.25283E-6 4.38604E-6 4.46283E-6 4.20642E-6 5.70884E-6 4.03048E-6 4.83005E-6 8.09717E-6 8.61286E-6 8.7364E-6 9.0163E-6 9.29956E-6 1.27276E-5 2.18787E-5 2.2783E-5 2.39738E-5 3.29156E-5 3.49093E-5 3.47818E-5 3.52531E-5 2.1434E-5 1.78104E-5 2.79627E-5 3.45263E-5 2.65424E-5 3.38687E-5 4.00658E-5 4.19285E-5 4.40831E-5 4.5237E-5 4.6872E-5 4.88061E-5 4.97394E-5 3.69317E-5 3.4952E-5 5.15547E-5 5.21691E-5 5.27871E-5 4.78913E-5 5.27302E-5 5.68074E-5 5.9569E-5 6.06295E-5 6.19197E-5 7.42628E-5 7.46967E-5 6.66278E-5 6.98079E-5 7.40537E-5 7.83087E-5 8.26344E-5 7.71309E-5
2.17415E-6 2.22084E-6 2.26002E-6 2.25773E-6 2.27381E-6 2.28472E-6 3.54795E-6 4.20942E-6 4.26791E-6 4.28279E-6 4.25461E-6 4.2335E-6 4.21271E-6 4.25402E-6 4.32713E-6 7.24624E-6 7.9284E-6 8.1961E-6 7.25371E-6 8.14509E-6 8.5137E-6 9.87691E-6 9.43385E-6 1.03675E-5 1.02429E-5 2.14337E-5 2.33522E-5 2.89383E-5 2.94909E-5 3.18633E-5 3.39758E-5 2.90808E-5 2.93684E-5 1.59517E-5 3.31852E-5 3.52795E-5 3.14225E-5 3.28269E-5 2.48127E-5 4.08523E-5 4.23821E-5 4.43016E-5 4.60104E-5 4.8198E-5 3.48711E-5 4.9098E-5 2.88028E-5 5.23522E-5 5.25477E-5 5.27874E-5 5.32523E-5 4.86388E-5 5.48312E-5 5.57284E-5 5.94383E-5 5.9986E-5 6.05006E-5 6.10397E-5 5.94466E-5 6.43995E-5 6.68031E-5 6.79707E-5 6.99264E-5 7.21037E-5 7.21923E-5
2.76429E-6 2.93716E-6 2.26138E-6 2.52142E-6 2.28608E-6 2.28074E-6 3.50937E-6 4.24173E-6 4.27278E-6 4.24537E-6 4.22438E-6 4.19915E-6 4.23684E-6 4.25374E-6 4.34621E-6 6.8568E-6 7.86746E-6 8.18917E-6 8.3103E-6 8.52306E-6 1.12171E-5 1.01773E-5 1.05328E-5 1.11085E-5 1.15687E-5 1.99337E-5 2.78969E-5 3.1679E-5 2.90037E-5 2.78479E-5 3.37184E-5 2.55228E-5 2.08233E-5 1.9055E-5 3.3187E-5 3.63853E-5 3.76523E-5 3.02977E-5 3.89903E-5 4.1292E-5 4.32668E-5 4.4633E-5 4.67074E-5 2.40966E-5 3.84923E-5 5.04211E-5 5.40932E-5 5.30176E-5 5.31909E-5 5.44916E-5 5.46555E-5 5.26184E-5 5.24177E-5 5.35206E-5 5.74207E-5 5.9211E-5 5.90593E-5 5.93289E-5 5.80081E-5 6.27492E-5 6.4978E-5 6.94706E-5 7.16536E-5 7.08446E-5 7.07122E-5
3.35948E-6 3.29014E-6 3.18383E-6 2.72305E-6 2.30104E-6 2.32863E-6 3.95011E-6 4.30383E-6 4.25766E-6 4.1879E-6 4.18324E-6 5.09983E-6 5.44445E-6 5.14091E-6 5.0425E-6 5.90081E-6 6.25117E-6 6.06654E-6 8.24333E-6 9.48952E-6 9.96369E-6 1.02567E-5 1.15607E-5 1.12898E-5 1.31055E-5 2.35659E-5 3.2094E-5 3.20872E-5 3.07492E-5 3.17527E-5 2.36516E-5 2.58543E-5 2.86534E-5 3.52429E-5 3.56209E-5 3.5594E-5 3.72161E-5 3.7787E-5 2.00944E-5 1.87412E-5 3.44276E-5 2.2564E-5 3.52618E-5 2.11436E-5 2.78181E-5 5.14289E-5 5.37309E-5 5.36063E-5 5.39005E-5 5.51611E-5 5.59248E-5 5.05933E-5 5.36936E-5 5.05701E-5 5.62211E-5 5.88421E-5 5.90921E-5 5.67453E-5 7.78289E-5 6.25879E-5 6.11804E-5 6.35816E-5 6.88623E-5 6.84467E-5 6.72948E-5
3.39456E-6 3.33242E-6 3.41248E-6 3.4621E-6 3.24114E-6 2.77136E-6 3.77414E-6 4.36267E-6 4.29456E-6 4.29079E-6 4.26973E-6 7.22907E-6 7.61216E-6 6.32566E-6 5.44162E-6 5.48662E-6 5.61526E-6 5.71212E-6 6.01298E-6 1.00825E-5 9.96064E-6 1.18892E-5 1.25716E-5 1.31212E-5 1.40214E-5 1.66625E-5 2.2722E-5 2.54031E-5 2.66002E-5 2.553E-5 2.37869E-5 2.71019E-5 2.80735E-5 3.63327E-5 3.46872E-5 3.61312E-5 3.56493E-5 3.95572E-5 4.04226E-5 3.42907E-5 2.0868E-5 2.61033E-5 3.14166E-5 2.57663E-5 2.88677E-5 5.44576E-5 5.43557E-5 5.39117E-5 5.40668E-5 5.02503E-5 5.65892E-5 5.58271E-5 5.63757E-5 5.45214E-5 5.75922E-5 5.32446E-5 5.68305E-5 5.85405E-5 5.61553E-5 5.85708E-5 6.08543E-5 6.29493E-5 6.42219E-5 6.81674E-5 6.80356E-5
3.59044E-6 3.54778E-6 3.59063E-6 3.60323E-6 3.57959E-6 3.57869E-6 3.60843E-6 4.46446E-6 4.43902E-6 4.35615E-6 5.09846E-6 7.66829E-6 7.90502E-6 8.02155E-6 7.26404E-6 5.52318E-6 5.70705E-6 5.82343E-6 5.76763E-6 6.38291E-6 1.09658E-5 1.19815E-5 1.31399E-5 1.36811E-5 1.41468E-5 1.59962E-5 2.0622E-5 2.11218E-5 2.10253E-5 2.06981E-5 2.53099E-5 2.71973E-5 2.71064E-5 3.49709E-5 3.36961E-5 3.72072E-5 3.58146E-5 4.08807E-5 4.2709E-5 4.47808E-5 3.41202E-5 1.89433E-5 2.60275E-5 2.57273E-5 2.89138E-5 5.54425E-5 5.50017E-5 5.44347E-5 5.41852E-5 5.29963E-5 5.50526E-5 5.68169E-5 5.70465E-5 5.48265E-5 5.65096E-5 5.71207E-5 5.60913E-5 5.60286E-5 5.75943E-5 5.70231E-5 5.86741E-5 6.51743E-5 6.66372E-5 6.69012E-5 6.66156E-5
3.71348E-6 3.67496E-6 3.71683E-6 3.69381E-6 3.68587E-6 3.70218E-6 4.44157E-6 5.00179E-6 4.74869E-6 4.87878E-6 5.10759E-6 7.92402E-6 7.98934E-6 7.98164E-6 7.41706E-6 6.18826E-6 6.37765E-6 5.69719E-6 5.58043E-6 5.54686E-6 8.31414E-6 1.20508E-5 1.19009E-5 1.40088E-5 1.46743E-5 1.62978E-5 2.02044E-5 2.05022E-5 2.04905E-5 2.45038E-5 2.56259E-5 2.62018E-5 3.42303E-5 3.40492E-5 3.4413E-5 4.10476E-5 4.19434E-5 4.2624E-5 4.33344E-5 3.09265E-5 2.18481E-5 1.89316E-5 2.13251E-5 3.24448E-5 5.19554E-5 2.66721E-5 4.28335E-5 5.34018E-5 5.37707E-5 5.24381E-5 5.41272E-5 5.57482E-5 5.64388E-5 5.68468E-5 5.61529E-5 5.62145E-5 5.74813E-5 5.77592E-5 5.94438E-5 6.24532E-5 8.57793E-5 8.7974E-5 7.06059E-5 6.9477E-5 6.8791E-5
3.72143E-6 3.77468E-6 3.82885E-6 3.83431E-6 3.84644E-6 3.85038E-6 4.24612E-6 5.15145E-6 5.09591E-6 5.06779E-6 5.74051E-6 7.96671E-6 8.24554E-6 7.88377E-6 9.34861E-6 8.09977E-6 6.69724E-6 5.77442E-6 5.93322E-6 5.58507E-6 8.08304E-6 1.27298E-5 1.36825E-5 1.35246E-5 1.47887E-5 1.71991E-5 2.0174E-5 2.05459E-5 2.07634E-5 2.12763E-5 2.50217E-5 2.56222E-5 3.45493E-5 3.48705E-5 3.52818E-5 4.19737E-5 4.37404E-5 4.3812E-5 3.06283E-5 2.05604E-5 2.09782E-5 1.8389E-5 2.36772E-5 3.15291E-5 2.98657E-5 5.15888E-5 5.09858E-5 5.23466E-5 5.29813E-5 5.33466E-5 5.50033E-5 5.19449E-5 5.68339E-5 5.59067E-5 5.61648E-5 5.76699E-5 5.96796E-5 6.07224E-5 6.3881E-5 6.68083E-5 7.51135E-5 7.82994E-5 8.00368E-5 7.10788E-5 7.02414E-5
3.79956E-6 3.87351E-6 4.11193E-6 4.37795E-6 4.73796E-6 4.90509E-6 4.9978E-6 5.23617E-6 5.20997E-6 5.29141E-6 5.76662E-6 8.18273E-6 7.99143E-6 9.02405E-6 9.25575E-6 7.97284E-6 8.90941E-6 8.47183E-6 6.42248E-6 6.79258E-6 9.52827E-6 1.33692E-5 1.34129E-5 1.31675E-5 1.389E-5 1.61438E-5 1.87206E-5 2.08455E-5 2.1359E-5 2.145E-5 2.54124E-5 3.30819E-5 3.31653E-5 3.62571E-5 5.12351E-5 3.96933E-5 4.03157E-5 3.71042E-5 3.04721E-5 2.36385E-5 3.28452E-5 2.08049E-5 2.92886E-5 3.30144E-5 4.38029E-5 4.16528E-5 5.1803E-5 5.2354E-5 5.32625E-5 5.40464E-5 5.4805E-5 5.53263E-5 5.5333E-5 5.57911E-5 5.69457E-5 5.8758E-5 6.04857E-5 6.36611E-5 6.80237E-5 6.98771E-5 7.09757E-5 7.11393E-5 6.97473E-5 6.85102E-5 7.45032E-5
4.45174E-6 4.71557E-6 4.91451E-6 4.99038E-6 5.04872E-6 5.06993E-6 5.20708E-6 5.37888E-6 5.28967E-6 5.68135E-6 6.30521E-6 8.71889E-6 8.14697E-6 9.21617E-6 9.99249E-6 8.25131E-6 9.06631E-6 7.09428E-6 8.34279E-6 6.9457E-6 1.00785E-5 1.30232E-5 1.27552E-5 7.29851E-6 8.69369E-6 2.07885E-5 1.59545E-5 1.88336E-5 2.24314E-5 2.67481E-5 3.00744E-5 2.94612E-5 3.45164E-5 4.86645E-5 5.12617E-5 4.98561E-5 5.27634E-5 5.55106E-5 4.45044E-5 1.6841E-5 3.61656E-5 2.78265E-5 4.71131E-5 4.91863E-5 5.09442E-5 5.06696E-5 4.94924E-5 4.99781E-5 5.18645E-5 5.13153E-5 5.14038E-5 5.3084E-5 5.5505E-5 5.6683E-5 5.87909E-5 6.13049E-5 6.09175E-5 6.36597E-5 6.66845E-5 6.9853E-5 7.16173E-5 7.18227E-5 7.05919E-5 6.94417E-5 7.00475E-5
4.87778E-6 4.92529E-6 4.94356E-6 5.0468E-6 5.12762E-6 5.22439E-6 5.38876E-6 5.42493E-6 5.71017E-6 7.4832E-6 7.93895E-6 9.18979E-6 7.87122E-6 8.39612E-6 1.05494E-5 1.03889E-5 8.47378E-6 6.93732E-6 6.92236E-6 6.85396E-6 6.86622E-6 5.97583E-6 7.5961E-6 1.0254E-5 1.02605E-5 1.93887E-5 1.26026E-5 1.69979E-5 2.71935E-5 3.09991E-5 3.1875E-5 3.23266E-5 1.96138E-5 3.60618E-5 3.70338E-5 5.10112E-5 5.22934E-5 4.21789E-5 3.50936E-5 4.70583E-5 4.6994E-5 4.77309E-5 3.3126E-5 3.3984E-5 4.51674E-5 2.59223E-5 4.20138E-5 5.05055E-5 4.32359E-5 5.09361E-5 5.16995E-5 5.33867E-5 5.32351E-5 5.66784E-5 5.86725E-5 5.66836E-5 6.08558E-5 6.35426E-5 6.62263E-5 6.90413E-5 7.00534E-5 7.03553E-5 6.99218E-5 7.2176E-5 7.02402E-5
4.88043E-6 5.08253E-6 5.17352E-6 5.25244E-6 5.20955E-6 5.30459E-6 5.58472E-6 5.34404E-6 5.42749E-6 7.40954E-6 9.44745E-6 1.01229E-5 1.00186E-5 8.47423E-6 9.79133E-6 9.58991E-6 1.03596E-5 8.27247E-6 6.9136E-6 6.852E-6 4.59417E-6 4.52285E-6 1.00934E-5 1.08571E-5 1.21899E-5 8.92025E-6 7.70969E-6 1.08519E-5 1.0644E-5 2.23594E-5 2.99052E-5 1.39914E-5 1.33022E-5 1.35322E-5 1.13241E-5 1.67305E-5 1.81535E-5 1.80453E-5 4.57193E-5 2.09305E-5 3.08321E-5 4.80502E-5 4.85095E-5 3.41901E-5 2.49513E-5 4.14045E-5 4.48783E-5 4.90277E-5 4.17039E-5 5.09064E-5 5.20009E-5 4.89957E-5 5.34937E-5 5.31159E-5 5.46092E-5 5.62233E-5 4.72866E-5 4.7065E-5 6.6133E-5 6.84749E-5 6.74743E-5 6.9623E-5 7.21566E-5 7.06376E-5 7.35339E-5
