catData/rasterBestHybridModels/Pviverrinus/RD_BM01_RM1.5_H/Pviverrinus_max.asc
ncols         409
nrows         350
xllcorner     60.897278365
yllcorner     5.843756025
cellsize      0.0892857
NODATA_value  -9999
[rows 116 to 144 of 350, columns 198 to 263 of 409]
6.51342E-5 6.4837E-5 8.91466E-5 1.18103E-4 9.07833E-5 1.21462E-4 9.18934E-5 1.16228E-4 1.16413E-4 1.15682E-4 1.19022E-4 1.2464E-4 1.22973E-4 1.24911E-4 1.28275E-4 1.3352E-4 1.45335E-4 1.55285E-4 1.80605E-4 1.6743E-4 1.66542E-4 1.78346E-4 1.782E-4 1.82502E-4 1.93259E-4 1.97724E-4 2.06456E-4 2.03965E-4 2.32673E-4 2.12775E-4 2.26995E-4 2.14092E-4 2.1508E-4 2.3718E-4 2.49538E-4 2.35716E-4 2.41049E-4 2.73837E-4 2.62455E-4 1.5059E-4 2.55077E-4 2.95584E-4 3.62364E-4 2.94967E-4 3.34825E-4 3.532E-4 3.47285E-4 3.52511E-4 3.30043E-4 3.16705E-4 3.04819E-4 3.0629E-4 3.62366E-4 3.98835E-4 4.62681E-4 4.29228E-4 3.00534E-4 2.46245E-4 4.60228E-4 5.03906E-4 5.01062E-4 4.92917E-4 4.87283E-4 4.77144E-4 5.03007E-4 4.77057E-4
6.56859E-5 8.84132E-5 8.75882E-5 8.76649E-5 8.92013E-5 9.72751E-5 1.06363E-4 1.0323E-4 8.98776E-5 1.17434E-4 1.46205E-4 1.18509E-4 1.1991E-4 1.20859E-4 1.23329E-4 1.25592E-4 1.32426E-4 1.47579E-4 1.47703E-4 1.54553E-4 1.38327E-4 1.6013E-4 1.73978E-4 1.72241E-4 1.80755E-4 1.78604E-4 1.81833E-4 1.95477E-4 2.22493E-4 1.94462E-4 2.02001E-4 1.82547E-4 2.0796E-4 1.96186E-4 2.40632E-4 2.40967E-4 2.23745E-4 2.54391E-4 2.54626E-4 2.8351E-4 2.40669E-4 2.31618E-4 2.57782E-4 3.07348E-4 3.80103E-4 3.33889E-4 3.48071E-4 3.24424E-4 3.289E-4 3.04447E-4 3.06082E-4 2.86247E-4 3.10938E-4 3.52131E-4 3.64422E-4 3.86722E-4 3.85202E-4 2.18982E-4 3.38831E-4 4.21851E-4 3.5922E-4 3.06714E-4 4.44462E-4 4.50952E-4 4.36574E-4 4.80002E-4
8.90964E-5 8.68264E-5 8.58723E-5 8.57714E-5 6.83912E-5 5.24653E-5 9.25257E-5 9.04357E-5 1.21973E-4 1.17602E-4 1.2144E-4 7.92847E-5 1.17691E-4 1.17132E-4 1.01481E-4 1.21027E-4 1.25987E-4 1.35639E-4 1.57039E-4 1.38353E-4 1.07237E-4 1.49204E-4 1.68469E-4 1.27274E-4 1.68842E-4 1.66049E-4 1.7799E-4 1.65622E-4 2.13582E-4 1.99813E-4 2.25124E-4 2.186E-4 2.29013E-4 2.31386E-4 1.97069E-4 1.6414E-4 2.05093E-4 2.33251E-4 2.38342E-4 2.48823E-4 2.71895E-4 2.57177E-4 2.71029E-4 1.50807E-4 2.08503E-4 3.16151E-4 3.79527E-4 3.66678E-4 3.27931E-4 3.3295E-4 3.02747E-4 2.83342E-4 2.8716E-4 3.04085E-4 2.21969E-4 3.38617E-4 2.96719E-4 3.69301E-4 3.76334E-4 3.98735E-4 3.87674E-4 3.87854E-4 4.23263E-4 4.07616E-4 3.98805E-4 4.62167E-4
8.72309E-5 8.38012E-5 7.25123E-5 4.595E-5 7.49325E-5 3.99401E-5 5.79253E-5 6.61007E-5 6.4892E-5 6.90927E-5 9.08367E-5 1.17361E-4 1.17047E-4 1.17445E-4 1.17241E-4 1.18351E-4 1.22794E-4 1.23978E-4 1.43756E-4 1.14893E-4 1.08891E-4 1.53018E-4 1.54464E-4 1.60098E-4 1.66148E-4 1.55014E-4 1.73077E-4 1.82218E-4 2.02916E-4 2.05262E-4 2.04535E-4 2.07142E-4 2.18747E-4 2.09527E-4 2.26261E-4 1.91134E-4 1.62006E-4 1.99131E-4 2.08297E-4 2.19326E-4 2.49942E-4 2.43588E-4 2.34542E-4 2.19372E-4 2.14647E-4 1.9419E-4 1.59147E-4 2.68873E-4 2.7946E-4 3.49528E-4 2.74189E-4 2.9688E-4 2.93744E-4 3.05742E-4 3.08247E-4 2.87679E-4 3.18621E-4 3.20228E-4 3.29295E-4 3.40835E-4 3.35445E-4 3.46455E-4 3.77105E-4 3.69168E-4 3.77727E-4 3.94886E-4
8.32024E-5 8.08431E-5 5.83833E-5 7.43949E-5 5.97367E-5 5.60158E-5 4.95829E-5 1.1921E-4 9.1488E-5 5.54607E-5 7.82619E-5 6.7833E-5 1.22122E-4 1.18268E-4 8.13575E-5 8.35984E-5 9.98671E-5 1.20251E-4 1.37947E-4 1.43468E-4 1.52355E-4 1.55563E-4 1.50667E-4 1.51406E-4 1.56795E-4 1.57467E-4 9.20855E-5 1.17526E-4 1.85664E-4 1.982E-4 1.96187E-4 1.99289E-4 2.00738E-4 2.03988E-4 2.04953E-4 1.99415E-4 1.66532E-4 1.96703E-4 1.96987E-4 1.75403E-4 2.23066E-4 2.11836E-4 2.11208E-4 2.23614E-4 2.25224E-4 2.10192E-4 2.17645E-4 1.85015E-4 2.2954E-4 1.42662E-4 2.91122E-4 3.18803E-4 3.39455E-4 3.80558E-4 3.11586E-4 2.89103E-4 3.95712E-4 3.06876E-4 2.33826E-4 2.98172E-4 3.07627E-4 3.29068E-4 3.50692E-4 3.62323E-4 3.81278E-4 4.02205E-4
5.90593E-5 8.22598E-5 5.91076E-5 5.0707E-5 5.54557E-5 4.11984E-5 6.464E-5 9.19521E-5 9.29161E-5 5.17496E-5 4.65047E-5 6.12862E-5 1.00492E-4 1.23306E-4 1.18929E-4 7.0884E-5 1.22262E-4 9.65065E-5 1.36487E-4 1.43806E-4 1.4923E-4 1.19482E-4 1.73348E-4 1.55252E-4 1.53362E-4 1.5277E-4 6.36776E-5 1.20909E-4 1.78046E-4 1.31053E-4 1.54036E-4 1.91912E-4 1.96806E-4 1.9936E-4 2.02378E-4 2.0531E-4 1.34857E-4 1.00777E-4 1.88494E-4 1.02068E-4 1.56547E-4 2.10207E-4 1.9691E-4 2.04988E-4 2.43495E-4 2.51513E-4 2.3391E-4 2.33849E-4 2.48317E-4 2.57058E-4 2.66589E-4 2.7936E-4 2.05228E-4 3.24244E-4 3.40294E-4 3.50209E-4 3.01947E-4 3.56155E-4 3.64219E-4 2.25543E-4 2.90515E-4 3.24745E-4 3.58976E-4 3.99668E-4 3.26844E-4 4.19306E-4
4.2483E-5 3.82864E-5 3.76513E-5 3.77834E-5 3.82141E-5 4.7799E-5 4.25612E-5 6.72776E-5 9.55039E-5 6.89341E-5 9.56028E-5 4.18724E-5 6.79214E-5 1.21165E-4 8.32724E-5 8.3224E-5 1.11565E-4 1.24908E-4 1.33036E-4 1.36517E-4 1.44588E-4 1.64624E-4 1.46741E-4 1.19534E-4 1.11652E-4 5.12165E-5 3.77513E-5 1.01651E-4 1.75747E-4 1.79994E-4 1.97407E-4 1.91677E-4 1.82406E-4 1.8351E-4 1.84915E-4 1.96454E-4 1.85223E-4 2.04682E-4 1.67482E-4 1.67261E-4 1.94932E-4 1.82687E-4 1.92045E-4 2.02193E-4 2.04504E-4 2.38947E-4 2.09471E-4 2.42523E-4 2.5168E-4 2.6147E-4 2.35021E-4 2.50988E-4 2.58444E-4 2.97242E-4 3.35244E-4 3.3265E-4 3.05714E-4 3.07393E-4 2.91259E-4 3.07009E-4 3.60449E-4 2.46948E-4 3.38081E-4 3.27653E-4 3.48069E-4 3.88314E-4
3.75932E-5 4.80735E-5 3.82216E-5 3.75284E-5 3.87752E-5 4.06566E-5 4.16342E-5 4.57463E-5 4.54016E-5 4.57455E-5 9.80469E-5 7.67783E-5 4.35391E-5 4.08544E-5 9.71903E-5 8.11828E-5 1.19448E-4 1.24062E-4 1.2872E-4 1.35634E-4 1.48195E-4 1.58618E-4 1.45077E-4 1.56911E-4 1.31548E-4 7.23028E-5 9.43621E-5 1.90616E-4 1.70829E-4 1.79851E-4 1.79528E-4 1.69952E-4 1.56913E-4 1.47084E-4 1.77656E-4 1.58525E-4 1.41321E-4 1.73308E-4 1.60761E-4 2.06157E-4 2.13115E-4 1.81245E-4 1.80351E-4 2.03551E-4 2.14006E-4 2.0447E-4 1.96211E-4 2.0839E-4 2.47684E-4 2.17593E-4 2.25403E-4 2.25488E-4 2.1942E-4 2.6426E-4 1.97951E-4 3.05336E-4 2.69967E-4 1.34209E-4 1.68785E-4 2.53727E-4 2.67394E-4 3.51728E-4 3.13107E-4 2.45651E-4 2.93595E-4 3.33075E-4
8.70344E-5 7.73722E-5 6.10308E-5 3.82021E-5 4.04376E-5 6.16283E-5 4.23043E-5 4.73359E-5 9.35672E-5 4.57466E-5 4.5289E-5 9.7125E-5 4.12247E-5 8.95406E-5 8.50303E-5 8.55752E-5 7.69809E-5 5.38508E-5 1.27177E-4 6.27224E-5 1.42078E-4 9.5039E-5 1.53982E-4 1.57602E-4 1.25286E-4 1.14004E-4 1.56335E-4 1.57142E-4 1.87082E-4 1.95699E-4 1.81451E-4 1.08628E-4 1.45141E-4 1.81191E-4 7.01159E-5 1.55177E-4 1.37155E-4 1.41853E-4 1.46252E-4 2.08206E-4 2.05966E-4 1.77074E-4 1.7804E-4 1.75362E-4 1.77485E-4 1.90986E-4 2.27836E-4 2.22412E-4 2.25197E-4 2.26392E-4 2.16016E-4 2.35374E-4 2.36962E-4 2.23822E-4 2.66765E-4 2.17247E-4 2.46412E-4 2.13628E-4 2.15441E-4 2.2285E-4 2.52291E-4 2.5987E-4 2.77459E-4 2.50103E-4 2.75344E-4 3.19537E-4
7.39372E-5 4.18404E-5 7.07075E-5 3.91832E-5 4.11722E-5 9.46689E-5 7.54678E-5 4.33732E-5 9.21441E-5 4.92006E-5 4.46799E-5 4.36241E-5 4.04109E-5 4.67175E-5 5.52726E-5 4.46857E-5 5.94033E-5 7.5322E-5 1.07302E-4 6.06021E-5 7.60797E-5 1.32691E-4 1.39897E-4 1.41451E-4 8.74329E-5 1.41118E-4 1.37835E-4 1.37094E-4 1.54096E-4 1.58474E-4 1.70602E-4 1.98096E-4 1.50649E-4 1.32614E-4 6.34088E-5 9.46783E-5 8.5903E-5 1.36263E-4 1.40533E-4 1.41722E-4 2.00497E-4 1.96513E-4 1.94081E-4 1.70145E-4 1.80336E-4 2.00317E-4 2.09642E-4 2.18457E-4 1.58173E-4 2.27485E-4 2.30093E-4 2.33539E-4 2.28061E-4 2.33588E-4 2.35378E-4 2.50494E-4 2.17627E-4 2.12153E-4 1.81911E-4 2.26211E-4 2.31431E-4 2.33391E-4 2.65439E-4 2.78021E-4 3.18359E-4 3.66231E-4
5.95162E-5 5.24982E-5 4.6073E-5 3.95724E-5 8.1231E-5 4.94694E-5 4.04701E-5 3.85086E-5 4.23646E-5 4.24777E-5 3.91552E-5 3.85345E-5 3.68436E-5 6.28391E-5 4.23357E-5 6.3086E-5 5.21103E-5 5.16529E-5 6.32196E-5 7.37061E-5 6.59865E-5 1.00319E-4 8.94847E-5 1.36933E-4 1.34665E-4 9.7651E-5 1.37863E-4 1.15628E-4 1.02721E-4 6.64224E-5 1.20324E-4 1.76025E-4 1.91177E-4 1.41862E-4 1.02788E-4 9.76154E-5 1.63854E-4 1.89053E-4 1.64984E-4 1.64097E-4 1.5237E-4 1.67079E-4 1.67452E-4 1.68115E-4 1.95218E-4 1.77934E-4 1.98614E-4 2.09254E-4 8.41796E-5 1.16194E-4 2.20038E-4 2.2484E-4 2.22668E-4 2.10308E-4 2.36448E-4 2.12777E-4 2.00115E-4 2.06493E-4 1.90339E-4 2.20533E-4 2.15601E-4 2.08893E-4 1.9363E-4 2.23363E-4 1.92935E-4 2.0123E-4
6.62994E-5 2.97126E-5 4.70486E-5 3.85569E-5 3.97326E-5 3.19846E-5 2.42459E-5 5.37895E-5 2.59594E-5 3.67015E-5 3.83633E-5 3.6914E-5 3.48938E-5 9.16593E-5 6.34655E-5 6.03783E-5 7.1171E-5 6.46027E-5 5.87993E-5 4.27067E-5 4.42372E-5 5.32082E-5 1.18101E-4 6.99229E-5 1.07662E-4 8.42095E-5 1.32329E-4 1.37891E-4 9.09956E-5 7.27585E-5 1.56478E-4 8.49039E-5 1.84998E-4 1.86632E-4 1.08174E-4 1.39842E-4 1.798E-4 1.25793E-4 1.94471E-4 1.93441E-4 1.91346E-4 1.29005E-4 1.94236E-4 2.04008E-4 1.7201E-4 1.5663E-4 1.47227E-4 1.86782E-4 1.84017E-4 2.06088E-4 1.28724E-4 2.15937E-4 2.11939E-4 2.00559E-4 2.002E-4 1.97318E-4 1.8686E-4 1.79043E-4 1.71034E-4 1.92598E-4 1.55598E-4 2.29649E-4 2.41861E-4 2.50485E-4 2.36991E-4 2.82438E-4
2.91533E-5 4.73784E-5 3.07877E-5 3.40422E-5 2.67613E-5 1.76982E-5 2.00016E-5 2.32609E-5 2.62294E-5 3.81675E-5 3.81448E-5 3.70212E-5 3.70158E-5 5.86537E-5 6.25991E-5 4.85835E-5 5.98715E-5 4.9516E-5 6.29512E-5 4.16155E-5 7.68946E-5 8.10207E-5 1.13143E-4 4.95286E-5 6.68737E-5 4.92635E-5 8.39698E-5 7.37914E-5 1.39919E-4 1.47625E-4 1.53766E-4 1.08534E-4 1.87992E-4 1.26431E-4 1.68099E-4 1.52535E-4 1.58309E-4 1.58005E-4 1.82199E-4 1.86314E-4 1.50792E-4 1.22578E-4 1.88841E-4 1.95705E-4 1.77096E-4 1.73058E-4 1.75578E-4 1.7841E-4 1.79756E-4 1.89202E-4 2.01712E-4 1.88807E-4 1.93831E-4 1.89402E-4 1.83572E-4 1.79386E-4 1.82457E-4 1.91985E-4 1.84982E-4 1.68013E-4 1.31491E-4 1.85228E-4 1.38096E-4 1.98037E-4 1.94715E-4 1.98541E-4
2.92616E-5 5.9605E-5 4.89946E-5 2.90534E-5 1.74414E-5 3.73331E-5 3.94946E-5 2.4143E-5 3.86948E-5 3.76805E-5 3.81788E-5 3.82055E-5 3.64074E-5 5.35021E-5 5.02285E-5 6.51804E-5 6.47011E-5 6.70202E-5 6.27405E-5 4.279E-5 8.91694E-5 5.13211E-5 4.76434E-5 6.19065E-5 4.38351E-5 4.19132E-5 5.25814E-5 5.43041E-5 6.6674E-5 1.07631E-4 1.49871E-4 1.14396E-4 1.16525E-4 9.25351E-5 9.78528E-5 1.75453E-4 1.03877E-4 1.7511E-4 1.45426E-4 1.90223E-4 1.89594E-4 1.60442E-4 1.58946E-4 1.59851E-4 1.9204E-4 1.7107E-4 1.97169E-4 2.12193E-4 2.0097E-4 2.02203E-4 1.84396E-4 2.03877E-4 1.99615E-4 1.92635E-4 1.77426E-4 2.26879E-4 1.66644E-4 1.82859E-4 1.26251E-4 1.81245E-4 1.64297E-4 1.43409E-4 1.64364E-4 1.52806E-4 1.54251E-4 1.61457E-4
4.20358E-5 3.03041E-5 2.68902E-5 2.93492E-5 3.94456E-5 3.65806E-5 3.52022E-5 1.88307E-5 2.54445E-5 3.54528E-5 5.26845E-5 5.55219E-5 4.10426E-5 4.25969E-5 4.53411E-5 6.98723E-5 6.6694E-5 6.94276E-5 7.7007E-5 4.91314E-5 1.15518E-4 6.94874E-5 4.7894E-5 4.68577E-5 5.62496E-5 1.157E-4 5.17543E-5 4.77505E-5 7.46334E-5 1.67592E-4 1.06875E-4 1.26385E-4 1.61663E-4 1.55799E-4 1.61369E-4 1.16322E-4 1.50141E-4 1.71157E-4 1.3965E-4 1.43938E-4 1.51512E-4 1.53664E-4 1.52708E-4 1.57909E-4 1.8869E-4 1.81452E-4 2.00058E-4 1.82649E-4 1.85384E-4 1.5728E-4 1.79345E-4 2.0033E-4 1.68622E-4 1.93721E-4 2.18192E-4 1.8756E-4 1.43798E-4 1.41212E-4 1.39016E-4 1.36018E-4 1.37437E-4 9.58959E-5 7.42159E-5 7.63635E-5 1.18345E-4 1.0314E-4
2.43737E-5 3.37927E-5 2.64853E-5 3.47378E-5 3.22427E-5 6.03068E-5 2.91567E-5 3.08342E-5 3.76724E-5 3.02093E-5 3.05677E-5 3.17768E-5 3.50904E-5 2.40401E-5 6.37655E-5 4.21493E-5 7.05249E-5 7.25805E-5 4.09369E-5 6.03993E-5 8.0132E-5 7.94471E-5 7.44761E-5 1.05567E-4 8.33067E-5 8.36537E-5 4.60484E-5 8.59753E-5 7.26728E-5 1.39373E-4 1.42418E-4 1.4857E-4 1.54405E-4 1.5423E-4 1.60872E-4 1.14569E-4 1.21514E-4 8.72294E-5 1.05995E-4 1.1193E-4 1.6953E-4 1.56034E-4 1.56009E-4 1.58915E-4 1.853E-4 1.90501E-4 1.99154E-4 1.89112E-4 1.89684E-4 2.14697E-4 2.11377E-4 1.99078E-4 1.46906E-4 1.24707E-4 1.45689E-4 1.49542E-4 1.4847E-4 1.4069E-4 1.49248E-4 9.62859E-5 7.3985E-5 9.5912E-5 7.3486E-5 7.45214E-5 7.5354E-5 7.59735E-5
2.41145E-5 2.33777E-5 2.57E-5 2.56391E-5 3.52467E-5 6.80445E-5 3.21151E-5 3.53101E-5 5.54571E-5 6.81486E-5 3.65596E-5 3.9349E-5 3.36089E-5 3.25728E-5 3.8825E-5 4.72109E-5 3.8542E-5 4.21407E-5 2.9314E-5 2.87613E-5 1.02388E-4 1.02186E-4 1.21983E-4 5.14035E-5 4.71911E-5 7.27282E-5 4.69298E-5 4.75945E-5 4.79271E-5 5.44516E-5 5.49909E-5 8.9189E-5 6.00797E-5 5.13616E-5 6.03823E-5 1.01615E-4 1.57527E-4 1.21629E-4 1.12707E-4 1.81093E-4 1.8699E-4 1.25626E-4 1.77695E-4 1.64926E-4 1.88567E-4 1.88492E-4 1.80374E-4 1.90896E-4 2.34754E-4 2.10422E-4 1.75458E-4 1.63984E-4 1.71799E-4 1.65475E-4 1.73771E-4 1.28597E-4 1.628E-4 1.30748E-4 1.21535E-4 9.97436E-5 1.16933E-4 7.53652E-5 7.47165E-5 7.45771E-5 7.43607E-5 7.37432E-5
2.50253E-5 2.43565E-5 2.39496E-5 2.52484E-5 2.65676E-5 6.22147E-5 5.94079E-5 3.30359E-5 3.18363E-5 3.12996E-5 3.4787E-5 5.45226E-5 6.55254E-5 8.02131E-5 6.96688E-5 3.40781E-5 3.97939E-5 3.48496E-5 4.23818E-5 2.89006E-5 3.79508E-5 8.04325E-5 8.09411E-5 7.69062E-5 6.02518E-5 8.26531E-5 6.75789E-5 4.45659E-5 5.7535E-5 5.24352E-5 5.1369E-5 4.20378E-5 4.18817E-5 4.89912E-5 5.58483E-5 5.99839E-5 6.45705E-5 6.06585E-5 5.81878E-5 6.17448E-5 9.7282E-5 1.04454E-4 8.9638E-5 7.54019E-5 1.16879E-4 2.13576E-4 1.97259E-4 2.05637E-4 2.30789E-4 1.9696E-4 1.65723E-4 1.38989E-4 1.46635E-4 1.49281E-4 1.51175E-4 1.30457E-4 1.46653E-4 1.19795E-4 7.83405E-5 7.80827E-5 7.82308E-5 7.7356E-5 7.66074E-5 9.87644E-5 7.47002E-5 1.24615E-4
2.65043E-5 3.64003E-5 2.75616E-5 2.50795E-5 2.6022E-5 3.21427E-5 2.85496E-5 6.14355E-5 4.19268E-5 8.24265E-5 5.3451E-5 5.39194E-5 6.43602E-5 5.01847E-5 6.14977E-5 2.58428E-5 4.33323E-5 3.62078E-5 2.1445E-5 4.57769E-5 1.15693E-4 4.87752E-5 5.02699E-5 5.37726E-5 5.49386E-5 7.14872E-5 4.15552E-5 4.23016E-5 4.01685E-5 4.06746E-5 4.98469E-5 4.38836E-5 4.19391E-5 5.698E-5 5.10468E-5 5.67089E-5 5.56444E-5 4.6833E-5 5.32281E-5 4.64493E-5 5.82105E-5 5.82682E-5 5.50741E-5 6.57375E-5 7.22322E-5 7.33704E-5 7.49641E-5 7.1388E-5 8.11392E-5 1.37678E-4 1.30781E-4 1.02314E-4 1.53027E-4 1.44416E-4 1.79098E-4 1.7495E-4 1.25273E-4 1.65386E-4 1.51651E-4 7.98278E-5 7.98953E-5 7.82772E-5 7.73181E-5 7.51494E-5 1.6836E-4 9.81571E-5
2.74614E-5 3.52366E-5 3.08313E-5 2.59857E-5 2.67779E-5 3.50238E-5 2.65103E-5 2.47112E-5 5.24426E-5 5.8211E-5 3.75372E-5 6.75029E-5 3.75771E-5 1.82166E-5 1.33847E-5 1.33198E-5 3.39741E-5 4.29181E-5 6.9349E-5 4.67688E-5 4.95084E-5 7.24186E-5 4.84538E-5 4.65015E-5 4.4731E-5 4.27204E-5 3.9185E-5 4.06056E-5 4.81734E-5 4.29857E-5 5.18429E-5 5.12889E-5 8.76947E-5 8.13151E-5 9.03444E-5 7.68273E-5 7.35115E-5 5.39775E-5 1.07861E-4 5.72523E-5 4.74452E-5 4.96684E-5 2.31652E-5 2.52424E-5 4.95451E-5 6.90234E-5 7.26632E-5 6.83508E-5 6.95699E-5 7.8932E-5 1.08999E-4 8.76168E-5 7.35317E-5 1.10381E-4 1.22407E-4 1.10106E-4 1.53401E-4 1.26259E-4 1.56381E-4 1.55084E-4 1.0637E-4 1.43101E-4 9.64774E-5 1.6968E-4 1.16801E-4 1.22167E-4
2.95366E-5 2.87308E-5 2.97032E-5 2.73583E-5 2.70649E-5 2.82519E-5 5.21574E-5 2.74553E-5 4.55227E-5 3.79334E-5 3.93324E-5 3.95419E-5 1.65481E-5 1.30804E-5 1.67458E-5 1.38402E-5 2.62527E-5 3.47701E-5 3.51871E-5 3.83939E-5 3.63429E-5 4.83429E-5 4.35515E-5 4.64267E-5 4.41857E-5 4.56366E-5 3.89191E-5 4.42817E-5 4.19378E-5 4.18375E-5 7.68809E-5 4.20573E-5 4.21048E-5 5.14588E-5 5.29855E-5 4.9906E-5 4.99633E-5 6.18754E-5 6.65892E-5 5.31078E-5 5.09582E-5 2.67589E-5 2.31981E-5 3.27305E-5 5.21705E-5 6.51549E-5 8.07324E-5 5.60871E-5 1.03739E-4 7.6289E-5 1.07462E-4 6.96112E-5 8.72039E-5 1.16602E-4 1.03379E-4 1.05611E-4 6.04937E-5 1.81545E-4 9.07217E-5 1.57703E-4 1.43015E-4 8.51724E-5 1.89797E-4 1.71512E-4 1.25604E-4 1.23779E-4
1.61815E-5 3.46E-5 4.16862E-5 2.94365E-5 2.90182E-5 4.08722E-5 3.74852E-5 2.88227E-5 3.71994E-5 3.49131E-5 3.74427E-5 3.95003E-5 3.03642E-5 1.3834E-5 1.61957E-5 1.6973E-5 1.60787E-5 2.17715E-5 1.86242E-5 1.4825E-5 1.35471E-5 1.37203E-5 2.67814E-5 4.01889E-5 3.86629E-5 3.75115E-5 4.08515E-5 3.76857E-5 4.27098E-5 4.9258E-5 4.36955E-5 4.28586E-5 4.33814E-5 4.45263E-5 4.78135E-5 4.13816E-5 4.86816E-5 3.21415E-5 4.03686E-5 4.99031E-5 2.25464E-5 2.20466E-5 2.09298E-5 2.96299E-5 4.92915E-5 5.01189E-5 5.26157E-5 5.66673E-5 1.31306E-4 9.26017E-5 1.12052E-4 1.1742E-4 8.60274E-5 6.65362E-5 8.97664E-5 2.39999E-5 1.84411E-5 6.04704E-5 1.38774E-4 8.1554E-5 9.74583E-5 1.9807E-4 1.25172E-4 1.51662E-4 1.45159E-4 1.44335E-4
2.63299E-5 2.321E-5 4.5656E-5 3.12369E-5 3.03902E-5 2.86934E-5 2.79556E-5 2.91411E-5 3.33447E-5 3.55008E-5 4.24911E-5 3.87516E-5 1.6279E-5 1.41372E-5 1.74488E-5 1.79905E-5 1.58002E-5 1.51246E-5 1.36564E-5 1.30508E-5 1.54797E-5 2.8963E-5 3.67876E-5 3.82604E-5 4.56133E-5 5.57655E-5 4.76104E-5 3.38975E-5 9.58832E-5 7.70276E-5 7.2708E-5 7.17066E-5 4.4788E-5 4.64879E-5 4.45337E-5 4.25574E-5 4.19112E-5 6.56228E-5 3.14221E-5 3.04414E-5 2.81023E-5 2.10003E-5 1.97212E-5 1.97499E-5 4.06351E-5 4.67332E-5 5.37744E-5 5.58896E-5 1.30045E-4 1.25775E-4 1.26435E-4 1.12491E-4 1.11373E-4 5.4441E-5 5.42718E-5 1.14926E-5 1.52794E-5 1.25646E-5 2.32596E-5 7.57334E-5 7.33834E-5 9.40016E-5 1.1358E-4 1.58842E-4 1.86801E-4 1.95012E-4
1.76949E-5 1.84936E-5 3.43236E-5 4.92114E-5 3.04034E-5 3.05149E-5 2.81248E-5 2.55895E-5 1.06288E-5 1.84148E-5 1.21767E-5 1.03108E-5 1.2433E-5 1.3894E-5 1.65976E-5 1.55725E-5 1.60951E-5 1.40271E-5 1.29806E-5 1.10103E-5 1.39681E-5 3.08861E-5 3.19418E-5 8.68894E-5 3.73605E-5 3.72292E-5 3.76553E-5 3.74476E-5 4.5275E-5 6.16066E-5 5.11683E-5 5.40618E-5 6.33859E-5 5.23964E-5 5.22238E-5 4.22609E-5 4.69884E-5 3.94697E-5 2.93475E-5 3.05588E-5 3.29697E-5 3.00655E-5 2.07249E-5 1.15239E-5 1.43134E-5 1.22744E-5 2.90424E-5 4.87899E-5 5.07984E-5 5.33314E-5 5.47658E-5 9.81063E-5 8.78654E-5 5.27582E-5 7.75847E-5 3.31843E-5 1.74886E-5 1.93842E-5 4.12862E-5 7.11718E-5 7.30124E-5 1.69805E-4 1.75264E-4 1.64401E-4 1.67853E-4 1.89384E-4
1.59007E-5 1.56473E-5 1.54169E-5 1.48677E-5 3.19911E-5 2.78451E-5 2.7396E-5 2.92126E-5 1.72002E-5 1.21716E-5 1.18741E-5 1.3046E-5 1.08345E-5 1.15603E-5 1.36015E-5 1.2981E-5 1.56713E-5 1.13091E-5 1.20463E-5 1.30592E-5 1.34183E-5 3.14737E-5 3.14405E-5 3.11121E-5 3.73223E-5 3.69882E-5 5.05302E-5 4.02869E-5 4.97016E-5 5.00934E-5 1.29196E-4 6.57556E-5 1.07382E-4 5.32406E-5 5.63976E-5 4.09059E-5 3.82754E-5 3.76579E-5 2.64909E-5 4.34962E-5 4.23282E-5 5.61251E-5 2.23606E-5 1.60369E-5 1.16146E-5 1.93593E-5 1.86157E-5 3.86542E-5 6.38135E-5 5.34567E-5 7.11682E-5 6.27682E-5 6.32722E-5 7.69443E-5 1.05801E-4 3.21404E-5 3.8475E-5 2.74109E-5 9.45954E-5 1.58041E-4 1.34212E-4 1.70735E-4 1.80666E-4 1.88162E-4 1.98899E-4 1.76859E-4
1.54735E-5 1.54735E-5 1.5107E-5 1.73543E-5 2.59888E-5 2.90896E-5 2.9451E-5 3.02506E-5 1.92185E-5 1.09604E-5 1.05935E-5 1.63473E-5 1.12411E-5 9.02271E-6 1.10166E-5 1.70063E-5 1.73732E-5 1.58667E-5 1.72694E-5 1.71254E-5 1.85608E-5 3.12335E-5 3.14703E-5 5.50706E-5 3.04012E-5 3.02326E-5 3.80643E-5 2.94488E-5 3.76441E-5 4.31105E-5 9.58656E-5 5.72849E-5 5.65807E-5 5.29542E-5 4.13369E-5 2.73665E-5 2.81188E-5 3.22368E-5 2.69691E-5 4.83355E-5 4.3602E-5 3.48367E-5 2.04638E-5 1.44332E-5 1.4585E-5 1.44624E-5 3.05204E-5 4.54823E-5 4.95818E-5 5.2552E-5 6.78264E-5 6.86935E-5 7.33656E-5 5.35211E-5 5.07239E-5 6.12791E-5 6.69738E-5 7.56162E-5 1.47138E-4 1.71038E-4 1.37245E-4 1.07822E-4 1.43113E-4 1.45421E-4 1.21336E-4 1.49024E-4
1.66305E-5 1.78578E-5 1.61474E-5 1.59612E-5 1.75952E-5 4.03838E-5 1.78799E-5 1.67867E-5 1.16996E-5 2.05639E-5 1.17315E-5 1.14824E-5 9.34548E-6 1.00457E-5 9.38549E-6 1.68201E-5 1.67563E-5 1.57444E-5 1.65044E-5 1.63164E-5 1.2603E-5 3.94562E-5 3.94215E-5 6.62219E-5 4.89081E-5 3.36443E-5 2.872E-5 3.00842E-5 4.19631E-5 4.19814E-5 5.72188E-5 5.59869E-5 5.72959E-5 7.31598E-5 3.88119E-5 2.84632E-5 2.85588E-5 4.17083E-5 2.73093E-5 3.37738E-5 4.27532E-5 3.80048E-5 1.3804E-5 1.36369E-5 1.38297E-5 1.20151E-5 2.5293E-5 4.3756E-5 4.65934E-5 5.06501E-5 5.19959E-5 8.55879E-5 5.21977E-5 5.21514E-5 5.61611E-5 6.42859E-5 9.93809E-5 6.98709E-5 1.6512E-4 1.23956E-4 1.69468E-4 1.59285E-4 6.92839E-5 6.56448E-5 7.77288E-5 8.69758E-5
1.8885E-5 1.71039E-5 1.69902E-5 1.73821E-5 1.79468E-5 1.72435E-5 1.5844E-5 9.67908E-6 1.1222E-5 1.33439E-5 1.48824E-5 9.36797E-6 9.25919E-6 1.18174E-5 1.12457E-5 1.10336E-5 1.1563E-5 9.31273E-6 1.08999E-5 1.066E-5 1.03332E-5 1.08133E-5 2.28486E-5 7.24806E-5 4.25247E-5 4.22277E-5 3.77897E-5 3.77534E-5 3.80832E-5 4.3294E-5 4.67372E-5 5.88609E-5 4.37832E-5 5.31663E-5 4.96645E-5 3.62817E-5 3.57029E-5 2.8472E-5 2.77836E-5 2.11264E-5 1.8551E-5 2.15232E-5 2.83012E-5 1.91117E-5 1.40749E-5 1.3749E-5 1.21757E-5 4.42245E-5 4.78014E-5 8.97908E-5 6.12886E-5 6.72244E-5 5.693E-5 5.0825E-5 6.92032E-5 1.02693E-4 9.97137E-5 1.11227E-4 1.11947E-4 1.11589E-4 1.16119E-4 1.63475E-4 6.57962E-5 6.70139E-5 7.23582E-5 1.39991E-4
1.88289E-5 1.76765E-5 2.86366E-5 1.8033E-5 1.73788E-5 9.31096E-6 8.95046E-6 9.4086E-6 9.70327E-6 1.11125E-5 1.17374E-5 1.22596E-5 9.17746E-6 9.70024E-6 9.40793E-6 9.22367E-6 8.71249E-6 1.03293E-5 1.03504E-5 1.03981E-5 1.03636E-5 9.98327E-6 1.30476E-5 4.03177E-5 4.41531E-5 4.58919E-5 3.8964E-5 4.13023E-5 4.83352E-5 6.94682E-5 3.91464E-5 1.45417E-5 1.667E-5 6.51935E-5 2.95152E-5 2.85814E-5 3.81574E-5 2.72232E-5 1.98107E-5 1.84162E-5 1.79105E-5 1.85473E-5 1.83539E-5 1.81654E-5 1.47737E-5 1.29101E-5 4.45607E-5 9.19606E-5 8.53456E-5 7.72726E-5 1.0189E-4 1.11798E-4 5.12632E-5 6.60457E-5 4.2897E-5 1.51115E-4 7.08948E-5 1.09528E-4 1.38743E-4 1.56985E-4 9.63633E-5 1.01426E-4 1.30173E-4 1.36337E-4 1.12413E-4 8.02965E-5
