catData/rasterBestHybridModels/Pviverrinus/RD_BM01_RM1.5_H/Pviverrinus_stddev.asc
ncols         409
nrows         350
xllcorner     60.897278365
yllcorner     5.843756025
cellsize      0.0892857
NODATA_value  -9999
[rows 203 to 231 of 350, columns 198 to 263 of 409]
1.43125E-5 8.2541E-6 1.05006E-5 9.88111E-6 5.41711E-6 9.46973E-6 1.33172E-5 9.11719E-6 6.15609E-6 6.6882E-6 6.87913E-6 1.88681E-6 1.97817E-6 1.7968E-6 1.34828E-6 1.41588E-6 2.03937E-6 2.65941E-6 1.77155E-6 2.10105E-6 3.40295E-6 3.29425E-6 3.24869E-6 3.89255E-6 2.43923E-6 2.1388E-6 3.32003E-6 4.09958E-6 3.80585E-6 3.66941E-6 3.55576E-6 5.65658E-6 5.68365E-6 4.93193E-6 6.47868E-6 5.21851E-6 7.41631E-6 7.23439E-6 7.65639E-6 1.31125E-5 1.12182E-5 1.54185E-5 9.59277E-6 1.31689E-5 1.30144E-5 1.02698E-5 4.83367E-6 4.68318E-6 2.93276E-6 2.54174E-6 4.6428E-6 6.84721E-6 8.03612E-6 1.05011E-5 2.33944E-5 1.16852E-5 6.89548E-6 7.31187E-6 1.7201E-5 4.31354E-5 3.83029E-5 3.71461E-5 4.7113E-5 3.62653E-5 3.35672E-5 2.72418E-5
8.07144E-6 9.50571E-6 1.18826E-5 1.274E-5 1.42486E-5 1.19819E-5 7.3125E-6 7.42152E-6 1.82453E-5 7.53146E-6 4.99374E-6 1.55789E-6 1.76098E-6 2.22415E-6 1.64397E-6 2.67581E-6 1.6167E-6 3.27372E-6 4.93182E-6 1.69798E-6 1.65132E-6 2.85235E-6 3.41344E-6 2.26629E-6 3.52941E-6 3.49053E-6 3.19593E-6 3.47614E-6 3.91768E-6 4.87462E-6 3.7777E-6 5.34609E-6 5.74813E-6 5.14052E-6 9.1342E-6 7.48746E-6 8.24707E-6 1.05683E-5 9.70177E-6 1.12357E-5 1.17144E-5 1.15902E-5 9.45604E-6 1.17282E-5 1.49239E-5 4.50493E-6 4.98634E-6 4.78224E-6 2.56856E-6 2.87246E-6 4.36679E-6 6.78378E-6 8.31208E-6 3.25463E-5 2.06929E-5 2.79784E-5 2.32945E-5 8.86264E-6 2.24185E-5 4.05219E-5 4.21239E-5 4.05462E-5 4.33925E-5 4.2639E-5 2.6552E-5 3.62419E-5
8.2225E-6 6.22574E-6 6.43869E-6 1.08927E-5 1.22649E-5 1.32971E-5 1.53038E-5 1.00783E-5 1.12833E-5 7.23995E-6 1.00915E-5 2.15599E-6 1.69577E-6 1.88755E-6 1.3741E-6 1.92837E-6 2.27722E-6 1.67603E-6 2.73358E-6 2.43504E-6 2.73113E-6 3.259E-6 1.95381E-6 3.05281E-6 2.23268E-6 3.32913E-6 4.38413E-6 3.7527E-6 4.33257E-6 3.85035E-6 4.60492E-6 4.30438E-6 4.34682E-6 4.95443E-6 5.06237E-6 5.17889E-6 4.47493E-6 6.31213E-6 8.11296E-6 1.09881E-5 1.34482E-5 1.27127E-5 1.00201E-5 9.79038E-6 5.83705E-6 4.37987E-6 3.70494E-6 4.3839E-6 4.19388E-6 2.18011E-6 3.65808E-6 1.76112E-5 2.81521E-5 2.47839E-5 2.10014E-5 4.09043E-5 1.78987E-5 1.00227E-5 3.53377E-5 4.21074E-5 3.83725E-5 3.35515E-5 2.18672E-5 2.66046E-5 3.8118E-5 2.93594E-5
3.58107E-6 4.53151E-6 7.53524E-6 7.84331E-6 9.07267E-6 7.66035E-6 1.06482E-5 6.10993E-6 1.23135E-5 1.27248E-5 1.04551E-5 4.2335E-6 2.79945E-6 2.5769E-6 2.18664E-6 1.4234E-6 1.35651E-6 1.72505E-6 1.83928E-6 2.6352E-6 2.24844E-6 2.24982E-6 1.62133E-6 2.06104E-6 4.13787E-6 3.48794E-6 3.60928E-6 4.03944E-6 4.36984E-6 3.24307E-6 5.27987E-6 4.70603E-6 6.4506E-6 3.95072E-6 3.91628E-6 4.1096E-6 3.9283E-6 6.57209E-6 5.90461E-6 6.65994E-6 1.41072E-5 1.12584E-5 1.18117E-5 8.62539E-6 3.90058E-6 5.39366E-6 5.14523E-6 5.45086E-6 5.17467E-6 3.15415E-6 1.63008E-5 3.017E-5 1.44435E-5 2.64821E-5 1.95134E-5 3.98406E-5 3.37027E-5 3.07998E-5 1.08972E-5 3.87657E-5 4.57085E-5 4.30052E-5 2.84604E-5 3.61858E-5 4.56595E-5 -9999
3.4526E-6 4.8069E-6 8.01891E-6 4.59448E-6 4.64573E-6 6.10121E-6 9.50291E-6 1.05048E-5 1.65131E-5 1.61534E-5 8.05377E-6 6.01636E-6 3.94835E-6 2.41225E-6 2.05096E-6 1.42694E-6 1.13423E-6 2.68503E-6 1.41113E-6 4.10925E-6 1.17802E-6 2.3925E-6 1.37558E-6 3.08117E-6 1.95543E-6 1.99558E-6 2.20377E-6 3.80369E-6 4.16558E-6 5.08774E-6 5.67704E-6 4.89197E-6 3.70584E-6 5.80555E-6 3.74628E-6 4.33637E-6 5.01136E-6 6.27797E-6 5.74033E-6 9.85507E-6 6.60177E-6 9.55632E-6 1.11325E-5 4.52192E-6 4.17619E-6 4.04334E-6 3.99357E-6 3.2586E-6 5.66492E-6 4.02084E-6 2.3133E-5 2.62277E-5 2.28483E-5 2.56584E-5 1.90043E-5 2.00239E-5 2.09528E-5 2.39989E-5 2.20192E-5 3.03767E-5 3.42188E-5 2.9806E-5 3.56336E-5 4.55679E-5 -9999 -9999
7.72891E-6 4.35084E-6 5.74949E-6 5.16E-6 5.0171E-6 9.65848E-6 1.04849E-5 1.26155E-5 1.29548E-5 1.58421E-5 6.95637E-6 4.01833E-6 2.07761E-6 1.37482E-6 1.84143E-6 2.03558E-6 2.4169E-6 1.0972E-6 1.97379E-6 1.68682E-6 2.10366E-6 1.3503E-6 2.37395E-6 2.37099E-6 3.25653E-6 1.92423E-6 1.86379E-6 2.26608E-6 4.43931E-6 4.31983E-6 6.25458E-6 4.88865E-6 2.76274E-6 3.67435E-6 3.83849E-6 6.57917E-6 4.13253E-6 5.62747E-6 7.93521E-6 5.80077E-6 4.76695E-6 6.10081E-6 4.74903E-6 3.32115E-6 4.99069E-6 2.96504E-6 4.54343E-6 2.69328E-6 3.12913E-6 5.75897E-6 1.66268E-5 2.17681E-5 2.47716E-5 2.1321E-5 2.5764E-5 2.8869E-5 2.7972E-5 2.13064E-5 3.3464E-5 3.81137E-5 4.53072E-5 4.36109E-5 1.87832E-5 -9999 -9999 -9999
4.01285E-6 3.84894E-6 5.39879E-6 5.70488E-6 5.49063E-6 7.89524E-6 1.11527E-5 9.65672E-6 1.41814E-5 9.71558E-6 1.17155E-5 1.05164E-5 2.94084E-6 2.20537E-6 2.73249E-6 2.34252E-6 1.25084E-6 1.34806E-6 3.29435E-6 1.98762E-6 3.06249E-6 1.04113E-6 1.25584E-6 2.40457E-6 2.79141E-6 3.03748E-6 3.52185E-6 2.18163E-6 2.3234E-6 3.06939E-6 4.14355E-6 4.96479E-6 3.42034E-6 4.79523E-6 4.28272E-6 4.24206E-6 9.45795E-6 1.08239E-5 5.76568E-6 4.96726E-6 4.39301E-6 5.71612E-6 5.26534E-6 3.94019E-6 2.38235E-6 2.69694E-6 3.39931E-6 3.16353E-6 2.48163E-6 4.99183E-6 6.43128E-6 2.46066E-5 1.97756E-5 1.70046E-5 2.41886E-5 2.32639E-5 2.62329E-5 1.74781E-5 2.99908E-5 4.38021E-5 4.06029E-5 2.25573E-5 -9999 -9999 -9999 -9999
4.70706E-6 1.00386E-5 8.13852E-6 3.74567E-6 2.86707E-6 3.97588E-6 5.81965E-6 6.20635E-6 1.38889E-5 1.36496E-5 1.47423E-5 1.14411E-5 1.06321E-5 4.53185E-6 6.31062E-6 2.22248E-6 1.55939E-6 1.36168E-6 1.08833E-6 2.07433E-6 2.41344E-6 2.9892E-6 1.66586E-6 1.95756E-6 1.86242E-6 3.84154E-6 4.82849E-6 3.61823E-6 4.69812E-6 5.01341E-6 4.10008E-6 3.79831E-6 5.21416E-6 4.08506E-6 3.0364E-6 5.68762E-6 1.02219E-5 1.08116E-5 5.06027E-6 4.832E-6 6.62359E-6 6.30667E-6 4.74153E-6 2.54871E-6 2.28926E-6 2.20424E-6 1.92782E-6 2.51849E-6 2.13511E-6 3.77538E-6 4.05558E-6 1.18447E-5 3.36861E-5 3.02494E-5 2.08207E-5 2.03033E-5 2.24098E-5 2.03181E-5 3.2987E-5 4.88511E-5 5.61557E-5 -9999 -9999 -9999 -9999 -9999
5.03674E-6 1.07946E-5 7.61142E-6 6.94616E-6 4.06184E-6 4.04452E-6 4.58261E-6 4.96202E-6 1.09405E-5 1.31247E-5 1.27953E-5 1.49971E-5 7.96672E-6 7.63099E-6 2.00456E-6 2.67127E-6 1.71398E-6 2.65524E-6 1.10415E-6 1.50513E-6 4.02364E-6 3.68656E-6 5.54017E-6 1.46639E-6 1.74558E-6 4.98514E-6 3.78736E-6 3.72912E-6 2.75586E-6 2.8572E-6 2.63947E-6 2.68687E-6 4.23053E-6 5.19517E-6 7.66617E-6 4.45665E-6 6.89829E-6 7.30556E-6 5.37588E-6 4.62242E-6 6.95873E-6 5.64103E-6 3.61116E-6 1.53501E-6 1.54685E-6 1.97565E-6 1.94542E-6 1.98325E-6 2.45564E-6 2.94219E-6 5.51615E-6 1.10699E-5 2.81584E-5 2.17768E-5 2.65256E-5 1.84841E-5 3.08059E-5 2.53594E-5 4.1668E-5 4.60759E-5 -9999 -9999 -9999 -9999 -9999 -9999
5.01964E-6 5.66973E-6 6.79381E-6 6.17834E-6 4.35634E-6 4.04642E-6 4.42803E-6 5.36981E-6 6.53895E-6 1.0216E-5 1.33618E-5 1.53211E-5 9.89676E-6 8.99214E-6 3.14443E-6 2.99734E-6 2.86144E-6 2.19833E-6 1.38018E-6 1.90495E-6 2.51545E-6 1.71009E-6 1.88245E-6 6.8148E-6 2.15941E-6 2.30814E-6 2.99922E-6 4.19566E-6 2.26696E-6 2.28239E-6 2.27737E-6 2.28491E-6 2.54204E-6 3.77143E-6 3.35256E-6 6.41403E-6 7.24779E-6 7.45889E-6 4.83744E-6 7.41493E-6 7.88669E-6 5.31643E-6 1.70306E-6 1.62847E-6 1.6875E-6 3.23186E-6 2.21468E-6 2.41907E-6 2.5037E-6 3.65945E-6 8.81798E-6 2.04234E-5 2.00701E-5 3.26112E-5 2.26614E-5 3.66281E-5 3.61229E-5 3.7989E-5 -9999 -9999 -9999 -9999 -9999 -9999 -9999 -9999
6.38085E-6 5.05949E-6 6.22217E-6 6.37489E-6 4.54574E-6 4.55641E-6 4.7085E-6 4.73354E-6 4.64006E-6 5.52029E-6 1.17787E-5 1.12103E-5 7.26439E-6 9.46332E-6 4.30987E-6 3.79017E-6 1.6179E-6 1.7555E-6 1.06088E-6 1.22471E-6 2.24007E-6 3.13297E-6 4.07506E-6 4.90702E-6 6.94159E-6 2.98E-6 2.4094E-6 2.63509E-6 2.4688E-6 2.46082E-6 2.50778E-6 2.2563E-6 3.19132E-6 3.21294E-6 6.48196E-6 5.48783E-6 7.46451E-6 6.06119E-6 6.15454E-6 4.68436E-6 3.45167E-6 2.71803E-6 3.09259E-6 1.98837E-6 1.57709E-6 1.83811E-6 2.79031E-6 5.2899E-6 5.94228E-6 3.0273E-5 2.44346E-5 1.52005E-5 1.51431E-5 2.9172E-5 4.02758E-5 4.99684E-5 -9999 -9999 -9999 -9999 -9999 -9999 -9999 -9999 -9999 -9999
5.47276E-6 5.3676E-6 3.61E-6 4.0388E-6 4.57005E-6 4.09768E-6 4.22327E-6 4.5979E-6 4.84656E-6 4.8635E-6 6.62057E-6 6.74114E-6 7.28412E-6 7.53792E-6 1.14865E-5 3.96088E-6 1.57979E-6 1.17645E-6 1.2658E-6 1.43946E-6 1.25542E-6 1.87913E-6 3.63771E-6 5.61386E-6 5.82741E-6 6.18454E-6 4.62564E-6 2.21783E-6 5.67223E-6 4.44238E-6 2.45482E-6 2.35492E-6 2.96808E-6 6.52764E-6 3.47362E-6 6.46494E-6 5.56178E-6 2.97933E-6 3.74927E-6 2.40018E-6 1.61075E-6 1.63232E-6 2.80325E-6 2.38701E-6 1.91459E-6 2.50785E-6 1.63193E-5 1.85963E-5 2.63285E-5 1.9961E-5 2.1073E-5 1.4758E-5 2.56918E-5 3.23441E-5 4.25263E-5 -9999 -9999 -9999 -9999 -9999 -9999 -9999 -9999 -9999 -9999 -9999
6.21343E-6 7.25014E-6 4.48939E-6 4.55157E-6 4.47134E-6 3.95667E-6 4.7474E-6 4.50666E-6 5.13978E-6 5.14633E-6 4.78152E-6 6.49528E-6 9.15714E-6 1.03546E-5 1.94912E-5 4.96927E-6 1.33398E-6 1.32222E-6 2.04769E-6 1.32961E-6 1.15101E-6 2.66656E-6 2.55461E-6 4.91985E-6 4.99518E-6 7.28923E-6 4.14032E-6 2.51598E-6 3.78974E-6 3.92751E-6 2.94454E-6 2.47144E-6 2.67191E-6 3.93492E-6 4.45016E-6 3.66448E-6 2.13025E-6 1.93566E-6 2.33641E-6 1.49207E-6 1.78545E-6 1.62908E-6 2.60726E-6 3.05006E-6 3.58654E-6 5.51342E-6 2.01801E-5 2.10752E-5 2.91483E-5 2.86214E-5 2.6331E-5 1.67124E-5 3.45868E-5 2.85768E-5 -9999 -9999 -9999 -9999 -9999 -9999 -9999 -9999 -9999 -9999 -9999 -9999
5.53026E-6 5.29002E-6 3.73852E-6 3.97505E-6 4.20435E-6 4.56758E-6 6.13504E-6 3.88568E-6 4.04261E-6 4.41271E-6 5.27181E-6 6.46014E-6 8.68403E-6 1.08948E-5 8.53234E-6 7.84951E-6 2.63876E-6 2.47314E-6 2.10285E-6 1.91391E-6 1.36445E-6 1.41157E-6 1.59286E-6 2.52209E-6 5.15115E-6 8.48033E-6 3.44065E-6 3.72549E-6 2.84776E-6 2.16776E-6 2.24736E-6 2.08032E-6 2.32694E-6 4.01925E-6 4.02864E-6 2.10078E-6 1.86297E-6 2.26373E-6 3.34045E-6 2.74874E-6 2.56925E-6 2.81164E-6 3.4731E-6 3.31246E-6 9.76574E-6 2.2205E-5 2.44942E-5 2.88512E-5 2.71877E-5 2.34857E-5 2.45331E-5 2.8381E-5 2.03285E-5 2.82568E-5 -9999 -9999 -9999 -9999 -9999 -9999 -9999 -9999 -9999 -9999 -9999 -9999
7.07881E-6 9.72316E-6 2.39946E-6 2.446E-6 4.41122E-6 4.754E-6 5.919E-6 4.07906E-6 3.59721E-6 4.46799E-6 4.76755E-6 5.43406E-6 7.57672E-6 1.03017E-5 7.83361E-6 8.97408E-6 7.77095E-6 3.37873E-6 2.15689E-6 6.90471E-6 6.61279E-6 2.95668E-6 8.96434E-6 4.40748E-6 2.69271E-6 2.62898E-6 6.23845E-6 9.53707E-6 3.6028E-6 6.45546E-6 3.44586E-6 2.16149E-6 3.39648E-6 4.5044E-6 3.3007E-6 2.90089E-6 2.35084E-6 3.01042E-6 5.76906E-6 4.02433E-6 5.14202E-6 4.69143E-6 6.58441E-6 2.21585E-5 2.38485E-5 2.84735E-5 2.68281E-5 2.74315E-5 2.86928E-5 3.09669E-5 3.57637E-5 3.69338E-5 3.24789E-5 -9999 -9999 -9999 -9999 -9999 -9999 -9999 -9999 -9999 -9999 -9999 -9999 -9999
7.52726E-6 1.07193E-5 4.50787E-6 4.24891E-6 3.99187E-6 4.03824E-6 4.05056E-6 3.34064E-6 3.08257E-6 4.33153E-6 4.6604E-6 5.03243E-6 5.76466E-6 8.83615E-6 7.21897E-6 7.05649E-6 7.92118E-6 2.6005E-6 3.6011E-6 5.95518E-6 5.87661E-6 2.87335E-6 1.08669E-5 1.22454E-5 3.16579E-6 2.53154E-6 6.17392E-6 3.57487E-6 3.27915E-6 3.00654E-6 3.99283E-6 6.56145E-6 4.12772E-6 4.54597E-6 3.69545E-6 3.4173E-6 3.91894E-6 5.40113E-6 5.86795E-6 6.17018E-6 5.88682E-6 5.99076E-6 7.41124E-6 2.30428E-5 2.67129E-5 2.72318E-5 2.77067E-5 1.86946E-5 3.25455E-5 3.81029E-5 -9999 -9999 -9999 -9999 -9999 -9999 -9999 -9999 -9999 -9999 -9999 -9999 -9999 -9999 -9999 -9999
1.06313E-5 8.29397E-6 6.22098E-6 1.06607E-5 5.3901E-6 3.88898E-6 4.48851E-6 2.8526E-6 3.55654E-6 4.28987E-6 4.59387E-6 4.44604E-6 4.99299E-6 5.25665E-6 4.89396E-6 6.72612E-6 5.1436E-6 1.08731E-5 4.41092E-6 5.13039E-6 5.17808E-6 4.69486E-6 8.26611E-6 9.37616E-6 2.26561E-6 4.21606E-6 5.99923E-6 5.25368E-6 5.14905E-6 3.6163E-6 3.22542E-6 6.30018E-6 5.15378E-6 5.28647E-6 4.44488E-6 4.57829E-6 5.39688E-6 4.60918E-6 5.57802E-6 5.42575E-6 8.20105E-6 7.2205E-6 2.95844E-5 3.06298E-5 3.02583E-5 3.45394E-5 2.85843E-5 2.98777E-5 4.25026E-5 -9999 -9999 -9999 -9999 -9999 -9999 -9999 -9999 -9999 -9999 -9999 -9999 -9999 -9999 -9999 -9999 -9999
6.75989E-6 8.1033E-6 7.92362E-6 8.80032E-6 4.19384E-6 2.6758E-6 4.73941E-6 8.66363E-6 3.86536E-6 4.08047E-6 4.20398E-6 4.35729E-6 4.67222E-6 4.91119E-6 5.04209E-6 5.0505E-6 1.01767E-5 2.12284E-5 7.34389E-6 5.65741E-6 3.63537E-6 2.09824E-6 3.78273E-6 6.46787E-6 2.86204E-6 4.24784E-6 4.64488E-6 5.11541E-6 5.57437E-6 9.40556E-6 6.59784E-6 5.01434E-6 6.29282E-6 8.47558E-6 5.97441E-6 5.1167E-6 8.91707E-6 4.87526E-6 6.63913E-6 6.73116E-6 6.0792E-6 2.71527E-5 2.12464E-5 2.86541E-5 2.99407E-5 2.90367E-5 3.18424E-5 -9999 -9999 -9999 -9999 -9999 -9999 -9999 -9999 -9999 -9999 -9999 -9999 -9999 -9999 -9999 -9999 -9999 -9999 -9999
6.02758E-6 6.08512E-6 4.85518E-6 8.10343E-6 3.47387E-6 3.72253E-6 3.89533E-6 4.36287E-6 3.6203E-6 3.61471E-6 3.9295E-6 4.76647E-6 4.45369E-6 4.66274E-6 5.46348E-6 5.22468E-6 7.87359E-6 1.66644E-5 9.54521E-6 8.68156E-6 4.74592E-6 3.34101E-6 3.10894E-6 3.94945E-6 1.8243E-5 1.00773E-5 3.47474E-6 3.70706E-6 3.32052E-6 8.11081E-6 6.76037E-6 5.12206E-6 6.73899E-6 5.76057E-6 1.01995E-5 5.92879E-6 5.56029E-6 6.5198E-6 9.19469E-6 3.47729E-5 2.77327E-5 2.83388E-5 1.79433E-5 3.036E-5 4.02755E-5 4.13258E-5 -9999 -9999 -9999 -9999 -9999 -9999 -9999 -9999 -9999 -9999 -9999 -9999 -9999 -9999 -9999 -9999 -9999 -9999 -9999 -9999
6.82753E-6 7.23923E-6 4.21118E-6 8.37245E-6 6.23158E-6 6.88427E-6 4.62958E-6 4.64708E-6 4.09636E-6 5.53969E-6 7.08867E-6 6.66722E-6 4.2043E-6 4.76661E-6 5.81346E-6 3.84426E-6 1.37608E-5 9.67598E-6 8.02177E-6 7.30822E-6 1.19977E-5 9.88443E-6 1.14765E-5 1.42899E-5 1.77449E-5 1.91945E-5 4.93915E-6 4.67943E-6 3.72503E-6 3.75211E-6 6.61766E-6 5.74834E-6 4.99914E-6 1.04534E-5 2.31313E-5 1.33849E-5 2.75658E-5 2.58205E-5 3.10308E-5 3.62661E-5 2.53487E-5 3.18072E-5 3.53842E-5 4.64161E-5 -9999 -9999 -9999 -9999 -9999 -9999 -9999 -9999 -9999 -9999 -9999 -9999 -9999 -9999 -9999 -9999 -9999 -9999 -9999 -9999 -9999 -9999
8.91655E-6 3.01042E-6 3.03773E-6 1.75916E-6 1.65634E-6 2.91065E-6 8.43873E-6 5.34496E-6 9.15646E-6 1.11385E-5 5.25073E-6 7.21806E-6 4.36676E-6 4.21116E-6 6.13557E-6 1.27271E-5 1.56657E-5 1.49536E-5 6.23594E-6 1.82024E-5 1.667E-5 1.75775E-5 1.61762E-5 2.01168E-5 1.63753E-5 2.07476E-5 9.38092E-6 1.0501E-5 7.87866E-6 1.91655E-5 2.57574E-5 2.79687E-5 3.63797E-5 2.43809E-5 4.92959E-5 4.56942E-5 3.29252E-5 2.99827E-5 3.44654E-5 3.13381E-5 4.09892E-5 4.38711E-5 6.6416E-5 -9999 -9999 -9999 -9999 -9999 -9999 -9999 -9999 -9999 -9999 -9999 -9999 -9999 -9999 -9999 -9999 -9999 -9999 -9999 -9999 -9999 -9999 -9999
4.39621E-6 2.17418E-6 2.77823E-6 2.77937E-6 2.67999E-6 2.2506E-6 7.69939E-6 1.04844E-5 1.07004E-5 3.14105E-6 4.78587E-6 8.76854E-6 5.4919E-6 7.05358E-6 1.66102E-5 1.87084E-5 1.85531E-5 1.37916E-5 1.17787E-5 6.20406E-6 5.6833E-6 8.00321E-6 1.56566E-5 9.9974E-6 1.74809E-5 7.00273E-6 8.20754E-6 1.06798E-5 7.04155E-6 8.51298E-6 3.59906E-5 3.44996E-5 2.82412E-5 2.385E-5 3.59186E-5 4.40119E-5 2.87085E-5 2.62884E-5 2.5647E-5 3.67544E-5 5.88564E-5 6.75207E-5 -9999 -9999 -9999 -9999 -9999 -9999 -9999 -9999 -9999 -9999 -9999 -9999 -9999 -9999 -9999 -9999 -9999 -9999 -9999 -9999 -9999 -9999 -9999 -9999
2.82473E-6 3.24698E-6 2.46953E-6 1.75956E-6 2.34114E-6 7.62804E-6 5.50504E-6 9.30695E-6 4.25932E-6 2.98096E-6 5.65734E-6 8.81371E-6 8.82444E-6 1.56406E-5 1.14109E-5 1.83366E-5 1.52341E-5 1.46412E-5 1.99769E-5 8.19225E-6 7.53789E-6 5.71834E-6 6.03186E-6 7.21862E-6 9.42782E-6 1.36325E-5 1.08545E-5 1.00474E-5 1.45656E-5 1.30471E-5 2.67379E-5 2.90209E-5 3.34383E-5 3.39138E-5 2.62579E-5 5.16466E-5 3.24381E-5 2.45714E-5 2.02392E-5 2.66616E-5 3.45513E-5 -9999 -9999 -9999 -9999 -9999 -9999 -9999 -9999 -9999 -9999 -9999 -9999 -9999 -9999 -9999 -9999 -9999 -9999 -9999 -9999 -9999 -9999 -9999 -9999 -9999
2.7329E-6 1.89784E-6 1.49739E-6 1.54458E-6 1.55423E-6 1.75912E-6 1.46011E-6 2.52996E-6 4.20378E-6 7.61769E-6 1.59578E-5 1.26467E-5 1.43667E-5 9.91581E-6 1.59606E-5 1.32218E-5 6.81757E-6 8.07787E-6 1.80098E-5 8.40421E-6 7.26518E-6 4.08319E-6 1.12168E-5 1.66905E-5 1.06121E-5 1.66397E-5 1.68891E-5 1.65742E-5 2.75035E-5 1.47426E-5 1.41743E-5 1.88966E-5 2.48889E-5 4.50138E-5 2.94171E-5 5.44652E-5 4.25002E-5 5.32887E-5 3.7603E-5 3.00445E-5 3.65779E-5 -9999 -9999 -9999 -9999 -9999 -9999 -9999 -9999 -9999 -9999 -9999 -9999 -9999 -9999 -9999 -9999 -9999 -9999 -9999 -9999 -9999 -9999 -9999 -9999 -9999
3.23219E-6 1.93289E-6 1.50515E-6 2.99528E-6 1.90271E-6 1.42089E-6 1.62012E-6 2.67452E-6 7.13415E-6 1.27656E-5 1.71859E-5 9.29981E-6 6.6793E-6 1.36632E-5 7.66312E-6 3.04612E-6 2.35331E-6 4.75523E-6 1.21487E-5 7.12947E-6 5.44986E-6 5.78393E-6 1.49818E-5 1.89255E-5 1.28151E-5 1.38861E-5 1.24411E-5 1.14469E-5 2.98844E-5 2.77138E-5 3.07314E-5 5.19787E-5 2.59922E-5 5.41448E-5 2.75159E-5 4.41107E-5 5.78428E-5 3.12465E-5 4.00652E-5 3.06808E-5 6.43474E-5 8.13879E-5 -9999 -9999 -9999 -9999 -9999 -9999 -9999 -9999 -9999 -9999 -9999 -9999 -9999 -9999 -9999 -9999 -9999 -9999 -9999 -9999 -9999 -9999 -9999 -9999
1.69356E-6 1.43282E-6 3.02944E-6 3.34282E-6 3.34628E-6 1.93873E-6 2.13547E-6 2.75148E-6 4.10056E-6 2.65066E-6 2.7486E-6 2.08111E-6 3.33564E-6 1.16937E-5 3.2167E-6 2.5237E-6 2.28074E-6 4.5978E-6 3.1419E-6 4.72259E-6 8.78002E-6 1.46064E-5 9.07516E-6 1.23196E-5 1.06832E-5 1.20511E-5 1.49338E-5 4.13615E-5 3.29452E-5 5.12915E-5 5.21339E-5 5.32218E-5 2.6386E-5 2.59397E-5 3.4733E-5 4.28875E-5 5.1591E-5 5.83404E-5 5.96556E-5 6.58481E-5 6.13643E-5 7.23701E-5 -9999 -9999 -9999 -9999 -9999 -9999 -9999 -9999 -9999 -9999 -9999 -9999 -9999 -9999 -9999 -9999 -9999 -9999 -9999 -9999 -9999 -9999 -9999 -9999
1.68106E-6 2.23843E-6 1.51026E-6 1.74017E-6 1.21596E-6 1.99018E-6 2.23441E-6 6.52804E-6 3.05341E-6 2.8514E-6 4.53084E-6 5.79831E-6 4.01546E-6 8.8002E-6 3.62575E-6 2.02511E-6 2.72921E-6 5.28845E-6 5.40878E-6 1.07133E-5 1.06379E-5 1.47975E-5 1.49868E-5 1.0999E-5 1.36269E-5 1.94553E-5 2.63804E-5 3.16624E-5 6.02639E-5 6.73244E-5 5.64595E-5 5.35418E-5 2.65378E-5 2.57979E-5 5.07075E-5 5.33391E-5 4.82425E-5 5.70114E-5 4.36948E-5 4.67678E-5 4.45468E-5 8.62831E-5 -9999 -9999 -9999 -9999 -9999 -9999 -9999 -9999 -9999 -9999 -9999 -9999 -9999 -9999 -9999 -9999 -9999 -9999 -9999 -9999 -9999 -9999 -9999 -9999
1.90326E-6 1.8252E-6 1.61161E-6 1.34682E-6 1.26778E-6 1.2162E-6 2.72181E-6 9.83257E-6 6.25467E-6 6.30448E-6 8.17748E-6 9.80322E-6 8.9801E-6 8.80306E-6 1.24083E-5 7.88048E-6 1.16386E-5 7.11591E-6 1.09281E-5 1.94456E-5 6.78375E-6 1.81778E-5 2.96016E-5 3.89994E-5 2.80064E-5 3.88817E-5 3.67683E-5 3.76567E-5 3.56155E-5 3.50217E-5 3.80025E-5 3.52498E-5 3.59119E-5 6.35409E-5 3.83818E-5 3.20974E-5 6.16694E-5 6.15876E-5 5.41887E-5 8.42101E-5 6.12455E-5 -9999 -9999 -9999 -9999 -9999 -9999 -9999 -9999 -9999 -9999 -9999 -9999 -9999 -9999 -9999 -9999 -9999 -9999 -9999 -9999 -9999 -9999 -9999 -9999 -9999
2.18077E-6 2.20916E-6 1.07251E-6 8.64053E-7 1.38659E-6 1.08732E-6 1.15417E-6 1.13607E-6 1.04042E-6 2.31877E-6 2.76807E-6 2.6768E-6 6.76513E-6 1.43575E-5 1.09386E-5 1.16805E-5 9.57026E-6 1.73659E-5 1.33605E-5 1.93484E-5 1.94413E-5 1.69449E-5 2.84568E-5 3.87892E-5 3.71867E-5 2.88326E-5 4.61158E-5 5.19595E-5 2.73718E-5 3.7692E-5 4.04731E-5 5.45433E-5 7.324E-5 6.669E-5 6.49081E-5 7.38264E-5 5.81984E-5 8.85557E-5 9.65056E-5 -9999 -9999 -9999 -9999 -9999 -9999 -9999 -9999 -9999 -9999 -9999 -9999 -9999 -9999 -9999 -9999 -9999 -9999 -9999 -9999 -9999 -9999 -9999 -9999 -9999 -9999 -9999
