catData/rasterBestHybridModels/Pviverrinus/RD_BM01_RM1.5_H/Pviverrinus_stddev.asc
ncols         409
nrows         350
xllcorner     60.897278365
yllcorner     5.843756025
cellsize      0.0892857
NODATA_value  -9999
[rows 87 to 115 of 350, columns 66 to 131 of 409]
4.74985E-7 4.95073E-7 5.29869E-7 4.67493E-7 5.41274E-7 5.09508E-7 2.9406E-7 3.90596E-7 4.79558E-7 4.72486E-7 4.99481E-7 5.33197E-7 4.98977E-7 4.98724E-7 5.10113E-7 4.87961E-7 4.33943E-7 3.44222E-7 2.87875E-7 2.99487E-7 3.37066E-7 3.37174E-7 3.32003E-7 3.44515E-7 3.65154E-7 3.63147E-7 3.57393E-7 3.57059E-7 3.43702E-7 3.23535E-7 3.23987E-7 3.15406E-7 3.46671E-7 6.49913E-7 6.6896E-7 8.11267E-7 1.55667E-6 2.0047E-6 2.41845E-6 2.65355E-6 3.52233E-6 3.61334E-6 3.01057E-6 9.5061E-6 8.26154E-6 7.46574E-6 3.95081E-6 2.22424E-6 2.40062E-6 2.02398E-6 2.30995E-6 1.94013E-6 2.00352E-6 2.33531E-6 2.19508E-6 2.00017E-6 1.40761E-6 2.08372E-6 1.25576E-6 1.25541E-6 1.25811E-6 1.33078E-6 2.81304E-6 1.53616E-6 2.78006E-6 4.61176E-6
4.9888E-7 4.76512E-7 4.73172E-7 4.70323E-7 4.976E-7 4.72043E-7 4.48625E-7 3.7777E-7 8.30532E-7 4.94629E-7 5.1154E-7 7.12925E-7 5.09369E-7 5.03426E-7 5.01057E-7 4.90826E-7 4.71967E-7 3.90939E-7 3.48272E-7 3.44125E-7 3.5592E-7 3.53493E-7 3.68111E-7 3.69245E-7 3.82647E-7 3.83551E-7 3.87004E-7 3.92449E-7 3.8414E-7 3.50828E-7 3.29072E-7 3.30737E-7 3.56289E-7 6.76394E-7 7.01719E-7 1.18822E-6 1.8703E-6 2.03909E-6 2.78588E-6 3.62186E-6 3.57988E-6 3.57698E-6 5.11143E-6 8.71012E-6 8.50527E-6 9.46794E-6 2.57679E-6 1.90539E-6 2.43014E-6 2.43175E-6 2.40967E-6 1.90121E-6 2.36296E-6 2.28137E-6 2.12327E-6 2.12668E-6 2.10494E-6 1.72975E-6 1.29871E-6 1.25565E-6 1.28429E-6 1.77422E-6 7.0182E-6 6.76404E-6 5.57375E-6 5.28301E-6
5.14282E-7 4.72211E-7 4.71643E-7 4.71814E-7 4.95922E-7 4.67911E-7 4.46567E-7 6.73648E-7 4.87152E-7 4.98847E-7 5.39949E-7 5.76961E-7 5.16203E-7 5.07462E-7 5.06858E-7 5.13498E-7 5.07967E-7 5.30964E-7 3.44026E-7 3.40329E-7 3.33693E-7 3.27819E-7 3.37427E-7 3.64385E-7 3.46591E-7 3.60316E-7 3.57552E-7 3.77492E-7 3.98475E-7 3.92494E-7 3.74409E-7 3.76237E-7 7.292E-7 6.90987E-7 9.17252E-7 1.82352E-6 2.02464E-6 2.17348E-6 2.46517E-6 3.67096E-6 3.95718E-6 2.83435E-6 7.11906E-6 8.41806E-6 9.27898E-6 9.19586E-6 6.25448E-6 4.13549E-6 1.89252E-6 2.16916E-6 2.31034E-6 1.93056E-6 2.27635E-6 1.79101E-6 1.77923E-6 2.11539E-6 1.95662E-6 1.26537E-6 1.2391E-6 1.2656E-6 1.27598E-6 1.38486E-6 1.67818E-6 4.0011E-6 4.38312E-6 4.51851E-6
5.34415E-7 4.77396E-7 4.78025E-7 4.79273E-7 4.79102E-7 3.54866E-7 4.48282E-7 4.62197E-7 4.90271E-7 5.11943E-7 5.00668E-7 5.09033E-7 5.15716E-7 5.06244E-7 5.05857E-7 5.06541E-7 6.46462E-7 6.36129E-7 3.61916E-7 3.31033E-7 3.17025E-7 3.29381E-7 3.18632E-7 3.19357E-7 3.36596E-7 3.45769E-7 3.64599E-7 3.46874E-7 3.58997E-7 3.45747E-7 3.50959E-7 6.64729E-7 7.18138E-7 7.68165E-7 1.49267E-6 1.88415E-6 2.10821E-6 2.26804E-6 2.56948E-6 3.42517E-6 1.84192E-6 6.13995E-6 9.35944E-6 6.37528E-6 9.0031E-6 6.69517E-6 9.24313E-6 5.07744E-6 1.44689E-6 1.39905E-6 2.07956E-6 2.13591E-6 1.57871E-6 2.10621E-6 1.97591E-6 1.41241E-6 1.19346E-6 1.18309E-6 1.19646E-6 1.20823E-6 1.21153E-6 1.24812E-6 1.26359E-6 1.69914E-6 4.33467E-6 4.49064E-6
5.18686E-7 4.82715E-7 6.03636E-7 4.73032E-7 4.22933E-7 2.71974E-7 3.44547E-7 4.914E-7 5.01164E-7 5.02905E-7 5.12217E-7 5.1862E-7 5.17491E-7 5.09657E-7 5.11952E-7 5.30114E-7 6.70823E-7 6.5705E-7 3.94725E-7 3.79666E-7 3.48187E-7 3.46041E-7 3.49168E-7 3.52748E-7 3.52779E-7 3.46999E-7 3.40795E-7 3.43769E-7 3.53689E-7 3.51329E-7 6.0586E-7 6.96569E-7 7.57953E-7 8.50006E-7 1.71195E-6 1.95516E-6 2.17403E-6 2.43139E-6 3.51056E-6 3.65427E-6 7.03438E-6 1.09233E-5 6.96258E-6 7.44232E-6 6.24767E-6 6.21295E-6 8.84121E-6 7.28843E-6 1.42038E-6 1.29917E-6 1.31578E-6 1.35565E-6 1.38435E-6 1.24826E-6 1.24664E-6 1.19398E-6 1.17439E-6 1.19088E-6 1.19503E-6 1.19513E-6 1.20667E-6 1.21908E-6 1.24003E-6 1.24783E-6 4.20804E-6 4.2909E-6
4.98634E-7 4.71262E-7 4.65253E-7 4.19649E-7 2.56459E-7 2.814E-7 3.82489E-7 5.59391E-7 5.01146E-7 4.85025E-7 4.83733E-7 5.19316E-7 5.23031E-7 5.19162E-7 6.27552E-7 6.81949E-7 6.89946E-7 6.78389E-7 4.78406E-7 3.98244E-7 3.92953E-7 3.68126E-7 3.40052E-7 3.28426E-7 3.29716E-7 3.31992E-7 3.36756E-7 3.57203E-7 3.64663E-7 3.69272E-7 5.08447E-7 7.83168E-7 7.99809E-7 1.08301E-6 1.84654E-6 2.10468E-6 3.05223E-6 3.39937E-6 4.45439E-6 4.94789E-6 6.2287E-6 7.0307E-6 7.58945E-6 6.58219E-6 9.62912E-6 9.27576E-6 8.69788E-6 4.30615E-6 1.38213E-6 1.27525E-6 1.26095E-6 1.20965E-6 1.17658E-6 1.16194E-6 1.15607E-6 1.18309E-6 1.19041E-6 1.19869E-6 1.20149E-6 1.19841E-6 1.21113E-6 1.2204E-6 1.23286E-6 1.16962E-6 1.06285E-6 9.34772E-7
4.54875E-7 4.53986E-7 4.49841E-7 4.47427E-7 3.0683E-7 3.10776E-7 4.55557E-7 4.92372E-7 4.81513E-7 4.60713E-7 4.81726E-7 5.21374E-7 5.50036E-7 5.56308E-7 7.12124E-7 7.25885E-7 7.29753E-7 7.1828E-7 5.85805E-7 4.05849E-7 3.92532E-7 3.77611E-7 3.64113E-7 3.48603E-7 3.46084E-7 3.46726E-7 3.50937E-7 3.69346E-7 3.7965E-7 4.11332E-7 7.93186E-7 8.71877E-7 8.89814E-7 1.69074E-6 1.9871E-6 2.84579E-6 3.39715E-6 3.7309E-6 5.17071E-6 6.82912E-6 6.35494E-6 6.50875E-6 3.90136E-6 6.53206E-6 9.26454E-6 8.56694E-6 8.00239E-6 1.26504E-6 1.34096E-6 1.26469E-6 1.22945E-6 1.16356E-6 1.13111E-6 1.1397E-6 1.13969E-6 1.15129E-6 1.16961E-6 1.16805E-6 1.17371E-6 1.18962E-6 1.19468E-6 1.20749E-6 8.87438E-7 6.98138E-7 7.73879E-7 1.01969E-6
4.54084E-7 4.80041E-7 4.4845E-7 4.48328E-7 2.47087E-7 3.43404E-7 4.72051E-7 4.50857E-7 4.60188E-7 4.67878E-7 4.90229E-7 6.84719E-7 7.02875E-7 6.97121E-7 7.23844E-7 7.48098E-7 7.96371E-7 8.40196E-7 1.31786E-6 1.13926E-6 4.24288E-7 4.04462E-7 3.82748E-7 3.65495E-7 3.65495E-7 3.69366E-7 3.64195E-7 3.77726E-7 4.2794E-7 6.83236E-7 9.04899E-7 9.63898E-7 1.78628E-6 1.97965E-6 2.76689E-6 2.85398E-6 4.66747E-6 6.22941E-6 3.37536E-6 6.56009E-6 8.13982E-6 5.97759E-6 7.22818E-6 9.5124E-6 8.39821E-6 5.6563E-6 4.98575E-6 1.46149E-6 1.28082E-6 1.2247E-6 1.18948E-6 1.15111E-6 1.13672E-6 1.13898E-6 1.14113E-6 1.13819E-6 1.14626E-6 1.14736E-6 1.15048E-6 1.17012E-6 1.19235E-6 1.05314E-6 6.70363E-7 7.98228E-7 6.78657E-7 6.89954E-7
4.73161E-7 4.4985E-7 4.48568E-7 3.60031E-7 2.2263E-7 3.63562E-7 4.83637E-7 5.03602E-7 4.90041E-7 4.75035E-7 5.0607E-7 7.07832E-7 8.55016E-7 7.67206E-7 7.83348E-7 1.15622E-6 9.44723E-7 1.03121E-6 2.09524E-6 4.18635E-6 2.55128E-6 6.65873E-7 4.29791E-7 4.1386E-7 4.14674E-7 4.15037E-7 4.1878E-7 4.16952E-7 6.01259E-7 9.43011E-7 1.09081E-6 1.04296E-6 1.62719E-6 2.84964E-6 3.95862E-6 5.58061E-6 5.54055E-6 5.48839E-6 5.9741E-6 7.52058E-6 4.58766E-6 9.08373E-6 6.94027E-6 6.51551E-6 7.35842E-6 4.67152E-6 3.69236E-6 1.28275E-6 1.21217E-6 1.16772E-6 1.15444E-6 1.14498E-6 1.1406E-6 1.13881E-6 1.14434E-6 1.14287E-6 1.14009E-6 1.14507E-6 1.1521E-6 1.16778E-6 1.19841E-6 7.94281E-7 6.72488E-7 6.80346E-7 6.89659E-7 7.32392E-7
4.48413E-7 4.47948E-7 4.49078E-7 2.72112E-7 2.28476E-7 3.39767E-7 4.39721E-7 4.78179E-7 5.71218E-7 4.84651E-7 5.62574E-7 1.04919E-6 8.94926E-7 9.29444E-7 1.04384E-6 6.37581E-7 8.94486E-7 3.16167E-6 3.36909E-6 4.83169E-6 5.23118E-6 4.97892E-6 4.72936E-6 4.49986E-6 4.58447E-6 4.8525E-6 5.42919E-6 4.16448E-6 3.55633E-6 3.85218E-6 5.08054E-6 5.51345E-6 5.01454E-6 5.36727E-6 4.82829E-6 4.28251E-6 6.6327E-6 5.89768E-6 7.88825E-6 7.64847E-6 4.14981E-6 6.07343E-6 7.41632E-6 6.71633E-6 4.13151E-6 3.94882E-6 3.71395E-6 1.17402E-6 1.16393E-6 1.15308E-6 1.15423E-6 1.14916E-6 1.14156E-6 1.13717E-6 1.14068E-6 1.14407E-6 1.13744E-6 1.1465E-6 1.15953E-6 1.1913E-6 1.18919E-6 6.63425E-7 6.61954E-7 6.49451E-7 7.07115E-7 9.96834E-7
4.47822E-7 4.4895E-7 4.5181E-7 3.19588E-7 2.47602E-7 3.08316E-7 3.78197E-7 4.66563E-7 4.75996E-7 4.94656E-7 8.31462E-7 8.27459E-7 7.00661E-7 5.91267E-7 8.4822E-7 2.0777E-6 3.8555E-6 3.67314E-6 4.39468E-6 5.15511E-6 4.21983E-6 4.45228E-6 5.76244E-6 4.38252E-6 4.61142E-6 4.90568E-6 4.40873E-6 2.71721E-6 4.54598E-6 2.71503E-6 4.44783E-6 2.02088E-6 4.49672E-6 2.49426E-6 3.26491E-6 5.76526E-6 7.77613E-6 7.1086E-6 5.42593E-6 7.27332E-6 5.73163E-6 6.8484E-6 6.14327E-6 3.9162E-6 3.70364E-6 3.66E-6 3.4982E-6 1.15118E-6 1.1522E-6 1.14428E-6 1.13411E-6 1.14043E-6 1.14432E-6 1.14261E-6 1.15457E-6 1.14347E-6 1.13631E-6 1.15891E-6 1.18343E-6 1.21687E-6 1.00016E-6 6.44601E-7 6.61512E-7 6.87557E-7 9.39436E-7 9.82577E-7
4.50484E-7 4.52478E-7 4.55013E-7 3.08546E-7 2.48096E-7 2.5514E-7 3.83856E-7 4.80363E-7 4.91578E-7 5.09039E-7 6.64214E-7 8.0211E-7 5.39695E-7 7.50445E-7 1.79739E-6 2.49629E-6 3.54099E-6 4.86829E-6 7.36643E-6 4.84518E-6 4.65739E-6 3.85074E-6 3.90501E-6 4.34872E-6 4.14897E-6 4.18072E-6 4.85373E-6 2.64718E-6 4.42042E-6 4.41221E-6 4.97732E-6 5.2725E-6 2.89359E-6 2.96021E-6 6.65056E-6 6.35668E-6 7.10164E-6 9.14466E-6 5.24358E-6 6.0754E-6 6.47482E-6 3.97956E-6 3.60815E-6 3.50141E-6 3.53021E-6 3.61792E-6 3.58964E-6 1.14738E-6 1.14856E-6 1.13813E-6 1.12577E-6 1.13161E-6 1.15469E-6 1.16403E-6 1.16482E-6 1.14939E-6 1.14787E-6 1.16228E-6 1.18079E-6 9.47257E-7 6.20879E-7 6.19705E-7 6.37957E-7 6.60559E-7 9.98471E-7 8.54691E-7
4.53829E-7 4.05718E-7 4.17464E-7 2.82327E-7 2.50715E-7 2.36357E-7 3.47485E-7 4.83496E-7 5.30146E-7 7.35851E-7 1.00098E-6 1.92018E-6 2.22566E-6 2.42089E-6 3.54746E-6 4.08776E-6 3.33369E-6 3.63418E-6 3.68048E-6 4.02134E-6 4.33677E-6 2.88905E-6 2.26441E-6 4.11721E-6 4.50434E-6 4.34092E-6 5.23789E-6 4.73727E-6 3.61664E-6 6.79361E-6 4.78221E-6 1.48674E-6 2.77432E-6 3.79318E-6 5.98013E-6 6.05335E-6 5.43805E-6 6.09279E-6 5.91093E-6 6.50348E-6 4.30885E-6 3.59885E-6 3.46925E-6 3.49477E-6 3.56978E-6 3.65655E-6 3.70082E-6 1.52815E-6 1.13423E-6 1.13782E-6 1.13871E-6 1.14171E-6 1.16387E-6 1.17066E-6 1.16745E-6 1.16044E-6 1.16194E-6 1.18245E-6 7.58227E-7 6.06156E-7 8.23952E-7 6.31568E-7 6.40452E-7 6.69495E-7 8.83014E-7 8.58639E-7
2.79599E-7 4.48912E-7 4.63978E-7 2.41459E-7 2.20271E-7 2.54555E-7 3.4411E-7 4.7958E-7 5.35421E-7 9.85941E-7 3.01418E-6 3.08306E-6 2.47048E-6 2.16992E-6 2.30581E-6 2.34425E-6 4.12853E-6 4.37956E-6 3.60038E-6 3.48038E-6 2.94065E-6 2.31294E-6 3.90135E-6 4.18643E-6 2.70073E-6 4.60416E-6 7.66939E-6 5.47993E-6 4.09247E-6 3.92018E-6 2.64227E-6 1.57317E-6 2.85606E-6 3.23472E-6 4.44126E-6 6.07035E-6 5.91378E-6 5.89841E-6 5.17323E-6 4.38959E-6 3.61435E-6 3.41038E-6 3.48536E-6 3.55283E-6 3.5784E-6 3.6497E-6 3.67712E-6 3.45016E-6 1.14661E-6 1.15209E-6 1.14921E-6 1.16171E-6 1.18884E-6 1.19972E-6 1.19758E-6 1.19213E-6 1.19239E-6 8.76071E-7 6.05377E-7 6.13624E-7 9.49083E-7 9.49775E-7 9.62063E-7 9.62408E-7 9.72335E-7 8.87886E-7
3.52597E-7 3.65449E-7 2.84896E-7 2.72578E-7 2.38161E-7 2.52931E-7 2.88657E-7 4.4625E-7 7.18843E-7 6.65162E-7 3.36262E-6 3.55822E-6 2.13133E-6 3.67458E-6 4.04194E-6 3.93041E-6 4.04772E-6 4.57263E-6 5.46118E-6 4.17669E-6 3.20773E-6 4.12828E-6 3.68739E-6 4.29496E-6 5.41678E-6 7.37804E-6 4.46608E-6 2.897E-6 2.78966E-6 2.99839E-6 2.02774E-6 2.63877E-6 2.69575E-6 2.59075E-6 2.8063E-6 4.32834E-6 3.90883E-6 3.80126E-6 3.99026E-6 3.61E-6 2.23847E-6 1.02001E-6 3.22219E-6 3.5496E-6 3.5835E-6 3.60006E-6 3.63113E-6 3.76606E-6 1.23766E-6 1.15113E-6 1.18852E-6 1.20805E-6 1.22124E-6 1.22343E-6 1.20077E-6 1.186E-6 1.1954E-6 7.26824E-7 6.0459E-7 6.1767E-7 9.53389E-7 9.62385E-7 9.70065E-7 8.91235E-7 9.88497E-7 6.63002E-7
4.69127E-7 3.0081E-7 2.94053E-7 2.89783E-7 2.38242E-7 2.60185E-7 2.92878E-7 4.13619E-7 1.05585E-6 1.17275E-6 2.36543E-6 3.72104E-6 3.996E-6 3.97684E-6 4.12394E-6 4.28187E-6 4.08491E-6 3.47193E-6 2.87291E-6 3.86347E-6 3.64658E-6 3.87715E-6 3.97447E-6 4.40162E-6 3.73281E-6 2.62302E-6 1.3732E-6 2.6284E-6 2.81333E-6 2.72825E-6 2.74264E-6 2.62202E-6 2.61623E-6 2.96382E-6 2.7437E-6 1.993E-6 2.90591E-6 3.54797E-6 3.43767E-6 6.59393E-7 4.47571E-7 4.54184E-7 4.79326E-7 3.28372E-6 3.56522E-6 3.56661E-6 3.60262E-6 3.70068E-6 2.62416E-6 1.16177E-6 1.20778E-6 1.24773E-6 1.26027E-6 1.2321E-6 1.20858E-6 1.16222E-6 8.01815E-7 6.14042E-7 5.98836E-7 6.08317E-7 9.37991E-7 9.75939E-7 9.7512E-7 9.63557E-7 7.15718E-7 6.51683E-7
4.74948E-7 3.63742E-7 4.07378E-7 5.17455E-7 2.25606E-7 2.32169E-7 6.06588E-7 2.46591E-6 4.82961E-6 3.97986E-6 4.22773E-6 5.52682E-6 4.48616E-6 2.58309E-6 3.30319E-6 4.21309E-6 2.57474E-6 2.4269E-6 2.7381E-6 2.38371E-6 3.93523E-6 2.39276E-6 2.3541E-6 4.26981E-6 3.17356E-6 3.88788E-6 2.48602E-6 2.78587E-6 2.46626E-6 2.81996E-6 2.56769E-6 2.56882E-6 2.92702E-6 2.35727E-6 1.84904E-6 1.86201E-6 1.83443E-6 1.71224E-6 4.48118E-7 4.43796E-7 4.43407E-7 4.48819E-7 4.52489E-7 1.3914E-6 3.56999E-6 3.62339E-6 3.63054E-6 3.70333E-6 3.3556E-6 1.01759E-6 7.39164E-7 6.86956E-7 6.43204E-7 5.86814E-7 5.84101E-7 5.76888E-7 5.84432E-7 5.94799E-7 5.99986E-7 6.23491E-7 9.44131E-7 9.60734E-7 6.84331E-7 6.52485E-7 6.60087E-7 6.71184E-7
3.34911E-7 3.35759E-7 2.85612E-7 2.61074E-7 2.45341E-7 2.5445E-7 1.33413E-6 2.38603E-6 4.4418E-6 4.03711E-6 5.28568E-6 4.24355E-6 4.5847E-6 2.56249E-6 4.30789E-6 4.32598E-6 2.51326E-6 2.64032E-6 2.46139E-6 3.99553E-6 6.17066E-6 5.08417E-6 3.87912E-6 4.23005E-6 3.45045E-6 2.47112E-6 2.65664E-6 2.46022E-6 2.22997E-6 2.46816E-6 2.42238E-6 2.91982E-6 2.57207E-6 1.82516E-6 1.8005E-6 1.81961E-6 1.80774E-6 4.99764E-7 4.47186E-7 4.46042E-7 4.42004E-7 4.4764E-7 4.52257E-7 4.55501E-7 3.38304E-6 3.6666E-6 3.55094E-6 1.85061E-6 5.28906E-7 5.27588E-7 5.39411E-7 5.38469E-7 5.65768E-7 5.58484E-7 5.63115E-7 5.70854E-7 6.73445E-7 6.91429E-7 6.07017E-7 6.0874E-7 6.29263E-7 6.26699E-7 6.40079E-7 6.5673E-7 6.74938E-7 6.87588E-7
4.65474E-7 3.77034E-7 3.3431E-7 2.90585E-7 3.36459E-7 1.51476E-6 2.17257E-6 2.64131E-6 3.00224E-6 4.63141E-6 5.7273E-6 4.50063E-6 2.5782E-6 2.56074E-6 2.55153E-6 2.55568E-6 2.66905E-6 2.74405E-6 6.79312E-6 1.78184E-6 2.68742E-6 5.26364E-6 5.16744E-6 4.77852E-6 3.11437E-6 2.6626E-6 2.75774E-6 2.72127E-6 1.98465E-6 2.3557E-6 2.6434E-6 2.00115E-6 1.84151E-6 1.78208E-6 1.80637E-6 1.80098E-6 1.20734E-6 4.39735E-7 4.42652E-7 4.4115E-7 4.40006E-7 4.44761E-7 4.50286E-7 4.58435E-7 4.69166E-7 4.97193E-7 4.87107E-7 5.05186E-7 5.20927E-7 5.31751E-7 5.29503E-7 5.05744E-7 5.45182E-7 5.46399E-7 5.47692E-7 5.61389E-7 5.81616E-7 6.07033E-7 7.16684E-7 6.1427E-7 6.30026E-7 6.35098E-7 6.56832E-7 6.67809E-7 6.76748E-7 7.10116E-7
3.86922E-7 4.60886E-7 4.30057E-7 4.52491E-7 7.09078E-7 2.12472E-6 2.31312E-6 2.73187E-6 2.9839E-6 4.80195E-6 5.54846E-6 2.53156E-6 2.56166E-6 2.60429E-6 2.61597E-6 4.37154E-6 7.34544E-6 2.23829E-6 1.80406E-6 1.2036E-6 9.32263E-7 1.58773E-6 1.93635E-6 3.04989E-6 2.62E-6 2.84484E-6 1.78717E-6 2.44336E-6 1.84161E-6 1.85661E-6 1.87073E-6 1.82855E-6 1.77748E-6 1.77911E-6 1.7997E-6 1.79264E-6 5.65132E-7 4.36007E-7 4.37883E-7 4.3615E-7 4.39304E-7 4.4859E-7 4.58024E-7 4.67781E-7 4.77008E-7 4.85274E-7 5.02038E-7 5.19161E-7 5.26634E-7 5.23332E-7 5.06719E-7 4.91013E-7 5.14802E-7 5.43508E-7 5.45297E-7 5.72226E-7 5.96632E-7 6.45918E-7 7.00404E-7 7.1151E-7 6.4356E-7 6.58517E-7 6.81403E-7 7.3896E-7 7.9254E-7 8.19797E-7
3.27568E-7 3.81861E-7 3.78993E-7 4.29036E-7 1.38188E-6 2.26304E-6 2.45899E-6 2.83062E-6 3.50246E-6 7.36355E-6 4.75563E-6 2.46029E-6 2.50879E-6 2.60979E-6 2.63564E-6 2.64896E-6 5.3777E-6 1.97945E-6 1.4608E-6 1.61603E-6 1.57766E-6 2.01892E-6 2.28782E-6 3.07386E-6 3.05461E-6 2.86074E-6 2.01976E-6 1.79344E-6 1.74744E-6 1.75193E-6 1.73724E-6 1.74297E-6 1.78167E-6 1.8131E-6 1.79044E-6 5.82344E-7 4.34189E-7 4.3715E-7 4.41483E-7 4.42078E-7 4.4933E-7 4.82759E-7 4.8579E-7 5.00385E-7 5.00656E-7 4.12462E-7 4.25825E-7 5.32226E-7 5.46954E-7 5.73392E-7 5.50871E-7 4.97981E-7 5.59156E-7 5.49245E-7 5.89992E-7 5.9322E-7 6.79386E-7 7.94051E-7 8.2757E-7 8.34435E-7 7.42854E-7 7.11768E-7 8.58163E-7 9.11167E-7 9.10593E-7 8.84293E-7
2.51451E-7 2.4867E-7 2.57759E-7 3.26054E-7 6.10175E-7 1.08937E-6 2.37897E-6 2.89775E-6 3.69221E-6 5.29132E-6 5.26183E-6 4.00358E-6 2.53695E-6 2.60106E-6 2.65204E-6 4.25783E-6 4.94514E-6 1.53371E-6 1.60831E-6 1.71928E-6 1.85945E-6 1.88169E-6 1.82545E-6 1.85058E-6 2.90559E-6 2.68026E-6 1.90232E-6 1.76729E-6 1.74336E-6 1.73256E-6 1.73228E-6 1.74833E-6 1.80936E-6 1.84933E-6 7.1666E-7 4.39903E-7 4.43269E-7 4.45038E-7 4.48016E-7 4.58375E-7 4.77003E-7 5.32667E-7 5.19778E-7 5.67476E-7 5.33196E-7 5.92638E-7 3.53199E-7 4.68558E-7 5.67012E-7 5.09012E-7 5.01424E-7 5.25787E-7 5.39964E-7 5.7774E-7 5.77283E-7 6.0986E-7 7.53113E-7 8.44133E-7 8.5352E-7 8.69129E-7 8.80562E-7 8.98684E-7 9.4198E-7 9.59879E-7 9.19297E-7 8.93345E-7
2.46938E-7 2.35341E-7 2.62133E-7 3.36106E-7 4.96531E-7 5.38226E-7 7.49549E-7 8.73604E-7 1.43083E-6 3.02566E-6 4.2995E-6 4.97054E-6 3.10825E-6 4.48631E-6 4.50188E-6 6.17384E-6 1.79641E-6 1.69188E-6 1.53969E-6 2.0226E-6 1.79819E-6 1.70058E-6 1.08695E-6 2.15349E-6 2.86903E-6 2.88136E-6 1.90594E-6 1.7786E-6 1.77074E-6 1.76502E-6 1.7746E-6 1.79108E-6 1.76217E-6 5.53195E-7 4.46394E-7 4.52154E-7 4.48193E-7 4.52177E-7 4.65806E-7 4.88528E-7 5.07829E-7 5.29503E-7 5.52856E-7 5.59908E-7 5.63874E-7 5.73607E-7 5.8016E-7 6.35179E-7 5.37672E-7 5.30115E-7 5.52043E-7 5.07017E-7 5.62698E-7 5.79447E-7 6.06051E-7 6.37795E-7 7.79133E-7 8.68626E-7 8.86498E-7 9.05212E-7 9.24895E-7 9.54668E-7 9.88944E-7 1.00551E-6 9.62757E-7 9.4347E-7
3.60193E-7 2.54933E-7 2.8964E-7 4.31108E-7 5.06467E-7 5.74269E-7 7.91014E-7 8.45478E-7 1.07418E-6 1.16288E-6 7.62939E-7 8.105E-7 8.57239E-7 5.01329E-6 5.43269E-6 4.61061E-6 1.6055E-6 1.47745E-6 1.70947E-6 1.7356E-6 1.78035E-6 1.65003E-6 1.02653E-6 1.11338E-6 2.21556E-6 2.88321E-6 1.91789E-6 1.78862E-6 1.80226E-6 1.80592E-6 1.8129E-6 1.74406E-6 4.48403E-7 4.54392E-7 4.57859E-7 4.64413E-7 4.6135E-7 4.60228E-7 4.78487E-7 5.07826E-7 5.2588E-7 5.47283E-7 5.58638E-7 5.63814E-7 5.76726E-7 5.80235E-7 5.91243E-7 5.83771E-7 5.80831E-7 6.22498E-7 5.44854E-7 5.34917E-7 5.33876E-7 6.08811E-7 6.26501E-7 6.67229E-7 8.00094E-7 8.90135E-7 8.9895E-7 9.05842E-7 9.41453E-7 9.81135E-7 1.02732E-6 1.10605E-6 9.85906E-7 9.69228E-7
3.88099E-7 3.14542E-7 3.17537E-7 3.21568E-7 5.79208E-7 6.05115E-7 8.23549E-7 1.01082E-6 1.08213E-6 1.33136E-6 7.78823E-7 8.28104E-7 8.26798E-7 1.24872E-6 6.25036E-6 5.00667E-6 2.6295E-6 4.6531E-6 3.87717E-6 1.49827E-6 1.65067E-6 1.20522E-6 9.52861E-7 1.00916E-6 1.65176E-6 1.51034E-6 1.00839E-6 9.68709E-7 9.79646E-7 1.30928E-6 1.8119E-6 4.64169E-7 4.57809E-7 4.59516E-7 4.60649E-7 4.74345E-7 4.81859E-7 4.79145E-7 4.86949E-7 5.13619E-7 5.29918E-7 5.45626E-7 5.55525E-7 5.63287E-7 5.75771E-7 5.83785E-7 6.03312E-7 5.9482E-7 5.78748E-7 5.71626E-7 5.71536E-7 5.63537E-7 5.91084E-7 6.38322E-7 6.46087E-7 6.64428E-7 6.72021E-7 6.86523E-7 8.37457E-7 1.08901E-6 9.64426E-7 1.02057E-6 1.02983E-6 1.00679E-6 9.76745E-7 9.89375E-7
2.68874E-7 2.83367E-7 3.19854E-7 3.26236E-7 5.08716E-7 6.25319E-7 8.42484E-7 8.79607E-7 1.33638E-6 1.27235E-6 8.1015E-7 8.66672E-7 1.25854E-6 5.30686E-6 6.85045E-6 3.55102E-6 4.68306E-6 4.53548E-6 6.42803E-6 1.59953E-6 1.85373E-6 9.6389E-7 9.09473E-7 1.13935E-6 1.75252E-6 1.1001E-6 1.01632E-6 9.89906E-7 9.84721E-7 9.88591E-7 8.75345E-7 4.54573E-7 4.57522E-7 4.63833E-7 4.69662E-7 4.8252E-7 4.90582E-7 4.9617E-7 4.97352E-7 5.16465E-7 5.26322E-7 5.35051E-7 5.5915E-7 5.83244E-7 6.15965E-7 6.31208E-7 6.48178E-7 6.26285E-7 5.84773E-7 5.88511E-7 5.87212E-7 6.83659E-7 6.36672E-7 6.66297E-7 6.57863E-7 6.78851E-7 7.07266E-7 7.08071E-7 7.88586E-7 1.05714E-6 9.78531E-7 1.00609E-6 1.27385E-6 1.0059E-6 9.87729E-7 1.00601E-6
2.68634E-7 2.90719E-7 3.24138E-7 3.73131E-7 6.23001E-7 6.27363E-7 1.20727E-6 1.24376E-6 9.59627E-7 1.44515E-6 1.27529E-6 1.39015E-6 2.31621E-6 6.94853E-6 2.92285E-6 3.82478E-6 2.85257E-6 4.86425E-6 2.28349E-6 1.98535E-6 1.17602E-6 9.31961E-7 9.46093E-7 1.4783E-6 2.01926E-6 1.05024E-6 1.01037E-6 1.00504E-6 1.01885E-6 1.01854E-6 5.81068E-7 4.66971E-7 4.70175E-7 4.80089E-7 4.8168E-7 4.83377E-7 5.02368E-7 5.12204E-7 5.11518E-7 5.31599E-7 5.46945E-7 5.54748E-7 5.88369E-7 6.19204E-7 6.43722E-7 6.62552E-7 6.55885E-7 6.14915E-7 6.16676E-7 6.29336E-7 6.25985E-7 7.30888E-7 7.56986E-7 7.27E-7 6.79433E-7 6.90028E-7 7.06118E-7 7.28842E-7 7.93157E-7 1.10579E-6 1.0426E-6 1.01106E-6 1.05449E-6 1.08206E-6 1.12149E-6 1.17545E-6
2.94992E-7 2.9322E-7 3.34262E-7 3.48546E-7 6.41461E-7 7.46056E-7 1.00452E-6 1.27269E-6 9.57034E-7 1.44806E-6 1.19708E-6 1.41229E-6 4.81001E-6 4.79435E-6 2.98162E-6 5.78584E-6 3.85555E-6 3.69617E-6 2.04919E-6 1.56582E-6 1.01307E-6 9.43841E-7 9.77385E-7 1.28073E-6 1.0752E-6 1.06714E-6 1.01804E-6 1.02879E-6 1.04278E-6 1.04879E-6 5.45877E-7 4.88937E-7 4.97703E-7 5.04425E-7 5.04429E-7 5.01616E-7 5.12704E-7 5.34271E-7 5.42096E-7 5.62201E-7 5.78402E-7 5.84278E-7 6.13336E-7 6.45077E-7 6.59762E-7 6.67284E-7 6.45369E-7 6.29696E-7 6.46654E-7 6.5089E-7 6.46241E-7 7.99771E-7 6.23332E-7 6.98378E-7 6.98744E-7 7.17338E-7 7.29401E-7 7.29916E-7 7.42068E-7 8.88181E-7 1.15221E-6 1.2132E-6 1.21472E-6 1.17861E-6 1.21085E-6 1.2404E-6
3.1844E-7 3.32591E-7 3.49851E-7 3.88133E-7 6.59339E-7 7.69701E-7 1.29315E-6 1.31781E-6 1.09855E-6 1.50736E-6 1.44631E-6 1.67658E-6 6.69684E-6 2.99258E-6 6.04465E-6 5.61346E-6 5.21732E-6 2.15873E-6 1.33129E-6 1.09758E-6 9.96776E-7 9.78368E-7 1.02512E-6 1.38089E-6 8.82917E-7 1.12669E-6 1.08826E-6 1.09566E-6 1.09005E-6 1.08828E-6 5.72944E-7 5.16891E-7 5.26779E-7 5.29194E-7 5.3087E-7 5.27362E-7 5.27634E-7 5.56508E-7 5.72721E-7 5.83472E-7 5.97083E-7 6.05466E-7 6.29143E-7 6.6918E-7 6.84475E-7 6.81449E-7 6.61967E-7 6.50574E-7 6.52517E-7 6.66637E-7 6.80477E-7 6.76951E-7 6.64244E-7 7.20057E-7 7.26333E-7 7.46004E-7 7.51992E-7 7.35941E-7 7.58385E-7 1.2551E-6 1.20387E-6 1.2046E-6 1.20178E-6 1.20328E-6 1.20219E-6 1.25366E-6
