catData/rasterBestHybridModels/Pviverrinus/RD_BM01_RM1.5_H/Pviverrinus_median.asc
ncols         409
nrows         350
xllcorner     60.897278365
yllcorner     5.843756025
cellsize      0.0892857
NODATA_value  -9999
[rows 145 to 173 of 350, columns 260 to 324 of 409]
1.10785E-4 7.63796E-5 5.07106E-5 5.27847E-5 5.41536E-5 3.4486E-5 2.51267E-5 3.1099E-5 3.63405E-5 4.75119E-5 3.74406E-5 3.79533E-5 8.86691E-5 6.18834E-5 6.42826E-5 5.7671E-5 9.71933E-5 7.814E-5 5.56081E-5 5.43153E-5 5.40068E-5 6.13407E-5 6.53918E-5 7.34085E-5 6.47858E-5 6.52064E-5 6.40155E-5 1.31118E-4 1.30168E-4 1.55972E-4 8.15174E-5 1.71661E-4 1.73701E-4 1.92371E-4 2.54221E-4 3.36356E-4 3.27792E-4 3.05095E-4 3.42387E-4 3.52867E-4 4.16844E-4 5.00768E-4 5.55558E-4 5.71598E-4 6.7955E-4 6.0368E-4 6.19264E-4 4.1031E-4 6.67055E-4 6.60264E-4 6.18569E-4 7.12988E-4 6.89995E-4 8.17579E-4 6.47976E-4 8.1689E-4 7.65494E-4 8.12481E-4 8.37222E-4 8.39151E-4 8.41589E-4 8.39288E-4 4.43499E-4 5.31552E-4 8.00639E-4
5.65678E-5 8.81775E-5 6.40471E-5 7.27188E-5 6.51256E-5 1.65064E-5 2.97205E-5 2.27059E-5 3.24857E-5 3.41397E-5 4.78197E-5 6.19327E-5 8.746E-5 5.27869E-5 5.6756E-5 6.69879E-5 6.16489E-5 8.74771E-5 5.7634E-5 5.33463E-5 5.73744E-5 6.01747E-5 1.52387E-4 7.18951E-5 5.63782E-5 6.94746E-5 7.28729E-5 6.94755E-5 7.86411E-5 1.47741E-4 7.75842E-5 1.20167E-4 7.79963E-5 9.73487E-5 1.79405E-4 1.83588E-4 1.60759E-4 2.26812E-4 3.52465E-4 3.87807E-4 4.37277E-4 4.9042E-4 5.11894E-4 5.81281E-4 7.05675E-4 6.64114E-4 6.37319E-4 6.05193E-4 3.28689E-4 6.54148E-4 6.10712E-4 7.15655E-4 7.30089E-4 7.77757E-4 7.87446E-4 5.65847E-4 3.88478E-4 6.00151E-4 7.24485E-4 8.18853E-4 7.94845E-4 8.57357E-4 8.21633E-4 9.03882E-4 9.4603E-4
1.16802E-4 8.36689E-5 7.01425E-5 4.58969E-5 7.96412E-5 4.2119E-5 2.44978E-5 2.43141E-5 3.28685E-5 3.87469E-5 4.33356E-5 4.55731E-5 6.92677E-5 6.24348E-5 7.1888E-5 1.01558E-4 9.8567E-5 7.38668E-5 6.55398E-5 6.95901E-5 9.45838E-5 6.66611E-5 1.43445E-4 1.25989E-4 1.27781E-4 1.61104E-4 1.30166E-4 9.12565E-5 7.18222E-5 8.42379E-5 9.25095E-5 9.16507E-5 1.26954E-4 1.19279E-4 1.68715E-4 2.24505E-4 2.65287E-4 3.26607E-4 3.61557E-4 3.96357E-4 4.3225E-4 4.73693E-4 5.56992E-4 6.47793E-4 6.15715E-4 6.75884E-4 6.60014E-4 6.40162E-4 6.61097E-4 6.60742E-4 6.34561E-4 6.86155E-4 7.25255E-4 7.59477E-4 7.9531E-4 6.65805E-4 5.49448E-4 5.02655E-4 5.66473E-4 8.2994E-4 8.52619E-4 8.65231E-4 7.66671E-4 6.45187E-4 9.59595E-4
4.07257E-5 3.25006E-5 3.56978E-5 3.20566E-5 4.13509E-5 3.13644E-5 2.55271E-5 2.24491E-5 2.1758E-5 3.33899E-5 4.53721E-5 4.87735E-5 5.53024E-5 5.63583E-5 6.80313E-5 7.40929E-5 8.0635E-5 1.44733E-4 1.03613E-4 1.11348E-4 1.62341E-4 8.13693E-5 6.57244E-5 1.71043E-4 1.68214E-4 1.60257E-4 1.73349E-4 1.5928E-4 1.40104E-4 1.61802E-4 2.17393E-4 9.04316E-5 1.00245E-4 1.23137E-4 2.31183E-4 2.49202E-4 1.69779E-4 2.83841E-4 3.29636E-4 3.4677E-4 4.16929E-4 4.54131E-4 5.58905E-4 5.25823E-4 6.28729E-4 6.08421E-4 5.29005E-4 6.04443E-4 6.25262E-4 6.40045E-4 6.62236E-4 6.92601E-4 7.14504E-4 7.45363E-4 7.77127E-4 7.66468E-4 6.60552E-4 5.43529E-4 7.52282E-4 7.38137E-4 8.30051E-4 5.63211E-4 8.15967E-4 7.98574E-4 9.40475E-4
2.43513E-5 2.62486E-5 3.27298E-5 4.20774E-5 5.32582E-5 3.51471E-5 2.80681E-5 2.13818E-5 2.33036E-5 3.56329E-5 4.46103E-5 4.55315E-5 6.63093E-5 6.4825E-5 5.8843E-5 6.38319E-5 6.05713E-5 6.81448E-5 8.44235E-5 6.68994E-5 8.24128E-5 6.60209E-5 1.21569E-4 1.32147E-4 1.38265E-4 1.57096E-4 1.77684E-4 1.71297E-4 1.7215E-4 1.9789E-4 2.02366E-4 1.84572E-4 2.28825E-4 2.32168E-4 2.60591E-4 1.73967E-4 3.32712E-4 3.43628E-4 3.71671E-4 3.81846E-4 4.02341E-4 4.70306E-4 4.58434E-4 5.79542E-4 5.37485E-4 5.75017E-4 6.00333E-4 6.06503E-4 6.11388E-4 6.36773E-4 6.75277E-4 7.16314E-4 7.20765E-4 7.32089E-4 7.66765E-4 7.58444E-4 7.60727E-4 7.85054E-4 7.03095E-4 7.53233E-4 8.46945E-4 8.65282E-4 7.82703E-4 4.13838E-4 8.32427E-4
2.16135E-5 1.47914E-5 1.85942E-5 9.64898E-5 3.95986E-5 3.05617E-5 2.543E-5 2.20757E-5 3.128E-5 5.60717E-5 5.74135E-5 5.8823E-5 6.93035E-5 7.91731E-5 5.96303E-5 6.21577E-5 6.18377E-5 6.11922E-5 7.54107E-5 7.84959E-5 8.93552E-5 9.69214E-5 1.37268E-4 1.30071E-4 1.17032E-4 1.57837E-4 1.80206E-4 1.42672E-4 1.66324E-4 2.09177E-4 2.07847E-4 2.16813E-4 2.10227E-4 2.36056E-4 2.16438E-4 2.77737E-4 3.13038E-4 3.53982E-4 3.70225E-4 3.53572E-4 3.66363E-4 4.56183E-4 5.03939E-4 4.92349E-4 5.51391E-4 5.64811E-4 5.85022E-4 5.7125E-4 5.93247E-4 5.59279E-4 6.2848E-4 6.58897E-4 6.65634E-4 7.12549E-4 7.55355E-4 7.61717E-4 7.65009E-4 7.94404E-4 8.20003E-4 8.66789E-4 8.69136E-4 9.2965E-4 8.9995E-4 9.45681E-4 8.23731E-4
1.71179E-5 1.16666E-5 1.44492E-5 2.82869E-5 3.19182E-5 2.72107E-5 3.74975E-5 3.83276E-5 4.34848E-5 8.76162E-5 6.81749E-5 6.0744E-5 7.57943E-5 8.20607E-5 1.31498E-4 1.45329E-4 7.24644E-5 6.2339E-5 6.815E-5 8.66127E-5 6.86461E-5 7.08314E-5 1.34616E-4 1.46613E-4 6.63571E-5 8.28953E-5 9.50958E-5 1.06653E-4 7.5584E-5 1.77207E-4 1.73822E-4 1.83156E-4 2.00953E-4 2.12194E-4 2.37483E-4 2.33274E-4 3.09427E-4 3.36828E-4 3.20918E-4 3.29939E-4 3.27592E-4 3.76643E-4 4.27015E-4 5.14841E-4 5.28324E-4 5.31661E-4 5.51178E-4 5.68076E-4 5.6989E-4 5.75211E-4 5.95579E-4 6.50319E-4 6.49616E-4 6.9966E-4 7.46831E-4 7.67227E-4 7.74912E-4 8.03319E-4 8.50878E-4 8.62371E-4 9.12659E-4 9.28663E-4 9.46666E-4 9.6735E-4 7.9217E-4
2.05295E-5 2.43248E-5 2.22886E-5 1.58636E-5 2.32936E-5 1.50534E-5 5.03238E-5 5.73548E-5 5.26409E-5 5.79415E-5 5.82012E-5 5.90651E-5 6.24339E-5 6.94291E-5 7.21803E-5 7.71258E-5 1.20524E-4 7.97951E-5 1.32884E-4 1.37677E-4 1.68219E-4 1.41388E-4 6.9917E-5 6.55353E-5 6.7625E-5 7.08492E-5 8.83669E-5 1.30041E-4 1.6196E-4 1.08744E-4 1.49846E-4 1.54649E-4 1.81494E-4 1.76004E-4 2.46116E-4 2.83665E-4 2.95876E-4 3.3224E-4 3.36512E-4 2.84889E-4 2.95333E-4 4.11142E-4 4.63585E-4 4.4526E-4 5.11063E-4 5.29273E-4 5.29739E-4 5.30765E-4 5.44161E-4 5.66068E-4 5.56056E-4 6.4411E-4 6.54228E-4 6.7919E-4 7.10368E-4 7.55948E-4 7.76554E-4 8.3439E-4 8.71394E-4 8.94227E-4 9.31654E-4 9.61041E-4 9.35532E-4 1.0139E-3 1.06261E-3
1.72398E-5 1.08707E-5 1.30337E-5 1.53293E-5 2.55464E-5 1.91817E-5 4.72685E-5 5.424E-5 5.63066E-5 5.18345E-5 5.24011E-5 6.21664E-5 6.12876E-5 8.872E-5 8.76006E-5 6.19516E-5 1.2527E-4 1.25675E-4 1.58438E-4 1.47034E-4 1.43E-4 1.41503E-4 8.79221E-5 1.42282E-4 6.56118E-5 7.03821E-5 1.23516E-4 1.30358E-4 1.35871E-4 8.1824E-5 7.14149E-5 1.56787E-4 1.87012E-4 1.76945E-4 2.20359E-4 2.68169E-4 3.19257E-4 3.29996E-4 3.24785E-4 3.59567E-4 3.56514E-4 4.23024E-4 4.20962E-4 3.01306E-4 4.52595E-4 5.1823E-4 5.3043E-4 5.19943E-4 5.22271E-4 5.58362E-4 6.06006E-4 6.64167E-4 7.03465E-4 7.05845E-4 7.16831E-4 7.78249E-4 8.01942E-4 8.38927E-4 9.00422E-4 9.35633E-4 9.67601E-4 1.01099E-3 1.04073E-3 1.00395E-3 1.08186E-3
3.04671E-5 1.01235E-5 1.41444E-5 3.34736E-5 3.50354E-5 2.86003E-5 3.34827E-5 3.84401E-5 4.51129E-5 5.19973E-5 5.53297E-5 6.12189E-5 5.9534E-5 6.6363E-5 4.6778E-5 7.79272E-5 1.15807E-4 1.1788E-4 1.21859E-4 1.07207E-4 1.67999E-4 1.73282E-4 8.78414E-5 7.40611E-5 6.60601E-5 6.3477E-5 6.62278E-5 1.015E-4 1.45501E-4 1.43994E-4 9.91763E-5 1.31218E-4 1.68619E-4 1.75711E-4 2.23589E-4 2.73806E-4 2.89011E-4 3.154E-4 3.48417E-4 3.08729E-4 3.15077E-4 4.03619E-4 4.08637E-4 4.26268E-4 4.51629E-4 4.79925E-4 5.07947E-4 5.30668E-4 5.45407E-4 5.77431E-4 6.29069E-4 6.7596E-4 6.936E-4 7.49434E-4 7.64307E-4 7.56593E-4 8.2305E-4 8.62301E-4 9.04546E-4 9.59958E-4 1.00179E-3 1.03037E-3 1.05683E-3 1.09106E-3 1.10882E-3
2.20826E-5 1.61406E-5 2.52497E-5 4.06598E-5 5.0282E-5 2.88787E-5 4.71188E-5 4.19206E-5 3.2115E-5 6.01503E-5 4.50129E-5 4.08449E-5 4.03819E-5 5.45138E-5 8.83229E-5 1.28652E-4 1.29681E-4 7.28756E-5 7.47451E-5 7.4765E-5 1.25599E-4 1.57185E-4 1.23024E-4 9.3617E-5 6.80203E-5 6.41945E-5 6.68467E-5 6.77392E-5 1.50015E-4 1.51487E-4 7.60235E-5 1.02047E-4 1.19081E-4 2.30297E-4 2.55897E-4 2.56658E-4 2.76719E-4 2.96101E-4 3.35248E-4 3.58666E-4 3.27322E-4 3.95623E-4 4.42528E-4 4.5199E-4 4.56219E-4 4.59273E-4 4.98817E-4 5.37637E-4 5.75797E-4 5.93676E-4 6.64267E-4 7.17072E-4 7.56401E-4 7.66539E-4 8.05709E-4 7.81505E-4 8.05256E-4 8.67509E-4 9.42836E-4 9.88097E-4 1.02203E-3 1.05217E-3 1.09013E-3 1.14821E-3 1.18794E-3
3.60981E-5 1.73579E-5 1.88282E-5 3.99286E-5 9.29152E-5 6.19415E-5 6.11669E-5 4.78574E-5 3.5169E-5 3.2987E-5 3.64925E-5 4.43805E-5 4.3928E-5 5.25758E-5 1.08982E-4 9.31313E-5 6.40308E-5 6.88691E-5 6.91483E-5 7.0196E-5 6.74173E-5 8.11212E-5 1.11597E-4 7.09758E-5 7.12238E-5 9.08144E-5 1.06711E-4 7.99039E-5 1.02576E-4 1.24899E-4 1.80466E-4 1.76614E-4 1.67945E-4 2.42003E-4 2.06555E-4 2.84581E-4 2.64459E-4 2.88225E-4 3.14916E-4 3.30594E-4 3.41304E-4 3.57445E-4 4.38921E-4 4.65069E-4 4.67681E-4 4.5327E-4 5.09518E-4 5.74857E-4 6.13159E-4 6.55238E-4 6.89925E-4 7.64722E-4 8.01637E-4 7.93995E-4 8.07049E-4 8.52241E-4 8.48042E-4 9.07437E-4 8.48285E-4 1.02743E-3 1.05254E-3 1.09531E-3 1.12473E-3 1.17318E-3 1.20794E-3
3.06584E-5 3.09956E-5 2.29161E-5 5.00469E-5 8.53261E-5 6.88511E-5 9.65219E-5 3.91793E-5 3.10284E-5 3.67957E-5 3.81361E-5 3.66892E-5 3.70416E-5 5.26502E-5 7.10387E-5 9.27293E-5 5.11641E-5 6.28075E-5 5.36976E-5 7.54573E-5 8.97209E-5 9.65658E-5 9.48078E-5 1.49979E-4 1.48192E-4 1.21742E-4 1.55026E-4 7.94245E-5 1.66545E-4 1.8075E-4 2.07304E-4 2.13777E-4 2.22609E-4 2.47364E-4 1.69957E-4 2.71173E-4 3.28187E-4 3.18803E-4 3.36886E-4 3.98677E-4 4.13194E-4 3.83106E-4 4.50808E-4 4.78702E-4 4.00028E-4 2.57373E-4 2.75306E-4 5.68978E-4 6.47656E-4 6.95515E-4 6.23463E-4 8.14808E-4 8.45422E-4 8.69474E-4 8.7793E-4 8.5909E-4 9.02822E-4 9.5137E-4 1.00322E-3 1.03006E-3 1.07791E-3 1.1327E-3 1.14431E-3 1.16106E-3 1.18368E-3
2.06951E-5 3.09101E-5 1.98727E-5 3.78274E-5 2.87809E-5 2.54491E-5 2.87769E-5 3.91815E-5 3.06613E-5 3.13644E-5 3.93923E-5 3.85087E-5 4.73299E-5 1.08077E-4 6.76371E-5 4.25629E-5 6.64864E-5 1.24611E-4 7.8684E-5 1.53153E-4 1.77877E-4 1.29545E-4 1.38144E-4 1.69876E-4 1.33537E-4 1.25393E-4 1.5697E-4 1.35817E-4 1.85461E-4 1.13735E-4 2.24853E-4 2.34346E-4 2.4793E-4 2.51818E-4 2.63481E-4 2.78748E-4 2.97448E-4 2.00141E-4 1.80478E-4 3.49265E-4 4.18618E-4 4.40899E-4 4.84133E-4 4.90392E-4 2.71701E-4 4.47635E-4 5.76451E-4 6.06993E-4 6.51529E-4 6.29955E-4 7.80519E-4 7.79619E-4 9.00268E-4 9.17273E-4 9.32931E-4 9.38513E-4 9.43604E-4 9.91478E-4 1.03545E-3 1.05529E-3 1.09706E-3 1.17118E-3 1.17203E-3 7.35856E-4 1.18103E-3
2.84963E-5 2.51282E-5 2.10007E-5 2.57146E-5 3.93487E-5 1.90456E-5 2.21973E-5 3.88959E-5 2.87475E-5 3.20862E-5 3.48757E-5 3.64869E-5 4.2296E-5 5.2565E-5 6.0108E-5 5.19479E-5 5.18303E-5 5.21697E-5 4.97643E-5 1.07739E-4 1.64723E-4 1.73149E-4 8.98601E-5 2.18558E-4 1.28628E-4 1.59738E-4 1.59503E-4 1.66566E-4 2.02539E-4 1.7379E-4 1.83386E-4 2.35949E-4 2.25657E-4 2.68987E-4 2.14032E-4 3.05123E-4 3.12925E-4 3.14379E-4 3.59037E-4 4.02023E-4 3.93712E-4 4.88776E-4 5.08515E-4 2.812E-4 4.63165E-4 5.85396E-4 6.22087E-4 6.50991E-4 7.23792E-4 7.88948E-4 8.11843E-4 8.4308E-4 9.01265E-4 9.19522E-4 9.56201E-4 9.67461E-4 9.80216E-4 1.01667E-3 1.05842E-3 1.0925E-3 1.10112E-3 1.16242E-3 1.17422E-3 1.18378E-3 1.17313E-3
2.88221E-5 4.23312E-5 2.767E-5 3.19274E-5 3.95297E-5 2.15078E-5 2.03292E-5 3.24693E-5 3.25661E-5 4.04348E-5 3.41009E-5 3.04216E-5 1.97605E-5 4.69597E-5 9.0671E-5 9.66867E-5 1.57305E-4 1.23096E-4 7.40433E-5 1.42637E-4 1.69709E-4 1.79136E-4 1.86883E-4 2.08904E-4 1.26154E-4 1.50321E-4 1.71697E-4 2.09679E-4 2.12321E-4 1.81465E-4 2.26904E-4 2.09848E-4 2.77836E-4 2.83308E-4 2.92589E-4 2.90537E-4 2.36401E-4 1.96472E-4 4.02168E-4 3.10024E-4 5.04363E-4 5.50276E-4 4.44217E-4 3.00419E-4 4.96566E-4 4.89842E-4 5.38024E-4 7.12375E-4 7.89643E-4 7.45994E-4 8.73062E-4 8.73755E-4 9.08837E-4 9.37525E-4 9.72228E-4 9.95558E-4 1.01407E-3 1.02895E-3 9.49297E-4 1.09159E-3 1.12668E-3 1.14034E-3 9.54301E-4 1.19348E-3 1.1862E-3
2.91912E-5 5.18179E-5 5.05984E-5 3.06568E-5 3.08645E-5 3.85548E-5 2.51304E-5 3.67862E-5 3.04352E-5 4.21678E-5 2.89002E-5 3.87432E-5 1.89604E-5 3.12618E-5 4.8168E-5 7.37626E-5 1.64842E-4 1.27937E-4 1.05934E-4 8.98799E-5 9.0396E-5 1.24942E-4 1.83943E-4 1.96554E-4 1.82355E-4 1.98623E-4 1.58959E-4 2.40248E-4 2.2813E-4 1.43215E-4 1.75894E-4 2.0835E-4 2.01504E-4 2.87348E-4 2.9759E-4 2.84774E-4 2.40249E-4 3.06648E-4 4.27738E-4 5.1472E-4 5.74514E-4 6.20973E-4 6.42974E-4 5.42775E-4 6.80964E-4 7.13044E-4 7.32834E-4 7.54629E-4 8.39063E-4 9.11549E-4 9.36736E-4 8.64971E-4 9.55701E-4 9.4283E-4 9.86571E-4 1.04232E-3 1.06651E-3 1.05893E-3 1.08812E-3 1.1491E-3 1.16738E-3 1.15157E-3 1.15664E-3 1.17816E-3 1.18216E-3
3.19679E-5 3.82542E-5 2.75293E-5 2.81745E-5 2.81331E-5 3.08791E-5 4.27762E-5 3.54303E-5 3.56769E-5 5.08821E-5 3.06276E-5 2.59993E-5 1.9879E-5 1.94656E-5 2.34441E-5 3.68105E-5 1.24207E-4 1.33052E-4 9.80037E-5 1.75019E-4 1.74306E-4 1.19316E-4 1.80721E-4 1.27715E-4 1.76096E-4 1.86334E-4 1.42943E-4 1.85007E-4 1.67625E-4 2.05123E-4 2.25741E-4 1.83212E-4 1.7598E-4 3.00931E-4 2.91144E-4 2.81815E-4 3.43233E-4 4.50003E-4 5.20952E-4 5.61022E-4 5.88126E-4 6.57505E-4 6.93452E-4 7.05493E-4 7.50203E-4 7.72803E-4 7.8098E-4 7.55304E-4 8.12316E-4 8.07617E-4 8.45446E-4 9.90615E-4 1.00543E-3 9.22391E-4 1.02263E-3 1.0661E-3 1.10597E-3 1.11585E-3 1.1468E-3 1.17436E-3 1.16506E-3 1.16281E-3 1.15074E-3 1.14075E-3 1.17808E-3
2.80332E-5 3.63108E-5 2.6314E-5 3.40547E-5 2.59756E-5 2.74827E-5 2.86957E-5 4.67376E-5 2.81934E-5 2.48693E-5 3.38741E-5 1.80885E-5 2.08633E-5 3.57106E-5 2.70952E-5 3.34256E-5 4.5112E-5 3.05152E-5 1.06495E-4 1.5047E-4 1.27854E-4 1.78242E-4 1.26427E-4 2.11131E-4 1.75114E-4 1.78082E-4 1.57532E-4 1.12532E-4 1.35829E-4 1.52123E-4 1.51012E-4 1.77716E-4 2.09542E-4 1.50221E-4 2.50226E-4 3.13569E-4 3.56286E-4 4.85937E-4 5.22343E-4 5.50302E-4 6.17146E-4 6.55013E-4 7.26941E-4 7.67875E-4 8.24219E-4 8.52734E-4 8.64061E-4 8.29257E-4 8.04518E-4 1.01231E-3 1.04791E-3 1.05883E-3 1.05616E-3 -9999 1.07836E-3 1.13545E-3 1.15617E-3 1.18324E-3 1.15649E-3 1.15502E-3 1.02987E-3 5.23041E-4 7.86655E-4 1.10557E-3 1.00178E-3
2.06609E-5 1.88694E-5 1.62323E-5 1.86042E-5 5.15059E-5 4.83043E-5 4.6214E-5 5.37531E-5 5.0644E-5 4.57098E-5 4.62853E-5 2.00961E-5 1.80574E-5 3.09988E-5 4.34219E-5 3.63062E-5 3.10042E-5 4.08221E-5 5.0804E-5 5.90879E-5 1.47218E-4 8.56298E-5 1.92206E-4 1.49221E-4 1.66003E-4 1.29194E-4 1.49054E-4 1.05215E-4 1.23935E-4 1.47342E-4 1.90288E-4 1.91211E-4 2.54617E-4 1.92427E-4 2.25817E-4 2.55332E-4 3.61781E-4 4.79092E-4 4.94192E-4 5.69295E-4 6.50192E-4 6.24458E-4 -9999 8.23271E-4 8.84655E-4 9.09245E-4 9.39661E-4 9.5754E-4 1.00053E-3 1.04223E-3 1.06987E-3 1.09429E-3 1.12718E-3 -9999 1.13325E-3 1.11694E-3 -9999 1.22995E-3 3.81209E-4 -9999 9.2327E-4 1.03443E-3 3.55799E-4 9.70564E-4 8.12357E-4
4.39507E-5 6.15371E-5 6.3919E-5 4.93593E-5 4.21687E-5 7.20842E-5 4.82529E-5 3.9725E-5 4.17737E-5 5.49315E-5 8.74891E-5 5.26618E-5 2.81829E-5 3.5848E-5 2.96568E-5 4.60752E-5 7.25939E-5 6.21275E-5 6.10245E-5 5.85702E-5 5.95547E-5 7.00278E-5 1.46789E-4 1.28147E-4 1.69057E-4 1.58184E-4 1.25609E-4 1.56369E-4 2.05874E-4 1.28582E-4 2.0255E-4 2.63667E-4 2.60139E-4 1.82594E-4 2.38331E-4 3.35864E-4 4.19999E-4 4.49329E-4 5.08611E-4 5.5902E-4 6.7408E-4 6.80425E-4 -9999 8.59783E-4 9.30099E-4 9.56555E-4 9.92147E-4 1.02802E-3 1.02309E-3 1.06721E-3 1.09867E-3 8.87038E-4 9.57296E-4 1.15938E-3 -9999 1.06524E-3 8.98866E-4 1.07036E-3 3.80685E-4 3.77806E-4 8.47864E-4 -9999 2.96684E-4 5.98056E-4 -9999
8.00986E-5 5.26623E-5 5.27985E-5 1.04952E-4 5.4326E-5 5.45214E-5 5.44469E-5 9.32356E-5 1.50512E-4 1.16044E-4 2.33084E-4 3.85013E-5 3.17675E-5 4.50577E-5 8.34381E-5 6.58525E-5 6.66753E-5 6.67045E-5 5.62991E-5 8.17116E-5 5.00344E-5 1.52026E-4 1.95776E-4 1.85442E-4 1.20513E-4 1.91171E-4 1.61957E-4 8.73694E-5 2.05053E-4 2.28077E-4 2.38273E-4 2.45982E-4 2.83078E-4 3.25519E-4 3.34772E-4 3.67927E-4 3.88575E-4 4.99083E-4 5.39817E-4 5.46547E-4 7.21034E-4 8.01363E-4 8.73444E-4 -9999 9.56882E-4 9.99041E-4 1.02624E-3 1.06574E-3 1.05053E-3 1.06264E-3 1.09577E-3 1.09978E-3 9.37672E-4 -9999 9.5329E-4 1.21105E-3 8.60784E-4 8.54803E-4 3.6976E-4 3.71636E-4 8.6086E-4 3.08223E-4 2.89183E-4 6.657E-4 1.14826E-3
1.10991E-4 6.28726E-5 6.7549E-5 3.80406E-5 6.24583E-5 8.67537E-5 8.4195E-5 4.50507E-5 8.93589E-5 1.2868E-4 1.74814E-4 4.01199E-5 3.86245E-5 6.06501E-5 9.01339E-5 8.90323E-5 7.3197E-5 6.77469E-5 5.30475E-5 5.23283E-5 7.194E-5 7.81359E-5 1.46028E-4 1.16287E-4 1.40287E-4 2.37335E-4 1.0143E-4 1.04049E-4 1.32416E-4 1.07282E-4 1.11882E-4 2.66309E-4 3.09495E-4 2.66571E-4 3.34317E-4 4.25398E-4 4.75445E-4 5.44834E-4 6.17821E-4 7.01008E-4 7.77961E-4 8.35153E-4 8.86736E-4 9.30093E-4 9.78566E-4 -9999 1.03892E-3 1.0612E-3 1.05663E-3 9.23661E-4 8.84817E-4 1.10526E-3 5.98111E-4 5.85006E-4 5.88512E-4 1.18549E-3 8.47302E-4 -9999 3.68514E-4 3.66E-4 6.61315E-4 3.09055E-4 2.91383E-4 7.51139E-4 7.70665E-4
1.3427E-4 5.96384E-5 4.35552E-5 3.0945E-5 6.76531E-5 9.20171E-5 4.02978E-5 3.19817E-5 2.72686E-5 3.79243E-5 2.47095E-5 3.28658E-5 5.291E-5 9.25451E-5 9.01848E-5 8.70685E-5 8.64337E-5 8.12634E-5 6.88909E-5 5.36778E-5 9.31549E-5 7.20165E-5 9.34153E-5 1.08026E-4 9.66088E-5 1.54628E-4 1.62279E-4 1.34688E-4 1.2411E-4 1.38982E-4 1.24543E-4 2.67559E-4 3.60206E-4 3.52106E-4 3.88942E-4 5.03583E-4 5.40722E-4 6.21321E-4 6.98204E-4 6.70719E-4 8.3194E-4 8.85755E-4 9.13481E-4 -9999 9.94769E-4 -9999 9.17301E-4 5.0129E-4 1.08145E-3 1.12461E-3 1.16218E-3 9.43471E-4 7.31559E-4 6.03E-4 5.97594E-4 7.39937E-4 8.35252E-4 7.76885E-4 -9999 3.67246E-4 -9999 3.03762E-4 -9999 4.7478E-4 -9999
7.61735E-5 6.92469E-5 7.75466E-5 2.60444E-5 1.92718E-5 3.44251E-5 2.30772E-5 3.25824E-5 2.50446E-5 2.38066E-5 2.2142E-5 2.9301E-5 3.36511E-5 8.13149E-5 1.00784E-4 1.11338E-4 8.4999E-5 8.74532E-5 8.49266E-5 6.56036E-5 4.68846E-5 3.3546E-5 4.96616E-5 4.57187E-5 4.7173E-5 9.0037E-5 1.04105E-4 2.48093E-4 2.56438E-4 2.28896E-4 2.97542E-4 4.33813E-4 3.16533E-4 4.25394E-4 4.84463E-4 5.69163E-4 6.23131E-4 6.86766E-4 7.72619E-4 8.20748E-4 8.59262E-4 8.94335E-4 9.60757E-4 9.93177E-4 -9999 1.12053E-3 6.79091E-4 9.26117E-4 1.09697E-3 1.13177E-3 -9999 1.18982E-3 6.20589E-4 5.3363E-4 5.36618E-4 -9999 8.31574E-4 6.79255E-4 -9999 3.65322E-4 -9999 3.26713E-4 -9999 5.53959E-4 7.09467E-4
1.19372E-4 1.20094E-4 7.72383E-5 3.68663E-5 4.27149E-5 3.24398E-5 3.2821E-5 1.99025E-5 2.05116E-5 1.81623E-5 3.66546E-5 3.46559E-5 2.7973E-5 2.72801E-5 9.70316E-5 9.07267E-5 9.3794E-5 8.46088E-5 9.09723E-5 2.95641E-5 3.30413E-5 3.35083E-5 3.67927E-5 4.02714E-5 3.43392E-5 5.51958E-5 6.97078E-5 1.98023E-4 4.4263E-4 4.47511E-4 4.67287E-4 4.67833E-4 4.77584E-4 4.28629E-4 5.82046E-4 6.20613E-4 7.05053E-4 7.56126E-4 8.32632E-4 8.8548E-4 8.89303E-4 7.98562E-4 9.30192E-4 -9999 -9999 1.12347E-3 1.07895E-3 1.10684E-3 -9999 1.20424E-3 1.2316E-3 -9999 6.11214E-4 6.01836E-4 5.95333E-4 -9999 -9999 -9999 5.33047E-4 3.49622E-4 -9999 -9999 3.04746E-4 7.31615E-4 -9999
8.53808E-5 9.14389E-5 5.20837E-5 2.76729E-5 3.40032E-5 2.65337E-5 1.59991E-5 1.83575E-5 2.0087E-5 2.23058E-5 2.46877E-5 3.84542E-5 1.51397E-5 2.06296E-5 6.9024E-5 1.08124E-4 8.36345E-5 9.1617E-5 6.02245E-5 4.61903E-5 3.67651E-5 3.7977E-5 6.68695E-5 3.37893E-5 5.48019E-5 5.65991E-5 1.12001E-4 3.95972E-4 4.53586E-4 4.82952E-4 4.70757E-4 4.94749E-4 5.83926E-4 6.39516E-4 5.89469E-4 7.24851E-4 7.7702E-4 8.22018E-4 8.76277E-4 9.11588E-4 9.42163E-4 1.01211E-3 -9999 -9999 1.133E-3 -9999 1.15801E-3 1.13301E-3 -9999 -9999 -9999 -9999 6.02629E-4 6.04802E-4 -9999 -9999 -9999 -9999 -9999 3.32927E-4 -9999 -9999 -9999 -9999 -9999
5.95708E-5 4.21672E-5 3.91233E-5 2.67881E-5 3.33007E-5 3.21847E-5 2.25864E-5 2.26767E-5 2.03437E-5 2.15012E-5 3.48897E-5 4.13732E-5 2.62789E-5 2.15997E-5 1.96384E-5 1.27103E-4 1.23563E-4 1.05704E-4 5.59497E-5 1.93571E-4 1.06087E-4 1.00147E-4 3.99553E-5 3.24612E-5 2.53485E-5 5.78299E-5 2.38762E-4 4.39404E-4 4.42399E-4 4.7714E-4 6.06414E-4 5.80571E-4 6.54053E-4 7.16431E-4 7.42419E-4 7.98378E-4 8.47115E-4 8.3698E-4 8.88059E-4 9.67631E-4 1.00321E-3 -9999 -9999 -9999 1.14012E-3 9.12255E-4 1.12734E-3 1.20745E-3 -9999 1.1813E-3 -9999 -9999 -9999 -9999 5.838E-4 -9999 -9999 -9999 -9999 -9999 -9999 -9999 -9999 -9999 -9999
5.73965E-5 2.64836E-5 2.57512E-5 2.46249E-5 3.17921E-5 2.08373E-5 2.99783E-5 3.98374E-5 3.08079E-5 2.4719E-5 3.90486E-5 3.79996E-5 4.4017E-5 1.69202E-5 1.69807E-5 9.99706E-5 1.59908E-4 1.03555E-4 7.23038E-5 5.37964E-5 8.38989E-5 1.19909E-4 5.65803E-5 5.98637E-5 3.22302E-5 1.28552E-4 3.89829E-4 4.34367E-4 4.66794E-4 5.33496E-4 5.99965E-4 6.40325E-4 7.06166E-4 7.81291E-4 7.80288E-4 8.29872E-4 8.81949E-4 -9999 -9999 -9999 -9999 -9999 -9999 -9999 -9999 -9999 -9999 -9999 -9999 1.1813E-3 -9999 -9999 -9999 -9999 -9999 -9999 -9999 -9999 -9999 -9999 -9999 -9999 -9999 -9999 -9999
