catData/rasterBestHybridModels/Pviverrinus/RD_BM01_RM1.5_H/Pviverrinus_min.asc
ncols         409
nrows         350
xllcorner     60.897278365
yllcorner     5.843756025
cellsize      0.0892857
NODATA_value  -9999
[rows 116 to 144 of 350, columns 330 to 395 of 409]
2.60507E-4 2.06251E-4 2.07168E-4 1.95676E-4 1.40925E-4 1.56493E-4 3.12826E-4 4.28095E-4 5.36171E-4 5.41269E-4 5.27644E-4 5.05087E-4 5.08624E-4 5.23415E-4 5.36477E-4 5.32804E-4 5.2968E-4 5.33281E-4 5.34129E-4 5.34084E-4 5.35864E-4 5.40293E-4 5.41089E-4 5.45624E-4 5.5365E-4 4.09217E-4 4.85416E-4 5.57067E-4 4.74177E-4 5.17706E-4 5.18531E-4 4.64425E-4 4.59486E-4 2.79482E-4 2.27029E-4 2.4181E-4 3.04392E-4 2.13153E-4 4.37314E-4 5.42587E-4 4.60746E-4 5.38297E-4 4.22905E-4 5.21225E-4 3.75896E-4 4.22731E-4 3.07218E-4 2.93244E-4 1.44863E-4 7.54086E-5 3.37468E-5 4.86736E-5 2.40823E-5 4.48043E-5 6.99325E-6 4.21601E-6 -9999 -9999 -9999 -9999 -9999 -9999 -9999 -9999 -9999 -9999
4.14313E-4 4.51446E-4 2.71942E-4 2.30829E-4 1.78706E-4 1.95696E-4 3.86709E-4 4.7327E-4 5.64623E-4 5.67241E-4 5.63855E-4 5.57296E-4 5.57563E-4 5.61659E-4 5.60538E-4 5.57343E-4 5.54908E-4 5.54926E-4 5.43722E-4 5.16545E-4 5.01411E-4 5.08668E-4 5.17939E-4 5.23869E-4 4.7173E-4 4.39814E-4 5.26118E-4 5.38634E-4 5.12229E-4 5.06456E-4 4.3419E-4 5.1753E-4 3.2344E-4 2.02854E-4 1.98035E-4 1.57128E-4 1.67292E-4 2.52038E-4 5.20114E-4 4.39761E-4 3.81815E-4 3.86729E-4 4.61096E-4 4.99962E-4 3.46202E-4 1.35658E-4 3.01426E-5 5.68403E-5 9.20063E-5 9.77266E-5 5.60053E-5 1.57839E-5 2.01086E-5 4.66729E-6 -9999 -9999 -9999 -9999 -9999 -9999 -9999 -9999 -9999 -9999 -9999 -9999
4.79651E-4 4.75692E-4 4.80891E-4 2.44331E-4 1.86519E-4 2.71366E-4 4.05139E-4 5.3564E-4 5.90408E-4 5.37019E-4 5.84148E-4 5.78593E-4 5.7476E-4 5.69722E-4 5.70549E-4 5.68667E-4 5.67394E-4 5.388E-4 4.98074E-4 4.70371E-4 4.57243E-4 4.59459E-4 4.57784E-4 4.7702E-4 4.80381E-4 4.85365E-4 4.90244E-4 5.03786E-4 5.19357E-4 3.82865E-4 2.72544E-4 2.14969E-4 6.59497E-5 1.94258E-5 2.2196E-5 1.98363E-5 2.04132E-5 7.23398E-5 3.44133E-4 4.68612E-4 4.31498E-4 3.56977E-4 4.7656E-4 3.83931E-4 2.78615E-4 3.28904E-5 2.07507E-5 6.18439E-5 7.19483E-5 5.53689E-5 9.26279E-5 3.48238E-5 1.49977E-5 -9999 -9999 -9999 -9999 -9999 -9999 -9999 -9999 -9999 -9999 -9999 -9999 -9999
4.88814E-4 4.8338E-4 4.8723E-4 5.16033E-4 5.42849E-4 2.44691E-4 5.90762E-4 5.92662E-4 5.93954E-4 5.38505E-4 5.64043E-4 5.84489E-4 5.80736E-4 5.79764E-4 5.7661E-4 5.7507E-4 5.40427E-4 4.95328E-4 4.62075E-4 4.33046E-4 4.27383E-4 4.28125E-4 4.37009E-4 4.50625E-4 4.59342E-4 4.67516E-4 4.73812E-4 4.78168E-4 4.60695E-4 3.03125E-4 8.23569E-5 2.65592E-5 2.2059E-5 2.07541E-5 1.98273E-5 1.46604E-5 1.35958E-5 1.97035E-5 2.9664E-4 3.28339E-4 4.37467E-4 3.46991E-4 3.17577E-4 2.98892E-5 5.38859E-5 2.13931E-5 8.38684E-6 2.51564E-5 2.14231E-5 1.94416E-5 4.49271E-5 2.30046E-5 1.43725E-5 -9999 -9999 -9999 -9999 -9999 -9999 -9999 -9999 -9999 -9999 -9999 -9999 -9999
5.05129E-4 5.00985E-4 5.03836E-4 5.42933E-4 2.4397E-4 5.91896E-4 5.94862E-4 5.94862E-4 5.94905E-4 5.93617E-4 5.92027E-4 5.87991E-4 5.85061E-4 5.8338E-4 5.36189E-4 5.35963E-4 4.98097E-4 4.6292E-4 4.34713E-4 3.58319E-4 4.0606E-4 4.11656E-4 4.24288E-4 4.4758E-4 4.58862E-4 4.62486E-4 4.59707E-4 4.41432E-4 2.43618E-4 3.96153E-5 3.64548E-5 3.11896E-5 2.45851E-5 1.6098E-5 1.66853E-5 1.31068E-5 1.0217E-5 1.328E-5 2.88509E-5 1.4447E-4 4.10717E-4 3.96783E-4 8.55318E-5 1.31738E-5 1.61758E-5 6.62197E-6 6.38042E-5 6.41356E-5 1.18322E-5 1.5222E-5 2.08576E-5 1.54634E-5 1.32066E-5 5.23204E-6 -9999 -9999 -9999 -9999 -9999 -9999 -9999 -9999 -9999 -9999 -9999 -9999
5.39553E-4 5.38672E-4 3.66867E-4 3.87133E-4 2.54133E-4 5.97464E-4 2.96584E-4 2.79929E-4 2.85373E-4 5.9365E-4 2.73016E-4 2.98439E-4 8.11789E-5 1.88109E-4 2.68658E-4 4.98862E-4 4.6688E-4 4.39625E-4 4.18557E-4 4.06021E-4 4.01899E-4 4.03292E-4 4.23956E-4 4.50709E-4 4.71035E-4 4.56472E-4 4.33975E-4 3.11357E-4 3.96775E-5 4.60966E-5 5.1856E-5 4.3833E-5 2.30174E-5 1.24439E-5 1.13315E-5 7.76572E-6 7.46145E-6 1.56048E-5 2.56829E-5 2.28081E-4 3.82118E-4 1.03595E-4 2.61499E-5 3.2622E-5 1.91234E-5 6.34632E-6 5.50699E-6 1.85688E-5 1.31545E-5 2.14236E-5 1.33602E-5 5.18563E-6 5.28774E-6 3.55492E-6 -9999 -9999 -9999 -9999 -9999 -9999 -9999 -9999 -9999 -9999 -9999 -9999
2.53484E-4 5.57353E-4 3.80233E-4 2.42812E-4 2.22064E-4 1.92721E-4 2.33585E-4 2.05165E-4 2.67207E-4 2.54015E-4 2.39993E-4 1.77947E-4 2.237E-4 3.50809E-4 4.99505E-4 4.84938E-4 2.15157E-4 4.25748E-4 3.16226E-4 3.3807E-4 4.03399E-4 4.09377E-4 4.08535E-4 4.13398E-4 4.53828E-4 4.55618E-4 4.2061E-4 3.40983E-4 3.38964E-4 5.17832E-5 5.02481E-5 4.09439E-5 2.40722E-5 1.73715E-5 1.06656E-5 9.43549E-6 8.38891E-6 2.03765E-5 3.32886E-5 2.87492E-4 1.63324E-4 3.22926E-5 1.5615E-4 9.31947E-6 9.22234E-6 1.02676E-5 1.00836E-5 1.63439E-5 1.48127E-5 1.9511E-5 9.75444E-6 8.48539E-6 5.07691E-6 -9999 -9999 -9999 -9999 -9999 -9999 -9999 -9999 -9999 -9999 -9999 -9999 -9999
5.64096E-4 5.07747E-4 5.18204E-4 5.64581E-4 4.00199E-4 2.62194E-4 2.72164E-4 5.82868E-4 3.88302E-4 2.53875E-4 2.25286E-4 2.34436E-4 4.93662E-4 4.51011E-4 3.94078E-4 3.28011E-4 8.44531E-5 2.38406E-4 2.40992E-4 2.2686E-4 3.14712E-4 3.00513E-4 4.37839E-5 4.09461E-5 6.95149E-5 4.38036E-4 4.18572E-4 3.90707E-4 3.29213E-4 2.85305E-4 1.30455E-4 4.03535E-5 3.0435E-5 2.43845E-5 1.65516E-5 1.33115E-5 2.14882E-5 4.20951E-5 1.04166E-4 2.75061E-4 4.78439E-5 1.32716E-5 1.80887E-5 6.35055E-5 5.99444E-6 1.15386E-5 2.68413E-5 1.95977E-5 1.58781E-5 1.34384E-5 8.98802E-6 4.32823E-6 4.39948E-6 3.11492E-6 -9999 -9999 -9999 -9999 -9999 -9999 -9999 -9999 -9999 -9999 -9999 -9999
1.5015E-4 1.5152E-4 4.36425E-4 5.27338E-4 5.32295E-4 4.73011E-4 5.56374E-4 5.70442E-4 2.21879E-4 2.06671E-4 3.91625E-4 5.03256E-4 4.75567E-4 2.45736E-4 5.95569E-5 1.35743E-4 2.85339E-5 2.52097E-5 1.8159E-5 2.12551E-5 2.21827E-5 1.79452E-5 1.99013E-5 2.71946E-5 1.69257E-4 9.99294E-5 5.86872E-5 3.84993E-4 3.63111E-4 2.6719E-4 2.43773E-4 6.48626E-5 3.47211E-5 3.41954E-5 3.41443E-5 3.17658E-5 3.41572E-5 4.06791E-5 1.17618E-4 2.4847E-4 4.4393E-5 1.35855E-5 1.09809E-5 1.9872E-5 1.08836E-5 9.49434E-6 4.57939E-5 1.41206E-5 1.82337E-5 2.03329E-5 5.10424E-6 4.53129E-6 3.4761E-6 -9999 -9999 -9999 -9999 -9999 -9999 -9999 -9999 -9999 -9999 -9999 -9999 -9999
1.28646E-4 1.26482E-4 1.42826E-4 1.15978E-4 1.20562E-4 5.57308E-5 5.20762E-5 1.06979E-4 1.62414E-4 1.3691E-4 3.4863E-4 3.76636E-4 3.08278E-4 3.43152E-5 3.10776E-5 1.88895E-5 1.40256E-5 1.02781E-5 1.05891E-5 1.0278E-5 1.12454E-5 1.13793E-5 1.56193E-5 1.78157E-5 2.48877E-5 3.89023E-5 4.73572E-5 1.59397E-4 3.50836E-4 2.88465E-4 2.20997E-4 1.55033E-4 3.0357E-5 3.1388E-5 3.32273E-5 3.24591E-5 3.73389E-5 2.65547E-4 2.82256E-4 1.91423E-4 1.58039E-4 2.19728E-5 2.29903E-5 1.61464E-5 7.46478E-6 6.55656E-6 8.0064E-6 1.82787E-5 1.84742E-5 2.38641E-5 5.00744E-6 4.02098E-6 -9999 -9999 -9999 -9999 -9999 -9999 -9999 -9999 -9999 -9999 -9999 -9999 -9999 -9999
5.16769E-5 6.63809E-5 5.57573E-5 3.9178E-5 2.37381E-5 3.34388E-5 2.07756E-5 1.23528E-5 1.1403E-5 1.23252E-5 1.17163E-4 2.64454E-5 2.15498E-5 1.36648E-5 1.02213E-5 8.69217E-6 1.01867E-5 8.59907E-6 8.32302E-6 8.84292E-6 8.28699E-6 9.05511E-6 9.7817E-6 1E-5 1.6978E-5 2.73187E-5 4.10726E-5 4.52115E-5 4.0624E-5 1.20627E-4 2.09632E-4 1.80899E-4 3.03583E-5 2.77665E-5 2.90629E-5 3.18935E-5 4.33463E-5 2.4017E-4 1.17052E-4 3.56866E-5 6.7648E-6 5.53214E-6 5.94981E-6 9.41555E-6 7.86089E-6 8.81253E-6 6.97737E-6 6.89077E-6 1.30551E-5 1.04385E-5 6.60391E-6 5.82655E-6 3.76115E-6 -9999 -9999 -9999 -9999 -9999 -9999 -9999 -9999 -9999 -9999 -9999 -9999 -9999
5.74402E-5 4.24579E-5 2.7974E-5 2.24087E-5 2.56513E-5 1.84009E-5 1.06332E-5 3.19521E-6 3.00321E-6 4.02258E-6 4.04631E-6 4.93566E-6 5.78848E-6 7.00918E-6 7.00918E-6 7.38847E-6 7.61662E-6 7.29299E-6 7.69169E-6 8.29504E-6 8.85251E-6 1.08804E-5 1.32402E-5 1.11859E-5 1.08576E-5 1.84995E-5 3.40147E-5 3.64641E-5 2.08047E-5 1.60294E-5 1.29103E-5 1.71446E-4 2.93966E-5 2.62973E-5 2.7122E-5 3.32866E-5 3.13621E-5 1.51323E-4 2.01689E-5 1.00839E-5 5.34941E-6 5.2975E-5 7.13109E-6 2.06562E-5 1.49449E-5 9.20958E-6 8.38068E-6 4.85936E-6 5.2524E-6 3.61773E-6 5.88714E-6 4.07179E-6 -9999 -9999 -9999 -9999 -9999 -9999 -9999 -9999 -9999 -9999 -9999 -9999 -9999 -9999
3.2494E-5 1.69996E-5 1.66306E-5 1.66428E-5 2.41651E-5 1.4534E-5 4.25474E-6 3.02308E-6 3.00321E-6 3.30754E-6 4.75956E-6 5.41603E-6 5.8415E-6 7.00918E-6 7.00918E-6 7.06311E-6 2.05296E-5 4.04732E-5 4.06069E-5 1.77413E-5 1.42233E-5 1.50785E-5 1.60264E-5 1.82282E-5 1.2982E-5 1.27385E-5 2.5498E-5 2.09346E-5 2.0737E-5 1.55079E-5 1.20511E-5 2.02724E-5 2.12118E-5 2.32673E-5 2.44488E-5 2.2179E-5 2.4896E-5 1.89509E-5 6.82312E-6 5.06753E-6 4.62507E-6 4.68928E-5 1.65546E-5 2.71874E-5 2.37723E-5 1.1548E-5 5.90461E-6 4.5034E-6 3.33918E-6 3.2787E-6 4.43228E-6 -9999 -9999 -9999 -9999 -9999 -9999 -9999 -9999 -9999 -9999 -9999 -9999 -9999 -9999 -9999
1.62508E-5 1.40401E-5 1.99517E-5 1.96518E-5 1.87491E-5 6.55359E-6 4.09107E-6 3.17082E-6 3.00362E-6 5.00635E-6 5.44746E-6 5.78523E-6 5.81081E-6 7.87282E-6 1.16877E-5 1.93007E-5 4.89795E-5 5.22148E-5 2.57592E-5 2.32732E-5 1.43403E-5 1.61692E-5 1.95133E-5 2.01617E-5 2.09164E-5 1.41572E-5 1.05387E-5 1.81814E-5 1.93318E-5 1.83864E-5 1.40262E-5 1.27884E-5 1.29991E-5 1.34491E-5 8.2043E-6 7.84086E-6 5.5782E-6 8.51832E-6 7.80579E-6 8.51388E-6 1.00923E-5 1.63152E-5 2.23786E-5 3.42654E-5 2.29018E-5 1.65245E-5 4.55479E-6 4.05976E-6 2.74376E-6 3.06577E-6 -9999 -9999 -9999 -9999 -9999 -9999 -9999 -9999 -9999 -9999 -9999 -9999 -9999 -9999 -9999 -9999
6.25512E-6 8.35755E-6 1.19373E-5 2.3276E-5 2.78726E-5 9.46867E-6 7.89371E-6 5.48572E-6 5.29609E-6 5.57863E-6 6.08714E-6 5.82826E-6 6.1767E-6 9.30253E-6 1.24295E-5 1.43962E-5 4.30458E-5 2.5499E-5 7.33642E-6 6.84803E-6 1.35984E-5 1.13903E-5 5.51037E-6 5.91108E-6 7.08392E-6 5.52667E-6 6.47025E-6 9.98875E-6 1.44104E-5 1.741E-5 1.49749E-5 1.19084E-5 1.02288E-5 9.25016E-6 6.98982E-6 7.42856E-6 7.86003E-6 5.0306E-6 5.29444E-6 1.47402E-5 1.75962E-5 1.77338E-5 1.89923E-5 2.0632E-5 2.28224E-5 5.84969E-6 4.54068E-6 3.59169E-6 -9999 -9999 -9999 -9999 -9999 -9999 -9999 -9999 -9999 -9999 -9999 -9999 -9999 -9999 -9999 -9999 -9999 -9999
3.40755E-5 2.91812E-5 2.45183E-5 1.94925E-5 1.20904E-5 8.75503E-6 9.39322E-6 8.67597E-6 8.26591E-6 5.73548E-6 6.18684E-6 5.86946E-6 6.23764E-6 5.99853E-6 5.70963E-6 8.23584E-6 9.66368E-6 9.53021E-6 6.44178E-6 6.39825E-6 6.38601E-6 4.22333E-6 4.49176E-6 4.46669E-6 4.75066E-6 5.34182E-6 5.20705E-6 6.09364E-6 1.2442E-5 1.65064E-5 1.34949E-5 1.08131E-5 9.44545E-6 7.66149E-6 4.55992E-6 6.22823E-6 1.05069E-5 5.61821E-6 3.59002E-6 4.71921E-6 1.77879E-5 1.63078E-5 2.38205E-5 2.95378E-5 3.01883E-5 4.28514E-6 4.39551E-6 4.05547E-6 -9999 -9999 -9999 -9999 -9999 -9999 -9999 -9999 -9999 -9999 -9999 -9999 -9999 -9999 -9999 -9999 -9999 -9999
5.86666E-5 5.4789E-5 5.13068E-5 3.53976E-5 1.43951E-5 8.90688E-6 1.16751E-5 1.77397E-5 1.4872E-5 1.20372E-5 7.51801E-6 7.02849E-6 7.84852E-6 6.17532E-6 8.28253E-6 9.1312E-6 1.13245E-5 1.58569E-5 1.38279E-5 8.05866E-6 6.87061E-6 3.7519E-6 4.16172E-6 4.8473E-6 4.68929E-6 4.85768E-6 5.019E-6 5.6582E-6 8.64E-6 1.42154E-5 1.33101E-5 9.52215E-6 5.06496E-6 4.52583E-6 4.12111E-6 4.83408E-6 1.0303E-5 3.94301E-6 3.81383E-6 7.72279E-6 1.59148E-5 1.75003E-5 2.39943E-5 3.01028E-5 1.10713E-5 4.55941E-6 4.28439E-6 -9999 -9999 -9999 -9999 -9999 -9999 -9999 -9999 -9999 -9999 -9999 -9999 -9999 -9999 -9999 -9999 -9999 -9999 -9999
2.90499E-4 3.94145E-4 4.2756E-4 3.78423E-4 5.03912E-4 2.22874E-4 2.79787E-4 3.13612E-4 1.69701E-4 4.48345E-4 3.55383E-4 2.8004E-4 8.83704E-5 1.37154E-4 5.84184E-5 2.14372E-4 2.2656E-4 1.58489E-4 1.90694E-4 1.75028E-4 2.9671E-5 9.93868E-6 8.83724E-6 1.01408E-5 6.69217E-6 4.81502E-6 5.70594E-6 5.65742E-6 7.26641E-6 8.5236E-6 8.20978E-6 6.52076E-6 5.76439E-6 5.09567E-6 3.77892E-6 4.13286E-6 5.08959E-6 3.74755E-6 1.05041E-5 1.7035E-5 1.66284E-5 1.33166E-5 1.29516E-5 7.86036E-6 8.12216E-6 4.79488E-6 7.01885E-6 -9999 -9999 -9999 -9999 -9999 -9999 -9999 -9999 -9999 -9999 -9999 -9999 -9999 -9999 -9999 -9999 -9999 -9999 -9999
8.39319E-4 7.73125E-4 8.58156E-4 8.12101E-4 8.67079E-4 8.93301E-4 9.14021E-4 9.24065E-4 8.27256E-4 8.69735E-4 8.40499E-4 7.9473E-4 7.70298E-4 7.31729E-4 7.14626E-4 7.2767E-4 7.20859E-4 7.195E-4 7.21011E-4 6.82358E-4 4.52425E-4 2.32667E-4 3.78145E-5 2.95656E-5 1.0882E-4 8.46696E-5 7.00437E-5 7.80818E-5 4.8651E-5 3.94734E-5 6.73562E-6 8.09263E-6 9.3782E-6 8.11545E-6 6.3666E-6 3.99389E-6 3.65329E-6 3.71019E-6 8.51579E-6 1.45008E-5 1.34264E-5 9.26156E-6 7.51414E-6 8.55355E-6 7.72336E-6 6.92542E-6 7.33761E-6 5.27316E-6 4.44159E-6 -9999 -9999 -9999 -9999 -9999 -9999 -9999 -9999 -9999 -9999 -9999 -9999 -9999 -9999 -9999 -9999 -9999
6.11204E-4 8.79643E-4 8.82274E-4 8.61699E-4 7.61797E-4 9.12373E-4 9.19496E-4 8.10568E-4 7.60628E-4 8.29928E-4 8.55882E-4 8.33484E-4 8.12869E-4 7.8079E-4 7.56906E-4 7.37355E-4 6.82643E-4 6.21473E-4 6.65984E-4 7.05542E-4 7.035E-4 6.90543E-4 5.43886E-4 4.59813E-4 4.15306E-4 3.43404E-4 3.15895E-4 2.73919E-4 2.42468E-4 2.03771E-4 1.24921E-4 1.09262E-4 3.20772E-5 1.38362E-5 8.81816E-6 5.5365E-6 5.17188E-6 4.65329E-6 8.42499E-6 2.79702E-5 1.44928E-5 1.01496E-5 7.54121E-6 7.89104E-6 6.52697E-6 4.91085E-6 4.29424E-6 3.43325E-6 3.30425E-6 -9999 -9999 -9999 -9999 -9999 -9999 -9999 -9999 -9999 -9999 -9999 -9999 -9999 -9999 -9999 -9999 -9999
3.57985E-4 6.90291E-4 8.33725E-4 9.01863E-4 8.92368E-4 9.07857E-4 9.0169E-4 9.03673E-4 4.80372E-4 6.91042E-4 8.79174E-4 8.53026E-4 8.27547E-4 7.99043E-4 7.61966E-4 7.29562E-4 6.72223E-4 6.24132E-4 6.58815E-4 6.96207E-4 7.04063E-4 7.01393E-4 7.07828E-4 7.26303E-4 7.09066E-4 6.44361E-4 6.02731E-4 5.86183E-4 4.23583E-4 4.04998E-4 3.51772E-4 3.47939E-4 3.65103E-5 1.27019E-5 7.90356E-6 7.21542E-6 6.8937E-6 6.02626E-6 1.50164E-5 6.9161E-5 4.03018E-5 2.30775E-5 7.03003E-6 4.25724E-6 3.75427E-6 1.65968E-6 3.54017E-6 3.76652E-6 -9999 -9999 -9999 -9999 -9999 -9999 -9999 -9999 -9999 -9999 -9999 -9999 -9999 -9999 -9999 -9999 -9999 -9999
8.76152E-4 3.61815E-4 6.76639E-4 8.9969E-4 9.08415E-4 9.11636E-4 8.83708E-4 8.65021E-4 6.77942E-4 3.78209E-4 9.02626E-4 8.73132E-4 8.49532E-4 8.12347E-4 7.79126E-4 7.45311E-4 7.15535E-4 7.10107E-4 6.8636E-4 6.9471E-4 6.91462E-4 6.03023E-4 7.05287E-4 7.18715E-4 6.17569E-4 7.52535E-4 6.64404E-4 7.60466E-4 6.91979E-4 5.06253E-4 3.93037E-4 2.58032E-4 1.45785E-5 1.03366E-5 8.17024E-6 9.74165E-6 6.40603E-6 6.67215E-6 4.10841E-5 7.68322E-5 7.20328E-5 3.86357E-5 7.24392E-6 3.75367E-6 3.63812E-6 3.64876E-6 3.52176E-6 4.27532E-6 -9999 -9999 -9999 -9999 -9999 -9999 -9999 -9999 -9999 -9999 -9999 -9999 -9999 -9999 -9999 -9999 -9999 -9999
8.85159E-4 7.64796E-4 8.04206E-4 8.99702E-4 9.08398E-4 8.00668E-4 8.18459E-4 8.66771E-4 3.89244E-4 6.59857E-4 7.33016E-4 8.50458E-4 8.72589E-4 8.27529E-4 8.02756E-4 7.69051E-4 7.63136E-4 7.46863E-4 7.43619E-4 7.464E-4 6.23385E-4 5.51816E-4 6.79094E-4 7.13929E-4 6.33243E-4 7.34198E-4 6.57504E-4 7.3668E-4 7.14952E-4 5.66331E-4 2.79925E-4 4.47022E-5 1.22865E-5 8.28315E-6 8.63454E-6 6.11777E-6 4.78217E-6 8.93567E-6 6.52931E-5 7.27465E-5 7.39448E-5 2.73311E-5 1.00692E-5 3.81486E-6 3.73295E-6 4.00621E-6 6.84123E-6 -9999 -9999 -9999 -9999 -9999 -9999 -9999 -9999 -9999 -9999 -9999 -9999 -9999 -9999 -9999 -9999 -9999 -9999 -9999
9.05435E-4 8.50377E-4 9.03488E-4 9.12121E-4 9.10393E-4 8.52362E-4 9.13567E-4 5.96473E-4 3.92605E-4 3.88574E-4 8.49976E-4 9.19989E-4 8.72447E-4 8.55774E-4 8.04252E-4 8.12167E-4 8.01979E-4 6.63454E-4 7.30676E-4 4.79896E-4 5.55253E-4 5.82787E-4 5.9812E-4 7.4244E-4 6.50972E-4 6.41538E-4 5.95149E-4 5.98006E-4 5.8762E-4 4.90747E-4 2.15075E-4 2.711E-5 1.17296E-5 7.48622E-6 6.33587E-6 4.34028E-6 4.68585E-6 1.14577E-5 7.67944E-5 8.04049E-5 7.82517E-5 5.87386E-5 6.50757E-6 3.82188E-6 4.02563E-6 6.23122E-6 1.01238E-5 -9999 -9999 -9999 -9999 -9999 -9999 -9999 -9999 -9999 -9999 -9999 -9999 -9999 -9999 -9999 -9999 -9999 -9999 -9999
8.96649E-4 9.07749E-4 9.21653E-4 9.36478E-4 9.43728E-4 9.08519E-4 9.15284E-4 5.99744E-4 3.99288E-4 5.84662E-4 9.11506E-4 9.04444E-4 8.64438E-4 8.60349E-4 8.68006E-4 8.43944E-4 7.9293E-4 6.72296E-4 7.23716E-4 7.23576E-4 5.99313E-4 5.71317E-4 5.66547E-4 6.47442E-4 5.94003E-4 5.58187E-4 5.71691E-4 5.42707E-4 5.29768E-4 4.42835E-4 6.63397E-5 2.51264E-5 1.7221E-5 1.16037E-5 8.45995E-6 4.3929E-6 4.33489E-6 5.92704E-5 4.9188E-5 8.0751E-5 7.60494E-5 5.81926E-5 4.8186E-6 4.77123E-6 5.67383E-6 8.57009E-6 -9999 -9999 -9999 -9999 -9999 -9999 -9999 -9999 -9999 -9999 -9999 -9999 -9999 -9999 -9999 -9999 -9999 -9999 -9999 -9999
8.02779E-4 8.86984E-4 8.06981E-4 7.79236E-4 8.97102E-4 9.2985E-4 8.98498E-4 4.13061E-4 4.07136E-4 3.99446E-4 8.21092E-4 8.72336E-4 9.00558E-4 8.48638E-4 8.34814E-4 8.22886E-4 7.65783E-4 7.5123E-4 6.14474E-4 5.92948E-4 6.04201E-4 5.87457E-4 5.77758E-4 5.86592E-4 2.8061E-4 2.18747E-4 3.8196E-4 4.8441E-4 3.50267E-4 3.34725E-4 2.01151E-5 1.62593E-5 1.38127E-5 1.35134E-5 5.56069E-6 4.61624E-6 4.42106E-6 6.66604E-5 8.31119E-5 8.06966E-5 7.08179E-5 5.07756E-6 4.91213E-6 4.88427E-6 8.61538E-6 -9999 -9999 -9999 -9999 -9999 -9999 -9999 -9999 -9999 -9999 -9999 -9999 -9999 -9999 -9999 -9999 -9999 -9999 -9999 -9999 -9999
7.82575E-4 8.98283E-4 8.5024E-4 8.31144E-4 8.32755E-4 9.39138E-4 7.52528E-4 4.15839E-4 4.11098E-4 4.09076E-4 8.74765E-4 8.68452E-4 8.83802E-4 6.74579E-4 4.95544E-4 5.00357E-4 6.49821E-4 6.80743E-4 5.5361E-4 5.51406E-4 5.88316E-4 5.49448E-4 5.63755E-4 5.08317E-4 2.42151E-4 1.84057E-4 6.1007E-5 7.21823E-5 6.61562E-5 5.91392E-5 1.47201E-5 1.18434E-5 1.1525E-5 9.29258E-6 4.47008E-6 4.63604E-6 1.26039E-5 5.18422E-5 7.17832E-5 7.28872E-5 5.33956E-6 4.77722E-6 4.30746E-6 5.88344E-6 1.49326E-5 -9999 -9999 -9999 -9999 -9999 -9999 -9999 -9999 -9999 -9999 -9999 -9999 -9999 -9999 -9999 -9999 -9999 -9999 -9999 -9999 -9999
8.66377E-4 7.89706E-4 8.90623E-4 8.14386E-4 8.83004E-4 9.28655E-4 8.99288E-4 4.12338E-4 7.54559E-4 8.46368E-4 8.72196E-4 8.43318E-4 8.34221E-4 6.53732E-4 6.61175E-4 5.99043E-4 5.84126E-4 5.3388E-4 5.49864E-4 5.51599E-4 5.3568E-4 5.58375E-4 4.75329E-4 3.0173E-4 2.10105E-4 7.93853E-5 3.37589E-5 2.894E-5 1.61982E-5 1.20978E-5 1.02449E-5 5.10275E-6 4.8782E-6 3.58397E-6 3.82779E-6 4.81187E-6 2.72329E-5 4.2792E-5 3.87696E-5 6.98771E-5 4.84686E-6 4.87661E-6 4.5928E-6 9.84027E-6 -9999 -9999 -9999 -9999 -9999 -9999 -9999 -9999 -9999 -9999 -9999 -9999 -9999 -9999 -9999 -9999 -9999 -9999 -9999 -9999 -9999 -9999
8.6009E-4 8.61542E-4 8.99056E-4 8.74349E-4 8.79565E-4 8.766E-4 5.92693E-4 7.01281E-4 8.84432E-4 9.13774E-4 8.88836E-4 7.11623E-4 7.19109E-4 6.70984E-4 5.94759E-4 4.49467E-4 5.53672E-4 4.18682E-4 5.55198E-4 3.36061E-4 8.80457E-5 7.00701E-5 3.22671E-5 1.43662E-4 1.01643E-4 4.16077E-5 2.34661E-5 2.29487E-5 1.82158E-5 1.03564E-5 7.25443E-6 3.08715E-6 2.67622E-6 2.83823E-6 3.14958E-6 3.72916E-6 4.71141E-6 1.02755E-5 3.34935E-5 7.73015E-6 5.02596E-6 4.94647E-6 5.3628E-6 9.53023E-6 -9999 -9999 -9999 -9999 -9999 -9999 -9999 -9999 -9999 -9999 -9999 -9999 -9999 -9999 -9999 -9999 -9999 -9999 -9999 -9999 -9999 -9999
