catData/rasterBestHybridModels/Pviverrinus/RD_BM01_RM1.5_H/Pviverrinus_avg.asc
ncols         409
nrows         350
xllcorner     60.897278365
yllcorner     5.843756025
cellsize      0.0892857
NODATA_value  -9999
[rows 116 to 144 of 350, columns 330 to 395 of 409]
4.2173E-4 3.30192E-4 3.00274E-4 2.81634E-4 1.85265E-4 1.99886E-4 4.9537E-4 5.84838E-4 6.39776E-4 6.35079E-4 6.04952E-4 5.98245E-4 6.00793E-4 6.10046E-4 6.17919E-4 6.1964E-4 6.14134E-4 6.43157E-4 6.4738E-4 6.49541E-4 6.55792E-4 6.53295E-4 6.51606E-4 6.24351E-4 6.60517E-4 5.99316E-4 6.15209E-4 6.73728E-4 6.15675E-4 6.4438E-4 6.37589E-4 5.86592E-4 5.94249E-4 4.26546E-4 3.77052E-4 4.10566E-4 5.36483E-4 3.56147E-4 6.09209E-4 6.43918E-4 5.84318E-4 6.354E-4 5.63646E-4 6.03614E-4 5.19301E-4 5.18809E-4 4.1483E-4 3.7428E-4 2.2704E-4 1.02391E-4 4.84902E-5 6.32628E-5 3.97117E-5 5.98811E-5 1.23407E-5 8.79616E-6 -9999 -9999 -9999 -9999 -9999 -9999 -9999 -9999 -9999 -9999
5.05056E-4 5.52372E-4 4.33285E-4 3.38907E-4 2.28508E-4 2.54718E-4 5.783E-4 6.21879E-4 6.64278E-4 6.59236E-4 6.55478E-4 6.456E-4 6.37025E-4 6.4553E-4 6.61333E-4 6.67407E-4 6.76037E-4 6.82762E-4 6.75742E-4 6.45746E-4 6.30089E-4 6.37321E-4 6.41963E-4 6.38555E-4 5.90112E-4 5.83356E-4 6.15148E-4 6.5954E-4 6.23335E-4 5.91839E-4 5.47891E-4 5.8741E-4 5.4386E-4 2.98756E-4 2.93755E-4 2.21161E-4 2.51186E-4 4.02504E-4 6.25865E-4 5.66333E-4 5.41874E-4 5.46625E-4 5.78918E-4 5.70948E-4 4.80635E-4 2.03683E-4 5.15606E-5 7.7148E-5 1.29723E-4 1.21534E-4 7.26475E-5 2.99442E-5 3.35506E-5 9.62424E-6 -9999 -9999 -9999 -9999 -9999 -9999 -9999 -9999 -9999 -9999 -9999 -9999
5.71877E-4 5.87853E-4 5.97966E-4 3.59335E-4 2.36294E-4 4.01479E-4 6.04369E-4 6.61497E-4 6.91358E-4 6.19987E-4 6.84997E-4 6.81038E-4 6.78296E-4 6.569E-4 6.90513E-4 6.94141E-4 7.00642E-4 6.43777E-4 6.23998E-4 5.89222E-4 5.71453E-4 5.49819E-4 5.42372E-4 5.84695E-4 5.98558E-4 6.04996E-4 6.09599E-4 6.32963E-4 6.2352E-4 5.21829E-4 3.64022E-4 3.12613E-4 8.92825E-5 3.94078E-5 4.35783E-5 3.98841E-5 4.10205E-5 1.03942E-4 4.87404E-4 5.68488E-4 5.32845E-4 5.09024E-4 5.78009E-4 4.596E-4 3.83514E-4 5.392E-5 3.89109E-5 8.32851E-5 9.84068E-5 7.35637E-5 1.25542E-4 4.35642E-5 1.97719E-5 -9999 -9999 -9999 -9999 -9999 -9999 -9999 -9999 -9999 -9999 -9999 -9999 -9999
6.0429E-4 5.96941E-4 5.86219E-4 6.25647E-4 6.51038E-4 4.32401E-4 6.94477E-4 7.07288E-4 7.22177E-4 6.44501E-4 6.50638E-4 7.06791E-4 7.019E-4 7.06396E-4 6.9061E-4 7.15597E-4 6.82625E-4 6.22813E-4 5.77504E-4 5.07244E-4 5.04152E-4 4.94928E-4 5.37755E-4 5.63961E-4 5.66995E-4 5.84947E-4 5.95584E-4 5.97492E-4 5.58918E-4 4.02283E-4 1.11511E-4 4.65875E-5 4.0134E-5 3.83251E-5 3.89847E-5 3.24284E-5 3.08843E-5 4.1913E-5 4.09174E-4 4.51802E-4 5.21961E-4 4.82326E-4 4.58103E-4 5.68107E-5 7.76516E-5 3.80504E-5 2.03244E-5 3.86055E-5 3.59422E-5 2.31526E-5 5.86933E-5 2.7071E-5 1.87762E-5 -9999 -9999 -9999 -9999 -9999 -9999 -9999 -9999 -9999 -9999 -9999 -9999 -9999
6.1855E-4 6.11414E-4 6.10803E-4 6.56261E-4 4.32222E-4 7.01416E-4 7.24093E-4 7.37773E-4 7.371E-4 7.41196E-4 7.39759E-4 7.16696E-4 7.19997E-4 7.06303E-4 6.65181E-4 6.75376E-4 6.23844E-4 5.74322E-4 5.03281E-4 4.59192E-4 5.02317E-4 5.11113E-4 5.30227E-4 5.59453E-4 5.76758E-4 5.80945E-4 5.74635E-4 5.47579E-4 3.51178E-4 6.3898E-5 6.09827E-5 5.45924E-5 4.43176E-5 3.10092E-5 3.31169E-5 2.88225E-5 2.49578E-5 3.08094E-5 5.5945E-5 2.13384E-4 4.72562E-4 4.7138E-4 1.21665E-4 3.19484E-5 3.31276E-5 1.62624E-5 8.41979E-5 8.78609E-5 1.71235E-5 1.99328E-5 2.44662E-5 1.94229E-5 1.76301E-5 9.63618E-6 -9999 -9999 -9999 -9999 -9999 -9999 -9999 -9999 -9999 -9999 -9999 -9999
6.51459E-4 6.41093E-4 5.18831E-4 5.60384E-4 4.38604E-4 7.16292E-4 5.10922E-4 4.17212E-4 4.18983E-4 7.45347E-4 3.67061E-4 5.02617E-4 1.45763E-4 2.70053E-4 3.92816E-4 6.19039E-4 5.76021E-4 5.41853E-4 5.17923E-4 5.01859E-4 4.98556E-4 5.03473E-4 5.32934E-4 5.634E-4 5.90833E-4 5.74178E-4 5.40136E-4 3.88004E-4 6.78232E-5 7.73867E-5 9.41503E-5 8.21087E-5 4.38757E-5 2.641E-5 2.42963E-5 1.66373E-5 1.953E-5 3.50892E-5 5.20627E-5 3.70429E-4 4.52292E-4 1.41705E-4 4.85513E-5 5.3635E-5 3.50946E-5 1.40583E-5 1.04824E-5 2.21255E-5 1.73999E-5 2.53574E-5 1.74357E-5 9.49766E-6 9.84246E-6 7.55444E-6 -9999 -9999 -9999 -9999 -9999 -9999 -9999 -9999 -9999 -9999 -9999 -9999
4.37915E-4 6.53512E-4 5.46593E-4 4.01933E-4 3.2163E-4 3.07641E-4 3.70684E-4 3.14251E-4 4.16126E-4 4.0761E-4 3.61744E-4 2.76468E-4 3.38977E-4 5.38995E-4 6.28223E-4 5.7394E-4 3.02877E-4 5.15633E-4 4.64403E-4 4.71169E-4 5.02101E-4 5.10893E-4 5.02343E-4 5.07028E-4 5.73906E-4 5.68664E-4 4.8912E-4 3.9316E-4 3.9375E-4 8.59157E-5 9.24862E-5 7.53362E-5 4.55928E-5 3.50485E-5 2.36493E-5 1.6198E-5 2.04914E-5 4.25941E-5 6.26017E-5 4.01539E-4 2.53359E-4 5.51542E-5 2.02045E-4 2.20824E-5 2.10106E-5 2.1759E-5 1.46767E-5 1.99596E-5 1.88148E-5 2.33293E-5 1.43315E-5 1.32789E-5 9.49768E-6 -9999 -9999 -9999 -9999 -9999 -9999 -9999 -9999 -9999 -9999 -9999 -9999 -9999
6.86424E-4 5.72073E-4 5.9677E-4 6.71987E-4 5.58934E-4 4.016E-4 3.87379E-4 7.41184E-4 5.60496E-4 4.65664E-4 3.47718E-4 4.14619E-4 6.11062E-4 6.06183E-4 4.31902E-4 3.71516E-4 1.11181E-4 3.71852E-4 3.48777E-4 3.24615E-4 4.08891E-4 3.91213E-4 6.67863E-5 6.60034E-5 1.01898E-4 5.48389E-4 5.19742E-4 4.78048E-4 4.09583E-4 3.77713E-4 1.93354E-4 7.73265E-5 5.49437E-5 4.59961E-5 3.32577E-5 2.75573E-5 4.02616E-5 6.78149E-5 1.49602E-4 3.79121E-4 8.35356E-5 3.1039E-5 3.59372E-5 8.04111E-5 1.36223E-5 2.22194E-5 3.19903E-5 2.22415E-5 1.92812E-5 1.7963E-5 1.41868E-5 8.85365E-6 9.15086E-6 6.72464E-6 -9999 -9999 -9999 -9999 -9999 -9999 -9999 -9999 -9999 -9999 -9999 -9999
1.92336E-4 1.96468E-4 5.07949E-4 6.17921E-4 6.37657E-4 6.10729E-4 6.58406E-4 7.11644E-4 3.09916E-4 2.92411E-4 5.68102E-4 5.90106E-4 5.922E-4 3.37135E-4 8.3414E-5 1.86978E-4 5.22014E-5 4.68188E-5 3.66774E-5 3.9741E-5 4.09328E-5 3.471E-5 3.78695E-5 4.78478E-5 2.53908E-4 1.40469E-4 9.67575E-5 4.73888E-4 4.17354E-4 3.5113E-4 3.18068E-4 9.13226E-5 5.97829E-5 5.81094E-5 5.70089E-5 5.38564E-5 5.80812E-5 6.72101E-5 1.76625E-4 3.45182E-4 7.09288E-5 2.94171E-5 2.29969E-5 2.44313E-5 2.03434E-5 1.43754E-5 5.86706E-5 1.89777E-5 2.12656E-5 2.33473E-5 1.00789E-5 9.4739E-6 7.19196E-6 -9999 -9999 -9999 -9999 -9999 -9999 -9999 -9999 -9999 -9999 -9999 -9999 -9999
1.5911E-4 1.55136E-4 1.82609E-4 1.41334E-4 1.46188E-4 8.59191E-5 8.09466E-5 1.39273E-4 2.32494E-4 1.86373E-4 4.35668E-4 4.84916E-4 4.05239E-4 5.95267E-5 5.38427E-5 3.87058E-5 3.11628E-5 2.41937E-5 2.37317E-5 2.17988E-5 2.43064E-5 2.49277E-5 3.15662E-5 3.45132E-5 4.47454E-5 6.38317E-5 7.864E-5 2.35405E-4 4.13144E-4 3.44204E-4 2.85495E-4 2.33835E-4 5.38286E-5 5.47479E-5 5.69607E-5 5.58285E-5 6.17904E-5 3.10946E-4 3.44193E-4 2.72453E-4 2.00653E-4 3.48851E-5 2.81384E-5 2.04963E-5 1.46782E-5 1.11327E-5 1.28244E-5 2.11178E-5 2.19735E-5 3.12781E-5 9.72738E-6 8.02086E-6 -9999 -9999 -9999 -9999 -9999 -9999 -9999 -9999 -9999 -9999 -9999 -9999 -9999 -9999
8.19848E-5 9.94424E-5 8.88154E-5 6.74089E-5 4.9015E-5 5.91774E-5 4.22028E-5 3.04209E-5 2.90073E-5 2.88944E-5 1.77387E-4 4.94228E-5 4.35235E-5 3.13018E-5 2.51853E-5 2.22635E-5 2.43725E-5 1.95786E-5 1.55022E-5 1.57408E-5 1.48636E-5 1.9187E-5 2.12153E-5 2.08906E-5 3.33174E-5 4.76184E-5 7.00739E-5 7.59399E-5 7.0634E-5 2.14537E-4 2.68855E-4 2.29645E-4 5.27501E-5 5.00216E-5 5.18135E-5 5.50097E-5 6.75033E-5 2.95052E-4 1.81937E-4 5.56747E-5 1.7233E-5 1.0982E-5 1.09823E-5 1.64189E-5 1.25684E-5 1.35523E-5 1.15637E-5 1.12134E-5 1.79075E-5 1.80682E-5 1.19016E-5 1.04073E-5 7.40715E-6 -9999 -9999 -9999 -9999 -9999 -9999 -9999 -9999 -9999 -9999 -9999 -9999 -9999
8.27774E-5 7.10847E-5 5.54393E-5 4.73564E-5 5.0282E-5 3.82544E-5 2.49564E-5 1.00901E-5 7.80586E-6 8.98341E-6 9.03107E-6 1.0213E-5 1.14943E-5 1.27075E-5 1.28129E-5 1.67052E-5 1.7036E-5 1.44951E-5 1.47476E-5 1.59624E-5 1.79198E-5 2.00583E-5 2.0915E-5 2.02333E-5 2.34232E-5 3.53936E-5 5.79064E-5 6.51236E-5 4.52509E-5 3.6939E-5 3.10372E-5 2.1477E-4 5.14406E-5 4.77726E-5 4.8815E-5 5.5757E-5 5.35973E-5 2.00107E-4 3.95554E-5 2.37349E-5 1.02084E-5 6.66072E-5 1.21455E-5 2.45691E-5 1.85643E-5 1.44081E-5 1.33661E-5 9.84158E-6 1.10355E-5 7.93387E-6 1.08361E-5 8.07156E-6 -9999 -9999 -9999 -9999 -9999 -9999 -9999 -9999 -9999 -9999 -9999 -9999 -9999 -9999
5.3291E-5 3.81141E-5 3.79889E-5 3.82761E-5 4.79343E-5 3.19197E-5 1.33594E-5 8.51978E-6 7.50302E-6 7.82819E-6 9.79245E-6 1.0812E-5 1.13235E-5 1.27203E-5 1.27845E-5 1.28912E-5 2.54372E-5 5.90186E-5 5.78809E-5 2.32186E-5 1.96384E-5 2.0234E-5 2.13793E-5 2.58755E-5 2.28937E-5 2.6615E-5 4.49798E-5 4.49468E-5 4.48376E-5 3.6323E-5 2.9731E-5 3.96722E-5 3.97776E-5 4.29433E-5 4.55399E-5 4.26396E-5 4.54071E-5 3.68761E-5 1.41327E-5 9.23027E-6 8.54242E-6 6.33041E-5 2.02478E-5 3.29633E-5 2.90235E-5 1.6693E-5 1.10545E-5 9.36475E-6 7.2706E-6 7.69769E-6 9.02343E-6 -9999 -9999 -9999 -9999 -9999 -9999 -9999 -9999 -9999 -9999 -9999 -9999 -9999 -9999 -9999
3.22384E-5 3.27738E-5 4.29708E-5 4.26603E-5 4.14896E-5 1.98168E-5 1.37185E-5 9.88229E-6 7.49232E-6 1.02197E-5 1.0795E-5 1.12005E-5 1.12755E-5 1.37071E-5 1.76427E-5 2.38596E-5 6.43194E-5 6.72809E-5 3.21378E-5 2.75215E-5 1.96546E-5 2.10127E-5 2.38018E-5 2.41877E-5 2.88256E-5 2.79601E-5 2.50044E-5 3.93303E-5 4.21471E-5 4.08646E-5 3.35896E-5 3.05562E-5 2.97145E-5 3.01426E-5 2.21528E-5 2.12295E-5 1.20537E-5 1.38026E-5 1.28635E-5 1.29965E-5 1.44347E-5 1.96539E-5 2.76726E-5 4.32994E-5 2.69875E-5 2.08955E-5 9.445E-6 8.34948E-6 6.30909E-6 7.12888E-6 -9999 -9999 -9999 -9999 -9999 -9999 -9999 -9999 -9999 -9999 -9999 -9999 -9999 -9999 -9999 -9999
1.72316E-5 2.17924E-5 2.8888E-5 4.77265E-5 5.50841E-5 2.68223E-5 2.30506E-5 1.71478E-5 1.26499E-5 1.08996E-5 1.19261E-5 1.12467E-5 1.15026E-5 1.51381E-5 1.82462E-5 2.02091E-5 6.18616E-5 3.37234E-5 1.30869E-5 1.26863E-5 1.92083E-5 1.71362E-5 1.08973E-5 1.1269E-5 1.46458E-5 1.4719E-5 1.72699E-5 2.38088E-5 3.28403E-5 3.84521E-5 3.5172E-5 2.94984E-5 2.60625E-5 2.40895E-5 1.94411E-5 1.49696E-5 1.31185E-5 9.95796E-6 1.01951E-5 1.87313E-5 2.1593E-5 2.17239E-5 2.29915E-5 2.41531E-5 2.76367E-5 1.04546E-5 9.42772E-6 7.5573E-6 -9999 -9999 -9999 -9999 -9999 -9999 -9999 -9999 -9999 -9999 -9999 -9999 -9999 -9999 -9999 -9999 -9999 -9999
6.3784E-5 5.6989E-5 5.02749E-5 4.29901E-5 3.20443E-5 2.50346E-5 2.65013E-5 2.4775E-5 2.2087E-5 1.19888E-5 1.14334E-5 1.12657E-5 1.26239E-5 1.20095E-5 1.1145E-5 1.40078E-5 1.54825E-5 1.57191E-5 1.20769E-5 1.20455E-5 1.21359E-5 1.0403E-5 1.10937E-5 9.59153E-6 1.00908E-5 1.03638E-5 1.07943E-5 1.3582E-5 2.72281E-5 3.60231E-5 3.2224E-5 2.70746E-5 2.40515E-5 1.93379E-5 9.38418E-6 1.1426E-5 1.64477E-5 1.37165E-5 7.73817E-6 9.01622E-6 2.17638E-5 2.12382E-5 2.94352E-5 3.79736E-5 3.72772E-5 8.91133E-6 9.22766E-6 8.49497E-6 -9999 -9999 -9999 -9999 -9999 -9999 -9999 -9999 -9999 -9999 -9999 -9999 -9999 -9999 -9999 -9999 -9999 -9999
9.50096E-5 9.0293E-5 8.55939E-5 6.70405E-5 3.65056E-5 2.5341E-5 3.14572E-5 4.15504E-5 3.6241E-5 3.05072E-5 2.09821E-5 1.96728E-5 2.05754E-5 1.59251E-5 1.76207E-5 1.76104E-5 2.49309E-5 3.15035E-5 2.99713E-5 2.00237E-5 1.61295E-5 1.01403E-5 1.13997E-5 1.3704E-5 1.05517E-5 1.00475E-5 1.01514E-5 1.11479E-5 2.06958E-5 3.08292E-5 3.07844E-5 2.39144E-5 1.24642E-5 9.4189E-6 8.95031E-6 9.77097E-6 2.07343E-5 8.63503E-6 8.26376E-6 1.256E-5 1.9882E-5 2.15463E-5 2.89985E-5 3.72401E-5 1.63245E-5 9.35671E-6 8.9803E-6 -9999 -9999 -9999 -9999 -9999 -9999 -9999 -9999 -9999 -9999 -9999 -9999 -9999 -9999 -9999 -9999 -9999 -9999 -9999
4.27511E-4 5.67988E-4 5.89069E-4 5.6311E-4 5.81973E-4 3.17167E-4 4.29976E-4 4.76724E-4 3.31567E-4 5.50228E-4 4.60247E-4 4.39788E-4 1.25011E-4 2.0282E-4 1.00847E-4 3.04082E-4 3.24787E-4 2.50841E-4 2.9001E-4 2.63247E-4 5.54019E-5 2.6191E-5 2.3611E-5 2.56804E-5 1.83553E-5 9.99518E-6 1.10252E-5 1.17251E-5 1.80514E-5 2.0356E-5 1.96967E-5 1.47855E-5 1.09728E-5 1.10563E-5 8.72875E-6 8.89915E-6 1.03126E-5 8.43424E-6 1.58256E-5 2.13511E-5 2.10549E-5 1.81738E-5 1.76911E-5 1.26093E-5 1.34045E-5 9.91321E-6 1.21152E-5 -9999 -9999 -9999 -9999 -9999 -9999 -9999 -9999 -9999 -9999 -9999 -9999 -9999 -9999 -9999 -9999 -9999 -9999 -9999
9.64292E-4 9.47179E-4 9.92391E-4 9.5382E-4 1.00573E-3 1.04543E-3 1.05006E-3 1.09153E-3 1.02776E-3 1.01464E-3 1.00537E-3 9.5554E-4 9.52319E-4 9.15728E-4 9.01484E-4 9.08696E-4 9.00471E-4 9.02336E-4 9.07171E-4 8.28756E-4 5.29848E-4 3.69558E-4 6.63974E-5 5.4366E-5 1.46196E-4 1.15203E-4 1.00318E-4 1.04232E-4 6.31318E-5 5.29968E-5 1.61547E-5 1.95917E-5 2.18587E-5 2.07483E-5 1.75472E-5 8.82781E-6 8.31202E-6 8.41608E-6 1.38993E-5 1.93232E-5 1.84471E-5 1.46276E-5 1.27701E-5 1.3635E-5 1.23638E-5 1.15073E-5 1.22454E-5 9.76552E-6 8.71254E-6 -9999 -9999 -9999 -9999 -9999 -9999 -9999 -9999 -9999 -9999 -9999 -9999 -9999 -9999 -9999 -9999 -9999
8.144E-4 1.00716E-3 1.00838E-3 9.99762E-4 9.80572E-4 1.05245E-3 1.05798E-3 1.01787E-3 1.00363E-3 9.99695E-4 1.02689E-3 1.01024E-3 9.92322E-4 9.65185E-4 9.37353E-4 9.26656E-4 8.7772E-4 8.0836E-4 8.48406E-4 8.84852E-4 8.86874E-4 8.66235E-4 6.62221E-4 5.31675E-4 4.62766E-4 4.2872E-4 4.00843E-4 3.51895E-4 3.09833E-4 2.67607E-4 1.91179E-4 1.64365E-4 5.84595E-5 3.15821E-5 2.21751E-5 1.26039E-5 1.17555E-5 9.67769E-6 1.38515E-5 3.52327E-5 1.95332E-5 1.61226E-5 1.28695E-5 1.32172E-5 1.17722E-5 9.41582E-6 8.90407E-6 7.97329E-6 7.67334E-6 -9999 -9999 -9999 -9999 -9999 -9999 -9999 -9999 -9999 -9999 -9999 -9999 -9999 -9999 -9999 -9999 -9999
4.85745E-4 9.20641E-4 9.88361E-4 1.04033E-3 1.02014E-3 1.0484E-3 1.04322E-3 1.04252E-3 6.42906E-4 8.97463E-4 1.04656E-3 1.02575E-3 1.00069E-3 9.71543E-4 9.45999E-4 9.21837E-4 8.64829E-4 8.136E-4 8.48441E-4 8.85014E-4 8.87688E-4 8.71547E-4 8.71108E-4 8.77103E-4 8.48575E-4 7.65336E-4 7.52357E-4 6.73476E-4 5.86908E-4 5.46456E-4 5.26446E-4 4.66965E-4 6.00087E-5 2.96694E-5 1.95991E-5 1.83465E-5 1.77609E-5 1.12868E-5 2.09029E-5 9.18221E-5 5.04946E-5 3.44981E-5 1.22841E-5 9.09894E-6 8.46328E-6 6.19228E-6 8.14672E-6 1.12296E-5 -9999 -9999 -9999 -9999 -9999 -9999 -9999 -9999 -9999 -9999 -9999 -9999 -9999 -9999 -9999 -9999 -9999 -9999
9.96397E-4 4.90201E-4 8.9775E-4 1.03288E-3 1.05516E-3 1.04899E-3 1.02038E-3 1.02963E-3 8.89499E-4 5.1809E-4 1.05868E-3 1.02875E-3 1.02083E-3 9.85531E-4 9.58947E-4 9.31654E-4 9.05723E-4 8.9955E-4 8.70954E-4 8.74389E-4 8.64801E-4 7.17385E-4 8.6324E-4 8.61343E-4 7.01527E-4 8.73921E-4 8.28769E-4 8.87993E-4 8.12646E-4 6.59465E-4 5.52464E-4 4.20345E-4 3.16275E-5 2.53299E-5 2.04586E-5 2.33858E-5 1.6956E-5 1.20572E-5 5.42948E-5 1.17144E-4 1.08717E-4 4.4611E-5 1.26462E-5 8.45026E-6 8.30668E-6 8.32879E-6 9.76129E-6 1.34833E-5 -9999 -9999 -9999 -9999 -9999 -9999 -9999 -9999 -9999 -9999 -9999 -9999 -9999 -9999 -9999 -9999 -9999 -9999
1.01426E-3 9.61732E-4 9.72996E-4 1.04132E-3 1.05839E-3 1.01141E-3 1.01586E-3 1.0442E-3 5.25766E-4 8.65317E-4 9.83352E-4 1.00448E-3 1.03155E-3 9.95415E-4 9.77087E-4 9.43977E-4 9.4186E-4 9.20534E-4 9.19473E-4 9.15944E-4 7.84739E-4 6.14245E-4 8.29072E-4 8.56568E-4 7.17186E-4 8.50443E-4 8.21112E-4 8.7144E-4 8.65807E-4 6.68426E-4 4.55788E-4 7.46419E-5 2.89196E-5 2.10074E-5 2.18274E-5 1.68122E-5 1.32091E-5 1.43599E-5 1.0224E-4 1.17199E-4 1.13832E-4 3.61813E-5 1.52654E-5 8.53956E-6 9.43746E-6 1.1736E-5 1.95559E-5 -9999 -9999 -9999 -9999 -9999 -9999 -9999 -9999 -9999 -9999 -9999 -9999 -9999 -9999 -9999 -9999 -9999 -9999 -9999
1.03327E-3 9.95817E-4 1.03442E-3 1.05029E-3 1.03748E-3 1.03073E-3 1.08526E-3 7.98628E-4 5.27267E-4 5.23418E-4 1.02859E-3 1.07466E-3 1.0393E-3 1.0077E-3 9.4503E-4 9.72542E-4 9.66919E-4 8.15956E-4 8.85465E-4 7.34393E-4 6.40604E-4 6.89078E-4 7.18834E-4 8.71581E-4 7.79619E-4 7.7483E-4 7.12986E-4 7.33793E-4 7.20362E-4 5.50201E-4 3.4788E-4 5.40991E-5 2.74078E-5 1.92843E-5 1.70769E-5 9.17666E-6 1.09732E-5 1.74077E-5 1.15196E-4 1.20389E-4 1.18544E-4 8.82127E-5 1.18439E-5 8.5536E-6 1.1631E-5 1.796E-5 2.66221E-5 -9999 -9999 -9999 -9999 -9999 -9999 -9999 -9999 -9999 -9999 -9999 -9999 -9999 -9999 -9999 -9999 -9999 -9999 -9999
1.03011E-3 1.04248E-3 1.05303E-3 1.07001E-3 1.07476E-3 1.06868E-3 1.10977E-3 8.15277E-4 5.3162E-4 7.9112E-4 1.07616E-3 1.06343E-3 1.02773E-3 1.03254E-3 1.01265E-3 9.89475E-4 9.39868E-4 8.09439E-4 8.68603E-4 8.64198E-4 7.07768E-4 6.99946E-4 6.74866E-4 7.80752E-4 6.99102E-4 6.67333E-4 6.5762E-4 6.60516E-4 6.48158E-4 5.01176E-4 9.08837E-5 5.04464E-5 3.71527E-5 2.74791E-5 2.13332E-5 9.36148E-6 9.24301E-6 7.23614E-5 9.87956E-5 1.20347E-4 1.16189E-4 8.35085E-5 9.8489E-6 9.89099E-6 1.63576E-5 2.2841E-5 -9999 -9999 -9999 -9999 -9999 -9999 -9999 -9999 -9999 -9999 -9999 -9999 -9999 -9999 -9999 -9999 -9999 -9999 -9999 -9999
1.01792E-3 1.03472E-3 1.00256E-3 1.00477E-3 1.05749E-3 1.06817E-3 1.10537E-3 5.43577E-4 5.36955E-4 5.28313E-4 1.04706E-3 1.08607E-3 1.08212E-3 1.02289E-3 9.67691E-4 9.56199E-4 8.73362E-4 8.85068E-4 7.07197E-4 6.84783E-4 7.52863E-4 6.82764E-4 6.59332E-4 6.85229E-4 5.13661E-4 3.32304E-4 4.99503E-4 5.81717E-4 4.80149E-4 4.63203E-4 4.37813E-5 3.76177E-5 3.3272E-5 3.21546E-5 1.52016E-5 1.06857E-5 9.2662E-6 8.4861E-5 1.22165E-4 1.20333E-4 1.0641E-4 1.11792E-5 9.79605E-6 9.9358E-6 2.25259E-5 -9999 -9999 -9999 -9999 -9999 -9999 -9999 -9999 -9999 -9999 -9999 -9999 -9999 -9999 -9999 -9999 -9999 -9999 -9999 -9999 -9999
1.00561E-3 1.05124E-3 1.03541E-3 1.0123E-3 1.03136E-3 1.11616E-3 1.05106E-3 5.46915E-4 5.40995E-4 5.40865E-4 1.08005E-3 1.09351E-3 1.06511E-3 8.61081E-4 7.23566E-4 7.23739E-4 7.46452E-4 8.17716E-4 6.55243E-4 6.57458E-4 6.93826E-4 6.55769E-4 6.57225E-4 5.77285E-4 4.01811E-4 2.92044E-4 9.05252E-5 9.88235E-5 8.9903E-5 8.09184E-5 3.50149E-5 2.96398E-5 2.92153E-5 2.44727E-5 9.24559E-6 9.47811E-6 1.79616E-5 6.77887E-5 9.9739E-5 1.08177E-4 1.0509E-5 9.78522E-6 9.18486E-6 1.68479E-5 3.49725E-5 -9999 -9999 -9999 -9999 -9999 -9999 -9999 -9999 -9999 -9999 -9999 -9999 -9999 -9999 -9999 -9999 -9999 -9999 -9999 -9999 -9999
9.96321E-4 9.95359E-4 1.05512E-3 1.00517E-3 1.03938E-3 1.08948E-3 1.11444E-3 5.44683E-4 1.06028E-3 1.08447E-3 1.09931E-3 1.03032E-3 1.02542E-3 8.23471E-4 7.71496E-4 7.05734E-4 6.56217E-4 6.32257E-4 6.54738E-4 6.54487E-4 6.40228E-4 6.35477E-4 5.73075E-4 4.28653E-4 3.32917E-4 1.09025E-4 5.99964E-5 5.32041E-5 3.55003E-5 2.97268E-5 2.64854E-5 1.53641E-5 1.49156E-5 9.65248E-6 8.44637E-6 9.73117E-6 3.65675E-5 5.55989E-5 5.09581E-5 9.76621E-5 9.88174E-6 9.8938E-6 1.11145E-5 2.52638E-5 -9999 -9999 -9999 -9999 -9999 -9999 -9999 -9999 -9999 -9999 -9999 -9999 -9999 -9999 -9999 -9999 -9999 -9999 -9999 -9999 -9999 -9999
9.95219E-4 1.00369E-3 1.02894E-3 1.03337E-3 1.05904E-3 1.07619E-3 9.10544E-4 1.00132E-3 1.11903E-3 1.12397E-3 1.09519E-3 8.70752E-4 8.75736E-4 8.50001E-4 7.26755E-4 6.01597E-4 6.63267E-4 5.67564E-4 6.54882E-4 5.83043E-4 1.18587E-4 9.96367E-5 6.17012E-5 2.17709E-4 1.37252E-4 7.06567E-5 4.49921E-5 4.39495E-5 4.01519E-5 2.662E-5 2.02246E-5 9.86767E-6 7.32211E-6 7.4569E-6 9.36916E-6 1.06821E-5 1.06405E-5 1.54881E-5 4.5549E-5 1.43727E-5 1.00504E-5 9.96455E-6 1.47179E-5 2.44608E-5 -9999 -9999 -9999 -9999 -9999 -9999 -9999 -9999 -9999 -9999 -9999 -9999 -9999 -9999 -9999 -9999 -9999 -9999 -9999 -9999 -9999 -9999
