catData/rasterBestHybridModels/Pviverrinus/RD_BM01_RM1.5_H/Pviverrinus_max.asc
ncols         409
nrows         350
xllcorner     60.897278365
yllcorner     5.843756025
cellsize      0.0892857
NODATA_value  -9999
[rows 174 to 202 of 350, columns 198 to 263 of 409]
1.00701E-5 1.34221E-5 2.06589E-5 2.95172E-5 5.13766E-5 2.44755E-5 2.07442E-5 1.56779E-5 2.11474E-5 2.22572E-5 3.16841E-5 3.82871E-5 3.93759E-5 4.24279E-5 4.02135E-5 5.4739E-5 8.13278E-5 1.36411E-4 1.47994E-4 1.75424E-4 1.06515E-4 9.58379E-5 6.76244E-5 1.11518E-4 3.55666E-5 2.41427E-5 1.52747E-5 1.31405E-5 1.3063E-5 2.28051E-5 3.30905E-5 3.25577E-5 2.3069E-5 3.91198E-5 6.76323E-5 4.33018E-5 4.1903E-5 4.2768E-5 5.62824E-5 1.31904E-4 1.324E-4 4.18196E-5 1.29997E-5 1.71163E-5 1.59949E-5 1.35199E-5 4.33236E-5 2.97623E-5 4.71709E-5 6.24012E-5 8.66606E-5 5.34356E-5 1.10839E-4 8.15173E-5 5.90598E-5 6.01858E-5 3.70915E-5 8.97164E-5 1.85312E-4 1.44426E-4 1.73638E-4 2.16159E-4 1.44107E-4 6.76678E-5 4.8133E-5 3.37926E-5
1.65118E-5 3.28228E-5 3.63771E-5 5.1141E-5 5.21449E-5 1.94333E-5 4.04778E-5 2.14503E-5 2.84696E-5 3.2885E-5 3.94083E-5 4.77254E-5 4.84177E-5 4.25289E-5 4.84171E-5 8.15923E-5 1.16687E-4 9.48441E-5 1.01928E-4 1.55432E-4 1.49894E-4 1.43692E-4 1.0187E-4 1.31037E-4 4.3377E-5 2.4051E-5 2.06354E-5 1.91708E-5 1.73093E-5 3.24445E-5 3.70029E-5 5.7743E-5 3.13966E-5 5.91856E-5 7.51496E-5 1.01181E-4 4.61127E-5 4.56918E-5 8.81236E-5 1.4124E-4 8.30122E-5 1.46293E-5 1.30838E-5 2.02542E-5 1.96956E-5 1.67351E-5 2.55048E-5 2.83819E-5 3.71498E-5 4.57218E-5 3.62157E-5 7.17551E-5 5.58995E-5 1.07233E-4 5.97445E-5 5.76696E-5 1.11534E-4 2.07446E-4 3.08513E-4 1.68297E-4 2.23298E-4 1.31218E-4 1.50742E-4 5.24535E-5 5.89039E-5 4.24205E-5
1.3599E-5 2.72728E-5 3.92505E-5 5.6333E-5 8.87347E-5 6.96162E-5 2.90056E-5 3.36397E-5 5.30048E-5 7.88592E-5 8.98686E-5 9.70234E-5 1.06187E-4 4.32233E-5 1.41609E-4 1.06096E-4 7.6362E-5 7.86348E-5 9.79841E-5 1.06223E-4 1.41845E-4 7.26511E-5 6.01487E-5 7.52483E-5 5.68638E-5 3.44801E-5 1.9422E-5 4.13076E-5 3.6236E-5 3.95787E-5 9.00312E-5 5.0101E-5 9.81335E-5 1.62684E-4 7.09173E-5 1.20889E-4 1.03713E-4 1.1424E-4 1.46122E-4 1.47517E-4 5.04343E-5 1.42973E-5 1.54749E-5 1.95434E-5 2.35952E-5 4.58542E-5 4.4969E-5 6.17185E-5 5.49514E-5 5.64351E-5 2.90037E-5 3.80779E-5 6.58168E-5 1.14307E-4 1.29255E-4 1.80075E-4 2.6167E-4 3.08881E-4 3.19398E-4 2.72188E-4 1.82179E-4 9.22267E-5 9.35251E-5 9.79613E-5 3.17914E-5 2.44327E-5
2.68272E-5 4.18665E-5 4.0081E-5 8.56992E-5 6.12858E-5 6.59507E-5 5.56762E-5 1.59437E-5 5.75406E-5 9.06878E-5 8.63397E-5 1.0627E-4 7.77598E-5 7.88591E-5 9.01131E-5 1.18156E-4 1.55235E-4 7.08528E-5 5.74356E-5 6.59883E-5 7.62345E-5 4.86943E-5 3.77612E-5 4.7427E-5 3.72857E-5 2.81458E-5 4.38597E-5 3.31791E-5 6.42653E-5 6.29261E-5 1.58308E-4 1.08646E-4 7.55721E-5 6.44098E-5 7.32315E-5 8.49624E-5 7.72444E-5 1.45312E-4 1.57507E-4 9.64148E-5 4.34721E-5 4.22756E-5 3.84153E-5 3.56488E-5 3.61406E-5 5.6533E-5 4.19217E-5 5.84168E-5 3.74942E-5 3.63676E-5 6.34069E-5 5.25335E-5 9.9486E-5 1.20558E-4 1.33969E-4 1.82638E-4 3.0006E-4 3.42814E-4 2.05735E-4 1.58839E-4 2.32514E-4 9.25274E-5 1.12934E-4 4.11484E-5 3.6047E-5 2.69432E-5
3.74359E-5 2.81111E-5 3.48552E-5 5.07147E-5 5.81986E-5 8.3429E-5 1.21389E-4 1.18613E-4 8.91039E-5 9.51538E-5 9.25591E-5 1.34769E-4 8.14423E-5 6.74211E-5 6.52416E-5 5.79032E-5 7.38205E-5 9.36223E-5 4.37508E-5 3.23787E-5 1.92891E-5 3.40903E-5 3.08187E-5 4.31982E-5 4.24082E-5 6.35739E-5 7.83505E-5 8.7094E-5 5.97919E-5 9.41621E-5 8.04562E-5 6.05351E-5 1.23634E-4 1.64751E-4 1.51851E-4 9.19421E-5 1.17392E-4 1.57093E-4 1.61586E-4 9.96442E-5 4.51419E-5 6.95325E-5 6.23118E-5 5.74673E-5 4.43835E-5 4.61927E-5 3.01169E-5 3.70546E-5 2.61586E-5 2.68354E-5 6.42847E-5 6.13868E-5 1.17131E-4 1.2629E-4 1.39661E-4 1.849E-4 2.98091E-4 3.46358E-4 2.50743E-4 1.29641E-4 2.16038E-4 9.40765E-5 5.55776E-5 3.54555E-5 3.39511E-5 2.9687E-5
2.32868E-5 3.83295E-5 3.80881E-5 4.77994E-5 6.16224E-5 5.14507E-5 4.85191E-5 1.17684E-4 7.52602E-5 3.27368E-5 3.78425E-5 9.05366E-5 6.85653E-5 9.3849E-5 8.36E-5 5.76634E-5 1.3231E-4 4.82527E-5 3.98073E-5 1.73464E-5 4.40233E-5 4.86181E-5 5.90103E-5 1.11396E-4 8.58798E-5 8.63011E-5 1.17132E-4 8.77917E-5 1.45926E-4 1.11351E-4 1.49236E-4 1.2734E-4 1.17768E-4 1.59738E-4 1.64481E-4 1.1602E-4 1.5012E-4 1.5707E-4 1.51935E-4 6.95279E-5 7.06168E-5 3.68214E-5 3.19436E-5 3.31766E-5 3.27952E-5 4.52184E-5 2.33382E-5 3.64061E-5 4.78955E-5 5.86544E-5 8.43429E-5 8.0337E-5 1.25682E-4 1.3215E-4 1.63263E-4 2.11418E-4 2.09923E-4 2.20904E-4 1.45249E-4 5.6391E-5 7.49377E-5 1.87463E-5 1.52352E-5 2.26665E-5 2.99296E-5 2.1982E-5
3.33328E-5 3.94927E-5 5.63559E-5 3.95392E-5 4.05504E-5 3.59509E-5 2.00168E-5 2.00997E-5 3.65664E-5 4.33364E-5 4.39071E-5 5.80812E-5 6.79298E-5 4.93054E-5 8.73911E-5 8.67656E-5 4.25557E-5 2.87607E-5 4.52926E-5 1.51592E-5 1.7271E-5 7.26411E-5 6.59997E-5 1.13434E-4 1.17884E-4 5.05114E-5 7.05267E-5 7.64948E-5 7.03146E-5 6.41904E-5 1.42959E-4 1.38161E-4 1.17943E-4 1.36E-4 1.51174E-4 1.51916E-4 1.9038E-4 1.54036E-4 1.50163E-4 6.47281E-5 3.31598E-5 3.5754E-5 3.18799E-5 6.4031E-5 3.08871E-5 2.28667E-5 2.37631E-5 5.17122E-5 2.61875E-5 3.11809E-5 1.08549E-4 1.09008E-4 1.18382E-4 1.35806E-4 1.34843E-4 1.729E-4 1.65557E-4 2.28197E-4 1.5507E-4 4.93467E-5 5.515E-5 7.05091E-5 3.03205E-5 2.21598E-5 2.05023E-5 3.50586E-5
1.87259E-5 2.56005E-5 5.83766E-5 4.17765E-5 3.97868E-5 2.71968E-5 1.6778E-5 1.77395E-5 3.66425E-5 3.25306E-5 3.42005E-5 3.4925E-5 6.95918E-5 7.23261E-5 1.54931E-4 3.96165E-5 5.49002E-5 2.83255E-5 4.02562E-5 1.972E-5 1.75554E-5 2.17667E-5 7.96829E-5 1.16918E-4 1.45488E-4 7.17926E-5 5.86998E-5 4.4044E-5 6.31164E-5 7.91328E-5 1.23401E-4 1.16225E-4 1.19551E-4 1.34204E-4 1.5382E-4 1.38017E-4 1.69568E-4 1.53036E-4 9.94338E-5 3.71829E-5 1.36418E-5 1.59791E-5 2.53113E-5 2.97169E-5 2.47893E-5 2.58474E-5 3.79346E-5 4.06636E-5 2.82835E-5 3.71592E-5 4.58471E-5 4.64372E-5 4.6609E-5 1.0464E-4 1.22518E-4 1.65692E-4 9.7121E-5 1.39215E-4 1.91511E-4 1.54479E-4 1.10471E-4 1.09285E-4 1.36808E-4 7.25507E-5 2.96082E-5 3.44088E-5
4.29111E-5 2.76006E-5 3.68865E-5 2.59736E-5 3.66067E-5 2.0904E-5 2.3839E-5 1.84442E-5 1.60348E-5 3.30805E-5 2.58414E-5 3.73316E-5 4.95576E-5 1.01435E-4 4.75663E-5 4.54159E-5 3.15272E-5 5.21063E-5 4.61116E-5 1.99218E-5 1.13816E-5 1.29106E-5 4.062E-5 5.50567E-5 4.69975E-5 5.57146E-5 1.00638E-4 3.1021E-5 3.34785E-5 1.35088E-4 1.11463E-4 1.26042E-4 1.28654E-4 1.33353E-4 1.3293E-4 1.44272E-4 1.62269E-4 9.03686E-5 1.48597E-5 1.39992E-5 1.11556E-5 1.44685E-5 1.48984E-5 2.56613E-5 2.20902E-5 3.08841E-5 3.27927E-5 2.67882E-5 2.73409E-5 4.00305E-5 2.76374E-5 4.48343E-5 8.65236E-5 1.08338E-4 1.28879E-4 1.33837E-4 1.7705E-4 1.70682E-4 1.22427E-4 8.82593E-5 7.06477E-5 6.94027E-5 5.12829E-5 6.73208E-5 5.86325E-5 4.17031E-5
4.08682E-5 6.54354E-5 4.68324E-5 1.27326E-5 1.11489E-5 1.36386E-5 1.83225E-5 2.95067E-5 1.87805E-5 1.39519E-5 3.81505E-5 3.48105E-5 3.89182E-5 4.57229E-5 5.08732E-5 6.91452E-5 4.29693E-5 3.28169E-5 2.93377E-5 1.6246E-5 1.5716E-5 1.46396E-5 2.69313E-5 3.68483E-5 4.14257E-5 3.05153E-5 3.18852E-5 3.23558E-5 4.35771E-5 1.43507E-4 5.55952E-5 8.86593E-5 1.30594E-4 1.4034E-4 1.41856E-4 3.06977E-5 8.51329E-5 4.84072E-5 1.81777E-5 2.27228E-5 1.24636E-5 1.35052E-5 1.53304E-5 2.29942E-5 2.74058E-5 3.18787E-5 2.13198E-5 2.45385E-5 2.70822E-5 4.00553E-5 3.94143E-5 5.87121E-5 1.5159E-4 1.6322E-4 8.1622E-5 1.73027E-4 1.27451E-4 1.68954E-4 4.63649E-5 3.24457E-5 2.77129E-5 2.90731E-5 2.7537E-5 3.49406E-5 5.25928E-5 8.00225E-5
4.10696E-5 4.19775E-5 1.57633E-5 1.01828E-5 1.12204E-5 1.29342E-5 1.39164E-5 1.6161E-5 1.85918E-5 2.09505E-5 1.92916E-5 2.2993E-5 6.53532E-5 7.25025E-5 9.75772E-5 7.38591E-5 1.09364E-4 7.87081E-5 2.30925E-5 3.37432E-5 2.93175E-5 2.55274E-5 1.90513E-5 1.46932E-5 1.41307E-5 1.91975E-5 1.54184E-5 4.89729E-5 9.80615E-5 1.30282E-4 9.51837E-5 8.23827E-5 1.31719E-4 1.39571E-4 6.91468E-5 2.7228E-5 7.20667E-5 1.10141E-4 3.01657E-5 3.01487E-5 3.06873E-5 2.57501E-5 1.75362E-5 3.22062E-5 5.97579E-5 2.80343E-5 3.72467E-5 2.42911E-5 4.23262E-5 5.53777E-5 5.37463E-5 3.56912E-5 9.83458E-5 7.91822E-5 7.6001E-5 8.97563E-5 1.12441E-4 9.59127E-5 3.44601E-5 3.16894E-5 2.59821E-5 3.07171E-5 4.64621E-5 4.38775E-5 3.6115E-5 5.6482E-5
3.15208E-5 3.9145E-5 3.59461E-5 1.23359E-5 1.06253E-5 1.05876E-5 1.66429E-5 1.53399E-5 1.97859E-5 1.66925E-5 1.64506E-5 2.56415E-5 3.62983E-5 3.32032E-5 5.0894E-5 3.51613E-5 3.31303E-5 2.73616E-5 2.76911E-5 2.61843E-5 2.6905E-5 2.48223E-5 3.24814E-5 1.82357E-5 1.68764E-5 1.07038E-5 1.27168E-5 5.00902E-5 4.9241E-5 1.18459E-4 1.00072E-4 7.93988E-5 1.05037E-4 7.42968E-5 9.75581E-5 3.84815E-5 3.40612E-5 2.60367E-5 2.94859E-5 2.24909E-5 2.25345E-5 2.19696E-5 2.43491E-5 1.88582E-5 2.63054E-5 2.32681E-5 5.57616E-5 8.68138E-5 3.61792E-5 5.46349E-5 5.17919E-5 5.56798E-5 5.62047E-5 5.3362E-5 1.22139E-4 9.03206E-5 9.34583E-5 3.8629E-5 3.60493E-5 3.99011E-5 3.86665E-5 3.78436E-5 4.07224E-5 4.10811E-5 4.18156E-5 5.34739E-5
3.30551E-5 3.42143E-5 3.58579E-5 3.65732E-5 1.14353E-5 1.39752E-5 1.7941E-5 2.15414E-5 2.42846E-5 1.67459E-5 1.67584E-5 3.54727E-5 5.01623E-5 6.83643E-5 9.13607E-5 1.84716E-5 1.48431E-5 1.73395E-5 1.91682E-5 2.25957E-5 2.1735E-5 2.22527E-5 2.09045E-5 2.00676E-5 1.12154E-5 1.15925E-5 1.62226E-5 2.28822E-5 4.95665E-5 5.74377E-5 8.21716E-5 4.02509E-5 3.30184E-5 2.05118E-5 2.31197E-5 2.92339E-5 2.21408E-5 2.54351E-5 2.51971E-5 1.53589E-5 2.38139E-5 3.1324E-5 1.90557E-5 3.21637E-5 4.23871E-5 2.21571E-5 7.09242E-5 5.49994E-5 4.18505E-5 4.64288E-5 5.55715E-5 6.26499E-5 6.032E-5 6.42856E-5 6.21573E-5 7.70002E-5 3.88772E-5 3.81723E-5 4.74367E-5 3.63095E-5 2.91231E-5 3.79449E-5 3.96026E-5 3.91106E-5 4.17488E-5 5.20413E-5
1.22396E-5 3.43936E-5 3.53891E-5 1.60654E-5 1.69379E-5 1.84028E-5 2.01583E-5 2.23638E-5 3.53432E-5 3.35456E-5 2.05178E-5 1.92445E-5 3.20491E-5 1.42111E-4 1.42632E-4 2.8014E-5 3.51576E-5 2.44781E-5 3.18012E-5 2.27879E-5 2.29411E-5 2.20806E-5 2.81937E-5 1.53566E-5 1.23409E-5 1.52106E-5 1.15748E-5 1.86709E-5 1.54285E-5 1.31413E-5 3.25032E-5 2.93927E-5 2.02959E-5 1.39184E-5 1.31057E-5 2.46479E-5 1.95177E-5 3.09184E-5 3.35652E-5 2.40429E-5 2.23158E-5 1.82672E-5 1.86363E-5 4.65265E-5 5.4068E-5 3.75037E-5 2.72353E-5 3.78344E-5 4.55461E-5 4.46327E-5 5.22638E-5 5.77114E-5 5.98391E-5 5.93974E-5 3.70349E-5 3.31826E-5 6.10227E-5 2.50618E-5 3.23132E-5 4.09494E-5 3.63109E-5 3.34888E-5 3.41281E-5 4.41325E-5 4.03541E-5 4.60383E-5
1.20495E-5 1.5287E-5 1.94193E-5 1.58339E-5 1.70341E-5 1.77604E-5 1.65087E-5 1.62996E-5 1.83509E-5 4.28307E-5 3.87008E-5 2.75546E-5 5.23709E-5 5.91465E-5 4.56501E-5 2.02924E-5 1.77702E-5 2.06207E-5 2.10256E-5 2.39975E-5 1.84255E-5 2.41026E-5 2.47279E-5 2.30399E-5 2.33815E-5 2.33968E-5 1.97662E-5 1.24032E-5 2.27881E-5 1.76177E-5 2.14383E-5 2.40609E-5 2.03512E-5 1.934E-5 1.71239E-5 2.64217E-5 1.18869E-5 2.49421E-5 3.40501E-5 2.76096E-5 2.2574E-5 2.0464E-5 2.09887E-5 3.18479E-5 3.83983E-5 2.87368E-5 2.86708E-5 2.69202E-5 6.82309E-5 9.7692E-5 7.66179E-5 5.46903E-5 5.79592E-5 4.53419E-5 4.88336E-5 3.3028E-5 7.20598E-5 6.05131E-5 3.18352E-5 3.33962E-5 3.48587E-5 3.51683E-5 3.3047E-5 3.3452E-5 5.15838E-5 5.47814E-5
1.27946E-5 1.19333E-5 1.25661E-5 1.90374E-5 1.81216E-5 1.36746E-5 1.4403E-5 2.10468E-5 2.34807E-5 4.3912E-5 1.21711E-4 4.60612E-5 8.14629E-5 9.99069E-5 4.14221E-5 1.70211E-5 1.53766E-5 2.61984E-5 1.78054E-5 2.15607E-5 2.94154E-5 2.57029E-5 2.07789E-5 2.29258E-5 2.49334E-5 2.723E-5 2.36787E-5 2.30081E-5 2.34059E-5 2.70648E-5 3.13257E-5 3.39174E-5 4.10807E-5 2.31288E-5 2.8521E-5 3.10622E-5 2.2724E-5 2.60171E-5 2.80048E-5 3.0952E-5 2.51261E-5 2.42863E-5 1.65812E-5 3.68948E-5 2.537E-5 3.04564E-5 2.44889E-5 2.64627E-5 5.182E-5 8.0057E-5 6.4184E-5 4.56069E-5 5.00952E-5 5.4944E-5 6.00018E-5 5.25598E-5 7.47628E-5 7.28096E-5 3.41922E-5 3.41758E-5 3.57219E-5 2.8694E-5 3.57918E-5 3.78756E-5 4.60068E-5 5.8826E-5
1.28522E-5 1.12526E-5 1.32943E-5 2.89088E-5 2.95639E-5 1.37731E-5 1.42459E-5 2.77162E-5 9.56181E-5 8.42377E-5 1.07873E-4 1.1717E-4 6.20967E-5 7.11313E-5 5.01242E-5 2.56428E-5 2.59558E-5 3.14852E-5 2.04104E-5 2.12381E-5 1.84038E-5 1.70246E-5 2.46681E-5 2.22414E-5 2.48593E-5 3.03848E-5 1.94873E-5 1.8935E-5 2.25218E-5 2.81159E-5 2.32159E-5 1.52312E-5 2.00689E-5 2.8853E-5 1.74608E-5 1.47365E-5 1.46048E-5 3.36813E-5 3.14142E-5 2.58464E-5 2.43001E-5 2.31071E-5 1.44716E-5 3.66581E-5 2.49782E-5 2.4174E-5 2.43011E-5 5.19448E-5 7.06639E-5 4.15821E-5 4.47739E-5 5.20612E-5 6.06442E-5 5.56042E-5 3.03776E-5 3.07639E-5 4.95991E-5 5.14527E-5 3.34413E-5 2.85978E-5 3.07087E-5 2.86364E-5 2.64651E-5 4.04202E-5 3.71382E-5 8.10106E-5
9.48183E-6 1.1745E-5 1.1419E-5 3.48055E-5 3.01905E-5 3.48052E-5 3.76155E-5 6.93689E-5 9.37254E-5 7.4412E-5 6.44389E-5 1.04165E-4 6.94876E-5 3.78007E-5 2.30944E-5 1.85551E-5 1.93781E-5 3.6509E-5 3.31723E-5 2.67338E-5 1.87264E-5 2.10318E-5 2.98561E-5 2.45953E-5 2.80491E-5 2.95126E-5 1.58835E-5 1.60115E-5 1.82038E-5 2.49426E-5 3.20622E-5 1.92758E-5 2.30495E-5 1.63897E-5 1.60723E-5 1.82719E-5 1.84632E-5 3.24531E-5 3.43892E-5 7.39248E-5 4.1636E-5 2.47675E-5 1.07206E-5 1.07092E-5 1.27104E-5 2.84617E-5 4.91778E-5 5.43531E-5 5.58522E-5 7.29672E-5 3.64734E-5 4.3163E-5 3.35216E-5 3.14771E-5 2.18004E-5 3.59884E-5 2.59566E-5 3.20815E-5 3.48051E-5 2.77578E-5 1.97739E-5 2.24386E-5 2.18398E-5 3.26285E-5 4.99546E-5 1.07795E-4
1.14083E-5 6.73142E-6 7.13836E-6 2.23066E-5 2.8751E-5 3.39287E-5 3.89228E-5 4.19515E-5 5.49912E-5 1.10793E-4 7.97693E-5 3.4915E-5 2.77176E-5 2.22866E-5 2.20494E-5 4.20526E-5 2.07081E-5 3.55802E-5 3.61885E-5 1.97748E-5 2.05671E-5 2.10709E-5 2.7314E-5 2.53418E-5 2.88403E-5 2.38195E-5 1.71396E-5 1.75701E-5 2.03684E-5 2.51188E-5 2.67718E-5 2.85941E-5 1.87081E-5 1.57509E-5 1.56621E-5 1.82725E-5 2.27117E-5 3.40713E-5 3.38028E-5 3.4629E-5 4.42761E-5 6.32906E-5 1.13579E-5 1.66357E-5 2.88398E-5 4.97159E-5 5.2565E-5 7.46728E-5 7.01891E-5 6.72831E-5 3.88156E-5 3.58804E-5 3.70757E-5 4.86215E-5 2.23716E-5 2.6382E-5 2.46787E-5 2.98057E-5 3.13727E-5 2.17663E-5 2.17691E-5 2.35986E-5 2.81758E-5 4.4449E-5 7.93523E-5 7.96754E-5
1.326E-5 8.05351E-6 6.78025E-6 7.06972E-6 2.71017E-5 2.31496E-5 1.92279E-5 1.67054E-5 3.92749E-5 4.89144E-5 5.65017E-5 1.89483E-5 1.73179E-5 1.22614E-5 1.29069E-5 2.65577E-5 1.37066E-5 2.5472E-5 3.19615E-5 1.78977E-5 1.79008E-5 2.8388E-5 2.55241E-5 3.44109E-5 2.73272E-5 2.07876E-5 2.03862E-5 2.03146E-5 1.88014E-5 2.0247E-5 2.29234E-5 2.8946E-5 2.66001E-5 1.58285E-5 1.6396E-5 2.25378E-5 2.33642E-5 2.80907E-5 3.13754E-5 3.75115E-5 7.81221E-5 4.5494E-5 6.07732E-5 3.5815E-5 3.56455E-5 5.38097E-5 5.98304E-5 1.06652E-4 8.45659E-5 7.09024E-5 5.67788E-5 3.85746E-5 8.52463E-5 4.24056E-5 2.84326E-5 4.43264E-5 2.91463E-5 3.58069E-5 2.81456E-5 1.97776E-5 1.76595E-5 2.23239E-5 3.10818E-5 8.28261E-5 1.13123E-4 1.09537E-4
3.26316E-5 1.38025E-5 1.20611E-5 1.04629E-5 1.85421E-5 1.86996E-5 1.56902E-5 1.49606E-5 1.63235E-5 1.83164E-5 1.96288E-5 1.70049E-5 1.69393E-5 1.45584E-5 2.18081E-5 1.32182E-5 1.4504E-5 1.66383E-5 2.33697E-5 1.71331E-5 2.10564E-5 1.78009E-5 2.78629E-5 3.01615E-5 1.93906E-5 2.19109E-5 2.08941E-5 2.11557E-5 1.98948E-5 1.01079E-5 1.25834E-5 2.60911E-5 2.98705E-5 2.46519E-5 1.78019E-5 2.01669E-5 2.03161E-5 2.9906E-5 1.84024E-5 4.17466E-5 4.11561E-5 3.6938E-5 3.77779E-5 7.78778E-5 7.01897E-5 6.06815E-5 6.39492E-5 1.11404E-4 1.15774E-4 7.22683E-5 7.9564E-5 8.70247E-5 8.25451E-5 3.99373E-5 3.97113E-5 3.88517E-5 4.08737E-5 4.51419E-5 3.34896E-5 2.75342E-5 2.604E-5 2.39059E-5 3.26192E-5 8.1442E-5 1.15229E-4 9.85254E-5
3.73487E-5 3.02446E-5 9.25067E-6 1.48911E-5 1.54678E-5 1.7177E-5 1.19224E-5 1.2705E-5 1.52241E-5 1.70112E-5 1.91622E-5 1.61577E-5 1.63321E-5 1.61019E-5 2.09568E-5 1.02863E-5 9.01539E-6 2.51525E-5 1.02579E-5 1.64515E-5 2.13288E-5 1.83392E-5 2.22422E-5 2.18425E-5 2.30956E-5 2.20754E-5 2.10376E-5 2.07308E-5 1.94677E-5 1.45703E-5 1.7976E-5 1.82331E-5 2.27048E-5 2.88034E-5 1.80111E-5 1.79708E-5 2.95652E-5 3.68877E-5 3.67436E-5 4.14289E-5 4.21863E-5 4.07184E-5 3.46559E-5 3.32798E-5 6.71754E-5 6.44366E-5 6.46692E-5 9.66882E-5 6.39054E-5 3.14091E-5 2.25561E-5 3.01224E-5 4.33549E-5 4.60184E-5 4.21041E-5 2.79557E-5 3.24401E-5 5.60284E-5 4.86929E-5 4.09505E-5 2.84923E-5 3.31982E-5 3.78791E-5 6.57346E-5 1.00243E-4 1.19593E-4
3.26098E-5 4.01885E-5 8.17609E-6 7.52386E-6 1.34277E-5 9.36137E-6 9.02547E-6 1.00558E-5 1.29684E-5 1.58003E-5 1.49695E-5 1.50522E-5 1.6925E-5 1.91152E-5 1.1827E-5 8.84661E-6 9.16203E-6 2.21035E-5 1.06867E-5 9.47621E-6 2.26701E-5 1.86135E-5 1.85788E-5 2.08064E-5 2.28473E-5 1.96375E-5 1.95388E-5 1.73454E-5 1.75414E-5 1.93586E-5 1.6395E-5 1.75897E-5 3.19589E-5 3.17329E-5 2.02187E-5 1.96043E-5 2.12238E-5 4.46861E-5 3.76231E-5 8.16393E-5 3.0474E-5 3.25959E-5 3.30193E-5 3.16195E-5 1.02085E-4 7.22042E-5 7.17715E-5 1.65977E-4 3.43731E-5 1.10481E-5 1.92785E-5 2.25108E-5 6.85847E-5 7.52927E-5 3.13256E-5 3.96444E-5 3.67401E-5 6.33081E-5 5.55522E-5 5.62344E-5 4.3917E-5 4.33723E-5 3.49574E-5 4.92981E-5 5.07809E-5 8.46392E-5
1.93774E-5 7.66543E-6 7.51523E-6 7.47112E-6 7.76381E-6 9.03526E-6 9.1483E-6 6.3467E-6 6.31459E-6 3.08354E-5 1.08023E-5 9.85974E-6 1.33387E-5 1.02583E-5 1.06347E-5 8.365E-6 1.01185E-5 1.32408E-5 2.50723E-5 1.14912E-5 2.30432E-5 2.08582E-5 1.75811E-5 1.87731E-5 2.2154E-5 2.27674E-5 2.00791E-5 1.6911E-5 1.66372E-5 2.03869E-5 2.01868E-5 2.10153E-5 2.88163E-5 3.56146E-5 1.86035E-5 1.78989E-5 2.11756E-5 2.75737E-5 3.32408E-5 5.70396E-5 4.81958E-5 4.27865E-5 3.59789E-5 3.57787E-5 1.0008E-4 8.63719E-5 7.73118E-5 1.18436E-4 2.57635E-5 1.43581E-5 1.6674E-5 1.58155E-5 8.23099E-5 7.98191E-5 5.13545E-5 4.51609E-5 4.77789E-5 5.37272E-5 5.41702E-5 5.53459E-5 4.40613E-5 4.06152E-5 4.14213E-5 4.54804E-5 4.90576E-5 3.26876E-4
1.35546E-5 8.36082E-6 7.92058E-6 1.24258E-5 6.46207E-6 7.00115E-6 7.94051E-6 1.35317E-5 1.22945E-5 3.48553E-5 3.67853E-5 3.88116E-5 2.38097E-5 7.59689E-6 8.86835E-6 1.01696E-5 8.71838E-6 1.98058E-5 2.56852E-5 1.20533E-5 2.48874E-5 1.45898E-5 1.66265E-5 2.094E-5 2.24404E-5 2.19071E-5 2.01139E-5 1.56027E-5 1.67988E-5 2.20579E-5 2.17007E-5 2.462E-5 3.18648E-5 3.65087E-5 2.54335E-5 2.064E-5 2.63644E-5 2.94195E-5 3.05268E-5 2.91026E-5 7.84348E-5 8.50407E-5 9.14577E-5 6.79963E-5 9.10588E-5 9.23676E-5 8.19319E-5 3.1794E-5 1.3859E-5 1.57471E-5 1.67852E-5 2.49323E-5 4.0359E-5 4.76022E-5 8.09961E-5 5.4827E-5 4.52251E-5 6.03544E-5 6.40286E-5 5.79631E-5 4.39775E-5 3.18818E-5 3.62891E-5 4.07422E-5 5.39443E-5 3.7458E-4
1.47271E-5 1.46766E-5 2.00725E-5 8.75574E-6 1.00346E-5 6.49431E-6 6.11447E-6 7.78976E-6 1.20117E-5 1.13168E-5 1.63112E-5 9.61301E-6 9.05421E-6 8.07422E-6 9.1261E-6 8.79029E-6 1.02047E-5 1.05129E-5 2.27307E-5 2.07113E-5 1.36809E-5 2.15964E-5 1.85002E-5 2.07695E-5 2.22565E-5 2.42368E-5 2.26729E-5 1.96683E-5 1.62025E-5 1.78259E-5 2.29237E-5 4.25454E-5 3.77802E-5 2.78459E-5 2.39905E-5 2.27505E-5 2.57453E-5 2.83522E-5 2.78982E-5 2.86083E-5 8.36374E-5 8.65265E-5 8.44591E-5 8.83173E-5 9.03097E-5 9.66248E-5 1.00299E-4 1.13317E-4 1.94322E-5 2.76976E-5 1.472E-5 2.60059E-5 4.22421E-5 1.05275E-4 1.05014E-4 9.24587E-5 6.47398E-5 5.87288E-5 6.73946E-5 7.13412E-5 6.23703E-5 3.98487E-5 3.6558E-5 3.85949E-5 5.03695E-5 3.03922E-4
9.6787E-6 8.17577E-6 1.50041E-5 1.65912E-5 1.91125E-5 1.54848E-5 1.21674E-5 5.16321E-6 9.20856E-6 1.31811E-5 1.33393E-5 9.11111E-6 8.51783E-6 9.79253E-6 1.25124E-5 9.50108E-6 1.07886E-5 1.23197E-5 1.24764E-5 1.44582E-5 1.26679E-5 2.17099E-5 2.27263E-5 2.34819E-5 2.30776E-5 2.23136E-5 2.5596E-5 2.30211E-5 2.38214E-5 1.77005E-5 1.59397E-5 3.4414E-5 3.44398E-5 2.51599E-5 2.13484E-5 2.22775E-5 2.40136E-5 2.59194E-5 3.07433E-5 3.1862E-5 5.78452E-5 5.95705E-5 7.44051E-5 1.05323E-4 5.94124E-5 8.71411E-5 7.29191E-5 8.94256E-5 2.31123E-5 1.23882E-5 1.25831E-5 2.58859E-5 7.52598E-5 1.13466E-4 1.08829E-4 9.21722E-5 8.45914E-5 7.01507E-5 5.55574E-5 5.33826E-5 6.79827E-5 4.38536E-5 3.58915E-5 3.44575E-5 4.73941E-5 3.13392E-4
1.29354E-5 1.26353E-5 1.38636E-5 2.37096E-5 2.72368E-5 3.12423E-5 1.12815E-5 6.25363E-6 8.96898E-6 3.68318E-5 4.06351E-5 9.26901E-6 7.58378E-6 1.00745E-5 9.19336E-6 1.13051E-5 1.11368E-5 1.13579E-5 1.14739E-5 1.05752E-5 2.06499E-5 2.16617E-5 1.93679E-5 2.3319E-5 2.32254E-5 1.66789E-5 1.79304E-5 1.08943E-5 1.11627E-5 1.56736E-5 3.17894E-5 2.96043E-5 3.61005E-5 2.23051E-5 2.05215E-5 2.28411E-5 2.25742E-5 2.70357E-5 3.09793E-5 3.31733E-5 3.74953E-5 6.08142E-5 6.3503E-5 6.37347E-5 5.7347E-5 5.45535E-5 5.08828E-5 3.31703E-5 2.6025E-5 2.02979E-5 1.34331E-5 3.02179E-5 7.80357E-5 1.17751E-4 1.10968E-4 9.31585E-5 9.0976E-5 3.583E-5 3.92132E-5 4.09975E-5 6.26123E-5 3.64248E-5 3.31451E-5 2.99457E-5 4.4321E-5 2.98698E-4
2.51337E-5 1.4356E-5 1.57696E-5 1.56193E-5 4.11461E-5 4.99615E-5 3.6473E-5 2.24479E-5 1.32504E-5 1.85852E-5 3.87398E-5 8.87575E-6 8.15096E-6 8.07156E-6 8.74821E-6 1.09552E-5 1.13783E-5 2.71837E-5 1.14822E-5 9.3566E-6 1.92293E-5 2.09243E-5 1.82131E-5 1.94649E-5 2.19983E-5 1.34285E-5 1.0954E-5 1.03934E-5 1.53719E-5 2.72282E-5 3.54447E-5 3.20786E-5 2.51967E-5 2.5358E-5 2.88175E-5 2.03548E-5 2.37793E-5 2.90989E-5 3.24152E-5 3.66363E-5 4.85268E-5 5.48743E-5 5.40829E-5 5.8711E-5 6.23468E-5 5.53759E-5 7.36292E-5 3.07915E-5 1.8715E-5 2.31711E-5 2.36683E-5 2.75423E-5 6.56511E-5 1.12287E-4 1.25999E-4 7.87562E-5 8.43159E-5 7.08867E-5 1.1687E-4 8.55289E-5 8.11173E-5 8.2568E-5 9.35308E-5 5.78933E-5 3.80932E-5 2.51362E-4
