catData/variables/futureClimate2070/rcp45/CNRM_CM5_2070_rcp45/bio17.asc
NCOLS 409 
NROWS 350 
XLLCORNER 60.897278365 
YLLCORNER 5.843756025 
CELLSIZE 0.0892857 
NODATA_value -9999 
[rows 81 to 107 of 350, columns 61 to 121 of 409]
4.16018697999997 5 5 5.63525546743807 7.27767727051691 8.51732897999994 9.99876937357413 12.0167738600003 13.4280164800001 13.9402041802901 14.8744709800001 15.2871728761994 16.6539180658463 19.3654077078913 19.8398154200001 18.6070912080179 17.0925589859727 16.4601019478549 16.5249153181178 17.2710605201631 18.3221740311661 19.48176958 21.8595707051965 21.3165529166886 20.9219913688307 22.5997954497403 21.3928046000001 21.3579417069486 20.8884487614289 20.2332812606163 19.9079980626616 19.6964023 19.5212523864954 18.7862735199999 18.1248537708429 17.1393895928881 16.9185172250664 15.6377248630207 15.3035977 15.9623208610695 16.2516287599996 13.2497082703203 12.473303165589 11.2332819892508 11 10.6255350199999 10 10 10 9.33982141999993 9 9.55923568561355 9.35290890468257 9.30359769999997 8.30359769999997 8.30359769999997 8.25496821583994 8 8 8 8
4.16018697999997 5 5.23268631772815 6.51677506000005 8.21373128000017 9.68238075284358 11.2611101687845 12.5812913504127 13.1698583520407 13.8487700463313 14.8744709800001 14.2737094169251 14.5163219400006 17.4167953403625 16.6454979818095 15.2311392096875 15.1612972199999 14.3773982133063 15.0204417916784 15.7228881198999 15.9164027484219 17.399261746794 19.8029391496689 22.1276940341503 21.6611928199999 22.9207748594375 21.9866970413467 21.211563397025 20.9628106153969 20.4121552724622 19.2321693 19.2321693 19.1286459888844 18.8798932072563 18.3157683943718 17.8467262440001 16.644326415256 15.8592878614876 16.4392726791158 16.0289821850248 15.2068025917188 13.6996846657686 12.8026313926032 11.5899948290248 11 10.6255350199999 10 10 10 9.33982141999993 9 9.18644016204989 9.02914565632203 8.27371494530608 8 8 8 8 8 8 8
4.16018697999997 5.19438531536512 6.14230288000011 7.27392427523818 8.82012669946059 10.8739170599999 11.9338964911428 12.6601857800002 13.6140138582541 14.6423016800001 14.2459146246981 14.8025508446986 14.0228983459046 15.1582361882536 13.4307262728894 13.1979705788569 13.0184404199999 12.3214818 12.4648299495232 12.9939790998739 14.4043547546354 16.4811076600003 18.0099526159679 20.7306023400004 21.1809189334291 20.518932583745 21.157956002826 21 21 20.7311601269211 19.5849308783802 19 19 19 18.41124742 17.445937104888 16.3115319698103 16 16.1405624807928 15.21484632 14.9681385513956 13.1464749233026 12.7053878819989 11.1235119926994 10.7456737926021 10.1005490620963 10 10 10 9.33982141999993 9 9 8.26609831501457 8.00869733968384 8 8 8 8 8 8 8
4.16018697999997 5.44254461137413 7.21373128000018 8.28515968000007 9.8024886600004 11.0030953890525 11.0893125 11.7494982800001 12.82092668 13.8923550800001 14.8075811011977 15.85658688 14.8964548947024 13.9118001399997 11.9434344053012 10.967697954276 10.5168481134975 11.0893125 11.4953863987989 12.0462037301762 12.7306506591512 15.701433263748 19.7304208886966 20.9472270782288 21.7963676049489 22.6876236319477 21.8949094930012 21 20.8541240909512 20.0686267800737 19.9729348310988 19.5696647378761 19 19 18.41124742 17.3398190199999 16.26839062 16 16 16.7769341606476 14.0704423613486 13 12.6796404399999 11 10.69696342 10 10 10 10 9.33982141999993 9 8.26868571737601 8.01121195364874 8 8 8 8 8 8 8 8
4.47483134006188 6.97251626523492 7.60066789473436 9.35658808000002 10.435991010563 11 11.5782279841404 12.6423016800002 12.9952001611565 13.8030425800001 14.8744709800001 15.9458993799999 14.0005563199998 12.9275405956011 11.8398154200001 10.9958578103044 10.9875355223441 11 11.0079744876409 11.5259587597107 12.5887549800001 14.9923569255867 18.2258036582349 18.247089670883 19.7869503764687 21.9106456438201 21.9826746199998 21 20.8398178199999 20 19.7023805994221 19.0111870879293 19 18.4919276973675 17.42913152 17.0060773573356 16.26839062 16 16.8588271393903 16.9990323732582 13.9826770199999 13 12.6796404399999 11 10.69696342 10 10 10 10.578220912906 9.67356543974243 8.28147715239101 8.00352253496054 8 8 8 8 8 8 7.70238531357852 7.0178841 7.0178841
6.20515418028675 7.23161538000019 8.30304378000013 9 9.44590058000018 10.4896289618961 11.566737681782 12 12.7316141800001 13.8030425800001 14.8744709800001 15 13.9118001399996 11.9464557 11.794848091207 11.012401554885 11.0535443 11.0334935777587 11 11.5173265800001 12.5887549800001 14.9805501400004 16.7707854206319 17.94258092862 19.8627472520121 22.8434847566677 23.0371465953442 21.9343332990222 20.3036613945989 20.8343351463785 20.3939015699432 20.6790769199998 20.0296691225869 18.9930514010911 18.0220199552307 18.6248320515527 16.7908010721254 16 15.9531773205182 15.00056112 13.9300602668379 12.9064964894838 11.78627592 10.7272488178723 10 10.0200504652286 10.0535443 10.5431664474152 10.3797256037369 8.66144733994095 8 8 8 7.94935286534644 7.93006253833145 7 7 7 7 7 7
7 7.2316153800002 8.30304378000013 9 9.44590058000018 10 11.1775147600002 12 12.7316141800001 13.8030425800001 14.7651859805579 14.7568157005531 12.8425372394512 10.9889079005437 10.8950459994609 11.2316129800002 12 11.672328719475 11.0692476005203 11.5819782794845 12.7137276800001 14.9405130410129 17.3382508600001 20.4848640390065 22.1087259795079 23.0776310804876 24.0043303990343 24.1722834195217 23.2147359199999 22.3170281009377 22.0871011004642 21.6255326199999 20.6098290195451 19.5429971204501 18.4848254195546 18.0424681004407 16.5367812399999 16 15.1255338199999 14.05410542 12.9978351004173 12.7086160395872 10.859838319592 10.1249727 10.1249727 10.4526397803941 11 10.9353489003846 9.77110463961977 8.33982141999993 8 8 7.89071590036118 7.04734581964349 7 7 7 7 7 7 7
6.8035989 7.12619331081811 8.49944488000013 9.12285435192859 9.53347594440285 10.0947971192661 11.061882162935 11.9332601133964 12.5879243502725 13.764359926059 14 13.0541006200001 11.9826722199998 10.9286756313837 10.2936648245699 11.0352118800002 11.8631165603775 12 11.6416767130399 12.1294507506289 13.5887549800001 14.7898441220339 16.8033140183651 20.9348491759119 23.5525360600002 23.9893741073587 24.4206475126204 26 25.8712777763523 24.7331799399997 22.8933621199999 21.8219337199999 21.1088266783226 19.9653516399999 19 18.3398190199999 16.6804701270022 16.1964011 15.1501888003351 14.05410542 12.9826770199999 11.9112486199999 11 11 11 11 10.9124260496853 10.28627712 9.21484871999984 8.27308011930838 8 7.84228296802904 7.10088076830211 7 7 7 7 7 7 7 7
6.22492670124007 6.63281270858283 9.1163783440757 9.72582251673328 10.0402053306092 10.6212269820489 10.85658688 11.7511980526356 12.1959478600223 13.6588361673201 13.7657908746621 13.0396108779958 11.4516541106534 10.7321705 10.6577902319383 10.4374096913732 11.3030413800001 12 12 12.5173265800001 13.746440931916 15.5881962600002 18.4626648400002 21.0889877098895 23.2845961600001 24.48155598 26.2678295 26.2678295 26.2249279868216 25.660843131672 24.1514572415059 22.7930687088481 21.5541042199999 20.1039063164672 19.1101441908749 18.163003078217 17.00056112 16.9472477070986 15.2510676399998 13.8007669475859 12.9780374149279 11.6671893577297 11 11 11 10.8997072316391 10.4057005210187 9.34412418632347 8.3011049863342 8 8 7.19696461999978 7 7 7 7 7 7 7 7 7
6.89415771844216 6.72391131257383 8.60608756000027 10.1270426453952 10.7851584800002 11.1637499566361 11.5887573800001 12.2239732413327 12.822666189683 13.8030425800001 13.1255290199999 12.6790961627299 10 10 10.1601845799999 11 11.3030413800001 12 12 12.5173265800001 13.9777701818707 16.205081287114 19.1948353400002 22.4091205400003 25.0456075340671 26.9269609261024 27.3392579 27.3392579 27.1790757199999 26.1821064620227 25.1574725079728 23.5051472739144 22.0813463540582 20.82193372 19.5507663560896 17.9036096528946 16.60764852 16.5974218582732 14.615140180152 13.0714994576643 12.6319730978163 11 11 10.9214250952303 10.6607421 10.2862771199999 9.66074209999999 8.80160404070701 8 8 7.75179655233985 7.13014281664435 7 7 7 7 7 7 7 7 7
7 7.2316153800002 8.60608756000026 10.2206815859429 11.0352142800002 11.284444644679 11.5887573800001 12.6601857800002 13.3004639206118 13.5541317081547 13.0739759712335 12.0541006200001 10 10.0364509471664 10.5050852675227 11 11.3030413800001 12 12 12.5173265800001 13.5887549800001 15.9805501400004 18.8943724050356 22.3282318402759 25.9825380055868 28.8599103091028 29.2320589 29.1591589769615 28.3162887468301 27.3581514399997 25.3938796625479 24.256897677237 23.1082084399998 21.2702178666152 19.6536011586956 18.3398190199999 16.9679286706825 15.4564793053712 13.2734914198785 12.6115340547497 11.5791050305611 10.9635510241279 10.523530058817 10.0421375264939 9.5893137 9.36863635711571 8.81687769757327 8.2844488877376 8 7.72887370164052 7.15816768367037 7 7 7 6.5893137 6.5893137 6.5893137 6.5893137 6.5893137 6.43552704853132 6.17862740000001
7 7.23161538000019 8.45998569891864 9.69842384271907 10.4459005800002 11 11.5887573800001 12.6601857800002 13.7316141800001 13.5841160525438 12.6389240716371 11.1159539241813 10.0083539774565 10.5280802209062 11 11.1116640223689 11.6390553759938 12 12 12.5173265800001 13.5887549800001 15.9805501400004 18.8159443538313 22.3071179445317 26.4978743200005 29.3478247987437 31.0083528203812 31.390186144037 30.4463440999999 29.8714600747061 27.3581514399998 25.4092257914313 23.3753502297937 20.9653516399999 19.41124742 18.0215360648815 16.0546665399999 13.9118097399995 13.0650121200308 11.5980757383317 10.5095336366942 9.98980756494329 9.43493054658075 9 9 8.81946492850675 8.28696367313065 8 7.71615488359428 7.17598851804309 7 7 6.57840815704442 6.51788530000002 6 6 5.9227761304945 5.51788530000002 5.51788530000002 5.32395663441789 5
7 7.35982447545318 8.68883908658315 9.37447218000003 10.4459005800002 11 11.5887573800001 12.6601857800002 13.7316141800001 14.4445186791653 12.3205437628704 9.58460516490695 10.0173277800002 11 11 11.2316129800002 12 12 12.2468238608416 12.7845071211944 13.9146562367697 16.5340932400004 19.7483784400002 23.4071809906622 27.1209044713746 29.8676392934103 31.5612781354462 32 31.911332259518 31.0080380368917 28.7797200035898 26.2510652399997 23.6623126599996 20.9653516399999 19.0853474917338 17.1260949399998 14.9832381399999 13.284897362158 12.0318905597552 10.5247180580864 9.43872293605037 9 9 8.87179489005738 8.44645689999999 8.07199191999988 7.44645689999999 7.44645689999999 7.18360531976268 7 6.59502400430915 6.44645689999999 6.05604651161889 6 5.99041231245285 5.44645689999999 5.37494460347505 5 5 5 5
7.10011229717105 7.9434492485386 9 9.37447218000003 10.4459005800002 11 11.5887573800001 12.6601857800002 14.188852191496 14.424256628427 12.2981350000767 9.75346201436789 10.0173277800002 11 11.1001107972394 11.71183296847 12 12.2340329401113 12.7921960255982 13.3233143686925 14.8024814600001 18.0181174372741 21.9020148515645 25.5851979941455 28.3268307998548 30.5167654600001 32 31.9445314169827 31.2148463199999 29.9986679084013 28.4091122376671 26.4079738596402 23.31601331447 20.642038771239 18.19752334 16.0546665399998 13.9118097399999 12.0701149940763 11.0941575204277 9.4629482654955 9 8.94453291691429 8.3750285 8.14342031999989 7.3750285 7.23459346024803 7 6.67668863117071 6.3750285 6.3750285 6.10065503170107 6 6 5.40884434542714 5.36853278886337 5 5 5 5 5 5
7.74503268314669 8.23161538000019 9 9.37447218000003 10.4459005800002 11.3602678499391 11.8751466994438 12.6601857800002 14.4632283600002 14.7561961924077 12.3384764369747 10.7669254736422 10.7137276800002 11.6963999 11.8565844799999 12.6963999 12.9074378867279 13.506488862655 14.0069233479623 15.2703925585795 17.6767185691966 21.4263331200005 25.2025523495694 26.8206089368562 27.5309774966698 29.4989941600001 32 31.8494380964832 30.0318670658661 28.3052726247508 26.8815274692637 25.1952679179555 22.7976866633973 19.7516275599998 17.1260949399999 14.9832381399998 12.8403813399999 11.2567599696879 9.78204367938912 9.03285282184507 8.3036001 8.21484871999993 7.3036001 7.07199191999989 6.3036001 6.3036001 6.3036001 6.14654115585981 6 6 6 5.44076624167138 5.3036001 5.01642713956278 5 5 5 5 5 5 5
8 8.23161538000019 9.46537118084616 10.6225984426333 11.2137288800002 11.8879374487459 12 13.1670951051419 14.1075485158295 14.8487705190291 13.0480306259724 11.8219289200001 11.7851560800002 12.7678283 12.8050186262524 13.1778390006915 13.838185932365 14.2875284945788 15.5560997215228 17.9675277484665 21.0697498400002 24.4373109376468 26.0452352521079 24.9989777475176 24.6965151 26.5883090600001 28.9685955512171 31.0546641399998 28.78881492904 26.2327328199998 24.8582654399998 23.0898760199998 21.1266560599996 18.3095870056781 15.6026056473779 13.1439814399998 11.5628750265094 10.4291339199997 9.15467922039679 8.27371537265936 7.21887062571556 6.44373784122802 6.10918113182817 5.41057053511545 5.23217169999999 5.23217169999999 5.23217169999999 5.23217169999999 5.23217169999999 5.23217169999999 5.23217169999999 5.0457296106652 5 5 5 5 5 5 5 5.28752296621508 5.76782830000001
8 8.4260001394884 10.1910127372418 11 11.4459005800002 12 12.4941185758395 14.1596282600003 14.8392567 14.2943815486993 13.1457069689204 12.8479530121909 12.8420420245389 13 13.1344359820016 13.8764869347281 14.2543295085423 15.21372648 17.1052760950832 19.7963233416471 23.0996382016236 25.5509368902129 24.1579697355081 21.8761495399998 21.4822299 24.1678742379749 26.3734627400005 29.1439790399998 26.9753740277854 24.7347519889439 22.7154086399999 20.9470192199999 19.3580202808665 16.6919271558628 14.0493434074072 11.8403813399998 10.42913392 8.68375068278142 7.44702041999992 6.37559201999998 6.14342031999987 5.1607433 5.13499547356952 5 5 5 5 5 5 5 5 5 5 5 5 5 5 5 5.25432346589402 5.89944905083573 6
7.23519479589996 8.25230208450337 9.66833613509392 10.6589737653094 10.5352154800002 11.5604386938841 13.1249299534812 14.6298353069223 15.6662701326748 15.1076425199999 15.628949503737 14.0092223570697 13 13.080828930659 13.9249919697443 14.2109264898528 15.2137264800001 16.28515488 18.2483796400005 20.9453382600002 24.2657050200002 25.3684301451326 22.8944795599998 20.4832345399998 20.0893149 22.9270058400001 26.0361981745825 27.830980594985 24.8582654399998 22.7154086399997 20.5725518399998 18.8041624199998 17.2868382399997 15.0977766825956 12.9118097399999 10.7689529399998 8.69143975861366 7.30386878098278 6.2148487199999 5.14342031999996 5.08776769977357 5 5 5 5 5 5 5 5 5 5 5 5 5 5 5 5.14587115332307 5.91068510000002 5.9377505674833 6 6
7.16018697999997 8.45908797150602 10.2905776725711 11.3610761867049 11.5342776214482 12.0254047551991 14.1596282600002 14.993921912954 15.7316141800001 15.1969574199999 16.7333007348165 15.0903147400002 13.9821135 13.9837010374136 14.1573194385098 15.2137264800002 15.9875338496434 16.74224160628 18.4439627955933 20.5606130781271 23.7767957059499 26.3028281499212 24.7693916599998 22.3581466399998 22.823054397744 24.8550532463329 26.9487023016372 24.7873981599997 21.7332951399998 19.5904383399997 17.7452002132841 16.6613056199998 15.1439814399997 13.0011246399999 10.8582678399999 8.71541103999977 7.29107768882458 6.21484871999974 5.1434203199999 5.00096775659483 5 4.91283607155831 4.01788649999999 4.01788649999999 4.01788649999999 4.38565361213533 5 5 5 5 5 5 5 5 5 5 5.00286501270737 5.01788649999999 5.01788649999999 5.01788649999999 5.01788649999999
7.41888104473549 9.2851572800002 10.6434039202359 12.3544222279857 13.8621336242647 15.0276987765143 14.4647845199999 15.3739134600003 16.0535419 16.0965383255141 16.9347339422361 16.1076425200001 14.052614137736 14 14.1601845799999 15.2316129800002 16 16.7288897364862 18.4162305157639 19.9792558639728 22.6276580797365 25.1243935874866 25.8250042847636 25.8393743 24.9649057199999 25.6333359154596 22.6286277275264 19.6970786199999 18.4740444982632 16.6201645905132 15.5898772199999 14.5184488199999 13.4231463127367 11.3427987990261 8.76895293999995 7.28627711999989 6.21484871999996 5.18641648851274 4.95317941923705 4.00056351999998 3.9464581 3.95121001751282 4 4 4 4 4 4 4 4 4 4 4 4 4.00092737676232 4.13753909098778 5 5 5 5 5
9.05523529494664 10.2605604235234 11.3522711358006 11.8282317993237 13.0320368107477 15.2717195956585 15.5070038792174 16.3228013150533 16.9664597435589 17.8030425800001 17.8907170992881 17.1655489785769 15.226116446405 13.8750297 14.0352142799999 15.1066426800001 15.8750297 16.24949948 17.7111020306762 18.8147098579005 19.978962773523 21.3277394649464 22.2652711363698 22.3997626277932 21.5006799199998 19.4833545399998 16.484958577936 15.5363353199998 14.4849249350891 13.7500593999999 13.4470204199999 12.3755920199998 10.9139915693951 9.29305536202804 7.71970741309668 6.25731600487497 5.23484976370137 4.89964412772201 4.00056351999989 2.92913511999995 2.87502969999997 2.95268979341602 3.77007711516049 3.87502969999997 3.87502969999997 3.87502969999997 3.93075312946661 4 4 4 4 4 4 4 4.14012632192149 5 5 5 5 5 5
8.15543577462889 10.4177418004684 11.7386271377403 11.1411780706617 11.1094499715178 13.5519869399998 16.0618835759528 16.1434155199999 16.5352154800001 17.7643603987568 17.2972739836596 17.7707512628744 16.9340920334652 13.1963987 13.3251232367279 14.186124491825 14.8631182330782 15.3009244020187 16.1619256571158 17.1245291800001 18.0803268673096 18.4108039000001 18.4108039000001 17.60776372 16.53633532 14.51900994 12.6072026000001 12.5358799470121 11.8036013 11.7581132831818 11.30416362 10.2327352199999 9.16130681999994 7.77575783286107 6.76873951733273 5.54615801247331 4.85631286886021 4.00056351999978 3.1008791409459 2.05410541999998 1.80360130000003 1.80360130000003 1.96378108000009 2.80360130000003 2.86311729036448 3 3.35832049982948 3.80360130000003 3.80360130000003 3.80360130000003 3.80360130000003 3.80360130000003 3.80360130000003 3.80360130000003 4.80360130000003 4.80360130000003 4.80360130000003 4.84908837410453 5 5 5
7.9733127256888 10.5614753555411 12.4447855400004 13.8870036380001 12.8034813000001 14.0783587990812 15.6988992983111 15.8702611487559 16.1432032717035 17.2286825638664 17.4643458 16.7717839078372 16.6848304090663 14 14 14 14.2218786860147 14.7321729 14.8515965164447 15.3787725023257 15.574488361096 15.4643458 15.4643458 14.8763815425928 13.8577043199999 11.8403789399999 10.7275326937181 10.4643458 10.4643458 10.2327352199998 9.16130681999988 8.19017093242986 7.28627711999986 6.59361946511068 5.60220843223778 4.8231856426514 4.00056351999994 3.14421039980765 2.76579425896248 1.78627831999996 1 1 1.117279294044 1.73217289999998 2.03520948000003 2.83246476964498 3 3 3 3 3 3 3 3.2533355594821 4 4 4 4.16957547559942 4.73217289999998 4.83246412685993 5
8.81808551801976 10.0276319684506 12.5212816473178 15.3281420599859 15.4905297242183 15.8448265764512 16.1997391793306 17.2116837462266 16.6809261855568 15.7908830319991 15.6607445 15.3398429328884 14.9593350293353 13.6607445 13.6607445 13.7393204773364 13.8971915451074 13.6607445 13.80409585999 13.9822334999999 13.5932168851173 13.5454598426736 13.4125411797701 13.3214889999999 12.7436886953421 10.7689505399999 9.64341911999982 8.63063429198915 8.26714631443292 7.82919808312303 7.1212576606793 6.53370438176433 6.02686581579167 5.14342031999992 4.66074449999997 4.00056351999987 3.17733762601656 2.7275650164271 1.78627831999989 1.03574985868517 1 1 1 1 1.20022975353383 2.03520948000009 2.81201628157861 3 3 3 3 3 3 3.94589217999999 4 4 4 4 4 4.24742409019086 4.81201546736546
7.0842314336757 7.01117289511714 9.8555809756772 13.7737868646762 15.2138488800003 15.0381606369108 14.9460217800002 15.6283920708551 14.9056442694753 14.5893161 14.2301849474968 13.6211984663861 13 13 13 13.041373536166 13.0000450357998 12.4355273903175 11.9158572235653 11.5893161 11.5893161 11.9783727947865 11.7474815990963 11.2595204270209 10.8195020331382 9.26461900074461 8.1613068199999 7.08987841999997 6.08423426239291 5.49419736372432 5.17863220000006 4.95795254404115 4.40619388207605 3.87376473180671 3.58931610000003 3.20026081957217 2.69953980654502 1.78627831999978 1.07397910122046 1 1 1 1 1 1 1.37446498000011 2.26277214771749 2.80177182616537 3 3 3 3 3.35912819557914 3.96811339053809 4 4 4 4 4.1244512588757 4.41068389999997 4.6734546333589
5.5178877 5.98940459286605 8.60889557377696 11.5907852239859 12.9637882800002 12.7326404044045 12.5887573800001 13.341902095177 13.5178877 13.5178877 13.065009935451 13 12.5178877 12.5178877 12.5178877 12.3979381864976 11.853900023293 11.3239544069163 11 11 10.7161539824557 10.1996051722464 10.0357754 9.2327352199999 8.58289887838148 7.57199071999995 6.01845001999985 4.98981090900945 4.5178877 4.39793942942806 3.85390118036251 3.5178877 3.28696376005603 3 3 2.6817186293159 1.78627831999996 1.10200431110257 1 1 1 1 1 1 1 1.19393080722281 1.73285838298662 2.51732178000003 3 3 3 3 3.87446378000006 4 4 4 4 4 4.1569376745016 4.69842071570778 5
5 5.10340684042411 6.32314028777665 9.71017903794322 12.1990764608165 12.2154929657195 12.2628562077447 12.8118989987913 12.5950217746728 12.4464593 12.4464593 12.4464593 11.4464593 11.4464593 11.4464593 11.3182520889216 10.7576229576141 10.2391750358499 9.89291859999995 9.89291859999995 9.63006346375763 8.78627591999984 8.44645929999997 7.64341911999987 6.96240535009868 5.9470216199999 4.41954361702676 2.89291859999995 2.98158595604473 3.44645929999997 3.31116472911643 3 3 3 2.67410148473996 1.78627831999987 1.11982548833174 1 1 1 1 1 1 1 1 1 1.44589338000009 2.51732178000003 3 3 3 3.44451276637011 3.94395318709418 4 4 4 4 4 4 4.37446258000008 5
