catData/variables/futureClimate2070/rcp45/CNRM_CM5_2070_rcp45/bio16.asc
NCOLS 409 
NROWS 350 
XLLCORNER 60.897278365 
YLLCORNER 5.843756025 
CELLSIZE 0.0892857 
NODATA_value -9999 
[rows 100 to 124 of 350, columns 280 to 335 of 409]
438.176084726388 -9999 371.03291740009 -9999 -9999 -9999 -9999 -9999 280.987632452011 -9999 -9999 -9999 -9999 -9999 -9999 -9999 -9999 -9999 -9999 -9999 -9999 -9999 -9999 -9999 -9999 -9999 -9999 -9999 -9999 -9999 297.433894719081 -9999 -9999 -9999 -9999 -9999 -9999 -9999 -9999 -9999 -9999 257.234076278222 274.863026257708 255.753025447043 240.188645722997 238.998497618509 243.996185395493 253.954169594893 253.299729947953 247.724864927774 244.290506071511 246.785180248261 253.414165079972 264.697993316479 274.962043964471 -9999
732.50005058889 -9999 429.318804243126 589.546757684649 -9999 -9999 -9999 306.635696203967 305.765323610917 296.444648571174 283.666990042665 -9999 -9999 -9999 -9999 -9999 -9999 -9999 -9999 -9999 -9999 -9999 -9999 -9999 -9999 -9999 302.490495444777 300.805343638165 300.60191744686 292.770019248853 299.073477317495 288.894117760922 -9999 -9999 -9999 -9999 -9999 -9999 -9999 265.703242289153 261.912621843984 268.456088254111 321.893668879754 283.140189049444 250.329741631142 274.457093319105 286.026716271143 280.067406311225 257.189639644384 245.526373993817 248.308520388122 254.158093220001 258.508451879184 263.516634109842 265.54203523297 274.095270228787
1546.45933088832 806.10694872864 561.068439538365 1048.0514282768 534.543276880925 372.643009218647 325.657532195833 332.062008455285 358.201566035253 350.274663948459 324.138064287817 297.862330581564 292.445378651038 327.987309842122 -9999 -9999 -9999 -9999 -9999 -9999 -9999 -9999 -9999 292.914037419999 -9999 290.256084290981 296.449582942954 303.543716110225 313.691577466035 325.601569691934 304.114513014217 292.96262215521 283.271740644091 -9999 -9999 -9999 -9999 -9999 276.448961587204 277.591709506448 288.364467807992 298.004771529284 390.295574283537 382.918827599781 267.269323043451 287.205728152491 361.719561092783 274.032746326383 257.662125938754 251.711555757891 260.946578971148 269.95435846617 274.837470183908 284.393155274666 284.399059338034 299.320407429639
1717.31559530315 1118.12130217333 1210.98098710158 1542.7912478919 1063.97992382102 465.248686649707 362.740679742736 359.504243200695 464.036878326168 487.725959622886 378.014193282058 315.519639456719 305.741356913729 324.989067924334 423.602835045265 669.902001197151 1082.84233352005 1016.18064568516 444.838639517401 341.023627970757 324.55560293151 322.808161870092 321.732482936625 301.07203533884 295.943167657726 294.241630056567 304.261743704433 324.892272242448 340.427533111454 383.805750463777 316.120960158377 321.211262288603 302.266843590813 286.961271220902 -9999 -9999 -9999 -9999 271.340893888358 286.756015860787 288.088289797389 356.897979209563 689.444321326913 477.237838221709 312.681630300284 339.888420754725 552.07060447389 349.482439759073 270.687670533125 270.233586501457 293.474163884048 312.696255765287 307.368395367385 322.05446827346 320.965234399812 328.831490690143
1843.78040756396 1498.63857888593 1764.48607992071 1766.79369719171 1369.66959088493 649.03691957695 524.161639472904 405.719355048167 617.465770396493 712.887925048655 382.013851389089 343.808137155973 375.613179047537 432.258415725486 528.37419041259 1021.31409997753 1387.92442354226 1254.52032076148 502.590476108656 353.75444346214 382.989574390134 396.774290768166 373.77184238669 329.860984982118 306.826847101197 296.254769126237 308.544489675782 334.154894101081 374.410852396259 467.955381628993 400.233641611547 373.37046193739 349.929512259589 -9999 -9999 -9999 -9999 287.5740405379 287.44637910783 280.365117006986 284.125146945184 334.131799929732 810.143765270586 766.086903008941 614.983671185193 707.385306001152 684.906815876999 395.184190749305 343.514346210161 309.624776717325 364.125762412348 408.094180714043 355.84694540618 400.461234232806 388.139520105519 383.397227428402
1715.58271824201 1630.81650444251 1692.88544335696 1671.59964690539 1425.07269197999 1042.78409959165 972.354960989193 636.110055476907 929.774897511017 992.886524059601 572.187010540099 527.553079798945 581.449838590181 748.554552141255 998.156685798028 1450.12182657407 1706.84496480286 1091.11268529121 475.644206856357 477.890205690088 505.218972070565 624.279925154133 483.474064798999 368.645747233822 309.047260961898 302.384270374967 352.123093315788 569.500281290445 563.623616335854 515.260694645541 707.488319275348 518.914306206614 361.391828518382 -9999 -9999 -9999 304.463859371177 327.65227505676 325.02101717029 297.568891038849 312.234401164145 377.175058027219 807.720100882775 1307.21191772805 1387.75481417306 1161.10309178385 625.190698664813 457.308591220761 535.267587819216 394.610434494485 530.566908085935 596.2285467506 488.410816810598 550.16953638765 512.599004847864 533.861931667809
1635.94443749396 1548.02093251333 1513.99919046142 1600.8136478026 1595.18819495579 1384.54937653944 1205.392638142 1094.38058278796 1362.71662344084 1415.18648470899 1188.32397891734 992.532536645634 1086.70556958997 1315.37788583405 1501.77104556428 1632.79201516761 1574.39156521846 877.859218156331 726.273061222884 918.608841469002 812.8524318686 1021.58925063493 705.146522580278 416.530944583191 339.386367557347 332.865499771474 380.109810958774 832.737661704674 1140.56560067849 1060.45197696333 1178.73883913489 645.445534584506 334.406983649732 -9999 -9999 311.707473522119 307.805778703266 387.28493086802 412.026097594132 386.560919786909 364.146539918211 524.660608794026 725.134680225884 1383.75130760676 1822.81325875836 1238.04279569597 890.959029898265 738.217005264034 665.119696064518 596.539654506093 768.511417285489 839.712940040525 625.781220608878 648.465869265613 680.603161972579 672.665898771404
1358.43618136671 1306.88591949225 1266.91117504914 1473.04898584364 1448.39074060628 1462.62331003284 1300.48282667748 1465.64064180542 1515.27315250352 1572.82842639736 1520.94160023301 1280.99958803362 1481.07982298738 1462.17279043231 1532.58428225837 1474.90741211519 1456.06480684858 927.933840299197 1138.22515909427 1329.68276822824 1228.26286715058 1206.24749607791 989.059216635557 643.096088582119 447.289975785185 488.179884066568 556.365070004445 842.514871204454 1380.67380245026 1689.65523529975 1300.77062881957 591.253477067555 -9999 -9999 385.147179199547 340.538417473149 343.849817421373 440.807515296975 590.353179950219 639.843144647609 537.99130482828 717.300918259181 708.309860584556 1029.68794266452 1744.11363856954 1316.66200566374 998.45579539679 748.791118350397 659.619103276879 716.864258778847 959.366162360936 1023.73713239034 699.600425150992 621.505122547658 730.043351966786 715.291388376781
1061.50176018824 1053.70419967428 1075.68071080719 1175.64001646804 1330.65259677214 1442.5965226339 1381.67881809456 1492.6953282043 1421.67602847714 1455.79975780905 1491.33797216741 1426.21118375274 1473.92999400694 1206.66664141657 1132.52558744519 1119.51118260146 1376.72500528375 1191.26020426517 1303.20110980165 1294.21298939712 1373.63157607147 1327.54424868218 1272.95958761499 923.411980688614 731.914061051219 1013.29212716309 1273.90191732989 1261.07785560493 1557.31754801383 1784.58765013696 1552.25118273067 635.297152791654 375.636559633225 -9999 447.085033832433 384.291254600865 385.437161078353 475.552316036542 628.014219925968 789.384174458471 771.089576183174 792.55289553777 636.939542074079 836.99825241946 1596.76603405881 1228.64056409768 912.683811448441 777.904594727773 646.984513835746 584.987852776409 862.225906341831 1298.87525857189 1190.4865864917 756.855524530211 584.662748690379 705.904397158651
998.491695101267 970.125341671609 992.67320923114 980.754595477692 1131.81234602506 1257.49475517332 1187.50781247431 1223.13362075146 1145.84426147815 1260.88496928456 1452.04856262811 1467.4009484295 1435.23467447849 1135.64659278754 870.376550341389 899.124223905285 1178.41755419431 1294.82390087261 1317.13635702648 1209.72259078195 1229.41894699758 1334.15848990178 1379.39815452553 1189.54376085419 1177.47890183698 1553.64859188826 1755.7055330299 1692.20315699188 1844.40336400957 1878.66377606617 1844.12484376097 1184.15778042019 539.465001871789 447.112228155281 502.0990582187 593.467459888678 497.125914724082 517.208513083716 598.052666754506 676.036444171869 868.974601176518 738.001988902489 489.87228411371 642.471294811791 1240.80144182343 1787.05963651945 1778.46571402357 1459.05270594022 1048.69579310196 744.700052446891 698.513088578051 1254.08034161924 1504.38188108774 1087.2657355864 788.043694117126 813.9518452537
997.398630810805 982.805970980797 960.352877742569 946.649489134912 997.845277035468 981.665425306694 1001.33274075754 1009.87173620771 1045.61784067894 1126.9163579275 1251.76247210267 1304.50313887397 1270.75260293364 1111.42987749398 852.962873596369 830.017436193612 1113.36243997947 1293.67379708478 1182.05103723271 1090.96270008774 1118.72986514004 1266.30447958752 1364.94262858365 1206.29939930846 1212.03007824326 1611.07404316351 1838.49668781157 1858.60007981922 1960.92222350067 2011.10303079507 1982.21783373432 1798.99534813654 1221.51073094881 1222.75039709931 885.863379250938 1148.28950449596 1075.72572604383 721.70057632874 628.861700770583 779.83657244761 991.495502921897 691.535840941454 530.582903875953 835.628093676428 1124.85391823266 1674.59424386021 2233.51655890438 1974.48787721203 1459.77016882765 949.240536353452 979.966734235702 1409.7018595851 1766.7981807001 1697.4611980243 1426.15803432684 1115.23644484687
1074.38830249524 1026.7967326475 953.660891247142 955.412934543926 1042.05278230129 948.833483326566 891.828819237292 921.057721332659 931.032489568023 964.069828358287 1147.32415492824 1182.30213046421 989.195355949687 893.764083910893 797.336122860848 752.847908513089 1057.61643704534 1021.69453117894 927.879877591749 991.510650128133 1076.93603709741 1244.78680154043 1281.14720692492 1141.64372907004 1377.23237616052 1761.01311377847 1900.42086693797 1974.32865493416 2017.21697905179 2034.97075031818 1963.50560386082 1606.53693882828 1648.10814619484 1903.97930220736 1416.23777190457 1563.75896451595 1687.78053086187 1340.37352814627 1162.17422652471 963.058390241331 1020.61484250452 736.208154082397 870.331988023473 1268.5094584816 1464.69785125379 1392.94475893983 2254.37092676794 2048.29229204522 1478.86241069756 1230.87508748285 1447.25267681129 1595.75588547699 1840.91315620856 2094.91172608088 1961.59135510183 1430.90794876489
1207.8302349851 1140.48249868862 1052.8321796429 990.892971295871 949.954133331182 902.690292756224 962.624555031671 1012.54048824662 987.109467196931 901.642816890763 912.991734932438 971.95941674885 914.418682038426 799.42097098685 766.535843666524 787.374232535809 882.954417973958 846.578336869724 911.469372893158 926.46772411165 1115.18731951914 1281.91018930848 1370.1197602925 1384.70432099479 1508.29659265705 1818.71396838415 1963.36811990892 2014.7551454393 2068.86321606108 2007.91163656344 2001.6741446889 1937.00350084242 2043.50300183519 2335.83353373226 2044.85454298476 1609.96717776387 1865.57893563958 1989.60755730763 1662.0093332232 1616.83698926061 1342.13801621905 1125.65013083437 896.105116678408 1191.77428445814 1837.09440220274 1852.15820327458 2421.95484682506 2333.67701658484 1825.86578667685 1832.14577790143 2042.92907335449 2063.46856164736 1891.25426544988 1745.87331310688 1943.24503219317 1988.95466035844
1206.01663431987 1184.15685836353 1165.92995032071 1116.2058890343 1075.28064997852 973.05011510529 896.194750824073 962.962852375313 955.624810581123 897.847181442975 856.861046696081 824.387465780081 813.46540082127 871.769410609432 828.980813196558 785.266051263713 814.121343731888 868.483551055224 882.317289830559 973.589177563981 1102.02284873274 1173.01859279892 1360.39929722076 1545.03847490396 1730.09912357771 1961.16958755892 2020.26492363274 2081.08372220056 2150.5291883396 2123.86546410359 2322.38554259234 2452.73772148947 2541.90945556823 2620.31337331043 2595.81842678349 2423.18819064346 2210.5465006669 2423.23432865033 2493.59447225565 2288.36444170398 1756.04213808277 1683.34430170587 1530.40759413123 1615.92987007847 2117.9837563851 2455.12865812227 2611.2553908944 2207.20690793383 2001.12597988507 2313.84723934695 2392.44690570165 2377.69670014848 2147.27132768214 1861.46920856247 2041.99016692847 2257.66109090724
1131.61751758632 1138.20258007356 1150.3522887454 1123.31750385389 1037.16609874391 953.658026433278 928.313649475805 920.710813684945 924.363951980926 946.030645621874 996.804180433375 1035.40021322944 1056.36396848795 1078.50678455237 1012.96023308554 868.044403303316 761.284498320037 791.554452925766 896.302135869374 979.616271741396 1104.90249602547 1299.94555140591 1402.73721590175 1585.88179030715 1827.82284499999 1956.68342822806 2059.26859080909 2105.28298292399 2251.61611156823 2391.99378611969 2481.24877938958 2523.04283489229 2554.53152661827 2588.82526313345 2634.82493361651 2669.76264642679 2574.01499685428 2575.00847011309 2846.63724601824 2800.20051505921 2336.67002092879 2329.01447600314 1970.10920413296 2246.59632813674 2552.63444975286 2564.0229230811 2704.52641948972 2550.04344988416 2628.09540555763 2593.51688915248 2567.90349968376 2524.28613773753 2432.72269189405 2329.2048388069 2165.6416542355 2210.65823229422
1060.30513879209 1064.76508139686 1071.05239518 1076.57716615585 1073.0079317362 1064.13336174499 1057.97126697345 1055.52623232137 1058.8574791346 1102.15948044164 1180.1773887131 1275.58564984939 1402.18132144804 1539.96856413795 1457.71803003099 1287.82266893744 1141.33631584562 1109.84736962081 1206.7341711396 1365.52635459148 1567.74119670402 1696.18216404338 1699.25643459239 1682.03050250351 1735.60370904839 1801.34300553572 1900.92286904467 2112.12709320634 2315.32761661674 2407.48007369141 2448.38436105824 2470.25946002171 2485.75371288949 2498.01618327042 2525.31823369096 2580.68106486839 2667.79261186675 2776.54083627629 2912.38249704308 3036.383350171 2849.44017492684 2685.69896967507 2745.00752785421 2643.31953160497 2758.06374637379 2814.5581380352 2681.12985331123 2653.42337904278 2577.9563798402 2529.74298916624 2488.33515616088 2457.5011127411 2433.52285738555 2393.9863178907 2352.79936503998 2315.29110755405
994.088071035248 992.642643632084 995.329988289798 1007.12481666903 1032.96151609473 1073.43516934281 1084.77346638 1070.42283418945 1061.86590486608 1099.9883365434 1166.69492214909 1260.84257627648 1359.82319605053 1432.1186684873 1434.68569272362 1385.19736632808 1409.44445667467 1516.95691630926 1678.650788886 1842.26460314749 1829.97449704634 1778.00365250538 1781.11603568894 1747.29462471999 1691.11822428828 1667.06459159563 1715.65257153029 1984.27799177955 2238.28154647552 2324.35229576096 2367.0921622211 2390.0005797709 2394.29690153137 2387.2840579428 2387.96015468062 2406.4687816148 2460.01467942288 2566.91346774004 2728.88575998123 2880.87339836607 2983.54585873707 2960.74107195618 2893.95688041133 2863.22162589013 2762.62639880394 2679.92167714801 2595.36610719408 2509.11592532312 2462.20427676781 2424.26464034332 2390.54451481413 2369.26964195885 2353.81259362 2334.27922267105 2290.60502691031 2219.13951808536
945.606459256638 929.404246839994 915.277751940105 912.543681028429 955.586053021735 1032.78803215461 1048.51637548391 1049.72576665492 1065.7879791548 1092.10441207241 1137.97929794638 1199.42172713697 1263.66382501997 1318.35231344859 1348.44267564019 1375.77878797931 1441.90551321889 1552.38136847463 1696.90974232283 1807.14992431922 1826.94691402073 1796.03646984221 1742.70998301586 1667.32643445455 1594.63240156081 1548.56065279566 1542.67631368798 1738.1277115676 2005.63284916285 2162.39222674333 2252.1495528668 2295.51590291698 2287.32918752955 2265.39590792148 2243.72615235617 2226.28287702303 2236.87477427649 2323.99958247334 2480.49849208278 2619.94346025866 2709.61103352003 2748.28041343474 2720.71122456194 2662.75046338773 2579.75707845774 2489.84376833272 2413.7886103088 2357.72498602173 2325.667414268 2300.66840834658 2282.08953806584 2271.72225650262 2262.11340771457 2239.01260172759 2171.69878865031 2075.85190259782
880.279679762196 872.973651071979 854.420778319207 841.542990800618 874.034146679044 924.435361055458 936.091278830369 962.936166161353 1003.97723211159 1033.12779407349 1068.34416995708 1113.89762782705 1167.58868701489 1218.5630160025 1265.12377385903 1320.49202217755 1395.96148897037 1494.33990699207 1605.70297192113 1694.46995946018 1731.47184744292 1719.45684824438 1670.53740606243 1600.82880083806 1543.02609719329 1513.42400314051 1530.33351481642 1649.82058376337 1835.37925555712 1997.39552219407 2117.03231951542 2184.32816951243 2168.82108607377 2139.48574616143 2110.56833625975 2075.71297783213 2051.42508821805 2112.492182547 2257.13644336651 2386.21460783422 2475.45988077015 2518.81213329119 2517.16898742689 2475.07845365507 2407.25590680488 2328.83928609346 2253.79568413473 2212.73652655722 2192.40420894012 2176.31204422673 2166.44224907396 2160.90066223531 2157.10336296927 2135.58861944354 2046.48495914497 1919.68570612429
818.346117460707 833.022561074021 823.915819625241 799.028947917041 806.379301001923 810.394867459798 801.18363227547 844.921804167619 913.291971589163 956.351303673268 990.081262294685 1029.08365915244 1080.91177932873 1130.04259177306 1177.79190941197 1234.3693683584 1308.15394974183 1399.93223107746 1497.65269974003 1582.37734620791 1634.90983466929 1645.06214629496 1614.07002935178 1563.72186985831 1520.38080918555 1503.0953391326 1527.54287184579 1607.43989819602 1729.45684680193 1856.0955867471 1963.28501062944 2029.8731606748 2031.22924533196 2015.33774018458 1996.68844712625 1977.94471985859 1969.3117841945 2013.98523789334 2111.02469079654 2208.90377007717 2295.77065939965 2345.28647148289 2344.65620764074 2300.17563440132 2234.52338366001 2167.5245295062 2101.90616771725 2071.56914371936 2061.00848228289 2056.20164159412 2048.5622462202 2040.39385171544 2028.54823659421 1990.66483137122 1892.67325823462 1747.25557281317
786.265836484136 815.073376486125 819.861762313182 781.33382678677 767.86716434578 754.609688869556 742.944883606653 780.940375589577 845.613237409912 893.372046017986 927.806462179594 967.145496171461 1017.9813001338 1055.93112991565 1090.3918476413 1136.48628843561 1204.69213326511 1291.3826544575 1385.4310132202 1474.1607886059 1544.05146586496 1577.11857275665 1561.97671641719 1527.95824669949 1497.35143060911 1485.35853592 1504.86970249708 1559.30849056036 1639.80371645649 1729.04291448756 1807.61122477538 1860.5517985578 1883.01151224769 1888.63577399875 1892.81779713194 1906.38367959904 1937.01249245641 1974.91306333523 2014.70229662733 2077.22470029887 2159.40297948065 2199.01333150772 2188.67812524445 2134.91947935382 2066.76233597494 2009.21959539275 1953.46867136732 1932.94673047758 1932.98279901392 1939.33488443808 1930.75198106104 1916.64852400266 1894.3690482172 1844.65586099123 1752.07998112928 1596.40724329598
771.648460118629 787.345371932764 793.028445746026 765.350165107553 750.368933604192 746.711091625368 749.674554296518 776.363595127161 817.686695909347 854.652579261648 884.856500478708 921.60421142297 964.11720825679 991.972755900002 1013.41590268179 1047.10597890583 1102.58966817751 1182.14077572601 1274.86018724915 1367.15471994846 1446.46573925736 1496.63122039555 1501.89649834238 1482.01307611261 1459.44390647907 1449.94387424512 1462.15439890018 1498.13738015856 1550.97071077585 1610.97563892329 1666.48519859338 1709.31175427105 1738.71514068693 1760.15033577737 1782.72690115014 1815.51989819787 1860.46907180728 1896.08388441402 1920.39971424256 1967.28264629149 2028.16263028337 2048.5026485702 2028.52924656976 1973.19866037449 1906.16058522961 1853.68271368434 1812.27798990633 1805.47960995796 1813.32235904236 1823.28244989492 1822.69804453136 1810.40620203859 1792.78457508577 1773.37255131456 1690.68049242598 1512.46761629245
772.09901517238 748.449665912126 737.961871237007 732.729509413572 732.154956646829 740.616990045076 754.786819645923 780.324928762745 808.95629286603 831.681359427114 852.13113533949 877.411862023951 908.433518512863 933.590457701029 953.982168669848 978.941121304953 1014.04356693808 1081.25068896679 1173.90790004904 1263.60442033111 1343.08318508429 1404.41461312753 1432.73737563542 1423.07127095074 1404.49692959361 1396.19946494 1403.21622965165 1425.90747812672 1460.25564952444 1499.35731295641 1537.34541910427 1572.00545162001 1602.83290201657 1631.3981895577 1663.30883086116 1700.34732616969 1741.54560374394 1776.58427114816 1807.07837020689 1843.9710028286 1879.97152525373 1890.3798285 1869.40138947786 1822.50051092053 1765.90071200588 1709.88667826308 1682.8435936288 1695.45559052771 1713.04350508736 1729.14977737726 1745.18164081466 1757.02545297247 1783.81529198404 1839.60492919182 1731.01930916042 1484.12272669892
767.015297200636 725.511628543282 701.670903328985 701.302625152588 708.420856594496 723.255013504688 745.988518442438 774.098176716195 798.747879210335 815.149169867723 827.374889473307 840.210886884613 862.218466957166 886.829823856942 910.578299228698 933.901811143998 961.218556979999 1011.75926140925 1090.87452721272 1170.06298634468 1242.87405658603 1304.66319002834 1341.6740218215 1342.66133560687 1331.65720145688 1326.4848891816 1331.17102271192 1346.16580907726 1368.93537527605 1392.60462627563 1417.14933459595 1444.01105715184 1474.34425537186 1505.56581604737 1541.41410627145 1578.18835138238 1615.80168168606 1650.82208538947 1683.37650651751 1714.31073870874 1739.32532189391 1747.18395699154 1730.8380668012 1693.74189557164 1641.33941676189 1587.43200128452 1586.53042450121 1612.23114552468 1635.4584018403 1659.86617364578 1696.99214260368 1749.75767794974 1811.15787965227 1858.25268089999 1717.78988943989 1441.33428515995
758.451615942227 722.008930408049 687.791971819511 677.738018389919 684.554329837389 702.93462226 727.663931960003 756.056838728615 781.359464812868 801.073709718701 809.082994207125 811.051148370339 826.395878224522 853.064496319574 881.204123560013 907.591805912276 935.962169768175 974.318189648871 1025.91063674203 1087.60204205341 1146.13793785022 1197.66790897386 1231.6676532162 1243.90790739504 1245.38518892788 1246.10931819489 1251.26642886 1261.8104185343 1275.31725936496 1288.93577195081 1304.35452498219 1325.51927739153 1353.48057302716 1386.87508917766 1424.3041292435 1461.75042736833 1496.85622760014 1530.12217161198 1562.7994239762 1593.43469786 1616.42198144 1626.24942652144 1617.90277693004 1591.63021018535 1548.67569755149 1523.63621548671 1532.81854228161 1562.87483968466 1591.42464388461 1637.09102407472 1709.97624427727 1751.30385830516 1763.06285602029 1741.82806465125 1604.2765585718 1393.09451436681
