catData/variables/futureClimate2070/rcp45/CNRM_CM5_2070_rcp45/bio15.asc
NCOLS 409 
NROWS 350 
XLLCORNER 60.897278365 
YLLCORNER 5.843756025 
CELLSIZE 0.0892857 
NODATA_value -9999 
[rows 78 to 103 of 350, columns 120 to 179 of 409]
101.568390346872 103.40966486 105.303113140741 105.730863392325 105.494271170781 104.776678943087 104.546604016956 105.849702864588 106.491795437653 108.543550470719 110.223453496215 112.75528097685 114.351546810085 116.270043262981 118.929454016047 120.92800568 121.731524462178 122.55297958 122.62234148831 121.00931327725 118.460180134441 116.668183592493 116.026088619428 117.008967546362 117.563841993297 118.433332899769 121.101027047166 123.64182456 125.78468136 127.0357658 127.017263630195 126.695100078163 125.82194572 125.4821171 125.4821171 125.4821171 125.4821171 126.508396783444 128.08874178 129.16017018 130 129.69697302 129 129.214968194951 128.96480492 127.588477841082 125.64389624 127.15902634 130.789184859722 132.325295726689 131.01061230641 127.438624521573 127 127 127 126.69697542 126 125.769085657869 125.750022989065 125.695102564001
102.135290156078 103.505231069061 104.230959565138 104.120555815746 104.187647626354 103.281130763038 102.08987602 103.64183176 105.362391811215 106.937131760608 109.673072929999 112.32034996 114.23160338 115.741353461824 118.362554292432 120.832436813921 122.803675466353 124.79408559149 125.295200274863 122.91228446 120.50102984 118.35817304 116.637611917294 116.4464545 116.4464545 116.838309429118 119.35611096 121.666708309667 124.19537006 125.940091076903 126.784502922157 127 126.705263516628 126.5535455 126.5535455 126.5535455 127.077135874197 127.561275136411 128.039619167019 128.60662468 129.4464545 129.478905962315 129.76082359055 130.55297478 130.876134649334 130.07189592 129.071165676237 130.152574764979 132.625202533097 134.371949183705 134.131251965687 130.07246904 128.057969715528 127.464885346136 127 126.864713312648 126.346268737959 126 126.286354500825 126.5535455
103.139869720973 103.721329775254 103.3750261 102.78627832 101.962433218098 101.01844762 100.448893873339 101.030917781884 103.608014284777 105.437804050496 109.155311147571 111.170507341933 113.751375547652 115.416676606629 117.12394646 119.712691840001 122.40966006 124.773311743755 125.08987842 123.012477927683 121.270838093402 120.344110118241 118.35817304 117.239125889442 116.569511103723 116.32034516 118.46320196 120.90908814 123.74891556 125.89177236 127.32330811059 127.6249739 128.037563782027 127.792717032254 127.123102246535 127.546512539183 127.979705455098 128 128 128.060067997942 128.519769167777 129.30302698 130.37445538 131.44588378 132.323306610652 132.404180816371 132.2499478 132.524315912192 133.729155306473 134.87445418 134.408848075035 131.59035194 129.53623452 128.46480612 127.48023233216 127 126.859570359277 126.6249739 127.14228368 127.6249739
103.37446258 103.55410902 102.639737593933 101.304844611888 100.406767430157 99.57199312 98.7443636857519 99.2161723162932 102.14126704 105.729493758849 107.757745302429 109.672576415525 112.23169128652 114.60662948 116.05251806 118.020227774689 119.94542706 122.08828386 122.710365858792 122.162969921674 121.756201762882 121.087427055072 119.766943386973 118.667027770981 116.973057471064 117.01674746 119.15960426 121.60549044 124.44531786 126.58817466 127.853457816665 128 128.66017138 128.26840022 127.19697182 127.87445658 128 128 128 128 128.23159858 129.30302698 130.37445538 131.135369290075 131.82090988 132.3035977 132.3035977 132.813083798106 133.243796779849 133.569079977803 133.978742428484 131.977433446287 130.60766292 129.424693309622 127.76840382 127 127 127.310512818559 127.853456359396 128.40999862265
104.622600115075 104.32193972 102.853297618331 100.82250444 98.9861929231745 98.2944824767846 99.2789164454697 98.3958078994149 101.7961218519 103.753718370817 107.17749316 109.32034996 111.516977954613 113.53520108 114.693567637869 115.91022718 117.101760701125 118.87399866 119.6965079 120.258254513991 121.080930132363 121.029146770735 120.780393989107 119.746494727478 118.5356614 118.610035711556 119.46320196 122.141763400966 125.51674626 127.65960306 129.165040716082 129.083606465546 128.921102227175 129.391889762394 128.73263322 128.067248764118 128 127.986706255315 127.2321693 127.355152881428 128.23159858 129.070353561828 129.60662468 130.574532554916 131.120104006712 130.78011620834 130.4643386 130.634193051596 131.929683593551 132.903602065148 133.94588258 132.75051972 131.610954499736 129.67966444 127.76840382 127 127 127.44588138 128.397206330494 129.808620128866
106.153530227875 106.23262722 104.64387944 102.50102264 100.912224706668 99.2897656972666 99.0974195878698 99.6135171522907 100.286690898152 104.73325647984 108.01675226 110.15960906 112.30246586 114.14229088 114.585181052695 114.60662948 115.67805788 116.844121742252 117.3214818 117.439080192855 118.28525328 119.216120356542 120.11532639124 119.157957545939 119.074479360637 119.973685395335 121.336093390034 124.475574655267 127.42743376 129.57029056 130.761671811172 130.744624023526 130.124463361775 129.956857107077 129.19697182 128.12554342 128 127.14342752 126.1607409 126.32091108 127.197968264188 127.575799950511 128.220931194791 128.76736558 129.755640754606 130.066106209304 129.445947175997 129.774740658701 130.932104866601 133.502982336197 134.78514168 133.82194812 132.661780339999 130.51892354 128.60766292 127.584942963711 127 127.44588138 128.51730978 130.17747636
108.994157407529 107.870863861849 106.78673624 104.64387944 103.16119882 102.024428985949 101.7320625 101.810162832001 102.682784999024 105.051954540001 108.258313561074 111.376906812099 114.073663456877 114.937752025851 114.966556025174 114.950510923801 114.575088765552 114.76737038 115.178625 115.178625 115.98165558 117.849442842349 119.03519988 119.015769264399 119.99943168 121.07086008 122.394574322527 124.633123071501 127.179242079524 130.297835330549 131.9106875 131.374526627401 130.941038443624 129.578169950703 129.017592045674 128.12554342 128 126.07199912 125.170128529774 126.014305199201 126.300226431824 127.027064097151 127.0893125 127.53519628 128.135514944076 128.178625 128.720871295948 129.065340791001 130.623643820024 132.827008048952 134.896598522074 133.98268902 132.903335084123 131.59035194 129.67909132 128.60766292 127.9106875 127.950510280751 128.51730978 129.641319858701
112.565188193773 110.614713736626 108.455544728476 106.208517684172 104.32193972 104.687552301062 104.157676242117 103.9642318 104.91012158 107.981293780063 110.143312112711 112.46264084 115.21371928 115.9821159 115.9821159 115.544201635953 114.48268302 114.01052918125 113.369516933899 113.0357682 113.83879878 115.78468616 117.910626615507 119.000309677141 119.280942420421 122.14228848 123.44531786 125.58817466 127.737728300383 129.899746633032 131.52594697432 131.41125702 131 130.255316216375 129.193449156274 128.12554342 127.071031321571 125.00057072 124.019471166868 124.193073880484 125.022026032165 125.333375815187 126.385642682539 127.00797423011 127.0178841 127.0178841 127.67805308 128.736397519296 129.817387173352 132.625607814001 133.962798838649 134.96480492 133.806224163945 131.836967763406 130.523065429242 128.69697542 128 128 128.009251619837 129.184831407515
115 113.6862019804 110.556985168157 108.57188512 107.42975937713 107.131890810226 107.1606329 106.28617152 107.951118447705 110.140797670175 112.147042753503 113.275840037182 114.611438619141 116.090862975462 115.699134328216 115.083213808106 114.53622732 113.46479892 113.678369537072 114 114.042997710285 115.755639966038 118.787015262359 118.965625802638 120.226280915003 122.328921488675 124.51674626 126.946406943968 129.37445778 130.422011516612 131.46377028 131.389236550744 130.964651585578 130.9856286981 129.39394364 129 128.003468270865 125.052617267187 124.91125822 123.991423799831 123.958856483847 124.286801612475 125.32091108 125.9464557 125.97415481856 126.58874058 127 127.73159738 129.563054106728 131.695364060001 133.83822086 135.018237884307 135.876065539999 133.884800448337 132.31761211534 129.75051972 129.0535443 128.631537326375 128.1070886 128.727350353732
114.953202400328 114.094693739352 112.60765332 111.53622492 109.30945215938 109.65526606061 110.2253298997 109.37548402 109.2499454 112.14229088 113.30246586 115.465340159723 117.48154878 117.984784319732 117.234526200789 116.55411142 115.418032520254 114.359859019751 114.082503699756 114.1249727 115.028360179765 116.12440438 117.905299960451 118.299728740221 121.224807479784 122.710445940211 125.58817466 127.655290660404 129.24948508 129.930750899807 130.51731458 131 130.33982862 130.640169780174 129.36932753983 129 127.22643983984 125.98268662 124.91125822 123.83982982 123.202655080141 123.912897399863 124.37445538 125.055723299873 125.64228488 126.566560280236 126.957530399887 127.73159738 128.80302578 130.6396254601 132.76679246 134.90748586009 136.594755839829 134.699681039919 132.690723539924 130.94692082 130.2499454 130.305668399938 130.3749181 131.478818260053
115.091884482621 114.501629821048 113.977084915283 113.00045552 111.92902712 111.445515355723 112.038118619392 111.493684896939 111.3928022 113.60652148 114.749266534067 116.810410055471 119.23160338 120 118.87661946 116.55411142 115.066967663921 114.312031340252 114.923317123417 115.340088572914 116.841147270755 118.07086008 118.382174421908 120.03463156 122.17748836 124.32034516 126.417715272767 127.863114203564 128.37445778 129.358313643773 130.32091348 130.687969131111 130.07668480522 129.947285901552 129.19697182 129 128.05411502 125.98268662 124.893829236792 123.64342872 122.84908511587 123.362541812202 124.57085648 125.64228488 126.71371328 126.723289817527 126.923313266142 127.784311949811 128.64531063348 129.67805308 131.69536406 133.82090988 134.8035989 134.674888248176 133.76840382 132.816004141678 132.3928022 132.926255173502 133.690803509833 134.37434258
116.83246262557 116.673531778228 116.2678295 115.521397696456 114.516638476201 113.53622492 113.482905421517 113.301452445825 113.521166686832 116.01731818 117.112515532148 118.385104895194 119.107542945073 119.626662700243 118.976910942779 116.82194092 115.75051252 115.698891499247 116.353628026821 117.071316533932 118.07086008 119.14228848 120.21371688 120.565652883301 122.44531786 124.50237677597 126.025801054673 127.221869172669 128.10662828 128.7321705 129.24948508 129.301110257962 129 129.535655776722 129.144216955935 129 128.05411502 126.25051612 125.114113606566 123.37548882 122.76725758 124.06055339546 125.64228488 126.833134109856 127.914419717487 128.2678295 128.2678295 128.071886139513 128 128.87445418 130.89176516 133.280504088882 134 134 133.830432109091 133.57085408 134.368119054407 135.42742176 137.191519599723 138.39222668
116.586681091481 117 117 116.022241775472 115.3392579 115.104058586882 115.275936115149 114.76146445141 115.303504999606 116.350700750622 117.147385181637 118.6607421 118.507711996332 118.400451709368 118.6996024143 117.366124743285 116.658186892269 116.3392579 117.65960546 118.3392579 119.14228848 120.21371688 120.964245513825 122.02906481032 123.825896995856 125.393597713128 126.063145297888 127.3392579 127.71371568 128.3392579 128.68106942195 129.199735707035 129.115289543981 129 129 129 128.375013971956 127.32194452 126.280622469925 125.51834562 124.831542732106 125.64228488 126.967787171725 128.758271665153 129.854018043831 129.818038807184 129.4545482582 128.855860710784 128.6785158 129.55296998 131.249382822262 133.666614986722 134 134 134.078570833675 134.64228248 135.840747011644 137.721547340629 140.05239326 141.806245958597
117.975159251469 118.2320589 118.019602917909 117.474415467401 117.2320589 117.362743523953 116.60765332 116.4106863 116.4106863 117.4106863 117.462985875422 117.934218330111 117.6844300352 118 117.62553982 117.183120331133 117.198231303557 117.241789661754 118.459909532935 119.300458992376 120.543510537687 121.336703257002 122.187612276618 123.276894886381 125.91011678 126.915764495758 127.64228728 128.4106863 128.631359399826 129 129 129.58874298 129.33982862 129 128.67020732796 128.948441037351 129.388462002662 128.400483287973 127.784927566716 127.25051612 126.505800663906 127.248848609217 129.047857650945 131.039688439838 132.33868478 132.23263202 131.16120362 130.520915578918 130.4106863 131.28514048 132.35656888 133.42799728 134.4106863 134.4106863 134.547169101742 135.42747262357 137.46715767776 140.569703040001 143.26667846 145.40953526
120.158158065582 120.267144103944 119.981495175386 119.9642294 119.645948759032 119.103227442605 117.774042415757 117.4821147 117.026087332482 118 118 117.91704773243 117.602058685932 118.146096075705 117.927121762657 117.23091914102 117.499380561235 118.07086008 119.14228848 120.56643304553 122.57029056 123.385818928805 124.882092649557 125.99051276792 127.613643753718 128.9642294 128.972513906015 129 129 129 129.249404963542 129.78701603482 129.658106946817 129.129399691545 128.584123510092 128.93498290827 129.94588498 129.9642294 129.87548762 128.80405922 128.19582798 129.424189598446 130.85657008 132.158915135171 133.51731218 133.695099908104 133.140222889742 132.23263202 132.351379933017 132.899211065346 133.91011198 134.49942568 135.4821147 135.4821147 135.4821147 136.088163860001 138.97992662 143.24969077551 146.231561010609 147.857866428971
121 120.800928895331 120.784503906705 121 120.33982382 119.595025332813 119.173931035454 119.1070862 118.16119642 118 118 118.088663754972 118.5535431 118.521092578201 118.112096237727 117.5535431 118.357217324792 119.69583158 120.76725998 122.57029056 124.268635323352 125.912052814612 127.05297358 128.11481694946 128.681907731496 130.088662426468 130.32194212 129.5535431 129.5535431 129.5535431 129.784501763712 130 129.634566687783 129.524801140361 129.109032391855 129 130.469473084073 131.5535431 131.563046120001 131.50045912 130.764028084071 131.242374686107 131.92799848 132.752610990179 133.803666767785 134.5535431 134.5535431 134.226916401677 134.465602600359 135.037591177605 136.05296878 136.12439718 137.1070862 137.1070862 137.1070862 137.713135360001 140.60489812 144.842863977366 147.230956520719 147.709303122755
121.858999940317 121.971273845393 121.6249715 121.6249715 120.96479532 119.89336692 119.92613175394 120 119.645264374641 118.614148131068 118 118.060070182487 118.3750285 118.261382946094 118.234026940385 118.903639154676 119.314651853102 120.331722963257 122.072763577548 124.08817586 125.42800208 127.37388946 129.16201153471 130.249943 130.33868718 131.310012282418 131.538114531872 131.249943 131.015917559547 130.6249715 130.301664630965 130 129.33982862 129.274370768094 129.073870046197 129 129.709467650444 131.396669238138 132.658252196641 132.93993161765 132.6249715 132.6249715 132.765402939478 133.278664654812 134.65959586 135.6249715 135.6249715 135.6249715 135.6249715 136.49942568 137.57085408 138.278072849137 139.8749145 139.8749145 139.8749145 140.480963660001 143.13870397941 146.030260830239 146.353392261657 145.014167833076
123.506486676734 123.561027353883 123.0325386355 122.286396004883 121.799570445734 120.455305963648 120 120 120 119.667021341179 118 118 118 118.211031301289 118.810086048094 119.44588858 120.203202006281 121.160288336243 122.557002505626 124.46320436 125.80303058 127.74891796 131.209206513686 133.0891997 133.054341003845 132.6963999 132.6963999 132.485370270071 131.886314580546 131.385884808836 130.84294324178 130.286399347602 129.799571903015 129.186913886368 129.559228744249 129.087428425134 129.658714205483 131.706912587799 132.365399866718 133.111542497335 133.6963999 133.6963999 133.957170589186 134.83868358 136.067168009579 137.106398781038 137.3927998 136.883315457728 136.6963999 137.57085408 137.983569945876 139.718966495259 141.061798095358 141.6963999 141.857683456593 142.998848960001 144.994620704347 146.135369631556 145.26898054 143.12612374
123.712477033785 122.889803986841 122.344236480102 122.547538334092 122.7678283 122.428112541867 121.070302004245 120.096392105179 120 119.978661028708 118.7678283 118.7678283 118.7678283 118.838183703517 119 119.44588858 120.51731698 121.58874538 123.167073891202 125.23103266 126.57085888 128.51674626 131.825098721023 134.013295545921 134.67908412 133.644843260192 133.177829786752 133.46479892 132.480309019361 131.896477847583 131.370619525473 130.41125702 130 129.26840022 129.186440417699 129.029147629245 129.94588498 131.245465403133 132.08874178 133.16017018 134.177827943964 135.000500990908 135.622594542149 136.21371208 137.28514048 137.904517201318 138.506896425626 138.59797209257 137.919070680486 137.970851813543 138.726275413401 140.01731098 141.08873938 142.122981354232 142.99942448 144.141206611881 145.37445298 146 144.568175351049 141.602645504105
123.414821178329 123.767582712435 123.244349644295 122.933893961025 123.554057282245 123.225252654484 122.741835657572 121.80405202 120.884669064674 119.997216218597 119.8392567 119.8392567 120.033631388408 120.424191948322 119.8392567 119.910930301782 120.083155238511 120.74948868 122.48109086 124.62394766 127.31167146914 129.58817466 131.089234197779 133.17805908 134.07199912 133.269422541843 133.876485005808 133.951290057462 133.46479892 132.8392567 132.32194212 131.25051372 129.731150192373 129.657143554167 129.8392567 129.8392567 130.78514168 131.01731338 132.163218913435 133.99942688 135.07085528 135.887966256754 136.628528373032 137.750186230214 137.922411166943 138.494104476327 138.945374440403 138.386001997132 138.031662286138 138 138.152044287322 139.17805428 140.398432918439 142.99942448 144.07085288 145.14228128 145.8994475077 146 144.448070659999 141.233785459999
124.854815287886 124.9106851 124.864480771307 124.285206369096 123.969648669499 123.934656810098 123.179374930305 122.921897569291 122.826203048888 121.805598791515 120.829864911918 120.145868967679 120.931370732724 120.972934746872 120.569669793531 120 120 120.58874538 122.32034756 123.796945155546 126.49840664 129.634589623648 130.94588738 132.122399902841 134.072891824876 134.835675997965 134.9106851 134.634720758772 133.62554222 133 133.424906780038 133.23262722 132.102235679212 131.797398061191 131.8213702 131.025015621997 130.9951667224 131.943765517197 133.99885376 135.98154038 136.842055404013 136.9106851 136.977573989638 137.495374614778 138 137.516426032057 137.1786298 137.113287253165 137.0893149 137.885667292359 138.861401171955 139.01731098 140.266218140001 143.306030190746 144.931370089657 145.30302458 146 146 144.448070659999 141.769940548327
125.9821135 125.9821135 125.9821135 125.971582862833 125.315859061244 124.9821135 124.17908052 123.123293173473 123 121.999690238373 121.806207705703 120.16017498 121.227460806144 121.684501897933 120.62553982 120.437913193914 120.474049510163 120.58874538 121.671981978316 123.468005057607 125.620424566469 127.782445470546 130.839597910755 132.03463156 134.001587322776 134.175194153148 134.772541550929 134.310075609989 134.975415760918 134.964227 134.973479947235 135.549795377377 135.934532344612 135.928454 135.139789183541 134.930699532382 133.999487591695 134.015857464229 137.036669559848 138.12439718 138.736770908001 137.684506612078 137 136.570066820462 136.035773 135.44703242 135.684133867539 136.0178865 136.806548959386 137.87445418 138.94588258 139.99942448 141.248331640001 144.30244906 146.437020969853 147.95176054915 147.596471673227 146.106301254606 143.97401407862 142.400731354543
126.140576261988 126.529100929738 127.025843637488 127.031522674762 126.428712807012 126.028740801476 125.239962931512 124.17908052 124.0535419 123.054469148262 123.191078719488 123.89336692 123.0535419 122.75051012 121.324670849511 120.083210078238 120.0535419 120.64228728 121.71371568 123.51674626 125.65960306 127.849280055262 130.894101332489 133.000927119761 133.147037612011 134.258680435739 135.065942256511 135.393888411239 136.0535419 136.49942808 137.081239905511 137.1070838 138.42742656 139.1070838 139.150079454511 139.207445766761 139.264812079011 140.33763778874 141.262958096489 141.197015968479 140.64388664 138.787832179739 137.67908652 137.02966843524 136.48268782 135.44278170926 135.67836417849 136.69242626624 137.79247940601 138.968094056521 140.99884896 142.14170576 144.284562560001 146.41884367274 148.50433416049 150.28680006824 149.84314808401 146.686229196259 144.50853437149 142.854045800759
128.922274720961 128.319187770462 127.667971661886 127.640142093309 128.082502415267 126.844618827688 126.27455562758 125.266197519003 125.006762170426 124.14012422185 125.011090686727 124.944778204697 124 123.734838192456 122.844102922065 121.92902232 121.310261641814 121.83868598 122.827612264661 124.58817466 126.831386432492 129.873317540001 132.14171536 133.26725638 134.416338573202 136.165003930749 136.577568636049 137.2499406 137.2499406 137.69582678 138.76725518 139.2499406 140.48778154459 141.307826787973 142.077584407437 143.12439718 144.314033109716 146.372747241707 146.150108733131 144.80462994 142.66177314 140.594655085197 138.953659718825 137.859779049752 136.792950061672 136.176365513095 136.1249703 136.1249703 137.630667487366 140.623362540001 142.89176516 144.28456256 146.40523978612 148.140151564483 149.01979794772 149.5001188 148.844803842493 146.969740499645 145.030028798399 143.462657333024
131.073543963911 130.838080128813 129.35815864 128.27716810138 128.85657488 129.1963987 128.39336572 126.619219018232 125.261136096865 125.1963987 125.28514528 125.907506897844 124.3927974 124.3927974 124.693714087446 124.838082057457 123.97708080236 124.17794148 124.718853372166 126.105113442931 128.99828784 132.040830433125 134.098801108221 135.41011318 136.48154158 137.71314256 139.3927974 139.3927974 139.466340421197 139.9475108139 140.808512068997 141.312027055906 142.05296878 143.568626468575 144.157713690615 145.242597415519 147.098796779578 148.98268662 147.839945210227 145.87605834 143.73320154 142.1963987 141.52103048984 140.305226405257 139.263373779646 137.688428935451 137.066742370548 137.143684774355 137.99942448 140.64801957584 142.89176516 145.841623113968 148 147.937086512452 147.14401024 145.48817533284 145.361489356966 145.694773123386 145.387890488289 143.938151053192
131.80982555314 132.14840541191 131.242465538638 129.789223809451 129.751190208222 130.195943533008 129.46479412 128.39336572 126.37604754 126.2678271 126.35657368 127.10765212 126.329856761616 126.5356542 126.5356542 126.774496290609 126.932756893466 127.39222668 128.46365508 129.731026370223 132.265326788548 134.55239926 135.496034406088 137.55296998 138.648166476372 140.038029344798 141.2678271 141.34898658006 141.70953209742 142 142.138550863749 142.698888755021 143.66017138 144.195942247438 144.855782571332 146.514709990103 147.931391511127 148.98268662 147.887490766414 146.41183254 144.331004116045 143.081158837275 142.993661018505 142.08977042 140.879791799036 139.248026622194 137.698674076576 137.803482875347 138.80302578 140.748908360001 142.638432171658 144.78410584 147.7321729 147.41183734 145.26898054 143.126123739999 142.38079020428 143.91022718 144.602895378179 144.458794798817
