catData/variables/futureClimate2070/rcp45/CNRM_CM5_2070_rcp45/bio16.asc
NCOLS 409 
NROWS 350 
XLLCORNER 60.897278365 
YLLCORNER 5.843756025 
CELLSIZE 0.0892857 
NODATA_value -9999 
[rows 300 to 324 of 350, columns 168 to 223 of 409]
-9999 -9999 -9999 1970.65159023048 1972.01785105305 1945.2354693162 1912.70572826364 1856.36305695966 1720.41920153529 1539.50999038676 1315.95065447847 1151.1001648753 1210.8263418262 1142.97075580632 837.936729178433 705.774780558623 749.664321376534 613.035392317577 560.543698351304 520.391529507199 461.102965349421 435.892843332117 441.103118221708 455.375268633285 460.216531101123 474.060065709449 495.164670085104 518.884368044963 538.661795976825 538.205570099861 515.330702616994 494.511054497909 482.286988243057 476.897941924623 496.075577667697 542.325586917978 601.037476792365 652.545330435576 -9999 -9999 -9999 875.163820620005 -9999 998.094583900018 -9999 -9999 -9999 -9999 -9999 -9999 -9999 -9999 -9999 -9999 -9999 -9999
-9999 -9999 -9999 1970.90386745479 2008.19186267773 1981.2711687702 1945.67575798149 1952.44474701861 1952.68548455431 1853.03347584211 1524.70494940242 1268.46478115048 1345.71095420769 1316.75118671712 1140.98144952588 919.650872728845 711.996648455524 582.540898864836 477.85062592814 444.480028744238 436.857117622822 442.169442476499 460.202739214577 475.313325099708 473.782343491049 482.988630088545 504.077301912838 525.994537655093 538.595077048285 537.062430600694 521.674702422361 502.601667404025 486.114565803791 479.065292224215 505.190273430991 551.868165035072 602.816067648038 647.546664493407 -9999 -9999 -9999 -9999 -9999 -9999 -9999 -9999 -9999 -9999 -9999 -9999 -9999 -9999 -9999 -9999 -9999 -9999
-9999 -9999 -9999 1968.87291948426 2016.09877550827 1999.07465654788 1983.51305160139 2042.35789850514 2133.32360193457 2062.89782032826 1650.39391622587 1327.38922809624 1385.50161732606 1440.54482863174 1225.87462187898 770.95144562918 599.415476038911 491.083518312643 443.151653364076 434.849549125403 440.454426678049 449.478931845581 458.823806278255 461.046515905786 469.169639241761 484.791163413057 508.37291469937 527.935407020833 534.882529329445 532.997600899346 522.119085363248 508.254007224537 496.708024805827 493.274277120001 518.048254614407 560.051418493544 604.352478100004 643.029721405679 -9999 -9999 -9999 -9999 -9999 -9999 -9999 -9999 -9999 -9999 -9999 -9999 -9999 -9999 -9999 -9999 -9999 -9999
-9999 -9999 -9999 1915.86046887256 1946.84785873334 1977.90256974764 2011.77487234938 2090.44460286198 2204.69921782954 2216.11248920907 1773.31997834691 1308.38568849272 1168.7035262626 1158.30032216765 1092.59335684871 625.9124575929 505.032226615445 472.861203668809 443.979113810773 438.423052320001 446.01061740918 448.098458755302 451.34834460537 450.558518004683 462.279037390853 486.009035254254 512.17506619762 526.874244530651 529.146529852241 526.111666720419 519.159035293924 510.453374034015 504.658173280228 507.198727046112 534.490535433756 572.584779701659 610.818621759246 -9999 -9999 -9999 -9999 -9999 -9999 -9999 -9999 -9999 -9999 -9999 -9999 -9999 -9999 -9999 -9999 -9999 -9999 -9999
-9999 -9999 -9999 1884.92863352015 1884.7376182143 1932.58665591679 1990.82611937819 2065.04094379241 2141.33472721539 2131.795911512 1783.23752145767 1323.13942716228 1090.08521375597 990.345342123426 937.97364516327 594.134252769027 503.434987603307 473.438332169738 461.875024710349 451.06353128334 448.009336858805 448.344632722431 449.672234982188 452.747300416531 466.819674995308 487.15671049862 506.183369320901 516.99698656 519.57832647294 518.220245781029 514.689699733533 510.349100765005 509.961702084157 525.087699916026 553.313692395443 586.521614305042 -9999 -9999 -9999 -9999 -9999 -9999 -9999 -9999 -9999 -9999 -9999 -9999 -9999 -9999 -9999 -9999 -9999 -9999 -9999 -9999
-9999 -9999 -9999 1851.39462320208 1847.51406710372 1875.6712400013 1922.33686635306 1975.72909462032 1995.19478004852 1886.01427101123 1611.49903141353 1316.3216943353 1126.36195794285 1006.37685165567 890.206214621719 584.088706835185 512.711905971077 489.944724515098 472.859655035733 461.947788976691 449.694502284287 449.787758452949 451.592322212492 457.237387474562 469.025548152189 482.584445160848 494.476001227902 503.06841736 507.671700902829 508.683417681218 508.816994759412 513.662590484985 525.613235020008 546.771189520002 572.977707643927 598.215085062225 -9999 -9999 -9999 -9999 -9999 -9999 -9999 -9999 -9999 974.207645360003 987.597179240006 1006.88289044 1023.85271184 -9999 -9999 -9999 -9999 -9999 -9999 -9999
-9999 -9999 -9999 1814.30066287257 1803.19896571925 1807.31348205423 1824.21209871088 1848.25712194754 1832.19846841999 1730.59956684018 1518.74947407213 1315.96804025633 1151.41500760419 1074.98774421336 880.18018290834 586.911735652698 616.2437573194 503.35029181779 484.332328049907 477.612796765491 461.743612883808 451.373290586934 451.835851467946 456.218091177274 464.030473487612 473.429701582762 482.756685645862 490.113721610339 496.231682970365 500.882108382816 512.506451447152 528.338636903496 546.342140447276 567.953813714424 590.244685580282 -9999 -9999 -9999 -9999 -9999 -9999 -9999 -9999 -9999 941.257332344192 967.998878414777 977.547751455438 996.010828179911 1013.40270075366 1024.27470686017 -9999 -9999 -9999 -9999 -9999 -9999
-9999 -9999 -9999 -9999 1750.50915614637 1734.29433883812 1723.88146002087 1724.87149047956 1702.17448429598 1616.05539170685 1447.3125133142 1324.55895976087 1185.70611802918 1070.16313509019 829.150803183017 728.373192066006 819.294509653886 527.955210057158 486.379063601978 467.868423809277 456.485336170005 450.603454633984 449.441966404274 451.570009340579 456.717557336883 463.596697913187 471.889106440002 478.99734848 491.491125340556 507.339298449584 526.594795250585 545.779831077978 567.484637703665 587.527894242673 -9999 -9999 -9999 -9999 -9999 -9999 -9999 -9999 -9999 -9999 -9999 947.818009654011 964.904689948943 979.42960873406 998.236998017729 1014.27324662654 1023.85013169762 -9999 -9999 -9999 -9999 -9999
-9999 -9999 -9999 -9999 -9999 1673.99174892705 1652.46292832407 1640.73265130733 1605.83074136001 1513.51573495736 1366.18783758404 1217.01695625095 1106.21571431653 1013.22379748019 895.628215738288 866.022899125807 837.711448464771 573.590825087617 496.92445445733 465.092326360851 453.720481332676 448.296710564502 445.927059616328 446.328840936308 450.122642300001 456.121124151805 464.507947656372 479.254126249982 497.792371198159 518.539781882685 540.711543418135 564.755113580003 587.158446885424 606.82966395846 -9999 -9999 -9999 -9999 -9999 -9999 -9999 -9999 -9999 -9999 -9999 -9999 -9999 -9999 -9999 1000.08024207753 1015.27546685533 1025.36867746365 -9999 -9999 -9999 -9999
-9999 -9999 -9999 -9999 -9999 1650.33920360703 1623.4075126231 1591.65619941872 1534.21077813714 1437.85653410834 1307.01538265917 1145.50096840065 1012.55930381268 974.419555644585 993.040109197893 867.258889433864 701.019255913001 502.998870177562 479.910031326559 463.271155255976 452.173473739042 444.84710969502 441.329499930519 440.543482746019 444.710143776965 455.651393820881 470.777704444909 488.994251971988 509.063781476491 530.291840100008 554.524136450978 580.18049881996 606.277798131028 625.098461573948 -9999 -9999 -9999 -9999 -9999 -9999 -9999 -9999 -9999 -9999 -9999 -9999 -9999 -9999 968.18377700651 986.081270580003 1002.82954618652 1017.05187626004 -9999 -9999 -9999 -9999
-9999 -9999 -9999 -9999 -9999 1631.8221820661 1608.28647276771 1559.49572909985 1484.20107140298 1385.74408148151 1258.37060371854 1114.0050121709 954.873596394488 907.220404146574 978.965339734564 914.968095887621 553.379565468399 498.322893309202 476.804444811864 462.14672416 454.270078299999 449.248385428921 446.535059 448.318574920001 454.673518040002 465.568387522229 480.348693121406 497.865121060002 517.685445820004 540.572357157845 565.07622434 591.697406051793 617.713729887134 636.473444648784 651.819689110443 -9999 -9999 -9999 -9999 -9999 -9999 -9999 -9999 -9999 -9999 -9999 916.308341651504 933.490852948045 953.551313593616 972.903040622371 990.673711078461 1005.70717952 1018.66564554012 1027.11383394189 1031.01642230354 -9999
-9999 -9999 -9999 -9999 -9999 1605.0243210736 1581.47771497325 1526.81042167026 1444.42467200751 1348.43568603425 1229.59201755819 1086.82201045517 954.540394416626 937.636093423992 957.797990678203 838.225644544901 536.980296704197 493.526756695325 480.086993572477 470.738161509634 462.966439799999 458.480506476057 457.093037842194 459.032858920001 465.387802040002 475.72543658 489.326687220578 506.345147253135 526.031613855983 547.238593400007 571.150277005011 596.503508124518 619.752519614731 640.352758779585 658.168523115577 677.150969927201 -9999 -9999 733.534880786625 -9999 -9999 -9999 -9999 -9999 -9999 -9999 898.085276186458 922.243527809949 941.199635485798 961.60286408852 979.289190521413 994.992895520005 1008.37635654428 1018.33557054 1024.59626642012 1024.57049941028
-9999 -9999 -9999 -9999 -9999 -9999 1521.86668758334 1473.03931029632 1401.11995704716 1314.20498641482 1205.55191668162 1067.33948621241 919.760678976009 838.795541510472 880.623200747931 698.242427645527 521.67263410125 500.170234699501 487.826156494032 479.05701854 472.065683679944 467.524974613424 466.319802760001 469.441971520388 475.804143466136 485.931389432653 498.296509060004 514.080020180002 532.513549804426 553.299091858737 574.331536170499 597.363429780002 -9999 -9999 -9999 -9999 -9999 -9999 736.069219920001 -9999 -9999 -9999 -9999 -9999 -9999 -9999 883.223145683383 909.000349067844 928.615886540005 948.204615120003 967.511944564364 983.885886120004 996.8166734 1006.46910024481 1014.86202398343 1020.94826222707
-9999 -9999 -9999 -9999 -9999 -9999 1451.52649695882 1409.93901218801 1352.19392914954 1283.93343114437 1192.41008839046 1057.23636494964 886.035468129227 726.322675297814 677.816958207352 564.419595476287 521.678053751277 507.411717136321 495.475348673481 485.48558894 478.680371479999 475.081848882906 474.62343886 478.103932600001 484.63421967233 493.872028397865 505.796507860004 520.404535089501 -9999 -9999 -9999 -9999 -9999 -9999 -9999 -9999 -9999 -9999 -9999 -9999 -9999 -9999 -9999 -9999 -9999 -9999 879.207816240004 894.08595118842 914.151735140005 933.740463720004 953.549258254634 970.880355357129 983.959532600001 993.454457953047 1001.20665309964 1009.76324333271
-9999 -9999 -9999 -9999 -9999 -9999 1405.76049867061 1338.36283712513 1290.70901429503 1238.83379961025 1166.55453517865 1040.02624989367 866.87002719373 710.50551550348 589.205291420942 544.757687460261 528.75723315828 513.482523132145 500.498042552022 490.55728134 483.909186132509 481.156646852389 481.572019598523 485.264711900002 492.173776040002 501.33393902 511.837584344716 -9999 -9999 -9999 -9999 -9999 -9999 -9999 -9999 -9999 -9999 -9999 -9999 -9999 -9999 -9999 -9999 -9999 784.033533533068 827.650146066414 865.726006340003 880.080727688132 897.244751144002 916.106580911733 935.99086032 954.564503200004 968.224895422537 976.358973928669 984.944141789609 996.293652822813
-9999 -9999 -9999 -9999 -9999 -9999 -9999 1265.08264440058 1222.25948653125 1176.94257197998 1110.5125791223 990.902412066171 821.676035313666 675.229861807173 600.011900964506 555.063016700114 532.979919384313 517.596284259998 503.881628674485 493.11078604 486.67365264059 485.070166643741 486.919710684332 491.465733666793 498.602346440002 507.278983196577 -9999 -9999 -9999 -9999 -9999 -9999 -9999 -9999 -9999 -9999 -9999 -9999 -9999 -9999 -9999 -9999 -9999 -9999 -9999 817.993877316329 844.2482134569 860.302385294159 876.355623508304 893.992608209242 912.208272000337 930.194364595685 944.848989316283 954.571006461203 965.451426469189 980.921528853136
-9999 -9999 -9999 -9999 -9999 -9999 -9999 -9999 1152.17688300137 1101.34487337498 1027.32041612119 918.410415769637 775.961825132162 665.718308980071 679.214115576749 576.371918355208 531.709738953568 516.863371372407 504.23403358998 494.956054273778 489.01058670513 488.052273260001 491.12454497014 496.818526768928 504.548840540002 513.666794226 -9999 -9999 -9999 -9999 -9999 -9999 -9999 -9999 -9999 -9999 -9999 -9999 -9999 -9999 -9999 -9999 -9999 -9999 -9999 792.786447028812 814.65974222103 834.052950199248 851.367181460004 869.132369382616 885.758713543827 902.814948454965 919.919922608736 932.635948345068 946.519599493965 966.727066710323
-9999 -9999 -9999 -9999 -9999 -9999 -9999 -9999 -9999 1031.09523432367 952.699549202078 855.320361195769 737.317909060281 647.47870783918 739.665148581129 591.781275608236 529.045201813664 513.158671900379 502.183094759997 493.931998319999 489.045961557162 490.662721662504 495.293531855949 501.888676360002 509.905982540002 519.591881037424 -9999 -9999 -9999 -9999 -9999 -9999 -9999 -9999 -9999 -9999 -9999 -9999 -9999 -9999 -9999 -9999 -9999 -9999 -9999 768.659136169329 786.352684941333 805.867973672429 824.120571348901 842.489581588025 859.74708889825 878.38993147696 898.634691249353 915.75878745126 932.687662460003 955.774695984078
-9999 -9999 -9999 -9999 -9999 -9999 -9999 -9999 -9999 -9999 894.106278998449 814.070996758719 714.814233308236 633.081259784807 664.693613386504 589.305296461515 534.066536674419 518.032978381775 504.817884056012 494.489059214872 490.962919960001 493.636106119369 498.730576241757 506.553241226395 514.939842035365 522.326672515695 -9999 -9999 -9999 -9999 -9999 -9999 -9999 -9999 -9999 -9999 -9999 -9999 -9999 -9999 -9999 -9999 -9999 -9999 -9999 743.668670314634 761.793199363687 780.289197627756 798.420073440004 818.160229622553 838.818793146232 859.989361280007 882.747870539832 903.869997512796 925.07364424703 949.043314942168
-9999 -9999 -9999 -9999 -9999 -9999 -9999 -9999 -9999 -9999 846.044107603083 781.691896658364 700.69028542825 628.506790116645 596.449127422723 591.239209353122 616.415832382301 551.219103230728 509.086033756494 498.256317484265 495.783722067969 498.116538499598 503.538570092436 511.184225364671 520.127063546198 523.484538754813 -9999 -9999 -9999 -9999 -9999 -9999 -9999 -9999 -9999 -9999 -9999 -9999 -9999 -9999 -9999 -9999 -9999 -9999 -9999 721.056500167611 738.884855560005 757.210668021729 776.402641289502 797.343506117268 820.736657475089 844.228424892804 868.869357541129 893.46942897332 915.314225859525 939.061130787726
-9999 -9999 -9999 -9999 -9999 -9999 -9999 -9999 -9999 -9999 -9999 741.82291234347 678.251137211482 623.466247724549 586.384225280625 561.590353762821 584.218840869797 596.548728263699 512.191000205995 500.533240482187 499.712778845188 502.353613130722 508.125071926748 516.748322717469 525.865322438443 -9999 -9999 -9999 -9999 -9999 -9999 -9999 -9999 -9999 -9999 -9999 -9999 -9999 -9999 -9999 -9999 -9999 -9999 -9999 698.906847169731 707.559104477455 722.05028465874 735.404122764296 755.165661118982 779.614397643892 804.670395815963 830.512638644157 856.884055296171 882.41089183974 903.437179940003 927.674123528448
-9999 -9999 -9999 -9999 -9999 -9999 -9999 -9999 -9999 -9999 -9999 -9999 654.421310644627 615.781260678632 582.584095635821 552.329949521207 533.96098305013 566.918478673724 519.803626379971 501.813466637922 502.530339636685 507.077565437525 514.030914440001 522.299841020799 528.758796959917 -9999 -9999 -9999 -9999 -9999 -9999 -9999 -9999 -9999 -9999 -9999 -9999 -9999 -9999 -9999 -9999 -9999 -9999 -9999 694.608317806338 700.102509446991 708.667770861492 718.570444590976 736.680131840196 765.161209353605 795.275881601869 822.291484748655 847.707079396457 872.893190672195 896.385193770456 921.318859446969
-9999 -9999 -9999 -9999 -9999 -9999 -9999 -9999 -9999 -9999 -9999 -9999 -9999 606.503478719911 577.728583473057 550.339848395522 537.567057278661 518.084552389087 515.408460824034 503.202354849503 505.447415108503 510.19131877649 518.638191440001 525.139586773055 -9999 -9999 -9999 -9999 -9999 -9999 -9999 -9999 -9999 -9999 -9999 -9999 -9999 -9999 -9999 -9999 -9999 -9999 -9999 -9999 691.361800499775 691.772922339382 695.6204897062 703.055645209058 719.383902541582 752.631823185706 786.824862460001 815.594067942538 842.772675120003 867.898225740003 894.886779364362 922.134971417619
-9999 -9999 -9999 -9999 -9999 -9999 -9999 -9999 -9999 -9999 -9999 -9999 -9999 -9999 571.64905583594 547.069182419279 528.109450101106 505.178942934565 505.809985666562 502.81013895474 508.113816509307 513.162115689099 -9999 -9999 -9999 -9999 -9999 -9999 -9999 -9999 -9999 -9999 -9999 -9999 -9999 -9999 -9999 -9999 -9999 -9999 -9999 -9999 695.661345786767 -9999 695.806006973605 691.94901838263 690.255526021813 694.062455297619 711.073143700008 744.433496776242 779.356636890515 809.690345430098 838.554931251939 867.311196448173 895.158052270877 916.541901362382
-9999 -9999 -9999 -9999 -9999 -9999 -9999 -9999 -9999 -9999 -9999 -9999 -9999 -9999 -9999 -9999 520.028276579999 498.79219410805 496.718670381984 -9999 -9999 -9999 -9999 -9999 -9999 -9999 -9999 -9999 -9999 -9999 -9999 -9999 -9999 -9999 -9999 -9999 -9999 -9999 -9999 -9999 -9999 -9999 704.273095131355 -9999 698.539794216606 695.107007 695.303461288771 699.260086263184 714.717402077033 741.309401428835 774.443683580212 808.453584729201 845.14342012706 877.169561075864 899.130522232168 915.688558386065
