catData/variables/futureClimate2070/rcp45/CNRM_CM5_2070_rcp45/bio11.asc
NCOLS 409 
NROWS 350 
XLLCORNER 60.897278365 
YLLCORNER 5.843756025 
CELLSIZE 0.0892857 
NODATA_value -9999 
[rows 286 to 311 of 350, columns 174 to 231 of 409]
21.9170434769663 19.8179230537925 19.3816246249785 20.2038033778023 20.2801751716003 21.8752591867976 24.9157666633058 26.2949681404819 26.784835806018 26.5525857870679 26.476654250389 27.2707194269066 27.43392243 27.4445057691085 27.4073624879999 27.0594185333105 26.9787798435885 27.0748384949751 27.0292867372269 26.3953114805688 25.7987541780772 25.6666820487465 26.041418688913 26.0183594497632 26.4071899537551 26.8005809807185 26.9397857954214 27 27 27 27 26.9705375590737 26.8997401739727 26.7890002551283 26.6903005437707 26.6430275433303 26.553620572 26.5042590635322 -9999 -9999 -9999 -9999 -9999 -9999 -9999 -9999 -9999 -9999 -9999 -9999 -9999 -9999 -9999 -9999 -9999 -9999 -9999 -9999
20.382989554312 15.8091119723317 15.3092139016439 15.7557281802884 16.9584519953635 19.9724566071372 24.7727556244841 26.8406646653879 27.123059271832 27.2104703095523 27.2347718280413 27.279245829511 27.41786946 27.4376011637231 27.476959141318 27.1912129563623 27.0452639538307 27.179273952598 27.1780505169307 27.0611252671782 26.1901724995591 24.6508465380673 25.5850909645469 25.6611766107626 25.6081838948453 26.727986233137 27 27 27.0095103625494 27.028621680919 27 26.9816899578556 26.9376914613239 26.8484757744154 26.8 26.726840982 26.619698142 26.5484647033344 26.5022226421339 -9999 -9999 -9999 -9999 -9999 -9999 -9999 -9999 -9999 -9999 -9999 -9999 -9999 -9999 -9999 -9999 -9999 -9999 -9999
20.0616142735783 15.3044691322828 15.7226997171947 17.0992853193504 20.5576762634493 24.4910714299509 26.4975517443263 26.757264784 26.8283540756932 26.85895945 26.8555696235285 26.958837386 27.1596535120929 27.251633394 27.5139184972647 27.4865177091717 27.3265727752498 27.341004118 27.3465393978423 27.1801429444864 25.8986571632595 23.002472208135 24.9981454605707 25.3336511854027 24.6014862168985 25.9043776761242 26.8682088491804 27 27.0119945552779 27.0360979228864 26.9819485609493 26.907204232 26.8249996873794 26.8 26.8 26.7621095618724 26.667906252 26.606052673799 26.505412462 -9999 -9999 -9999 -9999 -9999 -9999 -9999 -9999 -9999 -9999 -9999 -9999 -9999 -9999 -9999 -9999 -9999 -9999 -9999
18.3918175308166 16.1493744155277 18.6843972822402 22.0329680844465 24.7337018857746 26.3247811727931 26.6115001840837 26.5686171083164 26.5890971569552 26.6484017367522 26.749938968 26.9122475233077 27.008873698 27.1391843080599 27.390967806 27.5646645286022 27.5525306466689 27.499938848 27.4232560190749 27.273713506722 26.2214989544426 23.6616327855827 25.8459292748716 26.52516806591 25.6344207064829 25.5943842529461 26.7266203740001 27.0088651730978 27.0425321471052 26.9832275673082 26.907204232 26.8247410842857 26.8286333220827 26.85535095 26.85535095 26.8148567385263 26.719698142 26.6609567730676 26.560763412 -9999 -9999 -9999 -9999 -9999 -9999 -9999 -9999 -9999 -9999 -9999 -9999 -9999 -9999 -9999 -9999 -9999 -9999 -9999
18.8377914027547 20.2954567482073 23.2533077752533 24.646250138161 24.8837273171936 25.7080551415324 26.4107958376156 26.5457201430452 26.642796128 26.749938968 26.857081808 27.0021633575275 27.133861278 27.237001972754 27.346318756 27.5606044360001 27.6485107199119 27.607081688 27.5396300747711 27.42498758 26.9215508984564 26.1502069329612 26.9762636468192 27.1703399240806 26.961477140047 26.7635264985497 26.8405172335835 27.016016298 27.0913138850675 27.0511286664972 26.987542762 26.92498758 26.9443897292139 26.96249379 26.9212377783546 26.826840982 26.719698142 26.7 26.605412462 -9999 -9999 -9999 -9999 -9999 -9999 -9999 -9999 -9999 -9999 -9999 -9999 -9999 -9999 -9999 -9999 -9999 -9999 -9999
24.367536894567 24.4547474098483 23.8935053300695 23.5193999256102 24.4959429086504 25.7497818935023 26.3980499740001 26.573159498 26.6243824960056 26.717808548 26.759083479881 26.8629831448187 27.0061431522436 27.1830334946117 27.346318756 27.5606044360001 27.662554942 27.613538388445 27.634972521852 27.5982756843204 27.391632185258 27.3287320256084 27.3636556831335 27.3430853999288 27.1788177410089 27.1673805380534 27.048146718 27.1329831376441 27.1 27.1211012763026 27.132191812 27.06963663 27.06963663 27.0286392214483 26.933983822 26.8777864566763 26.789334772 26.7087430891991 26.6712800358632 -9999 -9999 -9999 -9999 -9999 -9999 -9999 -9999 -9999 -9999 -9999 -9999 -9999 -9999 -9999 -9999 -9999 -9999 -9999
27.3412108340457 25.6383669486212 22.8609625083954 24.4845069283934 25.7874374587844 26.2687609942835 26.4763266636277 26.4608165483619 26.384785350486 26.457106768 26.5422857689039 26.8030598015989 26.9877136877063 27.1197356630112 27.269539286 27.4605590836214 27.5377461190736 27.5574548817686 27.651730738 27.6863292431584 27.5801043277067 27.5473263774517 27.4919034147567 27.47677947 27.287603914 27.2763776113281 27.255619403977 27.273060400718 27.25355894 27.2373295217842 27.1913051148029 27.17677947 27.1370610678072 27.041126662 26.9846706935827 26.9206083637224 26.8813534829726 26.789334772 26.7041556596376 -9999 -9999 -9999 -9999 -9999 -9999 -9999 -9999 -9999 -9999 -9999 -9999 -9999 -9999 -9999 -9999 -9999 -9999 -9999
27.6234392179999 26.7683855005761 25.3522618159605 25.1666948339015 26.137370680741 26.9836974398476 26.7819230424863 26.533287981294 26.4710115490336 26.555289798 26.662432638 26.887384026 27.1076900326881 27.3543420193284 27.3947274910008 27.4887942066732 27.5314247576545 27.5536718200359 27.5243947976904 27.53215538 27.5215414649649 27.51607769 27.5031669676201 27.5 27.4695849405505 27.38392231 27.38392231 27.38392231 27.3644866264143 27.2951281419133 27.2524977537591 27.2 27.148269502 27.0905345272237 27.0285200084487 26.926840982 26.9 26.812555302 26.7847925088617 -9999 -9999 -9999 -9999 -9999 -9999 -9999 -9999 -9999 -9999 -9999 -9999 -9999 -9999 -9999 -9999 -9999 -9999 -9999
27.6217480823556 27.6344783291453 27.5699657359166 27.6498694930078 27.8333310557568 27.6515186966378 27.2001939679999 26.7846959908141 26.6821303 26.8492075605136 27.0539201884738 27.085592016 27.2845088548173 27.30893485 27.332094228 27.4365296102751 27.5033456597647 27.4237429158044 27.3178697 27.3178697 27.3779876500763 27.40893485 27.40893485 27.40893485 27.40893485 27.4 27.4 27.4 27.376840862 27.3 27.262555182 27.2 27.1953779575994 27.1374520564403 27.033983822 26.9934633514802 26.9179381425595 26.812555302 26.8 -9999 -9999 -9999 -9999 -9999 -9999 -9999 -9999 -9999 -9999 -9999 -9999 -9999 -9999 -9999 -9999 -9999 -9999 -9999
27.6004150226705 27.6315514449224 27.737445298 27.8453871618918 27.9525959637012 27.8212684965881 27.3675157151129 26.83372152552 26.7788633120728 26.8872201943343 26.9033900534827 27.1017618751485 27.20179201 27.1703329699252 27.0512797676303 27.2636454372232 27.40179201 27.3126162139999 27.150988291998 27.1614025775949 27.1381416336244 27.10537603 27.2631021827473 27.3876699259666 27.4 27.30179201 27.30179201 27.2860627256618 27.2031690059311 27.20179201 27.2011209951169 27.2 27.2 27.141126662 27.0988169834886 27.0263599889185 26.9985609826745 26.910763292 26.8053154701397 -9999 -9999 -9999 -9999 -9999 -9999 -9999 -9999 -9999 -9999 -9999 -9999 -9999 -9999 -9999 -9999 -9999 -9999 -9999
27.6054739933635 27.678434839866 27.6224844093088 27.6645357935746 27.8053522504221 27.7529963214941 27.3573966591411 26.8352447711004 26.7010539884076 26.787445178 26.989176036 27.0945565547309 27.0808994584947 26.9643301294405 26.8735897450542 27.0680763618286 27.106984344 27.205473374 26.631840551848 26.3734705089263 26.8211988337009 27.135616856 27.269600438 27.293977369976 27.29464917 27.2 27.2004748036527 27.1884775271217 27.1024784122077 27.1393822306706 27.242795648 27.3029650202194 27.2510375130061 27.2022006177683 27.1375162354572 27.10535083 27.1010540140916 27.012555302 26.905412462 -9999 -9999 -9999 -9999 -9999 -9999 -9999 -9999 -9999 -9999 -9999 -9999 -9999 -9999 -9999 -9999 -9999 -9999 -9999
27.1637542495382 26.9963715779113 25.306027464468 24.4837026350752 25.9256360543438 26.8584678409252 26.7733733081863 26.5221388565073 26.5052220422319 26.7529916955833 26.9648648511715 26.9859917196867 26.8966740483652 26.8465105627748 26.8262491235682 26.9996423687175 27.0154723200444 27.0983305339999 26.599512696777 26.2890289310274 26.5973515254108 26.9021307185379 27.0628864462544 27.1858763499855 27.2 27.2002162177019 27.2202585074399 27.2719694508367 27.1655187634469 27.3037858291348 27.345260256007 27.3609829768512 27.3060306322905 27.2484821025677 27.21249367 27.2033534237158 27.1297307911424 27.025048972 26.917906132 -9999 -9999 -9999 -9999 -9999 -9999 -9999 -9999 -9999 -9999 -9999 -9999 -9999 -9999 -9999 -9999 -9999 -9999 -9999
26.4013889563636 25.0414703642984 23.6435208076467 24.5227439742283 24.4286022606721 23.8628489943902 23.3856206890028 23.1032467228738 24.6052289016854 26.2269913355105 26.3885976543196 26.6413265689573 26.3799195457162 25.589837884118 25.3903967812305 26.4689067591526 27.017808548 26.9911876939999 26.6734405379999 26.0798091600313 26.1300820900002 26.6070029570131 26.9447742744961 27.1748898760001 27.2185737384858 27.2406638050234 27.316151635065 27.2835085319584 27.3 27.330301978 27.4 27.4087554599219 27.367906012 27.31963651 27.3066732366054 27.2412068598855 27.2038680276236 27.112555302 27.0239861533581 -9999 -9999 -9999 -9999 -9999 -9999 -9999 -9999 -9999 -9999 -9999 -9999 -9999 -9999 -9999 -9999 -9999 -9999 -9999
27.0913439996286 25.9789325359998 25.2414881857701 24.6639647735978 24.0157655004006 22.3475717491471 19.8348787448621 18.4344562779722 22.7252644835468 24.3960102033296 22.9908152040685 23.9274703577399 23.0730818192962 21.6009933844537 23.1165011720005 25.5483342559047 26.8672522560233 26.7472494525261 26.5145929195464 25.909617451429 26.1103137339707 26.7069511924856 26.987383546 27.1782520399958 27.294587778 27.4 27.3870055927498 27.2652859375015 27.32677935 27.357081328 27.42677935 27.4594267230074 27.4621225931162 27.4110134527603 27.3516625253632 27.3071878405132 27.2412024576103 27.139334652 27.1014494221426 -9999 -9999 -9999 -9999 -9999 -9999 -9999 -9999 -9999 -9999 -9999 -9999 -9999 -9999 -9999 -9999 -9999 -9999 -9999
27.5823315361062 27.1423215312449 26.41506316047 25.7232806246778 24.3380455742477 22.5267392187709 19.4531967676226 17.974602176719 20.6259991250934 20.6587995842912 17.3367368298618 18.7883279297878 20.7457286330433 22.071891964772 24.4974266070889 26.2667436845736 26.3662928815497 25.4785238259061 25.8344830077242 25.8104193137351 26.3533431015683 26.9303493114987 27.1351305357425 27.2552893180001 27.3303459122301 27.3666648735261 27.4 27.4054330790385 27.43392219 27.464224168 27.53392219 27.5187970799367 -9999 -9999 -9999 27.326840982 -9999 27.212555302 -9999 -9999 -9999 -9999 -9999 -9999 -9999 -9999 -9999 -9999 -9999 -9999 -9999 -9999 -9999 -9999 -9999 -9999 -9999 -9999
27.964224648 27.8624775846842 27.5246119077136 27.4576953692615 26.1608426458095 23.3624032247848 19.2919089524748 17.8947885605798 17.5913354379999 17.3203713930058 17.3060992609796 20.1245718675048 24.6757427703386 25.7703208287882 26.688205054765 27.1356500418247 26.2719287835302 24.8633821287895 25.5592246764479 26.4052135735801 26.8211909652832 27.1953820997365 27.3294560773657 27.428509968 27.44106503 27.3420849691991 27.4036438881897 27.457081328 27.54106503 27.5589234916437 27.6 27.555412342 -9999 -9999 -9999 -9999 -9999 -9999 -9999 -9999 -9999 -9999 -9999 -9999 -9999 -9999 -9999 -9999 -9999 -9999 -9999 -9999 -9999 -9999 -9999 -9999 -9999 -9999
27.974951748 28.0810084691189 28.1468657331619 27.8555997903974 26.4174818930078 23.6602589093906 20.6266108200068 18.7943724914265 18.2977962348401 20.7723692489931 22.429096335717 24.7527953885099 27.039016115592 26.923756212007 26.8813248970343 27.1631025857212 27.1809541848206 26.8451187136142 26.9160422396744 26.8992144916796 27.0014508421916 27.330493040052 27.4387119310111 27.535652808 27.54820787 27.44820787 27.4613590330972 27.6047109218814 27.64820787 27.64820787 27.6301565208168 27.6 -9999 -9999 -9999 -9999 -9999 -9999 -9999 -9999 -9999 -9999 -9999 -9999 -9999 -9999 -9999 -9999 -9999 -9999 -9999 -9999 -9999 -9999 -9999 -9999 -9999 -9999
27.9103406050037 28.0220268316505 28.237445298 28.1606419907114 26.6369135927736 24.641810185075 23.4304926813701 21.7948460575756 20.793198459245 24.1633963260938 25.9986628089174 26.418904415503 26.9696519606149 26.6735105090007 26.3944667089276 27.2183805668089 27.4994900350742 27.5354425301171 27.51070142 27.4844147854254 27.4955279919205 27.51070142 27.5465557366121 27.642795648 27.6029957033038 27.61070142 27.618625291991 27.7 27.7 27.7 27.6832811546212 -9999 -9999 -9999 -9999 -9999 -9999 -9999 -9999 -9999 -9999 -9999 -9999 -9999 -9999 -9999 -9999 -9999 -9999 -9999 -9999 -9999 -9999 -9999 -9999 -9999 -9999 -9999
27.9144732674547 27.9776525970342 28.0967664400565 28.2096417396849 27.0692332154168 25.3236591724462 24.4041782471753 23.3553004911613 22.4376326162444 25.2496175341094 26.5262994768346 26.7017026039033 26.0909074802753 26.2151141641161 26.8495566462392 27.4708156584862 27.66249355 27.66249355 27.66249355 27.66249355 27.66249355 27.66249355 27.6123099182353 27.687444938 27.605412222 27.7 27.705545338912 27.76249355 27.76249355 27.76249355 -9999 -9999 -9999 -9999 -9999 -9999 -9999 -9999 -9999 -9999 -9999 -9999 -9999 -9999 -9999 -9999 -9999 -9999 -9999 -9999 -9999 -9999 -9999 -9999 -9999 -9999 -9999 -9999
27.907032096087 27.9211626898325 27.9601847864961 27.6124946762713 26.340438059545 24.71341518551 23.7847237842894 23.3212702327465 23.0221669070752 25.6737647988715 26.344491274 25.9716329013539 25.8804493622132 26.1145051337324 27.3157829372144 27.6091394552949 27.7260753866246 27.76963639 27.7336129715364 27.740997434383 27.76963639 27.76963639 27.689334292 27.6961878299391 27.7371472499608 27.76963639 27.7723306921807 27.8 27.8 27.8 -9999 -9999 -9999 -9999 -9999 -9999 -9999 -9999 -9999 27.3 27.291126782 27.183983942 27.1 -9999 -9999 -9999 -9999 -9999 -9999 -9999 -9999 -9999 -9999 -9999 -9999 -9999 -9999 -9999
27.97677923 28.0000452239235 28.1197539694756 27.982682477305 26.1803272592423 23.8437850719996 23.3932128394731 22.6626372144009 23.3232699174029 25.7608868702983 23.9639528715418 25.3967467145552 25.6072301519999 25.6665511347057 26.7205041171132 27.6535680276534 27.7854742607946 27.8342342447576 27.8647669543097 27.8220266782763 27.850686897414 27.8206081150339 27.7813532345182 27.77677923 27.871367008 27.87677923 27.87677923 27.87677923 27.8589978221689 -9999 -9999 -9999 -9999 -9999 -9999 -9999 -9999 -9999 27.3 27.22322077 27.2211603404566 27.183983942 27.1 27.069698262 -9999 -9999 -9999 -9999 -9999 -9999 -9999 -9999 -9999 -9999 -9999 -9999 -9999 -9999
28.0194360308297 28.0887940779855 28.0806159884022 28.0641465295362 27.1065155542388 23.9679269464048 22.8534338918771 22.670126329232 23.9392305266162 23.7442498362595 21.3842809887429 23.9970228925593 26.328341833519 27.1528080630723 27.6143186295827 27.861510148797 27.88392207 27.8910908810289 27.9 27.8905343473407 27.8945361434746 27.8882375057102 27.88392207 27.88392207 27.8991298267354 27.9824696995506 27.9 27.9 -9999 -9999 -9999 -9999 -9999 -9999 -9999 -9999 -9999 -9999 -9999 27.1985478309636 27.11607793 27.113502879406 27.0805645734092 27.0112060377756 27 -9999 -9999 -9999 -9999 -9999 -9999 -9999 -9999 -9999 -9999 -9999 -9999 -9999
28.023159618 28.1 28.0966542289229 28.135653048 27.9757832532516 26.374476171505 24.3553732911819 23.2604556739593 23.038221597448 22.0643160866445 21.2138872348622 23.2882562074405 25.9159292107796 27.555131062 27.914224288 27.99106491 27.99106491 27.9504609808154 27.9 27.9536131708195 27.99106491 27.99106491 27.99106491 27.9114332559107 27.9 27.9087804577241 27.9 27.9 -9999 -9999 -9999 -9999 -9999 -9999 -9999 -9999 -9999 -9999 -9999 -9999 -9999 -9999 -9999 27.0634706595618 27 27 -9999 -9999 -9999 -9999 -9999 -9999 -9999 -9999 -9999 -9999 -9999 -9999
28.023159618 28.1 28.1367741846466 28.1114288667099 27.8483915659999 27.3334589359503 25.9514421304466 23.7819641094404 21.8546562837918 21.9372416107569 22.7293860914637 27.2340926293531 27.6757323584911 27.8115009572069 27.923159378 28.0297591264979 28.061433801052 27.9992008733981 27.9474041561518 27.958873578 28 28.0718480611985 28.0193448663514 27.9984327680987 27.99820775 27.9965081490011 27.9 27.9 -9999 -9999 -9999 -9999 -9999 -9999 -9999 -9999 -9999 -9999 -9999 -9999 -9999 -9999 27.1 27.069698262 27 27 -9999 -9999 -9999 -9999 -9999 -9999 -9999 -9999 -9999 -9999 -9999 -9999
28.0190482042048 28.130302458 28.2020035443703 28.1981934046409 27.8899846021429 27.0808368179998 26.5398127762858 24.4726237792156 21.7058964495345 21.1412995767477 25.7871604901294 27.6964728791151 27.808873698 27.916016538 28 28.030302218 28.1020035315288 28.10535059 28.053619852 28.00535059 28.0678347401402 28.1 28.0239945380254 28.00535059 28.0002895858091 28 27.9995252176436 27.9794900784392 27.9 -9999 -9999 -9999 -9999 -9999 -9999 -9999 -9999 -9999 -9999 -9999 27.196477372 27.1044936364023 27.0987608623195 27.064347672 26.957204832 26.89464941 26.8918815359885 26.8924488780943 26.898181652177 -9999 -9999 -9999 -9999 -9999 -9999 -9999 -9999 -9999
27.9434258053369 28.117809028 28.224951868 28.1648833316186 27.9025685004752 27.2848463564801 26.0667703059996 23.6587820920385 21.6325674961359 21.8152227714256 26.7587589501936 27.6032454724674 27.7974888972481 27.9140155230365 27.98750657 28.017808788 28.124951628 28.1930771278251 28.1547322055405 28.11249343 28.11249343 28.11249343 28.11249343 28.1015685578824 28.017229479833 28.0122772164516 27.9922351412638 27.9104924450208 27.9 27.869698022 -9999 -9999 27.7 -9999 -9999 -9999 -9999 -9999 -9999 -9999 27.291126782 27.181982987005 27.064347672 26.957204832 26.8547401041412 26.7944295021434 26.742239195572 26.758873098 26.8577682829971 26.8966466107183 -9999 -9999 -9999 -9999 -9999 -9999 -9999 -9999
