catData/variables/futureClimate2070/rcp45/CNRM_CM5_2070_rcp45/bio11.asc
NCOLS 409 
NROWS 350 
XLLCORNER 60.897278365 
YLLCORNER 5.843756025 
CELLSIZE 0.0892857 
NODATA_value -9999 
[rows 52 to 77 of 350, columns 116 to 173 of 409]
14.9891070362826 15.246480132 15.16249787 15.1435588792128 15.1234031136447 15.16249787 15.1042961340792 14.8218354128239 14.3653788842989 14.2398920000677 14.5510981884206 15.1059377702329 15.3523516274761 15.298268182 15.2 15.2 15.2 15.2 15.2 15.2 15.2 15.2220792057777 15.2787615850799 15.3 15.380303058 15.4 15.494588738 15.5 15.508874418 15.5899895549176 15.5288165999399 15.5 15.5 15.455411382 15.4 15.4 15.375242167085 15.4630943980575 15.6907209032001 15.8577417723425 15.969592758 16.03750213 16.03750213 16.0314954070875 15.991314559945 15.9397695556051 15.83600519766 15.6552383275526 15.485753872 15.4301321028372 15.3672351727298 15.2277562897903 14.4547137708559 12.4932530249625 8.71405854679932 5.80468802613986 3.25294283481866 3.94206480589065
15.3 15.283982262 15.2 15.1908000974495 15.1810091280604 15.2310521644298 15.26964071 15.2875146745899 15.2398725597009 15.2598715923904 15.4076251602388 15.4658294466292 15.4037682741391 15.298268182 15.2 15.1888453006686 15.13035929 15.1514626383118 15.1739223271981 15.1614112872921 15.2360263217823 15.26964071 15.335658088 15.36964071 15.3940201482571 15.4 15.494588738 15.5 15.5026942102964 15.5254965641937 15.5 15.5 15.5 15.455411382 15.4 15.4 15.4459748036249 15.491851559885 15.660605636 15.7265478809046 15.824947788 15.93035929 15.9365393305659 16 15.9838713104538 15.9514623040364 15.9886318005265 15.925052332 15.817909492 15.692892905997 15.5532222604872 15.4579731690227 15.2055383864025 14.4533003734494 12.3857003009873 9.0289099739993 4.42022362603812 -0.513429071262772
15.3699690882567 15.2962812498661 15.27678355 15.27678355 15.27678355 15.2871355556426 15.3 15.345206144603 15.37678355 15.3937688111513 15.4186435750285 15.4903606990943 15.405411022 15.298268182 15.1931857225372 15.1194977555856 15.1 15.1070353221688 15.114522813954 15.144588858 15.2120102638003 15.2684224103225 15.366017378 15.4 15.4 15.4 15.494588738 15.5 15.5 15.5 15.5 15.5 15.4712478023265 15.4128645557963 15.4 15.4 15.4153268358352 15.4793912782876 15.5989462815896 15.6903603305333 15.7219600913439 15.8245458327789 15.9020602690983 15.92321645 15.9178395531474 15.9070352107298 15.92321645 15.9128646115158 15.8879898476386 15.7727039002385 15.5832929841157 15.5062313560071 15.5243723543898 15.3820000667581 14.9519244277556 14.1599108829445 12.2410364614065 7.74902079051831
15.391125102 15.3134431092631 15.3644885529815 15.3 15.3 15.337422020285 15.38392639 15.3933896922041 15.4 15.4 15.4 15.4140557511822 15.4008697465733 15.298268182 15.191125342 15.0865570921603 15.01607361 15.0415059733507 15.1 15.144588858 15.2 15.2094632636274 15.3374969901281 15.4 15.4 15.4 15.494588738 15.5 15.5 15.5 15.5 15.4745678380727 15.4414816113656 15.48392639 15.48392639 15.48392639 15.48392639 15.4956858395398 15.5129075617843 15.603519268 15.6954583217266 15.717804948 15.81607361 15.829516114993 15.9 15.9 15.9 15.9 15.9 15.8810736270518 15.735818984 15.4836517988894 15.698561352377 15.7537971445478 15.562602654 15.3320267124113 15.0548882077272 14.059456809625
15.3992074032719 15.39249973734 15.3979315820481 15.39106923 15.39106923 15.3950513797875 15.4 15.4 15.4 15.4 15.4 15.4796365245413 15.4049277760705 15.298268182 15.1830432592943 15.0075002840939 15.021091941482 15.0937755371299 15.1 15.144588858 15.2 15.2536165884227 15.3028609503784 15.3755572171989 15.4 15.4 15.494588738 15.5 15.5 15.5 15.5 15.497293714304 15.4944134263079 15.5 15.5 15.5 15.5 15.5 15.5 15.507809570591 15.603519268 15.610662108 15.70893077 15.724947788 15.80893077 15.80893077 15.80893077 15.8901433550282 15.99106923 15.99106923 15.979277595357 15.8203544860666 15.792963474181 15.9592717376858 15.792961944 15.6699000943808 15.4466427079998 15.0532478875587
15.4 15.4 15.4 15.4297616140986 15.4614353248807 15.4 15.4 15.4 15.4 15.4 15.4 15.4015634757351 15.4000967452856 15.298268182 15.1909666693272 15.09821207 15.0986261606312 15.1 15.1 15.144588858 15.2 15.258874538 15.3 15.373160218 15.4 15.4 15.494588738 15.4034885485975 15.5 15.5 15.5 15.5 15.5 15.5 15.5 15.5 15.4351632022154 15.40178793 15.40178793 15.40178793 15.496376428 15.503519268 15.60178793 15.617804948 15.70178793 15.7315488369717 15.8367760379924 15.8998064879735 15.952594230034 16 15.9351634379244 15.8991718401928 15.89821207 15.9872209508621 16.0895147424762 15.8878615024613 15.3837227344006 15.2451169288844
15.5 15.5 15.5 15.5 15.5 15.4577986080677 15.4543166492788 15.4442779133746 15.40535491 15.40535491 15.4813580386651 15.4172365239884 15.4002897553582 15.303623092 15.20535491 15.189337412 15.10535491 15.134035380091 15.2 15.2 15.2027701858694 15.2610767694772 15.3 15.373160218 15.4 15.4 15.494588738 15.5 15.5004752170969 15.5044972002496 15.5 15.5 15.5 15.5 15.5 15.441125702 15.4624819796755 15.421485112 15.39464509 15.39464509 15.39464509 15.396376428 15.4951202942451 15.516017018 15.621919668448 15.6962677722055 15.737445538 15.844588378 15.951731218 16 15.746537844418 15.396585516 15.6157743881021 15.1833481657319 15.3640838974812 15.9668810319193 15.8593669575732 15.391908151766
15.51249775 15.51249775 15.51249775 15.51249775 15.51249775 15.5069251160047 15.5064653282814 15.51249775 15.5042470331464 15.5 15.5 15.5 15.417232515998 15.3984846202841 15.3113886174298 15.2859843288563 15.21249775 15.21249775 15.21249775 15.21249775 15.2577641497132 15.3 15.308250686859 15.3765145868549 15.4 15.4 15.494588738 15.5002164082895 15.5191539628488 15.5734867888617 15.5028944911478 15.51249775 15.51249775 15.51249775 15.5060324817078 15.441125702 15.4 15.326840022 15.3 15.2890712602773 15.28750225 15.3015149597051 15.396376428 15.503519268 15.5903967111532 15.630302698 15.737445538 15.844588378 15.951731218 16 15.9422337288698 15.7021618571559 15.524620891116 15.3688240029123 15.0898690340284 15.423100997898 16.0139198795183 15.8819814851275
15.6 15.6 15.6 15.6 15.6 15.5641684639229 15.5612120701584 15.6 15.5469486316791 15.51964059 15.51964059 15.5024656525646 15.5 15.41964059 15.410765932 15.31964059 15.31964059 15.31964059 15.3122859711333 15.3 15.3 15.311563306623 15.3726917654583 15.4 15.4 15.417174890298 15.4956515417832 15.5013914858645 15.5732279800543 15.503145883973 15.5382519081082 15.6 15.6 15.6 15.548268542 15.441125702 15.4 15.326840022 15.2842280527582 15.2100885951606 15.1814222609207 15.2806994549981 15.308874178 15.416017018 15.523159858 15.630302698 15.737445538 15.844588378 15.951731218 16 16 15.8824185323713 15.6141453461044 15.6651134219074 15.6786596117096 15.5579017764179 15.5285241768824 15.7956956633964
15.62678343 15.62678343 15.62678343 15.62678343 15.62678343 15.62678343 15.6129278425981 15.6 15.6 15.6195948800561 15.6052754523925 15.5359749371589 15.52678343 15.5263195897382 15.4935022798132 15.42678343 15.420580297084 15.4 15.3725833100188 15.3148410044298 15.3138555231216 15.369889347327 15.4 15.4195948157759 15.42678343 15.4908083171213 15.5 15.5004637759815 15.52678343 15.5385107169156 15.6 15.6081161661872 15.62678343 15.61484106871 15.548268542 15.441125702 15.4 15.326840022 15.219697182 15.2 15.1307455461499 15.201731338 15.308874178 15.416017018 15.523159858 15.630302698 15.737445538 15.844588378 15.9378758234388 15.9889850621126 16 16.0195946872154 15.9091938435336 15.6820385716817 15.9305839725214 15.902404073421 15.629163660055 15.5589010773806
15.7 15.7 15.7078575202258 15.73392627 15.721222151406 15.7 15.6658187789621 15.63392627 15.63392627 15.6822661134857 15.6469406156984 15.63392627 15.6018357579335 15.5988557232506 15.5309154295653 15.5 15.4846971008028 15.43392627 15.4212222328291 15.370538478355 15.3681073324609 15.4 15.4 15.473160218 15.5 15.5 15.5320904306435 15.5350703881725 15.6 15.6 15.6 15.630302938 15.7 15.655411382 15.548268542 15.441125702 15.4 15.326840022 15.2469409328523 15.23392627 15.23392627 15.235657608 15.3397897704114 15.416017018 15.523159858 15.630302698 15.737445538 15.844588378 15.9 15.958874058 16.0223970710611 16.0822656377548 16.1 15.9266646518398 15.8055080066079 16.1649607219258 16.0780097416689 15.7810118567479
15.74106911 15.74106911 15.7547178447445 15.8 15.7779325868889 15.74106911 15.7198232634776 15.7 15.7 15.7300463489725 15.7080892602107 15.7 15.6442578734227 15.6 15.5947700850561 15.54106911 15.5315573653104 15.5 15.477932728323 15.44106911 15.44106911 15.44106911 15.44106911 15.4841830775933 15.5 15.5359132520401 15.5968110951432 15.6 15.6 15.6 15.6095116461237 15.6589269010595 15.6846213522428 15.6326544205739 15.548268542 15.441125702 15.4 15.3568861738408 15.3080894573425 15.3 15.3 15.3420894028923 15.4036445459244 15.457086128 15.564228968 15.6589267596254 15.737445538 15.826276327992 15.8801764408248 15.958874058 16.066016898 16.1300460532749 16.14106911 16.14106911 15.8961508917251 15.9830986521674 16.3201511474341 16.0790337572989
15.84821195 15.84821195 15.84821195 15.84821195 15.84821195 15.8267146763668 15.7732090380826 15.74821195 15.74821195 15.7861003245693 15.7584124878801 15.74821195 15.7026087592211 15.64821195 15.64821195 15.640489601873 15.5880057125764 15.54821195 15.54821195 15.54821195 15.54821195 15.54821195 15.54821195 15.54821195 15.54821195 15.5934984753792 15.6 15.6008348275196 15.64821195 15.64821195 15.6490401782646 15.65178805 15.6323956117665 15.6 15.5732092866652 15.489337652 15.44821195 15.4129400979866 15.3584127364627 15.34821195 15.34821195 15.4008347118109 15.457086128 15.564228968 15.660205988841 15.7 15.737445538 15.8214969265072 15.8750025390435 15.958874058 16.066016898 16.173159738 16.2387154387541 16.24821195 16.1502411213057 15.8552601535912 16.2767556427581 16.4632447920039
15.9049126811506 15.9464882047673 15.9 15.9 15.9 15.8800931035608 15.8267186843572 15.8325900097249 15.85535479 15.8148569721111 15.8 15.8 15.757770552135 15.75535479 15.7504422417009 15.6928489543812 15.65535479 15.65535479 15.6346266253727 15.6 15.6286359727913 15.6227649131266 15.6 15.6 15.6 15.6484054932015 15.65535479 15.6561278566344 15.7 15.7 15.6896601256117 15.65535479 15.6346267582242 15.6 15.6 15.5737154460219 15.5188111418961 15.467337574186 15.45535479 15.45535479 15.45535479 15.457086128 15.564228968 15.6625056213218 15.7 15.7167739948422 15.7720724290757 15.844588378 15.9286357070883 15.9816392368296 16.066016898 16.173159738 16.280302578 16.3 16.3523591315806 16.1764031633496 16.1849880307662 16.5247546353067
15.9658259270851 15.9939929686296 15.96249763 15.96249763 15.9390946062263 15.9 15.8805992972031 15.8845770670822 15.9 15.8725630943471 15.86249763 15.86249763 15.86249763 15.8 15.7966717929206 15.76249763 15.76249763 15.7435588619353 15.6859568557794 15.66249763 15.6818982427912 15.6779206529234 15.66249763 15.66249763 15.66249763 15.6952919142178 15.7 15.7 15.7 15.7 15.7 15.7 15.662554222 15.6 15.6 15.6 15.5752420086438 15.56249763 15.56249763 15.56249763 15.56249763 15.564228968 15.665825657068 15.7 15.7144743623614 15.7738618599239 15.8234025737907 15.8792193284946 15.951731218 16 16.066016898 16.1274366356358 16.217804948 16.2921536837936 16.394588258 16.4611992244459 16.388602763187 16.4440468986953
16.06964047 16.06964047 16.0535113346261 16 15.9886314920686 15.96964047 15.96964047 15.96964047 15.96964047 15.96964047 15.96964047 15.9087425685 15.9 15.8684344238052 15.8 15.8 15.8 15.7908000975841 15.76964047 15.76964047 15.7336142723738 15.7 15.7459748123209 15.76964047 15.76964047 15.76964047 15.76964047 15.7 15.7 15.7 15.7 15.7 15.6886316377944 15.66964047 15.66964047 15.6286401321636 15.6459746451838 15.66964047 15.66964047 15.6087429027742 15.6 15.6701660960795 15.7 15.7111543266152 15.7766716940375 15.8211029413099 15.8810087593428 15.9 15.951731218 16 16.066016898 16.1 16.180302578 16.287445418 16.394588258 16.5012055447834 16.5731262362614 16.6074924875658
16.1 16.1 16.0946228804035 16.07678331 16.0480308336365 16 16.0397214943236 16.07678331 16.0260927977164 16 16 15.9796979012236 15.97678331 15.8995979291836 15.87678331 15.87678331 15.87678331 15.87678331 15.87678331 15.87678331 15.8647729220436 15.8083608009764 15.7921103599964 15.8 15.8 15.8 15.8 15.77678331 15.77678331 15.77678331 15.77678331 15.77678331 15.77678331 15.77678331 15.77678331 15.717909012 15.6921103042763 15.7 15.7 15.6796980126637 15.67678331 15.7013293786237 15.77678331 15.7805019314163 15.8177829055637 15.8838185934563 15.9 15.9342364325037 15.9887935865163 16.0452054504637 16.0921102485563 16.1 16.180302578 16.287445418 16.4672162533637 16.5030602923438 16.685657248 16.7730647443038
16.18392615 16.18392615 16.1644883685668 16.1 16.0939809446585 16.08392615 16.0922414641162 16.1 16.0893884271091 16.08392615 16.08392615 16.0105359730529 16 15.98392615 15.98392615 15.9704832806023 15.9194375800104 15.958493859377 15.9314270012357 15.9465044381516 15.9 15.8905365950737 15.88392615 15.88392615 15.88392615 15.8105361744757 15.8 15.8 15.8074479573623 15.88392615 15.88392615 15.8584940607997 15.8 15.8 15.8 15.7905366336509 15.78392615 15.78392615 15.78392615 15.78392615 15.78392615 15.7842044426731 15.8 15.8134424665522 15.8876488308351 15.9 15.9 15.944588378 16 16.058874058 16.1 16.1 16.180302578 16.287445418 16.4097922327085 16.5020093520959 16.624947788 16.7295161151295
16.2 16.2 16.1979315264628 16.19106899 16.19106899 16.19106899 16.19106899 16.1374523243106 16.1 16.1 16.1 16.0921901766706 16.09106899 16.09106899 16.0829869285934 15.9985694756519 15.9931374421028 15.9972936201425 15.9944132976122 15.9960177646331 15.99106899 15.99106899 15.9309476306309 15.9 15.9 15.892190198105 15.89106899 15.89106899 15.891861565159 15.8854132449137 15.80893101 15.8338212311538 15.8569674981778 15.8 15.8 15.8 15.8 15.8 15.8 15.8 15.8 15.8 15.8080816242754 15.8924994714793 15.9 15.9275963610114 15.99106899 15.995051182498 16.0471110977473 16.0963270380074 16.1 16.1666258344833 16.271371568 16.378514408 16.3995166767808 16.501731098 16.608873938 16.716016778
16.2894956302636 16.2 16.2 16.2 16.2 16.2 16.2 16.1989472188822 16.19821183 16.19821183 16.19821183 16.19821183 16.1053142637279 16.1 16.099841306028 16.09821183 16.09821183 16.09821183 16.09821183 16.09821183 16.09821183 16.0403900688261 15.9988194970518 15.99821183 15.99821183 15.9123296133143 15.9 15.9 15.9 15.8997135841976 15.89821183 15.8987536980464 15.8993304058315 15.89821183 15.89821183 15.89821183 15.89821183 15.89821183 15.89821183 15.89821183 15.89821183 15.89821183 15.8983705153887 15.9157306064892 15.99821183 15.9987536937548 16.0367759481231 16.09821183 16.0991368721209 16.1578212897571 16.19821183 16.271371568 16.299647776609 16.387445418 16.4928968591469 16.599942928 16.6983705110971 16.716016778
16.3 16.3 16.3 16.3 16.3 16.3 16.3 16.2442777720751 16.20535467 16.20535467 16.20535467 16.2006722178824 16.2 16.2 16.1916005506495 16.10535467 16.10535467 16.1037320348186 16.1 16.1023875862027 16.10535467 16.1022021327761 16.1 16.1 16.019696942 16 16 16 16 15.9848404133089 15.90535467 15.9037320476698 15.9 15.9023875733515 15.90535467 15.90535467 15.90535467 15.90535467 15.90535467 15.90535467 15.90535467 16.0000927074365 16.00535467 16.00535467 16.0272743940316 16.101622609479 16.10535467 16.10535467 16.157085888 16.20535467 16.2678365809679 16.3039174625428 16.385657248 16.488117674436 16.5050648890746 16.607085768 16.7137534379041 16.816016778
16.3 16.3 16.3028944955516 16.31249751 16.31249751 16.3069249830185 16.3 16.307357881268 16.31249751 16.3033542744454 16.3 16.2234824518412 16.2006762430156 16.2 16.2 16.2 16.2 16.1734839647009 16.11249751 16.1515138710126 16.2 16.148483313274 16.1042469815827 16.1 16.0297328247038 16.01249751 16.01249751 16 16 16 16 15.9734841747068 15.91249751 15.9515136610066 16 16 16 16 16 16 16.0118212069964 16.0140124738603 16.1 16.1 16.1028944055695 16.1390131252872 16.2046797598561 16.21249751 16.2577636138573 16.307357791286 16.31249751 16.3765141024275 16.480302578 16.5109284998591 16.607085768 16.701731098 16.8011090212889 16.8265125895678
16.31964035 16.31964035 16.3382521094188 16.4 16.4 16.364168356909 16.31964035 16.3669519155391 16.4 16.326839542 16.3 16.3 16.2239886283406 16.21964035 16.21964035 16.21964035 16.21964035 16.2136886997797 16.2 16.2 16.2 16.2 16.133982622 16.1 16.1 16.1 16.1 16.0193002620203 16 16 16 16 16 16 16 16 16.0129659969632 16.01964035 16.01964035 16.01964035 16.0956513359331 16.11964035 16.11964035 16.11964035 16.142800208 16.21964035 16.2497314532774 16.3087573134985 16.31964035 16.3669513369496 16.4129659498263 16.41964035 16.499942928 16.5899111818459 16.694588258 16.721371448 16.826771415518 16.9031457512579
16.4 16.4 16.4062031416108 16.42678319 16.42678319 16.42678319 16.42678319 16.42678319 16.4091015659376 16.346434246471 16.32678319 16.32678319 16.32678319 16.3263193538946 16.302376916514 16.3224931930774 16.3 16.2778129797398 16.22678319 16.214840871443 16.2138553989656 16.2110147106258 16.1516641817827 16.12678319 16.12678319 16.12678319 16.1014493085829 16.0987321938257 16.02678319 16.02678319 16.0205801769485 16 16 16.0119422542773 16.02678319 16.02678319 16.0751188324969 16.1 16.1215076563203 16.12678319 16.12678319 16.2 16.2023767879547 16.22678319 16.2437400992281 16.3081160291805 16.32678319 16.3594293780024 16.4138552704063 16.42678319 16.4751186567766 16.519594511632 16.5855781759594 16.6234206724492 16.721371448 16.801731098 16.902376723675 16.9385101639164
16.430915129442 16.4054341825992 16.4492291433596 16.5 16.5 16.5 16.5 16.5 16.456379538888 16.43392603 16.4066823090295 16.4 16.4 16.3988557190942 16.3397898688645 16.3894166031767 16.33392603 16.3236453647408 16.3 16.2705383713417 16.250556705234 16.2271732254242 16.2 16.2 16.2 16.2 16.105411262 16.1 16.1 16.1 16.0846972037955 16.03392603 16.03392603 16.0633875000807 16.1 16.1 16.122396994043 16.13392603 16.1869852898745 16.2 16.232090122208 16.23392603 16.2397895517095 16.3054339383318 16.33392603 16.3539482255857 16.4 16.4151270664968 16.468106899462 16.5199736305793 16.53392603 16.607085768 16.63392603 16.6917046892557 16.794588258 16.8350698351732 16.908873938 17
16.4947699223222 16.457086608 16.54106887 16.54106887 16.54106887 16.54106887 16.54106887 16.54106887 16.5139561802865 16.5 16.4526763590613 16.44106887 16.44106887 16.4403576319169 16.4 16.4 16.4 16.3821419947787 16.34106887 16.3227567298735 16.2695139258004 16.24106887 16.2139562788518 16.2 16.2 16.2 16.1442577878439 16.14106887 16.1374242468083 16.1 16.1 16.1 16.1 16.1183120415612 16.14106887 16.14106887 16.1799735154171 16.2 16.2329794599308 16.24106887 16.2968109407214 16.34106887 16.34106887 16.3505078796997 16.4095114919742 16.44106887 16.44106887 16.4673453050041 16.5212454266698 16.5757640176563 16.6271123940177 16.6841827303084 16.7329793613655 16.74106887 16.835657128 16.9 16.908873938 17.006577909735
