catData/variables/futureClimate2070/rcp45/CNRM_CM5_2070_rcp45/bio10.asc
NCOLS 409 
NROWS 350 
XLLCORNER 60.897278365 
YLLCORNER 5.843756025 
CELLSIZE 0.0892857 
NODATA_value -9999 
[rows 208 to 233 of 350, columns 116 to 173 of 409]
-9999 -9999 -9999 -9999 -9999 -9999 -9999 -9999 -9999 -9999 -9999 -9999 -9999 -9999 -9999 -9999 -9999 -9999 29.79287636 29.9122893793101 30.1844869351029 30.3273402639306 30.6152105323462 29.9866332410759 28.3301666195049 28.0272553125475 28.5844988449695 29.0006561600747 29.856740975512 30.0277436737977 30.3804123979974 30.476701326 30.662235796895 30.8181387046568 31.086986560626 31.364186776 31.5631438773124 31.7525519648642 31.9419600524161 31.97678091 31.97678091 31.9754515729284 31.926622534 32.232034036 32.4177823497271 32.507083608 32.5480298851692 32.5135293311479 32.4665999939345 32.230501466 31.9043701398473 31.83397405082 32.007043336 32.133883598 32.241026438 32.348169278 32.4621256083493 32.639235868
-9999 -9999 -9999 -9999 -9999 -9999 -9999 -9999 -9999 -9999 -9999 -9999 -9999 -9999 -9999 -9999 -9999 -9999 29.8574929424062 29.6235791562738 29.7974176025014 30.1470481901696 30.4907588807308 30.4270249662689 28.3829239610848 28.1061056092911 28.4802865019709 28.7984241125069 28.7015435056237 28.6782692228784 29.0544041137265 29.4883073498595 29.8764097313428 30.2230551762988 30.6307220614833 30.8832345586645 31.1392998917046 31.4720235530368 31.7762275222213 32.0523155262174 32.0045415354097 31.9997216657748 31.9956511980815 32.1346682038562 32.2941856006566 32.5557338585128 32.646478212 32.628512128 32.6756073100663 32.5900439605015 32.3824351208705 32.1807457087604 32.0941213515872 32.171369168 32.278512008 32.217807348 32.3338241260001 32.532093028
-9999 -9999 -9999 -9999 -9999 -9999 -9999 -9999 -9999 -9999 -9999 -9999 -9999 -9999 -9999 -9999 -9999 -9999 -9999 29.8197222260022 29.9772819647292 30.208815666 30.6152558769521 30.0361921020775 28.7787670122083 27.7645618577546 27.937366674 28.529489941189 28.7136669112748 28.9688269386232 28.7036427885108 29.1666744243064 29.7269177082472 30.2654377779408 30.5994602457264 30.8161630411501 31.0348960292156 31.328413344 31.649841864 31.971270384 32.0866219513216 32.183709850478 32.2659111254097 32.1924974558877 32.2483886810706 32.4971344397466 32.7307552111275 32.7861164426191 32.79106659 32.7858071290152 32.7703380596648 32.6845709626495 32.2825150941332 32.1988784477162 32.380726559101 32.3807113741637 32.3177478760001 32.516016778
-9999 -9999 -9999 -9999 -9999 -9999 -9999 -9999 -9999 -9999 -9999 -9999 -9999 -9999 -9999 -9999 -9999 -9999 -9999 -9999 29.7968403915893 29.8423426223699 30.5947997625391 30.7400991297611 30.2719517152063 29.4686521359684 28.7225853496602 28.6033731588839 28.9406320473337 29.4089247467006 29.5082890613004 29.6514902419509 29.9457523877343 30.3327736744174 30.603462916 30.8755687084823 31.130243706 31.2021393718542 31.444489594 31.765918114 31.9910644627313 32.1052222451812 32.308556381262 32.39641886 32.3745030824082 32.4224587709805 32.7742205874302 32.89820943 32.89820943 32.89820943 32.9630442492295 32.923259122 32.8103647865164 32.2739787005263 32.2962819269713 32.496478332 32.3985272181433 32.417807348
-9999 -9999 -9999 -9999 -9999 -9999 -9999 -9999 -9999 -9999 -9999 -9999 -9999 -9999 -9999 -9999 -9999 -9999 -9999 29.6601841741401 29.6023980795424 29.48950315094 30.1175139697778 30.5674140675998 30.840909174 31.0421294120458 29.2653480880001 28.3622190380001 28.9676784747509 29.2130786406843 29.720915957909 30.0620389841194 30.3594950734265 30.6284135840001 30.898110646 31.0598242507791 31.233853130528 31.446319956 31.5085960472739 31.598150198 31.705293038 32.0035553418844 32.2226256560332 32.4 32.3780797201318 32.3643357837858 32.6103324277033 32.8862109763792 33 32.9474281390882 33.0392049333734 33.032192532 32.925049692 32.5602509128738 32.3063401671307 32.4911192110389 32.5951226871214 32.5856977444077
-9999 -9999 -9999 -9999 -9999 -9999 -9999 -9999 -9999 -9999 -9999 -9999 -9999 -9999 -9999 -9999 -9999 -9999 -9999 29.7334460042903 29.6327425511399 29.5956797611447 29.9265841820001 30.42831576 30.7733219777086 30.3987263111455 28.4930625605572 27.4362842583034 28.0683496269096 28.1140893259574 28.8427831190668 29.4417091317452 30.0216160123029 30.483785414 30.7599463785817 31.0317811557032 31.2242856120119 31.408834626 31.6331542314422 31.7733818691573 31.9057312617449 32.0174727914125 32.308874178 32.4020013440178 32.4096012602671 32.4265163425519 32.562395966 32.821270024 33.0004326351869 33.0640127896914 33.1577680139763 33.1234865417388 33.019697422 32.759516548338 32.2756867437684 32.3280198108014 32.5077651296856 32.603521668
-9999 -9999 -9999 -9999 -9999 -9999 -9999 -9999 -9999 -9999 -9999 -9999 -9999 -9999 -9999 -9999 -9999 -9999 -9999 -9999 29.5469080220504 29.4134113143352 29.670360481366 30.0992360378156 30.1387307524859 29.721957112821 27.711707094889 26.9156155478909 27.8745483477697 28.6594836858219 28.7662734579999 28.7018859129351 29.4713694638747 29.957024304 30.3292478132816 30.5929499751836 30.7619662634481 31.0126797656989 31.3388505812474 31.6282191697856 31.944489594 32.0645267752908 32.2909789346386 32.416017018 32.4813882633341 32.4255887786819 32.5068134399703 32.7358905972451 32.9939834367252 33.1 33.1129643654208 33.1052708772314 33.0512369822327 32.9346579945358 32.6915987604358 32.5585738978403 32.5375332404925 32.535654728
-9999 -9999 -9999 -9999 -9999 -9999 -9999 -9999 -9999 -9999 -9999 -9999 -9999 -9999 -9999 -9999 -9999 -9999 -9999 -9999 29.5551956674048 29.32678079 29.6875251072687 29.8980234137306 29.6504283079796 29.0456003509209 27.7246788917006 27.2530983178571 27.6042671550069 28.4463397575425 29.0239960184642 28.9413196610519 29.1368090651701 29.2156803290971 29.5681875726909 29.8176893587795 29.9492712523672 30.3658646999277 30.7710766538947 31.2999621880332 31.700524638027 31.851632434 32.1689399259488 32.416017018 32.5062023929353 32.557083488 32.664226328 32.7594280481234 32.941339625143 33.1047530856749 33.1751178411821 33.1464330177983 33.1855777032212 33.0485277377591 33.02678079 32.878611272 32.7690919212994 32.6652889383191
-9999 -9999 -9999 -9999 -9999 -9999 -9999 -9999 -9999 -9999 -9999 -9999 -9999 -9999 -9999 -9999 -9999 -9999 -9999 -9999 29.4 29.3800276195647 29.6301458820001 30.1331730469845 30.2692693388238 29.8901697351122 28.1668602320033 28.1924556095444 27.817709144181 28.462179918 29.0512701559064 29.3241804051325 29.339216668 29.2528789582075 28.999482720811 29.1701491129442 29.6864047296318 30.160487172 30.4556945268579 30.8484563891741 31.3390837479159 31.705194014 32.0294758253795 32.3536033119233 32.4970928925365 32.630302698 32.7501484237626 32.83392363 32.9198369590112 33.117748116 33.222395328215 33.23392363 33.23392363 33.146478212 33.1660114006674 33.166116162 33.0500993839999 32.8624137874934
-9999 -9999 -9999 -9999 -9999 -9999 -9999 -9999 -9999 -9999 -9999 -9999 -9999 -9999 -9999 -9999 -9999 -9999 -9999 -9999 -9999 29.4063696264854 29.5919804385377 30.0919442500923 30.396340236 30.2139702908104 29.3848099614265 28.4307222842003 27.5829065323549 28.1546823151597 29.0062894553029 29.4265695088287 29.6042010588114 29.4260900551311 29.2651549484007 29.482014476 29.8248141671419 30.251573442 30.6328195166632 30.8077325347266 31.1238650876907 31.5827056034004 31.9392597276461 32.190967566 32.405253246 32.589236228 32.733824606 32.8955552757497 32.9715535028794 33.0935706186337 33.2520612376121 33.3 33.3 33.2484653283493 33.2579666108098 33.3400462728408 33.2607408509133 33.0316272173323
-9999 -9999 -9999 -9999 -9999 -9999 -9999 -9999 -9999 -9999 -9999 -9999 -9999 -9999 -9999 -9999 -9999 -9999 -9999 -9999 -9999 29.59641862 29.6648003311722 29.9900207265846 30.2957382861708 30.5585450201474 30.5470428642175 28.9238489939997 27.7275147472627 27.7445714248745 28.8926737557646 29.4548122246805 29.7 29.4754600221526 29.3553183941811 29.7064786544995 29.914226448 30.0292296984603 30.4188781564684 30.8538136306936 31.2295597626755 31.4526306636893 31.730203914 32.0433371098604 32.298110406 32.4967021096172 32.674891076 32.889176756 33.0249392632524 33.0787005908692 33.2002075049908 33.3223302997752 33.34820931 33.34820931 33.253621052 33.4 33.3776562502795 33.14820931
-9999 -9999 -9999 -9999 -9999 -9999 -9999 -9999 -9999 -9999 -9999 -9999 -9999 -9999 -9999 -9999 -9999 -9999 -9999 -9999 -9999 29.7 29.6634579619034 29.8889616791769 30.3083995122375 30.5938697381106 30.5911324744226 28.6984652735633 27.8841510526519 27.8266712646076 28.6023310205555 29.4691033193923 29.6724439771711 29.4543121128731 29.4643525564587 29.7952515605192 30.021369288 29.909032194 30.0790688949057 30.6195748917847 31.2145949572957 31.501731338 31.626622534 31.948051054 32.2335002366601 32.388480051149 32.5849136863621 32.833824606 33.0250134093842 33.1325880568953 33.1848272755937 33.346319476 33.4 33.4484029189395 33.360763892 33.4009581999616 33.4425161894726 33.2929730380325
-9999 -9999 -9999 -9999 -9999 -9999 -9999 -9999 -9999 -9999 -9999 -9999 -9999 -9999 -9999 -9999 -9999 -9999 -9999 -9999 -9999 -9999 29.6139625044412 29.7295469169231 30.1513299019333 30.4342495184211 29.9068382821035 28.0896886549794 28.229113149925 28.4079717588585 28.6468454342838 29.45151469 29.7204220936496 29.5317536652795 29.650018933504 30.001612874 30.1497497142086 29.9704537130649 29.9301175799212 30.4621789580001 31.0459229256337 31.44140034702 31.6835716073464 31.9380412202026 32.1461911170589 32.205312718 32.387346634 32.6920522783723 32.940967446 33.096379068 33.2200195176068 33.3630932950529 33.4 33.487445418 33.4645246643783 33.402812947522 33.553621052 33.4404711178094
-9999 -9999 -9999 -9999 -9999 -9999 -9999 -9999 -9999 -9999 -9999 -9999 -9999 -9999 -9999 -9999 -9999 -9999 -9999 -9999 -9999 29.9231233633715 29.7871965954621 29.7755525792846 30.1212122320001 30.5232331197913 30.1507068065408 27.8281675599044 27.767324666722 28.4835099182769 28.938777796654 29.5000502115505 29.8668599309033 29.7962224459934 29.8125883267786 30.1339009868902 30.1080541953374 29.7902973848923 29.6351653701159 30.2679131453209 30.8995362074367 31.335556184 31.6357509560209 31.7342744497659 31.96072434 32.0121291793187 32.242698784 32.5330769251286 32.764186776 32.919598398 33.0467854007995 33.2151931019769 33.3166453127533 33.417807588 33.562100590612 33.403462196 33.591126062 33.5062906952702
-9999 -9999 -9999 -9999 -9999 -9999 -9999 -9999 -9999 -9999 -9999 -9999 -9999 -9999 -9999 -9999 -9999 -9999 -9999 -9999 -9999 -9999 29.8940573288551 29.8561729055539 30.0746784500743 30.3387198292562 30.4709839811238 28.24976915643 27.648887233609 27.984612160032 28.844456671583 29.3374033396521 29.8643077832351 29.9112923496441 29.8957181999469 30.2040783784622 30.2461231957425 29.9938748192803 29.7035057786214 29.9502784314102 30.2699055779706 30.9226199969164 31.3133182799762 31.5343764627967 31.6106596141434 31.7535300005525 32.058775274 32.335615416 32.5896206717796 32.7368894918114 32.8631437745976 33.0133662689933 33.1883980954157 33.310664748 33.512395846 33.4789137173573 33.5979395310518 33.5804996585392
-9999 -9999 -9999 -9999 -9999 -9999 -9999 -9999 -9999 -9999 -9999 -9999 -9999 -9999 -9999 -9999 -9999 -9999 -9999 -9999 -9999 -9999 30.0681601684827 29.8179376336537 29.960152240911 30.190968286 30.405253966 28.6338366798558 27.6756582746215 28.3132146988064 28.5797433963222 29.197894118 29.7972854132444 30.1461675277166 30.2368074706889 30.385595616 30.5232509194112 30.4550874389057 30.2461020394945 30.0848825138552 29.9394960656885 30.6376253323805 30.974852004 31.2347874262971 31.1680292522554 31.271290544 31.686995893484 32.1587498678697 32.3844408361773 32.398820294047 32.5517434539947 32.7827874280364 32.992758136 33.1929856621198 33.405253006 33.5002782997969 33.5235238102449 33.6
-9999 -9999 -9999 -9999 -9999 -9999 -9999 -9999 -9999 -9999 -9999 -9999 -9999 -9999 -9999 -9999 -9999 -9999 -9999 -9999 -9999 -9999 -9999 29.8739834681847 29.8857173962821 30.1634592335334 30.4753159872076 30.2338112466459 29.330690172873 28.5166906578454 29.1409450525699 29.2535672096825 29.60509619 30.0882549898561 30.4413298518072 30.6373329717233 30.6880304400489 30.617906372 30.430460714 30.3754421719482 30.4424369319453 30.6020406813545 30.7121642740116 30.6521709956714 30.6657590873458 30.9094293770604 31.533606878 32.042698784 32.2135551359569 32.158993242 32.315917994 32.6308106790662 32.9426674327405 33.0952574855852 33.2119720919108 33.2283773977635 33.326741238 33.4324531951122
-9999 -9999 -9999 -9999 -9999 -9999 -9999 -9999 -9999 -9999 -9999 -9999 -9999 -9999 -9999 -9999 -9999 -9999 -9999 -9999 -9999 -9999 -9999 30.0242194610001 29.9189914723859 30.2482176021141 30.674870237421 30.1829267210876 28.9914067843501 28.84232272729 29.2155175332451 29.653442636 29.832964868948 30.0345643514301 30.306180138123 30.578095860368 30.764834896491 30.796899033798 30.47808324979 30.228240655176 30.5768539111569 30.7964493849741 30.789335012 30.6510186390802 30.426741478 30.685397808 31.2547049288781 31.640928374 31.8579680501749 32.0777773139277 32.3962598840001 32.717688404 32.8813879011942 32.9033567912901 32.998169878 33.005312718 33.1037405353691 33.1528491038758
-9999 -9999 -9999 -9999 -9999 -9999 -9999 -9999 -9999 -9999 -9999 -9999 -9999 -9999 -9999 -9999 -9999 -9999 -9999 -9999 -9999 -9999 30.1205245808758 29.959031594 29.8293468157551 30.1558075213053 30.489118244 29.8851010882958 28.4218128774589 28.3944278830933 28.9612750390352 29.599803632 29.990929214 30.2725419084239 30.4872214896968 30.6406171480913 30.8230447000618 30.8293190799411 30.6490442249102 30.4311326261501 30.415476839579 30.801731338 30.8901759246624 30.7455310640423 30.5354973803557 30.6541181580489 30.8574911488548 31.0808590793671 31.3960355013866 31.8751632427537 32.2141589201861 32.4263478548743 32.47859188 32.566037298 32.6782425299446 32.691027038 32.8070438160001 33.0221867187636
-9999 -9999 -9999 -9999 -9999 -9999 -9999 -9999 -9999 -9999 -9999 -9999 -9999 -9999 -9999 -9999 -9999 -9999 -9999 -9999 -9999 -9999 -9999 30.066174434 29.9924273445937 30.2279903214492 30.5935565633909 30.1697148825201 29.111411780107 28.6375582395647 28.9578954925479 29.271191232 29.662316814 30.0171913722923 30.2314535184262 30.3478769390015 30.6725607808584 30.873159978 30.819697182 30.5485892472877 30.701671866 30.8137935511353 30.8631002300093 30.644528906 30.766175154 30.5556757567216 30.5607355781183 30.921270264 31.190967566 31.5156451249892 31.8565635028338 32.023180258 32.0801216281832 32.1640243567 32.364186776 32.4644627864447 32.5927581360001 32.8210593184107
-9999 -9999 -9999 -9999 -9999 -9999 -9999 -9999 -9999 -9999 -9999 -9999 -9999 -9999 -9999 -9999 -9999 -9999 -9999 -9999 -9999 -9999 -9999 30.1876842654462 29.9944389856512 30.0291866561439 30.6456713998166 30.811659904532 30.2026590709418 28.6496758912961 29.0313096207144 29.5527772174295 29.9755698675456 30.2085010529917 30.4131360754016 30.539236588 30.712396566 30.853522268 30.8158291065207 30.6594533334513 30.7913023861388 30.8789709471355 30.7928685073405 30.7485263704545 30.8627764155009 30.7149234779554 30.6816517756793 30.8358905712694 31.0635070728594 31.3061475272247 31.4745018510197 31.6037049823704 31.8346858418295 31.8993460175951 32.1281379016001 32.2027822999899 32.37498717958 32.556628044415
-9999 -9999 -9999 -9999 -9999 -9999 -9999 -9999 -9999 -9999 -9999 -9999 -9999 -9999 -9999 -9999 -9999 -9999 -9999 -9999 -9999 -9999 -9999 30.3392446495232 30.2034662908015 30.1966379424368 30.578354952 30.8948052659999 30.4485028402009 28.8971673097873 28.9568727597497 29.3206069181497 29.8384406352007 29.9348139677245 30.2681209550246 30.458874298 30.6143545233494 30.746379428 30.77321945 30.77321945 30.7225568099977 30.7469025618388 30.77321945 30.780657576972 30.8258606873516 30.8464389 30.8290496040537 30.8326473651355 30.9009272594042 31.0129950729206 31.0908991383773 31.2802940535701 31.3679443720526 31.4840832318903 31.8276905205443 32.1473660951309 32.1976235105969 32.2255591652407
-9999 -9999 -9999 -9999 -9999 -9999 -9999 -9999 -9999 -9999 -9999 -9999 -9999 -9999 -9999 -9999 -9999 -9999 -9999 -9999 -9999 -9999 -9999 30.348341791923 30.1796504750945 30.1027108359298 30.476584782 30.7947973258742 30.4195011365713 28.5712266742027 28.7607604891069 29.4412349061608 29.8282652886905 30.0364564267798 30.269539526 30.4049787502797 30.4309846044282 30.5283613726608 30.56430644 30.5346419083986 30.4053813041434 30.499373839458 30.5673168620122 30.571345781035 30.4378296900944 30.5139347821153 30.6823015538933 30.7963283887272 30.9198368431661 31.0199720763042 31.099940288 31.207083128 31.286984611285 31.4748908360001 31.689176516 32.003462196 32.1941364025961 32.1925570679337
-9999 -9999 -9999 -9999 -9999 -9999 -9999 -9999 -9999 -9999 -9999 -9999 -9999 -9999 -9999 -9999 -9999 -9999 -9999 -9999 -9999 -9999 -9999 30.3 30.219696942 30.0094837731965 30.2827993545976 30.5992889061959 30.3798597698138 28.5053159199701 28.5072864637743 29.2693911062158 29.6296246573188 29.8333225295783 30.0165317474261 30.05360262 29.9215683439999 29.9999225759999 30.1525346398091 30.089355652 30.1544891702844 30.2596447652452 30.3015855973038 30.2895492423531 30.127417252554 30.1838692473725 30.4312487329607 30.5610901418627 30.7888881899313 31.0082074362058 31.1931275491716 31.314225968 31.3740434713774 31.5211127595197 31.6137112512502 31.9220406326862 32.1662221535783 32.2759615902159
-9999 -9999 -9999 -9999 -9999 -9999 -9999 -9999 -9999 -9999 -9999 -9999 -9999 -9999 -9999 -9999 -9999 -9999 -9999 -9999 -9999 -9999 -9999 30.3 30.219696942 30.112554102 30.2435771250854 30.5999379773003 30.453473844314 28.8752729012722 28.369216683145 28.8060865637774 29.3122120846719 29.4748451979364 29.5571017015985 29.6121382930697 29.5834091505408 29.623989535988 29.9314126257416 29.9968678189544 30.1399949007872 30.2964801541033 30.291125822 30.2 30.2111651521551 30.2639031191093 30.2612132152526 30.2442007045525 30.458775514 30.8674607278331 31.183824726 31.2896810386958 31.5000238161195 31.635654488 31.599220931511 31.7561496777535 32.0341638649467 32.3719473877178
-9999 -9999 -9999 -9999 -9999 -9999 -9999 -9999 -9999 -9999 -9999 -9999 -9999 -9999 -9999 -9999 -9999 -9999 -9999 -9999 -9999 -9999 -9999 -9999 30.219696942 30.1609570767597 30.249940648 30.5454212065039 30.5279625045081 29.6493360276738 28.3855857750044 28.5960985943088 28.8467882246747 29.1465842365281 29.407083368 29.573100506 29.7284354036207 29.76605573 29.9539195713596 30.087445658 30.2993015785666 30.3410000946968 30.125070092 30.03394427 30.057104128 30.1842636363736 30.3207268204928 30.3848050885831 30.5193328595415 30.8073103632075 31.0035986580685 31.074439582334 31.410506492 31.6735470161411 31.7523564074387 31.758814106 31.9849859174745 32.3124641434565
