catData/variables/futureClimate2070/rcp45/CNRM_CM5_2070_rcp45/bio10.asc
NCOLS 409 
NROWS 350 
XLLCORNER 60.897278365 
YLLCORNER 5.843756025 
CELLSIZE 0.0892857 
NODATA_value -9999 
[rows 78 to 103 of 350, columns 58 to 115 of 409]
-9999 33.1550283861857 31.3100948356759 31.3587826406766 31.6130552075321 31.0294152118065 29.5380881531618 28.5679685635123 27.031354912067 27.1727646044546 26.7608842081141 25.555510050917 25.4388792864463 25.8337507653412 28.0022271375184 30.139798512852 31.8480556846807 33.3734154704478 32.972683161472 33.0053653042582 32.8274106732455 32.6107475837979 31.0697189051054 29.0390298306477 27.9901595414648 27.6983070069017 29.2124203429773 30.5587878311663 31.5443476257793 31.9401117598038 32.0899051299889 32.0632411752373 31.866109202 31.8249933737755 31.699187132187 30.9998560117864 30.614250448 30.2829874340538 29.3140675155974 28.6539112190473 29.0952730605474 30.0298587650003 30.8101444036369 30.5714122713688 28.5955807143041 31.6310657159757 34.0994041280001 35.1713706477144 35.9008115349373 36.337390386 36.475002920366 36.5 36.4658104802472 36.4129396864463 36.4 36.312553622 36.3 36.3
-9999 -9999 31.1739889834909 31.3531821963875 31.830081146867 31.1149057397831 29.7105310531256 28.8708318880491 27.2875405555682 27.4401143539313 27.4506524945976 26.8410567926796 26.608846882875 26.5729169911017 27.7268216626906 31.2429169733225 33.8078454580183 35.1034849113999 34.920851709718 34.8350043457701 34.1294968655925 34.4470925607009 34.4076404921168 33.0385310106723 30.7171573958345 28.9058033819961 29.655314621513 31.1267070402053 31.9299297199545 32.299814460773 32.2273238140256 31.4846982000969 30.9421463902934 30.871693408 30.5053074679287 30.1646756149855 30.003595915188 29.6727600042545 29.468254585864 29.6865614380454 29.9683010838266 30.2650285624635 30.6580984727067 29.5157242550137 29.3542138502109 33.3492967590771 34.7570322316792 35.6074587499223 36.1397667515414 36.444533226 36.5267184356629 36.5 36.5 36.426839302 36.4 36.3609591710332 36.35535455 36.3
-9999 -9999 31.3221887183605 31.6120641051901 31.8622288205322 31.1655103450572 30.1702529326119 29.8125204502926 28.8602340079146 27.9421915629149 27.7773112924954 27.4085839946328 28.1609723132356 30.3440293543033 30.5302609412418 32.4631616342408 33.4410726303495 35.8475588790094 36.2464356107402 36.4340551584959 36.0049549563483 35.7545079584558 35.4861077777789 33.6354803036093 31.4489434411994 30.7768187098921 31.5128316997816 31.6453401328248 31.8976292170823 32.5374291116923 31.7495740204105 30.7827866039999 29.8792275629856 30.2363532052278 30.1548200703295 29.6294314035317 29.2388228939322 29.547298045298 30.4471659450659 30.6113002235067 30.5174140899283 30.4906298602135 30.5584392010697 28.8014219506666 30.6516372047379 34.4506885876385 35.5561827357421 36.0522651966755 36.3530254962072 36.5238088935317 36.548267822 36.5 36.5 36.426839302 36.4 36.4 36.4 36.3
33.0422977815168 32.3050295165576 31.6017020161487 31.8601623978698 31.6027883563091 30.0735122005391 29.5526542906942 29.7348510069483 29.1785775066115 27.7832189025703 27.2239221828762 27.1949336955329 29.1464633935072 32.1825955707717 34.6020944491213 34.934074638 34.6801678906396 36.1492549830317 36.5017534755946 37.0751595870136 37.3164941500725 37.1685410676939 36.6706095661142 35.7209782506254 34.5037716621269 32.7968399432129 32.8792609036557 32.9350493095067 31.2679142351817 31.5115366933764 31.2082137049576 30.7135175341423 30.4921029795686 30.5217466841368 30.2673703524706 30.2573621428808 30.6098050146394 30.9892660322414 31.1226160782235 30.8624379244535 31.3865583615833 31.3264400901952 30.2424452422887 30.1453916717383 33.3085314696158 35.2998547278384 36.1085859281499 36.3576245897408 36.507086728 36.5831774504613 36.5842942297432 36.5286395320523 36.5 36.426839302 36.4 36.4 36.4 36.3
34.2027232533899 33.4763317794554 32.2347877372163 32.137053441311 31.1943377923214 29.215377977728 28.8355876590201 28.7485520913663 28.1071945081658 26.6566022965802 27.0767567784639 27.410753932 28.6831617466041 31.9000482677629 36.0759996683046 36.9917286772764 36.2876474580363 37.1068437961905 37.784383018125 37.6959799075197 37.9099974660081 37.4463652138251 36.966651325045 36.989381284 36.0441852732823 34.7311703848478 32.3289248182034 32.5502559893367 30.9223428222812 31.320837480788 32.0558636102974 31.5021229830633 31.013675954392 31.369883371214 31.1185318211538 31.4046144346694 31.8900183365487 31.8976240137487 31.6955837884 31.7096292647116 31.9310544892562 31.1772896327073 30.2753740794876 31.2289073331021 35.1794836868844 36.0686138124381 36.3821041889025 36.507086728 36.5854769972281 36.6 36.6 36.541124982 36.5 36.426839302 36.4 36.4 36.3273714945306 36.3
35.2867301982856 34.4442361257457 32.8499847344191 32.0828932694002 30.4396594796821 28.8914624850318 28.8723095669523 28.0420586250254 26.7278326184954 26.3474904530572 27.2899131935112 27.833845511127 29.1528649631812 33.7636247570072 35.7503351420121 37.725925636819 37.255883435524 38.2052825914887 38.6948421210288 38.9007790588317 38.860329575892 38.5124672507145 38.1654099420441 37.5607278368281 36.7422535064003 36.0724579484032 34.1074084580957 33.4396095798563 33.0844547241912 32.6573114023262 32.4862312212377 31.6493613126674 31.7823072679237 32.1635094103239 31.7571321236817 31.3874190206951 31.7623535757145 32.1108672402481 32.169685542 32.0364215840759 31.5282302648437 31.4046806409694 32.0267946628585 32.1161804799776 35.6463014643303 36.4703704521999 36.5715747107301 36.614229568 36.6524985957904 36.6 36.6 36.541124982 36.5 36.426839302 36.4 36.4 36.305410782 36.3
35.4369024245453 34.0211244985099 32.1748321745266 31.8046418898257 30.0136132221979 28.8984017292832 27.7839648461627 27.6599926277754 26.2096907517369 25.5595381855516 26.353797592762 27.2729084885647 28.2265310402985 33.0429923250606 34.2139169453504 36.7284934760328 38.0181545156328 38.8813107130603 39.0936420782829 39.19106875 39.1502772887774 38.9849930077597 38.7136973990176 38.3008960325941 36.9990088325639 34.788541216782 33.8247176016703 32.9003069075255 31.7382333404287 31.2792318964982 32.3350323196285 32.4370675950952 32.5599853459706 32.5787763397802 32.3486928821238 32.1829507061108 31.7351094414088 31.8410081665596 32.7131848248462 32.9399236257249 32.6410876413095 32.5109461102104 31.0272425721258 34.4161516535726 36.1858763558132 36.5924993556601 36.6 36.6027064954551 36.6396888672948 36.6504617972501 36.6 36.541124982 36.5 36.426839302 36.4 36.4 36.305410782 36.3
34.6893675394167 32.8969573151964 31.5566393223923 30.5419763699691 28.4676844737185 28.9595347842123 26.8156391479143 25.939012255281 24.7738581424677 24.656167012414 26.056089850343 26.1606936458504 28.8578709533466 29.4878716694938 31.8060285517961 37.1136150531753 38.4552931508798 39.0969961314094 39.123161298 39.2 39.1257757494993 38.912608774 38.6973979019711 38.3066754452937 37.4969972609723 35.8609409850591 36.159332293852 35.391361400353 32.9107503610339 32.09099548418 32.5949522262954 32.6299615545875 32.8650779246453 33.0316966060578 32.7071727660353 31.9596863313032 31.8125003979487 32.8291088339936 33.355183246398 33.2496213115313 33.4287175492233 32.0241226789754 31.3193685747644 35.2050770861348 36.137288962 36.5175199208796 36.6227466076148 36.69821159 36.6988812869149 36.655410662 36.6 36.541124982 36.5 36.426839302 36.4 36.4 36.3983083569664 36.3
32.875822881736 30.8959146218215 30.7879800019822 28.9345173816846 29.0604889372175 29.4159530121208 28.5830196964767 27.2249039683917 26.2634490241896 27.5469747576837 28.6831726489201 28.3537495611381 28.9155348038043 28.5411970837527 32.6801885341894 37.7207933360002 38.9172759972471 39.0955032671207 39.1219211425115 39.164341432 39.057198592 38.950055752 38.7449875739195 38.3761573326551 37.566484627086 37.0466305833681 36.770676197259 35.9513909511952 33.9948899624995 32.9885136703279 33.5308867068269 33.2216693505401 32.7424923521728 32.7275473699773 32.4294560761204 32.4146265477414 32.8960352897818 32.9262255428616 32.3751459610684 32.7099732667247 33.2157793540983 32.9769628115854 33.683777517684 35.0370084020001 35.9732429088452 36.521372408 36.6272751182128 36.7 36.662553502 36.6 36.548267822 36.5 36.433982142 36.4 36.3957002032703 36.3118814470975 36.3 36.3
31.7261070765155 30.8910968685524 30.1633878001215 28.0266989698791 28.5893023544197 27.4901726062975 26.5728453258818 26.0310459656487 26.4465344587555 26.6828957775565 28.4652655877144 29.6116162112628 29.1401411720876 28.0146343120556 33.2783899290593 37.7449216762196 38.8872087078369 39.0265138580539 39.0971054700534 39.060985781947 38.962553022 38.849837672052 38.735770072 38.569751734 38.0583763237974 37.0052734237491 35.5155245866955 34.7112828003445 33.8334714110249 32.7499676183863 32.8176665025261 33.4604572777159 33.0803809398593 32.5621069517679 32.150034152 32.3160109983184 32.67760427618 32.9707834937327 33.0837278218678 33.1356632663489 33.1624906516549 33.5232012619574 34.237109826 35.4899248321253 36.3618989240826 36.628515248 36.71249727 36.7087101400399 36.662553502 36.6 36.548267822 36.492642230038 36.4297353019625 36.3908569100371 36.3172349419634 36.3 36.3 36.3
31.7477801799328 31.358366256226 29.7076438843165 27.8322681665534 28.3419510118677 26.7396947569558 25.5302632112285 25.109697854352 25.0731449293211 23.9910700685539 24.8870414744149 26.6323911422181 28.8447153852121 28.9749054322773 35.4249398521731 37.9145428630107 38.7712963297233 39.0968539572285 39.0617474964046 38.9940482339622 38.942912912 38.799937743304 38.6381069910629 38.4741721065702 38.201944986 37.559133882327 35.5237190408618 34.2298957032328 34.7557979639055 34.2206351987379 33.5466393479915 33.2745027058361 33.095847465853 32.7554253485911 32.5955704841384 32.6076292993419 32.5967772068052 33.0060560439621 33.4776083601342 33.1486924794004 33.3395224913331 34.0493928316313 34.9500262147968 36.1072334370692 36.628515248 36.732512139501 36.8 36.769696342 36.662553502 36.5912426049685 36.5387879686646 36.441124982 36.4 36.326839302 36.3 36.3 36.3 36.3
31.6008958656855 29.7899790872774 27.5299473496963 27.9221361593641 27.9097691611492 26.682926078483 25.4130053856333 24.0108763789389 23.5649543910733 25.2516868309415 25.7607989536746 26.4362682660312 27.9099615690837 31.4370216762776 36.2445799128142 38.1551257065427 38.9641856790066 39.0614888075969 38.9937967211373 38.942912912 38.835770072 38.728627232 38.5836072659258 38.4253559068084 38.1928436944573 37.5591177283388 36.8788735919999 36.596751762217 36.2320341848771 35.966410459145 35.5413591103122 34.9682733138138 33.8742538720851 33.0540278696986 32.6355939850785 32.8938703065714 33.299686151413 33.558797066 33.9228005361783 33.6576178033355 32.9450053539998 34.3233816078783 35.8838868782758 36.5828855249856 36.733281064227 36.8 36.8 36.769696342 36.662553502 36.555410662 36.4861445966323 36.4301104986334 36.3823184701008 36.319650945165 36.3 36.3 36.2746662170377 36.27321705
30.2504670845957 27.7304264851832 26.0723365710847 27.6085791712463 26.6451616351983 25.4353424985123 24.2970967486047 22.6528063278174 23.2681053787094 26.1399571449924 28.5768969667989 29.7494156666052 29.2762889570917 33.6215829402007 36.2881080317268 38.8046104753746 39.0602097155239 38.9945656115777 38.942912912 38.835770072 38.7413314151176 38.655410182 38.5307166290855 38.3682971918129 38.167963324 37.9053369736098 37.4065892270164 36.77865047622 35.5617535283386 34.9167706608142 34.9789546289179 35.2197166169995 34.8987753927079 34.4576315915675 34.3835142537402 34.3543092569708 34.3550311614926 34.5291046287821 34.7677739383948 34.375341098067 34.0263947092088 35.3437782222436 36.4176096289343 36.83392579 36.83392579 36.83392579 36.826068299523 36.769696342 36.662553502 36.555410662 36.448267822 36.3800261850309 36.3224534318676 36.3 36.2727563903355 36.26607421 36.2035751314613 36.2
29.2723388366575 27.4218750342507 27.3652747170306 27.3770029352498 26.1481671635951 24.895344921376 23.3475096544914 22.2630904491785 23.6518229431098 26.6987350670235 30.4505584243616 31.0064065517739 30.9273405229613 34.4672714589035 36.545588014492 38.8431109296289 38.95893137 38.942912912 38.835770072 38.7410727263099 38.684621039159 38.614341552 38.4767119479032 38.341124502 38.167963324 37.9837239374964 37.6858120780551 37.2375052314413 35.9118903894357 34.3072977704458 33.9412329097212 34.2374653608792 34.297400902141 33.8824702355672 34.2297440006187 34.8346679116148 35.0768984026615 35.3166649201304 35.3086530416026 35.3317561729318 35.7998254701488 36.3066631120061 36.703785757475 36.94106863 36.9374237324128 36.9 36.876839182 36.769696342 36.662553502 36.555410662 36.448267822 36.341124982 36.272887370164 36.25893137 36.2116073948981 36.2 36.2 36.2
28.7325639805789 27.4587696349064 27.634036814 27.2998973982194 26.088326380222 24.4628761270815 23.6975727332628 24.0569468730498 25.0788666384095 25.7905281572108 28.7291700616586 30.8045770394534 32.7631268473952 35.3346186744008 37.2711982448919 38.8526239277456 38.8957209340906 38.835770072 38.7397936342369 38.6853899295994 38.614341552 38.507198712 38.4249969468919 38.341124502 38.1997917352193 38.075050292 37.887603434 37.4952960114212 37.066275618 36.4750366724572 35.6359489430092 35.391819806344 35.8155828234706 35.6540700821585 35.4453789205726 35.6689247238764 35.7607508008156 35.7437982999114 35.8118680610237 35.990956286 36.2468301121607 36.646209412 36.9345883458332 37 36.9954036964943 36.9404889673419 36.876839182 36.769696342 36.662553502 36.555410662 36.4233269785232 36.292913512 36.2175988518043 36.2 36.1612844838682 36.15178853 36.1973913824593 36.2
27.7819234424033 27.4168669741562 27.7433980440475 27.2618512425112 25.5452183981808 24.0708948466583 24.275248650762 25.6060180437207 25.6904796964983 25.8639967142374 28.4948327187057 29.2301228341562 32.0662804881674 35.6645521048236 38.4313907229811 38.8007736106943 38.835770072 38.7374941388985 38.6871792233051 38.614341552 38.507198712 38.4247382580842 38.3713637441194 38.318360317677 38.233981662 38.126838822 37.9838436990662 37.7414193408626 37.384709302659 37.0169931295446 36.757187552 36.6571961559518 36.6003682058446 36.502210004718 36.3760826934374 36.4154835484676 36.2837764529093 36.0439085216532 35.9884675381309 36.2678150732583 36.5266704860001 36.915849402 37.0505231623827 37.054395408395 37 36.983982022 36.876839182 36.769696342 36.662553502 36.555410662 36.396535644 36.2085351220237 36.14464569 36.14464569 36.1087936213655 36.1484053391619 36.1975843190417 36.2
27.6942837977198 27.8161685614231 27.9428951431194 26.7696376102829 24.7248422465844 23.6420542283009 24.3941047600129 26.2095822794335 25.5946413516881 26.4148557329149 28.5252621078254 29.5718373085819 32.7912606331578 36.716774883908 38.6174943958851 38.73750285 38.7341742402949 38.6899889202761 38.614341552 38.507198712 38.4234591660111 38.3721326345598 38.3181016288692 38.2632044917017 38.2127440917274 38.126838822 38.0698837045855 37.9422552280145 37.7003410714436 37.382293836 37.078616072 36.971473232 36.9019664511599 36.859076906 36.6406290499641 36.669583878 36.6150584886283 36.4904058503051 36.4914836614684 36.6828878853469 36.8604085834077 37.0733229899359 37.1 37.098267702 37 36.983982022 36.876839182 36.769696342 36.662553502 36.555410662 36.4288667808829 36.207951905688 36.1 36.1 36.1 36.1327948839718 36.1966184154573 36.2
28.255446953502 28.2766723573143 27.9615366366454 25.5667354197974 23.9023222285056 23.4008392352193 25.6955207440934 27.9030302920002 27.6802113209209 28.0016629605539 29.8858696716992 31.3081630364189 33.4265563747033 37.2196305787229 38.5141545332715 38.63036001 38.63036001 38.614341552 38.507198712 38.4211596706728 38.3739219282655 38.3168225367962 38.2639733821421 38.2124854029197 38.2 38.126838822 38.1 38.0734511251665 37.9463328502282 37.7049288952899 37.469684582 37.3736968274134 37.3391022910498 37.2602155390736 37.110753212 37.0306851726795 37.0292404534439 37.0892006737837 37.1378830411546 37.1194623481858 37.1333002050312 37.1658287819695 37.1037679009077 37.098267702 36.9938193547843 36.9254969502774 36.876839182 36.769696342 36.6886312394625 36.625050652 36.481881528414 36.3053760592954 36.1933051502906 36.16963999 36.16963999 36.16963999 36.1983572860437 36.2
28.5385922015704 28.5367930213517 27.3576587408772 24.9148201745355 24.6998796545256 26.5755111571273 28.6617051309533 29.1294762629828 29.0513514087525 28.7784496181626 29.9132066348587 32.328190887422 33.6664460989711 36.811380298625 38.2139090178748 38.52321717 38.52321717 38.507198712 38.400055872 38.32321717 38.3145230414579 38.2657626758477 38.2112063108466 38.2 38.1493092517646 38.1062312149297 38.1 38.0328558276815 37.928627472 37.7978652157072 37.667907452 37.57678283 37.553621772 37.4697471224847 37.416118922 37.3432132218735 37.3423592934322 37.3672348287378 37.3260922660434 37.2830141006509 37.27678283 37.2096388419603 37.105410542 37.098267702 36.9979394441228 36.9644837731828 36.876839182 36.769696342 36.7 36.655410662 36.536257074289 36.3727019070166 36.233982142 36.2 36.2 36.1328561962391 36.1958454484553 36.2
29.1848709120779 28.7543273588384 27.9071165826001 27.0986554257307 27.6757368000516 29.3872237857251 29.3458727015885 29.037403106 29.3320460293122 28.5363370846568 29.682119978665 31.3526020520501 34.9339393837318 36.6365172408067 37.6460161595617 38.41607433 38.41607433 38.400055872 38.3123513065272 38.2745670491458 38.21607433 38.2089068155083 38.1565830201647 38.11607433 38.1054623244894 38.0385989911836 38.01607433 37.928627472 37.9008696697975 37.798267462 37.691124622 37.6 37.576838942 37.5 37.462553262 37.4 37.4 37.3505885452593 37.3054623630678 37.3 37.3 37.212553382 37.1847953783759 37.0997215447029 37.0764771509701 36.983982022 36.896277053684 36.853622012 36.752498445662 36.655410662 36.548267822 36.4316612173191 36.317907812 36.2225250640268 36.2 36.1859435806272 36.1991302530457 36.2
29.3197065771562 27.7971628996944 27.7633019283032 28.078448456 28.3742246096555 28.9860173435844 28.7806035958404 27.6022519788562 27.8607684481652 28.7238510484432 29.9042644191522 31.1744565476049 34.1666311443659 34.4737189869447 37.7727044592489 38.4 38.3919171069341 38.292913032 38.20893149 38.2062248789449 38.1658975950954 38.10893149 38.057198832 38.00893149 38.00893149 38.002397106703 37.9268683273373 37.9011211826224 37.8138585714179 37.707198952 37.6081387865015 37.5854124475388 37.5068628624208 37.4724026916195 37.4055869383402 37.4 37.3528880577404 37.3036730522193 37.3 37.2333734238614 37.20893149 37.201121204058 37.2 37.1 37.091124862 36.983982022 36.8789077881436 36.8062249218161 36.762553502 36.655410662 36.548267822 36.441124982 36.333982142 36.2934656595742 36.2179372744661 36.2 36.2 36.2
29.1358427064376 28.3772673277586 27.8249976820342 28.132037396 28.4153934111507 28.7424809473138 28.8596947343811 28.4351428091584 28.3201503091991 30.0592485964492 29.7784311903847 31.2736157604544 34.0087177347754 33.2933950306652 37.0856850142954 38.30178865 38.292913032 38.201502135851 38.1772529765567 38.10178865 38.101118854628 38.0562077377796 38.0008633338127 37.942177578595 37.90178865 37.90178865 37.821484632 37.7159059102256 37.7018854213667 37.600056112 37.50178865 37.485770432 37.40178865 37.4012466193284 37.3632230530792 37.30178865 37.250056232 37.20178865 37.2666259152901 37.226839062 37.2 37.2 37.2 37.1965100367482 37.091124862 36.983982022 36.876839182 36.7702383683788 36.7011188632135 36.6116188711941 36.450056472 36.4007355819905 36.333982142 36.2281478908248 36.2003523007676 36.2 36.2 36.2
29.3132216805146 28.789322062153 29.063419450713 28.7722979014207 28.9718539132486 29.1549662459529 29.4996229607771 30.5213539811474 31.0103237618171 29.5951326907641 29.46321432142 32.1879865354305 32.4943227860745 33.9593067466587 36.5625330829759 37.9649028815848 38.1 38.0991423413236 38.09464581 38.0659642131264 37.9979950176486 37.9524434155764 37.8972301351986 37.89464581 37.828627472 37.7907286215236 37.7132872317014 37.607198952 37.500056112 37.492913272 37.39464581 37.378627592 37.29464581 37.29464581 37.257199072 37.19464581 37.19464581 37.1977981031763 37.2 37.2 37.2 37.2 37.2 37.0999072494737 37.0862458637513 36.983982022 36.876839182 36.7680738265737 36.657199312 36.5524438698763 36.448267822 36.341124982 36.2964652784487 36.2254022747762 36.2 36.1953179547738 36.19464581 36.1947385476762
29.3908546532348 28.545506452662 29.038833196815 29.4254998749893 29.4059319784663 29.5840940458504 29.3489155557971 29.2709527545979 30.271241611178 30.3047714830609 31.3166023065657 33.2645235940854 32.0812226527652 33.6862862114308 34.7199269856403 37.1908408360786 38.08750297 38.071484512 37.98750297 37.98750297 37.950055992 37.88750297 37.835770312 37.78750297 37.721484632 37.623484766363 37.5899643827793 37.500056112 37.392913272 37.385770432 37.28750297 37.271484752 37.18750297 37.18750297 37.1547359620819 37.1 37.1 37.1515175993452 37.18750297 37.18750297 37.18750297 37.1984312000854 37.1881791270569 37.098267702 36.9988908713416 36.971484992 36.864342152 36.7306827112313 36.562553502 36.4944276570533 36.435770792 36.328627952 36.2297353835196 36.1908570856227 36.18750297 36.1109847920926 36.1118208429502 36.101732058
29.0514129580401 28.8772604412481 28.8105741278904 28.9296399926289 29.3138139285149 29.5119514424266 28.479631532397 27.7990648174553 28.9448182339143 31.2065234255243 31.2082625473147 31.2168232249173 32.0876540583944 33.4348047252426 33.6964880042814 35.7690895103584 37.9624634198369 37.9674876763272 37.8954511511825 37.88036013 37.842913152 37.78036013 37.728627472 37.68036013 37.614341792 37.58036013 37.500056112 37.392913272 37.285770432 37.278627592 37.18036013 37.164341912 37.08036013 37.08036013 37.0877146206624 37.0912426648473 37.08036013 37.0919231541334 37.1 37.1 37.1 37.1702722159054 37.1043479185849 37.078627832 36.971484992 36.864342152 36.757199312 36.650056472 36.542913632 36.435770792 36.328627952 36.2330480889977 36.187034178512 36.1215680979783 36.1 36.1 36.1760120185508 36.1210317540605
29.6312878771867 29.3459339834073 28.5324889454593 28.9254221694133 29.6571836411081 29.655608744969 29.5511700620001 28.6051328774608 29.3659219291272 30.52187852848 30.1962925835883 29.7520573470962 32.0994156536981 32.6687718320709 33.1390361399999 33.7911375633072 37.7576873290297 37.87321729 37.850055992 37.77321729 37.7457996275215 37.6880576383555 37.6353400397674 37.5842315461096 37.507198952 37.47321729 37.392913272 37.285770432 37.178627592 37.171484752 37.07321729 37.057199072 36.97321729 36.97321729 37.010664028 37.040570009366 37 37.0431068683881 37.07321729 37.07321729 37.07321729 37.07321729 37.07321729 36.971484992 36.864342152 36.757199312 36.650056472 36.542913632 36.435770792 36.3405701850875 36.248267822 36.1842316746666 36.1248808034563 36.1 36.0784925362977 36.0966377998252 36.1 36.2
