catData/variables/futureClimate2070/rcp45/CNRM_CM5_2070_rcp45/bio10.asc
NCOLS 409 
NROWS 350 
XLLCORNER 60.897278365 
YLLCORNER 5.843756025 
CELLSIZE 0.0892857 
NODATA_value -9999 
[rows 104 to 129 of 350, columns 174 to 231 of 409]
34.1474514902156 34.2490863590801 34.3413326752956 34.4337644140001 34.5316380816137 34.7222736568751 34.9223965143181 35.007085048 35.0066825401706 35 35 34.9333383469038 34.9 34.8894171606075 34.8260686036369 34.7799779761187 34.7212221081257 34.6705387916299 34.6163756126144 34.6 34.6 34.6 34.546940830408 34.53392555 34.439337772 34.43392555 34.4309151805695 34.4 34.4 34.3799781346974 34.321222189547 34.2705389502086 34.2163756940358 34.1610997657198 34.067909372 33.960766532 33.853623692 33.746480852 33.73392555 33.532195172 33.425052332 33.317909492 33.210766652 33.103623812 32.9837776929683 32.8848734732127 32.8485246754571 32.8521219222985 32.86607445 32.939233228 32.9933172155654 32.912555542 32.8375019630766 32.83392555 32.83392555 32.8233431863435 32.7678511 32.737549602
33.9273745022428 34.0871731788932 34.4128931420386 34.5431030827773 34.6835585495917 34.8031125072635 34.9520602465725 35.0431140700393 35.011608149349 35 35 34.998269142 34.9 34.9065777342903 34.917909012 34.8286237569331 34.7779330244552 34.74106839 34.689337652 34.64106839 34.64106839 34.64106839 34.64106839 34.64106839 34.546480612 34.54106839 34.5358391183379 34.4755591442738 34.44106839 34.44106839 34.403623572 34.3227569567207 34.2695143846676 34.2168900579441 34.1610956034441 34.067909372 33.960766532 33.853623692 33.84106839 33.6796957636144 33.532195172 33.425052332 33.317909492 33.1983222160613 33.0404887293269 32.8781696372848 32.748269742 32.7346948645083 32.78604329288 32.8431136457317 32.939233228 32.9433112140896 32.94106839 32.9417789298214 32.98213678 32.98213678 32.98213678 32.951835282
33.6749768448045 34.0964239357222 34.605048987257 34.7214964897639 34.8267330452152 34.8695099738058 34.9484171031734 35 34.9612852551314 34.9939471658895 35 34.9991036099313 34.94821123 34.9565059980268 34.976840622 34.8843068540151 34.84821123 34.84821123 34.796480492 34.74821123 34.74821123 34.74821123 34.7094966008384 34.7 34.6510141532035 34.64821123 34.6439332267546 34.5917053562663 34.54821123 34.5336022736919 34.462555182 34.37690860035 34.3232713206291 34.2695102223918 34.24821123 34.175052212 34.067909372 33.960766532 33.94821123 33.8455847105174 33.687549242 33.5726848634407 33.425052332 33.2876077539999 33.0927141603779 32.9108251639999 32.723329948336 32.65178877 32.7496318037059 32.8352707467268 32.928512848 33.035655688 33.04821123 33.049941368 33.14821123 33.14821123 33.14821123 33.1325184568942
33.707499882319 34.3385666245611 34.7274259415334 34.7752608588798 34.851730978 34.9 34.966016658 35 35.0085988867763 35.0497488529583 35.05535407 35 35 35 34.9896602803097 34.9385805590367 34.9 34.9 34.876904330924 34.8227651484224 34.8 34.8 34.7641483815384 34.75535407 34.75535407 34.7543961025008 34.6960383621527 34.65535407 34.65535407 34.625052092 34.517909252 34.45535407 34.403623572 34.3227652812721 34.3 34.267337476035 34.175052212 34.067909372 34.05535407 33.953623692 33.846480852 33.7321874939566 33.5747298493898 33.394750594 33.180464914 32.9661792339999 32.7805283572245 32.71070814 32.8061975074684 32.928512848 32.9912054741612 33.1358485244925 33.15535407 33.2114805762004 33.25535407 33.25535407 33.25535407 33.25535407
33.4970091840893 34.4151541119042 34.73750309 34.7653692984766 34.8840612407628 34.96249691 34.9872551966647 35 35.080302338 35.1 35.1 35.0614151772335 35 35 35 34.9886357319115 34.96249691 34.96249691 34.96249691 34.903623332 34.86249691 34.86249691 34.86249691 34.86249691 34.8033824715123 34.7993509647739 34.76249691 34.76249691 34.7480231643673 34.6886358219189 34.625052092 34.56249691 34.510766412 34.403623572 34.3212388386499 34.3 34.2698843219226 34.175052212 34.1033826215049 34.060766532 33.953623692 33.846480852 33.7161791139999 33.5208310839263 33.350104664 33.1358189839999 32.973263562 32.92499382 32.991009758 33.0524306223562 33.11268293993 33.2452326517838 33.26249691 33.36249691 33.36249691 33.36249691 33.36249691 33.3435594100663
33.4597046155433 34.2333353459952 34.656437061914 34.744588138 34.8314113084965 34.9427196593413 35 35 35.080302338 35.1 35.1658708592652 35.099474507184 35.06963975 35.06963975 35.06963975 35.06963975 35.0435631052214 35 35 34.9821258345353 34.96963975 34.96963975 34.96963975 34.9087433137891 34.8712829141298 34.86963975 34.8634602960324 34.8 34.7929688278053 34.7485375282757 34.6886316596431 34.6385890164379 34.5842944914809 34.510766412 34.403623572 34.36963975 34.36963975 34.282195052 34.175052212 34.098269622 33.9973060688321 33.953623692 33.8394497526699 33.6878757074111 33.5208269045077 33.3811552304266 33.257188992 33.20891925 33.2289618538167 33.2392795 33.2636592719789 33.357084208 33.435510107859 33.46963975 33.46963975 33.46963975 33.46963975 33.439338252
33.9107404753275 34.1655292896559 34.4933519369128 34.7103522108108 34.8026581794815 34.9041205414154 34.9739067098439 35 35.080302338 35.1 35.194588018 35.1 35.1 35.1 35.1 35.0767331721921 35.0432749227188 35.07678259 35.07678259 35.07678259 35.0260934744343 35 35 34.9796975502203 34.97678259 34.9754537766766 34.897939812875 34.87678259 34.87678259 34.846480612 34.77678259 34.732194932 34.67678259 34.617909252 34.510766412 34.47678259 34.4151247436095 34.3796976059421 34.282195052 34.175052212 34.0699695034032 33.9962814861483 33.953623692 33.816179114 33.639338012 33.5664305463545 33.501834922 33.45356518 33.45356518 33.45356518 33.45356518 33.5410096380001 33.5755259007846 33.57678259 33.57678259 33.57678259 33.57678259 33.546481092
34.1203436629644 34.5293691296459 34.6387052272774 34.78392543 34.8439719402703 34.9 34.966016658 35 35.0129082555334 35.0894633116508 35.115204617165 35.18392543 35.18392543 35.18392543 35.1644888224282 35.095129048756 35.0899445620597 35.1 35.1 35.1494099034929 35.117909012 35.08392543 35.08392543 35.08392543 35.004542230586 34.9997218105982 34.98392543 34.98392543 34.9644890238492 34.895129087335 34.8524997054808 34.755412342 34.7 34.641126662 34.589388183256 34.5225264095597 34.419698142 34.4 34.305412462 34.282195052 34.175052212 34.0704838844544 33.976841102 33.8902582518279 33.830406282 33.76785086 33.716120602 33.66785086 33.66785086 33.66785086 33.66785086 33.6819071806123 33.7633082265719 33.68392543 33.68392543 33.68392543 33.68392543 33.653623932
34.5099348041952 34.69106827 34.7318580809151 34.8 34.851730978 34.9536153675356 34.9969646996476 35 35.0731299499862 35.098878637197 35.1861396716199 35.2 35.2 35.2 35.1979314668874 35.19106827 35.19106827 35.19106827 35.19106827 35.1963266990283 35.1941035917886 35.19106827 35.19106827 35.19106827 35.096480492 35.09106827 35.09106827 35.0764825044933 34.9979314883235 34.9634727828596 34.8966555299573 34.846480612 34.743958200409 34.6947415924079 34.6309484787752 34.5934656340416 34.510766412 34.4114338963247 34.305412462 34.389337892 34.282195052 34.175052212 34.0889997797597 34.0545412714235 33.9877238213934 33.9415315497897 33.8864478630271 33.88213654 33.88213654 33.9487609734778 33.9000755157054 33.88213654 33.8905848220717 33.8805609332548 33.79106827 33.79106827 33.79106827 33.760766772
34.6217850280905 34.7 34.737445298 34.8 34.851730978 34.9010531878428 34.90178889 34.6862366248313 34.687457898 35.0506790798213 35.194588018 35.1034887848543 35.2087149573039 35.29821111 35.29821111 35.29821111 35.29821111 35.29821111 35.29821111 35.29821111 35.29821111 35.29821111 35.29821111 35.29821111 35.2965190386981 35.19821111 35.1894963884028 35.0997134860467 35.09821111 35.067909132 34.9614361386047 34.855412342 34.7990745982943 34.7403909512561 34.6988190431934 34.6263608263571 34.519698142 34.4984357105419 34.4965190429915 34.399969045441 34.389337892 34.282195052 34.1754664992104 34.0994579352391 34.09821111 34.0974134901381 34.0456173594123 34.0560310330372 34.09642222 34.169580998 34.116120602 34.09642222 34.0035269847152 33.996480972 33.89821111 33.89821111 33.8754667349171 33.7994579395324
34.560778532 34.4888052853503 34.5414549030645 34.6529088113856 34.8605468840001 35.00535395 35.067836109139 35.1 35.0153983149746 34.9806007366774 35.0833006083794 35.008815666 35.213752554646 35.3008575174362 35.30535395 35.3340338023994 35.4 35.4 35.4055392756943 35.4075558380707 35.4018194639885 35.4039169100937 35.3293511861758 35.3060261417419 35.30535395 35.30535395 35.296480492 35.20535395 35.182194812 35.075051972 35.0033491731667 34.9577995429155 34.9025843250023 34.841126662 34.737518295162 34.632194932 34.6010546286736 34.5172370474085 34.5002897805092 34.4052613064271 34.4 34.3848414337373 34.2834349678194 34.2090855600983 34.20535395 34.20535395 34.20535395 34.2085059862304 34.2731893776875 34.30535395 34.30535395 34.30535395 34.210766652 34.1037164427234 34.0102328451944 34.0044964711122 33.97808124497 33.9037316229478
34.2221191037838 34.3071909985412 34.637329474 34.82499358 34.9607923789432 35.08750321 35.08750321 35.08750321 34.916863319455 34.6345265665195 34.8719435880254 35.103461716 35.3 35.316016538 35.4 35.4 35.4093588605273 35.4305656359785 35.5280224826134 35.5462659045918 35.442233515123 35.4765134891622 35.5 35.4234828722675 35.41249679 35.4 35.392235439412 35.31249679 35.289337652 35.182194812 35.075051972 35.0069247640138 34.954734153701 34.853623452 34.8042468868693 34.7359835108455 34.632194932 34.6015690097248 34.51723286799 34.498269622 34.4 34.4 34.4028941188494 34.382195052 34.31249679 34.31249679 34.31249679 34.3640126405765 34.4082498731384 34.41249679 34.41249679 34.4015690397171 34.305412702 34.2122805782874 34.1922358594274 34.096480972 34.01249679 33.982195292
33.9567954880001 34.5152424494717 34.8369069180408 35 35 35 34.9870345726304 34.9516238605659 34.7317162601291 34.6616108296482 34.848094926 35.122421477786 35.2821031314545 35.309725360396 35.369817572299 35.417853730491 35.5117467934666 35.635830999808 35.68036037 35.5857383197739 35.51963963 35.51963963 35.51963963 35.51963963 35.5010629403756 35.41963963 35.4178969156806 35.4 35.3813892310144 35.289337652 35.182194812 35.075051972 35.0094799515956 34.941126662 34.8469491550993 34.8052714695532 34.719698142 34.612555302 34.6 34.4986094618368 34.4178969628157 34.4 34.423158898 34.4816005604535 34.4319252834257 34.41963963 34.41963963 34.41963963 34.485655568 34.51963963 34.5038686893408 34.4297293100067 34.325052332 34.317909492 34.21963963 34.203623812 34.1150913552558 34.0756496040916
34.5068996825142 34.92678247 34.9541989922967 35 34.9861451663364 34.97321753 34.9248817636238 34.773274924604 34.6249731824158 34.8623355340001 35.089176036 35.14643506 35.155308758 35.2475770199396 35.3060863494651 35.5387913342193 35.6558298948507 35.6148407295945 35.6138547693856 35.62678247 35.62678247 35.62678247 35.6052755846938 35.6 35.5307451652665 35.5 35.4935030732268 35.422492909793 35.4 35.3778136401672 35.289337652 35.182194812 35.0611972668923 34.9568943960878 34.909101706932 34.8464347740481 34.746480612 34.639337772 34.6014495910114 34.5263190320313 34.4935032489489 34.42678247 34.449941368 34.5489686541107 34.5725840048695 34.52678247 34.52678247 34.52678247 34.5751177092099 34.6 34.5412051387504 34.5033626842695 34.4307455167107 34.425052332 34.324406067329 34.2882736136511 34.203623812 34.1186669803886
34.7969118231948 35 34.9872965665731 34.9509480259603 34.8979682966525 34.86607469 34.86607469 34.792915192 34.6871984653112 34.8411880108504 35.0873400043294 35.0690250178843 35.147585367555 35.3068088436645 35.5476833916583 35.669697782 35.637445058 35.670538684619 35.6681062347682 35.7 35.7223962744574 35.73392531 35.653623212 35.63392531 35.63392531 35.53392531 35.53392531 35.517909012 35.4260685006402 35.4 35.3752584525854 35.289337652 35.130464314 35.03392531 34.967909132 34.9091058863505 34.819698142 34.742221186875 34.639337772 34.598269622 34.5 34.4945665026737 34.4970903159391 34.6205599171038 34.66785062 34.6527242002225 34.63392531 34.63392531 34.63392531 34.63392531 34.6066827371585 34.5422213454543 34.53392531 34.4988568166799 34.425052332 34.33392531 34.310766652 34.203623812
35.04106815 35.0286234910949 34.962554702 34.8920349087921 34.8608913443585 34.7685329863391 34.7178637 34.644704202 34.698166038 34.9333364012129 35.2868822031143 35.4066699719208 35.4925951687897 35.6094388421494 35.6684429780961 35.6821423423415 35.6477572228259 35.6772432748325 35.7 35.7 35.766016418 35.8 35.7526764880598 35.74106815 35.74106815 35.64106815 35.6374239849584 35.583983702 35.4863518915325 35.44106815 35.4103123619531 35.3326555182689 35.2177837625144 35.14106815 35.0750519719999 34.9378640767492 34.8526766294962 34.8051562302583 34.7442578139871 34.639337772 34.54106815 34.5316295907235 34.5189431650311 34.6892272627856 34.8153777954599 34.8147919597053 34.7608916400492 34.74106815 34.74106815 34.7110231933128 34.6526767709327 34.64106815 34.6022228965764 34.5403576143309 34.4947709899145 34.43449074984 34.3863521744054 34.310766652
35.14821099 35.1325176469961 35.058976682 34.9980173524953 34.898388988739 34.6269565659999 34.5672325887735 34.738466011589 34.908282830143 35.335673439937 35.5431869325041 35.6035160895546 35.6 35.6077217315335 35.6490396371767 35.65178901 35.5962913188321 35.548165918 35.6534578218482 35.7 35.766016418 35.8 35.8 35.8 35.8 35.7473766419291 35.691126542 35.583983702 35.5 35.5 35.425110364 35.3 35.248269502 35.2 35.133983822 34.9889526508521 34.9094966692698 34.8547132566083 34.8026094015136 34.7473148443645 34.6921441137573 34.64821099 34.671369888 34.778512728 34.8676031662449 34.9 34.8732094115114 34.84821099 34.8163840527324 34.7621117931457 34.74821099 34.706053151098 34.6510141747801 34.5991039786582 34.5439332394637 34.4917055664144 34.4370459717075 34.3843071541706
35.2128197355764 35.2385802589128 35.1210998888042 34.8706604756739 34.6825782264778 34.6961471079116 34.8641562960001 35.2169273016965 35.4375695763375 35.5347800033068 35.2929838799477 35.3385436565846 35.5950880682943 35.5340654063508 35.4810645074543 35.4389720252861 35.3312498289949 35.4139151772595 35.5461915864595 35.6544699005621 35.7294738022082 35.7851426213026 35.7555497131866 35.74464617 35.74464617 35.7438735153457 35.691126542 35.5928493363672 35.55535383 35.5385805246112 35.4458375048995 35.3306728535897 35.248269502 35.2 35.133983822 35.0673373004534 35.0195021259642 34.962303670525 34.860766292 34.8543959995035 34.7960384480072 34.75535383 34.7656933909712 34.830301738 34.9 34.9246808435611 34.95535383 34.9227653154173 34.8705264120934 34.85535383 34.810903808885 34.7609593986257 34.7029961378635 34.65535383 34.646480852 34.5464884613312 34.4896605461796 34.4385807903096
35.1797376478958 35.1011455591781 34.9158666373569 34.5273929709299 34.5883883310423 35.0965736335038 35.3620002402094 35.4240795038451 35.3170605192714 35.2547217963256 35.167233055345 35.3879230703254 35.3869989947323 35.1230163126979 35.1211955279573 35.1159202975584 35.112393446 35.270947223054 35.3771699672329 35.5184564602401 35.5337485970967 35.585669248 35.5823940291901 35.4657063113328 35.568241742954 35.7010815786204 35.753623212 35.6524870170927 35.6 35.569698022 35.462555182 35.383278143481 35.310766172 35.2257027942321 35.1752417349113 35.16249667 35.1123106828019 35.0672053263415 34.967909132 35.023262962 34.9194478742281 34.8725061729153 34.92499334 34.9363575007979 34.96249667 34.979218436511 35 34.9779206277758 34.96249667 34.9167748699373 34.8698842192061 34.8078467956504 34.764526613493 34.7 34.6966723377798 34.646480852 34.56249667 34.532195172
34.7468454164654 34.9662333963459 35.1520756502262 35.061092686464 35.196294480013 35.3840838993856 35.3843868128504 35.2366135660743 34.7824079918947 34.9257485139114 35.3187915270157 35.35364318091 34.9348464574182 34.776737518 34.86072098 34.9029256122687 34.9966604512687 35.1463354384326 35.3706904310748 35.4178743067613 35.5022646020443 35.5614905292092 35.6255614975669 35.647077823029 35.7715026408809 35.7701649341048 35.791126542 35.6951373734473 35.6535115997766 35.569698022 35.4886315697756 35.4385888834483 35.348269502 35.2821257661038 35.22366616712 35.2 35.119698142 35.1 35.0712827599843 35.0994746487603 35.0669455575364 35.0441415736875 35.06963951 35.06963951 35.06963951 35.06963951 35.06963951 35.028640573031 35 34.9777886365212 34.96963951 34.9430909440733 34.8734088891506 34.76963951 34.7634604115984 34.6951375191777 34.6535119340462 34.5908003167298
34.6106962060972 34.9212638187205 35.37678235 35.421370488 35.4490728068272 35.2739344300097 35.1036362919999 35.0356811176252 34.6030616442213 35.0512080998905 35.167525721767 34.9087629534475 34.5044372035689 34.639234188 34.7587822793476 34.8675865207524 34.8664926329825 35.1571751259001 35.5165024263088 35.5987692167175 35.6610019717476 35.732955747535 35.833866798 35.8738673596476 35.8987434092388 35.8754535408301 35.7979397915787 35.7644846600126 35.676840862 35.569698022 35.5 35.455412342 35.3879893940311 35.3315780175601 35.233983822 35.2 35.1813557956661 35.17678235 35.17678235 35.1013286248923 35.183595415301 35.2412671942903 35.17678235 35.17678235 35.17678235 35.17678235 35.17678235 35.117909252 35.07678235 35.0206093210203 35 35 34.9780390522059 34.87678235 34.867909372 34.7644850285679 34.6946231038409 34.6535161477504
35.294561138 35.4054989578418 35.4524991525074 35.3697467789321 35.2370033204246 34.9716029759999 34.6713985606836 34.7645717930987 34.9023951581866 35.091411005306 34.8627204443525 34.4646389373257 34.4942253180935 34.6294584479479 34.830243946 34.9027605839385 34.8477973762164 35.2979572898866 35.635655928 35.742798768 35.78392519 35.857084448 35.964227288 35.98392519 35.9045422175967 35.8997218064447 35.8764781235139 35.783983702 35.676840862 35.5951290146103 35.5524995553483 35.455412342 35.4 35.3905362227759 35.3733132148172 35.3064515351414 35.28392519 35.28392519 35.28392519 35.2681285349758 35.2853515429344 35.297425449107 35.28392519 35.28392519 35.28392519 35.28392519 35.240510472686 35.1905362613554 35.1285211886032 35.0882398654382 35.08392519 35.08392519 35.0045426204376 34.9824731683962 34.8985736856452 34.867909372 34.78392519 34.753623692
35.4931366401319 35.4724041484578 35.4055873672162 35.2742007842194 35.0144019839999 34.7412424859999 34.3596938960874 34.446274404 35.0530493723028 34.9510428342615 34.634099886 34.3122390862827 34.5007925960433 34.5263791003692 34.6852734853049 34.9284078479156 35.1229843220001 35.5149329393461 35.6956886039989 35.8124885856751 35.89106803 35.964227288 35.9982405893027 36 35.9915514480454 35.9894919902806 35.891126542 35.783983702 35.6979314327416 35.6634726155844 35.5966554400897 35.5870854737637 35.5350261145622 35.4374532408882 35.3398803672141 35.3023974284599 35.3 35.3 35.3861390074821 35.3 35.3080806648302 35.39106803 35.39106803 35.39106803 35.4251680695264 35.4415311767995 35.339337772 35.29106803 35.225052092 35.19106803 35.19106803 35.1114340847552 35.0915514909188 35.089337892 34.99106803 34.975052212 34.8699778963849 34.7972934792891
35.5 35.4399372343668 35.30178913 35.1680247159999 34.8475217304466 34.5269568059999 34.2043471621666 34.1057158855797 34.9058697603405 34.753572925913 34.3269184906064 34.303461716 34.491285063993 34.4335356493137 34.6239880807592 34.8529207657085 35.3462019720001 35.5988149463785 35.7033995456945 35.8581377728461 35.9 35.9013089142326 35.90178913 35.90178913 35.90178913 35.9017581669942 35.891126542 35.7997134476076 35.7754660790857 35.669698022 35.5632251184723 35.50178913 35.5008636041411 35.441126662 35.333983822 35.3 35.3 35.3858801986747 35.3999031640186 35.39821087 35.407084088 35.49821087 35.49821087 35.49821087 35.4988808021784 35.4992022731283 35.4972853484351 35.4386019582582 35.3970297590485 35.3245718676448 35.2193459523381 35.1984355049686 35.19821087 35.099969045582 35.09821087 35.082195052 34.975052212 34.8684515051911
35.576840382 35.4410173897241 35.267908412 35.1161774339999 34.7984297979999 34.4255803225183 34.1019500259999 34.1502357433604 34.9237755977003 34.6580925487607 34.2213581861785 34.291023438 34.3808939540572 34.3578549630035 34.7136918439359 34.9142328691248 35.3036324538147 35.581434979246 35.741023318 35.7924445006327 35.79464629 35.7254037665115 35.780302098 35.8046815483902 35.899941488 35.998269382 35.891126542 35.7991425338523 35.749567887087 35.569698022 35.5 35.5 35.4972304991555 35.435772952 35.3321644267232 35.3 35.3 35.3 35.394587538 35.40699144858 35.508873218 35.6 35.6024797204762 35.6090851528225 35.60535371 35.560766292 35.5025842220044 35.5 35.4375183638743 35.4014370011863 35.4 35.3172370646923 35.210766412 35.1983624885711 35.10535371 35.1044962695502 35.0780811893892 34.975052212
35.576840382 35.4734843038152 35.3703718816128 35.2108237239999 34.8930760879999 34.4718619241032 34.1061967713246 34.2103360807527 34.9299221540001 34.5737600123911 34.216235946 34.1137948129292 34.18750345 34.235553064 34.533822206 34.7746233721766 35.1201077916045 35.4126701969675 35.5396667530791 35.6515164118884 35.6792536753164 35.6841492832556 35.767805548 35.8858759883997 35.994587778 35.9980531144563 35.878629992 35.771487152 35.6672384052597 35.569698022 35.5 35.4944280810242 35.4422374795478 35.341126662 35.3 35.3 35.3 35.3 35.394587538 35.5 35.508873218 35.602001454696 35.655920282732 35.769698262 35.7 35.660984470984 35.560766292 35.5051394438719 35.5 35.4359835452722 35.41249655 35.4015690095838 35.3172328509882 35.21249655 35.2113877338677 35.1859856067043 35.1096025167237 35.069698502
