catData/variables/futureClimate2070/rcp45/CNRM_CM5_2070_rcp45/bio17.asc
NCOLS 409 
NROWS 350 
XLLCORNER 60.897278365 
YLLCORNER 5.843756025 
CELLSIZE 0.0892857 
NODATA_value -9999 
[rows 243 to 269 of 350, columns 122 to 182 of 409]
-9999 -9999 -9999 -9999 -9999 -9999 -9999 -9999 -9999 -9999 -9999 -9999 -9999 -9999 -9999 -9999 -9999 -9999 -9999 -9999 -9999 -9999 -9999 0.117277866540983 0.794220360407094 1 1 1.89177236000036 3.51731458000012 4.43107578485283 4.7321969 4.7321969 4.9472503359914 5 4.74668907011259 5.01267680316466 5.75596222378355 6.16017017999995 6.83042423767947 6.48967851537244 7 6.88059094147624 6.3534225254717 6 4.67966203999973 3.46432666631582 2.24972452673594 1.12554581999959 1 1.00463593410808 1.33277779894422 2 2 2.30302458000032 3.37445297999997 4.11940841579635 4.64657571725584 4.4112618199998 3.82320534335952 3.7321969 3.7321969
-9999 -9999 -9999 -9999 -9999 -9999 -9999 -9999 -9999 -9999 -9999 -9999 -9999 -9999 -9999 -9999 -9999 -9999 -9999 -9999 -9999 -9999 -9999 0 0.231600980000197 1 1 1.74051372232959 3.35357248094539 3.80027983578006 3.66076849999993 3.90895019076903 4.25820327191259 4.61818021731824 4.03575750059293 4.66076849999993 4.77961428714217 6.21450495041661 7.26066596630873 6.89720370303407 6.66076849999993 6.36614254351493 6 5.80028064993567 4.56438065333862 3.75181912338645 2.32712857988787 1.42218822316246 1.33923150000007 1.35067005028831 2 2 2 2.20022909718992 3.0352214799999 4.1066498800002 4.66076849999993 4.07203031999973 3.0006019199996 2.66076849999993 2.66076849999993
-9999 -9999 -9999 -9999 -9999 -9999 -9999 -9999 -9999 -9999 -9999 -9999 -9999 -9999 -9999 -9999 -9999 -9999 -9999 -9999 -9999 -9999 -9999 0.0657764556855372 0.547151644713443 1 1 1.62899375409045 3.02040835261745 3.24237025329244 2.72889408710625 3.32093987999989 2.78631191999982 3.46379668000011 3.58934009999996 3.58934009999996 3.73038096949953 5.43324508989805 6.53642171999972 5.58943434930394 5.3324540089052 5.58934009999996 5.58934009999996 5.00059951999991 4.20027604730981 2.96796491308881 2.11608480651215 2 2 2 2 2 2 2 2.06690733335696 2.80766718292299 3.58934009999996 3.00060191999976 1.92917351999963 1.88977682132735 2
-9999 -9999 -9999 -9999 -9999 -9999 -9999 -9999 -9999 -9999 -9999 -9999 -9999 -9999 -9999 -9999 -9999 -9999 -9999 -9999 -9999 -9999 -9999 -9999 1 1 1.18052171458199 1.9439476389808 2.51791169999999 2.51791169999999 2.17600121829277 2.37890408577938 2.10201401014822 2.45289129392405 2.51791169999999 2.51791169999999 2.56387210614088 3.11877741021305 3.43378748571449 3.03582339999997 3.41027877999997 4.03582339999997 4.03582339999997 4.01473271070642 3.68174025871899 2.40741147720854 2 2 2 1.99165457908039 1.51791169999999 1.595126712775 2 2.14608460463057 1.92711591944192 1.46185436702856 2.28521239241366 2.21299730834119 1.33983341999967 1.73159498000013 2
-9999 -9999 -9999 -9999 -9999 -9999 -9999 -9999 -9999 -9999 -9999 -9999 -9999 -9999 -9999 -9999 -9999 -9999 -9999 -9999 -9999 -9999 -9999 -9999 -9999 1 1.16718914532505 1.44648329999991 1.73282555918351 2 1.6345841163078 1.85143599594626 2 2 2 1.44648329999991 1.44648329999991 1.44648329999991 1.44648329999991 1.61421379398056 2.37445538 3 3 3.58874058000006 3.33983101999987 2.26840261999993 2.44448817976066 2.55351670000009 1.50639309146186 1.4387542365232 1 1.16016778000009 2 2.13529541445963 1.90484331779475 1 1.23097017769673 1.77235971455768 1.7052466468118 1.88016164093392 2
-9999 -9999 -9999 -9999 -9999 -9999 -9999 -9999 -9999 -9999 -9999 -9999 -9999 -9999 -9999 -9999 -9999 -9999 -9999 -9999 -9999 -9999 -9999 -9999 -9999 1 1 1 1.19402136807048 1.37505489999998 1.12745438909117 1.27439008232788 1.876903426253 2 2 1 1 1 1.14473639773807 1.92797208000013 2.76538642510037 3 3 3.22081003935785 3.12745528922294 2.72561081780383 2.92612385361537 2.45351414503421 1.66553910709281 1.61412668787272 1 1.16016778000009 2 2 1.62554702000003 1 1.32329021219323 1.84575423922616 2 2 2
-9999 -9999 -9999 -9999 -9999 -9999 -9999 -9999 -9999 -9999 -9999 -9999 -9999 -9999 -9999 -9999 -9999 -9999 -9999 -9999 -9999 -9999 -9999 -9999 -9999 1 1 1 1 1.40998500958311 1.23664764550947 1 1.24382063569479 1.91257488921273 2 1.69637350000003 1.69637350000003 1.69637350000003 1.9279720800002 2.99940048000014 3.69637350000003 3.38587185152808 2.63975750662069 2.30362649999997 2.30362649999997 2.30362649999997 2.30362649999997 2.0381190379161 2 1.99474392773098 1.69637350000003 1.74500468245422 1.83872255754661 1.30362649999997 1.18993265226802 1.31049997717564 1.85344245791725 2 2.45972251189788 3.20583685680518 3.39274700000006
-9999 -9999 -9999 -9999 -9999 -9999 -9999 -9999 -9999 -9999 -9999 -9999 -9999 -9999 -9999 -9999 -9999 -9999 -9999 -9999 -9999 -9999 -9999 -9999 -9999 -9999 1 0.657647743812072 0.629393217421738 0.684667022688502 0.817986499779256 1 1 1.20304715640844 1.95845038482539 2 2.06813610729349 2.76780190000011 2.82157865023882 3.07036228900473 3.23219809999989 3.12866473346309 2.48268781999991 2 1.49312100283476 1.23219809999989 1.84876281963305 2 2 2 2 2.12297712580287 2.53620571999989 1.76780190000011 2.05530760950479 2.63913660926161 2.3706104680273 2.45203429320676 3.42796848000044 4.49939688000024 4.76780190000011
-9999 -9999 -9999 -9999 -9999 -9999 -9999 -9999 -9999 -9999 -9999 -9999 -9999 -9999 -9999 -9999 -9999 -9999 -9999 -9999 -9999 -9999 -9999 -9999 -9999 -9999 -9999 0.554113819999821 0.0831685098322441 0.560208615456645 0.945365854711212 1 1 1 1.94588497999991 2 2.08874178000012 3.13441966821241 3.64486575422689 3 3 3 2.48268781999991 2 1.33983101999987 1 1.80302578000011 2 2 2 2.07447277649956 2.86498042594028 2.76840381999978 2 2.0602006932587 2.1607697 2.0776019618623 3.08282509942322 4.49939688000033 5.57082528000013 5.8392303
-9999 -9999 -9999 -9999 -9999 -9999 -9999 -9999 -9999 -9999 -9999 -9999 -9999 -9999 -9999 -9999 -9999 -9999 -9999 -9999 -9999 -9999 -9999 -9999 -9999 -9999 -9999 -9999 0.910658700000051 0.963257763199102 1 1 1 1 1.94588497999991 2 2.08874178000012 3.16017017999995 3.76840141999983 3 3 2.59395205655395 2.04312395733293 1.46385826877987 1.0303609451071 1 1.07174336711868 1.88567060676874 2 2.01576439454268 2.91858679157048 2.85414181768323 2.06865019620371 2 2 2 2 3.1774763600004 4.66016658000033 5.73159498000013 5.26871977269948
-9999 -9999 -9999 -9999 -9999 -9999 -9999 -9999 -9999 -9999 -9999 -9999 -9999 -9999 -9999 -9999 -9999 -9999 -9999 -9999 -9999 -9999 -9999 -9999 -9999 -9999 -9999 -9999 -9999 1 1 1 1 1 1.94588497999991 2.01700324715558 3.07082888000021 3.98495621241739 3.99585139779634 3.98208710000009 3.98208710000009 3.09830661156251 1.49195438134899 1.00736684886448 1 1 1 1.87445418000041 2 1.0522247701466 3 2.99713093057365 2.75463947921257 2 2 2 2 2.02109201628895 3.34433346206966 4.0310178877171 4.02144132249629
-9999 -9999 -9999 -9999 -9999 -9999 -9999 -9999 -9999 -9999 -9999 -9999 -9999 -9999 -9999 -9999 -9999 -9999 -9999 -9999 -9999 -9999 -9999 -9999 -9999 -9999 -9999 -9999 -9999 1.05351549999999 1.0181860985136 1 1 1 1 2.01823991418759 3.13750821927252 4.16017017999995 5.012394113808 4.73427187965169 4 3.55411621999985 1.99305985996861 1.022008753491 1 1 1 1.87445418000041 2 2.05351549999999 2.1422548800004 3.0449440411694 3 2.71319193191069 2.05351549999999 2.02965393500859 2 2 2 2.73159498000013 3
-9999 -9999 -9999 -9999 -9999 -9999 -9999 -9999 -9999 -9999 -9999 -9999 -9999 -9999 -9999 -9999 -9999 -9999 -9999 -9999 -9999 -9999 -9999 -9999 -9999 -9999 -9999 -9999 -9999 2 1.42231300688549 1.03353497024769 1 1 1 2.03462676000037 4 4.16017017999995 5.20266175018047 5.30686351268618 4 3.55411621999985 2.48268781999991 1.48481896415345 1.04245981297978 1 1.10033317275381 1.89014036437987 2.11818225848731 3 3.08873938000041 3.85984420708748 3.09600737004572 3 3 2.55411861999972 2 2 2 2.73159498000013 3
-9999 -9999 -9999 -9999 -9999 -9999 -9999 -9999 -9999 -9999 -9999 -9999 -9999 -9999 -9999 -9999 -9999 -9999 -9999 -9999 -9999 -9999 -9999 -9999 -9999 -9999 -9999 -9999 -9999 2 2 1.26840022000007 1 1 1 2.03122689174896 3.82105412744465 4.12871719336193 4.80362769999993 4.56010682502452 4.073532664218 3.75048851999992 2.67906011999998 2.19637230000007 1.53620331999994 1.19637230000007 1.84170606062221 2.17171857857136 2.95650974223539 3.00339939695789 3.26768572384922 4 3.76840381999978 3 2.85293561415105 2.24893277211744 1.80362769999993 1.80362769999993 1.93326612969777 2.73159498000013 3.15769154808445
-9999 -9999 -9999 -9999 -9999 -9999 -9999 -9999 -9999 -9999 -9999 -9999 -9999 -9999 -9999 -9999 -9999 -9999 -9999 -9999 -9999 -9999 -9999 -9999 -9999 -9999 -9999 -9999 -9999 -9999 2 1.46432315320391 1.05274919127624 1 1 1.74951268000018 2.82094108000011 3.7750929863231 3.93797773815695 3.81335013736291 4.47473479288277 4.70250893159717 3.48268781999991 3 2.33983101999987 2 2 2.87445418000041 3 3.28047578743845 4 4 3.76840381999978 3 2.25109404000005 1 1 1.15766449672078 1.75117420775964 2.92751662776066 4.28587430328049
-9999 -9999 -9999 -9999 -9999 -9999 -9999 -9999 -9999 -9999 -9999 -9999 -9999 -9999 -9999 -9999 -9999 -9999 -9999 -9999 -9999 -9999 -9999 -9999 -9999 -9999 -9999 -9999 -9999 -9999 2 2 1.46938234677602 1.04258798137748 1 1.02318658231561 2.42797088000021 3.4450648939918 3.84696639785459 3.53946051029901 4.62188459845241 4.9202600933937 3.65817516524043 3.33922910000009 2.45511159106653 2 2 2.87445418000041 3.32087089631913 4 4 3.94566642814156 3.50773888370463 2.89720524444859 2.16591563479545 1.33922910000009 1.33922910000009 1.72825015706313 2.22394771478365 4.05059736663038 5.73968716304743
-9999 -9999 -9999 -9999 -9999 -9999 -9999 -9999 -9999 -9999 -9999 -9999 -9999 -9999 -9999 -9999 -9999 -9999 -9999 -9999 -9999 -9999 -9999 -9999 -9999 -9999 -9999 -9999 -9999 -9999 2 2.30043693665536 2.0808879551716 1.12554341999986 1.38843476117436 1.44528426000043 3.46295680247977 4.06577508569334 4.41065750000005 4.28621719796064 4.22068246978763 4.50966975677067 4.19821937344164 4 2.95076538290417 2.11022154892264 2 2.87445418000041 3.55744880440354 4.00710888376942 4.37421600805753 3.83983221999991 2.90489329171155 2.53519655292262 2.25688557536569 2 2 2.72530924746039 3.62103672267397 5.41523000900162 6.32976757367243
-9999 -9999 -9999 -9999 -9999 -9999 -9999 -9999 -9999 -9999 -9999 -9999 -9999 -9999 -9999 -9999 -9999 -9999 -9999 -9999 -9999 -9999 -9999 -9999 -9999 -9999 -9999 -9999 -9999 -9999 -9999 3 2.19697181999986 1.12554341999986 1.48988716812014 2.50836612362097 4.04278116087896 4.56504029462153 5 4.98914308875518 4.96417180000006 5.19510129662342 4.71538481212362 4.28382353237587 3.8219169199999 2.75048851999996 2.48208590000003 2.93497804962616 3.4559966548736 4.49105150062693 4.95404062387253 4.24470349162759 2.88005307287176 2.63902660262876 2.80606552187101 2.69703902637072 2.96417180000006 4.1627415892611 5.3182569998694 6.21368088000016 7.28510928000011
-9999 -9999 -9999 -9999 -9999 -9999 -9999 -9999 -9999 -9999 -9999 -9999 -9999 -9999 -9999 -9999 -9999 -9999 -9999 -9999 -9999 -9999 -9999 -9999 -9999 -9999 -9999 -9999 -9999 -9999 -9999 -9999 2.19697181999986 1.60956764175909 1.02995343741484 1.92945118682294 4.13786162423765 5.55351430000006 5.68170742588986 6.24232581328434 6.76078070754202 6.86022555163196 5.80522962919414 5.04401651995946 4.33983101999987 3.67335223167255 3.1090280475013 3.48402289332506 3.97583734584906 5 4.95088148419663 4.30346045325839 3.55351430000006 3.55351430000006 3.34624922089244 3.44588138000028 4 4.26286317841408 5.47206392241258 6.73159498000013 7.80302338000008
-9999 -9999 -9999 -9999 -9999 -9999 -9999 -9999 -9999 -9999 -9999 -9999 -9999 -9999 -9999 -9999 -9999 -9999 -9999 -9999 -9999 -9999 -9999 -9999 -9999 -9999 -9999 -9999 -9999 -9999 -9999 -9999 2.69881841898526 2.07845744386195 1.05411502000009 1.05194014000056 4.17748356000025 6.10009718474866 6.8565412800002 7.62494270000003 7.99939808000003 8.17905891999988 7.10763051999995 6.03620211999998 4.9647737199999 4.16773625802984 3.19697421999989 3.32797042372464 3.37505729999997 3.75011459999993 3.77228927546709 4 4 4 3.62554702000003 3.16723106650316 3.37505729999997 3.7429849278024 4.90776687504547 6.1066522800001 7.17808068000005
-9999 -9999 -9999 -9999 -9999 -9999 -9999 -9999 -9999 -9999 -9999 -9999 -9999 -9999 -9999 -9999 -9999 -9999 -9999 -9999 -9999 -9999 -9999 -9999 -9999 -9999 -9999 -9999 -9999 -9999 -9999 -9999 3 2.12554341999986 1.71280198399615 1.05194014000056 4.2392807709549 6.85654127999999 7.76669112208705 8.6330576941771 10.2028087751286 9.63635784164906 8.53930017183004 8.21398354530934 6.96922172121141 5.15168154773222 3.33414137425286 2.39105538077347 2.30362889999995 2.30362889999995 2.39236828000036 3.41516511314318 4 3.78898243989813 3.18993415358086 3 3 3.17875792598143 3.96379548000028 5.54468548097729 6.24382110554367
-9999 -9999 -9999 -9999 -9999 -9999 -9999 -9999 -9999 -9999 -9999 -9999 -9999 -9999 -9999 -9999 -9999 -9999 -9999 -9999 -9999 -9999 -9999 -9999 -9999 -9999 -9999 -9999 -9999 -9999 -9999 -9999 2.28494945490999 2.02915124489567 2 2.54765952647836 3.5665617343135 7.28314876411883 8.76779950000008 9.6768804400004 12.0553061535364 11.9861807833421 10.5090144337042 9.76779950000008 9.46121636551915 6.71676353486926 3.5451851476286 2.12554581999959 2 2 2.08873938000041 3.0371910385999 3.23220049999992 3.16183804101158 3 3 2.60280980957068 2.68423338023503 3.66016658000033 4.90147170015359 5.84876144965236
-9999 -9999 -9999 -9999 -9999 -9999 -9999 -9999 -9999 -9999 -9999 -9999 -9999 -9999 -9999 -9999 -9999 -9999 -9999 -9999 -9999 -9999 -9999 -9999 -9999 -9999 -9999 -9999 -9999 -9999 -9999 -9999 2 2 2.79381306540688 3.01452987153946 4.19419502000051 8.02514897619593 9.19436398993653 10.7483088400003 12.8994298777989 12.9283143283334 12.6728891689316 11.5295086588036 11.3932601267307 8.13808934713678 4.43015055999969 3.69864006512759 2.88464474874012 2.83922790000002 2.85349471647538 3 3 3 3 2.62580390581326 2.07760312031882 2.5887381800002 3.66016658000033 4.73159498000013 5.1291037551517
-9999 -9999 -9999 -9999 -9999 -9999 -9999 -9999 -9999 -9999 -9999 -9999 -9999 -9999 -9999 -9999 -9999 -9999 -9999 -9999 -9999 -9999 -9999 -9999 -9999 -9999 -9999 -9999 -9999 -9999 -9999 -9999 -9999 2 2.94588497999991 3.92796968000025 5.1039968979399 7.54123384697807 10.3531615859485 11.9025332547792 12.0893436999999 12.4953905733249 13.4710935957838 14.3415960947282 14.7016071392987 11.0739819999998 5.86033058876073 4.1143290919213 3.91549135053732 3 3 3 3 3 3 2.55411861999973 2.47109141020885 3.49939448000026 3.9696380248736 4.06536340241459 3.35806539995551
-9999 -9999 -9999 -9999 -9999 -9999 -9999 -9999 -9999 -9999 -9999 -9999 -9999 -9999 -9999 -9999 -9999 -9999 -9999 -9999 -9999 -9999 -9999 -9999 -9999 -9999 -9999 -9999 -9999 -9999 -9999 -9999 -9999 2.85879042803255 3.92796968000001 4.98239487439681 5.09033161561135 6.49842583999974 9.25366303804032 10.0358305999998 10.4035774995305 10.5880078033673 11.5871468342034 14.1848489958872 13.7033162906544 10.8148248869159 5.98487109999945 3.26675774897005 3.0179152999999 2.98299915139983 2.0179152999999 2.17521362617097 3 3 2.63225545747258 1.57203391999963 1.02718305990149 1.62456878 2.68417009766952 2.29942706354489 2.02144419524016
-9999 -9999 -9999 -9999 -9999 -9999 -9999 -9999 -9999 -9999 -9999 -9999 -9999 -9999 -9999 -9999 -9999 -9999 -9999 -9999 -9999 -9999 -9999 -9999 -9999 -9999 -9999 -9999 -9999 -9999 -9999 -9999 -9999 3.10956659241114 3.94878084247668 4.06989998736491 5.00474884774732 5.51688123428113 8.38489694405751 8.97902749925 7.70883422360904 9.78474136000029 10.9206567784196 11.4722168129368 11.1792917199998 9.45456602751121 5.82032857773501 5.05351310000001 4.2088647381837 3.14230195579601 2.09752876136821 2 2.20680932092028 2.909189584652 2.59207205976406 2.0238604948761 2.05351310000001 2.02200789489983 2.03532756021222 2.74595816467589 2.32589343130878
-9999 -9999 -9999 -9999 -9999 -9999 -9999 -9999 -9999 -9999 -9999 -9999 -9999 -9999 -9999 -9999 -9999 -9999 -9999 -9999 -9999 -9999 -9999 -9999 -9999 -9999 -9999 -9999 -9999 -9999 -9999 -9999 -9999 4 4 5 5.07765424889424 6.0352286799999 6.90399477398306 7.0378606454217 7.12494150000004 7.90529028340253 9.39237068000005 9.2863179199999 8.21488951999983 7.87505849999996 6.36933818549165 6.10925561693056 7.07082407999994 6.09031953999971 3.95854997124555 2.20985979463031 1.79733979412329 1.42796608000036 2.12494150000004 2.51511379156099 3 2.48481965131632 2.70262587724523 3.09140657419372 4.63065731436789
