catData/variables/futureClimate2070/rcp45/CNRM_CM5_2070_rcp45/bio15.asc
NCOLS 409 
NROWS 350 
XLLCORNER 60.897278365 
YLLCORNER 5.843756025 
CELLSIZE 0.0892857 
NODATA_value -9999 
[rows 208 to 233 of 350, columns 120 to 179 of 409]
-9999 -9999 -9999 -9999 -9999 -9999 -9999 -9999 -9999 -9999 -9999 -9999 -9999 -9999 140.804243393792 143.49916313345 146.405491734485 149.17749076 150.153286344135 152.035137997232 154.546295260707 153.04804062242 147.81874575794 137.798204486539 121.286030137951 109.583445357528 102.073596079999 98.3939412400001 97.0869456889502 97.7816077934319 99.8962098020869 102.546377622395 104.631438773124 106.355648837284 106.151236755839 105.796959139679 105.7678091 105.021333389284 106.389069426234 108.32034036 110.23159858 111 111 111 111.397196999345 111.315768725137 111 111.73159738 112.186455278581 112.903604776937 113.219625327544 113.245482427974 114.020604476508 114.355169179011 115.053774525471 115.53521548 116.519699305566 117.103529598915 117.2321909 117.368890547878
-9999 -9999 -9999 -9999 -9999 -9999 -9999 -9999 -9999 -9999 -9999 -9999 -9999 -9999 139.969882014687 143.264239248632 146.445287492992 148.33825326 149.714805092693 150.849216375462 154.917720992766 154.09031954 149.903624760073 141.35691643534 131.478858851287 121.904503273177 109.944630987829 100.987950382107 97.2107194777144 96.6066486800002 98.2785564451675 100.004915773322 101.80263026 103.94548706 105.027122044426 105.1607625 105.1607625 105.01731338 106.103008130407 107.48110286 109.39236108 110.1607625 110.475019496973 111 111.51731218 111.905352592508 111.8392375 111.956850923802 112 112.140579440112 112.1607625 113.002782956422 113.235235915423 114.025748972732 114.355126699113 115.048714989042 115.53521548 116.1607625 116.1607625 116.1607625
-9999 -9999 -9999 -9999 -9999 -9999 -9999 -9999 -9999 -9999 -9999 -9999 -9999 -9999 -9999 141.50666594999 144.256422213177 146.35615896 147.23764423048 150.664585110766 153.731941102411 154.02243018807 150.21645048 143.635498888864 131.975299167251 119.926707000489 113.973475805105 102.478309330808 96.6814244712356 96.0398328405927 97.1239632600002 99.2142252357505 100.719147196078 102.55253366 103.89236228 104.885671888437 105 105.01731338 106.007927667049 106.263812938877 107.41026678 108.454624537466 109.46378948 110.495385253809 111.51731218 112 112 112 111.268711805333 111.0893341 111.95071711101 112.105098619182 113.08873938 114 114.020689436304 114.365288251868 115.033451419961 115.0893341 115.0893341 115.0893341
-9999 -9999 -9999 -9999 -9999 -9999 -9999 -9999 -9999 -9999 -9999 -9999 -9999 -9999 -9999 -9999 143.594607532053 146.581381578151 146.351647093652 147.520409607463 150.466335715344 151.0537171 150.05701939302 143.809526419998 131.672015353325 116.139552459491 104.327566949327 97.1891219941523 95.0291064713285 95.4558079758269 96.5265774596752 98.1953916600001 100.326427629321 101.026199612361 102.627488978318 103.89236228 104.0179057 105.000310008188 105.0179057 105.020773659192 105.494861625306 107.32093268 108.760111574302 110.44588378 111.009262836701 111.0179057 111.666253892295 112 111.985621261291 111.12329783421 111.016936689713 112.000309965215 112.10664508 113.0179057 113.0179057 113.32093028 114.0179057 114.0179057 114.0179057 114.0179057
-9999 -9999 -9999 -9999 -9999 -9999 -9999 -9999 -9999 -9999 -9999 -9999 -9999 -9999 -9999 140.8679119993 143.49842824 146.68120219765 146.678609889524 147.438412412001 147.9464773 147.165625131298 148.050036526473 143.971021307296 132.014420733104 117.115888082105 101.63677458182 94.7764439670154 93.9129965914216 94.3923634800002 95.9811064600002 97.5667313938957 99.3203427600003 101.46319956 102.04298023637 102.881176002806 103.050626318019 103.9464773 103.951226999668 104.16017018 105.23159858 106.60605396 108.728868897033 110.416225983792 111 111 111 111.69244031291 111.989457407915 111.12554582 111 112.016384449611 112.951226871214 113 113 113 113 113 112.972312183838 112.9464773
-9999 -9999 -9999 -9999 -9999 -9999 -9999 -9999 -9999 -9999 -9999 -9999 -9999 -9999 -9999 140.44588858 142.55195094 145.17749076 146.66017378 147 147.100339554305 147.99941008 150.134915528607 147.32448297424 136.809156887994 128.237367200365 110.449625280966 97.3783260850944 92.6403176224274 93.3209350800001 94.9096780600002 97.0525348600001 99.1953916600003 101.33824846 102.778416334422 103.109264311573 103.952646711275 103 103.08874178 104.16017018 105.26053707733 106.69314150552 108.37445538 109.836053891217 110.939687625934 110.926436216914 110.8750489 110.8750489 111.67807468 111.219122743381 111.1249511 112 112.077651296856 112.8750489 112.8750489 112.8750489 112.8750489 112.8750489 112.35773912 111.8750489
-9999 -9999 -9999 -9999 -9999 -9999 -9999 -9999 -9999 -9999 -9999 -9999 -9999 -9999 -9999 -9999 142.457161889874 145.17749076 146.530529183171 147.090963840615 147.99941008 149.242564297263 151.673162467778 150.626748776872 139.221514233087 123.09893298413 111.596732486044 105.662373470649 95.1648432116076 92.9687154647443 93.9262387243108 95.78472696 97.7979396344814 100.017732258996 102.370995632475 103.67807708 103.98937291943 103 103.08874178 104.191624319863 105.614095446659 107.362535266819 108.497299519703 109.44588378 110.415722672748 110.33049650073 109.870356345792 109.8036205 110.60664628 111.67807468 111.989372448119 112 112 112 112 111.940492184492 111.8036205 111.8036205 111.28631072 110.8036205
-9999 -9999 -9999 -9999 -9999 -9999 -9999 -9999 -9999 -9999 -9999 -9999 -9999 -9999 -9999 -9999 141.792184771904 144.799545623853 145.7321921 146.803538773077 148.214664813266 149.97911513693 150.956524638623 149.084640445356 141.649816937447 128.027159351437 113.344502967448 105.702850803793 98.479484856599 95.3760355399996 94.0275751826183 94.3502295755459 95.5691625909181 97.9988711392775 100.711162058947 102.305219260331 103.663584650135 103.00463665994 103.35654968 104.58814826 106.561430409353 107.979363721686 109.100282108961 109.474869282468 109.7321921 109.7321921 109.248821588179 109 109.80302578 110.640268442408 111.67807468 112 112 112 111.937976713386 111.510319896418 111 110.880589443973 110.353421965831 109.842331264364
-9999 -9999 -9999 -9999 -9999 -9999 -9999 -9999 -9999 -9999 -9999 -9999 -9999 -9999 -9999 -9999 142 143.566512335647 144.884718610484 144.751813983385 145.994407737254 147.19598638 150.480068875008 147.264405682277 142.160372347268 131.489210593401 119.148570719998 108.472177274338 101.230596956413 96.4841786841509 94.9908389278342 94.2042511203721 95.2050605563174 97.4631995599999 98.8030281800001 100.45226574529 102.231655139159 103.01731338 104.08874178 105.32034036 107.46319716 109.102797751495 109.586662822374 109.705376183757 109.163745230112 109 109 109 109.530610285588 109.957410300543 110.94588258 111.666636212805 111.969896381064 111.6607637 111.507733351197 111 110.872971956541 110.36614146959 109.824509744279 109.271746881852
-9999 -9999 -9999 -9999 -9999 -9999 -9999 -9999 -9999 -9999 -9999 -9999 -9999 -9999 -9999 -9999 -9999 142.525049115146 143.83884438 144.047954799538 144.80303058 145.87445898 147.841336734292 147.955163639598 144.757743488225 136.225647895487 124.19015836697 113.504644990572 104.713901156227 97.6715652513115 93.7529280031984 92.8311112592588 94.4382959765677 96.6418701599997 98.3114741066314 99.8229003290889 100.94588498 102.210203968008 104.08874178 105.32034036 107.46319716 109.30302698 110 110 109.695129671206 109.168889726336 109 109 109 109.515346716507 110.53521788 111.010201971592 111.537038050866 111 111 110.875558501762 110.368656940696 109.816892256847 109.284466385611 108.758226011932
-9999 -9999 -9999 -9999 -9999 -9999 -9999 -9999 -9999 -9999 -9999 -9999 -9999 -9999 -9999 -9999 -9999 141.10665228 142.17808068 143.24950908 143.933801978293 144.488702139509 144.51984487855 147.508318794177 146.520465299999 140.273769526882 128.871149231175 117.71901488 107.89563576802 99.0739104692355 93.6807555704522 92.3049140516686 93.1780782800001 94.2757080482008 96.1597770600002 98.3026338600002 100.411614924503 101.035246817929 103.16733737982 104.83824726 106.98110406 108.967021096172 110 110 110 109.41125942 109 109 109 109 109.94588258 111 111 111 111 110.69697542 109.819478802068 109.286981856716 109 108.41126182
-9999 -9999 -9999 -9999 -9999 -9999 -9999 -9999 -9999 -9999 -9999 -9999 -9999 -9999 -9999 -9999 -9999 140.262862154144 141.472072660967 142.73160218 143 143.484031846298 143.975839878591 148.658710966962 148.158922411629 142.842807713481 133.563070361849 121.872609803039 111.4695082 101.599267565633 94.4650951954125 91.6741181025958 91.7412308274853 92.2979132076252 93.6080414972642 95.6418701600001 98.7306119399996 100.46379188 101.673082543179 104.231682721711 105.90967566 107.88480051149 109.100226103621 109.4464785 109.732821913842 109.41125942 109 109 109 109 109.94588258 110.456060499616 111 110.911343690163 110.574671964948 110.69697542 109.418279244831 108.4464785 108.4464785 108.183619560501
-9999 -9999 -9999 -9999 -9999 -9999 -9999 -9999 -9999 -9999 -9999 -9999 -9999 -9999 -9999 -9999 -9999 -9999 141.107973197794 142.73160218 143 143.327965927895 145.739578994169 151.23258402 150.005844412833 146.37859154 138.096927829289 127.094455700001 115.912136995669 104.861874079998 96.1243708299201 91.6682720535232 90.587425962086 91.1066498799999 92.1780782800001 93.5774717077748 96.5877551399997 99.4031834750999 101.210766173463 103.53522028 104.693509750589 106.05312718 107.12455558 108.028755223723 108.89236228 109.154242886597 108.587427461966 108.3750501 108.3750501 108.921540152346 109.354753356217 109.39236108 110.3750501 110.314979158094 110.086860170469 110.07202552 109.094172844811 108.346296376157 108 108
-9999 -9999 -9999 -9999 -9999 -9999 -9999 -9999 -9999 -9999 -9999 -9999 -9999 -9999 -9999 -9999 -9999 138.384383183143 139.824412345379 141.848317462385 142.3036217 142.3036217 144.769780328648 151.97062588656 150.12613334 147.405495057934 140.70293229346 130.847818015506 119.160027512258 108.076159279999 98.5903716122135 92.3952949689011 90.799557643313 91.42797808 91.9401950811595 92.2655039933958 95.1412766399997 97.6418701600003 99.7847269600002 101.878952617659 103.53522028 104.60664868 105.67807708 106.74950548 107.460688903522 107.6072434 107.406801772005 107.3036217 107.3036217 108.17807588 108.3036217 109.01731098 109.938203821412 109.415159066351 110 109.69697542 109 108.864620737406 108.33613499483 108
-9999 -9999 -9999 -9999 -9999 -9999 -9999 -9999 -9999 -9999 -9999 -9999 -9999 -9999 -9999 -9999 -9999 -9999 138.813461708552 140.69539766 141.848765559629 142.671415463719 143.207064124381 150.456345383799 149.75437326401 146.55431198008 141.325016944169 132.667151508261 121.129066627649 109.754831079998 100.111975479999 93.4128347799998 91.2609226912877 91.1698725671974 91.8487637168929 92 93.385141289853 95.512306689164 98.4096768600002 100.429553922656 101.69598518 102.76741358 103.83884198 104.91027038 105.861582357796 105.780154338114 105.971268765976 105.670467929933 106.080955174157 107.10664748 107.958448282337 108.24950428 109.211588610518 109.16016778 110 109.69697542 109 109 108.48269022 108.45203711915
-9999 -9999 -9999 -9999 -9999 -9999 -9999 -9999 -9999 -9999 -9999 -9999 -9999 -9999 -9999 -9999 -9999 -9999 138.106132771724 140.237955488692 141.129099130891 142.769100549527 143 149.17529691036 149.73376746 146.35930968 141.378793139999 132.9697062 121.50650664 109.238617714276 99.5339956865546 93.150934306305 90.5005935199998 90.1607649 90.2898636450549 91.0554044553621 92.1066498799999 94.1981750438048 96.4990133600002 98.4816999799999 99.3587627225538 99.7853216800001 101.17100617828 103.141614898697 104.243930540886 103.238697460469 103.14246368 103.978661720728 104.96379068 105.301346438802 107.061230241614 108.002782997969 108.235238102449 109.025749357135 109.1607649 109.112049183699 109 109 108.916834744949 108.933883534634
-9999 -9999 -9999 -9999 -9999 -9999 -9999 -9999 -9999 -9999 -9999 -9999 -9999 -9999 -9999 -9999 -9999 -9999 -9999 139.28414304 141.55191777718 142.863243584667 143 144.47976712882 146.414377802254 146.213446357693 140.468129639999 132.335000495794 121.847511672537 109.193810981437 97.9970349339752 92.3072515855342 89.7386346404891 89.0893365 89.0893365 89.9637930800001 91.0352214799999 93.1239632600004 95.1860061600291 96.1929820432855 96.4789178734579 97.7576555902014 99.8382472599999 101.575053976312 102.178673 101.537336397175 101.74950548 102.82093388 103.89236228 104.885670004149 106.030384419108 107.0893365 107.17807588 108.0893365 108.0893365 108.0893365 108.0893365 108.495384398096 109 109
-9999 -9999 -9999 -9999 -9999 -9999 -9999 -9999 -9999 -9999 -9999 -9999 -9999 -9999 -9999 -9999 -9999 -9999 -9999 138.739897289999 141.412619088071 142.01565989886 142.0179081 144.051637247281 146.8965261993 145.37434939342 140.151339693508 131.29064368 121.26662447263 109.641380865698 98.3355248012291 91.6555713481598 89.3459143049096 88.2815017820202 88.8065555710499 89.0156598558802 90.8927390571895 93.0176234297406 94.10664988 95.0179080999999 95.2495066800001 96.3263617174605 97.7847269599998 99.4816999799999 100.0358162 100.025272974819 101.326423687889 102.73159738 103.014380665971 103.89236228 104.034847059831 105.052817173239 106.019497253691 106.193115679379 107.245356832449 108 108 108.007984888341 108.525953844729 109
-9999 -9999 -9999 -9999 -9999 -9999 -9999 -9999 -9999 -9999 -9999 -9999 -9999 -9999 -9999 -9999 -9999 -9999 138 139.46320436 141.60606116 142.87445898 143 145.068336374261 148.773740955137 146.207709584534 140.444708793929 132.37977618 121.633588332723 109.231948957879 98.9962107915151 92.1538265981746 88.6978449696906 87.9608445602945 87.9464797 88.8209362800001 88.9971037478951 92.0519401400006 94.9952505133118 94.9636244121693 95.0411250745188 95.2705907902447 95.9130003642742 95.9464797 96.4361051769328 98.0389309875363 99.4996080800001 100.57103648 100.8394391 101.71389328 102.835945599446 103.893885888843 104.03521908 105.10664748 106.17807588 106.962697666429 107.37445298 108.023863705222 108.543143505382 109
-9999 -9999 -9999 -9999 -9999 -9999 -9999 -9999 -9999 -9999 -9999 -9999 -9999 -9999 -9999 -9999 -9999 -9999 -9999 139.46320436 141.60606116 142.87445898 143 144.7977227716 147.466903369618 146.48425838 141.706404578629 134.234872452907 123.75601572 111.635842937076 101.374471071475 93.8274131099845 88.9369983042913 87.14345152 86.9753886271544 87.7651943671226 89.057310477201 92.0497768556769 94.8084858600932 94.4252760042302 95.7684014199998 94.6969730199999 94.327667667061 94.8750513 94.9396887843852 95.5151782098918 96.5352202800001 97.5152365384456 97.8504396272775 98.7495054800004 100.76681646 101.89236228 102.96379068 104.055231835893 105.23159618 106.30302458 107.37445298 108.44588138 109 108.926437929769
-9999 -9999 -9999 -9999 -9999 -9999 -9999 -9999 -9999 -9999 -9999 -9999 -9999 -9999 -9999 -9999 -9999 -9999 -9999 139.123157345538 141.371003776512 142.67808188 142.8036229 142.824339102661 144.354976720001 147.42221813352 142.862509597618 134.695706569141 123.617165585818 112.347900030082 101.831711342991 93.7446806809418 88.5556915799994 86.3211078768431 86.6453318347934 86.9753461472563 89.6519047906937 92.0346267600004 94.1061686334054 95.3880010354549 96.16115562 95.0897272200001 94.2456852767925 94 94.415723914297 94.6880077322471 95.26741478 95.7509147718519 96.4489528060983 97.4816999800003 99.4990109599996 100.82093388 101.89236228 103.09250517585 104.8843221662 106.10664748 107.251609870299 108.358320487652 108.905210694398 108.41126182
-9999 -9999 -9999 -9999 -9999 -9999 -9999 -9999 -9999 -9999 -9999 -9999 -9999 -9999 -9999 -9999 -9999 -9999 -9999 137.46379668 139.926230234008 141.573032904369 141.7321945 141.771463321121 144.426275258492 148.48307134 145.58338758375 138.283440754626 127.232732773996 116.036582111376 104.362465199999 95.256741531869 89.4503224534927 86.5368004400001 86 86.8744565800001 88.6384567599884 91.503652378388 93.9096780600002 95.9667459497199 97.0890316670322 96.4291675199999 95.1838461605372 94.0289852427103 93.870733547021 93.4112594199999 93.4833720962267 94.46379188 94.9472492205258 95.6402705410983 97.6239596599998 99.7541414556546 101.06497448597 101.935256092407 103.46319236 105.30302458 106.648625392465 107.851603985912 108.378771375712 108.458790965328
-9999 -9999 -9999 -9999 -9999 -9999 -9999 -9999 -9999 -9999 -9999 -9999 -9999 -9999 -9999 -9999 -9999 -9999 -9999 136.23523365846 137.92759336 140.663742420351 141.320877064878 141.379433040839 144.312080394285 150.788326777973 148.367428823688 140.987407900001 129.89866612 117.810434304403 106.166088099999 96.8290116372025 90.6015634119052 87.0581352467832 85.7944051373773 86.2385773639859 87.2674171799998 89.3675990545808 92.1296776398777 93.5887292451747 93.5354290799999 94.3091945926916 94.4485601589333 94.0715163272721 93.6810562516612 93.6109801830416 93.3392339000001 93.8226486475529 94.5306122128501 94.9574106018528 96.5708897234443 98.6953880600003 100.690869505961 101.32033556 103.46319236 105.30302458 106.37445298 107.44588138 108.175489014178 108.72825213112
-9999 -9999 -9999 -9999 -9999 -9999 -9999 -9999 -9999 -9999 -9999 -9999 -9999 -9999 -9999 -9999 -9999 -9999 -9999 134.565359656076 136.19539886 139.728066284018 141.513003067012 141.613764418041 143.819285107213 152.1662100599 150.853539282257 144.487912657842 133.11295132 120.618575204215 109.319269780985 100.922322993724 94.9628430826947 89.3358128866634 85.5557214412724 84.640893649607 85.5352226799998 87.6239644600003 89.6416365765191 90.1500569290203 90.1364897744606 91.0709499034312 92.3993560724017 92.9511207586274 93.3911160096568 93.8311112606861 94.2711065117156 94.4106623000001 94.0808898862259 94.8744541800004 95.5574442641671 97.6239596600003 99.7145189978919 101.254560691079 103.05253006 104.89236228 105.96379068 107.218325753038 108.304870155933 108.831110275097
-9999 -9999 -9999 -9999 -9999 -9999 -9999 -9999 -9999 -9999 -9999 -9999 -9999 -9999 -9999 -9999 -9999 -9999 -9999 134 135.60606116 138.201808398211 140.40968406 140.544193083499 142.926439092287 152.374770887278 153.269378459999 147.92303351185 137.350895059842 126.238958320634 116.254053024014 107.047290298606 98.7085370518865 91.3705059601206 85.4957131451675 84.0650201047717 85.4018873321275 87.5000242210331 88.5179093 88.6780794799999 89.7412123431026 90.4929447021858 90.5179093 90.9637930800002 92.0352214800001 93.3904762383307 94.3419076543136 94.5179093 94.4891460407965 94.9349786522461 95 96.5525312600003 98.6953880600008 100.832507874355 102.833632695467 104.156939248111 104.89236228 106.194716793399 107.285208833957 107.822822278687
-9999 -9999 -9999 -9999 -9999 -9999 -9999 -9999 -9999 -9999 -9999 -9999 -9999 -9999 -9999 -9999 -9999 -9999 -9999 -9999 135.60606116 137.264888212404 139.33825566 140.01731578 141.503968028138 147.923041211631 153.879873526008 150.111398328456 142.979202793374 133.169560102942 121.483704857045 109.81448382442 98.7294147556884 90.6519277682145 84.9637755909358 84 85.8917699599998 87.4177310404529 85.8350438701978 86.4996128799997 87.6744456224371 88.9860902837358 89.6537491049277 90.4458837800001 91.5173121800001 92.8516020040249 93.4464808999999 93.4464808999999 94.24950668 94.9305079907051 95.5235640743873 96.5785591019306 98.1774787600008 100.303191489131 102.252750889117 103.4464809 103.613667003518 104.33884318 105.41027158 106.218839627529
