catData/variables/futureClimate2070/rcp45/CNRM_CM5_2070_rcp45/bio11.asc
NCOLS 409 
NROWS 350 
XLLCORNER 60.897278365 
YLLCORNER 5.843756025 
CELLSIZE 0.0892857 
NODATA_value -9999 
[rows 104 to 129 of 350, columns 0 to 57 of 409]
-9999 -9999 -9999 -9999 -9999 -9999 -9999 -9999 -9999 -9999 -9999 -9999 -9999 -9999 -9999 -9999 -9999 -9999 -9999 -9999 -9999 15.6745789711745 15.735671288 15.842814128 15.9157742644414 15.971051195803 15.99822335 15.9498818697083 15.8790878274639 15.778626632 15.7035741929751 15.6649290507307 15.5941350084864 15.517906372 15.43392555 15.4236444602468 15.4 15.4 15.4 15.4 15.4 15.326838102 15.2182685278723 15.1404428437982 15.0054681624462 14.4252158679999 14.0229574076098 13.7947249827173 12.869133380576 11.8134917616681 10.91902567635 10.6166369502745 10.9112563612037 11.4165759327088 11.54428092956 11.3400840740594 11.2724812097275 11.8259784352464
-9999 -9999 -9999 -9999 -9999 -9999 -9999 -9999 -9999 -9999 -9999 -9999 -9999 -9999 -9999 -9999 -9999 -9999 -9999 -9999 -9999 15.307099928 15.3988635027752 15.480317218 15.587460058 15.6599060533896 15.67679483 15.7068413421662 15.6848832584455 15.6252604229427 15.61786322 15.55893161 15.5552862408924 15.5150016789917 15.4904877321159 15.4410724692724 15.3846208333393 15.35893161 15.3376855445628 15.2453246755235 15.0862061931449 14.7769441103878 14.6079592509516 14.768882661893 14.5277836904663 13.8774003199138 13.1465210683698 12.4418962015902 11.5926838925597 10.8949125742495 10.3173794925792 10.5669798385761 11.0904928757461 11.61758506 11.7336001785985 11.7136167858484 12.1433624552786 12.4681677471133
-9999 -9999 -9999 -9999 -9999 -9999 -9999 -9999 -9999 -9999 -9999 -9999 -9999 -9999 -9999 -9999 -9999 -9999 -9999 -9999 -9999 14.9710609475015 15.00715508 15.0302480954596 15.110677468 15.217820308 15.2907725656032 15.380317218 15.288134084355 15.3854228559979 15.40357754 15.35536631 15.346489972 15.271385488 15.332204292 15.2407559652084 15.169707382 15.0426621394997 14.7112576291652 14.2150480493741 13.927264627481 13.7843877350057 13.8349664421239 13.8288491174509 13.0818554761605 12.0332915570059 11.2771669863271 11.1965667333846 11.0843946378089 10.7887300572538 10.5825227013668 10.9129496150118 11.3483479808208 11.8597079926734 12.3061379605678 12.2782161992102 12.5673153786133 11.5910968352025
-9999 -9999 -9999 -9999 -9999 -9999 -9999 -9999 -9999 -9999 -9999 -9999 -9999 -9999 -9999 -9999 -9999 -9999 -9999 -9999 -9999 14.52322965 14.52322965 14.52322965 14.5176899417575 14.6039884837748 14.7704392464284 14.936890009082 14.9513299852068 15.1101775312216 15.13393779 15.1942426298217 14.8688260706999 14.8768683639929 14.8575346816571 14.8096997643107 14.741136022 14.4954467507641 14.0027308899004 13.5650486766253 13.3154223001067 13.2161826776775 12.6239381384839 11.9091191984605 11.3724467745092 10.813369396466 11.0067283999993 11.4359712387698 11.3201738748073 10.9444203156171 10.9045986336036 11.4633263723188 11.4354234794697 11.7084675220001 12.5253795056446 12.601196501235 12.3582395797835 10.6010306835169
-9999 -9999 -9999 -9999 -9999 -9999 -9999 -9999 -9999 -9999 -9999 -9999 -9999 -9999 -9999 -9999 -9999 -9999 -9999 -9999 -9999 13.837904219645 13.8782109317826 13.827892578395 13.810788012 13.8434785790326 13.9908032947464 14.0924039349202 14.443779617131 14.7217707262249 14.5135474064054 14.8157009346848 14.2908443510289 14.3190108532574 14.2440888133691 14.0810851201701 13.9532728037677 13.7289198420119 13.5538835466886 13.2078643301508 12.5421584016944 11.8427920989054 11.3839137235039 11.2468965651984 11.3911848764061 11.5913661618461 11.8058291221286 11.6534046554704 11.1285485404489 11.0393993670715 11.6902911947645 11.7991796143118 11.073650346 11.6221515888052 12.5803327731204 12.4722943404453 12.073859349682 12.0764434634358
-9999 -9999 -9999 -9999 -9999 -9999 -9999 -9999 -9999 -9999 -9999 -9999 -9999 -9999 -9999 -9999 -9999 -9999 -9999 -9999 -9999 12.8008995125466 12.6937087235966 12.4454226527109 12.2226965575177 12.0840786216799 12.8235799091845 13.92582076997 14.6133839320833 14.6147913029861 14.221637368 13.8937278063264 13.33396275 13.3897413275563 13.6126754459999 13.4362735513962 13.396220439464 12.9972300432525 12.5749866513655 11.9949124760492 11.6758820543791 11.6277245926246 11.7314432072187 11.8976641845995 12.0411468053808 12.1356583903858 11.8790067861722 11.3449320090068 11.4582192024215 12.0942268114362 12.2841068869395 11.4109872415881 10.6580861596146 12.0914442294465 12.5455008786857 12.4480612295435 12.9950158273975 13.7716661801759
-9999 -9999 -9999 -9999 -9999 -9999 -9999 -9999 -9999 -9999 -9999 -9999 -9999 -9999 -9999 -9999 -9999 -9999 -9999 -9999 -9999 -9999 11.692671062604 11.5148500357469 11.8090132604089 12.3990946448794 13.3560821827664 14.209731181898 14.1849224699266 13.4669624486465 13.1383742422208 13.217665283958 13.3207613244271 13.4546918516442 13.3359469586833 12.9511985550542 12.5161822975801 11.9770293579999 11.750757911706 11.85891389567 12.1202073886261 12.3213952136449 12.3793402202709 12.3370714974387 12.2070512695033 11.9657832963837 11.7797163050947 12.2026279779476 12.6876746545771 12.82114288564 12.3370853294337 11.353993020931 11.8905846848935 13.2600733608906 12.433976203913 13.0780917584901 14.2627761865493 14.1635605459705
-9999 -9999 -9999 -9999 -9999 -9999 -9999 -9999 -9999 -9999 -9999 -9999 -9999 -9999 -9999 -9999 -9999 -9999 -9999 -9999 -9999 -9999 -9999 -9999 -9999 -9999 -9999 14.7755330043452 14.7550837504895 14.3191787244105 14.069700134 14.0196511500967 13.7852332921567 13.3463341279241 12.7649217015936 12.3551066467117 12.3171009482864 12.1979509425349 12.40221308594 12.577110695503 12.6907961973831 12.624659305522 12.3817371399693 12.0979200502778 11.7957320289547 12.0818400747543 12.9072914923451 13.2815920776082 13.4646753364357 13.2193545850336 12.5773017099999 12.5752091873698 13.6880608025821 13.1730140393422 11.6815890004369 13.8423786353608 14.7210948989299 13.8083631997996
-9999 -9999 -9999 -9999 -9999 -9999 -9999 -9999 -9999 -9999 -9999 -9999 -9999 -9999 -9999 -9999 -9999 -9999 -9999 -9999 -9999 -9999 -9999 -9999 -9999 -9999 14.7338072383358 14.782093868 14.955196438377 14.880188643016 14.675091764 14.285867776 13.9547701074559 13.5297866368185 13.2429287365381 13.2071644661869 13.2129249754469 13.1691085513791 13.1424082169285 13.0481062436519 12.7987342120364 12.562607934 12.1217532447506 12.083000441766 12.7548574458421 13.2901709534735 13.6568712962158 13.781722786291 13.826881254 13.4415947726292 13.1142039367128 13.9348567801887 13.8828335195137 12.0114072709488 12.4311986213741 14.7575195896094 14.757700000696 13.6470110119998
-9999 -9999 -9999 -9999 -9999 -9999 -9999 -9999 -9999 -9999 -9999 -9999 -9999 -9999 -9999 -9999 -9999 -9999 -9999 -9999 -9999 -9999 -9999 -9999 -9999 -9999 14.79881898738 14.7995199001705 14.960609956 15.0843191274572 15.0001394391781 14.8857686536276 14.6606899680772 14.3533639585267 14.1156569650714 13.8297411851486 13.6192888402495 13.4080388196752 13.1457873356771 12.8280023567761 12.5073094959999 12.4027490982457 12.788946945724 13.2289972790658 13.4778668671714 13.5948129863161 13.5037365636295 13.6157798689201 14.0118251383826 13.3712672380334 13.9227522876859 14.676383867492 13.0222181582561 12.3801009925491 14.7400974917674 15.6390564104273 14.4019106639397 14.0917367464678
-9999 -9999 -9999 -9999 -9999 -9999 -9999 -9999 -9999 -9999 -9999 -9999 -9999 -9999 -9999 -9999 -9999 -9999 -9999 -9999 -9999 -9999 -9999 -9999 -9999 -9999 14.4427841882053 14.5556634022875 14.9008585736304 15.1628436609037 15.104830115068 14.9966258146161 14.796477612 14.6564387572195 14.330513946 13.9246608797795 13.3421970341082 12.9138346962184 12.7997333196171 12.8922512081792 12.9821849259326 13.1452805416861 13.3509560504799 13.3846102003977 13.289347732 13.1935623763668 13.1811032913602 13.6956688583448 13.7571684 14.0304327318128 14.9344140958689 14.4072666721559 12.8024511084453 14.3486872080625 16.0769985793928 15.1512599327037 13.7605855287305 14.8190802097417
-9999 -9999 -9999 -9999 -9999 -9999 -9999 -9999 -9999 -9999 -9999 -9999 -9999 -9999 -9999 -9999 -9999 -9999 -9999 -9999 -9999 -9999 -9999 -9999 -9999 14.04996148 14.1737497829695 14.3655031285093 14.6333149550796 14.9935561212999 15.1202602321101 15.023260082 14.916117242 14.7669225171031 14.3958924047492 14.1067967550719 13.8985001814633 13.7344719366376 13.5728526487829 13.394770034 13.1969848800764 13.0826399295061 13.1528498824679 13.131271402731 13.172252352771 13.3215453683256 13.8119456233273 13.4798801688737 13.1500993338401 14.0211990810365 15.5830208078134 15.0797297648171 15.0594806764651 16.3479369066958 16.3362939056323 14.2706298493256 13.9210071074269 14.9712769248575
-9999 -9999 -9999 -9999 -9999 -9999 -9999 -9999 -9999 -9999 -9999 -9999 -9999 -9999 -9999 -9999 -9999 -9999 -9999 -9999 -9999 15.9952686937633 15.8085930010683 15.5068281694399 15.2457835796784 15.17855852 15.2316118721442 15.25891889 15.3076806668984 15.31963963 15.31963963 15.237545762 15.1286596420593 14.9941821301353 14.8007499000927 14.4686788940335 14.0127317979999 13.5029333240691 13.0658012121028 12.898981810866 12.9089806348828 12.9657312797955 13.1215945925844 13.4881572970527 14.4647069093361 14.8995597718326 14.9624909396113 14.7259257850719 14.5409697914985 15.6953693900632 15.96987975 15.8975832690863 16.5705527699847 17.3075845707143 16.442083202342 14.80016168013 14.8311731928779 15.3383374026038
-9999 -9999 -9999 -9999 -9999 -9999 -9999 -9999 -9999 -9999 -9999 -9999 -9999 -9999 -9999 -9999 -9999 17.0472179392986 16.7033317779215 16.82975841818 16.5681669647993 16.2493764597803 15.9191955007605 15.6292069502594 15.4730346196038 15.4244072594018 15.4817982573621 15.4608107446776 15.3231147687173 15.339711491243 15.3971024892033 15.4241204248364 15.2602194591239 15.0669960895421 14.6625682920889 14.2275640090143 13.8117165219301 13.6078138769254 13.633817838 13.8114075977311 14.0420425411781 13.9875305273833 13.9783317832731 14.3654041225642 14.8166037290288 15.0386441226962 15.4529375956804 15.966783833585 16.28993175629 16.9202154023266 16.7867924768184 16.7934624000763 17.0794190556702 17.6149856242902 17.2243181890014 16.6659045017375 16.640430757487 16.5373042149343
-9999 -9999 -9999 -9999 -9999 -9999 -9999 -9999 -9999 -9999 -9999 -9999 -9999 -9999 -9999 -9999 -9999 16.5911089479733 16.6470527436233 16.2063949653837 16.1760242789769 15.8416355793269 15.660834596 15.383996854 15.4117472265614 15.6787559668935 15.839801181481 15.6772131697617 15.4189002814638 15.5777409893448 15.6679243401698 15.7334528651406 15.50532779 15.4735739233878 15.2682261291825 15.1084100489353 15.0755899129031 15.1687161597528 15.2219597502801 15.2175032305272 15.0054946859999 14.7311083592065 14.4785713567552 14.080806060228 14.5725453039047 14.7848582191969 15.4817213673264 16.9566471592496 17.43374866906 17.5144398164033 17.4702915906409 17.5000734886943 17.5375387286354 18.0670457096879 18.2187650413186 18.2273074168894 17.8684538383286 17.3870644104772
-9999 -9999 -9999 -9999 -9999 -9999 -9999 -9999 -9999 -9999 -9999 -9999 -9999 -9999 -9999 -9999 17.1240005075079 16.1422918716327 16.3180820111037 16.4410665295465 16.9939787217176 17.0749497548957 17.0498159620492 16.8683577515951 16.923491202478 17.1611813577416 17.1949795563316 16.912351884577 16.801676809645 16.8091095965242 16.5438069173731 16.5275236175589 16.46961335 16.4498770098506 16.2769228459999 15.9679399705407 15.8844410672138 16.0280963909683 15.8686236068916 15.4403981967743 14.9781038644639 14.5725795740405 14.3667481423305 14.1755137070441 15.6145042924991 16.3711735190329 17.2046436917961 17.6086123075413 17.8232809351951 17.8373273819772 17.9879617966642 17.9796257168085 18.2760108301406 18.726207990164 18.9691975287956 18.8599043736502 18.0729706555229 17.1435462119407
-9999 -9999 -9999 -9999 -9999 -9999 -9999 -9999 -9999 -9999 -9999 -9999 -9999 18.2935754905173 18.9820327237169 18.8845194830145 18.1725367790055 17.8724463032386 17.7309561014723 17.7783852419699 18.039168476 18.2074543477663 18.2591089716444 18.2661728175225 18.2642692585994 18.2608810167213 18.2728835071569 18.1755960991049 18.1367722381738 17.8298451167912 17.4529283806693 17.3358054569051 17.2239374682978 17.023322468911 16.8010246296364 16.4796430801797 16.479842534124 16.4355498125516 15.8667448941403 15.1271175552959 14.7537193187028 14.8532347819573 15.4695220172404 15.9129057189152 17.024634070593 17.4955988877948 17.6435480891233 17.6135784309864 17.9678278679017 18.2253171885859 18.2946404898531 18.4855465361098 18.8965024120971 19.163856351732 19.310651788 19.1225302572444 17.9612541934988 17.2919578676491
-9999 -9999 -9999 -9999 -9999 -9999 -9999 -9999 -9999 -9999 19.3122261821903 19.4828798313589 19.4453124998191 19.4397407996579 19.757203987913 19.2590287826363 18.7882770862512 18.6472735448444 18.166625658104 17.9322232051866 17.9823765629175 18.2256648104283 18.392115315939 18.4646096365502 18.4053019710394 18.319708222 18.2715155580358 18.3083750654929 18.509637158022 18.1477932264566 17.5960821578992 17.3692078116799 17.428794390187 17.26606149 17.2015356562731 16.9003573709466 16.5341701192813 16.1034897786005 15.6926323395593 15.8785597094659 16.4370062907976 16.8529915601378 17.3102526684554 17.5153104530043 17.606456557296 17.4186193179396 17.1698471475804 17.422714915125 18.1434075863428 18.4367944489195 18.6919337542407 18.9775787002373 19.0413966350487 19.4069883690919 19.6143462494325 19.302393224822 18.5625958689684 18.4182556936321
-9999 -9999 -9999 -9999 -9999 -9999 -9999 -9999 -9999 -9999 20.3762805289749 20.41248335 20.4620024004012 20.5332140599428 20.5399405052587 20.3079051536076 20.0975796968654 20.0666913690329 19.5732903459999 19.283900662 19.2115042942127 19.1969055334585 19.1030418275327 19.0775015106229 18.7740708093974 18.4425119106721 18.0364082051557 17.8109970981476 18.3396053512828 17.8410158035246 16.5558346115702 16.2916604054755 16.5749733610115 17.0975281028114 17.1847532618192 17.1560499061965 16.7594473984165 16.7112616356956 16.890903486 17.3259945892807 17.7357854462925 17.898155238 17.8748055528978 17.5892375487717 17.2780753178328 17.449553019195 17.4637999243241 17.9866178663613 18.6693249060372 18.9037726282124 19.1765799217532 18.9034072352137 18.961698335219 19.4052576505606 19.2152000178831 18.9104049518007 19.1912806951022 19.3077756837464
-9999 -9999 -9999 -9999 -9999 -9999 -9999 -9999 -9999 -9999 20.3190270595694 20.25180245 20.159851084465 20.1347358864564 20.0554166570411 20.03396539 20.1657106657436 20.6938054511831 20.8586574485438 20.9946385688002 21.1375604749762 21.0563247332567 20.8709935689434 20.7567957126088 20.5568571343219 20.1840780791435 19.7538361965306 19.3624034751826 19.4104721253368 18.8668065699217 17.9291458493698 17.5384187484347 17.4170442973978 17.6708981109348 17.7013614906348 17.6599300918522 17.5494941992131 17.6726808254914 17.8459979250544 17.9036676368348 17.8080493030043 17.7829332907261 17.710776732 17.5583339041303 17.6878957768172 18.0957712155131 18.5953577308457 18.9639056262784 19.3571285867065 19.5334797225872 19.4634109617413 18.5605206066176 17.6567491772159 18.2398751611513 18.8984731883559 19.1823557205563 19.5640101105091 19.2738916338525
-9999 -9999 -9999 -9999 -9999 -9999 -9999 -9999 -9999 -9999 20.4666018059181 20.3619224876732 20.2996906794711 20.1715601637115 19.969736614 19.7289130281147 19.8165526816295 20.3037991663378 20.963478674376 21.424840604 21.6589978239945 21.5464259355858 21.4058285876459 21.3425445027683 21.1170881887191 20.710929468 20.0442303952524 19.2683902125334 18.6900065756229 18.3385911007364 17.8795433621857 17.456848758508 17.580198665462 17.9877000986809 17.8467026068165 17.5392969598634 17.329828582364 17.2988070639081 17.5704834847255 17.724407469543 17.6650881681802 17.791743923767 18.0815592869888 18.271765060813 18.4515165845544 18.7657703031043 19.0938235472654 19.555186214 19.8001004836495 19.5673649692697 18.6109735273232 18.0870069942922 19.0005710731287 19.8774128020981 19.9002526591685 19.5219353788864 19.2755282423994 18.8489101142576
-9999 -9999 -9999 -9999 -9999 -9999 -9999 -9999 -9999 -9999 20.8434594506208 20.8756488233245 21.0143651854073 21.1092817582351 21.0973592675728 21.1956380401391 21.305244318 21.4608287156258 21.585985670192 21.7434260330198 21.760762932 21.5724477718476 21.2532183037648 21.103633652 20.841289958 20.412718598 19.8202712118494 19.0761043593246 18.6716797434638 18.8850747984442 18.6241998474487 18.3726002900394 18.2031161256215 17.7354656885624 16.9804402670852 16.0202870150328 16.064499071457 17.0600297101699 17.7938103755598 18.1773261236427 18.3322705117254 18.3906086182877 18.589978284109 18.8839864619869 18.9348311799717 19.0771354562789 19.6330330657778 19.9703136498475 20.0702980934183 19.8578901450586 20.0264447552567 20.2910550308194 20.6443091075297 20.5075702811939 20.1183307773267 19.8066342939346 19.2926001584248 19.1276972162658
-9999 -9999 -9999 -9999 -9999 -9999 -9999 -9999 -9999 20.8851991796496 21.0852940406472 21.232080788 21.4653658586717 21.5708069616543 21.6463364700198 21.6798937886123 21.6044428232642 21.701578881042 21.791860883284 21.8 21.776837742 21.6615743752145 21.5324113134122 21.3790733989137 21.1604951915207 20.9806872093032 20.7127958743253 20.489377270695 20.3606787154566 20.2111937812165 19.9090443860001 19.5935453465639 19.0833697181528 18.580419773134 18.2657537520068 17.8623645186997 18.0466267517554 18.6740799383392 18.6153810598324 18.4962153321289 18.5880328624548 18.5244409307808 18.7337414188933 19.1330475505673 19.5267025809655 19.5610043662538 19.9006810664105 20.1376940372635 20.3949538226879 20.5034990447768 20.7710273197144 20.8137904722818 19.491478730423 18.5131716831547 19.5139696786561 19.7870498033441 19.9584222253 20.01961227
-9999 -9999 -9999 -9999 -9999 -9999 -9999 -9999 21.1863154728259 21.1293970027197 21.398100326 21.553509308 21.7278528613603 21.79642174 21.7978585047468 21.79821087 21.7965185158666 21.7982418888267 21.79128223552 21.6703235104265 21.482205132 21.4345880928003 21.5011191377069 21.410818444 21.2473408003203 21.197157493627 21.0632019729337 20.921470472 20.8931958495471 20.717947844 20.5019698141606 20.2840026969345 19.94130527 19.3749857335968 18.7929750155495 18.7869338966941 18.8639322959962 19.3911607558451 19.9291521662994 19.8578349723165 19.5840167663172 19.2670300589314 19.191786358477 19.542633792 19.8783070795456 19.8016215140001 20.1228912290679 20.442689424 20.717794388 20.7957169880241 20.7266658725266 20.4725878476013 20.0799233761621 19.9873367460002 20.347834011742 20.3434220768283 20.3738799735952 20.3087498185584
-9999 -9999 -9999 -9999 -9999 -9999 -9999 -9999 21.353509308 21.5450596364205 21.70535371 21.6496290996685 21.6696579687843 21.7614116733583 21.6864364180536 21.5516673948702 21.0137871932878 20.6492408587814 21.324937708 21.432080548 21.4734567343683 21.2444518601243 21.143144369991 21.2963838543548 21.3330884458802 21.3870909448196 21.3268077637589 21.2985631786983 21.2282936132754 20.953045668577 20.8012140339344 20.4870600805576 19.7194573881854 19.383902167331 19.5271368367262 19.8125243817868 20.0545119605422 20.4479132057242 20.5719396161253 20.4217156601466 20.1218899056295 19.6845007338494 19.5828844427888 19.846281604 20.0781838026675 20.2843100444275 20.2969528125462 20.118881829428 19.3256112222493 18.432801631814 19.4537096058004 20.8683261881599 20.4522560749188 20.153361633904 20.3589304780611 20.2000295490026 20.0144244536993 21.0375325370531
-9999 -9999 -9999 -9999 -9999 -9999 -9999 -9999 21.6655783674243 21.7515152291401 21.8 21.7926424439961 21.7297340765759 21.562818017148 21.1410766051599 20.590865793752 20.785096996272 21.3019513524594 21.4247561260241 21.5880814383808 21.8135601911521 21.8734819937241 21.6954730357039 21.2658891852089 21.0719816185599 21.2066441559756 21.23748965 21.3015090448438 21.3852273745435 21.2360323243003 20.7986461043615 20.5900763362228 20.7308317840327 20.6544709503535 20.6558985328397 20.8227031345352 20.8749793 20.9530158182472 21.0887898031031 20.8526844980614 20.0105240533324 19.4920368586582 19.5253132814732 19.7794899430744 20.0607509873583 20.1558086447372 20.4852574379508 20.4364547390168 20.2247194270119 19.9598228089628 19.709629697127 20.0745448796144 21.026712438 20.9719422760575 20.8917223253993 21.0886754576544 21.3732903687656 21.1189153492673
