catData/variables/futureClimate2070/rcp45/CNRM_CM5_2070_rcp45/bio11.asc
NCOLS 409 
NROWS 350 
XLLCORNER 60.897278365 
YLLCORNER 5.843756025 
CELLSIZE 0.0892857 
NODATA_value -9999 
[rows 104 to 129 of 350, columns 58 to 115 of 409]
12.219510185735 12.0415892962238 12.0400580299191 11.7094458818086 11.7593793494648 11.9847712811059 12.4779181806606 12.5596749015783 12.6184341365805 12.6944475276653 13.1543012484907 13.2907838347759 14.1999513300022 14.0535781645109 14.7938512571115 16.6784684431316 18.6058645157776 18.66607445 18.6507707497336 18.6 18.6 18.6 18.6 18.6 18.6436212537326 18.66607445 18.6933180297786 18.7 18.794589698 18.801732538 18.9 18.883981782 18.776838942 18.6799768660679 18.5837748001764 18.455410422 18.3658180893348 18.275050292 18.167907452 18.060764612 18.03392555 18.0042588038871 17.9375005358685 17.93392555 17.93392555 17.93392555 17.93392555 17.93392555 17.9466294804022 17.9973132598422 18.03392555 18.0538992236691 18.1114720365753 18.1587457191803 18.2209112210641 18.3510385926916 18.3678511 18.4345131602028
12.7280270192027 13.0596936516359 12.7060107339791 11.6194974273676 11.1045564220468 11.8478265509913 12.7997511577409 13.2387754227621 12.8857659875285 12.6458532572112 12.8521553070855 13.3011711916313 13.1911663534482 14.0697330237563 16.0515032310243 18.0331997439195 18.6 18.6 18.6 18.58755457842 18.55893161 18.55893161 18.55893161 18.55893161 18.55893161 18.5889777279096 18.6473244507021 18.6948446266862 18.7557432319255 18.8010210125373 18.862576584851 18.883981782 18.776838942 18.7 18.6404852964041 18.496478812 18.4198227188193 18.341124742 18.2610944719572 18.167907452 18.14106839 18.053621772 18.04106839 18.04106839 18.04106839 18.04106839 18.04106839 18.04106839 18.078514888 18.14106839 18.1623139626165 18.2168327759952 18.2681808613931 18.3252515572186 18.3740477601696 18.5211167164421 18.54106839 18.5831575096655
12.4071697980948 13.3328620656484 12.4122752528336 11.7920143853358 11.2752527475791 11.7496734431543 12.7154776663915 13.0548805037415 12.7002648979641 12.2750565985386 12.3716688195177 12.3618474974773 11.7681807951857 14.4763840099928 17.2538222828677 18.1587198820001 18.5560678146079 18.6 18.5888336533502 18.5360946296707 18.5 18.4785027002874 18.45178877 18.45178877 18.4836170227754 18.5378892742037 18.55178877 18.639235628 18.6973916268591 18.75262404788 18.8045964490991 18.8280479720781 18.7027489438856 18.7 18.662553262 18.555410422 18.4732084170265 18.389335972 18.34821123 18.275050292 18.24821123 18.160764612 18.1938139711521 18.14821123 18.14821123 18.14821123 18.14821123 18.1628209962568 18.2158155407223 18.24821123 18.299943408 18.3765956003405 18.462440318 18.49642246 18.576725998 18.6417098635757 18.6938138554452 18.7473761835339
12.5815724074323 13.5464108639903 12.4134222646991 12.107570089392 11.4023409597455 11.2695919383876 12.3889026047659 13.4272937821633 13.2809180202878 13.0267018990979 13.0498582897583 12.8353306405327 11.7519279735588 15.1629449706411 17.5911213385455 18.161326018853 18.508875618 18.6 18.576838702 18.4832254262386 18.44464593 18.4247383910686 18.3713638682778 18.3772359143758 18.4294745009706 18.44464593 18.4890974723365 18.5390414630099 18.639235628 18.646378468 18.7397330470491 18.6749888952089 18.623161058 18.6832255590883 18.6279274855652 18.5800925682188 18.5267180711276 18.473714593526 18.4188103658204 18.3673366188332 18.35535407 18.3163127141404 18.3529384832061 18.25535407 18.25535407 18.25535407 18.2681745254083 18.3242374899381 18.35535407 18.3800360833691 18.4338044519774 18.514229088 18.5848283566702 18.6404974239834 18.735657608 18.8037591992906 18.8529383760558 18.7992267065978
13.6127387241434 13.4962621726996 12.5872085649019 12.6444021136334 12.0095390050641 11.2087254707578 12.2926105454762 13.63750309 13.9866777718483 14.1726281329896 14.206993896 13.7811307326268 13.1181298807873 16.1699240751924 17.9965348923162 18.3905231985857 18.5658255410066 18.5899889587204 18.5288168875659 18.469695862 18.3765967958616 18.33750309 18.3181017447109 18.3220801310029 18.33750309 18.33750309 18.417807108 18.43750309 18.532092788 18.5995669725708 18.566130802 18.4950279625741 18.623161058 18.669696102 18.6 18.6 18.5805987447183 18.5257016929955 18.4752411732908 18.416773584423 18.4501873798633 18.4078454758505 18.4591154884357 18.423911187278 18.36249691 18.3725076512945 18.4336798424193 18.46249691 18.46249691 18.4792192895605 18.5323310127257 18.5845768609881 18.6412591212982 18.735657608 18.842800448 18.949943288 18.9033815715568 18.86249691
14.1903699441299 13.5921152185971 12.6686018066785 12.9264469727596 12.3959997761152 11.6840244683132 12.8281219710313 13.7242096196643 14.2471671501553 14.8423375247847 15.2418260013456 14.0363226663083 14.597133219743 16.7914518446996 18.2993089439999 18.5701658257328 18.6 18.583981542 18.483870529976 18.400056112 18.3189912538618 18.2689477622193 18.23036025 18.23036025 18.23036025 18.23036025 18.310664268 18.3912580232941 18.428717668787 18.458987962 18.3580259130507 18.3735517329697 18.6070317551114 18.6211599108074 18.6 18.6 18.6 18.5821253244831 18.56963975 18.496478812 18.4940201777603 18.4734509881587 18.4983573459224 18.5691138199965 18.5392795 18.5441425981657 18.56963975 18.56963975 18.543562102409 18.5 18.551732178 18.6410004153477 18.735657608 18.842800448 18.949943288 19.057086128 19.0409222269422 19.0392795
13.999921222338 13.31073277495 13.0201277066858 13.0932095147913 12.6464938733215 12.2916555285704 12.72041836041 13.1807150863404 13.5305604489664 14.7635626542163 15.4409682116522 13.499832234273 14.3918244400002 17.2123580001397 18.3545931083452 18.6 18.6 18.583981542 18.476838702 18.369695862 18.2712472404149 18.178627592 18.12321741 18.12321741 18.12321741 18.1793924573429 18.2186445131055 18.310664268 18.32321741 18.321484872 18.2300321551007 18.3357554513478 18.5410010702038 18.6 18.6 18.6 18.6 18.6 18.6 18.5830139250647 18.57678259 18.57678259 18.6494108257194 18.67678259 18.67678259 18.664483571626 18.6 18.6 18.5913058930287 18.57678259 18.5887934618682 18.658875018 18.766017858 18.9293353767865 19.1187452643381 19.241011558 19.25356518 19.25356518
13.5705777076243 12.9479451348085 12.9931687119489 13.5958836415307 13.3787572879999 13.0205372809093 13.1910913654591 13.6339810420862 13.5505389412163 14.2394198617427 15.3989354330632 14.4853954664576 14.0153208179646 17.3838952051717 18.5299804259999 18.6824711886125 18.6 18.5705379822441 18.392913272 18.285770432 18.178627592 18.071484752 18.01607457 18.01607457 18.01607457 18.089235748 18.11607457 18.203521428 18.2954593807822 18.298267462 18.208875378 18.332036436 18.523161058 18.6 18.6 18.6 18.6 18.6494113134401 18.68392543 18.68392543 18.68392543 18.68392543 18.778514888 18.78392543 18.78392543 18.7813506089138 18.76785086 18.7424183847178 18.6524982955335 18.6374217936507 18.7273418828349 18.826725878 18.933868718 19.114172256 19.2610628464283 19.2979820592441 19.3793844079401 19.38392543
14.4480412163342 14.2533982139088 13.6084847540001 14.321459192 14.292481421734 14.414347024 14.3358157888299 14.4334952264126 14.6077538953768 14.9400348535831 15.9076862628634 15.0491078369596 14.6907779689817 17.5007693161762 18.6482709861306 18.6998452329475 18.6829853982356 18.567963084 18.376838702 18.269695862 18.162553022 18.055410182 17.9528879633344 17.90893173 17.90893173 17.982092908 18.00893173 18.096378588 18.203521428 18.2998452543837 18.299943648 18.4085171919826 18.523161058 18.6 18.6 18.6 18.6 18.658875258 18.7 18.7666264005524 18.79106827 18.79106827 18.799516744997 18.89106827 18.89106827 18.89106827 18.89106827 18.8883616290873 18.844690042 18.786119139279 18.842800448 19.0035597483548 19.2683970403433 19.4439682940115 19.4072462623892 19.39106827 19.3995167235609 19.49106827
14.6652682991761 12.9487115465005 14.1905368946894 14.2190233642267 14.5742094460661 15.0363817758387 14.1181574349238 14.5663321254688 15.048968578639 14.618514616274 15.3336918370403 16.0290917401908 16.3126428691591 17.6222307826542 18.7443040501161 18.7965093294924 18.691124382 18.5836949894067 18.4523028441438 18.269695862 18.1257759292447 17.957199072 17.850056232 17.80178889 17.80178889 17.874950068 17.9806563574524 18.087446858 18.194589698 18.3 18.308875378 18.416018218 18.5004143258505 18.5315506845991 18.6 18.6437919194981 18.69821111 18.6992643236028 18.7648371068467 18.7995198787038 18.8 18.8858822941953 18.89821111 18.99821111 18.99821111 18.99821111 18.99821111 18.99821111 18.9975412333419 18.99642222 19.048154398 19.214172256 19.36480205172 19.3294568308209 19.3810082340782 19.4 19.4928971209381 19.5017010733877
15.1202013713401 12.5821964155799 14.5709380700025 15.0757222783867 14.5005911255612 14.4531487129837 14.1993166266406 14.3593813416412 14.8174077495828 14.955544004769 15.3836115673728 15.0929683408708 16.7233916845367 18.1679214453238 18.7785932920144 18.803621172 18.696478332 18.5884778717679 18.4549174483142 18.244745674 18.0659020795214 17.9132076805608 17.753621292 17.7022017852748 17.766018338 17.873161178 17.980304018 18.087446858 18.194589698 18.3000927592183 18.3137541446996 18.416018218 18.523161058 18.6 18.637446738 18.7 18.7027697277935 18.7610770561243 18.8035345759579 18.87459788796 18.9042994241222 18.9881187197956 19.0050642722866 19.0069935016312 19.100475170451 19.10535395 19.10535395 19.10535395 19.10535395 19.10535395 19.157086128 19.3199518469738 19.3964654368916 19.39464605 19.3989454612728 19.487446378 19.5895249585629 19.5
15.6327306236211 13.5104399072405 14.8468630653448 15.3281023376016 15.5627995467643 14.1011098865616 14.2341386288342 14.8567090132732 15.0089850718802 15.5617507020001 16.4180650881074 15.2547212547683 16.3810659000003 18.3053161832076 18.903353332 18.910764012 18.8025120046573 18.6699648770575 18.4864410732276 18.3431787684871 18.137602834 17.967906972 17.860764132 17.7609788393465 17.7827617449387 17.885657968 17.982765383509 18.087446858 18.194589698 18.301732538 18.4011091373504 18.428515008 18.53276345922 18.6037870144949 18.649943528 18.71249679 18.7577643163606 18.8073575173542 18.878514888 18.91249679 18.992800568 19.01249679 19.107086248 19.11249679 19.121371928 19.21249679 19.21249679 19.21249679 19.21249679 19.2180690259322 19.2637960347058 19.3515175306381 19.3297354650768 19.3 19.380303538 19.487446378 19.5118206159361 19.5122803383491
16.1919764190733 14.6294781252166 15.8009022153644 16.8776259140361 16.6004309678273 15.130459453444 14.6608338615161 15.1951228372242 15.6635117070658 15.7950914231169 16.7482491492075 15.9301238383835 16.9801779576912 18.5291900590143 19.0969368658404 19.017906852 18.901888394 18.703621172 18.573317034 18.389335492 18.2521001219254 18.0859321667271 17.9780670746204 17.9277163300321 17.91963963 17.9784322233372 18.0157714120103 18.107086488 18.1956522612947 18.301732538 18.4106184694003 18.5325119292522 18.6045487460953 18.6439919545572 18.737446738 18.8 18.8101600554853 18.878514888 18.9726920178198 19.0143685375277 19.0841720431248 19.1171741922227 19.1956520684298 19.21963963 19.228514768 19.31963963 19.31963963 19.31963963 19.3269939836552 19.3663542359947 19.3685878387003 19.33927926 19.3263135969549 19.31963963 19.399943168 19.507086008 19.5956518755649 19.5986081117826
16.7595940894046 17.0927313770777 16.7228325119515 18.1944297790688 17.9831865002686 16.413784485679 15.1533517379267 15.3380970105593 16.5023096827568 15.9798554054684 16.5823155207493 16.742768105929 17.1267047070789 18.4020049171511 19.1657049488393 19.125049692 19.0114083437281 18.8332563432917 18.6866630416884 18.5151446053314 18.389335492 18.2495450886289 18.1397096563909 18.0836752845892 18.0358835984307 18.02678247 18.107086488 18.214229328 18.22678247 18.328515008 18.4421561805498 18.6042900744304 18.6437404245895 18.7081161323907 18.764229208 18.82678247 18.878514888 18.9698894796887 19.0176812772914 19.0803491017284 19.1215073352517 19.1908087237681 19.225333393212 19.32678247 19.335657608 19.42678247 19.42678247 19.4348985381128 19.4809823409071 19.494135258073 19.4914419629468 19.52678247 19.4784458250135 19.4731591819936 19.5391436770262 19.6175910180461 19.6521157989341 19.62678247
16.9588282340445 18.4679672211865 18.3438700159502 19.0049827962732 18.2582586276723 16.4269713043984 15.1669887787216 15.3745714343775 16.6719275260369 17.0829462027319 16.7474108243622 17.1568056304259 16.6635211953029 17.8973776380002 19.1083033093905 19.1988550723081 19.125049692 19.001888394 18.810764012 18.6835978067593 18.530403642 18.408133568015 18.2997431165977 18.2478769247895 18.1903038978233 18.16785062 18.2209112509511 18.321372168 18.3660151582746 18.469583158 18.576725998 18.678434607887 18.73392531 18.764229208 18.871372048 18.93392531 18.968107344823 19.0199736137898 19.0775465635974 19.1248200750154 19.214229088 19.23392531 19.328514768 19.4005876874666 19.4397895299206 19.5054341486922 19.53392531 19.564228968 19.63392531 19.63392531 19.6514756117563 19.66785062 19.6902473829819 19.7501166344053 19.76785062 19.76785062 19.8303501525669 19.76785062
17.6522185540493 19.3717485052953 19.5100954786139 19.5395917172319 18.5380317275042 17.0082136673085 15.1899539870684 15.4115678044775 16.36834141095 17.5107963243728 17.3706356768953 17.6116357069318 16.9582103344499 17.6840354480954 18.7975576055089 18.7150100185504 19.1537012841137 19.0811200527183 18.958975002 18.8393868131499 18.703621172 18.5702007273409 18.4608906544136 18.4063717298319 18.3550237899226 18.34106815 18.34106815 18.428515008 18.5745040870592 18.6831573166954 18.749943528 18.84106815 18.850579968041 18.8999949477135 18.9631362054681 19.0183121147774 19.0623136970229 19.1168325787317 19.14106815 19.214229088 19.321371928 19.34106815 19.435657608 19.442800448 19.54106815 19.557086128 19.64106815 19.671371808 19.74106815 19.7593801662139 19.8126230295407 19.8652470307048 19.9210418450498 19.94106815 19.94106815 19.94106815 19.9022221080679 19.94106815
18.2811597789737 20.3374269537307 20.5243219329872 20.1976147162182 19.041050876307 17.9156950326469 16.0624141922221 15.6611156712271 16.3800953071555 17.177960812404 17.9964595464151 18.1309642477475 17.8454798635879 17.6264380972793 18.3602975239999 17.5436337734267 18.9992989966936 18.9785350015536 19.076838702 18.8955619491777 18.7081878460944 18.751832162 18.644689322 18.59642198 18.530403642 18.4611502517905 18.4869263520876 18.583868838 18.7399987461562 18.8490462637219 18.9010184504 18.9559335314782 19.0084168626437 19.04821099 19.0662644331125 19.1195144810094 19.1750026971313 19.2283843447469 19.24821099 19.321371928 19.428514768 19.44821099 19.4971979338626 19.5491081299845 19.6042787918937 19.6565065422282 19.7111660596499 19.778514648 19.84821099 19.892800328 19.94821099 20.007086008 20.04821099 20.04821099 20.04821099 20.04821099 19.9992241704311 20.0498810746184
18.8520371013854 20.8046108935128 21.0532229013483 20.7486400974366 19.71420215163 18.7820370532838 16.8586262676512 16.0286028381957 16.864069780413 17.0806203625336 17.3912743239166 18.2986501950157 18.3610014915439 17.6985779739999 17.948553936179 17.6293458451511 18.6919828210148 17.9005817141789 18.966131042 18.7377716499999 18.621993598169 18.966117842 18.8876110095638 18.8334716469254 18.744689322 18.637546482 18.691011678 18.798154518 18.905297358 19.0114811718608 19.06026669165 19.126725878 19.21070766 19.21070766 19.2274261943069 19.25535383 19.2839897047146 19.3369932077746 19.35535383 19.428514768 19.4912063912423 19.5484050522685 19.55535383 19.65535383 19.664228968 19.75535383 19.778514648 19.8688832526669 19.9207280708439 19.999943168 20.05535383 20.0816392706238 20.1 20.1 20.0555489160915 20.0930510894193 20.15235875493 20.2685668455592
19.1706106824117 20.1927961574052 21.1966712576839 21.0783953049642 20.4695570820583 19.5639789664567 17.9947970730305 16.8629615193904 17.295721390911 17.6942395205672 17.746438132 18.0234463345549 18.2479296058275 18.1547406923547 17.7827833215696 17.6223355220337 18.6744775424643 16.8239042679999 18.6222555119151 18.5481044857555 18.4822951567969 19.1111444848181 19.12499334 19.066117842 19.0002342648393 18.914328832 18.967794028 19.0202854937304 19.119583038 19.1635794485565 19.233868718 19.3310007051567 19.36249667 19.36249667 19.36249667 19.36249667 19.414229088 19.46249667 19.46249667 19.535657608 19.56249667 19.5952920637224 19.6591152614211 19.7010826285645 19.771371808 19.86249667 19.885657488 19.96249667 19.999943168 20.079219156575 20.1 20.1367949257119 20.16249667 20.1167736700012 20.0698834991422 20.0952919737144 20.253704329429 20.464228728
18.6741828801307 19.8242622520003 21.2061811040195 21.2438941015912 20.9720149707149 20.2570009206954 19.1542434109906 17.9726568831008 17.430890311916 18.1025791050689 18.6741290004564 17.8343891149531 17.2275005824162 18.3046652349029 17.9679718513326 17.3198036411315 18.3144990979239 17.1877654344101 18.3089536073106 18.5089746872129 18.481556268 19.2452814587651 19.33927902 19.3214041303173 19.30891853 19.235757352 19.2332992233545 19.3001765834216 19.3376364258023 19.341011558 19.4419736282502 19.46963951 19.485768757302 19.53927902 19.53927902 19.53927902 19.5549852355937 19.56963951 19.56963951 19.5918515292654 19.6559231575107 19.66963951 19.6983573329371 19.771371808 19.872334045385 19.9111548413911 19.992800328 20.06963951 20.0810084502806 20.1310517964954 20.16963951 20.1875142539524 20.2 20.2287368051996 20.23927902 20.23927902 20.362585988072 20.5725777647042
18.4212536001504 20.429206488376 21.2788431156449 21.2962808347638 21.2143265795176 20.8344996167438 20.1405684679601 19.0856406232023 17.8543245163476 17.9791332814864 18.98901298425 18.9167662084384 18.2816119904425 18.7928972980833 17.9751917964404 18.2143652516324 17.8248014930065 17.9563110245969 18.2268311935255 18.3739233771255 18.6272531291505 19.2808715062423 19.5165039005299 19.5987706909386 19.63034705 19.557185872 19.53034705 19.5506501554264 19.6261928929823 19.630749304609 19.6535647 19.6535647 19.6589421533827 19.67678235 19.67678235 19.67678235 19.67678235 19.67678235 19.67678235 19.67678235 19.6954270001128 19.7671435682959 19.77678235 19.8771845488866 19.9068145395221 19.992800328 20.0821597476604 20.1232678607484 20.17678235 20.1871349464342 20.2397211819746 20.27678235 20.3274724127921 20.3705508947992 20.37678235 20.4439257340183 20.475526093573 20.6815763808358
19.7090902686862 20.6960563160001 21.38392519 21.370481467268 21.2731152887734 21.0832693136296 20.6839279905686 19.9735695495903 18.8618740569391 18.0624735323135 18.8282032760874 19.169751974 19.0386222686275 19.1492439125621 18.6830545583117 18.583151101059 18.4779189414877 17.9986781011157 18.7134468112351 18.5490201287888 18.9349747111285 19.4087875625229 19.635657848 19.79221206156 19.86785038 19.8560898596427 19.85177557 19.85177557 19.8669806842331 19.86785038 19.86785038 19.86785038 19.86785038 19.86785038 19.86785038 19.8304284919433 19.78392519 19.78392519 19.78392519 19.78392519 19.78392519 19.7979820676949 19.8793843823465 19.9014538343879 19.992800328 20.099943168 20.18392519 20.1887964454465 20.2314270445949 20.28392519 20.335657368 20.38392519 20.3945374352396 20.4614002548018 20.48392519 20.571371568 20.58392519 20.7051961740001
20.5179094589657 20.4436617120566 21.4 21.383981302 21.2979312183743 21.2277524960483 20.932347188 20.3620401127928 19.4894345041411 18.634278014 18.4949813921394 18.4917595860926 19.1938388476673 19.1421057902369 19.0751369904593 18.7822908312111 18.7192703184628 18.1583390979999 19.010583405811 18.8089217410299 19.1124051451591 19.6159055140001 19.7396448929855 19.817750996 20.0803647995661 20.17320409 20.17320409 20.17320409 20.0870631154485 20.08213606 20.08213606 20.0675485844263 19.99106803 19.99106803 19.99106803 19.9870853022699 19.935024366056 19.89106803 19.89106803 19.89106803 19.89106803 19.89106803 19.8995167320117 19.992800328 20.0918607546636 20.116017978 20.2 20.2275969443585 20.2944127399674 20.3406066317067 20.3956887326193 20.4536163190548 20.49106803 20.564228728 20.59106803 20.678514408 20.777208567425 20.8841775318019
20.3048834462582 21.3841207715046 21.4894938126382 21.3997134046685 21.3754637220248 21.2691534372819 21.0851992365886 20.6718759017905 19.9780547272021 19.3523913075262 18.4736565002147 18.8243722183436 19.417313607427 19.1499870202644 18.8213071968732 18.5104727190469 18.8335969158682 19.2131466753386 19.4161363650764 19.3987323976968 19.419314478 19.8846100158108 19.9954961754959 19.9389171895921 20.2277293822188 20.4682739694161 20.49463261 20.4087502899705 20.3947294073362 20.3929310693571 20.2877051540504 20.1979242832563 20.19642174 20.1666600181303 20.09821087 20.09821087 20.0972853097898 20.0385998369035 19.99821087 19.92635887629 19.9 19.9 19.9928971296301 20.0982418630632 20.1087163502435 20.1984974524498 20.2227464408569 20.2987530418364 20.3367765314703 20.442800208 20.49821087 20.4992642206095 20.5648367126972 20.5995198099961 20.6788668033106 20.6997753993827 20.794589218 20.8086243956922
20.6673282663675 21.5983597627579 21.50535371 21.5044961153633 21.476838462 21.369695622 21.1896631614548 20.8269934779999 20.3494588493335 20.0486796457271 19.2237341036365 19.0670583101807 19.0696491745465 19.8758377296968 19.4422988749091 18.5278195043639 19.2217483188485 19.4865542873634 19.3916598432728 19.4048646253331 19.8066449273941 20.2028535564548 20.3051681870308 20.3094560702719 20.5801344820001 20.789222308 20.8117618857579 20.7279422131814 20.621471432 20.608974882 20.501832042 20.4098498510611 20.3834326278782 20.3090850371824 20.267906972 20.20535371 20.20535371 20.146478452 20.10535371 20.032192772 20.00535371 20.00535371 20.00535371 20.1069932657888 20.2004751491506 20.221371688 20.3272745649707 20.4 20.4020047769081 20.449943048 20.50535371 20.5610767302738 20.6035344046655 20.678514408 20.785657248 20.8100353354836 20.820835484846 20.8261752899131
21.3232883073334 21.6 21.6 21.583981302 21.4797328551769 21.382192172 21.242281724321 20.9522050868929 20.530558058 20.1976658658889 19.5388329764361 18.7835493473541 19.696582078963 19.8969155280493 19.6155541148972 18.8543183841234 19.1366116180412 19.5465352206132 19.6873535935556 19.7140034400001 20.193552340683 20.4682307458026 20.4404891314733 20.526612694 20.9058095373827 21.110650828 21.057185632 21.0265618096666 20.930403402 20.8230440545226 20.703621172 20.596478332 20.51249655 20.482192652 20.375049812 20.31249655 20.3060317825184 20.2484821180536 20.21249655 20.139335612 20.11249655 20.11249655 20.11249655 20.21249655 20.221371688 20.3265128333703 20.4 20.4037869117738 20.4452635276542 20.544589338 20.6064647374899 20.61249655 20.678514408 20.7765146847941 20.8702683662221 20.974949828 21.188502274922 21.1424693765061
