catData/variables/futureClimate2070/rcp45/CNRM_CM5_2070_rcp45/bio17.asc
NCOLS 409 
NROWS 350 
XLLCORNER 60.897278365 
YLLCORNER 5.843756025 
CELLSIZE 0.0892857 
NODATA_value -9999 
[rows 108 to 134 of 350, columns 0 to 60 of 409]
-9999 -9999 -9999 -9999 -9999 -9999 -9999 -9999 -9999 -9999 -9999 -9999 -9999 -9999 -9999 -9999 -9999 -9999 -9999 -9999 -9999 5 5 5 5 5 5 5 5 5 5 5 5 5 5 5 5.23403654116136 5.90364618402386 6.24993819999994 5.88198003025123 5.62496909999997 5.62496909999997 5.62496909999997 5.62496909999997 5.62496909999997 6.62496909999997 6.56949623021425 5.83981062 5 5 5 5 5 5.36795666982285 5.62496909999997 5.16773134445234 5 5.54651884127264 6.5708708799999 6.3403705399996 4.37503090000003
-9999 -9999 -9999 -9999 -9999 -9999 -9999 -9999 -9999 -9999 -9999 -9999 -9999 -9999 -9999 -9999 -9999 -9999 -9999 -9999 -9999 5 5 5 5.36027162241158 5.2863833183994 5 5 5 5 5.65872697754556 5.70846953673469 6.39279500000003 6.5043521551126 7.08919250000004 7.08919250000004 7.20288464732051 7.52817298813154 7.69639750000001 7.10763531999988 6.69639750000001 6.69639750000001 6.69639750000001 6.69639750000001 8.01384811238309 7.69639750000001 7.60763652000001 6.64776360375857 6.55409304294774 7.08919250000004 6.30684301602326 5 5 5.99877061889274 6.23664410191833 5.26838342000005 5.55923851645968 6.57087088000018 6.98357564516243 5.96533963999957 4
-9999 -9999 -9999 -9999 -9999 -9999 -9999 -9999 -9999 -9999 -9999 -9999 -9999 -9999 -9999 -9999 -9999 -9999 -9999 -9999 -9999 -9999 6.05536086698 6.53565180000005 6.65576386198898 6.17906131999995 6.27473916904235 6.53565180000005 6.53565180000005 7.20709879558904 7.52309270889563 7.53967653338011 7.76782590000003 7.80501828234893 8 8 8 8.34237769971353 8.76782590000003 8.63113057074447 8.53565180000005 8.53565180000005 8.53565180000005 8.53565180000005 9.70117043167772 9.52234339616204 8.74721789935341 8.53565180000005 8.5894274496156 8.76782590000002 7.64440215999986 5.76782590000003 6.56226676489349 7.5768672440755 6.0938185530438 6.18581999698024 7.95529551450934 7.16362114992616 6.27371211445992 5.21082030105537 4.06815113657134
-9999 -9999 -9999 -9999 -9999 -9999 -9999 -9999 -9999 -9999 -9999 -9999 -9999 -9999 -9999 -9999 -9999 -9999 -9999 -9999 -9999 -9999 -9999 -9999 -9999 -9999 -9999 7.83925429999997 7.83925429999997 7.97982290717884 8 8 8 8 8 8.2543348238739 8.83925429999997 8.91093167244188 9 9 9 9 9 9.73390755861085 9.99130432954702 9.99721386229506 9.83925429999997 9.83925429999997 9.64486808217834 9 8.50513506301129 8.05273459334791 8.68408048962006 7.85101594593571 5.73424692887378 8.3052702421486 9.77593495488318 6.62249645119834 6.00869605624267 4.99721424808474 4.92801288000012
-9999 -9999 -9999 -9999 -9999 -9999 -9999 -9999 -9999 -9999 -9999 -9999 -9999 -9999 -9999 -9999 -9999 -9999 -9999 -9999 -9999 -9999 -9999 -9999 -9999 -9999 8 8 8 8 8 8 8 8.14588388272823 8.91068270000003 8.93775018093446 9 9 9 9 9 9 9 9.87447578000003 10 10 10 10 9.97931252525839 9.91068270000003 9.87723564159581 10.2672683800003 9.40799118620071 7.44797108610167 8.08451145708234 10.3020020126825 9.44804435878399 7.18415933755271 7.77209908694521 6.80558310488598 5.99944128000018
-9999 -9999 -9999 -9999 -9999 -9999 -9999 -9999 -9999 -9999 -9999 -9999 -9999 -9999 -9999 -9999 -9999 -9999 -9999 -9999 -9999 -9999 -9999 -9999 -9999 -9999 8 8 8 8 8 8.01702487627646 8.98211110000003 8.98497675473326 9 9 9 9 9 9 9 9 9 9.87447578000003 10 10 10 10.3146475364002 11.7367478073045 10.9821111 11.3498867416859 11.5342726476377 9.95608275067639 8.9715788351716 10.2845985600004 10.9903978316759 8.60523065134221 7.98660216630505 8.92801287999996 6.03459904428617 6.98369889336179
-9999 -9999 -9999 -9999 -9999 -9999 -9999 -9999 -9999 -9999 -9999 -9999 -9999 -9999 -9999 -9999 -9999 -9999 -9999 -9999 -9999 -9999 -9999 -9999 -9999 -9999 8.01819309794727 8 8 8 8.05064336533989 9 9 9 9 9.0162250694489 9.07358881027068 9.10707899999995 9.10707899999995 9.10707899999995 9.73192330644226 10.0535395 10.8565868800002 11.0535395 11.1041827368451 10.159690522333 10.2750965230225 12 12 12 12 11.5779704425975 10.53620812 10.6422992800001 11.643035389874 10.4832273400001 8.3833651667064 8.92129224752866 9.05353949999997 6.08634416165616 8.03521908000018
-9999 -9999 -9999 -9999 -9999 -9999 -9999 -9999 -9999 -9999 -9999 -9999 -9999 -9999 -9999 -9999 -9999 -9999 -9999 -9999 -9999 -9999 -9999 -9999 -9999 9 8.33980701999984 8 8 8.10928170175044 8.95266652110121 9 9.01109257319551 9.14498673034386 9.2499358 9.51511303535943 10.4526472782111 11 11 11 11 11.0914288875307 11.8276601353211 12 12.94590418 12.984833436124 12.1249679 12.1049493695791 12.0289447875693 12.1249679 12.078170598134 12 11.5473184361627 11.640151606689 11.3398118199998 9.53676684000009 8.39766470951216 9.78032035619129 10.1182073590529 7.1292993324025 7.45257030665054
-9999 -9999 -9999 -9999 -9999 -9999 -9999 -9999 -9999 -9999 -9999 -9999 -9999 -9999 -9999 -9999 -9999 -9999 -9999 -9999 -9999 10 10 9.55409221999983 9 9 8.46946647855787 8.19639630000003 8.19639630000003 9.07087448000017 9.3821688524577 9.58918890000008 9.66051948059261 10.5215233071177 11.1963963 11.1963963 11.1963963 11.1963963 11.1963963 11.0807655862681 11 11.73161898 12 12 12.94590418 13 13 12.8712712215313 12.382525204994 13 12.699070841956 12.1963963 12.1963963 12.1963963 11.5362081199998 9.87684992933078 10.0381225171946 10.1963963 10.9565264702445 8.61363851030938 10.0174318567053
-9999 -9999 -9999 -9999 -9999 -9999 -9999 -9999 -9999 -9999 -9999 -9999 -9999 -9999 -9999 -9999 -9999 9 9 9 9.23162258000019 10 10 9.79294245481224 9.53564939999998 9.53564939999998 9.71246538681063 9.80347409999998 9.80347409999998 10.443745423785 11.2282188339835 12 12 12 12 11.9188361049761 11.7321753 11.7321753 11.7321753 11.4587832284596 11.4446400440314 12.0713227461672 12.2678247 12.0336184865642 12.94590418 13 13 12.9570973273583 12.7942082624432 13.0811632522446 13.1675311579539 13 13 13 12.5166265212519 11.7321531110535 11.3205741191449 11.2678247 11.0144888395421 11.2551359702593 10.6006362399392
-9999 -9999 -9999 -9999 -9999 -9999 -9999 -9999 -9999 -9999 -9999 -9999 -9999 -9999 -9999 -9999 -9999 9 9 9.05434637216698 9.49229700170513 10.1028109844231 10.4662963905511 10.973138383321 11.5147610028072 11.4787659910648 11.7754735649369 12 11.7275628726806 11.9574163334474 12 12 12 11.9456544420405 11.6607469 11.4605084902156 11 11 11 11.3890227852723 12.3209374800002 12.9089509069838 13 12.4221928392399 12.964256354632 12.9941198685039 12.630634462376 12.3243386512562 12.49229383012 13.2002368239918 13.5403556442724 13.3392531 13.3392531 13.3392531 13.3392531 13.0910499072236 12.4693905189043 12.3392531 11.7142514311606 12.3392531 12.3392531
-9999 -9999 -9999 -9999 -9999 -9999 -9999 -9999 -9999 -9999 -9999 -9999 -9999 -9999 -9999 -9999 9 9 9 9.16019418000006 10.1902462171767 10.9999565489571 11.6313691265025 12.1831260759521 12.7155572815933 12.6530301408612 12.1395524566841 11.6995366342295 11.4458640964501 11.9260276693204 12 12 12 11.83980822 11 11 11 11 11 11.4835874704514 12.2104255223198 12.8418380998651 13 13 12.6115346525014 12.1684225899532 11.5734625048158 11.6652734451375 13 13 13.3744745800001 14 14 14 14 13.5688448144993 13.4106815 13.0515514605915 13.388464361863 14.2249273156822 13.7849114932276
-9999 -9999 -9999 -9999 -9999 -9999 -9999 -9999 -9999 -9999 -9999 -9999 -9999 8.87061316741344 8.61284059380533 8.93948584497578 9 9 9.08558972263851 10.1244139800001 11.2041298822371 12 12 12.4459077800002 13 12.7161507672126 12.1759826915684 11.6211005303497 11.8980014308693 12 12 12 12 11.83980822 11 11 11 11 11.2494117369424 12.3757861842766 13 12.6472792467141 12.1307330079328 11.6141867691517 11.0637958896294 11.0083562084107 11.57087088 12.5650703940271 13 13 13.1939366776837 13.5178901 13.7673006798786 14 14.3182832574411 14.4821099 14.0949539649966 13.5471188937844 13.9719830674343 16.4647797199998 15.4361427101279
-9999 -9999 -9999 -9999 -9999 -9999 -9999 -9999 -9999 -9999 7.51733858000006 7.67409492679461 7.4464617 8.17808548000004 8.08792965852842 8.39042208636382 8.97005854874394 9.00959690385177 9.68193460104072 11.1601941800001 12 12 12 12.4459077800002 13 12.4112354199999 12 11.5950195450711 11.8909805100366 12 12 12 11.9508660695325 11.3749422055752 11 11 11.2072873508984 11.8003640060062 12.0516822577725 11.6110549313354 10.9739443286707 10.4592069464369 9.98085520154457 9.50250345665236 9.97005589176007 11.5708708800002 12.5931666780245 12.9113290429167 12.4464617 12.6142093672987 12.7927139775936 12.9401104550285 13.7845069473781 14 15.0256276228376 15.5535383 14.7504933199998 15.0375928081605 14.5834837367319 16.9826698199998 16.0491312734837
-9999 -9999 -9999 -9999 -9999 -9999 -9999 -9999 -9999 -9999 6.89237188000007 7.15422607655953 7 7.2743832805719 7.87691417086251 8 8.94590898000002 9.00650209483483 9.40832342340052 10.0103768080339 11.5197896994682 12 12 12.1672302662291 12.3750333 12.1542269766395 12 11.26837862 11.8030497800001 12 12 12.0108337852453 12.5916774766794 12.1498188718862 11.6249667 11.6249667 11.5313723951668 11.2635866522983 10.9310825052852 9.94049899671924 9.12743984815361 9 9 9.54651824245653 11.1620294938907 12.006500294675 12.3750333 12.21484392 11.5197866996281 11.9242586378756 12.0776944474895 13.5167726600004 14.301651814635 14.7359105135988 15.7451185035329 15.5427640003322 15.5757410622044 15.9529233374636 15.6452553339707 16.3793646908101 16.6027829663214
-9999 -9999 -9999 -9999 -9999 -9999 -9999 -9999 -9999 -9999 6.54148758430605 7.28638066008614 7 7 7.80305218000016 8 8.94590898000002 8.98792633352102 8.30360489999997 8.40087637599896 9.14243728000011 10.1218579175222 10.6072097999999 10.917737793044 11.3036049 11.7136176685656 12 11.7778761640873 12.4994448800002 12.087412780391 12 12.6895860897388 12.3036049 12.1434131199999 11.3036049 11.092563353826 10.4935167539347 10.1682258416956 10 9.82124891721729 9.69639510000003 9.69639510000003 9.69639510000003 10.5708708800001 10.6120343519354 10.6072097999999 10.5453970884567 9.973735518608 10.5352226800002 11.2115985948257 11.7489491600001 13.8918059600004 14.48266862 14.767510134131 15.76335671363 16.2873718227815 16.6365985908485 15.4784371461749 14.6448835353267 16.0052615275659 16.2766573601949
-9999 -9999 -9999 -9999 -9999 -9999 -9999 -9999 -9999 -9999 5.36034158245805 6.46396988980415 7 7 7.18644984446976 8.57506997923543 8.98744133629498 8.98266261999979 8 8 8.23162258000019 9.30305098000004 10 10.1035293076832 11.0266222528085 11.9045207995084 12 12 12.1864492872462 12.0291432168412 12 12.2414619300321 12.6996688908966 11.83980822 11 10.9296392413656 10.7678235000001 10.7678235000001 10.3706024663722 10 10 10 10 10.2030327259351 10.0125597781522 10 9.91123901999999 9.03719220958556 9.46379428000016 10.9302344357677 13.5721265426769 15.168152099708 14.48266862 14.1366961850612 15.3992726790265 16.1698641768863 16.2321764999999 15.1546709512882 14.7803838353759 16 16
-9999 -9999 -9999 -9999 -9999 -9999 -9999 -9999 -9999 -9999 5 5.18928634675551 5.87556642703631 6.1607481 6.83471116786428 7.28114218344383 8.11535210869208 8.15796114910599 8 7.86555673006601 7.19798098965213 8.13321940152385 10.3142825311758 10.8392519 11.4397488879963 12 12 11.3859853667544 11.8347091536597 12 12 11.988238150197 11.3817224906309 12.1086907314588 12.8728914761435 13.5177557 12.8891946660573 11.4650249626146 10.48266622 9.50588022178674 9.71481429862728 10 10 10 10 9.9854535993029 9.14647994111086 9 9.23161778000022 10.1461422929418 10.6628325316999 11.6412603895423 12.3990842635946 13.803849492026 15.6055640755777 16.6140106048365 16.1652948747494 15.8594300656644 15.0454020339217 15.9854556135075 15.0862572930936
-9999 -9999 -9999 -9999 -9999 -9999 -9999 -9999 -9999 5 5 5 5.6601953800001 6 6.07172837980192 6.08931969999995 7.03522867999997 8 8 7.98569150390066 7.69974617935869 7.35718782523664 8.89414977412219 10.4953991308629 11.51733618 12 11.3987752589155 10.3576983199999 10.1610478654346 9.38226934869388 10.1293775880463 9.2821973695738 10.0972480184725 10.192947681732 10.2886473449914 10.3572787999998 9.94935364848923 9.22813096522987 9.60355698394102 9.94741193871107 9.96964832454846 10 10 10 9.13858369758634 9.0877715591541 9 9 9.02068803062427 9.36529788611621 10.3410266228568 11.396411200403 13.8844939853512 15.8004847407651 15.9696481101812 16.0653477734406 16.0175919632999 16 15.0540982200001 15.0877717735214 14.9112414199999
-9999 -9999 -9999 -9999 -9999 -9999 -9999 -9999 3.39237307999997 3.5799590328032 3.03578259999984 3.61401577333072 4.67808668000002 5.01789129999992 5.01789129999992 5.87672628559912 6.0169235413338 6.06983698346667 8 8 7.99585597093446 7.98753067599853 8.01339984586273 8.04376046986412 8.06292971679695 7.4933343837297 7.07764478933657 7.05847554240374 7.84235607547104 8.02013704853807 8.03481479839459 8.01820144532759 8.12295788773928 9.17521704080644 9.77252380612625 9.01789129999992 9.01119142000767 8.56207244692493 7.51906906771606 7.05367389999975 7.70205281227606 8.754311965343 9.80657111841038 9.14116972852262 9.00096784454436 9 9 9 9 9.60067046987977 11.3565832800001 12.4280116800003 13.5272072727569 14.0357825999998 14.6841591552152 15.0178912999999 15.0178912999999 15.8767192144166 15.0540982200001 15 14.9112414199999
-9999 -9999 -9999 -9999 -9999 -9999 -9999 -9999 2.30089601149603 2.9167985378977 2.94646290000001 2.97798377668497 3 3.73162378000004 4.04299308486588 4.88120052574056 5.89526775634687 6.89292580000002 6.89292580000002 6.9015021318341 6.95886330122774 7 7.35443083998503 7.94646290000001 7.45682339880226 7 7 7 7 7.87447818000014 8 8.01547885088465 8.89292580000002 8.89292580000002 8.67370589273854 7.9302385578677 7.5384972315259 6.92259041908041 6.89292580000002 6.9244464197069 7.01715227820106 7.78515607999997 8.05353709999999 7.22587821728139 7.05643323332491 8.01640464393151 8.95121490546237 9.30322661028801 11.5877791400007 13.8929258 12.8697434751844 11.1128665951388 13.0120769327031 14.3451903936534 15.2850317993889 15.2540149500052 15 15 14.949359161814 14.9464629 14.8624561969732
-9999 -9999 -9999 -9999 -9999 -9999 -9999 -9999 1 1.39018679140128 1.87503449999993 2.46380148000004 2.95753614575938 3.73162378000004 4.7026983628003 4.87503449999993 4.87503449999993 5.00216657436042 5.12496550000007 5.24512218839851 6.0777122484791 6.78793991724108 6.87503449999993 6.87503449999993 6.93968367440176 7 7 7 7 7.65591897399441 7.75006899999987 7.7349002944429 6.87503449999993 6.85501605411633 6.72112446839604 6.3599255373238 5.75006899999987 5.35988640876408 4.87503449999993 5.46379668000007 7.03041356815024 8.35672247999979 8.52475028263434 8.50013799999974 7.79064459761147 7.75440094905191 8.07766891975381 8.91507079193273 9.73298614494083 11.7879393174067 12.530390853746 12.7890200288466 11.8147175745673 12.9054047394249 14.28529168 14.8079571634559 14.8750344999999 14.9843135031684 14.0540982200001 13.9978343253912 13.8639427396709
-9999 -9999 -9999 -9999 -9999 -9999 -9999 -9999 1 1 1 1.47313673660663 2.46380148000003 3.53522987999997 3.96132064953372 4 4 4.81753852432612 5.62464525772063 5.6748730797674 5 5.24353361613899 5.73006063409212 5.60721219999987 6.02294670999855 6.52644807204792 6.47755432590497 6.4108182999998 6.4108182999998 5.87982448047004 5.80360609999993 5.80360609999993 5.78617351362454 5.478481108422 4.61747471046872 4 4 4 4 4.47313287929737 4.80360609999993 5.39153957520365 5.11959203368582 5 5.7601343690634 6.22765504701724 8.03486423006006 8.68170634292334 10.0599289426293 9.96977480117017 10.7300615767828 10.3364544705274 10.51733138 11 11.6601881800002 13.4632331599999 14 14.8744733800002 14.0540982200001 -9999 -9999
-9999 -9999 -9999 -9999 -9999 -9999 -9999 -9999 0.832472271627731 1 1 1 1.48338033487912 2.46380148000007 3.75030516186783 4 4 4 4.06499232463916 4.77508127373426 5 5 4.62552061999997 4 4 4.43108029602594 4.07198471999988 3.73217770000004 3.73217770000004 4.60665588000017 -9999 -9999 4.91123661999996 4 4 4 4 4.11942340445402 4.12926877717269 4 4 4 4.58797338367959 5.20058592938777 5.26782229999996 6.75879438288147 8.39779992037227 9.89236708000004 10.0993567665599 -9999 -9999 -9999 10.51733138 11 -9999 -9999 -9999 -9999 -9999 -9999 -9999
-9999 -9999 -9999 -9999 -9999 -9999 -9999 -9999 0.247438573997758 0.660749299999916 0.660749299999916 0.660749299999916 0.884721044801771 1.48341990049832 2.99441764579859 3.91483489780285 4 4 4 4.16019418000006 5 5 4.62552061999997 4 4 3.80026120409972 3.22452725059995 3 3 -9999 -9999 -9999 -9999 -9999 -9999 -9999 -9999 -9999 4.48266622 4 4 4.49640450219668 4.67850140000017 -9999 -9999 -9999 -9999 -9999 -9999 -9999 -9999 -9999 -9999 -9999 -9999 -9999 -9999 -9999 -9999 -9999 -9999
-9999 -9999 -9999 -9999 -9999 -9999 -9999 -9999 0 0 0 0 0.389066935517469 0.589320899999951 -9999 3.38983026243821 3.97778594858832 -9999 -9999 -9999 -9999 -9999 -9999 -9999 -9999 -9999 -9999 -9999 -9999 -9999 -9999 -9999 -9999 -9999 -9999 -9999 -9999 -9999 -9999 -9999 -9999 6 -9999 -9999 -9999 -9999 -9999 -9999 -9999 -9999 -9999 -9999 -9999 -9999 -9999 -9999 -9999 -9999 -9999 -9999 -9999
-9999 -9999 -9999 -9999 -9999 -9999 -9999 -9999 -9999 0 0 0 0 -9999 -9999 -9999 -9999 -9999 -9999 -9999 -9999 -9999 -9999 -9999 -9999 -9999 -9999 -9999 -9999 -9999 -9999 -9999 -9999 -9999 -9999 -9999 -9999 -9999 -9999 -9999 -9999 -9999 -9999 -9999 -9999 -9999 -9999 -9999 -9999 -9999 -9999 -9999 -9999 -9999 -9999 -9999 -9999 -9999 -9999 -9999 -9999
