catData/variables/futureClimate2070/rcp45/CNRM_CM5_2070_rcp45/bio16.asc
NCOLS 409 
NROWS 350 
XLLCORNER 60.897278365 
YLLCORNER 5.843756025 
CELLSIZE 0.0892857 
NODATA_value -9999 
[rows 75 to 99 of 350, columns 56 to 111 of 409]
-9999 -9999 -9999 -9999 131.196483374737 133.30158842 136.937969298116 137.354037416903 137.346631041866 140.932007820448 142.722885592723 141.28682144 140.594065544569 140.6608405 139.699996599947 137.605930848477 131.782167782921 126.164017774318 124.618052041631 127.243240677528 124.450036053011 121.781226005752 118.53171951403 113.017256267023 105.316442338315 97.5062870550718 90.3073887399991 84.9106445316982 81.6667338659284 82.6573817787284 84.0740616653577 88.7109436800009 95.3170216400007 104.12300940477 114.048277643404 122.950139734213 131.983538990128 141.87734406792 151.780233200001 162.063451342131 171.816452120001 180.72769834 189.672005051224 195.305444096951 198.459166297439 202.995227599882 200.126890712671 209.659740765903 176.706044713427 155.722283199999 138.273455549229 119.04112994465 106.316698590497 101.861317860665 100.26849382 100.124620087507
-9999 -9999 -9999 -9999 123.781474992566 128.744846988436 130.96855652991 131.896738831148 135.992745991743 140.205352046377 140.620058909907 138.604962334634 136.32258724 135.891166446191 136.240380746793 139.223784727017 129.238065620001 121.498004812158 114.425427687942 115.008182083331 109.48280306355 105.9288764 106.296687770289 105.875952060632 101.346942378016 94.7994181134236 88.8378466977684 89.0082077398318 91.0797827847578 93.4715423711657 94.6965031803883 97.1691980663844 103.441893540001 111.904633831118 120.133719675439 129.259643755267 137.745028520001 147.833779900001 158.548063900001 169.462088276917 179.431738022672 187.979491122259 195.656826260002 201.985687221434 204.908995138979 207.05304289635 209.520897102154 207.960086418264 170.355756097481 152.424465067292 134.397252825814 112.437163936265 101.7170896 98.1366666480752 96.6613008199999 97.05308638
-9999 -9999 -9999 -9999 124.193371448332 126.112835617427 126.136042840688 128.872464100001 133.547550934419 135.5358678 135.960790132537 134.59097306 132.579135319493 132.91023678 131.386178480325 131.212222270325 123.564756326922 114.404361883441 106.366457841086 100.813965506123 104.164835237572 111.005242248765 118.004432669962 112.871280615947 101.090814187071 95.0556687799998 92.6325816481874 96.6217367800004 102.29018427786 107.298718135689 108.87126992525 110.000660624422 114.671116541887 121.359440268733 127.674717560001 135.477755340001 144.423649920001 154.695525658225 165.849833194963 177.35109928 186.614011003119 194.17470916 201.674707960002 208.503174535975 212.12319334 211.575184432137 217.259927873495 204.001602502456 162.345064070583 141.277726869073 125.67795969082 107.862059927994 97.79024419069 94.695036507902 94.2393223855761 94.91022958
-9999 -9999 -9999 115.007032554885 123.521057421621 123.316232837745 122.079815509358 123.768618888387 128.157819418548 129.752226283554 131.338893512416 129.737559458701 128.74387110743 128.392250952878 126.86669567923 123.867683451647 115.594211186204 105.110008378085 99.6400052858481 106.202619545871 118.796373940002 132.968591227806 147.183230876826 145.731650433356 128.285453638542 115.407521839341 103.071410377421 100.165733283006 109.229394956592 115.294290275831 119.184491611104 121.382677178038 124.169162204973 128.1757306 133.884430338842 141.317014440001 150.443446147292 161.064699299645 172.832679413422 183.999555020539 192.526123359106 200.366689652619 209.544717142738 217.877422441251 220.290758884554 217.490087835596 219.98728663696 193.912902385181 159.875106464075 135.288909125712 116.996164810626 104.934788126549 97.1287767436594 92.8224996399997 92.9784619624718 94.21372408
-9999 -9999 -9999 -9999 119.58996842 118.269682258062 116.02177577133 117.496989680001 121.638624399772 122.909337740001 125.08896498 123.605561094872 122.090872589268 121.443174908301 119.812712047663 117.137895592421 112.361191738777 97.3006831732195 96.0057634317479 107.031509352857 118.321638834616 128.010808706555 141.16724670395 147.702563894985 143.80547426 138.792971504103 124.042497073388 113.590158154302 117.979241184502 123.800706900001 126.218860906515 128.24883276 130.431314084473 133.55021552492 139.732052474312 147.192039340001 156.512401300001 166.979861697513 178.422072160001 188.92420264 200.053711314653 213.181708180455 222.239154433859 227.343525165794 226.3040314353 222.764017229498 218.97658243473 177.997021923589 151.035660840613 131.020605216749 116.474532549172 106.292560566021 99.0585608267418 95.3625816527629 95.3572068956893 95.5822879769048
-9999 -9999 -9999 -9999 114.980847924099 113.21976882324 111.7500522 112.810737067771 114.641649081224 114.405531991011 115.89256388 116.66955212373 115.55475894 115.14950491263 111.536105626911 100.56904031431 96.8791576883174 87.9836334024508 94.6909012640371 101.341098529905 106.097704650396 109.939960469441 120.198034236517 125.551480590885 127.695064234697 134.17185178801 130.348510217137 126.368888046893 128.609629866303 129.79644162791 129.638496830822 131.295426470308 134.163366852053 138.08596258 144.746143560001 152.549181340001 161.6355109611 171.791630844621 182.362817328984 193.063833428173 208.265371845331 222.962120675029 231.469609532857 233.952257221067 229.513707486046 227.313679894815 212.357076955641 163.426052249038 140.451139312684 127.79542972649 118.191473555855 110.490092009365 104.486547110401 101.418113623879 99.5120602544826 98.6005499875577
-9999 -9999 107.871070349667 110.23172098 111.03687364 108.942649238698 108.16317843339 110.698644874607 110.597467752562 108.735641301033 108.675048388471 111.229136940722 111.59042154 110.9107931 103.540136001739 88.9588108235083 79.1020544809976 82.4889426058478 93.3471070563268 97.6144526598727 100.981006076036 99.6456876218095 100.139453351057 104.235973115532 110.675874918369 116.016963597791 119.591673491045 127.290564122991 131.230845934967 131.076222100779 132.030277517305 134.141183040001 137.506030356526 142.63515104143 148.710480960001 156.513518740001 165.459413320001 175.237641853249 185.048722220001 195.459074329157 210.660156834225 222.091208135199 227.283268898127 230.737383957073 230.060878547487 222.117426252779 184.251961149001 151.011613777643 135.704771346253 128.813214565184 122.235221619999 116.427693570773 111.80552898 108.287308760522 104.738128178477 102.463025932864
84.2568709508755 93.706637462492 101.48638373305 103.669128568482 106.051480902612 104.854296201969 105.568641519357 108.837154126816 107.9553856044 106.184594802112 106.312003637062 109.671184335138 107.623234311237 105.599090672041 100.875752644318 84.8394543211853 72.511223516926 75.293434081449 86.9191737805439 87.1248388180941 86.1907249056259 90.3427915848031 90.3454727999188 97.9129246134273 104.4006061195 103.939385891578 113.027001527558 122.079232763841 130.826383615376 133.20710522191 134.468997319719 137.328862322694 139.2115996 144.814727190794 151.569090732463 158.192142540001 166.850509569489 174.985944613347 182.955208132744 193.268265305628 205.217960236001 213.087285075256 217.393131981489 226.958924252927 229.17806388 215.953648226241 159.085456496544 142.076916306032 136.3211332839 133.556651389347 128.647720027718 123.59124138 119.30552778 115.156503897165 110.96626988 106.458519341265
81.0883126600004 89.6336103962561 94.7393567234286 97.8556950400007 100.863928811936 101.751099461333 103.930047169271 105.367470639873 103.17817668 104.193784436222 106.914145971682 106.624037446857 102.771650347111 100.297335561746 95.917573387047 73.3527059387894 71.7532993552402 70.6319860718105 78.8272285730148 75.6394088322236 75.0678995297122 75.6654437358419 77.6278665010802 82.6442464919015 86.8221023794324 93.1964261317186 102.489299254665 108.908431500001 121.779649694924 128.417500433717 130.704195028128 134.703910428478 138.827972052574 146.396490403332 150.930031226158 155.652206318381 164.895803265274 175.423818862034 182.514604562855 188.672323517519 196.618870309777 205.560754319242 215.733552971564 217.897460571099 206.967025871415 201.721475691847 152.299922806604 139.923318794003 138.641289292699 138.068609602193 136.106049126289 132.769758379999 127.615710757013 121.531585087616 116.00152029911 109.470985868823
79.6954024600003 83.9777130387567 90.9037449018207 95.2306155400006 98.1057209213523 97.8235042403485 100.329995945879 101.807503521589 102.719344746034 101.061203328898 104.776815884526 106.541194518993 102.947836347428 98.8704997514509 94.8054204395732 74.449233682392 71.980672553505 72.7128828135124 71.4318210673469 69.4465624999998 69.6368036114474 70.8469548767488 72.9944542244524 75.3286949224026 77.6167318901761 81.3482896740585 94.4850869306132 115.252581349281 121.825447891144 128.850758214847 134.297418627922 138.559626992005 139.216582949882 142.852102810951 146.352319100074 152.030470482198 160.626096987258 168.687737953149 179.038532385043 185.960736169603 183.531106846643 186.859574385502 195.42571617518 198.490716817194 212.158258860037 170.438215473714 146.279667283737 142.863630166798 143.764360174424 144.713031670898 144.53657004 141.907996007499 137.09225682 129.055184131353 120.359582958278 111.944548308401
76.0644916734537 81.2870983412505 90.515051015952 95.0179500493445 96.121352045359 97.7952053000618 100.371919768321 97.1998876294691 101.645694630428 104.061612268313 107.430258372845 106.414417311719 100.111632565523 99.9064032919046 90.6360494042431 87.7632438180247 76.5660605492234 70.0189967399996 67.8761399399998 66.2109721229528 67.2673811800002 68.6418509600002 70.4169350349925 72.3833723523595 74.5623467002895 77.4086722200002 85.7499403846914 102.41807401294 100.170154737947 108.001455529407 128.039757957301 135.0715364 135.424964238524 139.376881374126 141.770510286774 145.923913118267 153.860958551719 166.712126431687 174.55793014841 171.319312580128 171.184389313356 177.26433846 178.469289491651 198.947159126588 207.77202818584 157.019777629119 146.71586176 144.456925897593 147.632888032296 151.106467210499 154.211301272554 153.027675781797 146.193018483337 135.419617854186 123.684035219227 112.674330264782
76.3411753639685 83.3287696250019 93.4199567566051 96.7892324247134 94.3014900200006 97.6089275405737 94.9873156803473 92.1444066329305 93.2505559907476 96.3312065990206 97.8135228181038 93.2554064671271 89.1459142217794 89.3320008417238 87.4635063297137 88.7422205964947 69.0854654998294 66.8771445799993 63.0304594924714 64.1961266175861 65.8106259097701 66.179726641437 67.21383688 68.2852652800002 70.3359470608053 73.435494493449 81.0856274721865 86.9975844463188 89.9825183030999 97.3371789160365 116.834026266671 126.969987616721 125.831970851731 132.906647340001 140.601237925515 145.738731030285 153.791610618797 160.320725947761 161.358546502182 166.413785971384 178.531387892422 178.37458714913 175.994144503214 181.492403565183 174.78741472316 156.379517459999 148.18685643258 145.274938854194 149.034611893618 155.137481941551 162.026121526144 163.561567328906 155.028450577075 140.801537647472 126.417678459999 113.259889623619
79.045460961257 87.3707051400014 92.3951556037113 93.362137918772 92.9801162200006 95.9843339800001 93.1172582594005 94.5227552188095 95.5446875194096 96.1741941817567 94.5906435770941 93.9028317730822 87.3455886617142 83.3108992228355 84.8826784267495 87.9985494400004 68.0381965377897 65.6850744789025 61.9778158010874 61.7700732994609 62.280362661069 63.6629537994703 64.077725880525 65.0152549805204 66.01743578 67.08886418 71.1311898820258 82.0540140425087 96.2161342540385 103.903078397047 113.847823868776 125.071899735655 128.781248395696 126.411292442842 134.295103840939 143.394234582321 153.19977376046 157.054334436361 158.37533873775 160.640275864009 164.548781282204 168.844316855203 171.055232144746 168.642671960426 161.747331139578 146.247595557912 139.111152779175 140.910901019592 146.199057240404 154.636585140399 163.729447201183 168.41259286 158.214407138461 141.124471718478 126.250237359624 114.010212319259
82.4080271000008 89.1863565037321 89.257868870084 89.0275411792459 90.8570762062683 92.9664498800001 90.1200858783648 92.2436734434805 95.0867565000001 96.2315712772335 96.1603559148626 101.137107089893 97.8665193343405 91.2377855091823 83.3612637599989 81.4893172793687 66.8356806833786 63.765540144947 61.4645490627674 60.1287241522849 60.8035989 61.0471226196226 61.5336515232912 61.4107967 61.8265197706288 62.8031505800001 64.4051016179665 71.0145780983655 89.8061543501669 101.605518778699 98.5259845788693 105.891463965242 117.371169060128 122.945156117991 129.227851834154 137.312220925075 144.204573463962 149.476408184904 155.045759497923 154.742137020379 152.699991367987 161.919443178994 161.98043242667 155.104350085027 146.141951052051 132.408425769309 130.516075108659 134.198230615011 139.80815925868 147.038211624696 153.970260324067 156.607476210315 148.836813193229 136.433511571907 124.288429837924 113.97002229564
83.2117364000009 85.7736141843864 86.5066808015729 90.1545633203338 94.5720984250803 90.90939867752 87.8924514828353 88.2012981477737 92.0057101869334 98.478891980001 100.454823747707 93.7400084852927 91.8150730810847 89.6114641598886 84.6034997721609 71.1840496546603 66.1835646479746 61.6227918319603 59.4643410000001 59.4643410000001 59.526373788627 59.6510070787153 59.0898712200001 58.3449163133997 58.1965115000001 58.6275805280843 59.5888653800003 65.3375047166117 72.5128305602225 75.4255053778302 79.3260202664345 83.3072730528249 90.3344470168781 100.425397735506 116.148813887478 129.074745001508 138.380105518064 141.166585054287 141.015370702337 141.336754309126 139.949720598217 147.670842246645 160.637576567102 144.565355361948 125.459273314485 119.343667585072 120.920769782271 124.962424120001 129.58729107391 135.220066764298 139.441025903279 140.210194141019 135.666028894706 127.769388226333 119.178373176976 110.9320590233
81.6989058676028 86.2189952174959 88.2494147085108 93.4076545557401 96.5790232967454 89.1641443353264 88.4922959325736 89.5140499820546 94.5747097015812 102.821072813723 100.167915236453 88.9564322306058 80.2896202880049 76.102790614755 77.4439003627948 66.9240862179984 65.6433496054598 57.9941214137455 57.6607421 57.6607421 57.735202013585 57.7819941021918 56.94701442 55.8755860199998 55.145977070855 54.9822263 55.4184372528863 57.5895986639021 61.7740359498355 67.5597932637334 81.2738782427167 90.516238643894 91.4751375677619 92.3199497400091 99.342864888876 108.103352944461 112.638297611727 117.05366948435 120.968673490148 122.561409288269 123.037244701842 131.268622951814 139.187821222732 123.624723316498 111.806332339489 108.98132486 111.21293304 114.533055764215 118.455278815231 122.274694312492 124.96411228 125.14375392 122.695865680707 117.406868389073 111.433549017351 105.73195971532
83.8518224000016 88.0856585031197 88.9681191778083 92.7332807399996 90.5222625784399 88.0286137837512 88.4639911903061 91.0503611287469 98.4591861875432 103.437130643791 96.7412980021114 85.4596944999183 72.3178143740954 69.3371048126594 69.893137 66.4887016723352 65.4425685365445 57.9826722199998 57 56.9342143875228 56.3577007199998 55.4648587569009 54.80415762 53.5496049462789 52.2506145199999 51.7679411 51.7679411 52.3297758551062 56.5939907413782 61.6492485023463 76.6068177529507 93.0797536593337 98.5002841673459 98.0810743575481 101.391983770027 110.280018131588 108.987376953814 105.343767135778 105.908184413385 106.136051858696 109.408262119968 111.860166630683 108.375848127769 103.98458598 100.4758042705 99.3455835705615 101.944314764128 104.718578998817 107.492843233506 109.964070888195 111.44622938 111.62587102 109.732256027738 106.611033246097 102.934235278359 99.6894645710111
84.6432900103824 88.6884285312571 89 90.9569845054678 88.4291267199999 87.5121553156132 88.4002911988889 92.387995613511 95.5233240864049 93.8227532469293 89.1053886479522 87.0080517334202 77.2988131770737 68.8461247490929 65.826168369824 65.9305001174559 63.2638080250871 57.9910261974563 57.4393240409061 56.8398154200001 55.656722997631 54.2148439199999 52.9628781343563 51.3589483072811 49.7511479710812 48.4680757388876 47.7532570878063 50.7377434521431 58.7041671154694 66.4960829600006 71.1583908200001 73.5010384739036 81.0350314757778 83.9802647782801 79.6460079441199 83.453591631484 89.6187641828429 90.0427143314421 92.3011859236874 95.6127949343667 97.6151205746451 98.1430824000001 96.9528883016064 93.1631029799998 91.2252082216684 90.6604627133888 92.795682115057 94.4992125600003 96.5304076517821 97.9997748800002 99.0712032800003 99.2508449200001 97.9115031747683 96.2851977564056 94.6352773541294 93.7284232996807
84.445451004664 88.6234201400005 90.5707922107901 90.3848733584385 86.8041552199998 86.4077823699552 90.265163100001 94.274833993417 92.7950508775712 86.8997621267238 86.1438993892359 85.9903608272688 76.8631547199982 74.0002529756152 69.7755322425037 65.8499288114826 59.7710606200006 58.5439514269426 57.8621134489785 56.28627232 54.9832309399997 52.9756690550863 51.14397424 49.2001917591582 47.5910800988054 45.3895025832302 46.9681469126037 56.4473337053963 67.5447411213247 76.1407671086268 80.3489672734105 81.391838730892 79.0946219974819 76.1098334790358 72.0195971077696 70.9048732907701 74.1484028056262 76.968679455324 82.0173597909068 87.7871001952014 91.0334097049211 90.1659183032227 88.4100956621579 84.6273335799996 83.1793037199999 83.1329322639496 83.6112788659855 84.2498052480215 85.8243822899426 87.3211486799999 88.39257708 88.8190399238345 88.0543334199999 86.9829050199997 87.3025297954536 88.0837173956908
82.244520134283 87.7630969600268 90.0304105314013 88.6915671485892 85.5081562515221 87.6758493999998 92.7434853770774 95.7386215542478 92.3957159399569 84.5914261799993 86.3196472286236 83.5973138312551 75.5764175948466 73.3842721220495 69.6363878431453 64.3777020999993 59.8481411831034 60.2326152199998 59.0169605570508 56.2645653255212 53.9118025399997 51.5795535141791 48.7670844998887 46.5119627944017 44.5861016826149 45.0454448068478 53.8818993236435 67.5685008831294 80.4599487058561 89.1988316998553 92.371161785564 91.176083122546 86.5116363279304 80.5988658026916 74.4273615768022 68.9053143787763 68.23313720018 70.7669340600003 74.7204844649569 79.1415142400001 81.778197527974 81.8600795381633 80.3202859940763 78.1419126006414 76.92924792 76.2285182624097 75.000228 75.1604077800001 76.4634443600002 78.4926538059576 79.9996644800001 80.6251995 80.10787772 79.7723534862398 81.1954996600002 83.0639829917011
85.1338287362334 87.7713406336923 86.9697240649946 85.8950159668567 85.5135216049454 91.3634261062933 95.2489428674712 96.1898427772106 87.5553140225901 78.6451984799993 78.7660933903042 77.1617973844496 73.1976289399997 72.4264018925341 71.6613883772231 64.0647370848743 61.4797503272843 60.9826722199998 59.7337314599996 56.5194462600002 53.3754787838889 50.3944759599997 47.18019076 44.2366550240753 45.3217485243732 53.153773625983 66.7555176598156 83.5206466312936 98.5937546620974 107.352878160001 107.488501810871 101.829110528401 93.433506692966 84.4898539575979 75.913832255248 68.2737687846315 63.8623279640883 64.3275140366027 67.5306328127806 70.4814512021633 72.5487317484541 73.3473173809289 73.5004315290647 73.8614906406108 72.96490572 71.1797544399997 69.0907874956862 67.9817803800001 69.2848169600002 71.6387084040085 73.8924654800001 74.8285206052427 75.0573414558598 75.4995504800002 77.6909057570943 80.5799051877113
87.6318255618179 87.4249374824784 84.6140779842958 83.517569810593 87.0888153104091 92.8794009503934 92.2567147982479 84.8249530087294 76.1911471257668 73.8298346486203 73.2218906774916 73.3819155927913 73.2003564154248 73.6432051158295 73.7678283 66.3660056319443 62.178720581251 60.9826722199998 59.7337314599996 56.5194462600002 53.3051610599995 50.0908758599997 46.5890621654212 45.6334630921804 52.3078467169333 64.7429476862306 82.1443202294171 102.969661977191 121.448919448725 130.109889236816 124.642709819229 112.455839994637 98.8359144879511 86.8480321580797 75.9692782020954 66.9485740103052 60.2855863082086 59.608745538735 63.2484876400001 65.87402026 68.0168770600002 69.8200158730189 70.4186143465469 71.3388095800001 71.2447334473406 68.4163963657153 65.4508665187717 63.08886658 64.5697384751158 67.6056248400001 70.0709800800001 71.1424084800001 72.0937294028904 73.5051526298344 76.2127074400002 79.42699264
86.470348120268 84.1047245537261 81.5991222664071 82.2009750806461 84.5678339823152 85.1778137075645 81.9152532599985 74.9292976903412 73.37447218 73.1081988399996 72.5173289799999 74.976474303358 77.57127791911 78.1962835 72.1306537091464 68.050639133523 63.8949158800004 59.3041588199998 58.1297072787312 55.6801895600002 52.4659043599995 49.2516191599997 46.9199692672501 49.8699301052495 60.0771455967072 74.9448564432475 95.5982411946837 120.730224832657 146.98465862291 155.599678450591 139.048780424302 118.070850156262 100.550749726453 85.4250486522134 73.2033539489427 63.4729888543256 57.6129088951926 57.9443264200005 61.7127158400002 64.33824846 67.0351665706779 69.4632187600001 70 70.8744661800001 70.2061516362413 67.9625694870287 65.6474877502991 63.5698292728609 63.8892032568402 67.2397154797799 68.5352082800001 69.9808556866508 71.951487549921 74.0167570600003 76.2657331435387 78.5808148802683
82.7349384325049 80.5414207350248 79.2375597971095 85.630053749881 84.6681917510901 81.85825584 79.3803501374835 75.6010791547185 75.0796033534528 78.4737743685748 76.5365057105793 77.7125722934815 82.2548695661564 83.5534255000001 77.0573611922706 77.6970070993425 63.0355244509534 58.9511119178753 56.0011174399997 53.8439537702558 51.3944759599995 48.4561660294492 48.0230721471388 53.7053135686445 64.8506593600011 80.5989904678378 101.476240692569 128.265570794063 160.731055639768 167.240633495104 140.61481262761 114.136265074579 95.2045826999985 79.6137032399989 67.430707904207 58.6012747238047 54.9724122936083 57.3775124770015 61.1124068625959 64.17750516 66.9805429400003 69.4632187600001 70.7313145409833 71.7851512800001 71.8262026201768 70.6816335602261 67.6438674399999 65.8070637589673 66.0257216643078 67.579007478161 69.2851500800001 69.9903349452907 71.5950756969516 74.1775003600003 76.3203571600001 77.796950384258
79.6559543038612 78.2868262399996 79.876819943436 82.0712360237354 81.9617257593175 80.5401907444178 77.3409268599994 75.0140914297161 75.3721891632379 76.929509458552 79.5051010063945 84.4146944711232 86.9220281518159 85.509284174061 79.3464518188919 83.1641292044496 65.9723169385225 58.9650345066627 56.8046011399998 54.6617443400001 52.5147447944329 50.0605232096431 48.73775101372 53.5751609977978 63.7177320418741 77.8881592319003 95.9902719500814 116.130517112825 135.135434232695 138.536595 119.466386323004 98.9904716391786 82.0755503710267 68.7465165843114 59.5135325347206 53.777178486421 54.5023601984158 58.3198008400004 62.0514102200002 65.15961866 67.9626564400003 70.4453322600001 72.5738255247485 73.8386931800001 74.8932028365949 72.9462843250364 71.7509512399999 69.6138245512699 68.1958351800001 68.6774512113645 68.3923514800001 70.3316402241762 73.008123636018 75.1596138600003 76.6541003641712 79.1686491635045
