catData/variables/futureClimate2070/rcp45/CNRM_CM5_2070_rcp45/bio15.asc
NCOLS 409 
NROWS 350 
XLLCORNER 60.897278365 
YLLCORNER 5.843756025 
CELLSIZE 0.0892857 
NODATA_value -9999 
[rows 156 to 181 of 350, columns 180 to 239 of 409]
140.55310198 141.62453038 141.132899708485 140.118827335022 140 140.01730858 141.08873698 142.151591358828 142.958865447709 143.286800705754 143.57201712 142.9464677 142.456852973858 141.968483619604 141.321643626933 141 140.957012439992 140.118829606545 140 140.01637974038 140.85773312 139.78630472 138.71487632 137.356649485768 135.62555182 134.55412342 134.461919929238 134.335718271918 133.911127721544 133.8929354 133.93592283153 133.9464677 134.942977964605 137.050985028859 140.123932060001 142.098054515783 142.8929354 142.606139237291 141.57202192 140.50059352 138.939554936903 137.968483876559 136.661488789978 135.26841222 134.19698382 133.07874439041 132.00059472 131.92916632 131.025697661597 131.830829464261 131.566681582276 130.8394031 130.8394031 130.417399861888 129.8929354 129.8929354 130.55309238 130.932098848038 132.509508085425 132.986557202225
138.452711002047 139.48167358 139.850424963681 139.8750393 139.993237149409 140.01730858 141.077648344864 141.895053678001 142.202653659136 142.8750393 142.547380326592 142 141.93535690768 141.359872355184 141 141 140.19697902 140 139.881802450497 139.872876707633 139.672432355231 138.71487632 137.64344792 136.57201952 135.50059112 134.42916272 133.35773432 132.8750393 132.21487752 131.8750393 132.57771211613 132.859350106734 134.76679006 136.90964686 139.041415624675 140.7500786 140.779018121053 140.8750393 140.50059352 139.484881869644 138.48269742 137.337700784627 136.21487992 135.14345152 134.07202312 132.235421346827 131.05412702 130.85773792 129.78630952 128.71488112 127.8750393 127.837174335989 127.703287893125 127.6251179 127.6251179 127.6251179 128.28527488 129.448122701195 130.653437544059 132.623923660001
136.933260420496 137.73159498 138.645318341123 138.975343698068 139.760119622742 140.013909363552 140.821037875639 141.128710645171 141.8036109 141.8036109 141.877148912401 142 141.48269262 141 141 141 140.19697902 139.828267673266 139.043493205924 138.78630472 137.786184395695 137.44705882 136.421112442686 135.50059112 134.355625178933 133.16134522 132.08991682 131.6072218 130.947060019999 130.6072218 130.6072218 131.48166878 133.49897256 135.64182936 137.69595398 138.670129384323 139.186107428648 139.744101589457 139.306313089733 138.716046071076 138.08991922 136.545380187304 135.14345152 134.07202312 133.00059472 131.929166319999 130.85773792 129.78630952 128.71488112 127.64345272 126.8036109 126.50059592 125.42916752 124.628482184821 124.4108327 124.52645257597 125.26737878 127.07039256 129.370952513542 131.380764347268
136.751179916961 137.535661041444 137.947246214073 138.64025829041 138.985505765107 139.736818040624 140.064971663859 140.7321825 140.794207367175 141 141.274166161791 141.7321825 141.491963058486 141.2678175 141.091013979723 140.804066704206 140.144224591311 139.12555062 138.746677377655 137.71487632 136.64344792 135.57201952 134.670158275587 134.16134522 132.71546864 131.01848842 130.085603346481 129.574509398002 128.80420322 128.464365 128.464365 129.33881198 131.35611576 133.503606815101 135.82091468 137.05250366 138.7321825 138.42916512 137.631899367315 137.137903728202 136.353422603719 135.41126902 134.33984062 133.26841222 131.981922034213 130.85773792 129.78630952 128.71488112 127.64345272 126.57202432 125.670159561111 125.16135002 124.08992162 122.69203370544 121.593640459043 122.05309358 123.301323571992 125.19535326 127.926162696975 129.572998098543
136.884712905582 137 137.80302338 138 138.94588018 139.3506826152 140 140 140.15302653967 140.6607541 140.787784924018 141 141.341812972295 141.860480299548 141.33983582 140.26840742 139.727578424921 138.78630472 137.71487632 136.64931897061 135.881162577546 134.50059112 133.350596293859 132.01848842 130.57261184 128.87563162 128.146014606485 127.593254305358 126.66134642 126.073319230955 126.254683060889 127.19595518 129.21325896 131.361679067162 133.761850608263 135.248249639893 136.72158201195 136.67924492 135.734845715637 135.3215082 135.3215082 134.73277722 133.885305183011 132.92916632 131.327141686698 129.828903681457 128.71488112 127.64345272 126.57202432 125.50059592 124.42916752 123.35773912 122.413339101447 121.402868046709 120.14345392 120.24948268 121.981068060001 124.12392486 126.26678166 128.409638460001
136.66016658 137 137.80302338 138 138.94588018 140 140 140 140 140 140.220673350174 140.5893257 140.801770546166 141.105178471327 140.789599682506 139.85773312 138.78630472 137.71487632 136.64344792 135.582218496643 135.037623251527 133.363387900302 131.810577267867 130.161863483962 128.42975504 126.73277482 125.66134642 124.936873731282 124.378926796888 123.747506505058 124.062565186771 125.412211281399 127.092629750431 129.203061397739 130.730350034091 132.33881198 133.41024038 133.87563402 133.1786514 133.36176046676 133.5893257 133.00059472 132.5893257 131.85773792 130.78630952 129.19954845578 128.05412702 126.57202432 125.50059592 124.42916752 123.35773912 122.28631072 121.435551427029 120.653124002282 119.907583598623 120.41007718 121.328334043045 123.05249646 124.865576138008 126.568424829839
136.824001189332 137 137.80302338 138.421575564158 139.42798288 140.4821027 140.439322362352 140 140 140 140 140 140.018516810744 139.730889929125 139.199630366379 138.656904778118 137.71487632 136.64344792 135.57201952 134.50059112 133.386383539398 131.792683645098 130.06300426081 128.093738994091 126.28689824 124.58991802 123.51848962 122.730891172078 122.5178973 122.5178973 122.5178973 124.266791260001 125.46377268 127.55250486 129.649407503555 131.082946731948 131.637836607452 131.878862717045 131.698418621542 132.230917033962 132.5178973 132.212995115032 131.681735380472 131.139009964025 130.19698382 129.12555542 127.598119102485 125.974357577988 124.42916752 123.35773912 122.397959235502 121.69698502 120.806076784495 120.4821027 120.99940288 122.354658917985 122.940575344964 124.038882273022 124.862186768525 124.995505708056
137 137.404960574034 138.35655448 138.94394662432 139.94588018 141 140.91126302 140 140 139.83226779938 139.4464689 139.4464689 138.92916152 138.120585336087 137.598195024736 137.4464689 136.64344792 135.57201952 134.50059112 133.419583211148 131.764585989675 130.197650729501 128.198163659999 125.422187147854 123.797779052968 122.44706122 121.37563282 121.218820035438 121.4464689 121.851426817085 122.444495757908 123.818391461269 124.94587538 127.034607560001 129.1283483388 130.535122762024 131 131 131.167178395506 131.4464689 131.73281196614 131.674119093036 131.151728267787 130.59504341139 129.64345272 128.572024319999 126.55472294 124.877488743806 123.91127022 122.83984182 122.128190374373 122.585972550392 122.453327243981 121.860258303158 121.784489542334 122.525698003022 124.649347037937 125.880161219865 126 126.093619703564
137 137.73159498 138.80302338 139.546496947203 139.979702875647 140.989182838497 140.28630352 139.3750405 139.3750405 139.261394910102 138.765983552748 138.096384195599 137.556069781551 136.78630472 135.962464624149 135.750081 134.94706002 133.87563162 132.80420322 132.3512438016 130.85580990125 128.954619164101 126.055306859999 123.144041439999 121.37563282 120.30420442 119.556070681648 119.96377388 120.787614875948 121.73159018 122.80301858 124.420940927398 125.57083488 127.659567060001 129.71369168 130.685026204003 131 131.189373590296 131.390946052554 131 131.194009418255 130.78630952 130.3750405 129.64345272 128.57202432 127.50059592 125.48329454 124.614146838206 123.91127022 123.040026572187 123.336773346757 123.738602389607 123.391544672457 121.92916872 121.698332161843 122.367931518993 124.440444667716 126.289462966584 127.126810590442 128.12436118
137.459732018297 137.918508988227 138.80302338 139.87445178 140 140.28630352 139.21487512 138.3036121 138.3036121 138.3036121 137.92916152 136.85773312 135.943365499987 135.01848842 134.406790366965 133.794139879558 133.363417313918 132.42916272 132.016432160871 131.274254105653 129.367961352175 126.5418829213 123.912450059999 121.001184639999 119.23277602 118.471850675205 118.3036121 119.302332282158 120.200433104366 121.544672829111 122.80301858 124.748893960001 126.60457154954 128.046657703017 130.78512008 131.6963879 131.535112136554 131.091999743078 131.189925830398 131 131 130.001283889173 129.763339104304 128.75894334222 127.50059592 126.429167519999 125.070560638209 124.28631072 123.21488232 122.352238061362 122.768498292115 123.3036121 122.815483179067 121.864627932543 121.85344649398 122.998712039496 124.556976527028 125.953703553551 127.665834959926 128.87444218
137.921096219161 138.561730550642 138.954265239555 139.203033449752 139.2321837 138.460348629854 138.14344672 137.10920611054 136.4643674 136.4643674 136.377426078868 135.443951571328 134.344257058474 133.191406991723 132.4643674 131.73277482 131.4643674 130.58991802 129.738107022708 128.66193874 126.498479216897 124.14404144 121.947412896503 119.858807666306 118.62555182 118 118.397195195715 119.041204888964 119.739066675321 121.46318036 123.419589334927 125.516710260001 127.65956706 128.806441515665 131.08873218 131.877026096059 131.178412513744 131 131.28750557335 131.425466836847 130.602806647044 129.506758982759 129.153278247438 128.330733162365 126.580414907832 125.357739119999 124.28631072 123.21488232 122.14345392 121.2321837 121.285954329015 121.4643674 121.377427750591 121.2321837 121.629375210197 122.72542176 123.89234068 125.525492259606 126.989460490592 128.10662588
138.554041303382 138.956852470488 138.326066884359 137.426876278229 137.3215106 136.3215106 136.23277362 135.295763166289 134.966391447582 134.067200841452 133.4822659 133.338911081613 132.726607823064 131.14403904 130.3215106 129.58991802 128.647579498546 128.341693527583 127.37563282 126.28689824 124.144041439999 122.135600572101 120.697572539999 119.11204326436 118.62555182 118 118.51730498 119.494091368878 119.945369204993 121.46318036 124.279966247267 126.588138660001 127.937174560475 129.859330154345 131.014264168216 131.135008637914 131 131 131.060194143698 131.089078662432 130.48269742 129.905358374691 129.28520943918 127.65443105305 126.228650013079 125.12555542 123.260308134662 122.128933828532 120.307246817597 120.026343396273 119.3215106 119.3215106 119.3215106 120.06990165649 121.51730018 122.58872858 123.66015698 124.849191607238 125.96376908 127.03519748
138.058970634075 138.0893269 137.28630352 136.21487512 135.227939264251 134.162891341795 133.260054100661 133.1786538 132.94706002 131.87563162 131.1786538 130.772603807058 129.75067332 128.626654977853 127.57746003969 126.53638812 126.196249325221 125.382316272322 124.32210292 124.14404144 122.081992835045 120.92916392 119.837048179957 119 118.62555182 118.406047807326 118.956882350218 119.58873338 120.601191574695 122.37385346 125.319728840001 126.863231717938 128.807258644518 130.01730378 131.080806009431 131.9106731 131.9106731 131.9106731 131.569675400745 131 130.953790964167 130.374531633377 129.33984062 128.203061751535 126.376371686009 124.329222263552 122.19758094 120.159806941359 119.0893269 118.92916872 118.0893269 118.0893269 118.430322413639 119.485700123905 121.077718438551 122.58872858 123.058969776537 123.82091228 125.623623728376 126.87444218
137.0178985 136.299397972749 135.23277362 135.020145624816 134.07201832 133.00058992 131.930749778836 130.878498340054 130.049550318728 129.73277482 129.035797 128.152019604923 126.53638812 125.46495972 124.393531319999 123.32210292 123.0536955 123.038044167772 122.08991922 122.018181065337 120.92916392 119.85773552 119.013753361685 119 118.99329793925 119.42797808 119.9821015 120.57083488 121.642263280001 123.44528186 125.602511488055 127.733242670729 128.944906630489 130.99940528 132.07083368 132.824807554141 132 132 131.62555422 131 131 130.989462598555 130.32194212 128.53202026388 126.39396764 123.392317506314 121.12615254 119.00059712 117.930756849967 117.19022199763 118 118.297591466381 118.988803474837 119.883763123946 121.508660577272 122.58872858 123.648341160294 123.995195780924 125.60602756 126.87444218
136.32164217101 135.30756722612 135.010544138771 134.12554822 133.003486948553 130.92916152 129.852983038334 128.724201183225 127.60781652 126.8394103 126.819365997898 125.917990297211 123.83248695232 122.30420442 121.23277602 120.8929402 120.8929402 120.939749387866 120.9464701 120 119.91126542 119 119 119 119.37444818 120.02386772874 120.543143596151 121.58873338 122.695500174068 124.477548310824 126.563051655715 127.82091708 128.942978094504 131.033681290387 132.951219924722 133.16016058 133.78080795494 132.766733010049 132.087015754841 132.0535299 131.53622732 131.022015189514 130.33984062 128.53682444 125.547966084186 123.150772009076 120.105953746032 117.859263581141 116.03519988 117.11520153136 118.012396806469 118.35654488 119.42797328 120.49940168 121.57083008 122.64225848 123.678348742877 124.73158538 125.80301378 126.827633377549
136 135.908581135011 134.971673883575 133.875631619999 131.85832304 129.728449118535 128.322692839999 126.199850033603 124.39353132 123.6251251 123.25067452 122.234962399346 121.23277602 120.16134762 119.172412213653 118.8750417 118.975385836525 119.765179672039 119.8750417 119.877204250832 119.922353542268 119.1249583 119.1249583 119.1249583 119.452616071989 120.44587658 121.064641550882 121.71369168 123.362789166247 124.73159018 125.80301858 126.87444698 128.89175076 130.894507730933 132.08873218 133.16016058 134.02893896524 134.162822836675 133.87547082 133.027053881813 132.362063321965 131.41126902 130.257348226146 128.32044817471 124.538018679999 121.23601876816 118.98329574 115.984860571032 115.21368808 116.44527466 118.35654488 119.42797328 120.49940168 121.57083008 122.64225848 123.71368688 124.1249583 124.765126014611 125.80301378 126.109268808261
135.740704127807 134.87563162 133.158882951621 131.757430820616 129.901224527145 127.755086734907 124.822526039999 122.808380269567 121.526537581805 120.6072266 120.23277602 119.6072266 119.191511509244 118.330497397006 118 118.143675052531 118.841705039707 119 119 119.21029417642 120 120 120 120 120.073536642391 120.554699049847 121.51730498 122.58873338 123.66016178 124.73159018 125.645316411035 126.849790036728 128.89175076 130.034607560001 132.08873218 133.128707172224 134.080683275539 135.422034546602 136.01832762 133.521712921173 131.510506586825 131.09926338565 129.286907839999 126.41246326 122.552863577636 119.8829948546 117.901237513161 116.003397760924 116.28511648 117.51670306 119.42797328 120.49940168 121.57083008 122.554695192503 123.51730018 124.58872858 125.129646050784 125.1963867 125.99940048 126.899100065929
134.320839218639 133.00058992 131.714099733183 130.183849021811 129.307440814995 127.505648539083 125.554676030482 122.636774532739 120.3930459627 119.105507269122 118.558301359055 118.2678151 118.129272372295 118.157672331794 118.621418971766 119.143174800056 119.2678151 119.03362435185 119 119.7321849 119.755949360416 120.042894064505 120.205791431406 120.081153272683 120.64226328 121.2678151 121.78512008 122.698876790962 123.66016178 124.73159018 125 126.514703854607 128.877255369482 130.297788446429 132.06496836234 132.7321849 133.195362860001 135.641237040001 137.458021354015 135.128864614311 131.870518393421 129.664866993718 127.235065489629 124.26960646 121.055321259999 117.841036059999 116.771815886726 116.01730138 117.08872978 118.32031636 120.23158658 121.30301498 122.37444338 123 123.51730018 124.58872858 125.66015698 126.391859223407 127.33864398 127.301441380119
132.66134642 131.58991802 129.987886702013 129.957408582429 130 128.970947773481 126.907931543673 122.28893048818 120.182110130989 119.260308749841 118.71369408 119.3392435 119.172922452334 119.60646628 120.890146046005 120.60765092 120.066823852171 119.12555062 118.679117111341 118.666627509075 119.08873458 120.16016298 120.846974490321 120.539465789264 121.37444818 122.151260731567 122.85654848 123.3392435 123.775449687187 124.73159018 125 126.17109743406 129.17686964 131.01730378 131.969898184694 131.606423064279 131.706125903864 133.89132164 135.9822695 135.241781057382 132.252302679999 128.555320059999 125.564989638628 122.217806760955 118.912464459999 115.994828899874 115.981637760291 116.01730138 117.08872978 118.265983738463 119.89234308 121.066567342368 122.247415897217 122.812015603199 123.341809456386 124.24948508 125.544867444445 127.46317076 128.80301378 128.12555782
130.789601483725 130.158178620467 130.186314031627 130.388241932098 129.633779078614 126.908931054869 124.485919948352 121.494938140919 120.727030555321 119.8213438 120.349570711145 121.415125667887 121.735107770743 122.16830233863 122.139561021887 121.26840742 120.19697902 119.12555062 118.05412222 118.010199018178 118.67806268 119.74949108 120.5893281 120.71376980879 121.37444818 122.44587658 123.51730498 124.241776255758 124.4106719 124.841818550758 125.329777165984 127.159565860001 129.859853600532 131.42086950379 131.874828007048 130.42916752 129.82091708 131.249498793645 132.921758659919 132.73278202 130.321887513403 126.82313516 123.997900433112 120.853190167259 117.59095146 115.610220657113 115.968101426145 116.420868089403 117.08872978 118.16015818 119.23158658 120.481590222436 121.743101474307 122.44587178 123.212440647791 123.757626195467 125.049206038726 127.05249886 128.062566685241 127.304214019999
129.836166206268 130 130.444633322785 128.414526923579 125.759628721458 122.53639052 121.504565514037 121 121.111651430816 121.628187383885 122.532579023047 123.92797928 123.96479292 123.198270603841 122.021570470772 120.78630712 119.71487872 118.64345032 117.57202192 117.52624301457 118.045955612362 118.67806268 119.5178997 119.82091948 120.89234788 121.96377628 123.03520468 124.10663308 124.5178997 124.870599545255 125.80301858 127.748893960001 129.89175076 131.5178997 131.383213150597 129.83983942 129.23158898 130.156932610197 130.711825057128 130.58992522 128.48389166 125.553433842077 122.855684595145 120.53682444 117.978085801282 117.029225714351 116.50819495258 117.008341000489 117.528053426443 118.16015818 119.23158658 120.30301498 121.37444338 122.44587178 123.51730018 124.283826225037 124.823995401895 126.110473228827 126.5178997 125.64345752
127.268738182378 126.422438863588 125.322275719999 122.595560293991 120.441859612782 120.438743515786 120.039618514819 120.535127434576 121.103399976029 121.74949348 123.028191022762 124.199072167843 124.215508401552 123.41126422 121.679671639999 120.26840742 119.19697902 117.641517791472 117.024164017922 117.007726712683 117.4464713 117.517979473892 117.8929426 118.363692524898 119.82091948 120.89234788 121.96377628 123.03520468 123.811889791873 124.73159018 125.80301858 127.748893960001 129.368181590546 130.456049438849 130.960383628243 130.39336812 129.656926532966 130 129.792733514176 128.75379296478 126.627376684614 124.594888834009 122.679681239999 120.941779272799 119.391988842194 119.1070574 118.16118442 118.105205159241 118.049114479775 118.62503473083 119.23158658 120.30301498 121.37444338 122.44587178 123.803640676145 124.81637911446 124.634584165064 125.17805668 125.001980126274 124.50252926312
123.46496212 122.119154217075 120.445207257203 119.469214837037 119.02029725424 119.3750429 119.430499705684 120.060068888595 120.519779077127 121.30302218 122.51488561143 123.653698134292 124.323294920014 124.03622132 121.892054448543 120.26840742 118.6951253571 117.719130837243 117.033824065657 117 117 116.899905008492 116.3750429 116.791708097049 118.592562077346 120.44587658 121.51730498 122.58873338 123.66016178 124.73159018 125.80301858 127.748893960001 129.537006914446 131.256403859832 131.6249571 131.46479652 130.6249571 130.6249571 130.016498771224 128.386903874497 126.59035194 124.668294514059 123.092252531662 121.89336932 121.323791583106 120.703423851172 119.67908412 119.618468340271 119.283191674008 119.6249571 119.85654368 120.92797208 121.765389431121 122.44587178 123.711309939678 124.3750429 124.127455711765 123.817166425026 123.448921183209 123.3750429
121.64344792 120.57201952 119.815995415986 119.087429959959 119.658697242089 119.6963855 119.661532187628 119.3036145 119.53520828 120.60663668 121.67806508 122.74949348 124.181167238475 124.821251280523 122.715892959999 120.45532245538 118.953170206667 118.087431631284 117.05412222 117 117 116.951372196909 116.535108621043 116.514038361006 118.558969756947 120.756378565102 122.21369048 123.28511888 124.35654728 125.42797568 126.49940408 128.445279460001 130.58813626 132.012050101487 132.634593696464 131.951372925584 131.535110292368 131 130.511867051728 128.940011006223 127.325636855824 125.51892354 124.03622612 123.474264841969 122.833562175983 121.82194092 120.75051252 120.684337069838 120 120.111531834258 120.766698543693 121.30301498 122.260756940403 122.831758637549 123.157059835501 122.893632453452 123.066952748596 122.57202912 122.3036145 122.3036145
121.078904596439 120.830133814814 120.151241386811 120.468380683128 120.755248030062 120 119.91126302 119 119.053772856562 119.53520828 120.60663668 122.020417158562 123.637418963064 124.684225615311 123.526390693685 121.30462874 119.96479292 118.89336452 117.82193612 117.75452597444 117.068131643935 117.7678139 117.891860681369 118.676818460942 119.997017642567 121.659567060001 123.28511888 124.35654728 125.427975680001 126.49940408 127.57083248 129.516707860001 130.933308395568 132.01730378 132.979397621181 132.521866860888 131.356231595862 131.535152943694 130.62555422 129.450600033055 127.85331920857 126.274573869805 125.10765452 124.206090633446 123.19698382 122.12555542 121.05412702 120.995982860053 120.7678139 120.805000403197 121 121.30301498 122.37444338 123 123 122.41127142 122.153279274574 122.062322143801 122 122
120.445960281017 120.774743153684 120.870907808385 121.71369408 121.8392423 120.8392423 120.75050532 119.704824738108 119 119.048713148706 119.53520828 121.05251566 122.67806508 123.74949348 123.3944670448 121.53681484 120.19697902 119.12555062 118.05412222 118.836460198307 118.692749366991 118.97365784771 119.91007598 120.98150438 122.05293278 123.57023776 125.19578958 126.26721798 126.784610689381 127.57083248 128.64226088 129.854263365277 131.739694009425 132.842024015874 133 132.948505907057 132.71571431177 132.53622492 131.150545782367 129.55412582 128.399537047035 127.25051132 126.17908292 125.10765452 123.362300974159 122.12555542 121.05412702 121 121 121 121 121.04871199125 121.53520108 122.534952158153 123 122.41127142 122 121.386022603042 121.1607577 121.1607577
