catData/rasterBestHybridModels/Pviverrinus/RD_RM1.5_L/Pviverrinus_stddev.asc
ncols         409
nrows         350
xllcorner     60.897278365
yllcorner     5.843756025
cellsize      0.0892857
NODATA_value  -9999
[rows 87 to 115 of 350, columns 66 to 131 of 409]
5.67948E-9 7.07694E-9 1.69152E-8 2.23872E-8 2.13676E-8 2.00068E-8 2.32657E-7 1.10671E-6 1.92873E-6 2.03387E-6 2.34196E-6 2.44502E-6 2.33287E-6 2.31153E-6 2.28178E-6 2.13526E-6 1.64352E-6 9.63457E-7 6.03519E-7 5.13355E-7 4.36359E-7 2.97307E-7 3.07184E-7 4.05735E-7 3.71409E-7 3.07883E-7 2.56331E-7 2.70461E-7 2.88014E-7 2.95385E-7 3.06354E-7 2.98194E-7 3.01375E-7 3.83597E-7 4.97728E-7 9.15133E-7 1.49107E-6 1.98071E-6 2.78619E-6 7.37375E-6 4.98554E-6 4.95819E-6 8.42801E-6 4.62368E-6 4.74695E-6 4.99404E-6 4.44903E-6 5.52316E-6 4.25693E-6 5.27835E-6 4.39977E-6 5.14502E-6 6.73942E-6 3.33079E-6 2.92767E-6 2.66131E-6 2.54328E-6 2.76251E-6 2.41225E-6 2.35207E-6 2.34583E-6 2.37003E-6 2.43094E-6 2.31359E-6 2.24934E-6 2.22037E-6
4.244E-9 3.41829E-9 6.16637E-9 9.50641E-9 2.7087E-8 3.4417E-8 5.91243E-7 1.14095E-6 1.92527E-6 2.28337E-6 2.46478E-6 2.96264E-6 2.46224E-6 2.41536E-6 2.33118E-6 2.20124E-6 1.9606E-6 1.4722E-6 7.76809E-7 5.06403E-7 6.4887E-7 5.41936E-7 4.41113E-7 4.06481E-7 3.91219E-7 3.4939E-7 3.33329E-7 3.37458E-7 3.19011E-7 3.35041E-7 3.80651E-7 3.27728E-7 3.76069E-7 4.88804E-7 6.72375E-7 1.29545E-6 1.85799E-6 2.20518E-6 2.87129E-6 4.47571E-6 5.12302E-6 8.40537E-6 8.18684E-6 4.73566E-6 4.46309E-6 4.01353E-6 4.87785E-6 6.852E-6 3.71605E-6 3.61068E-6 3.95339E-6 5.1014E-6 3.37363E-6 3.00598E-6 2.7924E-6 2.77535E-6 2.81048E-6 2.5327E-6 2.29526E-6 2.23402E-6 2.30326E-6 2.46381E-6 2.59047E-6 2.43539E-6 2.33948E-6 2.26483E-6
2.76497E-9 7.48905E-9 1.02586E-8 1.01494E-8 1.9942E-8 1.02862E-7 6.84324E-7 1.23944E-6 2.11587E-6 2.37816E-6 2.56888E-6 2.71162E-6 2.58944E-6 2.52089E-6 2.4457E-6 2.36267E-6 2.10027E-6 1.49351E-6 1.06741E-6 9.86483E-7 8.9959E-7 8.43663E-7 7.99116E-7 6.96483E-7 4.85319E-7 3.66141E-7 3.13564E-7 3.60197E-7 4.49067E-7 4.95421E-7 5.4679E-7 4.88358E-7 3.47192E-7 5.63037E-7 1.17225E-6 1.88027E-6 2.33761E-6 2.64221E-6 3.08861E-6 4.00237E-6 5.07305E-6 9.25072E-6 6.14274E-6 5.63182E-6 5.15555E-6 4.39782E-6 5.91819E-6 4.8401E-6 3.36357E-6 3.25375E-6 3.50254E-6 4.73322E-6 3.4715E-6 4.56036E-6 4.28369E-6 3.2376E-6 2.59418E-6 2.14947E-6 2.11967E-6 2.1954E-6 2.22655E-6 2.33105E-6 2.24086E-6 2.04857E-6 2.08555E-6 2.08623E-6
2.78316E-9 1.00134E-8 2.45134E-8 3.50446E-8 3.10023E-8 2.56365E-7 6.29609E-7 1.8227E-6 2.29557E-6 2.38605E-6 2.52405E-6 2.65162E-6 2.64056E-6 2.59911E-6 2.55941E-6 2.47921E-6 2.27532E-6 1.98421E-6 1.44865E-6 1.05159E-6 7.35138E-7 6.49722E-7 6.50531E-7 6.90242E-7 6.68026E-7 6.04516E-7 5.88028E-7 5.88592E-7 6.24841E-7 6.22347E-7 6.46827E-7 5.97772E-7 5.41856E-7 9.00101E-7 1.65059E-6 2.34982E-6 2.77561E-6 3.03076E-6 3.45509E-6 6.58432E-6 1.06023E-5 7.56464E-6 5.68299E-6 8.50739E-6 5.67863E-6 7.11894E-6 4.52984E-6 5.26108E-6 2.91757E-6 2.74596E-6 4.09051E-6 3.76999E-6 2.75151E-6 2.70213E-6 2.54279E-6 2.24677E-6 2.00873E-6 1.95096E-6 1.98027E-6 1.99895E-6 1.9995E-6 2.04422E-6 2.03454E-6 1.94659E-6 2.02381E-6 2.04781E-6
3.60601E-9 1.39234E-8 5.50832E-8 5.88812E-8 6.29425E-8 3.32589E-7 6.88084E-7 2.06558E-6 2.3846E-6 2.4108E-6 2.48028E-6 2.64556E-6 2.66516E-6 2.63982E-6 2.65211E-6 2.61649E-6 2.45881E-6 2.25006E-6 1.83879E-6 1.51411E-6 9.23734E-7 5.74532E-7 5.1291E-7 5.91468E-7 5.97506E-7 4.97816E-7 5.60585E-7 6.89431E-7 7.68332E-7 8.1008E-7 7.88581E-7 8.05968E-7 1.04313E-6 1.39509E-6 2.0776E-6 2.77146E-6 3.20866E-6 3.55537E-6 4.66938E-6 1.09937E-5 6.63098E-6 6.26176E-6 8.47729E-6 1.03748E-5 8.70044E-6 9.02251E-6 5.25605E-6 4.15216E-6 2.85439E-6 2.56684E-6 2.59747E-6 2.4758E-6 2.35986E-6 2.24073E-6 2.10748E-6 2.01416E-6 1.94461E-6 1.95429E-6 1.97294E-6 1.95475E-6 1.94315E-6 1.92588E-6 1.93053E-6 1.92546E-6 2.0388E-6 2.06226E-6
8.09561E-9 1.0919E-8 2.80509E-8 5.50065E-8 1.51983E-7 4.54999E-7 9.07834E-7 2.31712E-6 2.38857E-6 2.38986E-6 2.44718E-6 2.64172E-6 2.74409E-6 2.78442E-6 2.85638E-6 2.85614E-6 2.70549E-6 2.53252E-6 2.27478E-6 1.84593E-6 1.53284E-6 1.1786E-6 8.59819E-7 7.6521E-7 8.4886E-7 8.34195E-7 7.97471E-7 9.14735E-7 9.58696E-7 9.80643E-7 1.06994E-6 1.15073E-6 1.30484E-6 1.79169E-6 2.58995E-6 3.29513E-6 4.24777E-6 5.27472E-6 7.37482E-6 6.36783E-6 1.03019E-5 9.12782E-6 1.14152E-5 1.03088E-5 5.29111E-6 5.12187E-6 4.11176E-6 4.06099E-6 2.78436E-6 2.51695E-6 2.41956E-6 2.22821E-6 2.1305E-6 2.05277E-6 1.96271E-6 1.99052E-6 1.97585E-6 1.96636E-6 1.96266E-6 1.94651E-6 1.91142E-6 1.88493E-6 1.87305E-6 1.91202E-6 2.01955E-6 2.01858E-6
1.14018E-8 1.19221E-8 2.69943E-8 2.95648E-8 1.21764E-7 5.36034E-7 1.63242E-6 2.22809E-6 2.32196E-6 2.3936E-6 2.5481E-6 2.69E-6 2.82105E-6 2.91358E-6 3.07939E-6 3.19361E-6 3.16332E-6 2.97701E-6 2.65184E-6 2.24188E-6 1.82933E-6 1.49661E-6 1.29772E-6 1.18106E-6 1.17589E-6 1.14927E-6 1.10988E-6 1.20081E-6 1.19209E-6 1.15265E-6 1.25188E-6 1.45607E-6 1.64401E-6 2.42973E-6 3.18135E-6 4.12843E-6 6.62549E-6 8.11899E-6 1.21095E-5 1.30007E-5 1.05067E-5 1.02643E-5 1.24156E-5 9.69292E-6 5.64823E-6 5.44226E-6 4.00274E-6 4.62172E-6 2.71138E-6 2.49424E-6 2.33995E-6 2.13371E-6 2.02711E-6 1.98164E-6 1.92933E-6 1.92798E-6 1.94543E-6 1.90991E-6 1.89761E-6 1.91031E-6 1.87021E-6 1.84232E-6 1.87641E-6 1.90478E-6 1.91749E-6 1.94571E-6
1.02239E-8 1.40885E-8 2.47173E-8 3.58891E-8 1.76101E-7 8.19871E-7 1.97457E-6 2.19208E-6 2.28009E-6 2.46697E-6 2.63246E-6 2.79299E-6 2.93466E-6 3.04814E-6 3.17411E-6 3.4218E-6 3.70062E-6 3.95481E-6 5.11667E-6 3.48111E-6 2.4615E-6 2.011E-6 1.65471E-6 1.49019E-6 1.45991E-6 1.48625E-6 1.33115E-6 1.40862E-6 1.42112E-6 1.45107E-6 1.5996E-6 1.92102E-6 2.33449E-6 3.0536E-6 3.96873E-6 7.91973E-6 9.64485E-6 1.02851E-5 1.48791E-5 1.05982E-5 8.50793E-6 1.16925E-5 1.17793E-5 6.13049E-6 4.64337E-6 3.57192E-6 3.41781E-6 3.0188E-6 2.57501E-6 2.37502E-6 2.26337E-6 2.10129E-6 2.00801E-6 1.95472E-6 1.92028E-6 1.90576E-6 1.89653E-6 1.86382E-6 1.83891E-6 1.85975E-6 1.87581E-6 1.85911E-6 1.85014E-6 1.87992E-6 1.88347E-6 1.90718E-6
1.65209E-8 1.89904E-8 4.40857E-8 8.0459E-8 2.22329E-7 9.8197E-7 2.02349E-6 2.28588E-6 2.42439E-6 2.53463E-6 2.71141E-6 2.91421E-6 3.15374E-6 3.18994E-6 3.49428E-6 4.9338E-6 1.00332E-5 1.21224E-5 1.3918E-5 7.38797E-6 4.60497E-6 2.93859E-6 2.37717E-6 2.21793E-6 2.23786E-6 2.1619E-6 1.97815E-6 1.88639E-6 1.91096E-6 2.14275E-6 2.4298E-6 2.63024E-6 2.84809E-6 4.08633E-6 6.52683E-6 9.09376E-6 1.41592E-5 1.41916E-5 1.25812E-5 9.86422E-6 1.40437E-5 7.07714E-6 8.49496E-6 1.06468E-5 3.7367E-6 3.1633E-6 2.96498E-6 2.64946E-6 2.40017E-6 2.22994E-6 2.15755E-6 2.05789E-6 2.01219E-6 1.94202E-6 1.91431E-6 1.89771E-6 1.85403E-6 1.8234E-6 1.80591E-6 1.80924E-6 1.84784E-6 1.87328E-6 1.85385E-6 1.82775E-6 1.81329E-6 1.81235E-6
2.01747E-8 2.09727E-8 4.32324E-8 1.37699E-7 2.39024E-7 8.45164E-7 1.7369E-6 2.23626E-6 2.53957E-6 2.65968E-6 2.91907E-6 4.55672E-6 6.97486E-6 9.30527E-6 8.37903E-6 1.22039E-5 1.30547E-5 1.24606E-5 1.32504E-5 9.17439E-6 7.28445E-6 5.2118E-6 4.76472E-6 4.58346E-6 4.22969E-6 3.8158E-6 4.57158E-6 3.45661E-6 3.16117E-6 4.61963E-6 6.77241E-6 4.70295E-6 4.70654E-6 7.16007E-6 1.02664E-5 1.39463E-5 1.04388E-5 1.16247E-5 8.53821E-6 8.01371E-6 1.33887E-5 8.86695E-6 5.05687E-6 4.35479E-6 2.95957E-6 2.70545E-6 2.51541E-6 2.31083E-6 2.2548E-6 2.1722E-6 2.12518E-6 2.05667E-6 1.9971E-6 1.92359E-6 1.89224E-6 1.88485E-6 1.8137E-6 1.79751E-6 1.78889E-6 1.79949E-6 1.8467E-6 1.82676E-6 1.79236E-6 1.7817E-6 1.79475E-6 1.82437E-6
2.23892E-8 1.81631E-8 3.6886E-8 8.09559E-8 4.07139E-7 8.45679E-7 1.26041E-6 2.42327E-6 2.51698E-6 2.81021E-6 3.2996E-6 7.56882E-6 1.00004E-5 1.14196E-5 1.23245E-5 1.28461E-5 1.21595E-5 8.16145E-6 8.89365E-6 7.34943E-6 1.22642E-5 1.0511E-5 8.12061E-6 1.08894E-5 9.90341E-6 9.52638E-6 1.07599E-5 1.17723E-5 1.11746E-5 1.11865E-5 1.02532E-5 1.01618E-5 6.22696E-6 1.17575E-5 1.25666E-5 1.0915E-5 7.66328E-6 6.91737E-6 9.51058E-6 7.13795E-6 8.69441E-6 4.50369E-6 3.4877E-6 2.84075E-6 2.5751E-6 2.46021E-6 2.34852E-6 2.26027E-6 2.19359E-6 2.11518E-6 2.04111E-6 2.00497E-6 1.97518E-6 1.92183E-6 1.91039E-6 1.84491E-6 1.77684E-6 1.78869E-6 1.81652E-6 1.85137E-6 1.88576E-6 1.81316E-6 1.84613E-6 1.84829E-6 1.78401E-6 1.71659E-6
1.37742E-8 2.12904E-8 3.72008E-8 6.95299E-8 3.1905E-7 3.71922E-7 1.68237E-6 2.68531E-6 2.80956E-6 3.02222E-6 3.20853E-6 7.58232E-6 9.93635E-6 1.09692E-5 1.14113E-5 1.17481E-5 1.04408E-5 6.36674E-6 7.88051E-6 7.76188E-6 7.24726E-6 9.25016E-6 1.0913E-5 1.278E-5 1.10391E-5 1.0045E-5 7.93446E-6 1.09367E-5 9.55366E-6 9.27822E-6 7.42691E-6 5.27835E-6 6.90906E-6 8.35169E-6 6.65479E-6 7.40505E-6 5.58005E-6 5.86395E-6 8.5579E-6 7.4409E-6 4.47914E-6 3.25377E-6 2.77511E-6 2.51685E-6 2.40126E-6 2.40406E-6 2.32761E-6 2.17981E-6 2.12212E-6 2.04704E-6 1.94633E-6 1.93911E-6 1.96077E-6 1.93548E-6 1.87264E-6 1.80503E-6 1.79361E-6 1.80548E-6 1.7891E-6 1.80077E-6 1.8144E-6 1.76329E-6 1.74868E-6 1.76961E-6 1.7156E-6 1.67953E-6
1.66202E-8 3.57123E-8 3.12903E-8 7.08426E-8 3.16762E-7 2.30616E-7 1.14932E-6 2.72542E-6 2.98219E-6 3.44527E-6 3.41094E-6 6.00565E-6 1.05469E-5 1.13495E-5 1.12376E-5 1.22185E-5 1.1263E-5 1.129E-5 1.14036E-5 1.14142E-5 1.14195E-5 1.16363E-5 1.10471E-5 9.66719E-6 9.41252E-6 1.05906E-5 1.13145E-5 8.30762E-6 8.5797E-6 4.7258E-6 5.69944E-6 7.84347E-6 8.47017E-6 4.96486E-6 3.85212E-6 5.15414E-6 5.68806E-6 5.62443E-6 6.17888E-6 4.07375E-6 3.26432E-6 2.80449E-6 2.55394E-6 2.46023E-6 2.35586E-6 2.3257E-6 2.26878E-6 2.12716E-6 2.04917E-6 1.96447E-6 1.95882E-6 1.92298E-6 1.95206E-6 1.9007E-6 1.81103E-6 1.76175E-6 1.75051E-6 1.786E-6 1.76094E-6 1.76748E-6 1.81252E-6 1.74569E-6 1.7284E-6 1.71092E-6 1.69992E-6 1.68473E-6
4.97347E-8 2.85589E-8 2.9777E-8 1.1948E-7 1.49081E-7 3.25675E-7 1.04906E-6 2.35459E-6 3.15551E-6 5.71926E-6 7.16193E-6 9.01774E-6 1.13745E-5 1.1979E-5 1.24373E-5 1.29611E-5 1.25278E-5 1.3076E-5 1.14829E-5 1.20261E-5 1.26548E-5 1.23441E-5 1.15769E-5 1.0086E-5 1.23468E-5 1.10558E-5 6.20128E-6 6.17007E-6 6.0553E-6 8.00345E-6 7.37205E-6 8.09155E-6 6.95826E-6 5.05056E-6 3.93147E-6 3.49239E-6 4.23923E-6 3.28749E-6 3.34956E-6 3.11646E-6 2.68711E-6 2.50012E-6 2.47439E-6 2.39435E-6 2.27928E-6 2.2505E-6 2.19602E-6 2.10945E-6 1.99396E-6 1.97178E-6 1.89294E-6 1.89585E-6 1.89089E-6 1.90934E-6 1.87183E-6 1.83089E-6 1.78784E-6 1.76624E-6 1.71022E-6 1.71866E-6 1.77198E-6 1.75989E-6 1.71821E-6 1.67346E-6 1.69599E-6 1.72427E-6
3.592E-8 4.17109E-8 7.53773E-8 2.11547E-7 1.2616E-7 2.93274E-7 5.02E-7 1.59024E-6 3.74463E-6 7.16627E-6 1.02225E-5 1.06363E-5 1.15909E-5 1.01247E-5 8.95141E-6 1.14494E-5 1.08699E-5 9.26664E-6 5.9327E-6 8.28072E-6 1.03627E-5 1.10358E-5 1.03581E-5 1.19197E-5 8.4646E-6 6.31076E-6 8.64235E-6 9.15709E-6 7.22003E-6 7.88797E-6 7.73852E-6 5.90273E-6 5.02479E-6 5.24922E-6 3.78837E-6 2.41564E-6 2.27996E-6 2.39126E-6 2.60727E-6 2.3902E-6 2.22208E-6 2.22556E-6 2.2582E-6 2.22622E-6 2.14984E-6 2.0664E-6 2.00771E-6 1.97599E-6 1.88553E-6 1.87164E-6 1.93382E-6 1.91655E-6 1.92249E-6 1.90677E-6 1.83586E-6 1.77201E-6 1.74011E-6 1.74152E-6 1.66214E-6 1.68073E-6 1.74418E-6 1.73363E-6 1.6907E-6 1.65114E-6 1.64649E-6 1.61695E-6
2.17536E-8 7.06508E-8 7.19071E-8 7.54538E-8 1.30469E-7 2.73965E-7 3.51578E-7 9.26027E-7 5.00232E-6 1.13244E-5 1.15764E-5 1.05853E-5 9.98822E-6 1.00108E-5 9.9414E-6 1.20171E-5 1.27827E-5 1.18206E-5 1.27642E-5 1.10078E-5 9.36217E-6 1.18199E-5 1.19014E-5 1.15504E-5 7.00104E-6 8.10106E-6 9.80966E-6 7.73731E-6 6.40732E-6 6.03101E-6 5.32892E-6 5.91938E-6 4.71117E-6 2.5476E-6 2.11732E-6 1.89987E-6 2.05268E-6 2.15484E-6 2.17672E-6 2.00996E-6 2.03072E-6 2.05034E-6 1.9897E-6 1.99566E-6 1.94867E-6 1.88929E-6 1.89145E-6 1.89448E-6 1.91546E-6 1.79081E-6 1.90201E-6 1.93854E-6 1.97163E-6 1.87352E-6 1.77257E-6 1.68032E-6 1.65666E-6 1.67807E-6 1.59472E-6 1.591E-6 1.61539E-6 1.67372E-6 1.67203E-6 1.57697E-6 1.57947E-6 1.54741E-6
2.77695E-8 5.14677E-8 4.80715E-8 4.00836E-8 1.26243E-7 1.8237E-7 2.78583E-7 4.17153E-7 4.39379E-6 1.06769E-5 8.0213E-6 6.55092E-6 8.98774E-6 1.29485E-5 1.30388E-5 1.27589E-5 1.32206E-5 1.36384E-5 1.35562E-5 1.20668E-5 1.16904E-5 1.1942E-5 1.15204E-5 7.75958E-6 8.23163E-6 1.00405E-5 7.13234E-6 7.96706E-6 6.98741E-6 6.81717E-6 5.34507E-6 5.02465E-6 2.41106E-6 1.8949E-6 1.6868E-6 1.72119E-6 1.74944E-6 1.80151E-6 1.80678E-6 1.84787E-6 1.84649E-6 1.84753E-6 1.78777E-6 1.75772E-6 1.76757E-6 1.77463E-6 1.76069E-6 1.75848E-6 1.82505E-6 1.82408E-6 1.92478E-6 1.93606E-6 1.82626E-6 1.74109E-6 1.68676E-6 1.61615E-6 1.61829E-6 1.63686E-6 1.60696E-6 1.58367E-6 1.61493E-6 1.61744E-6 1.59724E-6 1.58429E-6 1.56149E-6 1.53477E-6
5.27181E-8 5.62747E-8 7.56229E-8 8.2567E-8 1.71352E-7 1.69247E-7 2.69364E-7 7.47054E-7 3.46244E-6 7.71035E-6 5.25345E-6 8.73975E-6 1.1517E-5 1.2341E-5 1.13803E-5 1.1187E-5 1.21822E-5 1.25153E-5 1.20612E-5 1.07905E-5 6.07167E-6 8.00296E-6 9.59786E-6 7.84363E-6 6.0568E-6 8.12098E-6 5.63511E-6 5.59881E-6 6.06202E-6 4.2144E-6 4.06366E-6 2.57983E-6 1.91115E-6 1.59662E-6 1.60545E-6 1.6284E-6 1.6191E-6 1.68165E-6 1.70762E-6 1.73907E-6 1.69888E-6 1.71552E-6 1.68105E-6 1.63753E-6 1.67055E-6 1.68223E-6 1.65613E-6 1.69778E-6 1.72178E-6 1.81134E-6 1.85032E-6 1.75633E-6 1.62083E-6 1.56668E-6 1.55711E-6 1.55331E-6 1.56565E-6 1.58722E-6 1.59229E-6 1.55432E-6 1.55506E-6 1.52367E-6 1.52537E-6 1.54696E-6 1.56445E-6 1.54319E-6
6.40771E-8 5.43594E-8 5.96677E-8 8.55577E-8 9.27005E-8 1.71245E-7 4.78948E-7 1.57234E-6 2.91167E-6 5.39639E-6 5.66282E-6 1.09421E-5 1.17409E-5 1.1763E-5 1.18322E-5 1.20081E-5 1.22918E-5 1.18061E-5 6.41699E-6 6.78688E-6 9.4064E-6 8.85561E-6 6.08256E-6 4.25127E-6 4.61017E-6 4.84925E-6 3.91135E-6 3.57558E-6 2.55325E-6 2.00093E-6 2.02263E-6 1.7267E-6 1.56067E-6 1.50364E-6 1.60184E-6 1.54476E-6 1.54726E-6 1.59918E-6 1.59916E-6 1.60621E-6 1.60801E-6 1.60356E-6 1.57497E-6 1.58305E-6 1.60292E-6 1.60277E-6 1.60751E-6 1.68433E-6 1.72626E-6 1.75987E-6 1.72073E-6 1.57881E-6 1.48156E-6 1.4499E-6 1.44539E-6 1.47674E-6 1.52012E-6 1.56642E-6 1.57127E-6 1.5334E-6 1.53153E-6 1.52339E-6 1.54372E-6 1.53224E-6 1.50945E-6 1.48443E-6
5.28344E-8 4.30799E-8 4.50234E-8 4.88688E-8 4.00508E-8 2.08871E-7 8.45244E-7 1.78111E-6 2.69691E-6 5.57169E-6 7.36472E-6 1.10806E-5 1.12011E-5 1.14514E-5 1.15585E-5 9.41482E-6 6.98574E-6 5.87726E-6 6.73314E-6 1.0647E-5 1.0176E-5 8.37573E-6 5.86086E-6 4.42425E-6 2.73361E-6 3.43042E-6 3.0736E-6 2.07643E-6 1.78868E-6 1.69177E-6 1.64023E-6 1.5478E-6 1.44843E-6 1.44593E-6 1.50437E-6 1.47462E-6 1.44504E-6 1.4807E-6 1.49266E-6 1.48668E-6 1.50696E-6 1.55797E-6 1.55768E-6 1.55687E-6 1.56383E-6 1.56092E-6 1.59822E-6 1.65827E-6 1.66765E-6 1.64955E-6 1.50794E-6 1.41551E-6 1.38153E-6 1.3626E-6 1.36199E-6 1.44665E-6 1.51361E-6 1.52606E-6 1.53886E-6 1.52369E-6 1.57689E-6 1.59445E-6 1.58986E-6 1.55898E-6 1.51489E-6 1.47916E-6
7.30166E-8 6.55422E-8 6.94493E-8 6.82578E-8 4.02362E-8 2.9842E-7 1.06391E-6 1.82198E-6 2.7869E-6 5.0828E-6 7.96635E-6 1.01742E-5 1.05129E-5 1.09013E-5 1.10122E-5 1.0788E-5 7.37481E-6 4.91859E-6 8.86529E-6 9.39621E-6 6.92297E-6 3.67889E-6 3.52451E-6 2.50265E-6 2.32536E-6 2.88896E-6 1.97497E-6 1.71742E-6 1.57579E-6 1.52733E-6 1.48822E-6 1.43E-6 1.39695E-6 1.41282E-6 1.42633E-6 1.39713E-6 1.4004E-6 1.42825E-6 1.44592E-6 1.43971E-6 1.48173E-6 1.56144E-6 1.59482E-6 1.58992E-6 1.5515E-6 1.50236E-6 1.54495E-6 1.61133E-6 1.56909E-6 1.45517E-6 1.34171E-6 1.36693E-6 1.34075E-6 1.32189E-6 1.34082E-6 1.44578E-6 1.50417E-6 1.5021E-6 1.49688E-6 1.52287E-6 1.56866E-6 1.62806E-6 1.63887E-6 1.64696E-6 1.55667E-6 1.45171E-6
1.02808E-7 1.23243E-7 1.37949E-7 1.23058E-7 8.81015E-8 4.57998E-7 1.33518E-6 2.09523E-6 2.91779E-6 4.34466E-6 6.8676E-6 9.63037E-6 1.01693E-5 1.02824E-5 1.0428E-5 9.62967E-6 6.57727E-6 7.81228E-6 9.15404E-6 5.4512E-6 4.37847E-6 3.56033E-6 2.5039E-6 1.96694E-6 2.18452E-6 2.14022E-6 1.77127E-6 1.58402E-6 1.50677E-6 1.45245E-6 1.4331E-6 1.40012E-6 1.37852E-6 1.39729E-6 1.41364E-6 1.4266E-6 1.40653E-6 1.38495E-6 1.39093E-6 1.43358E-6 1.48717E-6 1.54512E-6 1.58011E-6 1.5622E-6 1.53411E-6 1.5568E-6 2.17213E-6 1.53246E-6 1.46377E-6 1.34527E-6 1.31295E-6 1.35552E-6 1.30308E-6 1.29645E-6 1.3439E-6 1.44096E-6 1.49959E-6 1.5155E-6 1.51924E-6 1.53598E-6 1.55427E-6 1.6646E-6 1.71746E-6 1.69804E-6 1.55385E-6 1.45143E-6
1.17442E-7 1.71543E-7 2.37755E-7 1.43815E-7 1.90208E-7 5.62838E-7 1.6005E-6 2.33026E-6 2.95032E-6 6.1133E-6 8.4275E-6 9.76504E-6 1.00284E-5 9.19559E-6 8.97563E-6 4.76309E-6 3.87096E-6 5.56915E-6 6.0101E-6 3.4887E-6 4.02282E-6 2.29054E-6 1.72033E-6 1.76331E-6 1.97221E-6 2.10167E-6 1.66545E-6 1.5053E-6 1.47278E-6 1.42508E-6 1.40287E-6 1.39207E-6 1.38128E-6 1.38119E-6 1.39438E-6 1.42191E-6 1.376E-6 1.34382E-6 1.37782E-6 1.45033E-6 1.47978E-6 1.51517E-6 1.55541E-6 1.53694E-6 1.53757E-6 1.56692E-6 1.59169E-6 1.52322E-6 1.424E-6 1.39169E-6 1.35758E-6 1.32402E-6 1.29359E-6 1.32483E-6 1.40239E-6 1.49194E-6 1.55014E-6 1.53248E-6 1.55347E-6 1.57947E-6 1.62298E-6 1.71731E-6 1.81349E-6 1.80525E-6 1.6412E-6 1.55254E-6
7.4827E-8 1.70794E-7 2.74972E-7 1.00512E-7 1.61339E-7 6.90348E-7 1.7991E-6 2.46193E-6 2.91108E-6 6.38996E-6 9.24464E-6 9.8479E-6 9.97308E-6 9.12619E-6 5.80336E-6 4.05508E-6 7.52126E-6 6.6946E-6 4.69894E-6 4.20871E-6 3.7555E-6 1.98782E-6 1.46781E-6 1.55675E-6 1.7924E-6 2.00113E-6 1.57668E-6 1.43659E-6 1.41767E-6 1.40135E-6 1.38479E-6 1.39036E-6 1.36315E-6 1.40438E-6 1.39969E-6 1.418E-6 1.35532E-6 1.29889E-6 1.30804E-6 1.40081E-6 1.43382E-6 1.46692E-6 1.46438E-6 1.44011E-6 1.48179E-6 1.49886E-6 1.56562E-6 1.56022E-6 1.46422E-6 1.44479E-6 1.43546E-6 1.385E-6 1.35371E-6 1.38042E-6 1.42733E-6 1.52194E-6 1.55783E-6 1.54854E-6 1.53833E-6 1.53751E-6 1.62279E-6 1.74525E-6 1.86887E-6 1.79531E-6 1.65991E-6 1.58085E-6
7.39119E-8 1.24192E-7 2.83801E-7 1.80849E-7 1.18487E-7 7.52134E-7 1.99118E-6 2.64025E-6 2.81158E-6 5.03502E-6 9.10654E-6 9.61369E-6 9.48376E-6 8.61287E-6 4.03141E-6 5.70772E-6 8.20081E-6 6.81336E-6 3.50266E-6 4.77764E-6 4.04173E-6 1.78126E-6 1.33997E-6 1.45999E-6 1.85144E-6 1.80277E-6 1.47548E-6 1.38494E-6 1.37782E-6 1.37715E-6 1.39897E-6 1.3738E-6 1.38119E-6 1.39398E-6 1.35811E-6 1.42791E-6 1.38437E-6 1.33797E-6 1.30044E-6 1.35469E-6 1.36953E-6 1.37683E-6 1.38639E-6 1.38555E-6 1.42554E-6 1.46143E-6 1.56065E-6 1.5287E-6 1.47988E-6 1.47702E-6 1.49234E-6 1.44653E-6 1.41648E-6 1.44696E-6 1.46928E-6 1.5139E-6 1.52543E-6 1.51405E-6 1.51866E-6 1.55453E-6 1.66234E-6 1.7903E-6 1.79955E-6 1.698E-6 1.57134E-6 1.58171E-6
1.36594E-7 1.87416E-7 3.57236E-7 2.3673E-7 1.7322E-7 7.8583E-7 2.05234E-6 2.51293E-6 2.95397E-6 5.63082E-6 8.92192E-6 9.37329E-6 8.52972E-6 5.17821E-6 4.6038E-6 8.20881E-6 7.67079E-6 6.28035E-6 2.86264E-6 3.67282E-6 2.27116E-6 1.50252E-6 1.24751E-6 1.51857E-6 1.92942E-6 1.62896E-6 1.43461E-6 1.39147E-6 1.38317E-6 1.3874E-6 1.39492E-6 1.37083E-6 1.34274E-6 1.35418E-6 1.36431E-6 1.41143E-6 1.37861E-6 1.35523E-6 1.31164E-6 1.32467E-6 1.31368E-6 1.29696E-6 1.34903E-6 1.42789E-6 1.57225E-6 1.62521E-6 1.65111E-6 1.56423E-6 1.4336E-6 1.49442E-6 1.50106E-6 1.503E-6 1.53603E-6 1.53308E-6 1.49179E-6 1.55209E-6 1.64868E-6 1.64856E-6 1.62054E-6 1.61182E-6 1.65954E-6 1.69449E-6 1.66835E-6 1.62172E-6 1.5284E-6 1.56191E-6
1.65018E-7 1.39798E-7 2.49824E-7 4.45862E-7 4.61487E-7 7.70705E-7 2.42866E-6 2.81503E-6 2.6546E-6 4.21345E-6 6.77234E-6 7.46304E-6 4.963E-6 4.38499E-6 8.72075E-6 7.93052E-6 7.19332E-6 5.86613E-6 4.3913E-6 2.41897E-6 1.80054E-6 1.41501E-6 1.35701E-6 1.71499E-6 1.97473E-6 1.49317E-6 1.41027E-6 1.39835E-6 1.43442E-6 1.42571E-6 1.41625E-6 1.36119E-6 1.36088E-6 1.36718E-6 1.36646E-6 1.36233E-6 1.41569E-6 1.3843E-6 1.33508E-6 1.35675E-6 1.37034E-6 1.3461E-6 1.42547E-6 1.53329E-6 1.60274E-6 1.59928E-6 1.54299E-6 1.4268E-6 1.49621E-6 1.59585E-6 1.62651E-6 1.56523E-6 1.53092E-6 1.545E-6 1.54382E-6 1.57394E-6 1.61385E-6 1.69048E-6 1.70424E-6 1.74017E-6 1.73077E-6 1.67973E-6 1.60601E-6 1.55049E-6 1.4908E-6 1.52043E-6
1.44418E-7 1.65453E-7 2.41386E-7 2.19243E-7 5.51736E-7 1.17164E-6 2.19607E-6 2.80127E-6 2.53996E-6 3.37564E-6 6.39677E-6 7.35965E-6 3.76739E-6 8.12111E-6 8.20023E-6 7.53274E-6 7.20122E-6 5.05975E-6 2.52638E-6 1.99402E-6 1.61239E-6 1.41501E-6 1.42022E-6 1.79405E-6 3.62195E-6 1.50005E-6 1.40299E-6 1.4204E-6 1.42767E-6 1.44991E-6 1.4376E-6 1.41281E-6 1.43347E-6 1.46766E-6 1.43771E-6 1.39339E-6 1.39816E-6 1.43432E-6 1.4374E-6 1.45017E-6 1.45546E-6 1.42631E-6 1.48474E-6 1.57165E-6 1.56965E-6 1.53603E-6 1.44961E-6 1.46125E-6 1.57827E-6 1.61118E-6 1.64787E-6 1.58013E-6 1.53896E-6 1.53467E-6 1.54261E-6 1.62986E-6 1.67042E-6 1.66666E-6 1.692E-6 1.78363E-6 1.79755E-6 1.74223E-6 1.66164E-6 1.60036E-6 1.54041E-6 1.49404E-6
1.59394E-7 2.37078E-7 4.20597E-7 2.40095E-7 4.19679E-7 1.16493E-6 2.42278E-6 2.68592E-6 2.56764E-6 3.82929E-6 4.39471E-6 5.22316E-6 4.04766E-6 7.95162E-6 7.50146E-6 5.85863E-6 6.97673E-6 3.13788E-6 2.02352E-6 1.70404E-6 1.51263E-6 1.42667E-6 1.46877E-6 1.96265E-6 4.22952E-6 1.57931E-6 1.49451E-6 1.50209E-6 1.49934E-6 1.48135E-6 1.49789E-6 1.51818E-6 1.5441E-6 1.54995E-6 1.5042E-6 1.47383E-6 1.43914E-6 1.5136E-6 1.53876E-6 1.51076E-6 1.4885E-6 1.46551E-6 1.50445E-6 1.60913E-6 1.58753E-6 1.51232E-6 1.47707E-6 1.49178E-6 1.51953E-6 1.58496E-6 1.59283E-6 1.59235E-6 1.5301E-6 1.5403E-6 1.59268E-6 1.69385E-6 1.73971E-6 1.66989E-6 1.717E-6 1.81474E-6 1.76992E-6 1.71415E-6 1.67128E-6 1.64187E-6 1.57624E-6 1.51813E-6
