catData/rasterBestHybridModels/Pviverrinus/RD_RM1.5_L/Pviverrinus_stddev.asc
ncols         409
nrows         350
xllcorner     60.897278365
yllcorner     5.843756025
cellsize      0.0892857
NODATA_value  -9999
[rows 116 to 144 of 350, columns 66 to 131 of 409]
2.28285E-7 2.65119E-7 4.64896E-7 3.24529E-7 5.39026E-7 1.18169E-6 2.40491E-6 2.53194E-6 2.68036E-6 4.77541E-6 6.23855E-6 5.76561E-6 4.3266E-6 6.82391E-6 6.81795E-6 6.14139E-6 6.86562E-6 2.85235E-6 1.80637E-6 1.64089E-6 1.57869E-6 1.49083E-6 1.64606E-6 2.47279E-6 2.94384E-6 1.66215E-6 1.62679E-6 1.60392E-6 1.56751E-6 1.55188E-6 1.6226E-6 1.6652E-6 1.67578E-6 1.65757E-6 1.61278E-6 1.57144E-6 1.51396E-6 1.58483E-6 1.63286E-6 1.61386E-6 1.55171E-6 1.52461E-6 1.55261E-6 1.5608E-6 1.45845E-6 1.43262E-6 1.45855E-6 1.46296E-6 1.56587E-6 1.64038E-6 1.58625E-6 1.57745E-6 1.52375E-6 1.57394E-6 1.6207E-6 1.68405E-6 1.69386E-6 1.69444E-6 1.7711E-6 1.87415E-6 1.83913E-6 1.75914E-6 1.71423E-6 1.71364E-6 1.67773E-6 1.65578E-6
3.61615E-7 2.71111E-7 4.47882E-7 5.5145E-7 6.73033E-7 1.08204E-6 2.404E-6 2.63997E-6 3.11099E-6 3.68766E-6 5.78916E-6 3.55364E-6 3.8942E-6 6.8604E-6 6.46112E-6 6.20494E-6 5.28701E-6 3.50546E-6 1.96757E-6 1.67229E-6 1.61289E-6 1.57813E-6 1.87204E-6 4.19914E-6 2.21252E-6 1.77497E-6 1.74179E-6 1.70539E-6 1.70093E-6 1.72356E-6 1.73256E-6 1.77779E-6 1.79203E-6 1.76295E-6 1.72494E-6 1.68119E-6 1.59305E-6 1.65869E-6 1.71268E-6 1.70502E-6 1.66959E-6 1.60959E-6 1.56316E-6 1.53131E-6 1.48298E-6 1.45026E-6 1.46526E-6 1.52617E-6 1.58342E-6 1.63116E-6 1.61156E-6 1.61284E-6 1.5992E-6 1.64148E-6 1.68099E-6 1.71217E-6 1.76515E-6 1.83341E-6 1.83341E-6 1.86292E-6 1.84069E-6 1.78696E-6 1.7628E-6 1.7044E-6 1.70871E-6 1.77469E-6
3.93085E-7 4.66315E-7 4.67909E-7 7.33939E-7 6.04591E-7 9.31875E-7 2.02769E-6 2.4948E-6 2.88273E-6 3.54848E-6 3.60523E-6 4.12772E-6 2.96271E-6 5.32283E-6 6.60088E-6 5.87987E-6 6.09378E-6 6.53975E-6 2.88102E-6 2.1032E-6 1.87894E-6 1.79592E-6 2.18594E-6 5.79718E-6 2.22886E-6 1.91197E-6 1.8628E-6 1.82966E-6 1.86836E-6 1.9027E-6 1.92099E-6 1.95147E-6 1.94662E-6 1.87949E-6 1.85226E-6 1.78896E-6 1.74945E-6 1.89943E-6 1.88347E-6 1.83438E-6 1.79018E-6 1.71361E-6 1.6437E-6 1.56557E-6 1.54242E-6 1.57488E-6 1.56022E-6 1.58456E-6 1.63346E-6 1.65159E-6 1.65732E-6 1.67447E-6 1.71158E-6 1.76655E-6 1.79378E-6 1.79326E-6 1.82651E-6 1.92225E-6 1.88755E-6 1.85396E-6 1.82859E-6 1.80536E-6 1.81231E-6 1.7293E-6 1.76636E-6 1.82339E-6
3.45312E-7 6.25663E-7 5.87882E-7 8.38453E-7 6.95914E-7 1.01477E-6 1.59252E-6 1.52084E-6 2.65045E-6 3.65291E-6 4.09072E-6 3.50215E-6 3.07707E-6 4.03319E-6 6.58584E-6 5.62764E-6 6.99852E-6 7.28102E-6 6.69065E-6 2.91831E-6 2.41403E-6 2.30722E-6 2.73635E-6 3.32211E-6 2.60266E-6 2.16609E-6 2.05083E-6 2.00047E-6 2.00804E-6 2.0568E-6 2.11712E-6 2.15076E-6 2.12666E-6 2.03707E-6 1.95215E-6 1.88338E-6 1.93924E-6 2.09251E-6 2.04936E-6 1.96842E-6 1.88947E-6 1.80372E-6 1.71522E-6 1.65075E-6 1.66723E-6 1.69745E-6 1.65711E-6 1.65782E-6 1.66808E-6 1.71077E-6 1.72846E-6 1.73507E-6 1.78438E-6 1.81701E-6 1.85197E-6 1.87408E-6 1.88115E-6 1.93637E-6 1.9083E-6 1.89102E-6 1.86253E-6 1.84517E-6 1.83748E-6 1.83038E-6 1.89097E-6 1.89961E-6
3.59952E-7 5.66548E-7 8.25317E-7 9.55439E-7 1.07717E-6 1.05929E-6 1.50813E-6 9.9061E-7 1.93103E-6 2.34667E-6 3.09443E-6 2.15962E-6 2.20894E-6 4.46304E-6 6.96595E-6 6.65248E-6 6.90935E-6 6.71374E-6 5.78907E-6 6.02199E-6 2.96309E-6 2.95343E-6 4.67577E-6 5.42407E-6 3.31158E-6 2.69367E-6 2.36679E-6 2.24516E-6 2.21004E-6 2.2031E-6 2.24387E-6 2.27505E-6 2.2706E-6 2.26795E-6 2.14192E-6 2.00093E-6 2.10088E-6 2.23265E-6 2.16487E-6 2.08053E-6 1.97991E-6 1.86934E-6 1.81619E-6 1.80718E-6 1.80691E-6 1.79729E-6 1.78732E-6 1.74279E-6 1.70545E-6 1.73622E-6 1.7819E-6 1.78859E-6 1.83192E-6 1.86492E-6 1.87476E-6 1.93249E-6 1.93026E-6 1.95554E-6 1.94911E-6 1.94827E-6 1.94255E-6 1.9425E-6 1.93079E-6 1.97255E-6 2.00111E-6 2.06441E-6
5.23635E-7 5.75104E-7 6.62811E-7 1.1182E-6 1.37998E-6 1.10588E-6 1.32325E-6 1.10452E-6 1.58275E-6 1.06846E-6 1.9362E-6 1.58288E-6 1.52774E-6 3.48323E-6 5.62861E-6 7.78215E-6 7.18354E-6 5.85123E-6 4.58248E-6 6.33032E-6 6.02517E-6 3.08197E-6 3.49228E-6 3.5365E-6 6.36635E-6 3.5618E-6 3.00598E-6 2.6952E-6 2.50285E-6 2.39341E-6 2.36119E-6 2.38895E-6 2.39263E-6 2.43105E-6 2.35436E-6 2.21371E-6 2.21649E-6 2.35974E-6 2.26079E-6 2.19012E-6 2.09558E-6 2.00005E-6 1.97422E-6 1.97567E-6 1.93428E-6 1.87689E-6 1.84498E-6 1.80245E-6 1.79902E-6 1.81692E-6 1.87926E-6 1.88256E-6 1.86798E-6 1.92231E-6 1.9824E-6 1.96675E-6 1.95695E-6 2.00701E-6 2.01907E-6 2.01475E-6 2.03937E-6 2.08063E-6 2.10835E-6 2.15073E-6 2.16207E-6 2.17649E-6
8.29062E-7 8.5381E-7 8.07257E-7 1.05733E-6 1.3969E-6 1.36121E-6 1.18101E-6 1.10967E-6 1.60405E-6 6.60372E-7 1.64788E-6 1.54869E-6 1.45405E-6 2.27159E-6 3.05889E-6 6.79482E-6 7.58973E-6 7.50996E-6 6.15184E-6 6.75932E-6 5.58634E-6 4.51965E-6 3.11017E-6 3.5622E-6 3.82579E-6 4.74931E-6 4.3171E-6 3.50716E-6 2.93547E-6 2.6613E-6 2.57688E-6 2.56172E-6 2.52547E-6 2.49797E-6 2.5731E-6 2.46672E-6 2.37416E-6 2.41928E-6 2.36326E-6 2.33112E-6 2.22757E-6 2.13461E-6 2.12548E-6 2.11995E-6 2.051E-6 1.94722E-6 1.87855E-6 1.84266E-6 1.89046E-6 1.95821E-6 2.01145E-6 1.99345E-6 1.9239E-6 1.9538E-6 2.00702E-6 1.98294E-6 1.99972E-6 2.06216E-6 2.07542E-6 2.08567E-6 2.1498E-6 2.20909E-6 2.30358E-6 2.27223E-6 2.22819E-6 2.20117E-6
1.08491E-6 1.21625E-6 1.34467E-6 9.61611E-7 8.27063E-7 1.48489E-6 1.24054E-6 8.96062E-7 1.5383E-6 8.22425E-7 1.55734E-6 1.65915E-6 1.61263E-6 2.23332E-6 2.45743E-6 4.01648E-6 6.90575E-6 8.08977E-6 7.56594E-6 7.45188E-6 5.56421E-6 4.85386E-6 4.14672E-6 5.17575E-6 6.29499E-6 3.53378E-6 3.63861E-6 3.89053E-6 3.52206E-6 2.98738E-6 2.81885E-6 2.76609E-6 2.68897E-6 2.61064E-6 2.66882E-6 2.61079E-6 2.55767E-6 2.50818E-6 2.47363E-6 2.42477E-6 2.31138E-6 2.19219E-6 2.18342E-6 2.18634E-6 2.11944E-6 2.02607E-6 1.94265E-6 1.89805E-6 1.92718E-6 2.02374E-6 2.04554E-6 2.0526E-6 2.01785E-6 1.99678E-6 2.04238E-6 2.05995E-6 2.08118E-6 2.13528E-6 2.16138E-6 2.20591E-6 2.3025E-6 2.32529E-6 2.3918E-6 2.35678E-6 2.26392E-6 2.18855E-6
1.59444E-6 1.43267E-6 1.77435E-6 1.66557E-6 1.3271E-6 1.82563E-6 1.18887E-6 1.36101E-6 1.2283E-6 1.27456E-6 1.48668E-6 1.59115E-6 1.77867E-6 2.24065E-6 2.54856E-6 2.70555E-6 7.74782E-6 8.26296E-6 1.18436E-5 7.63104E-6 5.96466E-6 6.33481E-6 6.25155E-6 5.65279E-6 6.60958E-6 9.49321E-6 5.08603E-6 6.41903E-6 3.70536E-6 3.56204E-6 3.15758E-6 3.0138E-6 2.89974E-6 2.78883E-6 2.74852E-6 2.7665E-6 2.72531E-6 2.64788E-6 2.6119E-6 2.55821E-6 2.44585E-6 2.29597E-6 2.24444E-6 2.23236E-6 2.18228E-6 2.09978E-6 2.04802E-6 1.99372E-6 1.93774E-6 1.9503E-6 2.04899E-6 2.09398E-6 2.03844E-6 2.09389E-6 2.17036E-6 2.12921E-6 2.1431E-6 2.25129E-6 2.36615E-6 2.47922E-6 2.5806E-6 2.53159E-6 2.46353E-6 2.37799E-6 2.23702E-6 2.07172E-6
2.85798E-6 1.73511E-6 1.9229E-6 1.91872E-6 1.88355E-6 1.93193E-6 1.66636E-6 1.59121E-6 1.58436E-6 1.30601E-6 1.79006E-6 1.67423E-6 1.99178E-6 2.44063E-6 2.71762E-6 2.84081E-6 3.06079E-6 7.29893E-6 8.74692E-6 8.34489E-6 5.95239E-6 6.78202E-6 3.94339E-6 3.50554E-6 7.22006E-6 6.45011E-6 4.58849E-6 7.48756E-6 3.59579E-6 3.92024E-6 3.6967E-6 3.29553E-6 3.11764E-6 3.01668E-6 2.8783E-6 2.84415E-6 2.90096E-6 2.90919E-6 2.78225E-6 2.64265E-6 2.49739E-6 2.38448E-6 2.32168E-6 2.29053E-6 2.21225E-6 2.16716E-6 2.14377E-6 2.14788E-6 1.91004E-6 1.83185E-6 1.98869E-6 2.10797E-6 2.15708E-6 2.21605E-6 2.21187E-6 2.18932E-6 2.2569E-6 2.3956E-6 2.56939E-6 2.68839E-6 2.67536E-6 2.59767E-6 2.48215E-6 2.36046E-6 2.2438E-6 2.13581E-6
3.62594E-6 2.46858E-6 2.06342E-6 1.56017E-6 2.10306E-6 1.93856E-6 1.95906E-6 1.72031E-6 1.69311E-6 1.32595E-6 2.06708E-6 1.87242E-6 2.15105E-6 2.5821E-6 2.59341E-6 2.78316E-6 3.24389E-6 4.23294E-6 7.54136E-6 8.57035E-6 3.88202E-6 3.675E-6 4.52881E-6 3.56408E-6 6.93594E-6 3.96109E-6 4.6066E-6 3.79033E-6 1.04886E-5 3.64603E-6 4.34417E-6 3.67583E-6 3.36807E-6 3.21209E-6 3.01727E-6 3.0697E-6 3.15857E-6 3.11974E-6 2.97093E-6 2.81029E-6 2.65223E-6 2.52812E-6 2.40192E-6 2.33877E-6 2.27743E-6 2.19462E-6 2.15048E-6 2.09263E-6 2.01093E-6 1.92271E-6 1.8754E-6 2.03102E-6 2.26193E-6 2.23851E-6 2.21257E-6 2.231E-6 2.33479E-6 2.51673E-6 2.61522E-6 2.48929E-6 2.49396E-6 3.30464E-6 2.25783E-6 2.22321E-6 2.22569E-6 2.17764E-6
4.62487E-6 3.76746E-6 2.38816E-6 2.3611E-6 2.55107E-6 2.11123E-6 1.86851E-6 1.49968E-6 1.78821E-6 2.12081E-6 2.43295E-6 2.39473E-6 2.34764E-6 2.59037E-6 2.2217E-6 2.25333E-6 3.04814E-6 1.15428E-5 1.47312E-5 5.99252E-6 5.03012E-6 3.8519E-6 4.61745E-6 5.86324E-6 7.23785E-6 7.41294E-6 5.57389E-6 5.50704E-6 5.25027E-6 3.96509E-6 6.76837E-6 4.01122E-6 3.61034E-6 3.49973E-6 3.39771E-6 3.49873E-6 3.36036E-6 3.22913E-6 3.0584E-6 2.89726E-6 2.77217E-6 2.64666E-6 2.5352E-6 2.4391E-6 2.36465E-6 2.25712E-6 2.14597E-6 2.02405E-6 2.00097E-6 1.85719E-6 2.05818E-6 2.13492E-6 2.34085E-6 2.31789E-6 2.30588E-6 2.33299E-6 2.41905E-6 2.57418E-6 2.61634E-6 2.58054E-6 2.53164E-6 2.3889E-6 1.87184E-6 2.01453E-6 2.04181E-6 2.16106E-6
5.46537E-6 5.14772E-6 3.72527E-6 3.11937E-6 2.32649E-6 3.03458E-6 2.54104E-6 1.58975E-6 2.14127E-6 2.32939E-6 2.3275E-6 2.34471E-6 2.6727E-6 3.05104E-6 2.8353E-6 2.66266E-6 3.336E-6 3.51693E-6 5.28893E-6 4.85392E-6 5.20311E-6 5.42549E-6 6.07513E-6 1.07855E-5 7.27661E-6 5.22005E-6 5.78901E-6 9.63301E-6 5.64868E-6 4.52748E-6 1.09008E-5 4.75005E-6 4.22662E-6 4.12392E-6 3.8956E-6 3.79015E-6 3.44952E-6 3.30471E-6 3.12818E-6 2.99717E-6 2.8572E-6 2.72659E-6 2.59775E-6 2.4544E-6 2.35596E-6 2.27305E-6 2.16667E-6 2.05832E-6 1.86037E-6 1.79572E-6 2.21103E-6 2.28288E-6 2.30118E-6 2.31966E-6 2.33542E-6 2.34503E-6 2.40318E-6 2.60858E-6 2.67777E-6 2.6589E-6 2.70041E-6 2.2061E-6 2.07862E-6 1.9579E-6 2.05372E-6 2.02837E-6
6.15411E-6 5.69641E-6 4.46099E-6 2.54613E-6 3.31875E-6 3.76456E-6 3.20758E-6 2.03104E-6 2.19979E-6 2.53804E-6 2.61845E-6 2.64772E-6 3.14973E-6 3.46618E-6 3.26966E-6 3.20265E-6 3.80251E-6 3.44201E-6 8.89894E-6 5.8203E-6 4.83677E-6 5.02574E-6 4.77944E-6 4.91707E-6 4.57365E-6 5.28547E-6 1.00568E-5 9.04062E-6 4.85282E-6 5.99509E-6 3.94168E-6 7.46528E-6 1.07736E-5 1.08742E-5 4.43343E-6 3.90679E-6 3.57581E-6 3.40193E-6 3.2166E-6 3.03505E-6 2.91502E-6 2.80934E-6 2.64214E-6 2.48558E-6 2.37808E-6 2.2951E-6 2.22182E-6 2.1678E-6 2.20041E-6 2.05967E-6 2.20056E-6 2.28732E-6 2.36112E-6 2.44973E-6 2.48072E-6 2.52435E-6 2.63874E-6 2.76323E-6 2.76519E-6 2.75184E-6 2.71876E-6 2.11414E-6 1.47248E-6 1.85974E-6 2.18537E-6 2.0351E-6
7.64104E-6 6.61582E-6 5.30355E-6 4.82434E-6 5.08411E-6 4.49303E-6 3.62644E-6 2.61567E-6 2.50582E-6 2.847E-6 2.99854E-6 3.22437E-6 3.56282E-6 3.72193E-6 3.81593E-6 3.80652E-6 4.26462E-6 4.23033E-6 9.52059E-6 4.35281E-6 5.38486E-6 4.79573E-6 5.26319E-6 4.67926E-6 5.17807E-6 4.56564E-6 7.42107E-6 1.11112E-5 4.79016E-6 4.1271E-6 5.17313E-6 1.19544E-5 1.0246E-5 9.20328E-6 4.45433E-6 3.96599E-6 3.7268E-6 3.5336E-6 3.34413E-6 3.14333E-6 3.01363E-6 2.84778E-6 2.67323E-6 2.53945E-6 2.45911E-6 2.35994E-6 2.20879E-6 2.14564E-6 2.20766E-6 2.18736E-6 2.31778E-6 2.39934E-6 2.49362E-6 2.44878E-6 2.65084E-6 2.74056E-6 2.85042E-6 2.9284E-6 3.00182E-6 2.9517E-6 2.782E-6 2.19408E-6 2.10482E-6 2.38142E-6 2.88732E-6 2.16144E-6
8.74501E-6 7.26479E-6 6.58417E-6 7.2698E-6 6.75117E-6 4.57037E-6 3.87097E-6 3.29162E-6 3.1847E-6 3.26384E-6 3.40118E-6 3.64141E-6 3.70333E-6 4.02496E-6 4.18941E-6 4.29142E-6 4.22329E-6 4.69147E-6 4.52848E-6 8.35343E-6 5.18514E-6 4.9479E-6 1.54513E-5 7.23838E-6 5.37008E-6 5.10266E-6 9.9121E-6 1.13577E-5 9.64474E-6 1.03755E-5 6.41168E-6 1.17272E-5 1.18042E-5 5.32508E-6 4.46642E-6 4.03622E-6 3.72755E-6 3.55008E-6 3.3597E-6 3.25265E-6 3.09916E-6 2.8921E-6 2.70781E-6 2.58504E-6 2.50109E-6 2.42402E-6 2.35993E-6 2.33299E-6 2.33289E-6 2.34347E-6 2.44465E-6 2.47077E-6 2.04004E-6 2.6064E-6 2.85401E-6 2.85883E-6 2.96177E-6 3.05912E-6 3.22547E-6 3.12518E-6 2.80662E-6 2.5775E-6 2.29636E-6 2.41967E-6 2.6252E-6 1.86865E-6
1.00708E-5 8.40242E-6 7.71324E-6 9.40014E-6 7.47808E-6 5.32122E-6 4.23888E-6 4.16693E-6 3.78655E-6 3.66344E-6 3.76003E-6 3.93273E-6 4.02011E-6 4.38504E-6 4.4612E-6 4.58267E-6 1.21901E-5 4.43641E-6 5.5E-6 9.02073E-6 5.4484E-6 7.38372E-6 7.16378E-6 8.98057E-6 1.2299E-5 5.53107E-6 5.25777E-6 6.00254E-6 1.08187E-5 9.61527E-6 8.83018E-6 1.24572E-5 1.26284E-5 5.2544E-6 4.40631E-6 3.91904E-6 3.67863E-6 3.56951E-6 3.38012E-6 3.20932E-6 3.06268E-6 2.91106E-6 2.78953E-6 2.69388E-6 2.59695E-6 2.52327E-6 2.49224E-6 2.50579E-6 2.50833E-6 2.51183E-6 2.61064E-6 2.61181E-6 2.6843E-6 2.8944E-6 2.89487E-6 2.97995E-6 3.12936E-6 3.19882E-6 3.28756E-6 2.90189E-6 4.92274E-6 2.5697E-6 4.32124E-6 2.38012E-6 1.95537E-6 1.82582E-6
1.18217E-5 9.81475E-6 8.03722E-6 1.00654E-5 7.32817E-6 6.34781E-6 5.46806E-6 5.25734E-6 4.70631E-6 4.26406E-6 4.3601E-6 4.65817E-6 4.71706E-6 4.87181E-6 4.79224E-6 4.87542E-6 1.43622E-5 1.36051E-5 1.73418E-5 1.57975E-5 5.33528E-6 4.92871E-6 4.71157E-6 4.97957E-6 1.19401E-5 9.56123E-6 8.44198E-6 1.09795E-5 8.49186E-6 5.63163E-6 6.01543E-6 5.64386E-6 8.9081E-6 4.98134E-6 4.21817E-6 3.8875E-6 3.68131E-6 3.54945E-6 3.39027E-6 3.2582E-6 3.11241E-6 2.9625E-6 2.84831E-6 2.74553E-6 2.66166E-6 2.62582E-6 2.66504E-6 2.68034E-6 2.63791E-6 2.51827E-6 2.53772E-6 2.79872E-6 2.72582E-6 3.04667E-6 2.91431E-6 3.23222E-6 3.2116E-6 3.22135E-6 2.91607E-6 3.5622E-6 2.74388E-6 3.4119E-6 2.28753E-6 3.07635E-6 2.02135E-6 2.54476E-6
1.25002E-5 9.14014E-6 9.72446E-6 1.20203E-5 1.01231E-5 7.74453E-6 7.62487E-6 6.76481E-6 5.83225E-6 4.87333E-6 5.22043E-6 5.52411E-6 5.51884E-6 5.89101E-6 6.38963E-6 5.57641E-6 8.35513E-6 1.21285E-5 1.67673E-5 6.34038E-6 7.05364E-6 4.834E-6 4.75819E-6 1.51707E-5 5.90875E-6 1.1838E-5 4.80782E-6 9.92382E-6 5.85241E-6 6.28648E-6 5.82777E-6 6.56458E-6 5.5759E-6 4.63924E-6 4.13823E-6 3.95015E-6 3.75922E-6 3.60711E-6 3.46436E-6 3.31715E-6 3.19211E-6 3.04455E-6 2.91858E-6 2.81103E-6 2.74904E-6 2.71328E-6 2.7916E-6 2.82889E-6 2.81731E-6 2.82006E-6 2.93322E-6 2.98935E-6 3.12424E-6 2.93391E-6 3.30184E-6 3.32327E-6 3.32076E-6 3.19851E-6 3.0305E-6 2.73848E-6 2.57771E-6 2.42409E-6 2.09734E-6 1.96621E-6 1.90182E-6 2.46766E-6
1.41509E-5 1.48795E-5 3.40578E-5 1.53366E-5 1.23436E-5 1.00743E-5 9.09438E-6 8.55931E-6 7.18422E-6 6.53415E-6 6.69519E-6 6.79466E-6 6.94814E-6 8.74429E-6 9.78811E-6 6.21899E-6 1.89986E-5 2.85288E-5 1.08676E-5 1.21692E-5 1.63779E-5 2.75909E-5 2.18489E-5 1.84644E-5 1.50192E-5 5.55116E-6 8.49439E-6 5.12834E-6 5.98045E-6 6.27636E-6 9.49757E-6 7.5463E-6 5.01217E-6 4.44086E-6 4.15185E-6 3.9899E-6 3.83949E-6 3.6779E-6 3.52679E-6 3.41773E-6 3.28678E-6 3.14137E-6 3.02783E-6 2.93408E-6 2.86961E-6 2.8139E-6 2.8758E-6 2.93154E-6 2.88956E-6 2.9655E-6 3.08102E-6 3.07309E-6 3.36713E-6 3.43671E-6 3.304E-6 3.31936E-6 2.91442E-6 2.9773E-6 2.69634E-6 2.55399E-6 2.95268E-6 2.50154E-6 2.1446E-6 2.022E-6 1.72108E-6 2.11702E-6
2.38613E-5 2.25602E-5 3.93619E-4 2.67979E-4 3.86808E-5 1.33793E-5 1.1853E-5 1.09722E-5 1.00458E-5 9.28625E-6 8.3063E-6 8.59788E-6 8.62569E-6 9.79887E-6 7.7978E-6 9.11027E-6 1.25564E-5 3.71248E-5 2.44017E-5 8.23168E-6 6.37272E-6 5.611E-6 5.79429E-6 7.91617E-6 5.41879E-6 1.87455E-5 1.85628E-5 7.28715E-6 6.91673E-6 6.24734E-6 8.27474E-6 5.14555E-6 4.919E-6 4.48472E-6 4.26455E-6 4.08758E-6 3.96093E-6 3.79336E-6 3.60365E-6 3.48308E-6 3.38507E-6 3.22025E-6 3.12859E-6 3.09285E-6 3.04538E-6 2.96832E-6 2.94652E-6 3.0763E-6 3.01572E-6 2.97795E-6 3.28315E-6 3.28164E-6 3.27707E-6 3.43317E-6 3.3342E-6 3.02813E-6 2.40029E-6 2.75329E-6 2.45526E-6 2.22973E-6 2.12683E-6 2.70381E-6 9.03831E-7 1.93225E-6 1.67255E-6 1.61473E-6
-9999 -9999 -9999 2.42338E-4 -9999 2.09395E-5 1.94145E-5 1.74309E-5 1.38424E-5 1.19968E-5 1.14571E-5 1.14416E-5 9.87747E-6 8.18064E-6 9.17032E-6 1.27327E-5 1.38106E-5 3.65171E-5 8.5147E-6 1.17168E-5 8.40883E-6 1.93742E-5 7.56698E-6 9.83654E-6 1.17493E-5 8.83421E-6 8.90069E-6 1.48403E-5 1.03965E-5 1.00152E-5 5.05344E-6 3.62109E-6 4.92436E-6 4.69009E-6 4.41957E-6 4.3103E-6 4.15981E-6 3.99337E-6 3.75408E-6 3.61319E-6 3.50508E-6 3.32781E-6 3.31672E-6 3.29104E-6 3.11661E-6 3.10147E-6 3.10537E-6 3.13097E-6 3.37041E-6 3.44262E-6 3.55879E-6 3.40308E-6 3.37016E-6 3.47471E-6 3.3351E-6 3.02215E-6 2.82621E-6 2.54988E-6 2.96308E-6 2.40209E-6 2.31047E-6 1.20301E-6 1.12689E-6 1.52881E-6 1.59714E-6 1.54557E-6
-9999 -9999 -9999 -9999 -9999 3.96507E-5 3.72633E-5 3.09035E-5 1.69954E-5 1.37817E-5 1.28006E-5 1.37435E-5 1.28824E-5 9.35091E-6 1.24487E-5 1.48231E-5 1.41566E-5 2.12359E-5 1.27816E-5 9.8688E-6 1.07553E-5 1.46927E-5 2.72344E-5 3.00628E-5 2.99416E-5 1.2412E-5 1.93864E-5 1.47624E-5 1.35533E-5 6.35202E-6 6.02175E-6 5.62998E-6 5.19116E-6 4.95899E-6 4.74556E-6 4.50833E-6 4.31216E-6 4.13606E-6 3.94938E-6 3.81346E-6 3.72136E-6 3.55831E-6 3.52465E-6 3.52228E-6 3.43171E-6 3.40657E-6 3.40881E-6 3.34463E-6 3.74881E-6 3.92877E-6 3.78101E-6 3.4787E-6 3.54569E-6 3.5713E-6 3.48527E-6 3.21689E-6 2.51172E-6 2.57129E-6 3.05144E-6 2.57946E-6 1.80043E-6 8.12887E-7 1.59345E-6 1.02892E-6 1.67941E-6 1.43476E-6
-9999 -9999 -9999 -9999 -9999 4.39651E-5 -9999 3.22466E-5 2.022E-5 2.17479E-5 1.90674E-5 1.54701E-5 1.75355E-5 1.13277E-5 1.4655E-5 1.55944E-5 1.47104E-5 3.7183E-5 1.92515E-5 1.82991E-5 2.38869E-5 2.42571E-5 2.98957E-5 1.48891E-5 3.73105E-5 7.25252E-6 2.03045E-5 1.36816E-5 7.23916E-6 6.60594E-6 6.21391E-6 5.87645E-6 5.52078E-6 5.26407E-6 5.01282E-6 4.7641E-6 4.52991E-6 4.35039E-6 4.16138E-6 4.06305E-6 4.04034E-6 3.95775E-6 3.86476E-6 3.82711E-6 3.81589E-6 3.78691E-6 3.8327E-6 4.20966E-6 -9999 4.29951E-6 4.0295E-6 3.7794E-6 3.59623E-6 3.4595E-6 3.3699E-6 3.06843E-6 2.85631E-6 2.46499E-6 3.27216E-6 3.02492E-6 3.03057E-6 2.4653E-6 1.72983E-6 2.32085E-6 1.65478E-6 1.06583E-6
-9999 -9999 -9999 -9999 -9999 4.10955E-5 4.08077E-5 2.76819E-5 2.08973E-5 2.61258E-5 2.21971E-5 2.53991E-5 2.14456E-5 1.40165E-5 1.67727E-5 1.51535E-5 2.35154E-5 2.75572E-5 1.16569E-5 9.10345E-6 1.08181E-5 1.66455E-5 2.24307E-5 2.26302E-5 3.09826E-5 2.76971E-5 1.55265E-5 1.2868E-5 7.476E-6 6.9869E-6 6.5683E-6 6.22905E-6 5.87677E-6 5.55445E-6 5.30303E-6 5.05269E-6 4.73178E-6 4.5716E-6 4.44981E-6 4.38862E-6 4.38122E-6 4.36567E-6 4.36458E-6 4.36191E-6 4.22015E-6 4.34916E-6 4.31453E-6 -9999 -9999 -9999 4.06649E-6 3.81259E-6 3.51795E-6 3.20628E-6 3.15572E-6 3.28904E-6 3.32089E-6 3.03219E-6 3.74055E-6 3.48782E-6 2.89072E-6 2.66024E-6 2.23714E-6 1.61675E-6 1.0767E-6 1.33966E-6
-9999 -9999 -9999 -9999 -9999 -9999 -9999 3.44701E-5 3.1641E-5 2.92411E-5 2.64547E-5 3.27082E-5 2.04104E-5 2.27765E-5 1.93159E-5 1.65462E-5 1.6189E-5 1.08264E-5 7.96944E-6 9.41166E-6 1.68902E-5 2.09854E-5 1.90356E-5 1.53877E-5 1.68771E-5 1.91619E-5 9.07892E-6 8.40872E-6 7.87834E-6 7.42276E-6 7.04575E-6 6.64002E-6 6.26807E-6 5.93977E-6 5.68633E-6 5.45126E-6 5.16694E-6 4.95774E-6 4.7922E-6 4.82974E-6 4.87873E-6 4.89327E-6 4.92462E-6 4.93659E-6 4.60551E-6 4.34765E-6 4.41302E-6 4.72145E-6 5.30833E-6 5.40057E-6 4.62954E-6 4.06806E-6 3.60415E-6 3.62354E-6 3.6801E-6 3.78323E-6 3.90953E-6 3.73626E-6 3.58226E-6 3.3192E-6 2.90434E-6 3.55682E-6 2.97857E-6 2.26899E-6 1.84084E-6 2.15357E-6
-9999 -9999 -9999 -9999 -9999 -9999 4.02625E-5 5.00502E-5 3.57238E-5 3.13273E-5 4.21931E-5 3.87213E-5 2.76643E-5 2.92322E-5 2.24538E-5 1.68637E-5 1.40146E-5 1.06042E-5 1.04531E-5 1.1873E-5 1.54706E-5 1.67887E-5 1.29897E-5 1.72695E-5 1.72205E-5 1.61965E-5 9.69307E-6 9.09368E-6 8.58723E-6 8.11507E-6 7.66308E-6 7.17567E-6 6.92761E-6 6.60813E-6 6.30083E-6 5.98339E-6 5.80023E-6 5.72872E-6 5.81081E-6 6.22549E-6 6.28403E-6 5.98204E-6 5.45503E-6 4.81032E-6 4.46574E-6 4.41626E-6 4.44946E-6 4.60065E-6 5.78942E-6 -9999 -9999 4.23078E-6 3.67747E-6 3.66461E-6 3.87298E-6 4.17453E-6 4.31609E-6 4.03105E-6 3.88726E-6 3.80601E-6 3.56079E-6 3.13572E-6 2.97004E-6 2.12618E-6 2.36342E-6 2.00933E-6
-9999 -9999 -9999 -9999 -9999 -9999 4.12625E-5 4.86029E-5 -9999 4.5577E-5 4.41581E-5 3.71573E-5 3.71127E-5 2.94374E-5 2.70429E-5 1.80552E-5 1.37767E-5 1.25489E-5 1.2885E-5 1.5282E-5 2.5234E-5 2.72467E-5 2.10206E-5 1.38088E-5 1.24043E-5 1.19963E-5 1.09248E-5 1.02756E-5 9.68806E-6 8.99567E-6 8.46324E-6 8.01303E-6 7.5162E-6 7.03782E-6 6.802E-6 6.57777E-6 7.16752E-6 7.79954E-6 8.23228E-6 -9999 -9999 -9999 5.74623E-6 4.89612E-6 4.70987E-6 4.89689E-6 -9999 -9999 -9999 -9999 4.84748E-6 3.94995E-6 3.72207E-6 3.81195E-6 5.88868E-6 4.5867E-6 4.5105E-6 3.9223E-6 3.98868E-6 3.92134E-6 4.12052E-6 3.739E-6 3.38498E-6 3.79016E-6 2.62364E-6 1.82372E-6
-9999 -9999 -9999 -9999 -9999 -9999 -9999 5.05872E-5 5.19502E-5 3.89539E-5 4.77219E-5 4.0349E-5 3.45702E-5 2.79674E-5 2.42169E-5 2.19246E-5 1.95877E-5 1.73344E-5 1.68389E-5 1.874E-5 2.60211E-5 3.19849E-5 2.70073E-5 1.94501E-5 1.76448E-5 1.45021E-5 1.27798E-5 1.12311E-5 1.00759E-5 9.17302E-6 8.59108E-6 8.1075E-6 7.71527E-6 7.32916E-6 7.12191E-6 6.99707E-6 7.95566E-6 -9999 -9999 -9999 -9999 -9999 -9999 5.80864E-6 5.55867E-6 5.51408E-6 -9999 -9999 -9999 4.75856E-6 4.59031E-6 3.93888E-6 3.88144E-6 4.11747E-6 4.50021E-6 4.8766E-6 4.77942E-6 4.59668E-6 4.46336E-6 4.18957E-6 4.39642E-6 3.61296E-6 2.81507E-6 2.85287E-6 2.71447E-6 1.93651E-6
