catData/rasterBestHybridModels/Pviverrinus/RD_RM1.5_L/Pviverrinus_min.asc
ncols         409
nrows         350
xllcorner     60.897278365
yllcorner     5.843756025
cellsize      0.0892857
NODATA_value  -9999
[rows 29 to 57 of 350, columns 130 to 194 of 409]
3.48088E-6 2.10905E-6 1.92976E-6 1.59718E-6 2.76673E-7 1.58434E-7 2.3166E-7 5.4795E-7 4.37862E-7 2.98074E-7 3.77496E-8 7.43198E-8 3.73182E-8 1.98602E-9 2.57982E-9 2.48279E-10 1.81276E-10 1.81098E-9 1.17108E-8 2.20426E-8 1.12403E-8 2.82227E-9 9.20722E-10 1.94456E-9 6.45648E-10 1.23811E-11 4.28883E-13 2.97565E-13 3.15176E-13 2.03535E-13 4.19948E-13 4.70475E-14 3.84229E-14 5.5044E-14 4.49786E-14 1.1153E-13 1.83546E-13 1.1134E-13 9.53496E-14 1.85947E-13 2.39045E-13 1.30665E-13 2.34981E-13 2.46219E-14 1.34015E-13 3.32595E-13 5.90081E-13 1.3679E-13 3.97728E-15 3.44977E-16 2.2025E-16 1.39414E-16 9.27162E-17 7.5874E-17 2.98102E-16 3.09299E-16 6.48264E-17 3.60621E-15 1.34706E-13 1.18851E-15 1.40295E-16 3.32354E-17 -9999 5.47104E-17 6.27969E-16
2.24175E-6 5.86256E-7 3.95001E-7 1.07634E-6 4.08612E-7 6.30238E-8 5.95767E-7 1.01057E-6 4.67642E-7 4.55029E-7 8.75135E-7 2.12181E-8 5.52169E-10 8.9811E-9 1.04404E-8 2.04716E-10 6.77581E-12 7.68556E-11 3.84986E-9 2.09789E-8 3.28792E-8 1.83468E-8 2.41099E-8 4.08634E-8 2.94955E-9 4.30461E-11 1.22163E-12 7.62062E-12 8.62521E-13 1.69483E-13 1.39951E-13 7.81392E-14 1.86525E-14 2.33671E-14 7.09566E-14 5.81119E-14 4.08045E-14 2.58211E-14 1.36584E-13 6.71457E-14 2.36436E-14 1.98662E-14 1.67833E-13 1.48363E-13 1.05278E-13 7.05833E-14 2.04803E-14 2.1482E-13 3.47404E-13 5.91553E-14 8.36765E-15 1.69663E-15 5.84511E-16 1.87567E-16 1.60777E-16 1.07569E-16 6.94758E-17 7.33595E-16 4.03224E-15 5.61963E-14 4.81785E-16 1.78852E-16 7.22684E-17 4.1781E-17 1.02931E-15
5.91996E-6 5.81049E-7 1.71829E-7 2.82093E-6 1.74814E-6 9.74323E-7 9.87518E-7 4.80361E-7 1.09383E-7 2.35592E-8 3.62473E-7 4.14818E-7 1.86796E-8 7.1146E-10 3.65711E-10 3.21501E-10 2.10764E-11 9.5E-12 2.51106E-10 5.46777E-9 2.83345E-8 4.90409E-8 5.42641E-8 4.92013E-8 3.61659E-9 2.61902E-9 1.8777E-9 8.04695E-11 1.69239E-12 7.75986E-12 4.00051E-12 1.66588E-12 3.14866E-13 1.11503E-13 3.08958E-14 6.46746E-15 2.44398E-15 1.03275E-14 3.90376E-13 2.49729E-14 6.45209E-15 5.79408E-15 8.86108E-15 5.72757E-15 1.56694E-14 2.07412E-14 2.93446E-14 5.05302E-14 1.6691E-13 1.7926E-13 2.80751E-13 2.1574E-13 1.29118E-13 3.1451E-14 3.3596E-15 3.20002E-16 2.71774E-16 1.93849E-16 3.50829E-16 1.65576E-14 1.18308E-14 5.94812E-15 1.81464E-15 4.8028E-17 8.06121E-16
1.0753E-5 5.68411E-6 3.61668E-6 6.66532E-6 4.99767E-6 2.11971E-6 6.93917E-7 3.09633E-7 7.61081E-8 4.73131E-9 3.67385E-8 2.45995E-7 1.47522E-7 4.52901E-8 9.30918E-9 8.44205E-10 1.09848E-10 5.85308E-11 1.86355E-10 1.02028E-9 8.21724E-9 2.55414E-8 4.0693E-8 5.09153E-8 5.00026E-8 3.25361E-8 2.30398E-9 3.46211E-10 3.11996E-11 1.08678E-12 4.36236E-13 3.13407E-13 1.4667E-13 5.9945E-14 2.78535E-14 7.83913E-15 6.15443E-15 4.79634E-15 1.09708E-13 1.6904E-14 1.5397E-14 7.84129E-15 3.224E-15 1.15734E-15 4.52861E-15 3.86481E-15 5.14968E-15 8.23262E-15 5.65783E-14 1.61483E-14 4.46202E-15 1.8265E-14 1.7241E-13 4.97572E-13 2.00411E-13 6.4008E-14 6.36005E-14 7.20459E-15 2.69497E-16 4.48024E-16 1.77122E-16 5.62146E-17 1.37496E-15 1.77476E-15 1.04965E-15
2.23472E-5 2.03645E-5 1.04536E-5 9.62988E-6 8.61259E-6 3.71723E-6 8.8273E-7 4.0045E-7 1.22378E-7 6.12973E-9 2.59736E-8 1.96414E-7 4.57083E-8 1.54741E-8 6.51321E-9 7.36858E-9 2.74413E-9 3.7519E-9 1.6573E-9 4.49296E-10 3.37398E-10 3.78835E-9 1.77221E-8 3.96022E-8 4.88546E-8 8.28291E-8 4.0723E-8 1.30023E-9 4.82824E-11 1.43458E-12 1.7961E-12 1.52359E-12 2.59113E-13 1.12087E-13 8.21784E-14 1.49669E-14 3.45325E-15 1.11046E-14 1.34361E-13 1.81517E-15 6.76022E-16 1.19597E-15 1.13161E-15 7.40097E-16 5.1579E-16 7.78444E-16 4.65862E-16 4.52546E-16 6.32088E-15 9.84198E-15 1.63657E-15 4.13897E-15 4.13206E-14 3.20263E-14 5.23721E-14 1.72181E-13 6.52915E-13 3.91029E-13 1.13948E-14 2.16268E-16 8.57722E-17 1.94356E-16 2.07344E-15 7.18973E-15 3.5266E-16
3.66389E-5 2.28483E-5 6.5482E-6 5.84171E-6 1.04373E-5 4.70722E-6 1.45371E-6 6.47846E-7 1.02325E-7 6.89592E-9 3.49681E-8 3.62881E-7 1.40328E-7 3.31554E-8 1.03684E-8 1.15626E-9 5.10401E-10 1.1148E-9 3.03346E-10 4.23234E-11 9.48678E-12 7.09513E-11 1.88972E-9 1.19569E-8 2.67078E-8 5.51908E-8 4.01214E-8 4.34704E-8 3.46859E-9 9.13061E-11 7.70389E-12 3.14645E-11 9.5795E-13 2.06046E-13 2.09836E-13 4.92709E-14 1.41692E-14 7.16398E-15 1.25782E-14 1.06559E-15 2.9322E-15 2.34351E-15 3.54714E-15 4.07229E-15 7.14667E-16 6.24256E-16 6.88744E-16 2.89909E-16 1.0761E-15 2.32678E-15 2.7469E-15 1.65298E-14 2.03405E-13 1.64816E-14 1.74728E-15 9.70256E-16 2.58624E-14 3.66395E-13 2.59169E-13 7.22228E-15 1.68139E-16 5.39754E-17 5.88329E-16 1.56448E-15 4.51286E-16
2.45588E-5 1.11776E-5 5.60606E-6 1.05997E-5 6.72889E-6 2.39627E-6 9.02997E-7 4.63249E-7 2.37154E-7 3.77226E-8 5.06393E-8 6.29625E-7 5.05595E-7 1.54645E-7 4.08629E-8 5.64028E-9 1.18128E-9 1.72754E-9 9.86894E-10 2.07638E-10 1.41186E-11 1.6495E-12 4.74447E-11 1.43604E-9 6.58703E-9 2.09776E-8 3.99141E-8 5.15891E-8 1.21374E-8 4.19763E-9 4.28648E-10 9.33449E-11 6.56641E-13 7.08896E-13 5.062E-13 6.22042E-14 3.85095E-14 1.19379E-14 6.4396E-15 4.00387E-15 3.28957E-15 7.83333E-16 2.55391E-15 1.5383E-15 4.72132E-16 6.1265E-16 5.24128E-15 2.02071E-15 1.97505E-15 5.23651E-15 6.64909E-15 9.26906E-14 2.15825E-13 1.90597E-14 4.84638E-15 5.08664E-16 7.20168E-16 1.10495E-14 2.00962E-13 4.39405E-14 4.74734E-16 4.83639E-17 1.07915E-16 2.5857E-16 2.88864E-16
1.44406E-5 1.0501E-5 1.12017E-5 1.04375E-5 4.51855E-6 1.59499E-6 7.60131E-7 1.09229E-6 1.24046E-6 3.34173E-7 1.03458E-7 5.542E-7 4.14323E-7 5.75216E-8 1.55865E-8 2.9547E-8 3.93964E-8 7.01054E-8 1.70416E-8 2.54765E-9 1.43623E-10 1.48704E-12 3.19804E-12 1.07443E-10 1.31613E-9 6.67496E-9 2.22051E-8 4.90096E-8 4.26045E-8 1.57602E-8 6.57919E-9 8.28057E-10 5.6915E-12 1.34637E-12 1.6122E-12 2.48459E-13 1.46317E-13 8.73219E-14 4.13197E-14 1.32879E-14 4.27719E-15 8.11789E-16 1.0296E-15 1.2496E-15 1.13421E-15 5.36236E-16 3.51283E-15 1.1987E-14 1.94732E-14 1.70594E-14 1.6926E-15 2.36037E-15 8.69082E-15 3.59178E-15 2.6393E-15 3.13876E-15 4.21878E-16 7.16016E-16 2.33655E-14 5.89986E-14 3.57613E-15 1.36709E-16 3.13512E-17 2.52899E-17 1.02838E-16
1.51731E-5 1.10913E-5 1.01139E-5 7.94113E-6 4.67716E-6 4.30799E-6 3.63604E-6 3.73391E-6 3.94554E-6 1.93366E-6 5.35503E-7 5.89159E-7 7.9867E-7 1.18028E-7 3.08178E-8 1.38741E-7 6.03428E-7 3.27202E-7 8.05743E-8 1.51387E-8 6.79187E-10 6.42714E-12 5.38917E-13 5.87685E-12 2.35984E-10 2.42998E-9 8.77338E-9 2.16023E-8 3.90388E-8 3.88342E-8 2.10637E-8 3.84678E-9 5.31182E-11 1.65993E-12 2.84349E-12 4.41332E-12 5.73107E-13 6.92496E-13 3.2714E-14 3.73729E-15 2.14346E-15 -9999 -9999 1.052E-15 6.24255E-15 2.24954E-15 1.36735E-15 2.21592E-15 9.93567E-15 1.65973E-14 8.67999E-16 3.44635E-16 2.06539E-15 2.12183E-15 5.14855E-16 5.62257E-16 8.45643E-17 1.69334E-16 5.60404E-15 8.97016E-15 6.78905E-15 1.64713E-15 7.28366E-17 1.64275E-17 1.36941E-17
1.13065E-5 1.10118E-5 9.82598E-6 7.25644E-6 5.91E-6 7.61656E-6 9.47722E-6 8.29521E-6 5.82379E-6 3.32383E-6 1.94931E-6 1.83169E-6 2.11154E-6 5.3252E-7 2.78123E-7 3.16942E-7 1.47175E-6 5.49899E-7 2.25192E-7 5.58102E-8 4.16631E-9 1.40506E-10 1.83046E-12 2.26774E-12 2.9645E-11 4.88981E-10 3.93856E-9 1.10998E-8 2.2798E-8 3.0216E-8 1.66053E-8 3.35674E-9 1.50419E-10 2.83508E-12 1.11356E-12 1.85335E-11 7.59297E-12 4.8092E-13 3.29612E-14 8.11052E-15 5.19925E-15 4.98161E-15 -9999 8.26305E-16 3.2507E-15 2.05802E-15 4.29633E-15 1.39386E-15 1.08809E-15 1.06038E-14 7.31907E-15 1.49707E-15 3.19044E-16 1.41774E-15 1.42746E-15 1.04846E-15 5.96055E-17 6.81607E-17 2.64973E-15 9.85758E-16 3.17128E-16 1.76212E-15 6.71508E-16 5.97361E-17 1.35451E-17
8.35312E-6 8.37546E-6 8.38677E-6 7.25872E-6 7.22183E-6 8.04466E-6 8.8111E-6 8.9094E-6 6.62943E-6 4.59293E-6 3.31104E-6 4.14281E-6 5.6486E-6 2.82387E-6 1.74886E-6 1.65723E-6 1.35572E-6 5.1635E-7 2.01681E-7 5.55971E-8 1.38944E-8 4.28657E-10 2.04439E-12 4.62057E-13 1.32455E-12 8.13753E-12 8.24189E-11 8.55209E-10 8.07912E-10 3.38762E-9 4.48185E-9 1.65782E-9 1.05936E-10 4.97031E-12 4.46087E-12 4.63669E-12 2.02394E-11 2.48374E-12 3.39169E-13 4.80552E-14 1.27025E-14 5.39606E-15 5.51945E-15 -9999 8.24036E-16 6.00717E-16 2.88082E-15 6.93807E-15 7.10229E-15 2.52363E-14 1.38933E-14 9.91054E-16 2.0986E-16 5.45065E-16 6.0453E-16 1.73805E-15 5.39112E-16 2.81579E-17 2.16573E-16 2.86703E-16 1.16675E-16 3.16202E-16 1.55034E-15 3.22766E-16 2.10783E-17
8.84681E-6 7.5237E-6 6.10553E-6 7.11033E-6 9.40687E-6 1.01243E-5 9.4507E-6 7.47191E-6 6.60726E-6 5.85536E-6 4.67182E-6 5.3329E-6 9.60817E-6 4.22762E-6 3.49262E-6 3.28458E-6 1.52707E-6 4.14258E-7 1.45841E-7 1.05902E-7 9.74662E-8 5.83479E-9 3.44006E-11 1.95965E-12 2.58893E-11 6.30931E-12 6.16891E-12 1.31151E-11 1.55798E-11 4.68038E-10 1.54133E-9 1.85525E-10 4.3303E-11 1.75385E-11 2.62433E-10 3.22412E-10 2.12752E-10 6.55011E-11 1.08412E-12 2.46289E-14 -9999 5.52427E-15 4.21138E-14 2.30938E-14 3.03615E-15 4.35244E-16 3.65797E-16 1.46513E-15 2.85403E-14 1.78595E-14 8.97248E-16 4.93882E-16 1.00451E-15 2.19106E-16 1.51352E-16 5.22592E-16 1.13235E-15 4.65412E-17 5.08971E-17 1.87585E-16 1.36103E-16 1.46265E-16 6.57466E-16 8.59604E-16 7.53186E-17
7.84964E-6 7.51444E-6 1.01668E-5 1.24237E-5 1.3387E-5 1.21471E-5 9.56579E-6 8.19654E-6 7.74548E-6 7.9245E-6 8.39467E-6 9.90109E-6 1.02789E-5 8.67674E-6 5.98747E-6 2.77618E-6 2.13357E-6 1.1162E-6 3.93901E-7 3.72717E-7 5.67435E-7 1.12191E-7 6.44032E-9 2.54786E-9 1.09789E-8 1.00075E-8 4.15247E-9 7.96318E-11 8.02E-12 1.20645E-9 3.2458E-9 9.27716E-11 7.65414E-12 9.86832E-12 4.00797E-10 6.79084E-9 2.06853E-9 6.51494E-10 4.63116E-11 2.44476E-12 3.18324E-13 3.22764E-13 5.13384E-13 5.92728E-14 1.25605E-14 1.16614E-15 4.94797E-16 3.05122E-16 9.87746E-16 7.24975E-15 7.05887E-16 1.92418E-16 1.06764E-15 1.36734E-15 4.22702E-16 8.00967E-16 2.44629E-16 4.52701E-16 3.43904E-16 3.84294E-16 3.25635E-16 5.23747E-16 1.29707E-16 1.54481E-16 7.30957E-16
8.1469E-6 1.01118E-5 1.50229E-5 1.48822E-5 1.33706E-5 1.13178E-5 8.82556E-6 7.01639E-6 8.1538E-6 9.48862E-6 1.0363E-5 1.07086E-5 1.47653E-5 2.33108E-5 8.48783E-6 2.27313E-6 1.59029E-6 1.2918E-6 7.79569E-7 1.04101E-6 1.26254E-6 5.33099E-7 2.06427E-7 4.03365E-8 1.44378E-8 5.30297E-8 7.70514E-8 1.3479E-9 4.60062E-9 2.39435E-8 2.75313E-8 7.44983E-10 1.29486E-10 8.42739E-11 2.85155E-11 3.1367E-10 2.82721E-9 8.59272E-11 1.28272E-11 1.04654E-11 6.60818E-11 1.06663E-11 2.23604E-14 4.92329E-15 6.46125E-15 4.56209E-15 8.88821E-16 3.06194E-16 3.23726E-16 1.81168E-15 3.92438E-15 5.466E-16 1.75763E-15 2.1984E-15 1.54664E-15 1.64909E-15 1.03519E-15 9.77847E-16 9.1376E-16 1.05992E-16 3.98939E-16 1.51763E-15 2.96335E-16 2.13377E-17 3.19781E-17
1.19986E-5 1.59096E-5 1.51257E-5 1.27747E-5 9.48931E-6 8.69062E-6 7.20136E-6 6.87404E-6 8.66049E-6 1.03723E-5 1.11085E-5 1.19437E-5 1.61981E-5 2.55529E-5 2.00646E-5 5.69012E-6 2.89612E-6 2.01647E-6 2.07671E-6 2.18184E-6 2.3637E-6 1.85816E-6 1.0551E-6 2.51821E-7 3.15407E-7 1.1137E-6 1.27641E-7 9.55881E-9 7.15069E-8 3.61869E-7 7.95662E-8 5.60504E-8 2.43054E-9 1.47432E-9 1.27534E-9 1.44465E-9 5.34942E-9 7.48537E-10 1.16047E-11 1.11163E-13 2.3666E-13 3.33179E-11 1.26709E-13 4.37519E-14 6.70279E-15 2.68003E-15 3.26947E-15 5.5909E-16 -9999 3.47711E-16 4.27071E-16 2.60306E-15 8.02905E-16 5.5717E-16 7.37649E-16 2.68904E-15 2.81831E-16 1.37078E-15 8.95692E-16 3.14448E-16 6.89822E-17 1.25192E-16 5.51495E-17 2.43025E-17 2.32253E-16
1.28428E-5 1.26067E-5 1.27329E-5 1.01063E-5 8.62274E-6 7.5404E-6 7.09833E-6 6.95498E-6 7.92384E-6 8.26616E-6 1.11082E-5 1.2098E-5 2.13392E-5 2.16733E-5 1.87632E-5 1.52389E-5 5.12645E-6 2.65428E-6 2.70059E-6 4.02815E-6 5.51455E-6 4.13189E-6 2.92072E-6 1.97354E-6 7.88892E-7 2.4488E-6 1.14635E-6 3.48188E-7 2.93683E-7 7.75619E-8 5.65493E-9 3.64755E-8 7.85934E-8 7.54205E-8 6.27926E-8 4.90584E-8 2.17512E-8 1.3823E-8 1.04702E-9 2.32717E-11 2.80292E-13 1.77303E-13 2.75903E-12 3.63925E-12 1.24112E-13 8.19054E-15 3.2668E-15 -9999 -9999 -9999 7.00612E-17 1.40969E-16 1.6665E-15 2.27709E-16 1.86753E-16 1.52994E-15 9.73542E-16 1.72698E-16 2.16976E-16 6.3215E-16 7.6256E-17 1.53743E-17 1.90372E-17 1.64621E-17 1.27887E-16
1.00952E-5 8.69951E-6 8.66458E-6 7.74387E-6 6.90476E-6 7.01554E-6 7.78699E-6 6.9925E-6 7.92904E-6 1.14406E-5 1.60929E-5 2.01153E-5 2.54679E-5 2.90924E-5 3.38404E-5 2.34565E-5 1.29137E-5 5.37714E-6 3.98177E-6 3.43273E-6 4.55594E-6 4.92152E-6 3.36355E-6 3.43595E-6 5.47343E-6 1.03293E-5 3.34641E-6 8.43611E-8 3.49249E-8 8.67838E-8 3.11325E-8 3.2448E-8 4.94321E-9 1.06638E-9 1.94292E-9 8.14971E-9 9.12935E-10 1.00948E-9 9.68267E-10 4.2092E-11 1.55198E-12 1.20182E-13 1.61855E-13 6.48028E-13 8.23097E-13 3.76661E-14 2.43677E-14 2.5746E-15 1.53239E-15 4.51684E-16 3.08634E-16 4.3213E-16 9.90272E-16 1.26102E-16 2.07385E-16 1.47612E-16 1.08125E-15 5.77632E-16 1.12259E-16 2.63923E-16 1.05115E-16 4.64655E-17 1.55252E-17 1.45723E-17 2.37644E-16
8.74728E-6 6.63481E-6 6.0996E-6 6.56846E-6 6.44708E-6 7.57692E-6 8.42835E-6 8.20425E-6 1.20166E-5 1.63418E-5 1.91342E-5 2.23723E-5 2.59946E-5 3.2021E-5 3.07564E-5 2.47708E-5 2.00741E-5 1.60065E-5 1.11684E-5 8.2184E-6 7.46922E-6 8.48221E-6 8.06403E-6 7.02314E-6 7.21727E-6 9.36516E-6 5.43465E-6 2.10479E-6 1.26781E-6 1.05637E-6 1.74093E-7 1.81524E-8 5.53797E-9 1.59595E-10 3.75853E-11 3.08005E-10 2.5829E-10 1.22811E-10 1.47473E-10 2.30783E-11 4.75655E-11 1.56295E-11 4.84724E-13 1.90897E-13 5.63925E-12 1.2912E-13 9.74477E-15 1.42564E-15 3.93622E-15 2.10997E-15 2.77233E-16 1.05236E-16 2.17004E-16 1.20433E-16 3.34489E-16 5.25502E-16 1.05176E-15 9.05931E-16 2.1584E-16 1.24075E-16 6.48684E-17 1.17138E-16 5.98163E-17 3.22985E-17 7.43029E-16
5.58197E-6 4.41984E-6 4.56694E-6 4.75825E-6 5.21838E-6 6.09096E-6 5.66228E-6 6.71992E-6 1.20403E-5 1.39155E-5 1.46097E-5 2.37326E-5 3.30545E-5 3.34135E-5 2.39995E-5 2.23755E-5 2.65412E-5 2.19197E-5 1.87855E-5 1.67028E-5 1.82448E-5 2.06461E-5 2.15861E-5 2.02502E-5 2.22638E-5 1.85032E-5 8.90304E-6 6.46388E-6 3.65303E-6 3.41179E-6 1.37343E-6 1.95705E-7 1.63884E-8 2.22906E-9 1.09262E-10 9.13728E-12 3.99171E-11 8.72334E-11 5.17367E-11 2.30396E-10 7.77458E-9 1.24049E-9 4.63735E-12 1.04704E-13 8.90069E-13 9.00798E-15 5.81072E-15 8.85023E-15 1.17142E-14 1.34742E-15 5.75601E-16 4.77063E-16 2.82292E-16 3.09873E-16 1.56781E-16 2.29256E-16 6.3674E-16 3.09174E-16 3.63414E-16 1.13408E-16 8.56038E-17 1.04859E-16 1.43814E-16 6.56024E-17 3.65719E-16
2.97193E-6 2.23387E-6 2.59419E-6 2.63989E-6 3.02537E-6 3.37793E-6 3.67679E-6 5.33077E-6 1.27898E-5 1.82671E-5 2.16161E-5 3.16155E-5 3.14125E-5 2.35734E-5 2.50485E-5 3.66113E-5 3.23681E-5 2.92871E-5 3.11664E-5 3.22867E-5 4.23186E-5 3.24999E-5 4.50938E-5 5.94938E-5 5.42609E-5 3.97892E-5 1.45782E-5 9.9185E-6 7.12399E-6 3.80631E-6 1.5697E-6 5.00748E-7 8.77947E-8 2.59765E-8 3.62099E-9 3.01733E-10 9.35866E-10 1.24974E-9 1.69224E-9 5.53986E-9 3.20661E-8 1.0295E-9 2.43726E-11 2.15802E-13 1.7557E-13 2.85289E-14 1.39538E-13 3.97744E-14 3.19633E-15 1.14948E-15 5.23383E-16 2.1525E-15 1.93668E-15 1.90906E-15 1.81211E-16 2.63544E-16 6.9903E-17 1.38844E-16 1.98253E-16 1.81176E-16 1.07302E-16 1.28376E-16 1.04473E-16 1.46291E-16 2.7114E-16
1.86523E-6 2.43819E-6 4.2893E-6 5.77778E-6 5.66074E-6 6.55249E-6 1.26184E-5 2.08513E-5 2.44658E-5 2.50119E-5 2.55044E-5 3.88024E-5 3.17211E-5 6.17505E-5 5.14422E-5 3.66526E-5 3.43109E-5 3.32979E-5 6.01339E-5 5.82163E-5 4.42892E-5 3.65284E-5 6.28274E-5 6.68952E-5 5.45699E-5 5.03671E-5 2.50744E-5 9.31359E-6 7.81334E-6 6.07292E-6 3.29251E-6 9.16128E-7 4.4499E-7 4.64089E-7 1.43298E-7 3.60026E-8 2.43407E-8 4.07533E-8 3.36787E-8 1.86154E-7 4.23626E-8 1.31691E-9 9.2549E-11 3.4064E-13 7.52374E-14 3.43467E-14 1.11615E-13 1.35253E-13 4.74437E-14 1.14411E-14 1.967E-15 4.05187E-15 2.17183E-14 2.22513E-15 1.31211E-16 3.45706E-16 1.0822E-16 5.70791E-17 8.00077E-17 7.634E-17 1.09417E-16 4.16492E-17 3.79994E-17 4.68294E-17 8.98648E-17
7.23621E-6 1.1241E-5 1.7843E-5 2.41368E-5 2.34208E-5 2.76226E-5 3.20804E-5 3.89487E-5 4.44321E-5 5.30976E-5 4.90511E-5 4.61837E-5 4.05855E-5 7.22611E-5 7.2525E-5 6.80205E-5 6.07314E-5 3.88425E-5 6.95356E-5 4.63235E-5 5.74748E-5 6.49085E-5 6.85612E-5 6.35441E-5 6.11956E-5 5.68927E-5 4.64703E-5 2.20935E-5 1.40532E-5 1.22552E-5 7.65265E-6 5.04718E-6 3.9028E-6 3.10274E-6 1.633E-6 7.00206E-7 4.1888E-7 6.97557E-7 1.83552E-7 6.25899E-8 8.78561E-8 5.0438E-9 8.84073E-11 1.91239E-12 7.55359E-13 8.57855E-14 1.00697E-14 1.23618E-14 2.49154E-14 7.15888E-14 7.83638E-14 1.96334E-14 7.28699E-15 2.77797E-15 1.13345E-16 3.81717E-16 3.87002E-16 9.05836E-17 9.89641E-17 5.27498E-17 4.68205E-17 4.35231E-17 4.91023E-17 3.86995E-17 4.36954E-17
2.69678E-5 2.776E-5 2.96527E-5 3.30997E-5 4.49564E-5 7.06424E-5 6.46483E-5 7.81568E-5 7.13603E-5 5.29422E-5 6.89303E-5 6.20564E-5 5.87741E-5 7.0985E-5 7.19444E-5 6.85944E-5 6.17474E-5 5.62214E-5 5.43341E-5 7.111E-5 6.57171E-5 6.69221E-5 3.25991E-5 5.39557E-5 4.51403E-5 5.77674E-5 5.39564E-5 3.77185E-5 1.99247E-5 1.90374E-5 1.77548E-5 1.13492E-5 8.26027E-6 5.05987E-6 3.1847E-6 3.87034E-6 4.82376E-6 3.35468E-6 2.36544E-7 1.19595E-8 1.01872E-8 4.53998E-9 1.14476E-9 2.55464E-10 1.00069E-10 3.19927E-12 4.09976E-13 3.11776E-14 3.58887E-15 2.29844E-14 4.50338E-13 2.51111E-13 9.12903E-15 3.47603E-15 3.21106E-16 2.27635E-16 1.02474E-15 9.14488E-16 8.00638E-16 2.68472E-16 2.57256E-16 1.00484E-16 6.09218E-17 3.31688E-17 1.52478E-17
4.14966E-5 4.64443E-5 4.41883E-5 4.63482E-5 5.58593E-5 7.43225E-5 7.30927E-5 7.73389E-5 7.96557E-5 7.40082E-5 6.65339E-5 7.13003E-5 7.49885E-5 5.89867E-5 6.17487E-5 4.27258E-5 5.36168E-5 6.03299E-5 7.6625E-5 7.11137E-5 6.52563E-5 6.6133E-5 6.72989E-5 5.9823E-5 6.70767E-5 6.25702E-5 4.59704E-5 4.22896E-5 3.19138E-5 2.35474E-5 2.52159E-5 3.98958E-5 3.07314E-5 1.59006E-5 9.31669E-6 8.5676E-6 7.28472E-6 5.19135E-6 1.1658E-6 7.51101E-8 2.34975E-9 3.3684E-10 5.47751E-11 7.12374E-11 1.46512E-10 8.28678E-12 2.86202E-13 8.58327E-14 3.12318E-14 7.39787E-14 4.90318E-14 2.09959E-13 9.19666E-14 4.19413E-14 1.21535E-15 1.93482E-16 3.68469E-16 2.59096E-15 3.09235E-16 2.94882E-16 1.59727E-15 1.14629E-15 1.3662E-16 3.46845E-17 3.05723E-17
7.37118E-5 6.15997E-5 6.36224E-5 6.68792E-5 5.61005E-5 5.25662E-5 6.68869E-5 7.65485E-5 7.64451E-5 7.75389E-5 7.88013E-5 6.85588E-5 4.64081E-5 4.39558E-5 5.21516E-5 6.89269E-5 8.4548E-5 8.2537E-5 7.28772E-5 6.8997E-5 4.84556E-5 6.9768E-5 7.23632E-5 6.45599E-5 5.07445E-5 5.32841E-5 5.21209E-5 5.5187E-5 4.43107E-5 5.31785E-5 4.69793E-5 4.57663E-5 5.20121E-5 3.91038E-5 3.59948E-5 2.05842E-5 9.4773E-6 6.83617E-6 3.65392E-6 8.94524E-7 6.7892E-8 3.42176E-9 1.07497E-10 2.52374E-12 3.45819E-12 9.52292E-12 1.69006E-12 4.59388E-13 1.59166E-13 4.68164E-14 5.4849E-15 1.64174E-13 3.15543E-12 1.22825E-13 1.08674E-14 3.2909E-15 1.31751E-15 1.0801E-15 7.17885E-17 2.15196E-16 1.68024E-15 9.25138E-15 1.76523E-15 9.16727E-17 1.75019E-16
7.15643E-5 5.85258E-5 6.92353E-5 5.91697E-5 5.35401E-5 7.14795E-5 8.29483E-5 6.48269E-5 6.93786E-5 6.90854E-5 5.14244E-5 5.08382E-5 5.95453E-5 5.55398E-5 5.76424E-5 8.49418E-5 8.20075E-5 7.65291E-5 4.66178E-5 5.43957E-5 6.99853E-5 7.18909E-5 7.40439E-5 7.31109E-5 5.4889E-5 5.86578E-5 5.87908E-5 5.47333E-5 6.03494E-5 5.52334E-5 5.70825E-5 5.24993E-5 4.47357E-5 5.50596E-5 4.45344E-5 1.62972E-5 1.05327E-5 7.27183E-6 5.8783E-6 4.16122E-6 1.83036E-6 6.62739E-7 7.22484E-8 1.50247E-9 2.41714E-11 3.70412E-12 1.84739E-12 3.2735E-13 6.4274E-14 3.92572E-14 1.58788E-14 9.48066E-13 1.22662E-10 2.9462E-13 3.33924E-15 2.05324E-15 5.1697E-16 4.95094E-16 -9999 5.05417E-17 2.73345E-16 6.09891E-15 8.79464E-15 7.91676E-16 1.0935E-15
6.20965E-5 5.41529E-5 6.22534E-5 4.93485E-5 7.11618E-5 8.27385E-5 6.92522E-5 4.98171E-5 5.0616E-5 5.36624E-5 7.8187E-5 8.01975E-5 6.52394E-5 5.74054E-5 8.14703E-5 8.53599E-5 8.14577E-5 7.3034E-5 4.48576E-5 6.14306E-5 8.11987E-5 7.88958E-5 7.68766E-5 6.99601E-5 6.64748E-5 7.17597E-5 6.44082E-5 6.75051E-5 6.1554E-5 4.68785E-5 4.22571E-5 4.99682E-5 5.77354E-5 5.3917E-5 3.88294E-5 2.88645E-5 1.30032E-5 6.91541E-6 9.92781E-6 9.02086E-6 4.51209E-6 3.16359E-6 2.25351E-6 4.20109E-7 5.24616E-8 6.3189E-9 6.13468E-10 2.49902E-11 4.52394E-12 7.10715E-13 2.3006E-12 3.56135E-10 3.32324E-10 4.676E-13 2.73629E-14 9.80928E-15 1.03904E-15 3.30076E-16 -9999 3.60186E-17 1.68971E-16 7.49145E-16 4.89084E-15 1.91291E-14 1.73638E-15
6.31635E-5 4.09878E-5 3.18482E-5 4.02605E-5 4.87779E-5 4.61195E-5 5.12784E-5 4.13076E-5 5.76274E-5 7.27325E-5 7.76659E-5 7.89333E-5 7.79817E-5 6.77219E-5 8.14651E-5 8.39641E-5 8.32974E-5 8.24237E-5 7.80479E-5 8.10918E-5 8.0354E-5 7.17995E-5 6.72809E-5 6.34632E-5 6.3094E-5 5.14375E-5 4.86624E-5 5.05749E-5 4.30672E-5 5.1877E-5 5.96335E-5 5.83403E-5 5.34769E-5 5.84857E-5 4.8129E-5 5.37561E-5 3.35192E-5 1.17418E-5 1.04428E-5 1.51485E-5 7.03543E-6 4.52044E-6 3.00298E-6 1.35127E-6 8.55789E-7 6.88273E-7 2.4873E-7 1.08272E-8 6.10894E-10 5.81721E-11 2.53629E-11 1.90239E-9 1.31317E-10 6.53195E-11 8.71998E-12 1.2729E-12 6.54657E-15 4.78727E-16 3.07309E-16 1.81689E-16 1.82539E-15 5.82061E-15 1.28759E-14 1.98842E-14 2.62369E-14
6.5219E-5 3.83544E-5 2.85734E-5 3.78152E-5 5.39296E-5 3.62868E-5 6.02949E-5 4.19966E-5 6.0649E-5 6.90149E-5 6.84774E-5 7.21461E-5 7.31064E-5 7.75718E-5 7.73361E-5 8.29293E-5 8.06731E-5 8.19515E-5 7.97813E-5 6.63961E-5 8.07465E-5 6.95185E-5 6.18139E-5 3.49708E-5 4.70625E-5 4.46295E-5 6.04166E-5 6.27873E-5 6.185E-5 6.03308E-5 5.95074E-5 5.84614E-5 5.5236E-5 5.7873E-5 5.58431E-5 5.20345E-5 3.49868E-5 1.88888E-5 1.33634E-5 1.3437E-5 1.43934E-5 6.44753E-6 2.32479E-6 1.70503E-6 2.27062E-6 1.62571E-6 9.53304E-7 6.20051E-7 7.48614E-8 2.69689E-9 1.37942E-9 1.00401E-8 7.06535E-9 1.32805E-10 4.87641E-12 1.41915E-12 8.77505E-14 1.72718E-14 1.19974E-15 1.6664E-16 2.79699E-16 1.76628E-15 3.63765E-15 5.62391E-16 2.70983E-16
