catData/rasterBestHybridModels/Pviverrinus/RD_RM1.5_L/Pviverrinus_median.asc
ncols         409
nrows         350
xllcorner     60.897278365
yllcorner     5.843756025
cellsize      0.0892857
NODATA_value  -9999
[rows 58 to 86 of 350, columns 132 to 197 of 409]
4.21401E-5 5.52755E-5 6.0444E-5 5.20634E-5 5.38643E-5 5.982E-5 5.75924E-5 4.98091E-5 6.22545E-5 6.39017E-5 7.57829E-5 8.82778E-5 7.85512E-5 9.20124E-5 9.00434E-5 8.64246E-5 8.05336E-5 8.01298E-5 7.22272E-5 6.40622E-5 5.17084E-5 5.61084E-5 7.2398E-5 7.21663E-5 7.02732E-5 7.02584E-5 7.16311E-5 7.07167E-5 6.67453E-5 6.96689E-5 6.98048E-5 7.26437E-5 6.21089E-5 6.17582E-5 2.46429E-5 1.06052E-5 1.12218E-5 5.11334E-6 5.90925E-6 1.36063E-5 9.13289E-6 4.09825E-6 6.66675E-6 7.99809E-6 6.25497E-6 2.38603E-6 7.63843E-7 2.10718E-7 2.03794E-8 6.81629E-8 5.58172E-8 4.15381E-9 1.0044E-10 1.41526E-12 1.43529E-13 4.12293E-14 4.16566E-14 2.50334E-14 1.16257E-14 3.57793E-14 3.16622E-14 1.2406E-14 4.99635E-14 1.14882E-13 2.18569E-14 5.21065E-13
4.98621E-5 5.14667E-5 5.65652E-5 4.91803E-5 6.82215E-5 6.53441E-5 5.58576E-5 4.98524E-5 5.88848E-5 7.76908E-5 7.7514E-5 8.33655E-5 7.62687E-5 7.63733E-5 7.51741E-5 8.07597E-5 7.80763E-5 6.95687E-5 4.78358E-5 5.36232E-5 5.53862E-5 7.29996E-5 7.29199E-5 7.07574E-5 7.05436E-5 8.67137E-5 8.52282E-5 7.29084E-5 6.51555E-5 7.02398E-5 7.08746E-5 7.07119E-5 6.53485E-5 5.55095E-5 3.72385E-5 1.81457E-5 1.082E-5 7.29698E-6 3.81116E-6 5.38693E-6 1.15172E-5 8.72481E-6 6.1356E-6 3.31419E-6 2.01698E-6 1.42095E-6 8.88323E-7 7.26672E-7 1.66143E-7 2.21123E-8 7.21223E-8 2.72594E-8 4.81083E-9 1.84556E-10 9.93859E-12 9.21517E-13 6.23171E-14 4.29283E-14 3.74432E-14 4.07664E-14 2.33013E-14 5.32756E-14 2.50661E-14 1.1012E-13 2.44567E-12 1.46208E-12
4.94872E-5 4.99081E-5 4.91975E-5 5.22294E-5 7.49692E-5 6.21073E-5 6.30776E-5 5.88964E-5 5.57368E-5 8.20354E-5 7.87545E-5 8.53857E-5 8.38374E-5 8.1636E-5 6.62306E-5 7.18197E-5 6.50505E-5 5.69662E-5 5.52048E-5 7.90383E-5 8.76859E-5 7.3807E-5 7.21882E-5 6.33722E-5 5.54635E-5 7.59281E-5 8.76032E-5 8.52396E-5 6.92048E-5 6.93274E-5 7.05909E-5 5.74637E-5 7.57274E-5 6.79986E-5 5.79537E-5 3.4527E-5 1.49687E-5 1.17083E-5 1.00331E-5 6.29318E-6 5.68686E-6 8.06548E-6 4.97232E-6 2.45302E-6 1.55611E-6 9.45334E-7 4.32681E-7 7.68067E-7 4.70303E-7 1.06327E-7 4.84636E-8 2.54128E-8 1.89698E-9 1.72269E-10 5.13069E-12 3.57297E-13 3.90073E-13 8.49706E-13 8.4381E-13 8.62522E-13 1.09551E-13 4.77293E-14 4.33217E-13 1.0158E-12 1.05075E-11 1.00084E-11
4.63376E-5 5.00256E-5 5.26812E-5 6.28851E-5 8.02087E-5 5.7885E-5 6.89668E-5 4.78254E-5 5.36351E-5 6.19224E-5 6.65899E-5 7.6477E-5 7.47758E-5 6.89512E-5 8.16043E-5 7.27225E-5 6.29841E-5 5.4741E-5 8.37031E-5 6.15051E-5 1.00283E-4 7.69697E-5 7.34925E-5 6.08512E-5 6.32404E-5 7.29343E-5 8.60809E-5 7.53803E-5 6.86757E-5 6.77938E-5 6.00183E-5 7.27799E-5 7.47058E-5 7.28659E-5 6.41635E-5 5.14863E-5 2.33722E-5 1.27408E-5 1.45375E-5 1.19156E-5 6.46113E-6 5.6284E-6 4.07761E-6 2.72483E-6 2.55675E-6 1.28909E-6 7.90343E-7 1.38934E-6 3.43493E-7 5.33737E-8 4.18316E-9 4.64866E-9 4.67057E-9 1.18408E-9 6.59601E-11 8.64966E-12 7.67122E-11 5.16556E-10 4.29237E-10 7.38645E-11 5.89356E-12 6.50037E-13 1.10419E-11 2.24046E-11 3.54766E-11 4.42783E-13
5.59548E-5 5.3048E-5 7.0841E-5 8.36267E-5 5.4117E-5 6.35672E-5 4.97824E-5 4.86128E-5 4.82831E-5 4.90112E-5 7.12236E-5 6.73985E-5 6.42701E-5 6.6493E-5 6.73833E-5 7.1342E-5 5.27979E-5 7.89992E-5 8.1691E-5 9.30082E-5 1.21358E-4 9.83979E-5 7.38794E-5 7.24474E-5 7.1054E-5 6.99753E-5 6.99602E-5 6.96415E-5 6.69197E-5 5.56382E-5 7.30165E-5 6.72702E-5 7.75937E-5 7.73925E-5 6.53127E-5 4.63156E-5 3.49149E-5 2.14426E-5 1.36277E-5 1.85861E-5 1.27892E-5 7.68789E-6 4.4574E-6 3.20439E-6 3.78084E-6 2.19258E-6 1.15415E-6 8.00897E-7 6.98805E-8 6.84493E-9 3.29807E-9 1.80058E-9 2.96177E-9 8.72281E-10 6.46346E-9 2.57258E-9 1.15126E-8 3.72588E-9 2.31691E-10 1.39822E-10 9.93783E-11 4.06983E-11 4.61873E-11 1.05608E-12 6.49227E-13 1.12163E-13
5.54539E-5 6.21727E-5 7.96976E-5 4.80417E-5 4.09856E-5 4.58182E-5 4.5673E-5 5.65237E-5 7.79049E-5 6.10841E-5 7.14196E-5 6.333E-5 5.50599E-5 4.81927E-5 6.50001E-5 5.43521E-5 7.17943E-5 9.03674E-5 8.91535E-5 9.36182E-5 1.17465E-4 1.03926E-4 7.31891E-5 7.17314E-5 7.05158E-5 6.67915E-5 6.75292E-5 6.59513E-5 6.00748E-5 7.16068E-5 5.86735E-5 5.28284E-5 7.34328E-5 6.67002E-5 5.31383E-5 5.86799E-5 4.67318E-5 3.45E-5 1.59984E-5 1.47487E-5 2.00057E-5 1.21079E-5 9.20528E-6 6.37641E-6 5.90846E-6 4.17228E-6 2.07396E-6 3.71229E-7 2.81215E-8 8.21458E-9 8.64962E-9 1.54842E-8 7.16919E-8 2.58335E-8 1.25268E-7 8.9049E-8 1.46589E-8 5.11794E-10 5.05931E-12 1.09234E-12 1.73165E-12 6.81318E-12 4.53293E-12 2.9612E-13 3.26949E-14 8.23495E-14
5.21413E-5 6.12653E-5 5.12781E-5 5.88518E-5 5.44667E-5 5.42266E-5 5.61383E-5 7.08201E-5 6.36555E-5 6.63436E-5 7.93664E-5 6.65507E-5 6.82117E-5 6.20716E-5 6.65137E-5 9.3543E-5 8.27899E-5 7.65871E-5 8.21117E-5 8.8912E-5 7.95089E-5 7.35263E-5 7.05561E-5 7.08638E-5 6.8863E-5 6.86427E-5 6.69027E-5 5.53084E-5 7.1537E-5 6.31432E-5 4.11366E-5 4.82838E-5 3.95249E-5 6.41153E-5 7.17958E-5 6.38593E-5 5.274E-5 3.86742E-5 2.46957E-5 1.1611E-5 2.21949E-5 2.97753E-5 1.35481E-5 8.93134E-6 7.57024E-6 6.00451E-6 2.48688E-6 4.45314E-7 1.4353E-7 8.35796E-8 1.11024E-7 1.19389E-7 1.385E-7 4.82267E-8 6.35872E-8 3.17359E-8 5.20739E-9 5.19385E-10 5.18955E-11 7.39973E-12 3.3507E-12 1.41264E-12 4.72818E-13 2.58227E-13 1.04774E-13 2.85955E-14
5.89233E-5 4.7437E-5 5.45398E-5 6.97329E-5 6.44574E-5 5.15223E-5 6.4495E-5 7.33153E-5 7.43327E-5 7.66142E-5 7.2958E-5 6.33345E-5 6.62021E-5 6.32339E-5 7.29183E-5 6.89465E-5 5.95157E-5 6.46653E-5 5.51981E-5 7.25289E-5 7.6382E-5 7.09401E-5 6.77035E-5 6.87798E-5 6.63645E-5 6.89887E-5 6.72118E-5 7.02069E-5 6.86907E-5 4.95897E-5 5.1089E-5 5.05883E-5 4.73687E-5 6.83366E-5 6.57013E-5 7.264E-5 6.92497E-5 6.08175E-5 5.11598E-5 2.03917E-5 1.66086E-5 3.11139E-5 3.67414E-5 1.54858E-5 7.32718E-6 3.86353E-6 1.11873E-6 3.29771E-7 4.04067E-7 3.14343E-7 2.14301E-7 7.12849E-8 1.87031E-8 6.01788E-9 4.95569E-9 4.62512E-9 6.84847E-9 2.6489E-9 6.54043E-10 1.10871E-10 8.626E-11 1.36287E-11 8.15147E-13 9.83096E-14 5.60167E-14 1.74758E-14
3.75615E-5 5.05827E-5 7.07021E-5 7.15795E-5 5.82804E-5 5.33565E-5 7.12854E-5 7.12761E-5 6.64177E-5 6.51784E-5 5.45269E-5 5.23685E-5 6.95408E-5 6.65735E-5 7.35641E-5 6.4954E-5 7.04878E-5 6.59328E-5 6.8217E-5 6.83693E-5 7.13045E-5 6.58507E-5 6.9645E-5 6.4493E-5 6.17781E-5 5.07697E-5 5.90493E-5 6.98904E-5 6.788E-5 5.0834E-5 5.86008E-5 5.62765E-5 6.83065E-5 7.01471E-5 7.12092E-5 7.08257E-5 6.92344E-5 6.83484E-5 6.72328E-5 5.78711E-5 2.92885E-5 2.1664E-5 4.70433E-5 4.54785E-5 1.37187E-5 4.02857E-6 1.50552E-6 7.04179E-7 4.22682E-7 1.56994E-7 5.53133E-8 1.86455E-8 1.20196E-8 9.1846E-9 6.00782E-9 3.73196E-9 1.70108E-8 5.16612E-9 5.134E-10 2.95978E-10 7.66035E-10 3.2209E-10 4.04817E-11 2.49203E-12 2.69307E-13 1.88318E-14
6.04605E-5 6.79885E-5 5.34229E-5 6.69001E-5 7.06824E-5 7.35801E-5 7.58613E-5 5.28761E-5 5.18817E-5 6.26658E-5 7.42897E-5 6.85864E-5 7.59803E-5 6.24182E-5 7.11427E-5 5.87382E-5 5.36461E-5 4.54891E-5 4.70279E-5 4.38681E-5 4.4857E-5 5.23187E-5 5.42016E-5 7.11161E-5 7.00414E-5 7.12536E-5 6.77364E-5 6.11036E-5 6.01601E-5 6.07124E-5 6.6073E-5 6.8057E-5 7.00583E-5 7.04822E-5 7.01384E-5 7.13623E-5 7.15279E-5 7.08076E-5 6.96117E-5 6.68687E-5 4.99547E-5 2.65646E-5 2.65433E-5 4.60329E-5 2.58629E-5 8.47379E-6 2.47926E-6 1.38295E-6 6.12947E-7 1.08827E-7 3.61478E-8 1.74499E-8 4.70635E-8 1.21687E-8 4.25945E-9 1.67148E-9 3.31755E-9 6.73222E-9 2.58809E-9 5.07228E-9 9.31391E-9 1.30116E-9 8.52627E-11 3.61475E-12 4.94169E-13 2.35442E-14
5.82438E-5 6.6187E-5 6.50158E-5 7.43223E-5 7.62842E-5 7.81272E-5 5.42049E-5 6.11895E-5 6.78645E-5 7.55633E-5 6.37389E-5 6.72277E-5 6.27339E-5 6.64734E-5 4.72973E-5 5.58093E-5 7.55472E-5 6.11673E-5 4.88138E-5 4.67956E-5 5.35587E-5 5.92957E-5 7.21797E-5 7.17626E-5 6.52571E-5 6.39622E-5 6.51309E-5 6.99481E-5 6.95753E-5 6.48162E-5 6.13828E-5 6.49856E-5 6.19463E-5 6.02817E-5 5.73797E-5 6.77124E-5 6.63403E-5 6.7379E-5 6.63038E-5 6.35546E-5 6.20751E-5 5.89162E-5 4.47358E-5 4.01774E-5 2.42467E-5 1.64717E-5 6.05911E-6 1.61421E-6 4.85664E-7 1.67362E-7 5.26812E-8 8.23783E-8 3.17431E-8 8.76666E-9 5.38034E-9 1.76435E-8 1.09252E-8 2.08106E-8 5.61848E-8 4.79178E-8 2.63847E-8 3.35046E-9 2.45581E-10 5.96326E-11 1.61675E-11 2.6202E-13
6.87731E-5 7.12834E-5 7.11115E-5 7.15422E-5 5.56927E-5 5.29417E-5 6.34956E-5 7.05419E-5 6.55825E-5 6.13014E-5 6.89873E-5 6.01949E-5 4.90019E-5 6.44744E-5 7.34147E-5 7.89229E-5 7.36446E-5 7.0235E-5 4.58851E-5 6.65532E-5 7.4456E-5 6.39766E-5 6.90812E-5 6.78865E-5 6.30639E-5 6.07251E-5 5.92255E-5 5.90812E-5 5.61065E-5 6.62153E-5 6.7503E-5 6.79766E-5 6.83503E-5 6.83177E-5 5.10457E-5 4.68037E-5 6.37822E-5 7.89646E-5 7.43941E-5 6.64078E-5 6.67066E-5 6.36757E-5 6.22737E-5 5.12157E-5 2.9891E-5 1.82375E-5 1.31044E-5 1.92623E-6 3.10666E-7 1.80861E-7 2.69382E-7 1.04352E-7 9.11551E-9 5.44706E-10 3.1627E-9 1.62233E-8 5.24855E-8 6.19972E-8 2.64546E-8 1.52123E-8 2.71802E-8 2.31028E-8 1.04258E-8 7.6909E-10 1.95106E-10 2.81041E-11
6.88556E-5 6.73405E-5 6.90056E-5 5.1856E-5 4.48688E-5 6.95578E-5 7.23369E-5 5.12805E-5 4.54676E-5 5.12935E-5 5.11116E-5 5.48704E-5 7.61604E-5 8.21887E-5 7.94911E-5 7.79211E-5 7.57099E-5 4.75992E-5 6.29838E-5 7.37729E-5 7.16754E-5 6.25473E-5 6.15763E-5 6.13519E-5 5.92463E-5 4.49464E-5 4.63831E-5 4.85064E-5 6.08526E-5 6.65406E-5 6.77926E-5 6.57927E-5 6.72218E-5 6.65963E-5 6.49484E-5 6.60662E-5 7.23636E-5 6.72382E-5 6.42608E-5 6.02291E-5 6.29851E-5 6.29013E-5 6.06822E-5 5.23942E-5 4.79177E-5 3.287E-5 1.62583E-5 7.67166E-6 1.77422E-6 4.18046E-7 1.91238E-7 2.44624E-7 5.55826E-8 8.26068E-9 7.86606E-9 7.48863E-8 1.13603E-7 2.1704E-8 6.07332E-9 6.62131E-9 4.50845E-8 6.21959E-8 1.64913E-8 9.51814E-9 1.11329E-8 9.27608E-10
5.6549E-5 4.34666E-5 4.79523E-5 4.15854E-5 4.17669E-5 5.48839E-5 6.87031E-5 4.55368E-5 5.0624E-5 5.98194E-5 7.33574E-5 6.28444E-5 7.29602E-5 7.97391E-5 7.49616E-5 7.31733E-5 4.44527E-5 5.62886E-5 7.20616E-5 6.66629E-5 5.9034E-5 6.14666E-5 5.9031E-5 5.6708E-5 5.87019E-5 5.92952E-5 5.84078E-5 6.24022E-5 6.55777E-5 6.54331E-5 6.82348E-5 6.73765E-5 6.67676E-5 6.60711E-5 6.72338E-5 7.84771E-5 7.39656E-5 6.64184E-5 6.47708E-5 5.21616E-5 5.48122E-5 6.25823E-5 6.14982E-5 5.84487E-5 4.86367E-5 1.08725E-4 3.1602E-5 1.37277E-5 5.37161E-6 1.99307E-6 4.1885E-7 2.71774E-7 3.76677E-7 9.5064E-8 1.81105E-8 5.40395E-8 2.14059E-7 7.197E-8 2.77349E-8 7.2095E-8 6.87112E-8 2.46316E-8 3.87676E-8 1.53824E-7 6.58483E-8 8.54177E-9
5.25899E-5 6.16348E-5 5.60196E-5 5.03929E-5 4.95983E-5 5.78929E-5 4.7834E-5 4.95394E-5 6.10813E-5 7.38157E-5 6.90534E-5 6.07302E-5 7.87499E-5 7.80926E-5 7.31545E-5 4.83627E-5 5.60936E-5 6.12079E-5 6.38409E-5 5.73036E-5 5.39603E-5 5.29992E-5 5.96663E-5 5.52549E-5 5.7258E-5 6.1556E-5 6.37559E-5 6.47177E-5 6.54898E-5 6.6268E-5 6.59083E-5 6.72759E-5 6.55528E-5 6.43929E-5 6.4328E-5 6.23196E-5 7.42589E-5 6.77474E-5 6.61646E-5 6.36517E-5 5.88833E-5 6.08369E-5 6.11557E-5 5.99507E-5 6.14031E-5 6.47607E-5 4.36607E-5 2.8955E-5 2.35312E-5 9.72044E-6 4.99545E-6 1.3641E-6 8.23757E-7 1.2541E-6 1.7079E-7 2.53528E-7 4.22291E-7 4.52966E-7 1.03154E-7 1.18851E-7 5.29046E-8 2.6958E-8 1.26671E-7 7.27412E-8 1.42159E-8 7.85209E-9
6.82956E-5 6.70947E-5 6.6214E-5 6.06785E-5 4.80194E-5 4.72831E-5 5.09601E-5 5.85534E-5 7.86926E-5 7.39952E-5 6.56464E-5 7.85653E-5 7.66732E-5 7.14923E-5 5.36297E-5 5.33009E-5 6.51743E-5 6.32841E-5 6.12387E-5 5.50751E-5 4.89431E-5 5.63127E-5 6.08539E-5 5.7013E-5 6.07153E-5 6.02398E-5 6.17468E-5 6.35495E-5 6.32008E-5 6.48863E-5 6.23901E-5 6.47368E-5 6.36406E-5 6.30083E-5 6.16101E-5 5.16788E-5 6.10496E-5 6.22714E-5 6.57383E-5 6.04775E-5 6.35325E-5 6.31741E-5 6.19569E-5 5.7378E-5 6.11905E-5 5.85524E-5 3.68264E-5 4.57998E-5 3.27469E-5 3.17058E-5 2.02048E-5 1.04568E-5 5.88104E-6 6.25557E-6 8.27719E-6 5.78252E-6 3.05633E-6 3.26002E-6 1.10494E-6 3.09168E-7 6.60797E-8 1.7694E-8 3.91919E-8 1.69861E-7 5.24255E-8 2.13192E-8
6.0847E-5 5.24703E-5 4.71408E-5 4.31699E-5 4.60594E-5 6.59879E-5 7.69991E-5 8.42338E-5 8.20184E-5 8.43031E-5 7.86216E-5 6.65561E-5 7.04321E-5 5.4492E-5 5.77535E-5 5.60994E-5 5.47411E-5 5.54354E-5 5.9094E-5 6.08093E-5 5.76047E-5 6.24611E-5 6.08342E-5 5.9469E-5 5.11938E-5 5.38429E-5 5.78924E-5 6.25137E-5 6.25906E-5 6.46707E-5 6.25277E-5 5.56346E-5 5.58614E-5 6.11363E-5 6.31121E-5 6.18274E-5 6.33674E-5 6.20998E-5 6.12771E-5 6.03705E-5 6.44291E-5 6.35584E-5 6.38949E-5 5.54231E-5 6.05175E-5 5.95196E-5 4.91186E-5 5.4086E-5 4.11271E-5 5.04167E-5 4.60801E-5 2.18436E-5 2.01812E-5 1.52639E-5 2.3121E-5 2.11898E-5 2.37638E-5 1.61752E-5 2.71283E-6 3.99381E-7 1.85165E-7 6.67672E-8 2.60126E-8 1.0313E-7 3.80592E-7 5.15779E-8
4.60497E-5 5.17351E-5 5.94202E-5 6.71384E-5 6.9853E-5 7.18161E-5 7.79243E-5 6.64654E-5 7.58606E-5 7.01619E-5 6.24543E-5 4.46071E-5 4.22442E-5 4.02675E-5 5.177E-5 5.76545E-5 5.36791E-5 5.51263E-5 6.22873E-5 5.89144E-5 5.86044E-5 5.74733E-5 5.65244E-5 5.5404E-5 6.15246E-5 5.51606E-5 5.57364E-5 6.09243E-5 5.93436E-5 6.39828E-5 6.18037E-5 5.10616E-5 5.35387E-5 6.10421E-5 6.42845E-5 6.12252E-5 6.38742E-5 6.48664E-5 5.80442E-5 6.24841E-5 6.20494E-5 3.59227E-5 5.73808E-5 6.44756E-5 6.36101E-5 6.5007E-5 3.8791E-5 6.37924E-5 5.56313E-5 5.13737E-5 5.37962E-5 3.58142E-5 4.65777E-5 3.19689E-5 1.91953E-5 1.40029E-5 1.07631E-5 1.30545E-5 1.03843E-5 7.14642E-6 3.20764E-6 4.7645E-7 5.57515E-8 7.0565E-8 4.1724E-7 3.86337E-7
5.37035E-5 5.21765E-5 6.48847E-5 6.9286E-5 6.76295E-5 7.45792E-5 7.5169E-5 6.29669E-5 4.72999E-5 3.95481E-5 4.81738E-5 5.14541E-5 4.31048E-5 2.91348E-5 4.29981E-5 5.15352E-5 5.78774E-5 5.6304E-5 5.65155E-5 5.49076E-5 5.59912E-5 5.50209E-5 5.42918E-5 5.50508E-5 5.64152E-5 4.26248E-5 4.91552E-5 5.69301E-5 5.89736E-5 5.46549E-5 6.03143E-5 5.52395E-5 5.66899E-5 5.89567E-5 5.94653E-5 5.10777E-5 6.35112E-5 6.19199E-5 6.13936E-5 6.50292E-5 6.37424E-5 6.06062E-5 6.55034E-5 6.619E-5 6.84774E-5 7.03844E-5 6.9933E-5 6.84691E-5 6.19731E-5 6.08542E-5 6.32828E-5 5.95805E-5 5.44675E-5 5.44897E-5 3.13605E-5 2.32334E-5 1.23917E-5 9.03081E-6 8.91642E-6 9.26475E-6 9.38744E-6 3.13143E-6 4.22968E-7 2.83537E-7 3.28625E-7 5.31845E-7
4.97212E-5 6.35032E-5 7.03852E-5 6.98872E-5 6.3531E-5 6.06808E-5 4.79793E-5 3.19788E-5 4.08048E-5 4.97012E-5 4.72531E-5 4.61862E-5 3.13197E-5 2.66374E-5 4.02371E-5 6.02721E-5 5.27559E-5 4.56794E-5 5.8986E-5 5.2433E-5 5.07564E-5 5.34683E-5 5.48761E-5 5.39008E-5 5.39225E-5 4.14569E-5 5.35643E-5 5.95543E-5 5.52635E-5 5.92886E-5 5.95899E-5 5.95192E-5 5.87389E-5 5.30844E-5 6.14423E-5 6.20622E-5 5.82737E-5 6.32516E-5 6.44464E-5 6.33747E-5 6.64532E-5 6.67703E-5 6.74847E-5 6.7045E-5 6.9637E-5 7.06011E-5 6.70003E-5 6.54017E-5 6.78596E-5 6.85897E-5 6.79785E-5 4.19313E-5 6.19057E-5 4.79033E-5 5.83635E-5 4.26191E-5 2.6017E-5 1.78527E-5 1.23463E-5 9.34688E-6 1.33875E-5 1.54109E-5 4.27015E-6 1.67858E-6 5.8464E-7 4.79399E-7
6.18902E-5 6.99828E-5 5.90474E-5 4.72042E-5 4.89476E-5 3.58026E-5 3.65127E-5 4.394E-5 4.88921E-5 4.22274E-5 3.76423E-5 3.09323E-5 2.8161E-5 3.40967E-5 4.41328E-5 5.75922E-5 5.62866E-5 4.54144E-5 4.49703E-5 4.89719E-5 5.47892E-5 5.57055E-5 5.18316E-5 4.48619E-5 4.60733E-5 4.40134E-5 5.42144E-5 5.45114E-5 5.25271E-5 5.7642E-5 5.68251E-5 5.80047E-5 5.62806E-5 5.85561E-5 5.99669E-5 4.62412E-5 5.89624E-5 6.06979E-5 6.43832E-5 6.32651E-5 6.32631E-5 6.51936E-5 6.61689E-5 6.73392E-5 6.81076E-5 6.94101E-5 7.06107E-5 7.02435E-5 6.98677E-5 7.05855E-5 7.02815E-5 5.52772E-5 4.5408E-5 6.85262E-5 7.1955E-5 6.89292E-5 4.46766E-5 3.47581E-5 2.5452E-5 1.55981E-5 1.44627E-5 2.43397E-5 1.94908E-5 5.23549E-6 2.67669E-6 8.083E-7
4.23626E-5 4.92933E-5 4.22241E-5 3.68505E-5 3.9046E-5 3.74537E-5 3.69607E-5 3.85049E-5 3.66062E-5 2.70058E-5 2.41958E-5 2.62951E-5 2.90421E-5 3.23959E-5 3.95068E-5 3.5943E-5 4.48766E-5 4.04186E-5 4.06877E-5 5.11077E-5 5.08425E-5 5.1801E-5 4.49101E-5 4.85662E-5 5.21801E-5 5.09839E-5 5.65964E-5 5.3675E-5 5.38712E-5 5.40188E-5 5.20268E-5 5.71746E-5 5.80785E-5 5.88292E-5 5.80969E-5 5.44863E-5 5.78108E-5 6.11107E-5 6.35882E-5 6.33243E-5 6.47966E-5 6.03987E-5 6.61322E-5 6.49219E-5 6.70478E-5 6.86937E-5 5.33431E-5 6.32654E-5 6.88752E-5 7.06736E-5 6.78423E-5 5.81561E-5 6.87151E-5 6.73258E-5 5.92306E-5 7.61739E-5 7.79688E-5 4.99258E-5 3.95836E-5 3.10089E-5 2.23365E-5 2.65205E-5 2.02087E-5 3.63357E-6 1.82307E-6 8.39042E-7
4.27619E-5 4.02669E-5 3.66142E-5 3.94857E-5 3.45593E-5 2.99856E-5 3.06462E-5 2.97467E-5 2.82804E-5 3.05185E-5 2.95117E-5 3.16713E-5 3.14438E-5 3.43532E-5 3.12553E-5 3.04845E-5 3.30675E-5 3.46893E-5 3.09263E-5 3.68376E-5 4.66907E-5 5.27757E-5 4.28019E-5 4.20265E-5 4.52496E-5 4.49147E-5 5.00446E-5 5.20214E-5 4.7251E-5 5.47292E-5 5.50146E-5 5.54336E-5 5.50042E-5 5.56175E-5 5.7238E-5 5.76339E-5 6.04005E-5 6.17763E-5 6.35341E-5 6.41065E-5 6.58213E-5 6.60326E-5 6.61991E-5 6.60583E-5 6.59463E-5 6.69149E-5 6.68145E-5 6.57718E-5 6.65801E-5 6.81139E-5 5.69714E-5 7.47051E-5 7.74713E-5 7.92201E-5 6.63765E-5 8.08596E-5 8.3243E-5 7.40012E-5 5.52105E-5 6.68093E-5 5.3354E-5 3.22433E-5 2.32046E-5 5.3219E-6 1.20955E-6 5.1992E-7
4.45951E-5 3.66533E-5 2.94467E-5 2.88449E-5 3.02342E-5 3.01614E-5 3.26028E-5 2.81854E-5 3.3306E-5 3.06563E-5 3.14436E-5 3.46138E-5 3.59509E-5 4.50389E-5 3.12014E-5 3.41286E-5 3.09634E-5 3.05677E-5 2.9948E-5 3.6021E-5 4.72711E-5 5.28228E-5 4.69138E-5 3.72512E-5 4.22252E-5 4.80873E-5 5.63172E-5 5.29763E-5 5.05776E-5 5.35953E-5 5.52639E-5 5.37815E-5 5.51626E-5 5.69503E-5 5.79651E-5 6.0471E-5 6.14221E-5 6.10329E-5 6.31052E-5 6.31806E-5 6.20422E-5 5.60136E-5 6.4117E-5 6.55809E-5 6.55065E-5 6.54896E-5 6.51672E-5 6.51378E-5 6.77967E-5 6.63688E-5 5.31971E-5 6.94538E-5 7.2415E-5 8.22032E-5 7.6572E-5 7.16187E-5 8.20795E-5 8.35016E-5 6.48019E-5 7.80495E-5 6.71513E-5 4.75211E-5 3.49746E-5 1.9346E-5 5.54974E-6 1.79114E-6
3.91115E-5 3.2912E-5 2.50997E-5 3.68167E-5 3.47807E-5 3.13855E-5 3.2725E-5 3.01269E-5 2.72472E-5 2.83032E-5 2.85878E-5 3.30555E-5 3.51824E-5 2.94912E-5 3.01668E-5 3.23601E-5 2.94257E-5 2.95003E-5 3.92242E-5 3.29926E-5 3.24651E-5 3.90282E-5 3.33104E-5 4.61038E-5 4.30592E-5 4.88353E-5 5.3138E-5 5.63132E-5 5.04088E-5 5.49822E-5 5.64379E-5 5.75712E-5 5.84228E-5 6.09829E-5 6.2722E-5 6.05868E-5 5.78637E-5 6.0824E-5 6.14942E-5 6.16302E-5 5.97328E-5 6.093E-5 6.36061E-5 6.45779E-5 6.58895E-5 6.78054E-5 6.75421E-5 6.33664E-5 5.35636E-5 6.18253E-5 5.54983E-5 6.629E-5 7.06038E-5 7.90614E-5 7.72462E-5 5.00955E-5 6.29305E-5 8.32229E-5 7.53941E-5 6.48186E-5 6.21259E-5 5.36487E-5 4.19133E-5 3.79584E-5 2.92445E-5 1.55783E-5
2.34573E-5 2.73373E-5 3.36755E-5 3.10628E-5 3.2326E-5 3.20206E-5 2.9246E-5 2.3471E-5 2.55362E-5 2.80001E-5 2.87904E-5 2.61188E-5 3.09551E-5 2.77404E-5 3.19543E-5 3.25455E-5 4.5033E-5 5.27449E-5 4.33471E-5 4.60467E-5 5.04411E-5 4.64433E-5 4.35856E-5 4.37366E-5 4.74171E-5 5.4856E-5 5.78047E-5 5.84106E-5 5.38929E-5 5.85413E-5 5.69019E-5 5.8409E-5 5.90613E-5 5.91787E-5 5.75092E-5 5.81782E-5 5.74144E-5 5.71496E-5 5.7818E-5 5.91307E-5 6.01246E-5 6.14398E-5 6.15765E-5 6.46765E-5 6.52207E-5 6.70457E-5 6.65244E-5 6.34687E-5 6.22927E-5 5.45343E-5 4.3707E-5 7.29545E-5 8.11751E-5 7.56719E-5 7.86045E-5 4.95066E-5 6.04714E-5 5.68948E-5 7.54036E-5 7.16658E-5 5.09496E-5 4.01771E-5 4.27033E-5 4.2087E-5 5.10336E-5 3.07618E-5
2.58462E-5 2.82926E-5 2.50574E-5 2.81361E-5 3.21767E-5 3.37267E-5 2.438E-5 1.81351E-5 2.20217E-5 2.78436E-5 3.29576E-5 2.46947E-5 2.05751E-5 2.6092E-5 3.25432E-5 3.91339E-5 5.11136E-5 4.22944E-5 3.3063E-5 4.53593E-5 5.13596E-5 5.50812E-5 5.55069E-5 5.90233E-5 5.94813E-5 5.85418E-5 4.85663E-5 5.8524E-5 5.56218E-5 5.84907E-5 5.46374E-5 5.35746E-5 5.35862E-5 5.15327E-5 5.23797E-5 5.66213E-5 5.63285E-5 5.66528E-5 5.84488E-5 5.91825E-5 5.96463E-5 5.90224E-5 6.32586E-5 6.33381E-5 6.27931E-5 6.28653E-5 6.30657E-5 6.12162E-5 6.15937E-5 4.9214E-5 5.23757E-5 7.91934E-5 8.31561E-5 8.1619E-5 8.36445E-5 6.17186E-5 6.16144E-5 6.29664E-5 5.97177E-5 5.77362E-5 5.3427E-5 4.25153E-5 3.99027E-5 4.27893E-5 4.88174E-5 4.20972E-5
2.4956E-5 2.08894E-5 2.84891E-5 2.90161E-5 2.77711E-5 2.51148E-5 2.14159E-5 1.83701E-5 2.03563E-5 1.94446E-5 2.14702E-5 2.13732E-5 2.6E-5 2.6392E-5 3.16818E-5 3.66164E-5 3.264E-5 3.3449E-5 2.6444E-5 3.62314E-5 4.2536E-5 4.5883E-5 4.67639E-5 5.61536E-5 5.83536E-5 5.15883E-5 4.1124E-5 3.36559E-5 4.70445E-5 4.55977E-5 5.23703E-5 5.31301E-5 5.24435E-5 5.15591E-5 5.23833E-5 5.58777E-5 5.58861E-5 5.65169E-5 5.78252E-5 5.75126E-5 5.96631E-5 6.37538E-5 6.23857E-5 5.74382E-5 6.21766E-5 6.4268E-5 6.65605E-5 6.10437E-5 5.93181E-5 4.84131E-5 6.39781E-5 7.02327E-5 7.82471E-5 8.54154E-5 8.80292E-5 7.15285E-5 5.14552E-5 7.02898E-5 4.96644E-5 5.78709E-5 5.34979E-5 4.43811E-5 4.15193E-5 4.80664E-5 5.25291E-5 3.94556E-5
1.99671E-5 2.21462E-5 2.56655E-5 2.71604E-5 2.41177E-5 2.16761E-5 3.04643E-5 2.36153E-5 2.21546E-5 1.97989E-5 2.21151E-5 2.51324E-5 2.58052E-5 2.41691E-5 3.01027E-5 2.60934E-5 2.6078E-5 3.07122E-5 3.60667E-5 3.21617E-5 3.51577E-5 2.7642E-5 2.45173E-5 2.49917E-5 2.67239E-5 3.03333E-5 3.48913E-5 4.34612E-5 4.71644E-5 4.82131E-5 4.48383E-5 5.02557E-5 4.97945E-5 4.03813E-5 4.21026E-5 4.11658E-5 5.00882E-5 5.46114E-5 5.42615E-5 5.83134E-5 5.60629E-5 6.31131E-5 6.14039E-5 6.13391E-5 6.14441E-5 6.4696E-5 6.58648E-5 5.62674E-5 5.10383E-5 5.28943E-5 5.43952E-5 7.37238E-5 7.39264E-5 8.03426E-5 8.12197E-5 7.44987E-5 6.43146E-5 6.30872E-5 6.68759E-5 6.95829E-5 4.79252E-5 4.44722E-5 4.37263E-5 4.66434E-5 5.21076E-5 4.24008E-5
