catData/rasterBestHybridModels/Pviverrinus/RD_RM1.5_L/Pviverrinus_min.asc
ncols         409
nrows         350
xllcorner     60.897278365
yllcorner     5.843756025
cellsize      0.0892857
NODATA_value  -9999
[rows 145 to 173 of 350, columns 130 to 194 of 409]
1.99729E-5 1.71276E-5 3.52059E-6 9.28608E-6 2.20034E-6 7.74613E-6 5.29511E-6 1.38731E-6 3.49828E-6 2.09932E-7 3.56296E-6 3.3906E-6 2.62907E-8 3.01778E-12 7.35409E-9 5.39448E-15 1.37572E-12 6.17101E-8 5.9975E-6 8.69775E-12 3.27735E-11 8.71107E-10 4.1218E-9 1.22732E-7 1.6054E-7 3.4499E-7 1.59428E-7 1.47317E-6 2.01559E-6 7.4327E-7 5.14746E-6 9.16208E-8 3.09542E-6 1.56721E-6 1.39368E-6 5.12757E-9 1.67023E-10 3.15429E-6 1.43955E-7 2.07683E-8 8.15882E-8 1.3352E-6 9.58072E-9 1.65912E-8 3.91308E-9 1.5719E-10 2.33656E-10 3.12452E-9 2.48964E-13 3.72458E-8 3.50588E-9 1.3717E-9 8.3889E-10 1.14136E-8 1.34532E-9 4.68872E-15 1.67181E-13 1.18341E-12 1.67821E-9 3.16951E-7 1.76432E-14 1.99627E-15 2.35675E-18 1.1071E-16 1.14711E-18
3.95197E-6 1.2475E-5 1.19814E-7 1.42916E-5 2.49408E-7 9.43445E-6 1.08712E-6 6.3407E-6 5.97542E-6 4.00259E-6 4.69683E-6 3.60183E-8 5.95256E-10 1.57527E-7 1.54407E-12 6.45707E-11 1.13916E-12 1.88593E-8 6.10079E-6 5.86796E-7 1.62775E-7 7.17032E-9 9.65589E-7 1.24822E-10 7.42462E-7 3.65213E-7 5.23961E-7 1.01948E-9 2.78892E-8 7.17701E-7 3.19568E-6 7.33134E-7 3.32928E-6 1.01176E-6 3.11746E-6 1.39648E-6 3.69601E-8 2.68941E-10 1.80296E-8 8.01566E-10 5.70395E-7 2.25991E-8 9.784E-8 6.53337E-7 2.67662E-8 7.24182E-10 3.04399E-11 3.83927E-8 9.47237E-8 6.59664E-9 3.68464E-10 1.39696E-10 9.28397E-12 6.09302E-9 3.57834E-7 4.8149E-8 1.13992E-10 1.56271E-10 4.09374E-8 2.67792E-10 1.09944E-17 1.27039E-19 6.32449E-19 1.59999E-18 6.27273E-13
1.95872E-5 1.90143E-5 1.57E-5 1.76938E-5 1.09556E-5 2.47464E-7 9.23594E-10 4.63616E-6 2.04377E-6 3.50384E-7 4.86025E-8 3.05782E-12 8.45143E-9 7.99422E-11 2.14489E-9 5.25498E-13 7.39192E-11 1.06475E-8 5.59174E-6 1.4583E-5 1.354E-7 7.1366E-8 8.00305E-7 1.10691E-7 1.49571E-10 8.21015E-9 5.81065E-7 9.11182E-9 3.56473E-6 5.03382E-6 4.11104E-6 3.19852E-6 2.26836E-7 1.52507E-6 4.01743E-7 8.35577E-10 8.52511E-13 4.46993E-9 5.84864E-7 7.55474E-10 1.05117E-7 1.79486E-7 1.53935E-7 2.69838E-6 3.42501E-6 2.84085E-6 1.00488E-7 4.7366E-14 3.15483E-10 1.09944E-11 2.68697E-7 1.37486E-10 6.20137E-12 1.86368E-11 3.80079E-8 7.43815E-10 7.58048E-8 3.97221E-7 3.12526E-8 1.15106E-12 3.88329E-16 2.02E-15 1.47672E-16 5.71558E-11 7.5902E-11
2.02709E-5 1.37572E-5 1.78524E-5 1.64344E-6 3.42441E-11 2.75142E-8 2.73146E-8 5.78138E-7 2.78569E-8 4.29112E-9 8.454E-7 3.48965E-9 4.80423E-9 1.37064E-8 3.99725E-10 6.09021E-10 6.55216E-9 7.93448E-9 8.1454E-6 1.79038E-5 4.08509E-6 3.55733E-7 1.24532E-5 7.64039E-8 3.42522E-9 2.66289E-10 3.26871E-8 3.53197E-7 4.78136E-6 5.07728E-6 4.36886E-7 5.38386E-10 1.15643E-7 4.49835E-7 1.21652E-7 1.26408E-9 8.64067E-10 2.39082E-8 3.82897E-8 1.72844E-8 2.28321E-9 1.07336E-7 3.02004E-6 1.85862E-6 2.36403E-8 8.74649E-10 1.68578E-6 1.77317E-7 2.42375E-6 7.10449E-10 1.2992E-10 1.12907E-12 1.56847E-11 1.83254E-10 2.70495E-8 2.26646E-10 1.13905E-8 8.21127E-8 7.43344E-10 4.83201E-14 2.1584E-10 1.69946E-12 3.10982E-12 2.06854E-10 8.53261E-14
1.99354E-5 2.37018E-5 2.49671E-5 2.04827E-5 4.67342E-8 1.67833E-8 1.0674E-5 1.52576E-8 1.87054E-7 4.23379E-8 7.02424E-7 5.7425E-13 6.63894E-11 1.31756E-7 3.41407E-9 2.76617E-8 2.60437E-7 1.55085E-7 8.63187E-6 6.07732E-7 1.10513E-7 2.68929E-9 1.46842E-6 2.97938E-6 3.36E-7 4.42952E-8 1.54791E-7 6.98558E-10 3.48027E-6 4.45109E-6 2.3424E-7 3.77882E-8 4.21712E-6 1.3056E-6 1.36651E-7 5.83692E-8 1.87262E-11 9.99389E-12 2.65368E-8 2.01309E-9 3.04421E-7 7.96776E-9 1.71431E-8 5.407E-7 3.86446E-8 3.64233E-7 7.25048E-8 9.01658E-9 1.71393E-7 4.23867E-7 1.02548E-9 5.54596E-10 3.38101E-11 1.6464E-8 8.69254E-10 4.24274E-7 3.2873E-7 4.92411E-9 1.7518E-13 8.63857E-19 3.01686E-18 1.031E-16 1.39961E-16 2.80986E-11 2.65281E-11
2.96599E-5 3.10809E-5 3.22821E-5 3.14362E-5 5.19494E-7 3.50691E-6 6.06195E-6 1.2132E-8 5.54074E-6 1.00769E-5 1.44594E-5 1.59121E-7 5.73851E-9 1.39403E-10 1.79615E-8 3.24404E-8 4.51125E-6 1.22255E-5 1.87221E-6 3.47796E-7 6.15195E-7 3.06329E-12 1.53008E-6 1.2346E-7 7.24599E-11 4.38095E-9 5.50413E-8 3.56988E-10 2.72933E-6 4.07897E-6 4.06902E-8 3.16208E-6 3.76278E-6 3.50438E-6 1.7406E-6 8.77029E-7 3.08761E-13 2.95333E-11 2.79898E-8 3.38464E-7 3.97932E-7 1.25233E-7 2.87498E-7 2.16727E-7 1.38769E-8 9.78455E-10 9.59747E-10 2.13088E-10 7.22357E-10 1.18123E-10 1.27646E-11 3.44374E-13 1.72812E-13 3.42199E-11 7.74592E-13 6.29927E-9 2.42562E-8 1.56423E-18 4.17424E-17 1.23316E-18 6.07088E-19 1.58946E-19 3.30642E-15 3.10318E-8 2.12718E-8
4.12039E-5 5.14988E-5 4.73468E-5 1.06616E-5 1.39953E-5 2.81534E-5 2.04504E-5 1.61178E-5 4.35993E-6 6.34739E-8 1.70791E-5 2.45527E-6 1.39229E-5 2.81859E-6 9.79946E-8 2.93985E-7 8.80795E-6 2.2219E-5 6.66295E-6 9.39219E-8 6.40813E-6 2.4122E-7 1.66391E-7 1.82081E-8 5.33286E-10 1.04232E-9 1.4045E-6 6.1577E-7 3.55285E-8 2.66296E-6 5.43076E-7 3.61388E-6 4.33509E-6 1.26576E-6 1.38169E-7 1.95032E-9 2.54938E-10 6.79905E-11 1.12348E-9 5.79301E-9 6.00555E-9 4.44211E-8 5.35208E-10 1.63534E-6 1.03735E-7 6.50733E-8 7.14825E-9 1.29925E-12 4.04162E-13 1.13352E-17 2.64619E-13 3.85441E-10 2.14897E-10 3.48012E-10 9.36272E-11 2.49793E-9 3.8142E-10 1.83344E-11 9.04148E-9 1.39312E-13 4.63969E-20 5.9127E-19 1.49819E-13 2.14294E-8 4.51402E-11
3.96213E-5 6.34367E-5 3.90554E-5 1.12722E-5 5.44044E-5 2.7856E-5 2.26892E-5 7.81312E-6 1.84237E-5 1.91144E-6 6.17789E-6 8.72041E-6 1.38083E-5 1.05295E-7 3.46756E-8 9.7454E-10 2.21762E-10 1.23781E-7 1.24109E-5 1.66039E-7 1.30025E-5 1.4923E-7 1.42119E-7 1.24722E-8 1.36676E-11 1.07354E-11 1.45864E-7 2.73748E-7 9.39471E-9 3.95048E-8 3.96198E-6 4.98383E-6 2.63849E-6 1.07651E-7 5.36177E-7 3.66953E-10 3.28456E-6 1.08847E-6 7.59814E-10 2.74417E-11 7.29299E-7 1.61241E-9 3.7369E-7 2.24433E-7 6.48652E-7 1.94235E-6 7.00542E-12 6.59787E-14 6.07054E-10 3.85349E-11 2.7479E-11 2.24452E-10 7.47364E-11 4.56084E-10 2.8556E-12 7.55575E-8 5.74491E-10 2.55494E-12 8.75203E-10 8.71243E-12 4.44522E-19 3.13088E-19 5.8493E-9 3.8349E-9 1.55932E-11
5.71469E-5 7.6997E-5 5.49537E-5 1.95013E-5 5.34981E-5 2.17563E-5 3.93701E-5 1.04335E-5 7.73596E-7 4.90651E-6 5.55914E-9 1.67347E-5 1.62573E-6 8.3011E-6 6.62309E-6 1.27064E-8 7.94802E-7 1.05443E-7 5.8991E-6 2.12473E-7 3.65992E-6 2.33246E-8 2.11596E-10 2.15379E-9 3.75331E-10 1.14936E-9 2.71736E-8 1.74693E-8 4.50309E-6 3.78287E-7 4.73463E-6 3.25609E-6 2.21664E-7 1.32605E-7 1.83118E-8 1.13116E-12 2.50397E-8 5.11577E-6 2.51274E-6 6.34071E-7 1.13471E-6 2.48461E-8 6.67405E-8 6.78976E-10 1.32193E-8 2.80672E-7 5.47744E-14 1.61749E-13 2.9305E-8 2.61981E-7 2.63699E-10 5.39661E-8 3.4904E-9 8.59265E-10 1.41247E-8 1.00741E-8 8.04323E-11 3.75638E-10 1.54639E-9 8.33685E-13 5.24884E-10 7.95424E-18 4.41849E-9 5.95682E-12 5.9696E-14
4.28533E-5 5.45786E-5 5.46966E-5 3.99212E-5 3.84074E-5 3.44007E-5 9.76528E-6 7.29568E-7 4.95829E-7 1.78012E-5 6.78888E-12 1.13016E-8 2.42233E-9 5.38664E-11 2.11024E-11 3.46741E-7 1.06609E-5 7.60026E-6 6.87022E-7 2.03657E-8 4.23274E-6 3.26302E-7 5.47009E-9 2.32466E-8 7.732E-10 3.9416E-8 5.13871E-7 3.08046E-9 3.7199E-6 1.82693E-6 1.46705E-6 6.97586E-7 1.42543E-7 6.5816E-7 1.96147E-10 3.29137E-12 2.31878E-11 4.31251E-6 3.32978E-6 1.52358E-6 2.63248E-6 4.68602E-9 2.99588E-7 3.29315E-9 1.28641E-11 1.42241E-9 2.21335E-12 3.07352E-11 8.09736E-9 3.64006E-7 6.00347E-7 3.37504E-7 9.27765E-9 1.85489E-9 2.46369E-6 3.33168E-7 1.35967E-7 3.8355E-9 6.86042E-11 1.9235E-8 1.73072E-8 1.56809E-12 6.95835E-11 3.70965E-8 1.13254E-6
3.40831E-5 4.74241E-5 6.02674E-5 5.84215E-5 3.70282E-5 4.46424E-5 1.51161E-5 3.78578E-6 1.02296E-7 5.68479E-7 3.84044E-11 5.76473E-11 6.82934E-13 6.66724E-14 3.28657E-8 6.61608E-9 1.86478E-5 5.99285E-8 1.92547E-7 8.54758E-6 3.02477E-7 9.87787E-7 3.2319E-11 5.78327E-15 1.47775E-11 5.71295E-10 5.38358E-10 1.0638E-12 2.97573E-8 3.73263E-6 2.55833E-6 5.68005E-6 4.64952E-6 3.48447E-6 1.88271E-6 1.11429E-7 2.86406E-7 1.37573E-6 4.35949E-6 3.5132E-6 8.86064E-8 1.52414E-7 6.73838E-8 6.42141E-12 4.97384E-12 4.03515E-11 2.44515E-12 2.67586E-11 7.20799E-13 3.01348E-10 6.1196E-7 3.38613E-9 1.11718E-7 2.41574E-7 1.51105E-7 2.48863E-7 7.72806E-8 1.31821E-9 1.10243E-9 4.90288E-8 1.94734E-7 2.2018E-8 3.22451E-6 2.79476E-6 6.85829E-8
3.58648E-5 5.7906E-5 5.1774E-5 6.95034E-5 6.6267E-5 5.53345E-5 3.93238E-5 2.56943E-5 1.54526E-5 1.51201E-5 2.66381E-7 4.07139E-11 1.26205E-8 4.82091E-8 8.17172E-15 1.49176E-15 1.77981E-5 3.21023E-6 4.95778E-6 5.3764E-6 9.13458E-9 1.2855E-9 2.60382E-8 3.36117E-8 2.42406E-9 3.67117E-15 8.69181E-9 9.82459E-10 1.07244E-7 1.95886E-6 4.55677E-6 2.92422E-6 4.60946E-6 2.59279E-6 6.01516E-6 4.62845E-6 3.04568E-6 3.23908E-6 4.01907E-6 4.39533E-6 7.28817E-9 6.35779E-7 1.4976E-7 9.29351E-9 1.85273E-11 9.01088E-18 2.09192E-12 3.64672E-12 4.95801E-13 1.75876E-9 1.01502E-7 2.31332E-10 7.83382E-7 4.55845E-10 1.99459E-10 1.29136E-6 5.35914E-7 8.79584E-8 6.96732E-8 2.48454E-6 4.6876E-8 3.12346E-8 2.71013E-6 9.07361E-7 9.2431E-11
1.62627E-4 2.73782E-4 5.38473E-5 7.27144E-5 7.46203E-5 5.4844E-5 5.10154E-5 3.14899E-5 4.62624E-6 2.06618E-5 4.90625E-5 1.86936E-5 6.87699E-8 4.65575E-6 7.74931E-8 5.17994E-13 3.32227E-9 1.73492E-9 1.31159E-7 3.65473E-8 9.66338E-9 1.00061E-6 1.26071E-7 2.3994E-9 1.21511E-6 2.79374E-8 1.09467E-8 9.44616E-10 2.40334E-9 1.79809E-6 5.409E-6 6.06156E-6 1.90591E-6 4.01902E-6 6.71338E-6 6.03559E-6 3.57274E-6 3.82098E-6 5.03894E-6 4.33732E-6 6.1377E-8 2.70787E-8 2.18897E-7 8.8785E-9 5.42964E-13 7.2267E-15 1.20033E-10 1.21126E-10 9.70804E-8 8.69342E-9 4.93029E-8 6.10737E-10 1.15681E-10 2.9167E-8 1.18294E-8 7.22911E-9 1.12055E-9 7.3227E-8 1.93297E-8 4.71991E-7 3.69921E-7 1.44316E-7 6.87509E-7 1.30175E-7 1.67305E-8
1.43607E-4 9.60435E-5 7.12692E-5 9.54159E-5 7.83106E-5 7.8709E-5 3.51874E-5 3.58908E-5 3.45977E-5 1.62305E-5 4.69621E-5 2.15915E-5 1.56569E-10 3.45449E-9 2.56388E-5 4.70575E-10 9.84693E-11 1.21075E-8 4.16882E-8 4.98032E-11 9.25935E-8 3.36871E-7 9.80901E-6 1.30793E-7 7.61019E-9 4.87334E-9 8.38314E-10 7.09809E-14 3.60757E-10 4.4463E-6 4.9158E-6 8.47692E-7 6.16518E-6 3.76191E-6 6.42996E-6 4.81355E-6 5.8906E-6 4.55221E-6 4.41764E-6 8.65145E-7 7.72196E-7 2.5375E-7 1.38515E-11 1.23453E-9 1.17809E-13 1.36407E-9 2.18142E-13 2.8007E-8 8.9295E-8 2.07937E-6 1.40756E-6 2.56892E-11 1.55465E-6 2.56841E-6 2.98436E-6 2.36953E-6 7.53829E-9 6.72048E-7 6.24225E-7 6.99218E-7 1.3853E-10 2.52353E-7 7.75585E-8 7.12759E-7 1.19608E-6
6.04518E-5 2.5603E-5 8.99044E-5 1.01103E-4 7.57567E-5 7.99477E-5 2.59653E-5 4.32599E-5 4.3128E-5 3.59592E-5 3.68992E-5 3.63317E-7 4.87862E-6 6.0553E-7 2.18662E-5 1.17999E-8 1.26741E-6 4.86839E-6 2.07619E-7 1.76996E-8 1.76463E-7 6.9879E-9 1.01957E-5 5.23782E-8 2.75347E-7 1.93573E-6 1.07815E-10 1.80955E-12 1.50324E-7 9.6189E-7 6.28918E-6 4.79416E-6 6.07627E-6 4.57455E-6 4.17083E-6 3.57112E-6 4.46278E-6 2.66726E-6 4.30589E-6 9.34608E-7 2.8639E-6 1.3885E-8 1.02355E-12 1.30711E-13 4.85057E-9 2.13314E-6 2.71238E-9 4.83026E-7 1.73327E-6 1.90071E-6 6.89809E-7 2.61511E-6 1.70609E-8 4.39396E-7 4.72965E-7 1.13077E-6 3.33505E-6 2.85084E-6 3.53461E-6 1.37345E-8 8.07423E-8 9.68742E-7 8.49868E-6 2.51415E-6 3.91109E-7
3.34214E-5 8.64423E-5 1.0373E-4 8.20488E-5 8.33402E-5 7.08394E-5 4.64372E-5 5.05988E-5 6.31145E-5 1.32213E-6 2.34032E-5 1.11979E-5 1.39787E-5 9.70282E-9 1.505E-5 3.84945E-6 1.24847E-7 1.07269E-9 4.92508E-6 5.18362E-11 3.3175E-8 8.53688E-6 1.90978E-6 6.52025E-7 2.52279E-6 3.63883E-6 4.79681E-7 5.36722E-7 8.85866E-13 3.83801E-6 6.0464E-6 6.10994E-6 4.12355E-6 4.60637E-6 3.76443E-6 3.88072E-6 3.12625E-6 3.54834E-6 2.58134E-6 2.33221E-7 1.33613E-9 1.51697E-6 6.55933E-8 2.15991E-10 2.61532E-10 5.2429E-7 1.08534E-6 3.63618E-7 4.03153E-7 8.46042E-8 8.61812E-9 3.57045E-12 7.60615E-12 8.8542E-8 1.9813E-6 1.42686E-7 1.33327E-7 2.47047E-8 7.86348E-7 3.20764E-8 7.38299E-6 9.05239E-6 5.80529E-7 4.31507E-6 9.45792E-6
6.67069E-5 7.56221E-5 1.45702E-4 1.75491E-4 1.79357E-4 1.57143E-4 9.89936E-5 6.97251E-5 4.26689E-5 3.46316E-5 5.65531E-7 1.30141E-7 4.08519E-7 6.55228E-8 2.06286E-5 7.14139E-7 5.44953E-10 4.27446E-10 3.97857E-9 2.61676E-6 6.10717E-12 1.13503E-6 4.35642E-7 6.42687E-9 3.58119E-8 1.20583E-6 3.05662E-7 6.41317E-7 4.50778E-8 4.50911E-6 6.08592E-6 5.88474E-6 5.3023E-6 4.20156E-6 3.31815E-6 7.76722E-7 1.47333E-7 2.10041E-6 3.33749E-7 2.2398E-6 1.51545E-6 6.49671E-7 2.56237E-9 9.18832E-8 5.03672E-7 6.78633E-7 4.4971E-9 8.10421E-11 3.7347E-9 5.47878E-9 2.79042E-14 6.76317E-14 8.86843E-11 2.90431E-6 9.61998E-8 6.25648E-7 3.1764E-9 2.61863E-6 6.87024E-6 1.45732E-6 1.82182E-6 2.08101E-6 5.79438E-7 1.35334E-7 8.97088E-8
2.91377E-5 4.32006E-5 1.44262E-4 1.85857E-4 1.89597E-4 1.09057E-4 7.96588E-5 7.03957E-5 1.49966E-5 4.48993E-5 9.32146E-6 9.36424E-8 3.1656E-6 4.78186E-8 7.20359E-7 1.19197E-6 3.48813E-8 9.35483E-7 4.49023E-6 2.90816E-6 1.49221E-6 7.79459E-7 2.80415E-7 2.13226E-7 4.34439E-6 1.84499E-6 3.31136E-6 2.94798E-6 2.42805E-8 9.45577E-7 2.47479E-7 2.85857E-6 4.08224E-6 4.90933E-6 3.23416E-7 1.3173E-6 3.51596E-7 1.89477E-7 9.97385E-7 2.65538E-6 4.24358E-6 3.65034E-6 4.10349E-7 2.20568E-6 1.46433E-7 1.08864E-8 3.1464E-11 2.35516E-9 1.08095E-7 1.16656E-12 5.40772E-13 8.96297E-16 3.70439E-9 1.73839E-7 1.17409E-6 9.57213E-7 1.65245E-7 1.25213E-6 5.8278E-7 1.22022E-8 6.53917E-6 4.09596E-7 8.16914E-7 1.08867E-6 3.32845E-6
6.06204E-5 3.04364E-5 1.36241E-4 1.57775E-4 1.60086E-4 1.32894E-4 8.87808E-5 6.38732E-5 5.2637E-5 4.68359E-5 3.20764E-5 2.07861E-6 1.46854E-6 2.36707E-5 1.98115E-5 2.82993E-6 6.70722E-6 1.00444E-5 2.94219E-6 2.55793E-6 9.72592E-8 8.00796E-6 6.95248E-6 5.58837E-6 1.05527E-6 1.06702E-7 4.91177E-6 4.82946E-11 2.80646E-8 6.39785E-10 3.04641E-11 4.47972E-8 3.56699E-7 1.61864E-6 3.3689E-6 5.37453E-7 1.3536E-6 1.66991E-6 2.09878E-6 4.28577E-6 3.42983E-6 5.804E-7 1.88836E-6 2.68476E-6 6.29515E-6 4.81751E-6 1.36097E-6 7.5886E-7 7.30689E-6 9.26057E-8 7.48744E-10 1.21989E-6 1.26005E-5 4.45291E-7 1.20953E-5 3.58627E-6 1.80723E-9 2.46148E-9 2.27637E-7 2.75831E-7 4.82532E-7 1.02947E-6 2.04675E-6 3.43484E-6 2.01436E-6
1.73305E-5 1.37717E-5 1.95681E-4 1.37503E-4 1.5473E-4 1.40098E-4 9.43576E-5 7.89186E-6 6.55649E-5 2.11088E-5 1.32858E-5 6.06623E-6 1.06182E-6 2.75069E-5 3.27462E-5 5.0894E-6 3.31063E-7 1.32526E-5 1.61534E-5 1.31748E-6 6.6889E-10 9.80218E-6 1.00816E-5 8.67835E-6 1.97344E-7 5.54739E-6 2.22495E-6 5.38741E-6 1.01703E-5 4.5691E-6 9.45605E-8 4.18938E-12 2.20133E-8 6.63288E-7 1.5586E-7 5.27296E-7 5.93176E-7 3.48163E-6 2.36658E-6 3.93169E-7 7.47375E-6 8.87095E-6 3.31795E-6 7.3298E-6 7.84984E-6 6.91684E-6 5.57177E-6 2.39043E-6 1.36449E-7 3.44193E-7 6.69052E-7 1.15057E-5 1.03171E-5 6.38412E-7 8.85686E-8 3.44145E-7 1.90629E-8 2.40317E-7 3.38641E-8 2.71369E-7 1.20475E-7 6.11532E-7 1.35906E-6 1.15007E-6 2.10683E-6
3.83971E-5 2.35448E-5 1.71192E-4 1.64973E-4 4.18873E-5 1.3717E-4 1.43476E-4 1.04934E-4 5.27026E-5 5.54154E-5 4.99262E-5 4.3457E-5 3.76274E-5 4.02147E-5 3.64147E-5 3.42293E-5 2.57379E-5 1.98084E-5 1.41304E-5 1.15193E-5 1.05983E-5 1.08426E-9 8.00902E-9 1.29087E-7 3.97434E-9 4.72258E-10 5.53903E-6 3.2454E-6 1.50388E-5 1.58804E-5 1.11214E-5 8.74777E-6 3.64302E-6 1.4234E-6 2.26263E-6 1.23679E-6 1.32845E-7 3.12368E-6 9.06008E-6 2.67768E-6 9.50811E-6 1.08202E-5 7.52791E-6 8.77097E-6 9.66739E-6 8.76125E-6 5.72302E-6 1.05414E-5 3.90345E-7 6.9436E-9 5.19285E-7 2.07834E-6 1.14689E-5 1.54587E-6 2.09986E-7 5.00687E-6 3.59066E-6 1.38738E-6 9.21866E-7 2.23796E-6 1.05751E-7 2.05383E-8 3.08932E-6 6.56953E-7 1.81339E-7
-9999 1.11349E-4 -9999 4.44303E-5 1.55816E-5 1.18063E-4 9.56748E-5 1.10684E-4 7.90898E-5 5.75209E-5 5.22517E-5 2.66153E-5 2.57723E-5 3.87072E-5 4.84768E-5 2.54539E-5 2.13576E-5 1.9709E-5 1.43425E-5 1.11434E-5 1.10801E-5 2.26885E-10 3.18003E-10 8.85428E-7 1.33744E-5 1.93205E-5 1.87034E-5 2.06467E-5 1.73172E-5 2.05815E-5 1.60921E-5 2.8687E-6 4.09168E-8 3.13144E-7 1.04147E-6 5.28411E-7 5.41291E-6 1.8992E-6 1.29608E-5 4.2719E-6 1.05809E-6 1.3299E-5 1.24326E-5 1.12885E-5 9.69719E-6 1.1585E-5 1.40959E-5 1.43968E-5 4.44131E-8 3.53272E-12 2.98968E-6 1.02968E-5 2.54923E-6 6.49895E-7 4.17732E-6 3.29708E-6 2.95095E-6 2.09378E-6 2.14506E-6 7.42603E-7 1.35427E-8 2.41459E-6 7.24526E-9 1.33938E-8 5.55831E-7
-9999 8.6741E-5 7.4232E-5 3.29195E-5 3.71307E-5 2.3969E-6 7.95842E-5 7.18769E-5 8.16299E-5 5.9863E-5 5.67015E-5 2.8566E-5 4.62133E-5 4.44352E-5 3.66651E-5 1.72893E-5 2.03112E-5 4.43624E-6 4.73736E-7 1.46651E-7 8.43331E-7 2.1077E-6 1.98369E-6 7.51793E-6 1.20958E-5 2.28425E-5 2.83181E-5 2.73298E-5 3.61544E-6 4.76492E-6 2.19687E-5 1.76335E-6 5.32606E-6 2.75803E-6 1.34512E-6 1.04529E-6 1.2744E-5 7.96089E-6 3.99133E-8 3.46804E-9 1.7531E-9 1.21682E-6 1.99645E-5 1.52092E-5 1.14304E-5 1.1171E-5 1.71305E-5 1.76153E-6 1.44297E-11 8.93225E-13 1.3695E-7 2.96987E-7 1.78504E-7 3.2358E-6 3.56482E-6 2.29292E-6 1.733E-6 1.01153E-7 3.0969E-7 2.20476E-6 2.78562E-7 1.02401E-8 7.30991E-8 2.85904E-9 1.70034E-8
4.08957E-6 1.63647E-9 2.04109E-6 4.43744E-5 8.36841E-5 8.23309E-5 8.23718E-5 8.11586E-5 7.635E-5 6.89773E-5 5.83743E-5 5.20397E-5 4.69337E-5 5.60628E-5 3.87282E-5 2.53678E-5 1.61054E-8 4.71275E-14 9.76732E-9 4.84137E-9 1.61121E-6 7.43875E-6 1.42975E-5 1.24701E-5 1.54828E-5 1.95829E-5 5.19212E-6 1.94053E-5 4.50027E-6 9.82998E-6 3.23973E-6 1.07101E-5 1.04211E-5 2.78059E-6 2.40844E-6 2.28995E-5 1.53533E-5 1.06019E-5 3.50776E-6 1.23551E-5 2.1477E-6 3.63824E-6 1.28412E-5 8.89038E-6 1.04928E-5 1.37325E-5 1.43584E-5 1.1734E-6 8.91196E-11 5.19477E-9 1.90567E-6 3.65346E-6 3.68723E-6 2.50147E-6 2.57253E-6 7.84718E-7 1.07836E-10 1.97844E-11 2.64391E-9 6.03769E-12 5.93277E-8 1.70241E-7 4.58767E-10 2.60047E-7 3.99977E-8
4.71043E-5 3.02192E-6 1.21522E-5 2.20753E-5 7.77195E-5 5.48527E-5 7.69467E-5 7.73309E-5 7.91189E-5 6.96697E-5 3.5114E-5 5.77761E-5 6.69349E-5 6.37498E-5 2.84906E-5 1.46874E-5 1.60792E-6 5.31809E-7 5.68521E-8 5.00551E-7 1.07929E-6 3.90438E-9 3.41604E-6 3.41356E-6 4.33591E-6 1.0579E-5 2.04385E-7 2.35659E-6 1.62553E-6 4.81388E-7 3.72263E-6 1.46073E-9 1.04318E-5 3.69193E-6 1.46923E-5 1.58661E-5 7.14623E-6 1.01066E-5 9.91237E-6 9.15938E-6 1.45097E-5 6.59524E-6 9.10105E-6 4.75632E-6 1.14938E-5 8.73736E-6 9.33943E-6 6.64628E-6 2.35438E-7 1.52844E-6 2.68861E-7 3.24192E-6 2.38555E-6 9.51187E-7 9.91015E-7 1.59524E-6 2.83336E-9 8.01913E-13 1.1631E-14 6.11504E-12 2.71698E-7 1.97302E-8 4.39895E-8 4.68111E-9 4.61439E-12
1.57304E-4 6.70182E-5 7.2011E-7 4.47428E-5 8.01074E-5 7.77563E-5 7.83367E-5 4.35787E-5 6.62686E-5 8.7056E-5 6.57049E-5 7.43141E-5 4.75475E-5 3.29972E-5 2.24635E-5 1.88783E-5 5.41716E-7 1.07461E-6 3.63779E-6 5.88043E-6 4.45575E-6 8.56623E-7 9.22695E-7 1.03805E-7 2.10321E-8 7.56758E-7 2.65249E-6 5.48766E-6 1.37573E-8 1.56751E-7 4.90507E-7 3.32036E-8 5.65622E-6 4.63176E-6 1.65258E-5 2.99898E-6 1.08768E-5 1.44108E-5 1.14611E-6 9.88606E-7 2.78625E-6 9.70869E-6 7.77149E-6 9.83648E-6 7.30002E-6 8.95607E-6 9.02879E-6 5.6628E-6 4.58224E-7 3.81287E-7 3.28434E-6 2.71882E-6 2.68557E-6 2.65746E-6 2.08305E-6 2.05647E-6 7.48183E-7 9.4109E-8 3.00712E-8 2.22289E-10 3.31136E-7 1.9386E-8 2.60942E-12 2.74302E-12 9.41164E-12
-9999 3.52244E-9 3.38042E-6 9.32481E-5 8.89435E-5 8.99089E-5 7.13929E-5 7.88207E-5 7.44131E-5 4.24006E-5 2.77258E-5 3.22683E-5 1.13688E-5 9.46503E-6 1.42677E-5 6.88939E-6 1.46636E-6 1.68678E-9 4.74366E-7 2.35438E-8 8.89175E-8 8.39647E-10 9.58297E-8 2.60493E-6 5.81012E-8 7.13342E-9 9.84197E-9 3.55253E-9 9.59257E-8 8.65125E-9 5.81113E-6 1.31666E-6 1.05787E-5 8.02864E-6 6.69512E-6 1.12636E-5 6.69784E-6 1.45838E-5 3.36419E-6 2.15714E-6 3.40825E-6 7.93303E-6 8.2948E-6 1.49131E-7 3.19468E-6 9.84547E-6 7.75783E-6 5.23281E-6 2.01594E-6 3.35653E-6 3.06252E-6 6.92294E-7 2.43608E-6 9.34622E-7 3.16719E-7 3.10711E-6 2.99023E-6 2.1664E-6 1.69074E-6 2.55355E-7 1.27389E-10 1.92933E-13 2.37364E-12 4.63708E-15 1.68055E-16
1.17584E-5 1.26613E-8 6.26125E-6 8.67527E-5 1.27E-4 4.9096E-5 1.10447E-4 7.32682E-5 4.8239E-5 1.43291E-5 2.77925E-5 2.76003E-5 1.90138E-5 1.08064E-5 6.54898E-6 5.78945E-6 1.77947E-6 8.91357E-10 7.39089E-7 5.29114E-11 2.41334E-11 1.18707E-5 1.10802E-5 1.70208E-5 1.21151E-5 6.96044E-6 3.88453E-9 7.7501E-9 7.1622E-12 1.66321E-11 7.64589E-8 1.49667E-8 9.0574E-9 2.02297E-6 6.07785E-6 7.22084E-6 5.46157E-7 5.045E-9 2.02629E-8 7.15697E-7 9.4828E-7 7.31047E-6 7.99692E-6 6.38858E-7 6.34327E-6 8.38369E-6 5.64767E-6 4.29826E-6 4.18455E-6 4.05247E-6 2.68417E-6 1.52127E-6 1.78611E-6 3.08268E-6 2.63697E-6 1.82108E-6 1.37128E-6 5.79888E-11 2.52059E-14 2.46005E-9 1.01628E-11 1.25816E-15 2.04153E-12 2.21808E-9 1.94176E-13
-9999 1.97404E-4 7.97785E-5 3.84072E-5 2.56076E-4 1.69494E-4 7.70173E-5 6.493E-5 5.26088E-5 7.18294E-6 1.32453E-5 2.43046E-5 1.95214E-5 1.16314E-5 3.22667E-6 3.33583E-8 9.44354E-6 1.50704E-5 1.84521E-5 3.52629E-5 2.87405E-5 2.39826E-6 6.2845E-7 7.2229E-6 1.3856E-5 1.4084E-7 4.38387E-6 3.4288E-7 1.05303E-9 2.03485E-13 6.46331E-13 2.45944E-6 2.15549E-6 1.28997E-7 6.03881E-7 3.25873E-8 2.84947E-6 2.05437E-7 1.85307E-7 3.72275E-8 1.71649E-6 4.58871E-8 1.41314E-8 9.46854E-7 5.05088E-7 2.44348E-6 2.99237E-6 1.55863E-6 2.32132E-6 5.2351E-6 3.55795E-6 2.43202E-6 3.0492E-6 2.29571E-6 1.43467E-6 5.94435E-7 5.61063E-11 2.87024E-14 7.02594E-16 3.72075E-15 8.12761E-15 4.48172E-14 3.54859E-10 2.60634E-8 4.10087E-8
