catData/rasterBestHybridModels/Pviverrinus/RD_RM1.5_L/Pviverrinus_median.asc
ncols         409
nrows         350
xllcorner     60.897278365
yllcorner     5.843756025
cellsize      0.0892857
NODATA_value  -9999
[rows 203 to 231 of 350, columns 132 to 197 of 409]
-9999 -9999 -9999 6.60485E-5 5.8081E-5 3.42699E-5 3.9143E-5 5.57603E-5 2.26835E-5 3.44519E-6 4.7974E-7 6.6951E-7 5.25792E-7 5.37403E-7 7.32124E-7 1.63033E-6 1.96802E-6 2.55353E-6 2.17791E-6 1.0861E-6 9.60732E-7 2.76152E-6 8.53975E-7 7.59493E-7 4.76694E-7 9.59818E-7 9.69431E-7 1.47923E-6 2.65766E-6 8.84713E-7 1.23635E-6 8.5007E-7 7.6427E-7 6.26012E-7 8.23934E-7 6.27074E-7 1.9637E-7 2.5225E-7 9.01852E-7 3.66297E-7 7.76043E-7 1.43979E-6 3.56611E-6 1.65858E-7 6.31342E-7 7.92964E-7 8.92157E-7 1.44712E-6 1.31606E-6 5.46826E-7 1.3605E-6 2.00057E-6 7.15708E-7 8.21058E-7 1.55214E-6 3.6556E-6 1.24297E-6 1.22266E-7 3.64305E-7 3.45995E-6 7.83753E-6 6.33613E-7 1.51648E-5 1.01945E-5 9.83553E-6 9.93786E-6
-9999 -9999 2.72441E-4 7.25924E-5 3.85855E-5 7.88225E-5 7.04438E-5 2.40166E-5 8.48432E-6 1.14981E-6 8.90765E-7 2.38921E-7 6.15995E-7 1.22779E-6 1.59322E-6 1.09594E-6 9.03758E-7 2.75627E-6 2.39043E-6 2.30427E-6 2.02536E-6 4.54659E-6 1.75521E-6 1.55095E-6 1.86813E-6 1.2093E-6 1.12486E-6 1.5215E-6 2.91068E-6 1.3083E-6 1.83208E-6 6.87534E-7 4.31757E-7 4.84441E-7 5.09424E-7 6.51415E-7 1.77689E-7 4.85738E-8 1.53254E-7 1.24533E-7 3.59039E-7 7.07663E-7 1.31224E-6 1.80354E-6 4.19964E-7 2.06812E-7 1.33328E-6 1.13171E-6 6.22893E-7 2.51416E-7 1.37159E-6 3.56503E-6 3.66829E-6 6.28218E-7 2.74622E-6 1.28323E-6 3.3598E-7 9.92782E-8 2.08891E-6 1.58365E-6 9.08052E-6 2.16116E-6 3.70065E-6 1.37846E-6 5.28285E-6 2.14357E-6
-9999 -9999 1.20438E-4 3.96403E-6 2.95773E-5 2.65896E-5 3.72901E-5 1.58924E-5 2.61067E-6 1.72439E-6 1.54426E-6 2.25954E-6 1.4362E-6 1.09814E-6 2.07751E-6 2.13104E-6 1.53821E-6 9.81044E-7 1.31507E-6 3.18872E-6 4.78187E-6 5.3521E-6 2.60699E-6 1.93564E-6 2.16125E-6 2.35904E-6 4.23804E-7 5.27597E-7 3.41235E-6 1.97705E-6 7.70851E-7 6.08293E-7 7.11838E-7 6.27028E-7 2.79151E-7 8.07256E-7 1.69574E-6 4.89413E-7 1.44452E-7 1.81628E-7 2.62822E-7 1.96656E-7 4.33161E-7 4.59546E-7 8.81351E-8 4.45323E-7 3.71548E-7 1.9142E-6 1.31709E-6 1.11787E-6 2.19E-6 2.97203E-6 1.47966E-6 2.83369E-6 3.35746E-6 6.18238E-7 1.55269E-7 2.17315E-7 1.27954E-6 6.2667E-6 9.08558E-6 1.76682E-6 1.14657E-6 1.64537E-6 2.80258E-6 4.03785E-6
-9999 -9999 1.37148E-4 6.36185E-5 2.84223E-5 2.89138E-5 2.70186E-5 1.71729E-5 6.93788E-6 6.94229E-7 2.21288E-6 1.61311E-6 1.16996E-5 3.39147E-6 4.71186E-6 2.15788E-6 1.49689E-6 2.66792E-6 1.48736E-6 1.87748E-6 4.70316E-6 4.78178E-6 3.41831E-6 1.15223E-6 1.72195E-6 2.45567E-6 4.91625E-6 9.28069E-7 1.78942E-6 2.09235E-6 1.59305E-6 5.30373E-7 3.4198E-7 3.38029E-7 2.13809E-7 2.81954E-7 2.3473E-7 2.11886E-7 1.23336E-7 8.75081E-8 8.78243E-8 3.44131E-7 1.04262E-7 6.34544E-7 7.42679E-7 4.16611E-7 3.01029E-7 6.27686E-7 6.93631E-7 3.62114E-7 5.74846E-7 1.97548E-6 9.18262E-7 1.581E-6 8.94407E-7 5.31317E-6 1.58462E-6 4.96313E-6 1.03392E-5 1.09969E-5 5.81542E-6 9.31571E-6 1.21289E-6 3.49236E-6 7.76299E-6 3.88302E-6
-9999 -9999 2.07045E-4 4.01714E-5 5.50355E-5 1.69309E-5 8.10488E-5 1.23276E-5 1.33523E-5 1.50149E-6 4.62507E-7 1.50839E-6 6.91556E-6 9.07415E-5 6.9255E-6 5.30834E-6 5.58092E-6 5.58315E-6 5.37798E-6 9.36946E-6 4.64616E-6 5.02844E-6 1.01577E-6 1.49011E-6 1.76965E-6 2.45256E-6 2.00635E-6 3.30168E-6 9.58419E-7 1.29476E-6 1.84689E-6 3.24489E-6 1.81288E-6 7.5762E-7 7.39653E-7 2.57986E-7 1.23055E-7 1.54011E-7 7.33116E-7 6.33094E-7 6.52852E-7 2.14824E-6 6.18637E-7 3.74868E-7 4.43211E-7 3.48668E-7 4.3532E-7 6.34489E-7 1.06553E-6 1.20976E-7 1.37511E-6 2.0865E-6 1.34838E-6 5.1898E-7 6.91223E-7 4.97206E-7 4.48186E-6 9.48759E-6 9.88939E-6 8.76135E-6 9.05768E-6 7.451E-6 2.21466E-6 2.85279E-6 6.45189E-6 3.5297E-6
-9999 -9999 1.87342E-4 1.54415E-4 1.51743E-4 1.17297E-4 2.6514E-5 1.61996E-5 1.42261E-5 3.91754E-6 7.48695E-7 1.54195E-6 3.1876E-6 1.62167E-5 3.30526E-6 6.35773E-6 3.52632E-6 4.42938E-6 2.94997E-6 9.81874E-6 1.32137E-5 3.554E-6 1.85109E-6 3.37889E-6 2.45366E-6 3.23852E-6 1.72786E-6 3.25014E-6 1.2292E-6 1.15129E-6 3.04088E-6 1.8756E-6 2.46414E-6 1.11279E-6 3.65466E-7 3.22397E-7 2.53528E-7 2.58304E-7 5.06805E-7 2.20924E-7 2.72877E-7 3.45492E-7 1.42069E-6 2.61329E-6 1.09346E-6 8.45965E-7 3.12143E-7 3.86402E-7 2.59432E-7 1.05573E-6 1.1025E-6 6.2776E-7 2.85525E-7 6.15487E-7 1.25576E-7 3.78742E-7 1.41134E-6 8.8908E-6 5.20506E-6 1.76562E-6 1.17285E-6 1.13204E-6 4.4384E-6 3.88576E-6 2.37977E-6 1.85116E-6
-9999 -9999 1.58684E-4 1.16047E-4 3.81845E-5 1.66566E-4 5.7732E-5 5.15764E-5 6.39393E-6 4.11827E-6 1.17399E-6 1.75606E-6 3.00052E-7 1.64927E-7 1.10897E-6 1.7244E-6 1.46143E-6 1.45543E-6 2.00716E-6 1.42036E-6 1.31991E-6 5.85385E-7 1.04954E-6 5.01621E-6 2.51215E-6 4.49846E-6 1.17588E-6 1.14071E-6 1.19879E-6 1.07391E-6 1.08202E-6 2.31376E-6 1.62293E-6 1.87068E-6 1.2328E-6 6.47013E-7 2.70141E-7 2.49243E-7 7.9395E-7 3.81245E-7 2.64561E-7 1.22592E-7 1.62892E-7 8.48346E-7 2.06387E-6 1.0687E-6 6.4772E-7 1.83397E-7 3.19303E-7 4.79325E-7 2.22031E-6 1.36232E-6 6.74652E-7 1.18704E-6 2.16173E-7 2.60414E-7 6.79561E-7 3.32161E-6 8.83632E-6 5.27543E-6 8.73431E-7 3.60331E-7 1.17844E-6 1.76132E-6 9.47331E-7 5.49771E-6
-9999 -9999 -9999 1.58531E-4 8.57258E-5 4.16778E-5 8.28037E-5 3.3329E-5 6.89489E-6 1.41708E-6 3.29201E-7 6.04898E-7 1.91133E-7 2.64105E-7 3.69476E-7 1.13975E-6 2.07303E-6 1.18573E-6 3.73131E-6 2.57934E-6 4.90769E-6 2.17745E-6 4.00836E-6 5.57249E-6 3.76812E-6 2.33155E-6 2.79437E-6 1.32995E-6 1.83893E-6 1.65768E-6 1.25767E-6 1.43405E-6 7.78198E-7 1.69133E-6 2.21085E-6 2.7736E-6 1.08886E-6 7.59994E-7 8.15375E-7 3.09211E-7 2.63842E-7 3.39118E-7 6.74005E-7 4.80867E-7 7.94641E-7 4.64768E-7 1.09144E-6 6.92555E-7 4.05084E-7 6.85012E-7 2.27156E-7 4.96898E-7 1.23535E-7 5.16572E-7 7.5588E-7 1.42316E-6 7.43378E-7 3.57848E-7 9.88235E-6 7.74383E-6 5.31842E-6 9.88238E-7 3.0251E-7 1.13309E-6 4.42113E-7 9.11955E-7
-9999 -9999 -9999 -9999 9.05144E-5 3.56703E-5 1.871E-4 5.74318E-5 2.18343E-5 1.10223E-5 1.41017E-6 1.7659E-6 1.32222E-6 2.05043E-7 1.36695E-6 1.62509E-6 1.39008E-6 8.34431E-7 2.9337E-6 2.47871E-6 3.8485E-6 1.58172E-6 1.45907E-6 2.35468E-6 4.12148E-6 4.39499E-6 9.68234E-6 4.07307E-6 5.91472E-7 9.02056E-7 1.50773E-6 1.3476E-6 3.63647E-6 2.02356E-6 8.85055E-7 1.18441E-6 1.54619E-6 8.38632E-7 6.12132E-7 4.80816E-7 4.12512E-7 1.37883E-7 3.93728E-7 3.3887E-7 3.30698E-7 2.93102E-7 1.08051E-6 7.12032E-7 2.2302E-7 2.65295E-7 3.30245E-7 7.24804E-8 6.38642E-7 5.83003E-7 3.89542E-6 6.6554E-7 1.08685E-6 2.1008E-6 4.89929E-6 5.89054E-6 3.50304E-6 4.38647E-6 1.2779E-6 1.86379E-6 9.94396E-7 6.20767E-7
-9999 -9999 -9999 1.68591E-4 1.15133E-4 1.09857E-4 8.84649E-5 7.04365E-5 1.03827E-5 8.1959E-5 1.00986E-5 1.00317E-6 1.76046E-7 3.60427E-7 1.91814E-6 3.08631E-6 2.39665E-6 5.12466E-6 5.22199E-6 3.43504E-6 5.9503E-6 6.97343E-6 5.52767E-6 3.32393E-6 1.78987E-6 1.83212E-6 3.39138E-6 1.03745E-5 1.22305E-6 1.40914E-6 3.7959E-6 1.81629E-6 7.59823E-7 1.35449E-6 9.75347E-7 2.17813E-6 6.71597E-7 9.58135E-7 5.53861E-7 9.10042E-8 1.7052E-7 5.59739E-7 3.31879E-7 2.5909E-7 5.29065E-7 1.36273E-7 5.15512E-7 4.99866E-7 3.09058E-7 1.51058E-7 6.79967E-7 3.18582E-7 1.43709E-7 5.00921E-7 2.22395E-6 8.43239E-7 2.22865E-7 2.30888E-7 1.33024E-6 7.97992E-6 4.23553E-6 2.08884E-6 1.89043E-6 1.45457E-6 2.889E-7 5.78724E-7
-9999 -9999 -9999 -9999 1.80135E-4 1.11861E-4 3.0777E-5 4.54541E-5 4.29755E-5 9.97788E-6 3.3774E-6 6.61804E-7 7.80855E-8 9.25788E-8 4.944E-7 1.45486E-6 1.55004E-6 1.58477E-6 4.52056E-6 4.64407E-6 8.71903E-6 1.0015E-5 9.00954E-6 3.21397E-6 2.61402E-6 1.4309E-6 4.42986E-6 4.48067E-6 1.70849E-6 2.35127E-6 2.24488E-6 1.28268E-6 7.21371E-7 2.96354E-6 3.80198E-7 1.59701E-6 2.55382E-6 1.88072E-6 1.09026E-6 8.18684E-7 3.09205E-7 8.27384E-7 9.48298E-7 3.31861E-7 5.25906E-7 9.21765E-7 1.07731E-6 1.02612E-6 3.4008E-7 2.68549E-7 1.36158E-7 9.42813E-7 3.67928E-7 2.78162E-7 3.77037E-7 1.22797E-6 1.06837E-6 1.22515E-7 2.36418E-7 7.13156E-7 2.3476E-7 2.41864E-6 8.83777E-7 6.98821E-7 1.29335E-6 5.26017E-7
-9999 -9999 -9999 -9999 1.8429E-4 1.18517E-4 3.12117E-5 1.41674E-5 1.18669E-5 1.71854E-5 2.95941E-6 4.44925E-7 5.45353E-7 5.25151E-7 3.95496E-7 7.2841E-7 1.69465E-6 2.13433E-6 2.38109E-6 1.44119E-6 1.69041E-6 1.13636E-6 3.09751E-6 1.11957E-6 1.23903E-6 1.37883E-6 3.48759E-6 6.42504E-6 3.10802E-6 6.79351E-7 3.59564E-7 1.10201E-6 1.1425E-6 3.83032E-7 2.06837E-6 1.77896E-6 1.79025E-6 3.91049E-6 1.12439E-6 1.63552E-6 1.16573E-6 6.82764E-7 3.21202E-7 3.6262E-7 2.85401E-7 4.6048E-7 2.79148E-7 2.09403E-7 6.99325E-7 3.41376E-7 9.46439E-8 9.46544E-7 2.38672E-7 5.51578E-7 2.3502E-7 1.40688E-6 1.25334E-6 4.18599E-7 1.56858E-7 1.28477E-7 3.37863E-7 1.63671E-6 9.4219E-7 2.29508E-7 4.87699E-7 4.24674E-7
-9999 -9999 -9999 -9999 2.43432E-4 2.59104E-4 1.55035E-5 1.04026E-5 1.17944E-5 2.34616E-5 5.69828E-6 9.27364E-7 2.24979E-7 5.6769E-7 1.70733E-6 3.65311E-7 7.04849E-7 8.32421E-7 1.35269E-6 8.27622E-7 4.70919E-7 1.26123E-7 4.14967E-7 1.37111E-6 2.70525E-6 2.24594E-6 3.98957E-6 8.82107E-6 1.80667E-6 1.20885E-6 1.69551E-6 1.60702E-6 3.9675E-6 7.61692E-7 3.1335E-6 1.35639E-6 1.8546E-6 2.66324E-6 2.12219E-6 3.56166E-6 1.54978E-6 4.71963E-7 1.78278E-7 6.78222E-7 1.12837E-6 2.29882E-7 1.79017E-7 3.74075E-7 2.8465E-7 2.1387E-7 4.55518E-7 1.29542E-6 6.35215E-7 4.18074E-7 8.03281E-8 1.30287E-7 4.23772E-7 1.26276E-6 2.68746E-7 2.09491E-7 3.48313E-7 1.18202E-6 1.91625E-6 1.93142E-6 8.31729E-8 8.31499E-8
-9999 -9999 -9999 -9999 -9999 2.84529E-4 3.38986E-5 8.64695E-6 2.172E-5 3.68958E-5 6.0997E-6 2.60038E-6 4.55029E-7 7.01358E-7 2.21101E-6 1.84688E-6 1.15457E-6 8.379E-7 5.7423E-7 4.44888E-7 8.35361E-7 7.19967E-7 1.38402E-6 1.17662E-6 2.29225E-6 2.05297E-6 1.64766E-6 2.83616E-6 3.80963E-6 3.82071E-6 2.94271E-6 6.79274E-6 3.04522E-6 1.63798E-6 2.36739E-6 4.04676E-6 1.3179E-6 2.42421E-6 1.71879E-6 2.93065E-6 8.58054E-7 1.22668E-6 1.75064E-6 1.73926E-6 7.52328E-7 2.2905E-7 1.95733E-7 1.27937E-7 8.91493E-8 6.19703E-7 6.23641E-7 4.62138E-7 1.23383E-6 6.50368E-7 6.3025E-7 2.95783E-7 3.53011E-7 5.00048E-7 2.80831E-6 2.38592E-7 2.96795E-7 1.75358E-6 7.9435E-7 2.39543E-6 4.24113E-7 7.99704E-8
-9999 -9999 -9999 -9999 -9999 1.25896E-4 4.43745E-5 1.34018E-5 1.55474E-5 1.57556E-5 3.66255E-5 1.02681E-5 2.95741E-6 3.4901E-7 4.59074E-7 9.31187E-7 2.2261E-6 4.57347E-7 5.52418E-7 9.39295E-7 7.14379E-7 6.54373E-7 3.91878E-6 4.06292E-6 4.57968E-6 2.90766E-6 1.80155E-6 3.66093E-6 4.76414E-6 4.81153E-6 3.97034E-6 1.19816E-5 4.99337E-6 2.12453E-6 3.57217E-6 3.22432E-6 6.83508E-6 1.77737E-6 1.45372E-6 2.34887E-7 8.31638E-7 7.51618E-7 1.91667E-7 5.55384E-7 1.13615E-6 5.20666E-7 4.13335E-7 2.75151E-7 2.67892E-7 5.2313E-7 5.93989E-7 5.66677E-7 3.23899E-7 1.25406E-6 4.53749E-7 6.79322E-7 2.46017E-7 6.76452E-7 2.44067E-7 6.22387E-7 7.4731E-7 2.6257E-7 4.77114E-7 6.74317E-7 4.99015E-8 2.22619E-7
-9999 -9999 -9999 -9999 -9999 1.32774E-4 7.08875E-5 6.7878E-5 8.99543E-5 4.90724E-5 2.42584E-5 1.8769E-5 2.33933E-6 1.51399E-6 8.4572E-7 8.82067E-7 5.9835E-6 7.27912E-7 7.9888E-7 6.49765E-7 9.36784E-7 1.45676E-6 1.78383E-6 2.36039E-6 2.2391E-6 3.14639E-6 2.16064E-6 1.77672E-6 2.42813E-6 5.07004E-7 3.55223E-6 2.95189E-6 2.43208E-6 3.49901E-6 4.15472E-6 3.85106E-6 2.79911E-6 7.19877E-7 1.68489E-6 2.22382E-7 6.87651E-7 2.13165E-6 8.34433E-7 4.4503E-7 2.80836E-6 2.36101E-7 2.47624E-7 2.12204E-7 4.49073E-7 2.13841E-7 5.67201E-7 2.35927E-7 1.55089E-6 1.03237E-6 1.39977E-6 4.85074E-7 1.05331E-6 1.855E-7 3.04297E-7 9.44128E-7 1.26255E-6 2.71769E-6 3.95571E-7 8.56925E-7 7.46992E-7 8.24867E-8
-9999 -9999 -9999 -9999 -9999 -9999 8.25626E-5 1.07879E-4 3.08185E-5 2.92369E-5 4.30519E-5 1.20657E-5 3.054E-6 5.77153E-7 3.21834E-7 3.39952E-6 1.66223E-6 5.48534E-7 8.52679E-7 7.30229E-7 1.4109E-6 9.37715E-7 1.3368E-6 2.57904E-6 3.02323E-6 3.57037E-6 2.84918E-6 2.89559E-6 2.1586E-6 3.33167E-6 3.97142E-6 1.44028E-6 2.76859E-6 2.03792E-6 5.83205E-6 1.82198E-6 1.25101E-6 8.55955E-7 3.90569E-7 7.24535E-7 6.65623E-7 1.31837E-6 1.30992E-6 2.81927E-7 3.83535E-7 9.31591E-7 1.84821E-6 1.26494E-6 2.60641E-6 4.73506E-7 9.45534E-8 4.38503E-7 1.98621E-6 4.26155E-7 1.0028E-6 7.64232E-7 2.38901E-7 2.82125E-7 1.52759E-7 2.45286E-7 6.08071E-7 5.3818E-7 5.32061E-7 4.02512E-6 1.14841E-5 2.2921E-6
-9999 -9999 -9999 -9999 -9999 -9999 3.58718E-5 1.2424E-4 7.37459E-5 8.02301E-5 8.67427E-5 9.58631E-6 3.71192E-6 3.99571E-7 3.38001E-6 5.43211E-6 1.87986E-6 7.92505E-7 5.27045E-7 1.30045E-6 1.66532E-6 2.12588E-6 1.22517E-6 3.13341E-6 3.77513E-6 3.67601E-6 3.07951E-6 3.31159E-6 1.1018E-6 5.78686E-6 6.14474E-6 1.5159E-6 5.13011E-6 1.86335E-6 1.6164E-6 3.44085E-6 1.1999E-6 1.45635E-6 4.36479E-7 1.03265E-6 1.02819E-6 9.10333E-7 7.92304E-7 8.75561E-7 3.37998E-7 4.23313E-7 8.73694E-7 7.72796E-7 1.82623E-6 2.67972E-6 7.34879E-7 3.23649E-7 1.15811E-6 9.99968E-7 1.18644E-6 4.29135E-7 4.77436E-7 1.76815E-7 1.09328E-7 2.92348E-7 4.85002E-7 6.56403E-7 9.52278E-7 3.55234E-6 9.0508E-5 4.148E-5
-9999 -9999 -9999 -9999 -9999 -9999 1.33343E-4 1.00931E-4 1.42367E-4 4.93263E-5 6.61127E-5 7.04128E-6 3.06802E-6 3.77446E-7 1.5397E-6 1.13877E-5 9.55572E-6 1.19609E-6 2.45857E-7 6.53012E-7 6.63481E-8 4.4248E-7 7.30851E-7 7.93575E-7 3.77307E-6 3.40604E-6 5.719E-6 4.3614E-6 1.70065E-6 3.45602E-6 2.82603E-6 3.92697E-6 1.94421E-6 3.15028E-6 1.85131E-6 1.90678E-6 1.52144E-6 4.31438E-7 2.41221E-6 1.50529E-6 4.14086E-6 3.68328E-6 1.12055E-6 4.93264E-7 4.56186E-7 4.03933E-7 8.70529E-7 9.87139E-7 6.85493E-7 1.60626E-6 4.34753E-6 3.0938E-6 1.77128E-6 2.1504E-6 7.35526E-7 9.87034E-7 2.24991E-7 2.00883E-7 2.10666E-7 4.09882E-7 3.39823E-7 7.80761E-7 1.59423E-6 2.07367E-6 1.43202E-5 5.95261E-6
-9999 -9999 -9999 -9999 -9999 -9999 1.62583E-4 1.33381E-4 1.15636E-4 1.93672E-4 1.27361E-4 1.15171E-5 4.4188E-6 1.07517E-6 2.59874E-7 6.25665E-7 6.77937E-6 3.46636E-6 5.58904E-7 2.83976E-7 1.63561E-7 8.04385E-7 2.31641E-7 5.37803E-7 4.11522E-7 1.71802E-6 4.55466E-6 5.00326E-6 3.16977E-6 3.21397E-6 5.5734E-6 4.1642E-6 4.28445E-6 3.73504E-6 3.33725E-6 2.47458E-6 3.28343E-6 8.08882E-7 9.93691E-7 2.18028E-6 5.0314E-6 5.59283E-6 2.24577E-6 1.5442E-6 5.5459E-8 2.66227E-7 3.56999E-7 4.03414E-7 1.29876E-6 6.60858E-6 9.10246E-6 4.53537E-6 2.00709E-6 7.59054E-7 3.59456E-7 9.35599E-7 1.72716E-6 2.55073E-7 2.1748E-7 4.55587E-7 1.19339E-7 9.22076E-7 1.90156E-6 4.55743E-6 2.6931E-6 3.48804E-6
-9999 -9999 -9999 -9999 -9999 -9999 2.9788E-4 9.0951E-5 1.22431E-4 1.76917E-4 1.03699E-4 1.86043E-5 3.41784E-6 1.88588E-6 6.61499E-7 5.99821E-7 4.87078E-6 2.06854E-5 3.02855E-6 1.15166E-6 5.40113E-7 5.53799E-7 3.43508E-7 1.40688E-7 2.89416E-7 2.00367E-6 4.11969E-6 4.16755E-6 4.22458E-6 2.45843E-6 3.01837E-6 5.86758E-6 3.9972E-6 3.2034E-6 2.48739E-6 4.49589E-6 3.52254E-6 2.11009E-6 2.5479E-6 3.57625E-6 5.11721E-6 5.33385E-6 2.62762E-6 1.76111E-6 8.8478E-7 4.78713E-6 1.0641E-5 3.17164E-6 4.30583E-6 4.63774E-6 5.53357E-6 4.60491E-6 5.88949E-7 2.97337E-7 8.59174E-7 1.27757E-6 5.34741E-6 9.1009E-7 2.15768E-7 2.52691E-7 1.06121E-7 6.08644E-7 3.19551E-6 1.98243E-6 2.42147E-6 7.75343E-7
-9999 -9999 -9999 -9999 -9999 -9999 -9999 9.9754E-5 1.18905E-4 1.81101E-4 1.77167E-4 9.17483E-5 2.87929E-5 5.36492E-6 9.46628E-7 7.67786E-7 1.2508E-6 5.6112E-6 5.91745E-6 2.90146E-6 1.10029E-6 5.04746E-7 4.31949E-7 4.16197E-7 1.60591E-7 3.44295E-6 4.13955E-6 3.72614E-6 3.31533E-6 1.42922E-6 4.56897E-6 6.18838E-6 5.46678E-6 3.15439E-6 1.75119E-6 4.16582E-6 1.46175E-6 2.81278E-6 1.51195E-6 1.8581E-6 2.41168E-6 5.0945E-6 6.95605E-6 9.42316E-7 1.23037E-6 6.82567E-7 3.12715E-6 1.6773E-6 1.0769E-6 3.315E-6 2.61566E-6 2.82491E-6 7.28752E-7 1.13718E-6 1.15646E-6 3.65261E-6 7.23118E-6 2.11403E-6 6.79149E-7 7.80818E-7 2.84225E-6 2.15003E-6 3.74692E-6 1.73399E-6 1.06512E-6 1.27017E-6
-9999 -9999 -9999 -9999 -9999 -9999 -9999 8.20783E-5 1.96507E-4 2.02305E-4 2.06378E-4 9.45197E-5 1.33745E-5 6.12992E-6 2.7765E-6 4.98049E-6 2.20943E-6 7.00429E-6 8.88827E-6 3.52691E-6 1.88235E-6 3.15484E-6 3.57365E-7 1.15043E-7 1.2389E-6 1.27067E-6 2.50297E-6 3.83128E-6 5.65805E-7 1.3024E-6 2.4201E-6 3.27272E-6 3.96868E-6 5.47813E-6 5.8819E-6 1.53967E-6 3.23445E-6 5.64824E-6 2.5964E-6 1.15493E-6 9.99663E-7 3.78039E-6 2.65891E-6 1.80863E-6 9.26053E-7 2.46418E-7 2.39689E-6 1.009E-6 1.12814E-6 6.95767E-7 7.96704E-7 1.92408E-6 1.57421E-6 1.34216E-6 3.3605E-6 4.07948E-6 3.08504E-6 2.81858E-6 1.09789E-6 1.27623E-6 1.24065E-6 6.24854E-6 1.50199E-6 1.94306E-6 2.06861E-6 1.30095E-6
-9999 -9999 -9999 -9999 -9999 -9999 -9999 7.19003E-5 6.3211E-5 2.20388E-4 2.37731E-4 7.66239E-5 7.24626E-6 4.46086E-6 3.81016E-7 8.66242E-7 3.5818E-6 1.51696E-5 1.57242E-5 8.25575E-6 1.50953E-6 7.50042E-6 3.59674E-6 1.15523E-6 6.32131E-8 1.7908E-6 3.27598E-6 2.25073E-6 8.10765E-7 4.97701E-7 5.02384E-7 2.73203E-6 3.46916E-6 2.16351E-6 5.6289E-6 3.79407E-6 2.58357E-6 2.07811E-6 4.69594E-6 2.22864E-6 1.27314E-6 5.94542E-7 1.12067E-6 4.89309E-7 1.97456E-7 8.28626E-7 6.51767E-6 3.56236E-6 5.85242E-7 8.28117E-6 1.31906E-6 1.26374E-6 6.75463E-7 1.04249E-6 8.14027E-6 9.02076E-6 2.40792E-6 6.07716E-6 2.1439E-6 4.86339E-7 9.01189E-7 4.28204E-7 1.39165E-6 3.27168E-6 4.77534E-6 3.02852E-6
-9999 -9999 -9999 -9999 -9999 -9999 -9999 1.45698E-4 1.51341E-4 2.06358E-4 2.87337E-4 1.29933E-4 2.29082E-5 1.11003E-5 4.79709E-6 6.07978E-6 3.54647E-6 1.53176E-6 5.46405E-7 1.37839E-6 2.28914E-6 3.01317E-6 2.34077E-6 2.94064E-6 2.93775E-6 2.23713E-6 1.21453E-6 1.83395E-6 2.85671E-6 3.56763E-7 6.398E-7 1.73817E-6 1.23254E-6 1.72897E-6 1.79235E-6 2.35782E-6 1.81029E-6 2.19855E-6 1.46113E-6 1.38219E-6 1.6875E-6 1.51436E-6 2.11476E-6 6.86761E-7 4.49917E-7 2.1197E-6 1.65104E-6 6.07619E-7 1.31375E-6 4.97174E-6 1.1382E-5 3.54699E-6 3.60202E-6 2.09255E-6 7.37403E-6 3.31327E-6 3.77359E-6 6.03422E-6 1.61744E-6 1.31075E-6 2.96229E-7 9.32065E-7 2.30857E-6 3.54581E-6 2.33346E-6 2.76323E-6
-9999 -9999 -9999 -9999 -9999 -9999 -9999 9.06128E-5 1.38941E-4 1.8023E-4 2.65335E-4 3.04974E-4 1.01217E-4 1.0959E-5 6.24373E-6 5.82154E-6 2.44915E-5 5.75949E-6 1.44675E-5 7.51275E-6 1.4365E-5 1.07668E-5 4.68304E-6 3.53457E-6 3.26569E-6 2.48926E-6 2.6591E-6 3.32933E-6 1.68254E-6 1.01131E-6 2.03553E-6 2.94286E-6 2.32961E-6 4.488E-6 5.22448E-6 2.02962E-6 1.16974E-6 8.74529E-7 3.90306E-7 6.21498E-7 7.76468E-7 5.71226E-7 3.61722E-7 1.90933E-6 3.08285E-6 3.00184E-6 2.21628E-6 7.47396E-6 5.62459E-6 1.13309E-5 1.34937E-5 1.13165E-5 5.22181E-6 9.054E-6 1.21566E-5 2.46994E-6 5.12922E-6 2.09494E-6 1.39627E-6 1.52478E-6 6.83186E-7 2.67408E-7 5.584E-6 2.2079E-6 2.69541E-6 4.58798E-6
-9999 -9999 -9999 -9999 -9999 -9999 -9999 1.1978E-4 2.2647E-5 1.73316E-4 3.37326E-4 3.70298E-4 1.40757E-4 1.33618E-5 1.25097E-5 6.27541E-6 4.8189E-6 5.716E-7 1.09646E-6 9.27371E-6 6.01577E-6 8.28535E-6 3.87198E-6 2.50269E-6 3.58633E-6 8.60225E-6 4.03986E-6 5.29295E-6 7.13184E-6 3.55742E-6 2.08664E-6 2.43138E-6 8.68548E-7 2.80707E-6 2.09021E-6 1.76022E-6 8.47002E-7 9.76837E-7 1.43648E-6 2.56848E-7 3.27331E-7 1.80869E-6 2.78039E-6 1.3468E-5 4.0685E-6 6.96578E-6 5.11086E-6 2.87614E-6 4.59244E-6 9.56739E-6 1.32491E-5 1.21874E-5 1.169E-5 6.71865E-6 6.6772E-6 8.39054E-6 6.16111E-6 3.86117E-6 3.19527E-6 5.27111E-6 7.43876E-6 1.87784E-6 1.94008E-6 3.2667E-6 3.19076E-6 2.94015E-6
-9999 -9999 -9999 -9999 -9999 -9999 -9999 7.87905E-5 1.53155E-5 9.63988E-5 2.88233E-4 2.42025E-4 1.24472E-4 1.10404E-5 6.17291E-6 4.53758E-6 1.33932E-5 2.59649E-6 2.77892E-6 6.70473E-6 2.37849E-6 3.93657E-6 3.24004E-6 9.00274E-6 4.37412E-6 6.12218E-6 8.54929E-6 4.39485E-6 6.228E-6 4.85151E-6 9.23311E-6 2.66017E-6 1.29428E-6 3.13407E-6 2.96008E-6 3.65251E-6 3.10213E-6 4.55144E-6 2.87485E-6 4.2487E-6 2.94728E-7 1.77713E-6 1.52354E-6 6.76777E-6 3.10488E-6 4.1901E-6 8.51744E-6 6.85231E-6 9.00635E-6 1.24466E-5 1.31258E-5 1.16492E-5 1.15804E-5 7.35682E-6 1.12794E-5 1.33719E-5 5.36791E-6 9.11373E-6 7.81975E-6 2.87312E-6 1.97344E-6 1.28437E-6 4.72563E-6 1.51677E-6 2.72988E-6 4.14959E-6
-9999 -9999 -9999 -9999 -9999 -9999 -9999 -9999 2.91381E-5 7.66351E-5 2.22397E-4 2.35355E-4 1.21422E-4 1.12672E-5 8.60712E-6 1.30551E-5 3.22798E-6 3.68919E-6 2.61344E-6 6.90485E-7 5.15313E-7 1.02397E-6 2.77077E-6 2.1716E-6 2.29318E-6 7.57294E-6 1.08674E-5 7.59904E-6 4.53625E-6 2.92878E-6 4.19104E-6 6.8735E-6 3.26701E-6 5.33219E-6 5.97701E-6 6.55753E-6 1.19774E-6 4.32977E-6 1.81951E-6 8.15969E-7 1.54532E-6 2.75904E-6 1.08919E-5 6.48184E-6 3.8389E-6 6.70808E-6 6.17159E-6 4.22179E-6 3.6735E-6 4.63937E-6 8.11167E-6 7.11054E-6 7.91657E-6 1.65992E-5 1.74045E-5 1.10502E-5 8.06153E-6 1.14631E-5 3.73831E-6 1.60592E-5 2.81577E-6 7.50373E-7 5.52024E-6 5.33977E-6 3.7632E-6 3.72586E-6
