catData/rasterBestHybridModels/Pviverrinus/RD_RM1.5_L/Pviverrinus_avg.asc
ncols         409
nrows         350
xllcorner     60.897278365
yllcorner     5.843756025
cellsize      0.0892857
NODATA_value  -9999
[rows 174 to 202 of 350, columns 132 to 197 of 409]
1.38711E-4 2.96892E-4 3.08374E-4 1.45857E-4 1.06706E-4 7.54543E-5 3.90971E-5 2.48046E-5 2.35849E-5 2.6237E-5 1.76784E-5 4.44157E-6 1.29406E-5 3.62823E-5 4.31285E-5 4.63841E-5 4.10524E-5 4.23005E-5 2.99551E-5 3.16778E-5 1.99927E-5 2.53396E-5 1.00664E-5 1.2861E-5 1.10685E-5 8.42963E-6 1.01036E-5 4.13439E-6 1.08092E-6 7.4983E-7 1.09436E-6 7.54837E-7 2.34719E-6 7.63616E-7 1.1456E-6 2.7202E-7 4.86554E-7 6.08637E-7 5.67791E-7 2.30623E-7 6.32252E-7 9.95989E-7 6.9286E-6 3.23979E-6 2.69893E-6 4.89139E-6 5.8864E-6 3.25587E-6 3.26671E-6 3.4924E-6 3.44604E-6 2.97726E-6 1.58418E-6 5.51131E-7 8.68223E-8 1.3161E-7 2.30004E-7 4.16264E-7 7.48545E-7 1.68044E-7 1.46852E-6 1.22653E-6 1.78743E-7 3.78206E-6 4.45776E-6 2.59917E-6
-9999 3.08998E-4 3.0264E-4 2.379E-4 1.24109E-4 3.48114E-5 1.90504E-5 9.72215E-6 3.09026E-5 2.46856E-5 1.66661E-5 1.53807E-5 3.16624E-5 5.5091E-5 1.12887E-5 1.46461E-5 3.33874E-5 3.06485E-5 3.54093E-5 2.81661E-5 2.73319E-5 2.92413E-5 2.8736E-5 2.58247E-5 1.66843E-5 7.27228E-6 6.27809E-6 5.7921E-6 1.32061E-6 1.65214E-6 1.71022E-6 1.33501E-6 2.65801E-6 1.58917E-7 8.53483E-8 6.8946E-7 2.98552E-6 1.06655E-6 8.83859E-7 1.87215E-6 6.73834E-7 2.41853E-6 4.91218E-6 3.88325E-6 1.7103E-6 4.70773E-6 2.63625E-6 7.6149E-7 4.62661E-6 4.10782E-6 3.10367E-6 1.90898E-6 4.78476E-7 1.26719E-6 1.70923E-6 2.86943E-6 1.43031E-6 1.77696E-6 3.15223E-6 4.58139E-6 4.61858E-6 2.79544E-6 7.54703E-7 1.19874E-5 5.80753E-6 2.64959E-6
2.36415E-4 3.42875E-4 3.52459E-4 2.5208E-4 2.03677E-4 7.42835E-6 4.96667E-5 6.96811E-5 5.30305E-5 3.7692E-5 3.16309E-5 4.54948E-5 5.50641E-5 1.00342E-5 3.0167E-5 3.50114E-6 7.30498E-6 5.83648E-6 8.66892E-6 8.29215E-6 1.00842E-5 2.12353E-5 2.47065E-5 2.3281E-5 3.74529E-5 1.3835E-5 5.04205E-6 3.66264E-6 2.24939E-6 4.00976E-6 5.56272E-6 6.7967E-6 4.43729E-6 3.15994E-6 3.34743E-6 2.67629E-6 6.21674E-6 9.98089E-6 2.1671E-6 2.92617E-6 9.86513E-6 1.89387E-6 2.25343E-6 9.23455E-7 1.14183E-6 2.3531E-6 3.37029E-6 3.34162E-6 2.73206E-6 2.31288E-6 1.70258E-6 1.80595E-6 1.68438E-6 6.64534E-7 5.06594E-6 1.02499E-6 2.81416E-6 4.10526E-6 6.6791E-6 8.15221E-6 9.67179E-6 3.9412E-6 8.86186E-6 8.88169E-6 6.03739E-6 1.00672E-5
2.8008E-4 3.28797E-4 3.17637E-4 3.43359E-4 3.09284E-4 2.22855E-4 2.16401E-4 1.43858E-4 9.91039E-5 3.48927E-5 3.55578E-5 7.11805E-5 2.71104E-5 2.05198E-5 1.43445E-5 4.93439E-6 2.64812E-6 2.12255E-6 4.40765E-6 3.84779E-6 3.91216E-6 7.30507E-6 1.92284E-5 1.72476E-5 2.39687E-5 1.4271E-5 2.07333E-5 2.62636E-5 2.00519E-5 1.02875E-5 1.1697E-5 8.22454E-6 6.4258E-6 1.03741E-5 8.31059E-6 8.30159E-6 1.27424E-5 7.30428E-6 1.03951E-6 5.70659E-6 1.67575E-6 1.46843E-6 1.80304E-6 3.98238E-6 3.86665E-6 3.97551E-6 3.85751E-6 3.49071E-6 3.14461E-6 2.34556E-6 3.0702E-6 2.00638E-6 6.79356E-7 1.8411E-6 9.84328E-6 8.40552E-6 8.59505E-6 5.95081E-6 5.8142E-6 5.87364E-6 4.45227E-6 5.2956E-6 5.90905E-6 5.78447E-6 3.3126E-6 3.4335E-6
9.41791E-4 3.38302E-4 3.47893E-4 3.44553E-4 3.09265E-4 2.93054E-4 2.28552E-4 1.69482E-4 6.1759E-5 4.1607E-6 3.85115E-6 5.72019E-6 6.42348E-6 1.31686E-5 5.10629E-6 1.1319E-6 1.16764E-6 1.44249E-6 1.37721E-6 3.32471E-6 8.37883E-6 1.33227E-5 1.19883E-5 9.68605E-6 1.07488E-5 2.30742E-5 2.61102E-5 2.64312E-5 2.28111E-5 1.74998E-5 2.17738E-5 1.65862E-5 1.34457E-5 1.68822E-5 6.4306E-6 1.07762E-5 1.65192E-5 2.44183E-5 5.93908E-6 4.48196E-6 2.11558E-6 1.16258E-6 5.27305E-6 2.50792E-6 1.19652E-6 2.12937E-6 4.52879E-6 6.54152E-6 4.54675E-6 4.26351E-6 9.5352E-6 4.94122E-6 3.21418E-6 5.02825E-6 5.14253E-6 1.59537E-7 5.66127E-8 2.35896E-6 7.12924E-6 6.87798E-6 2.61985E-6 1.0209E-5 5.4108E-6 2.46967E-6 4.89968E-6 2.97612E-6
-9999 1.83451E-4 3.67453E-4 3.73381E-4 3.23085E-4 2.68357E-4 2.16097E-4 1.66488E-4 6.10629E-5 4.32317E-5 2.37843E-5 2.14826E-5 1.01738E-5 4.74666E-6 2.45694E-6 3.18746E-6 3.32903E-6 2.63919E-6 1.95158E-6 2.54756E-6 6.14323E-6 6.8072E-6 6.18319E-6 1.36855E-5 2.38096E-5 2.65089E-5 1.65877E-5 2.24E-5 2.02584E-5 1.20898E-5 2.18037E-5 2.20863E-5 2.02755E-5 2.31462E-5 1.58555E-5 1.69261E-5 1.49535E-5 2.21735E-5 1.33965E-5 8.19863E-6 4.56232E-6 2.29522E-6 3.62004E-6 7.94117E-6 8.6083E-6 9.81576E-6 1.10794E-5 1.07126E-5 9.26249E-6 1.00895E-5 9.44929E-6 6.92969E-6 1.91712E-6 4.52594E-7 1.25215E-7 1.12239E-7 2.84394E-7 3.29573E-6 1.99277E-6 6.97401E-6 2.63838E-6 6.53314E-6 3.23744E-6 2.66228E-6 6.46963E-6 3.18854E-6
-9999 2.08625E-4 2.14029E-4 3.48848E-4 2.75798E-4 2.10058E-4 2.11992E-4 1.15782E-4 6.13529E-5 4.23508E-5 3.18956E-5 1.92991E-5 1.02359E-5 6.28728E-7 1.29071E-6 1.39205E-6 2.14202E-6 2.04544E-6 2.08262E-6 3.64717E-6 4.84197E-6 3.69765E-6 8.42221E-6 1.04834E-5 1.82396E-5 1.00068E-5 1.95727E-5 1.20926E-5 1.5E-5 1.83565E-5 1.21464E-5 1.68138E-5 8.46125E-6 1.01218E-5 1.66266E-5 8.89898E-6 1.51999E-5 1.09707E-5 1.28295E-5 1.35812E-5 1.44515E-5 1.32177E-5 1.30323E-5 1.28487E-5 1.25119E-5 1.24002E-5 1.221E-5 1.18301E-5 1.15251E-5 1.0916E-5 1.04331E-5 3.597E-6 2.5476E-6 3.92922E-6 6.28165E-7 2.2367E-6 3.64205E-6 2.32246E-6 7.26322E-7 7.67454E-6 7.89722E-6 4.78252E-6 2.57567E-6 1.693E-6 5.1317E-6 6.69683E-6
-9999 9.87153E-5 3.74727E-4 4.10824E-4 3.23684E-4 1.79229E-4 1.39174E-4 8.46774E-5 4.83566E-5 3.35751E-5 2.46738E-5 1.74938E-5 1.12588E-5 6.69551E-6 3.30136E-6 7.95085E-7 1.37445E-6 1.20488E-6 1.16015E-6 3.33151E-6 7.45307E-6 6.81864E-6 3.92443E-6 6.69491E-6 1.16642E-5 1.27986E-5 1.17212E-5 6.59703E-6 1.28772E-5 1.60493E-5 1.04276E-5 1.4109E-5 4.36402E-6 3.44565E-6 1.26704E-5 1.23861E-5 4.94332E-6 1.1478E-5 1.3214E-5 1.47015E-5 1.39391E-5 1.24535E-5 1.39479E-5 1.39207E-5 1.18982E-5 1.30445E-5 1.30186E-5 1.0268E-5 6.68903E-6 7.04335E-6 1.14784E-5 7.21862E-6 3.78599E-6 7.31186E-6 1.14371E-6 2.4505E-6 7.05076E-6 5.13945E-6 4.17383E-6 7.57573E-6 4.09769E-6 8.15539E-7 2.24784E-6 4.85058E-6 4.48229E-6 4.51011E-6
-9999 1.33743E-4 1.37942E-4 3.14111E-4 2.83785E-4 1.54249E-4 1.1053E-4 7.26122E-5 5.95746E-5 3.70936E-5 2.1781E-5 1.00935E-5 7.91536E-6 5.51666E-6 1.68999E-6 5.14254E-7 2.12711E-6 2.53576E-6 3.39649E-6 1.90717E-6 2.00191E-6 6.07181E-6 2.9646E-6 2.40781E-6 4.18868E-6 6.18817E-6 7.34863E-6 1.17196E-5 1.23742E-5 9.14405E-6 1.76404E-5 1.20506E-5 3.2256E-6 8.64032E-6 8.67838E-6 4.01507E-6 1.01555E-5 9.37755E-6 1.1788E-5 1.1676E-5 1.23702E-5 3.459E-6 1.2583E-5 8.77299E-6 1.2232E-5 1.16835E-5 1.08756E-5 1.21016E-5 9.86523E-6 3.25474E-6 1.28966E-5 7.22528E-6 6.9376E-6 1.02343E-5 7.07172E-6 7.07317E-6 3.3981E-6 1.9537E-6 3.05626E-6 3.00956E-6 1.21801E-6 7.53094E-7 1.45209E-6 5.45545E-7 1.77542E-6 1.13883E-6
-9999 -9999 8.48114E-5 2.66472E-4 2.73417E-4 1.40585E-4 8.47766E-5 5.69759E-5 3.87075E-5 2.63302E-5 1.83335E-5 1.37901E-5 5.21734E-6 1.70214E-6 1.25743E-6 8.78846E-7 2.54682E-6 2.6127E-6 2.52348E-6 1.906E-6 2.93996E-6 1.93811E-6 2.28897E-6 5.89021E-6 1.05081E-5 4.19082E-6 3.33267E-6 8.87384E-6 1.32826E-5 1.23477E-5 1.58961E-5 8.98531E-6 8.25822E-6 6.09677E-6 2.76445E-6 5.99619E-6 4.18629E-6 1.66368E-6 6.18788E-6 7.87133E-6 5.108E-6 3.29558E-6 2.38398E-6 1.31636E-6 1.44173E-6 1.04565E-5 9.08998E-6 1.02928E-5 9.14872E-6 2.81282E-6 6.77202E-6 9.50493E-6 2.56495E-6 6.25603E-6 3.75202E-6 5.15897E-6 2.08377E-6 1.63189E-6 2.33595E-6 3.11868E-7 6.46382E-8 3.1543E-7 3.64207E-6 2.53871E-6 3.9236E-7 2.15193E-6
-9999 -9999 1.36652E-4 2.01056E-4 1.72048E-4 4.73842E-5 1.72667E-5 1.16821E-5 1.35081E-5 6.27736E-6 1.07321E-5 2.92955E-6 1.36046E-6 1.91489E-6 6.24413E-7 9.87368E-7 3.71824E-6 3.13719E-6 3.33035E-6 1.59832E-6 1.8791E-6 2.23536E-6 9.93416E-7 2.05519E-6 6.79033E-6 6.05643E-6 9.18655E-6 1.01992E-5 1.02323E-5 1.26654E-5 8.82091E-6 4.49785E-6 2.14785E-6 8.75095E-6 8.9002E-6 9.06324E-6 7.93095E-6 6.90952E-6 7.35859E-6 7.54299E-6 6.7023E-6 7.27013E-6 8.41995E-6 5.48622E-6 4.6367E-6 8.57992E-6 9.97946E-7 1.09435E-5 1.78052E-6 3.16032E-6 3.37391E-6 2.61574E-6 5.24459E-6 3.29569E-6 8.80049E-7 5.42277E-8 1.04821E-6 5.18074E-7 1.65931E-6 3.98337E-7 2.56295E-7 9.2136E-8 1.19883E-7 1.94744E-7 9.99179E-8 4.2081E-8
-9999 -9999 8.47252E-5 1.77071E-4 5.3742E-5 1.41714E-5 8.38936E-6 4.34506E-6 5.00927E-6 7.29707E-6 4.85597E-6 2.37925E-7 1.43838E-7 3.74318E-7 1.57568E-6 1.95788E-6 4.29025E-6 6.39509E-6 6.26028E-6 2.67051E-6 5.23997E-6 9.75196E-7 9.05106E-7 2.3045E-6 7.64055E-6 1.05783E-5 1.02142E-5 3.61653E-6 3.47252E-6 3.31187E-6 5.09068E-6 8.34196E-7 2.26311E-6 3.57803E-6 1.19571E-6 3.07181E-7 5.26168E-7 1.06122E-6 4.23975E-7 2.4154E-6 3.60197E-6 5.23839E-6 3.13729E-6 3.17677E-6 3.10353E-6 3.05283E-6 3.154E-7 8.97698E-7 9.41349E-7 1.06612E-6 2.70037E-7 4.36096E-7 4.92306E-7 3.68726E-7 2.37546E-7 8.89473E-8 2.17216E-6 2.68352E-6 6.39349E-7 5.06181E-7 2.18112E-7 8.10235E-8 9.13871E-7 5.9329E-7 3.33508E-7 1.20521E-7
-9999 -9999 1.33088E-4 1.97977E-4 3.98101E-5 8.587E-6 1.13596E-5 8.64705E-6 6.68642E-6 6.26726E-6 2.90781E-6 3.37185E-7 5.3429E-8 7.54312E-8 8.10501E-7 8.6007E-7 1.95058E-6 2.10798E-6 4.7533E-6 7.86803E-6 6.35382E-6 4.76328E-7 4.31018E-6 2.30453E-6 7.68014E-6 6.05689E-6 1.00787E-5 3.17429E-6 5.33704E-6 3.12986E-6 2.99032E-6 2.48402E-6 2.10752E-6 2.03161E-6 1.37497E-6 9.07994E-8 1.09386E-7 1.34657E-7 8.22152E-8 6.03262E-7 1.42898E-6 2.19756E-6 3.4569E-6 4.84879E-6 5.00074E-6 6.77247E-6 1.681E-6 1.5791E-6 3.409E-7 5.21816E-7 2.27738E-6 1.76115E-6 5.40246E-7 3.9248E-7 9.3311E-7 4.97781E-7 2.86974E-6 2.58588E-6 1.94569E-6 2.77047E-7 1.58217E-7 3.2967E-7 3.97049E-7 2.46683E-7 1.88673E-7 2.50765E-7
-9999 1.09474E-4 6.32949E-5 1.07757E-4 2.00179E-5 1.29905E-5 2.11745E-5 1.66067E-5 7.32423E-6 8.44849E-6 2.32078E-6 1.29355E-6 2.41458E-7 9.07887E-8 2.85583E-7 7.88706E-7 6.12491E-7 5.91075E-7 1.07175E-6 7.28375E-7 1.74643E-6 3.74366E-6 9.49146E-7 1.1323E-6 2.44147E-6 2.32979E-6 5.16642E-6 4.42147E-6 6.36149E-7 9.702E-7 1.61069E-6 3.50189E-6 3.37956E-6 2.94793E-6 7.93937E-7 6.32925E-7 9.15585E-7 1.6092E-7 1.5309E-7 3.0426E-7 1.87557E-6 1.07711E-6 6.70482E-7 3.65241E-6 4.06991E-6 5.54684E-6 2.06875E-6 5.622E-6 4.56291E-6 3.36792E-6 7.82597E-7 1.89051E-7 5.75113E-7 8.65978E-7 1.11837E-6 1.37027E-6 1.25372E-6 3.29347E-7 3.22349E-7 1.40221E-7 1.65618E-7 8.71845E-7 6.26676E-8 1.61326E-8 1.08798E-7 1.10935E-6
-9999 8.57615E-6 3.59376E-5 7.07751E-5 9.09623E-6 1.9663E-5 1.5795E-5 1.001E-5 4.27737E-6 5.07463E-6 1.65417E-6 1.47728E-6 1.79476E-6 2.11564E-6 8.9531E-7 1.37022E-6 1.65434E-6 1.42777E-6 1.02751E-6 1.77626E-6 6.40843E-7 6.88076E-7 1.4053E-6 6.83906E-7 1.11088E-6 9.52709E-7 1.04581E-6 1.65941E-6 3.03082E-7 5.84139E-7 1.76927E-6 3.01659E-6 1.74493E-6 3.30639E-6 7.00967E-7 2.4736E-7 3.64246E-7 1.55925E-7 9.03018E-8 1.28092E-7 3.96255E-7 3.00372E-7 9.53617E-7 1.92295E-6 2.3595E-6 2.8237E-6 2.58501E-6 1.56685E-6 1.1099E-6 2.85001E-6 1.00212E-6 8.52434E-7 3.35164E-7 4.915E-7 1.43172E-6 1.32158E-6 3.85965E-7 2.22874E-7 3.07635E-7 2.42484E-7 8.13907E-7 1.29885E-7 9.41809E-7 5.82336E-8 3.63178E-7 1.68277E-7
-9999 2.84801E-5 1.71683E-5 1.55032E-5 3.1913E-5 2.32724E-5 1.40261E-5 1.35229E-5 1.66119E-5 1.11438E-5 4.13414E-6 1.6875E-6 6.53475E-7 1.45278E-6 1.76216E-6 1.11371E-6 1.26936E-6 1.65326E-6 1.60994E-6 1.23424E-6 1.07256E-6 7.73792E-7 1.16377E-6 2.271E-6 4.14827E-6 1.02106E-6 5.79222E-7 5.64146E-8 1.22074E-6 7.88344E-8 8.69696E-7 2.72083E-7 2.55495E-7 8.1789E-7 4.33212E-7 5.53585E-7 1.72443E-7 2.71435E-7 1.28717E-7 3.15742E-7 1.74011E-7 8.15632E-8 1.78593E-7 1.58732E-6 3.10049E-7 4.91418E-7 4.56707E-7 3.22721E-7 9.53087E-8 2.90376E-7 6.50686E-7 2.31396E-6 3.7289E-6 2.01349E-6 8.8214E-7 3.33517E-7 1.61337E-6 2.04314E-6 5.67682E-7 8.79586E-7 2.68438E-7 5.03585E-7 1.68386E-6 1.68356E-7 4.85481E-8 1.67949E-7
-9999 9.64879E-5 5.90854E-6 3.46519E-6 7.22364E-6 1.49438E-5 1.35515E-5 1.54563E-5 1.13583E-5 3.13114E-6 2.12578E-6 1.74983E-6 6.41792E-7 1.44188E-6 5.72962E-6 7.56125E-6 4.02449E-6 1.25863E-6 9.81708E-7 6.83604E-7 1.79922E-6 1.51301E-6 9.47558E-7 2.30805E-6 1.31267E-6 6.74554E-7 2.21707E-7 4.58304E-8 2.19678E-7 4.01597E-8 1.48084E-7 7.62741E-8 1.24201E-7 2.95265E-7 2.96024E-7 6.76228E-7 1.96026E-6 2.02041E-6 3.24956E-7 1.18852E-7 1.158E-7 2.43596E-7 1.56651E-7 4.89757E-7 6.486E-7 1.17608E-6 5.1506E-7 6.43958E-7 2.26118E-6 5.0808E-7 4.58585E-7 6.74858E-7 3.80846E-6 2.90571E-6 1.15887E-6 1.08438E-6 4.94986E-7 1.46732E-6 1.01891E-6 1.03104E-6 9.95739E-7 5.03978E-7 1.07907E-6 3.36863E-7 6.80151E-7 4.09251E-7
-9999 1.21032E-4 8.40947E-6 1.3204E-5 7.21067E-6 3.32241E-6 2.23974E-5 1.14787E-5 3.92689E-6 2.63728E-6 2.7741E-6 1.79094E-6 1.22127E-5 3.70422E-6 3.91683E-6 2.73624E-6 2.44742E-6 1.92973E-6 1.18895E-6 3.41911E-7 9.02104E-7 5.38448E-6 3.22064E-6 1.27597E-6 1.82656E-6 3.69004E-7 4.8151E-8 6.26305E-8 1.2645E-7 5.0017E-7 7.57931E-7 3.9562E-7 5.20319E-7 4.48719E-7 3.77997E-7 1.84315E-6 2.15785E-6 2.23843E-6 2.80159E-7 1.89874E-7 6.20279E-8 2.42984E-7 1.30608E-7 3.20701E-7 2.21285E-7 5.44714E-7 4.55465E-7 1.13575E-6 2.44508E-6 7.90393E-7 8.90187E-7 1.02415E-6 3.12658E-7 1.78779E-6 1.23884E-6 2.12672E-7 5.11606E-7 2.16195E-6 3.25456E-7 2.78581E-7 4.9439E-8 2.46607E-8 2.07457E-8 9.33848E-8 1.88191E-8 1.76068E-7
1.69929E-4 1.52714E-4 5.2443E-5 1.25931E-5 1.53637E-5 1.41312E-5 1.53083E-5 1.74637E-5 1.83587E-6 3.22287E-6 2.77682E-6 4.73508E-6 1.73703E-6 2.82065E-6 1.00208E-6 3.11926E-7 1.95407E-6 1.43563E-6 2.14632E-6 1.19962E-6 1.18749E-6 1.04938E-6 2.42686E-6 9.29915E-7 4.71902E-7 1.05633E-7 1.09828E-6 2.45969E-7 7.86469E-7 3.38038E-6 3.38601E-7 6.64051E-7 3.9107E-7 1.61938E-7 9.71177E-8 6.14256E-7 9.96708E-7 4.55182E-7 6.64677E-7 3.5806E-7 1.53648E-7 4.97411E-8 4.07005E-7 6.42697E-7 1.64899E-6 3.68365E-7 2.63853E-7 2.64794E-7 2.02706E-7 1.90162E-7 6.39617E-7 4.907E-7 6.42518E-7 1.36696E-6 2.07956E-6 2.16044E-6 8.84649E-7 3.93664E-7 5.9969E-7 2.10601E-7 2.69589E-8 6.83014E-8 7.14309E-7 2.43935E-7 5.53514E-7 3.35254E-7
4.39172E-5 4.46477E-5 8.43845E-5 6.81009E-6 3.6797E-6 3.84885E-5 2.92513E-5 2.20917E-5 7.1126E-6 2.78037E-6 1.96774E-6 2.21176E-6 3.27014E-6 9.20161E-7 5.72205E-7 6.78799E-7 1.0855E-7 1.37143E-6 2.2677E-6 3.0606E-6 5.16321E-7 1.01987E-6 2.86482E-6 3.30104E-6 1.73737E-6 6.29339E-8 1.14052E-7 4.20412E-7 7.13901E-7 1.38102E-6 6.56427E-7 2.33305E-7 1.5514E-7 8.94183E-8 1.37632E-7 2.34887E-6 6.95476E-7 1.8455E-7 5.44614E-7 5.23356E-7 7.11537E-7 3.157E-7 3.10007E-7 6.5452E-7 2.41496E-6 8.30264E-7 1.26978E-7 2.72547E-7 5.00313E-7 2.1866E-7 9.27182E-7 4.67918E-6 5.60407E-6 9.8956E-7 1.90846E-7 1.61097E-6 1.29157E-6 5.10391E-7 3.61671E-7 1.88934E-7 9.43117E-7 1.37857E-7 1.07424E-6 6.18555E-7 4.80173E-7 9.65376E-7
-9999 4.01326E-5 6.74723E-6 6.72396E-6 4.68519E-6 1.65524E-5 4.06429E-5 5.49919E-6 3.35942E-6 2.4726E-6 4.74076E-7 1.93702E-6 3.39947E-7 3.47033E-7 7.81659E-7 3.65032E-7 5.28585E-7 3.00879E-7 1.05282E-7 1.27241E-6 1.87347E-6 1.51886E-6 5.18929E-7 1.50666E-6 1.47296E-6 4.85188E-7 2.34567E-7 7.43938E-8 1.08576E-7 1.19799E-6 4.47641E-7 4.66851E-7 2.96766E-7 1.55767E-7 1.69845E-7 1.60488E-7 2.65179E-7 4.42429E-8 1.09252E-7 2.87823E-7 5.36056E-7 1.5811E-6 1.39796E-6 8.4376E-7 1.27902E-6 2.16167E-6 6.54353E-7 7.28473E-7 2.0439E-7 4.32838E-7 5.01337E-7 3.32271E-7 1.80961E-6 9.78739E-7 2.0428E-7 1.26467E-7 5.74396E-7 1.01693E-7 8.69456E-8 2.96743E-7 1.10142E-7 3.29187E-7 4.44683E-7 7.17302E-7 7.22052E-7 2.40361E-6
-9999 1.10285E-4 5.77237E-5 1.08999E-5 3.86275E-6 9.37019E-6 1.15766E-5 1.17421E-5 8.24436E-6 1.492E-5 7.49999E-7 3.31659E-7 1.24374E-7 3.73955E-7 5.48659E-7 1.82416E-6 1.44639E-6 6.25683E-7 8.63746E-7 1.17156E-6 1.83157E-6 2.56952E-6 1.12522E-6 1.98987E-6 2.02859E-6 4.10318E-6 1.66339E-6 1.04462E-6 4.06187E-7 1.02753E-6 1.21635E-6 5.0477E-7 5.50249E-7 9.65266E-7 5.84032E-7 1.3643E-6 2.72759E-7 5.62928E-8 1.16829E-7 1.32971E-7 5.14775E-8 2.81992E-7 2.15071E-6 8.60532E-7 4.63465E-7 5.53632E-7 6.33338E-7 1.06512E-6 8.06978E-7 1.81758E-7 1.14823E-7 3.41125E-7 5.09428E-7 9.52925E-7 2.38959E-6 1.3416E-6 2.46553E-8 4.90462E-7 2.82892E-7 4.60345E-7 4.87808E-7 2.74463E-6 4.57305E-6 1.83553E-6 4.71672E-6 1.44168E-6
-9999 5.52824E-5 6.88829E-5 3.66174E-5 6.33198E-6 4.752E-5 1.11979E-5 1.36479E-5 2.85476E-5 1.77452E-5 3.42138E-6 7.69016E-7 6.26296E-7 7.42474E-7 1.18109E-6 3.58953E-6 5.90558E-6 3.10155E-6 5.68228E-6 7.9846E-6 7.18172E-6 8.4478E-6 7.56626E-6 2.86929E-6 1.5924E-6 1.09237E-6 2.28408E-6 4.55453E-6 8.86265E-6 3.44896E-6 1.18506E-6 3.47688E-7 9.35951E-7 2.46954E-7 2.75416E-7 1.35924E-6 2.87235E-6 1.57123E-6 1.02305E-6 1.20596E-7 6.23876E-8 9.49931E-8 3.40722E-7 8.64144E-7 8.70364E-7 1.36098E-6 3.71523E-7 8.18915E-7 3.36842E-7 3.26105E-7 1.77751E-7 8.32865E-8 1.48722E-7 3.94131E-6 1.61428E-6 3.83876E-6 2.26444E-6 4.2588E-7 3.56414E-7 4.67433E-7 5.1057E-7 3.3378E-6 1.82683E-6 3.55566E-6 1.79597E-6 5.09712E-7
-9999 1.59522E-4 3.92935E-5 2.25145E-5 1.2948E-6 3.40326E-5 3.09658E-5 1.06688E-5 3.18369E-5 2.94393E-5 1.71748E-5 1.16471E-6 8.46596E-7 8.56268E-8 5.14977E-7 6.47253E-7 4.87525E-7 1.55733E-6 2.56921E-6 1.3399E-6 1.02864E-6 3.0411E-6 1.35205E-5 1.36521E-5 4.55114E-6 1.96998E-6 1.72311E-6 6.33751E-6 1.32729E-5 4.26466E-6 3.23469E-6 7.7359E-7 1.57553E-6 2.14861E-6 3.24493E-7 1.114E-6 1.30361E-6 6.37047E-7 1.74054E-6 5.22539E-7 4.87785E-8 1.06809E-7 1.92766E-7 3.04289E-7 3.25384E-7 7.01994E-7 2.48788E-6 1.90194E-6 1.69199E-6 3.66752E-7 4.12475E-7 4.48679E-7 8.91108E-8 4.45497E-7 1.09423E-6 5.85633E-7 7.96001E-6 1.10071E-6 2.6386E-7 8.84215E-7 5.03061E-7 4.64642E-7 3.73713E-7 3.16962E-7 3.2325E-7 9.131E-8
-9999 9.69863E-5 5.03532E-5 5.926E-5 6.86879E-6 2.29451E-5 5.69349E-5 4.79689E-5 4.93766E-5 4.54517E-5 3.12352E-5 7.53134E-6 2.43343E-6 1.30961E-7 5.00914E-8 6.15507E-7 9.77643E-7 1.22436E-6 1.19074E-6 1.41209E-6 3.25234E-6 5.64245E-6 8.60897E-6 8.80265E-6 6.79008E-6 4.06179E-6 4.02189E-6 2.96775E-6 3.18472E-6 3.55933E-6 1.75095E-6 2.62197E-7 6.59934E-7 7.49468E-7 2.5691E-7 1.60977E-7 7.67526E-7 1.16598E-6 3.09134E-7 1.57793E-6 4.7097E-7 1.16018E-6 6.54062E-7 4.49037E-7 3.76152E-7 1.75828E-6 1.73348E-6 3.71627E-6 2.35521E-6 2.42169E-6 3.48676E-6 7.62537E-6 4.70516E-6 1.12793E-6 2.35738E-6 1.37755E-6 2.76001E-6 1.69031E-6 1.89086E-7 3.17989E-7 1.28975E-7 1.09763E-6 1.28636E-7 4.74341E-7 1.63247E-7 1.62782E-7
-9999 5.44331E-4 3.70521E-4 8.19198E-5 7.7839E-5 5.94519E-5 7.55453E-5 1.02355E-4 5.66265E-5 6.09195E-5 3.74381E-5 1.7492E-6 3.46845E-7 6.01895E-7 1.43732E-6 1.68196E-6 1.35537E-6 6.1033E-7 2.38495E-6 1.42757E-6 5.89909E-6 2.87608E-6 1.38924E-6 1.23065E-6 1.27165E-6 1.21143E-6 1.6095E-6 3.60378E-7 4.05678E-7 6.49049E-7 3.1757E-6 1.34299E-6 1.30991E-6 2.40393E-6 1.97506E-6 7.90656E-7 8.48004E-7 1.83245E-7 2.13116E-7 2.26478E-7 5.92516E-7 1.23195E-6 4.66843E-7 3.60789E-7 1.45679E-7 6.42446E-7 2.86638E-6 3.59107E-6 7.08137E-6 1.2679E-6 5.20795E-6 6.56553E-6 1.55141E-5 8.60534E-6 3.44447E-6 1.38822E-6 3.76815E-7 9.53494E-7 2.38373E-7 2.96865E-7 5.88449E-8 8.16807E-7 1.44485E-6 3.28404E-7 1.41583E-7 7.93441E-6
-9999 3.24367E-3 2.9861E-3 5.67207E-4 1.79997E-4 1.25733E-4 2.33415E-5 3.79532E-5 3.55703E-5 1.69132E-5 3.39042E-6 3.1897E-7 1.34082E-7 7.85959E-7 1.75472E-6 7.28987E-7 1.15235E-6 1.77183E-6 1.14205E-6 2.13165E-6 3.4958E-6 1.68656E-6 8.8208E-7 6.66094E-7 6.44239E-7 2.04449E-6 2.38682E-6 1.82869E-6 6.78687E-7 1.41383E-6 2.06857E-6 1.3981E-6 1.90061E-6 8.72516E-7 4.00133E-7 7.9853E-7 6.28712E-7 1.17354E-6 2.28685E-6 1.45275E-6 2.2049E-6 1.94944E-7 7.12787E-7 3.41917E-7 7.13034E-7 1.01495E-6 2.42888E-6 8.8527E-6 3.46909E-6 1.44875E-6 4.30284E-6 1.43818E-5 1.58421E-5 1.63958E-5 8.97617E-7 6.41702E-7 2.96226E-7 1.85001E-7 2.96797E-7 6.82844E-7 1.26395E-7 2.28868E-7 6.30826E-6 1.18738E-6 4.39601E-7 1.5745E-6
-9999 4.13125E-3 4.27362E-3 2.76062E-4 5.00534E-5 3.93112E-5 2.70606E-5 5.57998E-5 1.96152E-5 8.4038E-6 9.61541E-7 2.50987E-7 3.28704E-8 6.83709E-7 2.00883E-6 1.5678E-6 3.50022E-6 5.33657E-7 6.33115E-7 3.01977E-7 1.17211E-6 1.56685E-7 6.14433E-7 2.56184E-6 6.41393E-7 5.95172E-7 7.86943E-7 1.53015E-6 3.7409E-7 1.10721E-6 7.78761E-7 3.04413E-7 2.69172E-7 2.93189E-7 7.47568E-8 6.71088E-8 4.51337E-8 7.74805E-7 2.37155E-6 8.92714E-7 2.42259E-6 4.3009E-7 3.18849E-7 6.28921E-7 8.08012E-6 1.28045E-5 1.07394E-5 1.02895E-5 1.21812E-6 1.40027E-5 8.90106E-6 6.7661E-6 6.95447E-6 5.76196E-6 5.37034E-7 2.94896E-7 2.41215E-7 5.31463E-8 9.90337E-7 6.82255E-7 7.64783E-7 2.45044E-6 1.00228E-6 2.60629E-6 2.07085E-6 9.63998E-6
-9999 -9999 6.81253E-5 1.33294E-4 4.62937E-5 1.44455E-5 5.65854E-5 4.11971E-5 4.52501E-5 4.23784E-6 5.34147E-7 5.29566E-7 1.5508E-7 3.77984E-7 6.32504E-7 2.05243E-6 3.46857E-6 1.32192E-6 1.36906E-6 1.18556E-6 2.22717E-6 2.54193E-6 1.09006E-6 6.70543E-7 8.08341E-7 5.32828E-7 7.96032E-7 1.9358E-6 8.82086E-7 1.14256E-6 6.45289E-7 9.03413E-7 1.35349E-6 2.79832E-6 1.80899E-6 1.96205E-7 3.99424E-7 3.73994E-7 1.53733E-6 6.10439E-7 2.03959E-6 1.9138E-6 9.751E-7 3.62095E-7 6.23111E-7 1.02138E-6 3.93833E-7 4.65893E-7 1.02295E-6 8.24073E-7 6.31215E-7 2.96971E-6 1.37782E-6 1.10129E-6 1.2581E-6 1.10909E-6 1.98949E-7 1.26469E-7 2.5484E-7 1.07354E-6 2.13915E-6 9.13042E-6 6.02624E-6 7.21986E-6 1.14261E-5 1.02377E-5
