catData/rasterBestHybridModels/Pviverrinus/RD_RM1.5_L/Pviverrinus_median.asc
ncols         409
nrows         350
xllcorner     60.897278365
yllcorner     5.843756025
cellsize      0.0892857
NODATA_value  -9999
[rows 116 to 144 of 350, columns 66 to 131 of 409]
5.946E-7 7.29697E-7 1.76694E-6 9.60825E-7 2.37662E-6 9.46756E-6 1.8518E-5 1.93628E-5 2.16499E-5 3.44519E-5 4.27135E-5 4.37425E-5 4.11849E-5 5.9688E-5 6.85905E-5 6.68939E-5 6.73034E-5 3.52833E-5 1.63231E-5 1.46474E-5 1.40907E-5 1.35466E-5 1.53959E-5 2.18957E-5 1.91282E-5 1.5575E-5 1.51743E-5 1.49496E-5 1.45573E-5 1.43951E-5 1.50896E-5 1.54551E-5 1.55398E-5 1.52739E-5 1.47584E-5 1.40772E-5 1.35302E-5 1.38982E-5 1.40831E-5 1.30525E-5 1.15275E-5 1.06603E-5 9.96355E-6 9.2001E-6 7.98694E-6 7.40528E-6 7.90196E-6 7.92387E-6 8.69399E-6 9.18023E-6 8.93127E-6 9.00901E-6 8.53182E-6 9.01151E-6 9.6759E-6 1.0555E-5 1.12264E-5 1.15416E-5 1.18892E-5 1.25031E-5 1.20703E-5 1.13094E-5 1.10203E-5 1.11745E-5 1.08718E-5 1.07191E-5
1.1544E-6 7.68417E-7 1.54248E-6 2.00268E-6 2.98021E-6 8.66285E-6 1.91354E-5 2.11997E-5 2.6196E-5 3.09408E-5 4.19599E-5 3.41731E-5 3.9262E-5 5.99006E-5 6.61897E-5 6.78343E-5 6.3509E-5 4.67009E-5 1.84323E-5 1.50427E-5 1.46769E-5 1.4546E-5 1.79905E-5 2.18696E-5 1.88896E-5 1.673E-5 1.63285E-5 1.59159E-5 1.58702E-5 1.6172E-5 1.62832E-5 1.67736E-5 1.66737E-5 1.62725E-5 1.5848E-5 1.5284E-5 1.43247E-5 1.46049E-5 1.48036E-5 1.39113E-5 1.27832E-5 1.15109E-5 1.04079E-5 9.68364E-6 8.77279E-6 7.90376E-6 8.07148E-6 8.59903E-6 8.92935E-6 9.21834E-6 9.1684E-6 9.84061E-6 9.80745E-6 9.35343E-6 1.00979E-5 1.08586E-5 1.18885E-5 1.25863E-5 1.23835E-5 1.25714E-5 1.21576E-5 1.1623E-5 1.13408E-5 1.08961E-5 1.09011E-5 1.171E-5
1.27749E-6 1.77833E-6 1.64527E-6 2.95037E-6 2.1083E-6 5.72664E-6 1.71946E-5 2.03067E-5 2.53042E-5 3.58761E-5 3.35082E-5 3.56872E-5 3.11127E-5 4.81797E-5 6.31565E-5 6.6198E-5 6.72608E-5 6.90905E-5 3.94283E-5 2.04311E-5 1.7559E-5 1.68335E-5 2.11459E-5 2.55371E-5 2.12885E-5 1.80669E-5 1.75057E-5 1.71526E-5 1.75562E-5 1.78553E-5 1.80838E-5 1.84196E-5 1.83062E-5 1.75552E-5 1.72019E-5 1.64638E-5 1.59144E-5 1.69049E-5 1.63741E-5 1.51489E-5 1.4102E-5 1.27014E-5 1.17239E-5 1.06367E-5 9.87062E-6 9.56244E-6 9.3927E-6 9.43822E-6 9.82558E-6 9.84441E-6 9.82309E-6 1.03105E-5 9.79891E-6 1.04347E-5 1.11073E-5 1.16767E-5 1.25849E-5 1.35201E-5 1.30907E-5 1.25627E-5 1.2317E-5 1.20076E-5 1.18782E-5 1.09062E-5 1.10884E-5 1.23067E-5
9.91795E-7 2.66469E-6 2.47432E-6 3.8528E-6 2.52874E-6 5.22613E-6 1.41993E-5 1.41531E-5 2.45319E-5 4.37303E-5 4.38383E-5 3.43031E-5 3.14065E-5 3.81133E-5 5.82228E-5 6.42504E-5 7.177E-5 7.5197E-5 7.12237E-5 4.27193E-5 2.51322E-5 2.25914E-5 2.664E-5 3.45359E-5 2.50361E-5 2.05154E-5 1.93434E-5 1.88506E-5 1.89243E-5 1.93396E-5 1.98937E-5 2.01782E-5 2.00426E-5 1.91081E-5 1.82092E-5 1.73447E-5 1.77123E-5 1.88816E-5 1.80647E-5 1.65303E-5 1.54006E-5 1.41626E-5 1.2957E-5 1.19073E-5 1.14509E-5 1.13257E-5 1.0762E-5 1.0498E-5 1.02836E-5 1.03777E-5 1.0493E-5 1.04324E-5 1.08194E-5 1.13183E-5 1.23666E-5 1.25545E-5 1.30596E-5 1.38427E-5 1.34336E-5 1.31343E-5 1.28971E-5 1.25269E-5 1.2206E-5 1.16826E-5 1.28707E-5 1.35735E-5
9.93766E-7 2.01661E-6 4.19295E-6 5.21522E-6 5.30765E-6 4.93423E-6 1.05034E-5 5.06024E-6 1.82002E-5 2.41967E-5 3.37066E-5 2.13701E-5 2.40883E-5 4.03777E-5 5.96197E-5 7.09497E-5 7.37464E-5 7.29596E-5 6.89498E-5 7.00075E-5 4.78476E-5 3.58411E-5 3.10873E-5 3.6278E-5 3.26117E-5 2.53735E-5 2.23848E-5 2.11757E-5 2.08281E-5 2.07913E-5 2.12086E-5 2.15048E-5 2.13964E-5 2.13535E-5 2.01035E-5 1.85199E-5 1.93829E-5 2.04417E-5 1.93152E-5 1.78997E-5 1.65847E-5 1.52765E-5 1.43606E-5 1.35676E-5 1.30131E-5 1.25466E-5 1.19229E-5 1.11423E-5 1.04775E-5 1.0698E-5 1.15373E-5 1.15697E-5 1.1668E-5 1.21254E-5 1.39257E-5 1.31579E-5 1.35595E-5 1.40605E-5 1.39122E-5 1.37814E-5 1.37128E-5 1.36095E-5 1.32966E-5 1.35851E-5 1.49353E-5 1.59293E-5
1.56548E-6 1.88949E-6 2.53209E-6 6.23211E-6 8.07777E-6 5.10436E-6 7.16339E-6 5.38452E-6 1.4399E-5 6.6481E-6 1.8602E-5 1.51853E-5 1.52498E-5 3.57841E-5 5.43342E-5 7.81543E-5 7.9725E-5 7.04089E-5 6.46669E-5 7.49664E-5 7.60929E-5 5.70715E-5 3.70809E-5 3.95242E-5 3.31915E-5 3.63849E-5 2.98851E-5 2.54045E-5 2.35547E-5 2.26591E-5 2.24713E-5 2.28076E-5 2.27264E-5 2.30913E-5 2.24375E-5 2.08852E-5 2.07541E-5 2.17674E-5 2.03823E-5 1.92708E-5 1.79322E-5 1.66121E-5 1.5847E-5 1.5019E-5 1.39545E-5 1.27336E-5 1.17048E-5 1.13071E-5 1.12822E-5 1.18439E-5 1.30914E-5 1.34311E-5 1.28457E-5 1.28289E-5 1.3622E-5 1.37375E-5 1.39878E-5 1.46374E-5 1.48202E-5 1.47423E-5 1.4923E-5 1.53893E-5 1.59638E-5 1.69505E-5 1.76854E-5 1.79628E-5
2.60382E-6 3.23229E-6 3.2632E-6 4.85361E-6 7.3872E-6 7.19792E-6 5.52587E-6 4.92522E-6 1.25479E-5 2.41211E-6 1.37803E-5 1.29245E-5 1.20942E-5 2.24496E-5 3.56326E-5 6.68897E-5 8.20288E-5 8.41135E-5 7.7749E-5 8.01251E-5 7.58009E-5 7.40489E-5 5.79227E-5 4.4035E-5 5.30798E-5 4.49346E-5 4.18107E-5 3.37468E-5 2.7645E-5 2.52568E-5 2.46564E-5 2.46591E-5 2.419E-5 2.39458E-5 2.46327E-5 2.36099E-5 2.25377E-5 2.26643E-5 2.18415E-5 2.10399E-5 1.92676E-5 1.78769E-5 1.68724E-5 1.58806E-5 1.44801E-5 1.28517E-5 1.16715E-5 1.11404E-5 1.16768E-5 1.31812E-5 1.39325E-5 1.38912E-5 1.31813E-5 1.32591E-5 1.40123E-5 1.40732E-5 1.4499E-5 1.53537E-5 1.57456E-5 1.59899E-5 1.68615E-5 1.80366E-5 1.9599E-5 1.90995E-5 1.86357E-5 1.86261E-5
3.27958E-6 4.92604E-6 7.48014E-6 3.92054E-6 2.87639E-6 8.10266E-6 6.04615E-6 3.3904E-6 9.11839E-6 3.13756E-6 9.9388E-6 1.19593E-5 1.18408E-5 2.23249E-5 2.65723E-5 4.68945E-5 7.27388E-5 8.93846E-5 9.0042E-5 8.95956E-5 7.96902E-5 8.25305E-5 7.67585E-5 8.07175E-5 6.04496E-5 6.61034E-5 5.73186E-5 4.45875E-5 3.33441E-5 2.86037E-5 2.71679E-5 2.69541E-5 2.62193E-5 2.54806E-5 2.58914E-5 2.54248E-5 2.47163E-5 2.39713E-5 2.33806E-5 2.23935E-5 2.04131E-5 1.85771E-5 1.74503E-5 1.63362E-5 1.4877E-5 1.34438E-5 1.23546E-5 1.16934E-5 1.1845E-5 1.34543E-5 1.42537E-5 1.45375E-5 1.43632E-5 1.40317E-5 1.46833E-5 1.50151E-5 1.54972E-5 1.63109E-5 1.70702E-5 1.79908E-5 1.96235E-5 1.9992E-5 2.07916E-5 2.03245E-5 1.94303E-5 1.86711E-5
5.14536E-6 5.15996E-6 1.05549E-5 1.0128E-5 6.30025E-6 1.15086E-5 5.34154E-6 7.07142E-6 5.38325E-6 5.99071E-6 8.20433E-6 9.85097E-6 1.25799E-5 2.19346E-5 2.60726E-5 3.30154E-5 4.50182E-5 8.95223E-5 9.18915E-5 9.73976E-5 8.58761E-5 9.26585E-5 9.3912E-5 8.6282E-5 6.31856E-5 4.86226E-5 5.02646E-5 6.22439E-5 5.00242E-5 3.41751E-5 3.07232E-5 2.96242E-5 2.86073E-5 2.75684E-5 2.72457E-5 2.71645E-5 2.67559E-5 2.5601E-5 2.50187E-5 2.37742E-5 2.19178E-5 1.97435E-5 1.84472E-5 1.71736E-5 1.57909E-5 1.42529E-5 1.32053E-5 1.26125E-5 1.20184E-5 1.26781E-5 1.4362E-5 1.51221E-5 1.48773E-5 1.53497E-5 1.62153E-5 1.56956E-5 1.58848E-5 1.76693E-5 1.98559E-5 2.15917E-5 2.29607E-5 2.25388E-5 2.17281E-5 2.0812E-5 1.94181E-5 1.77164E-5
1.25029E-5 5.91831E-6 9.73721E-6 1.2376E-5 1.20299E-5 1.33732E-5 9.63749E-6 9.2025E-6 8.90062E-6 5.85509E-6 1.13993E-5 1.00966E-5 1.42264E-5 2.25641E-5 2.76577E-5 2.96154E-5 4.1521E-5 8.71211E-5 1.04023E-4 1.11261E-4 1.01069E-4 1.00136E-4 7.75493E-5 6.748E-5 4.81608E-5 4.3562E-5 4.94032E-5 4.98268E-5 6.95644E-5 4.70811E-5 3.59544E-5 3.23665E-5 3.09016E-5 3.02609E-5 2.88092E-5 2.82189E-5 2.8761E-5 2.85224E-5 2.67394E-5 2.45166E-5 2.22293E-5 2.05778E-5 1.92165E-5 1.79518E-5 1.61143E-5 1.48082E-5 1.40864E-5 1.3848E-5 1.16308E-5 1.11196E-5 1.35332E-5 1.52251E-5 1.59531E-5 1.65118E-5 1.64076E-5 1.6212E-5 1.73435E-5 1.97702E-5 2.2267E-5 2.35988E-5 2.37174E-5 2.30789E-5 2.1895E-5 2.068E-5 1.95146E-5 1.82811E-5
1.9908E-5 9.67979E-6 8.32517E-6 6.77208E-6 1.3032E-5 1.22884E-5 1.2693E-5 9.77324E-6 9.78664E-6 5.91228E-6 1.35693E-5 1.14125E-5 1.47805E-5 2.30445E-5 2.46588E-5 2.72448E-5 3.22523E-5 7.05783E-5 9.58383E-5 1.16222E-4 7.98539E-5 7.68972E-5 8.72704E-5 6.70776E-5 4.58645E-5 5.93404E-5 5.00496E-5 5.93922E-5 4.5684E-5 7.1007E-5 4.31271E-5 3.65136E-5 3.38575E-5 3.2474E-5 3.03193E-5 3.07831E-5 3.17843E-5 3.10847E-5 2.88227E-5 2.63326E-5 2.38246E-5 2.20507E-5 1.99713E-5 1.81237E-5 1.66342E-5 1.51856E-5 1.43147E-5 1.33359E-5 1.2529E-5 1.18183E-5 1.15014E-5 1.37407E-5 1.64274E-5 1.61452E-5 1.61585E-5 1.6631E-5 1.85738E-5 2.14948E-5 2.26718E-5 2.00513E-5 2.07026E-5 2.25466E-5 2.51988E-5 2.27322E-5 2.04938E-5 1.95933E-5
3.15354E-5 1.90978E-5 8.71735E-6 1.05795E-5 1.60953E-5 1.22557E-5 9.71467E-6 6.99107E-6 9.77865E-6 1.4148E-5 1.7607E-5 1.70282E-5 1.64988E-5 2.3508E-5 2.12159E-5 2.08632E-5 3.39745E-5 4.36469E-5 3.91701E-5 1.06595E-4 1.00015E-4 7.83693E-5 8.70948E-5 5.84706E-5 4.86579E-5 4.87066E-5 5.4923E-5 5.44129E-5 5.22877E-5 6.8725E-5 4.69993E-5 4.10805E-5 3.62981E-5 3.57244E-5 3.48943E-5 3.59027E-5 3.42563E-5 3.23535E-5 2.95746E-5 2.7112E-5 2.49993E-5 2.30516E-5 2.09121E-5 1.86529E-5 1.72901E-5 1.57814E-5 1.42378E-5 1.25886E-5 1.24211E-5 1.05674E-5 1.31271E-5 1.3999E-5 1.67998E-5 1.66775E-5 1.70793E-5 1.79019E-5 1.93456E-5 2.19409E-5 2.27823E-5 2.20276E-5 2.3017E-5 1.99731E-5 1.43037E-5 1.58898E-5 1.69614E-5 1.84694E-5
4.37805E-5 3.49786E-5 1.71835E-5 1.39962E-5 1.19063E-5 2.40878E-5 1.62605E-5 6.93232E-6 1.27044E-5 1.58266E-5 1.48879E-5 1.49714E-5 2.05589E-5 2.8544E-5 2.72374E-5 2.50257E-5 3.36514E-5 7.03008E-5 9.55629E-5 9.70715E-5 8.5134E-5 1.07228E-4 6.08815E-5 4.09054E-5 4.91166E-5 4.75771E-5 5.67055E-5 3.65926E-5 5.62458E-5 6.12299E-5 3.8186E-5 4.80483E-5 4.33892E-5 4.29057E-5 4.02186E-5 3.91831E-5 3.51342E-5 3.30267E-5 3.03889E-5 2.82574E-5 2.59563E-5 2.37543E-5 2.12374E-5 1.88184E-5 1.72441E-5 1.58537E-5 1.44258E-5 1.3229E-5 1.11313E-5 1.00174E-5 1.5084E-5 1.65201E-5 1.69303E-5 1.74904E-5 1.80764E-5 1.85779E-5 1.94568E-5 2.24062E-5 2.34234E-5 2.32069E-5 2.15429E-5 1.61415E-5 1.34934E-5 8.73722E-6 1.64976E-5 1.7228E-5
5.43538E-5 4.03568E-5 2.25807E-5 9.98056E-6 2.1059E-5 2.71482E-5 2.09865E-5 9.45314E-6 1.14754E-5 1.62137E-5 1.70698E-5 1.71808E-5 2.65313E-5 3.26154E-5 2.96874E-5 2.96283E-5 4.09473E-5 6.53976E-5 1.21003E-4 8.24007E-5 1.07746E-4 9.71709E-5 9.42886E-5 7.08809E-5 5.51388E-5 4.87984E-5 2.91448E-5 2.52503E-5 5.53389E-5 6.06917E-5 8.04835E-5 5.21128E-5 3.35323E-5 4.28259E-5 4.68427E-5 4.06876E-5 3.60915E-5 3.36429E-5 3.09741E-5 2.83106E-5 2.63746E-5 2.46139E-5 2.1959E-5 1.94268E-5 1.74883E-5 1.61521E-5 1.49868E-5 1.44433E-5 1.55058E-5 1.30997E-5 1.56396E-5 1.73289E-5 1.85942E-5 2.0021E-5 2.10524E-5 2.1707E-5 2.30854E-5 2.447E-5 2.42949E-5 2.27143E-5 2.02737E-5 1.15304E-5 6.01135E-6 1.23631E-5 1.818E-5 1.68467E-5
7.17757E-5 4.45402E-5 2.96987E-5 3.21415E-5 4.35057E-5 2.73695E-5 2.01569E-5 1.27069E-5 1.24636E-5 1.74996E-5 2.0311E-5 2.41778E-5 3.13082E-5 3.46225E-5 3.68703E-5 3.72482E-5 4.9612E-5 6.49186E-5 8.83813E-5 8.95924E-5 9.98728E-5 1.01055E-4 1.0967E-4 7.88157E-5 6.04631E-5 6.03054E-5 4.99392E-5 3.87928E-5 6.09935E-5 7.77565E-5 6.6369E-5 5.30436E-5 5.5213E-5 4.06221E-5 4.70669E-5 4.11369E-5 3.81008E-5 3.50759E-5 3.22825E-5 2.93605E-5 2.73512E-5 2.46616E-5 2.19642E-5 1.97871E-5 1.80936E-5 1.66848E-5 1.44739E-5 1.34649E-5 1.53411E-5 1.57664E-5 1.75579E-5 1.91851E-5 2.12487E-5 2.5124E-5 2.39693E-5 2.44838E-5 2.56137E-5 2.63713E-5 2.65398E-5 2.41191E-5 1.96406E-5 1.28652E-5 6.81679E-6 2.34197E-5 1.43483E-5 1.33068E-5
7.8411E-5 4.37685E-5 4.39946E-5 5.74512E-5 5.28262E-5 2.18588E-5 1.88547E-5 1.64699E-5 1.73096E-5 1.98648E-5 2.33717E-5 2.8016E-5 2.93166E-5 3.81402E-5 4.16288E-5 4.29541E-5 5.86334E-5 6.71423E-5 9.1549E-5 1.20991E-4 1.16353E-4 1.05181E-4 7.94999E-5 7.37339E-5 7.27104E-5 6.08001E-5 3.73718E-5 3.93931E-5 2.51277E-5 4.52791E-5 1.47735E-5 5.17858E-5 4.57501E-5 5.11318E-5 4.62996E-5 4.14942E-5 3.73747E-5 3.48012E-5 3.20879E-5 3.02748E-5 2.80001E-5 2.46817E-5 2.19027E-5 2.00002E-5 1.84231E-5 1.73984E-5 1.66179E-5 1.67464E-5 1.74052E-5 1.81115E-5 1.95643E-5 2.18415E-5 3.25339E-5 2.65993E-5 2.59225E-5 2.82248E-5 2.86281E-5 2.77608E-5 2.88589E-5 2.71899E-5 2.53382E-5 2.25864E-5 2.66631E-5 2.15928E-5 1.24434E-5 1.4319E-5
9.27536E-5 5.63379E-5 5.85918E-5 7.77305E-5 4.61734E-5 2.66006E-5 2.02053E-5 2.11909E-5 2.09113E-5 2.16266E-5 2.40462E-5 2.74302E-5 3.0339E-5 4.16465E-5 4.42428E-5 4.64075E-5 6.22522E-5 6.7996E-5 1.13696E-4 1.34553E-4 1.23618E-4 7.9284E-5 7.51121E-5 9.12702E-5 6.39025E-5 6.20113E-5 6.71271E-5 5.57689E-5 4.11125E-5 4.15123E-5 6.13969E-5 5.49959E-5 4.45337E-5 5.384E-5 4.50149E-5 3.97064E-5 3.64246E-5 3.46847E-5 3.19047E-5 2.94116E-5 2.70281E-5 2.44764E-5 2.23892E-5 2.09841E-5 1.96485E-5 1.88407E-5 1.85341E-5 1.91868E-5 1.98867E-5 2.0799E-5 2.24669E-5 2.49009E-5 2.65714E-5 2.64306E-5 2.88636E-5 3.10957E-5 2.95812E-5 2.92098E-5 2.94676E-5 2.96835E-5 2.58107E-5 2.45875E-5 1.33953E-5 1.98844E-5 1.46423E-5 1.30282E-5
9.70436E-5 7.68144E-5 9.12043E-5 8.1199E-5 5.47111E-5 3.49763E-5 2.84615E-5 2.73085E-5 2.60672E-5 2.48195E-5 2.714E-5 3.32778E-5 4.00279E-5 4.7202E-5 4.7202E-5 4.91161E-5 7.33004E-5 7.01068E-5 1.09417E-4 1.062E-4 1.1908E-4 8.57291E-5 7.87581E-5 9.0992E-5 3.33759E-5 5.01413E-5 5.78465E-5 5.71236E-5 5.82178E-5 6.70703E-5 6.71169E-5 7.25174E-5 2.18163E-5 5.00975E-5 4.23685E-5 3.88167E-5 3.59735E-5 3.39514E-5 3.14511E-5 2.93992E-5 2.69025E-5 2.45596E-5 2.2879E-5 2.16953E-5 2.08536E-5 2.05636E-5 2.10945E-5 2.18735E-5 2.38349E-5 2.67883E-5 2.85512E-5 2.56794E-5 3.01119E-5 2.83481E-5 3.32354E-5 3.03172E-5 3.11842E-5 2.95781E-5 3.15302E-5 2.29838E-5 2.44343E-5 1.41413E-5 1.95158E-5 1.54961E-5 1.91456E-5 1.24579E-5
1.20619E-4 1.36628E-4 1.58578E-4 9.78543E-5 9.03895E-5 6.57785E-5 5.12696E-5 3.74119E-5 3.16389E-5 2.63506E-5 3.30434E-5 4.11908E-5 4.90591E-5 5.73421E-5 6.55077E-5 6.49423E-5 9.16164E-5 1.23735E-4 1.49898E-4 1.4468E-4 1.50622E-4 1.07556E-4 1.07521E-4 5.83527E-5 7.10239E-5 4.10643E-5 8.20916E-5 5.23553E-5 6.75539E-5 6.59781E-5 7.37772E-5 6.65191E-5 5.60119E-5 4.56233E-5 4.03148E-5 3.83846E-5 3.59101E-5 3.3943E-5 3.16044E-5 2.9225E-5 2.73311E-5 2.52358E-5 2.37737E-5 2.27655E-5 2.23227E-5 2.2224E-5 2.34108E-5 2.42676E-5 2.61249E-5 2.78842E-5 2.66189E-5 2.78978E-5 2.98899E-5 3.60262E-5 3.10591E-5 3.12257E-5 3.1002E-5 2.94046E-5 2.69524E-5 2.4133E-5 2.15857E-5 1.46595E-5 1.53462E-5 1.4405E-5 1.35724E-5 6.56147E-6
1.95223E-4 1.89112E-4 2.493E-4 1.26959E-4 1.02855E-4 8.20879E-5 7.97031E-5 5.13648E-5 3.814E-5 3.79001E-5 4.46153E-5 5.20768E-5 6.20331E-5 8.36877E-5 1.03823E-4 8.82021E-5 9.67638E-5 1.18679E-4 1.80047E-4 1.82487E-4 1.56471E-4 8.61633E-5 1.09363E-4 4.50619E-5 6.57687E-5 1.20887E-5 2.01333E-5 8.76069E-5 7.49716E-5 7.27127E-5 6.61805E-5 5.04972E-5 5.10119E-5 4.29035E-5 3.97095E-5 3.75728E-5 3.59706E-5 3.40788E-5 3.16758E-5 2.96486E-5 2.79606E-5 2.6203E-5 2.51451E-5 2.44491E-5 2.41306E-5 2.40269E-5 2.50499E-5 2.64772E-5 2.88046E-5 2.97658E-5 2.95987E-5 3.35909E-5 3.22305E-5 3.34299E-5 3.42604E-5 3.12735E-5 3.48872E-5 2.99584E-5 2.77566E-5 2.36855E-5 1.43352E-5 1.19163E-5 4.97194E-6 9.09953E-6 1.11387E-5 6.46081E-6
2.25779E-4 2.12679E-4 1.93311E-3 1.43646E-3 3.48195E-4 1.12814E-4 9.52461E-5 7.73027E-5 6.07177E-5 6.25484E-5 6.50972E-5 7.27673E-5 7.44477E-5 9.30025E-5 1.2366E-4 1.56551E-4 1.74104E-4 1.27368E-4 1.21843E-4 1.6651E-4 1.45737E-4 1.24686E-4 1.31552E-4 1.52084E-4 1.23568E-4 4.91887E-5 6.03708E-5 7.69433E-5 6.99202E-5 7.71924E-5 5.61917E-5 5.98354E-5 4.88117E-5 4.25775E-5 4.02095E-5 3.79412E-5 3.65072E-5 3.4764E-5 3.19384E-5 3.0022E-5 2.89922E-5 2.72688E-5 2.66044E-5 2.66273E-5 2.65654E-5 2.62644E-5 2.63774E-5 2.79108E-5 3.12391E-5 3.38294E-5 3.31223E-5 3.75987E-5 3.65381E-5 3.31699E-5 3.18995E-5 3.2703E-5 3.97753E-5 2.49545E-5 2.08092E-5 1.64783E-5 1.49371E-5 7.34013E-6 1.87527E-6 4.95259E-6 9.86519E-6 9.25785E-6
-9999 -9999 -9999 1.32806E-3 -9999 2.03038E-4 1.52033E-4 1.45362E-4 1.04929E-4 8.83087E-5 9.62266E-5 1.28703E-4 1.27031E-4 1.46134E-4 1.68607E-4 1.87882E-4 1.98449E-4 1.40063E-4 1.62784E-4 1.77014E-4 1.61394E-4 1.25981E-4 1.53132E-4 1.75912E-4 1.26561E-4 9.43026E-5 9.51284E-5 6.53789E-5 7.21462E-5 6.90395E-5 6.92565E-5 7.90365E-5 4.77563E-5 4.37918E-5 4.11339E-5 3.96109E-5 3.75915E-5 3.60227E-5 3.29797E-5 3.12954E-5 3.04861E-5 2.88385E-5 2.90167E-5 2.95252E-5 2.81084E-5 2.81471E-5 2.8527E-5 3.07983E-5 3.26172E-5 3.38087E-5 3.58814E-5 3.31889E-5 3.31044E-5 3.37698E-5 3.19806E-5 2.84422E-5 2.60008E-5 2.08673E-5 1.44683E-5 1.11639E-5 5.57911E-6 2.55031E-6 2.23949E-6 4.64213E-6 8.67541E-6 8.10872E-6
-9999 -9999 -9999 -9999 -9999 3.02844E-4 2.69935E-4 2.31272E-4 1.79228E-4 1.92283E-4 1.85976E-4 1.98122E-4 1.9255E-4 1.62467E-4 1.98336E-4 2.16453E-4 2.09631E-4 1.76104E-4 1.82706E-4 1.75259E-4 1.15677E-4 1.46763E-4 1.03333E-4 8.74014E-5 1.01467E-4 1.30281E-4 1.25395E-4 3.94282E-5 4.35065E-5 6.34325E-5 5.57217E-5 5.21025E-5 4.75328E-5 4.55311E-5 4.33388E-5 4.07362E-5 3.87846E-5 3.7146E-5 3.51863E-5 3.3708E-5 3.2872E-5 3.19445E-5 3.19386E-5 3.23095E-5 3.17599E-5 3.16589E-5 3.21551E-5 3.21908E-5 3.63658E-5 3.91336E-5 3.82124E-5 3.48155E-5 3.49932E-5 3.45609E-5 3.3037E-5 3.09077E-5 3.51164E-5 3.06132E-5 7.19272E-6 5.95304E-6 3.96443E-6 1.75363E-6 3.57726E-6 2.04405E-6 8.90645E-6 3.08548E-6
-9999 -9999 -9999 -9999 -9999 2.98391E-4 -9999 2.03353E-4 2.66726E-4 2.66436E-4 2.3867E-4 1.79276E-4 2.19726E-4 1.75832E-4 2.07839E-4 2.21894E-4 2.12552E-4 1.31096E-4 1.69531E-4 1.70734E-4 6.1549E-5 6.19427E-5 8.67872E-5 1.49964E-4 1.15203E-4 1.53023E-4 7.75558E-5 3.60836E-5 6.84116E-5 6.13241E-5 5.699E-5 5.3884E-5 5.00171E-5 4.76723E-5 4.4523E-5 4.25642E-5 4.06315E-5 3.91443E-5 3.72337E-5 3.63039E-5 3.67627E-5 3.66857E-5 3.62578E-5 3.62062E-5 3.62844E-5 3.60825E-5 3.71026E-5 4.0652E-5 -9999 4.29365E-5 4.06396E-5 3.73318E-5 3.48018E-5 3.27359E-5 3.15904E-5 3.32652E-5 3.40295E-5 4.65645E-5 2.95623E-5 2.20416E-5 7.3288E-6 5.46877E-6 3.64334E-6 6.21444E-6 3.5827E-6 2.12976E-6
-9999 -9999 -9999 -9999 -9999 2.33915E-4 2.42057E-4 1.73453E-4 2.31054E-4 2.74935E-4 2.24726E-4 2.56546E-4 2.2796E-4 1.86691E-4 2.21226E-4 2.1424E-4 1.9696E-4 1.66343E-4 1.95065E-4 1.78125E-4 1.14488E-4 3.87835E-5 1.44329E-4 8.62725E-5 1.1603E-4 9.37225E-5 5.86115E-5 5.49739E-5 6.89998E-5 6.40501E-5 5.96661E-5 5.61925E-5 5.24026E-5 4.95425E-5 4.663E-5 4.51395E-5 4.26601E-5 4.12573E-5 4.038E-5 3.98302E-5 4.04929E-5 4.11791E-5 4.16708E-5 4.19681E-5 4.07824E-5 4.27946E-5 4.26822E-5 -9999 -9999 -9999 4.0895E-5 3.75764E-5 3.42679E-5 3.08225E-5 2.94555E-5 2.78234E-5 3.64386E-5 4.17921E-5 3.0023E-5 2.37163E-5 2.22602E-5 1.86891E-5 1.72068E-5 3.50132E-6 2.27304E-6 2.72967E-6
-9999 -9999 -9999 -9999 -9999 -9999 -9999 2.16287E-4 3.06539E-4 2.78867E-4 2.23623E-4 2.6803E-4 1.68173E-4 2.32018E-4 2.24179E-4 2.1374E-4 2.13913E-4 1.81424E-4 1.38769E-4 1.78483E-4 1.15387E-4 7.28864E-5 6.07052E-5 3.74136E-5 1.14499E-4 5.83269E-5 8.29056E-5 7.55465E-5 6.94946E-5 6.54316E-5 6.18968E-5 5.80944E-5 5.51375E-5 5.1832E-5 5.0124E-5 4.88466E-5 4.67577E-5 4.5166E-5 4.396E-5 4.50715E-5 4.58236E-5 4.67201E-5 4.75393E-5 4.73781E-5 4.26622E-5 4.08664E-5 4.36564E-5 4.58995E-5 5.05765E-5 5.18713E-5 4.59343E-5 4.08863E-5 3.5294E-5 3.14402E-5 3.43157E-5 3.46753E-5 3.37749E-5 3.13244E-5 2.71815E-5 2.27838E-5 1.93311E-5 9.57118E-6 9.91227E-6 7.99837E-6 5.45451E-6 7.57526E-6
-9999 -9999 -9999 -9999 -9999 -9999 2.46754E-4 2.66242E-4 2.02985E-4 2.58029E-4 3.16783E-4 2.40426E-4 2.23844E-4 2.59657E-4 2.29553E-4 2.02694E-4 1.93466E-4 1.13253E-4 1.00226E-4 1.03827E-4 1.23038E-4 1.30674E-4 1.10367E-4 4.7668E-5 4.75565E-5 4.46216E-5 8.47335E-5 7.88603E-5 7.40975E-5 6.96002E-5 6.57114E-5 6.12836E-5 5.95559E-5 5.74961E-5 5.52213E-5 5.33048E-5 5.2697E-5 5.24579E-5 5.37213E-5 5.79015E-5 5.95503E-5 5.7655E-5 5.12032E-5 4.09288E-5 3.89188E-5 4.1442E-5 4.35222E-5 4.40789E-5 5.48711E-5 -9999 -9999 4.22554E-5 3.56578E-5 3.48679E-5 3.64347E-5 3.80284E-5 3.71793E-5 3.2775E-5 2.95023E-5 3.32426E-5 3.1803E-5 7.13234E-6 7.0782E-6 8.7692E-6 1.49996E-5 5.57665E-6
-9999 -9999 -9999 -9999 -9999 -9999 2.23314E-4 2.55244E-4 -9999 3.33401E-4 2.98998E-4 2.40712E-4 2.72187E-4 2.37902E-4 2.49488E-4 1.96953E-4 1.40106E-4 1.26084E-4 1.05904E-4 1.17725E-4 1.68781E-4 1.74026E-4 1.50709E-4 1.12367E-4 1.03504E-4 1.00153E-4 9.1809E-5 8.75737E-5 8.19955E-5 7.66774E-5 7.28566E-5 6.9539E-5 6.61824E-5 6.29795E-5 6.19837E-5 6.02095E-5 6.51925E-5 6.92296E-5 7.13238E-5 -9999 -9999 -9999 5.28759E-5 4.32025E-5 4.18304E-5 4.7177E-5 -9999 -9999 -9999 -9999 4.79334E-5 3.90202E-5 3.60979E-5 3.61253E-5 2.96007E-5 4.20051E-5 3.96887E-5 3.15697E-5 3.52918E-5 5.25326E-5 4.24241E-5 2.95919E-5 1.52452E-5 9.92327E-6 9.67098E-6 9.30194E-6
-9999 -9999 -9999 -9999 -9999 -9999 -9999 2.36536E-4 3.29286E-4 2.39774E-4 2.49231E-4 2.32166E-4 1.68824E-4 1.41341E-4 1.652E-4 1.39617E-4 1.24506E-4 1.17272E-4 1.18988E-4 1.32007E-4 1.70668E-4 1.99712E-4 1.79228E-4 1.42392E-4 1.31977E-4 1.1333E-4 1.02559E-4 9.27308E-5 8.47265E-5 7.80686E-5 7.35954E-5 7.01493E-5 6.6887E-5 6.51272E-5 6.5124E-5 6.42615E-5 7.00961E-5 -9999 -9999 -9999 -9999 -9999 -9999 5.36792E-5 5.18957E-5 5.19247E-5 -9999 -9999 -9999 4.63316E-5 4.58129E-5 3.89957E-5 3.77308E-5 3.58111E-5 4.25054E-5 4.49641E-5 4.29354E-5 3.94713E-5 3.65546E-5 3.24981E-5 3.23699E-5 2.54108E-5 1.85805E-5 1.66585E-5 1.58679E-5 4.38338E-6
