catData/rasterBestHybridModels/Pviverrinus/RD_RM1.5_L/Pviverrinus_min.asc
ncols         409
nrows         350
xllcorner     60.897278365
yllcorner     5.843756025
cellsize      0.0892857
NODATA_value  -9999
[rows 87 to 115 of 350, columns 0 to 64 of 409]
-9999 -9999 -9999 -9999 -9999 -9999 2.22473E-8 8.53492E-8 2.41336E-7 4.22718E-7 3.82581E-7 3.03399E-7 3.21938E-7 3.31035E-7 3.26168E-7 2.82717E-7 2.29072E-7 1.50019E-7 7.97409E-8 4.66267E-8 3.74782E-8 4.90878E-8 8.9024E-8 1.32906E-7 1.22698E-7 8.39634E-8 5.01421E-8 2.42146E-8 1.17211E-8 1.93303E-8 1.87983E-8 7.71973E-9 5.28222E-9 6.06015E-9 6.44377E-9 6.50294E-9 7.71295E-9 1.37676E-8 2.08879E-8 3.93301E-8 7.00296E-8 1.13338E-7 1.65107E-7 1.67615E-7 1.62887E-7 1.56352E-7 1.46594E-7 1.34921E-7 1.25874E-7 1.1554E-7 1.07469E-7 9.79954E-8 9.84555E-8 1.04262E-7 9.69212E-8 5.90475E-8 1.93226E-8 4.645E-9 1.27664E-9 9.91402E-10 9.72159E-10 5.99072E-10 1.31517E-9 1.07451E-9 9.74151E-10
-9999 -9999 -9999 -9999 -9999 -9999 2.14882E-8 7.77743E-8 1.44274E-7 1.92852E-7 2.46999E-7 2.50603E-7 2.3894E-7 2.1093E-7 2.32459E-7 2.14224E-7 1.47322E-7 6.30654E-8 4.63254E-8 2.45353E-8 1.05919E-8 1.21612E-8 4.34961E-8 1.33025E-7 1.87358E-7 1.46118E-7 8.94579E-8 5.10458E-8 3.9606E-8 4.04469E-8 3.09649E-8 1.8957E-8 1.50931E-8 1.39062E-8 1.47908E-8 1.68824E-8 1.79278E-8 2.25931E-8 3.14475E-8 5.60122E-8 9.46371E-8 1.34549E-7 1.73784E-7 1.66915E-7 1.62825E-7 1.5138E-7 1.46593E-7 1.37798E-7 1.29001E-7 1.20384E-7 1.22287E-7 1.31288E-7 1.21444E-7 7.4375E-8 4.00892E-8 2.19965E-8 8.69103E-9 1.98278E-9 1.6966E-9 1.68238E-9 1.0189E-9 7.30091E-10 1.39202E-9 9.36033E-10 7.62916E-10
-9999 -9999 -9999 -9999 -9999 -9999 -9999 6.61385E-8 1.35571E-7 1.47753E-7 1.86198E-7 2.43277E-7 2.26584E-7 1.99288E-7 2.41687E-7 1.81173E-7 1.08413E-7 6.22633E-8 5.98499E-8 4.45774E-8 1.05653E-8 4.55502E-9 2.0527E-8 9.92798E-8 2.18354E-7 2.43072E-7 1.76731E-7 1.24673E-7 9.01664E-8 6.75647E-8 5.50003E-8 4.09863E-8 3.19451E-8 3.04097E-8 3.56196E-8 4.0568E-8 4.31805E-8 4.747E-8 5.83805E-8 7.89153E-8 1.08029E-7 1.4264E-7 1.58867E-7 1.58936E-7 1.60154E-7 1.44139E-7 1.5177E-7 1.59684E-7 1.6366E-7 1.61254E-7 1.39852E-7 9.89307E-8 5.77794E-8 2.32063E-8 1.75257E-8 1.48686E-8 5.51816E-9 3.27568E-9 2.11041E-9 1.11238E-9 5.74402E-10 9.92831E-10 1.46923E-9 1.29035E-9 9.98589E-10
-9999 -9999 -9999 -9999 -9999 -9999 -9999 7.18182E-8 1.55903E-7 1.80768E-7 2.1338E-7 2.42375E-7 2.71093E-7 2.94735E-7 3.71485E-7 2.84906E-7 1.78051E-7 1.96678E-7 1.65575E-7 1.04618E-7 4.59566E-8 2.78144E-8 4.48603E-8 1.01178E-7 2.28936E-7 3.31E-7 2.95086E-7 2.40149E-7 1.7363E-7 1.33893E-7 1.09595E-7 8.15046E-8 6.39956E-8 6.45544E-8 7.10262E-8 7.16666E-8 7.16345E-8 7.78157E-8 9.23525E-8 1.02074E-7 1.17456E-7 1.52128E-7 1.60824E-7 1.56163E-7 1.70288E-7 1.79417E-7 1.80547E-7 1.62034E-7 1.40949E-7 9.26279E-8 4.87169E-8 3.17197E-8 2.7178E-8 3.16807E-8 3.0936E-8 1.79244E-8 5.93797E-9 2.17705E-9 1.40548E-9 5.85308E-10 3.84155E-10 1.0143E-9 9.54871E-10 9.91093E-10 6.41063E-10
-9999 -9999 -9999 -9999 -9999 -9999 -9999 1.47001E-7 1.4287E-7 1.62552E-7 2.39738E-7 3.08818E-7 3.44447E-7 3.7019E-7 4.35986E-7 4.32377E-7 3.56691E-7 3.40463E-7 2.88922E-7 2.28541E-7 1.59774E-7 1.28965E-7 1.51429E-7 1.92213E-7 2.89106E-7 3.97659E-7 4.01753E-7 3.37669E-7 2.68769E-7 2.12225E-7 1.49076E-7 1.18121E-7 1.06622E-7 1.03762E-7 1.04135E-7 9.97517E-8 9.81615E-8 1.122E-7 1.30143E-7 1.42654E-7 1.62407E-7 1.81294E-7 1.86169E-7 1.80108E-7 1.48186E-7 1.078E-7 7.76552E-8 3.52733E-8 3.77068E-8 2.33562E-8 1.76978E-8 3.31852E-8 4.92518E-8 5.51391E-8 3.86346E-8 1.63028E-8 3.19176E-9 1.22955E-9 1.01973E-9 5.81519E-10 7.79074E-10 9.88502E-10 7.99573E-10 7.60699E-10 3.51926E-10
-9999 -9999 -9999 -9999 -9999 -9999 -9999 -9999 1.30111E-7 1.41294E-7 2.14986E-7 3.25706E-7 4.17663E-7 4.49826E-7 4.94566E-7 5.08999E-7 4.70197E-7 4.46854E-7 4.3511E-7 3.85051E-7 3.21881E-7 2.92474E-7 3.05713E-7 3.15709E-7 3.6225E-7 4.50724E-7 4.8579E-7 4.449E-7 3.79933E-7 2.95496E-7 2.10852E-7 1.78478E-7 1.7077E-7 1.6196E-7 1.57971E-7 1.47097E-7 1.44336E-7 1.56047E-7 1.57691E-7 1.67758E-7 1.66486E-7 1.5327E-7 1.33305E-7 9.01626E-8 4.70949E-8 1.81363E-8 1.10908E-8 3.04701E-9 5.33203E-9 2.6776E-8 5.14232E-8 6.92617E-8 7.4003E-8 7.23782E-8 4.36656E-8 1.29755E-8 2.43579E-9 1.00248E-9 1.00496E-9 7.77831E-10 9.64548E-10 1.01144E-9 8.41134E-10 6.16841E-10 4.77462E-10
-9999 -9999 -9999 -9999 -9999 -9999 -9999 -9999 -9999 1.72109E-7 1.83109E-7 2.37783E-7 3.93096E-7 5.1746E-7 5.95382E-7 6.40479E-7 5.83807E-7 5.62283E-7 5.63162E-7 5.53466E-7 4.72746E-7 4.37383E-7 4.44533E-7 4.42258E-7 4.38605E-7 4.82561E-7 5.37372E-7 5.41481E-7 4.88062E-7 4.09652E-7 3.5062E-7 3.03661E-7 2.74532E-7 2.53144E-7 2.10192E-7 1.60678E-7 1.53088E-7 1.35053E-7 1.08687E-7 9.23721E-8 8.77543E-8 6.01813E-8 4.62063E-8 2.20133E-8 1.19053E-8 5.42836E-9 9.24248E-9 1.21671E-8 2.13347E-8 9.66695E-8 1.39289E-7 1.3386E-7 1.26853E-7 1.01199E-7 5.53833E-8 1.1358E-8 2.40546E-9 1.02447E-9 8.62294E-10 8.7832E-10 1.10004E-9 1.1571E-9 7.56344E-10 4.92775E-10 7.06534E-10
-9999 -9999 -9999 -9999 -9999 -9999 -9999 -9999 -9999 -9999 1.9795E-7 1.94787E-7 2.53515E-7 3.69419E-7 5.1124E-7 6.76278E-7 7.062E-7 6.74122E-7 6.63212E-7 7.40252E-7 5.97983E-7 5.26816E-7 5.50206E-7 5.52428E-7 5.15985E-7 5.28079E-7 5.78747E-7 6.1397E-7 5.84855E-7 5.40472E-7 4.77937E-7 4.26598E-7 3.63268E-7 2.94759E-7 1.99996E-7 1.13943E-7 9.24565E-8 5.41336E-8 3.02322E-8 2.49804E-8 3.18193E-8 2.51337E-8 2.24786E-8 2.3022E-8 1.56675E-8 1.41643E-8 3.2754E-8 1.09448E-7 2.04533E-7 2.42061E-7 2.34853E-7 2.32812E-7 2.09638E-7 1.3277E-7 5.709E-8 1.17982E-8 2.96292E-9 1.37256E-9 9.85895E-10 1.16452E-9 1.45046E-9 1.20156E-9 6.22636E-10 4.11815E-10 7.90424E-10
-9999 -9999 -9999 -9999 -9999 -9999 -9999 -9999 -9999 -9999 -9999 -9999 2.28327E-7 3.12277E-7 4.31822E-7 5.89243E-7 6.93961E-7 7.19752E-7 7.2594E-7 7.91846E-7 6.92957E-7 6.60424E-7 6.85673E-7 6.66285E-7 6.06905E-7 5.92098E-7 6.2933E-7 6.71359E-7 6.74764E-7 6.31976E-7 5.88831E-7 5.24569E-7 4.11042E-7 2.91602E-7 1.52012E-7 7.40663E-8 3.42639E-8 1.74766E-8 1.34144E-8 1.9065E-8 4.24836E-8 3.85369E-8 4.02501E-8 6.15736E-8 4.52096E-8 8.81789E-8 1.97652E-7 3.07448E-7 3.54294E-7 3.43475E-7 3.3468E-7 3.3302E-7 2.66281E-7 1.35042E-7 3.57139E-8 6.04738E-9 1.72113E-9 1.23166E-9 1.48605E-9 1.72447E-9 2.16194E-9 9.39659E-10 4.20806E-10 3.20901E-10 1.65729E-9
-9999 -9999 -9999 -9999 -9999 -9999 -9999 -9999 -9999 -9999 -9999 -9999 -9999 -9999 -9999 -9999 6.66362E-7 7.12587E-7 7.2966E-7 7.46742E-7 7.5899E-7 8.61013E-7 9.56753E-7 8.95801E-7 7.60275E-7 6.72491E-7 6.69823E-7 6.71197E-7 6.83903E-7 6.76957E-7 6.38817E-7 6.07126E-7 4.99815E-7 2.94624E-7 1.08827E-7 5.05081E-8 3.68117E-8 5.03184E-8 5.67643E-8 8.79419E-8 1.52645E-7 1.58875E-7 1.57793E-7 2.1995E-7 2.92516E-7 3.76522E-7 4.41614E-7 4.35911E-7 4.07891E-7 4.0122E-7 4.02837E-7 3.63177E-7 2.50672E-7 1.27035E-7 2.694E-8 4.25065E-9 1.29237E-9 1.28178E-9 2.09891E-9 2.85382E-9 2.32606E-9 7.26206E-10 6.6663E-10 1.65344E-9 6.12943E-9
-9999 -9999 -9999 -9999 -9999 -9999 -9999 -9999 -9999 -9999 -9999 -9999 -9999 -9999 -9999 -9999 -9999 -9999 7.64695E-7 7.8895E-7 8.46359E-7 9.63225E-7 -9999 -9999 9.72306E-7 8.24342E-7 6.94548E-7 6.43145E-7 6.77683E-7 6.9123E-7 6.941E-7 7.34057E-7 6.36825E-7 4.59551E-7 2.46214E-7 2.28527E-7 2.78257E-7 3.17266E-7 3.58632E-7 4.06061E-7 4.28624E-7 4.95365E-7 5.19732E-7 5.38547E-7 5.4742E-7 5.31882E-7 4.98922E-7 4.69687E-7 4.54718E-7 4.51969E-7 4.24026E-7 3.57237E-7 2.47744E-7 1.12332E-7 1.87146E-8 3.72241E-9 1.5229E-9 2.51687E-9 4.06804E-9 3.93403E-9 2.84547E-9 2.26048E-9 3.65129E-9 8.01808E-9 8.66299E-9
-9999 -9999 -9999 -9999 -9999 -9999 -9999 -9999 -9999 -9999 -9999 -9999 -9999 -9999 -9999 -9999 -9999 -9999 -9999 7.99063E-7 8.05661E-7 9.63564E-7 -9999 -9999 -9999 -9999 8.55365E-7 6.56032E-7 6.32951E-7 6.86289E-7 8.20991E-7 8.93439E-7 8.36073E-7 7.94066E-7 7.07455E-7 7.06683E-7 7.0285E-7 6.90817E-7 6.91514E-7 6.76812E-7 6.4151E-7 6.47947E-7 6.31789E-7 6.09139E-7 5.77165E-7 5.5377E-7 5.37959E-7 5.09485E-7 4.58215E-7 4.18524E-7 3.69499E-7 3.07753E-7 1.51304E-7 4.6976E-8 1.28348E-8 3.06574E-9 2.85559E-9 4.90285E-9 6.25133E-9 2.03219E-9 2.24315E-9 3.75934E-9 4.61261E-9 6.11856E-9 6.73625E-9
-9999 -9999 -9999 -9999 -9999 -9999 -9999 -9999 -9999 -9999 -9999 -9999 -9999 -9999 -9999 -9999 -9999 -9999 -9999 -9999 -9999 9.77994E-7 -9999 -9999 -9999 1.27421E-6 -9999 6.91433E-7 5.92587E-7 5.78807E-7 6.49061E-7 7.65071E-7 8.22472E-7 8.29801E-7 8.22831E-7 8.11488E-7 7.77505E-7 7.00805E-7 6.39624E-7 6.31532E-7 6.30602E-7 6.51177E-7 6.44747E-7 6.28551E-7 6.12501E-7 5.8405E-7 5.63436E-7 5.01116E-7 4.20892E-7 3.56514E-7 2.99413E-7 2.01382E-7 5.73882E-8 2.47651E-8 1.78174E-8 6.82308E-9 4.36995E-9 5.78948E-9 4.65354E-9 3.09895E-9 2.82619E-9 3.77918E-9 4.75934E-9 5.49047E-9 6.82609E-9
-9999 -9999 -9999 -9999 -9999 -9999 -9999 -9999 -9999 -9999 -9999 -9999 -9999 -9999 -9999 -9999 -9999 -9999 -9999 -9999 -9999 -9999 -9999 -9999 1.61432E-6 1.62144E-6 1.18677E-6 7.85769E-7 6.13916E-7 6.02637E-7 6.12928E-7 6.22517E-7 6.64938E-7 7.29957E-7 7.62864E-7 7.65599E-7 7.32538E-7 6.86336E-7 6.60826E-7 6.633E-7 6.74706E-7 6.73158E-7 6.75598E-7 6.66567E-7 6.04969E-7 5.37935E-7 5.08815E-7 4.58674E-7 3.77678E-7 3.0573E-7 2.32568E-7 1.00036E-7 2.25686E-8 9.5991E-9 9.28584E-9 6.18717E-9 2.91783E-9 4.4146E-9 5.66134E-9 4.39888E-9 6.75781E-9 5.64647E-9 6.15498E-9 7.52505E-9 1.02517E-8
-9999 -9999 -9999 -9999 -9999 -9999 -9999 -9999 -9999 -9999 -9999 -9999 -9999 -9999 -9999 -9999 -9999 -9999 -9999 -9999 -9999 1.0634E-6 1.21373E-6 1.3787E-6 1.52264E-6 1.49176E-6 1.32618E-6 1.02356E-6 7.40328E-7 6.73631E-7 6.57385E-7 6.45284E-7 6.41689E-7 6.54679E-7 6.63744E-7 6.61874E-7 6.78629E-7 7.19955E-7 7.23329E-7 7.13875E-7 7.1591E-7 6.97561E-7 6.83475E-7 6.5221E-7 5.93024E-7 5.10237E-7 4.56114E-7 3.98888E-7 3.10507E-7 2.01153E-7 1.1397E-7 5.53392E-8 1.30342E-8 7.02749E-9 1.21279E-8 5.44458E-9 2.03586E-9 3.58541E-9 6.92818E-9 4.07486E-9 6.84285E-9 9.92199E-9 9.51811E-9 1.43535E-8 1.18632E-8
-9999 -9999 -9999 -9999 -9999 -9999 -9999 -9999 -9999 -9999 -9999 -9999 -9999 -9999 -9999 -9999 -9999 -9999 -9999 -9999 -9999 1.00776E-6 1.0916E-6 1.19862E-6 1.3333E-6 1.3062E-6 1.17941E-6 1.09708E-6 8.99114E-7 8.17693E-7 7.68444E-7 6.76558E-7 6.41581E-7 6.61391E-7 6.52542E-7 6.53807E-7 6.74812E-7 7.09938E-7 7.23819E-7 7.27187E-7 7.18957E-7 6.97387E-7 6.53255E-7 6.21865E-7 5.64799E-7 4.99942E-7 4.25358E-7 3.67378E-7 2.43427E-7 1.0833E-7 4.31153E-8 1.85345E-8 7.35146E-9 5.89749E-9 1.2013E-8 9.1232E-9 4.35422E-9 4.25269E-9 6.03916E-9 6.18956E-9 6.42771E-9 6.98266E-9 1.04671E-8 1.46088E-8 7.14849E-9
-9999 -9999 -9999 -9999 -9999 -9999 -9999 -9999 -9999 -9999 -9999 -9999 -9999 -9999 -9999 -9999 -9999 -9999 -9999 -9999 -9999 7.81316E-7 8.48458E-7 9.38952E-7 1.05536E-6 1.17769E-6 1.16944E-6 1.09894E-6 9.90146E-7 8.98462E-7 8.51828E-7 7.60443E-7 6.73602E-7 6.78726E-7 6.82798E-7 6.9122E-7 6.935E-7 7.17141E-7 7.1023E-7 7.21969E-7 7.20293E-7 6.81469E-7 6.12571E-7 5.7994E-7 5.48624E-7 4.42014E-7 3.32889E-7 2.49074E-7 1.37744E-7 3.86334E-8 1.53153E-8 7.69964E-9 5.91379E-9 6.85787E-9 1.09679E-8 9.36465E-9 5.14864E-9 6.2606E-9 8.89052E-9 9.42458E-9 6.26721E-9 8.59495E-9 1.43028E-8 1.43117E-8 1.49608E-8
-9999 -9999 -9999 -9999 -9999 -9999 -9999 -9999 -9999 -9999 -9999 -9999 -9999 -9999 -9999 -9999 -9999 -9999 -9999 -9999 -9999 5.61396E-7 6.11124E-7 7.07221E-7 8.29385E-7 9.806E-7 1.09175E-6 1.06709E-6 1.0378E-6 9.55221E-7 8.66842E-7 8.36171E-7 7.74216E-7 7.06527E-7 7.08823E-7 7.18783E-7 7.14033E-7 7.30536E-7 7.08789E-7 7.27559E-7 7.2136E-7 6.76396E-7 5.76887E-7 5.26982E-7 4.45887E-7 2.45596E-7 1.59244E-7 1.10892E-7 4.38885E-8 1.58663E-8 6.85403E-9 5.05009E-9 6.1746E-9 9.00652E-9 9.8463E-9 9.83551E-9 8.63208E-9 1.27145E-8 1.95652E-8 1.95556E-8 1.92679E-8 1.52133E-8 1.82042E-8 1.98732E-8 2.90589E-8
-9999 -9999 -9999 -9999 -9999 -9999 -9999 -9999 -9999 -9999 -9999 -9999 -9999 -9999 -9999 -9999 -9999 -9999 -9999 -9999 -9999 3.88969E-7 4.19329E-7 5.01941E-7 5.92776E-7 6.92875E-7 7.76473E-7 8.09948E-7 8.64325E-7 8.65563E-7 8.44549E-7 8.33247E-7 8.35649E-7 7.78635E-7 7.94778E-7 7.96499E-7 7.52647E-7 7.32759E-7 6.86386E-7 6.39071E-7 5.45385E-7 4.0143E-7 3.3194E-7 3.48053E-7 2.59727E-7 1.41882E-7 6.66093E-8 3.10928E-8 1.39603E-8 7.03923E-9 4.0394E-9 4.61158E-9 6.91089E-9 1.04801E-8 1.18781E-8 1.41676E-8 1.95297E-8 2.53244E-8 3.20468E-8 4.82929E-8 3.13167E-8 1.28567E-8 1.01063E-8 1.68087E-8 3.15422E-8
-9999 -9999 -9999 -9999 -9999 -9999 -9999 -9999 -9999 -9999 -9999 -9999 -9999 -9999 -9999 -9999 -9999 -9999 -9999 -9999 -9999 2.62906E-7 2.7794E-7 3.23745E-7 3.64662E-7 4.19798E-7 4.97719E-7 5.55442E-7 5.42303E-7 6.20484E-7 6.57666E-7 6.2984E-7 6.59759E-7 6.50397E-7 6.95882E-7 6.62831E-7 6.3078E-7 5.55564E-7 3.95919E-7 2.57169E-7 1.89542E-7 1.58286E-7 1.55583E-7 1.42388E-7 6.78687E-8 2.60174E-8 1.16009E-8 1.0145E-8 9.03597E-9 6.41716E-9 4.97792E-9 6.02904E-9 8.37889E-9 1.28632E-8 2.0541E-8 2.2564E-8 2.88504E-8 1.31812E-8 2.5972E-8 5.832E-8 2.49581E-8 1.42377E-8 1.10974E-8 1.58316E-8 2.86519E-8
-9999 -9999 -9999 -9999 -9999 -9999 -9999 -9999 -9999 -9999 -9999 -9999 -9999 -9999 -9999 -9999 -9999 -9999 -9999 -9999 -9999 -9999 1.58134E-7 1.78882E-7 1.98524E-7 2.26405E-7 2.76623E-7 3.41271E-7 3.51311E-7 4.4277E-7 4.94992E-7 5.10903E-7 4.0924E-7 4.41455E-7 4.37872E-7 4.24667E-7 4.0982E-7 3.27726E-7 2.09219E-7 1.41312E-7 1.10206E-7 9.17014E-8 4.96437E-8 2.38888E-8 1.47452E-8 8.31364E-9 9.26727E-9 1.24311E-8 1.03067E-8 6.84099E-9 6.12639E-9 9.50838E-9 8.92689E-9 1.1259E-8 2.4941E-8 2.90492E-8 2.63406E-8 6.59312E-9 3.34048E-8 6.32306E-8 2.45583E-8 1.85879E-8 1.27715E-8 1.18318E-8 2.17063E-8
-9999 -9999 -9999 -9999 -9999 -9999 -9999 -9999 -9999 -9999 -9999 -9999 -9999 -9999 -9999 -9999 -9999 -9999 -9999 -9999 -9999 7.82281E-8 7.43905E-8 8.43962E-8 9.72125E-8 1.07907E-7 1.32715E-7 1.52574E-7 2.11795E-7 2.87331E-7 2.60345E-7 3.58046E-7 2.41232E-7 2.70759E-7 2.65277E-7 2.26134E-7 1.95465E-7 1.62522E-7 1.44839E-7 1.02091E-7 5.12561E-8 2.40377E-8 1.59372E-8 1.34108E-8 1.42213E-8 1.59905E-8 1.88188E-8 1.40827E-8 8.26605E-9 7.04897E-9 1.22924E-8 1.28721E-8 6.3472E-9 1.06563E-8 2.57158E-8 2.37476E-8 1.86857E-8 2.08261E-8 7.13415E-8 5.72231E-8 2.78447E-8 3.2198E-8 2.0831E-8 1.1653E-8 2.08396E-8
-9999 -9999 -9999 -9999 -9999 -9999 -9999 -9999 -9999 -9999 -9999 -9999 -9999 -9999 -9999 -9999 -9999 -9999 -9999 -9999 -9999 3.34281E-8 2.83386E-8 2.64869E-8 2.52469E-8 2.41967E-8 4.58891E-8 1.16773E-7 2.13177E-7 2.50949E-7 1.98494E-7 1.69772E-7 1.113E-7 1.15807E-7 1.49488E-7 1.27105E-7 1.20522E-7 8.9083E-8 5.96954E-8 3.36501E-8 2.26322E-8 1.98786E-8 2.1066E-8 2.30042E-8 2.43711E-8 2.38265E-8 1.79504E-8 1.03197E-8 1.01354E-8 1.69036E-8 2.03612E-8 9.52769E-9 4.89585E-9 1.75814E-8 2.44214E-8 2.22739E-8 3.5668E-8 6.92951E-8 9.92106E-8 6.36786E-8 3.44207E-8 4.34637E-8 2.68399E-8 1.73102E-8 3.13603E-8
-9999 -9999 -9999 -9999 -9999 -9999 -9999 -9999 -9999 -9999 -9999 -9999 -9999 -9999 -9999 -9999 -9999 -9999 -9999 -9999 -9999 -9999 1.63379E-8 -9999 -9999 -9999 4.16432E-8 1.25592E-7 1.33927E-7 8.81894E-8 7.4624E-8 8.37688E-8 9.81587E-8 1.10047E-7 1.11696E-7 8.08411E-8 5.43608E-8 3.32637E-8 2.55077E-8 2.67996E-8 3.1656E-8 3.58644E-8 3.46127E-8 3.02476E-8 2.52181E-8 1.86264E-8 1.41644E-8 1.98596E-8 2.83596E-8 3.06323E-8 2.0095E-8 8.66419E-9 1.34779E-8 4.27686E-8 1.89043E-8 3.69411E-8 1.02737E-7 8.56183E-8 7.9831E-8 4.8958E-8 4.21774E-8 3.83749E-8 3.11887E-8 2.53836E-8 2.77623E-8
-9999 -9999 -9999 -9999 -9999 -9999 -9999 -9999 -9999 -9999 -9999 -9999 -9999 -9999 -9999 -9999 -9999 -9999 -9999 -9999 -9999 -9999 -9999 -9999 -9999 -9999 -9999 1.39655E-7 1.83607E-7 1.52331E-7 1.40827E-7 1.50893E-7 1.31646E-7 9.76778E-8 6.07323E-8 4.59563E-8 4.41597E-8 3.78185E-8 4.30718E-8 4.78354E-8 4.85249E-8 4.31214E-8 3.26558E-8 2.26261E-8 1.54643E-8 1.92451E-8 3.68664E-8 4.88263E-8 5.02837E-8 4.13283E-8 2.28319E-8 2.30067E-8 6.32823E-8 3.35726E-8 9.71854E-9 7.27863E-8 1.48632E-7 5.72657E-8 5.58673E-8 4.02142E-8 3.89775E-8 5.44639E-8 5.32242E-8 4.44324E-8 4.06153E-8
-9999 -9999 -9999 -9999 -9999 -9999 -9999 -9999 -9999 -9999 -9999 -9999 -9999 -9999 -9999 -9999 -9999 -9999 -9999 -9999 -9999 -9999 -9999 -9999 -9999 -9999 1.11824E-7 1.32145E-7 1.81373E-7 2.06557E-7 1.93967E-7 1.66077E-7 1.31875E-7 1.04008E-7 9.03438E-8 9.0879E-8 9.92624E-8 9.07752E-8 7.97002E-8 6.59283E-8 4.93716E-8 3.52511E-8 2.16516E-8 1.92782E-8 3.3472E-8 5.39153E-8 6.71467E-8 6.98666E-8 6.81962E-8 4.60118E-8 3.32338E-8 7.63322E-8 6.73489E-8 1.17909E-8 2.15848E-8 1.7071E-7 1.40987E-7 4.77874E-8 1.1163E-7 1.07798E-7 6.2138E-8 1.05833E-7 1.08468E-7 1.29561E-7 1.14199E-7
-9999 -9999 -9999 -9999 -9999 -9999 -9999 -9999 -9999 -9999 -9999 -9999 -9999 -9999 -9999 -9999 -9999 -9999 -9999 -9999 -9999 -9999 -9999 -9999 -9999 -9999 1.08187E-7 1.21359E-7 1.62321E-7 2.18798E-7 2.51111E-7 2.45982E-7 2.26696E-7 1.89406E-7 1.74208E-7 1.82319E-7 1.41197E-7 9.46742E-8 7.09697E-8 4.98951E-8 3.24236E-8 2.80972E-8 3.75201E-8 5.63722E-8 6.54606E-8 6.10914E-8 5.36591E-8 5.64347E-8 7.49071E-8 4.16122E-8 6.96172E-8 1.3808E-7 2.91808E-8 1.75433E-8 1.5806E-7 3.04502E-7 9.661E-8 7.26586E-8 1.50785E-7 3.35297E-8 9.85401E-8 9.78658E-8 1.44562E-7 2.16313E-7 8.51751E-8
-9999 -9999 -9999 -9999 -9999 -9999 -9999 -9999 -9999 -9999 -9999 -9999 -9999 -9999 -9999 -9999 -9999 -9999 -9999 -9999 -9999 -9999 -9999 -9999 -9999 -9999 -9999 9.07553E-8 1.41342E-7 2.27595E-7 -9999 -9999 -9999 2.51001E-7 1.99486E-7 1.39925E-7 7.99878E-8 5.09733E-8 4.40687E-8 4.50973E-8 4.65609E-8 5.17775E-8 5.76721E-8 5.71426E-8 4.61972E-8 3.87311E-8 3.71612E-8 5.60844E-8 5.74075E-8 7.59725E-8 1.68016E-7 1.01625E-7 2.47139E-8 1.03761E-7 4.63561E-7 1.80324E-7 5.06425E-8 1.3853E-7 2.25287E-7 2.72118E-8 1.2911E-7 2.10468E-7 1.4158E-7 1.24066E-7 8.71256E-8
-9999 -9999 -9999 -9999 -9999 -9999 -9999 -9999 -9999 -9999 -9999 -9999 -9999 -9999 -9999 -9999 -9999 -9999 -9999 -9999 -9999 -9999 -9999 -9999 -9999 -9999 6.36401E-8 8.18987E-8 1.13967E-7 1.90201E-7 2.80181E-7 3.06635E-7 2.95034E-7 2.67586E-7 1.99897E-7 1.49458E-7 1.19147E-7 1.02585E-7 8.38424E-8 6.60366E-8 5.23639E-8 4.34153E-8 4.13447E-8 3.79209E-8 3.62375E-8 4.12864E-8 6.55759E-8 4.16734E-8 3.13208E-8 6.87759E-8 2.95986E-7 1.79125E-7 1.86298E-7 6.18005E-7 5.5791E-7 7.59062E-8 5.40704E-8 1.54569E-7 3.407E-7 6.49802E-8 1.54989E-7 2.45897E-7 3.70987E-7 9.0604E-8 8.92312E-8
