catData/rasterBestHybridModels/Pviverrinus/RD_RM1.5_L/Pviverrinus_max.asc
ncols         409
nrows         350
xllcorner     60.897278365
yllcorner     5.843756025
cellsize      0.0892857
NODATA_value  -9999
[rows 116 to 144 of 350, columns 195 to 259 of 409]
2.79565E-5 3.04889E-5 2.7977E-5 3.14849E-5 2.85725E-5 3.06704E-5 3.65078E-5 3.41047E-5 4.32223E-5 5.90325E-5 4.79049E-5 4.78447E-5 3.64522E-5 3.81918E-5 4.23946E-5 4.31899E-5 4.29379E-5 4.33451E-5 4.35947E-5 5.37232E-5 5.53305E-5 6.04115E-5 6.25049E-5 7.48085E-5 6.53707E-5 7.36834E-5 7.5759E-5 9.00167E-5 8.84269E-5 8.89702E-5 7.59177E-5 1.08958E-4 1.19883E-4 9.83969E-5 1.34064E-4 1.23191E-4 1.12736E-4 1.13404E-4 1.23581E-4 1.28101E-4 1.07662E-4 1.62305E-4 1.93029E-4 2.08466E-4 1.7129E-4 1.21301E-4 1.16874E-4 1.32046E-4 1.62007E-4 1.51041E-4 1.60368E-4 1.67187E-4 1.87474E-4 1.74972E-4 1.83099E-4 1.548E-4 1.8049E-4 2.76096E-4 2.86779E-4 3.27413E-4 3.4774E-4 3.41342E-4 2.81409E-4 3.33309E-4 3.30634E-4
2.80296E-5 2.9513E-5 2.76702E-5 2.75249E-5 2.8922E-5 3.13899E-5 3.18547E-5 3.34428E-5 3.41103E-5 3.84222E-5 5.40104E-5 5.89211E-5 4.68392E-5 4.63501E-5 4.19113E-5 4.45277E-5 4.00916E-5 4.26667E-5 4.14131E-5 4.45217E-5 5.83019E-5 5.17658E-5 6.09266E-5 7.58537E-5 5.66626E-5 7.08042E-5 7.37344E-5 6.41419E-5 5.82024E-5 6.8994E-5 7.92691E-5 9.70121E-5 1.17276E-4 1.34492E-4 1.43254E-4 1.33139E-4 1.4351E-4 1.02874E-4 1.10367E-4 1.27784E-4 1.07898E-4 9.2916E-5 1.18527E-4 1.89041E-4 2.0552E-4 2.11631E-4 1.94529E-4 1.65248E-4 1.36337E-4 1.47681E-4 1.39757E-4 1.62594E-4 1.86988E-4 1.78715E-4 2.09083E-4 1.78065E-4 1.85476E-4 1.61437E-4 2.37178E-4 2.76016E-4 3.13384E-4 3.18686E-4 2.70177E-4 3.53286E-4 3.64317E-4
2.80827E-5 2.10664E-5 2.68259E-5 2.66565E-5 2.79172E-5 3.03815E-5 3.1602E-5 2.75413E-5 2.14422E-5 3.45808E-5 3.51661E-5 4.6062E-5 3.95009E-5 4.53743E-5 3.50125E-5 4.70316E-5 5.16909E-5 3.82416E-5 3.98517E-5 4.52738E-5 5.11102E-5 7.84075E-5 5.76526E-5 5.26867E-5 5.05206E-5 5.45952E-5 5.92913E-5 7.53102E-5 7.06702E-5 7.59108E-5 9.7863E-5 9.48193E-5 1.07425E-4 8.64212E-5 1.02301E-4 1.014E-4 1.02737E-4 1.13736E-4 1.03384E-4 1.13179E-4 1.08531E-4 1.01326E-4 1.13667E-4 1.21768E-4 1.37517E-4 1.73926E-4 2.0058E-4 2.21929E-4 2.24034E-4 2.19208E-4 2.12916E-4 1.60146E-4 1.59953E-4 1.78945E-4 1.81946E-4 1.76421E-4 1.88182E-4 1.24402E-4 1.97315E-4 2.56503E-4 2.47692E-4 2.3478E-4 2.88905E-4 2.58062E-4 3.11353E-4
1.6068E-5 1.71791E-5 2.62841E-5 2.63437E-5 2.67418E-5 2.6645E-5 2.58178E-5 2.79528E-5 1.3762E-5 2.3977E-5 2.74149E-5 2.93104E-5 2.8206E-5 3.73136E-5 3.8697E-5 3.9111E-5 4.3261E-5 4.84686E-5 5.19893E-5 4.52459E-5 7.34872E-5 6.95705E-5 5.49706E-5 5.5287E-5 5.36464E-5 5.58925E-5 6.25735E-5 6.58274E-5 7.68998E-5 5.88425E-5 7.40536E-5 8.41051E-5 8.56837E-5 7.86568E-5 8.02162E-5 9.37042E-5 1.04511E-4 9.40258E-5 1.14548E-4 1.14993E-4 1.2657E-4 1.21575E-4 1.32047E-4 1.1116E-4 1.09677E-4 1.30486E-4 1.68839E-4 1.84671E-4 2.01113E-4 2.30885E-4 2.11097E-4 1.9147E-4 2.04901E-4 1.50938E-4 1.91984E-4 1.75668E-4 1.57362E-4 2.05253E-4 1.68203E-4 2.27329E-4 2.05274E-4 2.32362E-4 2.48892E-4 2.60014E-4 2.96663E-4
1.47625E-5 2.03744E-5 2.44941E-5 2.46825E-5 2.52223E-5 2.18798E-5 2.66288E-5 2.34468E-5 2.32267E-5 2.10278E-5 3.68826E-5 3.29087E-5 2.42081E-5 3.15299E-5 3.01314E-5 4.15997E-5 4.53634E-5 3.88943E-5 4.91928E-5 6.13579E-5 6.49144E-5 7.62364E-5 8.03887E-5 8.05888E-5 6.58913E-5 5.41494E-5 5.40237E-5 5.27996E-5 6.72149E-5 3.88552E-5 5.50199E-5 6.92788E-5 8.13475E-5 9.03043E-5 8.13541E-5 8.64587E-5 8.83272E-5 9.34779E-5 1.00452E-4 8.87037E-5 1.06941E-4 1.23832E-4 9.747E-5 1.17873E-4 1.33588E-4 1.28299E-4 1.22639E-4 1.47302E-4 1.86347E-4 2.02696E-4 2.01484E-4 1.87769E-4 2.01257E-4 1.75648E-4 1.33326E-4 1.39376E-4 1.42743E-4 1.99809E-4 1.5837E-4 1.54399E-4 2.09907E-4 2.26835E-4 2.14076E-4 1.96886E-4 2.49081E-4
1.36868E-5 2.11932E-5 2.11992E-5 1.86583E-5 2.39442E-5 2.10924E-5 1.99606E-5 2.17939E-5 1.72999E-5 2.53494E-5 3.11976E-5 3.17856E-5 2.1396E-5 2.11178E-5 2.63602E-5 3.91289E-5 4.6602E-5 4.79403E-5 3.41663E-5 4.65358E-5 6.25604E-5 6.35529E-5 6.53153E-5 6.13534E-5 5.74596E-5 5.09089E-5 4.929E-5 5.11688E-5 4.9806E-5 5.36183E-5 5.20497E-5 6.49615E-5 5.90898E-5 7.35578E-5 7.73247E-5 8.39328E-5 8.72458E-5 8.29029E-5 8.04928E-5 6.45908E-5 4.95464E-5 1.09955E-4 3.31766E-5 9.71709E-5 1.13342E-4 1.265E-4 1.3523E-4 1.16798E-4 1.26531E-4 1.49231E-4 1.47979E-4 1.47144E-4 1.71093E-4 1.71817E-4 1.77106E-4 2.12236E-4 2.07629E-4 1.59432E-4 1.61726E-4 1.25872E-4 1.57004E-4 1.62633E-4 2.40739E-4 2.08072E-4 2.02221E-4
1.71161E-5 9.16134E-6 2.66323E-6 1.13434E-5 1.30901E-5 5.51976E-6 9.69834E-6 9.37522E-6 1.889E-5 6.87707E-6 2.48075E-5 3.13812E-5 2.58828E-5 3.33567E-5 1.59162E-5 3.13588E-5 4.05305E-5 3.7554E-5 3.63759E-5 3.82648E-5 4.15809E-5 5.09548E-5 4.12487E-5 6.11006E-5 6.14723E-5 4.58968E-5 4.3877E-5 4.70112E-5 4.12059E-5 3.90661E-5 4.98656E-5 6.89927E-5 7.55133E-5 8.63745E-5 8.07936E-5 7.40772E-5 7.12212E-5 7.88119E-5 7.95229E-5 9.43532E-5 9.41938E-5 7.83099E-5 8.38826E-5 1.07961E-4 1.15108E-4 1.16323E-4 1.21005E-4 1.34676E-4 1.03646E-4 1.36701E-4 1.10018E-4 1.11548E-4 1.29135E-4 1.40918E-4 1.30255E-4 1.53078E-4 1.49395E-4 2.00258E-4 1.98509E-4 1.8606E-4 1.89598E-4 2.07712E-4 1.71013E-4 1.8616E-4 1.4901E-4
9.33563E-6 9.62389E-6 1.35225E-5 6.378E-6 1.55588E-5 1.0067E-5 2.90758E-6 9.87121E-6 9.29942E-6 8.84464E-6 1.71077E-5 1.4216E-5 1.67382E-5 3.27564E-5 2.95611E-5 1.95791E-5 1.83736E-5 3.53593E-5 3.29196E-5 3.90848E-5 4.11346E-5 4.06926E-5 4.05544E-5 4.33455E-5 5.71609E-5 6.57344E-5 6.02573E-5 4.72796E-5 4.65121E-5 4.86769E-5 6.34865E-5 6.49669E-5 7.24993E-5 8.91172E-5 9.46389E-5 9.59684E-5 8.26927E-5 8.07466E-5 9.6356E-5 9.23819E-5 1.09803E-4 7.72721E-5 8.86969E-5 9.68584E-5 1.14676E-4 1.20437E-4 1.11355E-4 1.06018E-4 1.21137E-4 1.24923E-4 1.29482E-4 1.19232E-4 1.29773E-4 1.5048E-4 1.47347E-4 1.33793E-4 1.6119E-4 1.9968E-4 1.90911E-4 1.72288E-4 1.97957E-4 2.07711E-4 2.13465E-4 2.24649E-4 1.82373E-4
1.72897E-5 1.94898E-5 1.63001E-5 2.18463E-5 2.1389E-5 1.90394E-5 8.1969E-6 1.4778E-5 2.07277E-5 1.5061E-5 1.74566E-5 2.83613E-5 1.6701E-5 1.53262E-5 3.19442E-5 1.70093E-5 3.25809E-5 3.14635E-5 3.18326E-5 3.45656E-5 2.49809E-5 4.37738E-5 2.70126E-5 4.46016E-5 4.40245E-5 5.16167E-5 5.99105E-5 7.62479E-5 5.58927E-5 5.88048E-5 5.58652E-5 6.04048E-5 7.61988E-5 7.92317E-5 4.6967E-5 8.0595E-5 8.06181E-5 8.08014E-5 9.99878E-5 9.18477E-5 9.82491E-5 7.87961E-5 8.95257E-5 9.70911E-5 1.09702E-4 1.09055E-4 1.17761E-4 1.2032E-4 1.21598E-4 1.06622E-4 1.00848E-4 1.00322E-4 1.19205E-4 1.35929E-4 1.21373E-4 1.14767E-4 1.5105E-4 1.25226E-4 1.37927E-4 1.39525E-4 1.46611E-4 1.73855E-4 2.03583E-4 2.1703E-4 2.29111E-4
1.13E-5 9.50841E-6 2.12687E-5 1.91027E-5 1.48342E-5 2.29413E-5 7.45351E-6 9.67034E-6 2.64727E-5 2.34732E-5 1.3344E-5 2.70005E-5 1.77042E-5 1.55767E-5 5.78102E-6 1.87484E-5 2.30331E-5 2.66823E-5 2.15184E-5 2.85317E-5 3.36181E-5 3.48214E-5 2.75798E-5 3.36583E-5 4.5584E-5 4.55871E-5 4.74122E-5 4.04619E-5 4.89708E-5 6.23896E-5 6.74299E-5 6.24979E-5 5.88274E-5 7.62697E-5 8.12415E-5 6.6744E-5 6.52992E-5 6.88548E-5 8.21429E-5 4.67589E-5 7.87932E-5 8.08015E-5 9.44758E-5 9.20863E-5 8.79784E-5 9.57866E-5 1.17188E-4 1.12267E-4 1.10806E-4 1.0219E-4 1.0437E-4 1.0697E-4 9.46207E-5 1.01695E-4 1.15857E-4 1.17958E-4 1.03925E-4 1.04965E-4 1.18876E-4 1.42655E-4 1.60928E-4 1.84337E-4 1.51036E-4 1.91617E-4 2.2621E-4
4.24009E-6 1.5091E-6 1.13105E-5 1.66975E-5 1.71558E-5 1.45391E-5 3.79801E-6 2.2636E-5 1.64195E-5 1.43206E-5 1.1989E-5 1.38668E-5 9.22942E-6 1.19643E-5 4.9243E-6 1.47374E-5 2.46662E-5 9.14242E-6 2.76432E-5 2.40324E-5 2.45162E-5 2.84718E-5 4.1408E-5 3.26681E-5 3.55193E-5 3.87843E-5 4.83705E-5 4.7935E-5 4.29448E-5 5.93194E-5 7.43768E-5 5.55283E-5 3.1106E-5 6.03583E-5 6.81074E-5 8.53872E-5 6.69595E-5 5.17974E-5 5.0196E-5 9.84807E-5 8.67107E-5 1.02818E-4 1.02821E-4 9.58742E-5 1.06424E-4 1.09435E-4 1.16671E-4 1.09796E-4 1.20062E-4 1.18693E-4 9.24212E-5 9.4798E-5 9.17515E-5 9.38842E-5 9.85561E-5 1.12685E-4 1.23598E-4 1.1567E-4 1.34759E-4 1.45831E-4 1.2076E-4 1.38761E-4 1.26136E-4 1.33012E-4 1.51217E-4
4.78345E-6 3.55228E-6 1.02915E-5 1.64806E-5 3.99496E-6 1.41907E-5 1.12447E-5 1.31824E-5 1.6192E-6 3.72987E-6 2.00172E-5 1.0029E-5 3.91575E-6 1.41345E-5 1.0328E-5 3.65264E-6 3.08051E-5 2.81138E-5 2.56462E-5 2.83274E-5 2.68125E-5 2.57E-5 1.97701E-5 1.68749E-5 2.32439E-5 3.78985E-5 3.3446E-5 4.08755E-5 3.6886E-5 4.80566E-5 5.10649E-5 4.71861E-5 3.32968E-5 6.94053E-5 4.1812E-5 8.79016E-5 8.11659E-5 6.47984E-5 8.8811E-5 9.27952E-5 6.77573E-5 8.11914E-5 8.12529E-5 7.58371E-5 6.95676E-5 9.07007E-5 9.42004E-5 1.17825E-4 1.23299E-4 1.04034E-4 1.12043E-4 1.1255E-4 9.50467E-5 8.72005E-5 1.00502E-4 9.60375E-5 1.24572E-4 1.4492E-4 1.37116E-4 1.41183E-4 1.52415E-4 1.29111E-4 1.14721E-4 1.34482E-4 9.80054E-5
1.4311E-6 4.85493E-7 2.59931E-7 8.76887E-6 1.36555E-5 3.82778E-6 1.2749E-6 2.0485E-6 2.52597E-6 5.22424E-6 5.43028E-6 1.22203E-5 1.13106E-6 2.28581E-6 8.09048E-6 5.08802E-6 2.18303E-5 2.42755E-5 2.17656E-5 2.48959E-5 2.22125E-5 2.56938E-5 1.83751E-5 2.81432E-5 2.93649E-5 3.83633E-5 1.77998E-5 2.76223E-5 2.10291E-5 4.07516E-5 3.39585E-5 4.63344E-5 5.81557E-5 6.93743E-5 5.70274E-5 6.57348E-5 6.83916E-5 8.81273E-5 1.08314E-4 1.07654E-4 1.06907E-4 8.75262E-5 8.42818E-5 7.51312E-5 5.84946E-5 8.29778E-5 8.93458E-5 1.02501E-4 1.08659E-4 1.25214E-4 1.28235E-4 1.21024E-4 1.12143E-4 9.7817E-5 1.13561E-4 1.1309E-4 1.15029E-4 1.27792E-4 1.42927E-4 1.18245E-4 1.00636E-4 1.07687E-4 1.11878E-4 9.43579E-5 9.66666E-5
7.71513E-7 4.53566E-7 3.94204E-7 4.84563E-6 1.76972E-5 1.44464E-5 9.20656E-6 9.43907E-6 1.56808E-5 1.72495E-5 1.11242E-5 1.63604E-5 2.00915E-6 3.6018E-6 1.41749E-5 1.16381E-5 2.20324E-5 2.25851E-5 2.39038E-5 2.40235E-5 2.46365E-5 2.43221E-5 1.14308E-5 2.87347E-5 2.08787E-5 2.09479E-5 2.79523E-5 1.72359E-5 1.13398E-5 2.5482E-5 2.16168E-5 3.26743E-5 5.03053E-5 6.57444E-5 6.91441E-5 7.24932E-5 5.55226E-5 5.55536E-5 8.32317E-5 6.06151E-5 8.53546E-5 9.43265E-5 7.77147E-5 8.84774E-5 9.80498E-5 9.77822E-5 1.01885E-4 9.13911E-5 1.03197E-4 1.00878E-4 9.21649E-5 1.04117E-4 1.0807E-4 1.1125E-4 1.04445E-4 1.05949E-4 1.00019E-4 1.12839E-4 9.09768E-5 1.07089E-4 9.65514E-5 8.26809E-5 1.02819E-4 1.01418E-4 1.08017E-4
3.57845E-7 2.67915E-7 2.17304E-6 3.0145E-6 2.56081E-6 1.74809E-6 6.59469E-6 1.37323E-5 1.48674E-5 1.49348E-5 1.54686E-6 3.10591E-6 1.16262E-6 1.56367E-5 1.85986E-5 1.73132E-5 1.83422E-5 2.14349E-5 2.355E-5 2.25287E-5 2.32003E-5 2.51709E-5 2.06692E-5 3.30716E-5 2.5867E-5 9.0495E-6 1.61388E-5 2.41444E-5 3.88036E-5 2.70953E-5 3.13765E-6 3.45581E-5 5.3082E-5 6.36656E-5 8.07897E-5 6.48456E-5 8.04377E-5 9.55356E-5 6.38883E-5 8.42619E-5 7.70547E-5 9.77191E-5 1.09831E-4 1.09415E-4 1.05174E-4 1.01774E-4 1.0451E-4 9.08758E-5 9.3328E-5 9.96109E-5 1.18092E-4 1.21974E-4 1.43005E-4 1.39513E-4 1.0259E-4 1.13988E-4 9.92082E-5 9.98253E-5 9.95494E-5 1.31163E-4 1.28399E-4 1.10686E-4 1.12135E-4 1.22413E-4 1.38306E-4
2.52802E-6 1.74306E-6 8.737E-7 3.96178E-7 3.07089E-6 5.53258E-6 8.89826E-6 8.44035E-6 1.45142E-5 3.67077E-7 8.17458E-7 1.11827E-5 7.18442E-6 4.41316E-6 7.42611E-6 3.93721E-6 4.56503E-6 1.84657E-5 1.4511E-5 2.16702E-5 2.20535E-5 2.26083E-5 2.35438E-5 2.76349E-5 2.80231E-5 2.74998E-5 3.29322E-5 3.71901E-5 3.62363E-5 2.06706E-5 3.34139E-5 3.14607E-5 4.90768E-5 4.85544E-5 6.29409E-5 7.29696E-5 6.67389E-5 7.04246E-5 8.96855E-5 5.69862E-5 3.45837E-5 5.35446E-5 6.37743E-5 7.67654E-5 9.40743E-5 1.01609E-4 1.02396E-4 8.59926E-5 8.43706E-5 1.2127E-4 1.45336E-4 1.23126E-4 1.05677E-4 1.16067E-4 1.00549E-4 1.27318E-4 1.32853E-4 1.29955E-4 1.1632E-4 1.06028E-4 1.05715E-4 1.01974E-4 1.30319E-4 1.33055E-4 1.25795E-4
5.84008E-6 9.40375E-7 1.16523E-6 2.69605E-7 1.53653E-6 3.35202E-6 3.58715E-6 8.23909E-6 1.45691E-5 5.19967E-6 8.78017E-6 1.36736E-5 1.51632E-5 1.01286E-5 1.03461E-5 7.48551E-6 2.09357E-6 1.08332E-5 1.3994E-5 1.86951E-5 2.4732E-5 1.87882E-5 8.98821E-6 2.94698E-5 3.14132E-5 3.53281E-5 2.2757E-5 1.68697E-5 3.24074E-5 1.86536E-5 2.02253E-5 1.122E-5 1.96883E-5 1.14822E-5 3.90117E-5 1.53536E-5 1.98771E-6 8.10281E-6 5.42134E-5 7.69826E-5 9.07566E-5 7.58631E-5 7.1023E-5 7.12914E-5 6.58581E-5 7.42585E-5 9.57291E-5 9.05338E-5 8.33698E-5 1.29102E-4 1.35899E-4 1.31562E-4 8.71723E-5 8.10325E-5 1.07954E-4 1.00797E-4 1.0198E-4 9.56385E-5 8.0702E-5 9.44888E-5 1.19529E-4 1.2293E-4 1.26346E-4 1.26153E-4 1.20989E-4
1.35556E-6 1.16826E-6 5.40028E-7 1.50831E-6 4.44201E-6 2.63241E-7 7.54908E-7 7.16247E-6 1.32685E-5 1.35637E-5 4.84019E-6 6.01031E-6 3.54578E-6 3.78916E-6 1.22911E-5 1.3454E-5 1.56159E-5 1.55544E-5 1.0053E-5 1.60155E-5 1.53471E-5 2.13958E-5 1.75218E-5 5.23719E-6 2.75134E-5 2.94346E-5 2.92832E-5 1.98508E-5 3.00902E-5 2.3832E-5 9.71771E-6 2.17951E-5 1.01684E-5 1.07374E-5 2.84634E-6 2.26406E-6 4.78391E-6 1.27048E-5 2.85813E-5 3.89887E-5 2.65141E-5 2.67883E-5 3.45254E-5 5.14599E-5 5.77414E-5 4.30768E-5 2.16952E-5 5.25587E-5 7.8551E-5 7.0116E-5 8.10595E-5 7.66506E-5 8.04839E-5 1.08431E-4 1.15987E-4 1.02502E-4 9.66344E-5 9.5092E-5 8.17012E-5 1.03624E-4 1.21665E-4 1.22954E-4 1.18673E-4 1.19832E-4 1.16318E-4
1.01022E-5 3.85336E-6 1.58411E-6 2.13689E-6 6.88386E-6 3.20961E-6 3.74486E-7 3.97363E-6 8.13186E-6 4.80113E-6 1.54153E-5 1.07461E-5 1.6232E-5 1.09668E-5 1.08828E-5 1.2895E-5 1.12222E-5 1.41079E-5 9.84244E-6 1.15748E-5 8.86935E-6 7.80549E-6 1.97446E-5 3.34565E-5 8.69678E-6 1.51944E-5 1.40456E-5 1.47358E-5 1.66544E-5 3.3885E-6 8.47476E-6 3.42302E-6 1.84807E-6 3.72733E-6 2.34799E-6 1.61663E-6 2.32887E-5 2.25776E-5 2.58761E-5 7.31249E-6 1.21232E-5 1.88117E-5 1.90309E-6 9.11994E-7 1.33558E-6 1.27757E-6 3.376E-6 2.52276E-6 3.84363E-6 1.80066E-6 4.4424E-6 5.66077E-6 8.58026E-5 7.58997E-5 6.1551E-5 9.79496E-5 9.64184E-5 8.2513E-5 7.74215E-5 7.85651E-5 9.32959E-5 1.00548E-4 1.12172E-4 1.11366E-4 1.13112E-4
3.94034E-6 9.97154E-7 3.07E-6 2.31454E-6 2.43795E-6 3.73372E-6 1.97308E-6 7.52008E-7 3.19441E-6 5.49755E-6 4.69743E-6 1.16756E-5 1.18085E-5 7.02265E-6 1.14536E-5 4.64381E-6 1.03329E-5 4.09959E-6 3.35796E-6 3.9482E-6 1.22648E-5 2.13655E-5 1.39464E-5 1.64921E-5 1.88687E-5 1.01641E-5 2.48419E-6 2.84794E-6 3.53439E-6 3.91885E-6 3.58668E-6 1.07598E-5 6.03255E-6 1.37551E-5 1.77344E-5 3.26694E-5 3.05231E-5 3.31173E-5 3.24223E-5 3.49127E-5 2.1667E-5 6.02811E-5 2.62369E-5 3.39467E-6 3.22562E-6 8.07604E-6 1.02E-5 2.60622E-6 6.00478E-6 8.61273E-6 1.00308E-6 1.42824E-6 1.57234E-5 3.46045E-5 3.34402E-5 2.15893E-5 3.71661E-5 5.40648E-5 6.79591E-5 9.41488E-5 1.06429E-4 9.11147E-5 1.0131E-4 1.07162E-4 9.90755E-5
2.55639E-6 2.13811E-6 2.50895E-6 4.8889E-6 4.15639E-6 3.99478E-6 1.6202E-6 1.18757E-6 5.75338E-6 1.06167E-5 2.77765E-6 1.04034E-5 3.42422E-6 7.07656E-6 3.47837E-6 9.51781E-7 4.63402E-6 1.15298E-5 1.14347E-6 2.87587E-6 7.24289E-6 1.12761E-5 1.13276E-5 9.31049E-6 9.35499E-6 6.14746E-6 2.20153E-6 2.29527E-6 6.43452E-6 5.4269E-6 6.85848E-6 4.97157E-6 5.68411E-6 1.82799E-5 8.43992E-6 1.14394E-5 4.28957E-6 1.96667E-6 2.60311E-6 1.26508E-5 3.04953E-5 3.01291E-5 1.07368E-5 1.71408E-5 8.38334E-6 1.78617E-6 1.58161E-6 1.4061E-6 4.20052E-6 2.17967E-5 8.24134E-6 2.64E-5 1.29859E-5 2.25263E-5 1.3491E-5 2.21785E-5 2.96565E-5 2.58908E-5 3.42224E-5 3.61539E-5 5.48205E-5 4.28838E-5 9.42276E-5 6.22362E-5 2.96641E-5
4.11044E-6 6.89402E-6 4.87276E-6 3.99971E-6 1.01946E-5 6.85087E-6 8.10751E-7 1.732E-6 1.03535E-5 9.34006E-6 2.2861E-6 8.00733E-6 7.04977E-7 1.14282E-6 1.53968E-6 1.25211E-6 5.69399E-7 5.19769E-6 7.91757E-6 8.33868E-7 9.18114E-6 5.59393E-6 5.62287E-6 1.32675E-6 3.0481E-6 4.04099E-6 1.22946E-6 1.17532E-6 9.25253E-7 3.06516E-6 5.77335E-6 2.9481E-6 2.74044E-6 4.61328E-6 5.04815E-6 2.1989E-6 4.16543E-6 4.14054E-7 1.42697E-6 1.99307E-6 1.58652E-6 1.29949E-6 1.10029E-6 7.48844E-6 1.60645E-5 1.36586E-6 2.04708E-6 6.88101E-6 4.40584E-6 7.85478E-6 1.27771E-5 2.28633E-5 1.87754E-5 1.82451E-5 2.21683E-5 1.73456E-5 1.08594E-5 1.53742E-5 1.90813E-5 2.07136E-5 2.17621E-5 3.06004E-5 1.57121E-5 2.31952E-5 5.79143E-5
6.32198E-6 5.42455E-6 5.82476E-6 6.67122E-6 6.58446E-6 7.84281E-6 2.12342E-6 1.12064E-6 1.82907E-6 5.2133E-7 9.08387E-7 4.45457E-6 2.21985E-6 2.65883E-6 4.92917E-7 1.91604E-6 3.96522E-7 2.53882E-6 4.30797E-6 7.84553E-6 3.99159E-6 1.86352E-6 1.17371E-6 2.41889E-6 3.59343E-7 5.96696E-7 1.79401E-6 7.10785E-6 9.4243E-6 8.67223E-6 9.96856E-6 1.6632E-5 1.45732E-5 1.28834E-5 1.1416E-5 7.18088E-6 8.0588E-7 1.5669E-6 1.54279E-6 6.40238E-6 1.40796E-5 1.28941E-6 1.6814E-7 3.75695E-7 3.86374E-6 6.08138E-7 4.13411E-7 6.45441E-6 7.5796E-7 2.14593E-6 3.47989E-6 2.1406E-5 2.16257E-5 2.17917E-5 2.14822E-5 2.06039E-5 7.85267E-6 4.81333E-6 4.07065E-6 1.28622E-5 1.20871E-5 1.03308E-5 1.19843E-5 8.43333E-6 3.93085E-5
3.23845E-6 3.17719E-6 7.15075E-7 2.71594E-7 2.12098E-7 4.24274E-6 6.40027E-6 1.16307E-6 7.78482E-7 5.45737E-7 8.21006E-7 1.9186E-6 1.27872E-6 1.71809E-6 1.41016E-6 2.01906E-6 4.12047E-6 5.10188E-6 6.85097E-6 5.55702E-6 2.55685E-6 2.03215E-7 2.28605E-7 4.25767E-7 1.23043E-6 4.76737E-6 1.2673E-5 3.54097E-6 5.84057E-6 5.17277E-6 1.10835E-5 1.06016E-5 9.54808E-6 6.67619E-6 4.83386E-6 9.17932E-6 3.30388E-6 4.78796E-6 1.09452E-6 1.07841E-6 1.45627E-7 1.01636E-7 3.15945E-7 2.59404E-7 1.54858E-6 1.53418E-7 2.40881E-7 2.76289E-7 4.24031E-7 2.67846E-6 1.41346E-6 2.38001E-6 1.17994E-6 1.01914E-5 1.92864E-5 1.37127E-5 6.42698E-6 1.02403E-5 4.21319E-6 1.2335E-5 1.3427E-5 1.1753E-5 1.2361E-5 2.54497E-5 6.26758E-5
7.61375E-7 2.76972E-6 1.16515E-6 2.94202E-8 4.79592E-8 8.99611E-8 3.43208E-7 7.63975E-7 1.42733E-6 4.33941E-7 7.0546E-7 1.36994E-6 5.52063E-6 5.11775E-6 5.62939E-6 4.90397E-6 5.79099E-6 5.13154E-6 1.79654E-6 1.45579E-6 1.37164E-6 1.26824E-7 2.29379E-6 1.42989E-6 7.15443E-7 8.25745E-7 6.27147E-7 3.6372E-6 5.30752E-6 1.08812E-5 9.08721E-6 8.61014E-6 5.9985E-6 1.4642E-5 8.72158E-6 1.36226E-5 4.29823E-6 1.20379E-6 5.24183E-7 1.79332E-7 2.14844E-7 1.23979E-6 3.31316E-6 7.95372E-6 5.91309E-6 2.3441E-6 7.54399E-6 1.86727E-6 1.04174E-5 4.45568E-6 9.0614E-6 5.9657E-6 3.82916E-6 1.28884E-5 8.40209E-6 9.03894E-6 1.17571E-5 1.45857E-5 1.12629E-5 2.09445E-5 1.92138E-5 3.94395E-5 3.96185E-5 3.96242E-5 6.38512E-5
2.72312E-6 1.55599E-6 2.25585E-7 9.48778E-8 1.91024E-8 7.46354E-8 2.02817E-6 2.9105E-6 1.22162E-6 8.91017E-7 1.27784E-6 9.60886E-7 3.22744E-6 1.9251E-6 6.7516E-6 2.743E-6 1.98114E-6 8.90102E-7 2.23756E-7 1.51854E-6 7.9579E-7 1.34282E-6 3.55329E-7 1.73125E-7 1.07658E-6 2.90401E-6 6.46605E-6 3.37823E-6 1.97094E-6 6.90273E-6 5.3474E-6 5.75222E-6 6.69133E-6 1.30395E-5 5.15479E-6 2.58305E-6 2.66118E-7 1.65129E-6 1.11335E-6 4.11976E-6 5.11306E-6 4.15885E-6 3.26698E-6 9.82183E-7 2.98921E-6 1.49288E-5 9.87993E-6 5.8942E-6 4.76207E-6 7.87178E-6 9.02363E-6 4.99983E-6 5.15076E-6 7.79019E-6 1.12593E-5 2.21695E-5 1.59215E-5 4.37665E-6 1.9975E-5 1.76614E-5 2.32652E-5 4.21593E-5 4.63256E-5 4.48755E-5 3.0397E-5
2.0573E-6 2.85381E-6 3.32169E-6 6.43721E-7 2.23219E-7 7.17511E-7 8.56459E-7 5.7162E-7 8.65468E-6 6.04854E-7 1.9359E-6 3.06438E-6 6.1758E-6 2.65779E-6 2.52513E-6 7.82713E-7 1.72482E-7 2.30932E-7 1.85728E-6 2.76958E-6 2.15791E-6 8.58035E-7 7.21478E-7 1.1449E-6 6.22981E-6 4.11152E-6 6.77231E-6 7.90688E-6 2.59031E-6 2.53732E-6 2.10848E-6 6.11124E-6 3.1433E-6 3.65988E-6 3.42931E-6 3.7519E-6 6.08277E-6 1.39396E-6 1.30877E-6 5.63915E-6 1.11146E-5 1.88866E-6 6.58195E-6 3.10917E-6 3.86275E-6 6.82205E-6 4.00964E-6 2.25849E-6 4.92953E-8 2.74298E-7 3.50708E-6 1.36108E-6 1.04558E-5 8.47064E-6 2.85938E-5 3.20834E-6 4.60645E-7 3.43258E-6 1.6681E-5 2.58938E-5 1.38544E-5 3.99157E-5 3.49349E-5 3.70239E-5 3.78738E-5
1.1712E-7 7.98177E-7 5.83278E-7 2.17474E-6 2.83832E-6 1.73852E-6 3.14156E-6 2.30547E-6 1.48157E-6 9.44285E-7 4.17765E-7 6.89926E-7 2.2012E-6 3.27851E-6 2.88006E-7 6.40227E-7 3.84591E-6 8.69589E-7 9.93485E-7 2.2017E-6 1.61589E-6 1.31563E-6 1.89176E-6 6.48842E-7 2.00317E-6 3.13158E-6 6.01954E-6 5.05917E-6 6.19486E-6 1.17329E-6 1.1999E-6 1.51626E-6 4.71248E-6 3.06258E-6 5.50106E-6 3.88623E-6 1.48094E-6 7.66819E-6 6.24716E-6 6.50224E-6 5.89506E-6 3.55831E-6 3.32337E-6 5.95937E-6 6.80251E-6 1.38816E-5 8.71983E-6 1.19624E-6 2.57525E-6 2.20091E-6 4.10121E-7 6.1861E-6 2.40712E-5 1.87452E-5 2.22071E-5 1.73389E-5 1.05316E-5 9.91786E-6 2.1401E-5 2.33925E-5 2.88391E-5 3.25591E-5 3.16608E-5 3.0796E-5 3.30794E-5
8.15662E-8 1.4858E-8 7.86269E-7 2.95029E-7 1.54058E-6 3.84199E-6 2.15024E-6 9.21522E-7 1.00914E-7 3.67605E-7 2.83657E-7 8.12124E-7 8.98029E-7 4.81432E-7 4.91102E-6 3.59459E-6 3.67604E-7 4.26285E-7 4.78621E-7 9.41783E-7 2.1858E-6 3.98554E-7 1.31917E-6 2.98611E-6 2.78655E-6 3.74658E-6 4.34012E-6 3.52507E-6 9.59529E-7 8.31063E-7 1.25847E-6 7.75757E-7 3.55889E-6 1.6448E-6 3.29256E-6 3.01029E-6 1.03186E-5 1.76085E-6 2.38953E-6 4.62058E-6 1.89934E-6 7.16055E-6 3.30927E-6 1.89555E-6 1.06094E-6 1.68591E-6 2.08627E-6 9.35943E-7 2.69836E-6 8.78674E-6 1.70327E-5 2.01615E-5 1.60743E-5 2.15753E-5 2.34181E-5 1.32177E-5 1.68261E-5 1.18007E-5 2.72936E-5 1.49644E-5 2.44817E-5 3.16483E-5 3.69782E-5 2.44121E-5 2.26552E-5
