catData/rasterBestHybridModels/Pviverrinus/RD_RM1.5_L/Pviverrinus_max.asc
ncols         409
nrows         350
xllcorner     60.897278365
yllcorner     5.843756025
cellsize      0.0892857
NODATA_value  -9999
[rows 87 to 115 of 350, columns 130 to 194 of 409]
2.29415E-5 2.36489E-5 2.16328E-5 2.24543E-5 2.37888E-5 2.82126E-5 2.51201E-5 2.15783E-5 2.01211E-5 2.06537E-5 2.1275E-5 2.33344E-5 2.61245E-5 2.12386E-5 2.11247E-5 2.05165E-5 2.02682E-5 2.16069E-5 2.20893E-5 2.50697E-5 2.90524E-5 3.08362E-5 3.59458E-5 2.70807E-5 2.27437E-5 2.37162E-5 2.45638E-5 2.63195E-5 3.2423E-5 3.47454E-5 3.56108E-5 3.75705E-5 5.18476E-5 5.37927E-5 4.73501E-5 4.32307E-5 4.75549E-5 4.6029E-5 5.46948E-5 6.3894E-5 6.5266E-5 6.87893E-5 6.27415E-5 6.62604E-5 6.38747E-5 6.63091E-5 6.74404E-5 6.7314E-5 6.74122E-5 6.8989E-5 6.72889E-5 5.54335E-5 5.08621E-5 6.65074E-5 5.44676E-5 5.94629E-5 5.29692E-5 7.10671E-5 5.56178E-5 5.46786E-5 7.26694E-5 6.72934E-5 6.09857E-5 5.32873E-5 5.2437E-5
2.49264E-5 2.38743E-5 2.4238E-5 2.38163E-5 2.54328E-5 2.44319E-5 2.53729E-5 2.54622E-5 2.24099E-5 2.35945E-5 2.34166E-5 2.40472E-5 2.0977E-5 1.96432E-5 1.95232E-5 1.85315E-5 1.81442E-5 1.93119E-5 1.97767E-5 2.01096E-5 2.26067E-5 2.71725E-5 2.49701E-5 2.26816E-5 2.2057E-5 2.31728E-5 2.46618E-5 2.5353E-5 2.75936E-5 3.049E-5 3.23765E-5 3.50983E-5 4.32998E-5 4.98141E-5 4.95402E-5 3.94808E-5 3.86522E-5 5.70837E-5 5.92919E-5 6.53521E-5 6.76185E-5 6.77749E-5 6.52344E-5 6.3289E-5 6.54673E-5 6.55695E-5 6.29206E-5 5.61003E-5 6.03201E-5 6.47312E-5 6.46826E-5 5.57222E-5 6.14304E-5 6.79223E-5 6.36902E-5 5.6446E-5 5.88957E-5 7.15947E-5 5.89445E-5 6.54014E-5 6.17997E-5 6.57616E-5 5.66787E-5 6.66004E-5 5.72994E-5
2.10897E-5 2.11576E-5 2.08917E-5 2.03725E-5 2.02583E-5 2.06461E-5 2.16357E-5 2.84074E-5 3.39204E-5 2.1271E-5 1.99613E-5 2.0298E-5 1.80417E-5 1.78207E-5 1.80243E-5 1.68996E-5 1.66856E-5 1.70567E-5 1.73691E-5 1.90137E-5 2.16256E-5 2.18399E-5 2.17401E-5 2.09459E-5 2.14155E-5 2.21582E-5 2.29711E-5 2.37639E-5 2.49382E-5 2.68186E-5 2.69467E-5 2.78187E-5 3.2718E-5 3.49071E-5 4.83386E-5 5.01642E-5 5.17183E-5 5.13687E-5 5.35117E-5 6.35982E-5 6.47645E-5 6.34674E-5 6.51406E-5 6.4622E-5 6.23637E-5 5.5648E-5 5.32455E-5 5.92662E-5 6.29904E-5 6.18571E-5 6.1487E-5 5.04101E-5 4.96358E-5 5.01769E-5 5.11745E-5 4.69671E-5 7.93806E-5 7.59024E-5 7.29343E-5 7.05652E-5 5.63276E-5 6.78181E-5 4.89406E-5 6.78977E-5 6.79913E-5
2.0466E-5 2.07893E-5 2.05561E-5 2.02441E-5 2.04261E-5 2.23876E-5 2.53108E-5 2.12587E-5 1.90113E-5 1.901E-5 2.0683E-5 1.74275E-5 1.63574E-5 1.57153E-5 1.61823E-5 1.60217E-5 1.604E-5 1.64856E-5 1.70091E-5 1.78188E-5 1.89215E-5 1.95296E-5 1.97636E-5 1.98593E-5 2.10601E-5 2.14576E-5 2.18384E-5 2.24013E-5 2.32841E-5 2.39645E-5 2.43112E-5 2.48084E-5 2.63046E-5 2.88208E-5 3.24256E-5 3.67911E-5 3.7941E-5 4.008E-5 5.57342E-5 5.94076E-5 6.35537E-5 6.00693E-5 6.3008E-5 6.25266E-5 6.19495E-5 5.64732E-5 5.48446E-5 5.22088E-5 4.75709E-5 5.93016E-5 4.33315E-5 4.03981E-5 3.91119E-5 3.83044E-5 3.83158E-5 4.74561E-5 9.03687E-5 5.59035E-5 5.1011E-5 8.23793E-5 6.98668E-5 7.33701E-5 5.29092E-5 7.20713E-5 7.30004E-5
2.07715E-5 2.10861E-5 2.2575E-5 2.15349E-5 2.40134E-5 2.15285E-5 1.98623E-5 1.79209E-5 1.87904E-5 1.7993E-5 1.78946E-5 1.54751E-5 1.55363E-5 1.53478E-5 1.51363E-5 1.5767E-5 1.57413E-5 1.6121E-5 1.65733E-5 1.73243E-5 1.90024E-5 1.82151E-5 1.83872E-5 1.87354E-5 1.91245E-5 1.9929E-5 2.04248E-5 2.11868E-5 2.17106E-5 2.2483E-5 2.30568E-5 2.37225E-5 2.45534E-5 2.50716E-5 2.87598E-5 3.07089E-5 3.30448E-5 3.40502E-5 3.76365E-5 4.85046E-5 5.634E-5 5.68853E-5 6.05182E-5 5.32724E-5 5.98523E-5 4.1292E-5 4.37871E-5 4.3455E-5 4.39065E-5 4.92531E-5 5.2171E-5 4.1275E-5 3.92985E-5 3.42686E-5 3.84247E-5 4.98264E-5 7.03123E-5 5.23656E-5 5.5691E-5 6.72772E-5 7.4633E-5 7.09637E-5 5.65552E-5 7.01066E-5 7.29891E-5
2.08205E-5 2.21523E-5 2.39953E-5 2.28327E-5 2.1073E-5 2.18899E-5 2.26515E-5 1.86725E-5 1.67963E-5 1.77214E-5 1.54038E-5 1.50072E-5 1.48235E-5 1.50235E-5 1.49589E-5 1.54671E-5 1.56699E-5 1.59313E-5 1.6246E-5 1.67492E-5 1.76572E-5 1.69899E-5 1.69927E-5 1.72874E-5 1.77357E-5 1.85272E-5 1.91402E-5 1.99658E-5 2.05882E-5 2.13055E-5 2.20956E-5 2.27452E-5 2.30692E-5 2.31083E-5 2.89356E-5 2.86415E-5 2.92829E-5 2.89775E-5 3.14682E-5 3.79401E-5 4.01123E-5 5.30592E-5 5.67705E-5 5.18472E-5 5.72597E-5 4.70591E-5 4.28218E-5 4.31993E-5 3.6192E-5 5.00136E-5 4.65262E-5 4.66098E-5 4.1131E-5 4.06817E-5 3.67939E-5 4.93948E-5 5.11944E-5 6.37774E-5 6.52331E-5 7.47297E-5 8.39507E-5 8.2729E-5 6.55667E-5 5.92749E-5 6.31723E-5
2.03073E-5 2.18022E-5 1.98114E-5 2.02857E-5 2.35126E-5 2.22872E-5 2.20489E-5 1.94841E-5 1.66047E-5 1.50399E-5 1.47417E-5 1.44717E-5 1.43091E-5 1.46595E-5 1.49059E-5 1.52535E-5 1.55321E-5 1.5706E-5 1.58788E-5 1.62851E-5 1.67165E-5 1.62776E-5 1.62792E-5 1.65857E-5 1.67957E-5 1.71211E-5 1.77869E-5 1.85702E-5 1.92686E-5 2.03091E-5 2.11405E-5 2.13636E-5 2.16759E-5 2.21951E-5 2.38106E-5 2.5219E-5 3.0282E-5 2.69291E-5 2.7311E-5 3.00486E-5 3.41904E-5 3.75588E-5 4.73647E-5 4.86819E-5 4.97264E-5 4.93859E-5 4.11582E-5 4.14385E-5 3.99279E-5 4.15587E-5 7.74118E-5 6.75906E-5 1.28331E-4 1.63178E-4 5.69985E-5 5.13745E-5 4.89315E-5 4.33807E-5 5.79389E-5 6.11408E-5 7.98113E-5 7.05762E-5 7.05095E-5 5.46394E-5 6.26065E-5
1.93527E-5 1.96201E-5 1.95145E-5 2.1467E-5 1.9956E-5 2.01925E-5 1.74845E-5 1.62558E-5 1.48572E-5 1.44201E-5 1.4195E-5 1.40478E-5 1.3988E-5 1.50198E-5 1.57093E-5 1.59844E-5 1.63369E-5 1.57858E-5 1.54623E-5 1.58048E-5 1.60942E-5 1.60247E-5 1.58827E-5 1.59894E-5 1.61727E-5 1.63661E-5 1.65917E-5 1.72855E-5 1.79489E-5 1.8613E-5 1.91318E-5 1.97919E-5 2.08321E-5 2.39073E-5 2.76814E-5 3.08975E-5 2.94246E-5 3.03562E-5 3.01501E-5 3.31048E-5 3.02115E-5 3.6762E-5 4.04758E-5 4.03802E-5 3.78181E-5 4.29944E-5 3.79747E-5 3.5057E-5 3.8481E-5 3.82274E-5 1.02259E-4 3.29148E-4 3.64949E-4 8.43446E-4 5.63999E-5 4.69069E-5 5.52445E-5 5.94514E-5 4.84331E-5 6.26247E-5 6.49783E-5 6.61626E-5 8.7312E-5 6.56839E-5 6.24282E-5
1.86507E-5 1.88376E-5 1.93052E-5 1.79833E-5 1.70294E-5 1.67078E-5 1.61401E-5 1.5131E-5 1.42522E-5 1.40544E-5 1.4001E-5 1.38191E-5 1.41566E-5 1.60438E-5 1.58799E-5 1.51167E-5 1.52577E-5 1.50717E-5 1.49585E-5 1.54378E-5 1.59309E-5 1.56729E-5 1.53763E-5 1.55975E-5 1.57954E-5 1.57843E-5 1.59953E-5 1.62551E-5 1.68008E-5 1.73122E-5 1.77007E-5 1.84443E-5 1.89944E-5 2.14959E-5 2.3167E-5 2.21365E-5 2.51347E-5 2.46347E-5 2.53309E-5 2.38282E-5 2.93914E-5 3.30446E-5 3.20047E-5 3.75291E-5 3.33567E-5 3.0087E-5 3.28017E-5 3.47574E-5 3.9813E-5 4.35141E-5 4.42695E-5 4.76928E-5 6.40921E-5 1.10356E-4 3.76612E-5 3.76951E-5 4.8317E-5 5.21518E-5 4.53301E-5 4.64692E-5 4.68172E-5 4.76691E-5 6.29772E-5 6.64114E-5 5.31609E-5
1.85863E-5 2.12819E-5 1.88075E-5 1.75951E-5 1.67516E-5 1.63303E-5 1.54944E-5 1.47151E-5 1.41414E-5 1.37922E-5 1.37754E-5 1.3756E-5 1.41675E-5 1.54895E-5 1.40775E-5 1.41165E-5 1.41093E-5 1.43658E-5 1.45506E-5 1.4879E-5 1.51394E-5 1.51776E-5 1.49916E-5 1.48182E-5 1.48319E-5 1.48193E-5 1.51686E-5 1.51538E-5 1.57356E-5 1.63131E-5 1.681E-5 1.73564E-5 1.74576E-5 1.75731E-5 2.09947E-5 2.59242E-5 2.59208E-5 2.57882E-5 2.22384E-5 2.23647E-5 2.7936E-5 2.97744E-5 2.96809E-5 3.12287E-5 2.82149E-5 3.07851E-5 2.849E-5 3.18272E-5 3.22316E-5 3.66997E-5 3.52755E-5 2.81657E-5 4.82187E-5 4.45082E-5 4.38101E-5 3.74609E-5 4.11522E-5 4.86901E-5 4.19058E-5 4.04187E-5 3.9929E-5 3.9434E-5 4.10534E-5 6.22448E-5 5.2964E-5
1.94616E-5 1.93216E-5 2.12211E-5 2.03514E-5 1.62424E-5 1.59242E-5 1.5606E-5 1.49678E-5 1.44686E-5 1.39083E-5 1.38136E-5 1.43798E-5 1.48332E-5 1.40218E-5 1.35789E-5 1.36787E-5 1.37561E-5 1.39536E-5 1.42337E-5 1.44507E-5 1.4499E-5 1.41032E-5 1.38257E-5 1.37621E-5 1.37448E-5 1.39854E-5 1.41933E-5 1.46223E-5 1.45917E-5 1.57483E-5 1.62564E-5 1.62676E-5 1.62931E-5 1.96075E-5 2.17754E-5 2.66098E-5 2.65707E-5 2.60794E-5 2.52257E-5 2.08731E-5 2.33002E-5 2.83752E-5 3.57229E-5 4.12549E-5 4.05511E-5 3.43356E-5 3.21615E-5 3.68229E-5 3.78437E-5 3.47166E-5 2.94687E-5 2.56714E-5 3.00903E-5 4.49506E-5 4.26939E-5 4.42103E-5 4.49875E-5 5.01146E-5 3.88736E-5 4.27479E-5 4.11446E-5 4.00103E-5 4.33138E-5 6.01469E-5 5.36039E-5
1.89655E-5 1.78214E-5 1.75521E-5 1.68412E-5 1.61516E-5 1.5811E-5 1.55416E-5 1.52996E-5 1.4986E-5 1.4737E-5 1.50502E-5 1.51279E-5 1.47855E-5 1.44962E-5 1.42256E-5 1.37815E-5 1.34341E-5 1.34172E-5 1.3888E-5 1.43499E-5 1.3541E-5 1.26795E-5 1.24553E-5 1.27691E-5 1.28856E-5 1.31469E-5 1.33384E-5 1.34294E-5 1.44164E-5 1.46185E-5 1.61752E-5 1.53277E-5 1.51794E-5 1.58677E-5 2.00479E-5 2.3514E-5 2.37699E-5 2.18189E-5 1.94939E-5 1.79107E-5 2.68731E-5 3.21086E-5 3.526E-5 2.94283E-5 3.90719E-5 2.98449E-5 3.71913E-5 4.27347E-5 4.03152E-5 2.88185E-5 2.46245E-5 2.53297E-5 3.18008E-5 3.93027E-5 4.27725E-5 4.46073E-5 3.8778E-5 4.00928E-5 4.31573E-5 4.14299E-5 4.16371E-5 3.84281E-5 4.04334E-5 4.04541E-5 5.6951E-5
1.81942E-5 1.81039E-5 1.71637E-5 1.66151E-5 1.614E-5 1.58866E-5 1.58946E-5 1.57851E-5 1.54066E-5 1.50171E-5 1.48199E-5 1.43984E-5 1.43061E-5 1.39261E-5 1.34926E-5 1.28071E-5 1.23835E-5 1.26772E-5 1.33243E-5 1.27339E-5 1.20683E-5 1.18158E-5 1.16083E-5 1.20411E-5 1.22395E-5 1.22043E-5 1.24405E-5 1.2845E-5 1.32383E-5 1.36703E-5 1.4185E-5 1.42316E-5 1.41267E-5 1.38483E-5 1.77101E-5 2.04226E-5 2.06486E-5 1.80481E-5 2.16265E-5 2.12704E-5 2.54465E-5 2.97328E-5 3.26733E-5 2.31763E-5 2.68505E-5 2.45884E-5 2.41623E-5 3.07562E-5 2.8664E-5 3.36338E-5 2.80602E-5 2.88253E-5 3.25026E-5 3.43388E-5 3.6641E-5 3.57992E-5 3.55869E-5 3.94051E-5 3.98495E-5 3.62069E-5 3.66675E-5 3.60988E-5 3.89176E-5 3.61207E-5 4.35559E-5
1.85702E-5 1.84013E-5 1.62505E-5 1.57525E-5 1.5773E-5 1.5548E-5 1.51852E-5 1.42799E-5 1.37198E-5 1.35608E-5 1.3925E-5 1.37686E-5 1.35345E-5 1.3123E-5 1.24116E-5 1.17344E-5 1.13238E-5 1.154E-5 1.17426E-5 1.14601E-5 1.14694E-5 1.14644E-5 1.12505E-5 1.12317E-5 1.14642E-5 1.16995E-5 1.20076E-5 1.23814E-5 1.2612E-5 1.26075E-5 1.26458E-5 1.26209E-5 1.26816E-5 1.48227E-5 1.62952E-5 1.63641E-5 1.41189E-5 1.33907E-5 1.46606E-5 1.94453E-5 2.11762E-5 2.58377E-5 2.59183E-5 2.21439E-5 2.19927E-5 2.04867E-5 2.77976E-5 3.46098E-5 2.71797E-5 1.84301E-5 2.68214E-5 2.90531E-5 3.79052E-5 3.65574E-5 3.38153E-5 3.48045E-5 3.84518E-5 3.94278E-5 4.21294E-5 4.36477E-5 4.42056E-5 4.03642E-5 4.18568E-5 3.46892E-5 3.65738E-5
1.84502E-5 1.59754E-5 1.4985E-5 1.4505E-5 1.39998E-5 1.37986E-5 1.43451E-5 1.44094E-5 1.49256E-5 1.50633E-5 1.40424E-5 1.32834E-5 1.31169E-5 1.26721E-5 1.25232E-5 1.17965E-5 1.09517E-5 1.09154E-5 1.07574E-5 1.09213E-5 1.10896E-5 1.1038E-5 1.08504E-5 1.08489E-5 1.10733E-5 1.14848E-5 1.16853E-5 1.1617E-5 1.18332E-5 1.17756E-5 1.09592E-5 1.1128E-5 1.21958E-5 1.27979E-5 1.3767E-5 1.33819E-5 8.09445E-6 1.13123E-5 1.62906E-5 1.70172E-5 1.95892E-5 1.94695E-5 2.20931E-5 2.017E-5 1.81137E-5 2.25495E-5 2.96766E-5 3.16508E-5 2.78734E-5 9.49312E-6 2.51295E-5 3.03497E-5 2.98409E-5 3.69106E-5 3.68504E-5 3.60989E-5 3.75675E-5 4.07819E-5 3.95459E-5 3.60968E-5 4.37087E-5 3.30976E-5 3.43815E-5 3.6588E-5 3.57346E-5
1.60442E-5 1.51841E-5 1.47289E-5 1.43188E-5 1.40864E-5 1.40369E-5 1.44966E-5 1.43894E-5 1.37573E-5 1.40406E-5 1.3705E-5 1.31158E-5 1.27433E-5 1.20416E-5 1.25768E-5 1.12976E-5 1.04658E-5 1.04217E-5 1.04447E-5 1.07042E-5 1.08826E-5 1.06883E-5 1.04888E-5 1.07126E-5 1.11744E-5 1.1053E-5 1.03345E-5 9.99275E-6 1.03349E-5 1.04785E-5 1.05578E-5 1.31824E-5 1.26516E-5 1.12373E-5 1.18448E-5 1.08916E-5 3.60778E-6 8.74291E-6 1.30329E-5 1.38722E-5 1.69458E-5 1.55634E-5 1.65872E-5 1.72609E-5 1.77927E-5 2.19904E-5 2.70801E-5 3.17742E-5 2.70745E-5 2.19276E-5 2.49748E-5 2.90665E-5 3.52709E-5 3.39041E-5 3.86261E-5 4.08196E-5 3.19061E-5 3.53019E-5 3.91704E-5 4.27782E-5 4.69857E-5 3.64092E-5 3.27897E-5 4.32613E-5 4.54358E-5
1.53991E-5 1.49426E-5 1.47172E-5 1.44885E-5 1.4365E-5 1.46526E-5 1.38316E-5 1.35971E-5 1.31414E-5 1.21743E-5 1.187E-5 1.15637E-5 1.10785E-5 1.09905E-5 1.11307E-5 1.03501E-5 9.97716E-6 1.02366E-5 1.04993E-5 1.05885E-5 1.07237E-5 1.06705E-5 1.05436E-5 1.06282E-5 1.08238E-5 1.00829E-5 8.84131E-6 8.63892E-6 9.01258E-6 9.96113E-6 1.13003E-5 1.26394E-5 1.14664E-5 8.99391E-6 7.56421E-6 9.43388E-6 7.92732E-6 1.07353E-5 9.18071E-6 1.25607E-5 1.33474E-5 1.55894E-5 1.61581E-5 1.73895E-5 1.88097E-5 1.88691E-5 2.06463E-5 1.94998E-5 2.08739E-5 1.9173E-5 2.37676E-5 2.60873E-5 3.00415E-5 3.03987E-5 3.44347E-5 3.48586E-5 3.30821E-5 2.94171E-5 3.69648E-5 4.64045E-5 4.93687E-5 4.15639E-5 3.44021E-5 3.9394E-5 4.5615E-5
1.51874E-5 1.47337E-5 1.4112E-5 1.33842E-5 1.28008E-5 1.24058E-5 1.16783E-5 1.1363E-5 1.13604E-5 1.12445E-5 1.09414E-5 1.0374E-5 9.88492E-6 9.71411E-6 9.93226E-6 9.86624E-6 1.01039E-5 1.06193E-5 1.05581E-5 1.00239E-5 1.01295E-5 1.06349E-5 1.05228E-5 1.0507E-5 1.04235E-5 9.73895E-6 9.45534E-6 9.36983E-6 9.60176E-6 9.9978E-6 9.93195E-6 9.47764E-6 9.02905E-6 5.58273E-6 5.05091E-6 7.77535E-6 8.48897E-6 6.35295E-6 7.96311E-6 1.29954E-5 1.37718E-5 1.60062E-5 1.55176E-5 1.56799E-5 1.566E-5 1.86167E-5 1.76389E-5 1.95608E-5 2.07498E-5 2.28256E-5 2.57447E-5 2.56908E-5 2.71901E-5 2.974E-5 3.10043E-5 3.49471E-5 3.71841E-5 3.57177E-5 3.38093E-5 3.82438E-5 4.78268E-5 3.97477E-5 3.62509E-5 4.08693E-5 4.31713E-5
1.42282E-5 1.37545E-5 1.32376E-5 1.22347E-5 1.15309E-5 1.10447E-5 1.06601E-5 1.05643E-5 1.08531E-5 1.07348E-5 1.03122E-5 9.88576E-6 9.49134E-6 9.39133E-6 9.46182E-6 9.68065E-6 1.02384E-5 1.08591E-5 1.06976E-5 9.90929E-6 9.73959E-6 1.01696E-5 1.042E-5 1.0611E-5 1.04682E-5 1.02875E-5 1.01227E-5 9.8669E-6 9.51465E-6 9.04749E-6 8.51737E-6 5.72155E-6 5.24423E-6 3.35601E-6 7.47925E-6 8.19278E-6 6.3245E-6 5.67553E-6 4.94003E-6 1.18034E-5 1.52912E-5 1.58196E-5 1.37705E-5 1.24571E-5 1.14333E-5 1.54433E-5 1.1076E-5 2.27286E-5 2.51424E-5 2.46445E-5 2.65127E-5 2.46E-5 2.56077E-5 2.66093E-5 3.40231E-5 3.27386E-5 3.44677E-5 3.10862E-5 3.22721E-5 4.1655E-5 4.38205E-5 4.5017E-5 3.49211E-5 3.61735E-5 3.4927E-5
1.42569E-5 1.36034E-5 1.29634E-5 1.22609E-5 1.18515E-5 1.11702E-5 1.0607E-5 1.02404E-5 1.00962E-5 9.73592E-6 9.54852E-6 9.30454E-6 9.15161E-6 9.17184E-6 9.34997E-6 9.68947E-6 1.00417E-5 1.05472E-5 1.05441E-5 1.01009E-5 1.01241E-5 9.66628E-6 1.00772E-5 1.04556E-5 1.03689E-5 1.00677E-5 1.01659E-5 9.96963E-6 8.77314E-6 6.99191E-6 8.18208E-6 5.28135E-6 3.40881E-6 4.73301E-6 6.888E-6 7.63665E-6 7.30243E-6 5.51953E-6 7.79263E-6 1.14962E-5 1.33566E-5 1.07663E-5 1.11715E-5 4.95047E-6 9.57818E-6 1.46318E-5 2.09729E-5 2.21864E-5 2.31181E-5 2.72966E-5 2.61091E-5 2.37532E-5 2.31246E-5 2.40652E-5 2.7778E-5 3.18005E-5 3.1818E-5 3.21119E-5 3.04662E-5 3.89041E-5 4.34593E-5 4.54526E-5 3.97475E-5 4.90668E-5 4.05748E-5
1.48821E-5 1.34367E-5 1.27791E-5 1.23396E-5 1.18676E-5 1.11533E-5 1.07126E-5 1.03254E-5 9.86943E-6 9.3959E-6 9.23872E-6 9.32548E-6 9.39851E-6 9.58339E-6 9.64463E-6 9.88345E-6 1.01967E-5 1.0367E-5 1.04566E-5 1.01109E-5 9.46523E-6 9.47086E-6 9.82965E-6 1.01626E-5 1.01189E-5 1.00974E-5 1.04337E-5 9.54469E-6 8.08258E-6 7.2406E-6 5.89861E-6 7.35432E-6 6.89462E-6 7.127E-6 6.73031E-6 6.30404E-6 6.32064E-6 6.71947E-6 4.63237E-6 4.7044E-6 7.71579E-6 4.25515E-6 9.55318E-6 4.56678E-6 2.12019E-6 1.76676E-5 2.14426E-5 2.3664E-5 2.3122E-5 2.69395E-5 2.66963E-5 2.2715E-5 2.34508E-5 2.36775E-5 2.62215E-5 2.99467E-5 3.57125E-5 3.21659E-5 3.45341E-5 3.12548E-5 3.18872E-5 4.28999E-5 4.03477E-5 4.47393E-5 4.14195E-5
1.47995E-5 1.33297E-5 1.30068E-5 1.25736E-5 1.18446E-5 1.10481E-5 1.05439E-5 1.02564E-5 9.81093E-6 9.51616E-6 9.37326E-6 9.76307E-6 1.01203E-5 1.03209E-5 1.01982E-5 1.01523E-5 1.04439E-5 1.05945E-5 1.06472E-5 1.0286E-5 9.5428E-6 9.48621E-6 9.70911E-6 1.00909E-5 1.00926E-5 1.04674E-5 9.82192E-6 9.39086E-6 8.24894E-6 5.99122E-6 6.0653E-6 8.20397E-6 7.345E-6 7.60183E-6 6.68824E-6 6.46269E-6 5.90433E-6 6.63382E-6 7.94805E-6 6.91148E-6 4.1031E-6 6.28129E-6 8.17694E-6 4.78408E-6 5.10742E-6 2.10009E-5 2.02409E-5 2.27344E-5 2.17824E-5 2.09258E-5 2.67543E-5 2.3679E-5 2.60163E-5 2.38793E-5 2.71712E-5 2.68965E-5 2.95407E-5 3.12219E-5 2.9143E-5 3.11988E-5 2.98218E-5 3.01251E-5 3.48732E-5 4.3378E-5 4.32702E-5
1.54745E-5 1.41603E-5 1.36816E-5 1.2925E-5 1.19521E-5 1.11931E-5 1.07637E-5 1.04816E-5 1.01606E-5 9.73157E-6 9.52752E-6 1.00901E-5 1.04894E-5 1.06635E-5 1.02793E-5 1.001E-5 1.05915E-5 1.08495E-5 1.05655E-5 1.00322E-5 9.44407E-6 9.16468E-6 9.69946E-6 1.00195E-5 9.10976E-6 1.08157E-5 9.69803E-6 8.52072E-6 7.71223E-6 6.39456E-6 7.90645E-6 8.91951E-6 7.48002E-6 7.41063E-6 7.20173E-6 7.06342E-6 6.46917E-6 6.72936E-6 8.06142E-6 8.14363E-6 6.38318E-6 1.83019E-6 7.39862E-6 4.24618E-6 4.57263E-6 1.48096E-5 2.44408E-5 2.42549E-5 2.11528E-5 2.04948E-5 2.20107E-5 2.48079E-5 2.72519E-5 2.3676E-5 2.75381E-5 2.788E-5 2.74552E-5 3.00456E-5 2.99008E-5 3.08112E-5 3.0925E-5 3.16503E-5 3.20169E-5 3.53872E-5 4.17612E-5
1.51063E-5 1.40479E-5 1.34156E-5 1.26525E-5 1.20116E-5 1.15345E-5 1.11254E-5 1.07543E-5 1.03768E-5 1.00985E-5 9.79028E-6 1.04453E-5 1.0395E-5 1.01741E-5 9.68709E-6 1.04026E-5 1.09395E-5 1.02484E-5 9.74544E-6 9.42041E-6 9.31675E-6 9.02692E-6 8.99259E-6 9.38867E-6 9.60333E-6 1.00956E-5 9.12555E-6 8.43427E-6 7.51017E-6 8.04709E-6 9.15221E-6 8.4997E-6 8.06096E-6 7.84733E-6 7.80253E-6 7.83857E-6 7.09747E-6 7.31796E-6 8.66494E-6 8.62737E-6 6.11466E-6 2.88477E-6 4.45285E-6 7.49853E-6 1.12146E-5 7.14053E-6 1.69723E-5 2.09547E-5 2.27795E-5 1.93298E-5 2.07845E-5 2.18376E-5 2.26947E-5 2.53699E-5 2.4896E-5 2.69395E-5 2.79286E-5 2.88727E-5 2.96061E-5 3.54416E-5 4.2534E-5 5.37627E-5 3.55543E-5 3.57225E-5 3.52527E-5
1.34487E-5 1.36199E-5 1.30633E-5 1.23433E-5 1.20137E-5 1.17151E-5 1.13178E-5 1.1047E-5 1.06249E-5 1.0316E-5 1.00551E-5 1.00928E-5 1.07479E-5 1.00868E-5 1.03363E-5 9.69999E-6 1.01202E-5 1.00342E-5 1.00409E-5 8.97838E-6 9.03336E-6 9.01107E-6 8.81465E-6 8.97675E-6 9.15073E-6 9.31692E-6 9.56396E-6 8.37659E-6 7.83136E-6 8.34525E-6 9.40022E-6 8.48333E-6 8.68711E-6 8.31693E-6 8.22585E-6 8.27054E-6 8.04607E-6 7.70171E-6 6.55445E-6 7.05557E-6 6.82968E-6 4.5482E-6 5.13795E-6 8.68129E-6 7.84077E-6 1.78917E-5 1.81727E-5 1.9634E-5 2.17994E-5 2.02167E-5 2.10414E-5 2.01305E-5 2.25616E-5 2.20994E-5 2.36982E-5 2.58275E-5 3.13021E-5 2.78229E-5 2.9659E-5 3.0684E-5 4.395E-5 4.42127E-5 4.84032E-5 4.49846E-5 3.43591E-5
1.23496E-5 1.28585E-5 1.19335E-5 1.16738E-5 1.1741E-5 1.14376E-5 1.13152E-5 1.10108E-5 1.06328E-5 1.08925E-5 1.06622E-5 1.04641E-5 1.02735E-5 9.98408E-6 9.61909E-6 9.02365E-6 1.0125E-5 1.10604E-5 1.05594E-5 9.45385E-6 9.11765E-6 9.18047E-6 8.89178E-6 8.18417E-6 7.77887E-6 7.33496E-6 8.23558E-6 8.91531E-6 9.15971E-6 9.15999E-6 8.73244E-6 8.73307E-6 8.37773E-6 8.65942E-6 9.707E-6 8.77158E-6 7.51126E-6 6.66708E-6 9.73324E-6 7.57113E-6 1.18028E-5 9.60133E-6 8.81569E-6 8.47468E-6 1.35606E-5 1.3969E-5 2.00172E-5 1.81375E-5 2.27834E-5 2.52226E-5 2.18008E-5 2.2615E-5 2.09473E-5 2.20134E-5 2.2331E-5 2.46314E-5 2.72051E-5 2.59219E-5 3.11032E-5 3.07374E-5 3.41932E-5 3.55929E-5 3.43735E-5 3.11184E-5 3.50235E-5
1.15204E-5 1.18735E-5 1.14618E-5 1.14448E-5 1.14765E-5 1.13128E-5 1.15017E-5 1.11488E-5 1.05498E-5 1.09151E-5 1.20704E-5 1.06059E-5 9.55948E-6 1.10108E-5 1.08313E-5 1.08828E-5 1.35741E-5 1.07164E-5 1.09118E-5 9.55843E-6 9.24731E-6 8.83736E-6 7.96156E-6 4.33919E-6 2.18672E-6 6.7545E-6 7.82176E-6 1.00039E-5 1.00667E-5 9.60255E-6 8.4876E-6 7.79134E-6 8.90183E-6 1.12144E-5 1.79771E-5 1.66529E-5 1.24862E-5 1.17568E-5 1.08588E-5 2.19892E-6 1.23758E-5 9.77805E-6 1.43193E-5 1.48081E-5 1.68581E-5 1.62878E-5 1.60917E-5 1.65207E-5 1.96821E-5 2.0105E-5 1.95797E-5 1.64721E-5 1.71036E-5 2.16324E-5 2.40939E-5 2.55366E-5 2.25857E-5 2.56012E-5 2.62814E-5 2.88401E-5 3.17555E-5 3.27881E-5 3.10124E-5 3.21643E-5 3.51163E-5
1.20993E-5 1.13966E-5 1.09934E-5 1.10899E-5 1.12808E-5 1.15218E-5 1.21505E-5 1.18253E-5 1.16612E-5 1.06958E-5 1.07498E-5 1.0524E-5 9.15157E-6 9.08372E-6 1.15078E-5 1.40458E-5 1.05348E-5 9.98874E-6 9.76429E-6 9.34138E-6 8.67122E-6 4.45324E-6 3.09347E-6 9.38695E-7 1.185E-6 6.71421E-6 7.71183E-6 8.90403E-6 9.02938E-6 9.15434E-6 8.83779E-6 8.61894E-6 8.80099E-6 1.02873E-5 1.12188E-5 1.10737E-5 1.0155E-5 9.16932E-6 9.28969E-6 1.17014E-5 1.1087E-5 1.41812E-5 1.06996E-5 1.11352E-5 1.45138E-5 9.1739E-6 1.31984E-5 1.6361E-5 1.9315E-5 2.20752E-5 1.99149E-5 2.02084E-5 1.87114E-5 1.98127E-5 2.30858E-5 2.10718E-5 2.19896E-5 2.36611E-5 2.60485E-5 2.78549E-5 3.01367E-5 2.88265E-5 2.84662E-5 3.81251E-5 3.55107E-5
1.25612E-5 1.17966E-5 1.17375E-5 1.13235E-5 1.08079E-5 1.13028E-5 1.25227E-5 1.21227E-5 1.10692E-5 1.04944E-5 1.05491E-5 1.0992E-5 1.03745E-5 9.02878E-6 1.08184E-5 1.428E-5 1.12741E-5 9.98788E-6 9.64985E-6 9.0927E-6 6.08839E-6 3.09336E-6 6.56642E-6 1.3733E-6 3.38348E-6 4.65618E-6 3.38359E-6 7.91569E-6 8.45204E-6 8.75352E-6 9.1129E-6 8.99532E-6 1.03547E-5 1.05258E-5 7.67075E-6 1.03856E-5 1.1132E-5 1.09E-5 1.26356E-5 3.87821E-6 7.44885E-6 1.50323E-5 1.47126E-5 9.48487E-6 4.65783E-6 9.75614E-6 1.57547E-5 1.86933E-5 1.99382E-5 2.07903E-5 1.99002E-5 1.81807E-5 1.75974E-5 1.6086E-5 2.1757E-5 2.27155E-5 2.64595E-5 2.2253E-5 2.48422E-5 2.5054E-5 2.56585E-5 2.64901E-5 3.19802E-5 3.36703E-5 3.04888E-5
