catData/rasterBestHybridModels/Pviverrinus/RD_RM1.5_L/Pviverrinus_stddev.asc
ncols         409
nrows         350
xllcorner     60.897278365
yllcorner     5.843756025
cellsize      0.0892857
NODATA_value  -9999
[rows 87 to 115 of 350, columns 0 to 65 of 409]
-9999 -9999 -9999 -9999 -9999 -9999 3.92953E-8 9.33984E-8 1.90585E-7 2.85877E-7 2.77258E-7 2.44123E-7 2.6541E-7 2.72709E-7 2.66379E-7 2.39421E-7 2.08396E-7 1.52979E-7 9.86751E-8 6.9428E-8 5.99352E-8 7.21491E-8 1.08082E-7 1.40027E-7 1.30195E-7 9.77447E-8 6.63197E-8 3.88735E-8 2.28353E-8 3.15866E-8 3.03186E-8 1.57061E-8 1.17355E-8 1.29475E-8 1.33851E-8 1.34195E-8 1.50014E-8 2.25266E-8 3.01009E-8 4.73541E-8 7.11908E-8 9.9602E-8 1.30195E-7 1.27976E-7 1.24357E-7 1.19857E-7 1.13404E-7 1.05788E-7 9.99507E-8 9.29182E-8 8.77348E-8 8.20634E-8 8.20571E-8 8.47807E-8 8.01971E-8 5.63264E-8 2.60685E-8 9.697E-9 3.74274E-9 3.10708E-9 3.16158E-9 2.45969E-9 4.67362E-9 4.29961E-9 4.29871E-9 4.46404E-9
-9999 -9999 -9999 -9999 -9999 -9999 3.73019E-8 9.19384E-8 1.42336E-7 1.76622E-7 2.16566E-7 2.2584E-7 2.23464E-7 2.05978E-7 2.18261E-7 2.05597E-7 1.57188E-7 8.41448E-8 6.88694E-8 4.3609E-8 2.31764E-8 2.51676E-8 6.23384E-8 1.35591E-7 1.72183E-7 1.43843E-7 9.90762E-8 6.41974E-8 5.21226E-8 5.0804E-8 4.13289E-8 2.86959E-8 2.40414E-8 2.27956E-8 2.37291E-8 2.60434E-8 2.71485E-8 3.20169E-8 4.05998E-8 6.11102E-8 8.82024E-8 1.12189E-7 1.3191E-7 1.27596E-7 1.24372E-7 1.1712E-7 1.14063E-7 1.08475E-7 1.02601E-7 9.67537E-8 9.69724E-8 1.00908E-7 9.47255E-8 6.70665E-8 4.38064E-8 2.83602E-8 1.52449E-8 5.26184E-9 4.67963E-9 4.67718E-9 3.39693E-9 2.9577E-9 4.98442E-9 3.99261E-9 3.77808E-9 4.19112E-9
-9999 -9999 -9999 -9999 -9999 -9999 -9999 7.47025E-8 1.31452E-7 1.44768E-7 1.75466E-7 2.16837E-7 2.10478E-7 1.93054E-7 2.2238E-7 1.82426E-7 1.25551E-7 8.33261E-8 7.96384E-8 6.3157E-8 2.14296E-8 1.10119E-8 3.15533E-8 9.64742E-8 1.81107E-7 2.05649E-7 1.62052E-7 1.21047E-7 9.18921E-8 7.20872E-8 6.09583E-8 4.88169E-8 4.07147E-8 3.92456E-8 4.38797E-8 4.85246E-8 5.09546E-8 5.45685E-8 6.33053E-8 7.83117E-8 9.75388E-8 1.17712E-7 1.25714E-7 1.24148E-7 1.2373E-7 1.14204E-7 1.17477E-7 1.20561E-7 1.21646E-7 1.19821E-7 1.07274E-7 8.34922E-8 5.7208E-8 3.02416E-8 2.53126E-8 2.26239E-8 1.12468E-8 7.73726E-9 5.63384E-9 3.67039E-9 2.52879E-9 3.80928E-9 5.32338E-9 5.27385E-9 4.82875E-9 3.06805E-9
-9999 -9999 -9999 -9999 -9999 -9999 -9999 6.85899E-8 1.26933E-7 1.49061E-7 1.76864E-7 1.98553E-7 2.16855E-7 2.33167E-7 2.85399E-7 2.39788E-7 1.66342E-7 1.77942E-7 1.53537E-7 1.08456E-7 5.57006E-8 3.53252E-8 4.66294E-8 8.33083E-8 1.67151E-7 2.44109E-7 2.29609E-7 1.95216E-7 1.50909E-7 1.19448E-7 9.98538E-8 7.89994E-8 6.64838E-8 6.66876E-8 7.1606E-8 7.22567E-8 7.21839E-8 7.68048E-8 8.69432E-8 9.26811E-8 1.02489E-7 1.23136E-7 1.26676E-7 1.22919E-7 1.29854E-7 1.33497E-7 1.32541E-7 1.22296E-7 1.10772E-7 8.27198E-8 5.21369E-8 3.79587E-8 3.37417E-8 3.79904E-8 3.763E-8 2.59494E-8 1.20287E-8 5.79306E-9 4.3579E-9 2.5103E-9 1.99897E-9 3.91085E-9 4.00683E-9 4.62725E-9 3.92644E-9 1.9259E-9
-9999 -9999 -9999 -9999 -9999 -9999 -9999 1.08959E-7 1.11055E-7 1.30272E-7 1.76119E-7 2.16916E-7 2.35165E-7 2.48657E-7 2.95361E-7 2.97963E-7 2.53396E-7 2.44153E-7 2.12309E-7 1.72045E-7 1.24646E-7 9.73305E-8 1.03565E-7 1.22288E-7 1.80019E-7 2.54247E-7 2.67102E-7 2.39283E-7 2.03455E-7 1.65804E-7 1.21485E-7 1.00347E-7 9.37745E-8 9.16503E-8 9.2449E-8 9.01085E-8 8.90082E-8 9.77286E-8 1.08966E-7 1.15886E-7 1.27211E-7 1.37295E-7 1.3874E-7 1.35129E-7 1.18679E-7 9.54394E-8 7.58996E-8 4.45598E-8 4.60373E-8 3.15644E-8 2.5381E-8 3.9298E-8 5.14055E-8 5.60344E-8 4.3948E-8 2.44493E-8 7.8127E-9 3.87745E-9 3.4944E-9 2.51099E-9 3.20304E-9 3.82942E-9 3.50656E-9 4.00555E-9 2.6732E-9 1.68181E-9
-9999 -9999 -9999 -9999 -9999 -9999 -9999 -9999 1.00321E-7 1.14113E-7 1.54698E-7 2.13089E-7 2.57827E-7 2.72303E-7 3.03711E-7 3.13533E-7 2.93429E-7 2.74989E-7 2.67467E-7 2.30954E-7 1.89081E-7 1.662E-7 1.6614E-7 1.68293E-7 1.95422E-7 2.49475E-7 2.79612E-7 2.74303E-7 2.48819E-7 2.04448E-7 1.52456E-7 1.31125E-7 1.27256E-7 1.22091E-7 1.19824E-7 1.14816E-7 1.14529E-7 1.2176E-7 1.23604E-7 1.30907E-7 1.30108E-7 1.21425E-7 1.10043E-7 8.3956E-8 5.42587E-8 2.77152E-8 1.953E-8 8.02289E-9 1.21705E-8 3.58999E-8 5.4704E-8 6.64494E-8 6.91539E-8 6.83013E-8 4.84397E-8 2.10448E-8 6.5947E-9 3.44472E-9 3.59793E-9 3.22662E-9 3.72297E-9 3.85811E-9 3.68166E-9 3.56667E-9 3.26342E-9 4.41795E-9
-9999 -9999 -9999 -9999 -9999 -9999 -9999 -9999 -9999 1.28096E-7 1.34042E-7 1.63711E-7 2.35513E-7 2.91794E-7 3.32755E-7 3.62091E-7 3.38251E-7 3.16547E-7 3.02112E-7 2.84665E-7 2.41514E-7 2.1802E-7 2.12566E-7 2.0787E-7 2.08956E-7 2.35659E-7 2.73282E-7 2.9132E-7 2.78297E-7 2.4577E-7 2.12879E-7 1.86075E-7 1.72555E-7 1.62416E-7 1.4235E-7 1.18378E-7 1.18483E-7 1.11456E-7 9.648E-8 8.64854E-8 8.33895E-8 6.38091E-8 5.30087E-8 3.12148E-8 2.04003E-8 1.16612E-8 1.71416E-8 2.16941E-8 3.28345E-8 8.78942E-8 1.09345E-7 1.05776E-7 1.01502E-7 8.70713E-8 5.82406E-8 1.94448E-8 6.62276E-9 3.65163E-9 3.47995E-9 3.56086E-9 4.06782E-9 4.39137E-9 3.62171E-9 3.12995E-9 4.18682E-9 9.55974E-9
-9999 -9999 -9999 -9999 -9999 -9999 -9999 -9999 -9999 -9999 1.35678E-7 1.37436E-7 1.66679E-7 2.19979E-7 2.83015E-7 3.59683E-7 3.76871E-7 3.53083E-7 3.18289E-7 3.37262E-7 2.8256E-7 2.4643E-7 2.41006E-7 2.35477E-7 2.24016E-7 2.36963E-7 2.68409E-7 2.95653E-7 2.94103E-7 2.80529E-7 2.53264E-7 2.27986E-7 2.01554E-7 1.75692E-7 1.38718E-7 9.46694E-8 8.52279E-8 5.98654E-8 3.97921E-8 3.4483E-8 4.08443E-8 3.43569E-8 3.1816E-8 3.24332E-8 2.49523E-8 2.35222E-8 4.21054E-8 9.57585E-8 1.44439E-7 1.60421E-7 1.56182E-7 1.54864E-7 1.4451E-7 1.06528E-7 6.05801E-8 2.03325E-8 7.746E-9 4.67105E-9 3.93431E-9 4.3286E-9 5.05035E-9 4.90142E-9 3.52724E-9 2.93341E-9 4.55625E-9 1.19224E-8
-9999 -9999 -9999 -9999 -9999 -9999 -9999 -9999 -9999 -9999 -9999 -9999 1.51095E-7 1.87419E-7 2.37429E-7 3.01398E-7 3.45972E-7 3.54632E-7 3.31168E-7 3.48567E-7 3.1479E-7 2.88894E-7 2.78356E-7 2.6445E-7 2.47319E-7 2.49581E-7 2.69471E-7 2.92062E-7 3.04041E-7 2.9687E-7 2.82283E-7 2.57638E-7 2.15932E-7 1.76745E-7 1.18808E-7 7.32306E-8 4.35085E-8 2.72714E-8 2.26105E-8 2.87177E-8 5.03631E-8 4.68051E-8 4.86772E-8 6.5598E-8 5.32243E-8 8.5122E-8 1.44196E-7 1.9039E-7 2.08134E-7 2.03105E-7 2.00107E-7 2.0158E-7 1.7328E-7 1.09404E-7 4.44155E-8 1.27503E-8 5.25678E-9 4.33137E-9 5.2596E-9 5.81911E-9 7.43391E-9 4.62851E-9 2.92766E-9 2.39082E-9 7.32684E-9 1.93743E-8
-9999 -9999 -9999 -9999 -9999 -9999 -9999 -9999 -9999 -9999 -9999 -9999 -9999 -9999 -9999 -9999 3.20149E-7 3.37208E-7 3.38508E-7 3.34828E-7 3.28862E-7 3.45935E-7 3.61712E-7 3.37162E-7 2.94575E-7 2.68491E-7 2.68953E-7 2.7273E-7 2.86817E-7 2.94377E-7 2.85914E-7 2.84558E-7 2.54825E-7 1.84537E-7 9.58575E-8 5.69319E-8 4.57462E-8 5.76021E-8 6.254E-8 8.41956E-8 1.2212E-7 1.25905E-7 1.26291E-7 1.55883E-7 1.88641E-7 2.20582E-7 2.42663E-7 2.40888E-7 2.29557E-7 2.28196E-7 2.3196E-7 2.18267E-7 1.68478E-7 1.06142E-7 3.68967E-8 1.01064E-8 4.39781E-9 4.51887E-9 6.81929E-9 8.91215E-9 8.71997E-9 4.17051E-9 3.84985E-9 6.49595E-9 1.59406E-8 1.99542E-8
-9999 -9999 -9999 -9999 -9999 -9999 -9999 -9999 -9999 -9999 -9999 -9999 -9999 -9999 -9999 -9999 -9999 -9999 3.50524E-7 3.46236E-7 3.46118E-7 3.69764E-7 -9999 -9999 3.62785E-7 3.12522E-7 2.71559E-7 2.57922E-7 2.75208E-7 2.86139E-7 2.92958E-7 3.14966E-7 2.92718E-7 2.40791E-7 1.60761E-7 1.55919E-7 1.78384E-7 1.95517E-7 2.12206E-7 2.30999E-7 2.3964E-7 2.6398E-7 2.71719E-7 2.79587E-7 2.8085E-7 2.75982E-7 2.64782E-7 2.55194E-7 2.50207E-7 2.5116E-7 2.4137E-7 2.14207E-7 1.67947E-7 9.99757E-8 2.92189E-8 9.35655E-9 4.97759E-9 7.50892E-9 1.13833E-8 1.1491E-8 9.39792E-9 8.33627E-9 1.19245E-8 1.87791E-8 1.95648E-8 1.90364E-8
-9999 -9999 -9999 -9999 -9999 -9999 -9999 -9999 -9999 -9999 -9999 -9999 -9999 -9999 -9999 -9999 -9999 -9999 -9999 3.29683E-7 3.15424E-7 3.6283E-7 -9999 -9999 -9999 -9999 3.27352E-7 2.62954E-7 2.59199E-7 2.78968E-7 3.31356E-7 3.61661E-7 3.47565E-7 3.36544E-7 3.13078E-7 3.19312E-7 3.20292E-7 3.1952E-7 3.22463E-7 3.19687E-7 3.08686E-7 3.12534E-7 3.07538E-7 3.01971E-7 2.9147E-7 2.85462E-7 2.8259E-7 2.73091E-7 2.51969E-7 2.3709E-7 2.18876E-7 1.94042E-7 1.2321E-7 5.63006E-8 2.25962E-8 8.15208E-9 8.18707E-9 1.27697E-8 1.6041E-8 6.9286E-9 7.45923E-9 1.14681E-8 1.30473E-8 1.51163E-8 1.67969E-8 1.1993E-8
-9999 -9999 -9999 -9999 -9999 -9999 -9999 -9999 -9999 -9999 -9999 -9999 -9999 -9999 -9999 -9999 -9999 -9999 -9999 -9999 -9999 3.67597E-7 -9999 -9999 -9999 4.73943E-7 -9999 2.74634E-7 2.46148E-7 2.43568E-7 2.70536E-7 3.13012E-7 3.37648E-7 3.44573E-7 3.47921E-7 3.48588E-7 3.40944E-7 3.17022E-7 2.97403E-7 2.96625E-7 2.99505E-7 3.13137E-7 3.13987E-7 3.11003E-7 3.09158E-7 3.00108E-7 2.94305E-7 2.69024E-7 2.38825E-7 2.14777E-7 1.92085E-7 1.49505E-7 6.53304E-8 3.65837E-8 2.88844E-8 1.47414E-8 1.14651E-8 1.45535E-8 1.25077E-8 9.41623E-9 9.09434E-9 1.13117E-8 1.31375E-8 1.39472E-8 1.6474E-8 1.69393E-8
-9999 -9999 -9999 -9999 -9999 -9999 -9999 -9999 -9999 -9999 -9999 -9999 -9999 -9999 -9999 -9999 -9999 -9999 -9999 -9999 -9999 -9999 -9999 -9999 5.9689E-7 6.04259E-7 4.49118E-7 3.10769E-7 2.56514E-7 2.53958E-7 2.61381E-7 2.65359E-7 2.80453E-7 3.09439E-7 3.24812E-7 3.28906E-7 3.21985E-7 3.09364E-7 3.04031E-7 3.08828E-7 3.18224E-7 3.22056E-7 3.26837E-7 3.28545E-7 3.05385E-7 2.81995E-7 2.74478E-7 2.54132E-7 2.25244E-7 1.9633E-7 1.65511E-7 9.6325E-8 3.47408E-8 1.88834E-8 1.83662E-8 1.39994E-8 8.4461E-9 1.1604E-8 1.42427E-8 1.21136E-8 1.70766E-8 1.46542E-8 1.51061E-8 1.72184E-8 2.15203E-8 3.6151E-8
-9999 -9999 -9999 -9999 -9999 -9999 -9999 -9999 -9999 -9999 -9999 -9999 -9999 -9999 -9999 -9999 -9999 -9999 -9999 -9999 -9999 3.9965E-7 4.52124E-7 5.10733E-7 5.64718E-7 5.58916E-7 5.04266E-7 3.97338E-7 3.02343E-7 2.84371E-7 2.82094E-7 2.79507E-7 2.77263E-7 2.84333E-7 2.89483E-7 2.90097E-7 3.00116E-7 3.21869E-7 3.28218E-7 3.29032E-7 3.35392E-7 3.31434E-7 3.30939E-7 3.20569E-7 2.99772E-7 2.73679E-7 2.5593E-7 2.34062E-7 1.98919E-7 1.49903E-7 1.03642E-7 6.48108E-8 2.37652E-8 1.52505E-8 2.27823E-8 1.30546E-8 6.87801E-9 1.06683E-8 1.67097E-8 1.13921E-8 1.68204E-8 2.18409E-8 2.08178E-8 2.81996E-8 2.47175E-8 2.11289E-8
-9999 -9999 -9999 -9999 -9999 -9999 -9999 -9999 -9999 -9999 -9999 -9999 -9999 -9999 -9999 -9999 -9999 -9999 -9999 -9999 -9999 4.15209E-7 4.32746E-7 4.59586E-7 5.02295E-7 4.92372E-7 4.51218E-7 4.27332E-7 3.62228E-7 3.38096E-7 3.25071E-7 2.93584E-7 2.82099E-7 2.90689E-7 2.87961E-7 2.8849E-7 2.99575E-7 3.1964E-7 3.29244E-7 3.33808E-7 3.34947E-7 3.31046E-7 3.19013E-7 3.09754E-7 2.91533E-7 2.7164E-7 2.45864E-7 2.25662E-7 1.72756E-7 1.01744E-7 5.48974E-8 3.0872E-8 1.60311E-8 1.35145E-8 2.29337E-8 1.93902E-8 1.21812E-8 1.19927E-8 1.51836E-8 1.56481E-8 1.61197E-8 1.69958E-8 2.26952E-8 2.91124E-8 1.77813E-8 1.32742E-8
-9999 -9999 -9999 -9999 -9999 -9999 -9999 -9999 -9999 -9999 -9999 -9999 -9999 -9999 -9999 -9999 -9999 -9999 -9999 -9999 -9999 3.6798E-7 3.83295E-7 4.02648E-7 4.28409E-7 4.59112E-7 4.53152E-7 4.33151E-7 3.9984E-7 3.69574E-7 3.56178E-7 3.25089E-7 2.96083E-7 2.9951E-7 2.99826E-7 3.04268E-7 3.08387E-7 3.23558E-7 3.23668E-7 3.31031E-7 3.34637E-7 3.25318E-7 3.07095E-7 2.9889E-7 2.91769E-7 2.57928E-7 2.17315E-7 1.79305E-7 1.22801E-7 5.20419E-8 2.76046E-8 1.70233E-8 1.39408E-8 1.52397E-8 2.17039E-8 2.0052E-8 1.30157E-8 1.45826E-8 1.9303E-8 2.14256E-8 1.6342E-8 2.0495E-8 2.84895E-8 2.81145E-8 2.94491E-8 1.97881E-8
-9999 -9999 -9999 -9999 -9999 -9999 -9999 -9999 -9999 -9999 -9999 -9999 -9999 -9999 -9999 -9999 -9999 -9999 -9999 -9999 -9999 3.08928E-7 3.23914E-7 3.51308E-7 3.81999E-7 4.23826E-7 4.58051E-7 4.46617E-7 4.34408E-7 4.00201E-7 3.70233E-7 3.5838E-7 3.3626E-7 3.13335E-7 3.15163E-7 3.21223E-7 3.22242E-7 3.32488E-7 3.24902E-7 3.36187E-7 3.40177E-7 3.31682E-7 3.03916E-7 2.89431E-7 2.63551E-7 1.83378E-7 1.38183E-7 1.08217E-7 5.79756E-8 2.83894E-8 1.57818E-8 1.26467E-8 1.44182E-8 1.88306E-8 2.02798E-8 2.12035E-8 1.90913E-8 2.45384E-8 3.41694E-8 3.57161E-8 3.4664E-8 2.99719E-8 3.50041E-8 3.55923E-8 4.44053E-8 4.57488E-8
-9999 -9999 -9999 -9999 -9999 -9999 -9999 -9999 -9999 -9999 -9999 -9999 -9999 -9999 -9999 -9999 -9999 -9999 -9999 -9999 -9999 2.48786E-7 2.60695E-7 2.92548E-7 3.23396E-7 3.54868E-7 3.79392E-7 3.84661E-7 4.00205E-7 3.94996E-7 3.83121E-7 3.79117E-7 3.73432E-7 3.52116E-7 3.59848E-7 3.63923E-7 3.51288E-7 3.46103E-7 3.3089E-7 3.21998E-7 2.97769E-7 2.49604E-7 2.21292E-7 2.25578E-7 1.87528E-7 1.30016E-7 7.86285E-8 4.64347E-8 2.64273E-8 1.61661E-8 1.08581E-8 1.18184E-8 1.56486E-8 2.11336E-8 2.35618E-8 2.81709E-8 3.50389E-8 4.14376E-8 4.93373E-8 6.67368E-8 4.83752E-8 2.61942E-8 2.31715E-8 3.15904E-8 4.57326E-8 6.45327E-8
-9999 -9999 -9999 -9999 -9999 -9999 -9999 -9999 -9999 -9999 -9999 -9999 -9999 -9999 -9999 -9999 -9999 -9999 -9999 -9999 -9999 1.95326E-7 2.03173E-7 2.26745E-7 2.45258E-7 2.65024E-7 2.90998E-7 3.06968E-7 2.98392E-7 3.22212E-7 3.33756E-7 3.22472E-7 3.28559E-7 3.27258E-7 3.45217E-7 3.34228E-7 3.27721E-7 3.02816E-7 2.46475E-7 1.90508E-7 1.57837E-7 1.40356E-7 1.36934E-7 1.2847E-7 7.97754E-8 4.19054E-8 2.35635E-8 2.13923E-8 1.95974E-8 1.52332E-8 1.26653E-8 1.43386E-8 1.80667E-8 2.46988E-8 3.54022E-8 3.94137E-8 4.72063E-8 2.74707E-8 4.42913E-8 7.65825E-8 4.21599E-8 2.80527E-8 2.4673E-8 3.11411E-8 4.32919E-8 5.64885E-8
-9999 -9999 -9999 -9999 -9999 -9999 -9999 -9999 -9999 -9999 -9999 -9999 -9999 -9999 -9999 -9999 -9999 -9999 -9999 -9999 -9999 -9999 1.39723E-7 1.54198E-7 1.66668E-7 1.8071E-7 2.01402E-7 2.26737E-7 2.27602E-7 2.60152E-7 2.81376E-7 2.84668E-7 2.49623E-7 2.63695E-7 2.65309E-7 2.59312E-7 2.55553E-7 2.21932E-7 1.68012E-7 1.32367E-7 1.12861E-7 9.93638E-8 6.51126E-8 3.93141E-8 2.86262E-8 1.90002E-8 2.04094E-8 2.50286E-8 2.15333E-8 1.59962E-8 1.47184E-8 2.0119E-8 1.91002E-8 2.26675E-8 4.12472E-8 4.74704E-8 4.6182E-8 1.78351E-8 5.48171E-8 8.03837E-8 4.22818E-8 3.41736E-8 2.7718E-8 2.65319E-8 3.66232E-8 6.76982E-8
-9999 -9999 -9999 -9999 -9999 -9999 -9999 -9999 -9999 -9999 -9999 -9999 -9999 -9999 -9999 -9999 -9999 -9999 -9999 -9999 -9999 8.5499E-8 8.31032E-8 9.25037E-8 1.04336E-7 1.12724E-7 1.27842E-7 1.37445E-7 1.6793E-7 2.03201E-7 1.91762E-7 2.3592E-7 1.84162E-7 2.00464E-7 2.00813E-7 1.81085E-7 1.63732E-7 1.45362E-7 1.36535E-7 1.09382E-7 6.8257E-8 4.02284E-8 3.0404E-8 2.6846E-8 2.8061E-8 3.05467E-8 3.41288E-8 2.73877E-8 1.84608E-8 1.64543E-8 2.47378E-8 2.53977E-8 1.52018E-8 2.23723E-8 4.25858E-8 4.07694E-8 3.56048E-8 3.99205E-8 9.07431E-8 7.54012E-8 4.65226E-8 5.12223E-8 3.98387E-8 2.58919E-8 3.61046E-8 7.23729E-8
-9999 -9999 -9999 -9999 -9999 -9999 -9999 -9999 -9999 -9999 -9999 -9999 -9999 -9999 -9999 -9999 -9999 -9999 -9999 -9999 -9999 4.98581E-8 4.50677E-8 4.38588E-8 4.35589E-8 4.22118E-8 6.378E-8 1.14794E-7 1.66026E-7 1.8934E-7 1.66125E-7 1.55923E-7 1.18059E-7 1.19795E-7 1.41642E-7 1.26886E-7 1.22268E-7 1.01645E-7 7.88266E-8 5.27451E-8 3.94335E-8 3.57193E-8 3.70696E-8 3.92438E-8 4.08928E-8 4.03077E-8 3.29207E-8 2.19154E-8 2.13572E-8 3.08947E-8 3.56614E-8 2.11039E-8 1.31772E-8 3.32874E-8 4.15457E-8 3.9224E-8 5.45652E-8 8.53159E-8 1.09209E-7 8.29116E-8 5.70739E-8 6.34197E-8 4.77962E-8 3.356E-8 4.87679E-8 7.88021E-8
-9999 -9999 -9999 -9999 -9999 -9999 -9999 -9999 -9999 -9999 -9999 -9999 -9999 -9999 -9999 -9999 -9999 -9999 -9999 -9999 -9999 -9999 3.12546E-8 -9999 -9999 -9999 5.79383E-8 1.16743E-7 1.23187E-7 9.8127E-8 8.94004E-8 9.72861E-8 1.07472E-7 1.14038E-7 1.1637E-7 9.5548E-8 7.3747E-8 5.28325E-8 4.36883E-8 4.48015E-8 5.00887E-8 5.44312E-8 5.27533E-8 4.77276E-8 4.18428E-8 3.3773E-8 2.7434E-8 3.45324E-8 4.4139E-8 4.67462E-8 3.52919E-8 1.97587E-8 2.72104E-8 6.08781E-8 3.37426E-8 5.62812E-8 1.12878E-7 9.6627E-8 9.4703E-8 7.12716E-8 6.6415E-8 5.84518E-8 5.3219E-8 4.55216E-8 4.56612E-8 5.75873E-8
-9999 -9999 -9999 -9999 -9999 -9999 -9999 -9999 -9999 -9999 -9999 -9999 -9999 -9999 -9999 -9999 -9999 -9999 -9999 -9999 -9999 -9999 -9999 -9999 -9999 -9999 -9999 1.20212E-7 1.47015E-7 1.35229E-7 1.3192E-7 1.3995E-7 1.28228E-7 1.06744E-7 7.89156E-8 6.59422E-8 6.42368E-8 5.73701E-8 6.24223E-8 6.66892E-8 6.70242E-8 6.17682E-8 5.05572E-8 3.89276E-8 2.94434E-8 3.41072E-8 5.3611E-8 6.45987E-8 6.54946E-8 5.77339E-8 3.86994E-8 3.95282E-8 7.91586E-8 5.03647E-8 2.14703E-8 9.27369E-8 1.45254E-7 7.4138E-8 7.6289E-8 6.57674E-8 6.22308E-8 7.39124E-8 7.61956E-8 6.81655E-8 6.00153E-8 7.56145E-8
-9999 -9999 -9999 -9999 -9999 -9999 -9999 -9999 -9999 -9999 -9999 -9999 -9999 -9999 -9999 -9999 -9999 -9999 -9999 -9999 -9999 -9999 -9999 -9999 -9999 -9999 9.88403E-8 1.12306E-7 1.42415E-7 1.60027E-7 1.57537E-7 1.46187E-7 1.28053E-7 1.10953E-7 1.02541E-7 1.03474E-7 1.11656E-7 1.04939E-7 9.52755E-8 8.34765E-8 6.78039E-8 5.3235E-8 3.76075E-8 3.4617E-8 5.06656E-8 7.02852E-8 8.15923E-8 8.34766E-8 8.18172E-8 6.21447E-8 5.01263E-8 9.12561E-8 8.28865E-8 2.42582E-8 4.02173E-8 1.68476E-7 1.41868E-7 6.6656E-8 1.24039E-7 1.2803E-7 8.6937E-8 1.19976E-7 1.249E-7 1.41968E-7 1.24688E-7 1.21634E-7
-9999 -9999 -9999 -9999 -9999 -9999 -9999 -9999 -9999 -9999 -9999 -9999 -9999 -9999 -9999 -9999 -9999 -9999 -9999 -9999 -9999 -9999 -9999 -9999 -9999 -9999 9.72629E-8 1.06103E-7 1.32885E-7 1.69237E-7 1.94214E-7 1.93193E-7 1.84255E-7 1.62308E-7 1.57913E-7 1.69377E-7 1.41689E-7 1.06632E-7 8.74694E-8 6.86213E-8 5.05402E-8 4.55734E-8 5.58922E-8 7.46187E-8 8.2103E-8 7.69894E-8 6.98704E-8 7.2453E-8 8.77648E-8 5.85446E-8 8.6007E-8 1.3799E-7 4.70225E-8 3.36796E-8 1.61393E-7 2.39348E-7 1.11115E-7 9.19716E-8 1.58918E-7 5.76798E-8 1.21779E-7 1.19462E-7 1.57215E-7 2.01085E-7 1.02749E-7 1.20398E-7
-9999 -9999 -9999 -9999 -9999 -9999 -9999 -9999 -9999 -9999 -9999 -9999 -9999 -9999 -9999 -9999 -9999 -9999 -9999 -9999 -9999 -9999 -9999 -9999 -9999 -9999 -9999 9.04221E-8 1.22966E-7 1.7906E-7 -9999 -9999 -9999 2.05999E-7 1.75442E-7 1.39156E-7 9.4341E-8 6.94397E-8 6.29546E-8 6.4026E-8 6.56388E-8 7.05366E-8 7.5979E-8 7.5262E-8 6.35687E-8 5.61097E-8 5.46677E-8 7.27737E-8 7.35266E-8 9.14404E-8 1.60137E-7 1.1456E-7 4.36426E-8 1.23236E-7 3.23258E-7 1.67399E-7 6.99441E-8 1.46124E-7 2.17728E-7 5.26829E-8 1.45154E-7 2.03998E-7 1.6071E-7 1.40971E-7 1.05393E-7 1.06886E-7
-9999 -9999 -9999 -9999 -9999 -9999 -9999 -9999 -9999 -9999 -9999 -9999 -9999 -9999 -9999 -9999 -9999 -9999 -9999 -9999 -9999 -9999 -9999 -9999 -9999 -9999 7.50899E-8 8.91592E-8 1.12474E-7 1.64828E-7 2.2853E-7 2.50953E-7 2.40536E-7 2.23705E-7 1.83154E-7 1.48055E-7 1.25742E-7 1.14315E-7 9.99113E-8 8.42873E-8 7.11976E-8 6.212E-8 5.9683E-8 5.57311E-8 5.36845E-8 5.87342E-8 8.22323E-8 5.90856E-8 4.88762E-8 8.74892E-8 2.38777E-7 1.69353E-7 1.78913E-7 3.98799E-7 3.6619E-7 9.43146E-8 7.4574E-8 1.59318E-7 2.9049E-7 1.03097E-7 1.67039E-7 2.24938E-7 3.16546E-7 1.18259E-7 1.09569E-7 1.46406E-7
