catData/rasterBestHybridModels/Pviverrinus/RD_RM1.5_L/Pviverrinus_min.asc
ncols         409
nrows         350
xllcorner     60.897278365
yllcorner     5.843756025
cellsize      0.0892857
NODATA_value  -9999
[rows 116 to 144 of 350, columns 325 to 389 of 409]
3.68876E-4 3.45358E-4 2.59628E-4 2.73393E-4 3.46005E-4 3.59627E-4 4.13162E-4 4.44876E-4 3.62911E-4 3.609E-4 4.11255E-4 5.72687E-4 4.82283E-4 6.5671E-4 6.43908E-4 4.27855E-4 4.47173E-4 4.7697E-4 5.52384E-4 5.35648E-4 4.8038E-4 3.58362E-4 4.84676E-4 5.04851E-4 4.01786E-4 4.45266E-4 4.28401E-4 4.47169E-4 3.69551E-4 4.08974E-4 3.95291E-4 3.82544E-4 4.83829E-4 4.02451E-4 4.66362E-4 4.39027E-4 4.18352E-4 5.11527E-4 4.75896E-4 4.9474E-4 5.17347E-4 4.8601E-4 5.05475E-4 4.54253E-4 4.31849E-4 3.94144E-4 4.3537E-4 3.84285E-4 4.04279E-4 3.49286E-4 3.16669E-4 2.2354E-4 2.1187E-4 1.0522E-4 6.55635E-5 1.6751E-5 2.08954E-5 1.59307E-5 7.44352E-6 2.32088E-6 4.32151E-7 -9999 -9999 -9999 -9999
5.32212E-4 5.83905E-4 4.29999E-4 4.72715E-4 5.539E-4 4.25001E-4 5.15843E-4 4.69842E-4 5.20664E-4 4.73343E-4 5.34739E-4 6.29473E-4 6.33923E-4 6.50882E-4 6.96809E-4 6.76538E-4 6.4617E-4 6.85198E-4 6.91671E-4 5.80898E-4 4.99398E-4 5.04317E-4 4.73472E-4 4.28816E-4 4.16084E-4 4.87768E-4 4.47091E-4 5.55794E-4 4.59588E-4 4.77158E-4 5.25993E-4 5.40484E-4 4.64952E-4 4.98808E-4 4.40439E-4 3.87667E-4 3.54557E-4 4.0864E-4 2.86591E-4 2.88856E-4 2.43918E-4 2.40755E-4 3.35642E-4 4.78203E-4 3.72906E-4 3.61496E-4 3.6781E-4 3.79737E-4 3.5533E-4 2.99295E-4 1.86893E-4 7.74172E-5 8.19113E-5 4.89805E-5 1.59636E-5 3.28091E-5 1.44964E-5 1.05705E-5 1.32114E-6 -9999 -9999 -9999 -9999 -9999 -9999
4.91301E-4 5.08835E-4 5.05059E-4 5.36109E-4 6.10878E-4 4.86803E-4 8.05783E-4 5.60522E-4 6.43211E-4 7.35147E-4 5.68955E-4 7.3456E-4 6.7488E-4 5.29589E-4 4.76767E-4 6.43239E-4 6.78818E-4 7.09132E-4 8.22262E-4 5.54573E-4 5.47934E-4 6.05757E-4 4.05291E-4 6.111E-4 5.01345E-4 6.10622E-4 4.81012E-4 5.31687E-4 5.91991E-4 6.15303E-4 6.18845E-4 5.47213E-4 4.99378E-4 3.87578E-4 2.93456E-4 1.55333E-4 1.3492E-4 1.17457E-4 6.05444E-5 8.85933E-5 6.7792E-5 7.70157E-5 2.29211E-4 3.41971E-4 4.12372E-4 3.71382E-4 3.59558E-4 4.54933E-4 2.70184E-4 1.98003E-4 7.70223E-5 4.42533E-5 4.17585E-5 2.40373E-5 5.76831E-6 2.32259E-5 1.04468E-6 4.97877E-7 -9999 -9999 -9999 -9999 -9999 -9999 -9999
5.28691E-4 4.58601E-4 4.83471E-4 4.75163E-4 5.25132E-4 5.59881E-4 5.61217E-4 6.84836E-4 5.27612E-4 5.93093E-4 2.98912E-4 6.52372E-4 5.52818E-4 6.29321E-4 4.83548E-4 4.92503E-4 6.286E-4 7.43752E-4 7.11381E-4 7.49017E-4 5.8897E-4 6.03726E-4 4.81758E-4 6.23634E-4 4.82115E-4 6.31297E-4 5.62351E-4 5.81342E-4 5.65174E-4 6.89297E-4 5.87474E-4 5.37662E-4 4.85411E-4 3.17596E-4 1.58973E-4 1.02636E-4 4.77267E-5 3.41583E-5 3.20486E-5 5.05708E-5 4.37217E-5 3.96135E-5 9.78722E-5 2.69535E-4 3.28343E-4 3.78621E-4 3.49545E-4 3.78027E-4 1.59592E-4 1.04288E-4 2.78811E-5 1.54805E-5 1.03452E-5 1.39222E-5 1.97476E-6 5.89281E-6 1.65453E-6 5.42607E-8 -9999 -9999 -9999 -9999 -9999 -9999 -9999
8.63662E-4 6.71389E-4 6.20114E-4 5.16344E-4 7.69754E-4 6.0118E-4 5.62498E-4 5.96325E-4 7.07997E-4 2.98964E-4 8.72131E-4 7.6332E-4 7.0489E-4 8.6673E-4 7.49603E-4 6.4121E-4 8.26594E-4 7.56006E-4 7.64279E-4 7.75359E-4 5.49716E-4 6.4E-4 7.35596E-4 5.97617E-4 5.43461E-4 7.18198E-4 5.47405E-4 5.18435E-4 4.94895E-4 5.75839E-4 5.17457E-4 4.78105E-4 4.03841E-4 1.70699E-4 8.56835E-5 8.0607E-5 6.47404E-5 4.1245E-5 1.88443E-5 2.39905E-5 2.4185E-5 2.6984E-5 4.75187E-5 2.12647E-4 3.1096E-4 3.48022E-4 4.23739E-4 1.76569E-4 6.57062E-5 2.925E-5 8.9111E-6 4.65029E-6 5.92315E-6 2.57954E-6 3.92081E-7 7.55959E-7 1.54393E-7 3.04532E-8 4.75194E-8 -9999 -9999 -9999 -9999 -9999 -9999
8.11843E-4 8.29679E-4 5.93249E-4 5.63923E-4 5.75025E-4 6.65326E-4 6.39179E-4 6.50346E-4 6.27353E-4 3.10428E-4 6.89178E-4 5.22437E-4 1.87867E-4 1.91007E-4 7.36908E-4 8.0967E-5 3.97164E-4 7.36828E-5 7.47969E-4 6.09925E-4 5.7859E-4 4.58056E-4 4.73027E-4 5.32764E-4 5.77561E-4 5.55007E-4 5.64432E-4 4.86847E-4 4.09253E-4 4.6769E-4 4.48509E-4 4.29775E-4 1.61378E-4 1.10934E-4 1.8189E-4 2.73828E-4 1.99015E-4 4.68012E-5 1.41285E-5 1.24661E-5 7.24936E-6 1.60124E-5 7.91623E-5 2.43512E-4 3.32653E-4 3.43618E-4 1.61356E-4 6.74643E-5 4.03829E-5 1.76956E-5 5.82183E-6 2.70307E-6 1.06772E-6 1.73804E-7 9.8211E-8 4.43027E-8 2.16369E-8 6.14501E-8 3.1747E-8 -9999 -9999 -9999 -9999 -9999 -9999
7.33278E-4 7.34744E-4 7.35353E-4 7.75584E-4 6.1843E-4 3.86835E-4 5.42549E-4 4.67696E-4 1.75086E-4 1.02257E-4 1.75788E-5 1.19629E-4 6.94897E-7 1.41074E-4 1.77742E-4 1.1259E-4 7.97884E-7 2.03943E-4 5.84997E-4 9.04864E-4 7.97788E-4 3.58516E-4 3.8171E-4 4.65773E-4 5.53502E-4 4.9002E-4 4.2326E-4 2.97079E-4 2.67906E-4 4.18434E-4 4.43938E-4 3.29878E-4 1.81512E-4 1.94529E-4 3.10269E-4 3.80369E-4 2.12728E-4 6.73791E-5 3.65139E-5 1.27068E-5 4.16201E-6 1.25317E-5 1.43903E-4 2.74495E-4 3.63496E-4 2.39483E-4 8.98113E-5 4.9732E-5 1.27833E-5 1.0494E-5 9.59161E-6 8.26765E-7 1.64967E-7 3.35804E-8 1.31241E-7 3.89154E-8 2.04967E-7 1.39547E-7 -9999 -9999 -9999 -9999 -9999 -9999 -9999
6.58654E-4 7.23947E-4 5.88378E-4 3.3338E-4 5.02131E-4 6.77971E-4 4.47185E-4 4.59488E-4 7.04407E-4 4.84744E-4 1.37309E-4 9.79946E-5 7.75582E-4 5.23833E-4 3.38114E-4 1.0599E-4 2.67333E-4 6.48135E-4 5.90766E-4 2.34149E-4 2.05335E-4 2.10078E-4 2.44435E-4 1.80119E-4 1.41546E-4 1.81014E-4 1.68678E-4 6.49914E-5 8.61986E-5 2.09592E-4 4.19847E-4 4.15097E-4 3.70805E-4 3.47016E-4 3.56505E-4 3.68957E-4 3.17077E-4 1.64575E-4 9.91869E-5 3.81115E-5 1.89755E-5 5.30748E-5 2.33255E-4 3.06211E-4 3.25499E-4 1.86427E-4 6.22704E-5 3.07928E-5 4.25177E-6 5.78953E-6 7.85094E-6 5.05777E-7 7.85291E-8 2.54178E-8 2.14601E-7 5.6194E-7 6.20574E-7 9.12768E-8 1.85403E-9 -9999 -9999 -9999 -9999 -9999 -9999
5.80049E-4 3.67411E-4 5.54158E-4 5.83185E-4 4.5848E-4 3.40384E-4 3.23291E-4 3.7116E-4 4.71091E-4 5.19521E-4 4.68578E-4 4.662E-4 5.79174E-4 5.78596E-4 5.21621E-4 4.25612E-4 3.93619E-4 4.14518E-4 1.7215E-4 1.02384E-4 1.30067E-4 1.11276E-4 6.84124E-5 4.30459E-5 3.4802E-5 3.57956E-5 3.46405E-5 3.28434E-5 5.19121E-5 1.40897E-4 2.13737E-4 3.42079E-4 4.5513E-4 3.87482E-4 3.45894E-4 3.01883E-4 2.61152E-4 2.20859E-4 2.32272E-4 1.64937E-4 1.35991E-4 1.82344E-4 2.15029E-4 2.73657E-4 2.6557E-4 1.19953E-4 2.59198E-5 8.92678E-6 2.87929E-6 6.68184E-6 2.17368E-6 2.90913E-7 8.91163E-8 4.84361E-8 1.81594E-7 1.6224E-6 7.52346E-7 3.20886E-9 -9999 -9999 -9999 -9999 -9999 -9999 -9999
3.76169E-4 5.5503E-4 4.45415E-4 3.92045E-4 3.10313E-4 2.61623E-4 2.95577E-4 2.89879E-4 2.51317E-4 2.68395E-4 1.87888E-4 1.84228E-4 2.78924E-4 3.53608E-4 2.59358E-4 2.75174E-4 3.31064E-4 2.56878E-4 1.2658E-4 8.6313E-5 6.11396E-5 4.49588E-5 2.78377E-5 1.70742E-5 1.19659E-5 1.45336E-5 1.69194E-5 2.61376E-5 3.20242E-5 4.34778E-5 8.47782E-5 2.29066E-4 3.36291E-4 3.89879E-4 3.38485E-4 2.63636E-4 2.33496E-4 2.00127E-4 2.0961E-4 2.25605E-4 2.0577E-4 1.89187E-4 2.52198E-4 2.65184E-4 1.78781E-4 5.85494E-5 8.61687E-6 1.89861E-6 2.057E-6 4.73063E-6 5.02592E-7 2.52116E-7 5.53643E-8 2.05288E-7 2.23155E-6 1.12913E-6 2.69661E-8 -9999 -9999 -9999 -9999 -9999 -9999 -9999 -9999
2.71936E-4 3.8323E-4 3.55218E-4 2.69818E-4 1.94422E-4 2.18402E-4 2.54319E-4 2.55879E-4 1.66703E-4 1.38101E-4 1.35552E-4 7.24014E-5 7.39716E-5 8.01409E-5 4.82183E-5 8.11118E-5 9.88878E-5 1.0359E-4 5.59551E-5 3.34291E-5 2.62351E-5 2.64536E-5 1.44225E-5 6.47255E-6 5.79308E-6 5.95281E-6 1.18905E-5 1.20983E-5 1.15905E-5 2.63583E-5 5.49588E-5 1.43524E-4 2.61254E-4 3.05958E-4 3.35925E-4 2.76398E-4 2.00554E-4 1.6964E-4 1.77111E-4 1.7922E-4 2.14006E-4 2.06697E-4 2.25561E-4 1.06664E-4 4.67869E-5 1.01927E-5 3.25172E-6 1.74809E-6 4.104E-6 1.45172E-6 3.45571E-7 1.40261E-7 3.79467E-8 7.55373E-7 4.46123E-6 3.76363E-7 5.85976E-9 3.93529E-10 -9999 -9999 -9999 -9999 -9999 -9999 -9999
5.64738E-4 3.86521E-4 1.87118E-4 1.47572E-4 1.02563E-4 9.82427E-5 1.80449E-4 1.96526E-4 1.39663E-4 1.15759E-4 6.33959E-5 3.07443E-5 1.71422E-5 7.70369E-6 3.92685E-6 4.32849E-6 4.46217E-6 7.02615E-6 3.58891E-6 5.47059E-6 1.2667E-5 1.40602E-5 7.09382E-6 7.46345E-6 7.19256E-6 1.03786E-5 8.99702E-6 6.78817E-6 9.27921E-6 1.38934E-5 2.95198E-5 7.22292E-5 1.98201E-4 2.46258E-4 2.16671E-4 1.74726E-4 1.61176E-4 1.67504E-4 1.5956E-4 1.55709E-4 1.98896E-4 1.55986E-4 9.89182E-5 5.98318E-5 1.9084E-5 7.72841E-7 9.80159E-7 1.25031E-6 1.58114E-6 1.38069E-7 2.01011E-7 7.1982E-7 7.66805E-7 3.5413E-6 2.85417E-7 1.64365E-6 6.61388E-9 -9999 -9999 -9999 -9999 -9999 -9999 -9999 -9999
6.67709E-4 3.40157E-4 1.3353E-4 7.26963E-5 4.14718E-5 5.34614E-5 9.34264E-5 9.86081E-5 1.19764E-4 1.0603E-4 5.5205E-5 2.52773E-5 1.13948E-5 5.59146E-6 1.40859E-6 6.03196E-7 2.78649E-7 6.55308E-7 4.21857E-7 2.44783E-7 4.49206E-7 7.76456E-7 1.11019E-6 2.45165E-6 4.67742E-6 2.64084E-6 2.42832E-6 4.63808E-6 7.03311E-6 9.62161E-6 1.78341E-5 5.29551E-5 1.4743E-4 2.22149E-4 1.98778E-4 1.49076E-4 1.2125E-4 8.92121E-5 1.01779E-4 1.3946E-4 1.33665E-4 8.85626E-5 4.85337E-5 5.65739E-6 1.25144E-7 4.36268E-9 1.13912E-8 2.84731E-7 2.48823E-7 9.03063E-8 4.2471E-7 1.57088E-6 2.79901E-6 3.3521E-7 2.08976E-7 4.5342E-7 -9999 -9999 -9999 -9999 -9999 -9999 -9999 -9999 -9999
4.24949E-4 3.80363E-4 2.07395E-4 7.97991E-5 1.9036E-5 3.15779E-5 7.69881E-5 1.14761E-4 1.27027E-4 1.36893E-4 7.11004E-5 3.59261E-5 1.75615E-5 6.34537E-6 1.38371E-6 4.62157E-7 1.79988E-7 9.74008E-8 8.03574E-8 6.25067E-8 7.27627E-8 1.13482E-7 1.14282E-7 3.72349E-7 1.07577E-6 8.05583E-7 7.25545E-7 1.21873E-6 2.61848E-6 6.99798E-6 1.8607E-5 3.36685E-5 9.52861E-5 1.60491E-4 2.1451E-4 1.97246E-4 1.39418E-4 8.11475E-5 7.53427E-5 6.3841E-5 5.42058E-5 5.70766E-6 3.4868E-6 1.51713E-6 1.27942E-7 2.44073E-8 2.08992E-9 4.36496E-8 6.0566E-8 5.68723E-8 6.05835E-7 1.82045E-6 4.52245E-7 3.91823E-8 3.10663E-8 -9999 -9999 -9999 -9999 -9999 -9999 -9999 -9999 -9999 -9999
3.91844E-4 3.91197E-4 3.19545E-4 1.80815E-4 2.80143E-5 1.92814E-5 3.32998E-5 6.5282E-5 1.654E-4 2.29972E-4 1.22691E-4 8.99879E-5 5.54355E-5 1.67698E-5 3.91032E-6 6.9955E-7 2.9552E-7 2.08495E-7 1.37716E-7 8.29831E-8 6.21084E-8 1.20679E-7 2.24333E-7 3.44702E-7 5.03523E-7 5.50426E-7 5.46851E-7 8.97442E-7 2.35597E-6 8.56064E-6 1.17692E-5 1.66008E-5 3.00728E-5 6.15445E-5 1.33249E-4 1.75185E-4 1.22008E-4 8.468E-5 6.69645E-5 3.06193E-5 6.58232E-6 1.00054E-6 3.27391E-6 2.49033E-6 1.81011E-7 3.90322E-7 1.15286E-7 1.52796E-7 4.16731E-8 9.91924E-8 5.44983E-7 6.98729E-7 1.41926E-7 -9999 -9999 -9999 -9999 -9999 -9999 -9999 -9999 -9999 -9999 -9999 -9999
3.89909E-4 4.2333E-4 3.40457E-4 3.4265E-4 3.16436E-4 2.07206E-4 1.77821E-4 1.83705E-4 1.52547E-4 1.60924E-4 1.03026E-4 1.17169E-4 1.00727E-4 5.3253E-5 1.53202E-5 7.03382E-6 1.67935E-6 1.1486E-6 8.92511E-7 5.92872E-7 5.64934E-7 2.01245E-6 6.94188E-6 3.81612E-6 1.81649E-6 1.43222E-6 1.45023E-6 2.19728E-6 3.6029E-6 4.40911E-6 4.45523E-6 4.65103E-6 7.44507E-6 3.21559E-5 8.06567E-5 1.1302E-4 7.1187E-5 5.43542E-5 2.14047E-5 2.30929E-6 1.35638E-6 4.6045E-6 9.10841E-6 2.31507E-7 1.48467E-8 2.28522E-7 7.09448E-7 2.74075E-7 8.31964E-8 3.01265E-7 2.59043E-7 2.36505E-7 5.79408E-8 -9999 -9999 -9999 -9999 -9999 -9999 -9999 -9999 -9999 -9999 -9999 -9999
6.67476E-4 4.69987E-4 4.1414E-4 4.07034E-4 4.05142E-4 3.94023E-4 4.06109E-4 4.07474E-4 3.21384E-4 1.74561E-4 1.03237E-4 1.50391E-4 1.99422E-4 1.50206E-4 1.20983E-4 6.0785E-5 4.98545E-5 4.48397E-5 2.81802E-5 1.75556E-5 1.4651E-5 2.9377E-5 3.38388E-5 4.50552E-5 1.86394E-5 1.23165E-5 8.24604E-6 1.01884E-5 1.36233E-5 5.34099E-6 7.54501E-7 1.36455E-6 4.31079E-6 1.95043E-5 4.26869E-5 6.32485E-5 3.744E-5 8.84286E-6 2.69106E-6 7.10059E-7 1.6146E-6 1.1258E-5 2.43767E-6 1.35422E-7 9.33402E-8 1.16131E-7 5.53772E-7 3.34877E-7 2.32871E-7 2.58388E-7 1.91872E-7 1.5141E-7 -9999 -9999 -9999 -9999 -9999 -9999 -9999 -9999 -9999 -9999 -9999 -9999 -9999
1.00177E-3 8.92166E-4 8.18236E-4 7.33112E-4 7.4114E-4 5.54366E-4 5.60341E-4 5.46037E-4 5.30582E-4 6.05953E-4 4.67228E-4 4.89975E-4 5.44584E-4 3.20779E-4 6.50589E-4 6.32458E-4 5.80211E-4 3.09209E-4 2.97563E-4 2.79007E-4 2.45361E-4 2.9348E-4 2.5063E-4 2.99431E-4 2.08896E-4 1.36269E-4 7.14175E-5 5.52754E-5 5.89908E-5 2.50415E-5 1.0901E-6 1.01219E-6 5.92971E-6 1.76458E-5 1.93603E-5 1.69375E-5 9.93911E-6 3.70356E-6 5.77412E-6 4.41769E-6 2.84163E-6 4.00723E-6 9.98232E-7 7.54188E-7 1.50829E-7 3.42795E-7 9.76465E-7 1.08767E-6 3.62964E-7 1.09358E-7 6.21559E-8 3.42112E-8 -9999 -9999 -9999 -9999 -9999 -9999 -9999 -9999 -9999 -9999 -9999 -9999 -9999
7.66871E-4 1.20856E-3 1.10441E-3 1.00361E-3 1.00003E-3 1.04812E-3 1.12429E-3 9.89466E-4 1.12202E-3 1.02821E-3 9.4728E-4 1.17865E-3 9.55938E-4 1.42674E-3 1.22209E-3 9.81302E-4 1.06916E-3 9.21793E-4 8.94589E-4 9.50357E-4 1.10525E-3 1.1501E-3 9.78688E-4 8.66295E-4 6.87672E-4 5.63422E-4 3.93671E-4 2.94316E-4 1.3544E-4 6.4285E-5 2.30712E-5 1.38866E-5 3.15432E-5 3.03957E-5 1.68799E-5 1.26032E-5 1.85248E-5 2.55526E-5 3.78952E-5 2.67032E-5 4.08049E-6 1.66374E-6 1.11486E-6 4.60715E-7 7.96339E-8 1.57659E-6 2.91802E-6 1.64493E-6 4.11496E-7 1.60722E-7 4.96364E-8 4.42508E-8 8.15067E-8 1.2344E-7 -9999 -9999 -9999 -9999 -9999 -9999 -9999 -9999 -9999 -9999 -9999
5.36979E-4 1.00782E-3 1.16864E-3 1.24158E-3 1.17599E-3 1.241E-3 1.02668E-3 1.09538E-3 1.14643E-3 1.2374E-3 1.05389E-3 1.11128E-3 1.24898E-3 1.42721E-3 1.32173E-3 8.22202E-4 9.25886E-4 9.73615E-4 9.74867E-4 1.08721E-3 1.056E-3 9.26827E-4 1.00193E-3 8.49039E-4 1.04839E-3 8.59832E-4 8.79041E-4 7.04252E-4 4.53838E-4 3.52258E-4 3.13208E-4 3.12194E-4 1.96061E-4 1.57766E-4 1.2473E-4 1.28186E-4 1.83169E-4 1.78019E-4 9.5901E-5 4.29617E-5 8.01534E-6 7.09202E-6 1.2072E-6 1.07184E-7 1.04014E-6 3.65906E-6 4.49889E-6 1.68106E-6 7.64365E-7 6.42462E-7 2.06225E-7 4.57271E-7 2.09257E-6 1.51909E-6 -9999 -9999 -9999 -9999 -9999 -9999 -9999 -9999 -9999 -9999 -9999
1.08696E-3 6.87819E-4 1.15606E-3 1.17028E-3 1.21273E-3 1.33214E-3 1.29951E-3 1.19634E-3 1.05321E-3 1.17921E-3 1.03527E-3 1.06606E-3 1.08948E-3 1.44587E-3 1.44103E-3 9.33726E-4 9.20813E-4 8.24778E-4 1.11224E-3 1.04699E-3 8.60844E-4 9.87412E-4 9.81992E-4 1.02753E-3 8.89554E-4 9.05036E-4 7.909E-4 8.5194E-4 8.23281E-4 8.72266E-4 7.00061E-4 6.93764E-4 6.14153E-4 5.86899E-4 4.89269E-4 5.41791E-4 4.43164E-4 1.57662E-4 9.35385E-5 2.28819E-5 2.05733E-5 1.83672E-5 1.61342E-6 6.21752E-7 8.95476E-6 6.63798E-6 6.24846E-6 1.63971E-6 9.70746E-7 2.1382E-6 7.67727E-7 1.40664E-6 8.04079E-6 -9999 -9999 -9999 -9999 -9999 -9999 -9999 -9999 -9999 -9999 -9999 -9999
1.27699E-3 1.24207E-3 1.24855E-3 1.19161E-3 1.22262E-3 1.12619E-3 1.34709E-3 1.31522E-3 1.04579E-3 8.52493E-4 1.04843E-3 1.16683E-3 1.19137E-3 1.44021E-3 1.48953E-3 1.05842E-3 1.07484E-3 9.69994E-4 1.04605E-3 1.02792E-3 8.93253E-4 9.43954E-4 9.53187E-4 8.86817E-4 1.02043E-3 9.73593E-4 8.20549E-4 1.05605E-3 7.80687E-4 7.02084E-4 1.01628E-3 8.65749E-4 9.89826E-4 6.68087E-4 6.2694E-4 5.40987E-4 4.2082E-4 7.47524E-5 7.01359E-5 2.975E-5 3.86372E-5 1.77239E-5 1.9245E-6 4.13626E-6 1.43797E-5 9.54627E-6 5.13346E-6 2.20956E-6 1.73903E-6 2.70471E-6 2.58061E-6 5.64899E-6 1.31508E-5 -9999 -9999 -9999 -9999 -9999 -9999 -9999 -9999 -9999 -9999 -9999 -9999
1.19161E-3 7.83694E-4 1.05469E-3 1.1086E-3 8.94675E-4 1.02395E-3 1.28658E-3 1.18849E-3 9.45866E-4 8.86385E-4 1.2832E-3 1.22046E-3 1.30809E-3 1.5556E-3 1.50914E-3 1.48564E-3 1.25696E-3 1.03644E-3 8.83737E-4 9.49661E-4 1.00968E-3 1.00348E-3 9.5833E-4 1.0035E-3 1.07981E-3 8.40414E-4 7.25971E-4 8.35017E-4 9.03277E-4 6.67884E-4 7.23684E-4 8.48051E-4 7.9578E-4 7.90327E-4 6.36339E-4 4.51381E-4 3.03299E-4 8.97509E-5 3.87004E-5 3.72271E-5 2.20657E-5 1.29751E-5 1.14664E-6 1.1693E-5 1.51672E-5 1.05106E-5 6.06389E-6 2.07311E-6 1.73784E-6 5.24367E-6 9.13299E-6 3.08442E-5 -9999 -9999 -9999 -9999 -9999 -9999 -9999 -9999 -9999 -9999 -9999 -9999 -9999
1.23972E-3 9.80762E-4 9.06898E-4 7.59796E-4 7.78864E-4 9.4026E-4 1.17986E-3 1.01834E-3 8.84181E-4 1.16709E-3 1.25033E-3 1.07862E-3 1.58339E-3 1.67806E-3 1.67221E-3 1.37611E-3 1.00315E-3 1.02173E-3 1.05127E-3 1.25148E-3 1.01907E-3 9.40383E-4 9.82762E-4 9.10373E-4 7.38454E-4 9.12052E-4 7.12782E-4 8.27154E-4 7.93126E-4 7.43354E-4 7.1004E-4 8.65932E-4 6.87134E-4 6.19995E-4 4.217E-4 2.90707E-4 2.76162E-4 6.98954E-5 3.06496E-5 2.33607E-5 3.5745E-6 7.57997E-6 2.03754E-6 1.38083E-5 1.3405E-5 1.10575E-5 6.08419E-6 1.82398E-6 2.16487E-6 9.08178E-6 2.4353E-5 5.35754E-5 -9999 -9999 -9999 -9999 -9999 -9999 -9999 -9999 -9999 -9999 -9999 -9999 -9999
1.29905E-3 9.27752E-4 8.64532E-4 1.05947E-3 1.12003E-3 1.13194E-3 1.06526E-3 9.61245E-4 9.663E-4 1.06459E-3 1.19258E-3 1.07963E-3 1.52458E-3 1.71758E-3 1.66605E-3 1.00269E-3 9.26703E-4 7.26781E-4 1.09052E-3 1.00447E-3 8.38924E-4 8.0219E-4 8.68734E-4 9.75111E-4 8.1192E-4 9.09475E-4 8.01683E-4 7.994E-4 7.31724E-4 7.10397E-4 6.32952E-4 6.18557E-4 6.9522E-4 6.344E-4 3.70728E-4 2.15003E-4 2.14201E-4 1.25235E-4 7.30142E-5 3.80779E-5 4.38566E-6 4.37274E-6 4.02045E-6 1.106E-5 1.21058E-5 1.40204E-5 5.22032E-6 1.95799E-6 3.70343E-6 1.82912E-5 3.59702E-5 -9999 -9999 -9999 -9999 -9999 -9999 -9999 -9999 -9999 -9999 -9999 -9999 -9999 -9999
1.20019E-3 8.29566E-4 8.83257E-4 1.12668E-3 1.25266E-3 1.17179E-3 1.15446E-3 1.26225E-3 1.33732E-3 1.20605E-3 1.16551E-3 1.26972E-3 1.72505E-3 1.79943E-3 1.75762E-3 1.42556E-3 9.49554E-4 9.12755E-4 9.70521E-4 8.55436E-4 8.24567E-4 7.26456E-4 7.5967E-4 7.13287E-4 7.9034E-4 9.30339E-4 8.10518E-4 7.5302E-4 7.37534E-4 6.73631E-4 5.78761E-4 5.15269E-4 5.73451E-4 4.24041E-4 3.80132E-4 2.16069E-4 1.53604E-4 1.11493E-4 1.01976E-4 1.59558E-5 6.84418E-6 1.06563E-6 4.65121E-6 1.25494E-5 1.24523E-5 1.02006E-5 4.5118E-6 1.63386E-6 3.82851E-6 3.33404E-5 -9999 -9999 -9999 -9999 -9999 -9999 -9999 -9999 -9999 -9999 -9999 -9999 -9999 -9999 -9999
1.28701E-3 1.25008E-3 7.72462E-4 1.0079E-3 1.0985E-3 1.16339E-3 1.13471E-3 1.24967E-3 1.29576E-3 1.30971E-3 1.06971E-3 1.58817E-3 1.86081E-3 1.86264E-3 1.85056E-3 1.38115E-3 1.04966E-3 9.49301E-4 7.76193E-4 7.03924E-4 7.61106E-4 6.85939E-4 7.29337E-4 7.60015E-4 7.61308E-4 8.05454E-4 7.48772E-4 6.7697E-4 5.80056E-4 6.28101E-4 5.67673E-4 3.91986E-4 3.6319E-4 2.08379E-4 1.72392E-4 1.51227E-4 1.07083E-4 1.02279E-4 5.97627E-5 3.6388E-6 2.36566E-6 1.3649E-6 5.7555E-6 7.72946E-6 1.03916E-5 2.59212E-6 1.8626E-6 2.52267E-6 1.85435E-5 7.17452E-5 -9999 -9999 -9999 -9999 -9999 -9999 -9999 -9999 -9999 -9999 -9999 -9999 -9999 -9999 -9999
1.2555E-3 1.26803E-3 8.7581E-4 7.03642E-4 1.12093E-3 9.42733E-4 1.21933E-3 1.14132E-3 1.30742E-3 1.2816E-3 1.2357E-3 1.32296E-3 1.86259E-3 1.69355E-3 1.56868E-3 1.14258E-3 1.15722E-3 1.01413E-3 7.59044E-4 6.81093E-4 7.67235E-4 6.65238E-4 7.30312E-4 7.27412E-4 7.40579E-4 7.47585E-4 6.69139E-4 6.64695E-4 3.90539E-4 5.85186E-4 4.0795E-4 2.88361E-4 2.33077E-4 1.48607E-4 1.06785E-4 1.01026E-4 3.38532E-5 3.11854E-5 7.57651E-6 3.56026E-6 4.25125E-6 4.07721E-6 5.32943E-6 5.00177E-6 7.45952E-6 2.31475E-6 1.56363E-6 6.28854E-6 4.35532E-5 -9999 -9999 -9999 -9999 -9999 -9999 -9999 -9999 -9999 -9999 -9999 -9999 -9999 -9999 -9999 -9999
1.29837E-3 1.18554E-3 9.72162E-4 7.01783E-4 8.57498E-4 8.11619E-4 1.00107E-3 9.34301E-4 1.16457E-3 1.19818E-3 9.81496E-4 7.85015E-4 1.79895E-3 1.36906E-3 1.13117E-3 8.58677E-4 8.43472E-4 7.99734E-4 7.9218E-4 7.91678E-4 6.94459E-4 7.83498E-4 5.99756E-4 6.48935E-4 7.09569E-4 5.82832E-4 5.37667E-4 4.29705E-4 4.60597E-4 4.18152E-4 3.749E-4 1.60466E-4 1.5036E-4 1.70072E-4 9.19577E-5 6.60129E-5 1.42775E-5 6.87957E-6 6.57351E-6 9.38355E-6 9.58238E-6 5.23282E-6 1.37638E-6 2.89059E-6 5.18402E-6 1.22034E-6 1.19689E-6 1.23104E-5 4.00004E-5 -9999 -9999 -9999 -9999 -9999 -9999 -9999 -9999 -9999 -9999 -9999 -9999 -9999 -9999 -9999 -9999
