catData/rasterBestHybridModels/Pviverrinus/RD_RM1.5_L/Pviverrinus_avg.asc
ncols         409
nrows         350
xllcorner     60.897278365
yllcorner     5.843756025
cellsize      0.0892857
NODATA_value  -9999
[rows 87 to 115 of 350, columns 66 to 131 of 409]
7.16979E-9 9.09214E-9 2.42165E-8 3.57827E-8 3.30395E-8 2.87494E-8 5.52708E-7 6.62057E-6 1.25932E-5 1.27648E-5 1.45843E-5 1.53959E-5 1.4595E-5 1.44905E-5 1.44428E-5 1.35251E-5 1.07882E-5 6.03757E-6 2.74527E-6 1.94836E-6 1.37498E-6 7.73187E-7 8.23676E-7 1.2384E-6 1.0551E-6 8.03987E-7 6.27038E-7 6.86776E-7 7.93886E-7 8.69189E-7 9.28744E-7 9.18418E-7 9.45851E-7 1.32557E-6 2.09777E-6 5.70629E-6 1.14536E-5 1.56423E-5 2.3167E-5 4.18028E-5 5.36256E-5 5.5299E-5 7.39612E-5 6.06201E-5 5.81898E-5 5.80919E-5 5.43195E-5 6.28041E-5 5.18708E-5 6.00781E-5 5.4259E-5 6.01482E-5 6.87292E-5 4.44446E-5 3.48789E-5 2.88875E-5 2.36178E-5 2.99401E-5 2.13636E-5 2.04785E-5 2.03672E-5 2.08172E-5 2.23038E-5 2.05142E-5 2.02926E-5 2.12266E-5
5.02544E-9 3.84349E-9 7.23286E-9 1.23898E-8 4.09504E-8 5.27249E-8 2.02366E-6 7.18723E-6 1.30778E-5 1.43452E-5 1.5442E-5 1.90331E-5 1.54001E-5 1.50415E-5 1.46874E-5 1.39369E-5 1.27316E-5 1.01295E-5 3.58254E-6 1.72667E-6 2.54113E-6 1.92352E-6 1.35837E-6 1.20561E-6 1.12326E-6 9.46059E-7 8.87034E-7 9.07662E-7 8.55641E-7 9.92519E-7 1.27556E-6 1.01916E-6 1.23173E-6 1.95724E-6 3.5E-6 9.52332E-6 1.42947E-5 1.72182E-5 2.45118E-5 4.55476E-5 5.39451E-5 7.2993E-5 7.48934E-5 5.97386E-5 5.51013E-5 4.99451E-5 5.83647E-5 7.17387E-5 4.34864E-5 4.29732E-5 4.98704E-5 5.98503E-5 4.48598E-5 3.65332E-5 2.95031E-5 3.15229E-5 3.39825E-5 2.52218E-5 2.07664E-5 1.97759E-5 2.04437E-5 2.26134E-5 2.63651E-5 2.49701E-5 2.22923E-5 2.14182E-5
3.06364E-9 8.94054E-9 1.26358E-8 1.30985E-8 2.83736E-8 1.97551E-7 2.88426E-6 8.18976E-6 1.36058E-5 1.4827E-5 1.6147E-5 1.70743E-5 1.60628E-5 1.55632E-5 1.53223E-5 1.49489E-5 1.35952E-5 1.0051E-5 6.89787E-6 6.16451E-6 5.34051E-6 4.7867E-6 4.16019E-6 3.12516E-6 1.66448E-6 1.06302E-6 8.51E-7 1.0242E-6 1.39136E-6 1.6524E-6 2.02801E-6 1.71535E-6 1.05001E-6 2.44282E-6 8.15356E-6 1.42287E-5 1.80202E-5 2.06254E-5 2.52908E-5 3.9991E-5 5.46892E-5 7.92546E-5 6.85843E-5 6.84885E-5 6.24101E-5 5.42008E-5 6.73174E-5 5.85939E-5 3.328E-5 3.55647E-5 4.13299E-5 5.56837E-5 4.48464E-5 5.2985E-5 4.98387E-5 4.06874E-5 3.01906E-5 1.94912E-5 1.89323E-5 1.96379E-5 1.98538E-5 2.11655E-5 2.032E-5 1.8184E-5 1.87347E-5 1.8919E-5
3.05423E-9 1.26071E-8 3.60413E-8 5.72517E-8 4.92701E-8 6.46215E-7 2.74434E-6 1.18961E-5 1.4261E-5 1.50014E-5 1.58547E-5 1.65514E-5 1.62761E-5 1.58322E-5 1.56865E-5 1.53774E-5 1.44577E-5 1.29193E-5 9.62431E-6 6.74752E-6 3.70993E-6 2.79566E-6 2.92752E-6 3.34258E-6 3.00301E-6 2.45041E-6 2.38594E-6 2.37722E-6 2.57323E-6 2.72416E-6 3.05884E-6 2.58288E-6 2.13421E-6 5.28219E-6 1.23058E-5 1.72132E-5 2.10205E-5 2.35745E-5 2.83631E-5 6.24278E-5 8.85459E-5 7.78479E-5 6.85096E-5 8.39525E-5 6.71231E-5 7.50515E-5 5.52634E-5 4.87463E-5 2.63274E-5 2.45156E-5 4.47112E-5 4.39084E-5 2.65162E-5 2.96946E-5 2.69619E-5 2.11438E-5 1.78135E-5 1.72856E-5 1.75532E-5 1.77342E-5 1.76953E-5 1.83076E-5 1.83248E-5 1.73035E-5 1.8193E-5 1.85955E-5
4.03464E-9 1.81526E-8 9.38791E-8 1.07995E-7 1.16877E-7 9.90183E-7 3.32085E-6 1.36005E-5 1.48855E-5 1.50955E-5 1.56843E-5 1.65796E-5 1.65136E-5 1.61734E-5 1.62668E-5 1.60836E-5 1.53569E-5 1.43356E-5 1.20073E-5 1.03076E-5 5.11738E-6 2.12647E-6 1.77699E-6 2.2448E-6 2.32158E-6 1.76107E-6 2.20472E-6 3.22694E-6 3.93319E-6 4.53028E-6 4.43446E-6 4.63765E-6 6.8529E-6 1.00116E-5 1.50792E-5 1.99616E-5 2.39086E-5 2.79605E-5 4.2175E-5 8.66207E-5 7.09623E-5 7.36289E-5 8.53983E-5 9.2969E-5 8.43768E-5 8.40746E-5 6.08488E-5 4.8216E-5 2.53886E-5 2.20547E-5 2.27851E-5 2.22956E-5 2.15121E-5 1.99434E-5 1.88946E-5 1.78311E-5 1.71489E-5 1.73605E-5 1.74632E-5 1.72849E-5 1.72649E-5 1.72232E-5 1.73905E-5 1.73197E-5 1.8503E-5 1.88841E-5
9.72495E-9 1.36189E-8 4.22531E-8 1.00309E-7 3.49287E-7 1.63905E-6 5.39619E-6 1.52063E-5 1.49426E-5 1.496E-5 1.54495E-5 1.64803E-5 1.69835E-5 1.69514E-5 1.73494E-5 1.73132E-5 1.66211E-5 1.57776E-5 1.43236E-5 1.24779E-5 1.06296E-5 7.68739E-6 4.71933E-6 4.00114E-6 5.03691E-6 4.84199E-6 4.42242E-6 5.49932E-6 5.98847E-6 6.18114E-6 6.95606E-6 7.81055E-6 9.21664E-6 1.28388E-5 1.84601E-5 2.40524E-5 3.38169E-5 4.5824E-5 6.74932E-5 6.4561E-5 9.27646E-5 8.9177E-5 9.98435E-5 9.47463E-5 6.2829E-5 6.0476E-5 4.46325E-5 3.7621E-5 2.42586E-5 2.12641E-5 2.07153E-5 1.90388E-5 1.81065E-5 1.75326E-5 1.69946E-5 1.74968E-5 1.74806E-5 1.74812E-5 1.74558E-5 1.72492E-5 1.70765E-5 1.69386E-5 1.6896E-5 1.74497E-5 1.85654E-5 2.00338E-5
1.41352E-8 1.49484E-8 4.01913E-8 4.73755E-8 2.58963E-7 2.14546E-6 1.11387E-5 1.43106E-5 1.4702E-5 1.5036E-5 1.59161E-5 1.67105E-5 1.73321E-5 1.77059E-5 1.84127E-5 1.90042E-5 1.89906E-5 1.81555E-5 1.64749E-5 1.43066E-5 1.22655E-5 1.02135E-5 8.83069E-6 7.96591E-6 7.93111E-6 7.74613E-6 7.52496E-6 8.34614E-6 8.27265E-6 7.81246E-6 8.56767E-6 1.05646E-5 1.20464E-5 1.7141E-5 2.25583E-5 3.11404E-5 5.53012E-5 7.13504E-5 9.3744E-5 1.00148E-4 9.27208E-5 9.39237E-5 1.05505E-4 9.25723E-5 6.34635E-5 5.82894E-5 4.12515E-5 2.21881E-5 2.30641E-5 2.0875E-5 1.97081E-5 1.77693E-5 1.68318E-5 1.67844E-5 1.6527E-5 1.66695E-5 1.69843E-5 1.67359E-5 1.66886E-5 1.68862E-5 1.66176E-5 1.64916E-5 1.70486E-5 1.76105E-5 1.82687E-5 1.98147E-5
1.25965E-8 1.82761E-8 3.72497E-8 5.91775E-8 4.1898E-7 4.43374E-6 1.3235E-5 1.40015E-5 1.4648E-5 1.55183E-5 1.64289E-5 1.72467E-5 1.79195E-5 1.84606E-5 1.9062E-5 2.04074E-5 2.22431E-5 2.43614E-5 3.29431E-5 2.23589E-5 1.58003E-5 1.33445E-5 1.11963E-5 1.00436E-5 9.88669E-6 1.00808E-5 9.16315E-6 9.83517E-6 1.0156E-5 1.06187E-5 1.20234E-5 1.46804E-5 1.7633E-5 2.22256E-5 2.99204E-5 5.92212E-5 8.20616E-5 8.82292E-5 1.07297E-4 9.19425E-5 8.17742E-5 9.94456E-5 1.00165E-4 6.83266E-5 4.77787E-5 3.19481E-5 3.07528E-5 2.61926E-5 2.13332E-5 1.9588E-5 1.86346E-5 1.73658E-5 1.67648E-5 1.65817E-5 1.64412E-5 1.63218E-5 1.63676E-5 1.61752E-5 1.60202E-5 1.63209E-5 1.66008E-5 1.65859E-5 1.68856E-5 1.80367E-5 1.72718E-5 1.7532E-5
2.32538E-8 2.75079E-8 7.46161E-8 1.57434E-7 5.86967E-7 6.12236E-6 1.34878E-5 1.47317E-5 1.54604E-5 1.60156E-5 1.70107E-5 1.80697E-5 1.97182E-5 1.98107E-5 2.15738E-5 3.09999E-5 5.54922E-5 6.70889E-5 7.65872E-5 4.8269E-5 2.36123E-5 1.88639E-5 1.56619E-5 1.44794E-5 1.45316E-5 1.42602E-5 1.36347E-5 1.31791E-5 1.36708E-5 1.58179E-5 1.81838E-5 1.97077E-5 2.14554E-5 3.29228E-5 5.57848E-5 7.61752E-5 1.07837E-4 1.07588E-4 1.00967E-4 8.87769E-5 1.0704E-4 7.15527E-5 7.93997E-5 8.44912E-5 3.37039E-5 2.62673E-5 2.48226E-5 2.15443E-5 1.93579E-5 1.7975E-5 1.75489E-5 1.70357E-5 1.67949E-5 1.64603E-5 1.64075E-5 1.62939E-5 1.60064E-5 1.58573E-5 1.58004E-5 1.59473E-5 1.64461E-5 1.69274E-5 1.69177E-5 1.67467E-5 1.66863E-5 1.69152E-5
3.18341E-8 3.26297E-8 7.41827E-8 3.08434E-7 6.66013E-7 4.93755E-6 1.17454E-5 1.44589E-5 1.62556E-5 1.67432E-5 1.85445E-5 2.84955E-5 4.0883E-5 5.27321E-5 5.16908E-5 6.8961E-5 7.23624E-5 6.22446E-5 5.61004E-5 6.04588E-5 5.14716E-5 3.72535E-5 3.48203E-5 3.34144E-5 3.11722E-5 2.86916E-5 3.63822E-5 2.67551E-5 2.40436E-5 3.42464E-5 5.45873E-5 4.06495E-5 4.22847E-5 6.68356E-5 8.26533E-5 1.03794E-4 8.79615E-5 9.28959E-5 7.43041E-5 6.84528E-5 9.54896E-5 7.29631E-5 4.58353E-5 3.76081E-5 2.29373E-5 2.08056E-5 1.95636E-5 1.82562E-5 1.79201E-5 1.74765E-5 1.73844E-5 1.70778E-5 1.67204E-5 1.63146E-5 1.6194E-5 1.61863E-5 1.569E-5 1.56684E-5 1.57442E-5 1.60852E-5 1.66282E-5 1.66135E-5 1.6235E-5 1.6123E-5 1.66478E-5 1.959E-5
3.64754E-8 2.79128E-8 6.22789E-8 1.63399E-7 1.49797E-6 4.80091E-6 8.6337E-6 1.5223E-5 1.58843E-5 1.75959E-5 2.1134E-5 4.21461E-5 5.48266E-5 6.50508E-5 7.06778E-5 7.28748E-5 6.84297E-5 4.90606E-5 5.26748E-5 4.72375E-5 6.98445E-5 6.79257E-5 5.9267E-5 7.31073E-5 7.0474E-5 7.09318E-5 7.75616E-5 8.14044E-5 7.84853E-5 7.92232E-5 7.35061E-5 7.29704E-5 6.20591E-5 9.19287E-5 9.64108E-5 9.2775E-5 6.85831E-5 5.81331E-5 7.28808E-5 6.05781E-5 6.92346E-5 3.84637E-5 2.78274E-5 2.14023E-5 1.92347E-5 1.84439E-5 1.79242E-5 1.77278E-5 1.75369E-5 1.71174E-5 1.66704E-5 1.66639E-5 1.66172E-5 1.63366E-5 1.64463E-5 1.59228E-5 1.54204E-5 1.57238E-5 1.61248E-5 1.66398E-5 1.70609E-5 1.64288E-5 1.68376E-5 1.701E-5 1.76466E-5 1.78208E-5
2.00159E-8 3.32067E-8 6.46446E-8 1.39145E-7 1.00802E-6 1.27417E-6 1.14144E-5 1.6501E-5 1.734E-5 1.88176E-5 2.06477E-5 4.22248E-5 5.29349E-5 6.00817E-5 6.25536E-5 6.43396E-5 6.01239E-5 4.1662E-5 5.04469E-5 4.92637E-5 4.54021E-5 5.65841E-5 6.79169E-5 8.13274E-5 7.40889E-5 6.9345E-5 6.08378E-5 7.6343E-5 7.28783E-5 7.08938E-5 6.28992E-5 5.268E-5 6.32458E-5 7.41988E-5 6.43949E-5 6.89719E-5 5.01417E-5 4.94664E-5 6.55785E-5 6.06848E-5 3.72943E-5 2.44249E-5 2.00491E-5 1.82307E-5 1.7775E-5 1.81245E-5 1.79522E-5 1.74541E-5 1.72378E-5 1.67729E-5 1.61335E-5 1.62291E-5 1.66744E-5 1.66854E-5 1.63397E-5 1.57392E-5 1.56212E-5 1.58178E-5 1.58799E-5 1.61249E-5 1.64618E-5 1.59494E-5 1.58753E-5 1.60924E-5 1.7428E-5 1.62882E-5
2.51863E-8 6.3102E-8 5.44615E-8 1.45499E-7 9.98154E-7 6.38085E-7 7.73714E-6 1.6762E-5 1.81851E-5 2.12611E-5 2.13747E-5 3.58624E-5 5.63519E-5 6.16337E-5 6.32034E-5 6.98332E-5 5.87191E-5 6.46206E-5 6.56467E-5 6.90717E-5 6.6205E-5 6.69037E-5 6.46125E-5 6.43584E-5 6.66396E-5 7.51209E-5 8.03847E-5 6.5719E-5 5.51937E-5 4.91252E-5 5.09693E-5 5.90304E-5 7.07593E-5 5.77687E-5 4.0018E-5 4.60817E-5 4.76803E-5 4.69097E-5 5.20827E-5 3.51271E-5 2.50478E-5 2.04319E-5 1.85236E-5 1.81269E-5 1.79142E-5 1.80919E-5 1.78878E-5 1.72348E-5 1.67382E-5 1.63878E-5 1.63698E-5 1.62628E-5 1.67407E-5 1.65522E-5 1.5952E-5 1.5558E-5 1.54909E-5 1.59137E-5 1.57653E-5 1.58637E-5 1.76734E-5 1.58936E-5 1.5753E-5 1.56786E-5 1.6667E-5 1.65199E-5
9.76324E-8 4.88366E-8 5.05783E-8 2.78311E-7 3.66238E-7 1.05078E-6 6.59246E-6 1.55122E-5 1.8932E-5 3.31689E-5 4.03304E-5 5.08316E-5 6.25737E-5 6.62373E-5 6.95229E-5 7.23541E-5 7.36031E-5 7.65933E-5 7.15281E-5 7.41736E-5 7.60863E-5 7.4327E-5 7.12441E-5 6.73716E-5 8.1329E-5 8.17262E-5 5.93275E-5 5.77426E-5 5.67229E-5 6.49925E-5 6.41267E-5 7.05623E-5 6.4556E-5 5.66017E-5 4.05505E-5 3.35261E-5 3.76235E-5 2.91366E-5 2.79968E-5 2.50887E-5 2.00392E-5 1.82258E-5 1.83567E-5 1.82034E-5 1.76786E-5 1.77764E-5 1.75704E-5 1.72062E-5 1.66815E-5 1.66268E-5 1.61895E-5 1.63636E-5 1.66887E-5 1.69439E-5 1.66759E-5 1.63317E-5 1.60032E-5 1.59006E-5 1.54505E-5 1.55874E-5 1.88075E-5 1.81384E-5 1.78108E-5 1.69913E-5 1.70069E-5 1.66904E-5
6.54931E-8 7.69574E-8 1.56841E-7 5.87458E-7 2.96091E-7 9.12147E-7 1.97165E-6 1.12124E-5 2.28482E-5 4.09554E-5 5.50712E-5 5.81032E-5 6.2469E-5 5.79362E-5 5.3853E-5 6.42703E-5 6.7109E-5 6.20352E-5 4.19148E-5 5.25754E-5 6.12381E-5 6.73884E-5 6.80987E-5 7.82836E-5 6.8877E-5 5.8234E-5 6.92732E-5 7.48985E-5 6.62022E-5 6.99095E-5 6.65335E-5 5.67421E-5 5.08382E-5 5.18708E-5 3.94029E-5 2.22529E-5 1.89015E-5 1.92779E-5 2.15482E-5 1.89771E-5 1.69275E-5 1.67764E-5 1.73919E-5 1.74416E-5 1.71147E-5 1.6674E-5 1.64336E-5 1.6552E-5 1.61109E-5 1.61046E-5 1.69606E-5 1.71014E-5 1.72776E-5 1.72078E-5 1.64627E-5 1.58388E-5 1.56592E-5 1.58107E-5 1.49967E-5 1.52525E-5 1.80179E-5 2.00144E-5 1.81757E-5 1.61847E-5 1.68829E-5 1.42014E-5
3.52371E-8 1.44469E-7 1.4844E-7 1.57643E-7 3.09798E-7 8.16166E-7 1.12153E-6 5.04854E-6 3.16E-5 6.19743E-5 6.26605E-5 5.98337E-5 5.85319E-5 5.90716E-5 6.12236E-5 7.2617E-5 7.93025E-5 6.73596E-5 4.13309E-5 6.48909E-5 6.01488E-5 7.3609E-5 7.56457E-5 7.55509E-5 5.9378E-5 6.43619E-5 6.84859E-5 6.64421E-5 6.10513E-5 5.80816E-5 5.39731E-5 5.74454E-5 4.82685E-5 2.85106E-5 2.10636E-5 1.62939E-5 1.69583E-5 1.75909E-5 1.72637E-5 1.58488E-5 1.5943E-5 1.61534E-5 1.596E-5 1.6191E-5 1.59802E-5 1.55618E-5 1.56765E-5 1.60164E-5 1.64607E-5 1.58181E-5 1.70307E-5 1.77015E-5 1.80573E-5 1.70817E-5 1.61063E-5 1.51938E-5 1.49834E-5 1.52349E-5 1.43649E-5 1.43133E-5 1.63033E-5 1.85734E-5 1.74466E-5 1.70443E-5 1.43138E-5 1.34358E-5
4.69546E-8 9.83216E-8 8.92528E-8 7.23922E-8 3.03993E-7 4.83122E-7 8.10071E-7 1.41106E-6 2.91932E-5 5.82566E-5 4.6997E-5 4.20369E-5 5.58178E-5 7.6216E-5 7.87032E-5 7.71371E-5 7.90934E-5 8.27334E-5 7.24292E-5 7.52225E-5 7.37644E-5 7.53795E-5 7.26596E-5 6.06205E-5 6.80171E-5 7.38491E-5 5.91884E-5 6.26591E-5 5.86967E-5 5.73232E-5 5.20493E-5 5.06147E-5 2.67836E-5 1.73531E-5 1.42002E-5 1.44701E-5 1.44752E-5 1.47525E-5 1.48764E-5 1.50776E-5 1.49663E-5 1.50524E-5 1.47657E-5 1.46183E-5 1.49235E-5 1.50542E-5 1.4972E-5 1.51897E-5 1.60707E-5 1.64236E-5 1.75755E-5 1.78944E-5 1.67528E-5 1.58138E-5 1.53161E-5 1.46034E-5 1.46454E-5 1.48529E-5 1.45449E-5 1.4365E-5 1.91214E-5 1.70241E-5 1.43891E-5 1.38917E-5 1.35033E-5 1.29884E-5
1.02698E-7 1.10751E-7 1.59966E-7 1.80685E-7 4.43019E-7 4.24933E-7 7.96713E-7 3.94952E-6 2.24873E-5 4.44805E-5 3.4121E-5 5.2815E-5 6.82422E-5 7.30132E-5 6.85895E-5 6.67911E-5 7.3079E-5 7.84684E-5 7.73887E-5 7.00227E-5 4.97435E-5 6.36322E-5 6.72765E-5 6.47077E-5 5.5811E-5 6.13155E-5 5.07544E-5 4.98935E-5 5.05938E-5 4.03239E-5 4.05978E-5 2.95126E-5 1.85202E-5 1.34953E-5 1.34023E-5 1.3652E-5 1.3535E-5 1.41802E-5 1.45059E-5 1.4571E-5 1.4175E-5 1.43266E-5 1.41645E-5 1.39026E-5 1.43171E-5 1.4556E-5 1.44612E-5 1.49048E-5 1.55045E-5 1.65769E-5 1.7081E-5 1.61075E-5 1.46352E-5 1.4076E-5 1.40044E-5 1.40191E-5 1.47758E-5 1.50141E-5 1.43612E-5 1.38362E-5 1.37924E-5 1.3325E-5 1.32505E-5 1.3172E-5 1.30973E-5 1.25952E-5
1.29911E-7 1.04916E-7 1.19343E-7 1.84848E-7 1.96409E-7 4.26973E-7 1.99533E-6 1.08398E-5 1.82048E-5 3.26572E-5 3.84589E-5 6.38111E-5 7.02633E-5 7.05065E-5 7.13991E-5 7.30251E-5 7.80559E-5 7.93885E-5 5.45022E-5 4.86401E-5 5.98126E-5 7.51911E-5 5.69299E-5 4.39205E-5 4.43779E-5 4.37637E-5 3.63614E-5 3.42557E-5 2.05701E-5 1.84877E-5 2.09356E-5 1.52847E-5 1.33407E-5 1.26559E-5 1.34033E-5 1.30318E-5 1.31367E-5 1.37132E-5 1.37648E-5 1.36763E-5 1.35932E-5 1.36098E-5 1.34938E-5 1.36762E-5 1.39934E-5 1.41364E-5 1.43334E-5 1.52258E-5 1.58192E-5 1.62595E-5 1.58754E-5 1.43452E-5 1.32897E-5 1.29659E-5 1.2914E-5 1.32527E-5 1.36968E-5 1.40844E-5 1.46815E-5 1.34893E-5 1.33453E-5 1.30891E-5 1.31772E-5 1.263E-5 1.21004E-5 1.1586E-5
1.01288E-7 7.81595E-8 8.33373E-8 9.05069E-8 6.7728E-8 5.60737E-7 5.16558E-6 1.22125E-5 1.72101E-5 3.419E-5 4.8689E-5 6.5217E-5 6.79208E-5 7.06649E-5 7.22846E-5 6.48103E-5 5.83284E-5 4.36937E-5 5.50088E-5 8.08438E-5 8.29391E-5 7.41923E-5 6.00427E-5 4.53311E-5 2.62773E-5 3.46209E-5 1.77589E-5 1.87624E-5 1.52426E-5 1.46039E-5 1.40956E-5 1.31877E-5 1.22541E-5 1.22269E-5 1.27271E-5 1.25387E-5 1.2449E-5 1.28705E-5 1.2966E-5 1.28396E-5 1.2973E-5 1.34393E-5 1.35802E-5 1.37241E-5 1.39148E-5 1.39952E-5 1.45181E-5 1.52218E-5 1.53921E-5 1.51868E-5 1.36797E-5 1.26847E-5 1.2305E-5 1.21052E-5 1.21019E-5 1.29696E-5 1.35305E-5 1.34383E-5 1.34449E-5 1.32273E-5 1.36665E-5 1.37267E-5 1.35153E-5 1.28171E-5 1.20487E-5 1.13885E-5
1.50549E-7 1.29986E-7 1.39146E-7 1.32965E-7 6.72651E-8 9.36856E-7 7.0957E-6 1.27582E-5 1.85945E-5 3.7E-5 5.16367E-5 6.0067E-5 6.37782E-5 6.89236E-5 7.11421E-5 7.19724E-5 5.99676E-5 4.55267E-5 6.95907E-5 7.81198E-5 6.70897E-5 4.40855E-5 4.25232E-5 2.78083E-5 2.4954E-5 3.12527E-5 1.73516E-5 1.44388E-5 1.32831E-5 1.29789E-5 1.26162E-5 1.21066E-5 1.18772E-5 1.21117E-5 1.2255E-5 1.20371E-5 1.22533E-5 1.25153E-5 1.26995E-5 1.2644E-5 1.30336E-5 1.39235E-5 1.43003E-5 1.43933E-5 1.40597E-5 1.25902E-5 1.30056E-5 1.48393E-5 1.45174E-5 1.33134E-5 1.19593E-5 1.20679E-5 1.20207E-5 1.1619E-5 1.19537E-5 1.26647E-5 1.31219E-5 1.27939E-5 1.26213E-5 1.2764E-5 1.33586E-5 1.39247E-5 1.38186E-5 1.35769E-5 1.25535E-5 1.12631E-5
2.36441E-7 2.92946E-7 3.32247E-7 2.75039E-7 1.76493E-7 1.90718E-6 9.3148E-6 1.43702E-5 1.95545E-5 3.2032E-5 4.77826E-5 5.83785E-5 6.28747E-5 6.62814E-5 6.95439E-5 6.61088E-5 5.24941E-5 6.36989E-5 7.66983E-5 5.89455E-5 5.0633E-5 4.19378E-5 3.05304E-5 1.86262E-5 2.46269E-5 2.10888E-5 1.53342E-5 1.33641E-5 1.27382E-5 1.23185E-5 1.21727E-5 1.1981E-5 1.18853E-5 1.21032E-5 1.22605E-5 1.24855E-5 1.24233E-5 1.22896E-5 1.23698E-5 1.28179E-5 1.33891E-5 1.41676E-5 1.41587E-5 1.41304E-5 1.35729E-5 1.43055E-5 1.03334E-5 1.30274E-5 1.32071E-5 1.15786E-5 1.12695E-5 1.19173E-5 1.13823E-5 1.12456E-5 1.13751E-5 1.19781E-5 1.22706E-5 1.23117E-5 1.21979E-5 1.21172E-5 1.2298E-5 1.37412E-5 1.4251E-5 1.37483E-5 1.24103E-5 1.10968E-5
2.78269E-7 4.60324E-7 7.09386E-7 3.3004E-7 4.96301E-7 2.83553E-6 1.13338E-5 1.55458E-5 1.96043E-5 3.98764E-5 5.56137E-5 6.33056E-5 6.62338E-5 6.45908E-5 6.35564E-5 4.06034E-5 3.51444E-5 5.33499E-5 5.9409E-5 4.40925E-5 4.9711E-5 2.53693E-5 1.58391E-5 1.64823E-5 2.03254E-5 2.27888E-5 1.4533E-5 1.28181E-5 1.25635E-5 1.21958E-5 1.20609E-5 1.20269E-5 1.20021E-5 1.20567E-5 1.22714E-5 1.25883E-5 1.22099E-5 1.19861E-5 1.23758E-5 1.31189E-5 1.31762E-5 1.30557E-5 1.28667E-5 1.24248E-5 1.26166E-5 1.30159E-5 1.33983E-5 1.36066E-5 1.21383E-5 1.17877E-5 1.18681E-5 1.13346E-5 1.09198E-5 1.09938E-5 1.13782E-5 1.17202E-5 1.19514E-5 1.16599E-5 1.15738E-5 1.15539E-5 1.20155E-5 1.34626E-5 1.47901E-5 1.46231E-5 1.28327E-5 1.16525E-5
1.53877E-7 4.40428E-7 8.34491E-7 2.06586E-7 3.99511E-7 4.01093E-6 1.28679E-5 1.62155E-5 1.93068E-5 4.00579E-5 5.78471E-5 6.55311E-5 7.00094E-5 6.54764E-5 4.71922E-5 3.76814E-5 5.96731E-5 6.1187E-5 5.27699E-5 5.00167E-5 4.7505E-5 2.08007E-5 1.32864E-5 1.42495E-5 1.70079E-5 2.21404E-5 1.39527E-5 1.23386E-5 1.22251E-5 1.21071E-5 1.19899E-5 1.20913E-5 1.19549E-5 1.23786E-5 1.23862E-5 1.26379E-5 1.20883E-5 1.15454E-5 1.15165E-5 1.22096E-5 1.20587E-5 1.15781E-5 1.09584E-5 1.03965E-5 1.08846E-5 1.13798E-5 1.24805E-5 1.29116E-5 1.23177E-5 1.2622E-5 1.20863E-5 1.14235E-5 1.09181E-5 1.08869E-5 1.09386E-5 1.13235E-5 1.12893E-5 1.10043E-5 1.07357E-5 1.06765E-5 1.1414E-5 1.31985E-5 1.49483E-5 1.45266E-5 1.23223E-5 1.14122E-5
1.50115E-7 2.82494E-7 8.32101E-7 4.35553E-7 2.67851E-7 4.61137E-6 1.41853E-5 1.75135E-5 1.91467E-5 3.40858E-5 5.81716E-5 6.57034E-5 6.76423E-5 6.06802E-5 3.7755E-5 5.19747E-5 6.71857E-5 6.28928E-5 4.21707E-5 5.12813E-5 4.8725E-5 1.66763E-5 1.17492E-5 1.30128E-5 1.93224E-5 1.82012E-5 1.29873E-5 1.20051E-5 1.19675E-5 1.19791E-5 1.21803E-5 1.20559E-5 1.21593E-5 1.22958E-5 1.19639E-5 1.27409E-5 1.23717E-5 1.19159E-5 1.1332E-5 1.14092E-5 1.08625E-5 1.0119E-5 9.92453E-6 9.70391E-6 1.01601E-5 1.07243E-5 1.1948E-5 1.17334E-5 1.15325E-5 1.18355E-5 1.19767E-5 1.12047E-5 1.07359E-5 1.08447E-5 1.08842E-5 1.08109E-5 1.0704E-5 1.06457E-5 1.06124E-5 1.1374E-5 1.16073E-5 1.27266E-5 1.31057E-5 1.20949E-5 1.07489E-5 1.09068E-5
3.29494E-7 4.85161E-7 1.18472E-6 6.3379E-7 4.40155E-7 4.97382E-6 1.47374E-5 1.67148E-5 2.07289E-5 3.75116E-5 6.01931E-5 6.85487E-5 6.22855E-5 4.48759E-5 4.67799E-5 6.89318E-5 6.83272E-5 6.01825E-5 3.35209E-5 4.37984E-5 2.73199E-5 1.28849E-5 1.06324E-5 1.39982E-5 2.19119E-5 1.47657E-5 1.26232E-5 1.21462E-5 1.20762E-5 1.21517E-5 1.21668E-5 1.20031E-5 1.17384E-5 1.18758E-5 1.20061E-5 1.25647E-5 1.22443E-5 1.19301E-5 1.13367E-5 1.09003E-5 1.01777E-5 9.40384E-6 9.32334E-6 9.91345E-6 1.15222E-5 1.20695E-5 1.1658E-5 1.08976E-5 1.03547E-5 1.1219E-5 1.12501E-5 1.16474E-5 1.1416E-5 1.1279E-5 1.08349E-5 1.10628E-5 1.17641E-5 1.19185E-5 1.16171E-5 1.15114E-5 1.12234E-5 1.12131E-5 1.17897E-5 1.05157E-5 9.67385E-6 1.01272E-5
4.22398E-7 3.33514E-7 6.99066E-7 1.50676E-6 1.75567E-6 4.88245E-6 1.77286E-5 1.97376E-5 1.89488E-5 3.13549E-5 4.88526E-5 5.82511E-5 4.77149E-5 4.49413E-5 7.29862E-5 7.11296E-5 6.59042E-5 5.83391E-5 5.17016E-5 2.95288E-5 1.64982E-5 1.19004E-5 1.16094E-5 1.70845E-5 2.25624E-5 1.32569E-5 1.23354E-5 1.22117E-5 1.26275E-5 1.25836E-5 1.2499E-5 1.19198E-5 1.19189E-5 1.19968E-5 1.20138E-5 1.19922E-5 1.25931E-5 1.21084E-5 1.14326E-5 1.10694E-5 1.05968E-5 9.78516E-6 9.83277E-6 1.06611E-5 1.103E-5 1.00534E-5 9.37461E-6 8.96515E-6 9.95981E-6 1.09293E-5 1.14594E-5 1.15757E-5 1.12992E-5 1.09638E-5 1.08479E-5 1.10318E-5 1.11496E-5 1.18384E-5 1.19473E-5 1.22821E-5 1.18567E-5 1.10278E-5 1.0202E-5 9.62291E-6 8.88482E-6 9.20555E-6
3.47367E-7 4.12108E-7 6.59839E-7 5.71715E-7 2.36397E-6 8.69855E-6 1.66714E-5 2.07452E-5 1.84036E-5 2.59159E-5 4.45019E-5 5.64978E-5 4.02985E-5 6.64214E-5 7.0866E-5 7.00102E-5 6.66699E-5 5.46439E-5 2.99441E-5 1.97326E-5 1.37952E-5 1.19395E-5 1.22479E-5 1.70841E-5 1.69627E-5 1.33258E-5 1.22529E-5 1.2456E-5 1.25764E-5 1.28486E-5 1.27524E-5 1.24575E-5 1.2663E-5 1.30379E-5 1.27413E-5 1.22819E-5 1.2288E-5 1.24568E-5 1.23226E-5 1.17873E-5 1.10769E-5 1.01943E-5 1.00684E-5 1.03858E-5 9.78048E-6 8.93003E-6 8.36667E-6 8.9862E-6 9.95118E-6 1.00337E-5 1.06963E-5 1.09767E-5 9.79498E-6 9.70873E-6 9.91536E-6 1.08984E-5 1.12877E-5 1.15175E-5 1.17693E-5 1.19853E-5 1.19564E-5 1.15814E-5 1.0805E-5 1.00299E-5 9.3917E-6 8.7578E-6
3.84781E-7 6.55702E-7 1.48979E-6 6.39837E-7 1.57298E-6 8.85161E-6 1.85544E-5 2.04166E-5 1.93694E-5 2.94043E-5 3.39518E-5 4.1574E-5 4.00341E-5 6.7476E-5 7.07659E-5 6.48873E-5 6.65261E-5 3.68725E-5 1.87024E-5 1.48994E-5 1.29095E-5 1.22676E-5 1.28877E-5 1.90573E-5 1.40096E-5 1.41722E-5 1.32822E-5 1.33781E-5 1.3378E-5 1.32017E-5 1.33675E-5 1.35498E-5 1.38067E-5 1.38989E-5 1.33684E-5 1.3077E-5 1.26792E-5 1.32306E-5 1.31513E-5 1.21158E-5 1.09073E-5 1.00594E-5 9.75231E-6 9.89116E-6 8.99106E-6 8.11618E-6 8.08567E-6 8.48123E-6 8.71465E-6 9.27689E-6 9.4353E-6 9.5784E-6 8.95593E-6 8.96809E-6 9.69145E-6 1.08754E-5 1.17145E-5 1.14039E-5 1.16295E-5 1.23021E-5 1.15015E-5 1.08209E-5 1.05033E-5 1.04065E-5 9.76727E-6 9.11204E-6
