catData/rasterBestHybridModels/Pviverrinus/RD_RM1.5_L/Pviverrinus_max.asc
ncols         409
nrows         350
xllcorner     60.897278365
yllcorner     5.843756025
cellsize      0.0892857
NODATA_value  -9999
[rows 87 to 115 of 350, columns 325 to 389 of 409]
-9999 -9999 -9999 -9999 -9999 -9999 -9999 -9999 -9999 -9999 -9999 -9999 -9999 -9999 -9999 -9999 -9999 -9999 -9999 -9999 -9999 -9999 -9999 -9999 -9999 -9999 -9999 -9999 -9999 -9999 -9999 -9999 -9999 -9999 -9999 -9999 -9999 -9999 -9999 -9999 -9999 -9999 -9999 -9999 -9999 -9999 -9999 -9999 -9999 -9999 -9999 -9999 2.20969E-11 1.65422E-11 -9999 -9999 -9999 -9999 -9999 -9999 -9999 -9999 -9999 -9999 -9999
-9999 -9999 -9999 -9999 -9999 -9999 -9999 -9999 -9999 -9999 -9999 -9999 -9999 -9999 -9999 -9999 -9999 -9999 -9999 -9999 -9999 -9999 -9999 -9999 -9999 -9999 -9999 -9999 -9999 -9999 -9999 -9999 -9999 -9999 -9999 -9999 -9999 -9999 -9999 -9999 -9999 -9999 -9999 -9999 -9999 -9999 -9999 -9999 -9999 -9999 9.59942E-11 2.4938E-11 3.8265E-11 1.59547E-10 1.65146E-10 -9999 -9999 -9999 -9999 -9999 -9999 -9999 -9999 9.54549E-11 9.60791E-11
-9999 -9999 -9999 -9999 -9999 -9999 -9999 -9999 -9999 -9999 -9999 -9999 -9999 -9999 -9999 -9999 -9999 -9999 -9999 -9999 -9999 -9999 -9999 -9999 -9999 -9999 -9999 -9999 -9999 -9999 -9999 -9999 -9999 -9999 -9999 -9999 -9999 -9999 -9999 -9999 -9999 -9999 -9999 -9999 -9999 -9999 -9999 -9999 5.72755E-11 6.92523E-11 5.59747E-10 3.63839E-10 1.83711E-10 3.7064E-10 1.35449E-9 1.43486E-8 8.24874E-7 2.46552E-7 1.36641E-8 -9999 -9999 -9999 2.60751E-10 2.21294E-10 4.9704E-10
-9999 -9999 -9999 -9999 -9999 -9999 -9999 -9999 -9999 -9999 -9999 -9999 -9999 -9999 -9999 -9999 -9999 -9999 -9999 -9999 -9999 -9999 -9999 -9999 -9999 -9999 -9999 -9999 -9999 -9999 -9999 -9999 -9999 -9999 -9999 -9999 -9999 -9999 -9999 -9999 -9999 -9999 -9999 -9999 -9999 -9999 -9999 1.21085E-10 7.72349E-11 4.59251E-11 4.95377E-10 2.90286E-9 7.79245E-10 2.71719E-9 7.82083E-8 1.16093E-6 1.00926E-6 9.61867E-8 8.95957E-9 2.51008E-10 2.08584E-10 -9999 5.11088E-10 4.0638E-10 2.07966E-9
-9999 -9999 -9999 -9999 -9999 -9999 -9999 -9999 -9999 -9999 -9999 -9999 -9999 -9999 -9999 -9999 -9999 -9999 -9999 -9999 -9999 -9999 -9999 -9999 -9999 -9999 -9999 -9999 -9999 -9999 -9999 -9999 -9999 -9999 -9999 -9999 -9999 -9999 -9999 -9999 -9999 -9999 -9999 -9999 -9999 -9999 -9999 3.87495E-10 4.87014E-10 2.34024E-10 3.07323E-10 7.49558E-9 1.71741E-8 8.8776E-8 2.87885E-6 2.79094E-6 8.33985E-7 3.00439E-7 1.27569E-8 3.73577E-10 1.34801E-10 8.71565E-10 2.53987E-9 7.3899E-10 1.90347E-9
-9999 -9999 -9999 -9999 -9999 -9999 -9999 -9999 -9999 -9999 -9999 -9999 -9999 -9999 -9999 -9999 -9999 -9999 -9999 -9999 -9999 -9999 -9999 -9999 -9999 -9999 -9999 -9999 -9999 -9999 -9999 -9999 -9999 -9999 -9999 -9999 -9999 -9999 -9999 -9999 -9999 -9999 -9999 -9999 -9999 -9999 9.27501E-11 6.73301E-10 5.62045E-9 1.62805E-9 2.04309E-10 2.61024E-9 8.5722E-8 3.85969E-7 7.40122E-6 2.60708E-6 3.4571E-7 4.0554E-8 2.91315E-8 4.35764E-9 4.3642E-10 6.42734E-10 5.06332E-9 3.48342E-9 2.40317E-9
-9999 -9999 -9999 -9999 -9999 -9999 -9999 -9999 -9999 -9999 -9999 -9999 -9999 -9999 -9999 -9999 -9999 -9999 -9999 -9999 -9999 -9999 -9999 -9999 -9999 -9999 -9999 -9999 -9999 -9999 -9999 -9999 -9999 -9999 -9999 -9999 -9999 -9999 -9999 -9999 -9999 -9999 -9999 -9999 -9999 -9999 1.44165E-10 3.38129E-10 5.65689E-9 6.5324E-9 4.1526E-10 8.05847E-10 5.99936E-8 2.18988E-7 2.81564E-6 3.76224E-6 4.03188E-6 4.42895E-8 6.2322E-9 4.44488E-9 1.33992E-9 5.33192E-10 1.91643E-9 6.57708E-9 5.34805E-9
-9999 -9999 -9999 -9999 -9999 -9999 -9999 -9999 -9999 -9999 -9999 -9999 -9999 -9999 -9999 -9999 -9999 -9999 -9999 -9999 -9999 -9999 -9999 -9999 -9999 -9999 -9999 -9999 -9999 -9999 -9999 -9999 -9999 -9999 -9999 -9999 -9999 -9999 -9999 1.79475E-11 2.28858E-11 1.51328E-10 5.87107E-11 9.54125E-11 8.05538E-11 1.30648E-9 3.47004E-9 2.20661E-9 2.36596E-9 1.03174E-8 1.74421E-9 1.985E-9 2.5714E-7 3.05544E-7 5.87613E-7 7.93499E-7 3.06562E-6 3.5854E-6 5.6037E-8 1.4524E-8 6.19865E-9 1.16966E-9 3.9572E-9 5.76126E-9 1.83184E-8
-9999 -9999 -9999 -9999 -9999 -9999 -9999 -9999 -9999 -9999 -9999 -9999 -9999 -9999 -9999 -9999 -9999 -9999 -9999 -9999 -9999 -9999 -9999 -9999 -9999 -9999 -9999 -9999 -9999 -9999 -9999 -9999 -9999 -9999 -9999 -9999 -9999 -9999 1.98919E-11 4.40081E-11 1.80266E-11 4.34193E-10 2.78226E-10 4.36772E-10 7.44906E-11 4.31167E-10 2.74557E-9 6.09211E-9 1.15612E-8 3.69654E-8 3.29741E-8 1.23094E-7 2.70973E-6 5.46603E-7 1.65748E-7 1.71729E-7 2.74298E-7 8.96551E-6 1.72097E-6 4.40016E-7 1.66639E-8 2.01114E-9 7.22911E-9 4.00553E-8 2.04035E-7
-9999 -9999 -9999 -9999 -9999 -9999 -9999 -9999 -9999 -9999 -9999 -9999 -9999 -9999 -9999 -9999 -9999 -9999 -9999 -9999 -9999 -9999 -9999 -9999 -9999 -9999 -9999 -9999 -9999 -9999 -9999 -9999 -9999 -9999 -9999 -9999 -9999 6.49534E-11 1.32774E-9 5.57695E-9 4.22333E-11 2.40482E-10 1.0116E-8 1.87293E-8 1.86719E-9 1.88999E-9 5.69734E-9 1.33705E-9 1.17368E-9 5.10592E-9 2.9751E-8 5.76592E-8 1.9202E-6 2.53744E-6 6.29001E-7 2.6018E-6 2.70409E-7 3.89634E-6 5.54784E-6 1.86081E-6 7.85881E-8 1.68473E-8 3.40967E-8 5.29716E-8 1.70408E-7
-9999 -9999 -9999 -9999 -9999 -9999 -9999 -9999 -9999 -9999 -9999 -9999 -9999 -9999 -9999 -9999 -9999 -9999 -9999 -9999 -9999 -9999 -9999 -9999 -9999 -9999 -9999 -9999 -9999 -9999 -9999 -9999 -9999 -9999 -9999 -9999 -9999 1.23782E-10 6.55168E-10 2.3559E-8 1.99449E-8 2.87971E-8 5.69919E-8 1.67658E-7 4.60926E-7 4.5006E-7 1.6203E-7 5.05568E-9 2.26352E-9 8.408E-10 3.09003E-9 4.36295E-8 2.38212E-6 1.28339E-5 2.07351E-6 5.70055E-6 5.38724E-6 1.37069E-5 3.18487E-6 2.40759E-6 4.75468E-7 2.90768E-7 7.92656E-7 5.20425E-7 8.57514E-7
-9999 3.16313E-14 -9999 2.04595E-14 -9999 -9999 -9999 -9999 -9999 -9999 -9999 -9999 -9999 -9999 -9999 -9999 -9999 -9999 -9999 -9999 -9999 -9999 -9999 -9999 -9999 -9999 -9999 -9999 -9999 -9999 -9999 -9999 -9999 -9999 -9999 3.78993E-11 1.67841E-10 1.88448E-10 1.69725E-10 1.0654E-10 4.49911E-10 8.77829E-9 6.22418E-9 3.30752E-9 2.39968E-8 5.28277E-8 7.0018E-7 3.46357E-7 8.03102E-8 8.27919E-9 1.13166E-8 4.91539E-7 8.99776E-6 3.86827E-5 1.81952E-5 1.9151E-5 4.34101E-5 1.19238E-5 3.14551E-6 3.60581E-6 1.51791E-7 1.76689E-7 2.18604E-6 1.75779E-5 5.01877E-5
8.59137E-15 1.16304E-14 1.98546E-14 6.29436E-15 -9999 1.17165E-14 -9999 -9999 -9999 -9999 -9999 -9999 -9999 -9999 -9999 -9999 -9999 -9999 -9999 -9999 -9999 -9999 -9999 -9999 -9999 -9999 -9999 -9999 -9999 -9999 -9999 -9999 -9999 -9999 6.28118E-11 4.92128E-10 8.19419E-9 8.72857E-9 9.02042E-9 7.43121E-9 1.58903E-8 2.13292E-7 6.35814E-8 3.03672E-8 3.43124E-8 2.61558E-7 5.1683E-7 6.41277E-6 3.40229E-7 1.47594E-8 1.85071E-8 4.41283E-7 2.35088E-5 8.87451E-5 1.23832E-4 9.41105E-5 1.64561E-5 1.70143E-5 2.18849E-6 1.50423E-5 2.7723E-6 1.68661E-5 5.32214E-5 1.63624E-4 3.22458E-4
2.72407E-13 2.35475E-13 4.65739E-13 1.34309E-13 7.06536E-14 2.57974E-14 -9999 -9999 -9999 -9999 -9999 -9999 -9999 -9999 -9999 -9999 -9999 -9999 -9999 -9999 -9999 -9999 -9999 -9999 -9999 -9999 -9999 -9999 -9999 -9999 -9999 4.37199E-13 3.39863E-12 4.32011E-12 1.81884E-11 3.1633E-10 1.61295E-8 2.5344E-7 6.35629E-7 1.30156E-7 5.18672E-7 1.49156E-6 5.2912E-7 5.89687E-7 4.49494E-8 2.54385E-7 4.3144E-6 5.22729E-6 9.35224E-7 3.36209E-7 1.39234E-6 6.846E-6 1.78651E-5 3.56109E-5 8.21723E-5 2.40411E-5 3.59539E-6 1.73377E-5 2.67182E-5 1.64495E-5 2.02712E-4 3.10293E-4 3.22096E-4 3.77028E-4 4.36487E-4
1.83226E-12 2.57772E-12 1.42121E-12 4.0255E-13 1.28864E-13 1.47478E-13 2.67182E-13 1.79243E-13 2.0681E-13 1.38525E-13 -9999 -9999 -9999 -9999 -9999 6.17571E-13 5.83679E-13 -9999 -9999 -9999 -9999 -9999 -9999 -9999 -9999 -9999 -9999 -9999 -9999 -9999 -9999 -9999 9.14157E-12 1.28878E-10 3.36156E-10 2.22024E-9 1.2801E-8 2.72719E-8 1.99238E-7 1.15539E-6 6.64827E-7 3.92293E-6 1.63057E-6 1.15048E-6 3.48198E-7 8.40757E-7 3.23212E-6 1.39905E-5 2.12605E-5 6.74122E-6 8.35258E-6 2.80624E-5 1.47359E-5 1.99963E-5 1.61825E-5 1.00389E-5 9.21226E-6 2.20052E-6 7.19531E-6 5.38981E-5 4.04299E-4 5.6371E-4 5.47127E-4 4.66957E-4 4.87788E-4
2.05153E-12 1.08376E-11 7.91007E-13 3.76433E-13 1.50183E-13 2.87283E-13 5.22066E-13 -9999 8.11375E-13 7.51945E-13 1.67856E-12 3.65968E-12 3.18379E-11 4.68741E-10 1.29457E-11 4.92388E-12 7.31018E-12 1.41383E-12 -9999 -9999 -9999 -9999 -9999 -9999 -9999 -9999 -9999 -9999 -9999 -9999 -9999 -9999 1.93576E-11 2.80017E-10 1.04385E-8 8.91839E-8 1.39438E-7 1.00393E-7 4.05227E-8 1.78348E-7 1.5874E-6 2.66309E-7 5.78466E-7 6.96114E-7 1.6276E-6 1.4199E-7 3.58953E-7 5.1537E-6 3.74716E-5 3.16785E-5 2.179E-5 1.65396E-5 1.23316E-5 1.55759E-5 5.48443E-6 1.27471E-5 9.5966E-5 7.90324E-5 1.39344E-4 4.7929E-4 5.89522E-4 6.06941E-4 5.30126E-4 5.39368E-4 5.15453E-4
6.89407E-12 1.78718E-10 7.50872E-12 6.14405E-13 4.50801E-13 1.13781E-12 1.97127E-12 1.7107E-12 2.58612E-12 2.5568E-12 3.97308E-12 1.57289E-11 2.79838E-10 6.76124E-9 3.83306E-11 4.19716E-11 2.06715E-11 2.66123E-11 5.25174E-12 -9999 -9999 -9999 -9999 -9999 -9999 -9999 -9999 -9999 -9999 -9999 4.49708E-12 6.64092E-11 3.25619E-10 1.52904E-9 6.77489E-9 1.70337E-8 1.19951E-8 4.25757E-8 1.52951E-7 8.03143E-7 1.07893E-6 4.26835E-7 2.04256E-7 2.15624E-7 5.12249E-6 5.99495E-6 7.56623E-7 1.72124E-6 1.04656E-5 2.46694E-5 1.67332E-5 7.17054E-6 5.70197E-6 1.26034E-5 3.70881E-5 1.03377E-4 1.42868E-4 1.97529E-4 2.80011E-4 4.81097E-4 5.68354E-4 7.23738E-4 6.28068E-4 5.69441E-4 5.79385E-4
3.98302E-10 6.19253E-10 1.71376E-11 4.43998E-12 2.10656E-12 6.08516E-12 1.48241E-11 5.32899E-12 1.36629E-11 1.15892E-11 1.13037E-11 3.62763E-11 2.55282E-9 1.58604E-8 9.09523E-10 8.51422E-10 1.34127E-10 3.23574E-10 3.51098E-11 4.96527E-11 9.26153E-11 -9999 -9999 -9999 3.73808E-12 1.9095E-12 5.33338E-13 -9999 6.39434E-13 2.10574E-10 5.57276E-10 1.76406E-9 5.96879E-9 1.8937E-8 5.66219E-8 5.5585E-8 3.69632E-8 3.00402E-8 7.01543E-8 3.63933E-7 9.55153E-7 2.09075E-6 1.00994E-6 1.45354E-6 5.42771E-6 9.82606E-6 3.50165E-6 5.71353E-6 1.30286E-5 2.5466E-5 2.95682E-5 3.44467E-5 4.03673E-5 4.1174E-5 6.36458E-5 1.9471E-4 2.77085E-4 4.06216E-4 5.36839E-4 6.38578E-4 5.99197E-4 7.07801E-4 6.68985E-4 6.51111E-4 6.34611E-4
1.45531E-8 3.01577E-10 3.90105E-11 9.00707E-11 1.31712E-11 6.87145E-11 1.55532E-10 4.71706E-11 1.10219E-10 6.71496E-11 9.31643E-11 5.51074E-11 8.84569E-10 1.34627E-8 4.46555E-8 2.65804E-9 5.3877E-10 2.29734E-9 4.52314E-10 3.46161E-10 3.35216E-10 2.16889E-11 2.28002E-11 4.55391E-11 1.76235E-11 5.15952E-12 3.6245E-12 1.07309E-12 1.29825E-11 4.39119E-10 2.38211E-8 5.32127E-8 1.80487E-8 5.948E-8 9.11018E-7 1.69406E-6 1.16524E-7 2.00612E-8 2.97222E-8 5.02755E-8 8.77011E-8 1.16856E-6 6.28956E-7 3.21897E-7 6.16356E-7 7.5937E-7 4.16947E-7 2.43636E-6 2.0909E-5 5.56468E-5 8.078E-5 6.413E-5 1.15982E-4 2.24002E-4 2.97356E-4 4.73119E-4 7.29035E-4 8.08031E-4 7.00443E-4 6.4303E-4 7.08145E-4 6.83339E-4 5.88715E-4 5.05131E-4 5.27785E-4
1.75257E-8 1.81106E-9 6.61521E-10 3.70671E-10 1.70568E-10 7.15974E-10 1.18716E-9 2.23706E-10 3.08512E-10 3.82725E-10 3.5756E-10 9.06255E-11 1.29421E-9 8.17585E-9 7.67858E-8 9.1153E-10 5.66E-10 5.97717E-9 2.86697E-9 5.0431E-9 3.78554E-9 7.09436E-10 6.39121E-10 1.12957E-10 1.73254E-11 1.13284E-11 7.2431E-11 3.76957E-11 5.40276E-10 2.33437E-9 9.12342E-9 1.08039E-7 4.44841E-7 1.15017E-6 2.85361E-6 2.01256E-6 1.08227E-7 3.5087E-9 3.33798E-9 2.94284E-8 6.56568E-8 7.25575E-7 4.88907E-7 2.89682E-7 1.01522E-7 3.61722E-8 2.90884E-7 1.20108E-5 9.43875E-5 1.36256E-4 1.97361E-4 2.94633E-4 3.635E-4 5.05226E-4 5.98192E-4 7.34341E-4 7.50697E-4 7.08103E-4 7.07397E-4 7.00632E-4 6.8097E-4 7.00325E-4 5.19385E-4 5.7769E-4 4.78945E-4
1.93258E-8 3.11027E-9 6.37547E-10 3.37892E-10 5.39846E-10 2.91862E-9 3.81095E-9 3.66109E-10 1.8073E-10 4.85816E-10 4.46952E-10 8.67945E-11 2.00221E-9 3.3656E-8 5.85804E-8 5.79079E-10 1.37218E-9 4.62282E-9 3.83378E-8 3.08404E-8 7.13577E-9 1.35753E-9 3.84728E-10 5.35221E-11 6.17201E-11 5.17346E-10 2.68859E-9 1.05845E-9 1.17265E-8 1.95127E-8 6.14855E-9 5.35125E-8 1.1921E-6 1.36523E-6 3.05135E-6 2.40855E-6 1.73574E-7 5.75114E-9 2.30823E-9 4.13303E-8 3.32274E-7 2.22574E-6 2.76938E-6 7.829E-7 9.06976E-8 9.79972E-8 3.68599E-6 9.83931E-5 2.85989E-4 4.93116E-4 5.17801E-4 7.77911E-4 6.11551E-4 5.38829E-4 7.12002E-4 5.8599E-4 6.08429E-4 5.72422E-4 5.53658E-4 5.13401E-4 5.26647E-4 5.03293E-4 5.30219E-4 5.33498E-4 4.77538E-4
9.64976E-9 1.64996E-9 6.55175E-10 2.42849E-10 9.56519E-11 7.77642E-10 1.91572E-8 8.18378E-9 3.37867E-10 7.71031E-11 2.75616E-10 1.49559E-10 5.65651E-10 1.85034E-8 1.87817E-7 4.84858E-9 1.97529E-8 1.49824E-8 4.2079E-7 1.0821E-7 1.27314E-8 1.00684E-9 1.19523E-10 5.16306E-11 4.49406E-10 8.39999E-9 2.67888E-8 1.01912E-8 5.52117E-8 2.47731E-7 5.83227E-8 1.45394E-7 2.42259E-6 8.87587E-7 4.43139E-6 2.84648E-6 1.22532E-7 1.28216E-8 3.90604E-9 2.98453E-8 4.15465E-7 6.38516E-7 3.95927E-6 2.9935E-6 2.11078E-6 9.70957E-6 7.83759E-5 3.44951E-4 5.08034E-4 6.0346E-4 5.8728E-4 5.88308E-4 6.80262E-4 7.13223E-4 5.64179E-4 5.09731E-4 5.08225E-4 5.07717E-4 5.27271E-4 5.04591E-4 6.28746E-4 6.25206E-4 4.90249E-4 4.86875E-4 4.49125E-4
1.66513E-7 1.4626E-7 2.85183E-8 2.71541E-9 2.67646E-10 1.55819E-10 1.18E-8 5.38391E-8 3.16852E-9 4.00353E-10 6.20501E-10 1.64367E-9 1.60151E-9 1.57044E-7 1.0188E-6 4.36406E-8 4.32483E-7 3.58297E-7 1.52438E-7 1.26722E-8 1.49135E-9 1.87655E-10 5.47229E-11 3.78534E-11 2.05337E-10 2.04712E-9 7.09307E-9 1.84487E-8 6.6555E-8 4.86387E-7 1.02441E-6 2.27761E-6 6.72472E-6 8.79011E-6 1.20049E-5 4.16499E-6 3.36946E-7 6.02371E-8 5.32463E-8 1.69668E-7 4.84451E-7 3.80896E-7 1.74306E-6 1.10207E-5 4.65839E-5 1.92532E-4 3.83398E-4 5.5831E-4 5.43502E-4 5.47182E-4 5.95361E-4 5.86544E-4 6.01267E-4 6.72247E-4 5.69912E-4 5.83744E-4 6.00179E-4 6.02372E-4 5.64198E-4 7.62192E-4 5.45358E-4 5.24835E-4 4.76028E-4 4.57482E-4 4.42781E-4
8.7554E-8 1.57131E-6 3.7383E-7 2.6074E-8 1.28134E-9 1.28892E-9 2.43432E-8 2.34193E-7 1.71009E-7 3.47561E-8 5.01766E-9 4.10218E-8 2.90217E-9 1.80956E-7 3.41836E-6 1.42826E-7 1.35825E-6 2.26985E-7 1.39811E-8 2.08196E-9 6.877E-10 4.87169E-10 7.39272E-10 6.68356E-10 7.5185E-10 3.01794E-9 1.29402E-8 4.99386E-8 1.36126E-7 3.59196E-7 1.46748E-6 6.60303E-6 9.89356E-6 1.23947E-5 5.57979E-6 2.11008E-6 4.59019E-7 3.14194E-7 6.02255E-7 8.20644E-7 1.55867E-6 4.58614E-6 1.7642E-5 9.14886E-5 2.35989E-4 4.35141E-4 5.41914E-4 5.83365E-4 5.56533E-4 6.48904E-4 5.58056E-4 6.1411E-4 6.50516E-4 5.70795E-4 6.32525E-4 5.28838E-4 4.93753E-4 5.03473E-4 4.96472E-4 5.23086E-4 5.09596E-4 4.74797E-4 3.38559E-4 2.32279E-4 1.60345E-4
1.72329E-8 1.51006E-6 4.99955E-7 2.56622E-8 6.49715E-9 2.23985E-8 5.96131E-8 3.09921E-7 2.12881E-6 1.06983E-6 3.71218E-8 2.05678E-7 2.634E-8 1.0432E-7 2.91892E-6 8.21969E-7 4.74248E-6 5.32375E-7 1.12663E-7 3.82535E-8 3.95343E-9 4.35702E-9 4.37537E-8 3.25145E-8 5.28781E-8 1.29815E-8 9.8054E-9 1.27567E-8 1.30377E-8 6.44274E-7 2.11644E-5 3.21443E-5 2.50713E-5 1.17591E-5 8.42924E-6 2.55824E-6 1.00996E-6 1.61796E-6 2.36729E-6 3.44702E-6 6.17829E-6 3.59987E-5 1.79836E-4 2.89504E-4 4.77348E-4 6.0152E-4 5.84296E-4 6.15847E-4 8.42658E-4 6.8355E-4 5.4893E-4 6.50926E-4 6.34664E-4 5.72185E-4 5.21892E-4 4.8983E-4 4.83328E-4 4.8647E-4 4.82365E-4 4.84922E-4 4.32831E-4 3.34372E-4 1.45518E-4 4.37658E-5 3.44427E-5
1.66152E-7 3.74472E-6 2.15426E-6 1.51239E-7 1.73835E-7 6.46907E-7 8.24907E-7 3.53697E-7 1.73659E-7 8.97779E-7 1.83669E-6 1.52303E-6 3.9215E-7 1.08856E-6 1.20218E-5 6.28754E-6 2.56057E-6 3.0443E-7 2.02011E-7 3.24876E-8 7.31711E-9 8.70832E-9 1.12434E-7 1.46713E-7 3.99583E-7 1.33682E-7 5.69732E-8 7.89057E-7 1.06484E-6 1.61182E-5 1.37283E-4 2.22754E-4 1.71982E-4 6.29774E-5 4.08689E-5 2.79186E-5 2.14242E-5 3.19153E-5 6.01648E-5 8.84289E-5 9.67608E-5 1.71331E-4 2.34904E-4 4.17226E-4 6.05372E-4 5.55637E-4 6.85233E-4 6.34218E-4 6.02263E-4 5.48117E-4 6.50459E-4 5.80866E-4 5.61478E-4 5.31995E-4 5.14662E-4 6.19351E-4 4.99238E-4 4.83327E-4 4.62579E-4 3.52648E-4 2.17818E-4 1.63334E-4 8.32908E-5 1.33838E-5 6.69078E-6
2.5218E-6 1.00953E-5 9.79675E-7 3.71007E-7 2.79434E-6 6.89284E-6 9.49374E-6 2.20146E-6 2.90869E-7 1.40267E-6 1.99591E-5 7.60135E-6 3.10353E-6 1.25946E-5 5.19969E-5 2.02178E-6 8.39692E-7 1.00181E-6 1.01228E-6 1.6187E-6 1.53542E-6 2.32424E-6 1.80065E-6 2.73213E-6 1.30422E-5 1.07741E-5 2.70415E-5 9.94732E-5 1.52198E-4 2.31605E-4 3.21737E-4 3.7333E-4 3.82062E-4 3.56562E-4 2.2768E-4 1.92023E-4 2.16112E-4 1.94649E-4 1.86151E-4 2.20526E-4 2.72981E-4 3.63344E-4 5.03375E-4 6.00178E-4 6.33742E-4 6.18702E-4 6.51894E-4 6.6619E-4 5.80634E-4 6.68948E-4 6.35853E-4 5.84465E-4 5.1713E-4 5.63096E-4 4.95039E-4 4.94274E-4 4.67835E-4 4.67072E-4 3.07173E-4 1.06716E-4 7.99262E-5 3.24759E-5 4.71759E-6 2.24367E-6 1.85631E-6
6.83703E-6 2.24053E-5 8.83784E-6 6.06488E-5 1.31136E-4 2.32769E-4 2.45024E-4 4.84433E-5 1.13901E-5 3.55488E-6 1.39183E-5 3.43115E-5 3.45056E-5 5.82122E-5 5.98954E-5 6.63704E-6 1.90956E-5 2.48237E-5 1.21232E-5 4.08979E-5 1.57568E-4 2.13776E-4 2.14987E-4 1.70104E-4 2.88515E-4 2.88594E-4 3.54971E-4 3.38426E-4 3.67169E-4 4.32799E-4 4.43662E-4 4.68503E-4 5.29765E-4 4.8418E-4 4.25307E-4 4.42154E-4 4.23446E-4 4.42119E-4 4.46308E-4 5.31984E-4 4.91066E-4 5.30063E-4 5.30292E-4 5.90171E-4 6.21905E-4 6.6457E-4 6.54082E-4 6.56987E-4 6.91987E-4 7.06564E-4 5.65224E-4 5.76506E-4 4.71805E-4 4.82251E-4 5.26039E-4 3.60773E-4 3.05365E-4 3.48101E-4 1.08705E-4 2.58912E-5 2.89219E-5 1.21976E-5 7.4238E-7 3.10351E-7 -9999
1.08432E-4 4.38241E-5 1.27219E-4 2.76514E-4 3.59878E-4 3.93212E-4 4.47861E-4 3.21061E-4 1.25808E-4 1.18992E-4 1.81157E-4 2.93848E-4 3.53667E-4 4.65067E-4 4.16028E-4 1.61145E-4 3.00236E-4 3.62641E-4 3.96109E-4 4.08037E-4 3.9861E-4 4.38271E-4 4.25735E-4 3.82036E-4 4.51633E-4 5.95604E-4 4.45918E-4 4.32812E-4 4.56487E-4 4.6072E-4 4.92385E-4 4.93183E-4 5.10154E-4 4.72472E-4 4.80626E-4 4.74124E-4 4.59323E-4 4.97038E-4 5.26471E-4 5.1272E-4 5.70983E-4 6.40447E-4 6.44183E-4 6.54991E-4 6.82E-4 6.14046E-4 6.0989E-4 6.41835E-4 5.48658E-4 4.73965E-4 4.74324E-4 4.50841E-4 4.43147E-4 5.07235E-4 3.33317E-4 1.75148E-4 8.6209E-5 6.28454E-5 2.792E-5 8.78328E-6 1.02233E-5 2.81687E-6 -9999 -9999 -9999
