catData/rasterBestHybridModels/Pviverrinus/RD_RM1.5_L/Pviverrinus_avg.asc
ncols         409
nrows         350
xllcorner     60.897278365
yllcorner     5.843756025
cellsize      0.0892857
NODATA_value  -9999
[rows 174 to 202 of 350, columns 198 to 263 of 409]
2.52887E-6 1.96596E-6 2.31545E-6 5.54228E-6 8.82071E-6 8.23201E-6 7.50088E-6 3.83987E-6 2.74558E-6 2.18066E-6 2.37678E-6 2.55835E-6 4.18598E-6 3.49229E-6 6.30264E-6 3.07276E-6 8.66245E-6 1.08606E-5 1.29277E-5 1.85378E-5 2.13768E-5 1.74697E-5 4.01116E-6 4.52381E-6 3.57783E-6 4.85046E-6 1.8946E-6 2.73006E-6 5.63572E-6 8.4295E-7 1.74439E-6 4.64296E-6 4.90361E-6 9.86102E-6 9.88706E-6 4.09654E-6 8.10103E-7 1.72348E-6 6.02663E-6 1.66927E-5 1.59192E-5 1.61105E-5 4.2939E-6 6.04208E-6 6.17537E-6 4.61674E-6 2.3693E-6 2.40106E-6 8.6393E-6 8.15157E-6 1.29421E-5 1.05846E-5 2.32791E-5 2.55882E-5 2.09802E-5 1.51626E-5 3.75931E-6 6.28754E-6 2.55828E-5 2.05105E-5 3.67182E-5 6.16549E-5 4.81285E-5 1.91521E-5 1.10932E-5 5.89491E-6
6.23419E-6 4.47367E-6 3.89326E-6 1.09383E-5 1.04133E-5 8.20825E-6 1.76859E-5 9.60136E-6 6.60592E-6 5.61879E-6 4.95512E-6 8.69896E-6 8.5844E-6 4.28941E-6 4.70509E-6 1.0092E-5 1.03358E-5 7.28064E-6 8.70629E-6 1.76256E-5 2.22566E-5 2.14229E-5 7.73758E-6 4.83379E-6 3.70379E-6 4.30775E-6 4.59549E-6 3.3011E-6 2.44463E-6 2.36421E-6 5.44988E-6 9.04243E-6 5.91788E-6 1.31845E-5 8.43871E-6 1.24418E-5 2.78147E-6 6.2171E-7 1.12807E-5 1.5265E-5 1.0759E-5 2.50813E-6 2.48838E-6 7.43978E-6 6.51243E-6 6.70943E-6 5.56799E-6 4.03557E-6 8.5375E-6 9.9514E-6 6.42415E-6 9.33459E-6 9.40557E-6 1.87318E-5 1.9294E-5 2.29204E-5 3.32724E-5 5.2172E-5 8.64119E-5 4.45026E-5 6.02261E-5 2.88367E-5 3.95798E-5 7.83323E-6 1.35679E-5 1.05782E-5
4.22069E-6 1.48274E-6 3.10286E-6 1.20506E-5 1.87319E-5 2.37241E-5 2.11561E-5 1.79119E-5 2.13185E-5 2.17188E-5 2.23967E-5 2.47786E-5 1.51392E-5 5.10141E-6 1.7239E-5 1.38721E-5 5.64457E-6 6.44621E-6 8.59516E-6 8.23578E-6 1.89345E-5 1.36003E-5 3.9532E-6 4.00072E-6 5.42484E-6 6.33634E-6 4.06712E-6 4.93269E-6 3.86943E-6 1.10962E-6 1.13923E-5 4.70684E-6 1.29114E-5 1.5952E-5 7.44998E-6 1.39145E-5 1.12657E-5 1.56601E-5 1.79739E-5 1.58658E-5 4.10407E-6 4.97274E-6 5.29765E-6 4.55399E-6 6.79502E-6 1.28534E-5 1.11804E-5 1.29263E-5 1.23944E-5 1.38265E-5 7.75475E-6 9.45293E-6 2.04802E-5 2.00119E-5 1.96653E-5 2.68338E-5 6.08207E-5 1.01714E-4 1.07541E-4 8.11138E-5 3.2747E-5 6.98787E-6 5.57905E-6 1.21789E-5 1.14343E-5 7.86871E-6
2.70749E-6 4.41106E-6 5.13905E-6 1.91342E-5 5.85431E-6 1.80279E-5 4.14657E-6 6.97575E-6 1.61731E-5 2.03553E-5 2.70428E-5 2.59347E-5 1.19696E-5 1.23903E-5 9.69044E-6 1.03073E-5 1.14093E-5 8.20087E-6 3.43245E-6 3.84571E-6 9.21529E-6 1.55472E-6 1.29815E-6 4.37668E-6 4.33275E-6 2.29583E-6 7.88942E-6 3.66842E-6 6.6595E-6 6.55327E-6 2.55721E-5 1.34301E-5 9.10494E-6 3.04453E-6 6.88417E-6 7.78825E-6 5.94085E-6 2.50182E-5 2.02678E-5 1.80165E-5 1.08677E-5 8.3434E-6 7.38998E-6 7.10152E-6 7.77478E-6 1.22663E-5 8.86955E-6 1.28065E-5 9.32296E-6 1.05837E-5 1.77162E-5 1.17009E-5 1.68368E-5 2.215E-5 2.11741E-5 2.98238E-5 8.50051E-5 9.63212E-5 1.08469E-4 4.06547E-5 3.18457E-5 1.09719E-5 1.27879E-5 1.7949E-5 1.93786E-5 1.90173E-5
3.6434E-6 1.90469E-6 2.14121E-6 4.43393E-6 1.77895E-5 1.01962E-4 1.58591E-5 1.64049E-5 1.29797E-5 1.78922E-5 2.5625E-5 1.9865E-5 9.25811E-6 4.34383E-6 2.96615E-6 6.351E-6 8.9983E-6 2.09799E-5 4.22588E-6 4.1378E-6 3.2544E-6 2.33297E-6 2.18393E-6 6.14618E-6 6.07461E-6 9.98076E-6 9.84846E-6 9.13599E-6 6.59204E-6 8.68613E-6 7.20476E-6 4.66517E-6 1.6506E-5 1.85011E-5 2.23503E-5 8.69032E-6 1.24034E-5 1.8889E-5 1.7275E-5 1.74194E-5 9.09788E-6 1.21534E-5 1.09782E-5 1.094E-5 1.01729E-5 1.21545E-5 1.13422E-5 1.21784E-5 6.139E-6 7.69491E-6 1.49957E-5 1.18428E-5 2.0056E-5 2.16221E-5 2.35372E-5 3.01369E-5 8.23441E-5 1.02665E-4 9.49628E-5 3.32814E-5 2.74404E-5 1.44059E-5 1.08532E-5 2.21622E-5 2.10649E-5 1.69125E-5
2.31379E-6 4.15448E-6 2.62974E-6 3.72585E-6 7.07817E-6 5.97476E-6 6.48865E-6 1.42353E-5 1.10894E-5 8.02612E-6 7.88577E-6 1.08445E-5 6.27165E-6 1.06373E-5 1.05509E-5 6.33769E-6 1.94918E-5 8.88234E-6 2.54069E-6 2.92865E-6 9.33126E-6 3.28206E-6 5.19111E-6 8.98748E-6 1.17009E-5 9.83964E-6 1.1132E-5 1.11375E-5 1.64921E-5 1.61788E-5 2.21712E-5 2.25964E-5 1.96028E-5 1.80456E-5 2.22234E-5 1.47172E-5 1.81134E-5 1.8356E-5 1.66691E-5 1.58457E-5 1.45182E-5 4.71248E-6 4.52151E-6 5.84202E-6 6.09321E-6 1.09878E-5 6.29762E-6 1.30682E-5 1.52949E-5 1.38805E-5 1.64087E-5 1.5674E-5 2.18986E-5 2.36006E-5 3.27801E-5 6.28463E-5 9.37316E-5 9.08683E-5 5.19316E-5 1.9745E-5 1.9478E-5 1.72797E-5 1.51701E-5 2.14514E-5 2.35215E-5 1.59537E-5
7.0717E-6 5.84861E-6 6.20621E-6 3.60714E-6 1.08132E-6 1.07613E-6 1.02087E-6 1.55182E-6 8.82387E-6 1.04048E-5 1.12903E-5 1.1233E-5 9.60963E-6 4.44212E-6 1.13123E-5 1.36998E-5 5.43383E-6 5.02868E-6 7.8302E-6 4.13075E-6 3.53057E-6 5.43687E-6 5.24404E-6 9.04177E-6 1.04438E-5 3.73702E-6 9.48956E-6 1.43071E-5 8.00018E-6 8.52964E-6 1.88751E-5 1.71187E-5 1.75122E-5 1.86679E-5 2.08077E-5 2.18688E-5 2.06741E-5 2.35382E-5 1.87322E-5 7.64759E-6 3.47643E-6 2.31808E-6 1.06072E-6 1.06376E-5 3.17069E-6 6.85184E-6 4.11581E-6 1.91227E-5 7.02221E-6 1.01295E-5 2.37545E-5 2.39309E-5 2.65718E-5 2.50417E-5 2.82913E-5 4.75057E-5 4.79189E-5 6.21134E-5 4.51979E-5 1.95907E-5 2.58082E-5 3.434E-5 2.14511E-5 2.30765E-5 1.91251E-5 2.55225E-5
3.71429E-6 9.39774E-6 1.16781E-5 1.95566E-6 1.76765E-6 4.13267E-6 1.00386E-6 2.02993E-6 1.01773E-5 7.35774E-6 9.25513E-6 7.8069E-6 1.76899E-5 1.62445E-5 2.22787E-5 6.62223E-6 1.84595E-5 6.63275E-6 4.60828E-6 3.78104E-6 3.78292E-6 6.33087E-6 6.80428E-6 9.36432E-6 1.2303E-5 6.67101E-6 2.34976E-6 1.06417E-5 1.18438E-5 1.00764E-5 2.13912E-5 2.01855E-5 2.16872E-5 2.27634E-5 2.1399E-5 2.4692E-5 2.13443E-5 2.34598E-5 1.79371E-5 8.90803E-6 4.60465E-6 8.68356E-7 9.70502E-7 2.79075E-6 5.83945E-6 9.13726E-6 1.53136E-5 7.40111E-6 3.66735E-6 4.60564E-6 4.28324E-6 5.45177E-6 1.2497E-5 2.55911E-5 3.10052E-5 4.36688E-5 2.64344E-5 3.97328E-5 4.3118E-5 4.66466E-5 5.73728E-5 5.81634E-5 5.01211E-5 4.23847E-5 1.45636E-5 2.45754E-5
1.00382E-5 1.15377E-5 1.63648E-5 1.02575E-6 2.99708E-6 3.80705E-6 6.59503E-6 2.90781E-6 2.11447E-6 1.23579E-5 1.01919E-5 7.21489E-6 1.55376E-5 3.20032E-5 1.15678E-5 4.05292E-6 1.02917E-5 1.49343E-5 1.21595E-5 6.81478E-6 1.45133E-6 4.35356E-6 8.65522E-6 8.96514E-6 7.54197E-6 4.91681E-6 8.07545E-6 4.82848E-6 6.51411E-6 2.55085E-5 2.7277E-5 2.12591E-5 2.35852E-5 2.61944E-5 2.83047E-5 2.24406E-5 2.34094E-5 1.7587E-5 5.88988E-6 4.92757E-6 1.79821E-6 2.17297E-6 2.56685E-6 4.76965E-6 4.49172E-6 1.06381E-5 1.0715E-5 2.93735E-6 8.1199E-6 1.52352E-5 8.08163E-6 1.80652E-5 1.97775E-5 2.20185E-5 2.45044E-5 3.01845E-5 3.71364E-5 3.62063E-5 3.47188E-5 4.25424E-5 3.93085E-5 4.13914E-5 4.51823E-5 6.78783E-5 5.49133E-5 3.53158E-5
5.01157E-6 1.53703E-5 1.97957E-5 2.88713E-6 6.03107E-7 3.53764E-7 4.40944E-6 1.13597E-5 7.46562E-6 5.2299E-6 1.23766E-5 3.8293E-6 5.55716E-6 1.13711E-5 1.13734E-5 1.82652E-5 1.76631E-5 5.02396E-6 7.70967E-6 2.91176E-6 5.23616E-6 5.69194E-6 5.50663E-6 3.28025E-6 6.9082E-6 5.60088E-6 4.25816E-6 3.76839E-6 5.33551E-6 1.71873E-5 7.88787E-6 1.68353E-5 2.47214E-5 2.43832E-5 2.04994E-5 1.19522E-5 9.01133E-6 4.43948E-6 4.81876E-6 8.31229E-6 2.2638E-6 1.57746E-6 9.5762E-7 3.54847E-6 4.73726E-6 1.02571E-5 5.00378E-6 2.75031E-6 7.8376E-6 1.28643E-5 1.49262E-5 2.06197E-5 2.2066E-5 3.16003E-5 1.06053E-5 3.59103E-5 2.88978E-5 3.78288E-5 2.46201E-5 2.20077E-5 1.82838E-5 1.00423E-5 5.4049E-6 9.39729E-6 3.65557E-5 6.2043E-5
4.96508E-8 4.26092E-7 6.04278E-7 1.12183E-6 6.57818E-8 4.78158E-7 1.68898E-6 4.73613E-6 6.62995E-6 6.95468E-6 3.42747E-6 3.05542E-6 1.70094E-5 1.58879E-5 1.52088E-5 1.45391E-5 2.31794E-5 1.25598E-5 1.24295E-5 1.44525E-5 1.1743E-5 9.38423E-6 6.26838E-6 2.82458E-6 3.53424E-6 6.58871E-6 1.7989E-6 3.26402E-6 9.44079E-6 1.09639E-5 8.70654E-6 8.28975E-6 1.23586E-5 1.41845E-5 7.39094E-6 8.79071E-6 7.69283E-6 8.58906E-6 8.74041E-6 1.18763E-5 1.18793E-5 7.22933E-6 3.01279E-6 2.80271E-6 1.00121E-5 9.66968E-6 1.25389E-5 4.87751E-6 1.55806E-5 1.88257E-5 1.87927E-5 5.24643E-6 2.82835E-5 1.9525E-5 2.74379E-6 2.04326E-5 2.74893E-5 2.64174E-5 1.23088E-5 1.23952E-5 7.26631E-6 1.06886E-5 1.51711E-5 1.3934E-5 1.2736E-5 3.40722E-5
2.60575E-8 2.02922E-7 1.98739E-7 8.08518E-7 3.99717E-7 4.0928E-7 7.73399E-7 3.37193E-6 7.19678E-6 3.70588E-6 3.22943E-6 4.70909E-6 9.06199E-6 7.09233E-6 5.91103E-6 1.95277E-6 1.40701E-5 1.39346E-5 1.43768E-5 1.10592E-5 1.04585E-5 9.45517E-6 8.84121E-6 5.9578E-6 5.91762E-6 1.33108E-6 4.15463E-7 3.0729E-6 9.47818E-7 9.2396E-6 7.82811E-6 6.85708E-6 9.09579E-6 6.34517E-6 8.15786E-6 7.95265E-6 5.90301E-6 8.78078E-6 1.07406E-5 9.68751E-6 1.00576E-5 9.03782E-6 3.34303E-6 1.30984E-6 4.49086E-6 3.90444E-6 8.02344E-6 1.16831E-5 1.29739E-5 1.96344E-5 1.18366E-5 4.14331E-6 7.02037E-6 4.18743E-6 3.77941E-5 2.70017E-5 2.99696E-5 6.72654E-6 1.10268E-5 1.19473E-5 1.26692E-5 1.02697E-5 8.88928E-6 8.36203E-6 9.77822E-6 1.80585E-5
5.5214E-8 8.64319E-8 4.5013E-8 2.36241E-7 2.16344E-7 5.89877E-7 1.05758E-6 6.63356E-6 8.798E-6 5.75654E-6 1.36958E-6 9.27354E-6 1.36109E-5 1.40044E-5 1.18442E-5 2.74557E-6 7.70966E-6 9.01968E-6 9.45002E-6 1.08249E-5 1.21488E-5 1.10165E-5 7.9362E-6 6.06047E-6 2.63159E-6 1.88519E-6 3.79211E-6 2.91252E-6 1.8046E-6 4.01173E-6 7.56392E-6 2.85429E-6 3.00042E-6 5.5205E-6 5.92733E-6 8.62267E-6 8.66774E-6 9.41938E-6 1.02487E-5 5.26498E-6 8.53109E-6 8.63055E-6 2.38219E-6 2.80679E-6 6.94962E-6 5.69157E-6 9.8759E-6 7.27831E-6 5.43259E-6 3.32298E-6 4.38939E-6 5.07972E-6 1.32342E-5 9.40944E-6 1.93606E-5 2.39567E-5 1.40588E-5 1.79989E-5 1.32654E-5 8.50478E-6 6.16627E-6 8.16236E-6 7.7942E-6 9.51406E-6 7.94518E-6 1.2914E-5
2.03667E-8 4.9545E-8 2.25218E-7 1.46557E-7 2.85261E-7 7.94403E-7 2.10609E-6 5.47787E-6 1.2226E-5 1.33591E-5 7.76773E-6 2.97036E-6 9.48774E-6 1.54677E-5 1.55704E-5 5.60899E-6 1.26659E-5 1.28389E-5 1.43354E-5 1.34618E-5 1.28934E-5 1.07908E-5 9.55905E-6 4.85899E-6 3.93056E-6 5.26662E-6 2.64208E-6 6.9303E-6 4.59761E-6 3.35247E-6 4.62768E-6 2.48608E-6 1.286E-6 1.36856E-6 2.07675E-6 6.46743E-6 7.14726E-6 9.38481E-6 1.17802E-5 8.28234E-6 6.22464E-6 4.62781E-6 2.24873E-6 2.30621E-6 7.25789E-6 4.4352E-6 3.56605E-6 6.96491E-6 9.33005E-6 5.82168E-6 4.26966E-6 3.07529E-6 4.55655E-6 9.93048E-6 2.11332E-5 1.0597E-5 1.29708E-5 3.49944E-6 1.0968E-5 8.61395E-6 6.01997E-6 5.30299E-6 5.69008E-6 8.10268E-6 8.45131E-6 1.15454E-5
1.18398E-7 2.35719E-8 4.36599E-8 6.54472E-8 1.09413E-6 9.60844E-7 3.36664E-7 1.42921E-6 6.17052E-6 1.57237E-5 1.42457E-5 1.14365E-5 1.70779E-5 1.49807E-5 1.23941E-5 4.85358E-6 8.50313E-6 9.80727E-6 1.28705E-5 1.41931E-5 1.2018E-5 1.08272E-5 9.36142E-6 8.51221E-6 1.01735E-5 9.40085E-6 7.69877E-6 2.73039E-6 8.30746E-6 3.72819E-6 2.85261E-6 3.17481E-6 2.4919E-6 6.4828E-7 9.82208E-7 4.69155E-6 2.04987E-6 9.51473E-6 1.0301E-5 8.67426E-6 6.51244E-6 5.58631E-6 3.16653E-6 1.68734E-6 7.2751E-6 6.28445E-6 3.82089E-6 1.11323E-6 1.37555E-5 2.07004E-5 1.35516E-5 9.90824E-6 5.48303E-6 4.59922E-6 2.36356E-5 1.02933E-5 1.55587E-5 7.73968E-6 6.68463E-6 7.7715E-6 6.84985E-6 5.97575E-6 5.38043E-6 6.31024E-6 9.31039E-6 1.54671E-5
1.23145E-7 1.06372E-7 1.33745E-7 4.64011E-8 3.67087E-7 2.69913E-7 1.93948E-7 2.02964E-6 9.89626E-6 1.72302E-5 1.50302E-5 1.515E-5 1.68696E-5 1.75582E-5 8.45654E-6 1.09147E-6 6.37814E-6 1.2356E-5 1.23673E-5 1.16511E-5 1.11403E-5 1.06832E-5 7.04187E-6 8.17914E-6 1.06589E-5 9.10734E-6 9.31205E-6 9.19664E-6 8.48442E-6 5.13469E-6 2.9365E-6 3.82395E-6 4.94055E-6 4.42038E-6 4.67773E-6 4.9286E-6 5.60508E-6 6.72704E-6 7.84444E-6 7.94397E-6 7.30467E-6 8.53584E-6 3.96784E-6 4.84317E-6 5.70574E-6 3.52835E-6 6.01801E-6 5.24653E-6 7.55023E-6 1.87823E-5 1.73347E-5 1.14069E-5 1.08123E-5 1.94255E-5 3.01693E-5 1.80813E-5 1.82115E-5 8.83297E-6 7.25791E-6 7.33079E-6 8.41498E-6 6.11213E-6 5.73308E-6 6.2628E-6 7.81947E-6 1.44491E-5
5.25589E-8 1.04019E-7 1.55428E-6 2.16401E-7 7.23028E-8 7.56176E-7 4.93515E-7 7.75716E-6 1.51943E-5 1.18415E-5 1.40464E-5 1.53044E-5 4.98274E-6 1.47216E-5 1.04041E-5 2.77599E-6 1.29477E-5 1.502E-5 1.20901E-5 1.08895E-5 1.06159E-5 9.89154E-6 9.59028E-6 8.75304E-6 8.92117E-6 9.70198E-6 1.01629E-5 9.99081E-6 9.21673E-6 7.20726E-6 3.32055E-6 1.48002E-6 1.97203E-6 3.75116E-6 2.21961E-6 7.57987E-7 1.78071E-6 3.97156E-6 6.02357E-6 6.3487E-6 6.81968E-6 9.17618E-6 6.06391E-6 7.5394E-6 2.03629E-6 1.0394E-6 8.37531E-7 2.03355E-6 4.49324E-6 5.24604E-6 1.19192E-5 1.64171E-5 1.91252E-5 2.50664E-5 7.48644E-6 5.42653E-6 1.35184E-5 1.53895E-5 9.45074E-6 5.58762E-6 6.74212E-6 5.64623E-6 4.92522E-6 6.05706E-6 7.00737E-6 2.30638E-5
7.12757E-8 1.66788E-7 4.47766E-7 3.25476E-7 1.63205E-6 5.88839E-7 8.90778E-7 2.49486E-6 1.66055E-5 1.07562E-5 8.89834E-6 1.63913E-5 1.23883E-5 5.93386E-6 5.73559E-6 4.35881E-6 1.03669E-5 1.53596E-5 1.40125E-5 1.17511E-5 1.15399E-5 1.15709E-5 1.07528E-5 1.02241E-5 1.06454E-5 9.27449E-6 1.02682E-5 1.03514E-5 8.9379E-6 8.27807E-6 4.35014E-6 1.8225E-6 2.37402E-6 1.66464E-6 7.92144E-7 2.11056E-6 1.25268E-6 3.92869E-7 1.98941E-6 4.36634E-6 5.02975E-6 7.31179E-6 2.01331E-6 2.82959E-6 6.85818E-7 6.96145E-7 6.99575E-6 8.07586E-7 1.97602E-6 4.986E-6 1.00031E-5 1.55733E-5 1.1191E-5 3.58494E-6 3.45339E-6 9.62503E-6 6.1345E-6 1.26396E-5 1.02085E-5 5.61477E-6 4.30987E-6 4.64574E-6 4.23367E-6 6.24217E-6 1.18688E-5 4.07998E-5
1.86907E-7 3.31337E-8 3.50922E-7 7.55431E-7 1.41723E-7 4.00884E-7 1.01596E-6 6.38396E-7 9.53516E-6 1.91863E-5 6.49614E-6 3.06227E-6 9.77565E-7 1.81774E-6 1.48821E-5 1.58198E-5 1.16059E-5 1.44718E-5 1.34888E-5 1.25382E-5 1.22665E-5 1.06147E-5 1.13312E-5 1.03335E-5 8.21752E-6 5.66649E-6 8.32668E-6 7.61246E-6 7.58945E-6 7.89041E-6 4.7179E-6 3.66308E-6 2.16742E-6 1.37516E-6 9.24761E-7 1.56203E-6 2.83602E-6 1.9664E-6 1.32169E-7 2.06944E-7 2.43706E-6 5.60495E-6 5.58784E-7 8.33059E-7 1.35026E-6 7.2274E-7 2.05433E-7 5.318E-7 3.16836E-6 2.07264E-6 2.82132E-6 7.4722E-6 2.67778E-6 7.01698E-6 4.98062E-6 5.30015E-6 4.76454E-6 1.03774E-5 1.1301E-5 6.08062E-6 3.12148E-6 3.17875E-6 4.72435E-6 1.23219E-5 4.29736E-5 5.65114E-5
5.26283E-7 1.23185E-6 3.84066E-7 4.09724E-7 4.22097E-7 6.56173E-7 5.07673E-7 4.41127E-7 3.97148E-6 4.32204E-6 5.89953E-6 2.41074E-6 9.67475E-7 1.79959E-6 5.87339E-6 1.52467E-5 7.35077E-6 1.27239E-5 1.30248E-5 1.32051E-5 1.28711E-5 1.23203E-5 9.997E-6 1.25224E-5 8.38743E-6 5.11875E-6 5.94043E-6 5.14565E-6 4.09614E-6 6.34534E-6 5.86481E-6 4.22696E-6 3.50063E-6 1.02014E-6 8.78392E-7 3.23284E-6 2.95584E-6 4.52709E-6 7.56601E-7 3.3692E-7 4.36552E-6 3.23916E-6 6.72306E-6 1.0608E-6 4.05716E-7 1.2467E-7 3.14982E-7 2.35707E-5 1.1793E-5 2.8036E-6 4.3037E-6 4.05591E-6 7.83706E-6 6.28322E-6 9.98116E-6 1.27075E-5 9.3692E-6 1.69199E-5 1.02928E-5 5.35221E-6 4.0986E-6 5.22766E-6 9.03584E-6 3.05146E-5 8.26668E-5 9.38118E-5
6.14952E-7 1.16704E-6 1.02443E-6 3.21426E-7 5.5078E-7 2.57055E-6 1.13832E-6 7.04837E-7 7.94033E-7 3.07677E-6 4.09735E-6 7.96055E-6 3.21195E-7 2.39363E-6 1.23052E-5 5.39135E-6 1.0196E-5 1.03906E-5 1.336E-5 1.34604E-5 1.33437E-5 1.24239E-5 1.35109E-5 1.19426E-5 7.57555E-6 6.108E-6 6.07323E-6 5.87281E-6 4.62769E-6 1.76378E-6 3.25581E-6 4.18573E-6 4.801E-6 3.65991E-6 8.07378E-7 1.38712E-6 1.83742E-6 4.39783E-6 2.58671E-6 7.78193E-8 1.12536E-6 1.47542E-6 7.58654E-7 5.70061E-6 5.31153E-6 1.92456E-7 5.69126E-8 1.78023E-5 8.54039E-6 5.03867E-6 8.16702E-6 7.60487E-6 6.18085E-6 7.21074E-6 1.2096E-5 1.33953E-5 1.79754E-5 3.442E-5 1.4091E-5 7.24673E-6 8.0724E-6 6.14991E-6 8.81519E-6 2.8978E-5 8.38989E-5 1.56961E-4
9.98574E-7 1.48288E-6 1.58506E-6 7.33325E-7 1.42912E-7 9.82955E-7 1.12466E-6 3.31543E-7 8.48737E-7 9.81994E-7 2.33312E-6 7.5338E-6 1.0269E-6 1.68502E-6 1.44828E-5 6.86207E-6 4.97096E-6 1.60836E-5 7.02836E-6 1.35812E-5 1.35429E-5 1.44532E-5 1.35982E-5 1.06613E-5 7.02153E-6 6.85729E-6 5.21777E-6 5.47938E-6 4.72129E-6 2.80512E-6 4.15971E-6 4.28534E-6 4.37741E-6 4.37771E-6 7.89352E-7 9.41995E-7 4.58367E-6 5.22643E-6 5.13913E-6 5.0308E-7 2.13661E-7 7.56959E-7 1.69795E-7 9.53099E-7 1.42151E-6 8.68954E-7 1.82122E-7 1.70986E-5 6.08169E-6 4.49655E-6 4.05889E-6 4.19999E-6 3.23372E-6 6.10964E-6 1.01836E-5 1.38242E-5 1.76223E-5 3.99381E-5 2.5616E-5 1.48105E-5 9.34786E-6 1.22973E-5 1.22167E-5 2.38427E-5 5.04333E-5 1.21495E-4
3.7302E-7 2.6699E-7 1.19641E-7 1.82526E-7 5.07336E-7 1.38967E-7 6.23688E-7 1.57183E-6 2.896E-6 6.06886E-6 1.18017E-6 1.00218E-5 1.61792E-6 3.72302E-6 3.05676E-6 2.44166E-6 3.80225E-6 1.50383E-5 7.046E-6 2.50906E-6 1.60287E-5 1.42898E-5 1.52269E-5 1.20665E-5 8.12824E-6 4.3801E-6 4.28481E-6 3.3205E-6 3.51728E-6 4.47439E-6 4.13164E-6 5.23228E-6 5.6445E-6 5.34766E-6 1.97061E-6 1.59249E-6 3.01937E-6 5.98053E-6 6.03281E-6 5.38209E-6 1.53158E-6 2.5992E-6 1.5626E-6 1.11343E-6 3.26243E-6 2.19082E-6 3.01271E-7 3.66618E-5 1.23908E-5 9.09296E-7 2.52225E-6 3.76643E-6 1.05264E-5 6.85085E-6 7.42676E-6 2.48862E-5 1.83628E-5 5.27887E-5 3.94402E-5 2.81865E-5 2.4049E-5 2.47857E-5 2.02257E-5 1.83809E-5 1.94285E-5 3.68848E-5
9.47499E-8 4.66012E-8 6.23283E-8 9.88449E-8 5.96144E-7 6.64439E-7 2.32416E-6 5.83172E-7 7.85694E-7 6.28522E-6 5.19583E-6 1.68998E-6 8.59648E-7 3.13752E-6 4.24189E-6 2.47408E-6 3.2958E-6 1.17285E-5 1.68797E-5 1.00401E-5 1.80117E-5 1.75136E-5 1.74014E-5 1.70315E-5 1.11869E-5 6.49777E-6 4.55317E-6 3.35734E-6 3.48604E-6 4.88965E-6 6.62429E-6 8.60869E-6 6.02266E-6 6.47356E-6 2.26136E-6 6.76046E-7 1.4148E-6 2.16366E-6 2.00794E-6 5.95193E-6 2.47074E-6 2.3941E-6 8.77E-7 1.22286E-6 2.10754E-6 1.74813E-6 1.93376E-6 1.76927E-5 6.34515E-6 9.39857E-7 1.83714E-6 2.58107E-6 9.65187E-6 1.36342E-5 1.87612E-5 1.92519E-5 1.65583E-5 3.77678E-5 5.28059E-5 3.62179E-5 2.46667E-5 1.70673E-5 1.70991E-5 2.03051E-5 2.17744E-5 6.46085E-5
8.02089E-7 1.46723E-6 1.12453E-6 6.80155E-8 8.13763E-8 3.3304E-6 4.71725E-6 2.58974E-6 3.0133E-6 4.98078E-6 4.3342E-6 2.73838E-6 3.17527E-6 1.83137E-6 2.63787E-6 3.46438E-6 4.84396E-6 1.49232E-5 1.72129E-5 1.02842E-5 1.98208E-5 1.52556E-5 1.71521E-5 1.58475E-5 8.87919E-6 6.07975E-6 4.28852E-6 3.16651E-6 3.67201E-6 6.06313E-6 5.9413E-6 9.29466E-6 7.55441E-6 6.95428E-6 3.35673E-6 8.24045E-7 2.95953E-6 2.7322E-6 2.90472E-6 1.91519E-6 1.14166E-6 1.08249E-6 4.36091E-7 1.37845E-6 9.5357E-7 1.13191E-6 2.09933E-6 5.4725E-6 1.96773E-6 1.54468E-6 1.88694E-6 4.48775E-6 1.06416E-5 8.27223E-6 3.55911E-5 2.51298E-5 1.64485E-5 4.75286E-5 1.0062E-4 4.88721E-5 2.25307E-5 1.26794E-5 1.18097E-5 1.51508E-5 3.17696E-5 1.13116E-4
6.99416E-6 1.13406E-5 8.99479E-6 3.27004E-6 7.27064E-8 2.67579E-6 3.27949E-6 2.52108E-6 3.83356E-6 2.03153E-6 1.89688E-6 8.22925E-6 3.51629E-6 3.8264E-6 7.18095E-6 2.13919E-6 1.46288E-6 3.27758E-6 1.64347E-5 1.58768E-5 1.55824E-5 2.15248E-5 2.00765E-5 1.89113E-5 1.40316E-5 9.03126E-6 6.7502E-6 4.64685E-6 3.81421E-6 4.62454E-6 6.58554E-6 1.06081E-5 7.46085E-6 4.25762E-6 2.3919E-6 9.60687E-7 2.59919E-6 6.02424E-7 1.20243E-6 2.63892E-6 2.72682E-6 2.36776E-6 4.29385E-7 1.55792E-6 1.23126E-6 1.64857E-6 2.08829E-6 4.85967E-6 2.93392E-6 2.6313E-6 1.37883E-6 3.64251E-6 7.11269E-6 2.13169E-5 5.41639E-5 1.94818E-5 2.60009E-5 5.21729E-5 1.50112E-4 8.88368E-5 3.46457E-5 1.54943E-5 1.32327E-5 1.33851E-5 2.74591E-5 9.73313E-5
4.36622E-6 5.39182E-6 1.08496E-5 1.48969E-5 9.66993E-6 7.01229E-6 6.30452E-6 1.43233E-6 2.53431E-6 1.57095E-6 3.05467E-7 3.81386E-7 5.21692E-7 4.44821E-6 4.93943E-6 3.13816E-6 5.52598E-6 9.84439E-6 1.06998E-5 1.1598E-5 1.45235E-5 2.1474E-5 2.03777E-5 1.91644E-5 1.76496E-5 1.14768E-5 8.76154E-6 5.84909E-6 6.14459E-6 4.53416E-6 3.96635E-6 1.2173E-5 8.48278E-6 1.16208E-6 6.06228E-7 2.07267E-6 2.08789E-6 2.96087E-6 3.43356E-6 2.45117E-6 4.41312E-6 1.53752E-6 2.14705E-6 4.53571E-6 2.07409E-6 1.23443E-6 1.93596E-6 3.3871E-6 2.68566E-6 9.97314E-7 8.3115E-7 4.7407E-6 1.09466E-5 2.65775E-5 4.20034E-5 1.3888E-5 3.25406E-5 7.95425E-5 1.07779E-4 6.00457E-5 5.02059E-5 2.32948E-5 1.27803E-5 9.99108E-6 2.13347E-5 1.06121E-4
8.49085E-6 1.15448E-5 1.45166E-5 2.01849E-5 2.57374E-5 2.00277E-5 8.26609E-6 1.98756E-6 1.08252E-6 1.20939E-6 1.2791E-6 3.58058E-7 1.41186E-6 2.85996E-6 6.60278E-6 9.65158E-6 4.89457E-6 2.56099E-6 4.10334E-6 5.46032E-6 1.87506E-5 2.06859E-5 1.92534E-5 1.8425E-5 1.81992E-5 1.08603E-5 1.11243E-5 5.77296E-6 2.67886E-6 5.07602E-6 1.25775E-5 1.0176E-5 7.18314E-6 1.79741E-6 6.33905E-7 1.18241E-6 8.20252E-7 2.34727E-6 8.65057E-7 2.93147E-6 2.63144E-6 4.38725E-6 8.90051E-7 7.53295E-7 1.3871E-6 1.12987E-6 1.36835E-6 4.23469E-6 2.43589E-6 1.94521E-6 1.22527E-6 4.43821E-6 7.70425E-6 2.58258E-5 4.08331E-5 1.40941E-5 3.11243E-5 4.16331E-5 5.59888E-5 4.95574E-5 3.56475E-5 1.45199E-5 1.03023E-5 7.45957E-6 1.65671E-5 7.50728E-5
1.18174E-5 1.30437E-5 8.6513E-6 9.06055E-6 2.53854E-5 1.65002E-5 1.98375E-5 1.21639E-5 3.78778E-6 7.4919E-7 3.56904E-7 7.11942E-7 1.50943E-6 2.53464E-6 1.49983E-6 5.90564E-6 3.63975E-6 1.67231E-5 8.44756E-6 5.72908E-6 1.42913E-5 1.83359E-5 1.80564E-5 1.48952E-5 1.57098E-5 9.34843E-6 4.02395E-6 2.64618E-6 8.83518E-6 1.33435E-5 1.35418E-5 1.10949E-5 5.15289E-6 2.31557E-6 1.79062E-6 4.90664E-7 9.55359E-7 1.54758E-6 4.76793E-7 4.16937E-6 6.91484E-6 3.60604E-6 1.7836E-6 9.06394E-7 2.60508E-6 1.02407E-6 4.55065E-6 3.46468E-6 1.63529E-6 2.19179E-6 2.55557E-6 4.205E-6 1.15113E-5 2.56893E-5 4.55685E-5 1.96812E-5 3.70921E-5 7.91559E-5 1.20648E-4 6.80219E-5 2.68866E-5 1.78115E-5 2.90696E-5 1.12206E-5 9.48956E-6 4.54076E-5
