catData/rasterBestHybridModels/Pbengalensis/RD_BM01_RM2_LQ/Pbengalensis_stddev.asc
ncols         409
nrows         350
xllcorner     60.897278365
yllcorner     5.843756025
cellsize      0.0892857
NODATA_value  -9999
[rows 116 to 144 of 350, columns 66 to 131 of 409]
4.79102E-6 4.78761E-6 3.66405E-6 4.82915E-6 3.25045E-6 1.66964E-6 1.31788E-6 1.29403E-6 1.39511E-6 1.50682E-6 1.57046E-6 1.63201E-6 1.66345E-6 2.15186E-6 2.11388E-6 2.23358E-6 2.69767E-6 1.94663E-6 1.51622E-6 1.48154E-6 1.50488E-6 1.53701E-6 1.70244E-6 2.23546E-6 1.93456E-6 1.69702E-6 1.56311E-6 1.45018E-6 1.38502E-6 1.35274E-6 1.34522E-6 1.35266E-6 1.33368E-6 1.28421E-6 1.237E-6 1.34545E-6 1.44154E-6 1.71502E-6 2.02737E-6 2.35038E-6 2.62049E-6 2.85938E-6 3.02797E-6 3.13805E-6 3.0298E-6 2.9726E-6 2.93328E-6 3.14091E-6 3.43605E-6 3.67959E-6 3.86674E-6 3.91997E-6 3.91435E-6 3.83781E-6 3.68351E-6 3.3555E-6 2.94924E-6 2.80946E-6 3.0499E-6 3.36628E-6 3.58349E-6 3.70626E-6 3.7034E-6 3.66441E-6 3.64908E-6 3.62003E-6
4.1701E-6 4.58984E-6 4.30349E-6 4.44666E-6 3.54716E-6 1.93923E-6 1.39985E-6 1.3255E-6 1.47425E-6 1.41501E-6 1.5654E-6 1.56295E-6 1.73943E-6 1.96002E-6 2.05591E-6 2.08665E-6 2.43339E-6 2.1098E-6 1.60523E-6 1.47315E-6 1.54776E-6 1.60709E-6 1.87228E-6 2.2189E-6 2.0389E-6 1.84381E-6 1.73247E-6 1.65535E-6 1.64515E-6 1.63729E-6 1.59079E-6 1.54891E-6 1.53052E-6 1.46292E-6 1.41432E-6 1.36521E-6 1.43644E-6 1.70069E-6 2.01179E-6 2.33105E-6 2.63093E-6 2.88239E-6 3.08451E-6 3.11309E-6 3.16706E-6 3.39164E-6 3.33801E-6 3.50339E-6 3.71995E-6 3.83252E-6 3.96056E-6 3.95422E-6 4.03952E-6 4.00775E-6 3.85609E-6 3.64107E-6 3.34961E-6 3.29299E-6 3.37591E-6 3.5303E-6 3.64063E-6 3.70492E-6 3.71374E-6 3.69305E-6 3.72146E-6 3.68259E-6
4.42487E-6 3.50894E-6 4.30733E-6 4.39009E-6 4.82919E-6 2.77339E-6 1.6289E-6 1.4312E-6 1.53984E-6 1.78216E-6 1.63813E-6 1.48926E-6 1.74041E-6 1.96893E-6 1.96622E-6 2.09199E-6 2.34155E-6 2.22971E-6 1.86809E-6 1.68317E-6 1.64199E-6 1.62623E-6 2.0142E-6 2.3282E-6 2.32101E-6 2.03408E-6 1.93279E-6 1.86903E-6 1.9134E-6 1.96507E-6 1.89821E-6 1.843E-6 1.77742E-6 1.64189E-6 1.55436E-6 1.46061E-6 1.46843E-6 1.78951E-6 2.05445E-6 2.32663E-6 2.58057E-6 2.78448E-6 2.88155E-6 2.97284E-6 3.19044E-6 3.41577E-6 3.42665E-6 3.60641E-6 3.68291E-6 3.80598E-6 3.88825E-6 3.94163E-6 4.10237E-6 3.97344E-6 3.81257E-6 3.66879E-6 3.53288E-6 3.49714E-6 3.51163E-6 3.55041E-6 3.6247E-6 3.59092E-6 3.58953E-6 3.72481E-6 3.85929E-6 3.66815E-6
5.41628E-6 3.56694E-6 3.49039E-6 3.87801E-6 5.01491E-6 3.73546E-6 2.32169E-6 2.10446E-6 1.71596E-6 2.12148E-6 1.79304E-6 1.70754E-6 1.65609E-6 1.60603E-6 1.84778E-6 2.06765E-6 2.2382E-6 2.42504E-6 2.24139E-6 1.99706E-6 1.78915E-6 1.78455E-6 2.22473E-6 2.86465E-6 2.62523E-6 2.25213E-6 2.145E-6 2.07487E-6 2.09271E-6 2.17274E-6 2.17112E-6 2.16388E-6 2.02276E-6 1.8579E-6 1.73249E-6 1.59719E-6 1.57972E-6 1.81817E-6 2.05509E-6 2.2756E-6 2.43985E-6 2.61947E-6 2.73428E-6 2.86778E-6 3.15996E-6 3.27048E-6 3.33501E-6 3.50991E-6 3.73141E-6 3.71752E-6 3.72141E-6 3.61652E-6 3.70132E-6 3.66711E-6 3.66337E-6 3.59177E-6 3.46029E-6 3.46751E-6 3.47487E-6 3.42275E-6 3.442E-6 3.39262E-6 3.50329E-6 3.80412E-6 3.65944E-6 3.42477E-6
6.01824E-6 4.64713E-6 3.16327E-6 3.26202E-6 4.11644E-6 4.42085E-6 3.23561E-6 3.61925E-6 2.08721E-6 2.01906E-6 1.74078E-6 1.57559E-6 1.58177E-6 1.65457E-6 1.94299E-6 2.21256E-6 2.25011E-6 2.13015E-6 2.30799E-6 2.293E-6 2.38527E-6 2.13256E-6 2.36327E-6 2.70084E-6 2.93203E-6 2.50542E-6 2.31415E-6 2.24532E-6 2.24052E-6 2.2469E-6 2.27971E-6 2.2786E-6 2.2101E-6 2.1413E-6 1.92292E-6 1.74205E-6 1.74045E-6 1.84303E-6 2.01804E-6 2.16469E-6 2.29081E-6 2.43007E-6 2.5585E-6 2.76677E-6 3.03468E-6 3.19577E-6 3.30016E-6 3.4276E-6 3.56318E-6 3.60212E-6 3.60689E-6 3.57833E-6 3.58626E-6 3.45808E-6 3.34619E-6 3.37672E-6 3.25912E-6 3.25626E-6 3.3921E-6 3.41321E-6 3.4388E-6 3.50071E-6 3.56365E-6 3.62694E-6 3.3936E-6 3.22851E-6
6.12578E-6 5.46917E-6 4.53346E-6 3.44118E-6 3.77155E-6 4.53766E-6 4.10786E-6 4.21498E-6 2.7272E-6 2.83518E-6 1.79097E-6 1.86808E-6 1.80064E-6 1.68146E-6 1.93487E-6 2.13284E-6 2.18127E-6 2.39079E-6 2.61751E-6 2.18962E-6 2.52148E-6 2.49746E-6 2.41368E-6 2.62437E-6 2.79913E-6 2.71757E-6 2.50901E-6 2.41189E-6 2.30804E-6 2.30463E-6 2.3216E-6 2.37859E-6 2.39118E-6 2.31371E-6 2.12638E-6 1.93173E-6 1.91084E-6 2.03639E-6 2.03036E-6 2.05484E-6 2.20515E-6 2.3088E-6 2.49596E-6 2.74718E-6 2.91314E-6 3.10471E-6 3.40554E-6 3.60279E-6 3.72879E-6 3.65025E-6 3.61688E-6 3.61544E-6 3.63449E-6 3.54203E-6 3.42229E-6 3.26341E-6 3.29119E-6 3.3208E-6 3.3511E-6 3.42461E-6 3.43226E-6 3.47006E-6 3.40147E-6 3.35907E-6 3.25052E-6 3.13375E-6
6.60923E-6 5.25721E-6 4.75781E-6 4.43828E-6 4.14783E-6 4.21214E-6 4.56116E-6 4.72271E-6 3.10607E-6 4.58106E-6 2.71404E-6 2.62977E-6 2.39054E-6 1.67682E-6 1.70647E-6 2.01474E-6 2.85025E-6 2.38135E-6 2.43483E-6 2.23494E-6 2.86341E-6 3.3724E-6 2.47612E-6 2.45878E-6 2.59547E-6 2.52927E-6 2.51011E-6 2.3323E-6 2.26855E-6 2.30779E-6 2.38478E-6 2.43221E-6 2.48143E-6 2.34701E-6 2.31799E-6 2.20558E-6 2.14138E-6 2.20141E-6 2.19414E-6 2.18878E-6 2.14491E-6 2.25933E-6 2.44632E-6 2.71941E-6 3.03713E-6 3.3872E-6 3.69302E-6 3.9692E-6 3.95751E-6 3.68588E-6 3.62084E-6 3.59048E-6 3.56963E-6 3.50889E-6 3.43E-6 3.33436E-6 3.3283E-6 3.31091E-6 3.24583E-6 3.17423E-6 3.1545E-6 3.13687E-6 3.11085E-6 3.17422E-6 3.13436E-6 3.08331E-6
7.06863E-6 5.36478E-6 4.08564E-6 5.09278E-6 5.99385E-6 4.32322E-6 4.47266E-6 5.32899E-6 4.19706E-6 5.04762E-6 3.74694E-6 3.10227E-6 2.67366E-6 1.95435E-6 1.81697E-6 2.01391E-6 2.18001E-6 2.29607E-6 2.43886E-6 2.35416E-6 2.53803E-6 2.77469E-6 3.04842E-6 2.67798E-6 2.96455E-6 2.46565E-6 2.51495E-6 2.44536E-6 2.34544E-6 2.29672E-6 2.49844E-6 2.52813E-6 2.50693E-6 2.39427E-6 2.48151E-6 2.40705E-6 2.38468E-6 2.42237E-6 2.36515E-6 2.34444E-6 2.32257E-6 2.25077E-6 2.53037E-6 2.88687E-6 3.23477E-6 3.5539E-6 3.74487E-6 3.89468E-6 3.93675E-6 3.66484E-6 3.39607E-6 3.28278E-6 3.28205E-6 3.29595E-6 3.3123E-6 3.30305E-6 3.33031E-6 3.23365E-6 3.06374E-6 2.83119E-6 2.70201E-6 2.70501E-6 2.82879E-6 2.9459E-6 2.78857E-6 2.76997E-6
6.37726E-6 6.13877E-6 4.26723E-6 4.21846E-6 4.82689E-6 4.02085E-6 4.6056E-6 4.21502E-6 5.14613E-6 4.76918E-6 4.1767E-6 3.56277E-6 2.91422E-6 2.11459E-6 1.96158E-6 1.89303E-6 2.07459E-6 2.39578E-6 2.65394E-6 2.46258E-6 2.73492E-6 2.49271E-6 2.94982E-6 3.32312E-6 2.57758E-6 2.81345E-6 2.88371E-6 2.87377E-6 2.35677E-6 2.42199E-6 2.60276E-6 2.68634E-6 2.62285E-6 2.53784E-6 2.5223E-6 2.61795E-6 2.60166E-6 2.60783E-6 2.56957E-6 2.57115E-6 2.52117E-6 2.40121E-6 2.63013E-6 2.95677E-6 3.31464E-6 3.56465E-6 3.8158E-6 3.77574E-6 3.64843E-6 3.32709E-6 3.03151E-6 2.82532E-6 2.87328E-6 2.97349E-6 3.17846E-6 3.23962E-6 3.27602E-6 3.16621E-6 2.81582E-6 2.48132E-6 2.4388E-6 2.43549E-6 2.48886E-6 2.51798E-6 2.36858E-6 2.4147E-6
4.50453E-6 6.54951E-6 5.00145E-6 4.19142E-6 4.14886E-6 3.71835E-6 3.88273E-6 3.91154E-6 4.22896E-6 5.13741E-6 3.98518E-6 3.87165E-6 3.22675E-6 2.52955E-6 2.35476E-6 2.10285E-6 2.12817E-6 2.29294E-6 2.58846E-6 2.9593E-6 3.5198E-6 2.62883E-6 2.49324E-6 2.61917E-6 2.66389E-6 2.75946E-6 2.61893E-6 2.68555E-6 2.54338E-6 2.87025E-6 2.82048E-6 2.79321E-6 2.72594E-6 2.6468E-6 2.64558E-6 2.72676E-6 2.75452E-6 2.82565E-6 2.80539E-6 2.78572E-6 2.70026E-6 2.59361E-6 2.73006E-6 3.04333E-6 3.37079E-6 3.63781E-6 3.81349E-6 3.71208E-6 3.41168E-6 2.96828E-6 2.5303E-6 2.40329E-6 2.44468E-6 2.66874E-6 2.98952E-6 3.12992E-6 3.17526E-6 3.01421E-6 2.64002E-6 2.32042E-6 2.60072E-6 2.47455E-6 2.30656E-6 2.38227E-6 2.3426E-6 2.40221E-6
3.84423E-6 6.07332E-6 6.44038E-6 5.68231E-6 4.50606E-6 4.0655E-6 3.78897E-6 4.04399E-6 4.14048E-6 5.09091E-6 4.2407E-6 4.25712E-6 3.72341E-6 3.0408E-6 2.82309E-6 2.71183E-6 2.2204E-6 2.6706E-6 3.24625E-6 3.60632E-6 3.58674E-6 2.993E-6 3.83587E-6 2.87312E-6 2.70417E-6 2.93976E-6 2.79307E-6 2.73318E-6 2.82468E-6 3.216E-6 3.06608E-6 2.83504E-6 2.71166E-6 2.58261E-6 2.57599E-6 2.70898E-6 2.86799E-6 2.9388E-6 2.98277E-6 3.00591E-6 2.88575E-6 2.76324E-6 2.78179E-6 3.11326E-6 3.41552E-6 3.61403E-6 3.68359E-6 3.61487E-6 3.21604E-6 2.75846E-6 2.53422E-6 2.73935E-6 2.42388E-6 2.56149E-6 2.84884E-6 3.04146E-6 3.10925E-6 2.88167E-6 2.60826E-6 2.34827E-6 2.60549E-6 2.69517E-6 2.42694E-6 2.4074E-6 2.79343E-6 2.68013E-6
3.96241E-6 5.64197E-6 7.73808E-6 6.4988E-6 4.81223E-6 4.60563E-6 4.57182E-6 4.53773E-6 4.37649E-6 4.11949E-6 4.04271E-6 4.03706E-6 3.99728E-6 3.25253E-6 2.80105E-6 2.66517E-6 2.42821E-6 2.62201E-6 2.44026E-6 2.65396E-6 3.32405E-6 3.14812E-6 2.73586E-6 2.76601E-6 2.92394E-6 2.8547E-6 2.96249E-6 2.92534E-6 2.8579E-6 2.80165E-6 2.86991E-6 2.67825E-6 2.4691E-6 2.39827E-6 2.47276E-6 2.66498E-6 2.93371E-6 3.05059E-6 3.09611E-6 3.11483E-6 3.06356E-6 2.92649E-6 2.88695E-6 3.14226E-6 3.41592E-6 3.56281E-6 3.66967E-6 3.60718E-6 3.22753E-6 2.8314E-6 2.55552E-6 3.07872E-6 2.48196E-6 2.47029E-6 2.76832E-6 3.00575E-6 3.07778E-6 2.90461E-6 2.65607E-6 2.42179E-6 2.43671E-6 2.35158E-6 2.52984E-6 2.4551E-6 2.24611E-6 2.34735E-6
4.55405E-6 5.52915E-6 7.29575E-6 7.25987E-6 5.58055E-6 3.99055E-6 4.18266E-6 4.96638E-6 4.20572E-6 3.9879E-6 4.36435E-6 4.35422E-6 3.9073E-6 3.31174E-6 2.85362E-6 2.67549E-6 2.54907E-6 2.43068E-6 3.56331E-6 3.09592E-6 2.944E-6 3.00105E-6 2.91649E-6 3.1684E-6 2.85068E-6 2.72192E-6 2.76948E-6 2.9108E-6 2.69735E-6 2.53692E-6 3.02181E-6 2.42846E-6 2.34427E-6 2.34217E-6 2.34808E-6 2.62949E-6 2.8948E-6 3.06257E-6 3.15233E-6 3.20681E-6 3.16097E-6 3.0301E-6 2.87342E-6 3.12399E-6 3.37346E-6 3.56361E-6 3.62064E-6 3.53578E-6 3.3132E-6 2.98824E-6 2.51445E-6 2.37621E-6 2.38844E-6 2.56821E-6 2.79913E-6 2.96798E-6 3.05402E-6 2.98847E-6 2.84993E-6 2.76715E-6 2.75009E-6 2.66452E-6 3.0997E-6 3.16615E-6 2.28148E-6 2.37411E-6
5.31112E-6 6.00356E-6 7.34263E-6 7.88771E-6 5.15259E-6 4.79304E-6 4.78217E-6 5.51319E-6 4.87082E-6 4.41113E-6 4.46803E-6 4.46566E-6 3.82348E-6 3.31261E-6 2.88737E-6 2.44823E-6 2.43007E-6 2.44142E-6 2.99721E-6 3.10428E-6 3.17627E-6 3.61781E-6 3.02768E-6 2.77639E-6 3.22391E-6 2.97763E-6 2.87188E-6 2.63043E-6 3.26789E-6 3.14916E-6 3.00995E-6 3.19561E-6 3.18658E-6 3.56037E-6 2.44582E-6 2.5508E-6 2.88294E-6 3.08656E-6 3.20322E-6 3.28395E-6 3.22106E-6 3.08229E-6 2.87512E-6 3.04954E-6 3.29443E-6 3.48072E-6 3.59983E-6 3.52811E-6 3.23843E-6 3.1632E-6 2.84826E-6 2.6367E-6 2.70665E-6 2.7617E-6 2.89819E-6 2.92978E-6 3.00746E-6 3.02898E-6 3.03974E-6 3.14006E-6 3.11157E-6 3.04965E-6 3.68904E-6 2.83944E-6 2.42163E-6 2.45587E-6
5.7685E-6 6.42704E-6 7.06836E-6 5.95562E-6 5.11932E-6 6.03914E-6 5.99971E-6 6.06337E-6 5.67087E-6 4.74248E-6 4.51033E-6 4.35123E-6 3.86839E-6 3.35342E-6 2.8502E-6 2.48412E-6 1.19653E-5 2.83427E-6 2.67948E-6 4.44931E-6 3.54138E-6 4.36085E-6 3.12242E-6 2.78483E-6 2.70408E-6 2.58768E-6 2.91952E-6 3.00954E-6 2.67227E-6 2.742E-6 2.85463E-6 3.37779E-6 3.29104E-6 3.23382E-6 2.41706E-6 2.57691E-6 2.91441E-6 3.16665E-6 3.32037E-6 3.36716E-6 3.28459E-6 3.1169E-6 2.88722E-6 2.97993E-6 3.23022E-6 3.42343E-6 3.64904E-6 3.7475E-6 3.39246E-6 3.22851E-6 3.0894E-6 2.93796E-6 2.88279E-6 2.90688E-6 2.91114E-6 2.9371E-6 2.95014E-6 3.03093E-6 3.20139E-6 3.3375E-6 3.42186E-6 3.31872E-6 3.15405E-6 2.63296E-6 2.54658E-6 2.36743E-6
5.55704E-6 6.15128E-6 6.36587E-6 6.13337E-6 6.0985E-6 7.27137E-6 6.88379E-6 6.4562E-6 5.73625E-6 5.03858E-6 4.65362E-6 4.42949E-6 4.19051E-6 3.50755E-6 2.89595E-6 2.50568E-6 1.21845E-5 1.20817E-5 2.73237E-6 2.88102E-6 3.15385E-6 3.00928E-6 3.67255E-6 3.14079E-6 3.10665E-6 3.22599E-6 3.28986E-6 3.06471E-6 2.59078E-6 3.37104E-6 1.32719E-6 3.27852E-6 3.76511E-6 3.19317E-6 2.4571E-6 2.67971E-6 3.01893E-6 3.28152E-6 3.37266E-6 3.38648E-6 3.29003E-6 3.12035E-6 2.91279E-6 2.88301E-6 3.11854E-6 3.30261E-6 3.43981E-6 3.39756E-6 3.29502E-6 3.21817E-6 3.16576E-6 3.04145E-6 2.97095E-6 2.96887E-6 2.93625E-6 2.91788E-6 2.93121E-6 3.07983E-6 3.2934E-6 3.36329E-6 3.43235E-6 3.28798E-6 2.81916E-6 2.5008E-6 2.9325E-6 2.97051E-6
6.37067E-6 5.20881E-6 5.47832E-6 6.21221E-6 6.10314E-6 6.5349E-6 6.68434E-6 6.45375E-6 5.87419E-6 5.40845E-6 5.03215E-6 4.854E-6 4.48945E-6 3.76505E-6 3.14476E-6 2.64579E-6 3.0034E-6 2.77562E-6 2.85671E-6 2.71183E-6 3.08533E-6 3.02224E-6 3.52813E-6 3.41653E-6 3.55915E-6 3.2884E-6 2.81623E-6 2.81222E-6 3.46485E-6 3.68702E-6 3.10866E-6 3.41721E-6 3.4054E-6 2.76002E-6 2.65607E-6 2.8422E-6 3.08649E-6 3.32155E-6 3.402E-6 3.38062E-6 3.31489E-6 3.24854E-6 3.156E-6 3.03097E-6 2.93728E-6 3.07059E-6 3.18758E-6 3.20973E-6 3.17482E-6 3.11391E-6 3.0782E-6 2.99838E-6 2.93379E-6 2.85453E-6 2.85614E-6 2.93192E-6 3.0251E-6 3.13143E-6 3.19469E-6 3.04538E-6 2.61551E-6 2.76815E-6 2.23251E-6 2.42609E-6 2.63173E-6 2.65051E-6
9.42673E-6 4.54707E-6 4.94344E-6 4.7039E-6 4.64382E-6 4.97351E-6 5.5351E-6 6.09505E-6 5.97621E-6 5.64532E-6 5.40627E-6 5.01988E-6 4.54887E-6 4.04385E-6 3.61161E-6 3.1894E-6 3.14227E-6 3.29304E-6 3.45587E-6 3.95103E-6 3.07333E-6 2.67913E-6 2.87869E-6 3.67111E-6 3.17954E-6 3.4907E-6 3.35612E-6 3.17449E-6 3.05746E-6 2.85011E-6 3.60167E-6 4.00826E-6 2.09214E-6 2.78202E-6 2.95645E-6 3.15025E-6 3.33722E-6 3.47887E-6 3.52029E-6 3.49385E-6 3.49577E-6 3.45433E-6 3.35963E-6 3.17179E-6 2.97489E-6 2.83898E-6 2.95149E-6 3.00176E-6 2.98884E-6 2.97805E-6 2.89887E-6 2.90354E-6 2.90424E-6 2.88538E-6 2.92204E-6 2.99583E-6 3.10561E-6 3.03931E-6 2.92135E-6 2.62221E-6 2.59291E-6 2.40738E-6 2.52975E-6 2.53565E-6 2.53057E-6 2.55909E-6
6.71108E-6 4.57151E-6 4.17109E-6 3.78246E-6 3.53751E-6 3.70155E-6 4.20146E-6 5.48997E-6 6.14519E-6 5.76768E-6 5.35508E-6 4.83748E-6 4.41954E-6 4.24107E-6 4.2566E-6 3.62209E-6 3.39263E-6 3.34508E-6 3.37224E-6 4.62967E-6 4.10348E-6 3.40591E-6 3.14349E-6 4.12833E-6 2.90231E-6 3.55442E-6 2.88194E-6 3.18414E-6 3.13963E-6 2.90729E-6 2.77779E-6 3.56466E-6 3.28992E-6 2.5571E-6 2.82391E-6 3.27107E-6 3.47708E-6 3.49913E-6 3.5286E-6 3.57956E-6 3.59869E-6 3.55754E-6 3.44987E-6 3.26691E-6 3.0657E-6 2.83035E-6 2.68064E-6 2.73903E-6 2.81397E-6 2.92617E-6 2.95207E-6 2.92964E-6 2.93278E-6 2.9267E-6 2.94738E-6 2.89789E-6 2.94547E-6 2.95088E-6 2.75582E-6 2.53102E-6 2.43496E-6 2.43458E-6 2.34139E-6 2.54171E-6 2.80006E-6 1.95653E-6
5.23355E-6 5.09456E-6 5.91779E-5 5.15451E-6 6.14015E-6 4.65986E-6 3.66325E-6 4.94619E-6 5.41195E-6 4.93539E-6 4.86765E-6 4.36845E-6 3.97358E-6 4.25533E-6 4.00248E-6 3.22138E-6 3.64552E-6 4.23752E-6 3.03117E-6 2.99756E-6 4.1551E-6 4.52171E-6 4.35269E-6 3.46865E-6 3.59535E-6 9.51864E-7 1.63695E-6 3.09184E-6 2.79938E-6 2.7754E-6 3.18753E-6 3.25436E-6 2.94661E-6 2.68758E-6 2.94941E-6 3.37212E-6 3.41576E-6 3.34955E-6 3.34225E-6 3.43793E-6 3.53038E-6 3.56701E-6 3.5248E-6 3.35193E-6 3.15561E-6 2.88548E-6 2.66076E-6 2.73494E-6 2.83048E-6 2.94216E-6 2.9711E-6 2.93454E-6 2.96624E-6 2.82317E-6 2.69473E-6 2.59721E-6 2.64113E-6 2.81198E-6 2.69186E-6 2.41685E-6 2.68142E-6 2.98311E-6 2.04045E-6 2.68707E-6 2.83302E-6 2.48998E-6
6.21939E-6 5.70846E-6 8.27148E-5 8.74632E-5 7.49111E-5 6.03691E-6 3.99986E-6 4.25665E-6 4.11148E-6 3.82268E-6 3.83724E-6 3.46684E-6 3.18683E-6 3.46092E-6 3.16839E-6 3.18692E-6 3.86814E-6 4.9101E-6 3.99962E-6 3.00981E-6 3.20133E-6 3.10101E-6 4.75377E-6 3.66361E-6 3.09318E-6 3.0674E-6 3.28669E-6 3.05799E-6 3.0759E-6 3.50664E-6 3.21599E-6 2.94344E-6 2.88581E-6 2.83363E-6 2.8042E-6 3.10364E-6 3.08232E-6 2.94194E-6 2.90252E-6 3.07981E-6 3.30821E-6 3.45534E-6 3.47077E-6 3.38153E-6 3.1955E-6 2.90915E-6 2.63057E-6 2.7204E-6 2.82605E-6 2.91365E-6 2.94284E-6 2.91326E-6 2.82945E-6 2.57659E-6 2.34284E-6 2.24297E-6 2.28376E-6 2.45127E-6 2.67793E-6 2.48471E-6 2.479E-6 2.74017E-6 1.12859E-6 2.65419E-6 3.1116E-6 2.78969E-6
-9999 -9999 -9999 7.82272E-6 -9999 6.65147E-6 6.36066E-6 5.77764E-6 5.9427E-6 4.83976E-6 3.53263E-6 3.81075E-6 4.60126E-6 3.75241E-6 3.5328E-6 6.09708E-6 3.85322E-6 4.71482E-6 3.05419E-6 3.84171E-6 5.41614E-6 3.86017E-6 3.74093E-6 3.7451E-6 4.91404E-6 3.43823E-6 3.31534E-6 3.60435E-6 3.49791E-6 3.71551E-6 2.80232E-6 3.00862E-6 2.67012E-6 2.75143E-6 2.61844E-6 2.81333E-6 2.72199E-6 2.5693E-6 2.54447E-6 2.69917E-6 3.03288E-6 3.31057E-6 3.44027E-6 3.39922E-6 3.11983E-6 2.90246E-6 2.62194E-6 2.65952E-6 2.81183E-6 2.90757E-6 2.86224E-6 2.66523E-6 2.5455E-6 2.37555E-6 2.19671E-6 2.26345E-6 2.23464E-6 2.29482E-6 2.46462E-6 2.73075E-6 2.14465E-6 1.08217E-6 2.53068E-6 3.24706E-6 3.3437E-6 3.11583E-6
-9999 -9999 -9999 -9999 1.21714E-5 1.17711E-5 9.97556E-6 1.28165E-5 1.25358E-5 6.82188E-6 3.77027E-6 4.33374E-6 6.97127E-6 4.59274E-6 3.67397E-6 4.61367E-6 7.31484E-6 3.80537E-6 3.21263E-6 3.32214E-6 3.69175E-6 3.45837E-6 4.59133E-6 4.62464E-6 5.15945E-6 3.526E-6 3.73125E-6 2.80723E-6 3.59143E-6 2.93504E-6 2.91903E-6 2.94521E-6 2.90676E-6 4.03597E-6 3.0067E-6 2.67511E-6 2.61553E-6 3.18294E-6 3.00013E-6 2.54244E-6 2.87759E-6 3.21576E-6 3.37658E-6 3.35621E-6 3.1719E-6 2.93986E-6 2.62602E-6 2.57648E-6 2.81504E-6 2.94463E-6 2.84997E-6 2.65803E-6 2.62848E-6 2.45009E-6 2.26728E-6 2.69619E-6 2.51023E-6 2.44063E-6 1.36364E-6 1.63623E-6 1.21031E-6 5.27873E-7 3.06452E-6 1.82985E-6 3.07121E-6 2.40714E-6
-9999 -9999 -9999 -9999 -9999 1.39822E-5 -9999 1.07749E-5 5.74653E-6 5.1914E-6 4.0278E-6 3.87829E-6 4.05592E-6 3.52746E-6 3.63361E-6 3.60314E-6 3.89552E-6 4.55295E-6 3.80882E-6 3.89525E-6 3.57357E-6 3.73311E-6 4.91193E-6 4.63264E-6 4.72175E-6 3.44465E-6 4.00352E-6 2.65648E-6 3.56214E-6 3.46928E-6 3.12197E-6 2.9479E-6 2.75457E-6 2.798E-6 2.8297E-6 2.83439E-6 2.63401E-6 2.85774E-6 2.76077E-6 2.59571E-6 2.9306E-6 3.23192E-6 3.32403E-6 3.27216E-6 3.13102E-6 2.93703E-6 2.74201E-6 2.88812E-6 3.10871E-6 3.09738E-6 2.99214E-6 2.82224E-6 2.74588E-6 2.56395E-6 2.3422E-6 2.32246E-6 2.50512E-6 2.68931E-6 2.78191E-6 2.84173E-6 2.51249E-6 1.71689E-6 1.77399E-6 3.27259E-6 2.0182E-6 2.181E-6
-9999 -9999 -9999 -9999 -9999 1.37919E-5 1.30612E-5 1.11491E-5 7.09047E-6 1.03176E-5 5.07869E-6 4.20449E-6 4.05992E-6 3.67389E-6 3.78163E-6 3.91278E-6 4.09299E-6 4.27572E-6 4.37169E-6 4.69119E-6 4.14809E-6 2.61164E-6 4.16642E-6 4.86028E-6 5.31854E-6 4.65697E-6 4.06153E-6 3.87839E-6 3.75283E-6 3.06513E-6 2.9316E-6 3.05482E-6 2.76156E-6 2.99851E-6 3.05061E-6 3.27163E-6 2.9656E-6 2.68255E-6 2.75079E-6 2.85626E-6 3.14914E-6 3.35968E-6 3.41092E-6 3.39238E-6 3.25353E-6 3.02625E-6 2.95115E-6 3.33763E-6 3.51902E-6 3.18581E-6 2.95687E-6 2.68823E-6 2.41243E-6 2.2212E-6 2.2745E-6 2.58251E-6 2.73359E-6 2.81262E-6 3.78961E-6 3.18498E-6 3.02638E-6 3.55578E-6 3.78151E-6 1.24487E-6 1.10752E-6 2.99778E-6
-9999 -9999 -9999 -9999 -9999 -9999 -9999 9.76561E-6 6.61262E-6 6.07329E-6 4.29445E-6 4.20101E-6 4.35555E-6 5.13916E-6 3.96227E-6 3.57997E-6 3.7365E-6 3.43963E-6 3.71866E-6 4.54696E-6 4.53916E-6 4.0828E-6 4.36311E-6 3.22996E-6 5.81486E-6 4.74891E-6 3.24855E-6 3.85936E-6 3.73616E-6 3.10618E-6 3.52445E-6 4.60041E-6 2.942E-6 2.99456E-6 3.60057E-6 3.79416E-6 3.45878E-6 3.20453E-6 3.16397E-6 3.25744E-6 3.48655E-6 3.54928E-6 3.56219E-6 3.53546E-6 3.42708E-6 3.13843E-6 3.03131E-6 3.24794E-6 3.60198E-6 3.64321E-6 3.09733E-6 2.60036E-6 2.32742E-6 2.33362E-6 2.5611E-6 2.50086E-6 2.87021E-6 2.91632E-6 3.45469E-6 3.12605E-6 2.91746E-6 2.88282E-6 3.09351E-6 3.59969E-6 3.85189E-6 3.58936E-6
-9999 -9999 -9999 -9999 -9999 -9999 1.07336E-5 1.01709E-5 7.9211E-6 4.81344E-6 4.77829E-6 4.13395E-6 5.11511E-6 7.97316E-6 4.60605E-6 4.35717E-6 6.76356E-6 4.11945E-6 3.47444E-6 4.44754E-6 5.9801E-6 5.65345E-6 4.03793E-6 4.10307E-6 4.366E-6 4.10476E-6 3.6164E-6 4.23969E-6 4.03463E-6 3.3065E-6 3.07477E-6 3.0939E-6 2.9974E-6 3.29723E-6 3.76868E-6 4.06999E-6 3.92728E-6 3.77163E-6 3.77292E-6 3.94106E-6 4.01635E-6 3.89784E-6 3.76689E-6 3.92496E-6 3.57582E-6 3.0566E-6 3.07287E-6 3.25867E-6 3.83938E-6 4.11012E-6 3.33427E-6 2.62634E-6 2.25197E-6 2.52545E-6 2.97529E-6 2.677E-6 3.10948E-6 2.979E-6 2.88725E-6 3.0363E-6 3.05314E-6 2.0341E-6 2.69717E-6 3.70773E-6 3.40524E-6 3.56871E-6
-9999 -9999 -9999 -9999 -9999 -9999 1.13941E-5 1.32799E-5 -9999 5.43228E-6 5.91319E-6 4.5487E-6 4.06552E-6 4.36768E-6 3.96615E-6 4.06121E-6 4.73737E-6 3.75837E-6 3.88668E-6 5.08053E-6 7.60786E-6 7.6375E-6 6.27559E-6 4.52309E-6 4.03707E-6 4.19085E-6 4.47659E-6 4.85137E-6 4.61741E-6 3.93161E-6 3.44172E-6 3.26215E-6 3.36674E-6 3.65985E-6 3.93798E-6 4.10705E-6 4.32881E-6 4.59179E-6 4.74035E-6 4.84322E-6 4.63519E-6 4.19144E-6 3.82182E-6 3.67305E-6 3.45336E-6 3.07539E-6 3.19764E-6 3.41345E-6 3.5796E-6 3.78609E-6 3.25228E-6 2.71525E-6 2.37794E-6 2.37668E-6 2.8018E-6 2.82393E-6 3.28207E-6 3.3435E-6 3.19311E-6 3.73083E-6 4.71811E-6 3.20151E-6 3.37907E-6 3.14091E-6 3.47233E-6 3.50076E-6
-9999 -9999 -9999 -9999 -9999 -9999 -9999 2.02793E-5 7.83189E-6 4.81489E-6 6.09276E-6 6.11808E-6 5.25053E-6 4.72982E-6 4.80348E-6 4.43628E-6 4.19954E-6 4.20221E-6 4.88479E-6 6.005E-6 8.08547E-6 9.42995E-6 8.35947E-6 6.4914E-6 5.99409E-6 5.5866E-6 5.54049E-6 5.47901E-6 5.06935E-6 4.5527E-6 4.17371E-6 3.99202E-6 3.9925E-6 4.11884E-6 4.2031E-6 4.26001E-6 4.62448E-6 5.04297E-6 5.18618E-6 5.13912E-6 4.91543E-6 4.43888E-6 3.88587E-6 3.56522E-6 3.42318E-6 3.33608E-6 3.34666E-6 3.60259E-6 3.53138E-6 3.336E-6 3.1934E-6 2.81498E-6 2.67976E-6 2.66058E-6 2.91433E-6 3.2917E-6 3.67354E-6 3.49984E-6 3.04807E-6 3.34659E-6 3.67018E-6 2.9577E-6 3.15584E-6 4.01992E-6 3.27856E-6 3.67127E-6
