catData/rasterBestHybridModels/Pbengalensis/RD_BM01_RM2_LQ/Pbengalensis_median.asc
ncols         409
nrows         350
xllcorner     60.897278365
yllcorner     5.843756025
cellsize      0.0892857
NODATA_value  -9999
[rows 58 to 86 of 350, columns 132 to 197 of 409]
3.98991E-5 4.31587E-5 4.29429E-5 4.2012E-5 4.06107E-5 4.57155E-5 5.07162E-5 4.80761E-5 4.92593E-5 5.61599E-5 5.31652E-5 5.16433E-5 5.09049E-5 5.50004E-5 5.60645E-5 5.25165E-5 5.42259E-5 5.83143E-5 5.63585E-5 5.63465E-5 6.13554E-5 5.69721E-5 5.83444E-5 6.13841E-5 5.86514E-5 6.70137E-5 5.92409E-5 6.09117E-5 6.21264E-5 6.35203E-5 6.51633E-5 6.2482E-5 6.5601E-5 6.71106E-5 7.88095E-5 1.09852E-4 1.04004E-4 1.43204E-4 1.37314E-4 1.2512E-4 1.34712E-4 1.69622E-4 1.64719E-4 1.60951E-4 1.81946E-4 2.19932E-4 2.61813E-4 3.05951E-4 4.87401E-4 5.30326E-4 4.70956E-4 4.57424E-4 3.58297E-4 1.95728E-4 9.90588E-5 6.04927E-5 5.79806E-5 4.94284E-5 3.80589E-5 5.7722E-5 5.46658E-5 3.7136E-5 5.169E-5 5.64777E-5 3.28358E-5 6.65733E-5
4.15324E-5 4.47024E-5 4.80479E-5 4.72808E-5 4.58491E-5 4.23784E-5 4.38738E-5 4.79851E-5 4.80891E-5 4.90729E-5 5.12614E-5 5.08012E-5 5.57661E-5 5.45863E-5 5.45102E-5 5.40212E-5 5.61446E-5 6.51157E-5 5.88877E-5 5.17765E-5 5.28241E-5 5.06434E-5 5.66577E-5 5.8265E-5 5.71392E-5 6.39044E-5 5.96844E-5 6.01261E-5 6.2558E-5 6.27469E-5 6.57413E-5 6.30121E-5 6.48389E-5 6.85552E-5 7.23679E-5 9.03646E-5 1.17675E-4 1.38154E-4 1.41409E-4 1.40466E-4 1.24187E-4 1.3346E-4 1.48245E-4 1.80097E-4 1.95827E-4 2.37087E-4 2.49903E-4 2.69787E-4 3.88402E-4 5.52613E-4 4.85504E-4 5.12896E-4 5.35524E-4 4.52849E-4 3.0009E-4 1.69617E-4 7.80928E-5 6.68297E-5 6.54048E-5 6.85318E-5 5.37133E-5 6.54612E-5 4.70006E-5 6.157E-5 1.07811E-4 8.82328E-5
3.7966E-5 4.18318E-5 4.49842E-5 4.85088E-5 4.59123E-5 4.26442E-5 4.32556E-5 4.85617E-5 4.8615E-5 4.48114E-5 4.64591E-5 4.96694E-5 5.31466E-5 5.22693E-5 5.88221E-5 5.52118E-5 5.09738E-5 5.51797E-5 5.32501E-5 5.0217E-5 4.57765E-5 4.84678E-5 5.46552E-5 6.08079E-5 5.96385E-5 5.98945E-5 5.94164E-5 5.55971E-5 5.67384E-5 5.67327E-5 5.95355E-5 6.3452E-5 6.22429E-5 6.36602E-5 6.90729E-5 7.60833E-5 9.75833E-5 1.07776E-4 1.11975E-4 1.17266E-4 1.28558E-4 1.2624E-4 1.64846E-4 2.0306E-4 2.17093E-4 2.86447E-4 2.92214E-4 2.94883E-4 3.19225E-4 4.87974E-4 4.80627E-4 6.16333E-4 6.2119E-4 4.83425E-4 2.81617E-4 1.46936E-4 1.57112E-4 1.92667E-4 1.84999E-4 1.75391E-4 9.5327E-5 6.71692E-5 1.08029E-4 1.17396E-4 1.47515E-4 1.28354E-4
4.16075E-5 3.82023E-5 4.03516E-5 4.25426E-5 4.45465E-5 4.74671E-5 4.4448E-5 4.23383E-5 4.71745E-5 4.81325E-5 4.8969E-5 5.37571E-5 5.12699E-5 5.16523E-5 5.0323E-5 4.96258E-5 4.91309E-5 6.85443E-5 7.40458E-5 5.62225E-5 5.011E-5 4.50576E-5 5.02245E-5 5.71713E-5 7.85025E-5 5.83121E-5 6.12842E-5 5.8433E-5 5.55153E-5 5.88634E-5 6.04413E-5 7.01172E-5 6.45688E-5 6.40749E-5 6.56209E-5 7.29255E-5 7.79583E-5 9.91536E-5 9.34189E-5 8.92097E-5 1.09547E-4 1.29686E-4 1.57405E-4 1.70593E-4 1.71942E-4 2.11646E-4 2.49592E-4 2.36791E-4 3.19927E-4 4.79385E-4 5.24088E-4 6.13011E-4 6.33507E-4 5.63402E-4 4.00295E-4 3.3119E-4 7.15078E-4 4.36514E-4 4.55863E-4 3.80185E-4 2.59476E-4 1.41316E-4 2.07943E-4 2.01776E-4 1.84967E-4 7.75709E-5
3.94956E-5 3.67284E-5 3.73736E-5 3.99499E-5 4.09989E-5 4.324E-5 4.81586E-5 4.40589E-5 4.5839E-5 4.74991E-5 4.67116E-5 4.96988E-5 5.22407E-5 5.20857E-5 4.89869E-5 5.27589E-5 5.31472E-5 6.88457E-5 7.41085E-5 7.43533E-5 5.00348E-5 4.37654E-5 4.55458E-5 5.09668E-5 5.50988E-5 5.70934E-5 5.84296E-5 5.69888E-5 5.67661E-5 6.43189E-5 6.08866E-5 6.71777E-5 6.12899E-5 6.26292E-5 7.02423E-5 6.53298E-5 7.24104E-5 7.99415E-5 8.67163E-5 9.02786E-5 9.7035E-5 1.19051E-4 1.40757E-4 1.5081E-4 1.58638E-4 1.9945E-4 2.42762E-4 2.92259E-4 4.20062E-4 5.38337E-4 4.978E-4 5.34615E-4 6.05633E-4 4.93342E-4 5.60777E-4 5.8239E-4 9.1203E-4 7.29838E-4 4.721E-4 4.27506E-4 3.59182E-4 2.89156E-4 2.614E-4 1.27212E-4 9.8624E-5 5.33115E-5
3.32718E-5 3.23712E-5 3.6216E-5 5.82581E-5 6.29087E-5 4.09785E-5 4.18509E-5 4.11658E-5 4.45374E-5 4.33688E-5 4.75328E-5 5.17046E-5 4.77271E-5 4.56311E-5 4.81993E-5 5.2657E-5 5.34727E-5 6.85857E-5 7.46679E-5 5.66177E-5 5.00941E-5 4.4022E-5 4.51036E-5 5.15056E-5 5.57516E-5 5.78979E-5 5.39393E-5 5.00883E-5 5.393E-5 5.88583E-5 5.9065E-5 6.53908E-5 6.02574E-5 6.73019E-5 6.38784E-5 6.01263E-5 6.36279E-5 6.33044E-5 8.12345E-5 9.122E-5 8.74571E-5 1.13338E-4 1.27516E-4 1.31163E-4 1.51565E-4 1.82085E-4 1.91946E-4 2.98257E-4 4.60382E-4 4.62085E-4 4.41538E-4 4.2252E-4 3.56243E-4 4.71286E-4 5.5214E-4 6.84104E-4 1.0553E-3 1.30167E-3 4.06036E-4 2.02498E-4 2.0489E-4 2.24664E-4 1.96321E-4 9.09119E-5 4.3802E-5 4.91059E-5
3.23166E-5 3.12417E-5 3.39044E-5 3.62394E-5 3.93668E-5 3.82026E-5 3.73128E-5 4.42331E-5 5.18465E-5 4.52804E-5 4.18247E-5 4.42147E-5 4.29688E-5 4.40774E-5 4.68752E-5 4.67848E-5 5.19029E-5 5.41773E-5 5.82174E-5 5.56284E-5 4.92464E-5 4.46394E-5 4.87002E-5 5.37608E-5 5.61494E-5 5.35829E-5 4.92744E-5 5.24084E-5 5.43499E-5 5.71642E-5 5.81079E-5 5.775E-5 7.44566E-5 5.81344E-5 5.82487E-5 5.78624E-5 5.68685E-5 5.87522E-5 6.90018E-5 9.16185E-5 8.68187E-5 7.72243E-5 9.20256E-5 1.23109E-4 1.33575E-4 1.7424E-4 1.97763E-4 2.52249E-4 3.39877E-4 4.03188E-4 3.32474E-4 3.06011E-4 2.96416E-4 4.45038E-4 5.07355E-4 5.35139E-4 7.40489E-4 8.00717E-4 3.98014E-4 2.8275E-4 2.13996E-4 1.61013E-4 1.14258E-4 8.39053E-5 5.94865E-5 3.89899E-5
3.48957E-5 3.2548E-5 3.71933E-5 4.11495E-5 3.88114E-5 3.47173E-5 3.64645E-5 4.14509E-5 4.35557E-5 4.14175E-5 3.78297E-5 3.8315E-5 4.30566E-5 4.89002E-5 5.02117E-5 4.99967E-5 5.23695E-5 5.74148E-5 5.2861E-5 4.84254E-5 5.09188E-5 5.12013E-5 4.8589E-5 5.39265E-5 5.66232E-5 5.34766E-5 5.35775E-5 5.65395E-5 5.87165E-5 5.41443E-5 5.27459E-5 5.52998E-5 5.69063E-5 5.73208E-5 6.42939E-5 6.08992E-5 6.1665E-5 6.28E-5 7.00802E-5 7.55232E-5 7.59888E-5 7.31426E-5 8.18699E-5 9.50536E-5 1.13654E-4 1.54777E-4 2.139E-4 2.83983E-4 2.82444E-4 3.51575E-4 3.59365E-4 3.59313E-4 4.5741E-4 5.24135E-4 5.37807E-4 5.5988E-4 6.62406E-4 5.87633E-4 5.74675E-4 4.14239E-4 3.51143E-4 2.58866E-4 1.33578E-4 7.20875E-5 5.62816E-5 3.63625E-5
3.71788E-5 3.38941E-5 3.695E-5 3.97062E-5 3.74455E-5 3.65752E-5 3.55983E-5 3.55022E-5 3.56857E-5 3.77144E-5 3.50062E-5 3.81393E-5 4.27723E-5 4.81727E-5 5.05957E-5 5.39665E-5 5.26748E-5 5.33243E-5 5.13566E-5 7.31874E-5 5.4159E-5 5.47095E-5 5.00799E-5 4.89458E-5 5.05014E-5 5.59118E-5 5.80829E-5 5.49491E-5 5.57487E-5 5.57272E-5 5.62221E-5 5.9925E-5 6.19491E-5 5.98615E-5 6.04023E-5 6.08529E-5 6.30309E-5 6.60261E-5 7.02039E-5 6.66369E-5 7.06097E-5 7.72851E-5 8.47187E-5 7.24227E-5 8.59314E-5 1.44697E-4 2.16689E-4 2.84878E-4 3.07618E-4 3.38667E-4 4.40849E-4 5.05899E-4 5.93212E-4 5.3684E-4 6.72658E-4 5.9884E-4 6.12544E-4 5.80029E-4 5.85383E-4 4.58067E-4 4.14287E-4 3.74551E-4 3.11316E-4 1.87351E-4 1.04356E-4 4.17771E-5
3.37121E-5 3.25959E-5 3.1767E-5 3.53883E-5 3.99384E-5 4.15917E-5 3.81513E-5 3.52149E-5 3.58724E-5 3.68858E-5 3.64348E-5 4.13728E-5 4.64534E-5 4.79036E-5 4.646E-5 4.63308E-5 4.64157E-5 4.44065E-5 4.90041E-5 5.36266E-5 5.28046E-5 5.15723E-5 4.67274E-5 4.32919E-5 5.03343E-5 5.52493E-5 5.6118E-5 5.24094E-5 5.56664E-5 6.05772E-5 5.7344E-5 5.74035E-5 6.26165E-5 5.92716E-5 6.13906E-5 6.14745E-5 5.99396E-5 6.41396E-5 7.37825E-5 6.59477E-5 7.85389E-5 7.27914E-5 7.52887E-5 6.91509E-5 7.53064E-5 1.18394E-4 1.742E-4 2.17705E-4 2.65796E-4 3.74171E-4 4.68501E-4 5.09736E-4 4.28618E-4 4.92885E-4 6.10073E-4 6.15377E-4 5.89433E-4 5.21958E-4 4.85436E-4 5.55855E-4 4.21539E-4 5.04647E-4 3.74529E-4 2.33764E-4 1.412E-4 5.34301E-5
3.0812E-5 3.13618E-5 3.05921E-5 3.43795E-5 3.94251E-5 4.0672E-5 3.76289E-5 3.60798E-5 4.16116E-5 4.15393E-5 4.18292E-5 4.06447E-5 4.54334E-5 4.67544E-5 5.22344E-5 4.69304E-5 4.24992E-5 3.90369E-5 4.3356E-5 4.61921E-5 4.8281E-5 6.29418E-5 4.96694E-5 4.58024E-5 4.97846E-5 5.55853E-5 5.4683E-5 5.83049E-5 5.46091E-5 5.40516E-5 5.38966E-5 5.25335E-5 5.62634E-5 5.83445E-5 6.08911E-5 7.35845E-5 6.15394E-5 6.3458E-5 6.72978E-5 6.93411E-5 6.92925E-5 6.82113E-5 7.46928E-5 7.61923E-5 7.8955E-5 9.27447E-5 1.39964E-4 2.23805E-4 3.12204E-4 3.36871E-4 3.88204E-4 3.77558E-4 4.03735E-4 5.3955E-4 6.48208E-4 5.15743E-4 5.03959E-4 4.84493E-4 4.04292E-4 4.68799E-4 4.6299E-4 5.32893E-4 5.9056E-4 4.69415E-4 3.39528E-4 1.31456E-4
3.34245E-5 3.62798E-5 3.40131E-5 3.24805E-5 3.33837E-5 3.46721E-5 3.63994E-5 4.12198E-5 4.46826E-5 4.56838E-5 4.75557E-5 4.1468E-5 3.90036E-5 4.2346E-5 4.57112E-5 4.4719E-5 4.44416E-5 4.18388E-5 4.05285E-5 4.18686E-5 4.77276E-5 5.05774E-5 4.86107E-5 4.59261E-5 5.01776E-5 5.18308E-5 5.13525E-5 5.45126E-5 5.41204E-5 5.0679E-5 5.35626E-5 5.53315E-5 5.39285E-5 5.29204E-5 5.70374E-5 7.27221E-5 7.18474E-5 6.2724E-5 6.53398E-5 7.33802E-5 6.79335E-5 6.88456E-5 6.76844E-5 6.9116E-5 6.83693E-5 8.2399E-5 1.02754E-4 2.1912E-4 3.18443E-4 3.50875E-4 3.12327E-4 3.84736E-4 5.63918E-4 5.34699E-4 5.99627E-4 4.89098E-4 3.78174E-4 3.49311E-4 3.8258E-4 5.93332E-4 6.2577E-4 5.97107E-4 5.82378E-4 5.80152E-4 5.2331E-4 4.14209E-4
3.4354E-5 3.69857E-5 3.48805E-5 3.91034E-5 3.95343E-5 3.62609E-5 3.69401E-5 4.22391E-5 4.60775E-5 4.07685E-5 4.08003E-5 4.01884E-5 4.4842E-5 4.52428E-5 4.18055E-5 4.64809E-5 4.74914E-5 4.46457E-5 4.53192E-5 4.67797E-5 4.39623E-5 4.4571E-5 4.37172E-5 4.5438E-5 4.98348E-5 5.12483E-5 5.04928E-5 5.58263E-5 5.51654E-5 5.28041E-5 5.67471E-5 6.28424E-5 5.65922E-5 5.19195E-5 5.55382E-5 5.72572E-5 6.15389E-5 7.3107E-5 6.49829E-5 7.00995E-5 6.97942E-5 7.31494E-5 7.61548E-5 6.81827E-5 6.93089E-5 7.61102E-5 8.91637E-5 1.43678E-4 2.16976E-4 2.6778E-4 3.03862E-4 3.50284E-4 4.14193E-4 5.14471E-4 5.22521E-4 3.48386E-4 3.28751E-4 4.91282E-4 5.39651E-4 5.15683E-4 4.77657E-4 5.64453E-4 6.11433E-4 7.22826E-4 6.72344E-4 5.71695E-4
3.63056E-5 3.27127E-5 3.45599E-5 3.91982E-5 3.86651E-5 3.77776E-5 3.45662E-5 3.39501E-5 3.65369E-5 3.82642E-5 4.49609E-5 4.78018E-5 4.77273E-5 4.55166E-5 4.01427E-5 4.43427E-5 4.49961E-5 4.35325E-5 4.66307E-5 5.06345E-5 4.54628E-5 4.29221E-5 4.81623E-5 5.03323E-5 4.85945E-5 4.76589E-5 5.45283E-5 5.48211E-5 5.52322E-5 5.85628E-5 5.6115E-5 5.64009E-5 5.78439E-5 5.76555E-5 5.37662E-5 5.36949E-5 6.0467E-5 6.696E-5 6.84596E-5 7.29271E-5 6.59047E-5 7.47131E-5 6.81921E-5 6.79823E-5 7.05722E-5 8.86551E-5 8.23656E-5 8.70644E-5 1.27897E-4 1.75382E-4 2.37052E-4 2.7206E-4 2.57092E-4 3.35102E-4 4.03161E-4 3.54477E-4 3.06636E-4 4.47318E-4 5.17357E-4 3.93597E-4 3.91502E-4 6.50689E-4 5.31427E-4 5.4758E-4 5.89132E-4 6.06432E-4
3.57372E-5 3.22376E-5 3.19714E-5 3.61829E-5 3.87203E-5 3.59426E-5 3.35006E-5 3.61571E-5 3.76647E-5 3.86386E-5 4.57261E-5 4.59572E-5 4.53852E-5 4.53837E-5 3.98891E-5 3.73791E-5 4.29278E-5 4.91786E-5 4.49406E-5 4.43147E-5 4.21484E-5 4.2086E-5 4.83325E-5 5.03217E-5 5.23467E-5 4.87244E-5 5.25663E-5 5.28168E-5 5.33507E-5 5.48787E-5 5.36767E-5 5.56518E-5 6.11218E-5 5.88764E-5 5.64713E-5 6.00371E-5 6.20038E-5 6.45905E-5 6.47614E-5 7.28452E-5 6.6778E-5 7.25969E-5 6.63193E-5 6.12939E-5 6.53173E-5 6.79713E-5 7.33679E-5 6.91332E-5 7.2018E-5 1.01919E-4 1.43675E-4 2.34696E-4 2.53394E-4 2.28764E-4 2.8373E-4 2.79713E-4 2.58472E-4 2.93356E-4 3.70732E-4 3.34152E-4 3.84096E-4 4.48067E-4 3.40848E-4 3.91407E-4 5.25272E-4 5.81124E-4
6.19778E-5 3.39054E-5 3.18787E-5 3.37871E-5 3.31486E-5 3.14187E-5 3.46183E-5 4.0615E-5 4.1684E-5 3.79382E-5 4.14296E-5 4.39539E-5 4.42395E-5 4.35928E-5 3.86321E-5 3.852E-5 4.11051E-5 4.37457E-5 4.25742E-5 4.36252E-5 4.62327E-5 4.62663E-5 4.4019E-5 4.9642E-5 5.08073E-5 4.91211E-5 4.50558E-5 4.57009E-5 5.09578E-5 5.39199E-5 5.4383E-5 5.12923E-5 5.48787E-5 5.44917E-5 5.84017E-5 6.45287E-5 6.25471E-5 6.03317E-5 6.12122E-5 6.45338E-5 6.50869E-5 6.36595E-5 6.27338E-5 6.43091E-5 6.5588E-5 7.16031E-5 6.75349E-5 6.81386E-5 6.87008E-5 7.66924E-5 8.91074E-5 1.33438E-4 1.55151E-4 1.50025E-4 1.53794E-4 1.65418E-4 2.02716E-4 1.99587E-4 2.38586E-4 3.20271E-4 4.22189E-4 4.84755E-4 3.98812E-4 2.95993E-4 4.39767E-4 5.18661E-4
3.54358E-5 3.12451E-5 3.04781E-5 3.52595E-5 3.5935E-5 3.29483E-5 3.48356E-5 3.82387E-5 3.71803E-5 3.55756E-5 4.11773E-5 4.63095E-5 4.12142E-5 3.82587E-5 4.34302E-5 4.35989E-5 4.01905E-5 3.68906E-5 3.86284E-5 4.46112E-5 4.79226E-5 4.68199E-5 4.23815E-5 4.75327E-5 5.3476E-5 5.02589E-5 4.52466E-5 4.34365E-5 5.08911E-5 5.74406E-5 5.44023E-5 5.45636E-5 5.64767E-5 5.35739E-5 5.73667E-5 5.9531E-5 5.97495E-5 5.95664E-5 6.33355E-5 6.35178E-5 6.02008E-5 6.26862E-5 6.28907E-5 6.64008E-5 6.39963E-5 6.25333E-5 6.31101E-5 6.30758E-5 6.87445E-5 7.66907E-5 7.45057E-5 8.12286E-5 8.50499E-5 1.03721E-4 1.15747E-4 1.25987E-4 1.33019E-4 1.41498E-4 1.94433E-4 3.35855E-4 4.31259E-4 4.27172E-4 4.32247E-4 3.74016E-4 3.23954E-4 5.08698E-4
2.93361E-5 2.82528E-5 2.98309E-5 3.38019E-5 3.7189E-5 3.51718E-5 3.63218E-5 4.18239E-5 4.02329E-5 3.50295E-5 3.57997E-5 3.72406E-5 3.60323E-5 3.72833E-5 4.06842E-5 4.16093E-5 3.87408E-5 3.47054E-5 3.60714E-5 4.00944E-5 4.27018E-5 4.14652E-5 4.11242E-5 4.29105E-5 4.62E-5 4.55489E-5 4.15813E-5 4.58881E-5 5.02188E-5 5.01675E-5 5.03549E-5 5.40809E-5 5.66781E-5 5.49666E-5 5.77579E-5 6.47259E-5 6.13404E-5 6.16227E-5 6.5758E-5 6.4043E-5 6.15089E-5 7.41603E-5 6.40775E-5 6.78602E-5 6.71976E-5 7.67053E-5 6.6779E-5 6.40803E-5 6.22499E-5 6.67864E-5 6.89548E-5 7.49564E-5 7.61769E-5 8.07067E-5 9.6538E-5 1.10563E-4 1.38555E-4 1.34619E-4 1.4572E-4 2.00318E-4 2.2506E-4 3.29471E-4 4.12233E-4 3.99111E-4 3.31488E-4 3.24496E-4
2.9297E-5 2.83646E-5 3.03368E-5 3.60015E-5 3.98574E-5 3.59206E-5 3.4186E-5 3.67269E-5 3.51207E-5 3.50562E-5 3.39258E-5 3.19695E-5 2.95848E-5 2.90261E-5 3.07751E-5 3.48995E-5 3.7403E-5 3.84337E-5 3.9011E-5 4.41301E-5 4.53154E-5 4.50923E-5 4.49104E-5 4.23489E-5 4.57482E-5 4.71024E-5 4.6058E-5 4.86219E-5 5.62834E-5 5.15104E-5 4.69773E-5 5.3232E-5 5.90994E-5 5.60404E-5 5.70827E-5 6.46E-5 5.92312E-5 6.99838E-5 6.14655E-5 5.91982E-5 5.93891E-5 5.9967E-5 6.54829E-5 6.3547E-5 6.36279E-5 6.21806E-5 6.38939E-5 6.57156E-5 6.39025E-5 6.87764E-5 7.03654E-5 7.38425E-5 8.42219E-5 7.97446E-5 7.82446E-5 8.34997E-5 1.04927E-4 1.21063E-4 1.46228E-4 1.80643E-4 1.78928E-4 2.09983E-4 3.0365E-4 3.02089E-4 2.93631E-4 2.63878E-4
3.18598E-5 2.93753E-5 2.97952E-5 3.14873E-5 3.26922E-5 3.02123E-5 2.88991E-5 2.91801E-5 3.26257E-5 3.73124E-5 3.6128E-5 3.21116E-5 2.59811E-5 2.37732E-5 2.79808E-5 3.61441E-5 4.09597E-5 4.12768E-5 3.86384E-5 4.3123E-5 4.4719E-5 4.46891E-5 4.54265E-5 4.24837E-5 4.53035E-5 5.89155E-5 4.5908E-5 4.52765E-5 4.80175E-5 4.83671E-5 4.51896E-5 4.91218E-5 5.19677E-5 6.1543E-5 5.66897E-5 5.79993E-5 5.67875E-5 5.86149E-5 5.78901E-5 5.25397E-5 5.33366E-5 5.72741E-5 5.88955E-5 5.59689E-5 5.68877E-5 6.34544E-5 7.28987E-5 7.10366E-5 6.63214E-5 7.26834E-5 7.33859E-5 7.54784E-5 8.44588E-5 8.57781E-5 9.1178E-5 9.51142E-5 7.87218E-5 8.31186E-5 1.09539E-4 1.42153E-4 1.5839E-4 1.51466E-4 2.27912E-4 2.49104E-4 2.56444E-4 3.13409E-4
3.03458E-5 2.87555E-5 2.72719E-5 2.76239E-5 2.86385E-5 2.90621E-5 2.99192E-5 2.91289E-5 2.9938E-5 3.10437E-5 2.93485E-5 2.71776E-5 2.53329E-5 2.68108E-5 2.81965E-5 3.43033E-5 3.8856E-5 3.82749E-5 3.5256E-5 3.71741E-5 3.96162E-5 4.02467E-5 4.02717E-5 3.88159E-5 4.03445E-5 4.22238E-5 4.08633E-5 4.62522E-5 5.23713E-5 4.94607E-5 4.88324E-5 5.22784E-5 5.28998E-5 5.16963E-5 5.518E-5 5.62068E-5 5.80278E-5 6.13042E-5 5.75565E-5 4.97177E-5 4.4546E-5 5.04218E-5 5.71136E-5 5.97657E-5 6.05307E-5 6.1763E-5 6.5683E-5 6.59952E-5 6.7118E-5 7.11614E-5 7.07359E-5 7.19092E-5 7.83232E-5 8.17936E-5 8.167E-5 8.24863E-5 8.13099E-5 7.93772E-5 7.94422E-5 1.01398E-4 1.28805E-4 1.25346E-4 1.52542E-4 1.93791E-4 1.94884E-4 2.68518E-4
2.80749E-5 2.72271E-5 2.72127E-5 2.50362E-5 2.66313E-5 2.97418E-5 3.29386E-5 3.02278E-5 2.69402E-5 2.51408E-5 2.43325E-5 2.47014E-5 2.71431E-5 3.01817E-5 2.9629E-5 2.82127E-5 3.06726E-5 3.05297E-5 2.98656E-5 3.14194E-5 3.34591E-5 3.8751E-5 4.19102E-5 4.32338E-5 4.03274E-5 3.84302E-5 3.8396E-5 4.26089E-5 4.63338E-5 4.76574E-5 5.52788E-5 5.06701E-5 5.10373E-5 4.93316E-5 4.78682E-5 4.80634E-5 5.40826E-5 5.50127E-5 5.36067E-5 4.77432E-5 4.85076E-5 5.34398E-5 6.00438E-5 6.83221E-5 6.29235E-5 6.32431E-5 7.14382E-5 6.44851E-5 7.3E-5 7.03705E-5 7.23986E-5 7.40072E-5 7.88762E-5 7.77349E-5 8.19618E-5 7.40906E-5 8.28971E-5 7.77671E-5 7.3267E-5 7.65583E-5 1.07039E-4 1.09498E-4 1.28593E-4 1.90213E-4 2.01987E-4 2.36916E-4
2.94979E-5 2.99977E-5 2.88356E-5 2.63958E-5 2.44338E-5 2.52702E-5 2.72298E-5 2.72837E-5 2.61981E-5 2.48452E-5 2.42244E-5 2.53553E-5 2.8424E-5 3.20563E-5 2.9106E-5 2.69879E-5 2.46276E-5 2.62044E-5 2.95651E-5 3.23523E-5 3.50904E-5 3.69678E-5 4.04455E-5 4.17308E-5 3.90512E-5 4.36563E-5 4.32512E-5 3.90147E-5 3.88958E-5 4.4092E-5 4.65955E-5 4.83678E-5 5.17393E-5 4.80728E-5 4.7658E-5 5.03114E-5 5.24853E-5 4.89458E-5 4.63299E-5 4.77298E-5 5.51814E-5 5.73139E-5 5.70309E-5 6.00679E-5 5.9561E-5 6.03275E-5 6.28093E-5 6.36596E-5 6.70657E-5 7.12395E-5 6.73358E-5 8.01473E-5 8.00136E-5 7.73884E-5 6.96666E-5 7.20171E-5 7.62737E-5 8.65648E-5 7.35467E-5 7.29303E-5 7.78186E-5 8.92998E-5 1.01126E-4 1.55277E-4 2.10426E-4 2.70434E-4
2.9053E-5 3.32499E-5 2.90911E-5 2.31554E-5 2.24163E-5 2.48874E-5 2.70975E-5 2.67068E-5 2.7088E-5 2.5454E-5 2.43272E-5 2.50664E-5 2.59313E-5 2.86016E-5 2.64067E-5 2.45889E-5 2.36368E-5 2.63787E-5 2.95662E-5 3.42738E-5 3.66779E-5 3.5482E-5 3.44648E-5 3.53858E-5 3.95609E-5 4.65754E-5 4.44753E-5 4.00259E-5 4.1798E-5 4.11051E-5 3.94384E-5 4.36643E-5 4.53433E-5 4.59149E-5 5.2197E-5 5.55256E-5 5.61598E-5 5.03293E-5 4.55831E-5 5.02277E-5 5.66709E-5 6.10608E-5 5.66687E-5 5.95201E-5 5.8065E-5 5.3799E-5 6.10992E-5 6.88057E-5 6.4551E-5 6.57213E-5 6.52115E-5 7.22753E-5 7.48845E-5 9.18435E-5 7.64955E-5 7.40383E-5 7.61955E-5 8.32403E-5 8.07457E-5 7.59519E-5 8.04496E-5 8.25081E-5 7.74562E-5 1.01906E-4 1.68778E-4 2.38509E-4
2.28526E-5 2.30004E-5 2.18594E-5 2.17062E-5 2.2987E-5 2.5836E-5 2.89001E-5 2.32019E-5 2.17752E-5 2.35839E-5 2.72562E-5 2.54836E-5 2.40355E-5 2.40999E-5 2.34607E-5 2.28591E-5 2.54403E-5 2.7636E-5 2.90943E-5 3.2323E-5 3.32316E-5 3.18348E-5 2.86796E-5 3.00739E-5 3.4574E-5 3.89153E-5 3.9349E-5 4.28309E-5 4.6671E-5 4.62126E-5 4.20341E-5 4.77342E-5 5.07563E-5 5.03703E-5 5.23151E-5 5.37013E-5 5.5613E-5 5.10561E-5 4.9464E-5 4.76153E-5 5.06456E-5 5.29328E-5 5.58953E-5 6.07203E-5 5.75437E-5 5.29905E-5 5.65571E-5 6.02599E-5 6.33855E-5 6.09534E-5 6.23441E-5 6.69531E-5 7.43164E-5 8.16632E-5 7.17848E-5 8.20801E-5 8.32176E-5 8.20449E-5 8.12302E-5 8.29298E-5 8.92647E-5 8.55081E-5 7.34595E-5 8.22211E-5 9.79204E-5 1.42784E-4
1.95687E-5 1.83299E-5 1.86761E-5 2.12732E-5 2.61338E-5 2.84165E-5 2.39514E-5 2.08681E-5 2.15206E-5 2.23178E-5 2.4434E-5 2.30651E-5 2.26295E-5 2.1902E-5 2.40126E-5 2.58818E-5 2.71958E-5 4.84307E-5 3.65263E-5 3.4377E-5 3.16383E-5 3.18326E-5 3.13558E-5 3.45446E-5 3.61984E-5 3.87542E-5 4.09532E-5 4.25405E-5 4.63171E-5 4.58013E-5 4.32721E-5 4.78289E-5 5.08405E-5 4.88972E-5 4.55729E-5 5.02409E-5 5.00812E-5 4.85498E-5 5.15776E-5 5.03568E-5 4.53236E-5 4.61314E-5 4.95737E-5 5.32458E-5 5.42422E-5 5.11235E-5 5.41608E-5 5.76426E-5 5.89972E-5 5.72354E-5 6.07955E-5 7.10627E-5 7.57331E-5 7.80978E-5 7.28495E-5 7.9192E-5 7.74399E-5 7.48204E-5 7.2343E-5 7.57386E-5 7.27252E-5 6.72768E-5 7.14958E-5 8.04517E-5 7.55495E-5 8.98466E-5
1.79599E-5 1.74245E-5 1.85754E-5 2.05748E-5 2.37407E-5 2.66655E-5 2.18684E-5 2.1083E-5 2.48468E-5 2.34357E-5 2.14454E-5 2.12868E-5 2.14622E-5 2.26222E-5 2.5785E-5 2.97303E-5 3.14592E-5 3.30307E-5 3.45704E-5 3.28928E-5 3.16785E-5 3.84662E-5 4.16293E-5 4.36582E-5 4.43897E-5 4.40497E-5 5.9297E-5 4.28551E-5 4.10386E-5 4.30962E-5 4.66011E-5 4.78012E-5 4.3584E-5 4.41354E-5 4.55478E-5 5.08627E-5 4.93593E-5 4.84684E-5 5.135E-5 5.00811E-5 4.68948E-5 4.34125E-5 5.12483E-5 5.6176E-5 5.56086E-5 5.27698E-5 5.43073E-5 5.87688E-5 6.2091E-5 5.52581E-5 6.26148E-5 7.84524E-5 7.50052E-5 7.45933E-5 7.91238E-5 7.81711E-5 6.96792E-5 7.11404E-5 6.46692E-5 7.30369E-5 7.11212E-5 6.8038E-5 7.35777E-5 7.47874E-5 7.32558E-5 6.87011E-5
1.7235E-5 1.82312E-5 1.89415E-5 2.25671E-5 2.45196E-5 2.16345E-5 1.93076E-5 1.94199E-5 2.17384E-5 2.16321E-5 2.15421E-5 2.13286E-5 2.29409E-5 2.40422E-5 2.80385E-5 3.4958E-5 3.11005E-5 2.58993E-5 2.41557E-5 2.74388E-5 3.03148E-5 3.74785E-5 4.20871E-5 3.97271E-5 4.25848E-5 4.07702E-5 3.96466E-5 3.56134E-5 3.32162E-5 3.77996E-5 4.35358E-5 4.47365E-5 4.39866E-5 4.98281E-5 4.50214E-5 4.67335E-5 4.72621E-5 4.39162E-5 5.07117E-5 5.17963E-5 4.74034E-5 4.57639E-5 4.86633E-5 5.32038E-5 5.4332E-5 5.40434E-5 5.07547E-5 5.46089E-5 5.64575E-5 5.48785E-5 6.22041E-5 7.27033E-5 7.79967E-5 7.66953E-5 7.37157E-5 7.01268E-5 7.32703E-5 6.85101E-5 7.01775E-5 7.13588E-5 7.41144E-5 7.12703E-5 7.42129E-5 7.43837E-5 8.01603E-5 6.91138E-5
1.79049E-5 1.8087E-5 1.85557E-5 1.93581E-5 2.01543E-5 1.94921E-5 1.86075E-5 1.90197E-5 2.01787E-5 2.05104E-5 2.00525E-5 2.25848E-5 2.35627E-5 2.75204E-5 2.74194E-5 2.97636E-5 2.85777E-5 2.58436E-5 2.74605E-5 2.98573E-5 2.86172E-5 3.04558E-5 3.05626E-5 2.9722E-5 3.01014E-5 3.00452E-5 3.10269E-5 3.07598E-5 3.04753E-5 3.35211E-5 3.5198E-5 3.60339E-5 3.96372E-5 4.33217E-5 4.1724E-5 4.54616E-5 4.85786E-5 4.46405E-5 4.47832E-5 4.58377E-5 4.90279E-5 5.13119E-5 4.66504E-5 5.14439E-5 5.71487E-5 5.33306E-5 5.06056E-5 5.28375E-5 5.62752E-5 5.46988E-5 6.40373E-5 6.78048E-5 6.71748E-5 7.66189E-5 7.80709E-5 7.02567E-5 6.96084E-5 8.08608E-5 7.86075E-5 7.37396E-5 6.71911E-5 6.92933E-5 7.3605E-5 7.58721E-5 7.27543E-5 7.02126E-5
