catData/rasterBestHybridModels/Pbengalensis/RD_BM01_RM2_LQ/Pbengalensis_median.asc
ncols         409
nrows         350
xllcorner     60.897278365
yllcorner     5.843756025
cellsize      0.0892857
NODATA_value  -9999
[rows 174 to 202 of 350, columns 132 to 197 of 409]
6.01125E-5 8.13442E-5 8.12772E-5 6.34515E-5 5.80553E-5 4.45869E-5 2.53097E-5 1.90436E-5 3.09495E-5 3.90976E-5 2.97564E-5 4.53042E-6 1.1876E-5 3.12291E-5 3.65471E-5 3.83885E-5 4.19466E-5 4.1121E-5 2.84174E-5 3.43546E-5 2.37394E-5 3.26055E-5 2.00472E-5 3.47855E-5 3.15683E-5 2.3682E-5 3.28479E-5 1.74514E-5 4.21833E-6 5.15504E-6 1.34125E-5 7.3879E-6 3.50425E-5 7.59337E-6 2.56473E-5 3.45193E-6 5.78643E-6 7.04645E-6 4.27665E-6 5.76419E-7 1.58963E-6 2.34425E-6 2.58359E-5 1.03357E-5 7.0558E-6 1.26924E-5 1.37745E-5 8.27538E-6 1.1234E-5 1.68398E-5 2.711E-5 5.19219E-5 7.22525E-5 5.43046E-5 3.97776E-6 2.8914E-6 4.03181E-6 9.7417E-6 1.17203E-5 8.25499E-7 2.41792E-5 1.51863E-5 3.54586E-7 2.0581E-5 2.57552E-5 1.86247E-5
-9999 8.22166E-5 8.96842E-5 8.72414E-5 5.56321E-5 2.0945E-5 1.40902E-5 7.14763E-6 4.5665E-5 4.85727E-5 3.65491E-5 2.05226E-5 2.42011E-5 3.8631E-5 7.15617E-6 1.45194E-5 4.0141E-5 4.11243E-5 3.64989E-5 2.97414E-5 2.89826E-5 3.26862E-5 3.13525E-5 3.43081E-5 2.97642E-5 1.3615E-5 1.46479E-5 1.36471E-5 2.72158E-6 6.07018E-6 9.34247E-6 1.12674E-5 4.7952E-5 2.08654E-6 9.48007E-7 9.65593E-6 3.77804E-5 1.01979E-5 7.4278E-6 9.86185E-6 9.89865E-7 6.15456E-6 1.61676E-5 1.03144E-5 3.04847E-6 1.34559E-5 9.20637E-6 2.19734E-6 3.28985E-5 4.32587E-5 5.68472E-5 6.92709E-5 2.26834E-5 5.69595E-5 6.16975E-5 4.44908E-5 1.97186E-5 2.34043E-5 4.37703E-5 4.33026E-5 2.73319E-5 1.0967E-5 1.90112E-6 3.94786E-5 2.07614E-5 8.91077E-6
1.00188E-4 9.41818E-5 9.38203E-5 7.86513E-5 6.57295E-5 1.81093E-6 3.92915E-5 6.12691E-5 5.80003E-5 5.5786E-5 5.993E-5 5.02749E-5 4.45222E-5 6.54345E-6 3.42123E-5 3.13228E-6 1.26713E-5 1.24985E-5 2.03721E-5 1.23573E-5 1.34372E-5 2.85251E-5 2.75275E-5 2.40658E-5 4.08234E-5 2.06015E-5 1.08235E-5 5.57961E-6 4.29833E-6 1.11801E-5 2.01838E-5 4.38802E-5 5.68308E-5 6.68771E-5 5.56034E-5 2.25954E-5 3.38109E-5 4.04751E-5 7.20295E-6 6.25512E-6 2.36864E-5 3.69075E-6 7.07879E-6 2.03626E-6 3.33872E-6 1.26054E-5 3.28115E-5 4.85115E-5 6.4555E-5 6.66185E-5 7.60525E-5 6.4737E-5 3.69865E-5 2.84525E-6 3.66374E-5 3.65633E-6 1.49747E-5 2.34283E-5 3.51038E-5 3.23012E-5 4.07138E-5 1.16663E-5 2.47238E-5 3.05064E-5 2.17787E-5 3.72963E-5
1.01969E-4 1.119E-4 9.6813E-5 9.09289E-5 8.16605E-5 8.10146E-5 7.99024E-5 7.64365E-5 6.15682E-5 2.81433E-5 3.79381E-5 6.29683E-5 2.47972E-5 1.98802E-5 1.81543E-5 1.11144E-5 1.14278E-5 9.48886E-6 1.75423E-5 7.03111E-6 5.86194E-6 1.21148E-5 2.07458E-5 1.66983E-5 2.51185E-5 1.5344E-5 2.51977E-5 3.23147E-5 3.45539E-5 1.78767E-5 2.18792E-5 2.0541E-5 2.34281E-5 4.24495E-5 2.92279E-5 2.99412E-5 3.61344E-5 1.69824E-5 8.42537E-7 1.1425E-5 2.29577E-6 2.68772E-6 6.15705E-6 3.2056E-5 4.66151E-5 4.2472E-5 4.39516E-5 5.21088E-5 6.08066E-5 4.00399E-5 4.50264E-5 1.56738E-5 1.70928E-6 3.34799E-6 3.86573E-5 3.51017E-5 3.55737E-5 2.77361E-5 2.06528E-5 1.8386E-5 1.24622E-5 1.83349E-5 2.39605E-5 2.79834E-5 2.08169E-5 2.38844E-5
9.08369E-5 9.25289E-5 9.21575E-5 8.5604E-5 9.37824E-5 8.69011E-5 8.16474E-5 7.71095E-5 6.04493E-5 2.35482E-6 2.5726E-6 4.42305E-6 4.7643E-6 1.55737E-5 8.68435E-6 4.88503E-6 1.05496E-5 9.85421E-6 4.48565E-6 9.57318E-6 1.91712E-5 2.38244E-5 1.84416E-5 1.22067E-5 9.64285E-6 1.93339E-5 3.1361E-5 3.07746E-5 3.01079E-5 2.35831E-5 2.76425E-5 1.96127E-5 1.82757E-5 2.82268E-5 1.0149E-5 2.11291E-5 3.27595E-5 4.41927E-5 1.0475E-5 1.30444E-5 7.86267E-6 5.79928E-6 4.52272E-5 2.23839E-5 7.43463E-6 1.09748E-5 2.11019E-5 3.20499E-5 2.0461E-5 1.36783E-5 2.8621E-5 1.43139E-5 9.46929E-6 1.3967E-5 1.61494E-5 1.20384E-7 2.37013E-8 8.3341E-6 2.42326E-5 2.0999E-5 3.78313E-6 2.1492E-5 2.64342E-5 1.41454E-5 3.22264E-5 2.43877E-5
-9999 6.26868E-5 1.01526E-4 8.77598E-5 9.28149E-5 8.64919E-5 7.78233E-5 7.75785E-5 5.9976E-5 5.37171E-5 3.98147E-5 5.80442E-5 2.90311E-5 9.4776E-6 1.70098E-5 3.7835E-5 3.3466E-5 1.89386E-5 9.02165E-6 7.93366E-6 1.35768E-5 1.39074E-5 1.16675E-5 2.16936E-5 2.80275E-5 2.92988E-5 2.3545E-5 2.73288E-5 2.81524E-5 1.70314E-5 2.98486E-5 3.21665E-5 2.96138E-5 3.00994E-5 2.75606E-5 2.61186E-5 2.68128E-5 3.37503E-5 2.18203E-5 1.89265E-5 1.50787E-5 9.91511E-6 1.68131E-5 3.31233E-5 2.74856E-5 2.9892E-5 3.4486E-5 3.02685E-5 2.80508E-5 2.80928E-5 2.6748E-5 1.98846E-5 4.54106E-6 4.64446E-7 6.19524E-8 5.78535E-8 2.40851E-7 8.97449E-6 4.91239E-6 1.74794E-5 4.99856E-6 1.3188E-5 1.51548E-5 1.63109E-5 3.70806E-5 2.01918E-5
-9999 7.25757E-5 7.57176E-5 9.25132E-5 8.40726E-5 7.98867E-5 7.33633E-5 6.85907E-5 5.82295E-5 5.72607E-5 6.13743E-5 6.41044E-5 5.9714E-5 2.21231E-6 1.57818E-5 1.18754E-5 1.10368E-5 8.11648E-6 5.81732E-6 1.10268E-5 1.3406E-5 9.29254E-6 2.23176E-5 2.11566E-5 2.84799E-5 1.7538E-5 3.14467E-5 1.91577E-5 2.89193E-5 3.30515E-5 1.95265E-5 2.85584E-5 1.62769E-5 1.71118E-5 3.17223E-5 1.74863E-5 3.46262E-5 2.49939E-5 2.5639E-5 2.59308E-5 2.78645E-5 2.70098E-5 2.91335E-5 2.95484E-5 2.65033E-5 2.85878E-5 3.1074E-5 2.7469E-5 2.5404E-5 2.56195E-5 2.50146E-5 9.55488E-6 6.32811E-6 1.01296E-5 6.79539E-7 5.55551E-6 1.18642E-5 6.47545E-6 1.69192E-6 2.83188E-5 1.65108E-5 8.41823E-6 5.57419E-6 4.72984E-6 1.67963E-5 2.60986E-5
-9999 4.02004E-5 1.0493E-4 1.00558E-4 9.11144E-5 8.20268E-5 7.82468E-5 6.90051E-5 5.80411E-5 7.17065E-5 7.18668E-5 7.24871E-5 6.84402E-5 6.91862E-5 7.58318E-5 1.24521E-5 1.68557E-5 9.48652E-6 5.47115E-6 1.52525E-5 2.68528E-5 2.165E-5 1.00764E-5 1.70026E-5 2.53523E-5 2.45383E-5 2.32779E-5 1.43985E-5 2.79003E-5 3.427E-5 2.02987E-5 2.29549E-5 8.2072E-6 5.47916E-6 2.46304E-5 2.98923E-5 1.35693E-5 2.82645E-5 3.02766E-5 3.37705E-5 2.9311E-5 2.60497E-5 3.07065E-5 2.7293E-5 2.42207E-5 2.7215E-5 2.61145E-5 1.96643E-5 1.27781E-5 1.36568E-5 2.57291E-5 1.82672E-5 9.82443E-6 1.83851E-5 1.64725E-6 6.06131E-6 2.61965E-5 2.42338E-5 1.86479E-5 3.17644E-5 9.28185E-6 7.21343E-7 3.16772E-6 1.30442E-5 8.49176E-6 7.02888E-6
-9999 5.46915E-5 5.01573E-5 1.17689E-4 1.01535E-4 8.48794E-5 7.71425E-5 6.94715E-5 6.89571E-5 8.04215E-5 7.8219E-5 9.59364E-5 8.61737E-5 7.96701E-5 9.35876E-5 1.493E-5 4.57169E-5 4.20109E-5 4.41253E-5 1.95057E-5 1.36805E-5 3.20396E-5 1.3632E-5 6.74336E-6 1.19932E-5 1.55695E-5 1.58035E-5 2.75665E-5 2.82295E-5 1.83933E-5 3.00282E-5 2.16186E-5 5.06194E-6 1.69338E-5 1.6251E-5 8.32208E-6 2.80223E-5 2.59981E-5 3.01149E-5 2.79753E-5 2.98567E-5 7.64087E-6 3.26788E-5 2.04344E-5 3.09874E-5 2.97451E-5 2.356E-5 2.65226E-5 2.21862E-5 5.77371E-6 2.59481E-5 1.78343E-5 1.82704E-5 2.65598E-5 1.73817E-5 2.00784E-5 9.05132E-6 4.4973E-6 9.2174E-6 9.75835E-6 2.13264E-6 7.48894E-7 1.96473E-6 4.07699E-7 2.25261E-6 1.02405E-6
-9999 -9999 3.60213E-5 1.03684E-4 1.02096E-4 8.65786E-5 7.77305E-5 8.02665E-5 7.68967E-5 7.81727E-5 8.32961E-5 9.12626E-5 1.17076E-4 1.36713E-4 1.29679E-4 4.30754E-5 8.02641E-5 5.21944E-5 2.53067E-5 1.51335E-5 2.44239E-5 7.75922E-6 6.97746E-6 1.78537E-5 2.52427E-5 9.23153E-6 7.40409E-6 2.16943E-5 3.01378E-5 2.6682E-5 3.52294E-5 2.23802E-5 2.32383E-5 1.68989E-5 5.59304E-6 1.44736E-5 1.1251E-5 4.01539E-6 1.86489E-5 2.25876E-5 1.37614E-5 8.94039E-6 5.7965E-6 2.6634E-6 2.62053E-6 2.81674E-5 2.42015E-5 2.69567E-5 3.09802E-5 5.86583E-6 1.53239E-5 2.58282E-5 7.04208E-6 1.83406E-5 9.96895E-6 1.21702E-5 3.20521E-6 2.82552E-6 5.05399E-6 2.10082E-7 1.55871E-8 1.93967E-7 7.1281E-6 3.92231E-6 2.0962E-7 1.89291E-6
-9999 -9999 6.77772E-5 1.08475E-4 9.30528E-5 3.44606E-5 1.64517E-5 2.03412E-5 4.51732E-5 3.86678E-5 8.16184E-5 3.13593E-5 3.04227E-5 8.67162E-5 1.63865E-5 1.94326E-5 7.08917E-5 4.85904E-5 2.88203E-5 8.05387E-6 9.68432E-6 9.88595E-6 2.56541E-6 5.2853E-6 2.03091E-5 1.7243E-5 2.09951E-5 1.86917E-5 2.24218E-5 3.30569E-5 2.27121E-5 1.23584E-5 7.06476E-6 3.99339E-5 3.43319E-5 3.05255E-5 3.08698E-5 3.65545E-5 3.73401E-5 3.86197E-5 3.28963E-5 3.28646E-5 3.29148E-5 2.13563E-5 1.51331E-5 2.62826E-5 1.44454E-6 3.00876E-5 3.32007E-6 8.64223E-6 7.32519E-6 6.24522E-6 1.63112E-5 1.08146E-5 1.64234E-6 2.03783E-8 1.51908E-6 4.47956E-7 2.33899E-6 2.61213E-7 1.19451E-7 2.11177E-8 3.31825E-8 7.0322E-8 2.57343E-8 5.75305E-9
-9999 -9999 3.93943E-5 9.80995E-5 2.84987E-5 6.46773E-6 7.15376E-6 6.50828E-6 1.47051E-5 4.71937E-5 7.06053E-5 3.81281E-6 2.98967E-6 6.71942E-6 3.56213E-5 3.02484E-5 6.10191E-5 6.72309E-5 4.83414E-5 1.51159E-5 4.40432E-5 2.831E-6 1.85118E-6 4.54321E-6 2.35836E-5 3.25238E-5 3.13901E-5 8.19159E-6 8.12514E-6 1.09464E-5 2.00469E-5 3.04753E-6 2.8753E-5 5.54353E-5 1.27513E-5 1.56855E-6 3.64892E-6 1.40204E-5 3.8247E-6 4.4806E-5 4.63778E-5 4.56011E-5 2.13059E-5 1.53349E-5 1.05364E-5 9.1069E-6 2.65745E-7 1.54115E-6 1.66257E-6 1.90309E-6 2.07712E-7 5.69619E-7 9.89571E-7 7.14945E-7 3.28481E-7 6.59958E-8 5.66192E-6 6.54735E-6 7.49912E-7 5.06295E-7 1.2263E-7 2.20282E-8 8.85243E-7 3.91491E-7 1.5755E-7 3.18127E-8
-9999 9.41683E-5 6.34716E-5 1.04645E-4 1.86256E-5 3.87282E-6 1.54557E-5 2.08457E-5 2.50363E-5 6.01867E-5 4.76734E-5 8.14269E-6 4.91598E-7 5.98732E-7 1.38856E-5 1.6361E-5 3.60266E-5 3.08513E-5 5.33095E-5 6.43414E-5 4.35117E-5 8.15346E-7 1.82264E-5 6.68424E-6 3.07349E-5 2.56638E-5 4.22806E-5 1.18439E-5 3.30857E-5 3.24648E-5 4.51385E-5 6.42792E-5 6.25345E-5 5.42815E-5 2.97673E-5 3.51024E-7 4.2908E-7 1.04756E-6 5.3701E-7 8.96357E-6 2.6258E-5 3.21167E-5 3.65171E-5 3.40971E-5 2.1703E-5 2.50836E-5 5.3224E-6 5.87635E-6 5.3289E-7 9.42684E-7 8.48584E-6 7.67643E-6 1.50329E-6 1.05945E-6 3.62443E-6 1.07988E-6 1.22821E-5 9.56542E-6 5.62204E-6 3.47118E-7 1.63361E-7 4.61038E-7 4.46956E-7 1.53071E-7 7.73435E-8 9.19879E-8
-9999 4.85157E-5 2.51205E-5 5.24181E-5 9.68428E-6 1.43726E-5 4.64393E-5 4.48558E-5 2.88741E-5 6.58988E-5 4.39929E-5 3.43782E-5 2.59612E-6 7.33185E-7 5.72258E-6 2.80002E-5 1.69928E-5 1.60626E-5 1.79287E-5 5.40135E-6 1.36784E-5 3.0065E-5 3.46744E-6 3.86897E-6 1.30966E-5 1.45928E-5 4.5004E-5 5.75092E-5 1.51983E-5 2.61965E-5 3.30521E-5 7.35213E-5 7.93688E-5 6.99321E-5 1.31547E-5 7.57297E-6 8.69441E-6 8.13725E-7 1.29184E-6 3.558E-6 3.84654E-5 1.59433E-5 6.21449E-6 3.64674E-5 3.09057E-5 3.39667E-5 1.17857E-5 3.99159E-5 3.19923E-5 2.05006E-5 3.35459E-6 3.55774E-7 2.14529E-6 3.50327E-6 4.61436E-6 5.3792E-6 4.00831E-6 4.09376E-7 3.42372E-7 1.1352E-7 2.42625E-7 3.34622E-6 3.99981E-8 3.94409E-9 5.30107E-8 1.01869E-6
-9999 1.09556E-6 1.32223E-5 4.30084E-5 3.96264E-6 3.27985E-5 4.35588E-5 3.45765E-5 1.93176E-5 3.92263E-5 2.61539E-5 3.65268E-5 2.80335E-5 3.42304E-5 1.20996E-5 2.52334E-5 3.51468E-5 2.93862E-5 1.63399E-5 2.83507E-5 4.58506E-6 4.09392E-6 8.9482E-6 3.29942E-6 1.06271E-5 1.68696E-5 2.33102E-5 4.31636E-5 5.66745E-6 1.46278E-5 4.15145E-5 6.58652E-5 3.72425E-5 6.67356E-5 9.1293E-6 1.49228E-6 2.27131E-6 5.40201E-7 3.18124E-7 8.00179E-7 4.86817E-6 2.37955E-6 1.13488E-5 2.71417E-5 2.93359E-5 2.89736E-5 2.28424E-5 1.27593E-5 8.20169E-6 2.7129E-5 7.58529E-6 5.85365E-6 1.29682E-6 1.66984E-6 5.83879E-6 5.2929E-6 6.61763E-7 2.1806E-7 2.76638E-7 1.85263E-7 1.70109E-6 9.76609E-8 1.93976E-6 2.90566E-8 4.43406E-7 1.00391E-7
-9999 8.13665E-6 6.3802E-6 6.5218E-6 2.68621E-5 3.0879E-5 2.35727E-5 3.33132E-5 6.27113E-5 8.19487E-5 7.50723E-5 4.49766E-5 9.69981E-6 1.86507E-5 2.01318E-5 9.11863E-6 1.37803E-5 2.35216E-5 2.09934E-5 1.56976E-5 1.35893E-5 7.27293E-6 1.01239E-5 2.81519E-5 4.98073E-5 1.09614E-5 5.76446E-6 1.49987E-7 2.69752E-5 5.81217E-7 1.56957E-5 2.49096E-6 2.02638E-6 1.03829E-5 3.58153E-6 4.45289E-6 6.92822E-7 1.3245E-6 3.75778E-7 2.1331E-6 9.43749E-7 3.05068E-7 9.47309E-7 2.30678E-5 2.00102E-6 3.33278E-6 2.82135E-6 1.66141E-6 2.67254E-7 1.69179E-6 5.78982E-6 2.65002E-5 3.61688E-5 1.38922E-5 3.09944E-6 5.22668E-7 5.11761E-6 6.50451E-6 7.33112E-7 1.0562E-6 1.77231E-7 5.40408E-7 3.66341E-6 1.31518E-7 1.40388E-8 9.45725E-8
-9999 6.21448E-5 1.35822E-6 8.89792E-7 5.02907E-6 2.88288E-5 3.08552E-5 6.41603E-5 8.68858E-5 5.85014E-5 4.09388E-5 2.88251E-5 6.66536E-6 1.82746E-5 7.27267E-5 7.93018E-5 4.53727E-5 1.06043E-5 6.90123E-6 4.62634E-6 2.3036E-5 1.92799E-5 9.3852E-6 3.18596E-5 1.24436E-5 3.75456E-6 7.59326E-7 9.60139E-8 2.88515E-6 1.71199E-7 1.13008E-6 3.67336E-7 6.57185E-7 2.16257E-6 1.9796E-6 7.16342E-6 3.08836E-5 3.10142E-5 1.76238E-6 3.42587E-7 3.19823E-7 1.59527E-6 7.96657E-7 3.94634E-6 5.4585E-6 1.2062E-5 3.41066E-6 4.43944E-6 2.6704E-5 4.14433E-6 3.50294E-6 6.45953E-6 4.11817E-5 2.23444E-5 6.35338E-6 4.18732E-6 9.37625E-7 3.64004E-6 1.75272E-6 1.27012E-6 1.22799E-6 4.71016E-7 1.64333E-6 3.11133E-7 8.1775E-7 2.86035E-7
-9999 7.49013E-5 2.75157E-6 7.39977E-6 5.68131E-6 5.27925E-6 8.07836E-5 5.70403E-5 5.75168E-5 1.06615E-4 8.83324E-5 2.63609E-5 1.50844E-4 3.23358E-5 4.08295E-5 2.41844E-5 1.48831E-5 1.22256E-5 6.02342E-6 1.04444E-6 5.60486E-6 6.12622E-5 4.26902E-5 1.31279E-5 1.76878E-5 1.25755E-6 6.09239E-8 1.6995E-7 1.19138E-6 8.76163E-6 1.63195E-5 6.37387E-6 5.90575E-6 3.77227E-6 3.12484E-6 2.82275E-5 3.69248E-5 3.93874E-5 1.72897E-6 7.17886E-7 9.88978E-8 1.21704E-6 5.91509E-7 2.27913E-6 1.07322E-6 4.58724E-6 3.29756E-6 1.05316E-5 2.46205E-5 5.4577E-6 7.10202E-6 1.06134E-5 1.49481E-6 9.13362E-6 4.03454E-6 3.21696E-7 1.05998E-6 6.2021E-6 2.79706E-7 1.79707E-7 1.05062E-8 3.43091E-9 2.60637E-9 2.99022E-8 2.30169E-9 5.99965E-8
7.79163E-5 6.48989E-5 2.69633E-5 4.98132E-6 1.27846E-5 3.67056E-5 6.83365E-5 9.01093E-5 2.67443E-5 1.30272E-4 1.00681E-4 1.0168E-4 1.87068E-5 2.35808E-5 1.21289E-5 1.77065E-6 1.70651E-5 8.06697E-6 1.31681E-5 6.02706E-6 5.70939E-6 5.40491E-6 2.27594E-5 6.21358E-6 1.89377E-6 1.47411E-7 7.15221E-6 9.78551E-7 7.69335E-6 6.72021E-5 2.90105E-6 8.25738E-6 2.79944E-6 5.54993E-7 2.72079E-7 4.86353E-6 1.09791E-5 2.8886E-6 5.30042E-6 2.18336E-6 4.72448E-7 8.0991E-8 2.45997E-6 5.08034E-6 1.89748E-5 2.50803E-6 1.45236E-6 1.20708E-6 6.49984E-7 5.95204E-7 3.93943E-6 2.63277E-6 3.60083E-6 9.14014E-6 6.47774E-6 6.97218E-6 1.64042E-6 3.64924E-7 5.36502E-7 9.46822E-8 3.3909E-9 1.5038E-8 5.68293E-7 1.02961E-7 4.31626E-7 1.58877E-7
1.47209E-5 1.99227E-5 5.47193E-5 2.0022E-6 8.51378E-7 5.07366E-5 7.30475E-5 8.10206E-5 8.14381E-5 4.97734E-5 3.64533E-5 3.56962E-5 4.20233E-5 1.56689E-5 1.05491E-5 8.65604E-6 2.98665E-7 1.04883E-5 1.87493E-5 2.46592E-5 1.54836E-6 4.29187E-6 2.07688E-5 2.77254E-5 1.21744E-5 6.32122E-8 1.74646E-7 1.51089E-6 3.67787E-6 1.49865E-5 6.3768E-6 1.00407E-6 4.71975E-7 1.69511E-7 3.49992E-7 2.57104E-5 4.41824E-6 4.66488E-7 2.26336E-6 2.98416E-6 6.06822E-6 1.53988E-6 1.24258E-6 3.28979E-6 1.82695E-5 5.12865E-6 3.24023E-7 9.51191E-7 2.32555E-6 6.96508E-7 7.11136E-6 4.10497E-5 4.04416E-5 6.87683E-6 3.55844E-7 3.78658E-6 2.00186E-6 4.3696E-7 2.89181E-7 1.43068E-7 1.58413E-6 8.30791E-8 1.54083E-6 4.94967E-7 3.6435E-7 8.1365E-7
-9999 1.66735E-5 1.43945E-6 1.60387E-6 9.617E-7 1.00346E-5 5.4491E-5 8.71902E-6 1.30564E-5 2.90398E-5 4.28317E-6 3.7054E-5 4.51886E-6 2.65869E-5 4.31909E-5 5.79815E-6 5.39018E-6 1.57115E-6 2.23417E-7 8.41601E-6 1.16827E-5 7.43835E-6 1.32922E-6 6.89071E-6 8.14835E-6 1.6376E-6 5.3441E-7 7.9677E-8 1.4817E-7 8.75836E-6 2.66466E-6 3.01677E-6 1.4446E-6 4.2827E-7 4.27399E-7 3.40295E-7 7.18466E-7 3.74536E-8 1.48512E-7 8.42206E-7 2.63872E-6 1.20505E-5 1.05973E-5 6.11625E-6 9.4875E-6 1.47909E-5 2.3386E-6 3.63239E-6 5.95716E-7 1.83985E-6 2.26892E-6 1.28207E-6 1.18353E-5 3.85258E-6 3.87145E-7 1.4467E-7 1.1018E-6 4.52108E-8 3.00592E-8 2.96351E-7 8.62505E-8 5.77859E-7 1.01079E-6 1.37702E-6 7.69441E-7 3.53508E-6
-9999 6.1146E-5 2.93196E-5 3.1448E-6 6.56165E-7 3.6843E-6 8.73998E-6 1.7717E-5 1.87984E-5 9.84749E-5 1.93327E-5 1.03954E-5 4.56282E-6 2.99798E-5 2.31714E-5 3.80624E-5 1.95628E-5 5.80626E-6 7.62227E-6 8.75632E-6 1.21408E-5 1.57292E-5 3.93956E-6 8.76499E-6 8.24919E-6 2.18216E-5 6.99669E-6 3.46725E-6 8.55146E-7 5.17619E-6 8.02246E-6 2.48554E-6 2.8618E-6 7.60546E-6 3.57874E-6 1.07833E-5 7.98595E-7 5.76377E-8 1.96043E-7 2.27743E-7 4.45505E-8 6.84792E-7 1.44425E-5 4.82775E-6 2.04837E-6 2.50497E-6 2.17615E-6 3.85036E-6 3.46525E-6 3.96106E-7 1.718E-7 1.0443E-6 2.09127E-6 3.67653E-6 9.87787E-6 4.75689E-6 1.37531E-8 1.21501E-6 3.01982E-7 6.32719E-7 7.36933E-7 1.08359E-5 2.51373E-5 6.04828E-6 1.45599E-5 2.30336E-6
-9999 1.90293E-5 3.70134E-5 2.25045E-5 1.52541E-6 3.31924E-5 6.07451E-6 1.6038E-5 4.32504E-5 3.88302E-5 3.04951E-5 2.37951E-5 2.02661E-5 1.48551E-5 1.3334E-5 4.92244E-5 7.06447E-5 3.30949E-5 5.93024E-5 6.62577E-5 5.41092E-5 5.73627E-5 4.26086E-5 1.29585E-5 6.49789E-6 4.39895E-6 1.15151E-5 2.4657E-5 5.49238E-5 2.03497E-5 5.29407E-6 9.52607E-7 4.47449E-6 6.3382E-7 7.62659E-7 8.39741E-6 2.28001E-5 1.1066E-5 6.94645E-6 2.10757E-7 5.62897E-8 9.61091E-8 8.04561E-7 3.43702E-6 3.35213E-6 5.91606E-6 7.96111E-7 2.13564E-6 8.22292E-7 1.24231E-6 4.2679E-7 1.04875E-7 2.33253E-7 1.58814E-5 6.54792E-6 1.68967E-5 9.80075E-6 9.28213E-7 5.9758E-7 9.81833E-7 1.01488E-6 1.31685E-5 9.88984E-6 2.87191E-5 1.12586E-5 1.13874E-6
-9999 7.67386E-5 1.71983E-5 9.11222E-6 9.53092E-8 2.16595E-5 2.98855E-5 5.46566E-6 3.02709E-5 3.65975E-5 2.03717E-5 3.43485E-5 5.13674E-5 9.42256E-7 1.0224E-5 1.4367E-5 1.08733E-5 3.42845E-5 4.10547E-5 1.39836E-5 7.62117E-6 2.32545E-5 9.43869E-5 8.33682E-5 2.68125E-5 1.01155E-5 7.91453E-6 3.6218E-5 7.98595E-5 2.37504E-5 1.8037E-5 2.43965E-6 7.16541E-6 1.03855E-5 6.26386E-7 4.11231E-6 5.22377E-6 2.03356E-6 1.28289E-5 1.9651E-6 3.99428E-8 1.3271E-7 3.0588E-7 5.6928E-7 5.91224E-7 1.81698E-6 9.55908E-6 6.06177E-6 6.57943E-6 8.26205E-7 1.03891E-6 1.28429E-6 1.05947E-7 9.024E-7 5.41151E-6 1.80817E-6 3.17562E-5 3.56566E-6 3.65055E-7 2.07654E-6 1.10139E-6 1.23908E-6 1.01326E-6 7.82047E-7 9.47058E-7 9.37978E-8
-9999 3.08282E-5 2.10538E-5 4.13383E-5 1.34011E-6 7.64169E-6 2.76791E-5 3.1165E-5 3.67371E-5 3.82203E-5 3.05225E-5 1.38693E-5 1.09888E-4 1.05914E-5 8.50452E-7 1.72069E-5 2.48859E-5 2.47509E-5 1.43238E-5 1.56208E-5 4.69135E-5 5.91082E-5 7.97296E-5 7.6515E-5 4.98473E-5 2.64092E-5 2.56944E-5 1.49006E-5 2.14264E-5 2.78661E-5 8.71169E-6 4.28072E-7 1.58136E-6 2.05051E-6 4.08924E-7 1.83113E-7 1.92429E-6 4.02504E-6 6.15579E-7 9.34657E-6 1.38389E-6 5.04823E-6 1.98558E-6 9.96231E-7 6.62638E-7 7.02775E-6 6.25148E-6 1.54693E-5 8.61419E-6 7.50173E-6 1.29143E-5 2.35017E-5 1.10955E-5 7.18425E-6 1.90609E-5 5.73431E-6 1.40656E-5 7.41091E-6 2.69691E-7 6.09693E-7 1.78247E-7 6.95089E-6 2.34245E-7 1.17314E-6 2.15529E-7 1.90664E-7
-9999 5.67303E-5 7.2326E-5 2.03766E-5 3.30575E-5 2.45614E-5 2.84208E-5 5.76148E-5 4.77642E-5 5.57262E-5 5.52265E-5 4.05565E-5 9.02196E-6 1.51657E-5 3.95643E-5 6.94265E-5 2.77401E-5 6.28808E-6 3.48746E-5 1.87172E-5 8.001E-5 3.45326E-5 1.17538E-5 1.25463E-5 1.19559E-5 8.34275E-6 8.96542E-6 1.0213E-6 1.40279E-6 3.08463E-6 2.63251E-5 7.08812E-6 6.73957E-6 1.54175E-5 1.29909E-5 2.3909E-6 2.36555E-6 2.00004E-7 2.6993E-7 3.09524E-7 1.4093E-6 4.68628E-6 1.33819E-6 8.78909E-7 1.88894E-7 1.74083E-6 1.23477E-5 1.32676E-5 2.31126E-5 2.91016E-6 1.62644E-5 1.96606E-5 3.83987E-5 3.57918E-5 2.22986E-5 8.83051E-6 1.01524E-6 4.21956E-6 5.22154E-7 7.17714E-7 4.52636E-8 2.34184E-6 8.04008E-6 9.9363E-7 1.76334E-7 2.6397E-5
-9999 1.00331E-4 1.50913E-4 1.2818E-4 8.22941E-5 5.407E-5 7.24817E-6 1.88831E-5 3.03897E-5 5.1797E-5 1.07266E-4 1.99131E-5 2.20351E-6 1.53501E-5 3.1201E-5 8.35733E-6 2.90554E-5 5.5319E-5 2.45043E-5 4.77654E-5 6.94133E-5 2.68652E-5 1.25521E-5 1.19983E-5 1.55008E-5 2.90331E-5 2.95037E-5 2.20807E-5 4.78048E-6 1.37836E-5 2.3629E-5 1.06191E-5 1.61299E-5 5.4266E-6 1.50719E-6 3.48246E-6 2.06678E-6 4.92474E-6 1.13319E-5 5.64791E-6 1.00654E-5 2.40243E-7 1.98051E-6 5.83162E-7 1.83421E-6 2.94646E-6 7.44821E-6 2.6463E-5 1.21341E-5 2.88836E-6 7.96902E-6 4.28804E-5 4.539E-5 3.8688E-5 2.2896E-6 2.75272E-6 6.82327E-7 2.65716E-7 4.71575E-7 1.7305E-6 1.21282E-7 2.45681E-7 2.54175E-5 5.79422E-6 1.40033E-6 5.23331E-6
-9999 1.33498E-4 1.46049E-4 1.15129E-4 1.81778E-5 1.80424E-5 1.30939E-5 3.71569E-5 1.09349E-5 1.09193E-4 6.13285E-5 7.31748E-6 3.08168E-7 1.21107E-5 3.07504E-5 1.68079E-5 5.73381E-5 9.14559E-6 1.96258E-5 6.64588E-6 3.5421E-5 1.31737E-6 8.33231E-6 6.95778E-5 2.17244E-5 1.41032E-5 1.58309E-5 3.8737E-5 3.93177E-6 1.33054E-5 6.19111E-6 1.0972E-6 8.42952E-7 8.66382E-7 9.18457E-8 6.84331E-8 3.02703E-8 2.3276E-6 1.16097E-5 2.84619E-6 1.00169E-5 7.05177E-7 4.46044E-7 1.20776E-6 3.09236E-5 4.54514E-5 3.37708E-5 3.01576E-5 2.74139E-6 3.19764E-5 1.96583E-5 2.04151E-5 2.28009E-5 2.14574E-5 1.12572E-6 6.07654E-7 4.27182E-7 3.68566E-8 3.01986E-6 1.37608E-6 1.40421E-6 8.06048E-6 2.04969E-6 7.30931E-6 7.18539E-6 3.46401E-5
-9999 -9999 1.38162E-4 5.62645E-5 1.64679E-5 4.09489E-6 5.8958E-5 3.18505E-5 5.3706E-5 5.50881E-5 1.58422E-5 1.89539E-5 1.83616E-6 5.45287E-6 6.49869E-6 2.50471E-5 4.36026E-5 1.39963E-5 3.02161E-5 4.23951E-5 7.96352E-5 8.19742E-5 2.22771E-5 8.89355E-6 1.60573E-5 1.10128E-5 1.87259E-5 4.6806E-5 2.09996E-5 2.04555E-5 5.51899E-6 8.07079E-6 1.31098E-5 3.20247E-5 1.73582E-5 5.31423E-7 1.53207E-6 1.17428E-6 8.18989E-6 2.05375E-6 9.30689E-6 5.60297E-6 2.45736E-6 5.75242E-7 1.32783E-6 2.95785E-6 6.1653E-7 7.27792E-7 2.77911E-6 1.83377E-6 1.21509E-6 1.13652E-5 3.79462E-6 2.47146E-6 3.15569E-6 2.83611E-6 2.28264E-7 1.2947E-7 3.06564E-7 2.38432E-6 5.92667E-6 2.92943E-5 2.12317E-5 1.82318E-5 2.50709E-5 2.48694E-5
