catData/rasterBestHybridModels/Pbengalensis/RD_BM01_RM2_LQ/Pbengalensis_stddev.asc
ncols         409
nrows         350
xllcorner     60.897278365
yllcorner     5.843756025
cellsize      0.0892857
NODATA_value  -9999
[rows 87 to 115 of 350, columns 0 to 65 of 409]
-9999 -9999 -9999 -9999 -9999 -9999 1.55734E-6 9.16917E-7 7.95334E-7 8.84389E-7 1.1114E-6 1.37611E-6 1.69253E-6 1.87349E-6 1.92188E-6 2.04772E-6 2.33204E-6 2.58708E-6 3.18745E-6 4.1289E-6 4.71433E-6 4.61647E-6 4.0115E-6 3.58689E-6 3.58791E-6 3.78341E-6 4.12208E-6 4.81246E-6 5.86738E-6 5.00893E-6 5.13618E-6 6.51331E-6 7.18332E-6 7.50306E-6 7.61215E-6 7.72975E-6 7.31935E-6 5.82464E-6 4.99265E-6 4.21905E-6 3.8151E-6 3.51736E-6 3.30918E-6 3.12739E-6 3.00016E-6 2.82151E-6 2.61584E-6 2.4099E-6 2.43485E-6 2.56241E-6 2.71744E-6 2.91003E-6 2.97731E-6 2.91471E-6 2.85506E-6 2.94004E-6 3.74558E-6 5.94055E-6 7.37558E-6 8.24768E-6 8.76156E-6 1.22937E-5 1.21536E-5 1.47779E-5 1.6856E-5 2.21801E-5
-9999 -9999 -9999 -9999 -9999 -9999 1.44202E-6 1.15066E-6 1.12395E-6 1.21524E-6 1.41883E-6 1.7323E-6 2.03017E-6 2.27555E-6 2.34704E-6 2.50599E-6 2.80987E-6 3.29568E-6 3.96104E-6 4.75045E-6 5.58116E-6 5.33689E-6 4.07768E-6 3.26936E-6 3.20614E-6 3.42079E-6 3.61038E-6 3.79412E-6 3.90292E-6 3.5797E-6 3.90051E-6 4.5505E-6 5.02454E-6 5.64189E-6 5.56865E-6 5.30585E-6 5.20393E-6 4.7722E-6 4.15224E-6 3.94294E-6 3.62296E-6 3.43589E-6 3.22827E-6 3.25275E-6 3.15923E-6 2.94242E-6 2.74325E-6 2.6722E-6 2.70618E-6 2.73529E-6 2.70846E-6 2.70942E-6 2.73196E-6 3.03103E-6 3.44671E-6 3.93024E-6 5.4626E-6 8.1782E-6 7.66789E-6 7.6234E-6 9.06004E-6 1.26113E-5 1.33847E-5 1.44502E-5 2.1582E-5 3.08515E-5
-9999 -9999 -9999 -9999 -9999 -9999 -9999 8.28304E-7 1.01258E-6 1.22863E-6 1.43166E-6 1.64194E-6 1.92382E-6 2.14897E-6 2.26013E-6 2.60862E-6 2.93582E-6 3.29377E-6 3.42385E-6 3.5567E-6 4.29523E-6 4.47618E-6 2.86226E-6 2.1691E-6 2.65684E-6 3.21688E-6 3.42577E-6 3.31898E-6 3.23587E-6 3.26423E-6 3.33335E-6 3.62709E-6 4.15925E-6 4.45611E-6 4.28768E-6 4.18871E-6 3.81631E-6 3.61359E-6 3.32591E-6 3.11903E-6 3.22912E-6 3.20694E-6 3.13057E-6 3.20126E-6 3.16562E-6 3.08368E-6 2.89737E-6 2.88086E-6 2.87746E-6 2.86249E-6 2.81785E-6 2.91133E-6 3.07649E-6 3.85039E-6 4.49318E-6 4.85834E-6 6.43442E-6 7.24583E-6 8.17018E-6 9.91846E-6 1.65743E-5 1.04476E-5 1.20347E-5 2.65467E-5 3.47824E-5 3.13159E-5
-9999 -9999 -9999 -9999 -9999 -9999 -9999 4.6693E-7 6.13747E-7 8.14971E-7 1.04855E-6 1.24218E-6 1.3642E-6 1.52891E-6 1.81888E-6 2.10296E-6 2.16178E-6 2.28045E-6 2.29926E-6 2.39735E-6 2.14785E-6 1.7015E-6 1.30971E-6 1.26128E-6 1.87246E-6 2.7474E-6 3.11561E-6 3.26973E-6 3.36524E-6 3.19381E-6 3.08415E-6 3.21522E-6 3.55399E-6 3.72686E-6 3.75827E-6 3.57667E-6 3.24648E-6 2.93269E-6 3.0794E-6 2.70974E-6 2.60882E-6 2.77391E-6 3.08398E-6 3.13441E-6 3.21643E-6 3.0751E-6 2.92651E-6 2.95071E-6 3.01601E-6 3.23313E-6 3.56949E-6 3.99442E-6 3.8601E-6 3.70974E-6 3.71283E-6 4.27582E-6 6.47909E-6 8.44797E-6 1.04104E-5 1.45292E-5 2.35346E-5 1.07125E-5 1.91229E-5 5.43432E-5 6.01323E-5 6.14961E-5
-9999 -9999 -9999 -9999 -9999 -9999 -9999 3.8166E-7 4.84146E-7 6.66731E-7 7.82587E-7 9.29399E-7 1.00815E-6 1.11334E-6 1.41613E-6 1.61835E-6 1.64176E-6 1.70935E-6 1.71557E-6 1.59995E-6 1.37301E-6 1.05969E-6 9.22336E-7 9.6961E-7 1.41959E-6 2.1566E-6 2.54524E-6 2.86027E-6 3.11098E-6 3.02095E-6 2.79527E-6 2.82842E-6 3.08757E-6 3.24778E-6 3.33978E-6 3.19231E-6 2.91158E-6 2.59406E-6 2.80233E-6 3.2423E-6 2.56894E-6 2.53127E-6 2.7749E-6 3.00941E-6 3.27209E-6 3.43624E-6 3.67312E-6 4.71799E-6 4.50456E-6 4.46355E-6 4.42987E-6 3.77201E-6 3.35044E-6 3.26046E-6 3.587E-6 4.56933E-6 7.70793E-6 9.56632E-6 1.09176E-5 1.50686E-5 1.34383E-5 1.12006E-5 1.59791E-5 3.82015E-5 5.28927E-5 4.79576E-5
-9999 -9999 -9999 -9999 -9999 -9999 -9999 -9999 4.26929E-7 5.95538E-7 6.51717E-7 7.6641E-7 8.67038E-7 9.6153E-7 1.176E-6 1.33896E-6 1.40484E-6 1.35292E-6 1.40465E-6 1.23526E-6 1.03099E-6 8.74253E-7 8.20968E-7 8.58377E-7 1.11064E-6 1.57961E-6 1.99226E-6 2.33618E-6 2.6342E-6 2.70922E-6 2.56233E-6 2.55951E-6 2.71602E-6 2.82168E-6 2.86737E-6 2.82684E-6 2.67366E-6 2.41991E-6 2.49552E-6 2.83515E-6 2.53009E-6 2.7061E-6 2.93115E-6 3.34157E-6 4.2039E-6 5.39996E-6 6.4352E-6 9.90825E-6 8.79415E-6 4.71347E-6 3.38298E-6 3.12129E-6 2.9111E-6 3.01668E-6 3.62948E-6 5.03521E-6 9.46555E-6 1.12569E-5 1.17967E-5 1.56967E-5 1.33323E-5 1.13181E-5 1.41488E-5 2.68765E-5 3.14277E-5 2.78495E-5
-9999 -9999 -9999 -9999 -9999 -9999 -9999 -9999 -9999 5.37963E-7 5.81813E-7 6.68412E-7 7.42912E-7 8.67244E-7 1.05374E-6 1.26899E-6 1.35127E-6 1.25928E-6 1.15453E-6 1.07087E-6 9.51205E-7 8.5337E-7 8.10937E-7 8.14712E-7 9.12984E-7 1.17204E-6 1.53691E-6 1.85844E-6 2.132E-6 2.31365E-6 2.29461E-6 2.30001E-6 2.3996E-6 2.50965E-6 2.56764E-6 2.5851E-6 2.71308E-6 2.73953E-6 2.71665E-6 2.77276E-6 2.86107E-6 3.20007E-6 3.67698E-6 4.53715E-6 6.08555E-6 7.47703E-6 7.70022E-6 7.36552E-6 6.34235E-6 3.18041E-6 2.51081E-6 2.33567E-6 2.47866E-6 2.83786E-6 3.37042E-6 5.39227E-6 9.29388E-6 1.20201E-5 1.38893E-5 1.49961E-5 1.10686E-5 1.25029E-5 2.18003E-5 3.0917E-5 3.04297E-5 2.63436E-5
-9999 -9999 -9999 -9999 -9999 -9999 -9999 -9999 -9999 -9999 4.89131E-7 5.89542E-7 6.63033E-7 7.42573E-7 8.82481E-7 1.10323E-6 1.24743E-6 1.20028E-6 9.55557E-7 9.67811E-7 9.5422E-7 8.62804E-7 7.73262E-7 7.49385E-7 7.91096E-7 9.44387E-7 1.2123E-6 1.46263E-6 1.70745E-6 1.91661E-6 1.99918E-6 2.04447E-6 2.13384E-6 2.27243E-6 2.66743E-6 2.89593E-6 3.24277E-6 3.89737E-6 4.20088E-6 4.40094E-6 3.94664E-6 4.26744E-6 4.78747E-6 4.76236E-6 5.54219E-6 5.98903E-6 4.56418E-6 3.15127E-6 2.53676E-6 2.37593E-6 2.4625E-6 2.13836E-6 2.30584E-6 2.53405E-6 3.35133E-6 5.79654E-6 8.76577E-6 1.11069E-5 1.30015E-5 1.30049E-5 9.47852E-6 1.62254E-5 2.53362E-5 3.48697E-5 3.40047E-5 2.73684E-5
-9999 -9999 -9999 -9999 -9999 -9999 -9999 -9999 -9999 -9999 -9999 -9999 6.06788E-7 6.45325E-7 7.27873E-7 8.5519E-7 9.91504E-7 1.06285E-6 9.18595E-7 9.43943E-7 9.81321E-7 8.76914E-7 7.47202E-7 7.07739E-7 7.39694E-7 8.37073E-7 9.86395E-7 1.15748E-6 1.37121E-6 1.58745E-6 1.71247E-6 1.83003E-6 1.98588E-6 2.27858E-6 2.93613E-6 3.58461E-6 4.65518E-6 5.84684E-6 6.47538E-6 5.33147E-6 4.03356E-6 4.2151E-6 4.30047E-6 3.9663E-6 4.43422E-6 3.7841E-6 2.92485E-6 2.41865E-6 2.11951E-6 2.09383E-6 2.58868E-6 2.19521E-6 2.12848E-6 2.55122E-6 3.78991E-6 7.07794E-6 9.5052E-6 1.01303E-5 1.17185E-5 1.37886E-5 2.1555E-5 3.51413E-5 3.2244E-5 3.64439E-5 2.66171E-5 1.75113E-5
-9999 -9999 -9999 -9999 -9999 -9999 -9999 -9999 -9999 -9999 -9999 -9999 -9999 -9999 -9999 -9999 8.59695E-7 9.36072E-7 9.70564E-7 9.54805E-7 9.29107E-7 8.65579E-7 8.38487E-7 8.14934E-7 7.80661E-7 7.76375E-7 8.15608E-7 9.08127E-7 1.0744E-6 1.27296E-6 1.42734E-6 1.72527E-6 2.0231E-6 2.39991E-6 3.15331E-6 4.03321E-6 4.60043E-6 4.56119E-6 4.30789E-6 3.80821E-6 3.27976E-6 3.25521E-6 3.27387E-6 2.92287E-6 2.80964E-6 2.66693E-6 2.47807E-6 2.4139E-6 2.26559E-6 2.02532E-6 2.07496E-6 2.10467E-6 2.24494E-6 2.67285E-6 4.29624E-6 7.88202E-6 1.10854E-5 9.7131E-6 1.27428E-5 1.9684E-5 4.05413E-5 4.44727E-5 3.05743E-5 1.60991E-5 1.08563E-5 1.03271E-5
-9999 -9999 -9999 -9999 -9999 -9999 -9999 -9999 -9999 -9999 -9999 -9999 -9999 -9999 -9999 -9999 -9999 -9999 9.64939E-7 9.29251E-7 8.57806E-7 8.49152E-7 9.25875E-7 9.36235E-7 8.90637E-7 8.11787E-7 7.5753E-7 7.97235E-7 9.09273E-7 1.06412E-6 1.21402E-6 1.48667E-6 1.74413E-6 1.96558E-6 2.36847E-6 2.64806E-6 2.64464E-6 2.67154E-6 2.66231E-6 2.59978E-6 2.58133E-6 2.52657E-6 2.44049E-6 2.32856E-6 2.36095E-6 2.4313E-6 2.52154E-6 2.47494E-6 2.30679E-6 2.22221E-6 2.298E-6 2.34472E-6 2.53117E-6 3.0175E-6 5.04661E-6 8.5845E-6 1.04641E-5 8.22833E-6 8.04879E-6 1.42892E-5 2.36161E-5 1.83753E-5 1.16825E-5 8.22717E-6 1.00698E-5 1.02981E-5
-9999 -9999 -9999 -9999 -9999 -9999 -9999 -9999 -9999 -9999 -9999 -9999 -9999 -9999 -9999 -9999 -9999 -9999 -9999 7.80382E-7 6.95458E-7 7.87028E-7 9.57331E-7 1.02464E-6 1.01286E-6 9.52614E-7 8.5893E-7 7.86911E-7 8.28705E-7 9.61332E-7 1.18175E-6 1.41553E-6 1.52187E-6 1.62834E-6 1.74276E-6 1.91342E-6 2.01133E-6 2.1137E-6 2.16957E-6 2.19156E-6 2.22902E-6 2.21309E-6 2.18966E-6 2.21821E-6 2.33941E-6 2.42027E-6 2.48787E-6 2.49888E-6 2.4107E-6 2.44638E-6 2.50122E-6 2.61531E-6 3.07098E-6 4.08528E-6 6.06519E-6 9.05105E-6 9.77637E-6 8.68905E-6 1.01159E-5 1.00848E-5 1.39246E-5 9.99527E-6 1.21194E-5 8.958E-6 1.03602E-5 1.66948E-5
-9999 -9999 -9999 -9999 -9999 -9999 -9999 -9999 -9999 -9999 -9999 -9999 -9999 -9999 -9999 -9999 -9999 -9999 -9999 -9999 -9999 7.83108E-7 1.01787E-6 1.10117E-6 1.15199E-6 1.1096E-6 9.67344E-7 7.74326E-7 7.6848E-7 8.49908E-7 9.5257E-7 1.15751E-6 1.33579E-6 1.46931E-6 1.60118E-6 1.73778E-6 1.82088E-6 1.81048E-6 1.79834E-6 1.85447E-6 1.91447E-6 1.9879E-6 1.9627E-6 2.10293E-6 2.28651E-6 2.41961E-6 2.4614E-6 2.4938E-6 2.53668E-6 2.6236E-6 2.69183E-6 2.94691E-6 4.15403E-6 5.15739E-6 5.53844E-6 7.44875E-6 9.99578E-6 1.00013E-5 1.00477E-5 1.05773E-5 1.43015E-5 1.22418E-5 1.15569E-5 1.10579E-5 1.06795E-5 1.16037E-5
-9999 -9999 -9999 -9999 -9999 -9999 -9999 -9999 -9999 -9999 -9999 -9999 -9999 -9999 -9999 -9999 -9999 -9999 -9999 -9999 -9999 7.8157E-7 9.46732E-7 1.12442E-6 1.32792E-6 1.42176E-6 1.1423E-6 8.66457E-7 8.07023E-7 8.47531E-7 9.08223E-7 9.88392E-7 1.10211E-6 1.23242E-6 1.37355E-6 1.5114E-6 1.57094E-6 1.58649E-6 1.62097E-6 1.70001E-6 1.76777E-6 1.78522E-6 1.87803E-6 2.0629E-6 2.13597E-6 2.23925E-6 2.31407E-6 2.40154E-6 2.56491E-6 2.70239E-6 2.84424E-6 3.60221E-6 5.53913E-6 6.85826E-6 6.76129E-6 8.13737E-6 1.11474E-5 1.03785E-5 9.86372E-6 1.11889E-5 1.09848E-5 1.06245E-5 1.0702E-5 9.00463E-6 8.32365E-6 7.10315E-6
-9999 -9999 -9999 -9999 -9999 -9999 -9999 -9999 -9999 -9999 -9999 -9999 -9999 -9999 -9999 -9999 -9999 -9999 -9999 -9999 -9999 8.63092E-7 9.81842E-7 1.12649E-6 1.27799E-6 1.31377E-6 1.262E-6 1.05428E-6 8.62234E-7 8.75876E-7 9.36439E-7 9.84653E-7 1.0383E-6 1.09387E-6 1.16727E-6 1.24269E-6 1.33492E-6 1.44998E-6 1.52968E-6 1.58349E-6 1.62442E-6 1.63826E-6 1.72756E-6 1.84244E-6 1.95132E-6 2.11058E-6 2.25184E-6 2.35325E-6 2.50311E-6 2.7653E-6 3.25011E-6 4.20986E-6 6.46603E-6 7.3353E-6 6.3057E-6 8.65574E-6 1.45848E-5 1.34468E-5 1.02441E-5 1.31265E-5 1.16043E-5 8.98383E-6 7.96812E-6 7.44118E-6 7.69957E-6 7.36068E-6
-9999 -9999 -9999 -9999 -9999 -9999 -9999 -9999 -9999 -9999 -9999 -9999 -9999 -9999 -9999 -9999 -9999 -9999 -9999 -9999 -9999 1.10374E-6 1.11251E-6 1.15015E-6 1.23255E-6 1.21016E-6 1.15798E-6 1.16029E-6 1.04821E-6 1.04269E-6 1.07331E-6 1.0792E-6 1.10645E-6 1.13304E-6 1.15497E-6 1.16926E-6 1.2065E-6 1.29387E-6 1.37089E-6 1.43033E-6 1.45775E-6 1.47357E-6 1.58292E-6 1.68568E-6 1.8099E-6 1.96968E-6 2.15598E-6 2.28925E-6 2.52984E-6 3.14434E-6 4.22611E-6 5.67286E-6 7.31806E-6 7.08299E-6 6.14911E-6 7.57062E-6 1.1891E-5 1.24472E-5 1.16224E-5 1.19802E-5 1.07357E-5 1.03647E-5 6.83924E-6 5.96875E-6 9.79193E-6 1.14133E-5
-9999 -9999 -9999 -9999 -9999 -9999 -9999 -9999 -9999 -9999 -9999 -9999 -9999 -9999 -9999 -9999 -9999 -9999 -9999 -9999 -9999 1.34386E-6 1.3418E-6 1.31682E-6 1.29837E-6 1.29439E-6 1.27343E-6 1.29047E-6 1.24766E-6 1.22927E-6 1.2751E-6 1.29477E-6 1.29126E-6 1.3063E-6 1.32865E-6 1.36075E-6 1.38373E-6 1.41061E-6 1.41117E-6 1.41763E-6 1.4158E-6 1.40394E-6 1.49626E-6 1.62488E-6 1.76356E-6 1.98935E-6 2.25283E-6 2.42898E-6 2.97639E-6 4.3347E-6 5.95483E-6 7.37736E-6 7.30251E-6 6.40875E-6 5.96301E-6 7.39636E-6 9.13958E-6 9.06762E-6 8.97849E-6 1.02097E-5 1.11162E-5 1.02514E-5 5.93212E-6 4.94647E-6 6.80185E-6 8.46862E-6
-9999 -9999 -9999 -9999 -9999 -9999 -9999 -9999 -9999 -9999 -9999 -9999 -9999 -9999 -9999 -9999 -9999 -9999 -9999 -9999 -9999 1.64632E-6 1.65983E-6 1.61512E-6 1.55472E-6 1.53417E-6 1.57701E-6 1.58548E-6 1.55722E-6 1.51834E-6 1.53122E-6 1.59635E-6 1.60134E-6 1.55306E-6 1.60929E-6 1.64682E-6 1.63009E-6 1.61112E-6 1.57972E-6 1.58417E-6 1.60632E-6 1.61685E-6 1.64471E-6 1.67203E-6 1.86112E-6 2.31767E-6 2.65356E-6 2.96052E-6 3.98028E-6 5.3886E-6 6.9423E-6 7.38834E-6 6.54645E-6 5.67045E-6 6.1739E-6 7.81215E-6 8.22125E-6 7.60897E-6 7.51621E-6 8.75904E-6 7.29007E-6 6.81565E-6 5.70462E-6 6.31556E-6 8.38369E-6 4.12328E-6
-9999 -9999 -9999 -9999 -9999 -9999 -9999 -9999 -9999 -9999 -9999 -9999 -9999 -9999 -9999 -9999 -9999 -9999 -9999 -9999 -9999 1.93806E-6 1.95773E-6 1.96523E-6 1.9448E-6 1.91E-6 1.89757E-6 1.89475E-6 1.92429E-6 1.94665E-6 1.98496E-6 2.08065E-6 2.07367E-6 2.01521E-6 2.07041E-6 2.10786E-6 2.07611E-6 2.00223E-6 1.95122E-6 2.00457E-6 2.12694E-6 2.26911E-6 2.25732E-6 2.03597E-6 2.06735E-6 2.5775E-6 3.31154E-6 4.21019E-6 5.3192E-6 6.33394E-6 7.40343E-6 6.78645E-6 5.74802E-6 5.45743E-6 6.12012E-6 7.61948E-6 7.25903E-6 6.80093E-6 6.76041E-6 6.42343E-6 6.00145E-6 7.57637E-6 9.04215E-6 5.39549E-6 5.15537E-6 3.18859E-6
-9999 -9999 -9999 -9999 -9999 -9999 -9999 -9999 -9999 -9999 -9999 -9999 -9999 -9999 -9999 -9999 -9999 -9999 -9999 -9999 -9999 2.21149E-6 2.29527E-6 2.38308E-6 2.43751E-6 2.39497E-6 2.28343E-6 2.23406E-6 2.25106E-6 2.26604E-6 2.38214E-6 2.47391E-6 2.45818E-6 2.53805E-6 2.54558E-6 2.57875E-6 2.61229E-6 2.62434E-6 2.79612E-6 3.15101E-6 3.38315E-6 3.35957E-6 3.0139E-6 2.84713E-6 3.48817E-6 4.58048E-6 5.30725E-6 5.63427E-6 5.80908E-6 6.14196E-6 6.4886E-6 5.73352E-6 5.3559E-6 5.1985E-6 5.5255E-6 6.77879E-6 7.10448E-6 1.03655E-5 8.34237E-6 6.59442E-6 7.89536E-6 7.72827E-6 5.57976E-6 4.12358E-6 3.79014E-6 4.23735E-6
-9999 -9999 -9999 -9999 -9999 -9999 -9999 -9999 -9999 -9999 -9999 -9999 -9999 -9999 -9999 -9999 -9999 -9999 -9999 -9999 -9999 2.50029E-6 2.6429E-6 2.82401E-6 2.98723E-6 3.01533E-6 2.8289E-6 2.68013E-6 2.67546E-6 2.63094E-6 2.76184E-6 2.83231E-6 3.09469E-6 3.14506E-6 3.21303E-6 3.1942E-6 3.19183E-6 3.33196E-6 3.71915E-6 4.15137E-6 4.3777E-6 4.38067E-6 4.85376E-6 5.64977E-6 6.38942E-6 6.86586E-6 6.16705E-6 5.50643E-6 5.36248E-6 5.8517E-6 5.81325E-6 5.13411E-6 5.35423E-6 5.5458E-6 5.46778E-6 6.40534E-6 8.14072E-6 1.4183E-5 9.3219E-6 6.39216E-6 8.62772E-6 8.1233E-6 8.0125E-6 7.58854E-6 5.29739E-6 4.84168E-6
-9999 -9999 -9999 -9999 -9999 -9999 -9999 -9999 -9999 -9999 -9999 -9999 -9999 -9999 -9999 -9999 -9999 -9999 -9999 -9999 -9999 2.96495E-6 3.19592E-6 3.47671E-6 3.82261E-6 4.01646E-6 3.88522E-6 3.67211E-6 3.39263E-6 3.31452E-6 3.64766E-6 3.54559E-6 4.02814E-6 3.90066E-6 4.0736E-6 4.20095E-6 4.23945E-6 4.3809E-6 4.5987E-6 5.44125E-6 6.21856E-6 7.23717E-6 7.82767E-6 7.488E-6 6.91514E-6 6.20039E-6 5.45908E-6 5.58525E-6 6.09521E-6 6.30681E-6 5.60624E-6 5.28021E-6 6.06803E-6 6.08399E-6 5.51734E-6 6.41928E-6 8.3384E-6 1.03192E-5 6.7961E-6 6.72577E-6 8.77218E-6 7.745E-6 9.19144E-6 1.0293E-5 7.12143E-6 5.04711E-6
-9999 -9999 -9999 -9999 -9999 -9999 -9999 -9999 -9999 -9999 -9999 -9999 -9999 -9999 -9999 -9999 -9999 -9999 -9999 -9999 -9999 4.54365E-6 5.16748E-6 5.83056E-6 6.80948E-6 7.2641E-6 5.93229E-6 4.08151E-6 3.38974E-6 3.7034E-6 4.43672E-6 5.32696E-6 5.99476E-6 5.47813E-6 4.75874E-6 4.72436E-6 4.78888E-6 5.57656E-6 6.98957E-6 8.26695E-6 8.44142E-6 8.24124E-6 7.60291E-6 6.69224E-6 6.09217E-6 5.63055E-6 5.83315E-6 6.51731E-6 6.2425E-6 5.54723E-6 5.42539E-6 6.8674E-6 8.23752E-6 6.11563E-6 5.69652E-6 6.74459E-6 6.13315E-6 5.22037E-6 5.19248E-6 6.90955E-6 9.4297E-6 8.00867E-6 9.48023E-6 1.07563E-5 7.27167E-6 5.86312E-6
-9999 -9999 -9999 -9999 -9999 -9999 -9999 -9999 -9999 -9999 -9999 -9999 -9999 -9999 -9999 -9999 -9999 -9999 -9999 -9999 -9999 -9999 6.34301E-6 -9999 -9999 -9999 6.04401E-6 3.64472E-6 3.96289E-6 5.5003E-6 6.40879E-6 6.21995E-6 5.51314E-6 4.71521E-6 4.44014E-6 5.12648E-6 6.05408E-6 7.29691E-6 8.22301E-6 8.14838E-6 7.63611E-6 7.22326E-6 6.82805E-6 6.47858E-6 6.20129E-6 6.19711E-6 6.48339E-6 5.83163E-6 5.16183E-6 5.09149E-6 5.97625E-6 7.86183E-6 6.90162E-6 4.77751E-6 5.73717E-6 5.75033E-6 4.3113E-6 4.52675E-6 5.47466E-6 7.50948E-6 8.84288E-6 7.74795E-6 9.6173E-6 1.04798E-5 8.28847E-6 7.18257E-6
-9999 -9999 -9999 -9999 -9999 -9999 -9999 -9999 -9999 -9999 -9999 -9999 -9999 -9999 -9999 -9999 -9999 -9999 -9999 -9999 -9999 -9999 -9999 -9999 -9999 -9999 -9999 3.15417E-6 3.34765E-6 4.08725E-6 4.51613E-6 4.60412E-6 4.34014E-6 4.24463E-6 5.00921E-6 5.74715E-6 5.51701E-6 5.92467E-6 6.22427E-6 6.321E-6 6.6597E-6 6.89099E-6 7.00327E-6 7.13385E-6 7.11686E-6 6.41373E-6 5.3956E-6 4.86695E-6 4.78821E-6 5.24668E-6 6.46985E-6 6.70874E-6 4.87565E-6 5.22427E-6 8.14866E-6 5.3229E-6 3.8002E-6 4.90833E-6 6.25934E-6 8.86826E-6 8.38677E-6 6.6453E-6 7.8668E-6 9.0286E-6 7.42519E-6 6.45052E-6
-9999 -9999 -9999 -9999 -9999 -9999 -9999 -9999 -9999 -9999 -9999 -9999 -9999 -9999 -9999 -9999 -9999 -9999 -9999 -9999 -9999 -9999 -9999 -9999 -9999 -9999 2.658E-6 2.91883E-6 3.10798E-6 3.47211E-6 3.82084E-6 4.00408E-6 3.95699E-6 3.92631E-6 4.05615E-6 4.65733E-6 3.77015E-6 3.64548E-6 4.46028E-6 5.58058E-6 6.64248E-6 7.09175E-6 7.81216E-6 7.51064E-6 6.06002E-6 5.28372E-6 4.99214E-6 4.92333E-6 4.89512E-6 5.52988E-6 6.34269E-6 5.30956E-6 5.37085E-6 7.98392E-6 8.88603E-6 4.64418E-6 4.07555E-6 5.41515E-6 5.05779E-6 6.37829E-6 7.27372E-6 5.88184E-6 6.31908E-6 6.43395E-6 5.81058E-6 5.0556E-6
-9999 -9999 -9999 -9999 -9999 -9999 -9999 -9999 -9999 -9999 -9999 -9999 -9999 -9999 -9999 -9999 -9999 -9999 -9999 -9999 -9999 -9999 -9999 -9999 -9999 -9999 2.69971E-6 2.93019E-6 3.18643E-6 3.58167E-6 3.8223E-6 3.79712E-6 3.448E-6 2.94344E-6 3.05524E-6 5.57697E-6 4.54374E-6 3.48005E-6 4.39336E-6 6.07512E-6 7.27488E-6 7.70681E-6 7.1377E-6 6.22389E-6 5.83743E-6 5.65436E-6 5.74528E-6 5.6823E-6 5.11055E-6 6.31186E-6 5.85492E-6 4.88771E-6 7.36771E-6 9.13351E-6 5.51531E-6 3.96684E-6 5.25691E-6 5.92532E-6 5.78205E-6 9.14221E-6 7.0422E-6 6.81379E-6 6.43278E-6 5.40938E-6 5.91201E-6 4.75604E-6
-9999 -9999 -9999 -9999 -9999 -9999 -9999 -9999 -9999 -9999 -9999 -9999 -9999 -9999 -9999 -9999 -9999 -9999 -9999 -9999 -9999 -9999 -9999 -9999 -9999 -9999 -9999 3.57171E-6 3.51909E-6 3.82911E-6 4.46944E-6 4.47446E-6 4.12369E-6 3.25828E-6 2.92301E-6 4.03096E-6 4.50908E-6 4.7599E-6 5.1443E-6 6.1011E-6 6.70964E-6 6.68712E-6 6.46274E-6 6.18784E-6 6.32335E-6 6.8474E-6 6.9892E-6 6.04448E-6 5.75162E-6 5.83512E-6 5.04512E-6 6.10753E-6 1.00676E-5 7.2383E-6 4.3078E-6 4.67788E-6 6.34876E-6 5.79946E-6 6.49044E-6 1.23458E-5 7.10197E-6 6.55381E-6 7.73141E-6 7.03332E-6 6.52926E-6 5.4491E-6
-9999 -9999 -9999 -9999 -9999 -9999 -9999 -9999 -9999 -9999 -9999 -9999 -9999 -9999 -9999 -9999 -9999 -9999 -9999 -9999 -9999 -9999 -9999 -9999 -9999 -9999 4.08015E-6 4.07558E-6 4.10103E-6 4.37589E-6 4.89661E-6 5.11924E-6 4.50171E-6 4.07872E-6 3.62205E-6 3.85707E-6 4.53109E-6 4.79452E-6 5.52606E-6 6.37629E-6 6.91123E-6 7.12843E-6 6.71911E-6 6.73121E-6 6.86485E-6 6.58468E-6 5.94561E-6 6.324E-6 6.71815E-6 6.23206E-6 4.60506E-6 5.36137E-6 6.21216E-6 4.5393E-6 4.43992E-6 6.41127E-6 7.13662E-6 6.33832E-6 6.64063E-6 1.24453E-5 7.43334E-6 6.52955E-6 7.1561E-6 9.0056E-6 7.43537E-6 5.7799E-6
