catData/rasterBestHybridModels/Pbengalensis/RD_BM01_RM2_LQ/Pbengalensis_stddev.asc
ncols         409
nrows         350
xllcorner     60.897278365
yllcorner     5.843756025
cellsize      0.0892857
NODATA_value  -9999
[rows 203 to 231 of 350, columns 198 to 263 of 409]
2.66686E-6 2.77558E-6 2.72305E-6 3.08086E-6 2.98607E-6 2.20183E-6 2.62096E-6 2.98069E-6 1.87642E-6 2.14275E-6 8.25933E-7 5.56557E-7 3.80061E-7 1.18269E-7 1.42735E-7 2.75606E-7 1.32014E-6 2.68172E-6 1.46781E-6 7.91688E-7 5.41558E-6 7.52194E-6 4.65671E-6 4.69015E-6 3.18072E-6 1.94864E-6 5.62176E-6 7.28448E-6 5.35753E-6 4.32747E-6 3.87779E-6 5.23431E-6 4.90295E-6 4.37508E-6 4.07077E-6 9.05717E-7 6.48627E-6 6.33262E-6 8.8697E-6 7.02891E-6 9.14463E-6 7.70106E-6 1.57133E-6 4.35256E-6 9.2228E-6 1.1994E-5 1.22602E-5 1.38776E-5 1.13922E-5 1.45267E-5 1.43999E-5 9.86342E-6 6.63588E-6 1.14793E-5 4.94924E-6 7.96969E-6 7.24099E-6 5.4816E-6 5.57665E-6 4.86411E-6 8.40999E-6 8.38454E-6 8.61785E-6 1.02848E-5 2.95355E-5 1.27318E-5
3.05429E-6 2.07515E-6 3.31377E-6 3.28383E-6 3.19064E-6 2.5822E-6 3.01362E-6 2.62056E-6 2.57362E-6 2.50975E-6 1.73126E-6 1.61502E-7 1.43834E-7 4.50284E-7 1.25952E-6 7.95802E-7 2.08E-7 2.468E-6 3.38086E-6 9.89224E-7 1.03825E-6 2.76146E-6 4.68648E-6 2.90853E-6 4.39359E-6 5.00959E-6 5.45604E-6 6.16775E-6 6.21757E-6 8.83797E-6 5.55346E-6 5.28926E-6 5.3463E-6 5.66733E-6 7.99206E-6 9.28202E-6 8.18668E-6 1.34301E-5 1.11048E-5 1.79046E-5 9.02559E-6 5.01333E-6 3.31281E-7 5.30382E-6 1.64072E-5 1.71075E-5 1.99145E-5 1.62493E-5 1.28514E-5 1.51159E-5 1.52776E-5 9.11188E-6 6.20034E-6 6.05638E-6 6.05651E-6 4.44545E-6 5.23511E-6 8.04252E-6 9.41438E-6 5.66887E-6 6.69562E-6 9.97954E-6 8.14E-6 6.37436E-6 8.71328E-6 9.83613E-6
3.60284E-6 1.37487E-6 2.38185E-6 3.39655E-6 3.08241E-6 2.63904E-6 2.62325E-6 2.71254E-6 2.85304E-6 7.05821E-7 3.38942E-6 9.30938E-7 1.3817E-7 8.67964E-7 2.56674E-7 1.82972E-6 8.40487E-7 1.58459E-7 1.01017E-6 2.3681E-6 3.43269E-6 2.82381E-6 2.02448E-6 3.24278E-6 2.03118E-6 6.75263E-6 5.21031E-6 5.50076E-6 5.37428E-6 9.64349E-6 5.18512E-6 4.52776E-6 5.2185E-6 6.77853E-6 7.79504E-6 8.40113E-6 7.2952E-6 1.05524E-5 1.29821E-5 1.49252E-5 9.66519E-6 7.8942E-6 3.56469E-6 9.81529E-6 1.22346E-5 1.37496E-5 9.01637E-6 1.05183E-5 6.31562E-6 1.77317E-5 1.47294E-5 1.55218E-5 4.61795E-6 6.40118E-6 6.09666E-6 4.93282E-6 4.56997E-6 1.00094E-5 9.93168E-6 4.73981E-6 5.74899E-6 9.28622E-6 7.29487E-6 5.77539E-6 7.60242E-6 1.11647E-5
3.96802E-6 2.06948E-6 3.81068E-6 3.19285E-6 3.33718E-6 2.86322E-6 3.16884E-6 2.67062E-6 3.03179E-6 2.89095E-6 2.82788E-6 2.29294E-6 1.63578E-6 5.30637E-7 4.14523E-7 2.80444E-7 2.31838E-7 5.91804E-7 5.25042E-7 2.46504E-6 2.49057E-6 3.76436E-6 2.00599E-6 1.06897E-6 4.39539E-6 8.66021E-6 6.04339E-6 6.84984E-6 5.79664E-6 2.0385E-5 1.04665E-5 5.26038E-6 5.67095E-6 5.82507E-6 6.23745E-6 5.43763E-6 4.89658E-6 5.9858E-6 8.77873E-6 6.80051E-6 6.57212E-6 7.63696E-6 8.09635E-6 1.08011E-5 1.10869E-5 2.02335E-6 2.23573E-6 1.61778E-5 1.72935E-5 1.70002E-5 9.87302E-6 7.03444E-6 4.36579E-6 4.79472E-6 2.69131E-6 4.66322E-6 4.60988E-6 6.30972E-6 8.43029E-6 6.13195E-6 4.59708E-6 8.76771E-6 1.08603E-5 8.42056E-6 6.57767E-6 -9999
3.7878E-6 3.56896E-6 3.09314E-6 2.06431E-6 1.5622E-6 2.03807E-6 2.4814E-6 2.95681E-6 3.19334E-6 3.1319E-6 1.32321E-6 2.87851E-6 1.37825E-6 1.19487E-6 6.76043E-7 4.74277E-7 4.3235E-7 2.73551E-6 1.61638E-6 2.47597E-6 5.85587E-7 3.08055E-6 1.85805E-6 3.865E-6 2.09469E-6 1.83384E-6 2.98042E-6 5.56934E-6 4.30361E-6 9.2519E-6 9.30877E-6 5.10977E-6 5.36815E-6 5.14603E-6 5.04313E-6 4.07678E-6 3.90512E-6 4.26861E-6 4.47002E-6 4.79697E-6 5.16351E-6 7.34665E-6 1.01624E-5 1.17609E-5 1.32859E-5 4.43252E-6 1.572E-5 1.4929E-5 1.67625E-5 1.44891E-5 9.67543E-6 6.7748E-6 4.87693E-6 6.82472E-6 4.89632E-6 4.43283E-6 4.81233E-6 5.47693E-6 6.20579E-6 4.30968E-6 4.05534E-6 4.8456E-6 7.08775E-6 8.17838E-6 -9999 -9999
3.83984E-6 3.19352E-6 1.10952E-6 1.97131E-6 4.20001E-7 4.91154E-6 3.52456E-6 3.30485E-6 3.10071E-6 2.61952E-6 2.84034E-6 2.4352E-6 6.88267E-7 2.48112E-7 3.75283E-7 1.36515E-6 1.05593E-6 1.37706E-6 2.34932E-6 1.72845E-6 8.65633E-7 5.30975E-7 4.53999E-6 6.15639E-6 5.32528E-6 7.0187E-7 1.30209E-7 2.70588E-6 3.62374E-6 5.07695E-6 5.75181E-6 7.02005E-6 4.25045E-6 4.97391E-6 4.34993E-6 3.46098E-6 3.35896E-6 3.42665E-6 3.18449E-6 3.92159E-6 4.36589E-6 8.52804E-6 1.07523E-5 1.38527E-5 1.44838E-5 7.47199E-6 1.74541E-5 1.86485E-5 1.62071E-5 1.25162E-5 7.64359E-6 7.21725E-6 5.33365E-6 3.97199E-6 4.69809E-6 5.16184E-6 6.23909E-6 4.90888E-6 4.28466E-6 5.41945E-6 6.12855E-6 6.63197E-6 4.96664E-6 -9999 -9999 -9999
3.55351E-6 2.88246E-6 3.12309E-6 2.38917E-6 1.80997E-6 1.78135E-6 3.8938E-6 3.41777E-6 2.97489E-6 2.80924E-6 3.12604E-6 3.1358E-6 7.91642E-7 6.09155E-7 3.18111E-7 2.18393E-6 1.1915E-6 1.01067E-6 3.42619E-6 2.23878E-6 2.41476E-6 1.70898E-6 2.25311E-6 5.23826E-6 5.51981E-6 3.25845E-6 4.15662E-6 1.36792E-6 1.24659E-6 3.14552E-6 5.07495E-6 6.70376E-6 4.34348E-6 4.44324E-6 3.82922E-6 3.28198E-6 4.61724E-6 5.31456E-6 3.53438E-6 3.36283E-6 4.22296E-6 7.26112E-6 9.17011E-6 1.25103E-5 1.13955E-5 6.63405E-6 1.88002E-5 2.05083E-5 1.81857E-5 1.34703E-5 9.47896E-6 5.64801E-6 4.05748E-6 3.85163E-6 3.81173E-6 4.8937E-6 5.06635E-6 4.42539E-6 4.10223E-6 6.81275E-6 6.79058E-6 8.55982E-6 -9999 -9999 -9999 -9999
1.91434E-6 3.57224E-6 3.79927E-6 2.95225E-6 1.04025E-6 1.14414E-6 4.5108E-7 9.17132E-7 3.31305E-6 3.26907E-6 3.5537E-6 3.46744E-6 3.05646E-6 1.74552E-6 1.37963E-6 1.29735E-6 1.22516E-6 1.09488E-6 6.23628E-7 2.66863E-6 2.48626E-6 3.02496E-6 1.14892E-6 4.05698E-6 3.3238E-6 4.16722E-6 3.85274E-6 4.2099E-6 3.96969E-6 4.39633E-6 7.64518E-6 6.54614E-6 5.55983E-6 4.28384E-6 3.30223E-6 4.33679E-6 3.59006E-6 3.64117E-6 3.36188E-6 5.65493E-6 7.31897E-6 5.18616E-6 8.34334E-6 1.47434E-5 1.50055E-5 1.46671E-5 2.15466E-5 2.19291E-5 2.09144E-5 1.8609E-5 1.08097E-5 7.46196E-6 5.7065E-6 4.74689E-6 5.05123E-6 6.53025E-6 5.56189E-6 3.86135E-6 5.77433E-6 7.93288E-6 7.13835E-6 -9999 -9999 -9999 -9999 -9999
7.15193E-7 3.81096E-6 3.01028E-6 3.99583E-6 1.62475E-6 1.05489E-6 8.49285E-8 1.09232E-6 2.69289E-6 3.51949E-6 3.2123E-6 3.08175E-6 2.74028E-6 8.77061E-7 2.4234E-6 1.25032E-6 8.51457E-8 1.15493E-6 1.95623E-6 2.95517E-6 3.90335E-6 2.63276E-6 2.79053E-6 6.5032E-7 1.81488E-6 3.47811E-6 3.6948E-6 4.16928E-6 6.16416E-7 6.60628E-7 8.56741E-7 2.50104E-6 3.66711E-6 4.61215E-6 4.84997E-6 3.81753E-6 3.10176E-6 3.15453E-6 3.43444E-6 7.84789E-6 9.14791E-6 9.20435E-6 1.00236E-5 1.14896E-5 1.54494E-5 1.91541E-5 2.00803E-5 2.08094E-5 2.16402E-5 1.76397E-5 1.52581E-5 6.51046E-6 4.20904E-6 3.96519E-6 5.46538E-6 1.82018E-6 5.02239E-6 4.62019E-6 4.54303E-6 6.04168E-6 -9999 -9999 -9999 -9999 -9999 -9999
9.05318E-7 2.51682E-6 2.12587E-6 1.58822E-6 9.26109E-7 1.67188E-7 3.95678E-7 2.59478E-7 1.9104E-6 3.27244E-6 2.91471E-6 2.71413E-6 3.21518E-6 2.73287E-6 1.41739E-6 1.00845E-6 3.88007E-7 1.68939E-6 3.52664E-6 5.2602E-6 3.79625E-6 2.59825E-6 1.92777E-6 2.7944E-6 2.83329E-6 2.61744E-6 3.23171E-6 3.7592E-6 9.01263E-7 5.15347E-8 1.60877E-8 2.58172E-7 6.62755E-7 2.09608E-6 2.54774E-6 4.04443E-6 4.17029E-6 5.28454E-6 8.98219E-6 1.23464E-5 1.01101E-5 9.6678E-6 1.3838E-5 1.80034E-5 2.11194E-5 1.97624E-5 1.92147E-5 1.85527E-5 1.2066E-5 1.19443E-5 1.25658E-5 4.91981E-6 4.64578E-6 5.27059E-6 6.74979E-6 5.27647E-6 5.41969E-6 6.35398E-6 -9999 -9999 -9999 -9999 -9999 -9999 -9999 -9999
4.42429E-6 3.65383E-6 5.06891E-8 1.99344E-8 1.25187E-7 7.53809E-7 1.21235E-7 3.38786E-8 3.08718E-7 9.98275E-7 2.90154E-6 3.71933E-6 3.25209E-6 5.49224E-7 6.24788E-7 1.57166E-6 7.05662E-7 3.42481E-6 2.93159E-6 2.4272E-6 4.38936E-6 3.42669E-6 3.18998E-6 3.02655E-6 2.60582E-6 2.43112E-6 1.63048E-6 1.57802E-6 2.24964E-6 1.20708E-6 4.07906E-7 1.1555E-7 1.22511E-6 2.58354E-6 3.72375E-6 3.97691E-6 7.82661E-6 9.30519E-6 5.62947E-6 1.08913E-5 1.2008E-5 1.22371E-5 1.37944E-5 1.9696E-5 2.31277E-5 2.34713E-5 1.88822E-5 1.38796E-5 5.85046E-6 5.27943E-6 5.2376E-6 4.58254E-6 3.71451E-6 4.56365E-6 4.27915E-6 4.7369E-6 -9999 -9999 -9999 -9999 -9999 -9999 -9999 -9999 -9999 -9999
1.11865E-6 1.17693E-6 1.41033E-6 5.71441E-7 3.53146E-8 4.05626E-7 5.80014E-8 7.41005E-8 1.01918E-7 4.69563E-8 5.71238E-7 2.0704E-6 4.82084E-7 7.06201E-7 1.38166E-6 2.44639E-6 2.22817E-6 2.18027E-6 2.42466E-6 2.34666E-6 1.80596E-6 4.20423E-6 3.70272E-6 3.50883E-6 8.27881E-7 2.35586E-6 1.25239E-6 2.61236E-6 4.58758E-6 5.62701E-6 8.77426E-7 1.07558E-7 3.96247E-7 3.37055E-6 2.41107E-6 1.23931E-5 1.00851E-5 1.26026E-5 1.33444E-5 1.86757E-5 2.73047E-5 1.36769E-5 1.50273E-5 1.60259E-5 2.10381E-5 1.65668E-5 9.17201E-6 1.17861E-5 4.84483E-6 3.8078E-6 5.1833E-6 3.96052E-6 4.0808E-6 5.29034E-6 6.52652E-6 -9999 -9999 -9999 -9999 -9999 -9999 -9999 -9999 -9999 -9999 -9999
2.52636E-8 9.3678E-8 8.85264E-7 9.42316E-7 2.90628E-7 2.24818E-7 3.5795E-7 1.00724E-7 3.22931E-8 6.59277E-7 1.1224E-6 9.00979E-7 7.2379E-7 1.14764E-6 3.58942E-6 2.8223E-6 2.7672E-6 2.30531E-6 4.71073E-6 3.5436E-6 2.32121E-6 3.85337E-6 3.52451E-6 3.57328E-6 3.27204E-6 1.53617E-6 5.1162E-7 2.71209E-6 3.5995E-6 3.60125E-6 1.90979E-6 6.68217E-8 9.90678E-7 2.69176E-6 9.24043E-6 1.80089E-5 2.28957E-5 2.1338E-5 2.77865E-5 2.39849E-5 2.2161E-5 1.81184E-5 1.56774E-5 1.44771E-5 1.22615E-5 8.80383E-6 4.7212E-6 5.07384E-6 6.01537E-6 5.50705E-6 4.03669E-6 4.8987E-6 6.35646E-6 4.95524E-6 7.53249E-6 -9999 -9999 -9999 -9999 -9999 -9999 -9999 -9999 -9999 -9999 -9999
8.93536E-7 1.70946E-6 7.53466E-7 2.71689E-6 3.67364E-6 4.21392E-6 1.04677E-6 5.6646E-8 2.20422E-7 1.53632E-7 3.5978E-7 3.06903E-7 2.11711E-6 3.12005E-6 3.15189E-6 3.25158E-6 1.85552E-6 4.0673E-6 4.64718E-6 2.98295E-6 1.41537E-6 1.59585E-6 1.61899E-6 1.11683E-6 2.22914E-6 1.37971E-6 6.14923E-7 7.17274E-7 2.59596E-6 4.91656E-7 2.76742E-7 1.04224E-7 2.80144E-6 1.06122E-5 1.99897E-5 3.47987E-5 2.76104E-5 3.15339E-5 2.0684E-5 2.66807E-5 1.98609E-5 2.0487E-5 1.72127E-5 2.13549E-5 1.31009E-5 5.89573E-6 4.07673E-6 5.24431E-6 4.84507E-6 5.16801E-6 4.65681E-6 6.38669E-6 8.07194E-6 5.48438E-6 -9999 -9999 -9999 -9999 -9999 -9999 -9999 -9999 -9999 -9999 -9999 -9999
1.67667E-6 4.78863E-6 3.87441E-6 2.97736E-6 1.05044E-6 2.24107E-6 3.65374E-6 1.22989E-7 2.2439E-7 2.07951E-7 2.5455E-6 4.26102E-7 7.67235E-7 3.02495E-6 1.9542E-6 1.71986E-6 1.65734E-6 3.79301E-6 1.63501E-6 1.70997E-6 1.07551E-6 4.15984E-7 1.21201E-6 1.42653E-6 7.46364E-7 1.24311E-6 2.56517E-6 6.71594E-7 8.62744E-7 4.26486E-6 5.6758E-7 6.37323E-7 7.81143E-6 1.78124E-5 3.43163E-5 3.62238E-5 3.82399E-5 2.13153E-5 1.11865E-5 1.87199E-5 1.62391E-5 1.65776E-5 5.95797E-6 5.79192E-6 7.0968E-6 7.04205E-6 4.03799E-6 4.34284E-6 4.58911E-6 7.51422E-6 5.53395E-6 4.24936E-5 6.17694E-5 -9999 -9999 -9999 -9999 -9999 -9999 -9999 -9999 -9999 -9999 -9999 -9999 -9999
1.21916E-6 4.40207E-6 4.34084E-6 2.3715E-6 3.11224E-7 1.60713E-6 1.02407E-6 1.14699E-7 1.68467E-7 1.72384E-7 6.88046E-7 1.37919E-7 7.6416E-7 3.13972E-6 3.71581E-7 1.26654E-6 3.34438E-6 3.40279E-6 1.7379E-6 1.60235E-6 3.90432E-7 1.16263E-7 1.71985E-6 4.0737E-6 2.81437E-6 2.55204E-6 3.41297E-6 2.09752E-6 9.42252E-7 5.34648E-7 1.41272E-6 5.28043E-6 7.66667E-6 1.53992E-5 3.41524E-5 2.12397E-5 2.14382E-5 5.87392E-6 7.36608E-6 1.3394E-5 1.00335E-5 1.20927E-5 8.50027E-6 4.30421E-6 5.06293E-6 4.97264E-6 5.31099E-6 6.78066E-6 5.70515E-6 4.67141E-6 -9999 -9999 -9999 -9999 -9999 -9999 -9999 -9999 -9999 -9999 -9999 -9999 -9999 -9999 -9999 -9999
5.31798E-6 5.08981E-6 5.32564E-6 4.92853E-6 1.91154E-6 2.77846E-6 3.33419E-6 2.12442E-6 3.21796E-7 5.96026E-7 1.2694E-7 1.29641E-7 8.6396E-7 3.30481E-7 5.61933E-7 1.2034E-6 3.07083E-6 3.1385E-6 1.36946E-6 6.77963E-7 3.41419E-7 1.94355E-7 2.93877E-7 2.50744E-6 3.126E-6 3.43282E-6 3.35868E-6 4.34677E-6 3.7274E-6 1.27575E-6 1.19636E-6 5.12242E-6 6.94313E-6 1.55387E-5 1.90781E-5 1.60546E-5 7.1627E-6 4.82814E-6 8.13426E-6 1.38544E-5 9.64888E-6 1.09883E-5 1.04499E-5 3.99242E-6 4.2471E-6 5.43813E-6 1.0324E-5 6.09872E-6 5.35331E-6 -9999 -9999 -9999 -9999 -9999 -9999 -9999 -9999 -9999 -9999 -9999 -9999 -9999 -9999 -9999 -9999 -9999
5.4929E-6 5.19612E-6 4.42661E-6 3.40238E-6 2.22487E-6 2.20839E-6 3.47582E-6 3.51141E-6 1.79264E-7 2.05826E-7 1.15427E-6 4.0511E-7 4.92521E-8 6.23122E-8 5.89242E-7 4.1565E-7 3.1326E-6 3.23478E-6 2.47692E-6 6.84746E-7 1.57216E-6 2.9001E-8 1.02055E-7 2.47947E-6 3.26025E-6 4.28296E-6 3.69888E-6 4.192E-6 4.25104E-6 4.29469E-6 6.87557E-6 6.9435E-6 1.36353E-5 7.02396E-6 1.11931E-5 7.5396E-6 6.34919E-6 6.1172E-6 6.48764E-6 7.92784E-6 9.22481E-6 9.41688E-6 4.55673E-6 5.6332E-6 7.03355E-6 4.85111E-6 5.25496E-6 -9999 -9999 -9999 -9999 -9999 -9999 -9999 -9999 -9999 -9999 -9999 -9999 -9999 -9999 -9999 -9999 -9999 -9999 -9999
2.53304E-6 4.69186E-6 4.25135E-6 3.79486E-6 2.39845E-6 1.91577E-6 1.532E-6 2.69166E-6 9.03642E-7 1.52798E-6 1.04604E-6 7.42191E-7 1.67793E-7 2.0223E-7 5.91022E-8 2.07171E-6 2.94994E-6 3.17143E-6 1.60013E-6 2.14149E-6 1.68433E-6 2.92569E-6 3.21643E-6 3.31766E-6 3.87581E-6 4.96654E-6 4.33946E-6 2.41119E-6 2.53607E-6 4.64224E-6 5.3369E-6 1.21561E-5 1.51918E-5 1.35456E-5 4.46792E-6 3.78803E-6 5.0034E-6 4.83481E-6 5.7588E-6 5.40339E-6 5.76413E-6 5.2198E-6 4.38533E-6 5.09055E-6 6.77655E-6 5.08474E-6 -9999 -9999 -9999 -9999 -9999 -9999 -9999 -9999 -9999 -9999 -9999 -9999 -9999 -9999 -9999 -9999 -9999 -9999 -9999 -9999
5.21661E-6 3.65651E-6 2.4345E-6 3.88362E-6 3.39282E-6 3.4007E-6 3.19252E-6 2.93978E-6 2.27838E-6 5.4888E-7 9.30604E-7 9.92608E-7 1.65387E-7 2.86036E-7 8.03116E-7 2.33159E-6 2.85916E-6 3.07047E-6 3.37861E-7 2.97883E-6 1.79009E-6 2.52312E-6 2.31047E-6 3.22295E-6 3.47367E-6 5.33211E-6 1.71611E-6 1.92164E-6 2.39293E-6 7.22495E-7 3.94669E-6 4.31922E-6 5.15685E-6 5.08857E-6 4.86101E-6 3.72786E-6 4.42755E-6 5.01272E-6 5.13073E-6 5.45901E-6 3.89204E-6 4.03251E-6 5.62062E-6 4.11566E-6 -9999 -9999 -9999 -9999 -9999 -9999 -9999 -9999 -9999 -9999 -9999 -9999 -9999 -9999 -9999 -9999 -9999 -9999 -9999 -9999 -9999 -9999
4.91336E-6 5.11019E-6 5.49425E-6 2.9908E-6 2.66294E-6 2.50105E-6 2.78387E-6 2.20807E-6 3.04405E-6 2.95707E-6 6.92505E-7 1.26545E-6 3.25274E-7 4.18185E-7 3.06708E-6 2.7626E-6 2.71392E-6 2.65797E-6 3.23828E-6 3.21788E-6 3.65905E-6 3.55063E-6 2.68903E-6 3.71377E-6 3.0941E-6 4.01659E-6 1.78692E-6 3.18248E-6 2.21857E-6 2.4571E-6 3.99226E-6 4.24149E-6 3.91709E-6 3.42595E-6 3.07252E-6 4.02694E-6 3.74568E-6 3.95978E-6 4.50528E-6 6.31949E-6 6.79858E-6 7.38017E-6 6.02706E-6 -9999 -9999 -9999 -9999 -9999 -9999 -9999 -9999 -9999 -9999 -9999 -9999 -9999 -9999 -9999 -9999 -9999 -9999 -9999 -9999 -9999 -9999 -9999
6.17585E-6 4.08172E-6 4.95154E-6 3.76128E-6 2.63496E-6 1.85442E-6 2.99218E-6 3.42841E-6 3.02814E-6 2.30483E-6 3.02813E-6 2.03284E-6 8.38071E-7 1.8888E-6 2.95877E-6 3.60124E-6 2.8975E-6 3.05253E-6 3.24524E-6 2.49544E-6 7.23438E-7 2.41857E-6 2.76096E-6 2.71995E-6 3.78951E-6 3.48781E-6 2.93712E-6 3.59633E-6 1.14672E-6 2.65534E-6 4.53624E-6 4.28321E-6 4.20113E-6 4.1011E-6 4.0159E-6 2.14002E-5 4.57915E-6 3.54928E-6 3.99809E-6 5.67953E-6 7.38336E-6 6.1751E-6 -9999 -9999 -9999 -9999 -9999 -9999 -9999 -9999 -9999 -9999 -9999 -9999 -9999 -9999 -9999 -9999 -9999 -9999 -9999 -9999 -9999 -9999 -9999 -9999
2.97973E-6 5.27805E-6 4.27989E-6 2.57964E-6 2.58091E-6 3.08654E-6 2.68687E-6 2.5262E-6 2.64334E-6 9.95442E-7 1.88271E-6 3.05318E-6 3.3784E-6 3.07793E-6 2.8964E-6 3.73055E-6 2.90488E-6 2.9574E-6 2.96974E-6 1.14187E-6 1.54586E-6 2.99401E-7 1.77191E-6 2.55699E-6 3.76809E-6 3.95688E-6 3.66497E-6 1.95253E-6 4.06033E-6 3.71095E-6 4.69704E-6 4.19304E-6 4.16E-6 4.62185E-6 4.77386E-6 5.37693E-6 4.71103E-6 4.31449E-6 4.11434E-6 4.54043E-6 6.75176E-6 -9999 -9999 -9999 -9999 -9999 -9999 -9999 -9999 -9999 -9999 -9999 -9999 -9999 -9999 -9999 -9999 -9999 -9999 -9999 -9999 -9999 -9999 -9999 -9999 -9999
4.30162E-6 3.55685E-6 2.42063E-6 1.43569E-6 2.75337E-6 2.85269E-6 1.52916E-6 2.04861E-6 1.57383E-6 3.46421E-6 3.94099E-6 3.78296E-6 2.82398E-6 3.18716E-6 3.06057E-6 2.73017E-6 2.92433E-6 3.3065E-6 3.09047E-6 1.56884E-6 1.29038E-6 3.33157E-7 3.52424E-6 3.72309E-6 3.50346E-6 3.57753E-6 3.99161E-6 4.39971E-6 4.16512E-6 4.0875E-6 3.6762E-6 4.4124E-6 4.79486E-6 4.58297E-6 5.68616E-6 4.72497E-6 4.22874E-6 8.09635E-6 7.08127E-6 5.78355E-6 5.6324E-6 -9999 -9999 -9999 -9999 -9999 -9999 -9999 -9999 -9999 -9999 -9999 -9999 -9999 -9999 -9999 -9999 -9999 -9999 -9999 -9999 -9999 -9999 -9999 -9999 -9999
4.64802E-6 2.68804E-6 1.47182E-6 3.01178E-6 3.36087E-6 1.7306E-6 8.72338E-7 4.05051E-7 3.17234E-6 2.95827E-6 2.95349E-6 3.22425E-6 3.0079E-6 2.96318E-6 2.84576E-6 2.46023E-6 2.39779E-6 1.80577E-6 3.76279E-6 1.64857E-6 1.89946E-6 1.3092E-6 3.76128E-6 3.69467E-6 2.10976E-6 1.25989E-6 3.08529E-6 4.34929E-6 4.00646E-6 3.40371E-6 4.13258E-6 4.26799E-6 5.09656E-6 5.35153E-6 5.83776E-6 4.8371E-6 4.22238E-6 4.88567E-6 6.31245E-6 5.54017E-6 7.24826E-6 6.74491E-6 -9999 -9999 -9999 -9999 -9999 -9999 -9999 -9999 -9999 -9999 -9999 -9999 -9999 -9999 -9999 -9999 -9999 -9999 -9999 -9999 -9999 -9999 -9999 -9999
2.09401E-6 2.4178E-6 1.53719E-6 3.41692E-6 3.38938E-6 1.13259E-6 2.20286E-6 1.72708E-6 2.79692E-6 8.98999E-7 1.04595E-6 1.17773E-6 1.4627E-6 2.84471E-6 1.04441E-6 1.47834E-6 2.63168E-6 2.70684E-6 3.14481E-6 1.72344E-6 2.13187E-6 4.42112E-6 5.8226E-7 3.1436E-6 3.6687E-6 1.99745E-6 3.33227E-6 4.12965E-6 5.70376E-6 4.42302E-6 4.72183E-6 4.70605E-6 4.77159E-6 6.61189E-6 5.63694E-6 6.689E-6 4.62113E-6 3.73024E-6 4.44789E-6 4.46357E-6 8.06782E-6 8.00872E-6 4.58103E-6 -9999 -9999 -9999 -9999 -9999 -9999 -9999 -9999 -9999 -9999 -9999 -9999 -9999 -9999 -9999 -9999 -9999 -9999 -9999 -9999 -9999 -9999 -9999
3.51639E-6 4.31795E-6 3.06192E-6 3.31361E-6 2.25665E-6 1.95973E-6 3.53438E-6 4.06217E-6 1.81099E-6 1.05931E-6 1.77153E-6 2.6429E-6 1.45216E-6 2.9063E-6 7.93952E-7 1.41198E-6 2.70517E-6 1.18957E-6 1.34711E-6 2.2466E-6 1.58644E-6 4.43308E-6 3.16786E-6 1.65709E-6 2.28677E-6 3.05307E-6 3.29365E-6 3.6647E-6 4.6046E-6 7.01289E-6 8.37394E-6 8.33301E-6 4.82966E-6 5.01154E-6 4.55413E-6 6.21462E-6 4.56201E-6 5.36111E-6 8.20244E-6 5.24353E-6 5.002E-6 5.36697E-6 -9999 -9999 -9999 -9999 -9999 -9999 -9999 -9999 -9999 -9999 -9999 -9999 -9999 -9999 -9999 -9999 -9999 -9999 -9999 -9999 -9999 -9999 -9999 -9999
3.20112E-6 3.80378E-6 7.77061E-7 9.19785E-7 2.77537E-6 2.33813E-6 4.62741E-6 4.72968E-6 1.27203E-6 2.53281E-6 2.63058E-6 2.86861E-6 3.33121E-6 3.95197E-6 3.5331E-6 3.36114E-6 3.64922E-6 2.12352E-6 3.03883E-6 3.09492E-6 2.84915E-6 3.24512E-6 1.67603E-5 4.35126E-6 3.96398E-6 3.95154E-6 3.5751E-6 4.39543E-6 4.544E-6 6.66888E-6 6.3319E-6 5.00048E-6 6.23312E-6 6.18614E-6 5.55112E-6 8.35276E-6 7.96925E-6 5.58106E-6 6.45805E-6 5.60666E-6 4.81902E-6 -9999 -9999 -9999 -9999 -9999 -9999 -9999 -9999 -9999 -9999 -9999 -9999 -9999 -9999 -9999 -9999 -9999 -9999 -9999 -9999 -9999 -9999 -9999 -9999 -9999
1.9596E-7 2.27922E-6 1.87902E-6 3.68166E-7 8.36564E-8 1.63772E-7 1.96329E-6 2.87E-7 1.63028E-6 1.41988E-6 2.76936E-6 2.30297E-6 3.65372E-6 4.33648E-6 3.87358E-6 3.26246E-6 4.08221E-6 3.99634E-6 3.08911E-6 2.72839E-6 2.66318E-6 3.36942E-6 4.44585E-6 4.10426E-6 4.64275E-6 3.07318E-6 4.28251E-6 5.27688E-6 4.12774E-6 4.51038E-6 4.76201E-6 4.44566E-6 4.92148E-6 6.13466E-6 6.75591E-6 7.19636E-6 7.02585E-6 6.08262E-6 5.59894E-6 -9999 -9999 -9999 -9999 -9999 -9999 -9999 -9999 -9999 -9999 -9999 -9999 -9999 -9999 -9999 -9999 -9999 -9999 -9999 -9999 -9999 -9999 -9999 -9999 -9999 -9999 -9999
