catData/rasterBestHybridModels/Pbengalensis/RD_BM01_RM2_LQ/Pbengalensis_max.asc
ncols         409
nrows         350
xllcorner     60.897278365
yllcorner     5.843756025
cellsize      0.0892857
NODATA_value  -9999
[rows 87 to 115 of 350, columns 0 to 65 of 409]
-9999 -9999 -9999 -9999 -9999 -9999 5.38009E-6 3.17614E-6 2.76171E-6 3.08003E-6 3.88383E-6 4.8293E-6 5.97094E-6 6.65648E-6 6.89207E-6 7.42817E-6 8.59925E-6 9.6942E-6 1.22137E-5 1.62383E-5 1.91445E-5 1.94579E-5 1.7576E-5 1.63509E-5 1.70904E-5 1.88667E-5 2.14795E-5 2.60789E-5 3.29943E-5 2.80035E-5 2.8766E-5 3.64342E-5 4.04307E-5 4.41032E-5 4.70264E-5 5.03613E-5 4.97417E-5 4.09983E-5 3.57836E-5 2.98426E-5 2.59296E-5 2.25668E-5 1.99813E-5 1.80083E-5 1.6725E-5 1.53584E-5 1.40262E-5 1.28122E-5 1.29444E-5 1.35305E-5 1.4719E-5 1.62427E-5 1.73692E-5 1.81985E-5 1.94775E-5 2.21078E-5 3.23853E-5 5.65565E-5 6.96994E-5 6.97358E-5 7.10209E-5 1.22365E-4 1.3932E-4 1.83455E-4 2.28896E-4 2.61236E-4
-9999 -9999 -9999 -9999 -9999 -9999 4.98436E-6 3.98558E-6 3.90298E-6 4.23252E-6 4.95884E-6 6.0802E-6 7.16549E-6 8.09161E-6 8.44117E-6 9.11007E-6 1.03725E-5 1.2408E-5 1.52636E-5 1.89292E-5 2.31427E-5 2.30627E-5 1.83148E-5 1.52442E-5 1.55753E-5 1.71867E-5 1.88865E-5 2.06325E-5 2.15091E-5 1.95906E-5 2.14932E-5 2.50389E-5 2.82079E-5 3.38717E-5 3.55547E-5 3.64383E-5 3.92419E-5 3.88859E-5 3.55501E-5 3.26856E-5 2.84637E-5 2.50063E-5 2.15776E-5 2.00204E-5 1.81318E-5 1.63093E-5 1.48404E-5 1.4375E-5 1.46084E-5 1.48096E-5 1.46676E-5 1.45249E-5 1.52147E-5 1.76375E-5 2.16791E-5 2.66102E-5 4.13139E-5 6.34386E-5 5.9822E-5 5.94886E-5 8.71422E-5 1.48941E-4 1.65577E-4 2.27396E-4 3.23993E-4 3.78321E-4
-9999 -9999 -9999 -9999 -9999 -9999 -9999 2.87244E-6 3.51814E-6 4.28365E-6 5.01066E-6 5.77397E-6 6.80546E-6 7.65388E-6 8.12929E-6 9.5021E-6 1.0865E-5 1.24386E-5 1.33101E-5 1.42956E-5 1.80674E-5 1.97521E-5 1.30578E-5 1.01877E-5 1.29993E-5 1.641E-5 1.80072E-5 1.78496E-5 1.75898E-5 1.78018E-5 1.81848E-5 1.97539E-5 2.35024E-5 2.69947E-5 2.79298E-5 3.02026E-5 3.20748E-5 3.47887E-5 3.51363E-5 3.34153E-5 3.0989E-5 2.73948E-5 2.37587E-5 2.13629E-5 1.90683E-5 1.75077E-5 1.56423E-5 1.55917E-5 1.57135E-5 1.57789E-5 1.58353E-5 1.63222E-5 1.71566E-5 2.17218E-5 2.70779E-5 3.05852E-5 4.31318E-5 4.96649E-5 5.91629E-5 8.73612E-5 1.75592E-4 1.5814E-4 1.93692E-4 3.25705E-4 4.43505E-4 4.74167E-4
-9999 -9999 -9999 -9999 -9999 -9999 -9999 1.61962E-6 2.13356E-6 2.84387E-6 3.67349E-6 4.3736E-6 4.83594E-6 5.46222E-6 6.56402E-6 7.68954E-6 8.03587E-6 8.62814E-6 8.91206E-6 9.61283E-6 8.93943E-6 7.31227E-6 5.81437E-6 5.80051E-6 9.05529E-6 1.39952E-5 1.64856E-5 1.76231E-5 1.84076E-5 1.74526E-5 1.66712E-5 1.74011E-5 1.99418E-5 2.26914E-5 2.51114E-5 2.73621E-5 3.03516E-5 3.29599E-5 3.7646E-5 3.62197E-5 3.27341E-5 2.86917E-5 2.55258E-5 2.25224E-5 2.02478E-5 1.76514E-5 1.6128E-5 1.69772E-5 1.78339E-5 1.98594E-5 2.25688E-5 2.52716E-5 2.38798E-5 2.20597E-5 2.11839E-5 2.42065E-5 3.92607E-5 5.57334E-5 7.84097E-5 1.4048E-4 2.44479E-4 1.65775E-4 2.63261E-4 5.17185E-4 6.46158E-4 6.93672E-4
-9999 -9999 -9999 -9999 -9999 -9999 -9999 1.32389E-6 1.68332E-6 2.32575E-6 2.74077E-6 3.27107E-6 3.57407E-6 3.98007E-6 5.11702E-6 5.92127E-6 6.10687E-6 6.48388E-6 6.64403E-6 6.36773E-6 5.66008E-6 4.48388E-6 4.0322E-6 4.3959E-6 6.74392E-6 1.07836E-5 1.32076E-5 1.5291E-5 1.6958E-5 1.64605E-5 1.51146E-5 1.54078E-5 1.74226E-5 1.95796E-5 2.24376E-5 2.55912E-5 2.8606E-5 3.19013E-5 3.7051E-5 3.9185E-5 3.42581E-5 2.8505E-5 2.47577E-5 2.23368E-5 2.12269E-5 2.03496E-5 2.2358E-5 3.22357E-5 3.22084E-5 3.30862E-5 3.32373E-5 2.6756E-5 2.24894E-5 2.07842E-5 2.19378E-5 2.73907E-5 4.96206E-5 6.56195E-5 8.28093E-5 1.40179E-4 1.57851E-4 1.60812E-4 2.40837E-4 4.7746E-4 6.40094E-4 5.91508E-4
-9999 -9999 -9999 -9999 -9999 -9999 -9999 -9999 1.48496E-6 2.07866E-6 2.28388E-6 2.69749E-6 3.07076E-6 3.43252E-6 4.24563E-6 4.88806E-6 5.2093E-6 5.11199E-6 5.42983E-6 4.90015E-6 4.20869E-6 3.68065E-6 3.5933E-6 3.89859E-6 5.26121E-6 7.83508E-6 1.0264E-5 1.23558E-5 1.4161E-5 1.4569E-5 1.36213E-5 1.36528E-5 1.51213E-5 1.65759E-5 1.85724E-5 2.14451E-5 2.47246E-5 2.80356E-5 3.30756E-5 3.70656E-5 3.36948E-5 2.9681E-5 2.62242E-5 2.52683E-5 2.86095E-5 3.49256E-5 4.62058E-5 8.47914E-5 8.26001E-5 4.09996E-5 2.91364E-5 2.59728E-5 2.29116E-5 2.15241E-5 2.40413E-5 3.27127E-5 6.81614E-5 8.84557E-5 1.03414E-4 1.50851E-4 1.37891E-4 1.41413E-4 2.10892E-4 4.03422E-4 4.7463E-4 4.27874E-4
-9999 -9999 -9999 -9999 -9999 -9999 -9999 -9999 -9999 1.87607E-6 2.03832E-6 2.35385E-6 2.6324E-6 3.09402E-6 3.796E-6 4.62756E-6 5.01367E-6 4.76238E-6 4.46097E-6 4.2316E-6 3.86685E-6 3.57805E-6 3.51472E-6 3.65499E-6 4.2471E-6 5.66991E-6 7.7223E-6 9.61262E-6 1.12445E-5 1.23211E-5 1.22119E-5 1.22961E-5 1.31091E-5 1.43177E-5 1.56675E-5 1.77528E-5 2.24568E-5 2.78147E-5 3.24494E-5 3.50581E-5 3.35248E-5 3.28349E-5 3.19921E-5 3.45272E-5 4.17591E-5 5.26979E-5 5.81498E-5 6.46936E-5 6.27951E-5 3.20354E-5 2.62176E-5 2.40154E-5 2.25923E-5 2.224E-5 2.44907E-5 3.77068E-5 7.50886E-5 1.14551E-4 1.60704E-4 1.73077E-4 1.37508E-4 1.50222E-4 2.47419E-4 3.80442E-4 3.90989E-4 3.34168E-4
-9999 -9999 -9999 -9999 -9999 -9999 -9999 -9999 -9999 -9999 1.71156E-6 2.07457E-6 2.34858E-6 2.64975E-6 3.17954E-6 4.02334E-6 4.62183E-6 4.53764E-6 3.68166E-6 3.81811E-6 3.85958E-6 3.61493E-6 3.34735E-6 3.354E-6 3.663E-6 4.5249E-6 5.98378E-6 7.44776E-6 8.8457E-6 1.0009E-5 1.04219E-5 1.06428E-5 1.12358E-5 1.25272E-5 1.55853E-5 1.87427E-5 2.45224E-5 3.38756E-5 4.05828E-5 4.33071E-5 3.85219E-5 3.77833E-5 3.68902E-5 3.32805E-5 3.59921E-5 4.32187E-5 3.61883E-5 2.73132E-5 2.5125E-5 2.65807E-5 2.81805E-5 2.54986E-5 2.30505E-5 2.21344E-5 2.62735E-5 4.22536E-5 7.84343E-5 1.29176E-4 1.85492E-4 1.71099E-4 1.47853E-4 2.2433E-4 3.48993E-4 4.02396E-4 3.4722E-4 2.70754E-4
-9999 -9999 -9999 -9999 -9999 -9999 -9999 -9999 -9999 -9999 -9999 -9999 2.14605E-6 2.29938E-6 2.61746E-6 3.11244E-6 3.66574E-6 4.00233E-6 3.52642E-6 3.70198E-6 3.94329E-6 3.6451E-6 3.21746E-6 3.14839E-6 3.38419E-6 3.93687E-6 4.78545E-6 5.76221E-6 6.96878E-6 8.18183E-6 8.87446E-6 9.44675E-6 1.0325E-5 1.23429E-5 1.68529E-5 2.2349E-5 3.24307E-5 4.43251E-5 5.09693E-5 4.33015E-5 3.13877E-5 3.09102E-5 2.92099E-5 2.47117E-5 2.76022E-5 2.55376E-5 2.16597E-5 2.04586E-5 2.15815E-5 2.49435E-5 2.88927E-5 2.64468E-5 2.30002E-5 2.31289E-5 3.15731E-5 5.56996E-5 9.49414E-5 1.36182E-4 1.78248E-4 1.88924E-4 2.55369E-4 4.39878E-4 4.5886E-4 4.19085E-4 2.8206E-4 1.5317E-4
-9999 -9999 -9999 -9999 -9999 -9999 -9999 -9999 -9999 -9999 -9999 -9999 -9999 -9999 -9999 -9999 3.1596E-6 3.49929E-6 3.70502E-6 3.719E-6 3.70061E-6 3.5607E-6 3.57662E-6 3.59419E-6 3.53521E-6 3.60152E-6 3.90543E-6 4.44844E-6 5.36353E-6 6.44196E-6 7.2881E-6 8.94359E-6 1.06526E-5 1.29112E-5 1.76443E-5 2.38608E-5 2.89065E-5 2.95388E-5 2.85112E-5 2.4912E-5 2.05934E-5 1.98109E-5 1.92649E-5 1.65183E-5 1.61901E-5 1.63504E-5 1.67943E-5 1.85551E-5 2.03967E-5 2.21146E-5 2.45348E-5 2.42955E-5 2.22815E-5 2.31051E-5 3.53064E-5 6.50976E-5 1.16135E-4 1.39727E-4 1.76387E-4 2.30357E-4 4.13579E-4 5.46724E-4 4.28299E-4 2.11548E-4 1.07724E-4 8.24832E-5
-9999 -9999 -9999 -9999 -9999 -9999 -9999 -9999 -9999 -9999 -9999 -9999 -9999 -9999 -9999 -9999 -9999 -9999 3.65394E-6 3.58902E-6 3.38134E-6 3.45199E-6 3.90324E-6 4.08169E-6 3.98767E-6 3.71804E-6 3.57443E-6 3.84725E-6 4.47213E-6 5.31268E-6 6.12525E-6 7.61812E-6 9.05229E-6 1.03089E-5 1.25141E-5 1.42163E-5 1.43512E-5 1.46783E-5 1.47823E-5 1.47204E-5 1.45359E-5 1.38033E-5 1.31127E-5 1.23919E-5 1.31377E-5 1.4266E-5 1.58371E-5 1.73278E-5 1.85208E-5 1.98111E-5 2.09893E-5 2.05649E-5 2.08212E-5 2.38483E-5 3.92339E-5 6.99635E-5 1.05947E-4 1.17007E-4 1.42147E-4 1.94236E-4 2.72452E-4 2.68454E-4 2.05018E-4 9.59257E-5 8.78813E-5 8.04599E-5
-9999 -9999 -9999 -9999 -9999 -9999 -9999 -9999 -9999 -9999 -9999 -9999 -9999 -9999 -9999 -9999 -9999 -9999 -9999 2.98436E-6 2.70887E-6 3.15643E-6 3.96795E-6 4.39911E-6 4.46858E-6 4.30666E-6 3.98583E-6 3.72801E-6 4.00603E-6 4.74091E-6 5.94362E-6 7.234E-6 7.82006E-6 8.4042E-6 9.0426E-6 1.00326E-5 1.06297E-5 1.12694E-5 1.16382E-5 1.17757E-5 1.18013E-5 1.15859E-5 1.12935E-5 1.16013E-5 1.25603E-5 1.36985E-5 1.48812E-5 1.5944E-5 1.65204E-5 1.76031E-5 1.83209E-5 1.87551E-5 2.25735E-5 3.02094E-5 4.32273E-5 6.98327E-5 9.37063E-5 1.06441E-4 1.4162E-4 1.65051E-4 1.78334E-4 1.6389E-4 1.45148E-4 8.91125E-5 8.87047E-5 1.28624E-4
-9999 -9999 -9999 -9999 -9999 -9999 -9999 -9999 -9999 -9999 -9999 -9999 -9999 -9999 -9999 -9999 -9999 -9999 -9999 -9999 -9999 3.08759E-6 4.14482E-6 4.63385E-6 4.99266E-6 4.92967E-6 4.41474E-6 3.62311E-6 3.67073E-6 4.1377E-6 4.70727E-6 5.81635E-6 6.78644E-6 7.50652E-6 8.21658E-6 8.95977E-6 9.40883E-6 9.33159E-6 9.24841E-6 9.56655E-6 9.87093E-6 1.01996E-5 1.01792E-5 1.10126E-5 1.22959E-5 1.33261E-5 1.39561E-5 1.44024E-5 1.53282E-5 1.64441E-5 1.71966E-5 1.91612E-5 2.84156E-5 3.5005E-5 3.56931E-5 5.22497E-5 8.33034E-5 9.70652E-5 1.10827E-4 1.28989E-4 1.62628E-4 1.38978E-4 1.14536E-4 9.14563E-5 8.04068E-5 8.64691E-5
-9999 -9999 -9999 -9999 -9999 -9999 -9999 -9999 -9999 -9999 -9999 -9999 -9999 -9999 -9999 -9999 -9999 -9999 -9999 -9999 -9999 3.03961E-6 3.78796E-6 4.62915E-6 5.60682E-6 6.19875E-6 5.11127E-6 3.98088E-6 3.80895E-6 4.08633E-6 4.44774E-6 4.89847E-6 5.51604E-6 6.21465E-6 6.9695E-6 7.7058E-6 8.0076E-6 8.06777E-6 8.2437E-6 8.68327E-6 9.07073E-6 9.23745E-6 9.78919E-6 1.08834E-5 1.13175E-5 1.18349E-5 1.25877E-5 1.30868E-5 1.42752E-5 1.54803E-5 1.6601E-5 2.18929E-5 3.56402E-5 4.38949E-5 4.12507E-5 5.33088E-5 8.25235E-5 8.19353E-5 8.41714E-5 1.01851E-4 1.01968E-4 9.30822E-5 8.52747E-5 7.45783E-5 6.93543E-5 5.62306E-5
-9999 -9999 -9999 -9999 -9999 -9999 -9999 -9999 -9999 -9999 -9999 -9999 -9999 -9999 -9999 -9999 -9999 -9999 -9999 -9999 -9999 3.42508E-6 3.98127E-6 4.65865E-6 5.41606E-6 5.73514E-6 5.63633E-6 4.79812E-6 3.98886E-6 4.16111E-6 4.53942E-6 4.8421E-6 5.15767E-6 5.46739E-6 5.86123E-6 6.25898E-6 6.74731E-6 7.36642E-6 7.7978E-6 8.11148E-6 8.37602E-6 8.47026E-6 8.97707E-6 9.62371E-6 1.01588E-5 1.0976E-5 1.18464E-5 1.23901E-5 1.33071E-5 1.5009E-5 1.7997E-5 2.42139E-5 3.89968E-5 4.38865E-5 3.61509E-5 5.32198E-5 1.01637E-4 9.86603E-5 7.46962E-5 9.79175E-5 9.22241E-5 8.12031E-5 7.99403E-5 8.37567E-5 8.97474E-5 7.83165E-5
-9999 -9999 -9999 -9999 -9999 -9999 -9999 -9999 -9999 -9999 -9999 -9999 -9999 -9999 -9999 -9999 -9999 -9999 -9999 -9999 -9999 4.49085E-6 4.61751E-6 4.89696E-6 5.42203E-6 5.47487E-6 5.37934E-6 5.51046E-6 5.05794E-6 5.10636E-6 5.3177E-6 5.3715E-6 5.52725E-6 5.67338E-6 5.79177E-6 5.86893E-6 6.07141E-6 6.54481E-6 6.97196E-6 7.30564E-6 7.45017E-6 7.51604E-6 8.14502E-6 8.73886E-6 9.40378E-6 1.0191E-5 1.11593E-5 1.19896E-5 1.34357E-5 1.72068E-5 2.36729E-5 3.2307E-5 4.19417E-5 4.03486E-5 3.48394E-5 4.38249E-5 7.51827E-5 8.21284E-5 8.10763E-5 9.35804E-5 9.73937E-5 1.07702E-4 9.51141E-5 1.0239E-4 1.39213E-4 1.50987E-4
-9999 -9999 -9999 -9999 -9999 -9999 -9999 -9999 -9999 -9999 -9999 -9999 -9999 -9999 -9999 -9999 -9999 -9999 -9999 -9999 -9999 5.61902E-6 5.73428E-6 5.78879E-6 5.86481E-6 6.0402E-6 6.11428E-6 6.35801E-6 6.23403E-6 6.18403E-6 6.43664E-6 6.51702E-6 6.46689E-6 6.51953E-6 6.62071E-6 6.78567E-6 6.92687E-6 7.11398E-6 7.16645E-6 7.23378E-6 7.2189E-6 7.10966E-6 7.63167E-6 8.36414E-6 9.17026E-6 1.04026E-5 1.18561E-5 1.29023E-5 1.61426E-5 2.41284E-5 3.35249E-5 4.18533E-5 4.16672E-5 3.62338E-5 3.35134E-5 4.25774E-5 5.48659E-5 5.78084E-5 6.30253E-5 8.6263E-5 1.17886E-4 1.27515E-4 9.84872E-5 1.01414E-4 1.16954E-4 1.35633E-4
-9999 -9999 -9999 -9999 -9999 -9999 -9999 -9999 -9999 -9999 -9999 -9999 -9999 -9999 -9999 -9999 -9999 -9999 -9999 -9999 -9999 7.04626E-6 7.33042E-6 7.40563E-6 7.27269E-6 7.42255E-6 7.8364E-6 8.04544E-6 7.98598E-6 7.78103E-6 7.78187E-6 8.01006E-6 7.9631E-6 7.65897E-6 7.95835E-6 8.19874E-6 8.15214E-6 8.12196E-6 8.00943E-6 8.10019E-6 8.27583E-6 8.34133E-6 8.45351E-6 8.5156E-6 9.6778E-6 1.2311E-5 1.4238E-5 1.60186E-5 2.19764E-5 3.02612E-5 3.94998E-5 4.21183E-5 3.70479E-5 3.18274E-5 3.48421E-5 4.53212E-5 4.87343E-5 4.79987E-5 5.25691E-5 7.27079E-5 7.57181E-5 9.91426E-5 1.10314E-4 1.05449E-4 9.99902E-5 7.7977E-5
-9999 -9999 -9999 -9999 -9999 -9999 -9999 -9999 -9999 -9999 -9999 -9999 -9999 -9999 -9999 -9999 -9999 -9999 -9999 -9999 -9999 8.53669E-6 8.98527E-6 9.34036E-6 9.4492E-6 9.51409E-6 9.70823E-6 9.85843E-6 1.00727E-5 1.01388E-5 1.02077E-5 1.05421E-5 1.04435E-5 1.00892E-5 1.03711E-5 1.06729E-5 1.05589E-5 1.02332E-5 1.00393E-5 1.04034E-5 1.1196E-5 1.20501E-5 1.19536E-5 1.06368E-5 1.07553E-5 1.36564E-5 1.79557E-5 2.31777E-5 2.95732E-5 3.57607E-5 4.18744E-5 3.81884E-5 3.20216E-5 3.05588E-5 3.46099E-5 4.43365E-5 4.28961E-5 4.24937E-5 4.69042E-5 5.15174E-5 6.00904E-5 9.98855E-5 1.44341E-4 1.05961E-4 7.7203E-5 6.04102E-5
-9999 -9999 -9999 -9999 -9999 -9999 -9999 -9999 -9999 -9999 -9999 -9999 -9999 -9999 -9999 -9999 -9999 -9999 -9999 -9999 -9999 1.01048E-5 1.09387E-5 1.17828E-5 1.23839E-5 1.23518E-5 1.20111E-5 1.1839E-5 1.19197E-5 1.18914E-5 1.23611E-5 1.26147E-5 1.25752E-5 1.30896E-5 1.31633E-5 1.34293E-5 1.37599E-5 1.38588E-5 1.49943E-5 1.71257E-5 1.84986E-5 1.84409E-5 1.63704E-5 1.53662E-5 1.90444E-5 2.52982E-5 2.88158E-5 3.08332E-5 3.17093E-5 3.36558E-5 3.56843E-5 3.15965E-5 2.95526E-5 2.90899E-5 3.11506E-5 3.91861E-5 4.15117E-5 6.79378E-5 5.89053E-5 4.99536E-5 7.31445E-5 9.11739E-5 1.15641E-4 1.03995E-4 6.91063E-5 6.39835E-5
-9999 -9999 -9999 -9999 -9999 -9999 -9999 -9999 -9999 -9999 -9999 -9999 -9999 -9999 -9999 -9999 -9999 -9999 -9999 -9999 -9999 1.18669E-5 1.31053E-5 1.44863E-5 1.56762E-5 1.60487E-5 1.5198E-5 1.44362E-5 1.43665E-5 1.39543E-5 1.44708E-5 1.46782E-5 1.65824E-5 1.7255E-5 1.79795E-5 1.79916E-5 1.79163E-5 1.87612E-5 2.10235E-5 2.37403E-5 2.48297E-5 2.4639E-5 2.71793E-5 3.18577E-5 3.63862E-5 3.89831E-5 3.41264E-5 2.96104E-5 2.87855E-5 3.14849E-5 3.14796E-5 2.74157E-5 2.9402E-5 3.11423E-5 3.08677E-5 3.68609E-5 4.81662E-5 9.56682E-5 6.35093E-5 4.47725E-5 7.24918E-5 8.0215E-5 1.10053E-4 1.2416E-4 7.35718E-5 5.43016E-5
-9999 -9999 -9999 -9999 -9999 -9999 -9999 -9999 -9999 -9999 -9999 -9999 -9999 -9999 -9999 -9999 -9999 -9999 -9999 -9999 -9999 1.45E-5 1.63636E-5 1.84505E-5 2.07652E-5 2.21533E-5 2.14894E-5 2.03208E-5 1.86088E-5 1.7976E-5 1.98659E-5 1.99838E-5 2.41416E-5 2.41303E-5 2.61785E-5 2.75526E-5 2.77055E-5 2.80971E-5 2.86811E-5 3.31193E-5 3.72402E-5 4.21748E-5 4.49384E-5 4.29662E-5 3.95645E-5 3.51633E-5 3.015E-5 3.09152E-5 3.38904E-5 3.53748E-5 3.09546E-5 2.89099E-5 3.3543E-5 3.4285E-5 3.11074E-5 3.67432E-5 4.87613E-5 6.3126E-5 4.14249E-5 4.4098E-5 6.63695E-5 6.37663E-5 8.90977E-5 1.1239E-4 7.0994E-5 4.27695E-5
-9999 -9999 -9999 -9999 -9999 -9999 -9999 -9999 -9999 -9999 -9999 -9999 -9999 -9999 -9999 -9999 -9999 -9999 -9999 -9999 -9999 2.27717E-5 2.72646E-5 3.21333E-5 3.83325E-5 4.13309E-5 3.36683E-5 2.26776E-5 1.84885E-5 2.03115E-5 2.62219E-5 3.45386E-5 4.24106E-5 4.09701E-5 3.74574E-5 3.84469E-5 3.86445E-5 4.43278E-5 5.29287E-5 5.91326E-5 5.68188E-5 5.17123E-5 4.42962E-5 3.85211E-5 3.47096E-5 3.17736E-5 3.28634E-5 3.6933E-5 3.53772E-5 3.1177E-5 3.04353E-5 3.90988E-5 4.71439E-5 3.40795E-5 3.20113E-5 3.86051E-5 3.50497E-5 2.9737E-5 3.01894E-5 4.22678E-5 6.59127E-5 5.7014E-5 7.42779E-5 9.06856E-5 5.60398E-5 4.25604E-5
-9999 -9999 -9999 -9999 -9999 -9999 -9999 -9999 -9999 -9999 -9999 -9999 -9999 -9999 -9999 -9999 -9999 -9999 -9999 -9999 -9999 -9999 3.39361E-5 -9999 -9999 -9999 3.39073E-5 2.02006E-5 2.21196E-5 3.29851E-5 4.24596E-5 4.52038E-5 4.39442E-5 4.22467E-5 4.48744E-5 5.54116E-5 6.59338E-5 7.55375E-5 7.51924E-5 6.55958E-5 5.45787E-5 4.6583E-5 4.05015E-5 3.74955E-5 3.54542E-5 3.5254E-5 3.69669E-5 3.29552E-5 2.90607E-5 2.86513E-5 3.3909E-5 4.5299E-5 3.95334E-5 2.66669E-5 3.23392E-5 3.26209E-5 2.40954E-5 2.54746E-5 3.15127E-5 4.5105E-5 5.55612E-5 4.89938E-5 6.59976E-5 7.45005E-5 5.61739E-5 4.76501E-5
-9999 -9999 -9999 -9999 -9999 -9999 -9999 -9999 -9999 -9999 -9999 -9999 -9999 -9999 -9999 -9999 -9999 -9999 -9999 -9999 -9999 -9999 -9999 -9999 -9999 -9999 -9999 1.72792E-5 1.87343E-5 2.42834E-5 2.95893E-5 3.46281E-5 3.87293E-5 4.85252E-5 6.68743E-5 8.00097E-5 7.88233E-5 7.65892E-5 6.6681E-5 5.66122E-5 5.02627E-5 4.63305E-5 4.30767E-5 4.1805E-5 4.07973E-5 3.64956E-5 3.0439E-5 2.75343E-5 2.70486E-5 2.9573E-5 3.68239E-5 3.85012E-5 2.75343E-5 2.95082E-5 4.70766E-5 3.00482E-5 2.09195E-5 2.76256E-5 3.61482E-5 5.31213E-5 5.04713E-5 3.96486E-5 4.83006E-5 5.63592E-5 4.55283E-5 3.8695E-5
-9999 -9999 -9999 -9999 -9999 -9999 -9999 -9999 -9999 -9999 -9999 -9999 -9999 -9999 -9999 -9999 -9999 -9999 -9999 -9999 -9999 -9999 -9999 -9999 -9999 -9999 1.41394E-5 1.56855E-5 1.73354E-5 2.0458E-5 2.49888E-5 3.11633E-5 3.93732E-5 4.96878E-5 6.19628E-5 6.88001E-5 6.64527E-5 6.0711E-5 5.63202E-5 5.45187E-5 5.25553E-5 4.95842E-5 5.03786E-5 4.46081E-5 3.4336E-5 3.00753E-5 2.88521E-5 2.85841E-5 2.84466E-5 3.20056E-5 3.697E-5 3.07495E-5 3.07137E-5 4.64321E-5 5.19987E-5 2.61489E-5 2.25192E-5 3.06443E-5 2.84753E-5 3.69505E-5 4.2426E-5 3.41212E-5 3.69825E-5 3.79239E-5 3.39029E-5 2.89783E-5
-9999 -9999 -9999 -9999 -9999 -9999 -9999 -9999 -9999 -9999 -9999 -9999 -9999 -9999 -9999 -9999 -9999 -9999 -9999 -9999 -9999 -9999 -9999 -9999 -9999 -9999 1.4319E-5 1.56211E-5 1.75097E-5 2.1193E-5 2.53698E-5 2.99379E-5 3.404E-5 3.8067E-5 5.07377E-5 6.94146E-5 6.81408E-5 6.07892E-5 5.94827E-5 6.08121E-5 6.0038E-5 5.56557E-5 4.5952E-5 3.65506E-5 3.44649E-5 3.42607E-5 3.59059E-5 3.62033E-5 3.19997E-5 4.09856E-5 3.6575E-5 2.91927E-5 4.48919E-5 5.52907E-5 3.18546E-5 2.22194E-5 2.98934E-5 3.40831E-5 3.33442E-5 5.43427E-5 4.13655E-5 3.98517E-5 3.74237E-5 3.09884E-5 3.36966E-5 2.67745E-5
-9999 -9999 -9999 -9999 -9999 -9999 -9999 -9999 -9999 -9999 -9999 -9999 -9999 -9999 -9999 -9999 -9999 -9999 -9999 -9999 -9999 -9999 -9999 -9999 -9999 -9999 -9999 1.91987E-5 1.92667E-5 2.28044E-5 3.0413E-5 3.53581E-5 4.02808E-5 4.17557E-5 4.77883E-5 6.12003E-5 6.886E-5 7.17038E-5 6.78982E-5 6.10133E-5 5.4317E-5 4.64497E-5 4.0572E-5 3.72965E-5 4.04154E-5 4.66876E-5 5.03092E-5 4.41632E-5 4.23497E-5 4.27188E-5 3.45156E-5 4.14922E-5 6.99255E-5 4.52021E-5 2.48576E-5 2.67716E-5 3.68505E-5 3.38108E-5 3.87832E-5 7.69206E-5 4.28864E-5 3.93564E-5 4.68616E-5 4.18664E-5 3.80939E-5 3.10214E-5
-9999 -9999 -9999 -9999 -9999 -9999 -9999 -9999 -9999 -9999 -9999 -9999 -9999 -9999 -9999 -9999 -9999 -9999 -9999 -9999 -9999 -9999 -9999 -9999 -9999 -9999 2.25365E-5 2.25207E-5 2.29744E-5 2.60187E-5 3.25259E-5 3.95544E-5 4.07789E-5 4.51105E-5 4.92375E-5 5.38935E-5 5.7257E-5 5.73783E-5 5.76637E-5 5.57331E-5 5.24823E-5 4.819E-5 4.10263E-5 4.35783E-5 4.86023E-5 5.05552E-5 4.90314E-5 5.64843E-5 6.46267E-5 5.77173E-5 3.67812E-5 4.02363E-5 4.37564E-5 2.82493E-5 2.63374E-5 3.81997E-5 4.28749E-5 3.83555E-5 4.15986E-5 8.31356E-5 4.76846E-5 4.1047E-5 4.54796E-5 5.67544E-5 4.50478E-5 3.37707E-5
