catData/rasterBestHybridModels/Pbengalensis/RD_BM01_RM2_LQ/Pbengalensis_avg.asc
ncols         409
nrows         350
xllcorner     60.897278365
yllcorner     5.843756025
cellsize      0.0892857
NODATA_value  -9999
[rows 203 to 231 of 350, columns 132 to 197 of 409]
-9999 -9999 -9999 1.24446E-5 1.46668E-5 9.78749E-6 2.6493E-5 3.69255E-5 9.47142E-5 8.97358E-5 9.76769E-6 1.69133E-5 6.69404E-6 8.74995E-6 1.2023E-5 2.66059E-5 1.74328E-5 2.56733E-5 2.70907E-5 1.70952E-5 1.67828E-5 6.09461E-5 1.31582E-5 7.16423E-6 3.19213E-6 1.13487E-5 8.55641E-6 2.06198E-5 6.14697E-5 2.61469E-5 2.80024E-5 1.59518E-5 9.82343E-6 5.14732E-6 7.79046E-6 5.16327E-6 7.40846E-7 8.5506E-7 4.87709E-6 1.16694E-6 2.40398E-6 3.73823E-6 1.41757E-5 1.20243E-7 9.24759E-7 1.236E-6 1.33337E-6 2.83554E-6 2.84226E-6 6.38372E-7 2.46586E-6 4.43999E-6 7.87382E-7 7.96467E-7 1.73722E-6 8.93039E-6 1.60241E-6 5.95235E-8 2.80053E-7 7.45387E-6 2.34133E-5 3.906E-7 4.18779E-5 2.71294E-5 1.67362E-5 1.3244E-5
-9999 -9999 1.21311E-4 1.41167E-5 7.30273E-6 3.18882E-5 3.93863E-5 3.11646E-5 1.30768E-4 1.49049E-5 1.4947E-5 1.96274E-6 6.94372E-6 1.13657E-5 2.93428E-5 1.49912E-5 6.44617E-6 3.48634E-5 2.78253E-5 2.94887E-5 3.13164E-5 7.22356E-5 3.64257E-5 2.68326E-5 2.33737E-5 8.94481E-6 8.25553E-6 1.82671E-5 6.03465E-5 4.62025E-5 5.99307E-5 2.08987E-5 8.57121E-6 7.91072E-6 8.03305E-6 1.28269E-5 1.50297E-6 1.61803E-7 1.03901E-6 6.62718E-7 2.12316E-6 3.01472E-6 7.13696E-6 1.04144E-5 8.31858E-7 2.59765E-7 5.15937E-6 3.82323E-6 1.44434E-6 3.23868E-7 3.56812E-6 1.75275E-5 1.06707E-5 6.51658E-7 3.96719E-6 1.70931E-6 2.41646E-7 3.96424E-8 3.61249E-6 2.0188E-6 3.16098E-5 3.31245E-6 4.40265E-6 1.14512E-6 1.00351E-5 2.9401E-6
-9999 -9999 3.10586E-5 1.93595E-7 6.88292E-6 1.06245E-5 1.49961E-5 3.18467E-5 2.67735E-5 2.59377E-5 2.83909E-5 4.49228E-5 1.83871E-5 8.68637E-6 1.78959E-5 2.51423E-5 1.27767E-5 5.46253E-6 9.48921E-6 3.60441E-5 5.93492E-5 5.50934E-5 4.64523E-5 3.4916E-5 3.78961E-5 3.04923E-5 1.5258E-6 2.45867E-6 5.2921E-5 4.11952E-5 1.36606E-5 9.7454E-6 1.63651E-5 1.23829E-5 2.85073E-6 1.77695E-5 4.6598E-5 9.36087E-6 1.28166E-6 1.4549E-6 2.30542E-6 9.59639E-7 2.82273E-6 2.60155E-6 1.38407E-7 1.34661E-6 9.84683E-7 1.54665E-5 6.73154E-6 4.70937E-6 1.43933E-5 1.97565E-5 2.92434E-6 5.22193E-6 7.38906E-6 6.35912E-7 8.60784E-8 1.0946E-7 1.52166E-6 2.19795E-5 3.42891E-5 3.45637E-6 1.13765E-6 1.60909E-6 4.44312E-6 1.35794E-5
-9999 -9999 5.2601E-5 1.6298E-5 6.99039E-6 1.32295E-5 1.05514E-5 6.87331E-5 1.78137E-4 9.72638E-6 7.14629E-5 1.56399E-5 2.02974E-4 3.63992E-5 5.06934E-5 1.39138E-5 7.22667E-6 1.41318E-5 6.52422E-6 1.03295E-5 2.97838E-5 4.51183E-5 4.42166E-5 9.21644E-6 2.3027E-5 3.86311E-5 7.01182E-5 5.75314E-6 1.98436E-5 3.08087E-5 2.24471E-5 4.60028E-6 4.02765E-6 4.19224E-6 1.74564E-6 2.38186E-6 1.65432E-6 1.44797E-6 5.51595E-7 2.69197E-7 2.87307E-7 2.68468E-6 3.62708E-7 5.8967E-6 5.82788E-6 1.61778E-6 8.63545E-7 3.12726E-6 3.23782E-6 9.02014E-7 1.85049E-6 1.28888E-5 2.44542E-6 3.8126E-6 1.08248E-6 1.8416E-5 2.11626E-6 1.28977E-5 4.23041E-5 4.31291E-5 2.41133E-5 4.42245E-5 1.99323E-6 9.02464E-6 2.3617E-5 1.89803E-5
-9999 -9999 1.1201E-4 9.55638E-6 2.49743E-5 4.72914E-6 5.95641E-5 5.86566E-5 1.97215E-4 1.75864E-5 3.16839E-6 1.67598E-5 8.88834E-5 2.48645E-4 5.51283E-5 3.91077E-5 2.87465E-5 2.98292E-5 2.07424E-5 6.63073E-5 2.76817E-5 3.4625E-5 3.99033E-6 9.612E-6 1.56814E-5 2.96549E-5 2.48806E-5 4.26571E-5 5.03993E-6 9.49962E-6 1.83619E-5 4.40792E-5 4.16315E-5 1.72452E-5 1.87623E-5 2.38345E-6 4.98581E-7 6.42421E-7 7.71894E-6 3.85593E-6 4.56639E-6 3.39251E-5 5.08957E-6 2.39404E-6 2.81623E-6 1.85666E-6 2.78418E-6 4.11873E-6 6.39199E-6 1.35291E-7 6.22504E-6 1.01824E-5 3.50707E-6 6.62398E-7 8.40563E-7 4.39963E-7 9.93705E-6 3.79618E-5 3.62854E-5 4.38173E-5 4.60172E-5 3.94182E-5 7.01218E-6 9.49818E-6 2.75358E-5 2.33E-5
-9999 -9999 1.14589E-4 7.18293E-5 9.48396E-5 5.52473E-5 6.51376E-6 1.40554E-5 1.79607E-4 1.78437E-4 1.23981E-5 4.60045E-5 3.83975E-5 2.42912E-5 2.20808E-5 4.66019E-5 2.46724E-5 3.52277E-5 1.37848E-5 4.91091E-5 1.09223E-4 1.56224E-5 5.55624E-6 2.47585E-5 1.85609E-5 3.48328E-5 1.86646E-5 4.02694E-5 7.15938E-6 6.38889E-6 3.08286E-5 1.98531E-5 4.01105E-5 1.98962E-5 4.91563E-6 4.14299E-6 2.13824E-6 1.84813E-6 5.13038E-6 1.06494E-6 1.32653E-6 1.72707E-6 2.03121E-5 4.69309E-5 1.20252E-5 8.76472E-6 1.70471E-6 2.40842E-6 1.14833E-6 8.75936E-6 5.3076E-6 1.10432E-6 2.52368E-7 8.95704E-7 8.52038E-8 3.2636E-7 1.87133E-6 3.49157E-5 2.22568E-5 1.19088E-5 9.28729E-6 7.1309E-6 3.55512E-5 3.27903E-5 1.61887E-5 1.60964E-5
-9999 -9999 9.86304E-5 6.92967E-5 1.40901E-5 9.25263E-5 2.44079E-5 3.24087E-5 1.08789E-4 1.51162E-4 2.57031E-5 6.46397E-5 5.41112E-6 3.28278E-6 5.57392E-5 7.13864E-5 3.48223E-5 2.46408E-5 2.48968E-5 1.09941E-5 9.43224E-6 1.95558E-6 3.29505E-6 3.50528E-5 1.60422E-5 4.45058E-5 8.09918E-6 8.5786E-6 8.54843E-6 4.93595E-6 4.59942E-6 2.12336E-5 1.38123E-5 2.51118E-5 1.81184E-5 8.32559E-6 2.20122E-6 1.85018E-6 1.11715E-5 3.16634E-6 1.59779E-6 4.50208E-7 6.77612E-7 9.53505E-6 3.34764E-5 1.14662E-5 4.49578E-6 7.2621E-7 2.17146E-6 4.27493E-6 2.7257E-5 7.29753E-6 2.14989E-6 4.67179E-6 1.94111E-7 1.68971E-7 6.5847E-7 9.18585E-6 4.81589E-5 4.18063E-5 5.55092E-6 1.50496E-6 9.48273E-6 9.47451E-6 4.21938E-6 3.82751E-5
-9999 -9999 -9999 1.37273E-4 4.61674E-5 1.03855E-5 2.9035E-5 2.71466E-5 4.64579E-5 3.7301E-5 7.31439E-6 1.5981E-5 2.39985E-6 3.78748E-6 1.7603E-5 5.81603E-5 7.36563E-5 1.48478E-5 5.62691E-5 3.23955E-5 6.5486E-5 1.82512E-5 3.71843E-5 3.80131E-5 2.15305E-5 1.13464E-5 1.48467E-5 7.69952E-6 1.58351E-5 1.02875E-5 4.9548E-6 6.77391E-6 2.97227E-6 1.40424E-5 2.61205E-5 3.77181E-5 1.80481E-5 1.24472E-5 9.72134E-6 2.02887E-6 1.8068E-6 2.32322E-6 6.94209E-6 3.73794E-6 7.18144E-6 2.32644E-6 9.40153E-6 5.0834E-6 2.45708E-6 5.76156E-6 8.39778E-7 3.34034E-6 3.09189E-7 1.88818E-6 2.36756E-6 4.64039E-6 1.46977E-6 3.91183E-7 4.34491E-5 4.8074E-5 3.94644E-5 7.18257E-6 1.16372E-6 5.56224E-6 1.02447E-6 2.16223E-6
-9999 -9999 -9999 -9999 4.23833E-5 1.32077E-5 6.01206E-5 1.91891E-5 1.8758E-5 3.93417E-5 1.04388E-5 6.51505E-5 3.46024E-5 8.95641E-7 2.49262E-5 3.65362E-5 2.42292E-5 6.5109E-6 3.82824E-5 2.64042E-5 4.85693E-5 1.27816E-5 8.21787E-6 1.31898E-5 2.59696E-5 2.40076E-5 5.85243E-5 1.64121E-5 1.55573E-6 3.69037E-6 6.8349E-6 5.40406E-6 3.40019E-5 1.57738E-5 3.79978E-6 6.33034E-6 1.51293E-5 1.4144E-5 7.67543E-6 3.73871E-6 3.15845E-6 6.34526E-7 3.94515E-6 2.77629E-6 1.84604E-6 1.48497E-6 1.07319E-5 4.63275E-6 6.93872E-7 7.65957E-7 1.03069E-6 9.83511E-8 5.06054E-6 3.46106E-6 3.91803E-5 2.08075E-6 2.61742E-6 5.08862E-6 1.99471E-5 2.67834E-5 2.12168E-5 3.43917E-5 1.01445E-5 1.80642E-5 4.6562E-6 1.32093E-6
-9999 -9999 -9999 9.58076E-5 5.4769E-5 8.39304E-5 5.2803E-5 2.66459E-5 2.03659E-6 6.60244E-5 7.11655E-5 3.25267E-5 1.04038E-6 3.06296E-6 2.79436E-5 3.62501E-5 1.32015E-5 3.72956E-5 3.64671E-5 2.34438E-5 4.85114E-5 4.3458E-5 3.95437E-5 3.20895E-5 1.22396E-5 8.8019E-6 1.43426E-5 6.27635E-5 3.17145E-6 8.74759E-6 3.97353E-5 8.97131E-6 1.84939E-6 6.04824E-6 3.41241E-6 1.43947E-5 2.74873E-6 1.00807E-5 5.97814E-6 2.54742E-7 5.4793E-7 4.04007E-6 2.0819E-6 1.30249E-6 4.8857E-6 5.4537E-7 3.60525E-6 2.50978E-6 9.14798E-7 3.45955E-7 4.16166E-6 9.98732E-7 2.57501E-7 2.33627E-6 2.51222E-5 3.14178E-6 2.53273E-7 2.02851E-7 2.49978E-6 3.23627E-5 1.71261E-5 8.12824E-6 1.3099E-5 1.35933E-5 8.81643E-7 1.73976E-6
-9999 -9999 -9999 -9999 9.15721E-5 8.80785E-5 8.6585E-6 1.63875E-5 1.76032E-5 5.7305E-6 6.74802E-5 1.03883E-4 1.22504E-6 2.43457E-6 1.23465E-5 3.06639E-5 1.3565E-5 7.09529E-6 2.63686E-5 3.77762E-5 7.19736E-5 8.03906E-5 6.50086E-5 1.11115E-5 1.46377E-5 4.163E-6 1.75705E-5 1.408E-5 5.68328E-6 1.74917E-5 1.78708E-5 5.01712E-6 1.55512E-6 1.63574E-5 6.52942E-7 8.59432E-6 2.28338E-5 2.56873E-5 2.23707E-5 1.18985E-5 1.62977E-6 6.24836E-6 8.1184E-6 1.33245E-6 3.08659E-6 8.19826E-6 9.58846E-6 7.93134E-6 1.19829E-6 9.07831E-7 3.85073E-7 8.84848E-6 1.28961E-6 7.03088E-7 1.17683E-6 8.6605E-6 5.31283E-6 8.89119E-8 2.30464E-7 1.36489E-6 2.17043E-7 1.17298E-5 2.95818E-6 2.89995E-6 1.29602E-5 2.14969E-6
-9999 -9999 -9999 -9999 9.86196E-5 8.28897E-5 1.19775E-5 3.87536E-6 4.81439E-6 3.35003E-5 2.4196E-4 1.37794E-4 3.51001E-5 1.34442E-5 7.6997E-6 3.70412E-5 3.97336E-5 3.82853E-5 3.67476E-5 1.33091E-5 1.77656E-5 6.35261E-6 1.94865E-5 2.98516E-6 2.81052E-6 2.90094E-6 7.50525E-6 2.29093E-5 7.76639E-6 1.72647E-6 7.73829E-7 3.70489E-6 2.94573E-6 5.27782E-7 7.87985E-6 1.01553E-5 1.25887E-5 4.62258E-5 1.17524E-5 2.5778E-5 1.77665E-5 6.73283E-6 1.75073E-6 2.01177E-6 1.39589E-6 2.9829E-6 1.41964E-6 9.3786E-7 6.08239E-6 1.65115E-6 1.91833E-7 7.978E-6 1.0166E-6 4.18438E-6 8.77073E-7 1.08862E-5 7.75465E-6 1.04668E-6 2.28459E-7 1.48687E-7 6.52938E-7 8.86546E-6 3.73498E-6 3.92755E-7 1.72585E-6 1.74128E-6
-9999 -9999 -9999 -9999 1.86957E-4 1.70223E-4 3.63377E-6 2.89993E-6 8.75762E-6 1.81155E-4 3.03559E-4 1.52015E-4 1.42427E-5 2.04296E-5 4.07685E-5 4.7627E-6 1.54362E-5 2.70044E-5 4.95652E-5 2.07778E-5 8.2206E-6 5.69901E-7 2.01776E-6 6.85651E-6 1.18485E-5 6.85604E-6 1.00227E-5 2.65417E-5 3.36856E-6 2.9561E-6 6.04639E-6 5.4029E-6 2.16262E-5 1.36662E-6 1.15633E-5 3.90012E-6 8.8071E-6 2.06516E-5 1.67253E-5 4.69861E-5 2.17251E-5 3.0472E-6 6.35001E-7 4.86344E-6 1.15596E-5 9.0996E-7 7.99156E-7 2.83093E-6 1.83556E-6 1.08705E-6 3.03881E-6 1.19896E-5 4.27121E-6 2.7244E-6 2.15167E-7 3.57956E-7 1.51087E-6 6.30756E-6 5.3834E-7 3.81534E-7 8.02782E-7 7.20165E-6 1.62732E-5 1.51338E-5 8.69662E-8 1.06127E-7
-9999 -9999 -9999 -9999 1.85055E-4 1.88574E-4 1.28882E-5 1.21049E-6 7.02176E-6 6.25423E-5 2.08939E-4 1.17712E-4 2.02458E-5 2.06568E-5 4.81953E-5 2.66086E-5 2.11211E-5 2.33453E-5 2.80364E-5 1.81333E-5 2.73814E-5 1.30083E-5 3.41601E-5 1.4905E-5 2.41828E-5 9.80648E-6 3.59112E-6 7.2581E-6 1.08811E-5 1.09604E-5 7.26854E-6 3.06114E-5 1.33152E-5 3.90072E-6 6.54745E-6 1.85648E-5 3.48161E-6 1.47792E-5 8.36695E-6 2.52905E-5 4.50716E-6 1.19812E-5 2.42287E-5 1.96089E-5 4.18865E-6 6.36747E-7 6.42508E-7 4.36168E-7 2.55346E-7 6.66965E-6 5.59118E-6 2.37034E-6 1.07683E-5 4.84339E-6 5.25428E-6 1.69433E-6 1.74006E-6 1.66837E-6 2.63883E-5 4.31082E-7 6.49547E-7 1.34086E-5 3.9466E-6 2.77624E-5 1.72954E-6 1.04208E-7
-9999 -9999 -9999 -9999 -9999 1.01483E-4 2.00943E-5 2.35104E-6 2.80405E-6 5.97112E-6 1.97154E-4 2.1514E-4 2.69355E-4 9.78511E-6 4.80076E-6 6.81028E-6 3.10945E-5 6.0547E-6 1.63985E-5 3.35841E-5 1.45323E-5 8.75514E-6 8.35742E-5 8.55025E-5 7.55569E-5 2.66772E-5 6.23029E-6 1.71715E-5 1.79053E-5 1.94607E-5 1.08313E-5 3.89748E-5 1.07E-5 5.8347E-6 1.14366E-5 1.13561E-5 7.71711E-5 8.02546E-6 5.39828E-6 2.6856E-7 2.56687E-6 3.36917E-6 4.31195E-7 2.39679E-6 7.2003E-6 1.50727E-6 1.07891E-6 7.11328E-7 8.85228E-7 3.29005E-6 4.53409E-6 3.84254E-6 1.42114E-6 1.35875E-5 3.45984E-6 7.30308E-6 1.15718E-6 4.25028E-6 5.69775E-7 2.12677E-6 2.77769E-6 5.16289E-7 1.7345E-6 5.04923E-6 7.29655E-8 6.94679E-7
-9999 -9999 -9999 -9999 -9999 7.80265E-5 3.59381E-5 3.25785E-5 5.77579E-5 1.71416E-5 1.15895E-5 2.02963E-4 2.08005E-4 1.2504E-4 1.60043E-5 6.85073E-6 6.8826E-5 1.13768E-5 2.63106E-5 1.13111E-5 1.82865E-5 4.64315E-5 4.98377E-5 4.76845E-5 3.12736E-5 3.84125E-5 1.40127E-5 6.90186E-6 9.15015E-6 7.65892E-7 1.49072E-5 6.39656E-6 4.34671E-6 1.32409E-5 1.88121E-5 1.59437E-5 1.21222E-5 1.45797E-6 7.37231E-6 2.42086E-7 1.55996E-6 1.508E-5 3.17183E-6 1.30437E-6 3.10429E-5 3.79468E-7 2.96074E-7 2.11181E-7 9.66776E-7 4.22401E-7 2.37021E-6 5.98865E-7 1.4339E-5 7.85687E-6 2.15867E-5 4.13488E-6 1.53068E-5 6.73607E-7 1.07003E-6 5.38347E-6 8.21322E-6 2.68975E-5 1.30472E-6 6.76389E-6 4.49994E-6 1.30848E-7
-9999 -9999 -9999 -9999 -9999 1.71045E-4 4.57408E-5 6.09391E-5 7.70156E-6 8.28614E-6 2.09517E-5 2.26076E-4 2.2689E-4 3.54707E-5 5.52122E-6 3.85061E-5 1.28965E-5 7.16282E-6 2.17829E-5 1.03664E-5 2.65464E-5 2.3584E-5 4.56503E-5 5.46476E-5 4.19872E-5 3.78348E-5 3.03425E-5 2.5551E-5 1.16463E-5 1.94939E-5 2.11526E-5 2.84007E-6 6.87748E-6 4.28229E-6 3.04599E-5 4.0858E-6 2.45877E-6 1.48029E-6 5.6074E-7 1.69343E-6 1.35322E-6 5.07072E-6 5.59062E-6 4.23618E-7 9.34636E-7 3.47535E-6 7.89286E-6 2.95186E-6 9.33854E-6 7.60641E-7 8.85512E-8 1.18329E-6 1.19416E-5 1.12265E-6 1.11008E-5 8.04998E-6 1.02614E-6 1.27158E-6 5.10343E-7 9.27601E-7 3.89361E-6 2.50937E-6 2.137E-6 5.38445E-5 1.23938E-4 8.91173E-6
-9999 -9999 -9999 -9999 -9999 -9999 1.12107E-5 9.3373E-5 3.95984E-5 3.09303E-5 1.68064E-4 2.78869E-4 1.71265E-4 5.91806E-6 1.27835E-4 7.90443E-5 1.59191E-5 1.03724E-5 5.86906E-6 2.0744E-5 3.21887E-5 6.54427E-5 4.24601E-5 6.37711E-5 4.58722E-5 3.71022E-5 2.8855E-5 3.12311E-5 4.18281E-6 4.73106E-5 4.22015E-5 3.66585E-6 2.05616E-5 3.31274E-6 2.58298E-6 8.35459E-6 1.81911E-6 2.55851E-6 4.89004E-7 2.43103E-6 2.13108E-6 2.22612E-6 1.86318E-6 1.72244E-6 5.19677E-7 8.82548E-7 2.98024E-6 1.44234E-6 4.61543E-6 8.4687E-6 1.49099E-6 6.18946E-7 3.92148E-6 2.99155E-6 9.31502E-6 1.86888E-6 1.8402E-6 5.20564E-7 4.0581E-7 1.67697E-6 3.12814E-6 4.24826E-6 5.11397E-6 3.75657E-5 1.32427E-4 1.18241E-4
-9999 -9999 -9999 -9999 -9999 -9999 5.26022E-5 5.91718E-5 1.08921E-4 1.58471E-5 9.56037E-5 2.78172E-4 1.79919E-4 4.44185E-6 3.18137E-5 1.7126E-4 1.16038E-4 1.14685E-5 1.24574E-6 4.82204E-6 1.64181E-7 8.14576E-6 3.02893E-5 1.22224E-5 4.21926E-5 3.65123E-5 5.17954E-5 4.50085E-5 9.54902E-6 3.28235E-5 1.89873E-5 2.17831E-5 4.66359E-6 1.0881E-5 4.5326E-6 4.57539E-6 3.10627E-6 4.0342E-7 5.67204E-6 3.69727E-6 1.91605E-5 2.13872E-5 2.39799E-6 5.9926E-7 6.03863E-7 5.15445E-7 1.95906E-6 2.19196E-6 9.38488E-7 3.06295E-6 2.24834E-5 1.57768E-5 6.05358E-6 7.2077E-6 1.70611E-6 3.30449E-6 3.17305E-7 4.9849E-7 1.09211E-6 3.71306E-6 2.13155E-6 7.22068E-6 1.58975E-5 1.49158E-5 5.98067E-5 3.88645E-5
-9999 -9999 -9999 -9999 -9999 -9999 5.90172E-5 9.10711E-5 8.59737E-5 1.45303E-4 1.31242E-4 2.41099E-4 2.59977E-4 6.195E-5 1.97312E-6 3.94966E-6 7.88442E-5 3.37041E-5 3.54843E-6 9.00952E-7 5.42066E-7 1.56874E-5 3.27525E-6 1.03061E-5 4.28756E-6 1.99609E-5 4.53107E-5 5.19906E-5 3.74744E-5 3.45585E-5 4.22794E-5 2.5852E-5 2.20939E-5 2.06783E-5 1.87424E-5 1.09517E-5 1.62781E-5 1.42473E-6 1.45385E-6 5.14665E-6 2.44867E-5 3.2343E-5 5.66014E-6 2.68873E-6 1.84073E-8 1.75395E-7 3.42405E-7 4.64883E-7 2.17448E-6 3.17463E-5 4.54849E-5 2.32054E-5 6.04823E-6 1.41172E-6 4.51087E-7 2.40609E-6 8.60646E-6 5.74433E-7 8.60316E-7 3.90981E-6 3.26769E-7 8.50553E-6 2.06181E-5 5.58746E-5 3.34044E-5 4.37506E-5
-9999 -9999 -9999 -9999 -9999 -9999 1.4191E-4 4.65792E-5 8.63584E-5 1.33865E-4 8.89858E-5 1.9529E-4 1.99197E-4 6.1742E-5 1.53517E-5 5.4013E-6 5.65764E-5 1.38599E-4 1.94493E-5 4.79984E-6 1.52998E-6 3.25652E-6 2.15082E-6 7.80646E-7 3.41985E-6 3.16639E-5 5.02715E-5 4.40163E-5 5.63169E-5 3.42223E-5 3.00749E-5 3.67976E-5 2.45216E-5 2.49769E-5 1.83766E-5 3.94774E-5 2.35674E-5 6.87984E-6 6.67912E-6 1.07212E-5 2.32168E-5 2.36313E-5 5.90707E-6 2.79612E-6 1.11322E-6 1.72746E-5 4.91228E-5 1.03121E-5 1.61764E-5 2.22252E-5 3.03604E-5 2.63714E-5 9.52842E-7 5.05768E-7 3.42687E-6 6.60887E-6 4.37551E-5 4.18957E-6 7.26462E-7 1.48379E-6 3.75048E-7 5.64985E-6 5.36764E-5 2.86923E-5 3.95064E-5 4.58394E-6
-9999 -9999 -9999 -9999 -9999 -9999 -9999 4.65389E-5 9.07955E-5 1.37042E-4 9.05224E-5 1.51153E-4 1.93506E-4 1.68139E-4 7.15574E-6 8.08336E-6 1.04086E-5 3.91307E-5 4.03679E-5 1.38337E-5 3.24636E-6 1.70668E-6 2.52338E-6 2.49849E-6 5.00314E-7 4.54759E-5 5.49366E-5 6.10611E-5 5.37648E-5 1.92249E-5 4.19748E-5 4.87224E-5 4.14624E-5 3.20406E-5 1.21386E-5 3.69188E-5 4.75812E-6 1.08129E-5 3.26032E-6 4.41384E-6 6.93425E-6 1.89626E-5 2.92521E-5 1.1267E-6 1.99546E-6 9.57337E-7 8.82209E-6 3.02295E-6 1.84941E-6 1.53188E-5 1.32936E-5 1.31609E-5 1.47077E-6 5.75938E-6 7.32667E-6 3.04956E-5 6.52129E-5 1.93455E-5 3.57175E-6 7.74659E-6 5.23351E-5 3.75906E-5 6.82098E-5 3.13185E-5 1.3281E-5 1.3414E-5
-9999 -9999 -9999 -9999 -9999 -9999 -9999 3.06708E-5 1.42198E-4 1.42001E-4 1.02961E-4 1.31157E-4 1.91299E-4 1.36873E-4 3.21131E-5 6.58101E-5 1.94669E-5 8.56783E-5 7.79196E-5 1.61148E-5 6.40616E-6 2.24851E-5 1.32319E-6 2.68375E-7 6.87917E-6 7.8686E-6 3.10131E-5 6.40621E-5 6.31818E-6 1.85253E-5 2.81728E-5 3.72838E-5 4.44532E-5 6.5816E-5 5.45305E-5 5.55674E-6 1.64681E-5 3.68678E-5 1.15563E-5 3.35886E-6 2.37951E-6 1.71469E-5 6.03511E-6 4.06245E-6 1.76436E-6 2.34432E-7 7.18976E-6 1.3936E-6 1.84503E-6 1.51967E-6 2.35351E-6 1.09987E-5 1.24157E-5 1.79673E-5 4.16415E-5 3.41183E-5 1.53984E-5 2.12737E-5 5.79733E-6 1.65193E-5 1.19551E-5 7.52893E-5 1.2832E-5 2.01133E-5 2.8249E-5 1.32688E-5
-9999 -9999 -9999 -9999 -9999 -9999 -9999 1.81569E-5 4.01942E-5 1.57588E-4 1.30306E-4 1.73607E-4 1.91842E-4 1.77208E-4 2.09857E-6 3.51368E-6 2.67196E-5 1.44659E-4 1.16949E-4 4.4874E-5 2.97441E-6 8.63605E-5 3.29672E-5 7.88155E-6 6.85864E-8 1.37163E-5 3.71945E-5 3.13679E-5 7.83915E-6 3.12076E-6 2.88162E-6 4.47935E-5 5.53242E-5 2.98884E-5 6.6895E-5 3.66016E-5 1.6645E-5 1.08297E-5 3.83601E-5 1.32844E-5 4.35112E-6 1.01476E-6 1.79881E-6 5.8902E-7 1.79161E-7 1.66834E-6 3.36468E-5 8.0633E-6 4.51523E-7 4.45303E-5 3.05685E-6 7.40548E-6 4.565E-6 1.07342E-5 7.60982E-5 6.91543E-5 1.00179E-5 4.6761E-5 1.4081E-5 1.8319E-6 4.57503E-6 1.12985E-6 6.90068E-6 2.88653E-5 4.08687E-5 1.99802E-5
-9999 -9999 -9999 -9999 -9999 -9999 -9999 4.73508E-5 1.04978E-4 1.53115E-4 1.20966E-4 1.51936E-4 1.92013E-4 2.25435E-4 8.10307E-5 1.04061E-4 3.57134E-5 7.7275E-6 1.18827E-6 5.69753E-6 8.56339E-6 1.10221E-5 9.14061E-6 2.27688E-5 2.40871E-5 1.49046E-5 6.32837E-6 1.87705E-5 3.4092E-5 1.40641E-6 4.37619E-6 2.26111E-5 1.35372E-5 2.52523E-5 2.09513E-5 2.52581E-5 1.42327E-5 1.7227E-5 6.99268E-6 6.49116E-6 7.67856E-6 4.28448E-6 4.63945E-6 7.5456E-7 5.92177E-7 6.23355E-6 3.12449E-6 4.77967E-7 1.54895E-6 1.31446E-5 5.31287E-5 1.45492E-5 1.78308E-5 1.20336E-5 6.8833E-5 2.24243E-5 1.88508E-5 4.20428E-5 8.67793E-6 8.15191E-6 6.93885E-7 3.50599E-6 1.10996E-5 2.54343E-5 1.49678E-5 1.2374E-5
-9999 -9999 -9999 -9999 -9999 -9999 -9999 2.08709E-5 9.74208E-5 1.47965E-4 1.2247E-4 1.01263E-4 1.24358E-4 2.05196E-4 1.03004E-4 3.96536E-5 1.59789E-4 3.78615E-5 9.12275E-5 5.38013E-5 1.30718E-4 8.74046E-5 2.46436E-5 2.4136E-5 1.83372E-5 9.2053E-6 1.54469E-5 3.12103E-5 7.99099E-6 4.40215E-6 1.82122E-5 3.55734E-5 2.89908E-5 5.80523E-5 7.24513E-5 2.30916E-5 8.21425E-6 4.67264E-6 9.89276E-7 1.70578E-6 2.2765E-6 1.17791E-6 3.71893E-7 3.83056E-6 1.13856E-5 9.87736E-6 5.37834E-6 3.04537E-5 1.57159E-5 4.59359E-5 5.25721E-5 4.89195E-5 2.04606E-5 4.35611E-5 6.76684E-5 9.21177E-6 2.84933E-5 4.95878E-6 3.14525E-6 4.31897E-6 1.45467E-6 3.61987E-7 3.86793E-5 8.74254E-6 1.28405E-5 2.99101E-5
-9999 -9999 -9999 -9999 -9999 -9999 -9999 2.92125E-5 3.47192E-6 1.23083E-4 1.19261E-4 9.18654E-5 1.16293E-4 1.71355E-4 1.77107E-4 7.91145E-5 2.9547E-5 1.48669E-6 3.58665E-6 6.58714E-5 3.28952E-5 5.7405E-5 1.80444E-5 8.84242E-6 1.62634E-5 6.83761E-5 1.87287E-5 2.98318E-5 5.26282E-5 1.73402E-5 7.29001E-6 1.43342E-5 3.38006E-6 3.17688E-5 2.44139E-5 1.98282E-5 6.79683E-6 9.12553E-6 9.85698E-6 4.5491E-7 7.0438E-7 1.15597E-5 9.06125E-6 5.77636E-5 1.1638E-5 2.79496E-5 1.36333E-5 4.7443E-6 1.06698E-5 3.38294E-5 4.21884E-5 4.10182E-5 4.17583E-5 2.29502E-5 2.56691E-5 3.4006E-5 2.57794E-5 1.04701E-5 8.72997E-6 2.2331E-5 4.41645E-5 8.27325E-6 8.99886E-6 1.62262E-5 1.46803E-5 1.1633E-5
-9999 -9999 -9999 -9999 -9999 -9999 -9999 1.16445E-5 1.66728E-6 4.90134E-5 1.14597E-4 6.56541E-5 1.2566E-4 1.73289E-4 1.35204E-4 3.68267E-5 1.20642E-4 1.22717E-5 1.52438E-5 6.03453E-5 1.15184E-5 2.55983E-5 1.21171E-5 8.98679E-5 2.74046E-5 4.84592E-5 8.05119E-5 2.36894E-5 4.91249E-5 3.38218E-5 7.66908E-5 9.7747E-6 4.16561E-6 2.23942E-5 2.68887E-5 4.68356E-5 4.53079E-5 6.08979E-5 2.9499E-5 4.53876E-5 5.47833E-7 1.08773E-5 3.20629E-6 1.83403E-5 5.51251E-6 9.15018E-6 2.93811E-5 1.91739E-5 2.65788E-5 3.56152E-5 3.61919E-5 3.03494E-5 3.3801E-5 1.80878E-5 3.36522E-5 4.23536E-5 1.43859E-5 2.9485E-5 2.53654E-5 5.67491E-6 5.71024E-6 3.89388E-6 3.88743E-5 5.01485E-6 1.05494E-5 1.71572E-5
-9999 -9999 -9999 -9999 -9999 -9999 -9999 4.60388E-5 3.25598E-6 3.03333E-5 1.20442E-4 1.11666E-4 1.23573E-4 2.05127E-4 2.06465E-4 1.84618E-4 2.47634E-5 3.24672E-5 2.16999E-5 2.96267E-6 2.8137E-6 7.97763E-6 2.50402E-5 2.05061E-5 1.48867E-5 7.6191E-5 1.13006E-4 7.35198E-5 3.52106E-5 1.41018E-5 1.8248E-5 4.41229E-5 1.4749E-5 3.66565E-5 4.87476E-5 5.90462E-5 4.61021E-6 4.66187E-5 1.35502E-5 2.68508E-6 5.96501E-6 1.37862E-5 6.13993E-5 1.56736E-5 6.46562E-6 1.7491E-5 1.64551E-5 9.34286E-6 6.81226E-6 8.02328E-6 2.14432E-5 1.76618E-5 2.10526E-5 4.13499E-5 4.15918E-5 2.72664E-5 1.79615E-5 2.88065E-5 4.4022E-6 4.36118E-5 6.97316E-6 1.35029E-6 4.32027E-5 4.09444E-5 1.96449E-5 1.5812E-5
