catData/rasterBestHybridModels/Pbengalensis/RD_BM01_RM2_LQ/Pbengalensis_max.asc
ncols         409
nrows         350
xllcorner     60.897278365
yllcorner     5.843756025
cellsize      0.0892857
NODATA_value  -9999
[rows 145 to 173 of 350, columns 132 to 197 of 409]
2.33727E-5 3.64335E-5 2.28706E-5 3.37018E-5 3.21944E-5 2.96022E-5 6.53735E-5 2.01226E-5 4.18975E-5 3.48313E-5 6.71365E-6 5.59477E-7 4.72179E-6 8.62011E-8 4.10043E-7 9.22259E-6 3.57629E-5 7.52749E-7 7.88184E-7 1.6932E-6 3.01635E-6 1.16581E-5 1.79544E-5 2.7896E-5 1.99701E-5 3.77714E-5 4.28772E-5 2.65291E-5 4.32102E-5 1.35431E-5 3.96359E-5 2.64897E-5 2.98076E-5 6.14392E-6 1.98357E-6 3.06678E-5 1.49774E-5 8.61267E-6 1.04729E-5 2.29458E-5 6.40129E-6 7.10133E-6 4.36815E-6 1.87535E-6 2.00427E-6 4.25475E-6 2.84322E-7 7.3846E-6 3.59532E-6 2.71658E-6 2.59981E-6 7.64122E-6 5.38725E-6 1.58168E-7 3.71981E-7 6.66374E-7 4.947E-6 1.74881E-5 1.4917E-7 8.74124E-8 1.39902E-8 3.88821E-8 1.15172E-8 7.74338E-9 1.02692E-7 5.36206E-6
8.86252E-6 3.4365E-5 1.22169E-5 3.89173E-5 2.24683E-5 3.92555E-5 5.29674E-5 3.71989E-5 3.84199E-5 8.09186E-6 2.46144E-6 1.1362E-5 4.3396E-7 1.02736E-6 3.36754E-7 5.02321E-6 2.46613E-5 1.15263E-5 7.05107E-6 2.6964E-6 1.48938E-5 1.85649E-6 3.09474E-5 3.19205E-5 3.17493E-5 4.37432E-6 1.15645E-5 2.69195E-5 4.29858E-5 3.07552E-5 4.95856E-5 2.58923E-5 3.48517E-5 2.64984E-5 8.71578E-6 2.1686E-6 7.80323E-6 3.30288E-6 1.98525E-5 7.04986E-6 1.05913E-5 1.81651E-5 8.40147E-6 3.24961E-6 1.20073E-6 1.01334E-5 1.16912E-5 4.52393E-6 2.09326E-6 1.57372E-6 7.81547E-7 6.36979E-6 2.57973E-5 1.45357E-5 2.11102E-6 2.36957E-6 1.09516E-5 2.11547E-6 1.89436E-8 5.98029E-9 1.00002E-8 1.25385E-8 4.30227E-7 5.14753E-8 7.70365E-7 2.79559E-5
4.34058E-5 3.73733E-5 3.1673E-5 1.18852E-5 2.5614E-6 3.37782E-5 2.75704E-5 1.53077E-5 9.06648E-6 6.82923E-7 5.89205E-6 1.4544E-6 3.50711E-6 2.91837E-7 9.75763E-7 3.51725E-6 2.0171E-5 2.532E-5 5.82421E-6 4.82191E-6 1.26546E-5 1.23387E-5 2.17979E-6 8.68439E-6 2.90297E-5 7.17028E-6 4.19909E-5 4.72578E-5 4.68486E-5 4.88994E-5 1.81401E-5 2.77746E-5 1.88719E-5 3.05114E-6 4.60889E-7 5.06857E-6 2.34563E-5 3.72603E-6 1.26835E-5 1.28411E-5 1.07848E-5 2.57029E-5 2.81355E-5 3.66913E-5 1.19112E-5 1.90973E-7 2.18335E-6 8.90033E-7 1.6397E-5 1.74768E-6 6.88214E-7 1.11011E-6 1.15496E-5 3.71348E-6 1.1442E-5 1.77559E-5 8.27071E-6 4.71536E-7 5.54699E-8 8.46529E-8 4.03382E-8 1.32624E-6 1.50467E-6 3.59128E-7 1.11514E-5 9.19592E-6
3.91065E-5 1.7454E-5 7.42673E-7 5.13395E-6 5.33601E-6 1.39188E-5 5.85319E-6 3.75288E-6 1.90393E-5 4.36586E-6 5.57559E-6 7.92051E-6 2.36007E-6 2.08967E-6 3.19111E-6 2.86579E-6 2.25895E-5 3.10542E-5 1.81203E-5 9.12095E-6 3.027E-5 7.74969E-6 3.93444E-6 2.71519E-6 1.10466E-5 1.99252E-5 4.95314E-5 4.73769E-5 2.1766E-5 3.26859E-6 1.52833E-5 2.30805E-5 1.67932E-5 4.01068E-6 3.21683E-6 8.86941E-6 1.07833E-5 8.6829E-6 4.04111E-6 9.67882E-6 2.71959E-5 2.24323E-5 7.19527E-6 3.33526E-6 2.84712E-5 1.36833E-5 3.09129E-5 3.25178E-6 1.94401E-6 5.36919E-7 1.00937E-6 1.9116E-6 9.01834E-6 2.17457E-6 5.89128E-6 9.53984E-6 2.64148E-6 2.02189E-7 2.38272E-6 5.81162E-7 6.1843E-7 1.80733E-6 2.48574E-7 1.60533E-5 1.99434E-5 4.43696E-6
4.35952E-5 3.33244E-5 6.16096E-6 4.72596E-6 3.09373E-5 4.3213E-6 8.29993E-6 5.96538E-6 1.55107E-5 3.8368E-7 1.56429E-6 1.29246E-5 3.92039E-6 5.57935E-6 9.02578E-6 7.74423E-6 2.5557E-5 1.25279E-5 7.35941E-6 2.87821E-6 1.71759E-5 2.2259E-5 1.25617E-5 1.02636E-5 1.66952E-5 3.95486E-6 5.79717E-5 5.64225E-5 1.8079E-5 1.2406E-5 5.88212E-5 3.44687E-5 1.85047E-5 1.27949E-5 1.16943E-6 1.04866E-6 1.15015E-5 5.66E-6 1.83326E-5 4.89074E-6 5.55864E-6 1.66696E-5 9.12857E-6 1.99436E-5 1.24312E-5 5.53991E-6 1.24034E-5 1.82256E-5 3.84288E-6 3.61287E-6 1.33565E-6 7.31692E-6 3.65898E-6 2.08664E-5 1.7157E-5 4.39677E-6 2.56557E-7 9.94605E-9 1.48777E-8 3.82402E-8 4.001E-8 1.09995E-6 1.25576E-6 2.68412E-5 1.20981E-5 8.31606E-7
4.14801E-5 4.1164E-5 1.39257E-5 2.49015E-5 2.87782E-5 4.381E-6 2.47724E-5 3.09817E-5 4.00014E-5 1.14413E-5 4.32993E-6 1.41634E-6 5.26707E-6 5.55826E-6 2.21253E-5 3.0285E-5 2.04355E-5 1.22892E-5 1.33925E-5 5.27565E-7 2.31507E-5 1.05668E-5 1.33604E-6 6.29534E-6 1.48033E-5 3.56705E-6 5.34959E-5 6.13174E-5 1.28543E-5 4.53789E-5 5.98627E-5 4.96545E-5 3.42612E-5 2.60059E-5 3.77165E-7 1.39209E-6 1.14057E-5 2.40589E-5 2.05789E-5 1.06475E-5 1.36363E-5 1.56584E-5 7.36684E-6 3.14269E-6 3.1461E-6 2.07418E-6 2.81872E-6 1.58915E-6 1.0579E-6 4.35747E-7 3.36126E-7 1.40601E-6 5.54716E-7 7.58554E-6 9.52546E-6 1.18544E-8 2.94963E-8 1.14387E-8 9.20839E-9 6.0653E-9 9.16863E-8 9.13848E-6 1.02922E-5 4.37281E-6 1.6722E-5 1.10121E-5
4.88274E-5 3.04702E-5 3.29041E-5 4.60536E-5 4.0446E-5 3.48823E-5 2.55185E-5 7.69965E-6 4.39299E-5 2.4265E-5 3.75341E-5 2.0614E-5 7.8536E-6 1.14473E-5 3.10717E-5 4.34135E-5 3.23655E-5 9.16634E-6 2.90355E-5 1.53403E-5 1.42169E-5 6.72028E-6 2.34286E-6 4.12857E-6 4.37431E-5 3.2912E-5 1.44023E-5 4.87908E-5 2.69669E-5 4.27909E-5 5.0678E-5 4.01255E-5 1.83369E-5 4.85742E-6 2.44299E-6 1.74179E-6 3.64711E-6 6.4975E-6 5.93515E-6 9.20825E-6 2.66076E-6 2.99552E-5 1.55728E-5 1.17316E-5 6.46482E-6 5.73233E-7 4.09095E-7 2.26133E-8 3.39795E-7 2.73605E-6 2.1242E-6 2.63873E-6 2.08479E-6 5.66127E-6 2.94724E-6 1.07621E-6 6.54975E-6 3.06268E-7 4.97132E-9 9.12074E-9 2.8188E-7 9.09036E-6 1.83359E-6 3.57192E-6 2.17487E-5 1.27361E-5
4.44614E-5 2.83209E-5 4.09103E-5 3.67236E-5 3.73101E-5 2.702E-5 4.22889E-5 2.20279E-5 3.05918E-5 3.64498E-5 3.90004E-5 8.16185E-6 5.35522E-6 2.21286E-6 1.4796E-6 8.92913E-6 3.36379E-5 1.03899E-5 3.52159E-5 1.23809E-5 1.29807E-5 5.73408E-6 9.52598E-7 1.23985E-6 2.57171E-5 3.24411E-5 1.18676E-5 1.48735E-5 5.69416E-5 6.33803E-5 5.07631E-5 1.80591E-5 2.51648E-5 3.05155E-6 4.14681E-5 2.71432E-5 3.44812E-6 1.45448E-6 2.55719E-5 4.33304E-6 2.1512E-5 1.67836E-5 2.42252E-5 3.40585E-5 9.32001E-7 2.47569E-7 3.15124E-6 1.23822E-6 1.04915E-6 1.95743E-6 1.48322E-6 2.73723E-6 6.93609E-7 1.25015E-5 3.12047E-6 6.70647E-7 3.96665E-6 9.85317E-7 9.35717E-9 7.90049E-9 5.22726E-6 5.49491E-6 1.30351E-6 1.02743E-5 6.26276E-6 2.04783E-6
4.62432E-5 3.299E-5 4.01193E-5 3.16467E-5 3.56348E-5 2.60603E-5 1.51174E-5 2.62041E-5 4.22177E-6 4.02074E-5 1.80481E-5 2.64926E-5 2.36872E-5 3.87736E-6 1.39974E-5 8.17714E-6 2.56751E-5 9.53225E-6 2.41015E-5 7.69226E-6 1.94572E-6 3.16626E-6 2.13046E-6 3.91067E-6 1.23642E-5 1.25609E-5 7.02094E-5 2.49763E-5 6.89674E-5 5.66398E-5 2.47495E-5 2.10043E-5 1.16392E-5 6.99413E-7 9.02946E-6 4.93042E-5 4.21704E-5 3.07245E-5 3.32305E-5 1.03319E-5 1.47071E-5 3.40398E-6 7.69213E-6 2.05641E-5 2.66079E-7 3.47833E-7 9.72699E-6 1.43889E-5 2.11143E-6 1.01309E-5 4.63113E-6 3.46653E-6 7.96948E-6 7.41133E-6 1.69724E-6 2.89373E-6 4.25573E-6 5.1781E-7 2.93751E-6 1.83073E-8 4.4793E-6 8.72527E-7 2.71375E-7 1.12695E-5 3.7816E-6 8.76891E-6
4.85247E-5 4.90271E-5 4.01645E-5 3.65372E-5 2.02715E-5 1.08878E-5 1.07178E-5 3.35424E-5 6.00849E-7 4.69308E-6 2.48234E-6 8.07839E-7 6.08878E-7 9.18402E-6 2.82153E-5 2.70724E-5 1.30422E-5 4.77451E-6 2.64427E-5 1.69023E-5 5.64019E-6 7.79387E-6 2.55376E-6 7.77902E-6 2.0928E-5 6.41175E-6 5.74164E-5 3.99972E-5 3.90207E-5 3.19968E-5 2.27348E-5 3.32408E-5 3.42054E-6 9.46113E-7 1.55629E-6 4.80733E-5 4.8052E-5 4.31784E-5 4.87338E-5 6.74192E-6 2.02276E-5 4.7978E-6 1.06486E-6 4.21503E-6 6.76588E-7 1.31285E-6 6.21697E-6 1.88727E-5 2.27643E-5 2.16393E-5 7.43755E-6 5.07878E-6 5.28843E-5 2.53384E-5 1.57781E-5 5.48966E-6 1.8584E-6 9.64174E-6 8.30407E-6 5.18844E-7 1.53677E-6 8.9937E-6 2.09406E-5 1.44347E-5 5.70962E-6 1.19687E-5
4.9154E-5 4.8664E-5 3.94172E-5 3.9366E-5 2.73808E-5 1.77599E-5 6.48915E-6 1.36726E-5 9.89137E-7 1.05575E-6 2.80478E-7 1.45883E-7 4.93501E-6 2.86346E-6 3.34764E-5 5.70284E-6 9.08847E-6 3.26084E-5 1.4248E-5 2.45434E-5 1.47547E-6 1.40782E-7 1.07961E-6 2.96107E-6 2.91309E-6 5.53573E-7 1.14104E-5 5.17571E-5 3.81886E-5 5.78403E-5 5.35401E-5 4.65806E-5 4.06385E-5 1.80021E-5 2.85453E-5 3.85099E-5 4.88737E-5 5.18943E-5 1.84806E-5 2.09363E-5 1.56917E-5 1.08642E-6 8.94234E-7 1.38407E-6 6.27916E-7 1.22423E-6 4.44537E-7 2.57507E-6 2.58285E-5 7.23195E-6 1.76378E-5 2.06922E-5 2.24003E-5 2.25995E-5 1.18999E-5 3.64305E-6 3.89822E-6 1.1576E-5 1.67899E-5 8.19672E-6 3.60665E-5 2.97866E-5 7.05656E-6 2.9673E-7 1.89602E-7 1.73556E-6
4.525E-5 4.93361E-5 4.59986E-5 4.3855E-5 4.46742E-5 3.60601E-5 2.97245E-5 3.32927E-5 1.10128E-5 8.48869E-7 5.06781E-6 6.92513E-6 8.6353E-8 5.29703E-8 3.83132E-5 1.96144E-5 2.55074E-5 2.69692E-5 5.24009E-6 3.64142E-6 9.53487E-6 1.03657E-5 5.32083E-6 1.25162E-7 6.75759E-6 3.53443E-6 1.3291E-5 3.42012E-5 5.41234E-5 4.34676E-5 5.64162E-5 4.33036E-5 5.66883E-5 5.93626E-5 5.04323E-5 5.19526E-5 5.48101E-5 5.48822E-5 7.92925E-6 2.56014E-5 2.09975E-5 9.56858E-6 1.40815E-6 2.51761E-8 6.99024E-7 8.4559E-7 4.69471E-7 4.42681E-6 1.59391E-5 3.10029E-6 3.00787E-5 3.17784E-6 2.54739E-6 3.01816E-5 2.64294E-5 1.38704E-5 1.16956E-5 3.39562E-5 1.09817E-5 8.73709E-6 2.82763E-5 1.70583E-5 1.06481E-6 4.05223E-8 2.80888E-7 1.95242E-6
4.56855E-5 4.41927E-5 4.41937E-5 4.89007E-5 5.2242E-5 4.25123E-5 2.09021E-5 3.00144E-5 4.22135E-5 3.4621E-5 7.66686E-6 2.63313E-5 7.87518E-6 2.96289E-7 3.54715E-6 2.97252E-6 9.80407E-6 6.88613E-6 4.76344E-6 2.18591E-5 1.38253E-5 4.78219E-6 3.13908E-5 1.17559E-5 8.78436E-6 3.98832E-6 4.73401E-6 3.90185E-5 7.29534E-5 6.26526E-5 3.88259E-5 7.07094E-5 6.76669E-5 5.8353E-5 6.74052E-5 7.06543E-5 6.29048E-5 6.95274E-5 1.59013E-5 1.05644E-5 1.9838E-5 8.36779E-6 5.92335E-7 1.75866E-7 2.50922E-6 2.70346E-6 1.58626E-5 8.70297E-6 1.56434E-5 4.02742E-6 2.12024E-6 8.98569E-6 8.40391E-6 7.40532E-6 4.28628E-6 1.32234E-5 8.11655E-6 2.14571E-5 1.98008E-5 1.30723E-5 1.61085E-5 7.84993E-6 4.09357E-6 4.14666E-7 3.15769E-6 7.95205E-6
4.50723E-5 4.69241E-5 4.71975E-5 4.7126E-5 4.28498E-5 4.21464E-5 4.0104E-5 2.80071E-5 3.94198E-5 3.3151E-5 1.1983E-6 3.36438E-6 4.57097E-5 2.1404E-6 1.43556E-6 5.44348E-6 8.73932E-6 1.36781E-6 1.04906E-5 1.44798E-5 4.68817E-5 1.41213E-5 6.60281E-6 7.0762E-6 4.49523E-6 3.04086E-7 2.84652E-6 6.06317E-5 6.43447E-5 3.50696E-5 6.51216E-5 5.91088E-5 6.91108E-5 5.99572E-5 7.05108E-5 7.55517E-5 6.51485E-5 4.94873E-5 3.68701E-5 1.96829E-5 1.19393E-6 4.57366E-6 4.14179E-7 5.22832E-6 4.50342E-7 1.24667E-5 1.58349E-5 4.29568E-5 3.27122E-5 1.42071E-6 2.88095E-5 3.69974E-5 3.85466E-5 3.79932E-5 6.58021E-6 2.33889E-5 2.39238E-5 2.20443E-5 1.58839E-6 1.08763E-5 6.67998E-6 1.24144E-5 1.49327E-5 2.22346E-5 2.16198E-5 8.68371E-6
5.69729E-5 5.79675E-5 5.72214E-5 5.32857E-5 3.89122E-5 4.94552E-5 4.80952E-5 3.82445E-5 3.76153E-5 1.13096E-5 2.68019E-5 1.53876E-5 4.53824E-5 5.52084E-6 1.99481E-5 3.11275E-5 1.71512E-5 9.00895E-6 1.51771E-5 5.01769E-6 5.07267E-5 1.09474E-5 1.83021E-5 3.6937E-5 2.45562E-6 7.50465E-7 1.7255E-5 3.18837E-5 6.1978E-5 5.93507E-5 6.46081E-5 7.44982E-5 6.22571E-5 6.1584E-5 7.24096E-5 4.82139E-5 5.90098E-5 3.69025E-5 4.74034E-5 9.13628E-6 5.85452E-7 3.61324E-7 7.19991E-6 4.85749E-5 5.47476E-6 2.28303E-5 2.88267E-5 2.66102E-5 1.96323E-5 2.74965E-5 6.01512E-6 1.66142E-5 1.72935E-5 2.44237E-5 3.998E-5 4.29386E-5 3.43594E-5 5.2741E-6 7.88588E-6 1.50066E-5 3.07136E-5 2.19453E-5 1.21912E-5 2.29888E-5 3.25571E-5 3.48609E-5
6.11259E-5 5.87697E-5 5.93319E-5 6.16839E-5 5.48019E-5 5.60466E-5 5.30792E-5 1.52216E-5 3.55689E-5 3.29608E-5 4.16725E-5 5.00779E-6 3.83594E-5 3.03067E-5 1.25259E-5 3.17975E-6 4.38984E-5 1.68989E-6 9.84853E-6 4.7183E-5 3.30852E-5 2.69417E-5 3.77216E-5 5.58047E-5 3.09025E-5 3.19334E-5 7.37634E-7 5.36599E-5 6.18426E-5 6.16539E-5 6.17128E-5 6.85772E-5 7.17916E-5 7.24184E-5 7.06758E-5 8.55373E-5 5.46908E-5 2.01994E-5 4.66538E-6 4.19442E-5 1.57391E-5 3.022E-6 2.98189E-6 2.2092E-5 2.67577E-5 1.70003E-5 1.4689E-5 8.06229E-6 3.92831E-6 4.76789E-7 6.07876E-7 9.87056E-6 2.35599E-5 1.23476E-5 1.18874E-5 7.80418E-6 2.09677E-5 7.15022E-6 3.39068E-5 3.91956E-5 1.47785E-5 3.06358E-5 3.81126E-5 2.34158E-5 1.09031E-5 2.3161E-6
6.83265E-5 7.74277E-5 8.01399E-5 8.10531E-5 7.57728E-5 6.53129E-5 4.42711E-5 4.10432E-5 1.39054E-5 1.01757E-5 1.44589E-5 8.0395E-6 4.97713E-5 2.05992E-5 2.67916E-6 2.45069E-6 5.20105E-6 3.61549E-5 9.30994E-7 3.02944E-5 2.58396E-5 6.65454E-6 1.1306E-5 3.74502E-5 3.24687E-5 4.13786E-5 1.7033E-5 5.77296E-5 7.27862E-5 7.44237E-5 6.55821E-5 6.69722E-5 8.14609E-5 4.28909E-5 2.17754E-5 5.75322E-5 2.73206E-5 3.53812E-5 3.2203E-5 3.29076E-5 7.28097E-6 1.8904E-5 2.30384E-5 1.80576E-5 4.28889E-6 1.41763E-6 3.62614E-6 4.1467E-6 1.20635E-7 1.52309E-7 1.27876E-6 2.85879E-5 8.96758E-6 1.68018E-5 3.57016E-6 2.20138E-5 2.9601E-5 2.10702E-5 2.58301E-5 2.42698E-5 1.70401E-5 1.38287E-5 1.2045E-5 2.62759E-5 1.63994E-5 2.97862E-5
6.97293E-5 7.10657E-5 8.22901E-5 7.69785E-5 6.21953E-5 5.33851E-5 2.99404E-5 4.93335E-5 3.45229E-5 8.92556E-6 2.26618E-5 7.12592E-6 1.73188E-5 2.24344E-5 7.81944E-6 2.16003E-5 4.51046E-5 4.73149E-5 3.93834E-5 2.89429E-5 2.27683E-5 1.91372E-5 4.23094E-5 3.64539E-5 5.56001E-5 5.94002E-5 1.28391E-5 3.19718E-5 2.55114E-5 6.79369E-5 6.40659E-5 6.32961E-5 3.04156E-5 5.83009E-5 3.59615E-5 2.51552E-5 3.47772E-5 3.45242E-5 4.26266E-5 3.46088E-5 2.38908E-5 3.4592E-5 1.17707E-5 4.93912E-6 9.76887E-7 3.11698E-6 9.17632E-6 3.7192E-7 2.81945E-7 4.65498E-8 3.51619E-6 1.06535E-5 1.77511E-5 1.63524E-5 8.746E-6 1.67396E-5 1.77854E-5 6.691E-6 3.60554E-5 1.76652E-5 2.34276E-5 2.80382E-5 4.74313E-5 2.3989E-5 3.40684E-5 1.91841E-5
6.89294E-5 8.41205E-5 8.80252E-5 7.87106E-5 6.04508E-5 4.78356E-5 4.54166E-5 4.88393E-5 5.1954E-5 2.43933E-5 2.09204E-5 5.27798E-5 4.51166E-5 2.67962E-5 3.09683E-5 4.11992E-5 3.43048E-5 4.06002E-5 1.7282E-5 6.01365E-5 5.38408E-5 4.77969E-5 2.56317E-5 1.31625E-5 3.83495E-5 1.57837E-6 9.44245E-6 3.15693E-6 1.62856E-6 1.60945E-5 2.73812E-5 4.09329E-5 7.03087E-5 4.34332E-5 5.11217E-5 4.17553E-5 3.21324E-5 3.43565E-5 2.22278E-5 1.24016E-5 2.00459E-5 2.22099E-5 3.12711E-5 3.03901E-5 2.2185E-5 1.64081E-5 2.97076E-5 8.65614E-6 2.00483E-6 1.68286E-5 2.82687E-5 1.09468E-5 3.60976E-5 2.57472E-5 2.82761E-6 3.18989E-6 1.57939E-5 1.70074E-5 1.79532E-5 2.12653E-5 3.02557E-5 5.18562E-5 7.59935E-5 1.11844E-4 1.11958E-4 5.3137E-5
6.73221E-5 7.71323E-5 9.79463E-5 8.19361E-5 5.3047E-5 2.78006E-5 5.05743E-5 3.74567E-5 3.58324E-5 3.10378E-5 2.19617E-5 5.36489E-5 5.59664E-5 3.16032E-5 1.29343E-5 4.03028E-5 4.81843E-5 2.39065E-5 3.1808E-6 5.40237E-5 5.98842E-5 5.58934E-5 1.47641E-5 3.85359E-5 2.61742E-5 3.02042E-5 3.54324E-5 2.85865E-5 1.16293E-5 1.0181E-6 1.34457E-5 2.50483E-5 2.27906E-5 4.32379E-5 3.42839E-5 4.41023E-5 2.06687E-5 1.07837E-5 2.50223E-5 2.80329E-5 1.91609E-5 2.81993E-5 3.17045E-5 3.31932E-5 2.85918E-5 2.05163E-5 8.62327E-6 1.15724E-5 1.3886E-5 3.74151E-5 3.22082E-5 1.25777E-5 8.54948E-6 1.43415E-5 8.26673E-6 1.65764E-5 8.254E-6 1.31869E-5 1.03302E-5 1.79198E-5 2.46698E-5 2.83755E-5 5.7624E-5 1.25653E-4 7.82324E-5 2.56168E-5
7.76217E-5 7.3543E-5 5.07274E-5 7.37359E-5 6.90852E-5 6.86912E-5 5.23978E-5 5.58208E-5 5.52308E-5 4.77301E-5 4.88304E-5 4.78283E-5 4.99834E-5 5.22594E-5 5.36852E-5 5.58233E-5 5.28838E-5 5.51996E-5 6.50911E-5 3.41714E-6 5.41001E-6 1.25662E-5 4.01857E-6 2.1147E-6 2.48315E-5 1.97395E-5 3.5491E-5 3.92361E-5 3.43527E-5 4.42382E-5 3.6155E-5 1.82829E-5 2.35396E-5 2.09214E-5 9.17467E-6 1.8786E-5 2.45427E-5 1.80527E-5 3.19163E-5 3.01325E-5 2.74416E-5 3.35677E-5 3.82696E-5 3.47487E-5 2.51668E-5 3.57821E-5 1.29596E-5 3.83688E-6 1.458E-5 2.4466E-5 3.55583E-5 2.02713E-5 1.21986E-5 3.63863E-5 4.62358E-5 2.82856E-5 2.54287E-5 2.92734E-5 1.16179E-5 7.74059E-6 3.51237E-5 2.44593E-5 2.30262E-5 2.88801E-5 1.5532E-5 4.73747E-5
-9999 5.78942E-5 3.52416E-5 6.93535E-5 7.56222E-5 5.63874E-5 5.33098E-5 5.19218E-5 5.36378E-5 4.13725E-5 4.14558E-5 4.12991E-5 4.54808E-5 4.13116E-5 4.39623E-5 4.94883E-5 4.97807E-5 5.31715E-5 5.45325E-5 1.85583E-6 1.7583E-6 1.84383E-5 4.05782E-5 4.2117E-5 3.23086E-5 3.28244E-5 3.55716E-5 3.86154E-5 2.92241E-5 1.92468E-5 5.818E-6 1.01445E-5 1.36345E-5 1.12195E-5 2.06611E-5 1.30178E-5 2.8632E-5 2.26967E-5 1.57373E-5 3.25635E-5 3.40405E-5 4.07524E-5 4.05658E-5 3.90105E-5 4.16825E-5 3.93307E-5 7.22628E-6 4.52686E-7 1.89354E-5 3.14684E-5 2.31625E-5 1.73704E-5 3.33887E-5 4.18348E-5 4.32889E-5 3.94504E-5 5.03761E-5 2.92484E-5 8.32103E-6 3.39364E-5 5.76846E-6 8.28858E-6 3.45771E-5 2.63928E-5 4.32505E-5 5.44916E-5
5.29952E-5 4.57764E-5 3.95392E-5 1.87882E-5 5.78817E-5 4.90158E-5 4.95934E-5 5.25391E-5 5.40294E-5 4.42223E-5 5.26652E-5 4.46397E-5 3.94624E-5 3.40982E-5 4.26598E-5 3.22981E-5 1.86978E-5 1.29007E-5 1.80383E-5 1.86763E-5 1.73439E-5 3.3931E-5 4.26197E-5 3.50886E-5 3.1966E-5 3.25031E-5 1.94379E-5 2.04163E-5 3.20694E-5 1.8226E-5 2.32658E-5 1.80678E-5 1.62128E-5 1.38944E-5 2.61838E-5 2.02134E-5 5.01549E-6 2.72921E-6 2.27234E-6 1.28472E-5 2.91399E-5 3.16517E-5 3.47169E-5 3.25347E-5 3.75918E-5 1.98536E-5 6.86883E-7 3.20904E-7 9.19086E-6 1.15059E-5 1.10455E-5 4.15995E-5 3.69016E-5 4.02142E-5 3.26998E-5 1.60781E-5 2.50553E-5 4.79306E-5 2.46088E-5 7.15098E-6 1.11005E-5 4.97031E-6 8.8458E-6 1.13095E-5 6.20213E-6 1.92093E-5
1.8997E-5 5.29745E-5 5.71681E-5 5.40618E-5 5.26522E-5 5.41042E-5 5.70509E-5 5.45276E-5 4.77237E-5 4.56003E-5 4.42081E-5 4.08069E-5 3.75418E-5 4.3016E-5 7.18876E-6 2.28107E-7 7.38737E-6 6.73732E-6 2.44574E-5 2.61601E-5 3.34899E-5 3.14978E-5 3.05277E-5 3.28377E-5 2.6024E-5 3.41247E-5 2.34504E-5 2.57116E-5 1.66273E-5 2.61179E-5 2.55055E-5 1.72902E-5 1.68052E-5 3.13184E-5 2.83832E-5 2.70615E-5 1.76815E-5 3.07612E-5 1.47485E-5 1.6314E-5 2.7173E-5 3.2812E-5 3.69777E-5 3.36123E-5 3.47027E-5 1.71712E-5 1.03343E-6 3.25999E-6 1.93694E-5 2.72748E-5 3.78795E-5 4.24538E-5 3.70031E-5 2.65964E-5 2.43752E-6 1.61435E-6 6.49553E-6 1.30373E-6 1.63092E-5 1.73125E-5 4.03029E-6 3.64151E-5 2.32255E-5 2.32279E-6 1.37078E-5 1.35846E-5
2.99807E-5 4.02548E-5 5.8077E-5 4.63557E-5 4.97226E-5 5.49642E-5 5.98679E-5 6.3468E-5 4.20825E-5 4.86447E-5 4.15894E-5 3.74866E-5 3.63031E-5 4.67218E-5 2.72744E-5 1.84273E-5 9.09594E-6 1.58549E-5 1.97948E-5 4.47426E-6 4.02953E-5 3.58802E-5 2.57664E-5 3.43458E-5 1.43619E-5 2.50857E-5 1.77782E-5 1.34616E-5 2.02275E-5 1.85921E-6 2.26222E-5 1.82693E-5 2.99125E-5 2.62846E-5 2.03123E-5 2.77266E-5 3.1795E-5 3.45334E-5 2.93084E-5 2.07969E-5 3.17062E-5 2.46288E-5 3.32187E-5 2.84255E-5 2.91628E-5 2.43737E-5 9.3098E-6 1.82785E-5 1.20617E-5 3.31859E-5 4.13775E-5 2.45003E-5 2.33805E-5 3.50173E-5 5.35874E-6 6.78953E-7 2.53627E-7 1.53694E-6 3.68672E-5 1.76959E-5 2.88526E-5 1.5176E-5 1.96853E-6 5.12855E-6 1.36819E-5 4.50012E-5
1.20802E-5 4.33827E-5 5.20483E-5 4.88476E-5 4.80725E-5 4.35153E-5 5.9303E-5 7.27431E-5 5.82392E-5 5.86184E-5 4.57814E-5 3.69625E-5 4.22238E-5 4.74116E-5 1.71775E-5 2.71507E-5 3.74281E-5 4.64355E-5 4.34055E-5 4.97603E-5 7.93778E-5 2.20308E-5 7.37203E-6 1.62386E-5 2.58096E-5 2.87481E-5 6.39595E-6 1.05632E-5 1.23479E-5 5.05949E-6 1.97091E-5 2.34279E-5 3.60365E-5 1.98769E-5 2.43595E-5 3.13844E-5 1.86403E-5 1.8276E-5 2.11591E-5 3.46631E-5 4.07325E-5 3.80825E-5 2.62689E-5 2.50077E-5 2.64923E-5 2.1874E-5 1.14105E-5 1.29652E-5 3.7887E-5 3.7425E-5 2.48853E-5 2.58422E-5 2.56991E-5 3.3777E-5 2.63326E-5 1.55837E-5 1.37504E-5 4.29236E-6 4.20704E-5 1.9805E-5 1.85661E-6 1.80973E-6 2.47653E-6 2.40204E-7 3.54565E-7 6.08934E-6
1.67186E-5 5.12651E-5 5.62605E-5 5.69891E-5 5.17716E-5 5.15023E-5 5.68924E-5 5.72562E-5 6.17118E-5 6.04007E-5 7.38677E-5 5.75108E-5 4.66015E-5 5.44963E-5 4.37005E-5 6.02339E-6 2.53417E-5 1.1177E-5 1.92056E-5 5.4527E-6 2.01051E-5 6.04358E-5 1.83045E-5 7.78148E-6 7.21078E-6 4.21198E-6 1.19897E-5 5.38655E-6 2.70496E-5 1.68879E-5 3.48041E-5 3.02059E-5 3.01432E-5 3.03701E-5 2.36876E-5 2.8039E-5 2.24639E-5 2.36188E-5 2.79854E-5 3.92614E-5 3.55116E-5 1.04564E-5 2.00129E-5 2.8513E-5 2.5989E-5 2.07935E-5 1.83139E-5 3.19616E-5 2.39441E-5 1.28649E-5 1.94962E-5 1.5637E-5 1.41417E-5 3.78476E-5 4.67081E-5 5.32597E-5 4.72166E-5 2.7793E-5 3.98406E-6 7.06354E-7 1.36208E-6 2.9194E-7 1.37205E-7 1.34847E-7 1.24977E-6 1.02214E-5
2.4959E-5 5.52973E-5 6.85596E-5 6.03381E-5 6.73616E-5 5.26339E-5 4.67905E-5 3.70679E-5 5.42322E-5 5.54356E-5 5.90879E-5 6.03187E-5 5.24398E-5 5.84687E-5 7.31839E-5 9.11246E-6 5.38531E-5 2.76973E-6 1.46858E-6 4.19754E-5 3.61855E-5 5.35653E-5 5.30461E-5 5.28727E-5 6.26115E-6 7.03013E-6 9.9174E-7 1.16612E-6 1.34684E-5 8.98535E-6 6.38075E-6 2.38415E-5 2.78344E-5 2.92816E-5 1.29328E-5 3.46531E-6 5.10452E-6 1.44335E-5 2.14535E-5 4.65394E-5 4.19812E-5 1.52246E-5 2.50337E-5 2.86409E-5 2.70547E-5 2.3331E-5 2.7627E-5 2.44399E-5 1.75948E-5 1.51146E-5 1.94864E-5 3.24672E-5 4.49485E-5 5.84699E-5 6.78583E-5 3.70114E-6 3.9692E-7 7.25938E-6 1.63277E-6 1.43586E-7 1.12461E-6 9.20156E-6 7.16302E-7 3.80043E-7 4.44866E-6 3.64912E-7
7.71282E-5 6.1794E-5 8.74772E-5 8.96821E-5 5.85963E-5 4.99389E-5 4.5336E-5 2.36092E-5 3.45784E-5 4.85395E-5 4.78697E-5 5.1049E-5 3.37355E-5 9.29504E-6 5.66084E-5 5.67644E-5 5.98187E-5 5.12749E-5 4.25077E-5 2.17925E-5 1.44871E-5 3.11976E-5 4.19892E-5 1.25664E-5 4.50944E-5 2.27164E-5 4.38008E-6 3.71249E-7 5.28115E-7 4.8786E-5 4.87378E-5 1.27794E-5 1.80428E-5 7.52091E-6 3.44103E-5 1.49719E-5 1.11282E-5 8.60136E-6 2.95501E-5 9.64051E-6 6.19276E-6 1.83902E-5 1.36714E-5 2.01612E-5 2.11197E-5 1.5431E-5 1.52854E-5 2.18178E-5 2.0324E-5 2.29852E-5 3.52098E-5 5.05588E-5 6.51764E-5 5.43846E-5 4.66142E-6 5.38653E-7 1.57277E-7 2.12143E-7 2.0972E-7 3.1076E-7 4.21044E-6 1.51589E-5 1.61941E-5 4.16742E-5 5.379E-6 2.10384E-6
