catData/rasterBestHybridModels/Pbengalensis/RD_BM01_RM2_LQ/Pbengalensis_min.asc
ncols         409
nrows         350
xllcorner     60.897278365
yllcorner     5.843756025
cellsize      0.0892857
NODATA_value  -9999
[rows 87 to 115 of 350, columns 0 to 65 of 409]
-9999 -9999 -9999 -9999 -9999 -9999 6.25484E-9 5.4592E-9 7.23393E-9 1.23864E-8 2.38781E-8 4.46903E-8 8.1487E-8 1.31125E-7 1.91981E-7 2.88812E-7 4.74102E-7 6.3708E-7 9.45245E-7 1.46516E-6 1.99397E-6 2.29306E-6 2.26675E-6 2.30413E-6 2.71771E-6 3.44393E-6 4.54499E-6 6.45746E-6 1.005E-5 8.93767E-6 1.03028E-5 1.57347E-5 1.95836E-5 2.2799E-5 2.57569E-5 2.85881E-5 2.90649E-5 2.47139E-5 2.20174E-5 1.81714E-5 1.5376E-5 1.27655E-5 1.06775E-5 8.81569E-6 7.46126E-6 6.18892E-6 5.07247E-6 4.17349E-6 4.37026E-6 5.10624E-6 6.06425E-6 7.53305E-6 8.97173E-6 1.02367E-5 1.17732E-5 1.43567E-5 2.19154E-5 3.83606E-5 4.66151E-5 4.51846E-5 4.4761E-5 8.27474E-5 1.01042E-4 1.36883E-4 1.72276E-4 1.91915E-4
-9999 -9999 -9999 -9999 -9999 -9999 6.17132E-9 7.42484E-9 1.12145E-8 1.86599E-8 3.316E-8 6.10044E-8 1.05792E-7 1.72756E-7 2.61769E-7 3.83231E-7 6.02159E-7 8.83795E-7 1.26192E-6 1.88077E-6 2.75737E-6 3.08637E-6 2.59663E-6 2.29655E-6 2.60366E-6 3.16002E-6 4.0069E-6 5.26341E-6 6.26274E-6 6.16519E-6 7.49205E-6 1.04788E-5 1.34345E-5 1.76977E-5 1.9975E-5 2.20115E-5 2.46258E-5 2.53086E-5 2.39903E-5 2.21218E-5 1.90594E-5 1.59489E-5 1.26192E-5 1.0918E-5 9.08414E-6 7.17197E-6 5.80245E-6 5.40347E-6 5.72081E-6 5.96374E-6 5.95161E-6 6.29885E-6 7.03439E-6 9.09302E-6 1.21624E-5 1.60108E-5 2.57753E-5 3.95266E-5 3.71397E-5 3.71032E-5 5.85915E-5 1.09632E-4 1.2841E-4 1.85631E-4 2.54496E-4 2.93539E-4
-9999 -9999 -9999 -9999 -9999 -9999 -9999 5.64658E-9 1.05385E-8 2.04125E-8 3.63674E-8 6.24314E-8 1.07994E-7 1.71026E-7 2.55654E-7 4.20408E-7 6.62868E-7 8.93906E-7 1.13981E-6 1.42367E-6 2.21134E-6 2.83125E-6 1.90751E-6 1.5357E-6 2.19498E-6 3.15256E-6 3.8713E-6 4.33465E-6 4.82529E-6 5.54372E-6 6.39086E-6 8.15252E-6 1.11903E-5 1.41809E-5 1.60116E-5 1.91558E-5 2.17175E-5 2.46969E-5 2.59564E-5 2.49906E-5 2.26188E-5 1.91991E-5 1.51829E-5 1.25073E-5 1.01238E-5 8.27883E-6 6.72383E-6 6.95033E-6 7.31411E-6 7.52262E-6 7.41162E-6 7.67078E-6 7.94006E-6 1.06565E-5 1.41397E-5 1.6911E-5 2.51475E-5 2.9046E-5 3.54626E-5 5.66246E-5 1.21949E-4 1.25E-4 1.54275E-4 2.24874E-4 3.04225E-4 3.51975E-4
-9999 -9999 -9999 -9999 -9999 -9999 -9999 3.18922E-9 6.39584E-9 1.36206E-8 2.69281E-8 4.79254E-8 7.83807E-8 1.26439E-7 2.15813E-7 3.54817E-7 4.9108E-7 5.82442E-7 6.81879E-7 8.74111E-7 9.33684E-7 8.27567E-7 7.14655E-7 7.91503E-7 1.4553E-6 2.6676E-6 3.64138E-6 4.31001E-6 5.14284E-6 5.4741E-6 6.02552E-6 7.26047E-6 9.4727E-6 1.19812E-5 1.48522E-5 1.79501E-5 2.15953E-5 2.50446E-5 2.74446E-5 2.69579E-5 2.43725E-5 2.13195E-5 1.77209E-5 1.39123E-5 1.13283E-5 8.84539E-6 7.58051E-6 8.31373E-6 9.27159E-6 1.0786E-5 1.26286E-5 1.45419E-5 1.31205E-5 1.15071E-5 1.04965E-5 1.16977E-5 2.08696E-5 3.10338E-5 4.73283E-5 9.37483E-5 1.69483E-4 1.34087E-4 1.92243E-4 3.11874E-4 4.06109E-4 4.48E-4
-9999 -9999 -9999 -9999 -9999 -9999 -9999 2.59195E-9 5.06293E-9 1.08736E-8 1.93973E-8 3.45396E-8 5.67745E-8 9.15406E-8 1.69449E-7 2.7134E-7 3.57211E-7 4.28394E-7 4.81309E-7 5.18391E-7 5.31927E-7 4.48961E-7 4.50045E-7 5.57895E-7 1.00827E-6 1.92515E-6 2.72271E-6 3.66724E-6 4.83929E-6 5.12358E-6 5.28087E-6 6.12897E-6 7.98306E-6 1.02618E-5 1.33223E-5 1.69443E-5 2.09201E-5 2.35903E-5 2.69215E-5 2.80464E-5 2.4976E-5 2.11106E-5 1.76119E-5 1.4129E-5 1.2152E-5 1.05037E-5 1.18538E-5 1.9119E-5 2.02603E-5 2.11539E-5 2.13035E-5 1.70354E-5 1.37165E-5 1.18363E-5 1.17671E-5 1.41419E-5 2.7507E-5 3.74589E-5 5.00926E-5 9.21333E-5 1.12966E-4 1.25088E-4 1.86952E-4 3.23492E-4 4.20072E-4 4.17792E-4
-9999 -9999 -9999 -9999 -9999 -9999 -9999 -9999 4.54461E-9 9.91201E-9 1.63753E-8 2.80325E-8 4.67438E-8 7.53834E-8 1.3642E-7 2.13626E-7 2.84414E-7 3.13507E-7 3.78524E-7 3.80721E-7 3.63756E-7 3.55127E-7 4.04387E-7 5.02638E-7 7.89594E-7 1.38616E-6 2.12023E-6 2.94667E-6 3.91561E-6 4.58049E-6 4.8191E-6 5.42688E-6 6.6988E-6 8.40454E-6 1.06954E-5 1.38369E-5 1.76486E-5 2.03832E-5 2.3776E-5 2.68438E-5 2.47193E-5 2.2303E-5 1.85519E-5 1.60727E-5 1.69263E-5 1.95244E-5 2.83041E-5 5.55876E-5 5.70239E-5 2.87432E-5 2.03002E-5 1.78549E-5 1.52754E-5 1.33427E-5 1.42372E-5 1.83583E-5 4.03296E-5 5.44682E-5 6.70809E-5 1.00678E-4 9.46651E-5 1.03419E-4 1.65434E-4 3.14386E-4 3.69341E-4 3.46074E-4
-9999 -9999 -9999 -9999 -9999 -9999 -9999 -9999 -9999 8.39064E-9 1.42039E-8 2.45538E-8 3.99482E-8 6.5917E-8 1.15096E-7 1.96538E-7 2.77904E-7 2.96523E-7 3.07874E-7 3.17893E-7 3.25649E-7 3.38275E-7 3.74997E-7 4.4281E-7 5.90622E-7 9.16853E-7 1.45784E-6 2.10262E-6 2.83662E-6 3.55924E-6 3.98114E-6 4.53502E-6 5.49863E-6 6.84584E-6 8.54417E-6 1.07981E-5 1.53822E-5 2.04896E-5 2.43613E-5 2.64254E-5 2.544E-5 2.42065E-5 2.20123E-5 2.21151E-5 2.48489E-5 3.13387E-5 3.5634E-5 4.39846E-5 4.54973E-5 2.24406E-5 1.81042E-5 1.70515E-5 1.58507E-5 1.49051E-5 1.52593E-5 2.27477E-5 4.78992E-5 7.61121E-5 1.14508E-4 1.26523E-4 1.00465E-4 1.08482E-4 1.78779E-4 2.85575E-4 2.94483E-4 2.53611E-4
-9999 -9999 -9999 -9999 -9999 -9999 -9999 -9999 -9999 -9999 1.10125E-8 2.05846E-8 3.4646E-8 5.56987E-8 9.48803E-8 1.68069E-7 2.5302E-7 2.86125E-7 2.48531E-7 2.86546E-7 3.1773E-7 3.45767E-7 3.60323E-7 4.07965E-7 5.08175E-7 7.19529E-7 1.06758E-6 1.58551E-6 2.17491E-6 2.81523E-6 3.31686E-6 3.81856E-6 4.5378E-6 5.56431E-6 8.10965E-6 1.0839E-5 1.56128E-5 2.34104E-5 2.91933E-5 3.11226E-5 2.72334E-5 2.56455E-5 2.38386E-5 2.02339E-5 2.04785E-5 2.65469E-5 2.38416E-5 1.92112E-5 1.74557E-5 1.78548E-5 1.8714E-5 1.75559E-5 1.55827E-5 1.53412E-5 1.71578E-5 2.63157E-5 5.22913E-5 9.27992E-5 1.45078E-4 1.3732E-4 1.20796E-4 1.80398E-4 2.68321E-4 2.89697E-4 2.41273E-4 1.91283E-4
-9999 -9999 -9999 -9999 -9999 -9999 -9999 -9999 -9999 -9999 -9999 -9999 2.92989E-8 4.53529E-8 7.32211E-8 1.22869E-7 1.95158E-7 2.44194E-7 2.34817E-7 2.69664E-7 3.16076E-7 3.38E-7 3.43397E-7 3.78554E-7 4.47235E-7 5.75532E-7 8.02282E-7 1.10654E-6 1.53332E-6 2.05234E-6 2.51629E-6 3.11808E-6 3.86265E-6 5.06489E-6 8.03497E-6 1.21839E-5 2.00111E-5 2.82554E-5 3.308E-5 2.83828E-5 2.02271E-5 1.93278E-5 1.72748E-5 1.33896E-5 1.48968E-5 1.49519E-5 1.36848E-5 1.41789E-5 1.51236E-5 1.70545E-5 1.93885E-5 1.80706E-5 1.60426E-5 1.62457E-5 2.12587E-5 3.55572E-5 6.58573E-5 1.03487E-4 1.44063E-4 1.41751E-4 1.78754E-4 3.04147E-4 3.59328E-4 3.08371E-4 1.99973E-4 1.01074E-4
-9999 -9999 -9999 -9999 -9999 -9999 -9999 -9999 -9999 -9999 -9999 -9999 -9999 -9999 -9999 -9999 1.54745E-7 1.97277E-7 2.40421E-7 2.62641E-7 2.84222E-7 3.16172E-7 3.69074E-7 4.1808E-7 4.47582E-7 4.97569E-7 6.31394E-7 8.2044E-7 1.12772E-6 1.53378E-6 1.89169E-6 2.64125E-6 3.56397E-6 4.90299E-6 7.75417E-6 1.20576E-5 1.59077E-5 1.69651E-5 1.66601E-5 1.43683E-5 1.14055E-5 1.05893E-5 9.76055E-6 7.59824E-6 7.8283E-6 8.85432E-6 1.01132E-5 1.2353E-5 1.38951E-5 1.52602E-5 1.69508E-5 1.69647E-5 1.57828E-5 1.60517E-5 2.34865E-5 4.24358E-5 8.17394E-5 1.0874E-4 1.36409E-4 1.60749E-4 2.64202E-4 3.67611E-4 3.28707E-4 1.58329E-4 7.51601E-5 5.20399E-5
-9999 -9999 -9999 -9999 -9999 -9999 -9999 -9999 -9999 -9999 -9999 -9999 -9999 -9999 -9999 -9999 -9999 -9999 2.24058E-7 2.4222E-7 2.46062E-7 2.91763E-7 3.87207E-7 4.56583E-7 4.83108E-7 4.85844E-7 5.40043E-7 6.57525E-7 8.62517E-7 1.15188E-6 1.44316E-6 2.02175E-6 2.70338E-6 3.42252E-6 4.81946E-6 6.0121E-6 6.4064E-6 6.84227E-6 7.03997E-6 6.8184E-6 6.65013E-6 6.28541E-6 5.68407E-6 5.07497E-6 5.82794E-6 7.14901E-6 9.14791E-6 1.10025E-5 1.26061E-5 1.38457E-5 1.43713E-5 1.40195E-5 1.4114E-5 1.56817E-5 2.51952E-5 4.51927E-5 7.37268E-5 8.96635E-5 1.20905E-4 1.47944E-4 1.92382E-4 2.06213E-4 1.67802E-4 7.0157E-5 5.8696E-5 4.96602E-5
-9999 -9999 -9999 -9999 -9999 -9999 -9999 -9999 -9999 -9999 -9999 -9999 -9999 -9999 -9999 -9999 -9999 -9999 -9999 1.88307E-7 1.83485E-7 2.50947E-7 3.67188E-7 4.67735E-7 5.14743E-7 5.34169E-7 5.48155E-7 5.67788E-7 6.82082E-7 9.07341E-7 1.27807E-6 1.73931E-6 2.06873E-6 2.42823E-6 2.82547E-6 3.39001E-6 3.805E-6 4.22E-6 4.45503E-6 4.54649E-6 4.69668E-6 4.56813E-6 4.38353E-6 4.53039E-6 5.41849E-6 6.40252E-6 7.68579E-6 9.10243E-6 1.00395E-5 1.14059E-5 1.19402E-5 1.21053E-5 1.4575E-5 1.87272E-5 2.64474E-5 4.33928E-5 6.37676E-5 7.84414E-5 1.10021E-4 1.33071E-4 1.39301E-4 1.30776E-4 1.06716E-4 6.21376E-5 5.81051E-5 7.91027E-5
-9999 -9999 -9999 -9999 -9999 -9999 -9999 -9999 -9999 -9999 -9999 -9999 -9999 -9999 -9999 -9999 -9999 -9999 -9999 -9999 -9999 2.2329E-7 3.56442E-7 4.57225E-7 5.43189E-7 5.7563E-7 5.67136E-7 5.2516E-7 5.92438E-7 7.42549E-7 9.35627E-7 1.28266E-6 1.64611E-6 1.97877E-6 2.34262E-6 2.73005E-6 3.01784E-6 3.08334E-6 3.11959E-6 3.26033E-6 3.38941E-6 3.54908E-6 3.31735E-6 3.88543E-6 4.7232E-6 5.67385E-6 6.51025E-6 7.43589E-6 8.39039E-6 9.41743E-6 1.00454E-5 1.11944E-5 1.67525E-5 2.01783E-5 1.95349E-5 3.08331E-5 5.45303E-5 6.68853E-5 7.90663E-5 9.43815E-5 1.17202E-4 1.01275E-4 8.04054E-5 5.92997E-5 4.9918E-5 5.09402E-5
-9999 -9999 -9999 -9999 -9999 -9999 -9999 -9999 -9999 -9999 -9999 -9999 -9999 -9999 -9999 -9999 -9999 -9999 -9999 -9999 -9999 2.05604E-7 3.01534E-7 4.18465E-7 5.52123E-7 6.86124E-7 6.12811E-7 5.3174E-7 5.78905E-7 6.90939E-7 8.24681E-7 9.93231E-7 1.21847E-6 1.48477E-6 1.7928E-6 2.10999E-6 2.28552E-6 2.37637E-6 2.47892E-6 2.64003E-6 2.75343E-6 2.68486E-6 2.85834E-6 3.42922E-6 3.92844E-6 4.62483E-6 5.17326E-6 5.96131E-6 6.98957E-6 7.82547E-6 8.50483E-6 1.14304E-5 1.94007E-5 2.37474E-5 2.14746E-5 2.95802E-5 4.96236E-5 5.19533E-5 5.59978E-5 6.8671E-5 6.98912E-5 6.25726E-5 5.42084E-5 4.88455E-5 4.59528E-5 3.62748E-5
-9999 -9999 -9999 -9999 -9999 -9999 -9999 -9999 -9999 -9999 -9999 -9999 -9999 -9999 -9999 -9999 -9999 -9999 -9999 -9999 -9999 2.62277E-7 3.35518E-7 4.21676E-7 5.40362E-7 6.43701E-7 6.82913E-7 6.21476E-7 5.56721E-7 6.55607E-7 7.85486E-7 9.09795E-7 1.04565E-6 1.18629E-6 1.35288E-6 1.52307E-6 1.71732E-6 1.94197E-6 2.103E-6 2.17787E-6 2.17069E-6 2.09119E-6 2.28416E-6 2.70497E-6 3.23834E-6 3.88234E-6 4.46707E-6 5.04645E-6 5.72844E-6 6.69213E-6 8.35511E-6 1.15608E-5 1.97018E-5 2.19754E-5 1.68817E-5 2.75341E-5 5.81852E-5 5.79125E-5 4.3996E-5 5.91455E-5 5.85494E-5 5.47972E-5 5.64737E-5 6.15697E-5 6.62154E-5 5.63105E-5
-9999 -9999 -9999 -9999 -9999 -9999 -9999 -9999 -9999 -9999 -9999 -9999 -9999 -9999 -9999 -9999 -9999 -9999 -9999 -9999 -9999 3.8878E-7 4.24529E-7 4.94751E-7 6.23387E-7 6.95391E-7 7.54009E-7 8.3935E-7 8.35637E-7 9.19322E-7 1.0409E-6 1.10376E-6 1.18273E-6 1.2515E-6 1.30412E-6 1.33483E-6 1.385E-6 1.54195E-6 1.64821E-6 1.68657E-6 1.65817E-6 1.60816E-6 1.86326E-6 2.19377E-6 2.66819E-6 3.24307E-6 3.84976E-6 4.27986E-6 4.99589E-6 6.6454E-6 9.86045E-6 1.44082E-5 1.9502E-5 1.79221E-5 1.45796E-5 2.03137E-5 3.86111E-5 4.41618E-5 4.78958E-5 5.86636E-5 6.63078E-5 7.65556E-5 7.32163E-5 8.29779E-5 1.11385E-4 1.18328E-4
-9999 -9999 -9999 -9999 -9999 -9999 -9999 -9999 -9999 -9999 -9999 -9999 -9999 -9999 -9999 -9999 -9999 -9999 -9999 -9999 -9999 5.49006E-7 5.93594E-7 6.59224E-7 7.30337E-7 8.48489E-7 9.61742E-7 1.1265E-6 1.21533E-6 1.31732E-6 1.49453E-6 1.61713E-6 1.67749E-6 1.74407E-6 1.80415E-6 1.87116E-6 1.8974E-6 1.89879E-6 1.82116E-6 1.72363E-6 1.59863E-6 1.454E-6 1.61906E-6 1.8773E-6 2.31405E-6 2.94583E-6 3.64651E-6 4.06901E-6 5.30862E-6 8.77983E-6 1.36591E-5 1.7909E-5 1.67604E-5 1.38364E-5 1.28935E-5 1.796E-5 2.69284E-5 3.15255E-5 3.73108E-5 5.69262E-5 8.49748E-5 9.72903E-5 8.2238E-5 8.71481E-5 9.70828E-5 1.11866E-4
-9999 -9999 -9999 -9999 -9999 -9999 -9999 -9999 -9999 -9999 -9999 -9999 -9999 -9999 -9999 -9999 -9999 -9999 -9999 -9999 -9999 7.51151E-7 8.647E-7 9.92206E-7 1.0239E-6 1.18521E-6 1.39413E-6 1.59956E-6 1.76368E-6 1.89841E-6 2.08855E-6 2.34953E-6 2.43118E-6 2.38948E-6 2.5227E-6 2.5916E-6 2.53453E-6 2.439E-6 2.30881E-6 2.21335E-6 2.1135E-6 1.96187E-6 1.84048E-6 1.71372E-6 2.20924E-6 3.21096E-6 4.0129E-6 4.65094E-6 6.74804E-6 1.05416E-5 1.45109E-5 1.5105E-5 1.27892E-5 1.03917E-5 1.32155E-5 1.93779E-5 2.35047E-5 2.57297E-5 3.09805E-5 4.83263E-5 5.38107E-5 7.76064E-5 9.33268E-5 8.47498E-5 7.24485E-5 6.44445E-5
-9999 -9999 -9999 -9999 -9999 -9999 -9999 -9999 -9999 -9999 -9999 -9999 -9999 -9999 -9999 -9999 -9999 -9999 -9999 -9999 -9999 1.01784E-6 1.22459E-6 1.41771E-6 1.52499E-6 1.67944E-6 1.93998E-6 2.22244E-6 2.54858E-6 2.83543E-6 3.13619E-6 3.53138E-6 3.63112E-6 3.58878E-6 3.77847E-6 3.85642E-6 3.75325E-6 3.50741E-6 3.27694E-6 3.25407E-6 3.30165E-6 3.34069E-6 3.00018E-6 2.43654E-6 2.36323E-6 3.20183E-6 4.66316E-6 6.41837E-6 8.52064E-6 1.12209E-5 1.32082E-5 1.1795E-5 9.42226E-6 9.72543E-6 1.29522E-5 1.86174E-5 2.01374E-5 2.18142E-5 2.64975E-5 3.23836E-5 4.22874E-5 7.75107E-5 1.19085E-4 8.84827E-5 6.03948E-5 4.85323E-5
-9999 -9999 -9999 -9999 -9999 -9999 -9999 -9999 -9999 -9999 -9999 -9999 -9999 -9999 -9999 -9999 -9999 -9999 -9999 -9999 -9999 1.38748E-6 1.70844E-6 2.05756E-6 2.36067E-6 2.49697E-6 2.73551E-6 2.98962E-6 3.35154E-6 3.70067E-6 4.26226E-6 4.77166E-6 4.91818E-6 5.29377E-6 5.44149E-6 5.59877E-6 5.63762E-6 5.55321E-6 5.77216E-6 6.41013E-6 6.65171E-6 6.03499E-6 4.8272E-6 4.2788E-6 5.1892E-6 6.90813E-6 7.21842E-6 8.04631E-6 8.24189E-6 8.85145E-6 9.55975E-6 8.52007E-6 8.16757E-6 9.26065E-6 1.11789E-5 1.56994E-5 1.9419E-5 3.67191E-5 3.31603E-5 3.08237E-5 5.09366E-5 6.82784E-5 9.7309E-5 9.1843E-5 5.82017E-5 5.24383E-5
-9999 -9999 -9999 -9999 -9999 -9999 -9999 -9999 -9999 -9999 -9999 -9999 -9999 -9999 -9999 -9999 -9999 -9999 -9999 -9999 -9999 1.87704E-6 2.36202E-6 2.89487E-6 3.3885E-6 3.71237E-6 3.82625E-6 4.04951E-6 4.48294E-6 4.86358E-6 5.64977E-6 6.27215E-6 7.43696E-6 7.97373E-6 8.50507E-6 8.56824E-6 8.46135E-6 8.7088E-6 9.53706E-6 1.01766E-5 1.01606E-5 9.40228E-6 1.01833E-5 1.15857E-5 1.2598E-5 1.21313E-5 9.23939E-6 7.2181E-6 6.93486E-6 7.68471E-6 7.8465E-6 6.47592E-6 7.86157E-6 9.82092E-6 1.0322E-5 1.40242E-5 2.17481E-5 5.03186E-5 3.52643E-5 2.58591E-5 4.79814E-5 5.73498E-5 8.31453E-5 1.00871E-4 5.77064E-5 4.10054E-5
-9999 -9999 -9999 -9999 -9999 -9999 -9999 -9999 -9999 -9999 -9999 -9999 -9999 -9999 -9999 -9999 -9999 -9999 -9999 -9999 -9999 2.55951E-6 3.32226E-6 4.22736E-6 5.23813E-6 6.146E-6 6.30535E-6 6.47033E-6 6.5958E-6 7.14913E-6 8.96567E-6 9.42826E-6 1.21759E-5 1.25717E-5 1.42207E-5 1.52798E-5 1.53243E-5 1.52134E-5 1.49553E-5 1.73063E-5 1.86159E-5 2.04105E-5 2.05505E-5 1.75399E-5 1.4414E-5 1.12553E-5 8.16292E-6 8.49828E-6 9.56883E-6 1.03884E-5 8.4112E-6 7.54728E-6 9.07018E-6 1.0471E-5 9.87462E-6 1.37436E-5 2.13859E-5 3.15363E-5 2.08738E-5 2.37882E-5 3.96489E-5 3.91384E-5 5.89217E-5 7.85113E-5 4.85326E-5 2.7279E-5
-9999 -9999 -9999 -9999 -9999 -9999 -9999 -9999 -9999 -9999 -9999 -9999 -9999 -9999 -9999 -9999 -9999 -9999 -9999 -9999 -9999 4.50022E-6 6.29906E-6 8.65168E-6 1.14308E-5 1.34569E-5 1.17844E-5 8.22137E-6 7.20009E-6 9.05056E-6 1.28756E-5 1.86545E-5 2.51258E-5 2.55216E-5 2.35442E-5 2.45496E-5 2.45832E-5 2.79751E-5 3.31613E-5 3.55571E-5 3.15549E-5 2.67628E-5 2.14254E-5 1.59435E-5 1.26675E-5 1.02289E-5 1.02125E-5 1.19651E-5 1.18709E-5 9.81673E-6 9.32578E-6 1.25346E-5 1.50884E-5 9.54338E-6 9.54479E-6 1.40406E-5 1.35548E-5 1.20069E-5 1.31195E-5 2.11907E-5 3.4818E-5 3.10257E-5 4.32149E-5 5.44119E-5 3.25465E-5 2.43451E-5
-9999 -9999 -9999 -9999 -9999 -9999 -9999 -9999 -9999 -9999 -9999 -9999 -9999 -9999 -9999 -9999 -9999 -9999 -9999 -9999 -9999 -9999 8.16927E-6 -9999 -9999 -9999 1.31139E-5 7.30384E-6 9.33813E-6 1.64148E-5 2.34687E-5 2.70935E-5 2.83526E-5 2.86504E-5 3.20754E-5 4.12874E-5 4.89367E-5 5.47577E-5 5.23701E-5 4.29641E-5 3.21126E-5 2.49682E-5 1.99463E-5 1.63106E-5 1.36722E-5 1.23005E-5 1.34248E-5 1.23967E-5 1.03821E-5 1.01282E-5 1.24645E-5 1.72205E-5 1.38189E-5 7.98108E-6 1.00943E-5 1.08444E-5 7.83138E-6 9.02596E-6 1.25666E-5 2.00276E-5 2.58085E-5 2.38182E-5 3.36261E-5 3.88001E-5 2.91623E-5 2.43582E-5
-9999 -9999 -9999 -9999 -9999 -9999 -9999 -9999 -9999 -9999 -9999 -9999 -9999 -9999 -9999 -9999 -9999 -9999 -9999 -9999 -9999 -9999 -9999 -9999 -9999 -9999 -9999 6.30185E-6 7.78607E-6 1.17168E-5 1.61913E-5 2.12238E-5 2.61587E-5 3.65554E-5 5.27257E-5 6.26016E-5 6.27527E-5 5.98685E-5 4.90028E-5 3.83846E-5 3.10256E-5 2.59187E-5 2.20459E-5 1.93595E-5 1.73322E-5 1.50344E-5 1.24884E-5 1.09123E-5 1.0815E-5 1.23249E-5 1.58453E-5 1.58488E-5 9.79364E-6 1.00324E-5 1.73428E-5 9.43207E-6 5.83162E-6 8.74862E-6 1.29934E-5 2.09359E-5 2.02172E-5 1.63204E-5 2.08137E-5 2.5845E-5 1.99706E-5 1.73488E-5
-9999 -9999 -9999 -9999 -9999 -9999 -9999 -9999 -9999 -9999 -9999 -9999 -9999 -9999 -9999 -9999 -9999 -9999 -9999 -9999 -9999 -9999 -9999 -9999 -9999 -9999 4.76434E-6 6.00808E-6 7.29721E-6 9.97987E-6 1.39737E-5 1.95348E-5 2.80509E-5 3.96155E-5 4.89987E-5 5.39415E-5 5.41435E-5 5.01332E-5 4.33722E-5 3.84792E-5 3.40993E-5 2.87479E-5 2.67574E-5 2.1687E-5 1.52728E-5 1.33484E-5 1.27234E-5 1.28674E-5 1.2917E-5 1.52618E-5 1.77347E-5 1.3181E-5 1.28587E-5 1.96937E-5 2.13473E-5 8.15508E-6 6.25705E-6 9.52162E-6 8.47156E-6 1.26483E-5 1.45132E-5 1.21631E-5 1.33004E-5 1.47012E-5 1.23933E-5 1.0665E-5
-9999 -9999 -9999 -9999 -9999 -9999 -9999 -9999 -9999 -9999 -9999 -9999 -9999 -9999 -9999 -9999 -9999 -9999 -9999 -9999 -9999 -9999 -9999 -9999 -9999 -9999 4.94656E-6 6.15538E-6 7.76656E-6 1.06392E-5 1.4274E-5 1.89049E-5 2.42971E-5 3.00892E-5 4.02947E-5 5.00976E-5 5.2507E-5 4.98716E-5 4.66362E-5 4.38361E-5 3.98548E-5 3.2786E-5 2.4304E-5 1.7591E-5 1.66797E-5 1.70617E-5 1.84641E-5 1.89624E-5 1.6541E-5 2.18457E-5 1.87514E-5 1.38592E-5 2.18682E-5 2.65392E-5 1.26674E-5 7.49105E-6 1.00908E-5 1.20103E-5 1.11863E-5 2.00993E-5 1.49105E-5 1.4113E-5 1.26374E-5 9.97637E-6 1.0541E-5 8.42213E-6
-9999 -9999 -9999 -9999 -9999 -9999 -9999 -9999 -9999 -9999 -9999 -9999 -9999 -9999 -9999 -9999 -9999 -9999 -9999 -9999 -9999 -9999 -9999 -9999 -9999 -9999 -9999 8.00394E-6 8.84892E-6 1.14354E-5 1.72607E-5 2.26901E-5 2.89156E-5 3.31257E-5 3.85722E-5 4.81202E-5 5.40795E-5 5.73996E-5 5.24352E-5 4.32658E-5 3.45656E-5 2.64168E-5 2.09153E-5 1.84488E-5 2.12258E-5 2.62031E-5 2.96403E-5 2.63472E-5 2.52275E-5 2.51815E-5 1.92601E-5 2.27908E-5 3.91001E-5 2.24754E-5 1.01431E-5 9.88293E-6 1.39767E-5 1.304E-5 1.4992E-5 3.29366E-5 1.78994E-5 1.60985E-5 1.8247E-5 1.60643E-5 1.33378E-5 9.96864E-6
-9999 -9999 -9999 -9999 -9999 -9999 -9999 -9999 -9999 -9999 -9999 -9999 -9999 -9999 -9999 -9999 -9999 -9999 -9999 -9999 -9999 -9999 -9999 -9999 -9999 -9999 8.09356E-6 9.01942E-6 1.02723E-5 1.29996E-5 1.79915E-5 2.43339E-5 2.72457E-5 3.33225E-5 3.93236E-5 4.36518E-5 4.49182E-5 4.48995E-5 4.26572E-5 3.77476E-5 3.21048E-5 2.67102E-5 2.05459E-5 2.30601E-5 2.79774E-5 3.12875E-5 3.20552E-5 3.90395E-5 4.54548E-5 3.95888E-5 2.29021E-5 2.41182E-5 2.517E-5 1.37339E-5 1.16502E-5 1.55292E-5 1.76574E-5 1.67296E-5 1.86143E-5 3.94566E-5 2.16815E-5 1.88905E-5 2.00701E-5 2.51045E-5 1.85336E-5 1.21806E-5
