catData/rasterBestHybridModels/Pbengalensis/RD_BM01_RM2_LQ/Pbengalensis_min.asc
ncols         409
nrows         350
xllcorner     60.897278365
yllcorner     5.843756025
cellsize      0.0892857
NODATA_value  -9999
[rows 203 to 231 of 350, columns 198 to 263 of 409]
2.88474E-5 2.63798E-5 2.30204E-5 1.69642E-5 1.59111E-5 2.7568E-6 2.37628E-5 1.20901E-5 1.70059E-6 2.61244E-6 2.23413E-7 9.11345E-8 4.18877E-8 3.71341E-9 6.40397E-9 2.91641E-8 7.92179E-7 4.11772E-6 1.06327E-6 2.40869E-7 1.14546E-5 1.34157E-5 8.73716E-6 9.05604E-6 3.34015E-6 1.16553E-6 2.16627E-5 3.11383E-5 3.29021E-5 5.39256E-5 5.42325E-5 4.25616E-5 5.39484E-5 7.33647E-5 2.37042E-6 7.53395E-8 8.94406E-6 6.49946E-6 2.1426E-5 1.01766E-4 1.06974E-4 6.45046E-5 2.23597E-7 1.97444E-6 1.1372E-5 1.41174E-4 1.5189E-4 7.10613E-5 1.32798E-4 1.22509E-4 9.00356E-5 8.85064E-5 9.78461E-5 1.20791E-4 1.03059E-4 2.68373E-5 1.4855E-5 7.28201E-5 7.52369E-5 8.02144E-5 1.17431E-4 1.56353E-4 1.35675E-4 1.53199E-4 2.08311E-4 1.52742E-4
5.44241E-6 1.43156E-6 1.32404E-5 3.49081E-5 1.95017E-5 2.5788E-5 1.02575E-5 4.80027E-6 1.79428E-5 4.65449E-6 1.45487E-6 6.16017E-9 5.14446E-9 7.34112E-8 9.0267E-7 2.9468E-7 1.30249E-8 3.83258E-6 7.60718E-6 4.40982E-7 4.44313E-7 3.04002E-6 8.79657E-6 3.43307E-6 9.69298E-6 1.55576E-5 2.55395E-5 4.04174E-5 5.89308E-5 8.88203E-5 1.2309E-5 3.16314E-5 4.21495E-5 6.29601E-5 4.0417E-5 5.17735E-5 5.8455E-5 9.58943E-5 1.00908E-4 1.11716E-4 7.47017E-5 3.49982E-6 6.85418E-9 3.11309E-6 1.13187E-4 7.11182E-5 1.0753E-4 9.98227E-5 1.59562E-4 1.50575E-4 1.1704E-4 1.04859E-4 9.67603E-5 8.93986E-5 5.86592E-5 6.23251E-5 7.11819E-5 9.213E-5 1.11214E-4 3.66055E-5 8.75286E-5 1.03782E-4 9.1472E-5 9.51202E-5 1.0354E-4 9.20799E-5
1.2014E-5 5.12146E-7 2.14863E-6 3.37341E-5 3.44936E-5 2.79607E-5 2.8202E-5 2.4197E-5 1.05509E-5 1.40514E-7 5.67167E-6 3.27497E-7 4.47186E-9 3.24491E-7 2.01024E-8 2.26123E-6 3.21006E-7 7.65077E-9 4.81222E-7 3.05301E-6 5.96419E-6 3.70978E-6 1.86549E-6 5.43085E-6 1.36669E-6 2.67521E-5 2.13868E-5 4.88701E-5 7.89307E-5 1.44271E-4 7.38464E-5 6.13246E-5 5.7293E-5 5.16876E-5 4.67031E-5 3.81829E-5 3.31038E-5 5.92039E-5 7.93787E-5 6.9417E-5 4.93413E-5 5.70117E-5 1.46272E-6 2.67275E-5 1.49751E-4 1.81362E-5 5.54205E-6 8.78169E-6 2.04968E-6 1.61653E-4 1.66977E-4 1.22773E-4 7.07231E-5 2.30099E-5 1.89709E-5 4.00236E-5 5.86571E-5 1.33341E-4 1.42709E-4 6.26928E-5 5.10296E-5 8.94647E-5 9.42804E-5 8.64609E-5 8.2693E-5 8.79342E-5
1.03425E-5 1.3817E-6 1.6073E-5 3.08014E-5 1.8338E-5 5.23308E-6 1.5668E-5 3.91495E-6 2.92538E-5 2.81508E-5 7.56628E-6 3.13258E-6 1.11152E-6 8.81976E-8 5.60977E-8 2.51134E-8 1.69239E-8 1.37045E-7 1.09143E-7 3.31313E-6 2.89617E-6 6.55489E-6 1.71358E-6 4.09449E-7 1.1966E-5 3.11845E-5 3.57223E-5 6.44609E-5 9.63616E-5 1.82568E-4 9.26514E-5 7.55822E-5 3.60708E-5 3.91579E-5 2.98609E-5 3.05358E-5 3.00235E-5 3.3029E-5 5.08371E-5 3.37113E-5 1.85336E-5 4.32685E-5 7.11296E-5 5.97621E-5 1.32739E-4 1.86476E-7 2.14424E-7 6.10577E-5 8.73637E-5 1.79666E-4 1.47822E-4 4.47393E-5 6.24624E-5 5.10344E-5 1.54844E-6 3.34273E-5 4.71594E-5 8.32578E-5 1.04586E-4 9.78652E-5 7.10501E-5 8.42145E-5 1.0262E-4 8.49993E-5 6.63918E-5 -9999
9.43543E-6 8.79809E-6 3.11983E-5 1.34306E-6 7.66093E-7 1.49821E-6 2.6098E-6 2.68957E-5 2.48181E-5 1.91304E-5 6.33729E-7 7.96667E-6 7.81637E-7 5.70681E-7 1.55495E-7 7.8492E-8 6.59921E-8 5.16965E-6 1.29422E-6 3.36936E-6 1.51035E-7 5.0843E-6 1.28315E-6 6.88079E-6 1.73197E-6 1.23664E-6 4.24523E-6 4.7222E-5 7.15513E-5 1.25699E-4 1.06823E-4 7.31944E-5 1.57009E-5 2.73125E-5 3.10711E-5 3.18897E-5 2.89797E-5 2.55761E-5 4.00671E-5 2.54281E-5 2.78753E-5 3.91287E-5 5.38443E-5 9.92657E-5 5.11984E-5 1.29293E-6 4.48711E-5 1.41588E-4 9.20975E-5 1.66419E-4 1.22221E-4 7.1583E-5 6.24406E-5 5.09426E-5 8.13822E-6 7.447E-6 8.75402E-6 5.98794E-5 7.29365E-5 9.05279E-5 5.80661E-5 7.11544E-5 2.93773E-5 6.87492E-5 -9999 -9999
2.31662E-5 4.75631E-6 3.01534E-7 1.21798E-6 3.81859E-8 9.84776E-6 9.01498E-6 1.59754E-5 1.1133E-5 2.70491E-5 9.10077E-6 4.86722E-6 1.62471E-7 1.61563E-8 3.84669E-8 7.9462E-7 4.87266E-7 8.84531E-7 2.89863E-6 1.4781E-6 3.48866E-7 1.08822E-7 1.27131E-5 1.9409E-5 1.58395E-5 1.41792E-7 3.21485E-9 3.20651E-6 3.58116E-5 1.99828E-5 6.54152E-5 3.134E-5 7.05287E-6 2.661E-5 3.4381E-5 3.95931E-5 4.65551E-5 4.79048E-5 4.60831E-5 3.3613E-5 3.69558E-5 7.7011E-5 7.71643E-5 7.72601E-5 5.72659E-5 4.34501E-6 8.19211E-5 1.3447E-4 1.73941E-4 1.44852E-4 1.03305E-4 6.53711E-5 6.22437E-5 5.80393E-5 6.12201E-5 3.31117E-5 5.89793E-5 5.47488E-5 4.45603E-5 6.24053E-5 3.22389E-5 4.21567E-5 6.7805E-5 -9999 -9999 -9999
8.74378E-6 3.42957E-6 4.04953E-6 2.24602E-6 1.2536E-6 9.54157E-7 2.05298E-5 1.12546E-5 2.51824E-5 6.95525E-6 1.59926E-5 1.79967E-5 2.31929E-7 1.26312E-7 2.71827E-8 2.38219E-6 5.81829E-7 4.09461E-7 6.85653E-6 2.65289E-6 3.6144E-6 1.70128E-6 2.46859E-6 1.61173E-5 2.20652E-5 6.11856E-6 1.57913E-5 6.4285E-7 4.51887E-7 3.91854E-6 4.42565E-5 4.22324E-5 1.06886E-5 2.13152E-5 3.37305E-5 4.33704E-5 4.49915E-5 5.77325E-5 5.00692E-5 4.77693E-5 6.35016E-5 1.15673E-4 9.32573E-5 5.27372E-5 1.67662E-5 3.52853E-6 7.81407E-5 9.7234E-5 1.46261E-4 1.46852E-4 1.39376E-4 1.10849E-4 6.08087E-5 4.30875E-5 5.21144E-5 6.31917E-5 5.93355E-5 5.51812E-5 5.5409E-5 5.46586E-5 2.84738E-5 7.36686E-5 -9999 -9999 -9999 -9999
1.09079E-6 2.1087E-5 1.59572E-5 3.98596E-6 3.13447E-7 3.93304E-7 4.36617E-8 2.23805E-7 2.34949E-5 1.03608E-5 1.81053E-5 1.82526E-5 1.07414E-5 1.54139E-6 7.29406E-7 6.40163E-7 5.79114E-7 4.62665E-7 1.48003E-7 4.00832E-6 4.02171E-6 9.14169E-6 5.23796E-7 1.00928E-5 4.35533E-6 2.04016E-5 1.40666E-5 1.54477E-5 1.32059E-5 1.56479E-5 4.52343E-5 1.65945E-5 2.38663E-5 2.29546E-5 4.82728E-6 1.38819E-5 3.79294E-5 4.49392E-5 4.66233E-5 6.17072E-5 1.15697E-4 1.12431E-4 8.26066E-5 8.34515E-5 3.98067E-5 2.96911E-5 1.22922E-4 1.41417E-4 1.36089E-4 1.26638E-4 1.11098E-4 9.37508E-5 3.49911E-5 2.43053E-5 1.03999E-5 2.49598E-5 5.39698E-5 5.31742E-5 7.54967E-5 3.99936E-5 3.77869E-5 -9999 -9999 -9999 -9999 -9999
9.50529E-8 2.65796E-5 4.29027E-5 2.00131E-5 7.71293E-7 3.27831E-7 1.17157E-9 3.67771E-7 4.33732E-6 2.32042E-5 2.03196E-5 2.51013E-5 5.80364E-6 2.53317E-7 3.17291E-6 5.28833E-7 1.60519E-9 5.32876E-7 1.64117E-6 4.84047E-6 1.45571E-5 5.66193E-6 8.50275E-6 1.42084E-7 1.25168E-6 2.02758E-5 2.03376E-5 1.85755E-5 9.98299E-8 1.06022E-7 1.87052E-7 2.45514E-6 7.78286E-6 2.2122E-5 2.08625E-5 3.99537E-5 3.55132E-5 3.7713E-5 4.68998E-5 7.97788E-5 1.31855E-4 8.52898E-5 1.14121E-4 1.2714E-5 2.67498E-5 1.31125E-4 1.60262E-4 1.73751E-4 1.78024E-4 1.27914E-4 1.04528E-4 7.92855E-5 5.5517E-5 5.5237E-5 2.24614E-5 5.42049E-7 4.30514E-5 4.65108E-5 6.2642E-5 7.3018E-5 -9999 -9999 -9999 -9999 -9999 -9999
1.5545E-7 1.57399E-6 9.22389E-7 4.98883E-7 1.73612E-7 4.38894E-9 3.23342E-8 1.32984E-8 1.40144E-6 1.0772E-5 2.6361E-5 3.30009E-5 9.51282E-6 4.52684E-6 6.98643E-7 3.27204E-7 4.31554E-8 1.129E-6 6.21297E-6 1.98237E-5 1.24343E-5 4.44661E-6 1.90066E-6 9.89092E-6 5.46838E-6 4.10162E-6 8.45957E-6 1.28071E-5 2.32825E-7 4.47593E-10 3.87197E-11 1.74983E-8 1.37142E-7 1.77616E-6 2.72253E-6 2.50592E-5 2.5631E-5 6.11425E-5 4.16491E-5 7.60439E-5 1.06606E-4 9.21688E-5 1.67463E-4 1.40154E-4 1.71897E-4 1.43164E-4 2.17529E-4 2.55439E-4 2.05629E-4 1.25208E-4 1.02992E-4 4.87961E-5 9.10761E-6 4.29644E-5 2.22533E-5 4.22802E-5 3.51605E-5 3.08505E-5 -9999 -9999 -9999 -9999 -9999 -9999 -9999 -9999
1.3014E-5 4.67746E-6 2.26181E-10 3.26856E-11 1.93616E-9 1.13674E-7 2.11004E-9 1.42229E-10 1.77518E-8 2.47443E-7 1.80948E-6 3.73048E-5 6.58809E-6 6.86236E-8 9.69633E-8 8.90377E-7 1.37342E-7 6.19664E-6 3.65004E-6 2.06291E-6 1.87909E-5 9.69947E-6 1.61431E-5 1.8031E-5 4.2721E-6 3.67045E-6 9.48618E-7 8.19528E-7 1.64101E-6 4.00631E-7 4.33778E-8 3.3545E-9 6.05507E-7 3.46199E-6 9.39127E-6 8.87861E-6 5.08238E-5 4.937E-5 1.24994E-4 1.29551E-4 2.03372E-4 2.03356E-4 1.63077E-4 1.11222E-4 1.992E-4 2.4571E-4 2.64647E-4 2.17931E-4 1.36644E-4 7.4849E-5 4.81661E-5 3.75139E-5 4.52094E-5 3.93519E-5 5.64841E-5 4.74179E-5 -9999 -9999 -9999 -9999 -9999 -9999 -9999 -9999 -9999 -9999
2.12094E-7 2.48696E-7 3.493E-7 4.91883E-8 1.23074E-10 2.63088E-8 3.6572E-10 6.84819E-10 1.54146E-9 2.8369E-10 6.55743E-8 1.38527E-6 4.79359E-8 1.2013E-7 6.21676E-7 2.53664E-6 1.84001E-6 1.74335E-6 1.96888E-6 1.9286E-6 9.80579E-7 1.7853E-5 4.57551E-5 3.91542E-5 1.23167E-7 2.78808E-6 5.15734E-7 3.49783E-6 1.88466E-5 2.22792E-5 2.26726E-7 2.84306E-9 5.18238E-8 6.40001E-6 1.86501E-6 4.46264E-5 8.95807E-5 1.40993E-4 1.67726E-4 2.35155E-4 2.6188E-4 2.43233E-4 1.26222E-4 1.28141E-4 2.35303E-4 2.26222E-4 1.37505E-4 1.06766E-4 7.02812E-5 5.94946E-5 1.59342E-5 4.92958E-5 5.17467E-5 3.30776E-5 4.18663E-5 -9999 -9999 -9999 -9999 -9999 -9999 -9999 -9999 -9999 -9999 -9999
4.93959E-11 9.06949E-10 1.29062E-7 1.55777E-7 1.15725E-8 6.37129E-9 1.76884E-8 1.25466E-9 1.22404E-10 9.97006E-8 3.42064E-7 2.01609E-7 1.25806E-7 3.92788E-7 1.46612E-5 4.3739E-6 3.36245E-6 1.86076E-6 1.85706E-5 4.47619E-6 2.13739E-6 2.09459E-5 3.31011E-5 3.60046E-5 5.51472E-6 8.34908E-7 7.02228E-8 3.93629E-6 9.52577E-6 8.01298E-6 1.37294E-6 1.00132E-9 3.63754E-7 2.96356E-6 3.44721E-5 7.86714E-5 1.37562E-4 1.54261E-4 1.79511E-4 2.33784E-4 2.27456E-4 1.51378E-4 1.38484E-4 1.54408E-4 2.03516E-4 1.56399E-4 8.15279E-5 6.04118E-5 5.78545E-5 6.06127E-5 5.54362E-5 6.20099E-5 5.11225E-5 7.0283E-5 4.92003E-5 -9999 -9999 -9999 -9999 -9999 -9999 -9999 -9999 -9999 -9999 -9999
1.16084E-7 5.6447E-7 8.86982E-8 2.10019E-6 5.99668E-6 8.93043E-6 1.94022E-7 3.72475E-10 8.15483E-9 4.18122E-9 2.79301E-8 1.95465E-8 1.96173E-6 7.21104E-6 8.60931E-6 1.32332E-5 1.09332E-6 1.36837E-5 1.38663E-5 2.29879E-6 5.20382E-7 8.56866E-7 8.19661E-7 2.81307E-7 1.89617E-6 6.30105E-7 1.03131E-7 1.40899E-7 3.68681E-6 5.3039E-8 1.62751E-8 2.66495E-9 3.58731E-6 4.09748E-5 1.01237E-4 1.63619E-4 1.6476E-4 1.61683E-4 1.24167E-4 1.62599E-4 1.49604E-4 1.55155E-4 1.51928E-4 2.07558E-4 1.34615E-4 9.13404E-5 6.46063E-5 3.25838E-5 6.11769E-5 6.1348E-5 5.36624E-5 5.59432E-5 7.93955E-5 6.22253E-5 -9999 -9999 -9999 -9999 -9999 -9999 -9999 -9999 -9999 -9999 -9999 -9999
4.5609E-7 2.99229E-5 4.84531E-6 2.59839E-6 2.34187E-7 1.45279E-6 6.04127E-6 2.20043E-9 9.13838E-9 8.49733E-9 3.5111E-6 4.53924E-8 1.7468E-7 6.59743E-6 1.48413E-6 9.90654E-7 8.49841E-7 1.70019E-5 6.60273E-7 6.62237E-7 2.77309E-7 3.5599E-8 3.82545E-7 5.29098E-7 1.32034E-7 4.79015E-7 3.56224E-6 1.34417E-7 2.20065E-7 1.82617E-5 7.77616E-8 1.22743E-7 1.89862E-5 8.72055E-5 1.48704E-4 1.78239E-4 2.00831E-4 1.53397E-4 8.46391E-5 9.74393E-5 8.33156E-5 1.03131E-4 7.05244E-5 1.0895E-4 7.89938E-5 6.31253E-5 6.15843E-5 6.1905E-5 6.37529E-5 6.23898E-5 4.53913E-5 1.12096E-4 1.25884E-4 -9999 -9999 -9999 -9999 -9999 -9999 -9999 -9999 -9999 -9999 -9999 -9999 -9999
2.1137E-7 3.54498E-5 3.73125E-5 1.27224E-6 1.53193E-8 7.6439E-7 2.58163E-7 2.10204E-9 5.30787E-9 6.11647E-9 1.43931E-7 4.07082E-9 1.75995E-7 9.78357E-6 2.97712E-8 4.38105E-7 7.24487E-6 1.07908E-5 8.93222E-7 6.3951E-7 2.97222E-8 2.46209E-9 6.17616E-7 1.77524E-5 3.91698E-6 3.42318E-6 1.70285E-5 1.59106E-6 2.60262E-7 7.82735E-8 7.68938E-7 1.86444E-5 5.49007E-5 1.11192E-4 1.60961E-4 1.68611E-4 1.78152E-4 1.06452E-4 7.54401E-5 7.44669E-5 4.82495E-5 7.30488E-5 7.84302E-5 6.74405E-5 6.98336E-5 6.3743E-5 6.66956E-5 7.57634E-5 6.40497E-5 6.40418E-5 -9999 -9999 -9999 -9999 -9999 -9999 -9999 -9999 -9999 -9999 -9999 -9999 -9999 -9999 -9999 -9999
3.66563E-5 5.75736E-5 4.6207E-5 3.70536E-5 9.97272E-7 3.87311E-6 1.18943E-5 2.02945E-6 2.38614E-8 1.04198E-7 3.38557E-9 3.56365E-9 2.41122E-7 2.58123E-8 8.06071E-8 4.31902E-7 7.1536E-6 2.97275E-5 5.60447E-7 1.04827E-7 2.26654E-8 7.527E-9 1.8421E-8 2.37653E-6 4.76135E-6 1.40402E-5 4.03946E-5 4.60214E-5 1.14791E-5 5.80172E-7 4.19886E-7 1.77384E-5 5.73297E-5 9.52138E-5 1.31314E-4 1.27768E-4 1.08012E-4 7.52925E-5 8.1649E-5 7.14832E-5 5.97227E-5 9.26882E-5 9.77176E-5 5.99156E-5 5.93693E-5 7.88807E-5 7.94155E-5 6.95429E-5 6.69767E-5 -9999 -9999 -9999 -9999 -9999 -9999 -9999 -9999 -9999 -9999 -9999 -9999 -9999 -9999 -9999 -9999 -9999
1.22005E-5 5.84188E-5 3.99396E-5 3.85086E-5 1.54529E-6 1.78961E-6 1.12751E-5 1.23751E-5 7.2515E-9 9.60668E-9 4.67122E-7 4.19422E-8 4.28167E-10 7.25162E-10 9.6331E-8 4.2316E-8 1.53542E-5 3.23392E-5 2.95701E-6 1.20728E-7 7.41373E-7 1.13284E-10 1.71696E-9 2.4206E-6 5.133E-6 1.63277E-5 4.61491E-5 4.47476E-5 2.57024E-5 1.50911E-5 2.96409E-5 6.31926E-5 9.88854E-5 4.06922E-5 9.37886E-5 7.67322E-5 5.33421E-5 1.52889E-5 6.95048E-5 5.58669E-5 7.2524E-5 8.91748E-5 7.02118E-5 7.3258E-5 6.85297E-5 6.93966E-5 5.80823E-5 -9999 -9999 -9999 -9999 -9999 -9999 -9999 -9999 -9999 -9999 -9999 -9999 -9999 -9999 -9999 -9999 -9999 -9999 -9999
1.2229E-6 1.5596E-5 1.10315E-5 1.96264E-5 2.19353E-6 1.27755E-6 7.94655E-7 4.19602E-6 2.42506E-7 8.92335E-7 3.35875E-7 1.59288E-7 6.16035E-9 9.47594E-9 6.32669E-10 2.14126E-6 9.39626E-6 2.00989E-5 8.99582E-7 2.02258E-6 9.23957E-7 3.54707E-6 3.69712E-6 5.1061E-6 3.01336E-5 3.29124E-5 5.95425E-6 1.31086E-6 1.93236E-6 2.07447E-5 2.13876E-5 8.54427E-5 1.05239E-4 9.01953E-5 5.9799E-5 5.81955E-5 1.16245E-5 8.21009E-6 4.55091E-5 5.15554E-5 6.5603E-5 6.72324E-5 5.41802E-5 6.95539E-5 6.66167E-5 5.7711E-5 -9999 -9999 -9999 -9999 -9999 -9999 -9999 -9999 -9999 -9999 -9999 -9999 -9999 -9999 -9999 -9999 -9999 -9999 -9999 -9999
2.63531E-5 4.54084E-5 1.49313E-6 1.83263E-5 9.98245E-6 1.14963E-5 8.81609E-6 6.21186E-6 2.42297E-6 7.64665E-8 2.17231E-7 2.66213E-7 5.47612E-9 1.97433E-8 1.80851E-7 2.80203E-6 2.20631E-5 5.15545E-6 2.3139E-8 5.50697E-6 1.17577E-6 2.67823E-6 1.88291E-6 3.28973E-5 3.65521E-5 2.78347E-5 5.23953E-7 7.45957E-7 1.64377E-6 1.06559E-7 8.32315E-6 8.4294E-6 1.99217E-5 2.63853E-5 4.30487E-5 4.14917E-5 2.29805E-5 3.55798E-5 2.74512E-5 3.18437E-5 6.04429E-5 6.16409E-5 2.0937E-5 5.73314E-5 -9999 -9999 -9999 -9999 -9999 -9999 -9999 -9999 -9999 -9999 -9999 -9999 -9999 -9999 -9999 -9999 -9999 -9999 -9999 -9999 -9999 -9999
4.32779E-5 4.51115E-5 2.07323E-5 4.4602E-6 4.49223E-6 3.73175E-6 2.64029E-5 2.08377E-6 1.90211E-5 1.51519E-5 1.18555E-7 4.0867E-7 2.2944E-8 4.54898E-8 6.72938E-6 3.375E-5 3.20979E-5 3.30035E-5 8.60388E-6 2.2206E-5 1.90117E-5 9.18513E-6 3.42581E-6 2.07343E-5 3.93974E-5 2.42403E-5 7.08869E-7 3.34049E-6 1.45233E-6 2.02208E-6 9.20825E-6 2.41876E-5 2.424E-5 3.45846E-5 4.80356E-5 2.46319E-5 3.56917E-5 4.17242E-5 3.55579E-5 2.65612E-5 7.04394E-5 6.65654E-5 3.88871E-5 -9999 -9999 -9999 -9999 -9999 -9999 -9999 -9999 -9999 -9999 -9999 -9999 -9999 -9999 -9999 -9999 -9999 -9999 -9999 -9999 -9999 -9999 -9999
3.20466E-5 4.64672E-6 1.28097E-5 9.64669E-6 4.62776E-6 1.67091E-6 1.45789E-5 2.97693E-5 2.56596E-5 2.91475E-6 8.17143E-6 1.50755E-6 1.98297E-7 1.59753E-6 3.47964E-5 4.00908E-5 3.78233E-5 2.65814E-5 1.25727E-5 3.38908E-6 1.49058E-7 2.83952E-6 4.13744E-6 3.30339E-6 2.1228E-5 7.15675E-6 3.42138E-6 4.61891E-6 2.70075E-7 2.20096E-6 1.47545E-5 1.68364E-5 1.83438E-5 1.23939E-5 4.18495E-5 7.33495E-5 4.67878E-5 4.96301E-5 4.31485E-5 4.56852E-5 5.03473E-5 6.06563E-5 -9999 -9999 -9999 -9999 -9999 -9999 -9999 -9999 -9999 -9999 -9999 -9999 -9999 -9999 -9999 -9999 -9999 -9999 -9999 -9999 -9999 -9999 -9999 -9999
1.76306E-6 1.79058E-5 1.201E-5 3.08556E-6 3.9662E-6 1.39867E-5 2.47944E-5 3.1278E-5 4.71202E-6 3.36646E-7 1.34075E-6 3.62929E-5 8.83601E-6 3.00877E-5 3.59325E-5 3.86191E-5 3.02986E-5 3.09167E-5 2.04668E-5 4.22976E-7 9.63566E-7 2.02079E-8 1.09543E-6 2.51835E-6 9.29019E-6 1.38566E-5 8.70093E-6 1.0574E-6 8.70586E-6 5.17658E-6 2.71956E-5 2.52402E-5 2.2851E-5 2.23076E-5 5.339E-5 6.14758E-5 5.59005E-5 5.72718E-5 5.62692E-5 6.21391E-5 6.52368E-5 -9999 -9999 -9999 -9999 -9999 -9999 -9999 -9999 -9999 -9999 -9999 -9999 -9999 -9999 -9999 -9999 -9999 -9999 -9999 -9999 -9999 -9999 -9999 -9999 -9999
7.93988E-6 6.44679E-6 2.18877E-6 5.9983E-7 4.40257E-6 6.31891E-6 9.50602E-7 2.19849E-6 1.01815E-6 1.3446E-5 2.05383E-5 3.8006E-5 3.452E-5 2.60749E-5 2.57105E-5 2.57946E-5 1.03404E-5 1.19226E-5 2.39572E-5 7.95659E-7 5.50591E-7 2.39422E-8 9.94868E-6 1.50856E-5 4.23771E-6 4.31466E-6 2.55326E-5 1.94117E-5 2.88496E-5 9.91104E-6 6.16006E-6 1.41209E-5 1.21407E-5 4.70886E-5 5.44913E-5 5.42362E-5 5.49569E-5 6.22977E-5 6.49428E-5 6.78307E-5 6.89705E-5 -9999 -9999 -9999 -9999 -9999 -9999 -9999 -9999 -9999 -9999 -9999 -9999 -9999 -9999 -9999 -9999 -9999 -9999 -9999 -9999 -9999 -9999 -9999 -9999 -9999
1.69477E-5 2.74833E-6 5.81735E-7 3.219E-5 1.13322E-5 1.15441E-6 2.4376E-7 4.57606E-8 9.17374E-6 3.21184E-5 3.49962E-5 1.62113E-5 9.3116E-6 1.21909E-5 1.1441E-5 5.93586E-6 4.09284E-6 1.27074E-6 1.64705E-5 8.08434E-7 1.34281E-6 4.44107E-7 2.06738E-5 1.57301E-5 1.01188E-6 2.69201E-7 2.96536E-6 1.26215E-5 4.83277E-5 4.52593E-5 4.21548E-5 4.19803E-5 5.57626E-5 4.9013E-5 5.6332E-5 5.51512E-5 4.29974E-5 6.00089E-5 6.56439E-5 6.85966E-5 7.29537E-5 8.19139E-5 -9999 -9999 -9999 -9999 -9999 -9999 -9999 -9999 -9999 -9999 -9999 -9999 -9999 -9999 -9999 -9999 -9999 -9999 -9999 -9999 -9999 -9999 -9999 -9999
1.08017E-6 1.98698E-6 6.89198E-7 6.62425E-6 8.78636E-6 3.5626E-7 1.96634E-6 1.25717E-6 7.10964E-6 2.87166E-7 4.34079E-7 6.06543E-7 1.12927E-6 1.18774E-5 5.10063E-7 1.10878E-6 3.96384E-6 4.42345E-6 6.69795E-6 1.00244E-6 1.27263E-6 2.42393E-5 6.00475E-8 4.02068E-6 5.61572E-6 9.41031E-7 3.93813E-6 3.34975E-5 5.08657E-5 5.91979E-5 6.37212E-5 6.07106E-5 5.68228E-5 5.91085E-5 5.92591E-5 6.63031E-5 5.97854E-5 6.45659E-5 6.05945E-5 7.29329E-5 7.96558E-5 3.72445E-5 7.01874E-5 -9999 -9999 -9999 -9999 -9999 -9999 -9999 -9999 -9999 -9999 -9999 -9999 -9999 -9999 -9999 -9999 -9999 -9999 -9999 -9999 -9999 -9999 -9999
4.10735E-6 1.42314E-5 4.57449E-6 9.49895E-6 2.10537E-6 1.47396E-6 8.04596E-6 2.68877E-5 1.38464E-6 4.72896E-7 1.77071E-6 8.44846E-6 1.0308E-6 8.38528E-6 2.38112E-7 8.08823E-7 3.4956E-6 4.77992E-7 5.38798E-7 2.40988E-6 7.92741E-7 2.00349E-5 3.46786E-6 6.27004E-7 1.37138E-6 3.24454E-6 4.05244E-5 4.95576E-5 6.16709E-5 3.777E-5 6.74951E-5 6.24655E-5 5.79856E-5 5.94344E-5 5.99163E-5 6.28578E-5 6.99296E-5 6.78203E-5 6.81943E-5 7.06493E-5 6.68233E-5 5.98422E-5 -9999 -9999 -9999 -9999 -9999 -9999 -9999 -9999 -9999 -9999 -9999 -9999 -9999 -9999 -9999 -9999 -9999 -9999 -9999 -9999 -9999 -9999 -9999 -9999
2.9837E-6 6.07603E-6 1.19085E-7 1.8085E-7 3.06652E-6 2.12742E-6 1.5E-5 2.34106E-5 4.72699E-7 3.70474E-6 3.17585E-5 2.4372E-5 2.32371E-5 1.91306E-5 1.45645E-5 1.06895E-5 1.72349E-5 1.7092E-6 6.04294E-6 2.21763E-5 4.70018E-6 4.13186E-6 4.53701E-5 4.24123E-5 4.16847E-5 3.83663E-5 4.70642E-5 5.64137E-5 6.6185E-5 6.24025E-5 6.44108E-5 6.27621E-5 6.33929E-5 5.56067E-5 6.33833E-5 6.57346E-5 7.53116E-5 6.88564E-5 6.96002E-5 6.06891E-5 6.37461E-5 -9999 -9999 -9999 -9999 -9999 -9999 -9999 -9999 -9999 -9999 -9999 -9999 -9999 -9999 -9999 -9999 -9999 -9999 -9999 -9999 -9999 -9999 -9999 -9999 -9999
4.28363E-9 1.11431E-6 5.69543E-7 1.40232E-8 7.63323E-10 4.03215E-9 1.18154E-6 1.44188E-8 1.03208E-6 6.85443E-7 3.8058E-6 1.96595E-6 1.80235E-5 2.38594E-5 2.38324E-5 3.72653E-5 1.42558E-5 3.20426E-5 4.03026E-5 3.41442E-5 3.25267E-5 6.20528E-6 2.47144E-5 2.71302E-5 2.44457E-5 2.93426E-6 4.09861E-5 4.58341E-5 5.54075E-5 5.73967E-5 6.11533E-5 5.80254E-5 5.76735E-5 2.95058E-5 5.85336E-5 6.66931E-5 7.24989E-5 5.07087E-5 4.61333E-5 -9999 -9999 -9999 -9999 -9999 -9999 -9999 -9999 -9999 -9999 -9999 -9999 -9999 -9999 -9999 -9999 -9999 -9999 -9999 -9999 -9999 -9999 -9999 -9999 -9999 -9999 -9999
