catData/rasterBestHybridModels/Pbengalensis/RD_BM01_RM2_LQ/Pbengalensis_min.asc
ncols         409
nrows         350
xllcorner     60.897278365
yllcorner     5.843756025
cellsize      0.0892857
NODATA_value  -9999
[rows 0 to 28 of 350, columns 132 to 197 of 409]
-9999 -9999 -9999 -9999 -9999 -9999 -9999 -9999 -9999 -9999 -9999 -9999 -9999 -9999 -9999 -9999 -9999 -9999 -9999 -9999 -9999 2.73746E-6 3.77047E-6 -9999 -9999 -9999 -9999 -9999 -9999 -9999 -9999 -9999 -9999 -9999 -9999 -9999 -9999 -9999 -9999 -9999 -9999 -9999 -9999 -9999 -9999 -9999 -9999 -9999 -9999 -9999 -9999 -9999 -9999 -9999 -9999 -9999 -9999 -9999 -9999 -9999 -9999 -9999 -9999 -9999 -9999 -9999
-9999 -9999 -9999 -9999 -9999 -9999 -9999 -9999 -9999 -9999 -9999 -9999 -9999 -9999 -9999 -9999 -9999 -9999 3.48345E-6 4.85492E-6 2.82333E-6 2.56404E-6 7.71055E-6 7.94774E-6 3.41113E-6 -9999 5.00551E-6 2.50421E-6 2.98634E-6 -9999 -9999 -9999 -9999 -9999 -9999 -9999 -9999 -9999 -9999 -9999 -9999 -9999 -9999 -9999 -9999 -9999 -9999 -9999 -9999 -9999 -9999 -9999 -9999 -9999 -9999 -9999 -9999 -9999 -9999 -9999 -9999 -9999 -9999 -9999 -9999 -9999
-9999 -9999 -9999 -9999 -9999 -9999 -9999 -9999 2.14352E-5 1.13525E-5 7.72255E-6 6.23242E-6 9.25616E-6 9.18042E-6 -9999 -9999 7.99665E-6 5.96533E-6 5.33627E-6 8.07324E-6 1.27961E-5 1.69667E-5 2.16494E-5 6.49284E-6 6.04877E-6 1.77428E-5 1.99904E-5 1.28021E-5 6.93117E-6 1.70466E-6 -9999 -9999 -9999 -9999 -9999 -9999 -9999 -9999 -9999 -9999 -9999 -9999 -9999 -9999 -9999 -9999 -9999 -9999 -9999 -9999 -9999 -9999 -9999 -9999 -9999 -9999 -9999 -9999 -9999 -9999 -9999 -9999 -9999 -9999 -9999 -9999
5.82386E-6 7.71298E-6 9.87213E-6 2.13913E-5 1.913E-5 1.65378E-5 2.12155E-5 1.73788E-5 1.37511E-5 1.73431E-5 1.25492E-5 8.22153E-6 5.3635E-6 4.94216E-6 2.4437E-5 1.40229E-5 1.02786E-5 1.5234E-5 2.81898E-5 2.61823E-5 2.49049E-5 3.86289E-5 5.92296E-5 4.67706E-5 4.459E-5 3.58806E-5 1.04765E-5 4.10132E-6 3.45902E-6 4.27235E-6 -9999 -9999 -9999 -9999 -9999 -9999 -9999 -9999 -9999 -9999 -9999 -9999 -9999 -9999 -9999 -9999 -9999 -9999 -9999 -9999 -9999 -9999 -9999 -9999 -9999 -9999 -9999 -9999 -9999 -9999 -9999 -9999 -9999 -9999 -9999 -9999
8.3473E-6 9.64325E-6 2.06257E-5 1.3445E-5 4.24335E-6 3.27955E-6 3.94504E-6 1.61681E-5 2.97858E-5 1.20665E-5 6.61381E-6 9.20088E-6 1.03397E-5 7.89789E-6 2.5021E-5 3.8945E-5 1.00479E-5 7.96937E-6 7.29823E-6 5.88456E-6 8.98112E-6 1.43319E-5 3.37695E-5 9.38495E-5 6.14933E-5 1.02722E-5 8.37631E-6 1.17333E-5 6.84685E-6 4.67328E-6 2.09886E-6 1.16145E-6 1.18338E-6 2.78866E-6 4.91952E-6 -9999 -9999 -9999 -9999 -9999 -9999 -9999 -9999 -9999 -9999 -9999 -9999 -9999 -9999 -9999 -9999 -9999 -9999 -9999 -9999 -9999 -9999 -9999 -9999 -9999 -9999 -9999 -9999 -9999 -9999 -9999
7.97817E-6 1.70081E-5 2.73787E-5 1.99229E-5 2.06316E-5 3.28322E-5 2.62514E-5 3.19371E-5 7.71629E-5 2.98633E-5 2.42424E-5 5.39387E-5 7.14723E-5 5.4933E-5 3.68195E-5 8.83316E-5 3.22555E-5 8.90256E-6 3.70465E-6 5.55315E-6 1.53973E-5 3.14831E-5 2.37559E-5 1.01889E-4 1.42419E-4 3.06442E-5 9.03773E-6 6.85269E-6 6.93949E-6 3.67256E-6 4.16681E-6 1.89661E-6 9.98375E-7 6.7089E-7 7.95877E-7 4.15579E-6 -9999 -9999 -9999 -9999 -9999 -9999 -9999 -9999 -9999 -9999 -9999 -9999 -9999 -9999 -9999 -9999 -9999 -9999 -9999 -9999 -9999 -9999 -9999 -9999 -9999 -9999 -9999 -9999 -9999 -9999
2.10344E-5 2.64608E-5 1.25707E-5 1.04454E-5 1.70132E-5 3.56438E-5 4.37138E-5 6.22317E-5 7.51227E-5 2.55185E-5 3.25991E-5 5.92238E-5 1.22495E-4 1.05468E-4 7.72635E-5 4.48311E-5 1.53087E-5 2.96941E-5 2.97587E-5 1.10971E-5 3.33943E-6 1.32854E-5 5.43108E-5 1.79177E-4 2.57541E-4 7.23727E-5 7.31653E-5 2.10805E-5 1.43577E-5 7.14053E-6 6.02053E-6 4.17901E-6 2.70057E-6 1.01167E-6 7.43927E-7 1.97031E-6 -9999 -9999 -9999 -9999 -9999 -9999 -9999 -9999 -9999 -9999 -9999 -9999 -9999 -9999 -9999 -9999 -9999 -9999 -9999 -9999 -9999 -9999 -9999 -9999 -9999 -9999 -9999 -9999 -9999 -9999
2.12287E-5 1.02044E-5 5.99605E-6 1.10871E-5 1.81524E-5 3.15119E-5 6.57561E-5 1.19056E-4 7.72588E-5 4.13439E-5 3.41241E-5 4.00733E-5 1.32172E-4 1.54927E-4 5.16033E-5 1.6365E-5 2.25327E-5 7.60291E-5 7.82524E-5 4.08687E-5 4.12605E-5 1.29014E-5 1.23202E-5 8.67639E-5 2.858E-4 4.35877E-5 2.06407E-5 1.47988E-5 2.57554E-5 2.16131E-5 2.60797E-5 1.18835E-5 4.08841E-6 1.87392E-6 2.17689E-6 2.36667E-6 3.60335E-6 -9999 -9999 -9999 -9999 -9999 -9999 -9999 -9999 -9999 -9999 -9999 -9999 -9999 -9999 -9999 -9999 -9999 -9999 -9999 -9999 -9999 -9999 -9999 -9999 -9999 -9999 -9999 -9999 -9999
1.00392E-5 8.74151E-6 1.3073E-5 1.22044E-5 1.43823E-5 2.75829E-5 5.60727E-5 1.10643E-4 5.96165E-5 5.95339E-5 1.22742E-4 8.50548E-5 2.05406E-4 1.38658E-4 3.78443E-5 2.5779E-5 4.40599E-5 1.13199E-4 1.49503E-4 6.97584E-5 1.38633E-4 2.81952E-4 2.12552E-4 1.48618E-4 1.73369E-4 7.28115E-6 1.4077E-6 1.53709E-6 1.22191E-6 5.05803E-6 1.75295E-5 1.18737E-5 3.43594E-6 2.49517E-6 6.37272E-6 5.26478E-6 1.55497E-6 -9999 -9999 -9999 -9999 -9999 -9999 -9999 -9999 -9999 -9999 -9999 -9999 -9999 -9999 -9999 -9999 -9999 -9999 -9999 -9999 -9999 -9999 -9999 -9999 -9999 -9999 -9999 -9999 -9999
1.3663E-5 1.35239E-5 2.01748E-5 2.62691E-5 2.56507E-5 4.11898E-5 6.50119E-5 9.99659E-5 1.14299E-4 1.37516E-4 1.39803E-4 2.87937E-4 2.91504E-4 9.30941E-5 4.94748E-5 5.01273E-5 6.01413E-5 1.48398E-4 2.23504E-4 1.80014E-4 2.33127E-4 2.40482E-4 1.75893E-4 2.37924E-4 1.15042E-4 2.91619E-5 4.86019E-6 4.902E-6 4.10674E-7 1.28677E-6 2.78403E-6 5.85298E-6 3.41491E-6 2.29799E-6 2.94578E-6 3.3194E-6 7.58316E-7 -9999 -9999 -9999 -9999 -9999 -9999 -9999 -9999 -9999 -9999 -9999 -9999 -9999 -9999 -9999 -9999 -9999 -9999 -9999 -9999 -9999 -9999 -9999 -9999 -9999 -9999 -9999 -9999 -9999
1.66253E-5 1.99408E-5 2.57002E-5 3.39051E-5 3.46956E-5 4.22104E-5 6.87003E-5 5.94255E-5 6.88088E-5 1.0069E-4 5.34044E-5 2.20046E-4 2.81227E-4 2.66425E-4 1.90029E-4 1.54943E-4 9.02925E-5 2.29466E-4 1.97005E-4 8.0224E-5 6.98048E-5 4.07426E-5 3.07198E-5 7.03151E-5 8.11788E-5 2.5682E-5 2.64532E-5 2.40381E-5 6.33763E-6 3.45004E-6 1.58363E-6 1.37224E-6 1.08901E-6 7.1301E-7 7.08846E-7 1.9363E-6 -9999 -9999 -9999 -9999 -9999 -9999 -9999 -9999 -9999 -9999 -9999 -9999 -9999 -9999 -9999 -9999 -9999 -9999 -9999 -9999 -9999 -9999 -9999 -9999 -9999 -9999 -9999 -9999 -9999 -9999
1.72471E-5 1.19628E-5 1.26265E-5 2.60001E-5 3.14847E-5 2.28758E-5 3.21715E-5 5.17968E-5 4.2255E-5 3.73981E-5 3.26087E-5 5.76227E-5 1.35668E-4 1.6743E-4 1.72641E-4 2.29575E-4 2.51129E-4 2.98394E-4 2.27259E-4 8.34841E-5 9.92597E-5 8.89068E-5 2.83649E-5 9.57969E-6 8.87093E-6 4.2521E-6 1.31186E-5 1.0108E-5 1.15197E-5 8.34919E-6 4.61929E-6 2.11342E-6 1.49719E-6 8.24814E-7 5.835E-7 1.45906E-6 1.13445E-6 -9999 -9999 -9999 -9999 -9999 -9999 -9999 -9999 -9999 -9999 -9999 -9999 -9999 -9999 -9999 -9999 -9999 -9999 -9999 -9999 -9999 -9999 -9999 -9999 -9999 -9999 -9999 -9999 -9999
1.77838E-5 5.5763E-6 9.00336E-6 1.80682E-5 1.59346E-5 2.05581E-5 2.15851E-5 3.05991E-5 4.99417E-5 4.8087E-5 5.38469E-5 3.84089E-5 7.88934E-5 5.84801E-5 6.08619E-5 1.09551E-4 2.34479E-4 2.52394E-4 2.66673E-4 2.42985E-4 2.10922E-4 7.6727E-5 6.72005E-5 6.97204E-5 1.28087E-5 2.5032E-6 1.51553E-5 2.28009E-5 1.1572E-5 1.99748E-5 1.44523E-5 1.15505E-5 5.89376E-6 2.84364E-6 1.46778E-6 3.23041E-6 3.26061E-6 5.566E-6 4.68557E-7 -9999 -9999 -9999 -9999 -9999 -9999 -9999 -9999 -9999 -9999 -9999 -9999 -9999 -9999 -9999 -9999 -9999 -9999 -9999 -9999 -9999 -9999 -9999 -9999 -9999 -9999 -9999
1.35669E-5 8.62738E-6 1.00639E-5 1.31133E-5 1.12163E-5 1.70308E-5 3.15748E-5 5.09218E-5 4.39314E-5 4.09829E-5 5.74517E-5 4.5275E-5 4.86322E-5 4.46211E-5 5.08608E-5 7.79935E-5 1.35001E-4 2.65173E-4 3.50243E-4 2.83651E-4 2.41708E-4 1.32359E-4 2.00904E-4 1.60639E-4 3.71161E-5 4.33826E-6 8.78104E-6 1.79218E-5 4.32194E-5 4.73372E-5 4.11664E-5 1.53662E-5 9.74117E-6 1.17149E-5 9.19858E-6 3.65177E-6 1.26694E-5 3.6201E-6 5.06086E-7 -9999 -9999 -9999 -9999 -9999 -9999 -9999 -9999 -9999 -9999 -9999 -9999 -9999 -9999 -9999 -9999 -9999 -9999 -9999 -9999 -9999 -9999 -9999 -9999 -9999 -9999 -9999
2.03998E-5 2.23605E-5 1.99951E-5 2.49558E-5 2.84359E-5 2.48653E-5 4.78171E-5 8.29206E-5 4.91021E-5 4.62559E-5 7.12641E-5 1.03606E-4 4.55283E-5 7.29604E-5 7.5055E-5 5.53463E-5 6.08674E-5 8.34685E-5 1.17232E-4 1.59289E-4 2.52435E-4 2.17144E-4 2.25308E-4 1.58376E-4 2.29323E-5 9.64212E-6 4.36328E-5 1.4195E-5 1.4287E-5 2.40736E-5 4.60927E-5 1.56346E-5 2.45641E-5 1.25106E-5 1.39805E-5 1.10241E-5 2.01047E-5 2.50374E-6 2.80128E-6 3.27396E-6 4.70694E-6 2.18576E-6 1.00976E-6 -9999 -9999 -9999 -9999 -9999 -9999 -9999 -9999 -9999 -9999 -9999 -9999 -9999 -9999 -9999 -9999 -9999 -9999 -9999 -9999 -9999 -9999 -9999
4.77914E-5 3.90818E-5 6.3442E-5 5.72874E-5 3.86137E-5 3.23355E-5 7.54937E-5 1.20914E-4 1.02519E-4 7.18809E-5 1.37026E-4 7.41334E-5 9.16827E-5 1.41621E-4 1.63832E-4 7.2434E-5 5.10333E-5 5.65659E-5 8.84112E-5 1.02588E-4 1.67025E-4 2.1261E-4 1.91504E-4 1.90144E-4 2.07365E-4 6.01868E-5 1.12568E-4 2.53806E-5 4.137E-5 4.22509E-5 9.54419E-5 1.13766E-4 1.04954E-4 8.22952E-5 4.75962E-5 5.9557E-5 5.86887E-5 6.46455E-6 1.64746E-5 2.72451E-5 1.53542E-5 7.91441E-6 5.15981E-6 2.53361E-6 2.70785E-7 -9999 -9999 -9999 -9999 -9999 -9999 -9999 -9999 -9999 -9999 -9999 -9999 -9999 -9999 -9999 -9999 -9999 -9999 -9999 -9999 -9999
8.54237E-5 4.18221E-5 7.54685E-5 6.93755E-5 5.4528E-5 6.2394E-5 8.52818E-5 1.02871E-4 1.87482E-4 1.54246E-4 1.54794E-4 1.51669E-4 1.71174E-4 1.64857E-4 1.93919E-4 1.82143E-4 1.24917E-4 7.35037E-5 4.40825E-5 5.10769E-5 8.85827E-5 2.02422E-4 2.02086E-4 3.94021E-5 6.55557E-5 2.26764E-4 2.26088E-4 1.2562E-4 1.24859E-4 1.02013E-4 7.78139E-5 1.66972E-4 9.16559E-5 1.32069E-5 1.65701E-5 2.95719E-5 2.36271E-5 4.19884E-5 1.01328E-5 1.98724E-6 1.23442E-6 4.63862E-6 1.40798E-6 2.40892E-7 2.65055E-7 2.93371E-7 3.48439E-7 -9999 -9999 -9999 -9999 -9999 -9999 -9999 -9999 -9999 -9999 -9999 -9999 -9999 -9999 -9999 -9999 -9999 -9999 -9999
7.59569E-5 1.02791E-4 1.83811E-4 1.24749E-4 1.61737E-4 1.82584E-4 1.59603E-4 2.11729E-4 1.94943E-4 1.22451E-4 1.17608E-4 9.14084E-5 6.6497E-5 8.58009E-5 1.61719E-4 2.48677E-4 2.44123E-4 2.15609E-4 1.2949E-4 1.01709E-4 1.78677E-4 2.22294E-4 2.56497E-4 1.48775E-4 4.77332E-5 5.23423E-5 6.30127E-5 7.86323E-5 1.00977E-4 1.40811E-4 1.3385E-4 1.05401E-4 2.64115E-4 1.965E-4 6.93098E-5 1.79275E-5 5.81922E-6 9.54213E-6 7.49336E-6 6.20212E-6 1.23446E-5 3.88827E-5 9.31048E-6 2.89628E-6 6.22016E-6 1.20296E-6 2.65203E-7 1.25235E-6 1.39097E-6 2.74422E-7 -9999 -9999 -9999 -9999 -9999 -9999 -9999 -9999 -9999 -9999 -9999 -9999 -9999 -9999 -9999 -9999
4.51891E-5 1.26075E-4 1.81626E-4 2.24419E-4 2.40608E-4 2.54449E-4 3.41428E-4 4.01247E-4 2.27841E-4 1.50182E-4 1.78033E-4 1.41825E-4 1.36386E-4 9.28984E-5 1.1117E-4 1.396E-4 1.63626E-4 1.99995E-4 1.92929E-4 1.93292E-4 1.88804E-4 2.25836E-4 1.01354E-4 2.4436E-4 1.22554E-4 5.08167E-5 2.5666E-5 2.19096E-5 1.572E-5 8.28881E-5 1.91456E-4 2.40738E-4 2.04167E-4 3.18178E-4 2.22058E-4 6.85916E-5 1.47046E-5 1.93058E-5 1.76963E-5 5.10442E-6 2.72376E-5 4.94194E-5 7.71895E-6 9.85075E-6 2.15203E-5 4.8324E-6 7.35355E-7 9.71192E-7 2.43052E-6 2.51523E-6 5.32063E-7 8.18002E-8 1.23728E-7 4.13693E-7 5.50703E-7 4.82302E-7 3.37806E-7 5.51349E-7 -9999 3.15006E-7 -9999 -9999 -9999 -9999 -9999 -9999
5.72946E-5 4.15325E-5 1.26534E-4 1.86733E-4 2.23076E-4 2.67217E-4 2.97207E-4 1.66972E-4 7.83138E-5 6.25182E-5 9.44862E-5 8.5428E-5 2.17781E-4 2.11905E-4 2.54746E-4 2.41585E-4 2.33122E-4 2.27159E-4 2.05527E-4 1.94301E-4 7.98741E-5 3.62721E-5 3.47622E-5 1.3747E-4 2.73766E-4 1.00718E-4 5.23234E-5 1.91407E-5 1.32505E-5 3.43069E-5 1.06809E-4 2.54065E-4 3.13339E-4 3.56388E-4 2.73994E-4 1.07463E-4 2.56852E-5 1.36459E-5 6.55474E-5 1.91777E-5 2.76105E-5 9.36839E-5 1.65958E-5 1.78178E-5 5.24013E-5 1.85829E-5 3.63459E-6 1.01316E-6 7.23411E-7 3.54232E-6 3.18202E-6 3.86252E-7 1.00372E-7 2.85191E-7 6.6696E-7 9.77541E-7 1.13593E-6 1.16431E-6 8.30384E-7 -9999 -9999 -9999 -9999 -9999 -9999 -9999
8.51618E-5 8.90002E-5 1.41482E-4 1.74811E-4 2.49563E-4 2.52238E-4 2.39587E-4 1.51315E-4 1.30032E-4 9.9767E-5 6.25177E-5 5.83516E-5 1.11831E-4 1.04964E-4 1.53449E-4 1.80218E-4 1.97042E-4 1.6573E-4 1.47084E-4 4.68438E-5 1.10795E-5 7.03563E-6 4.34887E-5 1.39947E-4 2.18892E-4 5.66625E-5 4.27494E-5 2.86792E-5 2.00939E-5 3.14325E-5 3.99163E-5 1.20073E-4 3.09942E-4 2.79569E-4 1.65652E-4 2.0592E-4 1.12241E-4 4.13227E-5 1.12574E-4 1.53275E-4 7.75062E-5 2.08593E-4 9.91885E-5 1.29323E-4 1.40228E-4 3.54908E-5 1.31246E-5 4.06571E-6 1.16294E-6 2.8822E-6 1.26263E-5 3.37131E-6 5.03662E-7 3.93712E-7 2.27449E-7 5.68869E-7 1.66194E-6 8.48257E-7 4.99748E-7 -9999 -9999 -9999 -9999 -9999 -9999 -9999
1.3908E-4 1.92428E-4 2.23484E-4 2.35947E-4 2.30212E-4 2.68397E-4 2.67337E-4 1.77565E-4 1.76605E-4 1.08918E-4 7.54664E-5 5.77369E-5 5.76011E-5 5.5687E-5 6.21987E-5 8.46582E-5 8.04245E-5 8.28515E-5 5.05502E-5 1.22984E-5 8.05263E-6 2.2325E-5 7.13156E-5 1.67254E-4 1.04631E-4 9.9971E-5 6.99587E-5 3.10246E-5 1.77274E-5 1.87775E-5 2.37708E-5 3.65665E-5 7.77782E-5 5.14061E-5 4.78363E-5 1.39622E-4 2.03383E-4 1.43709E-4 1.29712E-4 1.50707E-4 1.76278E-4 3.08912E-4 2.79506E-4 1.12603E-4 5.0674E-5 2.91858E-5 2.86009E-5 9.3155E-6 3.38046E-6 4.10652E-6 1.95788E-5 6.6863E-6 1.69641E-6 5.06388E-7 1.18738E-7 3.75356E-7 1.08258E-6 4.59275E-7 3.88029E-7 5.4975E-7 -9999 -9999 -9999 -9999 -9999 -9999
3.13342E-4 2.95623E-4 2.0998E-4 1.58024E-4 2.04992E-4 2.22073E-4 1.83599E-4 1.20623E-4 1.1258E-4 4.83337E-5 6.83648E-5 5.51592E-5 5.629E-5 4.69481E-5 5.81595E-5 4.97651E-5 4.82739E-5 4.3897E-5 3.04342E-5 1.91694E-5 1.7242E-5 2.55775E-5 5.1037E-5 1.11862E-4 6.70774E-5 5.15224E-5 6.52555E-5 3.57448E-5 2.1994E-5 2.84414E-5 3.8792E-5 4.10028E-5 3.83777E-5 2.86211E-5 3.16953E-5 5.18745E-5 1.26793E-4 1.23022E-4 8.52879E-5 3.23692E-5 3.16139E-5 7.29959E-5 1.24551E-4 3.5687E-5 1.57247E-5 2.31196E-5 1.66569E-5 7.46721E-6 3.87832E-6 1.9873E-6 6.48332E-6 1.51936E-5 7.42204E-6 6.96749E-7 4.21819E-7 5.41595E-7 8.38763E-7 1.07296E-6 7.1585E-7 6.59152E-7 -9999 -9999 -9999 -9999 -9999 -9999
3.30072E-4 2.50887E-4 1.80626E-4 1.8937E-4 1.9707E-4 1.82176E-4 1.87328E-4 1.39154E-4 9.05778E-5 4.9173E-5 6.26128E-5 8.24674E-5 6.82461E-5 5.49406E-5 5.73378E-5 4.78583E-5 6.58499E-5 6.21616E-5 4.84044E-5 5.84233E-5 4.13153E-5 3.93302E-5 4.72565E-5 6.13499E-5 8.90241E-5 5.13444E-5 4.29262E-5 3.89431E-5 2.79678E-5 3.91158E-5 4.8229E-5 3.8873E-5 2.41685E-5 1.63842E-5 1.26031E-5 1.55318E-5 4.22042E-5 6.66074E-5 1.0396E-4 9.78493E-5 3.18195E-5 1.4426E-5 5.48815E-5 8.48584E-5 3.93046E-5 4.30324E-5 2.28259E-5 6.59219E-6 4.62618E-6 3.60814E-6 2.91891E-6 5.6041E-6 2.34548E-5 8.44813E-6 2.4167E-6 6.37189E-7 4.57097E-7 1.22322E-6 1.3674E-6 1.82392E-6 1.19617E-6 -9999 -9999 -9999 -9999 -9999
2.24036E-4 2.18611E-4 1.79427E-4 2.22883E-4 2.7859E-4 2.31831E-4 1.9149E-4 1.13372E-4 6.32042E-5 9.1277E-5 1.22882E-4 9.07139E-5 9.68925E-5 6.96945E-5 6.37561E-5 6.4428E-5 1.11724E-4 1.09349E-4 8.48152E-5 8.49878E-5 4.69524E-5 4.81315E-5 3.4322E-5 4.52625E-5 7.13042E-5 4.6855E-5 3.50198E-5 3.40667E-5 3.08752E-5 3.43637E-5 3.99503E-5 3.47427E-5 2.11621E-5 1.35222E-5 1.01025E-5 9.7724E-6 1.22616E-5 1.80032E-5 7.7707E-5 1.32974E-4 2.84433E-5 1.26175E-5 2.08528E-5 5.2078E-5 4.87434E-5 8.84506E-5 7.21716E-5 2.19292E-5 1.31866E-5 1.31142E-5 1.06816E-5 1.8428E-6 5.33576E-6 3.58554E-5 4.66778E-6 5.43875E-7 1.55919E-7 2.05064E-7 3.30512E-7 8.12658E-7 2.07706E-6 -9999 -9999 -9999 -9999 -9999
2.17289E-4 2.18986E-4 1.96115E-4 2.07857E-4 2.93755E-4 3.29743E-4 2.2989E-4 1.34859E-4 1.01429E-4 1.66427E-4 1.45807E-4 6.86406E-5 7.84052E-5 6.13268E-5 1.09295E-4 1.31651E-4 1.957E-4 1.97404E-4 1.83061E-4 1.68379E-4 1.43711E-4 1.44901E-4 9.62114E-5 8.25376E-5 5.72458E-5 4.99747E-5 5.95836E-5 4.60934E-5 3.43367E-5 3.28861E-5 2.30889E-5 1.82069E-5 2.08215E-5 2.43225E-5 1.76732E-5 1.72983E-5 1.12599E-5 2.03311E-5 8.14625E-5 1.26722E-4 2.65853E-5 1.03727E-5 8.17546E-6 1.10784E-5 1.08682E-5 2.55208E-5 5.04042E-5 6.29988E-5 5.5124E-5 6.95579E-5 2.42178E-5 3.02905E-6 1.73047E-6 1.40627E-5 2.35978E-5 1.20644E-6 2.69951E-7 1.30995E-7 2.59342E-7 5.22219E-7 1.61575E-6 2.96858E-6 -9999 -9999 -9999 -9999
1.97918E-4 2.02165E-4 2.44232E-4 2.43192E-4 2.77737E-4 3.27345E-4 2.93193E-4 2.27977E-4 1.8819E-4 1.97723E-4 2.51856E-4 9.901E-5 1.52011E-4 2.19283E-4 2.93952E-4 2.74415E-4 2.57038E-4 2.19827E-4 1.84761E-4 1.89038E-4 1.62824E-4 1.74005E-4 1.98915E-4 1.54847E-4 1.07088E-4 1.09672E-4 6.64467E-5 3.88529E-5 3.31521E-5 2.92077E-5 2.61994E-5 2.09773E-5 2.19507E-5 3.4631E-5 4.05144E-5 3.88716E-5 1.74405E-5 2.85281E-5 1.2719E-4 1.38981E-4 9.19589E-5 2.5722E-5 1.51574E-5 1.01851E-5 9.31485E-6 7.08282E-6 1.25824E-5 2.41071E-5 1.24834E-5 2.67446E-5 4.68568E-5 4.261E-5 1.72318E-5 6.4613E-6 5.86016E-5 6.24163E-6 7.54813E-7 2.99814E-7 5.10332E-7 9.86307E-7 2.45739E-6 2.85908E-6 -9999 -9999 -9999 -9999
1.66944E-4 1.89224E-4 2.6214E-4 2.70963E-4 2.75627E-4 2.56217E-4 2.35213E-4 2.64814E-4 2.49868E-4 2.74483E-4 2.15758E-4 1.72325E-4 3.08973E-4 3.57258E-4 3.4051E-4 2.84141E-4 2.79503E-4 2.39091E-4 2.16395E-4 2.24407E-4 2.00964E-4 1.75352E-4 2.1618E-4 1.98544E-4 1.74813E-4 1.61438E-4 9.46138E-5 4.18374E-5 2.9247E-5 2.32414E-5 1.92166E-5 2.80598E-5 3.86343E-5 4.5534E-5 7.15942E-5 9.14094E-5 8.88045E-5 1.14286E-4 1.65824E-4 6.53441E-5 9.69018E-5 1.04E-4 7.36179E-5 3.22413E-5 2.1815E-5 6.21866E-6 6.36424E-6 6.60486E-6 3.0334E-6 8.03577E-6 6.74685E-6 2.28876E-5 3.59581E-5 7.0697E-5 7.2493E-5 4.15813E-5 1.88618E-6 6.10228E-7 2.73461E-7 3.48187E-7 7.23146E-7 3.27882E-6 9.75006E-7 3.27242E-7 -9999 -9999
2.16502E-4 1.57693E-4 2.30564E-4 2.6296E-4 2.71723E-4 2.73138E-4 2.66764E-4 2.57935E-4 2.9769E-4 3.11421E-4 2.82481E-4 2.55063E-4 3.49759E-4 3.59785E-4 3.23767E-4 3.07139E-4 3.03848E-4 2.24664E-4 2.54152E-4 3.06026E-4 3.00161E-4 2.65285E-4 2.3752E-4 1.36269E-4 1.19532E-4 1.36983E-4 1.29466E-4 9.93329E-5 7.80253E-5 4.07077E-5 1.51107E-5 1.59404E-5 1.6055E-5 1.53782E-5 1.90011E-5 1.87669E-5 8.74631E-5 6.92962E-5 1.97282E-4 1.45157E-4 6.60327E-5 6.27249E-5 7.96321E-5 8.25943E-5 5.135E-5 9.83713E-6 4.12033E-6 2.77431E-6 2.12E-6 3.05125E-6 2.6773E-6 3.30751E-6 5.94102E-6 4.88106E-5 7.72443E-5 8.76276E-5 1.94243E-5 1.1944E-6 5.20345E-7 4.18875E-7 4.55043E-7 3.41688E-6 1.03497E-6 2.76197E-7 1.31511E-7 2.39311E-7
