catData/rasterBestHybridModels/Pbengalensis/RD_BM01_RM2_LQ/Pbengalensis_avg.asc
ncols         409
nrows         350
xllcorner     60.897278365
yllcorner     5.843756025
cellsize      0.0892857
NODATA_value  -9999
[rows 87 to 115 of 350, columns 132 to 197 of 409]
1.77338E-5 1.9966E-5 1.95411E-5 1.83774E-5 1.90941E-5 2.05879E-5 2.02678E-5 1.89012E-5 1.75579E-5 1.70244E-5 1.77944E-5 2.0901E-5 2.29537E-5 2.52921E-5 2.5092E-5 2.3152E-5 2.27345E-5 2.67767E-5 3.14386E-5 3.38772E-5 2.9685E-5 2.5607E-5 2.72121E-5 2.94723E-5 2.91501E-5 2.8285E-5 2.77884E-5 2.92059E-5 3.0693E-5 2.98407E-5 2.90271E-5 3.05508E-5 3.45761E-5 3.83552E-5 3.98221E-5 4.32877E-5 4.37486E-5 4.29823E-5 4.76154E-5 4.73649E-5 5.14449E-5 4.88426E-5 4.48795E-5 4.502E-5 4.74105E-5 4.61807E-5 4.43474E-5 5.01032E-5 5.50444E-5 5.23559E-5 5.95366E-5 6.79951E-5 6.70828E-5 7.14503E-5 6.41744E-5 6.55904E-5 8.04195E-5 7.78142E-5 7.86381E-5 7.1921E-5 6.12455E-5 6.40704E-5 7.41136E-5 7.57326E-5 7.51651E-5 7.55643E-5
1.93141E-5 2.16474E-5 2.20753E-5 2.03257E-5 2.02396E-5 2.21906E-5 2.18911E-5 1.99871E-5 1.7829E-5 1.60404E-5 1.61865E-5 1.83875E-5 2.02894E-5 2.15476E-5 2.14158E-5 1.98166E-5 1.94178E-5 2.35248E-5 2.75714E-5 2.9557E-5 2.83908E-5 2.62309E-5 2.92406E-5 3.35856E-5 3.20574E-5 2.90978E-5 3.15335E-5 3.42427E-5 3.48984E-5 3.29058E-5 3.02835E-5 3.10629E-5 3.61907E-5 4.22754E-5 4.47819E-5 4.21682E-5 4.28952E-5 4.43439E-5 5.14742E-5 4.91648E-5 4.50537E-5 4.85668E-5 4.74613E-5 4.52819E-5 5.01501E-5 4.92157E-5 4.48583E-5 4.95401E-5 5.38436E-5 5.46177E-5 6.74697E-5 6.37887E-5 6.88072E-5 6.02953E-5 6.24256E-5 7.12519E-5 6.98966E-5 8.14142E-5 7.60993E-5 7.62012E-5 6.58577E-5 5.8822E-5 6.68958E-5 7.15189E-5 7.5576E-5 7.4457E-5
1.77175E-5 1.90162E-5 1.73994E-5 1.82556E-5 1.88938E-5 2.02375E-5 1.98221E-5 1.85596E-5 1.68057E-5 1.51511E-5 1.46065E-5 1.62009E-5 1.75779E-5 1.82916E-5 1.81958E-5 1.71842E-5 1.73354E-5 1.96644E-5 2.2127E-5 2.35629E-5 2.31819E-5 2.41135E-5 2.70452E-5 2.94158E-5 2.93891E-5 2.74778E-5 3.21864E-5 3.70959E-5 3.67123E-5 3.35573E-5 2.99754E-5 2.95663E-5 3.55797E-5 4.15348E-5 4.43197E-5 4.28784E-5 4.84797E-5 4.64479E-5 4.31176E-5 4.22757E-5 4.47949E-5 5.04434E-5 4.76134E-5 4.39544E-5 4.90124E-5 4.89694E-5 4.42593E-5 4.49964E-5 4.66313E-5 4.75602E-5 5.88658E-5 6.53809E-5 5.91573E-5 5.33924E-5 6.71841E-5 6.52424E-5 6.54298E-5 7.06338E-5 7.728E-5 7.2516E-5 6.35263E-5 5.9812E-5 6.78619E-5 6.77105E-5 7.16632E-5 7.21892E-5
1.58954E-5 1.66773E-5 1.69992E-5 1.60855E-5 1.61491E-5 1.68472E-5 1.67325E-5 1.62616E-5 1.53949E-5 1.42298E-5 1.29582E-5 1.41275E-5 1.49412E-5 1.56758E-5 1.57599E-5 1.51698E-5 1.59778E-5 1.73752E-5 1.86514E-5 1.94467E-5 1.95662E-5 2.17378E-5 2.38759E-5 2.51877E-5 2.52434E-5 2.57005E-5 2.9028E-5 3.21821E-5 3.2227E-5 3.09451E-5 2.81766E-5 2.74467E-5 3.15373E-5 3.51358E-5 3.76599E-5 3.93206E-5 4.22816E-5 4.18778E-5 3.93324E-5 4.40297E-5 4.70504E-5 4.50151E-5 4.26333E-5 4.29153E-5 4.29576E-5 4.25757E-5 4.13684E-5 4.6323E-5 4.98899E-5 4.67467E-5 4.9805E-5 5.17036E-5 5.12663E-5 5.12611E-5 6.01096E-5 5.22249E-5 5.13439E-5 5.59304E-5 7.05014E-5 6.93944E-5 5.77371E-5 5.95732E-5 6.55046E-5 6.48093E-5 6.43277E-5 6.82405E-5
1.39943E-5 1.45874E-5 1.48932E-5 1.41319E-5 1.37905E-5 1.40178E-5 1.41631E-5 1.39863E-5 1.36452E-5 1.28228E-5 1.18234E-5 1.24093E-5 1.29302E-5 1.3407E-5 1.37531E-5 1.33385E-5 1.40854E-5 1.532E-5 1.59288E-5 1.66006E-5 1.72621E-5 1.92929E-5 2.13066E-5 2.19048E-5 2.18264E-5 2.32985E-5 2.52419E-5 2.75855E-5 2.74632E-5 2.69037E-5 2.5471E-5 2.60857E-5 2.86289E-5 3.07933E-5 3.60116E-5 4.13626E-5 4.31415E-5 4.05286E-5 3.98831E-5 4.40468E-5 4.62306E-5 4.42946E-5 4.44041E-5 4.76422E-5 4.43622E-5 4.01425E-5 4.44808E-5 4.73361E-5 4.51824E-5 4.31854E-5 5.08356E-5 5.13185E-5 4.92216E-5 5.48064E-5 6.34795E-5 5.12603E-5 5.87694E-5 5.31747E-5 6.49058E-5 6.60232E-5 5.86238E-5 6.22743E-5 6.43166E-5 6.228E-5 7.01295E-5 6.90413E-5
1.24719E-5 1.24784E-5 1.25042E-5 1.14293E-5 1.16806E-5 1.25328E-5 1.13287E-5 1.28632E-5 1.24017E-5 1.17938E-5 1.09053E-5 1.06524E-5 1.10795E-5 1.14812E-5 1.16146E-5 1.17415E-5 1.27069E-5 1.35975E-5 1.44498E-5 1.54615E-5 1.58157E-5 1.68827E-5 1.87528E-5 2.12469E-5 2.40022E-5 2.63392E-5 2.71955E-5 2.67147E-5 2.55552E-5 2.78512E-5 2.87482E-5 2.85642E-5 3.19269E-5 3.46962E-5 3.4925E-5 4.00163E-5 4.27089E-5 3.96881E-5 4.43186E-5 4.26912E-5 4.25406E-5 4.88187E-5 4.50353E-5 4.57421E-5 4.37193E-5 4.51978E-5 4.30188E-5 4.5803E-5 4.63537E-5 4.54647E-5 4.71141E-5 4.99981E-5 4.71024E-5 5.34029E-5 5.64701E-5 5.51105E-5 6.07387E-5 5.767E-5 6.55801E-5 6.70191E-5 6.50995E-5 5.98514E-5 6.12177E-5 5.72484E-5 6.39076E-5 6.23002E-5
1.00558E-5 9.99513E-6 1.0014E-5 9.64878E-6 1.00291E-5 1.07597E-5 1.11982E-5 1.08742E-5 1.08523E-5 1.0424E-5 9.53065E-6 9.03467E-6 9.3839E-6 1.0114E-5 1.15509E-5 1.23244E-5 1.38545E-5 1.58015E-5 1.68783E-5 1.81935E-5 1.89452E-5 1.88034E-5 1.95427E-5 2.25064E-5 2.65548E-5 3.01402E-5 3.18869E-5 3.05098E-5 2.89831E-5 3.21937E-5 3.40397E-5 3.26844E-5 3.56713E-5 4.06202E-5 3.8564E-5 3.54551E-5 3.55181E-5 3.74747E-5 4.19493E-5 4.03267E-5 3.8891E-5 4.1549E-5 4.192E-5 4.63016E-5 4.4447E-5 4.58426E-5 4.34485E-5 4.28773E-5 4.2725E-5 4.79372E-5 4.82819E-5 5.33676E-5 4.45927E-5 4.8265E-5 5.08255E-5 5.6197E-5 5.56261E-5 5.70408E-5 6.03548E-5 6.00298E-5 6.54276E-5 6.03138E-5 6.14655E-5 5.74034E-5 5.40782E-5 5.56376E-5
8.03829E-6 8.43034E-6 8.67466E-6 8.56111E-6 8.85123E-6 9.18436E-6 9.26138E-6 9.53401E-6 9.4754E-6 9.00933E-6 8.22449E-6 8.98865E-6 1.01532E-5 1.17707E-5 1.31085E-5 1.46009E-5 1.56253E-5 1.76173E-5 1.9593E-5 2.10817E-5 2.17599E-5 2.16321E-5 2.05147E-5 2.33956E-5 2.65874E-5 3.08154E-5 3.46315E-5 3.2278E-5 3.09744E-5 3.52983E-5 3.83755E-5 3.47603E-5 3.58683E-5 4.06129E-5 3.88849E-5 3.44554E-5 3.12618E-5 3.4584E-5 3.65155E-5 3.91997E-5 4.06579E-5 3.86847E-5 4.05641E-5 4.49683E-5 4.52964E-5 4.21709E-5 4.14287E-5 4.29258E-5 4.72446E-5 4.97062E-5 5.41263E-5 4.90165E-5 4.82082E-5 4.709E-5 5.05121E-5 5.5625E-5 5.11636E-5 5.32555E-5 5.86523E-5 5.75407E-5 5.70394E-5 5.7709E-5 5.69564E-5 5.1562E-5 5.07576E-5 5.96019E-5
6.86687E-6 7.20446E-6 7.42074E-6 7.91137E-6 8.63893E-6 9.0056E-6 9.13427E-6 9.45091E-6 9.72231E-6 9.20223E-6 9.36676E-6 1.0377E-5 1.12033E-5 1.31433E-5 1.45687E-5 1.66761E-5 1.83374E-5 2.00569E-5 2.23867E-5 2.47437E-5 2.61685E-5 2.5381E-5 2.32212E-5 2.29161E-5 2.59839E-5 2.92685E-5 3.08384E-5 2.99805E-5 3.0359E-5 3.45497E-5 3.58743E-5 3.47321E-5 3.29098E-5 3.588E-5 3.6682E-5 3.75552E-5 3.49024E-5 3.34869E-5 3.71407E-5 4.05372E-5 4.21394E-5 3.83241E-5 3.60674E-5 4.06402E-5 4.3961E-5 4.04445E-5 3.87323E-5 3.78122E-5 3.76704E-5 4.40383E-5 4.92518E-5 4.93357E-5 4.305E-5 4.16862E-5 4.90874E-5 4.58803E-5 5.07721E-5 5.62634E-5 5.65273E-5 5.46133E-5 6.17858E-5 5.72955E-5 4.78856E-5 4.55297E-5 4.88674E-5 5.99522E-5
6.39144E-6 7.35883E-6 8.29856E-6 9.41084E-6 1.02693E-5 1.07699E-5 1.10852E-5 1.11271E-5 1.10521E-5 1.08253E-5 1.07593E-5 1.17722E-5 1.27371E-5 1.39192E-5 1.61598E-5 1.8567E-5 2.14802E-5 2.35121E-5 2.53801E-5 2.90613E-5 3.08928E-5 2.86414E-5 2.60739E-5 2.40109E-5 2.63075E-5 2.80845E-5 2.84833E-5 2.74728E-5 2.81713E-5 3.08884E-5 3.19138E-5 3.32542E-5 3.66913E-5 3.66969E-5 4.1703E-5 4.28086E-5 3.9727E-5 3.53357E-5 3.42236E-5 3.59983E-5 3.68322E-5 3.54412E-5 3.33109E-5 3.59516E-5 3.70734E-5 4.04565E-5 4.28429E-5 3.85954E-5 4.95887E-5 4.27006E-5 4.08804E-5 4.18955E-5 4.21412E-5 4.23391E-5 4.62377E-5 4.56922E-5 4.99345E-5 4.88098E-5 4.78165E-5 4.8444E-5 5.42143E-5 5.37147E-5 5.35887E-5 5.34394E-5 4.73097E-5 4.56447E-5
7.21494E-6 8.53175E-6 9.57964E-6 1.09057E-5 1.18821E-5 1.26931E-5 1.2754E-5 1.26968E-5 1.25709E-5 1.2503E-5 1.23109E-5 1.32419E-5 1.45948E-5 1.5834E-5 1.75084E-5 2.03366E-5 2.39178E-5 2.71844E-5 2.83218E-5 2.93261E-5 3.05921E-5 2.86688E-5 2.62198E-5 2.68548E-5 3.03984E-5 3.27328E-5 3.30482E-5 3.1057E-5 2.98076E-5 2.79533E-5 3.26689E-5 3.64133E-5 4.23495E-5 4.08736E-5 4.14809E-5 4.23969E-5 3.97513E-5 3.82225E-5 3.76865E-5 3.83677E-5 4.18761E-5 4.00137E-5 3.5465E-5 3.29807E-5 3.72759E-5 4.10067E-5 4.2129E-5 3.94009E-5 4.26199E-5 4.23767E-5 4.13757E-5 4.81444E-5 4.29692E-5 4.12882E-5 4.46474E-5 4.83881E-5 4.53888E-5 4.95274E-5 5.03566E-5 4.64389E-5 5.39255E-5 5.32826E-5 5.87701E-5 5.37106E-5 4.63178E-5 4.63298E-5
8.27009E-6 9.84975E-6 1.08686E-5 1.22912E-5 1.33068E-5 1.45051E-5 1.47132E-5 1.48111E-5 1.47054E-5 1.37974E-5 1.42137E-5 1.4857E-5 1.67968E-5 1.88506E-5 1.99404E-5 2.11513E-5 2.52356E-5 2.99342E-5 3.06764E-5 2.78283E-5 2.68057E-5 2.66829E-5 2.56006E-5 2.83645E-5 3.27003E-5 3.74818E-5 3.65159E-5 3.58975E-5 3.31273E-5 3.19354E-5 3.54925E-5 3.73148E-5 4.09031E-5 4.22412E-5 4.30923E-5 3.81357E-5 3.56834E-5 4.06153E-5 4.30621E-5 4.26492E-5 4.41925E-5 4.07939E-5 3.56555E-5 3.80598E-5 3.83498E-5 4.36158E-5 4.31765E-5 4.27102E-5 4.45329E-5 4.33784E-5 3.78535E-5 3.71794E-5 3.95873E-5 4.08004E-5 4.362E-5 4.42077E-5 4.05956E-5 4.60936E-5 4.79662E-5 5.18948E-5 4.70821E-5 4.67176E-5 5.38085E-5 5.18299E-5 4.83325E-5 4.49132E-5
9.18257E-6 1.04625E-5 1.18627E-5 1.33164E-5 1.48789E-5 1.61745E-5 1.69488E-5 1.74438E-5 1.64343E-5 1.61194E-5 1.67167E-5 1.66889E-5 1.93204E-5 2.16309E-5 2.33077E-5 2.42581E-5 2.51959E-5 2.73604E-5 2.7683E-5 2.68687E-5 2.74355E-5 2.92839E-5 2.99743E-5 2.77662E-5 3.10423E-5 3.40264E-5 3.86839E-5 3.82637E-5 3.51569E-5 3.7576E-5 3.9292E-5 4.32991E-5 4.22682E-5 4.33502E-5 3.79842E-5 3.52725E-5 3.33942E-5 3.87001E-5 4.22403E-5 4.28311E-5 4.02055E-5 3.75967E-5 3.67467E-5 4.68753E-5 4.2508E-5 4.26972E-5 5.06823E-5 4.64691E-5 4.31236E-5 4.11783E-5 3.67549E-5 3.94876E-5 4.17541E-5 3.95493E-5 4.31317E-5 4.29472E-5 4.49362E-5 4.37263E-5 4.40407E-5 4.513E-5 4.63311E-5 4.43275E-5 5.33265E-5 5.59672E-5 5.18377E-5 4.38659E-5
9.84455E-6 1.1218E-5 1.29149E-5 1.45241E-5 1.61493E-5 1.81298E-5 1.95377E-5 2.04224E-5 1.85602E-5 1.89541E-5 1.95029E-5 1.90428E-5 2.02543E-5 2.34828E-5 2.75731E-5 2.77537E-5 2.61606E-5 2.46217E-5 2.73244E-5 3.01297E-5 3.10453E-5 3.40655E-5 3.38236E-5 3.09438E-5 3.15283E-5 3.39533E-5 3.54649E-5 3.52913E-5 3.51908E-5 4.05501E-5 4.62002E-5 4.25327E-5 4.16627E-5 3.92433E-5 3.61995E-5 3.58182E-5 3.42908E-5 3.85178E-5 4.24606E-5 4.51707E-5 4.4983E-5 3.89663E-5 3.86705E-5 4.23649E-5 3.99822E-5 3.9849E-5 4.17696E-5 3.93916E-5 4.29002E-5 3.73725E-5 3.62925E-5 4.10062E-5 4.3938E-5 4.14088E-5 4.44492E-5 4.13816E-5 4.25592E-5 3.83279E-5 3.61178E-5 4.16564E-5 4.41871E-5 4.07349E-5 4.31033E-5 4.52045E-5 4.66556E-5 4.1052E-5
9.84916E-6 1.17066E-5 1.40369E-5 1.60673E-5 1.79915E-5 2.01115E-5 2.99087E-5 3.04007E-5 2.06965E-5 2.28059E-5 2.33735E-5 2.23906E-5 2.27232E-5 2.51575E-5 2.71647E-5 2.80141E-5 2.64421E-5 2.54849E-5 2.96167E-5 3.34952E-5 3.44393E-5 3.43668E-5 3.45354E-5 3.22366E-5 3.61693E-5 3.96502E-5 3.87625E-5 3.55876E-5 3.33735E-5 3.79485E-5 4.13921E-5 4.03738E-5 3.86928E-5 4.50653E-5 4.13314E-5 4.49521E-5 3.63583E-5 4.07325E-5 4.58065E-5 4.32357E-5 4.17005E-5 3.79718E-5 3.98564E-5 4.39236E-5 4.1805E-5 3.79328E-5 4.22481E-5 1.40201E-5 3.93816E-5 3.69032E-5 3.36854E-5 3.67152E-5 3.75162E-5 4.11562E-5 3.91819E-5 3.76679E-5 3.62396E-5 3.8425E-5 3.67257E-5 3.49796E-5 3.80017E-5 4.05886E-5 4.62891E-5 4.20009E-5 4.03409E-5 4.16769E-5
1.00178E-5 1.21648E-5 1.49549E-5 1.73074E-5 1.94413E-5 2.07223E-5 2.1725E-5 2.21689E-5 2.24494E-5 2.63994E-5 2.65664E-5 2.48683E-5 2.45475E-5 2.47673E-5 2.59702E-5 2.67106E-5 2.53189E-5 2.58007E-5 2.88737E-5 3.14648E-5 3.26612E-5 3.1357E-5 3.24164E-5 3.20145E-5 3.37533E-5 3.60069E-5 3.64353E-5 3.56054E-5 4.04248E-5 4.32062E-5 4.0186E-5 3.70009E-5 3.87363E-5 4.68516E-5 1.80518E-5 3.74949E-5 3.76714E-5 3.80061E-5 3.94619E-5 4.27686E-5 4.40325E-5 4.05848E-5 4.08878E-5 4.27463E-5 3.89969E-5 4.02533E-5 4.72806E-5 4.25315E-5 3.42582E-5 3.54118E-5 3.87475E-5 3.78469E-5 4.01115E-5 4.15599E-5 3.98669E-5 3.97704E-5 3.95157E-5 4.21732E-5 3.93516E-5 3.6403E-5 3.8493E-5 4.38446E-5 4.01552E-5 3.96452E-5 3.89051E-5 3.64671E-5
1.05464E-5 1.25351E-5 1.51364E-5 1.78337E-5 2.01948E-5 2.22457E-5 2.42907E-5 2.50724E-5 2.48074E-5 2.61756E-5 2.61285E-5 2.45378E-5 2.32226E-5 2.22686E-5 2.34014E-5 2.45657E-5 2.4641E-5 2.78152E-5 3.12312E-5 3.50687E-5 3.41752E-5 3.15488E-5 2.91647E-5 3.16639E-5 3.1882E-5 3.42387E-5 3.8746E-5 4.03711E-5 4.8275E-5 5.09168E-5 4.62919E-5 4.63543E-5 3.99975E-5 4.41205E-5 4.05367E-5 4.41363E-5 3.71274E-5 3.58498E-5 3.84143E-5 4.45035E-5 4.61267E-5 4.1262E-5 4.44669E-5 4.73289E-5 4.29671E-5 4.56633E-5 4.34126E-5 3.75977E-5 3.71091E-5 3.63876E-5 4.15361E-5 3.82386E-5 4.07546E-5 4.00198E-5 3.62592E-5 3.80884E-5 3.86206E-5 3.76566E-5 3.60815E-5 3.7165E-5 3.9435E-5 3.92025E-5 4.33205E-5 3.77218E-5 3.69551E-5 3.541E-5
1.1304E-5 1.36244E-5 1.58409E-5 1.88193E-5 2.18352E-5 2.36469E-5 2.58879E-5 2.76568E-5 2.56741E-5 2.32843E-5 2.20091E-5 2.1231E-5 2.0676E-5 1.96389E-5 2.0803E-5 2.26763E-5 2.60863E-5 2.8466E-5 3.14536E-5 3.42653E-5 3.44833E-5 3.23964E-5 3.04826E-5 3.27003E-5 3.82238E-5 4.2389E-5 4.3702E-5 4.51638E-5 4.84407E-5 5.00637E-5 5.3991E-5 4.17754E-5 4.34114E-5 4.89333E-5 5.16588E-5 4.45463E-5 4.26314E-5 4.06268E-5 4.34059E-5 4.51585E-5 4.2574E-5 3.99775E-5 4.2789E-5 4.40195E-5 3.54065E-5 3.68705E-5 4.13418E-5 4.28277E-5 3.82071E-5 3.38133E-5 3.58927E-5 3.63137E-5 4.03921E-5 4.08647E-5 3.94214E-5 3.49015E-5 3.34327E-5 3.51201E-5 3.78275E-5 3.7062E-5 3.80464E-5 3.61844E-5 3.62933E-5 3.78657E-5 3.63713E-5 3.96014E-5
1.1439E-5 1.37703E-5 1.61501E-5 1.84711E-5 2.08181E-5 2.35653E-5 2.50246E-5 2.56052E-5 2.57698E-5 2.57634E-5 2.34796E-5 2.18059E-5 1.99496E-5 1.7982E-5 1.91873E-5 2.35137E-5 2.77615E-5 3.16858E-5 3.53715E-5 3.57045E-5 3.56504E-5 3.34824E-5 3.65295E-5 3.71101E-5 3.8987E-5 4.23938E-5 4.4695E-5 5.04156E-5 5.10748E-5 4.65389E-5 5.53511E-5 2.37178E-5 4.94018E-5 4.71527E-5 4.88167E-5 5.20595E-5 2.45226E-5 4.39217E-5 4.58263E-5 4.87546E-5 4.4639E-5 4.25293E-5 3.46099E-5 4.01816E-5 1.75418E-5 3.85624E-5 3.57366E-5 3.59331E-5 3.42632E-5 3.23902E-5 3.68517E-5 3.97186E-5 4.06976E-5 3.87368E-5 3.8403E-5 3.51696E-5 3.42511E-5 3.68219E-5 3.74105E-5 3.68066E-5 3.9324E-5 3.67251E-5 3.57119E-5 3.86806E-5 3.5937E-5 3.5603E-5
1.11908E-5 1.24849E-5 1.47992E-5 1.69699E-5 1.87488E-5 2.12877E-5 2.4484E-5 2.82656E-5 3.068E-5 2.91249E-5 2.59249E-5 2.34724E-5 2.07594E-5 1.89153E-5 1.87434E-5 2.28623E-5 2.71136E-5 3.11603E-5 3.34735E-5 3.3258E-5 3.23768E-5 3.72946E-5 4.36319E-5 4.09414E-5 3.86342E-5 4.13874E-5 4.84538E-5 4.94997E-5 5.34071E-5 4.55722E-5 3.11721E-5 4.85557E-5 5.41991E-5 5.00275E-5 5.19214E-5 4.42135E-5 4.47804E-5 4.13515E-5 4.34252E-5 4.63972E-5 4.33107E-5 1.65308E-5 4.05624E-5 3.97683E-5 4.37244E-5 3.72928E-5 3.29081E-5 3.57812E-5 3.65717E-5 3.37187E-5 3.54546E-5 3.63975E-5 3.80744E-5 3.81171E-5 3.65566E-5 3.69046E-5 3.75934E-5 3.7404E-5 3.69801E-5 3.63103E-5 3.76653E-5 3.38772E-5 3.34948E-5 3.35617E-5 3.25448E-5 2.99983E-5
1.24782E-5 1.19223E-5 1.34489E-5 1.55172E-5 1.79252E-5 2.10283E-5 2.39983E-5 2.72569E-5 2.96183E-5 2.88936E-5 2.55764E-5 2.29105E-5 2.04384E-5 1.99999E-5 1.93586E-5 2.11878E-5 2.44463E-5 2.7031E-5 2.81796E-5 2.87197E-5 3.27176E-5 3.62063E-5 3.87246E-5 3.99138E-5 4.46177E-5 4.71339E-5 4.65364E-5 5.19127E-5 4.38177E-5 4.42655E-5 4.89791E-5 5.33237E-5 5.95895E-5 5.81507E-5 5.20943E-5 5.09929E-5 2.95362E-5 2.21037E-5 3.97505E-5 1.6479E-5 3.703E-5 1.90512E-5 3.79945E-6 4.027E-5 3.98438E-5 3.54593E-5 3.35181E-5 3.77908E-5 4.06323E-5 3.62919E-5 3.43078E-5 3.66355E-5 3.85478E-5 4.20735E-5 3.75478E-5 3.72329E-5 4.01093E-5 3.52373E-5 3.41306E-5 3.45443E-5 3.44689E-5 3.20563E-5 3.55652E-5 3.55437E-5 3.15462E-5 2.82654E-5
1.46134E-5 1.35913E-5 1.29125E-5 1.53423E-5 1.75745E-5 2.01303E-5 2.24263E-5 2.42625E-5 2.53986E-5 2.48528E-5 2.33968E-5 2.37304E-5 2.39341E-5 2.32622E-5 2.18948E-5 2.01191E-5 2.14719E-5 2.3054E-5 2.54052E-5 2.99244E-5 3.60482E-5 4.08575E-5 3.84259E-5 4.13982E-5 5.03515E-5 5.33351E-5 5.04158E-5 4.38128E-5 4.17379E-5 4.3541E-5 4.72476E-5 5.5028E-5 5.92033E-5 5.72189E-5 5.17455E-5 5.59714E-5 5.83911E-5 4.89009E-5 2.33369E-5 3.6186E-5 3.34261E-5 1.8342E-5 1.96363E-5 3.86675E-5 3.45656E-5 3.19462E-5 3.1466E-5 3.40233E-5 3.59406E-5 3.91317E-5 3.47213E-5 3.46608E-5 3.60579E-5 3.60111E-5 3.42809E-5 3.54176E-5 3.71378E-5 3.84413E-5 3.42293E-5 3.51676E-5 3.47917E-5 3.10604E-5 3.37834E-5 3.3696E-5 3.29005E-5 3.19248E-5
1.69457E-5 1.51561E-5 1.34627E-5 1.43759E-5 1.65542E-5 1.86304E-5 2.03205E-5 2.18243E-5 2.35788E-5 2.5046E-5 2.62948E-5 2.80142E-5 2.75571E-5 2.58043E-5 2.38894E-5 2.15279E-5 1.97009E-5 2.1284E-5 2.38449E-5 2.84782E-5 3.46404E-5 3.93147E-5 3.46483E-5 4.00952E-5 4.64594E-5 5.04508E-5 5.08247E-5 4.82287E-5 4.97728E-5 4.60746E-5 4.67721E-5 5.46352E-5 5.82215E-5 5.55451E-5 5.29032E-5 5.90602E-5 5.95558E-5 5.62945E-5 4.67367E-5 6.47651E-6 3.08499E-5 1.96898E-5 2.14998E-5 4.53313E-5 3.92725E-5 3.50711E-5 3.0139E-5 3.05522E-5 3.27152E-5 3.4042E-5 3.48648E-5 3.42576E-5 3.8681E-5 3.49197E-5 3.39819E-5 3.40303E-5 3.84556E-5 3.7065E-5 3.24602E-5 3.33247E-5 3.30373E-5 3.4242E-5 3.26727E-5 3.21386E-5 3.62989E-5 3.48678E-5
1.93289E-5 1.65402E-5 1.44859E-5 1.36951E-5 1.52492E-5 1.7427E-5 1.98659E-5 2.3023E-5 2.62476E-5 2.86126E-5 3.09506E-5 3.15534E-5 2.99246E-5 2.79987E-5 2.51567E-5 2.30085E-5 2.12378E-5 2.04063E-5 2.33949E-5 2.69984E-5 3.1106E-5 3.4629E-5 3.76648E-5 4.39213E-5 4.79038E-5 4.85692E-5 5.10903E-5 5.22588E-5 4.94214E-5 4.4905E-5 3.98929E-5 4.50574E-5 4.91455E-5 4.97877E-5 5.18696E-5 5.60207E-5 5.40756E-5 5.12701E-5 3.4878E-5 9.99331E-6 1.89618E-5 3.08771E-5 4.5996E-5 1.77459E-5 3.96563E-5 3.65319E-5 3.10359E-5 3.07083E-5 3.11778E-5 3.55834E-5 3.96232E-5 3.45426E-5 3.32931E-5 3.69609E-5 3.64886E-5 3.31091E-5 3.657E-5 3.58685E-5 3.78232E-5 4.25211E-5 3.57191E-5 3.73874E-5 3.68174E-5 3.31992E-5 3.32731E-5 3.19092E-5
2.03527E-5 1.80481E-5 1.5713E-5 1.34617E-5 1.51398E-5 1.77639E-5 2.04855E-5 2.39057E-5 2.76046E-5 3.04672E-5 3.37457E-5 3.09194E-5 3.0186E-5 3.11489E-5 2.78704E-5 2.64646E-5 2.52843E-5 2.42935E-5 2.32015E-5 2.63645E-5 3.07562E-5 3.57534E-5 4.11794E-5 4.75054E-5 4.99672E-5 4.80926E-5 4.62655E-5 4.33752E-5 4.21665E-5 3.972E-5 4.07682E-5 4.16558E-5 4.29466E-5 4.32015E-5 4.67934E-5 4.94477E-5 3.74603E-5 3.19318E-5 2.94529E-5 1.07488E-5 1.48405E-5 2.28136E-5 2.87097E-5 4.37599E-5 3.98531E-5 3.37528E-5 3.36176E-5 3.49087E-5 3.42008E-5 3.37681E-5 3.45226E-5 3.24329E-5 3.09388E-5 3.3511E-5 3.36758E-5 3.6213E-5 3.67602E-5 3.80846E-5 3.34557E-5 3.63241E-5 3.46045E-5 3.32365E-5 3.4382E-5 3.56993E-5 3.57472E-5 3.42838E-5
2.16053E-5 1.90899E-5 1.63412E-5 1.40512E-5 1.52122E-5 1.79339E-5 2.08803E-5 2.3572E-5 2.65664E-5 2.95405E-5 3.14167E-5 3.06782E-5 3.4589E-5 3.31349E-5 3.2458E-5 3.19293E-5 3.01719E-5 2.75127E-5 2.45745E-5 2.77216E-5 3.21459E-5 3.69748E-5 4.58156E-5 4.75451E-5 4.24097E-5 4.78663E-5 4.6939E-5 4.02607E-5 3.92091E-5 4.21807E-5 4.64283E-5 4.71501E-5 4.42963E-5 4.68296E-5 5.08093E-5 4.31182E-5 4.1742E-5 3.382E-5 3.6953E-5 2.50986E-5 2.65333E-5 2.09823E-5 3.54489E-5 3.81636E-5 3.90506E-5 3.46158E-5 3.57684E-5 3.99296E-5 3.84014E-5 3.69026E-5 3.73138E-5 3.28522E-5 2.94691E-5 2.89473E-5 3.17716E-5 3.52299E-5 3.55397E-5 3.42604E-5 3.20475E-5 3.23795E-5 3.53461E-5 3.44728E-5 3.55712E-5 3.59436E-5 3.24614E-5 3.33905E-5
2.10967E-5 1.86488E-5 1.63534E-5 1.3893E-5 1.49143E-5 1.74938E-5 1.99688E-5 2.12778E-5 2.31573E-5 2.52926E-5 2.67258E-5 2.90983E-5 3.2743E-5 3.07461E-5 3.70854E-5 3.37001E-5 3.07865E-5 2.74963E-5 2.43331E-5 2.62826E-5 3.09599E-5 2.075E-5 9.43199E-6 4.5808E-5 3.98707E-5 4.44692E-5 4.46339E-5 4.3312E-5 4.16781E-5 4.22843E-5 4.8288E-5 4.66177E-5 4.43532E-5 5.1095E-5 5.9533E-5 5.53917E-5 4.20831E-5 6.59806E-6 3.96351E-5 2.68448E-5 3.96853E-5 3.89618E-5 3.57903E-5 3.99089E-5 3.88293E-5 3.69486E-5 3.77005E-5 3.45353E-5 3.4368E-5 3.71659E-5 3.88694E-5 3.58868E-5 3.36943E-5 2.98558E-5 3.13149E-5 3.09463E-5 3.24345E-5 3.71653E-5 3.43986E-5 3.19371E-5 3.44899E-5 3.41781E-5 3.41398E-5 3.36078E-5 3.24462E-5 3.17822E-5
2.03038E-5 1.77566E-5 1.5469E-5 1.36559E-5 1.42507E-5 1.60633E-5 1.78809E-5 1.9325E-5 2.1419E-5 2.29525E-5 2.461E-5 2.78528E-5 3.15903E-5 3.35963E-5 3.29805E-5 3.00436E-5 2.78825E-5 2.51253E-5 2.23714E-5 1.14529E-5 9.12576E-6 2.25031E-6 4.49321E-6 4.77434E-5 3.98229E-5 3.67925E-5 3.82954E-5 4.30269E-5 4.57172E-5 4.1982E-5 4.00052E-5 4.02206E-5 3.95031E-5 4.81708E-5 5.28884E-5 4.45417E-5 3.75123E-5 4.75431E-5 4.44941E-5 3.84741E-5 3.36985E-5 2.94498E-5 3.27601E-5 2.26837E-5 3.12782E-5 3.87463E-5 3.44547E-5 3.33361E-5 3.07301E-5 3.09408E-5 3.37901E-5 3.76172E-5 3.54073E-5 3.15917E-5 3.4219E-5 3.42369E-5 3.12699E-5 3.31103E-5 3.19784E-5 2.97036E-5 3.36429E-5 3.58008E-5 3.25932E-5 3.57231E-5 3.40844E-5 3.41019E-5
1.80475E-5 1.66524E-5 1.65918E-5 1.62856E-5 1.59673E-5 1.61208E-5 1.78772E-5 1.87712E-5 1.9507E-5 2.09155E-5 2.28082E-5 2.48867E-5 2.7997E-5 3.06858E-5 3.09747E-5 2.92559E-5 2.85935E-5 2.71959E-5 1.82265E-5 6.44181E-6 2.51516E-5 3.57209E-6 1.57902E-5 2.61839E-5 1.26689E-5 3.41238E-5 3.68658E-5 4.02053E-5 4.27011E-5 3.81593E-5 3.32085E-5 3.14263E-5 2.50368E-5 3.54374E-5 3.8821E-5 3.82784E-5 4.11549E-5 1.12584E-5 2.7623E-5 3.58381E-5 3.76768E-5 2.76826E-5 1.22276E-5 2.89437E-5 3.08284E-5 3.13989E-5 2.78232E-5 3.19521E-5 3.55297E-5 3.46052E-5 3.18206E-5 3.43274E-5 3.07833E-5 2.91301E-5 3.20223E-5 3.22138E-5 2.95783E-5 3.11492E-5 3.21328E-5 3.02414E-5 2.97603E-5 3.21391E-5 3.23679E-5 3.10527E-5 3.06946E-5 3.14205E-5
