catData/rasterBestHybridModels/Pbengalensis/RD_BM01_RM2_LQ/Pbengalensis_avg.asc
ncols         409
nrows         350
xllcorner     60.897278365
yllcorner     5.843756025
cellsize      0.0892857
NODATA_value  -9999
[rows 87 to 115 of 350, columns 66 to 131 of 409]
1.863E-4 1.64942E-4 1.07101E-4 5.44628E-5 7.09355E-5 1.28892E-4 5.52447E-5 1.43667E-5 8.62005E-6 7.46103E-6 7.22063E-6 7.08017E-6 6.68748E-6 6.32384E-6 6.08113E-6 5.67807E-6 5.91067E-6 7.93668E-6 1.16038E-5 1.49502E-5 2.50499E-5 3.98904E-5 4.09362E-5 3.61794E-5 4.58169E-5 5.55309E-5 6.20083E-5 5.55523E-5 4.17502E-5 3.22522E-5 2.69392E-5 2.25095E-5 1.92315E-5 1.84533E-5 1.55478E-5 1.25087E-5 9.85924E-6 1.03051E-5 1.26248E-5 1.53865E-5 1.8994E-5 1.84652E-5 1.76386E-5 2.33951E-5 2.43409E-5 2.44922E-5 2.59491E-5 2.45328E-5 2.31264E-5 2.47033E-5 2.51707E-5 2.41253E-5 2.27856E-5 2.39131E-5 2.29802E-5 2.03112E-5 1.79753E-5 1.87109E-5 1.33447E-5 1.23329E-5 1.28006E-5 1.34537E-5 1.33927E-5 1.25449E-5 1.42956E-5 1.63584E-5
2.80645E-4 3.23585E-4 2.77007E-4 1.44841E-4 9.05956E-5 1.07829E-4 2.76255E-5 1.04825E-5 7.84513E-6 7.11649E-6 7.72607E-6 8.58503E-6 7.77787E-6 7.08835E-6 6.61917E-6 5.97105E-6 5.55723E-6 7.14541E-6 1.38356E-5 2.07926E-5 2.02736E-5 2.60015E-5 3.66167E-5 4.37291E-5 5.25119E-5 6.28431E-5 6.5533E-5 6.18535E-5 5.64528E-5 3.7813E-5 2.59331E-5 2.57195E-5 2.15968E-5 1.5985E-5 1.29325E-5 1.04401E-5 9.68476E-6 1.11322E-5 1.45997E-5 1.98789E-5 2.11694E-5 2.07143E-5 1.94874E-5 2.00847E-5 2.10113E-5 2.24208E-5 2.23872E-5 2.2936E-5 2.50075E-5 2.70707E-5 2.78529E-5 2.5723E-5 2.24026E-5 2.30181E-5 2.34471E-5 2.45579E-5 2.1927E-5 1.88248E-5 1.44655E-5 1.2138E-5 1.11223E-5 1.24087E-5 1.27871E-5 1.31211E-5 1.53031E-5 1.74118E-5
3.9868E-4 3.35167E-4 2.65385E-4 1.67219E-4 1.04447E-4 5.87261E-5 1.70678E-5 8.38723E-6 7.15852E-6 7.33294E-6 8.56072E-6 9.49089E-6 8.71525E-6 7.6827E-6 7.09958E-6 6.36074E-6 5.74298E-6 6.30638E-6 7.06706E-6 7.74946E-6 9.79014E-6 1.18751E-5 1.65038E-5 2.40251E-5 3.9152E-5 5.8173E-5 6.91237E-5 6.08075E-5 4.96025E-5 3.86019E-5 2.83325E-5 2.60441E-5 2.65163E-5 1.60277E-5 1.07269E-5 9.1728E-6 1.04128E-5 1.2134E-5 1.60673E-5 2.29624E-5 2.38779E-5 2.24512E-5 2.11822E-5 1.99734E-5 1.94781E-5 1.94992E-5 2.02123E-5 2.26914E-5 2.17156E-5 2.31947E-5 2.64777E-5 2.47711E-5 2.14411E-5 2.27852E-5 2.48315E-5 2.61324E-5 2.10484E-5 1.61066E-5 1.37138E-5 1.23329E-5 1.11164E-5 1.05763E-5 1.10909E-5 1.14826E-5 1.35527E-5 1.59022E-5
4.37691E-4 2.70684E-4 1.31936E-4 7.29187E-5 7.50586E-5 3.58915E-5 1.47949E-5 6.17538E-6 6.20086E-6 7.16281E-6 8.58709E-6 9.7744E-6 8.77018E-6 7.60021E-6 6.88541E-6 6.21737E-6 5.65988E-6 5.30942E-6 5.82316E-6 7.15391E-6 1.26839E-5 1.955E-5 1.99191E-5 2.02239E-5 2.71071E-5 3.55687E-5 3.87188E-5 3.51087E-5 3.17116E-5 2.44036E-5 1.85057E-5 1.86384E-5 2.11686E-5 1.39341E-5 1.00884E-5 8.45144E-6 1.06544E-5 1.24634E-5 1.60788E-5 2.24716E-5 2.51704E-5 2.40476E-5 2.33848E-5 2.1966E-5 2.00626E-5 1.79107E-5 1.90791E-5 1.82992E-5 1.67749E-5 1.67543E-5 1.99928E-5 2.00408E-5 1.70638E-5 1.85354E-5 1.92712E-5 1.80988E-5 1.45982E-5 1.32586E-5 1.2337E-5 1.09688E-5 9.69979E-6 9.04146E-6 9.65164E-6 1.06059E-5 1.25262E-5 1.44195E-5
4.05955E-4 2.39622E-4 8.34964E-5 5.02528E-5 6.05973E-5 3.09668E-5 1.51935E-5 6.42008E-6 5.87844E-6 6.79683E-6 7.68385E-6 8.42901E-6 8.07283E-6 7.14456E-6 6.6581E-6 5.88872E-6 5.70208E-6 5.67644E-6 6.17932E-6 7.85222E-6 1.39984E-5 2.57429E-5 3.2192E-5 3.18692E-5 3.36969E-5 4.0047E-5 3.47803E-5 2.61579E-5 2.19299E-5 1.7047E-5 1.41932E-5 1.25006E-5 1.16654E-5 1.06454E-5 9.56279E-6 9.64167E-6 1.08398E-5 1.26644E-5 1.67631E-5 2.11405E-5 2.48721E-5 2.94874E-5 2.693E-5 2.46229E-5 2.1922E-5 1.90204E-5 1.73239E-5 1.85057E-5 1.39204E-5 1.29574E-5 1.36842E-5 1.34709E-5 1.22547E-5 1.26399E-5 1.30629E-5 1.2953E-5 1.23592E-5 1.21226E-5 1.12708E-5 1.01012E-5 8.99009E-6 8.07429E-6 8.54455E-6 9.63533E-6 1.15008E-5 1.3021E-5
3.33262E-4 2.71926E-4 1.12912E-4 6.16715E-5 4.5008E-5 2.44499E-5 1.31834E-5 6.98736E-6 6.39927E-6 5.95079E-6 6.54066E-6 6.95851E-6 7.07927E-6 6.45722E-6 5.98802E-6 6.1972E-6 6.37342E-6 6.25832E-6 6.43524E-6 8.08463E-6 1.01239E-5 1.20844E-5 1.49009E-5 1.67199E-5 1.43887E-5 1.58838E-5 1.81939E-5 1.64071E-5 1.4908E-5 1.37769E-5 1.22884E-5 1.1483E-5 1.06883E-5 1.0253E-5 1.084E-5 1.23521E-5 1.47411E-5 1.61891E-5 1.92319E-5 2.25805E-5 2.76168E-5 3.15706E-5 3.03414E-5 2.68342E-5 2.31141E-5 2.0236E-5 1.71423E-5 1.33439E-5 1.14056E-5 1.05023E-5 1.0657E-5 9.85507E-6 9.02014E-6 9.54777E-6 1.03802E-5 1.10713E-5 1.10409E-5 1.07678E-5 1.02038E-5 9.17256E-6 8.39556E-6 7.41406E-6 7.5162E-6 8.88589E-6 1.07053E-5 1.18847E-5
2.94035E-4 2.50686E-4 1.14478E-4 8.62662E-5 6.37609E-5 2.43611E-5 8.92108E-6 7.40855E-6 7.04509E-6 6.60108E-6 6.205E-6 5.9329E-6 5.95945E-6 6.14648E-6 6.69098E-6 7.16432E-6 7.54919E-6 7.17269E-6 7.1194E-6 7.79586E-6 8.95246E-6 9.91548E-6 9.50612E-6 8.26732E-6 8.39532E-6 9.06564E-6 9.89013E-6 9.7688E-6 1.0566E-5 1.19764E-5 1.36167E-5 1.22287E-5 1.09327E-5 1.04599E-5 1.25208E-5 1.59946E-5 1.96527E-5 2.1307E-5 1.99192E-5 2.27549E-5 2.66986E-5 2.9671E-5 2.97387E-5 2.89093E-5 2.4751E-5 2.03546E-5 1.69179E-5 9.86739E-6 9.38254E-6 8.92886E-6 8.65059E-6 7.83626E-6 7.37479E-6 8.11288E-6 8.67959E-6 9.14257E-6 9.2851E-6 8.9897E-6 8.64774E-6 8.07577E-6 7.36105E-6 6.70078E-6 6.90608E-6 8.0656E-6 9.0636E-6 9.90424E-6
2.4984E-4 1.91127E-4 1.02031E-4 8.62669E-5 5.28494E-5 1.73158E-5 8.44647E-6 8.17374E-6 7.91045E-6 7.17151E-6 6.6341E-6 5.95862E-6 5.92513E-6 6.71552E-6 7.5117E-6 8.41239E-6 9.25466E-6 9.41738E-6 9.93897E-6 9.91278E-6 9.0394E-6 9.34662E-6 8.63339E-6 7.22652E-6 6.74751E-6 6.79024E-6 7.35758E-6 7.40859E-6 8.77765E-6 1.13483E-5 1.32987E-5 1.31446E-5 1.16995E-5 1.2072E-5 1.47834E-5 2.00483E-5 2.71717E-5 2.45262E-5 2.11308E-5 2.46212E-5 2.67939E-5 2.77309E-5 2.95625E-5 3.03721E-5 2.22447E-5 1.70272E-5 1.50574E-5 1.20689E-5 8.82998E-6 7.20207E-6 6.8788E-6 6.55524E-6 6.34033E-6 6.85155E-6 7.32435E-6 7.5003E-6 7.65166E-6 7.54846E-6 7.26733E-6 6.90378E-6 6.4741E-6 6.03536E-6 6.08853E-6 7.01489E-6 7.62288E-6 8.09581E-6
1.21602E-4 1.09586E-4 8.05528E-5 6.54562E-5 4.12464E-5 1.353E-5 8.263E-6 8.444E-6 8.12018E-6 7.27306E-6 6.57888E-6 6.06975E-6 6.43667E-6 7.39296E-6 8.88559E-6 1.08598E-5 1.26606E-5 1.28677E-5 1.40856E-5 1.49634E-5 9.96384E-6 9.49342E-6 8.45347E-6 6.92019E-6 7.14944E-6 7.26189E-6 7.48612E-6 7.33853E-6 8.25785E-6 1.01309E-5 1.18462E-5 1.23926E-5 1.22747E-5 1.35515E-5 1.92926E-5 2.34933E-5 2.61577E-5 2.37483E-5 2.30674E-5 2.63369E-5 2.91191E-5 3.04074E-5 2.54537E-5 2.39784E-5 1.72092E-5 1.37752E-5 1.2092E-5 9.58908E-6 7.90083E-6 6.5611E-6 5.63548E-6 5.61405E-6 5.53897E-6 5.83312E-6 6.14499E-6 6.35324E-6 6.41548E-6 6.40028E-6 6.14444E-6 5.86368E-6 5.64264E-6 5.44337E-6 5.23339E-6 5.80902E-6 6.34585E-6 6.73018E-6
5.94471E-5 7.12527E-5 7.1147E-5 4.87759E-5 3.467E-5 1.35725E-5 8.16295E-6 7.5391E-6 7.12919E-6 6.82934E-6 6.50025E-6 6.21926E-6 7.46663E-6 9.50519E-6 1.17534E-5 1.39936E-5 1.41839E-5 1.20269E-5 1.09364E-5 1.63936E-5 1.57473E-5 1.33719E-5 1.16748E-5 1.07075E-5 1.13369E-5 1.16937E-5 1.21395E-5 1.11294E-5 1.10866E-5 1.31962E-5 1.82573E-5 1.78029E-5 1.80633E-5 2.06372E-5 1.97437E-5 2.19877E-5 2.35008E-5 2.30636E-5 2.11214E-5 2.07426E-5 2.36551E-5 2.26351E-5 1.87944E-5 1.46461E-5 1.13869E-5 9.83681E-6 8.80642E-6 7.86912E-6 6.99239E-6 6.18521E-6 5.48333E-6 4.81914E-6 4.72587E-6 5.01498E-6 5.16799E-6 5.36287E-6 5.34773E-6 5.34289E-6 5.21301E-6 5.2087E-6 4.9631E-6 4.65128E-6 4.34398E-6 4.71357E-6 5.21862E-6 5.62279E-6
5.44865E-5 6.55392E-5 6.23363E-5 4.76927E-5 2.0076E-5 1.3309E-5 9.08021E-6 6.33661E-6 6.36181E-6 6.23081E-6 6.181E-6 7.05175E-6 9.04303E-6 1.1153E-5 1.19134E-5 1.28375E-5 1.36565E-5 1.35625E-5 1.21131E-5 1.2092E-5 1.25174E-5 1.41548E-5 1.55452E-5 1.63796E-5 1.79795E-5 1.85777E-5 1.85141E-5 1.80562E-5 1.704E-5 1.84523E-5 1.9833E-5 2.08249E-5 2.37071E-5 2.1766E-5 1.99937E-5 2.37587E-5 2.29626E-5 2.04474E-5 2.01194E-5 1.78443E-5 1.85898E-5 1.56969E-5 1.22802E-5 9.72151E-6 8.53213E-6 7.95444E-6 7.43554E-6 6.99147E-6 6.42845E-6 5.80353E-6 5.03185E-6 4.49626E-6 3.99194E-6 4.24836E-6 4.39578E-6 4.38926E-6 4.50229E-6 4.6278E-6 4.61597E-6 4.4428E-6 4.30676E-6 3.897E-6 3.75694E-6 4.48624E-6 5.4232E-6 6.12469E-6
8.30577E-5 6.1578E-5 5.20944E-5 4.35879E-5 2.36284E-5 2.21488E-5 7.32513E-6 5.39277E-6 5.5455E-6 5.61105E-6 6.31393E-6 7.69764E-6 9.37353E-6 1.12309E-5 1.13636E-5 1.10735E-5 1.20986E-5 1.27398E-5 2.71368E-5 1.33871E-5 1.07212E-5 1.38366E-5 1.60805E-5 1.78664E-5 1.94954E-5 1.81523E-5 1.85552E-5 1.9448E-5 1.84379E-5 1.68561E-5 1.86139E-5 2.01279E-5 1.99267E-5 2.19993E-5 2.00813E-5 2.20498E-5 1.98666E-5 3.86404E-5 1.97821E-5 1.81332E-5 1.32116E-5 1.02947E-5 8.51733E-6 7.68269E-6 7.18774E-6 7.04841E-6 6.87498E-6 6.59133E-6 6.0408E-6 5.41861E-6 4.76176E-6 4.16155E-6 3.75065E-6 3.58876E-6 3.80704E-6 3.72787E-6 3.73898E-6 3.73397E-6 3.78516E-6 3.71387E-6 3.64583E-6 3.49985E-6 4.2095E-6 4.95365E-6 5.94354E-6 6.82034E-6
7.64325E-5 4.54295E-5 4.19978E-5 3.33917E-5 2.10538E-5 2.77655E-5 7.99126E-6 4.85222E-6 4.99582E-6 5.81892E-6 6.59486E-6 7.91363E-6 1.02758E-5 1.23043E-5 1.3227E-5 1.30119E-5 1.06599E-5 1.26814E-5 1.36458E-5 1.43641E-5 1.26462E-5 1.4174E-5 1.48083E-5 1.54166E-5 1.77969E-5 1.97772E-5 2.16436E-5 1.99878E-5 1.51589E-5 1.75944E-5 1.5636E-5 1.67952E-5 2.30433E-5 2.55564E-5 1.86126E-5 1.48433E-5 1.57082E-5 1.70714E-5 1.7213E-5 1.47199E-5 1.038E-5 7.71714E-6 7.03923E-6 6.87222E-6 6.67003E-6 6.43771E-6 6.18574E-6 5.82874E-6 5.40633E-6 5.00343E-6 4.41166E-6 3.88923E-6 3.5714E-6 3.15211E-6 3.19172E-6 3.20367E-6 3.15028E-6 3.14922E-6 3.16424E-6 3.10567E-6 3.13373E-6 3.79612E-6 4.51407E-6 5.41466E-6 6.36692E-6 7.64335E-6
3.81201E-5 5.46655E-5 5.15342E-5 2.56257E-5 2.55982E-5 1.86781E-5 8.8803E-6 5.60673E-6 5.41096E-6 6.5136E-6 7.57127E-6 9.95589E-6 1.18889E-5 1.3651E-5 1.37952E-5 1.28772E-5 1.24335E-5 1.31122E-5 1.39339E-5 1.37786E-5 1.40306E-5 1.45715E-5 1.50378E-5 1.50725E-5 1.87761E-5 2.33287E-5 2.33727E-5 1.93258E-5 1.92951E-5 1.82083E-5 2.00807E-5 2.16606E-5 2.27548E-5 2.33188E-5 1.67443E-5 1.27177E-5 1.27577E-5 1.2975E-5 1.3244E-5 1.1362E-5 8.33228E-6 6.91446E-6 6.25718E-6 6.2946E-6 6.04455E-6 5.71942E-6 5.5797E-6 5.20147E-6 4.94791E-6 4.58885E-6 4.10635E-6 3.67772E-6 3.38485E-6 3.03451E-6 2.69771E-6 2.75342E-6 2.78639E-6 2.82533E-6 2.82694E-6 2.97168E-6 3.29001E-6 3.97045E-6 4.93006E-6 5.7251E-6 6.99399E-6 8.6068E-6
5.4873E-5 5.28671E-5 3.80668E-5 2.06212E-5 2.70178E-5 1.81454E-5 1.67313E-5 8.20147E-6 5.80068E-6 7.52925E-6 9.20982E-6 1.09952E-5 1.27942E-5 1.28208E-5 1.20803E-5 1.15738E-5 1.19288E-5 1.34309E-5 1.2833E-5 1.25004E-5 1.35682E-5 1.48681E-5 1.73558E-5 1.84965E-5 1.92701E-5 2.09013E-5 1.94724E-5 2.28829E-5 2.37053E-5 2.16447E-5 2.26786E-5 2.13312E-5 2.09234E-5 1.98432E-5 1.50602E-5 1.08586E-5 8.72923E-6 8.88585E-6 1.00107E-5 8.60159E-6 7.05494E-6 6.42958E-6 6.15394E-6 5.67784E-6 5.45292E-6 5.0421E-6 4.78651E-6 4.66487E-6 4.38278E-6 4.03989E-6 3.83672E-6 3.49621E-6 3.15574E-6 2.79359E-6 2.34859E-6 2.46934E-6 2.80566E-6 3.17699E-6 3.46642E-6 3.73603E-6 4.07365E-6 4.11542E-6 5.09722E-6 6.06661E-6 7.43453E-6 8.61089E-6
8.49808E-5 5.14008E-5 4.43978E-5 3.73681E-5 2.81135E-5 1.98575E-5 2.21436E-5 1.48897E-5 6.89284E-6 9.176E-6 1.00793E-5 1.13395E-5 1.22917E-5 1.21003E-5 1.21591E-5 1.3272E-5 1.53955E-5 1.38518E-5 1.00497E-5 1.47815E-5 1.60936E-5 1.7138E-5 1.92845E-5 1.8509E-5 1.82362E-5 1.91825E-5 1.74526E-5 2.13036E-5 2.33192E-5 2.00129E-5 1.98965E-5 2.04663E-5 1.79755E-5 1.43465E-5 1.13078E-5 8.81364E-6 7.63581E-6 7.51556E-6 7.28791E-6 6.85233E-6 6.54595E-6 6.13936E-6 5.77309E-6 5.28507E-6 4.81516E-6 4.51124E-6 4.2298E-6 4.0791E-6 3.8594E-6 3.58023E-6 3.47406E-6 3.2241E-6 2.94134E-6 2.55366E-6 2.6973E-6 3.01213E-6 3.43354E-6 3.91588E-6 4.19617E-6 4.47134E-6 4.84802E-6 5.1041E-6 5.36462E-6 6.03847E-6 7.19606E-6 8.44102E-6
8.29519E-5 6.14592E-5 6.05597E-5 5.22558E-5 2.67542E-5 2.31787E-5 2.46433E-5 2.41304E-5 7.6612E-6 8.82224E-6 9.31367E-6 1.11696E-5 1.42349E-5 1.49627E-5 1.5549E-5 1.49815E-5 1.65733E-5 1.68551E-5 1.5317E-5 1.69092E-5 1.67215E-5 1.91955E-5 1.84886E-5 1.9681E-5 2.05252E-5 3.96955E-5 1.96427E-5 1.79222E-5 1.87287E-5 2.02125E-5 1.87643E-5 1.67398E-5 1.24851E-5 9.57558E-6 7.98707E-6 7.39754E-6 6.52014E-6 5.96228E-6 6.11615E-6 6.03214E-6 5.79807E-6 5.61334E-6 5.31556E-6 4.9362E-6 4.5089E-6 4.09159E-6 3.8014E-6 3.56535E-6 3.41838E-6 3.22388E-6 3.14722E-6 2.85421E-6 2.86528E-6 3.10442E-6 3.19481E-6 3.62208E-6 4.15168E-6 4.65445E-6 5.11277E-6 5.49144E-6 5.79513E-6 6.38017E-6 6.52471E-6 6.52388E-6 7.30156E-6 8.75426E-6
6.6692E-5 5.84927E-5 4.27461E-5 3.59328E-5 2.6109E-5 2.57901E-5 2.35088E-5 1.29131E-5 6.70929E-6 7.76298E-6 9.25266E-6 1.12739E-5 1.36972E-5 1.44168E-5 1.62162E-5 1.40633E-5 1.58624E-5 1.70136E-5 1.89646E-5 1.64275E-5 1.61263E-5 2.0285E-5 1.86651E-5 2.05029E-5 1.94801E-5 1.70532E-5 1.69861E-5 1.52987E-5 1.5744E-5 1.58813E-5 1.53018E-5 1.29438E-5 9.2019E-6 7.01742E-6 6.55697E-6 6.43801E-6 6.0124E-6 5.81233E-6 5.60388E-6 5.43109E-6 5.23474E-6 5.2119E-6 4.89426E-6 4.58056E-6 4.12944E-6 3.74973E-6 3.68237E-6 3.76129E-6 3.80305E-6 3.77123E-6 3.67586E-6 3.26803E-6 3.19778E-6 3.43971E-6 3.68722E-6 4.10329E-6 4.81177E-6 5.55964E-6 6.15081E-6 6.71458E-6 7.16063E-6 7.48867E-6 7.87734E-6 8.3569E-6 8.42495E-6 9.32505E-6
6.03854E-5 6.1435E-5 4.96338E-5 3.72873E-5 3.91199E-5 2.92506E-5 1.44417E-5 6.82714E-6 5.81485E-6 6.87363E-6 9.44052E-6 1.10545E-5 1.35777E-5 1.41872E-5 1.45387E-5 1.43969E-5 1.65888E-5 2.05827E-5 1.8519E-5 1.65661E-5 1.69471E-5 2.22435E-5 2.07524E-5 3.83832E-5 1.75992E-5 1.40918E-5 1.25634E-5 1.16194E-5 1.03443E-5 1.09026E-5 1.05137E-5 9.32022E-6 7.37504E-6 6.22585E-6 5.71953E-6 5.55707E-6 5.50176E-6 5.37997E-6 5.05306E-6 4.80608E-6 4.59931E-6 4.49522E-6 4.31125E-6 4.16385E-6 4.33021E-6 4.49792E-6 4.57552E-6 4.6279E-6 4.64027E-6 4.60328E-6 4.32375E-6 3.76553E-6 3.79447E-6 4.0253E-6 4.34685E-6 4.68292E-6 5.61525E-6 6.69466E-6 7.62309E-6 8.32941E-6 8.88343E-6 9.58858E-6 9.96036E-6 1.03479E-5 1.05353E-5 1.03065E-5
6.46549E-5 6.49902E-5 5.64878E-5 5.00978E-5 5.60639E-5 2.64481E-5 9.08861E-6 7.1715E-6 6.48214E-6 7.86066E-6 1.10806E-5 1.19899E-5 1.398E-5 1.6627E-5 1.55018E-5 1.66539E-5 1.94618E-5 1.59705E-5 1.68923E-5 2.18653E-5 2.61897E-5 2.30924E-5 2.23001E-5 1.72306E-5 1.61902E-5 1.29195E-5 7.72996E-6 8.20089E-6 8.13177E-6 8.18006E-6 7.77606E-6 6.99567E-6 6.26767E-6 5.7374E-6 5.21644E-6 4.85096E-6 4.88873E-6 4.89349E-6 4.52273E-6 4.13888E-6 3.9726E-6 4.14258E-6 4.60201E-6 5.00969E-6 5.28311E-6 5.45886E-6 5.69486E-6 5.88967E-6 5.67516E-6 5.38125E-6 4.96642E-6 4.45099E-6 4.67851E-6 4.9154E-6 5.22056E-6 6.01805E-6 6.79559E-6 8.28707E-6 9.12106E-6 1.00261E-5 1.11158E-5 1.15783E-5 1.19885E-5 1.27248E-5 1.24165E-5 1.18914E-5
5.10431E-5 5.06114E-5 4.74896E-5 4.53067E-5 5.51903E-5 2.12672E-5 8.25533E-6 7.45726E-6 7.43942E-6 1.18298E-5 1.25983E-5 1.29318E-5 1.28407E-5 1.46513E-5 1.61769E-5 1.67604E-5 1.85365E-5 1.59375E-5 1.71568E-5 2.09802E-5 2.17113E-5 2.14005E-5 2.05673E-5 1.66184E-5 1.4701E-5 1.17701E-5 8.09174E-6 6.36599E-6 6.28409E-6 6.4207E-6 6.19795E-6 5.80989E-6 5.45385E-6 5.27154E-6 4.90554E-6 4.51919E-6 4.34797E-6 4.26309E-6 4.11399E-6 3.81325E-6 4.41537E-6 5.20873E-6 6.31182E-6 6.76333E-6 7.05239E-6 6.3459E-6 6.56081E-6 7.35263E-6 7.00671E-6 6.68509E-6 6.06285E-6 5.51707E-6 5.71041E-6 6.2835E-6 6.67281E-6 7.82278E-6 8.78402E-6 1.01106E-5 1.11447E-5 1.22014E-5 1.33137E-5 1.42275E-5 1.45617E-5 1.49252E-5 1.42873E-5 1.33335E-5
3.39754E-5 3.27105E-5 3.14712E-5 3.40322E-5 3.90207E-5 1.43217E-5 7.26223E-6 6.74821E-6 7.40002E-6 1.18975E-5 1.32497E-5 1.31191E-5 1.46398E-5 1.51783E-5 1.7218E-5 1.59857E-5 1.39E-5 1.74502E-5 2.12364E-5 2.29084E-5 1.99341E-5 1.88487E-5 1.77314E-5 1.50147E-5 1.26191E-5 9.96558E-6 6.85832E-6 5.56609E-6 5.29526E-6 5.42074E-6 5.36282E-6 5.26042E-6 5.0738E-6 4.87083E-6 4.62915E-6 4.28639E-6 4.03087E-6 3.78499E-6 3.8456E-6 4.67609E-6 5.75239E-6 7.16959E-6 8.62109E-6 9.45969E-6 9.75246E-6 9.79354E-6 7.03922E-6 8.65853E-6 8.79035E-6 8.33137E-6 7.22547E-6 6.68196E-6 6.90443E-6 7.67002E-6 8.96989E-6 1.0794E-5 1.13942E-5 1.21148E-5 1.34584E-5 1.53638E-5 1.66741E-5 1.74381E-5 1.80407E-5 1.84542E-5 1.62917E-5 1.51914E-5
2.94808E-5 2.30354E-5 1.91687E-5 2.85774E-5 2.44331E-5 1.06116E-5 6.24708E-6 5.90106E-6 6.41162E-6 8.75892E-6 1.18577E-5 1.35372E-5 1.53561E-5 1.66967E-5 1.64107E-5 1.42035E-5 1.39183E-5 1.97867E-5 2.16279E-5 2.21884E-5 2.08511E-5 1.68379E-5 1.42537E-5 1.45609E-5 1.16271E-5 1.03092E-5 6.54905E-6 5.11866E-6 4.57302E-6 4.6198E-6 4.70463E-6 4.67843E-6 4.63977E-6 4.46623E-6 4.26787E-6 3.94892E-6 3.62783E-6 3.71041E-6 4.61323E-6 5.97426E-6 7.76533E-6 9.72149E-6 1.23206E-5 1.30043E-5 1.31483E-5 1.32626E-5 1.30139E-5 1.16994E-5 1.04043E-5 9.6659E-6 8.46319E-6 7.61896E-6 8.04994E-6 9.75797E-6 1.19251E-5 1.41731E-5 1.5346E-5 1.5603E-5 1.66427E-5 1.95976E-5 2.1283E-5 2.20093E-5 2.22542E-5 2.20866E-5 1.99975E-5 1.8462E-5
3.40771E-5 2.29207E-5 1.802E-5 3.60214E-5 2.83023E-5 9.53925E-6 6.7192E-6 6.1449E-6 6.80141E-6 8.71882E-6 1.2434E-5 1.57648E-5 1.72407E-5 1.69779E-5 1.3839E-5 1.32482E-5 1.59874E-5 2.02865E-5 2.17217E-5 2.07909E-5 2.12126E-5 1.50768E-5 1.21919E-5 1.14365E-5 1.00231E-5 9.78852E-6 6.38784E-6 5.09513E-6 4.45425E-6 4.0392E-6 4.03251E-6 4.10113E-6 4.10615E-6 3.97266E-6 3.80244E-6 3.55545E-6 3.38537E-6 4.09735E-6 5.49475E-6 7.33748E-6 9.45357E-6 1.23812E-5 1.44472E-5 1.59549E-5 1.66631E-5 1.68358E-5 1.55452E-5 1.42707E-5 1.24967E-5 1.13671E-5 1.04155E-5 9.53122E-6 1.03213E-5 1.19902E-5 1.49345E-5 1.75863E-5 1.88238E-5 1.97853E-5 1.93717E-5 2.16536E-5 2.48834E-5 2.66544E-5 2.68115E-5 2.53986E-5 2.37012E-5 2.11632E-5
2.96197E-5 2.47942E-5 1.87835E-5 3.0881E-5 3.33383E-5 9.75719E-6 6.56337E-6 6.41439E-6 7.4702E-6 9.66078E-6 1.37962E-5 1.631E-5 1.73232E-5 1.5945E-5 1.42588E-5 1.73837E-5 1.91161E-5 1.97886E-5 1.88457E-5 1.86484E-5 2.10418E-5 1.24291E-5 9.82928E-6 9.09794E-6 9.68658E-6 8.48223E-6 5.84751E-6 4.90166E-6 4.36006E-6 3.8038E-6 3.5363E-6 3.57314E-6 3.54093E-6 3.40787E-6 3.26604E-6 3.10662E-6 3.77955E-6 4.56398E-6 6.02528E-6 8.19189E-6 1.0607E-5 1.36873E-5 1.58873E-5 1.74777E-5 1.84678E-5 1.89077E-5 1.81695E-5 1.70928E-5 1.56521E-5 1.3811E-5 1.30132E-5 1.15709E-5 1.27471E-5 1.47032E-5 1.73102E-5 2.0248E-5 2.2699E-5 2.29558E-5 2.19191E-5 2.29405E-5 2.69948E-5 3.0776E-5 3.35107E-5 2.93451E-5 2.60767E-5 2.25315E-5
1.89372E-5 1.9229E-5 1.65254E-5 2.6696E-5 2.86536E-5 9.84521E-6 6.57028E-6 6.22298E-6 7.57191E-6 9.94412E-6 1.49678E-5 1.8535E-5 1.69899E-5 1.42487E-5 1.72107E-5 2.16722E-5 2.20675E-5 1.85669E-5 1.5177E-5 1.66969E-5 1.50002E-5 8.92613E-6 7.98126E-6 8.81394E-6 1.04372E-5 7.3625E-6 5.57577E-6 4.65506E-6 4.14126E-6 3.67303E-6 3.22868E-6 2.97399E-6 2.9416E-6 2.89706E-6 2.81833E-6 3.19891E-6 4.01956E-6 4.94799E-6 6.37384E-6 8.54175E-6 1.07758E-5 1.33616E-5 1.6772E-5 1.94104E-5 2.07108E-5 2.17437E-5 2.33793E-5 2.17825E-5 1.86184E-5 1.67677E-5 1.45967E-5 1.3246E-5 1.49212E-5 1.69689E-5 1.92144E-5 2.27319E-5 2.64578E-5 2.6627E-5 2.55052E-5 2.40688E-5 2.65292E-5 3.05747E-5 3.22751E-5 3.01971E-5 2.71518E-5 2.40757E-5
1.61612E-5 2.16178E-5 2.11731E-5 2.19795E-5 1.93082E-5 1.051E-5 6.88991E-6 7.05849E-6 8.44033E-6 1.03981E-5 1.28086E-5 1.61576E-5 1.6974E-5 1.64622E-5 2.18496E-5 2.22237E-5 2.08986E-5 1.99766E-5 2.04268E-5 1.88193E-5 1.13774E-5 7.73858E-6 7.21253E-6 9.11474E-6 1.0487E-5 6.3346E-6 5.21167E-6 4.45008E-6 3.99414E-6 3.5023E-6 3.13658E-6 2.66567E-6 2.54501E-6 2.55312E-6 2.72266E-6 3.22451E-6 4.14113E-6 5.22752E-6 6.64651E-6 8.81059E-6 1.1318E-5 1.3686E-5 1.75151E-5 2.05643E-5 2.37497E-5 2.92373E-5 3.01084E-5 2.54773E-5 2.22141E-5 2.03374E-5 1.69505E-5 1.50672E-5 1.67242E-5 1.98955E-5 2.2589E-5 2.50574E-5 2.95621E-5 3.23448E-5 3.08284E-5 2.78665E-5 2.47864E-5 2.71091E-5 2.89067E-5 2.78438E-5 2.62084E-5 2.34244E-5
1.91515E-5 2.18831E-5 2.42007E-5 3.00865E-5 1.73105E-5 9.5481E-6 7.79455E-6 8.07905E-6 8.86594E-6 1.04664E-5 1.25713E-5 1.4549E-5 1.48905E-5 1.70656E-5 2.10937E-5 2.25E-5 2.12399E-5 2.09164E-5 1.88023E-5 1.41444E-5 9.64621E-6 7.91437E-6 7.43672E-6 9.61652E-6 7.48625E-6 5.82134E-6 4.79326E-6 4.24437E-6 3.89246E-6 3.39482E-6 3.05302E-6 2.66035E-6 2.41235E-6 2.38502E-6 2.87093E-6 3.39324E-6 4.18843E-6 5.44045E-6 6.92289E-6 9.00076E-6 1.17419E-5 1.42629E-5 1.76797E-5 2.12349E-5 2.56746E-5 3.09999E-5 3.12986E-5 2.66116E-5 2.5039E-5 2.28862E-5 1.97584E-5 1.73978E-5 1.83717E-5 2.22164E-5 2.38785E-5 2.7847E-5 3.0841E-5 3.17381E-5 2.93377E-5 2.80179E-5 2.51519E-5 2.40104E-5 2.49226E-5 2.46192E-5 2.34032E-5 2.21371E-5
2.07249E-5 2.05617E-5 1.76582E-5 3.03642E-5 2.07594E-5 9.63472E-6 8.2296E-6 8.70441E-6 9.40501E-6 9.76925E-6 1.12072E-5 1.32089E-5 1.40151E-5 1.77813E-5 2.1539E-5 2.25911E-5 2.28847E-5 1.75388E-5 1.21549E-5 1.02242E-5 8.64529E-6 7.95894E-6 7.75243E-6 1.02996E-5 6.13658E-6 6.07603E-6 5.0255E-6 4.40577E-6 3.78904E-6 3.30031E-6 3.25434E-6 3.18109E-6 3.08107E-6 2.88434E-6 3.02955E-6 3.54154E-6 4.25383E-6 5.65915E-6 7.20224E-6 9.24193E-6 1.18626E-5 1.45532E-5 1.79007E-5 2.32734E-5 2.83356E-5 3.1155E-5 3.04378E-5 2.73781E-5 2.54506E-5 2.32812E-5 2.10401E-5 1.84329E-5 1.97094E-5 2.35689E-5 2.50113E-5 2.76507E-5 2.89841E-5 2.80074E-5 2.80759E-5 2.73379E-5 2.45768E-5 2.17491E-5 2.18882E-5 2.07572E-5 2.02132E-5 1.924E-5
