catData/rasterBestHybridModels/Pbengalensis/RD_BM01_RM2_LQ/Pbengalensis_median.asc
ncols         409
nrows         350
xllcorner     60.897278365
yllcorner     5.843756025
cellsize      0.0892857
NODATA_value  -9999
[rows 203 to 231 of 350, columns 132 to 197 of 409]
-9999 -9999 -9999 1.3619E-5 1.65031E-5 1.07416E-5 2.92003E-5 3.90793E-5 9.92137E-5 9.60676E-5 1.03055E-5 1.80314E-5 6.93997E-6 8.93236E-6 1.24426E-5 2.8289E-5 1.91991E-5 2.72923E-5 2.8231E-5 1.81041E-5 1.82187E-5 6.23619E-5 1.44959E-5 7.90061E-6 3.52317E-6 1.2755E-5 9.64443E-6 2.24715E-5 6.24573E-5 2.78831E-5 2.89968E-5 1.77054E-5 1.09858E-5 5.46342E-6 8.38026E-6 5.64281E-6 7.68553E-7 8.71182E-7 5.34708E-6 1.24188E-6 2.69731E-6 4.22386E-6 1.58524E-5 1.1392E-7 9.93341E-7 1.31305E-6 1.45705E-6 3.23367E-6 3.20466E-6 7.27159E-7 2.71204E-6 4.91762E-6 8.86866E-7 9.09962E-7 1.98027E-6 9.86024E-6 1.8111E-6 5.4464E-8 2.86042E-7 8.52264E-6 2.36476E-5 4.37565E-7 4.24286E-5 2.73285E-5 1.72974E-5 1.37317E-5
-9999 -9999 1.25697E-4 1.52195E-5 8.03357E-6 3.51611E-5 4.20787E-5 3.38477E-5 1.38534E-4 1.55937E-5 1.55282E-5 1.89379E-6 7.11121E-6 1.16217E-5 3.08371E-5 1.62223E-5 6.99823E-6 3.69262E-5 2.91236E-5 3.07558E-5 3.36039E-5 7.36335E-5 4.0049E-5 2.95959E-5 2.48218E-5 1.01779E-5 9.20658E-6 2.03704E-5 6.12886E-5 4.93686E-5 6.08976E-5 2.25776E-5 9.64923E-6 8.74961E-6 8.80967E-6 1.43099E-5 1.55779E-6 1.4343E-7 1.0217E-6 6.60677E-7 2.25367E-6 3.23463E-6 7.81358E-6 1.14038E-5 8.70529E-7 2.62632E-7 5.90017E-6 4.25031E-6 1.60043E-6 3.39138E-7 4.09669E-6 1.9257E-5 1.21073E-5 7.17922E-7 4.57303E-6 1.91383E-6 2.42934E-7 3.54403E-8 4.02652E-6 2.27524E-6 3.2004E-5 3.8684E-6 4.89825E-6 1.29092E-6 1.04047E-5 3.43565E-6
-9999 -9999 3.46582E-5 1.76946E-7 7.29592E-6 1.15811E-5 1.66595E-5 3.38072E-5 2.89435E-5 2.73737E-5 3.01803E-5 4.8095E-5 1.91304E-5 8.89274E-6 1.89375E-5 2.65051E-5 1.3744E-5 5.78271E-6 1.0025E-5 3.79202E-5 6.14706E-5 5.6724E-5 4.93017E-5 3.7709E-5 4.07676E-5 3.31672E-5 1.61388E-6 2.59144E-6 5.44788E-5 4.33047E-5 1.52635E-5 1.07414E-5 1.79594E-5 1.41572E-5 3.13357E-6 1.97197E-5 4.82699E-5 1.011E-5 1.28849E-6 1.49922E-6 2.41535E-6 9.47267E-7 3.01684E-6 2.81141E-6 1.30486E-7 1.4685E-6 1.03865E-6 1.69038E-5 7.47782E-6 5.37448E-6 1.59626E-5 2.14398E-5 3.20996E-6 5.92222E-6 8.27657E-6 6.81308E-7 7.99894E-8 1.05388E-7 1.65394E-6 2.27419E-5 3.51512E-5 3.92152E-6 1.28411E-6 1.81496E-6 4.76722E-6 1.46419E-5
-9999 -9999 5.6172E-5 1.82361E-5 7.59282E-6 1.43545E-5 1.19147E-5 7.26977E-5 1.81908E-4 9.88407E-6 7.62322E-5 1.64032E-5 1.94769E-4 4.1753E-5 5.40354E-5 1.4275E-5 7.53227E-6 1.54274E-5 7.066E-6 1.13337E-5 3.24062E-5 4.75448E-5 4.60275E-5 9.82531E-6 2.52969E-5 4.11163E-5 7.18211E-5 6.11066E-6 2.12817E-5 3.36307E-5 2.4734E-5 5.25956E-6 4.46188E-6 4.61881E-6 1.86877E-6 2.64121E-6 1.78236E-6 1.53829E-6 5.48804E-7 2.62234E-7 2.72502E-7 2.811E-6 3.52418E-7 6.64774E-6 6.7053E-6 1.7878E-6 9.02378E-7 3.35671E-6 3.52413E-6 9.72337E-7 2.07742E-6 1.44093E-5 2.66087E-6 4.2384E-6 1.20152E-6 1.94711E-5 2.39616E-6 1.45196E-5 4.22362E-5 4.45048E-5 2.48589E-5 4.53337E-5 2.26912E-6 9.54433E-6 2.48766E-5 1.95089E-5
-9999 -9999 1.1564E-4 1.0386E-5 2.72582E-5 5.01134E-6 6.21016E-5 6.50709E-5 1.98286E-4 1.85609E-5 3.20197E-6 1.75052E-5 9.41444E-5 2.49495E-4 6.35506E-5 4.1328E-5 3.03412E-5 3.28505E-5 2.35197E-5 6.96546E-5 2.92209E-5 3.69561E-5 4.12272E-6 1.01599E-5 1.71736E-5 3.16813E-5 2.75704E-5 4.34133E-5 5.41901E-6 1.0702E-5 1.99401E-5 4.46519E-5 4.36087E-5 1.87344E-5 2.06418E-5 2.57007E-6 5.32467E-7 6.82574E-7 8.68213E-6 4.3377E-6 4.9766E-6 3.73269E-5 5.69217E-6 2.61686E-6 3.1189E-6 2.08056E-6 3.02206E-6 4.55569E-6 7.22434E-6 1.32197E-7 7.08767E-6 1.15635E-5 3.98962E-6 6.98633E-7 8.91092E-7 4.58049E-7 1.12769E-5 3.81764E-5 3.72599E-5 4.50408E-5 4.77317E-5 4.05595E-5 7.99107E-6 1.00513E-5 2.86045E-5 2.43864E-5
-9999 -9999 1.20762E-4 7.49818E-5 9.90198E-5 5.80465E-5 7.26816E-6 1.57112E-5 1.84228E-4 1.84269E-4 1.30032E-5 4.93631E-5 4.10895E-5 2.56134E-5 2.3322E-5 4.9925E-5 2.67667E-5 3.85856E-5 1.53457E-5 5.28009E-5 1.09577E-4 1.62149E-5 5.87833E-6 2.67861E-5 2.09023E-5 3.65756E-5 2.05982E-5 4.16292E-5 7.77845E-6 7.09588E-6 3.24801E-5 2.22202E-5 4.13421E-5 2.07324E-5 5.25827E-6 4.53537E-6 2.3991E-6 2.0659E-6 5.83478E-6 1.19273E-6 1.44124E-6 1.86329E-6 2.19269E-5 4.86443E-5 1.33004E-5 9.93784E-6 1.91196E-6 2.68417E-6 1.20867E-6 9.63133E-6 5.8362E-6 1.23242E-6 2.66453E-7 9.80376E-7 7.99988E-8 3.37136E-7 2.11032E-6 3.50476E-5 2.39768E-5 1.33759E-5 1.0634E-5 8.16352E-6 3.6322E-5 3.30947E-5 1.77766E-5 1.70256E-5
-9999 -9999 1.04301E-4 7.3758E-5 1.52747E-5 9.83589E-5 2.70543E-5 3.56247E-5 1.15635E-4 1.58518E-4 2.68791E-5 6.95635E-5 5.18141E-6 3.14475E-6 6.00669E-5 7.51237E-5 3.60774E-5 2.58103E-5 2.71764E-5 1.18806E-5 9.957E-6 1.97947E-6 3.47363E-6 3.67852E-5 1.75791E-5 4.55521E-5 8.75757E-6 9.23482E-6 9.15894E-6 5.31537E-6 5.22955E-6 2.37794E-5 1.51762E-5 2.71483E-5 1.99457E-5 9.38616E-6 2.42966E-6 2.01387E-6 1.26368E-5 3.58607E-6 1.74806E-6 4.53878E-7 6.73384E-7 1.01081E-5 3.60922E-5 1.27035E-5 5.09947E-6 7.46453E-7 2.29477E-6 4.48953E-6 2.92693E-5 8.35197E-6 2.35508E-6 5.29931E-6 1.95814E-7 1.73237E-7 7.14942E-7 1.03068E-5 4.80897E-5 4.32176E-5 6.39308E-6 1.66336E-6 1.06034E-5 1.05128E-5 4.72255E-6 3.87632E-5
-9999 -9999 -9999 1.41201E-4 5.0776E-5 1.11035E-5 3.10239E-5 2.93807E-5 5.07345E-5 4.08243E-5 7.69418E-6 1.66679E-5 2.28485E-6 3.68298E-6 1.8035E-5 6.22667E-5 7.55208E-5 1.54686E-5 5.82241E-5 3.5712E-5 6.68355E-5 1.95674E-5 3.91719E-5 4.09099E-5 2.31239E-5 1.24519E-5 1.62306E-5 8.43232E-6 1.7431E-5 1.15715E-5 5.65858E-6 7.75127E-6 3.20493E-6 1.52883E-5 2.84577E-5 3.88506E-5 2.00235E-5 1.35871E-5 1.04777E-5 2.18324E-6 1.9568E-6 2.4586E-6 7.40648E-6 3.99059E-6 7.81701E-6 2.52496E-6 1.0737E-5 5.76354E-6 2.65779E-6 6.28629E-6 8.69329E-7 3.61846E-6 2.98384E-7 2.01623E-6 2.59434E-6 5.28189E-6 1.64163E-6 4.00933E-7 4.50354E-5 4.96039E-5 4.01646E-5 8.18452E-6 1.22117E-6 6.03244E-6 1.08958E-6 2.45907E-6
-9999 -9999 -9999 -9999 4.58571E-5 1.44553E-5 6.26558E-5 2.12961E-5 2.13819E-5 4.36478E-5 1.1064E-5 6.9375E-5 3.69629E-5 8.29838E-7 2.63417E-5 3.82712E-5 2.54327E-5 6.77202E-6 4.15088E-5 2.88047E-5 5.02731E-5 1.35166E-5 8.80533E-6 1.39521E-5 2.76687E-5 2.62903E-5 6.25882E-5 1.79073E-5 1.66544E-6 4.0749E-6 7.59384E-6 5.93481E-6 3.481E-5 1.70456E-5 4.11585E-6 7.1351E-6 1.66496E-5 1.50597E-5 8.11714E-6 4.11681E-6 3.50625E-6 6.36766E-7 4.15188E-6 2.91556E-6 1.96799E-6 1.54094E-6 1.18881E-5 5.13793E-6 7.38968E-7 8.13837E-7 1.10528E-6 9.06169E-8 5.44606E-6 3.71745E-6 4.01549E-5 2.38627E-6 2.99056E-6 5.87579E-6 2.19136E-5 2.82161E-5 2.19286E-5 3.51818E-5 1.14654E-5 2.01719E-5 5.26223E-6 1.48128E-6
-9999 -9999 -9999 1.01508E-4 5.77916E-5 8.88608E-5 5.51092E-5 2.93358E-5 2.14051E-6 6.91784E-5 7.63343E-5 3.4906E-5 9.51945E-7 2.99126E-6 2.96329E-5 3.83171E-5 1.41038E-5 4.00369E-5 3.91566E-5 2.51264E-5 5.16795E-5 4.57474E-5 4.16114E-5 3.30206E-5 1.29327E-5 9.77568E-6 1.64738E-5 6.58925E-5 3.47511E-6 9.42138E-6 4.05698E-5 9.66839E-6 1.98547E-6 6.68455E-6 3.78056E-6 1.60419E-5 2.93467E-6 1.08681E-5 6.48157E-6 2.50476E-7 5.67725E-7 4.43531E-6 2.18738E-6 1.37891E-6 5.27541E-6 5.18134E-7 3.85697E-6 2.75756E-6 9.87001E-7 3.36662E-7 4.41312E-6 1.0427E-6 2.50595E-7 2.55184E-6 2.6907E-5 3.59491E-6 2.74955E-7 2.11808E-7 2.86079E-6 3.31069E-5 1.89554E-5 9.09338E-6 1.45542E-5 1.51428E-5 9.12142E-7 1.89595E-6
-9999 -9999 -9999 -9999 9.63823E-5 9.19127E-5 9.46611E-6 1.81133E-5 1.94808E-5 6.11743E-6 7.20142E-5 1.09733E-4 1.12182E-6 2.25756E-6 1.278E-5 3.19893E-5 1.49314E-5 7.74895E-6 2.8148E-5 4.04894E-5 7.47353E-5 8.22075E-5 6.68126E-5 1.20313E-5 1.58868E-5 4.59208E-6 1.91884E-5 1.62041E-5 6.31643E-6 1.92484E-5 1.93881E-5 5.50779E-6 1.7092E-6 1.78474E-5 6.82493E-7 9.44298E-6 2.49369E-5 2.74921E-5 2.39483E-5 1.29575E-5 1.79219E-6 7.12335E-6 9.11963E-6 1.44775E-6 3.2961E-6 8.80484E-6 1.04355E-5 8.77953E-6 1.28681E-6 9.17599E-7 3.57662E-7 9.63154E-6 1.38767E-6 7.32186E-7 1.2292E-6 9.63125E-6 6.10608E-6 9.07518E-8 2.43273E-7 1.52864E-6 2.18108E-7 1.30755E-5 3.16978E-6 3.1437E-6 1.39921E-5 2.31888E-6
-9999 -9999 -9999 -9999 1.04058E-4 8.83544E-5 1.35515E-5 4.17993E-6 5.26393E-6 3.67891E-5 2.36714E-4 1.50673E-4 3.8437E-5 1.37515E-5 7.71562E-6 3.86209E-5 4.28538E-5 4.03961E-5 3.87409E-5 1.39043E-5 1.85699E-5 6.76613E-6 2.19796E-5 3.29218E-6 3.09986E-6 3.26892E-6 8.33342E-6 2.50137E-5 8.71026E-6 1.88929E-6 8.11309E-7 4.15089E-6 3.32943E-6 5.55574E-7 8.66824E-6 1.09723E-5 1.36454E-5 4.67544E-5 1.28242E-5 2.84312E-5 1.95898E-5 7.36429E-6 1.85401E-6 2.1441E-6 1.43628E-6 3.21313E-6 1.46649E-6 9.28091E-7 6.59843E-6 1.73445E-6 1.76459E-7 8.68031E-6 1.06259E-6 4.4603E-6 8.75503E-7 1.18895E-5 8.73765E-6 1.18679E-6 2.31546E-7 1.4219E-7 6.63622E-7 9.89619E-6 4.13406E-6 4.00045E-7 1.85742E-6 1.86532E-6
-9999 -9999 -9999 -9999 1.8729E-4 1.7145E-4 3.79895E-6 3.04644E-6 9.46266E-6 1.84985E-4 3.01878E-4 1.63868E-4 1.45578E-5 2.12E-5 4.36677E-5 4.83793E-6 1.64758E-5 2.93001E-5 5.23748E-5 2.16958E-5 8.61879E-6 5.69295E-7 2.18891E-6 7.6861E-6 1.34671E-5 7.87132E-6 1.1213E-5 2.99821E-5 3.63583E-6 3.20344E-6 6.83936E-6 6.2308E-6 2.26177E-5 1.54114E-6 1.27914E-5 4.27838E-6 9.82466E-6 2.27137E-5 1.85153E-5 4.81147E-5 2.32948E-5 3.27612E-6 6.29259E-7 5.20268E-6 1.24361E-5 9.35935E-7 8.08825E-7 2.9168E-6 1.88007E-6 1.0809E-6 3.23938E-6 1.3468E-5 4.67285E-6 2.81521E-6 1.97224E-7 3.4717E-7 1.6405E-6 7.27116E-6 5.44057E-7 3.7647E-7 8.05881E-7 7.91464E-6 1.84318E-5 1.68958E-5 8.246E-8 1.0266E-7
-9999 -9999 -9999 -9999 1.86344E-4 1.90778E-4 1.35737E-5 1.21192E-6 7.52263E-6 6.56878E-5 2.15361E-4 1.25066E-4 2.11464E-5 2.14784E-5 5.23028E-5 2.78153E-5 2.21164E-5 2.46471E-5 2.95184E-5 1.93506E-5 3.01426E-5 1.42863E-5 3.60229E-5 1.59018E-5 2.60602E-5 1.09682E-5 4.08977E-6 8.12785E-6 1.18389E-5 1.17715E-5 7.86598E-6 3.33488E-5 1.43626E-5 4.45917E-6 7.4125E-6 2.04535E-5 3.80518E-6 1.65451E-5 9.47947E-6 2.74605E-5 4.84956E-6 1.30421E-5 2.58627E-5 2.14566E-5 4.45451E-6 6.42288E-7 6.60238E-7 4.27825E-7 2.40297E-7 7.01087E-6 5.94775E-6 2.55488E-6 1.22348E-5 5.26132E-6 5.66998E-6 1.73246E-6 1.83703E-6 1.77963E-6 2.8841E-5 4.17474E-7 6.51355E-7 1.46846E-5 4.44329E-6 2.91098E-5 1.97013E-6 1.02517E-7
-9999 -9999 -9999 -9999 -9999 1.06538E-4 2.16172E-5 2.41398E-6 2.93528E-6 6.48263E-6 1.97147E-4 2.2271E-4 2.66398E-4 9.61071E-6 4.65483E-6 6.86216E-6 3.32624E-5 6.06768E-6 1.71721E-5 3.64351E-5 1.62683E-5 9.45494E-6 8.48543E-5 8.52398E-5 7.66873E-5 2.93587E-5 7.11192E-6 1.92838E-5 1.93804E-5 2.05128E-5 1.16336E-5 4.26079E-5 1.22304E-5 6.71645E-6 1.28435E-5 1.23845E-5 7.73933E-5 8.93326E-6 6.112E-6 2.66585E-7 2.77892E-6 3.69962E-6 4.26592E-7 2.57019E-6 7.9004E-6 1.66184E-6 1.18699E-6 7.42227E-7 9.19532E-7 3.51609E-6 4.90712E-6 4.17738E-6 1.54563E-6 1.51062E-5 3.61718E-6 7.71706E-6 1.19906E-6 4.70444E-6 5.65162E-7 2.2104E-6 2.95418E-6 5.18401E-7 1.86733E-6 5.61601E-6 6.58712E-8 7.23106E-7
-9999 -9999 -9999 -9999 -9999 8.25988E-5 3.83438E-5 3.63522E-5 6.04229E-5 1.86775E-5 1.26745E-5 2.03806E-4 2.09643E-4 1.33214E-4 1.66171E-5 7.08253E-6 7.17978E-5 1.15346E-5 2.7643E-5 1.22397E-5 2.04029E-5 4.88468E-5 5.13786E-5 4.92382E-5 3.28799E-5 4.05724E-5 1.57983E-5 7.69114E-6 1.01197E-5 7.74884E-7 1.65065E-5 7.17712E-6 5.02872E-6 1.43848E-5 2.08927E-5 1.76843E-5 1.32528E-5 1.55816E-6 8.16292E-6 2.3141E-7 1.66639E-6 1.69788E-5 3.42224E-6 1.32238E-6 3.30171E-5 3.8711E-7 3.06534E-7 2.19492E-7 1.05514E-6 4.35185E-7 2.6385E-6 6.14799E-7 1.56381E-5 8.69214E-6 2.31746E-5 4.41012E-6 1.70153E-5 6.77364E-7 1.08681E-6 5.7941E-6 8.87384E-6 2.93261E-5 1.33931E-6 7.35906E-6 4.84131E-6 1.18224E-7
-9999 -9999 -9999 -9999 -9999 1.73796E-4 4.95084E-5 6.56596E-5 8.2955E-6 8.88171E-6 2.35286E-5 2.25688E-4 2.20687E-4 3.76338E-5 5.53156E-6 4.14111E-5 1.32427E-5 7.34851E-6 2.31477E-5 1.14055E-5 2.90796E-5 2.60057E-5 4.8591E-5 5.62399E-5 4.42776E-5 3.93571E-5 3.26738E-5 2.75187E-5 1.26883E-5 2.15528E-5 2.28015E-5 3.28739E-6 7.34463E-6 4.75688E-6 3.12324E-5 4.66428E-6 2.72379E-6 1.63288E-6 5.70491E-7 1.76566E-6 1.40679E-6 5.46762E-6 6.07997E-6 4.16311E-7 9.69079E-7 3.89451E-6 8.7858E-6 3.30344E-6 1.04199E-5 8.51311E-7 8.44125E-8 1.25962E-6 1.30909E-5 1.14925E-6 1.20314E-5 9.04329E-6 1.09033E-6 1.36457E-6 5.11801E-7 9.44206E-7 4.0548E-6 2.62764E-6 2.20233E-6 5.53533E-5 1.25463E-4 1.02504E-5
-9999 -9999 -9999 -9999 -9999 -9999 1.19913E-5 9.83179E-5 4.41487E-5 3.47839E-5 1.62599E-4 2.75485E-4 1.7567E-4 5.70921E-6 1.29373E-4 8.50917E-5 1.67377E-5 1.08779E-5 6.20755E-6 2.23191E-5 3.41239E-5 6.89207E-5 4.52389E-5 6.55472E-5 4.7012E-5 3.82919E-5 3.15657E-5 3.33468E-5 4.44965E-6 4.76982E-5 4.27376E-5 4.01508E-6 2.19518E-5 3.51342E-6 2.91638E-6 9.39673E-6 2.06216E-6 2.92344E-6 5.09891E-7 2.6488E-6 2.26192E-6 2.333E-6 1.97345E-6 1.86861E-6 5.4549E-7 9.17452E-7 3.10338E-6 1.51502E-6 5.20023E-6 9.19475E-6 1.67709E-6 6.43517E-7 4.28756E-6 3.23622E-6 1.02182E-5 2.03341E-6 2.01445E-6 5.1816E-7 3.80752E-7 1.72664E-6 3.31192E-6 4.54728E-6 5.34805E-6 3.97973E-5 1.30313E-4 1.16875E-4
-9999 -9999 -9999 -9999 -9999 -9999 5.83828E-5 6.37235E-5 1.12338E-4 1.72496E-5 1.00127E-4 2.74294E-4 1.83669E-4 4.30603E-6 3.38371E-5 1.70481E-4 1.15983E-4 1.15135E-5 1.22567E-6 4.96577E-6 1.385E-7 8.35623E-6 3.21083E-5 1.36183E-5 4.37955E-5 3.77823E-5 5.2384E-5 4.48514E-5 1.06335E-5 3.45677E-5 2.02522E-5 2.32979E-5 4.79998E-6 1.13124E-5 5.18534E-6 5.15039E-6 3.43255E-6 4.17687E-7 6.48943E-6 4.16229E-6 2.11574E-5 2.3214E-5 2.57603E-6 6.47821E-7 6.38245E-7 5.19294E-7 2.04549E-6 2.31699E-6 1.02375E-6 3.51968E-6 2.45984E-5 1.75454E-5 6.81374E-6 8.16929E-6 1.80694E-6 3.57396E-6 3.16216E-7 4.82207E-7 1.05744E-6 3.94013E-6 2.29216E-6 7.8043E-6 1.71198E-5 1.62969E-5 6.04868E-5 4.0344E-5
-9999 -9999 -9999 -9999 -9999 -9999 6.34038E-5 9.63509E-5 8.92037E-5 1.49918E-4 1.318E-4 2.40586E-4 2.53137E-4 6.75634E-5 1.96561E-6 4.00796E-6 8.30559E-5 3.60784E-5 3.6627E-6 8.66318E-7 4.92525E-7 1.63037E-5 3.37376E-6 1.14035E-5 4.9151E-6 2.08941E-5 4.648E-5 5.34334E-5 3.89713E-5 3.54873E-5 4.32977E-5 2.74071E-5 2.3543E-5 2.18907E-5 2.0533E-5 1.21543E-5 1.77041E-5 1.50062E-6 1.60547E-6 5.823E-6 2.61739E-5 3.28637E-5 6.36633E-6 3.08369E-6 1.58926E-8 1.70463E-7 3.40143E-7 4.74271E-7 2.40708E-6 3.2134E-5 4.65771E-5 2.5211E-5 6.6192E-6 1.48179E-6 4.40399E-7 2.49553E-6 9.46799E-6 5.72669E-7 8.69068E-7 4.23416E-6 3.20977E-7 9.16221E-6 2.19527E-5 5.78932E-5 3.57654E-5 4.46844E-5
-9999 -9999 -9999 -9999 -9999 -9999 1.42728E-4 5.12636E-5 9.09954E-5 1.33297E-4 9.2537E-5 2.03062E-4 2.05253E-4 6.72273E-5 1.63893E-5 5.62151E-6 6.10023E-5 1.42652E-4 2.09165E-5 4.99874E-6 1.51716E-6 3.32101E-6 2.16203E-6 7.62064E-7 3.74645E-6 3.31479E-5 5.01469E-5 4.529E-5 5.58568E-5 3.60545E-5 3.21385E-5 3.6722E-5 2.61737E-5 2.59694E-5 2.04775E-5 3.95575E-5 2.53013E-5 7.52122E-6 7.5453E-6 1.21329E-5 2.54788E-5 2.54324E-5 6.65635E-6 3.20295E-6 1.20755E-6 1.91447E-5 5.01181E-5 1.12073E-5 1.79049E-5 2.39695E-5 3.13882E-5 2.79934E-5 9.88378E-7 5.03872E-7 3.72479E-6 7.26786E-6 4.51543E-5 4.7183E-6 7.54438E-7 1.59137E-6 3.60831E-7 5.95136E-6 5.57427E-5 3.14642E-5 4.2742E-5 4.95704E-6
-9999 -9999 -9999 -9999 -9999 -9999 -9999 5.02985E-5 9.52043E-5 1.38332E-4 9.32419E-5 1.5088E-4 1.92898E-4 1.72877E-4 7.40267E-6 8.50541E-6 1.12162E-5 4.25558E-5 4.36039E-5 1.44088E-5 3.26333E-6 1.6289E-6 2.49036E-6 2.5941E-6 5.0469E-7 4.7373E-5 5.46953E-5 6.0566E-5 5.36873E-5 2.02458E-5 4.22961E-5 4.97261E-5 4.29167E-5 3.31219E-5 1.35139E-5 3.79908E-5 5.26327E-6 1.192E-5 3.55423E-6 4.8546E-6 7.63699E-6 2.1357E-5 3.08034E-5 1.25183E-6 2.19534E-6 9.91274E-7 9.80791E-6 3.24585E-6 1.93406E-6 1.6693E-5 1.46443E-5 1.45394E-5 1.60183E-6 6.46458E-6 8.33071E-6 3.37202E-5 6.55582E-5 2.08469E-5 4.02258E-6 8.60951E-6 5.46216E-5 3.9292E-5 7.00361E-5 3.41918E-5 1.50749E-5 1.51832E-5
-9999 -9999 -9999 -9999 -9999 -9999 -9999 3.29367E-5 1.41387E-4 1.42316E-4 1.06484E-4 1.32841E-4 1.86487E-4 1.40191E-4 3.46539E-5 7.13767E-5 2.03084E-5 9.01898E-5 8.18643E-5 1.69591E-5 6.43167E-6 2.36789E-5 1.30216E-6 2.44786E-7 7.72709E-6 8.92783E-6 3.31291E-5 6.5292E-5 7.17384E-6 1.9199E-5 2.95388E-5 3.86039E-5 4.53522E-5 6.55966E-5 5.47087E-5 6.30484E-6 1.77919E-5 3.77452E-5 1.26202E-5 3.57304E-6 2.51749E-6 1.9173E-5 6.83855E-6 4.65597E-6 1.89041E-6 2.23175E-7 7.82758E-6 1.48225E-6 1.9927E-6 1.60774E-6 2.53508E-6 1.20084E-5 1.33043E-5 1.95587E-5 4.43585E-5 3.65257E-5 1.64554E-5 2.31185E-5 6.46313E-6 1.82634E-5 1.32291E-5 7.82898E-5 1.41135E-5 2.24481E-5 3.06204E-5 1.42095E-5
-9999 -9999 -9999 -9999 -9999 -9999 -9999 1.99414E-5 4.29953E-5 1.62139E-4 1.3432E-4 1.67884E-4 1.91358E-4 1.84202E-4 1.98191E-6 3.48219E-6 2.8667E-5 1.42986E-4 1.20096E-4 4.90499E-5 2.88723E-6 9.60068E-5 3.52991E-5 8.47268E-6 5.97556E-8 1.51094E-5 3.99139E-5 3.37391E-5 8.62317E-6 3.46264E-6 3.28069E-6 4.67701E-5 5.54813E-5 3.15834E-5 6.73118E-5 3.8366E-5 1.81597E-5 1.22681E-5 3.90433E-5 1.43039E-5 4.7041E-6 1.08066E-6 2.04474E-6 6.40414E-7 1.76166E-7 1.81549E-6 3.42821E-5 9.20286E-6 4.70812E-7 4.46859E-5 3.23978E-6 7.87139E-6 4.71066E-6 1.13545E-5 7.86069E-5 7.05767E-5 1.13568E-5 4.7392E-5 1.56555E-5 1.90571E-6 4.99255E-6 1.21218E-6 7.73957E-6 3.08762E-5 4.21869E-5 2.07703E-5
-9999 -9999 -9999 -9999 -9999 -9999 -9999 5.30602E-5 1.08951E-4 1.54412E-4 1.23025E-4 1.4846E-4 1.92041E-4 2.19601E-4 8.78996E-5 1.11014E-4 3.89792E-5 7.85152E-6 1.14095E-6 5.69019E-6 8.6576E-6 1.13311E-5 9.55929E-6 2.4369E-5 2.59751E-5 1.59563E-5 6.53742E-6 2.00462E-5 3.72415E-5 1.51649E-6 5.03169E-6 2.53309E-5 1.47505E-5 2.67237E-5 2.24262E-5 2.71193E-5 1.59209E-5 1.89111E-5 7.79988E-6 7.08817E-6 8.44154E-6 4.82624E-6 5.30972E-6 8.29078E-7 6.10074E-7 6.8489E-6 3.30874E-6 4.78156E-7 1.64405E-6 1.43181E-5 5.43458E-5 1.62473E-5 1.96255E-5 1.28909E-5 6.99885E-5 2.44716E-5 2.09296E-5 4.2626E-5 9.39536E-6 8.58431E-6 6.86452E-7 3.88075E-6 1.23861E-5 2.61734E-5 1.58543E-5 1.27702E-5
-9999 -9999 -9999 -9999 -9999 -9999 -9999 2.33121E-5 1.02376E-4 1.5093E-4 1.24223E-4 1.05243E-4 1.29606E-4 2.11721E-4 1.09913E-4 4.33634E-5 1.5864E-4 4.07426E-5 9.45977E-5 6.21616E-5 1.29179E-4 8.84085E-5 2.64246E-5 2.55506E-5 1.89202E-5 9.66028E-6 1.59626E-5 3.2792E-5 8.59001E-6 4.74895E-6 2.01213E-5 3.74727E-5 3.20558E-5 5.87644E-5 7.35994E-5 2.51364E-5 8.84141E-6 5.08655E-6 1.04958E-6 1.87999E-6 2.53953E-6 1.29895E-6 3.87111E-7 4.34895E-6 1.27222E-5 1.06519E-5 5.57486E-6 3.28391E-5 1.76175E-5 4.65162E-5 5.3644E-5 4.95918E-5 2.26774E-5 4.45136E-5 6.81585E-5 1.02853E-5 3.06132E-5 5.21104E-6 3.30418E-6 4.60521E-6 1.5252E-6 3.64135E-7 4.01337E-5 1.00367E-5 1.45195E-5 3.07433E-5
-9999 -9999 -9999 -9999 -9999 -9999 -9999 3.21606E-5 3.56782E-6 1.29562E-4 1.20795E-4 9.43546E-5 1.20278E-4 1.77399E-4 1.84088E-4 8.64792E-5 3.18866E-5 1.36017E-6 3.42839E-6 7.10337E-5 3.55738E-5 6.2328E-5 1.98896E-5 9.20675E-6 1.72735E-5 7.46187E-5 1.9711E-5 3.173E-5 5.71018E-5 1.82369E-5 7.69847E-6 1.60719E-5 3.80648E-6 3.44245E-5 2.72199E-5 2.11736E-5 7.14099E-6 9.6398E-6 1.08765E-5 4.60412E-7 7.19873E-7 1.26398E-5 1.02372E-5 5.98154E-5 1.24579E-5 2.94583E-5 1.48036E-5 5.23606E-6 1.20802E-5 3.45168E-5 4.23234E-5 4.18663E-5 4.21787E-5 2.44522E-5 2.73954E-5 3.48066E-5 2.82064E-5 1.11418E-5 9.71824E-6 2.4939E-5 4.47986E-5 9.38226E-6 9.96932E-6 1.80633E-5 1.66118E-5 1.30921E-5
-9999 -9999 -9999 -9999 -9999 -9999 -9999 1.32143E-5 1.74294E-6 5.39056E-5 1.16094E-4 6.66373E-5 1.27754E-4 1.83487E-4 1.41619E-4 3.99205E-5 1.24779E-4 1.24855E-5 1.58556E-5 6.42979E-5 1.17861E-5 2.70789E-5 1.25475E-5 9.27102E-5 2.9507E-5 5.23601E-5 8.30192E-5 2.52703E-5 5.33696E-5 3.69569E-5 8.15257E-5 1.04603E-5 4.36949E-6 2.44532E-5 2.97413E-5 4.90281E-5 4.73976E-5 6.18579E-5 3.23598E-5 4.61006E-5 5.30612E-7 1.15814E-5 3.44179E-6 2.02851E-5 5.87246E-6 9.5263E-6 3.16062E-5 2.12928E-5 2.72783E-5 3.80366E-5 3.83939E-5 3.16876E-5 3.57895E-5 1.86581E-5 3.47208E-5 4.26768E-5 1.60715E-5 3.03828E-5 2.69507E-5 6.45567E-6 6.3529E-6 4.28696E-6 4.07453E-5 5.37841E-6 1.17962E-5 1.90853E-5
-9999 -9999 -9999 -9999 -9999 -9999 -9999 4.90758E-5 3.64748E-6 3.48008E-5 1.2158E-4 1.12489E-4 1.25366E-4 2.09101E-4 2.08293E-4 1.83384E-4 2.66323E-5 3.50769E-5 2.28637E-5 2.89437E-6 2.75834E-6 8.01836E-6 2.67366E-5 2.18892E-5 1.55771E-5 8.1283E-5 1.18083E-4 7.60994E-5 3.83659E-5 1.46094E-5 1.92682E-5 4.80587E-5 1.52083E-5 3.94233E-5 5.22615E-5 6.04789E-5 4.83287E-6 4.86838E-5 1.44917E-5 2.85311E-6 6.35039E-6 1.48892E-5 6.37397E-5 1.75794E-5 7.06019E-6 1.90408E-5 1.81814E-5 1.0666E-5 7.43699E-6 8.50553E-6 2.25779E-5 1.84001E-5 2.1794E-5 4.23139E-5 4.20097E-5 2.80455E-5 1.97455E-5 3.02905E-5 5.01984E-6 4.43751E-5 7.56342E-6 1.41015E-6 4.44835E-5 4.21255E-5 2.19303E-5 1.77035E-5
