catData/rasterBestHybridModels/Pbengalensis/RD_BM01_RM2_LQ/Pbengalensis_max.asc
ncols         409
nrows         350
xllcorner     60.897278365
yllcorner     5.843756025
cellsize      0.0892857
NODATA_value  -9999
[rows 203 to 231 of 350, columns 132 to 197 of 409]
-9999 -9999 -9999 1.77824E-5 2.03573E-5 1.41288E-5 3.59829E-5 4.94798E-5 1.17619E-4 1.10781E-4 1.54098E-5 2.36028E-5 1.06863E-5 1.34003E-5 1.74676E-5 3.39357E-5 2.3092E-5 3.29967E-5 3.58237E-5 2.33598E-5 2.20673E-5 6.82181E-5 1.76058E-5 1.04008E-5 5.19084E-6 1.49366E-5 1.16498E-5 2.529E-5 6.84198E-5 3.19831E-5 3.41552E-5 2.01123E-5 1.33452E-5 8.01877E-6 1.16609E-5 7.77833E-6 1.41509E-6 1.59192E-6 7.40661E-6 2.0872E-6 3.77762E-6 5.6103E-6 1.90725E-5 2.72676E-7 1.62937E-6 2.18988E-6 2.272E-6 4.36771E-6 4.17841E-6 1.15781E-6 3.70193E-6 6.28359E-6 1.36302E-6 1.37721E-6 2.70848E-6 1.18114E-5 2.63149E-6 1.40691E-7 5.54436E-7 1.02627E-5 2.72058E-5 7.51941E-7 4.66306E-5 3.09985E-5 2.00951E-5 1.63936E-5
-9999 -9999 1.51039E-4 2.0174E-5 1.07736E-5 4.04362E-5 4.90564E-5 4.24681E-5 1.64868E-4 2.22374E-5 2.16729E-5 3.70271E-6 1.07537E-5 1.70031E-5 3.96929E-5 2.03614E-5 9.89952E-6 4.3203E-5 3.74729E-5 3.90877E-5 3.87458E-5 7.90733E-5 4.27117E-5 3.22973E-5 2.86421E-5 1.22993E-5 1.14586E-5 2.31838E-5 6.56003E-5 5.27837E-5 6.77305E-5 2.60335E-5 1.21684E-5 1.1304E-5 1.1443E-5 1.69108E-5 2.68317E-6 3.74106E-7 1.93243E-6 1.30669E-6 3.50101E-6 4.89267E-6 1.07277E-5 1.51643E-5 1.4979E-6 5.4499E-7 7.45465E-6 5.91868E-6 2.40379E-6 6.48123E-7 5.15585E-6 2.21996E-5 1.4536E-5 1.17591E-6 5.75896E-6 2.83019E-6 4.88045E-7 9.78429E-8 5.76488E-6 3.25914E-6 3.56646E-5 4.88855E-6 6.2641E-6 1.90431E-6 1.26393E-5 4.40577E-6
-9999 -9999 4.13405E-5 4.60271E-7 1.07235E-5 1.52208E-5 2.0402E-5 4.54621E-5 4.11463E-5 3.67756E-5 4.22988E-5 6.35778E-5 2.6585E-5 1.33328E-5 2.43742E-5 3.30497E-5 1.76213E-5 8.54652E-6 1.39118E-5 4.67065E-5 6.67117E-5 6.22887E-5 5.43143E-5 4.17822E-5 4.40701E-5 3.59507E-5 2.69886E-6 4.05694E-6 6.09407E-5 4.73848E-5 1.77437E-5 1.328E-5 2.07715E-5 1.64855E-5 4.68165E-6 2.2121E-5 5.20715E-5 1.34566E-5 2.36399E-6 2.6415E-6 3.8666E-6 1.78347E-6 4.56703E-6 4.1923E-6 3.17637E-7 2.29983E-6 1.76779E-6 2.13946E-5 9.96634E-6 6.86014E-6 1.82473E-5 2.58413E-5 4.80963E-6 7.79186E-6 1.00417E-5 1.15393E-6 1.96189E-7 2.44492E-7 2.62705E-6 2.66585E-5 4.30763E-5 5.34335E-6 1.92239E-6 2.55811E-6 6.13703E-6 1.69317E-5
-9999 -9999 7.19156E-5 2.21097E-5 1.04366E-5 1.85042E-5 1.45493E-5 8.87946E-5 2.22411E-4 1.51949E-5 9.52062E-5 2.23604E-5 2.48565E-4 5.3629E-5 6.45783E-5 2.07194E-5 1.09791E-5 1.91992E-5 9.92741E-6 1.45065E-5 3.63714E-5 5.45284E-5 5.57257E-5 1.35071E-5 2.87066E-5 4.44457E-5 7.52981E-5 9.03075E-6 2.69573E-5 3.71426E-5 2.70099E-5 6.96893E-6 6.36418E-6 6.61239E-6 3.06629E-6 3.97912E-6 2.90625E-6 2.62234E-6 1.14801E-6 6.03485E-7 6.33836E-7 4.43147E-6 7.7234E-7 8.55009E-6 8.36E-6 2.76144E-6 1.594E-6 5.11625E-6 5.16146E-6 1.63985E-6 3.00904E-6 1.7491E-5 4.08372E-6 5.99551E-6 1.85118E-6 2.28421E-5 3.39578E-6 1.76136E-5 4.99313E-5 4.8026E-5 3.12497E-5 5.00237E-5 3.14359E-6 1.14522E-5 2.84222E-5 2.27255E-5
-9999 -9999 1.4491E-4 1.41425E-5 3.50839E-5 7.47193E-6 7.10838E-5 7.19496E-5 2.33056E-4 2.53451E-5 5.67017E-6 2.341E-5 1.09067E-4 3.26047E-4 7.77473E-5 5.10008E-5 3.71422E-5 3.66284E-5 2.65491E-5 7.48903E-5 3.59357E-5 4.35161E-5 6.49245E-6 1.42526E-5 2.0767E-5 3.52548E-5 3.03629E-5 4.94704E-5 7.77763E-6 1.29329E-5 2.26145E-5 4.93734E-5 4.85189E-5 2.30155E-5 2.41581E-5 4.00871E-6 1.03371E-6 1.29439E-6 1.10305E-5 6.10398E-6 6.97849E-6 3.96848E-5 7.62197E-6 3.96879E-6 4.55113E-6 3.15135E-6 4.43098E-6 6.22015E-6 9.0896E-6 3.11072E-7 8.82918E-6 1.35828E-5 5.32328E-6 1.20814E-6 1.5473E-6 8.34375E-7 1.3247E-5 4.35819E-5 4.18927E-5 4.80551E-5 5.08148E-5 4.39893E-5 9.53869E-6 1.2056E-5 3.22936E-5 2.78667E-5
-9999 -9999 1.42767E-4 9.08049E-5 1.18179E-4 7.17838E-5 9.69947E-6 1.91232E-5 1.97059E-4 2.02636E-4 1.88025E-5 6.3552E-5 5.40937E-5 3.44058E-5 2.91991E-5 5.72405E-5 3.12758E-5 4.18843E-5 1.89298E-5 5.86439E-5 1.29423E-4 2.27213E-5 8.56871E-6 3.12839E-5 2.29451E-5 4.05657E-5 2.39325E-5 4.80984E-5 1.06931E-5 9.27349E-6 3.58018E-5 2.48332E-5 4.84445E-5 2.82049E-5 7.5487E-6 6.52401E-6 3.66802E-6 3.18905E-6 7.6249E-6 1.99207E-6 2.40853E-6 3.04267E-6 2.67974E-5 5.49986E-5 1.64777E-5 1.1889E-5 2.94652E-6 3.95563E-6 2.07963E-6 1.2663E-5 8.08087E-6 1.89894E-6 5.23682E-7 1.56741E-6 1.96956E-7 6.43384E-7 3.01891E-6 4.07246E-5 2.77292E-5 1.60481E-5 1.22992E-5 9.63591E-6 3.97786E-5 3.79343E-5 1.99903E-5 1.97486E-5
-9999 -9999 1.26792E-4 9.25708E-5 2.0675E-5 1.15855E-4 3.24552E-5 4.09157E-5 1.28879E-4 1.73391E-4 3.5435E-5 8.85944E-5 9.2222E-6 5.99953E-6 7.46508E-5 9.29114E-5 4.48344E-5 3.24174E-5 3.06701E-5 1.54719E-5 1.37888E-5 3.46227E-6 5.40139E-6 4.45353E-5 2.13216E-5 5.02021E-5 1.17998E-5 1.27753E-5 1.28953E-5 7.62408E-6 6.78076E-6 2.61341E-5 1.88598E-5 3.23224E-5 2.36171E-5 1.15372E-5 3.74962E-6 3.23041E-6 1.5036E-5 5.11594E-6 2.84428E-6 9.36236E-7 1.33172E-6 1.44886E-5 4.11127E-5 1.56013E-5 6.7176E-6 1.4049E-6 3.65109E-6 7.00454E-6 3.43775E-5 1.01611E-5 3.49667E-6 6.89874E-6 4.08811E-7 3.64438E-7 1.20216E-6 1.31893E-5 5.61619E-5 4.74482E-5 7.79386E-6 2.55944E-6 1.33283E-5 1.35927E-5 6.39633E-6 4.28935E-5
-9999 -9999 -9999 1.77942E-4 6.02448E-5 1.5291E-5 4.06243E-5 3.67545E-5 6.25591E-5 5.13271E-5 1.26837E-5 2.34458E-5 4.5362E-6 6.69957E-6 2.56155E-5 7.69502E-5 9.56441E-5 2.10663E-5 6.25384E-5 3.82608E-5 7.10534E-5 2.43459E-5 4.6499E-5 5.07914E-5 2.8457E-5 1.55218E-5 1.98184E-5 1.11277E-5 2.11042E-5 1.39528E-5 7.19022E-6 9.36122E-6 4.7768E-6 1.95463E-5 3.28423E-5 4.29137E-5 2.31423E-5 1.71425E-5 1.38695E-5 3.44626E-6 3.14974E-6 3.92517E-6 1.05806E-5 5.93151E-6 1.05552E-5 3.81781E-6 1.25495E-5 7.51056E-6 4.04441E-6 8.67015E-6 1.57672E-6 5.26852E-6 6.47263E-7 3.20314E-6 3.83209E-6 6.50814E-6 2.45205E-6 7.74165E-7 4.94031E-5 5.22728E-5 4.44018E-5 1.00214E-5 2.04927E-6 8.74893E-6 1.809E-6 3.41476E-6
-9999 -9999 -9999 -9999 5.77088E-5 1.86066E-5 7.64531E-5 2.59249E-5 2.55978E-5 5.17303E-5 1.67431E-5 8.67209E-5 4.93938E-5 1.87223E-6 3.50027E-5 4.71121E-5 3.29364E-5 9.96054E-6 4.45798E-5 3.26154E-5 5.76743E-5 1.84462E-5 1.2066E-5 1.91193E-5 3.39245E-5 3.00508E-5 6.7683E-5 2.20527E-5 2.71117E-6 5.65141E-6 9.94102E-6 8.1149E-6 4.14406E-5 2.21179E-5 6.03848E-6 9.04503E-6 2.04045E-5 2.03396E-5 1.16413E-5 5.84229E-6 5.03856E-6 1.25528E-6 6.39915E-6 4.56491E-6 3.16836E-6 2.63336E-6 1.485E-5 6.85303E-6 1.3442E-6 1.45692E-6 1.87747E-6 2.37393E-7 7.90999E-6 5.5915E-6 4.40781E-5 3.31264E-6 3.99161E-6 7.25855E-6 2.44595E-5 3.09648E-5 2.52678E-5 3.89348E-5 1.38495E-5 2.32691E-5 6.86654E-6 2.24904E-6
-9999 -9999 -9999 1.23231E-4 7.78056E-5 1.11604E-4 7.16417E-5 3.57045E-5 3.4775E-6 7.83331E-5 8.69644E-5 4.59669E-5 2.16084E-6 5.46772E-6 3.92071E-5 4.66543E-5 1.85145E-5 4.45604E-5 4.39701E-5 3.03497E-5 6.16383E-5 5.74611E-5 4.96199E-5 4.27594E-5 1.76973E-5 1.22212E-5 1.86451E-5 7.18746E-5 5.18309E-6 1.29004E-5 4.92689E-5 1.33073E-5 3.05693E-6 8.94916E-6 5.26055E-6 1.89736E-5 4.49003E-6 1.47193E-5 8.98597E-6 5.62325E-7 1.09623E-6 6.31254E-6 3.48418E-6 2.33507E-6 7.51313E-6 1.08867E-6 5.74619E-6 4.09011E-6 1.69954E-6 7.19411E-7 6.69061E-6 1.81961E-6 5.49359E-7 3.79044E-6 2.95206E-5 4.7162E-6 5.32414E-7 4.36036E-7 3.9445E-6 3.76682E-5 2.10531E-5 1.16014E-5 1.79983E-5 1.83337E-5 1.61513E-6 2.88854E-6
-9999 -9999 -9999 -9999 1.20755E-4 1.11276E-4 1.28708E-5 2.25114E-5 2.39228E-5 8.81955E-6 9.07383E-5 1.38704E-4 2.6016E-6 4.66026E-6 1.83715E-5 3.9262E-5 1.8569E-5 1.06351E-5 3.40897E-5 5.0363E-5 8.73735E-5 9.3648E-5 7.417E-5 1.56162E-5 1.98569E-5 6.38109E-6 2.2026E-5 1.86912E-5 8.50603E-6 2.30244E-5 2.42225E-5 7.63991E-6 2.64412E-6 2.02501E-5 1.24435E-6 1.25182E-5 2.93423E-5 3.36396E-5 2.98299E-5 1.65415E-5 2.84385E-6 9.14249E-6 1.11674E-5 2.37939E-6 4.94113E-6 1.22386E-5 1.37782E-5 1.12881E-5 2.15595E-6 1.67805E-6 7.88336E-7 1.29342E-5 2.28287E-6 1.34076E-6 2.06947E-6 1.21935E-5 7.47061E-6 2.1337E-7 4.93455E-7 2.319E-6 4.6865E-7 1.62618E-5 4.96573E-6 4.71089E-6 1.8715E-5 3.52636E-6
-9999 -9999 -9999 -9999 1.23884E-4 1.02995E-4 1.69663E-5 6.2695E-6 7.63765E-6 4.50047E-5 3.1752E-4 1.89175E-4 5.45506E-5 2.11202E-5 1.2456E-5 4.68861E-5 4.77068E-5 4.62494E-5 4.55448E-5 1.93759E-5 2.48115E-5 9.55395E-6 2.44408E-5 4.93626E-6 4.59287E-6 4.69538E-6 1.07448E-5 2.83989E-5 1.1023E-5 2.94285E-6 1.46224E-6 5.60121E-6 4.50219E-6 1.01911E-6 1.14763E-5 1.4974E-5 1.79346E-5 5.41839E-5 1.65669E-5 3.15238E-5 2.31388E-5 9.8135E-6 2.98637E-6 3.39441E-6 2.45583E-6 4.7331E-6 2.50874E-6 1.74751E-6 9.15284E-6 2.84639E-6 4.30487E-7 1.16365E-5 1.90273E-6 6.62018E-6 1.63427E-6 1.54425E-5 1.08071E-5 1.88685E-6 4.98355E-7 3.37761E-7 1.23964E-6 1.26062E-5 5.78971E-6 7.93684E-7 2.89273E-6 2.91306E-6
-9999 -9999 -9999 -9999 2.39893E-4 2.1046E-4 6.10671E-6 4.95422E-6 1.32895E-5 2.08287E-4 3.69539E-4 2.01056E-4 2.24471E-5 2.93062E-5 5.40683E-5 8.13209E-6 2.18054E-5 3.47789E-5 5.84576E-5 2.79579E-5 1.22163E-5 1.20199E-6 3.54847E-6 1.00148E-5 1.59273E-5 1.00777E-5 1.38557E-5 3.21475E-5 5.46134E-6 4.70145E-6 8.61008E-6 7.74679E-6 2.62361E-5 2.34553E-6 1.5802E-5 6.03889E-6 1.24329E-5 2.61717E-5 2.17636E-5 5.4793E-5 2.92254E-5 4.86059E-6 1.24025E-6 7.66206E-6 1.68485E-5 1.71095E-6 1.54159E-6 4.77362E-6 3.19443E-6 2.00806E-6 4.90192E-6 1.59159E-5 6.67345E-6 4.53251E-6 4.84592E-7 7.43934E-7 2.59088E-6 8.91657E-6 1.07529E-6 7.84128E-7 1.49613E-6 1.06851E-5 2.06965E-5 1.88218E-5 2.12319E-7 2.54964E-7
-9999 -9999 -9999 -9999 2.35714E-4 2.43065E-4 1.90478E-5 2.30893E-6 1.06251E-5 7.77928E-5 2.40174E-4 1.47618E-4 2.99975E-5 2.93319E-5 6.60807E-5 3.65538E-5 2.85107E-5 3.14617E-5 3.63989E-5 2.48433E-5 3.40356E-5 1.79175E-5 4.21591E-5 2.05861E-5 3.08658E-5 1.36088E-5 5.79739E-6 1.0539E-5 1.51917E-5 1.57236E-5 1.06808E-5 3.70123E-5 1.68267E-5 5.7756E-6 9.27112E-6 2.41875E-5 5.49568E-6 1.93191E-5 1.15416E-5 3.21138E-5 7.13486E-6 1.68877E-5 3.23946E-5 2.57019E-5 6.70456E-6 1.23429E-6 1.26594E-6 9.06539E-7 5.68861E-7 1.04532E-5 8.66964E-6 3.96994E-6 1.44357E-5 7.28527E-6 7.9933E-6 2.93156E-6 2.95509E-6 2.86596E-6 3.278E-5 8.77936E-7 1.24378E-6 1.85242E-5 5.98407E-6 3.28781E-5 2.94745E-6 2.52403E-7
-9999 -9999 -9999 -9999 -9999 1.34446E-4 2.86136E-5 4.14753E-6 4.7488E-6 9.49561E-6 2.16529E-4 2.34731E-4 3.03832E-4 1.57367E-5 8.16279E-6 1.09419E-5 4.22232E-5 9.96999E-6 2.31621E-5 4.09386E-5 1.98146E-5 1.27904E-5 9.3066E-5 9.91914E-5 8.44068E-5 3.2446E-5 9.13157E-6 2.17736E-5 2.40621E-5 2.74269E-5 1.56446E-5 4.58612E-5 1.411E-5 8.21204E-6 1.54641E-5 1.63083E-5 9.96762E-5 1.14855E-5 7.77587E-6 5.7371E-7 4.12871E-6 5.22578E-6 8.84054E-7 3.92111E-6 1.05065E-5 2.61608E-6 1.96106E-6 1.36119E-6 1.67347E-6 5.23487E-6 6.92791E-6 5.95007E-6 2.5492E-6 1.81067E-5 5.64005E-6 1.12774E-5 2.1186E-6 6.39573E-6 1.12575E-6 3.63986E-6 4.60143E-6 1.026E-6 2.97605E-6 7.5227E-6 1.85873E-7 1.35425E-6
-9999 -9999 -9999 -9999 -9999 1.11948E-4 5.08658E-5 4.23966E-5 7.3562E-5 2.43419E-5 1.67385E-5 2.26025E-4 2.40378E-4 1.60412E-4 2.29271E-5 1.09722E-5 9.25946E-5 1.70759E-5 3.40648E-5 1.63898E-5 2.4085E-5 5.44011E-5 6.00946E-5 5.86303E-5 4.00868E-5 4.40821E-5 1.80412E-5 9.84016E-6 1.28453E-5 1.46655E-6 1.99305E-5 9.24475E-6 6.56107E-6 1.66161E-5 2.3895E-5 2.11411E-5 1.70868E-5 2.47051E-6 1.07499E-5 5.17389E-7 2.65378E-6 1.94982E-5 5.08094E-6 2.35849E-6 3.91885E-5 7.85711E-7 6.21564E-7 4.6581E-7 1.77572E-6 8.67614E-7 3.88512E-6 1.16959E-6 1.9537E-5 1.1226E-5 2.84684E-5 6.4766E-6 2.00329E-5 1.30534E-6 1.95344E-6 8.38336E-6 1.23471E-5 3.3711E-5 2.3147E-6 1.0033E-5 7.00169E-6 3.08923E-7
-9999 -9999 -9999 -9999 -9999 2.22808E-4 6.43943E-5 7.46385E-5 1.14811E-5 1.24429E-5 2.83347E-5 2.63812E-4 2.84271E-4 5.05072E-5 9.33119E-6 4.94311E-5 1.86212E-5 1.13043E-5 2.87142E-5 1.50397E-5 3.28412E-5 2.97281E-5 5.2975E-5 6.19413E-5 4.82641E-5 4.33679E-5 3.71572E-5 3.28947E-5 1.66049E-5 2.49579E-5 2.55214E-5 4.40275E-6 9.18319E-6 6.20019E-6 3.54086E-5 5.98776E-6 3.87422E-6 2.51285E-6 1.08309E-6 2.97531E-6 2.40528E-6 7.89115E-6 8.52149E-6 8.56652E-7 1.72687E-6 5.34863E-6 1.12239E-5 4.60561E-6 1.21471E-5 1.42792E-6 2.17514E-7 2.11194E-6 1.69519E-5 2.01603E-6 1.56499E-5 1.13106E-5 1.89572E-6 2.29507E-6 1.03814E-6 1.72674E-6 6.42889E-6 4.20248E-6 3.67449E-6 6.38013E-5 1.59287E-4 1.52863E-5
-9999 -9999 -9999 -9999 -9999 -9999 1.65768E-5 1.10904E-4 4.97148E-5 3.95737E-5 1.89397E-4 3.50344E-4 2.35127E-4 1.0106E-5 1.653E-4 9.71142E-5 2.2479E-5 1.54667E-5 9.42744E-6 2.68538E-5 4.0135E-5 7.56898E-5 4.97813E-5 7.12464E-5 5.24281E-5 4.28135E-5 3.48916E-5 3.93781E-5 6.7515E-6 5.32366E-5 4.74799E-5 5.47047E-6 2.52106E-5 4.90806E-6 4.04943E-6 1.12117E-5 3.03178E-6 4.00158E-6 9.56012E-7 3.95813E-6 3.62987E-6 3.83869E-6 3.15952E-6 2.8436E-6 1.02453E-6 1.63139E-6 5.40758E-6 2.49042E-6 6.81254E-6 1.09755E-5 2.55589E-6 1.19685E-6 6.18342E-6 4.85571E-6 1.32349E-5 3.18321E-6 3.14085E-6 1.05245E-6 8.44253E-7 2.9139E-6 5.06691E-6 6.67181E-6 8.07318E-6 4.51855E-5 1.74288E-4 1.53595E-4
-9999 -9999 -9999 -9999 -9999 -9999 6.61333E-5 7.54584E-5 1.35882E-4 2.26725E-5 1.15517E-4 3.30849E-4 2.37015E-4 7.8468E-6 4.46826E-5 2.03323E-4 1.53536E-4 1.72981E-5 2.4681E-6 7.85028E-6 3.99827E-7 1.23951E-5 3.78928E-5 1.68493E-5 4.94191E-5 4.25815E-5 5.65439E-5 5.19732E-5 1.33295E-5 3.79634E-5 2.32622E-5 2.66542E-5 6.57519E-6 1.39888E-5 6.60051E-6 6.72188E-6 4.82481E-6 8.10926E-7 8.02293E-6 5.57283E-6 2.50498E-5 2.83407E-5 3.96161E-6 1.13781E-6 1.15954E-6 1.00986E-6 3.41801E-6 3.70971E-6 1.68104E-6 4.6322E-6 2.70415E-5 2.07597E-5 8.8143E-6 1.02314E-5 2.90241E-6 5.25732E-6 6.79733E-7 1.00268E-6 2.04063E-6 5.88618E-6 3.63082E-6 1.07097E-5 2.21437E-5 2.02403E-5 7.07663E-5 4.91456E-5
-9999 -9999 -9999 -9999 -9999 -9999 6.99403E-5 1.1175E-4 1.1241E-4 1.78498E-4 1.50441E-4 2.64796E-4 2.98302E-4 8.24779E-5 3.81777E-6 6.88917E-6 1.051E-4 4.63585E-5 6.16043E-6 1.83732E-6 1.15594E-6 2.21966E-5 5.70298E-6 1.49541E-5 6.89844E-6 2.49075E-5 5.14974E-5 5.7697E-5 4.30527E-5 4.01511E-5 4.83829E-5 3.12168E-5 2.70035E-5 2.52511E-5 2.30547E-5 1.52198E-5 2.24036E-5 2.45552E-6 2.46547E-6 7.52938E-6 3.12238E-5 4.03805E-5 8.34633E-6 4.13422E-6 5.18297E-8 3.81628E-7 6.89495E-7 9.10748E-7 3.51007E-6 3.76404E-5 5.09682E-5 3.01145E-5 9.33968E-6 2.4493E-6 9.02019E-7 4.10746E-6 1.22803E-5 1.14127E-6 1.6583E-6 6.17555E-6 7.12327E-7 1.24729E-5 2.81989E-5 6.43763E-5 4.12663E-5 5.29695E-5
-9999 -9999 -9999 -9999 -9999 -9999 1.65551E-4 5.99475E-5 1.05281E-4 1.56032E-4 1.04653E-4 2.13842E-4 2.20638E-4 7.74523E-5 2.22878E-5 8.91833E-6 7.16733E-5 1.60681E-4 2.6307E-5 8.01112E-6 2.90379E-6 5.5104E-6 3.8282E-6 1.60648E-6 5.8265E-6 3.84651E-5 5.77397E-5 5.09209E-5 6.34309E-5 4.07326E-5 3.63033E-5 4.37191E-5 2.98484E-5 3.00249E-5 2.28415E-5 4.75739E-5 3.12073E-5 1.02822E-5 9.46796E-6 1.44464E-5 2.95601E-5 3.09894E-5 8.61591E-6 4.30737E-6 1.91634E-6 2.25174E-5 5.42399E-5 1.52738E-5 2.17785E-5 2.97692E-5 3.6672E-5 3.3838E-5 1.71579E-6 9.96483E-7 5.36051E-6 9.65279E-6 4.90439E-5 6.49363E-6 1.44521E-6 2.69994E-6 8.11786E-7 8.77512E-6 6.36189E-5 3.48272E-5 4.51738E-5 6.99182E-6
-9999 -9999 -9999 -9999 -9999 -9999 -9999 6.42433E-5 1.11202E-4 1.52741E-4 1.03103E-4 1.77502E-4 2.12994E-4 2.05432E-4 1.16338E-5 1.25565E-5 1.55793E-5 4.87858E-5 5.27873E-5 2.02442E-5 5.609E-6 3.13828E-6 4.38621E-6 4.41592E-6 1.07635E-6 5.34256E-5 6.27819E-5 6.90401E-5 6.19953E-5 2.43022E-5 4.8898E-5 5.54121E-5 4.7504E-5 3.75133E-5 1.56437E-5 4.24345E-5 7.15968E-6 1.50205E-5 5.08141E-6 6.68157E-6 1.01297E-5 2.38194E-5 3.36683E-5 1.97506E-6 3.25396E-6 1.74892E-6 1.27822E-5 5.01737E-6 3.24664E-6 2.11296E-5 1.81356E-5 1.79243E-5 2.51901E-6 8.31982E-6 1.02917E-5 3.56378E-5 7.20363E-5 2.42184E-5 5.71386E-6 1.12902E-5 6.15356E-5 4.86855E-5 8.18732E-5 3.78589E-5 1.75744E-5 1.75141E-5
-9999 -9999 -9999 -9999 -9999 -9999 -9999 4.40576E-5 1.682E-4 1.68058E-4 1.21594E-4 1.48986E-4 2.28677E-4 1.85594E-4 4.7206E-5 8.43899E-5 2.77793E-5 1.10294E-4 1.02115E-4 2.41447E-5 1.03844E-5 3.10019E-5 2.52532E-6 6.33931E-7 1.03166E-5 1.1206E-5 3.68526E-5 7.1208E-5 9.50606E-6 2.34433E-5 3.41986E-5 4.35033E-5 5.0049E-5 7.03771E-5 5.95007E-5 7.91481E-6 2.02442E-5 4.18527E-5 1.62493E-5 5.50969E-6 3.97091E-6 2.19698E-5 8.35538E-6 5.97827E-6 2.96431E-6 5.01645E-7 1.08543E-5 2.40461E-6 3.07575E-6 2.61166E-6 3.85003E-6 1.5456E-5 1.76942E-5 2.37956E-5 4.81351E-5 4.01843E-5 1.94827E-5 2.61405E-5 8.63801E-6 2.12566E-5 1.617E-5 8.41688E-5 1.74315E-5 2.50652E-5 3.38966E-5 1.71624E-5
-9999 -9999 -9999 -9999 -9999 -9999 -9999 2.51676E-5 5.44127E-5 1.99308E-4 1.58437E-4 1.97236E-4 2.3298E-4 2.30299E-4 4.06034E-6 6.1991E-6 3.97114E-5 1.83742E-4 1.4281E-4 6.01751E-5 5.30621E-6 1.27126E-4 4.23668E-5 1.18512E-5 1.85571E-7 1.81948E-5 4.37096E-5 3.83184E-5 1.11424E-5 5.08186E-6 4.75405E-6 5.11271E-5 6.20756E-5 3.85655E-5 7.55109E-5 4.30011E-5 2.10446E-5 1.43264E-5 4.48672E-5 1.89268E-5 6.82962E-6 1.84355E-6 3.00334E-6 1.14459E-6 4.0377E-7 2.82143E-6 3.96183E-5 1.11217E-5 8.94942E-7 5.12868E-5 4.94211E-6 1.11188E-5 7.43888E-6 1.56747E-5 8.53188E-5 7.38861E-5 1.30904E-5 5.24117E-5 1.86495E-5 3.27451E-6 7.13337E-6 2.10512E-6 9.76265E-6 3.43712E-5 4.75335E-5 2.48728E-5
-9999 -9999 -9999 -9999 -9999 -9999 -9999 5.80727E-5 1.28439E-4 1.8511E-4 1.4225E-4 1.70757E-4 2.20139E-4 2.67433E-4 1.07736E-4 1.43626E-4 5.19901E-5 1.22601E-5 2.40125E-6 9.37578E-6 1.3199E-5 1.65343E-5 1.38135E-5 2.94028E-5 3.06111E-5 2.04986E-5 1.00367E-5 2.53922E-5 4.01688E-5 2.58174E-6 6.78485E-6 2.73352E-5 1.84168E-5 3.34574E-5 2.81416E-5 3.20996E-5 1.84594E-5 2.13603E-5 9.89661E-6 9.60732E-6 1.10805E-5 6.42287E-6 6.90582E-6 1.45581E-6 1.15935E-6 9.20007E-6 5.13705E-6 9.39557E-7 2.64041E-6 1.87646E-5 6.15187E-5 1.92568E-5 2.36876E-5 1.74294E-5 8.141E-5 2.87397E-5 2.40347E-5 4.80776E-5 1.26671E-5 1.24298E-5 1.38474E-6 5.56734E-6 1.44315E-5 3.08202E-5 1.90708E-5 1.59354E-5
-9999 -9999 -9999 -9999 -9999 -9999 -9999 2.77994E-5 1.25223E-4 1.89331E-4 1.43721E-4 1.12017E-4 1.40251E-4 2.24106E-4 1.27754E-4 5.50009E-5 2.03549E-4 5.57349E-5 1.14647E-4 8.01815E-5 1.63245E-4 1.19555E-4 3.41694E-5 3.23654E-5 2.6227E-5 1.38265E-5 2.23938E-5 4.02564E-5 1.15816E-5 6.83462E-6 2.31559E-5 4.20944E-5 3.44563E-5 6.38678E-5 7.69898E-5 2.91528E-5 1.20629E-5 7.07218E-6 1.83732E-6 2.94109E-6 3.74708E-6 2.11158E-6 7.75148E-7 6.05418E-6 1.52705E-5 1.42625E-5 8.72132E-6 3.82526E-5 2.04688E-5 5.33022E-5 5.87732E-5 5.34887E-5 2.55248E-5 5.07708E-5 7.55431E-5 1.27687E-5 3.6145E-5 7.91696E-6 5.14833E-6 6.88345E-6 2.57997E-6 7.71638E-7 4.41396E-5 1.18722E-5 1.63313E-5 3.54881E-5
-9999 -9999 -9999 -9999 -9999 -9999 -9999 3.81653E-5 5.85999E-6 1.54814E-4 1.39403E-4 1.01065E-4 1.33802E-4 1.93143E-4 1.96969E-4 9.99695E-5 4.11141E-5 2.93134E-6 6.22416E-6 8.53949E-5 4.68803E-5 7.64305E-5 2.66403E-5 1.38264E-5 2.40263E-5 8.54288E-5 2.56357E-5 3.8927E-5 6.63926E-5 2.3824E-5 1.1214E-5 1.89303E-5 5.44661E-6 3.75146E-5 2.94465E-5 2.65203E-5 1.05515E-5 1.3625E-5 1.37004E-5 9.3031E-7 1.36044E-6 1.60337E-5 1.25276E-5 6.44212E-5 1.65012E-5 3.684E-5 1.89045E-5 7.15836E-6 1.43223E-5 3.88989E-5 4.67796E-5 4.61649E-5 4.6495E-5 2.76336E-5 3.0556E-5 3.87844E-5 3.26557E-5 1.59077E-5 1.24934E-5 2.77346E-5 4.88415E-5 1.13891E-5 1.26498E-5 2.13142E-5 1.89664E-5 1.47747E-5
-9999 -9999 -9999 -9999 -9999 -9999 -9999 1.67824E-5 3.13574E-6 6.25989E-5 1.27303E-4 7.33382E-5 1.46823E-4 1.90496E-4 1.57629E-4 4.94297E-5 1.52414E-4 1.80989E-5 2.24289E-5 7.74632E-5 1.71109E-5 3.53214E-5 1.77544E-5 1.204E-4 3.72098E-5 6.37119E-5 1.08255E-4 3.38983E-5 6.67732E-5 4.86962E-5 9.58337E-5 1.42974E-5 6.74578E-6 2.82276E-5 3.23212E-5 5.41993E-5 5.50606E-5 7.05922E-5 3.55638E-5 5.29335E-5 1.08794E-6 1.59071E-5 5.30792E-6 2.35772E-5 8.45958E-6 1.4097E-5 3.73992E-5 2.43999E-5 3.13022E-5 4.0726E-5 4.13562E-5 3.57012E-5 3.84556E-5 2.18498E-5 3.86838E-5 4.72693E-5 1.92054E-5 3.55698E-5 3.04977E-5 8.1324E-6 8.32106E-6 6.03976E-6 4.73553E-5 7.92263E-6 1.45924E-5 2.1067E-5
-9999 -9999 -9999 -9999 -9999 -9999 -9999 5.37389E-5 5.57298E-6 3.69568E-5 1.33146E-4 1.24687E-4 1.39467E-4 2.26034E-4 2.34956E-4 2.27542E-4 3.74756E-5 4.67804E-5 3.1579E-5 5.2735E-6 5.05169E-6 1.26337E-5 3.41155E-5 2.86273E-5 2.13997E-5 9.59672E-5 1.3961E-4 9.77791E-5 4.73183E-5 2.03803E-5 2.54008E-5 5.62233E-5 2.14702E-5 4.80799E-5 5.74272E-5 6.60156E-5 7.22664E-6 5.56737E-5 1.90606E-5 4.39778E-6 9.27335E-6 1.91859E-5 6.9785E-5 2.05764E-5 9.55794E-6 2.35187E-5 2.17812E-5 1.25824E-5 9.14136E-6 1.05926E-5 2.58276E-5 2.13833E-5 2.48753E-5 4.70781E-5 4.82522E-5 3.20839E-5 2.18154E-5 3.31646E-5 6.44849E-6 5.12952E-5 1.05368E-5 2.43178E-6 5.13927E-5 4.92963E-5 2.49793E-5 1.95856E-5
