catData/rasterBestHybridModels/Pbengalensis/RD_BM01_RM2_LQ/Pbengalensis_median.asc
ncols         409
nrows         350
xllcorner     60.897278365
yllcorner     5.843756025
cellsize      0.0892857
NODATA_value  -9999
[rows 116 to 144 of 350, columns 198 to 263 of 409]
2.75716E-5 2.9141E-5 3.07805E-5 3.03135E-5 3.22391E-5 3.42835E-5 3.50409E-5 3.46611E-5 3.20864E-5 3.34189E-5 3.36919E-5 3.16753E-5 3.26442E-5 3.31081E-5 3.17436E-5 3.28131E-5 3.54451E-5 3.72561E-5 4.13347E-5 4.42796E-5 4.56811E-5 4.65978E-5 4.87761E-5 4.7568E-5 4.50455E-5 4.22897E-5 4.60367E-5 5.25385E-5 6.06115E-5 5.84772E-5 5.43084E-5 5.45333E-5 4.87445E-5 4.39759E-5 4.37686E-5 4.14008E-5 4.30225E-5 4.98124E-5 5.90495E-5 6.48691E-5 6.68191E-5 6.45799E-5 6.51349E-5 6.77903E-5 6.78614E-5 6.71151E-5 6.76988E-5 6.75128E-5 6.37617E-5 6.71304E-5 6.85709E-5 6.87113E-5 6.75355E-5 8.15785E-5 8.47877E-5 7.66724E-5 8.03891E-5 9.22049E-5 9.30822E-5 8.51946E-5 7.51558E-5 7.63475E-5 7.41473E-5 7.75093E-5 8.82554E-5 9.52097E-5
3.09714E-5 3.2922E-5 3.45726E-5 3.2061E-5 3.20379E-5 3.28475E-5 3.45012E-5 3.3589E-5 3.21647E-5 3.60895E-5 4.05639E-5 3.23975E-5 3.7138E-5 3.72135E-5 3.40172E-5 3.44528E-5 3.23086E-5 3.79076E-5 4.22261E-5 4.41091E-5 4.08083E-5 4.3849E-5 4.35243E-5 3.92439E-5 4.09676E-5 3.9735E-5 4.01715E-5 5.02791E-5 6.36677E-5 5.89378E-5 5.31702E-5 4.55884E-5 4.19311E-5 3.90525E-5 4.23501E-5 4.42331E-5 4.5468E-5 4.8982E-5 5.72511E-5 6.7799E-5 6.88278E-5 6.53348E-5 7.14365E-5 6.96419E-5 7.04345E-5 7.47169E-5 7.09206E-5 6.49754E-5 5.45205E-5 5.86858E-5 6.10881E-5 5.8209E-5 6.41054E-5 7.19187E-5 7.19802E-5 6.61472E-5 7.00619E-5 7.58662E-5 8.06936E-5 8.25451E-5 7.49622E-5 6.73757E-5 6.75337E-5 7.84373E-5 8.53628E-5 9.54357E-5
3.50114E-5 3.16731E-5 3.3467E-5 3.39445E-5 2.80835E-5 1.67004E-5 3.06471E-5 2.9381E-5 2.96538E-5 3.35215E-5 3.53875E-5 3.00421E-5 3.61334E-5 3.62224E-5 3.66578E-5 3.63695E-5 3.31058E-5 3.39231E-5 3.94745E-5 4.41644E-5 3.56626E-5 4.25856E-5 4.2301E-5 3.87604E-5 4.61489E-5 4.35526E-5 4.38027E-5 4.93871E-5 5.57684E-5 5.47692E-5 5.12585E-5 4.78847E-5 4.38278E-5 4.18456E-5 4.59308E-5 3.86781E-5 4.95484E-5 4.73185E-5 5.23117E-5 5.77672E-5 6.02194E-5 6.00112E-5 6.56048E-5 6.53677E-5 6.9387E-5 7.5715E-5 7.63192E-5 6.62327E-5 5.98218E-5 5.95828E-5 5.37105E-5 5.57379E-5 6.03399E-5 6.53128E-5 4.17773E-5 6.62423E-5 7.02549E-5 7.23163E-5 8.18967E-5 7.93795E-5 7.28097E-5 6.66111E-5 7.04681E-5 8.03092E-5 9.11284E-5 1.07134E-4
3.11528E-5 2.87027E-5 2.48615E-5 2.46151E-5 2.79053E-5 9.01646E-6 1.91647E-5 2.07911E-5 2.10179E-5 2.1301E-5 3.54154E-5 3.50486E-5 3.43811E-5 3.14917E-5 3.50163E-5 3.63504E-5 3.42886E-5 3.11513E-5 3.60008E-5 3.46707E-5 3.70092E-5 3.72413E-5 3.91329E-5 4.24298E-5 4.57954E-5 4.62714E-5 4.40223E-5 4.67479E-5 5.1723E-5 5.39439E-5 5.31237E-5 5.02393E-5 4.56653E-5 4.73615E-5 4.95796E-5 5.2491E-5 4.29966E-5 5.01822E-5 4.67109E-5 4.92906E-5 4.82662E-5 4.97049E-5 5.33675E-5 6.03226E-5 7.17917E-5 6.47367E-5 6.66523E-5 6.29818E-5 6.2553E-5 6.55607E-5 5.41513E-5 5.65738E-5 5.96329E-5 6.02247E-5 5.91411E-5 5.85604E-5 7.20701E-5 6.43328E-5 6.65846E-5 6.83153E-5 6.31582E-5 6.68204E-5 7.48596E-5 7.82302E-5 8.69377E-5 1.00424E-4
2.87984E-5 2.89973E-5 1.98057E-5 2.73205E-5 2.3807E-5 1.99649E-5 1.68445E-5 3.46708E-5 3.06389E-5 1.74714E-5 2.57789E-5 2.58566E-5 3.47277E-5 3.16865E-5 3.00963E-5 3.22473E-5 3.34255E-5 3.02509E-5 3.13033E-5 3.49626E-5 3.54939E-5 3.38909E-5 3.82316E-5 4.20479E-5 3.94489E-5 4.04912E-5 2.49055E-5 3.07503E-5 4.38563E-5 5.07787E-5 5.14002E-5 4.83153E-5 4.9591E-5 5.13771E-5 4.9071E-5 5.18697E-5 4.70139E-5 4.88517E-5 5.12684E-5 4.33251E-5 5.07085E-5 4.6163E-5 5.20102E-5 5.569E-5 5.71065E-5 5.90451E-5 6.88026E-5 6.20105E-5 6.28529E-5 6.28054E-5 6.3608E-5 6.71136E-5 6.70221E-5 7.55282E-5 6.08447E-5 5.80153E-5 6.45041E-5 5.82657E-5 5.52322E-5 6.02013E-5 6.6486E-5 7.346E-5 8.37537E-5 8.27385E-5 8.30637E-5 8.41636E-5
2.16819E-5 3.10488E-5 2.10028E-5 1.86149E-5 2.20373E-5 1.40057E-5 2.53576E-5 3.46047E-5 3.25073E-5 1.64171E-5 1.42799E-5 1.99116E-5 2.74543E-5 3.44753E-5 3.5254E-5 2.26044E-5 3.08042E-5 3.30924E-5 3.27148E-5 3.04251E-5 3.01134E-5 3.08526E-5 3.38642E-5 3.73315E-5 4.18915E-5 3.89392E-5 3.42514E-5 3.1793E-5 4.34543E-5 4.03613E-5 4.49558E-5 4.51753E-5 4.81945E-5 5.2034E-5 4.73994E-5 4.72943E-5 3.45285E-5 2.02432E-5 5.03033E-5 1.05601E-5 3.56027E-5 4.97764E-5 5.21034E-5 5.62171E-5 5.539E-5 5.43847E-5 5.78278E-5 5.65184E-5 5.60551E-5 5.66248E-5 6.29266E-5 6.10146E-5 6.29775E-5 6.28506E-5 6.33006E-5 6.89817E-5 5.91362E-5 5.98243E-5 6.08453E-5 6.27126E-5 7.02532E-5 7.58028E-5 9.36939E-5 8.13699E-5 8.04389E-5 8.95155E-5
1.28509E-5 1.27858E-5 3.57622E-6 7.28472E-6 6.70628E-6 1.61436E-5 3.76195E-6 2.36837E-5 3.74902E-5 2.38277E-5 2.94581E-5 1.02851E-5 2.45378E-5 3.40481E-5 2.99754E-5 2.70267E-5 3.17925E-5 3.58112E-5 3.48243E-5 3.11164E-5 3.01677E-5 3.34213E-5 3.42998E-5 3.51542E-5 3.80042E-5 3.25738E-5 2.31939E-5 2.71386E-5 4.29331E-5 4.62098E-5 4.83041E-5 4.40846E-5 4.57696E-5 4.45222E-5 4.25163E-5 4.70892E-5 5.0082E-5 4.64882E-5 4.10015E-5 4.23131E-5 4.41868E-5 4.87817E-5 5.64721E-5 5.17142E-5 4.91887E-5 5.09083E-5 5.09996E-5 5.33183E-5 5.39797E-5 5.11587E-5 5.05933E-5 5.17394E-5 5.42562E-5 6.41648E-5 6.02137E-5 6.27821E-5 5.97554E-5 5.82137E-5 6.36696E-5 6.94367E-5 7.32907E-5 5.77185E-5 7.08311E-5 6.84078E-5 7.11736E-5 7.74698E-5
4.61694E-6 1.59864E-5 8.91574E-6 1.16971E-6 7.28679E-6 6.83173E-6 6.08382E-6 1.39825E-5 1.12088E-5 1.33366E-5 3.23186E-5 2.42311E-5 1.48334E-5 1.33561E-5 3.20325E-5 2.83369E-5 3.09725E-5 3.21265E-5 3.19468E-5 2.92386E-5 2.99255E-5 3.65583E-5 3.9381E-5 3.6069E-5 3.07935E-5 3.50214E-5 3.51556E-5 4.82797E-5 4.40429E-5 4.11454E-5 4.4336E-5 4.8278E-5 5.1583E-5 4.46998E-5 3.99374E-5 4.34839E-5 3.80649E-5 5.0568E-5 4.13808E-5 4.1954E-5 4.33832E-5 4.46655E-5 4.6667E-5 4.60127E-5 4.76857E-5 5.21979E-5 5.18689E-5 5.22404E-5 5.32545E-5 5.22078E-5 5.29858E-5 5.36887E-5 5.00965E-5 5.18719E-5 5.5232E-5 5.89179E-5 5.4266E-5 5.10449E-5 5.5673E-5 6.17783E-5 6.47556E-5 7.64241E-5 6.91091E-5 5.33154E-5 5.9389E-5 7.04414E-5
2.53889E-5 2.6176E-5 2.24406E-5 6.54613E-6 1.27111E-5 2.11999E-5 1.43918E-5 1.53785E-5 2.97825E-5 1.47147E-5 1.2331E-5 2.94441E-5 1.19602E-5 3.30504E-5 3.26353E-5 3.32793E-5 2.85615E-5 1.75855E-5 3.1887E-5 1.50572E-5 2.91032E-5 2.3887E-5 3.72687E-5 3.57923E-5 3.81243E-5 3.58542E-5 3.59418E-5 3.79496E-5 3.82375E-5 3.71352E-5 4.07422E-5 2.86062E-5 4.42957E-5 4.31064E-5 4.46202E-5 4.56253E-5 3.45648E-5 3.60347E-5 3.80263E-5 4.51218E-5 4.74646E-5 4.62523E-5 4.07239E-5 3.85858E-5 4.31077E-5 4.88842E-5 4.99026E-5 4.88947E-5 4.99664E-5 4.71132E-5 4.73686E-5 4.7125E-5 4.4001E-5 4.73002E-5 4.76301E-5 4.5044E-5 5.00186E-5 4.71377E-5 4.97261E-5 5.52267E-5 6.32469E-5 6.41723E-5 7.32911E-5 5.70095E-5 5.765E-5 6.35275E-5
2.14408E-5 1.42812E-5 2.62763E-5 5.76863E-6 8.03248E-6 2.94844E-5 2.47209E-5 1.12415E-5 3.06157E-5 1.45609E-5 1.12205E-5 2.5897E-6 1.27676E-5 1.52804E-5 1.87706E-5 1.46679E-5 2.05057E-5 2.7288E-5 2.89489E-5 1.51647E-5 1.8034E-5 2.93904E-5 3.45857E-5 3.53445E-5 2.56426E-5 3.67349E-5 3.41144E-5 3.41245E-5 3.66345E-5 3.46771E-5 3.496E-5 4.41618E-5 3.98075E-5 3.80301E-5 4.07101E-5 4.47641E-5 1.90092E-5 3.8168E-5 3.74399E-5 3.49815E-5 4.71754E-5 4.62885E-5 4.01428E-5 3.71281E-5 3.86139E-5 4.29588E-5 4.40331E-5 4.22643E-5 4.38659E-5 4.54031E-5 4.90374E-5 4.66961E-5 4.19934E-5 4.0168E-5 4.22673E-5 4.69945E-5 4.8121E-5 4.67311E-5 5.32073E-5 5.63377E-5 5.86027E-5 5.71273E-5 6.49409E-5 7.41014E-5 6.79637E-5 6.96186E-5
1.96401E-5 2.05902E-5 1.54107E-5 2.27439E-6 2.81562E-5 1.51561E-5 1.20213E-5 9.93954E-6 1.18201E-5 5.92939E-6 8.79799E-6 2.41805E-6 1.29644E-5 2.25441E-5 3.83228E-6 2.0423E-5 1.77536E-5 1.74937E-5 2.0038E-5 2.06743E-5 1.63104E-5 2.63853E-5 2.92083E-5 3.42239E-5 3.0665E-5 2.79348E-5 3.0785E-5 3.62544E-5 3.17219E-5 1.34795E-5 3.15695E-5 4.05358E-5 4.63633E-5 4.01239E-5 2.30554E-5 2.13744E-5 4.13918E-5 4.36411E-5 4.21195E-5 3.91135E-5 3.70741E-5 4.04628E-5 4.25263E-5 4.23416E-5 4.19038E-5 4.59884E-5 4.72359E-5 4.39843E-5 4.00417E-5 4.18415E-5 4.50994E-5 4.35274E-5 4.0698E-5 4.06284E-5 3.82324E-5 4.16895E-5 4.16708E-5 4.242E-5 4.84608E-5 4.98394E-5 4.79793E-5 4.601E-5 4.7623E-5 5.33219E-5 4.81852E-5 4.78754E-5
2.32818E-5 3.12785E-6 1.71389E-5 1.17503E-5 1.41264E-5 5.53391E-7 2.26386E-6 2.35002E-5 7.98402E-6 1.93501E-6 1.37432E-5 8.64854E-6 1.69188E-6 2.73054E-5 2.11938E-5 2.17326E-5 2.88044E-5 2.67259E-5 2.08883E-5 8.03485E-6 7.98358E-6 1.57962E-5 2.82835E-5 1.82834E-5 2.47359E-5 2.2602E-5 3.24528E-5 3.54494E-5 2.62915E-5 1.81514E-5 3.85768E-5 2.13662E-5 4.81374E-5 4.61673E-5 2.55086E-5 3.41563E-5 4.56497E-5 3.55998E-5 4.6215E-5 3.92858E-5 3.71891E-5 3.0197E-5 4.63391E-5 4.55367E-5 4.20168E-5 4.03988E-5 3.82731E-5 4.47823E-5 4.48258E-5 4.31997E-5 3.80623E-5 4.10177E-5 4.42649E-5 4.47002E-5 4.10452E-5 4.10043E-5 4.1527E-5 4.4846E-5 4.37945E-5 3.83191E-5 3.92552E-5 3.91709E-5 4.06432E-5 4.00325E-5 4.62693E-5 5.01013E-5
9.83056E-6 1.74999E-5 2.94911E-6 4.55447E-7 9.87822E-7 1.5676E-6 4.85898E-6 4.33226E-6 1.17041E-5 2.75264E-7 9.75275E-7 6.55227E-6 2.63412E-6 2.28683E-5 2.43762E-5 1.71338E-5 2.34159E-5 1.91415E-5 2.17704E-5 1.03166E-5 2.51065E-5 2.93181E-5 2.91044E-5 9.6072E-6 2.04515E-5 9.4041E-6 2.70049E-5 2.28002E-5 3.49477E-5 3.60566E-5 4.02899E-5 3.20078E-5 4.07539E-5 3.61178E-5 3.66873E-5 3.74921E-5 4.33975E-5 4.44937E-5 4.31006E-5 4.43754E-5 3.71039E-5 2.82021E-5 4.33216E-5 4.2853E-5 4.42733E-5 4.53267E-5 4.40121E-5 4.33081E-5 4.78768E-5 4.35153E-5 3.87629E-5 4.20763E-5 4.29012E-5 4.32133E-5 3.86646E-5 4.27152E-5 4.30301E-5 4.21731E-5 4.20197E-5 3.91431E-5 3.77555E-5 4.00818E-5 3.76755E-5 4.06377E-5 4.36162E-5 4.62337E-5
4.84363E-6 2.54329E-5 2.05581E-5 1.0245E-5 9.47748E-6 2.37876E-5 2.40682E-5 1.21547E-5 1.98168E-5 8.03768E-7 2.02097E-6 1.37999E-5 1.02136E-5 2.94362E-5 2.71409E-5 2.38672E-5 2.27176E-5 2.3914E-5 2.08447E-5 6.67467E-6 2.65454E-5 1.52123E-5 1.27243E-5 1.96786E-5 1.19233E-5 5.63148E-6 1.30974E-5 1.03348E-5 1.63372E-5 2.95989E-5 3.86021E-5 3.6585E-5 3.65588E-5 2.52934E-5 2.4131E-5 3.85607E-5 2.62337E-5 4.07581E-5 4.24298E-5 4.6504E-5 4.19723E-5 3.81276E-5 4.22666E-5 4.30378E-5 4.15678E-5 4.25019E-5 4.06474E-5 4.25262E-5 4.19163E-5 3.96659E-5 3.91928E-5 4.25769E-5 4.25178E-5 3.83164E-5 3.65111E-5 4.10732E-5 4.02976E-5 3.80406E-5 3.41762E-5 4.00213E-5 4.10432E-5 3.95405E-5 4.27906E-5 3.93773E-5 3.93625E-5 4.17598E-5
2.92068E-6 1.85494E-6 1.12112E-6 7.25246E-6 2.24633E-5 2.58753E-5 2.29708E-5 7.22634E-7 1.85478E-6 3.47896E-7 1.69011E-5 2.41326E-5 2.30331E-5 2.52349E-5 2.426E-5 2.78435E-5 2.5999E-5 2.76427E-5 2.55581E-5 1.42231E-5 2.84408E-5 2.10105E-5 4.86608E-6 1.12887E-5 1.5946E-5 2.68828E-5 1.28897E-5 6.52914E-7 2.38794E-5 3.65465E-5 2.91324E-5 3.97079E-5 3.96756E-5 3.95913E-5 4.24214E-5 2.32402E-5 4.3121E-5 4.41613E-5 3.98164E-5 4.00009E-5 4.16859E-5 3.95576E-5 4.29178E-5 4.28329E-5 4.21251E-5 4.17804E-5 4.21464E-5 4.7604E-5 4.24749E-5 3.91106E-5 3.69062E-5 3.90954E-5 3.88941E-5 3.5293E-5 3.77736E-5 4.07372E-5 3.9619E-5 3.46498E-5 3.1984E-5 3.30693E-5 3.53369E-5 3.53236E-5 3.72913E-5 3.70042E-5 3.95539E-5 4.26237E-5
1.34242E-7 2.62434E-6 6.37047E-6 1.24906E-5 1.2209E-5 2.36971E-5 7.24222E-8 2.65002E-7 1.39018E-5 7.30005E-6 3.58219E-6 8.80166E-6 3.03694E-6 3.90929E-6 2.58321E-5 1.57946E-5 2.61266E-5 2.50209E-5 2.34274E-5 1.76824E-5 2.16057E-5 2.36149E-5 2.54341E-5 3.19413E-5 2.91139E-5 2.52141E-5 1.16348E-5 2.51357E-5 2.36868E-5 3.32815E-5 3.13817E-5 3.48321E-5 3.88312E-5 3.86153E-5 3.83635E-5 2.8525E-5 2.46541E-5 1.59711E-5 2.92874E-5 3.18163E-5 4.50484E-5 4.04163E-5 4.02886E-5 4.43441E-5 4.18812E-5 4.0888E-5 3.93388E-5 4.14127E-5 3.97275E-5 4.14387E-5 4.00351E-5 3.98667E-5 3.88573E-5 3.64502E-5 3.58273E-5 3.8581E-5 3.76678E-5 3.2779E-5 2.97143E-5 2.98341E-5 3.14287E-5 3.25479E-5 3.74502E-5 4.09458E-5 3.97573E-5 4.19046E-5
8.20858E-8 1.52333E-6 3.82488E-6 4.47615E-6 1.34139E-5 2.83961E-5 5.2515E-6 9.88166E-6 2.33703E-5 2.54889E-5 1.24378E-5 1.48866E-5 1.01286E-5 1.47155E-6 1.48107E-5 1.69616E-5 2.01632E-5 2.17525E-5 1.46929E-5 4.78516E-6 2.90296E-5 3.26729E-5 3.35876E-5 1.38431E-5 7.50427E-6 2.1171E-5 1.14111E-5 1.23367E-5 5.58771E-6 7.41004E-6 4.17358E-6 2.25836E-5 7.13683E-6 3.19282E-7 2.45139E-6 2.6621E-5 3.20961E-5 3.3931E-5 3.46618E-5 4.37262E-5 3.84058E-5 3.21176E-5 3.69131E-5 3.94718E-5 3.84532E-5 3.96555E-5 4.09613E-5 3.8882E-5 4.05599E-5 3.9531E-5 3.49536E-5 4.00006E-5 4.3677E-5 3.85167E-5 3.28325E-5 2.92941E-5 3.25109E-5 3.07609E-5 2.97327E-5 2.61464E-5 2.96726E-5 3.3126E-5 3.74103E-5 3.95144E-5 3.81172E-5 3.91847E-5
1.35661E-6 6.26468E-6 1.00948E-7 5.23661E-7 1.07208E-5 2.55446E-5 2.17411E-5 4.32004E-6 6.26974E-6 3.19664E-6 3.24983E-6 1.81635E-5 2.23912E-5 2.71776E-5 2.40294E-5 1.03802E-5 1.58391E-5 1.5525E-5 2.32923E-5 1.46318E-5 2.78418E-6 2.61954E-5 2.46914E-5 2.25609E-5 1.55884E-5 2.26406E-5 1.94995E-5 5.81191E-6 1.71134E-5 5.57045E-6 6.87172E-6 9.65176E-7 5.81499E-7 1.87302E-6 6.3582E-6 1.47946E-5 1.41797E-5 8.81951E-6 1.02608E-5 1.57035E-5 2.18536E-5 2.45419E-5 1.97381E-5 9.82892E-6 3.24891E-5 3.96884E-5 3.98245E-5 3.83435E-5 3.97883E-5 3.71809E-5 3.68418E-5 3.60015E-5 3.81704E-5 3.61644E-5 3.22209E-5 3.02405E-5 3.54552E-5 3.38399E-5 3.12051E-5 2.83825E-5 3.09633E-5 3.38803E-5 3.81071E-5 3.9869E-5 3.81023E-5 3.0662E-5
2.51841E-6 1.31454E-5 4.34348E-6 2.12549E-7 5.59244E-6 1.35074E-5 5.60333E-6 2.38713E-5 1.48135E-5 2.4594E-5 1.70103E-5 1.74347E-5 1.97938E-5 1.42885E-5 1.87862E-5 9.23827E-6 1.26759E-5 8.85923E-6 6.70815E-6 1.71563E-5 2.45176E-5 4.94676E-6 1.34378E-5 1.37396E-5 1.64013E-5 2.26037E-5 2.51808E-6 9.41505E-6 2.47419E-6 7.8791E-7 2.11194E-6 8.25241E-7 2.87992E-7 1.39936E-5 1.33131E-5 1.38225E-5 1.70858E-6 3.91291E-6 8.04544E-6 2.91096E-7 5.94982E-8 1.1955E-7 1.41824E-7 6.85974E-7 3.23568E-7 7.42402E-7 1.58422E-7 1.01484E-6 1.05797E-6 3.0677E-5 3.039E-5 2.2864E-5 3.96573E-5 3.59134E-5 3.34337E-5 3.88622E-5 3.30643E-5 3.8293E-5 3.3391E-5 2.98372E-5 3.00019E-5 3.14432E-5 3.31853E-5 3.77196E-5 4.04226E-5 2.49922E-5
3.12797E-6 2.75826E-6 6.27162E-6 3.38035E-6 6.06105E-7 3.69499E-6 7.21386E-6 6.30631E-6 1.9252E-5 1.87899E-5 1.16928E-5 2.61158E-5 5.91361E-6 1.3575E-5 3.97204E-6 2.21241E-6 2.38106E-6 1.18313E-5 2.24951E-5 1.22159E-5 1.32409E-5 1.84372E-5 1.39568E-5 2.74657E-6 3.09568E-6 4.4392E-6 5.93022E-6 4.61118E-6 2.00338E-5 7.5295E-6 1.45818E-5 1.3269E-5 2.30194E-5 2.44349E-5 3.09578E-5 2.48776E-5 2.07366E-5 8.07631E-6 2.50669E-5 1.2064E-5 7.71097E-7 7.49442E-7 3.29491E-6 5.32315E-6 7.85728E-7 2.49958E-6 3.57297E-6 1.31346E-7 2.32659E-7 9.42714E-6 2.7941E-5 2.48314E-5 1.29946E-5 2.77139E-5 3.31806E-5 3.25914E-5 4.08707E-5 3.87675E-5 3.37254E-5 3.00073E-5 3.21452E-5 3.49384E-5 3.5767E-5 3.54366E-5 3.12136E-5 4.02998E-5
9.67922E-6 7.60286E-6 8.57816E-6 2.52705E-6 1.20514E-6 9.53167E-6 2.46053E-5 3.19987E-6 1.54812E-5 3.73637E-6 1.52687E-5 6.1517E-6 6.84766E-7 5.58535E-6 1.58753E-5 4.6164E-7 1.58508E-6 5.99577E-6 1.27669E-5 1.52408E-5 1.59381E-5 1.5759E-5 1.12271E-5 4.07784E-6 4.48299E-6 1.99851E-5 1.38763E-5 1.92619E-5 1.17867E-5 1.24602E-5 2.80618E-5 8.20862E-6 1.14397E-5 3.821E-6 1.48729E-6 2.18351E-6 9.27983E-6 1.57997E-5 1.61898E-5 3.86641E-6 7.84763E-6 2.46898E-6 2.63128E-7 4.25304E-7 4.18955E-7 2.36099E-6 2.5165E-5 8.08527E-6 3.2544E-5 1.66978E-5 2.86283E-5 1.62151E-5 2.57057E-5 3.59587E-5 3.31918E-5 3.44258E-5 2.96714E-5 3.69632E-5 1.52838E-5 3.03806E-5 3.18453E-5 1.90466E-5 3.96348E-5 3.74647E-5 3.53297E-5 3.75678E-5
6.75209E-6 2.67261E-5 2.07167E-5 8.43922E-7 2.02144E-6 1.98842E-5 1.91003E-5 2.48056E-6 1.21217E-5 4.04399E-7 1.22575E-6 1.76019E-6 9.51615E-7 2.21616E-7 5.12772E-6 8.67943E-6 2.70457E-7 1.28018E-5 1.49383E-5 1.26377E-5 2.11836E-6 6.36574E-6 1.2126E-5 2.30083E-6 1.87899E-6 1.06272E-6 5.6411E-6 1.4692E-5 5.04022E-6 3.50385E-6 6.18924E-6 8.26506E-6 2.1542E-6 7.02567E-6 1.93942E-7 1.7007E-6 1.53997E-6 9.21902E-7 6.46395E-7 4.92137E-7 4.72054E-6 7.98141E-6 2.21335E-7 5.69294E-7 5.67639E-6 3.93465E-6 1.02668E-5 2.17329E-5 4.6669E-5 3.28189E-5 3.34537E-5 3.54227E-5 2.39899E-5 1.48618E-5 3.01071E-5 4.00485E-5 3.50159E-5 2.30348E-5 3.30846E-5 1.64385E-5 2.45711E-5 3.70853E-5 3.29906E-5 3.80617E-5 4.13659E-5 3.78895E-5
2.04797E-5 2.06788E-5 2.42455E-5 4.47631E-6 1.46103E-6 2.99276E-6 3.61096E-7 6.87512E-7 6.10741E-6 3.38176E-6 4.64419E-6 3.06119E-7 1.87012E-6 1.13876E-7 1.80369E-6 3.80274E-6 1.16336E-5 1.234E-5 6.01611E-6 2.53506E-6 6.80107E-6 2.99008E-7 5.21327E-7 3.03321E-6 1.88213E-5 2.54557E-5 2.15647E-5 1.97256E-5 4.07416E-5 3.138E-5 2.77725E-5 3.27076E-5 1.58248E-5 5.60079E-7 1.73977E-6 2.07825E-6 1.71423E-5 4.40285E-5 1.35712E-6 6.53464E-8 1.8074E-7 1.53352E-6 9.15332E-8 7.37813E-8 5.90799E-6 3.15964E-7 1.6073E-6 3.5042E-6 4.79311E-5 5.1032E-5 5.30165E-5 4.46648E-5 3.95283E-5 1.27133E-5 6.07933E-6 6.29073E-6 3.16976E-5 2.20174E-5 1.96307E-5 1.90006E-5 9.63445E-6 2.44701E-5 3.00859E-5 3.9643E-5 4.44094E-5 4.43776E-5
2.04348E-7 1.4641E-7 1.16741E-5 2.35211E-5 1.69761E-6 6.56442E-7 3.35538E-7 5.40638E-7 2.10741E-6 1.72751E-6 2.91513E-6 2.07184E-6 2.92905E-6 5.84434E-6 6.49259E-6 1.46392E-5 2.06412E-5 9.96439E-6 1.44603E-7 1.45117E-7 3.26098E-7 1.70681E-6 1.19982E-5 3.83332E-5 6.9024E-6 1.40928E-5 1.03499E-5 2.05867E-5 2.08757E-5 1.93176E-5 1.30722E-5 8.91608E-6 2.22238E-5 5.81716E-6 9.37683E-6 1.27653E-6 1.2726E-6 6.12155E-8 3.69784E-8 1.99388E-7 1.0456E-7 6.01016E-7 1.36202E-8 3.91196E-8 6.65683E-8 1.56383E-7 2.20137E-6 7.08424E-7 1.70604E-6 6.83352E-7 1.90856E-5 3.63905E-5 3.29279E-5 1.26777E-5 2.72728E-5 8.72282E-6 3.86923E-5 5.05657E-5 4.3826E-5 3.0031E-5 2.26733E-5 3.99267E-5 4.4297E-5 4.16951E-5 4.17032E-5 4.2187E-5
5.45399E-9 1.37181E-8 3.8474E-8 3.18059E-7 8.14629E-7 1.55888E-6 2.18419E-7 4.17483E-7 1.51194E-6 2.00464E-5 1.92425E-5 2.10456E-5 1.26727E-5 1.2887E-5 1.12083E-5 5.98478E-6 2.91776E-6 2.09607E-6 3.73094E-8 3.63947E-6 2.19178E-6 7.56051E-7 9.13656E-7 5.02191E-7 6.99637E-6 1.18387E-5 2.97408E-5 2.11084E-5 1.9951E-5 1.323E-5 4.26418E-5 2.15705E-5 4.32618E-5 9.36243E-6 1.3835E-6 4.72244E-7 8.87171E-8 8.55773E-8 9.58105E-7 2.79016E-6 7.11951E-6 3.29279E-6 7.51166E-7 7.41051E-6 1.21453E-6 1.06183E-5 3.16247E-6 9.25915E-6 4.85265E-6 2.44509E-6 3.06331E-5 3.14836E-5 2.81846E-5 2.97685E-5 3.6492E-5 1.85786E-5 3.56007E-5 3.15717E-5 3.67111E-5 3.6122E-5 3.14231E-5 4.39607E-5 4.71276E-5 4.42474E-5 3.97456E-5 4.47725E-5
4.62678E-8 2.82708E-9 3.14999E-8 4.4349E-6 6.69487E-6 1.5671E-6 1.0251E-6 1.79584E-6 1.4566E-6 1.39903E-5 8.23239E-6 2.31629E-5 8.90174E-6 7.05009E-6 1.28499E-6 1.09739E-7 2.20865E-6 8.14257E-7 1.8028E-6 2.10178E-7 7.12405E-8 1.734E-6 9.6471E-6 3.60722E-5 8.71151E-6 2.56044E-6 2.29685E-5 1.31289E-5 1.20851E-5 1.54311E-5 3.73513E-5 9.48685E-6 4.51231E-6 1.37373E-7 2.16701E-6 7.41802E-7 4.91345E-6 6.14928E-6 4.67701E-6 2.75396E-6 3.31068E-7 1.41701E-6 2.05123E-5 1.29289E-5 6.25989E-6 7.41106E-6 1.20946E-5 1.14322E-5 4.3762E-6 4.15578E-6 6.481E-6 9.91631E-6 1.94985E-5 1.34781E-5 1.7132E-6 1.30588E-5 1.19705E-5 1.48338E-5 3.5597E-5 4.09552E-5 4.19204E-5 3.01093E-5 3.97522E-5 3.76711E-5 3.31594E-5 3.83206E-5
1.11856E-6 1.81271E-7 1.18396E-6 1.38088E-6 6.72537E-7 3.21454E-5 7.28283E-7 5.74627E-6 1.40138E-5 3.10737E-5 8.01588E-6 9.84854E-6 1.81752E-6 8.14267E-8 9.52668E-8 2.3081E-6 5.5171E-6 3.56702E-6 9.15071E-7 7.03072E-7 1.70624E-6 2.93239E-5 2.52533E-5 4.62018E-5 2.88006E-5 4.28394E-6 5.18647E-6 4.24266E-6 1.61732E-5 5.81318E-6 9.07282E-6 9.4966E-6 5.49097E-6 8.08834E-6 1.28865E-6 1.14733E-6 1.0239E-5 2.85487E-5 1.99858E-6 9.63551E-6 2.56714E-6 3.10204E-6 9.92927E-6 8.27193E-6 3.57243E-6 5.13183E-9 7.36457E-8 4.00203E-6 7.36445E-7 1.36462E-5 9.64567E-6 3.19467E-5 2.13744E-6 8.5257E-8 2.11895E-6 1.54888E-5 2.58456E-5 1.02606E-5 3.58675E-5 3.1804E-5 4.53159E-5 4.54363E-5 1.56328E-5 1.70042E-5 2.03718E-5 2.06647E-5
8.62336E-6 8.27575E-6 4.97335E-6 9.04942E-6 7.6427E-6 5.3878E-6 2.77148E-6 1.07003E-6 2.39919E-6 1.30902E-5 1.98179E-5 3.30436E-7 6.32485E-7 4.37281E-6 6.79475E-7 9.15854E-7 3.49539E-6 2.85889E-6 2.06826E-6 4.50499E-6 1.18067E-6 7.91644E-6 2.10825E-5 4.48117E-5 1.8221E-5 1.88531E-5 1.87614E-6 2.33986E-6 4.49642E-6 1.6164E-5 6.84649E-6 8.06992E-6 4.58674E-6 1.46963E-6 2.3437E-5 2.20628E-5 2.36509E-5 1.7556E-5 5.45634E-6 3.10393E-6 8.56394E-6 7.38864E-6 2.98756E-5 3.12189E-5 2.18898E-6 5.04506E-6 3.44048E-6 1.75153E-7 7.16593E-6 3.8045E-5 2.4926E-5 2.65251E-5 2.27097E-5 1.35338E-5 1.0941E-5 2.57302E-5 2.42777E-5 3.17352E-5 3.2506E-5 3.58662E-5 3.16578E-5 3.99223E-5 1.22255E-5 5.41159E-6 1.35588E-5 3.31857E-5
4.52738E-7 5.84724E-6 2.41931E-5 9.94946E-6 3.27947E-6 1.13973E-7 9.49019E-7 6.95976E-7 3.35513E-6 2.6106E-6 6.3275E-7 1.43338E-5 8.35083E-6 1.97679E-7 2.60807E-7 4.43313E-7 1.9592E-6 6.56657E-6 4.74158E-7 2.0518E-6 7.82938E-6 1.59097E-5 2.75933E-5 2.05153E-5 1.13269E-5 1.65777E-6 1.31448E-6 2.17719E-6 7.02508E-7 5.21817E-6 1.80614E-6 4.74424E-6 4.01166E-6 2.16809E-5 2.34634E-6 4.81441E-6 1.04167E-5 2.2793E-6 1.47222E-5 8.06083E-6 3.15654E-6 1.0081E-6 2.4962E-6 3.64105E-6 1.11096E-6 6.77759E-6 2.9004E-5 3.87501E-5 3.4297E-5 2.84997E-5 4.68551E-5 4.80105E-5 2.06915E-5 2.54968E-5 1.55226E-5 3.76111E-5 1.79538E-5 3.63473E-5 4.81865E-5 4.52047E-5 2.68419E-5 2.82173E-5 3.99719E-5 3.94531E-5 2.70888E-5 2.26605E-5
