catData/variables/futureClimate2070/rcp45/CCSM4_2070_rcp45/bio11.asc
NCOLS 409 
NROWS 350 
XLLCORNER 60.897278365 
YLLCORNER 5.843756025 
CELLSIZE 0.0892857 
NODATA_value -9999 
[rows 104 to 129 of 350, columns 236 to 294 of 409]
18.5563804906328 18.4855864483884 18.3344910281441 17.8098844292977 17.2359115113107 17.3683137391782 17.5878892369993 17.4739712984553 17.3457469147112 17.3439564866005 17.1042127278904 16.8311162139447 16.9007261208993 17.0637920652647 16.2710255705954 15.7455619681973 15.4510471534456 15.6401816668245 14.600829300362 14.1654190679691 15.3127833800385 15.9395549190018 15.760298528513 15.9937043149639 16.3745465346064 16.8166245622436 17.2710511642316 17.715903327516 17.5480333254821 15.6141881883663 16.037074869531 16.6623434635436 15.9460226464955 15.778673339344 16.1718641028578 13.8438933723976 12.9330757218569 12.2941395478615 11.7622899786537 12.7534143041239 14.5650133163023 14.6346317735469 14.0843794834177 13.0264904000079 10.2810203367191 7.58744106378615 11.0977991190433 10.8225055417049 6.23139085925056 -1.26121775698764 -3.98644697738156 -5.94178803040554 -2.1823518368234 -0.827689593364421 -6.67199485318204 -7.75655602454495 -6.90056982704843 -5.01209106773468 -2.53980701908181
18.6 18.6 18.519698622 18.4484677144807 18.1792563036069 17.6349085267427 17.7085072220635 17.8979302238986 18.0968640151559 18.3302888563794 18.5262695996027 18.6262758004131 18.607201832 18.4895424467269 18.3361489597517 18.0665699657 17.8598548385282 17.5037339453322 16.604074968182 16.4742666036035 17.2042370488955 17.782147292 17.7635003677159 18.0641710612614 18.3232930450965 18.4840585888407 18.5436469739448 18.5757628302007 18.5882075563752 17.7891223426378 16.3022284276412 15.0236094081891 13.6220337112579 12.8120762577458 12.5290237613103 11.8570978936222 11.7603497221701 12.6822717855897 12.6579829829297 12.664013207045 14.3988066784599 15.4992999118813 13.9923565424131 12.3459629702697 9.54871809459986 10.6006230549194 12.5890592780549 9.48860416015755 6.7791105628579 3.39287077404822 2.41674145583626 -1.5036135708721 1.53280747967723 2.36844040357038 -3.02661407573854 -3.60529108936832 -2.11934575730474 0.250757505980271 3.21757534068731
18.6163842500011 18.6 18.5584129040407 18.5060532969383 18.4510145260826 18.44821123 18.44821123 18.44821123 18.4602046898337 18.530301258 18.5819477397918 18.55178877 18.500058992 18.45178877 18.4176001762919 18.3647294846871 18.271487632 18.3813905653548 18.5401882863757 18.2759093333966 18.1565376556496 18.5391603492615 18.9778646497031 19.0718670440787 19.00715508 18.9163865770443 18.6234494794568 18.45536631 18.553208276585 18.5278022232118 18.0870043230147 16.5553066849549 16.0374727166442 14.1396163380682 11.6491476495248 10.8625127111945 11.0368620794271 11.5483827584927 10.8367619420285 11.3095879268594 13.4919754048026 14.7273729049997 13.8854254759988 12.5199461125258 9.68562485604121 12.0396270758829 12.3934267804264 9.13796442613838 8.65769396118429 7.25884202450215 4.87765870168328 3.80892849453931 6.57679766487382 7.30415862654636 4.54985714571321 2.76370769529127 3.89576824392326 6.68557631270381 10.501233553769
18.6151726076819 18.6 18.6 18.5609597156427 18.55535407 18.55535407 18.5504426483965 18.5 18.5 18.5135282784358 18.5279286642178 18.5 18.448270222 18.4 18.4 18.3673377974857 18.275052932 18.4302420260001 18.644527706 18.9021000864003 18.9887765265219 18.7321928625202 19.0702117757565 18.7155537492854 18.4264221812639 18.4359835021081 18.3556540426751 17.9611740586985 17.7145911461057 17.7506808752719 17.8334456378686 17.6122188796587 17.3555947651607 16.0719310125006 15.1993702139992 13.0864648681952 12.6242136450106 12.560647412135 11.2335209599271 10.7124558124391 11.6238417886985 12.9515023538323 14.5002575243874 13.4503040489307 11.5801029935912 12.8277163421063 13.6614743082531 10.1346638636105 10.2008131745349 7.83803547201638 5.59677624905864 7.21011895907483 9.65359308867442 11.2455985245913 8.40834203697312 5.80905658294509 9.13784901911306 13.3760254243938 14.5684329379292
18.6 18.6 18.6 18.6 18.6 18.53750309 18.5341755390824 18.5 18.5 18.5 18.5 18.4721345414864 18.4181028247999 18.4 18.4 18.4 18.4200703218897 18.545231991769 18.6925567074827 18.9666049011965 19.2077626132695 19.2674725472479 19.0901254569868 18.7855951678455 18.5391893997651 18.2189445497475 17.9021592888072 17.6697561407481 17.5709746862786 17.663066780334 17.7602059160955 17.7203318257615 17.4642210872773 17.0129410901099 16.9698210972359 16.196827263985 15.9292173716331 16.2218718774272 15.5970485764219 14.5629557395848 13.7830466105207 13.5577914089718 13.4863257486745 13.8243424355901 14.9387227253143 15.1546441722785 14.2396177646961 13.3898570370793 11.1316379511383 8.51704656468102 8.96999872040314 9.09457229264582 12.459587220265 12.7101650581804 9.68467923244155 7.96218374178312 11.6245372535042 16.5079868911919 17.2637255327819
18.623666582952 18.6 18.6 18.6 18.5341298092764 18.5 18.5 18.5 18.5 18.5 18.5 18.4864632941558 18.46963975 18.46963975 18.46963975 18.46963975 18.4940193762496 18.587443978 18.7604568415882 18.933819566 19.1481052460001 19.3206356566897 19.2394506912637 19.0878769288173 18.9094597942031 18.6695761211431 18.4649870658787 18.4535508011418 18.5061220204457 18.4470745419118 18.361917155385 18.1998594114661 17.8086491013583 17.4604225848851 17.6385351531283 17.5727381226284 17.7138789753582 17.6752061522363 17.8776140818646 17.5198966231952 16.9200051348237 16.3001043892284 15.1822649296415 15.096014042787 14.9974727501338 15.841167240571 14.5677174639041 15.2400217436695 12.8751662068442 11.4437528330742 13.0141062318025 12.8240187704689 15.1190826498463 13.995680954505 11.2385503493425 9.18207315825062 10.0693716932655 15.3437409628844 18.6620633455069
18.633984302 18.5438269797175 18.52321741 18.52321741 18.5738831378744 18.5754543295112 18.5 18.5 18.5 18.5 18.5 18.5 18.5397194633497 18.57678259 18.57678259 18.57678259 18.6384398835559 18.6738674068926 18.793330017341 18.9021312397895 19.0341498722379 19.1587318113136 19.2178406808652 19.1626638704167 19.039338732 18.9664307135199 18.9138459009285 18.87678259 18.87678259 18.7866391257261 18.673264282 18.5458192708292 18.3918400847615 18.162424958 18.2633880724517 18.2776045688228 18.1198752814129 17.8119565491687 17.9595401847604 18.3412583936583 18.3022337956203 18.0186246913791 17.4761369713778 16.9440361716563 16.1115412439978 14.9847993787146 14.4901488372306 14.9266438665409 14.302176608227 15.1918006519829 14.9008103072494 15.4579589359107 15.1739498428215 14.1896465777202 12.3002092908496 11.0806092361965 11.3090977833466 13.8051386295167 17.6314404880979
18.605462830414 18.5882400795982 18.5165321532176 18.5 18.5152044628492 18.5157964963351 18.5 18.5 18.5 18.5 18.5 18.5374197794404 18.5922407693755 18.6 18.655403756993 18.68392543 18.6968334926386 18.7733877345456 18.7991298542702 18.901729658 19.008872498 19.1025743967175 19.11607457 19.1112038116509 19.062556142 19 18.948270462 18.9 18.9 18.826841942 18.7870919759404 18.7698692251246 18.7526464743088 18.635979716507 18.6532024673228 18.6761428835843 18.7241723932282 18.7295128604596 18.7117938461016 18.5986179692138 18.4232779233474 18.2328470290333 17.8414030341508 17.3342109099999 17.0967361161546 16.8043362803671 16.4332542993367 14.4295304287041 12.6980938133066 15.4417397049733 16.6062055460063 16.3395433492352 16.3973476858466 15.627359813859 12.0682297205776 11.2222550100939 14.2161261091958 15.481176663976 17.4582920791328
18.6309489159029 18.6 18.519698622 18.5 18.5 18.5 18.5 18.5145851098151 18.59106827 18.59106827 18.59106827 18.5950506549174 18.6471094138995 18.69106827 18.6969645924668 18.76662399635 18.79106827 18.7988785300162 18.8861385788007 18.901729658 19.0007924675656 19.00893173 19.00893173 19.00893173 19.0055873457018 19 18.9953796573356 18.9374542138475 18.9 18.8934657197862 18.8179396313969 18.87963349942 18.8049299097632 18.8805615889463 18.7991480818706 18.8835669653126 18.914226208 18.99106827 19.021823162276 19.0166713258646 18.9935185967718 18.9144753135886 18.6246049464054 18.2870724584447 18.0554941299216 18.01961443 17.727407219673 17.4707226784081 16.0631547060264 16.3871707639226 15.2373153555359 13.6659970103681 14.0542615598184 16.193356045038 14.6670182786526 12.6073146757862 13.0739468431679 15.8666166057307 17.5746411932466
18.633984302 18.6 18.5985634966791 18.5123311728713 18.5 18.5 18.5087140144772 18.5984976110733 18.6 18.6 18.6367742642753 18.69821111 18.749940888 18.79821111 18.8630456240734 18.8977309414771 18.89821111 18.89821111 18.992797928 18.998242051679 19 19 19 19 19 19 19 18.941127622 18.9 18.9 18.819699102 18.887443738 18.8983079501648 18.8999690626143 18.8983698249361 18.9 18.923157938 19 19.037443618 19.0992023973115 19.099136490239 19.0978936844211 19.0280453713201 18.9889183013288 18.826876454 18.78747777 18.8752959258326 18.8832856365229 19.034749487214 18.7468214848404 17.5755255531809 15.1528535941169 14.2905620577883 15.6136041737501 15.6556767976193 14.8789936311161 15.6759682374199 17.6046739739711 17.7946483383609
18.6018195025369 18.6 18.6 18.6 18.6 18.506991230126 18.6 18.6 18.6012398901205 18.6340328937973 18.7020047382849 18.747553725633 18.851729778 18.9031520105314 18.971369408 19.00535395 19.00535395 19.0006722431399 19 19 19 19 19 19 19 19 18.9510400355997 18.9022019523181 18.9 18.9 18.9 18.8953183059893 18.8997101680928 18.894738642175 18.9 18.9 18.923157938 19 19 19.0421993213319 19.0974156107503 19.1 19.1624805690854 19.1985628829968 19.204299257079 19.2881157668389 19.3895222327567 19.0987149759765 18.687352738223 18.3223202194899 18.1344822194323 17.8306895490373 17.6773887236278 17.59164509527 18.3227075441985 18.55889345 18.6284425840651 18.6028402824419 18.3308095075409
18.6422341451461 18.6033543211391 18.6 18.6109277202906 18.61249679 18.6 18.6011088074351 18.61249679 18.6327611491352 18.7037866845796 18.749940888 18.81249679 18.864226568 18.964012220561 19.066015458 19.1091424388686 19.11249679 19.0359805022983 19.0131732639869 19.01249679 19.01249679 19.01249679 19.0096027611275 19 19 19 19 18.941127622 18.9 18.9 18.9 18.823483922306 18.8834427959583 18.8140100862643 18.9 18.9 18.923157938 19 19 19 19.051729298 19.1 19.1 19.1548730602319 19.2452720734011 19.2734372603137 19.27500642 19.1859901237434 19.0922366994582 19.0144981331731 19.0452573091121 19.0708364681918 19.012449798 19.1641788560001 19.4237291222528 19.5919380198483 19.7362765428231 19.9188881093248 19.6011474384262
18.7 18.6412095281766 18.61963963 18.6727364062568 18.68036037 18.61963963 18.626769795086 18.7031454002616 18.71963963 18.7439898330435 18.837444098 18.9 18.951729778 19.0115623643465 19.085655088 19.1784299089585 19.2 19.2 19.123989683084 19.1 19.1 19.1 19.0813900024739 19.01963963 19.0122857948311 19.0087566625164 19.0094801401361 18.9526899392114 18.91963963 18.9052716580936 18.9 18.9 18.805413422 18.9 18.9 18.9 18.923157938 19 19 19.0087566153813 19.0612094852712 19.0884377299237 19.08036037 19.007202552 18.98036037 19.067803868 19.08036037 19.0806999741612 19.1017424315087 19.1325092291438 19.2 19.1026015022048 18.916001898 19.0502178195077 19.242737376 19.5400801831765 19.7334100577113 19.687563162 19.5961910269836
18.7 18.7 18.7 18.6359755034525 18.62678247 18.7 18.702376338393 18.7385086806268 18.8062023963533 18.82678247 18.864226568 18.92678247 18.978512248 19.0698875467459 19.166015458 19.2 19.2 19.2 19.2 19.12678247 19.12678247 19.12678247 19.12678247 19.1186671089444 19.0725845320357 19.0594277489842 19.062124909996 19.02678247 19.02678247 18.953624412 18.92678247 18.92678247 18.832195892 18.900463180857 18.92678247 18.92678247 18.9437381402025 19 19.0100283257578 19.0594275732621 19.1 19.0568952746982 19.0091020283216 18.9464356526585 18.9052759703613 18.9640239693812 18.998550087599 19.001729178 19.1064958724408 19.1775067045394 19.2 19.2081152324997 19.2541975865202 19.31194129046 19.4025319471198 19.5163220795797 19.5641154374004 19.500059952 19.47321753
18.7115292798048 18.724819260808 18.7066828185792 18.7296657220336 18.73392531 18.73392531 18.739787944128 18.8054333344848 18.8492271629024 18.9102797957104 18.9586663816768 19 19.051729778 19.1199727181616 19.1775448192256 19.2 19.22724241 19.23392531 19.23392531 19.2333385181616 19.2 19.2 19.2 19.1799786962896 19.13392531 19.13392531 19.1163759038719 19.1 19.1 19.0516610399665 19.03392531 19.03392531 18.939338732 18.9689933275823 19.03392531 19.03392531 19.03392531 19.03392531 19.0586660645183 19.1 19.1 19.1 19.0563808079329 19.03392531 18.9808668991585 18.9381851422286 18.9964229396158 19.0350678590031 19.1 19.116014858 19.2 19.230300538 19.3 19.344586218 19.3824507567134 19.36607469 19.4096937234878 19.383810737125 19.36607469
18.7610957278782 18.7841818298764 18.7526769123691 18.7926006453855 18.8 18.8007104371055 18.84106815 18.8505064264036 18.9095107338419 18.9589252419127 19.0153775983328 19.04106815 19.092797928 19.1757628729308 19.2271113273146 19.24106815 19.321369288 19.34106815 19.34106815 19.3400488305419 19.2784925292126 19.2476453530328 19.2726256647217 19.24106815 19.24106815 19.2227572179853 19.1695148262601 19.14106815 19.14106815 19.14106815 19.14106815 19.14106815 19.046481572 19.1 19.1 19.1065771044693 19.14106815 19.1286241810398 19.1153774012057 19.14106815 19.14106815 19.14106815 19.14106815 19.14106815 19.14106815 19.0895360789239 19.0432914408307 19.1 19.1036435736603 19.1505060020943 19.2 19.230300538 19.3 19.3262754831125 19.328446959133 19.3 19.3 19.2699555361306 19.25893185
18.8 18.8 18.8 18.8421577231956 18.84821099 18.8491068870482 18.9 18.907721268708 18.9602045054139 19.0146085364643 19.0676029176576 19.1214958042205 19.199940768 19.24821099 19.314226448 19.34821099 19.3897981543889 19.4 19.4 19.4 19.3954050211235 19.3565051749984 19.3880066088798 19.34821099 19.34821099 19.3251199805141 19.2714826576078 19.24821099 19.24821099 19.24821099 19.24821099 19.2060534982172 19.1510145476609 19.14821099 19.1524883934172 19.2047160407047 19.24821099 19.2325185170515 19.2158136590704 19.24821099 19.24821099 19.24821099 19.24821099 19.24821099 19.24821099 19.24821099 19.153624652 19.14821099 19.1528057202892 19.2 19.2 19.230300538 19.3 19.3 19.3 19.2716172751424 19.25178901 19.2139014246138 19.238713626492
18.85535383 18.85535383 18.85535383 18.8943943242235 18.9 18.9009575647981 18.95535383 18.9625041721804 19.0128190713304 19.0688821811588 19.120726742352 19.1752601901373 19.251729778 19.3 19.366015458 19.4 19.4 19.4 19.4523574264381 19.45535383 19.45535383 19.45535383 19.45535383 19.45535383 19.45535383 19.45535383 19.403624292 19.35535383 19.35535383 19.35535383 19.3109042074326 19.3093631781563 19.2583503664111 19.2563111290997 19.3146687833895 19.35535383 19.35535383 19.35535383 19.35535383 19.35535383 19.35535383 19.35535383 19.3918956486967 19.41070766 19.3662581702818 19.35535383 19.260767492 19.25535383 19.25535383 19.25535383 19.25535383 19.2688818597064 19.3 19.2753198206848 19.24464617 19.2183621223367 19.2 19.2 19.235851061131
18.96249667 18.9167750199293 18.9 18.9 18.959113761501 18.9631454393556 19.0055451657879 19.06249667 19.085655088 19.16249667 19.199940768 19.26249667 19.314226448 19.36249667 19.428512128 19.46249667 19.46249667 19.46249667 19.497969876491 19.56249667 19.56249667 19.56249667 19.56249667 19.56249667 19.56249667 19.56249667 19.510767132 19.46249667 19.46249667 19.46249667 19.4323811592301 19.4577876536265 19.4270235535169 19.4256419293396 19.46249667 19.46249667 19.46249667 19.46249667 19.46249667 19.46249667 19.46249667 19.46249667 19.528511648 19.56249667 19.5323812492381 19.4703440656185 19.367910332 19.36249667 19.36249667 19.3524879170448 19.3 19.3 19.3 19.2832786835289 19.26249667 19.2257036941842 19.2 19.2 19.2501850872461
19 18.926841462 18.9 18.9608957249386 18.9983566042854 19.0012046924907 19.0723333167332 19.1 19.123158418 19.2211016475951 19.2810077216289 19.3310501251472 19.3853449240767 19.4409986026994 19.4896821265246 19.5 19.5559213190276 19.56963951 19.56963951 19.6 19.606178764132 19.66963951 19.66963951 19.66963951 19.66963951 19.66963951 19.617909972 19.56963951 19.56963951 19.56963951 19.56963951 19.56963951 19.56963951 19.56963951 19.56963951 19.56963951 19.56963951 19.56963951 19.56963951 19.56963951 19.56963951 19.6106377784297 19.6593214907942 19.66963951 19.613718525242 19.573451725534 19.475053172 19.46963951 19.4634610801377 19.3951378106384 19.36963951 19.36963951 19.3435641250333 19.3 19.3 19.2821262032949 19.26963951 19.26963951 19.2940191103769
19 18.983014306702 18.97678235 18.9970848424805 19 19.077183991663 19.1068126967458 19.17678235 19.199940768 19.283817590028 19.3 19.344586938 19.4397193391982 19.4904511883931 19.5 19.5561726604244 19.5954263871669 19.6671415412419 19.67678235 19.67678235 19.6788423355319 19.7 19.7177813932856 19.77678235 19.77678235 19.77678235 19.7647719669205 19.7535647 19.7535647 19.7535647 19.6919077834445 19.67678235 19.67678235 19.67678235 19.67678235 19.67678235 19.67678235 19.67678235 19.67678235 19.67678235 19.67678235 19.6904510769484 19.7 19.7 19.6813560742779 19.6096411773134 19.5780392750953 19.57678235 19.567910332 19.47678235 19.47678235 19.47678235 19.439338972 19.37678235 19.37678235 19.331579123226 19.3 19.3 19.3
19 19 19 19 19.0793823681419 19.1014518201833 19.1853514657753 19.2 19.223158418 19.3 19.3314250303903 19.428512128 19.4922406535269 19.5 19.5554035985559 19.5956852474027 19.6673928826387 19.6979816433199 19.7793821667215 19.78392519 19.78392519 19.7973660928456 19.871573013113 19.88392519 19.88392519 19.88392519 19.88392519 19.88392519 19.88392519 19.88392519 19.8710169732182 19.86785038 19.86785038 19.86785038 19.8604043206162 19.78392519 19.78392519 19.78392519 19.78392519 19.78392519 19.78392519 19.78392519 19.78392519 19.78392519 19.78392519 19.7698688138391 19.6884686161195 19.6 19.6060196979267 19.6544098799953 19.58392519 19.58392519 19.546481812 19.48392519 19.4405114797883 19.3905364542531 19.38392519 19.3225275536641 19.3
19 19 19 19.0796337266816 19.0995165176444 19.1912225439704 19.2080802277037 19.29106803 19.2931365329482 19.3275947587258 19.3944125256001 19.444586938 19.5 19.553614133422 19.657083488 19.69106803 19.6982405035558 19.7796335081183 19.7995164962077 19.89106803 19.89106803 19.907083368 19.99106803 19.99106803 19.99106803 19.99106803 19.99106803 19.99106803 19.99106803 19.99106803 19.99106803 19.99106803 19.99106803 19.99106803 19.9902755625771 19.98213606 19.98213606 19.98213606 19.98213606 19.98213606 19.9350272073786 19.89106803 19.89106803 19.89106803 19.89106803 19.8114349590083 19.7915515766657 19.78213606 19.7829285059862 19.775053172 19.69106803 19.663473926964 19.5966555687101 19.59106803 19.539338972 19.49106803 19.4309497085937 19.3934655870803 19.39106803
19 19 19 19.087444218 19.1 19.2 19.208872738 19.3 19.3227440837961 19.3987529988973 19.4367741744095 19.4990085882838 19.5 19.558872618 19.666015458 19.7 19.7788644462497 19.7997753564436 19.8928945368631 19.9016987121698 19.99821087 20.014226208 20.09821087 20.09821087 20.09821087 20.09821087 20.09821087 20.09821087 20.1630449899302 20.1245725747631 20.09821087 20.09821087 20.191105171157 20.0999093464638 20.19642174 20.1806931729229 20.09821087 20.09821087 20.09821087 20.09821087 20.0972853656107 20.0386029010826 19.99821087 19.99821087 19.99821087 19.9966463921442 19.9035276745491 19.89821087 19.89821087 19.882196012 19.79821087 19.7976687539845 19.7596482727088 19.69821087 19.646481812 19.5403922667887 19.498818910518 19.4263621761753 19.4
19 19.0039166959648 19.0813559850959 19.1 19.194587058 19.2069909942778 19.3 19.3008574276009 19.328512128 19.40535371 19.440793159581 19.5023870553584 19.5543140257023 19.658872618 19.7035342761765 19.7745953248841 19.880301138 19.9046814969946 19.9948766240661 20.007083368 20.1137512001874 20.2 20.2012398216914 20.20535371 20.20535371 20.2475533654905 20.3 20.3 20.3 20.2307586122669 20.2813555307937 20.2172377461456 20.20535371 20.2122516619512 20.3004749949638 20.2901960139031 20.231385740315 20.2713214377818 20.20535371 20.20535371 20.20535371 20.20535371 20.20535371 20.132195892 20.10535371 20.10535371 20.10535371 20.01070742 20.01070742 20.0098500309458 19.9834358079936 19.91070742 19.873264042 19.8083204031883 19.756394075751 19.6486836913096 19.539338972 19.5014370654309 19.419699582
19 19.073158538 19.1 19.1109275104245 19.1952634890035 19.3 19.3011087861405 19.3265107332874 19.4202644147154 19.4912900618566 19.5 19.544586938 19.6064644375727 19.6640121218553 19.766015458 19.8091422632887 19.892797688 19.999940528 20.01249655 20.101729658 20.2011087561488 20.21249655 20.235654728 20.31249655 20.31249655 20.31249655 20.31249655 20.31249655 20.31249655 20.31249655 20.31249655 20.31249655 20.3243166090131 20.4109832495851 20.3327566318429 20.41249655 20.389338612 20.31249655 20.31249655 20.31249655 20.31249655 20.31249655 20.31249655 20.2484809353053 20.2149582881227 20.21249655 20.21249655 20.21249655 20.21249655 20.1984829967374 20.1249931 20.1212065781186 20.0797323024535 19.980406882 19.9185287524025 19.794752754 19.646481812 19.5301967986864 19.419699582
