catData/variables/futureClimate2070/rcp45/CCSM4_2070_rcp45/bio16.asc
NCOLS 409 
NROWS 350 
XLLCORNER 60.897278365 
YLLCORNER 5.843756025 
CELLSIZE 0.0892857 
NODATA_value -9999 
[rows 100 to 124 of 350, columns 168 to 223 of 409]
407.64431353596 416.407654931304 415.857732243061 400.247153287599 389.464154384917 408.063117243842 430.460532865394 447.838108721205 463.731164012029 477.242710751224 494.149324100005 508.166290171644 501.547676603879 492.561151032662 490.114782729961 500.790419747841 516.900209454067 532.027010977041 558.824570910678 606.8397411138 649.108353590826 671.275931024152 689.736601368983 709.269281315523 730.267576940013 749.410045195482 761.013992904511 761.137919646482 752.18775496198 741.358738337478 737.843523485437 737.247176760001 746.279418510053 772.094642400518 795.036696712549 810.453446424279 822.733789801027 833.970557000744 848.230033005477 865.726478041209 877.853858523995 887.177851048259 917.068633792379 956.471932706911 987.545502009983 1007.42276247726 1022.48201774 1022.53596784879 1007.64397277806 1005.86472089755 1011.54958742 1017.27506720303 1013.85571702902 1001.88101287629 982.901660100059 964.126785938063
431.113164210538 443.585990742428 449.860446328512 448.84354234364 447.822369953064 455.959619135866 462.330503791815 469.968534561994 483.224821676261 497.290591669119 512.32361311601 517.768613885598 498.085609519991 478.550472659353 470.710326272705 489.643473797959 514.727490718305 528.451477450958 559.426556009906 621.402641070591 661.396449601694 665.322575905484 676.273153607908 695.934783060005 718.665537275416 737.184244125905 748.366727408754 747.251084955799 736.038545594443 722.913611337288 712.980930309929 702.748632718507 712.201618762097 741.299635737362 766.565454188478 786.746716745628 802.243450040001 814.890110829967 827.096263222917 840.094731398645 849.661876191393 859.258730811457 877.233639790066 902.753052767185 929.523326939989 950.644784745691 966.076356117074 966.345051350114 958.043731071687 964.607144948839 975.448584030222 983.576461710111 984.254739773066 977.253271710328 965.908445103062 955.415947579999
445.998367136293 460.197434343359 472.758242098128 486.697151707614 496.565421556615 503.478273038868 504.435020508677 509.4886096042 518.416366883033 533.158097883707 545.834663917108 532.766390107224 503.633987061895 480.974954982995 474.135295211113 506.362268913669 546.184587023324 560.45931231734 579.344485634486 623.579969774411 645.4123221866 641.745647980012 657.260963594255 680.189843003918 703.850490743073 722.27993205633 731.036842319787 728.629755651642 715.672020003453 700.118113815652 691.090947292702 691.956658328747 701.065585334592 719.03230857364 740.546817730192 761.908084050872 778.98208354731 792.737750602693 804.755583428851 815.174227720002 824.687428404623 833.819316760571 846.195843929627 862.51438575946 880.226212375043 896.930698140313 907.8604285752 904.209761059408 904.269123146069 923.418841237062 943.621043708827 957.25945388795 962.185321088438 961.207053859122 955.550671124148 946.791804568928
455.701963444706 464.754663754656 478.028646439999 500.581063514862 523.606806240421 536.876045496248 543.068738433481 545.73079325102 547.380466789962 559.586165073219 568.492161969075 551.531965615855 523.439845147652 503.363478131206 505.989621423368 549.046519544346 604.554911210015 614.676345844269 606.326372855794 616.515860541509 624.174756166656 628.506009336595 648.287754210655 668.516352826689 687.852656206064 703.339846986752 709.977570255707 708.108970257248 694.507137239371 674.707689907655 664.855733900596 682.840544724002 690.709908144309 700.495764927079 716.518485012315 734.667673122164 752.931434950151 769.795952500003 783.040645205219 792.942058420001 802.27837067014 812.690953676298 824.280143680002 836.065856080003 847.85156848 862.067019120002 870.746475439568 869.002373596757 874.087716765669 899.270505167736 922.961466312636 938.512643700003 945.467261990176 945.450934728946 943.197928939999 937.253362560538
465.551592122371 467.456260830568 477.122454731426 497.934476367286 535.073869467327 561.535419062592 575.343875207066 577.589888658398 573.829565124524 570.027182491797 566.179378235106 553.62637465937 536.434676588627 526.325822568111 542.360774301232 584.06549372642 634.306820304198 628.810776920581 609.344968627777 615.752589414672 627.669863265418 641.258676380005 656.007834852569 665.258499420708 674.265148943012 683.211130262941 689.739675228969 692.076534792193 678.889262124076 653.152886976717 637.311628620807 659.311476673992 670.613338534444 680.690600411861 695.441725781169 711.96040535303 729.368287164531 747.205570864175 761.934752899286 772.870512420001 782.949566285249 793.783756495378 806.204635289603 819.080811622274 831.956987954938 845.453430825074 855.469910120462 862.053545348241 873.211352299188 892.660998801723 914.220778969684 929.40425033575 935.829600923712 932.939687776116 929.045397039457 926.329850346684
470.008221908701 473.53704302192 481.511710742067 504.139774638448 549.900224121297 587.451988680001 607.363056564856 611.490057929514 598.168229096912 579.849208063691 562.027655066536 550.551997088666 542.464035834274 544.361144693709 568.957748679533 596.50172331468 613.578296068624 597.539771721654 591.485387235318 614.148533189035 635.39006410643 651.030650065321 660.533079817242 660.575866744697 661.629898650732 664.396446989001 667.260159379423 672.411320786036 664.36107689848 642.717707820764 627.869661906841 632.948783463023 647.456267656626 662.082023220001 676.891799117715 691.439225054977 708.193977201092 727.509365091177 744.352257413327 755.485874699443 764.959829720005 774.903137628325 788.671317720003 804.748679208274 821.845643569862 838.576031515424 851.944353130955 863.56466256 876.694761588997 892.508382321846 911.888006286539 928.676740795763 936.371696502069 925.940913061322 916.734050659999 917.17770436
479.507997343307 483.763235907895 496.948404266172 530.536617023409 569.814979287055 611.926727604821 636.117968611958 639.116740883318 619.189101305704 588.325283188324 562.277991907844 552.636247513597 552.953337092271 566.991521307812 592.572996413945 606.92899166995 602.339193801645 579.991036099314 582.015878131442 612.437458359734 638.536892200119 650.84259055955 656.08053396144 655.128065941138 653.020905875327 648.396386049131 642.279467279222 645.181172444221 647.126193011009 639.121129921901 630.295684892208 631.497786766537 639.378981645283 650.368420964024 662.140902101388 674.054436030759 688.447605666839 707.454012463505 726.064211947421 737.031845640001 745.945162505876 756.508476724338 770.951383854549 789.512852849518 810.195965874965 831.978942556226 851.36040924154 866.88615156 879.408336672596 892.230917941968 909.63104992378 929.888990971451 948.697383769275 939.567632539997 916.934762148244 909.641515821858
489.15887113145 497.490709573494 518.060777185411 556.490968583849 595.861733702971 633.655580073771 651.747887202028 652.305227076258 634.619329867999 601.303358247205 573.34797994452 561.28753568 569.238278328103 593.029417926733 612.99507428566 619.990605828749 606.144631952186 585.487501982554 584.525048069681 606.169724474391 628.071785926196 641.471097866697 652.361399894024 658.309073170818 655.249926643037 644.051095708448 630.96269707306 633.257706908849 642.508201946154 644.011031269599 640.823222945367 640.575892695026 643.201217750837 647.214247443557 652.250297201605 660.126875455462 670.91098423233 687.518930923177 706.297695141487 718.951450914558 727.978183740003 737.529486658949 752.081546100002 771.166718026584 792.400234299999 818.638972117933 848.687219244245 869.426846563475 877.741944093901 887.803610009453 901.347357064134 919.669618160043 943.282985249798 942.082794686587 913.159167501259 897.092471984441
498.495896601993 513.333755398665 538.91003431054 574.857497856507 612.325384537294 646.088513206367 661.962567492615 650.246405268631 633.775948688544 610.030271734288 583.489642164739 571.86663456196 585.85577458677 614.773644452434 627.643519705535 626.032962020599 609.545006039999 591.734277761674 583.994137850509 588.182413879324 600.966996501265 620.754341490268 644.519083107682 661.481001664199 661.189044263104 652.818988715079 645.330806507693 648.461861551132 655.39331930509 657.826869617986 656.107750039999 653.712794441304 651.491630997593 649.78452391268 648.434269618369 651.806914960813 660.743563560001 675.161327500349 691.38058942445 705.123584941279 715.031603240004 723.145809183638 735.163171403099 750.086495087475 767.837442075247 794.164894014703 834.814866718794 865.64088952 870.563487127201 878.591106300739 888.214587007248 898.893342275114 910.406782374398 904.595724778574 880.832212861446 869.324642231502
510.476373731255 525.066501551108 551.196987448009 581.512529733616 613.605317309548 647.762088424276 663.910929951422 654.145415759896 636.835080045163 614.806787298322 591.769490960137 579.66680782964 591.094236996425 619.741970984919 634.733862839916 629.751859006534 612.705626939999 596.224526137114 580.139925281462 564.583038267158 567.709414955265 596.367854177378 628.820723344432 651.205439888825 659.919053580127 663.779039729583 668.723000985417 675.818451467462 678.777929208322 676.237805707348 673.288295018703 670.03697933854 663.416196521944 655.453370887948 647.193601709731 646.758175614487 656.143420883569 668.21465277752 681.671089720002 697.133590375996 710.334644292755 718.102176115247 724.525868459042 730.745122043211 738.407217950621 755.757152506948 794.315500049942 835.734191297721 854.377966246999 867.910866103557 878.893418390155 885.046834805869 884.536009781988 869.22935766413 842.625742550825 836.97030692818
518.141613315496 525.584513657866 551.289469379997 572.341274895198 605.668679608043 627.39768267966 646.897671046904 656.338223733769 644.168816619863 616.537684043777 593.789985862959 582.562217640459 593.260849203129 619.628431072096 640.149332226288 637.722020509968 624.461826542503 611.526620339998 592.119172573139 561.039999353147 552.296478995888 591.676585721932 622.683751197656 639.259258825345 652.611435006254 669.830967501688 685.739984629598 697.823162233517 699.355531486625 691.323668988982 685.197469086845 684.847305306765 676.279034162497 664.793488935735 652.329901321751 645.959317704706 653.681374925941 660.223147195709 671.219959405531 693.029748353589 713.224213824378 720.579704634831 719.582924308758 715.741404085211 711.771262770636 711.242619197295 743.525488781787 794.367784222244 830.87579048399 856.050980080117 873.826156680149 881.335694536455 874.545539326572 853.960023379997 829.66020402073 823.982896286355
524.772794156627 528.060401637129 539.615497596478 552.815232968811 587.642978523805 600.425390473214 627.954167811216 632.396968988856 626.984882015291 603.134982321815 583.640862029185 578.876890082254 591.935648858043 616.62130732718 639.445285289333 644.679767468569 639.081055998448 632.694208342685 627.063931297119 622.66174656791 625.674301572676 630.323735258069 636.326101350157 639.054789810044 649.115716860003 668.108008930142 686.653536753547 702.210986435841 706.928967581821 697.717892297699 690.68175052 693.794427803926 688.404658675644 678.391602548997 668.194837106028 659.854496619798 655.561122047309 648.063250221518 657.218903806522 691.522197728628 719.24189829769 724.881999642389 718.609941395019 708.244646879562 699.701561960142 696.388109444692 724.301832707494 770.165430344545 810.510469976498 843.139656614845 867.410781663928 877.6429828 868.580998855999 848.466151412539 830.442553390098 823.63265221923
523.057200052499 529.758733502016 522.96772948509 528.407945239906 550.316751632628 572.547251351193 593.578402463171 605.133884951958 602.891242770193 587.274069739013 568.973485719996 564.835455784645 583.313245331725 613.222376846775 637.970401699863 646.305368856063 647.349662097194 651.650356901148 662.766577118196 680.982336765642 690.784136991263 676.627543990279 663.480101382679 655.223207339722 656.36165156297 666.040080222264 679.865777266347 695.623083226056 705.61904694534 706.230179266309 704.738532972803 706.801171257458 704.104056420692 697.3883947452 690.040014279998 679.677553700171 666.707951482564 654.192923395481 661.753167940455 693.780684723691 719.911522475514 724.62613694 716.933873531413 706.35606155675 700.106491294766 703.564160260734 727.463586008678 763.493226234004 797.691993029622 827.328100716944 849.291287072132 858.380296097896 850.919709411354 836.996218009078 827.972385919477 823.80523666
519.841563579999 526.923754320004 510.23418486997 513.493459097563 530.169225729903 552.839960909202 575.44252463729 591.332044654365 593.513035032344 582.815199870321 565.724821065843 562.898920986289 584.782989452143 621.642243104503 645.512080379772 644.658948604471 650.573303424288 663.959618582915 673.914955508735 686.583067094798 696.605709942609 698.638563232618 686.384231606941 672.80329982691 663.77464873988 662.822041288464 673.997986489005 693.65585916748 710.94475856594 724.180455009838 730.287975521889 727.60760964 725.371256167915 722.099470941402 717.905463109923 707.672477082166 690.592892452094 677.469355656895 680.397425327627 699.845960170741 716.974909868403 721.063269812858 715.403806401847 708.708635441676 705.074865819829 714.150501911185 735.175036727672 763.006181276197 789.003844956841 809.541473748485 821.350657831138 823.268663557235 818.457518201135 815.952707434834 821.396084713274 826.870517815537
516.978299941251 507.484757682145 503.48358926 504.618304123644 523.705091062046 550.279281060003 575.2988813584 597.528552285993 607.100797944032 600.204053978429 580.74805608786 570.863987864424 582.028414336955 603.352358371708 628.486719120002 643.629028668284 655.917830189132 671.612308758156 667.633401938755 666.865306002013 679.574256626295 698.850363520092 696.563052168278 686.279172750596 676.117776444583 670.581583178586 679.045391020004 699.009860276254 721.997436009452 742.694965389685 751.624042136598 744.145859844224 740.720872010093 746.269916904545 749.404567773445 738.409138569949 717.902735079998 701.112608119997 698.416815360187 709.610558384412 719.658566801902 720.326604250232 714.154165653263 710.25613596817 710.940079769815 723.312394475734 742.986644753803 765.190340695763 780.466805449031 791.635746707869 792.82961626097 785.440282618677 779.959600784446 789.972624869951 815.498885497513 837.18585813921
531.226368941489 517.178842372432 511.709050842316 513.33895924955 534.953728927943 563.999548397831 596.316525962551 615.132504058357 615.517603987678 608.679565778243 594.011269899125 585.403605777987 592.263755686545 609.500545455099 634.1735845018 662.282073811434 666.57071968 666.736824853789 665.345293730212 658.46437618953 664.659024138307 692.73423714354 703.577788397364 700.824340919999 691.744453958529 686.742255470407 695.746532132625 712.320793706489 729.497534434477 745.194932886631 751.729375001414 747.321079243028 744.826978763522 753.212852523659 765.749123205249 758.061078697905 736.509772401706 720.177875840412 713.034237734949 715.708914492574 719.115552134773 715.41866259691 709.35823205681 707.485023422752 710.21278664 722.193248634761 741.781096594823 758.94208722 768.324412651509 773.315152177431 766.80369262279 755.486194139568 751.362674379611 770.265105451532 807.751608631706 842.515549094679
564.057531239984 548.253859209051 536.239905322109 540.179376035161 558.861802438737 589.548349398867 621.152240695767 614.899633721137 616.974374957348 616.329523772896 611.420055373491 606.94729666 611.38380666109 626.008219780003 650.42169243032 666.615914883476 669.17831348 671.854905690703 674.693059519997 675.297844824262 687.6383171116 708.212737060244 716.833497138228 715.778066011518 710.5197669 710.009352940174 716.101435330624 727.776491288363 743.047963650709 755.051934045543 753.536165558779 740.733028413089 734.962912283195 739.543104229993 748.700014940576 747.820991688948 738.892015605468 726.733227822272 715.900594083824 710.869633852407 708.063614178012 704.898817497873 701.942401015886 701.600567751418 704.091319190213 711.665312231427 725.014873457102 735.98147039341 743.972575509659 746.261072309068 738.847133291682 732.789483572174 737.129756621541 758.254402395333 789.805926183942 814.069339715711
598.575167711725 584.113442878948 571.119512676448 571.9894905358 586.10758011478 603.901807980001 614.452427514856 609.420141600005 625.571661744391 636.458104247337 636.506373989906 633.197227659999 638.34122999881 651.958263937722 665.758710748318 663.545090351783 662.807332778222 673.896455371477 687.11392081524 697.809536023023 710.888981160001 719.243758440136 731.257388182761 740.250395612164 737.416342130717 731.213160961711 730.597177579245 739.06606355348 753.977342032252 769.313057402914 764.46752484 730.562502983265 710.290028605879 717.01060104414 725.337112300002 729.281916528363 727.371876291474 719.924421606376 710.090724351075 700.325854094728 694.322264110678 693.837679981926 694.182481361132 694.368377379747 694.578940810342 697.62550222094 704.015877683068 707.362444286387 707.845592829081 704.759379471146 704.790197406948 709.590022046469 723.737330101491 746.561444521903 769.961224420502 784.298507300001
613.188930256715 608.102003936472 600.214878780009 600.555381041856 606.180894490245 612.284347673494 620.413037984156 619.736967228146 640.431195794153 659.666096039604 662.28551152 660.63580051796 662.885725844876 670.799727155092 678.688434227551 676.336458560316 671.360716843532 683.276916555207 697.804674188958 706.959676846843 713.163920645865 728.071396798205 749.510773800063 761.069421040001 757.38321216768 747.09390898 741.400314406277 745.221739565087 761.454377640004 783.67562625184 780.698543847258 731.431015885638 695.432703771815 700.348768050119 708.765425900002 713.716747720275 715.031138529271 711.037628523964 704.51373473433 693.406672208475 686.806691620732 689.192314256495 692.493641597378 690.378888793747 685.862011155849 685.355190320001 689.227345687135 687.715755453474 680.792079716951 674.952475328963 681.715589094941 695.577938586656 716.749409067809 740.238433989847 759.326864995367 772.207058822288
617.636192756263 622.745899580267 624.711158131004 626.915948263068 627.439776911563 629.69413334 632.73056297979 639.045174601902 659.761435921929 678.193079464159 680.810795058491 684.418903046437 686.952653056027 693.667294887558 695.561756466233 691.558146520173 683.044503068857 687.174010207988 697.522422548417 704.544009324481 719.799946635197 737.616068686342 756.776341360002 768.931432688326 766.193224673896 757.543280052936 749.861089521554 748.02591954557 761.69706455821 782.395583289482 780.721219374493 742.715272339805 709.196422147081 697.701531178421 700.009439104676 704.818304193341 708.690629141408 709.626867810757 706.408283375431 698.597875450392 694.089379219999 697.4074919 700.025793285038 695.607505402581 683.6961249409 682.540410462327 686.947651829561 686.969659363411 682.246235168448 680.744900300723 689.067942769198 705.719309171792 727.586256822953 747.369838530187 760.883558473498 771.610205879384
620.505565938495 632.036480180925 641.784244584221 652.202975314184 652.688806954472 653.706486850404 655.08618327528 659.605501970351 672.022773812575 683.683482100191 690.457719197831 702.751469385433 706.426447400663 702.707521385847 699.832623892852 691.206143443788 693.835349952779 699.668077924499 707.819551464124 715.547211813995 727.867883256469 743.895163994209 761.282008155038 773.959726908621 772.52032402924 766.9132003 760.164867520818 759.486902199092 770.62104514254 781.643933291682 776.303422132288 752.326944042125 722.459482103561 702.860196025185 698.261042722949 703.220604987503 711.559864453076 717.911860120189 718.463707316532 715.29562988575 712.30971496052 714.594735162959 716.48099678 712.696034958248 700.18241301405 696.67625205271 700.905219684854 703.909547227247 706.272350279902 711.846556055083 724.189270837552 739.753675078344 754.655545788867 766.399805768844 772.55331815127 777.521786771258
625.314103240001 640.117126620006 653.850223185997 668.343753744407 677.04671968555 679.858774418032 676.598725453889 673.369235113029 680.206784157728 697.691558451959 707.161405860887 707.450205627024 702.602807033588 689.231815267587 686.906824856131 696.052151031201 723.753374063137 729.391661149334 717.676841408227 724.756371541641 739.747019414556 755.23696780856 774.004224837693 782.507542057785 784.258802277027 781.24766099719 779.246441943345 784.996444819078 795.441338611869 797.99898951407 787.463547666604 769.157037439997 740.101730471475 712.471412341639 704.251275238781 710.715421043329 723.422004480001 732.333390584104 736.002005276843 736.807919094318 735.374668618851 734.496372332797 735.21316968 735.207009633746 727.188542429857 720.229753940001 723.729237960292 730.813383806261 740.888635961731 754.230592612377 771.147720441511 786.17990325317 792.611482651374 792.625682195908 788.88903109159 785.014516755622
628.439335140001 644.881872749534 664.846417136878 687.425074942313 705.075861749917 709.857765635434 701.87659155965 692.2568774704 694.454960326431 716.591434397454 715.550487606141 693.033229387291 683.543003258482 683.59133736813 696.071241801858 708.306393820935 724.759791109921 722.393384424972 724.883248280943 742.416396030072 755.411532541283 768.984256161391 785.558129673183 794.819778067302 803.409170786165 807.37510936878 815.427911439363 825.70783472 833.142543068592 831.750353159998 811.98358478276 786.053965112405 758.298220343459 731.042181959999 721.340140021015 729.919530800003 744.025128793249 752.353683600001 757.19352062 759.492239457678 757.438789103547 751.768532557264 748.418286320093 747.016126342922 741.672459519399 739.469668985138 745.750588713158 757.07157447661 773.359792323527 794.347004960218 820.328786874556 838.953822990222 836.65296827146 820.711481938105 803.80715658807 790.760277836238
628.175527068562 647.171081766134 673.495746929434 706.560872889894 732.081167619962 750.16791962321 742.967141342211 706.244564572325 679.653474768237 687.899225690722 688.186642635323 682.757594354457 685.524090862994 693.718980199258 716.587376276142 708.602089736646 692.072187788903 700.768478086003 732.095729143887 753.115530434179 763.443120747915 777.9423535506 791.934871360148 805.804475488217 817.876283800139 834.183384608641 851.780730800449 866.719968759544 866.571669011969 851.519851254824 823.200212395236 797.591556194757 774.783710940407 756.300583946841 750.281401280003 758.382042250029 769.779911120001 777.018247868968 780.005561260168 781.516635380001 776.328425956 763.007922710958 750.933332441109 744.460591983753 742.672939799371 748.675403565624 760.759985390733 774.504170536875 792.472353092665 820.040611326477 860.109603468157 889.148394165835 875.76475133948 840.736423584334 811.506405377837 793.372674914787
623.604816035012 645.14751364724 676.140442652656 708.485125698021 743.039276494748 772.190334253171 757.337158025621 713.15057492477 673.118453306134 677.811217756449 684.691036384505 694.035866629954 701.000216151925 701.237405866236 720.169577028935 691.184795380268 679.616853848541 705.797121076578 739.683738662995 749.767409738553 763.105092159361 776.306801382384 796.658392825439 807.627792964 820.114172772354 846.022209824574 875.150754666419 901.6430443242 897.13360600394 863.846984320073 829.836801317165 806.121657541893 790.942968182077 782.153684139372 780.710784976042 787.063435175857 794.647757171457 799.009390707554 798.749332298757 795.62600243361 783.992756100593 760.713469114265 739.950887740032 729.8931237385 731.125796534505 743.43411388031 764.426040952046 780.243952129024 790.297049850524 814.06713984419 857.495414478722 892.184950600344 877.405711535063 838.894843184862 807.461091619993 790.629927739186
