catData/variables/futureClimate2070/rcp45/CCSM4_2070_rcp45/bio11.asc
NCOLS 409 
NROWS 350 
XLLCORNER 60.897278365 
YLLCORNER 5.843756025 
CELLSIZE 0.0892857 
NODATA_value -9999 
[rows 156 to 181 of 350, columns 236 to 294 of 409]
20.23751827415 20.2131859196076 20.448366389085 20.4319522823337 20.237302266765 20.2193342751626 20.3806349282896 20.0938776432738 19.898254502 19.7591883079663 19.6474903819379 19.6155998066821 19.3610555539896 19.2151097467029 18.8806291699998 18.779948426044 18.7164546827805 17.9950949459997 17.1582060256688 17.505374159142 17.8023089272246 17.7775490283647 18.076841822 18.0860368044424 18.4771729675189 18.80716048548 18.5684888045882 18.5509011053943 19.2281217440003 19.646316116 19.708597383524 19.5405000484157 19.6951059718611 19.8176965282768 19.8939118487538 19.7205555949693 19.7598961706312 20.0233122013239 20.4384079130244 20.9484926436458 21.4502049571974 21.6673769289531 21.776721438 21.949189483479 22.080300658 22.0219186051359 21.7320108702217 21.8087190191246 22.0093469575292 22.1205107758171 22.223157698 22.3016220574904 22.3073576601441 22.3505190724043 22.4 22.4031515481053 22.40535323 22.40535323 22.4010545639335
20.2957532978331 20.4371751338806 20.5878743408117 20.7873845060001 20.7415483419573 20.549768110735 20.5452522044487 20.5749440881622 20.289337652 20.1178058295893 19.829790844697 19.7013528400333 19.6293099627302 19.4793329146683 19.0989174556848 18.9100624736133 18.7293379909069 18.0425559695081 17.6188841079523 17.732496853628 18.1546879150742 18.0849878944584 18.1230116184008 18.08254929284 18.3620873383491 18.9281885090073 19.0616310291166 18.8682278095656 19.2451087925925 19.6554579981384 19.8831323224247 19.837548402 19.801352930005 20.1252082492839 20.1363795264297 20.108977042 20.022098307857 20.0768840324295 20.2811516808633 20.681510070998 21.3599441431142 21.7184804081251 21.8575528337227 21.936598848591 22.0704540837366 22.187443498 22.010827324 21.8769531172933 22.0041393124204 22.1770090878661 22.210661628 22.3215908444389 22.437443378 22.4609853070116 22.41249607 22.4640112944156 22.5082492478708 22.51249607 22.432195652
20.266015698 20.373158538 20.6251338186459 20.8552495260001 20.9935240151923 20.9575265651113 20.8733281129089 20.7492860281012 20.3662987937369 20.2043847147874 19.8944801092935 19.7392214226255 19.4647041121876 19.2913064252179 19.0470314668516 18.8061528121122 19.2256645959872 19.0769458859999 19.0950052801767 19.3216770258676 19.3893045791756 18.8562624983681 18.6515940349144 18.6820274870377 18.8024217867195 18.9196948745079 19.1849866414113 19.2446568506606 19.3777931657535 19.699835264 20.0370340050874 20.0469022560129 19.9058319827765 20.3020690568446 20.4142514815272 20.3460468226827 20.241753802195 20.1867382739172 20.5209478415602 21.045181636206 21.1985391268334 21.0442922803627 21.1510552834204 21.4548005898601 21.9110462120919 22.1751136973654 22.0479787755842 21.6651993111335 21.9232838251094 21.9830273250985 22.1186097785317 22.240962166 22.4030975253872 22.4585957644508 22.5006791362889 22.51963891 22.5726890730175 22.6 22.5512398356413
20.292797448 20.3803471512492 20.560602756 20.7280502522916 21.0116068242177 21.1473630939152 21.1757580605092 20.8435560381831 20.4178809587746 20.3870053474932 20.1289359998517 19.8970353997321 19.3196513285412 18.4890049405151 17.9139371316915 18.0782558369492 19.2869268940528 19.40832670389 19.5445726783514 19.4620885172744 19.9695662593988 20.1559332113545 19.7038573093459 19.0237225175588 18.973022074 19.205277198 19.4121923498268 19.6323987654751 19.6568170932934 19.7037658584127 20.0264793562499 20.2108627013019 20.321368328 20.3833409175948 20.562435758 20.6707199940345 20.6742608490602 20.3409413147759 20.313486828854 20.5507281265771 20.7773233288698 21.3030648090872 21.545816909482 21.514254 21.7121441310522 22.1682569928721 22.22678175 21.720584369355 22.0649772956807 21.9465934555352 22.1411594264318 22.1524860616642 22.235774872 22.2623906860001 22.490530312991 22.6157669245426 22.6091018479057 22.6 22.6587945608023
20.3666782133536 20.36607541 20.526678166 20.6847357797409 21.1105325167608 21.1379844343922 21.2531137439882 21.053727036 20.802184547071 20.7624292298346 20.4044121496458 19.8751277639999 19.283937224755 18.7452352721329 18.4156355832212 18.5933483247627 19.6409676016818 19.9851808839677 19.9088647046016 19.8391711078453 19.994795887431 20.585758432 20.4016955138759 19.9289348264892 19.67954485808 19.9086376559642 20.0216968663246 20.2397665614208 20.4247719739118 20.0450894987715 20.0609512127616 20.3045524055973 20.4605992767815 20.5719117137612 20.900380289399 20.931909572 21.1590941884051 20.7176033107032 20.534143310989 20.8352424241442 21.4796816347182 21.8923426425593 22.111408415375 22.16784918 22.248149838 22.3256278298219 22.3018365626375 22.3011732330938 22.3649967534624 22.3245483434221 22.219760014 22.096375948 22.1794420818746 22.2758205143471 22.5054874831627 22.692796488 22.667909852 22.63392459 22.63392459
20.4098380423044 20.2098670058534 20.3044227538008 20.4700405939028 21.0449981908324 21.1996358225516 21.4769059274672 21.3817327422843 21.1249914520887 20.9481215055095 20.5060689956764 19.9304735422092 19.9161960916932 20.2756756238327 20.2390762940299 20.0457905267187 20.2321794481759 20.3180458544544 20.4566334832714 20.5050281441768 20.5261321703786 20.907186952 20.7156858818422 20.3605497807822 20.4104014105204 20.6554736670288 20.8337841738075 20.8505497881266 20.816119642 20.403274780517 20.2312922049245 20.4855335040001 20.712375446 20.7163315838939 21.3144506559999 21.0985508328395 21.2527779759103 20.7409994163838 20.8506251915536 21.4432729291429 21.9020382395087 21.9557904756867 22.1551636723984 22.2889766056967 22.3473232414863 22.35893257 22.3031904101477 22.3431055280706 22.4641610782183 22.4932670515925 22.3369748668315 22.2393741613017 22.2894013248507 22.4628966318669 22.6232817513162 22.758871898 22.7610958183178 22.7110234928652 22.7329773179519
20.998351477489 20.7777977533957 20.5711743611149 20.1903756196111 20.6765158455782 21.246245222014 21.74463081 21.6662727336249 21.0597660564632 20.4567325777048 20.4281230257243 20.5936901007237 21.2891456454233 21.3069569841877 21.0571607747387 20.7380963730068 20.5256162765571 20.4573935843224 20.640963366 20.8507738007919 21.0141655360001 21.1881262396912 21.0383466647043 20.7181524036378 20.8690690839196 21.0855939360001 21.1465426401209 21.0695101543892 21.0140211668389 20.8095973998656 20.7381770114765 20.8311756552485 21.033803966 21.2920105065639 21.4387028541476 21.3736548000269 21.4966570757449 21.3385564942282 21.3978869166644 21.6098930655034 21.7054915215302 21.681009152792 21.9970324105974 22.224947548 22.2130765659664 22.1614227135167 22.2465698478658 22.3484551644696 22.1546714261677 22.1968137399734 22.64821027 22.5876091939999 22.4662618236309 22.5640978399195 22.699939328 22.7786998670201 22.8318258834296 22.7397832261207 22.780300418
21.6181258253811 21.5862717979458 21.2762903503834 20.9387626028908 20.992765048 21.8800401393144 22.0709706664252 22.0642087800598 21.6095665675387 20.9757030399508 20.6814603647545 21.2188405669798 21.996237955081 21.9809019190014 21.5913351499998 21.2502654274982 20.7601744305096 20.5772710766614 20.6505194751739 21.069518646 21.2788931224224 21.41070622 21.3515710922576 21.1082795361753 21.058170197907 21.2938867539787 21.4771358862866 21.4548840778461 21.3955771837637 21.3441027523186 21.3679705135991 21.3377246404833 21.5736484285656 21.819683022 21.7204625565396 21.7355861728126 21.8404220522103 21.6579626400911 21.4299318738809 21.4280079742837 21.4450171748967 21.6908416620001 21.9803153572224 22.1582998354712 22.1641482535535 22.067909612 22.0350998671275 22.0707136941994 21.6683827487105 22.2141993282445 22.6574653960474 22.6897157943892 22.6620505595759 22.699939328 22.7784485256233 22.8 22.866014738 22.8346748332474 22.802109080588
21.9125817543149 21.987804826646 21.9575404900884 21.9296684267592 21.9013203970517 22.1653069641892 22.333864638 22.4249919 22.3757774480022 22.0647549812451 21.7483605447641 22.0104045861681 22.339217628 22.2182362262731 21.8524366852478 21.6975545753389 21.0952637050538 20.8953348552311 20.9466007804839 21.2681171983978 21.596360348 21.7075057252576 21.7574781393437 21.5333105730587 21.3953548921312 21.4476089310226 21.6711302097963 21.8258030796748 21.9039863072674 21.91247975 21.8121101318727 21.8421366447786 22.0155179730128 22.123262482 22.0105748400764 21.894526146 21.9727617539394 21.6181880053424 21.450044232 21.3763448470031 21.4012971135732 21.6361999000716 21.8822797656434 22.0380990126416 22.1251927590734 22.1593578415767 22.0324359045033 21.8321001586548 21.5804441684006 22.1920545536483 22.435669848 22.6185591243129 22.825052572 22.7792175874918 22.8323285662232 22.8257033980619 22.8247582003469 22.8832245733681 22.8698840910831
22.2743391421083 22.33927758 22.419578958 22.43927758 22.2788212393122 22.4111714859646 22.5419714506169 22.5807918447307 22.616119162 22.4483738059999 22.3027972947736 22.4980902460001 22.5525741735933 22.1005168127339 22.0371497614775 22.0463008429764 21.7264121082971 21.3869815573787 21.2451734213359 21.4413781603907 21.5819523185 21.832030676 22.0020648688357 21.978615352 21.796584796 21.6670401290119 21.7549832936642 21.946255924 22.135654008 22.16963879 22.1208781414527 22.196360108 22.1717650511568 22.267909372 22.1518942739999 21.9012945018193 21.4754807134364 21.2940082403196 21.4057905770148 21.3547252821449 21.3327697344054 21.3716271912483 21.3918919422041 21.6894711649824 21.9273046945932 22.1090605119409 22.167512434577 21.928594152183 21.3445761800325 21.6859746006571 22.3180258707163 22.69711627592 22.8886317373743 22.900688092722 22.9549831479304 22.9517645694172 22.93927758 22.910543053775 22.9
22.4688910290197 22.5329539479606 22.633864638 22.5864221640788 22.3149820290986 22.7307465441183 22.7603758928621 22.8217664243154 22.753623212 22.562612056197 22.4323885735664 22.7085025582366 22.7527600074876 22.3045673017241 22.3525315232958 22.4963725613693 22.1999928286701 21.9819917129357 21.3357643402468 21.5781096896058 21.6529309596555 21.6907642535664 21.9819390010935 22.169746227527 22.0699816905073 21.9749315880001 22.03034489 22.0713525096555 22.166015218 22.2561719494088 22.215125291611 22.287443738 22.2780385383496 22.1420515713401 21.8615044353794 21.4640944938714 21.1300254876248 21.2513538584934 21.1645983684627 21.3025138724233 21.2610844314241 21.2190984383445 21.2 21.2849302643358 21.4150370118868 21.8156188452804 22.1094913121474 22.0709143523239 21.7143429657942 21.5680110869563 22.1977869459899 22.7838663229752 22.97678163 23.021367848 23.07678163 23.07678163 23.07678163 23.0597956328569 22.9919072901628
22.6393277946633 22.6796095627238 22.764225848 22.7698673485021 22.7222328273453 22.88392447 22.892797208 22.9813498809539 22.9252549424331 22.6627194379999 22.5022761012072 22.7820062894058 22.9273384120187 22.8521918097897 22.7690543105326 22.8292466538575 22.7327457714114 22.4693290518331 21.7583848216963 21.9403307506187 22.2021205189222 22.1951949413944 22.2663016577037 22.2915590337166 22.1354614921222 22.175016488013 22.1405107294 22.0011833375742 21.8319575125224 21.9149332204388 21.8166091189482 22.1613681626589 22.4542193828329 22.0065330613282 21.4288130879998 21.0271229002329 20.788736574894 20.7777743314239 20.9448604603574 20.8996234528415 21.2106623795437 21.3333325997942 21.36784894 21.3064516289799 21.431617029633 21.9050664300002 21.9340836225644 21.7651973744156 21.7954790461695 21.6774391446978 22.3299528260001 22.9078914221527 22.9685758434634 22.9232430008505 22.93215106 22.93215106 22.9875535789884 23.0774726396013 23.0870912822143
22.7880315976537 22.79106731 22.871368688 22.9707004070832 22.98213462 22.9926426815744 23.0910073580001 23.18213462 23.1779972806223 23.1810369107838 23.2296400855929 23.1731612358081 23.0867554807064 23.032194692 22.925051852 22.964225608 22.764509999448 22.6854993915648 22.3645775770688 22.3663079079744 22.48213462 22.496719357504 22.5541810485008 22.4553528999904 22.3765466737592 22.3415307135136 22.0980116758038 21.6928936420447 21.2233454743301 21.1422218705311 21.5227547980011 21.88688606008 22.2966952562057 21.9990730987075 21.902835101303 21.3212147214027 20.6116594995642 20.6349014608317 20.8213038354342 21.1059941541503 21.3855932160001 21.541006758 21.4618984906766 21.326842182 21.460601316 21.6983201658046 21.2015255637794 21.5022726832129 20.7195735560301 21.8490551672382 22.319925700747 22.8309475726165 23.0877226091177 23.0415311506366 22.99106731 22.99106731 22.9969642018999 23.073157578 23.1731274305914
22.89821015 22.89821015 22.978511528 23.0856543680001 23.09821015 23.099940048 23.2070828880001 23.3139390731772 23.3736763829446 23.328511408 23.39821015 23.3528251726902 23.2964203 23.3531854548935 23.1323235010249 23.1432173222033 23.113244622163 22.8352040141206 22.607343551838 22.3069169074326 22.6069238435946 22.6967069505272 22.6977956533511 22.6363606067706 22.4614364808924 22.355413302 22.143885504864 22.0518138917119 21.7591848099999 20.8002352960132 21.2276981195086 21.837668166511 22.1854526918663 22.4842568939523 22.0451354021096 21.3401356662315 20.5245332956467 20.57078389895 20.6526839874032 21.0355492240001 21.3560518671598 21.558872138 21.6624702707488 21.621472632 21.5975049726544 21.5154619743468 21.3076352097172 20.6039115549224 19.9476563343277 20.2965378856153 20.5035506493659 22.1069244863857 23.0753362453978 23.1098357404228 23.0508031854554 23.09821015 23.09821015 23.0995195609098 23.2591635789685
23.0624818842877 23.0985631792233 23.1042985247342 23.1881163277549 23.205063235756 23.207082888 23.30535299 23.321368568 23.40535299 23.435654248 23.50535299 23.50535299 23.4563923018433 23.4664271526457 23.50535299 23.5014368336239 23.423997373887 23.2351459013979 22.9370719718177 22.71070598 22.71070598 22.7258640185584 22.782194812 22.6463729644634 22.5087016140256 22.460766292 22.353623452 22.1907596665071 21.5377717461078 20.7346336575288 21.3167978976813 22.1955411848988 22.5834699540617 22.6936173662903 21.925845594415 20.7594586628111 20.0579093862107 20.0277047860813 20.4095948546184 21.0807325406382 21.351544159702 21.4566705676599 21.6355637311709 21.6361113026817 21.5261068358073 21.5006721482964 20.5794526060725 20.0737510874507 19.4754782192909 19.3183332197253 19.8133347308074 21.4146278683097 23.02103177372 23.160766772 23.1543129966982 23.2557204911873 23.2356997966473 23.20535299 23.285653408
23.0082492093954 23.085654368 23.1827628843175 23.2109268808261 23.2952634500303 23.314225728 23.41249583 23.4265101285996 23.502893836544 23.5390106943125 23.6 23.6 23.6 23.6 23.6 23.535983438549 23.5024615363075 23.412556022 23.305413182 22.9495510497535 22.9238829677332 22.9104945805896 22.876841822 22.769698982 22.6578772211589 22.5540604279694 22.4543022568717 22.3190578451845 22.0644668559999 21.5327058685589 21.5757471908102 22.1059468046157 22.5888127859691 22.7820998108667 22.3252856564909 20.6253186105796 19.806814247692 20.0753354694624 20.6091280648932 21.0979406300001 21.3362070522765 21.417744276 21.6980449340001 21.8 21.6494329177126 21.525052332 21.0159254440006 19.7430999679999 19.3100911191472 19.0941741428738 20.5582462251484 22.3631975488247 23.1827037251389 23.2609852000047 23.21249583 23.21249583 23.278510568 23.31249583 23.3827620442774
23.0726897629216 23.173158538 23.2 23.287444218 23.3 23.4010504400809 23.46072266 23.463867906512 23.4989717427118 23.5666734240645 23.58036133 23.5891176116169 23.6 23.5653146024918 23.5799776638368 23.6 23.519698862 23.361037519177 23.246497172 23.2772416958267 23.091127502 22.983984662 22.876841822 22.7637482650683 22.605473614 22.524948028 22.4769022539999 22.1564335700366 21.7889898351871 21.4007746575341 21.6853785678085 21.9552488060001 22.5867407382469 22.6737832926939 22.2288616453505 21.306301510768 20.3926317520001 20.7243501082012 20.742917712 20.8507564958922 21.1752122847652 21.4096673109038 21.6850804703201 21.8090957749124 21.7708779744649 21.671472512 21.1082646367095 19.606731545072 19.0714250083374 19.3310709304545 21.5312246407717 23.093927793334 23.2497286665577 23.3 23.3101588989947 23.31963867 23.3726889914528 23.4143671753234 23.4038687359004
23.1085784915229 23.1803470868297 23.2 23.287444218 23.274668157603 23.2916073548058 23.2220317232148 23.2581633443764 23.3134532959675 23.3394054868828 23.44643698 23.4671418074817 23.5344360070042 23.4123676120769 23.4803664375143 23.57321849 23.492917352 23.1000237602874 22.9011866057573 22.9614058087721 23.0935036909391 23.010766172 22.9098254417569 22.8010760541657 22.5854007528507 22.4236042440658 22.3577582481772 22.1391497778013 21.8157602546305 21.7215056001428 21.72678151 21.9953439997475 22.3869221481543 22.6234459130184 22.3889140193458 21.7434543882304 20.8188805226687 20.8517685252083 20.608993362 20.4660277418762 20.7420514231169 21.3167909165771 21.6229282539346 21.846315636 22.0018063867523 21.9627567011612 21.858976682 20.8018940620207 19.7183572138788 20.312456135626 22.3917416463269 23.230300538 23.3 23.3 23.351729058 23.4 23.4 23.4535648739322 23.4144237364767
23.1435603495556 23.2 23.2272417205276 23.2620388028618 23.1073125027787 22.9315644433478 22.9191397627749 23.1284911692648 23.076841582 23.0703447643634 23.2321513 23.187564362 23.2873406340001 23.3343782169845 23.375711250974 23.4321513 23.4063334402182 23.1111041157531 22.8500372223844 22.6483865621304 23.1648387627247 23.1233421113168 23.0599924386417 23.003623332 22.8095540888828 22.3923842185851 22.0434895618039 21.9628441733962 22.0774492508607 22.1134732622457 22.1053191500001 22.5113226990714 22.7892057204525 22.8029157741848 22.8179396269976 22.2996021764066 22.1931129596995 21.67789033587 20.8995427877473 20.3646976037418 20.4992319121063 21.1551459272621 21.5525913861892 21.8620279144614 22.1490086185445 22.20177305 22.0430111112894 21.8547377379682 21.0825365578085 22.035718926721 23.0813772494785 23.121334795748 23.1091563226045 23.2060061732305 23.351729058 23.4 23.4 23.4 -9999
23.166015698 23.2300441558017 23.2883910485241 23.1048231325497 22.9095699964728 22.880404482 22.8192105016549 23.1905615698469 23.117908772 23.071368448 23.1564444288695 23.1741686470873 23.2344822291287 23.216950052108 23.2520589615663 23.3300440572404 23.421368328 23.44106719 23.385324520263 23.34106719 23.332194692 23.2344901407144 23.1483105831206 22.971384965268 22.8994222343082 22.5348589359118 21.8644730516565 21.4917658760307 21.8072610059802 22.4491539434334 22.6838202647067 22.7312447318898 22.9080059174035 23.04106719 23.0285513449498 22.8453777552756 22.5304018668043 22.4514085868001 22.1304091644817 21.1405609951576 20.9261088501422 21.2651836507696 21.5872614820001 21.9557451217642 22.3292925982079 22.5795529373316 22.2827329848595 22.3636509032588 22.3510366790668 22.6359012613477 22.9083554041627 22.8107839750229 22.7578839607427 23.1095120462804 23.392796248 23.44106719 23.4139567921175 -9999 -9999
23.1823995401895 23.273158538 23.2225733631516 22.938116835462 22.9 23.0481481006895 23.0584156550452 23.2 23.1880062622653 23.178511288 23.285654128 23.3498062156282 23.3499380749855 23.2020822872004 23.2320309160001 23.373158298 23.480301138 23.5 23.5 23.4473761613593 23.3954049359475 23.332194692 23.1667418825612 22.8975048182638 22.7903493613001 22.5378855674454 22.3658621740979 22.0133779536686 21.9575441911953 22.4787738109079 22.7278057119679 22.6154792063229 22.8345795763702 23.0526237229366 23.0865328022434 22.9150331722013 22.6827407848571 22.6137175410159 22.6933898714709 22.0313163186662 21.4878379494924 21.4091897552171 21.7476757226984 22.0815850420052 22.389112004 22.927584056619 22.8004751157028 22.7464211715349 22.8478924170788 22.8838072515388 23.0772668151531 23.0217775704599 23.1006912749328 23.3621136867791 23.4750004936195 23.5 -9999 -9999 -9999
23.2365415834936 23.2475207071339 23.1284934913725 22.973514448312 22.95535287 23.1007723498089 23.1495584451306 23.1911349179299 23.1702848280192 23.285654128 23.3720705851114 23.3800932118281 23.2639130641618 23.0997337171214 23.2863023979401 23.4433688204139 23.4912050234743 23.5 23.5523565184047 23.553623212 23.45535287 23.4038777351072 23.0901042883254 22.9478910782044 22.7681335799999 22.4306728530188 22.440653478317 22.5826538963012 22.6482854524005 22.717805188 22.8335448333576 22.8647143692366 22.9505189948844 23.057082288 23.1513916614368 23.11070574 23.0772084473158 22.946042337234 22.7956863787794 22.5664650686717 22.2164336930738 21.3017803397326 21.5784992244819 22.2558162277848 22.6958580216638 23.156217880686 23.2630619927109 23.12141148 23.1302834980001 23.2588768614118 23.45535287 23.45535287 23.4720702636521 23.5 23.5 -9999 -9999 -9999 -9999
23.2247587188235 23.164345752 23.057202912 23.004708956893 22.9408871465348 23.0385854020374 23.108872738 23.183984422 23.146316836 23.330301258 23.4 23.3721350765296 23.1305851779999 22.9742971506147 23.3713341191871 23.56249571 23.56249571 23.56249571 23.5979698245245 23.5993513040477 23.5569507793801 23.439941108384 23.1163061097642 23.0799144753273 22.9688796396339 22.767891852 22.6930777540528 22.6529147976251 22.5302323928028 22.411004694692 22.7488617113659 23.0342451978274 23.1216082634858 23.225640025942 23.26249571 23.2524869607977 23.176842062 23.0772718166932 23.0109484569188 23.0042089645091 22.798673522063 21.8147625369879 21.5885620622662 22.3901292366777 23.02649471 23.3326734790762 23.3979696445039 23.42499142 23.4283188073596 23.4685019687874 23.5 23.5 23.5 23.5278644735013 23.56249571 -9999 -9999 -9999 -9999
23.2 23.126841462 23.019698622 22.9391051145259 22.9016434476789 23.0005252221163 23.039234188 23.1366519045866 23.215955386 23.3155343811881 23.2693109307233 23.4485621533378 23.4460920072697 23.4053444304778 23.5840630093648 23.66963855 23.66963855 23.66963855 23.66963855 23.6012045087512 23.654587373044 23.4631068351608 23.2857655693656 23.2878748924295 23.1582700517753 23.1257399319801 23.10891565 22.8913006456103 22.4693305422162 22.1330991232006 22.3188467639833 22.7053944652091 23.0439999922415 23.1631315832373 23.3 23.2951375840283 23.246480612 23.1274365051241 23.0042862573573 23.0849203513903 23.1404305071571 22.8873228373147 22.6429097439999 22.6664310866643 22.933742648385 23.3486544982296 23.4658685542813 23.56963855 23.56963855 23.56963855 23.56963855 23.56963855 23.56963855 23.583175572285 23.6 -9999 -9999 -9999 -9999
23.12321861 23.050060072 22.942917232 22.8357743919999 22.82321861 23.00132823973 23.0720289048651 23.0515311714049 23.246316836 23.3090962259999 23.1260819972479 23.3272986475098 23.5629374525923 23.6452032144298 23.6921092617327 23.7 23.7 23.7 23.7 23.6771829925454 23.6890674312921 23.5693443122592 23.5179400060659 23.4859759824137 23.449625730716 23.3877970664795 23.390625511683 23.2536823584634 23.0565804679677 22.7153865621706 22.4665721876656 22.578697569487 22.9057214226582 23.103458836 23.3068122430168 23.3890780048543 23.4481858286918 23.3930079725292 23.3271814027334 23.3678636609792 23.4044890400833 23.43034417 23.3996886494332 23.3329482646623 23.2898845518254 23.452563107084 23.571367728 23.67678139 23.67678139 23.67678139 23.67678139 23.6535162157461 23.6 23.6 23.6 -9999 -9999 -9999 -9999
23.0445968337743 22.942917232 22.9031667051659 22.812555782 22.7206185398939 22.917805668 23.0146494090464 23.032031156 23.1102681680931 22.5690460312588 22.3546563901964 23.1104992920001 23.2102260465311 23.303552412012 23.3928243451925 23.5484956948328 23.61607577 23.6894624552179 23.541237482624 23.6175273721581 23.6985736776283 23.68392423 23.6802013745685 23.6727195819613 23.6718854530176 23.6215213020421 23.4887810755509 23.341127622 23.0677764918319 22.9011844254378 22.7778053566592 22.3255110414018 22.8655870430794 23.103458836 23.3163182322102 23.499939328 23.6033593511504 23.637547682 23.4795950056374 23.3998216066824 23.535653528 23.6333322185011 23.6124458980288 23.6453213654413 23.6549395109114 23.5924436232368 23.678510568 23.78392423 23.78392423 23.78392423 23.7644893102678 23.6951289552023 23.68392423 23.6465055898573 23.6 23.6 -9999 -9999 -9999
