catData/variables/futureClimate2070/rcp45/CCSM4_2070_rcp45/bio16.asc
NCOLS 409 
NROWS 350 
XLLCORNER 60.897278365 
YLLCORNER 5.843756025 
CELLSIZE 0.0892857 
NODATA_value -9999 
[rows 225 to 249 of 350, columns 168 to 223 of 409]
392.075652018203 403.6479563955 416.54467263949 438.456389580285 457.070478411553 478.384915423727 495.989530219596 520.836154331043 541.148213695766 556.575035928343 565.156386340002 572.003771728806 581.363195209134 596.094474776063 609.862301620939 621.932322059688 642.155254815742 664.320938834033 672.24394268929 682.166895118772 688.12673066457 691.668642510986 677.187723766656 645.663654642034 612.138665046245 583.550165054554 559.290522543057 536.545696752326 517.30577210002 500.784804192227 485.65026248 473.880442187218 468.873454569587 465.806040659998 463.497384172038 466.29099501739 476.343017464548 491.793658804767 506.878113287938 522.68315984994 540.698785221246 556.157533170715 566.807011260771 571.958980916223 579.89613372375 592.701525877827 620.490422228526 658.370428866729 684.490494511674 681.580870658794 675.835164464942 682.630863320597 690.231176114665 682.792640793469 664.737828760185 643.342048202733
399.259446801308 405.775442529653 410.957976002768 431.254371384631 450.231469243528 468.322493477094 487.973524931875 514.481033359295 539.77697736 553.556310065224 558.527103134619 561.68421335591 566.215369892709 567.834989972262 575.043420367796 600.322263916808 621.518479147008 639.045652884336 644.283844659166 653.033211941626 661.977930300002 670.462650915764 667.382579298027 649.470541223861 624.467791453825 596.510285355566 568.193229350066 542.416182351279 520.153661599996 501.348441739994 486.816422734902 472.804074628326 460.763037791944 450.522653617046 446.40005626027 449.977893820002 461.098501561073 474.922000695029 488.161235406839 500.289122505766 511.299986786976 521.167994268179 531.542159904695 540.450206775299 551.700669877699 563.373623998043 582.597091398182 609.183781644579 635.695861257103 645.03686203624 639.861944251438 650.693879279882 661.778641507817 658.877969788019 653.911436444195 646.597118464771
413.744406708954 414.563003872002 414.736578797447 430.119568004449 445.286739219327 460.782579631787 477.295213275156 501.200956208636 527.913103673061 542.471176833928 548.349776848442 547.756818118611 543.820605400453 530.579556178319 532.7760627674 555.909997360637 574.017537981153 598.39528013828 614.802514962933 627.917324604063 635.605203074784 647.546439539701 659.311167318223 654.477382529079 631.976515896838 603.597133108937 574.347992216069 546.768059883599 524.164865527519 505.712041879735 489.55476299897 473.06766673184 454.10561518625 437.099173092278 430.589972349312 435.950986809661 446.181692606767 457.77872100097 467.777189850492 477.00517533809 485.617347527601 493.280848618076 502.152674864707 509.888150346631 517.727407344534 524.601345310368 531.217025656523 545.452699019802 576.87146541192 608.378109762085 618.292229775787 633.499299036624 647.371418759022 651.853761774205 652.6247435 650.338569217953
418.315171779739 418.600860667859 414.62773720797 427.109715040153 443.579380201007 457.766718975102 473.651344611808 491.785880487009 514.008988739998 530.62748857826 535.319298274395 528.889035956444 517.745746252481 502.373822644373 504.671339507017 524.114881322836 540.867906499999 559.812189720001 580.34841070603 601.323264689912 612.815595364261 625.738688709173 645.683296863019 651.03886556104 632.045004904737 601.113356955427 571.993473721568 546.478821218481 525.941944736454 510.665628380019 496.668340256955 478.134468935356 452.173700639482 428.355518915381 423.607220322056 430.396086608723 436.161632953868 444.091632621048 452.061435956424 457.847546238487 463.233638012339 469.749334195873 477.08634226 483.540172717964 486.734964711827 488.349368587728 490.656766897217 479.684655867415 498.65575939544 544.100410526686 586.635812832987 620.08626451494 642.377800805314 655.350563570132 658.963771000001 655.031750273577
445.098498355794 446.261624940862 421.934030757401 418.509863505186 434.256839344192 456.073189488339 463.650815387652 473.076750423368 492.112260504928 506.48469855409 509.494398968574 504.65669720799 497.357335083118 489.698816795913 490.783373442207 502.58993843916 517.86107987091 535.446412685845 556.223711413898 575.255904299348 593.411296684152 610.219151394301 626.232388831187 629.074778590463 614.238019329323 589.708231979515 565.003167269835 543.009345403414 526.920007650116 515.351409380303 506.064944523624 490.931543730937 461.619647079992 438.319217307762 430.708994350884 430.842335021537 432.548337795862 435.335547298665 439.693348924715 442.294219148407 443.882844562131 450.30002794 458.498542144653 464.589334110704 467.209840896314 467.432408607455 467.829195136613 449.723430617865 462.116209746428 507.06017356274 560.948752822659 607.072026359422 644.197927689151 665.168297654466 670.390460312841 661.454389763916
437.741069784348 428.85645207667 420.378219526222 414.636019768741 419.466068224243 442.53849280199 445.084942790733 451.737286729518 465.892966156138 477.96185436 481.674352948354 479.963079575519 476.47105873433 474.762561013142 477.271442192988 484.909328156928 496.924435350423 512.923907737099 535.758837175406 558.117634299508 578.866287460003 596.063344316372 606.809378846946 604.560662749369 591.456324040093 574.644796957751 557.183690007103 541.178488140621 528.520217956479 519.657983433528 512.395898848233 501.357320480547 478.307699834015 457.844483685522 444.762170611822 434.709801767773 431.406715067101 431.571538557696 432.996622865855 433.05433102 431.77063935052 435.933352690185 444.307707670669 451.786860898739 457.675612594071 463.104741598969 469.333438033878 474.734833354518 492.403552785065 516.898052145549 553.287610827971 596.638511938071 642.264973370165 672.239224635945 681.682317826595 671.00846672
413.667681513773 413.031152604015 418.156737311651 407.584854590793 405.620937511635 420.310974871365 426.921629360349 430.978963740001 440.827523602007 450.903492386962 455.921835376268 457.680961450192 457.900785372251 460.505009368621 465.684122504554 471.243203521574 477.687237308297 493.42085360382 518.364560204612 543.661464643332 566.514915794363 582.853301623833 589.200071890742 583.890945794893 572.985223896953 563.530131536056 553.672948243752 543.386218486262 533.977217722594 525.805049346373 519.587805764654 512.005307331365 494.807313673146 477.722990890966 454.38881443614 438.579500681195 429.53289783834 427.584908398141 428.39196076 429.252158627835 429.720882509894 432.495207045976 438.042483988984 446.174251240002 453.242363039064 462.011188510471 477.794017263376 501.531150702783 520.80182023909 528.263342032106 545.560175796159 574.49971503597 618.691175092992 665.891443508174 686.179354582572 674.792417918065
394.815415126459 391.113696313474 406.635618724008 408.42172535726 400.690751343207 399.168943396691 404.413561656269 408.99489999945 420.924686259245 430.763243380198 435.623707466044 440.117235265253 442.39298748 449.238561596149 459.569309380284 466.280411632211 467.487941645723 483.382648667314 507.154763208792 531.631254019521 554.013158147519 570.200836515387 574.186845186683 570.491725437499 564.197412918574 560.28353144859 556.758323066603 551.311568777021 544.558125999087 535.850020146278 528.231703975701 518.186679399998 501.937784239994 483.005636436857 460.340649078997 440.308620282142 427.29804463916 423.14366992 422.875992700235 424.299653554555 427.700810778535 432.667564963979 437.599202109346 444.6345410266 451.227041511886 457.376594085765 474.790756020008 499.461125486125 516.442573813925 526.057530657492 533.855096662655 549.338796311171 590.807981671624 657.932198794946 682.852552378147 664.123928495141
401.250199045953 384.368212730128 386.26472534419 395.364346728417 394.074411415765 387.873341321738 390.410731789118 398.547150976006 411.375841645927 422.230605940001 424.816837544613 427.581925342354 429.936871291211 442.483563119155 460.888175968614 476.250586207114 485.394467555066 493.167658634893 506.090778333637 521.906992433124 536.83673289396 549.794528557415 556.273438636252 559.827601877185 561.915826832406 564.245918813584 566.300305336596 564.632798012898 559.396713249869 548.012619910931 534.357361057531 520.876183403533 506.209991355134 486.601837571457 462.540757815542 440.537475384088 424.553565022867 415.692284906908 414.825675854775 418.748586222551 425.950168942963 433.348009318003 440.900075586741 448.05181958537 454.12757068905 455.320557201807 469.723398089252 495.546668939515 510.862132612444 521.753846844773 532.120165584878 549.208076319316 584.094808835784 638.890821994527 663.375660858601 652.304434492018
402.210933348455 396.672936921388 388.682391630685 384.741453145306 384.538671396827 388.180486247384 392.357710084097 396.231125778873 402.653668493065 409.260713862366 414.617297268683 418.186037494983 425.071395197548 443.42115900753 465.988228480002 486.739321320008 501.539563838629 502.288844757203 504.943932169533 510.441643650912 517.112894484694 525.603302120002 535.433304375378 546.168951083123 557.104416604765 568.225951310973 578.278317397167 578.746718432221 572.5544506661 552.99584918701 544.107867328749 528.634301978222 513.402357559994 492.615177282395 464.008880852087 438.330001700378 416.040833892057 406.432794139795 409.840954327978 416.496186160001 426.141641428018 437.032106030079 448.482385582076 459.478073630172 471.153496912341 483.063084080005 494.882187508492 506.130039091166 513.065574800003 525.408465858617 546.374475851451 574.310932048221 597.577825821254 620.879970321037 647.419345494392 666.606640109098
408.627375164332 406.952583747511 395.418481287059 387.423147641445 384.586711428777 390.274140836103 391.529566118874 386.103517026902 387.047916750955 390.870918020002 402.407197199892 416.381608359545 432.55497483779 451.600650696838 471.197673664127 487.746404548181 496.346993228523 495.988027888099 493.119239888445 492.186448798707 495.604392453019 502.406929820002 513.58096165896 529.117781519947 546.416694909299 561.86856051134 574.601671080003 578.470275427985 575.692995928331 567.144511402042 565.729454410338 550.797974273306 530.548987522826 496.726570103278 462.978738355672 434.644980335885 407.106400493402 400.443879300001 406.318326280001 412.925650322643 424.159062341085 438.914715670087 456.247018364553 470.673314762704 493.413856248424 533.373010356859 545.433706795147 522.298387267622 519.222883193736 528.306632737151 551.006828022953 583.603335033547 604.173025800001 616.601030501835 645.334567871963 684.500190923447
422.036420093108 414.764575141768 400.571533715564 395.867577669763 392.935661514392 387.07029284815 381.7722520486 374.391770573409 373.936374832766 380.55519730171 395.464516027036 416.649546097073 439.446121995369 458.4822186885 474.024159743343 484.107230419043 486.985375922044 482.128347071394 474.777046390371 470.472342090098 470.375028299724 475.76428782 487.854405850922 506.967909632498 528.629711952359 542.436654995863 551.820748987781 562.679192576492 574.358463884384 584.85779975145 588.231420180277 560.668977013323 521.837650084566 488.888525696936 460.784918292956 430.253801130337 404.076866437268 396.66673643382 400.470430403889 406.609802200718 415.594188799725 430.321919186042 449.194944601299 466.168371594102 491.230026811942 533.648721029931 545.004010109628 522.111889559999 516.319530120001 522.937443377986 541.059518699994 569.960794194682 592.735671271951 607.755180515975 635.72036121741 671.628676346885
438.140212565575 424.695481644883 405.296243114016 397.834626575633 387.797197258944 379.089020112299 366.753103147449 361.358901005759 364.362497661713 373.869298980003 389.71032312341 413.827079637188 439.399232741391 460.094243840746 474.60461316064 480.185688346605 476.826067915972 465.390230381018 454.536422824682 448.491767167087 444.420623873536 445.97437789772 456.710707466191 474.579694939746 496.651468500003 508.849562943527 517.676395854452 538.183741434562 565.856328512834 592.767344238679 618.557551319486 613.578367965438 536.585919866105 495.580559799127 462.598219352109 422.752868888115 398.511594894222 390.9472012478 392.326312509822 395.097617839612 400.978007086937 410.819131565616 423.94769833374 443.428094080135 466.177995672936 487.234270343982 498.372462727957 498.833143711843 502.276060899904 512.025305061896 529.551061628189 553.631808992241 575.878159861863 593.641907799839 622.983289117824 651.921909988933
432.531132860004 432.402206718247 409.001792635361 390.713463653066 389.455788230166 375.025667779999 360.592315279824 352.01773578 355.028335514669 364.610177835964 383.427972593187 410.200689238616 437.65422408786 459.924283629244 472.442434096331 476.095042820129 468.182449559251 451.834385668491 437.807661619997 431.247543837734 424.001056507758 420.561781704711 427.055344577529 437.072518056065 449.76921713062 458.894165666046 476.365489078418 509.079005036549 550.296440547647 591.327463371435 634.633154134406 612.402345116424 516.207382516688 495.021606451261 449.947301886016 406.696736431749 369.841773280441 370.789278424879 377.845782982122 381.500484534875 387.092015607249 393.080794447728 401.229873126468 420.365056500006 437.571268395917 445.495880880001 457.549322411089 471.984417789715 483.604646316377 498.596772482363 518.415757174096 545.704277023436 573.311446440003 -9999 -9999 661.28825225489
404.541179717281 419.488842965004 414.287836530867 398.448094119372 375.200606206662 362.934282149856 355.165804752943 351.39232230522 351.547046200196 360.305995361547 380.967945446376 408.335647775178 434.243300167069 454.53496312378 464.757391760495 467.033397648605 459.577211873035 445.864230954676 432.190629494717 421.707532864076 412.785394359601 407.295546190037 405.719168662676 408.251358828297 410.63923257212 410.797597813121 435.762498152365 479.944701928769 525.948899625482 569.374254874391 605.760468035805 563.878453784176 505.989734459995 485.36300609053 427.573447381153 373.726795572675 336.929590848252 341.856685455141 359.518304042401 370.478714373988 378.104254680002 385.956696002243 400.822790065787 420.576422902642 439.010178258013 450.978165498058 459.003518507939 460.646714188544 466.75210695115 483.705059840003 -9999 -9999 -9999 -9999 -9999 -9999
400.010541646609 398.8915510632 402.955606906718 398.289613954853 380.941247945259 366.174217410299 358.47740773399 351.599779684149 348.25092172 353.629087668937 374.891447761556 400.038065986874 418.440371841982 434.318809792082 445.643565994847 447.728773837502 446.029192502656 437.117578195413 425.836937160929 417.24636421479 406.333038207239 395.924010555636 391.083768893914 393.176234119984 395.755018658528 399.077130465201 422.630625352046 458.699876505855 498.207667067965 536.714322724222 562.530609200463 512.807692201639 479.927145476204 455.777914181915 404.274776097664 346.253823269681 318.095960961263 330.922970794238 348.945961223813 362.825667524946 378.114910524259 396.104036300189 415.193043008066 436.284988766037 456.875643247998 476.334299445906 487.840768699998 481.834412922095 473.251079174925 -9999 -9999 -9999 -9999 -9999 -9999 -9999
399.197403819999 394.081483962929 388.764040128606 390.696004080302 386.482169094753 372.907421942117 360.210304667931 347.208845679596 340.172977934374 341.353404991331 353.523882521461 372.811583824664 388.333991340002 400.982190751699 413.236659759421 421.294941452198 424.018018709873 422.644945041203 416.470291454647 413.454006951618 403.308114597739 390.776863840205 380.908840050992 383.823713675198 391.396908301438 397.004810190445 412.548569783372 441.338497194024 473.415216599186 503.079779152599 520.216504984546 500.268126303155 470.324392715271 436.117587693981 384.919494180415 345.24612394506 328.555267901471 340.152494919654 352.931636563225 369.978825432555 389.089913511821 409.332495392217 429.957377020809 452.112634780008 474.730814808993 497.87953451343 511.986182187909 506.497592359385 500.447896680396 -9999 -9999 -9999 -9999 -9999 -9999 -9999
390.706309059918 388.17373523726 384.409716295765 387.863486424487 389.928340153003 383.531557337976 361.147266077046 339.501774819005 329.239585141942 329.96302124 335.255922575728 343.36408080262 353.688115470831 366.097534716403 376.220527666019 388.046514497888 398.757417766332 403.492447137638 405.053678697825 404.171471659134 396.522906579998 386.393018399378 377.047427001249 378.380341302921 382.83409163244 384.258470563468 400.701824570786 430.755070193681 460.857385964047 484.765508621356 496.904925653578 488.025176507241 460.054127733042 422.856513831484 381.577246122151 354.585981179088 346.850414198885 351.378322321098 359.919696400004 378.703564618249 399.440085191508 421.614472384244 444.377579112747 467.259696206735 490.197640878046 511.185298115398 523.837071320913 523.34319888396 -9999 -9999 -9999 -9999 -9999 -9999 -9999 -9999
381.712967766736 381.241983700847 379.48692342716 382.210498502324 383.218688777889 383.393618592015 366.935716129133 343.242636846693 328.104980367277 323.324404276815 325.390962089023 328.676921720001 330.80534092336 334.947691704116 344.564235628392 358.815050520005 373.375787228866 384.327283422762 392.946471609973 395.376267546383 393.762705076673 383.763390829923 373.198228100429 364.450520652273 357.69317389973 362.201786533228 387.857171033053 425.246942924309 457.646887355624 478.305351175735 485.379733474885 470.480718623264 450.761139652015 421.367630530196 389.226050959992 370.66517212578 367.447189852853 364.916156589658 371.973211900002 390.126167288478 410.952479000009 434.379895421868 458.362899925086 482.393164715948 503.438577778977 522.153479460003 534.22947456138 537.439935121426 -9999 -9999 -9999 -9999 -9999 -9999 -9999 -9999
370.816762140111 372.992467263163 372.982011752874 377.694929729136 381.852226151947 384.082674844094 380.318759409749 358.492228446269 333.467608630425 320.664271063842 318.289507947365 319.398871112274 320.625379499999 318.417649352625 321.307763782674 333.567770152982 350.027622904562 365.078662031113 376.193454860002 383.32162380421 385.311248982337 374.774155430398 359.722472799998 342.544915799898 325.948807606082 335.628353937529 377.308110380345 422.489438613213 457.412166400007 476.438277700005 480.196555725621 460.389045877197 445.682436721556 437.759577284351 406.319097033667 388.605353164008 383.089769144452 376.597401983145 384.690088921618 404.523908600004 426.176424270882 449.43163489415 473.352312945163 496.409267540704 517.68510937603 534.951016372759 546.558943181041 -9999 -9999 -9999 -9999 -9999 -9999 -9999 -9999 -9999
363.276470986512 365.621619673887 367.669455171429 371.036348529369 376.423310780334 383.372460356146 397.878658765901 368.782383242313 338.879151050179 323.253892351689 315.851645519617 312.30345898 313.256928683452 310.178502421326 305.691806235357 310.203143213646 328.210750440392 346.651360439465 359.835479540669 365.88026479492 363.080143759996 353.020567905589 349.85624574154 332.243680822737 308.737296813877 319.251744831129 364.923659914733 412.575955432773 447.877431400006 467.262643994951 471.528066347282 454.862695728294 441.917779294994 456.657121273401 422.219657570476 400.649590497234 390.292563880769 385.508022943511 396.863358500004 418.775464881918 441.473078050569 465.275377989842 488.861503939527 512.397732060008 533.13153072 550.746688042874 560.505292665681 -9999 -9999 -9999 -9999 -9999 -9999 -9999 -9999 -9999
361.482325479409 363.291520830937 364.495740340033 364.686280399081 368.40315384739 373.786137100627 387.440095063675 381.561846203539 355.271919381583 322.851594798653 309.687354737237 301.718119303317 302.734926675731 302.44054416118 299.232027172871 298.486585864104 312.383716452222 329.495530264371 341.805097760331 345.189948215762 335.642129256615 322.552923368575 316.612182955176 313.283302984216 306.21467894022 315.781369643353 350.959945772927 391.08144483771 423.841217442668 443.878456095046 452.535052401936 444.058535921373 435.646934486129 456.387444037501 424.602791641459 402.708700794243 394.655896352671 395.037782534773 409.147844256783 432.219282260003 455.79070706001 479.714822926175 504.218663540005 527.987069760007 549.632859327912 568.351235120003 577.222519951205 -9999 -9999 -9999 -9999 -9999 -9999 -9999 -9999 -9999
363.101079479522 363.529412603955 358.312106285847 354.944085406953 357.247979800001 362.622265102063 368.408546927138 372.272473053511 351.946858538253 309.820007428765 287.207531504601 282.193929121902 285.863382014059 291.441573033463 297.463218213205 301.848086797876 306.645538013368 314.482982459583 321.748694418649 322.34364585259 314.353096473919 302.065155891297 292.007109398708 293.783854738393 302.223439880223 314.707656797177 338.739925059545 369.410112376245 398.168744714243 418.134755360004 427.312578992609 425.295175417857 421.372392390667 425.18533069888 405.960672736867 396.156252897942 395.07203512 401.42097411803 422.042067150851 446.147851460004 469.719276260011 493.617343857817 518.111627740006 542.364054966703 565.58265789895 587.119034620004 595.877824837768 -9999 -9999 -9999 -9999 -9999 -9999 -9999 -9999 -9999
361.810766574462 359.658339530068 347.190638078723 339.414881104254 342.014063159293 346.861789010711 350.536511579171 344.645458727095 323.693645234906 284.630584998051 261.905882806315 262.415268639227 268.586822980002 279.039005111744 294.672447438649 301.35736741471 302.230031496322 305.951000487742 310.36124088168 311.039700167103 306.193261267992 295.928154079492 289.75148356 289.937196933793 297.414753310702 312.597424667245 328.912651346166 350.967632469665 376.447769746709 395.445199704776 402.93999909238 400.988336064781 400.062632202914 397.465274085076 393.247690928798 392.795393500286 397.12533222 407.256430499384 433.363112632461 458.201585360003 482.185575029629 505.969380060002 529.841980913225 553.815250184647 577.43376426 600.758612094957 608.163910872276 -9999 -9999 -9999 -9999 -9999 -9999 -9999 -9999 -9999
356.005772313982 351.409675344165 335.227024674354 322.60633044 326.094742277917 331.998210509816 330.301521430557 313.90216189583 293.526993008556 267.901183146327 254.434473931668 255.14096223301 259.03298893241 268.617193526391 287.549286921714 297.097092573102 303.180366632218 306.818568610696 308.626671134632 307.75071412 305.099408766939 298.418076064256 294.968990377085 291.124760430605 293.001128936855 305.421703905837 323.338298366618 339.490958219406 360.131766448756 378.241961080005 385.638844120231 387.077179239447 384.68370379032 388.772172274765 391.948604419582 394.246582351394 399.840362716753 415.163779080006 442.503612500004 467.933100684401 492.910801609316 517.568178974214 540.208115541765 562.287311651953 583.049142664262 600.603109278476 605.170723316246 -9999 -9999 -9999 -9999 -9999 -9999 -9999 -9999 -9999
