catData/variables/futureClimate2070/rcp45/CCSM4_2070_rcp45/bio10.asc
NCOLS 409 
NROWS 350 
XLLCORNER 60.897278365 
YLLCORNER 5.843756025 
CELLSIZE 0.0892857 
NODATA_value -9999 
[rows 104 to 129 of 350, columns 174 to 231 of 409]
34.4474514902156 34.5490863590801 34.6413326752956 34.7337644140001 34.8833690596138 35.0833731054376 35.23392555 35.3554247839263 35.3727569901706 35.395740707585 35.4 35.3333383469038 35.3 35.2894171606075 35.2260686036369 35.1799779761187 35.1212221081257 35.0705387916299 35.03392555 35.03392555 35.03392555 35.0091058693476 34.946940830408 34.93392555 34.93392555 34.932194932 34.83392555 34.83392555 34.8260686850582 34.7799781346974 34.73392555 34.689337892 34.582195052 34.53392555 34.467909372 34.360766532 34.173321834 34.1042594552576 34.037501804498 33.932195172 33.8220420439908 33.683983942 33.576841102 33.469698262 33.3378141230317 33.2036724964254 33.16607445 33.16607445 33.2096941179459 33.2569684178098 33.2933172155654 33.2125555419999 33.1375019630766 33.13392555 33.13392555 33.13392555 33.1186235940991 33.0575711501453
34.2273745022428 34.3871731788932 34.7128931420386 34.8431030827773 35.0140444477959 35.1862226464476 35.3131555671448 35.3841824600393 35.319697662 35.387445178 35.4 35.398269142 35.3 35.3 35.2863518056786 35.2286237569331 35.1779330244552 35.14106839 35.14106839 35.14106839 35.1139565099917 35.0568860713965 35.04106839 35.04106839 35.0022227124386 34.9989801189496 34.94106839 34.9344907542738 34.8863519471144 34.84106839 34.825690406109 34.7737237752793 34.689337892 34.6168900579441 34.5610956034441 34.467909372 34.3134433542206 34.194692082 34.1432912010028 34.039338012 33.9269660417737 33.7595431848379 33.617909492 33.4983222160613 33.362555422 33.2108251639999 33.0787552158965 33.05893161 33.08604329288 33.1431136457317 33.239233228 33.2433112140896 33.24106839 33.24106839 33.24106839 33.2476458285979 33.28213678 33.251835282
33.9749768448045 34.4110331234443 34.953260217257 35.04821123 35.1267330452152 35.2283837918058 35.3165896603467 35.35178877 35.3102011768686 35.387445178 35.4 35.3991036099313 35.3439331110477 35.3077217699732 35.3370458090058 35.2843068540151 35.24821123 35.24821123 35.24821123 35.2198275539012 35.1658109091197 35.14821123 35.14821123 35.1060529498174 35.0510141532035 35.04821123 35.04821123 35.032194932 34.94821123 34.9336022736919 34.8806077893291 34.82671497165 34.7732094113709 34.689337892 34.64821123 34.575052212 34.467909372 34.360766532 34.253623692 34.146480852 34.039338012 33.9239006525593 33.7620983724197 33.587607754 33.3927141603779 33.2108251639999 33.023329948336 32.95178877 33.0496318037059 33.1 33.180301618 33.2874444580001 33.3 33.34821123 33.34821123 33.3565056251476 33.4111650738733 33.417909732
34.007499882319 34.652095438748 35.0720718715334 35.1 35.151730978 35.258873818 35.3 35.3404967597346 35.35535407 35.442799248 35.45535407 35.4 35.3960382550025 35.3625048023439 35.3896602803097 35.35535407 35.3346267063831 35.3246812162705 35.3267190010759 35.2737153435776 35.25535407 35.25535407 35.2109035904616 35.160959394192 35.15535407 35.15535407 35.15535407 35.139337772 35.05535407 35.0418254701135 34.9899809092329 34.910766412 34.8267191339257 34.741126662 34.7 34.667337476035 34.575052212 34.467909372 34.360766532 34.253623692 34.146480852 34.039338012 33.9090362739999 33.694750594 33.480464914 33.2661792339999 33.051893554 32.95535407 33.0508434374684 33.1404963611853 33.235655688 33.342798528 33.407711989146 33.45535407 33.4602656244532 33.5018427328932 33.4656934682396 33.486471614414
33.7970091840893 34.7151541119042 35.03750309 35.0653692984766 35.1840612407628 35.284576410951 35.3412583713353 35.3899339823785 35.4501864799078 35.495291553806 35.5 35.46249691 35.4569511229472 35.410009841339 35.4480230143748 35.4 35.3859569461977 35.3792187495161 35.3805993747702 35.3257027429436 35.3412582213427 35.36249691 35.282194812 35.26249691 35.26249691 35.2614153272261 35.2 35.1939933933464 35.16249691 35.1435591100811 35.0859570362051 35.017909252 34.910766412 34.803623572 34.76249691 34.7167747843637 34.6698843219226 34.575052212 34.467909372 34.360766532 34.253623692 34.146480852 34.0161791139999 33.8208310839263 33.650104664 33.4358189839999 33.253863116785 33.18749073 33.2122487466425 33.298152598 33.35510940807 33.449941368 33.557084208 33.5635781927887 33.628321460925 33.6564904833612 33.62499382 33.6060563200663
33.7597046155432 34.5333353459952 34.956437061914 35.044588138 35.1674366322483 35.2713598296707 35.3200428224105 35.3813083415085 35.480302338 35.5 35.5 35.5 35.4973059231029 35.4745024109782 35.4929687549407 35.46963975 35.46963975 35.4385888493025 35.4 35.3821258345353 35.3896824995459 35.4 35.3756200822919 35.36963975 35.3037690578702 35.2994745800487 35.26963975 35.26963975 35.2535117841946 35.1908002437242 35.1435632723568 35.086463075562 35.017909252 34.910766412 34.8236662486812 34.7777887392377 34.76963975 34.682195052 34.575052212 34.467909372 34.360766532 34.253623692 34.1233219539999 33.939338012 33.794750594 33.6115154804266 33.5235740643456 33.4679201717355 33.4392795 33.512438278 33.5392795 33.56582785606 33.664227048 33.7398047742222 33.76963975 33.76963975 33.7535121184654 33.6908003894535
34.2107404753275 34.4655292896558 34.7933519369128 35.044588138 35.151730978 35.258873818 35.3 35.373159498 35.480302338 35.5 35.5 35.5 35.5 35.5 35.5 35.5 35.5 35.4896478449109 35.47678259 35.47678259 35.47678259 35.47678259 35.47678259 35.47678259 35.382194812 35.37678259 35.37678259 35.3644848615735 35.2946230479781 35.27678259 35.239337772 35.1425470313672 35.0879895181843 35.017909252 34.910766412 34.820609201161 34.8 34.712555302 34.6780392234936 34.5737235829548 34.391126782 34.2962814861483 34.2304647939999 34.046480852 33.930644350803 33.808977762 33.75356518 33.694692082 33.7042539270092 33.6911601388785 33.7384402521123 33.75356518 33.7755259007846 33.801328444767 33.87678259 33.8644852301299 33.7946231594216 33.77678259
34.4203436629644 34.8293691296459 34.9387052272774 35.128513568 35.235656408 35.2439790381722 35.3268840981963 35.3956855047177 35.4129082555334 35.4894633116508 35.5 35.58392543 35.58392543 35.58392543 35.5644888224282 35.5 35.5 35.5 35.5 35.5494099034929 35.58392543 35.5225262081387 35.5 35.5 35.4847954214139 35.48392543 35.4764783422176 35.3974254489666 35.3644890238492 35.3 35.262555182 35.1928327257034 35.1405103871123 35.041126662 34.933983822 34.8882400024403 34.8165317503755 34.7859436408087 34.7045424320071 34.5979914711771 34.475052212 34.3704838844544 34.2731184087297 34.153623692 34.046480852 33.9767581942824 33.96785086 33.9583872626508 33.962388068165 33.9560909010192 33.9646844297965 33.96785086 33.96785086 33.9681289722439 33.98392543 33.9813509561245 33.9484148566912 33.858494767507
34.8099348041952 34.99106827 35.0318580809151 35.144588138 35.251730978 35.2947415495355 35.3629813576476 35.4 35.4 35.487445178 35.5 35.6 35.6 35.6 35.5979314668874 35.59106827 35.59106827 35.59106827 35.59106827 35.5963266990283 35.6 35.5934656126054 35.59106827 35.59106827 35.504928816944 35.5 35.4992074466898 35.4764825044934 35.3979314883235 35.3634727828596 35.2966555299572 35.2504630612259 35.148269502 35.0947415924079 35.025052092 34.9244436179584 34.8928276548585 34.8114338963246 34.705412462 34.689337892 34.582195052 34.475052212 34.367909372 34.2883618005765 34.244691962 34.18213654 34.1350266889729 34.09106827 34.1511878426609 34.18213654 34.18213654 34.18213654 34.18213654 34.09106827 34.09106827 34.09106827 34.067909612 33.960766772
34.9217850280905 35 35.037445298 35.1007976327419 35.2043254357077 35.3 35.2363452727866 35.0598762698875 35.0860213775058 35.450454487866 35.5 35.5034887848543 35.6 35.6157300197534 35.69821111 35.69821111 35.69821111 35.69821111 35.69821111 35.69821111 35.69821111 35.69821111 35.6193455282009 35.6858806442486 35.603623332 35.5965114508523 35.5 35.4997134860467 35.4754662635037 35.3994579309458 35.3614361386047 35.255412342 35.1990745982943 35.1403909512561 35.033983822 34.9986912656429 34.9193457639076 34.812555302 34.7983079329915 34.699969045441 34.689337892 34.582195052 34.475052212 34.39821111 34.3975412676886 34.3526324218618 34.2972857125877 34.29642222 34.362438158 34.39642222 34.39642222 34.39642222 34.3035269847152 34.2947230322657 34.1894968598161 34.1 34.0995857170829 34.067909612
34.8826981956321 34.8547712558003 34.8414549030645 34.955296038 35.1631311833034 35.3610756932212 35.4 35.4 35.3153983149746 35.3680459146774 35.3937767855691 35.3157151354563 35.608873698 35.7 35.7012399415184 35.70535395 35.7407942183172 35.8 35.8055392756943 35.8075558380707 35.8018194639885 35.8039169100937 35.7293511861758 35.7060261417419 35.70535395 35.7 35.6916016225046 35.589337652 35.504114021331 35.4713203747511 35.4033491731667 35.3577995429155 35.253623452 35.146480612 35.101819476838 35.026840982 34.9239974633264 34.9006722045914 34.805412462 34.7052613064271 34.7 34.7 34.6780810178194 34.575052212 34.50535395 34.50535395 34.50535395 34.5085059862304 34.5107079 34.5799497936053 34.60535395 34.60535395 34.510766652 34.408977762 34.3102328451944 34.289338132 34.20535395 34.175052452
34.5221191037838 34.6109778330823 34.9451468037441 35.169581718 35.3155261126288 35.4 35.3917500368847 35.38750321 35.216863319455 35.0110439042597 35.271267264 35.501730858 35.608873698 35.7 35.723159378 35.8 35.8093588605273 35.82499358 35.9155256926134 35.941126422 35.8422335151229 35.8765134891622 35.9 35.8234828722675 35.81249679 35.71249679 35.711387892588 35.6859852251268 35.589337652 35.5087100154435 35.4672345822713 35.4069247640138 35.348269502 35.241126662 35.1422337251306 35.039337772 35.0024616354396 34.9234830822752 34.817909252 34.798269622 34.7 34.7020014931345 34.71249679 34.682195052 34.617176160279 34.62499358 34.62499358 34.6765094305765 34.71249679 34.71249679 34.7024616654319 34.7 34.6172330779977 34.5984860737126 34.503623812 34.396480972 34.31249679 34.282195292
34.2417043212848 34.8455449074717 35.1994616200408 35.3358311926729 35.38036037 35.38036037 35.314343712 35.2516238605659 35.0474873421936 34.9812504596482 35.225169100481 35.521030553893 35.6071309365455 35.677214781198 35.692976950299 35.817853730491 35.9117467934666 36 36 35.952688974887 35.91963963 35.91963963 35.9038685950706 35.9 35.9 35.8192997430281 35.7928692563194 35.71963963 35.696480492 35.589337652 35.5122856062906 35.455412342 35.3584291804043 35.260766292 35.2066742969007 35.126840982 35.0354691297943 35.0024658148582 34.9239891044893 34.817909252 34.71963963 34.7325101934682 34.8 34.7816005604535 34.7693698614257 34.81963963 34.81963963 34.81963963 34.81963963 34.81963963 34.7551089526592 34.7221054919933 34.7010630346458 34.61963963 34.610766652 34.503623812 34.4150913552558 34.3756496040916
34.7506390527712 35.2489691812769 35.3 35.3 35.2861451663364 35.2889853926437 35.233983342 35.073274924604 35.0052755204159 35.2623355340001 35.394588018 35.54643506 35.5488116555048 35.5743594899396 35.6498255440001 35.9387913342193 36.0458011834253 36 36 36.0157677983658 36.02678247 36.0071886136739 35.9412047873062 35.92678247 35.92678247 35.8987328842467 35.8244059387732 35.8 35.7830434511871 35.696480492 35.5993662991474 35.4970356058724 35.4129277648923 35.3568943960878 35.260766292 35.153623452 35.1052756489717 35.0359751520084 35.0014495910114 34.8987330599687 34.8244060030511 34.8 34.8062025249092 34.857084208 34.92678247 34.92678247 34.92678247 34.92678247 34.92678247 34.9071887422298 34.9 34.8359753277305 34.732195172 34.7263190963092 34.6935034246709 34.610766652 34.503623812 34.4186669803886
35.1047687953961 35.33392531 35.3085184431461 35.26607469 35.214343712 35.2049753827347 35.1885290778781 35.092915192 35.0402579862075 35.2072627008504 35.3909159546587 35.4690250178843 35.547585367555 35.7013751834967 35.9137580816583 36.0460525933934 36 36.015126582619 36.03392531 36.0728258441554 36.1223962744574 36.060766052 36.03392531 36.03392531 36.03392531 35.93392531 35.9280622001342 35.856983462506 35.8 35.7799780619726 35.7212220394146 35.6410776863965 35.4985703901889 35.43392531 35.3455129389633 35.2516604056494 35.153623452 35.1042594251249 35.0375015774879 34.9333382738993 34.8941370487135 34.8284918126737 34.823158898 34.9405816965519 35.0466284991647 35.0527242002225 35.03392531 35.03392531 35.0115291983841 34.9516605642287 34.93392531 34.9042595065457 34.8375017360671 34.832195172 34.73392531 34.717909492 34.610766652 34.5139036891311
35.3547165413403 35.4 35.325109404 35.2183115233961 35.189337172 35.0685329863391 35.0449755201324 34.9557270996221 35.0311447226234 35.2744045512129 35.589104804 35.8066699719208 35.8889509051845 35.9655095458507 36 36 36 36.044587898 36.1 36.1 36.166016418 36.1568858958143 36.14106815 36.1051561316947 36.1 36.04106815 36.0374239849584 35.9745450012871 35.84106815 35.828623688222 35.762555182 35.6816886737311 35.5979603710288 35.54106815 35.4361474170052 35.3220461894985 35.219698142 35.1484672217417 35.1022227980128 35.039337772 34.94106815 34.925052092 34.873737978969 35.0302954127856 35.1631349325401 35.1920350374107 35.1608916400492 35.14106815 35.075052212 35.04106815 35.04106815 34.953623692 34.94106815 34.898980397669 34.8374241820855 34.79056158216 34.717909492 34.6286238853491
35.44821099 35.44821099 35.4094258917485 35.3247319597429 35.198388988739 34.9269565659999 34.9014219623868 35.0523664418538 35.288585168143 35.735673439937 35.8942007344033 36.0026816257773 35.9514715073108 35.9565057964665 35.9888346345883 35.95178901 35.9337363768321 35.948165918 36.0534578218482 36.1 36.166016418 36.2 36.2 36.1547131323147 36.14821099 36.1 36.091126542 35.983983702 35.9 35.869698022 35.762555182 35.655412342 35.6 35.6 35.533983822 35.3889526508521 35.267909132 35.24821099 35.153623452 35.146480612 35.04821099 35.0399164321208 35.0204095080023 35.130301738 35.2 35.244587418 35.2732094115114 35.24821099 35.182195052 35.14821099 35.1094967849762 35.0547133809019 35.04821099 34.94821099 34.939338012 34.84821099 34.825052332 34.717909492
35.5128197355764 35.55535383 35.4724442036084 35.1953997497825 34.9825782264778 34.9961471079116 35.1641562960001 35.5574238858483 35.7843249050124 35.8794261733068 35.6899881406318 35.6824170647795 35.9039617662944 35.9269146355672 35.8364183374544 35.7943258552861 35.7033214432462 35.8139151772595 35.9461915864595 36.0544699005621 36.1294738022082 36.1851426213026 36.1555497131866 36.14464617 36.14464617 36.1 36.091126542 35.983983702 35.9 35.869698022 35.762555182 35.6800933184103 35.6267190180789 35.6 35.533983822 35.4673373004534 35.4195021259642 35.362303670525 35.260766292 35.2545812824965 35.2057959939927 35.15535383 35.1681731670288 35.2242362254604 35.25535383 35.299941248 35.35535383 35.3227653154173 35.2705264120934 35.25535383 35.175052212 35.15535383 35.1029961378635 35.05535383 35.046480852 34.9464884613312 34.8896605461796 34.825052332
35.4797376478958 35.41250999 35.2393267336784 34.8273929709299 34.8883883310423 35.3965736335038 35.6620002402094 35.7515167518064 35.6244477984535 35.6093721206512 35.565203381876 35.749338011713 35.6958726927324 35.5130065097986 35.473172698 35.5159202975584 35.4889915316704 35.636316504527 35.7771699672329 35.9184564602401 35.9337485970967 35.985669248 35.932207892 35.8578598156664 35.968241742954 36.1 36.0966721577638 36.046480372 35.96249667 35.932194692 35.825051852 35.734630868519 35.648269502 35.6 35.5752417349113 35.5167747199453 35.5 35.4672053263415 35.427023193485 35.4239119113716 35.3591689177718 35.32499334 35.3336786979413 35.36249667 35.36249667 35.379218436511 35.4 35.3779206277758 35.36249667 35.36249667 35.282195052 35.2078467956504 35.164526613493 35.1614153913636 35.0966723377798 35.046480852 34.96249667 34.932195172
35.0468454164654 35.2451309130767 35.4085128622715 35.361092686464 35.496294480013 35.6840838993856 35.6843868128504 35.5366135660743 35.0824079918947 35.3131936919115 35.6529208947617 35.6846835349699 35.301000465806 35.1133891471643 35.2212637132835 35.2332861022687 35.3417289930896 35.4984612590596 35.7010509210748 35.789234068 35.9022646020443 35.9614905292092 36.0011813871339 36.043266044686 36.1056321757618 36.16963951 36.1634600773287 36.0951373734473 36.0535115997766 35.969698022 35.862555182 35.755412342 35.6842943673278 35.66963951 35.62366616712 35.577788563656 35.5137176895679 35.5 35.5 35.4994746487603 35.46963951 35.46963951 35.46963951 35.46963951 35.46963951 35.46963951 35.46963951 35.46963951 35.46963951 35.4186920954788 35.3756200352973 35.3430909440733 35.2734088891506 35.1994747216255 35.1634604115984 35.0951375191777 35.0535119340462 34.9908003167299
34.9106962060972 35.1909613607205 35.614227648 35.721370488 35.7093525462408 35.5423567810048 35.4036362919999 35.3356811176252 34.9030616442213 35.3715108152604 35.4687822568059 35.2104938114475 34.9023769394252 35.0074373274699 35.0766228660214 35.1675865207524 35.1751864954913 35.5042761497002 35.8932847763088 35.9440161112825 36.0349085788738 36.132955747535 36.1722089600563 36.264227288 36.27678235 36.2 36.191126542 36.1 36.076840862 35.969698022 35.8913061932136 35.832194692 35.7370624579689 35.7 35.633983822 35.6 35.5813557956661 35.57678235 35.57678235 35.5013286248923 35.5835954153011 35.6412671942903 35.57678235 35.57678235 35.57678235 35.57678235 35.57678235 35.5315782018378 35.5 35.4830142509797 35.4151248806116 35.4 35.3780390522059 35.27678235 35.267909372 35.17678235 35.153623692 35.07678235
35.5751243845902 35.616702705293 35.6899444505074 35.6697467789321 35.528687664 35.2649920203832 34.9713985606836 35.0031725453991 35.1858638579276 35.391411005306 35.1627204443525 34.7649171694605 34.8177473960001 35.0134419099479 35.130243946 35.2281917779692 35.2002967301443 35.6425451878866 36.035655928 36.08392519 36.149941608 36.257084448 36.28392519 36.2979817976381 36.3 36.2824727655553 36.1985736084861 36.1704834814725 36.076840862 35.969698022 35.9 35.855412342 35.7916844207344 35.7345156292241 35.7447922276345 35.7064515351414 35.68392519 35.68392519 35.68392519 35.6681285349758 35.6853515429344 35.697425449107 35.68392519 35.68392519 35.68392519 35.68392519 35.640510472686 35.5905362613554 35.58392519 35.5225265465618 35.4870916674796 35.48392519 35.48392519 35.38392519 35.375052212 35.2704838843134 35.1962772897279 35.1584946002306
35.7699770221319 35.6724041484578 35.60893197 35.5237382931097 35.2672916014356 35.0037896822383 34.6596938960874 34.7397398195865 35.3512899830422 35.2510428342615 34.934099886 34.6122390862827 34.8015851920865 34.8484664236308 35.055250726 35.2587100659157 35.4855392640001 35.8189155170191 36.051730738 36.1536150076751 36.257084448 36.2976025929768 36.3 36.3 36.3 36.3877613722806 36.2 36.183983702 36.076840862 35.9972934364156 35.99106803 35.946480372 35.89106803 35.832194692 35.7368449424282 35.7023974284599 35.7 35.7 35.7861390074821 35.7 35.7080806648302 35.79106803 35.8121583821783 35.88213606 35.88213606 35.8415311767995 35.739337772 35.69106803 35.69106803 35.617909252 35.59106803 35.59106803 35.5049292410812 35.49106803 35.482195052 35.375052212 35.2699778963849 35.1972934792891
35.7013747743265 35.6399372343667 35.50178913 35.3688224557533 35.0483853259999 34.7280101351399 34.4061362921666 34.3075050155797 35.1865245151206 35.053572925913 34.6269184906064 34.603461716 34.791285063993 34.733822206 34.9253628593796 35.1534629117814 35.6473211612339 35.8988149463785 36.0043250758473 36.158873578 36.2011811195394 36.20178913 36.20178913 36.20178913 36.2946846096875 36.3000275489942 36.1912852996991 36.1015025776076 36.076840862 35.970240163779 35.8650142484723 35.8027805288344 35.8525941021411 35.7833066445521 35.7006080147545 35.7 35.7 35.7858801986747 35.7070079200372 35.79821087 35.807084088 35.89821087 35.8986252127918 35.9297596005149 35.9614362241784 35.8992022731283 35.8972853484351 35.8386019582583 35.79821087 35.725052092 35.69821087 35.6123309070314 35.5983077102753 35.596511686418 35.4998412508887 35.482195052 35.375052212 35.2684515051911
35.776840382 35.6393950839999 35.4979952873365 35.3656561152058 34.9984297979999 34.6255803225183 34.3019500259999 34.3502357433604 35.1237755977003 34.8627741099998 34.516235946 34.4962844828822 34.5897676520572 34.6569974840069 35.0095780198719 35.2126105762495 35.6002834436293 35.839234188 35.946377028 36.053519868 36.09464629 36.0254037665115 36.080302098 36.187444938 36.2050639553296 36.298269382 36.2 36.1831262358523 36.049567887087 35.8713203020264 35.80535371 35.8029666160949 35.8 35.741126662 35.7 35.6307577036626 35.6813564393981 35.7 35.794587538 35.801730378 35.9 35.916016058 36.0012398602381 36.00535371 36.0033490358831 35.9577996630562 35.9025842220044 35.841126902 35.8 35.8 35.8 35.7172370646923 35.610766412 35.6 35.5916020555105 35.5044962695502 35.5 35.4426415126571
35.7672379852431 35.6431818458151 35.475051252 35.3567644540815 35.0870441255312 34.6645047279999 34.3019500259999 34.4011936675054 35.1274606258194 34.8502775599998 34.5155596349634 34.4 34.4066558857852 34.5090414906794 34.7569815840001 35.0481078860001 35.365370059209 35.7126701969675 35.8332021955396 35.9390198618884 35.9750069 35.9841492832556 36.067805548 36.1858759883997 36.294587778 36.298269382 36.1977822477686 36.1449757886877 35.9672384052597 35.9 35.9 35.8498404230242 35.78750345 35.7359872481198 35.6917502553081 35.68750345 35.68750345 35.68750345 35.782090988 35.801730378 35.9 35.916016058 36.023158898 36.1 36.0672347024121 36.0069246610159 35.948269742 35.8484840081281 35.81249655 35.81249655 35.8024616181558 35.8 35.7172328509882 35.61249655 35.6113877338677 35.5859856067043 35.5096025167237 35.5
