catData/variables/futureClimate2070/rcp45/CCSM4_2070_rcp45/bio15.asc
NCOLS 409 
NROWS 350 
XLLCORNER 60.897278365 
YLLCORNER 5.843756025 
CELLSIZE 0.0892857 
NODATA_value -9999 
[rows 182 to 207 of 350, columns 118 to 176 of 409]
-9999 -9999 -9999 -9999 -9999 -9999 -9999 -9999 -9999 -9999 -9999 -9999 -9999 -9999 -9999 157.240772096785 158.37446018 159.406057665271 160.42798768 161.49941608 161.9106707 162.64227288 163.64196712041 161.354194077124 158.16233786 153.109395479999 148.646193519999 142.36348759555 136.699723419999 129.96812364 122.535024942734 116.930329359999 114.140936041377 113.0893293 113.148301947255 113.91025838 115.8564489052 117.938786465828 120.07042856 122.229052147884 125.17807108 126.10363719006 126.389568640968 127.0893293 127.122779136977 127.1786586 127.603548510158 128 128 127.26840262 127 126.921885620219 126.995165728754 126.070471942274 124.830448266697 122.91485384433 121.789092144642 121.116398273614 121.894114937414
-9999 -9999 -9999 -9999 -9999 -9999 -9999 -9999 -9999 -9999 -9999 -9999 -9999 -9999 -9999 157.005424541591 157.39236108 158.901696253119 160.51731698 161.58874538 162.648356075182 163.71370128 163.207818460219 161.253329337245 157.233382715401 152.896725256091 146.503336719999 140.549549593325 136.382939005981 128.301485477257 120.535762186178 115.348628211757 111.019073539999 110.631906650789 111.684155518144 112.74950068 114.62395726 117.625617080207 118.962817172438 121.052837585084 123.12454358 124.193104789625 125.022046723021 125.333404324334 126.0179009 126.455802959043 127.009260353603 127.0179009 127.666252261106 127.26840262 127 126.14119933683 126.0179009 125.00058992 123.927573005232 122.83983222 121.76840382 121 121.74890596
-9999 -9999 -9999 -9999 -9999 -9999 -9999 -9999 -9999 -9999 -9999 -9999 -9999 -9999 -9999 -9999 157.42798768 158.921437359034 160.51731698 161.58874538 162.624836327991 162.9464725 161.34041134 159.19755454 156.058179373267 150.735522819999 144.311702674094 137.93190952 131.478545077085 124.107286795414 116.034096022362 111.525626132499 109.403320976181 109.53521548 110.60664388 112.370511352776 113.738957270905 115.69538566 117.83824246 119.98109926 122.03521428 123.10664268 124.17807108 124.9464725 124.9464725 125.39235628 125.9464725 125.9464725 126.571304284923 126.892945 126.132903182439 125.89966515388 125.892945 124.877487246964 123.916010617163 122.901933100844 122.094658235475 122.0535275 122.42798048
-9999 -9999 -9999 -9999 -9999 -9999 -9999 -9999 -9999 -9999 -9999 -9999 -9999 -9999 -9999 -9999 158.37446018 159.44588858 160.51731698 161.515178171171 161.8750441 161.8750441 160.26898294 158.016857331141 153.848344471134 147.523401328873 141.306367299999 135.769038211111 128.830204277792 121.05686782 114.347421057824 109.17746743108 107.935358491073 108.390220171065 109.41025958 110.48168798 112.35614456 114.608269868965 116.76681406 118.90967086 120.96378588 122.03521428 123.077703070997 123.78795320901 123.8750441 124.32092788 124.939685309033 125 125 125 125 124.12554582 124 123.140103770914 124.011088509093 124.1249559 123.922299029108 123.212047090884 123.452618770876
-9999 -9999 -9999 -9999 -9999 -9999 -9999 -9999 -9999 -9999 -9999 -9999 -9999 -9999 -9999 157.166158163993 158.37446018 159.358323063339 160.32093268 160.91923604933 161 160.856324818002 159.19755454 156.180238759999 150.888421369 144.517251952664 138.984554163667 133.548934100005 126.701359712672 120.51508210733 114.61824591602 110.381567823983 107.570676634981 106.687995821993 107.137755485659 108.286121590675 110.21328776 113.23060114 115.684758319678 117.83824246 119.89235748 120.93233097132 121.652713725014 122.10664268 122.877152857682 123.44588378 124.415720189649 124.919235106685 125 125 125 124.297274892021 124.1963843 124.3927686 124.464080958977 125.1963843 125.1963843 124.952868990026 124.31923191364
-9999 -9999 -9999 -9999 -9999 -9999 -9999 -9999 -9999 -9999 -9999 -9999 -9999 -9999 -9999 156.524907800812 158.10664748 158.851601924509 159.51731698 160.58874538 161 160.26839782 158.178877052187 154.874619139526 149.042370973134 142.355842534204 135.770284724634 130.5922609 125.466719879999 120.515383489312 115.621535021804 112.463275347033 107.66292898 104.98577147292 104.4643746 105.731642447599 108.017679405062 111.321934917723 114.56984224 116.49900136 118.55311638 119.507270208365 119.96378588 121.03521428 122.10664268 123.17807108 123.870730071669 124.58874058 124.82319836301 124.7321873 124.947247802311 125 125.506638735265 126.2678127 126.2678127 126.2678127 126.2678127 126.2678127 126.093926247194
-9999 -9999 -9999 -9999 -9999 -9999 -9999 -9999 -9999 -9999 -9999 -9999 -9999 -9999 155.153033994605 155.96379068 157.162251363369 158.44588858 159.51731698 160.58874538 160.776041920682 159.92915672 157.524088137292 153.502164079999 147.949679224733 140.527799991489 132.330961766757 124.8421727 119.716631679999 115.43091808 111.64669372919 108.939241421821 106.100260381495 103.682998756152 103 103.483411065873 106.06984344 110.158585220001 113.49841384 115.367994449924 117.118846639063 118.49941128 119.492271922963 120.30302698 121.37445538 122.44588378 123.341818627013 124.24949948 124.224546370961 124 124.80302578 125.296650797923 126.91012401309 127.333368504103 127 127 127 127.102798391846 127.71369408
-9999 -9999 -9999 -9999 -9999 -9999 -9999 -9999 -9999 -9999 -9999 -9999 -9999 -9999 155.095112444263 155.71370128 157.00581048511 158.44588858 159.51731698 160.346965609168 160.200269956146 159.26839782 157.39393884 153.502164079999 147.32467572 139.433488479998 129.84293253197 121.312020106658 115.841587579999 111.55587398 108.01907594 105.613444814597 103.66134642 102.831696805225 102.860442750539 103.300445715853 105.81975404 109.54938317352 112.83765494 115.620864034216 117.58815306 119.439285664529 119.684440973049 120.178583041637 120.96378588 122.03521428 122.801774834304 123.346962780382 123.860441764932 124 124.80302578 125.87445418 126.94588258 127.579128611501 127 127 127 127.178581627244 127.81000706193
-9999 -9999 -9999 -9999 -9999 -9999 -9999 -9999 -9999 -9999 -9999 -9999 -9999 -9999 155.825356783131 157.121136595229 157.85655808 158.92798648 160.248812309692 160.9641958 160.327659014054 159.621101694613 157.87603674 153.984261979999 147.80677362 138.345364277648 127.797792062814 119.151987584456 113.479843833903 108.82368668 105.28688864 103.14403184 101.767885892657 101.5179021 102.496340715938 103.73159978 106.40908454 109.62336974 112.3816457775 115.043593395861 117.69538566 119.35773192 118.74950068 119.5179021 119.711833327658 120.48168798 121.55311638 122.319634797263 123.17807108 123.870603660544 124.80302578 125.87445418 126.489874574535 126.5179021 126.5179021 126.440685549614 126.0358042 126.0358042 126.0358042
-9999 -9999 -9999 -9999 -9999 -9999 -9999 -9999 -9999 -9999 -9999 -9999 -9999 -9999 156.335008198001 157.614209759966 158.37446018 159.44588858 160.748285406133 162.098245803667 160.867755190199 160 158.838437385734 155.055690379999 149.401775561669 140.014046880363 127.950625459999 119.771056264431 113.820850466463 108.173674048498 104.04381221053 101.801511067436 101 101.32588472337 102.87386906 104.28512608 106.96261084 109.692861324762 111.89176996 114.48110046 116.62395726 118.374961927106 117.975206769855 117.8929474 118.100218301006 118.89235748 119.96378588 121.03521428 122.10664268 123.583029470841 124.358529891192 125.32092788 125.4464737 124.8929474 124.8929474 124.821436698642 124.4464737 124.4464737 124.4464737
-9999 -9999 -9999 -9999 -9999 -9999 -9999 -9999 -9999 -9999 -9999 -9999 -9999 154.220247853427 155.60664868 156.67807708 157.74950548 159.099594043748 160.51731698 161.809551567666 160.807102666627 160 160.20068489043 156.752073479999 152.111609263802 144.313672596188 132.98431366761 124.063637413318 116.820732678048 109.545382864731 104.267562210437 101.275455156144 100.3750453 101.331725972443 103.32034276 105.18881650103 107.532183004677 109.74891316 111.300634696089 113.398851981796 114.92757416 116.850189706791 117.14344672 116.3750453 116.74950068 117.82092908 118.569060801742 119.33883118 120.822835286845 122.381024838861 123.251945335432 123.703005230274 123.7500906 122.760909178313 123.3750453 123.3750453 123.3750453 123.185668664513 122.7500906
-9999 -9999 -9999 -9999 -9999 -9999 -9999 -9999 -9999 -9999 -9999 -9999 -9999 154.048631830885 154.53522028 155.817674890355 157.635227920975 158.96714171681 159.82093388 160.482369947165 160.20635396691 160 160.80303058 158.72008099063 154.60921668 147.940108333109 138.745017827174 129.83400758441 120.771441551583 111.637899402894 104.50216888 101.10822764 100 100.767495298484 102.62395966 105.276290182756 107.60605636 109.139956376004 110.24950188 111.636603925236 113.419302184144 114.76740398 115.536916557096 115.3036169 115.67807228 116.438994751044 116.967481259576 117.89235748 119.164224339184 120.33883118 121.41025958 121.6072338 120.948537156704 121.308872806084 121.6072338 121.718771935157 122.3036169 122.211613516396 121.739237272983
-9999 -9999 -9999 -9999 -9999 -9999 -9999 -9999 -9999 -9999 -9999 -9999 -9999 -9999 152.873808118603 154.60558077445 156.21329736 158.149093758886 159.51731698 160 160 160 160.186454465824 159.154690201122 155.942713688069 150.410392015014 142.866036267848 136.933127280001 126.756793992433 114.878642694397 105.750278890252 101.533682603304 100 100.58874298 102.32034276 104.633068615518 106.83824486 108.10664508 109.17807348 110.253521847732 111.55311878 112.747527686161 114.2321885 114.464856100054 115.086944232999 115.2321885 115.74950068 116.368887292159 117.12454598 118.19597438 118.650830351319 119.367981475627 119.244753942574 119.47766856952 120.2321885 120.39235628 121.2321885 121.2321885 121.145244824253
-9999 -9999 -9999 -9999 -9999 -9999 -9999 -9999 -9999 -9999 -9999 -9999 -9999 -9999 151.62396686 153.46379188 155.223942384017 157.51756967271 158.67807708 159.654858713837 160 160 159.326064696344 158.28630112 156.116924390203 150.90785372695 145.174547766502 138.55844678 128.026419456702 115.081751266569 106.1277111 102.036546933114 100.405088863612 100.58874298 102.32034276 103.849211833793 105.76681646 107.03521668 107.312820663973 108.3533636593 110.24950188 111.48110046 113.35512686912 114.30302698 115 115 115.083163157788 115.1607601 115.266888931242 116.05311758 116.995451475305 117.301337441422 118.115342601851 118.17807108 119.235233728398 120.02574858833 120.355124854944 121 120.68574411851
-9999 -9999 -9999 -9999 -9999 -9999 -9999 -9999 -9999 -9999 -9999 -9999 -9999 -9999 150.341624603661 151.757656615938 154.21271224 156.53522028 157.60664868 158.67807708 159.690531033937 159.333753086463 158.28630112 157.21487272 155.19755694 151.808320468063 145.386718408463 137.501914388865 126.589674001468 114.9697062 106.1277111 102.10822764 100.953787409134 100.963261711266 102.32034276 103.73159978 105.60605636 106.078116692868 106.0893317 106.21329016 108.348219505932 110.555533965531 113.23159858 114.578984044731 115.9106683 115.9106683 115.9106683 115.37452091687 115 115.73159738 116.071735658071 116.885669401529 117.084497298872 118.01731098 119.08873938 120 120.23159618 121 120.62554702
-9999 -9999 -9999 -9999 -9999 -9999 -9999 -9999 -9999 -9999 -9999 -9999 -9999 -9999 149.24950668 150.62396686 152.773527732941 154.919600882986 156.53522028 158.184853574838 159.66017378 158.549893733309 157.21487272 156.14344432 153.19717566553 151.913111090395 146.360887439999 138.537675862249 128.644037178173 118.808808762304 110.917030049918 104.178711048092 101.47404375812 101 101.671990626268 103.468004809659 105.60605636 105.141199078488 105.0179033 105.05253006 107.28253986929 110.323207934783 112.476954081143 114.60605396 116 116 116 115.989459600774 115.9820967 115.995194707373 116 116.87445418 117.928948160405 118.01731098 119.08873938 120.157300248184 120.986243035889 120.702400559963 119.64345032
-9999 -9999 -9999 -9999 -9999 -9999 -9999 -9999 -9999 -9999 -9999 -9999 -9999 -9999 148.603405095925 149.265726486328 151.437711664259 154.309179510834 155.437956223086 157.12396566 157.9464749 157.9464749 156.34041374 155.07201592 152.159441476603 149.999724102287 146.577248056673 141.34434638 131.275478216842 119.9161811 110.30522754988 104.133271182372 101.42916032 100.9464749 101.641982019132 103.424040608615 104.74950308 104.9464749 104.051218508143 105.03462676 107.26622534 110.32034036 112.219202242846 113.536309310593 114.91299256166 115.39235868 115.9464749 115.977987298419 116 116.039158822924 116.813568844823 117.87445418 118.050628459683 119.071762651936 120.19578958 121.258644983559 121.809532711306 120.69697542 119.6055043868
-9999 -9999 -9999 -9999 -9999 -9999 -9999 -9999 -9999 -9999 -9999 -9999 -9999 -9999 148 148.60606356 150.421250290102 151.961015321319 154.03463396 156.10392496416 156.8750465 156.8750465 155.369326821578 154.344074440315 152.476324178737 151.034047265366 145.242748344103 137.288525655525 127.714452953889 118.458532444902 108.988379811066 102.870056843622 100.418045152628 99.8750464999999 101.112898535469 102.57310873311 103.57773349831 103.859359410269 103.993238138848 105.03462676 107.244048147986 110.050419535413 111.683017606332 112.140209198255 113.12454838 114.19597678 114.814732967484 115.46378708 115.957536924642 116.640181726778 116.975387381801 117.87445418 118.94588258 120.157412392461 122.08873938 123 122.565746393277 120.784064938143 119.25109404
-9999 -9999 -9999 -9999 -9999 -9999 -9999 -9999 -9999 -9999 -9999 -9999 -9999 -9999 -9999 148.546553603283 150.479001258377 152.228253673058 154.03463396 155.819983252682 156.263117618754 156.1963819 155.39335132 156.242568795965 155.26112125913 151.682407639998 144.058809158634 134.777673504412 123.943944840492 114.2301391546 108.09109906 103.97697519606 100.263343960118 99.1615268699519 99.6601713800002 101.319526605164 101.961318299742 102.87445658 103.760130290446 104.83824486 106.89235988 107.96378828 109.221333490823 110.666745214084 111.17807348 112.24950188 113.32093028 114.39235868 115.46378708 115.947290583519 116.80302578 117.87445418 118.94588258 120.824328643143 122.08873938 123 122.76840382 121.393950839999 119.25109404
-9999 -9999 -9999 -9999 -9999 -9999 -9999 -9999 -9999 -9999 -9999 -9999 -9999 -9999 -9999 148.03522148 149.206934173144 151.337665740001 154.03463396 156.76623614 157.870230234222 157.411569701387 156.679839580539 157.816160316457 155.854906856996 150.601704551525 142.285360694529 131.16686042 119.844349979998 110.585678149167 103.972912109601 101.48287262 100.688528565728 99.6022363081933 99.4833706846709 100.46378948 101.750277097794 102.87445658 103.253317740259 104.029990058509 105.82093148 106.89235988 107.96378828 109.03521668 110.206928087654 111.326471511113 112.110960349881 113.05311998 114.12454838 115.391906093817 116.53521548 117.60664388 118.67807228 119.76681166 121.82092908 122.7321897 122.50059352 121.207293643677 119.35137640491
-9999 -9999 -9999 -9999 -9999 -9999 -9999 -9999 -9999 -9999 -9999 -9999 -9999 -9999 -9999 -9999 148.536713044665 151.337665740001 154.03463396 156.965961357343 159.65958626 158.87603434 158.61165775002 158.381827072422 155.180694954863 149.159806397301 139.096414300766 128.129428144371 116.237113779998 107.097517647067 100.738513920984 98.2148751199997 98.0025827543897 98.5212470031693 98.8847169807284 99.7315997799999 101.333638124154 102.831867393406 103.94588498 104.35655208 105.42798048 106.445072956358 107.23159858 108.30302698 109.494851247362 110.472783633878 110.6607613 111.24950188 112.32093028 114.12395606 115.46378708 116.53521548 117.927523856792 118.689510705649 120.41026198 121.3215226 121.168492807028 120.460534384587 119.752575962146
-9999 -9999 -9999 -9999 -9999 -9999 -9999 -9999 -9999 -9999 -9999 -9999 -9999 -9999 -9999 -9999 148.380269163814 151.337665740001 154.247079023957 157.040313546471 159.770125011729 160.027463376843 160.62436478 159.587763686614 155.238672752729 147.812620157684 136.286490784786 125.437752413569 114.409813177184 104.75443076 98.4297502399999 96.9158904044705 96.8017769783563 97.5887429800001 98.6601713800002 99.7315997799999 100.473250926101 102.33824606 103.92366172167 105.01731338 106.08874178 107 107.136488662787 107.89235988 108.5893329 109.03521668 109.801775992755 110.346964193359 111.24950188 113.05252766 114.39235868 115.46378708 117.092655203931 117.19597678 118.26740518 119.244441437726 119.5893329 119.713775125497 120
-9999 -9999 -9999 -9999 -9999 -9999 -9999 -9999 -9999 -9999 -9999 -9999 -9999 -9999 -9999 -9999 148.26682486 150.855570240001 154.319251628131 157.156408376688 159.308178722888 161.437006417536 162.38008415102 160.311604800807 155.2705631 147.30176728038 133.839351490169 120.123631519835 110.532629280505 101.603554761398 96.2868934399999 95.2507687208902 96.2846141111026 97.5887429800001 98.6601713800002 99.7315997799999 100 101.327341577837 103.40967446 104.543564582588 106.1315237928 107.4820955 107.4820955 107.639034536563 108 108.44588378 109.267918305927 109.801733684285 110.66016898 112.11049495529 113.32093028 114.39235868 115.007781344654 115.526869934441 116.167329235771 117.600856114017 118.147460476195 118.82092908 119.69842659662
-9999 -9999 -9999 -9999 -9999 -9999 -9999 -9999 -9999 -9999 -9999 -9999 -9999 -9999 -9999 145.60606356 147.956193019228 150.644379654233 154.641962544612 158.547399301156 159.848275714617 162.19480654 163.444496618461 160.93014696 155.300515728462 145.648677663842 130.543485879997 116.02400602 105.189489915385 98.3778053 94.3513079707708 93.8923622800001 95.4811052600001 97.3611023903873 98.6601713800002 99.7315997799999 100 100.87445658 101.844630073838 102.93716232962 105.62395966 107.535134122697 108.128195349236 108.5535239 108.760793902314 109.059316922295 109.286344655391 110.14226448 111.21369288 112.28512128 113.35654968 113.943946791915 114 115 115.079240024598 115.98160889424 116.67807228 117.74950068 118.82092908
-9999 -9999 -9999 -9999 -9999 -9999 -9999 -9999 -9999 -9999 -9999 -9999 -9999 -9999 -9999 -9999 147.73244799075 151.44909534723 155.06061273408 159.031399498037 159.799798055578 162.484287170152 163.926127072059 161.37662306 155.32467572 143.479537163459 126.882724579998 112.563445164536 102.985441819999 97.2386586159973 94.25049452 93.7921808862709 95.0346291600002 97.1774859600002 98.6601713800002 99.7315997799999 99.4981456919441 100.24950428 100.966180693786 102.030300066697 103.983038339517 106.635316602382 108.23159858 109.189377408113 109.765390929022 109.832772313844 109.818969043291 110.58874058 111.66016898 112.73159738 113.80302578 114 114 115 115 115.060070557503 115.60664388 116.67807228 117.74950068
-9999 -9999 -9999 -9999 -9999 -9999 -9999 -9999 -9999 -9999 -9999 -9999 -9999 -9999 -9999 -9999 147.23707387773 151.708190022926 155.370765099346 157.713754140462 159.429439456152 162.84491796177 164 161.985579416613 155.362358704195 143.407269844999 125.633982011619 110.500308660144 103.306774819999 97.7872925600001 95.32192292 94.6963807 95.7310098600003 97.4638774114676 99.1199019877247 99.9185085130837 99.7561851461081 99.9618825947 100.287188935508 101.332989383684 103.204427277125 105.735499082067 108.23159858 109.30302698 110 110 110 110.58874058 111.200440043589 112.03521668 113.10664508 113.912572313987 114 114.31567433237 115 115 115.23159618 116.092004110862 116.67807228
