catData/variables/futureClimate2070/rcp45/CCSM4_2070_rcp45/bio15.asc
NCOLS 409 
NROWS 350 
XLLCORNER 60.897278365 
YLLCORNER 5.843756025 
CELLSIZE 0.0892857 
NODATA_value -9999 
[rows 104 to 129 of 350, columns 0 to 58 of 409]
-9999 -9999 -9999 -9999 -9999 -9999 -9999 -9999 -9999 -9999 -9999 -9999 -9999 -9999 -9999 -9999 -9999 -9999 -9999 -9999 -9999 68.7997607317454 68.0851671213968 67.6607445 67.836253644414 67.8002583780298 67.2245256195263 67.2482065770826 67.8698662253613 68.5778066478051 68.9816485097512 68.6607445 68.6306310351364 68.2699891048395 68.078578419976 68.4366822849356 68.6607445 69.1066498800002 69.3189190502008 69 69.6601905800002 70.2482057628694 70.6116937404257 71.5529867800001 73.249416164462 74.0173325800003 74.9714643213008 74.9445446317935 76.728028491526 78.5210487766811 80.0529855800001 80.8218639031373 80.3071611040124 78.8827049270874 78.3392555 78.0910505513438 77.4551251475751 74.6980688599994 71.1796866426498
-9999 -9999 -9999 -9999 -9999 -9999 -9999 -9999 -9999 -9999 -9999 -9999 -9999 -9999 -9999 -9999 -9999 -9999 -9999 -9999 -9999 68.7137742583653 68.4048338922479 67.2275567538692 67.3048745399865 67.4841437877925 67.1395532722209 67.1306911366765 67.1786322000001 66.8194980905727 67.7138548800001 67.1786322000001 67.1627762021512 67.0944035950417 67.725813601159 68.1244979654478 68 68.4459053800002 69.2124606543721 69.6524790482549 70.7526880221379 71.9636706799999 73.0350990800001 73.747394356214 74.3788043623313 74.8387003800002 75.9465814854342 77.3922410799999 78.7366616536009 80.5892738929175 81.2206838990348 81.1434131199998 79.7671130087308 79 78.7288713435036 78.1581626703791 76.3939100399997 74.0948441362887 71.9295642400001
-9999 -9999 -9999 -9999 -9999 -9999 -9999 -9999 -9999 -9999 -9999 -9999 -9999 -9999 -9999 -9999 -9999 -9999 -9999 -9999 -9999 67.192721775015 67.3597248351944 66.8048452454036 66.268473564387 66.6245399800001 66.6938695760316 66.138989986241 66.3871601764504 66.0292308066595 65.9980647862621 66.4821123 66.57087568 67.4821123 67.4821123 67.78516088 68.6626522581249 69.4101299800002 70.7309713585435 72.0350990800001 73.1301460620759 74.21373128 74.5108416412385 74.9394832295901 75.9120640795988 76.9899134300091 78.4954805793458 79.16018938 80.2316177800002 81 81 80.5540970199998 79.732080441474 79.1982639683167 78.0215269781071 77.5178877 76.6861134646223 77.7156107826031 75.0888084745404
-9999 -9999 -9999 -9999 -9999 -9999 -9999 -9999 -9999 -9999 -9999 -9999 -9999 -9999 -9999 -9999 -9999 -9999 -9999 -9999 -9999 66.5535407 66.3462511218592 66 65.7690304512125 65.8164001222516 66 66 66.358529042644 66.930518563892 67.1012890008557 67.5535407 67.6423040800001 68.6422133700355 69.1070814000001 69.4101299800001 70.4815583800001 71.5529867800003 72.8553836572852 74.1423028800002 74.1880983442133 74.73161898 75.0859914377168 75.4974992446058 76.9217525980698 78.0154765830682 78.9024232500037 79.2488607215378 80.7851584800002 81.3857923053905 80.7927130788545 80.2473817676812 80.2863639742172 79.6388784192468 78.0450646672887 77.9585202538248 78.5515994803608 81.1904024062074 75.6755530462706
-9999 -9999 -9999 -9999 -9999 -9999 -9999 -9999 -9999 -9999 -9999 -9999 -9999 -9999 -9999 -9999 -9999 -9999 -9999 -9999 -9999 65.7500618000001 65.8436585021743 66 66 66.3679596696745 66.6249691 66.6249691 66.6249691 66.4064035977515 67.9120998639867 68.0216676536985 69.33870158 70.310015067426 70.7697245554365 71.55298678 72.3903786388387 73.0708744800002 73.8189852531138 74.2208040102514 74.5400377452222 75.35658808 75.9261366816641 76.5465203411984 77.5708732799999 78 78.08876098 79.2202653473518 80.6066486800003 81.07198472 80.2345913612355 80.278675584098 81.4656166069603 80.7044619701769 79.3773781326851 79.5243170244523 80.9298923784103 79.1732530710918 73.6725777965404
-9999 -9999 -9999 -9999 -9999 -9999 -9999 -9999 -9999 -9999 -9999 -9999 -9999 -9999 -9999 -9999 -9999 -9999 -9999 -9999 -9999 65 65.1136928759664 65.3036025 65.6638741224116 66.1787503983995 66.7633592407896 67 67 67.3434906567132 67.9671542049089 68.7189954232657 70.0269487840765 70.4151596551126 71.2316201800002 72.0920063065094 72.3036025 72.7495078800002 73.3036025 74.1236275204933 75.3565880800002 75.9185188513754 75.4407598121863 76.17807828 75.9320560676169 76.6313457307614 78.08876098 79.0486338962415 79.2126241941048 78.60776132 78.9539401453023 81.1423004800002 82.0105237005929 80.5373231599997 80.2231092961634 81.2058934572705 79.0842153447826 76.5815699025938 74.4961662845128
-9999 -9999 -9999 -9999 -9999 -9999 -9999 -9999 -9999 -9999 -9999 -9999 -9999 -9999 -9999 -9999 -9999 -9999 -9999 -9999 -9999 -9999 64.2321741 63.8897945575043 64.3789084980111 65.6842427935267 66.1532797109578 66.7939319445577 67 67.8744781800001 68.7262915711044 69.0173349800002 70 70.16019178 71.2316201800001 72 72.2875331241979 73.2137312800003 73.7678259 74.4932834092557 75.6601905800002 76 75.1969526199998 75.2030306271933 76.4651391049668 76.0213567561625 77.2527821006466 77.4643481999999 77.4105725503844 77.1618146259 78.4978983200002 81.4459029800002 81.2055591351065 80.0542638838868 82.1020214269564 80.6645693260396 76.9144948690174 76.7005873400492 77.2744998910802
-9999 -9999 -9999 -9999 -9999 -9999 -9999 -9999 -9999 -9999 -9999 -9999 -9999 -9999 -9999 -9999 -9999 -9999 -9999 -9999 -9999 -9999 -9999 -9999 -9999 -9999 -9999 66.1176049908631 66.8347086809792 68.6083877528214 69.78516088 69.8565892800002 70.9137493483475 71.7042587398103 71.8764862479682 72 72.6887583957161 73.9109316724419 74 74.5887621800001 76.2142583630849 76.2252399250734 75.8709135867687 76.5731618586108 77.776462809547 78.4914561531143 77 77.1344396259793 77.8392543 77.8392543 79.0228732184944 80.3232249999563 79.3159195103799 80.6431032310964 83.2111297822521 79.1138923785678 76.9342333176751 79.9154443132021 80.5090668437572
-9999 -9999 -9999 -9999 -9999 -9999 -9999 -9999 -9999 -9999 -9999 -9999 -9999 -9999 -9999 -9999 -9999 -9999 -9999 -9999 -9999 -9999 -9999 -9999 -9999 -9999 65.3507366055477 66.6662749337162 66.9824089381152 67.9525842099466 69.8966446382221 70.9280176800002 71.9186108054405 72 72.2109324908971 73.1866637990656 73.8882599455316 74 74.4711269235716 76.571795943481 77.8499809801822 77.17906372 77.6420040562466 77.899471215585 78.85658688 78.9969038015047 78.740532311079 78.07087208 78.9106827 78.9106827 79.0110238752127 78.6929047697642 79.0315667758662 81.1407886938984 80.9154885429177 77.9010353897568 77.731319170608 81.4085762200007 79.3264335391645
-9999 -9999 -9999 -9999 -9999 -9999 -9999 -9999 -9999 -9999 -9999 -9999 -9999 -9999 -9999 -9999 -9999 -9999 -9999 -9999 -9999 -9999 -9999 -9999 -9999 -9999 64.6720031062001 66.4680437582953 67.7886841027907 69.7154240072861 69.9980646564379 71.9653963274473 71.1922399015431 73.1394372252668 73.9683656302381 74.28515968 74.9821111 75.420039723248 76.989635227743 77.9779302232854 77.3516195032663 77.7233321624574 77.9964767342761 78.8588323702192 78.9990322852856 79.9991336192099 80.9626343637049 80.6345513753997 79 79 78.6322243583141 78.4478384523623 80.01677386 81.0031756296569 79.6975125399996 78.2600966883242 80.3625148573151 81.0089067673899 79.1091641976479
-9999 -9999 -9999 -9999 -9999 -9999 -9999 -9999 -9999 -9999 -9999 -9999 -9999 -9999 -9999 -9999 -9999 -9999 -9999 -9999 -9999 -9999 -9999 -9999 -9999 -9999 66.3569603241053 66.78516088 67.8565892800001 68.9280176800001 69.99944608 71.0872813538386 73.08876338 74.0085765878053 74.272758851373 75.2868235105511 76.3610361005415 77.0535395 77.57087328 78.0535395 78.0181932264421 78.6924484656203 78.9464605 79.7741172839768 79.9942074736902 81.0164046023333 81.7736907584887 80.0085764593105 79.8343224201321 79.0908540590458 79.42801408 80.0535395 80.5431732165804 80.5058059327238 80.1252723549368 80.1070789999999 81.6271797065869 81.1255266199998 80.1047413283503
-9999 -9999 -9999 -9999 -9999 -9999 -9999 -9999 -9999 -9999 -9999 -9999 -9999 -9999 -9999 -9999 -9999 -9999 -9999 -9999 -9999 -9999 -9999 -9999 -9999 65.2289203868432 66.7426959103055 67.9480184674537 69.0529855800001 69.9058505764993 71.0641145388988 72.140136563953 73.08876338 74.16019178 75 75.0378713446406 76.2016012382113 78 78.4526836639143 78.8750321 78.2973441503822 77.9085711124693 77.9753872446791 78 79.7736007010241 80.7500642 80.6834877665451 80.1401708495791 80.9039768875693 80.7726959094353 80.62441038 81.3056593590144 81.4395535161627 82.6038150866891 82.5497108590809 82.1249679 82.0246130552438 81.2348077219044 81.2431752590528
-9999 -9999 -9999 -9999 -9999 -9999 -9999 -9999 -9999 -9999 -9999 -9999 -9999 -9999 -9999 -9999 -9999 -9999 -9999 -9999 -9999 59 59.6754123953417 61.6954192600003 63.83827606 65.5079994650831 67.1907265014423 69.26684646 70.764369485508 70.4690103779654 71.727288102627 72.8070082259326 73.08876338 74.16019178 75.0454893463574 75.3804096403355 76.4790117666929 77.6947815667821 77.905206140257 78 78 77.5557555413636 78.0381244458435 78.3681401076317 79.1529246988935 79.1998003545815 79.4641212519437 80.1963963 80.4735029550065 81.69583878 82.693721758044 83.6422992800002 84.71372768 86.0164165647618 84.6086243599995 83.4455021106694 82.7474626828055 82.5891889000001 83.7208622897554
-9999 -9999 -9999 -9999 -9999 -9999 -9999 -9999 -9999 -9999 -9999 -9999 -9999 -9999 -9999 -9999 -9999 61.4216252171941 59 59.16019418 59.8924459160034 59.6168139378032 59.9773638247906 61.0402151425941 62.8961169527924 65.0673901570093 66.4833769931895 67.8035255067759 69.8026254600003 71.5394177924303 71.5462801580496 72.543698908364 73.08876338 74.117288464579 75.0258290852227 75.8592792100478 75.9101263800001 76.8621303053733 77.9237132444284 78.5356494 78.3588340559686 78.8034980461672 79.2150759236343 79.9080942665642 80.2533365032372 80.2805151869614 81.0237723828402 81.3107273726417 81.9988849600004 83.7575323277553 84.2678247 84.8331515118479 85.9144266583509 88.3494728629015 87.8229095599994 86.8556374842141 86.6596976191449 86.3727426293434 87.470919478626
-9999 -9999 -9999 -9999 -9999 -9999 -9999 -9999 -9999 -9999 -9999 -9999 -9999 -9999 -9999 -9999 -9999 60.3219157199998 59.3693671660389 59.7300076356661 60.2316225800002 61.200239995577 61.4133108105511 61.4459077800002 62.51733618 64.1670731131946 65.6541582451899 66.4964096423826 68.2846057600003 71.005271306553 72.5892627808492 73.9885459657033 73.42801648 74.3935986579595 75.0631686959127 76.64230168 77.5866876036564 78.1512747824718 79.37392066 80.5389924947278 79.7943439191439 79.5874571069838 80.2091172668882 80.3392531 80.964256354632 81.3510133629921 82.10652028 83.1236039362479 84.0631647101202 85.4420624560082 85.8055478621362 86.9095652600004 88.1932655743923 90.9013341389598 91.5938252065931 92.7339619544471 92.2815319210953 90.5499503099348 90.676951764642
-9999 -9999 -9999 -9999 -9999 -9999 -9999 -9999 -9999 -9999 -9999 -9999 -9999 -9999 -9999 -9999 61.0763052012301 60.9826626199998 60.052311316321 60.4949131061336 60.1364994714118 60.5893185 60.7431102534975 61.2627817040481 62.10665468 63.0729079417226 65.9335185266323 68.69528726 70.5083463717751 72.2111873493205 72.7991478331342 74.821363 74.91012638 75.9157669795019 76.6423016800001 77.5892736345927 78.1537907678619 78.8565868800002 80.2328896472289 81.3469684447744 80.5400653976799 80.4311565998651 80.5893185 80.9484495250441 81.7769306949973 82.8489099900471 84.49944248 85.4106815 85.6422992800002 86.71372768 87.9389458622263 89.7131689600004 91.9760696614063 94.33610134082 95.8922326800001 96.3627382910014 94.1450001060918 91.325028399408 95.3915627874519
-9999 -9999 -9999 -9999 -9999 -9999 -9999 -9999 -9999 -9999 -9999 -9999 -9999 66.6661392725865 65.9712666323892 63.7936628950241 61.59029194 60.9826626199998 59.9572051386807 59.5951213001004 60 60 60.37447938 61.4299531104502 62.7309688740062 64.3400096272128 67.310327985295 70.6865766806993 72.2851596800001 73.7781826679122 74.91012638 76.4904672654744 77.0101894757446 77.4821099 77.7137300800002 78.4821099 78.8565868800001 79.9280152800002 80.99944368 81.4821099 80.8219193199998 80.4821099 81.2564240841343 82.3208054800001 84.3381380599999 84.9731961715896 85.5280783328083 86.0772288859729 86.7137276800002 87.78515608 89.4115969623165 91.8560257600004 94.5347241602426 96.87260669866 98.4605813374413 98.2326032200001 94.7520398799994 93.4800498613533 98.6637761223028
-9999 -9999 -9999 -9999 -9999 -9999 -9999 -9999 -9999 -9999 76.2156757599998 74.1789245199999 72.0818573116867 69.8292454268415 68.3462014258858 65.4836348599997 62.1680649425121 60.9826626199998 59.9112342199999 58.9828469518658 59.0211353691749 59.6142120242826 60.37447938 61.8918155600004 64.0346723600001 65.9146683247135 67.8739242600003 70.6700629101423 73.5830679101101 75.3719757948559 75.975849359748 77.0173349800002 78.0491339304675 78.5535383 78.7851584800002 79.5535383 79.7207279291017 80.4459053800002 81.51733378 82 82.0706909626584 82.1070766 83.7131713600004 84.98155238 85.9516965764798 85.9904057531321 85.4955943019755 86.3375312941665 88.2104850678091 88.85658448 90.8842480624066 93.7520581824862 95.3018383273781 97.1775195600002 99.3203763600004 99.26838342 98.0104008452635 99.1262193881607 101.534058330195
-9999 -9999 -9999 -9999 -9999 -9999 -9999 -9999 -9999 -9999 79.6979176599998 77.2932066634402 75.0569806879936 72.6038286211437 70.5946052017245 67.6264916599997 64.6486207074618 63.460858849669 61.1611676199999 60.1898552480337 59.9617662805319 60.55298438 61.8584499223366 63.7667156600003 65.5862545747948 67.4274625600001 69.1577207319264 71.08820946 74.3352864490581 75.8744781800001 75.4088398861891 76.4032020652455 78.1442375366795 79.7250812281137 80.1920437809039 80 80.4680712848332 81.6958387800002 82.4439507947149 82.9929234567195 83.0849297236926 83 84.6060947600004 85.87447578 85.4088413861092 86.0043319906502 86.3941670367593 88.1552421836127 89.7697200996281 90.7423733510621 92.4366618500141 93.8209362800002 95.215679565365 96.8095643032008 97.870218403533 98.3079553193358 101.185583764409 103.62384686 103.638487652059
-9999 -9999 -9999 -9999 -9999 -9999 -9999 -9999 -9999 -9999 79.7274401556938 76.8396902799136 74.523457312325 71.9218376754353 69.9413111168033 67.5927520509569 64.7530605612819 64.2998874259153 64.0622355742397 63.6740219579995 63.2504861297616 64.0886313800002 65.5345391600002 67.6773959600005 69.6631869608049 70.8394791228691 71.7493782800002 73.0429305159128 76.3611794718487 77.9636634800002 77.8020034273699 78.8081783648698 80.2048976771087 81.4414252093478 81.7873732368263 82.0891853000001 82.3165713921305 82.8317741583045 83 83.5887621800001 83.3398094199998 83.509495872739 84.7432515995004 85.87447578 86.3715418920431 87.4101227800003 88.5703121600001 90.5529795800001 91.4631104929352 91.8804077103486 92.5643871625866 93.1353783296526 93.2574665456752 95.0332076576075 97.6828603408902 100.652889384172 103.260254043394 104.227383906175 102.698981755327
-9999 -9999 -9999 -9999 -9999 -9999 -9999 -9999 -9999 -9999 81.3728047575419 78.5783887734638 76.0619743873554 73.2784650085572 70.9295426399998 66.7723456211467 65.5733229911152 64.7984729277929 66.3993340962404 64.9628066759672 64.9994460800003 65.838184815858 66.7489587600001 69.2341940323173 71.4052729835958 72 72.6601929800001 74.2933774686665 76.1302211417386 78.0102760768414 78.9584658009286 80.0173349800002 81.08876338 82.1229990131909 82.8216002627219 83 83.2875322254531 83.4254468704594 83.3972210336279 84.3565856800002 84.6145427618027 84.70551173411 85.5708708800003 86.6422992800001 87.71372768 88.0173325800003 89.109369193673 90.2693687095855 90.6421945745019 91.4648624785892 92.0869441973233 92.9169260735284 94.8393688834059 97.7420930250618 100.544950540974 102.544679610659 103.186448172799 102.560735288711 102.751406286128
-9999 -9999 -9999 -9999 -9999 -9999 -9999 -9999 -9999 -9999 83.2096492537915 81.5553223798667 80.5906870670361 78.0013881599999 75.5901551399997 73.0255850648341 71.9201592913079 70.8366859144694 68.5009722399999 66.812947069934 67.7493782800002 68.2634195892381 68.1131800288242 69.4285173368207 71.1122596520038 72 73.2142611928319 75.30249466 77.3162627336598 80.1613676340739 80.6698083855125 81.6812903650986 81.8535204446846 82.0257505242706 82.1607481 82.1607481 82.5352250800001 83.4632965947706 84.35658568 85.4280140800001 85.8392519 85.8392519 86.6422992800002 86.979822220131 87.94590418 87.1635342793031 87.41025718 88.4559354415248 89.3923658800002 90.46379428 92.1035836083002 94.9445346831812 97.6355784964053 98.9624298479743 101.589252828846 103.57086848 103.8392519 103.698681965664 105.418255446078
-9999 -9999 -9999 -9999 -9999 -9999 -9999 -9999 -9999 86.8708517364955 84.7982148067639 83.4468587899767 83.7623921467171 81.53716956 79.8572603401981 77.89376004 74.9739708726418 71.979565480839 70.7246662871601 69.8922350800002 70.5417952387176 69.8836118773818 70.1958399800001 70.8611889491373 71.9453526600001 75.0553855173756 77.8737874600006 80.6829174378251 82.3388597454351 83.5840959373886 82.8706224119537 82.9264669247871 83.8213606000001 83.6754771017321 83.1216122350087 83.8213606000001 84.1958375800002 84.8611887347701 85.42801408 85.963268361289 86 85.3337290078079 85.8923670800001 86.8856875656732 87.0844878775863 87.9106803000001 87.9994412800001 89.07086968 90.1422980800003 91.4897046661163 93.9447843400003 96.7529944804032 97.5319725709866 98.2509832661568 101.039532350182 104.153473893119 106.3733147866 105.93567521996 107.71316416
-9999 -9999 -9999 -9999 -9999 -9999 -9999 -9999 90.2264451741295 88.9642174000002 88.4191112407912 87.9210773066696 86.6316675472044 83.76934606 81.3724806874678 79.2331475399999 77.0733671986662 74.9119615282666 72.9626292648004 72.634535986398 70.9958559709345 71.8749957120049 74.3029141800004 75.8042946202721 78.4354049232034 81.6515884037309 83.5646568906637 84.6683441951923 84.1720115290578 84.8565868800002 85.8941682832107 86.928744945328 86.8591508122608 85.6466998791936 84.2137288800002 84.9821087000001 84.9888085799923 85.4379275530751 85.9913644738582 86 86 86.7054397506863 86.1899051431794 86.0156455085226 86.9468720245443 88.0170224776117 88.9836967493215 89.3175127637456 91.4412003168132 93.5703097600001 95.3520916541065 96.8918059600004 98.4988199181621 100.14173696 101.64802882957 104.19484974 106.60608996 106.12552662 106.962825192516
-9999 -9999 -9999 -9999 -9999 -9999 -9999 -9999 91.0907030599998 88.7443654821022 88.1052176854173 88.4846996965753 87.5714956782356 86.8681248690555 83.6701730648653 81.0971474857403 77.2583176746125 74.3540409739067 76.1301348824403 75.276261831834 75.515643976317 76.1606113 76.889521519985 79.3970523211832 81.5450328588023 83.2310662600001 84.7490748975897 86.57031696 87.1930601127536 87.120514348459 87.1577152951641 88.0380582491154 87.0718479199999 86.169187503345 86.2141484 86.5009726378676 87.1606113 87.558771718161 87.0742626406264 86.0975700605862 86.6783829908997 87.73161898 87.1969526199998 87 87.94590418 89.0173325800002 90.0935129854624 91.070689249712 91.6114467157508 93.41012038 95.1904013739263 97.915678312431 99.0812335218242 100.841833048782 102.678380719389 104.46323316 105.846037679399 106.92801048 107.104177938186
-9999 -9999 -9999 -9999 -9999 -9999 -9999 -9999 94.9701492657571 92.4138340285987 90.275569865681 86.9684386400389 85.6225836512031 84.4696769029591 81.8919049115991 78.9700145658401 78.6248275000003 79.9913337025583 79.5112306600803 79.8453539174023 80.5946445030417 79.3256728344825 79.8275443770389 80.876527368682 82.5345343600003 84.6038158998784 86.7777838058428 88.9631047600003 91.0056080427179 89.7352197430028 90.5639742687233 89.512864431114 90.1722599801635 89.5551067258838 90.4709174683964 90.4127671173242 90.4062685939118 89.8040256199999 89.1852821255155 88.0945910604095 87.2923954540751 87.7986957167096 87.3976590547307 87.2499310000001 87.9594244023884 89.1401321054743 90.1886140202462 92.4453442600001 94.3855275116869 95.5529771800001 96.6712019831272 98.6568829511536 100.831910954568 102.478841399713 103.249931 104.438883664816 106.681830294897 107.99943888 108.952662191111
