catData/variables/futureClimate2070/rcp45/CCSM4_2070_rcp45/bio11.asc
NCOLS 409 
NROWS 350 
XLLCORNER 60.897278365 
YLLCORNER 5.843756025 
CELLSIZE 0.0892857 
NODATA_value -9999 
[rows 52 to 77 of 350, columns 59 to 117 of 409]
-9999 -9999 -9999 -9999 -9999 -9999 -9999 -9999 -9999 -9999 -9999 -9999 -9999 -9999 -9999 -9999 -9999 -9999 -9999 -9999 -9999 -9999 -9999 -9999 -9999 -9999 -9999 -9999 -9999 -9999 -9999 -9999 -9999 -9999 2.93184328498374 1.99265589838793 4.16863538717206 5.50490018090315 6.27637018010548 6.68537590145673 7.41201331309635 9.2623673800655 10.856757015944 12.0764618184192 13.4430629441342 13.9476336680755 14.7746152216538 15.7138207063605 16.0042155615029 15.869799206 15.6366882291515 15.4264668918607 15.0665154902186 14.7517198332153 14.5797764076421 14.5033825454976 14.8237643242862 15.4891070362826 15.7364693869278
-9999 -9999 -9999 -9999 -9999 -9999 -9999 -9999 -9999 -9999 -9999 -9999 -9999 -9999 -9999 -9999 -9999 -9999 -9999 -9999 -9999 -9999 -9999 -9999 -9999 -9999 -9999 -9999 -9999 -9999 -9999 -9999 -9999 -9999 4.59355543857795 5.10063783795378 7.09784710260388 8.20955611635144 8.56787473133172 8.2822212781276 8.42753855024577 10.904808084318 11.7332319083614 12.2269463608834 13.6996894488548 14.7264498780001 15.4061068196513 15.980474100768 16.1 16.052883434173 15.8322970759999 14.913189590506 14.8510842233942 14.9613480420733 14.6869844664745 14.5080189710068 15.5402665481343 15.793819458021 15.7206335469383
-9999 -9999 -9999 -9999 -9999 -9999 -9999 -9999 -9999 -9999 -9999 -9999 -9999 -9999 -9999 -9999 -9999 -9999 -9999 -9999 -9999 -9999 -9999 -9999 -9999 -9999 -9999 -9999 -9999 -9999 -9999 -9999 -9999 -9999 6.59543695983675 6.4847850088453 7.3962771986563 8.91910123086893 9.99662952186789 10.6271939320529 10.2364086260678 10.7015331033208 11.7185402562178 13.299221632 14.6971092089737 15.4586660597306 15.9261821260387 16.114230048 16.17678355 16.17678355 16.090571153767 15.7344277470953 15.5664456084498 15.0860656727319 15.1570193049986 15.4085528124834 15.975051492 15.867908652 15.77678355
-9999 -9999 -9999 -9999 -9999 -9999 -9999 -9999 -9999 -9999 -9999 -9999 -9999 -9999 -9999 -9999 -9999 -9999 -9999 -9999 -9999 -9999 -9999 -9999 -9999 -9999 -9999 -9999 -9999 -9999 -9999 -9999 -9999 -9999 8.20504963965819 8.36369132909688 8.84604509157415 9.71652596041752 11.1649770590748 12.0441928243641 12.0569467116514 12.0917998762599 13.2187919409475 14.6706035044145 15.5432626659408 15.8931955346744 16.114230048 16.1899453940472 16.2374222217083 16.2405094405362 16.141124982 16.0893885469747 15.9872465614604 15.9159136103711 15.9633398390354 15.9528414120168 15.998267942 15.891125102 15.8
-9999 -9999 -9999 -9999 -9999 -9999 -9999 -9999 -9999 -9999 -9999 -9999 -9999 -9999 -9999 -9999 -9999 -9999 -9999 -9999 -9999 -9999 -9999 -9999 -9999 -9999 -9999 -9999 -9999 -9999 -9999 -9999 -9999 -9999 9.43553026400005 10.1763495133299 10.58315018091 10.473980057926 11.8412670717948 12.3091420762869 13.0167326550629 12.6112192905676 12.7107847562497 14.5228892236761 15.5096778216785 16.0162984873857 16.130303658 16.2 16.2039821712213 16.2043106881668 16.194742007555 16.19106923 16.117908532 16.0982409542806 16.1 16.005410782 15.998267942 15.891125102 15.8
-9999 -9999 -9999 -9999 -9999 -9999 -9999 -9999 -9999 -9999 -9999 -9999 -9999 -9999 -9999 -9999 -9999 -9999 -9999 -9999 -9999 -9999 -9999 -9999 -9999 -9999 -9999 -9999 -9999 -9999 -9999 -9999 -9999 -9999 -9999 10.6052165645269 11.3016003219964 11.6457780832409 11.6315452291757 11.7706036699861 12.5100760783173 10.0923272732247 11.1767148969684 14.0436043595291 14.6555714578936 15.9704421855735 16.1987538781925 16.2367769808283 16.29821207 16.29821207 16.2403896961093 16.2 16.126839302 16.1 16.1 16.005410782 15.9999690320154 15.989337172 15.89821207
-9999 -9999 -9999 -9999 -9999 -9999 -9999 -9999 -9999 -9999 -9999 -9999 -9999 -9999 -9999 -9999 -9999 -9999 -9999 -9999 -9999 -9999 -9999 -9999 -9999 -9999 -9999 -9999 -9999 -9999 -9999 -9999 -9999 -9999 9.75867206074478 10.1719306990429 10.8517846169219 10.84848987 10.2291370321608 11.4452239984229 10.9079446418531 8.62347895559849 11.2937059679724 14.1456523209569 15.0343097303058 15.8885286029592 16.2016227336126 16.240796181734 16.3 16.2510380335729 16.20535491 16.20535491 16.132194212 16.10535491 16.10535491 16.1002897425064 16 16 15.9848399974539
-9999 -9999 -9999 -9999 -9999 -9999 -9999 -9999 -9999 -9999 -9999 -9999 -9999 -9999 -9999 -9999 -9999 -9999 -9999 -9999 -9999 -9999 3.02872236055131 3.26480259046348 3.545403110494 3.80321437222882 4.04674249539143 4.44152370801824 -9999 -9999 -9999 -9999 -9999 7.84391125603203 7.50916583350376 8.7489320423766 10.5172664734433 10.5276649478995 10.9544979807111 11.2328032719451 9.00918803032058 8.62836042785917 8.43902369282052 13.5973478861534 14.8751658457726 15.7841000022632 16.2215931834177 16.3 16.3 16.3 16.3 16.3 16.2359827431343 16.2024616145796 16.2 16.1172323059926 16.01249775 16.01249775 16.01249775
-9999 -9999 -9999 -9999 -9999 -9999 -9999 -9999 -9999 -9999 -9999 -9999 -9999 -9999 -9999 -9999 -9999 -9999 -9999 -9999 3.28950776932975 3.45061621650776 3.62403104082735 3.44590960654829 3.71190569696956 4.24287262707112 4.6529214043047 4.94481609446717 5.46792474068525 -9999 -9999 6.04334030064863 6.43478917903292 6.51763447529994 6.69275705876825 9.20224504013664 10.4214627837183 10.8393610476319 10.7582347231454 9.19694149479536 8.42305107562543 9.38281939066105 6.61812749843364 12.7058196538662 14.86224635 15.4624778712162 16.1332297704456 16.3073547131415 16.31964059 16.31964059 16.31964059 16.31964059 16.31964059 16.239337052 16.21964059 16.2010627095084 16.1 16.1 16.1
-9999 -9999 -9999 -9999 -9999 -9999 -9999 -9999 -9999 -9999 -9999 -9999 -9999 -9999 -9999 -9999 -9999 -9999 3.570175963235 3.691013838 3.75356685999999 3.89490905375745 4.085658928 4.2281657186908 4.48023875110321 4.81025842065538 5.11837408999892 5.19748782689792 5.78935341869271 6.29651202792319 6.30304175989447 6.65159167648673 6.73106733393487 6.01103306059512 7.4640869200835 9.36286918637668 9.64294036616502 10.4237749042608 10.0096055941502 6.94198287951099 7.44434902143889 8.88619456239629 4.09978781086761 11.7236173471211 14.2547530678501 14.9620121850472 15.9278792771394 16.337446498 16.4 16.4138556516821 16.42678343 16.42678343 16.4071884856637 16.319696462 16.3 16.2307450189906 16.12678343 16.12678343 16.12678343
-9999 -9999 -9999 -9999 -9999 -9999 -9999 -9999 -9999 -9999 -9999 -9999 -9999 -9999 -9999 -9999 3.79982560606726 3.63781441901002 3.64249303567903 3.68470680945247 3.89265810818877 3.98356304984372 4.057096688 4.31867376359943 4.6529323923504 4.84147444596755 5.36442174430327 5.43738765100701 5.87243146159873 6.31522825733157 6.02885370398155 5.66585891735977 6.27294383067199 7.01224103344019 8.07338648512082 8.77413967312316 9.4237720020155 10.3506114830022 9.48071023711661 7.08289347144418 8.02858996291433 8.10388100361167 6.12112945522716 11.1174307254387 13.8375185483241 14.7684423003512 15.6963782911671 16.337446498 16.4151274992011 16.4681076496148 16.5 16.5 16.4516599979374 16.353622732 16.33392627 16.33392627 16.23392627 16.2309153481423 16.2054342210418
-9999 -9999 -9999 -9999 -9999 -9999 -9999 -9999 -9999 -9999 -9999 -9999 -9999 -9999 -9999 -9999 3.11358773309063 3.11603329257749 3.33565296976977 3.5053739082405 3.90111574059683 4.0510327370997 4.01586176192665 4.28728068200004 4.78901322000002 5.24871609343422 5.65337171557153 5.617249366158 5.89209408081887 6.0584903580298 5.21771876542282 6.0513940385154 6.35557365479607 6.73839383233033 8.36259654632541 9.62863416138371 10.3335799548212 10.1431731495623 8.5252070603127 7.20878738441924 7.9233378895084 8.1852954659796 7.76458719110243 9.93610310050925 13.5131839500185 14.8442174340001 15.701360154 16.3117563314548 16.444589338 16.5 16.5241794459049 16.54106911 16.54106911 16.460765572 16.4051556608282 16.4 16.34106911 16.335839053622 16.2849992731225
-9999 -9999 -9999 -9999 -9999 -9999 -9999 -9999 -9999 -9999 -9999 -9999 -9999 -9999 -9999 -9999 -9999 3.41154711330006 3.70854172213951 3.83758372430987 4.12661725400004 4.39631311600002 4.54751240463205 4.75428276767786 5.13632077888648 5.57446717796314 5.65223696291106 5.36125371161963 5.85826505035422 5.43379500966243 5.7566219087226 6.4 6.6148167114917 7.77557539378 9.31685911074726 10.1872476715002 10.0998710464053 9.13059265400634 8.30645942235416 7.82992289843025 7.70695007324055 9.19990087356988 8.75745572845597 8.12013004219033 13.1193743775445 14.6553637980188 15.4451994673294 16.2145764697851 16.444589338 16.5249410917913 16.607086968 16.61638345331 16.6 16.5584123635888 16.5029251760382 16.4508205935124 16.44821195 16.44821195 16.432194212
-9999 -9999 -9999 -9999 -9999 -9999 -9999 4.9502790589763 4.46195360626168 4.2349457779356 4.44665201282035 -9999 -9999 -9999 3.84014636637693 3.6885944440643 3.6771195037029 3.57246304560752 3.65677563390242 3.84627656399999 4.14302248388475 4.38204615600001 4.65520733400001 4.8080548656386 4.63772741956569 4.42772156537262 4.770787205645 5.25404252889535 5.46089219403047 5.81855380261041 6.2697847693218 6.46878099024761 7.47228495100298 8.72700165881837 9.54279936873629 9.78638926250428 9.00016961657208 8.10532782011865 8.12576563004035 7.58728664069566 8.5863118666322 10.0152126199436 8.05742683096098 8.5814827919729 13.0365271340843 14.6136930478339 15.2383714492554 16.1012617029908 16.499944128 16.5784507295057 16.658875018 16.6705261886584 16.65535479 16.6109029351775 16.6 16.5577704449865 16.5 16.5 16.4928488472327
-9999 -9999 -9999 -9999 -9999 -9999 4.15250524546577 4.75607478727872 4.70422741179 4.29419218417085 4.09850555102684 3.85418318407816 3.7672242257538 3.65609618440543 3.93896330771777 3.28035216510214 2.93000308967531 2.82791102901831 2.74661466166457 2.95412638283611 3.76705669547136 4.08063579637204 4.37733307309932 4.5575245332308 4.59083577963087 4.71795083040292 5.25277617848108 6.05803198305167 6.56505900973378 6.68475364548225 6.34794155076351 6.29793376566967 7.55646624661917 9.07296774776242 9.684953611661 9.42580846638335 8.39349690399997 8.08154038172648 8.06525130865691 7.54317259199984 9.10835509140925 10.9343515167178 9.60990391561092 10.4245651127248 13.2057404976326 14.5150275636932 15.2859878259467 16.0387223122321 16.5099589874827 16.6323313851974 16.721372648 16.76249763 16.76249763 16.682194092 16.66249763 16.66249763 16.56249763 16.5569510290851 16.5
-9999 -9999 -9999 -9999 -9999 -9999 3.95511461435529 3.75571217288181 3.585492839955 3.39581323601296 3.17786288935384 3.20596477480485 3.40413383014571 3.56210528479181 3.72200481645945 3.2312429442718 3.1623848535036 3.85238258985313 4.36097077745919 4.81506652320008 5.17248399689917 4.90501695495186 4.8091498283898 4.83426354513063 5.375005744867 5.79087156330778 6.40723344582294 6.75437491444733 7.1839434575447 6.28448657458129 6.50325456251243 7.30351127388921 8.53368274806283 9.56803542594286 9.63873654185864 8.71716285066184 8.19754944531334 8.48634221253552 8.18564011168154 7.49261293357287 9.27359921642032 11.3656802535134 9.32718626093806 10.1355901601838 12.3404301606193 14.3439301519559 15.033563726 15.7982729424116 16.4120021851062 16.651732178 16.758875018 16.8 16.8 16.7756202232898 16.76964047 16.7037680940155 16.66964047 16.660765572 16.56964047
-9999 -9999 -9999 -9999 -9999 4.39123603559954 4.0726943690733 3.34375343167009 2.57099318976666 2.43400079301665 2.72640996230004 3.16880600809008 2.97874970325319 2.98322144535328 3.53857407739321 3.03628618901642 2.45195568483965 2.60686752951334 3.54135462201038 4.82617314162694 5.94800327785102 6.49332794981695 6.5410927544302 6.27432145725967 5.95058103655251 5.7907510136664 6.71750103631712 6.65763991382637 7.58707149442138 7.74018436096932 7.61426878404986 8.59235868310991 9.5170876483395 9.60713122968909 9.25581390742055 8.82389277460121 8.50467949736561 8.1679287955655 7.77770059311721 7.87065909964149 9.94584090421676 11.141175329602 9.25952478856537 9.44533039195833 12.3223789715585 13.93188754 14.5980135109905 15.5747580246436 16.3358112116235 16.6914538566035 16.835658328 16.87678331 16.87678331 16.8151235954765 16.8 16.705410782 16.7 16.6979395424435 16.67678331
-9999 -9999 -9999 9.74918684013011 6.60782334847346 5.0458871790485 5.02556612318899 4.26285189944896 3.95813305549983 4.0230056051998 4.24405155576154 4.57739944594906 4.49914684055242 4.95483715950459 3.71839224432104 1.85831445866558 2.68969162955049 5.47749024310431 6.45505070780135 7.16846540887893 7.76936012876361 8.14878253323961 8.14045188876469 8.17731430626427 8.16936545193025 8.07279408460261 8.07182355898481 8.34689544879614 8.87809106579655 9.06309980137341 9.19030330200393 9.51536660577068 9.72672851643468 9.34461206099193 8.70743887365003 8.357319696 8.13471465068395 8.22771349150091 8.40283965826913 9.17775973589992 10.5628680862814 11.1596749347842 10.3034522458205 9.39946693495546 11.9200029812164 13.667389772856 14.4699758169372 15.5895172279189 16.3603688046939 16.7439736806935 16.858875018 16.9 16.9 16.8870921297572 16.88392615 16.789336932 16.78392615 16.7764777897922 16.7
-9999 -9999 10.394556568162 8.20172694399933 6.20771337378586 7.26268843549018 7.12218530622712 6.81228551541276 6.93220862780672 7.00878991140918 6.76311773378866 6.8623672673125 6.57715911520128 5.37500841443559 2.4321385727414 2.68087424774827 6.52609129814569 7.82643621904319 8.05592275714232 7.82292935134988 8.00016023152284 8.40915799712608 8.88400342215825 9.10350126800003 9.14401696212332 9.21237403824407 9.2129321447347 9.33062304416208 9.46443069314205 9.48287500889674 9.5704115279542 9.42869787643646 9.15710418167844 9.08379770859179 8.68195783301033 8.24795813715035 8.77559896584598 9.14735918667097 9.34150072331117 9.93013133177441 10.467610351586 11.0774341900942 10.2827214556606 8.44494328277385 10.6112417033115 13.7511262210284 14.4526012290844 15.348839919114 16.4179979582358 16.751732178 16.858875018 16.9 16.9 16.9 16.9 16.8915522274815 16.8 16.7992073819721 16.79106899
-9999 11.2276463342997 8.86567311638451 6.05234041606001 7.02100279040813 8.73889186665517 9.12242553595989 9.06324955351355 8.95027837198939 8.8059783475938 8.48005185852825 7.50849830845349 5.91603452526744 5.50840467726801 4.75702852800008 4.88827104953572 5.26172383860413 5.28713096120673 5.02952490893737 5.38256781901196 5.17420216475441 6.3683676195534 8.0983742860816 8.9028466537708 9.14728220352673 9.28030401800001 9.38588315951932 9.39990325460273 9.40178817 9.38451353454033 9.14393910690639 8.8336074525458 9.02262439114856 9.36930830199535 9.57306226888774 9.67404055642109 9.74258060500981 9.46569072329198 9.73325273216493 10.5324056078661 10.9531745281891 12.0230860864445 11.0646282761015 9.94203053699666 11.215433628709 14.0867330563977 14.5794918970788 15.3367901772165 16.2596872145041 16.751732178 16.9166972505907 16.99821183 16.99821183 16.99821183 16.9123291418975 16.9 16.89821183 16.8894956302636 16.8
-9999 10.7520756656217 7.09763875674017 6.22053395658595 8.85805019506302 9.55285037315575 9.51378690354125 9.29376407803068 9.01486551452001 8.61814619401876 7.88545487099749 6.83182545013018 6.57526581125276 5.99526737296697 4.79817952273741 3.6999324105435 2.74137194200001 2.50425636631963 3.75456300258637 4.68558058277497 5.37017286839266 6.63906935040945 7.27368793388627 7.38036688972124 7.83400624939999 8.13269863535747 8.35213067734257 8.47823598418191 8.49829594938508 8.74180667640634 9.09088935571022 9.02838454400001 9.4564245923847 10.023049554 10.0020871985377 9.84076199546615 9.98154555066734 9.97125621972903 10.587052838006 11.281741336453 11.3852803743599 12.0156724760159 12.3467411103173 11.5023617065753 12.3392051104124 14.2113216612537 15.0429182982324 15.3545100375778 15.8802408401899 16.7526119514157 16.958875018 17.003535038437 17.0014371560524 17 17 16.9104757224795 16.9 16.9 16.9
-9999 10.2557216684108 7.42056687407281 8.20267285897408 9.81780686800001 9.81728802381426 9.54951188512727 9.1749821554958 8.81602297670883 8.31614305716214 7.37509412893852 7.07992793465204 6.18958787072069 5.30578688831571 4.96521181459542 3.6866493850347 3.44186784165768 2.91264843312953 3.39361353723042 4.59638692964041 5.76147598978129 6.81992301474773 7.48702771075071 7.6792386907537 7.84873739261005 7.8020495673998 8.10289521235362 8.31550680206701 8.53277134843933 9.02710820674702 9.65056942441461 10.1790662084604 10.3507339820488 10.3217333650427 10.484786780122 10.5060322458872 10.3896074252561 10.617836144802 11.067648732 11.255308758 11.1328976934876 11.207086968 11.6466996037366 10.8941942063733 12.6332976671836 14.1641207637282 14.8484953393778 15.2013841134966 15.8918351140491 16.7008964361188 16.9662329292621 17.0702647795947 17.0359825675486 17.0024615673081 17 17 16.91249751 16.911388368735 16.9
-9999 9.39655930541729 8.00615905542061 9.42427315922855 9.69519087161812 9.76012883795861 9.36690602163068 8.62857715492942 8.39916985895861 7.95994517139434 6.79884297543978 6.45284862002497 6.21870797078429 5.2870835868636 4.68117789971337 5.11179980716132 3.65753183494229 2.60381344601637 2.04983346400003 2.73034893863086 4.24959621704155 5.8425363616181 7.10486342025717 7.9242227453527 8.50161360142336 8.94507896479709 9.24605867292563 9.3714501387557 9.58892207136468 10.321195134697 10.7815193837631 10.9599688545647 11.1237552400607 10.9820196788475 10.8341664078272 10.694549448124 10.5820934554692 10.5983956974262 10.8548078448541 10.9582949557503 11.1014886335151 11.2717611598429 11.2914686977318 11.8045907651807 11.8951916274375 13.4673871974363 14.583062128988 15.1836000380001 15.9602250920001 16.6972611783564 17.0258271264023 17.1 17.1 17.0354683579256 17.0024655752985 17 17 16.9928681630293 16.91964035
-9999 10.5957271868773 10.405766366 9.70620307018836 9.70085557689557 9.6599450920801 8.83375548808934 8.26472196236616 8.06172531168265 6.50459670316352 4.77215863282059 4.28275307205662 3.83494727420201 5.916806515355 6.80829288080824 6.23691445240829 3.86447990661813 3.87960303569488 3.64792411055753 3.87237900092203 4.72199525389303 5.93396660258943 7.06854971498562 7.84383628070422 8.40163618876011 9.05302812056292 9.57074174374571 9.94772684878542 10.2253120729444 10.5771809132941 10.8725588322384 10.9439220417016 11.3039241252087 10.894663319038 11.2753745106447 11.3069259198045 11.0910464147212 10.7890388178651 10.7640026181819 10.5232055991221 10.6394058950674 11.1711122532806 10.8416627860178 11.4900035258062 10.0858851324459 13.5477313566572 14.7040093197009 15.4480426315385 16.2845519077675 16.8949073864751 17.085658208 17.12678319 17.1071884212493 17.1 17.0359745515679 17.02678319 17.0263192896149 17 17
-9999 11.4065670572391 10.7474744223127 10.2874287663483 10.0607643170272 9.08677347511004 7.89171476171957 7.85768300754183 7.92191033321958 7.49230459257778 6.18686323076164 4.19437226656545 1.38692925849156 5.54580481902811 7.75779461592076 8.63675648196657 7.00736505733376 7.93579641093488 8.37534779599991 7.2460353208941 6.25912642574697 6.60759073795949 7.43749355597288 8.40442958977703 9.153275901163 9.70863245000005 10.2474564176749 10.2481693713204 10.4467929792768 10.8090034664174 11.1664434557766 11.318425205263 11.94063146342 11.7358132054568 11.5258708160457 11.330778434252 11.1332680715333 10.8400321448012 10.7793182096134 10.4748784914461 10.22310546357 11.1778888235917 11.2339093969124 10.8512826477063 10.6636766279352 14.1227687540001 14.8884616736875 15.6222073777093 16.5648500338134 17.037390386 17.1728270917308 17.2 17.126839302 17.1 17.1 17.1 17.0988555605167 17.03392603 17.03392603
-9999 10.7342496351668 10.5488819165146 10.5537526537936 9.99527504639472 8.57408883423224 7.75946604209419 7.50601963958246 7.44757855281224 7.08816055837983 5.55924710929702 5.19381872973963 4.00819713184822 6.57709472185798 8.70889445262338 10.0536444521632 11.3985489572319 11.3793290535615 11.1353923175179 10.7580058909962 9.87687099179726 8.3350510571995 7.34983069343884 8.17920824563772 9.5978422349168 10.5021443737861 11.392177155569 11.7719284407351 11.755222646 11.9972454718302 12.4634194103663 12.4084719256013 12.2443079627455 12.0050093561483 11.5458538388881 11.5697010065037 11.6537831718087 11.1119375452472 10.279049013108 10.0810851049595 10.477184456524 11.5304773347617 11.9928609486498 10.3386428802007 11.5817457306315 14.6864480564708 15.5049679336371 16.1194328812506 16.7996310289717 17.123287405069 17.2 17.2 17.1568855739527 17.14106887 17.14106887 17.1022221470256 17.1 17.1 17.1065783039962
