catData/variables/futureClimate2070/rcp45/CCSM4_2070_rcp45/bio10.asc
NCOLS 409 
NROWS 350 
XLLCORNER 60.897278365 
YLLCORNER 5.843756025 
CELLSIZE 0.0892857 
NODATA_value -9999 
[rows 208 to 233 of 350, columns 174 to 231 of 409]
32.8177821654529 32.8838168649952 32.8913055425566 32.8425457318915 32.7602804843397 32.8231028023636 32.923533294472 33.1979785926317 33.558149295603 33.8652506494196 34.0165504950286 34.0468400694768 34.0853442740751 34.2747523616269 34.4178416931787 34.3393955639999 34.0562467185878 33.5589209661656 33.3030566846139 33.4529409678759 33.648128286 33.7330823639583 33.782325805187 33.4899337082905 33.91937707 34.3293378944981 34.6835940318009 34.7732969566473 34.9053173890955 35.0606039560001 35.237444818 35.3549405064399 35.474949588 35.4916854586724 35.5403762028625 35.5937677682325 35.5569888633614 35.54643818 35.357263104 35.1955335599497 35.337564962 35.2427193970785 35.246377988 35.353520828 35.3797476386703 34.9607770887138 34.0130401499999 33.2602110025976 34.0145395230633 34.573158778 34.5010530770451 34.1535361137908 33.9246871025953 33.5074864063946 32.2836718842224 32.1149405412173 32.9871969703563 33.323260322
32.6747485379113 32.8415072090958 32.9 32.8928318994648 32.8756073486493 32.7784939704986 32.71607625 32.8245196593917 33.2529070853873 33.5371770114283 33.5795112062437 33.6686628028224 33.9412707861254 34.2185913966902 34.31607625 34.3063333293575 34.0966984599999 33.5538161980476 33.2761638627677 33.2040352483329 33.2802615860001 33.5324227283574 33.6129095660297 33.7206767917739 34.20863389 34.4718651729525 34.7014265192917 34.7455340258928 34.923159138 35.0351733997383 35.1220959725537 35.176740158 35.283882998 35.3720965879996 35.4212258516315 35.4321525 35.2844583114467 35.3950024894756 35.226901174 34.9341610578933 35.0616957438739 35.2 35.223158898 35.3048713831552 35.3475011440293 35.1929783888549 34.3315644752033 33.0897640832515 33.6381539816986 34.4830541378071 34.4523062528637 34.3739028809623 34.273260202 33.887394041518 33.0660263808797 32.1978462302351 33.3576695830269 33.5044825588556
32.7162951516304 32.8027070428132 32.8771337220079 32.99106659 32.99106659 32.873318954 32.8511857092726 32.8886688179103 32.9269352754656 32.8717239708279 33.0348100350823 33.3304165706417 33.546192785649 33.669616998 33.7957813716196 34.018519229881 34.0899079948882 33.7493364565225 33.5260903509216 33.2571577042088 33.2320328360001 33.4528541324701 33.6551901746942 33.8659564660001 34.1055918880559 34.3197520412015 34.4187194743843 34.3823517324328 34.67104960525 34.848168798 34.91786682 34.962454478 35.069597318 35.1231262166642 35.186918912153 35.21786682 35.2035194315745 35.1359906821868 35.1099004448431 34.9880695792838 34.8194521818883 34.879489473619 35.0899122706196 35.0543949895073 35.1894108983245 35.2930007025666 34.7466546379175 33.6024694967759 33.6556909012553 34.4169071188206 34.5856526544549 34.4228678079108 34.2192752751383 33.8801657059264 32.7271352494564 32.6212141647472 33.5564048482608 33.7483121861049
32.579460330344 32.5648914525556 32.7399063522724 32.80358114 32.9051905372545 32.940072005077 32.8993915044732 33.0436990519534 33.09641886 33.008973682 32.9069118360217 33.008833426 33.2229602162258 33.4353274286755 33.6708540191254 33.9313873828497 34.0015697000749 33.9082352564747 33.6938836590754 33.5361733341232 33.3006988168788 33.2044105054519 33.4448401387239 33.6784710160001 33.6140743431296 33.7141736680733 33.908793964523 33.9394816590271 34.2235044982683 34.633883118 34.6668067976776 34.649959368 34.757102208 34.8631908796718 34.969597318 35.00358114 35.00358114 34.916136442 34.7177933761583 34.8018197783706 34.7279335804615 34.9815499169189 34.8349337985597 34.6672231821699 34.880260866 35.0491607590695 35.0943184751933 34.9584417677224 34.4888314825535 34.5894027093937 34.6193456686814 34.3392323802315 34.2055096202182 33.8996282480162 33.8781954062358 33.8777997643237 33.8940817359477 33.6893543611962
32.70535227 32.6782935507376 32.6514979345487 32.7529062004663 32.857083248 32.9610750023013 33.0624832682189 33.0254039258636 33.0717063421079 33.08929546 33.094358066111 33.00535227 33.0305485311723 33.3196140392832 33.5261492284409 33.7158672645234 33.826740518 33.8470940266883 33.7456857607707 33.7 33.5090174998713 33.191226766 33.1781126826981 33.452302254817 33.583883238 33.399907372652 33.4207931725696 33.736487118487 34.0302614660001 34.2126233243221 34.2805950677604 34.2417419838428 34.3906799401495 34.6437663780156 34.7517782739098 34.7878588581727 34.78929546 34.7065310383376 34.5105352344201 34.4925709869949 34.670192620585 34.551911074 34.2524269624997 33.986514422173 34.4929287889149 34.7333034859948 34.8953395029202 35.0513196051623 34.5323044492029 34.6504455853819 34.4787935279999 34.1470271529843 34.174916432552 34.0824908569714 33.9920768334792 33.9258631481779 33.982193612 33.8463710919869
32.7779035997447 32.8140210225402 32.8703309488251 32.86808600689 32.9202769153948 32.96251467 32.9707635240354 32.97500978 32.9147751729313 32.8890736288192 32.9466362773122 33.050235832611 33.0658410049785 33.1 33.1607967647308 33.4193328105285 33.587464618 33.6611621738036 33.67500978 33.67500978 33.6172421860471 33.3863097755245 33.151890914 33.2436796212299 33.357102448 33.3855580293772 33.2927566960001 33.509043630053 33.7309294062319 33.87500978 33.9030970556032 33.9667333907406 34.0974296686287 34.3619074373125 34.4832585740589 34.551522608226 34.5850435854891 34.58750489 34.5047361689194 34.3122788973655 34.2966738449511 34.230482554 34.0683021295598 34.068561858485 34.1373386023189 34.4532203470748 34.6578007353596 34.8398540910665 34.9622707422119 34.8469747635715 34.4988610790017 34.3266194807839 33.83955862 33.754344566585 34.0099816663614 34.11249511 34.0864427522083 33.9659122964932
32.642797568 32.71963795 32.682192652 32.6379574992609 32.6505651964058 32.6642093718839 32.7204500714206 32.74108615 32.8371582209853 32.8076238026661 32.610823964 32.6424771029714 32.7498119063765 33.0473767894483 33.0849100770719 33.1243514835803 33.2104536662325 33.3586560451153 33.48036205 33.4572389223783 33.4540504211586 33.387564842 33.2316592757083 33.0251101239999 33.0574375769005 33.2576027218975 33.0963664007547 33.3056277214069 33.5687932679409 33.6607241 33.6379860712728 33.7337629740001 34.0551914940001 34.258873338 34.3530519539725 34.3947289813753 34.480301858 34.5 34.5 34.4168881397006 34.2375894822284 33.961677433076 33.7933980975707 33.9921669267879 34.0796350780214 33.9502145262938 33.9986408511963 34.2088437118053 34.6191126446895 34.798553686977 34.6432651224079 34.4079387850601 33.9631505788628 33.5068717598233 34.0194884269832 34.2164927716691 34.1536826839999 33.9334464109734
32.749940408 32.8348960276418 32.8261444286223 32.6792250383972 32.4879766374168 32.4972278053093 32.498101544544 32.4928119015244 32.6390990754951 32.7840828974854 32.6361553824657 32.42678079 32.4527697962937 32.751690706 32.955221536775 33.0894495567359 33.1167527076516 33.2098817113425 33.3741462206185 33.2664860347103 33.2215559097299 33.1536865347494 33.141163166231 32.9949669892113 32.878631432 33.0193174315168 33.008873458 33.1406111782663 33.3936776558865 33.52678079 33.5742536260745 33.7753836269452 34.0542646119294 34.2478592930158 34.3176796539962 34.399939808 34.4855771760429 34.5 34.5 34.4935418968983 34.117907572 33.9584273311407 33.5458304228015 33.5863232608203 34.1430166090028 34.238721652781 34.0882018632843 33.9297103250325 34.3228764180001 34.7998234032973 34.6590951459999 34.3610849426635 34.1629374196441 33.981145818751 34.0533997240001 34.3064758094146 34.1412785408683 33.7743841205374
32.823159618 32.9200227642672 32.9914819786918 32.9152851309589 32.6994833551442 32.5368764296296 32.46784726 32.4913700431773 32.5530608699755 32.7113021473625 32.6696524112507 32.5672600901363 32.5309133495232 32.5211662938201 32.7016308740001 33.0030367883162 33.1667394807876 33.1973093244577 33.3022872176893 33.229399745537 33.0667381338552 32.8361976720106 32.844607578 32.8361895364417 32.8017401776679 32.769537606 32.9869906242406 33.265836082 33.624930028 33.70177089 33.776660526 33.9758204538745 34.1020288952613 34.2316983326483 34.366016178 34.473159018 34.5272413051911 34.5042592141958 34.5 34.5299065100606 34.2838673190697 34.041652623026 33.6438791652175 33.4994146081386 34.0296650298085 34.3294617472911 34.3669924559659 34.2311717498701 34.4646051403557 34.8037637376775 34.6524127397743 34.4547754183873 34.339336332 33.9953150076136 33.9690409289069 34.3123121466408 33.8827534158296 32.9887175979335
32.9368481904219 32.9572446403523 32.9902680580696 33.0702009683153 33.0246211131222 32.9359992236136 32.7379559757897 32.6690614885967 32.5983112089119 32.5977568224204 32.6 32.6975583397187 32.550059832 32.4655109567728 32.5504566559629 32.8087737140001 33.092757176 33.2361777357558 33.25893353 33.2242372522473 33.0019507459999 32.6374068927388 32.5883913310155 32.7233554872303 32.8744981094761 32.8663057085565 33.0192121980651 33.464065192 33.8421804189181 33.9945768927048 34.0827117810495 34.226720598 34.260889050558 34.299939808 34.3799721340665 34.473159018 34.613278996425 34.553621772 34.54106647 34.5989802271623 34.5092175154079 34.1726941116538 34.1136888681005 34.0696890858547 34.138023037609 34.3366209572735 34.443105874235 34.4894811082565 34.6259599232521 34.7431150503803 34.6313073338655 34.5484658941112 34.446479172 33.8881757966028 33.9542044175154 34.0362694477751 32.9053412587195 31.9754200270996
33.1593744020364 33.1358137039999 33.036546034827 33.1664714103583 33.32315073845 33.3659274634284 33.1442136486136 32.9731272912589 32.903744243191 32.9318622128263 32.93746517 32.8877066546022 32.5832669734227 32.4487829230886 32.474950068 32.6280888537876 32.878471496 33.0266737600307 33.05537207 33.1121371614522 33.017393555209 32.728731536 32.64820931 32.7387859835206 32.940966246 33.0551279659862 33.2626926382502 33.512274502 33.9176867240001 34.178511288 34.285654128 34.392796968 34.4214177281454 34.4269095279762 34.44820931 34.521368328 34.670100054341 34.6547117875374 34.64820931 34.6 34.5862134975177 34.436906698949 34.373259722 34.2515086231922 34.223098466 34.4158888594354 34.524938800443 34.4935531507143 34.5532138361999 34.60358138 34.40714119413 34.1903279706597 34.3451282142806 34.3482712728163 34.3123389515891 33.649188910092 32.2492719044541 31.8807267539998
33.2062655074844 33.3333263219941 33.0971800744831 33.1043110729162 33.3429429450781 33.5098236981002 33.4964021131223 33.3275686661444 33.0903686645004 33.1711354199057 33.3987217064216 33.2553007495342 32.6269004539999 32.4552278064157 32.533863678 32.5874440901965 32.5881070213282 32.7032717601828 32.7625776256939 32.8744550647951 32.904468638716 32.7508083704541 32.7888978754763 32.8591069532492 33.055232006 33.2273731377288 33.5798415577824 33.7588776961198 34.0120104831956 34.230301978 34.3581713298266 34.4752595806624 34.5286339428487 34.55535215 34.55535215 34.5880160786181 34.680301858 34.7 34.7 34.7087886971477 34.6049115169372 34.639336092 34.532193252 34.394748674 34.2266094110929 34.32189919597 34.4944626379929 34.3452639315146 34.3035972439487 34.33394355 33.9238397339043 33.4734614179998 34.1056001522796 34.284692556257 33.9798241501839 33.3789285136185 32.5813542373425 32.3696848221241
33.2886812500938 33.4469676621937 33.250099384 33.169578118 33.315524374944 33.517747636 33.6412571038155 33.6350565129592 33.3740331043086 33.2906224175068 33.4884987248291 33.515469914136 32.9572225439999 32.7969934821786 32.9066874260697 32.7397662116732 32.437445058 32.5167226956037 32.589235748 32.7331716246837 32.8412569538275 32.9264983449135 33.0603993678852 33.174929908 33.3175479035977 33.530181834 33.8427368960001 34.0510156618335 34.2193299450229 34.355291958 34.4764784807354 34.56249499 34.614225488 34.66249499 34.66249499 34.7082157109832 34.7551071998731 34.76249499 34.7033825175857 34.7987020431161 34.7283178812982 34.746478932 34.639336092 34.5208285821329 34.3594582165533 34.3057276354779 34.323279762 34.1940565607078 34.0137350484454 33.8585788980095 33.4435893282778 33.3281326396959 33.9398263722945 33.9376932401494 33.1576918442893 32.26551077943 32.0351934530088 32.6196903610441
33.453339185177 33.469697542 33.4033376828927 33.453501628 33.4525714764491 33.4767491867067 33.6423513960698 33.7509466868461 33.609033154 33.5430875763988 33.5679946348248 33.6663303938547 33.4669833747279 33.330744979487 33.1999885937193 32.9089263290569 32.4724170146662 32.3917743846098 32.482092908 32.648109326 32.842350988939 32.9953719962847 33.0547436295083 33.148169278 33.255312118 33.5343488591792 33.7846505395972 34.062394766 34.253521308 34.360664148 34.4417312292973 34.5228240949581 34.651730498 34.7409981150318 34.7236655961918 34.773159018 34.8 34.8608945901373 34.775050292 34.79879500231 34.7365412864664 34.783983942 34.676841102 34.611901207591 34.5757554904281 34.0214041774726 33.6647825858722 33.9569295436039 33.8323143559999 33.6349907994537 33.3906341364601 33.4532701529936 33.6132316110858 33.6523820813551 33.0906124320065 32.1617234922239 32.1384052706702 32.7789260510063
33.5945627798699 33.623258882 33.5622558873121 33.621368808 33.6130381055059 33.567231446085 33.7088139860001 33.793767815267 33.7627086702841 33.75356134 33.75356134 33.6228174363691 33.591126302 33.4802645291872 33.3126799884037 32.9717551560051 32.5356949295857 32.3788227848234 32.528511408 32.6493242983586 32.8320328360001 32.8608149210811 32.7847821711315 32.9242437372775 33.1136515676865 33.1936809958089 33.3068149570276 34.0443300169136 34.299939808 34.3838165862684 34.4287503821407 34.565955986 34.728511168 34.7904506646322 34.8353591495536 34.8143763896284 34.8 34.8203040729961 34.8738816828258 34.7995982178219 34.785653888 34.84846737536 34.694622659049 34.683816530542 34.6826112397342 34.405917189037 34.1304983872042 34.1564906776234 33.9555135259999 33.780402562 33.592958104 33.5067249165394 33.5726247611393 33.598794820645 33.4981743317014 33.1517908820001 33.1372826740002 33.4706245248936
33.6037232536718 33.585774032 33.5475018984116 33.644588138 33.648269022 33.6988179490733 33.7336698462651 33.65467847138 33.63215298 33.63215298 33.63215298 33.2614007664265 33.0950323608284 33.0912491937402 33.1176236618235 32.8948676179999 32.466296258 32.2678325569632 32.3404694669215 32.4565118211202 32.6087825208382 32.6364680292035 32.551850882 32.7070428560001 32.8419471526714 32.76430596 32.8665078342363 34.004449702361 34.491006158 34.56784702 34.605291838 34.7196028083796 34.835654008 34.88392351 34.949939688 34.910764492 34.8165313721712 34.8 34.894587538 34.88392351 34.8853500120045 34.8948503600745 34.8289754998421 34.7254302821206 34.7210739016754 34.5571528884079 34.432193252 34.2756420417126 34.0019521859999 33.826841222 33.7741806368248 33.680402562 33.762434318 33.7663950274625 33.6736240685791 33.551831202 33.5178874353376 33.6936663445916
33.4389579187866 33.5062265344609 33.5033452318648 33.553521788 33.6043121854839 33.6641333988418 33.642916992 33.469150467493 33.3447388918187 33.4064340818556 33.33172944447 33.014405584 32.8340292057573 33.001430861447 32.9646838717727 32.7518486758032 32.4843196155759 32.3762588192504 32.4821327 32.492651818802 32.4457789334533 32.4178673 32.337565202 32.4927571760001 32.6985927149707 32.7989464032253 33.3124759244034 34.0725786800063 34.5442493196681 34.7186612553424 34.7854778889833 34.7950496553089 34.851730498 34.9536138000398 35.057082528 35.0845305793884 34.8555748998744 34.8796326947372 34.8995164695885 34.9 34.9 34.9 34.8747721671088 34.7937734012168 34.725110844 34.555412582 34.448269742 34.2286402225194 33.9710041411548 33.8934642508292 33.8179385974964 33.5532905896441 33.5263173981478 33.6192883090531 33.6992073192009 33.675050532 33.5741144323512 33.545461768224
33.2794606815102 33.2351322285519 33.2668068961411 33.249960568 33.4069815789458 33.6184841277799 33.5691489169131 33.1399237628183 33.0057251777008 33.092817608 32.8249961593702 32.4157824521092 32.7195382060001 32.9489799467075 33.1728442615428 33.0042635711501 32.6105342296863 32.3891757960001 32.6016086775417 32.7542376440778 32.7934453413848 32.79283676 32.4759425420035 32.4013411353884 32.6838602566128 33.1015810340803 33.5498180347734 34.1625612034662 34.5235738741593 34.6618521151478 34.8735485049096 34.99641838 34.9973447749312 35.057082528 35.0993914143172 35.1 35.0168220345935 34.9979843483963 34.99820919 34.99820919 34.9894948744752 34.9 34.876841102 34.8 34.725110844 34.5116236399402 34.1976489498998 34.0618191166948 33.967968124 33.9 33.8985619505947 33.8076328038034 33.7017341507913 33.5018217934843 33.50358162 33.534752817389 33.675050532 33.5689929765126
33.09464797 33.0356648506428 32.9020040835826 33.0367300734779 33.3524242765382 33.612395606 33.6356977746823 33.5361080502808 33.2783926564409 32.79354241432 32.5530609021995 32.4386650678424 32.836375308042 33.1328902859187 33.2846716457167 33.1538298702019 32.8254828407376 32.5558712726454 32.7060448613831 32.9208980875566 33.0088852484963 32.933629296564 32.90535203 33.0021571266305 33.394407202 33.714165296 33.9279760658659 34.1525437269262 34.4463182760001 34.6909059340001 34.9394488758928 35.049939688 35.1081206617721 35.1632755605765 35.2 35.2039154925911 35.1293479515307 35.1060239935296 34.916176954 34.9948331906994 35.0048771327107 34.967967884 34.8 34.8 34.7231067989521 34.4537267200371 34.1889744586362 34.1022011241331 33.7734535028064 33.678510808 33.8573597326283 33.7337992148764 33.7056417194349 33.70535203 33.696479052 33.6044948586159 33.5987605416762 33.5659682172634
32.9558080483232 32.9484940547339 32.924950428 33.0711101761215 33.2849359344509 33.505252766 33.653521788 33.6966463141678 33.6297313347401 33.3610854973123 33.3368083898847 33.087247821543 33.0771903758243 33.1460483683984 33.4164519763478 33.4253744387461 33.0892456419555 32.8290288517817 32.8133400741475 32.9993929899291 33.1867599536078 33.0878123781801 33.0274509672476 33.254546160026 33.677674861897 33.915956106 34.1224770550416 34.257022336 34.4684143118138 34.695828418483 34.9577160846692 35.1251690879032 35.239235628 35.2433440860955 35.21249487 35.285653888 35.3024612572353 35.212555302 35.0344621038186 34.9150907920736 35.0558595661078 34.9574741996262 34.8 34.7962138372292 34.6611354419705 34.2103517115771 34.0676856440001 34.1315534208198 33.8439409305294 33.7798663295906 33.8 33.887444458 33.805412702 33.7997838215061 33.778632152 33.671489312 33.564346472 33.48750513
32.6010501618599 32.8 32.837445298 32.9533442272349 33.1646718645603 33.417747636 33.5530524981503 33.6678886380547 33.7 33.5422818744646 33.614225728 33.717906852 33.5839821753974 33.2404234921466 33.4238432925106 33.5846216456944 33.421468072 33.3947449858957 33.284083206 33.1634647304572 33.2994310132808 33.3306657307726 33.2551051051292 33.23927542 33.6564896893828 33.9648655234881 34.2177469160001 34.432032596 34.6322549867179 34.7576761688722 34.8300915132311 34.9607816110262 35.1327724483576 35.2704347133838 35.31963771 35.3640632164126 35.300060432 35.192917592 35.18036229 34.9958596307728 34.773082791637 34.883983942 34.8 34.769698262 34.4973923049151 34.1055697641566 34.1639902798552 34.0679925545065 33.91963771 33.8608456406632 33.8235060211319 33.8727379898538 33.8043497712781 33.7782923925169 33.653594051688 33.564346472 33.457203632 33.38036229
32.4157980900001 32.8162303298319 32.8809783412465 33.0040158774089 33.2173157964288 33.4287614537336 33.517679624104 33.6339145141167 33.6947248577793 33.6359731216169 33.721368568 33.7987326752921 33.72678055 33.7150533289674 33.6936776471951 33.8045934326426 33.716116042 33.6177384470465 33.4180272359999 33.1870056299862 33.1751174081693 33.346318516 33.421505343506 33.4501987853436 33.6174055288188 33.8064590029812 34.1933427268565 34.4020078271417 34.4758114194684 34.7284889493235 34.8368084782069 34.874267117911 35.0413377821179 35.2751995222803 35.3641183955574 35.280468044605 35.166137042 35.058994202 35.0211078370921 34.9404441974909 34.624243357417 34.857203392 34.7670173697416 34.716137162 34.5641887578007 34.3495464697711 34.2397074523912 34.1405674328929 34.0449827874319 34.0071882268783 33.919698382 33.789137435203 33.7478884513655 33.6434419644721 33.47321945 33.457203632 33.350060792 33.27321945
32.4000850349268 32.8133173780139 33.0254054289544 33.0973091100525 33.2540185211645 33.404978433112 33.498169878 33.5817895836572 33.680302338 33.7296643687691 33.7964239457606 33.8333362242903 33.80301025918 33.83392339 33.8492263218795 33.9 33.8752575750611 33.7001596959999 33.378731176 33.2139514765281 33.2223950069422 33.3306057051751 33.4736199018827 33.557780650647 33.6285770071767 33.7338225682387 33.8311518318894 33.8532100672774 33.8941842254088 34.2293417840789 34.6532053895145 34.7894674917695 34.8525668717565 35.0770750000558 35.1533795469479 35.0676244419926 34.951851362 34.844708522 34.7696529814071 34.6965300826322 34.6117262433047 34.716137162 34.6168506052882 34.535774872 34.46607661 34.421489192 34.314346352 34.2461048593604 34.1225161881098 33.992917832 33.8585339609495 33.6869284285206 33.571489312 33.4310100034613 33.3630665950684 33.3215705104018 33.242917952 33.16607661
32.3474341879901 32.7373879078042 33.0030696215983 33.0951119773038 33.1271105931865 33.1599123375097 33.2699285206126 33.464186536 33.6311470208185 33.746378948 33.7977775030243 33.8989799401272 33.8462958347698 33.9 33.9 33.912443978539 33.9256889563581 33.7845468747448 33.4858740159999 33.282192652 33.2528617398927 33.2889775191566 33.394650107481 33.41786754 33.3790239055346 33.3045017377267 32.8294121426985 32.7535726029033 33.4641067120001 33.8050030258003 34.1355594787512 34.4984126767436 34.5756323535559 34.8114371556083 34.7836747765052 34.6155604776094 34.5571221934011 34.4661579219999 34.5312896918128 34.460664148 34.5552898738877 34.5084286732152 34.4494232836818 34.400009583421 34.35893377 34.314346352 34.207203512 34.100060672 33.992917832 33.8557314399613 33.6902411511416 33.5355791697554 33.423280242 33.2582232675496 33.2126383595533 33.15893377 33.135775112 33.05893377
32.4157651541867 32.6539617132442 32.6409026200755 32.6768292446602 32.7571017187914 32.7858640878687 32.971023052867 33.201691786 33.4546904763381 33.6331835450737 33.746378948 33.7562072205448 33.80358186 33.811303284016 33.8741207715032 33.978511288 33.9927120977772 33.7893287930416 33.5215376236939 33.3978912308591 33.3940535243302 33.3954567421986 33.4351310346363 33.2760016445124 33.0660033757851 32.2196332127444 31.9498815538934 32.4627576532569 33.14842856705 33.6465169188585 34.1330686944371 34.399960448 34.3556176220313 34.2362629818167 34.2768316567801 34.2261433411936 34.1605816611964 34.1486587833402 34.337384146 34.4008961788587 34.4471954078769 34.3922788073875 34.3063026533038 34.1699809760837 34.2216335428192 34.207203512 34.100060672 33.992917832 33.8539493222384 33.6925334704972 33.5327766487672 33.3708491039683 33.2116039752961 33.1026858054395 33.05179093 33.0595120069107 33.076841342 33
32.2761133961766 32.2240566132799 32.085795152 32.112416726 32.3036055123847 32.4437679255058 32.6873461540001 32.935615176 33.1857543161423 33.4088346260001 33.4761760134058 33.4337590020752 33.42324045 33.4569879073977 33.680263026 33.8977922008708 34.0319376384108 33.9016203791718 33.6912282055401 33.6476935680917 33.7320721480001 33.7738865652897 33.6792666679477 33.1119623844745 32.2789756602539 31.395816448589 31.8134350505421 32.4175507014372 33.1625589852227 33.7472930083633 34.1234141901229 34.0658351463636 33.875501822782 33.8996621234463 34.2042830465682 34.2247561931985 34.1620383005055 34.3396012290736 34.3981627792851 34.4 34.3950885043585 34.3374972260097 34.2305233059999 34.0470743287462 34.1513439097711 34.100060672 33.992917832 33.8531876077808 33.6938053865874 33.5309945310443 33.3731414233239 33.2088014543078 33.000121584 32.9456057544286 -9999 -9999 -9999 -9999
