catData/variables/futureClimate2070/rcp45/CCSM4_2070_rcp45/bio10.asc
NCOLS 409 
NROWS 350 
XLLCORNER 60.897278365 
YLLCORNER 5.843756025 
CELLSIZE 0.0892857 
NODATA_value -9999 
[rows 0 to 25 of 350, columns 116 to 173 of 409]
-9999 -9999 -9999 -9999 -9999 -9999 -9999 -9999 -9999 -9999 -9999 -9999 -9999 -9999 -9999 -9999 -9999 -9999 -9999 -9999 -9999 -9999 -9999 -9999 -9999 -9999 -9999 -9999 -9999 -9999 -9999 -9999 -9999 -9999 -9999 7.66713233730326 6.64754039480746 7.22846261425139 7.98741638443226 7.4999536762251 8.63551934084653 9.8673116746522 8.04868195110991 7.31740125379931 7.17125844463595 -9999 -9999 -9999 -9999 -9999 -9999 -9999 -9999 -9999 -9999 -9999 -9999 -9999
-9999 -9999 -9999 -9999 -9999 -9999 -9999 -9999 -9999 -9999 -9999 -9999 -9999 -9999 -9999 -9999 -9999 -9999 -9999 -9999 -9999 -9999 -9999 -9999 -9999 -9999 -9999 -9999 -9999 -9999 -9999 -9999 -9999 -9999 7.33439454401478 8.04381133296879 6.84582350676338 6.66641540571767 9.04554121613044 9.04338493432514 7.41053811648147 7.65569856528043 8.44498602318865 7.09323991493442 7.56517833771752 7.13178627979585 -9999 -9999 -9999 -9999 -9999 -9999 -9999 -9999 -9999 -9999 -9999 -9999
-9999 -9999 -9999 -9999 -9999 -9999 -9999 -9999 -9999 -9999 -9999 -9999 -9999 -9999 5.51345064038059 6.81037412882428 7.79594141949145 7.72220582741338 7.87303201869943 7.76661720434465 9.14019529879707 8.40941843098765 8.48697042173987 12.9630007682405 13.31199741714 10.3744056123912 9.20900963679038 8.64016211253438 9.65684573854334 9.42021174815788 10.3891222622959 8.97731110196543 8.40798308761961 8.40450871520131 8.02849095207064 8.96909794029246 10.1994274197331 11.0028265998232 11.5184856919224 8.3702464897354 8.28870461898746 11.1730984851605 12.0685513824412 10.762826751972 9.25727208878612 6.45252322400217 6.57382346890927 -9999 -9999 -9999 -9999 -9999 -9999 -9999 -9999 -9999 -9999 -9999
-9999 -9999 -9999 -9999 -9999 -9999 -9999 -9999 -9999 -9999 -9999 7.12549897023415 5.48717512570542 4.7299462087346 8.26594294823336 12.082951950139 9.96921842614295 10.4344603006453 11.0601413361457 13.9729897472715 12.8985970622437 11.8142102115567 12.3171873307613 11.3785337148568 10.5208225873622 11.1121006960834 10.0065311401105 8.83551322386413 7.92042696668982 7.81591110447138 11.9297142623586 10.4689168573951 9.49357761841495 10.4147980692504 12.2963150811485 11.9570472062325 11.5576839044529 12.9008086964037 14.735440645904 13.9397356260556 13.8104668138401 13.1937976122917 9.80588298269696 7.73037372528223 7.5113151555854 8.14431748302489 7.50540628082297 6.51051086388004 6.62418927884207 7.95820624797201 7.95277943443242 -9999 -9999 -9999 -9999 -9999 -9999 -9999
-9999 -9999 -9999 -9999 -9999 -9999 -9999 -9999 -9999 -9999 5.29475964327046 6.86840315269347 11.5903655950416 8.72364335633821 12.8583509738209 14.8077509329331 10.9780920128422 11.0297067791691 13.8403679837274 11.2070138305076 7.89320863121293 7.18813454691101 7.39938470521193 10.6809233696396 12.3107514178528 9.59792379041947 8.09124204919414 8.90512153400003 9.10896239148132 8.58651220368789 11.5006583000643 12.8249010503749 9.15354922540721 8.44709071549559 8.16573432223008 7.63426137629176 8.47775255275362 9.58999403798668 12.0426348450676 16.1692177244454 14.6639424589618 9.18238332733931 8.81012136367331 9.83768656395924 8.791800817131 8.18588608316058 6.75232687151671 5.91961850937773 6.21083939626396 8.08754576874895 9.67534186005843 9.21327346945447 -9999 -9999 -9999 -9999 -9999 -9999
-9999 -9999 -9999 -9999 -9999 -9999 -9999 -9999 7.35028164242976 4.38291999208742 6.58697355017206 9.95842381180475 14.3725723242994 15.8608195207974 15.5153532850692 11.5734777330374 10.5585469600594 12.9411631873188 14.2197598774912 11.8754371348415 11.6046673741891 12.8989958294015 12.1733058781738 12.7515608644043 16.3871375217411 12.1138890591245 11.0984523737619 13.7169833503732 14.9517398809075 14.0755278675007 12.5283624785568 15.5181450267081 11.8660720947222 8.4904317450137 6.62517012897553 7.26877774814656 9.34123481743646 11.004444189772 10.3379644123476 15.1336507033132 17.2033338222154 11.7360781191933 8.66560426797629 8.29192420900271 8.6851968558587 7.56819664749746 8.09520221548421 6.72215962174556 5.82277319782952 5.32243547557157 5.83530334514775 9.5837587587669 12.8330509081181 -9999 -9999 -9999 -9999 -9999
-9999 -9999 -9999 -9999 -9999 -9999 -9999 6.01942802389081 7.52283051481997 6.57415299892462 8.38532178177602 11.9655041157307 15.1867008233802 19.8959222876267 14.2526537353569 13.052572070961 14.9760428895244 15.2008768452313 10.9600187194132 9.96981162228099 11.2572025339158 13.921246345057 14.7139758805302 15.7932131868867 16.2527319192247 11.2664580967996 11.6258750960134 13.6620400567612 18.0744852790649 17.5301525272755 15.3708032678317 12.8137714171847 9.77214648350424 11.3234183595502 11.0278731919778 8.44914605584033 6.06803176201057 8.70222011734581 11.9797296435769 16.7117047327048 18.6775217420104 13.9591915000628 14.5465014252262 11.0059956770482 10.3262266509133 8.88291338367375 8.85222005716835 8.28871733975495 7.60916405768478 5.96163481466002 5.68642301400357 7.7899436601123 11.7735090019964 -9999 -9999 -9999 -9999 -9999
-9999 -9999 -9999 -9999 8.13913665646981 5.78433682504297 3.86956125421253 6.59455453731588 9.90148090282044 12.0755259176669 12.4658900583808 15.6136424427106 20.5710538145229 17.3363842089726 14.446142195103 17.3661653070982 14.7262798840662 10.7234537045927 8.84253297565786 10.1402189347095 11.3221075341965 13.0752662660313 16.4486710905035 20.0842148233811 16.2508825862734 12.530851171225 11.5660213961702 11.9880443344519 18.2268662869463 19.5873547678749 13.3469019787405 9.74689321518955 10.7495934541678 14.5499579688658 14.1940223774189 11.1761152464036 10.9347878644702 8.35640033747821 8.18368582336572 13.2929723787523 19.9556317177888 12.136639791357 10.3725478395825 9.82998203396381 11.5275078367099 11.6269471639516 12.7869137133424 10.8131363484752 8.5046000348887 7.1272320432976 7.70766110259684 8.18267957222324 9.54177172617995 11.4573059646973 -9999 -9999 -9999 -9999
-9999 -9999 -9999 10.3532367632945 11.0102880240519 7.00485333068531 3.95031378185746 6.92564193491989 11.5700994272304 14.2110852358697 19.5757488474201 20.0771293864992 21.456319241851 16.5514052006353 17.4155758367064 16.2158032642295 11.0824668454214 10.1201675118335 11.0407447394553 10.3187991815959 10.4195235820572 12.1893277981322 14.6092414520131 18.874622615849 14.3555424159486 13.5139007952459 16.6450323571268 14.5243423627168 20.7960827469701 17.8951475222806 11.8635629944321 10.7170437090987 12.8177027056404 16.5996256497333 17.4688051267968 13.2680742512218 15.0922118699428 17.746814793427 15.8110261999425 15.4325768139915 17.0299148469022 7.66631430509173 4.99201189976199 5.36772953845677 5.21607708017752 8.02918082365602 11.2995610951218 10.7401401016654 8.10806250674469 7.70744067654313 10.1489034405583 10.1179433924273 7.6167546845293 7.69322863532089 -9999 -9999 -9999 -9999
-9999 -9999 8.89708363800017 11.0161317541428 13.0953223396251 10.741108415856 5.85980989333647 9.37891897968283 13.6456010470322 18.7577354699624 21.5372052442063 18.8289855935238 16.5892370196219 16.6676135816605 15.4847257342045 12.8207471520267 12.3190120796411 11.6427827230361 12.5894741988319 12.9946433103762 12.4192325205842 13.8691613366205 15.5690680596666 17.8995705906996 17.4893167393444 18.164064834993 17.5957199597669 21.2903782409126 22.2161665682945 14.9189126299068 12.2941162022535 12.5579609809708 13.6921593355563 17.9585057478978 21.0074695041339 18.1690664740473 18.280656104552 17.7472967547833 16.6019409335253 19.0162605828939 15.698636140335 11.0495514209195 7.18636171854113 7.46096254831256 3.57996307892249 5.58374831125944 7.21911421914705 8.99204417539346 8.10845819500721 7.60684338556271 8.42376300932711 8.98046315872504 6.22573394624824 4.81967226666179 -9999 -9999 -9999 -9999
8.12820608691151 8.68696740240358 9.27979160205774 11.9730966242388 14.6304997746586 12.9947210042037 10.261616138165 13.214720234566 18.5158519544573 20.8212801479333 16.5657983820325 10.9169608338539 10.4398964840894 16.7667826357322 11.4639743141118 12.7564841359508 12.9884497938526 13.6238329486775 14.1468705568155 14.7559154974342 14.1734196204942 14.4848926195732 16.7244666490344 15.0629821943632 14.6050450831098 16.1070862730456 12.5046923978177 18.6765956147635 20.8930712595711 20.4873631595267 18.2418685350739 17.4548516727356 15.1923969257556 19.8573038050828 20.1870161103407 14.0366550962078 12.6485373102926 11.1668016824669 10.5727718917238 13.2875007927609 14.2071005108915 10.953967024022 11.2204495176278 11.1849263973728 8.37041112468779 7.41508743934264 6.32535722714011 6.28324332823079 6.10898813648042 5.65679667737112 5.7832841180587 7.66223861227943 5.25838125419578 -9999 -9999 -9999 -9999 -9999
9.76239979598209 12.3952801996251 11.5077140574311 14.3636647298548 17.4797194963186 18.9333156255649 17.0584140549766 17.423150952543 21.1948711689147 17.6978125235669 12.7228796177668 7.79742838698284 9.61051712352369 16.4552240180431 11.3969487118731 12.5498694459723 12.0878609886866 11.1106169396125 11.0584241523316 13.348890000253 13.4256369487284 11.6173251388452 12.5378366885801 14.1422841865812 12.493293989426 11.7593543321018 10.8582077428647 12.5663770985548 16.8925113400283 18.4753023543095 18.8639011047887 20.887687123336 21.4649089892013 23.1373681793822 20.2214966693331 13.9115130101947 14.1375584491555 13.7990955739319 10.6649160724407 8.37291581924359 8.34385930509114 7.09474572875249 9.59352683848061 9.32634052984246 9.91080422905181 9.41628586009978 8.41713333574711 7.17278440304581 6.82631951746072 5.8640992966344 5.30390726419118 6.90939518699816 5.87462806631993 -9999 -9999 -9999 -9999 -9999
11.0227753074473 11.0940345680166 14.4592367166273 17.0608837892555 15.9024060376575 19.8726139661311 21.898850974006 22.1646489239831 20.1545962411525 15.3518326813861 10.4367348851186 8.03550649355314 10.9495984050309 12.4796716238985 8.95303915496339 10.8810833498776 11.2851206230398 8.29759065842308 9.74825281513095 11.539480798818 10.7316534733693 11.1007461741094 11.0003917726571 11.8038746983488 13.1527025591409 12.690809289818 12.8071417559264 11.5287628561525 14.391431604595 13.4427043034138 13.55864991875 16.0399258906816 20.9722271340111 25.1839210358029 24.7245323960362 20.6640071720361 19.2766165046063 14.0790367538832 13.8267590453009 14.1305434452536 9.46061584764382 6.41639097591319 10.1496124838532 11.4863139799524 10.1757029881373 12.0292324210076 11.3433708810252 10.7077250093002 9.17965564948289 7.79117003469045 6.6960619783821 8.13716484627172 8.24904956985075 8.94231334087826 5.51348888780554 -9999 -9999 -9999
-9999 -9999 10.966022930787 12.277743647931 14.6512090488383 21.8806309553898 21.7864641202726 16.9313568258953 14.4276481647902 12.9939411098649 9.45754582819835 9.93020700961035 8.40835656393606 9.72488139832921 8.99983879447361 9.11351466317722 9.83711913398502 8.91183248419799 9.5845927407806 10.269833656225 9.70508376748802 10.5629829374616 12.2970251503147 14.2485379809193 13.0931291356644 12.3883717370148 13.5810493542664 12.5927538714433 12.6842388489075 12.5981074681845 12.7595920258494 14.0119650938773 16.4754816226429 20.3960456779055 23.0124415527124 25.5686029119769 24.3777869749033 17.5147199329691 20.309221942316 18.5587314605852 12.3604251520005 7.68456831156831 9.26897853902535 11.1481967788241 14.3000417305185 15.2456246312869 14.421251187418 11.1767048142817 10.0211788276479 10.4665523246989 9.98670999574795 8.14580141379918 11.1261842643706 8.38485133439949 5.04550816213015 -9999 -9999 -9999
-9999 -9999 9.74366951280441 12.8466461310834 19.0571334754392 23.4035631561741 20.9435230948699 13.4920821598039 14.8552443109694 12.8521693494612 9.3902523547168 7.18992599755159 8.09003450468485 10.580445714 10.606246897908 12.4804947106259 10.5380695835467 11.2230177222121 11.0859513291298 11.7535162867026 12.0793885009396 11.4221860071261 13.9093880176316 18.1259538109072 14.2633988463124 13.261903619514 15.7453734668266 17.8109896326208 12.9355852686727 14.7952868628158 14.7636186642519 12.846554724 12.8161850124058 13.7977156614197 15.4036491518006 17.6993138060117 23.1216285039402 25.6964229435381 23.4656383368746 19.1297855469816 11.3567627088167 9.25378509738718 13.4371937220916 10.5051924775113 10.6605737104965 12.2765511061114 14.422591198 10.9276011428528 12.1964030890469 10.521911111314 10.7232625920094 10.3410515972668 12.1883963328009 7.44642209904867 7.83901787119171 8.03666970616628 8.77217174409611 7.25584913858101
-9999 -9999 -9999 12.232244646814 20.9208878285076 24.8100464083714 20.1504471361544 18.6808480381714 17.3266375952427 13.2256659974859 12.7405887328344 10.1301840909834 12.8355069915466 12.5336646388156 11.0495085946971 14.5250962514798 13.2884458163026 12.8945718146087 15.2767198110649 14.6051527685169 12.493114330958 11.6452988533248 15.1172445153686 19.3897522863925 18.6361899935527 16.4940924821734 22.2393016647762 16.2324836984358 16.0745383355706 18.8781321612291 19.7535300415599 14.2155642041793 12.426895654 12.7110536943978 14.5480353217709 15.4721232062863 18.83917197495 26.6678452054452 22.7336884437549 20.9914149146819 20.6394523367717 14.1785579231051 17.3684208333082 11.9258449000623 13.486000534385 13.7578064977702 17.0379512280232 17.7844462935537 17.364912278034 16.2007646441283 14.2144984583562 15.1528433755526 15.4210571305366 9.24485594603736 11.5534021574951 13.1785278616268 11.3241564859066 9.81445691454175
-9999 -9999 -9999 14.2606040817106 19.1898573184924 24.7468880857824 25.7621473346223 19.8169346411029 13.9577494388407 13.5356777563332 14.580325109378 13.0719854343851 14.8301011650473 13.1316918808161 14.3052999810775 13.6646507676053 15.6652792802295 12.9238772816072 15.9801808250521 14.4566416507386 12.8453583967519 13.2084997471609 14.594289806524 15.9830070310822 22.7968369327566 23.3307410741703 23.4856363852236 21.9367365281785 23.0619694483638 25.1245694268956 21.8334785425994 18.9643763140067 16.0112359647969 13.622735947793 12.2036569572162 12.957543893396 15.9363466364931 24.7025947289707 20.2531718337115 12.1413801431473 13.81806044967 20.1173035760576 21.2021454808214 18.2047970270956 18.458892298 17.4242443438632 15.5084299826532 18.6153618814348 15.9953985076679 9.95384835963866 10.5846562279558 12.3360401939401 11.8805581531255 14.1695037616008 10.3784348868775 6.79890490807617 5.98798372542972 8.43694315885344
-9999 -9999 -9999 -9999 20.2956855188447 26.2964880112773 23.2088855712378 17.0688467582261 16.2275934937441 15.0983047161003 18.9313933192202 16.3490384558336 17.279316654334 17.1366063381074 19.8939674688383 18.870224352334 14.7263176660553 15.9874915663221 20.1452745012218 16.1514272032024 17.6079121426346 18.840556507148 20.9585558471633 23.7223045271414 25.5072783035846 26.7854643140836 26.5821851748192 26.7590327085449 27.8530108297987 26.3156628188349 24.7351928406965 24.0889608084603 22.2202333653184 19.4118632501187 16.0098990193106 15.1802464481525 19.4038079671 24.6742274070313 21.857127175577 16.5651077844228 12.119126792713 12.7199356087054 13.964322497525 15.3177696147941 16.4478860106336 17.8049481383746 16.7368011953267 15.4830897624504 20.411799782 18.6294681203679 14.2304811204472 10.4905333681879 8.31001419824484 9.68172801000615 9.23922206150357 8.7835055192188 10.3243794137779 13.3919478065874
-9999 -9999 -9999 -9999 24.72839191254 25.6591538130675 18.9508310774996 16.4343760722101 20.6632352478202 20.104533986949 22.2261596573612 20.3329323910479 15.9608123115276 17.9461759946462 17.4448140321043 19.2965426709106 12.0220588310414 16.0840817444393 21.2346833596102 23.0341528497477 23.7456849367592 26.1908028265024 26.2035044817224 24.2199285398728 19.2057310103786 17.9667196838171 21.1254032174887 19.7158297788818 25.3023311140472 26.7381852114057 27.1027588656464 26.9111748298255 25.7343509853555 24.9529737990811 24.2467572346323 23.9265898220725 22.3523561190697 20.1032520384499 14.7061202333714 18.8792951473851 15.3278564714196 12.1572708664348 10.676218149508 10.6402434534234 10.0837808952926 15.1656338365582 18.8802134019951 18.988154183413 17.8705863684453 21.2506404154835 19.2941310965933 14.3247220746055 10.1628904396974 11.047198935918 10.9595493325522 8.0998705315089 12.0331707681243 14.0918668989425
-9999 -9999 -9999 28.409194685897 25.7004590920427 21.3488486044364 17.9186557414632 20.9773081487469 24.8783268348638 23.7181137479558 19.8889650977031 15.870129059447 13.4847479320396 13.6133964261182 15.2805562526539 20.2096729917132 12.8200999243965 11.6602720374856 16.1124341765067 17.26324058969 19.2069789487743 24.9762343948851 22.979140925259 16.0681918946487 12.62116888336 12.18748905 14.3529458240529 14.7826836998415 21.3427250134284 19.8864657706237 21.2716743501309 23.7448512437863 24.1309456115096 22.997700918794 22.7071756766861 19.7786067408054 14.07770704876 10.9385584155251 10.5461514731416 15.2769708939287 19.207036709935 14.3773887508405 12.4647997435501 10.0446621651399 9.57220799400033 12.0186481168048 15.4512954816158 19.8430390759826 22.4129856951415 22.6196518996923 20.4425327007557 16.1192957554143 11.6778435966926 10.2918648094384 14.9047552994301 10.9868512858224 11.7578018089747 15.9143303435336
-9999 -9999 -9999 -9999 22.1918689182105 19.4117978429779 22.0265825252094 25.1401981344847 25.8856915857161 20.9696586258632 17.4693516528172 14.4486572637623 15.4415187217146 16.4699442383569 20.5002822134451 20.81675826806 13.8077039605178 13.9607019612621 15.8241100733953 16.8163492087378 20.91053729565 25.7095961376298 22.8617226417967 18.0280307890864 15.0828460374336 13.9768884575327 12.7034427118461 12.9766365196147 15.6130018521481 14.9619288823221 16.5035151011655 17.7042224702012 18.4443637790865 17.6346310347806 17.2218455735917 12.380935125925 8.41178555649374 7.29815423952357 11.3935741880008 15.8257197641635 18.243439050604 12.5570690458962 11.890056983243 11.1185302223824 10.573662505262 11.6168660674779 12.041377759327 15.2657632831092 20.4510610385209 19.4826133597166 17.2979643532626 19.4170321277645 17.1254319705849 13.3231700715239 16.5207193456894 17.7992294134775 14.8521587229931 18.7467379822115
-9999 -9999 -9999 -9999 22.2645801061411 23.4429247093452 27.0006315652846 28.8091917714249 27.3940614842396 23.916178752 21.5074074969179 18.389555000144 19.9689975653664 22.0074278415795 25.2578686939999 19.985319943977 14.9212886831271 16.9785761417839 21.3695960185872 23.2120836742298 24.3947628713666 22.4309358677101 20.2127682613862 17.4937340995254 16.5210710064866 14.4051664504457 13.4702460853277 13.05711728 13.0144910746642 12.5361737837876 12.7094979457073 14.0555117241489 13.9588872822007 14.0676040489852 12.4484396344276 8.77103977184109 7.78404619729676 9.9151958755544 13.5849459178395 17.6898686129879 14.9878794422491 15.0309673552263 14.0405336954482 11.6271782508915 10.3083721227646 10.2405747646482 10.672538906004 11.6792213372904 14.0372286065506 12.872009224686 13.0275949977614 17.7921218170487 20.9041452258366 18.4828432731756 17.2372236068173 16.9616865471322 17.1642740125322 20.0009676848825
-9999 -9999 -9999 22.6719651330862 25.2276270032965 26.9355996578795 26.9891468541085 28.1375285294939 28.9927163360132 26.5939269938602 22.5119969356798 23.6507568627753 24.9825104954437 26.5016106956724 25.166850344 20.6082118848038 18.9808532132852 20.2908114807477 25.5645158567624 26.2409213887486 24.35901576158 20.2897988151167 17.1461934732613 14.3450419571583 14.0506933272932 11.4878308626118 13.165779511927 12.8977873098957 13.1604908251884 12.1519948783369 12.9249469860731 12.311634957986 12.2204043597435 11.896375948 10.975338507766 9.91704102026739 9.59261759605398 10.5432945517042 12.7191982896458 16.0007300283111 13.6455425611115 12.7379502055116 13.940927506174 12.2577721074207 11.0159137066501 11.5808069013635 12.3877981380059 12.4583114131955 12.2223334113096 11.4561099547009 11.979937627399 13.9908819181783 18.4544240306534 18.1335783010583 15.8774233138306 11.9764905084874 11.6488545651402 14.3041002790798
-9999 -9999 -9999 25.5018943856749 28.497808854541 28.7313969932047 27.6804833689024 27.6108412788369 29.4219312996051 27.4778414923365 24.7043969115695 26.3611767433568 28.007071711284 29.278921129547 25.3672862933097 22.5662036375644 23.4075862478294 25.3620788032444 27.183004614786 23.8339742627372 20.7212148871749 18.184542785989 17.6021383116733 15.7663066293125 13.7552940232414 11.7336439711111 12.9367138959347 14.7306084828445 13.8357616419696 12.9199127926521 13.3468488754573 12.5099490691242 13.586678136488 13.3423052959573 12.6200953433775 13.4930379084992 12.2148566268631 12.0002718124977 12.6390756398278 13.7277615233815 15.4320373019154 13.1229133084866 12.7314342605294 12.8303670740153 11.9570325079555 12.9622170099568 13.6425201649357 12.7941266491472 11.2421768682123 10.2381285025087 9.77807590398138 10.5909570179155 13.9292507997934 15.4656817803117 17.3049376734166 16.5349935662045 12.1828351348826 10.1057281156086
-9999 27.8915290370184 28.4412793612055 29.7794887702558 30.7781769132265 30.5272121381712 30.2672147505176 29.9305832099998 29.1556085199941 26.365924042127 27.0459908725604 28.2682044753353 29.1560337498946 29.2157522353994 26.4071912492726 24.9166023155354 25.7809273617914 27.2465781530487 27.6866325412699 25.4286465583976 21.8130092393539 17.7471665645177 16.7726563014696 15.3109551031913 12.9034176384914 14.398743798849 15.9045901797132 14.7629962730849 14.6444089918893 13.1529925059653 12.8956550461921 13.0462009290182 15.6825970619467 15.6321742759321 14.7114091559382 15.3889492488051 13.0050455239996 12.8648221519932 11.7948873212392 12.8725639138103 14.7303207435225 13.162031122195 12.442745056 12.6069767619076 12.5443399939889 12.8394014624672 13.3030969463918 12.7090361592097 11.1494482058904 10.0768897018597 9.51141425594229 9.63350307751385 10.1892473260785 11.240070843609 16.0807736856119 19.3831646562613 12.5071173153897 10.1366307649125
27.439170743471 30.3721304958114 31.0628176466992 31.75712952 31.6300809646366 31.4027105190321 31.0365779164017 29.803121339864 28.7646817775456 28.0436596275014 28.6210889692152 30.1596322266836 30.1187659485598 28.650926200067 24.6872842577494 25.2346788917846 26.3849552590091 27.554384865534 28.7082214170567 27.5893434856709 23.3148058506609 19.703374556442 17.1766956953097 15.0971223419052 14.6644009647421 17.5261131862932 15.9795937590362 12.4711396441754 12.7424924781053 11.9208526396799 13.9988697125237 15.2645055397688 18.2289643115367 18.8005299937289 18.5152061733336 18.4966426034326 17.0561507346496 16.6408510263411 14.9177072057059 14.6491903001439 13.5954995876387 13.4468969081088 14.5513633075426 13.9951483609343 13.1844290289946 13.0200704342565 11.8290432317584 11.0871883541636 11.4319238283013 11.9621960919248 10.8739527107389 10.7210783512967 9.55900750852212 11.0646952758706 15.7386562383419 19.2935579069661 12.518810039653 10.0195276368102
