catData/variables/futureClimate2070/rcp45/CCSM4_2070_rcp45/bio17.asc
NCOLS 409 
NROWS 350 
XLLCORNER 60.897278365 
YLLCORNER 5.843756025 
CELLSIZE 0.0892857 
NODATA_value -9999 
[rows 216 to 242 of 350, columns 122 to 182 of 409]
-9999 -9999 -9999 -9999 -9999 -9999 -9999 -9999 -9999 -9999 -9999 -9999 -9999 -9999 0 0 0 0.731602179999955 1 1 3.5167828049919 4.03463156000043 6 6 6 6.1027985656625 6.21220662820661 6 5.82450811594468 5.2717437101861 4.33982861999984 3.26840022000007 3 2.4221908347098 2.33923630000004 2 2 2 2.15303193463565 2.66076369999996 2.66076369999996 3.10664748000011 4.35356694988823 5.97775898398101 6.88471698215 7 7.27241549441189 7.04258969945713 7 7.01143846719553 7.779606698936 9 9 9 8.75257506345921 8.18797715040984 8.34181952427911 8.86048506185198 9 9.73159498000013 9.19697661999992
-9999 -9999 -9999 -9999 -9999 -9999 -9999 -9999 -9999 -9999 -9999 -9999 -9999 -9999 -9999 0 0 0.43115899023089 0.919111612226584 1 2.11488964571686 3.63107783959944 6.03644410205651 6.34488747548613 6 6.17858591057108 6.21487751999992 5.58933529999995 5.07202071999983 4.58933529999995 3.92916391999979 3.15817772417379 3 3 3 2.40355470599629 2 2 2 2 2 2.44588378000015 3.82218250879407 5.41985085366358 6.38906088387904 6.58933529999995 7.39236108000006 7.0739885834932 7 7.00710900840847 7.55170132913481 9 9 9 9.15377462069581 8.96478331999978 8.19822383438917 8.34696419193184 8.86044241052584 9.13071451403354 9.03519393088134
-9999 -9999 -9999 -9999 -9999 -9999 -9999 -9999 -9999 -9999 -9999 -9999 -9999 -9999 -9999 0 0 0 0.415895078293066 0.517906899999972 0.973912679275046 3.04359952194142 5.60665108000013 6.35773432 5.51790689999997 5.3718185268047 4.84187953197926 4.73286555076343 4.48268541999988 3.71617107166851 3.17599958711539 3.3526992058995 3.09495875531638 3 3 2.98268661999981 2 2 2 2 2 2.44588378000015 3.26791954747607 4.69538806000008 5.83616981009209 6 6.41589259233992 6.93947522644435 7 7.01731098000016 8.04595873720393 8.59512268158034 9 9.14608605914856 9.67602488206756 9.76907495671635 8.71539184449916 7.71617338571533 7.85981172693153 8.00961260370526 8.41589134936334
-9999 -9999 -9999 -9999 -9999 -9999 -9999 -9999 -9999 -9999 -9999 -9999 -9999 -9999 -9999 0 0 0 0 0 0.945887379999937 3.03463156000043 5.03962236837019 5.37496488674043 4.87180387814881 4.14344911999997 3.44647849999994 3.89236468000012 3.92916391999982 3.18361741740401 3 3.32664357237465 3.53243704547179 3.06949098215346 3 2.99226994806759 2.50440101682172 2 2 2 2 2.44588378000015 3 4.17748116000011 5.66016898000013 6 6 6.39042499060526 6.44647849999994 7.01731098000016 8 8.16016778000009 9 9.30302458000032 10.2072677751691 10.3067165697202 9.25172252538998 7.63890407949885 7 7.32664142927794 7.8909692058327
-9999 -9999 -9999 -9999 -9999 -9999 -9999 -9999 -9999 -9999 -9999 -9999 -9999 -9999 -9999 -9999 0 0 0 0 0.945887379999937 3.01298857004132 3.75010019999993 3.85020003785367 4.14344911999977 3.07202072 2.37505009999997 2.82093628000015 3.18103121503948 3 3 3 3.80302818000014 3.12554341999986 3 3 2.96671738653678 2.52485156202608 2 2 2.23401585228547 2.79217865627745 3 3.80954779340311 5.0352190800001 5.8322618094713 6.50185088090852 6.62494990000003 6.03382067621732 7.01731098000017 8.05545766665732 8.68502084190584 9 9.30302458000032 10.1404386275943 10.2078222438427 10.1292756105601 8.70449157328235 7.21237886184546 7 7.30117399897134
-9999 -9999 -9999 -9999 -9999 -9999 -9999 -9999 -9999 -9999 -9999 -9999 -9999 -9999 -9999 0 0 0 0 0 0.945887379999937 3.70843663343977 4.33095707879669 3.63346946206601 3.07202071999976 2.21161540449443 1.73923572774179 2.06001334002217 3 3 3 3.50947021107676 4.49940648000018 3.8219217199999 3.69637830000005 3 3 2.95136885765912 2.69637830000005 2.69637830000005 2.81007107904977 3 3.36024497647778 4.2851188800001 4.89681992799492 5.73159738000007 6.80302578000011 7.60895091529662 6.75049572000015 7.71368928000021 8.72332150141271 9 9 9.30302458000032 10 10 10.1570664748303 9.35737614586668 7.57648603930224 7 7
-9999 -9999 -9999 -9999 -9999 -9999 -9999 -9999 -9999 -9999 -9999 -9999 -9999 -9999 -9999 -9999 0 0 0 0.671415463719367 0.987435412190544 3.24950908000014 4.27972587198003 4.48465253991983 2.94622380417054 2.53513871173924 1.91305341235115 2.31722466355886 3 3.45204080462208 3.76780670000008 4.49940648000001 5.57083488000022 5.5647637409832 5.53561340000016 4.52232007083637 3.76780670000008 3.89078643734426 4.53561340000016 4.30294725447529 3.76780670000008 3.76780670000008 4.28511888000017 4.90450831811416 5.50688216597632 6.49940408000015 7.57083248000019 7.9708491017531 7.78037240233739 8.00401949357247 8.30032799051808 9 9 9.07036027721136 9.23219329999992 9.23219329999992 9.23219329999992 8.64345511999972 7.41874046323965 7 7
-9999 -9999 -9999 -9999 -9999 -9999 -9999 -9999 -9999 -9999 -9999 -9999 -9999 -9999 -9999 -9999 0 0 0.673931449109509 0.979817410473831 1 3.03184779036027 4.77902481844647 4.10926464238711 3.83923510000001 3.53620572000005 2.83923510000001 2.91091794713912 3.43414855327786 3.93388430630542 4 4.73159977999993 5.80302818000014 6 6.79381987577874 5.83645171619562 5.67847020000003 5.7042199429707 5.83923510000001 5.53620811999991 4.83923510000001 4.4650337813032 4.51731218000009 5.49409175953041 6.49940408000015 6.95685027963598 7.80302578000011 8.73387264119808 8.04541723838553 8.83923510000002 8.85350127755184 9 9 9 9 9 9 8.4112618199998 7.89386838578292 7.22525491380009 7
-9999 -9999 -9999 -9999 -9999 -9999 -9999 -9999 -9999 -9999 -9999 -9999 -9999 -9999 -9999 -9999 -9999 0 0.803030580000166 1 1 1.19753571118016 2.42171357669049 3.85413667769319 3.30024705905039 3.97292841579364 3.91066350000002 4.31671576928062 4.86754207397621 4.91066350000002 5.51185747951081 5.88668556374599 6.71369168000016 6.11432781025904 6.08450205351574 6 6 6 6 5.69697301999989 5 4.96016630368803 5.42797568000011 6.49940408000008 7.57083248000015 7.91066350000002 8.71368928000013 8.98878417585161 8.91549816089186 9 9 9 9 9.27595342460912 9.56966283864781 9 9 8.94740419158242 8.30947389167388 7.93464186506923 7.1793794181873
-9999 -9999 -9999 -9999 -9999 -9999 -9999 -9999 -9999 -9999 -9999 -9999 -9999 -9999 -9999 -9999 -9999 0 0.803030580000166 1 1 1.99940768000031 3.0724253196501 3.99713161342012 3.98623943351002 4.29760269956002 4.9820919000001 5.42797808000028 6.49014235877017 6.3859840881602 5.99391431509022 6.71849821797978 6.99647260895028 6.98434014411979 6.9820919000001 6 6 6 6 5.69697301999989 5 5.43789884867957 6.49940408000019 6.99263512518074 7.66016898000013 8 8.80302578000011 9 9 9 8.91284977369057 8.0179080999999 8.24535683244908 8.70782860896183 8.0291104585887 8.45580459165904 9 9 8.98817767086876 8.9820919000001 8.17906852000002
-9999 -9999 -9999 -9999 -9999 -9999 -9999 -9999 -9999 -9999 -9999 -9999 -9999 -9999 -9999 -9999 0 0 0.803030580000166 1 1 2.03463156000043 4.08874418000015 5.00857248453337 5.06591565392991 5.39385175667356 6.07356139272294 6.52906281788072 7.05352030000001 6.46477731999992 6.67835910969114 7 7 7 6.94937595210491 5.94647969999999 5.95597867337628 6.04494794391535 6 6.0162180948777 6.40793471572579 7.02386383367075 7.05352030000001 7.05352030000001 7.71368928000014 8.74596236874325 9.80302578000011 10.0468010500499 10.0028963805536 9.98268901999984 9 9 9 8.71319338642868 8.05352030000001 8.02965659477797 8 8 8 8 8
-9999 -9999 -9999 -9999 -9999 -9999 -9999 -9999 -9999 -9999 -9999 -9999 -9999 -9999 -9999 -9999 -9999 0 0.803030580000166 1 1 1.90968286000039 3.98597241984729 5.26510792435336 6.2316009800002 7.03786312709281 7.45261846718416 8 8 7.41125701999992 7 7 7 6.8907377871225 5.92916632000005 5 5.16639538995354 6.73489417576978 6 6.30302698000011 7 7.44588378000015 8 8.07356237010828 8.7026304241688 9 9.80302578000011 10.7651922669998 9.92916872000006 9.85990330444654 9 9 8.971062358384 8.87505129999996 8.87505129999996 8.48488221878494 8 8 8 8 8
-9999 -9999 -9999 -9999 -9999 -9999 -9999 -9999 -9999 -9999 -9999 -9999 -9999 -9999 -9999 -9999 -9999 0 0.803030580000166 1 1 1.03463156000043 3.26623254000046 6.03145422675993 6.42797808000028 7.43989844914083 8.07353493290887 8.10881526504153 8 7.41125701999992 7 7 6.84230365479323 5.92916631999977 5.04348806930603 5 5.07131492659485 5.80362289999992 5.84910355750449 6.2435194204459 6.80362289999992 7.33706804365357 8 8.58874058000006 9.12964206980244 9.05270812814801 9.80302578000011 10 9.0541174200001 9 8.98257361789971 8.80362289999992 8.61750690619924 8 8 8 7.89841220560187 7.91923759644768 7.87035840150256 7.80362289999992 7.80362289999992
-9999 -9999 -9999 -9999 -9999 -9999 -9999 -9999 -9999 -9999 -9999 -9999 -9999 -9999 -9999 -9999 -9999 0.267805500000024 1.07083608000019 1.03362057563157 1 1.29779979887961 3.26623254000046 6.16017257999997 7.16957696375075 7.81334743462556 8.27417592699822 8.40571909137785 8 7.41125701999992 7 7 6.19697181999986 5.12554341999986 5.25331320001139 5.26316888161238 5 5 5.16957520648393 5.8133467918924 6 6.8917675600003 8 8.58874058000005 9.48337209622669 9.19652292214953 9.58797105947427 9.73219449999998 9.03962447727826 8.99536402434557 8.66722001403027 8 8 8 8 7.88059051408833 7.35342312428761 7.43107085733614 7.24882416103994 7 6.78494592220737
-9999 -9999 -9999 -9999 -9999 -9999 -9999 -9999 -9999 -9999 -9999 -9999 -9999 -9999 -9999 -9999 -9999 1.24818426076993 1.86984928452746 1.42218715017536 1.33923390000006 2.01731578000022 3.26623254000046 6.16017257999997 7 7.30302937999996 8 8 8.17549064250033 7.75049091999998 7.33923390000006 7.33923390000006 6.53620571999992 5.76142263601408 6.30347652928318 5.98268661999981 5.03010422012239 5.33923390000006 5.41779998952799 5.77590073153887 6.1270279589334 6.92848367272792 7.66076609999994 8.24950668 8.88471779774445 9 9 9 9 8.64932759125806 8 8 8 8 7.87297285522797 7.21488471999967 6.66076609999994 6.46104615111954 6.32153219999988 6.32153219999988 5.79092157298846
-9999 -9999 -9999 -9999 -9999 -9999 -9999 -9999 -9999 -9999 -9999 -9999 -9999 -9999 -9999 -9999 -9999 2 2 2 1.61155971298819 2.01020484195903 2.89201412907087 6.16017257999997 7 7.17858663784159 7.74311339318766 8.18310864421712 8.71553528475377 8.65303156627564 8.13955480269498 8 7.52674521936359 7.05155594960702 6.61156069857772 5.98979657245146 5.46296117651924 6 6.13648977446055 6.41075247656875 6.37445538 7.18310765862758 7.41066230000007 7.51585575862773 8.24950668000007 8.58933769999993 8.58933769999993 8.23023233519629 8.56711371583262 8 8 8 8 7.87555922902052 7.21488471999996 6.14345631999966 5.58933769999993 5.00059951999974 4.58933769999993 4.58933769999993 4.58933769999993
-9999 -9999 -9999 -9999 -9999 -9999 -9999 -9999 -9999 -9999 -9999 -9999 -9999 -9999 -9999 -9999 -9999 2 2 1.57843145821043 1.0280254291454 1.52625707650135 2.26941123228621 5.35042660242596 7.11165267856898 7.33600305407525 7.37445778000003 8.44588618000018 9 9 8.33982861999984 8 8 6.70397603522798 6.02802667212773 6 6 6 6 6 6.37445538 7.44588378000015 8 7.41125941999995 7.34190765431358 7.5179093 7.5179093 6.64345511999959 7.4637918799999 8 8 8 8 7.69697541999968 6.44502672075476 5.28698318660102 4.75060976604285 4.21299632131282 3.68173983133104 3.5179093 3.90503940338061
-9999 -9999 -9999 -9999 -9999 -9999 -9999 -9999 -9999 -9999 -9999 -9999 -9999 -9999 -9999 -9999 -9999 -9999 1.55550723608577 1.05605166759643 1 1.0077311650387 1.5748476613563 3.46213812232604 6.54988631399128 7.09313006907337 7.72070734662646 8.19907966294401 8.73282440073851 9 8.33982861999984 8 7.55550856453162 6.18159615915046 6 6.00958328651566 6.60263937019815 7.01838094611973 6.55351910000008 6.38578787875468 6.37445538 7.19907859138983 7.44648089999992 6.85774031999987 6.81189703965757 7 6.55550989297748 6.05605381070464 6.9458825799999 7.45606285806973 8 8 7.87180709088282 7.14345631999961 5.90484181648191 5 4.48269021999977 3.67412217247061 3.1517291312115 3 3.80302338000008
-9999 -9999 -9999 -9999 -9999 -9999 -9999 -9999 -9999 -9999 -9999 -9999 -9999 -9999 -9999 -9999 -9999 -9999 0.399663336605391 0.921543453403651 1 1 1.19966508686145 3.59028695968137 5.51979095344864 6.41668130654239 7.37505249999995 7.93236340695132 9.14226208000016 9.62494750000005 8.96477611999989 8.16773604648851 7.19697181999986 6.67203287352954 6.03381904646151 6.01731338000019 7.03328282644349 7.31498027356553 7 6.88634897358352 6.76538792640748 7 7 6.41125941999995 6.24759802637147 6.37505249999995 6.0738756736465 6 6.9458825799999 7.00649252632651 7.37505249999995 7.37505249999995 7.28819177370043 6.69697541999968 5.62554702000003 5 4.48269021999977 3.4112618199998 2.58743054624521 2.37505249999995 3.17807588000004
-9999 -9999 -9999 -9999 -9999 -9999 -9999 -9999 -9999 -9999 -9999 -9999 -9999 -9999 -9999 -9999 -9999 -9999 0 0.265506820789454 0.303624099999982 1 1.08083461534835 2.07104487999992 3.62631730266571 6.51405173722389 7.95713927355955 8.66351538021 9.51731458000012 10 9.33982861999984 8.26840022000007 7.19697181999986 7 6.71280652424403 6.70163265942053 7 7 7 7.21102068592186 7.95713760225737 8.08224908140702 7.33613216507149 6.41125941999995 6 6 6 6.60894881660657 6.98356864705815 6.9879450507225 6.36542006561321 7 6.83872200171578 6.00059951999967 5.18993115095518 4.68949895270906 4.14655638362622 3.4112618199998 2.33983341999967 2.50946511263309 2.94019315103149
-9999 -9999 -9999 -9999 -9999 -9999 -9999 -9999 -9999 -9999 -9999 -9999 -9999 -9999 -9999 -9999 -9999 -9999 -9999 0 0 0.245490830341926 1 1.16017257999997 3.10422814832918 7.14119579900969 8.08694748634752 8.57454902631466 9.51731458000011 10.4520393916389 9.60075049569882 8.83012567696314 8.58134460962531 7.8641970777127 7.04154974505066 7 7 7 7 7.07036156173998 7.6066510799999 7.78631191999975 7.11207803624631 6.41125941999995 5.49311941842922 5.23219569999991 5.84876234689492 6.20304450044304 6.23219569999991 6.22817616488108 6.02060490245675 6.23219569999991 6.00059951999969 5.16183469552955 5 4.55411861999973 4 3.4112618199998 2.84671215884028 2.93767750849764 3.61656480416467
-9999 -9999 -9999 -9999 -9999 -9999 -9999 -9999 -9999 -9999 -9999 -9999 -9999 -9999 -9999 -9999 -9999 -9999 -9999 -9999 0 0.00278381119802811 0.160767299999971 0.455361946779293 3.15800490000099 7.30302937999996 8 8.44588618000018 9.51731458000012 10.0946506192886 9.39446194969993 9 9 8.12554341999986 7.84793262565489 6.98547004535632 6.16076729999997 6.29518735262082 7 7 6.74594498082613 6.24985106857554 5.7266220024356 5.22688436655292 5.05463371554161 5 5.80302578000011 5.26612945749194 5.16076729999997 5.16076729999997 5.16076729999997 5.16076729999997 5.12353420745103 5 5 4.92831685441709 4.83923270000003 4.25049451999983 3.28519931861657 3 3.12909990063946
-9999 -9999 -9999 -9999 -9999 -9999 -9999 -9999 -9999 -9999 -9999 -9999 -9999 -9999 -9999 -9999 -9999 -9999 -9999 -9999 -9999 0 0 0.174482222107327 1.40370378716869 2.47376681147669 4.24105406919177 8.3473274783077 9.95687741553119 10 9.33982861999984 8.33376053958548 7.35805237427001 7.10055481104498 7.08933889999996 6.08779214167547 6 6.16017017999995 7 7 6.96654656825173 6.09856307286581 5.04312279888217 5 4.39880979048718 4.75557617482797 5.07174143985682 5.01121612545836 5 5 5 4.85414143328056 4.08933889999996 4.3652915973501 5 5 5 4.4112618199998 2.73864539607331 2.08933889999996 2.08933889999996
-9999 -9999 -9999 -9999 -9999 -9999 -9999 -9999 -9999 -9999 -9999 -9999 -9999 -9999 -9999 -9999 -9999 -9999 -9999 -9999 -9999 0 0 0.160172579999974 1.00414808935227 1.91071641686841 5.46871684606899 8.44394776885398 9.01791049999989 8.43971220114303 7.37564961999961 6.30422121999985 6.02143836378197 6.87670512542404 7 6.98208950000011 6.98208950000011 6.98495822800898 7 6.70240038472515 5.65016180308333 5.01984899711649 5 5 4.33983101999987 4.01310327487441 4.01791049999989 4.01791049999989 4.01791049999989 4.01791049999989 4.01791049999989 4.01504181497621 4 4.00542732174006 4.38565683990161 5 5 3.83306823517243 2.34592000646854 2 2
-9999 -9999 -9999 -9999 -9999 -9999 -9999 -9999 -9999 -9999 -9999 -9999 -9999 -9999 -9999 -9999 -9999 -9999 -9999 -9999 -9999 0 0 0.160172579999974 1 1.57362376788814 2.89296420000005 4.67650892000076 7.43796436996114 7.38924740792927 6.37515960589753 6.05351789999998 6.05351789999998 6.05351789999998 6.05351789999998 6.06897812852114 6.94648210000002 6.94648210000002 6.72727818964444 6.01621736761294 6.03347783441868 5.55411621999985 5 5 4.3751618774546 4.01436434457689 3.95702374660855 3.11882687135943 3 3.94648210000002 3.95123124526494 4 4 4 4.37445297999997 5.42201874489357 5.94648210000002 4.21177559104285 3 2.26840501999987 2
-9999 -9999 -9999 -9999 -9999 -9999 -9999 -9999 -9999 -9999 -9999 -9999 -9999 -9999 -9999 -9999 -9999 -9999 -9999 -9999 -9999 -9999 0 0.160172579999974 1 1 1.04678711411724 2.85277919158859 6.03462916000023 7 7 7 6.8996646001132 6.98431381418166 7 6.98268661999981 6 6 6.02893738565629 6.39011118004896 6.67233143424611 5.6790625199999 5.12494630000005 5.12494630000005 5.04246062857423 4.26840261999993 3.19697421999989 3 2.88181547139451 3 3.07765172280506 3.89506607149018 3.97106291421483 3.91291550008006 4.37445297999997 5 5 3.8225236399996 3 2.3598151058495 2.12494630000005
-9999 -9999 -9999 -9999 -9999 -9999 -9999 -9999 -9999 -9999 -9999 -9999 -9999 -9999 -9999 -9999 -9999 -9999 -9999 -9999 -9999 -9999 0 0.160172579999974 1 1 1.30092374578982 3.14128384000044 5.73666696454693 6.72286482607448 6.8036252999999 6.8036252999999 6.15829153793891 6.7027354314395 6.98937317918198 6.98268661999981 6 6.03145337104645 6.38249317833229 6.94049316771054 6.8036252999999 6.53286210706463 6.09478767584618 6 5.33983101999987 4.26840261999993 3.19697421999989 2.82827932273859 2.0434901278828 2.8036252999999 2.82105146912568 3.12871488025289 3.61750875036839 3.2435182190101 4.25161137161151 5 5.10158655285466 4.13451162347584 3.13346937180489 3 3
