catData/variables/futureClimate2070/rcp45/CCSM4_2070_rcp45/bio17.asc
NCOLS 409 
NROWS 350 
XLLCORNER 60.897278365 
YLLCORNER 5.843756025 
CELLSIZE 0.0892857 
NODATA_value -9999 
[rows 216 to 242 of 350, columns 183 to 243 of 409]
9 8.05411981999996 8 7.91126301999962 6.89416853089926 6.10764251999985 5.2364401768388 4.75257664929199 3.74209898457672 3.17548944155398 3.7282515323152 4.6601641800003 5.97977533994683 7.14225728000027 7.6358812722087 7.67847260000009 7.67847260000009 7.73710518939906 8.33923630000004 8.33923630000004 8.43666546201207 8.66076369999996 9.10664028000017 10.5198850326134 12.3097002470356 13.4362109403516 13.1773554657795 13 12.4221971780412 12.0183610358277 11.3392363 11.2790339471315 10.554935402565 9.92143661130391 9.46054081482671 9 8.70538252708852 7.8219337199999 7.33923630000004 7.33923630000004 7.82264294838763 7.46939605774326 7.33923630000004 7.33923630000004 7.33923630000004 7.33923630000004 7.33923630000004 7.57082288000032 8.84247257934088 10.6218619732093 11.8120195929217 12.1754869990526 12.1395181948165 12.2239492113145 12.0910559825547 12.2724114235763 12.6358788297074 13.9452168158381 13.4085357940938 16.4865915119009 18.2116502515383
8.64089352210163 8.42033432071133 8 7.91126301999962 7 6.76840621999981 5.82141833264289 5.25689106489946 4.47445555511577 4.12619689998471 4.41066470000005 5.34193500493096 6.98407531261231 8.21368568000027 9.28511408000041 9.41066470000005 9.40355766278216 9.03644015967547 9.41066470000005 9.41066470000005 9.10764491999979 8.25689205049475 8.44587658000022 9.51730498000017 11.2826561062449 12.4497757393353 12.8897735617927 13 13 12.4425622491651 12.3964525967547 11.4847492881597 10.3448924034625 9.76841101999969 9 9 9 8.69513532882487 8.65243573128253 8.55022524626008 8.41066470000005 8.41066470000005 8.41066470000005 8.02222805643022 8 8 8.06577131094224 8.64225128000033 9.71367968000042 10.7851080800001 11.6734326792281 12.5173001800001 12.6530414656871 12.7997185118556 12.568850910602 13.2136784800002 14.2851068800005 15.9139702020254 16.0101948995681 16.6416254771107 17.2444409253469
7.64345511999959 8.00778477179521 7.51790689999997 7.42916991999959 6.59512152455688 6.88005598334083 6.33600819787492 5.80606946090895 5.48209310000003 5.48209310000003 5.76591855726116 6.96625396395534 8.21368568000013 9.67224495361362 10.8386355800004 10.9641862000001 10.9552232099654 10.4494572225013 10.4048796324666 10 9.84306396510139 9.28816380388555 9.19510875733056 9.75000891854646 10.3049090797624 11.4963281190224 12.3788956021943 12.5179069 12.939471755374 13 12.9737344729415 11.4393159282739 10.76262710949 9.50961281858805 9.33601051192183 9 9 9.24938800443028 9.78700093678583 9.65809890199817 9.12939967921767 9 9 8.51012585713449 8.96418620000006 8.96418620000006 9.12434438000003 10.0841264877296 10.7851080800004 11.6760199101614 12.2149517086229 12.7500064325933 13 13 13.352692263759 13.8979794774572 14.8744421800004 15.4898728998889 15.0358137999999 15.0785886576792 15.6780626799999
7.60957608094315 7.02995648394611 7 6.91126301999962 6.07151039861435 6.57467063649633 6.86470711160676 6.3462550532825 6 6 6.58873578 7.6601641800003 9.54149702454125 12.1575743373818 12.5669608150167 12.5535215000001 12.0095793427129 12.5139034178234 11.9468800200001 10.9788521919553 10.3857935368446 10 10 10 10 10.9549098212923 11.8514293938189 12 12.39042177596 12.9700408591507 12.9826962199997 11.9112678199997 10.7683311644825 9.65692100040711 9.86470925470359 9.76078528981439 10.1070430000001 10.3380074799647 10.5535215000001 10.1881090897432 9.67336178536729 9.55352150000006 9.55352150000006 9.55352150000006 10 10.0491138409204 10.71367968 11.5535215000001 11.6888111737481 12.2072624613627 12.9993932800004 13.5535215000001 13.2276475733055 13 13.3266371430844 14.3354492840527 14.9439411328633 15 14 14.0396148675315 14.6066342799999
7.37505009999997 6.42916991999993 6.37505009999997 6.34176928677713 6 6.08685927034844 6.56442378108894 6.85956227252591 6.62494990000003 6.30165870459963 6.58873578 8.07273371827509 10.3625189302885 13.4090629400007 13.672037672586 12.4426974519535 12.0281216754606 13.6804045668978 13.9896429816653 12.1038925004555 10.2614025012089 10 10 10 10 10.6601617800004 11.274382970168 11.8768964812693 12 12.94587538 12.9826962199997 11.9112678199997 10.9399317584549 10.4802183901077 10 10.3744457800001 11 11 11 10.752407158515 11.0821556099523 11.2498998000001 11.2498998000001 10.6587765757364 10.635762395701 11.3386295800004 12.3099671414249 12.6249499 12.8143190814498 13.6243431800001 14.4171240556764 14.6249499 14.0362213199999 13.6249499 13.6249499 14.7291340784906 15 14.4088782756161 14 13.9445498327415 13.6352952186953
6.39105075601132 6.01643195175208 5.30362169999995 5.24182719272015 4.71877909504321 5.30362169999995 5.81766195057115 7 7 6.4826926199998 6.58873578 7.86060435061107 9.25734166284704 11.4570999550837 12.5198126726806 12.0328653608883 12.0225607117922 13.3923562800003 14.0948297637353 12.4665010714983 10.4853619007371 10 10 10 10.4099811503178 10.8968177419188 11 11.2438138663912 11.9125676013728 12.94587538 12.9826962199997 11.9112678199997 11 10.9296845601911 10.6963783 11.0708240800001 12.0068754034826 12.3927566000001 12.3927566000001 11.9330359332264 12.4279660800001 12.6963783 12.6963783 12.4091907378284 12.3980096744081 12.7851080800003 13.6963783 13.6963783 14.2104063366476 15.7671999800001 16.0822611678255 15.3361416800618 14.8212492277018 14.2366593045342 14 14.243812409007 14.912564258757 14.7128131665205 14.6963783 14.6076509199996 13.7936318403769
6.12554821999962 5.27374686039868 5 4.91126301999962 4.16016538000006 5 5.14071943989487 5.75189226414284 5.88984443176653 5.34427129232328 6.27296435641369 7.15328569949601 7.96378588000002 9.22167037131556 10.3388359800002 11.1906378968651 11.2362116790445 11.6212521850462 13.1950045291359 12.7146346532259 11.6974475373166 11.5356134000002 11.1932663745029 10.7678067000001 10.9045066463224 11 11.5617198418583 11.7678067000001 11.9708474299613 12.94587538 12.9826962199997 11.9793969823095 11.7678067000001 11.7678067000001 11.7678067000001 11.8547505013293 12.7882193627617 13.7678067000001 13.3157751090584 12.8467154150318 13.4993944800001 13.7678067000001 13.7678067000001 13.7678067000001 13.7545225845167 13.0887297800003 14.1229705236638 14.9456204277544 15.9089864281562 17.7172503518695 18.1728616399495 15.8533199758846 15 14.8467159722957 14.2060905436138 14.6165593604765 15.6422488800005 16.494052468657 16.5223311272528 -9999 -9999
6.12554821999962 5.84793566745033 5.83923510000001 5.82496930828395 5.56980276259831 5 5 5.06019851004866 5.08908321036815 5 5.68338382879811 6.71479785161897 7.11761440796445 7.96378588000021 9.03521428000034 10.10664268 11 11.1029999858807 12.1607649 12.1235331349534 12 12 11.9283186962039 12.273375596621 12.1843844829623 11.2852041625452 11.1176140221287 11.8346862782883 12 12.94587538 12.9826962199997 11.9255328400442 11.2951772803723 12 12.2543028212062 13.1534831416229 13.8218320359207 14 13.9053527228734 13.8392351 13.3428745925858 13.8346842641241 14 14.7938098049576 14.8364536453744 14.6927348342088 14.8649829137919 15.2315865800003 16.3030149800004 17.4948380850828 17.7322969557505 15.9653996399998 14.5059183112908 14.7147918091263 15.4963588790858 16.4814839800002 17.5529123800005 18.62434078 -9999 -9999 -9999
6.92187953855601 6.04928494470053 6 5.91919047121342 5.07502788552961 5 5.2759512390167 5.91066350000002 5.50461778749656 5 5.05259559400996 6.350688102734 7 7.80302098000023 8.87444938000036 9.94587778000001 10.1050966064505 11.0079272368062 11.0893365 11.0893365 11.3652855534243 12.681992580335 13.821327 13.8675412163458 13.3219301199999 12.2505017199996 11.9106635 11.9824023693722 12 12.0845011958853 12.087790640858 11.9920729776014 11.9249716856552 12.2108996310885 13.2136808800003 14.2851092800001 14.5046221586813 14.471088578062 14.9106635 13.7082973969023 12.3577487199999 12.8923526800001 13.8856612617793 14.94587298 15.0157557352658 15.9106635 15.9106635 15.9313526345042 16.0270702977608 16.46377988 16.6434647199996 15.0547361399998 13.5006079199999 13.7494934800004 16.1533780853998 18.4449526194433 20.4920917561873 19.9551214541404 -9999 -9999 -9999
7.12329988992105 6.98306108314863 6.96509328378146 5.91126301999962 5 5 5.00542655150163 5.38565298156835 5.9920151546383 5.9820919000001 5.9820919000001 6.6540783661522 7 7.80302098000023 8.87444938000035 9.01693887387192 10.0173061800001 11 11.1572947653379 11.9820919000001 11.9875184085223 12.3811538354523 13.4557998776179 14 13.4112666199999 12.9881777568276 12.9820919000001 12.9820919000001 12.1233046039622 12 12 12 12.1572924083173 13.2136808800004 13.9875183655429 14.3744457800001 14.9920152405972 14.4833171326657 12.8615322465254 11.3817427198065 10.3042284199998 11.6274680659472 12.8923526800004 14.8927152720868 15.9654101896862 15.105048898227 16 16 16 15.6389677589867 14.5899444199995 13.5092521566463 12.4291795199998 12.6780650800003 15.9311483158572 19.3946608889269 22.5897588419978 -9999 -9999 -9999 -9999
7.12554821999962 6.94937620900234 6 5.91126301999962 4.84840671918716 4.04112533141626 4.30302218000029 5.35440987262333 5.9703432767733 6 6 6 6.73159258000011 7.76004305624432 7.99328049315243 8.89525411745107 8.94740593194546 9.07923637731636 9.90153137073849 10.1780710800003 11.2332817704687 11.9330405578561 12.4458765800002 13.5173049800002 13.4427758071175 13.7136820800005 14.0143653740893 13.9570222046928 13.1188333847034 13 12.0535203 12.1375035071071 13 13 12.9675648378343 12.5385540704793 11.9703430198759 11.9723138107276 10.8005267986687 10.6248274519348 11.0247892949239 11.8135588131417 12.8744445800005 13.94587298 14.0154494299042 14.8977082444445 14.7948932338411 14.2067974135251 15.2121918326345 15.2777542281224 13.6908259285725 13.1070406 12.5183120199999 13.4273545600008 16.2234874019741 19.3230862631809 20.8142019878067 -9999 -9999 -9999 -9999
7.12554821999962 6.17230631884677 5.99783731543014 5.79740189029256 5 4.79734356173893 4.39010865253811 5.04678711318527 5.51511568109191 6 6 6 6.73159258000011 7 7.87444938000036 8 8.01298141061415 8.67245529041566 8.03521427999999 9.1066426800003 9.95077515517062 10.8270582466918 12.3901648809687 13.3923562800001 13.9486127704776 14.5776754237997 14.2348723619237 13.2973175476467 13.01568768663 13 13 13 12.9799881437377 12.8750513 12.3068781677079 11 11.3901627808457 11.3577487199998 10.2863203199998 9.95753735632382 11.3717646179532 11.97538712777 12.9837052934936 13.8344504815677 13.8577499199997 12.9526944093379 13.7701141563853 13.6724011621082 13.6060299600007 15.7021005464454 16.039018839277 14.9353640149992 14.3598835907238 15.2378282035538 16.6980473221702 17.8030137800001 19.6396239463846 20.7027365806606 -9999 -9999 -9999
7.10089342464592 7 5.78971332874533 5 5 5 5 5.30091706100634 5.80362289999992 5.905210223093 6 6 6.73159258000011 7 7.87444938000036 8 7.97929528255939 6.82104833949011 7.12871063846025 8.03521428000025 9.40966246000044 11.17807108 11.8911828497383 12.5173049800002 13.4731196261625 13.6739822441125 13.6072457999998 13.7649402599865 13.2726186440722 13.1963771000001 13.1963771000001 13.1789521318149 12.83983942 11.9545212277156 11.5601111943338 11 11 10.5842838004828 9.60764611999997 9.59725611083573 10.6788777666319 11.8030161800002 13.5771682692697 13.0434977127808 12.7829239251692 11.6072457999998 11.7988553789295 12.8036228999999 13.3501476569716 14.9816891799999 15.2489330271278 14.2863227199998 13.8036228999999 14.4637798800003 16.2667936600003 17.6066366800001 18.6780650800004 18.9893702214757 -9999 -9999 -9999
6.73219449999998 6.47888258545495 5 5 5.04289316967361 5.20578341195018 5 4.89972007519777 4.73219449999998 5.24950188000017 5.88986117993078 6 6.73159258000011 7 7.64026702656465 7.73219449999998 7.7068515203758 6.33277647143609 7.0428925269404 7.43737543468367 8.52488919630765 10.2069219620691 11.326468379555 12.3880365988216 12.8423339628024 12.2488276755735 12.19592387395 12.855771287674 13.8744469800003 14 14 13.9350307858308 13.0647530357928 11.8304318225832 11.1866557790404 11 11 11 10.2536036255355 9.07203511999973 9.99944682878325 11.4824573295932 12.3724580120311 12.2110790136546 11.4297862399995 9.48815132309782 10.0096196185259 11.5264091598502 11.9540604017739 12.83883238 13.5837959149788 13.3534301533549 13 13.6601569800004 15.2672481715167 16.75025978686 17.6402617547643 -9999 -9999 -9999 -9999
5.66076609999994 5.03576054239407 5 5 5.16016538000006 5.84697068120503 5.23643850409204 4.62554941999989 4 4.34181917998392 5.24950187999994 5.66076609999994 6.14417767587551 6.59394413882723 6.36412322646979 6.64240600823269 6.66663694293548 7 7.10583026765899 7.73932974704385 8.30301978000026 9.62187084355082 10.8120225511521 11.6836351882905 12.1322354611151 12.2239492552605 12.822643890037 13 13.8744469800003 14 14.3392339000001 14.3392339000001 14.0732446381797 12.521342134235 11.799776387585 11.2122091977121 11.1512556369909 10.988260756613 9.48330413999971 8.00060671999969 8.39235387999999 9.99438814949567 10.3215321999999 9.69653139990999 9.63790176922521 8.39786353068471 9.16015817999998 10.2315865800003 11.102792953424 11.5866533918735 12.4458717800003 13.1754857575322 13.3392339000001 13.9993908800004 14.8226407183598 16.6060275600003 -9999 -9999 -9999 -9999 -9999
4.58933769999993 4.58933769999993 5 5 5.16016538000006 6 5.69697781999971 4.62554941999989 4 4 4.34696419049287 4.58933769999993 4.58933769999993 5.39235868000016 5.07399171362415 5.55744143534625 6.01730618000011 7 7.06577289774168 7.54714783122927 8.30301978000026 9.37444818000009 10.4458765800002 11.2124376528884 11.9993956800002 13.0708240800005 13.1102257940238 13.3297694570057 14.2851092800004 14.4106623000001 15.4106623000001 15.4106623000001 15.1847298078479 13.631926903181 12.4106623000001 12.03621652 11.4903290474612 10.5547325399997 8.65364535832785 7.61094318935727 7.84181455961335 8.80301618000017 9 9 9 9 9.16015817999998 10.2315865800003 11.4274518086218 12.5644320796507 13.0840936493204 13.7155267982909 14 14.6601569800004 -9999 -9999 -9999 -9999 -9999 -9999 -9999
4 4 5 5.04277927280427 5.56504183984006 6 5.84306199487158 5.10764011999988 4.26713659041639 4 4 4 4 4.41589203363723 4.93947321371894 5.45599888107465 6.49105373156953 7 7.08294989685773 7.62955735049833 8.15693676214609 9.07287546521005 10.4458765800002 11.5173049800002 12.5887333800001 13.6601617800004 13.6211026419893 13.8979814906549 14.8744469800003 15.455997724057 15.991658008587 15.5179093 15.2748000661246 13.7684110199997 12.8539181391635 12.3239803481922 11.3391740244513 9.73269090290379 8.41126901999989 8 8.35269166497167 9.28510688000017 9.90365229968363 10.4201779670393 9.95584056560472 9.43931489824881 9.16015817999997 10.2315865800003 11.6060299600007 13.37444338 14 -9999 -9999 -9999 -9999 -9999 -9999 -9999 -9999 -9999 -9999
4.48402576225928 5.07708184594161 5.54393847037612 5.08873698000038 6 6 6.16772856435382 5.97180297196379 4.80092355171844 4.26717958459897 4 3.63458651723394 3.44648089999992 3.44648089999992 4.8049547138137 5.94587778000001 7 7 7 7.23159138000033 8.16772723590796 9.09515124040994 10.4458765800002 11.5173049800002 12.5887333800001 13.6601617800004 14 14.444486121685 14.9439429746328 15.4223152909502 15.438755092732 14.9508850435852 14.2863203199999 13.2148919199996 12.1434635199997 11.4464808999999 11.0483322896533 9.74987966149054 8.41126901999989 8 8.73158778000005 9.80301618000017 11.3584663569223 13.546509601208 12.6145259871406 -9999 -9999 -9999 -9999 -9999 -9999 -9999 -9999 -9999 -9999 -9999 -9999 -9999 -9999 -9999 -9999
4.79599073378217 5.94588018000004 6.60763891999991 5.71368448000043 6.52485254618245 6 5.9242762723288 5.23521579384431 4.65370345385368 4.4826926199998 4 3.3398358199997 3 3 4.74889876000071 5.94587778000001 6.37505249999995 6.43050695393473 7.10009345394358 7.71180642604761 8.49239123396199 9.76538522602951 10.4458765800002 11.5173049800002 12.5887333800001 13.6601617800004 14.9144109080313 15.5510691259756 15.0784640459663 15 13.7392910459482 13.0918782740603 12.5899444199999 11.6632469740784 11.0720351199997 10.3750525 10.3750525 9.66373429411433 8.41126901999989 8 8.27438382585843 8.67622572584943 10.4989941600008 12.9966029858312 -9999 -9999 -9999 -9999 -9999 -9999 -9999 -9999 -9999 -9999 -9999 -9999 -9999 -9999 -9999 -9999 -9999
4.74890356000077 5.28719201836033 6.31042207595048 6.59972999706725 5.67015344129268 6 5.69697781999971 4.62554941999988 4.44587898000025 4.4826926199998 4 3.3398358199997 3 3 4.13995328599851 4.59081538966247 5.31567570667312 6.08873458000035 7.16016298000003 8.16127465567998 8.88038411596956 9.56438078835091 10.4458765800002 11.5173049800002 12.5887333800001 14.1198825336939 15.6500944899714 16.5592027863644 15.2129851172997 13.6826303619293 11.5899444199997 10.6072482 10.44708762 9.60724819999997 9.30423081999973 8.86800321704871 9.6141201333845 9.84293446971979 8.69766685394443 8 7.49053990127345 6.74442298493779 7.74719522860294 9.80261825999986 -9999 -9999 -9999 -9999 -9999 -9999 -9999 -9999 -9999 -9999 -9999 -9999 -9999 -9999 -9999 -9999 -9999
4.84530002317383 5.7262508694889 6.00401897784914 6.12285437481246 5.03718971252487 5.23219569999991 5.16183525279924 4.62554941999989 4.1035311818764 4.50926998157158 4.7678043000001 4.10764011999979 3.76780430000009 3.15124133856563 3.20304338590367 3.95844472675846 5.77182272057954 6.08873458000035 7.16016298000003 8.05377452259312 8.46485559006919 9.37444818000009 10.4458765800002 11.5173049800002 13.0407654007178 15.088127860001 15.9376763939583 16.8030185800002 15.2511060399993 13.8344964240282 10.9826962199998 10 9.96281140201451 9.58998928532322 8.69698261999977 8.08694469999912 8.33572576733697 8.46439139999981 7.73895961798694 7.23219569999991 6.50060791999986 4.81262024402596 5.33883598000028 6.62989201870185 -9999 -9999 -9999 -9999 -9999 -9999 -9999 -9999 -9999 -9999 -9999 -9999 -9999 -9999 -9999 -9999 -9999
4.03521908000036 4.31283390266206 4.32153459999994 4.30726859531513 4.29518332430395 5 4.74569387771846 4.10056789126993 4 4.5173073800002 5 4.89386718722466 4.22525628378655 3.19697901999978 3 3.15206621682057 4.3505824243363 6.08873458000035 7.16016298000003 8 8.55732388812329 10.2136808800001 10.9109150738999 11.9514442350892 13.5226151559227 14.7662942069343 15.7747417020549 16.1290991289564 16.613466840097 14.9387804709791 13.5149162180097 13.2824638530016 12.3832861040131 11.4468764199998 9.86684383207077 8 7.625807808058 6.72663005906947 5.73280361999983 4.76750726109199 3.75071411999986 3.22410441377008 3.30134939412626 -9999 -9999 -9999 -9999 -9999 -9999 -9999 -9999 -9999 -9999 -9999 -9999 -9999 -9999 -9999 -9999 -9999 -9999
2.16746146012821 2.17867779999993 3.08933889999996 3.17014821581779 4.01430899886728 4.08933889999996 4.06226723176315 4 4 4.04621567229108 4.08933889999996 4.08933889999996 4.02397922365462 3.19697901999978 3 3 4.92951339508456 6.08873458000035 7.01430878445392 7.30024016086159 8.33009123382372 9.80478247149194 11 11.5635204378779 12.6780722800001 14.3506843327536 15.065359461932 15.8206166833834 16.8744469800003 16.8309930680275 16.7162254206709 15.8133949646442 15.5718227200001 14.0785961694499 11.2775551005895 9.13933578818962 7.55412581999964 6.48269741999986 -9999 -9999 3.02397965248134 3 3.7963226631123 -9999 -9999 -9999 -9999 -9999 -9999 -9999 -9999 -9999 -9999 -9999 -9999 -9999 -9999 -9999 -9999 -9999 -9999
2 2 3 3.08873698000038 3.84270326203841 3.24535631960341 4 3.63225601711293 3.01791049999989 3.01791049999989 2.43971927218751 2.68416130945425 3.01791049999989 3.00352799273768 3.85878755437996 3.98208950000011 5.982399462337 6.08873458000035 7 7.23159138000033 8.30301978000026 9.38115473412794 10.4558012075141 12.0253447691561 13.5708228800003 14.6540751075612 15.7184870340813 16.7851080800003 17.8565364800004 17.9820895000001 17.9817795806484 17.8770360577098 16.979220943932 16.2694120599993 13.060554052784 -9999 -9999 -9999 -9999 -9999 -9999 3.19345574129175 -9999 -9999 -9999 -9999 -9999 -9999 -9999 -9999 -9999 -9999 -9999 -9999 -9999 -9999 -9999 -9999 -9999 -9999 -9999
2.04679882291686 2.94877655911482 3.06990016114653 4 4 3.76840621999981 3.28680506927326 3.61211113739067 3.05351789999998 3.05351789999998 3.05351789999998 3.05351789999998 3.74595718146291 4 4.0467986944739 4.94877428755775 5.94740829041065 6 6.15159139365269 6.95887638431574 7.30301978000026 8.37444818000009 9.89175316000044 12.0346099600003 13.6202411541576 15.338510987875 16.7315901800001 17.7600427119376 17.1188336860306 17.94587538 18.9128006019672 16.8177868800633 14.78632152 13.9588762558728 -9999 -9999 -9999 -9999 -9999 -9999 -9999 -9999 -9999 -9999 -9999 -9999 -9999 -9999 -9999 -9999 -9999 -9999 -9999 -9999 -9999 -9999 -9999 -9999 -9999 -9999 -9999
2.89013856556093 3.11818422873439 4.00216264302927 4.12494630000005 4.10493422838094 3.76840621999981 3.03786150020899 3.45261066549628 4.05571092879883 4.06031065690631 4 4 4 4.10033450027345 4.99939568000041 5.00676237113679 5.01514383684196 5.87505369999995 5.89506547174793 6.23159138000033 7.30301978000026 8.37444818000009 9.89175316000044 12.0346099600003 14.1774667600003 15.7426465518129 16.6737175077854 16.9753879004023 16.8907410853027 17.8209290799999 17.7328036199996 16.4839108599989 13.6099582918768 12.7881953961716 -9999 -9999 -9999 -9999 -9999 -9999 -9999 -9999 -9999 -9999 -9999 -9999 -9999 -9999 -9999 -9999 -9999 -9999 -9999 -9999 -9999 -9999 -9999 -9999 -9999 -9999 -9999
3 3.94588018000004 4.21028431279528 5 4.87128704844785 4.01026007906933 3.63626569030955 4.1963747000001 4.46713497813255 4.38790400155508 3.88438718782318 3.93326484279827 4 4.6453279759589 5.67807468000026 5.04349398528415 5 5 5.1287110228514 6.03521668000024 7.10664508000016 8.17807347999999 9.78293733963495 11.9330243497442 14.0967044008778 16.1906844885018 16.2157009221204 16.6453260472582 16.1008975833631 16.760129386015 15.7863215199997 14.5548535152268 12 -9999 -9999 -9999 -9999 -9999 -9999 -9999 -9999 -9999 -9999 -9999 -9999 -9999 -9999 -9999 -9999 -9999 -9999 -9999 -9999 -9999 -9999 -9999 -9999 -9999 -9999 -9999 -9999
