catData/variables/futureClimate2070/rcp45/CCSM4_2070_rcp45/bio17.asc
NCOLS 409 
NROWS 350 
XLLCORNER 60.897278365 
YLLCORNER 5.843756025 
CELLSIZE 0.0892857 
NODATA_value -9999 
[rows 189 to 215 of 350, columns 122 to 182 of 409]
-9999 -9999 -9999 -9999 -9999 -9999 -9999 -9999 -9999 -9999 1 1 1 1 1 0.411254619999889 0 0.431155478540417 0.589330499999936 1.46378948000011 1.97777759740088 2.01731578000022 3 3.06577799334231 3.64227048000026 4.58925395603011 4.62554221999997 4 4 3.6530358052251 3.13955724946105 3 3 3 4.50332384820569 3.99288992289201 3.58933049999994 3.65510750773543 4.13648810695078 4.71377443836311 5 5 5 5 5 3.96795788975394 3.58933049999994 4.46378468000035 6.0926505338124 8.19597198000004 9.30384293681536 10.74949828 11.4528438074423 11.4816062072442 13.11755989807 14.4458813800003 15 15.2417768140116 16.1887821013497 17.6213692246393 17.1969766199999
-9999 -9999 -9999 -9999 -9999 -9999 -9999 -9999 -9999 -9999 1.4820979 1.33600691522874 1 1 0.750602570307672 0.212989631332645 0 0 0 0.874458980000171 1.94588737999994 2.01731578000022 3 3.16017257999997 4.11994663390416 4.66399192773629 4.62554221999997 4 4 4 3.33982861999984 3 3 3 3.94588497999991 3.99103336413981 3.52488012578032 4.04714827257935 4.4820979 4.7851248800001 5.4820979 5.4820979 5.4820979 5.19826730273719 5 3.88950680054339 3.4820979 3.93497955617599 4.9458825799999 7.00896539289514 7.73816192874631 10.1601677800001 11 11.3030245800003 12.5683829646932 13.9637834800003 14.5179021 15.1066402800002 15.5179021 16.6283916564917 17.0070525902978
-9999 -9999 -9999 -9999 -9999 -9999 -9999 -9999 -9999 -9999 2.42532773800104 1.86470427996584 1.34625274206728 1 0.769031573866625 0.227640248166475 0 0 0.444498545734407 0.943949236298912 1.42231383833181 2.01731578000022 3 3.07151284443112 3.57467093353582 4.13529464849727 4.27928814946955 4 3.71365277459644 3.44647369999992 2.78630231999976 2.85143341930415 3 3 3.42231276679491 3.45605711117192 4.03962087086123 4.53513210710564 5.12819590507276 5.68881987696053 6.20727090100652 6.55352630000008 6.26718040305965 5.73714281490727 5.55352630000008 4.82192892000001 4.55352630000008 4.06949291322485 5.46945346474177 6.46563786541766 7.72150527864945 9.60664148000001 10.7028628532193 11.8565508800004 12.7207097074567 13.4458813800003 14 14.9146202464445 15.1881067355888 15.326637917622 16.24949708
-9999 -9999 -9999 -9999 -9999 -9999 -9999 -9999 -9999 2.16017498 2.76839661999978 2 1.62553981999994 1 0.676700321959187 0.154239112334225 0 0 0.803030580000166 1 1 1.40318265809547 3 3 3.08686085902446 3.37504529999995 3.37504529999995 3.37504529999995 3.18102889814946 3 2.33982861999984 2.73159977999993 3.50185623532357 2.53196320076594 2.37504529999995 3.01731338000019 4 4.06007107320913 4.75138250108457 6.18937813537789 6.76539243032874 7 6.80598449825824 6.62495470000005 6.62495470000005 5.89335731999998 5.62495470000005 5.29699476972558 5.95940703196168 7.27371278168771 8.65823598739411 9.26026538689972 10.7986728176141 11.6780698800003 12.84307759956 13.7921804159266 14.3232951783671 15.4344963673398 15.7524076269538 15.6249547 15.9261248444592
-9999 -9999 -9999 -9999 -9999 -9999 -9999 -9999 -9999 2.04863183088516 2.2332981997348 2 1.62553981999994 0.68949072840485 0.146550722215038 0 0 0.509475394075139 0.940196755304856 1 1 1.02257314344496 2.30361689999998 2.30361689999998 2.30361689999998 2.51464143903544 3 3 3 3 2.33982861999984 2.22212605724425 2.54742982662425 2.07623420799151 2 3.00525663476418 3.36541517585599 4 4.46319716000034 6.30302698000011 7 7 7 7 7 7.28734672287261 6.83355261794363 6.69638310000002 7.35507974329636 8.01731098000017 9.06179660453676 9.79364238968703 10.4648965657767 11.3030245800003 12.4881432329833 13.9246254152737 15.2136928800002 15.8751339611233 16.459728849497 16.6963831 16.1371711892631
-9999 -9999 -9999 -9999 -9999 -9999 -9999 -9999 -9999 -9999 2 2 1.62553981999994 0.554111419999793 0 0 0.506889020282677 0.937681112770945 1 1 1 1.01731578000022 2.0681388019622 2.76781150000009 2.58998560414465 2.30302937999996 3 3 3 3 2.33982861999984 2 2 2 2.72626136532129 2.23218849999991 2.3890672392146 4 4.28537310689252 5.53521548000001 6.23218849999991 6.57454319394753 7 7 6.49311466521257 6.96378587999998 7.04573514868043 7 7.21962305742622 8.00401941047977 8.3890629964675 10 10.2315961800002 11.5356903373073 12.8547551757468 13.8917627600005 15.5173097800002 16.9040798901866 17.6889060879605 17.7678115000001 16.96478812
-9999 -9999 -9999 -9999 -9999 -9999 -9999 -9999 -9999 -9999 2.83923989999999 2.58492353925597 1.62553981999994 0.554111419999793 0 0.494098613836747 0.945369502890203 1 1 1 1.7938264302024 1.8420235865244 2.01426652325124 2.29518332002193 2.7683990199998 2.04871503343174 2.47502000984146 3 3 3 2.33982861999984 2 2 2 2.94588497999991 1.98546992069998 1.26376801742714 2.45594140584616 3.39235868000018 4.46378708000012 5.47501799566567 6.07168032106121 6.16076010000002 6.16076010000002 5.50059111999988 5.89235748000008 6.83469137530472 7 7 7.17528816512425 8.17747876000081 10 10.2315961800002 11.3517388417836 12.7892718629798 14.7310026600005 16.3565496800002 18.0167162600004 18.8392399 18.8392399 17.362287258871
-9999 -9999 -9999 -9999 -9999 -9999 -9999 -9999 -9999 -9999 3 2.69696822000001 1.9665488355383 1.46477971999983 0.910668300000035 0.96326192566257 1 1 1 1 1.08449772766391 2 2 2.01430848886478 2.06864239073489 2.27595925033463 2.94411925006565 3 3 3 2.33982861999984 2.66624472793293 2.91066830000003 2.11432841286746 2.08449751326782 1.99845336633184 1.91859575406847 2.16017017999995 3.02068909486899 3.39235868000007 4.80479172433043 6 5.52890019647001 5.62547908312965 5.33983101999987 5.73159738000007 6.80302578000011 7 7 7.9279792800002 9.00733491967282 10 10.2315961800002 11.3030245800003 13.0899084187265 15.3963810216741 16.9884073979264 18.5519994624745 19.6011927771257 19.9106683 18.3046215399999
-9999 -9999 -9999 -9999 -9999 -9999 -9999 -9999 -9999 -9999 2.01790329999989 2.01247803113305 2 1.55411141999979 1 1 1 1 1 1 1.92895287446969 2 2.08715536632237 2.98209670000011 2.98209670000011 3.28512608000008 3.98209670000011 3.54419335404628 3 3 2.98818075373252 2.9951947503413 3 2.98434434151138 2.05314618256253 2 2 2.16017017999995 3.22745220114288 3.98752188293111 4.38115936700471 5.01790329999989 5.00864170484775 5.58874058000006 5.98818079670044 6.71369408000018 6.9964735114471 7 7.92894816040549 8.98240662366835 9.0887393800004 10 10.2315961800002 11.6006240200375 14.10545564 16.4279780800004 18.0167162600006 19.5708348800003 19.9939158603318 20 18.3939532399998
-9999 -9999 -9999 -9999 -9999 -9999 -9999 -9999 -9999 -9999 1 1 1 1 1 1.03151265533903 1.0181892324081 1.0391590798447 1.85655568000014 2.88117857564976 3 3.00092682885609 3.1375192388912 4 4 4 4 3.55411381999982 3 3 3 3.03915895138446 3.05352509999998 3.05352509999998 3.00289651185701 2.98268661999981 2 2.16874330490146 3.27272734284578 4 4.37445538 5 5 5.58874058000006 6 6.73159738000007 7 7.92125942743033 8.94877922031715 9.01638440806456 9.86248530418807 9.15159478355881 10.1904672886944 11.3030245800003 13.4978119199999 16.4697472254529 18.5500763245897 19.9464749 19.9464749 19.907316205536 18.3298849467167
-9999 -9999 -9999 -9999 -9999 -9999 -9999 -9999 -9999 -9999 1 1 1 1 1 1.51517958416024 1.37985476883834 1.85655568000001 2.82764259842213 3 3 3.01731578000022 4 4 4 4 4 3.55411381999982 3 3 3 3.73159977999993 4 4 3.17230665884856 2.98268661999981 2 2.30032653541326 3.87504649999995 3.95077506349087 4.4526193696752 5 5.06463996748367 5.64012888393704 6.08249042464248 6.76513522677824 7 8.74890836000083 9 8.99783693246055 8.87504649999995 8.87504649999995 9.33823886000039 11.2159350618573 13.404233499127 16.6418557600004 18.2674027800001 18.7500929999999 18.6676028752458 17.9849598733332 17.0474102019127
-9999 -9999 -9999 -9999 -9999 -9999 -9999 -9999 -9999 -9999 -9999 1 1 1 1 1 1.66017378000019 2.73160217999996 2.84229932894139 2.97534601596448 3 3.01731578000022 4 4 4 4 3.92646326969378 3.35773191999972 2.8036180999999 2.8036180999999 2.8036180999999 3.67889083483587 4 4 4.18575468955394 3.17906851999991 2.21380917936591 2.52147945572839 3.1963819000001 3.7429268459166 5 5 5.51731218000009 6 6.66016898000013 7 7 8.40545441333781 8.79299041823718 8.97928945685654 7.8036180999999 7.83507215295512 8.41771106213923 10.3501587172333 12.3561421599998 14.4114359274212 15.9281640799999 16.5264718223907 16.0767143872965 15.6599460877969 15.7649354571087
-9999 -9999 -9999 -9999 -9999 -9999 -9999 -9999 -9999 -9999 -9999 1 1 0.880586445623573 0.732189700000005 0.732189700000005 1.39236348000019 2.26786128069352 2.09146854107787 2.64026985822864 2.985508083004 3.01267843576362 3.7559563054691 4 4 4 3.62554221999997 2.55411381999982 2 2 2 3.26726960343814 3.94724891779429 4.23418847902681 4.96037753974064 3.98732332149168 3.35655208000012 4.26781029999999 4.26781029999999 4.48968353357818 5 5.11941226888697 5.78512248000008 6.42548109135198 7.0189895274156 7.07188098618297 7 7 7.69256548248536 8.70683985749395 7.24404498002027 7.11727319878793 7.96378588000023 9.03521428000032 10.3808132950903 11.9102607800003 12.9816891800002 13.8954474313929 14.3733685098399 13.9287130910722 14.5352130800001
-9999 -9999 -9999 -9999 -9999 -9999 -9999 -9999 -9999 -9999 -9999 -9999 0.872968615334988 0.366135382223869 0 0 0.436217285098791 0.660761299999928 1.73621093001965 2 2.94588737999994 3 3.08874418000015 4 4 3.89720070706698 3.2863035199999 2.36613696805101 2 2 2 2.48341282171241 3.46378948000007 4.53521788000007 4.66076129999993 3.99412663147613 3.74950308000005 4.71509722364189 5 5 5.12702975631923 5.63386144612185 6.51731218000009 7.58874058000006 8 7.26840261999993 7 6.70335130076703 6.66076129999993 7.66076129999993 7.60212575190967 7 7.15302979297196 7.96378588000024 8.90818533785356 9.76740398000013 10.8388323800001 11.3215225999999 11.9816891800002 12.5697079299417 13.1913680724991
-9999 -9999 -9999 -9999 -9999 -9999 -9999 -9999 -9999 -9999 -9999 -9999 0.368651196186022 0 0 0 0 0 1.60606116000033 2 2.55744255272873 3 3.01585554991506 3.24444340892804 3.58933289999996 3.41074771669939 2.62554221999997 2 2 2 2 2 3.1328054338991 3.92601313221557 3.61155615832985 3.57201951999978 2.67807468000009 3.81527970332697 5.0951099172128 5.53511031109845 6.04201307501606 6.41066710000004 6.71553618724479 7.34696419335909 7.8604425805266 7.26840261999993 7 6.48465538218327 6.41066710000004 7 7 7 7 7.17858235450286 7.74310841938292 8.26277256673155 8.89420057284584 9.17866579999993 10.1099410749259 11.0204858911889 11.5084410826968
-9999 -9999 -9999 -9999 -9999 -9999 -9999 -9999 -9999 -9999 -9999 -9999 0 0 0 0 0 0 1.21892373101985 1.51790449999999 1.51790449999999 2.51790449999999 2.4719434898291 2.08295409995859 2.62955829025368 3 2.80606663067798 2.26713577910973 2 2 2 2 3.60605636000028 4 3.51012191237565 2.99103332258769 2.52805526720009 3.32034035999989 5.11994594677569 5.82093148000009 6.69842775364878 7 7 7 7.66016898000013 7.62110242470976 7.09496038507796 7.4215704251344 7.48209550000001 7.48209550000001 7.43931464422903 7 7 6.85391321359245 6.71183538338038 7.2507664068319 7.26851178295588 7.31963702725627 8.51997432253209 9.38850764768064 10.3209278800001
-9999 -9999 -9999 -9999 -9999 -9999 -9999 -9999 -9999 -9999 -9999 0 0 0 0 0 0 0 0.803030580000166 1 1 2 2 2 2.10340430230665 2.44647609999991 2.6537474307709 2.80092247730966 2.26717791615152 2 2 2.40495796346477 3.71508496999672 4 4 3.5439405303802 3 3.23168233730261 4.57467144923609 5.30302698000011 6.16718537768639 6.69328342885238 7 7 6.92933036306262 6.89295219999982 6.53442038154598 6.83689899191511 7.41652081462351 7.44647609999991 7.40685608770092 7 7 6.86470676731735 6.34625522614385 6.1990753796051 6.2155096469336 6.26285752652753 7.10664268000024 8.17807108000004 9.69399211308889
-9999 -9999 -9999 -9999 -9999 -9999 -9999 -9999 -9999 -9999 -9999 -9999 0 0 0 0 0 0 0.803030580000166 1 1 2 2 2 2 2 2.14043952913611 2.65370529372932 2.48268541999988 2 2 2.73159977999993 3.80302818000014 4 4 3.9935066566517 3.62495230000002 3.68502375761758 4.37633664524801 5.738601871887 6 6.16722768615635 6.37504769999998 6.37504769999998 6.1274528424396 5.54278653469497 5.87690050817036 6 6.9458825799999 7 7 7 7 7 6.62554702000003 6 5.67670606317636 5.74298097968893 6.66016658000033 7.73159498000013 9.10419545171532
-9999 -9999 -9999 -9999 -9999 -9999 -9999 -9999 -9999 -9999 -9999 -9999 0 0 0 0 0 0 0.803030580000166 1 1.65869771580555 2 2 1.88845890661881 1.4649017525732 2 2 2.44588618000018 2.48268541999988 2 2 2.73159977999993 3.80302818000014 4.60895468530013 4.03768465550818 4.69638070000003 4.69638070000003 4.69638070000003 4.99829707874084 6 6 6 6 6 6 5.77787291560257 5.94019482520559 6 6.9458825799999 7 7 7 6.83872089005411 6.5146397691378 6.62554702000003 6 6.20317931342661 6.57151367409498 6.8968200149031 7.73159498000013 8.24381339651923
-9999 -9999 -9999 -9999 -9999 -9999 -9999 -9999 -9999 -9999 -9999 -9999 0 0 0 0 0 0 0.803030580000166 1.67141756242091 1.98743554206083 2 2 1.96280938449449 1.82158473998718 2 2.28751209104984 2.87133981343184 2.48268541999988 2 2 2.16987081135794 3.65179142416067 4.2030408603211 4.73882411039465 5 5 5 5.05377508272895 5.23219089999993 5.51970114830792 6 6 6 6 6 6.61657050141874 6.76780910000006 6.9874344275445 7.75451757202602 7 6.87702172098912 6.17841637452914 6.30302458000032 6.91305542556615 6.76780910000007 7.28511888000029 7.76780910000007 7.76780910000007 7.93767879684173 8.61656865867688
-9999 -9999 -9999 -9999 -9999 -9999 -9999 -9999 -9999 -9999 -9999 -9999 0 0 0 0 0 0 0.803030580000166 1.14058021177228 1.1607625 2.01453205191793 2.8392375 2.8392375 2.8392375 2.8392375 3.21369528000003 3.4650330970121 2.48268541999988 2 2 2.61398597036769 3.09743113557454 3.89463925405787 4.94588497999991 5 5 5 4.80563378671711 4.1607625 4.53521788 5.53496488881788 6 6 6.55403856435286 6.8392375 7.64226328000011 7.8392375 7.8392375 7.99721704357772 7.76476408457691 6.97425102726774 6.64487330088707 6.30302458000032 7 7.37420037464798 7.92240151350729 8 8.55403655018303 8.22525555797214 9.4769507138729
-9999 -9999 -9999 -9999 -9999 -9999 -9999 -9999 -9999 -9999 -9999 -9999 -9999 0 0 0 0 0 0.803030580000166 1.79633997403498 1.91066590000005 2.00154688962212 2.17015039854956 3.14586370672101 3.91066590000005 3.91066590000005 3.94411774876433 3.55411381999982 2.95378616757884 2.91066590000005 2.91066590000005 3.64226567999998 3.91066590000005 3.9887846915634 4.08449978339176 4.08933409999995 4.08933409999995 4.08933409999995 4.06864444929437 4 4.37445538 5.44588378000015 6 6.5361459701523 6.96964150167625 7 8.53431397466715 9.70700150283893 8.95994878899012 8.89490138081832 7.91126061999959 7 6.76840381999978 6.30302458000032 7 7.44588138000027 8 8 8.66016658000033 8.93464362089721 10.5167126600002
-9999 -9999 -9999 -9999 -9999 -9999 -9999 -9999 -9999 -9999 -9999 -9999 -9999 -9999 0 0 0 0 0.0143788246562413 0.892364680000086 1.01790569999992 2 2.00158902666382 2.17807827999989 3.24535970233254 4 4 3.55411381999982 3 3 3.64835054932135 3.99519410618077 4 4 4 4 4 4 4.22745164530628 4.68449323019574 4.37445538 5.00798386119951 6.03400438659732 6.99263611220334 7 7 7.81740451870899 9.75115634578998 9.0541174200001 8.98268901999984 7.99841105928353 7.82479443621833 6.99585310827979 6.98752016722217 7.36774813727602 7.99007811822592 8 8 8.66016658000033 9 9.81740207573528
-9999 -9999 -9999 -9999 -9999 -9999 -9999 -9999 -9999 -9999 -9999 -9999 -9999 0 0 0 0 0 0.0429803648241676 0.881178274351314 1.94588737999994 3.08972961999977 2.19578958000013 3.10704539999998 3.10704539999998 3.39385582940302 4.03348070857839 3.57797885224611 3.57083728000011 4.02201158610435 3.96466584527967 3.94647730000001 3.94647730000001 3.94647730000001 3.94647730000001 3.94647730000001 3.94647730000001 3.95505004049309 4.2192027986824 4.65966914214235 4 4.44588378000015 5.51731218000009 6.55722959455889 6.98181132626586 7 7 8.70210521126092 8.99710348956456 8.98268901999984 8 8 8 8.28680588631233 8.96651903451265 9 9 9 9 9.03915693863605 9.05352269999999
-9999 -9999 -9999 -9999 -9999 -9999 -9999 -9999 -9999 -9999 -9999 -9999 -9999 0 0 0 0 0 0.803030580000166 1 2.18226671721429 5.10763531999985 4.19151791418097 4.89506264006078 5.02893879721212 5.12495110000007 4.75049332000004 4.06923713133422 4.45267555418303 4.35987000296818 3.33982861999984 2.9085858027292 2.87504889999993 2.87504889999993 2.87504889999993 2.87504889999993 2.87504889999993 3.03521907999988 3.87504889999993 3.87504889999993 3.92183751163188 4.44588378000015 5.51731218000009 6 6.66016898000013 7 7 7.7651901683097 8.82093147999983 8.85990094599287 8 8 8.02893819744684 8.12495110000007 8.45261576825074 8.94428663109942 8.93968732605175 9 9 9.64018138249459 9.87504889999993
-9999 -9999 -9999 -9999 -9999 -9999 -9999 -9999 -9999 -9999 -9999 -9999 -9999 -9999 0 0 0 0.143671670307352 0.841711336215037 1.171725817263 3.84828874925912 5.98948514843689 5.30401481999999 4.49002235765188 5.27708266465216 6.13687074187035 5.69907805160751 4.75049331999989 4.19637950000007 4.0807624479591 3.46947274551863 2.46477972000014 2.03868122752568 2 2 2 2 2.16017017999995 3 3 3.30092001970326 4.33706671377465 5.51731218000009 6.11561658073016 6.72690482579222 7 7 7 7.76013063188074 8 8 8.03145366855254 8.38249493796992 9 8.92646511101407 8.53286304492725 8.6121002440587 9 9.12964318289722 9.19637950000007 9.03868217014729
-9999 -9999 -9999 -9999 -9999 -9999 -9999 -9999 -9999 -9999 -9999 -9999 -9999 -9999 0 0 0 0.731602179999955 1 1.64027195693017 3.87728297287416 5.48633728267892 6.6672143124829 5.8827229022874 5.60696071581681 6.51031638189612 6 5.6735256615047 5.26780790000001 4.67906491999993 4.09100878908206 3.26840022000007 2.41202911052653 2.03362151966898 2 2 2 2.11727534045154 2.79421602935282 3 3 3.7723563612344 5.24950428000008 6.47860205837465 7 7 7 7 7 7.73682811720078 8.02376510700521 8.38508148319061 9 9 8.62554702000003 8.3264708239733 8.87073174583132 9 9.48336875456025 9.92811901524438 9.19697661999992
