catData/variables/futureClimate2070/rcp45/CCSM4_2070_rcp45/bio17.asc
NCOLS 409 
NROWS 350 
XLLCORNER 60.897278365 
YLLCORNER 5.843756025 
CELLSIZE 0.0892857 
NODATA_value -9999 
[rows 108 to 134 of 350, columns 122 to 182 of 409]
5.19401075266886 5.96377868000017 6.12744443305603 6 6 6 6 6.01731818000024 7 7 7 7 7 7.27866658454299 7.81897895259466 8 8 8 8.50186929885516 8.95291823828254 9.94588737999994 10 10 10 9.85525654397017 9.26138551889219 9.14043323824542 9.37503090000003 9.37503090000003 9.59582770965816 9.75006180000006 9.93291653213359 10 10 10.9458849799999 11.3750309 11.319570029621 10.7500618000001 10.6632051761039 10.2613864189663 10 10.2786635846913 10.8189771524464 11.220795909584 12.0351998800002 12.3750309 12.0738714190034 12 12.5911473847282 13.9891811724092 13.4637702800004 14.5752307266313 15.3354881876436 14.1856499009594 13.984083341903 14.8209122800003 15.698333527628 15.4112618199998 14.5874162866471 14.3750309 14.3750309
5 5.58874778000014 6 6 6 6 6 5.33298101725695 7 7 7 7 7.26077313320159 7.83177038760952 8 8 8 8.50948592914653 8.38097110332883 8.30360249999998 8.5907762732864 8.60720499999997 8.66900622509163 9.30360249999999 9.07200151999979 8.51463140265851 9 9 9 9 9 9.22211552220742 9.30360249999999 9.30360249999999 10.2494874799999 10.9879430054513 10.2148607199999 9.30360249999999 9.30360249999999 9.30360249999999 9.56437229049354 10.1353714303175 10.3036025 10.3036025 11.4235115072498 12 12 12 12.9458825799999 13.3104021663891 13.7233389976166 14.2087951184276 15.0016931407613 13.6969754199997 13.37445298 14.1353707016715 14.4606590424825 14.8384584134132 14.3398334199997 14 14
5 5.58874778000014 6 6 6 6 6 5.03463636000049 7 7 7 7 7.37446018000006 8 7.60279062424622 7.23217409999997 7.23217409999997 7.40203317769948 7.27790529781595 7.23217409999997 7.95845092884709 7.24546960436284 7.95246402024339 7.46434819999995 7.41057645090929 7.06985586715009 6.98404068194046 7.46434819999995 7.86155573297167 8.68422620848724 9 9 9 9 9.94588497999991 10.2281543815805 9.91125821999987 8.87701718738838 8.23217409999997 8.46484606364285 9.08693884084165 9.574535214674 10 10.4520502657051 11.5812690187796 12 11.3834160077482 11.2321741 12.1780566799999 12.2494850800001 13.2321741 13.3923418800001 14.178403465345 13.9296455408606 13.8547641836238 14 14 14.1366897570772 14.585793516877 14.7678259 14.7678259
5 5.58874778000014 6 6 6 6 6 5.85935630296708 7 7 7 7 7.06019286375625 6.78653179191398 6.23833491992806 6.16074570000003 6.71479938361242 7 7 7 7.15204732901929 7.00278343717718 7.14648045466498 7 6.80562788165063 5.85771632000007 5.22093817796659 5.69570329387577 6.24390179428237 6.41612930244028 7.03628876940214 7.93548966124403 8.8346905530863 9 9.1520469432296 9.16074570000003 9.07200391999991 8.13499903229681 8 8.04871028401901 8.47500898782315 9.44588378000015 10.4341564715074 10.9338918166505 11.6601689800001 12 11.1969742199999 11 11.1520465574399 11.1925849944025 12.9255250937553 12.4553349780866 13.8056319100712 13.415060381771 14 14 13.5658455427028 13.6548467491394 14.1061189390188 15.388734165647 15.1653134753344
5 5.58874778000014 6 6 6 6 5.13859454124719 6.01731818000024 7 7 6.78908280857226 5.81335150040376 5.51964900776488 6.04949173593353 6 6 6.05896493956039 6.08931729999997 6.08931729999997 6.08931729999997 6.95072057311427 7 7 7 6.55748401421057 5.06225153395771 5 5.03982534970492 5.08931729999997 5.08931729999997 5.14828202519883 6.57648964296962 7.89234548000011 8.08931729999997 8.95071838747576 8.08931729999997 7.91975991618652 6.17863459999993 6.38954742015066 7.36527872831932 8.37445538 9.44588378000015 10.5173121800001 11.536155860994 12.5708516800002 12.2444296226686 11.1969742199999 11 10.1386010981627 10.1081744499941 11.2515220563497 12.0286115073132 12.157949054512 12.1163826373192 12.1786345999999 12.5846910590183 13.5142176543738 13.9632672046445 14 14.7969390683073 15.7488929197231
5 5.01053205016163 5.01788889999997 4.29937192117113 4.82444540332424 5.01788889999997 5.00096797231456 6.01731818000024 7 6.84269037419972 5.78628551999975 5.01246799479074 5.37446018000006 6 6 6 6 6 6 6 6.01692088475206 6.03489491974334 7 6.68538546253277 5.02749162645771 5 5 5 5 5 5 5.74468729530435 6.82091708000011 7.87670241368617 8.0169208418187 7.01788889999997 6.92755962717161 6 6.00414304383776 6.61852204065767 8.00669859484727 8.90168008964824 10.5173121800001 12.1669492386386 12.9939207968663 12.9869125276289 11.3904247878756 11 10.0541174200001 10.0173109800002 11.0015874498949 11.0178889 11.2453420790958 12 12 12.4458813800003 13.0092541029234 13.0178889 13.0178889 14.4679914305625 15.8030233800001
4.45683814094552 4 4 4 4 4.82764315494554 4.99710296587631 6.01731818000024 6.99524855248009 6.63468622834173 5 5 5.35441176919295 5.97033315162894 6 6 6 6 6 6 6 6.05261242179665 5.99524868097488 5.78628792000005 4.72725932066854 4 4 4 4.48961781604421 4.97798150477773 5.0353452455995 6.47756957357854 7 7 7.94588497999991 5.98268661999981 5 5 5.01239967217391 5.62714563400877 6.96650865381753 7.8917675600003 10.0069277245391 12.1239416600001 12.9464605 12.21486312 10.3834025387481 9.12554581999959 8.94935791960812 9.96469830121391 11 11.1601677800001 12.0123995436791 12.3403402954994 13.0200480253227 13.0535395 13.0258429930337 12.9684792522119 12.9818054886099 14.4631899600003 15.8030233800001
4 4 4 4 4 4 4.82768392056191 5.8945144965867 6.90016294626521 5.73487385088314 5 5 5 5.3901668205236 5.93968011662494 6 6.08250053092168 6.1249679 6.2253209452184 6.2499358 6.2499358 7.10765211999978 6.03622371999985 4.9848117509602 4.22099311189143 4.0870989547431 4 4 4 4.66231695385043 5.78513928000016 6.76514119185287 7 7 7.82767972040778 6.10549090325929 5 5 5.23159858000017 6 6.37445538 7.8917675600003 9.51731218000009 11.1039074860727 11.8750321 11.234860908224 10.1969742199999 9.12554581999959 8.17232237966927 9.15742654318277 11 11.1801836111144 12.3276219917376 13 13.3276583774406 13.8750321 13.4223694368559 12.4112618199998 12.6601665800003 14.3717640716991 15.7784076254496
4 4 4 4 4 4 4.18576925299983 5.0312351335257 6.64354003994961 5 5 5 5 5 5.51731697999997 6.11562741427413 6.85657008000021 7.19639630000003 7.84171464530128 8 8 7.78628791999976 6.73228854859839 5.96854269792655 5.6174882955482 4.75648446902333 4.1228541775018 4 4 5.06185901707716 6.59343029639808 7.14368348987282 7.19639630000003 7.19639630000003 7.01062798970244 6.96537323999963 5 5 5.23159858000017 6 6.4479970311471 8.00059393537827 9.41571398190312 10.39234428 11.0629131900936 11.0527132814783 10.3546855119965 9.32194211999961 9.19639630000003 10.0173109800002 11.0174280858964 11.4538191412577 12.8036037 12.8036037 12.877144879796 13 13 12.4112618199998 12.6601665800003 13.7315949800001 15.4483359393546
4 4 4 4 4 4.23420235676009 4.96038183343841 5.01267994363713 5.69096577232906 5.22492588403399 5 5 5 5.11941997517198 5.64659141502657 6.4310648252252 7.21553823542378 7.66029173437784 7.73217530000001 7.73217530000001 7.22551129243548 6.45167241358362 5.73217530000001 5.61490089318675 5 4.91884124721033 4.45800656259115 4 4 4.58874298000008 6.1435325582032 7.46377507999993 7.73217530000001 7.73217530000001 6.53295895899712 6.70218549080417 5 5 5.23159858000017 6 6.74891076 8.32646509038675 8.87072427941487 9.58874058000006 10.9667188419646 11.1246329176385 11 10.1255458199996 10 10.0126746719749 10.8209146800004 11.7750721876282 11.9379728225703 11.7321753 12.2069160370326 13 13 12.4112618199998 12.6601665800003 13.7315949800001 14.8030233800001
4 4 4 4 4.2724314278673 4.91705074600474 5 5 5.05863902762061 5.60925163701488 5.3392531 5.3392531 5.3392531 5.63387259698054 6 6 6 6.48340387246821 6.93317751365985 6.7033370802121 5.41076259183184 5 5 5 4.9214286495719 4.4605211765561 4 4 4 4.38901009893182 5.54488346719649 6.73159977999993 6.7275702005476 6.36408479441956 4.75061825170859 5.3159276556729 5 5 5.23159858000017 6.10280284234867 6.83409356304664 7.96328180920954 8.6810655192673 9.38900851313924 9.88471127298888 10.7315973800001 11 10.4222071113727 10.018359502499 10 10.0887393800004 11.1058303641149 11.507720442013 11.1028020281413 11.9611247257307 13 13 12.6109930726532 12.7754561212188 13.7315949800001 14.5305952089626
4 4 4.27112214386668 4.41068149999998 4.88392369122424 5 5 5 5 5.16017498 6 6 6 6.18311819086735 6.41068149999998 6.41068149999998 6.41068149999998 6.11022601931434 6.47324077685984 5.71485951999985 5.58931850000002 5 5 5 4.7683990199998 4 4 4 4 3.75821414985911 4.90966126000034 5.72000928989989 5.29471613750462 3.94505728004058 3.21052798241396 4.01020309513164 4.62576310732314 5 5.23159858000017 6.30302698000011 7 7.8917675600003 9 9 9.38904979304022 10.3209158800001 10.5893185 10.5893185 10.4203488735565 10.403572200767 10.0887393800004 11 11.0951122665968 11.7137060800003 12.6313535684941 13 13 13.2417838788697 13.1395632986756 14.032047503779 14.0808946537665
4.48210990000001 4.48210990000001 4.82400860787785 4.64728618909666 4.51789009999999 4.51789009999999 4.9739129272468 5 5 5.0829530364097 5.62954838237156 6 6.18053095993381 6.71303118128517 7 7 6.68172368494148 5.78628792000003 5.51789009999999 5.06501645140181 5 5 5 4.92277921347347 4.39794624530759 4 4 4 4 3.41125701999992 4.00206760200557 4.13900181677586 3.22570432888589 2.13003538867613 2 3.53458400380109 4.52806838931845 5.07721962946276 5.60205251175615 6.15693467297495 6.87894739161252 7.94394749082531 8.76729142336862 9 9.31827400093097 9.86099694028798 9.61285332150672 9.51789009999999 10.4637726799999 10.9910348148366 10.5280671463824 11.0772184723991 11.6020512688199 12.3030245800003 13 13 13 13.5887381800002 13.3398334199997 13.7577715947035 13.2327568199999
5 5 4.63456719962228 4.11982827548542 3.55549048940676 3.4464617 4.91593770080852 5 5 5 5.10340203876065 5.61420139634717 6.37446018000006 7 6.71364523832968 6.12056858322189 5.59818109188569 5.11982934699351 5 5 5 5 4.95087669746782 4.37495077763983 4 4 4 4 4 3.41125701999992 3.29474123660622 3.04149320149847 2.17588074721847 2 2 3.56899782213526 4.4464617 4.69529220914781 6 6 6.74891076 8 8.23096007531355 8.77235215979425 9.66016898000013 10 9.64147974511732 9.5535383 10.4994208799999 10.4464617 10.4955823455485 11.1601677800001 12.1281973557638 12.6888271691287 13 13.246812421087 13.2671875238053 13.2628490486978 12.7862951199997 12.4464617 11.6434383199999
5 4.632052242801 3.71485711999997 3.37503330000002 3.0738691915017 3 4.30062994562964 5 5 5 5 5.30303177999999 6.14043503702402 6.09636778558961 5.5560555058446 5.15423417727881 5 5 5 5 5 4.98917821411534 4.34175127731876 4 4 3.81061672837838 3.60905694305595 4 4 3.41125701999992 2.58741487120686 2.10065902022736 2 2 2.59114661453009 4 4 4.32034035999989 6.14474140026739 6.62496669999998 7.13985531686414 8 8 8.58874058000005 9.66016898000013 10 10 10 10.3547374653899 10.6249667 10.6582469225215 11.1601677800001 12.2315961800002 13 13 13.1672203653501 13.1810249060843 12.6320582424813 11.3022845910466 11.2072891003873 11.5757356636429
5 4.00125115087187 3.10317217688869 3 3 3 4.60460278793205 5 5 5 5 5.09200193326371 5.30360489999997 5.16823094225788 5 5 5 5 4.4407734389377 4.30360489999997 4.96231623658379 4.29834774434458 3.93819898789437 3.30360489999997 3.30360489999997 3.21160369538803 3.11368721685112 3.61411785090983 4 3.82125474643139 2.5764836058075 2 2 2.60896727747488 3.64228007999994 4 4.06179934075737 5.01673545999992 6.76670956372112 7 7.37445538 8 8.36025366732239 9.28513568000009 9.89682563715605 10 10 9.39103439387317 9.30360489999997 11 11.0617976694093 11.8565628800001 12.7667088350694 12.7889751673082 12.0428376795476 11.6072097999999 11.9674617959742 11.7148667199998 10.9027452829913 11.4279900800002 12.4994184800001
4.60279002303054 3.50673532105663 3 3 3 3 4.89177955999993 5 5 5 5 5 5 5 5 5 5 4.43825865354476 4.04573167054258 4 4.2196128212825 3.23217649999994 3.21157218689214 3 3 3 3 3.10352429267078 3.23217649999994 3.23217649999994 2.41872883959121 2 2 2.87445658000014 3.94588497999991 4.01329362002858 4.78842725588426 5.32034035999989 7.17782683229078 7.76782350000006 7.85476323953461 8 8.12010773135976 8.82091707999999 8.72528324318476 8.46435299999987 8.46435299999987 8.26132528907706 8.23217649999994 9.47764477725203 10.3890520613401 12.0371871945732 12.2321764999999 11.9291519199996 11.145237317689 11 11.1201071741362 10.6434383199997 10.7390679140389 11.7315949800001 12.8030233800001
4.04851934742818 3.06610801298576 3 3 3 3.73389337464164 4.14335186988883 5 5 5 5 5 5 5 5 5 4.44594790080466 4.04314443960915 4 4 3.20616221914903 3 3 3 3 3 3 3 3 3 2.33982861999984 2 2 2.87445658000014 3.94588497999991 4.01731338000019 5.07447670747449 6.15959225999989 7.87648093169772 8 8 7.62579119045569 7.1607481 7.74948868000006 8.05462719078604 8 7.32605908838593 7.1607481 7.1607481 7.33880718000017 8.42450026673066 9.48224430000001 9.67661183409793 10.2727855745117 10.4750084749256 11 11 11.3994610923352 11.2305782668368 11.7315949800001 11.4551455851811
3.52579350817419 3 3 3 3 3.07810662812315 3.08931969999995 4.08931969999995 4.17013946209834 5 5 5 5 5 4.52888961745851 3.55316088071781 3.11967287602245 3.08931969999995 3.08931969999995 3.88567226624424 3.05411262000006 3 3 3 3 3 3 3 3.4711081969089 3.37452366635065 2.94103369038983 2.91068030000005 2.91068030000005 2.98878649938864 3.94588497999991 4.91222672590765 5.16955717083318 7.08515683242653 8.21091226431414 8.91068030000005 8.91068030000005 8.4647965199999 7.91068030000005 7.96326643198345 7.39879711524275 7.08931969999995 7.01759367823812 7 6.13860336828087 6.10663068000012 7.09724587479977 7.32450104194073 8.32091588000017 9.6412367308441 10.9441263278377 11 11.4711038256436 11.9632662176162 11.9410341191244 11.9760261441351 11.1969766199999
3.48268062 3 3 3 3 3 3 4 4.00158779168675 4.17520054138026 5 5 4.63223939941835 4.01789129999992 3.50057431999994 3.00735787978277 3 3 3 3.87445898000017 3.98307684511828 3 3 3 3 3 3 3.43790869658798 3.9913641303452 3.98946662272197 3.98210870000008 3.26359819114401 3 3.85881141499046 4.92799367999999 5.01700362112459 6.07243818580872 7.16017017999995 8.23159858000017 9.29760543339285 9.61435281354025 8.99202255952692 8.98210870000008 7.82569420867778 7.0060800187281 7 7 6.14119094207016 5.07200872000002 5.01820101593639 5.12293431713085 6.17805908000001 7.24948748000014 8.62394046000055 10.3856448293988 11.8758079649326 12.973472744467 12.9821087000001 12.3337533583325 12 9.61966412439681
3 3 2.96465608183373 2.94646290000001 2.98945495695357 3 3.05064019574083 4 4 4 4 4 4 4 4 4 3.37517000967705 3.05353709999999 3.01054517153547 3 3 3.00092703664545 3.13753017396106 4 4 3.71319393422003 3.05353709999999 3.47555182699289 4 4 4 4 4.80302818000014 5.04681586936912 5.10417703876273 6.06992357184377 7 7.32034035999989 9 9.30302698000011 10 10 9.48268781999991 8.41125941999995 7.37517455269902 7.01436949790719 7 6.0787300791195 5.05122013027381 5 5 5.31176064154554 7.17805908000023 8.55251206000064 10.3008687533644 10.4947868120582 9.97230473457716 10.5352010800002 11.5712860757902 11.2004982936036 9.34041613999985
3 2.92642683929835 2.29735756642173 2 2.70268156213793 2.98431200358239 3.94588977999997 3.87503449999993 3.87503449999993 3.89505084646314 4 4 4 4 4 4 4 4 3.2973205379449 3.12496550000007 3.12496550000007 3.14011740489466 4 4 4 4 4 4 4 4 4 4.09142473230763 4.82764286197234 5.87445658000014 6.94588497999991 7.12496550000007 7.12496550000007 7.40527436674237 8.90397633234896 9.30302698000011 10 9.94427991049036 9.35772231999985 8.35986618094991 7.91750165332975 7.23486155239031 7 5.36036824383007 5.00676281044903 5 5 5.16016778000009 6.23159618000022 7.53031392369653 8.75006899999987 9.14023059040769 9.23708547062488 9.46377268000013 9.87503449999993 9.87503449999993 8.36933795819322
2.89840162941618 2.3304847926304 2 2 2 2.70272249918238 3.5637288971355 3 3 3.16017498 4 4 4 4 4 4 4 4 4 4 4 4 4 4 4 4 4 4 4 4 4 4.58791804596655 4.80360609999993 5.67806268000008 6.74949107999984 7.80700634222035 8 8 8.23159858000017 9.24351432959264 9.80360609999993 9.35772231999978 8.3878908765476 8 7.46948418064116 7.05271263731202 7 6.12554581999959 5.0541174200001 5 5 5.16016778000009 6.23159618000022 7 7 7 7.51730978000023 8.47311359275102 8.9332587892959 9.1436807913427 8.07795273322108
2.21485832000003 1.73217770000004 1.73217770000004 1.73217770000004 1.73217770000004 1.96637795805279 2 2.73217770000004 2.75594601317277 3.16017498 4 4 4 4 4 4 4 4 4.21506949690595 4.26782229999996 4.26782229999997 4.26782229999996 4.26782229999997 4.26782229999996 4.26782229999996 4.26782229999996 4.26782229999996 4.26782229999997 4.26782229999996 4.26782229999996 4.26782229999996 4.26782229999997 4.26782229999997 4.90807990749437 5.94588497999991 7.01267647074776 7.73217770000004 7.77507484599903 8.1695713156278 8.73217770000004 8.73217770000003 8.4057115394922 8 8 8 7.4643407129855 7.05275408864107 6.12554581999959 5.30744586810557 5 5 5.16016778000009 6.16956955840136 6.65102096002783 6.5646422583455 6.73217770000004 7.24948748000026 7.88985491346548 8.48335924816153 9.2678352297881 7.70048796575593
1.31893088178852 1 1 1 1 1.57779974471198 1.98164306998783 2 2.05863924061239 2.87526375408742 4 4 4 4 4 4 3.77603558301323 3.90894585168649 4.80303058000017 5 5 5 5 5 5 5 4.87296493601451 4.66074929999992 4.66074929999992 4.66074929999992 4.66074929999992 4.9089450374848 5 5 5.94588497999991 7 7 7.10583233431582 7.739319280384 8 8 8 8 8 8 8 7.19697421999989 6.12554581999959 6 5 5 5.1058307485176 5.66074929999992 5.46052602088194 5.24741954441786 5.66074929999992 6.17805908000014 7.24948748000011 7.88471127438169 8 8
1 1 1 1 1 1 1.55743261645034 1.59643311457609 2 2.25456944337108 3.68443556765541 4 4 4.18311712073479 4.41067910000005 4.16889367721242 3.61094579381392 4.14228128 4.88392180413323 5.35912202689343 5.02222292208027 5 5 5 5 4.87555216694804 4.36864510407835 4.18311613510493 4.41067910000005 4.41067910000005 4.41067910000005 4.84182614078937 5 5.35912104126358 6.35656407999996 7 7 7 7.13648588360441 7.58932089999995 7.74310189844853 8 8 7.75821654847207 7.58932089999995 7.58932089999995 6.78629511999984 6.07398677563339 6 5.40356984231346 5 5 5 5 5 5 5.30486146512851 6.17805908000015 7.52060409692493 8 8
1 1 1 1 0.61285177759457 0.517892500000017 0.973913057111334 1.00896895553578 1.60346328363472 2.56506092082964 3.11994565347677 3.51789250000002 3.69842256122939 4.23092235141776 4.76729489593535 4.69509318328828 4.16383276935855 4.73160217999996 5.38714706534742 5.93498324729974 5.05411262000006 5 5 5 5 4.84306335681836 4.30157859582862 4.44588618000018 5 5 5 5 5 5.87445658000014 6.48986673700462 6.99165308965156 6.51789250000002 6.59511174505434 7 7 7.19392763288666 7.73285641446643 7.75059991818062 7.21298816917233 7 7 6.19697421999989 6 5.08796582812543 5.50892727329028 5 5 5 5 4.81947340994467 4.73285525740849 5 5.5887381800002 7.32033316000066 8 8
