catData/variables/futureClimate2070/rcp45/CCSM4_2070_rcp45/bio16.asc
NCOLS 409 
NROWS 350 
XLLCORNER 60.897278365 
YLLCORNER 5.843756025 
CELLSIZE 0.0892857 
NODATA_value -9999 
[rows 125 to 149 of 350, columns 112 to 167 of 409]
183.781290640002 191.47825406 207.524872435561 220.514633300001 225.8717753 230.505275028494 230.289917738168 227.27395619133 224.442485936512 221.895659591368 217.181069442285 210.985269019999 205.9831730466 205.671296775255 213.162239019595 221.765397734642 234.556353914833 253.385533904535 272.843475184117 292.327164287405 312.114479420004 332.16858724 351.648177332619 370.811876760003 388.259369415101 404.296788196345 415.996602958392 419.794991940391 417.826528099976 412.442231278688 405.280364539149 400.389735521265 400.452055634963 403.912465573721 411.511406545015 416.832562837079 424.605482243344 432.740140101276 422.74110894751 406.946198816612 392.392853494895 395.905196187022 433.497519749828 448.524195261303 451.81145940006 456.021889436457 463.209592565257 474.899045944222 496.944334336237 526.486574690746 549.408402137828 556.339879106808 554.996664340252 566.119939118512 581.642624861355 598.993857437601
186.425015439233 196.331677872529 209.32654168875 226.039472953873 244.329419738657 252.0138739087 245.754468338788 241.012519886143 235.586526750614 231.006494648566 223.768188415478 216.020914819999 213.317534546621 221.988168522354 228.856097909184 240.726988999385 253.653603060001 269.835298063931 286.274642815804 303.900632940001 323.207030884425 342.56137504 362.221546420002 382.499032751606 401.676345662542 419.206183419284 434.095917244093 439.123847580001 435.520545400993 428.527778353755 421.038992840001 415.612897080825 413.024834383535 415.13869136 420.930688030374 423.48354954681 430.552626605157 427.553102139493 421.929049087449 418.956616642844 415.482239543899 424.610752774261 450.561940166458 467.713132024282 473.006812994704 472.484015204983 467.293551050005 467.508301139999 493.601214637659 545.098229286369 585.026866120002 593.991417347215 592.031661049793 591.824231075786 594.433082327673 604.212701852513
187.796797026896 198.585564986174 210.38595462076 234.980951704625 244.533400417619 258.631990241559 251.229473731508 247.389950924576 242.39480188 238.101110710709 232.743078071331 226.28860032 224.469451769912 227.8474182332 236.908343376272 258.813028831122 286.963132692688 296.658532218035 304.487790361809 315.686345340001 334.744596845557 353.87087933503 374.53228721942 393.837167666356 414.139660180148 432.60912722022 446.070838714303 451.989714911835 451.136141456953 446.328045184103 440.00360046512 433.592882625444 427.751109548749 430.618996887515 443.746806458295 431.797907986393 420.439136361123 428.432528715169 436.833659297931 439.068146865445 441.860351630526 455.914863346569 476.610027908466 492.813000920004 499.283110588059 496.399601714378 484.277140589702 470.101538476605 489.823694090434 573.036188894471 628.262235092923 633.877479445206 623.826581629626 618.381587077358 615.00688058636 615.990551793844
188.494277983673 193.972605996147 210.894591452322 233.151752042612 234.428732483018 243.496815164822 248.029856881805 248.265767482396 245.174388202958 242.612295960029 241.582811839379 236.848763561408 235.961755114499 241.281449717799 257.633221724771 285.184568465027 312.084275556111 332.466210134324 319.975029983584 327.839933123922 344.712920813374 370.431643087491 393.166176942054 406.60611548953 428.82446509644 445.008557481419 457.599874349679 466.895533278141 469.778054793858 467.581091951432 462.5019164 454.040216996643 447.43101186565 458.239364776538 446.288796653086 430.97839122046 429.116480692773 438.285301873987 448.598216852005 456.46808148974 467.276591065943 485.502568442326 506.892180899904 525.880007968109 536.800574313812 535.606674571842 530.881653610599 526.537767075548 559.852379404253 627.012591222461 660.384453969751 662.876318607109 658.565045459118 651.501086129749 643.681956041901 638.466252028607
191.376517088898 191.062233433999 191.827397357022 217.287620144822 227.39871836066 237.74634516 244.117257792101 245.863675453462 246.171760403541 245.971202987784 244.719482889963 244.610652601404 248.673068139266 258.730087044285 280.319626957868 329.144421720595 370.616509580459 342.742929135565 328.945589241487 339.717196160611 356.544964303455 377.193005093711 399.314433896378 421.897411336068 439.030916730129 456.367981440787 471.581707140003 482.76671768445 489.665936371782 492.170085998328 487.881038178773 478.39297066574 472.739883674222 473.656003860726 456.780728552805 446.272404842015 438.716212577761 445.77791484599 458.491916341178 475.478727342604 494.094684899766 517.19166586923 543.4741660462 566.518585522493 583.429802125216 588.911777100002 584.320017644547 591.927794820343 624.833784366587 665.601667469657 682.699317576842 687.767439929512 691.762221245692 692.991225861001 685.030445579967 669.452544645856
201.99416574942 204.722009531348 200.050661827888 212.186414803747 224.744384621697 235.6475076393 241.982183164794 245.379256111113 247.865025145961 249.873751460001 251.286764611752 253.684273957893 260.182433190646 271.991039286552 293.385862589838 329.706528421195 353.644095428438 329.378842488402 340.620550045212 351.357040469955 363.859289533158 384.095506238589 408.613706715147 433.288314374389 454.657203838477 473.196883656147 488.528167640003 501.424579096137 512.55091695713 520.794244036837 519.415060494559 509.467395845739 508.256502505814 500.097002177661 476.636459919409 457.977258736496 447.424368272402 454.037576883389 474.710289619469 497.558027519763 519.698629895965 546.0175719579 577.842405143926 607.50440827064 633.761767781042 638.565994715561 633.906795162935 643.335493442118 662.80232909312 683.061480711225 701.920532752822 712.189946839473 713.550910224879 705.551919207348 689.163028196029 684.478865363009
208.625471482453 208.037960120826 210.091160679199 218.587010567284 229.423116732161 238.733051022959 244.702933507307 248.885623613198 252.0148913 256.03436036 258.971635872372 264.21070968 270.462470177067 279.870231016081 294.165040641926 311.335103291684 320.588387138556 332.617276653201 360.156763519518 367.234475570098 375.601803801131 396.838592438048 426.124306726668 451.563753634964 474.367703476586 491.661488494643 504.963645799364 519.063825641466 534.422079313814 548.949662636398 548.597630430779 540.409515147583 530.878009591994 513.469217138953 493.204173654288 476.191457173115 465.738556567247 474.3106473868 499.56541174128 526.188255021976 550.491651787845 575.00524751272 604.246703229341 635.829249717475 664.703681702086 672.861946914018 668.491124875251 674.706480639999 688.635049840001 704.603650517256 720.543298034263 714.124197175427 696.840487865612 685.874948975044 687.404486575348 702.397667655828
219.534793080001 220.32508259898 222.927041055811 229.191944983335 236.70460731359 244.565245463423 251.561856297012 255.68969617769 260.332245115223 264.532361468356 268.979103900001 274.525527487025 280.238851731189 287.906092940001 297.811156599415 309.910880524713 323.367219799976 340.863694540316 369.616963595713 383.417322607662 403.21048952394 421.38061634626 456.658181601759 478.611104385781 500.655543324828 514.177628239422 522.043540818083 532.928301233254 548.084459520844 562.638037828053 558.020219283145 555.665819966594 532.733997340742 521.279292619316 509.225560056684 497.474340705001 494.673880531886 510.188027030805 538.557838306621 563.663235451494 583.285493277725 603.530581330061 627.243903366896 652.723172938697 672.724104450492 682.403684061423 685.886764089844 696.690989177053 712.652846645765 731.795777944585 740.753287218273 728.133354751033 708.175919206533 688.537038302817 689.43051475692 707.179428680903
231.482283985748 233.625521658154 236.59684985836 242.014752100002 247.565246337536 254.936292275483 260.170481446571 264.621961900001 269.537746650677 274.420376973637 280.104067000001 285.114247628419 290.889206280001 298.48053112953 307.744766920002 319.495668292524 334.947520447099 351.461707774581 370.173042708013 391.412405253712 421.062515300768 453.571352545501 496.394216552628 510.565712595598 530.018695829434 538.212430960001 539.930983244745 544.873467346117 556.297291888269 591.595261850796 574.665868895695 572.003904900553 533.094454639971 525.715229049991 522.710476442281 521.511636589677 529.326826384865 554.683831915952 585.835654857086 604.240818371268 615.529553019082 628.642815507105 645.492396078581 663.724791711158 678.340233035419 690.039139723318 697.649363596974 714.985084787384 740.949118972444 763.74219197258 773.628025844487 769.59053765055 751.112277322006 725.057493407778 706.27618334337 699.659846974061
244.274445878926 246.469203293184 250.11283700583 254.871892900001 260.232210782249 265.539007236228 270.572870283582 276.446555950934 281.959179181713 287.014744900001 292.621290452993 298.778815840693 305.829221355399 312.964347504947 321.166720375191 332.399872780483 352.111670379778 369.039757586791 391.648185139087 417.288646375022 447.39672838653 488.389744360843 529.807449145817 546.06254812575 560.782647508452 563.086168690404 562.418907911924 569.324447829914 603.477205735499 656.002136981785 607.380741199096 558.919896516247 522.561022118075 520.717878054786 528.784479031448 543.006974852274 564.532075960857 596.742175662384 626.61499038337 639.081969712461 644.564626792084 650.91892651719 661.955863615133 676.442712191286 693.194593203961 700.936319108259 707.113362572419 728.993888794292 757.583000133151 774.989729037605 790.934363895567 797.465966743399 791.874531176386 772.525941919239 741.120344537368 712.744040449579
257.889975091801 259.944894260001 263.033643240001 267.719446137163 272.542142313038 278.174181460397 284.308066838369 289.460635880001 295.554838082474 301.225774164918 307.693309628597 315.303701892277 323.691519740001 332.419615378539 340.245484760003 350.368867700001 373.903302790674 396.071267713891 418.994090988195 450.784386005137 485.016668040009 524.30771020164 568.284598184012 590.171354087103 593.243577319454 591.346638358947 592.753573997346 612.885514627226 650.552079074821 655.081407135224 601.218035761554 522.557373373063 502.768054438184 507.741993666127 523.73765788453 550.317693765261 581.906237264265 613.446925572342 640.672572918119 657.268357837728 667.53602360881 675.562727470649 686.862801779028 701.792418489983 715.71721978189 712.192259150479 713.168810617744 728.509523671561 748.841121787354 768.434261540002 790.201752534668 801.617133098916 806.00816333451 802.472642381802 782.532142460423 747.036036015712
270.480678060001 273.716552148287 276.96221244 281.193818220001 285.546099891678 291.095954104168 298.483879628348 303.75709082418 310.855265724187 318.232106568386 326.193899204199 335.32019662841 346.056005916843 361.969647486382 369.610610938889 380.758028532688 435.098655475978 437.001196987906 447.754523690966 489.434832317014 526.45718060723 569.881029718106 623.501127513214 634.110681879999 627.63644818715 626.543074817161 651.586527030516 674.066406530936 662.467224980274 626.504953803504 580.611176370246 531.11720099346 495.028106168006 494.552332833966 509.501111011314 539.000554241754 577.372898930501 611.292353128732 640.82088242622 665.613363035007 687.782873472585 704.991402575103 717.68270350682 725.0118743428 728.232684649156 733.0510783953 736.520206053257 743.895939049028 759.130972000004 780.900477806693 802.364304340001 817.804156511146 824.744952419905 816.660379690774 796.671701844258 770.30426951631
282.825618436474 286.245597327194 289.49799624 295.110325494529 298.897120745414 305.615763181863 313.39139242341 320.95991516 328.199140952865 336.330441486938 346.754395959402 358.331723812268 372.778113749864 395.713719523992 407.80521649592 422.354218804392 512.316706082709 493.815041380893 482.649408842772 531.697762152438 568.689904359429 624.874249517839 671.984430316706 660.606488144877 682.550042577436 707.154793229582 717.935411512598 730.343523269473 721.621717808816 672.220320388898 617.529750289646 553.802059466056 506.026667547042 494.45109260367 498.987181108219 529.420589056821 574.784328402252 614.100596423137 646.392088442888 672.880980493105 698.222902170223 719.428640506112 732.208638000001 741.142464567791 743.459697990223 744.10865999989 746.144617298886 758.190425252877 775.899505900003 797.117048123227 815.225194495138 824.313972637275 824.145632771134 819.405012816855 796.107068600296 772.267794665228
294.087317140001 297.301602340001 301.968439488259 307.551190267155 314.138559360001 322.007520876322 331.673626040002 340.174695097427 348.410416920171 357.583152900004 368.814756280002 382.093322396128 397.715806979281 414.611144646052 431.686957714363 451.497881474799 521.10224085702 556.437722519376 510.570346963142 549.24316938137 641.649945272813 813.162273239798 727.83045792072 689.358945098903 741.389389920002 757.159250307172 745.311066927705 784.970205731722 768.48561933288 718.636641879279 643.1159343739 606.709410033805 540.223307183593 514.227974059698 516.702913921557 545.436368472464 591.571740733632 634.504737054413 668.163021160005 688.723281669752 710.332680935185 730.233078196482 738.160240036511 746.00460192737 760.512097093073 765.052383847814 771.23895657114 784.035053126875 791.377515447375 797.570426674188 805.707543658226 816.856902285341 820.551878092909 819.53404284 811.194704647465 784.1102845789
304.801601140001 308.01588634 314.709634978238 322.739059136212 332.037449434182 341.547514300001 352.187336810125 362.557155508096 371.984171606967 380.548185017983 391.748912711006 405.211851640011 419.972829671024 436.751844651851 457.61841672085 476.213398996263 512.338941587475 526.416447042164 523.751272617351 619.666657284801 995.980732617459 1014.99018288599 708.357689251839 729.799798512068 783.442789082191 781.717487597373 787.568904592019 778.647823602207 765.033735204734 765.822715600661 666.824718647646 608.144645424178 580.455839170451 545.663688386073 553.622485626663 583.279944937398 626.689124320002 672.135933248117 706.205943146965 721.61810504522 737.321178495948 754.180488950434 756.346676048695 741.51809362897 750.915849664341 768.777808106103 786.930318123484 802.11494295044 809.958399997125 817.966622215646 819.158744996502 819.864520452115 813.689859977954 814.487279139158 809.322574255334 788.329092375127
317.530433533938 322.258558878797 330.232138964109 337.921149289424 348.539731054734 359.464360200092 371.708260000001 382.422544 392.695469851967 402.632639881298 413.860957133393 427.939598323843 443.277380320001 459.805935537455 478.062710928575 498.658316992679 511.495998873399 524.90138525004 559.361140645706 662.837646664147 924.830192674814 782.359866594163 744.315862635995 800.490648147923 796.232915991349 785.129721416897 830.116181659782 789.719691838702 773.224431420073 785.332320460002 699.15777682425 631.032699541987 602.31415701567 579.198920604833 585.901060296423 620.036620037083 667.876276743647 718.154039940174 751.916569383234 761.77821865667 771.66147181011 783.808404814836 780.522718676983 765.449415311492 764.428353960493 774.735233345085 796.535154402149 811.99006823266 822.441847509137 828.01598734758 824.544754993469 811.959496773512 799.057439010818 795.152228734725 794.366289204218 784.346841590974
330.391617930897 336.877473582381 344.387658970902 354.869895949266 364.619084300002 375.653723060002 388.730036786966 402.303478754589 413.64452716107 422.243104818861 433.402445524422 447.913023496155 464.217106290978 482.784826214255 502.046563008771 517.065974287169 534.658423316351 589.952674837863 652.128255293471 641.286094222589 662.82818083861 752.709724640019 838.470364013014 843.402285032323 817.282811307017 809.903456119621 866.199593618078 824.883287649649 769.569697709593 821.696284940941 733.936237815136 658.692797290816 609.042139834796 588.598398400759 589.622111347727 629.726437219098 686.564688657867 745.529138252933 779.838947451904 791.639078108697 801.766593697249 811.395850393969 809.494409163968 802.252602230358 793.924150016536 791.923359443426 805.908621816369 816.137643494399 811.293984235107 808.071113841614 804.007954718832 793.855270289403 786.142377890446 782.432777391213 774.083155945416 775.279205347307
343.508346132632 351.577871396124 360.206657194089 368.852763572057 378.73522688004 391.090463472015 406.0207035281 419.710070056084 429.183467492475 436.971534800155 446.5479367 460.205959600002 476.972904113744 495.59716004 512.473772300003 529.887799956399 570.931426475918 644.626046132101 633.545477690727 700.203344801993 782.637387199487 840.346946456391 901.648178045999 862.177002639529 792.598959219938 789.956082847778 835.283426631744 821.483498834187 788.845913009082 805.893971384946 711.878355177419 611.798235284218 598.101816391367 574.605959635926 586.061285837974 625.710546815594 682.313752574747 742.786083059846 785.913958960003 807.777610000001 820.312112641324 823.732991858864 828.775989770832 827.110752698753 815.649157351834 809.727797260187 811.758815458872 814.170831567324 812.2754725015 802.350218107668 795.014423425727 787.929552276808 783.194223697087 778.873039691641 771.075455061467 773.241890793742
353.351986320002 363.104117624787 372.999063858158 382.797726100003 393.767166692338 407.561846878046 421.153863460001 433.064033629462 440.373018740001 445.036548345265 453.608400366585 467.279677747709 484.887842783999 503.827237463709 521.573455615251 547.266928470251 577.575198409172 612.398919733094 663.606732079045 749.826081899451 825.817217673307 879.811568551807 871.483308757736 809.062335636337 799.633459649049 821.256036657575 842.578042326066 846.758305163446 866.199665974409 831.103376754301 716.716632019262 660.743320049008 587.334442151842 567.177039068216 579.625858313517 624.461716913578 687.794109254994 745.617338497509 781.856132987386 801.523190473275 822.557777461348 822.452787715235 827.12903383696 838.400251690732 834.074468720001 823.344299518182 821.103454267928 815.009021068899 809.214291906974 799.844767099999 790.48792530471 784.270728699999 779.107674211597 777.905845360274 775.819641891704 780.502015602124
362.956159742834 373.683898553451 385.554494164069 396.33691391469 407.404256214695 420.113892535925 433.181452766544 445.096389614324 451.848636436661 453.277173789608 457.529432032948 471.240389099274 490.136345949238 509.261103622619 531.993078208071 557.05442505578 596.367515998167 634.216437026705 685.700922510307 781.005020659198 815.69282560814 854.407636862534 838.186659210163 805.392723930591 817.630724126966 867.34029208623 889.504678846678 866.866689557323 835.091588013301 801.979529972285 698.434753801133 634.932152396286 576.46938268262 541.83878464 579.938006457509 632.168893853799 696.337294030606 741.093356051223 750.547671006337 756.315669323479 785.077457104854 810.450880102202 822.951686165064 843.684487124555 840.142139309852 834.236545836657 825.861933443565 819.095118127622 809.925889692522 799.422025123142 788.777836957432 779.39329654058 770.885896665 762.210102794382 766.606296059772 784.423612881127
372.38798185517 384.263679482114 396.775576410942 407.859447787996 419.166335465898 431.760504940001 445.813131413679 459.81229068649 468.991174876565 467.314154478603 465.629023732282 477.558546782178 494.619581342981 513.135263041814 529.3430501932 548.7872313072 577.90112127193 611.712254027359 658.036723599638 707.476049098152 769.305224132023 822.006734999311 816.879331578077 803.202260894909 817.547458623332 845.059628182483 893.134257100515 851.390258182123 782.504389200069 730.969882265549 659.021106300004 609.746347299994 581.719753921191 550.967466587699 583.141817105239 617.689940061295 666.004502236899 704.525588569032 706.784363456337 722.130633914558 756.42039323893 803.077227878872 836.608025006274 851.190456919042 845.035982263021 838.194593775398 826.112603043935 816.9313292 810.957926422677 802.344036779999 790.4544489 774.351240482513 761.242517688948 754.774034595446 770.261291861244 795.346036497091
381.819803967508 394.250139709225 406.11880038 418.214995897323 428.486003858817 441.741952436137 455.613109198596 471.611378090407 487.701583688394 489.5035068017 483.427972800001 490.083035522533 503.750234173236 516.910560099851 525.628221180148 532.762501204451 545.160632642508 577.141154718752 620.72090540954 675.759692881994 742.777193908216 770.6520207941 791.628372600343 809.696070068267 823.181488594236 832.354606267555 846.813185380624 815.83823373089 780.739694508065 719.49808787999 645.251346000006 596.104495872501 562.202231920994 540.835667223396 558.813370553719 577.546266626194 604.527538070125 653.787113665682 690.98955651772 720.200916804086 761.526084971875 822.217151094549 850.245352417738 855.353290610077 849.362367242698 834.499489265266 823.627739345987 815.574989961276 810.734357379999 804.933508879999 793.170954351091 777.184214474898 766.32128208344 772.98251605631 800.56799172925 822.008559998059
391.077382921111 403.212082278881 417.431639554229 429.47643710682 438.152310965296 448.580825353002 458.988132270276 471.654537277823 487.417466306745 494.554253438487 494.453352694947 501.803399012538 516.044652215106 528.345497629239 530.422520432042 525.304402615657 521.650664145859 547.39475412796 593.712589633893 651.882705889074 712.6364662482 751.838668547303 795.967994014057 832.391327673982 840.552591533188 846.044186701745 839.909347149899 816.372355900767 795.805254007819 744.758443828402 680.243493671386 616.437772334388 561.931671523144 537.648553127076 545.756721345806 566.715542380469 597.019695063862 639.732096649965 693.047309181193 732.825770928352 767.988433193231 833.438898942912 848.117932374846 858.923252783111 850.018498233503 836.609575614705 823.665461318636 813.274853236157 807.419321198881 800.862897459841 790.599335377556 780.867409296769 778.163644671618 796.370815575653 832.678872178154 847.208412284783
398.820166713072 411.742764840001 428.998883315972 439.979233500001 445.388690760611 451.288724716395 456.924107829091 464.349318718086 475.190394860001 485.770205713014 493.940402337134 507.377822149409 528.039511762937 544.408937377604 541.382688339494 531.888304984204 525.428591388831 544.904042288101 582.871593008221 630.656943821997 681.55277386271 730.145105053999 796.233425014953 838.026356715199 839.574288338121 838.555343965628 825.094011199584 824.691919156534 801.46901868266 771.830405639959 732.672708288399 677.697048053198 608.595527284034 573.747624806905 576.193666159133 589.373626337686 617.261881612837 664.642772202371 726.127936494651 769.625848240002 790.277818745733 833.390809797284 850.105892313283 864.834666558323 854.560336060001 838.197983436016 820.667591372787 805.046386020646 797.566351933141 792.857936887434 790.152706273682 787.272310433035 789.940451220541 808.239730829467 836.402733765488 843.302110208044
405.817150195488 417.790628649701 432.777659852946 442.542656921271 448.364498007042 452.74777652 457.03349012 461.92527208 469.771507629895 479.858211610446 490.47637918 506.383326040002 528.828551973872 546.004260832432 548.990931352592 547.593941522863 548.659780023227 562.040154984906 588.553650534475 625.016555624373 668.600599970465 715.112624102052 772.723737817863 817.265187558896 830.994474241134 820.585389667596 804.61160366441 804.442318902119 794.575280448858 787.007240618058 770.206688077033 719.761303720308 653.593513753755 613.738933529796 624.089733073823 637.259888806861 659.219327817924 715.358693495296 781.542312260422 829.098613713926 836.946396554007 855.676825850838 871.529219800003 882.446668483376 865.151817477081 839.128743921713 813.007256475757 791.23640674 785.841376978406 789.129336984834 794.450915179597 797.217024986684 801.097426070473 811.722689789285 822.268995322547 822.031677543314
