catData/variables/futureClimate2070/rcp45/CCSM4_2070_rcp45/bio15.asc
NCOLS 409 
NROWS 350 
XLLCORNER 60.897278365 
YLLCORNER 5.843756025 
CELLSIZE 0.0892857 
NODATA_value -9999 
[rows 52 to 77 of 350, columns 177 to 235 of 409]
42.1385060495467 42.4527011509918 41.5503703542602 42.9355054838085 41.6558695233111 40.950764236204 41.6558760866461 49.3170840400003 56.5795410967903 53.3454076031809 47.9262780627067 55.0971122017903 54.8862130074884 50.4862211294599 52.722530749447 61.4229917169709 67.5909229648558 68.7598525759877 67.4271640621097 69.2330104333787 -9999 -9999 -9999 -9999 79.8804483971998 81.7591601415854 -9999 -9999 -9999 -9999 -9999 -9999 -9999 -9999 -9999 -9999 -9999 -9999 -9999 -9999 -9999 -9999 -9999 -9999 -9999 -9999 -9999 -9999 -9999 -9999 -9999 -9999 -9999 -9999 -9999 -9999 -9999 -9999 -9999
46.3376628496798 42.1790973199998 43.3364128943729 46.8633790130117 44.7186272967921 46.5219836131923 42.3958684744008 44.6524248282912 48.667222436006 50.0137180806637 51.7562380321945 61.2828035364601 57.2111063152176 50.8907148225102 46.6041850458729 53.1086155846308 64.1175636432962 62.645156183056 59.0660171610579 68.6727488872914 72.9941590809364 -9999 -9999 -9999 -9999 -9999 -9999 -9999 -9999 -9999 -9999 -9999 -9999 -9999 -9999 -9999 -9999 -9999 -9999 -9999 -9999 -9999 -9999 -9999 -9999 -9999 -9999 -9999 -9999 -9999 -9999 -9999 -9999 -9999 -9999 -9999 -9999 -9999 -9999
46.8867984988232 44.3889879064183 44.5344614955722 46.1988655679254 44.8936027745313 57.4961292774109 44.3539910838821 49.4824036085536 51.9717169443574 55.3923259995587 56.3922200660955 64.4446576551789 63.3959376541818 57.8202010150398 48.5324375531638 48.3071393553454 56.6496074319835 56.1012239793926 62.3547993169098 72.5588010744915 65.7155050354911 -9999 -9999 -9999 -9999 -9999 -9999 -9999 -9999 -9999 -9999 -9999 -9999 -9999 -9999 -9999 -9999 -9999 -9999 -9999 -9999 -9999 -9999 -9999 -9999 -9999 -9999 -9999 -9999 -9999 -9999 -9999 -9999 -9999 -9999 -9999 -9999 -9999 -9999
64.8945236720893 52.1136510634706 47.2010462697415 52.0236044015499 64.431996938165 64.0153493229901 46.1244843737267 45.9927418008046 49.0772303190637 55.7515768034553 59.4215960341452 64.9754347770563 66.0552211337052 60.716618653024 56.3396022184131 50.7402360706725 47.2510476720766 55.4238396512929 54.7240196105509 63.9059688156561 55.8328572740184 54.1338520945662 -9999 -9999 -9999 -9999 -9999 -9999 -9999 -9999 -9999 -9999 -9999 -9999 -9999 -9999 -9999 -9999 -9999 -9999 -9999 -9999 -9999 -9999 -9999 -9999 -9999 -9999 -9999 -9999 -9999 -9999 -9999 -9999 -9999 -9999 -9999 -9999 -9999
98.8777682147897 83.3463695196696 65.8561365530922 60.2894217876448 73.8838726650163 60.1780275467084 60.6015033547194 58.8034106934057 48.9372756168206 51.286358926471 59.8363509302445 60.5838242921748 61.7112178218318 54.5018021599995 51.2875169599991 49.2093581092924 47.64391304 47.1635020771492 50.6184445188337 47.7779887890606 45.0526589281626 43.9423656890127 -9999 -9999 -9999 -9999 -9999 -9999 -9999 -9999 -9999 -9999 -9999 -9999 -9999 -9999 -9999 -9999 -9999 -9999 -9999 -9999 -9999 -9999 -9999 -9999 -9999 -9999 -9999 -9999 -9999 -9999 -9999 -9999 -9999 -9999 -9999 -9999 -9999
112.456621552167 102.598966462752 91.3263958942057 87.4977586400013 84.4285383608954 79.4292393616392 67.5313499599084 53.8190365150221 50.9135535211772 48.2259250006929 50.9624380307284 56.9118452359892 62.9691188798341 61.7336138599997 56.3297937802337 53.9785952446439 60.4794693036866 63.0358877199999 66.3670951632163 67.6134290289462 50.3968448131899 45.1246727251839 77.8759103414571 -9999 -9999 -9999 -9999 -9999 -9999 -9999 -9999 -9999 -9999 -9999 -9999 -9999 -9999 -9999 -9999 -9999 -9999 -9999 -9999 -9999 -9999 -9999 -9999 -9999 -9999 -9999 -9999 -9999 -9999 -9999 -9999 -9999 -9999 -9999 -9999
117.69138052642 105.525642666278 98.2493197626022 94.4107943372532 84.0808513401766 79.4306498686642 77.4518468516239 57.5191551516285 50.8186199812557 55.0681952783388 58.4350831275517 58.0248032769692 60.1633471999258 63.0607518831064 58.8056215685267 59.2243160522665 62.5139971707458 58.3018023361309 54.3481579050659 61.9091126155607 49.9931749631802 43.2706110999999 56.9387002327328 -9999 -9999 -9999 -9999 -9999 -9999 -9999 -9999 -9999 -9999 -9999 -9999 -9999 -9999 -9999 -9999 -9999 -9999 -9999 -9999 -9999 -9999 -9999 -9999 -9999 -9999 -9999 -9999 -9999 -9999 -9999 -9999 -9999 -9999 -9999 -9999
118.363696600167 109.473516146058 99.0681511235618 95.4101504099847 94.2868550399997 83.9129001868428 81.7184835946701 80.3313001176484 63.0272835275106 50.4082028777541 51.9110856273269 58.3474115134405 60.3712855854998 61.2049628626376 60.4763222595546 61.7413866370073 58.4090736481102 61.531506099107 55.1966428316689 45.3504951054702 46.8106965304453 44.0575208232495 -9999 -9999 -9999 -9999 -9999 -9999 -9999 -9999 -9999 -9999 -9999 -9999 -9999 -9999 -9999 -9999 -9999 -9999 -9999 -9999 -9999 -9999 -9999 -9999 -9999 -9999 -9999 -9999 -9999 -9999 -9999 -9999 -9999 -9999 -9999 -9999 -9999
117.531075408659 110.778442825838 103.583682092106 96.8246241199979 93.0350544990348 86.4562110806595 86.4054085822857 76.5570611763148 61.9699908553457 53.4103314407403 55.7073169807459 56.0420776487719 56.4929494118639 56.8223284514655 53.1348158058523 58.7170259077301 60.2437135821994 52.6089220006327 49.4480375191084 43.5823386629563 43.3986350223837 51.6955973700125 70.0312133241417 -9999 -9999 -9999 -9999 -9999 -9999 -9999 -9999 -9999 -9999 -9999 -9999 -9999 -9999 -9999 -9999 -9999 -9999 -9999 -9999 -9999 -9999 -9999 -9999 -9999 -9999 -9999 -9999 -9999 -9999 -9999 -9999 -9999 -9999 -9999 -9999
115.54357899459 112.284170102808 106.625255198322 100.483650073836 95.0214499919439 87.580341304329 83.2608390354383 79.1412813235766 75.0030385563301 60.6071896961617 56.8746127014207 56.8674766984438 59.252399630311 57.8631309318299 48.7225206155056 51.0691657198737 54.2582769220853 45.5796702903504 43.2997303923961 43.3874017076181 51.7310553357806 63.0974943669081 70.816173891394 71.5356686 -9999 -9999 -9999 -9999 -9999 -9999 -9999 -9999 -9999 -9999 -9999 -9999 -9999 -9999 -9999 -9999 -9999 -9999 -9999 -9999 -9999 -9999 -9999 -9999 -9999 -9999 -9999 -9999 -9999 -9999 -9999 -9999 -9999 -9999 -9999
113.6607373 111.767002092698 107.455782909079 100.809903225334 93.182521639999 88.3640288600615 81.5995609185366 79.1442057925136 71.2489141883222 78.4419971113659 70.4629894317554 74.5885296066807 66.0251354599961 56.3625420478734 52.5305068133705 47.2903628615307 44.6798449484529 43.5812460015008 51.9578023539 52.9986691608201 58.1504971721663 67.1395974019486 71.338914548121 -9999 -9999 -9999 -9999 -9999 -9999 -9999 -9999 -9999 -9999 -9999 -9999 -9999 -9999 -9999 -9999 -9999 -9999 -9999 -9999 -9999 -9999 -9999 -9999 -9999 -9999 -9999 -9999 -9999 -9999 -9999 -9999 -9999 -9999 -9999 -9999
112.223069871156 110.640906405178 107.581304829243 99.6122415346139 91.7118275341804 86.6550016942258 86.6490897228746 81.9879633020381 80.8671100797592 76.211461648292 74.7315946409414 72.7784049514755 61.9362631475676 54.4615618000006 55.5668672125773 52.6838542754421 49.8788824901947 48.8678689408225 57.4236196527928 64.3435393471964 61.3214460686279 64.0941605643972 69.3145878976974 -9999 -9999 71.3352207525771 75.2862435732299 -9999 -9999 -9999 -9999 -9999 -9999 -9999 -9999 -9999 -9999 -9999 -9999 -9999 -9999 -9999 -9999 -9999 -9999 -9999 -9999 -9999 -9999 -9999 -9999 -9999 -9999 -9999 -9999 -9999 -9999 -9999 -9999
110.841085847984 109.48269022 106.928889436972 101.179232621464 94.9535478940392 89.0511324504534 85.3721549301034 79.7130949572073 80.3580527878702 77.0626704084277 74.0457597507709 72.3848555677477 60.9541139010131 54.5986107831482 53.4464370691016 53.6967771184328 55.4850471589714 57.1672243100726 58.80781814662 61.7773954395954 66.4863400392535 68.4396003670642 71.076949480546 75.2657161026839 -9999 75.1474157203301 74.9226772303521 75.2051817065879 -9999 -9999 -9999 -9999 -9999 -9999 -9999 -9999 -9999 -9999 -9999 -9999 -9999 -9999 -9999 -9999 -9999 -9999 -9999 -9999 -9999 -9999 -9999 -9999 -9999 -9999 -9999 -9999 -9999 -9999 -9999
111.414397718452 110.03623812 107.135543793622 102.216320268017 96.5689508848289 91.0919788999996 88.5454924658805 86.5308268345813 82.9558017118887 80.3276016667935 78.6437526995033 74.4854549657193 67.1696548944291 59.6706669467223 52.0756182669663 50.0879348722928 51.7823887613045 58.1138356225309 64.7912522215734 66.5973568228098 69.5649414077332 71.2487984636732 71.0846774808085 75.6076942583333 72.9789918086571 74.0159577476566 72.4973529001424 75.3136830526049 79.6926906245185 -9999 -9999 -9999 -9999 -9999 -9999 -9999 -9999 -9999 -9999 -9999 -9999 -9999 -9999 -9999 -9999 -9999 -9999 -9999 -9999 -9999 -9999 -9999 -9999 -9999 -9999 -9999 -9999 -9999 -9999
112.386902535111 110.784360167741 107.792203918809 102.784109346894 97.3420250999993 94.9961065850751 92.0172996100347 90.0879434248602 84.2304792168597 82.792130443397 79.254892073161 77.4959730888168 70.6819837356255 61.0975357402119 56.6519471406724 55.9868290446298 54.2266368937657 52.8374908005195 56.6489944449775 62.5417999636126 70.511392594152 70.3177924096069 66.0802302723443 70.6806060854145 70.5492965004393 67.0200033140592 69.0909342818639 74.1542458238441 78.5064971409013 -9999 -9999 -9999 -9999 -9999 -9999 -9999 -9999 -9999 -9999 -9999 -9999 -9999 -9999 -9999 -9999 -9999 -9999 -9999 -9999 -9999 -9999 -9999 -9999 -9999 -9999 -9999 -9999 -9999 -9999
113.32590024265 111.325637402148 109.340190195621 104.431809919998 98.7348344999994 96.5181450118742 94.9761980475763 88.9415660220666 87.0289452176879 83.0747687199977 77.1610309063627 75.0448390888278 74.681665484274 70.7583543161701 71.3760472184275 70.6942446106784 60.4367858859988 54.3680402554466 57.4273628423949 62.2590694213186 70.3502878618589 68.1836263767648 56.7706801796359 59.2398820414365 62.433316432608 65.9319881751186 75.7529262820314 79.3050891226249 80.3765185584768 82.191661320595 -9999 -9999 -9999 -9999 -9999 -9999 -9999 -9999 -9999 -9999 -9999 -9999 -9999 -9999 -9999 -9999 -9999 -9999 -9999 -9999 -9999 -9999 -9999 -9999 -9999 -9999 -9999 -9999 -9999
114.772551442237 112.621148847962 110.138304078162 106.052796023274 102.001176982875 98.848697708762 97.6320662789619 92.8737372033518 90.2435366012756 86.8518251435045 86.4641490602382 83.6090862997715 85.2366989385457 88.55536038 86.9848277650567 83.5237991569516 71.108381240962 60.0706684692908 58.3226087881697 58.0226331978074 66.1957925964802 62.1569377439227 56.4935528319025 67.2108666018071 66.3003360430525 66.9997102476153 74.2327574051955 80.8465555273553 82.6643153166388 82.3786645006834 82.0534867312832 84.1095115781182 86.3556452116781 85.5346646087217 84.5607375645607 -9999 -9999 -9999 -9999 -9999 -9999 -9999 -9999 -9999 -9999 -9999 -9999 -9999 -9999 -9999 -9999 -9999 -9999 -9999 -9999 -9999 -9999 -9999 -9999
115.947498739999 113.80464194 112.061257536108 108.323065785818 105.097737560307 105.478447392169 101.170171657196 97.5281045986868 83.5399850081377 89.1656825218819 92.9782328194681 96.095633899161 98.1036054281585 94.2879339027656 91.0317838078673 92.6918363015984 89.758076365917 83.2027853398561 67.7661132923247 62.7774162244122 60.4502103250062 62.3882908645947 59.7164977882429 71.492774490416 76.4761204285175 76.0256748751702 76.0588801690753 78.2942681612196 81.6956840473459 81.2092793665275 78.744541100802 80.8376494857277 85.1733868037045 83.8807587620208 80.9792506517887 81.1327136106956 82.8392615 -9999 -9999 -9999 -9999 -9999 -9999 -9999 -9999 -9999 -9999 -9999 -9999 -9999 -9999 -9999 -9999 -9999 -9999 -9999 -9999 -9999 -9999
117.018927139999 114.87607034 114.394267548541 114.437271983618 111.489816921646 108.413659751851 110.627523260832 106.457141306928 99.2824034190964 98.7042825343304 105.479630220001 107.234422423813 100.449704882395 94.0602632412542 94.4778547696695 103.641052230809 101.980718496927 92.8607553867939 86.8488308168981 84.3939514080521 71.6994087157228 73.7117899200005 62.8121137366655 67.9783824600023 73.7738051670401 72.3810607962398 77.8836271731462 78.6706021732021 80.1291313819474 78.2018013989879 74.5910402599994 76.0568466345896 80.3729112200002 80.5000965806363 77.6445893599989 79.9366039904493 82.0735517223219 81.4289673802628 84.1458566225841 -9999 -9999 -9999 -9999 -9999 -9999 -9999 -9999 -9999 -9999 -9999 -9999 -9999 -9999 -9999 -9999 -9999 -9999 -9999 -9999
117.108237239999 114.96538044 115.166948720487 117.278841658534 119.331051888277 115.852666646348 115.796189933184 117.701835940697 112.699805220505 108.111622712222 111.865855721449 116.614245286529 113.639338043431 110.570626931828 114.094513369881 113.289618443015 106.054816489792 104.439625310556 106.406239022887 98.7449129420626 85.404186077039 70.829699228575 66.9467077717569 67.9060775211132 67.4283139418431 69.0510116806379 69.7561378424002 72.2418206699798 75.8589043950384 77.4907075426172 74.0595065073616 73.3618148898037 74.1059734044867 79.6314272612654 77.499966978561 75.1928185389126 78.0882117379945 79.2148144422237 81.3711023165565 83.0274809906726 -9999 -9999 -9999 -9999 -9999 -9999 -9999 -9999 -9999 -9999 -9999 -9999 -9999 -9999 -9999 -9999 -9999 -9999 -9999
117.583789843509 116.510390451596 116.0535467 116.74906302181 120.608370312338 123.49895336 124.954654408513 125.259039686703 126.100441278724 119.810531215106 121.83006877734 124.044806074681 125.120548131062 122.4819203 123.278176868087 118.115445146167 112.774413530854 115.694203420001 110.051015847227 97.8456685399971 91.109673399998 86.1070718360558 79.3852715129704 70.8044813167156 70.5794832609588 72.7269733765904 73.8547854585067 72.3550128207597 72.9214246405341 75.9584200217104 75.2204430561455 74.01783641043 74.8961734204344 77.3441531600098 76.2376601402073 77.1484694008409 83.9300760803163 82.9160191354225 82.4997241578837 84.6449733969059 -9999 -9999 -9999 -9999 -9999 -9999 -9999 -9999 -9999 -9999 -9999 -9999 -9999 -9999 -9999 -9999 -9999 -9999 -9999
118.163961310053 117.060324258514 117 118.320333160001 119.73159498 121.60604676 126.1536895027 129.469478869916 130.019471721516 131.147154925899 131.254793288764 130.827525824185 131.386289718257 131.218569097361 130.48316734 124.52510420773 117.0561219 116.815416675882 116.926880630913 107.590769503663 100.346772807736 101.51663106 90.305504827391 85.4875618240683 76.5148726955587 78.581412968253 82.8104511634627 79.09848507748 74.1264755501736 74.6852003583942 78.5252781208845 80.0947657131691 77.6710512836178 76.2973387473372 76.1249751 80.7361411297969 82.8771874416359 82.955642747725 82.3999872735045 82.367145715935 83.9242607452654 83.7500497999999 83.4713451306985 83.5776277383344 -9999 -9999 -9999 -9999 -9999 -9999 -9999 -9999 -9999 -9999 -9999 -9999 -9999 -9999 -9999
118.466545956383 117.387888171376 117 118.190674133106 119.53519148 121.251926657586 124.230548340001 126.870501715865 130.03461716 132.160045706549 133.932304838789 134.65267882897 133.954044576729 132.381184137555 132.739229885739 130.619077940062 125.557837028931 118.958118808945 119.72514018357 116.458619013135 106.97607825163 106.35897111405 100.60544300297 90.1260485420819 87.6655977095272 88.7684065167879 89.1514868092761 83.2864702718438 80.7469563808803 81.0403279854418 81.7239494452085 78.8307544607884 76.9424566923295 77.3154313193541 77.9080403423094 81.0224260792166 82.013905257045 82.4660950907134 79.288865061526 81.4528785537674 83.1201855879853 81.9264575382478 82.607773610489 83.607193 83.607193 -9999 -9999 -9999 -9999 -9999 -9999 -9999 -9999 81.1543211748643 78.6969850199996 78 78.5334425581436 -9999 -9999
117.95982659718 117 117 117.483352910562 118.267818606476 119.05228430239 121.819859640001 126.233361905782 129.76678526 131.82090508 132.77506549804 133.107537375749 132.939450846211 130.709106170297 130.632291828084 134.628416895409 132.427171960443 124.502490986639 121.678879469273 118.552704555559 114.539903618898 109.3419387 104.683586848284 97.673588188842 95.9587900742708 97.108721559999 93.2504657839035 89.377451497497 89.8541931252397 88.4848026999991 83.9897643004818 81.0385278561542 78.2690045479305 78.4964789839501 82.0581234283092 82.2823281998114 82 81.7813340767203 79.5671360426605 80.1333191434681 81.7078093618555 81.7930975952955 81.2070355224195 81.7414364657527 81.8423190630377 82.215515738952 82.1246335102683 -9999 -9999 -9999 -9999 -9999 81.7969463503501 80.3310212137354 78.6969850199996 77.7994242361843 78.3560797600007 79.6028856900798 78.8280789316685
117.705388470743 117.163757628844 117 116.776031688019 116.6607397 116.388305747194 118.054834420346 123.674898587262 128.69535686 130.74947668 131.82090508 132.507716495281 131.799781215693 130.717395356106 129.981058673037 132.934379909208 134.151320487969 130.268102624291 126.971907647325 121.79356755858 117.461840542011 112.591509879406 107.27003558 103.10316068023 100.515509778069 98.73025627683 95.3345510555936 94.2640457712874 93.8120079222938 91.4134750999991 86.2560669631181 81.6868749094042 79.3546980478876 78.4694137443562 82.102616456157 82.0179813851814 80.988089585594 81.2929538320128 80.734014966419 79.5708492800003 80.9399071382684 81.9536916029695 80.7421187119305 80.8591049315187 81.4714748177881 81.1152944306933 81.4833890902809 81.1301550301315 -9999 -9999 -9999 -9999 81.3404233400001 79.4291531199997 78.460525673019 77.3781470134317 77.0797372661562 78.3418007657432 76.8945539599997
117.816881555693 117.284454801045 117 116.610956374523 116.110230908737 115.19697662 115.359127464741 121.25492535704 127.21323976 129.26735958 130.33878798 131.1786226 131.427518170351 131.933114663829 132.530017901347 134.537706249215 133.717942444263 131.868444762258 128.532262011219 123.725375442348 118.808256979086 114.060093664173 109.57353008 105.428843350694 102.685800033956 98.622053045565 93.3603550614314 91.226469967477 92.6689549339988 91.6685681681777 88.5296074264782 83.6347147864334 81.8748208999999 80.8854489299115 80.4398252996945 80.7991490301742 80.22805047926 80.0887321800003 81.2344962623487 82.8859431342615 83.2899430890423 81.2206651293913 81.0637939146951 80.9279912800001 81.2740641975222 81.06070321513 81 80.6702103289568 80.9484358077824 -9999 -9999 79.6416007620007 79.9898565494772 78.8635234114775 78.1617990435662 77.21486792 77.0351830800003 77.5893113 76.0649097351728
