catData/rasterBestHybridModels/Prubiginosus/RDbal_RM2_LQ/Prubiginosus_avg.asc
ncols         409
nrows         350
xllcorner     60.897278365
yllcorner     5.843756025
cellsize      0.0892857
NODATA_value  -9999
[rows 145 to 173 of 350, columns 65 to 129 of 409]
-9999 -9999 -9999 -9999 -9999 -9999 -9999 7.54175E-5 9.85476E-5 5.36381E-5 7.04526E-5 1.05941E-4 7.62135E-5 7.39522E-5 4.95557E-5 4.93271E-5 4.34475E-5 3.83986E-5 5.19677E-5 7.07948E-5 6.76125E-5 4.57715E-5 6.07747E-5 6.20582E-5 4.72368E-5 5.08284E-5 5.32404E-5 7.57614E-5 1.06483E-4 1.09612E-4 8.24722E-5 8.21099E-5 1.1044E-4 1.10932E-4 8.21298E-5 7.05015E-5 5.71311E-5 5.49569E-5 5.71177E-5 4.85972E-5 5.68063E-5 5.99943E-5 6.44309E-5 8.95308E-5 8.5035E-5 8.39893E-5 1.00497E-4 8.34829E-5 6.7261E-5 8.45531E-5 9.75055E-5 1.31609E-4 2.49578E-4 2.3647E-4 1.19119E-4 1.08148E-4 1.07726E-4 1.10514E-4 1.20521E-4 1.21732E-4 1.24966E-4 1.62834E-4 2.17739E-4 8.45629E-5 4.10385E-5
-9999 -9999 -9999 -9999 -9999 -9999 -9999 -9999 7.35815E-5 6.61307E-5 7.39178E-5 7.47684E-5 6.64769E-5 3.51066E-5 3.47109E-5 3.39056E-5 3.16748E-5 3.41777E-5 4.41728E-5 5.05979E-5 6.89644E-5 6.91557E-5 7.00446E-5 4.99712E-5 6.25998E-5 4.70221E-5 4.70248E-5 6.40103E-5 7.81561E-5 1.06254E-4 7.96582E-5 6.9986E-5 8.09093E-5 1.09982E-4 1.09526E-4 7.83238E-5 5.76207E-5 5.4033E-5 5.18638E-5 5.96104E-5 7.42129E-5 8.31694E-5 8.33097E-5 8.68669E-5 8.2421E-5 8.1681E-5 7.99529E-5 9.31212E-5 6.74094E-5 6.8985E-5 9.34563E-5 1.26094E-4 2.46412E-4 2.29248E-4 8.18881E-5 1.16542E-4 1.26815E-4 1.21601E-4 1.27991E-4 9.30872E-5 2.15542E-4 2.0144E-4 8.62799E-5 1.14162E-4 1.12632E-4
-9999 -9999 -9999 -9999 -9999 -9999 -9999 -9999 -9999 5.16368E-5 5.07706E-5 5.32573E-5 5.01078E-5 2.75977E-5 2.52033E-5 2.49092E-5 2.39794E-5 -9999 3.44828E-5 4.3508E-5 4.99602E-5 7.10667E-5 7.40253E-5 1.08987E-4 8.0523E-5 5.50283E-5 5.00204E-5 6.61758E-5 7.85271E-5 1.0246E-4 7.37986E-5 5.60679E-5 7.47877E-5 1.0604E-4 1.09358E-4 7.97033E-5 7.52157E-5 7.32648E-5 7.37303E-5 7.35536E-5 8.83254E-5 1.19801E-4 1.17885E-4 1.16566E-4 1.16274E-4 5.77039E-5 5.45721E-5 8.79012E-5 8.59291E-5 8.6351E-5 9.03932E-5 2.38032E-4 2.31994E-4 2.30513E-4 1.13219E-4 1.23695E-4 1.27802E-4 1.35546E-4 9.74861E-5 1.89947E-4 2.25817E-4 2.12255E-4 1.01395E-4 1.17398E-4 8.60352E-5
-9999 -9999 -9999 -9999 -9999 -9999 -9999 -9999 -9999 -9999 3.63454E-5 -9999 2.3345E-5 -9999 1.86645E-5 1.84628E-5 3.02766E-5 2.2576E-5 2.80525E-5 3.41825E-5 4.36124E-5 5.10988E-5 -9999 1.11071E-4 8.43831E-5 6.9247E-5 6.01292E-5 8.08706E-5 1.08492E-4 1.04918E-4 7.54553E-5 7.29491E-5 7.4692E-5 1.04957E-4 1.08275E-4 1.0882E-4 1.06221E-4 9.85757E-5 1.02209E-4 1.03125E-4 1.02406E-4 1.17457E-4 8.25312E-5 8.31451E-5 1.12361E-4 7.65498E-5 7.53722E-5 1.22307E-4 1.16904E-4 1.14851E-4 1.17065E-4 2.3086E-4 2.13216E-4 2.13159E-4 2.14737E-4 1.25294E-4 1.35806E-4 1.02316E-4 1.57317E-4 1.81924E-4 2.22119E-4 1.92448E-4 1.19795E-4 1.58186E-4 9.05237E-5
-9999 -9999 -9999 -9999 -9999 -9999 -9999 -9999 -9999 -9999 -9999 -9999 -9999 -9999 -9999 -9999 -9999 2.55245E-5 3.38916E-5 4.3053E-5 -9999 1.09279E-4 1.10491E-4 1.11573E-4 1.11425E-4 8.27042E-5 8.15537E-5 8.2657E-5 1.08731E-4 1.06556E-4 1.045E-4 1.03772E-4 1.03754E-4 1.03795E-4 7.77406E-5 1.04661E-4 7.67794E-5 6.83911E-5 6.93441E-5 7.26563E-5 9.7636E-5 9.40224E-5 1.08516E-4 1.08369E-4 1.0633E-4 5.20762E-5 7.16267E-5 8.43444E-5 1.13485E-4 1.0588E-4 1.0714E-4 2.12797E-4 2.13506E-4 2.32076E-4 1.72406E-4 1.31663E-4 1.4083E-4 2.31726E-4 1.71104E-4 1.79781E-4 2.26236E-4 1.62431E-4 8.49667E-5 1.35952E-4 9.53819E-5
-9999 -9999 -9999 -9999 -9999 -9999 -9999 -9999 -9999 -9999 -9999 -9999 -9999 -9999 -9999 -9999 -9999 2.61723E-5 3.6044E-5 -9999 1.06091E-4 1.08251E-4 1.10615E-4 8.40231E-5 1.12328E-4 8.40987E-5 1.12321E-4 1.09411E-4 1.06657E-4 1.04491E-4 7.64107E-5 1.00867E-4 9.98362E-5 9.90068E-5 7.39149E-5 9.99551E-5 7.48548E-5 6.1786E-5 5.22544E-5 7.03366E-5 9.46928E-5 6.87015E-5 8.90862E-5 8.67171E-5 8.58103E-5 7.06004E-5 9.3999E-5 1.12242E-4 1.05223E-4 1.06105E-4 2.29809E-4 2.34451E-4 2.35811E-4 2.43399E-4 2.57875E-4 1.42696E-4 2.41545E-4 2.27098E-4 2.10097E-4 2.07812E-4 2.06638E-4 1.25998E-4 1.15979E-4 1.17937E-4 1.16375E-4
-9999 -9999 -9999 -9999 -9999 -9999 -9999 -9999 -9999 -9999 -9999 -9999 -9999 -9999 -9999 -9999 -9999 -9999 -9999 -9999 1.03159E-4 1.09272E-4 1.14135E-4 8.70463E-5 1.15821E-4 1.13627E-4 1.10594E-4 8.06674E-5 1.05603E-4 1.02678E-4 9.98959E-5 9.72145E-5 7.09102E-5 9.36224E-5 7.01711E-5 9.54235E-5 9.72658E-5 7.19278E-5 5.26512E-5 6.85261E-5 9.10881E-5 8.96294E-5 8.60368E-5 8.16306E-5 7.97111E-5 9.26336E-5 8.5997E-5 8.70392E-5 6.25359E-5 6.77541E-5 1.21008E-4 9.35477E-5 9.41511E-5 2.63597E-4 1.98968E-4 1.51711E-4 1.88754E-4 2.35602E-4 1.73522E-4 1.59884E-4 2.24114E-4 9.79999E-5 1.40446E-4 1.20154E-4 9.4358E-5
-9999 -9999 -9999 -9999 -9999 -9999 -9999 -9999 -9999 -9999 -9999 -9999 -9999 -9999 -9999 -9999 -9999 -9999 -9999 -9999 1.05384E-4 1.13252E-4 1.16792E-4 8.86242E-5 8.71671E-5 1.15309E-4 1.10245E-4 7.99578E-5 1.04121E-4 7.52593E-5 9.67402E-5 9.2596E-5 8.92844E-5 8.72116E-5 6.61474E-5 6.80167E-5 9.20954E-5 6.91047E-5 5.10268E-5 6.50198E-5 8.55431E-5 8.56807E-5 6.13632E-5 5.93928E-5 7.31866E-5 6.29778E-5 8.66517E-5 9.56583E-5 6.86874E-5 7.08273E-5 1.28601E-4 1.35841E-4 2.02439E-4 2.81195E-4 2.81663E-4 2.81546E-4 2.02371E-4 1.40868E-4 9.5172E-5 8.75196E-5 1.18216E-4 2.25792E-4 1.22583E-4 1.24772E-4 8.65775E-5
-9999 -9999 -9999 -9999 -9999 -9999 -9999 -9999 -9999 -9999 -9999 -9999 -9999 -9999 -9999 -9999 -9999 -9999 -9999 -9999 8.01095E-5 1.141E-4 1.1854E-4 1.19019E-4 1.16917E-4 1.15829E-4 1.11694E-4 7.99104E-5 1.0275E-4 7.4003E-5 6.88182E-5 6.68692E-5 8.40341E-5 8.12811E-5 8.32766E-5 8.66959E-5 8.60848E-5 6.50883E-5 6.25053E-5 5.95908E-5 5.96699E-5 8.0599E-5 7.99904E-5 7.44947E-5 7.55969E-5 9.64547E-5 9.74468E-5 1.01121E-4 5.46468E-5 1.30599E-4 2.70094E-4 2.77279E-4 2.76746E-4 2.73377E-4 2.67834E-4 2.65282E-4 2.65242E-4 2.65272E-4 2.52508E-4 1.31535E-4 1.4165E-4 2.65147E-4 1.65899E-4 2.41879E-4 1.06973E-4
-9999 -9999 -9999 -9999 -9999 -9999 -9999 -9999 -9999 -9999 -9999 -9999 -9999 -9999 -9999 -9999 -9999 -9999 -9999 -9999 -9999 -9999 1.16265E-4 1.18482E-4 1.18104E-4 1.1606E-4 1.13016E-4 1.09776E-4 1.04506E-4 9.87439E-5 7.01009E-5 6.42749E-5 5.95386E-5 5.48753E-5 5.91829E-5 6.05176E-5 8.01117E-5 8.25669E-5 8.04892E-5 8.01544E-5 7.52481E-5 7.61931E-5 7.66277E-5 7.7273E-5 7.67841E-5 7.0489E-5 7.35463E-5 1.06776E-4 1.28139E-4 1.89977E-4 1.8948E-4 1.8424E-4 1.83071E-4 1.85871E-4 1.82047E-4 1.7774E-4 1.80213E-4 2.45861E-4 2.46075E-4 2.44828E-4 2.26364E-4 2.34863E-4 2.29531E-4 1.15049E-4 1.05013E-4
-9999 -9999 -9999 -9999 -9999 -9999 -9999 -9999 -9999 -9999 -9999 -9999 -9999 -9999 -9999 -9999 -9999 -9999 -9999 -9999 -9999 8.36119E-5 1.17152E-4 1.19057E-4 1.17733E-4 1.16098E-4 1.13983E-4 1.11683E-4 1.0682E-4 9.98518E-5 9.38888E-5 8.81103E-5 8.1876E-5 7.52396E-5 5.63566E-5 7.43426E-5 7.45162E-5 6.27377E-5 7.83937E-5 7.66072E-5 7.48941E-5 6.07117E-5 5.99513E-5 6.12597E-5 7.53079E-5 5.63046E-5 6.80737E-5 8.33305E-5 2.32308E-4 2.40637E-4 1.87045E-4 1.55995E-4 1.25427E-4 1.27713E-4 1.29347E-4 1.45992E-4 1.66105E-4 2.25593E-4 2.25871E-4 2.45473E-4 1.1534E-4 2.53668E-4 1.31133E-4 1.23795E-4 7.18275E-5
-9999 -9999 -9999 -9999 -9999 -9999 -9999 -9999 -9999 -9999 -9999 -9999 -9999 -9999 -9999 -9999 -9999 -9999 -9999 -9999 -9999 -9999 -9999 1.17393E-4 8.88233E-5 1.19796E-4 1.19791E-4 1.1689E-4 8.28962E-5 7.70426E-5 9.63748E-5 9.09272E-5 8.57354E-5 6.2267E-5 5.43384E-5 6.12697E-5 7.51221E-5 8.04462E-5 7.97188E-5 8.24027E-5 6.15726E-5 5.58396E-5 4.8684E-5 6.24234E-5 8.19036E-5 7.51062E-5 6.21136E-5 1.05499E-4 2.11067E-4 2.32021E-4 2.35304E-4 1.7333E-4 1.39932E-4 1.59841E-4 1.55851E-4 1.67142E-4 2.27987E-4 2.26613E-4 1.65717E-4 2.27427E-4 1.15349E-4 7.38176E-5 5.64877E-5 1.30741E-4 1.51934E-4
-9999 -9999 -9999 -9999 -9999 -9999 -9999 -9999 -9999 -9999 -9999 -9999 -9999 -9999 -9999 -9999 -9999 -9999 -9999 -9999 -9999 -9999 -9999 -9999 1.1911E-4 1.20378E-4 1.20914E-4 1.22714E-4 1.1895E-4 1.12701E-4 1.06113E-4 1.02067E-4 9.92377E-5 9.74561E-5 7.36856E-5 9.21607E-5 8.76943E-5 8.24694E-5 7.82952E-5 5.77948E-5 5.45794E-5 -9999 5.46288E-5 5.71475E-5 8.82697E-5 8.8419E-5 1.06221E-4 2.11769E-4 2.24854E-4 2.15029E-4 2.17289E-4 2.19097E-4 1.6236E-4 2.2631E-4 1.72076E-4 2.27686E-4 2.28294E-4 1.80282E-4 1.66422E-4 1.15288E-4 7.39263E-5 7.19167E-5 6.89232E-5 8.36893E-5 1.2235E-4
-9999 -9999 -9999 -9999 -9999 -9999 -9999 -9999 -9999 -9999 -9999 -9999 -9999 -9999 -9999 -9999 -9999 -9999 -9999 -9999 -9999 -9999 -9999 -9999 -9999 -9999 8.61077E-5 1.19224E-4 1.19633E-4 1.15354E-4 1.11E-4 8.10626E-5 1.05874E-4 1.05217E-4 1.04704E-4 9.91748E-5 9.30312E-5 6.38821E-5 -9999 -9999 4.74259E-5 -9999 6.63292E-5 8.92995E-5 8.88384E-5 7.18604E-5 1.06885E-4 2.33428E-4 2.33503E-4 2.37263E-4 2.38506E-4 2.40962E-4 2.42695E-4 2.27957E-4 1.94128E-4 2.63941E-4 1.83491E-4 2.29858E-4 2.28277E-4 7.38853E-5 7.38542E-5 5.24611E-5 5.48083E-5 7.80186E-5 4.98726E-5
-9999 -9999 -9999 -9999 -9999 -9999 -9999 -9999 -9999 -9999 -9999 -9999 -9999 -9999 -9999 -9999 -9999 -9999 -9999 -9999 -9999 -9999 -9999 -9999 -9999 -9999 -9999 -9999 1.12002E-4 1.12166E-4 1.11466E-4 1.09328E-4 1.06768E-4 1.06953E-4 1.0766E-4 -9999 -9999 -9999 -9999 -9999 -9999 7.54269E-5 9.8357E-5 9.69989E-5 6.32028E-5 6.28463E-5 1.07757E-4 2.33454E-4 2.37691E-4 2.57873E-4 2.60514E-4 2.64174E-4 2.5412E-4 3.54602E-4 2.4213E-4 2.57856E-4 2.32271E-4 2.30347E-4 5.35477E-5 7.84958E-5 8.21437E-5 5.89344E-5 5.59454E-5 6.47791E-5 2.82133E-5
-9999 -9999 -9999 -9999 -9999 -9999 -9999 -9999 -9999 -9999 -9999 -9999 -9999 -9999 -9999 -9999 -9999 -9999 -9999 -9999 -9999 -9999 -9999 -9999 -9999 -9999 -9999 -9999 -9999 -9999 -9999 -9999 7.8716E-5 7.65424E-5 -9999 -9999 -9999 -9999 -9999 -9999 7.33077E-5 9.83286E-5 9.59216E-5 4.58056E-5 4.49573E-5 4.60235E-5 1.08063E-4 1.09496E-4 2.36652E-4 2.56983E-4 2.63074E-4 2.53863E-4 2.47447E-4 2.3004E-4 2.38963E-4 2.30184E-4 2.3667E-4 1.25396E-4 7.65848E-5 8.71928E-5 6.68445E-5 5.67385E-5 8.18566E-5 7.21081E-5 3.48218E-5
-9999 -9999 -9999 -9999 -9999 -9999 -9999 -9999 -9999 -9999 -9999 -9999 -9999 -9999 -9999 -9999 -9999 -9999 -9999 -9999 -9999 -9999 -9999 -9999 -9999 -9999 -9999 -9999 -9999 -9999 -9999 -9999 -9999 -9999 -9999 -9999 -9999 -9999 -9999 -9999 8.80094E-5 8.89366E-5 1.0028E-4 4.92595E-5 4.45219E-5 3.97202E-5 8.70508E-5 1.09782E-4 2.3989E-4 2.43928E-4 2.45951E-4 2.47626E-4 2.32283E-4 2.37042E-4 2.53259E-4 2.3174E-4 1.17511E-4 1.25962E-4 5.55819E-5 5.79715E-5 5.70406E-5 7.66244E-5 1.0175E-4 1.08511E-4 3.25714E-5
-9999 -9999 -9999 -9999 -9999 -9999 -9999 -9999 -9999 -9999 -9999 -9999 -9999 -9999 -9999 -9999 -9999 -9999 -9999 -9999 -9999 -9999 -9999 -9999 -9999 -9999 -9999 -9999 -9999 -9999 -9999 -9999 -9999 -9999 -9999 -9999 -9999 -9999 -9999 9.7176E-5 9.57797E-5 8.851E-5 6.8628E-5 7.115E-5 5.14058E-5 4.33977E-5 7.99525E-5 1.11135E-4 1.12914E-4 2.26779E-4 2.2941E-4 2.3167E-4 2.33462E-4 2.53966E-4 1.32775E-4 1.27305E-4 1.17605E-4 6.97805E-5 7.46202E-5 7.78331E-5 1.07984E-4 9.97883E-5 7.52065E-5 1.12573E-4 7.36212E-5
-9999 -9999 -9999 -9999 -9999 -9999 -9999 -9999 -9999 -9999 -9999 -9999 -9999 -9999 -9999 -9999 -9999 -9999 -9999 -9999 -9999 -9999 -9999 -9999 -9999 -9999 -9999 -9999 -9999 -9999 -9999 -9999 -9999 -9999 -9999 -9999 7.30001E-5 9.09835E-5 8.98132E-5 8.76259E-5 9.69793E-5 4.58291E-5 6.26373E-5 6.72741E-5 7.08275E-5 5.13961E-5 1.12726E-4 1.22542E-4 1.24744E-4 9.16321E-5 1.18082E-4 1.28378E-4 2.58308E-4 1.32842E-4 9.99696E-5 1.28066E-4 7.02523E-5 1.07481E-4 1.07841E-4 7.9335E-5 7.20932E-5 7.39239E-5 1.08018E-4 1.19876E-4 1.05527E-4
-9999 -9999 -9999 -9999 -9999 -9999 -9999 -9999 -9999 -9999 -9999 -9999 -9999 -9999 -9999 -9999 -9999 -9999 -9999 -9999 -9999 -9999 -9999 -9999 -9999 -9999 -9999 -9999 -9999 -9999 -9999 -9999 -9999 6.96747E-5 7.72622E-5 9.84771E-5 8.96024E-5 9.08464E-5 9.71872E-5 8.9198E-5 6.3829E-5 6.08958E-5 6.47431E-5 6.38664E-5 6.59341E-5 4.88315E-5 8.4375E-5 1.25126E-4 1.36297E-4 1.27283E-4 1.19503E-4 9.52296E-5 8.21327E-5 7.87738E-5 7.63272E-5 7.5856E-5 9.92625E-5 7.92955E-5 9.91618E-5 1.00385E-4 1.01332E-4 1.10095E-4 1.16423E-4 9.42374E-5 8.98377E-5
-9999 -9999 -9999 -9999 -9999 -9999 -9999 -9999 -9999 -9999 -9999 -9999 -9999 -9999 -9999 -9999 -9999 -9999 -9999 -9999 -9999 -9999 -9999 -9999 -9999 9.18279E-5 1.01785E-4 7.77758E-5 -9999 7.93541E-5 9.98062E-5 9.38035E-5 8.5147E-5 8.00723E-5 1.00107E-4 1.02086E-4 9.3173E-5 9.92769E-5 1.02631E-4 1.0161E-4 7.11877E-5 5.06195E-5 5.1131E-5 7.05108E-5 6.64811E-5 6.08149E-5 1.15988E-4 1.26758E-4 1.00434E-4 9.77963E-5 7.68841E-5 5.80017E-5 7.76323E-5 7.6753E-5 7.12541E-5 5.13191E-5 9.96169E-5 1.08191E-4 9.92915E-5 1.09108E-4 1.11275E-4 1.14344E-4 9.02435E-5 -9999 4.74971E-5
-9999 -9999 -9999 -9999 -9999 -9999 -9999 -9999 -9999 -9999 -9999 -9999 -9999 -9999 -9999 -9999 -9999 -9999 -9999 -9999 -9999 -9999 -9999 -9999 -9999 -9999 9.22403E-5 9.72736E-5 9.6143E-5 9.97202E-5 9.61559E-5 8.71807E-5 8.774E-5 8.85796E-5 8.73567E-5 1.01811E-4 9.65408E-5 1.02411E-4 1.09856E-4 5.70903E-5 7.75351E-5 7.67191E-5 7.71783E-5 7.48554E-5 7.35728E-5 6.9847E-5 1.18896E-4 7.54166E-5 5.90351E-5 8.36126E-5 7.98195E-5 7.73151E-5 7.15589E-5 7.14342E-5 7.11812E-5 7.08442E-5 9.98733E-5 9.96192E-5 9.95178E-5 7.98735E-5 1.18477E-4 8.96142E-5 8.36425E-5 -9999 6.15176E-5
-9999 -9999 -9999 -9999 -9999 -9999 -9999 -9999 -9999 -9999 -9999 -9999 -9999 -9999 -9999 -9999 -9999 -9999 -9999 -9999 -9999 -9999 -9999 -9999 -9999 -9999 9.15925E-5 6.90123E-5 9.38222E-5 8.83419E-5 9.09322E-5 9.04195E-5 9.81636E-5 9.89915E-5 9.88809E-5 9.04246E-5 8.82096E-5 9.33202E-5 1.183E-4 9.45139E-5 9.35886E-5 1.24704E-4 1.22391E-4 1.16781E-4 1.0878E-4 1.01294E-4 7.18434E-5 7.75461E-5 8.30488E-5 8.08249E-5 7.80563E-5 7.20954E-5 7.19196E-5 7.17137E-5 5.59581E-5 1.00953E-4 8.03521E-5 1.0966E-4 1.09604E-4 1.15087E-4 1.23461E-4 9.60462E-5 7.79284E-5 -9999 -9999
-9999 -9999 -9999 -9999 -9999 -9999 -9999 -9999 -9999 -9999 -9999 -9999 -9999 -9999 -9999 -9999 -9999 -9999 -9999 -9999 -9999 -9999 -9999 -9999 -9999 -9999 -9999 9.1916E-5 9.24806E-5 1.03103E-4 7.57065E-5 7.55095E-5 1.03511E-4 7.83461E-5 7.30963E-5 9.14223E-5 7.58991E-5 7.73266E-5 1.23768E-4 1.24152E-4 1.2507E-4 1.28881E-4 9.49121E-5 1.20738E-4 1.14355E-4 1.0362E-4 5.57398E-5 5.94816E-5 8.67738E-5 7.99083E-5 7.32575E-5 7.29263E-5 5.69886E-5 7.85275E-5 7.90947E-5 7.34457E-5 6.48785E-5 8.07246E-5 1.20403E-4 9.08925E-5 9.18056E-5 8.52266E-5 -9999 -9999 -9999
-9999 -9999 -9999 -9999 -9999 -9999 -9999 -9999 -9999 -9999 -9999 -9999 -9999 -9999 -9999 -9999 -9999 -9999 -9999 -9999 -9999 -9999 -9999 -9999 -9999 -9999 -9999 -9999 1.02439E-4 1.07413E-4 1.10333E-4 1.09306E-4 1.05988E-4 9.5669E-5 5.67349E-5 8.88527E-5 7.60692E-5 8.15575E-5 8.34995E-5 8.803E-5 1.21173E-4 1.26057E-4 1.2717E-4 8.75744E-5 1.15467E-4 1.06503E-4 1.16791E-4 6.3507E-5 8.78907E-5 8.36139E-5 8.11629E-5 5.8755E-5 8.22773E-5 1.13671E-4 1.0413E-4 7.63245E-5 7.55272E-5 1.12026E-4 1.21724E-4 9.17711E-5 6.79667E-5 6.91093E-5 -9999 -9999 -9999
-9999 -9999 -9999 -9999 -9999 -9999 -9999 -9999 -9999 -9999 -9999 -9999 -9999 -9999 -9999 -9999 -9999 -9999 -9999 -9999 -9999 -9999 -9999 -9999 -9999 -9999 -9999 -9999 -9999 1.15039E-4 1.16114E-4 1.07581E-4 9.67491E-5 9.1206E-5 8.06477E-5 9.18466E-5 1.10446E-4 1.0324E-4 1.06029E-4 9.72005E-5 1.16482E-4 1.18597E-4 1.12108E-4 1.14251E-4 1.07739E-4 1.0758E-4 1.15886E-4 1.23044E-4 1.19635E-4 8.85964E-5 1.19626E-4 1.17652E-4 1.16638E-4 8.58357E-5 1.15352E-4 8.40091E-5 7.66912E-5 1.12847E-4 1.17875E-4 8.48032E-5 8.49056E-5 8.76346E-5 -9999 -9999 -9999
-9999 -9999 -9999 -9999 -9999 -9999 -9999 -9999 -9999 -9999 -9999 -9999 -9999 -9999 -9999 -9999 -9999 -9999 -9999 -9999 -9999 -9999 -9999 -9999 -9999 -9999 -9999 -9999 -9999 -9999 1.11419E-4 1.05838E-4 1.06134E-4 9.50467E-5 9.36804E-5 7.4954E-5 9.30445E-5 1.10421E-4 1.16097E-4 8.69458E-5 7.59865E-5 7.6601E-5 1.12465E-4 1.06226E-4 1.08615E-4 1.17324E-4 1.18888E-4 1.18751E-4 1.09064E-4 1.09257E-4 1.09711E-4 1.09126E-4 1.10569E-4 1.0818E-4 1.07589E-4 1.06646E-4 1.06321E-4 7.72409E-5 1.14381E-4 1.0665E-4 1.05567E-4 1.09112E-4 -9999 -9999 -9999
-9999 -9999 -9999 -9999 -9999 -9999 -9999 -9999 -9999 -9999 -9999 -9999 -9999 -9999 -9999 -9999 -9999 -9999 -9999 -9999 -9999 -9999 -9999 -9999 -9999 -9999 -9999 -9999 -9999 -9999 -9999 -9999 7.31058E-5 9.10016E-5 8.17007E-5 1.11041E-4 1.11157E-4 1.22582E-4 1.29361E-4 1.26567E-4 1.24395E-4 1.04133E-4 1.10208E-4 1.06299E-4 1.07255E-4 1.17307E-4 1.15212E-4 1.10262E-4 1.1014E-4 1.10327E-4 1.10148E-4 1.10797E-4 1.10986E-4 1.09545E-4 1.17951E-4 8.70386E-5 1.16998E-4 1.0707E-4 1.06048E-4 1.0679E-4 1.06804E-4 1.06524E-4 -9999 -9999 -9999
-9999 -9999 -9999 -9999 -9999 -9999 -9999 -9999 -9999 -9999 -9999 -9999 -9999 -9999 -9999 -9999 -9999 -9999 -9999 -9999 -9999 -9999 -9999 -9999 -9999 -9999 -9999 -9999 -9999 -9999 -9999 -9999 -9999 1.028E-4 9.85559E-5 1.34958E-4 1.26406E-4 1.20271E-4 8.84003E-5 1.25951E-4 1.94858E-4 2.01936E-4 1.86872E-4 1.25294E-4 1.19788E-4 1.22072E-4 1.40515E-4 1.12677E-4 1.11244E-4 1.20745E-4 1.10735E-4 1.22467E-4 8.27823E-5 8.19924E-5 1.18975E-4 1.27324E-4 8.62774E-5 1.0705E-4 7.84632E-5 8.65799E-5 1.0908E-4 1.17947E-4 9.37651E-5 -9999 -9999
