catData/rasterBestHybridModels/Prubiginosus/RDbal_RM2_LQ/Prubiginosus_stddev.asc
ncols         409
nrows         350
xllcorner     60.897278365
yllcorner     5.843756025
cellsize      0.0892857
NODATA_value  -9999
[rows 261 to 289 of 350, columns 132 to 197 of 409]
-9999 -9999 -9999 -9999 -9999 -9999 -9999 -9999 -9999 -9999 -9999 -9999 -9999 -9999 -9999 -9999 -9999 -9999 -9999 -9999 -9999 -9999 6.41232E-5 6.67886E-5 6.20827E-5 8.75893E-5 1.83122E-4 6.14884E-5 1.12699E-4 7.83737E-5 7.38168E-5 4.07195E-5 3.06123E-5 2.65686E-5 2.30637E-5 3.4814E-5 3.77535E-5 7.39734E-5 4.3144E-5 4.49422E-5 8.71293E-5 9.93292E-5 9.85068E-5 1.09987E-4 9.35406E-5 1.76103E-4 1.47452E-4 1.66779E-4 1.68616E-4 1.46617E-4 1.51609E-4 1.34773E-4 1.16472E-4 1.18126E-4 1.15025E-4 1.11547E-4 1.16343E-4 1.354E-4 1.03553E-4 1.22815E-4 1.15832E-4 1.09442E-4 1.0346E-4 1.0591E-4 9.77762E-5 9.98818E-5
-9999 -9999 -9999 -9999 -9999 -9999 -9999 -9999 -9999 -9999 -9999 -9999 -9999 -9999 -9999 -9999 -9999 -9999 -9999 -9999 -9999 -9999 7.52333E-5 7.53867E-5 6.89174E-5 1.20374E-4 8.04768E-5 7.16305E-5 1.13999E-4 1.05801E-4 1.01843E-4 4.02237E-5 3.99733E-5 2.38451E-5 4.25269E-5 4.52721E-5 4.24706E-5 3.82063E-5 4.01998E-5 4.48812E-5 8.30692E-5 1.0043E-4 1.50723E-4 1.27397E-4 1.13018E-4 1.38278E-4 1.62734E-4 1.2049E-4 1.60781E-4 1.28794E-4 1.37015E-4 1.19319E-4 1.21259E-4 1.0228E-4 1.19588E-4 1.05285E-4 1.1116E-4 1.34324E-4 1.32156E-4 1.26617E-4 1.16572E-4 1.15219E-4 1.11234E-4 1.02691E-4 9.17562E-5 9.68565E-5
-9999 -9999 -9999 -9999 -9999 -9999 -9999 -9999 -9999 -9999 -9999 -9999 -9999 -9999 -9999 -9999 -9999 -9999 -9999 -9999 -9999 -9999 8.45271E-5 8.69517E-5 7.26431E-5 6.74212E-5 7.31843E-5 7.56786E-5 1.13237E-4 1.11999E-4 1.12742E-4 7.66534E-5 3.80612E-5 3.57758E-5 3.88266E-5 7.32927E-5 5.41137E-5 3.97279E-5 3.71535E-5 4.30194E-5 9.45654E-5 9.79525E-5 9.11227E-5 8.12893E-5 9.06382E-5 2.34716E-4 1.6032E-4 1.30997E-4 1.52995E-4 1.289E-4 1.32441E-4 1.02349E-4 1.14905E-4 1.28659E-4 9.55476E-5 1.22251E-4 1.27406E-4 1.20493E-4 1.22939E-4 1.19908E-4 1.18545E-4 1.17593E-4 1.16587E-4 9.07898E-5 7.1429E-5 8.18131E-5
-9999 -9999 -9999 -9999 -9999 -9999 -9999 -9999 -9999 -9999 -9999 -9999 -9999 -9999 -9999 -9999 -9999 -9999 -9999 -9999 -9999 -9999 7.24338E-5 7.5432E-5 7.16667E-5 7.3462E-5 1.45054E-4 8.41401E-5 9.13064E-5 1.21626E-4 1.20354E-4 1.17798E-4 3.59596E-5 3.61751E-5 4.0788E-5 4.7136E-5 7.17172E-5 4.40926E-5 3.77009E-5 4.18602E-5 3.15028E-5 8.79485E-5 9.18034E-5 7.43934E-5 1.44397E-4 1.10805E-4 1.48286E-4 1.13555E-4 1.33391E-4 1.05584E-4 1.06465E-4 9.18246E-5 9.24463E-5 9.65295E-5 8.52411E-5 1.0645E-4 1.00313E-4 1.0492E-4 1.10561E-4 1.15025E-4 1.11177E-4 1.0917E-4 1.09209E-4 9.7561E-5 6.06441E-5 6.72117E-5
-9999 -9999 -9999 -9999 -9999 -9999 -9999 -9999 -9999 -9999 -9999 -9999 -9999 -9999 -9999 -9999 -9999 -9999 -9999 -9999 -9999 -9999 6.99087E-5 1.60453E-4 6.73988E-5 6.77979E-5 1.17081E-4 7.58511E-5 1.34309E-4 1.32293E-4 1.29486E-4 1.26458E-4 6.66086E-5 3.14724E-5 4.69364E-5 8.05153E-5 9.20501E-5 2.8736E-5 2.69252E-5 3.24795E-5 4.88853E-5 7.45688E-5 7.83754E-5 8.68678E-5 8.37793E-5 1.94674E-4 1.24266E-4 9.15098E-5 8.60032E-5 8.80646E-5 1.16392E-4 7.16973E-5 1.2957E-4 1.84391E-4 1.07631E-4 1.00694E-4 8.39537E-5 1.08872E-4 1.01718E-4 1.05964E-4 1.03829E-4 7.35409E-5 7.854E-5 8.26532E-5 7.0954E-5 8.31664E-5
-9999 -9999 -9999 -9999 -9999 -9999 -9999 -9999 -9999 -9999 -9999 -9999 -9999 -9999 -9999 -9999 -9999 -9999 -9999 -9999 -9999 -9999 -9999 8.87066E-5 6.32258E-5 6.3942E-5 6.15197E-5 1.43739E-4 7.72046E-5 7.29137E-5 1.40281E-4 1.32751E-4 1.35427E-4 8.21319E-5 3.69937E-5 5.19199E-5 5.57794E-5 2.70982E-5 2.95449E-5 2.99551E-5 3.93105E-5 3.26207E-5 7.4814E-5 8.43647E-5 7.25447E-5 1.10994E-4 1.86815E-4 1.23951E-4 9.07327E-5 1.03037E-4 7.54693E-5 1.09425E-4 1.30081E-4 2.31561E-4 1.11371E-4 8.13597E-5 9.51398E-5 1.00847E-4 9.15864E-5 9.84954E-5 9.04713E-5 6.2072E-5 6.6765E-5 5.75562E-5 8.52312E-5 9.74674E-5
-9999 -9999 -9999 -9999 -9999 -9999 -9999 -9999 -9999 -9999 -9999 -9999 -9999 -9999 -9999 -9999 -9999 -9999 -9999 -9999 -9999 -9999 -9999 6.97859E-5 5.9276E-5 5.99528E-5 6.1003E-5 1.03078E-4 1.42385E-4 1.4002E-4 8.77823E-5 1.34162E-4 1.31761E-4 8.05234E-5 2.80892E-5 3.54982E-5 3.94465E-5 4.3381E-5 4.19699E-5 6.71247E-5 3.89851E-5 3.70242E-5 6.95219E-5 5.61276E-5 7.88635E-5 9.43991E-5 1.35515E-4 1.98374E-4 1.13314E-4 9.53906E-5 6.33682E-5 1.05588E-4 1.08545E-4 1.96624E-4 1.89473E-4 7.23406E-5 7.72866E-5 7.63309E-5 9.33857E-5 8.82301E-5 7.67732E-5 5.64555E-5 6.87578E-5 8.91923E-5 9.48104E-5 9.31554E-5
-9999 -9999 -9999 -9999 -9999 -9999 -9999 -9999 -9999 -9999 -9999 -9999 -9999 -9999 -9999 -9999 -9999 -9999 -9999 -9999 -9999 -9999 -9999 9.51705E-5 5.81684E-5 5.64739E-5 5.84559E-5 5.7679E-5 1.17604E-4 8.66288E-5 1.13729E-4 8.13223E-5 1.26194E-4 7.6041E-5 7.58956E-5 3.4055E-5 3.59196E-5 4.89942E-5 4.56202E-5 3.09896E-5 3.91287E-5 2.83823E-5 5.67441E-5 6.10863E-5 6.77062E-5 9.64016E-5 1.20243E-4 1.26688E-4 1.45373E-4 1.85371E-4 1.03345E-4 9.54531E-5 7.43036E-5 3.0556E-4 1.87373E-4 9.45256E-5 7.85154E-5 8.95266E-5 7.96157E-5 9.71369E-5 6.33493E-5 5.92524E-5 7.47915E-5 9.37342E-5 8.2247E-5 7.68081E-5
-9999 -9999 -9999 -9999 -9999 -9999 -9999 -9999 -9999 -9999 -9999 -9999 -9999 -9999 -9999 -9999 -9999 -9999 -9999 -9999 -9999 -9999 -9999 5.58706E-5 5.3761E-5 5.38654E-5 5.62882E-5 5.62053E-5 1.0266E-4 7.98758E-5 1.05859E-4 8.28277E-5 1.20827E-4 1.14079E-4 7.15816E-5 4.28038E-5 1.92481E-5 3.39265E-5 5.38121E-5 2.79018E-5 2.74128E-5 2.40384E-5 3.07211E-5 3.29734E-5 3.52649E-5 1.02729E-4 1.45277E-4 1.47965E-4 1.24585E-4 1.38668E-4 1.16626E-4 1.01615E-4 8.71275E-5 9.16255E-5 1.30053E-4 1.19868E-4 1.01578E-4 9.42357E-5 9.56919E-5 6.9779E-5 6.68226E-5 6.84101E-5 9.87181E-5 7.75217E-5 6.28719E-5 7.4169E-5
-9999 -9999 -9999 -9999 -9999 -9999 -9999 -9999 -9999 -9999 -9999 -9999 -9999 -9999 -9999 -9999 -9999 -9999 -9999 -9999 -9999 -9999 -9999 -9999 7.90181E-5 7.91574E-5 5.42651E-5 5.44178E-5 6.17068E-5 1.08031E-4 1.03061E-4 5.63314E-5 1.1015E-4 1.17072E-4 6.88692E-5 7.10101E-5 1.99011E-5 1.89875E-5 4.53163E-5 3.84107E-5 4.74939E-5 2.76648E-5 3.47296E-5 4.58605E-5 7.24741E-5 1.13577E-4 1.45015E-4 1.19502E-4 1.21605E-4 1.08398E-4 1.06734E-4 7.78323E-5 5.35402E-5 6.74794E-5 1.23441E-4 1.21027E-4 7.97117E-5 8.1614E-5 9.61249E-5 8.37299E-5 1.02401E-4 8.56638E-5 9.44791E-5 7.45607E-5 3.31368E-5 2.89139E-5
-9999 -9999 -9999 -9999 -9999 -9999 -9999 -9999 -9999 -9999 -9999 -9999 -9999 -9999 -9999 -9999 -9999 -9999 -9999 -9999 -9999 -9999 -9999 -9999 5.56884E-5 5.32166E-5 5.23126E-5 5.28645E-5 4.27951E-5 1.06788E-4 6.04638E-5 5.58029E-5 1.00652E-4 4.46566E-5 4.59073E-5 1.32853E-4 7.87833E-5 3.42207E-5 3.84204E-5 1.18022E-4 7.49714E-5 3.89357E-5 5.34104E-5 7.03638E-5 6.77821E-5 1.70241E-4 1.28549E-4 1.26231E-4 9.62224E-5 1.02882E-4 1.11165E-4 7.19851E-5 4.01371E-5 9.3804E-5 1.3396E-4 1.03344E-4 1.16853E-4 8.88782E-5 7.50443E-5 7.68117E-5 1.76739E-4 3.05631E-4 1.01652E-4 8.40461E-5 5.2608E-5 2.10147E-5
-9999 -9999 -9999 -9999 -9999 -9999 -9999 -9999 -9999 -9999 -9999 -9999 -9999 -9999 -9999 -9999 -9999 -9999 -9999 -9999 -9999 -9999 -9999 -9999 5.21609E-5 5.34585E-5 5.39618E-5 5.23519E-5 5.27387E-5 9.61243E-5 1.06526E-4 1.86104E-4 4.31385E-5 4.91623E-5 5.10334E-5 1.50139E-4 1.79022E-4 3.47332E-5 4.25346E-5 4.0138E-5 7.03882E-5 6.18193E-5 4.53289E-5 3.56109E-5 1.43399E-4 1.93186E-4 1.27862E-4 1.1873E-4 8.89291E-5 7.75502E-5 7.46747E-5 6.67145E-5 7.92281E-5 6.34084E-5 1.06041E-4 1.60691E-4 9.15193E-5 8.62319E-5 7.65296E-5 6.39763E-5 4.78035E-4 2.79544E-4 9.74663E-5 5.25934E-5 1.09038E-4 1.74779E-4
-9999 -9999 -9999 -9999 -9999 -9999 -9999 -9999 -9999 -9999 -9999 -9999 -9999 -9999 -9999 -9999 -9999 -9999 -9999 -9999 -9999 -9999 -9999 -9999 -9999 5.21325E-5 5.31585E-5 5.32192E-5 5.39093E-5 6.07688E-5 9.33396E-5 4.81474E-5 1.77766E-4 1.04911E-4 1.20334E-4 5.94122E-5 1.934E-4 1.06391E-3 5.97299E-5 4.47464E-5 4.58501E-5 7.13819E-5 7.49538E-5 3.5948E-5 7.40153E-5 1.51174E-4 1.27723E-4 1.18478E-4 1.06424E-4 8.74139E-5 1.04053E-4 9.54769E-5 8.30098E-5 7.39796E-5 1.07025E-4 2.30351E-4 1.60462E-4 5.74245E-5 4.96241E-5 4.11377E-5 8.39616E-5 5.18226E-5 8.35719E-5 3.86843E-5 7.20121E-5 3.88256E-5
-9999 -9999 -9999 -9999 -9999 -9999 -9999 -9999 -9999 -9999 -9999 -9999 -9999 -9999 -9999 -9999 -9999 -9999 -9999 -9999 -9999 -9999 -9999 -9999 -9999 4.89725E-5 6.09457E-5 5.46467E-5 5.3697E-5 5.24084E-5 1.02924E-4 1.85967E-4 5.35776E-5 1.08675E-4 1.22908E-4 1.30075E-4 2.1627E-4 5.78981E-4 1.42358E-4 5.13564E-5 3.61601E-5 7.52298E-5 6.44465E-5 2.8226E-5 2.84937E-5 1.35781E-4 1.6267E-4 1.50305E-4 2.41797E-4 8.87164E-5 1.44172E-4 9.74226E-5 2.13238E-4 1.45097E-4 1.57224E-4 7.26917E-4 6.94545E-4 7.91937E-5 7.08984E-5 2.99829E-5 5.04989E-5 5.51486E-5 3.83927E-5 6.73322E-5 7.49444E-5 7.11432E-5
-9999 -9999 -9999 -9999 -9999 -9999 -9999 -9999 -9999 -9999 -9999 -9999 -9999 -9999 -9999 -9999 -9999 -9999 -9999 -9999 -9999 -9999 -9999 -9999 -9999 -9999 5.20342E-5 5.33171E-5 5.42104E-5 5.27086E-5 1.02958E-4 6.37631E-5 1.71913E-4 1.47181E-4 1.24323E-4 1.22957E-4 2.26511E-4 2.06715E-4 1.03823E-4 6.39022E-5 3.97844E-5 6.42852E-6 2.78113E-5 5.00057E-5 7.34912E-5 7.66149E-5 2.51357E-4 1.07374E-4 2.96719E-4 1.56256E-4 1.07296E-4 1.62685E-4 1.49336E-4 1.10102E-4 2.02524E-4 3.11921E-4 2.04203E-3 1.2677E-4 6.72911E-5 2.98421E-5 6.8966E-5 6.14161E-5 6.14391E-5 6.8728E-5 4.41224E-5 2.41824E-4
-9999 -9999 -9999 -9999 -9999 -9999 -9999 -9999 -9999 -9999 -9999 -9999 -9999 -9999 -9999 -9999 -9999 -9999 -9999 -9999 -9999 -9999 -9999 -9999 -9999 -9999 5.0862E-5 5.35552E-5 5.34618E-5 5.348E-5 1.17033E-4 6.72268E-5 3.99948E-4 1.46595E-4 1.48115E-4 1.34527E-4 1.23609E-4 7.70728E-5 9.59787E-5 9.1903E-5 4.4512E-5 2.48418E-5 3.79111E-5 4.5895E-5 9.6404E-5 6.20649E-5 1.16066E-4 9.36513E-5 2.0332E-4 1.68889E-4 1.33503E-4 1.48892E-4 1.47889E-4 1.28785E-4 4.26983E-4 3.56328E-4 3.35708E-4 8.62562E-5 1.52468E-4 2.12958E-5 7.78483E-5 1.64568E-5 5.0351E-5 6.62227E-5 3.55204E-5 2.00086E-4
-9999 -9999 -9999 -9999 -9999 -9999 -9999 -9999 -9999 -9999 -9999 -9999 -9999 -9999 -9999 -9999 -9999 -9999 -9999 -9999 -9999 -9999 -9999 -9999 -9999 -9999 -9999 5.42094E-5 4.6447E-5 4.24703E-5 4.16069E-5 1.26142E-4 3.82174E-4 1.48003E-4 1.55939E-4 7.59245E-5 1.42195E-4 1.13638E-4 1.45972E-4 1.02886E-4 2.60825E-5 3.71088E-5 4.1736E-5 4.06314E-5 4.21129E-5 2.72056E-5 1.54521E-4 7.51536E-5 1.39184E-4 1.62794E-4 1.54979E-4 1.36771E-4 1.51603E-4 4.45459E-4 3.86077E-4 3.39218E-4 4.03119E-4 1.52443E-4 1.41263E-4 9.62423E-5 4.26461E-5 2.57812E-5 2.37877E-5 4.54095E-5 2.16046E-5 1.05563E-4
-9999 -9999 -9999 -9999 -9999 -9999 -9999 -9999 -9999 -9999 -9999 -9999 -9999 -9999 -9999 -9999 -9999 -9999 -9999 -9999 -9999 -9999 -9999 -9999 -9999 -9999 -9999 5.22714E-5 5.54826E-5 4.2062E-5 4.33487E-5 1.01805E-4 1.40024E-4 3.91563E-4 1.68622E-4 1.71802E-4 7.97568E-5 1.32106E-4 1.35137E-4 9.08023E-5 2.71563E-5 3.80718E-5 1.73237E-5 1.47106E-5 2.4141E-5 3.03973E-5 9.33129E-5 2.07389E-4 2.6678E-4 1.89786E-4 2.20434E-4 1.91017E-4 2.29799E-4 2.17471E-4 1.92951E-4 1.93075E-4 1.61658E-4 6.11026E-5 4.52853E-5 7.05345E-5 2.31772E-5 3.96442E-5 5.76745E-5 4.42601E-5 2.06919E-5 3.86754E-5
-9999 -9999 -9999 -9999 -9999 -9999 -9999 -9999 -9999 -9999 -9999 -9999 -9999 -9999 -9999 -9999 -9999 -9999 -9999 -9999 -9999 -9999 -9999 -9999 -9999 -9999 -9999 -9999 5.26107E-5 4.19089E-5 4.25759E-5 4.16236E-5 6.24902E-5 1.55508E-4 1.73996E-4 1.82058E-4 2.32463E-4 1.74054E-4 1.53421E-4 1.93882E-4 1.03943E-4 8.29803E-5 2.6886E-5 1.25328E-5 3.54797E-5 5.30979E-5 6.38925E-5 1.2613E-4 1.71431E-4 1.3256E-4 1.9264E-4 1.53595E-4 2.98535E-4 2.3791E-4 1.91669E-4 1.51034E-4 4.51977E-4 9.18528E-5 7.31685E-5 6.31943E-5 6.58314E-5 5.54682E-5 5.01952E-5 3.55622E-5 2.98206E-5 5.19572E-5
-9999 -9999 -9999 -9999 -9999 -9999 -9999 -9999 -9999 -9999 -9999 -9999 -9999 -9999 -9999 -9999 -9999 -9999 -9999 -9999 -9999 -9999 -9999 -9999 -9999 -9999 -9999 -9999 5.2108E-5 5.21291E-5 4.24889E-5 4.63028E-5 7.68126E-5 1.22043E-4 8.32678E-5 1.49472E-4 1.68763E-4 1.62854E-4 7.10727E-5 1.80145E-4 2.29629E-4 1.38153E-4 3.88116E-5 1.65914E-5 5.22234E-5 3.76421E-5 8.64296E-5 6.6309E-5 1.13225E-4 8.65157E-5 1.37185E-4 3.47912E-4 3.74466E-4 3.56873E-4 1.26893E-4 1.28613E-4 1.26355E-4 1.28748E-4 1.4045E-4 1.07094E-4 1.19193E-4 1.03447E-4 2.92116E-5 3.02221E-5 6.23773E-5 4.46051E-5
-9999 -9999 -9999 -9999 -9999 -9999 -9999 -9999 -9999 -9999 -9999 -9999 -9999 -9999 -9999 -9999 -9999 -9999 -9999 -9999 -9999 -9999 -9999 -9999 -9999 -9999 -9999 -9999 -9999 5.22218E-5 5.395E-5 4.50842E-5 4.80628E-5 1.17177E-4 9.26312E-5 6.28589E-5 1.42617E-4 1.60447E-4 7.56756E-5 1.28757E-4 1.15791E-4 1.83443E-4 5.98373E-5 4.61983E-5 5.20743E-5 1.12109E-4 1.06142E-4 1.40069E-4 1.4484E-4 1.2335E-4 5.86161E-5 7.52403E-5 1.68085E-4 1.54388E-4 1.19696E-4 1.2824E-4 1.00154E-4 1.03162E-4 3.02268E-4 1.03758E-4 9.06687E-5 3.59315E-5 2.22554E-5 3.75838E-5 4.3316E-5 3.90884E-5
-9999 -9999 -9999 -9999 -9999 -9999 -9999 -9999 -9999 -9999 -9999 -9999 -9999 -9999 -9999 -9999 -9999 -9999 -9999 -9999 -9999 -9999 -9999 -9999 -9999 -9999 -9999 -9999 -9999 -9999 5.25046E-5 5.43119E-5 4.3958E-5 1.05713E-4 1.09318E-4 1.75368E-4 1.55803E-4 1.56841E-4 8.37942E-5 1.18372E-4 1.20866E-3 2.84229E-4 1.52614E-4 1.25323E-4 7.95978E-5 1.551E-4 8.98841E-5 1.51692E-4 1.51884E-4 1.22567E-4 1.17579E-4 1.39648E-4 8.64191E-5 1.14153E-4 1.22032E-4 1.0234E-4 7.90953E-5 8.02984E-5 3.35967E-4 1.53287E-4 3.3903E-5 3.22491E-5 2.85307E-5 3.21324E-5 3.95576E-5 3.36323E-5
-9999 -9999 -9999 -9999 -9999 -9999 -9999 -9999 -9999 -9999 -9999 -9999 -9999 -9999 -9999 -9999 -9999 -9999 -9999 -9999 -9999 -9999 -9999 -9999 -9999 -9999 -9999 -9999 -9999 -9999 -9999 5.10771E-5 5.42288E-5 3.32467E-5 9.96986E-5 4.24685E-4 1.6565E-4 1.70968E-4 1.52236E-4 8.48338E-5 8.30259E-5 1.652E-4 7.56728E-5 1.02273E-4 1.12802E-4 1.12393E-4 1.48017E-4 1.8762E-4 1.66144E-4 1.20697E-4 1.17703E-4 1.303E-4 1.36067E-4 8.74039E-5 7.56724E-5 7.84806E-5 1.02001E-4 8.38187E-5 1.74589E-4 1.17067E-4 3.26909E-5 2.40891E-5 2.82489E-5 3.57011E-5 4.48361E-5 4.10367E-5
-9999 -9999 -9999 -9999 -9999 -9999 -9999 -9999 -9999 -9999 -9999 -9999 -9999 -9999 -9999 -9999 -9999 -9999 -9999 -9999 -9999 -9999 -9999 -9999 -9999 -9999 -9999 -9999 -9999 -9999 -9999 -9999 5.16772E-5 5.39854E-5 5.44367E-5 6.28944E-5 4.15619E-4 1.66019E-4 1.74356E-4 8.08486E-5 1.63141E-4 3.93273E-4 1.49506E-4 6.70425E-5 1.56977E-4 2.328E-4 1.76217E-4 1.49254E-4 1.69499E-4 1.31905E-4 1.29678E-4 1.37697E-4 1.34637E-4 8.22081E-5 8.45349E-5 9.89437E-5 8.15104E-5 8.48818E-5 4.57614E-4 3.17019E-4 3.4993E-5 3.18877E-5 2.72224E-5 4.52856E-5 3.95717E-5 4.08122E-5
-9999 -9999 -9999 -9999 -9999 -9999 -9999 -9999 -9999 -9999 -9999 -9999 -9999 -9999 -9999 -9999 -9999 -9999 -9999 -9999 -9999 -9999 -9999 -9999 -9999 -9999 -9999 -9999 -9999 -9999 -9999 -9999 5.16487E-5 4.64459E-5 5.46939E-5 8.73244E-5 3.00802E-4 4.19963E-4 1.61865E-4 7.52969E-5 1.62658E-4 1.46568E-4 4.63595E-5 1.41059E-4 1.30342E-4 1.47837E-4 1.49209E-4 1.24238E-4 1.42426E-4 1.36519E-4 1.3898E-4 1.48026E-4 1.37002E-4 9.23302E-5 1.0558E-4 8.94553E-5 7.05441E-5 1.81189E-4 3.71835E-4 6.47067E-4 4.26735E-5 4.93829E-5 4.53619E-5 5.2779E-5 5.06627E-5 4.73278E-5
-9999 -9999 -9999 -9999 -9999 -9999 -9999 -9999 -9999 -9999 -9999 -9999 -9999 -9999 -9999 -9999 -9999 -9999 -9999 -9999 -9999 -9999 -9999 -9999 -9999 -9999 -9999 -9999 -9999 -9999 -9999 -9999 -9999 5.15252E-5 5.37404E-5 3.67802E-5 6.14723E-5 4.36935E-4 1.45173E-4 6.52337E-5 1.64472E-4 4.80088E-5 4.23496E-5 3.8433E-5 4.10828E-5 1.2347E-4 5.41633E-5 1.28026E-4 1.20026E-4 1.61479E-4 2.0045E-4 1.05325E-4 1.11702E-4 5.9822E-5 7.64763E-5 2.04E-4 1.01341E-4 3.44953E-5 3.59979E-5 3.34226E-4 1.80762E-4 4.59391E-5 3.9932E-5 4.44448E-5 5.74919E-5 1.07811E-4
-9999 -9999 -9999 -9999 -9999 -9999 -9999 -9999 -9999 -9999 -9999 -9999 -9999 -9999 -9999 -9999 -9999 -9999 -9999 -9999 -9999 -9999 -9999 -9999 -9999 -9999 -9999 -9999 -9999 -9999 -9999 -9999 -9999 -9999 5.23451E-5 4.25681E-5 1.06044E-4 8.78382E-5 2.59357E-4 4.91918E-5 8.91433E-5 5.70934E-5 4.079E-5 3.72845E-5 3.52069E-5 1.83243E-4 4.12068E-5 4.87029E-5 1.11305E-4 1.02016E-4 1.25996E-4 6.29125E-5 5.9834E-5 5.39833E-5 6.57503E-5 2.48042E-4 7.33749E-5 4.37447E-5 3.86824E-5 8.83786E-5 3.60089E-4 4.29359E-4 2.17211E-4 3.89675E-5 5.55918E-5 4.87282E-5
-9999 -9999 -9999 -9999 -9999 -9999 -9999 -9999 -9999 -9999 -9999 -9999 -9999 -9999 -9999 -9999 -9999 -9999 -9999 -9999 -9999 -9999 -9999 -9999 -9999 -9999 -9999 -9999 -9999 -9999 -9999 -9999 -9999 -9999 5.21209E-5 4.37765E-5 6.40766E-5 1.08676E-4 1.08714E-4 9.90857E-5 6.74145E-5 9.18512E-5 5.13526E-5 9.88733E-5 3.70995E-5 3.20658E-5 3.27881E-5 9.73814E-5 9.83504E-5 5.4282E-5 4.90364E-5 4.64136E-5 4.98564E-5 8.26877E-5 6.34989E-5 1.72205E-4 3.63649E-5 3.44596E-5 4.672E-5 4.91546E-5 1.0235E-4 9.97132E-4 1.09024E-4 1.31895E-5 2.74801E-5 4.523E-5
-9999 -9999 -9999 -9999 -9999 -9999 -9999 -9999 -9999 -9999 -9999 -9999 -9999 -9999 -9999 -9999 -9999 -9999 -9999 -9999 -9999 -9999 -9999 -9999 -9999 -9999 -9999 -9999 -9999 -9999 -9999 -9999 -9999 -9999 -9999 4.42003E-5 3.99477E-5 1.07941E-4 1.02886E-4 9.97226E-5 1.11854E-4 1.20854E-4 5.0662E-5 1.05899E-4 1.00226E-4 1.156E-4 5.39277E-5 8.89378E-5 7.19128E-5 4.98407E-5 4.49677E-5 4.50872E-5 4.41406E-5 5.25686E-5 5.78144E-5 4.96098E-5 2.59923E-5 2.27167E-5 3.78005E-5 7.17458E-5 5.16262E-4 4.50073E-4 6.25444E-5 2.24552E-5 2.39278E-5 4.57705E-5
