catData/rasterBestHybridModels/Prubiginosus/RDbal_RM2_LQ/Prubiginosus_min.asc
ncols         409
nrows         350
xllcorner     60.897278365
yllcorner     5.843756025
cellsize      0.0892857
NODATA_value  -9999
[rows 87 to 115 of 350, columns 132 to 197 of 409]
2.45474E-5 1.83893E-5 1.46486E-5 6.2893E-6 8.95511E-6 1.37024E-5 1.57153E-5 9.44065E-6 8.25073E-6 6.20192E-6 5.06136E-6 1.64854E-5 1.77097E-5 1.7988E-5 1.88557E-5 1.65465E-5 2.05519E-5 1.8631E-5 1.32642E-5 1.05769E-5 3.63869E-6 7.56598E-6 2.14726E-5 2.13239E-5 2.28287E-5 1.90524E-5 5.4693E-6 5.59581E-6 3.73565E-6 2.65598E-6 7.26601E-7 6.98984E-7 1.13588E-6 2.95416E-6 2.01923E-6 2.55435E-6 1.27656E-6 6.39153E-7 6.0976E-7 7.11755E-7 1.67121E-6 7.48258E-7 6.62501E-7 4.52528E-7 5.92508E-7 7.19592E-7 9.58107E-7 9.61375E-7 6.47129E-7 1.85157E-6 3.13801E-6 1.43434E-6 3.5826E-6 3.05449E-6 4.06411E-6 1.44773E-6 4.75258E-6 6.96413E-6 2.14142E-6 6.54643E-6 9.22249E-6 1.19143E-5 1.51139E-5 2.01509E-5 2.16594E-5 2.43041E-5
1.61161E-5 1.46911E-5 1.14352E-5 1.31928E-5 9.12742E-6 7.07341E-6 1.15141E-5 6.24185E-6 9.98135E-6 9.35439E-6 1.50878E-5 1.61278E-5 1.80146E-5 2.03698E-5 2.00268E-5 1.97814E-5 2.14164E-5 2.41504E-5 2.48374E-5 1.3953E-5 1.95356E-5 2.31852E-5 2.3672E-5 2.20292E-5 1.95559E-5 1.69626E-5 1.47729E-5 1.27791E-5 9.22549E-6 3.80111E-6 1.35579E-6 1.05976E-6 7.99906E-7 4.57231E-6 7.44305E-6 8.05916E-7 8.57773E-7 7.12162E-7 7.4961E-7 6.7623E-7 6.54977E-7 7.10311E-7 6.79447E-7 7.50658E-7 9.22435E-7 1.99671E-6 1.28254E-6 7.30181E-7 5.30676E-7 1.94454E-6 4.18257E-6 2.03841E-6 1.66123E-6 3.37956E-6 2.70215E-6 1.54918E-6 4.37526E-6 2.55276E-6 4.42384E-6 7.9089E-6 1.50356E-5 3.86848E-6 1.02716E-5 5.36974E-6 9.473E-6 1.72745E-5
1.49952E-5 1.46625E-5 1.31732E-5 2.02521E-5 1.26099E-5 2.12309E-6 1.24997E-6 1.45716E-5 1.72013E-5 1.2954E-5 1.75172E-5 1.69731E-5 1.73159E-5 2.20852E-5 2.21065E-5 2.63692E-5 2.80261E-5 2.13612E-5 1.82375E-5 2.2185E-5 2.34995E-5 2.62778E-5 2.5206E-5 2.46774E-5 2.21455E-5 2.03579E-5 1.94959E-5 1.78411E-5 1.97515E-5 1.66956E-5 6.3796E-6 6.53533E-6 9.4951E-7 2.16566E-6 2.25726E-6 1.69269E-6 2.23022E-6 1.16092E-6 1.2303E-6 1.33738E-6 1.0781E-6 9.60607E-7 1.13403E-6 2.16358E-6 2.36315E-6 1.28972E-6 1.09207E-6 8.30883E-7 6.48295E-7 2.603E-6 9.40149E-6 9.26196E-6 1.00091E-5 1.83013E-5 1.32575E-6 1.21176E-6 1.1892E-6 1.72537E-6 5.49968E-6 2.33475E-6 2.27259E-5 2.31715E-6 3.20845E-6 8.48782E-6 2.55473E-6 3.08971E-6
1.56943E-5 1.49682E-5 1.37994E-5 9.90055E-6 9.32689E-6 9.03424E-6 1.21972E-5 1.72376E-5 9.3198E-6 2.01926E-5 2.2684E-5 2.50119E-5 2.09105E-5 2.30697E-5 2.25151E-5 2.68417E-5 2.84946E-5 2.98014E-5 2.96744E-5 2.97267E-5 2.93834E-5 2.84994E-5 2.45858E-5 2.66073E-5 2.72637E-5 2.33254E-5 2.49381E-5 2.3122E-5 2.30801E-5 2.23299E-5 2.29478E-5 1.65799E-5 9.43756E-6 7.65218E-6 7.09205E-6 5.74047E-6 1.49923E-6 1.17576E-6 1.0786E-6 1.59676E-6 1.14885E-6 1.27856E-6 1.14241E-6 1.40417E-6 1.35877E-6 2.46932E-6 3.92359E-6 1.3026E-6 5.47265E-6 9.88768E-6 1.31379E-5 1.63246E-5 1.9574E-5 1.52841E-5 9.70516E-7 5.6341E-6 2.49638E-6 6.63066E-7 1.43814E-6 1.62695E-6 1.79954E-5 2.62423E-6 2.43411E-6 9.15845E-6 4.92367E-6 8.57213E-6
1.2919E-5 1.41773E-5 7.88296E-6 1.04401E-5 2.21654E-5 2.66702E-5 1.05663E-5 1.89006E-5 1.83769E-5 2.88919E-5 2.80399E-5 2.68762E-5 2.55822E-5 2.24123E-5 2.28742E-5 2.73224E-5 2.90262E-5 3.03899E-5 2.412E-5 3.15501E-5 3.14257E-5 3.06648E-5 2.71031E-5 2.9865E-5 2.92034E-5 2.51626E-5 2.64698E-5 2.28709E-5 2.36447E-5 2.36514E-5 2.54447E-5 2.40821E-5 1.44065E-5 1.41607E-5 1.06645E-5 1.03505E-5 9.031E-6 2.77965E-6 1.70192E-6 1.1601E-6 1.15713E-6 2.36859E-6 1.35646E-6 7.38861E-6 5.43312E-6 6.07479E-6 4.4684E-6 2.31397E-6 1.6317E-6 6.51195E-6 1.10271E-5 2.12856E-5 1.55206E-5 1.11493E-5 3.71992E-6 8.42064E-6 1.22202E-5 1.72828E-6 1.33096E-6 1.87943E-6 1.60301E-5 3.11266E-6 1.92457E-6 2.07854E-6 2.56815E-6 3.15495E-6
9.34007E-6 1.1315E-5 1.39364E-5 1.71558E-5 1.30334E-5 2.06019E-5 2.17612E-5 1.76668E-5 2.67981E-5 2.58916E-5 2.52741E-5 2.62853E-5 2.41214E-5 2.3918E-5 2.58635E-5 2.78199E-5 2.66532E-5 3.11496E-5 1.06289E-5 3.04502E-5 3.36604E-5 3.30707E-5 2.92611E-5 3.24256E-5 3.12131E-5 2.9896E-5 2.85583E-5 2.70686E-5 2.60926E-5 2.41949E-5 2.41561E-5 2.4011E-5 9.77045E-6 1.37574E-5 1.52356E-5 1.68713E-5 1.4188E-5 7.28381E-6 6.39027E-6 1.66572E-6 1.20157E-6 2.12503E-6 1.48114E-6 3.35725E-6 5.69081E-6 4.27327E-6 1.06297E-5 2.369E-6 4.32789E-6 4.58133E-6 9.65363E-6 1.42533E-5 1.81376E-5 8.46581E-6 7.25404E-6 1.43922E-6 1.88309E-6 1.55753E-6 1.34032E-6 1.24508E-6 7.31929E-6 7.94792E-6 3.28523E-6 1.46159E-6 6.83983E-6 1.20246E-5
1.57499E-5 1.31734E-5 1.37574E-5 1.40776E-5 1.28061E-5 1.78676E-5 2.75075E-5 1.91704E-5 2.84912E-5 2.73312E-5 2.90393E-5 2.75614E-5 2.62859E-5 2.42231E-5 2.34399E-5 2.81089E-5 3.01952E-5 2.80119E-5 2.98733E-5 1.1754E-5 1.17753E-5 1.31187E-5 1.32651E-5 1.34432E-5 2.98604E-5 2.81069E-5 2.7503E-5 2.92717E-5 2.65872E-5 2.68288E-5 2.22896E-5 2.06182E-5 1.99853E-5 1.97525E-5 1.09664E-5 1.89763E-5 1.87991E-5 1.37883E-5 9.05872E-6 6.60259E-6 2.04286E-6 2.07501E-6 2.25575E-6 2.55804E-6 6.14421E-6 5.47928E-6 5.9883E-6 5.56829E-6 1.36839E-5 1.19918E-5 2.34817E-5 9.75934E-6 5.92452E-6 9.65743E-6 1.38349E-5 1.32511E-5 3.01655E-6 3.40647E-6 1.45242E-6 2.78422E-6 2.08306E-6 1.60849E-5 4.9376E-6 1.82056E-6 1.82468E-6 1.44436E-5
1.65795E-5 1.60139E-5 1.85957E-5 1.74016E-5 2.55055E-5 2.90582E-5 3.25901E-5 2.87665E-5 2.69402E-5 2.78399E-5 2.95683E-5 2.41899E-5 2.27144E-5 1.80874E-5 1.72395E-5 2.22776E-5 3.08691E-5 3.27257E-5 3.27972E-5 3.25142E-5 3.24874E-5 1.28021E-5 1.30303E-5 1.19742E-5 1.28074E-5 3.13807E-5 3.0137E-5 2.56835E-5 2.51079E-5 2.76559E-5 2.27403E-5 5.16545E-6 8.20594E-6 5.02107E-6 8.68594E-6 8.79764E-6 1.02559E-5 4.47952E-6 1.02625E-5 4.30154E-6 2.86889E-6 2.4288E-6 7.28325E-6 4.17385E-6 7.86255E-6 9.78468E-6 5.55644E-6 1.08189E-5 1.59288E-5 2.44782E-5 2.45767E-5 2.44199E-5 1.34501E-5 1.31542E-5 3.41405E-6 2.24497E-6 8.65263E-6 2.91136E-6 3.40634E-6 3.60857E-6 7.66669E-7 5.61843E-6 3.19491E-6 4.28454E-6 3.96859E-6 9.48587E-6
2.57051E-5 2.91399E-5 3.23793E-5 3.276E-5 3.07037E-5 3.27119E-5 3.24218E-5 3.13354E-5 2.73725E-5 3.0164E-5 2.78978E-5 1.84877E-5 1.97975E-5 2.21775E-5 2.31753E-5 2.69194E-5 3.18205E-5 2.98501E-5 3.19153E-5 3.12615E-5 2.80396E-5 2.84427E-5 1.27393E-5 1.32253E-5 1.26698E-5 1.09229E-5 2.95435E-5 2.8451E-5 2.37958E-5 2.37611E-5 1.02734E-5 5.345E-6 4.71493E-6 1.723E-5 1.2369E-5 1.4827E-5 1.68539E-5 2.23602E-5 8.72073E-6 5.25667E-6 7.0927E-6 3.23987E-6 9.36594E-6 1.65421E-5 1.20931E-5 9.00499E-6 7.85079E-6 1.35772E-5 1.21676E-5 2.43877E-5 2.68616E-5 2.47575E-5 1.73368E-5 1.51776E-5 5.34563E-6 4.71322E-6 1.25421E-5 1.50629E-5 1.49847E-5 1.62991E-5 4.04941E-6 4.59845E-6 1.01867E-5 1.40002E-5 1.80046E-6 1.37749E-5
2.72438E-5 2.89172E-5 3.1526E-5 3.25376E-5 3.30365E-5 3.26195E-5 2.87301E-5 3.09381E-5 2.94703E-5 2.83667E-5 2.82578E-5 1.87021E-5 2.59546E-5 2.82521E-5 2.95169E-5 3.14247E-5 2.99763E-5 2.96257E-5 2.84541E-5 3.01936E-5 2.89875E-5 2.75485E-5 2.90748E-5 1.32381E-5 1.26375E-5 1.08478E-5 1.04444E-5 2.74274E-5 1.06815E-5 1.12247E-5 1.13577E-5 1.05129E-5 4.71788E-6 5.65033E-6 6.8911E-6 9.83508E-6 1.99776E-5 1.51601E-5 5.13398E-6 7.64284E-6 8.45403E-6 7.27135E-6 1.42646E-5 1.11382E-5 1.84587E-5 1.20782E-5 1.26778E-5 7.94613E-6 1.32492E-5 2.43703E-5 2.70456E-5 2.43628E-5 1.60908E-5 1.18377E-5 7.14758E-6 3.88398E-6 1.26423E-5 2.15016E-5 2.43892E-5 2.47184E-5 2.99513E-5 3.89158E-6 1.70041E-5 1.04869E-5 1.28984E-5 9.70875E-6
1.53656E-5 1.6841E-5 3.33711E-5 2.97562E-5 3.22035E-5 2.81393E-5 3.06906E-5 2.97878E-5 2.88636E-5 2.4073E-5 2.63027E-5 2.71075E-5 2.94989E-5 3.07008E-5 2.88966E-5 3.36238E-5 3.52104E-5 3.39047E-5 3.18035E-5 2.99926E-5 2.81686E-5 3.04609E-5 3.2668E-5 3.33662E-5 3.18124E-5 1.04856E-5 9.71726E-6 9.17328E-6 2.48116E-5 3.20082E-5 1.06043E-5 4.56489E-6 3.04208E-6 1.6996E-6 2.73475E-6 3.78019E-6 4.79743E-6 7.27802E-6 7.6708E-6 6.65778E-6 2.00492E-6 1.3211E-6 1.50428E-6 3.9866E-6 8.59627E-6 4.56629E-6 3.88833E-6 6.1358E-6 1.25105E-5 1.56864E-5 2.06995E-5 2.36752E-5 1.07093E-5 1.0535E-5 4.5682E-6 2.30098E-6 1.34959E-5 1.49127E-5 1.89198E-5 2.23894E-5 1.77627E-5 3.10376E-6 1.57236E-5 8.29455E-6 7.86479E-6 1.09376E-5
2.51383E-5 3.33259E-5 3.28453E-5 2.94112E-5 3.23408E-5 2.72823E-5 2.91786E-5 2.85326E-5 2.32292E-5 2.67979E-5 2.9224E-5 2.98648E-5 3.0369E-5 2.92372E-5 3.27454E-5 3.32696E-5 3.4133E-5 3.21916E-5 3.22103E-5 2.77579E-5 2.90014E-5 3.12653E-5 2.92272E-5 3.16969E-5 3.14586E-5 2.86173E-5 1.2589E-5 2.48045E-5 1.67738E-5 6.92638E-5 2.17673E-5 7.56815E-6 3.16403E-6 1.74396E-6 1.84657E-6 7.27664E-6 1.00052E-5 1.28076E-5 3.51555E-6 1.55162E-6 1.12244E-6 3.81042E-6 1.23429E-6 7.56736E-6 2.48353E-6 1.53065E-6 2.19756E-6 9.16058E-6 1.7972E-5 2.26543E-5 1.74836E-5 9.84907E-6 7.44179E-6 8.51487E-6 1.02696E-5 9.14368E-6 6.1367E-6 1.10888E-5 1.54389E-5 2.35544E-5 1.91367E-5 1.86329E-5 6.40797E-6 8.95132E-6 2.45563E-6 8.29102E-6
2.81136E-5 3.29469E-5 3.22416E-5 3.21098E-5 3.19164E-5 3.00291E-5 2.67505E-5 2.67777E-5 2.71927E-5 2.97351E-5 3.10073E-5 3.26067E-5 2.92605E-5 2.85076E-5 3.14341E-5 3.19513E-5 2.93867E-5 3.31364E-5 3.35319E-5 2.85566E-5 2.66327E-5 3.17068E-5 2.85754E-5 1.16635E-5 1.17591E-5 9.97735E-6 8.37658E-6 2.0392E-5 3.18952E-5 3.05247E-5 6.16529E-5 2.20068E-5 3.3588E-6 2.20145E-6 2.28317E-6 1.13167E-5 4.56184E-6 3.89176E-6 1.76808E-6 1.07637E-6 7.89819E-7 8.855E-6 6.85191E-6 2.03783E-5 1.72551E-5 5.38468E-6 1.13045E-5 2.53671E-6 1.24146E-5 2.23521E-5 1.53138E-5 1.36094E-5 1.27367E-5 2.17661E-5 1.4531E-5 9.74156E-6 9.6904E-6 1.54544E-5 1.79387E-5 2.45576E-5 1.62053E-5 2.43855E-5 1.60382E-5 4.69658E-6 1.45997E-5 2.5985E-6
3.3993E-5 3.30785E-5 3.19854E-5 3.07714E-5 2.98169E-5 3.1238E-5 3.1097E-5 2.42257E-5 1.80006E-5 3.1835E-5 3.06514E-5 3.07213E-5 3.13451E-5 3.17435E-5 2.3954E-5 3.17481E-5 3.15778E-5 3.19658E-5 3.22061E-5 3.23018E-5 2.3465E-5 3.05667E-5 2.68766E-5 9.68383E-6 1.0751E-5 8.56361E-6 7.21258E-6 9.84854E-6 1.09538E-5 2.68768E-5 5.72278E-5 7.6794E-6 2.14213E-6 2.04743E-6 5.27277E-6 1.88855E-5 2.03901E-5 7.74481E-6 5.05824E-6 1.37889E-6 2.16249E-6 6.01848E-6 1.04742E-5 2.31654E-5 6.87115E-6 1.17321E-6 2.82816E-6 1.65605E-5 2.13429E-5 2.60193E-5 9.13198E-6 1.06721E-5 1.82036E-5 1.90646E-5 1.04759E-5 9.22489E-6 4.2368E-6 2.96846E-6 2.74365E-6 5.04076E-6 6.97154E-6 2.32912E-5 2.12933E-5 1.70259E-5 2.43892E-5 5.42784E-6
3.51426E-5 3.42285E-5 3.00771E-5 2.91658E-5 2.98395E-5 2.97576E-5 1.78772E-5 1.7475E-5 1.8354E-5 1.86067E-5 2.88947E-5 2.8592E-5 2.87563E-5 2.9243E-5 2.98613E-5 2.98891E-5 3.02759E-5 2.3505E-5 2.69098E-5 3.07368E-5 3.12088E-5 3.15433E-5 2.75101E-5 2.56052E-5 2.91443E-5 2.64815E-5 2.55142E-5 7.36517E-6 8.37587E-6 9.63349E-6 1.79134E-5 8.66232E-6 3.51083E-6 3.5021E-6 1.03372E-5 2.25314E-5 5.88066E-6 6.6147E-6 5.80465E-6 3.81057E-6 3.68038E-6 9.18056E-6 2.40152E-5 1.23099E-5 1.73381E-6 1.27084E-6 1.93793E-6 1.94075E-5 3.05322E-5 1.997E-5 2.40757E-5 1.04738E-5 1.07288E-5 1.11594E-5 1.12887E-5 4.4828E-6 5.07885E-6 5.6845E-6 2.16392E-6 1.01446E-5 1.77507E-5 1.90436E-5 2.15488E-5 2.57053E-5 8.17001E-6 6.46663E-6
3.4469E-5 2.97079E-5 2.82732E-5 3.05677E-5 2.94148E-5 3.15279E-5 1.76608E-5 1.7341E-5 1.67896E-5 1.7367E-5 2.91133E-5 3.15562E-5 3.14543E-5 3.22115E-5 3.30396E-5 3.33531E-5 3.38442E-5 3.05245E-5 3.06734E-5 3.43703E-5 2.79768E-5 2.67488E-5 2.59176E-5 3.23991E-5 3.56812E-5 3.33897E-5 3.07314E-5 2.86903E-5 2.50664E-5 9.17226E-6 1.51423E-5 2.24023E-5 9.328E-6 8.29931E-6 1.37541E-5 1.76435E-5 1.43506E-5 1.1335E-5 8.71759E-6 1.26665E-5 1.87256E-5 1.76277E-5 2.1727E-5 6.64433E-6 2.13946E-6 1.56901E-6 2.76414E-6 1.91357E-5 3.09618E-5 2.30131E-5 1.06254E-5 1.33134E-5 7.60119E-6 6.44589E-6 2.05638E-5 6.7796E-6 5.53749E-6 3.15126E-6 1.69561E-6 9.00357E-6 2.14501E-5 4.91269E-6 2.72284E-6 1.30533E-5 3.34853E-6 2.34346E-6
3.49212E-5 3.32736E-5 3.09691E-5 2.63034E-5 3.00702E-5 2.92031E-5 2.54746E-5 3.02457E-5 2.6989E-5 2.53354E-5 2.93853E-5 3.04179E-5 3.53221E-5 3.6195E-5 3.69037E-5 3.30946E-5 3.70341E-5 3.76817E-5 3.64176E-5 3.54427E-5 2.84639E-5 2.63959E-5 3.13745E-5 3.46125E-5 3.71571E-5 2.87527E-5 3.31973E-5 3.32216E-5 1.86807E-5 4.1807E-6 6.63396E-6 3.10762E-5 2.85483E-5 1.43782E-5 9.88688E-6 2.00868E-5 1.94447E-5 1.7457E-5 2.16732E-5 1.29347E-5 1.84181E-5 1.47663E-5 1.07803E-5 1.243E-5 1.11616E-5 1.90958E-5 1.1707E-5 1.63119E-5 2.80843E-5 3.00748E-5 2.29082E-5 2.08536E-5 1.06335E-5 8.9087E-6 8.54543E-6 2.59276E-5 8.58458E-6 2.19941E-6 1.53223E-6 5.76524E-6 1.63483E-5 1.20247E-5 6.74221E-6 6.18942E-6 1.5008E-6 1.31292E-6
3.77103E-5 3.61541E-5 3.24248E-5 3.24373E-5 3.59154E-5 3.59854E-5 3.42109E-5 3.11552E-5 3.12525E-5 3.42088E-5 3.71394E-5 3.79769E-5 3.86737E-5 3.52327E-5 3.99124E-5 3.94334E-5 3.89347E-5 3.83539E-5 3.68701E-5 3.37859E-5 2.88711E-5 3.17985E-5 3.89765E-5 3.99809E-5 3.81723E-5 3.0814E-5 3.23792E-5 2.6936E-5 1.04358E-5 8.24587E-6 8.81321E-6 1.40868E-5 2.37716E-5 2.79693E-5 2.61065E-5 2.17603E-5 2.06846E-5 1.15084E-5 1.67651E-5 1.25567E-5 1.18506E-5 1.22951E-5 1.55603E-5 8.8766E-6 6.22089E-6 3.53827E-6 1.5466E-5 1.90923E-5 1.95692E-5 3.21428E-5 2.64265E-5 1.70041E-5 1.53639E-5 5.96983E-6 4.66777E-6 9.48356E-6 1.75869E-5 4.21883E-6 1.68795E-6 4.73355E-6 6.59454E-6 4.95726E-6 6.97264E-6 8.99752E-6 5.92602E-6 3.23406E-6
4.1004E-5 3.51224E-5 3.87286E-5 3.90376E-5 3.96308E-5 3.16622E-5 3.61615E-5 3.45099E-5 3.20655E-5 2.7315E-5 3.79874E-5 3.97615E-5 4.16349E-5 4.35549E-5 4.31752E-5 4.13269E-5 3.97099E-5 3.52823E-5 3.28777E-5 3.47734E-5 3.69452E-5 3.81236E-5 4.04257E-5 3.31384E-5 3.88999E-5 2.59471E-5 3.22429E-5 3.04366E-5 1.19473E-5 1.43706E-5 1.43165E-5 3.86008E-5 3.37815E-5 2.30888E-5 2.41096E-5 2.41723E-5 1.57096E-5 6.69759E-6 3.99245E-6 9.33096E-6 1.71972E-5 2.20063E-5 1.36306E-5 8.24003E-6 8.03782E-6 6.57367E-6 9.40764E-6 1.54413E-5 1.53559E-5 3.33853E-5 2.38276E-5 2.44413E-5 4.14454E-6 5.10561E-6 5.78271E-6 1.1973E-5 1.49326E-5 2.04968E-6 2.3201E-6 2.11484E-6 6.62602E-6 5.40883E-6 9.21285E-6 9.87197E-6 1.16269E-5 1.41113E-5
4.25404E-5 4.08814E-5 4.06439E-5 3.67779E-5 4.23277E-5 4.14367E-5 3.88834E-5 2.75774E-5 3.35139E-5 3.61347E-5 3.78144E-5 3.5488E-5 4.18661E-5 3.66092E-5 4.46024E-5 4.28015E-5 4.11937E-5 3.07592E-5 3.15982E-5 3.53865E-5 2.47486E-5 2.57516E-5 2.85233E-5 3.31726E-5 3.8044E-5 3.28953E-5 3.50375E-5 1.97219E-5 1.41624E-5 3.15687E-5 2.41217E-5 3.77843E-5 1.36078E-5 1.23428E-5 1.78757E-5 2.79664E-5 2.86394E-5 8.38316E-6 6.64231E-6 1.7494E-5 2.78327E-5 1.68846E-5 6.98711E-6 8.0372E-6 1.75796E-5 1.67814E-5 1.76996E-5 1.37518E-5 1.98018E-5 3.21541E-5 2.58503E-5 2.68473E-5 1.60626E-5 7.3577E-6 1.15731E-5 1.36442E-5 1.78347E-5 4.06327E-6 2.40564E-6 2.31519E-6 5.89386E-6 1.16788E-6 3.17553E-6 7.90645E-6 6.81799E-6 1.3871E-5
4.489E-5 3.67944E-5 4.28677E-5 3.59969E-5 4.20927E-5 4.11478E-5 3.93433E-5 2.77974E-5 2.29604E-5 2.4673E-5 3.71655E-5 3.96506E-5 4.10026E-5 4.24058E-5 4.40424E-5 4.52734E-5 4.35662E-5 4.22482E-5 4.06631E-5 3.90759E-5 3.61241E-5 2.78604E-5 4.14108E-5 4.28737E-5 3.19192E-5 3.16222E-5 3.38821E-5 1.85997E-5 2.9602E-5 2.95095E-5 3.07111E-5 1.79001E-5 1.47521E-5 1.62048E-5 2.45595E-5 2.4901E-5 3.003E-5 3.5386E-5 1.88217E-5 1.74351E-5 1.03059E-5 1.45184E-5 6.42085E-6 4.40406E-6 1.43968E-5 8.80113E-6 1.69395E-5 1.40806E-5 2.43303E-5 3.34979E-5 2.50145E-5 3.26148E-5 2.60299E-5 1.26778E-5 4.1984E-6 1.2632E-5 1.59957E-5 1.99783E-5 1.45141E-5 3.82153E-6 5.89946E-6 2.86114E-6 2.6558E-6 7.04083E-6 7.65107E-6 1.20688E-5
3.73554E-5 3.64605E-5 4.57217E-5 3.65426E-5 4.38866E-5 4.12545E-5 4.05809E-5 3.76952E-5 2.16068E-5 1.9762E-5 2.18314E-5 3.7678E-5 3.00346E-5 3.26554E-5 4.371E-5 4.66195E-5 4.63399E-5 4.52958E-5 3.1908E-5 2.84135E-5 3.6724E-5 3.92617E-5 3.69236E-5 1.94466E-5 3.29834E-5 2.40824E-5 1.42436E-5 1.48024E-5 2.37694E-5 1.00836E-5 3.32071E-5 1.04525E-5 1.62169E-5 2.06063E-5 3.77657E-5 2.95382E-5 3.48122E-5 2.7668E-5 3.83588E-5 2.2672E-5 2.02824E-5 1.27613E-5 1.08989E-5 2.20075E-6 1.76119E-5 8.15418E-6 1.97358E-5 3.20031E-5 7.11474E-6 1.44929E-5 1.76452E-5 2.99896E-5 1.71418E-5 2.514E-5 1.36774E-5 1.26775E-5 2.62418E-5 2.25655E-5 2.88097E-5 2.98454E-5 1.50627E-5 3.66614E-6 2.46079E-6 5.52426E-6 8.86357E-6 1.17547E-5
3.6851E-5 4.30822E-5 4.55964E-5 4.67453E-5 2.69793E-5 2.62002E-5 2.54673E-5 2.41009E-5 1.65584E-5 2.03593E-5 2.03814E-5 1.50129E-5 2.9078E-5 4.36046E-5 4.47807E-5 4.70905E-5 3.60427E-5 4.46772E-5 4.19354E-5 4.03657E-5 3.44505E-5 2.63875E-5 2.07833E-5 1.69226E-5 2.59507E-5 2.6206E-5 1.58985E-5 1.89662E-5 2.82736E-5 7.5808E-6 1.80278E-5 1.16143E-5 1.69586E-5 3.49068E-5 2.60538E-5 2.05833E-5 3.29164E-5 2.08807E-5 1.75767E-5 3.6979E-5 7.59397E-6 1.73888E-5 1.22517E-5 9.50569E-6 1.83372E-6 3.23486E-6 1.02888E-5 1.28407E-5 1.3677E-5 9.6013E-6 4.09851E-6 1.51701E-5 9.73915E-6 1.1624E-5 1.26188E-5 1.20051E-5 1.21724E-5 1.25352E-5 1.39235E-5 1.39706E-5 1.34811E-5 7.36559E-6 4.34667E-6 1.67009E-6 3.32287E-6 1.36309E-5
3.58489E-5 4.22762E-5 4.44203E-5 2.24567E-5 2.81448E-5 2.14577E-5 2.67898E-5 1.89312E-5 1.50805E-5 1.72237E-5 2.36613E-5 2.20116E-5 4.15402E-5 3.07035E-5 2.55889E-5 3.71896E-5 4.60737E-5 4.43038E-5 4.18302E-5 2.55069E-5 2.32735E-5 2.55201E-5 2.90381E-5 3.34329E-5 3.52576E-5 2.27097E-5 2.10011E-5 4.09564E-5 2.17494E-5 1.51576E-5 1.52338E-5 1.72557E-5 1.72664E-5 1.94353E-5 1.40221E-5 1.65419E-5 2.02225E-5 3.77875E-5 1.87566E-5 3.46371E-5 1.74116E-5 1.40803E-5 1.64129E-5 6.8014E-6 4.01796E-6 3.54778E-6 3.27721E-6 1.17515E-5 1.36781E-5 1.32561E-5 1.32119E-5 9.06609E-6 1.22203E-5 1.27954E-5 1.43251E-5 1.43054E-5 1.47173E-5 4.88429E-6 1.25229E-5 1.53408E-5 1.22298E-5 1.18077E-5 1.68301E-5 8.83417E-6 1.85134E-6 3.69774E-6
3.97984E-5 4.25647E-5 4.42849E-5 2.7418E-5 2.85379E-5 2.25309E-5 2.06969E-5 1.72968E-5 1.66535E-5 1.92909E-5 2.42754E-5 2.23903E-5 2.27126E-5 4.03688E-5 4.41256E-5 4.62578E-5 4.04008E-5 2.931E-5 3.89849E-5 2.57673E-5 2.82204E-5 4.19103E-5 3.68999E-5 2.25721E-5 3.10168E-5 3.50127E-5 3.84235E-5 4.27459E-5 2.81528E-5 1.27625E-5 8.56631E-6 1.91492E-5 1.40327E-5 2.13179E-5 1.96356E-5 1.53115E-5 2.08554E-5 1.15217E-5 1.56997E-5 9.90533E-6 5.39822E-6 8.53178E-6 1.30956E-5 2.64708E-6 2.85048E-6 3.58515E-6 3.72932E-6 9.1089E-6 1.1132E-5 1.80484E-5 1.23715E-5 1.60732E-5 1.48245E-5 1.34986E-5 7.89805E-6 1.41268E-5 1.34808E-5 1.44827E-5 1.23456E-5 1.45235E-5 1.12867E-5 1.43664E-5 1.99715E-5 1.42855E-5 1.05095E-5 4.68694E-6
3.56272E-5 3.12463E-5 3.32349E-5 2.10075E-5 2.79577E-5 2.26797E-5 1.92283E-5 2.06717E-5 2.00368E-5 2.65938E-5 2.60254E-5 1.53906E-5 2.69238E-5 4.51691E-5 3.80721E-5 2.53893E-5 4.09087E-5 4.20118E-5 3.90607E-5 4.31752E-5 4.31195E-5 3.92739E-5 3.94643E-5 3.90219E-5 3.80635E-5 3.5894E-5 3.61672E-5 3.79399E-5 2.19849E-5 1.44465E-5 1.9678E-5 1.95837E-5 3.44509E-5 3.26884E-5 3.06046E-5 2.17453E-5 1.92293E-5 1.15994E-5 5.70894E-6 1.20122E-5 2.39147E-5 2.64321E-5 9.64633E-6 1.44347E-5 2.50162E-6 8.71286E-6 3.35486E-6 2.33246E-6 9.66274E-6 8.6814E-6 1.49657E-5 1.31536E-5 1.57561E-5 1.40107E-5 1.03543E-5 1.53028E-5 7.95466E-6 1.36707E-5 1.56346E-5 1.49958E-5 1.22374E-5 1.5599E-5 1.68936E-5 2.50592E-5 1.05475E-5 1.45044E-6
4.0905E-5 4.18283E-5 3.32021E-5 2.6236E-5 2.66816E-5 2.12777E-5 2.24861E-5 2.31309E-5 1.42655E-5 2.53043E-5 2.10048E-5 1.39307E-5 1.41632E-5 6.62432E-6 7.5826E-6 4.11938E-5 2.61982E-5 4.2811E-5 2.64605E-5 4.0034E-5 2.62181E-5 2.62545E-5 4.48905E-5 3.96394E-5 4.41097E-5 2.90212E-5 2.58171E-5 2.21213E-5 1.92876E-5 1.45843E-5 1.2246E-5 1.99958E-5 2.94832E-5 2.3223E-5 3.80894E-5 2.88627E-5 2.47699E-5 1.82087E-5 6.84002E-6 7.44997E-6 7.06573E-6 1.05239E-5 8.81139E-6 1.59124E-5 1.69413E-5 1.60752E-5 8.88588E-6 8.93204E-6 7.9523E-6 9.61604E-6 1.39222E-5 1.31536E-5 1.05165E-5 6.48565E-6 1.55836E-5 1.14488E-5 1.5146E-5 1.38108E-5 1.08915E-5 1.17776E-5 1.44932E-5 1.23522E-5 1.37391E-5 2.65526E-5 2.26487E-5 1.93119E-5
2.64797E-5 4.27167E-5 4.17366E-5 2.46007E-5 1.93882E-5 2.00443E-5 1.46015E-5 2.29127E-5 2.17546E-5 1.97576E-5 2.95765E-5 4.32015E-5 9.62858E-6 4.82509E-6 2.86309E-5 4.2316E-5 3.94871E-5 4.09868E-5 4.155E-5 4.35569E-5 4.31298E-5 3.12672E-5 4.77847E-5 4.05256E-5 4.44812E-5 4.55387E-5 2.49334E-5 1.50685E-5 1.83411E-5 1.23195E-5 1.39574E-5 3.1472E-5 3.42207E-5 3.7802E-5 3.90616E-5 3.62192E-5 2.7374E-5 1.16097E-5 1.3663E-5 1.22513E-5 1.59875E-5 1.22938E-5 3.35621E-6 1.93928E-5 1.08647E-5 6.59497E-6 2.54685E-6 3.55697E-6 1.26167E-5 1.01299E-5 1.44395E-5 1.21742E-5 6.25524E-6 6.30191E-6 1.37717E-5 1.41054E-5 1.17459E-5 1.33437E-5 8.79562E-6 1.35562E-5 1.33353E-5 4.46498E-6 1.24006E-5 1.64054E-5 1.65279E-5 1.08583E-5
2.08848E-5 2.73837E-5 2.30161E-5 2.46671E-5 2.63829E-5 2.82529E-5 2.9306E-5 3.00317E-5 3.03638E-5 2.68506E-5 2.49321E-5 4.63495E-5 1.96882E-5 3.64552E-6 3.00253E-5 4.15382E-5 2.77231E-5 3.12174E-5 4.63444E-5 2.92758E-5 2.45642E-5 4.73671E-5 2.30633E-5 4.11858E-5 4.30832E-5 1.8304E-5 2.17283E-5 1.89057E-5 1.65752E-5 1.58696E-5 1.30935E-5 3.36363E-5 3.70897E-5 2.80786E-5 1.69888E-5 3.18765E-5 1.52779E-5 1.60905E-5 2.56923E-5 1.18927E-5 1.43979E-5 1.78612E-5 2.78492E-5 1.55019E-5 7.44449E-6 5.77161E-6 3.81641E-6 9.01883E-6 1.21354E-5 1.77005E-5 1.33835E-5 5.79614E-6 1.93489E-6 5.72703E-6 3.72312E-6 1.42763E-5 1.18665E-5 1.62104E-5 1.36355E-5 1.13619E-5 6.12596E-6 1.42065E-5 2.45702E-5 2.13288E-5 2.00824E-5 2.20799E-5
