catData/rasterBestHybridModels/Prubiginosus/RDbal_RM2_LQ/Prubiginosus_min.asc
ncols         409
nrows         350
xllcorner     60.897278365
yllcorner     5.843756025
cellsize      0.0892857
NODATA_value  -9999
[rows 87 to 115 of 350, columns 0 to 65 of 409]
-9999 -9999 -9999 -9999 -9999 5.86146E-6 7.44655E-6 1.09758E-5 1.09707E-5 1.08782E-5 1.09323E-5 1.07255E-5 1.05513E-5 1.06942E-5 1.10026E-5 1.12294E-5 8.45387E-6 1.12995E-5 1.11944E-5 1.10888E-5 1.11027E-5 1.12769E-5 1.15317E-5 1.17512E-5 1.18792E-5 1.20848E-5 1.2538E-5 1.29437E-5 9.25378E-6 1.29808E-5 1.30589E-5 9.33433E-6 9.17447E-6 1.25079E-5 1.24753E-5 1.23104E-5 1.22603E-5 1.26799E-5 1.31397E-5 1.36206E-5 1.39569E-5 2.69287E-5 2.62822E-5 2.47458E-5 2.41833E-5 1.12316E-5 1.1012E-5 1.09302E-5 1.0889E-5 1.54385E-5 2.1776E-5 1.19367E-5 1.26596E-5 1.25245E-5 1.13359E-5 2.34463E-5 2.37942E-5 2.09256E-5 1.9957E-5 7.94351E-6 1.18054E-5 2.2466E-5 1.51472E-5 1.34091E-5 1.54295E-5 1.07386E-5
-9999 -9999 -9999 -9999 -9999 1.41133E-5 6.9403E-6 9.94196E-6 1.00359E-5 1.02796E-5 1.03081E-5 1.01069E-5 1.00551E-5 1.02851E-5 7.90923E-6 1.07188E-5 1.07623E-5 1.08847E-5 1.08288E-5 7.76364E-6 7.30578E-6 7.48692E-6 8.08869E-6 8.45223E-6 8.9757E-6 1.21851E-5 1.26847E-5 9.87228E-6 9.4634E-6 1.00627E-5 1.36358E-5 1.00265E-5 8.31666E-6 1.63155E-5 1.74326E-5 2.45458E-5 2.42873E-5 2.42254E-5 2.45533E-5 1.78411E-5 8.95649E-6 9.46968E-6 1.13428E-5 8.3537E-6 8.30519E-6 1.07551E-5 1.05241E-5 2.20979E-5 2.28523E-5 1.13599E-5 1.07989E-5 7.94322E-6 1.09618E-5 1.04201E-5 2.21338E-5 2.43989E-5 2.26318E-5 1.39672E-5 2.34556E-5 1.19582E-5 2.30209E-5 1.66878E-5 1.6293E-5 1.76193E-5 1.35571E-5 1.24959E-5
-9999 -9999 -9999 -9999 -9999 -9999 1.39475E-5 7.14723E-6 9.99918E-6 7.54075E-6 7.01682E-6 6.85622E-6 7.22163E-6 1.02896E-5 1.05194E-5 1.0553E-5 1.07495E-5 1.09691E-5 8.0117E-6 6.86031E-6 5.22855E-6 5.22131E-6 5.93685E-6 6.19932E-6 7.58747E-6 8.7732E-6 1.23362E-5 1.32906E-5 2.50254E-5 2.51281E-5 2.55549E-5 1.8625E-5 1.31235E-5 1.17236E-5 1.55252E-5 1.83917E-5 2.51758E-5 2.45897E-5 2.4334E-5 2.41903E-5 1.70487E-5 8.56259E-6 1.21086E-5 1.13413E-5 1.10581E-5 2.31229E-5 1.5426E-5 1.52317E-5 7.53414E-6 8.0081E-6 1.09871E-5 1.17176E-5 1.21412E-5 1.18256E-5 2.2885E-5 2.37824E-5 2.32509E-5 2.43743E-5 2.40315E-5 2.29144E-5 2.02183E-5 2.17376E-5 2.05853E-5 1.74303E-5 1.26118E-5 9.83588E-6
-9999 -9999 -9999 -9999 -9999 -9999 -9999 7.52773E-6 1.09687E-5 7.74045E-6 7.1898E-6 7.06976E-6 6.38898E-6 7.5861E-6 7.36234E-6 7.43023E-6 8.33352E-6 1.15418E-5 1.17184E-5 8.6859E-6 7.87924E-6 9.70779E-6 1.05192E-5 1.94224E-5 1.70096E-5 1.54811E-5 1.63756E-5 2.32172E-5 2.359E-5 2.45216E-5 1.77031E-5 1.75402E-5 1.76847E-5 1.53824E-5 1.51903E-5 1.81599E-5 2.54392E-5 2.42375E-5 1.67395E-5 2.30675E-5 2.22132E-5 2.22853E-5 1.71285E-5 2.36918E-5 1.5653E-5 1.50103E-5 1.55678E-5 1.15908E-5 1.21292E-5 1.23339E-5 1.22619E-5 9.13432E-6 9.84977E-6 1.37144E-5 1.38946E-5 1.40921E-5 2.60791E-5 1.75952E-5 1.74017E-5 2.16126E-5 1.80386E-5 2.02228E-5 1.79721E-5 1.22725E-5 9.70346E-6 5.50229E-6
-9999 -9999 -9999 -9999 -9999 -9999 -9999 7.70126E-6 1.04673E-5 1.01263E-5 1.00285E-5 9.97499E-6 8.03056E-6 7.68182E-6 6.59359E-6 7.28845E-6 7.68454E-6 8.0532E-6 2.26149E-5 2.46455E-5 1.98334E-5 2.99398E-5 3.09485E-5 2.90825E-5 2.43127E-5 2.14506E-5 2.15084E-5 2.19501E-5 1.67241E-5 2.4108E-5 2.68457E-5 2.74773E-5 2.68019E-5 1.90363E-5 1.82E-5 2.44002E-5 2.43116E-5 2.37115E-5 2.11968E-5 2.09669E-5 2.05161E-5 2.04455E-5 2.0915E-5 2.13085E-5 2.05105E-5 2.31444E-5 1.13327E-5 1.12286E-5 9.08984E-6 9.13695E-6 9.36426E-6 8.7586E-6 1.10082E-5 1.57424E-5 2.15273E-5 1.55011E-5 2.55325E-5 2.34795E-5 2.31227E-5 2.14714E-5 2.07939E-5 1.99588E-5 1.80992E-5 1.21901E-5 6.43209E-6 5.24553E-6
-9999 -9999 -9999 -9999 -9999 -9999 -9999 -9999 1.62586E-5 8.07896E-6 8.47767E-6 1.04105E-5 1.03429E-5 1.03808E-5 8.081E-6 1.00341E-5 1.96514E-5 2.02609E-5 2.01129E-5 2.17517E-5 2.49228E-5 2.62108E-5 2.15153E-5 2.0227E-5 1.83563E-5 1.66386E-5 1.61586E-5 1.58934E-5 1.56572E-5 1.62589E-5 1.81905E-5 1.92399E-5 2.54875E-5 2.56102E-5 2.48978E-5 2.23636E-5 2.16432E-5 2.09385E-5 2.05358E-5 2.20963E-5 2.25281E-5 2.3262E-5 2.38801E-5 2.42565E-5 2.33545E-5 1.67079E-5 1.64755E-5 7.35527E-6 7.03397E-6 6.87271E-6 9.72774E-6 1.20588E-5 1.68407E-5 3.07836E-5 2.29241E-5 2.93097E-5 1.84187E-5 2.30231E-5 2.2647E-5 2.11945E-5 2.14697E-5 2.12818E-5 1.81263E-5 1.12615E-5 9.89654E-6 1.12972E-5
-9999 -9999 -9999 -9999 -9999 -9999 -9999 -9999 -9999 2.63919E-5 9.20012E-6 8.54628E-6 8.65325E-6 1.05458E-5 1.92179E-5 1.85805E-5 1.68882E-5 1.70389E-5 1.84822E-5 2.09745E-5 2.15111E-5 2.21361E-5 2.26868E-5 2.29335E-5 2.19817E-5 2.02813E-5 1.92824E-5 1.9167E-5 1.92445E-5 1.98306E-5 2.1334E-5 2.20662E-5 2.23074E-5 2.23712E-5 2.23123E-5 2.24962E-5 2.37273E-5 2.33578E-5 2.3237E-5 2.41236E-5 2.60392E-5 2.59236E-5 2.62422E-5 2.63481E-5 1.8513E-5 1.71809E-5 1.60373E-5 1.11428E-5 6.82018E-6 8.82251E-6 1.32337E-5 1.84194E-5 3.19959E-5 2.34702E-5 3.1051E-5 2.89311E-5 1.83196E-5 2.27956E-5 2.15891E-5 1.59096E-5 2.21506E-5 2.10375E-5 1.15564E-5 7.97769E-6 1.1908E-5 1.49368E-5
-9999 -9999 -9999 -9999 -9999 -9999 -9999 -9999 -9999 -9999 2.86372E-5 1.03377E-5 8.23459E-6 1.85075E-5 1.79635E-5 1.70332E-5 1.48698E-5 1.2134E-5 1.70895E-5 1.97104E-5 2.27166E-5 2.02723E-5 2.03511E-5 2.09722E-5 2.07021E-5 2.03957E-5 2.18216E-5 1.86732E-5 1.7619E-5 1.77256E-5 1.84323E-5 1.90333E-5 2.02538E-5 2.5597E-5 1.95409E-5 2.59915E-5 2.59763E-5 1.9478E-5 1.78567E-5 1.90409E-5 2.68679E-5 2.74977E-5 1.97007E-5 2.76418E-5 2.74141E-5 2.73644E-5 2.06507E-5 2.0687E-5 2.14525E-5 2.16862E-5 2.32337E-5 3.29058E-5 2.39974E-5 3.17154E-5 3.07084E-5 2.12041E-5 1.84811E-5 2.28197E-5 2.15653E-5 1.6288E-5 2.20583E-5 1.38469E-5 1.25237E-5 1.0204E-5 1.36392E-5 1.81626E-5
-9999 -9999 -9999 -9999 -9999 -9999 -9999 -9999 -9999 -9999 -9999 3.12574E-5 2.13367E-5 2.04241E-5 1.99224E-5 1.70249E-5 1.2862E-5 1.19569E-5 1.51539E-5 2.10911E-5 2.47878E-5 2.12901E-5 1.61753E-5 1.67622E-5 2.30695E-5 2.59007E-5 2.45802E-5 2.41497E-5 2.38988E-5 2.4042E-5 2.51623E-5 2.15431E-5 2.20943E-5 2.9364E-5 3.03136E-5 2.8874E-5 2.01624E-5 1.66279E-5 1.2855E-5 2.08183E-5 2.93166E-5 2.93474E-5 2.90034E-5 2.90819E-5 2.05357E-5 2.9125E-5 3.00754E-5 3.07904E-5 3.14703E-5 3.20667E-5 3.20488E-5 3.18198E-5 3.17343E-5 3.12563E-5 2.96699E-5 1.98261E-5 1.7528E-5 2.23805E-5 2.20128E-5 2.21765E-5 2.09874E-5 1.10207E-5 1.10431E-5 8.88338E-6 1.64728E-5 1.91393E-5
-9999 -9999 -9999 -9999 -9999 -9999 -9999 -9999 -9999 -9999 -9999 -9999 -9999 3.33578E-5 3.29676E-5 2.12877E-5 1.99865E-5 1.77673E-5 1.5326E-5 2.18552E-5 2.7406E-5 2.27423E-5 1.65146E-5 1.63616E-5 2.29641E-5 2.80251E-5 2.31796E-5 2.17818E-5 2.11222E-5 2.15544E-5 2.67942E-5 2.73173E-5 2.82751E-5 3.14094E-5 3.26354E-5 2.29791E-5 1.94956E-5 1.35451E-5 2.0141E-5 2.31934E-5 3.23401E-5 3.11897E-5 3.0381E-5 3.0188E-5 2.95945E-5 2.94946E-5 3.02231E-5 2.21301E-5 2.32173E-5 3.10204E-5 3.07132E-5 3.10802E-5 3.13997E-5 3.09425E-5 2.9056E-5 1.87936E-5 1.67013E-5 2.20324E-5 1.63532E-5 2.17523E-5 1.9099E-5 1.44424E-5 1.49379E-5 1.85599E-5 2.05668E-5 2.11633E-5
-9999 -9999 -9999 -9999 -9999 -9999 -9999 -9999 -9999 -9999 -9999 -9999 -9999 -9999 -9999 -9999 -9999 2.16771E-5 1.8493E-5 2.24928E-5 2.94709E-5 2.37475E-5 1.6516E-5 1.5438E-5 2.11088E-5 2.76546E-5 2.40466E-5 2.24476E-5 2.18321E-5 2.21963E-5 2.7733E-5 2.77308E-5 2.84966E-5 3.38011E-5 2.60137E-5 2.47447E-5 2.46151E-5 2.42346E-5 2.4696E-5 3.24084E-5 3.16889E-5 2.17729E-5 2.01971E-5 2.11384E-5 3.02147E-5 3.03893E-5 2.19323E-5 2.29427E-5 3.05473E-5 2.99197E-5 2.21944E-5 2.18941E-5 2.30449E-5 3.03038E-5 2.77813E-5 1.80356E-5 1.65331E-5 2.22979E-5 2.19496E-5 2.13178E-5 2.09861E-5 1.47629E-5 2.03635E-5 2.21996E-5 1.53124E-5 1.56956E-5
-9999 -9999 -9999 -9999 -9999 -9999 -9999 -9999 -9999 -9999 -9999 -9999 -9999 -9999 -9999 -9999 -9999 -9999 2.39965E-5 2.4005E-5 3.3418E-5 2.4829E-5 1.88435E-5 1.47319E-5 1.98963E-5 2.42102E-5 2.63573E-5 2.99171E-5 3.43815E-5 3.31847E-5 3.17755E-5 3.13243E-5 3.14336E-5 3.13004E-5 3.20008E-5 3.18217E-5 3.15638E-5 3.07313E-5 2.76644E-5 2.83818E-5 2.1055E-5 1.74981E-5 1.3419E-5 1.73416E-5 2.13439E-5 3.03919E-5 3.01583E-5 3.01989E-5 3.0543E-5 2.24999E-5 1.92922E-5 1.6864E-5 2.23606E-5 2.8509E-5 1.9775E-5 1.76914E-5 2.21972E-5 2.20823E-5 1.9004E-5 2.10558E-5 2.09935E-5 2.09947E-5 2.12949E-5 2.22093E-5 2.04463E-5 1.45469E-5
-9999 -9999 -9999 -9999 -9999 -9999 -9999 -9999 -9999 -9999 -9999 -9999 -9999 -9999 -9999 -9999 -9999 -9999 -9999 -9999 -9999 3.23686E-5 2.28915E-5 1.84313E-5 2.1106E-5 2.89998E-5 3.06894E-5 2.53349E-5 2.50063E-5 2.44386E-5 2.36784E-5 2.28263E-5 2.24254E-5 2.2189E-5 2.20409E-5 2.18647E-5 2.19312E-5 2.23641E-5 2.27013E-5 2.23978E-5 1.85885E-5 1.38268E-5 1.85967E-5 2.16869E-5 2.92519E-5 2.94692E-5 3.00279E-5 2.27394E-5 2.21069E-5 1.95045E-5 1.92435E-5 2.12273E-5 2.08635E-5 2.6683E-5 2.62602E-5 2.4414E-5 2.19485E-5 2.16333E-5 2.14728E-5 2.11416E-5 2.07202E-5 1.5315E-5 1.50193E-5 1.61784E-5 1.85495E-5 1.65072E-5
-9999 -9999 -9999 -9999 -9999 -9999 -9999 -9999 -9999 -9999 -9999 -9999 -9999 -9999 -9999 -9999 -9999 -9999 -9999 -9999 -9999 3.19355E-5 2.3249E-5 2.14624E-5 2.79409E-5 2.80222E-5 3.0995E-5 2.55362E-5 1.88112E-5 1.68505E-5 1.67006E-5 1.66817E-5 1.65564E-5 1.63448E-5 1.61193E-5 1.5938E-5 1.60236E-5 1.61821E-5 1.61892E-5 1.58975E-5 1.53242E-5 1.90504E-5 2.15531E-5 2.87528E-5 2.96693E-5 2.24819E-5 3.0578E-5 2.31745E-5 1.72171E-5 1.6795E-5 2.21139E-5 2.84593E-5 2.63051E-5 2.47963E-5 2.4624E-5 2.34098E-5 1.56673E-5 2.12671E-5 2.14226E-5 2.10018E-5 2.01534E-5 1.94379E-5 1.49801E-5 1.37748E-5 1.31108E-5 1.46603E-5
-9999 -9999 -9999 -9999 -9999 -9999 -9999 -9999 -9999 -9999 -9999 -9999 -9999 -9999 -9999 -9999 -9999 -9999 -9999 -9999 -9999 2.28092E-5 2.22459E-5 2.73277E-5 2.60701E-5 2.10786E-5 2.08081E-5 2.04106E-5 1.69134E-5 1.24177E-5 1.12098E-5 1.12405E-5 1.12726E-5 1.12997E-5 1.13398E-5 1.13074E-5 1.11971E-5 1.10445E-5 1.1018E-5 1.23252E-5 1.62371E-5 2.16817E-5 2.85997E-5 2.81628E-5 2.24531E-5 1.94742E-5 2.16143E-5 1.96264E-5 1.96513E-5 2.13184E-5 2.11167E-5 2.61494E-5 1.81733E-5 1.74039E-5 2.29539E-5 2.19033E-5 1.46933E-5 1.47999E-5 1.89147E-5 1.49131E-5 1.41828E-5 1.59001E-5 1.58527E-5 1.26042E-5 1.2345E-5 1.20998E-5
-9999 -9999 -9999 -9999 -9999 -9999 -9999 -9999 -9999 -9999 -9999 -9999 -9999 -9999 -9999 -9999 -9999 -9999 -9999 -9999 -9999 2.38186E-5 3.18698E-5 3.03138E-5 2.2011E-5 1.79498E-5 1.41956E-5 1.34009E-5 1.18777E-5 8.98751E-6 6.19465E-6 6.19559E-6 6.1757E-6 6.19267E-6 6.21046E-6 6.21813E-6 6.17727E-6 6.13929E-6 8.13309E-6 1.22653E-5 1.6321E-5 2.19708E-5 2.76544E-5 2.71402E-5 2.23077E-5 1.69163E-5 1.54169E-5 1.90606E-5 2.15835E-5 2.58882E-5 2.45885E-5 2.32799E-5 2.15709E-5 2.09531E-5 1.95159E-5 1.84106E-5 1.41173E-5 1.36139E-5 1.6318E-5 1.26739E-5 1.07145E-5 1.13404E-5 1.312E-5 1.07531E-5 8.77643E-6 8.36557E-6
-9999 -9999 -9999 -9999 -9999 -9999 -9999 -9999 -9999 -9999 -9999 -9999 -9999 -9999 -9999 -9999 -9999 -9999 -9999 -9999 -9999 2.2893E-5 2.98194E-5 2.98868E-5 2.96308E-5 2.28946E-5 1.6798E-5 1.23843E-5 9.51862E-6 6.29218E-6 4.25615E-6 3.37999E-6 3.38917E-6 3.388E-6 3.3674E-6 3.36783E-6 3.80883E-6 4.95398E-6 7.62297E-6 1.1698E-5 1.52184E-5 1.89088E-5 2.09268E-5 2.53107E-5 2.00226E-5 1.61729E-5 1.59808E-5 1.94087E-5 2.30733E-5 2.24264E-5 1.71694E-5 1.5945E-5 1.81766E-5 1.74604E-5 1.33373E-5 1.54516E-5 1.22486E-5 1.20558E-5 1.43494E-5 1.06867E-5 9.76894E-6 9.19762E-6 8.86367E-6 1.02677E-5 1.06689E-5 1.03087E-5
-9999 -9999 -9999 -9999 -9999 -9999 -9999 -9999 -9999 -9999 -9999 -9999 -9999 -9999 -9999 -9999 -9999 -9999 -9999 -9999 -9999 2.70185E-5 2.68676E-5 2.14606E-5 2.68726E-5 2.13052E-5 1.87481E-5 1.49772E-5 1.13979E-5 7.41821E-6 4.43665E-6 2.67201E-6 2.77752E-6 3.22866E-6 3.77978E-6 4.88587E-6 6.16753E-6 8.5644E-6 1.0654E-5 1.2326E-5 1.50376E-5 1.71199E-5 1.86864E-5 2.23319E-5 1.71016E-5 1.37977E-5 1.36035E-5 1.64779E-5 1.98738E-5 1.54939E-5 1.4551E-5 1.66888E-5 1.53718E-5 1.43305E-5 1.10921E-5 1.27978E-5 1.25475E-5 1.21426E-5 1.15676E-5 8.71501E-6 1.03285E-5 9.57141E-6 8.46942E-6 9.90478E-6 1.14515E-5 1.45264E-5
-9999 -9999 -9999 -9999 -9999 -9999 -9999 -9999 -9999 -9999 -9999 -9999 -9999 -9999 -9999 -9999 -9999 -9999 -9999 -9999 -9999 2.41072E-5 1.92084E-5 1.89323E-5 2.35854E-5 2.35658E-5 1.88929E-5 1.52512E-5 1.18205E-5 9.04662E-6 5.95466E-6 3.99232E-6 4.76751E-6 5.71297E-6 6.01016E-6 8.16481E-6 1.00864E-5 1.19321E-5 1.37441E-5 1.39306E-5 1.56242E-5 1.66367E-5 1.98296E-5 1.90421E-5 1.44983E-5 1.14807E-5 1.13001E-5 1.38021E-5 1.66256E-5 1.27505E-5 1.49217E-5 1.39512E-5 1.29175E-5 1.19865E-5 9.04893E-6 1.03376E-5 9.84835E-6 9.38241E-6 8.96484E-6 8.01379E-6 8.02882E-6 6.05641E-6 7.11114E-6 1.12182E-5 1.38206E-5 1.59488E-5
-9999 -9999 -9999 -9999 -9999 -9999 -9999 -9999 -9999 -9999 -9999 -9999 -9999 -9999 -9999 -9999 -9999 -9999 -9999 -9999 -9999 1.63848E-5 1.50101E-5 1.48297E-5 1.64852E-5 2.06568E-5 1.67538E-5 1.50363E-5 1.2824E-5 1.09873E-5 8.81142E-6 5.88397E-6 8.14629E-6 9.91174E-6 1.01652E-5 1.09524E-5 1.21611E-5 1.26812E-5 1.47493E-5 1.54329E-5 1.50561E-5 1.77069E-5 1.66546E-5 1.26625E-5 1.06635E-5 8.77061E-6 1.03939E-5 1.12389E-5 1.32612E-5 1.27617E-5 1.22437E-5 9.31961E-6 1.07022E-5 7.90182E-6 7.10185E-6 8.19166E-6 6.10937E-6 5.56141E-6 5.45743E-6 6.54214E-6 5.05839E-6 6.43929E-6 9.91892E-6 1.23098E-5 1.54074E-5 1.4683E-5
-9999 -9999 -9999 -9999 -9999 -9999 -9999 -9999 -9999 -9999 -9999 -9999 -9999 -9999 -9999 -9999 -9999 -9999 -9999 -9999 -9999 1.08734E-5 1.04046E-5 1.15182E-5 1.42227E-5 1.77574E-5 1.80121E-5 1.45212E-5 1.32822E-5 1.11437E-5 9.27131E-6 8.49576E-6 9.83878E-6 1.08414E-5 1.12727E-5 1.12061E-5 1.30861E-5 1.41719E-5 1.41177E-5 1.64174E-5 1.54005E-5 1.45307E-5 1.10505E-5 9.26058E-6 7.30686E-6 8.38956E-6 9.22431E-6 1.09669E-5 1.05681E-5 1.02594E-5 8.00093E-6 9.37656E-6 8.65156E-6 6.35548E-6 6.89356E-6 6.25285E-6 4.6241E-6 3.87766E-6 4.05398E-6 5.56231E-6 5.73898E-6 7.24072E-6 1.06526E-5 1.05158E-5 1.69032E-5 1.6302E-5
-9999 -9999 -9999 -9999 -9999 -9999 -9999 -9999 -9999 -9999 -9999 -9999 -9999 -9999 -9999 -9999 -9999 -9999 -9999 -9999 -9999 9.08634E-6 8.70261E-6 8.9843E-6 1.05187E-5 1.17747E-5 1.48267E-5 1.51497E-5 1.23244E-5 9.92198E-6 8.07133E-6 8.06918E-6 9.28951E-6 1.08511E-5 1.15906E-5 1.15399E-5 1.19027E-5 1.46111E-5 1.40179E-5 1.33091E-5 1.02032E-5 9.43077E-6 8.0848E-6 8.08096E-6 7.51477E-6 7.34325E-6 8.85763E-6 8.66105E-6 8.51634E-6 6.62889E-6 7.86564E-6 7.34893E-6 5.48968E-6 4.95181E-6 5.39008E-6 3.85591E-6 3.23353E-6 3.34719E-6 4.64847E-6 6.18241E-6 6.33318E-6 9.34116E-6 1.21798E-5 1.03358E-5 1.80059E-5 2.24278E-5
-9999 -9999 -9999 -9999 -9999 -9999 -9999 -9999 -9999 -9999 -9999 -9999 -9999 -9999 -9999 -9999 -9999 -9999 -9999 -9999 -9999 9.18869E-6 8.39622E-6 7.44294E-6 9.11736E-6 1.15297E-5 1.19772E-5 1.00229E-5 8.90271E-6 7.38883E-6 7.30808E-6 7.14746E-6 8.38212E-6 9.41578E-6 1.15991E-5 1.16732E-5 1.15766E-5 1.13238E-5 8.81152E-6 8.37239E-6 8.05774E-6 7.58994E-6 7.20852E-6 8.16079E-6 7.37994E-6 6.9601E-6 6.95574E-6 6.96319E-6 5.4834E-6 6.47327E-6 6.0682E-6 4.55666E-6 4.21197E-6 4.64509E-6 4.10547E-6 2.91657E-6 2.50031E-6 3.33267E-6 5.28448E-6 6.76908E-6 6.63597E-6 9.14651E-6 1.3329E-5 9.85383E-6 2.01393E-5 1.93152E-5
-9999 -9999 -9999 -9999 -9999 -9999 -9999 -9999 -9999 -9999 -9999 -9999 -9999 -9999 -9999 -9999 -9999 -9999 -9999 -9999 -9999 -9999 7.37366E-6 5.89459E-6 6.30957E-6 7.19664E-6 9.84244E-6 1.03093E-5 8.04451E-6 7.55176E-6 7.40497E-6 7.32007E-6 7.4009E-6 9.13408E-6 9.09276E-6 7.3379E-6 7.09916E-6 7.0199E-6 6.33219E-6 6.83173E-6 8.05596E-6 7.50262E-6 6.92069E-6 6.30728E-6 5.68903E-6 5.37062E-6 5.46858E-6 4.30265E-6 5.16741E-6 4.91643E-6 3.7151E-6 3.11233E-6 3.15968E-6 3.47266E-6 2.516E-6 2.00272E-6 2.76857E-6 4.75032E-6 5.86751E-6 5.86445E-6 9.18519E-6 1.18108E-5 1.15495E-5 1.25208E-5 2.15515E-5 2.03981E-5
-9999 -9999 -9999 -9999 -9999 -9999 -9999 -9999 -9999 -9999 -9999 -9999 -9999 -9999 -9999 -9999 -9999 -9999 -9999 -9999 -9999 -9999 -9999 -9999 -9999 -9999 -9999 8.14014E-6 7.86187E-6 7.72633E-6 7.57816E-6 7.28839E-6 7.22334E-6 7.07082E-6 5.70732E-6 5.13076E-6 5.56632E-6 5.50712E-6 5.46846E-6 6.50256E-6 6.12748E-6 5.72145E-6 5.32187E-6 4.91308E-6 3.62563E-6 3.25969E-6 3.22493E-6 3.89563E-6 3.82431E-6 2.93636E-6 2.48243E-6 2.58137E-6 2.6856E-6 2.57895E-6 1.84902E-6 2.08439E-6 3.81161E-6 5.16324E-6 6.33873E-6 6.19751E-6 9.95518E-6 1.29491E-5 1.5382E-5 1.40551E-5 2.36299E-5 2.26534E-5
-9999 -9999 -9999 -9999 -9999 -9999 -9999 -9999 -9999 -9999 -9999 -9999 -9999 -9999 -9999 -9999 -9999 -9999 -9999 -9999 -9999 -9999 -9999 -9999 -9999 -9999 4.91785E-6 5.02548E-6 6.04733E-6 5.86726E-6 5.88944E-6 5.96502E-6 5.79619E-6 4.52768E-6 4.41312E-6 4.50677E-6 5.36077E-6 5.18872E-6 5.03021E-6 4.82264E-6 3.68872E-6 4.34637E-6 3.27443E-6 2.9482E-6 2.43749E-6 2.39595E-6 2.84316E-6 2.81693E-6 2.80359E-6 2.1511E-6 2.07584E-6 2.33156E-6 2.07801E-6 1.52307E-6 1.57524E-6 2.90932E-6 4.10777E-6 4.3631E-6 6.50801E-6 6.43686E-6 1.04141E-5 1.34446E-5 1.62367E-5 1.57503E-5 2.40185E-5 2.39065E-5
-9999 -9999 -9999 -9999 -9999 -9999 -9999 -9999 -9999 -9999 -9999 -9999 -9999 -9999 -9999 -9999 -9999 -9999 -9999 -9999 -9999 -9999 -9999 -9999 -9999 -9999 3.29915E-6 3.30055E-6 3.52543E-6 3.38777E-6 4.0197E-6 3.93371E-6 3.93706E-6 3.98409E-6 3.97374E-6 3.64202E-6 3.58062E-6 3.78907E-6 3.70411E-6 2.88141E-6 2.69366E-6 2.54541E-6 2.16736E-6 1.64889E-6 1.44795E-6 1.54802E-6 1.60167E-6 1.65987E-6 2.04475E-6 1.57186E-6 1.88757E-6 1.75175E-6 1.21371E-6 1.04952E-6 1.77327E-6 3.25047E-6 3.41244E-6 4.53656E-6 6.51613E-6 6.58271E-6 8.59037E-6 1.12535E-5 1.65527E-5 2.01665E-5 2.42325E-5 2.44344E-5
-9999 -9999 -9999 -9999 -9999 -9999 -9999 -9999 -9999 -9999 -9999 -9999 -9999 -9999 -9999 -9999 -9999 -9999 -9999 -9999 -9999 -9999 -9999 -9999 -9999 -9999 2.72418E-6 2.15763E-6 2.01739E-6 2.14363E-6 2.15282E-6 2.06089E-6 2.12547E-6 2.72561E-6 2.8292E-6 2.32749E-6 2.28108E-6 2.30934E-6 2.8069E-6 2.6894E-6 2.49738E-6 2.29522E-6 1.68195E-6 1.4985E-6 1.2651E-6 9.61254E-7 9.24483E-7 1.15795E-6 1.42107E-6 1.38917E-6 1.35957E-6 9.84282E-7 7.6373E-7 1.29741E-6 2.48024E-6 3.45887E-6 3.58356E-6 4.78005E-6 6.98295E-6 6.69301E-6 9.29123E-6 1.25345E-5 1.77811E-5 1.64318E-5 2.50164E-5 3.10476E-5
-9999 -9999 -9999 -9999 -9999 -9999 -9999 -9999 -9999 -9999 -9999 -9999 -9999 -9999 -9999 -9999 -9999 -9999 -9999 -9999 -9999 -9999 -9999 -9999 -9999 1.89794E-6 1.89676E-6 1.88472E-6 1.83152E-6 1.73231E-6 1.98497E-6 1.89074E-6 1.89105E-6 1.96853E-6 2.11505E-6 1.77556E-6 1.44161E-6 1.53036E-6 1.5415E-6 1.4434E-6 1.3966E-6 1.62793E-6 1.51098E-6 1.41713E-6 1.07519E-6 9.50174E-7 8.48717E-7 7.46491E-7 7.72432E-7 7.80882E-7 9.73417E-7 7.42204E-7 1.00983E-6 1.83861E-6 2.66795E-6 3.44932E-6 4.53224E-6 4.88362E-6 7.23926E-6 8.44546E-6 1.27663E-5 1.42176E-5 2.00324E-5 1.67181E-5 2.01271E-5 3.16982E-5
