catData/rasterBestHybridModels/Prubiginosus/RDbal_RM2_LQ/Prubiginosus_max.asc
ncols         409
nrows         350
xllcorner     60.897278365
yllcorner     5.843756025
cellsize      0.0892857
NODATA_value  -9999
[rows 87 to 115 of 350, columns 325 to 389 of 409]
-9999 -9999 -9999 -9999 -9999 -9999 -9999 -9999 -9999 -9999 -9999 -9999 -9999 -9999 -9999 -9999 -9999 -9999 -9999 -9999 -9999 -9999 -9999 -9999 -9999 -9999 -9999 -9999 -9999 -9999 -9999 -9999 -9999 -9999 -9999 -9999 -9999 -9999 -9999 -9999 -9999 -9999 -9999 -9999 -9999 -9999 -9999 -9999 -9999 -9999 -9999 -9999 1.72007E-6 1.93935E-6 3.57807E-6 -9999 -9999 -9999 -9999 -9999 -9999 -9999 -9999 1.34658E-6 8.51648E-7
-9999 -9999 -9999 -9999 -9999 -9999 -9999 -9999 -9999 -9999 -9999 -9999 -9999 -9999 -9999 -9999 -9999 -9999 -9999 -9999 -9999 -9999 -9999 -9999 -9999 -9999 -9999 -9999 -9999 -9999 -9999 -9999 -9999 -9999 -9999 -9999 -9999 -9999 -9999 -9999 -9999 -9999 -9999 -9999 -9999 -9999 -9999 -9999 -9999 2.41288E-6 2.76699E-6 1.98877E-6 2.41821E-6 4.72099E-6 5.54015E-6 1.49654E-5 2.20766E-5 -9999 -9999 -9999 -9999 -9999 -9999 1.70265E-6 1.30782E-6
-9999 -9999 -9999 -9999 -9999 -9999 -9999 -9999 -9999 -9999 -9999 -9999 -9999 -9999 -9999 -9999 -9999 -9999 -9999 -9999 -9999 -9999 -9999 -9999 -9999 -9999 -9999 -9999 -9999 -9999 -9999 -9999 -9999 -9999 -9999 -9999 -9999 -9999 -9999 -9999 -9999 -9999 -9999 -9999 -9999 -9999 -9999 -9999 2.83679E-6 2.72714E-6 5.62551E-6 6.87122E-6 6.02411E-6 9.05536E-6 1.39934E-5 2.47414E-5 2.43492E-5 2.34475E-5 1.78063E-5 7.29952E-6 -9999 -9999 3.85374E-6 2.75602E-6 3.02515E-6
-9999 -9999 -9999 -9999 -9999 -9999 -9999 -9999 -9999 -9999 -9999 -9999 -9999 -9999 -9999 -9999 -9999 -9999 -9999 -9999 -9999 -9999 -9999 -9999 -9999 -9999 -9999 -9999 -9999 -9999 -9999 -9999 -9999 -9999 -9999 -9999 -9999 -9999 -9999 -9999 -9999 -9999 -9999 -9999 -9999 -9999 -9999 4.05816E-6 4.04696E-6 3.40948E-6 7.38059E-6 1.60132E-5 1.31944E-5 1.71658E-5 3.23933E-5 3.5144E-5 3.20238E-5 2.84902E-5 2.02381E-5 8.03357E-6 5.22257E-6 7.03578E-6 5.58881E-6 4.13977E-6 5.54487E-6
-9999 -9999 -9999 -9999 -9999 -9999 -9999 -9999 -9999 -9999 -9999 -9999 -9999 -9999 -9999 -9999 -9999 -9999 -9999 -9999 -9999 -9999 -9999 -9999 -9999 -9999 -9999 -9999 -9999 -9999 -9999 -9999 -9999 -9999 -9999 -9999 -9999 -9999 -9999 -9999 -9999 -9999 -9999 -9999 -9999 -9999 -9999 6.08111E-6 9.0579E-6 8.2855E-6 9.25751E-6 2.21307E-5 3.13834E-5 3.64184E-5 4.67155E-5 4.54796E-5 3.74163E-5 3.13003E-5 2.43838E-5 1.092E-5 5.88534E-6 8.44315E-6 8.29516E-6 5.55454E-6 6.05873E-6
-9999 -9999 -9999 -9999 -9999 -9999 -9999 -9999 -9999 -9999 -9999 -9999 -9999 -9999 -9999 -9999 -9999 -9999 -9999 -9999 -9999 -9999 -9999 -9999 -9999 -9999 -9999 -9999 -9999 -9999 -9999 -9999 -9999 -9999 -9999 -9999 -9999 -9999 -9999 -9999 -9999 -9999 -9999 -9999 -9999 -9999 3.19825E-6 7.80345E-6 1.64449E-5 1.70788E-5 1.07104E-5 2.14931E-5 4.0888E-5 4.63537E-5 6.384E-5 5.23424E-5 4.15719E-5 3.16692E-5 2.69874E-5 1.68895E-5 8.54931E-6 7.48571E-6 1.13864E-5 1.0504E-5 5.96763E-6
-9999 -9999 -9999 -9999 -9999 -9999 -9999 -9999 -9999 -9999 -9999 -9999 -9999 -9999 -9999 -9999 -9999 -9999 -9999 -9999 -9999 -9999 -9999 -9999 -9999 -9999 -9999 -9999 -9999 -9999 -9999 -9999 -9999 -9999 -9999 -9999 -9999 -9999 -9999 -9999 -9999 -9999 -9999 -9999 -9999 3.86525E-6 4.69048E-6 8.31226E-6 2.0839E-5 2.43087E-5 1.54094E-5 1.97647E-5 4.3922E-5 5.67744E-5 6.36481E-5 5.49618E-5 4.51679E-5 3.39764E-5 2.10466E-5 1.66077E-5 1.16651E-5 9.03801E-6 8.01209E-6 9.23555E-6 8.27258E-6
-9999 -9999 -9999 -9999 -9999 -9999 -9999 -9999 -9999 -9999 -9999 -9999 -9999 -9999 -9999 -9999 -9999 -9999 -9999 -9999 -9999 -9999 -9999 -9999 -9999 -9999 -9999 -9999 -9999 -9999 -9999 -9999 -9999 -9999 -9999 -9999 -9999 -9999 5.1207E-6 2.57273E-6 2.00461E-6 3.23235E-6 2.36447E-6 2.6385E-6 3.12935E-6 9.53522E-6 1.32202E-5 1.55525E-5 2.24465E-5 3.1879E-5 2.58227E-5 2.64915E-5 4.68196E-5 6.14051E-5 5.2245E-5 4.86985E-5 4.37965E-5 3.478E-5 3.07434E-5 2.52055E-5 1.77183E-5 9.37846E-6 1.03728E-5 1.04279E-5 1.06408E-5
-9999 -9999 -9999 -9999 -9999 -9999 -9999 -9999 -9999 -9999 -9999 -9999 -9999 -9999 -9999 -9999 -9999 -9999 -9999 -9999 -9999 -9999 -9999 -9999 -9999 -9999 -9999 -9999 -9999 -9999 -9999 -9999 -9999 -9999 -9999 -9999 -9999 2.56168E-6 4.16744E-6 6.22959E-6 2.57287E-6 6.27941E-6 5.91504E-6 5.77179E-6 4.16217E-6 7.71855E-6 1.60152E-5 2.11512E-5 2.70422E-5 3.48219E-5 3.97757E-5 4.32705E-5 6.3182E-5 6.27805E-5 5.48117E-5 4.24451E-5 3.65545E-5 3.48573E-5 3.75966E-5 3.77069E-5 2.61731E-5 1.26846E-5 1.49509E-5 2.44898E-5 2.18048E-5
-9999 -9999 -9999 -9999 -9999 -9999 -9999 -9999 -9999 -9999 -9999 -9999 -9999 -9999 -9999 -9999 -9999 -9999 -9999 -9999 -9999 -9999 -9999 -9999 -9999 -9999 -9999 -9999 -9999 -9999 -9999 -9999 -9999 -9999 -9999 -9999 -9999 8.83858E-6 8.66099E-6 1.19225E-5 6.91271E-6 1.16611E-5 1.98601E-5 2.07554E-5 1.71247E-5 1.62282E-5 2.01802E-5 1.84571E-5 1.7495E-5 2.6932E-5 3.92377E-5 4.69963E-5 5.40694E-5 6.64843E-5 5.5718E-5 4.59752E-5 3.79841E-5 4.24983E-5 4.37293E-5 4.2191E-5 2.59723E-5 2.14517E-5 3.04963E-5 1.89417E-5 1.63867E-5
-9999 -9999 -9999 -9999 -9999 -9999 -9999 -9999 -9999 -9999 -9999 -9999 -9999 -9999 -9999 -9999 -9999 -9999 -9999 -9999 -9999 -9999 -9999 -9999 -9999 -9999 -9999 -9999 -9999 -9999 -9999 -9999 -9999 -9999 -9999 -9999 -9999 9.64755E-6 1.13035E-5 1.74809E-5 2.16571E-5 2.44953E-5 2.74614E-5 2.89923E-5 3.24265E-5 3.06076E-5 2.76854E-5 2.61099E-5 2.20222E-5 2.07335E-5 3.21554E-5 5.00556E-5 5.47152E-5 6.9756E-5 5.46743E-5 4.64805E-5 4.29119E-5 4.74516E-5 5.11282E-5 5.01455E-5 4.32988E-5 3.87521E-5 3.46717E-5 3.14458E-5 3.11989E-5
5.54969E-7 4.20975E-7 -9999 2.24974E-7 1.30525E-7 -9999 -9999 -9999 -9999 -9999 -9999 -9999 -9999 -9999 -9999 -9999 -9999 -9999 -9999 -9999 -9999 -9999 -9999 -9999 -9999 -9999 -9999 -9999 -9999 -9999 -9999 -9999 -9999 -9999 -9999 8.74545E-6 1.44779E-5 1.35282E-5 1.24259E-5 1.01381E-5 1.47058E-5 2.7886E-5 2.68267E-5 2.59889E-5 3.26683E-5 3.21303E-5 3.20519E-5 3.5047E-5 3.7349E-5 3.51278E-5 4.19697E-5 5.46802E-5 6.54228E-5 9.67109E-5 5.13744E-5 4.65924E-5 4.68763E-5 5.10695E-5 6.01774E-5 5.86966E-5 4.59332E-5 4.13061E-5 4.09252E-5 3.29104E-5 3.01214E-5
1.63087E-7 1.59221E-7 1.6251E-7 8.59069E-8 5.22141E-8 1.09105E-7 9.96181E-8 -9999 -9999 -9999 -9999 -9999 -9999 -9999 -9999 -9999 -9999 -9999 -9999 -9999 -9999 -9999 -9999 -9999 -9999 -9999 -9999 -9999 -9999 -9999 -9999 -9999 -9999 -9999 1.09802E-5 2.37248E-5 4.13644E-5 3.95527E-5 3.93972E-5 3.82669E-5 3.87515E-5 4.69588E-5 4.56868E-5 4.30904E-5 4.16943E-5 4.15542E-5 3.70078E-5 3.03605E-5 3.78315E-5 3.93937E-5 4.59157E-5 5.49391E-5 6.41548E-5 1.99026E-4 5.8467E-5 6.81864E-5 6.17435E-5 5.41301E-5 4.64609E-5 5.63435E-5 5.0368E-5 4.5395E-5 3.70942E-5 3.24171E-5 2.84062E-5
5.53706E-7 4.09057E-7 4.21825E-7 2.53365E-7 1.65112E-7 1.30063E-7 1.09199E-7 -9999 2.51581E-7 1.89268E-7 -9999 -9999 -9999 -9999 -9999 9.68223E-7 -9999 -9999 -9999 -9999 -9999 -9999 -9999 -9999 -9999 -9999 -9999 -9999 -9999 -9999 1.11673E-6 1.98434E-6 3.9039E-6 3.51903E-6 6.15442E-6 1.72348E-5 4.74354E-5 5.98403E-5 6.38544E-5 6.11798E-5 5.6888E-5 5.83883E-5 6.09532E-5 5.6138E-5 5.08621E-5 4.61131E-5 3.91874E-5 3.63545E-5 3.86719E-5 4.56201E-5 4.7739E-5 4.8558E-5 5.01536E-5 5.52674E-5 5.29471E-5 4.55574E-5 4.67594E-5 5.28435E-5 5.20865E-5 5.28531E-5 4.76474E-5 4.24292E-5 3.89065E-5 2.21431E-5 2.13733E-5
2.21916E-6 2.25278E-6 1.56757E-6 6.65695E-7 2.717E-7 2.34312E-7 2.8042E-7 2.63055E-7 3.30988E-7 2.58535E-7 7.02778E-7 1.49159E-6 3.05812E-6 7.0546E-6 3.52582E-6 1.34778E-6 1.08096E-6 1.13518E-6 -9999 -9999 -9999 -9999 -9999 -9999 -9999 -9999 -9999 -9999 -9999 -9999 -9999 1.22754E-6 4.18878E-6 1.02287E-5 1.39244E-5 2.52068E-5 4.03163E-5 5.14878E-5 6.56773E-5 6.8911E-5 6.90436E-5 7.15772E-5 6.8801E-5 6.01871E-5 5.4398E-5 5.11209E-5 4.6319E-5 5.21171E-5 3.96954E-5 3.58021E-5 3.81708E-5 4.07478E-5 4.07758E-5 4.0908E-5 4.81788E-5 3.75315E-5 4.01447E-5 4.49968E-5 4.07144E-5 3.2082E-5 2.37339E-5 2.17984E-5 2.95035E-5 2.55174E-5 1.3443E-5
2.3598E-6 3.85829E-6 1.24146E-6 4.96009E-7 3.22825E-7 4.62312E-7 5.36857E-7 5.93562E-7 8.59957E-7 8.47867E-7 1.25566E-6 2.0425E-6 4.25075E-6 1.00826E-5 5.15483E-6 3.34316E-6 3.62347E-6 1.88519E-6 1.73928E-6 1.8678E-6 -9999 -9999 -9999 -9999 -9999 -9999 -9999 -9999 -9999 -9999 2.0609E-6 4.50036E-6 4.97588E-6 1.3009E-5 2.63321E-5 3.84584E-5 4.65167E-5 5.13832E-5 5.56305E-5 6.28945E-5 6.06327E-5 6.59029E-5 6.93653E-5 6.07696E-5 5.5736E-5 5.9966E-5 5.63369E-5 4.88358E-5 5.65224E-5 3.03048E-5 3.21731E-5 3.18897E-5 3.21245E-5 3.01676E-5 3.19632E-5 3.12995E-5 3.15462E-5 3.10292E-5 3.33639E-5 1.60905E-5 1.65182E-5 1.84231E-5 2.0163E-5 2.13653E-5 1.9781E-5
4.18604E-6 8.04123E-6 2.96189E-6 8.96746E-7 6.95406E-7 1.15655E-6 1.37212E-6 1.22033E-6 1.69732E-6 1.9019E-6 2.32992E-6 3.87747E-6 9.77775E-6 1.902E-5 9.04122E-6 7.99514E-6 7.65534E-6 8.52139E-6 4.94654E-6 6.99252E-6 1.20882E-5 -9999 -9999 -9999 -9999 2.06426E-6 1.18197E-6 8.63296E-7 1.18121E-6 5.31441E-6 2.57458E-6 6.65633E-6 1.26996E-5 1.97176E-5 2.89857E-5 3.50436E-5 4.03522E-5 4.7371E-5 5.14535E-5 5.6059E-5 6.46233E-5 7.31223E-5 7.20985E-5 6.99104E-5 6.47708E-5 6.32485E-5 5.72613E-5 4.76971E-5 3.63392E-5 2.97341E-5 2.95911E-5 3.33677E-5 3.39917E-5 3.03315E-5 2.5046E-5 2.27389E-5 2.46407E-5 2.55927E-5 1.96752E-5 1.69569E-5 1.84853E-5 2.14299E-5 1.92364E-5 2.66137E-5 2.56284E-5
7.6887E-6 6.81651E-6 4.60911E-6 2.67872E-6 2.01763E-6 2.62448E-6 3.20842E-6 2.29298E-6 3.05978E-6 3.50636E-6 4.01194E-6 5.97793E-6 1.73048E-5 2.7581E-5 2.52072E-5 2.33603E-5 1.78942E-5 2.2038E-5 1.19294E-5 1.31894E-5 1.67011E-5 8.45742E-6 6.98271E-6 7.89522E-6 4.15531E-6 2.95228E-6 1.70168E-6 1.06116E-6 1.35566E-6 6.32699E-6 1.03457E-5 1.61424E-5 2.12023E-5 2.84756E-5 3.62024E-5 3.90507E-5 4.43524E-5 4.61698E-5 5.07513E-5 5.86677E-5 6.319E-5 6.87414E-5 6.91342E-5 6.56424E-5 5.27876E-5 4.95383E-5 4.73839E-5 4.06454E-5 3.33525E-5 2.92014E-5 3.18434E-5 3.34353E-5 3.40958E-5 3.23284E-5 3.0564E-5 2.3983E-5 2.74001E-5 2.41511E-5 2.12557E-5 1.79409E-5 2.73551E-5 2.03429E-5 3.10561E-5 3.88067E-5 4.13698E-5
3.15334E-5 7.50905E-6 5.96391E-6 7.13418E-6 4.47002E-6 6.58243E-6 7.48905E-6 5.35097E-6 6.2718E-6 6.79211E-6 7.89818E-6 8.42932E-6 1.70414E-5 3.07572E-5 4.55294E-5 3.92475E-5 2.89901E-5 4.26319E-5 3.1107E-5 2.45654E-5 2.82655E-5 1.40914E-5 1.26305E-5 1.25301E-5 7.80704E-6 4.51837E-6 3.76572E-6 2.08058E-6 3.40541E-6 9.56379E-6 1.81873E-5 2.53322E-5 2.54763E-5 3.01274E-5 3.41437E-5 3.71822E-5 4.02682E-5 3.93458E-5 4.32197E-5 5.15464E-5 6.02046E-5 6.048E-5 6.12195E-5 6.03264E-5 5.38585E-5 4.52564E-5 4.34229E-5 3.69383E-5 2.95933E-5 3.06614E-5 3.39953E-5 3.69854E-5 3.83504E-5 3.29571E-5 2.90084E-5 2.44245E-5 1.46037E-5 1.39556E-5 2.47353E-5 3.17761E-5 2.52147E-5 2.25829E-5 2.86396E-5 8.1511E-5 3.12442E-5
3.40556E-5 2.36161E-5 8.40641E-6 1.10425E-5 1.10559E-5 1.50036E-5 1.54472E-5 1.00214E-5 9.76597E-6 1.21456E-5 1.43934E-5 1.14361E-5 2.18027E-5 2.16392E-5 5.34195E-5 3.27909E-5 2.98055E-5 4.94455E-5 4.80689E-5 5.82884E-5 5.45014E-5 3.818E-5 2.78093E-5 1.588E-5 8.74695E-6 6.43404E-6 8.71652E-6 6.38796E-6 9.81567E-6 1.26418E-5 1.7193E-5 2.38224E-5 2.68816E-5 2.79686E-5 2.89268E-5 3.19632E-5 3.63E-5 3.06914E-5 3.29627E-5 4.54444E-5 5.25205E-5 5.39235E-5 5.37491E-5 5.15969E-5 4.68974E-5 3.82893E-5 4.12955E-5 3.43596E-5 3.17673E-5 3.39106E-5 3.87333E-5 3.25568E-5 4.0001E-5 3.51944E-5 2.50775E-5 2.84224E-5 3.34988E-5 5.68935E-5 5.6747E-5 3.55939E-5 3.27606E-5 2.84377E-5 8.22061E-5 1.46012E-4 8.85445E-5
1.65008E-5 1.13362E-5 1.89201E-5 1.62798E-5 1.74755E-5 2.05644E-5 1.33396E-5 1.21852E-5 1.18541E-5 1.5023E-5 1.37792E-5 7.5522E-6 2.68682E-5 5.2735E-5 3.09957E-5 1.43625E-5 4.32902E-5 6.30721E-5 8.65663E-5 8.36072E-5 6.71797E-5 2.67172E-5 2.40886E-5 1.27679E-5 1.31984E-5 1.74054E-5 1.98907E-5 1.52697E-5 1.6616E-5 1.83711E-5 1.7336E-5 2.54238E-5 2.59004E-5 2.541E-5 2.48186E-5 2.88232E-5 3.40442E-5 2.97746E-5 2.82788E-5 4.07215E-5 4.61269E-5 4.32411E-5 4.17082E-5 4.24806E-5 4.10121E-5 4.09898E-5 4.07848E-5 3.79365E-5 3.57232E-5 2.29831E-5 2.51404E-5 1.31893E-5 3.17264E-5 4.65321E-5 4.58375E-5 5.67825E-5 4.37532E-5 5.45046E-5 4.98375E-5 3.60906E-5 4.78105E-5 7.63168E-5 1.20267E-4 7.68195E-5 6.77877E-5
5.88502E-5 1.14889E-5 2.28583E-5 1.66172E-5 5.66131E-6 2.08684E-5 3.09875E-5 2.95986E-5 1.68644E-5 4.80282E-6 6.46432E-6 6.06014E-6 9.46465E-6 1.41891E-4 9.16935E-5 7.30049E-5 8.28276E-5 9.22015E-5 8.75872E-5 5.79178E-5 6.55229E-5 4.02194E-5 1.78972E-5 1.31167E-5 2.28364E-5 2.67201E-5 1.76178E-5 1.43019E-5 1.71627E-5 2.8383E-5 2.60364E-5 3.14947E-5 2.53239E-5 2.6424E-5 2.28199E-5 2.38191E-5 2.60648E-5 2.50329E-5 2.31257E-5 2.92821E-5 3.81863E-5 3.77026E-5 3.60049E-5 3.72664E-5 3.77441E-5 3.66452E-5 4.02037E-5 4.61921E-5 4.62466E-5 3.50588E-5 3.36818E-5 3.40452E-5 1.98742E-5 2.84909E-5 4.04843E-5 6.19023E-5 3.57493E-5 5.41515E-5 4.64023E-5 8.61641E-5 5.80926E-5 4.12972E-5 8.39128E-5 5.6687E-5 4.19958E-5
6.4692E-5 1.37134E-4 6.0223E-5 4.75692E-5 8.27789E-6 1.74084E-5 1.57622E-5 2.31281E-5 1.29397E-5 2.29122E-5 2.44367E-5 2.91888E-5 1.23927E-5 7.34068E-5 1.05623E-4 9.35851E-5 1.26006E-4 1.9085E-4 1.63009E-4 9.13418E-5 1.89166E-5 3.17837E-5 9.99496E-6 7.79819E-6 1.85206E-5 2.45762E-5 2.82547E-5 3.44232E-5 3.71019E-5 2.45434E-5 3.45044E-5 2.93117E-5 1.86903E-5 1.82094E-5 1.69337E-5 1.87497E-5 3.0463E-5 2.96739E-5 2.91851E-5 2.9326E-5 3.23101E-5 3.51913E-5 3.47842E-5 3.83667E-5 3.42535E-5 4.04755E-5 4.00962E-5 3.8824E-5 3.71841E-5 5.27325E-5 3.97914E-5 4.29283E-5 4.92131E-5 6.0957E-5 5.15014E-5 4.23942E-5 2.58503E-5 3.50098E-5 6.83465E-5 3.74262E-5 4.91738E-5 8.25239E-5 5.74349E-5 4.10026E-5 3.2363E-5
7.36326E-5 1.28399E-4 1.68705E-4 6.90877E-5 1.27125E-5 1.34326E-5 6.51451E-5 1.48466E-4 6.76824E-5 6.55247E-5 5.79991E-5 6.64975E-5 4.89587E-5 7.32763E-5 3.83819E-4 1.98568E-4 4.82533E-4 2.72161E-4 1.08011E-4 7.27197E-5 1.12014E-4 9.01645E-5 8.12548E-5 1.03092E-5 2.27024E-5 2.89064E-5 3.62284E-5 4.10491E-5 4.4589E-5 4.31844E-5 2.34757E-5 3.05708E-5 2.99532E-5 3.00275E-5 3.43346E-5 3.6795E-5 4.08068E-5 3.45748E-5 3.39771E-5 3.26894E-5 3.15452E-5 3.71592E-5 3.62757E-5 3.78871E-5 4.31295E-5 3.81636E-5 4.41943E-5 4.24304E-5 5.38487E-5 3.90954E-5 5.39481E-5 3.20688E-5 4.75013E-5 5.49255E-5 3.09184E-5 4.26716E-5 5.63298E-5 8.92044E-5 6.59735E-5 5.05728E-5 4.99181E-5 1.45864E-4 1.29772E-4 1.03277E-4 3.39859E-5
8.3549E-5 9.55577E-5 1.89517E-4 1.74982E-4 1.46931E-4 1.65158E-4 1.75242E-4 1.7006E-4 1.62861E-4 7.85247E-5 8.18427E-5 8.16523E-5 7.66262E-5 7.36262E-5 1.73285E-4 1.94391E-4 3.88952E-4 2.50211E-4 2.46262E-4 9.51302E-5 6.57436E-5 5.59457E-5 7.11697E-5 1.9797E-5 4.09114E-5 4.08199E-5 4.11811E-5 4.10865E-5 2.47513E-5 2.54787E-5 3.29194E-5 3.38214E-5 3.42948E-5 3.37925E-5 3.6602E-5 4.14539E-5 4.3748E-5 4.15244E-5 4.10396E-5 3.95819E-5 3.73434E-5 3.28259E-5 3.29301E-5 3.91107E-5 4.42625E-5 3.49735E-5 4.55998E-5 4.41445E-5 1.32614E-5 2.13196E-5 4.02223E-5 4.38769E-5 4.46158E-5 3.95254E-5 4.65947E-5 7.96487E-5 4.7184E-5 3.95051E-5 4.00439E-5 3.73555E-5 7.11387E-5 1.23151E-4 2.51199E-4 3.24845E-5 2.75232E-5
1.95464E-4 2.12596E-4 2.95866E-4 2.01875E-4 1.91957E-4 1.81536E-4 1.84213E-4 1.90427E-4 1.96898E-4 1.90543E-4 8.6559E-5 8.63692E-5 8.64194E-5 7.84645E-5 6.93131E-5 8.24954E-5 1.04448E-4 1.32276E-4 1.30799E-4 9.38864E-5 7.07743E-5 6.04161E-5 6.36014E-5 2.52045E-5 2.74983E-5 4.88661E-5 2.87302E-5 2.67896E-5 2.5352E-5 3.51332E-5 2.69013E-5 3.78037E-5 3.88634E-5 3.91477E-5 3.51707E-5 3.73727E-5 3.82495E-5 3.49741E-5 3.74824E-5 3.53939E-5 3.5742E-5 3.61322E-5 3.94615E-5 3.71704E-5 4.01254E-5 3.89067E-5 3.34139E-5 4.53229E-5 3.01788E-5 3.28542E-5 3.59874E-5 5.80563E-5 6.88847E-5 6.14025E-5 3.56981E-5 3.61803E-5 5.10778E-5 5.35511E-5 7.25815E-5 5.16642E-5 9.90668E-5 3.21093E-5 3.37191E-5 3.34382E-5 3.14615E-5
2.19485E-4 1.9029E-4 1.32406E-4 1.1385E-4 9.38654E-5 8.59815E-5 1.03267E-4 1.00347E-4 1.01213E-4 9.76288E-5 1.07461E-4 5.68426E-5 6.92974E-5 6.61452E-5 7.99696E-5 6.29494E-5 6.84063E-5 7.7524E-5 9.31204E-5 7.11267E-5 5.64214E-5 5.20342E-5 2.982E-5 2.79094E-5 3.33032E-5 2.64624E-5 3.78771E-5 3.82403E-5 3.47712E-5 4.03146E-5 4.05932E-5 4.043E-5 4.00312E-5 4.11908E-5 3.61775E-5 4.13504E-5 4.15508E-5 3.80726E-5 4.0658E-5 4.04651E-5 4.13472E-5 4.24931E-5 3.43157E-5 3.13669E-5 3.32044E-5 4.64503E-5 2.34376E-5 1.78119E-5 2.47845E-5 2.8192E-5 3.2338E-5 6.12007E-5 4.72085E-5 3.50442E-5 5.00409E-5 1.18405E-4 2.45102E-4 1.32584E-4 8.52538E-5 3.36532E-5 3.20713E-5 3.42832E-5 3.54688E-5 3.55655E-5 3.25946E-5
8.70114E-5 5.4344E-5 5.30361E-5 6.8407E-5 7.1588E-5 7.56909E-5 5.82314E-5 7.79132E-5 7.19194E-5 6.36512E-5 6.96882E-5 8.09489E-5 6.10944E-5 7.13505E-5 8.228E-5 7.0627E-5 4.33114E-5 7.52011E-5 6.60342E-5 5.69698E-5 4.42606E-5 4.17839E-5 3.92501E-5 3.87927E-5 3.20557E-5 3.79269E-5 3.61789E-5 4.40978E-5 3.31063E-5 3.01953E-5 3.87383E-5 4.7724E-5 4.30963E-5 3.8638E-5 4.19521E-5 3.2855E-5 5.23501E-5 3.4625E-5 5.02671E-5 3.63329E-5 5.26963E-5 5.00937E-5 5.32024E-5 4.12551E-5 3.24705E-5 3.88321E-5 3.50491E-5 3.81016E-5 3.54266E-5 2.21749E-5 1.13068E-4 8.17467E-5 4.17166E-5 5.49223E-5 5.6402E-5 1.4063E-4 6.53885E-5 4.04145E-4 3.86484E-5 3.40107E-5 3.28615E-5 3.30235E-5 3.42944E-5 3.41081E-5 -9999
1.17538E-4 6.17482E-5 1.09062E-4 1.15392E-4 7.00911E-5 1.19924E-4 8.81227E-5 8.88884E-5 1.22027E-4 9.75379E-5 4.78428E-5 1.08118E-4 9.71984E-5 8.04836E-5 8.66871E-5 7.38682E-5 7.4823E-5 6.46822E-5 3.354E-5 2.5775E-5 2.61359E-5 3.0643E-5 3.55991E-5 4.10703E-5 2.15718E-5 2.02577E-5 4.10241E-5 3.60509E-5 3.31085E-5 3.75473E-5 3.21462E-5 4.27763E-5 4.28575E-5 6.13037E-5 5.40161E-5 5.53749E-5 5.84737E-5 5.8452E-5 5.51617E-5 4.01207E-5 2.76108E-5 2.25991E-5 2.27546E-5 4.4872E-5 3.49243E-5 3.15766E-5 2.61841E-5 4.15112E-5 1.21145E-4 1.64333E-4 1.31469E-4 8.24742E-5 8.12978E-5 2.39186E-4 1.54949E-4 2.05293E-4 3.61693E-5 4.10768E-5 3.58355E-5 3.55837E-5 3.18636E-5 3.03685E-5 3.06758E-5 -9999 -9999
