catData/rasterBestHybridModels/Prubiginosus/RDbal_RM2_LQ/Prubiginosus_stddev.asc
ncols         409
nrows         350
xllcorner     60.897278365
yllcorner     5.843756025
cellsize      0.0892857
NODATA_value  -9999
[rows 116 to 144 of 350, columns 330 to 395 of 409]
1.95478E-5 8.12545E-6 6.83899E-6 7.26167E-6 7.05301E-6 6.92175E-6 6.45665E-6 6.79226E-6 6.75887E-6 4.98698E-6 7.94949E-6 6.31364E-6 6.07619E-6 4.88408E-6 4.12691E-6 4.65351E-6 8.416E-6 4.89427E-6 4.30196E-6 5.04154E-6 5.00029E-6 8.06834E-6 7.57201E-6 1.31222E-5 1.32231E-5 1.3605E-5 1.36231E-5 8.22699E-6 9.1841E-6 8.12296E-6 5.31365E-6 5.39633E-6 5.04501E-6 4.82395E-6 6.15116E-6 5.1173E-6 5.04803E-6 5.4363E-6 7.22147E-6 7.44606E-6 3.37932E-5 2.96316E-5 4.79614E-5 4.09648E-5 3.00931E-5 2.28962E-5 3.09071E-5 7.70853E-5 5.87309E-6 3.78981E-6 6.03826E-6 6.78553E-6 7.53409E-6 8.16221E-6 9.02628E-6 8.93619E-6 8.43642E-6 -9999 -9999 -9999 -9999 -9999 -9999 -9999 -9999 -9999
2.36907E-5 5.37946E-6 6.52343E-6 6.00863E-6 6.70315E-6 6.6095E-6 5.6816E-6 5.82468E-6 9.51478E-6 4.55602E-6 3.9807E-6 4.23116E-6 4.44977E-6 4.4498E-6 5.17465E-6 5.43484E-6 7.11557E-6 5.85502E-6 5.76707E-6 5.86618E-6 7.89712E-6 9.00569E-6 5.30029E-6 6.30978E-6 5.92755E-6 5.79569E-6 5.76744E-6 8.37027E-6 8.51905E-6 8.03049E-6 7.20288E-6 7.18893E-6 7.24345E-6 1.64817E-5 1.5879E-5 1.76293E-5 2.05762E-5 1.80914E-5 1.00375E-5 1.90579E-5 3.80822E-5 4.97729E-5 4.56062E-5 4.18453E-5 2.76096E-5 1.76619E-4 3.51951E-6 4.68977E-6 5.5923E-6 6.55641E-6 6.30797E-6 7.21204E-6 7.86004E-6 8.78849E-6 -9999 -9999 -9999 -9999 -9999 -9999 -9999 -9999 -9999 -9999 -9999 -9999
1.51387E-5 4.23791E-6 3.83684E-6 3.55606E-6 3.60431E-6 1.13905E-5 4.01609E-6 7.14726E-6 8.86137E-6 9.73968E-6 7.58232E-6 6.06777E-6 5.91713E-6 2.11836E-6 5.39903E-6 5.05902E-6 5.63599E-6 9.9713E-6 5.69532E-6 9.15727E-6 7.85253E-6 5.91767E-6 6.3711E-6 6.17501E-6 4.71E-6 5.31105E-6 7.47972E-6 7.60724E-6 7.92738E-6 8.03853E-6 7.33579E-6 1.02335E-5 1.40426E-5 1.17099E-5 1.22435E-5 1.17912E-5 1.0988E-5 1.37161E-5 3.83847E-5 2.73041E-5 3.28157E-5 5.01424E-5 2.83297E-5 3.49018E-5 1.138E-4 7.66657E-6 3.84092E-6 5.82475E-6 7.24927E-6 8.3687E-6 7.34342E-6 9.73266E-6 1.01225E-5 -9999 -9999 -9999 -9999 -9999 -9999 -9999 -9999 -9999 -9999 -9999 -9999 -9999
8.33597E-6 7.86854E-6 3.68515E-6 4.87767E-6 5.42164E-6 9.30185E-6 1.09341E-5 1.3992E-5 5.38774E-6 6.89961E-6 6.27799E-6 8.89572E-6 4.97845E-6 5.54344E-6 3.22729E-6 5.14357E-6 5.01625E-6 1.24982E-5 7.59947E-6 1.5651E-5 8.38992E-6 6.41089E-6 3.68981E-6 4.484E-6 2.61191E-6 4.64762E-6 7.91516E-6 1.14661E-5 1.60291E-5 2.18102E-5 1.92278E-5 1.72159E-5 1.76049E-5 1.15207E-5 8.57608E-6 8.20672E-6 8.38882E-6 1.90458E-5 3.92881E-5 5.44037E-5 1.80158E-5 2.76729E-5 7.04601E-6 4.04896E-6 5.12156E-6 7.08429E-6 5.18731E-6 6.80316E-6 8.6079E-6 9.51574E-6 8.64762E-6 1.03068E-5 1.24334E-5 -9999 -9999 -9999 -9999 -9999 -9999 -9999 -9999 -9999 -9999 -9999 -9999 -9999
7.15363E-6 8.34161E-6 1.16256E-5 1.02684E-5 7.52803E-6 3.64083E-6 9.74591E-6 1.16393E-5 3.39133E-6 4.39826E-6 4.83669E-6 2.84601E-6 3.62344E-6 2.54553E-6 2.37605E-6 6.9235E-6 6.52206E-6 5.60533E-6 8.04009E-6 7.74699E-6 4.02729E-6 4.10855E-6 3.79516E-6 7.64356E-6 6.72534E-6 1.32004E-5 2.53782E-5 2.42126E-5 3.57476E-5 1.17112E-5 1.11407E-5 1.16219E-5 1.10696E-5 9.79268E-6 7.69747E-6 8.64662E-6 1.97191E-5 2.11773E-5 2.74487E-5 2.36293E-5 7.81673E-6 1.63083E-5 3.75514E-6 5.39594E-6 4.91071E-6 7.07663E-6 7.2123E-6 7.7157E-6 9.73002E-6 1.08159E-5 9.71434E-6 1.13863E-5 1.21746E-5 1.21763E-5 -9999 -9999 -9999 -9999 -9999 -9999 -9999 -9999 -9999 -9999 -9999 -9999
1.52849E-5 5.42726E-6 9.53908E-6 5.4191E-6 3.98745E-6 4.3905E-6 5.08926E-6 7.98614E-6 8.00019E-6 8.48117E-6 1.48488E-5 6.15334E-6 5.21985E-6 5.62289E-6 7.38858E-6 5.97475E-6 6.11332E-6 6.05208E-6 6.02119E-6 5.99034E-6 5.38904E-6 4.4943E-6 1.12944E-5 1.07577E-5 9.81904E-6 1.56643E-5 2.52209E-5 3.69829E-5 1.94061E-5 1.56228E-5 1.01338E-5 9.39113E-6 1.03674E-5 1.04781E-5 9.6663E-6 2.22476E-5 1.99104E-5 1.64931E-5 1.72124E-5 4.97923E-6 2.31881E-5 5.02927E-6 5.97142E-6 6.5657E-6 6.47568E-6 7.1123E-6 8.08308E-6 9.85928E-6 1.17275E-5 1.21617E-5 1.17299E-5 1.21469E-5 1.19511E-5 1.26357E-5 -9999 -9999 -9999 -9999 -9999 -9999 -9999 -9999 -9999 -9999 -9999 -9999
4.68234E-5 4.07745E-5 3.74607E-5 1.88093E-5 1.04833E-5 9.33966E-6 8.52572E-6 1.24295E-5 7.01953E-6 7.691E-6 6.5365E-6 6.09917E-6 5.81576E-6 7.95635E-6 7.30048E-6 8.45698E-6 8.0121E-6 7.55049E-6 8.08515E-6 6.20772E-6 6.92111E-6 1.39748E-5 1.65924E-5 1.41766E-5 1.00461E-5 1.69823E-5 3.49121E-5 3.60818E-5 1.92006E-5 1.68974E-5 9.99017E-6 8.45718E-6 8.88832E-6 8.948E-6 9.3641E-6 2.39047E-5 2.08293E-5 2.40228E-5 1.05196E-5 2.53298E-5 5.92491E-5 6.09606E-6 6.72884E-6 7.85122E-6 8.20153E-6 8.56706E-6 1.08683E-5 1.24348E-5 1.28695E-5 1.30899E-5 1.2649E-5 1.22586E-5 1.37657E-5 -9999 -9999 -9999 -9999 -9999 -9999 -9999 -9999 -9999 -9999 -9999 -9999 -9999
2.76485E-5 6.12152E-5 5.67195E-5 3.26016E-5 4.80671E-5 4.92643E-5 2.51586E-5 4.51741E-6 7.46589E-6 2.27305E-5 3.188E-5 3.0716E-5 1.0776E-5 7.72493E-6 2.3215E-5 8.16156E-6 3.55616E-5 2.7959E-5 2.29797E-5 1.42963E-5 1.79718E-5 1.98295E-5 3.39453E-5 1.92173E-5 1.2446E-5 1.3878E-5 1.66397E-5 3.12176E-5 3.99335E-5 2.30463E-5 1.56006E-5 9.27764E-6 8.28483E-6 7.88757E-6 2.02201E-5 2.21415E-5 2.26489E-5 2.05919E-5 4.27718E-5 3.00939E-5 4.16877E-6 6.18765E-6 7.01794E-6 8.94115E-6 9.37507E-6 9.5157E-6 1.18446E-5 1.31748E-5 1.36104E-5 1.25047E-5 1.28796E-5 1.19821E-5 1.29757E-5 1.28944E-5 -9999 -9999 -9999 -9999 -9999 -9999 -9999 -9999 -9999 -9999 -9999 -9999
7.73686E-5 2.46035E-5 2.27627E-5 4.81994E-5 4.50467E-5 5.17419E-5 4.88038E-5 4.38122E-5 4.07017E-5 4.68309E-5 1.36239E-5 1.41475E-4 8.82411E-5 7.29646E-5 1.99102E-5 2.95878E-5 3.43831E-5 2.1078E-5 1.29181E-5 2.32889E-5 1.73223E-5 3.52235E-5 3.34857E-5 2.6769E-5 2.45694E-5 2.1404E-5 1.98323E-5 2.02329E-5 4.66582E-5 5.7592E-5 3.54608E-5 2.09571E-5 1.18953E-5 1.33562E-5 1.31733E-5 1.41715E-5 2.27354E-5 3.52809E-5 4.69484E-5 3.58135E-6 4.6841E-6 6.81624E-6 8.2196E-6 9.58117E-6 9.12693E-6 1.02118E-5 1.28608E-5 1.36044E-5 1.37032E-5 1.30564E-5 1.14004E-5 1.19042E-5 1.30583E-5 -9999 -9999 -9999 -9999 -9999 -9999 -9999 -9999 -9999 -9999 -9999 -9999 -9999
4.92949E-5 4.65812E-5 4.57331E-5 2.46728E-5 2.671E-5 3.86311E-5 3.04932E-5 4.9163E-5 4.68685E-5 2.01526E-4 1.90172E-5 1.41616E-5 1.58079E-5 1.55688E-5 8.59458E-6 6.06269E-6 5.43483E-6 7.06516E-6 7.609E-6 6.60929E-6 5.40351E-6 6.36188E-6 1.81087E-5 2.5766E-5 2.20873E-5 2.29398E-5 3.57292E-5 2.20562E-5 2.26584E-5 2.50019E-5 2.21069E-5 1.28129E-5 9.70054E-6 1.27833E-5 2.61699E-5 2.14278E-5 3.13376E-5 1.39782E-4 7.00711E-6 4.74253E-6 4.22879E-6 6.87582E-6 9.72987E-6 1.0231E-5 9.76042E-6 1.07969E-5 1.1285E-5 1.3134E-5 1.25894E-5 1.25749E-5 1.1566E-5 1.26848E-5 -9999 -9999 -9999 -9999 -9999 -9999 -9999 -9999 -9999 -9999 -9999 -9999 -9999 -9999
2.62768E-5 2.14559E-5 1.03104E-5 1.11951E-5 1.49023E-5 1.40687E-5 1.3376E-5 2.02528E-5 1.98631E-5 1.88631E-5 1.37447E-5 1.02299E-5 1.04596E-5 1.28073E-5 1.12295E-5 1.03096E-5 1.02458E-5 1.0501E-5 8.46384E-6 8.13815E-6 7.16829E-6 7.76334E-6 7.99249E-6 6.77035E-5 3.08559E-5 2.83385E-5 1.62177E-5 1.37841E-5 1.2817E-5 9.39467E-6 9.8982E-6 9.51022E-6 8.49415E-6 1.01184E-5 9.5928E-6 1.02886E-5 8.4838E-5 4.20736E-6 8.44431E-6 6.83675E-6 6.20745E-6 7.53926E-6 9.33176E-6 9.56232E-6 1.09628E-5 1.17598E-5 1.15058E-5 1.14465E-5 1.08491E-5 1.02333E-5 1.24085E-5 1.16711E-5 9.95642E-6 -9999 -9999 -9999 -9999 -9999 -9999 -9999 -9999 -9999 -9999 -9999 -9999 -9999
2.66428E-5 4.98024E-5 1.32062E-5 1.31413E-5 1.34097E-5 1.46829E-5 1.64301E-5 1.46498E-5 1.36899E-5 1.36239E-5 1.35559E-5 1.35981E-5 1.45667E-5 1.53814E-5 1.76296E-5 1.86621E-5 1.72309E-5 1.90825E-5 3.07631E-5 1.48935E-5 1.64693E-5 1.66857E-5 1.43602E-5 1.76427E-5 9.14426E-6 8.24876E-6 3.45295E-5 2.99855E-5 3.34131E-5 8.24618E-6 7.52339E-6 1.38074E-5 8.28839E-6 7.47652E-6 2.29459E-5 5.01495E-5 5.43131E-6 4.83707E-6 5.58318E-6 4.75405E-6 7.64999E-6 8.50503E-6 9.5814E-6 1.01632E-5 1.29996E-5 1.28159E-5 1.13947E-5 1.05825E-5 9.4569E-6 1.0855E-5 1.0194E-5 9.78863E-6 -9999 -9999 -9999 -9999 -9999 -9999 -9999 -9999 -9999 -9999 -9999 -9999 -9999 -9999
3.337E-5 5.17235E-5 1.95585E-5 1.59412E-5 1.48584E-5 1.59968E-5 1.66146E-5 1.27661E-5 1.32636E-5 1.29052E-5 1.40134E-5 1.51297E-5 1.84365E-5 1.66938E-5 2.5297E-5 1.78779E-5 2.08404E-5 1.41125E-5 1.98636E-5 1.34624E-5 1.97752E-5 2.87369E-5 1.69252E-5 1.51155E-5 1.40931E-5 9.87589E-6 9.00547E-6 8.1688E-6 8.27101E-6 5.74404E-6 5.29293E-6 5.90068E-6 5.94763E-6 5.86588E-6 5.90326E-6 6.18251E-6 7.06293E-6 6.99205E-6 7.8335E-6 1.06733E-5 1.23864E-5 1.15336E-5 1.10309E-5 1.19621E-5 1.37219E-5 1.35715E-5 1.24265E-5 1.05273E-5 9.99696E-6 9.38896E-6 8.68104E-6 -9999 -9999 -9999 -9999 -9999 -9999 -9999 -9999 -9999 -9999 -9999 -9999 -9999 -9999 -9999
1.61239E-5 2.38062E-5 1.31839E-5 2.03095E-5 2.3551E-5 1.67126E-5 1.73392E-5 1.18745E-5 1.16721E-5 1.21204E-5 1.3942E-5 1.2272E-5 1.3148E-5 1.84004E-5 2.36902E-5 2.43919E-5 2.38065E-5 2.1057E-5 2.26604E-5 4.0967E-5 2.91375E-5 1.8132E-5 1.3017E-5 1.37595E-5 1.07183E-5 9.20204E-6 8.16051E-6 7.46246E-6 8.44759E-6 5.76977E-6 4.79934E-6 5.36556E-6 5.95027E-6 6.19043E-6 6.61447E-6 7.42348E-6 8.66672E-6 9.01976E-6 9.66421E-6 1.16079E-5 1.26017E-5 1.32299E-5 1.23389E-5 1.72207E-5 1.40128E-5 1.56741E-5 1.3112E-5 1.124E-5 1.06933E-5 8.54338E-6 -9999 -9999 -9999 -9999 -9999 -9999 -9999 -9999 -9999 -9999 -9999 -9999 -9999 -9999 -9999 -9999
1.1205E-5 1.06986E-5 1.22047E-5 1.52137E-5 4.15124E-5 1.26647E-5 1.02643E-5 1.03702E-5 1.01916E-5 1.08567E-5 1.06917E-5 1.26386E-5 1.81272E-5 2.0719E-5 2.27043E-5 2.46232E-5 1.33713E-5 9.72022E-6 1.27313E-5 1.49249E-5 1.79853E-5 1.78353E-5 2.19342E-5 1.7217E-5 1.22712E-5 1.21936E-5 8.25204E-6 6.72903E-6 5.97787E-6 5.17724E-6 4.52225E-6 4.98853E-6 5.50897E-6 5.76454E-6 6.91152E-6 8.25359E-6 9.90922E-6 9.60358E-6 9.84719E-6 1.18285E-5 1.10827E-5 1.16764E-5 1.34313E-5 1.42964E-5 1.3989E-5 1.88705E-5 1.31859E-5 1.34346E-5 1.03887E-5 -9999 -9999 -9999 -9999 -9999 -9999 -9999 -9999 -9999 -9999 -9999 -9999 -9999 -9999 -9999 -9999 -9999
5.25394E-5 6.58719E-5 1.97049E-5 1.40935E-5 1.39426E-5 9.16855E-6 8.40263E-6 8.62148E-6 8.8962E-6 9.90109E-6 1.08207E-5 1.20314E-5 1.02682E-5 1.1035E-5 1.28703E-5 1.21829E-5 9.6082E-6 9.46023E-6 1.09387E-5 1.28096E-5 1.32827E-5 9.98291E-6 8.50257E-6 1.11365E-5 1.13046E-5 1.20624E-5 1.02508E-5 8.03383E-6 6.39214E-6 5.2424E-6 4.46389E-6 4.79246E-6 6.58848E-6 6.68179E-6 8.03002E-6 9.06733E-6 9.61514E-6 9.39866E-6 1.23205E-5 1.36802E-5 1.27697E-5 1.35927E-5 1.59946E-5 1.50168E-5 1.40341E-5 1.49875E-5 1.45967E-5 1.29128E-5 -9999 -9999 -9999 -9999 -9999 -9999 -9999 -9999 -9999 -9999 -9999 -9999 -9999 -9999 -9999 -9999 -9999 -9999
2.2125E-5 2.3126E-5 3.0654E-5 3.08299E-5 5.38546E-5 9.69292E-6 9.7566E-6 9.99834E-6 8.01878E-6 9.21533E-6 1.02154E-5 1.02077E-5 1.0221E-5 1.04687E-5 9.9701E-6 8.63426E-6 7.23137E-6 8.784E-6 7.58714E-6 8.07761E-6 1.11755E-5 1.16961E-5 1.05741E-5 9.49257E-6 9.64285E-6 1.02099E-5 9.17693E-6 1.03614E-5 6.99566E-6 5.98195E-6 5.7408E-6 5.74614E-6 6.79524E-6 8.0392E-6 9.38309E-6 9.52299E-6 9.1353E-6 1.09313E-5 1.34542E-5 1.38587E-5 1.29868E-5 1.24836E-5 1.35328E-5 1.82328E-5 1.57913E-5 1.32369E-5 1.41805E-5 1.33689E-5 -9999 -9999 -9999 -9999 -9999 -9999 -9999 -9999 -9999 -9999 -9999 -9999 -9999 -9999 -9999 -9999 -9999 -9999
6.40653E-6 6.07146E-6 5.91375E-6 6.40029E-6 4.98175E-6 5.69161E-6 5.82964E-6 7.23993E-6 4.9477E-6 3.2814E-6 5.0271E-6 7.26835E-6 3.04701E-5 1.24098E-5 9.93861E-6 9.95147E-6 3.00672E-5 3.21157E-5 4.21302E-5 2.05775E-4 6.75465E-6 6.83451E-6 6.8261E-6 7.21673E-6 7.50052E-6 9.7288E-6 9.10952E-6 7.88011E-6 7.06899E-6 6.64483E-6 6.15071E-6 6.36948E-6 7.62719E-6 8.36902E-6 9.10535E-6 9.79606E-6 9.96942E-6 1.16275E-5 1.40116E-5 1.34599E-5 1.23911E-5 1.26495E-5 1.33762E-5 1.48561E-5 1.46382E-5 1.15322E-5 1.51389E-5 1.33335E-5 1.21721E-5 -9999 -9999 -9999 -9999 -9999 -9999 -9999 -9999 -9999 -9999 -9999 -9999 -9999 -9999 -9999 -9999 -9999
2.29242E-6 1.69705E-6 2.49539E-6 1.82173E-6 2.7372E-6 4.1143E-6 2.17836E-6 4.51751E-6 1.35385E-6 1.85095E-6 2.83248E-6 2.45255E-6 3.69923E-6 4.03953E-6 3.46024E-6 2.64722E-6 2.7651E-6 4.39596E-6 6.71254E-6 2.1769E-5 7.87219E-5 5.08575E-5 5.14696E-6 4.51843E-6 5.32195E-6 7.07371E-6 7.6823E-6 8.14301E-6 7.2464E-6 7.35007E-6 7.76276E-6 7.39856E-6 7.5838E-6 7.57572E-6 7.52504E-6 9.55853E-6 1.0919E-5 1.15073E-5 1.2297E-5 1.38249E-5 1.36355E-5 1.44871E-5 1.41172E-5 1.36207E-5 1.46218E-5 1.51657E-5 1.46271E-5 1.33525E-5 1.20678E-5 1.06344E-5 -9999 -9999 -9999 -9999 -9999 -9999 -9999 -9999 -9999 -9999 -9999 -9999 -9999 -9999 -9999 -9999
1.33853E-6 2.53889E-6 2.31644E-6 1.99503E-6 1.4994E-6 2.80554E-6 2.44985E-6 1.41063E-6 1.24067E-6 1.6577E-6 5.69235E-6 4.36948E-6 3.89747E-6 3.52187E-6 2.59222E-6 3.3247E-6 6.6928E-6 4.69693E-6 5.54951E-6 3.59786E-6 5.8177E-6 1.08869E-5 5.11173E-5 7.86634E-6 6.40557E-6 6.33298E-6 7.01035E-6 5.96849E-6 8.0011E-5 7.06624E-6 7.72527E-6 6.75305E-6 6.79247E-6 6.38885E-6 5.96328E-6 8.00697E-6 8.55873E-6 1.13506E-5 1.37201E-5 1.07026E-5 1.36817E-5 1.2974E-5 1.41547E-5 1.63806E-5 1.74549E-5 1.44876E-5 1.36799E-5 1.22412E-5 1.12082E-5 -9999 -9999 -9999 -9999 -9999 -9999 -9999 -9999 -9999 -9999 -9999 -9999 -9999 -9999 -9999 -9999 -9999
1.28304E-6 1.54305E-6 2.17511E-6 3.57909E-6 2.13681E-6 2.70096E-6 2.55432E-6 2.25506E-6 1.09545E-6 1.33302E-6 5.37314E-6 3.23607E-6 6.81216E-6 2.61377E-6 4.16004E-6 8.82612E-6 1.09675E-5 1.2312E-5 7.67231E-6 1.00771E-5 9.29982E-6 1.41277E-5 1.86284E-5 1.02493E-5 3.64852E-5 1.24988E-4 5.21035E-6 1.06984E-5 1.78975E-5 3.06764E-4 1.67907E-5 6.09107E-6 6.49119E-6 5.75637E-6 6.08764E-6 9.21845E-6 1.13181E-5 1.11657E-5 1.06197E-5 6.11248E-6 9.44998E-6 9.23366E-6 1.68903E-5 1.62245E-5 1.35183E-5 1.37342E-5 1.30102E-5 1.12478E-5 1.01739E-5 -9999 -9999 -9999 -9999 -9999 -9999 -9999 -9999 -9999 -9999 -9999 -9999 -9999 -9999 -9999 -9999 -9999
3.30934E-6 1.51236E-6 1.67795E-6 3.34443E-6 5.47741E-6 3.23892E-6 1.91672E-6 1.85837E-6 1.33124E-6 1.32428E-6 3.85456E-6 3.32356E-6 5.45746E-6 3.55331E-6 4.62556E-6 1.28069E-5 1.09822E-5 1.17508E-5 1.16465E-5 4.76676E-6 4.5879E-6 2.92832E-5 3.40893E-5 4.7961E-5 3.44672E-5 2.52227E-5 5.36108E-5 5.78951E-6 5.74148E-6 6.23067E-6 2.07552E-5 7.91984E-6 7.20045E-6 6.13042E-6 6.04424E-6 1.06408E-5 1.26571E-5 1.44096E-5 7.68786E-6 7.11045E-6 9.73804E-6 1.18488E-5 1.4118E-5 1.41533E-5 1.31127E-5 1.28244E-5 1.21003E-5 1.1017E-5 -9999 -9999 -9999 -9999 -9999 -9999 -9999 -9999 -9999 -9999 -9999 -9999 -9999 -9999 -9999 -9999 -9999 -9999
6.07748E-6 2.28347E-6 2.5641E-6 6.28456E-6 5.91061E-6 1.90786E-6 1.80916E-6 2.11122E-6 1.33074E-6 1.56844E-6 1.85242E-6 2.57925E-6 4.58778E-6 6.45674E-6 5.98969E-6 9.5745E-6 4.68839E-6 5.02023E-6 7.37453E-6 4.86407E-6 8.69613E-6 2.92215E-5 1.23295E-5 1.99306E-5 6.3574E-5 6.18251E-5 8.37088E-5 1.34624E-4 5.84208E-6 7.62279E-5 9.14756E-5 5.18923E-5 7.49365E-6 7.56007E-6 6.79638E-6 8.11441E-6 9.32818E-6 1.26574E-5 4.6364E-6 3.38154E-6 6.83997E-6 1.0933E-5 1.42758E-5 1.34721E-5 1.25138E-5 1.18276E-5 1.07731E-5 1.01132E-5 -9999 -9999 -9999 -9999 -9999 -9999 -9999 -9999 -9999 -9999 -9999 -9999 -9999 -9999 -9999 -9999 -9999 -9999
4.79613E-6 2.40272E-6 6.03897E-6 7.94161E-6 2.97292E-6 2.15247E-6 3.57076E-6 1.41492E-6 1.46902E-6 1.59706E-6 2.94995E-6 5.02663E-6 5.10099E-6 5.66066E-6 3.36241E-6 8.84193E-6 5.3914E-6 6.15618E-6 7.36668E-6 9.44606E-6 1.44438E-5 1.73124E-5 2.03064E-5 2.6569E-5 4.81117E-5 2.79102E-5 1.13456E-4 1.10142E-4 1.49167E-4 8.21912E-5 7.78367E-5 7.17392E-6 8.2579E-6 9.11996E-6 9.34577E-6 1.23991E-5 1.46543E-5 1.42508E-5 8.53519E-6 6.5862E-6 6.93987E-6 1.695E-5 1.49131E-5 1.37452E-5 1.21715E-5 1.07959E-5 9.78115E-6 -9999 -9999 -9999 -9999 -9999 -9999 -9999 -9999 -9999 -9999 -9999 -9999 -9999 -9999 -9999 -9999 -9999 -9999 -9999
2.81838E-6 4.67443E-6 4.84155E-6 4.90195E-6 3.78202E-6 3.02151E-6 4.42524E-6 1.52879E-6 1.6115E-6 1.93872E-6 7.8199E-6 8.22388E-6 6.10042E-6 4.50071E-6 7.22916E-6 1.05136E-5 1.35245E-5 1.77672E-5 1.01601E-5 1.69294E-5 8.82427E-6 4.44433E-5 2.39648E-5 6.50644E-5 6.10964E-5 3.42492E-5 2.46885E-5 1.15726E-4 1.50302E-4 3.72655E-5 7.68433E-6 7.80614E-6 8.22023E-6 9.01568E-6 9.83717E-6 1.18602E-5 1.18096E-5 1.08378E-5 1.04663E-5 8.17292E-6 6.19891E-6 1.64298E-5 1.49333E-5 1.35257E-5 1.23543E-5 1.10976E-5 -9999 -9999 -9999 -9999 -9999 -9999 -9999 -9999 -9999 -9999 -9999 -9999 -9999 -9999 -9999 -9999 -9999 -9999 -9999 -9999
2.17706E-6 3.2686E-6 2.05732E-6 2.36828E-6 4.84238E-6 3.56831E-6 3.41458E-6 1.3304E-6 1.47445E-6 1.49728E-6 2.49404E-6 8.55159E-6 5.95666E-6 5.16795E-6 5.45934E-6 8.68035E-6 9.45167E-6 5.38579E-6 8.339E-6 9.3487E-6 8.3146E-6 1.93544E-5 2.2146E-5 2.98267E-5 7.02707E-5 1.93145E-5 1.79594E-5 4.9867E-5 3.63014E-5 7.06552E-5 8.37677E-6 8.46038E-6 8.35503E-6 8.73176E-6 1.06288E-5 1.14223E-5 1.31455E-5 9.50747E-6 9.22446E-6 7.06548E-6 8.2932E-6 1.47221E-5 1.38986E-5 1.51167E-5 1.3673E-5 1.16135E-5 -9999 -9999 -9999 -9999 -9999 -9999 -9999 -9999 -9999 -9999 -9999 -9999 -9999 -9999 -9999 -9999 -9999 -9999 -9999 -9999
2.49983E-6 3.37138E-6 2.31397E-6 2.91393E-6 2.17783E-6 4.85725E-6 1.56779E-6 1.20509E-6 1.35122E-6 1.29893E-6 2.93056E-6 6.73334E-6 5.62065E-6 1.30338E-5 6.12621E-6 1.15819E-5 6.01791E-6 7.53125E-6 6.14913E-6 8.20842E-6 5.80148E-6 1.36895E-5 1.14296E-5 2.48573E-5 4.19742E-5 1.94418E-5 1.87488E-5 1.30988E-5 1.43007E-5 3.24193E-5 5.41749E-5 9.05182E-6 8.39136E-6 9.09028E-6 1.14264E-5 1.25745E-5 1.23483E-5 1.3912E-5 8.53224E-6 6.27188E-6 1.43325E-5 1.67469E-5 1.81328E-5 2.13903E-5 1.58319E-5 -9999 -9999 -9999 -9999 -9999 -9999 -9999 -9999 -9999 -9999 -9999 -9999 -9999 -9999 -9999 -9999 -9999 -9999 -9999 -9999 -9999
4.39057E-6 1.99333E-6 3.25955E-6 2.34847E-6 2.68772E-6 2.6231E-6 2.76796E-6 1.07896E-6 1.59377E-6 2.18368E-6 4.00463E-6 3.7016E-6 7.13855E-6 2.14566E-5 1.14087E-5 2.18102E-5 7.87734E-6 1.25224E-5 9.98053E-6 7.80105E-6 8.0284E-6 9.02087E-6 7.46187E-6 2.19493E-5 1.97104E-5 2.42936E-5 2.0272E-5 1.47947E-5 3.19322E-5 3.07991E-5 9.49539E-6 9.50722E-6 9.10361E-6 1.04006E-5 1.12659E-5 1.21021E-5 1.20834E-5 1.1494E-5 1.34149E-5 1.0405E-5 1.37334E-5 1.64232E-5 1.61067E-5 2.39711E-5 -9999 -9999 -9999 -9999 -9999 -9999 -9999 -9999 -9999 -9999 -9999 -9999 -9999 -9999 -9999 -9999 -9999 -9999 -9999 -9999 -9999 -9999
5.40092E-6 3.9568E-6 4.68622E-6 3.2734E-6 3.53596E-6 5.12384E-6 5.06494E-6 1.17379E-6 3.22061E-6 4.54324E-6 5.4334E-6 8.10714E-6 8.79047E-6 5.82534E-6 2.69129E-5 2.72087E-5 8.28283E-6 8.71052E-6 1.93023E-5 7.98115E-6 7.06839E-6 6.42197E-6 6.03902E-6 1.18712E-5 1.33499E-5 1.92809E-5 2.52724E-5 3.57327E-5 3.15599E-5 2.93485E-5 9.28657E-6 9.01132E-6 9.1079E-6 9.81343E-6 1.05043E-5 1.13927E-5 1.18432E-5 1.38702E-5 1.35297E-5 1.41721E-5 1.41197E-5 1.61767E-5 1.48425E-5 1.51586E-5 -9999 -9999 -9999 -9999 -9999 -9999 -9999 -9999 -9999 -9999 -9999 -9999 -9999 -9999 -9999 -9999 -9999 -9999 -9999 -9999 -9999 -9999
