catData/rasterBestHybridModels/Prubiginosus/RDbal_RM2_LQ/Prubiginosus_median.asc
ncols         409
nrows         350
xllcorner     60.897278365
yllcorner     5.843756025
cellsize      0.0892857
NODATA_value  -9999
[rows 0 to 28 of 350, columns 132 to 197 of 409]
-9999 -9999 -9999 -9999 -9999 -9999 -9999 -9999 -9999 -9999 -9999 -9999 -9999 -9999 -9999 -9999 -9999 -9999 -9999 -9999 -9999 7.67344E-9 5.42562E-9 4.7533E-9 3.47687E-9 -9999 4.47099E-9 3.10208E-9 -9999 -9999 -9999 -9999 -9999 -9999 -9999 -9999 -9999 -9999 -9999 -9999 -9999 -9999 -9999 -9999 -9999 -9999 -9999 -9999 -9999 -9999 -9999 -9999 -9999 -9999 -9999 -9999 -9999 -9999 -9999 -9999 -9999 -9999 -9999 -9999 -9999 -9999
-9999 -9999 -9999 -9999 -9999 -9999 -9999 -9999 -9999 -9999 -9999 -9999 -9999 -9999 -9999 -9999 -9999 -9999 1.83779E-8 2.13515E-8 1.77407E-8 1.34093E-8 1.17397E-8 8.71507E-9 6.42753E-9 8.75302E-9 9.63472E-9 6.6919E-9 6.44319E-9 5.17888E-9 -9999 -9999 -9999 -9999 -9999 -9999 -9999 -9999 -9999 -9999 -9999 -9999 -9999 -9999 -9999 -9999 -9999 -9999 -9999 -9999 -9999 -9999 -9999 -9999 -9999 -9999 -9999 -9999 -9999 -9999 -9999 -9999 -9999 -9999 -9999 -9999
2.36647E-7 2.64165E-7 2.91589E-7 3.75949E-7 3.06583E-7 3.03444E-7 2.41465E-7 2.21488E-7 2.39593E-7 1.58724E-7 1.06108E-7 7.73339E-8 8.68533E-8 8.31072E-8 9.86811E-8 6.01428E-8 6.37374E-8 5.23866E-8 4.69728E-8 5.3815E-8 4.9258E-8 3.57238E-8 2.7547E-8 1.66468E-8 1.54281E-8 2.76011E-8 2.906E-8 2.10017E-8 1.41016E-8 7.83332E-9 6.41424E-9 -9999 -9999 -9999 -9999 -9999 -9999 -9999 -9999 -9999 -9999 -9999 -9999 -9999 -9999 -9999 -9999 -9999 -9999 -9999 -9999 -9999 -9999 -9999 -9999 -9999 -9999 -9999 -9999 -9999 -9999 -9999 -9999 -9999 -9999 -9999
3.16155E-7 3.16181E-7 3.64197E-7 5.2712E-7 3.74363E-7 2.93999E-7 2.91578E-7 2.4462E-7 1.8891E-7 1.55801E-7 1.16594E-7 7.152E-8 5.43978E-8 5.07631E-8 1.13705E-7 8.93636E-8 6.6275E-8 5.5736E-8 1.04901E-7 8.53778E-8 6.63415E-8 7.08662E-8 1.0568E-7 8.6694E-8 6.96315E-8 5.31462E-8 2.25486E-8 1.34341E-8 1.10911E-8 1.32369E-8 7.45996E-9 3.37167E-9 2.83015E-9 2.75851E-9 3.85033E-9 -9999 -9999 -9999 -9999 -9999 -9999 -9999 -9999 -9999 -9999 -9999 -9999 -9999 -9999 -9999 -9999 -9999 -9999 -9999 -9999 -9999 -9999 -9999 -9999 -9999 -9999 -9999 -9999 -9999 -9999 -9999
3.93889E-7 3.93114E-7 6.65624E-7 2.84582E-7 1.31751E-7 1.13263E-7 1.14601E-7 1.79936E-7 2.38953E-7 1.31186E-7 7.35748E-8 6.54908E-8 6.64361E-8 6.17474E-8 1.16384E-7 1.07982E-7 3.98566E-8 3.30833E-8 3.22311E-8 2.38936E-8 2.53557E-8 3.45222E-8 7.73277E-8 1.36453E-7 1.02164E-7 2.73854E-8 2.00935E-8 1.54115E-8 1.49844E-8 1.32616E-8 7.80887E-9 4.16727E-9 3.42101E-9 3.92841E-9 5.4828E-9 9.11581E-9 -9999 -9999 -9999 -9999 -9999 -9999 -9999 -9999 -9999 -9999 -9999 -9999 -9999 -9999 -9999 -9999 -9999 -9999 -9999 -9999 -9999 -9999 -9999 -9999 -9999 -9999 -9999 -9999 -9999 -9999
4.61432E-7 7.01007E-7 7.82477E-7 3.50046E-7 2.48757E-7 2.41906E-7 3.15679E-7 3.83986E-7 5.6495E-7 2.9572E-7 1.54846E-7 2.39405E-7 3.00277E-7 2.44885E-7 1.85581E-7 2.51975E-7 1.03673E-7 3.85042E-8 1.75229E-8 1.85934E-8 2.65353E-8 3.37183E-8 4.20628E-8 1.25504E-7 1.63213E-7 5.06809E-8 2.88387E-8 2.42083E-8 2.28407E-8 1.55518E-8 1.392E-8 8.40456E-9 4.9507E-9 3.88601E-9 4.34E-9 1.06717E-8 1.44438E-8 -9999 -9999 -9999 -9999 -9999 -9999 -9999 -9999 -9999 -9999 -9999 -9999 -9999 -9999 -9999 -9999 -9999 -9999 -9999 -9999 -9999 -9999 -9999 -9999 -9999 -9999 -9999 -9999 -9999
1.45368E-6 1.29496E-6 4.84587E-7 3.05151E-7 2.91128E-7 4.37272E-7 7.74034E-7 1.15687E-6 9.26401E-7 3.29219E-7 2.04371E-7 3.24877E-7 8.90158E-7 9.49394E-7 5.6314E-7 2.09483E-7 9.96673E-8 8.30926E-8 5.34753E-8 3.0918E-8 1.62701E-8 2.54203E-8 5.37547E-8 1.87308E-7 2.42034E-7 1.22235E-7 1.14358E-7 7.04276E-8 5.60423E-8 2.83687E-8 2.44762E-8 2.1884E-8 1.57299E-8 7.08135E-9 5.9956E-9 9.9876E-9 1.80764E-8 -9999 -9999 -9999 -9999 -9999 -9999 -9999 -9999 -9999 -9999 -9999 -9999 -9999 -9999 -9999 -9999 -9999 -9999 -9999 -9999 -9999 -9999 -9999 -9999 -9999 -9999 -9999 -9999 -9999
1.49533E-6 6.32988E-7 3.71388E-7 3.08347E-7 2.69267E-7 4.50262E-7 1.04939E-6 2.37221E-6 9.02133E-7 3.63523E-7 2.56082E-7 3.69546E-7 1.27616E-6 1.36453E-6 4.39234E-7 1.62869E-7 1.65968E-7 2.10152E-7 1.45126E-7 5.92457E-8 6.46831E-8 6.26295E-8 3.82608E-8 9.89799E-8 4.08022E-7 7.0714E-8 3.83434E-8 3.47143E-8 5.3359E-8 6.42579E-8 6.91795E-8 4.04909E-8 2.30853E-8 1.66716E-8 1.70252E-8 1.68028E-8 1.78533E-8 1.50556E-8 -9999 -9999 -9999 -9999 -9999 -9999 -9999 -9999 -9999 -9999 -9999 -9999 -9999 -9999 -9999 -9999 -9999 -9999 -9999 -9999 -9999 -9999 -9999 -9999 -9999 -9999 -9999 -9999
7.78722E-7 5.10596E-7 4.32821E-7 3.48755E-7 3.5916E-7 5.61919E-7 9.13559E-7 2.08081E-6 1.11707E-6 6.65659E-7 7.98908E-7 6.90629E-7 2.13083E-6 9.1364E-7 3.40727E-7 2.32342E-7 2.56162E-7 4.06097E-7 5.19108E-7 2.23353E-7 2.84317E-7 4.82674E-7 3.28912E-7 3.16624E-7 3.31227E-7 4.76563E-8 1.64744E-8 1.57595E-8 1.38322E-8 2.62712E-8 3.78572E-8 3.33374E-8 2.02687E-8 1.71561E-8 2.90491E-8 2.53212E-8 1.05981E-8 7.36331E-9 -9999 -9999 -9999 -9999 -9999 -9999 -9999 -9999 -9999 -9999 -9999 -9999 -9999 -9999 -9999 -9999 -9999 -9999 -9999 -9999 -9999 -9999 -9999 -9999 -9999 -9999 -9999 -9999
8.14106E-7 7.5127E-7 8.59099E-7 8.56646E-7 8.19078E-7 1.00426E-6 1.55141E-6 1.93966E-6 1.91854E-6 2.08214E-6 1.81773E-6 2.9386E-6 3.02783E-6 7.28941E-7 3.69408E-7 3.3235E-7 3.43107E-7 5.61851E-7 1.3888E-6 9.14278E-7 7.59697E-7 5.96178E-7 5.06195E-7 6.52026E-7 3.79821E-7 1.51416E-7 3.73421E-8 2.80224E-8 1.33427E-8 1.59363E-8 1.35882E-8 2.08802E-8 1.65013E-8 1.45446E-8 1.90927E-8 2.22636E-8 8.63926E-9 5.03528E-9 -9999 -9999 -9999 -9999 -9999 -9999 -9999 -9999 -9999 -9999 -9999 -9999 -9999 -9999 -9999 -9999 -9999 -9999 -9999 -9999 -9999 -9999 -9999 -9999 -9999 -9999 -9999 -9999
1.09033E-6 1.28117E-6 1.53444E-6 1.6171E-6 1.56977E-6 1.58385E-6 1.92935E-6 1.20184E-6 9.60739E-7 1.125E-6 6.36012E-7 2.10737E-6 2.80826E-6 2.49189E-6 9.48349E-7 6.89138E-7 6.72814E-7 1.52E-6 1.54334E-6 3.65193E-7 1.8664E-7 1.19279E-7 1.01533E-7 1.82735E-7 2.09014E-7 1.62284E-7 1.40259E-7 1.08171E-7 4.53551E-8 2.71179E-8 1.83772E-8 1.88759E-8 1.27993E-8 9.30708E-9 1.2098E-8 1.80843E-8 9.91885E-9 -9999 -9999 -9999 -9999 -9999 -9999 -9999 -9999 -9999 -9999 -9999 -9999 -9999 -9999 -9999 -9999 -9999 -9999 -9999 -9999 -9999 -9999 -9999 -9999 -9999 -9999 -9999 -9999 -9999
8.98313E-7 7.85395E-7 7.94622E-7 9.74079E-7 9.42897E-7 7.76216E-7 8.54365E-7 9.75482E-7 6.45699E-7 4.39225E-7 4.2029E-7 5.98909E-7 1.48248E-6 2.1386E-6 1.8898E-6 2.31491E-6 2.38054E-6 3.0246E-6 1.25447E-6 4.79619E-7 4.12589E-7 2.60612E-7 1.15728E-7 7.1238E-8 6.37937E-8 5.44812E-8 8.00031E-8 7.36722E-8 7.79294E-8 6.01362E-8 4.24946E-8 2.90212E-8 1.56039E-8 1.0663E-8 1.31326E-8 1.49086E-8 9.25137E-9 -9999 -9999 -9999 -9999 -9999 -9999 -9999 -9999 -9999 -9999 -9999 -9999 -9999 -9999 -9999 -9999 -9999 -9999 -9999 -9999 -9999 -9999 -9999 -9999 -9999 -9999 -9999 -9999 -9999
7.55183E-7 4.54169E-7 5.19538E-7 5.89388E-7 5.8793E-7 6.68696E-7 7.94508E-7 8.12412E-7 7.253E-7 5.60371E-7 5.46228E-7 4.73277E-7 7.46289E-7 7.90682E-7 5.9636E-7 1.19273E-6 2.81115E-6 4.87464E-6 4.53131E-6 1.76626E-6 2.07166E-6 6.01751E-7 5.09014E-7 3.66119E-7 1.20495E-7 4.50321E-8 5.50698E-8 9.3556E-8 9.093E-8 9.33753E-8 8.1825E-8 5.37191E-8 3.38297E-8 2.43249E-8 1.59996E-8 1.46885E-8 1.41993E-8 1.26277E-8 2.85338E-9 -9999 -9999 -9999 -9999 -9999 -9999 -9999 -9999 -9999 -9999 -9999 -9999 -9999 -9999 -9999 -9999 -9999 -9999 -9999 -9999 -9999 -9999 -9999 -9999 -9999 -9999 -9999
7.15561E-7 6.48712E-7 6.82964E-7 6.59554E-7 5.18719E-7 6.15945E-7 8.37503E-7 1.41691E-6 9.06229E-7 5.86318E-7 8.27418E-7 7.39676E-7 6.05353E-7 3.89305E-7 5.42449E-7 7.10385E-7 1.42343E-6 2.21638E-6 2.88451E-6 4.05904E-6 2.72038E-6 1.26596E-6 2.40304E-6 1.33157E-6 1.89562E-7 6.90471E-8 8.44873E-8 1.03791E-7 1.56439E-7 1.65805E-7 1.38986E-7 7.11078E-8 4.90701E-8 4.28338E-8 3.072E-8 1.86608E-8 2.30669E-8 9.44797E-9 2.50078E-9 -9999 -9999 -9999 6.54388E-10 6.25708E-10 -9999 -9999 -9999 -9999 -9999 -9999 -9999 -9999 -9999 -9999 -9999 -9999 -9999 -9999 -9999 -9999 -9999 -9999 -9999 -9999 -9999 -9999
1.02352E-6 1.25645E-6 8.03482E-7 1.02825E-6 7.78043E-7 6.87332E-7 1.08296E-6 2.43193E-6 1.24901E-6 7.83966E-7 1.45535E-6 2.09502E-6 7.3208E-7 6.95815E-7 1.06353E-6 6.30651E-7 5.94838E-7 7.21689E-7 1.1605E-6 1.13287E-6 2.25097E-6 3.26342E-6 3.85609E-6 1.89365E-6 3.76725E-7 1.53256E-7 3.21491E-7 1.71637E-7 1.35157E-7 1.73472E-7 2.73833E-7 1.00883E-7 7.72984E-8 5.08418E-8 3.79037E-8 2.96762E-8 2.71063E-8 8.35483E-9 4.41131E-9 3.5427E-9 4.03227E-9 3.63708E-9 2.81057E-9 1.60597E-9 -9999 -9999 -9999 -9999 -9999 -9999 -9999 -9999 -9999 -9999 -9999 -9999 -9999 -9999 -9999 -9999 -9999 -9999 -9999 -9999 -9999 -9999
1.37694E-6 1.12442E-6 2.23184E-6 1.56447E-6 9.07901E-7 7.80693E-7 1.28979E-6 2.72318E-6 2.77056E-6 1.83021E-6 4.66632E-6 2.12883E-6 1.48331E-6 2.36826E-6 3.25639E-6 1.13403E-6 5.96884E-7 5.41423E-7 9.32191E-7 8.0888E-7 1.46243E-6 3.55313E-6 3.55304E-6 2.80812E-6 2.38025E-6 8.71903E-7 1.10432E-6 3.47552E-7 2.70892E-7 3.03325E-7 5.65691E-7 5.89742E-7 3.65411E-7 1.99379E-7 9.88076E-8 6.79482E-8 4.83783E-8 1.55946E-8 1.55133E-8 1.75125E-8 6.99721E-9 5.71056E-9 5.52933E-9 3.66532E-9 1.91063E-9 1.73531E-9 -9999 -9999 -9999 -9999 -9999 -9999 -9999 -9999 -9999 -9999 -9999 -9999 -9999 -9999 -9999 -9999 -9999 -9999 -9999 -9999
2.44418E-6 2.26302E-6 3.02853E-6 1.75731E-6 1.2065E-6 9.68055E-7 1.34678E-6 1.72852E-6 5.23972E-6 7.77085E-6 7.16723E-6 4.2016E-6 5.16113E-6 9.62225E-6 6.18886E-6 2.42422E-6 1.92429E-6 9.09059E-7 4.28215E-7 4.70409E-7 8.22284E-7 3.45525E-6 2.66803E-6 4.42879E-7 8.06069E-7 2.13993E-6 2.32374E-6 1.46154E-6 1.17378E-6 8.19983E-7 3.6645E-7 6.91996E-7 4.72199E-7 1.06985E-7 6.21777E-8 5.03609E-8 3.74718E-8 5.35722E-8 2.59819E-8 9.65538E-9 4.78831E-9 6.59826E-9 3.35811E-9 2.89655E-9 3.44582E-9 3.18103E-9 2.97476E-9 3.26679E-9 1.74335E-9 9.34021E-10 -9999 -9999 -9999 -9999 -9999 -9999 -9999 -9999 -9999 -9999 -9999 -9999 -9999 -9999 -9999 -9999
1.87871E-6 2.69275E-6 3.32571E-6 3.1779E-6 2.72324E-6 2.93256E-6 4.88189E-6 7.44289E-6 9.83675E-6 1.20806E-5 1.17373E-5 1.22236E-5 1.29912E-5 1.23376E-5 1.00439E-5 6.0607E-6 6.17796E-6 2.57129E-6 1.40292E-6 1.02708E-6 1.53886E-6 5.05582E-6 3.4245E-6 1.45825E-6 4.61747E-7 5.33347E-7 5.50662E-7 5.59431E-7 6.16845E-7 9.86282E-7 6.05239E-7 3.25765E-7 8.42797E-7 6.1139E-7 1.52981E-7 6.6833E-8 4.03859E-8 4.12779E-8 3.11416E-8 1.84728E-8 1.95326E-8 1.79977E-8 1.05516E-8 6.81703E-9 1.02254E-8 5.74937E-9 2.24869E-9 3.68607E-9 3.79572E-9 1.6761E-9 1.17847E-9 6.29085E-10 5.35033E-10 -9999 1.13139E-9 -9999 2.1615E-9 -9999 -9999 -9999 -9999 -9999 -9999 -9999 -9999 -9999
1.11777E-6 2.5804E-6 5.59246E-6 6.0845E-6 7.94713E-6 1.16151E-5 9.3591E-6 5.86107E-6 2.67841E-6 2.74846E-6 3.64219E-6 3.98991E-6 1.06614E-5 1.12307E-5 1.12364E-5 1.19171E-5 1.02763E-5 6.80819E-6 5.79824E-6 4.91095E-6 4.6195E-6 2.75194E-6 1.13294E-6 2.18221E-6 1.25043E-6 4.37104E-7 2.91155E-7 2.20569E-7 2.33875E-7 6.75127E-7 1.16276E-6 8.67404E-7 5.10766E-7 9.46953E-7 5.70056E-7 1.97618E-7 6.85085E-8 5.83544E-8 5.67875E-8 2.62772E-8 2.98291E-8 3.34757E-8 1.54508E-8 1.18196E-8 1.89516E-8 1.17924E-8 4.29139E-9 3.58497E-9 5.35948E-9 5.27822E-9 3.61009E-9 1.32795E-9 8.03097E-10 9.18721E-10 1.55855E-9 2.02783E-9 2.42127E-9 3.84121E-9 3.88932E-9 2.30313E-9 -9999 -9999 -9999 -9999 -9999 -9999
2.33362E-6 1.59121E-6 3.45108E-6 3.19195E-6 4.26657E-6 1.17088E-5 9.26045E-6 2.87544E-6 1.23265E-6 9.0967E-7 1.025E-6 1.60817E-6 5.20244E-6 3.30551E-6 4.10019E-6 8.1703E-6 7.36788E-6 3.60528E-6 4.84291E-6 1.86295E-6 9.61863E-7 4.08156E-7 3.96984E-7 1.09596E-6 2.32406E-6 6.46181E-7 3.39883E-7 2.00265E-7 1.71811E-7 2.75956E-7 4.39195E-7 1.23687E-6 1.73177E-6 1.06454E-6 9.47415E-7 4.30134E-7 1.40617E-7 7.1621E-8 1.5081E-7 5.93837E-8 4.59848E-8 1.10755E-7 2.67178E-8 2.08316E-8 3.95474E-8 2.00406E-8 8.19233E-9 3.88644E-9 3.63206E-9 5.68068E-9 9.25601E-9 3.25575E-9 1.31104E-9 1.16344E-9 2.43726E-9 4.515E-9 6.98622E-9 6.38398E-9 5.30768E-9 4.86538E-9 -9999 -9999 -9999 -9999 -9999 -9999
2.80265E-6 2.70637E-6 5.24668E-6 4.95623E-6 6.80748E-6 1.37466E-5 1.31964E-5 5.62705E-6 2.09557E-6 1.44002E-6 1.26561E-6 1.36484E-6 2.03775E-6 1.59735E-6 2.12606E-6 4.14347E-6 2.98641E-6 2.58052E-6 2.388E-6 1.01637E-6 3.13824E-7 2.5795E-7 6.96698E-7 1.73783E-6 2.07794E-6 7.30597E-7 3.82941E-7 3.08039E-7 1.97517E-7 1.98501E-7 2.41293E-7 4.39988E-7 1.16075E-6 8.83512E-7 5.38835E-7 7.43714E-7 4.50915E-7 1.31628E-7 1.8009E-7 2.65225E-7 1.71604E-7 2.65655E-7 1.20456E-7 5.3399E-8 7.75525E-8 4.29677E-8 1.81807E-8 7.59127E-9 4.06772E-9 8.55848E-9 1.9966E-8 9.74065E-9 2.97054E-9 1.54472E-9 1.95403E-9 4.08825E-9 8.24151E-9 4.5527E-9 3.60785E-9 3.74663E-9 -9999 -9999 -9999 -9999 -9999 -9999
2.76496E-6 4.50367E-6 1.08717E-5 1.00369E-5 1.36855E-5 9.63198E-6 5.4183E-6 3.7909E-6 2.07772E-6 1.97612E-6 1.89199E-6 1.85936E-6 1.68001E-6 1.13852E-6 1.55521E-6 2.09753E-6 1.54363E-6 1.41837E-6 1.48078E-6 6.00642E-7 3.53366E-7 4.53392E-7 9.31418E-7 2.09126E-6 1.1242E-6 1.11483E-6 6.31992E-7 3.43069E-7 2.55562E-7 2.19103E-7 2.15419E-7 2.30506E-7 3.27974E-7 2.49416E-7 2.34901E-7 6.42296E-7 9.14133E-7 5.04029E-7 3.26863E-7 2.5809E-7 2.44906E-7 3.77428E-7 2.99E-7 1.23488E-7 8.04751E-8 4.8059E-8 3.7511E-8 1.82318E-8 9.05017E-9 1.18286E-8 2.83139E-8 1.58168E-8 6.73095E-9 3.48802E-9 2.12809E-9 4.82187E-9 1.01642E-8 5.23548E-9 3.92168E-9 3.54543E-9 3.16083E-9 -9999 -9999 -9999 -9999 -9999
4.21167E-6 6.64075E-6 1.23754E-5 1.39584E-5 1.08785E-5 6.44562E-6 3.98153E-6 1.83707E-6 1.72534E-6 1.46046E-6 2.00166E-6 1.86855E-6 1.53674E-6 1.58873E-6 1.6474E-6 1.47555E-6 1.35783E-6 1.00357E-6 1.07498E-6 6.96794E-7 5.95023E-7 6.73494E-7 1.0483E-6 1.60059E-6 1.00721E-6 5.49709E-7 7.71232E-7 6.13112E-7 2.9609E-7 3.00925E-7 3.34181E-7 3.0049E-7 2.28902E-7 2.13638E-7 2.14513E-7 3.23696E-7 6.33102E-7 5.37789E-7 2.32727E-7 9.94769E-8 8.13978E-8 1.18286E-7 2.45987E-7 7.72324E-8 4.38364E-8 4.6414E-8 4.20961E-8 2.68855E-8 1.48319E-8 1.20514E-8 2.18143E-8 3.22817E-8 2.32857E-8 7.90834E-9 5.90466E-9 6.81118E-9 1.15357E-8 1.46769E-8 8.33214E-9 6.14664E-9 5.30893E-9 -9999 -9999 -9999 -9999 -9999
9.79041E-6 1.25246E-5 1.33403E-5 1.06608E-5 8.08257E-6 4.79314E-6 3.07132E-6 2.19435E-6 1.87199E-6 1.57803E-6 2.18021E-6 2.97921E-6 2.12917E-6 1.95624E-6 1.89028E-6 1.40455E-6 1.9625E-6 1.90817E-6 1.14265E-6 1.64368E-6 1.24058E-6 1.03782E-6 1.03869E-6 8.77001E-7 1.26914E-6 6.99542E-7 7.61453E-7 6.84186E-7 5.04965E-7 3.79566E-7 3.07706E-7 3.09202E-7 2.30888E-7 1.88769E-7 1.33817E-7 1.38931E-7 2.36639E-7 3.97125E-7 5.33215E-7 4.40174E-7 1.31593E-7 7.88131E-8 2.16126E-7 2.47147E-7 8.52572E-8 6.37197E-8 5.21588E-8 3.38391E-8 2.56515E-8 1.86929E-8 1.70689E-8 2.08177E-8 5.68941E-8 3.19577E-8 2.05098E-8 1.22277E-8 1.27905E-8 1.99148E-8 1.93894E-8 1.8613E-8 1.01732E-8 -9999 -9999 -9999 -9999 -9999
1.96546E-5 1.44566E-5 1.38657E-5 1.23006E-5 7.69122E-6 3.23805E-6 4.23123E-6 3.00451E-6 2.02472E-6 2.84267E-6 4.38845E-6 3.72474E-6 3.0817E-6 1.90967E-6 1.72939E-6 1.93081E-6 3.33316E-6 3.10313E-6 1.79883E-6 2.78641E-6 1.40694E-6 9.3624E-7 7.5374E-7 8.12239E-7 1.15303E-6 7.24619E-7 8.18283E-7 7.26339E-7 5.47741E-7 2.93547E-7 3.31808E-7 3.48932E-7 2.59194E-7 2.02479E-7 1.71654E-7 1.6191E-7 1.38378E-7 1.57056E-7 3.30637E-7 8.16798E-7 1.88997E-7 8.34E-8 1.21672E-7 2.25409E-7 1.86035E-7 2.09026E-7 1.59091E-7 7.06292E-8 4.80623E-8 4.31129E-8 3.17046E-8 1.66715E-8 2.91471E-8 8.96679E-8 3.52628E-8 1.1741E-8 8.75601E-9 8.99554E-9 1.04429E-8 1.83515E-8 2.3338E-8 2.06839E-8 -9999 -9999 -9999 -9999
2.05987E-5 1.5643E-5 1.56251E-5 1.8485E-5 1.52084E-5 9.18939E-6 4.56964E-6 3.78379E-6 3.86003E-6 7.56954E-6 6.56731E-6 2.32198E-6 2.02588E-6 1.57512E-6 2.82149E-6 3.81869E-6 5.73951E-6 5.13456E-6 4.52964E-6 4.56373E-6 3.18317E-6 2.95522E-6 1.75144E-6 1.51238E-6 1.3887E-6 1.24592E-6 1.30079E-6 8.71726E-7 6.75853E-7 5.59579E-7 3.46521E-7 2.83844E-7 3.15329E-7 2.98578E-7 2.31177E-7 2.1283E-7 1.82005E-7 1.76782E-7 3.83233E-7 1.01246E-6 2.55309E-7 9.50929E-8 7.56269E-8 7.76045E-8 7.13745E-8 9.36991E-8 1.39276E-7 1.64088E-7 1.59333E-7 2.10096E-7 8.92307E-8 3.91124E-8 3.30632E-8 7.24066E-8 1.21339E-7 2.18681E-8 8.12689E-9 4.88115E-9 8.23514E-9 1.23074E-8 1.89815E-8 3.1593E-8 -9999 -9999 -9999 -9999
1.17963E-5 1.64221E-5 2.12393E-5 1.5286E-5 1.38951E-5 1.90711E-5 1.69573E-5 8.75056E-6 5.66558E-6 1.51436E-5 9.32238E-6 2.72847E-6 2.77584E-6 4.35583E-6 5.99187E-6 7.77295E-6 6.91257E-6 4.47367E-6 3.59436E-6 3.40721E-6 2.68778E-6 3.17586E-6 3.30985E-6 2.04479E-6 2.41703E-6 2.28729E-6 1.44196E-6 6.94214E-7 5.88862E-7 6.49059E-7 5.86223E-7 4.46546E-7 3.16871E-7 4.29772E-7 4.2039E-7 3.70374E-7 2.36603E-7 2.2845E-7 8.09578E-7 1.06037E-6 7.1708E-7 2.39422E-7 1.5674E-7 8.80128E-8 6.51759E-8 6.28462E-8 6.97987E-8 9.39918E-8 6.86872E-8 1.39836E-7 2.40902E-7 2.72088E-7 1.33124E-7 9.2127E-8 2.71082E-7 5.65131E-8 1.77009E-8 7.76819E-9 8.04859E-9 1.3345E-8 2.74017E-8 3.80401E-8 -9999 -9999 -9999 -9999
2.07775E-5 1.57892E-5 1.39265E-5 1.83851E-5 1.85487E-5 1.95751E-5 1.87729E-5 2.22434E-5 1.9878E-5 8.97318E-6 4.51804E-6 3.07144E-6 7.03974E-6 1.06145E-5 1.19334E-5 4.42347E-6 5.97828E-6 6.46001E-6 4.13412E-6 4.2871E-6 2.65222E-6 3.04014E-6 2.83456E-6 2.84888E-6 2.93662E-6 2.85316E-6 2.02594E-6 7.93304E-7 5.79905E-7 4.92649E-7 4.32431E-7 5.43758E-7 5.45153E-7 5.26433E-7 5.44169E-7 5.63242E-7 6.13522E-7 7.69163E-7 1.38572E-6 4.62991E-7 5.61049E-7 7.55851E-7 6.70743E-7 2.94249E-7 1.82827E-7 7.76518E-8 5.39275E-8 5.09994E-8 5.54342E-8 7.54734E-8 7.66391E-8 1.90956E-7 2.45675E-7 3.90087E-7 4.26888E-7 2.51818E-7 4.11836E-8 2.00593E-8 9.98125E-9 1.27522E-8 2.59269E-8 4.67348E-8 2.47126E-8 1.28523E-8 -9999 -9999
2.44298E-5 1.26533E-5 1.47594E-5 1.51764E-5 1.22321E-5 2.02042E-5 2.24748E-5 2.27018E-5 1.58508E-5 1.27946E-5 7.82766E-6 3.75572E-6 9.01559E-6 9.89119E-6 4.94456E-6 1.34501E-5 1.54746E-5 1.55423E-5 1.13408E-5 9.49699E-6 5.87725E-6 3.88899E-6 2.51013E-6 1.9024E-6 1.24405E-6 1.40344E-6 1.98894E-6 1.73831E-6 1.33015E-6 8.05385E-7 4.02348E-7 3.80381E-7 3.44521E-7 3.0712E-7 3.0484E-7 2.91931E-7 6.08754E-7 5.50006E-7 1.34877E-6 1.45176E-6 5.89745E-7 5.25145E-7 1.00643E-6 9.9767E-7 6.98075E-7 1.5546E-7 8.41764E-8 5.40091E-8 4.80372E-8 6.71242E-8 7.43186E-8 9.69451E-8 8.04389E-8 3.58893E-7 4.41668E-7 4.34381E-7 1.86069E-7 4.00948E-8 2.15456E-8 1.56214E-8 2.33135E-8 5.35707E-8 3.91447E-8 1.86837E-8 9.902E-9 8.06589E-9
