catData/rasterBestHybridModels/Prubiginosus/RDbal_RM2_LQ/Prubiginosus_min.asc
ncols         409
nrows         350
xllcorner     60.897278365
yllcorner     5.843756025
cellsize      0.0892857
NODATA_value  -9999
[rows 261 to 289 of 350, columns 132 to 197 of 409]
-9999 -9999 -9999 -9999 -9999 -9999 -9999 -9999 -9999 -9999 -9999 -9999 -9999 -9999 -9999 -9999 -9999 -9999 -9999 -9999 -9999 -9999 1.27227E-4 1.80886E-4 1.80596E-4 1.5673E-4 1.64587E-4 9.8148E-5 3.47275E-4 8.31826E-5 7.23165E-5 5.85937E-5 1.36914E-4 1.18659E-4 1.44435E-4 5.87337E-5 6.93344E-5 1.18522E-4 7.61362E-5 8.42281E-5 8.58563E-5 9.04143E-5 1.26257E-4 1.48942E-4 1.08635E-4 4.30536E-4 4.30367E-4 4.36351E-4 4.38625E-4 2.92874E-4 4.02316E-4 2.8969E-4 3.56951E-4 3.14404E-4 3.16068E-4 3.02513E-4 3.23187E-4 3.58539E-4 3.24129E-4 3.47064E-4 3.47536E-4 3.21925E-4 2.86135E-4 2.69912E-4 2.58318E-4 2.83767E-4
-9999 -9999 -9999 -9999 -9999 -9999 -9999 -9999 -9999 -9999 -9999 -9999 -9999 -9999 -9999 -9999 -9999 -9999 -9999 -9999 -9999 -9999 1.91135E-4 1.97432E-4 1.79793E-4 1.50946E-4 1.3795E-4 1.2897E-4 3.99313E-4 3.37552E-4 2.35949E-4 6.51898E-5 6.46377E-5 1.45988E-4 1.005E-4 2.09356E-4 6.53631E-5 6.20704E-5 7.28627E-5 8.71962E-5 6.12049E-5 1.02029E-4 2.34801E-4 2.8655E-4 2.10827E-4 4.62473E-4 4.45241E-4 3.29364E-4 4.81155E-4 3.82201E-4 3.91786E-4 3.67908E-4 3.68611E-4 2.24212E-4 2.98692E-4 3.28054E-4 3.00874E-4 3.4904E-4 3.44549E-4 3.41985E-4 3.32616E-4 3.15553E-4 3.06557E-4 2.84394E-4 2.36583E-4 2.47958E-4
-9999 -9999 -9999 -9999 -9999 -9999 -9999 -9999 -9999 -9999 -9999 -9999 -9999 -9999 -9999 -9999 -9999 -9999 -9999 -9999 -9999 -9999 2.03677E-4 2.11934E-4 1.77707E-4 1.14056E-4 1.03719E-4 1.2981E-4 2.97243E-4 3.51974E-4 3.21107E-4 8.58025E-5 6.42514E-5 1.2092E-4 1.3847E-4 2.46709E-4 8.52604E-5 6.72546E-5 6.84529E-5 7.9112E-5 8.32821E-5 8.66857E-5 7.62654E-5 5.72591E-5 1.0798E-4 8.97407E-4 5.14197E-4 3.66525E-4 3.99517E-4 4.26718E-4 3.73056E-4 3.13357E-4 3.37107E-4 3.89575E-4 2.00776E-4 2.50772E-4 3.50046E-4 3.05052E-4 3.18542E-4 2.39621E-4 2.40278E-4 2.47787E-4 3.20006E-4 2.60279E-4 1.84617E-4 2.46663E-4
-9999 -9999 -9999 -9999 -9999 -9999 -9999 -9999 -9999 -9999 -9999 -9999 -9999 -9999 -9999 -9999 -9999 -9999 -9999 -9999 -9999 -9999 1.81625E-4 1.98437E-4 1.82018E-4 1.91273E-4 4.12848E-4 1.33806E-4 9.84583E-5 3.50302E-4 2.60847E-4 3.19171E-4 6.5306E-5 1.14473E-4 1.07914E-4 1.65455E-4 1.08685E-4 6.67995E-5 6.05436E-5 7.37368E-5 6.29551E-5 7.97551E-5 7.98509E-5 5.47762E-5 3.01306E-4 3.66081E-4 4.58108E-4 2.98102E-4 3.41433E-4 2.30175E-4 2.36567E-4 2.00431E-4 2.33441E-4 2.69388E-4 1.72761E-4 3.18926E-4 2.52329E-4 2.55065E-4 2.66913E-4 2.76027E-4 2.03071E-4 2.77339E-4 2.83531E-4 2.81567E-4 7.89182E-5 1.09995E-4
-9999 -9999 -9999 -9999 -9999 -9999 -9999 -9999 -9999 -9999 -9999 -9999 -9999 -9999 -9999 -9999 -9999 -9999 -9999 -9999 -9999 -9999 1.9696E-4 3.58201E-4 1.83248E-4 1.80836E-4 1.45034E-4 9.04483E-5 3.58808E-4 3.49965E-4 3.42215E-4 3.33774E-4 4.42168E-5 5.43303E-5 1.1195E-4 1.36759E-4 1.53678E-4 5.76174E-5 4.40828E-5 5.36648E-5 8.71815E-5 5.89893E-5 7.64298E-5 1.09591E-4 8.84582E-5 6.34241E-4 3.74944E-4 2.4335E-4 1.85506E-4 1.51302E-4 3.23204E-4 1.10908E-4 2.84818E-4 5.74713E-4 2.72524E-4 2.86996E-4 1.48141E-4 2.52386E-4 2.28606E-4 2.3302E-4 2.3539E-4 1.30243E-4 1.66233E-4 2.07724E-4 1.68476E-4 2.77705E-4
-9999 -9999 -9999 -9999 -9999 -9999 -9999 -9999 -9999 -9999 -9999 -9999 -9999 -9999 -9999 -9999 -9999 -9999 -9999 -9999 -9999 -9999 -9999 2.4512E-4 1.79435E-4 1.81656E-4 1.10739E-4 3.80889E-4 1.09342E-4 5.64069E-5 3.3449E-4 3.40645E-4 3.18811E-4 7.21238E-5 1.09906E-4 1.53197E-4 2.07492E-4 5.49793E-5 5.7146E-5 4.9836E-5 6.40999E-5 5.36429E-5 5.49798E-5 8.73448E-5 6.20074E-5 3.11895E-4 6.35958E-4 3.84103E-4 1.89111E-4 2.15207E-4 1.16346E-4 3.16762E-4 3.51502E-4 8.14697E-4 3.05995E-4 1.76087E-4 2.3016E-4 3.00099E-4 2.0906E-4 2.44147E-4 2.12908E-4 8.72424E-5 1.28108E-4 6.9025E-5 2.19482E-4 3.02979E-4
-9999 -9999 -9999 -9999 -9999 -9999 -9999 -9999 -9999 -9999 -9999 -9999 -9999 -9999 -9999 -9999 -9999 -9999 -9999 -9999 -9999 -9999 -9999 2.07225E-4 1.73412E-4 1.77218E-4 1.75679E-4 1.21868E-4 3.52572E-4 3.35771E-4 8.52332E-5 3.30984E-4 2.45515E-4 7.69975E-5 6.20327E-5 8.03861E-5 1.33927E-4 8.56766E-5 7.33612E-5 1.13882E-4 6.18317E-5 6.59541E-5 5.67895E-5 3.20252E-5 8.01295E-5 2.81992E-4 4.55516E-4 7.36447E-4 3.51808E-4 2.40067E-4 6.9442E-5 2.79586E-4 3.0441E-4 6.32882E-4 6.45077E-4 1.25888E-4 1.42579E-4 1.57223E-4 2.28644E-4 1.93377E-4 1.44612E-4 6.92313E-5 1.22616E-4 2.24968E-4 2.75682E-4 2.73424E-4
-9999 -9999 -9999 -9999 -9999 -9999 -9999 -9999 -9999 -9999 -9999 -9999 -9999 -9999 -9999 -9999 -9999 -9999 -9999 -9999 -9999 -9999 -9999 2.38872E-4 1.72603E-4 1.60277E-4 1.67314E-4 1.04111E-4 3.3785E-4 8.4748E-5 2.7629E-4 7.40282E-5 3.10831E-4 7.23762E-5 8.47326E-5 9.788E-5 1.0311E-4 1.89069E-4 8.5144E-5 5.01289E-5 6.85822E-5 5.75115E-5 3.14102E-5 4.31855E-5 5.55293E-5 2.67198E-4 3.58665E-4 3.73148E-4 4.65955E-4 6.92456E-4 2.37161E-4 2.12052E-4 1.22962E-4 9.25251E-4 5.79107E-4 1.89718E-4 1.34088E-4 2.01538E-4 1.43444E-4 2.12008E-4 8.0153E-5 7.61765E-5 1.56114E-4 2.45299E-4 1.96921E-4 7.4898E-5
-9999 -9999 -9999 -9999 -9999 -9999 -9999 -9999 -9999 -9999 -9999 -9999 -9999 -9999 -9999 -9999 -9999 -9999 -9999 -9999 -9999 -9999 -9999 1.55914E-4 1.42277E-4 1.49858E-4 1.5472E-4 1.52134E-4 1.19118E-4 1.70592E-4 3.75109E-4 8.83504E-5 2.87356E-4 2.72244E-4 6.33129E-5 7.21488E-5 1.33455E-5 1.15586E-4 8.78773E-5 4.64954E-5 5.15294E-5 5.11196E-5 6.69288E-5 1.07708E-5 1.22604E-5 2.37981E-4 3.83393E-4 4.17318E-4 4.23912E-4 4.31605E-4 3.47456E-4 2.56154E-4 1.57484E-4 1.9754E-4 2.70188E-4 2.5841E-4 2.22692E-4 2.34944E-4 1.93243E-4 9.75211E-5 9.10221E-5 9.98925E-5 2.69848E-4 1.65289E-4 1.14527E-4 9.85037E-5
-9999 -9999 -9999 -9999 -9999 -9999 -9999 -9999 -9999 -9999 -9999 -9999 -9999 -9999 -9999 -9999 -9999 -9999 -9999 -9999 -9999 -9999 -9999 -9999 1.84125E-4 2.00281E-4 1.36043E-4 1.36977E-4 9.31311E-5 3.75382E-4 3.61968E-4 1.58029E-4 2.98826E-4 2.68429E-4 6.68504E-5 6.04325E-5 2.73394E-5 2.12951E-5 1.73985E-4 7.22018E-5 9.50045E-5 6.00472E-5 7.75778E-5 2.09824E-5 6.02662E-5 3.77284E-4 4.32384E-4 4.19415E-4 3.5506E-4 1.59773E-4 2.39304E-4 1.31114E-4 5.358E-5 9.5811E-5 2.52648E-4 2.58574E-4 1.42812E-4 1.14954E-4 2.2094E-4 1.57088E-4 2.30657E-4 1.84836E-4 2.7741E-4 1.11433E-4 1.19355E-5 5.89986E-5
-9999 -9999 -9999 -9999 -9999 -9999 -9999 -9999 -9999 -9999 -9999 -9999 -9999 -9999 -9999 -9999 -9999 -9999 -9999 -9999 -9999 -9999 -9999 -9999 1.41104E-4 1.34861E-4 1.31709E-4 1.21167E-4 1.62103E-4 3.52689E-4 1.75904E-4 1.67649E-4 2.76729E-4 1.26942E-4 1.21701E-4 3.49811E-4 9.22632E-5 1.34897E-4 1.55444E-4 2.0113E-4 1.33465E-4 6.93903E-5 1.0457E-4 4.95015E-5 4.63129E-5 5.58174E-4 4.41804E-4 4.47492E-4 2.84E-4 3.03672E-4 2.94805E-4 1.22143E-4 3.2885E-5 2.49089E-4 4.60329E-4 2.88938E-4 2.73627E-4 2.48846E-4 1.56074E-4 1.3886E-4 3.69852E-4 9.99451E-4 3.14748E-4 1.9304E-4 3.55294E-5 4.85069E-5
-9999 -9999 -9999 -9999 -9999 -9999 -9999 -9999 -9999 -9999 -9999 -9999 -9999 -9999 -9999 -9999 -9999 -9999 -9999 -9999 -9999 -9999 -9999 -9999 1.31162E-4 1.43604E-4 1.3613E-4 1.21342E-4 1.23481E-4 9.78801E-5 3.05315E-4 1.37098E-4 1.6025E-4 1.33094E-4 1.19265E-4 4.29724E-4 5.84117E-4 6.94687E-5 1.5689E-4 1.63919E-4 1.1518E-4 1.04987E-4 8.75551E-5 7.82663E-5 2.7264E-4 6.49459E-4 4.72541E-4 4.01756E-4 2.50986E-4 1.4775E-4 9.94737E-5 9.45239E-5 1.53721E-4 7.5267E-5 3.66357E-4 5.70834E-4 2.25817E-4 1.65082E-4 1.36281E-4 1.1027E-4 8.29729E-4 1.12488E-3 2.28068E-4 2.93397E-5 2.2766E-4 2.10584E-4
-9999 -9999 -9999 -9999 -9999 -9999 -9999 -9999 -9999 -9999 -9999 -9999 -9999 -9999 -9999 -9999 -9999 -9999 -9999 -9999 -9999 -9999 -9999 -9999 -9999 1.29573E-4 1.43416E-4 1.39531E-4 1.36773E-4 8.37597E-5 9.14459E-5 1.73669E-4 1.30676E-4 2.90485E-4 2.64776E-4 1.1109E-4 5.86446E-4 1.29544E-3 1.09404E-4 9.17306E-5 8.14587E-5 9.98443E-5 1.36805E-4 7.94703E-5 6.148E-5 4.92908E-4 4.47581E-4 4.13651E-4 3.92914E-4 1.97847E-4 3.21319E-4 2.37252E-4 1.41934E-4 9.47064E-5 2.1726E-4 8.16777E-4 5.02399E-4 6.83341E-5 5.02944E-5 3.80692E-5 2.98164E-4 7.03695E-5 2.03913E-4 1.78198E-5 7.12596E-5 6.87186E-5
-9999 -9999 -9999 -9999 -9999 -9999 -9999 -9999 -9999 -9999 -9999 -9999 -9999 -9999 -9999 -9999 -9999 -9999 -9999 -9999 -9999 -9999 -9999 -9999 -9999 1.20523E-4 1.64894E-4 1.43431E-4 1.42583E-4 1.3545E-4 3.40533E-4 1.51238E-4 1.62273E-4 2.95434E-4 2.54249E-4 2.86504E-4 6.86157E-4 1.71238E-3 2.67296E-4 1.08074E-4 1.62354E-4 1.35278E-4 1.30343E-4 5.77494E-5 5.50299E-5 3.05375E-4 6.01919E-4 5.15204E-4 9.12136E-4 2.19847E-4 5.99373E-4 2.77175E-4 4.75346E-4 3.81816E-4 3.6218E-4 1.83379E-3 1.70773E-3 1.81656E-4 1.05309E-4 2.05915E-5 6.89638E-5 7.46871E-5 1.65738E-5 6.56753E-5 8.96011E-5 1.11047E-4
-9999 -9999 -9999 -9999 -9999 -9999 -9999 -9999 -9999 -9999 -9999 -9999 -9999 -9999 -9999 -9999 -9999 -9999 -9999 -9999 -9999 -9999 -9999 -9999 -9999 -9999 1.27764E-4 1.39076E-4 1.50685E-4 1.4653E-4 3.61262E-4 1.59417E-4 1.4823E-4 1.18241E-4 2.72313E-4 3.08943E-4 3.10706E-4 6.4202E-4 2.49469E-4 1.23818E-4 1.66814E-4 3.97811E-6 5.28972E-5 9.22219E-5 1.26987E-4 7.48489E-5 8.98796E-4 3.51191E-4 1.15694E-3 3.91157E-4 4.4378E-4 7.41099E-4 6.73875E-4 4.75507E-4 7.14902E-4 1.08833E-3 3.60973E-3 4.72109E-4 1.29288E-4 2.14252E-5 1.30566E-4 9.45127E-5 3.93852E-5 5.26503E-5 8.2073E-5 3.24423E-4
-9999 -9999 -9999 -9999 -9999 -9999 -9999 -9999 -9999 -9999 -9999 -9999 -9999 -9999 -9999 -9999 -9999 -9999 -9999 -9999 -9999 -9999 -9999 -9999 -9999 -9999 1.27537E-4 1.46353E-4 1.4099E-4 1.45182E-4 3.75756E-4 1.32252E-4 1.20139E-4 1.21275E-4 1.21979E-4 3.26242E-4 3.8856E-4 1.26588E-4 1.55556E-4 7.8726E-5 7.69289E-5 4.14132E-5 6.22513E-5 7.61843E-5 1.68236E-4 1.1991E-4 4.61209E-4 3.19675E-4 8.47518E-4 7.24956E-4 6.23608E-4 5.7038E-4 6.38934E-4 5.27497E-4 1.4568E-3 6.88676E-4 1.25611E-3 1.81136E-4 1.06329E-4 2.40854E-5 1.77699E-4 4.05592E-6 2.46222E-5 5.50372E-5 6.74247E-5 5.42829E-4
-9999 -9999 -9999 -9999 -9999 -9999 -9999 -9999 -9999 -9999 -9999 -9999 -9999 -9999 -9999 -9999 -9999 -9999 -9999 -9999 -9999 -9999 -9999 -9999 -9999 -9999 -9999 1.37282E-4 7.65345E-5 1.79276E-4 1.67871E-4 3.56165E-4 1.06492E-4 1.30128E-4 1.37795E-4 1.10163E-4 3.35684E-4 1.81583E-4 4.5347E-4 2.54104E-4 5.29913E-5 1.54368E-4 8.22998E-5 6.79067E-5 6.69257E-5 5.7975E-5 2.91275E-4 1.49641E-4 3.68432E-4 4.27555E-4 4.40712E-4 3.19754E-4 4.41806E-4 1.52671E-3 1.26455E-3 1.18102E-3 1.4697E-3 1.20458E-4 1.026E-4 3.2687E-5 1.7573E-5 7.46707E-6 6.94876E-6 2.0917E-5 1.77237E-4 2.11494E-4
-9999 -9999 -9999 -9999 -9999 -9999 -9999 -9999 -9999 -9999 -9999 -9999 -9999 -9999 -9999 -9999 -9999 -9999 -9999 -9999 -9999 -9999 -9999 -9999 -9999 -9999 -9999 1.29732E-4 1.53204E-4 2.01577E-4 1.81976E-4 2.88612E-4 7.27112E-5 1.0629E-4 1.5045E-4 1.56766E-4 1.12612E-4 3.3877E-4 2.23646E-4 1.85265E-4 4.95507E-5 6.55907E-5 1.07403E-5 1.59892E-5 4.24847E-5 6.60778E-5 1.07074E-4 3.8178E-4 1.17613E-3 7.5272E-4 7.98374E-4 5.11078E-4 4.47422E-4 6.24959E-4 7.15915E-4 7.76411E-4 7.00361E-4 1.47886E-4 7.75103E-5 1.35403E-4 6.71412E-6 1.41435E-5 3.0138E-5 1.97735E-5 4.90503E-5 8.80176E-5
-9999 -9999 -9999 -9999 -9999 -9999 -9999 -9999 -9999 -9999 -9999 -9999 -9999 -9999 -9999 -9999 -9999 -9999 -9999 -9999 -9999 -9999 -9999 -9999 -9999 -9999 -9999 -9999 1.29056E-4 1.77602E-4 1.72007E-4 1.77501E-4 1.10349E-4 9.32359E-5 1.65819E-4 1.66708E-4 1.89065E-4 1.56283E-4 1.39796E-4 3.05063E-4 2.37527E-4 6.52091E-5 4.22638E-5 1.21826E-5 6.19056E-5 9.56214E-5 4.14391E-5 1.29217E-4 2.51818E-4 5.2574E-4 7.40653E-4 5.52805E-4 7.3471E-4 8.53569E-4 6.56919E-4 3.89627E-4 1.67322E-3 2.80279E-4 1.46801E-4 3.80395E-5 4.35815E-5 3.17674E-5 2.77666E-5 5.92615E-5 3.28237E-5 1.26178E-4
-9999 -9999 -9999 -9999 -9999 -9999 -9999 -9999 -9999 -9999 -9999 -9999 -9999 -9999 -9999 -9999 -9999 -9999 -9999 -9999 -9999 -9999 -9999 -9999 -9999 -9999 -9999 -9999 1.31407E-4 1.29066E-4 1.71228E-4 1.78618E-4 3.159E-4 4.15831E-4 1.4904E-4 8.74218E-5 1.59899E-4 1.55347E-4 1.09469E-4 2.13369E-4 8.97442E-4 2.18432E-4 1.44662E-5 2.15548E-5 2.62503E-5 6.62993E-5 5.752E-5 4.12275E-5 1.87587E-4 1.10604E-4 3.56738E-4 1.16957E-3 1.22519E-3 1.20967E-3 3.0249E-4 2.80796E-4 5.00065E-4 5.02672E-4 7.78211E-4 1.5479E-4 1.30695E-4 1.77621E-4 4.85191E-5 2.63056E-5 1.43841E-4 1.03934E-4
-9999 -9999 -9999 -9999 -9999 -9999 -9999 -9999 -9999 -9999 -9999 -9999 -9999 -9999 -9999 -9999 -9999 -9999 -9999 -9999 -9999 -9999 -9999 -9999 -9999 -9999 -9999 -9999 -9999 1.30418E-4 1.46019E-4 1.67605E-4 1.82316E-4 4.088E-4 1.7354E-4 9.54716E-5 7.26536E-5 1.48417E-4 1.07042E-4 1.81155E-4 1.85074E-4 7.44384E-4 3.34508E-5 1.72853E-5 1.07481E-4 1.78547E-4 1.83509E-4 4.14203E-4 5.42759E-4 3.18073E-4 7.04072E-5 1.26063E-4 5.98928E-4 5.89855E-4 3.68331E-4 4.85552E-4 4.41509E-4 3.21071E-4 8.1006E-4 1.85428E-4 1.29676E-4 6.83969E-5 1.24485E-4 6.69438E-5 1.16842E-4 5.91288E-5
-9999 -9999 -9999 -9999 -9999 -9999 -9999 -9999 -9999 -9999 -9999 -9999 -9999 -9999 -9999 -9999 -9999 -9999 -9999 -9999 -9999 -9999 -9999 -9999 -9999 -9999 -9999 -9999 -9999 -9999 1.27865E-4 1.34649E-4 1.67403E-4 1.22487E-4 3.87977E-4 1.68282E-4 1.43053E-4 1.51562E-4 1.1635E-4 1.63752E-4 1.19552E-3 3.85666E-4 3.55704E-4 1.958E-4 5.90851E-5 3.16303E-4 2.11507E-4 4.77632E-4 5.23768E-4 2.77302E-4 2.33341E-4 3.63463E-4 1.3232E-4 3.27802E-4 3.32338E-4 4.16294E-4 1.60787E-4 2.40742E-4 8.07187E-4 2.31598E-4 2.17732E-4 7.89474E-5 1.11724E-4 5.68076E-5 8.91382E-5 9.79625E-5
-9999 -9999 -9999 -9999 -9999 -9999 -9999 -9999 -9999 -9999 -9999 -9999 -9999 -9999 -9999 -9999 -9999 -9999 -9999 -9999 -9999 -9999 -9999 -9999 -9999 -9999 -9999 -9999 -9999 -9999 -9999 1.29161E-4 1.35053E-4 1.30755E-4 2.74497E-4 1.26375E-4 1.49691E-4 1.61772E-4 8.96524E-5 1.16336E-4 1.16838E-4 1.51527E-4 1.18916E-4 2.20519E-4 2.63081E-4 1.51018E-4 2.78494E-4 5.79978E-4 5.3067E-4 2.92147E-4 2.44648E-4 3.31819E-4 3.7829E-4 9.41241E-5 6.98695E-5 9.34142E-5 1.74774E-4 8.53348E-5 2.53048E-4 4.28768E-4 2.17821E-4 7.93668E-5 1.15393E-4 6.55234E-5 1.1282E-4 1.11137E-4
-9999 -9999 -9999 -9999 -9999 -9999 -9999 -9999 -9999 -9999 -9999 -9999 -9999 -9999 -9999 -9999 -9999 -9999 -9999 -9999 -9999 -9999 -9999 -9999 -9999 -9999 -9999 -9999 -9999 -9999 -9999 -9999 1.27646E-4 1.34437E-4 9.3988E-5 1.22837E-4 1.1978E-4 1.52298E-4 1.62298E-4 1.18946E-4 1.46123E-4 1.08978E-4 1.26605E-4 1.11547E-4 3.89286E-4 7.20083E-4 4.44501E-4 5.09605E-4 3.51742E-4 2.97362E-4 2.77707E-4 3.51429E-4 3.58055E-4 7.92695E-5 8.716E-5 1.66537E-4 8.75033E-5 1.47354E-4 9.09717E-4 7.50102E-4 2.18911E-4 1.86744E-4 1.152E-4 9.70355E-5 6.26424E-5 8.56651E-5
-9999 -9999 -9999 -9999 -9999 -9999 -9999 -9999 -9999 -9999 -9999 -9999 -9999 -9999 -9999 -9999 -9999 -9999 -9999 -9999 -9999 -9999 -9999 -9999 -9999 -9999 -9999 -9999 -9999 -9999 -9999 -9999 1.30739E-4 8.27401E-5 1.40569E-4 2.77326E-4 8.67311E-5 1.20841E-4 1.42695E-4 1.2353E-4 1.39051E-4 1.24979E-4 6.17509E-5 1.08136E-4 3.03971E-4 3.52765E-4 3.94918E-4 2.71123E-4 4.15004E-4 3.52029E-4 4.24798E-4 4.37052E-4 3.77977E-4 9.44219E-5 1.71409E-4 7.37263E-5 1.31553E-4 5.70925E-4 8.22181E-4 1.04046E-3 2.53187E-4 2.89021E-4 1.42368E-4 1.27619E-4 1.23861E-4 1.12232E-4
-9999 -9999 -9999 -9999 -9999 -9999 -9999 -9999 -9999 -9999 -9999 -9999 -9999 -9999 -9999 -9999 -9999 -9999 -9999 -9999 -9999 -9999 -9999 -9999 -9999 -9999 -9999 -9999 -9999 -9999 -9999 -9999 -9999 1.28794E-4 1.34015E-4 6.73639E-5 1.44142E-4 1.29676E-4 1.12132E-4 1.3222E-4 1.39174E-4 1.15391E-4 1.02094E-4 7.34896E-5 6.97734E-5 7.76602E-5 6.92902E-5 2.75173E-4 4.23628E-4 8.10302E-4 1.06157E-3 4.79647E-4 5.37791E-4 1.14522E-4 1.37454E-4 2.85811E-4 1.5938E-4 1.30217E-4 1.95011E-4 7.44806E-4 5.66553E-4 2.59939E-4 5.26541E-5 8.16691E-5 8.2451E-5 2.27957E-4
-9999 -9999 -9999 -9999 -9999 -9999 -9999 -9999 -9999 -9999 -9999 -9999 -9999 -9999 -9999 -9999 -9999 -9999 -9999 -9999 -9999 -9999 -9999 -9999 -9999 -9999 -9999 -9999 -9999 -9999 -9999 -9999 -9999 -9999 1.19064E-4 1.59544E-4 1.21621E-4 3.00995E-4 7.18887E-5 1.03694E-4 2.86863E-4 1.33351E-4 4.4999E-5 4.60892E-5 4.02975E-5 6.282E-5 6.25192E-5 8.83944E-5 2.66408E-4 1.39442E-4 6.3522E-4 1.24529E-4 1.21466E-4 1.06779E-4 1.18468E-4 3.25452E-4 1.21306E-4 1.82116E-4 1.50759E-4 3.32794E-4 8.1656E-4 9.28881E-4 3.5269E-4 3.92631E-5 8.26321E-5 1.3469E-4
-9999 -9999 -9999 -9999 -9999 -9999 -9999 -9999 -9999 -9999 -9999 -9999 -9999 -9999 -9999 -9999 -9999 -9999 -9999 -9999 -9999 -9999 -9999 -9999 -9999 -9999 -9999 -9999 -9999 -9999 -9999 -9999 -9999 -9999 1.28598E-4 1.59493E-4 9.33484E-5 3.82807E-4 2.41742E-4 3.28559E-4 1.89069E-4 3.11319E-4 5.86958E-5 4.61571E-5 4.62864E-5 4.66024E-5 7.95533E-5 2.89245E-4 1.50647E-4 1.10102E-4 1.04295E-4 1.82593E-4 1.02168E-4 1.46393E-4 1.24441E-4 2.36107E-4 1.70644E-4 1.37401E-4 1.80039E-4 2.34662E-4 4.29445E-4 1.48246E-3 2.22388E-4 4.28014E-6 2.28704E-5 1.01362E-4
-9999 -9999 -9999 -9999 -9999 -9999 -9999 -9999 -9999 -9999 -9999 -9999 -9999 -9999 -9999 -9999 -9999 -9999 -9999 -9999 -9999 -9999 -9999 -9999 -9999 -9999 -9999 -9999 -9999 -9999 -9999 -9999 -9999 -9999 -9999 1.89346E-4 7.29777E-5 1.2387E-4 3.46326E-4 9.85342E-5 3.18144E-4 6.35325E-5 7.11742E-5 5.54715E-5 3.69959E-5 8.50342E-5 1.60849E-4 1.10778E-4 1.19288E-4 9.12444E-5 2.21712E-4 2.45399E-4 2.26267E-4 9.58284E-5 9.75977E-5 7.33211E-5 3.8923E-5 3.26979E-5 1.79836E-4 3.56274E-4 1.03024E-3 9.7649E-4 1.5366E-4 1.02043E-5 1.46473E-5 7.1169E-5
