catData/rasterBestHybridModels/Prubiginosus/RDbal_RM2_LQ/Prubiginosus_max.asc
ncols         409
nrows         350
xllcorner     60.897278365
yllcorner     5.843756025
cellsize      0.0892857
NODATA_value  -9999
[rows 87 to 115 of 350, columns 0 to 64 of 409]
-9999 -9999 -9999 -9999 -9999 1.95188E-5 2.12683E-5 3.64313E-5 3.863E-5 4.00772E-5 4.08291E-5 3.98108E-5 3.94945E-5 4.0295E-5 4.17209E-5 4.23283E-5 2.43532E-5 4.12245E-5 3.96834E-5 3.81943E-5 3.78328E-5 3.90961E-5 4.14834E-5 4.34699E-5 4.36717E-5 4.34002E-5 4.33239E-5 4.25609E-5 2.3597E-5 4.24719E-5 4.27188E-5 2.40099E-5 2.45633E-5 3.85022E-5 3.83286E-5 3.77088E-5 3.74254E-5 3.88066E-5 4.03391E-5 4.24861E-5 4.43108E-5 4.62253E-5 4.21982E-5 4.06038E-5 3.92835E-5 3.723E-5 3.63696E-5 3.61451E-5 3.59994E-5 2.88102E-5 3.42779E-5 3.52548E-5 3.64584E-5 3.60591E-5 3.19718E-5 3.64814E-5 3.76851E-5 3.72654E-5 4.06086E-5 2.57895E-5 3.38946E-5 4.19217E-5 3.28585E-5 3.30733E-5 3.12823E-5
-9999 -9999 -9999 -9999 -9999 2.94459E-5 2.01668E-5 3.21344E-5 3.36771E-5 3.55145E-5 3.65224E-5 3.59951E-5 3.5929E-5 3.67878E-5 2.2512E-5 3.87213E-5 3.81302E-5 3.69138E-5 3.60907E-5 2.15298E-5 2.15074E-5 2.15274E-5 2.1062E-5 2.27651E-5 2.51483E-5 4.32144E-5 4.33328E-5 2.54195E-5 2.36796E-5 2.56925E-5 4.36443E-5 2.53404E-5 2.2809E-5 3.76465E-5 3.84438E-5 4.55362E-5 4.37463E-5 4.26783E-5 4.27045E-5 3.63179E-5 2.25674E-5 2.42094E-5 3.7043E-5 2.18464E-5 2.15593E-5 3.4394E-5 3.32121E-5 3.47043E-5 3.53026E-5 3.41993E-5 3.12916E-5 2.25308E-5 3.16302E-5 2.95013E-5 3.49469E-5 3.82678E-5 3.76981E-5 3.64511E-5 3.89005E-5 3.32157E-5 4.23766E-5 3.99175E-5 4.37121E-5 3.83819E-5 2.93051E-5
-9999 -9999 -9999 -9999 -9999 -9999 2.76612E-5 1.90835E-5 3.19339E-5 1.97762E-5 1.83297E-5 1.80375E-5 1.96476E-5 3.52548E-5 3.6926E-5 3.621E-5 3.57314E-5 3.52224E-5 2.14421E-5 1.97272E-5 1.77049E-5 1.82298E-5 1.83445E-5 1.74915E-5 1.91249E-5 2.41946E-5 4.21236E-5 4.34972E-5 4.60364E-5 4.62281E-5 4.68146E-5 4.00489E-5 3.34207E-5 3.06573E-5 3.4428E-5 3.71547E-5 4.23544E-5 4.01963E-5 3.92961E-5 3.90382E-5 3.24758E-5 2.17171E-5 3.82107E-5 3.53725E-5 3.41777E-5 3.53157E-5 2.70138E-5 2.69152E-5 2.15174E-5 2.26902E-5 3.17433E-5 3.43223E-5 3.47345E-5 3.2916E-5 3.67383E-5 3.84663E-5 4.02999E-5 4.05553E-5 4.18317E-5 4.22429E-5 3.94105E-5 5.07967E-5 4.65197E-5 3.88014E-5 2.91731E-5
-9999 -9999 -9999 -9999 -9999 -9999 -9999 2.14857E-5 3.34886E-5 2.0221E-5 1.89913E-5 1.87602E-5 1.69584E-5 1.9397E-5 1.9334E-5 1.90235E-5 2.11202E-5 3.65331E-5 3.66935E-5 2.23514E-5 2.20008E-5 2.58174E-5 2.6591E-5 3.84585E-5 3.48649E-5 3.26775E-5 3.37726E-5 4.0526E-5 4.11057E-5 4.22744E-5 3.56124E-5 3.57813E-5 3.63735E-5 3.29754E-5 3.15234E-5 3.40594E-5 4.04396E-5 3.75627E-5 3.0303E-5 3.57249E-5 3.48288E-5 3.47682E-5 3.03299E-5 3.58463E-5 2.72373E-5 2.66315E-5 2.70517E-5 3.49065E-5 3.58902E-5 3.55287E-5 3.45599E-5 2.4129E-5 2.59476E-5 3.8493E-5 3.87004E-5 3.84101E-5 4.29587E-5 3.56158E-5 3.70656E-5 4.32718E-5 4.29177E-5 4.71854E-5 4.21142E-5 2.59874E-5 2.36962E-5
-9999 -9999 -9999 -9999 -9999 -9999 -9999 2.20322E-5 3.08476E-5 3.01507E-5 3.03932E-5 3.05142E-5 2.11294E-5 2.00905E-5 1.71034E-5 1.92972E-5 2.00662E-5 2.09255E-5 3.55444E-5 3.71345E-5 3.39102E-5 4.469E-5 4.55285E-5 4.48946E-5 4.13471E-5 3.85833E-5 3.81657E-5 3.77705E-5 3.17707E-5 3.893E-5 4.16129E-5 4.23719E-5 4.17134E-5 3.50175E-5 3.22905E-5 3.69909E-5 3.69136E-5 3.60522E-5 3.20641E-5 3.17969E-5 3.13059E-5 3.17843E-5 3.24401E-5 3.29924E-5 3.14938E-5 3.55401E-5 3.34394E-5 3.27552E-5 2.40561E-5 2.49445E-5 2.58052E-5 2.41431E-5 2.7586E-5 4.50334E-5 4.13987E-5 4.23171E-5 4.48074E-5 4.32476E-5 4.46154E-5 5.22969E-5 5.05636E-5 4.80388E-5 4.48584E-5 2.978E-5 1.79666E-5
-9999 -9999 -9999 -9999 -9999 -9999 -9999 -9999 3.04796E-5 2.07518E-5 2.19729E-5 3.15544E-5 3.17017E-5 3.18597E-5 2.1292E-5 3.12082E-5 3.14058E-5 3.19798E-5 3.18685E-5 3.33542E-5 3.88848E-5 4.07453E-5 3.40858E-5 3.29011E-5 3.08035E-5 2.89795E-5 2.85488E-5 2.84408E-5 2.83324E-5 2.91796E-5 3.14916E-5 3.24824E-5 3.78492E-5 3.78879E-5 3.69493E-5 3.30302E-5 3.23916E-5 3.16996E-5 3.13257E-5 3.43035E-5 3.49366E-5 3.56704E-5 3.634E-5 3.69064E-5 3.63217E-5 3.14572E-5 3.18419E-5 2.35336E-5 2.24752E-5 2.0938E-5 2.57208E-5 2.92651E-5 4.85915E-5 5.29557E-5 4.50518E-5 5.26547E-5 3.98111E-5 4.50321E-5 5.25794E-5 4.47565E-5 5.36372E-5 5.44075E-5 4.62876E-5 2.78509E-5 2.4798E-5
-9999 -9999 -9999 -9999 -9999 -9999 -9999 -9999 -9999 4.02836E-5 2.24964E-5 2.17568E-5 2.24314E-5 3.24458E-5 3.21037E-5 3.14973E-5 2.9023E-5 2.94693E-5 3.05401E-5 3.43303E-5 3.48446E-5 3.56388E-5 3.65557E-5 3.69548E-5 3.60138E-5 3.43109E-5 3.30433E-5 3.23787E-5 3.18663E-5 3.18339E-5 3.28799E-5 3.33452E-5 3.34389E-5 3.34034E-5 3.31205E-5 3.30416E-5 3.5873E-5 3.58393E-5 3.58516E-5 3.73756E-5 4.04487E-5 4.10305E-5 4.1451E-5 4.16207E-5 3.45852E-5 3.3359E-5 3.3921E-5 3.10841E-5 2.11338E-5 2.32714E-5 3.08383E-5 5.40516E-5 5.52683E-5 4.76821E-5 5.7449E-5 5.62404E-5 4.2406E-5 4.72672E-5 5.36481E-5 4.22961E-5 5.71071E-5 5.49329E-5 3.51429E-5 2.31467E-5 3.05819E-5
-9999 -9999 -9999 -9999 -9999 -9999 -9999 -9999 -9999 -9999 4.25163E-5 2.46525E-5 2.0719E-5 3.12612E-5 3.04399E-5 2.92876E-5 2.79985E-5 2.69136E-5 3.05943E-5 3.16745E-5 4.01093E-5 3.23546E-5 3.25361E-5 3.31343E-5 3.28905E-5 3.23734E-5 3.95533E-5 3.06441E-5 2.97927E-5 2.99926E-5 3.08582E-5 3.15691E-5 3.27617E-5 3.96163E-5 3.26441E-5 3.83256E-5 3.91187E-5 3.51763E-5 3.37754E-5 3.52803E-5 4.43514E-5 4.6187E-5 3.89998E-5 4.63488E-5 4.60081E-5 4.63071E-5 4.16229E-5 4.30315E-5 4.46658E-5 4.5928E-5 4.83351E-5 5.93616E-5 4.91624E-5 5.94717E-5 6.08363E-5 5.06805E-5 4.54206E-5 5.57146E-5 5.56797E-5 5.1315E-5 5.18898E-5 4.36235E-5 3.16037E-5 2.57514E-5 3.58709E-5
-9999 -9999 -9999 -9999 -9999 -9999 -9999 -9999 -9999 -9999 -9999 4.5861E-5 3.78567E-5 3.62874E-5 3.54511E-5 3.23742E-5 2.82961E-5 2.82285E-5 3.09464E-5 3.59486E-5 4.59378E-5 3.61558E-5 3.15833E-5 3.22923E-5 3.79503E-5 4.81785E-5 4.66741E-5 4.60159E-5 4.52698E-5 4.48127E-5 4.55521E-5 3.67937E-5 3.76344E-5 4.57341E-5 4.40555E-5 4.32118E-5 3.64793E-5 3.49159E-5 3.38201E-5 3.93364E-5 4.98292E-5 5.15675E-5 5.11768E-5 5.11488E-5 4.28545E-5 5.13512E-5 5.30917E-5 5.67591E-5 5.98423E-5 6.14248E-5 6.29611E-5 6.27854E-5 6.29265E-5 6.20308E-5 6.30958E-5 5.29357E-5 5.23065E-5 5.73816E-5 5.69353E-5 5.74918E-5 5.11552E-5 3.38768E-5 2.76428E-5 2.84296E-5 4.47136E-5
-9999 -9999 -9999 -9999 -9999 -9999 -9999 -9999 -9999 -9999 -9999 -9999 -9999 5.03975E-5 5.03204E-5 3.94078E-5 3.8224E-5 3.68914E-5 3.34597E-5 3.97501E-5 5.25862E-5 4.04838E-5 3.43248E-5 3.40812E-5 4.05888E-5 5.49838E-5 4.09542E-5 3.96159E-5 3.89008E-5 3.92482E-5 5.15882E-5 5.13067E-5 5.08592E-5 5.03422E-5 4.99456E-5 4.1409E-5 3.86492E-5 3.51447E-5 4.21638E-5 4.6645E-5 5.56786E-5 5.56105E-5 5.5279E-5 5.57172E-5 5.58127E-5 5.67414E-5 5.89212E-5 4.77371E-5 4.9108E-5 6.40741E-5 6.51241E-5 6.58749E-5 6.61861E-5 6.45912E-5 6.4953E-5 5.39652E-5 5.31655E-5 5.83866E-5 5.15448E-5 5.57379E-5 4.71668E-5 3.82602E-5 4.14223E-5 5.1399E-5 5.14581E-5
-9999 -9999 -9999 -9999 -9999 -9999 -9999 -9999 -9999 -9999 -9999 -9999 -9999 -9999 -9999 -9999 -9999 4.33532E-5 3.9365E-5 4.32592E-5 5.93296E-5 4.44092E-5 3.66289E-5 3.49566E-5 4.08179E-5 5.90518E-5 4.47781E-5 4.31529E-5 4.23858E-5 4.26054E-5 5.69903E-5 5.65224E-5 5.60628E-5 5.66562E-5 4.74523E-5 4.62642E-5 4.60795E-5 4.6256E-5 4.7719E-5 6.03985E-5 6.05225E-5 4.70875E-5 4.57745E-5 4.68137E-5 6.20991E-5 6.2468E-5 4.86498E-5 4.96309E-5 6.51859E-5 6.58821E-5 5.15568E-5 5.23524E-5 5.51356E-5 6.62776E-5 6.50749E-5 5.40763E-5 5.34491E-5 5.7318E-5 5.48446E-5 5.39343E-5 5.31134E-5 4.98367E-5 5.49938E-5 5.66363E-5 4.3875E-5
-9999 -9999 -9999 -9999 -9999 -9999 -9999 -9999 -9999 -9999 -9999 -9999 -9999 -9999 -9999 -9999 -9999 -9999 4.5959E-5 4.77256E-5 6.82622E-5 4.84665E-5 4.12883E-5 3.58862E-5 4.15286E-5 5.81346E-5 6.05984E-5 6.41174E-5 6.46327E-5 6.27269E-5 6.05151E-5 5.98372E-5 5.96842E-5 5.93418E-5 6.01707E-5 5.97422E-5 5.96564E-5 5.93041E-5 5.97572E-5 6.14662E-5 4.69524E-5 4.32068E-5 3.8326E-5 4.38063E-5 4.90614E-5 6.58264E-5 6.59112E-5 6.68639E-5 6.86423E-5 5.29943E-5 4.96691E-5 4.69964E-5 5.65792E-5 6.64868E-5 5.47564E-5 5.56833E-5 5.73477E-5 5.59459E-5 4.38499E-5 5.82968E-5 5.79677E-5 5.63543E-5 5.62305E-5 5.689E-5 5.57676E-5
-9999 -9999 -9999 -9999 -9999 -9999 -9999 -9999 -9999 -9999 -9999 -9999 -9999 -9999 -9999 -9999 -9999 -9999 -9999 -9999 -9999 7.12388E-5 4.56743E-5 3.97294E-5 4.2624E-5 6.18038E-5 6.39294E-5 5.01078E-5 5.04089E-5 4.95592E-5 4.8187E-5 4.66496E-5 4.60003E-5 4.56671E-5 4.5522E-5 4.53175E-5 4.57347E-5 4.71998E-5 4.87843E-5 4.93198E-5 4.61793E-5 3.99174E-5 4.55023E-5 5.00097E-5 6.74364E-5 6.78856E-5 6.93568E-5 5.34135E-5 5.3676E-5 5.08003E-5 5.11558E-5 5.51829E-5 5.62409E-5 6.49049E-5 6.45422E-5 6.13415E-5 5.60288E-5 5.54172E-5 5.5005E-5 5.70094E-5 5.70602E-5 4.99878E-5 4.42232E-5 5.13348E-5 5.66013E-5
-9999 -9999 -9999 -9999 -9999 -9999 -9999 -9999 -9999 -9999 -9999 -9999 -9999 -9999 -9999 -9999 -9999 -9999 -9999 -9999 -9999 7.38017E-5 4.88971E-5 4.56801E-5 6.3326E-5 6.34291E-5 6.8983E-5 5.33451E-5 4.51929E-5 4.21787E-5 4.19191E-5 4.18955E-5 4.15945E-5 4.11697E-5 4.07268E-5 4.04047E-5 4.08202E-5 4.16136E-5 4.22414E-5 4.22945E-5 4.17502E-5 4.73631E-5 5.08897E-5 6.98264E-5 7.1515E-5 5.37509E-5 7.3321E-5 5.60091E-5 4.82171E-5 4.79537E-5 5.65256E-5 6.74597E-5 6.47123E-5 6.21711E-5 6.1826E-5 5.92859E-5 5.05941E-5 5.44109E-5 5.46796E-5 5.48703E-5 5.24996E-5 5.30809E-5 4.53733E-5 4.94304E-5 4.96911E-5
-9999 -9999 -9999 -9999 -9999 -9999 -9999 -9999 -9999 -9999 -9999 -9999 -9999 -9999 -9999 -9999 -9999 -9999 -9999 -9999 -9999 5.23314E-5 5.09819E-5 7.00196E-5 6.81868E-5 4.71062E-5 4.72252E-5 4.81269E-5 4.41822E-5 3.6938E-5 3.54046E-5 3.55925E-5 3.57045E-5 3.5834E-5 3.6022E-5 3.59678E-5 3.56471E-5 3.51635E-5 3.51453E-5 3.74644E-5 4.39584E-5 5.19135E-5 7.28531E-5 7.37195E-5 5.45776E-5 5.09827E-5 5.42985E-5 5.21289E-5 5.29073E-5 5.59874E-5 5.61908E-5 6.488E-5 5.19043E-5 5.22394E-5 5.9081E-5 5.58138E-5 4.98335E-5 4.77561E-5 5.28119E-5 4.82892E-5 4.7349E-5 4.7266E-5 5.26571E-5 3.90562E-5 4.40967E-5
-9999 -9999 -9999 -9999 -9999 -9999 -9999 -9999 -9999 -9999 -9999 -9999 -9999 -9999 -9999 -9999 -9999 -9999 -9999 -9999 -9999 5.46921E-5 7.81547E-5 7.59878E-5 5.05516E-5 4.66207E-5 4.15789E-5 4.05383E-5 3.8664E-5 3.31643E-5 2.99255E-5 3.01125E-5 3.01013E-5 3.01836E-5 3.03144E-5 3.036E-5 3.01752E-5 3.00462E-5 3.26084E-5 3.81799E-5 4.49671E-5 5.34148E-5 7.64606E-5 7.70849E-5 5.58207E-5 4.78025E-5 4.55894E-5 5.15209E-5 5.64196E-5 6.80042E-5 6.36715E-5 6.11653E-5 5.73767E-5 5.66241E-5 5.63166E-5 5.40795E-5 4.77208E-5 4.75547E-5 5.18203E-5 4.6753E-5 4.34899E-5 4.59755E-5 4.95289E-5 3.91271E-5 4.39676E-5
-9999 -9999 -9999 -9999 -9999 -9999 -9999 -9999 -9999 -9999 -9999 -9999 -9999 -9999 -9999 -9999 -9999 -9999 -9999 -9999 -9999 5.4985E-5 7.82674E-5 7.92915E-5 7.976E-5 5.36827E-5 4.50007E-5 3.79943E-5 3.40219E-5 3.02435E-5 2.69475E-5 2.51623E-5 2.5391E-5 2.53909E-5 2.51954E-5 2.52162E-5 2.62508E-5 2.84871E-5 3.24973E-5 3.7868E-5 4.39272E-5 5.02828E-5 5.53714E-5 7.85042E-5 5.53703E-5 4.69564E-5 4.68142E-5 5.50634E-5 6.72788E-5 6.18292E-5 4.97811E-5 4.91173E-5 5.33404E-5 5.37477E-5 4.61371E-5 5.12519E-5 4.75125E-5 4.88458E-5 5.2938E-5 4.55376E-5 4.47672E-5 4.40989E-5 4.37155E-5 4.87876E-5 4.94511E-5
-9999 -9999 -9999 -9999 -9999 -9999 -9999 -9999 -9999 -9999 -9999 -9999 -9999 -9999 -9999 -9999 -9999 -9999 -9999 -9999 -9999 7.55894E-5 7.59571E-5 5.42975E-5 7.84079E-5 5.39573E-5 4.88771E-5 4.28152E-5 3.67598E-5 3.07526E-5 2.70393E-5 2.30437E-5 2.36532E-5 2.50647E-5 2.60556E-5 2.80259E-5 3.029E-5 3.36465E-5 3.61637E-5 3.91733E-5 4.38199E-5 4.98594E-5 5.46377E-5 7.65669E-5 5.31361E-5 4.48495E-5 4.44509E-5 5.19618E-5 5.97763E-5 4.84789E-5 4.86205E-5 5.27997E-5 5.11064E-5 5.09222E-5 4.48978E-5 4.82654E-5 4.98772E-5 5.0466E-5 4.93652E-5 4.25235E-5 4.72291E-5 4.67075E-5 4.25717E-5 4.74034E-5 4.42856E-5
-9999 -9999 -9999 -9999 -9999 -9999 -9999 -9999 -9999 -9999 -9999 -9999 -9999 -9999 -9999 -9999 -9999 -9999 -9999 -9999 -9999 7.30289E-5 5.37157E-5 5.31939E-5 7.46959E-5 7.57338E-5 5.31189E-5 4.49334E-5 3.77437E-5 3.32281E-5 2.93036E-5 2.58231E-5 2.73837E-5 2.92054E-5 2.94404E-5 3.20695E-5 3.45789E-5 3.81525E-5 4.22884E-5 4.35133E-5 4.87018E-5 5.25084E-5 7.11515E-5 7.12474E-5 5.0715E-5 4.20436E-5 4.1155E-5 4.75539E-5 5.41358E-5 4.66379E-5 5.18625E-5 5.08289E-5 4.93054E-5 4.84854E-5 4.2955E-5 4.5459E-5 4.55766E-5 4.57115E-5 4.54724E-5 3.93091E-5 4.38751E-5 3.95545E-5 4.18332E-5 5.02845E-5 5.48788E-5
-9999 -9999 -9999 -9999 -9999 -9999 -9999 -9999 -9999 -9999 -9999 -9999 -9999 -9999 -9999 -9999 -9999 -9999 -9999 -9999 -9999 5.12571E-5 4.79085E-5 4.75443E-5 5.16893E-5 7.14879E-5 5.23708E-5 4.81399E-5 4.24855E-5 3.76578E-5 3.32609E-5 2.99058E-5 3.28291E-5 3.4728E-5 3.54321E-5 3.75706E-5 4.08979E-5 4.25423E-5 4.83735E-5 5.08287E-5 5.08097E-5 6.39124E-5 6.3324E-5 4.81164E-5 4.25003E-5 3.64311E-5 4.20136E-5 4.40894E-5 4.85946E-5 4.83909E-5 4.91565E-5 4.39352E-5 4.74321E-5 4.13901E-5 3.92129E-5 4.26085E-5 3.5931E-5 3.63471E-5 3.6174E-5 4.31103E-5 3.61262E-5 4.05303E-5 4.89303E-5 5.19636E-5 5.71107E-5
-9999 -9999 -9999 -9999 -9999 -9999 -9999 -9999 -9999 -9999 -9999 -9999 -9999 -9999 -9999 -9999 -9999 -9999 -9999 -9999 -9999 4.03069E-5 3.89383E-5 4.21945E-5 4.98129E-5 6.59805E-5 6.82694E-5 5.08663E-5 4.73966E-5 4.06248E-5 3.58301E-5 3.33996E-5 3.74623E-5 4.04771E-5 4.17422E-5 4.15636E-5 4.70182E-5 5.02933E-5 5.0547E-5 6.18498E-5 5.8859E-5 5.7029E-5 4.46651E-5 3.94042E-5 3.57524E-5 3.97431E-5 4.17534E-5 4.58888E-5 4.50216E-5 4.56257E-5 4.20936E-5 4.59893E-5 4.52475E-5 3.95939E-5 4.03683E-5 3.88665E-5 3.29789E-5 3.2641E-5 3.24038E-5 4.12547E-5 3.81633E-5 4.18241E-5 4.70741E-5 4.61424E-5 5.85837E-5
-9999 -9999 -9999 -9999 -9999 -9999 -9999 -9999 -9999 -9999 -9999 -9999 -9999 -9999 -9999 -9999 -9999 -9999 -9999 -9999 -9999 3.78521E-5 3.65362E-5 3.75193E-5 4.2529E-5 4.65089E-5 6.02859E-5 6.23479E-5 4.86586E-5 4.12157E-5 3.50245E-5 3.50934E-5 3.90771E-5 4.41982E-5 4.65549E-5 4.63269E-5 4.74638E-5 6.13588E-5 5.93938E-5 5.60378E-5 4.32737E-5 4.06517E-5 3.8721E-5 3.98059E-5 3.86862E-5 3.81725E-5 4.30727E-5 4.23335E-5 4.31998E-5 3.94287E-5 4.3154E-5 4.251E-5 3.88782E-5 3.69796E-5 3.741E-5 3.22756E-5 3.03596E-5 3.15138E-5 3.83287E-5 4.24474E-5 3.9204E-5 4.17681E-5 5.13027E-5 3.85071E-5 5.69043E-5
-9999 -9999 -9999 -9999 -9999 -9999 -9999 -9999 -9999 -9999 -9999 -9999 -9999 -9999 -9999 -9999 -9999 -9999 -9999 -9999 -9999 4.0856E-5 3.7814E-5 3.50002E-5 3.99687E-5 4.7856E-5 5.08387E-5 4.50483E-5 4.15083E-5 3.59859E-5 3.55832E-5 3.48849E-5 3.91843E-5 4.29519E-5 5.57795E-5 5.51689E-5 5.47056E-5 5.23377E-5 4.08959E-5 3.91579E-5 3.90377E-5 3.8661E-5 3.80268E-5 4.23902E-5 4.06307E-5 3.96578E-5 3.9401E-5 4.12448E-5 3.75579E-5 4.03502E-5 3.93403E-5 3.61266E-5 3.64553E-5 3.67724E-5 3.45493E-5 3.01742E-5 2.84111E-5 3.13486E-5 4.26328E-5 4.41209E-5 3.77611E-5 3.53511E-5 5.26795E-5 3.17379E-5 6.29057E-5
-9999 -9999 -9999 -9999 -9999 -9999 -9999 -9999 -9999 -9999 -9999 -9999 -9999 -9999 -9999 -9999 -9999 -9999 -9999 -9999 -9999 -9999 3.80903E-5 3.4174E-5 3.41913E-5 3.73358E-5 4.86697E-5 5.68484E-5 4.19605E-5 3.95861E-5 3.88185E-5 3.85971E-5 2.50215E-5 5.05267E-5 5.02789E-5 3.86726E-5 3.7307E-5 3.65669E-5 3.53573E-5 3.71476E-5 4.26938E-5 4.21658E-5 4.09096E-5 3.91117E-5 3.70589E-5 3.63756E-5 3.82637E-5 3.39041E-5 3.74837E-5 3.71183E-5 3.29728E-5 3.20081E-5 3.22688E-5 3.33339E-5 2.93326E-5 2.63315E-5 2.97464E-5 4.19843E-5 4.38129E-5 3.77887E-5 4.62028E-5 5.16046E-5 4.86531E-5 4.2116E-5 6.40274E-5
-9999 -9999 -9999 -9999 -9999 -9999 -9999 -9999 -9999 -9999 -9999 -9999 -9999 -9999 -9999 -9999 -9999 -9999 -9999 -9999 -9999 -9999 -9999 -9999 -9999 -9999 -9999 5.42762E-5 5.40289E-5 5.18613E-5 5.037E-5 4.13783E-5 4.06421E-5 4.58122E-5 3.49121E-5 3.222E-5 3.39019E-5 3.42192E-5 3.40548E-5 4.13814E-5 4.05722E-5 3.91006E-5 3.72135E-5 3.5275E-5 3.1898E-5 3.07945E-5 2.96743E-5 3.54202E-5 3.56424E-5 2.96102E-5 2.86381E-5 2.99785E-5 2.62748E-5 2.98449E-5 2.75221E-5 2.68959E-5 4.05054E-5 4.19042E-5 4.34665E-5 3.93102E-5 4.81391E-5 5.55612E-5 5.74982E-5 4.65879E-5 6.79934E-5
-9999 -9999 -9999 -9999 -9999 -9999 -9999 -9999 -9999 -9999 -9999 -9999 -9999 -9999 -9999 -9999 -9999 -9999 -9999 -9999 -9999 -9999 -9999 -9999 -9999 -9999 3.51189E-5 3.57894E-5 4.99523E-5 4.90793E-5 4.85766E-5 3.90695E-5 3.74553E-5 3.28297E-5 3.20354E-5 3.25698E-5 4.14182E-5 4.03906E-5 3.95186E-5 3.82299E-5 2.93997E-5 3.49655E-5 3.02533E-5 2.96676E-5 2.66687E-5 2.60085E-5 3.21006E-5 3.23804E-5 3.26811E-5 2.70685E-5 2.81685E-5 2.78605E-5 2.6954E-5 2.60797E-5 2.60949E-5 3.6326E-5 4.182E-5 3.89091E-5 4.36031E-5 3.81271E-5 5.07341E-5 5.95794E-5 6.24017E-5 5.44097E-5 7.13151E-5
-9999 -9999 -9999 -9999 -9999 -9999 -9999 -9999 -9999 -9999 -9999 -9999 -9999 -9999 -9999 -9999 -9999 -9999 -9999 -9999 -9999 -9999 -9999 -9999 -9999 -9999 2.96705E-5 2.95198E-5 3.04221E-5 2.96842E-5 4.17303E-5 3.26237E-5 4.05648E-5 4.03057E-5 3.95961E-5 3.02292E-5 2.92587E-5 3.61955E-5 3.49945E-5 2.73141E-5 2.75724E-5 2.75662E-5 2.54746E-5 2.1683E-5 2.02941E-5 2.18517E-5 2.31048E-5 2.43663E-5 2.93872E-5 2.54613E-5 2.83997E-5 2.948E-5 2.37199E-5 2.27852E-5 2.68258E-5 4.16091E-5 3.52725E-5 3.9392E-5 4.55745E-5 4.04851E-5 4.37693E-5 4.88837E-5 6.39151E-5 7.09289E-5 6.91597E-5
-9999 -9999 -9999 -9999 -9999 -9999 -9999 -9999 -9999 -9999 -9999 -9999 -9999 -9999 -9999 -9999 -9999 -9999 -9999 -9999 -9999 -9999 -9999 -9999 -9999 -9999 2.73658E-5 2.30153E-5 2.20126E-5 2.33302E-5 2.35397E-5 2.28187E-5 2.33528E-5 3.47372E-5 3.49746E-5 2.46611E-5 2.51466E-5 2.61619E-5 3.05315E-5 3.01025E-5 2.91544E-5 2.83897E-5 2.27273E-5 2.19127E-5 2.10091E-5 1.88671E-5 1.9152E-5 2.18634E-5 2.4885E-5 2.52561E-5 2.72433E-5 2.21238E-5 2.059E-5 2.5267E-5 3.91325E-5 4.14106E-5 3.86319E-5 4.04935E-5 5.07775E-5 4.14898E-5 4.72809E-5 5.34143E-5 6.63306E-5 5.54075E-5 7.0575E-5
-9999 -9999 -9999 -9999 -9999 -9999 -9999 -9999 -9999 -9999 -9999 -9999 -9999 -9999 -9999 -9999 -9999 -9999 -9999 -9999 -9999 -9999 -9999 -9999 -9999 2.36259E-5 2.35813E-5 2.31692E-5 2.28446E-5 2.21416E-5 3.10494E-5 2.9977E-5 3.00112E-5 3.06585E-5 3.14196E-5 2.3951E-5 2.20321E-5 2.25629E-5 2.23037E-5 2.16621E-5 2.17407E-5 2.4434E-5 2.37027E-5 2.39608E-5 2.22496E-5 2.16339E-5 2.08374E-5 1.99196E-5 2.07248E-5 2.10146E-5 2.52872E-5 2.16099E-5 2.47122E-5 3.58418E-5 4.19252E-5 4.06562E-5 4.4068E-5 4.16118E-5 5.41145E-5 4.60441E-5 6.31809E-5 6.22622E-5 7.86341E-5 5.58374E-5 5.95557E-5
