catData/rasterBestHybridModels/Prubiginosus/RDbal_RM2_LQ/Prubiginosus_stddev.asc
ncols         409
nrows         350
xllcorner     60.897278365
yllcorner     5.843756025
cellsize      0.0892857
NODATA_value  -9999
[rows 58 to 86 of 350, columns 66 to 131 of 409]
-9999 -9999 -9999 -9999 -9999 -9999 -9999 -9999 -9999 -9999 -9999 -9999 -9999 -9999 -9999 -9999 -9999 -9999 -9999 -9999 -9999 -9999 -9999 -9999 -9999 -9999 -9999 6.93197E-6 7.59583E-6 8.01439E-6 7.86106E-6 6.16219E-6 8.6713E-6 8.26739E-6 6.7343E-6 5.84724E-6 5.54778E-6 6.01534E-6 1.1453E-5 6.25528E-6 1.16473E-5 1.12856E-5 1.19264E-5 1.17622E-5 5.83151E-6 2.35091E-6 6.44138E-6 5.89481E-7 1.78378E-6 4.39521E-6 2.34169E-6 5.19847E-6 7.74537E-6 1.12747E-5 1.24557E-5 1.34643E-5 1.33521E-5 1.17718E-5 1.17927E-5 1.08025E-5 9.28142E-6 1.48514E-6 8.16491E-7 2.84569E-6 2.1828E-6 2.65356E-6
-9999 -9999 -9999 -9999 -9999 -9999 -9999 -9999 -9999 -9999 -9999 -9999 -9999 -9999 -9999 4.79871E-6 3.92376E-6 5.66916E-6 6.00548E-6 6.05211E-6 6.33387E-6 -9999 -9999 -9999 -9999 -9999 5.99726E-6 5.77837E-6 6.20141E-6 6.87903E-6 6.87684E-6 7.28931E-6 7.61112E-6 5.85056E-6 6.68791E-6 5.86045E-6 6.12915E-6 6.69996E-6 1.26004E-5 1.30521E-5 1.31262E-5 1.32452E-5 1.24061E-5 5.72628E-6 2.65371E-6 1.54582E-6 4.03659E-6 4.00869E-7 3.2305E-6 4.12304E-6 4.19005E-6 4.56978E-6 3.71848E-6 1.18898E-5 1.29775E-5 7.80445E-6 7.07674E-6 1.1871E-5 1.08438E-5 9.9849E-6 5.52686E-6 3.76182E-6 1.24186E-6 2.60111E-6 7.76879E-6 7.79179E-6
-9999 -9999 -9999 -9999 -9999 -9999 -9999 -9999 -9999 -9999 -9999 -9999 -9999 4.7073E-6 3.60134E-6 4.88087E-6 5.04395E-6 4.70022E-6 5.96225E-6 6.03375E-6 6.10761E-6 6.5952E-6 -9999 -9999 -9999 5.20171E-6 4.7837E-6 4.71716E-6 5.06437E-6 5.95543E-6 6.11884E-6 6.22858E-6 5.20519E-6 5.39993E-6 6.53823E-6 5.42087E-6 6.41118E-6 6.33913E-6 7.58744E-6 1.37879E-5 7.39271E-6 7.46078E-6 1.24478E-5 3.75396E-6 1.56735E-6 5.04378E-6 2.27476E-6 7.1164E-7 2.79165E-6 1.84216E-6 2.56411E-6 5.03338E-6 5.90833E-6 1.23909E-5 7.47991E-6 7.57204E-6 1.25462E-5 1.13404E-5 5.31956E-6 9.18518E-6 2.68675E-6 1.03261E-6 1.35593E-6 2.18444E-6 5.26438E-6 7.22886E-6
-9999 -9999 -9999 -9999 -9999 -9999 -9999 -9999 -9999 -9999 -9999 4.67088E-6 4.13488E-6 4.66876E-6 4.78081E-6 5.05121E-6 5.36321E-6 5.94855E-6 6.06495E-6 5.0815E-6 5.50385E-6 5.96973E-6 6.4328E-6 6.09745E-6 5.67902E-6 5.27686E-6 4.82747E-6 4.80512E-6 4.91891E-6 4.91512E-6 5.1456E-6 5.21591E-6 5.00427E-6 5.38256E-6 5.95034E-6 4.87447E-6 6.76446E-6 7.88631E-6 1.35094E-5 1.46204E-5 8.05998E-6 7.0364E-6 1.10508E-5 8.9796E-6 6.52686E-6 5.48445E-6 8.91936E-7 1.52467E-6 2.61377E-6 1.59519E-6 2.87035E-6 2.90992E-6 1.12112E-5 1.24525E-5 7.50884E-6 1.36724E-5 1.24258E-5 5.91466E-6 5.1839E-6 7.47782E-6 8.62156E-7 1.26596E-6 1.15525E-6 1.56249E-6 3.15894E-6 4.3941E-6
-9999 -9999 -9999 -9999 -9999 -9999 -9999 -9999 -9999 4.16462E-6 3.98317E-6 4.25008E-6 4.60912E-6 3.70116E-6 3.88619E-6 4.99398E-6 5.41335E-6 5.99115E-6 5.52839E-6 5.61658E-6 5.80555E-6 5.93076E-6 5.69138E-6 5.521E-6 5.03688E-6 4.99965E-6 4.71713E-6 4.41213E-6 4.2182E-6 4.16599E-6 4.43696E-6 4.56584E-6 4.77046E-6 5.01598E-6 5.58657E-6 5.48358E-6 6.79383E-6 1.15851E-5 1.30373E-5 1.37203E-5 1.38388E-5 6.99905E-6 5.22738E-6 1.05247E-5 7.26541E-6 2.1774E-6 3.93513E-7 1.03667E-6 1.25027E-6 2.39689E-6 7.12648E-6 5.37463E-6 1.14712E-5 6.84041E-6 7.62139E-6 1.37214E-5 6.71449E-6 4.53556E-6 5.19949E-6 4.97609E-6 2.33565E-6 1.63059E-6 2.83398E-6 4.5616E-6 3.19126E-6 1.39275E-6
-9999 -9999 -9999 -9999 -9999 -9999 -9999 -9999 -9999 2.46315E-6 2.49103E-6 4.01347E-6 3.47216E-6 3.69519E-6 3.79667E-6 4.16075E-6 4.84364E-6 6.08695E-6 6.61539E-6 6.7475E-6 6.15884E-6 5.83529E-6 5.47283E-6 5.04733E-6 5.09766E-6 4.83219E-6 4.50275E-6 4.05602E-6 3.81089E-6 3.75906E-6 3.88454E-6 4.18099E-6 4.72288E-6 4.99208E-6 5.46845E-6 5.11236E-6 7.35917E-6 1.08867E-5 7.75981E-6 7.60771E-6 1.33761E-5 6.67894E-6 3.71814E-6 5.09313E-6 8.65513E-6 1.80022E-6 4.14005E-7 9.82667E-7 2.42545E-6 2.7727E-6 9.05577E-6 1.066E-5 1.21089E-5 7.17837E-6 7.65541E-6 1.29386E-5 6.11585E-6 3.67182E-6 4.47348E-6 3.73073E-6 2.88953E-6 3.92691E-6 4.43881E-6 3.97645E-6 1.21953E-6 1.08272E-6
-9999 -9999 -9999 -9999 -9999 -9999 -9999 -9999 -9999 -9999 3.5577E-6 3.66746E-6 3.9799E-6 4.20134E-6 3.92762E-6 4.34033E-6 4.99494E-6 5.65488E-6 5.93747E-6 6.33767E-6 5.93385E-6 5.65297E-6 5.26934E-6 5.2258E-6 4.961E-6 4.74882E-6 4.16395E-6 3.7742E-6 3.59821E-6 3.34212E-6 3.65505E-6 4.06869E-6 4.53829E-6 5.01693E-6 5.53888E-6 5.63618E-6 6.32736E-6 7.12931E-6 6.67935E-6 7.34572E-6 1.31335E-5 6.57088E-6 4.51729E-6 4.48544E-6 5.44925E-6 1.08099E-6 6.5152E-7 2.67429E-6 4.05079E-6 3.84198E-6 6.39051E-6 1.13597E-5 1.26161E-5 1.38745E-5 1.32604E-5 1.21126E-5 1.10592E-5 4.53665E-6 3.70553E-6 3.19976E-6 3.98298E-6 3.06367E-6 4.68874E-6 2.39545E-6 1.76645E-6 1.86011E-6
3.7573E-6 3.92294E-6 3.87736E-6 3.61583E-6 -9999 -9999 -9999 3.62973E-6 3.36206E-6 3.19271E-6 3.23238E-6 2.313E-6 3.00254E-6 3.84629E-6 4.14452E-6 4.22414E-6 4.40248E-6 4.22063E-6 4.45426E-6 5.39883E-6 5.64792E-6 5.44477E-6 5.29695E-6 5.10695E-6 4.74246E-6 4.23895E-6 3.81191E-6 3.50857E-6 3.34204E-6 3.42044E-6 3.97399E-6 4.14549E-6 4.79048E-6 5.05646E-6 5.80638E-6 5.98247E-6 6.62311E-6 7.03796E-6 6.71189E-6 7.20205E-6 1.28961E-5 1.23389E-5 5.88393E-6 8.7234E-6 6.28158E-6 7.49643E-7 4.86282E-7 3.60638E-6 2.124E-6 2.62354E-6 4.22701E-6 6.13784E-6 6.91039E-6 1.40708E-5 1.28269E-5 6.12015E-6 7.94345E-6 7.37828E-6 4.37151E-6 2.74714E-6 2.05389E-6 4.44068E-6 2.48062E-6 2.07607E-6 2.6331E-6 1.57621E-6
3.87067E-6 3.35478E-6 3.2584E-6 3.0287E-6 2.61308E-6 2.11572E-6 3.19349E-6 2.21389E-6 2.96318E-6 2.83425E-6 2.08152E-6 2.09571E-6 2.47705E-6 3.20496E-6 3.72987E-6 4.07633E-6 4.34624E-6 4.51396E-6 4.99611E-6 5.65983E-6 5.8457E-6 5.66211E-6 5.32525E-6 4.9511E-6 4.56135E-6 3.98833E-6 3.60284E-6 3.19509E-6 3.39018E-6 3.80211E-6 4.02493E-6 4.34182E-6 4.96899E-6 5.07575E-6 6.20776E-6 5.90351E-6 6.85931E-6 7.09771E-6 7.57735E-6 1.25135E-5 1.27122E-5 1.18422E-5 1.12179E-5 7.49816E-6 2.83543E-6 1.18475E-6 4.91606E-7 2.3007E-6 6.37903E-6 2.11514E-6 2.69334E-6 5.94702E-6 7.24709E-6 1.39935E-5 1.27104E-5 1.09973E-5 1.01847E-5 8.13296E-6 2.65839E-6 1.29052E-6 4.39137E-6 2.05843E-6 2.04689E-6 2.31423E-6 2.70529E-6 4.47867E-6
2.47655E-6 2.66414E-6 2.19711E-6 2.01367E-6 2.76311E-6 2.83297E-6 2.88612E-6 1.89855E-6 1.69113E-6 2.53169E-6 3.21563E-6 3.12105E-6 3.5699E-6 4.26648E-6 4.27193E-6 4.34134E-6 4.01916E-6 4.24626E-6 4.86296E-6 5.41891E-6 5.34603E-6 5.29219E-6 5.47695E-6 4.8283E-6 4.25478E-6 3.67276E-6 3.17876E-6 3.23924E-6 3.84218E-6 4.24436E-6 4.29874E-6 4.8033E-6 5.39915E-6 5.2756E-6 6.60217E-6 6.08456E-6 6.71726E-6 7.52895E-6 1.19592E-5 1.20436E-5 6.75209E-6 6.46118E-6 1.12368E-5 5.70125E-6 5.1372E-6 2.62081E-6 4.99265E-7 7.34598E-7 3.07807E-6 6.37461E-6 6.99002E-6 1.03816E-5 1.40561E-5 1.41981E-5 1.29411E-5 5.85396E-6 4.94337E-6 2.59915E-6 7.94806E-7 2.6329E-6 3.38555E-6 2.10238E-6 2.61466E-6 1.70565E-6 1.04995E-6 3.58853E-6
1.9989E-6 2.36828E-6 2.46815E-6 2.43719E-6 2.36042E-6 2.21171E-6 1.67721E-6 1.60108E-6 1.37236E-6 1.3717E-6 1.74612E-6 2.64839E-6 3.68091E-6 4.48164E-6 4.84085E-6 5.07213E-6 4.5825E-6 4.20273E-6 4.23717E-6 4.67515E-6 4.85665E-6 4.94945E-6 4.58915E-6 4.43099E-6 3.92292E-6 3.51643E-6 3.35989E-6 3.7395E-6 4.11197E-6 4.45584E-6 4.736E-6 5.24407E-6 5.71368E-6 5.55576E-6 6.92715E-6 6.26083E-6 6.91985E-6 7.80591E-6 1.13517E-5 6.94212E-6 5.55491E-6 5.86147E-6 5.28197E-6 5.33835E-6 2.02135E-6 2.63957E-6 8.95668E-7 5.23986E-7 1.91282E-6 6.57973E-6 2.98611E-6 2.73297E-6 1.41302E-5 8.04954E-6 6.65535E-6 5.97264E-6 2.32147E-6 7.05349E-7 8.25292E-7 2.87689E-6 4.40853E-6 4.61298E-6 4.98526E-6 5.22728E-6 4.55674E-6 1.08781E-6
2.47074E-6 3.07711E-6 3.37227E-6 2.96899E-6 2.38522E-6 2.62945E-6 2.39585E-6 2.17214E-6 1.61291E-6 1.21854E-6 2.54353E-6 3.61808E-6 4.53802E-6 4.51194E-6 4.14294E-6 4.25235E-6 4.39363E-6 4.57181E-6 4.30795E-6 4.26986E-6 4.21701E-6 4.25039E-6 3.85662E-6 3.72765E-6 3.62935E-6 3.34776E-6 3.43044E-6 3.95251E-6 4.40439E-6 4.75367E-6 5.14019E-6 5.46731E-6 5.62723E-6 6.75778E-6 7.47378E-6 6.55296E-6 7.05751E-6 7.32777E-6 1.05874E-5 6.80839E-6 6.5912E-6 1.20119E-5 8.15814E-6 5.84717E-6 1.70804E-6 4.22098E-6 1.65095E-6 8.56328E-7 9.63965E-7 4.21455E-6 2.57587E-6 4.65079E-6 1.36615E-5 1.53414E-5 1.43036E-5 1.21361E-5 9.04285E-7 1.0071E-6 3.51668E-6 1.86051E-6 2.29976E-6 3.964E-6 4.40113E-6 2.71804E-6 1.0299E-6 1.15714E-6
5.13759E-6 5.98356E-6 5.05786E-6 4.95955E-6 4.10373E-6 3.36913E-6 2.52647E-6 1.62368E-6 2.21791E-6 3.24741E-6 4.79955E-6 3.80045E-6 3.54943E-6 3.80327E-6 3.98954E-6 3.72706E-6 3.97133E-6 4.03606E-6 3.96782E-6 3.88279E-6 3.80602E-6 3.80017E-6 3.71022E-6 3.35727E-6 3.36049E-6 3.4134E-6 3.80572E-6 4.19511E-6 4.5983E-6 4.76768E-6 5.24865E-6 5.86123E-6 6.61772E-6 7.33173E-6 7.9223E-6 7.09461E-6 7.10156E-6 7.0869E-6 9.95878E-6 1.01022E-5 5.88604E-6 6.0557E-6 1.05385E-5 6.88708E-6 2.20355E-6 1.17311E-6 7.16555E-7 1.07258E-6 2.34688E-6 2.40294E-6 1.36828E-6 2.53721E-6 9.05431E-6 8.12797E-6 6.99791E-6 3.09675E-6 1.46784E-6 3.29165E-6 8.60772E-7 1.24048E-6 2.3699E-6 5.10905E-6 2.33254E-6 3.43467E-6 1.19985E-6 8.03644E-7
3.79014E-6 3.4079E-6 3.42747E-6 2.68798E-6 3.99074E-6 3.20934E-6 2.50112E-6 2.37724E-6 2.08754E-6 1.90386E-6 2.30693E-6 2.42744E-6 3.08236E-6 3.53539E-6 4.67772E-6 3.99539E-6 3.64998E-6 3.60842E-6 3.5651E-6 3.54259E-6 3.47814E-6 3.45684E-6 3.41732E-6 3.45699E-6 3.79708E-6 3.79877E-6 3.90572E-6 4.25461E-6 4.65359E-6 5.05783E-6 5.26871E-6 5.91814E-6 6.47759E-6 7.07251E-6 9.57656E-6 7.53839E-6 7.61488E-6 7.36972E-6 9.57663E-6 9.34813E-6 5.30027E-6 5.24304E-6 9.09367E-6 8.12977E-6 2.55792E-6 9.32686E-7 6.46953E-7 1.11286E-6 2.22709E-6 2.55671E-6 1.61677E-6 3.39309E-6 9.55504E-6 1.42057E-5 2.97621E-6 6.91113E-7 3.71321E-6 2.24674E-6 1.38735E-6 2.72335E-6 2.19969E-6 2.31261E-6 1.36842E-6 7.09125E-7 4.84659E-7 9.66236E-7
4.93848E-6 6.13704E-6 5.89716E-6 5.59768E-6 4.72968E-6 3.64073E-6 3.10521E-6 2.82017E-6 1.81817E-6 1.29432E-6 1.3194E-6 2.37768E-6 3.30995E-6 4.3927E-6 5.53265E-6 5.51514E-6 5.38754E-6 5.04092E-6 4.76161E-6 4.22843E-6 4.04649E-6 4.02155E-6 4.04525E-6 3.99079E-6 4.08967E-6 4.22718E-6 4.33702E-6 4.65201E-6 5.08735E-6 5.65596E-6 5.90059E-6 6.68822E-6 6.89968E-6 7.25795E-6 9.76091E-6 7.18519E-6 6.88697E-6 6.67897E-6 9.0116E-6 9.15077E-6 4.66455E-6 4.39378E-6 9.2511E-6 7.7759E-6 2.6268E-6 1.1252E-6 6.83577E-7 6.33964E-7 1.25921E-6 4.98668E-6 3.58914E-6 1.09183E-5 4.71758E-6 8.95922E-6 2.78046E-6 2.77144E-6 4.1094E-6 2.54407E-6 2.94208E-6 4.57188E-6 5.17818E-6 3.08721E-6 1.39044E-6 1.95318E-6 2.27321E-6 1.22638E-6
5.82278E-6 6.06365E-6 6.29372E-6 5.63657E-6 5.05054E-6 3.19639E-6 2.13153E-6 1.99534E-6 1.60866E-6 1.31926E-6 1.25163E-6 1.74986E-6 2.33857E-6 3.091E-6 4.24226E-6 5.13927E-6 5.43577E-6 5.28585E-6 5.49621E-6 5.23724E-6 4.63784E-6 4.70031E-6 4.41628E-6 4.23781E-6 4.37367E-6 4.68592E-6 4.52083E-6 4.65425E-6 5.66678E-6 5.56108E-6 6.49467E-6 7.03849E-6 8.65519E-6 8.94629E-6 9.13723E-6 6.95011E-6 7.24175E-6 6.5889E-6 8.53349E-6 8.31833E-6 4.19956E-6 7.85506E-6 7.22156E-6 4.81499E-6 2.6452E-6 1.99047E-6 1.35476E-6 2.09374E-6 3.85391E-6 3.85246E-6 6.14087E-6 1.2555E-5 1.09681E-5 4.95494E-6 1.92791E-6 1.12837E-6 6.93914E-7 9.73497E-7 2.65729E-6 7.82987E-7 1.10118E-6 1.77181E-6 9.59986E-7 6.33068E-7 6.86395E-7 7.71388E-7
4.786E-6 5.77896E-6 4.12385E-6 2.77048E-6 3.68707E-6 3.00044E-6 2.03006E-6 1.43924E-6 1.57614E-6 9.82148E-7 1.13101E-6 1.00312E-6 1.25625E-6 2.1447E-6 3.1033E-6 4.63545E-6 5.78796E-6 5.48623E-6 5.25832E-6 5.03568E-6 4.88034E-6 4.54436E-6 4.73982E-6 5.05922E-6 5.1854E-6 5.47125E-6 5.79674E-6 6.08487E-6 6.45333E-6 7.03342E-6 7.69832E-6 8.45961E-6 9.03282E-6 8.91993E-6 8.83282E-6 7.09253E-6 7.23748E-6 6.54377E-6 7.72092E-6 7.74726E-6 7.42101E-6 7.63158E-6 7.06722E-6 4.10192E-6 1.62772E-6 1.93972E-6 9.6925E-7 1.1362E-6 3.97143E-6 5.61618E-6 5.03184E-6 5.76047E-6 7.33839E-6 1.06544E-6 1.03142E-6 6.73552E-7 8.47132E-7 2.00651E-6 2.08434E-6 5.94138E-7 4.74124E-7 1.30895E-6 1.73258E-6 7.00701E-7 6.60731E-7 5.92012E-7
6.37724E-6 5.17244E-6 2.94191E-6 1.83269E-6 1.60447E-6 1.16513E-6 2.8888E-6 3.47732E-6 3.12625E-6 9.59547E-7 6.32391E-7 5.99415E-7 8.18832E-7 1.18648E-6 2.67636E-6 4.3751E-6 5.41535E-6 5.84683E-6 6.02277E-6 5.81547E-6 5.6621E-6 4.973E-6 4.94274E-6 4.94377E-6 4.97395E-6 5.00697E-6 5.42262E-6 7.18747E-6 6.55879E-6 7.07484E-6 7.26749E-6 7.53746E-6 7.64576E-6 7.50262E-6 8.23837E-6 7.15851E-6 6.55299E-6 6.78711E-6 5.44019E-6 4.5708E-6 7.80006E-6 3.96917E-6 3.33404E-6 3.71077E-6 1.42938E-6 3.66018E-6 1.0683E-6 6.85046E-7 1.56356E-6 5.75091E-6 2.89577E-6 4.8208E-6 2.02074E-6 8.48189E-7 7.75045E-7 7.20502E-7 1.56452E-6 1.59069E-6 3.23031E-6 1.46351E-6 1.72556E-6 1.00603E-6 8.66287E-7 7.75062E-7 6.75419E-7 1.30205E-6
6.1958E-6 4.83568E-6 4.25838E-6 2.76023E-6 1.90256E-6 9.6907E-7 2.50128E-6 5.1584E-6 4.28954E-6 2.59078E-6 2.96872E-6 3.59888E-6 3.02346E-6 1.43927E-6 2.37624E-6 4.43133E-6 5.26694E-6 5.93221E-6 6.36011E-6 6.72688E-6 5.97077E-6 6.05195E-6 5.7118E-6 5.54511E-6 5.49951E-6 7.42088E-6 7.6897E-6 8.07158E-6 6.9067E-6 7.15588E-6 7.29256E-6 7.59607E-6 9.10808E-6 8.55515E-6 8.13025E-6 8.14242E-6 7.16195E-6 6.84953E-6 7.3756E-6 4.16666E-6 7.33311E-6 3.95328E-6 2.82446E-6 3.00656E-6 2.68658E-6 4.57472E-6 2.42271E-6 1.03567E-6 8.04686E-7 9.51124E-7 8.13555E-7 1.50662E-6 2.81163E-6 1.18783E-6 6.8257E-7 5.0027E-7 2.15941E-6 3.19719E-6 7.20561E-7 9.94857E-7 1.89987E-6 1.24827E-6 1.90029E-6 5.82649E-6 2.01766E-6 1.76722E-6
6.91156E-6 4.17577E-6 3.91719E-6 2.46135E-6 2.56359E-6 2.15238E-6 4.1986E-6 5.28652E-6 4.45023E-6 4.49082E-6 4.41717E-6 4.54996E-6 4.14782E-6 3.91974E-6 4.04341E-6 4.04045E-6 5.12303E-6 5.60714E-6 5.31446E-6 6.51022E-6 7.75118E-6 6.70727E-6 6.58786E-6 8.70021E-6 8.53166E-6 8.57453E-6 8.68973E-6 6.62197E-6 6.72933E-6 7.17798E-6 7.29419E-6 7.49862E-6 8.4989E-6 7.26594E-6 8.80585E-6 8.05641E-6 6.73554E-6 6.65563E-6 7.80969E-6 7.84853E-6 7.77107E-6 3.92874E-6 4.71238E-6 1.24869E-6 1.11691E-6 1.03628E-6 1.28952E-6 5.47275E-7 9.0842E-7 1.84566E-6 9.76747E-7 3.23464E-6 5.3039E-6 1.18411E-6 4.60578E-7 1.2156E-6 1.64233E-6 1.97087E-6 1.32502E-6 1.70676E-6 3.86994E-6 3.50376E-6 1.8174E-6 2.82373E-6 3.68349E-6 3.43513E-6
3.4184E-6 2.84392E-6 3.21925E-6 2.41984E-6 2.75361E-6 3.64434E-6 5.69695E-6 4.79255E-6 4.96994E-6 4.76296E-6 5.14105E-6 5.00344E-6 4.04712E-6 3.47221E-6 3.9556E-6 4.49063E-6 5.44388E-6 6.01718E-6 5.55347E-6 5.45447E-6 7.81216E-6 8.78545E-6 1.03263E-5 9.62639E-6 9.84077E-6 8.76964E-6 9.18836E-6 7.1286E-6 9.54102E-6 9.73433E-6 9.42123E-6 9.32691E-6 9.15079E-6 9.24553E-6 8.19249E-6 7.7366E-6 7.48187E-6 6.31132E-6 4.74485E-6 8.54295E-6 8.31876E-6 6.26084E-6 4.41822E-6 2.0348E-6 3.08478E-6 1.76277E-6 5.45606E-7 5.50001E-7 1.20116E-6 1.68096E-6 1.56072E-6 9.25978E-7 5.9725E-7 4.73037E-7 1.0247E-6 1.63195E-6 1.0445E-6 1.52203E-6 1.75007E-6 1.67241E-6 2.39042E-6 9.84635E-7 1.33512E-6 1.6785E-6 1.00777E-6 7.59711E-7
4.88483E-6 3.88295E-6 4.32361E-6 3.73065E-6 3.56955E-6 3.12772E-6 5.64164E-6 4.49715E-6 4.31489E-6 3.7026E-6 3.89355E-6 3.84688E-6 4.19508E-6 3.17539E-6 4.38817E-6 4.26163E-6 4.48701E-6 5.21053E-6 4.79971E-6 5.25181E-6 8.00177E-6 9.3078E-6 1.02187E-5 7.3022E-6 9.86321E-6 9.90331E-6 9.75383E-6 9.71923E-6 9.73711E-6 9.77489E-6 1.00571E-5 8.0419E-6 9.96008E-6 9.8391E-6 8.31845E-6 8.17966E-6 8.02331E-6 8.52132E-6 9.0396E-6 8.48153E-6 9.0992E-6 6.25798E-6 1.58607E-6 7.25474E-7 2.33535E-6 1.0457E-6 5.84239E-7 4.79556E-7 4.75878E-7 8.49727E-7 4.7225E-7 4.93968E-7 5.9564E-7 9.96779E-7 1.93932E-6 6.66278E-7 6.4783E-7 6.58382E-7 7.79994E-7 9.07122E-7 1.44896E-6 1.4319E-6 7.01588E-7 6.71393E-7 2.43144E-6 2.39323E-6
4.68868E-6 3.13104E-6 4.43603E-6 4.92472E-6 5.54523E-6 4.03993E-6 4.01399E-6 3.85749E-6 3.9043E-6 5.10675E-6 7.31475E-6 3.2231E-6 3.12222E-6 3.08295E-6 4.96556E-6 3.42831E-6 4.07189E-6 5.06945E-6 6.03496E-6 7.02291E-6 8.11956E-6 9.56316E-6 7.25081E-6 7.06793E-6 7.35288E-6 1.01181E-5 1.02028E-5 8.83603E-6 8.7717E-6 1.03153E-5 1.03839E-5 1.07764E-5 1.09057E-5 8.57802E-6 7.95211E-6 8.30557E-6 8.2244E-6 9.89179E-6 9.91139E-6 9.5844E-6 9.45432E-6 5.32354E-6 2.07951E-6 6.20136E-7 1.94933E-6 6.26866E-7 6.30098E-7 6.98655E-7 6.21087E-7 1.31222E-6 1.63345E-6 8.1992E-7 1.94543E-6 1.24947E-6 6.83643E-7 4.74121E-7 4.7096E-7 6.009E-7 6.4601E-7 9.57045E-7 3.19768E-6 9.87221E-7 1.28634E-6 3.55005E-6 1.91404E-6 3.55536E-6
6.90386E-6 4.65753E-6 3.34581E-6 5.31272E-6 4.60575E-6 4.11327E-6 4.13122E-6 4.31215E-6 4.55637E-6 5.7721E-6 6.83379E-6 6.18119E-6 6.76342E-6 6.19048E-6 5.8323E-6 2.92447E-6 5.54251E-6 5.61155E-6 6.58402E-6 7.6587E-6 7.79507E-6 8.80577E-6 9.43337E-6 9.57958E-6 9.94828E-6 8.50054E-6 1.08242E-5 8.22199E-6 8.4726E-6 7.89361E-6 6.93431E-6 9.22902E-6 8.83574E-6 7.71074E-6 7.41446E-6 7.79455E-6 6.42956E-6 5.97374E-6 9.056E-6 1.05446E-5 7.52814E-6 2.73251E-6 1.77257E-6 5.65011E-7 1.9019E-6 6.48606E-7 6.59596E-7 6.5846E-7 9.04878E-7 8.76055E-7 1.04545E-6 3.18102E-6 1.3559E-6 1.55189E-6 6.67909E-7 1.20137E-6 5.19115E-7 5.91008E-7 5.9553E-7 6.86109E-7 2.94919E-6 4.30728E-6 3.84588E-6 2.03659E-6 2.58659E-6 3.52738E-6
5.89127E-6 3.13126E-6 3.27989E-6 5.07666E-6 6.56649E-6 4.5584E-6 5.27038E-6 3.03518E-6 3.06307E-6 6.26782E-6 3.44468E-6 3.25385E-6 3.36792E-6 3.39308E-6 6.00372E-6 6.53267E-6 7.02222E-6 4.1444E-6 4.88432E-6 7.596E-6 6.34039E-6 6.82197E-6 1.01922E-5 1.05486E-5 1.08746E-5 1.1906E-5 1.21456E-5 1.27678E-5 1.31392E-5 1.16255E-5 1.13076E-5 9.20492E-6 8.32012E-6 8.17613E-6 8.20339E-6 8.02602E-6 5.66137E-6 5.74838E-6 5.7743E-6 1.09358E-5 5.23672E-6 1.68004E-6 1.67441E-6 1.2699E-6 3.99616E-6 5.2083E-7 6.71714E-7 6.68046E-7 1.31024E-6 2.42379E-6 2.42496E-6 2.10687E-6 8.14637E-7 1.14323E-6 8.53057E-7 4.46347E-6 1.62705E-6 8.19166E-7 4.79186E-7 1.0743E-6 3.68493E-6 2.45835E-6 1.18459E-6 1.55505E-6 3.3444E-6 1.57741E-6
3.9449E-6 3.99487E-6 4.00393E-6 5.71409E-6 6.63491E-6 4.06132E-6 5.37839E-6 6.68589E-6 3.15583E-6 6.86519E-6 3.85814E-6 3.55386E-6 4.02762E-6 7.72441E-6 8.60564E-6 8.77307E-6 8.64045E-6 8.85789E-6 8.0599E-6 8.57609E-6 9.22741E-6 9.9821E-6 1.09911E-5 8.48813E-6 9.06055E-6 1.32742E-5 1.34914E-5 1.35875E-5 8.73417E-6 1.30081E-5 1.3117E-5 8.9565E-6 8.47528E-6 8.34721E-6 7.65259E-6 7.68788E-6 6.36792E-6 1.23682E-5 1.12787E-5 5.97348E-6 1.54985E-6 1.3313E-6 1.43919E-6 1.277E-6 9.97745E-7 6.74462E-7 7.26772E-7 3.13032E-6 2.1306E-6 2.36362E-6 2.54915E-6 2.46083E-6 4.27643E-6 3.99764E-6 2.09097E-6 1.14296E-6 8.05613E-7 1.15007E-6 8.50609E-7 1.26698E-6 3.7523E-6 1.09291E-6 3.43966E-6 5.57138E-6 3.82998E-6 6.01401E-6
3.51772E-6 3.24696E-6 4.65506E-6 5.86446E-6 6.72174E-6 4.4835E-6 5.16482E-6 6.2517E-6 3.56166E-6 8.24193E-6 8.13227E-6 8.31964E-6 6.69268E-6 7.28455E-6 9.90118E-6 1.08158E-5 1.00044E-5 5.23353E-6 8.68942E-6 8.92915E-6 6.85719E-6 7.66575E-6 8.2545E-6 8.88298E-6 1.33459E-5 1.40327E-5 1.01059E-5 9.8324E-6 9.93266E-6 1.33574E-5 1.34634E-5 8.67725E-6 7.83564E-6 7.68083E-6 8.27179E-6 6.03841E-6 6.30823E-6 9.87217E-6 7.17702E-6 5.86053E-6 6.653E-7 6.90734E-7 6.45957E-7 3.42895E-6 6.60024E-7 7.99283E-7 1.57895E-6 3.79642E-6 7.86247E-7 5.02774E-6 4.88655E-6 5.21581E-6 1.58041E-6 8.28486E-7 2.0208E-6 8.38608E-7 6.40402E-7 7.44796E-7 2.05178E-6 4.07197E-6 4.50943E-6 6.55168E-6 8.70965E-6 8.19313E-6 4.06631E-6 5.86332E-6
2.97156E-6 4.0579E-6 6.55859E-6 8.56242E-6 7.49349E-6 6.72141E-6 5.30682E-6 7.47442E-6 8.94208E-6 9.11634E-6 8.94575E-6 9.2143E-6 8.93537E-6 9.62735E-6 4.85927E-6 1.12583E-5 5.61607E-6 5.57888E-6 6.54287E-6 6.95358E-6 7.4342E-6 1.08299E-5 1.21939E-5 1.30455E-5 1.3985E-5 1.01073E-5 9.47882E-6 9.6109E-6 9.82722E-6 9.55741E-6 1.36254E-5 1.21424E-5 7.86223E-6 7.65564E-6 8.42797E-6 5.66627E-6 5.86132E-6 1.0795E-5 1.01743E-5 5.21072E-6 5.92843E-7 1.22923E-6 8.75777E-7 1.61928E-6 1.02441E-6 4.55314E-6 1.23591E-6 2.07963E-6 9.05834E-7 3.70119E-6 2.68866E-6 1.20373E-6 1.55534E-6 3.44279E-6 4.76354E-6 2.0144E-6 1.62554E-6 2.25535E-6 4.0026E-6 7.15015E-6 8.78264E-6 8.92614E-6 4.49173E-6 1.01987E-5 1.00629E-5 3.21209E-6
5.73991E-6 7.34684E-6 8.28453E-6 8.40357E-6 7.44221E-6 6.86118E-6 6.18287E-6 9.50658E-6 1.06731E-5 1.04726E-5 1.04274E-5 1.06703E-5 1.07236E-5 1.10489E-5 1.17017E-5 1.24194E-5 1.24039E-5 1.29441E-5 1.40621E-5 1.4183E-5 1.2265E-5 1.19856E-5 1.33027E-5 1.3693E-5 9.64972E-6 9.70022E-6 9.69817E-6 9.81422E-6 1.39418E-5 1.33894E-5 1.21595E-5 1.18638E-5 7.55048E-6 6.9492E-6 6.7511E-6 5.2015E-6 5.34562E-6 1.1148E-5 4.77877E-6 1.27566E-6 6.57694E-7 1.42132E-6 6.04584E-7 3.20021E-6 2.61761E-6 3.35805E-6 7.82836E-7 4.87213E-6 3.46848E-6 2.17833E-6 1.31064E-6 2.33531E-6 1.88404E-6 4.21522E-6 3.95549E-6 2.81105E-6 2.53341E-6 2.81775E-6 7.9419E-6 4.36174E-6 4.51365E-6 1.0232E-5 1.05259E-5 5.43996E-6 1.17081E-5 1.18834E-5
