catData/rasterBestHybridModels/Prubiginosus/RDbal_RM2_LQ/Prubiginosus_stddev.asc
ncols         409
nrows         350
xllcorner     60.897278365
yllcorner     5.843756025
cellsize      0.0892857
NODATA_value  -9999
[rows 87 to 115 of 350, columns 198 to 263 of 409]
3.32449E-6 2.3593E-6 2.09012E-6 8.27447E-6 4.38241E-6 6.70356E-6 8.74448E-6 1.41641E-5 1.12942E-5 1.02515E-5 8.00361E-6 1.2077E-5 7.72822E-6 2.40114E-5 4.04218E-5 1.91902E-5 3.83438E-5 3.72968E-5 1.39477E-5 1.96031E-5 1.90289E-5 2.42456E-5 2.53841E-5 2.77285E-5 1.02554E-5 1.05427E-5 1.61218E-5 1.51585E-5 1.30595E-5 1.11683E-5 7.49666E-6 7.77392E-6 7.35364E-6 9.53191E-6 1.06149E-5 8.61348E-6 1.01652E-5 1.08886E-5 9.46514E-6 9.7001E-6 9.74341E-6 9.37149E-6 1.00267E-5 2.01041E-6 2.16669E-7 1.34157E-7 1.65671E-7 1.06458E-7 1.36424E-7 2.04015E-7 4.70435E-7 4.60518E-7 4.93371E-7 2.39485E-7 1.12833E-7 -9999 -9999 6.48007E-8 1.12137E-7 2.47446E-7 1.17094E-6 1.2185E-6 -9999 -9999 -9999 -9999
5.38088E-6 2.79188E-6 9.28228E-7 1.41221E-6 4.09707E-6 1.85715E-6 1.38732E-6 6.16388E-6 1.37564E-5 4.59896E-6 4.50144E-6 7.98629E-6 1.04577E-5 1.09428E-5 2.68889E-5 2.48092E-5 3.23423E-5 1.66981E-5 1.06193E-5 1.72427E-5 3.39635E-5 3.13911E-5 3.37207E-5 2.32374E-5 2.45177E-5 1.26091E-5 1.55036E-5 1.82591E-5 1.79854E-5 1.79472E-5 1.43835E-5 1.21164E-5 9.51456E-6 9.66274E-6 9.40974E-6 9.48436E-6 9.23478E-6 9.22103E-6 9.07219E-6 9.62041E-6 6.05332E-6 7.0849E-6 9.37817E-6 3.81693E-6 4.98393E-7 4.88449E-7 2.03425E-7 2.25781E-7 6.43857E-7 5.03829E-7 4.79073E-7 4.74699E-7 4.74514E-7 4.00417E-7 1.65873E-7 1.51162E-7 1.23916E-7 9.46921E-8 1.5952E-7 8.79055E-7 2.75204E-6 1.13214E-6 4.53688E-7 -9999 -9999 -9999
5.91753E-6 3.476E-6 1.7098E-6 2.48556E-6 3.13202E-6 2.00012E-6 2.85574E-6 3.71937E-6 5.40488E-6 1.24112E-5 7.46716E-6 1.31065E-5 1.51817E-5 1.55321E-5 1.32655E-5 1.18383E-5 1.4243E-5 2.43075E-5 3.03608E-5 1.50334E-5 3.79522E-5 2.68426E-5 2.64094E-5 4.2511E-5 4.41333E-5 1.06385E-5 1.13733E-5 1.60834E-5 1.14799E-5 1.11688E-5 1.80289E-5 1.37881E-5 1.48968E-5 1.27931E-5 9.53726E-6 9.0444E-6 9.09499E-6 9.51974E-6 8.69238E-6 6.72255E-6 3.16338E-6 3.28155E-6 4.76236E-6 6.41862E-6 6.89541E-6 3.93084E-6 1.27302E-6 1.63456E-6 2.84882E-6 4.86489E-7 2.64738E-7 5.87687E-7 2.58058E-7 4.8867E-7 4.66503E-7 3.55496E-7 2.6457E-7 1.34203E-7 3.58001E-7 2.40985E-6 3.49668E-6 1.08157E-6 4.25219E-7 -9999 -9999 -9999
3.10903E-6 6.24713E-6 5.63348E-6 4.44857E-6 2.13754E-6 4.69079E-6 1.81406E-6 2.63671E-6 3.29088E-6 7.62423E-6 4.28477E-6 4.02179E-6 4.45448E-6 4.8467E-6 8.59977E-6 4.81128E-6 8.89688E-6 5.32488E-6 8.11724E-6 2.68076E-5 1.54834E-5 2.52234E-5 2.8995E-5 3.18818E-5 1.77688E-5 1.35872E-5 2.90493E-5 1.50448E-5 1.13199E-5 1.0946E-5 1.58036E-5 8.63536E-6 1.93002E-5 9.0428E-6 7.25786E-6 1.2817E-5 8.10978E-6 7.42047E-6 6.92699E-6 6.24198E-6 7.26643E-6 9.76498E-6 4.43436E-6 6.9173E-6 8.41562E-6 6.52235E-6 6.36545E-6 6.19555E-6 5.02963E-6 1.19783E-6 8.52013E-7 7.05525E-7 3.31664E-7 6.11157E-7 4.87622E-7 3.91548E-7 3.38023E-7 3.6937E-7 6.97049E-7 4.7012E-6 2.79603E-6 5.86084E-7 -9999 -9999 -9999 -9999
1.053E-6 4.0942E-6 1.13257E-5 5.14253E-6 4.9894E-6 4.44715E-6 1.87898E-6 2.05995E-6 4.35242E-6 3.39215E-6 3.3092E-6 1.0848E-5 6.55335E-6 2.00605E-6 4.58582E-6 1.99658E-6 8.00882E-6 9.69827E-6 6.98991E-6 5.0624E-6 4.97144E-6 6.75593E-6 1.5091E-5 2.75043E-5 4.14954E-5 4.50278E-5 3.16819E-5 1.75123E-5 1.80162E-5 1.65694E-5 1.69096E-5 1.65267E-5 1.75036E-5 1.93698E-5 1.31291E-5 9.04392E-6 1.27956E-5 1.18687E-5 1.07355E-5 6.62183E-6 9.35665E-6 1.01467E-5 8.72186E-6 1.06392E-5 9.43137E-6 5.81488E-6 3.70104E-6 4.76195E-6 5.22749E-6 3.56045E-6 1.76766E-6 1.2056E-6 9.79403E-7 1.01304E-6 2.72957E-7 3.89529E-7 5.13765E-7 8.19532E-7 3.6672E-6 3.01313E-6 7.29426E-7 2.2372E-7 1.46264E-7 1.25227E-7 -9999 -9999
4.32649E-6 6.69088E-6 1.01217E-5 1.08474E-5 5.76484E-6 5.23438E-6 5.0334E-6 1.73812E-6 2.86733E-6 2.269E-6 8.64189E-7 9.30074E-7 4.34516E-6 1.95321E-6 2.32033E-6 1.10654E-5 8.61654E-6 1.44383E-5 1.19857E-5 5.62434E-6 4.92842E-6 4.39284E-6 4.38766E-6 5.73295E-6 1.62454E-5 2.67103E-5 1.54595E-5 1.636E-5 1.65425E-5 2.02015E-5 3.62982E-5 1.79918E-5 1.78599E-5 1.75899E-5 1.60685E-5 1.87627E-5 1.5894E-5 7.89669E-6 1.27653E-5 1.25607E-5 1.19962E-5 9.24146E-6 8.57913E-6 9.78521E-6 7.15223E-6 4.04084E-6 2.2811E-6 2.42846E-6 3.19026E-6 1.86361E-6 7.85458E-7 6.16469E-7 9.41803E-7 7.57345E-7 2.79148E-7 2.29474E-7 5.48296E-7 2.58785E-6 3.75633E-6 9.59974E-7 5.01734E-7 2.34291E-7 1.71382E-7 2.36315E-7 2.22888E-7 -9999
4.52594E-6 1.195E-5 8.36597E-6 4.92848E-6 8.1405E-6 1.04427E-5 5.14177E-6 1.07226E-6 1.04304E-6 1.29217E-6 1.03466E-6 7.80877E-7 1.05722E-6 1.61348E-6 2.29287E-6 4.04663E-6 1.61327E-5 5.44751E-6 4.9386E-6 5.4E-6 3.68602E-6 3.74396E-6 1.94141E-6 3.63846E-6 4.92652E-6 5.18089E-6 5.25797E-6 1.31873E-5 1.72464E-5 1.17786E-5 1.45136E-5 1.7264E-5 3.76934E-5 1.65385E-5 1.67251E-5 1.45545E-5 1.23936E-5 1.55083E-5 1.75212E-5 1.04368E-5 1.22962E-5 1.24448E-5 1.23752E-5 1.18631E-5 6.00991E-6 7.37585E-6 5.9874E-6 4.88065E-6 3.92595E-6 1.97333E-6 7.93346E-7 4.19707E-7 3.86256E-7 4.96146E-7 4.09999E-7 3.38069E-7 1.36765E-6 3.48837E-6 1.03971E-6 3.75901E-7 9.5207E-7 4.74428E-7 3.94209E-7 7.75243E-7 3.13284E-7 2.22333E-7
9.28552E-6 3.81898E-6 5.11805E-6 7.26786E-6 1.35114E-5 8.20471E-6 4.5777E-6 2.08677E-6 2.45015E-6 1.04362E-6 8.64888E-7 8.99641E-7 9.02517E-7 2.95998E-6 1.29955E-6 5.68093E-6 7.59898E-6 7.91676E-6 4.12305E-6 7.06512E-6 5.96376E-6 4.77062E-6 3.41669E-6 3.75415E-6 4.54094E-6 5.27601E-6 3.26234E-6 3.58983E-6 9.0273E-6 9.27729E-6 3.75417E-5 3.26695E-5 3.69404E-5 3.35785E-5 1.83947E-5 1.37969E-5 1.31033E-5 1.73318E-5 1.9624E-5 1.90576E-5 1.93953E-5 1.13747E-5 1.22576E-5 1.22157E-5 1.18715E-5 1.15689E-5 6.34828E-6 6.77623E-6 6.6902E-6 5.13138E-6 2.40529E-6 1.36601E-6 9.00662E-7 1.71931E-6 1.10104E-6 9.46174E-7 4.92067E-6 1.64712E-6 5.86328E-7 4.27604E-7 6.82039E-7 1.42378E-6 1.80035E-6 1.62287E-6 4.38353E-7 7.50489E-7
7.27977E-6 9.13127E-7 1.35177E-6 1.1938E-6 2.47959E-6 4.17437E-6 3.48021E-6 2.0514E-6 2.06857E-6 6.57098E-7 6.59271E-7 1.03427E-6 8.74192E-7 2.6263E-6 9.68231E-7 7.80937E-6 2.91037E-6 3.39455E-6 7.55705E-6 1.11164E-5 1.36027E-6 4.50591E-6 6.27879E-6 3.97671E-6 2.62838E-6 5.43945E-6 5.31371E-6 3.26489E-6 9.63768E-6 5.62991E-6 1.9168E-5 1.76509E-5 1.57817E-5 1.19334E-5 1.54741E-5 3.30859E-5 2.94469E-5 1.48538E-5 1.78188E-5 1.99208E-5 2.03505E-5 1.92444E-5 1.01947E-5 9.66914E-6 1.18236E-5 1.14484E-5 1.10352E-5 1.09359E-5 1.02812E-5 6.38953E-6 5.40387E-6 5.40236E-6 4.7973E-6 5.6159E-6 4.33567E-6 6.88818E-6 5.60224E-6 2.94943E-6 3.57065E-7 4.88246E-7 6.13575E-7 7.23008E-7 1.15886E-6 3.11536E-6 3.18382E-6 2.26085E-6
1.96984E-6 1.21493E-6 3.87232E-6 2.17234E-6 3.02796E-6 4.3603E-6 5.46392E-6 5.42919E-6 1.62574E-6 8.97217E-7 9.88455E-7 7.89218E-7 1.01473E-6 2.73133E-6 7.27346E-7 2.7462E-6 5.40435E-6 4.90856E-6 6.57336E-6 1.00291E-5 5.13581E-6 1.33825E-6 3.65867E-6 1.29007E-5 8.9878E-6 4.12901E-6 3.52507E-6 2.19623E-6 4.43682E-6 3.96742E-6 5.6434E-6 4.07011E-6 5.62892E-6 1.72627E-5 1.7211E-5 1.88766E-5 1.21572E-5 3.26049E-5 3.43185E-5 1.53429E-5 1.71577E-5 1.77824E-5 1.574E-5 1.50412E-5 9.57026E-6 7.1497E-6 1.04402E-5 1.09397E-5 1.02847E-5 9.81269E-6 9.44799E-6 7.60885E-6 7.42733E-6 8.18733E-6 6.25218E-6 7.8675E-6 8.37476E-6 9.12885E-6 2.60496E-6 2.92767E-6 1.57214E-6 1.64718E-6 1.41943E-6 2.69156E-6 5.64692E-6 4.83224E-6
3.14738E-6 1.75224E-6 2.74484E-6 2.24168E-6 4.71034E-6 4.85793E-6 3.54276E-6 4.8897E-6 4.50951E-6 4.13877E-6 2.11512E-6 8.33474E-7 1.0499E-6 2.37072E-6 1.00824E-6 4.52989E-6 4.23693E-6 3.78864E-6 4.81956E-6 4.45071E-6 1.48823E-5 7.65749E-6 3.95993E-6 4.81495E-6 1.39018E-5 8.35207E-6 1.65227E-6 6.09667E-6 5.64748E-6 5.56712E-6 4.5776E-6 3.47135E-6 4.20868E-6 4.86441E-6 6.01198E-6 1.67971E-5 1.30237E-5 1.49122E-5 2.8088E-5 1.36792E-5 1.51918E-5 3.06936E-5 1.06573E-5 1.40178E-5 1.55908E-5 9.62287E-6 9.24925E-6 7.4265E-6 1.07837E-5 1.17967E-5 1.37026E-5 1.41831E-5 1.25128E-5 1.13075E-5 8.92805E-6 8.96256E-6 1.17031E-5 1.05205E-5 8.91245E-6 6.0421E-6 9.5816E-6 8.19341E-6 8.10571E-6 7.11294E-6 1.06727E-5 1.06522E-5
5.39287E-6 1.0361E-5 8.93948E-6 9.90714E-6 5.51241E-6 5.7993E-6 3.5513E-6 1.32122E-6 4.95396E-6 4.23696E-6 2.30854E-6 1.83472E-6 1.06799E-6 2.5332E-6 1.01631E-6 1.47911E-6 1.18509E-6 1.07711E-6 3.81509E-6 1.09203E-6 6.38585E-6 4.51075E-6 2.53748E-6 6.09673E-6 1.87716E-6 2.15895E-6 1.53188E-6 2.52163E-6 5.91657E-6 5.73876E-6 2.77204E-6 3.76749E-6 3.63294E-6 4.00146E-6 4.06862E-6 5.77119E-6 5.5838E-6 1.7323E-5 1.60152E-5 1.52858E-5 3.29038E-5 3.22523E-5 1.27722E-5 1.33312E-5 9.07125E-6 1.33711E-5 1.29046E-5 1.21553E-5 9.22128E-6 9.10613E-6 1.43054E-5 1.52772E-5 1.16392E-5 8.80958E-6 1.01269E-5 1.31102E-5 1.02209E-5 1.14231E-5 1.38438E-5 3.03603E-5 1.46294E-5 1.6523E-5 1.20054E-5 1.19625E-5 1.17878E-5 1.29199E-5
4.88359E-6 3.79889E-6 6.89748E-6 1.16049E-5 7.33093E-6 6.87094E-6 4.3825E-6 2.80537E-6 2.88933E-6 2.97499E-6 3.21328E-6 1.52464E-6 1.85336E-6 1.19752E-6 9.52771E-7 7.85031E-7 8.80586E-7 1.68474E-6 1.15127E-6 2.70859E-6 3.57875E-6 3.60065E-6 1.7323E-6 1.95093E-6 4.04761E-6 1.30674E-6 1.05246E-6 2.18397E-6 7.48472E-6 5.3463E-6 4.83472E-6 2.09249E-6 3.03806E-6 1.83082E-6 2.3324E-6 6.94952E-6 4.47905E-6 5.3614E-6 6.30138E-6 1.7606E-5 1.61494E-5 1.53473E-5 1.38009E-5 2.82268E-5 1.26332E-5 9.56178E-6 1.36119E-5 1.21429E-5 1.25843E-5 1.21757E-5 8.53703E-6 1.3777E-5 1.45543E-5 1.3246E-5 1.17162E-5 1.15944E-5 3.12712E-5 3.28233E-5 9.05347E-6 1.63226E-5 9.98867E-6 1.77821E-5 1.9731E-5 1.2006E-5 2.07233E-5 2.03846E-5
1.05028E-5 7.57306E-6 1.07693E-5 5.73482E-6 5.47517E-6 3.00471E-6 5.77659E-6 7.71003E-6 1.35881E-6 1.6248E-6 3.00531E-6 2.21509E-6 3.43301E-6 1.34233E-6 1.01213E-6 9.31383E-7 1.11939E-6 4.40623E-6 2.79902E-6 2.12861E-6 9.51466E-7 4.75589E-6 1.25443E-6 3.36282E-6 2.61253E-6 5.72495E-6 2.35226E-6 1.10185E-6 8.13547E-6 2.00622E-6 3.66905E-6 1.63111E-6 4.8492E-6 5.29915E-6 4.92653E-6 6.01556E-6 6.36973E-6 6.69881E-6 5.90103E-6 5.31639E-6 3.86194E-6 3.74347E-6 7.25511E-6 1.23391E-5 1.29507E-5 1.2737E-5 1.18708E-5 1.33832E-5 1.41347E-5 3.28693E-5 1.3587E-5 1.5236E-5 3.23179E-5 2.8912E-5 3.58903E-5 3.45781E-5 1.56432E-5 9.29936E-6 1.54871E-5 3.55207E-5 6.29693E-5 3.94078E-5 4.4448E-5 4.12292E-5 4.01055E-5 3.98029E-5
6.44464E-6 6.76557E-6 8.01241E-6 8.87726E-6 7.68379E-6 5.14444E-6 8.27786E-6 4.84163E-6 2.50256E-6 1.51491E-6 4.26808E-6 2.72232E-6 2.51077E-6 2.75891E-6 1.28365E-6 2.3278E-6 1.13126E-6 1.13256E-6 1.71743E-6 1.89235E-6 9.88081E-7 1.09336E-6 8.08188E-7 1.1113E-6 2.05704E-6 1.03916E-6 2.45771E-6 3.07426E-6 3.18971E-6 7.55897E-6 4.24925E-6 2.47183E-6 4.62152E-6 3.74832E-6 4.869E-6 5.04157E-6 5.86983E-6 6.09216E-6 8.38595E-6 6.66261E-6 5.54709E-6 2.85295E-6 1.60563E-6 2.35879E-6 1.21161E-5 8.60695E-6 1.36122E-5 1.45357E-5 9.57493E-6 9.54915E-6 1.30838E-5 2.80407E-5 4.62857E-5 3.08322E-5 1.70895E-5 3.0436E-5 5.19002E-5 3.40737E-5 5.39897E-5 3.75496E-5 1.24965E-5 6.43247E-5 2.58945E-5 2.09279E-5 2.31965E-5 4.20424E-5
5.08256E-6 1.07383E-5 1.01365E-5 9.19043E-6 1.01805E-5 7.42356E-6 8.0328E-6 6.73698E-6 3.92654E-6 2.5274E-6 3.84503E-6 2.23886E-6 8.41361E-6 3.22938E-6 4.33262E-6 5.3918E-6 1.00015E-6 1.32268E-6 1.98373E-6 1.13395E-6 1.71518E-6 1.00749E-6 1.00251E-6 9.55921E-7 1.63807E-6 1.42217E-6 1.68905E-6 3.45958E-6 1.04848E-6 4.91329E-6 2.27058E-6 4.25721E-6 2.98015E-6 1.33325E-6 2.46122E-6 3.77435E-6 5.87849E-6 4.47031E-6 5.05451E-6 8.97005E-6 6.59776E-6 6.47487E-6 5.07769E-6 3.93074E-6 3.80433E-6 5.64217E-6 8.19601E-6 1.24126E-5 1.42682E-5 1.54439E-5 9.28486E-6 9.40719E-6 1.56394E-5 4.8144E-5 5.07989E-5 3.05355E-5 3.45716E-5 3.49721E-5 5.48351E-5 3.84053E-5 6.42235E-5 6.42708E-5 4.16738E-5 1.75699E-4 2.43259E-5 3.67571E-5
6.58153E-6 8.24105E-6 5.94217E-6 4.89376E-6 6.42212E-6 1.10254E-5 1.09227E-5 8.69696E-6 7.34117E-6 3.29278E-6 5.36565E-6 2.37174E-6 7.70356E-6 7.67246E-6 5.45987E-6 5.73977E-6 1.40119E-6 9.73557E-7 1.55025E-6 2.18164E-6 3.51131E-6 1.93072E-6 9.32638E-7 1.25107E-6 1.12111E-6 1.57182E-6 2.43036E-6 5.88123E-6 1.99733E-6 2.22749E-6 1.04349E-5 7.49513E-6 6.32931E-6 2.29858E-6 1.22769E-6 3.4411E-6 2.07104E-6 2.80131E-6 3.87761E-6 6.54925E-6 4.80697E-6 4.14498E-6 4.93007E-6 4.86978E-6 4.39806E-6 4.34032E-6 3.99956E-6 5.59246E-6 5.67259E-6 1.52222E-5 1.39721E-5 1.42715E-5 1.39173E-5 2.72363E-5 2.75696E-5 4.30945E-5 3.67104E-5 4.74699E-5 3.42724E-5 4.44908E-5 4.02248E-5 3.17375E-5 6.76253E-5 3.60485E-5 3.69798E-5 1.0989E-5
6.47278E-6 4.94474E-6 8.82148E-6 9.24632E-6 7.38771E-6 9.52689E-6 6.29997E-6 1.18775E-5 3.62027E-6 2.21905E-6 5.80798E-6 4.63145E-6 4.69433E-6 7.65317E-6 5.28163E-6 1.47003E-6 8.96477E-6 2.82578E-6 3.24904E-6 6.24249E-6 5.84315E-6 1.7278E-6 1.06975E-6 1.03988E-6 1.15414E-6 2.31615E-6 2.36027E-6 3.69865E-6 3.5082E-6 9.23273E-6 9.2794E-6 1.94793E-6 1.87846E-6 1.34835E-6 1.54532E-6 1.91293E-6 1.72739E-6 4.23388E-6 1.44569E-6 1.9055E-6 6.01843E-6 3.41896E-6 4.00864E-6 3.75003E-6 3.5551E-6 3.35571E-6 4.57789E-6 3.61543E-6 4.42874E-6 5.3681E-6 5.7803E-6 6.48953E-6 1.77405E-5 9.15028E-6 1.55455E-5 3.23112E-5 2.89E-5 2.84744E-5 3.17182E-5 5.6669E-5 5.57965E-5 3.73831E-5 3.89399E-5 3.47994E-5 3.47934E-5 3.99211E-5
9.16724E-6 5.29678E-6 6.05604E-6 1.11303E-5 7.82568E-6 9.85264E-6 7.0514E-6 1.08929E-5 9.28453E-6 4.95318E-6 9.37888E-6 8.22241E-6 1.00522E-5 7.77727E-6 8.5243E-6 6.31716E-6 5.28715E-6 2.31392E-6 4.90546E-6 7.94959E-6 4.91316E-6 1.86891E-6 1.44331E-6 1.22588E-6 1.37686E-6 1.65923E-6 3.00465E-6 1.05218E-6 9.3361E-7 2.05192E-6 1.21679E-5 3.10351E-6 1.31912E-6 5.30752E-6 2.29107E-6 9.78885E-7 5.84863E-6 2.01276E-6 1.20022E-6 8.64193E-7 2.31381E-6 2.98274E-6 3.75653E-6 3.80146E-6 4.15853E-6 3.5225E-6 6.22645E-6 2.81121E-6 5.87119E-6 5.64922E-6 6.12491E-6 3.4404E-6 6.50722E-6 2.7156E-6 5.25417E-6 5.93435E-6 8.87205E-6 1.79943E-5 2.0567E-5 2.02437E-5 2.16249E-5 4.23404E-5 4.08128E-5 4.28148E-5 4.44957E-5 5.70946E-5
1.00876E-5 7.55162E-6 9.66769E-6 1.09208E-5 6.47501E-6 7.73897E-6 9.52608E-6 9.16966E-6 9.72154E-6 1.03538E-5 9.33215E-6 2.69488E-6 9.79933E-6 1.25435E-5 6.33657E-6 7.04326E-6 5.92856E-6 7.96869E-6 9.34444E-6 5.88781E-6 1.04003E-5 4.80402E-6 1.93567E-6 4.54344E-6 4.86464E-6 1.92211E-6 1.25441E-6 8.99939E-7 8.9281E-7 1.06284E-6 9.3828E-6 4.4739E-6 1.38563E-6 4.3773E-6 6.61516E-6 6.694E-6 6.90026E-6 3.62186E-6 1.8841E-6 3.79289E-6 3.27395E-6 1.90917E-6 1.41066E-6 1.69709E-6 1.34102E-6 1.66114E-6 3.67378E-6 1.64293E-6 2.18838E-6 4.00409E-6 2.96592E-6 1.82647E-6 2.25837E-6 1.68189E-6 1.67557E-6 4.60483E-6 5.76639E-6 4.27748E-6 1.86377E-5 2.07887E-5 2.03877E-5 1.90695E-5 1.94199E-5 4.60563E-5 3.9892E-5 4.25641E-5
5.13738E-6 1.17693E-5 9.71291E-6 1.15955E-5 8.05556E-6 1.11143E-5 8.34407E-6 1.03019E-5 9.59708E-6 4.82624E-6 9.42252E-6 6.13011E-6 7.59834E-6 6.62747E-6 4.51618E-6 5.17355E-6 5.94666E-6 6.38367E-6 1.88856E-6 5.72725E-6 1.17218E-5 3.52726E-6 2.41255E-6 6.17703E-6 1.04853E-5 3.54754E-6 1.51197E-6 1.37524E-6 1.00534E-6 1.05328E-6 5.19297E-6 6.96308E-6 1.56482E-6 3.01708E-6 2.90323E-6 6.5562E-6 5.57159E-6 4.49345E-6 2.00243E-6 7.61443E-6 6.92025E-6 1.61511E-6 1.66662E-6 1.09884E-6 1.13853E-6 1.04626E-6 1.08612E-6 1.54292E-6 2.8307E-6 6.14036E-6 5.98927E-6 6.26814E-6 5.91247E-6 1.49091E-6 1.59689E-6 4.72685E-6 2.8175E-6 4.04807E-6 5.93617E-6 4.00871E-6 4.55739E-6 1.21368E-5 1.3371E-5 2.13341E-5 1.931E-5 1.96273E-5
6.3562E-6 1.23645E-5 1.23157E-5 9.30673E-6 1.16333E-5 5.94891E-6 6.15897E-6 1.12196E-5 1.21205E-5 1.0268E-5 6.34703E-6 9.65544E-6 8.75814E-6 5.81115E-6 5.23877E-6 5.13411E-6 5.07259E-6 8.42872E-6 6.51664E-6 7.66759E-6 1.17299E-5 5.88018E-6 4.82977E-6 5.72456E-6 8.48501E-6 8.60938E-6 5.25482E-6 1.76539E-6 1.13458E-6 1.08403E-6 2.94643E-6 1.41666E-5 3.84106E-6 5.86247E-6 2.6746E-6 4.37261E-6 5.97775E-6 3.59284E-6 9.79623E-7 1.21549E-6 3.51589E-6 2.91332E-6 6.4867E-6 5.80708E-6 6.23197E-6 4.46398E-6 7.0072E-6 4.17522E-6 1.68121E-6 1.27355E-6 1.66679E-6 1.2714E-6 3.56781E-6 1.00643E-6 2.99743E-6 3.07082E-6 1.77574E-6 3.42865E-6 2.09538E-6 4.20404E-6 4.12793E-6 6.29725E-6 5.87866E-6 1.93679E-5 1.81831E-5 1.72847E-5
9.5791E-6 1.20039E-5 5.94397E-6 6.69811E-6 1.20494E-5 1.17123E-5 9.81713E-6 9.79028E-6 6.10196E-6 1.11742E-5 1.08517E-5 1.07724E-5 6.44012E-6 2.8414E-6 4.62254E-6 9.11994E-6 5.92192E-6 5.99128E-6 5.44634E-6 9.8628E-6 6.99421E-6 1.10952E-5 1.09053E-5 6.93684E-6 1.0056E-5 8.17944E-6 7.60707E-6 4.55511E-6 2.66053E-6 2.23304E-6 1.71971E-6 4.53709E-6 7.32692E-6 9.15805E-6 3.13472E-6 1.72933E-6 3.52246E-6 2.48286E-6 1.77393E-6 1.14753E-6 1.121E-6 2.10076E-6 1.73212E-6 4.84619E-6 3.16446E-6 1.39374E-6 1.50883E-6 4.9135E-6 7.46443E-6 1.38307E-6 3.39536E-6 1.76397E-6 1.15585E-6 1.50853E-6 1.58722E-6 5.97223E-6 6.24728E-6 2.58935E-6 4.29318E-6 4.58277E-6 2.00152E-6 4.98738E-6 4.35066E-6 6.0577E-6 5.85503E-6 5.80907E-6
5.56835E-6 5.3212E-6 7.43728E-6 6.41322E-6 6.16423E-6 8.9953E-6 9.27108E-6 5.24297E-6 9.47224E-6 1.18755E-5 1.09161E-5 9.79845E-6 1.13081E-5 6.36695E-6 2.32789E-6 7.43456E-6 5.44918E-6 5.3919E-6 5.87303E-6 8.8944E-6 5.17529E-6 5.71935E-6 5.4985E-6 6.45306E-6 1.14513E-5 8.91042E-6 6.52561E-6 4.30528E-6 4.44233E-6 8.96487E-7 1.32882E-6 3.1995E-6 5.2787E-6 3.64968E-6 3.93135E-6 1.86677E-6 1.55463E-6 5.22668E-6 9.66793E-7 1.77715E-6 5.40916E-6 3.40053E-6 9.64638E-6 4.54041E-6 5.87168E-6 2.79563E-6 2.02279E-6 2.13322E-6 8.24162E-6 5.81853E-6 5.88524E-6 2.84908E-6 1.68631E-6 1.64944E-6 3.17382E-6 6.35286E-6 6.12303E-6 2.60207E-6 4.00191E-6 4.11232E-6 3.85644E-6 1.5227E-6 2.29279E-6 5.60158E-6 6.40795E-6 3.48656E-6
5.48342E-6 6.40886E-6 5.44089E-6 3.99506E-6 3.92514E-6 3.85689E-6 4.03054E-6 6.26735E-6 4.8056E-6 6.35305E-6 1.13127E-5 1.16076E-5 1.17853E-5 1.13518E-5 6.35021E-6 9.19004E-6 8.03589E-6 4.56213E-6 5.47436E-6 6.88164E-6 7.49735E-6 5.03436E-6 9.6655E-6 7.43959E-6 8.28285E-6 6.61304E-6 3.48266E-6 3.43502E-6 1.74326E-6 1.43489E-6 1.11215E-6 1.97367E-6 6.15861E-6 1.46032E-6 4.06331E-6 2.94725E-6 1.26455E-6 3.0152E-6 2.43256E-6 1.20801E-6 4.45012E-6 1.01092E-6 1.71054E-6 3.80619E-6 4.77142E-6 1.09084E-6 8.87741E-7 1.48568E-6 1.72872E-6 2.2391E-6 3.9504E-6 5.37564E-6 3.58179E-6 1.38033E-6 3.85203E-6 1.00306E-5 9.42685E-6 1.79714E-6 1.16902E-6 1.13873E-6 4.64275E-6 2.75062E-6 1.85411E-6 1.67128E-6 2.11171E-6 1.24779E-6
5.1101E-6 5.38557E-6 7.14694E-6 4.34413E-6 3.37625E-6 8.31662E-6 7.0379E-6 8.12392E-6 7.12207E-6 7.11004E-6 7.70033E-6 4.24952E-6 4.59805E-6 6.75743E-6 7.53723E-6 7.0156E-6 3.08144E-6 7.61241E-6 3.90191E-6 3.25873E-6 1.08106E-5 9.80624E-6 9.12295E-6 5.75223E-6 1.06932E-5 5.92488E-6 4.9827E-6 7.68671E-6 1.63335E-6 1.08496E-6 1.07751E-6 1.97334E-6 5.19556E-6 3.15083E-6 1.86414E-6 2.70474E-6 5.98345E-6 2.88375E-6 2.76623E-6 3.01433E-6 1.79911E-6 1.39799E-6 1.16588E-6 1.36459E-6 3.00056E-6 4.07529E-6 1.53998E-6 3.86155E-6 3.10206E-6 1.95443E-6 1.07964E-6 5.16193E-6 3.94228E-6 2.36797E-6 2.4429E-6 1.00687E-5 8.01516E-6 1.26873E-6 7.9561E-7 1.10507E-6 2.07933E-6 6.56805E-6 3.70612E-6 1.37693E-6 1.78213E-6 2.45013E-6
3.98999E-6 3.57012E-6 6.71292E-6 4.72677E-6 3.30127E-6 2.83939E-6 4.45655E-6 5.43857E-6 8.38536E-6 1.09472E-5 1.00172E-5 3.80523E-6 4.02311E-6 7.58708E-6 9.35493E-6 8.36936E-6 4.50391E-6 2.64452E-6 3.99934E-6 5.4509E-6 5.85391E-6 5.29709E-6 9.13979E-6 8.70986E-6 9.41918E-6 6.35323E-6 6.82625E-6 3.48967E-6 2.28611E-6 3.56175E-6 1.01011E-6 3.44061E-6 1.04741E-6 4.92719E-6 5.61823E-6 2.78019E-6 3.53654E-6 4.9941E-6 2.51218E-6 5.22456E-6 2.0025E-6 2.75963E-6 1.35986E-6 9.79247E-7 1.50371E-6 3.10002E-6 1.4448E-6 1.72443E-6 2.59692E-6 4.49865E-6 1.9444E-6 4.56962E-6 1.79881E-6 2.29409E-6 2.13703E-6 1.55869E-6 1.19116E-6 1.37658E-6 1.02585E-6 1.68116E-6 2.08612E-6 1.73304E-6 6.21375E-6 7.22947E-6 1.15573E-6 1.08294E-6
7.47442E-6 9.5325E-6 7.33856E-6 4.29821E-6 5.38805E-6 3.40284E-6 1.78845E-6 3.05428E-6 4.08719E-6 5.68056E-6 8.12036E-6 1.18376E-5 8.70168E-6 9.77409E-6 4.37964E-6 4.28839E-6 7.17973E-6 4.08334E-6 3.45433E-6 5.07501E-6 4.77639E-6 3.26219E-6 4.2733E-6 4.28525E-6 3.01253E-6 7.18647E-6 8.83547E-6 7.07461E-6 3.38257E-6 4.09165E-6 1.55565E-6 3.63417E-6 2.90866E-6 1.85284E-6 1.52816E-6 3.62685E-6 4.23355E-6 5.96923E-6 5.64724E-6 4.80499E-6 6.16795E-6 6.4381E-6 3.56216E-6 1.75914E-6 1.82967E-6 1.13776E-6 3.43583E-6 9.46937E-7 7.76215E-7 1.64335E-6 4.73236E-6 5.03247E-6 7.38371E-6 2.16271E-6 1.05609E-6 9.97003E-7 1.00492E-6 1.78684E-6 1.02515E-6 1.44806E-6 2.23287E-6 1.29209E-6 2.89801E-6 6.83825E-6 2.98373E-6 3.7097E-6
9.97705E-6 9.90787E-6 4.37475E-6 4.15794E-6 6.13389E-6 4.13647E-6 2.98222E-6 2.78065E-6 5.00143E-6 6.93478E-6 8.20618E-6 6.26649E-6 7.35281E-6 4.89982E-6 4.81333E-6 7.12838E-6 6.70771E-6 6.35816E-6 1.62047E-6 4.33037E-6 6.63742E-6 4.8028E-6 6.69486E-6 4.19609E-6 6.36163E-6 8.04995E-6 7.19112E-6 4.26451E-6 2.00463E-6 6.2028E-6 2.59212E-6 1.41165E-6 2.07192E-6 5.20755E-6 9.59788E-7 1.14834E-6 3.08908E-6 3.87025E-6 4.3953E-6 5.39645E-6 7.06315E-6 8.62009E-6 9.37286E-6 5.27187E-6 2.05641E-6 7.24018E-6 5.92695E-6 1.84262E-6 3.169E-6 5.30806E-6 6.91112E-6 3.41594E-6 8.46856E-6 1.05919E-5 3.66512E-6 1.08588E-6 1.15704E-6 1.1284E-6 1.32432E-6 1.72854E-6 1.59132E-6 2.46726E-6 1.9351E-6 5.51187E-6 6.72302E-6 4.34728E-6
