catData/rasterBestHybridModels/Prubiginosus/RDbal_RM2_LQ/Prubiginosus_min.asc
ncols         409
nrows         350
xllcorner     60.897278365
yllcorner     5.843756025
cellsize      0.0892857
NODATA_value  -9999
[rows 203 to 231 of 350, columns 198 to 263 of 409]
2.63231E-5 5.32839E-5 1.76852E-5 9.99441E-5 1.66927E-4 6.02435E-5 2.21327E-5 1.72777E-5 6.81422E-4 3.74926E-4 2.23434E-4 8.38345E-5 7.1706E-5 6.06832E-5 6.31162E-5 6.67931E-5 6.6063E-5 2.39834E-4 7.01212E-5 1.20519E-4 9.78928E-5 9.43183E-5 6.65555E-5 1.0334E-4 1.92709E-4 3.32133E-4 1.25254E-4 1.0703E-4 1.53731E-4 2.14834E-4 4.32549E-4 2.25401E-4 3.37531E-4 3.15521E-4 7.56183E-5 7.63622E-5 1.35454E-4 9.12473E-5 4.70078E-5 3.26516E-5 4.48449E-5 1.68237E-4 7.97983E-5 8.59668E-6 4.54418E-6 1.27653E-4 1.11644E-4 7.35634E-5 2.94736E-4 6.09928E-4 2.40454E-4 2.39085E-4 4.06902E-4 9.63448E-5 5.04112E-5 7.43485E-5 2.56736E-4 2.99684E-4 3.52079E-5 7.04561E-5 1.08005E-4 9.96758E-5 1.3363E-4 1.17248E-4 9.54753E-5 5.6067E-5
2.20213E-5 2.31045E-5 1.01097E-5 2.16005E-5 1.3435E-5 7.50539E-6 1.33589E-5 7.83E-5 4.6071E-5 5.04456E-5 2.77263E-4 6.73168E-5 5.68651E-5 5.05227E-5 5.61073E-5 6.21209E-5 7.63189E-5 7.37293E-5 7.10416E-5 3.10158E-4 2.98282E-4 1.44333E-4 1.06775E-4 1.0886E-4 1.99456E-4 3.00382E-4 1.99312E-4 1.43451E-4 9.22759E-5 7.9579E-5 1.87509E-4 1.64806E-4 2.66408E-4 3.92346E-4 2.82107E-4 1.3326E-4 1.35612E-4 8.89302E-5 8.27351E-5 4.69683E-5 5.24287E-5 1.57898E-4 4.31327E-5 2.93941E-5 2.70069E-5 1.3452E-4 1.04848E-4 2.5781E-4 3.90617E-4 2.46428E-4 1.10749E-4 1.57732E-4 1.50024E-4 9.29802E-5 1.78737E-5 6.85455E-6 7.57725E-5 1.2636E-4 9.49782E-5 6.24674E-6 3.21255E-5 2.51308E-5 1.3598E-5 5.04103E-5 9.65315E-5 8.02271E-5
5.85061E-5 9.86486E-5 8.59297E-5 8.90752E-5 1.05379E-5 2.12583E-5 2.93057E-5 1.63365E-5 1.76324E-5 6.43394E-5 4.23169E-5 4.71203E-5 6.47153E-5 5.77609E-5 6.47876E-5 6.12855E-5 4.77296E-5 5.92824E-5 7.3451E-5 2.24616E-4 3.16079E-4 2.99671E-4 1.64268E-4 1.08152E-4 1.11384E-4 1.38823E-4 2.33091E-4 1.74493E-4 9.52876E-5 4.02397E-5 2.88004E-4 3.0877E-4 3.37675E-4 1.4683E-4 3.94137E-4 1.00492E-4 2.16218E-4 6.15635E-5 9.03555E-5 1.05967E-4 1.54759E-4 6.19518E-4 1.9657E-4 2.22765E-4 1.19951E-4 4.39113E-5 4.24399E-5 9.63407E-5 7.02557E-5 1.90884E-4 1.26183E-4 4.48181E-5 5.91607E-5 2.47264E-5 2.94203E-5 7.4349E-6 3.9495E-5 1.14342E-4 1.24632E-4 3.52031E-5 2.58927E-5 1.37499E-5 1.48815E-5 8.18252E-5 2.25999E-5 4.62334E-6
1.22995E-3 1.89072E-4 6.10589E-4 1.76216E-4 8.04618E-5 7.2593E-5 1.76064E-5 1.40229E-5 2.64643E-5 1.85547E-5 1.69553E-5 3.31372E-5 3.66076E-5 5.85977E-5 5.00721E-5 6.93801E-5 6.09024E-5 6.15043E-5 6.64831E-5 1.88573E-4 5.27804E-4 2.27688E-4 3.09915E-4 1.21872E-4 1.23208E-4 1.01125E-4 1.02121E-4 5.69885E-5 9.20753E-5 7.32059E-5 4.78747E-4 4.85124E-4 3.81581E-4 2.55822E-4 2.95052E-4 8.23766E-4 7.8052E-4 1.74878E-4 1.69653E-4 5.20431E-4 1.46715E-4 1.86845E-4 9.31054E-5 6.79113E-5 9.03395E-5 5.47031E-5 2.76822E-5 6.00241E-5 2.43853E-4 3.16067E-4 6.87692E-5 2.38431E-5 2.6369E-6 5.81992E-6 4.59304E-5 1.07724E-5 4.60926E-6 1.35877E-5 1.70456E-4 3.69409E-5 4.85441E-5 1.31644E-4 9.48007E-5 2.45497E-5 6.52571E-6 5.02878E-5
4.23144E-4 4.74604E-4 3.70954E-4 9.0818E-5 1.19825E-4 1.23466E-4 3.32089E-5 3.8512E-6 7.29911E-6 1.19346E-5 4.28269E-5 1.3879E-4 8.53907E-5 5.44489E-5 4.78379E-5 6.02822E-5 5.73623E-5 6.33781E-5 1.16931E-4 1.3687E-4 1.47757E-4 2.15748E-4 2.17221E-4 4.2489E-4 1.20888E-4 1.25462E-4 1.31355E-4 1.02447E-4 1.24316E-4 9.02901E-5 1.89199E-4 2.86455E-4 1.24658E-4 3.25643E-4 3.49161E-4 3.09551E-4 5.11894E-4 6.86826E-4 2.53098E-4 9.81041E-4 1.18438E-3 2.33821E-4 1.31661E-4 7.94948E-5 6.91364E-5 5.46181E-5 8.43523E-5 1.59381E-4 1.74277E-4 6.00354E-4 2.53993E-4 4.52695E-5 1.33722E-5 8.94062E-6 1.42749E-5 4.39321E-5 4.08944E-5 6.75526E-6 5.14968E-5 9.64965E-5 1.20549E-5 1.80067E-5 9.51894E-6 5.6963E-6 3.67742E-5 -9999
7.46716E-4 3.99985E-4 4.28193E-4 6.36566E-4 1.24445E-4 8.82389E-5 4.34593E-5 1.85336E-5 2.09695E-5 6.51718E-6 6.51448E-5 1.34021E-4 1.51222E-4 1.41896E-4 5.7793E-5 7.37446E-5 4.6713E-5 6.60481E-5 1.15642E-4 1.70906E-4 1.27694E-4 1.64598E-4 1.58049E-4 1.89769E-4 1.52476E-4 8.02563E-5 1.35821E-4 1.77911E-4 1.50202E-4 1.21472E-4 1.21659E-4 1.85844E-4 1.49277E-4 7.81671E-4 9.04487E-4 5.22002E-4 1.04504E-3 9.81835E-4 9.65876E-4 1.30576E-3 1.17776E-3 1.35697E-4 7.54652E-5 1.45859E-4 6.59806E-5 7.07323E-5 2.72411E-4 2.44466E-4 3.10585E-4 4.8184E-4 7.9821E-4 2.17333E-4 1.4148E-5 1.33077E-5 3.23542E-5 3.16109E-5 1.2097E-4 9.54308E-6 2.44687E-5 1.66998E-5 5.37558E-6 1.01174E-5 3.83503E-6 2.80751E-5 -9999 -9999
3.48843E-4 3.77854E-4 4.19957E-4 3.84255E-4 1.39674E-4 1.17755E-4 7.77677E-5 2.1674E-5 3.93665E-5 3.45462E-5 1.27186E-4 1.28578E-4 1.76604E-4 1.27662E-4 1.17178E-4 6.40022E-5 1.25121E-4 1.26892E-4 1.13178E-4 1.49682E-4 1.57842E-4 1.90706E-4 3.53152E-4 3.3664E-4 1.19976E-4 1.38756E-4 1.26947E-4 2.52184E-4 4.13946E-4 1.56864E-4 1.38428E-4 1.60538E-4 2.62252E-4 8.79581E-4 6.15834E-4 6.96518E-4 2.9419E-4 1.58951E-4 1.07078E-3 7.37735E-4 5.04327E-4 6.2777E-5 6.65524E-5 2.67141E-4 1.21211E-4 3.9058E-5 4.54646E-4 3.04833E-4 7.61397E-5 1.32223E-4 8.3625E-5 8.23445E-5 5.80355E-6 7.23934E-6 1.99363E-5 1.36372E-5 2.16603E-5 6.05733E-6 1.06217E-5 1.1349E-5 5.36741E-6 5.4526E-6 1.88352E-5 -9999 -9999 -9999
2.87584E-4 3.12434E-4 3.24901E-4 5.13562E-4 3.01309E-4 8.06632E-5 1.02695E-4 5.78534E-5 3.71537E-5 4.3043E-5 1.33239E-4 1.14888E-4 1.6851E-4 2.14916E-4 1.14979E-4 4.76487E-5 6.71954E-5 1.26696E-4 1.4693E-4 1.17814E-4 1.4954E-4 1.40511E-4 1.31519E-4 1.15294E-4 9.85765E-5 1.10856E-4 1.2831E-4 1.25948E-4 8.33471E-5 1.73638E-4 7.05851E-5 7.28258E-5 1.4519E-4 1.12703E-3 4.70993E-4 1.33428E-4 1.09813E-4 1.77096E-4 6.06419E-4 3.18199E-4 1.14908E-4 6.56368E-5 2.62094E-4 7.48222E-4 3.83263E-4 1.17663E-4 1.47238E-4 1.5664E-4 7.6825E-5 8.2224E-5 8.44999E-5 8.24889E-5 1.06032E-5 6.01222E-6 5.48062E-5 1.73814E-5 1.48269E-5 1.20145E-5 1.33601E-4 2.4905E-5 1.57905E-5 3.13884E-5 -9999 -9999 -9999 -9999
3.4468E-4 3.43782E-4 3.1267E-4 4.52757E-4 5.5171E-4 1.25195E-4 1.03926E-4 7.82519E-5 2.31921E-5 4.88506E-5 1.26812E-4 1.03205E-4 2.20761E-4 1.87051E-4 2.36074E-4 1.20924E-4 8.498E-5 1.14362E-4 1.30364E-4 1.65943E-4 2.35092E-4 1.39553E-4 1.1632E-4 1.72292E-4 2.28832E-4 1.5413E-4 2.66948E-4 1.55056E-4 1.4788E-4 1.27841E-4 3.4794E-4 5.14697E-4 4.66257E-4 2.83436E-4 7.37335E-5 9.5125E-5 2.10848E-4 3.37642E-4 3.90077E-4 1.74944E-4 9.89643E-5 8.2157E-5 1.50369E-4 1.96144E-4 1.97427E-4 3.04073E-4 2.80073E-4 2.50444E-4 8.64087E-5 8.73121E-5 5.60015E-5 8.21406E-5 3.17772E-5 1.09216E-5 1.6889E-5 6.60012E-5 5.77055E-5 5.04136E-5 3.21843E-5 3.22116E-5 -9999 -9999 -9999 -9999 -9999 -9999
6.2556E-4 6.7252E-4 8.46504E-4 4.72053E-4 7.17121E-4 4.12583E-4 1.10809E-4 7.79075E-5 3.65146E-5 4.21266E-5 1.16253E-4 1.00875E-4 2.06296E-4 1.22093E-4 1.70177E-4 1.57405E-4 7.71785E-5 5.09671E-4 1.38957E-4 8.45168E-5 2.27407E-4 1.14394E-4 2.04803E-4 1.34891E-4 1.67333E-4 2.37472E-4 1.06645E-4 1.72686E-4 1.18685E-4 1.16182E-4 1.44879E-4 2.90969E-4 3.79917E-4 1.35673E-4 2.56119E-4 8.56296E-4 5.52252E-4 1.39581E-4 9.16065E-5 1.15361E-4 1.39731E-4 1.28374E-4 1.13198E-4 3.65112E-4 3.50803E-4 6.12719E-4 1.14849E-4 1.10709E-4 3.53056E-5 5.2489E-5 4.58697E-5 7.54377E-6 8.26553E-6 6.78297E-6 3.88991E-5 3.26003E-5 2.77884E-5 7.99759E-5 -9999 -9999 -9999 -9999 -9999 -9999 -9999 -9999
2.06431E-3 1.90524E-3 3.58171E-4 4.06023E-4 6.69903E-4 7.2413E-4 1.24542E-4 7.90323E-5 6.5632E-5 1.59633E-4 7.51932E-5 1.57618E-4 3.794E-4 1.40387E-4 1.19387E-4 2.30931E-4 1.02029E-4 3.81768E-4 6.24428E-4 1.21259E-4 1.33028E-4 1.24677E-4 2.04183E-4 1.63308E-4 1.14312E-4 1.37165E-4 9.55561E-5 1.19141E-4 1.11688E-4 1.12612E-4 7.59445E-5 1.16611E-4 2.50133E-4 6.59972E-4 5.83056E-4 2.00895E-4 1.03406E-4 8.81559E-5 9.41866E-5 1.73097E-4 6.55106E-5 8.32804E-5 1.2443E-4 2.56094E-4 3.93092E-4 2.0474E-4 5.89123E-5 4.9345E-5 8.31963E-5 5.53849E-5 5.30796E-6 3.73996E-6 4.08435E-6 8.43299E-6 3.88574E-5 1.34341E-5 -9999 -9999 -9999 -9999 -9999 -9999 -9999 -9999 -9999 -9999
5.93652E-4 6.20793E-4 7.84518E-4 9.92897E-4 2.99672E-4 5.3037E-4 8.894E-5 1.09826E-4 6.07143E-5 1.27405E-4 1.2336E-4 1.33585E-4 2.80471E-4 2.8657E-4 4.2619E-5 6.89831E-5 1.46225E-4 1.62797E-4 2.42652E-4 1.60487E-4 1.58952E-4 1.9068E-4 1.30757E-4 1.43464E-4 1.78215E-4 1.39468E-4 1.09947E-4 1.17513E-4 1.12465E-4 1.21963E-4 8.57807E-5 1.12428E-4 2.16911E-4 9.98423E-4 3.32767E-4 6.60916E-5 5.92323E-5 5.82381E-5 8.15739E-5 6.03173E-5 7.60141E-5 5.49835E-5 3.07179E-4 2.91068E-4 7.26823E-5 6.37599E-5 1.01903E-4 8.55419E-5 1.17167E-5 5.01741E-6 1.84643E-5 5.42225E-6 1.67983E-5 6.58212E-6 2.66889E-5 -9999 -9999 -9999 -9999 -9999 -9999 -9999 -9999 -9999 -9999 -9999
3.18157E-4 4.01762E-4 8.64237E-4 7.62413E-4 6.46647E-4 5.26794E-4 3.21526E-4 6.27522E-5 1.1485E-4 1.66408E-4 2.16725E-4 1.29211E-4 9.07975E-5 6.31479E-5 3.61239E-5 2.59498E-5 3.22154E-4 2.43689E-4 1.46104E-4 3.22054E-4 1.93407E-4 1.57257E-4 2.60143E-4 2.26767E-4 1.94137E-4 1.0845E-4 1.05068E-4 1.23574E-4 1.17272E-4 1.22232E-4 1.18717E-4 1.28771E-4 1.35998E-4 3.38619E-4 9.63422E-5 5.90065E-5 5.51878E-5 6.04109E-5 6.19628E-5 4.40765E-5 5.91251E-5 1.98545E-4 2.14519E-4 4.24865E-4 8.35684E-5 6.87391E-5 1.22597E-4 1.03896E-4 2.3676E-5 3.4673E-5 2.1661E-5 6.78442E-6 1.54762E-5 2.92154E-5 -9999 -9999 -9999 -9999 -9999 -9999 -9999 -9999 -9999 -9999 -9999 -9999
5.45949E-4 1.40072E-3 4.20642E-4 5.97138E-4 1.49965E-3 2.0356E-3 1.06047E-3 5.57992E-5 1.22425E-4 2.3672E-4 1.72888E-4 1.36017E-4 5.45605E-5 1.66197E-4 7.995E-5 5.74204E-5 2.52004E-4 2.65729E-4 1.93892E-4 1.39319E-4 1.98648E-4 2.05775E-4 1.81374E-4 1.45359E-4 1.5266E-4 9.46925E-5 1.58651E-4 1.86511E-4 1.20011E-4 1.22351E-4 1.3432E-4 1.66359E-4 1.23568E-4 1.00244E-4 6.21452E-5 4.73878E-5 5.99952E-5 6.09934E-5 5.11685E-5 4.03211E-5 5.41626E-5 7.22542E-5 6.51338E-5 6.45763E-5 7.37583E-5 1.6406E-4 5.60372E-5 6.20479E-4 7.56607E-5 1.74855E-5 1.15405E-5 2.25045E-5 8.95104E-5 9.0281E-5 -9999 -9999 -9999 -9999 -9999 -9999 -9999 -9999 -9999 -9999 -9999 -9999
6.90285E-4 1.41906E-3 5.77441E-4 6.04213E-4 2.8574E-4 1.17335E-3 2.2429E-3 6.79749E-5 1.61237E-4 1.6582E-4 1.95362E-4 1.4297E-4 9.24969E-5 3.78933E-5 1.10954E-4 9.84852E-5 1.29126E-4 4.77403E-4 1.70687E-4 1.77598E-4 1.87945E-4 1.52863E-4 6.10262E-5 6.02211E-5 4.93795E-5 5.86111E-5 1.55787E-4 2.19458E-4 1.38671E-4 9.01313E-5 1.78985E-4 1.86101E-4 1.11853E-4 9.45965E-5 6.4067E-5 6.21519E-5 6.14532E-5 6.58555E-5 7.41572E-5 5.33998E-5 1.17987E-4 7.58338E-5 2.09689E-4 1.50875E-4 2.03431E-4 1.26029E-4 2.45424E-4 2.38402E-4 1.0758E-4 3.35649E-5 9.81187E-6 6.98047E-5 7.32813E-5 -9999 -9999 -9999 -9999 -9999 -9999 -9999 -9999 -9999 -9999 -9999 -9999 -9999
4.16318E-4 7.58864E-4 2.91855E-3 5.61882E-4 3.73761E-4 8.58712E-4 2.2063E-4 7.86113E-5 1.66256E-4 1.72426E-4 1.58633E-4 1.07478E-4 1.46786E-4 1.36156E-4 1.41733E-4 1.50881E-4 1.26712E-4 2.19803E-4 2.52865E-4 1.65267E-4 1.78236E-4 1.56511E-4 1.80189E-4 4.26567E-5 1.26819E-4 1.51264E-4 2.01125E-4 1.78895E-4 1.45263E-4 1.89329E-4 2.81685E-4 1.34273E-4 7.14172E-5 6.58939E-5 8.77649E-5 6.61177E-5 5.46107E-5 7.76568E-5 1.64492E-4 7.52879E-5 1.61079E-4 8.6573E-5 1.51358E-4 3.1689E-5 1.12427E-5 2.6544E-5 6.61561E-5 1.06659E-4 5.57123E-5 3.55614E-5 3.41186E-5 6.98665E-5 -9999 -9999 -9999 -9999 -9999 -9999 -9999 -9999 -9999 -9999 -9999 -9999 -9999 -9999
3.01209E-4 3.35665E-4 3.41518E-4 3.34894E-4 9.06601E-4 9.92624E-4 2.9853E-4 3.36719E-4 1.54095E-4 1.75371E-4 1.84392E-4 1.05341E-4 1.42039E-4 1.51035E-4 1.4225E-4 1.35984E-4 4.13663E-4 1.95303E-4 1.64166E-4 1.92346E-4 1.34622E-4 2.05436E-4 1.51618E-4 1.42154E-4 1.41782E-4 1.92959E-4 1.07199E-4 8.96522E-5 1.86337E-4 1.94372E-4 1.42047E-4 8.61247E-5 7.68904E-5 1.01411E-4 9.66227E-5 1.02494E-4 9.08533E-5 2.06587E-4 8.65582E-5 5.2455E-5 9.10477E-5 5.09988E-5 3.79376E-5 2.23738E-5 1.38392E-5 3.42106E-5 3.37892E-5 5.31228E-5 3.92304E-5 6.11636E-5 -9999 -9999 -9999 -9999 -9999 -9999 -9999 -9999 -9999 -9999 -9999 -9999 -9999 -9999 -9999 -9999
2.71743E-4 2.42748E-4 2.11446E-4 3.58097E-4 7.42258E-4 4.8111E-4 8.92171E-5 4.6704E-4 2.05804E-4 1.4626E-4 2.51564E-4 1.47518E-4 1.4833E-4 1.49873E-4 1.55943E-4 1.39545E-4 1.82082E-4 1.7449E-4 2.91491E-4 4.4368E-4 3.52882E-4 2.07157E-4 1.88152E-4 1.99087E-4 1.65737E-4 1.63764E-4 1.66924E-4 1.02957E-4 5.07086E-4 1.01064E-4 1.12167E-4 7.29258E-5 1.00378E-4 1.20123E-4 1.15247E-4 2.36947E-4 6.47396E-4 2.51716E-4 1.32232E-4 1.30525E-4 1.35144E-4 6.35761E-5 6.22023E-5 3.86825E-5 2.82873E-5 1.52469E-4 1.5023E-4 7.57157E-5 -9999 -9999 -9999 -9999 -9999 -9999 -9999 -9999 -9999 -9999 -9999 -9999 -9999 -9999 -9999 -9999 -9999 -9999
2.86575E-4 3.28907E-4 3.20021E-4 1.79237E-3 4.11917E-4 3.59036E-4 8.74033E-5 2.51316E-4 2.1396E-4 1.58968E-4 3.95846E-4 2.65771E-4 1.18165E-4 1.54145E-4 1.49476E-4 1.53507E-4 2.19381E-4 1.42711E-4 6.01935E-4 3.7202E-4 3.90608E-4 7.30512E-4 2.82959E-4 2.15686E-4 1.81071E-4 1.70574E-4 2.33664E-4 1.35031E-4 1.67014E-4 1.70791E-4 1.84467E-4 7.38226E-5 1.04129E-4 1.17028E-4 7.07703E-5 1.26761E-4 1.43946E-4 1.20018E-4 9.07395E-5 8.13683E-5 4.3817E-5 4.72784E-5 6.80301E-6 6.45192E-5 1.07444E-4 6.41567E-5 -9999 -9999 -9999 -9999 -9999 -9999 -9999 -9999 -9999 -9999 -9999 -9999 -9999 -9999 -9999 -9999 -9999 -9999 -9999 -9999
2.91332E-4 3.82805E-4 4.19342E-4 3.72109E-4 5.12727E-4 3.68387E-4 8.59408E-5 1.2931E-4 1.68108E-4 1.06272E-4 1.10643E-4 2.30506E-4 1.14267E-4 1.08025E-4 1.02644E-4 1.32316E-4 1.76889E-4 1.06571E-4 2.5833E-4 1.95713E-4 1.78114E-4 1.59403E-4 1.14729E-4 3.64434E-5 2.02175E-4 5.92131E-5 5.99118E-5 8.58807E-5 1.04438E-4 1.61995E-4 5.23065E-5 3.36358E-5 8.67525E-5 8.39013E-5 2.09111E-5 2.34603E-5 8.02532E-6 9.60457E-5 2.73102E-4 7.69997E-6 1.3252E-5 8.95504E-5 9.62659E-6 1.44948E-5 -9999 -9999 -9999 -9999 -9999 -9999 -9999 -9999 -9999 -9999 -9999 -9999 -9999 -9999 -9999 -9999 -9999 -9999 -9999 -9999 -9999 -9999
3.27589E-4 3.41379E-4 5.06418E-4 3.33626E-4 4.5109E-4 1.0455E-4 1.22534E-4 2.08842E-4 1.65675E-4 1.48273E-4 1.47194E-4 1.4814E-4 1.52446E-4 7.666E-5 8.43533E-5 7.41942E-5 1.42528E-4 1.92001E-4 1.54836E-4 1.36641E-4 7.051E-5 1.32137E-4 4.80791E-5 1.97866E-5 6.99234E-5 7.98388E-6 3.57952E-5 9.2032E-5 3.93384E-5 3.59252E-5 2.86364E-5 5.44549E-6 2.40616E-5 1.54762E-5 7.19918E-5 8.88759E-6 1.92609E-5 5.79776E-5 1.30685E-4 3.14069E-5 9.69898E-6 2.93163E-6 5.06688E-6 -9999 -9999 -9999 -9999 -9999 -9999 -9999 -9999 -9999 -9999 -9999 -9999 -9999 -9999 -9999 -9999 -9999 -9999 -9999 -9999 -9999 -9999 -9999
2.54691E-4 3.58257E-4 3.76181E-4 3.96302E-4 3.07871E-4 1.25043E-4 1.617E-4 1.50728E-4 1.52841E-4 1.49067E-4 1.11178E-4 6.57562E-5 8.74241E-5 6.15776E-5 9.77155E-6 8.46511E-5 1.28182E-4 1.17046E-4 1.22252E-4 1.34629E-4 2.13426E-4 2.26275E-4 4.71614E-5 3.66361E-5 1.54952E-4 3.9866E-5 3.84379E-5 1.23868E-4 6.64481E-5 2.84866E-5 1.56384E-5 7.07325E-6 6.90383E-5 3.66369E-5 6.5501E-6 7.29281E-5 4.77299E-5 2.26863E-5 2.46933E-4 2.22723E-4 5.41438E-6 1.0352E-5 -9999 -9999 -9999 -9999 -9999 -9999 -9999 -9999 -9999 -9999 -9999 -9999 -9999 -9999 -9999 -9999 -9999 -9999 -9999 -9999 -9999 -9999 -9999 -9999
3.41661E-4 3.6028E-4 2.83868E-4 3.88673E-4 5.6071E-4 1.02913E-4 1.54288E-4 1.79571E-4 1.80824E-4 2.40028E-4 1.30002E-4 5.02211E-6 1.64745E-5 1.40779E-5 9.78135E-6 5.79055E-5 1.23511E-4 1.32559E-4 9.56745E-5 5.71007E-5 1.86911E-4 1.64352E-4 3.10154E-4 1.28203E-4 3.79257E-5 5.247E-5 2.59803E-5 9.55802E-5 3.76827E-5 3.21115E-5 2.13452E-5 1.95968E-5 1.36028E-5 1.33036E-5 6.16193E-6 6.07749E-5 1.01507E-5 7.22229E-6 4.07821E-6 2.47419E-6 4.35858E-6 -9999 -9999 -9999 -9999 -9999 -9999 -9999 -9999 -9999 -9999 -9999 -9999 -9999 -9999 -9999 -9999 -9999 -9999 -9999 -9999 -9999 -9999 -9999 -9999 -9999
3.60999E-4 3.71486E-4 3.80404E-4 3.72354E-4 8.96215E-5 1.59539E-4 1.63679E-4 1.65557E-4 1.37973E-4 8.88621E-5 2.63233E-5 1.30596E-5 8.89437E-6 5.71502E-6 1.54137E-5 1.34192E-4 1.35828E-4 1.42895E-4 5.73033E-5 1.32819E-4 3.17634E-4 1.38255E-4 2.5615E-4 6.74729E-5 6.769E-5 5.88772E-5 1.7221E-5 4.07068E-5 3.92448E-5 4.21454E-5 1.22246E-5 1.55357E-5 1.95185E-5 7.31493E-6 5.02085E-6 1.89596E-5 1.26376E-5 3.2063E-6 2.92089E-6 2.81145E-6 4.81445E-6 -9999 -9999 -9999 -9999 -9999 -9999 -9999 -9999 -9999 -9999 -9999 -9999 -9999 -9999 -9999 -9999 -9999 -9999 -9999 -9999 -9999 -9999 -9999 -9999 -9999
3.63237E-4 3.71267E-4 3.04571E-4 3.80795E-4 1.02154E-4 1.52583E-4 1.11352E-4 1.99822E-4 3.43618E-5 8.21014E-6 1.96626E-5 4.75916E-5 4.50627E-5 2.07138E-5 6.77442E-5 7.65839E-5 1.32252E-4 1.54064E-4 1.05396E-4 1.31917E-4 4.34017E-4 2.33072E-4 1.43235E-4 1.79093E-5 5.01259E-5 7.99474E-5 3.80265E-5 5.5046E-5 1.10948E-5 4.20008E-6 3.84852E-6 4.15408E-6 2.52627E-6 2.95083E-6 3.4557E-6 1.25154E-5 2.41777E-5 5.08034E-6 3.32242E-6 3.16997E-6 2.23098E-6 4.26481E-5 -9999 -9999 -9999 -9999 -9999 -9999 -9999 -9999 -9999 -9999 -9999 -9999 -9999 -9999 -9999 -9999 -9999 -9999 -9999 -9999 -9999 -9999 -9999 -9999
3.73836E-4 3.74254E-4 3.68186E-4 3.78108E-4 1.04838E-4 1.55765E-4 1.59184E-4 1.6261E-4 1.04349E-4 1.23657E-4 5.31193E-5 1.29074E-4 1.20538E-4 6.93679E-5 1.2826E-4 1.00251E-4 1.74228E-4 8.63148E-5 1.05826E-4 2.06275E-4 3.2667E-4 1.33774E-4 1.24481E-4 9.52105E-5 3.25783E-5 2.29635E-5 2.42811E-5 7.3288E-6 5.40343E-6 1.23685E-5 1.24614E-5 3.42574E-6 2.89156E-6 2.83838E-6 2.5875E-6 3.45834E-6 1.88893E-5 4.09481E-5 4.59877E-5 6.0175E-5 2.04985E-5 8.07043E-5 -9999 -9999 -9999 -9999 -9999 -9999 -9999 -9999 -9999 -9999 -9999 -9999 -9999 -9999 -9999 -9999 -9999 -9999 -9999 -9999 -9999 -9999 -9999 -9999
3.67663E-4 4.40291E-4 3.65833E-4 4.11197E-4 7.72513E-5 1.55722E-4 8.34333E-5 7.59751E-5 1.29714E-4 6.30545E-5 6.29538E-5 7.7639E-5 1.12386E-4 1.23127E-4 1.20573E-4 9.49145E-5 1.20737E-4 1.23187E-4 9.32888E-5 8.42384E-5 7.02642E-5 9.82929E-5 1.933E-5 8.35204E-5 5.01019E-5 2.40235E-5 3.29343E-6 4.80325E-6 2.41061E-5 3.69168E-5 1.44731E-5 2.80718E-6 2.5625E-6 2.52794E-6 2.71358E-6 3.05046E-6 1.17665E-5 5.85682E-5 1.43584E-5 1.6155E-5 1.04937E-5 9.41151E-5 -9999 -9999 -9999 -9999 -9999 -9999 -9999 -9999 -9999 -9999 -9999 -9999 -9999 -9999 -9999 -9999 -9999 -9999 -9999 -9999 -9999 -9999 -9999 -9999
3.98703E-4 4.02119E-4 3.87127E-4 3.87866E-4 8.4312E-5 7.91567E-5 6.13167E-5 7.32732E-5 1.20608E-4 7.469E-5 1.07779E-4 1.01032E-4 1.03962E-4 1.05047E-4 1.03422E-4 1.05658E-4 5.91932E-5 1.68469E-4 7.33976E-5 5.26922E-5 5.91722E-4 1.21593E-4 5.95626E-5 7.19125E-5 6.78003E-6 4.01436E-6 3.25079E-6 2.00341E-6 5.26583E-6 4.50757E-6 4.96509E-6 5.26466E-6 3.44327E-6 3.0166E-6 2.64172E-6 4.79256E-6 5.02206E-5 9.0444E-5 1.773E-5 1.43914E-5 9.54722E-5 -9999 -9999 -9999 -9999 -9999 -9999 -9999 -9999 -9999 -9999 -9999 -9999 -9999 -9999 -9999 -9999 -9999 -9999 -9999 -9999 -9999 -9999 -9999 -9999 -9999
3.98455E-4 5.55264E-4 1.45137E-4 9.83408E-5 9.61383E-5 8.08026E-5 8.32765E-5 1.37131E-4 1.23881E-4 1.10714E-4 1.23652E-4 1.27973E-4 1.0499E-4 6.79272E-5 1.02631E-4 1.13273E-4 1.10652E-4 8.7293E-5 4.34712E-5 3.00699E-5 2.11854E-4 2.10535E-4 4.25684E-5 2.77862E-5 1.73869E-5 2.14521E-5 3.46229E-6 3.40388E-6 2.60123E-6 3.13581E-6 7.25532E-6 2.25466E-5 5.45611E-5 2.36554E-5 7.61752E-6 5.15381E-5 6.00656E-5 9.26724E-5 -9999 -9999 -9999 -9999 -9999 -9999 -9999 -9999 -9999 -9999 -9999 -9999 -9999 -9999 -9999 -9999 -9999 -9999 -9999 -9999 -9999 -9999 -9999 -9999 -9999 -9999 -9999 -9999
