catData/rasterBestHybridModels/Prubiginosus/RDbal_RM2_LQ/Prubiginosus_avg.asc
ncols         409
nrows         350
xllcorner     60.897278365
yllcorner     5.843756025
cellsize      0.0892857
NODATA_value  -9999
[rows 145 to 173 of 350, columns 195 to 259 of 409]
5.9691E-5 7.65036E-5 5.37731E-5 9.72848E-5 6.85984E-5 1.00786E-4 8.20409E-5 8.52471E-5 1.20067E-4 8.80575E-5 9.08284E-5 7.45233E-5 7.07515E-5 6.57491E-5 1.48287E-4 3.3453E-4 3.68593E-5 1.20847E-4 2.00366E-4 3.58023E-5 4.66176E-5 6.20909E-5 5.54344E-5 4.02609E-5 2.5568E-4 6.03737E-5 5.55717E-5 5.38047E-5 6.42945E-5 5.13239E-5 7.5291E-5 7.1705E-5 6.10791E-5 5.86623E-5 5.24275E-5 5.66248E-5 5.6862E-5 5.66922E-5 6.42555E-5 4.8102E-5 4.20273E-5 4.14193E-5 5.48049E-5 6.25388E-5 6.10024E-5 5.08287E-5 6.54089E-5 3.96835E-5 6.72738E-5 7.11033E-5 5.5985E-5 5.33435E-5 2.96924E-5 4.17362E-5 2.22535E-5 2.04383E-5 1.76641E-5 1.31614E-5 2.98809E-5 4.89393E-5 4.27285E-5 3.17036E-5 3.74566E-5 4.04583E-5 5.39955E-5
8.13687E-5 9.80856E-5 2.92871E-5 6.181E-5 6.56504E-5 5.76595E-5 6.24942E-5 7.25271E-5 8.22849E-5 6.17934E-5 5.19088E-5 6.46348E-5 6.44499E-5 1.35065E-4 8.79388E-5 6.4011E-5 6.3949E-5 4.12173E-4 6.81923E-5 3.93498E-5 4.07959E-5 4.6236E-5 6.66494E-5 7.4458E-5 5.38628E-5 5.63646E-5 5.93833E-5 5.35597E-5 5.21639E-5 6.61672E-5 6.05696E-5 6.00711E-5 7.91459E-5 4.27341E-5 5.90631E-5 4.95071E-5 1.66682E-4 2.26046E-4 1.37662E-4 1.03885E-4 6.45374E-5 6.26299E-5 5.89843E-5 5.20954E-5 5.96211E-5 7.74408E-5 3.96584E-5 6.25168E-5 5.19103E-5 5.35804E-5 3.82062E-5 3.18401E-5 2.05267E-5 4.09827E-5 1.72787E-5 3.83656E-5 3.70306E-5 3.33554E-5 6.52763E-5 3.81045E-5 5.27178E-5 2.47094E-5 4.50461E-5 5.52124E-5 4.92398E-5
9.69809E-5 9.23652E-5 3.65615E-4 9.13384E-5 8.27163E-5 7.68309E-5 4.89629E-5 5.957E-5 6.61709E-5 5.63997E-5 4.18401E-5 8.72146E-5 8.64834E-5 9.5848E-5 5.80633E-5 6.32442E-5 5.63513E-5 1.70683E-4 6.1077E-5 5.90535E-5 6.18948E-5 6.03588E-5 5.80499E-5 5.44417E-5 6.05297E-5 5.47655E-5 5.40863E-5 5.42654E-5 5.67498E-5 5.68003E-5 6.89403E-5 6.9608E-5 7.45828E-5 7.71051E-5 6.0845E-5 6.29922E-5 5.73866E-5 1.67979E-4 8.74961E-5 7.59616E-5 7.41065E-5 5.73608E-5 5.5579E-5 7.39568E-5 5.98018E-5 6.45245E-5 3.96086E-5 5.74171E-5 4.8175E-5 2.34396E-5 5.95287E-5 3.34179E-5 5.22666E-5 6.89461E-5 4.62936E-5 2.8105E-5 4.36924E-5 8.21039E-5 3.69315E-5 5.328E-5 6.81939E-5 1.89534E-5 1.51256E-5 7.19092E-5 4.43875E-5
1.89874E-4 1.32125E-4 1.89349E-4 1.59712E-4 6.4633E-5 6.92011E-5 5.41571E-5 8.23572E-5 6.71583E-5 5.33976E-5 1.20428E-4 1.86517E-4 9.90714E-5 6.37707E-5 6.17981E-5 6.50985E-5 5.238E-5 2.17751E-4 5.29188E-5 1.5405E-4 2.39765E-4 4.56126E-5 7.02221E-5 5.78767E-5 3.52717E-5 3.65624E-5 5.04579E-5 5.16788E-5 6.04805E-5 8.29637E-5 2.23967E-4 8.80117E-5 7.01599E-5 7.78834E-5 8.07948E-5 7.13082E-5 9.75461E-5 6.07449E-5 9.40873E-5 7.65825E-5 7.75668E-5 4.92163E-5 6.80008E-5 7.51301E-5 5.68654E-5 7.04561E-5 6.17403E-5 5.55993E-5 3.86288E-5 3.17612E-5 3.78557E-5 2.74331E-5 4.18653E-5 6.50285E-5 4.9638E-5 5.28527E-5 6.9507E-5 5.01612E-5 7.8585E-5 4.77826E-5 3.80207E-5 6.21395E-5 3.14344E-5 3.90626E-5 3.75061E-5
1.53551E-4 9.77888E-5 8.07585E-5 1.23576E-4 7.96797E-5 9.8363E-5 7.34681E-5 7.09709E-5 5.97079E-5 7.35183E-5 1.68907E-4 5.86765E-5 6.11752E-5 6.58462E-5 5.66486E-5 3.91961E-5 9.74625E-5 2.5019E-4 6.59261E-5 1.01049E-4 1.5939E-4 6.25562E-5 4.08755E-5 4.3895E-5 2.87046E-5 2.9321E-5 5.73207E-5 5.28337E-5 3.52915E-5 1.61375E-4 9.35665E-5 8.01042E-5 7.67901E-5 5.71322E-5 7.7259E-5 1.24186E-4 8.70202E-5 6.61861E-5 6.34265E-5 1.12921E-4 1.44027E-4 1.00221E-4 9.14509E-5 1.57652E-4 2.35115E-4 8.17336E-5 6.16137E-5 8.2531E-5 9.72954E-5 7.44171E-5 7.02901E-5 1.29167E-4 1.70993E-4 1.20217E-4 8.44305E-5 9.5953E-5 7.13979E-5 8.4684E-5 8.30969E-5 4.95695E-5 5.16662E-5 5.25813E-5 7.59982E-5 5.22343E-5 5.06737E-5
2.70183E-4 9.85834E-5 1.12672E-4 8.297E-5 8.03636E-5 9.31946E-5 1.03415E-4 6.99538E-5 4.28432E-5 5.40861E-5 1.0072E-4 1.24823E-4 4.31933E-5 8.23201E-5 6.67664E-5 4.99798E-5 1.7686E-4 2.20268E-4 1.3359E-4 5.30425E-5 2.6177E-5 3.51092E-5 2.25504E-5 1.73805E-5 5.25671E-5 4.46684E-5 5.07458E-5 5.77361E-5 7.82549E-5 9.54909E-5 8.26619E-5 8.83712E-5 4.49065E-5 1.50752E-4 9.20218E-5 9.11688E-5 8.21871E-5 9.02923E-5 9.84333E-5 1.35153E-4 9.84564E-5 8.10278E-5 1.36656E-4 1.04753E-4 8.25214E-5 1.19041E-4 7.83682E-5 9.22971E-5 6.22567E-5 1.29477E-4 9.26095E-5 8.0714E-5 5.59897E-5 7.96045E-5 7.3753E-5 7.02421E-5 6.98144E-5 7.50532E-5 1.60497E-4 7.61281E-5 6.39662E-5 6.32247E-5 4.98536E-5 4.28817E-5 5.24977E-5
1.10006E-4 8.83261E-5 9.5037E-5 7.07872E-5 9.61127E-5 9.14894E-5 7.92033E-5 6.26612E-5 8.52767E-5 8.09034E-5 2.85844E-4 9.25475E-5 7.81119E-5 7.73769E-5 7.07486E-5 7.20653E-5 7.92233E-5 7.78386E-5 9.2676E-5 5.045E-5 1.75444E-5 2.82343E-5 4.08856E-5 1.02467E-4 9.72832E-5 6.44602E-5 6.02348E-5 5.06086E-5 3.37153E-5 1.95166E-4 8.53193E-5 1.82158E-4 2.77422E-4 8.92905E-5 8.76184E-5 1.31754E-4 3.01503E-4 1.642E-4 7.29993E-5 1.00508E-4 6.32001E-5 5.8104E-5 1.27137E-4 8.68337E-5 7.6431E-5 1.65778E-4 6.73901E-5 1.15617E-4 1.16508E-4 5.9299E-5 7.27645E-5 4.08419E-5 7.68872E-5 6.32848E-5 8.19388E-5 6.32937E-5 4.65757E-5 6.80972E-5 8.41536E-5 7.33178E-5 5.48077E-5 5.50677E-5 6.8163E-5 5.17459E-5 6.63409E-5
9.73305E-5 8.6749E-5 1.00675E-4 1.04682E-4 1.23422E-4 1.29794E-4 6.70886E-5 1.61396E-4 6.62313E-5 5.97283E-5 1.61138E-4 8.34466E-5 9.76554E-5 1.25589E-4 2.93954E-4 2.36552E-4 1.72713E-4 6.01851E-5 1.29777E-4 1.62045E-4 7.38481E-5 8.33924E-5 7.00594E-5 5.35167E-5 1.31943E-4 4.41477E-5 5.58972E-5 6.11976E-5 6.78494E-5 8.64119E-5 9.3029E-5 2.99891E-4 2.81981E-4 7.83371E-5 9.30274E-5 6.23015E-5 9.62124E-5 8.62458E-5 8.02338E-5 6.21335E-5 4.50962E-5 4.76236E-5 4.09123E-5 6.59883E-5 6.52094E-5 7.85106E-5 4.5289E-5 7.61625E-5 1.4662E-4 4.18108E-5 4.48872E-5 4.06186E-5 6.10528E-5 6.1709E-5 3.89595E-5 6.22847E-5 5.40083E-5 7.15499E-5 6.23786E-5 7.95551E-5 7.41379E-5 7.49293E-5 9.23504E-5 1.24689E-4 3.18819E-5
1.12495E-4 1.35929E-4 2.29882E-4 1.08966E-4 1.52711E-4 1.41586E-4 1.18438E-4 1.00435E-4 6.33184E-5 3.46345E-5 1.40127E-4 8.78373E-5 9.71376E-5 6.49022E-5 5.73185E-5 3.07495E-5 5.86776E-5 6.59829E-5 1.43037E-4 4.25937E-5 2.64232E-5 6.08808E-5 8.96881E-5 8.30614E-5 7.51342E-5 5.09141E-5 5.49639E-5 3.37995E-5 6.61257E-5 6.32346E-5 9.15717E-5 1.4069E-4 1.56708E-4 1.03519E-4 8.38504E-5 5.0359E-5 6.69735E-5 6.14186E-5 6.44718E-5 5.80821E-5 5.75013E-5 6.15743E-5 3.49415E-5 5.06905E-5 8.53244E-5 1.25198E-4 7.43188E-5 4.95052E-5 4.79836E-5 4.20931E-5 4.88019E-5 6.28345E-5 7.10868E-5 6.27576E-5 5.794E-5 4.96833E-5 7.66919E-5 7.09064E-5 8.27987E-5 5.55066E-5 5.53368E-5 5.64715E-5 2.98785E-5 3.10563E-5 4.57471E-5
1.89598E-4 1.89283E-4 3.69454E-4 1.55456E-4 1.45637E-4 1.65537E-4 7.01324E-5 8.06738E-5 1.17194E-4 8.03295E-5 4.69182E-4 7.165E-5 9.02623E-5 1.08408E-4 5.45493E-5 4.80609E-5 4.81089E-5 5.19719E-5 8.02051E-5 2.10006E-5 1.80595E-4 6.23691E-5 1.2174E-4 7.66792E-5 5.11328E-5 5.56001E-5 8.02424E-5 5.22734E-5 4.87007E-5 6.44204E-5 4.09693E-5 6.27229E-5 7.59683E-5 5.1562E-5 5.31812E-5 4.74379E-5 4.6289E-5 5.41404E-5 3.92644E-5 5.1351E-5 4.64242E-5 5.18832E-5 4.13072E-5 2.64769E-5 4.01997E-5 3.20141E-5 2.36883E-5 4.11441E-5 3.13857E-5 5.10206E-5 6.20081E-5 6.35983E-5 4.41677E-5 4.13534E-5 4.46273E-5 3.1579E-5 4.56378E-5 4.45943E-5 4.84194E-5 4.61619E-5 5.94095E-5 4.41937E-5 5.32792E-5 4.65148E-5 3.7919E-5
1.46739E-4 1.4161E-4 1.43738E-4 1.17406E-4 1.89559E-4 4.77212E-5 8.69468E-5 8.99292E-5 1.11237E-4 1.81153E-4 9.3246E-4 2.12138E-4 1.04663E-4 3.99143E-5 4.98434E-5 1.09121E-4 1.27475E-4 4.37336E-5 4.30262E-5 4.2769E-5 2.31304E-5 4.85742E-5 9.03311E-5 6.52746E-5 7.13624E-5 9.35736E-5 6.71311E-5 6.33309E-5 5.58364E-5 7.89449E-5 7.07307E-5 8.45642E-5 1.28777E-4 6.68505E-5 4.61114E-5 4.80039E-5 4.68277E-5 5.27405E-5 3.48009E-5 3.27719E-5 4.83397E-5 4.87312E-5 4.88311E-5 4.20461E-5 3.30225E-5 2.70338E-5 2.08118E-5 2.55152E-5 3.03255E-5 7.04805E-5 6.68448E-5 4.76409E-5 4.40595E-5 4.06487E-5 3.68434E-5 2.79576E-5 1.56342E-5 2.928E-5 5.87316E-5 4.14038E-5 1.15675E-4 8.59754E-5 4.802E-5 4.79697E-5 5.80709E-5
1.47206E-4 1.54664E-4 1.29788E-4 1.37029E-4 7.3313E-5 3.25202E-4 1.49721E-4 9.15751E-5 5.52186E-5 1.00473E-4 1.07726E-4 7.53942E-5 5.37278E-5 4.31254E-5 4.11932E-5 4.67705E-5 2.90897E-5 3.0758E-5 3.35703E-5 3.81623E-5 4.45074E-5 5.69073E-5 4.41373E-5 5.68597E-5 6.97079E-5 4.23821E-5 4.04043E-5 6.63031E-5 7.17609E-5 5.83743E-5 5.14308E-5 7.64451E-5 1.03971E-4 1.20195E-4 4.71932E-5 2.72684E-5 3.6453E-5 4.26941E-5 4.26011E-5 4.75072E-5 4.82654E-5 5.2251E-5 4.71666E-5 3.62455E-5 4.99565E-5 3.44915E-5 4.48299E-5 3.9842E-5 1.97517E-5 5.46249E-5 5.32939E-5 2.85026E-5 5.03075E-5 4.66598E-5 4.07075E-5 4.41162E-5 2.36007E-5 4.20219E-5 5.42379E-5 4.28854E-5 6.6336E-5 6.53896E-5 1.05528E-4 5.68228E-5 4.11886E-5
1.0155E-4 1.18586E-4 1.3571E-4 6.96203E-5 5.46231E-5 6.10387E-5 6.01562E-5 4.86658E-5 4.96395E-5 5.48844E-5 4.97839E-5 4.2518E-5 5.26866E-5 3.73198E-5 3.51033E-5 3.38067E-5 5.37499E-5 3.795E-5 4.00277E-5 5.34468E-5 4.37177E-5 4.64757E-5 6.08872E-5 6.221E-5 6.01265E-5 4.4758E-5 4.06255E-5 7.92077E-5 6.819E-5 6.06619E-5 5.44351E-5 4.61264E-5 4.85225E-5 6.08656E-5 7.54416E-5 7.01514E-5 3.05413E-5 7.41547E-5 3.74929E-5 4.65598E-5 5.33804E-5 5.30546E-5 4.2105E-5 3.54248E-5 4.85034E-5 4.99806E-5 3.95077E-5 2.43494E-5 6.9377E-5 5.25135E-5 3.4258E-5 3.44221E-5 3.8008E-5 5.02139E-5 4.01758E-5 4.82903E-5 3.90686E-5 7.29912E-5 4.68315E-5 7.1107E-5 9.21616E-5 1.34383E-4 1.47007E-4 1.01649E-4 1.12716E-4
8.606E-5 6.28207E-5 6.58864E-5 8.91151E-5 2.70578E-5 4.39349E-5 5.24941E-5 3.64413E-5 4.13909E-5 1.86569E-5 3.52045E-5 8.74646E-5 7.2842E-5 3.51128E-5 5.14361E-5 8.86604E-5 1.12471E-4 4.60895E-5 3.78483E-5 6.15525E-5 8.29122E-5 8.39248E-5 5.27716E-5 3.96498E-5 3.06412E-5 6.03379E-5 6.94715E-5 7.06071E-5 1.0706E-4 6.68157E-5 7.00895E-5 6.24518E-5 6.65906E-5 7.48743E-5 5.9715E-5 7.17437E-5 6.9489E-5 5.42552E-5 5.2332E-5 4.07811E-5 2.98297E-5 2.3225E-5 4.14573E-5 2.88748E-5 5.13137E-5 4.47078E-5 4.98622E-5 5.89735E-5 5.0032E-5 6.35833E-5 7.14453E-5 4.12219E-5 6.92615E-5 6.5561E-5 8.10029E-5 7.98096E-5 9.62065E-5 7.76621E-5 7.19215E-5 4.8967E-5 6.44743E-5 9.64901E-5 7.74354E-5 1.01754E-4 9.47141E-5
4.7722E-5 8.00431E-5 5.24471E-5 3.89012E-5 5.35853E-5 3.59239E-5 5.10772E-5 3.09632E-5 4.97343E-5 3.82293E-5 3.5003E-5 7.47373E-5 5.039E-5 1.35798E-4 9.04576E-5 1.30695E-4 3.1965E-4 7.98985E-5 5.62748E-5 4.61823E-5 1.38081E-4 4.21716E-5 4.05497E-5 1.04881E-4 5.41688E-5 1.57387E-4 5.50987E-5 1.08266E-4 1.49646E-4 9.56257E-5 7.6578E-5 5.13728E-5 7.23489E-5 6.2942E-5 6.0875E-5 6.37525E-5 4.03317E-5 5.243E-5 5.55504E-5 7.56496E-5 6.72661E-5 7.21868E-5 3.68861E-5 2.44765E-5 1.25195E-4 8.54236E-5 6.50322E-5 7.5769E-5 1.3299E-4 1.34403E-4 3.89535E-5 1.67516E-4 7.12177E-5 6.24551E-5 1.02349E-4 7.16715E-5 5.88231E-5 7.05651E-5 8.60019E-5 8.16768E-5 1.03159E-4 9.08418E-5 6.78293E-5 8.3115E-5 1.9701E-4
2.68652E-5 4.80083E-5 2.50476E-5 5.66987E-5 5.63352E-5 3.17828E-5 9.78294E-5 7.94864E-5 7.83805E-5 2.28667E-4 4.02317E-4 1.83263E-4 9.67313E-5 3.03847E-4 1.56048E-4 9.86474E-5 1.18087E-4 9.50578E-5 6.72194E-5 5.95117E-5 5.78387E-5 5.55717E-5 5.16553E-5 1.52395E-4 4.92334E-5 4.93093E-5 3.9399E-5 8.72556E-5 1.13391E-4 1.0792E-4 9.75981E-5 9.89575E-5 7.13879E-5 6.59711E-5 6.66132E-5 6.24288E-5 5.74478E-5 5.75944E-5 7.42248E-5 7.34897E-5 7.06401E-5 7.1023E-5 5.99147E-5 6.26958E-5 2.22577E-4 3.37758E-5 6.03703E-5 5.15713E-5 1.51726E-4 1.28138E-4 8.85821E-5 1.22638E-4 1.13234E-4 6.50587E-5 9.27927E-5 4.94896E-5 6.07747E-5 8.27764E-5 9.43128E-5 8.79884E-5 8.28718E-5 6.90712E-5 7.39927E-5 8.34414E-5 1.22224E-4
5.64921E-5 1.70035E-4 2.8735E-4 1.55561E-4 1.18331E-4 9.51308E-5 8.79076E-5 1.95674E-4 6.7526E-4 2.44556E-4 3.70449E-4 2.71465E-4 2.06937E-4 4.08614E-4 8.62601E-5 6.62838E-5 5.46599E-5 5.82669E-5 6.26878E-5 1.16738E-4 6.78782E-5 1.99314E-4 7.97785E-5 4.55256E-5 2.74412E-5 9.06854E-5 9.89422E-5 1.44225E-4 1.06435E-4 1.01732E-4 1.16205E-4 9.97519E-5 8.35017E-5 7.95953E-5 5.77475E-5 7.86765E-5 5.31183E-5 4.8897E-5 5.36939E-5 6.09479E-5 3.73287E-5 3.54792E-5 8.63311E-5 5.85561E-5 5.12746E-5 3.86659E-5 4.27172E-5 5.02953E-5 6.99078E-5 6.84026E-5 8.7801E-5 1.22275E-4 6.59555E-5 9.46474E-5 1.34111E-4 6.1527E-5 8.08916E-5 1.12713E-4 6.55882E-5 5.35705E-5 7.72884E-5 8.69692E-5 9.16406E-5 1.56531E-4 1.04984E-4
1.02098E-4 1.3938E-4 2.11861E-4 1.80352E-4 8.45609E-5 1.27394E-4 1.3588E-4 7.58489E-4 6.82665E-4 2.7641E-4 1.68795E-4 1.20031E-4 1.12049E-4 1.12808E-4 1.04163E-4 9.62687E-5 9.97087E-5 9.44326E-5 6.29176E-5 4.23109E-5 4.57683E-5 1.27144E-4 4.84536E-5 2.59988E-5 6.30486E-5 1.38059E-4 2.03446E-4 8.73427E-5 1.31006E-4 9.19166E-5 1.49322E-4 1.08469E-4 7.87306E-5 5.96279E-5 6.00797E-5 1.02907E-4 8.32081E-5 5.17687E-5 5.35024E-5 7.14298E-5 5.08217E-5 8.91939E-5 4.7855E-5 4.96171E-5 5.58889E-5 6.13747E-5 3.79891E-5 3.87075E-5 3.87338E-5 5.51151E-5 4.19186E-5 4.34816E-5 9.52211E-5 2.87019E-4 3.598E-4 1.06289E-4 6.62147E-5 6.92994E-5 5.15062E-5 7.62251E-5 1.04125E-4 1.10886E-4 9.25959E-5 9.34228E-5 7.54593E-5
5.07267E-5 7.54578E-5 3.36901E-4 6.50176E-4 1.03614E-4 1.323E-4 5.87185E-5 1.49196E-4 3.52995E-4 1.63132E-4 2.05366E-4 1.49218E-4 1.30278E-4 1.2538E-4 1.9991E-4 1.50781E-4 1.43759E-4 1.03408E-4 8.99997E-5 7.68191E-5 6.77479E-5 6.09943E-5 3.10961E-5 3.5982E-5 4.23087E-5 5.83011E-5 7.93161E-5 1.12843E-4 1.79598E-4 2.18165E-4 1.56368E-4 1.52353E-4 1.231E-4 1.17093E-4 1.11106E-4 1.03679E-4 4.98508E-5 4.28862E-5 5.26706E-5 4.95312E-5 5.73109E-5 3.00743E-5 4.11947E-5 6.1125E-5 6.17259E-5 4.30785E-5 4.2994E-5 5.01839E-5 5.35199E-5 6.46218E-5 4.44477E-5 4.35506E-5 8.03132E-5 2.35328E-4 1.05935E-4 1.07961E-4 1.1329E-4 6.36273E-5 3.27313E-5 3.76729E-5 5.89133E-5 8.93403E-5 6.47162E-5 4.97259E-5 7.19856E-5
7.21187E-5 6.73226E-5 7.27089E-5 8.53258E-5 1.26941E-4 1.06309E-4 9.26787E-5 1.04722E-4 2.64182E-4 1.12524E-4 1.47019E-4 1.59532E-4 4.45509E-4 2.12159E-4 1.63041E-4 1.12705E-4 1.03756E-4 8.93991E-5 8.7896E-5 9.14435E-5 9.1499E-5 7.52408E-5 9.4865E-5 8.5198E-5 1.58048E-4 6.98508E-5 1.1703E-4 1.32236E-4 1.87527E-4 1.71623E-4 1.19618E-4 7.57695E-5 2.48883E-4 7.2727E-4 4.34241E-4 9.48369E-5 9.86056E-5 1.05635E-4 6.23108E-5 5.29079E-5 5.58802E-5 3.83901E-5 5.4897E-5 6.17651E-5 3.54208E-5 5.15237E-5 5.25973E-5 5.39065E-5 6.32764E-5 6.4976E-5 1.2003E-4 6.47744E-5 1.52918E-4 9.68413E-5 1.12376E-4 1.83309E-4 1.67505E-4 1.7329E-4 8.42183E-5 5.81034E-5 5.81582E-5 9.04577E-5 7.79748E-5 7.76453E-5 9.05851E-5
9.95805E-5 5.8307E-5 8.12548E-5 9.42194E-5 8.38435E-5 1.33322E-4 1.64995E-4 3.049E-4 1.34412E-4 8.24456E-5 1.14341E-4 2.4425E-4 2.26374E-4 1.5714E-4 1.16039E-4 1.27054E-4 8.56426E-5 8.78113E-5 9.18952E-5 1.5168E-4 3.08861E-4 7.12449E-4 9.33514E-4 2.27779E-4 1.06521E-4 9.22663E-5 8.87882E-5 1.44048E-4 1.56972E-4 1.76185E-4 1.03934E-4 1.24438E-4 6.10435E-4 9.26739E-4 3.80454E-4 1.18856E-4 6.41393E-5 3.81146E-5 5.51295E-5 5.56735E-5 5.7926E-5 2.66603E-5 4.46532E-5 4.42752E-5 5.47857E-5 5.87171E-5 3.7671E-5 6.32916E-5 6.39096E-5 5.38898E-5 2.95847E-5 8.15802E-5 4.89228E-5 1.1235E-4 8.63935E-5 1.02312E-4 8.35974E-5 2.22093E-4 1.52348E-4 4.47154E-5 5.43027E-5 6.50308E-5 3.2039E-5 7.96068E-5 7.87298E-5
1.02781E-4 1.48367E-4 1.26265E-4 9.77825E-5 1.19694E-4 1.31489E-4 1.62284E-4 1.30478E-4 1.02473E-4 1.54306E-4 8.48903E-5 5.24686E-5 1.15576E-4 1.10119E-4 8.22354E-5 9.6346E-5 9.04927E-5 1.352E-4 1.78756E-4 5.81023E-5 1.10049E-4 2.35311E-4 9.51644E-5 2.06096E-4 8.32216E-5 1.02178E-4 1.00785E-4 1.38948E-4 1.25274E-4 9.50002E-5 9.54354E-5 1.66735E-4 5.67561E-4 1.55806E-4 4.38054E-5 3.69879E-5 6.31271E-5 5.97512E-5 2.91534E-5 2.90805E-5 2.43598E-5 4.6904E-5 3.96621E-5 1.45616E-5 2.83154E-5 6.84921E-5 5.13716E-5 3.73406E-5 4.46381E-5 3.94798E-5 4.53462E-5 4.06478E-5 4.63023E-5 4.74467E-5 7.51169E-5 7.87407E-5 7.82379E-5 8.69456E-5 7.7388E-5 1.1974E-4 1.4421E-4 6.32521E-5 5.4134E-5 4.41198E-5 6.65268E-5
1.29758E-4 1.44205E-4 1.69531E-4 1.31044E-4 9.16234E-5 1.21644E-4 1.52001E-4 9.02816E-5 1.09814E-4 1.23704E-4 1.26169E-4 1.23508E-4 1.2784E-4 1.26858E-4 5.97238E-5 4.96936E-5 6.96102E-5 3.85262E-4 1.92144E-4 7.69692E-5 1.26218E-4 8.69968E-5 7.11211E-5 9.88425E-5 1.05255E-4 1.16009E-4 1.20847E-4 1.07181E-4 1.16895E-4 1.14517E-4 1.04162E-4 2.42426E-4 7.08509E-5 5.85083E-5 5.62261E-5 3.44022E-5 3.50505E-5 7.41785E-5 7.19747E-5 5.0931E-5 3.31949E-5 5.90191E-5 4.63286E-5 1.83089E-5 1.51414E-5 2.32137E-5 3.34347E-5 2.65562E-5 2.97487E-5 3.78248E-5 4.43854E-5 4.98783E-5 3.64772E-5 4.50068E-5 1.07611E-4 5.2235E-5 7.09509E-5 5.7226E-5 6.32182E-5 1.16821E-4 1.97682E-4 5.75075E-5 8.37557E-5 7.76148E-5 8.19169E-5
1.27152E-4 8.90483E-5 1.55653E-4 1.45011E-4 9.79748E-5 1.03463E-4 8.31195E-5 1.17397E-4 1.64307E-4 1.1953E-4 1.20534E-4 1.20828E-4 1.07171E-4 9.95822E-5 1.00215E-4 3.89844E-5 3.19313E-5 3.18041E-4 1.59612E-4 9.81765E-5 6.13858E-5 7.307E-5 8.65482E-5 9.06574E-5 7.67821E-5 9.28543E-5 8.75083E-5 8.50334E-5 1.28588E-4 1.46004E-4 1.90791E-4 1.66999E-4 7.95942E-5 5.28763E-5 2.70366E-5 4.18481E-5 2.86317E-5 2.96653E-5 7.22191E-5 6.58502E-5 3.07377E-5 3.46098E-5 3.64452E-5 4.38194E-5 9.9734E-6 1.32614E-5 2.35063E-5 1.01051E-5 2.41476E-5 9.51622E-6 8.42488E-6 7.96383E-6 1.02603E-5 3.14809E-5 4.48747E-5 3.95676E-5 1.27529E-4 6.18703E-5 4.07548E-5 3.85677E-5 7.12036E-5 9.47387E-5 7.35407E-5 1.00877E-4 5.01244E-5
1.12823E-4 1.54621E-4 1.86984E-4 1.95567E-4 1.9775E-4 1.2461E-4 1.08701E-4 1.14309E-4 1.18431E-4 1.07242E-4 1.38271E-4 9.94401E-5 9.62165E-5 7.59453E-5 9.32538E-5 9.04332E-5 6.65318E-5 1.01443E-4 1.25826E-4 7.07889E-6 4.03749E-5 6.28968E-5 5.81293E-5 6.2709E-5 5.4562E-5 1.06273E-4 1.48047E-4 1.26449E-4 9.86105E-5 1.42872E-4 1.37228E-4 1.27293E-4 6.42066E-5 3.6723E-5 1.34187E-5 2.28957E-5 2.57983E-5 2.69735E-5 3.4525E-5 5.09921E-5 4.50998E-5 4.7452E-5 6.22934E-5 3.92404E-5 8.92534E-6 9.72761E-6 1.78272E-5 7.74311E-6 1.19248E-5 1.2652E-5 1.33066E-5 1.49162E-5 5.40966E-6 7.07999E-6 3.53269E-5 2.4559E-5 5.0187E-5 5.46071E-5 9.87886E-5 8.22279E-5 9.95258E-5 1.68064E-4 5.76865E-5 6.06319E-5 7.23438E-5
1.30419E-4 1.73018E-4 1.86295E-4 5.74278E-4 4.18597E-4 3.74052E-4 1.20698E-4 1.39868E-4 1.28864E-4 1.24721E-4 1.15149E-4 1.55899E-4 1.21179E-4 4.24287E-4 2.92874E-4 1.65304E-4 1.85134E-4 1.66438E-4 6.47856E-5 1.77909E-5 1.56835E-5 4.16206E-5 6.4365E-5 4.81046E-5 8.43489E-5 1.35325E-4 2.89268E-4 7.81799E-5 7.60467E-5 4.56953E-4 5.16418E-4 1.42479E-4 9.92137E-5 3.35686E-5 2.47271E-5 4.36895E-5 3.34151E-5 3.84439E-5 2.74265E-5 4.14067E-5 3.95366E-5 4.22717E-5 3.77466E-5 4.96546E-5 2.1231E-5 9.21456E-6 7.93457E-6 1.10557E-5 5.46958E-6 2.04145E-5 1.06835E-5 1.27181E-5 5.80886E-6 6.10134E-6 6.9851E-6 1.46214E-5 1.67847E-5 5.95261E-5 3.12591E-5 1.71812E-4 2.68049E-4 2.23891E-4 6.74976E-5 8.8854E-5 6.08391E-5
1.2298E-4 1.46039E-4 1.92818E-4 8.73409E-4 3.87792E-4 1.81915E-4 1.83205E-4 1.646E-4 2.65815E-4 1.44563E-4 1.47228E-4 3.86594E-4 3.1331E-4 3.67813E-4 2.76899E-4 1.39265E-4 3.10625E-5 2.18611E-5 7.33991E-5 3.19879E-5 3.53871E-5 1.87309E-5 4.67137E-5 7.72047E-5 7.16266E-5 6.26009E-5 2.55944E-4 1.49635E-4 1.19877E-4 4.65969E-4 1.04418E-4 1.04444E-4 1.17167E-4 5.31203E-5 3.5855E-5 3.08637E-5 5.09407E-5 3.34304E-5 4.58407E-5 2.4186E-5 3.44333E-5 4.70605E-5 4.28993E-5 4.87548E-5 5.54974E-5 1.70366E-5 1.19694E-5 1.18481E-5 1.3404E-5 2.29824E-5 1.54028E-5 3.39361E-5 2.37387E-5 1.492E-5 7.47099E-6 1.45695E-5 2.07622E-5 4.79897E-5 4.54306E-5 3.03142E-5 7.89949E-5 4.78372E-5 8.0096E-5 6.85762E-5 4.68632E-5
1.31975E-4 1.47091E-4 1.53975E-4 4.56924E-4 1.84099E-3 2.66957E-4 1.23324E-4 2.87989E-4 1.61429E-4 1.5839E-4 1.40332E-4 1.47876E-4 3.85484E-4 1.27963E-4 2.16745E-4 1.28581E-4 5.36457E-5 7.97474E-5 7.41418E-5 4.85906E-5 3.2532E-5 3.99975E-5 5.73692E-5 9.94014E-5 7.83023E-5 5.6286E-5 1.71273E-4 2.43518E-4 2.67747E-4 1.52238E-4 2.02958E-4 8.80529E-5 9.52011E-5 8.26631E-5 8.12656E-5 3.78356E-5 6.3952E-5 4.32243E-5 4.62553E-5 4.45418E-5 4.73971E-5 4.4869E-5 3.54151E-5 4.22477E-5 2.64456E-5 3.19267E-5 6.98307E-5 4.09493E-5 3.81449E-5 5.65489E-5 4.65566E-5 4.0519E-5 1.11631E-5 3.09952E-5 2.74696E-5 2.37239E-5 3.13407E-5 6.53786E-5 6.74641E-5 8.84402E-5 1.04569E-4 3.58882E-5 8.36183E-5 8.025E-5 5.49201E-5
2.20374E-4 1.50602E-4 1.34142E-4 3.53054E-4 5.95364E-5 8.79946E-5 4.90989E-5 2.66498E-4 4.34452E-4 1.34001E-4 1.86467E-4 1.24649E-4 2.38926E-4 3.5785E-4 2.03228E-4 5.67005E-5 9.56087E-5 1.58462E-4 4.21303E-5 4.48308E-5 5.83923E-5 2.55581E-5 4.01296E-5 4.69033E-5 8.53065E-5 5.48421E-5 7.91545E-5 7.7192E-5 4.42735E-4 2.73163E-4 6.71222E-5 7.74977E-5 7.35525E-5 6.68586E-5 7.15948E-5 5.04994E-5 5.12537E-5 5.79198E-5 4.95219E-5 6.19478E-5 6.57518E-5 5.56152E-5 2.83604E-5 1.7412E-5 3.08378E-5 6.15663E-5 4.06743E-5 7.7841E-5 7.76197E-5 6.75431E-5 5.25255E-5 6.21974E-5 1.21958E-5 1.37173E-5 1.96787E-5 1.75647E-5 7.94656E-6 1.63414E-5 1.50364E-4 1.4465E-4 1.69915E-4 7.57352E-5 7.10029E-5 6.15769E-5 4.19533E-5
