catData/rasterBestHybridModels/Prubiginosus/RDbal_RM2_LQ/Prubiginosus_median.asc
ncols         409
nrows         350
xllcorner     60.897278365
yllcorner     5.843756025
cellsize      0.0892857
NODATA_value  -9999
[rows 145 to 173 of 350, columns 264 to 329 of 409]
6.6797E-5 1.2266E-4 9.55244E-5 6.67388E-5 8.48796E-5 1.09655E-4 6.53474E-5 5.04551E-5 5.98231E-5 6.24611E-5 8.37388E-5 4.47889E-5 6.05204E-5 6.55083E-5 4.86287E-5 6.70766E-5 4.45594E-5 4.26671E-5 3.31647E-5 6.7496E-5 5.88164E-5 5.25268E-5 5.93611E-5 7.55733E-5 7.1048E-5 6.8419E-5 7.29406E-5 7.54333E-5 7.10419E-5 4.05961E-5 3.8363E-5 5.3805E-5 2.06498E-5 1.10619E-5 2.6149E-5 1.09851E-5 3.76819E-5 1.6278E-5 9.02033E-6 1.42629E-5 5.1198E-5 2.21829E-5 2.10103E-5 5.12268E-6 1.53895E-5 8.47089E-6 6.32568E-6 4.45978E-5 4.98544E-5 3.41006E-5 2.13153E-5 1.23026E-5 6.36594E-6 1.39339E-5 2.62751E-5 2.47518E-5 1.66792E-5 7.42198E-6 2.71394E-5 3.81178E-5 1.47295E-5 4.47663E-6 5.60749E-6 6.08725E-6 2.09993E-5 1.94495E-5
5.84717E-5 7.824E-5 1.15943E-4 6.83945E-5 5.00122E-5 4.88376E-5 8.40086E-5 9.10746E-5 1.34426E-4 7.25819E-5 7.33548E-5 4.60673E-5 2.86148E-5 6.80991E-5 2.86726E-5 7.69829E-5 7.13922E-5 5.61516E-5 3.43004E-5 3.2912E-5 4.77207E-5 5.19669E-5 7.09524E-5 8.29567E-5 7.99895E-5 7.25556E-5 7.24648E-5 5.61831E-5 6.2831E-5 5.1153E-5 3.34044E-5 4.03734E-5 8.28778E-5 2.45914E-5 1.42319E-5 1.6174E-5 1.73072E-5 3.169E-5 1.00623E-5 2.11471E-5 6.06011E-5 3.40498E-5 1.47702E-5 9.80459E-6 5.13302E-6 9.44339E-6 6.49288E-6 1.47963E-5 1.6179E-5 1.76042E-5 1.31904E-5 4.3469E-5 2.32467E-5 1.4281E-5 6.21444E-6 1.55241E-5 5.69449E-6 1.67259E-5 5.53811E-5 4.23424E-5 2.84952E-5 1.00075E-5 5.09046E-6 4.7416E-6 1.30138E-5 3.57467E-5
4.4839E-5 6.21891E-5 3.69156E-5 3.16976E-5 8.423E-5 6.46727E-5 8.65987E-5 6.14591E-5 8.64438E-5 9.36925E-5 6.03454E-5 4.83137E-5 3.98996E-5 4.7887E-5 2.4049E-5 3.41972E-5 3.08062E-5 6.04785E-5 4.27314E-5 3.84295E-5 4.57329E-5 5.01202E-5 6.27806E-5 7.03292E-5 8.46264E-5 7.92861E-5 7.23912E-5 7.99257E-5 8.08554E-5 8.13992E-5 5.67427E-5 7.05925E-5 5.28224E-5 2.64633E-5 3.54722E-5 2.28262E-5 1.74371E-5 1.64984E-5 1.76606E-5 1.78416E-5 4.1372E-5 4.24759E-5 4.17492E-5 3.15846E-5 2.01449E-5 8.41503E-6 7.44758E-6 6.00897E-6 2.11907E-5 2.24049E-5 3.37272E-5 1.74314E-5 4.26397E-5 -9999 3.94705E-5 2.40415E-5 4.11856E-5 2.25619E-5 6.25844E-5 5.30129E-5 2.85251E-5 2.86942E-5 6.42147E-6 5.09923E-6 1.79323E-5 3.19097E-5
1.9615E-5 2.33767E-5 2.06894E-5 3.4071E-5 3.04276E-5 4.65614E-5 6.86197E-5 9.83675E-5 7.12256E-5 9.29062E-5 8.13629E-5 6.72522E-5 6.11387E-5 6.76484E-5 3.20927E-5 3.49795E-5 3.73997E-5 6.65998E-5 6.37575E-5 4.01486E-5 6.01941E-5 6.89116E-5 5.22532E-5 6.44782E-5 8.2413E-5 7.96526E-5 7.24108E-5 7.35523E-5 6.07827E-5 3.90706E-5 2.71491E-5 4.49487E-5 7.26874E-5 4.15282E-5 3.25953E-5 2.37428E-5 2.97589E-5 1.15867E-5 1.77392E-5 4.52036E-5 2.23746E-5 4.85903E-5 4.82453E-5 6.29464E-5 5.37028E-5 1.11036E-5 1.12308E-5 9.50008E-6 1.62504E-5 2.70512E-5 3.44851E-5 1.81056E-5 1.70737E-5 1.27668E-5 6.26257E-6 2.06044E-5 -9999 -9999 6.64473E-5 -9999 4.12404E-5 2.4204E-5 -9999 4.58141E-6 -9999 2.76241E-5
1.49358E-5 2.92002E-5 3.22685E-5 3.53838E-5 5.87656E-5 4.96488E-5 9.56662E-5 5.74191E-5 8.4405E-5 6.12065E-5 5.19295E-5 6.19727E-5 5.01729E-5 2.86222E-5 4.98747E-5 3.72204E-5 4.93179E-5 5.61205E-5 6.91776E-5 7.31259E-5 7.05012E-5 6.55212E-5 3.17475E-5 1.7791E-5 4.36266E-5 5.86361E-5 7.42441E-5 5.82284E-5 4.76862E-5 1.79569E-5 2.27456E-5 5.03143E-5 3.71198E-5 2.12699E-5 2.36058E-5 2.90603E-5 2.66675E-5 4.97113E-5 2.04987E-5 2.93903E-5 2.38202E-5 2.05688E-5 2.05948E-5 4.09697E-5 3.4489E-5 2.9103E-5 2.32611E-5 3.45823E-5 2.35021E-5 2.05256E-5 4.57485E-5 3.45759E-5 1.39778E-5 2.53708E-5 6.83602E-6 5.8531E-6 9.38166E-6 7.52357E-6 1.54648E-5 -9999 4.55767E-5 6.02565E-5 1.85456E-5 6.4712E-6 1.01235E-5 1.43853E-5
2.16301E-5 5.1875E-5 8.30773E-5 6.30132E-5 8.58486E-5 5.65511E-5 4.9918E-5 7.70727E-5 4.06776E-5 3.97393E-5 5.03053E-5 6.59255E-5 5.41192E-5 5.53184E-5 4.04188E-5 6.37661E-5 6.94929E-5 6.59879E-5 6.5575E-5 6.60246E-5 4.61421E-5 6.15015E-5 5.01002E-5 2.42576E-5 5.54876E-5 2.61931E-5 3.31612E-5 5.47827E-5 4.7139E-5 6.16044E-5 7.21521E-5 2.81719E-5 2.32654E-5 3.77515E-5 3.75115E-5 1.49064E-5 1.02769E-5 2.40799E-5 1.18058E-5 2.96991E-5 5.97329E-5 5.67368E-5 4.01567E-5 3.10923E-5 1.57598E-5 6.86695E-5 3.08269E-5 1.92514E-5 8.57339E-6 1.99247E-5 5.76953E-5 3.65367E-5 4.57112E-5 3.92897E-5 1.02843E-5 2.27521E-5 8.10859E-6 1.6343E-5 7.26118E-6 3.22979E-5 -9999 -9999 3.20089E-5 1.76465E-5 2.06854E-5 -9999
7.18253E-5 5.15851E-5 5.34714E-5 9.78231E-5 1.31675E-4 1.18038E-4 5.43449E-5 5.99891E-5 5.31734E-5 1.67199E-5 2.39972E-5 3.8296E-5 5.37844E-5 7.26358E-5 3.58203E-5 5.92649E-5 4.99599E-5 5.66272E-5 5.28343E-5 7.88972E-5 8.09274E-5 7.82607E-5 5.59343E-5 7.20276E-5 7.21929E-5 2.83541E-5 9.39951E-6 1.1644E-5 1.89811E-5 1.62579E-5 4.86225E-5 7.34595E-5 2.64126E-5 2.43147E-5 1.62293E-5 1.84344E-5 1.59465E-5 1.73671E-5 3.33504E-5 4.83562E-5 1.78884E-5 1.26547E-5 4.19944E-5 2.76356E-5 2.46582E-5 5.41814E-5 6.17447E-5 3.8999E-5 1.27684E-5 2.38324E-5 2.67748E-5 3.99956E-5 3.46566E-5 6.7345E-5 5.31472E-5 5.20131E-5 1.62302E-5 8.77265E-6 9.93187E-6 7.44402E-6 1.22421E-5 3.46419E-5 4.70338E-5 -9999 1.96468E-5 6.38945E-6
5.22008E-5 5.031E-5 5.84173E-5 5.97507E-5 5.76213E-5 7.51974E-5 7.39437E-5 7.77151E-5 7.98686E-5 6.85194E-5 6.84881E-5 6.04459E-5 6.99598E-5 7.36988E-5 1.57884E-5 4.42259E-5 3.63888E-5 4.37561E-5 5.39505E-5 8.16372E-5 8.28207E-5 5.98884E-5 6.57931E-5 3.88488E-5 3.01934E-5 4.80567E-5 3.55257E-5 1.3607E-5 1.2735E-5 1.13773E-5 2.27348E-5 3.21721E-5 1.50834E-5 1.72138E-5 1.24171E-5 1.55669E-5 9.73643E-6 1.91594E-5 3.50457E-5 8.1647E-6 1.70721E-5 5.2833E-5 4.02315E-5 2.80619E-5 3.99874E-5 3.36928E-5 7.30415E-5 1.87763E-5 8.83769E-6 7.60184E-6 1.51825E-5 1.33798E-5 1.84988E-5 1.18811E-5 2.72288E-5 2.0947E-5 1.47678E-5 7.09663E-6 6.75055E-6 1.0824E-5 1.36398E-5 1.20195E-5 1.97159E-5 3.18168E-5 2.18949E-5 1.22146E-5
6.00321E-5 4.32342E-5 6.86238E-5 4.80887E-5 6.07379E-5 5.1633E-5 4.87629E-5 5.32681E-5 6.0016E-5 6.82602E-5 6.57877E-5 4.451E-5 6.64325E-5 1.00534E-4 2.41882E-5 5.44756E-5 4.11077E-5 2.59468E-5 4.18436E-5 7.02454E-5 7.87684E-5 7.99545E-5 7.99467E-5 8.23336E-5 5.97935E-5 6.78104E-5 7.28747E-5 3.2644E-5 1.21261E-5 1.23607E-5 9.91036E-6 1.79866E-5 2.46489E-5 1.92716E-5 1.06409E-5 1.90043E-5 1.37198E-5 3.72126E-5 8.82754E-6 6.08461E-6 8.42308E-6 1.68918E-5 6.24334E-5 3.01525E-5 1.87845E-5 4.41144E-5 5.87529E-5 2.71586E-5 4.66353E-5 1.46884E-5 1.36096E-5 3.82774E-5 2.08073E-5 1.04399E-5 1.16309E-5 2.06048E-5 1.39817E-5 2.50622E-5 1.68878E-5 5.86728E-6 6.09719E-6 7.71999E-6 1.02929E-5 1.94508E-5 2.5333E-5 2.48226E-5
7.21661E-5 7.74861E-5 6.39735E-5 5.17487E-5 7.51569E-5 7.28676E-5 6.95607E-5 4.82465E-5 5.84954E-5 6.70615E-5 6.27022E-5 4.1939E-5 5.0741E-5 5.60734E-5 3.20405E-5 6.70895E-5 2.49587E-5 2.5147E-5 2.4836E-5 3.70075E-5 7.99175E-5 8.04699E-5 5.35533E-5 7.3641E-5 6.58518E-5 8.00222E-5 7.45278E-5 6.04537E-5 7.09536E-5 1.26777E-5 9.09935E-6 1.75196E-5 1.24462E-5 1.30872E-5 1.57583E-5 6.55797E-6 6.51039E-6 1.58472E-5 1.071E-5 7.58377E-6 9.65081E-6 1.97824E-5 4.94196E-5 3.88829E-5 2.23442E-5 3.58597E-5 5.43181E-5 6.38733E-5 5.14144E-5 5.74376E-5 2.38437E-5 1.46692E-5 2.44344E-5 1.93664E-5 2.94439E-5 4.11223E-5 2.29309E-5 2.13303E-5 1.9528E-5 1.79695E-5 9.90453E-6 7.38318E-6 4.1673E-6 1.45954E-5 1.25531E-5 1.3152E-5
8.78368E-5 6.36175E-5 6.3978E-5 8.07787E-5 7.62248E-5 7.46499E-5 9.01505E-5 7.17095E-5 6.05401E-5 6.63922E-5 4.23303E-5 8.5855E-5 5.84814E-5 6.57285E-5 4.14264E-5 6.87942E-5 2.82297E-5 2.17941E-5 3.19508E-5 3.32752E-5 8.03128E-5 8.48334E-5 8.73833E-5 9.05315E-5 7.00803E-5 8.44048E-5 8.36631E-5 8.3751E-5 6.80457E-5 2.05853E-5 1.31378E-5 7.23713E-6 1.05156E-5 1.08052E-5 1.34719E-5 2.58788E-5 4.46893E-5 3.17908E-5 2.41245E-5 1.32446E-5 1.27116E-5 2.20121E-5 1.81513E-5 2.5546E-5 3.45052E-5 1.98401E-5 1.61428E-5 5.37177E-5 4.70877E-5 2.19269E-5 2.04171E-5 1.44563E-5 1.99865E-5 1.6344E-5 2.39584E-5 5.71394E-5 2.93541E-5 2.43794E-5 1.90136E-5 3.27833E-5 3.09607E-5 1.37754E-5 7.15488E-6 8.69736E-6 8.70514E-6 5.92362E-6
4.30833E-5 4.3692E-5 2.82495E-5 4.70116E-5 3.6474E-5 4.74365E-5 4.7344E-5 4.99949E-5 7.63336E-5 6.88532E-5 6.0633E-5 9.7831E-5 6.30775E-5 4.72084E-5 3.19837E-5 6.43558E-5 7.17718E-5 5.30492E-5 6.38046E-5 7.09964E-5 8.06376E-5 8.54846E-5 6.88741E-5 9.11704E-5 6.46243E-5 6.37592E-5 4.73709E-5 2.13996E-5 1.70196E-5 2.01192E-5 1.53021E-5 2.00443E-5 3.18471E-5 1.70997E-5 1.40481E-5 5.17123E-5 3.47744E-5 5.61195E-5 4.2807E-5 2.19068E-5 1.27821E-5 7.83612E-6 1.08836E-5 2.32989E-5 3.07736E-5 2.1842E-5 9.25281E-6 5.75846E-5 2.0262E-5 4.88957E-5 5.1846E-5 2.49729E-5 2.02979E-5 1.60818E-5 6.50206E-6 3.33286E-5 2.3695E-5 1.12314E-5 1.35426E-5 1.51534E-5 2.02082E-5 1.39145E-5 1.51324E-5 5.29351E-6 4.69831E-6 3.62299E-6
4.64513E-5 4.79376E-5 4.20915E-5 5.31458E-5 3.25469E-5 1.86862E-5 2.6222E-5 5.35145E-5 8.10404E-5 6.82988E-5 8.8665E-5 9.23247E-5 7.98601E-5 4.51693E-5 4.69555E-5 7.17981E-5 8.1014E-5 7.82409E-5 6.04813E-5 6.14187E-5 8.29264E-5 7.61327E-5 7.55162E-5 9.23801E-5 9.48401E-5 5.27689E-5 1.94991E-5 1.93028E-5 7.55986E-6 1.68466E-5 6.1847E-6 9.677E-6 2.99816E-5 1.35393E-5 8.09539E-6 1.63402E-5 1.90333E-5 4.05849E-5 2.20184E-5 1.87675E-5 6.2182E-6 5.75547E-6 5.77746E-6 8.85898E-6 2.62057E-5 1.47738E-5 5.35632E-6 2.08754E-5 2.91421E-5 4.75386E-5 6.12568E-5 1.06792E-5 2.27962E-5 1.98808E-5 1.13484E-5 1.4551E-5 7.27892E-6 8.05103E-6 9.05004E-6 1.92761E-5 1.36842E-5 6.44585E-6 8.08421E-6 8.96667E-6 4.6702E-6 5.34348E-6
7.60871E-5 6.49524E-5 5.35277E-5 4.87888E-5 4.52495E-5 2.45119E-5 5.52846E-5 1.13157E-4 8.20861E-5 9.8863E-5 8.501E-5 7.01663E-5 6.10023E-5 2.83073E-5 3.10584E-5 7.48137E-5 6.28644E-5 4.53781E-5 6.21362E-5 4.37658E-5 4.17466E-5 5.73799E-5 6.28443E-5 6.54349E-5 7.10454E-5 5.40798E-5 3.22132E-5 3.77584E-5 2.74914E-5 2.11057E-5 9.51837E-6 7.60516E-6 1.04225E-5 6.07801E-6 5.94262E-6 6.75003E-6 2.21638E-5 1.63286E-5 2.30237E-5 8.97138E-6 5.75862E-6 6.50793E-6 1.12595E-5 1.25987E-5 1.23872E-5 6.9086E-6 1.2173E-5 6.21847E-6 2.67572E-5 6.0104E-5 5.14638E-5 2.49936E-5 1.7165E-5 1.47666E-5 8.72295E-6 1.49639E-5 1.54458E-5 1.01871E-5 1.31807E-5 1.27831E-5 1.75964E-5 2.42584E-5 1.06556E-5 5.56147E-6 7.95684E-6 -9999
1.29652E-4 7.11172E-5 5.89352E-5 5.94165E-5 4.83507E-5 3.33979E-5 4.20773E-5 9.42072E-5 6.48564E-5 1.14749E-4 9.4611E-5 6.08139E-5 6.34377E-5 4.50087E-5 4.43433E-5 4.89836E-5 7.63664E-5 4.31169E-5 7.14755E-5 6.90931E-5 6.11194E-5 3.63267E-5 4.96541E-5 2.83392E-5 4.00247E-5 3.99849E-5 2.17982E-5 1.65735E-5 2.4262E-5 1.14979E-5 1.51841E-5 1.99066E-5 1.40781E-5 1.52947E-5 9.65214E-6 8.19483E-6 7.37845E-6 1.54995E-5 1.29419E-5 5.74438E-6 6.52208E-6 1.09797E-5 1.48093E-5 1.22713E-5 1.68618E-5 2.2295E-5 9.96606E-6 8.94811E-6 2.52901E-5 2.3786E-5 5.51822E-5 3.38221E-5 2.23789E-5 1.58814E-5 2.69782E-5 1.35854E-5 5.47297E-5 3.2201E-5 2.36297E-5 2.60138E-5 1.57642E-5 1.44108E-5 1.13021E-5 6.03257E-6 1.24713E-5 6.37485E-6
7.17498E-5 7.92077E-5 6.12312E-5 5.35505E-5 3.03187E-5 3.59754E-5 1.13881E-4 8.44209E-5 6.59637E-5 7.9377E-5 7.90137E-5 7.69551E-5 4.68517E-5 2.32447E-5 4.03739E-5 6.10977E-5 6.00634E-5 7.45914E-5 5.06812E-5 7.99498E-5 7.7537E-5 5.63568E-5 5.05459E-5 3.55231E-5 6.37785E-5 2.84883E-5 1.35616E-5 2.28761E-5 2.64255E-5 1.29501E-5 1.02807E-5 1.02412E-5 6.31037E-6 9.76181E-6 6.32378E-6 5.07903E-6 7.29464E-6 1.24132E-5 4.67424E-6 3.95258E-6 6.3875E-6 6.10778E-6 6.61746E-6 3.10768E-5 1.25144E-5 7.21978E-6 1.72005E-5 8.76582E-6 1.36795E-5 3.60595E-5 3.33728E-5 2.83419E-5 2.16426E-5 2.76168E-5 2.41902E-5 1.01556E-5 2.32723E-5 9.81736E-6 7.27983E-6 2.44788E-5 1.88856E-5 7.43205E-6 8.79363E-6 1.58244E-5 2.68544E-5 2.54831E-5
7.56823E-5 1.0463E-4 9.96179E-5 6.87808E-5 2.80085E-5 8.18521E-5 5.20428E-5 5.22969E-5 9.09335E-5 7.82169E-5 7.61593E-5 8.9486E-5 3.71597E-5 2.42918E-5 2.609E-5 3.69839E-5 8.54878E-5 7.79686E-5 7.59143E-5 5.91993E-5 6.0145E-5 6.4907E-5 6.13205E-5 4.13803E-5 5.76702E-5 4.04502E-5 1.94334E-5 3.21157E-5 3.62498E-5 3.12738E-5 1.19037E-5 6.14789E-6 8.94607E-6 5.19495E-6 4.00153E-6 1.23297E-5 2.38383E-5 2.6135E-5 1.31107E-5 5.10379E-6 6.50163E-6 1.39352E-5 1.21201E-5 7.26151E-5 3.60083E-5 1.751E-5 1.35158E-5 8.22958E-6 1.81279E-5 1.70456E-5 7.12827E-5 4.97923E-5 1.94623E-5 1.84618E-5 3.37112E-5 1.6173E-5 2.0379E-5 1.27293E-5 1.25935E-5 1.6237E-5 5.90876E-5 4.37833E-5 1.97103E-5 3.90827E-5 1.8822E-5 1.88165E-5
6.39905E-5 5.73341E-5 1.40787E-4 7.21136E-5 4.70133E-5 9.15932E-5 5.28589E-5 6.89315E-5 1.18906E-4 8.32685E-5 6.01877E-5 4.72016E-5 5.44964E-5 8.36945E-5 3.38761E-5 4.73514E-5 4.53817E-5 5.93957E-5 7.61502E-5 7.50619E-5 5.86945E-5 8.06497E-5 7.13295E-5 7.01502E-5 3.33339E-5 4.01865E-5 1.86505E-5 1.53618E-5 2.35284E-5 2.33554E-5 1.00803E-5 4.98506E-6 5.65442E-6 4.91945E-6 1.13336E-5 1.78467E-5 5.56477E-6 1.00349E-5 1.1473E-5 7.26572E-6 6.86401E-6 7.97841E-6 4.11912E-5 8.59033E-5 3.60257E-5 1.27495E-5 1.92479E-5 6.43165E-5 3.76255E-5 1.06435E-5 3.51096E-5 6.50015E-5 3.10512E-5 3.93413E-5 6.52398E-5 3.06878E-5 1.41314E-5 2.33025E-5 1.16267E-5 8.54644E-6 4.74077E-5 6.12872E-5 6.69279E-5 5.23596E-5 3.58113E-5 2.90355E-5
5.76983E-5 1.05595E-4 6.62003E-5 5.77593E-5 7.73345E-5 4.97413E-5 5.24971E-5 8.94006E-5 9.53944E-5 7.58131E-5 7.60187E-5 7.32113E-5 9.17383E-5 7.08972E-5 3.82393E-5 4.86061E-5 4.553E-5 3.55428E-5 3.95665E-5 3.36148E-5 4.28924E-5 6.91503E-5 5.91478E-5 5.15412E-5 3.89948E-5 5.18539E-5 3.10251E-5 1.57903E-5 1.5353E-5 2.44298E-5 2.00894E-5 2.09015E-5 6.65047E-6 1.56134E-5 1.15933E-5 4.73148E-6 5.50147E-6 4.6504E-6 2.89544E-5 1.1015E-5 1.01293E-5 4.05914E-5 3.71568E-5 5.42532E-5 2.1913E-5 1.09509E-5 1.48933E-5 2.20904E-5 7.79159E-5 1.64196E-5 1.72942E-5 2.93026E-5 4.6113E-5 1.04089E-5 9.72696E-6 2.65616E-5 1.20198E-5 2.19882E-5 7.08913E-6 7.43564E-6 2.81179E-5 6.11806E-5 5.28042E-5 5.52476E-5 4.39278E-5 3.37524E-5
4.96102E-5 4.01967E-5 3.18262E-5 2.4713E-5 2.82249E-5 3.79584E-5 3.92326E-5 1.16295E-4 1.06916E-4 8.90633E-5 1.04394E-4 7.19661E-5 9.92777E-5 1.07416E-4 6.64199E-5 6.82246E-5 6.42773E-5 4.95376E-5 3.10576E-5 2.3398E-5 4.76484E-5 3.3055E-5 4.50925E-5 6.47458E-5 2.18116E-5 5.07459E-5 3.15967E-5 2.05698E-5 3.94272E-5 1.17898E-5 1.44765E-5 2.87637E-5 1.18815E-5 9.95515E-6 6.21246E-6 9.06379E-6 7.41631E-6 5.16189E-6 1.81269E-5 7.982E-6 2.17206E-5 2.0313E-5 1.65938E-5 1.66335E-5 1.51446E-5 2.00073E-5 2.37328E-5 2.39734E-5 4.23859E-5 2.12379E-5 1.29101E-5 1.2979E-5 2.94196E-5 3.29545E-5 7.7773E-6 2.20187E-5 5.29978E-5 3.89006E-5 1.74624E-5 1.8014E-5 5.08785E-5 8.21615E-5 7.33011E-5 4.54607E-5 4.35771E-5 2.8997E-5
5.27155E-5 3.63253E-5 3.11097E-5 3.17037E-5 2.47671E-5 3.68095E-5 3.26934E-5 5.93387E-5 7.67231E-5 6.43138E-5 8.00179E-5 9.92771E-5 1.23655E-4 1.29612E-4 1.87815E-4 1.08623E-4 5.74392E-5 4.67507E-5 4.81698E-5 3.17158E-5 4.21788E-5 5.58123E-5 2.38813E-5 2.73172E-5 7.19479E-5 6.49059E-5 5.4624E-5 1.68579E-5 4.58904E-5 2.42758E-5 1.97315E-5 3.39791E-5 1.40633E-5 6.82067E-6 1.03194E-5 3.97488E-6 6.41117E-6 8.40441E-6 2.89318E-5 2.0338E-5 2.89294E-5 1.65763E-5 1.59359E-5 2.37072E-5 1.05688E-5 1.63791E-5 1.55072E-5 2.02927E-5 7.05617E-6 1.1075E-5 2.11248E-5 3.17439E-5 3.88777E-5 7.34496E-5 1.18127E-5 2.94198E-5 4.34809E-5 4.49085E-5 5.58119E-5 3.99461E-5 -9999 1.06335E-4 7.35661E-5 4.68612E-5 3.68788E-5 3.12234E-5
3.45221E-5 4.327E-5 4.39159E-5 4.57057E-5 5.03434E-5 7.23486E-5 6.8796E-5 7.83216E-5 7.51993E-5 8.10809E-5 9.4595E-5 1.11493E-4 7.24226E-5 5.9629E-5 9.64271E-5 9.35681E-5 9.1016E-5 3.24523E-5 3.84735E-5 3.79002E-5 3.05834E-5 3.61111E-5 4.88762E-5 6.295E-5 7.49873E-5 5.36457E-5 4.90826E-5 3.74264E-5 2.8856E-5 1.48462E-5 1.5212E-5 1.23731E-5 9.78214E-6 2.17965E-5 1.46739E-5 7.89384E-6 1.35913E-5 1.53316E-5 2.62654E-5 3.41135E-5 4.98192E-5 4.10318E-5 3.40518E-5 4.4458E-5 2.20071E-5 8.61247E-6 1.09456E-5 1.48437E-5 7.06761E-6 6.73663E-6 1.81815E-5 3.97075E-5 2.96437E-5 4.59361E-5 3.92693E-5 3.55453E-5 3.00577E-5 3.4131E-5 4.08981E-5 4.57493E-5 -9999 1.21855E-4 5.99437E-5 5.95765E-5 4.17046E-5 2.31406E-5
2.58739E-5 3.40019E-5 4.74493E-5 3.84871E-5 6.54737E-5 6.91286E-5 6.23912E-5 7.56261E-5 7.33333E-5 8.16224E-5 5.77925E-5 4.71868E-5 9.20328E-5 8.70235E-5 8.48688E-5 7.48062E-5 9.92616E-5 6.75856E-5 2.91039E-5 1.97409E-5 2.8644E-5 2.62175E-5 2.97861E-5 5.58942E-5 4.71981E-5 6.38152E-5 4.78551E-5 4.76829E-5 9.11536E-5 3.20604E-5 3.81907E-5 2.00968E-5 2.31014E-5 3.98974E-5 2.13554E-5 2.56971E-5 4.91186E-5 4.90382E-5 5.09006E-5 5.6188E-5 3.58345E-5 6.16655E-5 1.29376E-5 1.32996E-5 1.95351E-5 6.69036E-6 1.48177E-5 1.08934E-5 1.30107E-5 1.6288E-5 5.10949E-5 3.63207E-5 5.15185E-5 2.98787E-5 4.20576E-5 3.1122E-5 2.66007E-5 3.07369E-5 4.14871E-5 6.18221E-5 7.76011E-5 9.41381E-5 -9999 5.77259E-5 4.31272E-5 1.89234E-5
5.32274E-5 5.28811E-5 5.70028E-5 6.43802E-5 7.86086E-5 8.45813E-5 9.97611E-5 7.762E-5 5.45848E-5 8.74429E-5 5.49207E-5 3.69458E-5 3.26298E-5 4.77442E-5 3.96412E-5 1.11804E-4 1.22474E-4 3.63127E-5 4.90072E-5 4.2785E-5 4.63967E-5 4.00808E-5 1.6784E-5 2.81031E-5 6.30159E-5 5.99329E-5 4.81552E-5 5.89546E-5 4.99253E-5 6.30355E-5 5.56694E-5 2.055E-5 2.53622E-5 4.82401E-5 1.92794E-5 9.21267E-6 2.87697E-5 8.8144E-5 1.31028E-4 1.09531E-4 7.07657E-5 -9999 8.15295E-6 5.71433E-6 1.02563E-5 1.10992E-5 1.75185E-5 3.36762E-5 2.25299E-5 3.36765E-5 4.83621E-5 2.68521E-5 2.86513E-5 3.74262E-5 2.8477E-5 2.50796E-5 2.03142E-5 3.39531E-5 4.40075E-5 6.4026E-5 -9999 5.08578E-5 3.55221E-5 3.33331E-5 2.36114E-5 1.49898E-5
1.02809E-4 6.15612E-5 6.49042E-5 9.53679E-5 1.00153E-4 7.10642E-5 1.20273E-4 9.24456E-5 8.87122E-5 9.44047E-5 4.61858E-5 6.54471E-5 4.58433E-5 5.11218E-5 4.58551E-5 4.83241E-5 4.01719E-5 3.51843E-5 7.9319E-5 6.19021E-5 5.48096E-5 5.31737E-5 5.33076E-5 5.7335E-5 2.46218E-5 4.85129E-5 1.73172E-5 2.02317E-5 6.50568E-5 2.96907E-5 2.5296E-5 3.95149E-5 1.99379E-5 3.90095E-5 1.06228E-5 8.09894E-6 4.10525E-5 3.00247E-5 5.7555E-5 5.31577E-5 -9999 7.215E-5 7.59775E-6 7.55426E-6 9.39808E-6 1.12256E-5 -9999 -9999 3.00625E-5 3.11312E-5 3.11157E-5 3.81439E-5 3.09414E-5 3.40209E-5 2.80639E-5 2.01696E-5 2.46321E-5 2.98094E-5 4.12508E-5 6.71822E-5 7.44209E-5 -9999 -9999 -9999 2.20033E-5 -9999
4.20038E-5 6.54869E-5 9.54578E-5 1.13308E-4 8.22206E-5 9.15256E-5 6.09884E-5 5.8961E-5 5.6935E-5 8.89362E-5 4.63752E-5 5.69048E-5 5.07963E-5 7.61943E-5 4.46722E-5 5.74103E-5 5.5375E-5 2.42793E-5 4.12591E-5 5.81519E-5 5.71573E-5 7.41439E-5 7.91111E-5 8.28005E-5 2.5714E-5 4.27893E-5 6.02704E-5 2.26746E-5 3.99911E-5 3.7564E-5 1.93623E-5 1.43989E-5 5.0451E-5 2.56063E-5 2.23048E-5 4.28232E-5 1.5008E-5 9.57267E-6 1.07537E-5 -9999 -9999 -9999 1.28997E-5 1.36605E-5 6.53296E-6 1.7813E-5 1.56887E-5 -9999 2.52589E-5 2.73904E-5 2.63968E-5 -9999 2.87161E-5 2.34691E-5 -9999 1.75286E-5 -9999 -9999 3.88738E-5 4.8479E-5 -9999 -9999 5.56729E-5 4.0862E-5 3.0386E-5 -9999
3.3459E-5 1.09646E-4 1.3661E-4 1.19668E-4 9.64982E-5 7.91689E-5 7.19538E-5 6.10211E-5 6.51536E-5 1.00551E-4 5.70737E-5 6.77816E-5 7.60444E-5 9.45774E-5 5.57018E-5 6.57184E-5 3.8126E-5 3.49954E-5 5.977E-5 8.82314E-5 8.27588E-5 8.02157E-5 6.29522E-5 3.8808E-5 2.45571E-5 2.27958E-5 4.95707E-5 4.20211E-5 3.87134E-5 3.626E-5 2.45316E-5 5.41973E-5 2.6041E-5 2.05103E-5 1.97975E-5 4.98482E-5 1.64897E-5 2.57702E-5 -9999 -9999 -9999 4.84358E-5 1.49237E-5 8.97046E-6 -9999 -9999 2.15251E-5 -9999 2.107E-5 1.82765E-5 1.82489E-5 -9999 -9999 2.06642E-5 -9999 1.50332E-5 -9999 2.57397E-5 -9999 -9999 -9999 -9999 -9999 -9999 -9999 -9999
8.97268E-5 1.17873E-4 1.2461E-4 1.39207E-4 8.79272E-5 7.981E-5 9.5719E-5 7.04647E-5 9.95894E-5 1.33065E-4 4.05905E-5 5.2623E-5 5.09288E-5 8.80501E-5 4.43374E-5 6.6293E-5 4.76171E-5 4.24447E-5 9.02825E-5 6.50095E-5 5.97529E-5 6.23398E-5 4.99362E-5 2.82199E-5 2.87224E-5 2.62512E-5 4.16894E-5 3.52621E-5 1.53324E-5 1.63996E-5 2.64507E-5 6.38548E-5 2.12502E-5 1.4322E-5 2.15563E-5 5.72614E-5 6.28757E-5 -9999 -9999 -9999 2.34347E-5 -9999 1.21582E-5 -9999 -9999 2.98129E-5 -9999 -9999 -9999 1.5907E-5 1.7664E-5 1.66568E-5 -9999 -9999 -9999 -9999 -9999 -9999 -9999 -9999 -9999 -9999 -9999 -9999 -9999 -9999
1.15876E-4 8.45105E-5 1.43889E-4 8.88094E-5 5.94682E-5 8.81802E-5 1.38507E-4 1.03423E-4 1.00306E-4 9.24888E-5 6.4955E-5 7.03236E-5 6.32779E-5 6.66904E-5 3.94876E-5 2.28832E-5 3.89187E-5 2.35582E-5 6.75957E-5 5.56391E-5 6.05905E-5 6.6192E-5 2.40244E-5 1.85257E-5 3.54868E-5 1.65121E-5 1.06293E-5 1.25612E-5 1.9345E-5 2.59668E-5 2.06485E-5 2.59607E-5 5.8811E-5 -9999 -9999 -9999 -9999 -9999 -9999 -9999 -9999 -9999 -9999 -9999 -9999 2.62013E-5 -9999 -9999 -9999 -9999 -9999 -9999 -9999 -9999 -9999 -9999 -9999 -9999 -9999 -9999 -9999 -9999 -9999 -9999 -9999 -9999
