catData/rasterBestHybridModels/Prubiginosus/RDbal_RM2_LQ/Prubiginosus_median.asc
ncols         409
nrows         350
xllcorner     60.897278365
yllcorner     5.843756025
cellsize      0.0892857
NODATA_value  -9999
[rows 87 to 115 of 350, columns 264 to 329 of 409]
-9999 -9999 -9999 -9999 -9999 -9999 -9999 -9999 -9999 -9999 -9999 -9999 -9999 -9999 -9999 -9999 -9999 -9999 -9999 -9999 -9999 -9999 -9999 -9999 -9999 -9999 -9999 -9999 -9999 -9999 -9999 -9999 -9999 -9999 -9999 -9999 -9999 -9999 -9999 -9999 -9999 -9999 -9999 -9999 -9999 -9999 -9999 -9999 -9999 -9999 -9999 -9999 -9999 -9999 -9999 -9999 -9999 -9999 -9999 -9999 -9999 -9999 -9999 -9999 -9999 -9999
-9999 -9999 -9999 -9999 -9999 -9999 -9999 -9999 -9999 -9999 -9999 -9999 -9999 -9999 -9999 -9999 -9999 -9999 -9999 -9999 -9999 -9999 -9999 -9999 -9999 -9999 -9999 -9999 -9999 -9999 -9999 -9999 -9999 -9999 -9999 -9999 -9999 -9999 -9999 -9999 -9999 -9999 -9999 -9999 -9999 -9999 -9999 -9999 -9999 -9999 -9999 -9999 -9999 -9999 -9999 -9999 -9999 -9999 -9999 -9999 -9999 -9999 -9999 -9999 -9999 -9999
-9999 -9999 -9999 -9999 -9999 -9999 -9999 -9999 -9999 -9999 -9999 -9999 -9999 -9999 -9999 -9999 -9999 -9999 -9999 -9999 -9999 -9999 -9999 -9999 -9999 -9999 -9999 -9999 -9999 -9999 -9999 -9999 -9999 -9999 -9999 -9999 -9999 -9999 -9999 -9999 -9999 -9999 -9999 -9999 -9999 -9999 -9999 -9999 -9999 -9999 -9999 -9999 -9999 -9999 -9999 -9999 -9999 -9999 -9999 -9999 -9999 -9999 -9999 -9999 -9999 -9999
-9999 -9999 -9999 -9999 -9999 -9999 -9999 -9999 -9999 -9999 -9999 -9999 -9999 -9999 -9999 -9999 -9999 -9999 -9999 -9999 -9999 -9999 -9999 -9999 -9999 -9999 -9999 -9999 -9999 -9999 -9999 -9999 -9999 -9999 -9999 -9999 -9999 -9999 -9999 -9999 -9999 -9999 -9999 -9999 -9999 -9999 -9999 -9999 -9999 -9999 -9999 -9999 -9999 -9999 -9999 -9999 -9999 -9999 -9999 -9999 -9999 -9999 -9999 -9999 -9999 -9999
-9999 -9999 -9999 -9999 -9999 -9999 -9999 -9999 -9999 -9999 -9999 -9999 -9999 -9999 -9999 -9999 -9999 -9999 -9999 -9999 -9999 -9999 -9999 -9999 -9999 -9999 -9999 -9999 -9999 -9999 -9999 -9999 -9999 -9999 -9999 -9999 -9999 -9999 -9999 -9999 -9999 -9999 -9999 -9999 -9999 -9999 -9999 -9999 -9999 -9999 -9999 -9999 -9999 -9999 -9999 -9999 -9999 -9999 -9999 -9999 -9999 -9999 -9999 -9999 -9999 -9999
-9999 -9999 -9999 -9999 -9999 -9999 -9999 -9999 -9999 -9999 -9999 -9999 -9999 -9999 -9999 -9999 -9999 -9999 -9999 -9999 -9999 -9999 -9999 -9999 -9999 -9999 -9999 -9999 -9999 -9999 -9999 -9999 -9999 -9999 -9999 -9999 -9999 -9999 -9999 -9999 -9999 -9999 -9999 -9999 -9999 -9999 -9999 -9999 -9999 -9999 -9999 -9999 -9999 -9999 -9999 -9999 -9999 -9999 -9999 -9999 -9999 -9999 -9999 -9999 -9999 -9999
9.1822E-7 1.93627E-6 -9999 -9999 -9999 -9999 -9999 -9999 -9999 -9999 -9999 -9999 -9999 -9999 -9999 -9999 -9999 -9999 -9999 -9999 -9999 -9999 -9999 -9999 -9999 -9999 -9999 -9999 -9999 -9999 -9999 -9999 -9999 -9999 -9999 -9999 -9999 -9999 -9999 -9999 -9999 -9999 -9999 -9999 -9999 -9999 -9999 -9999 -9999 -9999 -9999 -9999 -9999 -9999 -9999 -9999 -9999 -9999 -9999 -9999 -9999 -9999 -9999 -9999 -9999 -9999
1.90007E-6 2.714E-6 1.71961E-6 -9999 -9999 -9999 1.75645E-6 3.11369E-6 -9999 -9999 -9999 -9999 -9999 -9999 -9999 -9999 -9999 -9999 -9999 -9999 -9999 -9999 -9999 -9999 -9999 -9999 -9999 -9999 -9999 -9999 -9999 -9999 -9999 -9999 -9999 -9999 -9999 -9999 -9999 -9999 -9999 -9999 -9999 -9999 -9999 -9999 -9999 -9999 -9999 -9999 -9999 -9999 -9999 -9999 -9999 -9999 -9999 -9999 -9999 -9999 -9999 -9999 -9999 -9999 -9999 -9999
1.5346E-6 2.12214E-6 3.87097E-6 5.82057E-6 4.56103E-6 1.27717E-6 2.3383E-6 4.17922E-6 -9999 -9999 -9999 -9999 -9999 -9999 -9999 -9999 -9999 -9999 -9999 -9999 -9999 -9999 -9999 -9999 -9999 -9999 -9999 -9999 -9999 -9999 -9999 -9999 -9999 -9999 -9999 -9999 -9999 -9999 -9999 -9999 -9999 -9999 -9999 -9999 -9999 -9999 -9999 -9999 -9999 -9999 -9999 -9999 -9999 -9999 -9999 -9999 -9999 -9999 -9999 -9999 -9999 -9999 -9999 -9999 -9999 -9999
3.5444E-6 1.25168E-6 2.24101E-6 8.99757E-6 1.17358E-5 7.78971E-6 3.9748E-6 3.01999E-6 -9999 -9999 -9999 -9999 -9999 -9999 -9999 -9999 -9999 -9999 -9999 -9999 -9999 -9999 -9999 -9999 -9999 -9999 -9999 -9999 -9999 -9999 -9999 -9999 -9999 -9999 -9999 -9999 -9999 -9999 -9999 -9999 -9999 -9999 -9999 -9999 -9999 -9999 -9999 -9999 -9999 -9999 -9999 -9999 -9999 -9999 -9999 -9999 -9999 -9999 -9999 -9999 -9999 -9999 -9999 -9999 -9999 -9999
7.17633E-6 5.20808E-6 2.27572E-6 4.59714E-6 2.22343E-5 7.87535E-6 9.14933E-7 -9999 -9999 -9999 -9999 -9999 -9999 -9999 -9999 -9999 -9999 -9999 -9999 -9999 -9999 -9999 -9999 -9999 -9999 -9999 -9999 -9999 -9999 -9999 -9999 -9999 -9999 -9999 -9999 -9999 -9999 -9999 -9999 -9999 -9999 -9999 -9999 -9999 -9999 -9999 -9999 -9999 -9999 -9999 -9999 -9999 -9999 -9999 -9999 -9999 -9999 -9999 -9999 -9999 -9999 -9999 -9999 -9999 -9999 -9999
2.2206E-5 1.03722E-5 3.00662E-5 3.28731E-5 3.97726E-5 1.50184E-5 5.19304E-6 3.08323E-6 2.73535E-6 -9999 -9999 5.04668E-6 -9999 -9999 -9999 -9999 -9999 -9999 -9999 -9999 -9999 -9999 -9999 -9999 -9999 -9999 -9999 -9999 -9999 -9999 -9999 -9999 -9999 -9999 -9999 -9999 -9999 -9999 -9999 -9999 -9999 -9999 -9999 -9999 -9999 -9999 -9999 -9999 -9999 -9999 -9999 -9999 -9999 -9999 -9999 -9999 -9999 -9999 -9999 -9999 -9999 1.5318E-7 1.10975E-7 -9999 5.32171E-8 2.57764E-8
2.2914E-5 2.35669E-5 4.50777E-5 4.08871E-5 4.68812E-5 3.26543E-5 3.65823E-5 2.76637E-5 1.59561E-5 2.89012E-5 1.85775E-5 1.01808E-5 6.78984E-6 2.40958E-6 -9999 -9999 -9999 -9999 -9999 -9999 -9999 -9999 -9999 -9999 -9999 -9999 -9999 -9999 -9999 -9999 -9999 -9999 -9999 -9999 -9999 -9999 -9999 -9999 -9999 -9999 -9999 -9999 -9999 -9999 -9999 -9999 -9999 -9999 -9999 -9999 -9999 -9999 -9999 -9999 -9999 -9999 -9999 -9999 -9999 -9999 1.58351E-7 4.84743E-8 4.10626E-8 4.06478E-8 1.79991E-8 1.06394E-8
1.12718E-4 3.21791E-5 3.19386E-5 3.91798E-5 4.91968E-5 2.36297E-5 3.50184E-5 2.24866E-5 2.82628E-5 2.76892E-5 1.33751E-5 4.60095E-6 7.16315E-6 4.91213E-6 3.62898E-6 2.999E-6 3.62013E-6 -9999 5.34699E-6 -9999 -9999 -9999 -9999 -9999 8.01916E-7 -9999 -9999 -9999 -9999 -9999 -9999 -9999 -9999 -9999 -9999 -9999 -9999 -9999 -9999 -9999 -9999 -9999 -9999 -9999 -9999 -9999 3.76499E-6 -9999 -9999 -9999 -9999 -9999 -9999 -9999 -9999 -9999 -9999 1.07415E-6 1.21947E-6 6.37215E-7 2.4045E-7 2.01783E-7 1.48473E-7 1.69285E-7 8.15426E-8 4.781E-8
7.31517E-5 5.9897E-5 9.12628E-5 1.23222E-4 1.09244E-4 4.9101E-5 3.65706E-5 3.35726E-5 4.38689E-5 2.059E-5 2.16027E-5 5.27613E-5 3.27151E-5 2.33533E-5 1.20469E-5 1.09182E-5 2.82118E-5 -9999 5.2879E-6 1.77772E-5 -9999 -9999 -9999 1.26022E-6 1.40808E-6 1.33495E-6 1.30207E-6 -9999 -9999 -9999 -9999 -9999 -9999 -9999 -9999 -9999 -9999 -9999 -9999 -9999 -9999 -9999 -9999 -9999 4.27496E-6 1.99281E-6 4.31653E-6 2.57517E-6 -9999 -9999 -9999 -9999 -9999 -9999 -9999 2.7246E-6 1.93169E-6 1.5131E-6 2.06623E-6 1.2514E-6 4.68129E-7 7.24245E-7 6.82118E-7 4.98463E-7 2.31773E-7 8.31721E-8
6.95499E-5 7.03517E-5 7.18686E-5 1.29367E-4 3.86531E-5 3.56564E-5 3.23672E-5 4.91155E-5 3.93618E-5 3.37862E-5 3.66529E-5 3.1302E-5 3.91644E-5 2.86344E-5 3.207E-5 1.80899E-5 3.41492E-5 1.34334E-5 5.88675E-6 2.05154E-5 1.02206E-5 5.47027E-6 2.14369E-6 2.46032E-6 6.17462E-6 2.60667E-6 1.95235E-6 9.66253E-7 8.10919E-7 3.5093E-7 -9999 -9999 -9999 -9999 -9999 -9999 -9999 -9999 -9999 1.57997E-6 -9999 1.42729E-6 2.35783E-6 2.15046E-6 2.94361E-6 3.64223E-6 2.20235E-6 1.60581E-6 2.29931E-6 -9999 -9999 -9999 -9999 -9999 4.39191E-6 3.63761E-6 2.86276E-6 2.32377E-6 2.77425E-6 2.25467E-6 7.17366E-7 7.95656E-7 9.76169E-7 4.10088E-7 1.89065E-7 9.78807E-8
5.40641E-5 2.21954E-4 6.33866E-5 6.60774E-5 6.60835E-5 6.27888E-5 4.2728E-5 3.10973E-5 3.63219E-5 3.38636E-5 5.05813E-5 9.44733E-5 4.23158E-5 3.86243E-5 8.71481E-5 8.35016E-5 7.52329E-5 2.39148E-5 4.22009E-5 2.66963E-5 1.28231E-5 6.16761E-6 2.54646E-6 2.57443E-6 8.89695E-6 1.0386E-5 5.6662E-6 2.21475E-6 1.21012E-6 1.23295E-6 3.31146E-6 1.80609E-5 2.83625E-5 2.88046E-5 9.0603E-6 5.02383E-6 4.93277E-6 4.48998E-6 3.42539E-6 1.54686E-6 9.67525E-7 9.71209E-7 2.78738E-6 4.86275E-6 6.9681E-6 1.03131E-5 3.96075E-6 6.30085E-6 3.28076E-6 1.47549E-6 -9999 -9999 -9999 -9999 4.25071E-6 4.14421E-6 3.0868E-6 3.41349E-6 4.82152E-6 2.78877E-6 1.48326E-6 1.23228E-6 1.61918E-6 8.06196E-7 3.14544E-7 2.44147E-7
1.53418E-4 2.12897E-4 1.31657E-4 1.34025E-4 5.39428E-5 6.85194E-5 5.84333E-5 2.85298E-5 5.05834E-5 9.28611E-5 4.72705E-5 6.51722E-5 1.03133E-4 6.90449E-5 1.03506E-4 6.17415E-5 8.44942E-5 5.67972E-5 4.75979E-5 4.76253E-5 2.81654E-5 1.68948E-5 8.42873E-6 6.89646E-6 1.34718E-5 1.29037E-5 3.96586E-6 2.85867E-6 2.58449E-6 3.54453E-6 8.22243E-6 1.96352E-5 2.66536E-5 3.1292E-5 1.39915E-5 6.81211E-6 4.99524E-6 6.57678E-6 5.24394E-6 2.46254E-6 9.87591E-7 6.34492E-7 1.93466E-6 2.55152E-6 6.1541E-6 9.39758E-6 5.59649E-6 7.51419E-6 7.12118E-6 -9999 -9999 -9999 -9999 4.50295E-6 4.23857E-6 3.76636E-6 2.84668E-6 3.16318E-6 5.57255E-6 4.32927E-6 2.82477E-6 1.55892E-6 1.33098E-6 1.17828E-6 7.95562E-7 6.53927E-7
7.41837E-5 1.27319E-4 1.40838E-4 2.79841E-4 1.15971E-4 8.46243E-5 6.64609E-5 6.67391E-5 3.97538E-5 2.76884E-5 9.88313E-6 3.0818E-5 4.4498E-5 1.26593E-4 1.18317E-4 5.99486E-5 6.33526E-5 1.03717E-4 6.40832E-5 6.54392E-5 3.17681E-5 2.18246E-5 3.14397E-5 1.86532E-5 2.67567E-5 3.85995E-5 1.47675E-5 1.86152E-5 1.03263E-5 1.25571E-5 1.91436E-5 3.94204E-5 1.19562E-4 2.30698E-5 7.44487E-6 4.75784E-6 1.46096E-5 1.80385E-5 2.31165E-5 4.50884E-6 7.07733E-7 8.31807E-7 3.11133E-6 1.33014E-5 7.53276E-5 9.40791E-5 5.22106E-5 2.07374E-5 1.04048E-5 -9999 -9999 -9999 6.85712E-6 6.09377E-6 5.05311E-6 3.34087E-6 2.81537E-6 1.97025E-6 3.62809E-6 9.50686E-6 7.94127E-6 6.34155E-6 1.57384E-6 1.69465E-6 1.59019E-6 1.18803E-6
1.23705E-4 1.24985E-4 5.76648E-5 1.39573E-4 1.33691E-4 1.21225E-4 1.07343E-4 1.02542E-4 2.28147E-4 2.21482E-5 3.00629E-5 4.16773E-5 4.40117E-5 4.3075E-5 3.15967E-5 1.98268E-5 2.76269E-5 3.14715E-5 5.28116E-5 1.07578E-4 1.02647E-4 5.57375E-5 7.03046E-5 3.45196E-5 4.98886E-5 5.08901E-5 2.84711E-5 2.81542E-5 2.63455E-5 6.31548E-5 1.04393E-4 2.99638E-4 2.72818E-4 1.19589E-4 3.85269E-5 1.97219E-5 1.40227E-5 2.56108E-5 1.51321E-5 3.13022E-5 3.0856E-6 9.65644E-6 4.76012E-5 8.03995E-5 1.74704E-4 2.03255E-5 3.29645E-5 1.23508E-4 7.39462E-6 -9999 -9999 7.93511E-6 4.88833E-6 6.68504E-6 6.47266E-6 4.78657E-6 4.17109E-6 6.0809E-6 7.87589E-6 1.36672E-5 1.24675E-5 8.00857E-6 4.8956E-6 1.79708E-6 2.76025E-6 2.44503E-6
1.2761E-4 1.04201E-4 1.01904E-4 1.16709E-4 1.09168E-4 1.21775E-4 1.27326E-4 1.08546E-4 6.45945E-5 4.29333E-5 3.0829E-5 2.93463E-5 2.53662E-5 3.64236E-5 3.98986E-5 4.55747E-5 3.18452E-5 3.37555E-5 3.38454E-5 2.95476E-5 3.00776E-5 3.85596E-5 7.89656E-5 7.22803E-5 1.87764E-4 2.74529E-4 1.72958E-4 1.6982E-4 1.75802E-4 3.72363E-5 5.40999E-5 3.99967E-5 3.29328E-5 1.9492E-5 2.16815E-5 4.04613E-5 3.64962E-5 3.2654E-5 2.38605E-5 8.60726E-5 8.72961E-6 9.76492E-6 1.29239E-5 1.67427E-5 3.72563E-5 5.04192E-5 3.65171E-5 8.61815E-5 -9999 -9999 9.17373E-6 7.1417E-6 4.9243E-6 4.47419E-6 8.52278E-6 1.04802E-5 8.70233E-6 1.11139E-5 9.86485E-6 1.20627E-5 1.11413E-5 6.52458E-6 4.36746E-6 4.22071E-6 3.76338E-6 3.93011E-6
5.13134E-5 4.93349E-5 9.8001E-5 5.28937E-5 5.0359E-5 5.99407E-5 8.75429E-5 1.15567E-4 6.34062E-5 1.39058E-4 1.36961E-4 5.19295E-5 3.61496E-5 3.43314E-5 3.20256E-5 4.2925E-5 5.03505E-5 4.45207E-5 5.20464E-5 5.08912E-5 3.21797E-5 2.94337E-5 4.11224E-5 4.21721E-5 3.56003E-5 4.88834E-5 3.06401E-5 2.2016E-4 3.37008E-5 6.43938E-5 7.00254E-5 4.73561E-5 3.60663E-5 2.93524E-5 3.3334E-5 5.38075E-5 4.7086E-5 4.05349E-5 2.94721E-5 2.09109E-5 1.56197E-5 2.1333E-5 2.78933E-5 2.9948E-5 4.15081E-5 5.09943E-5 4.28248E-5 1.90292E-5 3.44261E-5 -9999 8.07799E-6 9.04094E-6 6.83685E-6 7.43497E-6 1.20837E-5 1.33302E-5 2.6078E-5 2.42889E-5 1.41137E-5 1.50439E-5 4.10944E-5 1.60215E-5 4.61275E-6 5.57464E-6 4.55551E-6 2.49107E-6
3.47359E-5 1.75876E-5 4.16696E-5 1.17445E-4 4.86046E-5 5.32517E-5 5.58256E-5 1.00083E-4 4.97032E-5 4.87674E-5 8.80092E-5 6.53073E-5 1.4776E-4 1.36527E-4 3.04431E-4 3.98115E-5 5.61926E-5 5.71809E-5 5.64396E-5 5.78525E-5 5.18876E-5 4.80777E-5 5.23877E-5 5.09668E-5 6.17362E-5 5.30619E-5 4.67952E-5 4.00806E-5 4.22016E-5 6.03566E-5 7.86834E-5 7.67618E-5 5.30971E-5 3.92085E-5 4.6011E-5 5.37058E-5 6.01363E-5 5.40618E-5 4.57982E-5 2.95324E-5 2.6519E-5 3.63473E-5 4.70437E-5 3.4306E-5 5.13648E-5 4.04061E-5 5.17837E-5 2.60676E-5 1.54961E-5 3.71709E-5 1.34589E-5 1.02964E-5 9.57011E-6 9.67644E-6 9.50239E-6 2.35563E-5 3.36398E-5 2.30619E-5 1.05944E-5 1.07639E-5 1.23091E-5 1.57138E-5 3.69809E-5 1.87855E-5 1.42839E-5 4.29568E-6
7.36807E-6 6.5254E-6 1.65485E-5 2.80258E-5 5.65541E-5 1.08474E-4 5.16967E-5 1.08357E-4 5.95396E-5 6.94961E-5 5.25762E-5 3.32715E-5 9.71357E-5 9.86187E-5 1.29085E-4 3.14092E-4 3.04123E-4 4.02881E-5 2.30723E-4 3.82263E-5 4.00198E-5 5.93702E-5 6.06806E-5 3.66148E-5 4.40204E-5 4.02864E-5 3.4571E-5 3.28441E-5 4.35593E-5 5.15487E-5 7.10686E-5 7.22363E-5 4.92889E-5 3.98238E-5 4.674E-5 4.40363E-5 7.54056E-5 5.82357E-5 3.45481E-5 2.88822E-5 2.65977E-5 3.4764E-5 4.94632E-5 4.56187E-5 5.57846E-5 6.28438E-5 6.07921E-5 4.38854E-5 3.07817E-5 2.80177E-5 1.175E-4 2.72174E-5 4.96799E-5 3.30157E-5 2.71216E-5 2.53504E-5 4.11673E-5 2.02044E-5 2.4053E-5 3.40759E-5 4.07133E-5 1.99588E-5 4.98702E-5 5.18016E-5 2.31091E-5 7.76314E-6
6.74849E-6 1.65692E-5 1.49019E-5 1.07321E-5 2.85861E-6 2.08778E-5 3.44969E-5 1.11124E-4 1.13027E-4 1.16739E-4 6.52114E-5 5.80194E-5 5.05041E-5 4.71419E-5 4.72676E-5 5.59085E-5 1.28679E-4 1.06723E-4 1.95975E-4 2.85419E-5 3.5395E-5 6.16777E-5 4.66763E-5 3.69259E-5 3.46209E-5 4.54149E-5 4.66544E-5 4.11083E-5 5.46971E-5 6.29817E-5 5.07784E-5 4.25442E-5 3.49347E-5 4.76593E-5 6.68094E-5 5.70925E-5 7.67774E-5 5.02782E-5 3.53282E-5 2.62778E-5 2.47844E-5 3.63818E-5 5.62783E-5 5.83074E-5 6.37842E-5 6.07907E-5 4.78335E-5 3.11975E-5 3.09482E-5 4.39568E-5 2.93588E-5 6.97918E-5 2.54279E-5 2.0825E-5 2.0727E-5 3.08929E-5 3.73636E-5 4.11014E-5 4.15011E-5 2.07864E-5 2.04899E-5 2.34019E-5 4.78644E-5 6.6521E-5 4.94228E-5 3.84319E-5
1.70243E-5 3.8957E-5 4.49971E-5 4.06786E-5 2.39729E-5 8.59629E-6 1.60474E-5 5.93568E-6 3.24132E-5 2.64865E-5 4.56336E-5 7.73932E-5 5.32309E-5 3.13595E-5 4.33542E-5 3.65517E-5 4.01146E-5 4.01957E-5 4.68712E-5 5.70996E-5 2.53916E-4 6.41881E-5 4.58551E-5 3.79896E-5 3.3945E-5 4.81299E-5 5.8979E-5 3.57113E-5 4.41437E-5 5.8914E-5 6.88041E-5 5.21167E-5 4.58881E-5 5.85377E-5 3.84682E-5 5.37573E-5 5.31506E-5 4.00331E-5 3.71621E-5 3.4516E-5 3.2489E-5 3.6478E-5 3.76815E-5 4.54489E-5 6.56068E-5 5.76326E-5 4.46343E-5 4.24546E-5 4.44831E-5 6.01263E-5 4.09741E-5 2.86793E-5 1.91268E-4 1.00291E-4 7.53155E-5 8.5079E-5 9.70873E-5 3.45639E-5 2.36035E-5 2.08194E-5 5.91226E-5 7.57139E-5 1.22775E-4 1.56452E-4 8.29174E-5 7.57289E-5
9.02396E-6 2.34376E-5 2.45893E-5 3.69157E-5 2.36401E-5 1.25334E-5 1.02262E-5 1.3824E-5 2.0741E-5 1.56087E-5 1.40906E-5 3.31224E-5 1.41079E-5 3.02187E-5 2.60497E-5 3.02079E-5 3.31171E-5 4.50126E-5 5.10593E-5 5.06174E-5 4.92586E-5 4.84902E-5 2.63097E-4 6.54214E-5 4.46456E-5 4.67325E-5 6.23147E-5 5.45909E-5 5.51898E-5 4.48802E-5 4.6036E-5 6.27283E-5 6.59996E-5 4.95828E-5 5.30771E-5 3.92885E-5 3.88324E-5 6.13219E-5 5.31667E-5 4.57533E-5 3.52358E-5 3.69546E-5 3.43777E-5 4.4329E-5 6.43562E-5 4.88367E-5 5.15834E-5 6.52403E-5 6.2512E-5 6.59405E-5 6.63615E-5 5.65774E-5 4.73153E-5 1.64655E-4 1.05485E-4 5.55869E-5 5.41661E-5 4.971E-5 7.10867E-5 5.87451E-5 6.59948E-5 1.33792E-4 1.00016E-4 7.23276E-5 6.0847E-5 6.03091E-5
4.34876E-6 7.5305E-6 9.89322E-6 2.68286E-5 2.91487E-5 2.12895E-5 9.8016E-6 6.164E-6 1.55918E-5 2.49289E-5 9.92847E-6 1.11786E-5 1.22734E-5 6.15017E-6 1.18426E-5 8.33148E-6 1.8585E-5 3.01266E-5 3.48925E-5 3.859E-5 4.50622E-5 1.20264E-4 5.98706E-5 1.62511E-4 6.56646E-5 6.62214E-5 6.51066E-5 1.57023E-4 1.53096E-4 3.35731E-4 5.60493E-5 3.4864E-4 3.29482E-4 4.69497E-5 4.61863E-5 5.16154E-5 6.51678E-5 8.37382E-5 7.49858E-5 6.09286E-5 3.95789E-5 4.97175E-5 5.04042E-5 4.49522E-5 5.82933E-5 5.7827E-5 4.79422E-5 5.2864E-5 4.75458E-5 5.38764E-5 5.42229E-5 6.07641E-5 3.95424E-4 3.05722E-4 7.38921E-5 1.53001E-4 6.65692E-5 6.23951E-5 4.41735E-5 4.47156E-5 6.26893E-5 6.2906E-5 3.94726E-5 3.73203E-5 5.63088E-5 5.56052E-5
1.24424E-5 1.08734E-5 1.22584E-5 5.49612E-6 6.70584E-6 2.09578E-5 1.48006E-5 1.24992E-5 1.09438E-5 1.8253E-5 5.00199E-6 9.83347E-6 8.56444E-6 9.20515E-6 4.42499E-6 5.29767E-6 8.18961E-6 2.72682E-6 1.11322E-5 8.9183E-6 1.76274E-5 3.81365E-5 4.36075E-5 1.28853E-4 1.3211E-4 1.37614E-4 1.32264E-4 1.07322E-4 1.12396E-4 1.12572E-4 2.64076E-4 1.22347E-4 1.49268E-4 7.27021E-5 3.01957E-4 4.10876E-5 5.72147E-5 4.92537E-5 7.05466E-5 4.94611E-5 5.83268E-5 4.77393E-5 5.31351E-5 4.34169E-5 5.29409E-5 3.98694E-5 3.98572E-5 3.04295E-5 4.83705E-5 6.10459E-5 2.57078E-4 1.30013E-4 7.27324E-5 9.07443E-5 3.65812E-4 1.60608E-4 1.20393E-4 8.69078E-5 3.94039E-5 7.09524E-5 1.04031E-4 7.74179E-5 4.33865E-5 7.78651E-5 8.22773E-5 6.25072E-5
