catData/rasterBestHybridModels/Prubiginosus/RDbal_RM2_LQ/Prubiginosus_median.asc
ncols         409
nrows         350
xllcorner     60.897278365
yllcorner     5.843756025
cellsize      0.0892857
NODATA_value  -9999
[rows 87 to 115 of 350, columns 132 to 197 of 409]
4.30925E-5 2.84035E-5 2.67495E-5 1.16534E-5 1.35175E-5 2.11675E-5 3.09272E-5 1.72919E-5 1.21071E-5 9.30386E-6 9.06582E-6 2.25598E-5 2.90987E-5 2.79517E-5 2.59104E-5 2.41869E-5 3.40352E-5 3.19974E-5 2.28362E-5 1.88331E-5 1.02421E-5 1.44574E-5 4.00389E-5 3.98763E-5 4.00472E-5 2.81632E-5 1.21764E-5 1.29167E-5 9.74675E-6 7.76012E-6 3.0202E-6 2.9026E-6 4.27875E-6 6.87787E-6 5.35E-6 6.53033E-6 3.73591E-6 2.00355E-6 1.91248E-6 2.4052E-6 4.44517E-6 2.54562E-6 2.20275E-6 1.68791E-6 1.93515E-6 2.42965E-6 2.86532E-6 2.87766E-6 2.1818E-6 4.93509E-6 1.03514E-5 4.41297E-6 1.16157E-5 1.02632E-5 1.32676E-5 4.44965E-6 1.45287E-5 2.62236E-5 7.0093E-6 1.17906E-5 1.66057E-5 2.07708E-5 2.59595E-5 3.51971E-5 3.25946E-5 3.59877E-5
3.35713E-5 2.97954E-5 2.35334E-5 2.80002E-5 1.84003E-5 1.43255E-5 2.06359E-5 1.25208E-5 1.8285E-5 1.76686E-5 2.62308E-5 2.35365E-5 3.34012E-5 3.736E-5 2.94443E-5 3.27887E-5 3.50937E-5 3.18465E-5 4.07912E-5 2.38721E-5 3.26472E-5 3.83036E-5 3.80593E-5 4.05971E-5 3.02155E-5 2.45636E-5 2.41276E-5 2.25049E-5 1.73179E-5 1.00266E-5 4.89512E-6 4.40886E-6 3.57587E-6 9.2495E-6 1.19788E-5 2.70183E-6 2.75516E-6 2.3551E-6 2.45019E-6 2.23579E-6 2.18098E-6 2.36443E-6 2.24575E-6 2.48581E-6 2.97129E-6 5.10393E-6 3.76836E-6 2.46138E-6 1.84826E-6 5.14775E-6 8.52144E-6 5.28307E-6 4.81932E-6 1.12926E-5 9.07398E-6 4.40592E-6 1.31509E-5 7.5111E-6 1.42137E-5 1.37871E-5 2.23913E-5 8.43913E-6 1.76945E-5 1.04036E-5 1.66644E-5 2.6961E-5
2.28715E-5 2.20627E-5 2.27826E-5 3.73447E-5 2.25586E-5 4.93054E-6 3.53745E-6 2.59223E-5 2.91012E-5 2.00626E-5 2.48475E-5 2.42598E-5 2.73057E-5 3.40096E-5 3.11642E-5 4.20282E-5 4.24955E-5 3.07302E-5 3.27644E-5 3.66935E-5 3.79264E-5 4.00381E-5 4.03431E-5 3.92703E-5 3.09275E-5 2.62278E-5 3.01048E-5 3.19139E-5 3.0847E-5 2.40737E-5 1.3911E-5 1.44406E-5 3.89344E-6 5.46591E-6 5.68318E-6 5.00122E-6 5.59715E-6 3.26401E-6 3.44387E-6 3.64248E-6 3.12603E-6 2.86727E-6 3.36412E-6 5.42284E-6 5.96568E-6 3.79532E-6 3.17942E-6 2.81504E-6 2.17481E-6 6.49909E-6 1.67728E-5 1.62938E-5 1.78795E-5 3.23786E-5 3.83052E-6 3.34882E-6 3.38802E-6 5.43146E-6 1.77982E-5 6.98957E-6 3.02556E-5 6.0385E-6 7.77522E-6 1.48664E-5 6.08372E-6 7.40919E-6
2.37727E-5 2.23889E-5 2.0689E-5 1.68174E-5 1.77492E-5 1.54757E-5 2.13807E-5 2.47616E-5 1.70169E-5 2.63331E-5 2.94948E-5 3.92432E-5 3.15425E-5 3.55299E-5 2.92476E-5 4.24364E-5 4.30301E-5 4.61855E-5 4.80794E-5 4.72518E-5 4.53091E-5 4.30441E-5 3.84461E-5 4.03107E-5 4.08256E-5 3.13487E-5 4.22239E-5 4.1634E-5 4.15872E-5 2.88849E-5 3.59493E-5 2.75118E-5 1.8306E-5 1.3976E-5 1.23116E-5 1.08898E-5 4.15098E-6 3.46914E-6 3.12028E-6 4.14466E-6 3.31031E-6 3.50463E-6 3.39176E-6 4.0615E-6 4.17656E-6 6.06121E-6 8.26646E-6 3.57974E-6 1.05926E-5 1.78215E-5 2.2759E-5 2.98583E-5 2.83798E-5 2.19627E-5 3.19901E-6 1.10803E-5 7.94944E-6 2.04208E-6 4.02727E-6 4.59491E-6 3.27298E-5 6.52362E-6 6.30332E-6 1.61515E-5 1.00239E-5 1.51256E-5
2.1271E-5 2.30557E-5 1.1196E-5 1.51825E-5 3.72668E-5 4.29324E-5 1.71254E-5 3.10397E-5 3.02354E-5 4.41135E-5 4.17113E-5 4.19018E-5 3.96739E-5 3.36606E-5 2.96334E-5 4.13869E-5 4.35942E-5 4.67871E-5 4.10536E-5 5.02924E-5 4.86458E-5 4.67391E-5 3.38823E-5 4.49704E-5 4.36529E-5 3.32427E-5 4.27586E-5 3.15973E-5 4.2123E-5 4.21219E-5 3.94997E-5 3.69318E-5 2.36854E-5 2.52898E-5 1.70618E-5 1.6664E-5 1.63754E-5 6.71386E-6 4.38543E-6 3.43398E-6 3.29974E-6 5.86867E-6 3.95774E-6 1.34257E-5 1.04798E-5 1.08962E-5 9.01755E-6 5.7902E-6 4.59712E-6 1.19056E-5 1.9646E-5 3.75366E-5 2.79357E-5 2.00322E-5 8.24396E-6 1.49444E-5 2.06327E-5 5.40414E-6 3.59005E-6 5.99938E-6 2.8148E-5 7.45169E-6 5.34416E-6 5.35959E-6 6.6441E-6 7.79625E-6
1.39621E-5 1.96107E-5 2.23022E-5 2.85852E-5 2.18694E-5 2.95113E-5 3.61088E-5 2.57225E-5 3.33096E-5 3.17889E-5 3.12E-5 4.02867E-5 4.26444E-5 4.24619E-5 4.33409E-5 4.33229E-5 3.55848E-5 4.75543E-5 3.78838E-5 4.10226E-5 5.23384E-5 5.0772E-5 3.94047E-5 4.94019E-5 4.68131E-5 4.42606E-5 4.31404E-5 4.31745E-5 4.31531E-5 4.26025E-5 4.25506E-5 3.59089E-5 1.70843E-5 2.3694E-5 2.75913E-5 3.04819E-5 2.52292E-5 1.33103E-5 1.15858E-5 4.5716E-6 3.56144E-6 5.43658E-6 4.23495E-6 7.75491E-6 1.08372E-5 9.01473E-6 1.90553E-5 5.83611E-6 8.93905E-6 9.62329E-6 1.53555E-5 2.41411E-5 3.23789E-5 1.50006E-5 1.30603E-5 4.50192E-6 5.64818E-6 4.47423E-6 3.71254E-6 3.36239E-6 1.30002E-5 1.42635E-5 7.98677E-6 4.34413E-6 1.27648E-5 2.0554E-5
2.46538E-5 1.9281E-5 2.22947E-5 2.28448E-5 2.11495E-5 2.90671E-5 4.47408E-5 2.99835E-5 3.52306E-5 3.65374E-5 4.38388E-5 4.40616E-5 4.38389E-5 4.2764E-5 3.2265E-5 4.36072E-5 4.48858E-5 3.80083E-5 4.84465E-5 3.47581E-5 3.48109E-5 4.6706E-5 4.65814E-5 4.64972E-5 3.58564E-5 3.37777E-5 3.61215E-5 4.35596E-5 4.24407E-5 4.35621E-5 3.21637E-5 2.60921E-5 3.50838E-5 3.49325E-5 2.00849E-5 3.30283E-5 3.39106E-5 2.07739E-5 1.60685E-5 1.19581E-5 5.18525E-6 5.18469E-6 5.58038E-6 6.21823E-6 1.1078E-5 1.05927E-5 1.12729E-5 1.08321E-5 2.3681E-5 2.04316E-5 4.13603E-5 1.71073E-5 1.19029E-5 1.69043E-5 2.30048E-5 2.02645E-5 7.95412E-6 8.16135E-6 4.31363E-6 7.1344E-6 7.59799E-6 2.83623E-5 1.011E-5 4.70276E-6 4.71606E-6 2.51398E-5
2.69106E-5 2.56104E-5 2.8604E-5 2.84588E-5 4.11092E-5 4.76411E-5 5.07972E-5 3.55347E-5 3.44697E-5 3.69098E-5 4.43373E-5 3.22553E-5 4.01703E-5 2.88144E-5 2.55194E-5 3.12179E-5 4.55514E-5 4.92036E-5 4.91232E-5 4.79814E-5 4.75254E-5 4.39036E-5 4.51272E-5 3.49468E-5 4.43035E-5 4.54963E-5 4.4067E-5 3.26118E-5 3.26352E-5 4.40839E-5 3.82851E-5 1.5168E-5 1.41769E-5 9.65067E-6 1.54619E-5 1.59612E-5 1.87676E-5 9.28748E-6 1.61283E-5 9.09031E-6 7.02776E-6 6.17926E-6 1.29811E-5 8.6048E-6 1.41129E-5 1.5531E-5 1.12845E-5 1.86696E-5 2.87192E-5 4.2847E-5 4.29367E-5 4.2871E-5 2.07488E-5 2.21595E-5 8.57973E-6 6.51353E-6 1.48544E-5 7.40695E-6 8.00039E-6 8.33722E-6 3.22803E-6 1.46399E-5 1.05144E-5 9.19791E-6 8.79458E-6 1.6894E-5
4.29024E-5 4.67543E-5 5.21688E-5 5.35079E-5 5.05302E-5 5.10309E-5 4.92027E-5 4.65053E-5 3.59416E-5 4.48697E-5 4.42996E-5 2.84506E-5 3.40818E-5 3.26326E-5 4.0346E-5 4.22121E-5 4.64575E-5 3.94575E-5 4.65128E-5 4.48652E-5 3.56936E-5 3.62938E-5 4.26253E-5 4.50143E-5 4.24563E-5 3.37481E-5 4.46639E-5 4.46329E-5 3.30461E-5 3.30049E-5 3.16432E-5 1.44256E-5 1.38105E-5 3.02349E-5 2.11532E-5 2.15076E-5 2.98338E-5 3.62074E-5 1.54526E-5 1.00419E-5 1.27898E-5 7.61043E-6 1.67592E-5 3.05413E-5 2.19224E-5 1.6271E-5 1.37357E-5 2.03542E-5 2.06795E-5 4.20674E-5 4.34307E-5 4.31659E-5 3.19299E-5 2.59355E-5 1.08743E-5 9.80072E-6 2.20807E-5 2.50434E-5 2.21931E-5 2.86008E-5 1.21075E-5 1.306E-5 2.09687E-5 2.44145E-5 6.92347E-6 2.32863E-5
4.46987E-5 4.63744E-5 5.12393E-5 5.27552E-5 5.15794E-5 4.95386E-5 3.81252E-5 4.48321E-5 4.57091E-5 4.53748E-5 4.56539E-5 3.33811E-5 4.43501E-5 4.553E-5 4.55766E-5 4.56486E-5 3.89929E-5 3.82125E-5 3.62274E-5 4.54194E-5 4.48913E-5 3.40679E-5 3.63532E-5 4.33628E-5 4.07021E-5 3.20443E-5 3.04305E-5 4.52641E-5 3.22613E-5 3.48717E-5 3.58752E-5 3.34339E-5 1.30074E-5 1.09972E-5 1.24016E-5 1.69908E-5 3.49518E-5 2.17273E-5 1.06235E-5 1.34389E-5 1.48965E-5 1.31035E-5 2.47032E-5 1.97788E-5 3.2864E-5 2.12657E-5 2.1395E-5 1.42426E-5 2.20991E-5 4.05374E-5 4.28254E-5 4.15118E-5 2.429E-5 2.1172E-5 1.3101E-5 8.90665E-6 2.22853E-5 3.63358E-5 4.17793E-5 4.11632E-5 4.37186E-5 1.19192E-5 2.82728E-5 2.13008E-5 2.37152E-5 2.01111E-5
2.43797E-5 2.63611E-5 5.329E-5 4.12724E-5 4.93652E-5 3.76842E-5 4.56964E-5 4.45212E-5 4.2399E-5 3.43695E-5 4.47521E-5 4.54319E-5 4.67637E-5 4.67591E-5 3.71498E-5 4.84359E-5 5.11918E-5 4.82163E-5 4.57637E-5 4.58573E-5 4.59299E-5 4.60106E-5 4.58195E-5 4.57747E-5 4.58723E-5 3.27897E-5 2.72735E-5 3.02527E-5 3.76846E-5 4.5096E-5 3.20387E-5 1.42796E-5 9.68154E-6 5.09093E-6 7.00466E-6 8.58157E-6 9.99123E-6 1.29357E-5 1.32239E-5 1.18243E-5 5.07883E-6 3.65813E-6 4.37163E-6 8.52552E-6 1.51994E-5 9.62261E-6 8.73089E-6 1.18044E-5 1.87932E-5 2.20933E-5 2.91855E-5 4.04096E-5 1.69055E-5 1.6744E-5 9.6401E-6 6.08575E-6 2.28161E-5 2.47545E-5 3.3524E-5 3.46274E-5 3.00847E-5 1.03486E-5 2.69683E-5 1.83364E-5 1.77898E-5 2.1868E-5
3.42154E-5 5.27157E-5 5.09742E-5 4.00422E-5 4.885E-5 3.62123E-5 4.60342E-5 4.2231E-5 2.95146E-5 4.52213E-5 4.67329E-5 4.69282E-5 4.65969E-5 3.75892E-5 4.67051E-5 4.6803E-5 4.8502E-5 4.65542E-5 4.57423E-5 3.41902E-5 4.64732E-5 4.63371E-5 3.49876E-5 4.62417E-5 4.6302E-5 4.54586E-5 2.72861E-5 3.80414E-5 3.33953E-5 1.13205E-4 3.93807E-5 2.15352E-5 9.83556E-6 5.09376E-6 5.48962E-6 1.28627E-5 1.64056E-5 1.85479E-5 8.21791E-6 4.50659E-6 3.38996E-6 8.59341E-6 3.70283E-6 1.34299E-5 6.39644E-6 4.49793E-6 5.61799E-6 1.55274E-5 2.52727E-5 3.03893E-5 2.63485E-5 1.72911E-5 1.38229E-5 1.53813E-5 1.87486E-5 1.63346E-5 1.19762E-5 1.92512E-5 2.55188E-5 3.58866E-5 3.24743E-5 2.6914E-5 1.59861E-5 1.9737E-5 8.7057E-6 1.89889E-5
4.00924E-5 5.09984E-5 4.8791E-5 4.76941E-5 4.74617E-5 4.61799E-5 3.93353E-5 3.89345E-5 3.90607E-5 4.71608E-5 4.70843E-5 4.68294E-5 3.74046E-5 3.55594E-5 4.73681E-5 4.68835E-5 3.67039E-5 4.58391E-5 4.63485E-5 3.44579E-5 3.4538E-5 4.633E-5 3.42402E-5 3.36138E-5 3.37701E-5 2.75556E-5 2.39365E-5 3.7067E-5 4.57095E-5 4.40172E-5 1.06035E-4 3.5284E-5 1.38195E-5 6.54127E-6 6.93849E-6 1.87186E-5 9.61945E-6 8.67462E-6 5.09096E-6 3.40294E-6 2.66172E-6 1.46935E-5 1.26518E-5 3.40695E-5 3.0872E-5 1.0509E-5 1.9536E-5 6.05123E-6 2.1413E-5 3.75868E-5 2.64169E-5 2.31144E-5 2.18428E-5 3.80582E-5 2.20562E-5 1.76792E-5 1.73648E-5 2.55931E-5 2.9936E-5 3.79238E-5 2.77892E-5 3.69188E-5 2.65053E-5 1.33261E-5 2.63608E-5 9.13547E-6
5.22E-5 4.96791E-5 4.73576E-5 4.78213E-5 4.76206E-5 4.86597E-5 4.41694E-5 3.14591E-5 2.96729E-5 4.60469E-5 4.40397E-5 4.40587E-5 4.44498E-5 4.38841E-5 3.15994E-5 4.3335E-5 4.33419E-5 4.32132E-5 4.31697E-5 4.2654E-5 3.10964E-5 4.71334E-5 3.47455E-5 2.64201E-5 2.90373E-5 2.43997E-5 2.14853E-5 2.614E-5 3.06817E-5 3.97496E-5 1.06241E-4 2.1405E-5 1.09318E-5 1.10553E-5 1.5371E-5 2.54512E-5 3.31504E-5 1.36177E-5 1.07834E-5 4.37524E-6 5.78501E-6 1.18148E-5 1.75598E-5 3.90691E-5 1.24601E-5 3.63494E-6 7.15793E-6 2.39646E-5 3.64212E-5 4.1431E-5 1.66371E-5 1.92214E-5 3.28754E-5 3.41282E-5 1.93732E-5 1.67645E-5 1.26042E-5 9.89934E-6 9.40796E-6 1.32821E-5 1.67834E-5 3.40887E-5 3.23589E-5 2.90848E-5 3.84278E-5 9.79097E-6
5.20224E-5 4.9257E-5 3.7974E-5 3.67208E-5 4.07693E-5 4.06822E-5 2.72341E-5 2.68348E-5 2.98081E-5 2.97545E-5 3.95175E-5 3.9238E-5 3.92505E-5 3.95742E-5 3.99615E-5 3.99174E-5 4.01342E-5 3.1121E-5 3.47906E-5 4.73404E-5 4.76269E-5 4.78452E-5 3.53435E-5 3.24781E-5 3.44375E-5 3.41122E-5 3.23895E-5 2.1841E-5 2.39657E-5 2.66685E-5 3.2783E-5 2.28837E-5 1.50099E-5 1.5569E-5 3.10156E-5 3.36593E-5 1.17606E-5 1.2904E-5 1.16829E-5 9.22437E-6 8.47591E-6 1.52524E-5 3.9273E-5 2.00549E-5 4.92441E-6 3.7381E-6 5.28519E-6 2.70469E-5 4.70644E-5 2.98047E-5 3.98901E-5 1.89031E-5 1.87867E-5 1.75313E-5 2.07737E-5 1.29197E-5 1.42086E-5 1.41949E-5 7.92863E-6 1.83443E-5 2.8615E-5 3.01091E-5 3.44489E-5 3.95729E-5 1.19436E-5 1.08576E-5
4.96574E-5 3.55735E-5 3.60597E-5 4.08434E-5 4.00388E-5 4.4378E-5 2.69398E-5 2.66837E-5 2.52944E-5 2.62358E-5 3.95624E-5 4.31867E-5 4.31875E-5 4.67269E-5 4.71265E-5 4.72205E-5 4.7655E-5 3.54378E-5 3.55479E-5 4.82143E-5 3.57909E-5 3.43726E-5 3.29003E-5 3.72936E-5 4.89571E-5 4.91003E-5 3.5541E-5 3.39767E-5 3.26519E-5 1.62184E-5 2.30743E-5 3.40326E-5 2.59701E-5 2.52613E-5 3.76439E-5 2.31593E-5 2.17687E-5 1.82343E-5 1.49332E-5 2.01268E-5 2.99929E-5 2.82552E-5 3.58284E-5 1.26895E-5 5.76239E-6 4.299E-6 6.5874E-6 3.21869E-5 4.82136E-5 3.88826E-5 1.62535E-5 2.36429E-5 1.3757E-5 1.22093E-5 3.40401E-5 1.58732E-5 1.47338E-5 1.05003E-5 6.72197E-6 1.99478E-5 3.26102E-5 1.32336E-5 9.23498E-6 2.10842E-5 7.27151E-6 6.21576E-6
4.98756E-5 5.03181E-5 4.86775E-5 4.09198E-5 4.6446E-5 4.07119E-5 3.54607E-5 4.03994E-5 3.42956E-5 3.28025E-5 3.45986E-5 3.62222E-5 4.68766E-5 4.72964E-5 4.7765E-5 3.89312E-5 4.7844E-5 4.86519E-5 4.8952E-5 4.91456E-5 3.62598E-5 3.35355E-5 3.70466E-5 3.97976E-5 4.98766E-5 3.64811E-5 4.81565E-5 4.55474E-5 2.64704E-5 1.22542E-5 1.62806E-5 4.02885E-5 3.84927E-5 3.21653E-5 2.90089E-5 2.77926E-5 2.52949E-5 2.285E-5 3.40558E-5 2.03962E-5 2.92295E-5 2.41114E-5 1.73323E-5 1.98547E-5 1.83107E-5 3.13253E-5 1.80478E-5 2.65015E-5 4.53548E-5 4.58047E-5 3.85996E-5 3.60914E-5 1.86872E-5 1.96142E-5 1.72106E-5 4.06287E-5 1.87453E-5 7.83439E-6 6.06132E-6 1.53043E-5 2.70488E-5 2.35126E-5 1.72691E-5 1.09226E-5 4.52068E-6 4.18023E-6
5.21787E-5 5.09076E-5 4.80777E-5 4.76913E-5 4.94659E-5 4.7708E-5 4.49582E-5 4.09308E-5 4.09493E-5 4.44821E-5 4.896E-5 4.97842E-5 5.12205E-5 4.2864E-5 5.28033E-5 5.21704E-5 5.0863E-5 4.90085E-5 5.01282E-5 5.00379E-5 3.66477E-5 3.67389E-5 4.92976E-5 5.0112E-5 4.91663E-5 3.56748E-5 4.68107E-5 3.19002E-5 2.00085E-5 1.83653E-5 1.83113E-5 2.45268E-5 3.34538E-5 3.30014E-5 3.66174E-5 2.86179E-5 2.89387E-5 1.8755E-5 2.58157E-5 1.94596E-5 1.90836E-5 1.91774E-5 2.44152E-5 1.5416E-5 1.2561E-5 8.61869E-6 2.23412E-5 3.19235E-5 3.41146E-5 4.81318E-5 4.18674E-5 2.53627E-5 2.30778E-5 1.54726E-5 1.34733E-5 2.00769E-5 2.96659E-5 1.19689E-5 6.46637E-6 1.37677E-5 1.51094E-5 1.34129E-5 1.7228E-5 1.47147E-5 1.12837E-5 7.69648E-6
5.66206E-5 4.28964E-5 5.12158E-5 5.11296E-5 5.18159E-5 3.62557E-5 4.7404E-5 4.47686E-5 4.14287E-5 3.51357E-5 4.89439E-5 5.23608E-5 5.55595E-5 5.88938E-5 5.85284E-5 5.54198E-5 5.16458E-5 4.06102E-5 3.80578E-5 5.0742E-5 4.61376E-5 4.73698E-5 5.07023E-5 3.78745E-5 4.76653E-5 3.35033E-5 3.92857E-5 3.72829E-5 2.20537E-5 2.54977E-5 2.58835E-5 4.4059E-5 4.13765E-5 3.14189E-5 3.24272E-5 2.80582E-5 2.61314E-5 1.62523E-5 1.30416E-5 1.62362E-5 2.66409E-5 3.25995E-5 2.06564E-5 1.49937E-5 1.46506E-5 1.317E-5 1.60598E-5 2.54135E-5 2.35865E-5 5.05025E-5 3.9878E-5 4.03409E-5 1.18732E-5 1.30065E-5 1.52551E-5 2.08446E-5 2.67063E-5 7.50539E-6 8.55221E-6 7.97227E-6 1.52076E-5 1.31092E-5 1.79751E-5 1.70596E-5 2.01793E-5 2.26395E-5
6.02733E-5 5.68639E-5 5.57485E-5 4.52267E-5 5.68262E-5 5.44223E-5 4.9697E-5 3.573E-5 4.23105E-5 4.57414E-5 4.77976E-5 4.15839E-5 5.48986E-5 4.70554E-5 6.02463E-5 5.71291E-5 5.3308E-5 3.61495E-5 4.15042E-5 4.29919E-5 3.47486E-5 3.4633E-5 3.58888E-5 3.83205E-5 4.67956E-5 4.17414E-5 4.16614E-5 3.00481E-5 2.61706E-5 3.98652E-5 3.56114E-5 4.33278E-5 1.90695E-5 2.42978E-5 2.5357E-5 3.27721E-5 3.25323E-5 2.05821E-5 1.77132E-5 2.69438E-5 3.7427E-5 2.62986E-5 1.71015E-5 1.49661E-5 2.67966E-5 2.72925E-5 2.99406E-5 2.30201E-5 3.43728E-5 5.03143E-5 3.58927E-5 3.12393E-5 2.41133E-5 1.62671E-5 2.28244E-5 2.47337E-5 2.91257E-5 1.2278E-5 8.7005E-6 8.47175E-6 1.56331E-5 5.18412E-6 1.01731E-5 1.1919E-5 1.09776E-5 2.25006E-5
6.4923E-5 4.92471E-5 6.043E-5 4.76137E-5 5.783E-5 5.42239E-5 5.02159E-5 3.61246E-5 3.36056E-5 3.42729E-5 4.68042E-5 5.08244E-5 5.30572E-5 5.55593E-5 5.85814E-5 6.04359E-5 5.66519E-5 5.31164E-5 4.99737E-5 4.77912E-5 4.33614E-5 3.64597E-5 5.03997E-5 5.32702E-5 4.22445E-5 4.08245E-5 4.12744E-5 2.86731E-5 3.63391E-5 3.62293E-5 3.67578E-5 2.88402E-5 2.06113E-5 2.63904E-5 3.27854E-5 2.90784E-5 3.53652E-5 4.35654E-5 2.8392E-5 2.80466E-5 2.30673E-5 2.533E-5 1.62027E-5 1.33582E-5 2.55243E-5 1.94736E-5 2.88251E-5 2.35702E-5 4.07551E-5 4.9801E-5 3.20807E-5 4.87926E-5 3.18026E-5 2.11126E-5 1.21014E-5 2.39414E-5 2.68715E-5 3.30891E-5 2.31372E-5 1.21987E-5 1.57691E-5 9.92825E-6 6.82097E-6 1.16918E-5 1.23423E-5 2.07015E-5
4.98737E-5 4.9493E-5 6.55694E-5 4.97389E-5 5.9572E-5 5.48715E-5 5.21431E-5 4.7928E-5 3.07131E-5 2.75293E-5 3.10872E-5 4.77664E-5 3.693E-5 3.82833E-5 5.75385E-5 6.23893E-5 6.12614E-5 5.828E-5 3.82334E-5 3.73017E-5 4.3748E-5 4.75265E-5 4.66906E-5 3.00811E-5 4.28868E-5 3.45339E-5 2.4663E-5 2.55365E-5 3.53366E-5 2.1001E-5 4.04254E-5 1.70513E-5 2.18733E-5 2.9504E-5 4.25254E-5 3.82681E-5 4.43151E-5 3.84671E-5 4.67427E-5 3.44172E-5 3.26161E-5 2.59591E-5 2.19033E-5 8.12737E-6 2.78712E-5 1.8742E-5 3.19996E-5 4.55566E-5 1.16146E-5 2.27535E-5 2.92618E-5 4.50783E-5 2.58569E-5 3.2278E-5 2.21161E-5 2.05896E-5 3.80272E-5 3.60425E-5 4.31058E-5 4.48682E-5 2.74196E-5 1.16435E-5 6.51349E-6 1.04898E-5 1.43915E-5 1.96514E-5
4.67711E-5 6.12591E-5 6.47166E-5 6.5785E-5 3.70192E-5 3.66842E-5 3.63674E-5 3.47077E-5 2.22247E-5 2.80685E-5 2.81667E-5 2.11273E-5 3.81143E-5 5.40076E-5 5.85729E-5 6.25515E-5 4.29089E-5 5.55894E-5 5.16867E-5 4.89167E-5 4.15074E-5 3.45652E-5 3.37784E-5 2.95317E-5 3.75206E-5 3.30463E-5 2.59556E-5 2.87976E-5 3.7938E-5 1.79355E-5 2.37749E-5 1.72573E-5 2.36315E-5 4.06932E-5 3.43646E-5 3.04519E-5 4.27789E-5 3.04759E-5 2.93327E-5 4.48616E-5 1.80156E-5 3.08268E-5 2.35476E-5 1.87698E-5 7.52712E-6 1.1023E-5 1.57246E-5 1.74638E-5 2.17503E-5 1.53962E-5 8.32753E-6 2.35611E-5 1.59605E-5 1.95482E-5 1.82407E-5 1.60037E-5 1.78379E-5 1.81966E-5 1.92408E-5 1.92644E-5 1.88561E-5 1.20539E-5 9.03215E-6 4.83986E-6 7.40047E-6 2.20911E-5
4.45306E-5 5.85315E-5 6.1955E-5 3.00509E-5 3.79432E-5 2.85143E-5 3.76433E-5 2.5102E-5 2.16198E-5 2.28776E-5 3.26754E-5 2.95122E-5 5.10601E-5 4.39878E-5 3.54766E-5 4.46088E-5 5.66241E-5 5.34965E-5 5.0489E-5 3.69859E-5 3.51398E-5 3.46492E-5 3.48603E-5 4.28431E-5 4.39427E-5 3.00821E-5 3.00934E-5 4.72747E-5 3.50766E-5 2.64921E-5 2.12603E-5 2.29907E-5 2.40601E-5 2.96863E-5 2.76536E-5 3.00266E-5 3.34891E-5 4.54394E-5 3.21972E-5 4.49381E-5 2.91741E-5 2.77086E-5 3.06969E-5 1.77443E-5 1.28967E-5 8.09031E-6 7.63708E-6 1.73534E-5 2.13758E-5 2.11442E-5 2.12279E-5 1.53366E-5 2.06261E-5 2.11935E-5 2.23173E-5 2.23106E-5 2.27514E-5 9.26483E-6 1.82006E-5 2.47604E-5 2.09252E-5 2.0578E-5 2.92516E-5 1.77229E-5 5.85488E-6 9.73873E-6
5.3035E-5 5.68519E-5 6.00397E-5 3.7799E-5 3.85056E-5 2.98349E-5 2.67838E-5 2.31945E-5 2.29621E-5 2.51702E-5 3.31415E-5 2.88289E-5 3.54989E-5 4.98304E-5 5.3446E-5 5.77657E-5 5.073E-5 3.89734E-5 4.62782E-5 3.79623E-5 3.75101E-5 4.91558E-5 4.49733E-5 3.65112E-5 4.05994E-5 4.29211E-5 4.51821E-5 4.95955E-5 3.8834E-5 1.87101E-5 1.44311E-5 2.57262E-5 2.05592E-5 3.09933E-5 3.20174E-5 2.65474E-5 3.38876E-5 1.68307E-5 2.82553E-5 2.15256E-5 1.50013E-5 2.14667E-5 2.38764E-5 7.26919E-6 7.0633E-6 7.81009E-6 8.60286E-6 1.50929E-5 1.77704E-5 2.99799E-5 2.02586E-5 2.53002E-5 2.25949E-5 2.17575E-5 1.31145E-5 2.22747E-5 2.18494E-5 2.25785E-5 2.09725E-5 2.26543E-5 1.98369E-5 2.31641E-5 3.05862E-5 2.5993E-5 1.71482E-5 1.10957E-5
4.20893E-5 3.86908E-5 4.01788E-5 2.74698E-5 3.85629E-5 2.98966E-5 2.49789E-5 2.69141E-5 2.53813E-5 3.50829E-5 3.53443E-5 2.15476E-5 3.83735E-5 5.33354E-5 4.89515E-5 3.51649E-5 5.00658E-5 5.00327E-5 4.63052E-5 5.09915E-5 5.08054E-5 4.61269E-5 4.59609E-5 4.50452E-5 4.42383E-5 4.15491E-5 4.18698E-5 4.59113E-5 2.92794E-5 2.1774E-5 2.54862E-5 2.60072E-5 4.19181E-5 3.80164E-5 3.74409E-5 3.53428E-5 3.30487E-5 1.77442E-5 1.14233E-5 2.55871E-5 3.73955E-5 3.75485E-5 1.64282E-5 2.1731E-5 6.45632E-6 1.31854E-5 7.74819E-6 6.12523E-6 1.48148E-5 1.35888E-5 2.29314E-5 2.13203E-5 2.46525E-5 2.25262E-5 1.70822E-5 2.38856E-5 1.2214E-5 2.24307E-5 2.49949E-5 2.31301E-5 2.10424E-5 2.41643E-5 3.08849E-5 4.34426E-5 1.81453E-5 4.80718E-6
5.02643E-5 5.18724E-5 3.97612E-5 3.75134E-5 3.78241E-5 2.78722E-5 2.96948E-5 2.98735E-5 2.00978E-5 3.20472E-5 2.67007E-5 2.94952E-5 2.79146E-5 1.90602E-5 2.01299E-5 5.12673E-5 4.01931E-5 5.09221E-5 3.96842E-5 4.73896E-5 3.97005E-5 3.97906E-5 5.08348E-5 4.56233E-5 5.13993E-5 3.91955E-5 3.83529E-5 2.88121E-5 2.5616E-5 2.0842E-5 1.78037E-5 2.7523E-5 3.60404E-5 3.312E-5 4.34128E-5 4.06736E-5 3.80267E-5 2.4548E-5 1.32017E-5 1.37767E-5 1.3292E-5 1.74383E-5 1.52689E-5 2.3E-5 2.37487E-5 2.34076E-5 1.38615E-5 1.38893E-5 1.32921E-5 1.40092E-5 2.15933E-5 2.13468E-5 1.78719E-5 1.21788E-5 2.38993E-5 1.99412E-5 2.36106E-5 2.26164E-5 1.89999E-5 1.97915E-5 2.28865E-5 2.12193E-5 2.21624E-5 4.56137E-5 4.20395E-5 2.97237E-5
3.92772E-5 5.16004E-5 5.12513E-5 3.43082E-5 2.53783E-5 2.64457E-5 1.9447E-5 2.94863E-5 2.67572E-5 2.40984E-5 3.96753E-5 5.19062E-5 2.18344E-5 1.5091E-5 3.75969E-5 5.1336E-5 4.67835E-5 4.80822E-5 4.86127E-5 5.01198E-5 5.3229E-5 4.85724E-5 5.21454E-5 4.69118E-5 5.19031E-5 5.2647E-5 3.28315E-5 2.15494E-5 2.48062E-5 2.08261E-5 2.005E-5 3.79769E-5 4.06012E-5 4.55113E-5 4.53913E-5 4.28122E-5 3.74775E-5 1.94534E-5 2.15803E-5 2.16261E-5 2.56336E-5 2.15644E-5 8.10577E-6 2.65479E-5 1.61611E-5 1.17478E-5 7.10591E-6 8.16455E-6 2.02753E-5 1.50699E-5 2.22633E-5 2.02075E-5 1.20803E-5 1.2277E-5 2.19866E-5 2.27759E-5 1.55173E-5 2.22234E-5 1.36513E-5 1.90203E-5 1.91194E-5 9.67456E-6 2.33225E-5 3.02858E-5 3.14607E-5 2.19001E-5
3.6342E-5 4.08132E-5 3.00289E-5 3.33717E-5 3.69693E-5 3.97171E-5 3.94948E-5 4.07007E-5 4.19532E-5 3.33974E-5 3.04525E-5 5.36664E-5 3.47447E-5 1.29274E-5 3.98509E-5 4.8553E-5 4.13708E-5 4.36514E-5 5.37053E-5 4.3761E-5 4.01528E-5 5.63468E-5 3.8074E-5 4.87319E-5 5.10886E-5 2.46449E-5 2.81088E-5 2.61216E-5 2.48054E-5 2.43691E-5 2.11763E-5 4.47866E-5 4.66763E-5 4.11761E-5 3.06008E-5 4.04011E-5 2.67395E-5 2.20158E-5 3.7808E-5 2.21189E-5 2.44758E-5 2.89006E-5 4.09976E-5 2.07183E-5 1.31684E-5 1.11772E-5 8.59295E-6 1.47575E-5 2.02026E-5 2.69079E-5 2.08174E-5 1.17991E-5 5.9655E-6 1.13199E-5 8.65172E-6 2.28528E-5 1.94944E-5 2.51815E-5 1.93929E-5 1.72153E-5 1.04109E-5 2.36347E-5 5.41416E-5 4.56239E-5 3.44193E-5 3.54171E-5
