catData/rasterBestHybridModels/Prubiginosus/RDbal_RM2_LQ/Prubiginosus_max.asc
ncols         409
nrows         350
xllcorner     60.897278365
yllcorner     5.843756025
cellsize      0.0892857
NODATA_value  -9999
[rows 87 to 115 of 350, columns 260 to 324 of 409]
-9999 -9999 -9999 -9999 -9999 -9999 -9999 -9999 -9999 -9999 -9999 -9999 -9999 -9999 -9999 -9999 -9999 -9999 -9999 -9999 -9999 -9999 -9999 -9999 -9999 -9999 -9999 -9999 -9999 -9999 -9999 -9999 -9999 -9999 -9999 -9999 -9999 -9999 -9999 -9999 -9999 -9999 -9999 -9999 -9999 -9999 -9999 -9999 -9999 -9999 -9999 -9999 -9999 -9999 -9999 -9999 -9999 -9999 -9999 -9999 -9999 -9999 -9999 -9999 -9999
2.28558E-6 -9999 -9999 -9999 -9999 -9999 -9999 -9999 -9999 -9999 -9999 -9999 -9999 -9999 -9999 -9999 -9999 -9999 -9999 -9999 -9999 -9999 -9999 -9999 -9999 -9999 -9999 -9999 -9999 -9999 -9999 -9999 -9999 -9999 -9999 -9999 -9999 -9999 -9999 -9999 -9999 -9999 -9999 -9999 -9999 -9999 -9999 -9999 -9999 -9999 -9999 -9999 -9999 -9999 -9999 -9999 -9999 -9999 -9999 -9999 -9999 -9999 -9999 -9999 -9999
2.33062E-6 -9999 -9999 -9999 -9999 -9999 -9999 -9999 -9999 -9999 -9999 -9999 -9999 -9999 -9999 -9999 -9999 -9999 -9999 -9999 -9999 -9999 -9999 -9999 -9999 -9999 -9999 -9999 -9999 -9999 -9999 -9999 -9999 -9999 -9999 -9999 -9999 -9999 -9999 -9999 -9999 -9999 -9999 -9999 -9999 -9999 -9999 -9999 -9999 -9999 -9999 -9999 -9999 -9999 -9999 -9999 -9999 -9999 -9999 -9999 -9999 -9999 -9999 -9999 -9999
-9999 -9999 -9999 -9999 -9999 -9999 -9999 -9999 -9999 -9999 -9999 -9999 -9999 -9999 -9999 -9999 -9999 -9999 -9999 -9999 -9999 -9999 -9999 -9999 -9999 -9999 -9999 -9999 -9999 -9999 -9999 -9999 -9999 -9999 -9999 -9999 -9999 -9999 -9999 -9999 -9999 -9999 -9999 -9999 -9999 -9999 -9999 -9999 -9999 -9999 -9999 -9999 -9999 -9999 -9999 -9999 -9999 -9999 -9999 -9999 -9999 -9999 -9999 -9999 -9999
6.62529E-7 5.46765E-7 -9999 -9999 -9999 -9999 -9999 -9999 -9999 -9999 -9999 -9999 -9999 -9999 -9999 -9999 -9999 -9999 -9999 -9999 -9999 -9999 -9999 -9999 -9999 -9999 -9999 -9999 -9999 -9999 -9999 -9999 -9999 -9999 -9999 -9999 -9999 -9999 -9999 -9999 -9999 -9999 -9999 -9999 -9999 -9999 -9999 -9999 -9999 -9999 -9999 -9999 -9999 -9999 -9999 -9999 -9999 -9999 -9999 -9999 -9999 -9999 -9999 -9999 -9999
8.57629E-7 1.22815E-6 1.21105E-6 -9999 -9999 -9999 -9999 -9999 -9999 -9999 -9999 -9999 -9999 -9999 -9999 -9999 -9999 -9999 -9999 -9999 -9999 -9999 -9999 -9999 -9999 -9999 -9999 -9999 -9999 -9999 -9999 -9999 -9999 -9999 -9999 -9999 -9999 -9999 -9999 -9999 -9999 -9999 -9999 -9999 -9999 -9999 -9999 -9999 -9999 -9999 -9999 -9999 -9999 -9999 -9999 -9999 -9999 -9999 -9999 -9999 -9999 -9999 -9999 -9999 -9999
2.3459E-6 4.51996E-6 1.78334E-6 1.13195E-6 1.26111E-6 3.13159E-6 -9999 -9999 -9999 -9999 -9999 -9999 -9999 -9999 -9999 -9999 -9999 -9999 -9999 -9999 -9999 -9999 -9999 -9999 -9999 -9999 -9999 -9999 -9999 -9999 -9999 -9999 -9999 -9999 -9999 -9999 -9999 -9999 -9999 -9999 -9999 -9999 -9999 -9999 -9999 -9999 -9999 -9999 -9999 -9999 -9999 -9999 -9999 -9999 -9999 -9999 -9999 -9999 -9999 -9999 -9999 -9999 -9999 -9999 -9999
7.87226E-6 6.63534E-6 3.01802E-6 4.97733E-6 3.44361E-6 4.44487E-6 3.53015E-6 -9999 -9999 -9999 4.31678E-6 5.93217E-6 -9999 -9999 -9999 -9999 -9999 -9999 -9999 -9999 -9999 -9999 -9999 -9999 -9999 -9999 -9999 -9999 -9999 -9999 -9999 -9999 -9999 -9999 -9999 -9999 -9999 -9999 -9999 -9999 -9999 -9999 -9999 -9999 -9999 -9999 -9999 -9999 -9999 -9999 -9999 -9999 -9999 -9999 -9999 -9999 -9999 -9999 -9999 -9999 -9999 -9999 -9999 -9999 -9999
5.83506E-6 1.31865E-5 1.25587E-5 1.43456E-5 2.75374E-6 3.89243E-6 8.47036E-6 1.32418E-5 1.08329E-5 3.42017E-6 5.85131E-6 8.56368E-6 -9999 -9999 -9999 -9999 -9999 -9999 -9999 -9999 -9999 -9999 -9999 -9999 -9999 -9999 -9999 -9999 -9999 -9999 -9999 -9999 -9999 -9999 -9999 -9999 -9999 -9999 -9999 -9999 -9999 -9999 -9999 -9999 -9999 -9999 -9999 -9999 -9999 -9999 -9999 -9999 -9999 -9999 -9999 -9999 -9999 -9999 -9999 -9999 -9999 -9999 -9999 -9999 -9999
6.40795E-6 1.14383E-5 3.14998E-5 2.62189E-5 5.9E-6 2.69006E-6 4.09785E-6 1.58618E-5 2.15259E-5 1.75252E-5 1.07211E-5 5.23164E-6 -9999 -9999 -9999 -9999 -9999 -9999 -9999 -9999 -9999 -9999 -9999 -9999 -9999 -9999 -9999 -9999 -9999 -9999 -9999 -9999 -9999 -9999 -9999 -9999 -9999 -9999 -9999 -9999 -9999 -9999 -9999 -9999 -9999 -9999 -9999 -9999 -9999 -9999 -9999 -9999 -9999 -9999 -9999 -9999 -9999 -9999 -9999 -9999 -9999 -9999 -9999 -9999 -9999
3.91291E-5 3.89348E-5 5.6573E-5 5.1754E-5 9.5438E-6 9.20952E-6 4.27409E-6 7.53998E-6 4.1811E-5 1.74152E-5 2.6793E-6 -9999 -9999 -9999 -9999 -9999 -9999 -9999 -9999 -9999 -9999 -9999 -9999 -9999 -9999 -9999 -9999 -9999 -9999 -9999 -9999 -9999 -9999 -9999 -9999 -9999 -9999 -9999 -9999 -9999 -9999 -9999 -9999 -9999 -9999 -9999 -9999 -9999 -9999 -9999 -9999 -9999 -9999 -9999 -9999 -9999 -9999 -9999 -9999 -9999 -9999 -9999 -9999 -9999 -9999
6.30829E-5 6.30929E-5 6.14433E-5 5.77343E-5 5.25505E-5 1.50229E-5 8.87915E-5 9.99062E-5 1.00037E-4 3.12471E-5 9.65249E-6 9.66591E-6 8.71993E-6 -9999 -9999 8.67007E-6 -9999 -9999 -9999 -9999 -9999 -9999 -9999 -9999 -9999 -9999 -9999 -9999 -9999 -9999 -9999 -9999 -9999 -9999 -9999 -9999 -9999 -9999 -9999 -9999 -9999 -9999 -9999 -9999 -9999 -9999 -9999 -9999 -9999 -9999 -9999 -9999 -9999 -9999 -9999 -9999 -9999 -9999 -9999 -9999 -9999 -9999 -9999 -9999 -9999
7.18612E-5 4.85104E-5 9.06717E-5 8.98049E-5 4.293E-5 4.06941E-5 1.21375E-4 1.00578E-4 1.28117E-4 7.41007E-5 6.25445E-5 5.20288E-5 3.39032E-5 5.53697E-5 3.86358E-5 1.69732E-5 1.10686E-5 5.114E-6 -9999 -9999 -9999 -9999 -9999 -9999 -9999 -9999 -9999 -9999 -9999 -9999 -9999 -9999 -9999 -9999 -9999 -9999 -9999 -9999 -9999 -9999 -9999 -9999 -9999 -9999 -9999 -9999 -9999 -9999 -9999 -9999 -9999 -9999 -9999 -9999 -9999 -9999 -9999 -9999 -9999 -9999 -9999 -9999 -9999 -9999 5.12965E-7
2.04409E-4 1.87126E-4 1.85181E-4 1.8403E-4 2.70262E-4 6.09253E-5 6.00979E-5 7.72863E-5 1.34852E-4 3.45993E-5 6.58808E-5 2.73202E-5 3.48241E-5 3.64374E-5 1.9807E-5 9.67561E-6 1.32652E-5 9.8139E-6 6.93876E-6 5.33756E-6 5.91674E-6 -9999 8.77188E-6 -9999 -9999 -9999 -9999 -9999 1.32829E-6 -9999 -9999 -9999 -9999 -9999 -9999 -9999 -9999 -9999 -9999 -9999 -9999 -9999 -9999 -9999 -9999 -9999 -9999 -9999 -9999 -9999 7.7658E-6 -9999 -9999 -9999 -9999 -9999 -9999 -9999 -9999 -9999 -9999 3.30244E-6 3.67802E-6 2.02549E-6 6.67334E-7
1.02063E-4 1.06662E-4 1.18442E-4 1.71783E-4 1.62991E-4 9.73095E-5 1.77548E-4 2.88467E-4 2.49704E-4 9.15099E-5 6.37566E-5 6.30401E-5 6.9502E-5 2.94729E-5 5.01779E-5 1.23159E-4 7.43178E-5 5.89187E-5 3.56005E-5 2.13752E-5 7.10063E-5 -9999 8.13722E-6 2.23027E-5 -9999 -9999 -9999 2.29825E-6 2.36895E-6 1.9441E-6 2.60854E-6 -9999 -9999 -9999 -9999 -9999 -9999 -9999 -9999 -9999 -9999 -9999 -9999 -9999 -9999 -9999 -9999 -9999 1.02881E-5 5.88154E-6 1.01745E-5 6.87045E-6 -9999 -9999 -9999 -9999 -9999 -9999 -9999 5.69631E-6 4.42715E-6 4.29016E-6 6.59277E-6 3.82567E-6 1.45749E-6
1.71331E-4 6.43036E-4 9.95616E-5 1.58197E-4 1.55243E-4 1.52203E-4 1.55172E-4 2.88154E-4 6.7755E-5 6.12572E-5 5.41213E-5 9.28624E-5 5.17319E-5 5.58936E-5 6.36605E-5 4.64415E-5 8.75837E-5 7.6829E-5 8.28492E-5 2.57221E-5 8.53083E-5 1.64248E-5 9.60646E-6 2.50407E-5 1.6773E-5 8.63304E-6 3.33471E-6 5.11936E-6 1.49582E-5 4.34952E-6 3.23891E-6 1.8078E-6 2.03219E-6 1.39596E-6 -9999 -9999 -9999 -9999 -9999 -9999 -9999 -9999 -9999 4.58646E-6 -9999 4.34393E-6 7.12654E-6 9.62529E-6 1.17907E-5 1.21772E-5 9.0639E-6 6.56044E-6 6.2217E-6 -9999 -9999 -9999 -9999 -9999 8.19114E-6 6.75235E-6 6.86591E-6 6.54077E-6 9.33818E-6 8.24069E-6 2.20984E-6
3.13827E-4 1.57658E-4 1.59108E-4 7.04014E-5 7.00791E-5 3.44414E-4 1.7071E-4 1.80342E-4 1.77074E-4 1.62602E-4 8.90506E-5 5.1821E-5 6.16636E-5 5.76414E-5 1.29021E-4 2.00932E-4 8.36112E-5 7.89054E-5 1.94523E-4 1.85387E-4 1.91783E-4 6.18642E-5 1.30685E-4 3.73146E-5 1.55799E-5 1.01046E-5 4.02928E-6 5.47544E-6 2.05247E-5 2.31214E-5 1.45421E-5 4.7418E-6 2.46187E-6 2.35339E-6 5.91604E-6 3.10523E-5 5.41412E-5 5.75221E-5 1.54734E-5 1.20427E-5 1.14376E-5 1.10308E-5 9.04122E-6 4.81069E-6 3.76137E-6 3.61524E-6 8.53603E-6 1.35461E-5 1.64372E-5 2.05193E-5 1.02173E-5 1.32815E-5 7.79303E-6 5.03767E-6 -9999 -9999 -9999 -9999 9.00187E-6 7.87964E-6 6.69624E-6 9.43078E-6 1.97174E-5 1.07475E-5 4.53712E-6
1.85292E-4 1.69214E-4 1.75794E-4 2.0756E-4 2.08731E-4 3.11628E-4 1.98366E-4 2.01512E-4 8.24808E-5 1.2429E-4 1.13337E-4 7.21189E-5 1.19975E-4 1.79486E-4 8.45058E-5 1.09071E-4 2.2778E-4 1.31348E-4 2.39881E-4 1.15955E-4 2.03088E-4 1.77867E-4 1.2519E-4 1.23808E-4 7.45404E-5 4.41578E-5 1.81171E-5 1.10462E-5 2.58276E-5 2.8795E-5 7.74063E-6 5.78916E-6 5.16245E-6 6.18585E-6 1.34238E-5 4.71099E-5 3.34927E-5 7.3441E-5 2.96388E-5 1.15388E-5 1.0972E-5 1.59614E-5 1.31085E-5 7.89289E-6 3.59853E-6 1.85404E-6 4.58355E-6 6.40545E-6 1.32796E-5 1.77736E-5 1.22873E-5 1.49587E-5 1.53789E-5 -9999 -9999 -9999 -9999 1.00263E-5 9.29239E-6 8.05891E-6 6.64553E-6 8.4759E-6 2.33032E-5 1.66157E-5 1.05665E-5
1.84285E-4 1.94396E-4 2.03245E-4 2.89651E-4 1.5997E-4 2.86557E-4 1.94275E-4 4.76967E-4 1.72252E-4 1.37518E-4 9.21359E-5 8.97709E-5 7.2603E-5 3.5259E-5 1.45635E-5 4.13842E-5 5.94965E-5 2.08904E-4 2.1195E-4 1.10642E-4 9.42231E-5 1.80067E-4 1.16718E-4 1.05022E-4 8.26312E-5 5.46756E-5 9.64682E-5 4.52052E-5 7.34615E-5 8.86077E-5 2.78087E-5 3.51658E-5 1.60906E-5 2.59591E-5 4.48842E-5 8.08004E-5 2.02207E-4 5.68842E-5 1.47846E-5 1.10639E-5 2.97217E-5 3.64382E-5 4.07761E-5 9.87368E-6 2.13349E-6 2.50698E-6 7.44866E-6 2.32354E-5 1.46425E-4 1.71137E-4 9.09606E-5 3.98698E-5 2.35051E-5 -9999 -9999 -9999 1.56214E-5 1.29904E-5 1.06849E-5 7.97401E-6 7.51432E-6 6.61196E-6 1.54129E-5 4.1681E-5 3.2537E-5
7.69579E-5 2.09863E-4 1.78652E-4 1.95515E-4 2.72371E-4 2.78836E-4 1.79357E-4 2.46595E-4 2.14321E-4 1.84468E-4 1.49352E-4 1.45595E-4 3.43224E-4 2.96766E-5 5.88135E-5 6.53883E-5 6.15934E-5 5.57395E-5 5.14398E-5 3.35386E-5 6.64155E-5 6.335E-5 9.01986E-5 1.74607E-4 1.69235E-4 9.15431E-5 1.22236E-4 6.13803E-5 8.37707E-5 8.43537E-5 5.76671E-5 4.91295E-5 5.24365E-5 1.18977E-4 1.70856E-4 4.69689E-4 4.13331E-4 1.90849E-4 8.05941E-5 4.04676E-5 3.18678E-5 5.30669E-5 2.95601E-5 9.42052E-5 1.37866E-5 4.11381E-5 1.43482E-4 1.54422E-4 2.57257E-4 4.68483E-5 6.17232E-5 2.03064E-4 1.87056E-5 -9999 -9999 1.92955E-5 1.43294E-5 1.46256E-5 1.57414E-5 1.20526E-5 1.06737E-5 1.90142E-5 2.90166E-5 5.5129E-5 4.31448E-5
5.4113E-5 7.75928E-5 6.98912E-5 9.99253E-5 2.51533E-4 1.43034E-4 1.43994E-4 2.43078E-4 2.15626E-4 1.94042E-4 1.88315E-4 1.65472E-4 9.09244E-5 5.84773E-5 5.82199E-5 6.08462E-5 4.95929E-5 4.91412E-5 5.23086E-5 6.42699E-5 6.51572E-5 6.25442E-5 5.96188E-5 6.98552E-5 6.93736E-5 7.89566E-5 1.37859E-4 1.43139E-4 2.80711E-4 4.35128E-4 2.68938E-4 2.53708E-4 2.65131E-4 7.70121E-5 8.34709E-5 7.64642E-5 7.81565E-5 3.92357E-5 5.40425E-5 7.93692E-5 7.48336E-5 7.07677E-5 5.04445E-5 1.78164E-4 2.18176E-5 2.37141E-5 3.02038E-5 3.75606E-5 7.48138E-5 8.17479E-5 6.94794E-5 1.64891E-4 -9999 -9999 2.17643E-5 1.68891E-5 1.48537E-5 1.5375E-5 2.68784E-5 3.12303E-5 2.41642E-5 3.50902E-5 3.20632E-5 4.48165E-5 3.07922E-5
5.42237E-5 1.05934E-4 6.41622E-5 5.95867E-5 1.44305E-4 1.4172E-4 1.33369E-4 7.3304E-5 6.78936E-5 1.21966E-4 1.70085E-4 1.95615E-4 1.43234E-4 2.4246E-4 1.97318E-4 6.5963E-5 5.77225E-5 5.59065E-5 5.44819E-5 5.67213E-5 6.48445E-5 5.75247E-5 6.97373E-5 7.32354E-5 6.94091E-5 7.2939E-5 8.11789E-5 8.38692E-5 7.29619E-5 8.01918E-5 7.31524E-5 3.17033E-4 7.47226E-5 8.27667E-5 8.50073E-5 7.40071E-5 7.93508E-5 6.40479E-5 7.79175E-5 8.59492E-5 8.65521E-5 8.26633E-5 6.7431E-5 4.56252E-5 3.22062E-5 4.61116E-5 5.87123E-5 6.52873E-5 7.86763E-5 8.22898E-5 7.98267E-5 3.82406E-5 7.98622E-5 -9999 2.44289E-5 2.12443E-5 1.51291E-5 2.13405E-5 3.45566E-5 2.08497E-5 6.16346E-5 6.11776E-5 3.9084E-5 4.65828E-5 1.58997E-4
3.48364E-5 4.74773E-5 3.99659E-5 3.80987E-5 5.8461E-5 3.43E-5 1.36221E-4 2.38337E-4 6.76187E-5 9.83762E-5 1.06171E-4 1.33662E-4 6.74198E-5 9.33047E-5 1.44691E-4 1.95457E-4 2.13884E-4 1.92556E-4 5.42532E-4 5.69361E-5 6.8277E-5 6.86414E-5 7.08097E-5 7.2747E-5 7.81314E-5 8.15104E-5 8.20105E-5 8.10408E-5 8.14626E-5 7.7053E-5 8.09332E-5 8.28264E-5 8.36092E-5 8.33877E-5 9.31594E-5 8.82043E-5 8.29931E-5 8.4791E-5 9.07618E-5 8.2418E-5 8.84323E-5 8.46974E-5 8.17486E-5 6.61185E-5 6.00593E-5 7.14461E-5 7.42693E-5 6.84616E-5 7.59558E-5 7.09495E-5 8.20285E-5 6.00699E-5 3.1983E-5 7.10894E-5 2.84881E-5 1.88376E-5 2.15304E-5 2.84295E-5 1.66137E-5 5.18837E-5 6.3204E-5 4.97332E-5 2.27208E-5 3.16933E-5 5.74414E-5
1.00518E-5 2.96505E-5 4.81511E-5 1.76693E-5 8.05575E-6 8.31064E-6 2.81218E-5 8.94108E-5 1.02641E-4 1.95545E-4 1.04429E-4 1.53804E-4 1.23986E-4 1.48807E-4 1.11658E-4 4.63112E-5 1.60961E-4 1.60407E-4 1.54269E-4 5.71133E-4 5.38224E-4 5.75652E-5 2.94747E-4 5.73704E-5 6.40435E-5 7.40951E-5 7.73971E-5 5.17359E-5 7.36086E-5 7.34887E-5 7.08563E-5 6.91978E-5 7.75431E-5 7.77247E-5 7.91261E-5 8.17406E-5 8.19297E-5 8.57478E-5 8.23319E-5 8.32609E-5 1.01182E-4 9.31594E-5 7.13507E-5 6.53869E-5 6.11061E-5 7.23093E-5 7.79723E-5 7.98245E-5 8.05861E-5 8.22542E-5 8.18938E-5 7.67023E-5 6.98804E-5 6.29251E-5 2.17877E-4 7.02298E-5 9.86371E-5 6.5884E-5 8.46599E-5 5.14649E-5 7.48727E-5 4.05191E-5 5.47532E-5 6.95191E-5 9.55502E-5
7.80052E-6 7.11298E-6 8.95182E-6 5.43908E-6 7.4223E-6 2.13718E-5 2.5027E-5 1.69384E-5 4.01062E-6 4.40248E-5 8.3123E-5 2.28688E-4 2.44977E-4 2.66849E-4 1.48215E-4 1.32355E-4 1.77977E-4 1.03542E-4 9.17427E-5 8.02714E-5 1.57526E-4 1.52357E-4 2.38758E-4 5.38082E-5 6.30945E-5 7.41862E-5 6.36749E-5 5.42459E-5 5.93522E-5 6.81819E-5 7.45824E-5 7.20117E-5 8.14901E-5 9.2355E-5 7.42735E-5 5.59276E-5 6.82806E-5 8.31235E-5 1.01331E-4 9.45566E-5 1.00942E-4 8.67761E-5 7.68039E-5 6.07034E-5 5.73829E-5 6.54171E-5 7.55294E-5 8.35037E-5 8.63312E-5 7.84318E-5 7.26199E-5 6.76447E-5 6.70175E-5 7.61975E-5 6.70464E-5 1.28346E-4 7.46485E-5 7.1668E-5 6.59939E-5 6.46406E-5 7.01968E-5 8.12593E-5 8.0803E-5 7.38881E-5 7.9425E-5
1.68563E-5 6.33928E-6 8.0381E-6 1.05313E-5 2.0308E-5 4.85311E-5 7.7263E-5 6.916E-5 4.27248E-5 1.51553E-5 4.86682E-5 1.31477E-5 5.88333E-5 4.59691E-5 8.72224E-5 1.89279E-4 1.3209E-4 1.06073E-4 1.51693E-4 8.28118E-5 1.35814E-4 8.7128E-5 8.97669E-5 8.38131E-5 3.54225E-4 7.34207E-5 6.74086E-5 6.66891E-5 6.23652E-5 6.84536E-5 7.95967E-5 6.50965E-5 7.03949E-5 7.99978E-5 7.78015E-5 7.66102E-5 7.91197E-5 9.45566E-5 4.74708E-5 9.28299E-5 8.46105E-5 7.78163E-5 7.83462E-5 7.53962E-5 7.14932E-5 6.63462E-5 6.05265E-5 7.07565E-5 8.22126E-5 7.91602E-5 7.41862E-5 7.57836E-5 7.39653E-5 7.8201E-5 7.17809E-5 6.2999E-5 2.56026E-4 1.49154E-4 1.34858E-4 1.41948E-4 1.39297E-4 6.66065E-5 4.90088E-5 6.89776E-5 1.79153E-4
2.69747E-5 2.98234E-5 5.28712E-6 4.80839E-6 1.1399E-5 2.76855E-5 2.96501E-5 4.44842E-5 2.7228E-5 1.66034E-5 1.67364E-5 4.12986E-5 4.88446E-5 3.45961E-5 2.55535E-5 8.21689E-5 2.81056E-5 7.30746E-5 8.65365E-5 1.03555E-4 5.27733E-5 1.54124E-4 1.72643E-4 1.74758E-4 1.75099E-4 1.66399E-4 3.71016E-4 7.59186E-5 7.021E-5 6.96838E-5 7.60784E-5 7.66183E-5 7.52456E-5 6.19849E-5 6.4144E-5 7.98535E-5 8.02667E-5 6.97631E-5 8.44641E-5 7.36746E-5 7.26301E-5 9.20636E-5 8.55756E-5 7.63582E-5 6.79886E-5 6.46873E-5 6.11133E-5 6.87114E-5 8.41691E-5 7.43248E-5 6.36971E-5 8.58222E-5 8.47478E-5 8.65489E-5 8.54288E-5 7.25719E-5 7.36894E-5 1.98668E-4 1.89018E-4 8.40791E-5 9.19483E-5 8.46135E-5 1.71853E-4 1.8084E-4 1.68827E-4
1.07281E-5 3.28583E-5 1.10731E-5 1.34258E-5 8.02645E-6 8.31863E-6 1.19171E-5 3.08697E-5 3.26788E-5 2.71094E-5 1.47925E-5 6.80402E-6 2.90123E-5 4.09196E-5 1.59596E-5 2.3365E-5 3.65753E-5 1.01965E-5 2.23554E-5 1.65581E-5 6.11445E-5 1.04777E-4 1.22277E-4 1.33769E-4 1.55564E-4 2.76501E-4 9.22369E-5 2.04544E-4 8.97554E-5 8.90073E-5 8.59688E-5 2.08425E-4 2.13353E-4 5.28702E-4 7.05695E-5 4.86924E-4 4.03689E-4 7.39931E-5 7.50223E-5 7.77689E-5 8.88647E-5 1.00523E-4 9.90015E-5 8.6232E-5 6.60983E-5 7.42504E-5 7.17572E-5 6.2298E-5 7.64574E-5 7.35418E-5 5.59386E-5 6.50135E-5 5.36571E-5 6.38046E-5 6.75871E-5 7.52671E-5 5.63718E-4 3.41191E-4 8.33674E-5 2.44223E-4 1.11432E-4 1.08989E-4 8.29582E-5 8.05977E-5 9.17601E-5
7.12965E-6 2.02621E-5 3.20304E-5 1.73426E-5 2.67181E-5 2.34576E-5 2.65055E-5 1.09163E-5 1.24155E-5 2.64143E-5 1.89263E-5 1.46542E-5 1.70189E-5 3.16791E-5 7.33041E-6 1.59221E-5 1.34056E-5 1.48129E-5 9.08895E-6 8.70895E-6 2.24721E-5 3.75786E-6 3.27832E-5 2.42738E-5 5.55159E-5 1.29526E-4 1.48921E-4 3.06188E-4 1.71312E-4 1.85089E-4 1.91244E-4 1.68292E-4 1.79621E-4 1.94632E-4 4.27404E-4 2.01631E-4 2.05651E-4 9.08055E-5 3.64679E-4 4.80035E-5 6.56725E-5 5.68866E-5 8.4945E-5 5.55849E-5 7.03151E-5 5.36338E-5 6.07219E-5 4.74224E-5 6.49957E-5 4.50392E-5 4.498E-5 3.45098E-5 5.37097E-5 7.1805E-5 3.36487E-4 2.20072E-4 1.28441E-4 1.52205E-4 5.45873E-4 2.77836E-4 1.65083E-4 1.46959E-4 5.60086E-5 9.96885E-5 2.02674E-4
