catData/rasterBestHybridModels/Prubiginosus/RDbal_RM2_LQ/Prubiginosus_avg.asc
ncols         409
nrows         350
xllcorner     60.897278365
yllcorner     5.843756025
cellsize      0.0892857
NODATA_value  -9999
[rows 87 to 115 of 350, columns 325 to 389 of 409]
-9999 -9999 -9999 -9999 -9999 -9999 -9999 -9999 -9999 -9999 -9999 -9999 -9999 -9999 -9999 -9999 -9999 -9999 -9999 -9999 -9999 -9999 -9999 -9999 -9999 -9999 -9999 -9999 -9999 -9999 -9999 -9999 -9999 -9999 -9999 -9999 -9999 -9999 -9999 -9999 -9999 -9999 -9999 -9999 -9999 -9999 -9999 -9999 -9999 -9999 -9999 -9999 6.55801E-7 7.47477E-7 1.24226E-6 -9999 -9999 -9999 -9999 -9999 -9999 -9999 -9999 4.24725E-7 2.77643E-7
-9999 -9999 -9999 -9999 -9999 -9999 -9999 -9999 -9999 -9999 -9999 -9999 -9999 -9999 -9999 -9999 -9999 -9999 -9999 -9999 -9999 -9999 -9999 -9999 -9999 -9999 -9999 -9999 -9999 -9999 -9999 -9999 -9999 -9999 -9999 -9999 -9999 -9999 -9999 -9999 -9999 -9999 -9999 -9999 -9999 -9999 -9999 -9999 -9999 8.10985E-7 9.73568E-7 8.00345E-7 9.95022E-7 1.78334E-6 2.06159E-6 5.30324E-6 8.7283E-6 -9999 -9999 -9999 -9999 -9999 -9999 5.48363E-7 3.97737E-7
-9999 -9999 -9999 -9999 -9999 -9999 -9999 -9999 -9999 -9999 -9999 -9999 -9999 -9999 -9999 -9999 -9999 -9999 -9999 -9999 -9999 -9999 -9999 -9999 -9999 -9999 -9999 -9999 -9999 -9999 -9999 -9999 -9999 -9999 -9999 -9999 -9999 -9999 -9999 -9999 -9999 -9999 -9999 -9999 -9999 -9999 -9999 -9999 9.4145E-7 9.82717E-7 1.97381E-6 2.49376E-6 2.39506E-6 3.552E-6 5.31381E-6 9.11629E-6 1.11174E-5 9.30305E-6 5.89801E-6 2.35092E-6 -9999 -9999 1.14692E-6 8.21652E-7 8.5858E-7
-9999 -9999 -9999 -9999 -9999 -9999 -9999 -9999 -9999 -9999 -9999 -9999 -9999 -9999 -9999 -9999 -9999 -9999 -9999 -9999 -9999 -9999 -9999 -9999 -9999 -9999 -9999 -9999 -9999 -9999 -9999 -9999 -9999 -9999 -9999 -9999 -9999 -9999 -9999 -9999 -9999 -9999 -9999 -9999 -9999 -9999 -9999 1.2795E-6 1.37878E-6 1.30829E-6 2.70802E-6 5.82442E-6 5.29971E-6 7.34595E-6 1.49058E-5 1.84649E-5 1.61177E-5 1.14795E-5 7.00149E-6 2.73441E-6 1.77661E-6 2.14484E-6 1.65695E-6 1.21375E-6 1.53451E-6
-9999 -9999 -9999 -9999 -9999 -9999 -9999 -9999 -9999 -9999 -9999 -9999 -9999 -9999 -9999 -9999 -9999 -9999 -9999 -9999 -9999 -9999 -9999 -9999 -9999 -9999 -9999 -9999 -9999 -9999 -9999 -9999 -9999 -9999 -9999 -9999 -9999 -9999 -9999 -9999 -9999 -9999 -9999 -9999 -9999 -9999 -9999 1.93464E-6 2.94596E-6 2.97387E-6 3.60867E-6 8.76432E-6 1.34028E-5 1.86626E-5 2.77313E-5 2.63005E-5 2.01021E-5 1.45111E-5 8.85307E-6 3.74102E-6 2.04977E-6 2.62138E-6 2.66152E-6 1.74897E-6 1.86922E-6
-9999 -9999 -9999 -9999 -9999 -9999 -9999 -9999 -9999 -9999 -9999 -9999 -9999 -9999 -9999 -9999 -9999 -9999 -9999 -9999 -9999 -9999 -9999 -9999 -9999 -9999 -9999 -9999 -9999 -9999 -9999 -9999 -9999 -9999 -9999 -9999 -9999 -9999 -9999 -9999 -9999 -9999 -9999 -9999 -9999 -9999 1.09393E-6 2.53082E-6 5.43115E-6 5.98481E-6 4.42401E-6 9.24609E-6 2.07423E-5 2.79738E-5 4.34694E-5 3.23063E-5 2.19505E-5 1.34668E-5 1.03431E-5 6.28088E-6 3.10137E-6 2.5893E-6 3.75402E-6 3.3584E-6 1.75498E-6
-9999 -9999 -9999 -9999 -9999 -9999 -9999 -9999 -9999 -9999 -9999 -9999 -9999 -9999 -9999 -9999 -9999 -9999 -9999 -9999 -9999 -9999 -9999 -9999 -9999 -9999 -9999 -9999 -9999 -9999 -9999 -9999 -9999 -9999 -9999 -9999 -9999 -9999 -9999 -9999 -9999 -9999 -9999 -9999 -9999 1.24794E-6 1.59404E-6 2.82077E-6 7.12232E-6 8.89682E-6 6.26851E-6 8.90088E-6 2.36156E-5 3.82587E-5 4.42437E-5 3.46E-5 2.57212E-5 1.44598E-5 8.53753E-6 6.28855E-6 4.23367E-6 3.29655E-6 2.664E-6 2.95933E-6 2.55255E-6
-9999 -9999 -9999 -9999 -9999 -9999 -9999 -9999 -9999 -9999 -9999 -9999 -9999 -9999 -9999 -9999 -9999 -9999 -9999 -9999 -9999 -9999 -9999 -9999 -9999 -9999 -9999 -9999 -9999 -9999 -9999 -9999 -9999 -9999 -9999 -9999 -9999 -9999 1.65035E-6 9.22735E-7 7.35274E-7 1.05875E-6 7.97666E-7 8.77182E-7 1.01194E-6 2.85532E-6 4.18758E-6 5.17518E-6 7.79681E-6 1.23033E-5 1.09339E-5 1.25365E-5 2.75659E-5 4.19702E-5 3.2456E-5 2.82527E-5 2.36792E-5 1.71317E-5 1.18914E-5 9.12016E-6 6.99712E-6 3.50632E-6 3.71531E-6 3.55783E-6 3.53942E-6
-9999 -9999 -9999 -9999 -9999 -9999 -9999 -9999 -9999 -9999 -9999 -9999 -9999 -9999 -9999 -9999 -9999 -9999 -9999 -9999 -9999 -9999 -9999 -9999 -9999 -9999 -9999 -9999 -9999 -9999 -9999 -9999 -9999 -9999 -9999 -9999 -9999 1.12348E-6 1.58522E-6 2.11403E-6 1.00594E-6 2.05251E-6 1.90111E-6 1.8896E-6 1.40146E-6 2.40385E-6 4.99566E-6 7.0934E-6 9.93589E-6 1.45705E-5 1.84935E-5 2.47847E-5 4.42424E-5 4.4628E-5 3.09757E-5 2.32498E-5 1.85393E-5 1.74313E-5 1.88521E-5 1.72413E-5 1.13368E-5 5.12543E-6 5.6666E-6 8.65906E-6 7.99698E-6
-9999 -9999 -9999 -9999 -9999 -9999 -9999 -9999 -9999 -9999 -9999 -9999 -9999 -9999 -9999 -9999 -9999 -9999 -9999 -9999 -9999 -9999 -9999 -9999 -9999 -9999 -9999 -9999 -9999 -9999 -9999 -9999 -9999 -9999 -9999 -9999 -9999 3.40457E-6 3.38691E-6 4.36937E-6 2.5068E-6 3.74728E-6 6.39541E-6 6.79463E-6 5.24268E-6 4.88707E-6 6.23866E-6 6.05985E-6 6.40401E-6 1.06389E-5 1.75675E-5 2.3612E-5 3.47566E-5 4.81244E-5 3.42165E-5 2.63592E-5 1.90902E-5 2.33817E-5 2.59368E-5 2.37708E-5 1.26688E-5 9.4377E-6 1.30164E-5 7.41151E-6 6.34047E-6
-9999 -9999 -9999 -9999 -9999 -9999 -9999 -9999 -9999 -9999 -9999 -9999 -9999 -9999 -9999 -9999 -9999 -9999 -9999 -9999 -9999 -9999 -9999 -9999 -9999 -9999 -9999 -9999 -9999 -9999 -9999 -9999 -9999 -9999 -9999 -9999 -9999 4.32464E-6 4.74396E-6 7.23908E-6 8.29547E-6 8.88926E-6 1.01834E-5 1.12648E-5 1.27223E-5 1.15935E-5 9.5661E-6 8.47142E-6 7.90861E-6 8.22522E-6 1.36571E-5 2.44635E-5 3.59957E-5 5.1378E-5 3.65101E-5 2.87128E-5 2.58717E-5 3.11203E-5 3.25553E-5 3.17752E-5 2.66246E-5 2.12813E-5 1.83637E-5 1.47438E-5 1.25221E-5
2.25349E-7 1.62037E-7 -9999 7.64663E-8 4.09607E-8 -9999 -9999 -9999 -9999 -9999 -9999 -9999 -9999 -9999 -9999 -9999 -9999 -9999 -9999 -9999 -9999 -9999 -9999 -9999 -9999 -9999 -9999 -9999 -9999 -9999 -9999 -9999 -9999 -9999 -9999 4.8541E-6 7.3689E-6 6.65401E-6 5.64664E-6 4.73101E-6 6.06524E-6 1.06846E-5 1.02627E-5 9.70042E-6 1.21934E-5 1.17858E-5 1.27539E-5 1.34482E-5 1.44967E-5 1.39489E-5 1.86039E-5 3.30837E-5 4.95569E-5 6.2399E-5 3.56971E-5 2.82411E-5 3.05088E-5 3.56886E-5 4.35571E-5 4.27351E-5 2.82764E-5 2.24706E-5 2.1304E-5 1.71622E-5 1.48271E-5
6.9514E-8 6.37205E-8 6.17444E-8 3.01269E-8 1.77536E-8 3.36861E-8 2.9281E-8 -9999 -9999 -9999 -9999 -9999 -9999 -9999 -9999 -9999 -9999 -9999 -9999 -9999 -9999 -9999 -9999 -9999 -9999 -9999 -9999 -9999 -9999 -9999 -9999 -9999 -9999 -9999 7.19277E-6 1.37336E-5 2.33351E-5 1.92005E-5 1.89654E-5 1.74081E-5 1.64644E-5 2.25674E-5 2.06475E-5 1.84227E-5 1.69138E-5 1.73417E-5 1.50482E-5 1.46963E-5 1.5968E-5 1.57633E-5 2.05014E-5 3.29041E-5 4.92466E-5 1.12046E-4 3.99847E-5 3.87119E-5 3.99302E-5 4.17262E-5 3.12451E-5 4.30076E-5 3.41205E-5 2.92084E-5 2.29541E-5 1.80649E-5 1.5118E-5
2.5645E-7 1.8039E-7 1.73212E-7 9.76309E-8 5.92391E-8 4.26655E-8 3.38475E-8 -9999 8.96495E-8 6.95022E-8 -9999 -9999 -9999 -9999 -9999 3.75562E-7 -9999 -9999 -9999 -9999 -9999 -9999 -9999 -9999 -9999 -9999 -9999 -9999 -9999 -9999 4.95937E-7 1.04589E-6 2.31435E-6 2.43265E-6 3.88212E-6 9.16755E-6 2.74925E-5 3.96008E-5 4.46505E-5 3.26843E-5 3.34086E-5 3.70548E-5 3.54343E-5 3.16024E-5 2.22885E-5 2.0185E-5 2.06216E-5 1.87462E-5 1.69997E-5 2.02933E-5 2.60452E-5 3.22333E-5 3.53104E-5 3.73274E-5 3.42996E-5 2.8224E-5 3.27312E-5 4.12582E-5 4.30719E-5 4.33723E-5 3.74867E-5 2.98321E-5 2.4215E-5 1.38065E-5 1.26421E-5
7.57633E-7 7.02732E-7 5.01966E-7 2.51162E-7 1.01022E-7 8.22639E-8 9.65152E-8 9.40193E-8 1.2431E-7 1.00584E-7 2.47383E-7 4.51073E-7 8.27293E-7 1.78576E-6 1.03815E-6 5.47308E-7 4.82436E-7 5.13514E-7 -9999 -9999 -9999 -9999 -9999 -9999 -9999 -9999 -9999 -9999 -9999 -9999 -9999 4.92478E-7 2.20054E-6 4.62364E-6 6.21497E-6 1.16979E-5 1.95989E-5 2.56776E-5 4.24676E-5 4.93181E-5 4.8923E-5 5.27257E-5 5.05397E-5 3.81194E-5 2.76167E-5 2.6762E-5 2.64783E-5 2.73174E-5 2.08071E-5 1.91134E-5 2.24351E-5 2.53006E-5 2.58936E-5 2.5708E-5 2.74107E-5 2.39286E-5 2.8366E-5 2.91728E-5 2.9695E-5 2.61861E-5 1.92366E-5 1.60395E-5 1.9183E-5 1.62578E-5 7.85244E-6
8.36843E-7 1.11314E-6 4.48757E-7 2.07979E-7 1.23321E-7 1.71939E-7 2.01618E-7 2.20854E-7 2.9916E-7 3.05896E-7 4.19593E-7 6.30018E-7 1.17961E-6 2.64551E-6 1.55799E-6 1.18948E-6 1.32292E-6 8.65275E-7 8.39594E-7 8.98216E-7 -9999 -9999 -9999 -9999 -9999 -9999 -9999 -9999 -9999 -9999 9.61878E-7 1.94762E-6 2.25329E-6 5.02544E-6 1.0493E-5 1.72275E-5 2.16381E-5 2.58436E-5 2.78141E-5 3.35731E-5 3.82957E-5 3.66324E-5 4.85206E-5 3.68477E-5 3.59566E-5 3.19024E-5 3.01792E-5 2.8418E-5 2.88327E-5 1.69769E-5 1.79018E-5 1.87661E-5 1.87326E-5 1.79642E-5 1.67746E-5 1.88922E-5 2.20093E-5 2.24083E-5 2.38698E-5 1.20258E-5 1.15811E-5 1.17512E-5 1.3399E-5 1.32741E-5 1.29223E-5
1.33407E-6 2.13061E-6 8.97571E-7 3.57222E-7 2.8381E-7 4.02602E-7 4.45444E-7 3.99714E-7 5.30047E-7 6.00684E-7 7.25915E-7 1.12779E-6 2.59763E-6 5.21569E-6 2.70717E-6 2.6212E-6 2.69936E-6 3.06591E-6 2.10274E-6 2.72149E-6 4.14121E-6 -9999 -9999 -9999 -9999 8.52755E-7 4.8791E-7 3.01441E-7 4.35457E-7 1.81416E-6 1.14855E-6 2.44803E-6 4.34593E-6 6.67074E-6 1.02622E-5 1.30694E-5 1.54832E-5 2.02104E-5 2.39635E-5 2.97116E-5 3.98615E-5 4.9004E-5 4.60802E-5 4.49161E-5 5.04028E-5 4.99522E-5 3.45688E-5 2.70389E-5 2.17004E-5 1.70986E-5 1.68477E-5 1.81011E-5 1.81931E-5 1.75135E-5 1.60541E-5 1.47498E-5 1.6775E-5 1.7902E-5 1.38031E-5 1.13976E-5 1.2391E-5 1.45918E-5 1.20463E-5 1.64099E-5 1.94145E-5
2.20507E-6 1.90947E-6 1.36808E-6 8.60458E-7 6.81705E-7 8.10262E-7 9.26946E-7 6.97631E-7 8.77797E-7 1.01627E-6 1.18425E-6 1.71681E-6 4.73049E-6 7.90126E-6 7.2317E-6 7.23298E-6 6.11023E-6 7.67327E-6 4.81998E-6 5.19472E-6 6.19431E-6 3.54144E-6 2.8822E-6 2.88549E-6 1.6605E-6 1.20132E-6 7.0312E-7 3.69094E-7 5.15372E-7 2.0145E-6 3.19399E-6 4.92341E-6 6.63675E-6 9.23731E-6 1.23757E-5 1.3685E-5 1.59833E-5 1.71866E-5 2.06111E-5 2.95402E-5 3.87921E-5 5.21408E-5 4.97677E-5 4.89815E-5 3.76878E-5 3.56062E-5 3.0403E-5 2.46893E-5 1.98125E-5 1.74971E-5 2.04043E-5 2.27395E-5 2.38334E-5 2.31641E-5 2.23682E-5 1.81222E-5 2.08937E-5 1.80982E-5 1.48763E-5 1.23227E-5 2.02274E-5 1.30347E-5 2.45247E-5 3.07833E-5 3.10581E-5
9.32392E-6 2.21234E-6 1.92068E-6 2.00732E-6 1.36243E-6 1.83545E-6 2.02765E-6 1.4799E-6 1.66799E-6 1.83237E-6 2.16025E-6 2.41306E-6 4.78454E-6 9.14376E-6 1.45828E-5 1.2627E-5 1.0408E-5 1.62089E-5 1.22288E-5 1.09966E-5 1.108E-5 5.94698E-6 4.99351E-6 4.50487E-6 2.85461E-6 1.74382E-6 1.40677E-6 8.60329E-7 1.14134E-6 2.75332E-6 5.44077E-6 7.68663E-6 7.59988E-6 9.53787E-6 1.26709E-5 1.48515E-5 1.4223E-5 1.39245E-5 1.69871E-5 2.25769E-5 2.93899E-5 3.69963E-5 3.54729E-5 3.32335E-5 2.97245E-5 2.33366E-5 2.08837E-5 1.90654E-5 1.80485E-5 2.02945E-5 2.42925E-5 2.89451E-5 3.25109E-5 2.93384E-5 2.34117E-5 1.83951E-5 1.05803E-5 1.03883E-5 1.81159E-5 2.57636E-5 1.93032E-5 1.67787E-5 2.27023E-5 5.35794E-5 1.9467E-5
1.06682E-5 6.94134E-6 2.51826E-6 3.38428E-6 3.11574E-6 4.12682E-6 4.20762E-6 2.70436E-6 2.62835E-6 3.24285E-6 3.87319E-6 3.29373E-6 6.23009E-6 6.79963E-6 1.8177E-5 1.22003E-5 1.25856E-5 2.35087E-5 2.31566E-5 2.61748E-5 2.30262E-5 1.53962E-5 1.02524E-5 5.78336E-6 3.29974E-6 2.37928E-6 2.75034E-6 2.01113E-6 2.74942E-6 3.48953E-6 4.82345E-6 7.17354E-6 8.77129E-6 9.84406E-6 1.11299E-5 1.2249E-5 1.24335E-5 1.02595E-5 1.18316E-5 1.8111E-5 2.26338E-5 2.72248E-5 2.62683E-5 2.44399E-5 2.08921E-5 1.55214E-5 1.94664E-5 2.24762E-5 2.39201E-5 2.57338E-5 3.24157E-5 2.77323E-5 3.21982E-5 2.76979E-5 1.86613E-5 2.19254E-5 2.80199E-5 4.42278E-5 4.40912E-5 2.50562E-5 2.26221E-5 1.69688E-5 4.58085E-5 6.70303E-5 4.77432E-5
7.69983E-6 5.07514E-6 5.44817E-6 4.76358E-6 5.3866E-6 6.40901E-6 3.88734E-6 3.66195E-6 3.33411E-6 4.09206E-6 4.20022E-6 2.44024E-6 7.88787E-6 1.96582E-5 1.36215E-5 8.53585E-6 1.86971E-5 3.19917E-5 5.3231E-5 5.21246E-5 2.95327E-5 1.18079E-5 1.00887E-5 5.34979E-6 4.69654E-6 5.38485E-6 5.78541E-6 4.28748E-6 5.14873E-6 5.83351E-6 5.39437E-6 7.56017E-6 8.95994E-6 8.85327E-6 9.27658E-6 1.09943E-5 1.15656E-5 9.60261E-6 9.56522E-6 1.5094E-5 1.93441E-5 2.09982E-5 2.07026E-5 1.91622E-5 1.66634E-5 1.86709E-5 2.6201E-5 3.19955E-5 3.13555E-5 1.72112E-5 1.90001E-5 1.04735E-5 2.44335E-5 3.51918E-5 3.46432E-5 4.48393E-5 3.45864E-5 4.28111E-5 2.77728E-5 2.14442E-5 3.86983E-5 4.84364E-5 5.05466E-5 4.37786E-5 4.18477E-5
1.67253E-5 5.45717E-6 7.45712E-6 5.68789E-6 2.81551E-6 6.78609E-6 1.03504E-5 8.70802E-6 5.18618E-6 2.26931E-6 2.89315E-6 2.9046E-6 4.686E-6 4.37141E-5 3.67799E-5 2.65923E-5 3.5285E-5 4.18622E-5 5.19218E-5 3.19389E-5 2.80544E-5 1.55815E-5 7.71414E-6 5.42184E-6 7.49933E-6 8.78978E-6 5.56415E-6 4.23796E-6 5.36597E-6 1.1304E-5 8.83587E-6 1.01364E-5 1.06964E-5 1.02766E-5 1.00392E-5 1.02858E-5 9.22793E-6 8.56445E-6 8.08607E-6 1.09618E-5 1.48078E-5 1.50337E-5 1.73622E-5 1.83269E-5 1.9134E-5 2.41775E-5 3.39929E-5 3.80627E-5 3.75137E-5 2.76641E-5 2.63426E-5 2.65101E-5 1.4779E-5 2.21461E-5 3.58943E-5 4.92969E-5 3.01573E-5 3.06049E-5 2.52536E-5 5.2677E-5 3.6499E-5 2.63132E-5 4.70554E-5 3.49901E-5 2.79259E-5
2.63416E-5 4.67101E-5 1.90133E-5 1.43943E-5 4.3683E-6 6.28899E-6 7.22965E-6 9.36869E-6 6.08733E-6 7.29771E-6 7.75901E-6 9.17255E-6 6.13738E-6 2.52763E-5 5.08036E-5 3.70993E-5 7.54434E-5 1.04031E-4 8.95406E-5 4.62466E-5 1.20561E-5 1.20532E-5 4.32214E-6 3.32632E-6 5.91728E-6 7.23486E-6 8.26918E-6 1.12834E-5 1.22911E-5 1.03991E-5 1.55623E-5 1.31196E-5 8.69319E-6 8.61923E-6 8.19092E-6 8.36419E-6 1.19709E-5 1.06464E-5 1.0497E-5 1.12036E-5 1.38453E-5 1.58183E-5 1.87995E-5 2.37739E-5 2.52239E-5 3.34587E-5 3.38612E-5 3.07581E-5 3.09389E-5 4.06051E-5 2.95948E-5 3.19692E-5 3.66863E-5 4.51968E-5 3.70199E-5 2.15573E-5 1.92872E-5 2.82046E-5 3.90133E-5 2.18278E-5 2.97119E-5 4.26843E-5 3.54334E-5 2.7011E-5 2.11908E-5
3.10561E-5 5.55455E-5 6.45068E-5 2.38751E-5 7.45241E-6 7.56207E-6 2.00912E-5 5.00668E-5 2.23434E-5 2.02727E-5 1.71701E-5 2.09872E-5 1.4561E-5 2.55637E-5 1.59614E-4 8.39234E-5 2.37965E-4 1.71306E-4 6.81932E-5 3.65599E-5 4.20528E-5 3.08097E-5 2.52194E-5 5.3386E-6 7.25312E-6 9.39644E-6 1.19711E-5 1.52047E-5 1.65518E-5 1.67215E-5 1.04177E-5 1.62651E-5 1.63234E-5 1.61772E-5 1.57419E-5 1.60213E-5 1.58586E-5 1.4329E-5 1.48644E-5 1.46259E-5 1.52253E-5 1.9358E-5 2.39811E-5 3.10928E-5 3.66468E-5 3.25036E-5 3.55242E-5 3.22529E-5 4.08986E-5 2.81281E-5 3.91003E-5 2.59075E-5 4.21832E-5 3.98545E-5 1.5836E-5 3.40478E-5 4.2039E-5 5.51457E-5 4.07002E-5 3.08285E-5 3.03242E-5 6.05322E-5 9.01363E-5 6.69401E-5 2.18569E-5
3.50366E-5 5.07206E-5 8.22908E-5 6.49396E-5 5.1924E-5 5.6001E-5 5.89798E-5 6.29389E-5 7.19163E-5 3.26565E-5 2.82037E-5 3.07715E-5 2.55402E-5 2.49649E-5 8.45194E-5 9.53448E-5 2.02335E-4 1.63156E-4 1.43106E-4 4.49999E-5 2.58796E-5 1.9821E-5 2.67761E-5 9.76152E-6 1.48111E-5 1.43139E-5 1.48883E-5 1.51933E-5 8.75457E-6 1.12879E-5 1.96106E-5 2.06617E-5 2.0819E-5 1.98187E-5 1.88393E-5 1.99225E-5 1.97577E-5 1.91788E-5 1.98574E-5 1.98189E-5 1.96187E-5 2.16923E-5 2.67582E-5 3.33608E-5 3.63801E-5 2.77758E-5 3.49142E-5 3.29141E-5 9.41142E-6 1.58729E-5 3.35875E-5 3.67764E-5 3.16504E-5 3.27139E-5 3.6505E-5 5.09503E-5 3.77474E-5 2.64429E-5 2.50346E-5 2.28265E-5 4.0521E-5 8.89467E-5 1.6084E-4 2.32357E-5 1.76113E-5
8.86353E-5 1.28552E-4 1.65508E-4 9.43876E-5 8.82896E-5 8.26734E-5 8.26532E-5 8.07976E-5 7.903E-5 8.58857E-5 4.28146E-5 4.20218E-5 3.69463E-5 3.43072E-5 3.73388E-5 4.89877E-5 6.67696E-5 6.81535E-5 7.34004E-5 4.36231E-5 2.78813E-5 2.14488E-5 2.40196E-5 1.32418E-5 1.21552E-5 1.85201E-5 1.17687E-5 1.25485E-5 1.18279E-5 2.19609E-5 1.82149E-5 2.86154E-5 3.01991E-5 2.79059E-5 2.32881E-5 2.5446E-5 2.59948E-5 2.43723E-5 2.63723E-5 2.58447E-5 2.63878E-5 2.76985E-5 3.39548E-5 3.18428E-5 3.05534E-5 3.29418E-5 2.64793E-5 3.29203E-5 2.29259E-5 2.35688E-5 2.33648E-5 3.03053E-5 3.97279E-5 3.66326E-5 2.11473E-5 2.15323E-5 3.09995E-5 3.30365E-5 3.95695E-5 3.57581E-5 6.4385E-5 2.42769E-5 2.37989E-5 1.98216E-5 1.6087E-5
1.34978E-4 9.97963E-5 7.38057E-5 6.2731E-5 5.82132E-5 5.44311E-5 6.49518E-5 5.91295E-5 5.10404E-5 5.53519E-5 6.43066E-5 3.57862E-5 4.51851E-5 3.98219E-5 4.52428E-5 3.57144E-5 4.08431E-5 4.98919E-5 6.58447E-5 4.70992E-5 2.93998E-5 2.73583E-5 1.70801E-5 1.65481E-5 2.12126E-5 1.6737E-5 2.63227E-5 2.85739E-5 2.5422E-5 2.98296E-5 3.34133E-5 3.58425E-5 3.56513E-5 3.51871E-5 2.8281E-5 3.54099E-5 3.59226E-5 3.24116E-5 3.57296E-5 3.60494E-5 3.60993E-5 3.68659E-5 2.64913E-5 2.3636E-5 2.4166E-5 3.2928E-5 1.51087E-5 1.10817E-5 1.53111E-5 1.81871E-5 2.50475E-5 3.48781E-5 2.79724E-5 1.97755E-5 3.01965E-5 5.05956E-5 1.37894E-4 9.19868E-5 5.56693E-5 2.53607E-5 2.07743E-5 2.03346E-5 1.81606E-5 1.63436E-5 1.40678E-5
5.77017E-5 3.76445E-5 3.54844E-5 5.00402E-5 4.9897E-5 4.88154E-5 3.48507E-5 5.3213E-5 5.02176E-5 4.4695E-5 4.77629E-5 5.15251E-5 3.99034E-5 5.16349E-5 5.51506E-5 4.82602E-5 2.99371E-5 6.01334E-5 5.40702E-5 4.25224E-5 3.4965E-5 3.41981E-5 3.19221E-5 3.11295E-5 2.33708E-5 3.04558E-5 2.88655E-5 3.76149E-5 2.46705E-5 2.34754E-5 3.13871E-5 3.92588E-5 3.35262E-5 3.20065E-5 3.63037E-5 2.58404E-5 4.27138E-5 2.74039E-5 3.99971E-5 2.76138E-5 4.18434E-5 3.90563E-5 4.19993E-5 2.25835E-5 1.99908E-5 2.6667E-5 2.35033E-5 2.43903E-5 2.87007E-5 1.32133E-5 4.55147E-5 3.42147E-5 2.60528E-5 3.42492E-5 3.00095E-5 9.17769E-5 4.70603E-5 2.18251E-4 2.77765E-5 2.15156E-5 1.90662E-5 1.70831E-5 1.37998E-5 1.27527E-5 -9999
7.49334E-5 4.01019E-5 8.25887E-5 8.33126E-5 6.19198E-5 7.54581E-5 5.15186E-5 5.57415E-5 8.31981E-5 6.27468E-5 3.90463E-5 6.69439E-5 7.98616E-5 5.96491E-5 4.95323E-5 4.21094E-5 4.04409E-5 3.31881E-5 2.20115E-5 1.58429E-5 1.61052E-5 2.34139E-5 2.77746E-5 3.21627E-5 1.51298E-5 1.47515E-5 3.29965E-5 2.80135E-5 2.53229E-5 3.00144E-5 2.43312E-5 3.49987E-5 3.49263E-5 4.83436E-5 4.3182E-5 4.46948E-5 4.78638E-5 4.58989E-5 4.11134E-5 3.40933E-5 1.55695E-5 1.36212E-5 1.38493E-5 3.69551E-5 2.73793E-5 2.38532E-5 1.58319E-5 2.46363E-5 5.15171E-5 6.91015E-5 5.64349E-5 4.57915E-5 4.62487E-5 1.34149E-4 9.17118E-5 1.36587E-4 2.61617E-5 2.71897E-5 2.26501E-5 1.85141E-5 1.66804E-5 1.31511E-5 1.11111E-5 -9999 -9999
