catData/rasterBestHybridModels/Prubiginosus/RD_BM01_RM1.5_L/Prubiginosus_avg.asc
ncols         409
nrows         350
xllcorner     60.897278365
yllcorner     5.843756025
cellsize      0.0892857
NODATA_value  -9999
[rows 87 to 115 of 350, columns 330 to 395 of 409]
-9999 -9999 -9999 -9999 -9999 -9999 -9999 -9999 -9999 -9999 -9999 -9999 -9999 -9999 -9999 -9999 -9999 -9999 -9999 -9999 -9999 -9999 -9999 -9999 -9999 -9999 -9999 -9999 -9999 -9999 -9999 -9999 -9999 -9999 -9999 -9999 -9999 -9999 -9999 -9999 -9999 -9999 -9999 -9999 -9999 -9999 -9999 4.94691E-7 5.82973E-7 8.72431E-7 -9999 -9999 -9999 -9999 -9999 -9999 -9999 -9999 1.65386E-7 1.03414E-7 4.45914E-8 5.63366E-8 4.00806E-8 1.83997E-8 1.06477E-8 1.46565E-8
-9999 -9999 -9999 -9999 -9999 -9999 -9999 -9999 -9999 -9999 -9999 -9999 -9999 -9999 -9999 -9999 -9999 -9999 -9999 -9999 -9999 -9999 -9999 -9999 -9999 -9999 -9999 -9999 -9999 -9999 -9999 -9999 -9999 -9999 -9999 -9999 -9999 -9999 -9999 -9999 -9999 -9999 -9999 -9999 5.12703E-7 6.50253E-7 6.05952E-7 7.57981E-7 1.28241E-6 1.49181E-6 3.47302E-6 5.0214E-6 -9999 -9999 -9999 -9999 -9999 -9999 2.05212E-7 1.34403E-7 9.88468E-8 1.06612E-7 6.65096E-8 3.6803E-8 3.58606E-8 2.09159E-8
-9999 -9999 -9999 -9999 -9999 -9999 -9999 -9999 -9999 -9999 -9999 -9999 -9999 -9999 -9999 -9999 -9999 -9999 -9999 -9999 -9999 -9999 -9999 -9999 -9999 -9999 -9999 -9999 -9999 -9999 -9999 -9999 -9999 -9999 -9999 -9999 -9999 -9999 -9999 -9999 -9999 -9999 -9999 5.73939E-7 6.29333E-7 1.23298E-6 1.72025E-6 1.78455E-6 2.67592E-6 3.82543E-6 5.99286E-6 6.5813E-6 5.07067E-6 2.97545E-6 1.20194E-6 -9999 -9999 4.2746E-7 2.7944E-7 2.577E-7 1.96065E-7 1.65784E-7 1.19149E-7 6.88197E-8 5.65595E-8 2.6549E-8
-9999 -9999 -9999 -9999 -9999 -9999 -9999 -9999 -9999 -9999 -9999 -9999 -9999 -9999 -9999 -9999 -9999 -9999 -9999 -9999 -9999 -9999 -9999 -9999 -9999 -9999 -9999 -9999 -9999 -9999 -9999 -9999 -9999 -9999 -9999 -9999 -9999 -9999 -9999 -9999 -9999 -9999 6.95005E-7 8.31326E-7 8.77983E-7 1.74092E-6 3.88617E-6 4.0065E-6 5.60671E-6 1.08255E-5 1.26932E-5 1.02033E-5 6.55536E-6 3.6541E-6 1.4186E-6 8.11951E-7 8.39127E-7 5.84741E-7 3.90094E-7 4.22632E-7 4.53452E-7 2.95574E-7 2.10083E-7 1.07912E-7 6.25799E-8 -9999
-9999 -9999 -9999 -9999 -9999 -9999 -9999 -9999 -9999 -9999 -9999 -9999 -9999 -9999 -9999 -9999 -9999 -9999 -9999 -9999 -9999 -9999 -9999 -9999 -9999 -9999 -9999 -9999 -9999 -9999 -9999 -9999 -9999 -9999 -9999 -9999 -9999 -9999 -9999 -9999 -9999 -9999 9.81662E-7 1.63033E-6 1.87729E-6 2.48533E-6 5.93458E-6 9.80677E-6 1.45478E-5 2.16991E-5 1.94712E-5 1.33005E-5 8.40016E-6 4.62751E-6 1.89545E-6 9.43908E-7 9.84292E-7 8.9893E-7 5.60916E-7 5.56535E-7 6.5072E-7 4.99237E-7 3.79897E-7 1.90862E-7 8.32746E-8 6.23131E-8
-9999 -9999 -9999 -9999 -9999 -9999 -9999 -9999 -9999 -9999 -9999 -9999 -9999 -9999 -9999 -9999 -9999 -9999 -9999 -9999 -9999 -9999 -9999 -9999 -9999 -9999 -9999 -9999 -9999 -9999 -9999 -9999 -9999 -9999 -9999 -9999 -9999 -9999 -9999 -9999 -9999 5.3708E-7 1.22836E-6 2.65464E-6 3.51584E-6 3.18181E-6 6.81371E-6 1.58046E-5 2.22562E-5 3.80326E-5 2.47314E-5 1.46264E-5 7.81522E-6 5.21073E-6 2.97379E-6 1.37424E-6 9.90157E-7 1.28253E-6 1.10572E-6 5.7848E-7 7.77777E-7 7.38482E-7 5.50184E-7 2.48005E-7 1.03458E-7 1.07361E-7
-9999 -9999 -9999 -9999 -9999 -9999 -9999 -9999 -9999 -9999 -9999 -9999 -9999 -9999 -9999 -9999 -9999 -9999 -9999 -9999 -9999 -9999 -9999 -9999 -9999 -9999 -9999 -9999 -9999 -9999 -9999 -9999 -9999 -9999 -9999 -9999 -9999 -9999 -9999 -9999 5.54291E-7 7.63263E-7 1.43857E-6 3.66729E-6 4.9689E-6 4.28801E-6 6.86987E-6 1.88545E-5 3.48595E-5 3.82091E-5 2.56959E-5 1.64775E-5 8.14336E-6 4.46894E-6 2.86629E-6 1.78757E-6 1.39008E-6 1.03002E-6 1.07249E-6 8.76532E-7 6.76446E-7 9.57267E-7 6.44075E-7 3.5805E-7 2.36689E-7 2.27476E-7
-9999 -9999 -9999 -9999 -9999 -9999 -9999 -9999 -9999 -9999 -9999 -9999 -9999 -9999 -9999 -9999 -9999 -9999 -9999 -9999 -9999 -9999 -9999 -9999 -9999 -9999 -9999 -9999 -9999 -9999 -9999 -9999 -9999 1.02789E-6 5.63167E-7 4.09532E-7 4.65617E-7 3.37174E-7 3.52335E-7 3.99737E-7 1.13092E-6 1.76159E-6 2.43674E-6 4.20792E-6 7.2328E-6 7.60804E-6 9.77345E-6 2.08033E-5 3.73197E-5 2.41141E-5 2.00366E-5 1.48137E-5 9.34501E-6 5.54618E-6 4.06278E-6 3.23583E-6 1.57841E-6 1.54849E-6 1.38583E-6 1.27775E-6 1.03659E-6 8.72014E-7 6.09239E-7 4.2528E-7 4.17981E-7 2.81968E-7
-9999 -9999 -9999 -9999 -9999 -9999 -9999 -9999 -9999 -9999 -9999 -9999 -9999 -9999 -9999 -9999 -9999 -9999 -9999 -9999 -9999 -9999 -9999 -9999 -9999 -9999 -9999 -9999 -9999 -9999 -9999 -9999 1.0184E-6 1.18513E-6 1.34047E-6 5.91937E-7 9.37455E-7 8.208E-7 7.68029E-7 5.92557E-7 9.46244E-7 2.08756E-6 3.17224E-6 5.07832E-6 8.34095E-6 1.21945E-5 1.84294E-5 3.71012E-5 3.87634E-5 2.30856E-5 1.53908E-5 1.05305E-5 9.15892E-6 9.73529E-6 8.8345E-6 6.01658E-6 2.56062E-6 2.59584E-6 3.23631E-6 2.7093E-6 2.1563E-6 1.58438E-6 6.04667E-7 5.31893E-7 2.75245E-7 1.84574E-7
-9999 -9999 -9999 -9999 -9999 -9999 -9999 -9999 -9999 -9999 -9999 -9999 -9999 -9999 -9999 -9999 -9999 -9999 -9999 -9999 -9999 -9999 -9999 -9999 -9999 -9999 -9999 -9999 -9999 -9999 -9999 -9999 2.87281E-6 2.19037E-6 2.32917E-6 1.55166E-6 1.9233E-6 2.74032E-6 2.80039E-6 2.16968E-6 1.89293E-6 2.44269E-6 2.75988E-6 3.28183E-6 5.95944E-6 1.08821E-5 1.63507E-5 2.51437E-5 4.05716E-5 2.51114E-5 1.71111E-5 1.08919E-5 1.43737E-5 1.57192E-5 1.48855E-5 7.52339E-6 5.22397E-6 6.69028E-6 3.35457E-6 2.59425E-6 2.93242E-6 2.06868E-6 7.4316E-7 5.62194E-7 2.98118E-7 2.83837E-7
-9999 -9999 -9999 -9999 -9999 -9999 -9999 -9999 -9999 -9999 -9999 -9999 -9999 -9999 -9999 -9999 -9999 -9999 -9999 -9999 -9999 -9999 -9999 -9999 -9999 -9999 -9999 -9999 -9999 -9999 -9999 -9999 3.8608E-6 3.41754E-6 4.13341E-6 4.42815E-6 4.27995E-6 4.79794E-6 5.1455E-6 5.60865E-6 4.76114E-6 3.57881E-6 3.66493E-6 3.88761E-6 4.76014E-6 8.82181E-6 1.70453E-5 2.61174E-5 4.38429E-5 2.67413E-5 1.8253E-5 1.58209E-5 2.09718E-5 2.43571E-5 2.37684E-5 1.90272E-5 1.35119E-5 1.01786E-5 7.14999E-6 4.88667E-6 2.51579E-6 2.24346E-6 1.43151E-6 5.68931E-7 4.04003E-7 4.81094E-7
-9999 -9999 -9999 -9999 -9999 -9999 -9999 -9999 -9999 -9999 -9999 -9999 -9999 -9999 -9999 -9999 -9999 -9999 -9999 -9999 -9999 -9999 -9999 -9999 -9999 -9999 -9999 -9999 -9999 -9999 6.14697E-6 8.3015E-6 6.50162E-6 4.72294E-6 3.75131E-6 4.02119E-6 5.99871E-6 5.71521E-6 5.31049E-6 6.00944E-6 5.27851E-6 5.24318E-6 5.68853E-6 6.93606E-6 7.88162E-6 1.22404E-5 2.43883E-5 4.16415E-5 5.77326E-5 2.59891E-5 1.90232E-5 2.1763E-5 2.68091E-5 4.02861E-5 3.8884E-5 2.28542E-5 1.54005E-5 1.19949E-5 8.89472E-6 7.20183E-6 2.98813E-6 1.60565E-6 1.50581E-6 1.25975E-6 9.29543E-7 3.36165E-7
1.87527E-8 1.49519E-8 -9999 -9999 -9999 -9999 -9999 -9999 -9999 -9999 -9999 -9999 -9999 -9999 -9999 -9999 -9999 -9999 -9999 -9999 -9999 -9999 -9999 -9999 -9999 -9999 -9999 -9999 -9999 1.05342E-5 1.84712E-5 2.61353E-5 1.74525E-5 1.62555E-5 1.35544E-5 1.08967E-5 1.42096E-5 1.29613E-5 1.12142E-5 9.41951E-6 8.58812E-6 6.66088E-6 6.38012E-6 7.59181E-6 8.83356E-6 1.34756E-5 2.46231E-5 4.1711E-5 9.17414E-5 3.08316E-5 2.81079E-5 3.39854E-5 3.78917E-5 2.56574E-5 4.00589E-5 2.69979E-5 2.04865E-5 1.37471E-5 1.02884E-5 7.90907E-6 4.89443E-6 2.37632E-6 1.31929E-6 1.42625E-6 1.40895E-6 6.72816E-7
2.06885E-8 1.51991E-8 -9999 4.59307E-8 4.11969E-8 -9999 -9999 -9999 -9999 -9999 2.85277E-7 -9999 -9999 -9999 -9999 -9999 -9999 -9999 -9999 -9999 -9999 -9999 -9999 -9999 -9999 5.30328E-7 1.19155E-6 2.728E-6 3.17289E-6 4.71708E-6 9.89209E-6 2.93758E-5 3.78973E-5 4.11368E-5 2.58252E-5 2.48052E-5 2.71179E-5 2.5943E-5 2.16397E-5 1.3815E-5 1.08039E-5 1.06713E-5 9.23863E-6 8.02744E-6 1.09413E-5 1.6115E-5 2.25384E-5 2.63483E-5 3.03324E-5 2.64965E-5 2.06868E-5 2.65121E-5 4.0177E-5 4.06952E-5 4.13624E-5 3.19468E-5 2.22934E-5 1.63109E-5 7.51328E-6 6.54146E-6 5.86401E-6 6.17776E-6 3.69574E-6 2.73484E-6 3.08095E-6 2.15778E-6
3.38336E-8 3.68759E-8 4.08846E-8 6.0392E-8 5.6656E-8 1.40019E-7 2.668E-7 4.47879E-7 8.62763E-7 6.38825E-7 4.20155E-7 3.66757E-7 3.80179E-7 -9999 -9999 -9999 -9999 -9999 -9999 -9999 -9999 -9999 -9999 -9999 -9999 -9999 5.01993E-7 1.99986E-6 3.96065E-6 5.20888E-6 9.81243E-6 1.62845E-5 2.11691E-5 3.9073E-5 4.35483E-5 4.30401E-5 4.48478E-5 4.33613E-5 2.81712E-5 1.77062E-5 1.65263E-5 1.59634E-5 1.72901E-5 1.16554E-5 9.87495E-6 1.28614E-5 1.63015E-5 1.75492E-5 1.83674E-5 2.07141E-5 1.70741E-5 2.22675E-5 2.50474E-5 2.56547E-5 2.10504E-5 1.35962E-5 9.62068E-6 1.1972E-5 1.0369E-5 4.17151E-6 4.9571E-6 4.54976E-6 5.25756E-6 6.76569E-6 8.06996E-6 5.91606E-6
6.60523E-8 7.43917E-8 8.66744E-8 1.28696E-7 1.5158E-7 2.24161E-7 3.5675E-7 6.22794E-7 1.29115E-6 9.69605E-7 8.28832E-7 9.07466E-7 6.5616E-7 6.34766E-7 6.67804E-7 -9999 -9999 -9999 -9999 -9999 -9999 -9999 -9999 -9999 -9999 6.70249E-7 1.273E-6 1.59275E-6 3.30438E-6 6.61724E-6 1.09993E-5 1.40493E-5 1.85838E-5 2.13721E-5 2.51089E-5 2.78748E-5 2.75936E-5 4.24413E-5 2.75274E-5 2.63195E-5 2.4161E-5 2.15305E-5 1.95348E-5 1.86266E-5 8.71481E-6 9.84577E-6 1.05948E-5 1.10856E-5 1.10285E-5 1.03191E-5 1.26626E-5 1.6015E-5 1.75301E-5 2.0522E-5 8.23804E-6 6.83693E-6 6.66449E-6 9.27412E-6 9.60495E-6 8.86143E-6 7.86881E-6 6.97701E-6 8.05941E-6 1.43122E-5 2.82456E-6 2.63678E-6
1.45498E-7 1.53107E-7 1.38826E-7 2.02156E-7 2.63999E-7 3.57361E-7 5.5869E-7 1.20988E-6 2.29424E-6 1.62827E-6 1.67976E-6 1.86326E-6 2.11264E-6 1.59401E-6 1.89751E-6 2.56851E-6 -9999 -9999 -9999 -9999 4.43159E-7 2.44122E-7 1.55059E-7 2.35709E-7 7.57691E-7 6.3506E-7 1.25259E-6 2.194E-6 3.38168E-6 5.52208E-6 7.12077E-6 9.0587E-6 1.24347E-5 1.49255E-5 1.90891E-5 2.96861E-5 4.33533E-5 4.14135E-5 4.07629E-5 4.44779E-5 4.48135E-5 2.74432E-5 1.85577E-5 1.30979E-5 9.18529E-6 9.29E-6 1.05938E-5 1.11023E-5 1.11851E-5 1.06008E-5 9.79781E-6 1.1759E-5 1.31343E-5 1.06233E-5 8.06667E-6 8.31339E-6 9.16529E-6 8.09619E-6 1.27066E-5 1.34034E-5 1.88483E-5 1.02975E-5 7.30579E-6 5.43165E-6 2.44156E-6 3.47272E-6
2.73798E-7 2.90484E-7 2.30262E-7 2.90337E-7 3.90316E-7 5.35939E-7 7.99725E-7 2.05537E-6 3.54989E-6 3.97305E-6 4.25052E-6 4.18188E-6 5.14975E-6 3.69376E-6 3.7835E-6 4.19666E-6 2.56234E-6 1.94154E-6 1.59054E-6 9.16829E-7 6.15238E-7 3.43931E-7 1.68232E-7 2.31937E-7 7.0983E-7 1.15879E-6 1.8335E-6 2.56739E-6 3.7788E-6 5.40752E-6 6.31509E-6 7.9568E-6 8.99538E-6 1.15332E-5 1.94301E-5 2.88764E-5 4.53634E-5 4.43145E-5 4.40158E-5 2.9268E-5 2.77324E-5 2.30272E-5 1.70352E-5 1.2264E-5 1.01108E-5 1.3259E-5 1.63129E-5 1.77987E-5 1.81679E-5 1.7853E-5 1.48878E-5 1.9349E-5 1.51955E-5 1.13226E-5 8.08072E-6 1.51429E-5 9.07507E-6 1.94747E-5 3.01885E-5 2.85609E-5 1.59881E-5 1.7243E-5 5.09788E-6 3.65974E-6 5.60183E-6 3.28463E-6
5.7389E-7 6.02487E-7 4.49314E-7 4.82332E-7 6.2018E-7 7.87797E-7 1.06991E-6 2.11558E-6 4.24044E-6 7.4469E-6 7.64319E-6 7.20718E-6 1.19145E-5 9.34335E-6 9.06612E-6 7.98342E-6 4.48536E-6 3.32904E-6 2.51806E-6 1.4759E-6 8.29345E-7 6.22811E-7 3.59344E-7 3.76444E-7 8.12158E-7 1.56111E-6 2.35754E-6 2.49149E-6 3.34784E-6 4.81322E-6 6.11433E-6 6.0472E-6 6.59843E-6 9.18836E-6 1.40344E-5 2.07752E-5 2.74488E-5 2.68631E-5 2.58683E-5 2.21637E-5 1.59535E-5 1.43525E-5 1.25308E-5 1.16619E-5 1.37054E-5 1.81366E-5 2.51E-5 3.0511E-5 2.58725E-5 2.04683E-5 1.42364E-5 6.84811E-6 6.91316E-6 1.36706E-5 2.13723E-5 1.30592E-5 1.18055E-5 2.0863E-5 7.09785E-5 2.10107E-5 1.91895E-5 1.12791E-5 3.44728E-5 6.94485E-6 4.94752E-6 3.44955E-6
1.34476E-6 1.30209E-6 8.18948E-7 7.69556E-7 1.06939E-6 1.4187E-6 1.41618E-6 2.70056E-6 3.52704E-6 9.38589E-6 8.3148E-6 9.90348E-6 1.97849E-5 2.03733E-5 2.17963E-5 1.77257E-5 1.1576E-5 5.94051E-6 3.11492E-6 1.76406E-6 1.13673E-6 1.04499E-6 6.84004E-7 7.32763E-7 8.67036E-7 1.22902E-6 1.94081E-6 2.58648E-6 3.11977E-6 3.81628E-6 4.4323E-6 4.87029E-6 4.6651E-6 6.11644E-6 1.0237E-5 1.40035E-5 1.73923E-5 1.71585E-5 1.6352E-5 1.43151E-5 9.90596E-6 1.38937E-5 1.74941E-5 1.94725E-5 2.08894E-5 2.89655E-5 2.42126E-5 3.31811E-5 2.62312E-5 1.50385E-5 1.67612E-5 2.34588E-5 4.55153E-5 4.53519E-5 2.22903E-5 1.94966E-5 1.46084E-5 7.19027E-5 1.12222E-4 6.4703E-5 3.26799E-5 1.09308E-5 5.42158E-6 7.84246E-6 5.28324E-6 3.70094E-6
2.35818E-6 1.2956E-6 1.24772E-6 1.1552E-6 1.38623E-6 1.59484E-6 1.10115E-6 3.22424E-6 1.11552E-5 1.17563E-5 8.29091E-6 1.43258E-5 2.92987E-5 5.31703E-5 5.30291E-5 2.27194E-5 8.13774E-6 6.72672E-6 3.28008E-6 2.42201E-6 2.1433E-6 1.90879E-6 1.26995E-6 1.4367E-6 1.6839E-6 1.61266E-6 2.17053E-6 2.67893E-6 2.6309E-6 2.87249E-6 3.76194E-6 4.2304E-6 3.95927E-6 4.48406E-6 7.55415E-6 1.04337E-5 1.18298E-5 1.19773E-5 1.13541E-5 1.0329E-5 1.37109E-5 2.2577E-5 3.02776E-5 3.2472E-5 1.23651E-5 1.40397E-5 8.78729E-6 2.23739E-5 3.28073E-5 3.20701E-5 5.13573E-5 3.5687E-5 4.95458E-5 3.08093E-5 2.17105E-5 4.45193E-5 5.85499E-5 6.70573E-5 6.19953E-5 5.53055E-5 3.91241E-5 2.21751E-5 2.31646E-5 7.05274E-6 4.80633E-6 4.20772E-6
2.85085E-6 3.97104E-6 3.01031E-6 2.05591E-6 1.45047E-6 1.73616E-6 1.93148E-6 3.36835E-6 1.31432E-5 3.44818E-5 2.49111E-5 3.53562E-5 4.65579E-5 6.92217E-5 3.71986E-5 1.98248E-5 9.88622E-6 5.07046E-6 3.2318E-6 3.57514E-6 3.36542E-6 1.98874E-6 1.33502E-6 1.80075E-6 4.3801E-6 3.06351E-6 3.42334E-6 3.8949E-6 3.62995E-6 3.58935E-6 3.75472E-6 3.24819E-6 3.31273E-6 3.50085E-6 5.07759E-6 7.07011E-6 7.4808E-6 9.64938E-6 1.09814E-5 1.27247E-5 1.94947E-5 3.32154E-5 4.16924E-5 3.92917E-5 2.59959E-5 2.44848E-5 2.47299E-5 1.04368E-5 1.62648E-5 3.20402E-5 5.41704E-5 3.12801E-5 3.49552E-5 2.57935E-5 5.85931E-5 5.23144E-5 3.37688E-5 6.36208E-5 4.43819E-5 3.29453E-5 2.86234E-5 1.63773E-5 7.50529E-6 5.13736E-6 5.26178E-6 3.25765E-6
3.19457E-6 4.48701E-6 6.08819E-6 3.88619E-6 3.25473E-6 3.39908E-6 3.91196E-6 4.2439E-6 1.83702E-5 4.78334E-5 3.5113E-5 9.04795E-5 1.42428E-4 1.24577E-4 5.71552E-5 1.21575E-5 1.09876E-5 3.94362E-6 2.68492E-6 2.44064E-6 2.45842E-6 2.67541E-6 4.07953E-6 4.65531E-6 4.92893E-6 7.42782E-6 5.63603E-6 3.93434E-6 3.94317E-6 3.72389E-6 3.73992E-6 5.01804E-6 4.38775E-6 4.39081E-6 4.91966E-6 7.14154E-6 9.49431E-6 1.29122E-5 1.75065E-5 2.00461E-5 3.22869E-5 3.51959E-5 2.99017E-5 2.6577E-5 3.91366E-5 2.56573E-5 2.84378E-5 3.29593E-5 4.10979E-5 3.58866E-5 1.81096E-5 1.38682E-5 2.38217E-5 3.74345E-5 2.3538E-5 3.87819E-5 4.95362E-5 4.44141E-5 3.08724E-5 2.26725E-5 2.06863E-5 8.78695E-6 6.65712E-6 5.16328E-6 3.57462E-6 2.5876E-6
5.9486E-6 1.33962E-5 1.37962E-5 1.46417E-5 1.33173E-5 1.15296E-5 1.43116E-5 9.66852E-6 1.83317E-5 5.37428E-5 3.31903E-5 1.05113E-4 9.87113E-5 4.55149E-5 1.98817E-5 1.77764E-5 1.14834E-5 7.7788E-6 3.79261E-6 3.05214E-6 4.01661E-6 5.17363E-6 7.16297E-6 7.45197E-6 8.0134E-6 5.27889E-6 8.47399E-6 8.50625E-6 8.24484E-6 7.44974E-6 7.79091E-6 7.72586E-6 7.14941E-6 7.53907E-6 7.52331E-6 8.59707E-6 1.26354E-5 1.87647E-5 2.8067E-5 3.53359E-5 3.25873E-5 3.62893E-5 2.8832E-5 3.79414E-5 2.19478E-5 3.37704E-5 1.88789E-5 3.72601E-5 3.8774E-5 1.22502E-5 3.47196E-5 4.79533E-5 6.22444E-5 5.42731E-5 3.70238E-5 3.99366E-5 8.10557E-5 4.82408E-5 6.19204E-5 2.00629E-5 9.96034E-6 6.80277E-6 4.63037E-6 3.46172E-6 2.85612E-6 -9999
1.88907E-5 1.85778E-5 1.94931E-5 2.38557E-5 2.55421E-5 2.24271E-5 2.45078E-5 1.91811E-5 1.76048E-5 3.06739E-5 3.85551E-5 9.50495E-5 9.13639E-5 8.3139E-5 5.08433E-5 2.51695E-5 1.6961E-5 2.31445E-5 7.40832E-6 7.35707E-6 7.3508E-6 8.20621E-6 8.46947E-6 4.35936E-6 6.26477E-6 1.21961E-5 1.32675E-5 1.32503E-5 1.20251E-5 1.0443E-5 1.17142E-5 1.1844E-5 1.12851E-5 1.19389E-5 1.19342E-5 1.20882E-5 1.53552E-5 2.3087E-5 3.4923E-5 3.88412E-5 2.60448E-5 3.19625E-5 2.8295E-5 5.9955E-6 9.80092E-6 2.52941E-5 3.19104E-5 2.8229E-5 2.93231E-5 3.83855E-5 6.21456E-5 4.08423E-5 3.05067E-5 3.1169E-5 2.73555E-5 5.27293E-5 4.89816E-5 7.86538E-5 1.81479E-5 1.25245E-5 9.07763E-6 6.0701E-6 4.21097E-6 2.98635E-6 -9999 -9999
3.32249E-5 3.07947E-5 3.00185E-5 2.92101E-5 3.15829E-5 3.79524E-5 3.71814E-5 3.17665E-5 2.85597E-5 3.19917E-5 4.92994E-5 7.82593E-5 8.35735E-5 1.04365E-4 4.96691E-5 2.78106E-5 1.88082E-5 2.09227E-5 1.17329E-5 7.4507E-6 1.02465E-5 7.11686E-6 7.54259E-6 6.91667E-6 1.49424E-5 1.39842E-5 2.31048E-5 2.32137E-5 1.99921E-5 1.54343E-5 1.85299E-5 1.96236E-5 1.78994E-5 2.06316E-5 1.96013E-5 2.00916E-5 2.19058E-5 3.23479E-5 3.16129E-5 2.68273E-5 2.86093E-5 2.03906E-5 2.65324E-5 1.67314E-5 1.67018E-5 1.84227E-5 2.79381E-5 3.84797E-5 3.84197E-5 2.43982E-5 2.50364E-5 4.09424E-5 4.48218E-5 4.90968E-5 4.30624E-5 5.64011E-5 1.92775E-5 1.74412E-5 1.31678E-5 9.74886E-6 6.93831E-6 4.95049E-6 3.74429E-6 -9999 -9999 -9999
5.56771E-5 7.09659E-5 6.36654E-5 5.39788E-5 5.79215E-5 7.20798E-5 3.85485E-5 3.46477E-5 2.89391E-5 3.49077E-5 2.4521E-5 3.20947E-5 4.50922E-5 7.27245E-5 4.43277E-5 2.07254E-5 1.9094E-5 1.27153E-5 1.2709E-5 1.49539E-5 1.24581E-5 2.06472E-5 2.16086E-5 1.81413E-5 2.39773E-5 2.81459E-5 3.33161E-5 3.19552E-5 2.94731E-5 2.1546E-5 3.19996E-5 3.37153E-5 2.98188E-5 3.48337E-5 3.51678E-5 3.62223E-5 3.63526E-5 2.24989E-5 2.22559E-5 2.08847E-5 2.82357E-5 1.01161E-5 7.33674E-6 1.14007E-5 1.40816E-5 1.87076E-5 3.23316E-5 3.54403E-5 2.25719E-5 3.94613E-5 6.77527E-5 9.0412E-5 5.079E-5 3.66091E-5 2.01573E-5 1.46357E-5 1.42307E-5 1.11199E-5 8.97182E-6 7.17214E-6 5.44703E-6 -9999 -9999 -9999 -9999 -9999
5.85495E-5 3.64791E-5 6.66704E-5 6.28585E-5 5.62683E-5 5.99935E-5 6.62982E-5 4.6441E-5 4.40645E-5 5.0206E-5 4.1689E-5 2.41138E-5 6.12958E-5 5.50477E-5 4.0323E-5 2.907E-5 2.93715E-5 2.77397E-5 2.78378E-5 1.70386E-5 2.52293E-5 2.38044E-5 3.54346E-5 1.88889E-5 1.86574E-5 2.64684E-5 4.3108E-5 2.9982E-5 2.76577E-5 3.28543E-5 2.0975E-5 4.72834E-5 2.70776E-5 4.7014E-5 2.70667E-5 4.88407E-5 4.37635E-5 4.88315E-5 2.1135E-5 1.63555E-5 2.28944E-5 2.03885E-5 2.23541E-5 2.68539E-5 1.22992E-5 4.98549E-5 3.74627E-5 3.282E-5 4.71993E-5 3.22278E-5 5.76325E-5 2.93589E-5 1.19865E-4 2.20607E-5 1.46818E-5 1.21816E-5 9.96458E-6 6.7237E-6 5.7814E-6 -9999 -9999 -9999 -9999 -9999 -9999 -9999
7.5992E-5 4.46703E-5 5.19526E-5 8.86263E-5 5.88214E-5 3.0925E-5 6.41369E-5 8.50495E-5 5.38717E-5 5.0157E-5 4.02894E-5 3.62995E-5 2.60686E-5 1.55103E-5 1.06138E-5 1.20757E-5 2.00121E-5 2.58631E-5 3.17014E-5 1.07116E-5 1.13032E-5 3.20646E-5 2.48621E-5 2.21064E-5 2.74581E-5 2.07026E-5 3.6161E-5 3.47975E-5 5.53734E-5 4.98795E-5 5.31298E-5 5.85729E-5 5.10621E-5 4.14563E-5 3.2405E-5 1.2842E-5 9.77412E-6 9.87573E-6 3.38272E-5 2.16376E-5 1.78314E-5 1.19112E-5 2.29769E-5 6.6267E-5 9.58927E-5 7.71562E-5 6.13559E-5 6.57692E-5 1.87124E-4 1.07552E-4 7.0461E-5 2.17702E-5 2.18101E-5 1.47174E-5 1.07228E-5 9.28694E-6 6.11466E-6 4.53246E-6 -9999 -9999 -9999 -9999 -9999 -9999 -9999 -9999
