catData/rasterBestHybridModels/Prubiginosus/RD_BM01_RM1.5_L/Prubiginosus_avg.asc
ncols         409
nrows         350
xllcorner     60.897278365
yllcorner     5.843756025
cellsize      0.0892857
NODATA_value  -9999
[rows 232 to 260 of 350, columns 132 to 197 of 409]
-9999 -9999 -9999 -9999 -9999 -9999 -9999 -9999 1.5628E-4 1.99087E-4 2.22651E-4 9.30113E-5 3.73152E-4 4.48398E-4 2.32775E-4 3.32621E-4 9.42593E-5 1.94414E-4 3.63153E-4 5.73437E-4 3.01573E-4 5.32874E-4 4.762E-4 2.72169E-4 2.90735E-4 4.42877E-4 4.04362E-4 4.20158E-4 6.34914E-4 4.77335E-4 1.36869E-4 3.43766E-4 3.64141E-4 2.71471E-4 2.38873E-4 2.60024E-4 2.72407E-4 2.53527E-4 2.2103E-4 2.85393E-4 1.61821E-4 2.2324E-4 2.05847E-4 1.53914E-4 2.64521E-4 2.71029E-4 2.83434E-4 2.76188E-4 4.88225E-4 4.94573E-4 5.27328E-4 5.56081E-4 4.77987E-4 2.40319E-4 2.29051E-4 2.62471E-4 4.18285E-4 3.07088E-4 2.94309E-4 3.51012E-4 2.64179E-4 3.53778E-4 4.22555E-4 3.73425E-4 4.43403E-4 3.85686E-4
-9999 -9999 -9999 -9999 -9999 -9999 -9999 -9999 1.58047E-4 1.15462E-4 3.24452E-4 1.88248E-4 1.08686E-4 2.73075E-4 2.42834E-4 7.90114E-4 1.79721E-4 1.7495E-4 5.31688E-4 1.0278E-3 6.7337E-4 4.39462E-4 4.09448E-4 4.14462E-4 3.35504E-4 4.59283E-4 2.45221E-4 2.59391E-4 3.10336E-4 2.55915E-4 1.67237E-4 1.8903E-4 2.41482E-4 1.94032E-4 2.83963E-4 3.82851E-4 2.73051E-4 2.68195E-4 2.75306E-4 2.77882E-4 2.59045E-4 2.03508E-4 1.59477E-4 2.77459E-4 5.03378E-4 5.7157E-4 3.14233E-4 2.71203E-4 4.85883E-4 3.19665E-4 4.21092E-4 5.54208E-4 4.49159E-4 2.52922E-4 1.40232E-4 3.04935E-4 4.58114E-4 2.5056E-4 2.36643E-4 3.84633E-4 4.04424E-4 4.61081E-4 4.44561E-4 4.08054E-4 4.2245E-4 4.17287E-4
-9999 -9999 -9999 -9999 -9999 -9999 -9999 -9999 -9999 2.58086E-4 2.54345E-4 3.36083E-4 1.87076E-4 4.14911E-4 6.75959E-4 4.94755E-4 4.58794E-4 3.77206E-4 4.01864E-4 3.17257E-4 4.44495E-4 4.03874E-4 1.59658E-4 3.79963E-4 3.08758E-4 1.72844E-4 1.58193E-4 1.56306E-4 1.65161E-4 2.38954E-4 2.53552E-4 2.09809E-4 2.81407E-4 2.4183E-4 3.80652E-4 3.40804E-4 2.71715E-4 2.70618E-4 2.73199E-4 1.75909E-4 2.60434E-4 2.83137E-4 2.26639E-4 5.39112E-4 5.55083E-4 5.25248E-4 5.6831E-4 4.04286E-4 5.37843E-5 1.74347E-4 1.68112E-4 1.07272E-4 3.36743E-4 2.71081E-4 2.30047E-4 2.71395E-4 4.21842E-4 2.28701E-4 2.26032E-4 2.77384E-4 4.39296E-4 4.49363E-4 2.77632E-4 4.58317E-4 4.63884E-4 8.99483E-4
-9999 -9999 -9999 -9999 -9999 -9999 -9999 -9999 -9999 1.67961E-4 1.66537E-4 3.37295E-4 2.4979E-4 5.4179E-4 2.69774E-4 5.95224E-4 6.25418E-4 2.38283E-4 1.79009E-4 2.72835E-4 4.02723E-4 2.19258E-4 6.16543E-4 6.37566E-4 2.10301E-4 2.48127E-4 2.65462E-4 2.69025E-4 2.67618E-4 2.69693E-4 1.68969E-4 1.752E-4 2.74659E-4 2.71479E-4 2.79296E-4 2.59776E-4 3.02605E-4 3.00691E-4 2.7984E-4 2.42486E-4 1.69226E-4 1.88406E-4 5.07742E-4 5.80987E-4 5.65411E-4 3.56978E-4 2.10208E-4 3.29268E-5 4.17135E-5 8.69597E-5 4.37533E-4 3.27943E-4 4.55408E-4 3.02118E-4 2.84452E-4 4.49691E-4 4.71459E-4 2.85911E-4 2.76394E-4 2.79127E-4 4.13645E-4 4.50165E-4 4.22419E-4 3.25297E-4 2.49779E-4 5.2918E-4
-9999 -9999 -9999 -9999 -9999 -9999 -9999 -9999 -9999 2.4747E-4 1.92513E-4 1.95512E-4 3.72307E-4 3.14103E-4 4.84936E-4 6.70568E-4 9.14706E-4 5.56367E-4 1.69117E-4 3.80483E-4 2.49159E-4 2.76267E-4 4.46406E-4 4.79529E-4 5.69208E-4 3.30396E-4 2.28626E-4 2.40716E-4 2.31971E-4 2.26713E-4 1.82571E-4 2.40705E-4 2.71015E-4 2.83928E-4 1.43336E-4 2.11968E-4 3.0435E-4 2.48526E-4 3.18276E-4 3.15635E-4 3.31453E-4 4.86428E-4 4.75878E-4 4.92582E-4 5.20541E-4 5.16331E-5 5.84164E-5 7.97799E-5 2.99032E-4 2.29477E-4 3.73193E-4 2.21625E-4 3.94164E-4 1.8342E-4 4.00559E-4 4.71677E-4 4.4871E-4 5.8075E-4 4.25246E-4 6.32867E-4 4.44759E-4 2.87572E-4 2.54625E-4 2.02026E-4 4.2481E-4 4.74679E-4
-9999 -9999 -9999 -9999 -9999 -9999 -9999 -9999 -9999 -9999 2.56551E-4 3.00949E-4 3.37556E-4 3.17599E-4 2.66857E-4 6.87371E-4 6.73867E-4 5.52334E-4 3.19836E-4 1.26885E-4 2.36456E-4 1.3851E-4 3.25888E-4 6.6998E-4 6.03532E-4 3.2281E-4 2.16676E-4 1.02197E-4 1.48984E-4 2.18298E-4 1.11414E-4 1.62807E-4 1.83956E-4 2.00309E-4 2.53153E-4 1.90562E-4 1.31138E-4 2.61661E-4 3.46353E-4 3.20297E-4 5.09864E-4 3.36528E-4 4.83994E-4 4.94029E-4 1.65134E-4 7.47337E-5 1.07955E-4 3.14459E-4 5.40963E-4 4.72604E-4 3.4365E-4 4.5885E-4 4.322E-4 4.98109E-4 3.91817E-4 2.54409E-4 3.07037E-4 4.00791E-4 4.3843E-4 3.6553E-4 3.03419E-4 2.8098E-4 1.48582E-4 1.49533E-4 1.67814E-4 3.49691E-4
-9999 -9999 -9999 -9999 -9999 -9999 -9999 -9999 -9999 -9999 -9999 2.55305E-4 4.16021E-4 3.8878E-4 2.923E-4 2.99052E-4 3.83469E-4 4.61236E-4 3.35865E-4 1.53314E-4 1.75505E-4 3.70482E-4 6.3634E-4 5.97651E-4 6.93953E-4 4.91026E-4 2.63514E-4 1.81892E-4 1.91519E-4 1.92556E-4 1.98332E-4 1.68449E-4 1.18512E-4 2.20554E-4 2.83076E-4 1.60822E-4 1.47425E-4 2.89819E-4 1.47942E-4 3.14109E-4 5.67763E-4 4.92461E-4 5.22218E-4 3.51593E-4 2.97238E-5 4.71492E-5 9.23065E-5 3.41958E-4 5.38788E-4 4.68863E-4 2.89516E-4 3.46465E-4 3.58959E-4 2.48589E-4 3.84432E-4 5.35478E-4 5.11935E-4 6.97158E-4 1.13436E-3 4.31663E-4 3.72572E-4 5.36948E-4 8.3961E-4 5.34301E-4 1.0747E-4 1.84026E-4
-9999 -9999 -9999 -9999 -9999 -9999 -9999 -9999 -9999 -9999 -9999 3.14921E-4 3.00388E-4 3.69404E-4 3.47412E-4 3.18479E-4 2.57043E-4 4.70044E-4 3.7738E-4 3.58338E-4 2.21883E-4 2.91299E-4 5.6529E-4 4.29606E-4 4.40084E-4 6.14866E-4 2.881E-4 1.54788E-4 1.06435E-4 1.14893E-4 2.25283E-4 2.20538E-4 2.67466E-4 3.01129E-4 2.91929E-4 2.85003E-4 2.8441E-4 2.86791E-4 2.5114E-4 7.44176E-4 4.32321E-4 6.5796E-4 5.04359E-4 4.60908E-4 1.86806E-5 3.6271E-5 1.10526E-4 2.09371E-4 6.64078E-4 2.47004E-4 4.69152E-4 3.84533E-4 3.91928E-4 3.9224E-4 4.85076E-4 3.51837E-4 5.05482E-4 5.63145E-4 6.83214E-4 5.82515E-4 7.15849E-4 5.22089E-4 4.58684E-4 3.85176E-4 1.07156E-4 6.11431E-5
-9999 -9999 -9999 -9999 -9999 -9999 -9999 -9999 -9999 -9999 -9999 -9999 3.20222E-4 2.26167E-4 4.16061E-4 3.26729E-4 2.58161E-4 2.26232E-4 1.22004E-4 2.67056E-4 1.59289E-4 1.52705E-4 3.79748E-4 1.86925E-4 4.4493E-4 9.27857E-4 3.83333E-4 2.39167E-4 1.72332E-4 1.8889E-4 2.46832E-4 2.62234E-4 2.89538E-4 3.02018E-4 2.76441E-4 2.71858E-4 2.54801E-4 3.12612E-4 3.53309E-4 5.3078E-4 3.78769E-4 4.08832E-4 3.49678E-4 2.37316E-4 4.63707E-5 1.17026E-4 1.68892E-4 2.46485E-4 2.10129E-4 1.92159E-4 4.13993E-4 6.75681E-4 5.70326E-4 5.75045E-4 5.62651E-4 5.50828E-4 5.48469E-4 5.10614E-4 6.5615E-4 7.37415E-4 5.12112E-4 4.67913E-4 2.7577E-4 2.77484E-4 2.93494E-4 9.81649E-5
-9999 -9999 -9999 -9999 -9999 -9999 -9999 -9999 -9999 -9999 -9999 -9999 2.43809E-4 2.46717E-4 2.68657E-4 2.98016E-4 2.7101E-4 3.51946E-4 3.19613E-4 2.15518E-4 4.72342E-4 4.23322E-4 2.99062E-4 6.29788E-4 3.32985E-4 6.12279E-4 1.17812E-3 2.50141E-4 2.48323E-4 3.17474E-4 4.53406E-4 1.92598E-4 2.79952E-4 1.97522E-4 2.8998E-4 2.7724E-4 2.80764E-4 3.65054E-4 6.0228E-4 7.11293E-4 4.46362E-4 1.82764E-4 3.97064E-4 3.45093E-5 4.91802E-5 1.30632E-4 1.00437E-4 1.24094E-4 2.0525E-4 3.52929E-4 5.6236E-4 6.39343E-4 5.8293E-4 5.87832E-4 5.7001E-4 5.13045E-4 5.21096E-4 5.4588E-4 5.31238E-4 5.3209E-4 5.88366E-4 4.86158E-4 4.16662E-4 3.9691E-4 1.95264E-4 8.17446E-5
-9999 -9999 -9999 -9999 -9999 -9999 -9999 -9999 -9999 -9999 -9999 -9999 -9999 3.37138E-4 3.35087E-4 3.115E-4 1.75034E-4 4.00704E-4 3.19564E-4 2.06877E-4 2.5272E-4 4.07811E-4 2.8694E-4 4.65124E-4 7.03954E-4 3.5315E-4 8.82386E-4 2.67028E-4 2.55012E-4 4.06949E-4 7.69868E-4 4.96544E-4 5.49077E-4 3.3438E-4 2.70567E-4 2.73392E-4 2.89196E-4 4.66732E-4 5.5437E-4 4.65563E-4 7.20257E-4 4.46224E-4 1.84729E-4 5.65117E-5 5.65494E-5 8.49774E-5 1.80933E-4 1.02203E-4 1.77452E-4 5.45121E-4 6.06579E-4 6.45054E-4 5.55421E-4 5.8615E-4 5.4244E-4 4.96675E-4 5.04935E-4 3.29938E-4 5.21643E-4 3.16595E-4 3.03292E-4 4.34333E-4 4.42962E-4 4.30689E-4 4.3318E-5 9.3132E-5
-9999 -9999 -9999 -9999 -9999 -9999 -9999 -9999 -9999 -9999 -9999 -9999 -9999 2.8616E-4 2.62508E-4 3.13821E-4 3.13155E-4 2.91187E-4 3.28861E-4 1.96359E-4 1.92601E-4 3.13605E-4 4.37421E-4 4.24308E-4 9.66616E-4 3.48753E-4 4.27068E-4 4.46401E-4 2.75455E-4 3.43197E-4 8.71441E-4 6.75299E-4 4.19296E-4 3.24454E-4 2.83646E-4 2.82414E-4 2.81086E-4 5.08736E-4 6.5116E-4 3.74357E-4 5.07589E-4 1.80918E-4 2.07596E-4 2.55721E-4 7.02168E-5 1.14124E-4 1.30924E-4 2.41106E-4 1.32823E-4 4.2418E-4 6.48163E-4 6.24901E-4 5.35151E-4 7.80789E-4 5.86288E-4 3.14227E-4 4.88062E-4 4.84106E-4 6.05476E-4 5.27257E-4 4.68417E-4 4.78896E-4 3.86875E-4 6.21852E-5 1.94392E-5 8.45261E-5
-9999 -9999 -9999 -9999 -9999 -9999 -9999 -9999 -9999 -9999 -9999 -9999 -9999 -9999 3.18881E-4 2.62293E-4 2.98866E-4 2.51442E-4 3.75532E-4 2.0242E-4 1.95713E-4 2.10163E-4 5.11553E-4 4.64193E-4 7.98366E-4 5.67498E-4 4.24596E-4 4.60611E-4 2.7636E-4 4.68028E-4 5.67613E-4 5.16369E-4 6.76617E-4 7.42652E-4 4.08952E-4 2.99502E-4 3.37045E-4 5.54312E-4 4.96229E-4 2.93457E-4 2.31208E-4 1.9841E-4 1.89201E-4 1.64612E-4 1.21958E-4 1.46649E-4 2.00724E-4 2.50913E-4 1.91968E-4 2.87957E-4 5.47886E-4 6.18137E-4 5.24391E-4 5.17196E-4 5.31645E-4 5.1814E-4 4.87637E-4 5.18864E-4 7.40767E-4 4.47509E-4 4.32317E-4 3.95669E-4 2.48991E-4 8.54899E-5 1.29536E-5 7.02086E-5
-9999 -9999 -9999 -9999 -9999 -9999 -9999 -9999 -9999 -9999 -9999 -9999 -9999 -9999 3.10021E-4 2.73762E-4 2.98995E-4 1.5425E-4 3.74168E-4 3.20403E-4 1.96158E-4 1.94578E-4 3.97705E-4 4.53066E-4 7.31772E-4 4.76416E-4 4.13592E-4 6.91369E-4 4.89068E-4 3.22783E-4 7.11302E-4 4.98376E-4 3.56031E-4 2.83933E-4 3.16698E-4 3.81025E-4 3.46853E-4 5.79186E-4 3.99465E-4 2.66111E-4 2.72425E-4 3.22218E-4 6.11263E-4 3.24961E-4 2.73426E-4 3.50664E-4 2.59836E-4 1.77E-4 3.56084E-4 4.69216E-4 5.09657E-4 5.32263E-4 4.79298E-4 5.15518E-4 5.68343E-4 5.27322E-4 5.18875E-4 3.01935E-4 3.01605E-4 2.87329E-4 4.1707E-4 1.98842E-4 1.04855E-4 3.39271E-5 2.28293E-5 1.55335E-4
-9999 -9999 -9999 -9999 -9999 -9999 -9999 -9999 -9999 -9999 -9999 -9999 -9999 -9999 3.1939E-4 2.86103E-4 4.96314E-4 4.26915E-4 3.79936E-4 1.96742E-4 1.96939E-4 1.97871E-4 3.82049E-4 1.18434E-3 1.8993E-3 6.09609E-4 1.01575E-3 5.46289E-4 9.24978E-4 3.64619E-4 4.62037E-4 3.00338E-4 4.20194E-4 4.91586E-4 3.30071E-4 2.78862E-4 1.93612E-4 4.12568E-4 2.89281E-4 2.0496E-4 2.72519E-4 2.96429E-4 3.72356E-4 3.80262E-4 2.75319E-4 4.14619E-4 3.16011E-4 2.63959E-4 4.76544E-4 4.54678E-4 5.84971E-4 5.75898E-4 5.2883E-4 5.21818E-4 5.54391E-4 6.44181E-4 5.57427E-4 5.72847E-4 5.81454E-4 3.14563E-4 5.17122E-4 5.10212E-4 2.23819E-4 6.21482E-5 4.975E-5 2.14371E-4
-9999 -9999 -9999 -9999 -9999 -9999 -9999 -9999 -9999 -9999 -9999 -9999 -9999 -9999 -9999 4.06835E-4 4.69807E-4 2.7517E-4 4.03175E-4 3.3934E-4 5.65171E-4 2.05362E-4 2.06161E-4 3.89793E-4 9.42413E-4 7.85035E-4 8.37577E-4 8.06146E-4 1.11368E-3 1.30174E-3 7.8174E-4 3.03059E-4 1.94903E-4 4.08848E-4 4.21443E-4 3.04708E-4 3.28311E-4 4.35612E-4 3.14312E-4 2.72988E-4 1.35988E-4 3.14976E-4 3.30415E-4 4.78584E-4 3.87025E-4 2.93515E-4 3.42798E-4 4.57797E-4 4.64521E-4 6.04527E-4 5.67724E-4 5.29285E-4 5.23933E-4 6.17303E-4 3.60903E-4 4.66846E-4 5.94334E-4 4.73804E-4 5.67907E-4 4.24465E-4 4.87991E-4 6.43568E-4 8.86859E-4 5.6119E-4 1.90309E-4 3.38754E-4
-9999 -9999 -9999 -9999 -9999 -9999 -9999 -9999 -9999 -9999 -9999 -9999 -9999 -9999 -9999 -9999 3.33155E-4 4.65178E-4 4.89526E-4 4.26596E-4 2.17929E-4 5.82742E-4 2.05837E-4 3.23982E-4 3.22469E-4 5.64063E-4 5.80635E-4 5.1406E-4 9.74776E-4 1.15871E-3 9.80813E-4 4.79255E-4 2.58817E-4 3.4379E-4 4.85601E-4 3.55585E-4 3.47465E-4 2.9324E-4 3.15768E-4 3.09665E-4 3.45406E-4 2.90254E-4 2.89684E-4 2.96768E-4 2.16691E-4 2.62787E-4 3.28416E-4 2.87189E-4 3.04005E-4 2.45091E-4 5.26981E-4 6.60145E-4 5.62045E-4 8.62519E-4 6.49162E-4 6.23198E-4 5.64294E-4 2.64539E-4 4.05078E-4 4.5106E-4 4.75026E-4 2.95853E-4 4.55006E-4 4.74829E-4 2.82343E-4 1.35317E-4
-9999 -9999 -9999 -9999 -9999 -9999 -9999 -9999 -9999 -9999 -9999 -9999 -9999 -9999 -9999 -9999 3.33983E-4 3.35054E-4 2.94088E-4 4.34424E-4 2.23639E-4 5.97387E-4 5.75639E-4 3.34251E-4 3.29234E-4 4.30487E-4 4.04552E-4 3.38912E-4 4.50797E-4 8.91053E-4 5.82808E-4 1.11855E-3 6.81168E-4 4.39688E-4 4.07054E-4 2.43943E-4 3.24362E-4 3.8195E-4 3.58405E-4 3.41157E-4 2.18219E-4 2.80559E-4 3.29157E-4 3.0757E-4 3.37418E-4 2.98336E-4 5.20034E-4 3.16288E-4 3.76864E-4 2.61617E-4 5.19416E-4 5.23293E-4 5.22845E-4 4.51568E-4 3.45843E-4 6.03033E-4 4.45145E-4 4.93948E-4 2.79656E-4 4.29357E-4 1.21057E-3 4.10353E-4 4.35562E-4 4.28412E-4 3.20947E-4 2.14201E-4
-9999 -9999 -9999 -9999 -9999 -9999 -9999 -9999 -9999 -9999 -9999 -9999 -9999 -9999 -9999 -9999 -9999 -9999 2.6071E-4 4.63143E-4 3.98148E-4 6.08264E-4 5.7936E-4 2.08664E-4 3.3636E-4 3.79479E-4 3.09674E-4 2.50699E-4 1.22175E-4 5.94957E-4 1.05767E-3 7.72036E-4 5.01192E-4 3.97037E-4 2.85952E-4 3.81106E-4 3.26013E-4 3.13374E-4 2.13813E-4 3.24149E-4 3.07502E-4 2.15238E-4 2.81325E-4 3.02264E-4 3.08017E-4 2.94977E-4 4.77098E-4 4.94933E-4 5.35583E-4 5.05961E-4 4.53368E-4 4.74517E-4 4.51595E-4 4.87188E-4 6.42851E-4 2.7723E-4 3.5453E-4 4.81293E-4 3.07478E-4 4.76286E-4 3.32037E-4 4.83195E-4 4.54547E-4 4.40194E-4 4.28995E-4 4.03266E-4
-9999 -9999 -9999 -9999 -9999 -9999 -9999 -9999 -9999 -9999 -9999 -9999 -9999 -9999 -9999 -9999 -9999 -9999 2.9736E-4 6.32805E-4 4.65464E-4 4.00289E-4 3.82542E-4 5.79521E-4 3.33371E-4 2.57725E-4 3.5145E-4 3.25414E-4 1.30304E-4 1.21353E-4 2.41207E-4 8.19835E-4 4.00575E-4 3.91096E-4 1.7153E-4 1.6439E-4 2.26388E-4 2.9955E-4 2.7006E-4 2.40784E-4 2.85664E-4 3.70384E-4 3.53524E-4 2.98397E-4 2.97458E-4 3.1726E-4 5.56362E-4 4.21992E-4 4.45029E-4 4.78492E-4 4.20707E-4 6.29145E-4 4.75362E-4 4.42714E-4 5.36276E-4 4.53374E-4 2.92746E-4 5.52692E-4 4.66339E-4 2.84744E-4 5.4384E-4 7.53364E-4 4.74248E-4 4.85663E-4 4.62679E-4 4.91991E-4
-9999 -9999 -9999 -9999 -9999 -9999 -9999 -9999 -9999 -9999 -9999 -9999 -9999 -9999 -9999 -9999 -9999 -9999 2.69009E-4 6.34648E-4 4.80068E-4 2.30837E-4 5.86916E-4 6.09755E-4 2.08367E-4 3.51802E-4 2.59455E-4 2.86562E-4 6.53467E-5 1.86534E-4 3.00493E-4 5.42793E-4 4.13137E-4 3.12561E-4 2.20863E-4 5.34206E-5 4.87715E-5 2.88205E-4 1.99715E-4 2.04282E-4 2.98562E-4 3.32401E-4 1.77827E-4 3.88699E-4 5.74901E-4 6.13816E-4 5.20058E-4 4.15672E-4 5.12032E-4 4.89246E-4 5.71354E-4 2.68303E-4 5.90266E-4 4.46169E-4 5.9608E-4 5.14284E-4 5.62453E-4 5.22383E-4 5.58722E-4 4.30246E-4 4.86565E-4 4.64041E-4 4.74359E-4 4.70203E-4 2.93419E-4 4.6685E-4
-9999 -9999 -9999 -9999 -9999 -9999 -9999 -9999 -9999 -9999 -9999 -9999 -9999 -9999 -9999 -9999 -9999 -9999 -9999 3.37116E-4 5.0816E-4 4.29359E-4 5.97669E-4 5.75631E-4 5.79624E-4 2.75522E-4 4.49719E-4 2.18683E-4 8.29695E-5 1.09924E-4 3.08644E-4 3.67005E-4 3.52419E-4 2.30775E-5 3.04327E-5 1.46491E-5 1.78788E-4 4.0237E-4 4.68519E-4 4.58956E-4 5.21781E-4 4.88452E-4 6.97059E-4 6.33742E-4 5.67463E-4 7.53528E-4 5.59233E-4 5.98135E-4 5.78473E-4 5.32491E-4 5.91711E-4 5.61619E-4 4.63108E-4 4.4191E-4 4.55651E-4 6.6042E-4 4.73912E-4 6.58956E-4 5.63604E-4 3.1079E-4 4.58053E-4 4.55566E-4 4.64695E-4 2.93225E-4 4.69933E-4 4.39526E-4
-9999 -9999 -9999 -9999 -9999 -9999 -9999 -9999 -9999 -9999 -9999 -9999 -9999 -9999 -9999 -9999 -9999 -9999 -9999 4.03146E-4 2.9552E-4 4.04921E-4 6.01236E-4 5.87445E-4 3.16235E-4 2.82492E-4 3.993E-4 2.15846E-4 1.97574E-4 1.43105E-4 2.08081E-4 3.63746E-4 4.32555E-4 4.2257E-5 1.80858E-5 1.96725E-5 1.84548E-5 3.76921E-4 7.1439E-4 5.20943E-4 5.19518E-4 4.3384E-4 3.67452E-4 5.77203E-4 1.05871E-3 6.57886E-4 4.15704E-4 3.15081E-4 6.53116E-4 2.86036E-4 5.43698E-4 6.22183E-4 4.83691E-4 5.03726E-4 2.96267E-4 5.01311E-4 5.09662E-4 2.83905E-4 6.88586E-4 8.89043E-4 3.92641E-4 3.12168E-4 5.45005E-4 4.60991E-4 4.07215E-4 5.47783E-4
-9999 -9999 -9999 -9999 -9999 -9999 -9999 -9999 -9999 -9999 -9999 -9999 -9999 -9999 -9999 -9999 -9999 -9999 -9999 3.32293E-4 2.06767E-4 3.02283E-4 3.6906E-4 2.11295E-4 3.12106E-4 1.71551E-4 2.86801E-4 4.23144E-4 3.3486E-4 6.48835E-5 9.15351E-5 4.78394E-4 5.17387E-4 1.85045E-4 7.82577E-5 9.40455E-6 1.02525E-5 1.4778E-4 7.32179E-4 9.74286E-4 4.37135E-4 6.48582E-4 4.7168E-4 6.8312E-4 6.67083E-4 4.74259E-4 5.77594E-4 4.6622E-4 5.49256E-4 4.97349E-4 4.84764E-4 5.47054E-4 5.06777E-4 4.05938E-4 4.62354E-4 5.28656E-4 4.27806E-4 5.44657E-4 5.97832E-4 6.38964E-4 4.69673E-4 4.75352E-4 4.10748E-4 2.64586E-4 2.59282E-4 5.2902E-4
-9999 -9999 -9999 -9999 -9999 -9999 -9999 -9999 -9999 -9999 -9999 -9999 -9999 -9999 -9999 -9999 -9999 -9999 -9999 -9999 3.02481E-4 3.24444E-4 4.32925E-4 2.16278E-4 2.48384E-4 2.49207E-4 3.50185E-4 2.8069E-4 3.96783E-4 1.60303E-4 4.31785E-4 3.7391E-4 3.07363E-4 4.70351E-5 5.45551E-4 2.75964E-5 4.52054E-5 1.70254E-4 5.47983E-4 3.69476E-4 5.30273E-4 5.64464E-4 4.90532E-4 3.71374E-4 5.18829E-4 3.36138E-4 2.65858E-4 3.98753E-4 4.26766E-4 4.30786E-4 4.85341E-4 4.87904E-4 5.15288E-4 1.78507E-4 4.01949E-4 4.5324E-4 4.92214E-4 6.70216E-4 4.66463E-4 6.86225E-4 4.51549E-4 5.36438E-4 3.81844E-4 4.11109E-4 3.46869E-4 5.91529E-4
-9999 -9999 -9999 -9999 -9999 -9999 -9999 -9999 -9999 -9999 -9999 -9999 -9999 -9999 -9999 -9999 -9999 -9999 -9999 -9999 2.86793E-4 2.6273E-4 2.48183E-4 3.51203E-4 2.10862E-4 2.44326E-4 3.96605E-4 3.5952E-4 4.32711E-4 4.80028E-4 3.17113E-4 1.39004E-4 3.45742E-4 1.07951E-4 7.78051E-5 5.39237E-4 2.19796E-4 1.75503E-4 3.97849E-4 4.40073E-4 3.10545E-4 7.35943E-4 6.18389E-4 5.23981E-4 5.86411E-4 3.81046E-4 4.15761E-4 4.73892E-4 4.52219E-4 4.47359E-4 4.35243E-4 4.63579E-4 3.70127E-4 3.09909E-4 4.17079E-4 3.82284E-4 4.83496E-4 4.90295E-4 1.65677E-4 3.70188E-4 3.88364E-4 3.62283E-4 3.72702E-4 4.21179E-4 5.21761E-4 6.64786E-4
-9999 -9999 -9999 -9999 -9999 -9999 -9999 -9999 -9999 -9999 -9999 -9999 -9999 -9999 -9999 -9999 -9999 -9999 -9999 -9999 1.72223E-4 2.8799E-4 2.38131E-4 3.95276E-4 2.35208E-4 2.48513E-4 2.73455E-4 1.2857E-4 4.15874E-4 4.70543E-4 5.78959E-5 1.69595E-4 3.6597E-4 1.03909E-4 1.18978E-4 2.43794E-4 1.71601E-4 4.66401E-4 2.88984E-4 3.82521E-4 4.16816E-4 4.22563E-4 3.4172E-4 4.73726E-4 3.54581E-4 1.75758E-4 4.34768E-4 3.4606E-4 4.20801E-4 4.35441E-4 4.51647E-4 4.41047E-4 4.08514E-4 3.75742E-4 4.71844E-4 3.48199E-4 3.72858E-4 3.96997E-4 3.79561E-4 3.54255E-4 4.53514E-4 3.81324E-4 2.5847E-4 4.36099E-4 4.07323E-4 4.00711E-4
-9999 -9999 -9999 -9999 -9999 -9999 -9999 -9999 -9999 -9999 -9999 -9999 -9999 -9999 -9999 -9999 -9999 -9999 -9999 -9999 -9999 3.10375E-4 1.57135E-4 2.35088E-4 2.29647E-4 8.03676E-4 9.79782E-4 2.14415E-4 2.05079E-4 3.72191E-4 1.34244E-4 1.62733E-4 1.02395E-4 8.48396E-5 2.96602E-4 2.66143E-4 3.82575E-4 2.5436E-4 1.77846E-4 5.61559E-4 3.17718E-4 5.32232E-4 3.87006E-4 4.07925E-4 4.53437E-4 3.32118E-4 4.48932E-4 4.13729E-4 2.63078E-4 2.94038E-4 4.81813E-4 3.88037E-4 3.76615E-4 3.46538E-4 3.81981E-4 3.7882E-4 3.64214E-4 3.66831E-4 3.80089E-4 3.57894E-4 5.23014E-4 3.61277E-4 4.09586E-4 3.99014E-4 3.70938E-4 4.0266E-4
-9999 -9999 -9999 -9999 -9999 -9999 -9999 -9999 -9999 -9999 -9999 -9999 -9999 -9999 -9999 -9999 -9999 -9999 -9999 -9999 -9999 -9999 3.55065E-4 2.67772E-4 3.94146E-4 4.46188E-4 8.35959E-4 2.39048E-4 4.3205E-4 3.74547E-4 1.31362E-4 1.88881E-4 1.30555E-4 6.43227E-5 5.21274E-4 2.33766E-4 2.00414E-4 2.52403E-4 2.5721E-4 4.59959E-4 4.19931E-4 4.83479E-4 3.99548E-4 5.45579E-4 5.11117E-4 3.58139E-4 4.68823E-4 4.25677E-4 4.36739E-4 4.58809E-4 4.29269E-4 2.33065E-4 3.9802E-4 3.31422E-4 3.97573E-4 3.78285E-4 3.47797E-4 3.5988E-4 3.94817E-4 3.52859E-4 3.69998E-4 3.55773E-4 3.66982E-4 4.90957E-4 3.94777E-4 3.67114E-4
