catData/rasterBestHybridModels/Prubiginosus/RD_BM01_RM1.5_L/Prubiginosus_median.asc
ncols         409
nrows         350
xllcorner     60.897278365
yllcorner     5.843756025
cellsize      0.0892857
NODATA_value  -9999
[rows 261 to 289 of 350, columns 130 to 194 of 409]
-9999 -9999 -9999 -9999 -9999 -9999 -9999 -9999 -9999 -9999 -9999 -9999 -9999 -9999 -9999 -9999 -9999 -9999 -9999 -9999 -9999 -9999 -9999 -9999 2.61076E-4 2.97463E-4 3.3167E-4 2.4225E-4 7.78595E-4 1.35679E-4 3.46848E-4 4.40157E-4 4.21697E-4 2.3967E-4 2.53494E-4 2.40008E-4 2.7989E-4 2.03541E-4 2.75478E-4 5.07988E-4 2.88801E-4 3.10927E-4 5.4077E-4 4.96126E-4 4.92814E-4 6.79717E-4 4.20664E-4 3.33975E-4 3.63347E-4 3.88679E-4 3.97909E-4 2.20221E-4 3.96625E-4 2.43422E-4 4.44158E-4 4.16193E-4 4.15868E-4 3.18887E-4 3.11604E-4 3.45392E-4 2.91626E-4 3.40094E-4 3.77623E-4 3.77622E-4 3.68575E-4
-9999 -9999 -9999 -9999 -9999 -9999 -9999 -9999 -9999 -9999 -9999 -9999 -9999 -9999 -9999 -9999 -9999 -9999 -9999 -9999 -9999 -9999 -9999 -9999 3.34594E-4 3.51171E-4 2.98026E-4 5.10974E-4 2.16335E-4 2.07052E-4 4.34431E-4 3.58849E-4 1.91199E-4 2.3078E-4 2.30579E-4 2.76607E-4 2.86579E-4 4.86003E-4 3.03845E-4 2.59569E-4 2.60605E-4 2.9406E-4 2.69465E-4 5.40901E-4 6.74694E-4 1.052E-3 9.19099E-4 4.30083E-4 4.24797E-4 2.89459E-4 4.81083E-4 3.36155E-4 3.99507E-4 3.87593E-4 4.49305E-4 2.34336E-4 3.7294E-4 3.89224E-4 2.96911E-4 3.33196E-4 3.26508E-4 3.26187E-4 3.32859E-4 3.45091E-4 3.51206E-4
-9999 -9999 -9999 -9999 -9999 -9999 -9999 -9999 -9999 -9999 -9999 -9999 -9999 -9999 -9999 -9999 -9999 -9999 -9999 -9999 -9999 -9999 -9999 -9999 3.72821E-4 3.91317E-4 2.94513E-4 2.92617E-4 1.42158E-4 2.13417E-4 2.18149E-4 3.56847E-4 3.25571E-4 4.70114E-4 2.30033E-4 2.23215E-4 3.17223E-4 5.34511E-4 4.07818E-4 2.65572E-4 2.32397E-4 2.66995E-4 4.86141E-4 4.78238E-4 4.41917E-4 3.45618E-4 5.93557E-4 8.02847E-4 5.76914E-4 3.25519E-4 3.90563E-4 4.32054E-4 3.81732E-4 3.09971E-4 4.18539E-4 5.6345E-4 2.55085E-4 2.39136E-4 4.30583E-4 3.01718E-4 3.2848E-4 1.92211E-4 1.90712E-4 1.95691E-4 3.28472E-4
-9999 -9999 -9999 -9999 -9999 -9999 -9999 -9999 -9999 -9999 -9999 -9999 -9999 -9999 -9999 -9999 -9999 -9999 -9999 -9999 -9999 -9999 -9999 -9999 3.01327E-4 3.52333E-4 3.05751E-4 3.3841E-4 4.06967E-4 2.18148E-4 4.29309E-4 3.29962E-4 1.83544E-4 3.05303E-4 2.2247E-4 2.16116E-4 2.17147E-4 3.68506E-4 3.44093E-4 2.89057E-4 2.20013E-4 2.54508E-4 1.84731E-4 4.96513E-4 4.67339E-4 3.62023E-4 1.05809E-3 3.82507E-4 5.49605E-4 3.04079E-4 3.39356E-4 2.44278E-4 2.43704E-4 2.19466E-4 2.61407E-4 2.93114E-4 2.42544E-4 3.90814E-4 3.02447E-4 2.79408E-4 2.95801E-4 3.0936E-4 1.83818E-4 3.0944E-4 3.04502E-4
-9999 -9999 -9999 -9999 -9999 -9999 -9999 -9999 -9999 -9999 -9999 -9999 -9999 -9999 -9999 -9999 -9999 -9999 -9999 -9999 -9999 -9999 -9999 -9999 3.40621E-4 6.92108E-4 3.00252E-4 2.95116E-4 5.01224E-4 1.32493E-4 3.23359E-4 3.14378E-4 3.08417E-4 3.05972E-4 2.07356E-4 2.07863E-4 2.44659E-4 3.20853E-4 3.8943E-4 1.63579E-4 1.22063E-4 1.70929E-4 3.86927E-4 4.33465E-4 5.33933E-4 6.82026E-4 6.07923E-4 7.27215E-4 4.71434E-4 2.93691E-4 2.4145E-4 2.06121E-4 4.01645E-4 1.5149E-4 2.56812E-4 6.68072E-4 3.71013E-4 3.17017E-4 2.11221E-4 3.59662E-4 2.82226E-4 2.8441E-4 2.94472E-4 1.79863E-4 1.93445E-4
-9999 -9999 -9999 -9999 -9999 -9999 -9999 -9999 -9999 -9999 -9999 -9999 -9999 -9999 -9999 -9999 -9999 -9999 -9999 -9999 -9999 -9999 -9999 -9999 -9999 4.7424E-4 2.85206E-4 2.86963E-4 2.75078E-4 3.45757E-4 1.92458E-4 2.21968E-4 2.88892E-4 3.03981E-4 2.90381E-4 3.79223E-4 1.78269E-4 3.40491E-4 4.16675E-4 1.46971E-4 1.70202E-4 1.62196E-4 2.80759E-4 1.96909E-4 4.30982E-4 5.93249E-4 4.52741E-4 4.02103E-4 7.172E-4 5.01697E-4 2.59105E-4 2.7424E-4 1.86782E-4 3.85639E-4 4.71728E-4 7.32942E-4 4.11389E-4 2.35353E-4 2.97065E-4 3.69824E-4 2.33148E-4 2.61113E-4 2.27594E-4 1.33966E-4 1.70734E-4
-9999 -9999 -9999 -9999 -9999 -9999 -9999 -9999 -9999 -9999 -9999 -9999 -9999 -9999 -9999 -9999 -9999 -9999 -9999 -9999 -9999 -9999 -9999 -9999 -9999 4.33375E-4 2.97888E-4 2.97089E-4 2.76011E-4 4.71369E-4 3.42502E-4 2.92073E-4 3.95686E-4 2.91534E-4 1.73283E-4 4.03849E-4 1.31443E-4 1.41111E-4 2.52094E-4 3.43759E-4 3.28118E-4 4.32564E-4 2.80803E-4 2.62534E-4 4.50079E-4 2.7107E-4 5.9329E-4 3.34052E-4 5.61879E-4 7.5165E-4 4.13357E-4 3.05427E-4 1.22083E-4 3.72325E-4 3.97769E-4 6.86222E-4 6.33998E-4 1.85804E-4 2.13886E-4 2.10118E-4 2.34929E-4 2.12011E-4 1.82188E-4 1.0825E-4 1.65332E-4
-9999 -9999 -9999 -9999 -9999 -9999 -9999 -9999 -9999 -9999 -9999 -9999 -9999 -9999 -9999 -9999 -9999 -9999 -9999 -9999 -9999 -9999 -9999 -9999 -9999 5.87476E-4 3.68524E-4 2.88662E-4 2.82049E-4 2.69377E-4 3.22953E-4 4.13689E-4 1.92541E-4 3.70605E-4 3.43806E-4 4.023E-4 4.99272E-4 1.81391E-4 2.04612E-4 3.66983E-4 3.2326E-4 1.78516E-4 2.95316E-4 1.62378E-4 2.38784E-4 3.07403E-4 3.91972E-4 2.97878E-4 3.94783E-4 4.23663E-4 5.46841E-4 6.8965E-4 2.80095E-4 2.58869E-4 1.90814E-4 8.66799E-4 6.71495E-4 2.44894E-4 1.8234E-4 2.35114E-4 1.87587E-4 2.3362E-4 1.27424E-4 1.19439E-4 1.96745E-4
-9999 -9999 -9999 -9999 -9999 -9999 -9999 -9999 -9999 -9999 -9999 -9999 -9999 -9999 -9999 -9999 -9999 -9999 -9999 -9999 -9999 -9999 -9999 -9999 -9999 3.77942E-4 2.97712E-4 3.11458E-4 2.83575E-4 2.76799E-4 4.92871E-4 2.49074E-4 4.02464E-4 4.35615E-4 2.94941E-4 3.2855E-4 3.90607E-4 3.28563E-4 5.01396E-5 2.50237E-4 3.92635E-4 1.47958E-4 1.47399E-4 1.18969E-4 2.04045E-4 1.04593E-4 1.09659E-4 2.54112E-4 3.71428E-4 4.32091E-4 4.29621E-4 5.02846E-4 3.80225E-4 2.87156E-4 2.07714E-4 2.72813E-4 3.42221E-4 3.32405E-4 2.7479E-4 3.03173E-4 2.37583E-4 1.5392E-4 1.43411E-4 1.55281E-4 3.17608E-4
-9999 -9999 -9999 -9999 -9999 -9999 -9999 -9999 -9999 -9999 -9999 -9999 -9999 -9999 -9999 -9999 -9999 -9999 -9999 -9999 -9999 -9999 -9999 -9999 -9999 -9999 5.86097E-4 5.57291E-4 2.79648E-4 2.78946E-4 2.77797E-4 4.35879E-4 4.15209E-4 2.32591E-4 3.39593E-4 3.08501E-4 4.7088E-4 4.21095E-4 8.75791E-5 7.45923E-5 3.80203E-4 2.83505E-4 3.34921E-4 1.52273E-4 2.41794E-4 1.48442E-4 3.4943E-4 3.57011E-4 4.25862E-4 3.83649E-4 3.29222E-4 1.55932E-4 2.53834E-4 1.78945E-4 9.67124E-5 1.57538E-4 3.24274E-4 3.19019E-4 2.09491E-4 1.48536E-4 2.69332E-4 1.96219E-4 2.79265E-4 2.42052E-4 3.52878E-4
-9999 -9999 -9999 -9999 -9999 -9999 -9999 -9999 -9999 -9999 -9999 -9999 -9999 -9999 -9999 -9999 -9999 -9999 -9999 -9999 -9999 -9999 -9999 -9999 -9999 -9999 4.07687E-4 3.74651E-4 3.53547E-4 2.79909E-4 3.43853E-4 4.5288E-4 2.52001E-4 2.42068E-4 3.65455E-4 2.01382E-4 2.04363E-4 4.75761E-4 5.78806E-4 2.62919E-4 3.15044E-4 5.99854E-4 4.96142E-4 2.92256E-4 3.71409E-4 3.02833E-4 2.77005E-4 5.61357E-4 4.47078E-4 3.92238E-4 3.02982E-4 3.25279E-4 3.17858E-4 1.86294E-4 7.99752E-5 3.32573E-4 5.0979E-4 3.47968E-4 4.0563E-4 3.00124E-4 2.0713E-4 1.83636E-4 4.29288E-4 9.30507E-4 3.96429E-4
-9999 -9999 -9999 -9999 -9999 -9999 -9999 -9999 -9999 -9999 -9999 -9999 -9999 -9999 -9999 -9999 -9999 -9999 -9999 -9999 -9999 -9999 -9999 -9999 -9999 -9999 3.42034E-4 3.08641E-4 2.7768E-4 2.76899E-4 2.8467E-4 5.1817E-4 4.32921E-4 7.91925E-4 2.34403E-4 2.07875E-4 2.04759E-4 5.32339E-4 5.99127E-4 2.44508E-4 3.37221E-4 3.78178E-4 4.85465E-4 4.06799E-4 3.17459E-4 2.31879E-4 9.6628E-4 6.7191E-4 5.0108E-4 4.64613E-4 2.90042E-4 2.14422E-4 1.41221E-4 1.75226E-4 2.32285E-4 1.10103E-4 3.69262E-4 5.67382E-4 3.07423E-4 2.29996E-4 1.89771E-4 1.63079E-4 7.4044E-4 9.22305E-4 2.42249E-4
-9999 -9999 -9999 -9999 -9999 -9999 -9999 -9999 -9999 -9999 -9999 -9999 -9999 -9999 -9999 -9999 -9999 -9999 -9999 -9999 -9999 -9999 -9999 -9999 -9999 -9999 -9999 3.34961E-4 3.18485E-4 2.86438E-4 2.76228E-4 2.81091E-4 4.86622E-4 2.46708E-4 7.64286E-4 3.31114E-4 2.81216E-4 1.99301E-4 6.06725E-4 8.01202E-4 4.48873E-4 2.02668E-4 3.62636E-4 3.62619E-4 4.9577E-4 2.34956E-4 3.91685E-4 5.73208E-4 5.30519E-4 5.21448E-4 4.70042E-4 2.85739E-4 3.90963E-4 3.26542E-4 1.75609E-4 1.16993E-4 2.22309E-4 7.55479E-4 5.79236E-4 1.1987E-4 9.77344E-5 7.67175E-5 3.02985E-4 1.17282E-4 2.11583E-4
-9999 -9999 -9999 -9999 -9999 -9999 -9999 -9999 -9999 -9999 -9999 -9999 -9999 -9999 -9999 -9999 -9999 -9999 -9999 -9999 -9999 -9999 -9999 -9999 -9999 -9999 -9999 2.85347E-4 4.31956E-4 2.75248E-4 2.71832E-4 2.69047E-4 4.27613E-4 7.80865E-4 2.36866E-4 3.18604E-4 2.6412E-4 2.73508E-4 6.42308E-4 1.17923E-3 6.2361E-4 3.50259E-4 3.17665E-4 4.15242E-4 3.46833E-4 1.55645E-4 1.43335E-4 3.11325E-4 6.88745E-4 6.6316E-4 9.24907E-4 2.97404E-4 5.30166E-4 3.30822E-4 4.46473E-4 3.50678E-4 3.77154E-4 1.16122E-3 1.22841E-3 2.31053E-4 1.65568E-4 5.26229E-5 1.25675E-4 1.15471E-4 1.38691E-4
-9999 -9999 -9999 -9999 -9999 -9999 -9999 -9999 -9999 -9999 -9999 -9999 -9999 -9999 -9999 -9999 -9999 -9999 -9999 -9999 -9999 -9999 -9999 -9999 -9999 -9999 -9999 -9999 3.21827E-4 2.86642E-4 2.68355E-4 2.59251E-4 4.04459E-4 2.36272E-4 7.07974E-4 5.71568E-4 2.65921E-4 3.03717E-4 4.86465E-4 6.41611E-4 2.82615E-4 4.55218E-4 2.97658E-4 2.35176E-5 1.49039E-4 3.84302E-4 4.47147E-4 5.28693E-4 8.96391E-4 4.73653E-4 1.00518E-3 3.88372E-4 4.56395E-4 6.74562E-4 6.24018E-4 4.44435E-4 6.87682E-4 8.40609E-4 1.68957E-3 4.75095E-4 1.63682E-4 5.40402E-5 1.75995E-4 1.32403E-4 2.405E-4
-9999 -9999 -9999 -9999 -9999 -9999 -9999 -9999 -9999 -9999 -9999 -9999 -9999 -9999 -9999 -9999 -9999 -9999 -9999 -9999 -9999 -9999 -9999 -9999 -9999 -9999 -9999 -9999 3.3399E-4 3.43294E-4 2.679E-4 2.53648E-4 3.78749E-4 2.11736E-4 5.22687E-4 5.36917E-4 5.38963E-4 2.85325E-4 3.48274E-4 1.92927E-4 1.88953E-4 4.92962E-4 3.1959E-4 1.0912E-4 2.56087E-4 3.38232E-4 5.44107E-4 4.0209E-4 4.68781E-4 3.55793E-4 8.13605E-4 7.25044E-4 6.16989E-4 5.832E-4 5.84404E-4 5.07605E-4 1.08893E-3 6.0474E-4 9.16932E-4 3.06289E-4 7.11921E-4 4.79862E-5 2.0873E-4 4.46387E-5 1.52386E-4
-9999 -9999 -9999 -9999 -9999 -9999 -9999 -9999 -9999 -9999 -9999 -9999 -9999 -9999 -9999 -9999 -9999 -9999 -9999 -9999 -9999 -9999 -9999 -9999 -9999 -9999 -9999 -9999 -9999 3.89888E-4 2.06096E-4 3.26839E-4 3.01341E-4 3.3517E-4 4.6745E-4 5.2702E-4 5.47238E-4 1.92343E-4 2.89286E-4 2.99602E-4 4.75691E-4 2.99566E-4 1.29519E-4 2.94893E-4 2.97341E-4 2.83667E-4 2.51507E-4 1.47577E-4 1.02531E-3 2.09309E-4 3.67859E-4 4.31136E-4 4.21223E-4 2.30543E-4 3.5925E-4 1.16684E-3 9.74689E-4 9.26851E-4 1.08775E-3 6.37531E-4 6.11186E-4 2.90534E-4 1.5467E-4 7.72429E-5 6.80372E-5
-9999 -9999 -9999 -9999 -9999 -9999 -9999 -9999 -9999 -9999 -9999 -9999 -9999 -9999 -9999 -9999 -9999 -9999 -9999 -9999 -9999 -9999 -9999 -9999 -9999 -9999 -9999 -9999 -9999 3.30096E-4 3.75122E-4 4.09435E-4 3.25774E-4 2.21541E-4 3.83401E-4 4.69169E-4 6.21519E-4 6.08217E-4 1.98021E-4 3.01231E-4 3.52574E-4 2.27629E-4 1.26215E-4 1.6121E-4 4.03333E-5 5.87664E-5 1.16599E-4 1.67946E-4 5.66234E-4 1.16125E-3 9.12253E-4 7.25644E-4 7.60411E-4 4.49859E-4 4.20388E-4 5.60813E-4 6.99203E-4 7.27453E-4 7.00003E-4 2.3511E-4 9.04561E-5 1.73277E-4 8.40266E-5 1.34391E-4 2.13921E-4
-9999 -9999 -9999 -9999 -9999 -9999 -9999 -9999 -9999 -9999 -9999 -9999 -9999 -9999 -9999 -9999 -9999 -9999 -9999 -9999 -9999 -9999 -9999 -9999 -9999 -9999 -9999 -9999 -9999 -9999 3.19222E-4 3.85959E-4 3.44687E-4 3.17708E-4 1.47917E-4 4.66896E-4 6.36561E-4 7.03561E-4 8.96953E-4 6.88261E-4 5.93278E-4 4.38347E-4 2.60538E-4 3.84904E-4 1.11496E-4 5.09294E-5 1.82695E-4 2.59521E-4 3.01962E-4 5.16088E-4 6.79715E-4 5.46026E-4 6.99264E-4 5.21323E-4 5.88592E-4 7.57837E-4 6.31972E-4 3.19401E-4 1.24502E-3 2.87133E-4 2.01807E-4 2.63143E-4 3.26093E-4 2.60053E-4 2.21315E-4
-9999 -9999 -9999 -9999 -9999 -9999 -9999 -9999 -9999 -9999 -9999 -9999 -9999 -9999 -9999 -9999 -9999 -9999 -9999 -9999 -9999 -9999 -9999 -9999 -9999 -9999 -9999 -9999 -9999 -9999 3.46372E-4 3.23519E-4 3.7264E-4 3.41357E-4 2.71945E-4 4.36808E-4 2.25624E-4 4.09611E-4 6.20204E-4 5.87254E-4 1.84419E-4 2.71152E-4 7.35093E-4 8.18423E-4 1.3943E-4 6.96403E-5 2.15734E-4 2.09607E-4 4.66117E-4 3.13032E-4 8.46526E-4 6.31562E-4 3.67972E-4 9.44501E-4 9.86073E-4 9.68249E-4 2.11371E-4 2.50592E-4 4.70337E-4 4.60153E-4 6.76126E-4 5.69391E-4 7.51593E-4 9.48453E-4 1.40715E-4
-9999 -9999 -9999 -9999 -9999 -9999 -9999 -9999 -9999 -9999 -9999 -9999 -9999 -9999 -9999 -9999 -9999 -9999 -9999 -9999 -9999 -9999 -9999 -9999 -9999 -9999 -9999 -9999 -9999 -9999 -9999 3.30617E-4 3.121E-4 3.44955E-4 3.42676E-4 4.54785E-4 2.59615E-4 1.28993E-4 3.44966E-4 5.5035E-4 1.8028E-4 3.24623E-4 2.5153E-4 6.27831E-4 2.2437E-4 1.37086E-4 3.9791E-4 2.25675E-4 2.69463E-4 5.70122E-4 6.39939E-4 3.59097E-4 9.29378E-5 2.26679E-4 5.82082E-4 5.90159E-4 3.54704E-4 4.52099E-4 4.43564E-4 3.01155E-4 8.36924E-4 9.06603E-4 7.72931E-4 2.17988E-4 2.45863E-4
-9999 -9999 -9999 -9999 -9999 -9999 -9999 -9999 -9999 -9999 -9999 -9999 -9999 -9999 -9999 -9999 -9999 -9999 -9999 -9999 -9999 -9999 -9999 -9999 -9999 -9999 -9999 -9999 -9999 -9999 -9999 -9999 3.06395E-4 2.81378E-4 3.40664E-4 5.10783E-4 4.13451E-4 6.86978E-4 5.62007E-4 5.5602E-4 2.0453E-4 3.03876E-4 8.91888E-4 5.97366E-4 2.99787E-4 2.01693E-4 3.98265E-4 3.43937E-4 3.73821E-4 6.10832E-4 6.32526E-4 2.91742E-4 2.51318E-4 3.78933E-4 2.34632E-4 2.48384E-4 3.13946E-4 4.80954E-4 2.03981E-4 2.47863E-4 1.86625E-3 7.50181E-4 4.78581E-4 1.834E-4 2.02569E-4
-9999 -9999 -9999 -9999 -9999 -9999 -9999 -9999 -9999 -9999 -9999 -9999 -9999 -9999 -9999 -9999 -9999 -9999 -9999 -9999 -9999 -9999 -9999 -9999 -9999 -9999 -9999 -9999 -9999 -9999 -9999 -9999 -9999 3.30977E-4 2.80544E-4 2.19268E-4 2.18059E-4 5.40173E-4 6.1546E-4 6.39423E-4 4.09866E-4 2.02308E-4 2.15445E-4 6.29628E-4 2.06555E-4 2.34098E-4 3.0116E-4 7.75728E-4 4.3659E-4 6.86034E-4 6.14189E-4 2.99717E-4 2.38203E-4 3.00266E-4 3.45903E-4 4.2709E-4 3.57657E-4 5.22917E-4 8.65117E-4 5.65688E-4 8.26282E-4 8.66354E-4 4.62684E-4 1.56194E-4 2.09882E-4
-9999 -9999 -9999 -9999 -9999 -9999 -9999 -9999 -9999 -9999 -9999 -9999 -9999 -9999 -9999 -9999 -9999 -9999 -9999 -9999 -9999 -9999 -9999 -9999 -9999 -9999 -9999 -9999 -9999 -9999 -9999 -9999 -9999 -9999 3.09709E-4 2.80176E-4 2.62979E-4 2.01279E-4 5.30577E-4 6.17284E-4 6.65416E-4 2.08096E-4 5.91953E-4 4.73472E-4 5.39187E-4 1.975E-4 4.31205E-4 7.31324E-4 5.00176E-4 5.02647E-4 3.24024E-4 2.72878E-4 2.54676E-4 3.1755E-4 3.22093E-4 3.74648E-4 4.7893E-4 8.01979E-4 5.39417E-4 5.30045E-4 1.3765E-3 1.22731E-3 4.56604E-4 3.98216E-4 2.33793E-4
-9999 -9999 -9999 -9999 -9999 -9999 -9999 -9999 -9999 -9999 -9999 -9999 -9999 -9999 -9999 -9999 -9999 -9999 -9999 -9999 -9999 -9999 -9999 -9999 -9999 -9999 -9999 -9999 -9999 -9999 -9999 -9999 -9999 -9999 3.40097E-4 2.4888E-4 2.79774E-4 2.29798E-4 3.29458E-4 5.30594E-4 5.82934E-4 2.10268E-4 6.20334E-4 5.30168E-4 1.1227E-4 5.66975E-4 3.38933E-4 3.67942E-4 4.62482E-4 1.01628E-3 4.62069E-4 3.23408E-4 4.22335E-4 4.21697E-4 3.47477E-4 4.35388E-4 7.54543E-4 4.00986E-4 4.4441E-4 9.91168E-4 1.32582E-3 1.5824E-3 5.72083E-4 5.77525E-4 3.4449E-4
-9999 -9999 -9999 -9999 -9999 -9999 -9999 -9999 -9999 -9999 -9999 -9999 -9999 -9999 -9999 -9999 -9999 -9999 -9999 -9999 -9999 -9999 -9999 -9999 -9999 -9999 -9999 -9999 -9999 -9999 -9999 -9999 -9999 -9999 -9999 3.21579E-4 2.79563E-4 1.74741E-4 2.16994E-4 5.50808E-4 5.23449E-4 2.07644E-4 6.3306E-4 2.28936E-4 2.05103E-4 1.61786E-4 1.66595E-4 4.617E-4 1.00016E-4 2.93149E-4 4.82026E-4 8.076E-4 9.06384E-4 3.90794E-4 5.18307E-4 3.0491E-4 4.54834E-4 9.18163E-4 5.841E-4 2.54685E-4 4.03219E-4 1.30864E-3 1.00576E-3 5.26689E-4 1.3394E-4
-9999 -9999 -9999 -9999 -9999 -9999 -9999 -9999 -9999 -9999 -9999 -9999 -9999 -9999 -9999 -9999 -9999 -9999 -9999 -9999 -9999 -9999 -9999 -9999 -9999 -9999 -9999 -9999 -9999 -9999 -9999 -9999 -9999 -9999 -9999 -9999 2.80217E-4 3.4078E-4 5.15321E-4 2.44991E-4 2.70881E-4 1.33609E-4 2.45164E-4 2.0282E-4 9.68897E-5 1.17486E-4 1.1909E-4 3.13822E-4 1.03105E-4 1.51801E-4 2.35445E-4 6.81375E-4 6.68757E-4 3.62729E-4 3.6321E-4 3.30802E-4 4.19522E-4 9.12919E-4 4.42322E-4 4.22601E-4 3.41376E-4 5.99945E-4 1.30498E-3 1.3037E-3 7.22208E-4
-9999 -9999 -9999 -9999 -9999 -9999 -9999 -9999 -9999 -9999 -9999 -9999 -9999 -9999 -9999 -9999 -9999 -9999 -9999 -9999 -9999 -9999 -9999 -9999 -9999 -9999 -9999 -9999 -9999 -9999 -9999 -9999 -9999 -9999 -9999 -9999 3.17455E-4 3.45298E-4 2.82786E-4 4.35907E-4 1.98631E-4 4.08971E-4 2.73805E-4 3.60792E-4 8.18226E-5 2.95375E-4 1.17499E-4 1.2415E-4 1.15587E-4 4.13888E-4 8.03037E-4 3.71747E-4 2.73864E-4 3.2842E-4 2.74299E-4 5.23944E-4 3.43271E-4 6.70626E-4 3.98183E-4 3.14088E-4 3.70953E-4 4.93628E-4 8.35971E-4 1.81643E-3 4.58751E-4
-9999 -9999 -9999 -9999 -9999 -9999 -9999 -9999 -9999 -9999 -9999 -9999 -9999 -9999 -9999 -9999 -9999 -9999 -9999 -9999 -9999 -9999 -9999 -9999 -9999 -9999 -9999 -9999 -9999 -9999 -9999 -9999 -9999 -9999 -9999 -9999 -9999 4.21366E-4 1.88582E-4 5.24375E-4 4.37725E-4 5.17158E-4 4.55561E-4 4.28667E-4 1.2313E-4 3.10796E-4 2.50354E-4 4.58895E-4 2.70405E-4 7.01421E-4 4.80885E-4 2.96883E-4 4.48257E-4 5.04317E-4 4.54701E-4 3.07905E-4 3.7333E-4 2.70672E-4 1.20311E-4 1.03995E-4 3.66691E-4 7.1459E-4 1.47522E-3 1.32309E-3 2.86446E-4
