catData/rasterBestHybridModels/Prubiginosus/RD_BM01_RM1.5_L/Prubiginosus_avg.asc
ncols         409
nrows         350
xllcorner     60.897278365
yllcorner     5.843756025
cellsize      0.0892857
NODATA_value  -9999
[rows 116 to 144 of 350, columns 264 to 329 of 409]
1.49214E-5 1.55216E-5 2.94841E-5 1.61793E-5 8.31249E-6 8.51231E-6 4.71589E-6 5.89203E-6 1.70094E-5 5.71379E-6 5.70813E-6 1.33757E-5 3.03076E-5 2.32644E-5 8.20849E-6 5.57506E-6 6.19121E-6 4.90757E-6 2.85705E-6 5.24643E-6 2.94256E-6 2.05966E-6 8.61907E-6 4.31851E-5 8.86442E-5 6.43043E-5 8.32108E-5 2.26677E-5 2.6324E-5 3.69683E-5 4.68933E-6 3.73474E-5 9.28448E-5 8.77333E-5 1.00542E-4 8.36311E-5 4.75355E-5 5.78945E-5 1.81523E-4 9.75396E-5 7.10628E-5 1.8822E-5 5.18827E-5 1.48004E-5 1.83376E-5 4.46776E-5 2.97417E-5 2.27858E-5 3.06159E-5 8.21983E-5 1.17638E-4 3.92235E-5 9.51525E-5 1.11544E-4 1.05106E-4 8.71869E-5 8.59752E-5 1.02453E-4 9.34194E-5 1.09398E-4 1.01794E-4 2.9071E-5 2.85013E-5 9.50101E-5 6.2407E-5 5.63903E-5
5.28656E-6 1.01863E-5 2.20361E-5 3.02526E-5 2.34827E-5 2.08244E-5 9.87662E-6 2.46049E-6 5.78504E-6 3.36761E-6 4.64913E-6 5.02048E-6 1.37483E-5 3.32861E-5 8.04917E-6 5.34048E-6 4.00728E-6 4.52958E-6 5.97727E-6 3.36413E-6 2.82165E-6 3.6833E-6 6.79972E-6 3.58249E-6 4.90169E-6 8.14871E-6 9.80304E-6 1.94111E-5 6.87204E-5 7.14568E-6 9.04112E-6 5.89182E-6 6.66736E-6 1.90025E-5 5.54436E-5 9.66775E-5 9.90581E-5 9.89787E-5 9.93399E-5 2.84233E-5 5.02546E-5 3.95379E-5 2.41374E-5 1.61274E-5 9.94284E-6 2.94475E-5 9.81183E-5 3.30143E-5 1.95285E-5 3.69648E-5 1.15951E-4 8.08641E-5 2.11782E-5 5.6266E-5 5.24387E-5 6.52909E-5 6.21077E-5 6.55004E-5 2.14848E-5 6.97834E-5 2.2094E-5 2.49214E-5 3.31314E-5 4.72702E-5 3.62539E-5 2.58179E-5
1.3874E-5 1.50912E-5 7.77397E-6 3.80166E-6 4.30578E-6 8.25804E-6 1.39185E-5 2.57704E-6 9.2915E-6 3.93819E-6 4.06683E-6 1.04069E-5 1.46435E-5 2.14229E-5 7.62235E-6 1.42511E-5 6.96738E-6 2.37737E-6 3.63974E-6 6.42287E-6 2.29269E-6 2.7086E-6 3.83622E-6 3.67E-6 4.07102E-6 8.55172E-6 1.21642E-5 2.62715E-5 4.65251E-6 4.85769E-6 4.5281E-6 6.41745E-6 1.51675E-5 6.11929E-6 2.17207E-5 5.05933E-5 7.72168E-5 5.57137E-5 3.30966E-5 3.36209E-5 1.29705E-5 7.36974E-6 2.65409E-5 1.33895E-5 5.54181E-6 1.86554E-5 4.744E-5 2.42793E-5 2.87944E-5 5.32341E-6 2.66396E-5 3.63972E-5 4.72594E-5 3.42705E-5 4.14536E-5 5.31665E-5 2.26679E-5 5.79904E-5 4.02032E-5 3.13918E-5 2.40869E-5 2.39252E-5 2.72871E-5 4.16749E-5 3.55415E-5 4.51345E-5
1.31369E-5 1.7899E-5 1.00321E-5 1.45612E-5 4.16758E-6 6.45191E-6 6.44367E-6 4.67899E-6 3.58279E-6 1.88242E-6 4.27903E-6 5.07884E-6 3.30478E-6 9.93474E-6 6.87503E-6 8.43188E-6 2.75188E-6 2.90575E-6 2.10136E-6 1.77277E-6 3.19282E-6 2.9714E-6 2.87722E-6 2.27901E-6 2.52296E-6 5.20813E-6 2.37594E-5 5.39679E-6 1.01432E-5 7.93132E-6 4.97259E-6 7.9296E-6 5.30379E-6 1.53719E-5 1.7874E-5 4.38704E-5 4.09059E-5 4.36908E-5 3.6653E-5 2.10655E-5 2.02973E-5 1.22635E-5 9.72261E-6 2.93827E-5 1.2831E-5 4.60369E-6 8.1245E-6 1.28578E-5 3.28821E-5 6.8892E-6 3.58565E-5 7.59383E-5 3.83571E-5 8.23695E-5 5.03925E-5 1.13439E-4 5.81593E-5 6.0294E-5 4.39691E-5 3.46825E-5 3.59422E-5 1.78135E-5 3.11654E-5 4.05453E-5 6.35802E-5 4.20924E-5
8.42076E-6 1.24033E-5 5.09359E-6 1.00379E-5 6.94402E-6 1.33252E-5 5.96808E-6 5.51371E-6 3.66757E-6 2.73055E-6 2.25685E-6 1.28188E-5 7.68595E-6 2.72781E-6 8.75435E-6 5.59759E-6 9.22886E-6 1.04065E-5 3.13759E-6 1.53543E-6 2.41811E-6 2.13116E-6 2.22546E-6 4.67238E-6 1.34555E-5 2.76504E-5 4.34038E-6 4.19476E-6 3.81012E-6 4.23681E-6 5.062E-6 6.49312E-6 1.23423E-5 7.78676E-6 6.97546E-6 5.2023E-5 5.77138E-5 6.09019E-5 5.56183E-5 6.40685E-5 1.86309E-5 7.21454E-6 5.29588E-6 5.87401E-6 4.59728E-6 4.73062E-6 8.54253E-6 8.1742E-6 8.66635E-6 2.51305E-5 1.6103E-5 3.68219E-5 2.01542E-5 5.36947E-5 4.54852E-5 3.67093E-5 4.89218E-5 1.00033E-4 9.23958E-5 6.96042E-5 4.45431E-5 4.43743E-6 1.68817E-5 5.82952E-5 6.18798E-5 8.04474E-6
9.73118E-6 1.05623E-5 9.84973E-6 5.88382E-6 1.95603E-5 1.26721E-5 1.29914E-5 5.23254E-6 3.96417E-6 4.33478E-6 2.12758E-6 4.53715E-6 2.32937E-5 7.37477E-6 7.1502E-6 5.5236E-6 7.03433E-6 2.34669E-6 2.85934E-6 2.37892E-6 2.39234E-6 3.66238E-6 4.06442E-6 1.85699E-5 2.38695E-5 5.84168E-6 3.67928E-6 4.28488E-6 2.58285E-6 3.97128E-6 4.86973E-6 5.82912E-6 7.07911E-6 9.17109E-6 5.047E-6 2.75841E-5 3.55358E-5 4.62528E-5 3.76741E-5 3.80352E-5 1.67823E-5 7.07848E-6 6.66095E-6 4.22056E-6 4.68124E-6 5.89279E-6 1.03162E-5 2.16163E-5 4.00866E-5 3.69052E-5 2.32966E-5 1.53327E-5 2.75582E-5 2.23945E-5 8.33606E-5 7.31465E-5 6.94637E-5 6.65923E-5 6.31656E-5 6.84702E-5 2.57301E-5 9.51481E-6 1.15162E-5 6.83686E-5 9.33874E-5 7.46461E-5
1.33297E-5 2.21862E-5 1.35475E-5 1.26585E-5 1.43546E-5 1.43486E-5 7.42075E-6 8.54986E-6 1.04403E-5 2.94066E-6 7.38162E-6 6.49926E-6 7.01247E-6 1.87777E-5 1.21842E-5 1.10882E-5 7.77994E-6 1.04989E-5 2.33331E-6 3.68643E-6 8.88504E-6 1.10185E-5 1.70446E-5 3.28538E-5 4.93123E-6 6.00998E-6 4.9194E-6 4.86731E-6 4.19837E-6 4.13841E-6 6.09543E-6 4.56143E-6 5.85713E-6 1.85585E-5 1.14898E-5 1.00015E-5 1.86315E-5 1.2739E-5 9.71286E-6 5.87013E-6 3.58872E-6 4.04324E-6 4.71051E-6 5.72987E-6 4.45525E-6 4.90271E-6 9.70828E-6 3.91602E-5 5.17081E-5 4.65912E-5 5.87202E-6 2.57662E-5 5.46058E-5 4.5061E-5 5.12199E-5 6.78616E-5 5.60667E-5 1.87109E-5 1.90931E-5 5.73324E-5 3.83755E-5 2.11119E-5 3.36717E-5 5.29487E-5 2.20183E-5 6.56333E-5
1.29423E-5 1.23503E-5 1.92205E-5 1.20368E-5 1.94999E-5 9.45162E-6 1.64946E-5 1.24958E-5 6.14993E-6 3.91915E-6 2.81897E-6 4.07589E-6 8.12496E-6 2.76068E-5 2.00283E-5 1.40727E-5 2.91702E-6 8.46293E-6 5.7591E-6 1.29324E-5 1.09772E-5 2.60191E-5 2.37898E-5 3.67549E-6 1.49676E-5 8.80265E-6 3.62754E-6 6.90535E-6 3.47825E-6 6.12126E-6 9.33527E-6 4.38247E-6 6.93461E-6 4.69898E-6 4.40211E-5 2.56132E-5 4.04756E-5 1.14419E-5 5.41151E-6 3.17901E-6 5.04366E-6 5.67461E-6 4.37299E-6 4.86737E-6 5.68204E-6 5.17713E-6 7.62207E-6 1.17952E-5 1.99415E-5 1.65709E-5 3.81906E-5 4.13131E-5 4.36623E-5 4.33058E-5 5.22426E-5 4.08659E-5 2.2748E-5 1.02991E-5 5.77552E-6 3.84566E-5 6.43592E-5 3.52731E-5 6.12157E-5 1.10835E-4 9.58998E-5 7.71248E-5
1.93903E-5 2.16795E-5 1.23303E-5 7.56469E-6 6.57955E-6 1.3244E-5 2.21473E-5 9.55922E-6 7.19015E-6 3.17959E-6 1.78215E-6 1.51269E-6 3.41892E-6 3.63241E-6 3.53158E-6 1.04235E-5 1.71924E-5 1.3748E-5 9.24765E-6 9.05346E-6 1.32749E-5 2.52759E-5 9.50386E-6 6.4103E-6 2.81202E-5 2.56779E-5 1.11287E-5 6.08039E-6 3.97249E-6 3.90311E-6 5.32215E-6 4.76169E-6 5.89484E-6 5.38998E-6 5.01621E-6 4.07578E-5 2.84237E-5 1.09584E-5 3.6562E-6 5.83561E-6 4.94144E-6 5.83135E-6 7.7048E-6 5.85645E-6 4.95667E-6 5.58872E-6 4.3567E-6 6.41295E-6 6.28272E-6 4.85527E-6 1.11766E-5 2.76318E-5 3.2745E-5 5.66906E-6 1.18885E-5 2.19367E-5 3.63567E-5 5.32482E-6 2.78918E-6 1.43544E-5 3.85484E-5 7.12747E-5 7.03729E-5 3.25575E-5 7.02044E-5 9.20312E-5
3.61328E-5 1.68968E-5 7.87518E-6 7.23604E-6 7.24205E-6 6.29653E-6 7.0532E-6 1.34363E-5 1.70579E-5 4.00911E-6 5.05985E-6 4.06983E-6 6.43726E-6 3.97812E-6 6.41411E-6 1.43786E-5 1.09788E-5 1.75658E-5 9.56938E-6 4.82768E-6 2.47401E-5 3.99928E-5 6.66054E-6 1.40167E-5 2.56744E-5 1.86765E-5 4.67063E-6 4.46559E-6 4.39215E-6 4.31307E-6 4.22496E-6 4.34362E-6 6.56562E-6 9.75753E-6 4.22014E-6 1.8988E-5 2.12997E-5 1.75349E-5 9.2662E-6 7.76717E-6 4.65605E-6 4.76865E-6 5.97705E-6 9.35394E-6 6.97453E-6 6.98547E-6 4.24752E-6 6.5502E-6 5.27898E-6 7.3346E-6 1.50219E-5 8.19012E-6 7.60277E-6 2.03449E-5 1.65624E-5 1.69951E-5 8.90355E-6 1.39917E-5 3.28993E-6 1.97135E-5 3.47995E-5 4.1104E-5 8.11537E-5 6.50414E-5 1.2949E-4 1.31925E-4
1.86062E-5 3.21413E-5 2.02018E-5 8.6101E-6 6.18428E-6 1.11111E-5 9.12191E-6 2.11055E-5 9.10617E-6 9.40273E-6 7.15487E-6 7.61931E-6 2.12437E-5 1.1162E-5 1.35975E-5 1.80779E-5 9.55038E-6 6.52472E-6 1.08809E-5 2.14793E-5 4.03047E-5 1.87603E-5 6.02021E-6 2.18837E-5 1.87533E-5 5.22534E-6 5.56785E-6 6.27827E-6 4.28586E-6 4.31453E-6 4.98488E-6 1.06241E-5 1.35772E-5 1.2611E-5 4.52431E-6 1.37285E-5 2.66008E-5 8.4324E-6 1.21376E-5 1.93969E-5 7.00252E-6 8.1068E-6 7.68192E-6 1.03733E-5 7.00571E-6 4.12809E-6 4.37775E-6 5.35383E-6 7.53367E-6 7.40983E-6 2.96407E-6 4.44215E-6 4.24076E-6 1.29526E-5 1.58268E-5 1.51362E-5 5.77276E-6 6.93489E-6 2.22739E-5 3.25913E-5 1.68052E-5 2.84762E-5 1.43497E-4 1.12756E-4 4.58203E-5 6.26668E-5
3.18122E-5 2.74616E-5 2.14308E-5 3.34872E-5 3.0375E-5 4.57475E-5 5.1472E-5 2.14806E-5 6.36722E-6 6.04856E-6 7.18375E-6 7.6773E-6 2.62168E-5 2.79705E-5 1.33671E-5 1.7768E-5 1.10903E-5 4.58395E-6 3.75747E-6 3.21062E-6 9.74998E-6 1.85416E-5 1.76068E-5 8.72791E-6 9.00238E-6 4.34525E-6 4.14737E-6 3.9326E-6 3.82677E-6 5.10642E-6 5.30346E-6 6.06537E-6 7.55049E-6 1.54967E-5 7.44219E-6 4.47793E-6 1.10522E-5 7.60298E-6 5.41489E-6 7.04212E-6 6.91798E-6 6.96933E-6 9.26318E-6 7.34294E-6 5.68056E-6 4.87781E-6 5.21465E-6 8.43308E-6 1.32792E-5 5.42076E-6 5.77928E-6 4.31745E-6 5.12653E-6 9.35849E-6 4.25484E-6 3.00493E-6 1.08944E-5 2.68395E-6 9.93125E-6 2.44534E-5 6.89247E-6 1.39816E-5 3.01478E-5 4.1293E-5 3.89442E-5 5.36498E-5
5.87377E-6 9.9186E-6 1.55527E-5 1.20375E-5 6.85469E-6 6.78391E-6 3.87254E-5 5.47063E-5 2.21978E-5 2.22584E-5 1.35794E-5 2.01786E-5 3.52319E-5 2.65244E-5 1.68636E-5 8.8919E-6 7.60371E-6 9.87762E-6 9.37593E-6 8.17717E-6 8.71786E-6 4.9075E-6 2.05218E-5 3.58476E-5 1.33627E-5 4.72175E-6 5.60984E-6 3.93262E-6 5.48347E-6 4.19184E-6 4.48761E-6 4.01987E-6 3.99778E-6 6.28054E-6 8.40627E-6 2.61467E-6 5.98421E-6 4.95572E-6 6.28726E-6 4.42021E-6 9.26026E-6 1.7831E-5 1.23873E-5 7.01029E-6 3.9091E-6 7.79521E-6 9.26293E-6 6.2783E-6 8.12619E-6 7.13408E-6 7.19556E-6 5.64539E-6 4.58893E-6 7.42493E-6 3.54901E-6 2.30948E-6 6.25861E-6 3.19115E-6 7.74503E-6 1.05349E-5 1.13275E-6 2.32522E-5 5.56004E-5 2.57358E-5 3.05081E-5 2.50301E-5
8.20862E-6 3.53757E-6 3.62253E-6 1.21707E-5 2.73656E-6 2.19567E-6 3.1599E-6 4.0651E-6 7.51343E-6 3.81818E-5 5.80279E-5 3.83303E-5 4.53521E-5 3.93687E-5 5.32041E-5 3.25653E-5 2.73839E-5 1.40979E-5 1.40827E-5 1.73155E-5 1.59103E-5 1.05324E-5 4.18125E-5 3.96028E-5 3.35462E-5 2.65494E-5 1.98105E-5 1.13131E-5 7.73511E-6 9.35669E-6 1.06026E-5 4.94446E-6 6.12701E-6 4.86067E-6 1.27316E-5 2.66303E-6 5.66188E-6 4.66356E-6 5.48092E-6 3.02049E-6 6.14986E-6 6.89002E-6 5.69899E-6 2.77562E-6 4.66365E-6 5.5021E-6 6.48914E-6 6.71961E-6 5.7306E-6 3.91273E-6 1.0411E-5 5.70003E-6 4.61734E-6 6.82861E-6 4.50231E-6 2.88226E-6 2.73852E-6 6.9207E-6 1.5861E-5 9.02156E-6 1.44632E-6 1.99697E-5 4.46224E-5 4.90399E-5 1.5055E-5 1.69027E-5
2.96542E-6 2.24989E-6 2.92576E-6 6.20141E-6 2.23767E-6 4.71148E-6 5.78999E-6 6.00821E-6 8.10019E-6 1.09463E-5 1.58743E-5 3.37353E-5 1.21013E-5 1.05709E-5 6.99808E-6 3.88863E-5 5.60216E-5 3.0422E-5 2.96523E-5 3.27351E-5 2.33363E-5 5.01373E-5 5.04594E-5 4.05972E-5 2.93632E-5 3.62758E-5 3.63087E-5 2.89333E-5 2.45899E-5 2.90831E-5 5.41217E-5 3.94541E-5 4.4969E-5 4.82246E-5 3.19566E-5 8.04054E-6 1.7659E-5 1.04353E-5 5.36466E-6 4.62566E-6 7.93165E-6 8.69089E-6 3.34339E-6 2.68315E-6 5.42555E-6 4.58599E-6 1.75812E-5 1.03006E-5 6.27408E-6 7.45798E-6 8.35193E-6 4.60824E-6 6.8443E-6 5.82031E-6 6.27965E-6 4.37519E-6 2.75024E-6 3.52724E-6 2.99119E-5 5.27038E-6 1.20058E-5 1.57934E-5 8.0167E-5 3.7596E-5 2.98487E-5 2.06204E-5
2.28653E-6 2.29692E-6 4.72557E-6 4.10192E-6 3.43565E-6 8.87076E-6 4.61627E-6 1.89132E-6 4.6517E-6 5.9982E-6 3.91216E-6 4.85788E-6 5.96313E-6 3.36041E-6 9.44449E-6 2.86625E-5 4.59157E-5 5.22062E-5 4.15447E-5 2.6556E-5 4.15836E-5 6.42972E-5 4.58488E-5 4.76037E-5 5.89472E-5 3.27896E-5 4.34112E-5 4.14053E-5 3.10641E-5 1.98782E-5 5.28363E-5 2.07067E-5 4.05643E-5 3.31543E-5 3.05724E-5 4.63368E-5 5.25768E-5 1.64856E-5 5.07526E-6 8.93852E-6 4.15221E-6 8.4711E-6 3.41496E-6 4.78975E-6 8.63009E-6 5.50049E-6 4.94345E-6 1.04029E-5 6.29641E-6 5.35708E-6 1.07558E-5 4.78808E-6 8.59836E-6 6.74172E-6 1.10561E-5 4.66833E-6 4.42657E-6 9.2684E-6 3.02103E-5 3.0666E-6 1.52032E-5 1.58832E-5 1.5843E-5 2.62331E-5 2.50845E-5 2.07937E-5
2.61847E-6 5.53828E-6 6.17456E-6 3.80944E-6 3.10811E-6 5.38346E-6 5.38769E-6 2.36528E-6 2.41541E-6 3.63954E-6 3.56057E-6 5.06142E-6 2.57364E-6 5.95006E-6 1.78219E-5 1.94512E-5 3.84388E-5 3.69693E-5 4.01829E-5 3.98938E-5 2.75261E-5 2.34754E-5 1.67544E-5 2.75544E-5 3.73961E-5 3.9109E-5 4.26685E-5 4.18559E-5 2.85495E-5 4.63749E-5 4.75765E-5 5.01159E-5 1.93094E-5 1.85087E-5 1.31004E-5 3.32404E-5 3.6099E-5 2.71943E-5 1.0211E-5 5.87539E-6 7.60888E-6 6.76081E-6 4.2422E-6 5.46326E-6 1.20977E-5 4.24345E-6 4.12144E-6 8.60422E-6 6.52809E-6 7.90934E-6 5.53342E-6 4.20953E-6 4.50708E-6 7.40925E-6 5.73196E-6 4.2179E-6 2.81566E-6 9.83274E-6 2.46927E-5 1.98928E-6 3.45697E-6 6.8098E-6 1.08606E-5 7.3854E-6 1.45249E-5 1.29235E-5
7.47066E-6 3.23837E-6 2.96333E-6 3.27552E-6 4.77283E-6 3.80979E-6 3.07795E-6 2.98714E-6 2.52373E-6 9.98506E-6 4.50057E-6 1.029E-5 3.72766E-6 7.50455E-6 2.14657E-5 1.12457E-5 2.64424E-5 1.06942E-5 9.94963E-6 1.28827E-5 2.13668E-5 2.28145E-5 5.06611E-5 8.96065E-6 5.48157E-6 9.69664E-6 1.42662E-5 3.36223E-6 7.80311E-6 1.59964E-5 1.33776E-5 6.33475E-6 5.54626E-6 4.69133E-6 1.13495E-5 3.85794E-5 3.23823E-5 3.43806E-5 1.26314E-5 1.68386E-5 4.62774E-6 4.09911E-6 3.13109E-6 1.03848E-5 9.86858E-6 9.66919E-6 4.48656E-6 8.4535E-6 8.44852E-6 6.36931E-6 3.09496E-6 3.32357E-6 4.26086E-6 4.42238E-6 6.44392E-6 6.26501E-6 3.47431E-6 1.09337E-5 1.50741E-5 2.86584E-6 1.90163E-6 1.30473E-6 1.41526E-6 2.48666E-6 3.74963E-6 4.33401E-6
2.43063E-6 3.70395E-6 9.89362E-6 1.70738E-5 9.8087E-6 1.3416E-5 3.14632E-6 3.13808E-6 2.38898E-6 3.4435E-6 3.9051E-6 9.4575E-6 8.98021E-6 4.88144E-6 1.73645E-5 1.09666E-5 2.06308E-5 4.33826E-6 7.3669E-6 8.11722E-6 4.63175E-5 6.03189E-5 2.50028E-5 4.33827E-6 4.18278E-6 4.17536E-6 4.15687E-6 5.37132E-6 2.63468E-6 2.62044E-6 6.47765E-6 3.77674E-6 5.98839E-6 4.61086E-6 1.52126E-5 1.43309E-5 1.60399E-5 4.48703E-5 8.8708E-6 8.16602E-6 5.08681E-6 5.72494E-6 1.33447E-5 5.78483E-6 1.51807E-5 1.32324E-5 1.30151E-5 8.09621E-6 4.39894E-6 5.1563E-6 4.60663E-6 4.14252E-6 4.20238E-6 2.80959E-6 4.26126E-6 4.54474E-6 4.28604E-6 1.2579E-5 1.4874E-5 1.30934E-6 1.37711E-6 2.91728E-6 5.22748E-7 9.41901E-7 1.88098E-6 2.44832E-6
3.1561E-6 5.34021E-6 3.8267E-6 5.29958E-6 1.58291E-5 1.62486E-5 1.54759E-5 3.59662E-6 4.949E-6 6.63616E-6 1.31584E-5 8.90075E-6 5.53973E-6 6.05998E-6 5.85367E-6 9.06932E-6 1.52394E-5 4.28422E-6 4.4156E-6 9.24555E-6 2.13039E-5 1.51102E-5 1.62982E-5 8.07366E-6 5.10516E-6 5.34156E-6 5.81707E-6 5.39176E-6 4.08541E-6 4.08575E-6 7.34849E-6 5.48541E-6 1.04793E-5 1.57468E-5 1.70312E-5 1.70442E-5 9.81863E-6 8.3285E-6 1.69589E-5 1.21723E-5 4.87048E-6 1.77196E-5 1.6707E-5 1.95885E-5 1.5822E-5 2.59204E-5 6.59971E-6 4.57238E-6 4.18526E-6 6.25741E-6 4.70562E-6 7.58658E-6 4.18491E-6 4.2289E-6 4.60012E-6 2.85938E-6 3.45596E-6 2.65882E-5 8.59823E-6 1.01933E-6 1.21317E-6 4.61579E-6 1.50818E-6 1.13002E-6 1.10911E-6 1.82764E-6
3.79227E-6 2.82786E-6 2.12963E-5 2.05349E-5 1.71686E-5 9.90599E-6 5.04156E-6 4.49367E-6 6.57979E-6 1.43968E-5 6.15091E-6 1.19214E-5 9.57442E-6 1.1576E-5 1.21764E-5 9.06416E-6 1.19961E-5 8.42966E-6 1.8559E-5 7.15504E-6 7.73835E-6 2.89369E-5 4.08175E-5 1.85854E-5 1.90318E-5 3.54553E-5 3.24244E-5 1.05458E-5 4.23493E-6 4.85401E-6 1.00731E-5 6.52328E-6 7.39099E-6 2.10998E-5 5.64596E-6 1.34451E-5 2.59459E-5 5.65327E-6 2.17485E-5 1.32869E-5 9.50898E-6 5.39248E-6 8.6185E-6 2.31819E-5 5.20457E-5 2.77839E-5 4.77519E-6 8.17715E-6 4.21406E-6 1.04035E-5 8.95252E-6 4.31807E-6 4.22057E-6 4.23804E-6 5.35734E-6 3.48743E-6 3.27924E-6 2.59074E-5 5.55259E-6 1.03784E-6 8.45265E-7 1.10142E-6 3.95251E-6 1.65865E-6 1.99862E-6 2.4282E-6
9.27641E-6 3.14257E-5 2.00793E-5 1.21362E-5 1.61136E-5 1.48158E-5 7.84931E-6 1.20012E-5 7.74095E-6 7.64626E-6 5.67093E-6 6.71761E-6 1.07637E-5 1.57418E-5 2.91643E-5 2.04465E-5 2.3501E-5 3.55279E-5 3.95288E-5 2.22864E-5 2.25235E-5 2.35754E-5 5.91657E-5 3.46992E-5 6.75555E-5 6.13592E-5 7.223E-5 1.48036E-5 4.38289E-6 6.2752E-6 1.17279E-5 1.23793E-5 2.15237E-5 2.70582E-5 8.81156E-6 2.88958E-5 5.18266E-6 3.19179E-6 3.41474E-5 7.08134E-6 6.5259E-6 4.98281E-6 1.51925E-5 2.22972E-5 4.53363E-5 5.79902E-5 1.18899E-5 8.86229E-6 7.93427E-6 1.68757E-5 9.4564E-6 4.27327E-6 4.2489E-6 4.27217E-6 4.80514E-6 4.85832E-6 4.52818E-6 1.23383E-5 1.35671E-5 1.09131E-6 7.32338E-7 6.66358E-7 1.10356E-6 1.62081E-6 2.97395E-6 4.69389E-6
1.43853E-5 3.39288E-5 2.2333E-5 1.26767E-5 1.43884E-5 8.25726E-6 1.51007E-5 1.9675E-5 9.02725E-6 1.09671E-5 3.59029E-6 4.23325E-6 1.14749E-5 2.42674E-5 3.30407E-5 2.94074E-5 1.64089E-5 2.44777E-5 3.55033E-5 7.20262E-5 5.47017E-5 5.56971E-5 2.26371E-5 5.8978E-5 7.39454E-5 5.37326E-5 8.31481E-5 5.01055E-5 3.18716E-5 2.50784E-5 6.43618E-5 6.02095E-5 9.53636E-6 3.3102E-5 5.66946E-5 1.84953E-5 6.36764E-6 3.4451E-6 3.06421E-5 6.22758E-6 3.14014E-6 7.80778E-6 1.09532E-5 1.35379E-5 4.17857E-5 1.88629E-5 2.73826E-5 1.02345E-5 1.17965E-5 1.7012E-5 2.78236E-5 5.62041E-6 4.3571E-6 2.87814E-6 4.33359E-6 5.11043E-6 3.70073E-6 4.89553E-6 1.80057E-5 2.54682E-6 6.39402E-7 7.43545E-7 5.2586E-6 3.28124E-6 4.2531E-6 1.39494E-5
1.93501E-5 3.5353E-5 3.05878E-5 9.20128E-6 2.15436E-5 1.73688E-5 9.37488E-6 8.94781E-6 1.16278E-5 2.74622E-5 1.34605E-5 8.34776E-6 2.18882E-5 3.6333E-5 3.70469E-5 3.3738E-5 5.30339E-5 4.4459E-5 4.91027E-5 3.64975E-5 7.12532E-5 4.45735E-5 5.46048E-5 7.98572E-5 4.99929E-5 4.46087E-5 7.34132E-5 4.77503E-5 4.07782E-5 2.30424E-5 1.99866E-5 4.11493E-5 1.91059E-5 4.15909E-5 3.58956E-5 4.92303E-6 4.92289E-6 7.75851E-6 2.44556E-5 2.8334E-5 1.65088E-5 2.33638E-5 1.37612E-5 2.05968E-5 1.47099E-5 2.2561E-5 3.13176E-5 5.87217E-5 3.55236E-5 2.42351E-5 4.77233E-5 1.76104E-5 7.19451E-6 4.48437E-6 4.4639E-6 5.68093E-6 3.42839E-6 2.73293E-6 1.46512E-5 4.87339E-6 6.84869E-7 6.24338E-7 2.20004E-6 3.8585E-6 1.27566E-5 1.92943E-5
5.29143E-5 1.90395E-5 1.77451E-5 1.34112E-5 7.1147E-6 2.3431E-5 1.83238E-5 2.18859E-5 1.24881E-5 2.26684E-5 6.75089E-5 7.21099E-5 4.09979E-5 3.5858E-5 5.65085E-5 2.55942E-5 2.85885E-5 5.46318E-5 6.37742E-5 7.83856E-5 6.19179E-5 6.81943E-5 7.95105E-5 7.85135E-5 8.18721E-5 8.28746E-5 8.12802E-5 8.43974E-5 6.00038E-5 8.00131E-5 4.0839E-5 2.34544E-5 1.98538E-5 4.26312E-5 1.71458E-5 5.21978E-6 6.14342E-6 5.3964E-6 1.52434E-5 4.75772E-5 1.84908E-5 2.48279E-5 1.19308E-5 1.66912E-5 2.0617E-5 2.29168E-5 2.9908E-5 9.23958E-6 1.33037E-5 3.40376E-5 1.47536E-5 2.51543E-5 2.19277E-5 6.43148E-6 4.60367E-6 5.32898E-6 2.82557E-6 1.75708E-6 8.40472E-6 1.02068E-5 1.51268E-6 8.71159E-7 2.72313E-6 5.72453E-6 3.57792E-6 3.54717E-6
1.51342E-5 2.60222E-5 1.41375E-5 3.70293E-5 3.3829E-5 3.00581E-5 2.45417E-5 2.31611E-5 6.45498E-5 4.16368E-5 4.39047E-5 7.52842E-5 4.35193E-5 3.99808E-5 4.41179E-5 4.88388E-5 7.13651E-5 5.7439E-5 8.14906E-5 8.08381E-5 8.18082E-5 5.56634E-5 8.6374E-5 8.35014E-5 5.52749E-5 8.43088E-5 5.676E-5 8.68365E-5 5.483E-5 8.56419E-5 2.44585E-5 3.27831E-5 2.1363E-5 5.99273E-5 1.55936E-5 6.58083E-6 7.40441E-6 4.9713E-6 6.12523E-6 1.3486E-5 3.12912E-5 2.28114E-5 1.38578E-5 3.48407E-5 9.00528E-6 7.37444E-6 7.03067E-6 8.4132E-6 1.39905E-5 4.82868E-6 5.36909E-6 2.95456E-5 3.1006E-5 8.7145E-6 1.95407E-5 3.85039E-6 2.30241E-6 2.02671E-6 3.16508E-6 1.16701E-5 1.02402E-6 1.03222E-6 5.37867E-6 7.55042E-6 3.72838E-6 2.98524E-6
4.2529E-5 5.62646E-5 2.60346E-5 4.96788E-5 2.56788E-5 3.9922E-5 2.93325E-5 4.75722E-5 9.40827E-5 8.63517E-5 8.95623E-5 9.20487E-5 5.09726E-5 5.24067E-5 5.12383E-5 3.3914E-5 8.03707E-5 8.08348E-5 8.23546E-5 8.2349E-5 8.25107E-5 4.33763E-5 8.15923E-5 5.78544E-5 8.37605E-5 7.14486E-5 6.59557E-5 8.82423E-5 8.39757E-5 7.90453E-5 6.3914E-5 3.29442E-5 1.93387E-5 2.96702E-5 7.66759E-6 5.83578E-6 7.3765E-6 4.86099E-6 4.66443E-6 4.54995E-6 6.89193E-6 2.00167E-5 4.651E-6 1.45825E-5 4.28634E-5 2.75483E-5 4.16707E-5 6.4026E-6 5.35664E-6 4.20649E-6 5.31056E-6 4.18389E-6 1.56122E-5 3.22876E-5 1.6348E-5 1.13771E-5 2.2816E-6 1.87437E-6 2.01843E-6 1.23252E-5 9.72307E-7 9.23548E-7 1.65484E-6 1.10681E-5 6.28305E-6 8.15694E-6
4.70098E-5 4.7274E-5 7.17407E-5 6.69567E-5 9.79671E-5 4.02743E-5 3.6547E-5 2.7884E-5 6.87864E-5 5.62634E-5 9.24973E-5 1.09863E-4 5.76421E-5 3.88089E-5 5.44188E-5 5.55438E-5 8.22179E-5 8.57906E-5 8.56114E-5 8.37693E-5 8.50174E-5 7.94138E-5 8.46503E-5 8.85233E-5 5.32531E-5 5.59072E-5 4.17182E-5 7.05069E-5 6.17787E-5 8.79029E-5 4.41413E-5 1.72342E-5 1.74753E-5 3.30781E-5 1.15058E-5 7.3957E-6 7.21177E-6 7.09627E-6 4.66758E-6 5.64742E-6 4.69215E-6 6.52612E-6 2.07309E-5 4.96265E-6 1.661E-5 7.15464E-6 1.40032E-5 3.34335E-5 5.41147E-6 4.21365E-6 4.17439E-6 4.18708E-6 9.3187E-6 2.07636E-5 3.90738E-5 2.13216E-5 3.24088E-6 1.79669E-6 3.2702E-6 1.65708E-5 1.30609E-6 1.41896E-6 1.54494E-6 6.48134E-6 1.99971E-5 4.71968E-6
9.171E-5 1.40882E-4 5.47382E-5 1.00187E-4 2.80818E-5 4.82122E-5 4.83478E-5 2.36441E-5 2.60899E-5 4.55002E-5 3.94878E-5 9.78719E-5 7.37151E-5 7.86588E-5 3.22584E-5 8.43328E-5 7.76715E-5 8.22831E-5 9.48632E-5 7.49902E-5 9.23228E-5 6.38451E-5 6.06598E-5 9.1068E-5 8.75791E-5 8.63094E-5 3.47139E-5 8.09317E-5 8.21826E-5 6.17792E-5 2.90268E-5 7.9959E-5 1.74904E-5 9.34147E-6 2.12745E-5 7.14954E-6 1.26388E-5 1.77724E-5 4.71395E-6 1.40874E-5 1.37713E-5 6.98882E-6 6.04611E-6 7.67497E-6 9.20884E-6 4.60558E-6 4.59431E-6 2.48734E-5 1.75031E-5 9.26153E-6 9.34882E-6 4.76581E-6 6.22414E-6 1.36809E-5 2.9846E-5 2.76019E-5 5.41119E-6 1.88116E-6 5.93943E-6 2.66702E-5 3.27894E-6 1.74226E-6 2.2222E-6 4.07558E-6 1.95886E-5 1.42345E-5
