catData/rasterBestHybridModels/Prubiginosus/RD_BM01_RM1.5_L/Prubiginosus_median.asc
ncols         409
nrows         350
xllcorner     60.897278365
yllcorner     5.843756025
cellsize      0.0892857
NODATA_value  -9999
[rows 116 to 144 of 350, columns 260 to 324 of 409]
3.84716E-6 7.67501E-6 1.39998E-5 9.42262E-6 1.31028E-5 1.35019E-5 2.6373E-5 1.40692E-5 8.25221E-6 8.59892E-6 4.75601E-6 5.99184E-6 1.84639E-5 6.76679E-6 6.75635E-6 1.47847E-5 3.11984E-5 2.4352E-5 8.85698E-6 5.14494E-6 5.83779E-6 4.54307E-6 3.26775E-6 5.80598E-6 3.32591E-6 2.19487E-6 9.23156E-6 4.12221E-5 8.51411E-5 6.44263E-5 7.68698E-5 2.39414E-5 2.70857E-5 3.70095E-5 4.80862E-6 3.9397E-5 8.67971E-5 8.17748E-5 9.74975E-5 7.89856E-5 4.84157E-5 5.82374E-5 1.53344E-4 9.2474E-5 7.13653E-5 1.98131E-5 5.17586E-5 1.64802E-5 1.9685E-5 4.2566E-5 2.9122E-5 2.42812E-5 3.02788E-5 8.45184E-5 1.26058E-4 3.97308E-5 8.90984E-5 1.0628E-4 9.77381E-5 8.31531E-5 8.20335E-5 9.69996E-5 8.98731E-5 1.01802E-4 1.04643E-4
5.27271E-6 7.67192E-6 3.03611E-6 1.35731E-5 4.91268E-6 1.0311E-5 2.02718E-5 2.71515E-5 2.11207E-5 1.91334E-5 9.82168E-6 2.3988E-6 5.85919E-6 3.36513E-6 4.73713E-6 5.1351E-6 1.52712E-5 3.46463E-5 9.20186E-6 6.23895E-6 4.75993E-6 5.37007E-6 7.04234E-6 4.05185E-6 3.40391E-6 4.45753E-6 7.41485E-6 4.03793E-6 5.50349E-6 9.02893E-6 1.08566E-5 2.00614E-5 7.20449E-5 7.83362E-6 9.93318E-6 6.30353E-6 7.13443E-6 2.08198E-5 5.61327E-5 9.42094E-5 9.70319E-5 9.61488E-5 9.57692E-5 2.94768E-5 4.9303E-5 4.06264E-5 2.57963E-5 1.78388E-5 8.79619E-6 3.08775E-5 7.05843E-5 3.14841E-5 2.43872E-5 4.13746E-5 1.24764E-4 8.24581E-5 2.21498E-5 5.54997E-5 5.18676E-5 6.51747E-5 6.07996E-5 6.592E-5 2.13187E-5 6.82512E-5 2.4034E-5
7.03819E-6 5.75062E-6 2.8606E-6 9.3406E-6 1.21004E-5 1.37295E-5 7.90494E-6 3.71326E-6 4.09906E-6 8.19845E-6 1.27704E-5 2.68076E-6 9.42379E-6 3.93639E-6 3.92124E-6 1.01176E-5 1.29716E-5 1.95841E-5 7.80591E-6 1.31554E-5 7.4382E-6 2.70359E-6 4.42429E-6 6.91866E-6 2.40727E-6 2.63939E-6 3.78555E-6 4.43211E-6 4.90755E-6 9.97837E-6 1.39972E-5 2.69694E-5 4.57267E-6 6.03014E-6 5.19734E-6 7.85242E-6 1.75063E-5 7.5494E-6 2.38067E-5 5.1029E-5 7.62825E-5 5.43209E-5 3.22519E-5 3.44112E-5 1.45929E-5 7.19796E-6 2.42067E-5 1.49688E-5 6.95704E-6 1.98046E-5 4.78089E-5 2.68717E-5 3.19063E-5 5.20883E-6 2.70277E-5 3.7509E-5 4.65559E-5 3.57859E-5 4.26282E-5 5.21249E-5 2.403E-5 5.71452E-5 4.07184E-5 3.17088E-5 2.40236E-5
2.7233E-6 5.4381E-6 3.51864E-6 8.17768E-6 1.19972E-5 1.56437E-5 9.87016E-6 1.34463E-5 4.18444E-6 6.61013E-6 6.60408E-6 4.71417E-6 3.55691E-6 1.94639E-6 4.11354E-6 5.12103E-6 3.29467E-6 9.55583E-6 7.05056E-6 8.58486E-6 2.73289E-6 2.89282E-6 2.0552E-6 1.84159E-6 3.8543E-6 3.62145E-6 2.81535E-6 2.19716E-6 2.42961E-6 4.87231E-6 2.17816E-5 5.30722E-6 1.13094E-5 9.02938E-6 4.81243E-6 7.83425E-6 5.00693E-6 1.66508E-5 1.73626E-5 4.19358E-5 3.88467E-5 4.27403E-5 3.69314E-5 2.17938E-5 2.12829E-5 1.36568E-5 1.10482E-5 2.95559E-5 1.42217E-5 5.40947E-6 9.33293E-6 1.55238E-5 3.13356E-5 8.17326E-6 3.38328E-5 7.0693E-5 3.90479E-5 7.95729E-5 5.1022E-5 1.08759E-4 5.7519E-5 6.07427E-5 4.42831E-5 3.76374E-5 3.67093E-5
4.58202E-6 6.12454E-6 4.44742E-6 6.08287E-6 8.55731E-6 1.14638E-5 5.1695E-6 9.879E-6 7.04929E-6 1.23826E-5 6.09751E-6 5.6166E-6 3.65878E-6 2.68229E-6 2.19473E-6 1.22091E-5 7.80018E-6 2.68334E-6 8.66835E-6 5.69254E-6 8.47212E-6 9.96362E-6 3.12066E-6 1.57605E-6 2.35313E-6 2.0567E-6 2.15639E-6 5.32123E-6 1.36896E-5 2.81801E-5 5.02325E-6 4.87477E-6 4.46029E-6 4.96331E-6 5.90278E-6 7.48706E-6 1.36877E-5 8.81146E-6 7.90447E-6 5.11463E-5 5.72882E-5 6.11689E-5 5.5532E-5 6.54096E-5 1.98685E-5 8.29244E-6 6.20969E-6 6.82396E-6 5.39526E-6 5.52663E-6 9.71886E-6 9.38312E-6 1.00115E-5 2.68117E-5 1.51829E-5 3.45714E-5 2.19276E-5 5.07775E-5 4.62564E-5 3.76851E-5 4.95341E-5 1.00475E-4 8.69841E-5 6.82893E-5 4.4684E-5
2.47391E-5 1.94807E-5 6.26288E-6 1.23348E-5 1.04875E-5 1.03468E-5 9.53062E-6 5.99246E-6 1.75314E-5 1.20582E-5 1.21495E-5 5.32022E-6 3.99343E-6 4.37563E-6 2.07791E-6 4.54761E-6 2.11852E-5 7.45863E-6 7.25038E-6 5.60005E-6 6.17104E-6 2.29698E-6 2.82306E-6 2.32322E-6 2.33382E-6 3.63537E-6 4.03249E-6 1.92049E-5 2.46095E-5 6.66216E-6 4.2568E-6 4.93923E-6 2.83172E-6 4.61983E-6 5.63807E-6 6.73884E-6 7.463E-6 1.03119E-5 5.83967E-6 2.7407E-5 3.38608E-5 4.51268E-5 3.60615E-5 3.62604E-5 1.72767E-5 8.1522E-6 7.6623E-6 4.96396E-6 5.53196E-6 6.84476E-6 1.15277E-5 2.30946E-5 4.06591E-5 3.69309E-5 2.48111E-5 1.70564E-5 2.49474E-5 2.02902E-5 8.03429E-5 6.7301E-5 6.42427E-5 6.22428E-5 6.64918E-5 7.25484E-5 2.84001E-5
2.19796E-5 6.51203E-6 1.12047E-5 1.38385E-5 1.42162E-5 2.27415E-5 1.45102E-5 1.35994E-5 1.3199E-5 1.33469E-5 7.53412E-6 8.7188E-6 1.02326E-5 2.92325E-6 7.5494E-6 6.62275E-6 7.09572E-6 1.68813E-5 1.17009E-5 1.058E-5 6.92126E-6 1.01362E-5 2.27318E-6 3.63706E-6 8.96173E-6 1.09414E-5 1.49914E-5 3.28617E-5 5.65652E-6 6.81715E-6 5.61419E-6 5.53752E-6 4.81964E-6 4.77488E-6 6.9867E-6 5.3295E-6 6.76902E-6 1.9857E-5 1.2743E-5 1.10907E-5 1.97231E-5 1.3938E-5 9.97454E-6 6.00116E-6 3.91647E-6 4.40744E-6 5.50894E-6 6.71675E-6 5.27423E-6 5.74315E-6 1.08656E-5 3.93987E-5 5.10683E-5 4.63087E-5 6.30561E-6 2.55472E-5 5.42758E-5 4.51336E-5 5.05365E-5 6.96608E-5 5.86547E-5 1.95202E-5 1.91455E-5 5.92235E-5 3.9662E-5
3.08529E-5 9.17463E-6 8.6647E-6 2.28134E-5 1.38715E-5 1.25123E-5 2.00613E-5 1.28516E-5 2.00433E-5 9.38831E-6 1.79041E-5 1.31697E-5 6.22485E-6 3.93511E-6 2.78992E-6 4.08919E-6 8.23671E-6 2.43193E-5 1.88218E-5 1.21171E-5 2.87177E-6 7.55427E-6 5.80123E-6 1.23747E-5 1.00938E-5 2.33814E-5 2.16893E-5 3.60555E-6 1.60393E-5 8.98221E-6 3.84124E-6 7.08083E-6 3.74209E-6 6.93714E-6 1.04213E-5 5.0849E-6 7.87147E-6 5.08366E-6 4.37164E-5 2.65694E-5 4.02783E-5 1.16572E-5 5.55506E-6 3.51477E-6 5.8584E-6 6.53787E-6 5.13214E-6 5.74283E-6 6.64622E-6 6.04414E-6 8.65465E-6 1.31392E-5 2.13921E-5 1.81254E-5 3.80378E-5 4.14953E-5 4.39075E-5 4.3397E-5 5.14833E-5 4.11863E-5 2.00358E-5 1.0865E-5 6.67041E-6 4.04682E-5 5.99945E-5
8.55889E-6 3.01916E-5 1.53905E-5 1.0436E-5 2.00511E-5 2.21861E-5 1.30963E-5 8.33404E-6 7.30302E-6 1.42511E-5 2.24692E-5 1.02305E-5 7.88204E-6 3.15707E-6 1.84069E-6 1.55644E-6 3.39406E-6 3.61126E-6 3.49425E-6 9.59458E-6 1.5505E-5 1.31553E-5 9.31875E-6 9.09183E-6 1.31076E-5 2.56623E-5 9.53836E-6 5.75074E-6 2.86091E-5 2.60795E-5 1.2196E-5 6.9136E-6 4.61233E-6 4.54247E-6 5.67893E-6 5.50474E-6 6.74601E-6 5.78355E-6 5.41587E-6 4.06369E-5 2.87226E-5 1.1254E-5 3.97087E-6 6.16853E-6 5.30952E-6 6.6738E-6 8.78518E-6 6.83814E-6 5.82794E-6 6.48867E-6 5.08394E-6 7.39724E-6 7.33164E-6 5.69334E-6 1.25004E-5 2.8483E-5 3.28306E-5 6.64329E-6 1.23404E-5 2.32064E-5 3.68322E-5 5.75145E-6 2.95431E-6 1.32475E-5 3.94675E-5
8.39331E-6 8.59175E-6 1.06009E-5 1.64449E-5 3.52283E-5 1.77553E-5 8.67732E-6 8.00971E-6 8.01631E-6 7.01891E-6 7.74973E-6 1.43204E-5 1.52507E-5 4.00962E-6 5.06563E-6 4.03824E-6 7.13151E-6 3.96327E-6 6.48433E-6 1.31262E-5 1.08757E-5 1.60461E-5 8.65382E-6 4.75606E-6 2.2492E-5 3.7583E-5 6.62494E-6 1.30679E-5 2.6511E-5 1.9738E-5 5.41064E-6 5.19365E-6 5.12264E-6 5.04222E-6 4.9484E-6 5.08135E-6 7.53613E-6 1.08656E-5 4.93898E-6 2.02216E-5 2.24638E-5 1.88552E-5 1.03557E-5 8.7639E-6 4.97188E-6 5.09753E-6 6.8908E-6 1.06381E-5 8.00782E-6 8.01469E-6 4.95767E-6 7.53176E-6 6.1945E-6 8.46487E-6 1.64776E-5 9.31291E-6 8.72249E-6 2.1864E-5 1.82151E-5 1.86396E-5 9.32576E-6 1.40396E-5 3.45426E-6 1.93346E-5 3.60638E-5
1.57119E-5 5.99853E-6 1.34919E-5 1.72057E-5 1.93708E-5 3.18356E-5 2.08648E-5 9.4463E-6 6.3955E-6 1.20009E-5 9.97412E-6 1.91935E-5 9.03693E-6 9.28117E-6 7.21677E-6 7.6685E-6 2.22457E-5 1.10684E-5 1.39935E-5 1.89535E-5 9.50777E-6 6.51119E-6 1.06066E-5 1.92639E-5 3.77324E-5 1.70892E-5 5.95898E-6 1.96943E-5 1.93823E-5 5.96066E-6 6.34455E-6 7.13446E-6 5.00297E-6 5.04052E-6 5.79671E-6 1.17698E-5 1.48922E-5 1.38509E-5 5.26503E-6 1.49449E-5 2.72173E-5 8.79535E-6 1.32923E-5 2.04821E-5 7.89822E-6 9.10863E-6 8.74365E-6 1.16933E-5 8.07379E-6 4.89037E-6 5.10045E-6 6.17041E-6 8.59944E-6 8.513E-6 3.27214E-6 5.20527E-6 4.98455E-6 1.44026E-5 1.75051E-5 1.67328E-5 6.73703E-6 8.00453E-6 2.21789E-5 2.87637E-5 1.81535E-5
2.40414E-5 1.9799E-5 2.50393E-5 1.64142E-5 3.14097E-5 2.7474E-5 2.1703E-5 3.28583E-5 3.02514E-5 4.62189E-5 5.27353E-5 2.20778E-5 6.44277E-6 6.10751E-6 7.27947E-6 7.73598E-6 2.6385E-5 2.80496E-5 1.36954E-5 1.87379E-5 1.21046E-5 5.24743E-6 3.69739E-6 3.13246E-6 9.75E-6 1.69912E-5 1.63108E-5 8.73702E-6 1.00061E-5 4.95802E-6 4.74785E-6 4.55622E-6 4.48092E-6 5.8706E-6 6.0917E-6 6.89305E-6 8.51109E-6 1.66374E-5 8.45329E-6 4.80728E-6 1.22297E-5 7.99662E-6 6.26438E-6 7.99023E-6 7.86558E-6 7.93477E-6 1.03995E-5 8.33714E-6 6.52656E-6 5.7092E-6 6.0669E-6 9.51084E-6 1.45656E-5 6.31022E-6 6.71703E-6 5.0888E-6 6.00826E-6 1.06781E-5 5.05242E-6 3.35022E-6 1.11143E-5 2.96826E-6 1.00723E-5 2.25289E-5 7.1369E-6
1.12133E-5 1.79764E-5 1.06043E-5 1.63216E-5 6.56276E-6 1.07561E-5 1.6705E-5 1.2881E-5 7.58948E-6 7.56228E-6 3.82768E-5 5.62303E-5 2.03491E-5 2.04223E-5 1.25424E-5 2.09495E-5 3.48181E-5 2.69749E-5 1.79864E-5 9.84807E-6 7.86486E-6 1.08191E-5 1.03015E-5 9.14169E-6 9.72563E-6 4.81003E-6 1.82676E-5 3.23212E-5 1.44909E-5 5.36856E-6 6.32646E-6 4.53241E-6 6.26127E-6 4.828E-6 5.16736E-6 4.66386E-6 4.6336E-6 7.16437E-6 9.49767E-6 2.88614E-6 6.87583E-6 5.32973E-6 7.23689E-6 4.80174E-6 1.04285E-5 1.92024E-5 1.37261E-5 8.02492E-6 4.5856E-6 8.86118E-6 1.04372E-5 7.22807E-6 9.24516E-6 7.56635E-6 8.26677E-6 6.57026E-6 5.34876E-6 8.47776E-6 3.89595E-6 2.48429E-6 6.17668E-6 3.21805E-6 7.66057E-6 1.08544E-5 1.07277E-6
9.97004E-6 7.84961E-6 7.23466E-6 7.21734E-6 9.11193E-6 3.48756E-6 3.57781E-6 1.14906E-5 2.67122E-6 2.11988E-6 3.08675E-6 4.31769E-6 7.71814E-6 3.75952E-5 6.00466E-5 3.94558E-5 4.51657E-5 3.84886E-5 5.39278E-5 3.24561E-5 2.79645E-5 1.43497E-5 1.51074E-5 1.85453E-5 1.71012E-5 1.167E-5 4.13859E-5 3.94548E-5 3.37653E-5 2.58071E-5 2.07822E-5 1.23991E-5 8.00236E-6 1.03936E-5 1.1728E-5 5.73411E-6 7.02668E-6 5.24042E-6 1.39834E-5 2.9311E-6 6.45858E-6 5.02294E-6 6.29019E-6 3.30224E-6 6.49604E-6 7.82449E-6 6.5371E-6 3.04237E-6 5.38607E-6 6.31116E-6 7.38485E-6 7.64723E-6 6.09521E-6 4.24444E-6 1.16048E-5 6.57192E-6 5.35872E-6 7.76103E-6 5.25583E-6 3.20778E-6 2.90199E-6 6.83958E-6 1.51783E-5 9.23554E-6 1.4532E-6
4.01412E-6 4.00515E-6 2.62925E-6 4.09905E-6 2.88648E-6 2.16056E-6 2.99878E-6 5.61798E-6 2.13861E-6 4.66353E-6 5.2684E-6 5.9646E-6 8.24583E-6 1.19308E-5 1.71129E-5 3.3603E-5 1.31402E-5 1.15924E-5 7.86837E-6 3.83934E-5 5.73623E-5 3.08985E-5 3.02095E-5 3.31216E-5 2.43957E-5 5.04341E-5 5.07556E-5 4.14571E-5 2.98023E-5 3.62599E-5 3.62923E-5 2.92661E-5 2.47131E-5 2.94068E-5 5.47302E-5 3.9634E-5 4.45736E-5 4.73141E-5 3.24653E-5 9.07019E-6 1.88505E-5 1.06801E-5 6.19213E-6 5.34035E-6 8.18807E-6 9.66235E-6 3.61495E-6 2.92279E-6 6.17505E-6 5.25298E-6 1.86369E-5 1.13437E-5 7.10625E-6 8.44362E-6 9.43361E-6 5.34644E-6 7.75811E-6 6.66967E-6 7.22859E-6 5.15823E-6 3.06853E-6 3.72095E-6 2.68606E-5 5.51089E-6 1.24155E-5
2.54005E-6 4.06631E-6 2.53032E-6 2.18324E-6 2.18965E-6 2.1838E-6 4.62882E-6 3.98457E-6 3.33547E-6 8.89532E-6 4.58329E-6 1.93263E-6 4.93511E-6 6.78412E-6 4.4723E-6 5.55364E-6 6.70753E-6 3.59778E-6 9.57953E-6 2.90151E-5 4.57385E-5 5.28958E-5 4.07893E-5 2.60031E-5 4.3291E-5 6.60712E-5 4.54486E-5 4.7359E-5 6.16992E-5 3.29387E-5 4.21063E-5 4.17545E-5 3.1507E-5 2.11131E-5 5.34089E-5 2.10626E-5 4.06998E-5 3.34288E-5 2.99126E-5 4.5936E-5 5.31103E-5 1.7607E-5 5.87053E-6 9.97314E-6 4.46763E-6 9.49699E-6 3.70119E-6 5.46791E-6 9.53685E-6 6.20641E-6 5.60704E-6 1.13855E-5 7.14657E-6 6.18796E-6 1.20828E-5 5.58198E-6 9.66587E-6 7.66363E-6 1.22988E-5 5.44743E-6 5.22662E-6 9.744E-6 2.77373E-5 3.19832E-6 1.51518E-5
4.1242E-6 4.14041E-6 2.22192E-6 2.23003E-6 2.49215E-6 5.42619E-6 6.05103E-6 3.68483E-6 3.00368E-6 5.3522E-6 5.35632E-6 2.25492E-6 2.32255E-6 4.18255E-6 4.09754E-6 5.79516E-6 2.79063E-6 6.17875E-6 1.90598E-5 2.09839E-5 3.90946E-5 3.70215E-5 4.13589E-5 3.94964E-5 2.85373E-5 2.48278E-5 1.83445E-5 2.90889E-5 3.75452E-5 3.89966E-5 4.28305E-5 4.21749E-5 2.87677E-5 4.59286E-5 4.69137E-5 4.9601E-5 2.04348E-5 1.97562E-5 1.43774E-5 3.3514E-5 3.65522E-5 2.76916E-5 1.13852E-5 6.76087E-6 7.99189E-6 7.70445E-6 4.91375E-6 6.21077E-6 1.30523E-5 4.79629E-6 4.68461E-6 9.53024E-6 7.4055E-6 8.96342E-6 6.44574E-6 4.93687E-6 5.26048E-6 8.40064E-6 6.58479E-6 4.94658E-6 3.15131E-6 9.87996E-6 2.28553E-5 1.98005E-6 3.77846E-6
4.19581E-6 4.33087E-6 2.26035E-6 4.2318E-6 7.34524E-6 3.07886E-6 2.7996E-6 3.13535E-6 4.6786E-6 3.72558E-6 2.96012E-6 2.87063E-6 2.42138E-6 1.09854E-5 5.15549E-6 1.13982E-5 4.00227E-6 7.77527E-6 2.27051E-5 1.24491E-5 2.74185E-5 1.18886E-5 1.11432E-5 1.42804E-5 2.31197E-5 2.4256E-5 5.10305E-5 1.01634E-5 6.32963E-6 1.08374E-5 1.55085E-5 3.66965E-6 8.1961E-6 1.72947E-5 1.46305E-5 6.66609E-6 6.36315E-6 5.42608E-6 1.16983E-5 3.8228E-5 3.26812E-5 3.27622E-5 1.3796E-5 1.80339E-5 5.00357E-6 4.77279E-6 3.41081E-6 1.14411E-5 1.08408E-5 1.0582E-5 5.08833E-6 9.38896E-6 9.46855E-6 7.30359E-6 3.42632E-6 3.68045E-6 5.00432E-6 5.14706E-6 7.37259E-6 7.2425E-6 3.87102E-6 1.05115E-5 1.45169E-5 3.11141E-6 2.15768E-6
4.33268E-6 1.61633E-6 3.14594E-6 9.9348E-6 2.30625E-6 3.71684E-6 8.82012E-6 1.60508E-5 9.74424E-6 1.26116E-5 3.01029E-6 2.99671E-6 2.28029E-6 3.30875E-6 4.5661E-6 1.06142E-5 1.00186E-5 5.65721E-6 1.87274E-5 1.22554E-5 2.21718E-5 5.03818E-6 8.46026E-6 8.67871E-6 4.6356E-5 6.02498E-5 2.65902E-5 5.05896E-6 4.86823E-6 4.85579E-6 4.84004E-6 6.2321E-6 2.934E-6 2.88618E-6 7.38682E-6 4.09785E-6 6.86906E-6 5.33336E-6 1.66177E-5 1.58256E-5 1.76908E-5 4.49215E-5 9.94272E-6 9.1982E-6 5.48602E-6 6.63728E-6 1.343E-5 6.62584E-6 1.50614E-5 1.42871E-5 1.39689E-5 9.01598E-6 5.07389E-6 5.94959E-6 5.36273E-6 4.89096E-6 4.92466E-6 3.08355E-6 4.94201E-6 5.30751E-6 4.6997E-6 1.21657E-5 1.45586E-5 1.34205E-6 1.59177E-6
2.95503E-6 3.5374E-6 5.66141E-6 2.5772E-6 2.97829E-6 5.14867E-6 3.64077E-6 5.12073E-6 1.47884E-5 1.47425E-5 1.45455E-5 3.42237E-6 4.75896E-6 6.44961E-6 1.46043E-5 1.00177E-5 6.42134E-6 7.00283E-6 6.24653E-6 9.45916E-6 1.66354E-5 5.00175E-6 5.18186E-6 1.06799E-5 2.29134E-5 1.70387E-5 1.79175E-5 9.17057E-6 5.89225E-6 6.17495E-6 6.765E-6 6.3107E-6 4.84672E-6 4.79664E-6 8.34502E-6 6.31759E-6 1.16326E-5 1.71513E-5 1.8439E-5 1.8699E-5 1.11984E-5 9.55783E-6 1.72776E-5 1.33947E-5 5.68833E-6 1.9159E-5 1.81507E-5 2.09033E-5 1.57983E-5 2.66895E-5 7.40979E-6 5.24016E-6 4.85281E-6 7.19058E-6 5.51793E-6 8.7136E-6 4.90034E-6 4.9115E-6 5.31737E-6 3.13122E-6 3.62761E-6 2.51059E-5 8.78185E-6 1.01402E-6 1.40112E-6
1.01722E-5 2.09203E-5 2.74678E-6 2.58459E-6 3.61299E-6 2.86871E-6 1.89058E-5 1.83319E-5 1.58479E-5 9.79428E-6 4.87508E-6 4.36631E-6 5.85512E-6 1.31317E-5 5.94783E-6 1.33283E-5 1.08617E-5 1.29258E-5 1.35475E-5 1.02504E-5 1.34227E-5 9.65803E-6 2.05087E-5 8.34257E-6 8.43443E-6 2.79592E-5 3.85133E-5 2.04354E-5 2.0814E-5 3.57552E-5 3.37019E-5 1.20393E-5 5.05392E-6 5.71429E-6 1.13541E-5 7.48743E-6 8.36859E-6 2.11655E-5 6.54052E-6 1.49942E-5 2.78118E-5 6.65365E-6 2.21411E-5 1.46693E-5 1.0738E-5 6.23108E-6 9.05133E-6 2.33156E-5 5.17578E-5 2.86748E-5 5.09021E-6 9.13074E-6 4.88928E-6 1.16419E-5 9.38723E-6 5.05272E-6 4.9421E-6 4.96584E-6 6.23859E-6 3.83144E-6 3.44795E-6 2.47831E-5 5.83321E-6 1.03126E-6 9.20527E-7
4.61141E-5 8.65882E-6 2.98443E-6 2.72461E-6 9.07781E-6 2.77422E-5 1.76899E-5 1.17938E-5 1.47849E-5 1.38368E-5 7.68092E-6 1.10328E-5 7.26424E-6 6.7965E-6 5.4939E-6 7.22101E-6 1.21373E-5 1.73446E-5 3.07482E-5 2.21251E-5 2.51595E-5 3.73273E-5 4.10977E-5 2.45202E-5 2.37424E-5 2.38443E-5 5.99332E-5 3.49726E-5 6.76198E-5 6.11008E-5 7.26399E-5 1.66996E-5 5.17849E-6 7.38595E-6 1.32617E-5 1.38398E-5 2.3028E-5 2.82806E-5 1.00156E-5 3.10087E-5 6.17525E-6 3.57282E-6 3.43193E-5 8.14804E-6 6.91231E-6 5.78011E-6 1.66771E-5 2.34577E-5 4.51131E-5 5.95081E-5 1.3101E-5 9.84432E-6 8.94751E-6 1.83827E-5 1.07748E-5 5.0644E-6 5.03191E-6 5.06461E-6 5.68099E-6 5.69653E-6 4.90833E-6 1.20194E-5 1.36568E-5 1.07405E-6 7.61684E-7
1.18945E-5 4.58068E-6 1.39536E-5 1.13887E-5 1.39389E-5 3.00053E-5 1.99468E-5 1.2279E-5 1.31898E-5 7.99977E-6 1.40922E-5 1.73988E-5 7.96571E-6 1.0105E-5 3.62933E-6 5.00759E-6 1.30402E-5 2.63143E-5 3.02648E-5 2.78979E-5 1.50404E-5 2.29421E-5 3.23209E-5 7.2913E-5 5.40604E-5 5.55905E-5 2.48683E-5 5.92033E-5 7.44247E-5 5.28257E-5 8.33987E-5 4.95768E-5 3.21963E-5 2.68142E-5 6.43739E-5 5.96099E-5 1.07951E-5 3.48501E-5 5.77796E-5 2.04444E-5 7.52253E-6 3.88323E-6 3.05127E-5 6.63264E-6 3.43539E-6 8.83947E-6 1.22201E-5 1.38642E-5 4.22868E-5 1.93797E-5 2.83956E-5 1.12802E-5 1.19677E-5 1.74543E-5 2.69504E-5 6.5573E-6 5.12272E-6 3.19459E-6 5.09357E-6 5.94598E-6 4.02649E-6 5.01027E-6 1.75534E-5 2.82704E-6 6.46169E-7
1.3246E-5 8.48392E-6 5.47234E-6 1.76584E-5 1.83819E-5 3.22328E-5 2.78946E-5 8.76623E-6 2.01258E-5 1.63879E-5 8.29814E-6 8.65709E-6 1.12713E-5 2.54705E-5 1.29392E-5 7.96392E-6 1.92913E-5 3.29918E-5 3.29525E-5 3.12183E-5 4.99526E-5 4.07846E-5 4.98323E-5 3.62481E-5 7.10827E-5 4.64973E-5 5.373E-5 8.11799E-5 4.90813E-5 4.34296E-5 7.29241E-5 4.50455E-5 3.91083E-5 2.45801E-5 2.16181E-5 4.00657E-5 2.0881E-5 4.06891E-5 3.81459E-5 5.64611E-6 5.69483E-6 9.17557E-6 2.54792E-5 2.84717E-5 1.6598E-5 2.47979E-5 1.53002E-5 2.10244E-5 1.64099E-5 2.40772E-5 3.22113E-5 5.95898E-5 3.38187E-5 2.41354E-5 4.76585E-5 1.92965E-5 8.26107E-6 5.23731E-6 5.21089E-6 6.54991E-6 3.71966E-6 2.82398E-6 1.45473E-5 5.29369E-6 6.94848E-7
2.29254E-5 2.78157E-5 2.39958E-5 1.93973E-5 4.82061E-5 1.70182E-5 1.67195E-5 1.26532E-5 6.65527E-6 2.1326E-5 1.7161E-5 2.12887E-5 1.10759E-5 2.09573E-5 6.65666E-5 7.59499E-5 3.71956E-5 3.30525E-5 5.14389E-5 2.42854E-5 2.6934E-5 5.66985E-5 6.15837E-5 7.93675E-5 6.24984E-5 7.00857E-5 8.0009E-5 7.95573E-5 8.3193E-5 8.36498E-5 8.12322E-5 8.40373E-5 6.03624E-5 7.92216E-5 3.96285E-5 2.45802E-5 2.15374E-5 4.42248E-5 1.90684E-5 5.96025E-6 7.1092E-6 6.04848E-6 1.69588E-5 4.77856E-5 1.87251E-5 2.51373E-5 1.33952E-5 1.84886E-5 2.23631E-5 2.45016E-5 3.09078E-5 9.53808E-6 1.33955E-5 3.40075E-5 1.50508E-5 2.5041E-5 2.35009E-5 7.38687E-6 5.33727E-6 5.70473E-6 2.97965E-6 1.83819E-6 8.54258E-6 1.05916E-5 1.77289E-6
2.01463E-5 4.15421E-5 1.90863E-5 6.61775E-6 1.39317E-5 2.42572E-5 1.30106E-5 3.33296E-5 3.0752E-5 2.71855E-5 2.36532E-5 2.25494E-5 5.81152E-5 4.27952E-5 4.53348E-5 8.01191E-5 3.94694E-5 3.65108E-5 4.09688E-5 4.32003E-5 7.34543E-5 5.69988E-5 8.2072E-5 8.18528E-5 8.31495E-5 5.60543E-5 8.65858E-5 8.39817E-5 5.45869E-5 8.50693E-5 5.52123E-5 8.64124E-5 5.10831E-5 8.43892E-5 2.67046E-5 3.26992E-5 2.34453E-5 5.87868E-5 1.76733E-5 7.62121E-6 8.71776E-6 5.8814E-6 7.1788E-6 1.51941E-5 3.23668E-5 2.32054E-5 1.41745E-5 3.47558E-5 1.0437E-5 8.57293E-6 8.08362E-6 8.80826E-6 1.41239E-5 5.62489E-6 6.28175E-6 3.02483E-5 3.1818E-5 9.05749E-6 2.10527E-5 4.21472E-6 2.37142E-6 1.94877E-6 3.46479E-6 1.20316E-5 1.13791E-6
3.51195E-5 5.60794E-5 3.39455E-5 7.91787E-6 3.88066E-5 5.84888E-5 2.69987E-5 5.28719E-5 2.70319E-5 4.05025E-5 3.08085E-5 4.95037E-5 9.34908E-5 8.4472E-5 8.8601E-5 9.03566E-5 4.69397E-5 4.82399E-5 4.69086E-5 3.30216E-5 8.22149E-5 8.21868E-5 8.36584E-5 8.38716E-5 8.46389E-5 4.37478E-5 8.20151E-5 5.54759E-5 8.47723E-5 7.25867E-5 6.72832E-5 8.78018E-5 8.26004E-5 7.71986E-5 6.31604E-5 3.30381E-5 2.11136E-5 3.22553E-5 8.39042E-6 6.705E-6 8.669E-6 5.69267E-6 5.51283E-6 5.36876E-6 8.12348E-6 2.18622E-5 5.10801E-6 1.62982E-5 4.31444E-5 2.84637E-5 4.20835E-5 7.44946E-6 6.2679E-6 4.92615E-6 6.20381E-6 4.89406E-6 1.68719E-5 3.28133E-5 1.77479E-5 1.17091E-5 2.32058E-6 1.7959E-6 2.18291E-6 1.2371E-5 9.80153E-7
1.5788E-5 6.42083E-5 6.07129E-5 1.07786E-4 5.01248E-5 5.12481E-5 6.88672E-5 7.00751E-5 1.0134E-4 4.18935E-5 3.7906E-5 3.13528E-5 6.90033E-5 5.90866E-5 9.19821E-5 1.07148E-4 5.95388E-5 3.83933E-5 5.00544E-5 5.10698E-5 8.4311E-5 8.76304E-5 8.73271E-5 8.59353E-5 8.72608E-5 8.19702E-5 8.66332E-5 8.9839E-5 5.20939E-5 5.46584E-5 4.06437E-5 7.19767E-5 6.29071E-5 8.64619E-5 4.26884E-5 1.9281E-5 1.81215E-5 3.39486E-5 1.34186E-5 8.23316E-6 8.425E-6 8.46207E-6 5.51597E-6 6.74236E-6 5.544E-6 7.75102E-6 2.25291E-5 5.39117E-6 1.81647E-5 8.24261E-6 1.54982E-5 3.36393E-5 6.34334E-6 4.98461E-6 4.92985E-6 4.89845E-6 9.66425E-6 2.12684E-5 3.9231E-5 2.1559E-5 3.43639E-6 1.8465E-6 3.49239E-6 1.59843E-5 1.19855E-6
3.21436E-5 4.96033E-5 4.06207E-5 4.3861E-5 9.85607E-5 1.42636E-4 5.97834E-5 9.50084E-5 3.09987E-5 5.10507E-5 5.16703E-5 2.69043E-5 2.91433E-5 4.47309E-5 4.09294E-5 9.21928E-5 7.90829E-5 8.50765E-5 3.10601E-5 8.72703E-5 8.10592E-5 8.4557E-5 9.68039E-5 7.52679E-5 9.39565E-5 6.2306E-5 5.88941E-5 9.18915E-5 8.88015E-5 8.73144E-5 3.49971E-5 8.17824E-5 8.23432E-5 6.23405E-5 3.13164E-5 7.78354E-5 1.97203E-5 1.06863E-5 2.40669E-5 8.23026E-6 1.48497E-5 2.01263E-5 5.25538E-6 1.59964E-5 1.56849E-5 8.25907E-6 7.16897E-6 8.8443E-6 1.03837E-5 5.35099E-6 5.33449E-6 2.62424E-5 1.90373E-5 1.04847E-5 1.06322E-5 5.59307E-6 6.66702E-6 1.51314E-5 2.98505E-5 2.79538E-5 5.81505E-6 1.92141E-6 6.08468E-6 2.53076E-5 3.36076E-6
