catData/rasterBestHybridModels/Prubiginosus/RD_BM01_RM1.5_L/Prubiginosus_max.asc
ncols         409
nrows         350
xllcorner     60.897278365
yllcorner     5.843756025
cellsize      0.0892857
NODATA_value  -9999
[rows 29 to 57 of 350, columns 130 to 194 of 409]
2.13859E-5 2.92261E-5 2.66058E-5 3.45876E-5 1.913E-5 1.20202E-5 2.06905E-5 2.29908E-5 3.41084E-5 3.0675E-5 2.68271E-5 2.53576E-5 2.51646E-5 2.36573E-5 1.35374E-5 7.51546E-6 9.65298E-6 1.27443E-5 2.42067E-5 2.39845E-5 2.45355E-5 8.51462E-6 1.29527E-5 1.29196E-5 1.11575E-5 7.13241E-6 4.1048E-6 2.57039E-6 3.02785E-6 2.99831E-6 3.39241E-6 5.66527E-6 5.49158E-6 5.37824E-6 5.34949E-6 5.1994E-6 5.08972E-6 5.28153E-6 5.2685E-6 7.03194E-6 6.94471E-6 6.50716E-6 7.92121E-6 4.01715E-6 1.09161E-5 1.32803E-5 1.37929E-5 1.14706E-5 4.0432E-6 2.36771E-6 2.01503E-6 2.15038E-6 3.72148E-6 3.87874E-6 2.76139E-6 2.72064E-6 2.76713E-6 8.06548E-6 1.19746E-5 7.05058E-6 2.74791E-6 1.11567E-6 1.09329E-6 2.29669E-6 6.31774E-6
2.64133E-5 2.4491E-5 1.75367E-5 3.31401E-5 3.00352E-5 3.0199E-5 2.41226E-5 2.45626E-5 2.50727E-5 2.52631E-5 2.00601E-5 1.70929E-5 9.0206E-6 1.59771E-5 1.55591E-5 2.55069E-5 1.64355E-5 1.1461E-5 2.70395E-5 1.4867E-5 1.48044E-5 1.43126E-5 1.38362E-5 2.55439E-5 2.46311E-5 9.67329E-6 5.66253E-6 5.89596E-6 5.10353E-6 3.14209E-6 3.06424E-6 2.91121E-6 2.84373E-6 3.14296E-6 5.2828E-6 5.22641E-6 3.04505E-6 3.08026E-6 5.91614E-6 5.77634E-6 5.3168E-6 5.37028E-6 6.94588E-6 8.17739E-6 9.44497E-6 9.37626E-6 4.63702E-6 1.17415E-5 1.38211E-5 1.02622E-5 7.07383E-6 5.31588E-6 4.56591E-6 2.31516E-6 1.76002E-6 1.32468E-6 2.39488E-6 6.05817E-6 4.80578E-6 1.1013E-5 3.99326E-6 1.54391E-6 1.24291E-6 2.33942E-6 6.33187E-6
2.25361E-5 3.29793E-5 3.04404E-5 2.57921E-5 3.44392E-5 2.96694E-5 2.30228E-5 2.49512E-5 2.66512E-5 1.67718E-5 2.48941E-5 2.56543E-5 1.74307E-5 8.85861E-6 1.51598E-5 1.36439E-5 1.96967E-5 1.8887E-5 2.34465E-5 2.63403E-5 1.45423E-5 1.4354E-5 2.51693E-5 1.46069E-5 2.18222E-5 2.0867E-5 2.42553E-5 2.21384E-5 1.29898E-5 9.39192E-6 8.78358E-6 6.953E-6 5.40141E-6 5.31434E-6 5.2991E-6 3.04829E-6 2.23053E-6 3.07684E-6 6.01301E-6 5.25752E-6 5.27956E-6 3.10646E-6 2.7521E-6 2.90583E-6 3.70584E-6 6.39406E-6 6.82394E-6 8.80525E-6 1.27097E-5 1.29182E-5 1.22592E-5 1.15048E-5 1.05695E-5 9.20204E-6 4.3446E-6 2.93956E-6 3.07192E-6 5.1391E-6 5.49332E-6 8.96032E-6 5.47611E-6 3.26761E-6 3.14199E-6 2.77971E-6 5.91199E-6
1.5755E-5 2.60611E-5 3.66416E-5 2.26826E-5 3.93083E-5 4.788E-5 2.36438E-5 2.51833E-5 2.71772E-5 2.7821E-5 2.67836E-5 2.68477E-5 2.70446E-5 1.92936E-5 1.73818E-5 9.11375E-6 7.20711E-6 1.35087E-5 1.52353E-5 2.61916E-5 2.56404E-5 2.60441E-5 2.59877E-5 2.45211E-5 1.23421E-5 2.30055E-5 2.86938E-5 2.44912E-5 1.5796E-5 5.95691E-6 4.29428E-6 3.47802E-6 3.35553E-6 5.55375E-6 3.13715E-6 2.23079E-6 2.68024E-6 3.04256E-6 4.9826E-6 2.88675E-6 4.8624E-6 5.1023E-6 2.94822E-6 2.58839E-6 3.01751E-6 5.19029E-6 5.20878E-6 5.60395E-6 7.09931E-6 7.03958E-6 5.94454E-6 3.71756E-6 9.45846E-6 1.3456E-5 1.47581E-5 1.55584E-5 1.45821E-5 9.35861E-6 5.56202E-6 2.93E-6 2.08564E-6 2.87956E-6 7.35555E-6 8.26009E-6 5.89998E-6
1.7831E-5 1.86057E-5 3.34053E-5 2.62371E-5 2.85677E-5 2.37849E-5 2.25023E-5 2.12939E-5 2.66563E-5 2.76939E-5 2.7107E-5 2.68957E-5 1.72218E-5 1.53451E-5 1.598E-5 1.53341E-5 1.46106E-5 1.38266E-5 2.38308E-5 1.93169E-5 1.85345E-5 2.34703E-5 2.62864E-5 2.51122E-5 2.405E-5 2.34367E-5 2.54951E-5 1.6033E-5 1.31616E-5 1.4079E-5 1.21648E-5 1.14255E-5 7.63531E-6 6.07392E-6 5.6024E-6 3.06238E-6 5.12568E-6 5.10229E-6 4.88316E-6 4.75668E-6 4.72745E-6 4.71598E-6 2.73752E-6 4.66515E-6 4.64698E-6 4.74376E-6 2.67537E-6 4.63967E-6 5.35901E-6 3.56125E-6 5.65153E-6 6.47935E-6 1.13128E-5 5.8758E-6 5.1306E-6 1.19676E-5 1.58384E-5 1.60799E-5 5.97564E-6 2.46529E-6 1.53412E-6 2.9783E-6 7.84319E-6 8.29042E-6 5.84065E-6
8.34884E-6 1.93344E-5 3.9244E-5 2.79842E-5 1.74899E-5 2.0381E-5 2.85992E-5 2.15716E-5 1.85065E-5 2.86842E-5 2.80169E-5 2.65035E-5 2.80509E-5 2.92457E-5 2.86995E-5 8.81868E-6 7.70032E-6 1.28036E-5 6.41523E-6 4.85166E-6 1.32178E-5 1.51172E-5 2.04044E-5 2.58201E-5 2.54617E-5 2.40193E-5 2.43897E-5 1.68292E-5 2.83807E-5 2.41241E-5 9.71054E-6 1.55682E-5 4.99049E-6 6.61476E-6 6.31588E-6 5.35542E-6 5.1858E-6 2.87682E-6 4.67599E-6 2.39838E-6 2.56573E-6 4.53342E-6 4.5721E-6 4.53144E-6 2.49972E-6 4.49242E-6 4.68028E-6 2.60952E-6 4.71389E-6 5.15842E-6 3.15344E-6 3.78042E-6 1.13291E-5 1.05547E-5 4.08582E-6 3.35531E-6 5.3956E-6 1.38769E-5 1.456E-5 5.63523E-6 2.95587E-6 2.75725E-6 6.94553E-6 8.1574E-6 7.05432E-6
1.12467E-5 2.28403E-5 3.03783E-5 1.60048E-5 2.38754E-5 2.58754E-5 2.40828E-5 1.51315E-5 2.0165E-5 2.91101E-5 2.93317E-5 1.9907E-5 2.73882E-5 2.91275E-5 2.94783E-5 2.85059E-5 1.57155E-5 1.51309E-5 1.43022E-5 1.22939E-5 1.34592E-5 5.15162E-6 7.64696E-6 1.17692E-5 1.57617E-5 2.47687E-5 2.48212E-5 2.00176E-5 2.38052E-5 2.2457E-5 2.51217E-5 1.74567E-5 5.10682E-6 8.35682E-6 4.69539E-6 2.94455E-6 2.67733E-6 2.13712E-6 2.44429E-6 2.00081E-6 2.0148E-6 2.4415E-6 4.3743E-6 4.2902E-6 2.37872E-6 2.57295E-6 5.00808E-6 4.93592E-6 5.0633E-6 5.55186E-6 3.76915E-6 2.97929E-6 5.6259E-6 9.94175E-6 8.76373E-6 6.99654E-6 3.52979E-6 5.08048E-6 1.37818E-5 1.18351E-5 6.77619E-6 4.8062E-6 5.44054E-6 6.61772E-6 6.79503E-6
2.84839E-5 3.12103E-5 2.85527E-5 1.95982E-5 2.1649E-5 2.66853E-5 1.69068E-5 1.28456E-5 2.04647E-5 2.07108E-5 1.83058E-5 1.69744E-5 2.4854E-5 3.02937E-5 2.9744E-5 3.03725E-5 3.05637E-5 2.12352E-5 1.83038E-5 1.592E-5 1.89454E-5 3.03919E-6 2.49354E-6 5.01663E-6 2.5185E-5 2.75251E-5 2.56637E-5 7.24415E-6 2.13949E-5 2.55253E-5 2.61631E-5 2.21751E-5 1.2187E-5 9.62355E-6 1.02007E-5 4.13604E-6 2.38275E-6 1.57626E-6 1.40462E-6 1.22149E-6 1.33389E-6 1.7212E-6 2.3462E-6 4.39736E-6 4.21204E-6 2.4861E-6 2.51017E-6 2.66863E-6 3.27026E-6 5.98114E-6 3.35411E-6 2.01712E-6 3.27078E-6 3.95936E-6 3.91089E-6 8.15877E-6 5.95565E-6 3.98618E-6 6.66107E-6 1.28939E-5 9.17646E-6 3.33689E-6 2.37039E-6 2.81675E-6 6.02187E-6
1.50445E-5 2.1726E-5 2.67024E-5 2.8204E-5 3.97996E-5 2.44238E-5 2.10875E-5 2.00329E-5 2.57248E-5 3.86827E-5 2.90573E-5 2.46713E-5 2.39607E-5 2.42452E-5 3.17386E-5 3.18765E-5 3.14542E-5 3.27782E-5 2.27514E-5 1.86862E-5 1.339E-5 7.50073E-6 4.50081E-6 6.67535E-6 1.04389E-5 2.57356E-5 2.75318E-5 1.49544E-5 2.44862E-5 2.42523E-5 2.11911E-5 1.84021E-5 1.7366E-5 5.93986E-6 1.0294E-5 1.03011E-5 4.37869E-6 2.33888E-6 1.06825E-6 6.78256E-7 8.42696E-7 1.17074E-6 1.61608E-6 2.55917E-6 4.64401E-6 4.41183E-6 2.70768E-6 2.5894E-6 3.0711E-6 5.46582E-6 2.9215E-6 2.11781E-6 1.65272E-6 1.94413E-6 2.57413E-6 3.55036E-6 4.91247E-6 5.46659E-6 9.68235E-6 6.52893E-6 9.49482E-6 7.57985E-6 3.07558E-6 1.82277E-6 2.27747E-6
2.61519E-5 2.63746E-5 2.11072E-5 3.05995E-5 2.92999E-5 2.88962E-5 3.36055E-5 1.8706E-5 1.53371E-5 4.62855E-5 7.683E-5 7.65299E-5 5.01406E-5 3.10129E-5 3.38669E-5 5.43388E-5 5.00862E-5 4.86985E-5 3.33055E-5 2.17709E-5 1.65356E-5 1.23001E-5 6.62371E-6 5.65854E-6 7.25591E-6 1.85303E-5 2.27733E-5 2.55652E-5 2.49335E-5 2.50137E-5 1.40069E-5 1.37351E-5 1.08665E-5 5.18065E-6 5.83646E-6 1.18947E-5 7.05099E-6 4.37377E-6 1.82743E-6 1.01134E-6 6.72323E-7 8.36523E-7 1.19051E-6 1.90373E-6 2.60416E-6 4.23835E-6 4.5616E-6 4.85278E-6 2.80175E-6 5.07088E-6 5.15348E-6 2.89867E-6 1.61006E-6 1.06219E-6 1.67301E-6 2.3351E-6 2.47354E-6 2.782E-6 8.12847E-6 9.08597E-6 4.05749E-6 6.62922E-6 6.49505E-6 2.86032E-6 1.71522E-6
3.50024E-5 3.10584E-5 3.27777E-5 3.12146E-5 2.2398E-5 2.01777E-5 3.33671E-5 2.95944E-5 2.57991E-5 2.63245E-5 4.10606E-5 5.05735E-5 4.26439E-5 2.8899E-5 3.83944E-5 4.98644E-5 6.24596E-5 2.49809E-5 3.43301E-5 3.45194E-5 3.86281E-5 3.01787E-5 1.49251E-5 5.18288E-6 5.33023E-6 5.68338E-6 7.8279E-6 1.64787E-5 1.10163E-5 2.11393E-5 2.48875E-5 2.51408E-5 2.03663E-5 8.8146E-6 8.98032E-6 1.58552E-5 1.96174E-5 1.1596E-5 4.64766E-6 1.79926E-6 1.41366E-6 1.37807E-6 1.3243E-6 1.38086E-6 1.8867E-6 2.41239E-6 4.56702E-6 4.66315E-6 4.81777E-6 2.82141E-6 4.86368E-6 2.73646E-6 1.53183E-6 1.25593E-6 1.21719E-6 1.26695E-6 1.70372E-6 1.91395E-6 3.10425E-6 6.16537E-6 5.69368E-6 5.78335E-6 7.24696E-6 6.12469E-6 2.48506E-6
2.47085E-5 3.21747E-5 3.02737E-5 3.04568E-5 2.06059E-5 2.31411E-5 2.4385E-5 3.25174E-5 3.06783E-5 2.34101E-5 3.28003E-5 4.21509E-5 3.57112E-5 4.68881E-5 4.78499E-5 3.90693E-5 6.73788E-5 2.68131E-5 2.23383E-5 3.55619E-5 1.58774E-5 1.16927E-5 2.32165E-5 9.26111E-6 1.00664E-5 8.44929E-6 9.27178E-6 1.58456E-5 8.35355E-6 2.24575E-5 2.3636E-5 1.20748E-5 1.77198E-5 1.69258E-5 2.29634E-5 1.50937E-5 2.65516E-5 2.20713E-5 7.57154E-6 2.44492E-6 2.45329E-6 2.83619E-6 2.96432E-6 3.05038E-6 2.92914E-6 4.19071E-6 4.02378E-6 2.57335E-6 4.54379E-6 4.55861E-6 4.48969E-6 2.66845E-6 2.05149E-6 2.46756E-6 1.98892E-6 1.34852E-6 1.58584E-6 1.90387E-6 2.21951E-6 2.51218E-6 2.87723E-6 5.48278E-6 7.37672E-6 8.11925E-6 3.47069E-6
3.71213E-5 3.60678E-5 2.59839E-5 2.48065E-5 2.71923E-5 3.29414E-5 3.29705E-5 3.26272E-5 3.28261E-5 2.42432E-5 1.45485E-5 1.85288E-5 1.96151E-5 2.12375E-5 5.27305E-5 4.8834E-5 4.96575E-5 2.99463E-5 2.939E-5 3.55176E-5 2.7556E-5 1.62073E-5 3.7849E-5 3.35771E-5 3.71232E-5 3.62107E-5 3.29645E-5 2.40153E-5 9.5375E-6 2.44155E-5 2.7718E-5 1.23799E-5 9.145E-6 1.67115E-5 2.14845E-5 2.60721E-5 3.19387E-5 2.65375E-5 1.49694E-5 1.06257E-5 5.30994E-6 9.5973E-6 9.55129E-6 6.13009E-6 5.36522E-6 4.6454E-6 2.26467E-6 1.66743E-6 2.43029E-6 4.58843E-6 2.55648E-6 1.83046E-6 2.71427E-6 4.95524E-6 2.79352E-6 2.47067E-6 2.01071E-6 2.71932E-6 4.91132E-6 4.97068E-6 5.12136E-6 5.90732E-6 3.63331E-6 6.82041E-6 7.96959E-6
3.68809E-5 3.70837E-5 3.84987E-5 3.57226E-5 3.59408E-5 3.34982E-5 2.43507E-5 3.39345E-5 3.42945E-5 2.46849E-5 2.09459E-5 1.43809E-5 1.66007E-5 1.22766E-5 2.91484E-5 4.28765E-5 3.23817E-5 3.82308E-5 3.21946E-5 4.52204E-5 3.26777E-5 2.20392E-5 1.75608E-5 2.18419E-5 2.0043E-5 2.40175E-5 4.00519E-5 1.79209E-5 1.67057E-5 3.42785E-5 3.22973E-5 1.57874E-5 1.36528E-5 2.26814E-5 1.17971E-5 1.2318E-5 2.70277E-5 2.14037E-5 1.75184E-5 2.20934E-5 2.14953E-5 1.61128E-5 4.24757E-6 3.11541E-6 2.90861E-6 2.65522E-6 1.77858E-6 1.26132E-6 2.36575E-6 4.59604E-6 4.80233E-6 2.66462E-6 4.81189E-6 4.93162E-6 4.91063E-6 4.9303E-6 2.803E-6 4.96485E-6 5.26929E-6 2.82948E-6 3.02615E-6 5.90442E-6 5.68648E-6 4.9179E-6 3.02757E-6
2.66209E-5 3.4961E-5 2.45657E-5 2.33697E-5 3.66795E-5 2.52174E-5 5.2518E-5 5.14011E-5 3.65721E-5 3.41294E-5 2.51705E-5 2.22449E-5 2.91501E-5 1.77004E-5 2.09188E-5 3.28433E-5 5.05911E-5 5.87738E-5 7.15988E-5 5.39322E-5 4.33107E-5 2.63349E-5 2.81471E-5 2.07898E-5 2.49267E-5 4.20247E-5 4.39023E-5 3.71736E-5 4.0964E-5 2.4576E-5 4.10636E-5 3.54287E-5 1.73517E-5 2.90684E-5 2.89054E-5 1.84063E-5 3.31513E-5 1.52083E-5 8.35751E-6 4.16932E-6 5.29726E-6 1.53984E-5 1.25076E-5 3.65425E-6 2.23078E-6 1.37668E-6 1.09863E-6 1.12303E-6 1.55807E-6 2.36272E-6 4.49761E-6 4.83811E-6 4.79163E-6 2.71991E-6 2.70649E-6 4.90289E-6 4.8071E-6 4.94089E-6 2.8372E-6 2.55654E-6 2.53079E-6 2.71469E-6 2.9556E-6 4.97349E-6 6.34284E-6
3.01423E-5 3.60005E-5 3.4849E-5 3.14246E-5 3.21183E-5 4.92781E-5 3.59694E-5 4.26866E-5 3.51041E-5 3.53547E-5 3.72019E-5 2.78952E-5 3.99145E-5 3.88755E-5 3.27654E-5 3.00875E-5 2.20027E-5 3.32351E-5 4.29943E-5 4.87977E-5 5.15615E-5 4.7019E-5 5.77048E-5 3.37898E-5 3.12753E-5 4.86819E-5 4.40979E-5 2.67981E-5 4.37785E-5 4.38769E-5 3.91503E-5 4.25883E-5 3.80096E-5 3.61874E-5 3.72211E-5 3.93088E-5 3.62761E-5 1.88577E-5 9.14963E-6 4.20881E-6 3.57602E-6 4.98602E-6 1.60045E-5 1.10483E-5 3.65532E-6 1.61725E-6 9.00108E-7 7.84257E-7 1.08648E-6 1.62657E-6 2.00129E-6 2.16092E-6 2.37881E-6 1.85747E-6 2.50519E-6 4.62206E-6 4.73591E-6 4.59564E-6 4.67845E-6 4.97513E-6 4.81787E-6 2.63816E-6 1.83357E-6 2.45588E-6 4.93249E-6
4.06807E-5 6.34054E-5 4.31136E-5 4.86896E-5 4.77915E-5 4.00974E-5 2.73909E-5 3.67526E-5 3.67624E-5 3.27183E-5 3.97808E-5 3.89614E-5 3.5891E-5 3.48283E-5 1.67337E-5 3.85211E-5 3.88339E-5 4.14286E-5 4.3486E-5 5.07128E-5 8.71881E-5 5.60941E-5 5.75198E-5 5.10491E-5 6.86739E-5 5.21055E-5 4.99136E-5 5.15553E-5 3.20201E-5 3.09519E-5 4.83256E-5 4.3494E-5 3.46518E-5 1.56678E-5 2.63798E-5 2.92705E-5 1.59759E-5 1.42482E-5 1.18405E-5 6.20613E-6 3.5282E-6 3.47194E-6 4.17397E-6 1.31379E-5 7.35733E-6 3.48231E-6 1.67828E-6 7.79678E-7 7.96966E-7 9.99944E-7 1.04566E-6 1.04332E-6 1.12323E-6 1.12374E-6 1.67255E-6 2.37631E-6 4.63604E-6 4.66348E-6 2.57571E-6 2.72224E-6 4.7122E-6 4.5578E-6 2.48986E-6 2.62419E-6 5.72872E-6
3.64979E-5 3.66397E-5 4.37261E-5 7.22324E-5 5.34189E-5 3.58081E-5 3.63859E-5 3.79613E-5 2.94846E-5 2.38261E-5 2.67118E-5 2.78263E-5 2.71778E-5 3.13993E-5 3.39001E-5 3.74238E-5 3.89573E-5 3.91085E-5 3.87722E-5 3.02388E-5 5.99055E-5 3.01242E-5 3.93663E-5 5.22499E-5 6.859E-5 4.55603E-5 7.6619E-5 4.59406E-5 4.3834E-5 4.63832E-5 4.99111E-5 2.69881E-5 1.98307E-5 1.63828E-5 2.15427E-5 2.0631E-5 2.25341E-5 2.30057E-5 1.33486E-5 8.69967E-6 6.83322E-6 8.52445E-6 8.97054E-6 1.11517E-5 1.40856E-5 4.70184E-6 1.80181E-6 1.09714E-6 8.16202E-7 5.29533E-7 6.94596E-7 8.92756E-7 1.05032E-6 1.10131E-6 1.64452E-6 2.35069E-6 4.60265E-6 4.61058E-6 2.62118E-6 1.8782E-6 2.48978E-6 4.30025E-6 4.44433E-6 2.62609E-6 5.12863E-6
2.90427E-5 2.69698E-5 4.26988E-5 8.99338E-5 7.19779E-5 3.83019E-5 3.59523E-5 3.19067E-5 2.53386E-5 2.21925E-5 2.94907E-5 1.68181E-5 1.86923E-5 1.58996E-5 2.78461E-5 3.62089E-5 2.03415E-5 3.41134E-5 3.82194E-5 3.91069E-5 3.38437E-5 3.80643E-5 2.84471E-5 2.55693E-5 1.94948E-5 1.44107E-5 5.97661E-5 5.77262E-5 4.50068E-5 4.44806E-5 4.39502E-5 4.75835E-5 4.54943E-5 3.76118E-5 2.76227E-5 1.09836E-5 1.28806E-5 2.56815E-5 2.39256E-5 1.70778E-5 2.05022E-5 1.59284E-5 1.24291E-5 1.05885E-5 1.08957E-5 3.83845E-6 3.0508E-6 2.30047E-6 1.37971E-6 9.78653E-7 1.12819E-6 1.79371E-6 2.09451E-6 2.09605E-6 2.21537E-6 3.92332E-6 4.19728E-6 2.54575E-6 1.89779E-6 1.18322E-6 1.7507E-6 2.40965E-6 4.66505E-6 5.00673E-6 5.51534E-6
3.13758E-5 4.5573E-5 3.70419E-5 3.82346E-5 3.70079E-5 4.25863E-5 4.00178E-5 3.14827E-5 1.89821E-5 2.9493E-5 2.85534E-5 2.54162E-5 2.43205E-5 2.85231E-5 3.39215E-5 1.30343E-5 1.91161E-5 2.21399E-5 1.76273E-5 1.54235E-5 8.34173E-6 2.42133E-5 1.17058E-5 4.20929E-6 5.39514E-6 5.53598E-6 3.27538E-5 4.68662E-5 4.85377E-5 4.98028E-5 6.25162E-5 4.80362E-5 5.0189E-5 3.02044E-5 2.10938E-5 1.40532E-5 1.51434E-5 2.07104E-5 3.70461E-5 4.097E-5 4.50073E-5 2.17129E-5 1.46432E-5 1.33964E-5 1.0783E-5 1.02233E-5 8.33733E-6 3.87769E-6 2.60471E-6 1.82019E-6 1.34086E-6 2.57254E-6 4.63537E-6 4.63249E-6 3.96189E-6 3.77009E-6 2.15274E-6 1.77005E-6 1.18065E-6 7.71829E-7 1.14736E-6 1.74152E-6 2.63699E-6 5.49724E-6 6.69911E-6
4.4098E-5 4.08038E-5 2.93696E-5 2.85318E-5 2.92297E-5 4.32134E-5 3.18416E-5 2.74755E-5 5.05379E-5 4.62841E-5 3.24669E-5 2.80557E-5 3.05834E-5 5.98354E-6 8.43492E-6 1.38172E-5 2.08559E-5 2.34975E-5 4.93858E-6 5.34048E-6 9.95114E-6 2.04669E-5 7.10286E-6 3.91657E-6 5.92033E-6 5.48552E-6 2.54213E-5 3.34685E-5 3.61035E-5 4.8478E-5 5.0926E-5 6.73003E-5 5.28137E-5 5.74775E-5 3.1497E-5 2.25771E-5 1.63367E-5 1.54955E-5 1.73897E-5 2.91646E-5 4.94787E-5 2.22054E-5 1.08811E-5 5.66543E-6 4.54773E-6 4.87544E-6 7.67151E-6 8.0208E-6 6.72868E-6 3.10416E-6 2.29964E-6 2.74344E-6 5.54774E-6 2.81779E-6 2.04865E-6 1.85857E-6 1.50073E-6 1.02295E-6 7.0121E-7 7.17374E-7 1.15604E-6 1.72924E-6 2.24697E-6 2.5542E-6 3.19448E-6
2.84121E-5 4.13872E-5 4.17329E-5 4.11092E-5 4.10884E-5 3.87313E-5 2.67816E-5 3.06696E-5 2.40012E-5 1.12459E-5 1.19884E-5 9.618E-6 1.3523E-5 4.2746E-6 4.12712E-6 2.83878E-6 6.22127E-6 1.98319E-5 4.4486E-6 8.54444E-6 7.31772E-6 5.51539E-6 4.71124E-6 2.31514E-6 2.26069E-6 2.26863E-6 2.69746E-6 1.34413E-5 3.12952E-5 3.68943E-5 2.63948E-5 3.91039E-5 6.16578E-5 5.37211E-5 4.75315E-5 3.42905E-5 5.16482E-5 3.93368E-5 5.24258E-5 3.02734E-5 4.77903E-5 2.6742E-5 1.68384E-5 9.12107E-6 7.22337E-6 4.48726E-6 4.21964E-6 4.37674E-6 7.32961E-6 7.06385E-6 5.8745E-6 5.76702E-6 5.72135E-6 2.91139E-6 1.38012E-6 9.96584E-7 9.4322E-7 1.01888E-6 1.05984E-6 1.07911E-6 1.68045E-6 2.22412E-6 4.01821E-6 4.26827E-6 4.61078E-6
3.97512E-5 4.21123E-5 3.11331E-5 3.90178E-5 1.76701E-5 3.47975E-6 6.88671E-6 4.40402E-6 5.11233E-6 9.90138E-6 5.17038E-6 6.55347E-6 4.93301E-6 4.85075E-6 4.74431E-6 5.33805E-6 4.91247E-6 6.65682E-6 7.30663E-6 3.21975E-6 3.87188E-6 3.11831E-6 2.7427E-5 7.21256E-6 9.91508E-6 3.85337E-6 2.07856E-6 4.73841E-6 2.62244E-5 1.86514E-5 1.44819E-5 3.39953E-5 3.38461E-5 4.13669E-5 9.42315E-5 7.12023E-5 3.1268E-5 3.77696E-5 6.53494E-5 1.80609E-5 2.28665E-5 3.96835E-5 3.71146E-5 3.5718E-5 3.17689E-5 1.27422E-5 4.66096E-6 3.68192E-6 3.84424E-6 6.42767E-6 5.07543E-6 5.71106E-6 5.93688E-6 3.02716E-6 1.85502E-6 1.0041E-6 1.82632E-6 2.25963E-6 2.28075E-6 2.24096E-6 2.47591E-6 4.19505E-6 3.99429E-6 2.2086E-6 2.02675E-6
2.00393E-5 1.49505E-5 1.72444E-5 1.67193E-5 1.03871E-5 4.97206E-6 5.07821E-6 4.51917E-6 3.77063E-6 4.50595E-6 5.70459E-6 4.9784E-6 4.58022E-6 8.18051E-6 4.83587E-6 1.1221E-5 8.29463E-6 5.83518E-6 2.17311E-6 3.23908E-6 3.99295E-6 3.46196E-6 2.98887E-6 6.17257E-6 3.62477E-6 3.68145E-6 7.05411E-6 7.81429E-6 1.42886E-5 3.37255E-5 2.40349E-5 3.83905E-6 5.91704E-6 1.46435E-5 3.69747E-5 3.75041E-5 5.4646E-5 4.57209E-5 6.08836E-5 3.80717E-5 1.36945E-5 8.71459E-6 6.88825E-6 2.33847E-5 3.49417E-5 1.55988E-5 6.43544E-6 5.19323E-6 8.82965E-6 6.51599E-6 2.8457E-6 4.16454E-6 8.12037E-6 5.91761E-6 2.80897E-6 2.01904E-6 2.40796E-6 4.42205E-6 4.08639E-6 4.37278E-6 4.78968E-6 4.94205E-6 2.60469E-6 1.69423E-6 1.13761E-6
4.99145E-6 7.23979E-6 6.89124E-6 6.12295E-6 8.86328E-6 1.08466E-5 3.6701E-6 4.52863E-6 2.54038E-6 3.95434E-6 3.80409E-6 5.82753E-6 8.84677E-6 2.20334E-5 1.02585E-5 4.47708E-6 2.27603E-6 2.22717E-6 2.61017E-6 3.60667E-6 8.24782E-6 3.15088E-6 2.65673E-6 5.70365E-6 9.2796E-6 6.49919E-6 5.8494E-6 4.54596E-6 8.95362E-6 5.33328E-6 7.51012E-6 7.08289E-6 3.99431E-6 6.36844E-6 4.47761E-6 1.00653E-5 3.83171E-5 4.69356E-5 5.67949E-5 4.81249E-5 2.36618E-5 2.32915E-5 7.7656E-6 8.19458E-6 1.81109E-5 2.18687E-5 2.05928E-5 1.62504E-5 1.14092E-5 4.05259E-6 2.377E-6 6.75479E-6 1.62355E-5 8.19261E-6 5.36395E-6 4.68433E-6 4.57117E-6 4.12171E-6 2.11979E-6 2.45632E-6 4.73128E-6 5.30514E-6 3.05445E-6 1.89284E-6 1.31172E-6
3.83162E-6 6.61609E-6 5.09318E-6 4.83072E-6 9.88478E-6 5.37531E-6 2.12923E-6 6.7919E-6 5.47106E-6 5.43893E-6 7.89542E-6 8.60059E-6 5.66289E-6 7.67293E-6 6.71731E-6 2.28176E-6 2.52527E-6 3.10729E-6 1.50822E-5 6.74433E-6 3.56107E-6 3.2402E-6 2.87946E-6 2.69484E-6 7.92742E-6 5.87959E-6 5.30674E-6 6.72699E-6 4.5182E-6 5.72758E-6 4.30343E-6 5.27288E-6 9.07231E-6 2.52424E-6 6.01854E-6 4.05227E-5 3.59742E-5 2.35402E-5 3.93076E-5 4.8808E-5 8.18209E-5 3.93541E-5 4.871E-5 1.94743E-5 1.26242E-5 1.14601E-5 1.25918E-5 1.37953E-5 7.59029E-6 3.53142E-6 3.31537E-6 8.71986E-6 2.5603E-5 6.00914E-6 2.85169E-6 2.65063E-6 4.54406E-6 4.05536E-6 1.97528E-6 1.55208E-6 2.48481E-6 5.1629E-6 5.58761E-6 3.06524E-6 2.35756E-6
3.14117E-6 6.79357E-6 5.35766E-6 1.01936E-5 4.92808E-6 3.37167E-6 5.77429E-6 1.17515E-5 1.12191E-5 9.81102E-6 2.54358E-6 2.3085E-6 3.53862E-6 4.72012E-6 2.0572E-6 1.71824E-6 1.95321E-6 2.82647E-6 1.70903E-5 5.26201E-6 2.27872E-6 2.5365E-6 2.49464E-6 3.21889E-6 4.58201E-6 3.36444E-6 4.47611E-6 3.40272E-6 4.3344E-6 8.45568E-6 1.1347E-5 6.68163E-6 3.55767E-6 2.19674E-6 1.23962E-5 1.74053E-5 2.72503E-5 3.35165E-5 1.34537E-5 3.19483E-5 5.94814E-5 3.64852E-5 1.7164E-5 4.48698E-5 5.48053E-5 4.45181E-5 2.07776E-5 2.40063E-5 1.61401E-5 1.23787E-5 1.62834E-5 2.9426E-5 3.05025E-5 6.84515E-6 2.22852E-6 2.09409E-6 2.39131E-6 2.02836E-6 1.42309E-6 9.50253E-7 1.77204E-6 2.69095E-6 5.74924E-6 6.80834E-6 3.456E-6
4.35554E-6 1.16181E-5 2.28207E-5 1.43463E-5 1.05647E-5 1.30317E-5 1.08572E-5 1.88759E-5 5.02307E-6 3.04622E-6 2.25229E-6 2.26203E-6 2.92737E-6 4.38969E-6 1.81217E-6 1.84885E-6 2.76998E-6 2.32535E-6 2.7235E-6 2.34794E-6 2.46767E-6 3.70566E-6 4.12751E-6 4.25796E-6 4.38525E-6 9.01242E-6 9.73417E-6 8.1348E-6 1.01299E-5 6.45056E-6 3.56265E-6 3.4873E-6 4.29745E-6 3.79419E-6 8.95815E-6 2.26935E-6 5.51883E-6 3.55598E-5 4.06724E-5 1.88025E-5 2.27844E-5 3.8659E-5 4.90934E-5 7.09706E-5 7.03022E-5 5.25518E-5 7.97705E-5 4.8141E-5 3.68793E-5 1.52082E-5 1.72175E-5 3.82495E-5 2.09365E-5 1.55757E-5 8.70517E-6 4.91195E-6 2.97255E-6 2.21872E-6 2.10934E-6 1.72212E-6 1.98442E-6 2.91157E-6 5.87047E-6 7.11212E-6 8.86027E-6
2.25786E-6 1.31711E-5 2.89428E-5 1.13783E-5 4.59932E-6 2.12973E-5 6.90675E-6 1.66201E-5 4.58981E-6 3.14708E-6 2.57273E-6 2.24094E-6 2.32072E-6 2.81668E-6 3.20419E-6 1.95855E-6 2.99777E-6 1.82415E-6 1.8844E-6 4.39431E-6 2.43038E-6 3.0611E-6 4.57552E-6 1.77883E-5 8.63154E-6 1.05054E-5 3.96321E-6 3.36378E-6 3.42737E-6 3.46692E-6 1.98874E-6 3.48911E-6 4.54082E-6 5.40181E-6 3.91753E-6 2.76685E-6 6.82363E-6 2.64269E-5 7.62887E-5 4.60009E-5 3.17994E-5 5.01237E-5 5.38138E-5 4.38503E-5 4.00244E-5 3.83707E-5 7.77038E-5 7.49523E-5 6.68216E-5 4.14221E-5 2.38147E-5 4.63975E-5 4.52485E-5 4.05964E-5 1.37023E-5 8.31223E-6 4.85445E-6 4.95594E-6 5.04793E-6 2.38225E-6 2.38718E-6 4.83343E-6 5.14489E-6 2.86849E-6 5.21438E-6
