catData/rasterBestHybridModels/Prubiginosus/RD_BM01_RM1.5_L/Prubiginosus_min.asc
ncols         409
nrows         350
xllcorner     60.897278365
yllcorner     5.843756025
cellsize      0.0892857
NODATA_value  -9999
[rows 87 to 115 of 350, columns 130 to 194 of 409]
2.50875E-5 2.03792E-5 2.29686E-5 1.30946E-5 1.36449E-5 3.31365E-6 4.67291E-6 1.05782E-5 1.9689E-5 1.08302E-5 6.66125E-6 4.73111E-6 5.0328E-6 1.02812E-5 1.24203E-5 1.35189E-5 1.10362E-5 9.18125E-6 1.35368E-5 1.19786E-5 7.90248E-6 6.10551E-6 3.15129E-6 5.3124E-6 2.47967E-5 2.45971E-5 2.47818E-5 1.66006E-5 4.20507E-6 4.31569E-6 2.85995E-6 2.18403E-6 8.9898E-7 8.67562E-7 9.86554E-7 1.28037E-6 9.09432E-7 1.48918E-6 6.99893E-7 2.81007E-7 2.8171E-7 4.34018E-7 1.29938E-6 5.07999E-7 2.61399E-7 1.58495E-7 2.88674E-7 4.44442E-7 7.6615E-7 7.71206E-7 4.49378E-7 1.08957E-6 6.28702E-6 1.83714E-6 7.77004E-6 5.35742E-6 8.65593E-6 1.63778E-6 1.24754E-5 1.80291E-5 2.83372E-6 4.17914E-6 7.49698E-6 1.13954E-5 1.60175E-5
2.10488E-5 2.21126E-5 1.69362E-5 1.57667E-5 1.23547E-5 1.53455E-5 1.02503E-5 7.38488E-6 8.25811E-6 4.83337E-6 6.97501E-6 6.67702E-6 1.03583E-5 9.16471E-6 1.899E-5 2.33643E-5 1.77269E-5 1.30542E-5 1.35676E-5 1.2648E-5 1.54997E-5 8.28128E-6 1.27671E-5 1.61991E-5 1.70708E-5 2.54541E-5 1.84857E-5 1.19584E-5 1.33583E-5 8.40437E-6 6.11472E-6 2.94642E-6 1.17447E-6 1.31003E-6 7.91423E-7 2.59512E-6 4.11172E-6 4.28088E-7 4.83354E-7 3.86282E-7 3.8854E-7 3.89195E-7 4.20707E-7 4.54649E-7 3.93712E-7 4.11966E-7 5.62191E-7 1.56749E-6 1.02261E-6 4.54878E-7 2.96819E-7 1.14506E-6 2.96185E-6 1.62909E-6 1.31844E-6 6.34132E-6 4.30478E-6 1.15506E-6 1.13539E-5 2.60165E-6 9.71758E-6 5.0033E-6 1.00322E-5 2.82264E-6 1.02802E-5
1.09183E-5 1.08018E-5 1.08303E-5 1.20842E-5 1.41694E-5 2.46101E-5 1.03758E-5 1.53609E-6 1.12337E-6 9.94365E-6 1.19727E-5 7.68546E-6 9.55347E-6 9.7303E-6 1.27783E-5 1.68508E-5 1.97546E-5 2.73221E-5 2.77971E-5 1.57132E-5 1.59295E-5 1.36673E-5 1.50747E-5 1.77661E-5 1.77036E-5 1.76596E-5 1.95925E-5 1.39323E-5 1.83369E-5 1.98995E-5 1.37682E-5 9.13354E-6 4.79103E-6 5.12895E-6 8.46658E-7 1.67737E-6 1.74974E-6 1.09081E-6 1.71591E-6 8.26906E-7 8.37225E-7 9.10516E-7 7.75871E-7 7.6515E-7 9.0283E-7 1.53975E-6 1.85152E-6 1.03017E-6 7.96924E-7 5.15785E-7 4.25967E-7 1.51154E-6 8.3581E-6 9.00094E-6 9.18151E-6 1.76597E-5 1.32671E-6 1.18692E-6 1.27576E-6 2.15737E-6 1.29469E-5 1.83203E-6 1.79046E-5 1.39728E-6 2.61506E-6
4.4762E-6 8.3258E-6 1.11708E-5 1.09805E-5 1.14603E-5 1.0301E-5 5.78229E-6 9.58205E-6 1.34809E-5 9.29844E-6 5.89392E-6 1.07327E-5 1.27141E-5 1.80997E-5 1.57904E-5 1.76412E-5 1.32933E-5 2.77976E-5 2.82515E-5 2.85307E-5 2.74357E-5 2.79129E-5 2.83349E-5 1.8655E-5 1.6179E-5 1.79242E-5 1.84095E-5 2.02168E-5 2.71122E-5 2.66654E-5 2.66042E-5 1.31282E-5 1.5728E-5 1.11901E-5 7.13021E-6 6.843E-6 3.83421E-6 3.12316E-6 1.17303E-6 9.27186E-7 7.74436E-7 1.04235E-6 7.91482E-7 9.21704E-7 9.13294E-7 8.40502E-7 9.06527E-7 1.76464E-6 2.64859E-6 9.54667E-7 4.27699E-6 9.13816E-6 1.28571E-5 1.76519E-5 1.68631E-5 9.45044E-6 6.10934E-7 4.51557E-6 4.43866E-6 5.02009E-7 8.84216E-7 1.00558E-6 1.82411E-5 1.9487E-6 2.00386E-6
8.52296E-6 1.24762E-5 1.25861E-5 1.42954E-5 4.36512E-6 7.17815E-6 1.41206E-5 1.74793E-5 1.07099E-5 1.16304E-5 1.11902E-5 1.8882E-5 1.90103E-5 1.88895E-5 1.84438E-5 1.70315E-5 1.35064E-5 1.87135E-5 1.90233E-5 2.90466E-5 2.14933E-5 2.89875E-5 2.94446E-5 2.92055E-5 1.41576E-5 1.91777E-5 1.90532E-5 2.09739E-5 2.79862E-5 2.03402E-5 2.72471E-5 2.72399E-5 1.82583E-5 1.71384E-5 1.01985E-5 1.41036E-5 6.23725E-6 5.96391E-6 8.11305E-6 2.15442E-6 1.21492E-6 6.88569E-7 8.28267E-7 1.68883E-6 1.0863E-6 6.24389E-6 4.22249E-6 4.25571E-6 3.01754E-6 1.6754E-6 1.32229E-6 5.09107E-6 1.05301E-5 2.39824E-5 1.55402E-5 1.02779E-5 2.7189E-6 7.31486E-6 1.26015E-5 2.13454E-6 1.24429E-6 2.18336E-6 1.56318E-5 2.30797E-6 1.59901E-6
1.23363E-5 7.92389E-6 5.14516E-6 1.08058E-5 1.38964E-5 9.9711E-6 7.30277E-6 1.02656E-5 1.3045E-5 8.49798E-6 1.356E-5 1.35428E-5 1.41881E-5 1.89974E-5 2.79392E-5 2.77236E-5 2.82337E-5 2.88094E-5 2.15926E-5 2.97114E-5 2.44701E-5 2.26341E-5 3.06818E-5 3.04249E-5 2.22103E-5 1.9984E-5 1.97262E-5 1.94481E-5 2.89856E-5 2.8544E-5 2.82662E-5 2.78E-5 2.77247E-5 1.82097E-5 9.70996E-6 1.3579E-5 1.43624E-5 1.61158E-5 1.40982E-5 6.18432E-6 4.92817E-6 1.32603E-6 9.64251E-7 1.68296E-6 1.18877E-6 2.65203E-6 4.43342E-6 3.34579E-6 1.00895E-5 1.69787E-6 3.11429E-6 3.64779E-6 5.4023E-6 1.51431E-5 1.86134E-5 6.74451E-6 5.78939E-6 9.94597E-7 1.20266E-6 9.66273E-7 1.00376E-6 1.20011E-6 5.31723E-6 6.65961E-6 2.69697E-6
1.74086E-5 1.34042E-5 1.12824E-5 8.43286E-6 7.44286E-6 7.66675E-6 6.87471E-6 1.00404E-5 1.64626E-5 1.95614E-5 1.46938E-5 2.19671E-5 2.96273E-5 2.92988E-5 2.87427E-5 2.81057E-5 2.09597E-5 2.91215E-5 2.98721E-5 2.17591E-5 2.71211E-5 2.22158E-5 2.22494E-5 3.10477E-5 3.11138E-5 3.131E-5 1.50103E-5 1.4112E-5 2.20678E-5 2.95994E-5 2.76961E-5 2.89079E-5 2.08479E-5 1.26088E-5 2.06429E-5 1.97977E-5 9.58546E-6 1.80842E-5 1.87854E-5 9.9288E-6 8.73046E-6 5.16285E-6 1.4741E-6 1.47787E-6 1.6079E-6 1.82307E-6 4.33203E-6 4.27583E-6 4.68713E-6 4.39081E-6 1.3463E-5 1.24054E-5 2.69253E-5 9.58893E-6 3.37844E-6 9.29603E-6 1.45736E-5 9.88117E-6 2.00474E-6 2.79295E-6 1.21742E-6 2.29804E-6 2.75009E-6 1.74548E-5 3.64342E-6
1.29395E-5 1.9937E-5 1.62113E-5 7.32908E-6 8.57237E-6 9.57655E-6 1.49631E-5 1.76153E-5 2.04018E-5 1.49406E-5 1.5662E-5 2.2522E-5 3.01875E-5 2.10203E-5 2.43424E-5 1.6696E-5 1.25352E-5 1.84577E-5 3.04865E-5 3.11196E-5 3.11831E-5 3.12701E-5 3.13249E-5 3.13486E-5 3.14387E-5 2.24143E-5 3.10571E-5 3.06404E-5 3.03449E-5 2.19714E-5 2.18791E-5 2.96642E-5 2.54276E-5 1.36017E-5 6.21479E-6 3.52852E-6 6.86011E-6 6.49697E-6 8.51593E-6 2.40312E-6 6.06182E-6 3.37865E-6 2.2753E-6 1.42077E-6 5.1316E-6 2.67145E-6 5.81564E-6 5.48781E-6 3.13441E-6 1.1035E-5 1.71961E-5 2.8084E-5 2.81926E-5 2.81745E-5 1.02565E-5 1.37937E-5 2.25345E-6 1.42828E-6 4.87197E-6 2.40091E-6 2.5385E-6 2.65414E-6 9.33611E-7 5.18329E-6 3.49709E-6
1.17489E-5 1.22564E-5 1.49461E-5 1.72431E-5 1.95234E-5 1.99472E-5 1.87612E-5 3.09814E-5 3.13756E-5 2.05577E-5 2.26863E-5 3.08162E-5 2.95141E-5 1.53683E-5 2.22854E-5 2.10374E-5 2.4636E-5 2.73707E-5 3.13428E-5 2.33618E-5 3.1349E-5 3.13183E-5 2.31217E-5 2.3218E-5 3.17212E-5 3.19471E-5 3.14498E-5 2.25245E-5 3.07392E-5 3.04194E-5 2.20668E-5 2.20274E-5 2.97391E-5 9.04838E-6 1.21782E-5 1.84837E-5 1.17857E-5 1.02347E-5 1.56285E-5 2.16095E-5 6.77028E-6 3.75809E-6 5.69694E-6 2.57033E-6 8.23998E-6 1.62391E-5 1.0809E-5 7.22641E-6 4.29394E-6 9.32244E-6 1.25943E-5 2.76924E-5 2.88553E-5 2.8523E-5 1.77685E-5 1.63227E-5 4.33237E-6 3.47999E-6 1.21626E-5 1.61247E-5 1.05947E-5 1.54535E-5 3.94585E-6 4.2976E-6 7.17245E-6
2.07337E-5 1.16517E-5 1.60815E-5 1.72442E-5 1.90981E-5 3.03551E-5 3.13509E-5 3.1608E-5 2.33529E-5 2.09372E-5 3.12771E-5 3.05832E-5 3.08673E-5 2.06893E-5 3.00754E-5 3.0796E-5 3.12301E-5 3.19266E-5 2.39148E-5 2.23318E-5 2.34707E-5 3.15222E-5 3.06729E-5 2.34246E-5 2.37455E-5 3.26415E-5 3.21403E-5 2.29937E-5 2.29046E-5 3.0941E-5 3.07966E-5 3.0341E-5 3.05182E-5 2.79649E-5 6.63884E-6 4.53066E-6 5.46283E-6 8.51172E-6 2.00749E-5 1.05064E-5 2.89715E-6 5.40523E-6 6.78879E-6 5.91801E-6 1.51347E-5 1.06237E-5 1.8379E-5 1.16646E-5 1.32352E-5 6.72137E-6 1.38167E-5 2.55202E-5 2.85376E-5 2.76805E-5 1.21587E-5 1.14669E-5 5.75207E-6 3.18114E-6 1.22843E-5 2.42998E-5 2.61609E-5 2.57081E-5 2.02677E-5 3.73469E-6 1.05181E-5
1.21011E-5 1.31187E-5 8.38159E-6 9.41437E-6 3.1559E-5 2.31643E-5 3.13361E-5 2.29524E-5 3.15538E-5 2.10259E-5 2.09147E-5 2.29194E-5 3.06604E-5 3.14998E-5 3.22018E-5 3.25595E-5 2.40524E-5 3.30335E-5 3.35313E-5 3.31243E-5 3.23396E-5 3.19807E-5 3.1815E-5 3.23353E-5 3.28426E-5 3.30564E-5 3.26804E-5 2.76811E-5 2.31217E-5 2.55373E-5 3.79023E-5 4.29553E-5 2.06532E-5 9.05192E-6 4.89679E-6 1.93956E-6 2.25902E-6 3.08775E-6 3.90654E-6 4.66356E-6 4.84108E-6 4.77039E-6 1.4626E-6 9.85475E-7 1.23178E-6 2.88808E-6 6.93265E-6 3.65035E-6 3.13965E-6 4.96138E-6 7.66309E-6 9.33986E-6 1.71517E-5 2.7006E-5 6.16629E-6 5.71544E-6 3.37113E-6 1.91212E-6 1.42415E-5 1.59712E-5 2.09903E-5 1.57048E-5 1.13138E-5 3.32081E-6 1.01707E-5
1.09793E-5 1.69115E-5 1.24939E-5 3.19432E-5 3.19841E-5 2.37151E-5 3.22265E-5 2.30432E-5 3.12922E-5 2.08121E-5 1.46616E-5 3.1284E-5 3.20243E-5 3.24139E-5 3.22804E-5 2.43717E-5 3.32566E-5 3.33E-5 3.32994E-5 3.11051E-5 3.25486E-5 2.40399E-5 3.25346E-5 3.29794E-5 2.44773E-5 3.30743E-5 3.30702E-5 3.17973E-5 2.19654E-5 3.84011E-5 2.86307E-5 5.0643E-5 2.58974E-5 1.26944E-5 5.33493E-6 2.18953E-6 2.4483E-6 5.38702E-6 7.76754E-6 7.31638E-6 2.87903E-6 1.28817E-6 9.37763E-7 3.08759E-6 1.02812E-6 6.10036E-6 2.02956E-6 1.27039E-6 1.64957E-6 6.98236E-6 1.27011E-5 1.66786E-5 1.36949E-5 9.58737E-6 4.22388E-6 6.37252E-6 8.76137E-6 7.47743E-6 4.98802E-6 1.13714E-5 1.10047E-5 1.66785E-5 1.23448E-5 1.08872E-5 5.81445E-6
1.63024E-5 2.41421E-5 2.19207E-5 3.23764E-5 3.25213E-5 3.31492E-5 3.32389E-5 3.1487E-5 1.93496E-5 2.07319E-5 2.09979E-5 3.25602E-5 3.29158E-5 3.32527E-5 2.43356E-5 2.44965E-5 3.35647E-5 3.33325E-5 2.4051E-5 3.297E-5 3.36143E-5 2.45639E-5 2.43285E-5 3.32272E-5 2.44497E-5 3.30977E-5 3.33968E-5 2.38243E-5 1.5543E-5 2.81396E-5 4.37217E-5 4.36366E-5 4.84771E-5 3.48397E-5 8.29313E-6 3.15929E-6 3.00784E-6 9.05132E-6 3.10858E-6 2.23299E-6 1.02459E-6 6.35796E-7 5.04652E-7 6.5942E-6 5.54149E-6 2.23541E-5 1.85136E-5 3.96531E-6 9.67471E-6 1.74193E-6 1.03811E-5 2.22523E-5 1.54204E-5 1.44631E-5 1.33851E-5 2.3148E-5 9.15844E-6 7.89608E-6 8.20192E-6 1.10315E-5 1.21909E-5 1.69404E-5 1.05118E-5 1.73912E-5 1.15386E-5
1.5479E-5 2.546E-5 3.33812E-5 3.33236E-5 3.32026E-5 3.31995E-5 3.26617E-5 3.41891E-5 2.25986E-5 1.61052E-5 2.15165E-5 2.23438E-5 2.18664E-5 2.18648E-5 2.21876E-5 2.25156E-5 1.64807E-5 2.23307E-5 2.19318E-5 2.20764E-5 2.21778E-5 2.23683E-5 1.64117E-5 3.38552E-5 2.47796E-5 2.16899E-5 2.18833E-5 1.5925E-5 8.26579E-6 1.59096E-5 2.38323E-5 4.48448E-5 5.05524E-5 1.8988E-5 5.35692E-6 4.62158E-6 1.08234E-5 1.1102E-5 1.92433E-5 5.74764E-6 2.98488E-6 9.69122E-7 1.82625E-6 4.9906E-6 9.78214E-6 2.57125E-5 5.06219E-6 7.11584E-7 1.44736E-6 9.19802E-6 1.9617E-5 2.62896E-5 7.19429E-6 9.8234E-6 2.01819E-5 1.98733E-5 8.60151E-6 6.84387E-6 4.39509E-6 3.71757E-6 3.54002E-6 4.40567E-6 6.17263E-6 1.77245E-5 1.5998E-5
9.11292E-6 2.55273E-5 3.53848E-5 3.53695E-5 2.62619E-5 2.61435E-5 2.30403E-5 2.29635E-5 2.26846E-5 2.21106E-5 2.18716E-5 2.20524E-5 2.18944E-5 2.15704E-5 2.15231E-5 2.18428E-5 2.22171E-5 2.21385E-5 2.23375E-5 1.63906E-5 2.47364E-5 3.40757E-5 3.45247E-5 3.48521E-5 2.56077E-5 1.74579E-5 2.39631E-5 2.39863E-5 1.74208E-5 8.59915E-6 1.56243E-5 2.31163E-5 3.13389E-5 1.5681E-5 7.67796E-6 7.82203E-6 2.32468E-5 2.06322E-5 4.64491E-6 5.65979E-6 4.88777E-6 2.57245E-6 2.82269E-6 6.81495E-6 2.45706E-5 1.23216E-5 1.08636E-6 6.9429E-7 9.60622E-7 1.12291E-5 2.89544E-5 1.40507E-5 2.4407E-5 9.50144E-6 1.09996E-5 6.53948E-6 9.76906E-6 4.24567E-6 4.82247E-6 4.92379E-6 2.90204E-6 8.07053E-6 1.29612E-5 1.40666E-5 1.51102E-5
2.36915E-5 2.61943E-5 2.36081E-5 1.74857E-5 1.78664E-5 2.33709E-5 2.25297E-5 2.27193E-5 2.2331E-5 2.19102E-5 2.10163E-5 2.16858E-5 2.18753E-5 2.21824E-5 2.18206E-5 3.36425E-5 3.43416E-5 3.45735E-5 3.51035E-5 2.58977E-5 2.60094E-5 3.58316E-5 2.61665E-5 2.42415E-5 1.76956E-5 2.67755E-5 3.70171E-5 3.66963E-5 2.66085E-5 2.36781E-5 2.27683E-5 5.59395E-6 1.30203E-5 1.96871E-5 1.90535E-5 1.74291E-5 3.29109E-5 1.05859E-5 1.38382E-5 9.80352E-6 6.68986E-6 1.07344E-5 1.75184E-5 1.588E-5 2.17334E-5 4.33678E-6 1.33947E-6 1.17123E-6 1.92658E-6 1.67806E-5 2.92216E-5 2.1934E-5 5.42722E-6 1.31442E-5 6.15197E-6 4.75361E-6 1.39183E-5 5.12033E-6 4.91615E-6 3.55478E-6 2.07792E-6 7.81978E-6 1.61382E-5 4.32136E-6 2.3613E-6
3.56818E-5 3.61401E-5 3.64368E-5 3.643E-5 3.57686E-5 2.95829E-5 3.20385E-5 2.03843E-5 1.86595E-5 2.27674E-5 1.68647E-5 1.62184E-5 2.37443E-5 2.55019E-5 3.47451E-5 3.54599E-5 3.60468E-5 2.6381E-5 3.61492E-5 3.68631E-5 3.70319E-5 3.69917E-5 2.67279E-5 1.80336E-5 2.47193E-5 2.78331E-5 3.8407E-5 2.74067E-5 3.60304E-5 3.35242E-5 1.84602E-5 4.00643E-6 5.62874E-6 1.77033E-5 2.50494E-5 2.8243E-5 2.37384E-5 1.97369E-5 1.33235E-5 1.0485E-5 2.02803E-5 9.79945E-6 1.61374E-5 1.29049E-5 8.48226E-6 1.20584E-5 1.02656E-5 1.87209E-5 6.14357E-6 1.40671E-5 2.592E-5 2.97471E-5 2.30352E-5 2.20428E-5 1.07726E-5 7.6569E-6 6.69229E-6 1.7648E-5 6.36973E-6 2.39132E-6 1.8015E-6 5.5022E-6 1.18053E-5 8.97038E-6 5.80961E-6
3.7322E-5 3.79022E-5 3.85158E-5 3.80539E-5 3.42056E-5 3.39929E-5 3.70576E-5 2.45972E-5 2.40768E-5 2.32723E-5 2.3266E-5 2.38711E-5 3.71082E-5 3.70153E-5 3.66991E-5 2.72321E-5 3.71595E-5 3.66475E-5 3.6695E-5 3.77971E-5 3.83934E-5 3.74867E-5 2.72137E-5 2.75735E-5 3.83095E-5 3.86107E-5 3.81339E-5 2.69563E-5 3.47631E-5 2.1492E-5 9.32562E-6 6.15619E-6 6.01326E-6 1.06983E-5 1.62759E-5 2.25531E-5 2.62603E-5 2.07661E-5 1.85529E-5 8.85617E-6 1.42832E-5 8.80197E-6 5.67993E-6 6.35402E-6 1.38052E-5 6.94047E-6 5.38156E-6 2.21612E-6 8.76903E-6 1.70334E-5 1.71028E-5 3.17898E-5 2.66676E-5 1.22587E-5 1.09506E-5 5.91528E-6 4.73312E-6 7.33282E-6 1.11219E-5 3.31135E-6 1.9004E-6 4.85413E-6 6.16527E-6 4.37771E-6 6.2593E-6
4.13489E-5 4.06739E-5 4.03449E-5 2.85843E-5 3.86442E-5 3.87536E-5 3.88084E-5 1.86713E-5 2.45766E-5 2.4092E-5 2.37386E-5 1.78641E-5 2.50491E-5 3.77829E-5 3.83936E-5 3.91808E-5 3.88522E-5 3.76788E-5 3.74225E-5 2.84947E-5 2.88496E-5 3.85042E-5 2.54853E-5 2.54937E-5 2.58833E-5 1.90228E-5 2.49198E-5 1.72832E-5 2.27201E-5 2.09563E-5 1.06571E-5 1.18288E-5 1.15791E-5 2.30159E-5 2.17033E-5 2.25965E-5 2.33957E-5 1.52094E-5 1.21073E-5 5.58967E-6 4.2108E-6 5.86522E-6 1.35526E-5 1.84674E-5 1.00062E-5 6.61598E-6 5.36911E-6 3.95849E-6 6.53527E-6 1.3451E-5 7.91811E-6 3.23539E-5 2.26755E-5 2.47826E-5 3.65821E-6 4.95696E-6 5.84348E-6 8.47681E-6 1.01658E-5 1.87003E-6 2.79946E-6 2.59655E-6 6.20742E-6 4.20542E-6 7.74354E-6
4.38408E-5 4.31068E-5 4.05359E-5 3.91371E-5 3.88515E-5 2.86872E-5 2.63331E-5 2.61664E-5 2.55924E-5 1.85262E-5 2.46499E-5 2.50454E-5 2.54931E-5 2.84001E-5 3.94602E-5 2.89431E-5 4.02144E-5 2.58738E-5 2.5741E-5 1.92482E-5 2.1076E-5 2.58653E-5 1.88888E-5 1.823E-5 1.85243E-5 1.92364E-5 2.37779E-5 2.09102E-5 2.29303E-5 1.5738E-5 1.28254E-5 2.11155E-5 1.82016E-5 2.41767E-5 1.28681E-5 1.16476E-5 1.5185E-5 1.92365E-5 1.7191E-5 7.29733E-6 5.80306E-6 1.05099E-5 1.58026E-5 1.15592E-5 6.36865E-6 6.5305E-6 1.83681E-5 1.64181E-5 1.65608E-5 1.15547E-5 1.73524E-5 3.03462E-5 1.98832E-5 1.45404E-5 9.77545E-6 6.1675E-6 9.27014E-6 1.0329E-5 1.31463E-5 4.67099E-6 3.24544E-6 3.1326E-6 6.02277E-6 1.25222E-6 2.72716E-6
4.31296E-5 4.32692E-5 4.15603E-5 2.90761E-5 3.95341E-5 2.77749E-5 2.56777E-5 2.60093E-5 2.59146E-5 1.88773E-5 1.77587E-5 1.84581E-5 2.58484E-5 3.96061E-5 2.65219E-5 2.67991E-5 2.70381E-5 2.73705E-5 2.7185E-5 2.73355E-5 2.7266E-5 2.69128E-5 2.64428E-5 1.94327E-5 2.67886E-5 2.62498E-5 1.85918E-5 1.88919E-5 2.10314E-5 1.38143E-5 2.10918E-5 2.08107E-5 2.15864E-5 1.50202E-5 1.73156E-5 1.34414E-5 2.17301E-5 1.40755E-5 1.90817E-5 1.97892E-5 1.12489E-5 1.11886E-5 8.51113E-6 1.10477E-5 6.20594E-6 5.4467E-6 1.1231E-5 7.52108E-6 1.57585E-5 1.20558E-5 2.25733E-5 2.17049E-5 1.2899E-5 2.16293E-5 1.44281E-5 7.96225E-6 3.72727E-6 9.85988E-6 1.15896E-5 1.39021E-5 9.68538E-6 4.21734E-6 5.67542E-6 3.76096E-6 2.98285E-6
4.2356E-5 4.22316E-5 2.95629E-5 2.904E-5 4.09798E-5 2.92733E-5 2.66934E-5 2.57739E-5 2.64007E-5 2.53674E-5 2.53871E-5 2.51691E-5 2.55498E-5 2.62524E-5 1.95149E-5 1.9953E-5 2.74988E-5 2.83458E-5 2.85559E-5 2.86459E-5 2.05612E-5 2.00284E-5 2.70476E-5 2.68542E-5 2.33564E-5 1.28485E-5 1.85167E-5 1.48023E-5 1.05889E-5 1.16039E-5 1.73143E-5 9.20289E-6 2.10723E-5 1.26533E-5 2.00536E-5 1.47112E-5 2.32556E-5 2.49734E-5 2.96016E-5 1.59401E-5 2.03835E-5 1.43646E-5 1.34602E-5 1.06262E-5 9.42647E-6 2.14704E-6 1.28267E-5 7.23997E-6 1.24131E-5 2.15527E-5 6.31545E-6 1.56747E-5 1.10535E-5 2.04469E-5 1.02604E-5 1.49136E-5 9.74019E-6 9.49463E-6 2.04626E-5 1.60032E-5 2.05179E-5 2.07638E-5 1.05491E-5 4.44052E-6 2.77301E-6
3.90183E-5 2.8901E-5 2.8766E-5 3.99556E-5 4.12175E-5 2.7633E-5 2.6817E-5 2.6683E-5 2.66538E-5 2.64411E-5 1.70251E-5 2.60567E-5 2.60133E-5 1.69395E-5 2.03331E-5 2.90403E-5 2.85202E-5 2.91698E-5 2.16089E-5 2.92713E-5 2.83921E-5 2.78385E-5 2.47913E-5 1.77462E-5 1.46254E-5 1.20744E-5 1.58464E-5 1.5065E-5 9.71111E-6 1.3126E-5 1.80805E-5 6.91449E-6 2.08652E-5 1.17286E-5 2.15159E-5 2.20776E-5 1.76621E-5 1.4212E-5 2.76763E-5 1.28157E-5 1.14573E-5 2.04765E-5 6.17995E-6 1.36166E-5 1.07351E-5 8.80973E-6 2.61612E-6 4.00388E-6 1.02524E-5 1.04626E-5 1.55737E-5 1.00538E-5 3.21204E-6 1.78283E-5 1.05652E-5 1.33086E-5 1.3191E-5 8.80876E-6 1.19545E-5 1.29549E-5 1.30631E-5 1.26289E-5 1.17194E-5 6.30213E-6 4.38309E-6
2.75739E-5 2.57892E-5 2.85944E-5 4.00072E-5 4.08612E-5 1.68205E-5 2.76628E-5 1.7202E-5 2.78389E-5 1.74018E-5 1.15398E-5 1.74833E-5 2.81347E-5 2.82314E-5 2.91982E-5 2.11045E-5 1.65782E-5 2.22869E-5 3.02676E-5 3.00623E-5 2.89966E-5 2.04277E-5 1.90101E-5 1.8502E-5 1.79666E-5 2.03452E-5 2.13611E-5 1.45756E-5 1.43186E-5 2.48671E-5 1.56503E-5 1.19663E-5 1.76543E-5 2.15771E-5 2.1934E-5 1.56768E-5 1.24105E-5 1.32346E-5 1.40632E-5 2.12051E-5 1.28108E-5 2.00317E-5 1.25028E-5 1.15884E-5 1.34737E-5 7.76619E-6 5.21072E-6 3.74252E-6 3.42759E-6 1.09385E-5 1.67992E-5 1.62961E-5 1.63241E-5 1.04148E-5 1.50867E-5 1.59567E-5 1.81944E-5 1.81786E-5 1.87866E-5 4.2711E-6 1.24434E-5 1.97982E-5 1.52726E-5 1.46538E-5 2.22043E-5
3.93949E-5 3.87697E-5 3.99418E-5 4.11806E-5 2.75395E-5 2.74782E-5 2.82121E-5 1.75859E-5 1.60522E-5 1.17129E-5 1.17747E-5 1.82068E-5 2.90629E-5 2.84629E-5 1.88043E-5 2.78705E-5 2.9277E-5 2.93518E-5 2.64664E-5 2.1636E-5 2.93559E-5 2.11819E-5 2.05543E-5 2.83048E-5 2.41855E-5 1.71694E-5 2.05931E-5 2.24868E-5 2.47085E-5 2.80057E-5 1.9418E-5 1.25379E-5 8.18051E-6 2.23792E-5 1.45542E-5 1.66593E-5 1.51664E-5 1.23357E-5 1.51332E-5 1.08009E-5 1.14086E-5 7.60394E-6 4.86543E-6 8.45531E-6 1.10473E-5 3.25558E-6 2.74665E-6 3.31681E-6 4.28637E-6 1.01686E-5 1.22772E-5 2.13929E-5 1.3928E-5 1.90846E-5 1.87912E-5 1.69429E-5 7.81064E-6 1.79057E-5 1.69918E-5 1.8461E-5 1.53663E-5 1.85358E-5 1.38878E-5 1.71199E-5 2.01582E-5
4.02197E-5 2.96381E-5 2.81077E-5 2.02445E-5 2.01292E-5 1.75742E-5 2.84347E-5 1.77971E-5 1.17578E-5 1.58439E-5 1.59217E-5 2.85998E-5 3.0184E-5 1.32693E-5 2.16549E-5 3.16962E-5 2.52981E-5 1.64508E-5 2.68181E-5 2.88814E-5 2.94403E-5 2.9848E-5 2.98095E-5 2.97025E-5 2.99379E-5 2.9515E-5 2.84928E-5 2.57028E-5 2.57108E-5 2.51347E-5 2.59542E-5 1.74419E-5 2.28317E-5 2.18433E-5 2.22431E-5 2.24368E-5 2.23912E-5 1.71823E-5 1.4594E-5 1.18628E-5 4.45995E-6 1.02507E-5 1.66139E-5 1.77665E-5 1.1418E-5 1.71015E-5 2.38425E-6 6.85869E-6 3.47427E-6 2.42206E-6 9.28576E-6 8.00124E-6 1.74194E-5 1.62374E-5 2.01029E-5 1.64265E-5 1.16282E-5 1.96128E-5 6.09473E-6 1.60818E-5 2.01863E-5 1.9245E-5 1.54916E-5 1.87403E-5 2.0613E-5
4.42184E-5 4.26222E-5 2.85852E-5 2.84314E-5 2.10636E-5 2.81722E-5 2.80343E-5 1.75262E-5 1.75755E-5 2.21091E-5 1.29366E-5 2.6018E-5 1.99409E-5 1.30225E-5 1.37025E-5 8.33761E-6 8.1865E-6 2.79352E-5 1.89281E-5 2.95215E-5 2.22598E-5 3.04478E-5 2.2543E-5 2.4675E-5 3.56345E-5 3.01732E-5 3.0801E-5 2.17894E-5 2.15225E-5 2.82244E-5 2.34488E-5 1.54877E-5 1.04345E-5 2.35974E-5 2.06895E-5 1.83261E-5 2.82728E-5 2.12044E-5 1.80909E-5 1.99131E-5 7.70378E-6 8.22915E-6 7.82944E-6 1.24781E-5 1.02662E-5 1.78354E-5 1.9133E-5 1.76797E-5 8.17868E-6 8.19078E-6 7.81826E-6 7.58809E-6 1.54194E-5 1.61475E-5 1.25771E-5 7.24789E-6 1.9866E-5 1.40279E-5 1.80742E-5 1.62658E-5 1.33129E-5 1.35642E-5 1.85241E-5 1.54267E-5 9.54408E-6
3.02339E-5 3.01743E-5 2.17914E-5 2.97884E-5 2.89472E-5 2.82204E-5 1.77695E-5 1.6133E-5 9.33319E-6 2.25747E-5 1.66588E-5 1.44798E-5 3.28357E-5 2.85238E-5 9.38909E-6 6.43424E-6 2.01523E-5 2.94982E-5 2.98349E-5 3.14025E-5 3.20127E-5 2.94938E-5 3.2864E-5 2.90849E-5 3.45125E-5 3.10801E-5 3.11411E-5 3.01247E-5 2.96957E-5 1.48639E-5 2.16683E-5 1.59672E-5 1.37521E-5 2.20824E-5 2.43517E-5 2.49084E-5 2.91885E-5 2.7141E-5 2.10047E-5 1.45521E-5 1.67867E-5 1.19422E-5 1.63022E-5 1.18875E-5 2.91896E-6 2.12714E-5 1.03128E-5 4.73499E-6 1.82636E-6 2.80008E-6 1.41731E-5 8.7325E-6 1.76765E-5 1.45393E-5 7.12863E-6 7.27415E-6 1.7122E-5 1.65164E-5 8.44742E-6 1.55913E-5 7.51027E-6 1.1221E-5 1.39276E-5 5.0261E-6 1.44701E-5
3.30182E-5 2.22223E-5 2.00943E-5 2.3373E-5 2.94573E-5 2.95079E-5 2.92403E-5 2.98604E-5 2.97651E-5 3.08769E-5 3.23198E-5 2.87191E-5 2.74289E-5 3.20528E-5 1.6107E-5 5.42094E-6 2.25589E-5 3.19432E-5 2.399E-5 2.47819E-5 3.20618E-5 2.17818E-5 1.86927E-5 3.46466E-5 2.00779E-5 2.8406E-5 2.90681E-5 1.86876E-5 2.68208E-5 2.28517E-5 2.09441E-5 1.9008E-5 1.53057E-5 2.28839E-5 2.46992E-5 2.07176E-5 1.62123E-5 2.3929E-5 1.27793E-5 1.6389E-5 2.91388E-5 1.0319E-5 1.25584E-5 1.74664E-5 3.17453E-5 1.59797E-5 6.87346E-6 5.60918E-6 3.92946E-6 9.27193E-6 1.45174E-5 2.2348E-5 1.48345E-5 6.40674E-6 2.21189E-6 6.07538E-6 4.26E-6 1.66522E-5 1.34192E-5 1.94526E-5 1.49973E-5 9.4741E-6 4.23634E-6 1.06753E-5 4.00255E-5
