catData/rasterBestHybridModels/Prubiginosus/RD_BM01_RM1.5_L/Prubiginosus_stddev.asc
ncols         409
nrows         350
xllcorner     60.897278365
yllcorner     5.843756025
cellsize      0.0892857
NODATA_value  -9999
[rows 0 to 28 of 350, columns 130 to 194 of 409]
-9999 -9999 -9999 -9999 -9999 -9999 -9999 -9999 -9999 -9999 -9999 -9999 -9999 -9999 -9999 -9999 -9999 -9999 -9999 -9999 -9999 -9999 -9999 3.46801E-7 2.52387E-7 2.36413E-7 2.33461E-7 -9999 4.18158E-7 3.63973E-7 -9999 -9999 -9999 -9999 -9999 -9999 -9999 -9999 -9999 -9999 -9999 -9999 -9999 -9999 -9999 -9999 -9999 -9999 -9999 -9999 -9999 -9999 -9999 -9999 -9999 -9999 -9999 -9999 -9999 -9999 -9999 -9999 -9999 -9999 -9999
-9999 -9999 -9999 -9999 -9999 -9999 -9999 -9999 -9999 -9999 -9999 -9999 -9999 -9999 -9999 -9999 -9999 -9999 -9999 -9999 5.81046E-7 7.11386E-7 7.49125E-7 5.91745E-7 4.4854E-7 3.70375E-7 4.16419E-7 6.74251E-7 8.05725E-7 7.04518E-7 7.63926E-7 7.06388E-7 -9999 -9999 -9999 -9999 -9999 -9999 -9999 -9999 -9999 -9999 -9999 -9999 -9999 -9999 -9999 -9999 -9999 -9999 -9999 -9999 -9999 -9999 -9999 -9999 -9999 -9999 -9999 -9999 -9999 -9999 -9999 -9999 -9999
4.74125E-7 8.43891E-7 9.40947E-7 1.61006E-6 1.75878E-6 1.12021E-6 1.01534E-6 1.72017E-6 9.69298E-7 1.6556E-6 1.67584E-6 1.61366E-6 1.42171E-6 1.1936E-6 1.36124E-6 1.42635E-6 1.40494E-6 8.60436E-7 1.58232E-6 1.61333E-6 1.69134E-6 1.93558E-6 1.94939E-6 1.22954E-6 9.76766E-7 7.72413E-7 8.69084E-7 1.92254E-6 2.11297E-6 1.91328E-6 1.66015E-6 1.33219E-6 1.27084E-6 -9999 -9999 -9999 -9999 -9999 -9999 -9999 -9999 -9999 -9999 -9999 -9999 -9999 -9999 -9999 -9999 -9999 -9999 -9999 -9999 -9999 -9999 -9999 -9999 -9999 -9999 -9999 -9999 -9999 -9999 -9999 -9999
6.78786E-7 1.69716E-6 1.63749E-6 1.61112E-6 1.76596E-6 1.87763E-6 1.65626E-6 1.59143E-6 1.5852E-6 1.59053E-6 9.26767E-7 7.30738E-7 6.8559E-7 5.70172E-7 5.11305E-7 5.83566E-7 1.37129E-6 1.43007E-6 1.37703E-6 8.38637E-7 1.88292E-6 1.88852E-6 1.78463E-6 2.21365E-6 3.04202E-6 2.92668E-6 2.66679E-6 2.40212E-6 1.13655E-6 7.81267E-7 8.0313E-7 1.50273E-6 7.4377E-7 4.16316E-7 2.92495E-7 2.5916E-7 3.73569E-7 -9999 -9999 -9999 -9999 -9999 -9999 -9999 -9999 -9999 -9999 -9999 -9999 -9999 -9999 -9999 -9999 -9999 -9999 -9999 -9999 -9999 -9999 -9999 -9999 -9999 -9999 -9999 -9999
1.64935E-6 1.8221E-6 9.57485E-7 9.8543E-7 1.93246E-6 8.19357E-7 5.4102E-7 5.15364E-7 5.52665E-7 6.59704E-7 7.50413E-7 5.4818E-7 3.23046E-7 2.89513E-7 3.63015E-7 5.68541E-7 1.28127E-6 1.16041E-6 5.01475E-7 3.996E-7 5.14059E-7 4.50073E-7 5.33896E-7 8.23915E-7 2.13412E-6 3.01722E-6 2.83496E-6 9.96682E-7 6.748E-7 4.50087E-7 6.40273E-7 7.52331E-7 5.19082E-7 2.80828E-7 2.59976E-7 3.15888E-7 5.16335E-7 1.0656E-6 -9999 -9999 -9999 -9999 -9999 -9999 -9999 -9999 -9999 -9999 -9999 -9999 -9999 -9999 -9999 -9999 -9999 -9999 -9999 -9999 -9999 -9999 -9999 -9999 -9999 -9999 -9999
2.21791E-6 1.09396E-6 1.01489E-6 1.88672E-6 1.88706E-6 8.04338E-7 4.43648E-7 4.06294E-7 6.9877E-7 1.00191E-6 1.67151E-6 9.35049E-7 5.20762E-7 6.7464E-7 9.29241E-7 9.98059E-7 1.03306E-6 1.56337E-6 7.30241E-7 3.40377E-7 2.01551E-7 2.1707E-7 2.88312E-7 4.6935E-7 7.98495E-7 2.32229E-6 2.90791E-6 1.24015E-6 8.74818E-7 8.41904E-7 8.79951E-7 6.46583E-7 6.39591E-7 6.09983E-7 4.88883E-7 4.23944E-7 4.36079E-7 1.25765E-6 2.39661E-6 -9999 -9999 -9999 -9999 -9999 -9999 -9999 -9999 -9999 -9999 -9999 -9999 -9999 -9999 -9999 -9999 -9999 -9999 -9999 -9999 -9999 -9999 -9999 -9999 -9999 -9999
1.25699E-6 1.3176E-6 2.57338E-6 2.25685E-6 9.78274E-7 5.92818E-7 4.45592E-7 6.5551E-7 1.36639E-6 2.84986E-6 2.30406E-6 9.87561E-7 5.25266E-7 9.35698E-7 2.64267E-6 3.44199E-6 2.44196E-6 1.52278E-6 7.8171E-7 5.40167E-7 2.92546E-7 2.03867E-7 1.94175E-7 2.85491E-7 6.14729E-7 2.26161E-6 2.67453E-6 2.46793E-6 2.51837E-6 2.31822E-6 2.21345E-6 1.06905E-6 1.05632E-6 1.57525E-6 1.36145E-6 6.63646E-7 6.30951E-7 1.00356E-6 2.44127E-6 -9999 -9999 -9999 -9999 -9999 -9999 -9999 -9999 -9999 -9999 -9999 -9999 -9999 -9999 -9999 -9999 -9999 -9999 -9999 -9999 -9999 -9999 -9999 -9999 -9999 -9999
1.33157E-6 2.91492E-6 2.39687E-6 1.0718E-6 6.78601E-7 4.23618E-7 3.19649E-7 6.02723E-7 1.35211E-6 3.39703E-6 1.44424E-6 7.31776E-7 5.77461E-7 1.02601E-6 3.30372E-6 3.49775E-6 2.10184E-6 1.52479E-6 9.32511E-7 7.56544E-7 5.57968E-7 3.35079E-7 4.96772E-7 7.28175E-7 4.98689E-7 1.04573E-6 3.0288E-6 1.0753E-6 6.66732E-7 7.45921E-7 1.39823E-6 2.03741E-6 2.35167E-6 1.8887E-6 1.52451E-6 1.3874E-6 1.6217E-6 1.80258E-6 2.02842E-6 2.01259E-6 -9999 -9999 -9999 -9999 -9999 -9999 -9999 -9999 -9999 -9999 -9999 -9999 -9999 -9999 -9999 -9999 -9999 -9999 -9999 -9999 -9999 -9999 -9999 -9999 -9999
2.89678E-6 2.58941E-6 1.10869E-6 6.89159E-7 4.55984E-7 3.99681E-7 4.41557E-7 7.34393E-7 1.17768E-6 2.9905E-6 2.50706E-6 1.29306E-6 1.25693E-6 1.45835E-6 3.76899E-6 1.84936E-6 1.17558E-6 1.62379E-6 1.04864E-6 1.1456E-6 1.59786E-6 1.29264E-6 1.41979E-6 2.63421E-6 2.19114E-6 2.59469E-6 2.73481E-6 7.73953E-7 2.74551E-7 2.89732E-7 3.25732E-7 6.30967E-7 8.38113E-7 8.79793E-7 7.17281E-7 8.08278E-7 1.82973E-6 1.88298E-6 8.13821E-7 6.70622E-7 -9999 -9999 -9999 -9999 -9999 -9999 -9999 -9999 -9999 -9999 -9999 -9999 -9999 -9999 -9999 -9999 -9999 -9999 -9999 -9999 -9999 -9999 -9999 -9999 -9999
2.38204E-6 1.07351E-6 9.12657E-7 9.37845E-7 1.00178E-6 9.93115E-7 1.01091E-6 1.25527E-6 2.43351E-6 2.77219E-6 2.91974E-6 3.17241E-6 3.1224E-6 4.04002E-6 4.17433E-6 1.57305E-6 1.02376E-6 1.61444E-6 1.82998E-6 1.58984E-6 3.81188E-6 3.42346E-6 2.90144E-6 2.49058E-6 2.6304E-6 3.03948E-6 2.71816E-6 1.88768E-6 5.62283E-7 4.24261E-7 2.80893E-7 3.15962E-7 2.40043E-7 3.22381E-7 3.21521E-7 4.71622E-7 8.00285E-7 1.49838E-6 6.84201E-7 3.75845E-7 -9999 -9999 -9999 -9999 -9999 -9999 -9999 -9999 -9999 -9999 -9999 -9999 -9999 -9999 -9999 -9999 -9999 -9999 -9999 -9999 -9999 -9999 -9999 -9999 -9999
1.10594E-6 1.71311E-6 1.80807E-6 1.9932E-6 2.25664E-6 2.32447E-6 2.31103E-6 2.40222E-6 2.69916E-6 1.43028E-6 1.12207E-6 1.25511E-6 1.19938E-6 3.14378E-6 3.85221E-6 3.6076E-6 1.58577E-6 1.31492E-6 2.3489E-6 3.29979E-6 3.64134E-6 1.20906E-6 6.49808E-7 5.69385E-7 6.41888E-7 8.91865E-7 1.08068E-6 1.76419E-6 1.65425E-6 1.48027E-6 9.51424E-7 4.73638E-7 3.57507E-7 4.25486E-7 3.27767E-7 2.85504E-7 5.04022E-7 1.08388E-6 6.37008E-7 -9999 -9999 -9999 -9999 -9999 -9999 -9999 -9999 -9999 -9999 -9999 -9999 -9999 -9999 -9999 -9999 -9999 -9999 -9999 -9999 -9999 -9999 -9999 -9999 -9999 -9999
1.72548E-6 1.67845E-6 9.66528E-7 8.73991E-7 9.17224E-7 9.89073E-7 9.60221E-7 9.12313E-7 9.91226E-7 1.06186E-6 7.33061E-7 4.9487E-7 6.94802E-7 1.08578E-6 2.65784E-6 3.32015E-6 3.20173E-6 3.43983E-6 3.51239E-6 4.4116E-6 2.29826E-6 1.32407E-6 1.65254E-6 1.44462E-6 6.62304E-7 4.118E-7 4.06491E-7 4.69527E-7 6.22488E-7 7.38632E-7 1.2582E-6 1.12929E-6 9.58944E-7 8.01207E-7 3.5098E-7 2.92259E-7 6.2451E-7 7.64635E-7 4.01098E-7 -9999 -9999 -9999 -9999 -9999 -9999 -9999 -9999 -9999 -9999 -9999 -9999 -9999 -9999 -9999 -9999 -9999 -9999 -9999 -9999 -9999 -9999 -9999 -9999 -9999 -9999
8.22394E-7 7.7657E-7 6.47685E-7 4.10364E-7 3.96354E-7 4.222E-7 5.32557E-7 9.04152E-7 1.65691E-6 1.73388E-6 9.23663E-7 5.29704E-7 6.48117E-7 9.23337E-7 1.7599E-6 1.88955E-6 1.09278E-6 2.54432E-6 3.73615E-6 5.01691E-6 5.30635E-6 2.82735E-6 4.23382E-6 2.51446E-6 2.44781E-6 1.14089E-6 5.55837E-7 2.38404E-7 2.48596E-7 4.95515E-7 6.75105E-7 6.87012E-7 7.48803E-7 1.023E-6 8.0544E-7 7.25481E-7 5.88878E-7 4.10184E-7 4.11106E-7 2.88267E-7 1.12445E-7 -9999 -9999 -9999 -9999 -9999 -9999 -9999 -9999 -9999 -9999 -9999 -9999 -9999 -9999 -9999 -9999 -9999 -9999 -9999 -9999 -9999 -9999 -9999 -9999
2.98939E-7 4.06203E-7 6.05702E-7 7.1721E-7 7.17426E-7 6.42735E-7 4.16909E-7 6.28808E-7 9.41752E-7 2.03853E-6 1.02525E-6 5.3884E-7 1.01133E-6 1.7716E-6 1.6046E-6 7.6217E-7 1.59519E-6 1.80434E-6 2.59942E-6 2.90107E-6 3.21031E-6 3.88287E-6 2.20307E-6 2.63791E-6 4.56388E-6 2.78704E-6 6.66072E-7 3.61569E-7 5.11347E-7 5.49406E-7 5.44323E-7 6.01095E-7 7.46774E-7 6.14663E-7 5.68225E-7 5.43238E-7 4.98477E-7 4.04534E-7 3.44953E-7 1.60411E-7 6.80997E-8 -9999 -9999 -9999 5.50243E-8 7.52016E-8 -9999 -9999 -9999 -9999 -9999 -9999 -9999 -9999 -9999 -9999 -9999 -9999 -9999 -9999 -9999 -9999 -9999 -9999 -9999
3.21051E-7 4.102E-7 9.42107E-7 1.66242E-6 7.91152E-7 9.77289E-7 5.49042E-7 5.29774E-7 1.04081E-6 2.58256E-6 1.29248E-6 7.32853E-7 1.49227E-6 2.60951E-6 1.66841E-6 8.67608E-7 1.26422E-6 1.64662E-6 1.63589E-6 1.80424E-6 2.36031E-6 1.38768E-6 1.64886E-6 2.06511E-6 4.46683E-6 3.24028E-6 1.13201E-6 7.85103E-7 1.54458E-6 1.41151E-6 7.70699E-7 8.80262E-7 1.7741E-6 7.98666E-7 6.4467E-7 4.21392E-7 3.44626E-7 3.04459E-7 2.57744E-7 1.20674E-7 6.35955E-8 6.23366E-8 9.19736E-8 1.24486E-7 1.40624E-7 1.68438E-7 -9999 -9999 -9999 -9999 -9999 -9999 -9999 -9999 -9999 -9999 -9999 -9999 -9999 -9999 -9999 -9999 -9999 -9999 -9999
4.59241E-7 9.3556E-7 9.56461E-7 8.33602E-7 2.10849E-6 1.14706E-6 5.54424E-7 5.4713E-7 1.10305E-6 2.51594E-6 2.80008E-6 1.66245E-6 3.78133E-6 2.82921E-6 1.47172E-6 1.60285E-6 3.64659E-6 2.04983E-6 1.53794E-6 8.80294E-7 1.92948E-6 1.14226E-6 1.38655E-6 1.84079E-6 3.8979E-6 3.62167E-6 3.32712E-6 2.63037E-6 2.74905E-6 1.86359E-6 1.43501E-6 1.66478E-6 2.3264E-6 2.84864E-6 1.49197E-6 9.15711E-7 5.72751E-7 4.03414E-7 3.03281E-7 1.84009E-7 1.80513E-7 1.92543E-7 1.04692E-7 1.3273E-7 2.10413E-7 3.02678E-7 2.85107E-7 3.78588E-7 -9999 -9999 -9999 -9999 -9999 -9999 -9999 -9999 -9999 -9999 -9999 -9999 -9999 -9999 -9999 -9999 -9999
1.15365E-6 1.74977E-6 1.10333E-6 1.65867E-6 2.3745E-6 1.09443E-6 7.08738E-7 4.95887E-7 9.01638E-7 1.38877E-6 3.3657E-6 4.71061E-6 4.57308E-6 2.43606E-6 2.68521E-6 5.43274E-6 5.04256E-6 2.00998E-6 2.61805E-6 1.08383E-6 7.53027E-7 7.88845E-7 7.30197E-7 1.71488E-6 3.23674E-6 1.01595E-6 2.10088E-6 2.9062E-6 3.33116E-6 3.19475E-6 2.74439E-6 2.59397E-6 1.14634E-6 2.48415E-6 2.58861E-6 9.45471E-7 5.75014E-7 3.66173E-7 3.27865E-7 4.279E-7 3.55582E-7 2.18018E-7 1.28953E-7 1.55899E-7 2.07925E-7 2.8068E-7 4.8516E-7 4.9195E-7 5.0569E-7 5.53945E-7 3.18432E-7 2.18767E-7 -9999 -9999 -9999 -9999 -9999 -9999 -9999 -9999 -9999 -9999 -9999 -9999 -9999
1.36666E-6 1.30705E-6 6.23818E-7 1.93333E-6 1.08702E-6 2.35775E-6 1.48137E-6 1.48157E-6 2.30084E-6 3.74362E-6 4.22426E-6 4.64625E-6 4.74866E-6 4.89723E-6 4.76356E-6 5.35578E-6 5.34134E-6 2.75218E-6 4.64429E-6 2.00748E-6 1.24573E-6 1.09803E-6 8.54324E-7 3.43016E-6 3.45461E-6 2.4718E-6 1.66449E-6 1.67508E-6 1.08117E-6 1.07459E-6 1.26455E-6 2.45865E-6 1.96625E-6 1.02833E-6 2.70467E-6 2.73071E-6 9.80434E-7 6.31351E-7 5.8494E-7 6.48442E-7 6.05161E-7 4.16039E-7 3.51435E-7 3.1598E-7 3.24773E-7 4.33659E-7 8.43628E-7 6.16606E-7 2.32714E-7 4.82866E-7 5.60129E-7 3.08323E-7 2.50873E-7 1.52881E-7 1.14369E-7 -9999 2.60111E-7 -9999 9.83404E-7 -9999 -9999 -9999 -9999 -9999 -9999
1.3576E-6 1.40087E-6 5.33784E-7 1.09134E-6 2.8722E-6 2.93743E-6 3.33829E-6 3.88805E-6 3.38131E-6 2.8394E-6 1.60058E-6 1.70121E-6 1.76111E-6 2.29501E-6 4.61442E-6 4.33286E-6 4.29826E-6 4.70707E-6 4.75902E-6 2.02919E-6 1.93371E-6 1.77299E-6 3.27806E-6 2.84275E-6 1.33943E-6 2.62929E-6 2.39579E-6 9.62703E-7 6.0128E-7 4.54959E-7 8.52628E-7 2.0464E-6 2.49715E-6 2.19867E-6 1.38549E-6 3.01464E-6 2.37213E-6 1.62489E-6 1.22132E-6 1.14733E-6 1.29728E-6 6.25848E-7 5.55024E-7 7.65775E-7 4.65137E-7 4.68494E-7 1.00877E-6 8.69533E-7 3.18109E-7 2.86031E-7 5.88915E-7 6.55409E-7 5.70185E-7 2.19205E-7 1.40514E-7 1.1042E-7 2.21677E-7 3.9302E-7 6.00162E-7 1.20877E-6 1.28309E-6 7.14583E-7 -9999 -9999 -9999
7.59763E-7 1.59059E-6 1.25688E-6 1.04497E-6 2.20285E-6 1.24365E-6 1.70614E-6 4.1501E-6 4.19807E-6 1.69534E-6 7.90759E-7 4.77008E-7 5.66809E-7 1.24032E-6 3.2736E-6 1.84145E-6 1.95683E-6 4.14215E-6 3.8147E-6 9.71415E-7 1.66412E-6 7.12983E-7 9.4939E-7 6.25706E-7 6.77995E-7 1.20575E-6 2.70615E-6 9.5631E-7 5.78819E-7 3.69496E-7 5.61412E-7 6.98614E-7 8.765E-7 2.51289E-6 3.89639E-6 2.14224E-6 3.2671E-6 2.61844E-6 1.69779E-6 1.32692E-6 1.7007E-6 1.08433E-6 9.61084E-7 2.32312E-6 7.17032E-7 6.03162E-7 1.19155E-6 6.91654E-7 3.73493E-7 2.29942E-7 2.6203E-7 4.28001E-7 9.57647E-7 4.09748E-7 1.7432E-7 1.16643E-7 2.87104E-7 6.66551E-7 1.35122E-6 1.31842E-6 1.25049E-6 1.26778E-6 -9999 -9999 -9999
4.22341E-6 3.49032E-6 1.23917E-6 1.15767E-6 2.63041E-6 1.83515E-6 2.25406E-6 4.3183E-6 5.42888E-6 2.70386E-6 8.9009E-7 5.86877E-7 7.09064E-7 9.93974E-7 2.0003E-6 1.1849E-6 1.33327E-6 3.18445E-6 1.73133E-6 1.65962E-6 1.26448E-6 1.05848E-6 4.08379E-7 5.95553E-7 1.59514E-6 2.37041E-6 2.45067E-6 1.89711E-6 8.23105E-7 5.54826E-7 3.5683E-7 3.52013E-7 5.5459E-7 9.47365E-7 2.36004E-6 2.2769E-6 2.12286E-6 2.97819E-6 2.77046E-6 1.1698E-6 1.31841E-6 3.17607E-6 2.78402E-6 3.48867E-6 2.12374E-6 6.92255E-7 1.33381E-6 1.25842E-6 5.8624E-7 3.07733E-7 2.08989E-7 5.15035E-7 1.25002E-6 6.60506E-7 2.43976E-7 1.23274E-7 2.02793E-7 5.00956E-7 1.14707E-6 5.91397E-7 5.1475E-7 5.68406E-7 -9999 -9999 -9999
2.40889E-6 2.05268E-6 1.02879E-6 1.53197E-6 4.00401E-6 2.53501E-6 4.63747E-6 4.13316E-6 2.0499E-6 1.38322E-6 6.68977E-7 8.35814E-7 1.05024E-6 1.66438E-6 1.54746E-6 8.61569E-7 1.5928E-6 1.95794E-6 1.15532E-6 1.10194E-6 1.80412E-6 8.12472E-7 3.81674E-7 5.34185E-7 9.77308E-7 2.33232E-6 1.8041E-6 1.90821E-6 1.47595E-6 7.80985E-7 5.24852E-7 5.14539E-7 6.31028E-7 6.53663E-7 7.99322E-7 8.06253E-7 9.17645E-7 2.5855E-6 3.39093E-6 3.16221E-6 2.59874E-6 2.17913E-6 2.31823E-6 3.25661E-6 2.7736E-6 1.60777E-6 1.47777E-6 1.27572E-6 1.15818E-6 5.56093E-7 3.22411E-7 4.77969E-7 1.22619E-6 6.78685E-7 4.04782E-7 2.26386E-7 1.69457E-7 4.4013E-7 1.04463E-6 5.60278E-7 4.0065E-7 2.70661E-7 2.34029E-7 -9999 -9999
2.46656E-6 1.93098E-6 1.04558E-6 1.81756E-6 2.28096E-6 2.41829E-6 2.15593E-6 2.08042E-6 1.23139E-6 6.58363E-7 6.05E-7 9.13547E-7 1.6346E-6 1.58705E-6 8.40167E-7 1.4812E-6 1.51043E-6 1.4825E-6 1.51783E-6 8.47473E-7 1.47081E-6 7.88503E-7 6.75303E-7 7.84391E-7 1.45731E-6 1.8692E-6 1.52096E-6 7.88906E-7 1.36184E-6 1.35307E-6 7.20785E-7 6.34843E-7 1.0276E-6 1.07942E-6 7.0051E-7 1.33176E-6 1.41628E-6 1.79108E-6 2.68279E-6 2.81955E-6 1.24017E-6 7.87423E-7 7.12618E-7 1.04452E-6 2.27534E-6 9.32157E-7 6.65484E-7 7.7322E-7 1.25753E-6 9.63E-7 4.26613E-7 3.96634E-7 9.81192E-7 1.27718E-6 1.1874E-6 3.9038E-7 3.20115E-7 4.06252E-7 9.27178E-7 1.24545E-6 6.72824E-7 5.23439E-7 4.26764E-7 -9999 -9999
2.71302E-6 2.28344E-6 2.10333E-6 2.43284E-6 2.47351E-6 2.21138E-6 2.18861E-6 1.33069E-6 8.45395E-7 6.6119E-7 6.73464E-7 9.09045E-7 1.69826E-6 1.87894E-6 9.6554E-7 1.6279E-6 1.57989E-6 8.50463E-7 1.72941E-6 1.77593E-6 9.00356E-7 1.67279E-6 1.56897E-6 1.39374E-6 1.38451E-6 8.45155E-7 1.50726E-6 7.6185E-7 1.35103E-6 1.31675E-6 1.15558E-6 9.01761E-7 7.86574E-7 9.18345E-7 1.14562E-6 1.23761E-6 7.2385E-7 6.84749E-7 9.80402E-7 1.97866E-6 2.41949E-6 2.32358E-6 8.91902E-7 7.79615E-7 1.921E-6 2.11071E-6 9.04172E-7 7.50364E-7 7.79711E-7 9.87269E-7 8.28653E-7 4.58976E-7 4.24235E-7 5.61113E-7 1.47624E-6 1.29287E-6 1.01035E-6 7.22601E-7 8.37791E-7 1.2841E-6 1.33845E-6 1.35671E-6 6.94972E-7 -9999 -9999
4.54308E-6 4.85745E-6 4.63105E-6 2.66066E-6 2.5428E-6 2.39345E-6 1.80582E-6 7.50525E-7 1.34708E-6 1.01695E-6 8.2642E-7 1.09078E-6 2.17903E-6 2.14767E-6 1.89275E-6 1.71093E-6 8.96908E-7 9.81173E-7 2.36236E-6 2.29525E-6 1.13858E-6 2.29971E-6 1.11509E-6 7.62473E-7 7.0638E-7 7.9518E-7 1.37089E-6 7.53146E-7 1.37593E-6 1.32382E-6 1.11359E-6 5.04806E-7 8.06884E-7 9.70061E-7 1.20439E-6 1.23741E-6 1.26606E-6 1.30075E-6 7.52965E-7 6.95844E-7 1.03001E-6 2.90196E-6 1.02221E-6 5.30398E-7 8.50481E-7 1.87359E-6 1.8588E-6 1.90877E-6 1.74252E-6 1.37615E-6 7.38517E-7 6.62565E-7 4.72316E-7 3.53011E-7 6.48164E-7 1.54984E-6 1.25274E-6 3.80772E-7 3.2959E-7 3.84887E-7 4.96911E-7 1.1427E-6 1.41632E-6 1.36248E-6 -9999
2.46462E-6 2.77627E-6 4.61198E-6 2.60103E-6 3.03477E-6 3.87828E-6 3.87441E-6 3.20409E-6 1.48658E-6 1.45778E-6 1.58574E-6 2.94813E-6 2.85635E-6 1.09025E-6 8.67353E-7 8.97856E-7 1.15014E-6 1.5351E-6 3.13762E-6 2.81506E-6 2.65542E-6 2.79579E-6 2.66975E-6 2.35268E-6 1.28161E-6 1.21274E-6 1.70502E-6 1.67159E-6 1.69956E-6 1.36132E-6 1.23015E-6 1.14366E-6 6.5198E-7 6.83174E-7 1.28005E-6 1.29186E-6 1.31976E-6 1.32437E-6 1.29297E-6 7.52545E-7 1.02261E-6 2.94447E-6 1.1246E-6 5.17613E-7 4.95313E-7 6.18699E-7 6.39347E-7 7.63835E-7 1.44754E-6 1.58742E-6 1.64027E-6 2.00295E-6 1.10172E-6 6.66259E-7 6.57579E-7 1.44648E-6 1.94326E-6 5.24235E-7 2.00725E-7 1.30375E-7 2.57109E-7 4.4734E-7 7.42644E-7 1.54767E-6 -9999
2.02175E-6 1.7378E-6 2.01983E-6 3.23767E-6 5.63287E-6 2.73316E-6 2.65131E-6 5.26521E-6 4.90717E-6 2.28583E-6 1.22438E-6 4.58293E-6 3.2757E-6 1.24678E-6 9.93807E-7 1.5154E-6 1.70059E-6 3.58875E-6 3.41038E-6 1.73413E-6 1.45109E-6 1.42433E-6 1.56075E-6 2.69537E-6 2.68007E-6 1.4626E-6 2.40486E-6 2.33465E-6 1.83955E-6 7.58705E-7 7.23459E-7 1.25736E-6 1.28782E-6 1.31587E-6 7.49745E-7 1.29709E-6 1.29232E-6 1.31894E-6 1.33811E-6 7.56359E-7 2.04851E-6 2.55068E-6 2.34102E-6 9.47769E-7 7.52954E-7 5.06054E-7 3.24399E-7 4.55664E-7 5.74094E-7 6.27682E-7 6.82075E-7 1.58487E-6 2.03779E-6 2.65841E-6 1.5019E-6 1.31276E-6 2.86855E-6 8.68953E-7 3.22468E-7 1.49006E-7 1.78048E-7 3.36139E-7 7.48158E-7 1.50222E-6 -9999
1.78433E-6 2.85347E-6 4.0638E-6 2.89983E-6 2.66738E-6 3.43287E-6 3.44305E-6 4.54029E-6 4.74209E-6 5.70766E-6 5.23377E-6 2.01083E-6 1.58306E-6 1.12561E-6 2.04623E-6 3.90054E-6 3.59292E-6 9.97101E-7 1.61087E-6 1.75619E-6 8.72642E-7 1.44649E-6 7.62607E-7 2.67316E-6 2.36584E-6 2.21899E-6 2.43316E-6 2.45911E-6 2.24035E-6 8.55996E-7 6.68328E-7 6.54363E-7 7.44316E-7 1.29933E-6 1.26366E-6 1.24779E-6 1.23516E-6 1.28699E-6 1.50077E-6 1.79222E-6 2.43307E-6 1.08766E-6 1.67764E-6 2.21632E-6 2.29064E-6 1.06044E-6 7.54E-7 4.59964E-7 2.80367E-7 2.76416E-7 4.32076E-7 6.3281E-7 7.48131E-7 1.75508E-6 1.92064E-6 2.80463E-6 3.60641E-6 2.41821E-6 6.67378E-7 3.14774E-7 1.69421E-7 2.5171E-7 6.14909E-7 1.45797E-6 7.0478E-7
2.15038E-6 4.63992E-6 5.22171E-6 2.50963E-6 2.77787E-6 2.85289E-6 2.25302E-6 3.6764E-6 4.66615E-6 4.73265E-6 3.15446E-6 2.63951E-6 1.98297E-6 8.96766E-7 2.06811E-6 2.17441E-6 1.06441E-6 4.57946E-6 5.05386E-6 4.092E-6 2.49456E-6 2.35416E-6 1.8152E-6 1.48343E-6 1.51241E-6 2.02629E-6 9.43322E-7 1.04039E-6 1.96911E-6 1.95448E-6 1.64792E-6 1.39276E-6 7.62686E-7 6.65202E-7 6.58806E-7 6.53052E-7 6.51371E-7 7.50952E-7 1.34438E-6 1.36532E-6 2.09965E-6 2.48661E-6 1.74263E-6 1.14144E-6 2.85361E-6 2.88757E-6 2.39348E-6 8.28369E-7 4.53725E-7 2.57075E-7 2.5697E-7 4.50919E-7 6.48053E-7 1.25421E-6 7.14596E-7 2.19526E-6 2.62804E-6 2.7496E-6 2.04511E-6 5.96589E-7 2.95453E-7 2.17294E-7 4.60387E-7 1.34321E-6 1.21365E-6
