catData/rasterBestHybridModels/Prubiginosus/RD_BM01_RM1.5_L/Prubiginosus_max.asc
ncols         409
nrows         350
xllcorner     60.897278365
yllcorner     5.843756025
cellsize      0.0892857
NODATA_value  -9999
[rows 58 to 86 of 350, columns 130 to 194 of 409]
8.32817E-6 9.87754E-6 2.11019E-5 9.01955E-6 7.50013E-6 1.44081E-5 1.30249E-5 7.59316E-6 7.57682E-6 1.21297E-5 6.35785E-6 6.41449E-6 3.76039E-6 2.71884E-6 3.68937E-6 2.72207E-6 1.97193E-6 1.8928E-6 2.20734E-6 2.49659E-6 4.77242E-6 6.15164E-6 8.75055E-6 5.54414E-6 2.04288E-6 2.37993E-6 1.92458E-6 3.37828E-6 3.43773E-6 3.47091E-6 3.98909E-6 3.49796E-6 2.50054E-6 2.77923E-6 5.45386E-6 3.58644E-6 1.78358E-5 5.82907E-5 8.48431E-5 7.52071E-5 8.21418E-5 7.51266E-5 4.77464E-5 3.39523E-5 4.99675E-5 4.76152E-5 4.71125E-5 6.82339E-5 6.92564E-5 6.82145E-5 2.62298E-5 4.34511E-5 5.28711E-5 2.9082E-5 3.98123E-5 1.39571E-5 3.60028E-6 3.12174E-6 5.12504E-6 4.57757E-6 4.36381E-6 4.81665E-6 2.80218E-6 2.08823E-6 3.15304E-6
2.52659E-5 2.15355E-5 1.04545E-5 1.07504E-5 8.04822E-6 1.5474E-5 4.20913E-6 4.30918E-6 6.6518E-6 1.02659E-5 6.43668E-6 2.77463E-6 4.24896E-6 3.57955E-6 3.85215E-6 3.85955E-6 4.08647E-6 2.26234E-6 2.3267E-6 4.03023E-6 1.41901E-5 1.01438E-5 9.95892E-6 2.03816E-6 1.82464E-6 1.90956E-6 3.38455E-6 3.39178E-6 1.95423E-6 3.45459E-6 3.41997E-6 2.49753E-6 2.51478E-6 3.31272E-6 4.60338E-6 5.52237E-6 9.24164E-6 6.11146E-5 1.076E-4 5.23061E-5 1.51331E-4 9.8173E-5 9.23632E-5 4.8933E-5 5.14868E-5 3.32993E-5 3.0788E-5 3.16081E-5 4.19057E-5 6.88574E-5 3.00368E-5 1.71931E-5 4.50634E-5 4.50182E-5 4.65229E-5 1.86994E-5 5.67228E-6 3.29016E-6 3.20173E-6 5.01546E-6 4.86684E-6 2.93335E-6 2.14364E-6 1.79601E-6 3.15981E-6
2.30451E-5 1.69201E-5 1.00569E-5 1.45915E-5 1.3918E-5 1.1701E-5 2.84116E-6 5.13122E-6 5.63026E-6 9.25729E-6 1.06504E-5 2.28685E-6 2.48703E-6 1.91791E-6 2.22083E-6 3.69672E-6 8.44777E-6 4.71126E-6 5.74336E-6 1.21701E-5 2.05079E-5 1.60078E-5 6.25024E-6 2.8382E-6 2.85579E-6 4.90178E-6 8.04555E-6 2.25172E-6 1.88358E-6 1.97109E-6 2.48515E-6 2.50259E-6 2.64431E-6 7.16663E-6 2.68337E-6 3.13547E-6 2.98478E-6 8.34378E-6 6.87263E-5 6.98025E-5 1.07455E-4 1.27901E-4 1.36413E-4 6.40669E-5 5.74692E-5 4.55668E-5 3.2321E-5 3.11951E-5 3.26287E-5 5.73528E-5 6.76864E-5 3.61092E-5 2.89813E-5 2.69954E-5 1.32521E-5 7.36645E-6 3.77754E-6 2.06662E-6 4.24149E-6 5.52942E-6 4.89656E-6 3.97804E-6 1.82033E-6 2.40832E-6 4.30406E-6
1.72298E-5 1.41962E-5 2.12331E-5 1.29018E-5 8.45177E-6 7.1167E-6 3.54119E-6 7.75914E-6 3.37367E-6 1.50405E-5 1.2E-5 8.47214E-6 6.34525E-6 4.20801E-6 4.51053E-6 6.54834E-6 3.73049E-6 3.15994E-6 7.52575E-6 2.60034E-5 3.82445E-5 3.37509E-5 5.74563E-6 3.17311E-6 2.9765E-6 5.81341E-6 1.2404E-5 2.54482E-6 3.13827E-6 2.94219E-6 2.99239E-6 3.3116E-6 4.0369E-6 2.27091E-6 2.04914E-6 3.07409E-6 3.86085E-6 4.45783E-6 1.75225E-5 7.85841E-5 6.40031E-5 8.8104E-5 2.24457E-4 1.19954E-4 1.12674E-4 1.63926E-4 5.01347E-5 4.61483E-5 4.78638E-5 4.64682E-5 3.4885E-5 3.63436E-5 2.57717E-5 2.39742E-5 2.3486E-5 1.92844E-5 6.11433E-6 1.01959E-5 2.91251E-5 4.53683E-5 3.29464E-5 1.56324E-5 7.25861E-6 5.53003E-6 1.5593E-5
1.02005E-5 5.33512E-6 9.61147E-6 8.40187E-6 2.72488E-6 2.07783E-6 1.27926E-5 5.72359E-6 1.48275E-5 1.61324E-5 1.75864E-5 1.06443E-5 3.17606E-6 4.01202E-6 5.66615E-6 5.34445E-6 4.61822E-6 4.80302E-6 1.51462E-5 3.8968E-5 3.16943E-5 2.02985E-5 2.16677E-6 1.94149E-6 1.93137E-6 2.89982E-6 2.88556E-6 2.13777E-6 2.96145E-6 2.95493E-6 3.41091E-6 6.95421E-6 3.07518E-6 3.03582E-6 3.4543E-6 3.6111E-6 4.16965E-6 7.84536E-6 1.40502E-5 3.25863E-5 1.02371E-4 4.54834E-5 1.32954E-4 1.10522E-4 7.65289E-5 9.12149E-5 6.02773E-5 3.32617E-5 5.63172E-5 5.12009E-5 5.15795E-5 4.34557E-5 2.37542E-5 1.33075E-5 2.48343E-5 2.32394E-5 2.458E-5 2.47676E-5 5.82537E-5 4.86787E-5 3.18742E-5 2.63761E-5 2.56651E-5 2.27607E-5 2.0178E-5
3.97774E-6 3.39696E-6 8.22664E-6 5.91043E-6 2.08588E-6 1.67845E-5 4.19727E-5 1.93052E-5 1.93144E-5 9.37722E-6 3.50936E-6 5.36271E-6 3.03498E-6 5.73034E-6 1.0498E-5 1.92214E-5 7.01051E-6 1.52683E-5 1.35149E-5 3.33146E-5 2.44115E-5 4.8649E-6 2.21344E-6 2.90365E-6 2.91396E-6 2.90057E-6 3.40159E-6 4.12121E-6 2.95899E-6 3.34651E-6 3.72436E-6 2.06754E-6 5.49253E-6 1.24283E-5 4.55153E-6 4.9605E-6 1.06586E-5 5.29867E-6 5.56959E-6 8.78597E-6 1.00123E-4 5.54225E-5 4.75844E-5 8.74508E-5 5.2668E-5 4.80071E-5 4.92159E-5 5.60497E-5 5.14553E-5 6.85659E-5 6.66269E-5 4.88117E-5 5.25831E-5 1.77605E-5 3.4783E-5 5.21121E-5 5.07109E-5 4.9239E-5 4.69985E-5 3.63166E-5 1.93665E-5 7.49872E-6 8.50068E-6 1.66783E-5 1.20334E-5
5.81884E-6 5.81965E-6 6.00917E-6 6.25837E-6 8.23433E-6 5.42436E-6 7.87743E-6 1.08929E-5 1.02677E-5 4.44864E-6 7.05264E-6 5.5264E-6 3.39542E-6 4.92314E-6 4.61441E-6 7.89924E-6 5.23627E-6 6.45871E-6 1.28144E-5 1.19796E-5 7.57582E-6 3.72828E-6 2.4013E-6 2.88418E-6 3.10188E-6 3.41523E-6 2.13172E-6 3.61561E-6 2.27693E-6 6.42399E-6 2.06719E-6 4.54873E-6 1.97227E-5 1.7946E-5 5.78519E-5 5.49603E-6 3.72758E-6 5.59956E-6 7.64647E-6 1.63714E-5 2.65671E-5 6.57617E-5 2.13308E-5 1.28368E-5 1.07492E-4 5.49714E-5 4.10562E-5 6.04292E-5 5.04605E-5 3.23927E-5 3.36224E-5 5.59764E-5 7.52823E-5 6.71396E-5 6.45563E-5 4.76462E-5 3.02801E-5 1.72914E-5 1.24884E-5 1.17172E-5 3.19431E-5 1.33806E-5 1.69005E-5 1.16136E-5 4.44598E-6
1.31305E-5 4.81662E-6 3.69633E-6 7.12424E-6 6.29931E-6 3.40099E-6 3.57698E-6 1.0403E-5 3.84611E-6 2.7474E-6 2.67859E-6 2.45302E-6 3.78448E-6 4.17961E-6 5.07181E-6 6.88507E-6 3.75968E-6 5.33431E-6 1.18671E-5 1.02871E-5 1.11677E-5 2.35803E-6 2.07705E-6 3.15653E-6 4.3582E-6 3.90123E-6 4.20007E-6 3.5243E-6 4.05048E-6 3.84866E-6 3.68362E-6 1.01935E-5 7.64955E-6 1.55275E-5 1.81075E-5 4.29398E-6 5.60864E-6 3.64547E-6 3.70008E-6 5.01568E-6 6.88484E-6 6.76542E-5 1.05692E-4 1.57622E-5 7.6972E-6 5.62516E-5 5.8977E-5 7.67231E-5 6.21639E-5 5.99284E-5 3.84881E-5 6.13354E-5 4.63474E-5 5.78853E-5 5.39654E-5 2.74018E-5 2.62965E-5 2.58644E-5 4.79986E-5 4.41554E-5 2.25759E-5 3.61725E-5 3.16055E-5 1.15654E-5 4.71262E-6
1.7641E-5 1.36233E-5 2.77187E-5 9.17101E-6 2.52726E-6 3.17671E-6 4.59358E-6 8.97779E-6 3.50108E-6 2.7354E-6 4.56394E-6 5.65986E-6 9.79346E-6 1.19889E-5 4.14128E-6 4.62213E-6 2.35798E-6 3.72898E-6 2.77153E-6 3.92469E-6 3.43588E-6 5.60728E-6 3.95327E-6 4.07036E-6 2.68792E-6 4.94193E-6 6.3296E-6 1.41852E-5 9.22455E-6 3.9253E-6 4.34307E-6 8.58403E-6 5.02763E-6 5.6711E-6 3.57771E-6 3.63799E-6 3.70934E-6 2.25103E-6 3.84808E-6 3.85278E-6 4.01633E-6 4.49549E-6 2.04055E-5 1.34517E-4 6.9664E-6 6.09302E-6 3.34075E-5 7.65956E-5 2.58081E-5 4.86631E-5 6.80669E-5 6.378E-5 8.5673E-5 6.28894E-5 7.03216E-5 6.58788E-5 2.7707E-5 2.72639E-5 2.95106E-5 2.64015E-5 2.1463E-5 3.36259E-5 2.12636E-5 1.1205E-5 7.86254E-6
5.01924E-6 1.2602E-5 3.33145E-6 3.41497E-6 6.22964E-6 3.70399E-6 3.10805E-6 2.24674E-6 2.75122E-6 9.32588E-6 9.56274E-6 5.43582E-6 3.3857E-6 4.17027E-6 3.07867E-6 5.10924E-6 3.7791E-6 5.80521E-6 7.99004E-6 1.64403E-5 1.6435E-5 3.41436E-5 2.79796E-5 9.56919E-6 9.73619E-6 3.75786E-6 3.68693E-6 3.70414E-6 4.82823E-6 3.75363E-6 4.40145E-6 6.08027E-6 2.43499E-6 3.19787E-6 3.06714E-6 3.71327E-6 3.90776E-6 3.70007E-6 3.72615E-6 3.72409E-6 3.76683E-6 4.01587E-6 7.9561E-6 6.26062E-5 7.93956E-5 9.71029E-6 3.47951E-5 9.87038E-5 2.5145E-5 5.41592E-5 4.09546E-5 6.14774E-5 7.11109E-5 6.33941E-5 6.91998E-5 6.44741E-5 3.09761E-5 5.11914E-5 2.62555E-5 2.88864E-5 2.76422E-5 4.43053E-5 4.35672E-5 2.3028E-5 1.56766E-5
2.07106E-5 3.96578E-6 2.9537E-6 2.47157E-6 4.62949E-6 2.433E-6 2.44022E-6 2.44768E-6 9.37343E-6 4.80532E-6 3.8344E-6 2.5796E-6 4.33644E-6 4.15026E-6 4.88847E-6 4.35873E-6 1.66441E-5 1.07923E-5 3.73429E-6 8.1179E-6 1.87614E-5 2.65133E-5 1.37893E-5 9.49829E-6 3.50935E-6 3.47188E-6 4.20013E-6 4.62376E-6 4.77071E-6 3.64333E-6 3.57507E-6 4.98995E-6 6.04278E-6 4.39486E-6 5.45342E-6 6.12273E-6 7.76118E-6 1.91249E-5 7.16953E-6 4.97095E-6 4.0834E-6 3.45285E-6 3.86532E-6 6.30865E-6 1.43691E-5 1.78606E-5 8.38709E-5 6.79282E-5 4.39665E-5 1.70073E-5 3.60449E-5 6.06116E-5 6.35429E-5 6.38972E-5 4.08272E-5 3.47681E-5 3.38835E-5 6.02049E-5 3.05306E-5 4.07452E-5 4.03365E-5 3.27213E-5 4.93236E-5 2.43236E-5 3.11385E-5
5.07705E-6 5.46347E-6 2.20362E-6 1.87456E-6 1.94929E-6 3.50296E-6 5.86729E-6 8.34593E-6 3.67277E-6 3.76499E-6 4.48661E-6 4.95775E-6 3.40393E-6 4.68494E-6 9.85244E-6 5.32313E-6 3.85446E-6 3.20561E-6 3.94603E-6 4.29569E-6 1.47886E-5 5.47257E-6 3.57357E-6 5.20027E-6 3.5989E-6 3.52312E-6 4.15268E-6 4.80596E-6 6.25227E-6 6.20671E-6 6.70399E-6 3.95074E-6 3.60472E-6 3.63421E-6 2.24347E-6 3.08019E-6 7.51886E-6 4.21333E-5 1.49541E-5 2.46628E-6 3.75811E-6 3.84502E-6 3.81737E-6 4.1454E-6 3.83547E-6 3.17263E-6 1.43339E-5 6.39072E-5 3.96135E-5 3.22974E-5 5.36557E-5 6.28109E-5 4.17891E-5 7.22239E-5 4.25722E-5 1.80548E-5 3.21525E-5 5.83714E-5 3.63498E-5 6.73626E-5 6.88224E-5 3.52449E-5 3.71984E-5 2.00954E-5 5.41551E-5
5.63787E-6 4.47388E-6 3.87315E-6 4.56183E-6 4.32088E-6 1.10282E-5 1.69266E-5 2.3612E-6 2.35785E-6 9.74985E-6 1.2218E-5 9.0506E-6 9.48629E-6 8.56725E-6 3.10588E-6 2.94776E-6 2.1337E-6 3.20812E-6 3.33858E-6 1.50021E-5 4.4306E-6 3.49542E-6 2.03502E-6 4.91121E-6 4.55119E-6 2.75339E-6 3.05154E-6 1.23927E-5 7.78171E-6 1.0323E-5 5.41478E-6 3.84568E-6 3.59669E-6 4.05499E-6 3.62769E-6 3.631E-6 2.22793E-6 3.71553E-6 4.00147E-6 3.94617E-6 3.71167E-6 4.31515E-6 3.79201E-6 3.78918E-6 3.74187E-6 4.60212E-6 4.47922E-6 1.27113E-5 1.71345E-4 7.73393E-5 2.95759E-5 4.3515E-5 6.08002E-5 9.43017E-5 5.47255E-5 2.46033E-5 2.88513E-5 5.02346E-5 3.85832E-5 4.08065E-5 6.28168E-5 6.36996E-5 7.05612E-5 7.88358E-5 5.80216E-5
2.19541E-6 5.0495E-6 5.44505E-6 1.23587E-5 8.48502E-6 1.55065E-5 1.72379E-5 4.23802E-6 2.20243E-6 1.1142E-5 6.77033E-6 5.52563E-6 3.91733E-6 6.56522E-6 3.71487E-6 2.04192E-6 2.31373E-6 3.35164E-6 2.16352E-5 6.66848E-6 3.42688E-6 3.86189E-6 3.44717E-6 4.6107E-6 5.5116E-6 6.35855E-6 3.06785E-6 2.75659E-6 3.42062E-6 4.862E-6 4.35084E-6 4.38171E-6 2.07276E-6 3.67202E-6 3.68932E-6 3.79339E-6 2.20048E-6 3.77614E-6 3.75402E-6 2.1127E-6 3.76539E-6 6.58848E-6 5.61544E-6 3.762E-6 3.96635E-6 2.26553E-6 5.95882E-6 3.19856E-5 6.90221E-5 1.12879E-4 7.76828E-5 1.64119E-5 3.21132E-5 6.71334E-5 6.39457E-5 9.55089E-5 1.99053E-5 3.5054E-5 5.38332E-5 6.63103E-5 6.77521E-5 3.93033E-5 4.65189E-5 7.65012E-5 7.95806E-5
8.94143E-6 5.74222E-6 1.13166E-5 5.45794E-6 6.74319E-6 1.1542E-5 9.64748E-6 3.47874E-6 7.29163E-6 1.16596E-5 4.23558E-6 3.55726E-6 4.91414E-6 8.69259E-6 2.84318E-6 2.16017E-6 2.99527E-6 1.17233E-5 5.81438E-6 5.13316E-6 4.36526E-6 3.64819E-6 7.60032E-6 7.61159E-6 2.8569E-6 3.71374E-6 3.02961E-6 2.08277E-6 2.37644E-6 4.10569E-6 4.1203E-6 3.7718E-6 4.07631E-6 3.73367E-6 3.91763E-6 3.73869E-6 3.72452E-6 3.69864E-6 2.1352E-6 2.15988E-6 3.81241E-6 4.15035E-6 3.79099E-6 3.80712E-6 2.29515E-6 2.28706E-6 4.06939E-6 3.87999E-6 9.23137E-6 3.20128E-5 3.22999E-5 1.33611E-4 9.11135E-5 1.00892E-4 6.57949E-5 1.22876E-4 4.40668E-5 6.80359E-5 8.37326E-5 9.65339E-5 7.14955E-5 1.13285E-4 6.79121E-5 6.81182E-5 1.45066E-4
3.80053E-6 4.28121E-6 4.92173E-6 3.96204E-6 2.46479E-6 3.19556E-6 6.38859E-6 8.07108E-6 7.81002E-6 8.74819E-6 2.46512E-6 5.18852E-6 4.15267E-6 3.24896E-6 2.94294E-6 3.25077E-6 9.39273E-6 6.01342E-6 4.28808E-6 4.40654E-6 4.5649E-6 6.96398E-6 9.60376E-6 3.78437E-6 2.19991E-6 2.96578E-6 2.65091E-6 2.69729E-6 2.76487E-6 4.24037E-6 2.46309E-6 3.78728E-6 4.69227E-6 4.01081E-6 4.12541E-6 2.13012E-6 2.11474E-6 5.82538E-6 4.01609E-6 3.82388E-6 3.8489E-6 4.9109E-6 2.15353E-6 3.82953E-6 3.75999E-6 4.48837E-6 3.76268E-6 4.5621E-6 2.20219E-5 4.60069E-6 2.12945E-5 1.65655E-5 1.30283E-4 1.06092E-4 9.48173E-5 6.89702E-5 5.34772E-5 4.92761E-5 2.85994E-5 6.21358E-5 7.28446E-5 5.21996E-5 3.68525E-5 1.15109E-4 1.173E-4
3.66136E-6 3.49205E-6 5.32632E-6 4.66114E-6 5.70689E-6 1.01867E-5 1.43563E-5 5.39E-6 2.14253E-6 3.69026E-6 3.77639E-6 3.48944E-6 3.66324E-6 4.44013E-6 3.53278E-6 6.61333E-6 5.39109E-6 7.31416E-6 7.54577E-6 6.18772E-6 3.05408E-6 2.72076E-6 5.28357E-6 2.20761E-6 2.10578E-6 2.82795E-6 8.05305E-6 4.4327E-6 5.8067E-6 4.02823E-6 2.34114E-6 2.1298E-6 4.55224E-6 6.18878E-6 3.36551E-6 2.36056E-6 2.22167E-6 3.69809E-6 3.76023E-6 3.79755E-6 4.45617E-6 4.53158E-6 2.15583E-6 2.16075E-6 3.76466E-6 5.16195E-6 2.11198E-6 4.22299E-6 7.30953E-6 4.78687E-6 1.14721E-5 5.30617E-6 6.36791E-6 4.48754E-5 7.54343E-5 1.02658E-4 3.30634E-5 2.55356E-5 1.00823E-5 1.86797E-5 5.51923E-5 3.28721E-5 6.18988E-5 6.44033E-5 6.58825E-5
3.69136E-6 5.77155E-6 1.16159E-5 4.83601E-6 3.45568E-6 4.26445E-6 4.07004E-6 3.88694E-6 3.79122E-6 7.12501E-6 4.57237E-6 5.48762E-6 6.99842E-6 1.45896E-5 1.71773E-5 2.34564E-5 8.81263E-6 5.2464E-6 6.32254E-6 5.13735E-6 3.70164E-6 2.98328E-6 4.54617E-6 3.15381E-6 2.84728E-6 5.75966E-6 3.93819E-6 6.79397E-6 6.68778E-6 4.3947E-6 5.31684E-6 3.67171E-6 4.10611E-6 7.0217E-6 6.13659E-6 4.47811E-6 3.71905E-6 4.25418E-6 2.12271E-6 2.13658E-6 5.03968E-6 4.09154E-6 4.30913E-6 2.7602E-5 5.57177E-6 2.15899E-6 2.15396E-6 6.07082E-6 3.75108E-5 3.98593E-6 5.06491E-6 6.18636E-6 5.85692E-6 2.18648E-5 5.24077E-6 1.85911E-5 8.99674E-5 2.08486E-4 5.54497E-5 2.78123E-5 3.61881E-5 5.2126E-5 5.7166E-5 3.9658E-5 6.95747E-5
8.3702E-6 7.45446E-6 5.01995E-6 8.72845E-6 4.88934E-6 4.47999E-6 5.15633E-6 3.6521E-6 2.35239E-6 4.49905E-6 1.76606E-5 2.72962E-5 1.08302E-5 8.00763E-6 1.08938E-5 3.2898E-5 8.9371E-6 6.39849E-6 4.40647E-6 2.94164E-6 4.71557E-6 5.66744E-6 5.0408E-6 3.47106E-6 4.93322E-6 5.13353E-6 5.12931E-6 1.22085E-5 8.88029E-6 5.92936E-6 4.70178E-6 6.23899E-6 3.92633E-6 3.28082E-6 5.29129E-6 4.85088E-6 4.74587E-6 7.51011E-6 3.88369E-6 4.2941E-6 4.29781E-6 3.8199E-6 4.26462E-6 4.39009E-6 4.07544E-6 2.18844E-6 2.19308E-6 3.86819E-6 3.84747E-6 2.23284E-6 7.39156E-6 7.53005E-6 4.00206E-6 4.04335E-6 6.34537E-6 6.74972E-6 2.67665E-5 4.06805E-5 1.66134E-4 1.04615E-4 5.28669E-5 3.63732E-5 3.41507E-5 4.84228E-5 4.54436E-5
1.43764E-5 1.40588E-5 1.11744E-5 5.39285E-6 3.85678E-6 3.98151E-6 5.28547E-6 5.9556E-6 1.17257E-5 4.37077E-5 1.95011E-5 8.60146E-6 1.0154E-5 1.0184E-5 2.1593E-5 2.47379E-5 8.2603E-6 3.16532E-6 4.40696E-6 9.53735E-6 3.82503E-6 5.94744E-6 7.30413E-6 5.4092E-6 4.50067E-6 5.18162E-6 5.43357E-6 1.91089E-5 5.98124E-6 3.93535E-6 5.01414E-6 2.16128E-6 2.10948E-6 3.74366E-6 4.14248E-6 3.58132E-6 4.01144E-6 4.02907E-6 5.1608E-6 4.04372E-6 3.89449E-6 4.03691E-6 3.86849E-6 3.88586E-6 3.90465E-6 2.21996E-6 3.94063E-6 4.01256E-6 4.90075E-6 5.06847E-6 3.91949E-6 3.95552E-6 7.05149E-6 2.69488E-5 1.02334E-5 1.40958E-5 4.24696E-6 2.35991E-5 5.18898E-5 6.3516E-5 2.19651E-4 1.08155E-4 5.89259E-5 6.20163E-5 5.75062E-5
5.26285E-6 3.21518E-6 5.91209E-6 3.79695E-6 6.26467E-6 7.31326E-6 9.01205E-6 2.04672E-5 1.93236E-5 1.04926E-5 7.94507E-6 1.07882E-5 1.37791E-5 2.80163E-5 1.65316E-5 1.03541E-5 6.02488E-6 3.44623E-6 3.62427E-6 4.49222E-6 6.81353E-6 5.78468E-6 4.78955E-6 4.36488E-6 3.85861E-6 9.84985E-6 9.56205E-6 7.94229E-6 5.383E-6 5.37848E-6 5.51245E-6 3.70798E-6 4.01095E-6 3.75455E-6 4.66347E-6 4.47327E-6 4.15958E-6 9.35073E-6 4.82657E-6 4.67298E-6 2.21967E-6 3.90122E-6 4.19235E-6 3.93314E-6 3.93993E-6 3.93997E-6 3.9493E-6 2.23017E-6 3.91127E-6 3.95108E-6 3.99E-6 2.27139E-6 4.03827E-6 1.4424E-5 2.5153E-5 6.30977E-6 2.58116E-6 3.15661E-6 1.24963E-5 4.60073E-5 6.23555E-5 3.6452E-4 9.64489E-5 9.70078E-5 6.83206E-5
1.4128E-5 1.15389E-5 2.14778E-5 1.16347E-5 1.54017E-5 1.99388E-5 1.31894E-5 1.37755E-5 1.38135E-5 1.31753E-5 8.84294E-6 2.04054E-5 2.79039E-5 1.83694E-5 1.28386E-5 1.23496E-5 7.6224E-6 1.35238E-5 5.40175E-6 8.05176E-6 7.8323E-6 4.0249E-6 4.72752E-6 4.4084E-6 8.11637E-6 4.50416E-6 5.34474E-6 5.81541E-6 4.0472E-6 4.65778E-6 4.54525E-6 4.40037E-6 5.30353E-6 2.1429E-6 3.78803E-6 3.79869E-6 2.31874E-6 5.23167E-6 2.64179E-6 4.15867E-6 4.12043E-6 2.2175E-6 3.92334E-6 5.29354E-6 3.88689E-6 4.38467E-6 3.93207E-6 3.91984E-6 8.66063E-6 5.13102E-6 4.02137E-6 4.08241E-6 5.28278E-6 5.96705E-6 3.74125E-6 6.11534E-6 1.1887E-5 5.07176E-6 4.99521E-6 1.35628E-5 2.20872E-5 4.42219E-5 1.23878E-4 1.15159E-4 1.11805E-4
7.68217E-6 1.28719E-5 2.29988E-5 2.24159E-5 2.25008E-5 7.88128E-6 1.44649E-5 2.14775E-5 1.97325E-5 2.48048E-5 1.36178E-5 6.39856E-6 7.43707E-6 8.3182E-6 1.15963E-5 1.67189E-5 2.20777E-5 1.43357E-5 1.60875E-5 1.21707E-5 1.30645E-5 6.92627E-6 4.60892E-6 3.65833E-6 7.26207E-6 9.43281E-6 5.71199E-6 6.09558E-6 4.28034E-6 4.73929E-6 4.93426E-6 3.81487E-6 3.81405E-6 3.7859E-6 3.96402E-6 3.96299E-6 3.78204E-6 3.97071E-6 2.17676E-6 2.19441E-6 3.91884E-6 3.93705E-6 2.21601E-6 3.89654E-6 3.89415E-6 3.89095E-6 3.91948E-6 3.93885E-6 3.95245E-6 4.16266E-6 4.03068E-6 2.31294E-6 4.70862E-6 4.15028E-6 4.26201E-6 4.45569E-6 1.15386E-5 4.18991E-6 2.37641E-6 6.40952E-6 1.05181E-5 7.12632E-6 1.06489E-5 1.16258E-4 1.74764E-4
1.40306E-5 1.37696E-5 1.54706E-5 2.46618E-5 1.94029E-5 1.37409E-5 1.61447E-5 1.51225E-5 1.34997E-5 1.54358E-5 4.40017E-6 4.91297E-6 5.04239E-6 5.70214E-6 5.87191E-6 4.27531E-6 2.01753E-5 1.13262E-5 1.89844E-5 1.89666E-5 2.00707E-5 1.06156E-5 3.94293E-6 3.46409E-6 4.48937E-6 1.06187E-5 7.75239E-6 4.43866E-6 2.35706E-6 4.46332E-6 5.51719E-6 2.63564E-6 3.8625E-6 4.23642E-6 2.34868E-6 3.89875E-6 4.38365E-6 3.90889E-6 2.19315E-6 2.19488E-6 3.90064E-6 4.50795E-6 2.62875E-6 6.04414E-6 3.8856E-6 3.91738E-6 3.98289E-6 4.01414E-6 2.27249E-6 4.10334E-6 4.07157E-6 2.37989E-6 5.10822E-6 4.38751E-6 4.49178E-6 4.1801E-6 2.44271E-6 6.12652E-6 4.48055E-6 4.55066E-6 9.12984E-6 3.30981E-6 9.21517E-6 4.94589E-5 1.03746E-4
1.37633E-5 7.27895E-6 6.64312E-6 8.73788E-6 1.46101E-5 3.66133E-6 5.66132E-6 1.27475E-5 1.15605E-5 1.09522E-5 9.46321E-6 6.37059E-6 7.04869E-6 6.43659E-6 8.2113E-6 1.91228E-5 1.80988E-5 1.32236E-5 2.4659E-5 2.87658E-5 8.02674E-6 1.08752E-5 1.0975E-5 4.99961E-6 1.20275E-5 4.25321E-6 6.1254E-6 4.49836E-6 2.82109E-6 3.89503E-6 5.94716E-6 2.57617E-6 2.50317E-6 3.9201E-6 3.97854E-6 3.87806E-6 3.87865E-6 4.02968E-6 5.1091E-6 3.96723E-6 2.21268E-6 3.89247E-6 2.39154E-6 3.90472E-6 2.22819E-6 4.17884E-6 4.03455E-6 4.08583E-6 4.07825E-6 4.45217E-6 8.19298E-6 3.04798E-6 4.11821E-6 4.71406E-6 4.84391E-6 4.50858E-6 4.56908E-6 2.30304E-5 1.31083E-5 5.85594E-6 5.21265E-6 7.68174E-6 1.59081E-5 3.19654E-5 6.77673E-5
3.38315E-5 3.4233E-5 2.46221E-5 9.89147E-6 3.42168E-6 5.16842E-6 7.17416E-6 1.35313E-5 1.10608E-5 2.24764E-5 9.94007E-6 6.14986E-6 6.51732E-6 1.30749E-5 1.0573E-5 1.89232E-5 7.59019E-6 1.13204E-5 5.60902E-6 5.20737E-6 8.14044E-6 6.09067E-6 4.75414E-6 4.11452E-6 5.77516E-6 5.9358E-6 4.77298E-6 3.58934E-6 3.2854E-6 3.3052E-6 3.08638E-6 3.91488E-6 4.23024E-6 3.97534E-6 4.13806E-6 4.02845E-6 4.29548E-6 2.38157E-6 2.38627E-6 3.90858E-6 4.02046E-6 4.11184E-6 4.06467E-6 3.98911E-6 4.41488E-6 2.29076E-6 2.31245E-6 4.11887E-6 4.108E-6 4.09042E-6 4.50618E-6 4.028E-6 1.11596E-5 4.62373E-6 4.20559E-6 4.86301E-6 2.71988E-6 2.60566E-5 1.38927E-5 2.89397E-5 1.1123E-5 1.16714E-5 3.02359E-5 7.49996E-5 4.57761E-5
3.44638E-5 3.08673E-5 2.24099E-5 1.37198E-5 1.20957E-5 6.36524E-6 5.68331E-6 6.48524E-6 1.58153E-5 4.85067E-5 1.46722E-5 5.21647E-6 4.49053E-6 2.06305E-5 4.81829E-5 2.41676E-5 1.12772E-5 6.79177E-6 4.32723E-6 7.12152E-6 1.79884E-5 5.52252E-6 4.45016E-6 4.63384E-6 5.23595E-6 3.55392E-6 3.32504E-6 3.73033E-6 8.47811E-6 3.45467E-6 4.15961E-6 4.00813E-6 4.65334E-6 5.2686E-6 2.76916E-6 4.69818E-6 5.00227E-6 2.40745E-6 2.02949E-6 2.41859E-6 3.96092E-6 4.00424E-6 4.12947E-6 5.02108E-6 4.08647E-6 4.09887E-6 4.1214E-6 4.14087E-6 4.12896E-6 4.30374E-6 2.40509E-6 5.07627E-6 9.77683E-6 4.44736E-6 4.43279E-6 4.50304E-6 5.08447E-6 1.31722E-5 1.09993E-5 1.3395E-5 2.21241E-5 2.64116E-5 1.85716E-5 4.45722E-5 4.74179E-5
5.07341E-5 2.68671E-5 1.83224E-5 4.27528E-5 7.23786E-6 5.43768E-6 7.1042E-6 1.49618E-5 2.96104E-5 4.10295E-5 1.85658E-5 2.4668E-5 2.27595E-5 2.4491E-5 2.02559E-5 2.09294E-5 9.17944E-6 6.46512E-6 1.23482E-5 8.23822E-6 1.85662E-5 9.05068E-6 6.16372E-6 3.84575E-6 6.84067E-6 2.63806E-6 2.42184E-6 5.22617E-6 6.61426E-6 1.42728E-5 4.73624E-6 4.09551E-6 2.29948E-6 2.30958E-6 2.31374E-6 2.57555E-6 4.59461E-6 3.96015E-6 2.42782E-6 2.05516E-6 2.44504E-6 4.10722E-6 2.45279E-6 2.33729E-6 2.34042E-6 3.48605E-6 4.12294E-6 4.14237E-6 4.35801E-6 3.02905E-6 2.90432E-6 5.82159E-6 5.61258E-6 5.6199E-6 4.57889E-6 4.33409E-6 4.47894E-6 6.53069E-6 1.44497E-5 3.42809E-6 3.67845E-5 2.46582E-5 3.38806E-5 4.94753E-5 5.44271E-5
5.28399E-5 5.26422E-5 3.71931E-5 3.37744E-5 1.69916E-5 8.66706E-6 9.62121E-6 1.959E-5 8.23083E-6 1.76395E-5 1.41496E-5 2.17221E-5 2.82034E-5 2.30877E-5 1.95279E-5 2.7845E-5 1.51945E-5 3.19348E-5 2.91449E-5 1.33031E-5 7.27324E-6 1.32977E-5 1.15036E-5 1.7075E-5 4.3565E-5 2.83857E-5 3.77535E-5 1.76352E-5 7.96521E-6 5.23248E-6 2.77808E-6 2.23486E-6 3.14825E-6 3.41184E-6 4.23923E-6 7.74067E-6 7.29201E-6 1.14343E-5 6.43811E-6 2.83938E-6 2.92316E-6 4.04368E-6 5.37179E-6 2.54854E-6 1.92493E-6 2.10456E-6 2.57264E-6 4.13903E-6 4.37385E-6 7.28558E-6 5.33352E-6 4.24199E-6 8.81955E-6 4.69199E-6 5.60448E-6 2.71194E-6 4.42844E-6 6.11813E-6 9.71758E-6 1.43205E-5 8.69118E-6 7.79268E-6 3.43466E-5 3.66963E-5 5.69104E-5
