catData/rasterBestHybridModels/Prubiginosus/RD_BM01_RM1.5_L/Prubiginosus_min.asc
ncols         409
nrows         350
xllcorner     60.897278365
yllcorner     5.843756025
cellsize      0.0892857
NODATA_value  -9999
[rows 116 to 144 of 350, columns 130 to 194 of 409]
4.58706E-5 3.07915E-5 2.28754E-5 3.226E-5 3.11641E-5 2.01819E-5 2.13848E-5 3.04272E-5 3.45628E-5 3.41992E-5 1.96996E-5 2.99368E-5 2.63714E-5 2.92788E-5 2.86992E-5 6.56661E-6 2.66268E-5 3.33357E-5 3.25818E-5 3.44396E-5 3.48168E-5 3.63746E-5 3.24944E-5 3.45017E-5 3.07653E-5 3.6587E-5 3.88303E-5 2.01368E-5 1.58274E-5 2.38695E-5 1.1702E-5 5.774E-6 7.98694E-6 1.60909E-5 2.0444E-5 2.59499E-5 9.51822E-6 8.75542E-6 2.50539E-5 3.12864E-5 2.65857E-5 1.43735E-5 2.1776E-5 2.96831E-5 1.69951E-5 2.37507E-5 2.33021E-5 1.25368E-5 6.71499E-6 5.52558E-6 2.98604E-6 1.09219E-5 1.51066E-5 2.46379E-5 1.71551E-5 8.00711E-6 9.48497E-6 5.82092E-6 4.36714E-6 1.34624E-5 1.40299E-5 8.71885E-6 1.1499E-5 4.79277E-5 5.62002E-5
2.44135E-5 3.04599E-5 2.87576E-5 2.59329E-5 1.79876E-5 1.20175E-5 3.10549E-5 1.96356E-5 3.46734E-5 2.03939E-5 3.22316E-5 3.34773E-5 3.26299E-5 2.96987E-5 2.86971E-5 8.86245E-6 2.38708E-5 2.43007E-5 3.37411E-5 2.81758E-5 2.58725E-5 4.02082E-5 2.44667E-5 3.03846E-5 2.01476E-5 3.64697E-5 3.09542E-5 3.23764E-5 3.15443E-5 8.51213E-6 5.03419E-6 8.93507E-6 1.22983E-5 3.20403E-5 2.80595E-5 2.23183E-5 2.20799E-5 1.72353E-5 2.50456E-5 3.23036E-5 1.09893E-5 8.83672E-6 1.39335E-5 2.83601E-5 8.75726E-6 3.10818E-5 3.31167E-5 3.31384E-5 1.3738E-5 2.89203E-6 8.6822E-6 2.19042E-5 1.28263E-5 3.27885E-6 1.81361E-5 9.51614E-6 9.46073E-6 5.88656E-6 1.65706E-5 3.08277E-5 2.0565E-5 2.33315E-5 3.29015E-5 3.26223E-5 2.08659E-5
3.82042E-5 2.54143E-5 3.3944E-5 3.16537E-5 1.20831E-5 2.14266E-5 2.92434E-5 3.54171E-5 3.56699E-5 3.34217E-5 3.38619E-5 2.24116E-5 3.37092E-5 3.03249E-5 1.21936E-5 1.66418E-5 1.93238E-5 2.65634E-5 3.27768E-5 2.15737E-5 2.8577E-5 1.94016E-5 2.48059E-5 3.32193E-5 3.45532E-5 3.09759E-5 2.0468E-5 2.03294E-5 2.41186E-5 5.05856E-6 9.09866E-6 1.08702E-5 9.49132E-6 7.87761E-6 1.11735E-5 2.10941E-5 2.09573E-5 1.70788E-5 3.36478E-5 1.54709E-5 2.68898E-5 1.27079E-5 5.7546E-6 9.22272E-6 1.54973E-5 1.62341E-5 1.32518E-5 2.63727E-5 3.40189E-5 1.7977E-5 1.91889E-5 2.88559E-5 2.44242E-5 2.60291E-5 2.49683E-5 2.45541E-5 2.79573E-5 4.6092E-5 2.73813E-5 2.43503E-5 5.30011E-5 4.33849E-5 4.22851E-5 1.90521E-5 7.57715E-6
3.91788E-5 3.83844E-5 3.78751E-5 2.70458E-5 2.64172E-5 2.4706E-5 3.45464E-5 2.22783E-5 3.47031E-5 3.47765E-5 2.27883E-5 3.51202E-5 2.98428E-5 3.71632E-5 1.69606E-5 3.19178E-5 2.15073E-5 3.47541E-5 3.65724E-5 2.65696E-5 3.51814E-5 2.9019E-5 3.36925E-5 3.036E-5 1.75817E-5 1.87469E-5 1.37936E-5 2.11021E-5 3.40982E-5 3.31279E-5 3.16754E-5 1.98797E-5 2.39216E-5 2.2265E-5 1.00936E-5 1.20501E-5 1.85535E-5 1.8476E-5 4.39616E-5 4.06773E-5 3.17927E-5 2.08707E-5 1.93094E-5 1.66167E-5 1.60305E-5 1.00222E-5 3.65155E-5 3.35286E-5 2.98336E-5 3.47037E-5 3.93438E-5 3.28618E-5 3.52805E-5 2.40145E-5 3.38845E-5 2.49395E-5 4.59663E-5 2.14859E-5 2.58133E-5 5.98723E-5 7.65913E-5 4.32737E-5 6.60358E-5 2.31034E-5 4.91233E-6
4.02224E-5 3.98308E-5 3.95574E-5 3.9111E-5 3.66595E-5 2.29488E-5 2.11136E-5 1.50344E-5 2.29054E-5 3.79101E-5 2.35643E-5 3.59445E-5 3.9263E-5 2.09024E-5 2.131E-5 2.12393E-5 3.37396E-5 3.86889E-5 4.15212E-5 3.81663E-5 2.61133E-5 2.78486E-5 3.32842E-5 2.5374E-5 3.14295E-5 2.0287E-5 9.09706E-6 2.15256E-5 3.63261E-5 1.72026E-5 3.19284E-5 2.69991E-5 2.8141E-5 2.31926E-5 1.2083E-5 1.2632E-5 1.9471E-5 2.525E-5 4.69343E-5 3.65283E-5 2.11955E-5 1.85988E-5 2.35053E-5 5.28009E-6 3.01017E-5 2.92505E-5 1.52369E-5 1.91271E-5 2.00274E-5 5.516E-5 2.7983E-5 5.60553E-5 6.209E-5 3.98103E-5 2.09731E-5 2.34416E-5 3.06001E-5 3.45445E-5 4.1373E-5 4.58598E-5 4.87669E-5 3.1366E-5 2.94253E-5 2.20109E-5 1.86276E-5
4.19667E-5 4.18452E-5 4.07056E-5 4.04786E-5 3.89798E-5 3.78482E-5 3.49935E-5 2.33178E-5 3.91768E-5 3.95733E-5 3.86604E-5 3.70845E-5 4.03815E-5 1.87273E-5 1.04294E-5 2.77651E-5 3.71832E-5 4.40897E-5 3.91361E-5 3.51998E-5 3.35813E-5 3.65485E-5 3.82313E-5 2.99285E-5 5.3218E-5 3.11402E-5 9.33188E-6 2.18288E-5 3.86052E-5 1.89332E-5 1.2067E-5 1.17329E-5 3.19302E-5 8.61147E-6 8.22061E-6 2.95817E-6 9.5661E-6 2.78117E-5 2.08929E-5 2.34062E-5 1.88891E-5 2.15444E-5 1.43742E-5 6.16903E-6 2.64627E-5 3.75411E-5 9.37993E-6 4.38207E-5 4.54297E-5 3.25972E-5 1.97113E-5 3.76266E-5 2.94364E-5 3.99182E-5 7.43189E-5 5.30206E-5 6.01548E-5 7.94435E-5 2.62283E-5 3.07796E-5 3.88467E-5 3.68054E-5 3.6985E-5 1.9182E-5 4.40482E-5
4.30546E-5 4.25433E-5 4.19005E-5 4.13921E-5 3.91309E-5 2.35181E-5 3.888E-5 4.04758E-5 4.15199E-5 4.15867E-5 2.43508E-5 3.89605E-5 3.36971E-5 7.02337E-6 1.86573E-5 4.03475E-5 3.97518E-5 2.93252E-5 3.72078E-5 2.35699E-5 3.77411E-5 3.48008E-5 5.55888E-5 3.23594E-5 3.22646E-5 2.01171E-5 1.50859E-5 2.07422E-5 4.271E-5 2.13047E-5 3.40372E-5 2.95471E-5 1.54561E-5 6.42382E-6 1.10722E-5 8.12471E-6 2.39263E-5 3.81218E-5 2.23743E-5 1.25045E-5 1.32948E-5 2.30479E-5 8.7197E-6 1.28476E-5 1.00089E-5 4.85758E-5 4.61897E-5 3.02364E-5 2.9894E-5 2.70871E-5 3.15327E-5 7.05827E-5 4.49106E-5 4.68642E-5 3.20298E-5 2.21094E-5 2.59811E-5 4.63978E-5 2.33519E-5 2.294E-5 4.67973E-5 3.78806E-5 3.64301E-5 3.0654E-5 3.5397E-5
4.29725E-5 4.26549E-5 4.28239E-5 4.11301E-5 4.03454E-5 3.94793E-5 4.07551E-5 2.48618E-5 4.26461E-5 4.35562E-5 1.65646E-5 2.32259E-5 4.31562E-5 2.86681E-5 4.1931E-5 4.63393E-5 2.99792E-5 2.98976E-5 3.7087E-5 3.79859E-5 3.63183E-5 5.61773E-5 3.23735E-5 3.35969E-5 3.34914E-5 3.45098E-5 2.06291E-5 1.77949E-5 3.96172E-5 2.81426E-5 2.60177E-5 2.82863E-5 2.95044E-5 2.63933E-5 6.01228E-6 1.49454E-5 3.23188E-5 2.24014E-5 2.95778E-5 2.05105E-5 1.18906E-5 3.05716E-6 2.31806E-6 3.642E-5 2.92313E-5 7.89793E-5 4.73539E-5 4.02455E-5 4.17423E-5 3.02337E-5 5.73836E-5 8.68529E-5 2.8742E-5 5.39183E-5 3.38678E-5 2.06986E-5 2.32305E-5 5.2747E-5 4.62424E-5 5.41689E-5 4.19608E-5 6.89794E-5 5.63306E-5 3.82727E-5 3.1989E-5
4.30785E-5 3.1432E-5 3.12959E-5 4.14077E-5 4.00134E-5 2.46038E-5 4.03774E-5 4.13028E-5 3.19236E-5 3.56688E-5 2.43847E-5 2.49886E-5 4.41432E-5 4.62596E-5 4.26827E-5 4.37825E-5 3.18919E-5 2.93385E-5 4.36146E-5 3.89894E-5 3.39478E-5 3.46313E-5 3.45585E-5 3.4017E-5 3.38069E-5 3.55074E-5 2.19699E-5 1.98144E-5 2.38949E-5 4.16292E-5 3.55917E-5 3.40822E-5 1.53497E-5 2.95711E-5 2.66191E-5 1.1392E-5 3.32477E-5 3.31448E-5 3.08563E-5 1.48879E-5 3.01422E-6 2.97463E-6 1.10845E-5 8.31386E-5 3.98603E-5 6.13447E-5 2.87484E-5 1.7467E-5 1.60405E-5 5.83638E-5 1.38831E-4 5.8612E-5 6.12217E-5 5.47482E-5 5.09021E-5 6.59167E-5 6.97347E-5 6.65923E-5 2.54446E-5 5.47909E-5 5.64084E-5 4.81912E-5 5.28232E-5 2.93484E-5 2.33255E-5
4.26877E-5 3.10163E-5 2.54809E-5 3.99751E-5 2.33611E-5 2.50046E-5 4.08439E-5 4.0959E-5 3.60727E-5 2.82086E-5 2.5125E-5 4.38692E-5 4.34131E-5 4.30972E-5 3.56773E-5 2.50967E-5 5.10855E-5 1.07177E-4 4.10415E-5 2.38866E-5 3.48166E-5 3.49731E-5 3.37959E-5 3.34016E-5 2.19954E-5 3.41996E-5 3.45593E-5 2.3813E-5 2.32528E-5 3.75332E-5 3.11634E-5 3.86962E-5 3.03783E-5 2.53491E-5 2.94282E-5 2.52781E-5 1.38059E-5 3.02631E-5 1.01543E-5 9.6809E-6 2.78153E-5 2.91994E-6 3.74034E-5 6.45924E-5 2.00993E-5 2.26765E-5 2.80613E-5 4.42323E-5 2.2413E-5 5.32119E-5 8.21412E-5 5.29152E-5 9.3838E-5 4.55028E-5 4.8667E-5 6.25585E-5 4.89211E-5 6.06178E-5 4.3995E-5 5.93357E-5 5.37991E-5 2.24576E-5 2.12823E-5 1.82786E-5 9.28385E-6
3.52594E-5 2.7328E-5 3.19134E-5 4.29477E-5 4.37939E-5 4.32102E-5 4.02701E-5 2.12928E-5 3.13264E-5 3.99902E-5 4.08628E-5 6.45206E-5 6.41605E-5 4.5933E-5 4.92893E-5 3.64108E-5 1.17218E-4 4.24997E-5 2.30869E-5 5.13888E-5 3.68238E-5 3.58006E-5 3.53847E-5 3.61827E-5 2.24494E-5 1.93551E-5 3.83547E-5 1.74945E-5 4.47961E-5 3.19886E-5 3.93544E-5 2.55579E-5 2.2009E-5 2.86715E-5 3.41357E-5 1.84732E-5 1.80237E-5 2.71004E-5 1.23322E-5 2.5505E-6 3.75684E-5 1.3681E-5 4.75379E-5 4.34974E-5 2.27519E-5 1.50902E-5 1.33976E-5 1.42338E-5 4.23339E-5 7.67547E-5 9.64491E-5 1.20406E-4 5.9456E-5 3.43334E-5 1.11042E-4 4.57737E-5 4.04657E-5 7.92035E-5 4.97185E-5 1.07364E-4 9.5422E-5 2.33828E-5 2.28606E-5 2.01383E-5 2.35346E-5
6.76077E-5 4.51574E-5 6.97315E-5 7.00922E-5 5.90825E-5 7.25693E-5 7.27701E-5 5.02182E-5 1.4213E-5 2.52991E-5 3.49428E-5 4.43037E-5 6.65486E-5 4.63142E-5 4.85959E-5 1.04917E-4 5.6956E-5 3.51768E-5 3.81297E-5 3.79466E-5 3.58269E-5 2.28102E-5 3.57259E-5 3.53176E-5 3.58266E-5 3.74144E-5 4.84211E-5 3.69851E-5 3.31176E-5 3.4527E-5 4.31863E-5 4.00116E-5 5.06241E-5 4.16793E-5 2.01287E-5 6.95859E-6 2.96572E-5 2.95949E-5 2.35872E-5 4.32723E-6 1.68347E-5 3.56604E-5 1.72481E-5 1.94115E-5 2.10663E-5 3.97657E-6 9.66319E-6 2.76536E-5 1.1614E-4 1.39386E-4 8.28342E-5 4.59896E-5 7.65347E-5 6.06957E-5 5.63271E-5 4.55237E-5 4.04028E-5 3.61285E-5 5.73606E-5 4.47985E-5 4.16118E-5 1.21302E-5 2.55424E-5 2.83119E-5 3.77624E-5
7.00256E-5 6.94335E-5 7.10751E-5 5.05865E-5 7.61074E-5 5.14969E-5 5.12565E-5 6.81102E-5 3.78566E-5 5.27982E-5 4.76768E-5 4.35438E-5 6.50179E-5 3.61402E-5 3.67235E-5 4.96111E-5 3.20327E-5 3.48932E-5 2.22895E-5 3.81982E-5 2.3065E-5 2.16941E-5 2.30733E-5 3.53523E-5 2.35211E-5 4.03592E-5 3.32206E-5 3.01467E-5 6.00338E-5 6.7207E-5 4.54448E-5 3.52592E-5 4.02798E-5 2.38628E-5 1.10199E-5 9.02517E-6 2.41239E-5 3.69318E-5 2.43695E-5 5.33983E-5 6.61074E-5 5.19027E-5 3.79545E-5 1.45174E-6 2.2785E-5 2.53415E-6 4.80257E-6 1.9163E-5 1.25845E-4 1.44406E-4 7.87136E-5 6.91537E-5 7.55971E-5 4.92679E-5 4.88474E-5 4.24922E-5 3.68138E-5 3.2568E-5 7.81055E-5 4.05641E-5 3.90887E-5 1.87654E-5 1.41399E-5 4.42606E-5 2.79163E-5
8.08176E-5 4.58374E-5 4.51581E-5 5.13082E-5 7.8285E-5 5.19451E-5 3.28552E-5 4.86323E-5 5.22783E-5 6.99439E-5 4.62774E-5 4.7905E-5 7.27793E-5 3.65657E-5 4.95316E-5 2.84061E-5 2.82338E-5 3.00062E-5 3.69259E-5 3.83609E-5 3.85224E-5 3.84281E-5 3.66951E-5 3.62046E-5 3.48214E-5 3.69663E-5 3.59191E-5 6.11086E-5 4.51671E-5 6.3057E-5 4.29396E-5 7.24394E-5 3.50256E-5 4.31522E-6 3.35386E-6 2.97004E-5 9.65013E-5 7.7129E-5 4.21136E-5 4.3058E-5 2.48162E-5 1.74853E-5 3.02332E-5 8.47642E-6 8.03603E-6 5.12764E-6 1.30441E-6 6.55877E-6 7.90219E-5 9.37005E-5 9.28128E-5 8.33486E-5 6.81446E-5 5.47078E-5 4.74124E-5 3.51822E-5 2.04855E-5 3.85263E-5 5.43246E-5 3.79366E-5 1.04162E-5 2.00101E-5 3.07934E-5 2.36461E-5 2.01068E-5
7.6944E-5 6.92734E-5 4.92558E-5 5.01194E-5 7.49628E-5 7.36913E-5 3.69159E-5 7.19592E-5 7.36377E-5 7.32974E-5 7.29479E-5 4.85842E-5 6.56279E-5 4.49616E-5 7.16732E-5 3.40103E-5 3.44266E-5 3.52534E-5 3.67994E-5 3.86353E-5 2.43102E-5 2.16839E-5 2.03026E-5 3.57432E-5 3.24292E-5 9.13948E-6 4.1203E-5 4.84604E-5 4.78111E-5 4.7266E-5 4.01462E-5 6.57847E-5 3.77079E-5 5.60137E-5 6.36149E-5 2.82679E-5 5.6899E-6 4.60552E-6 1.1885E-5 1.66912E-6 8.17156E-6 1.13522E-5 2.27142E-5 3.57162E-6 8.23324E-7 9.2312E-6 5.66747E-6 6.24027E-5 1.21886E-4 9.95637E-5 7.2807E-5 2.14381E-5 2.80762E-5 3.73966E-5 3.22124E-5 4.02884E-5 3.68522E-5 3.1838E-5 4.41862E-5 2.54207E-5 2.80495E-5 4.43277E-5 3.50238E-5 2.81812E-5 2.96348E-5
9.61231E-5 7.11523E-5 7.13599E-5 6.69149E-5 6.10813E-5 6.00302E-5 3.86173E-5 7.03783E-5 7.30022E-5 7.35371E-5 7.53582E-5 7.59892E-5 8.7442E-5 7.00146E-5 4.00033E-5 2.20981E-5 2.31858E-5 3.61398E-5 3.77083E-5 4.20396E-5 4.70343E-5 4.4917E-5 4.33337E-5 3.90262E-5 2.14509E-5 1.14499E-5 3.53369E-5 2.36726E-5 2.77887E-5 3.93526E-5 4.0512E-5 7.26507E-5 1.00184E-4 3.15722E-5 7.33072E-6 2.20957E-6 8.91673E-6 1.13668E-6 2.19308E-6 6.03902E-6 1.68299E-5 4.87559E-6 1.11843E-5 1.92302E-6 1.86627E-6 1.88118E-5 5.22356E-5 8.16718E-5 1.19931E-4 5.32415E-5 1.00225E-4 5.29222E-5 3.05356E-5 7.19779E-5 4.78946E-5 4.54945E-5 3.9586E-5 3.31416E-5 6.24974E-5 5.07933E-5 2.53794E-5 2.44808E-5 2.82089E-5 1.50469E-5 1.43991E-5
6.38739E-5 7.89629E-5 4.98339E-5 4.51924E-5 3.79161E-5 6.02168E-5 6.42508E-5 7.34452E-5 7.31868E-5 7.49458E-5 6.3376E-5 5.73982E-5 1.91084E-4 3.63447E-5 3.52496E-5 2.35476E-5 2.47584E-5 3.73572E-5 3.38339E-5 4.19306E-5 2.51161E-5 3.98571E-5 4.31861E-5 3.91539E-5 1.42778E-5 2.10325E-5 5.02523E-5 3.84994E-5 3.00311E-5 5.02682E-5 7.84504E-5 8.83632E-5 7.03148E-5 4.24762E-5 2.28192E-5 8.5951E-6 3.15397E-6 2.49665E-6 2.61771E-6 1.64308E-6 1.42078E-6 1.31599E-5 8.4134E-6 1.90541E-6 1.54854E-6 2.41686E-5 2.5944E-5 7.61999E-5 8.62076E-5 3.01491E-5 7.24266E-5 6.32697E-5 5.65487E-5 4.711E-5 6.97356E-5 4.97112E-5 3.75744E-5 3.735E-5 6.7853E-5 6.28253E-5 3.17412E-5 3.70857E-5 3.25995E-5 3.75114E-5 5.09957E-5
2.92161E-5 5.33486E-5 7.67959E-5 4.74093E-5 4.41396E-5 6.99472E-5 7.11825E-5 5.95343E-5 7.88438E-5 3.40929E-5 5.33007E-5 1.71356E-4 5.02722E-5 4.4156E-5 3.64886E-5 3.65647E-5 3.38886E-5 3.87922E-5 4.81259E-5 4.61895E-5 4.89016E-5 5.68069E-5 2.82808E-5 4.07933E-5 3.01262E-5 2.50136E-5 4.66904E-5 2.95367E-5 6.44413E-5 7.06452E-5 7.59885E-5 6.50916E-5 8.1781E-5 4.44728E-5 4.66996E-5 8.13928E-5 6.30474E-5 5.75867E-5 5.20536E-6 1.8371E-6 1.55683E-6 2.19328E-5 3.3917E-6 2.44349E-6 1.84744E-6 1.88057E-5 1.76156E-5 5.87209E-5 6.8038E-5 3.93761E-5 3.38978E-5 6.22874E-5 2.9583E-5 4.80623E-5 5.67001E-5 5.65336E-5 7.0575E-5 2.89054E-5 5.59361E-5 6.72665E-5 2.92391E-5 3.99313E-5 3.65078E-5 3.15558E-5 3.20708E-5
9.91135E-5 9.8863E-5 7.57395E-5 4.32442E-5 4.5926E-5 8.25285E-5 9.69187E-5 5.67998E-5 8.4344E-5 1.29767E-4 2.82137E-4 1.29748E-4 5.10917E-5 4.33378E-5 3.35693E-5 3.853E-5 4.37225E-5 4.27012E-5 4.75974E-5 4.85678E-5 3.99908E-5 2.44058E-5 2.96011E-5 3.27703E-5 2.23807E-5 3.77371E-5 4.04306E-5 4.36123E-5 6.53633E-5 4.42076E-5 4.60419E-5 8.75937E-5 9.61424E-5 8.81957E-5 9.44271E-5 1.03855E-4 7.99548E-5 6.89812E-5 5.9814E-6 1.26011E-6 1.56642E-6 7.47074E-6 4.7467E-6 2.92469E-6 4.57444E-6 5.24745E-6 2.1337E-5 5.35946E-5 6.61061E-5 1.56362E-5 6.49069E-5 6.13854E-5 3.04412E-5 4.96645E-5 2.56053E-5 2.62645E-5 5.78157E-5 5.25162E-5 4.32109E-5 3.85779E-5 2.69139E-5 4.26438E-5 3.78182E-5 3.50188E-5 3.33932E-5
1.0138E-4 6.29899E-5 4.18618E-5 4.518E-5 8.40185E-5 9.09901E-5 6.19227E-5 9.15918E-5 1.64354E-4 2.04117E-4 1.36395E-4 9.17319E-5 3.5531E-5 3.97626E-5 6.85475E-5 6.79209E-5 4.62514E-5 4.57576E-5 3.22934E-5 7.50445E-5 4.93816E-5 3.33764E-5 1.2819E-5 2.79952E-5 3.89148E-5 4.11324E-5 8.09246E-5 1.35878E-5 6.29703E-5 8.93755E-5 9.56093E-5 8.59143E-5 1.32198E-4 9.7802E-5 8.28831E-5 1.49202E-4 1.04006E-4 7.53016E-5 7.36968E-5 7.96777E-6 2.38766E-6 2.08662E-6 2.17953E-5 2.86624E-6 1.95783E-6 2.57783E-6 8.66662E-6 9.22281E-5 7.93914E-5 4.07533E-5 3.4923E-5 5.64063E-5 5.78252E-5 5.10066E-5 4.82747E-5 3.25326E-5 4.28664E-5 6.94299E-5 1.06391E-4 3.5273E-5 4.17808E-5 2.57675E-5 4.18454E-5 2.9078E-5 4.15462E-5
1.03354E-4 1.04023E-4 8.15657E-5 8.0308E-5 1.09165E-4 6.50264E-5 6.96244E-5 8.69561E-5 3.52577E-5 1.41882E-4 1.42267E-4 4.32906E-5 2.1557E-5 8.3207E-5 6.21952E-5 7.0743E-5 6.88454E-5 5.27718E-5 6.93676E-5 7.24255E-5 3.35087E-5 3.36166E-5 2.62697E-5 3.5568E-5 5.68036E-5 5.09676E-5 9.15882E-5 2.33048E-5 1.32418E-5 8.82718E-5 4.5655E-5 1.31287E-4 6.53528E-5 9.41031E-5 9.7248E-5 6.16368E-5 8.96409E-5 1.05596E-4 1.01716E-4 4.91475E-5 6.33812E-6 4.93998E-6 6.52936E-6 2.69355E-6 3.15431E-5 1.18995E-5 3.74384E-5 7.90317E-5 4.51822E-5 7.34861E-5 3.23873E-5 6.92305E-5 5.96892E-5 2.2146E-5 3.82021E-5 4.45931E-5 3.44213E-5 1.78551E-5 9.66766E-5 8.29636E-5 6.52628E-5 5.279E-5 4.99243E-5 2.28056E-5 3.24785E-5
8.3061E-5 6.43087E-5 3.77627E-5 6.37753E-5 1.17908E-4 1.12726E-4 4.78245E-5 4.68818E-5 4.67751E-5 9.92237E-5 1.17513E-4 1.52595E-4 4.62604E-5 1.06067E-4 7.36245E-5 7.1449E-5 6.85233E-5 5.25463E-5 4.12294E-5 6.86582E-5 4.75538E-5 3.9219E-5 3.82731E-5 3.84193E-5 4.29881E-5 6.92972E-5 6.75953E-5 7.11154E-5 8.23879E-5 4.04051E-5 7.02418E-5 3.75298E-5 1.45392E-4 7.40603E-5 3.35199E-5 4.64611E-5 6.88997E-5 5.71427E-5 8.75359E-5 1.18609E-4 6.32207E-5 2.43369E-5 3.31397E-6 3.80294E-5 2.91579E-5 2.46749E-5 2.20992E-5 4.20986E-5 4.20039E-5 2.99541E-5 4.39281E-5 6.00624E-5 5.58469E-5 3.69193E-5 6.19041E-5 5.24222E-5 4.4715E-5 4.88314E-5 4.53912E-5 1.21668E-4 5.69412E-5 1.92123E-5 1.76194E-5 3.45597E-5 3.41163E-5
8.33884E-5 6.3721E-5 4.05979E-5 8.49431E-5 9.36681E-5 1.16608E-4 4.03087E-5 6.83394E-5 7.97384E-5 2.27787E-4 1.15785E-4 2.95524E-5 9.8436E-5 1.62234E-4 4.83255E-5 6.66921E-5 7.2507E-5 6.66387E-5 3.709E-5 4.99641E-5 7.64901E-5 7.20771E-5 3.3029E-5 4.34456E-5 2.5066E-5 9.31642E-5 8.62836E-5 5.27363E-5 5.96768E-5 5.76913E-5 5.55754E-5 4.98778E-5 6.71902E-5 5.55097E-5 6.01222E-5 5.10301E-5 3.28457E-5 3.78473E-5 7.74764E-5 1.09377E-4 6.1249E-5 2.04284E-5 4.80648E-6 1.02113E-5 3.72808E-5 3.08728E-5 1.86147E-5 2.29038E-5 3.80728E-5 3.35847E-5 1.37042E-5 3.62551E-5 4.98106E-5 4.31326E-5 7.37371E-5 3.64572E-5 7.96948E-5 1.31444E-4 8.43994E-5 6.63851E-5 5.88585E-5 3.32652E-5 2.40734E-5 3.76319E-5 3.41513E-5
7.64264E-5 4.93275E-5 1.59535E-4 1.7101E-4 8.19711E-5 1.14273E-4 1.15143E-4 1.64752E-4 2.91549E-4 2.25997E-4 1.73372E-4 6.10726E-5 6.473E-5 9.63248E-5 7.24751E-5 4.84008E-5 9.01926E-5 6.60203E-5 6.89112E-5 5.92798E-5 6.93026E-5 8.17459E-5 3.35481E-5 6.05457E-5 3.72018E-5 5.2987E-5 7.75477E-5 1.73911E-5 7.35851E-5 4.76432E-5 5.74208E-5 1.06697E-4 5.13155E-5 9.71618E-5 5.68152E-5 9.50223E-5 4.15497E-5 4.56003E-5 1.90708E-5 5.4163E-5 7.87667E-5 4.22819E-5 3.4825E-6 4.1034E-6 1.55476E-5 3.64912E-5 2.9231E-5 3.58039E-5 3.14719E-5 3.87749E-5 3.16738E-5 4.11717E-5 4.77926E-5 4.63362E-5 6.78873E-5 3.43738E-5 7.02478E-5 1.2862E-4 9.94975E-5 4.63238E-5 1.13452E-4 3.06944E-5 5.21045E-5 1.96832E-5 1.74286E-5
7.15338E-5 1.0728E-4 3.5746E-4 1.11698E-4 1.12034E-4 1.11034E-4 5.42462E-5 1.08808E-4 5.1002E-4 2.31118E-4 2.29782E-4 6.73331E-5 6.22552E-5 7.8876E-5 5.76333E-5 8.18819E-5 8.50467E-5 3.53614E-5 4.65023E-5 4.0364E-5 4.65382E-5 7.93793E-5 4.3535E-5 5.86716E-5 6.2132E-5 6.08903E-5 8.19608E-5 8.46843E-5 8.97815E-5 1.14604E-4 5.69982E-5 1.27036E-4 1.01881E-4 7.65912E-5 3.08632E-5 6.633E-5 7.17395E-5 3.37575E-5 2.71109E-5 3.3935E-5 4.31466E-5 5.24187E-5 4.95989E-5 1.11688E-5 2.29185E-5 3.48851E-5 7.16682E-5 6.13605E-5 3.42397E-5 6.44349E-5 4.86086E-5 2.90463E-5 7.03848E-5 1.06712E-4 6.00828E-5 2.94465E-5 5.11306E-5 6.21704E-5 5.30169E-5 5.54512E-5 9.34894E-5 9.53643E-5 7.8466E-5 4.03361E-5 3.51055E-5
7.72625E-5 7.86714E-5 1.22793E-4 1.00457E-4 9.2113E-5 8.72547E-5 6.31482E-5 1.49379E-4 1.56438E-4 2.17509E-4 6.20812E-5 4.6254E-5 7.54973E-5 1.09191E-4 3.48204E-5 5.20778E-5 8.74198E-5 6.33567E-5 6.12968E-5 4.24338E-5 5.48281E-5 6.85399E-5 8.92991E-5 6.59166E-5 4.48899E-5 7.08784E-5 6.4332E-5 5.40562E-5 4.83776E-5 4.67257E-5 4.82152E-5 6.11493E-5 7.98828E-5 5.61806E-5 3.07604E-5 3.87734E-5 7.21255E-6 8.78043E-6 1.60286E-5 8.06724E-6 5.96638E-6 1.83209E-5 3.20992E-5 5.64795E-5 6.68988E-5 4.52398E-5 5.62196E-5 5.62219E-5 3.35698E-5 2.85256E-5 4.42682E-5 4.1048E-5 6.54854E-5 5.38086E-5 4.31205E-5 7.88081E-5 7.46056E-5 4.94423E-5 3.3258E-5 9.55368E-5 4.6864E-5 6.26194E-5 7.88861E-5 6.49706E-5 8.62344E-5
7.33487E-5 1.01196E-4 1.23876E-4 2.31832E-4 1.42072E-4 7.74407E-5 8.7882E-5 9.72414E-5 1.70805E-4 2.00608E-4 5.91152E-5 5.82084E-5 8.112E-5 1.15841E-4 2.98137E-5 2.0305E-5 5.04368E-5 4.61436E-5 3.66118E-5 2.54762E-5 4.18052E-5 6.02755E-5 1.34569E-4 1.18074E-4 7.02084E-5 6.37399E-5 4.6586E-5 4.71644E-5 3.13778E-5 5.04525E-5 2.11544E-5 4.08085E-5 4.83529E-5 3.80298E-5 5.35033E-5 3.21233E-5 1.26184E-5 2.24697E-5 2.28404E-6 4.3223E-6 1.66771E-5 5.6971E-6 1.54198E-5 2.62718E-5 2.66471E-5 5.20515E-5 4.06348E-5 3.81543E-5 3.60392E-5 1.70832E-5 2.58684E-5 3.27506E-5 2.20018E-5 5.88068E-5 4.80811E-5 4.82673E-5 3.5176E-5 2.93673E-5 2.97082E-5 5.72252E-5 3.98088E-5 6.24524E-5 1.11551E-4 4.84767E-5 4.82068E-5
9.15514E-5 8.83359E-5 6.84119E-5 1.77901E-4 1.07549E-4 7.01199E-5 9.28727E-5 2.36606E-4 3.51788E-4 1.86803E-4 1.0341E-4 1.85656E-5 2.26533E-5 2.89523E-5 3.23771E-5 4.19872E-5 3.45532E-5 6.94899E-5 4.13857E-5 1.30067E-5 7.52286E-5 2.28493E-4 2.4109E-4 1.22004E-4 8.65528E-5 6.86097E-5 4.69648E-5 3.18258E-5 7.28799E-5 2.7271E-5 3.98034E-5 2.51756E-5 1.10962E-5 1.25006E-5 2.2091E-5 1.24884E-5 1.52925E-5 2.47223E-5 5.64271E-6 1.54077E-5 1.36996E-5 1.76451E-5 6.25493E-5 4.02595E-5 8.20081E-5 6.93101E-5 2.78015E-5 2.01458E-5 5.69655E-5 2.36191E-5 5.00917E-5 4.00562E-5 4.70391E-5 6.73605E-5 8.09877E-5 4.96291E-5 3.78343E-5 2.51311E-5 2.16955E-5 4.60614E-5 8.92132E-5 7.55896E-5 4.13376E-5 4.3966E-5 6.52171E-5
8.10696E-5 1.65099E-4 5.96109E-5 1.03796E-4 1.22918E-4 6.98802E-5 9.54645E-5 5.23031E-4 5.8334E-4 1.09917E-4 4.56797E-5 4.18036E-5 3.95442E-5 9.45627E-5 9.83773E-5 5.54356E-5 3.74298E-5 4.39414E-5 3.04142E-5 1.32896E-4 1.13337E-4 3.46857E-4 3.52173E-4 2.08711E-4 1.23132E-4 6.35771E-5 3.41166E-5 3.04151E-5 4.65253E-5 1.81975E-5 2.37361E-5 1.76243E-5 2.2369E-5 8.23463E-6 8.06181E-6 2.47685E-5 1.87869E-5 2.60217E-5 2.84009E-5 2.82442E-5 5.84707E-5 4.17217E-5 5.55505E-5 2.28725E-5 6.74605E-5 4.64011E-5 4.30168E-5 9.53392E-5 6.7187E-5 6.87843E-5 6.62451E-5 2.60939E-5 4.67516E-5 3.14775E-5 4.5386E-5 9.98435E-5 5.16515E-5 4.06722E-5 3.27614E-5 4.28468E-5 6.46228E-5 7.03906E-5 3.22636E-5 9.23634E-5 1.2918E-4
