catData/rasterBestHybridModels/Prubiginosus/RD_BM01_RM1.5_L/Prubiginosus_stddev.asc
ncols         409
nrows         350
xllcorner     60.897278365
yllcorner     5.843756025
cellsize      0.0892857
NODATA_value  -9999
[rows 116 to 144 of 350, columns 260 to 324 of 409]
1.68947E-6 2.81356E-6 4.8644E-6 3.93254E-6 5.50426E-6 5.57154E-6 8.77346E-6 5.17286E-6 3.03623E-6 3.06117E-6 1.94872E-6 2.31065E-6 4.16529E-6 2.10565E-6 2.10422E-6 3.57746E-6 6.57584E-6 5.19529E-6 2.63272E-6 2.91665E-6 3.07538E-6 2.612E-6 1.31175E-6 1.99157E-6 1.36099E-6 9.55808E-7 2.76593E-6 1.11993E-5 1.84318E-5 1.57467E-5 1.91627E-5 3.93554E-6 4.37618E-6 5.7218E-6 1.78906E-6 7.4641E-6 2.01287E-5 1.80892E-5 2.13047E-5 1.68139E-5 6.36356E-6 8.29933E-6 1.18898E-4 6.42365E-5 4.69574E-5 3.90511E-6 6.67631E-6 3.57383E-6 3.89709E-6 7.80223E-6 5.17218E-6 4.21583E-6 4.64175E-6 3.45708E-5 4.70191E-5 5.12612E-6 2.02883E-5 2.52056E-5 2.26424E-5 1.71603E-5 1.60702E-5 1.85611E-5 1.69428E-5 2.14265E-5 2.26359E-5
2.12642E-6 2.8133E-6 1.41534E-6 4.72907E-6 2.34302E-6 3.46088E-6 6.59371E-6 9.0241E-6 7.21891E-6 6.35973E-6 3.41435E-6 1.18347E-6 2.27476E-6 1.51094E-6 1.94453E-6 2.06197E-6 3.65583E-6 7.23592E-6 2.62969E-6 2.0204E-6 1.66135E-6 1.80802E-6 2.1644E-6 1.47529E-6 1.31289E-6 1.5679E-6 2.41249E-6 1.60257E-6 1.97903E-6 2.69082E-6 2.98197E-6 4.17539E-6 1.44349E-5 2.56581E-6 3.00684E-6 2.29069E-6 2.499E-6 4.76762E-6 1.04298E-5 2.08922E-5 2.18261E-5 2.21843E-5 2.2644E-5 4.30135E-6 1.22542E-5 7.98445E-6 3.98575E-6 4.31648E-6 4.68562E-6 4.40177E-6 6.75832E-5 5.82684E-6 1.28944E-5 2.44059E-5 4.71858E-5 3.40789E-5 3.89323E-6 7.67278E-6 1.01542E-5 1.17347E-5 1.2095E-5 1.25866E-5 8.09784E-6 1.35052E-5 5.29966E-6
2.62422E-6 2.26653E-6 1.42621E-6 3.39285E-6 5.08702E-6 4.79336E-6 2.84447E-6 1.81441E-6 2.01603E-6 3.02333E-6 4.50927E-6 1.32787E-6 3.2318E-6 1.7027E-6 1.91167E-6 3.58001E-6 4.77864E-6 6.65738E-6 2.82027E-6 4.57545E-6 2.42134E-6 1.10494E-6 1.55931E-6 2.28135E-6 1.20372E-6 1.27418E-6 1.66419E-6 1.6041E-6 1.73199E-6 2.78924E-6 3.43436E-6 5.7216E-6 1.96463E-6 1.98605E-6 1.8207E-6 2.38312E-6 3.96507E-6 2.36055E-6 5.78412E-6 1.22503E-5 1.87807E-5 1.32237E-5 8.18825E-6 5.39779E-6 4.07869E-6 2.78832E-6 7.57849E-6 3.43264E-6 2.20326E-6 5.33626E-6 9.26915E-6 5.59272E-6 6.25775E-6 1.84237E-6 4.55684E-6 4.98331E-6 6.44475E-6 4.79721E-6 5.42234E-6 7.152E-6 3.99894E-6 1.35442E-5 1.11421E-5 5.29373E-6 4.71392E-6
1.31155E-6 2.17709E-6 1.58045E-6 2.9864E-6 4.34743E-6 5.63547E-6 3.47446E-6 4.63804E-6 1.78228E-6 2.50269E-6 2.50075E-6 1.94781E-6 1.58735E-6 1.029E-6 1.978E-6 2.06725E-6 1.62668E-6 3.49752E-6 2.63247E-6 3.04886E-6 1.30206E-6 1.35802E-6 1.05339E-6 9.84687E-7 1.44555E-6 1.37222E-6 1.34606E-6 1.12477E-6 1.2188E-6 2.33528E-6 6.95719E-6 2.2338E-6 3.11432E-6 2.71137E-6 2.07062E-6 2.94647E-6 2.39199E-6 3.95326E-6 5.23583E-6 1.17097E-5 1.08833E-5 6.19866E-6 5.80629E-6 5.51101E-6 4.00232E-6 3.26761E-6 2.93053E-6 4.50909E-6 3.39382E-6 1.90214E-6 2.70376E-6 3.68604E-6 8.32897E-6 2.56366E-6 8.93476E-6 1.84749E-5 5.76017E-6 1.73747E-5 9.83238E-6 2.6563E-5 1.14483E-5 1.2639E-5 9.05643E-6 7.22408E-6 7.73527E-6
1.68441E-6 2.37776E-6 1.88108E-6 2.36237E-6 3.03752E-6 4.15465E-6 2.09064E-6 3.47824E-6 2.61482E-6 4.35024E-6 2.35975E-6 2.22211E-6 1.61963E-6 1.29108E-6 1.11309E-6 4.18969E-6 2.82905E-6 1.29131E-6 3.17232E-6 2.25283E-6 3.71228E-6 3.62642E-6 1.44449E-6 8.77743E-7 1.17668E-6 1.06748E-6 1.1086E-6 1.88027E-6 3.43754E-6 5.22037E-6 1.80982E-6 1.72801E-6 1.66348E-6 1.80021E-6 2.0389E-6 2.40241E-6 3.5407E-6 2.74302E-6 2.56991E-6 6.98748E-6 7.64322E-6 8.33895E-6 7.72879E-6 9.38775E-6 3.86931E-6 2.47045E-6 2.0565E-6 2.21903E-6 1.89919E-6 1.94054E-6 2.78229E-6 2.71655E-6 2.79529E-6 4.96093E-6 5.03497E-6 9.16475E-6 5.61691E-6 1.27997E-5 6.48327E-6 5.72531E-6 7.11778E-6 2.02516E-5 1.98132E-5 1.40085E-5 9.22451E-6
4.89709E-6 4.25862E-6 2.10198E-6 3.26235E-6 2.96952E-6 3.61499E-6 3.46712E-6 2.33541E-6 6.00121E-6 4.15032E-6 4.26516E-6 2.13659E-6 1.72803E-6 1.85158E-6 1.06575E-6 1.90893E-6 6.9356E-6 2.74509E-6 2.69396E-6 2.23259E-6 2.99265E-6 1.15365E-6 1.34704E-6 1.1676E-6 1.17323E-6 1.63534E-6 1.77387E-6 4.23921E-6 4.83532E-6 2.20703E-6 1.59212E-6 1.77134E-6 1.12544E-6 1.69613E-6 1.94519E-6 2.16171E-6 2.2257E-6 2.85014E-6 2.01335E-6 4.96822E-6 6.22027E-6 5.8275E-6 6.86154E-6 7.49393E-6 3.67399E-6 2.4481E-6 2.3872E-6 1.79065E-6 1.9047E-6 2.22488E-6 3.07366E-6 4.12867E-6 5.28682E-6 4.92539E-6 4.24081E-6 3.6884E-6 7.8432E-6 6.47033E-6 2.09747E-5 1.83118E-5 1.7397E-5 1.63434E-5 9.48107E-6 1.08362E-5 8.4504E-6
4.50804E-6 2.1125E-6 3.09467E-6 3.48533E-6 3.53894E-6 4.57801E-6 3.56351E-6 3.43851E-6 4.61863E-6 4.585E-6 2.75335E-6 3.07672E-6 3.59291E-6 1.37299E-6 2.78139E-6 2.52548E-6 2.65559E-6 5.67281E-6 4.05152E-6 3.81192E-6 3.24491E-6 3.65544E-6 1.15133E-6 1.63778E-6 3.17714E-6 3.74241E-6 6.05157E-6 5.79283E-6 1.97012E-6 2.27048E-6 1.9429E-6 1.9466E-6 1.7737E-6 1.75914E-6 2.2425E-6 1.84862E-6 2.17013E-6 3.87446E-6 3.19241E-6 2.9965E-6 3.89974E-6 3.34457E-6 2.67573E-6 2.01414E-6 1.42353E-6 1.55986E-6 1.92546E-6 2.17332E-6 1.845E-6 1.98285E-6 2.97533E-6 5.13837E-6 6.70179E-6 5.77332E-6 2.01232E-6 4.75802E-6 7.01975E-6 5.54263E-6 7.06443E-6 1.44322E-5 1.43935E-5 5.20101E-6 4.10502E-6 8.69928E-6 5.90729E-6
5.44659E-6 2.76018E-6 2.63729E-6 4.67333E-6 3.49143E-6 3.25223E-6 4.27669E-6 3.34647E-6 4.34695E-6 2.73769E-6 3.94215E-6 3.41229E-6 2.40207E-6 1.71625E-6 1.33054E-6 1.77046E-6 2.96926E-6 8.15706E-6 6.98387E-6 5.23982E-6 1.37143E-6 3.43678E-6 2.31251E-6 4.24662E-6 4.18025E-6 7.49754E-6 7.03323E-6 1.64945E-6 3.83527E-6 2.50711E-6 1.43286E-6 2.18533E-6 1.40324E-6 2.26753E-6 2.87368E-6 1.8176E-6 2.41629E-6 1.7081E-6 5.72337E-6 4.31213E-6 5.27575E-6 2.95115E-6 1.90654E-6 1.31195E-6 2.00556E-6 2.17247E-6 1.836E-6 1.95809E-6 2.15693E-6 2.05316E-6 2.61451E-6 3.2577E-6 4.04339E-6 3.79615E-6 4.92215E-6 5.27925E-6 5.66498E-6 5.41573E-6 6.37337E-6 5.21838E-6 6.70814E-6 3.30003E-6 2.20386E-6 7.74102E-6 1.63509E-5
2.64949E-6 5.36369E-6 3.69931E-6 2.96628E-6 4.33582E-6 4.60175E-6 3.39813E-6 2.55063E-6 2.33627E-6 3.53424E-6 4.60295E-6 2.95038E-6 2.47943E-6 1.46211E-6 9.93875E-7 8.72546E-7 1.54944E-6 1.62426E-6 1.7271E-6 4.18897E-6 5.34253E-6 4.42486E-6 3.27937E-6 3.21675E-6 4.26266E-6 8.44012E-6 3.35403E-6 2.79775E-6 5.18055E-6 4.30146E-6 3.09214E-6 2.22321E-6 1.69577E-6 1.67924E-6 1.862E-6 1.9196E-6 2.19276E-6 1.86969E-6 1.78764E-6 5.34909E-6 4.48039E-6 2.88735E-6 1.44193E-6 1.98573E-6 1.79037E-6 2.21654E-6 2.60238E-6 2.19907E-6 1.9766E-6 2.15179E-6 1.85385E-6 2.34254E-6 2.30522E-6 1.97735E-6 3.21069E-6 4.45667E-6 4.78974E-6 2.16551E-6 3.06575E-6 4.18763E-6 5.05279E-6 1.95788E-6 1.22528E-6 5.36856E-6 9.67846E-6
2.58933E-6 2.62861E-6 2.96642E-6 3.81514E-6 6.13522E-6 4.03515E-6 2.62061E-6 2.48624E-6 2.48791E-6 2.2762E-6 2.45399E-6 3.55927E-6 5.3171E-6 1.74927E-6 2.07827E-6 1.76283E-6 2.32563E-6 1.74306E-6 2.50825E-6 4.68604E-6 3.74014E-6 5.38792E-6 3.79031E-6 2.01484E-6 7.12142E-6 1.14612E-5 2.57378E-6 4.57978E-6 5.02474E-6 3.84714E-6 1.86369E-6 1.81368E-6 1.79825E-6 1.78026E-6 1.75842E-6 1.79128E-6 2.32784E-6 2.92371E-6 1.75638E-6 3.91744E-6 4.07389E-6 3.79413E-6 2.8491E-6 2.60665E-6 1.72661E-6 1.75022E-6 2.23463E-6 2.88236E-6 2.46349E-6 2.46842E-6 1.80508E-6 2.36826E-6 2.06209E-6 2.52095E-6 3.63905E-6 2.72549E-6 2.61326E-6 4.08335E-6 3.79437E-6 3.82951E-6 2.59454E-6 3.39314E-6 1.35564E-6 6.20203E-6 9.30837E-6
3.74246E-6 2.04466E-6 3.44886E-6 3.94992E-6 4.24721E-6 5.78855E-6 4.43413E-6 2.76943E-6 2.08226E-6 3.2158E-6 2.86765E-6 6.4965E-6 3.27209E-6 3.35342E-6 2.69969E-6 2.82055E-6 4.49452E-6 3.06329E-6 3.50699E-6 4.19767E-6 3.40059E-6 2.53007E-6 3.76177E-6 6.42359E-6 1.16399E-5 6.47641E-6 2.38909E-6 6.62287E-6 4.27097E-6 2.0161E-6 2.10254E-6 2.26756E-6 1.77006E-6 1.78048E-6 1.96058E-6 3.05326E-6 3.41149E-6 3.28433E-6 1.83412E-6 3.44179E-6 4.3799E-6 2.47559E-6 3.24786E-6 3.93705E-6 2.4715E-6 2.68915E-6 2.59523E-6 3.03437E-6 2.44232E-6 1.75373E-6 1.82522E-6 2.09185E-6 2.57226E-6 2.52414E-6 1.2636E-6 1.86216E-6 1.80859E-6 3.43859E-6 3.73927E-6 3.65459E-6 2.18453E-6 2.4374E-6 4.43321E-6 9.60039E-6 7.65113E-6
4.78494E-6 4.22503E-6 4.85695E-6 3.79957E-6 5.58846E-6 5.13908E-6 4.70279E-6 5.80136E-6 5.58041E-6 7.71256E-6 8.71985E-6 4.5822E-6 2.49201E-6 2.398E-6 2.73307E-6 2.84953E-6 5.01394E-6 5.19548E-6 3.46847E-6 4.16496E-6 3.24388E-6 1.8678E-6 1.67881E-6 1.48893E-6 3.42635E-6 5.60998E-6 5.52019E-6 3.21895E-6 2.92439E-6 1.80226E-6 1.75054E-6 1.67871E-6 1.63837E-6 2.00041E-6 2.0556E-6 2.238E-6 2.54027E-6 3.59999E-6 2.49725E-6 1.66281E-6 3.12298E-6 2.32939E-6 2.06652E-6 2.44681E-6 2.42917E-6 2.44462E-6 2.87204E-6 2.51837E-6 2.15203E-6 1.94774E-6 2.02605E-6 2.72099E-6 3.41492E-6 2.08232E-6 2.17252E-6 1.80278E-6 2.02168E-6 2.90469E-6 1.80112E-6 1.27517E-6 2.937E-6 1.16811E-6 2.91919E-6 7.87917E-6 2.89223E-6
3.10864E-6 4.00231E-6 3.00491E-6 3.82616E-6 2.20234E-6 3.03022E-6 3.85896E-6 3.37321E-6 2.42357E-6 2.39574E-6 6.61114E-6 9.12322E-6 6.77202E-6 6.67219E-6 4.47462E-6 4.43974E-6 6.11112E-6 5.12617E-6 4.05708E-6 2.85573E-6 2.41288E-6 3.05492E-6 2.96688E-6 2.73031E-6 2.84263E-6 2.0555E-6 6.14354E-6 1.04944E-5 3.64133E-6 1.90333E-6 2.13052E-6 1.68382E-6 2.0883E-6 1.7612E-6 1.84832E-6 1.71292E-6 1.70441E-6 2.28335E-6 2.6822E-6 1.13604E-6 2.19424E-6 1.77231E-6 2.27359E-6 1.65006E-6 2.83662E-6 3.8343E-6 3.29064E-6 2.42592E-6 1.66934E-6 2.57638E-6 2.83743E-6 2.27101E-6 2.64719E-6 2.24826E-6 2.47969E-6 2.14271E-6 1.89112E-6 2.56046E-6 1.44019E-6 1.04125E-6 2.32641E-6 1.38251E-6 2.88148E-6 4.19172E-6 6.73089E-7
2.86815E-6 2.45681E-6 2.32655E-6 2.32278E-6 2.70898E-6 1.59314E-6 1.62186E-6 4.08596E-6 1.30513E-6 1.09865E-6 1.45575E-6 1.56211E-6 2.38129E-6 6.50048E-6 9.79945E-6 7.71384E-6 7.19197E-6 6.38539E-6 8.36633E-6 5.6254E-6 5.2029E-6 3.56614E-6 3.71623E-6 4.125E-6 3.97099E-6 3.18837E-6 6.71448E-6 6.44017E-6 5.66301E-6 5.03647E-6 3.93766E-6 3.1306E-6 2.3477E-6 2.85059E-6 3.04823E-6 1.94601E-6 2.22411E-6 1.75277E-6 3.30711E-6 1.14979E-6 2.13096E-6 1.70134E-6 2.0996E-6 1.2736E-6 2.04938E-6 2.42057E-6 2.15905E-6 1.1984E-6 1.89537E-6 2.108E-6 2.33294E-6 2.38669E-6 1.96421E-6 1.52842E-6 3.05443E-6 2.17412E-6 1.90754E-6 2.45082E-6 1.87075E-6 1.2348E-6 1.18734E-6 2.55002E-6 6.25912E-6 4.2016E-6 1.2234E-6
1.55485E-6 1.55217E-6 1.07933E-6 1.5769E-6 1.39062E-6 1.1212E-6 1.48669E-6 2.6836E-6 1.11351E-6 1.97345E-6 2.57232E-6 2.26656E-6 2.49895E-6 3.21212E-6 3.93039E-6 5.9055E-6 3.40713E-6 3.16179E-6 2.47112E-6 6.47103E-6 9.02759E-6 5.49917E-6 5.41991E-6 5.72239E-6 4.79693E-6 7.82822E-6 7.84638E-6 8.04264E-6 4.62854E-6 5.20575E-6 5.20825E-6 4.59171E-6 4.98785E-6 4.6016E-6 7.66684E-6 5.56119E-6 6.51277E-6 6.45223E-6 4.81213E-6 2.60517E-6 3.78906E-6 2.80913E-6 2.04951E-6 1.88036E-6 2.39886E-6 2.78586E-6 1.38044E-6 1.18081E-6 2.11148E-6 1.89323E-6 3.8246E-6 3.04546E-6 2.31476E-6 2.55658E-6 2.72088E-6 1.90418E-6 2.46047E-6 2.22706E-6 2.31468E-6 1.82359E-6 1.19573E-6 1.43699E-6 9.73402E-6 2.35205E-6 6.07502E-6
1.05426E-6 1.56978E-6 1.04514E-6 1.13243E-6 1.13592E-6 1.13831E-6 1.97391E-6 1.77032E-6 1.5517E-6 3.17092E-6 1.95545E-6 1.04823E-6 1.72295E-6 2.2322E-6 1.68437E-6 1.94427E-6 2.24189E-6 1.37907E-6 2.77374E-6 5.23913E-6 7.34141E-6 8.24689E-6 6.50846E-6 5.42656E-6 8.0543E-6 9.90729E-6 7.09088E-6 7.28459E-6 8.41687E-6 4.76805E-6 8.30238E-6 5.71692E-6 4.73624E-6 4.05086E-6 7.17876E-6 4.18793E-6 5.43377E-6 5.45936E-6 6.28434E-6 6.41378E-6 7.18282E-6 3.69509E-6 1.97793E-6 2.78828E-6 1.58527E-6 2.73733E-6 1.4075E-6 1.98337E-6 2.81378E-6 2.1552E-6 2.01497E-6 3.0848E-6 2.31835E-6 2.08543E-6 3.09644E-6 1.95124E-6 2.80175E-6 2.44666E-6 3.18186E-6 1.91979E-6 1.84264E-6 2.68462E-6 8.72996E-6 1.45474E-6 7.52483E-6
1.58427E-6 1.56909E-6 1.14508E-6 1.14911E-6 1.26183E-6 2.22177E-6 2.39747E-6 1.67659E-6 1.44025E-6 2.19658E-6 2.19839E-6 1.16677E-6 1.18872E-6 1.60428E-6 1.58107E-6 2.00428E-6 1.13489E-6 2.05915E-6 4.17423E-6 4.35755E-6 7.52804E-6 6.15908E-6 7.80949E-6 6.27894E-6 5.19289E-6 4.80735E-6 4.5655E-6 5.35132E-6 5.24407E-6 5.45244E-6 5.86985E-6 5.7326E-6 4.55943E-6 6.40182E-6 6.60591E-6 7.03565E-6 3.92038E-6 3.92722E-6 3.89048E-6 5.83206E-6 5.33259E-6 4.41963E-6 2.9739E-6 2.17382E-6 2.33494E-6 2.39752E-6 1.80851E-6 2.15169E-6 3.34263E-6 1.84474E-6 1.80159E-6 2.79994E-6 2.3746E-6 2.6383E-6 2.11897E-6 1.7944E-6 1.89053E-6 2.59453E-6 2.21267E-6 1.7975E-6 1.22169E-6 2.92948E-6 7.89687E-6 1.04013E-6 1.88329E-6
1.54998E-6 1.6223E-6 1.16381E-6 1.86237E-6 2.77052E-6 1.48381E-6 1.38507E-6 1.49693E-6 1.995E-6 1.6905E-6 1.43133E-6 1.39867E-6 1.23116E-6 3.08078E-6 1.86735E-6 3.13112E-6 1.48846E-6 2.39789E-6 4.56718E-6 3.31446E-6 5.09643E-6 3.22614E-6 3.10374E-6 3.64338E-6 5.38369E-6 4.94702E-6 7.60426E-6 2.98209E-6 2.11618E-6 2.93337E-6 3.5093E-6 1.37112E-6 2.36501E-6 3.65281E-6 3.37617E-6 2.07347E-6 2.11043E-6 1.89568E-6 3.11621E-6 5.54525E-6 5.64801E-6 6.29754E-6 3.3197E-6 3.74593E-6 1.69965E-6 1.74189E-6 1.31102E-6 3.06661E-6 3.00676E-6 2.99945E-6 1.90817E-6 2.78136E-6 2.76079E-6 2.3265E-6 1.29733E-6 1.36871E-6 1.81402E-6 1.8773E-6 2.3826E-6 2.32619E-6 1.42429E-6 3.49722E-6 5.94976E-6 1.50687E-6 1.15206E-6
1.58832E-6 9.27288E-7 1.51372E-6 3.44083E-6 1.19184E-6 1.77594E-6 3.78348E-6 5.13487E-6 3.40557E-6 4.37656E-6 1.45674E-6 1.45198E-6 1.17858E-6 1.56504E-6 1.69176E-6 2.99955E-6 2.91926E-6 1.97452E-6 4.16432E-6 3.28983E-6 4.51461E-6 1.84735E-6 2.61072E-6 2.71038E-6 6.74153E-6 7.93249E-6 5.43703E-6 1.85075E-6 1.80137E-6 1.79825E-6 1.78822E-6 2.09223E-6 1.14803E-6 1.14739E-6 2.33039E-6 1.48882E-6 2.25924E-6 1.96304E-6 4.82244E-6 4.26614E-6 3.96277E-6 5.95908E-6 2.79232E-6 2.66905E-6 1.81364E-6 2.15428E-6 3.23985E-6 2.19261E-6 3.47051E-6 3.47023E-6 3.48363E-6 2.72974E-6 1.86004E-6 2.04943E-6 1.89697E-6 1.75757E-6 1.79147E-6 1.23084E-6 1.83076E-6 1.90451E-6 1.65907E-6 3.88618E-6 5.85156E-6 7.89644E-7 9.04842E-7
1.15245E-6 1.7765E-6 2.64409E-6 1.29799E-6 1.45876E-6 2.16058E-6 1.68678E-6 2.14817E-6 4.88794E-6 5.06887E-6 4.79835E-6 1.61022E-6 2.04774E-6 2.5539E-6 4.14517E-6 2.95887E-6 2.15744E-6 2.29155E-6 2.05172E-6 2.73115E-6 3.95446E-6 1.8536E-6 1.88876E-6 3.04182E-6 4.90699E-6 4.24343E-6 4.79721E-6 2.83091E-6 2.09206E-6 2.19712E-6 2.276E-6 2.11524E-6 1.73882E-6 1.74908E-6 2.55426E-6 2.15366E-6 3.63062E-6 5.32696E-6 6.06948E-6 4.60174E-6 3.4274E-6 2.72138E-6 3.71737E-6 3.2809E-6 1.9443E-6 3.847E-6 3.75825E-6 3.99355E-6 3.55909E-6 4.34104E-6 2.44752E-6 1.92426E-6 1.79724E-6 2.30711E-6 1.90941E-6 2.57287E-6 1.7847E-6 1.81424E-6 1.92286E-6 1.2542E-6 1.43062E-6 8.46972E-6 3.64269E-6 6.4443E-7 8.22193E-7
2.66451E-6 4.46371E-6 1.35167E-6 1.29121E-6 1.68419E-6 1.45133E-6 6.16565E-6 5.98331E-6 5.18475E-6 3.45255E-6 2.07711E-6 2.08689E-6 2.85076E-6 5.15321E-6 2.41279E-6 3.44489E-6 3.04897E-6 3.4158E-6 3.53276E-6 3.06245E-6 3.64833E-6 2.98784E-6 4.52425E-6 2.66044E-6 2.50336E-6 5.28329E-6 6.74453E-6 4.0473E-6 4.07253E-6 4.66246E-6 4.83372E-6 3.14281E-6 1.79767E-6 1.97918E-6 3.06811E-6 2.43278E-6 2.82069E-6 5.5216E-6 2.31465E-6 4.42745E-6 8.41166E-6 2.17465E-6 4.32044E-6 3.41075E-6 2.89697E-6 2.09735E-6 2.53787E-6 4.505E-6 6.48264E-6 4.43562E-6 1.78717E-6 2.7486E-6 1.80832E-6 3.0754E-6 2.60371E-6 1.82423E-6 1.79954E-6 1.80629E-6 2.11473E-6 1.43837E-6 1.37865E-6 8.22981E-6 2.46864E-6 6.52602E-7 5.97286E-7
5.69686E-6 2.65518E-6 1.43358E-6 1.40867E-6 3.29353E-6 8.82552E-6 5.93883E-6 4.00597E-6 4.98017E-6 4.66544E-6 2.89902E-6 4.51262E-6 3.45929E-6 3.1773E-6 2.28573E-6 2.23682E-6 3.29313E-6 4.20862E-6 5.981E-6 5.35416E-6 5.51561E-6 6.39016E-6 6.31437E-6 5.04171E-6 4.27588E-6 4.39085E-6 7.32265E-6 5.16635E-6 7.7397E-6 6.73553E-6 8.71361E-6 3.70941E-6 1.85673E-6 2.35436E-6 3.35293E-6 3.45931E-6 5.02735E-6 4.56921E-6 3.31878E-6 7.78598E-6 2.09569E-6 1.33966E-6 4.88395E-6 2.46313E-6 2.14304E-6 1.99527E-6 3.63514E-6 4.20048E-6 5.67035E-6 7.31868E-6 3.32526E-6 2.8698E-6 2.68116E-6 3.84513E-6 2.92811E-6 1.80702E-6 1.7978E-6 1.80674E-6 1.95771E-6 1.98922E-6 1.72893E-6 3.79819E-6 5.32785E-6 6.72561E-7 5.20749E-7
3.06305E-6 1.62688E-6 4.48248E-6 3.86823E-6 4.48584E-6 9.06718E-6 6.28672E-6 4.07138E-6 5.11983E-6 2.98045E-6 4.7115E-6 5.79102E-6 3.55983E-6 4.20848E-6 1.74891E-6 1.83496E-6 3.48613E-6 5.36667E-6 9.115E-6 8.26553E-6 6.02453E-6 9.08432E-6 9.36034E-6 8.8285E-6 6.91248E-6 7.25817E-6 5.22433E-6 6.91641E-6 9.21261E-6 5.77294E-6 1.07673E-5 5.51756E-6 4.64694E-6 4.40299E-6 7.3615E-6 6.56251E-6 3.27661E-6 5.87932E-6 8.22673E-6 6.3927E-6 2.52528E-6 1.42705E-6 4.68053E-6 2.11669E-6 1.3223E-6 2.63701E-6 3.15152E-6 3.30149E-6 5.45459E-6 3.96641E-6 4.44372E-6 3.09742E-6 3.05327E-6 3.84718E-6 5.20063E-6 2.18963E-6 1.8518E-6 1.25301E-6 1.84296E-6 2.06051E-6 1.50695E-6 1.90345E-6 7.05556E-6 1.40254E-6 4.6203E-7
3.24044E-6 2.54601E-6 2.29406E-6 5.28848E-6 5.51404E-6 9.73687E-6 7.97725E-6 3.18965E-6 6.96155E-6 5.10769E-6 3.65833E-6 3.17419E-6 3.83953E-6 7.4204E-6 4.25107E-6 3.03399E-6 7.30539E-6 1.42706E-5 1.29319E-5 8.38227E-6 1.51744E-5 1.10754E-5 7.30069E-6 5.97489E-6 8.86344E-6 8.12811E-6 6.05923E-6 1.09219E-5 5.5433E-6 5.09438E-6 8.59269E-6 7.5933E-6 6.37133E-6 4.38934E-6 4.24784E-6 4.79058E-6 5.35832E-6 6.26311E-6 9.60128E-6 2.08926E-6 2.07259E-6 2.70583E-6 4.35774E-6 4.55425E-6 3.68548E-6 4.36038E-6 3.56702E-6 4.20878E-6 3.64152E-6 4.23708E-6 4.61233E-6 7.11396E-6 6.28592E-6 4.65916E-6 6.07515E-6 3.95855E-6 2.58304E-6 1.91603E-6 1.90815E-6 2.23319E-6 1.43666E-6 1.22311E-6 5.75134E-6 2.48465E-6 4.8935E-7
4.53802E-6 4.57627E-6 5.13014E-6 8.3831E-6 2.65864E-5 8.69872E-6 5.03616E-6 4.10405E-6 2.6426E-6 6.32396E-6 5.27712E-6 7.18449E-6 5.21147E-6 9.6527E-6 1.80229E-5 1.4448E-5 1.06303E-5 1.19583E-5 1.52757E-5 8.61082E-6 1.04728E-5 8.71324E-6 7.65662E-6 8.64649E-6 6.84579E-6 7.65026E-6 1.02299E-5 1.00548E-5 1.1115E-5 1.09574E-5 1.02082E-5 1.06659E-5 6.09813E-6 9.8725E-6 4.80002E-6 4.49921E-6 4.64687E-6 9.02722E-6 5.9587E-6 2.18941E-6 2.44411E-6 1.96104E-6 3.70384E-6 6.70912E-6 4.07394E-6 4.89823E-6 3.34192E-6 3.84658E-6 4.15982E-6 4.27457E-6 4.56786E-6 2.66908E-6 3.26423E-6 4.80365E-6 3.49641E-6 4.74791E-6 4.27711E-6 2.45108E-6 1.98019E-6 1.94513E-6 1.23466E-6 8.73707E-7 3.57881E-6 5.10286E-6 9.92193E-7
4.64806E-6 4.98762E-6 4.26645E-6 2.98531E-6 5.65879E-6 6.50483E-6 4.73863E-6 8.87599E-6 8.30521E-6 7.91426E-6 7.99885E-6 8.58688E-6 1.79535E-5 1.02036E-5 1.05078E-5 1.43459E-5 1.09001E-5 9.60147E-6 1.12583E-5 1.31632E-5 7.91112E-6 8.6532E-6 8.79952E-6 9.01428E-6 9.273E-6 8.28023E-6 1.05042E-5 1.05495E-5 6.10377E-6 1.10805E-5 5.80905E-6 1.08589E-5 8.6813E-6 1.06097E-5 6.3955E-6 4.8294E-6 5.59854E-6 6.68721E-6 5.43099E-6 2.53709E-6 2.69846E-6 2.04657E-6 2.33101E-6 3.5348E-6 5.3667E-6 4.52511E-6 3.36492E-6 4.8952E-6 2.90372E-6 2.56763E-6 2.49654E-6 2.52023E-6 3.36196E-6 1.96527E-6 2.09042E-6 4.57258E-6 4.60023E-6 2.62133E-6 4.14104E-6 1.56164E-6 1.06963E-6 1.0341E-6 1.64942E-6 6.26909E-6 7.03682E-7
4.69787E-6 6.13415E-6 5.45142E-6 3.38706E-6 9.90546E-6 1.04223E-5 6.59631E-6 8.90219E-6 6.97844E-6 1.13137E-5 9.22867E-6 1.23135E-5 2.02328E-5 1.90674E-5 2.04715E-5 2.11698E-5 1.26727E-5 1.30311E-5 1.23745E-5 9.64013E-6 9.56488E-6 9.28169E-6 9.07753E-6 9.34723E-6 9.67364E-6 7.53997E-6 1.04E-5 9.37812E-6 1.09442E-5 8.1444E-6 6.89845E-6 1.10057E-5 9.74604E-6 8.61018E-6 6.08286E-6 4.90002E-6 4.50352E-6 6.31901E-6 3.01146E-6 2.3549E-6 2.69634E-6 2.03308E-6 1.95715E-6 1.92594E-6 2.49599E-6 4.11944E-6 1.73653E-6 3.64942E-6 5.36389E-6 4.56772E-6 5.3372E-6 2.34022E-6 2.08636E-6 1.79282E-6 2.07041E-6 1.784E-6 3.71849E-6 4.64376E-6 3.79965E-6 3.01193E-6 1.05658E-6 9.70052E-7 1.11739E-6 6.49058E-6 6.2958E-7
3.79679E-6 1.48821E-5 1.29792E-5 2.82781E-5 8.69445E-6 1.11663E-5 2.19905E-5 1.29855E-5 1.84978E-5 1.00217E-5 6.71293E-6 6.15492E-6 1.44681E-5 1.18114E-5 2.05083E-5 2.36323E-5 1.3709E-5 1.17894E-5 1.3579E-5 1.38476E-5 9.88483E-6 9.92739E-6 9.5159E-6 9.74467E-6 1.00578E-5 9.77855E-6 1.09744E-5 1.17561E-5 5.74244E-6 5.80287E-6 4.96973E-6 7.27773E-6 5.86058E-6 1.04586E-5 4.9163E-6 4.56339E-6 3.96159E-6 4.82069E-6 3.662E-6 2.45398E-6 2.67835E-6 2.58152E-6 1.95847E-6 2.2173E-6 1.96739E-6 2.43239E-6 4.17529E-6 1.82218E-6 3.83774E-6 2.53612E-6 3.58286E-6 4.75627E-6 2.10527E-6 1.78443E-6 1.76936E-6 1.78524E-6 2.67257E-6 4.22126E-6 5.15316E-6 4.34915E-6 1.3455E-6 8.86365E-7 1.58108E-6 7.06501E-6 7.352E-7
5.71218E-6 6.99639E-6 7.25208E-6 1.41744E-5 2.45026E-5 3.18974E-5 1.28128E-5 3.07365E-5 6.27781E-6 8.28233E-6 8.35216E-6 6.44583E-6 6.51372E-6 9.20159E-6 9.63276E-6 1.99208E-5 1.43324E-5 1.59119E-5 9.77058E-6 1.04714E-5 9.26397E-6 9.62396E-6 1.05204E-5 8.36964E-6 1.18436E-5 1.02793E-5 9.63261E-6 1.17245E-5 1.13179E-5 1.12398E-5 4.89313E-6 9.12394E-6 9.02364E-6 5.73403E-6 5.63842E-6 8.7565E-6 4.97736E-6 3.47461E-6 5.72116E-6 2.70404E-6 3.62195E-6 4.09755E-6 1.80375E-6 3.73947E-6 3.71012E-6 2.58072E-6 2.30607E-6 2.65154E-6 2.94263E-6 1.93761E-6 1.93321E-6 4.36194E-6 3.90697E-6 2.91478E-6 2.90094E-6 1.93063E-6 2.08602E-6 3.48392E-6 4.64851E-6 4.52314E-6 1.92089E-6 9.08977E-7 2.32499E-6 8.25791E-6 1.418E-6
