catData/rasterBestHybridModels/Prubiginosus/RD_BM01_RM1.5_L/Prubiginosus_median.asc
ncols         409
nrows         350
xllcorner     60.897278365
yllcorner     5.843756025
cellsize      0.0892857
NODATA_value  -9999
[rows 87 to 115 of 350, columns 130 to 194 of 409]
4.02006E-5 2.99252E-5 3.54575E-5 1.95126E-5 1.94836E-5 6.50087E-6 9.24565E-6 1.6147E-5 3.02032E-5 1.56799E-5 9.11357E-6 7.12348E-6 7.52771E-6 1.89418E-5 2.81839E-5 3.1011E-5 1.99117E-5 1.69299E-5 3.00544E-5 2.62291E-5 1.62675E-5 1.26389E-5 6.6913E-6 1.01854E-5 4.36885E-5 4.34302E-5 4.35905E-5 2.63182E-5 8.17685E-6 9.17817E-6 5.77751E-6 4.80819E-6 2.73704E-6 2.67705E-6 2.79086E-6 4.46134E-6 3.53027E-6 4.77539E-6 2.90229E-6 1.5703E-6 1.57868E-6 2.01719E-6 4.45929E-6 2.26618E-6 1.58338E-6 1.14441E-6 1.62708E-6 2.07266E-6 3.20759E-6 3.22399E-6 2.10766E-6 4.01613E-6 1.01977E-5 4.55753E-6 1.18062E-5 9.13519E-6 1.2605E-5 4.21528E-6 1.75871E-5 2.59393E-5 6.05274E-6 9.543E-6 1.32443E-5 1.73716E-5 2.40856E-5
3.03308E-5 3.24402E-5 2.41543E-5 2.23417E-5 1.78196E-5 2.22309E-5 1.51967E-5 1.2323E-5 1.77518E-5 9.43914E-6 1.47403E-5 1.41703E-5 2.24831E-5 1.68456E-5 3.1384E-5 4.13549E-5 2.80181E-5 2.85407E-5 2.94345E-5 2.29726E-5 3.47574E-5 1.69676E-5 2.8591E-5 3.65425E-5 3.81602E-5 4.45409E-5 2.96838E-5 2.19924E-5 2.16532E-5 1.74066E-5 1.29092E-5 5.96865E-6 3.17164E-6 3.54354E-6 2.41814E-6 6.78605E-6 8.99905E-6 2.12071E-6 2.20432E-6 1.8879E-6 1.89556E-6 1.90947E-6 2.02704E-6 2.14023E-6 1.93542E-6 1.99714E-6 2.44186E-6 5.02189E-6 3.9246E-6 2.12493E-6 1.68478E-6 4.15905E-6 7.48766E-6 5.20069E-6 3.53565E-6 1.02525E-5 7.94178E-6 3.25308E-6 1.60186E-5 5.71551E-6 1.37901E-5 1.07886E-5 1.70877E-5 7.46642E-6 1.59559E-5
1.7383E-5 1.71982E-5 1.70608E-5 1.76104E-5 1.96465E-5 3.89663E-5 1.75571E-5 3.56913E-6 3.00813E-6 2.14837E-5 2.67585E-5 1.45065E-5 1.72512E-5 1.76223E-5 2.87254E-5 3.77316E-5 3.11675E-5 4.67524E-5 4.72607E-5 2.44815E-5 2.47765E-5 2.93558E-5 3.35442E-5 3.92033E-5 3.91597E-5 3.91176E-5 3.08969E-5 2.60774E-5 2.93985E-5 3.38042E-5 3.06276E-5 1.67067E-5 9.2229E-6 1.08838E-5 2.54947E-6 5.21751E-6 5.35095E-6 3.8778E-6 5.25371E-6 3.36661E-6 3.37502E-6 3.60612E-6 3.1997E-6 3.20761E-6 3.64541E-6 5.08182E-6 5.5524E-6 3.95348E-6 3.26581E-6 2.32697E-6 2.08421E-6 4.93886E-6 1.37594E-5 1.45288E-5 1.46061E-5 2.68158E-5 3.6626E-6 3.43794E-6 3.65819E-6 5.12849E-6 1.76617E-5 4.48692E-6 2.80601E-5 4.84251E-6 7.04461E-6
1.28609E-5 1.61011E-5 1.76973E-5 1.72115E-5 1.65103E-5 1.37364E-5 1.20694E-5 1.23905E-5 1.88373E-5 1.74488E-5 1.04912E-5 1.92891E-5 2.25036E-5 3.98418E-5 3.55763E-5 3.91744E-5 2.37511E-5 4.73531E-5 4.78309E-5 4.80849E-5 4.6289E-5 4.70915E-5 4.78627E-5 4.05882E-5 3.59203E-5 3.93219E-5 4.0252E-5 3.15139E-5 4.65819E-5 4.61018E-5 4.60245E-5 2.34708E-5 3.52178E-5 2.3707E-5 1.47087E-5 1.21802E-5 8.85537E-6 7.78475E-6 4.23086E-6 3.6905E-6 3.19639E-6 3.94407E-6 3.22807E-6 3.66657E-6 3.68547E-6 3.28721E-6 3.51371E-6 5.53568E-6 7.09033E-6 3.76834E-6 9.19346E-6 1.45648E-5 1.96415E-5 2.7671E-5 2.65536E-5 1.72578E-5 2.66996E-6 9.65764E-6 8.45998E-6 1.86166E-6 2.77658E-6 2.97915E-6 2.71196E-5 6.07556E-6 6.05828E-6
1.64731E-5 1.86364E-5 1.69351E-5 1.96251E-5 7.42504E-6 1.0407E-5 3.10549E-5 3.8484E-5 1.36762E-5 2.39887E-5 2.28431E-5 4.09305E-5 4.12099E-5 4.10814E-5 4.04061E-5 3.7895E-5 2.40943E-5 4.07633E-5 4.1182E-5 4.87288E-5 3.311E-5 4.83653E-5 4.91752E-5 4.89377E-5 2.50634E-5 4.14012E-5 4.1232E-5 3.22194E-5 4.76402E-5 3.19099E-5 4.68447E-5 4.68365E-5 4.01128E-5 3.80071E-5 2.14916E-5 2.15329E-5 1.20446E-5 1.17021E-5 1.34128E-5 6.06035E-6 4.43058E-6 2.81661E-6 3.36365E-6 5.39076E-6 4.09979E-6 1.15378E-5 9.08574E-6 9.28404E-6 7.68525E-6 5.42173E-6 4.65849E-6 1.02411E-5 1.63026E-5 4.20337E-5 2.33014E-5 1.59894E-5 7.31061E-6 1.29354E-5 1.92575E-5 5.13744E-6 3.54298E-6 5.14316E-6 2.31292E-5 6.73558E-6 5.33671E-6
1.84809E-5 1.26829E-5 8.49768E-6 1.4486E-5 1.90736E-5 1.97682E-5 1.45958E-5 1.9686E-5 2.69526E-5 1.57825E-5 2.41261E-5 2.36382E-5 2.48455E-5 4.12951E-5 4.77119E-5 4.7438E-5 4.79908E-5 4.86208E-5 3.27599E-5 4.95542E-5 3.4813E-5 3.28587E-5 5.06151E-5 5.03514E-5 3.27937E-5 4.2596E-5 4.22516E-5 4.18667E-5 4.88237E-5 4.83453E-5 4.80461E-5 4.7551E-5 4.74578E-5 4.0117E-5 1.53742E-5 2.06834E-5 2.15378E-5 2.39128E-5 2.14917E-5 1.14598E-5 9.95159E-6 4.61036E-6 3.8252E-6 5.29814E-6 4.33788E-6 6.95136E-6 9.37857E-6 7.94801E-6 1.56968E-5 5.50303E-6 7.85829E-6 8.49982E-6 1.1121E-5 2.30335E-5 2.87859E-5 1.24207E-5 1.12175E-5 3.79858E-6 4.4035E-6 3.71178E-6 3.91758E-6 3.50854E-6 1.09718E-5 1.22936E-5 7.26488E-6
2.31609E-5 1.80883E-5 1.67897E-5 1.27561E-5 1.44632E-5 1.49673E-5 1.34859E-5 1.9589E-5 3.46308E-5 2.67787E-5 2.62116E-5 3.31748E-5 4.96101E-5 4.92714E-5 4.86256E-5 4.79186E-5 3.28053E-5 4.90085E-5 4.98474E-5 3.24489E-5 4.48012E-5 2.86764E-5 2.87334E-5 4.72952E-5 4.7176E-5 4.72201E-5 2.65752E-5 2.45365E-5 3.3362E-5 4.95929E-5 4.69511E-5 4.88604E-5 3.28403E-5 2.27743E-5 3.33217E-5 3.20117E-5 1.52794E-5 2.77017E-5 2.97384E-5 1.69853E-5 1.43069E-5 1.02618E-5 5.02074E-6 5.04251E-6 5.30458E-6 5.72094E-6 9.44141E-6 9.1961E-6 9.74518E-6 9.42727E-6 2.03646E-5 1.90912E-5 4.62714E-5 1.53551E-5 8.40334E-6 1.5068E-5 2.20455E-5 1.7053E-5 6.09781E-6 7.39794E-6 4.55951E-6 6.60824E-6 6.20522E-6 2.61144E-5 8.86206E-6
1.9285E-5 2.78421E-5 2.13217E-5 1.28446E-5 1.56306E-5 1.83839E-5 3.1048E-5 3.75138E-5 4.3225E-5 2.6489E-5 2.97E-5 3.40141E-5 5.03E-5 3.25926E-5 4.17791E-5 2.66207E-5 2.20369E-5 2.83176E-5 5.06063E-5 5.12852E-5 5.13691E-5 5.15194E-5 5.16059E-5 4.81792E-5 4.80262E-5 2.89886E-5 4.76908E-5 5.08121E-5 5.05214E-5 3.39228E-5 3.39676E-5 4.98111E-5 4.3742E-5 1.90339E-5 1.1787E-5 8.34378E-6 1.2331E-5 1.21935E-5 1.42557E-5 6.74451E-6 1.18531E-5 8.02311E-6 6.37404E-6 4.79615E-6 1.05413E-5 7.33308E-6 1.13642E-5 1.11915E-5 7.9629E-6 1.71611E-5 2.59206E-5 4.79125E-5 4.80497E-5 4.80159E-5 1.76156E-5 2.09912E-5 6.55198E-6 4.9217E-6 1.05705E-5 6.7932E-6 7.15775E-6 7.37336E-6 2.99031E-6 1.08752E-5 7.34015E-6
1.84575E-5 1.80808E-5 3.0623E-5 3.61213E-5 4.13426E-5 4.22187E-5 4.01296E-5 5.10367E-5 5.15994E-5 4.36045E-5 3.45052E-5 5.10754E-5 4.93637E-5 2.49469E-5 3.73093E-5 3.33088E-5 4.14416E-5 4.61539E-5 5.16584E-5 3.47735E-5 5.16658E-5 5.16892E-5 3.51514E-5 3.5177E-5 4.87649E-5 4.85095E-5 4.83897E-5 2.88347E-5 5.10942E-5 5.0752E-5 3.43922E-5 3.43332E-5 4.59585E-5 1.3977E-5 1.7091E-5 2.94699E-5 1.79322E-5 1.74189E-5 2.30225E-5 3.57298E-5 1.23474E-5 8.72813E-6 1.09447E-5 6.84561E-6 1.37853E-5 2.42184E-5 1.6935E-5 1.29869E-5 9.68074E-6 1.61453E-5 1.93018E-5 4.72607E-5 4.88002E-5 4.84571E-5 2.65178E-5 2.45778E-5 9.575E-6 8.60149E-6 1.83685E-5 2.42E-5 1.8092E-5 2.29379E-5 8.16519E-6 8.88123E-6 1.4665E-5
4.3139E-5 2.19779E-5 3.37955E-5 3.56945E-5 4.05901E-5 5.00093E-5 5.14817E-5 5.18788E-5 3.51644E-5 4.42606E-5 5.17128E-5 5.07186E-5 5.12595E-5 3.23865E-5 5.03818E-5 5.11761E-5 5.16617E-5 5.24364E-5 3.57942E-5 3.36422E-5 3.56225E-5 5.20462E-5 5.08664E-5 3.59232E-5 3.59588E-5 4.94364E-5 4.93148E-5 2.93691E-5 2.91842E-5 5.15052E-5 4.73055E-5 4.60384E-5 4.69993E-5 4.20971E-5 1.1098E-5 9.49476E-6 1.05686E-5 1.39183E-5 3.22089E-5 1.78876E-5 7.64687E-6 1.08843E-5 1.23051E-5 1.11982E-5 2.30853E-5 1.6392E-5 2.83327E-5 1.78506E-5 2.03275E-5 1.22691E-5 2.09317E-5 4.35951E-5 4.8257E-5 4.70689E-5 2.03703E-5 1.75351E-5 1.13319E-5 8.02104E-6 1.8536E-5 4.13362E-5 4.45535E-5 4.34949E-5 4.32099E-5 7.64123E-6 2.13692E-5
2.39195E-5 2.56483E-5 1.62282E-5 1.83678E-5 5.16757E-5 3.41712E-5 5.15396E-5 3.46241E-5 5.19581E-5 4.44596E-5 4.43321E-5 3.59736E-5 5.10926E-5 5.21295E-5 5.289E-5 5.32736E-5 3.646E-5 5.37038E-5 5.4232E-5 5.383E-5 5.29953E-5 5.26707E-5 5.25744E-5 5.31115E-5 5.36283E-5 5.38618E-5 5.34882E-5 3.90965E-5 2.93762E-5 3.51917E-5 6.70358E-5 7.67311E-5 2.74231E-5 1.34252E-5 8.96142E-6 4.84251E-6 6.35266E-6 7.61554E-6 8.71452E-6 1.03368E-5 1.04928E-5 1.00023E-5 5.04111E-6 3.85844E-6 4.47385E-6 7.51986E-6 1.25594E-5 8.49297E-6 7.79041E-6 1.02365E-5 1.40171E-5 1.71941E-5 2.67928E-5 4.60392E-5 1.2204E-5 1.16728E-5 8.48181E-6 5.97502E-6 2.15635E-5 2.39594E-5 3.32948E-5 3.36191E-5 2.25779E-5 6.92917E-6 2.05026E-5
2.16683E-5 3.46743E-5 2.35076E-5 5.21783E-5 5.22919E-5 3.54357E-5 5.26676E-5 3.51195E-5 5.17099E-5 4.41597E-5 2.62899E-5 5.18558E-5 5.26662E-5 5.31296E-5 5.29308E-5 3.69014E-5 5.40485E-5 5.40896E-5 5.40376E-5 5.10248E-5 5.32614E-5 3.69986E-5 5.34658E-5 5.39056E-5 3.73101E-5 5.40135E-5 5.40228E-5 5.23923E-5 4.18348E-5 6.74017E-5 5.04922E-5 6.68327E-5 5.06761E-5 1.84431E-5 9.61961E-6 5.35679E-6 5.75E-6 1.08213E-5 1.34291E-5 1.38269E-5 7.34351E-6 4.57754E-6 3.7508E-6 7.63915E-6 4.0419E-6 1.14565E-5 6.03602E-6 4.60246E-6 5.47435E-6 1.27562E-5 2.11614E-5 2.70696E-5 2.26095E-5 1.55025E-5 9.68716E-6 1.24061E-5 1.49488E-5 1.3516E-5 1.04879E-5 1.74666E-5 2.23625E-5 3.60568E-5 2.50462E-5 1.93974E-5 1.21814E-5
3.36248E-5 3.79891E-5 3.2436E-5 5.27784E-5 5.30313E-5 5.38427E-5 5.3974E-5 5.17021E-5 4.13924E-5 4.41187E-5 4.45411E-5 5.33176E-5 5.37017E-5 5.4035E-5 3.68459E-5 3.74489E-5 5.45532E-5 5.42411E-5 3.63831E-5 5.37482E-5 5.45629E-5 3.76267E-5 3.71732E-5 5.42191E-5 3.7382E-5 5.00316E-5 5.04475E-5 3.02771E-5 2.40904E-5 5.365E-5 7.72488E-5 7.70895E-5 6.46433E-5 6.13216E-5 1.67692E-5 6.8859E-6 6.613E-6 1.4942E-5 8.10123E-6 6.69162E-6 3.95263E-6 2.82174E-6 2.37041E-6 1.22011E-5 1.08593E-5 3.69448E-5 2.8277E-5 9.14607E-6 1.55824E-5 5.83977E-6 1.6664E-5 3.54439E-5 2.30238E-5 2.1988E-5 2.04376E-5 3.82491E-5 1.59145E-5 1.41349E-5 1.43374E-5 2.24176E-5 2.49895E-5 3.66269E-5 2.10756E-5 3.78485E-5 2.35416E-5
2.47939E-5 4.05298E-5 5.39855E-5 5.39978E-5 5.39309E-5 5.4009E-5 5.32118E-5 5.52475E-5 4.69383E-5 2.86555E-5 2.90234E-5 4.65137E-5 4.58174E-5 4.58191E-5 4.63284E-5 4.6856E-5 2.91791E-5 4.65872E-5 4.59683E-5 4.6203E-5 4.63653E-5 4.6675E-5 2.89928E-5 5.50913E-5 3.76633E-5 2.92478E-5 2.9376E-5 2.45667E-5 1.68996E-5 2.43454E-5 3.06303E-5 7.83987E-5 6.70914E-5 3.06301E-5 1.20178E-5 1.09758E-5 1.53861E-5 1.88824E-5 2.7473E-5 1.13276E-5 7.93288E-6 3.7395E-6 5.64725E-6 1.02008E-5 1.54126E-5 4.42818E-5 1.05542E-5 3.02953E-6 5.10572E-6 1.61336E-5 2.86337E-5 4.4592E-5 1.33345E-5 1.584E-5 3.17565E-5 3.06299E-5 1.50103E-5 1.31671E-5 9.25285E-6 7.96409E-6 7.58706E-6 8.5683E-6 1.29137E-5 3.85932E-5 3.4632E-5
1.87392E-5 3.77794E-5 5.64484E-5 5.65211E-5 3.99633E-5 4.00839E-5 4.77051E-5 4.75887E-5 3.05828E-5 2.9947E-5 2.93571E-5 2.9479E-5 4.59739E-5 4.54778E-5 4.54187E-5 4.59203E-5 4.65083E-5 4.63951E-5 4.67107E-5 2.89649E-5 3.76643E-5 5.53542E-5 5.58976E-5 5.6292E-5 3.87191E-5 3.23796E-5 3.73546E-5 3.73829E-5 3.22632E-5 1.74413E-5 2.41092E-5 2.98664E-5 5.46547E-5 2.8891E-5 1.58817E-5 1.66969E-5 3.04899E-5 2.82552E-5 1.01475E-5 1.10935E-5 1.01169E-5 7.25262E-6 7.4709E-6 1.25652E-5 4.05922E-5 1.84137E-5 4.07872E-6 3.03241E-6 3.81768E-6 1.89193E-5 4.81218E-5 2.29952E-5 4.03014E-5 1.55748E-5 1.70001E-5 1.26922E-5 1.62284E-5 8.76753E-6 1.00567E-5 9.40561E-6 6.5335E-6 1.46069E-5 2.72143E-5 2.99518E-5 3.20934E-5
3.48951E-5 3.89728E-5 4.83445E-5 3.02419E-5 3.10408E-5 4.82291E-5 4.69363E-5 4.71388E-5 3.01697E-5 2.97197E-5 2.83546E-5 2.93415E-5 4.59598E-5 4.6359E-5 4.5798E-5 5.4696E-5 5.55452E-5 5.58286E-5 5.64588E-5 3.93175E-5 3.9456E-5 5.73424E-5 3.94648E-5 3.78007E-5 3.27315E-5 4.03848E-5 5.87513E-5 5.84928E-5 3.99633E-5 3.71168E-5 3.54374E-5 1.21382E-5 1.85427E-5 2.69532E-5 3.07096E-5 2.95031E-5 4.59438E-5 1.82813E-5 1.9403E-5 1.54539E-5 1.24477E-5 1.63894E-5 2.44644E-5 2.25999E-5 3.37574E-5 9.96592E-6 4.76993E-6 4.37259E-6 6.21518E-6 2.45482E-5 4.842E-5 3.37753E-5 1.15806E-5 1.97914E-5 1.19195E-5 1.04744E-5 2.91981E-5 9.68505E-6 1.01222E-5 7.44063E-6 5.17996E-6 1.59692E-5 3.4879E-5 8.50733E-6 5.60725E-6
5.686E-5 5.73465E-5 5.78197E-5 5.79328E-5 5.72788E-5 4.87282E-5 5.21553E-5 4.27581E-5 3.86781E-5 4.73348E-5 2.93588E-5 2.76022E-5 3.67121E-5 3.87085E-5 5.58995E-5 5.67571E-5 5.74574E-5 3.94282E-5 5.75797E-5 5.84129E-5 5.86918E-5 5.87064E-5 4.02295E-5 3.32807E-5 3.8593E-5 4.15273E-5 6.03838E-5 4.0897E-5 5.7737E-5 5.44603E-5 2.50303E-5 8.43582E-6 1.06247E-5 3.45836E-5 3.58194E-5 4.66057E-5 3.13762E-5 2.65586E-5 2.24076E-5 1.81141E-5 2.89815E-5 1.5925E-5 2.29783E-5 1.88645E-5 1.43196E-5 1.76399E-5 1.598E-5 2.67238E-5 1.26236E-5 2.09951E-5 4.1436E-5 4.93204E-5 3.6656E-5 3.5083E-5 1.68397E-5 1.5695E-5 1.20154E-5 3.81782E-5 1.29187E-5 5.60863E-6 4.6931E-6 1.15201E-5 2.39975E-5 1.82801E-5 1.1961E-5
5.90298E-5 5.95631E-5 6.02237E-5 5.98004E-5 5.47332E-5 5.4496E-5 5.86864E-5 4.99911E-5 4.92521E-5 4.81238E-5 4.81209E-5 4.89577E-5 5.87079E-5 5.85528E-5 5.81296E-5 3.99562E-5 5.86365E-5 5.80424E-5 5.8145E-5 5.95462E-5 6.03489E-5 5.93981E-5 4.08793E-5 4.13971E-5 6.01487E-5 6.04727E-5 6.00235E-5 4.02407E-5 5.62548E-5 3.15173E-5 1.59984E-5 1.20889E-5 1.20205E-5 1.77141E-5 2.70197E-5 3.3217E-5 3.9259E-5 2.72601E-5 2.40366E-5 1.50459E-5 2.03369E-5 1.51936E-5 1.22421E-5 1.30383E-5 1.95736E-5 1.28614E-5 1.0892E-5 6.76704E-6 1.56971E-5 2.49195E-5 2.57278E-5 5.21521E-5 4.47375E-5 2.05934E-5 1.87143E-5 1.2571E-5 9.9443E-6 1.51866E-5 2.24966E-5 7.04037E-6 4.84466E-6 1.01783E-5 1.1185E-5 8.62774E-6 1.30399E-5
6.45287E-5 6.23059E-5 6.25068E-5 4.24349E-5 6.04373E-5 6.05766E-5 6.06252E-5 3.15622E-5 4.99718E-5 4.92913E-5 4.8853E-5 3.08796E-5 5.06437E-5 5.93938E-5 6.00178E-5 6.08373E-5 6.04588E-5 5.91695E-5 5.89949E-5 4.24507E-5 4.30349E-5 6.05913E-5 5.14092E-5 5.13788E-5 5.18894E-5 3.16773E-5 5.05121E-5 2.98102E-5 4.7398E-5 4.41924E-5 1.8569E-5 1.99055E-5 1.94229E-5 4.56691E-5 4.38969E-5 3.13703E-5 3.25901E-5 2.45773E-5 2.02458E-5 1.068E-5 8.47035E-6 1.22106E-5 1.992E-5 2.5355E-5 1.62807E-5 1.25852E-5 1.15929E-5 9.62815E-6 1.28328E-5 2.04442E-5 1.5449E-5 5.27783E-5 3.47013E-5 4.02462E-5 7.55247E-6 9.5149E-6 1.24191E-5 1.5088E-5 2.04717E-5 4.7769E-6 6.34231E-6 6.05398E-6 1.12553E-5 8.93388E-6 1.39887E-5
6.81004E-5 6.67835E-5 6.29678E-5 6.08278E-5 6.05331E-5 4.19928E-5 5.23799E-5 5.22001E-5 5.14572E-5 3.1891E-5 5.02464E-5 5.07413E-5 5.13601E-5 4.21553E-5 6.13071E-5 4.25424E-5 6.20117E-5 5.16824E-5 5.15939E-5 3.25186E-5 4.24776E-5 5.24272E-5 3.29059E-5 3.06779E-5 3.06653E-5 3.19797E-5 4.86026E-5 4.3444E-5 4.76544E-5 3.06265E-5 2.35716E-5 4.19925E-5 3.40506E-5 4.9053E-5 1.84605E-5 2.10098E-5 2.02187E-5 2.86947E-5 2.67468E-5 1.4406E-5 1.14588E-5 1.81347E-5 3.03004E-5 1.96274E-5 1.18707E-5 1.26051E-5 2.61339E-5 2.34762E-5 2.40292E-5 1.83434E-5 2.60815E-5 4.97642E-5 3.00419E-5 2.484E-5 1.67355E-5 1.11399E-5 1.85155E-5 2.03663E-5 2.75984E-5 9.95402E-6 7.10249E-6 6.94719E-6 1.2773E-5 3.67025E-6 6.34999E-6
6.71578E-5 6.71314E-5 6.45555E-5 4.21028E-5 6.12922E-5 4.09234E-5 5.11812E-5 5.19655E-5 5.19335E-5 3.24371E-5 3.04201E-5 3.2248E-5 5.19317E-5 6.16045E-5 5.27748E-5 5.31253E-5 5.34011E-5 5.38487E-5 5.36819E-5 5.40023E-5 5.39903E-5 5.35874E-5 5.34867E-5 3.32597E-5 5.32638E-5 5.23914E-5 3.62842E-5 3.7716E-5 4.31629E-5 2.37228E-5 4.30666E-5 4.26176E-5 4.45838E-5 2.86009E-5 2.26817E-5 2.34335E-5 2.82212E-5 2.33465E-5 2.86475E-5 3.83165E-5 1.91297E-5 1.87368E-5 1.64568E-5 1.87615E-5 1.1631E-5 1.10898E-5 2.19113E-5 1.5338E-5 2.30401E-5 1.88332E-5 3.38084E-5 4.53529E-5 2.30532E-5 4.52528E-5 2.51124E-5 1.47208E-5 7.70473E-6 1.95496E-5 2.34299E-5 2.87079E-5 1.75267E-5 8.8393E-6 1.18608E-5 8.02999E-6 6.15151E-6
6.59096E-5 6.54941E-5 4.27919E-5 4.1934E-5 6.34149E-5 4.25863E-5 5.28465E-5 5.1412E-5 5.26182E-5 5.0986E-5 3.26918E-5 3.26581E-5 3.30051E-5 5.24982E-5 3.32377E-5 3.35277E-5 5.41201E-5 5.52466E-5 5.55934E-5 5.58097E-5 3.4565E-5 3.42153E-5 5.45948E-5 5.34559E-5 4.69584E-5 2.14615E-5 3.56723E-5 2.76166E-5 1.79382E-5 1.98083E-5 3.28291E-5 1.55361E-5 4.33684E-5 1.51856E-5 2.65971E-5 2.52347E-5 4.71641E-5 3.35471E-5 4.33826E-5 2.8718E-5 3.81631E-5 2.56348E-5 2.43923E-5 1.93126E-5 1.58597E-5 5.45712E-6 2.59041E-5 1.48038E-5 2.41656E-5 4.5232E-5 9.77954E-6 2.0842E-5 2.22543E-5 4.31609E-5 1.86424E-5 2.5763E-5 1.63033E-5 1.7104E-5 4.35199E-5 3.40785E-5 4.3323E-5 4.3662E-5 2.11072E-5 9.45504E-6 5.87606E-6
6.10042E-5 4.25858E-5 4.19254E-5 6.20382E-5 6.36761E-5 5.4061E-5 3.46074E-5 3.44915E-5 3.43753E-5 3.40107E-5 2.46083E-5 3.35914E-5 3.3605E-5 2.41828E-5 3.47647E-5 5.67445E-5 5.56117E-5 5.64614E-5 3.56903E-5 5.68963E-5 5.59271E-5 5.52707E-5 5.01077E-5 3.03974E-5 2.68965E-5 2.25193E-5 2.91152E-5 2.49712E-5 1.69E-5 2.20234E-5 3.41209E-5 1.26274E-5 2.67914E-5 1.65835E-5 2.85934E-5 4.58656E-5 2.99337E-5 2.38081E-5 3.90888E-5 2.0981E-5 1.89937E-5 3.88464E-5 1.18097E-5 2.37761E-5 1.78287E-5 1.50919E-5 6.30465E-6 8.35243E-6 1.2809E-5 1.48067E-5 2.07928E-5 1.25855E-5 6.02055E-6 2.33814E-5 1.30517E-5 1.7279E-5 1.85484E-5 1.32199E-5 1.79242E-5 1.94763E-5 1.98688E-5 1.92143E-5 1.7761E-5 9.47206E-6 7.89509E-6
4.16872E-5 3.95064E-5 4.2105E-5 6.18703E-5 6.30407E-5 2.45889E-5 3.51733E-5 2.52196E-5 3.57497E-5 2.55591E-5 2.17441E-5 2.53377E-5 3.60022E-5 3.6415E-5 5.78598E-5 4.00937E-5 2.78211E-5 3.66134E-5 5.8675E-5 5.89291E-5 5.73959E-5 3.53111E-5 3.22992E-5 3.0975E-5 3.02566E-5 4.02552E-5 4.26303E-5 2.45695E-5 2.4041E-5 4.95884E-5 2.94126E-5 2.0634E-5 2.28565E-5 2.7979E-5 2.90437E-5 3.0379E-5 2.17045E-5 2.29686E-5 2.50569E-5 4.09209E-5 2.28426E-5 3.74013E-5 2.07445E-5 2.10805E-5 2.4312E-5 1.4844E-5 1.07485E-5 7.08618E-6 6.68516E-6 1.53194E-5 2.22788E-5 2.17018E-5 2.1725E-5 1.26939E-5 2.02681E-5 2.12754E-5 2.44137E-5 2.44022E-5 2.53539E-5 7.47424E-6 1.74711E-5 2.71094E-5 2.04434E-5 1.96855E-5 3.0793E-5
6.14189E-5 6.06369E-5 6.19054E-5 6.32458E-5 5.41012E-5 3.53068E-5 3.569E-5 2.56871E-5 2.49109E-5 2.19823E-5 2.20915E-5 2.65409E-5 3.70297E-5 3.62539E-5 3.60167E-5 5.5077E-5 5.70478E-5 5.66025E-5 5.21727E-5 3.6687E-5 5.88133E-5 3.64673E-5 3.48767E-5 5.58768E-5 4.85133E-5 3.18903E-5 4.06645E-5 4.59369E-5 4.98107E-5 5.51548E-5 3.79556E-5 1.77818E-5 1.1467E-5 2.83004E-5 2.09774E-5 3.27444E-5 2.8203E-5 2.09471E-5 2.70885E-5 1.3746E-5 1.88751E-5 1.4093E-5 1.02683E-5 1.62831E-5 1.87068E-5 6.45035E-6 5.65611E-6 6.24458E-6 7.52793E-6 1.24465E-5 1.49922E-5 2.88384E-5 1.81018E-5 2.52481E-5 2.52881E-5 2.24004E-5 1.09857E-5 2.38302E-5 2.24446E-5 2.47258E-5 2.05386E-5 2.48154E-5 1.84121E-5 2.24384E-5 2.85674E-5
6.25168E-5 4.47166E-5 4.39315E-5 3.32183E-5 3.27149E-5 2.57648E-5 3.61675E-5 2.59103E-5 2.19433E-5 2.46376E-5 2.35895E-5 3.53634E-5 3.83744E-5 1.90761E-5 4.19958E-5 6.22704E-5 4.96879E-5 2.76041E-5 5.3077E-5 5.71271E-5 5.89516E-5 5.88296E-5 5.87256E-5 5.93253E-5 5.96586E-5 5.88028E-5 5.7031E-5 5.1723E-5 5.16654E-5 5.00302E-5 3.27815E-5 2.14367E-5 2.85772E-5 2.75697E-5 4.6081E-5 4.64993E-5 4.54421E-5 3.16416E-5 2.58043E-5 1.43848E-5 7.99898E-6 1.95849E-5 3.17204E-5 3.50395E-5 1.3804E-5 2.2356E-5 5.13057E-6 1.01475E-5 6.74987E-6 5.19613E-6 1.22054E-5 1.1318E-5 2.28334E-5 2.156E-5 2.73075E-5 2.16956E-5 1.4046E-5 2.65454E-5 9.54173E-6 2.1276E-5 2.75248E-5 2.58868E-5 2.06987E-5 2.44679E-5 2.80052E-5
6.70694E-5 6.52718E-5 5.67112E-5 5.60243E-5 3.52168E-5 3.60836E-5 3.60104E-5 2.56617E-5 2.56113E-5 2.68935E-5 1.6464E-5 3.08613E-5 2.84109E-5 2.37198E-5 2.43967E-5 1.58991E-5 1.60174E-5 5.51178E-5 3.59254E-5 5.83006E-5 3.81756E-5 6.07891E-5 3.85408E-5 4.19587E-5 7.02905E-5 5.99536E-5 6.0371E-5 3.68497E-5 3.69694E-5 3.68983E-5 2.92271E-5 2.2175E-5 1.48938E-5 2.97444E-5 4.22664E-5 3.17147E-5 5.63228E-5 4.03746E-5 3.42075E-5 2.42856E-5 1.1124E-5 1.15621E-5 1.11992E-5 1.50396E-5 1.2666E-5 2.31841E-5 2.4674E-5 2.30038E-5 1.15365E-5 1.15719E-5 1.11086E-5 1.12045E-5 1.97814E-5 2.13965E-5 1.57992E-5 1.03413E-5 2.67533E-5 1.85304E-5 2.35296E-5 2.14546E-5 1.72207E-5 1.73548E-5 2.45461E-5 2.05191E-5 1.75365E-5
4.76626E-5 4.75653E-5 3.74895E-5 5.88632E-5 5.72586E-5 3.60689E-5 2.61101E-5 2.50714E-5 1.41159E-5 2.75154E-5 2.46987E-5 2.13824E-5 4.02401E-5 5.55451E-5 1.5958E-5 1.28135E-5 3.44068E-5 5.83384E-5 5.97855E-5 6.26251E-5 6.36878E-5 5.78437E-5 6.39268E-5 4.81312E-5 6.7096E-5 6.16423E-5 6.10083E-5 5.87182E-5 3.82155E-5 2.12721E-5 2.6932E-5 1.89936E-5 1.95716E-5 4.55568E-5 4.96987E-5 5.00808E-5 5.81709E-5 5.42078E-5 4.16166E-5 1.73942E-5 2.02862E-5 2.0041E-5 2.4559E-5 2.00233E-5 5.96249E-6 2.68739E-5 1.32473E-5 8.26288E-6 4.39107E-6 5.66797E-6 1.80472E-5 1.21604E-5 2.30502E-5 1.88609E-5 1.02865E-5 1.04629E-5 2.24997E-5 2.17032E-5 1.19362E-5 2.06453E-5 1.06375E-5 1.69881E-5 1.96722E-5 8.49043E-6 2.17725E-5
4.94927E-5 3.68565E-5 3.18389E-5 3.99779E-5 3.83282E-5 3.77004E-5 3.74081E-5 3.77119E-5 3.67176E-5 3.80673E-5 3.94638E-5 3.44462E-5 3.21875E-5 6.26073E-5 2.92264E-5 1.09926E-5 4.50859E-5 6.37028E-5 4.09455E-5 4.15284E-5 6.25898E-5 4.00316E-5 3.33728E-5 6.60738E-5 3.45989E-5 5.53597E-5 5.64604E-5 2.70802E-5 3.33599E-5 2.8047E-5 2.55742E-5 2.22212E-5 1.80164E-5 4.50223E-5 4.91189E-5 3.92956E-5 2.91412E-5 4.79645E-5 2.19262E-5 2.37745E-5 3.66116E-5 1.78604E-5 2.04807E-5 2.51715E-5 4.05457E-5 1.90149E-5 1.07769E-5 9.41908E-6 7.35682E-6 1.22655E-5 1.88526E-5 3.01691E-5 1.86249E-5 1.01539E-5 4.83949E-6 9.76944E-6 7.64559E-6 2.18382E-5 1.68488E-5 2.54527E-5 2.12496E-5 1.73323E-5 8.02989E-6 1.95383E-5 5.64315E-5
