catData/rasterBestHybridModels/Prubiginosus/RD_BM01_RM1.5_L/Prubiginosus_min.asc
ncols         409
nrows         350
xllcorner     60.897278365
yllcorner     5.843756025
cellsize      0.0892857
NODATA_value  -9999
[rows 174 to 202 of 350, columns 130 to 194 of 409]
-9999 -9999 3.48937E-5 5.49852E-6 3.10559E-6 4.2425E-5 7.34742E-5 1.54528E-4 2.32791E-4 1.22324E-4 1.43151E-4 9.94016E-5 1.35433E-4 1.52042E-4 1.41865E-4 1.47111E-4 1.28631E-4 1.36173E-4 1.90505E-4 1.67683E-4 1.37709E-4 1.69589E-4 1.35485E-4 1.28249E-4 1.45388E-4 1.06168E-4 1.10053E-4 1.49713E-4 1.74246E-4 9.80169E-5 1.02489E-4 1.9523E-4 1.64564E-4 4.41794E-4 7.01516E-4 4.30892E-4 5.64056E-4 1.24958E-4 1.30783E-4 1.72657E-4 1.38963E-4 1.15135E-4 2.6197E-4 2.12603E-4 5.94893E-4 5.2821E-4 1.84837E-4 1.42308E-4 1.46809E-4 3.69288E-4 6.1995E-4 4.29009E-4 4.58983E-4 4.45205E-4 3.8084E-4 1.99795E-4 1.25522E-4 1.92307E-4 3.58669E-4 2.26597E-4 3.17977E-4 2.74592E-4 4.69598E-4 4.47577E-4 1.67216E-4
-9999 -9999 2.86585E-5 1.10601E-5 7.94139E-6 2.43998E-5 6.20594E-5 1.32267E-4 4.15884E-4 3.56134E-4 2.17037E-4 1.62054E-4 1.82698E-4 1.66782E-4 9.18123E-5 9.8575E-5 1.60958E-4 1.56097E-4 1.43792E-4 1.58612E-4 3.47387E-5 7.84194E-5 1.70549E-4 1.11046E-4 1.22892E-4 1.10774E-4 2.53097E-4 1.76506E-4 1.11613E-4 1.80779E-4 2.05943E-4 1.98067E-4 1.94057E-4 2.62095E-4 7.05151E-4 1.57544E-4 3.10804E-4 2.56458E-4 2.10322E-4 1.10575E-4 9.70256E-5 1.25602E-4 2.25377E-4 3.72395E-4 4.27819E-4 2.82964E-4 2.01617E-4 3.20732E-4 2.00115E-4 4.02688E-4 4.67595E-4 4.84238E-4 2.17857E-4 1.43196E-4 2.56984E-4 5.25055E-4 3.15962E-4 5.6133E-4 6.20067E-4 3.61703E-4 3.27323E-4 4.09218E-4 3.31588E-4 1.11502E-4 3.22835E-4
-9999 -9999 -9999 8.48173E-6 4.01369E-6 9.77658E-6 1.09908E-5 8.20473E-5 2.62199E-4 4.00967E-4 1.93887E-4 1.55794E-4 2.65475E-4 1.4967E-4 1.47397E-4 3.64468E-4 4.58249E-4 1.00591E-4 1.60175E-4 1.45649E-4 9.8035E-5 1.08469E-4 1.1826E-4 1.5095E-4 8.31275E-5 6.65977E-5 1.25759E-4 2.12612E-4 1.30155E-4 7.68859E-5 1.68519E-4 4.50928E-4 4.74357E-4 8.00122E-4 3.42768E-4 2.0202E-4 1.83076E-4 1.26768E-4 3.06138E-4 1.6005E-4 1.33168E-4 1.77067E-4 2.65346E-4 3.7494E-4 4.01211E-4 3.27412E-4 4.3738E-4 6.45709E-4 8.9494E-4 3.84596E-4 2.49946E-4 4.33533E-4 3.5143E-4 3.88629E-4 3.87067E-4 1.2727E-4 7.77412E-5 1.04028E-4 1.1028E-4 2.98979E-4 3.05084E-4 9.7157E-5 2.0892E-4 1.07232E-4 3.22323E-5
-9999 4.9515E-5 1.51356E-4 3.48549E-5 1.27561E-5 3.93247E-6 1.88446E-6 1.12482E-5 6.37716E-6 4.00312E-5 2.99248E-5 1.21347E-4 1.27104E-4 7.705E-5 1.45234E-4 2.52201E-4 1.30132E-4 1.21992E-4 1.30559E-4 1.60915E-4 6.98433E-5 9.13084E-5 7.57043E-5 1.36027E-4 6.13271E-5 6.1537E-5 1.00167E-4 2.15076E-4 1.75977E-4 1.22018E-4 1.64591E-4 2.87273E-4 1.55434E-4 1.09622E-4 7.01004E-5 4.99437E-5 5.81066E-5 1.10029E-4 1.43333E-4 1.67637E-4 1.33745E-4 2.50889E-4 2.081E-4 2.17485E-4 4.96859E-4 6.9994E-4 5.14241E-4 8.76582E-4 9.41499E-4 3.99807E-4 2.72105E-4 5.52849E-4 3.64222E-4 1.46571E-4 1.80363E-4 2.70102E-5 1.53209E-4 3.04548E-4 1.51313E-4 2.3701E-4 2.64485E-4 1.58969E-4 1.2031E-4 4.04876E-4 3.13933E-4
-9999 6.22876E-5 7.90037E-5 -9999 5.39378E-6 5.16139E-6 4.76185E-6 4.03054E-6 8.5408E-6 1.25049E-5 5.26217E-4 2.33671E-4 2.51886E-4 1.13142E-4 1.84519E-4 2.98061E-4 1.76995E-4 4.16716E-4 1.11498E-4 1.18849E-4 1.05858E-4 1.43374E-4 1.01237E-4 1.11677E-4 1.74307E-4 1.48231E-4 8.79501E-5 4.09591E-5 1.24271E-4 1.1462E-4 1.39995E-4 1.35825E-4 9.63226E-5 3.88E-5 9.54234E-5 1.95933E-4 1.96441E-4 2.23751E-4 3.11534E-4 1.61962E-4 1.49889E-4 1.91867E-4 1.54507E-4 5.50765E-4 7.46979E-4 2.47412E-4 4.96537E-4 6.60542E-4 5.40779E-4 3.12837E-4 3.00782E-4 6.36134E-5 7.73411E-5 5.57024E-5 2.02982E-4 9.84324E-5 3.65711E-4 2.19883E-4 2.23967E-4 1.23257E-4 1.12114E-4 1.82169E-4 5.35604E-5 2.88021E-5 2.75095E-4
-9999 -9999 -9999 -9999 1.09307E-5 4.27581E-6 4.89691E-6 7.07138E-6 1.01768E-5 1.41137E-5 2.77255E-4 3.27289E-4 2.84145E-4 2.79008E-4 3.63787E-4 2.0224E-4 1.74067E-4 1.68475E-4 1.2555E-4 1.16675E-4 1.3642E-4 8.16609E-5 8.6372E-5 1.39002E-4 1.11412E-4 1.07707E-4 7.64993E-5 1.56351E-5 7.93298E-5 5.51888E-5 8.50405E-5 6.82825E-5 1.14032E-4 1.2733E-4 1.29189E-4 2.03264E-4 1.74525E-4 1.69828E-4 9.764E-5 1.28811E-4 3.01935E-4 1.38385E-4 1.97323E-4 2.08075E-4 2.56665E-4 4.62411E-4 5.31146E-4 7.63882E-4 7.70562E-4 4.31498E-4 4.74941E-4 1.9852E-4 2.80917E-4 4.18889E-4 5.63879E-4 2.14686E-4 3.04662E-4 1.81862E-4 1.27249E-4 1.03714E-4 2.04198E-4 1.1612E-4 8.91872E-5 2.86792E-5 4.48858E-4
-9999 -9999 -9999 -9999 3.65747E-5 8.85408E-6 1.58009E-5 2.83022E-5 1.24372E-5 1.13808E-4 2.59381E-4 8.63332E-5 1.12785E-4 1.49568E-4 6.40439E-4 2.09152E-4 3.8167E-4 1.5847E-4 7.81027E-5 1.42594E-4 1.24387E-4 1.3276E-4 1.4719E-4 1.49574E-4 1.2197E-4 9.89059E-5 8.45344E-5 1.40366E-4 9.17742E-5 1.26702E-4 1.47913E-4 1.89097E-4 1.54532E-4 2.3711E-4 1.72625E-4 1.92094E-4 2.61091E-4 2.21398E-4 1.80941E-4 2.23819E-4 2.18804E-4 3.21718E-4 3.6356E-4 2.11659E-4 3.51216E-4 2.48896E-4 2.46526E-4 4.01526E-4 2.53456E-4 3.5779E-4 7.99841E-4 4.99903E-4 2.68793E-4 5.27292E-4 4.65066E-4 2.36314E-4 2.00448E-4 1.36729E-4 1.38664E-4 1.44146E-4 2.31657E-4 1.22771E-4 4.97185E-5 4.44432E-5 8.86699E-5
-9999 -9999 -9999 -9999 1.16761E-5 4.2589E-6 8.42101E-6 5.35147E-5 1.14785E-4 4.27959E-4 2.38055E-4 1.78953E-4 1.75104E-4 3.61627E-4 6.62416E-4 8.20468E-4 5.71925E-4 1.3449E-4 1.26795E-4 6.80996E-5 4.23894E-5 8.39731E-5 1.30091E-4 1.26931E-4 1.39375E-4 1.36489E-4 1.04354E-4 1.17542E-4 1.35E-4 1.29591E-4 1.8389E-4 1.56279E-4 1.99592E-4 1.67832E-4 2.47428E-4 2.02248E-4 2.29057E-4 1.33042E-4 2.07909E-4 1.97487E-4 1.2619E-4 3.19263E-4 1.33162E-4 1.5879E-4 3.15475E-4 2.14071E-4 5.58571E-4 3.51431E-4 2.13395E-4 2.38423E-4 3.11762E-4 1.29297E-4 1.92997E-4 3.70166E-4 2.39079E-4 2.351E-4 1.94181E-4 1.74122E-4 3.05047E-4 3.63478E-4 2.34783E-4 2.46194E-4 8.45108E-5 1.00752E-4 1.16786E-4
-9999 -9999 -9999 -9999 3.90865E-5 3.1053E-5 1.93143E-5 3.01393E-4 2.67401E-4 4.22701E-4 2.51903E-4 2.96542E-4 3.24388E-4 4.26703E-4 6.64277E-4 7.97312E-4 3.06989E-4 2.28915E-4 1.32501E-4 1.01136E-4 5.02877E-5 6.06756E-5 1.05925E-4 1.52114E-4 2.06105E-4 1.57059E-4 1.48654E-4 1.06878E-4 7.85084E-5 1.46404E-4 8.55682E-5 1.64173E-4 1.07667E-4 1.87925E-4 1.92176E-4 1.96333E-4 1.93173E-4 2.38014E-4 1.796E-4 1.03465E-4 7.44689E-5 1.47884E-4 8.90071E-5 1.0994E-4 2.4064E-4 3.01483E-4 3.47351E-4 3.32983E-4 4.95371E-4 2.78565E-4 1.9618E-4 8.89385E-5 1.44561E-4 3.72116E-4 2.6607E-4 1.21235E-4 9.9442E-5 1.78738E-4 2.01843E-4 1.55022E-4 1.19944E-4 2.35733E-4 1.55716E-4 1.18905E-4 3.37649E-4
-9999 -9999 -9999 -9999 -9999 7.20763E-5 2.24898E-5 1.68878E-4 4.93337E-4 3.55406E-4 2.17338E-4 2.30168E-4 2.17142E-4 3.65999E-4 2.18096E-4 3.12989E-4 2.08823E-4 9.92963E-5 1.36889E-4 7.75417E-5 7.19368E-5 1.21614E-4 1.26901E-4 7.35289E-5 1.22511E-4 8.58946E-5 1.05784E-4 1.06494E-4 9.18049E-5 1.33629E-4 1.82718E-4 1.56405E-4 8.84008E-5 8.53564E-5 1.10507E-4 1.71662E-4 1.66158E-4 1.25614E-4 3.01728E-4 1.22061E-4 4.70972E-5 6.57049E-5 9.09062E-5 1.70547E-4 3.19847E-4 2.77769E-4 1.88337E-4 5.30985E-4 6.84446E-4 7.14537E-4 2.68042E-4 1.49489E-4 1.48023E-4 2.05504E-4 2.6501E-4 1.68781E-4 1.02105E-4 1.84069E-4 1.98036E-4 3.07888E-4 1.35264E-4 2.65906E-4 1.40285E-4 1.98884E-4 3.16934E-4
-9999 -9999 -9999 -9999 9.55872E-5 2.91016E-4 2.65372E-4 3.084E-4 2.87543E-4 2.66113E-4 2.98219E-4 4.87898E-4 3.12503E-4 4.44708E-4 4.7704E-4 2.47318E-4 8.51149E-5 5.90705E-5 1.07305E-4 5.03221E-5 2.49691E-5 9.70581E-5 1.19191E-4 8.04374E-5 1.31476E-4 9.27101E-5 1.56512E-4 1.31332E-4 1.01492E-4 1.31429E-4 1.34745E-4 1.42214E-4 1.4024E-4 1.3045E-4 1.60665E-4 1.77999E-4 2.04451E-4 2.06788E-4 5.83822E-4 1.95265E-4 2.53952E-4 1.63617E-4 2.6875E-4 4.86309E-4 3.2027E-4 2.85197E-4 1.58527E-4 2.96985E-4 2.64734E-4 1.47542E-4 2.22907E-4 2.39656E-4 1.80171E-4 5.74065E-5 5.204E-5 1.27382E-4 2.33299E-4 2.56286E-4 2.19167E-4 2.59643E-4 2.20336E-4 2.47613E-4 2.06541E-4 1.51652E-4 1.41878E-4
-9999 -9999 -9999 -9999 1.91476E-4 3.04263E-4 2.32115E-4 1.04884E-4 1.68151E-4 2.25731E-4 2.65501E-4 2.02004E-4 1.82633E-4 1.35733E-4 1.5119E-4 1.34216E-4 6.65953E-5 5.13139E-5 7.51255E-5 6.19094E-5 7.63302E-5 1.30075E-4 1.36758E-4 1.42734E-4 1.54668E-4 1.12004E-4 1.44679E-4 1.38872E-4 1.24213E-4 1.07523E-4 1.18131E-4 1.22523E-4 1.32325E-4 9.01852E-5 1.9813E-4 2.0042E-4 1.88576E-4 3.18394E-4 3.51242E-4 3.29302E-4 2.75262E-4 4.06042E-4 4.75318E-4 3.97495E-4 3.30067E-4 2.29976E-4 2.25244E-4 1.32335E-4 2.04902E-4 2.03963E-4 2.12656E-4 1.96022E-4 1.44348E-4 1.32832E-4 1.17469E-4 1.62254E-4 1.65827E-4 1.31716E-4 2.05682E-4 2.48099E-4 2.14985E-4 2.13805E-4 2.07501E-4 1.74481E-4 1.69891E-4
-9999 -9999 -9999 -9999 1.55366E-4 2.32087E-4 1.44283E-4 1.19783E-4 1.74932E-4 2.46323E-4 2.18132E-4 1.55368E-4 7.17398E-5 1.14065E-4 1.33575E-4 1.49067E-4 9.76447E-5 1.23359E-4 1.32645E-4 1.34883E-4 1.37549E-4 1.40657E-4 1.44473E-4 9.35529E-5 9.24169E-5 8.99012E-5 1.42267E-4 1.17006E-4 1.17045E-4 6.93698E-5 1.01701E-4 1.2696E-4 1.2586E-4 6.96388E-5 6.61806E-5 1.16927E-4 1.43296E-4 1.23851E-4 9.66193E-5 1.65055E-4 1.28189E-4 1.35114E-4 8.76866E-5 9.18324E-5 1.42816E-4 1.35563E-4 2.18134E-4 2.1069E-4 1.45816E-4 2.73569E-4 1.71123E-4 1.11646E-4 2.43726E-4 9.90473E-5 1.2962E-4 1.57793E-4 1.49236E-4 2.16699E-4 2.35335E-4 1.30084E-4 2.15613E-4 2.27563E-4 2.47899E-4 2.7322E-4 1.3803E-4
-9999 -9999 -9999 4.56569E-5 1.02651E-4 9.49897E-5 7.76524E-5 1.13938E-4 1.67269E-4 2.49486E-4 2.19639E-4 1.70534E-4 1.30421E-4 1.21633E-4 1.58115E-4 1.3004E-4 8.01879E-5 8.53072E-5 1.27498E-4 1.25389E-4 1.34052E-4 9.20691E-5 1.46194E-4 1.52885E-4 1.55869E-4 1.54039E-4 1.45018E-4 7.57657E-5 1.31388E-4 1.48545E-4 1.06425E-4 8.53255E-5 1.11877E-4 6.63884E-5 6.69509E-5 1.1405E-4 6.7043E-5 6.81339E-5 1.33434E-4 1.39294E-4 8.9879E-5 1.32427E-4 1.30696E-4 1.31218E-4 1.49667E-4 1.42903E-4 1.19576E-4 1.63785E-4 1.85638E-4 3.66316E-4 1.33474E-4 2.76357E-4 1.88521E-4 1.10514E-4 1.57202E-4 9.26719E-5 1.46808E-4 2.1817E-4 2.39771E-4 2.12038E-4 2.02648E-4 2.34164E-4 2.56393E-4 2.49403E-4 1.26506E-4
-9999 -9999 -9999 7.72813E-5 1.07742E-4 1.40378E-4 8.29952E-5 7.18381E-5 7.594E-5 1.3485E-4 1.23832E-4 2.11973E-4 1.80521E-4 1.26618E-4 8.64574E-5 1.1365E-4 1.08156E-4 1.3135E-4 1.32341E-4 1.33018E-4 8.88785E-5 1.3706E-4 1.40686E-4 1.45465E-4 1.51842E-4 1.49723E-4 1.02388E-4 7.69989E-5 1.09155E-4 1.09232E-4 1.60714E-4 1.99781E-4 1.08615E-4 1.13605E-4 1.14739E-4 1.15596E-4 1.1507E-4 1.14603E-4 1.14531E-4 8.82827E-5 9.08958E-5 1.3716E-4 8.8886E-5 1.31319E-4 8.81561E-5 1.35565E-4 1.5164E-4 1.48006E-4 1.22832E-4 1.48125E-4 1.39334E-4 1.42254E-4 9.26991E-5 1.49242E-4 1.73336E-4 1.10169E-4 2.09233E-4 1.3069E-4 2.21907E-4 2.07946E-4 2.15021E-4 2.54505E-4 5.62131E-4 2.81614E-4 3.45047E-4
-9999 -9999 -9999 7.06336E-5 1.2297E-4 1.54717E-4 1.19619E-4 8.69151E-5 1.03441E-4 2.17374E-4 9.68921E-5 8.19613E-5 1.86415E-4 1.83228E-4 2.27651E-4 1.76837E-4 2.59972E-4 2.42181E-4 9.24506E-5 1.37859E-4 8.98912E-5 8.59608E-5 8.74015E-5 8.96366E-5 1.00667E-4 1.45473E-4 1.38538E-4 6.94594E-5 6.89218E-5 1.1552E-4 7.26658E-5 7.7923E-5 1.12605E-4 1.1391E-4 1.14906E-4 6.8356E-5 1.15832E-4 1.15303E-4 6.78395E-5 5.65634E-5 8.8451E-5 1.61963E-4 1.68817E-4 1.32929E-4 8.88431E-5 1.34065E-4 1.35378E-4 1.3504E-4 1.36446E-4 1.36282E-4 1.40913E-4 1.38802E-4 1.53239E-4 1.39756E-4 1.73845E-4 1.05154E-4 1.22388E-4 1.24317E-4 2.10589E-4 2.27227E-4 2.25811E-4 3.2782E-4 2.57021E-4 2.15403E-4 1.92875E-4
-9999 -9999 7.0424E-5 8.55241E-5 1.07948E-4 8.28167E-5 1.22806E-4 1.80062E-4 2.87687E-4 1.65285E-4 1.14971E-4 1.75636E-4 1.80385E-4 1.27018E-4 2.48465E-4 1.99875E-4 4.64739E-4 1.91946E-4 4.09641E-4 1.58782E-4 1.45412E-4 1.42953E-4 1.40177E-4 9.43654E-5 9.73748E-5 1.43462E-4 1.41304E-4 1.15597E-4 1.2183E-4 1.16071E-4 6.97275E-5 5.18949E-5 6.76423E-5 1.13752E-4 1.1523E-4 6.83056E-5 6.81904E-5 1.17904E-4 9.40823E-5 9.49731E-5 1.34416E-4 1.38664E-4 1.36626E-4 1.35728E-4 1.34604E-4 1.34764E-4 8.96277E-5 8.90945E-5 1.35729E-4 8.72097E-5 1.35043E-4 1.36227E-4 1.40006E-4 1.38436E-4 2.04863E-4 1.34669E-4 1.41659E-4 2.08156E-4 2.17401E-4 1.45401E-4 2.30807E-4 3.41888E-4 1.23295E-4 2.13524E-4 1.96445E-4
-9999 -9999 1.38549E-4 1.0003E-4 1.24909E-4 1.03461E-4 1.07786E-4 1.27746E-4 1.82771E-4 8.05809E-5 9.23281E-5 1.61254E-4 2.28934E-4 1.24558E-4 2.08637E-4 1.22455E-4 5.42882E-4 4.92219E-4 1.57158E-4 1.59317E-4 1.85824E-4 1.13988E-4 1.35586E-4 1.44111E-4 1.46838E-4 1.46638E-4 1.37783E-4 7.14027E-5 1.18233E-4 1.16505E-4 1.17071E-4 7.01131E-5 7.35202E-5 6.89759E-5 1.13541E-4 1.19765E-4 6.95835E-5 1.38905E-4 1.38056E-4 1.38222E-4 1.35326E-4 8.83296E-5 1.3327E-4 1.49751E-4 1.37858E-4 1.37261E-4 1.36752E-4 1.43674E-4 1.46458E-4 1.34669E-4 1.34062E-4 1.20172E-4 1.62784E-4 1.45093E-4 1.43166E-4 1.36172E-4 1.69975E-4 2.74803E-4 1.31304E-4 2.15765E-4 2.29217E-4 2.32522E-4 2.01537E-4 2.02837E-4 2.12664E-4
-9999 -9999 8.77114E-5 4.86584E-5 8.80161E-5 1.16187E-4 1.92288E-4 1.80085E-4 1.63365E-4 5.51653E-4 1.41968E-4 1.43951E-4 1.03764E-4 4.88336E-4 1.25572E-4 3.04248E-5 1.16781E-4 2.09146E-4 1.29444E-4 1.74659E-4 3.7579E-4 2.01423E-4 2.52561E-4 1.19658E-4 1.38197E-4 1.45147E-4 1.39499E-4 1.43279E-4 7.13877E-5 1.21009E-4 1.22434E-4 1.21662E-4 1.2443E-4 1.23093E-4 1.19075E-4 1.21446E-4 1.19223E-4 1.43577E-4 1.43247E-4 9.81786E-5 9.34029E-5 9.22861E-5 1.51289E-4 9.38764E-5 1.45384E-4 1.53146E-4 1.53415E-4 1.44512E-4 9.12477E-5 9.22628E-5 1.5042E-4 8.97907E-5 1.40612E-4 9.20204E-5 1.52158E-4 1.67298E-4 1.27713E-4 1.8533E-4 2.18404E-4 2.18571E-4 2.19362E-4 2.52335E-4 2.10732E-4 2.16406E-4 2.26119E-4
-9999 -9999 7.91562E-5 1.35425E-4 1.18947E-4 9.45962E-5 1.26773E-4 1.73745E-4 1.43318E-4 1.93057E-4 1.59027E-4 1.28126E-4 1.71085E-4 2.51766E-4 6.40793E-5 1.05671E-4 1.68575E-4 1.71281E-4 9.36097E-5 1.44401E-4 2.05663E-4 3.65353E-4 2.06875E-4 1.21655E-4 8.64399E-5 1.5077E-4 1.48868E-4 1.44089E-4 7.16625E-5 7.46724E-5 1.06997E-4 1.33096E-4 1.18867E-4 1.15985E-4 1.2518E-4 1.14794E-4 1.42559E-4 1.4891E-4 1.45122E-4 1.43712E-4 9.99709E-5 1.5251E-4 1.42103E-4 1.43041E-4 1.44209E-4 1.30893E-4 1.5583E-4 1.45177E-4 1.54101E-4 1.50706E-4 1.42736E-4 9.08399E-5 1.41829E-4 9.29493E-5 9.3693E-5 1.62834E-4 2.1616E-4 1.15659E-4 1.92437E-4 2.29095E-4 2.5597E-4 2.62183E-4 2.12728E-4 2.18189E-4 2.38936E-4
-9999 -9999 1.00194E-4 1.11462E-4 1.39688E-4 1.40707E-4 1.29669E-4 2.45574E-4 4.92939E-4 3.75791E-4 1.96085E-4 1.58411E-4 1.55724E-4 2.15829E-4 2.01587E-4 1.47845E-4 2.33436E-4 2.05251E-4 1.38272E-4 1.44279E-4 1.49183E-4 1.64926E-4 4.00058E-4 2.23734E-4 1.53548E-4 1.47347E-4 1.46787E-4 1.4485E-4 1.27073E-4 1.22111E-4 1.37097E-4 7.47548E-5 7.25749E-5 1.15234E-4 1.26477E-4 1.5699E-4 1.49191E-4 1.43218E-4 9.79542E-5 1.43906E-4 1.43654E-4 1.45811E-4 1.45024E-4 1.48162E-4 9.91351E-5 9.99159E-5 1.46228E-4 1.26824E-4 1.14979E-4 1.4712E-4 1.43018E-4 1.43528E-4 1.42947E-4 1.44358E-4 9.69926E-5 1.04973E-4 1.97263E-4 1.42727E-4 2.37676E-4 2.30718E-4 2.04486E-4 2.27917E-4 2.98176E-4 3.51792E-4 5.214E-4
-9999 -9999 1.06808E-4 6.83652E-5 9.63066E-5 2.29794E-4 2.03083E-4 3.28754E-4 1.70326E-4 2.59743E-4 1.89912E-4 1.74936E-4 9.77027E-5 2.32664E-4 2.17284E-4 2.39245E-4 2.45244E-4 1.50395E-4 1.08585E-4 9.52699E-5 1.48178E-4 1.469E-4 1.77157E-4 1.15479E-4 8.86582E-5 1.16966E-4 4.39334E-5 4.02522E-5 1.16645E-4 5.91985E-5 6.74913E-5 6.02977E-5 5.91317E-5 7.57398E-5 1.50152E-4 1.49706E-4 1.48196E-4 1.46552E-4 9.91716E-5 9.24044E-5 9.2961E-5 9.85729E-5 1.6806E-4 1.46533E-4 1.49885E-4 1.52501E-4 1.55987E-4 8.90055E-5 1.51653E-4 9.92879E-5 8.22731E-5 8.64377E-5 7.39699E-5 1.40856E-4 1.63427E-4 1.20476E-4 7.9055E-5 9.78254E-5 2.0455E-4 2.56676E-4 2.99342E-4 5.13712E-4 4.70833E-4 3.69691E-4 6.64586E-4
-9999 -9999 8.2731E-5 8.73797E-5 1.62172E-4 1.74028E-4 2.3747E-4 2.01069E-4 1.44812E-4 2.34888E-4 1.10844E-4 1.44122E-4 1.71119E-4 9.04551E-5 2.00988E-4 2.13137E-4 1.71227E-4 1.89119E-4 1.99415E-4 2.68449E-4 3.08014E-4 2.81435E-4 5.35161E-4 2.06826E-4 2.49267E-5 7.09757E-5 1.09498E-4 1.42995E-4 6.93517E-5 5.41958E-5 5.08795E-5 6.20085E-5 6.00141E-5 1.03106E-4 1.50584E-4 1.51962E-4 1.54191E-4 1.50455E-4 1.04619E-4 9.84325E-5 6.74323E-5 6.54782E-5 1.02425E-4 1.89935E-4 9.34475E-5 1.41438E-4 1.35435E-4 1.49092E-4 1.64633E-4 1.34706E-4 1.48389E-4 9.65669E-5 8.65595E-5 9.04587E-5 1.52495E-4 7.81521E-5 2.01695E-4 6.37904E-5 1.2757E-4 2.13474E-4 1.58575E-4 5.33147E-4 5.47355E-4 4.0945E-4 2.37544E-4
-9999 -9999 -9999 9.56972E-5 1.95695E-4 2.35451E-4 1.83342E-4 1.66106E-4 4.29424E-4 2.89501E-4 2.64053E-4 1.11129E-4 1.88858E-4 9.06353E-5 1.12948E-4 2.9493E-4 2.38118E-4 1.16364E-4 1.85215E-4 1.22821E-4 1.24642E-4 1.46208E-4 1.8721E-4 1.31135E-4 2.70756E-5 3.7293E-5 1.0824E-4 1.13348E-4 6.04016E-5 9.71691E-5 4.75545E-5 8.32081E-5 1.37738E-4 1.16978E-4 9.95198E-5 1.16092E-4 1.53678E-4 1.30768E-4 1.38674E-4 1.44619E-4 1.06895E-4 1.05268E-4 1.47213E-4 1.4753E-4 1.39686E-4 1.45731E-4 8.32707E-5 1.72238E-4 1.6232E-4 1.14036E-4 1.65107E-4 2.04503E-4 1.47993E-4 7.21425E-5 1.51564E-4 7.99134E-5 2.25634E-4 1.63697E-4 4.59823E-5 2.35492E-4 2.50905E-4 2.13479E-4 2.71093E-4 4.22065E-4 3.70922E-4
-9999 -9999 -9999 1.20718E-4 2.05617E-4 2.56537E-4 2.11834E-4 2.47406E-4 2.95869E-4 1.92544E-4 3.35981E-4 2.1938E-4 1.74128E-4 1.00984E-4 1.35233E-4 1.83384E-4 2.0614E-4 1.82228E-4 1.88352E-4 1.40465E-4 1.4791E-4 9.54319E-5 1.00767E-4 9.17554E-5 1.17042E-4 1.09288E-4 1.34206E-4 6.20534E-5 3.61806E-5 5.54639E-5 1.08033E-4 1.42947E-4 9.77601E-5 9.88952E-5 8.08811E-5 1.31772E-4 1.46461E-4 1.46922E-4 1.68092E-4 1.38277E-4 1.47745E-4 1.54503E-4 1.32754E-4 9.56958E-5 1.428E-4 1.42579E-4 9.15584E-5 1.51022E-4 1.4798E-4 1.58138E-4 1.9933E-4 7.68808E-5 1.05719E-4 1.36208E-5 1.64282E-5 1.53864E-4 2.12053E-4 1.51923E-4 1.73879E-4 2.93541E-4 2.43114E-4 2.49003E-4 3.39907E-4 8.35685E-4 3.30788E-4
-9999 -9999 -9999 2.08268E-4 2.1728E-4 1.7783E-4 1.83162E-4 1.07803E-4 1.46837E-4 2.91393E-4 2.64478E-4 2.79145E-4 1.18555E-4 1.89658E-4 1.57611E-4 2.33504E-4 1.90114E-4 2.14195E-4 1.74986E-4 1.36129E-4 1.54301E-4 1.05133E-4 1.09351E-4 1.55074E-4 1.34838E-4 1.27014E-4 1.48463E-4 1.36119E-4 7.32351E-5 1.39652E-4 1.83586E-4 1.57534E-4 1.59061E-4 1.58599E-4 1.52557E-4 1.30741E-4 1.52776E-4 1.15112E-4 8.60787E-5 1.42451E-4 1.55323E-4 1.01848E-4 1.47781E-4 1.43788E-4 1.49958E-4 1.46515E-4 1.474E-4 1.37902E-4 1.15455E-4 1.0579E-4 2.77936E-5 6.56596E-5 3.14401E-5 6.72966E-5 1.65627E-5 1.18281E-4 2.24803E-4 3.01968E-4 3.15307E-4 2.65714E-4 3.1405E-4 3.30126E-4 3.51056E-4 4.87256E-4 6.80003E-4
-9999 -9999 -9999 8.6102E-5 8.92451E-5 8.69497E-5 1.86604E-4 1.15846E-4 5.60945E-5 3.12153E-4 3.42376E-4 1.41874E-4 2.15354E-4 7.63622E-5 1.32907E-4 1.79747E-4 2.36192E-4 2.00311E-4 1.95348E-4 2.03173E-4 1.36802E-4 1.4625E-4 1.5425E-4 1.02962E-4 9.21777E-5 7.16452E-5 9.63215E-5 1.08051E-4 1.53734E-4 1.40863E-4 1.55891E-4 1.55893E-4 1.14793E-4 1.59781E-4 1.12369E-4 1.09722E-4 1.56265E-4 1.53361E-4 1.60139E-4 1.55782E-4 1.24476E-4 1.51096E-4 1.61889E-4 1.09735E-4 1.70585E-4 1.27325E-4 7.02612E-5 6.5776E-5 5.50361E-5 2.25753E-5 5.92524E-5 4.42912E-5 9.14089E-6 4.45393E-5 3.93018E-5 8.53347E-6 7.68992E-5 3.13019E-4 2.24222E-4 2.26144E-4 2.33308E-4 2.40476E-4 2.41177E-4 2.59849E-4 2.04144E-4
-9999 -9999 -9999 -9999 4.79492E-5 9.24039E-5 1.88822E-4 1.08969E-4 7.12239E-5 1.89246E-4 2.95159E-4 2.09288E-4 1.62408E-4 7.82555E-5 8.69444E-5 1.16837E-4 1.19519E-4 2.11462E-4 2.36823E-4 2.0698E-4 1.26646E-4 1.29147E-4 1.3209E-4 1.43783E-4 1.18576E-4 1.31492E-4 1.03579E-4 1.41131E-4 1.4595E-4 1.09495E-4 1.55634E-4 1.47607E-4 1.07815E-4 1.48858E-4 1.08797E-4 1.00321E-4 1.54026E-4 1.14849E-4 1.05195E-4 1.03075E-4 1.59197E-4 2.13998E-4 1.13105E-4 1.55855E-4 1.02275E-4 1.46666E-4 7.63188E-5 4.69054E-5 3.37302E-5 1.34557E-5 5.87665E-5 9.13164E-6 1.85219E-5 4.91306E-5 1.02103E-4 5.7733E-5 1.00876E-4 2.3568E-4 2.31867E-4 2.3298E-4 2.40133E-4 2.14508E-4 1.98255E-4 2.47494E-4 1.99428E-4
-9999 -9999 -9999 -9999 9.12382E-5 -9999 1.40363E-4 1.05209E-4 9.40075E-5 1.82664E-4 2.26943E-4 3.0083E-4 1.94561E-4 1.83999E-4 1.41079E-4 1.27426E-4 1.90535E-4 1.45241E-4 1.12603E-4 1.96173E-4 1.39151E-4 1.33912E-4 1.33152E-4 9.0546E-5 1.38915E-4 1.36779E-4 9.26787E-5 9.35501E-5 1.04382E-4 1.03449E-4 1.52348E-4 1.51007E-4 1.00579E-4 1.53222E-4 1.4734E-4 1.49866E-4 1.5246E-4 1.51962E-4 1.58247E-4 1.59867E-4 1.29432E-4 1.60433E-4 1.53804E-4 1.16644E-4 2.09929E-4 1.58444E-4 1.8893E-4 1.57224E-4 1.56247E-4 1.66973E-4 2.08942E-4 1.6756E-4 1.52381E-4 8.22941E-5 1.44023E-4 1.80152E-4 9.96093E-5 2.30703E-4 2.67058E-4 1.42088E-4 2.24803E-4 2.49467E-4 2.51819E-4 2.20091E-4 2.06472E-4
