catData/rasterBestHybridModels/Prubiginosus/RD_BM01_RM1.5_L/Prubiginosus_max.asc
ncols         409
nrows         350
xllcorner     60.897278365
yllcorner     5.843756025
cellsize      0.0892857
NODATA_value  -9999
[rows 87 to 115 of 350, columns 260 to 324 of 409]
-9999 -9999 -9999 -9999 -9999 -9999 -9999 -9999 -9999 -9999 -9999 -9999 -9999 -9999 -9999 -9999 -9999 -9999 -9999 -9999 -9999 -9999 -9999 -9999 -9999 -9999 -9999 -9999 -9999 -9999 -9999 -9999 -9999 -9999 -9999 -9999 -9999 -9999 -9999 -9999 -9999 -9999 -9999 -9999 -9999 -9999 -9999 -9999 -9999 -9999 -9999 -9999 -9999 -9999 -9999 -9999 -9999 -9999 -9999 -9999 -9999 -9999 -9999 -9999 -9999
1.51053E-5 -9999 -9999 -9999 -9999 -9999 -9999 -9999 -9999 -9999 -9999 -9999 -9999 -9999 -9999 -9999 -9999 -9999 -9999 -9999 -9999 -9999 -9999 -9999 -9999 -9999 -9999 -9999 -9999 -9999 -9999 -9999 -9999 -9999 -9999 -9999 -9999 -9999 -9999 -9999 -9999 -9999 -9999 -9999 -9999 -9999 -9999 -9999 -9999 -9999 -9999 -9999 -9999 -9999 -9999 -9999 -9999 -9999 -9999 -9999 -9999 -9999 -9999 -9999 -9999
1.41371E-5 -9999 -9999 -9999 -9999 -9999 -9999 -9999 -9999 -9999 -9999 -9999 -9999 -9999 -9999 -9999 -9999 -9999 -9999 -9999 -9999 -9999 -9999 -9999 -9999 -9999 -9999 -9999 -9999 -9999 -9999 -9999 -9999 -9999 -9999 -9999 -9999 -9999 -9999 -9999 -9999 -9999 -9999 -9999 -9999 -9999 -9999 -9999 -9999 -9999 -9999 -9999 -9999 -9999 -9999 -9999 -9999 -9999 -9999 -9999 -9999 -9999 -9999 -9999 -9999
-9999 -9999 -9999 -9999 -9999 -9999 -9999 -9999 -9999 -9999 -9999 -9999 -9999 -9999 -9999 -9999 -9999 -9999 -9999 -9999 -9999 -9999 -9999 -9999 -9999 -9999 -9999 -9999 -9999 -9999 -9999 -9999 -9999 -9999 -9999 -9999 -9999 -9999 -9999 -9999 -9999 -9999 -9999 -9999 -9999 -9999 -9999 -9999 -9999 -9999 -9999 -9999 -9999 -9999 -9999 -9999 -9999 -9999 -9999 -9999 -9999 -9999 -9999 -9999 -9999
4.32393E-6 3.4761E-6 -9999 -9999 -9999 -9999 -9999 -9999 -9999 -9999 -9999 -9999 -9999 -9999 -9999 -9999 -9999 -9999 -9999 -9999 -9999 -9999 -9999 -9999 -9999 -9999 -9999 -9999 -9999 -9999 -9999 -9999 -9999 -9999 -9999 -9999 -9999 -9999 -9999 -9999 -9999 -9999 -9999 -9999 -9999 -9999 -9999 -9999 -9999 -9999 -9999 -9999 -9999 -9999 -9999 -9999 -9999 -9999 -9999 -9999 -9999 -9999 -9999 -9999 -9999
4.58242E-6 6.99814E-6 5.97902E-6 -9999 -9999 -9999 -9999 -9999 -9999 -9999 -9999 -9999 -9999 -9999 -9999 -9999 -9999 -9999 -9999 -9999 -9999 -9999 -9999 -9999 -9999 -9999 -9999 -9999 -9999 -9999 -9999 -9999 -9999 -9999 -9999 -9999 -9999 -9999 -9999 -9999 -9999 -9999 -9999 -9999 -9999 -9999 -9999 -9999 -9999 -9999 -9999 -9999 -9999 -9999 -9999 -9999 -9999 -9999 -9999 -9999 -9999 -9999 -9999 -9999 -9999
1.13821E-5 2.47482E-5 8.13007E-6 4.85221E-6 5.68457E-6 1.59419E-5 -9999 -9999 -9999 -9999 -9999 -9999 -9999 -9999 -9999 -9999 -9999 -9999 -9999 -9999 -9999 -9999 -9999 -9999 -9999 -9999 -9999 -9999 -9999 -9999 -9999 -9999 -9999 -9999 -9999 -9999 -9999 -9999 -9999 -9999 -9999 -9999 -9999 -9999 -9999 -9999 -9999 -9999 -9999 -9999 -9999 -9999 -9999 -9999 -9999 -9999 -9999 -9999 -9999 -9999 -9999 -9999 -9999 -9999 -9999
1.90937E-5 1.71107E-5 1.07654E-5 1.9511E-5 1.47395E-5 1.92937E-5 6.17492E-6 -9999 -9999 -9999 1.04306E-5 1.43962E-5 -9999 -9999 -9999 -9999 -9999 -9999 -9999 -9999 -9999 -9999 -9999 -9999 -9999 -9999 -9999 -9999 -9999 -9999 -9999 -9999 -9999 -9999 -9999 -9999 -9999 -9999 -9999 -9999 -9999 -9999 -9999 -9999 -9999 -9999 -9999 -9999 -9999 -9999 -9999 -9999 -9999 -9999 -9999 -9999 -9999 -9999 -9999 -9999 -9999 -9999 -9999 -9999 -9999
2.15115E-5 2.43828E-5 2.33646E-5 3.07914E-5 9.59203E-6 1.4735E-5 1.39108E-5 1.75306E-5 1.13311E-5 4.05906E-6 8.45099E-6 1.77896E-5 -9999 -9999 -9999 -9999 -9999 -9999 -9999 -9999 -9999 -9999 -9999 -9999 -9999 -9999 -9999 -9999 -9999 -9999 -9999 -9999 -9999 -9999 -9999 -9999 -9999 -9999 -9999 -9999 -9999 -9999 -9999 -9999 -9999 -9999 -9999 -9999 -9999 -9999 -9999 -9999 -9999 -9999 -9999 -9999 -9999 -9999 -9999 -9999 -9999 -9999 -9999 -9999 -9999
7.85306E-6 1.99682E-5 4.49215E-5 2.84893E-5 1.06684E-5 5.46359E-6 8.59877E-6 2.91243E-5 2.36566E-5 1.63127E-5 1.05055E-5 1.00118E-5 -9999 -9999 -9999 -9999 -9999 -9999 -9999 -9999 -9999 -9999 -9999 -9999 -9999 -9999 -9999 -9999 -9999 -9999 -9999 -9999 -9999 -9999 -9999 -9999 -9999 -9999 -9999 -9999 -9999 -9999 -9999 -9999 -9999 -9999 -9999 -9999 -9999 -9999 -9999 -9999 -9999 -9999 -9999 -9999 -9999 -9999 -9999 -9999 -9999 -9999 -9999 -9999 -9999
2.54599E-5 4.64018E-5 5.26355E-5 3.43182E-5 1.42784E-5 1.59676E-5 9.16444E-6 1.90645E-5 4.6227E-5 1.4018E-5 1.79402E-6 -9999 -9999 -9999 -9999 -9999 -9999 -9999 -9999 -9999 -9999 -9999 -9999 -9999 -9999 -9999 -9999 -9999 -9999 -9999 -9999 -9999 -9999 -9999 -9999 -9999 -9999 -9999 -9999 -9999 -9999 -9999 -9999 -9999 -9999 -9999 -9999 -9999 -9999 -9999 -9999 -9999 -9999 -9999 -9999 -9999 -9999 -9999 -9999 -9999 -9999 -9999 -9999 -9999 -9999
5.24676E-5 5.20993E-5 5.12105E-5 3.45027E-5 2.57934E-5 2.52606E-5 3.50226E-5 3.9921E-5 1.186E-4 2.38807E-5 1.05821E-5 7.98624E-6 7.71535E-6 -9999 -9999 1.52511E-5 -9999 -9999 -9999 -9999 -9999 -9999 -9999 -9999 -9999 -9999 -9999 -9999 -9999 -9999 -9999 -9999 -9999 -9999 -9999 -9999 -9999 -9999 -9999 -9999 -9999 -9999 -9999 -9999 -9999 -9999 -9999 -9999 -9999 -9999 -9999 -9999 -9999 -9999 -9999 -9999 -9999 -9999 -9999 -9999 -9999 -9999 -9999 -9999 -9999
5.99073E-5 3.42853E-5 6.282E-5 6.27412E-5 3.4197E-5 3.48479E-5 1.09755E-4 1.16907E-4 1.10387E-4 1.08486E-4 6.16564E-5 6.11391E-5 4.67753E-5 5.85753E-5 4.50093E-5 3.86281E-5 2.68205E-5 9.46052E-6 -9999 -9999 -9999 -9999 -9999 -9999 -9999 -9999 -9999 -9999 -9999 -9999 -9999 -9999 -9999 -9999 -9999 -9999 -9999 -9999 -9999 -9999 -9999 -9999 -9999 -9999 -9999 -9999 -9999 -9999 -9999 -9999 -9999 -9999 -9999 -9999 -9999 -9999 -9999 -9999 -9999 -9999 -9999 -9999 -9999 -9999 5.05569E-7
1.10173E-4 9.35142E-5 1.02626E-4 1.02311E-4 8.76679E-5 5.71375E-5 5.77596E-5 6.11013E-5 1.04859E-4 3.62759E-5 3.69614E-5 6.1295E-5 6.58247E-5 6.42591E-5 5.08246E-5 1.95608E-5 2.86309E-5 1.55864E-5 8.28798E-6 1.04232E-5 2.3386E-5 -9999 2.82718E-5 -9999 -9999 -9999 -9999 -9999 4.47275E-6 -9999 -9999 -9999 -9999 -9999 -9999 -9999 -9999 -9999 -9999 -9999 -9999 -9999 -9999 -9999 -9999 -9999 -9999 -9999 -9999 -9999 1.69203E-5 -9999 -9999 -9999 -9999 -9999 -9999 -9999 -9999 -9999 -9999 2.91123E-6 2.39574E-6 1.52379E-6 5.93471E-7
3.53734E-5 6.34059E-5 7.47734E-5 5.33936E-5 5.03928E-5 3.23816E-5 5.76032E-5 8.80811E-5 7.44316E-5 6.62807E-5 3.61676E-5 3.5532E-5 6.18982E-5 3.6519E-5 5.68739E-5 7.24E-5 1.12802E-4 6.1609E-5 1.90374E-5 2.65346E-5 1.06144E-4 -9999 3.53405E-5 6.70606E-5 -9999 -9999 -9999 7.05899E-6 1.14259E-5 7.89334E-6 6.81686E-6 -9999 -9999 -9999 -9999 -9999 -9999 -9999 -9999 -9999 -9999 -9999 -9999 -9999 -9999 -9999 -9999 -9999 2.6102E-5 1.0851E-5 2.74861E-5 1.35742E-5 -9999 -9999 -9999 -9999 -9999 -9999 -9999 6.19587E-6 4.65688E-6 3.70914E-6 3.36357E-6 2.24639E-6 1.09051E-6
5.3695E-5 2.60459E-4 3.61061E-5 4.88601E-5 4.59647E-5 5.08565E-5 5.23068E-5 9.40743E-5 5.8901E-5 5.88259E-5 5.91882E-5 6.4976E-5 3.92007E-5 3.1848E-5 3.67894E-5 6.77572E-5 6.9154E-5 5.74631E-5 6.79388E-5 3.6884E-5 1.16068E-4 3.49761E-5 2.44711E-5 6.82234E-5 4.38288E-5 1.87966E-5 9.27955E-6 1.57693E-5 5.02295E-5 1.4365E-5 1.50502E-5 5.78459E-6 3.10097E-6 1.06569E-6 -9999 -9999 -9999 -9999 -9999 -9999 -9999 -9999 -9999 1.09007E-5 -9999 6.91209E-6 1.61389E-5 1.09475E-5 1.33868E-5 1.39976E-5 1.09141E-5 8.28741E-6 1.34275E-5 -9999 -9999 -9999 -9999 -9999 1.37015E-5 8.67443E-6 6.09148E-6 4.68925E-6 4.18806E-6 3.14668E-6 1.38633E-6
1.04512E-4 4.9652E-5 5.30287E-5 6.02467E-5 5.97729E-5 1.95169E-4 1.03381E-4 1.05934E-4 1.04375E-4 1.05129E-4 5.53506E-5 4.13013E-5 5.62459E-5 5.77922E-5 1.06006E-4 7.53968E-5 6.30405E-5 6.4301E-5 7.8494E-5 7.31501E-5 8.36837E-5 6.39897E-5 4.35747E-5 6.83895E-5 3.28244E-5 1.99639E-5 1.01276E-5 1.55618E-5 5.77624E-5 6.54723E-5 4.3492E-5 1.36987E-5 5.77158E-6 5.42905E-6 1.49057E-5 5.08896E-5 6.57182E-5 6.5447E-5 2.43373E-5 2.96079E-5 2.64602E-5 2.43662E-5 1.9236E-5 7.11671E-6 4.53592E-6 5.19415E-6 1.5559E-5 2.42119E-5 2.93592E-5 3.65063E-5 1.34385E-5 2.58802E-5 1.00844E-5 6.53243E-6 -9999 -9999 -9999 -9999 1.60767E-5 1.0231E-5 6.21341E-6 5.29422E-6 5.91141E-6 3.51431E-6 1.94848E-6
1.0718E-4 6.40085E-5 6.81663E-5 1.93617E-4 1.91282E-4 1.93322E-4 1.61789E-4 1.65142E-4 2.97441E-5 5.02331E-5 4.18701E-5 4.78703E-5 9.31054E-5 6.47406E-5 3.93987E-5 5.10042E-5 7.33069E-5 5.14316E-5 8.28853E-5 5.30656E-5 8.42806E-5 5.12114E-5 1.19668E-4 1.23773E-4 6.87241E-5 2.08285E-5 1.15247E-5 1.18979E-5 2.16266E-5 6.1956E-5 2.18804E-5 1.60889E-5 1.21996E-5 1.07797E-5 2.60703E-5 5.54587E-5 6.99969E-5 1.13328E-4 7.44474E-5 2.90979E-5 2.95253E-5 2.85558E-5 2.15709E-5 8.95277E-6 2.99454E-6 2.66087E-6 9.35113E-6 1.05391E-5 3.10363E-5 4.10023E-5 2.05478E-5 3.69771E-5 1.73357E-5 -9999 -9999 -9999 -9999 1.4374E-5 1.20669E-5 8.43925E-6 5.63917E-6 4.87777E-6 6.33646E-6 4.67881E-6 3.08683E-6
8.94098E-5 9.77788E-5 1.06396E-4 9.64143E-5 5.29068E-5 1.1247E-4 1.75749E-4 2.72253E-4 1.41388E-4 9.205E-5 5.03575E-5 5.06085E-5 3.50237E-5 3.45032E-5 8.61505E-6 3.88602E-5 5.43391E-5 1.47022E-4 1.49283E-4 5.3627E-5 5.86618E-5 1.61964E-4 5.63407E-5 6.44152E-5 7.20628E-5 5.711E-5 3.73449E-5 2.89146E-5 3.43283E-5 6.07648E-5 2.42734E-5 4.20494E-5 3.65939E-5 3.31873E-5 4.97765E-5 3.36927E-5 1.91309E-4 5.92739E-5 4.05116E-5 1.9844E-5 7.07208E-5 7.88111E-5 4.55872E-5 1.99614E-5 2.87973E-6 3.91944E-6 1.21E-5 1.70131E-5 8.51417E-5 1.03834E-4 1.1693E-4 3.72569E-5 3.67576E-5 -9999 -9999 -9999 2.95902E-5 1.72593E-5 1.04426E-5 6.12663E-6 5.08693E-6 2.9272E-6 4.57885E-6 9.03564E-6 6.07387E-6
5.63882E-5 1.12906E-4 9.35867E-5 1.17514E-4 1.03912E-4 1.11992E-4 1.1165E-4 1.06691E-4 9.28556E-5 8.81793E-5 1.43529E-4 1.41215E-4 2.19949E-4 2.88625E-5 3.41171E-5 6.02485E-5 5.78947E-5 4.99477E-5 3.00978E-5 1.79277E-5 3.47358E-5 3.33729E-5 3.1232E-5 1.79165E-4 1.7708E-4 6.09906E-5 1.61122E-4 5.32524E-5 5.92067E-5 5.74506E-5 2.92157E-5 4.71681E-5 2.91547E-5 9.2949E-5 1.71274E-4 2.59974E-4 2.42313E-4 1.41567E-4 1.19599E-4 5.46801E-5 2.89672E-5 6.02188E-5 4.82119E-5 4.4942E-5 8.95839E-6 5.48829E-5 7.82672E-5 8.09581E-5 1.5763E-4 3.09175E-5 5.99674E-5 1.24307E-4 1.96822E-5 -9999 -9999 3.36012E-5 1.77713E-5 1.49694E-5 8.48632E-6 5.01171E-6 4.49248E-6 6.10562E-6 7.65019E-6 1.39119E-5 1.00373E-5
4.9274E-5 6.74682E-5 6.41309E-5 9.03172E-5 1.22092E-4 7.31521E-5 7.06237E-5 1.03279E-4 9.42849E-5 9.37907E-5 9.52464E-5 8.28419E-5 4.97617E-5 5.89177E-5 3.42292E-5 3.26679E-5 2.83041E-5 4.57755E-5 4.7616E-5 6.02848E-5 3.62803E-5 3.34241E-5 3.34556E-5 3.59441E-5 3.8134E-5 7.29798E-5 1.68531E-4 9.90616E-5 1.60282E-4 2.40352E-4 1.56122E-4 1.77287E-4 1.51145E-4 4.14615E-5 7.39034E-5 4.24381E-5 4.56884E-5 5.65372E-5 3.65993E-5 7.09381E-5 7.1004E-5 6.90047E-5 5.86557E-5 1.01324E-4 3.54747E-5 3.82551E-5 4.82156E-5 3.01338E-5 7.04602E-5 7.25878E-5 6.47437E-5 8.8482E-5 -9999 -9999 3.01389E-5 1.93277E-5 1.43557E-5 6.97466E-6 1.09262E-5 1.37044E-5 1.03795E-5 1.169E-5 1.19245E-5 1.40178E-5 1.51373E-5
5.42464E-5 9.70888E-5 6.47799E-5 6.51658E-5 1.17868E-4 1.12841E-4 7.34238E-5 3.96918E-5 3.90582E-5 4.66142E-5 7.50487E-5 9.1539E-5 1.05621E-4 1.02822E-4 1.69303E-4 6.20925E-5 3.48642E-5 3.2089E-5 3.23278E-5 5.44688E-5 6.04704E-5 5.20828E-5 6.51742E-5 6.72897E-5 3.79781E-5 4.05688E-5 7.39279E-5 7.44669E-5 3.97004E-5 7.06193E-5 4.01004E-5 2.11572E-4 4.24977E-5 7.73392E-5 7.97057E-5 4.85751E-5 4.22116E-5 6.67953E-5 4.17268E-5 7.49648E-5 7.49496E-5 7.3863E-5 3.88454E-5 5.69327E-5 4.97047E-5 5.54406E-5 6.09546E-5 6.56891E-5 7.21863E-5 7.44937E-5 7.16318E-5 5.05277E-5 9.85451E-5 -9999 1.95522E-5 2.06958E-5 9.77485E-6 9.59419E-6 1.52472E-5 2.27546E-5 5.42237E-5 4.89728E-5 2.95911E-5 2.72638E-5 2.72938E-5
3.26046E-5 4.78663E-5 3.83893E-5 4.04338E-5 5.72893E-5 3.00346E-5 9.29007E-5 1.06E-4 4.17955E-5 5.48948E-5 5.0459E-5 1.37068E-4 3.20889E-5 7.42973E-5 4.82331E-5 1.03546E-4 1.82775E-4 1.59897E-4 2.94311E-4 3.87402E-5 6.58942E-5 6.44712E-5 6.84119E-5 6.82313E-5 7.01966E-5 7.12087E-5 7.38817E-5 7.04383E-5 7.54042E-5 7.00339E-5 7.10558E-5 7.41182E-5 7.40022E-5 7.61533E-5 8.2676E-5 8.59053E-5 7.356E-5 7.76492E-5 8.10748E-5 7.302E-5 7.84646E-5 7.55157E-5 7.38396E-5 6.76328E-5 6.49598E-5 6.95717E-5 7.33075E-5 4.06867E-5 7.40231E-5 4.14914E-5 7.54715E-5 3.73662E-5 4.93078E-5 5.60419E-5 3.78437E-5 2.58445E-5 1.34989E-5 2.06543E-5 1.57755E-5 5.34015E-5 9.04342E-5 5.10513E-5 2.30577E-5 2.1843E-5 1.1508E-5
8.79638E-6 2.64019E-5 5.38651E-5 1.29417E-5 7.78248E-6 6.17716E-6 1.73491E-5 4.7464E-5 4.40677E-5 1.11565E-4 4.42015E-5 1.43777E-4 4.3582E-5 5.5742E-5 8.0379E-5 3.82078E-5 5.71788E-5 5.82831E-5 1.47254E-4 3.06983E-4 2.92207E-4 3.98869E-5 1.98295E-4 3.65018E-5 3.94434E-5 6.99622E-5 7.22912E-5 3.02673E-5 4.45376E-5 4.13867E-5 3.69287E-5 3.86903E-5 7.01995E-5 7.13592E-5 7.93636E-5 8.14868E-5 7.34902E-5 7.73065E-5 7.27785E-5 4.59993E-5 9.08466E-5 8.27603E-5 4.07643E-5 6.83725E-5 6.70859E-5 7.28847E-5 8.09333E-5 7.98976E-5 8.19327E-5 8.29181E-5 8.13376E-5 7.38364E-5 7.18914E-5 6.62219E-5 1.28528E-4 2.39649E-5 5.08951E-5 3.27324E-5 2.32983E-5 2.58857E-5 5.36483E-5 2.32481E-5 3.13127E-5 3.39724E-5 3.61107E-5
7.62722E-6 7.04859E-6 8.38046E-6 5.62629E-6 7.29286E-6 1.63752E-5 1.59509E-5 1.11048E-5 3.93319E-6 1.51866E-5 2.57087E-5 9.22677E-5 8.84877E-5 9.05661E-5 4.56898E-5 3.65034E-5 8.88595E-5 7.76495E-5 7.72709E-5 3.86083E-5 1.60195E-4 1.26939E-4 1.68888E-4 2.8373E-5 3.66389E-5 7.13713E-5 4.44276E-5 3.22897E-5 3.49708E-5 4.56103E-5 6.87058E-5 6.73101E-5 7.66495E-5 8.66437E-5 5.55423E-5 4.01604E-5 3.93697E-5 7.54849E-5 9.05071E-5 6.19347E-5 9.18145E-5 7.78544E-5 7.36614E-5 6.75571E-5 3.77885E-5 4.32628E-5 8.86795E-5 9.20523E-5 9.2814E-5 8.18596E-5 7.36277E-5 4.18109E-5 4.18288E-5 7.69006E-5 4.12943E-5 7.20365E-5 2.14589E-5 2.01948E-5 2.003E-5 3.00687E-5 5.24392E-5 6.68813E-5 5.42544E-5 2.05583E-5 1.90999E-5
1.34644E-5 5.90531E-6 7.18404E-6 9.18233E-6 1.74957E-5 5.67906E-5 9.27828E-5 7.39838E-5 3.44586E-5 1.33026E-5 2.93424E-5 1.19825E-5 1.70671E-5 1.36105E-5 2.33395E-5 4.99963E-5 3.17326E-5 5.09419E-5 8.85128E-5 6.62423E-5 7.93949E-5 6.59776E-5 7.14197E-5 3.63321E-5 2.30778E-4 6.99647E-5 4.60053E-5 3.77545E-5 3.40245E-5 5.00355E-5 7.7378E-5 4.10553E-5 6.94658E-5 8.14888E-5 8.4434E-5 7.64989E-5 7.72786E-5 8.82483E-5 2.98793E-5 5.65018E-5 7.5335E-5 7.15974E-5 7.42099E-5 7.4755E-5 7.43289E-5 7.27507E-5 7.21183E-5 7.98854E-5 9.26163E-5 8.54567E-5 7.65112E-5 7.97205E-5 8.08644E-5 9.0338E-5 4.57833E-5 3.72493E-5 1.76206E-4 1.09644E-4 8.36431E-5 9.8235E-5 1.64093E-4 5.1615E-5 2.62059E-5 2.11688E-5 4.14743E-5
2.39421E-5 1.79479E-5 5.14449E-6 5.0308E-6 8.84573E-6 2.40284E-5 2.7023E-5 5.1649E-5 2.55366E-5 1.28324E-5 1.44001E-5 2.56798E-5 3.11403E-5 2.18956E-5 1.81926E-5 1.9948E-5 8.69995E-6 1.89698E-5 4.56213E-5 5.69357E-5 5.24617E-5 9.46153E-5 1.03562E-4 9.71242E-5 8.96383E-5 8.18522E-5 2.29354E-4 7.59332E-5 4.49992E-5 5.02444E-5 7.97047E-5 7.89776E-5 8.073E-5 5.3835E-5 5.56415E-5 8.85329E-5 8.90237E-5 5.52672E-5 5.84897E-5 4.01003E-5 4.09296E-5 8.42845E-5 8.05618E-5 7.55791E-5 7.06272E-5 7.17074E-5 7.15247E-5 7.7987E-5 9.30856E-5 6.38587E-5 6.55601E-5 9.28822E-5 9.49135E-5 9.32968E-5 9.23679E-5 8.46138E-5 7.69215E-5 2.17376E-4 7.95166E-5 3.78428E-5 6.40394E-5 5.97291E-5 5.10006E-5 4.28943E-5 4.20368E-5
8.54574E-6 3.20117E-5 8.70913E-6 1.08188E-5 7.21272E-6 7.43811E-6 8.77371E-6 3.0095E-5 3.08048E-5 2.57247E-5 1.09822E-5 6.75036E-6 2.28105E-5 3.43861E-5 1.36407E-5 1.61774E-5 2.13113E-5 9.42337E-6 8.38144E-6 1.3517E-5 3.32022E-5 5.46803E-5 6.16177E-5 6.91833E-5 8.32123E-5 1.11026E-4 4.10056E-5 2.06931E-4 4.30338E-5 4.41895E-5 4.73801E-5 2.39374E-4 2.4586E-4 4.30343E-4 7.64352E-5 4.23369E-4 3.59183E-4 7.69879E-5 7.40947E-5 7.45692E-5 8.32719E-5 9.96794E-5 9.85271E-5 8.78078E-5 4.44351E-5 8.45551E-5 8.77349E-5 6.00323E-5 8.3653E-5 8.20846E-5 6.15045E-5 7.24653E-5 5.82281E-5 6.98857E-5 7.52097E-5 7.98038E-5 4.84385E-4 3.07364E-4 5.29473E-5 1.40116E-4 1.39562E-4 1.29742E-4 7.6477E-5 7.09765E-5 1.04509E-4
6.68173E-6 1.54758E-5 3.04405E-5 1.43828E-5 1.9918E-5 1.74896E-5 1.96392E-5 9.04904E-6 1.0356E-5 2.21988E-5 1.40795E-5 1.24584E-5 1.24189E-5 2.35971E-5 6.47336E-6 1.01546E-5 1.11905E-5 1.21076E-5 9.8609E-6 9.12965E-6 1.69666E-5 3.63574E-6 2.08754E-5 1.6896E-5 2.96361E-5 6.31804E-5 7.05052E-5 1.15429E-4 1.6817E-4 1.86164E-4 1.9443E-4 1.53998E-4 1.70586E-4 1.94746E-4 3.0944E-4 1.99347E-4 2.17202E-4 4.96981E-5 2.84449E-4 3.68985E-5 5.71976E-5 4.86697E-5 8.31501E-5 5.4106E-5 7.71619E-5 5.81688E-5 6.37418E-5 5.08423E-5 7.25949E-5 4.73688E-5 4.73754E-5 3.25231E-5 5.82217E-5 7.69148E-5 3.13722E-4 2.12306E-4 5.8228E-5 8.68354E-5 4.79534E-4 1.59135E-4 1.02225E-4 1.62057E-4 5.85884E-5 1.18049E-4 1.87452E-4
