catData/rasterBestHybridModels/Prubiginosus/RD_BM01_RM1.5_L/Prubiginosus_median.asc
ncols         409
nrows         350
xllcorner     60.897278365
yllcorner     5.843756025
cellsize      0.0892857
NODATA_value  -9999
[rows 116 to 144 of 350, columns 325 to 389 of 409]
3.25596E-5 2.97402E-5 9.18878E-5 6.61909E-5 5.76731E-5 7.94732E-5 5.56706E-5 2.93951E-5 2.71078E-5 2.40471E-5 2.49495E-5 1.81155E-5 3.38862E-5 2.17113E-5 1.15178E-5 2.26609E-5 2.20406E-5 1.6426E-5 1.38448E-5 9.90834E-6 1.45311E-5 5.32226E-5 1.6388E-5 1.18563E-5 1.9307E-5 1.75168E-5 3.14152E-5 2.72907E-5 3.24722E-5 2.83721E-5 3.09125E-5 3.72298E-5 4.39384E-5 5.31146E-5 3.2963E-5 2.65538E-5 3.20815E-5 2.93594E-5 2.25E-5 2.95591E-5 2.07386E-5 2.71358E-5 2.28619E-5 3.36184E-5 3.96521E-5 9.01849E-5 7.07731E-5 7.73583E-5 6.08226E-5 6.43677E-5 4.57326E-5 8.19753E-5 6.30067E-5 4.0927E-5 2.45581E-5 1.93972E-5 1.46121E-5 1.39024E-5 1.19802E-5 1.04673E-5 8.09289E-6 5.84911E-6 -9999 -9999 -9999
2.57645E-5 3.45119E-5 4.84626E-5 3.47924E-5 2.59691E-5 7.54532E-5 4.12281E-5 2.02534E-5 1.32669E-5 2.51625E-5 2.4554E-5 1.39629E-5 1.62723E-5 1.61871E-5 6.74339E-6 5.83586E-6 1.03837E-5 1.26117E-5 1.32707E-5 1.44786E-5 1.75245E-5 2.63437E-5 2.06055E-5 2.61234E-5 2.89685E-5 2.87945E-5 3.98605E-5 8.13758E-6 2.90735E-5 3.53862E-5 3.69659E-5 3.36479E-5 4.81259E-5 5.47472E-5 5.53353E-5 5.34039E-5 5.41478E-5 4.79842E-5 5.00952E-5 5.23387E-5 6.3081E-5 6.08551E-5 5.71192E-5 2.51153E-5 5.8644E-5 9.79332E-5 8.15132E-5 7.20896E-5 6.3687E-5 6.66346E-5 1.77077E-4 3.32052E-5 1.99826E-5 2.00021E-5 1.83963E-5 1.47747E-5 1.16477E-5 1.01566E-5 9.25299E-6 -9999 -9999 -9999 -9999 -9999 -9999
2.29049E-5 2.64486E-5 4.03266E-5 3.39849E-5 4.1922E-5 6.37246E-5 1.63455E-5 2.01451E-5 1.19093E-5 1.3343E-5 4.52705E-5 1.54599E-5 2.50644E-5 4.51742E-5 6.46818E-5 2.75129E-5 1.96835E-5 1.89971E-5 3.4892E-6 9.16996E-6 1.50593E-5 1.74676E-5 5.60847E-5 1.60095E-5 3.19522E-5 2.41797E-5 3.41654E-5 2.09998E-5 1.89556E-5 9.14273E-6 1.49978E-5 3.21734E-5 3.05987E-5 4.97255E-5 5.96272E-5 5.08518E-5 5.33745E-5 4.00716E-5 3.14797E-5 3.35721E-5 3.31539E-5 3.20663E-5 4.08932E-5 1.02134E-4 5.95243E-5 8.57064E-5 8.36327E-5 3.31695E-5 8.64413E-5 9.96707E-5 5.91301E-5 3.29959E-5 2.16601E-5 1.58691E-5 1.38938E-5 1.3825E-5 1.50048E-5 1.46674E-5 -9999 -9999 -9999 -9999 -9999 -9999 -9999
1.77282E-5 2.8019E-5 3.84374E-5 6.71757E-5 4.32123E-5 2.17824E-5 2.1079E-5 1.37436E-5 3.50857E-5 2.58529E-5 2.87803E-5 3.51648E-5 5.40175E-5 2.57876E-5 5.13154E-5 5.02472E-5 3.00356E-5 1.61701E-5 1.83102E-5 1.0525E-5 7.7405E-6 7.35431E-6 2.16027E-5 1.11736E-5 3.55451E-5 2.27184E-5 2.05411E-5 1.94805E-5 7.45858E-6 4.65941E-6 1.19835E-5 2.57226E-5 2.96456E-5 5.03297E-5 7.96175E-5 6.64078E-5 5.34658E-5 5.15916E-5 3.08638E-5 2.11451E-5 2.09516E-5 2.29646E-5 7.15154E-5 1.19175E-4 8.93954E-5 3.82126E-5 5.49495E-5 1.18465E-5 2.70168E-5 3.87001E-5 5.53169E-5 3.49891E-5 2.71995E-5 2.22517E-5 1.96548E-5 2.10329E-5 2.2865E-5 2.05694E-5 -9999 -9999 -9999 -9999 -9999 -9999 -9999
4.45691E-6 1.77587E-5 5.84752E-5 6.56183E-5 8.71237E-6 1.78492E-5 2.18302E-5 2.99452E-5 2.60149E-5 1.91019E-5 1.22205E-5 2.72126E-5 3.32212E-5 1.10288E-5 1.59595E-5 2.03697E-5 9.92508E-6 1.30533E-5 9.00553E-6 7.99922E-6 2.44482E-5 2.19942E-5 1.77564E-5 2.38703E-5 2.82032E-5 5.76752E-6 6.87153E-6 1.24708E-5 1.8455E-5 1.39811E-5 3.05826E-5 4.96116E-5 4.78714E-5 1.14579E-4 3.66253E-5 3.41165E-5 3.52874E-5 3.16588E-5 2.73468E-5 1.95137E-5 2.48404E-5 3.36053E-5 4.77293E-5 6.24826E-5 4.94844E-5 2.6331E-5 2.44368E-5 1.56701E-5 2.15861E-5 3.45632E-5 5.11111E-5 5.04912E-5 3.50455E-5 2.38971E-5 2.64467E-5 2.90382E-5 3.05302E-5 2.81299E-5 2.51209E-5 -9999 -9999 -9999 -9999 -9999 -9999
1.07E-5 1.23067E-5 6.91084E-5 9.4702E-5 7.7948E-5 4.04301E-5 3.5671E-5 3.29195E-5 3.02413E-5 3.38281E-5 3.11354E-5 1.63709E-5 2.54392E-5 2.66791E-5 3.67533E-5 4.58768E-5 3.17559E-5 2.06892E-5 1.74008E-5 2.38066E-5 2.16451E-5 2.9035E-5 2.62519E-5 2.20561E-5 2.04081E-5 1.48877E-5 1.02422E-5 2.65333E-5 3.37452E-5 2.47397E-5 4.11186E-5 4.54866E-5 1.16043E-4 7.01037E-5 6.3821E-5 3.33629E-5 2.65519E-5 4.10208E-5 3.27877E-5 2.65244E-5 1.88819E-5 2.44204E-5 3.45056E-5 4.2182E-5 1.56464E-5 3.28906E-5 2.30413E-5 2.03494E-5 2.12318E-5 2.66292E-5 3.02457E-5 2.89772E-5 2.6555E-5 2.69266E-5 3.19537E-5 4.33053E-5 4.28475E-5 4.59241E-5 2.93214E-5 -9999 -9999 -9999 -9999 -9999 -9999
2.38308E-5 3.44263E-5 5.21259E-5 2.46125E-5 6.47921E-5 1.09694E-4 9.5461E-5 8.70778E-5 5.50914E-5 5.63601E-5 5.01229E-5 4.58305E-5 5.08222E-5 2.99869E-5 3.99473E-5 2.92458E-5 4.09666E-5 3.13744E-5 3.4541E-5 2.72483E-5 5.16592E-5 5.18072E-5 3.43156E-5 2.69037E-5 2.01048E-5 2.25131E-5 3.93735E-5 4.72658E-5 4.45087E-5 2.64705E-5 4.37087E-5 9.86509E-5 1.01444E-4 6.23788E-5 5.51843E-5 2.5179E-5 2.85959E-5 2.82584E-5 2.4866E-5 2.1174E-5 2.44432E-5 3.44637E-5 5.52883E-5 3.58216E-5 3.76953E-5 4.36569E-5 1.49997E-5 1.2893E-5 1.55135E-5 1.89195E-5 2.04156E-5 2.09027E-5 2.20736E-5 3.0796E-5 5.38364E-5 4.42667E-5 3.37361E-5 5.36165E-5 -9999 -9999 -9999 -9999 -9999 -9999 -9999
3.64353E-5 6.05558E-5 1.088E-4 9.64644E-5 7.9225E-5 4.35322E-5 9.10822E-5 8.87465E-5 3.71044E-5 5.60132E-5 5.44493E-5 3.6242E-5 1.00722E-5 1.78262E-5 4.61619E-5 4.65537E-5 4.67902E-5 2.96604E-5 2.52355E-5 8.29728E-5 6.51117E-5 1.42028E-4 9.53025E-5 1.07463E-4 7.8326E-5 8.72646E-5 6.63197E-5 1.00276E-4 6.85494E-5 5.82305E-5 3.72383E-5 4.27128E-5 7.73444E-5 1.04223E-4 7.56662E-5 4.19205E-5 2.34628E-5 3.43475E-5 2.14514E-5 2.39602E-5 3.83095E-5 5.31117E-5 4.75102E-5 1.18849E-4 5.39336E-5 1.81132E-5 1.53865E-5 1.11315E-5 1.20324E-5 1.3936E-5 1.45921E-5 1.676E-5 1.96053E-5 2.64821E-5 3.28934E-5 3.53546E-5 2.81333E-5 3.1642E-5 2.12244E-5 -9999 -9999 -9999 -9999 -9999 -9999
7.48987E-5 7.41312E-5 3.13774E-5 7.09252E-5 8.90752E-5 1.14115E-4 5.03045E-5 4.71629E-5 1.2896E-4 1.07388E-4 1.63921E-4 1.39194E-4 9.77448E-5 8.30331E-5 1.24776E-4 6.00897E-5 9.67041E-5 5.71698E-5 1.64086E-4 4.71877E-5 7.20942E-5 7.18693E-5 4.75462E-5 3.57639E-5 5.79232E-5 6.88341E-5 1.38778E-4 1.06111E-4 6.32329E-5 5.75311E-5 5.17017E-5 4.73246E-5 3.23726E-5 7.76958E-5 9.85994E-5 8.21374E-5 4.76404E-5 1.85902E-5 1.44591E-5 1.97126E-5 2.80421E-5 5.0293E-5 8.84261E-5 1.41908E-4 3.10056E-5 2.29902E-5 1.90334E-5 1.57398E-5 1.29929E-5 1.01705E-5 1.09745E-5 1.64928E-5 1.83208E-5 1.79868E-5 1.90477E-5 2.11399E-5 1.94451E-5 1.65292E-5 -9999 -9999 -9999 -9999 -9999 -9999 -9999
3.85367E-5 8.33542E-5 6.77666E-5 1.44176E-4 1.49722E-4 1.536E-4 1.34405E-4 1.31512E-4 4.60126E-5 4.95227E-5 6.78864E-5 5.24651E-5 1.50546E-4 1.42737E-4 1.29394E-4 7.56766E-5 5.9575E-5 5.01242E-5 4.71767E-5 3.11469E-5 3.08878E-5 3.61254E-5 3.229E-5 2.26772E-5 2.74152E-5 3.52344E-5 5.3104E-5 6.58575E-5 5.2015E-5 4.22471E-5 3.75497E-5 6.25746E-5 5.36928E-5 4.16093E-5 5.63278E-5 5.62954E-5 2.751E-5 1.58438E-5 1.49276E-5 3.19152E-5 3.88311E-5 6.16929E-5 1.45959E-4 4.28672E-5 4.28269E-5 3.66546E-5 2.68196E-5 2.08457E-5 1.66242E-5 1.28625E-5 1.05757E-5 1.03986E-5 1.3695E-5 1.51558E-5 1.83121E-5 1.53866E-5 1.26178E-5 -9999 -9999 -9999 -9999 -9999 -9999 -9999 -9999
2.87959E-5 1.54275E-4 1.14922E-4 4.5022E-5 6.44275E-5 7.10318E-5 5.91975E-5 3.18335E-5 3.80663E-5 4.73734E-5 4.42805E-5 3.93809E-5 5.18924E-5 5.05664E-5 4.75656E-5 3.9517E-5 2.94397E-5 2.50269E-5 2.58632E-5 2.476E-5 2.70488E-5 2.89337E-5 3.85261E-5 3.93419E-5 3.98953E-5 5.68764E-5 5.61199E-5 4.02621E-5 5.32748E-5 4.7476E-5 4.00833E-5 2.3712E-5 2.75145E-5 2.93684E-5 2.61669E-5 2.43917E-5 1.89392E-5 1.28021E-5 1.28756E-5 1.72328E-5 2.49499E-5 7.80603E-5 3.63536E-5 7.02758E-5 5.71503E-5 5.33992E-5 3.26397E-5 2.68543E-5 2.05459E-5 1.68065E-5 1.34757E-5 9.91141E-6 8.04328E-6 1.03215E-5 1.09586E-5 1.29196E-5 8.76052E-6 6.6455E-6 -9999 -9999 -9999 -9999 -9999 -9999 -9999
1.43883E-5 2.83685E-5 4.08293E-5 4.09363E-5 5.90581E-5 5.0509E-5 6.42708E-5 2.65414E-5 2.62483E-5 2.60683E-5 2.82458E-5 2.97973E-5 2.41612E-5 2.00058E-5 1.97581E-5 2.0817E-5 2.07773E-5 2.09132E-5 2.59419E-5 3.81299E-5 5.11067E-5 6.09356E-5 6.50741E-5 1.08877E-4 7.81251E-5 8.0482E-5 6.08267E-5 4.24193E-5 3.7038E-5 1.65276E-5 1.18351E-5 4.80185E-5 4.88285E-5 5.99276E-5 1.29683E-5 1.24466E-5 1.77833E-5 9.8948E-6 8.33076E-6 3.56565E-5 4.08364E-5 2.42725E-5 3.31735E-5 4.35946E-5 4.07933E-5 5.19384E-5 5.47711E-5 3.31154E-5 2.7116E-5 2.01014E-5 1.70032E-5 1.23649E-5 9.17887E-6 7.76112E-6 8.05272E-6 9.07489E-6 5.45303E-6 -9999 -9999 -9999 -9999 -9999 -9999 -9999 -9999
2.08888E-5 5.31805E-5 2.78743E-5 3.56485E-5 3.07695E-5 3.95574E-5 4.80084E-5 2.79107E-5 2.38337E-5 2.16528E-5 2.21753E-5 2.12893E-5 1.38358E-5 1.39571E-5 1.20311E-5 1.41817E-5 1.51351E-5 2.2316E-5 2.65899E-5 4.59417E-5 5.33466E-5 8.26902E-5 7.02272E-5 8.35465E-5 4.97101E-5 5.98053E-5 6.06033E-5 3.50102E-5 2.65579E-5 2.09648E-5 1.29048E-5 1.21218E-5 1.32606E-5 1.46625E-5 1.06849E-5 9.51655E-6 8.86615E-6 7.67226E-6 8.14862E-6 9.63214E-6 1.2266E-5 1.96262E-5 2.31877E-5 2.14469E-5 2.67494E-5 2.96415E-5 4.24679E-5 5.57246E-5 3.48133E-5 2.31456E-5 2.08759E-5 1.51961E-5 1.00725E-5 6.61106E-6 5.43769E-6 4.9454E-6 -9999 -9999 -9999 -9999 -9999 -9999 -9999 -9999 -9999
2.13948E-5 4.31271E-5 4.98659E-5 1.80846E-5 2.16595E-5 1.70611E-5 2.28631E-5 1.4668E-5 2.19031E-5 2.33858E-5 1.78357E-5 1.74117E-5 1.07489E-5 9.14433E-6 8.89763E-6 1.09965E-5 9.95927E-6 1.32662E-5 2.67338E-5 4.18804E-5 5.91974E-5 8.06976E-5 7.5654E-5 8.28676E-5 1.09214E-4 9.32933E-5 5.33306E-5 2.72543E-5 2.34338E-5 1.40192E-5 1.03025E-5 7.97481E-6 8.66338E-6 1.10065E-5 8.1735E-6 6.49067E-6 6.21494E-6 5.73406E-6 6.30312E-6 7.9467E-6 1.08118E-5 1.2264E-5 1.39126E-5 1.63816E-5 1.93212E-5 2.59516E-5 2.86748E-5 4.95445E-5 4.7625E-5 2.28977E-5 2.47223E-5 1.63006E-5 9.40323E-6 6.44034E-6 3.83221E-6 -9999 -9999 -9999 -9999 -9999 -9999 -9999 -9999 -9999 -9999
1.678E-5 7.08459E-5 3.75347E-5 2.4761E-5 1.93571E-5 8.28621E-6 8.0143E-6 1.08211E-5 1.33808E-5 2.22453E-5 1.12982E-5 8.40671E-6 7.99861E-6 6.88851E-6 6.95839E-6 7.4485E-6 1.10638E-5 2.03446E-5 2.9745E-5 4.16133E-5 6.13946E-5 5.83041E-5 2.55448E-5 3.59747E-5 4.36995E-5 5.09058E-5 4.52012E-5 4.12974E-5 2.75047E-5 1.65672E-5 1.3527E-5 7.57381E-6 5.65722E-6 5.28274E-6 5.05196E-6 4.73327E-6 4.60755E-6 4.92161E-6 5.05382E-6 6.5092E-6 7.8975E-6 1.03107E-5 1.29871E-5 1.6334E-5 2.12248E-5 3.4281E-5 4.75485E-5 5.81117E-5 3.62437E-5 2.40185E-5 2.88603E-5 1.58474E-5 1.16229E-5 5.84802E-6 -9999 -9999 -9999 -9999 -9999 -9999 -9999 -9999 -9999 -9999 -9999
1.65729E-5 1.71571E-5 2.61926E-5 2.52992E-5 2.16416E-5 2.16043E-5 2.65607E-5 1.64916E-5 1.30734E-5 1.21286E-5 6.92016E-6 5.33476E-6 5.55156E-6 5.4697E-6 6.3919E-6 7.91668E-6 1.14549E-5 1.16812E-5 1.68144E-5 2.4274E-5 3.87385E-5 5.59558E-5 5.66627E-5 3.90079E-5 2.6685E-5 2.56908E-5 1.73797E-5 1.23823E-5 1.58375E-5 1.43641E-5 1.42797E-5 1.12388E-5 7.88832E-6 6.1432E-6 4.81908E-6 4.102E-6 4.77033E-6 7.53801E-6 7.02405E-6 7.27482E-6 8.53733E-6 1.1492E-5 1.51092E-5 1.95333E-5 2.48452E-5 3.78732E-5 6.27129E-5 4.65423E-5 3.31889E-5 2.32956E-5 2.11298E-5 1.69854E-5 1.1181E-5 -9999 -9999 -9999 -9999 -9999 -9999 -9999 -9999 -9999 -9999 -9999 -9999
7.18018E-6 1.14535E-5 7.29232E-6 1.59984E-5 1.4909E-5 1.80874E-5 1.98127E-5 3.44234E-5 3.39775E-5 2.70332E-5 9.32235E-6 8.79625E-6 8.02754E-6 5.22318E-6 6.99242E-6 8.92035E-6 1.10788E-5 1.44301E-5 1.99863E-5 2.50521E-5 3.1351E-5 3.84297E-5 6.17632E-5 4.15964E-5 3.85647E-5 3.78888E-5 2.73089E-5 2.45607E-5 1.81332E-5 1.57122E-5 1.41288E-5 1.14765E-5 1.367E-5 8.73553E-6 6.53807E-6 5.89822E-6 7.28457E-6 7.8118E-6 9.1729E-6 1.03991E-5 1.05664E-5 1.29549E-5 1.73551E-5 2.21488E-5 3.80887E-5 5.05162E-5 5.27401E-5 3.83326E-5 3.50919E-5 2.89484E-5 1.95506E-5 1.83051E-5 1.41508E-5 -9999 -9999 -9999 -9999 -9999 -9999 -9999 -9999 -9999 -9999 -9999 -9999
1.54036E-6 1.59991E-6 2.7612E-6 4.04806E-6 4.86754E-6 8.88388E-6 8.91754E-6 7.89911E-6 8.75761E-6 5.3701E-6 5.39054E-6 5.52516E-6 5.15106E-6 4.41643E-6 2.25524E-6 2.26714E-6 4.26603E-6 3.85647E-5 1.54656E-5 1.63908E-5 2.27403E-5 5.31498E-5 5.36639E-5 1.05435E-4 1.68641E-4 4.43104E-5 3.99947E-5 3.13261E-5 2.34478E-5 2.04701E-5 1.72906E-5 1.46426E-5 1.32098E-5 1.07813E-5 1.08049E-5 7.93686E-6 8.21173E-6 1.03292E-5 1.27107E-5 1.44736E-5 1.50104E-5 1.55013E-5 2.12587E-5 3.62228E-5 3.42541E-5 5.14574E-5 3.67563E-5 3.28245E-5 3.53152E-5 3.40008E-5 2.24002E-5 2.15671E-5 1.28749E-5 9.78145E-6 -9999 -9999 -9999 -9999 -9999 -9999 -9999 -9999 -9999 -9999 -9999
2.99811E-6 5.54433E-7 1.03074E-6 2.15562E-6 2.70622E-6 2.52934E-6 1.90352E-6 3.26342E-6 2.10222E-6 3.14063E-6 4.37332E-6 1.75845E-6 3.39735E-6 7.18351E-7 1.01163E-6 1.82004E-6 1.91782E-6 4.06409E-6 6.43413E-6 7.13814E-6 5.96294E-6 8.22769E-6 1.44343E-5 1.58644E-5 5.7776E-5 1.17386E-4 1.66681E-4 4.22734E-5 3.80565E-5 3.02664E-5 2.32294E-5 2.29034E-5 2.49598E-5 1.76479E-5 1.4953E-5 1.13269E-5 1.06822E-5 1.37721E-5 1.74937E-5 2.00034E-5 2.1723E-5 2.22502E-5 2.29394E-5 3.56969E-5 5.08237E-5 5.33122E-5 4.2343E-5 3.48537E-5 3.67155E-5 4.99701E-5 3.39498E-5 2.24026E-5 1.54354E-5 1.17713E-5 8.41256E-6 -9999 -9999 -9999 -9999 -9999 -9999 -9999 -9999 -9999 -9999
5.03148E-6 1.75295E-6 1.18357E-6 1.03976E-6 1.69929E-6 1.96842E-6 4.17048E-6 4.06096E-6 3.21636E-6 1.81188E-6 3.42551E-6 2.51294E-6 1.07912E-6 7.93619E-7 1.07128E-6 4.36203E-6 3.35165E-6 5.3885E-6 7.28346E-6 4.85189E-6 7.2438E-6 1.6004E-5 2.04797E-5 2.65716E-5 1.12903E-5 2.25335E-5 3.06423E-5 7.26737E-5 5.15907E-5 5.51131E-5 5.45394E-5 4.77697E-5 3.00097E-5 7.52613E-5 2.08634E-5 1.86453E-5 1.26483E-5 1.66878E-5 2.16221E-5 2.66668E-5 3.34402E-5 3.15975E-5 2.84355E-5 3.46076E-5 4.79054E-5 4.18194E-5 3.84538E-5 4.07296E-5 5.76341E-5 6.08874E-5 3.50011E-5 2.27594E-5 1.95248E-5 1.375E-5 -9999 -9999 -9999 -9999 -9999 -9999 -9999 -9999 -9999 -9999 -9999
1.2914E-6 4.12198E-6 1.71644E-6 1.91381E-6 2.54846E-6 2.65302E-6 3.84363E-6 5.69606E-6 8.43047E-6 3.62959E-6 4.18073E-6 3.35267E-6 2.26436E-6 8.30398E-7 9.79952E-7 5.38959E-6 3.47437E-6 1.24006E-5 4.91531E-6 9.01107E-6 2.2922E-5 2.83266E-5 3.68715E-5 2.24934E-5 2.98491E-5 2.8241E-5 5.26522E-5 4.46581E-5 2.50976E-5 7.01411E-5 1.15642E-4 3.21003E-5 6.1229E-5 7.99696E-5 1.38821E-4 3.9594E-5 1.34651E-5 1.73378E-5 2.23551E-5 3.47634E-5 5.26663E-5 5.57222E-5 3.43926E-5 3.07243E-5 1.77748E-5 3.75661E-5 3.38422E-5 5.92868E-5 5.50535E-5 3.82018E-5 3.13825E-5 2.27354E-5 1.95223E-5 1.45643E-5 -9999 -9999 -9999 -9999 -9999 -9999 -9999 -9999 -9999 -9999 -9999
6.8075E-7 1.11729E-6 1.54397E-6 3.01744E-6 4.95932E-6 8.48493E-6 5.40848E-6 6.28893E-6 9.03949E-6 1.67583E-5 5.61325E-6 2.63034E-6 1.99913E-6 1.26455E-6 1.19027E-6 4.48355E-6 3.88166E-6 8.5081E-6 1.00465E-5 1.07523E-5 3.2849E-5 2.78767E-5 2.99815E-5 3.79648E-5 1.78409E-5 2.19255E-5 1.22326E-4 4.72074E-5 8.37692E-5 9.33455E-5 4.42253E-5 1.41218E-4 2.01344E-5 4.4955E-5 3.57301E-5 4.78479E-5 1.79083E-5 1.75174E-5 2.23607E-5 3.56298E-5 5.61945E-5 5.15282E-5 3.89935E-5 2.67098E-5 2.1779E-5 3.82948E-5 4.57217E-5 4.08551E-5 3.94715E-5 3.12843E-5 2.45568E-5 2.21551E-5 1.81006E-5 -9999 -9999 -9999 -9999 -9999 -9999 -9999 -9999 -9999 -9999 -9999 -9999
7.68026E-7 5.58105E-6 3.38353E-6 4.29775E-6 1.43931E-5 2.12413E-5 8.23847E-6 9.07989E-6 2.21289E-5 2.35355E-5 3.28798E-6 2.23755E-6 2.6127E-6 1.91354E-6 2.32034E-6 2.63284E-6 3.64802E-6 7.81972E-6 1.69744E-5 1.49357E-5 2.83571E-5 1.73093E-5 2.57408E-5 1.81936E-5 1.88682E-5 4.31389E-5 7.84221E-5 3.25794E-5 3.30033E-5 1.35967E-4 1.88666E-4 2.15511E-4 1.16986E-4 2.46465E-5 5.27571E-5 7.20397E-5 3.75804E-5 1.63536E-5 2.13832E-5 2.75012E-5 3.75461E-5 2.89487E-5 3.8839E-5 1.26271E-5 6.8388E-6 2.13512E-5 3.47043E-5 3.52143E-5 2.37153E-5 2.43654E-5 2.22446E-5 1.91642E-5 1.50691E-5 -9999 -9999 -9999 -9999 -9999 -9999 -9999 -9999 -9999 -9999 -9999 -9999
6.28314E-7 2.48049E-6 4.12222E-6 1.2648E-5 1.88019E-5 1.39472E-5 6.48209E-6 1.99038E-5 3.11167E-5 7.98546E-6 3.82935E-6 5.04015E-6 2.13519E-6 2.72246E-6 3.29282E-6 5.85875E-6 1.07136E-5 1.03896E-5 1.24514E-5 4.8823E-6 1.35706E-5 2.22952E-5 3.91658E-5 4.11466E-5 6.15278E-5 3.4048E-5 5.77838E-5 6.53019E-5 5.68654E-5 8.76133E-5 6.7661E-5 1.95322E-4 2.98638E-4 1.22102E-4 6.32507E-5 6.5002E-5 1.33727E-5 1.44762E-5 1.84318E-5 2.18498E-5 2.78556E-5 3.51011E-5 4.57083E-5 3.3672E-5 2.18695E-5 2.3017E-5 5.79353E-5 4.32084E-5 2.58742E-5 2.20435E-5 1.73025E-5 1.51891E-5 -9999 -9999 -9999 -9999 -9999 -9999 -9999 -9999 -9999 -9999 -9999 -9999 -9999
8.69349E-7 3.0305E-6 5.98401E-6 3.47147E-6 3.62992E-6 7.16744E-6 1.57419E-5 1.37385E-5 1.37786E-5 1.00907E-5 6.52189E-6 7.85519E-6 2.40044E-6 3.45286E-6 5.7694E-6 2.26273E-5 2.54927E-5 3.8819E-5 1.10025E-5 2.00482E-5 4.15186E-5 2.61237E-5 9.00127E-5 1.89971E-5 4.32997E-5 5.10309E-5 1.13593E-4 7.59002E-5 1.21839E-4 1.22001E-4 9.35057E-5 5.79287E-5 8.82717E-5 1.00377E-4 7.61127E-5 1.93088E-5 1.3098E-5 1.1564E-5 1.41234E-5 1.61605E-5 1.89068E-5 2.5873E-5 3.80953E-5 4.6194E-5 2.87827E-5 1.61361E-5 5.70104E-5 4.29694E-5 2.74913E-5 2.82028E-5 2.34014E-5 -9999 -9999 -9999 -9999 -9999 -9999 -9999 -9999 -9999 -9999 -9999 -9999 -9999 -9999
1.00548E-6 5.7556E-6 7.632E-6 3.84779E-6 3.26472E-6 5.55996E-6 1.12115E-5 5.58261E-6 8.05374E-6 1.62575E-5 9.20277E-6 6.047E-6 2.01926E-6 2.69238E-6 3.23565E-6 5.79642E-6 3.02964E-5 1.81065E-5 1.46275E-5 2.55898E-5 4.82035E-5 6.17093E-5 3.31869E-5 2.60283E-5 2.60353E-5 1.45739E-5 1.05598E-4 7.23274E-5 6.79359E-5 1.33961E-4 5.4104E-5 4.67108E-5 9.99972E-5 8.19928E-5 5.20767E-5 1.57988E-5 1.16455E-5 8.93163E-6 1.01842E-5 1.37496E-5 1.84224E-5 2.37189E-5 3.22683E-5 3.53963E-5 2.35553E-5 2.69719E-5 5.38294E-5 3.85078E-5 4.52095E-5 4.05966E-5 3.27959E-5 -9999 -9999 -9999 -9999 -9999 -9999 -9999 -9999 -9999 -9999 -9999 -9999 -9999 -9999
8.60447E-7 1.51118E-6 1.07865E-5 6.60158E-6 9.23592E-6 8.42983E-6 1.15256E-5 6.23805E-6 9.62151E-6 5.88577E-6 1.28462E-5 2.57103E-6 1.32907E-6 1.87199E-6 2.10427E-6 7.22521E-6 2.31413E-5 2.01311E-5 7.14802E-5 2.79543E-5 7.00824E-5 4.8584E-5 3.76936E-5 2.56928E-5 3.6508E-5 2.83603E-5 8.86734E-5 3.62225E-5 5.59119E-5 8.93747E-5 4.67031E-5 5.54832E-5 2.01181E-5 1.67539E-5 4.31579E-5 3.10228E-5 9.88045E-6 7.32629E-6 9.27877E-6 1.29083E-5 1.78451E-5 2.13536E-5 3.93357E-5 2.91136E-5 1.63438E-5 4.1769E-5 5.5962E-5 6.06395E-5 7.26712E-5 4.80479E-5 -9999 -9999 -9999 -9999 -9999 -9999 -9999 -9999 -9999 -9999 -9999 -9999 -9999 -9999 -9999
1.33774E-6 1.40266E-6 6.58651E-6 2.0322E-5 5.03611E-6 1.18663E-5 5.23335E-6 7.23531E-6 5.6996E-6 5.76409E-6 4.62144E-6 3.96097E-6 9.89871E-7 1.6407E-6 3.27333E-6 9.17964E-6 1.1293E-5 2.64158E-5 1.24634E-4 8.55185E-5 1.24446E-4 5.9344E-5 5.27712E-5 2.52452E-5 2.86413E-5 3.22817E-5 4.83531E-5 5.68902E-5 6.61551E-5 4.27205E-5 6.64583E-5 5.18673E-5 1.8794E-5 4.01158E-5 3.27621E-5 9.70106E-6 7.94713E-6 6.79299E-6 8.86335E-6 1.13053E-5 1.50749E-5 1.97634E-5 2.34453E-5 2.8518E-5 2.26814E-5 3.17494E-5 4.63924E-5 4.96734E-5 8.0158E-5 -9999 -9999 -9999 -9999 -9999 -9999 -9999 -9999 -9999 -9999 -9999 -9999 -9999 -9999 -9999 -9999
1.85053E-6 2.1222E-6 4.33195E-6 1.93582E-5 1.37872E-5 2.01272E-5 9.78022E-6 9.81589E-6 5.41883E-6 6.09881E-6 1.11454E-5 8.76284E-6 1.07125E-6 4.22169E-6 8.68944E-6 2.467E-5 4.15261E-5 5.29852E-5 4.5307E-5 8.315E-5 1.05916E-4 3.29936E-5 3.89023E-5 2.96077E-5 2.27618E-5 2.68531E-5 2.76052E-5 3.79994E-5 4.79459E-5 2.78161E-5 4.74721E-5 3.73963E-5 4.94142E-5 3.53034E-5 2.67597E-5 7.44776E-6 5.9358E-6 5.75566E-6 7.28945E-6 9.36537E-6 1.2505E-5 1.57504E-5 1.75699E-5 1.91915E-5 2.4809E-5 2.24352E-5 3.21752E-5 4.29299E-5 4.81098E-5 -9999 -9999 -9999 -9999 -9999 -9999 -9999 -9999 -9999 -9999 -9999 -9999 -9999 -9999 -9999 -9999
