catData/rasterBestHybridModels/Prubiginosus/RD_BM01_RM1.5_L/Prubiginosus_max.asc
ncols         409
nrows         350
xllcorner     60.897278365
yllcorner     5.843756025
cellsize      0.0892857
NODATA_value  -9999
[rows 87 to 115 of 350, columns 130 to 194 of 409]
5.13453E-5 4.13157E-5 4.65886E-5 2.82919E-5 2.80573E-5 1.00642E-5 1.36421E-5 2.4271E-5 4.25355E-5 2.8E-5 2.02067E-5 1.62337E-5 1.44426E-5 3.28637E-5 3.92013E-5 4.32435E-5 3.39411E-5 2.76362E-5 4.17709E-5 3.67737E-5 2.34999E-5 1.79152E-5 8.92201E-6 1.56047E-5 7.42211E-5 7.3764E-5 7.32386E-5 4.16698E-5 1.21731E-5 1.25609E-5 8.95328E-6 7.3125E-6 3.91596E-6 3.8387E-6 4.1784E-6 6.55924E-6 5.06614E-6 6.62103E-6 3.72964E-6 2.08473E-6 2.09244E-6 2.49086E-6 5.70162E-6 2.81229E-6 2.31392E-6 1.82878E-6 2.13597E-6 2.53313E-6 4.2009E-6 4.22431E-6 2.56296E-6 4.99117E-6 1.48672E-5 7.20313E-6 1.69109E-5 1.35893E-5 1.80729E-5 6.76989E-6 2.41726E-5 3.53107E-5 9.40792E-6 1.19421E-5 1.91016E-5 2.78972E-5 4.20919E-5
4.24088E-5 4.46338E-5 3.3693E-5 3.17137E-5 2.49041E-5 3.2071E-5 2.20071E-5 1.75091E-5 2.632E-5 1.46439E-5 2.17295E-5 2.06128E-5 3.2206E-5 2.77694E-5 5.32247E-5 6.86939E-5 4.36776E-5 3.94376E-5 4.05183E-5 3.73503E-5 4.69464E-5 2.44452E-5 3.96888E-5 5.11424E-5 5.37492E-5 7.55864E-5 4.68112E-5 3.57209E-5 3.3422E-5 2.56533E-5 1.80709E-5 9.15914E-6 4.70655E-6 4.91511E-6 3.64211E-6 1.0083E-5 1.42732E-5 2.87651E-6 2.82079E-6 2.37677E-6 2.38329E-6 2.3932E-6 2.54552E-6 2.69847E-6 2.41232E-6 2.49221E-6 3.02781E-6 6.41726E-6 4.99501E-6 2.57956E-6 2.19896E-6 5.1866E-6 9.42137E-6 6.62729E-6 5.11348E-6 1.50372E-5 1.19822E-5 4.71146E-6 2.18778E-5 8.2905E-6 1.95119E-5 1.35877E-5 2.6705E-5 9.27866E-6 2.50019E-5
2.94194E-5 2.91712E-5 2.93306E-5 3.0305E-5 3.5741E-5 5.22509E-5 2.54172E-5 7.82954E-6 5.59542E-6 3.10821E-5 3.75167E-5 2.29033E-5 2.85076E-5 2.91661E-5 3.96496E-5 5.31698E-5 4.84368E-5 7.76377E-5 7.76877E-5 3.73899E-5 3.97471E-5 4.04463E-5 4.54205E-5 5.45025E-5 5.47711E-5 5.48313E-5 4.80627E-5 3.99912E-5 4.59635E-5 5.67218E-5 4.24732E-5 2.70252E-5 1.34776E-5 1.47382E-5 3.81683E-6 6.64025E-6 6.81489E-6 5.02195E-6 6.71011E-6 4.36391E-6 4.40173E-6 4.63185E-6 4.22065E-6 4.18918E-6 4.6289E-6 6.35291E-6 7.09003E-6 5.02162E-6 4.31943E-6 2.83821E-6 2.57044E-6 6.40289E-6 2.09454E-5 2.2508E-5 2.25596E-5 4.64114E-5 5.99577E-6 5.63268E-6 5.89028E-6 8.02734E-6 2.42729E-5 6.3833E-6 4.31587E-5 6.04032E-6 8.90907E-6
2.35461E-5 2.78913E-5 3.00878E-5 2.97232E-5 2.90986E-5 2.49509E-5 1.69896E-5 2.30059E-5 3.39255E-5 2.75452E-5 1.66752E-5 3.15964E-5 3.76726E-5 5.58653E-5 4.92266E-5 5.53346E-5 3.98798E-5 7.8538E-5 7.85395E-5 7.82444E-5 7.34369E-5 7.56601E-5 7.80589E-5 5.57786E-5 4.82566E-5 5.41155E-5 5.56581E-5 4.88207E-5 7.79517E-5 7.79401E-5 7.77962E-5 3.94637E-5 4.76503E-5 3.34228E-5 2.11787E-5 1.81586E-5 1.2951E-5 1.10897E-5 5.376E-6 4.68158E-6 4.21116E-6 5.02637E-6 4.2808E-6 4.68811E-6 4.67083E-6 4.10907E-6 4.36418E-6 6.91328E-6 8.79739E-6 4.82831E-6 1.25097E-5 2.25018E-5 3.27854E-5 4.80678E-5 4.03779E-5 2.65937E-5 3.22849E-6 1.30513E-5 1.23649E-5 2.77178E-6 4.16775E-6 4.33509E-6 4.6543E-5 7.48135E-6 7.62185E-6
2.83487E-5 3.12429E-5 2.92273E-5 3.4725E-5 1.54623E-5 2.141E-5 4.2904E-5 5.33994E-5 2.48027E-5 3.39242E-5 3.22469E-5 5.63015E-5 5.69474E-5 5.70479E-5 5.63888E-5 5.28523E-5 4.02779E-5 5.64038E-5 5.64716E-5 7.91361E-5 5.45397E-5 7.68643E-5 7.92382E-5 7.9248E-5 4.03928E-5 5.63964E-5 5.63959E-5 4.95658E-5 7.91877E-5 4.91721E-5 7.90629E-5 7.90233E-5 5.58655E-5 5.23676E-5 3.0666E-5 3.68619E-5 1.8683E-5 1.80577E-5 2.04875E-5 7.72816E-6 5.51337E-6 3.53534E-6 4.40859E-6 6.7247E-6 5.19186E-6 1.68724E-5 1.23836E-5 1.22982E-5 9.52133E-6 6.74358E-6 5.88162E-6 1.43681E-5 2.58393E-5 6.84557E-5 4.03825E-5 2.46116E-5 9.07977E-6 1.9121E-5 3.15263E-5 8.01718E-6 5.82292E-6 8.12122E-6 3.94675E-5 8.2813E-6 6.67971E-6
3.10156E-5 2.37174E-5 1.71369E-5 2.46467E-5 3.31193E-5 2.8467E-5 2.02715E-5 2.90814E-5 3.74265E-5 2.33128E-5 3.86509E-5 3.8886E-5 4.1188E-5 5.75263E-5 8.06704E-5 8.02777E-5 8.03356E-5 8.04839E-5 5.0202E-5 8.02758E-5 4.54425E-5 5.03048E-5 8.04386E-5 8.03231E-5 5.00529E-5 5.71186E-5 5.70787E-5 5.70114E-5 8.02635E-5 8.01407E-5 8.00407E-5 8.00196E-5 7.98196E-5 5.6133E-5 2.3931E-5 3.49593E-5 3.68312E-5 4.19487E-5 3.6803E-5 1.67564E-5 1.40015E-5 5.83969E-6 4.83573E-6 6.72792E-6 5.48866E-6 8.84631E-6 1.28723E-5 1.04359E-5 2.47357E-5 6.80883E-6 9.79227E-6 1.11245E-5 1.6808E-5 3.96924E-5 4.94834E-5 1.77002E-5 1.58986E-5 4.68966E-6 5.64033E-6 4.57496E-6 5.06409E-6 5.71543E-6 1.46828E-5 1.77947E-5 9.10826E-6
3.97201E-5 3.01649E-5 2.88527E-5 2.39875E-5 2.00085E-5 2.06659E-5 1.83729E-5 2.75343E-5 4.66332E-5 4.675E-5 4.13078E-5 5.06571E-5 8.1723E-5 8.19679E-5 8.14034E-5 8.10803E-5 5.02734E-5 8.11021E-5 8.14962E-5 4.93163E-5 6.97681E-5 4.16225E-5 4.1651E-5 5.79458E-5 5.78319E-5 5.78996E-5 4.13354E-5 3.93062E-5 5.05974E-5 8.12454E-5 7.62643E-5 8.10231E-5 5.00896E-5 3.72015E-5 5.56902E-5 5.37293E-5 2.2928E-5 4.75766E-5 5.06283E-5 2.65937E-5 2.2002E-5 1.45273E-5 6.23102E-6 6.24125E-6 6.5705E-6 7.08835E-6 1.24696E-5 1.25123E-5 1.34564E-5 1.27818E-5 3.39411E-5 3.12483E-5 7.73476E-5 2.37197E-5 1.17942E-5 2.31307E-5 3.7234E-5 2.66082E-5 7.97294E-6 9.29733E-6 5.68925E-6 8.29043E-6 7.95181E-6 4.5758E-5 1.10067E-5
3.2269E-5 4.58982E-5 3.61751E-5 1.89478E-5 2.25126E-5 2.56271E-5 4.17671E-5 4.99785E-5 5.84492E-5 4.18316E-5 4.33662E-5 5.15175E-5 8.28127E-5 4.96011E-5 6.72626E-5 3.99405E-5 3.31387E-5 4.26776E-5 8.25583E-5 8.27145E-5 8.27982E-5 8.32192E-5 8.33236E-5 5.88351E-5 5.86893E-5 4.18333E-5 5.8292E-5 8.23236E-5 8.24345E-5 5.09726E-5 5.09607E-5 8.22457E-5 7.01594E-5 2.5556E-5 1.65417E-5 1.06703E-5 1.7761E-5 1.68425E-5 2.08715E-5 9.07657E-6 1.83122E-5 1.05149E-5 8.07917E-6 6.12398E-6 1.41587E-5 8.89838E-6 1.56318E-5 1.69925E-5 1.1137E-5 2.73864E-5 4.56525E-5 8.05076E-5 8.07127E-5 8.09494E-5 2.74163E-5 3.49928E-5 8.71395E-6 6.42889E-6 1.556E-5 8.50901E-6 8.79517E-6 9.03547E-6 4.20477E-6 1.38993E-5 9.34928E-6
3.13017E-5 3.09135E-5 4.04629E-5 4.76288E-5 5.48778E-5 5.65262E-5 5.32966E-5 8.25612E-5 8.38753E-5 5.93393E-5 5.2047E-5 8.39901E-5 8.12597E-5 3.71809E-5 6.1615E-5 5.08338E-5 6.67657E-5 7.36091E-5 8.40081E-5 5.21607E-5 8.39153E-5 8.42193E-5 5.22659E-5 5.22794E-5 5.94188E-5 5.9173E-5 5.89813E-5 4.223E-5 8.36409E-5 8.35121E-5 5.1592E-5 5.15237E-5 5.8433E-5 2.13219E-5 2.31317E-5 5.0458E-5 2.9433E-5 2.70578E-5 4.0111E-5 5.84544E-5 1.75787E-5 1.12183E-5 1.56915E-5 8.699E-6 2.07353E-5 4.24841E-5 2.59171E-5 1.85646E-5 1.41284E-5 2.53993E-5 3.15829E-5 7.8395E-5 8.078E-5 8.15643E-5 4.63595E-5 4.25404E-5 1.26593E-5 1.06324E-5 2.9409E-5 4.16166E-5 2.80134E-5 3.80159E-5 1.03566E-5 1.11495E-5 1.92789E-5
5.67939E-5 3.08321E-5 4.42721E-5 4.79942E-5 5.3749E-5 8.00306E-5 8.3329E-5 8.43648E-5 5.2852E-5 6.04057E-5 8.56348E-5 8.35638E-5 8.54241E-5 5.48929E-5 8.48586E-5 8.5184E-5 8.53918E-5 8.58009E-5 5.3146E-5 5.07309E-5 5.27931E-5 8.52629E-5 8.28102E-5 5.28256E-5 5.28265E-5 6.00898E-5 5.98956E-5 4.28859E-5 4.28332E-5 8.5156E-5 5.95524E-5 5.77028E-5 5.84824E-5 5.39431E-5 1.67742E-5 1.30163E-5 1.50989E-5 2.11579E-5 5.39124E-5 2.75572E-5 1.04463E-5 1.47238E-5 1.77618E-5 1.61626E-5 4.00809E-5 2.59803E-5 4.86998E-5 2.88251E-5 3.393E-5 1.79E-5 3.49193E-5 6.92862E-5 7.84628E-5 7.75493E-5 3.11233E-5 2.76207E-5 1.58521E-5 1.00761E-5 2.96447E-5 6.69679E-5 7.14748E-5 6.93211E-5 5.91958E-5 9.82177E-6 2.90515E-5
3.17197E-5 3.50262E-5 2.18671E-5 2.50534E-5 8.36836E-5 5.21933E-5 8.40723E-5 5.24046E-5 8.5711E-5 6.11465E-5 6.11733E-5 5.37364E-5 8.6281E-5 8.77292E-5 8.78993E-5 8.79818E-5 5.39192E-5 8.69802E-5 8.69503E-5 8.68274E-5 8.61805E-5 8.62777E-5 8.68527E-5 8.66961E-5 8.64992E-5 8.65179E-5 8.6546E-5 5.10509E-5 4.31859E-5 4.78304E-5 8.75964E-5 1.02784E-4 3.93574E-5 1.90922E-5 1.32553E-5 7.64578E-6 8.21224E-6 9.86512E-6 1.15522E-5 1.49142E-5 1.5416E-5 1.34104E-5 6.27765E-6 4.9671E-6 5.66447E-6 9.37851E-6 1.8075E-5 1.11125E-5 9.94201E-6 1.40407E-5 2.18385E-5 2.62627E-5 4.006E-5 7.56016E-5 1.86342E-5 1.75777E-5 1.0409E-5 7.4426E-6 3.5897E-5 4.09072E-5 5.61399E-5 4.58229E-5 3.16024E-5 8.9359E-6 2.83819E-5
2.89002E-5 4.65826E-5 3.39799E-5 8.48889E-5 8.54225E-5 5.3516E-5 8.6415E-5 5.3004E-5 8.61849E-5 6.1249E-5 4.25384E-5 8.75522E-5 8.77656E-5 8.82489E-5 8.75822E-5 5.4415E-5 8.81744E-5 8.77783E-5 8.70992E-5 8.08538E-5 8.62382E-5 5.35977E-5 8.78278E-5 8.75353E-5 5.37331E-5 8.73933E-5 8.75167E-5 8.5032E-5 5.85678E-5 8.83786E-5 6.52298E-5 1.09627E-4 7.33797E-5 2.7221E-5 1.40418E-5 8.27575E-6 8.81375E-6 1.46879E-5 1.95376E-5 2.08708E-5 9.46789E-6 5.86119E-6 4.85241E-6 9.82419E-6 5.12176E-6 1.65339E-5 7.65357E-6 5.80998E-6 6.80405E-6 1.80531E-5 3.18494E-5 4.07837E-5 3.40249E-5 2.37524E-5 1.401E-5 1.68505E-5 2.16775E-5 1.92466E-5 1.41672E-5 2.74363E-5 3.16524E-5 4.8826E-5 3.46622E-5 3.04043E-5 1.55839E-5
4.49819E-5 6.12311E-5 4.94559E-5 8.64609E-5 8.73876E-5 8.90996E-5 8.94392E-5 8.5225E-5 5.65029E-5 6.16584E-5 6.20434E-5 8.87298E-5 8.86899E-5 8.8382E-5 5.4252E-5 5.46911E-5 8.95117E-5 8.85403E-5 5.32898E-5 8.65882E-5 8.77325E-5 5.40694E-5 5.41526E-5 8.76337E-5 5.37187E-5 6.16034E-5 6.19825E-5 4.40865E-5 3.70295E-5 7.95302E-5 1.03922E-4 1.03666E-4 1.0577E-4 7.92345E-5 2.7532E-5 1.03402E-5 1.00558E-5 2.1945E-5 1.00667E-5 8.5134E-6 4.93031E-6 3.43967E-6 2.77844E-6 1.72425E-5 1.52912E-5 6.08145E-5 4.88947E-5 1.16287E-5 2.3266E-5 7.11758E-6 2.43051E-5 5.84778E-5 3.90095E-5 3.68271E-5 3.35829E-5 6.26195E-5 2.50911E-5 1.99613E-5 2.07156E-5 3.17295E-5 3.47107E-5 4.91191E-5 2.93148E-5 5.08506E-5 3.31227E-5
3.71574E-5 6.47542E-5 8.82543E-5 8.87939E-5 8.92487E-5 9.00574E-5 8.82166E-5 9.19712E-5 6.43111E-5 4.53808E-5 5.21355E-5 6.32663E-5 6.24807E-5 6.23815E-5 6.27257E-5 6.31508E-5 4.53152E-5 6.24779E-5 6.14921E-5 6.15076E-5 6.15601E-5 6.18847E-5 4.45602E-5 8.95389E-5 5.45227E-5 4.2649E-5 4.28028E-5 3.76857E-5 2.87545E-5 3.74291E-5 4.38092E-5 1.05723E-4 1.11039E-4 4.54717E-5 1.71261E-5 1.60904E-5 2.1942E-5 2.84191E-5 4.70929E-5 1.54006E-5 1.0625E-5 4.55717E-6 7.30165E-6 1.40074E-5 2.38997E-5 7.11554E-5 1.4044E-5 3.61136E-6 6.38534E-6 2.47719E-5 4.8775E-5 7.09176E-5 1.85547E-5 2.38978E-5 5.40375E-5 5.22298E-5 2.12312E-5 1.7711E-5 1.15682E-5 9.87917E-6 9.45991E-6 1.25173E-5 1.65753E-5 5.26218E-5 4.70491E-5
2.8924E-5 5.60637E-5 9.24886E-5 9.29491E-5 5.7704E-5 5.77604E-5 6.57208E-5 6.55598E-5 5.46768E-5 5.36369E-5 5.2628E-5 5.27553E-5 6.28938E-5 6.21349E-5 6.17241E-5 6.22052E-5 6.26971E-5 6.23706E-5 6.25507E-5 4.46062E-5 5.45874E-5 8.99881E-5 9.06737E-5 9.11895E-5 5.55406E-5 4.67697E-5 5.32093E-5 5.3391E-5 4.66181E-5 2.92821E-5 3.69765E-5 4.27753E-5 7.07366E-5 3.86971E-5 2.19465E-5 2.72287E-5 3.94514E-5 4.79233E-5 1.30614E-5 1.54093E-5 1.37522E-5 9.49453E-6 9.52203E-6 1.76251E-5 6.51498E-5 2.98427E-5 4.9755E-6 3.6757E-6 4.66863E-6 2.87615E-5 7.59404E-5 3.45989E-5 6.50522E-5 2.3284E-5 2.65247E-5 1.95304E-5 2.34953E-5 1.10072E-5 1.26646E-5 1.36193E-5 8.27781E-6 2.24134E-5 3.74123E-5 4.08656E-5 4.34082E-5
5.14962E-5 5.72207E-5 6.55976E-5 4.73141E-5 4.796E-5 6.58791E-5 6.44737E-5 6.41736E-5 5.39809E-5 5.32601E-5 5.0923E-5 5.25188E-5 6.25102E-5 6.21984E-5 6.12507E-5 8.84647E-5 8.94491E-5 8.971E-5 9.06784E-5 5.55581E-5 5.56847E-5 9.1969E-5 5.62954E-5 5.3827E-5 4.72194E-5 5.62308E-5 9.37451E-5 9.41355E-5 5.59681E-5 5.24793E-5 5.10033E-5 1.69065E-5 2.89785E-5 4.58988E-5 4.61564E-5 4.43552E-5 5.53773E-5 2.72663E-5 3.15592E-5 2.37243E-5 1.73489E-5 2.51312E-5 4.25285E-5 3.75654E-5 5.59762E-5 1.41672E-5 5.82221E-6 5.64997E-6 7.63323E-6 3.9505E-5 7.63591E-5 5.60373E-5 1.69183E-5 3.20321E-5 1.67445E-5 1.34709E-5 4.00424E-5 1.39808E-5 1.27402E-5 9.42675E-6 6.79905E-6 2.16711E-5 4.73471E-5 1.23588E-5 7.85703E-6
9.20531E-5 9.36655E-5 9.49464E-5 9.58073E-5 9.53471E-5 7.72225E-5 8.35788E-5 5.58935E-5 5.14218E-5 6.41553E-5 4.55055E-5 4.33472E-5 5.30809E-5 5.51554E-5 8.91191E-5 9.01398E-5 9.09861E-5 5.54272E-5 9.11232E-5 9.24729E-5 9.36647E-5 9.40559E-5 5.7114E-5 4.79148E-5 5.43154E-5 5.72334E-5 9.59084E-5 5.76685E-5 9.22345E-5 8.51785E-5 4.34495E-5 1.13131E-5 1.45489E-5 4.44246E-5 5.7645E-5 6.47331E-5 4.01685E-5 4.57914E-5 3.25564E-5 2.72241E-5 4.90758E-5 2.29983E-5 3.76386E-5 2.93466E-5 2.09582E-5 2.80843E-5 2.47766E-5 4.6287E-5 1.83054E-5 3.2049E-5 6.5752E-5 7.9522E-5 6.02316E-5 5.84038E-5 2.60862E-5 2.13779E-5 1.81701E-5 5.10324E-5 1.66276E-5 7.38689E-6 6.25547E-6 1.45515E-5 3.36762E-5 2.4602E-5 1.51268E-5
9.444E-5 9.62223E-5 9.7858E-5 9.74417E-5 8.71272E-5 8.64114E-5 9.45523E-5 6.59832E-5 6.54915E-5 6.46982E-5 6.45397E-5 6.47694E-5 9.36782E-5 9.28476E-5 9.15289E-5 5.60524E-5 9.1658E-5 9.0694E-5 9.1113E-5 9.40525E-5 9.6334E-5 9.60822E-5 5.78258E-5 5.75586E-5 9.47623E-5 9.47288E-5 9.44966E-5 5.60385E-5 8.93901E-5 4.66212E-5 2.34515E-5 1.80556E-5 1.76405E-5 2.48312E-5 3.88197E-5 4.79733E-5 6.28737E-5 4.64745E-5 4.07239E-5 2.13486E-5 3.17955E-5 2.09199E-5 1.70688E-5 1.86315E-5 3.10494E-5 1.78441E-5 1.48235E-5 8.48783E-6 2.40028E-5 4.02241E-5 4.02555E-5 8.52537E-5 7.07898E-5 3.14048E-5 2.88892E-5 1.61218E-5 1.24596E-5 1.98393E-5 3.06842E-5 1.00736E-5 6.46067E-6 1.26753E-5 1.66135E-5 1.24921E-5 1.65793E-5
1.00492E-4 9.87227E-5 9.98076E-5 5.93475E-5 9.66636E-5 9.65486E-5 9.61674E-5 4.75147E-5 6.56945E-5 6.51613E-5 6.51013E-5 4.67395E-5 6.59279E-5 9.34231E-5 9.3543E-5 9.39815E-5 9.34629E-5 9.19141E-5 9.2338E-5 5.81052E-5 5.92786E-5 9.77278E-5 6.69146E-5 6.64546E-5 6.63796E-5 4.69093E-5 6.4404E-5 4.45152E-5 6.11159E-5 5.55866E-5 2.63235E-5 2.78897E-5 2.6202E-5 5.59121E-5 5.43309E-5 5.22622E-5 5.37711E-5 3.53045E-5 2.86359E-5 1.44797E-5 1.08464E-5 1.50203E-5 2.90457E-5 4.1359E-5 2.33413E-5 1.71224E-5 1.66122E-5 1.31948E-5 1.69399E-5 3.06001E-5 2.23145E-5 8.57369E-5 5.72799E-5 6.50349E-5 1.09038E-5 1.37606E-5 1.58252E-5 2.32439E-5 2.83086E-5 6.7674E-6 8.12921E-6 7.78738E-6 1.67014E-5 1.41121E-5 2.11572E-5
1.03916E-4 1.03186E-4 9.91829E-5 9.67408E-5 9.60228E-5 5.86354E-5 6.73652E-5 6.71749E-5 6.67262E-5 4.76064E-5 6.63392E-5 6.64182E-5 6.68304E-5 5.82232E-5 9.60089E-5 5.86579E-5 9.58066E-5 6.57878E-5 6.60169E-5 4.80396E-5 5.36966E-5 6.80481E-5 4.84584E-5 4.59965E-5 4.58602E-5 4.71044E-5 6.13181E-5 5.45252E-5 6.03781E-5 3.98046E-5 3.15599E-5 5.18637E-5 4.29035E-5 5.94196E-5 3.17179E-5 2.85015E-5 3.24153E-5 4.2195E-5 3.8847E-5 1.73863E-5 1.42869E-5 2.51816E-5 3.98991E-5 2.80133E-5 1.59642E-5 1.69498E-5 4.5329E-5 3.96018E-5 3.95599E-5 2.63213E-5 4.07218E-5 7.84501E-5 4.49175E-5 4.06327E-5 2.68429E-5 1.64526E-5 2.59771E-5 2.92117E-5 3.79722E-5 1.23673E-5 8.88215E-6 8.70681E-6 1.61771E-5 5.25997E-6 9.08424E-6
1.03773E-4 1.03064E-4 9.97715E-5 5.92674E-5 9.60087E-5 5.70406E-5 6.52399E-5 6.69728E-5 6.72821E-5 4.81707E-5 4.59472E-5 4.80143E-5 6.78892E-5 9.7924E-5 6.81307E-5 6.82333E-5 6.80924E-5 6.82607E-5 6.84754E-5 6.91655E-5 6.94066E-5 6.91351E-5 6.89512E-5 4.86821E-5 6.78175E-5 6.58708E-5 4.65588E-5 4.80682E-5 5.37682E-5 3.35093E-5 5.3582E-5 5.32415E-5 5.49544E-5 3.72785E-5 3.70196E-5 3.29433E-5 4.73692E-5 3.32693E-5 4.19525E-5 4.85524E-5 2.62925E-5 2.5871E-5 1.98375E-5 2.60293E-5 1.57035E-5 1.36147E-5 3.07134E-5 1.98102E-5 3.72895E-5 2.72316E-5 5.58964E-5 6.12564E-5 3.48178E-5 6.16794E-5 4.03231E-5 2.27508E-5 1.10717E-5 2.77077E-5 3.30309E-5 3.941E-5 2.65641E-5 1.08931E-5 1.49129E-5 9.8876E-6 1.09983E-5
1.03798E-4 1.02448E-4 6.01587E-5 5.90975E-5 9.70618E-5 5.92097E-5 6.74933E-5 6.5658E-5 6.79516E-5 6.58886E-5 5.69632E-5 5.74632E-5 5.75136E-5 6.88822E-5 4.93602E-5 4.96271E-5 6.93579E-5 7.00346E-5 7.06124E-5 7.11229E-5 5.03901E-5 4.98686E-5 6.98945E-5 6.87096E-5 5.83769E-5 3.0288E-5 4.53815E-5 3.61571E-5 2.49899E-5 2.7425E-5 4.20546E-5 2.15603E-5 5.38613E-5 2.67039E-5 4.55013E-5 3.58899E-5 5.73565E-5 5.43094E-5 6.70288E-5 3.75847E-5 4.76267E-5 3.29271E-5 3.19427E-5 2.45847E-5 2.20708E-5 7.29225E-6 3.54435E-5 1.88493E-5 3.35472E-5 6.12736E-5 1.70031E-5 3.59473E-5 3.00789E-5 5.85914E-5 2.79207E-5 4.24787E-5 2.72216E-5 2.64774E-5 6.08267E-5 4.57739E-5 5.9377E-5 5.96022E-5 2.90902E-5 1.159E-5 1.05241E-5
9.90204E-5 6.00813E-5 5.92572E-5 9.70423E-5 9.7892E-5 6.84274E-5 5.70081E-5 5.72921E-5 5.77121E-5 5.79865E-5 4.01992E-5 5.89554E-5 5.90323E-5 4.03356E-5 5.09818E-5 7.27469E-5 7.1276E-5 7.1809E-5 5.19014E-5 7.27874E-5 7.16468E-5 7.06646E-5 6.36491E-5 4.40828E-5 3.56788E-5 2.86243E-5 3.78962E-5 3.59994E-5 2.52233E-5 3.07318E-5 4.36772E-5 1.69776E-5 4.58363E-5 2.97323E-5 5.00186E-5 5.63784E-5 4.30246E-5 3.30343E-5 6.15445E-5 2.938E-5 2.51136E-5 4.75463E-5 1.54935E-5 3.16504E-5 2.51847E-5 2.22579E-5 8.02205E-6 1.03911E-5 2.31883E-5 2.85644E-5 3.61357E-5 2.30973E-5 1.33238E-5 4.26349E-5 2.39916E-5 3.04114E-5 3.36358E-5 2.68391E-5 3.28631E-5 3.46775E-5 3.48145E-5 3.40776E-5 3.2482E-5 2.09415E-5 1.39233E-5
5.9163E-5 5.66878E-5 5.91934E-5 9.77494E-5 9.80553E-5 3.93906E-5 5.79677E-5 4.02058E-5 5.93472E-5 4.08211E-5 3.67301E-5 4.12397E-5 6.16104E-5 6.30464E-5 7.37427E-5 5.10384E-5 3.96743E-5 5.2909E-5 7.44498E-5 7.43392E-5 7.27278E-5 5.08E-5 4.73935E-5 4.54007E-5 4.36811E-5 5.09439E-5 5.3369E-5 3.51655E-5 3.36444E-5 6.05222E-5 3.82391E-5 2.90403E-5 3.7506E-5 4.89878E-5 5.08416E-5 3.93851E-5 2.91379E-5 3.05465E-5 3.27477E-5 5.13007E-5 2.85348E-5 4.64537E-5 2.82921E-5 2.71609E-5 3.27121E-5 1.88218E-5 1.30283E-5 1.23642E-5 1.17175E-5 2.95465E-5 4.00355E-5 3.88077E-5 3.89679E-5 2.40029E-5 3.57155E-5 3.81527E-5 4.45472E-5 4.45336E-5 4.61673E-5 1.62349E-5 3.25585E-5 4.922E-5 3.62529E-5 3.4356E-5 4.18998E-5
1.00169E-4 9.85087E-5 9.92908E-5 1.00204E-4 6.9486E-5 5.82333E-5 5.89165E-5 4.09509E-5 4.02955E-5 3.70377E-5 3.72491E-5 4.2491E-5 6.29592E-5 6.27722E-5 4.64209E-5 6.86973E-5 7.22102E-5 7.1662E-5 6.59273E-5 5.22768E-5 7.34892E-5 5.1767E-5 4.94965E-5 7.03765E-5 5.97048E-5 4.12818E-5 5.1243E-5 5.67989E-5 6.08403E-5 6.87872E-5 4.82566E-5 3.20645E-5 2.42141E-5 4.9223E-5 3.44272E-5 4.21281E-5 3.68289E-5 2.85845E-5 3.54208E-5 2.32049E-5 2.56952E-5 1.89746E-5 1.30169E-5 1.976E-5 2.6521E-5 1.15202E-5 1.20982E-5 1.36212E-5 1.36416E-5 2.35057E-5 2.69582E-5 5.18205E-5 3.14918E-5 4.58086E-5 4.59897E-5 4.07802E-5 1.99406E-5 4.35317E-5 4.09594E-5 4.50857E-5 3.63364E-5 4.52423E-5 3.22418E-5 4.03479E-5 4.24798E-5
1.02096E-4 6.14949E-5 6.02476E-5 4.92607E-5 4.88165E-5 4.10956E-5 5.98819E-5 4.13583E-5 3.69697E-5 3.97985E-5 3.86225E-5 5.95106E-5 6.41896E-5 3.48914E-5 5.29504E-5 7.70674E-5 6.14403E-5 3.93713E-5 6.78355E-5 7.21323E-5 7.35124E-5 7.33772E-5 7.30801E-5 7.32116E-5 7.29335E-5 7.17014E-5 7.07268E-5 6.47721E-5 6.42033E-5 6.13772E-5 5.6529E-5 3.57398E-5 4.94976E-5 4.73639E-5 5.69725E-5 5.75961E-5 5.58099E-5 4.07017E-5 3.43098E-5 2.49827E-5 1.64318E-5 2.39873E-5 4.11833E-5 4.55444E-5 2.53266E-5 3.83887E-5 1.10103E-5 2.17961E-5 1.18449E-5 9.45122E-6 2.19415E-5 1.9908E-5 4.07239E-5 3.83844E-5 4.94119E-5 3.84374E-5 2.57391E-5 4.81808E-5 2.04524E-5 3.75439E-5 4.98906E-5 4.70792E-5 3.63014E-5 4.4563E-5 3.77747E-5
1.08577E-4 1.05861E-4 7.2497E-5 7.1907E-5 5.12981E-5 6.04091E-5 5.9891E-5 4.09173E-5 4.08288E-5 4.37734E-5 2.71417E-5 5.26205E-5 4.5893E-5 3.03241E-5 3.29948E-5 1.92694E-5 1.916E-5 7.10148E-5 4.6328E-5 7.32756E-5 5.36332E-5 7.50895E-5 5.34691E-5 5.82942E-5 8.58166E-5 7.24117E-5 7.37067E-5 5.20078E-5 5.21099E-5 6.30884E-5 5.02315E-5 3.76188E-5 2.86898E-5 5.20928E-5 5.34137E-5 4.53351E-5 6.82256E-5 5.04514E-5 4.40472E-5 3.94025E-5 1.95594E-5 2.04513E-5 1.98703E-5 2.69838E-5 2.36352E-5 4.00278E-5 4.37032E-5 3.97602E-5 2.0091E-5 2.01567E-5 1.97238E-5 2.40526E-5 3.371E-5 3.77019E-5 2.83714E-5 1.91998E-5 4.84563E-5 3.2386E-5 4.28361E-5 3.78631E-5 3.05286E-5 3.05797E-5 4.47676E-5 3.6107E-5 2.40773E-5
6.37539E-5 6.37312E-5 5.33222E-5 7.42628E-5 7.29455E-5 6.12007E-5 4.17258E-5 4.05868E-5 2.72219E-5 4.42131E-5 4.01098E-5 3.67663E-5 6.75861E-5 6.71962E-5 2.18019E-5 1.5479E-5 5.02701E-5 7.37959E-5 7.49104E-5 7.72375E-5 7.78691E-5 7.01859E-5 7.85104E-5 6.86441E-5 8.14953E-5 7.40864E-5 7.4421E-5 7.21432E-5 6.41832E-5 3.73474E-5 4.48331E-5 3.24199E-5 3.52892E-5 5.7068E-5 6.33238E-5 6.20101E-5 7.08472E-5 6.60593E-5 5.23814E-5 3.02334E-5 3.42851E-5 2.64492E-5 3.20103E-5 2.62678E-5 1.25799E-5 4.75459E-5 2.31614E-5 1.71409E-5 9.61262E-6 1.22656E-5 3.14029E-5 2.58486E-5 4.09241E-5 3.26982E-5 1.90045E-5 1.92838E-5 4.0406E-5 3.81348E-5 2.53564E-5 3.58234E-5 2.36418E-5 3.18208E-5 3.53996E-5 1.54493E-5 2.85717E-5
6.62648E-5 5.29628E-5 4.74653E-5 5.58769E-5 6.54139E-5 6.37854E-5 6.26716E-5 6.27487E-5 6.0965E-5 6.3439E-5 6.60147E-5 5.83094E-5 5.5412E-5 7.61389E-5 3.86451E-5 1.32251E-5 5.65452E-5 7.87138E-5 5.6848E-5 5.71528E-5 7.59281E-5 5.03055E-5 4.21934E-5 8.12833E-5 4.45989E-5 6.62674E-5 6.82785E-5 4.39127E-5 5.76838E-5 4.63894E-5 4.16155E-5 3.67968E-5 3.10387E-5 5.58499E-5 6.0573E-5 4.97581E-5 3.84175E-5 5.92039E-5 3.05756E-5 3.86939E-5 4.68545E-5 2.41727E-5 2.71279E-5 3.32159E-5 5.14323E-5 3.39603E-5 1.80276E-5 1.60927E-5 1.29516E-5 2.22277E-5 3.26971E-5 5.39615E-5 3.21412E-5 1.77082E-5 9.20616E-6 1.72307E-5 1.38037E-5 3.82646E-5 2.97871E-5 4.61903E-5 3.7103E-5 3.22065E-5 1.9098E-5 2.69276E-5 7.73793E-5
