catData/rasterBestHybridModels/Prubiginosus/RD_BM01_RM1.5_L/Prubiginosus_stddev.asc
ncols         409
nrows         350
xllcorner     60.897278365
yllcorner     5.843756025
cellsize      0.0892857
NODATA_value  -9999
[rows 145 to 173 of 350, columns 260 to 324 of 409]
7.35636E-6 6.69499E-6 6.81497E-6 7.9857E-6 1.06938E-5 2.12583E-5 1.6469E-5 1.20001E-5 1.43998E-5 1.81975E-5 1.07292E-5 1.00271E-5 1.28127E-5 1.10357E-5 1.67043E-5 8.21034E-6 1.19517E-5 1.1679E-5 7.89965E-6 8.84208E-6 7.65716E-6 7.69534E-6 6.32602E-6 8.18843E-6 1.00115E-5 1.06458E-5 9.55538E-6 1.06402E-5 1.2191E-5 1.02372E-5 9.93471E-6 9.30539E-6 6.49726E-6 4.90694E-6 5.81841E-6 6.63712E-6 4.41057E-6 2.97945E-6 4.58731E-6 2.99278E-6 4.82801E-6 3.50551E-6 2.1111E-6 3.20925E-6 5.16371E-6 4.01936E-6 3.85113E-6 1.94275E-6 3.15274E-6 2.27645E-6 2.0066E-6 4.78647E-6 9.29655E-6 5.85993E-6 3.65468E-6 2.85676E-6 2.06186E-6 3.00699E-6 3.97582E-6 3.91735E-6 2.90261E-6 1.77038E-6 4.60991E-6 5.33542E-6 2.60534E-6
7.60958E-6 5.30973E-6 6.48724E-6 9.65802E-6 9.7712E-6 1.47417E-5 2.02477E-5 1.2161E-5 9.11871E-6 7.95308E-6 1.48873E-5 1.67243E-5 2.37671E-5 1.67309E-5 1.58609E-5 7.30948E-6 5.47198E-6 1.29627E-5 6.8135E-6 1.06831E-5 1.01589E-5 7.67342E-6 7.0406E-6 7.00044E-6 5.99445E-6 7.00574E-6 6.54E-6 1.20357E-5 1.2214E-5 1.23615E-5 1.22778E-5 9.48758E-6 9.49698E-6 4.97788E-6 4.75423E-6 4.93235E-6 9.04488E-6 4.35268E-6 3.36281E-6 3.57687E-6 3.6651E-6 4.54117E-6 2.76012E-6 3.91181E-6 6.23969E-6 4.64944E-6 3.27133E-6 2.58502E-6 1.90988E-6 2.08994E-6 2.03114E-6 3.05471E-6 3.2819E-6 3.38412E-6 2.99013E-6 4.88135E-6 3.80518E-6 3.08645E-6 2.20091E-6 3.14788E-6 1.51348E-6 2.97701E-6 7.42063E-6 4.65064E-6 4.10834E-6
5.79291E-6 6.26943E-6 8.02036E-6 8.99411E-6 1.82879E-5 2.30552E-5 7.16633E-6 5.63345E-6 1.48897E-5 1.08875E-5 1.80631E-5 1.18408E-5 1.73944E-5 2.00592E-5 1.11085E-5 9.4686E-6 8.39474E-6 9.65765E-6 7.49537E-6 6.07166E-6 6.06299E-6 8.24627E-6 5.63318E-6 6.32475E-6 7.45359E-6 7.07148E-6 6.32494E-6 6.71679E-6 1.22454E-5 1.15832E-5 1.17429E-5 1.22563E-5 1.22633E-5 1.23427E-5 5.21448E-6 6.52351E-6 5.08451E-6 4.49342E-6 4.84995E-6 4.19397E-6 3.68898E-6 3.57284E-6 3.64169E-6 3.60203E-6 4.83309E-6 4.93611E-6 5.17335E-6 4.35507E-6 3.65667E-6 1.93803E-6 2.14988E-6 1.54099E-6 3.72536E-6 3.84794E-6 4.53924E-6 3.46621E-6 5.02388E-6 -9999 5.75164E-6 3.92017E-6 4.7161E-6 3.8566E-6 6.36768E-6 5.26244E-6 4.15491E-6
9.90161E-6 1.11187E-5 9.47646E-6 8.18227E-6 7.54271E-6 8.53045E-6 6.98179E-6 8.58446E-6 9.34306E-6 8.85714E-6 1.54357E-5 2.29804E-5 1.68778E-5 2.08049E-5 1.59583E-5 1.30045E-5 1.20577E-5 1.67212E-5 1.48658E-5 6.23938E-6 6.09693E-6 7.30166E-6 8.02803E-6 5.24634E-6 6.81319E-6 9.55518E-6 5.50285E-6 6.12855E-6 1.24178E-5 1.10844E-5 1.03403E-5 1.13435E-5 7.5864E-6 6.88851E-6 4.77124E-6 5.01756E-6 1.03107E-5 5.03526E-6 4.74611E-6 4.22489E-6 4.60161E-6 3.06034E-6 3.19891E-6 4.93087E-6 4.09758E-6 5.32035E-6 5.25736E-6 7.72015E-6 5.58644E-6 2.69047E-6 2.70303E-6 2.11984E-6 3.3224E-6 4.07257E-6 5.5282E-6 3.53948E-6 3.39209E-6 2.97137E-6 2.1416E-6 3.74498E-6 -9999 -9999 9.68739E-6 -9999 4.71266E-6
8.45136E-6 1.13537E-5 1.13836E-5 9.30996E-6 4.36162E-6 8.93198E-6 1.03717E-5 1.11506E-5 1.32135E-5 1.12831E-5 2.65695E-5 1.44627E-5 1.95801E-5 1.55503E-5 1.3139E-5 1.55253E-5 1.1806E-5 6.00026E-6 1.07652E-5 1.11983E-5 6.44687E-6 7.08298E-6 9.39292E-6 1.1174E-5 9.80994E-6 7.99816E-6 5.60673E-6 4.21735E-6 6.08484E-6 7.02853E-6 1.09418E-5 6.93401E-6 6.26919E-6 3.5319E-6 4.18911E-6 6.37982E-6 4.93566E-6 4.12552E-6 3.77874E-6 4.55231E-6 4.48617E-6 5.22587E-6 4.02855E-6 4.60644E-6 4.28056E-6 3.6614E-6 3.92514E-6 4.87403E-6 4.50334E-6 4.31324E-6 3.93184E-6 4.47589E-6 3.77605E-6 3.73333E-6 5.26513E-6 4.92612E-6 2.64625E-6 4.0038E-6 2.21606E-6 2.05844E-6 2.57494E-6 2.31912E-6 3.31895E-6 -9999 7.33229E-6
9.7333E-6 9.74005E-6 1.67601E-5 1.03331E-5 7.29842E-6 1.26028E-5 1.82488E-5 1.36431E-5 2.22318E-5 1.52918E-5 1.32595E-5 2.11611E-5 9.96437E-6 1.01719E-5 1.17704E-5 2.0614E-5 1.34841E-5 1.21983E-5 7.07123E-6 7.30308E-6 8.47638E-6 8.66397E-6 8.1925E-6 7.19651E-6 8.4424E-6 7.2795E-6 6.39077E-6 4.79457E-6 6.31417E-6 4.75475E-6 5.59518E-6 6.62418E-6 6.2458E-6 7.23598E-6 9.4294E-6 5.28318E-6 4.24059E-6 4.82419E-6 4.82571E-6 3.42524E-6 2.9392E-6 4.26995E-6 2.59165E-6 4.44296E-6 6.14319E-6 5.82086E-6 4.78983E-6 4.52392E-6 2.90537E-6 8.4881E-6 4.40509E-6 3.6398E-6 2.05263E-6 3.52981E-6 6.3597E-6 4.56051E-6 4.796E-6 4.62728E-6 2.2651E-6 3.88713E-6 2.43373E-6 3.42055E-6 2.26819E-6 4.52234E-6 -9999
8.47198E-6 9.57305E-6 2.37378E-5 1.05569E-5 2.00186E-5 1.38223E-5 1.2314E-5 2.22209E-5 2.75041E-5 3.08728E-5 1.29041E-5 1.53823E-5 1.20734E-5 3.65615E-6 5.63829E-6 8.2924E-6 1.38982E-5 2.44724E-5 9.92805E-6 9.83098E-6 6.82831E-6 9.41869E-6 9.55279E-6 1.03044E-5 1.08859E-5 9.1207E-6 6.71205E-6 9.61051E-6 9.62544E-6 5.3876E-6 3.05609E-6 3.42391E-6 4.29886E-6 4.04026E-6 6.29915E-6 9.85541E-6 5.13369E-6 4.78429E-6 3.59374E-6 3.24096E-6 3.09047E-6 3.1746E-6 4.73279E-6 5.17642E-6 3.79641E-6 3.21349E-6 4.9496E-6 4.38575E-6 4.22255E-6 5.40039E-6 6.14488E-6 4.70795E-6 3.08791E-6 3.81548E-6 4.28063E-6 4.7058E-6 4.54119E-6 6.86044E-6 5.06331E-6 5.28845E-6 2.9171E-6 2.51646E-6 2.61512E-6 2.32899E-6 2.95945E-6
1.08841E-5 9.73302E-6 1.52674E-5 9.69313E-6 1.37718E-5 1.08331E-5 1.5115E-5 1.54841E-5 1.16369E-5 2.05759E-5 1.96777E-5 2.09642E-5 2.02046E-5 1.74247E-5 1.75283E-5 1.49003E-5 1.71918E-5 1.44622E-5 4.64296E-6 8.80154E-6 7.73433E-6 6.38979E-6 9.64598E-6 1.09523E-5 1.09851E-5 9.72786E-6 7.84856E-6 6.10435E-6 5.59548E-6 6.52845E-6 5.8761E-6 3.757E-6 3.6376E-6 3.39124E-6 4.65292E-6 5.49501E-6 4.01946E-6 4.22519E-6 2.7016E-6 3.77444E-6 2.82509E-6 3.87321E-6 4.85528E-6 2.67278E-6 3.73127E-6 5.12315E-6 4.9146E-6 4.46114E-6 4.90139E-6 4.62889E-6 1.08343E-5 3.44821E-6 2.64228E-6 2.38839E-6 3.34831E-6 2.66928E-6 3.68745E-6 2.52027E-6 4.27897E-6 3.81314E-6 3.24813E-6 1.85739E-6 2.2446E-6 2.78766E-6 2.68486E-6
9.6811E-6 1.01564E-5 8.02951E-6 1.24822E-5 1.25979E-5 7.31122E-6 1.70608E-5 1.10427E-5 1.58394E-5 1.38818E-5 1.25784E-5 1.44913E-5 1.48659E-5 2.04526E-5 1.96544E-5 9.33116E-6 1.63928E-5 2.6106E-5 1.09292E-5 8.30622E-6 6.21962E-6 6.56955E-6 1.28982E-5 9.23562E-6 1.10846E-5 1.16944E-5 1.16958E-5 1.00606E-5 6.48921E-6 7.01211E-6 9.37283E-6 5.74056E-6 3.62544E-6 3.56469E-6 2.54391E-6 4.18195E-6 4.77904E-6 4.19674E-6 3.11702E-6 3.93992E-6 3.38902E-6 4.88376E-6 2.78403E-6 2.3796E-6 2.71E-6 3.66755E-6 5.94975E-6 4.7301E-6 3.84668E-6 5.00885E-6 6.29426E-6 4.92364E-6 4.95521E-6 3.31915E-6 3.24257E-6 4.80666E-6 3.9556E-6 2.3535E-6 2.49848E-6 3.46025E-6 3.17189E-6 4.12834E-6 3.54468E-6 1.63577E-6 1.5723E-6
9.85145E-6 1.11748E-5 9.05213E-6 1.24624E-5 1.24886E-5 1.63103E-5 1.34076E-5 1.02314E-5 1.78888E-5 1.95234E-5 1.85866E-5 1.25933E-5 1.65239E-5 1.99828E-5 1.13487E-5 7.51371E-6 1.07381E-5 9.25436E-6 8.91642E-6 8.51864E-6 7.23487E-6 8.3083E-6 7.35811E-6 1.08569E-5 1.16924E-5 1.17475E-5 8.39195E-6 7.70603E-6 6.5111E-6 8.29971E-6 7.98058E-6 6.9471E-6 8.49183E-6 3.60995E-6 3.3003E-6 4.72047E-6 3.61994E-6 3.49839E-6 3.20225E-6 2.44088E-6 2.41833E-6 3.63993E-6 3.06379E-6 2.60837E-6 2.85461E-6 3.91764E-6 5.03361E-6 4.90668E-6 4.14858E-6 4.78114E-6 5.58559E-6 6.7463E-6 8.24776E-6 5.28478E-6 4.43253E-6 3.46229E-6 4.16638E-6 3.34007E-6 4.47976E-6 4.78639E-6 4.04412E-6 3.53332E-6 3.82672E-6 3.66972E-6 2.27111E-6
7.49972E-6 1.0627E-5 1.15908E-5 1.24031E-5 1.66324E-5 1.2457E-5 1.36784E-5 1.76234E-5 1.59305E-5 1.82155E-5 2.46258E-5 1.95859E-5 1.61979E-5 1.323E-5 7.2424E-6 1.54769E-5 8.87115E-6 1.12318E-5 5.81045E-6 8.59124E-6 5.56773E-6 7.44399E-6 1.01247E-5 1.0225E-5 1.17261E-5 1.11975E-5 1.10022E-5 1.06612E-5 6.45592E-6 7.67994E-6 8.72012E-6 1.03036E-5 7.7998E-6 4.717E-6 3.0618E-6 2.30938E-6 3.49123E-6 3.28201E-6 2.94019E-6 4.99835E-6 5.03705E-6 4.76743E-6 4.37414E-6 3.31612E-6 3.23513E-6 4.1014E-6 3.77695E-6 4.42338E-6 4.78244E-6 3.95167E-6 3.14262E-6 5.21827E-6 6.85114E-6 3.66569E-6 3.48255E-6 3.35386E-6 3.91975E-6 3.55338E-6 4.15466E-6 5.356E-6 4.46756E-6 4.15139E-6 3.81204E-6 4.63514E-6 4.5602E-6
7.62291E-6 7.11873E-6 1.13688E-5 9.41988E-6 8.28983E-6 1.06644E-5 7.02085E-6 1.37518E-5 1.07866E-5 8.59893E-6 9.24473E-6 1.01872E-5 1.7497E-5 1.24533E-5 1.15489E-5 1.73334E-5 8.96209E-6 6.73719E-6 5.73124E-6 6.75616E-6 9.28939E-6 6.67795E-6 7.70992E-6 9.53336E-6 1.17568E-5 1.12525E-5 1.00125E-5 9.24369E-6 6.20494E-6 6.24467E-6 6.23484E-6 4.71471E-6 3.51515E-6 3.90879E-6 3.97148E-6 4.61083E-6 5.3424E-6 3.4022E-6 3.0565E-6 6.46665E-6 6.14323E-6 5.54517E-6 5.06748E-6 4.17048E-6 3.2554E-6 2.61028E-6 3.04179E-6 4.26221E-6 4.70111E-6 4.15464E-6 2.78012E-6 5.85189E-6 3.55127E-6 7.82537E-6 8.16319E-6 4.34637E-6 3.98794E-6 3.55026E-6 2.32759E-6 4.64675E-6 4.20196E-6 2.47635E-6 2.7529E-6 3.43108E-6 3.49126E-6
1.05405E-5 5.89735E-6 7.20328E-6 1.15209E-5 9.98354E-6 1.05425E-5 1.25696E-5 1.50009E-5 1.08731E-5 5.1929E-6 5.60735E-6 9.46694E-6 1.68948E-5 1.06047E-5 1.51521E-5 1.63275E-5 1.25658E-5 6.57735E-6 1.26789E-5 7.47301E-6 9.19685E-6 1.06266E-5 7.26538E-6 7.59932E-6 1.00846E-5 7.98734E-6 7.39766E-6 9.17911E-6 8.43294E-6 6.31833E-6 4.34669E-6 4.3727E-6 2.23417E-6 4.54949E-6 2.5712E-6 3.13292E-6 5.39837E-6 3.55765E-6 2.80163E-6 3.93086E-6 3.65757E-6 5.84785E-6 4.23174E-6 3.88368E-6 2.34136E-6 2.25946E-6 2.26847E-6 2.78203E-6 4.5105E-6 3.49262E-6 1.63854E-6 4.08263E-6 4.62323E-6 5.15324E-6 6.3614E-6 2.97161E-6 4.16463E-6 3.94657E-6 2.53566E-6 3.43026E-6 1.90517E-6 1.96984E-6 2.13801E-6 3.7944E-6 2.82478E-6
7.58688E-6 6.54048E-6 1.03558E-5 9.36306E-6 2.12268E-5 1.66304E-5 1.48408E-5 1.48525E-5 1.52449E-5 7.32968E-6 1.0579E-5 2.07261E-5 1.4848E-5 1.74358E-5 1.7247E-5 1.42499E-5 1.13662E-5 6.78391E-6 7.93831E-6 8.45485E-6 1.07801E-5 7.61609E-6 7.85195E-6 6.82392E-6 6.08863E-6 6.43139E-6 6.32691E-6 6.24411E-6 6.47432E-6 6.34829E-6 5.39641E-6 5.80137E-6 4.99537E-6 4.44582E-6 2.61404E-6 2.27497E-6 3.37612E-6 2.4629E-6 2.39224E-6 2.54076E-6 4.43583E-6 3.95242E-6 4.04096E-6 2.75526E-6 2.26027E-6 2.39953E-6 3.08549E-6 3.26976E-6 2.6969E-6 2.49299E-6 3.13144E-6 1.78295E-6 4.53258E-6 5.47985E-6 5.08778E-6 3.96723E-6 3.68263E-6 3.40609E-6 2.13715E-6 3.53845E-6 3.58593E-6 2.37925E-6 2.78571E-6 3.18098E-6 3.66295E-6
1.30698E-5 1.03323E-5 1.69716E-5 1.92185E-5 3.69956E-5 2.21695E-5 1.44593E-5 1.85283E-5 1.60385E-5 1.35145E-5 1.61387E-5 1.95092E-5 1.30482E-5 2.03987E-5 2.00127E-5 1.25922E-5 1.34201E-5 1.35294E-5 1.3786E-5 8.01743E-6 1.39814E-5 7.18744E-6 9.06885E-6 8.07356E-6 8.83099E-6 6.10954E-6 8.39459E-6 6.20608E-6 8.78273E-6 7.994E-6 5.09097E-6 3.97889E-6 4.9542E-6 3.68218E-6 3.94825E-6 4.54236E-6 3.7965E-6 3.9014E-6 3.02598E-6 2.74457E-6 2.66798E-6 3.78014E-6 3.49222E-6 2.25266E-6 2.40514E-6 3.07003E-6 3.5024E-6 3.24824E-6 3.28503E-6 4.22143E-6 2.93403E-6 2.81176E-6 4.597E-6 4.34721E-6 5.08026E-6 4.83212E-6 3.77491E-6 3.55935E-6 4.58222E-6 3.37347E-6 5.4429E-6 4.72456E-6 3.8861E-6 4.50581E-6 3.54173E-6
2.19929E-5 4.47075E-5 4.06658E-5 2.33176E-5 2.28908E-5 2.71183E-5 1.69032E-5 1.70664E-5 1.16386E-5 1.58124E-5 3.78262E-5 1.7176E-5 1.3062E-5 1.71047E-5 1.73336E-5 1.7224E-5 9.69465E-6 7.27685E-6 1.25435E-5 7.71461E-6 7.29582E-6 9.80143E-6 9.07268E-6 1.07774E-5 1.03129E-5 7.51965E-6 1.00591E-5 7.25424E-6 1.1171E-5 6.88532E-6 3.36163E-6 4.63487E-6 5.04387E-6 4.6864E-6 3.47225E-6 3.33938E-6 2.63558E-6 3.36986E-6 2.22216E-6 1.84506E-6 2.29163E-6 3.32583E-6 1.8317E-6 1.73802E-6 2.52708E-6 2.47783E-6 2.44498E-6 4.84267E-6 3.31891E-6 2.56465E-6 3.78987E-6 2.79278E-6 3.37318E-6 4.95935E-6 4.77275E-6 4.31639E-6 4.19761E-6 4.55173E-6 4.34978E-6 2.38243E-6 3.87183E-6 2.95786E-6 2.58805E-6 4.46299E-6 3.96701E-6
1.63131E-5 1.56594E-5 1.04494E-5 9.17054E-6 2.0946E-5 2.85637E-5 2.95228E-5 2.42574E-5 9.78807E-6 3.16942E-5 1.86414E-5 1.53735E-5 2.0311E-5 1.83616E-5 1.83423E-5 1.73962E-5 9.67311E-6 8.8142E-6 8.22048E-6 9.3109E-6 1.07539E-5 8.50952E-6 8.06437E-6 7.74071E-6 8.166E-6 7.76764E-6 8.64325E-6 6.81027E-6 9.72653E-6 8.99936E-6 4.54379E-6 5.57262E-6 5.78657E-6 7.04757E-6 3.82148E-6 2.39719E-6 3.9472E-6 2.01943E-6 1.61115E-6 3.37892E-6 5.75979E-6 7.10129E-6 3.64092E-6 1.95712E-6 2.49711E-6 3.7299E-6 3.27509E-6 8.42282E-6 5.04667E-6 3.86342E-6 3.45435E-6 2.75763E-6 3.92881E-6 3.83169E-6 6.67705E-6 5.09687E-6 3.53916E-6 3.44795E-6 4.93295E-6 3.19833E-6 3.62461E-6 3.27586E-6 3.25002E-6 3.71004E-6 5.34051E-6
1.14654E-5 7.32411E-6 9.84525E-6 8.94042E-6 1.77233E-5 1.99439E-5 4.38003E-5 2.58843E-5 1.71209E-5 3.71903E-5 2.3243E-5 2.82477E-5 2.9114E-5 2.17602E-5 1.19983E-5 7.97748E-6 2.12842E-5 1.73716E-5 6.27917E-6 7.29659E-6 1.2359E-5 7.4738E-6 1.02368E-5 9.83912E-6 9.59701E-6 9.41058E-6 8.26292E-6 8.01532E-6 7.03819E-6 6.2079E-6 4.57558E-6 4.15218E-6 5.0655E-6 7.55993E-6 4.08304E-6 2.30263E-6 2.37302E-6 1.9424E-6 3.12407E-6 4.57266E-6 1.96071E-6 2.97883E-6 3.35563E-6 2.70236E-6 2.39304E-6 2.8221E-6 5.15909E-6 1.45482E-5 5.20788E-6 3.38607E-6 4.08149E-6 5.43349E-6 5.19157E-6 3.07514E-6 5.00514E-6 9.6482E-6 5.14178E-6 5.01383E-6 5.15441E-6 4.52977E-6 2.9762E-6 3.92777E-6 3.1635E-6 2.12006E-6 5.07922E-6
9.21403E-6 1.23608E-5 9.95319E-6 1.80538E-5 1.75699E-5 3.57749E-5 2.85467E-5 2.50962E-5 3.45673E-5 2.39927E-5 2.24794E-5 3.21701E-5 3.77785E-5 2.31361E-5 1.93555E-5 1.29228E-5 2.72423E-5 1.66589E-5 6.22638E-6 7.29431E-6 1.23343E-5 1.06021E-5 1.16208E-5 5.90501E-6 6.63837E-6 7.52046E-6 7.05758E-6 6.96231E-6 6.4545E-6 6.8238E-6 7.74934E-6 4.39658E-6 4.16574E-6 7.53938E-6 7.54612E-6 8.35082E-6 2.86911E-6 4.41256E-6 3.34321E-6 1.90222E-6 2.06047E-6 1.89017E-6 7.89489E-6 3.64581E-6 3.29071E-6 6.02671E-6 5.86732E-6 9.05241E-6 3.98142E-6 2.53059E-6 3.54108E-6 3.86603E-6 6.24063E-6 3.71128E-6 3.81256E-6 4.74194E-6 5.6571E-6 2.27011E-6 2.30488E-6 4.56834E-6 2.47881E-6 3.81249E-6 2.59527E-6 1.96643E-6 4.31646E-6
1.32183E-5 9.15884E-6 1.04187E-5 2.02944E-5 1.50079E-5 1.22679E-5 9.19818E-6 9.21781E-6 8.01123E-6 1.37792E-5 1.46278E-5 4.24947E-5 2.36646E-5 2.64774E-5 3.09052E-5 1.70272E-5 2.31814E-5 2.78608E-5 1.62186E-5 1.14864E-5 1.01306E-5 1.47889E-5 7.69443E-6 9.10535E-6 7.36689E-6 6.61231E-6 7.27767E-6 8.13107E-6 4.99081E-6 6.81774E-6 7.12858E-6 4.77504E-6 8.8292E-6 4.12516E-6 4.71926E-6 7.90098E-6 3.88117E-6 3.38299E-6 2.43784E-6 3.1448E-6 2.77243E-6 2.13551E-6 5.37859E-6 2.76712E-6 4.04773E-6 4.50917E-6 4.18807E-6 4.19744E-6 3.66832E-6 4.14063E-6 4.47482E-6 4.01386E-6 5.76798E-6 3.80704E-6 2.80143E-6 3.31135E-6 4.32509E-6 5.35825E-6 1.68343E-6 4.1339E-6 1.15778E-5 6.1386E-6 3.34246E-6 3.49074E-6 6.54776E-6
1.0025E-5 2.79887E-5 2.08638E-5 1.74775E-5 1.6161E-5 1.13216E-5 1.23645E-5 9.53893E-6 8.28461E-6 1.2062E-5 1.25309E-5 1.4319E-5 1.96041E-5 1.58364E-5 1.49011E-5 2.67922E-5 2.78016E-5 2.77499E-5 4.41981E-5 2.14136E-5 8.71783E-6 1.30561E-5 1.44108E-5 9.36438E-6 1.32166E-5 8.96633E-6 5.00673E-6 5.68069E-6 8.26996E-6 7.19036E-6 8.41828E-6 4.88442E-6 1.07724E-5 6.39572E-6 6.0623E-6 8.88941E-6 4.42108E-6 2.45897E-6 3.48662E-6 1.81773E-6 2.33312E-6 3.04394E-6 5.38166E-6 4.60601E-6 5.52404E-6 4.22552E-6 4.11161E-6 5.00713E-6 3.1149E-6 3.82953E-6 3.76673E-6 4.2377E-6 1.96319E-6 2.33747E-6 3.77972E-6 5.06308E-6 5.3476E-6 8.78702E-6 2.27771E-6 5.48711E-6 1.04312E-5 8.95641E-6 1.1999E-5 7.84067E-6 -9999
1.54656E-5 9.53248E-6 6.94727E-6 6.94658E-6 8.02877E-6 1.14791E-5 1.30326E-5 1.30188E-5 1.77714E-5 1.4106E-5 1.41178E-5 1.88466E-5 1.81887E-5 1.98844E-5 2.53566E-5 2.60974E-5 1.817E-5 1.42274E-5 2.58839E-5 1.89242E-5 1.8776E-5 9.31734E-6 8.83021E-6 9.37797E-6 8.36032E-6 9.74347E-6 7.68712E-6 6.76416E-6 9.56166E-6 6.85667E-6 6.45344E-6 6.00595E-6 5.38456E-6 4.20002E-6 4.32657E-6 4.25545E-6 3.76364E-6 4.18336E-6 4.04692E-6 2.98615E-6 3.18181E-6 3.429E-6 5.0518E-6 5.76761E-6 6.34984E-6 6.2E-6 5.83464E-6 6.25967E-6 4.3595E-6 2.49144E-6 2.56262E-6 3.61251E-6 1.94474E-6 1.62296E-6 3.4931E-6 5.52938E-6 4.2779E-6 6.96222E-6 6.90802E-6 6.92979E-6 7.05037E-6 7.84551E-6 9.32329E-6 8.5516E-6 -9999
1.30698E-5 1.07288E-5 9.48723E-6 7.50666E-6 1.17129E-5 1.29126E-5 2.00631E-5 1.02612E-5 1.07676E-5 1.74196E-5 1.43728E-5 1.82268E-5 1.76619E-5 1.9484E-5 2.27865E-5 1.66573E-5 1.88946E-5 2.44767E-5 1.98637E-5 1.29638E-5 1.8312E-5 1.53357E-5 7.36705E-6 7.21659E-6 7.42797E-6 7.62885E-6 8.49745E-6 7.10423E-6 6.73052E-6 8.21603E-6 7.13653E-6 7.26034E-6 9.1916E-6 5.20045E-6 6.17178E-6 5.45079E-6 5.21755E-6 6.16182E-6 4.68739E-6 4.59249E-6 6.37633E-6 6.84315E-6 6.60261E-6 6.84307E-6 6.06394E-6 6.58211E-6 3.73416E-6 3.5566E-6 4.17596E-6 1.95859E-6 3.13332E-6 2.52518E-6 2.82272E-6 3.68569E-6 8.15446E-6 4.84588E-6 8.02593E-6 5.12979E-6 7.75475E-6 6.50429E-6 6.9686E-6 7.9074E-6 8.58927E-6 1.20568E-5 1.01026E-5
8.70902E-6 7.42725E-6 1.23221E-5 1.33374E-5 1.66962E-5 1.64408E-5 1.97114E-5 1.06802E-5 1.42764E-5 2.12004E-5 2.73393E-5 2.0979E-5 1.30314E-5 1.97729E-5 1.78564E-5 1.23291E-5 8.53183E-6 1.27667E-5 1.01588E-5 1.9901E-5 2.49025E-5 8.09191E-6 1.72612E-5 1.22136E-5 1.16777E-5 1.42469E-5 5.82976E-6 6.14756E-6 5.9181E-6 8.19286E-6 7.06088E-6 1.13158E-5 9.36434E-6 1.01659E-5 6.12966E-6 4.91353E-6 5.46697E-6 6.43914E-6 4.48332E-6 3.16761E-6 5.2207E-6 7.28418E-6 2.41565E-5 1.81617E-5 7.47043E-6 -9999 3.03775E-6 1.77987E-6 2.45333E-6 2.6396E-6 3.57858E-6 6.51284E-6 4.25681E-6 6.93677E-6 9.6201E-6 4.69079E-6 4.95828E-6 6.90746E-6 5.40041E-6 5.77015E-6 4.80745E-6 8.86517E-6 8.64562E-6 1.22989E-5 -9999
7.54947E-6 8.90888E-6 9.96553E-6 1.73197E-5 3.37813E-5 1.55147E-5 1.92109E-5 1.98352E-5 2.24464E-5 1.44316E-5 2.75555E-5 2.31704E-5 1.97756E-5 1.92101E-5 1.41899E-5 2.385E-5 1.06798E-5 1.35521E-5 1.49137E-5 1.08739E-5 9.1334E-6 8.21955E-6 1.14117E-5 9.48369E-6 8.37991E-6 8.5232E-6 8.60839E-6 9.43778E-6 5.32845E-6 5.46413E-6 4.47192E-6 4.51109E-6 1.2553E-5 5.3412E-6 4.88918E-6 5.46416E-6 4.71285E-6 6.15647E-6 3.47705E-6 2.43933E-6 5.79672E-6 6.95275E-6 1.4575E-5 9.21439E-6 -9999 9.99397E-6 2.77657E-6 2.25075E-6 2.08722E-6 2.40293E-6 -9999 -9999 6.49034E-6 7.44346E-6 6.33364E-6 7.93672E-6 5.83614E-6 7.72275E-6 6.91632E-6 5.13518E-6 7.60838E-6 6.87432E-6 8.04936E-6 1.36799E-5 1.35222E-5
7.50011E-6 7.15136E-6 1.29644E-5 1.10697E-5 1.31166E-5 1.35275E-5 2.02414E-5 2.42999E-5 1.48945E-5 2.11899E-5 1.44912E-5 1.43823E-5 9.31782E-6 1.85347E-5 1.33064E-5 1.77002E-5 1.15883E-5 2.04323E-5 1.36199E-5 1.36959E-5 1.56722E-5 5.49326E-6 1.24365E-5 8.3436E-6 8.16137E-6 1.15573E-5 1.11392E-5 9.8382E-6 5.77202E-6 8.35703E-6 1.04496E-5 5.27477E-6 6.90736E-6 6.06212E-6 4.09738E-6 3.94157E-6 5.50761E-6 5.14193E-6 4.75048E-6 6.32177E-6 4.89555E-6 3.4319E-6 3.50436E-6 -9999 -9999 -9999 3.9462E-6 4.21949E-6 1.59303E-6 3.56154E-6 3.42322E-6 -9999 5.77708E-6 7.48574E-6 6.32902E-6 -9999 7.57978E-6 5.7879E-6 -9999 5.26667E-6 -9999 -9999 9.04019E-6 1.1874E-5 -9999
9.68799E-6 8.45275E-6 7.08003E-6 9.06374E-6 7.36225E-6 1.83995E-5 2.46398E-5 2.78115E-5 1.84081E-5 1.40871E-5 1.28998E-5 1.34681E-5 1.44368E-5 2.20538E-5 1.4724E-5 1.69643E-5 1.91533E-5 2.49646E-5 1.21845E-5 1.54754E-5 7.56993E-6 8.01287E-6 1.38594E-5 1.10402E-5 1.12291E-5 1.16095E-5 7.68756E-6 6.73332E-6 4.86624E-6 5.51946E-6 9.13604E-6 7.50181E-6 6.731E-6 7.8298E-6 4.82839E-6 5.53367E-6 4.96577E-6 3.86336E-6 4.13016E-6 6.64976E-6 4.51532E-6 5.64759E-6 -9999 -9999 -9999 5.79366E-6 3.90079E-6 1.97839E-6 -9999 -9999 4.59478E-6 -9999 5.11476E-6 4.17665E-6 4.08201E-6 -9999 -9999 7.11302E-6 -9999 5.82757E-6 -9999 8.18167E-6 -9999 -9999 -9999
1.02267E-5 5.7741E-6 7.96929E-6 1.37475E-5 1.35381E-5 2.13243E-5 2.05377E-5 2.41926E-5 1.47243E-5 1.30214E-5 1.96627E-5 1.42776E-5 1.97993E-5 2.27398E-5 1.18365E-5 1.44949E-5 1.1212E-5 2.05354E-5 7.66482E-6 2.05386E-5 8.71708E-6 8.31136E-6 2.27097E-5 7.85304E-6 7.84516E-6 8.0737E-6 6.17692E-6 5.26375E-6 5.13985E-6 5.74932E-6 6.29456E-6 7.71536E-6 4.03326E-6 4.12073E-6 5.03816E-6 5.43311E-6 4.49117E-6 3.75496E-6 4.50011E-6 6.96727E-6 6.86203E-6 -9999 -9999 -9999 5.12405E-6 -9999 2.64986E-6 -9999 -9999 7.24876E-6 -9999 -9999 -9999 4.06282E-6 5.09643E-6 4.76104E-6 -9999 -9999 -9999 -9999 -9999 -9999 -9999 -9999 -9999
1.36026E-5 7.6872E-6 6.65725E-6 1.97871E-5 2.198E-5 1.44014E-5 2.63854E-5 1.66067E-5 1.16389E-5 1.36951E-5 2.63524E-5 2.22633E-5 2.0722E-5 1.53994E-5 1.78472E-5 1.57873E-5 1.18781E-5 1.56175E-5 8.44167E-6 4.57547E-6 6.98492E-6 5.26215E-6 1.87593E-5 1.32145E-5 9.20281E-6 8.03735E-6 5.54573E-6 5.0135E-6 5.40775E-6 3.96159E-6 3.33386E-6 3.65966E-6 4.79653E-6 5.01598E-6 4.56852E-6 4.97536E-6 5.58993E-6 -9999 -9999 -9999 -9999 -9999 -9999 -9999 -9999 -9999 -9999 -9999 -9999 6.20738E-6 -9999 -9999 -9999 -9999 -9999 -9999 -9999 -9999 -9999 -9999 -9999 -9999 -9999 -9999 -9999
