rodentData/rasterBestModels/Apodemus_RDbal_RM1.asc
NCOLS 409 
NROWS 350 
XLLCORNER 60.897278365 
YLLCORNER 5.843756025 
CELLSIZE 0.0892857 
NODATA_value -3.4e+38 
[rows 44 to 65 of 350, columns 147 to 195 of 409]
9.08743968466297e-05 0.000323684012982994 7.69441030570306e-05 6.82391982991248e-05 6.90981032676063e-05 7.64373035053723e-05 9.64510982157663e-05 0.000132350993226282 0.000285565009107813 0.000397719006286934 0.000294439989374951 0.00109058001544327 0.00192694005090743 0.00112983002327383 0.00085190701065585 0.000766296987421811 0.000571194977965206 0.00049523200141266 0.000923136016353965 0.00123095000162721 0.00453172996640205 0.00617222022265196 0.00176738004665822 0.00163419998716563 0.00160249997861683 0.00157316005788743 0.001309460029006 0.0013985299738124 0.000479665992315859 0.000438070012023672 0.000380109006073326 0.000257542007602751 0.000210704994970001 0.00020186000620015 0.00025940898922272 0.000421962991822511 0.000289746996713802 0.000269746989943087 0.000411393993999809 0.000389308988815174 0.000254973012488335 0.000591840012930334 0.000779216003138572 0.000193661995581351 0.000210391997825354 0.000194809006643482 8.21794965304434e-05 0.000397319992771372 0.000688637024722993
0.00018960700253956 6.19202983216383e-05 5.70082011108752e-05 4.73764011985622e-05 4.49360995844472e-05 5.03486007801257e-05 0.000149316998431459 3.3828600862762e-05 3.34200012730435e-05 5.38388994755223e-05 0.00122972996905446 0.000547714007552713 0.00122034002561122 0.000580910011194646 0.000744719989597797 0.000877154001500458 0.00103422999382019 0.00095198699273169 0.000672882015351206 0.00104470003861934 0.00389673002064228 0.00388977001421154 0.00202870997600257 0.0020108800381422 0.00152034999337047 0.0015849299961701 0.00205935002304614 0.00127074995543808 0.000916037010028958 0.000577801023609936 0.00044094500481151 0.000399334006942809 0.000305466004647315 0.000274497986538336 0.000651694019325078 0.000379500997951254 0.000243980000959709 0.000270007003564388 0.000250756012974307 0.000402189994929358 0.000780767994001508 0.000479759997688234 0.000285221001831815 0.000474675995064899 0.000355144002242014 0.000201044997083955 8.98932994459756e-05 0.000250715005677193 0.000855999998748302
5.97955004195683e-05 2.75067995971767e-05 2.64518002950354e-05 6.92144021741115e-05 6.30335998721421e-05 1.99535006686347e-05 2.0709800082841e-05 2.15580002986826e-05 1.21590001072036e-05 1.66126992553473e-05 4.53590982942842e-05 3.20354010909796e-05 5.53509016754106e-05 0.000279683998087421 0.00157474004663527 0.000672751979436725 0.00109121995046735 0.00107797002419829 0.00103246001526713 0.00101890997029841 0.00138233997859061 0.00413247989490628 0.00140207994263619 0.0016917500179261 0.00179206999018788 0.00135148002300411 0.00183622003532946 0.0050560999661684 0.00157642003614455 0.000524335016962141 0.00038689500070177 0.000443030003225431 0.00038561099790968 0.000264380010776222 0.000208832992939278 0.000260956992860883 0.00023498700466007 0.000297357008093968 0.000744157994631678 0.000413750007282943 0.000852617027703673 0.000618365011177957 0.000236034000408836 0.00018284100224264 0.000206632001209073 0.000164482000400312 0.000266446993919089 0.000780648028012365 0.000318840000545606
3.44092995874234e-06 7.10267022441258e-06 1.1038900083804e-05 4.2365998524474e-05 4.65515986434184e-05 1.56034002429806e-05 1.60831004905049e-05 6.22617017143057e-06 1.30758996874647e-06 1.92841002899513e-06 8.66838036017725e-06 5.85058978685993e-06 1.07947998913005e-05 3.64473999070469e-05 0.000184378994163126 0.000504704017657787 0.000742780975997448 0.00112128001637757 0.000949150009546429 0.00101505999919027 0.00115065998397768 0.00350163993425667 0.00134417996741831 0.000826261995825917 0.00101507001090795 0.00152326002717018 0.00166760000865906 0.00122785998973995 0.000613377022091299 0.000553651014342904 0.00114328996278346 0.00113213004078716 0.000356445001671091 0.00033241999335587 0.000328066991642118 0.000283573986962438 0.000281187996733934 0.000238391003222205 0.000275275990134105 0.000763538992032409 0.000313925003865734 0.000321608007652685 0.000226641001063399 0.000409408996347338 0.000201709000975825 0.000487051001982763 0.000371197995264083 0.00068593502510339 0.000418929994339123
3.28258988702146e-06 3.16922000820341e-06 3.06960009766044e-06 5.73568013351178e-06 5.16404998052167e-06 4.74752005175105e-06 4.78178981211386e-06 1.12829002318904e-06 1.20371998946212e-06 1.35720995331212e-06 1.49956997574918e-06 2.67436007561628e-06 1.85463995876489e-05 5.34202990820631e-05 0.000309825991280377 0.00072650401853025 0.000937891018111259 0.000468432990601286 0.00096460897475481 0.00258472003042698 0.000641726015601307 0.000502763024996966 0.000551417004317045 0.00126966997049749 0.00261960993520916 0.00140612001996487 0.00164427002891898 0.00178838998544961 0.000834374979604036 0.00166343001183122 0.000669518020004034 0.000474038999527693 0.000370952009689063 0.000313697004457936 0.000937516975682229 0.000418956013163552 0.000963261001743376 0.000253561011049896 0.000584828027058393 0.000195404994883575 0.000252677011303604 0.000276401988230646 0.000552990008145571 0.0010911199497059 0.000222535993088968 0.000211455000680871 0.000235936997341923 0.000292203010758385 0.000369524990674108
3.23068002217042e-06 3.13005989482917e-06 2.98878990179219e-06 2.13525004255644e-06 1.24422001590574e-06 1.11758004095464e-06 1.09826999050711e-06 1.41952000376477e-06 2.21316008719441e-06 2.43384010900627e-06 2.6757700197777e-06 4.42594000560348e-06 5.81298991164658e-05 3.94394010072574e-05 8.31746001495048e-05 0.000106822000816464 8.022860129131e-05 0.000329247995978221 0.000314889010041952 0.00112193997483701 0.00031668899464421 0.000585660978686064 0.000165057994308881 0.00058485398767516 0.000563387991860509 0.00106865004636347 0.000984395039267838 0.0015799900284037 0.00154006003867835 0.00158402998931706 0.00163714005611837 0.00144669995643198 0.000550445984117687 0.000402333011152223 0.000488527002744377 0.000601547013502568 0.000473685009637848 0.000236676001804881 0.000594782002735883 0.000433540990343317 0.00017521099653095 0.00020093699276913 0.00040967800305225 0.000468587997602299 0.000151437998283654 0.000309030001517385 0.000334310985635966 0.000193779997061938 0.00053733098320663
3.23930999002187e-06 2.3703501028649e-06 1.86535999091575e-06 1.30928003727604e-06 1.12753002667887e-06 1.11292001747643e-06 1.10036000933178e-06 1.98222005565185e-06 5.87363001613994e-06 6.29206988378428e-06 6.97379982739221e-06 7.58933992983657e-06 1.07023997770739e-05 1.91457002074458e-05 2.26363008550834e-05 2.65122998825973e-05 3.07367990899365e-05 5.17172993568238e-05 0.000320986990118399 0.000141657001222484 0.000384957995265722 7.73651991039515e-05 0.000132857996504754 0.000350204005371779 0.000258556014159694 0.000652983027976006 0.000923721992876381 0.00115754001308233 0.00168175005819649 0.000666717009153217 0.000677937001455575 0.000708796025719494 0.00154561002273113 0.0014167899498716 0.00132008001673967 0.000570646021515131 0.00107126997318119 0.000245233997702599 0.000288729992462322 0.000310119008645415 0.00020115400548093 0.00021265099348966 0.000172222993569449 0.000160943993250839 0.000145377998705953 0.000149440005770884 0.000286216993117705 0.000142959994263947 0.000123905003420077
1.9345500277268e-06 1.51024994465843e-06 1.2490299923229e-06 1.18955995276337e-06 1.14458998723421e-06 1.12917996375472e-06 1.11591998575022e-06 1.41918997087487e-06 2.27744999392598e-06 5.96146992393187e-06 6.43236990072182e-06 7.41289977668202e-06 9.74479007709306e-06 1.17800000225543e-05 1.30169000840397e-05 1.50940004459699e-05 1.77567999344319e-05 4.10009015467949e-05 6.29722999292426e-05 6.79078002576716e-05 0.000116615003207698 0.000116121002065483 0.000125032995129004 0.000184832999366336 0.000220371002797037 0.000322973006404936 0.000583568005822599 0.000974145019426942 0.00136861996725202 0.00113222002983093 0.00148738001007587 0.0012549499515444 0.000703668978530914 0.000736001005861908 0.00151556998025626 0.00128632003907114 0.00053482101066038 0.000319829996442422 0.000239301007241011 0.000405658007366583 0.00081449601566419 0.00078223500167951 0.000614257995039225 0.000574585981667042 0.000206811004318297 0.00015961000462994 0.000118654999823775 8.91305971890688e-05 7.36286965548061e-05
1.37874997108156e-06 1.34297999920818e-06 1.292689944421e-06 1.22102994737361e-06 1.1628800393737e-06 1.13347005026299e-06 1.12395002815902e-06 1.10937003228173e-06 1.23172003441141e-06 4.22147013523499e-06 4.39089990322827e-06 4.84919019072549e-06 6.77322987030493e-06 1.03756001408328e-05 1.07007999758935e-05 1.08102003650856e-05 1.16368000817602e-05 1.64913999469718e-05 6.21370008957456e-06 2.09700992854778e-05 2.45309001911664e-05 3.02268999803346e-05 0.00020666400087066 0.000193087995285168 0.000347166991559789 0.0006470310036093 0.000917704019229859 0.000672751979436725 0.00179175997618586 0.00171690003480762 0.00157622003462166 0.0015985700301826 0.000760509981773794 0.0013382900506258 0.00170110003091395 0.00171382003463805 0.00143782002851367 0.000442969991127029 0.000232445003348403 0.000301866006338969 0.000458583002910018 0.000279908010270447 0.000294414989184588 0.000911823997739702 0.000837920000776649 0.000227235999773256 0.00012670099386014 0.000121684999612626 0.00015220399654936
1.40652002755814e-06 1.34662002437835e-06 1.29430998185853e-06 1.23180996070005e-06 1.18248999569914e-06 1.14474005386e-06 1.12111001726589e-06 1.10650000806345e-06 2.51794995165255e-06 3.53447990164568e-06 3.61244997293397e-06 3.71989995073818e-06 4.18814988734084e-06 5.00788019053289e-06 6.6472498474468e-06 3.88353009839193e-06 2.39763994613895e-06 2.47944990405813e-06 4.66190022052615e-06 1.21755001600832e-05 5.27472984686028e-05 5.69916010135785e-05 4.99300003866665e-05 8.01007990958169e-05 0.000358443998266011 0.000296357000479475 0.00161469995509833 0.0016471300041303 0.00116233003791422 0.00118290004320443 0.00176961999386549 0.00115857995115221 0.000749174971133471 0.000474181986646727 0.00165740004740655 0.00142591004259884 0.0014581800205633 0.00126166001427919 0.000956761999987066 0.000854142010211945 0.000783242983743548 0.000177430003532209 0.000560251006390899 0.000429329986218363 0.00121635000687093 0.000921024999115616 0.000191875995369628 0.000233451995882206 0.000728146987967193
1.39858002512483e-06 1.34303002141678e-06 1.28287001643912e-06 1.23234997317923e-06 1.1894500175913e-06 1.14570002551773e-06 1.10870996650192e-06 1.10164000943769e-06 3.43353008247504e-06 3.47677996614948e-06 3.4845500067604e-06 3.50882010025089e-06 3.57271005668736e-06 3.64857010026753e-06 3.89842989534372e-06 2.08633991860552e-06 1.35755999508547e-06 1.39087001116422e-06 1.36241997097386e-05 3.79037010134198e-05 1.70153998624301e-05 4.59172988485079e-05 2.17393007915234e-05 2.41603993345052e-05 2.50815992330899e-05 3.17833982990123e-05 0.00024369299353566 0.000432453001849353 0.00175979000050575 0.00131167005747557 0.00172148004639894 0.000766963989008218 0.00140495004598051 0.00106992002110928 0.00190705002751201 0.00183429999742657 0.00153573998250067 0.000867641996592283 0.000433693989180028 0.000348202011082321 0.000311865995172411 0.000142299002618529 0.000155151006765664 0.000272055011009797 0.00113264005631208 0.00121621997095644 0.000376845011487603 0.000845120986923575 0.000553120975382626
1.37051995352522e-06 1.3196399777371e-06 1.28362000850757e-06 1.24548000712821e-06 1.19101002837851e-06 1.13194994355581e-06 1.08003996501793e-06 2.82987002719892e-06 3.30566990669467e-06 3.26662006955303e-06 3.30079001287231e-06 3.29142994814902e-06 3.28710007124755e-06 3.27133989230788e-06 3.25893006447586e-06 3.03765000353451e-06 2.9053198886686e-06 1.58699003804941e-06 1.49551997310482e-05 3.44399995810818e-05 3.75962990801781e-05 6.66568985252525e-06 7.41489020583685e-06 1.49253000927274e-05 2.02886003535241e-05 9.43905979511328e-06 1.50736996147316e-05 8.02504000603221e-05 7.16954018571414e-05 0.000181505005457439 0.000887073983903974 0.00148136995267123 0.00206288998015225 0.00119108997751027 0.00141141994390637 0.00150899996515363 0.00157376995775849 0.00105405005160719 0.000403078011004254 0.000317228987114504 0.000270751013886184 0.00014721299521625 0.000130191998323426 0.000491478014737368 0.000746016972698271 0.00111213000491261 0.00067568599479273 0.000914679025299847 0.000984168029390275
1.34194999645842e-06 1.27913995129347e-06 1.25222004498937e-06 1.22035999083892e-06 1.16657997750735e-06 1.1115299685116e-06 2.8843498967035e-06 3.30065995512996e-06 3.32600006913708e-06 4.81788993056398e-06 3.2016500881582e-06 3.49282004208362e-06 2.97824999506702e-06 3.02906005344994e-06 3.0722198971489e-06 3.12709994432225e-06 3.20302001455275e-06 3.68034989151056e-06 4.38235019828426e-06 1.11107001430355e-05 3.63241997547448e-05 3.47829991369508e-05 5.72167982682004e-06 6.12891017226502e-06 6.74452985549578e-06 1.70145995070925e-05 2.16894004552159e-05 3.34569995175116e-05 4.48751998192165e-05 6.94839982315898e-05 0.000163817006978206 0.00081260601291433 0.00129571999423206 0.00141400995198637 0.00260448991321027 0.0014306700322777 0.00172893004491925 0.00165529001969844 0.0032121199183166 0.000852732977364212 0.000204206997295842 0.000209210003959015 0.000462522002635524 0.000884329027030617 0.00110798003152013 0.00129079003818333 0.00144761998672038 0.0015924300532788 0.00137366994749755
1.29799002479558e-06 1.23711004107463e-06 1.20418997084926e-06 1.18108005153772e-06 2.47939010478149e-06 2.97786004921363e-06 2.87147008748434e-06 5.66010021429975e-06 5.50565982848639e-06 5.27014981344109e-06 4.87790020997636e-06 3.73586999558029e-06 3.37431993102655e-06 2.89146009890828e-06 2.9438599540299e-06 2.99256998914643e-06 3.07460004478344e-06 3.76583989236678e-06 4.129440185352e-06 4.26257020080811e-06 4.44703982793726e-06 1.33597995954915e-05 3.45127009495627e-05 5.95852998230839e-06 1.46962001963402e-05 9.07876983546885e-06 3.20920989906881e-05 1.36556000143173e-05 2.4414099243586e-05 5.69658986933064e-05 3.34858996211551e-05 8.23226000647992e-05 0.000284857989754528 0.00169625005219132 0.000555461971089244 0.00212187995202839 0.0013301899889484 0.00175745994783938 0.000914825999643654 0.000978889991529286 0.000861709006130695 0.000331913004629314 0.000218114000745118 0.00050665601156652 0.000851190008688718 0.000498991983477026 0.000671248009894043 0.000275622995104641 0.000199393005459569
1.34480001179327e-06 2.2067399640946e-06 3.19236005452694e-06 3.10130008074339e-06 2.98469990411832e-06 3.03096999232366e-06 5.5491700550192e-06 5.66463995710365e-06 5.54112011741381e-06 4.96653001391678e-06 2.60994988821039e-06 1.3371600289247e-06 1.6376800431317e-06 1.97113990907383e-06 2.70256009571312e-06 2.83572990156244e-06 3.0050700843276e-06 3.6337401070341e-06 3.91426010537543e-06 4.00605995309888e-06 4.06309982281527e-06 1.36121998366434e-05 1.24628995763487e-05 5.53287009097403e-06 5.76828006160213e-06 7.20010984878172e-06 3.36550983774941e-05 3.80700003006496e-05 1.68703008966986e-05 4.40287003584672e-05 5.55078986508306e-05 4.93804982397705e-05 0.000300492014503106 0.000302161992294714 0.00131076003890485 0.000545723014511168 0.000858011015225202 0.00190128001850098 0.00103893002960831 0.000847182003781199 0.000284097011899576 0.000296576996333897 0.000275544007308781 0.000503890973050147 0.000780324975494295 0.000767698977142572 0.00058765197172761 0.000824041024316102 0.00110618001781404
3.31459000335599e-06 3.24094003190112e-06 3.13257010020607e-06 3.03376009469503e-06 1.11454994566884e-06 4.34006005889387e-06 5.71051987208193e-06 5.6765697991068e-06 5.53422978555318e-06 2.2570900455321e-06 6.32177972192949e-08 1.32904006022727e-07 1.10746998416289e-06 1.53658004364843e-06 1.5450500541192e-06 2.06637992050673e-06 3.11044004774885e-06 3.49499009644205e-06 3.51225003214495e-06 3.58163993041671e-06 3.85945986636216e-06 1.03385000329581e-05 1.03767997643445e-05 1.05451999843353e-05 1.08489002741408e-05 9.76397041085875e-06 8.42540976009332e-06 1.13623000288499e-05 3.23331987601705e-05 3.68758010154124e-05 4.54282017017249e-05 9.15210985112935e-05 0.000153027998749167 0.000111071996798273 0.000290166004560888 0.00136972998734564 0.000704578007571399 0.00108743004966527 0.0021889500785619 0.00124102004338056 0.000839365005958825 0.000351416005287319 0.000316260004183277 0.000699114985764027 0.000768058991525322 0.000665713974740356 0.000864963978528976 0.00068830797681585 0.00100781000219285
3.22798996421625e-06 3.21411994264054e-06 3.0910500754544e-06 8.34791990200756e-07 9.4392795801923e-09 3.46772992543265e-07 4.38016013504239e-06 4.95018002766301e-06 4.83471012557857e-06 2.44789998760098e-06 1.13725000971954e-07 6.13531980775406e-08 1.82668998149893e-07 1.61730997660925e-06 1.60870001764124e-06 1.54820997977367e-06 2.48166998062516e-06 3.30508009938058e-06 3.33862999468693e-06 3.38646009367949e-06 3.29331010107126e-06 7.73849023971707e-06 1.00168999779271e-05 1.01511996035697e-05 1.0419499631098e-05 2.52633999480167e-05 1.5164599972195e-05 1.33134999487083e-05 1.6286800018861e-05 1.28695000967127e-05 4.34815010521561e-05 3.6452998756431e-05 4.36886984971352e-05 0.000184692995389923 0.000142582997796126 0.000302517990348861 0.00211956002749503 0.0012529999949038 0.00208521005697548 0.00114687997847795 0.000796940992586315 0.000281810003798455 0.000509657023940235 0.00148854998406023 0.00156299001537263 0.000896441983059049 0.000764416006859392 0.00136342004407197 0.00177662004716694
3.14324006467359e-06 3.03319006889069e-06 6.5881397404155e-07 1.18320997444243e-08 3.58168006364679e-09 3.52893003707777e-09 1.8514699604566e-06 3.18265006171714e-06 3.23052995554463e-06 3.28700002683036e-06 1.42158000926429e-06 1.68013997381422e-07 4.01047003606436e-07 2.07044990929717e-06 2.11333008337533e-06 1.93428991224209e-06 2.61336003859469e-06 1.44185003136954e-06 2.44084003497846e-06 3.04699005937437e-06 3.16577006742591e-06 3.32712011186231e-06 7.15790019967244e-06 9.88667034107493e-06 1.08087997432449e-05 1.52837001223816e-05 1.17334002425196e-05 6.76148010825273e-06 1.8856300812331e-05 8.94393997441512e-06 1.41192003866308e-05 2.72337001661072e-05 2.75352995231515e-05 6.43642997602001e-05 0.000170325001818128 0.000478000001749024 0.000776925007812679 0.000888918992131948 0.00137191999237984 0.00186167994979769 0.000516062020324171 0.000190157996257767 0.000478092988487333 0.00259382999502122 0.00255251000635326 0.00200226996093988 0.00128444004803896 0.0013225800357759 0.00294025009498
3.07796995002718e-06 5.70018016787799e-07 1.35895001918129e-08 3.40883010707671e-09 3.53114004703059e-09 3.49584006187342e-09 2.2067399640946e-06 3.22450000567187e-06 3.35362005898787e-06 3.2826599181135e-06 3.13260989059927e-06 3.29199997395335e-06 3.42521002494323e-06 2.34474009630503e-06 2.29895999837026e-06 2.66893994194106e-06 1.24294001579983e-06 2.21128999555731e-07 1.15783996079699e-06 2.8516199108708e-06 3.10366999656253e-06 3.20829008160217e-06 3.4937600048579e-06 6.66529012960382e-06 6.23604000793421e-06 9.14503016247181e-06 1.63691001944244e-05 3.88818989449646e-05 3.01290001516463e-05 3.32843010255601e-05 4.04806014557835e-05 1.2621499990928e-05 3.72594004147686e-05 0.000324972992530093 0.000286586000584066 0.000473685999168083 0.000628968991804868 0.000535561994183809 0.000982030993327498 0.000957521027885377 0.000360484002158046 5.75281010242179e-05 0.000198844994883984 0.0015184199437499 0.00239089992828667 0.00244046002626419 0.00324449990876019 0.00186337996274233 0.000942507002037019
5.33109982825408e-07 1.54920005712711e-08 3.62415009114159e-09 3.54146001413369e-09 3.56486995478633e-09 4.16996002172709e-08 4.19650996263954e-06 4.36141999671236e-06 4.09685981139774e-06 3.1348299671663e-06 3.11332996716374e-06 3.51758990291273e-06 3.88329999623238e-06 3.13224995807104e-06 2.40072995438823e-06 2.39853989114636e-06 3.26661989902277e-07 2.69511986061843e-07 1.11780002498563e-06 2.15756995203265e-06 3.07029995383346e-06 3.1933900572767e-06 3.41460008712602e-06 3.76714001504297e-06 3.78526010536007e-06 5.21777019457659e-06 1.57022004714236e-05 1.48831004480598e-05 1.11216004370362e-05 1.09321999843814e-05 3.74468982045073e-05 0.000113241003418807 8.35928003652953e-05 0.000177766007254831 0.000366172986105084 0.000317161000566557 0.000300771003821865 0.000297443009912968 0.000444895995315164 0.00186476996168494 0.000545880000572652 6.26934997853823e-05 0.000188624006113969 0.000971678993664682 0.00147737003862858 0.00123455002903938 0.0015183100476861 0.00417648022994399 0.000510016980115324
7.4478499811903e-08 3.71257002917957e-09 3.71389008435585e-09 3.64570995614599e-09 4.04046005542114e-08 2.89806007458537e-06 6.15038015894243e-06 5.98270980844973e-06 5.56846998733818e-06 3.82845018975786e-06 2.99031989925425e-06 3.64651009476802e-06 4.48816990683554e-06 3.3548799365235e-06 2.39378005062463e-06 2.42042005993426e-06 3.32808014036345e-07 7.37803986794461e-07 1.60024001161219e-06 1.61025002398674e-06 2.14032002077147e-06 3.3651899684628e-06 3.54818007508584e-06 3.7076499666e-06 4.56616999144899e-06 4.90625006932532e-06 6.58669978292892e-06 1.00702000054298e-05 1.14245003715041e-05 2.58587006101152e-05 3.15606012009084e-05 5.80505984544288e-05 6.45383988739923e-05 0.00035764099447988 0.000121231998491567 0.000137323993840255 0.000175873006810434 0.000597226026002318 0.000975842005573213 0.00139968004077673 0.00031451799441129 0.000122381999972276 0.000243093003518879 0.000959236989729106 0.00125702004879713 0.00126585003454238 0.0011289200047031 0.00120497995521873 0.000522372021805495
5.23137998698076e-07 1.28962994949688e-07 1.30079996552013e-07 1.2770999546774e-07 1.34688002617622e-06 5.59720001547248e-06 6.05639979767147e-06 5.8086898206966e-06 5.58537021788652e-06 4.82473978991038e-06 2.80603990177042e-06 3.33283992404176e-06 5.28094005858293e-06 4.48226001026342e-06 3.29044996760786e-06 3.04746004076151e-06 1.21397999919282e-06 1.29979002849723e-06 1.58928003202163e-06 1.6019199620132e-06 2.24859991249104e-06 3.17843000630091e-06 3.1280198982131e-06 3.3984199490078e-06 3.71856003766879e-06 4.03370995627483e-06 3.42270004694001e-06 4.34043022323749e-06 7.16746990292449e-06 9.32240982365329e-06 1.08100002762512e-05 1.75265995494556e-05 0.000119324002298526 7.22624026820995e-05 0.000197593006305397 8.78580976859666e-05 0.000134400994284078 0.00021519600704778 0.000412688008509576 0.000515380001161247 0.000545028015039861 0.000817566004116088 0.0004170429892838 0.00111065001692623 0.00184407003689557 0.00215098005719483 0.0016900299815461 0.000820218003354967 0.000726114027202129
