rodentData/rasterBestModels/Apodemus_RDbal_RM1.asc
NCOLS 409 
NROWS 350 
XLLCORNER 60.897278365 
YLLCORNER 5.843756025 
CELLSIZE 0.0892857 
NODATA_value -3.4e+38 
[rows 132 to 153 of 350, columns 343 to 391 of 409]
0.000226153002586216 6.03576008870732e-05 0.000411815010011196 0.000158605005708523 0.00011852900206577 0.000344402011251077 5.24581992067397e-05 0.000154848996317014 6.61847006995231e-05 0.000190677004866302 7.54244028939866e-05 0.000215958003536798 0.000233881000895053 9.63089987635612e-05 0.000256805011304095 0.000265162991126999 0.000272422999842092 0.000113645000965334 0.000125430000480264 0.000140496005769819 0.00112913001794368 0.000478325004223734 0.000151991000166163 0.00092492502881214 0.000171167004737072 0.00131634995341301 0.000396027986425906 0.000319348007906228 0.000107544998172671 0.00025086200912483 0.000229380995733663 0.000127747000078671 0.000148010003613308 0.000143273005960509 -3.4e+38 -3.4e+38 -3.4e+38 -3.4e+38 -3.4e+38 -3.4e+38 -3.4e+38 -3.4e+38 -3.4e+38 -3.4e+38 -3.4e+38 -3.4e+38 -3.4e+38 -3.4e+38 -3.4e+38
1.47450000440585e-05 3.49881993315648e-05 3.06143010675441e-05 5.92502983636223e-05 5.68938994547352e-05 8.00963971414603e-05 2.28390999836847e-05 7.08376028342173e-05 0.000187744997674599 0.000198224006453529 0.000546631985343993 0.000492770981509238 0.000145743004395626 0.000491102982778102 0.000101368001196533 0.000106473999039736 0.00028881398611702 0.000305355992168188 0.000128116997075267 0.000364759005606174 0.00112670997623354 0.000434340006904677 0.000172108004335314 0.00116423005238175 0.000468289013952017 0.000406832987209782 0.000122886995086446 0.00011929700121982 0.000291706004645675 0.000291401986032724 0.000323933985782787 0.000146770005812868 0.000389980996260419 0.000156954003614374 -3.4e+38 -3.4e+38 -3.4e+38 -3.4e+38 -3.4e+38 -3.4e+38 -3.4e+38 -3.4e+38 -3.4e+38 -3.4e+38 -3.4e+38 -3.4e+38 -3.4e+38 -3.4e+38 -3.4e+38
4.46023977929144e-06 3.46536990036839e-06 2.22327003029932e-06 7.90551985119237e-06 1.57027006935095e-05 1.61049993039342e-05 9.38656012294814e-06 9.69303982856218e-06 2.26427000598051e-05 2.42516998696374e-05 0.000185694007086568 0.000227507000090554 0.000166268000612035 0.000168925005709752 0.000294382014544681 6.93706970196217e-05 0.000228864999371581 0.000118584997835569 0.000818473985418677 0.000121411001600791 0.000139729003421962 0.000993347959592938 0.000156512003741227 0.000174750995938666 0.000463826989289373 0.000165441000717692 0.000347888009855524 0.000287166010821238 0.00029441001242958 0.000290936994133517 0.000122946003102697 0.000129218999063596 0.000356714997906238 0.00093115697382018 0.000352238013874739 0.000387412001146004 -3.4e+38 -3.4e+38 -3.4e+38 -3.4e+38 -3.4e+38 -3.4e+38 -3.4e+38 -3.4e+38 -3.4e+38 -3.4e+38 -3.4e+38 -3.4e+38 -3.4e+38
3.68160999641987e-06 3.48784010384406e-06 2.77961999017862e-06 1.95934990188107e-06 9.52346999838483e-06 1.66447007359238e-05 1.33006997202756e-05 9.23855986911803e-06 9.19940976018552e-06 9.6095900516957e-06 1.16635001177201e-05 1.99768001039047e-05 2.09495992748998e-05 1.22415003716014e-05 1.04676000773907e-05 2.24594004976097e-05 3.87430009141099e-05 4.90810998599045e-05 0.000318222009809688 0.000100445002317429 0.000128265004605055 0.000127175997477025 0.000136318994918838 0.000139662006404251 0.00106590997893363 0.000414781010476872 0.00011069900210714 8.97713034646586e-05 8.74952020240016e-05 0.000108738997369073 0.000113866997708101 0.000109599001007155 0.000343088002409786 0.000306245987303555 0.000262287998339161 0.000104958002339117 -3.4e+38 -3.4e+38 -3.4e+38 -3.4e+38 -3.4e+38 -3.4e+38 -3.4e+38 -3.4e+38 -3.4e+38 -3.4e+38 -3.4e+38 -3.4e+38 -3.4e+38
3.26337999467796e-06 2.94103006126534e-06 3.00711008094368e-06 8.2711198956531e-07 1.20961999527935e-06 2.74056992566329e-06 1.55711004481418e-05 2.95087988888554e-06 2.4835899239406e-06 2.54349993156211e-06 3.80273991140712e-06 1.93316991499159e-05 1.41850996442372e-05 7.17970988262095e-06 5.90431000091485e-06 1.28600004245527e-05 2.56808998528868e-05 2.75709007837577e-05 0.000181604002136737 0.000101680001534987 0.000131994995172136 0.00012579100439325 0.000123143006931059 0.000117616997158621 0.000136532995384187 9.93900030152872e-05 5.78707004024182e-05 7.17588991392404e-05 7.51932020648383e-05 0.000312726013362408 0.000126846003695391 0.000275831989711151 0.000324586988426745 0.00011526500020409 0.000210643993341364 -3.4e+38 -3.4e+38 -3.4e+38 -3.4e+38 -3.4e+38 -3.4e+38 -3.4e+38 -3.4e+38 -3.4e+38 -3.4e+38 -3.4e+38 -3.4e+38 -3.4e+38 -3.4e+38
3.02049011224881e-06 3.02397006635147e-06 1.82659005076857e-06 6.92191974849266e-07 5.42944007975166e-07 1.25166002362675e-06 2.57864007835451e-06 1.79312996806402e-06 4.34796993431519e-06 4.37475000580889e-06 4.69512997369748e-06 6.93672018314828e-06 8.30152021080721e-06 5.77252012590179e-06 5.75856984141865e-06 1.26731001728331e-05 2.56968996836804e-05 2.6775100195664e-05 0.000385358987841755 0.000125229998957366 0.000134568006615154 0.00012808499741368 0.00011911999899894 0.000120311997306999 0.000345381995430216 7.58418027544394e-05 4.79798000014853e-05 6.959759775782e-05 8.935880032368e-05 0.000124982005218044 0.000124422993394546 0.000283450004644692 0.000276073988061398 0.000227526004891843 7.19378003850579e-05 -3.4e+38 -3.4e+38 -3.4e+38 -3.4e+38 -3.4e+38 -3.4e+38 -3.4e+38 -3.4e+38 -3.4e+38 -3.4e+38 -3.4e+38 -3.4e+38 -3.4e+38 -3.4e+38
2.94045003101928e-06 3.02240005112253e-06 2.11429005503305e-06 1.5881599892964e-06 1.82333997145179e-06 1.51075994381245e-06 1.07160997231404e-06 1.1576699989746e-06 7.51833022150095e-06 7.59373006076203e-06 6.58222006677533e-06 4.07642983191181e-06 4.9539198698767e-06 5.90155013924232e-06 8.53100027597975e-06 1.5168900063145e-05 2.28982007683953e-05 0.00014813500456512 0.000106222003523726 0.000130304004414938 0.000132219996885397 0.000319690996548161 0.00012388099275995 0.0001272700028494 0.000145830999827012 3.76183998014312e-05 1.59137998707592e-05 6.94058981025591e-05 8.77052007126622e-05 0.000316226010909304 0.000120953001896851 9.62081976467744e-05 8.19285996840335e-05 6.18803969700821e-05 -3.4e+38 -3.4e+38 -3.4e+38 -3.4e+38 -3.4e+38 -3.4e+38 -3.4e+38 -3.4e+38 -3.4e+38 -3.4e+38 -3.4e+38 -3.4e+38 -3.4e+38 -3.4e+38 -3.4e+38
2.71828002951224e-06 2.77157005257322e-06 2.2300200726022e-06 2.93086009151011e-06 3.68911992154608e-06 2.47900993599615e-06 1.05085996437992e-06 1.07623998246709e-06 1.78079008037457e-05 1.77070996869588e-05 1.40571000883938e-05 8.87016994965961e-06 4.58953991255839e-06 6.11923996984842e-06 9.84633970801951e-06 1.61254993145121e-05 1.80617007572437e-05 0.000164942000992596 0.000112437999632675 0.000124761994811706 0.000128624000353739 0.000127587001770735 0.000149176994455047 0.000132713001221418 4.71534985990729e-05 2.45201999860001e-06 3.55636007043358e-06 1.20213999252883e-05 3.06733018078376e-05 0.000118816002213862 0.000113777001388371 8.32232981338166e-05 6.70559020363726e-05 5.417010106612e-05 -3.4e+38 -3.4e+38 -3.4e+38 -3.4e+38 -3.4e+38 -3.4e+38 -3.4e+38 -3.4e+38 -3.4e+38 -3.4e+38 -3.4e+38 -3.4e+38 -3.4e+38 -3.4e+38 -3.4e+38
2.7505400339578e-06 2.10833991332038e-06 1.70505995811254e-06 3.0172800506989e-06 3.97878011426656e-06 2.66182996710995e-06 2.43146996581345e-06 1.56658006744692e-05 2.11343995033531e-05 2.10015004995512e-05 1.64776993187843e-05 2.01205002667848e-05 1.65182991622714e-05 2.68745006906101e-05 1.63159002113389e-05 1.67611997312633e-05 1.80712995643262e-05 6.38197016087361e-05 0.000112501002149656 0.000117777002742514 0.000119552001706325 0.000116887000331189 0.00014146399917081 8.54967001941986e-05 1.13442001747899e-05 1.19139003800228e-05 3.0783900001552e-05 9.69508982961997e-06 2.69392003247049e-05 0.00011049400200136 9.58431992330588e-05 7.02301986166276e-05 5.92793003306724e-05 -3.4e+38 -3.4e+38 -3.4e+38 -3.4e+38 -3.4e+38 -3.4e+38 -3.4e+38 -3.4e+38 -3.4e+38 -3.4e+38 -3.4e+38 -3.4e+38 -3.4e+38 -3.4e+38 -3.4e+38 -3.4e+38
2.83250005850277e-06 2.14024998967943e-06 1.74909996530914e-06 4.7907901716826e-06 3.07049003822613e-06 2.60159004028537e-06 2.69650990958326e-06 2.7843700536323e-06 2.15466006920906e-05 2.15868003579089e-05 2.02416995307431e-05 4.03218000428751e-05 0.000110868997580837 2.81822995020775e-05 1.77278998307884e-05 1.8280699805473e-05 0.000141070995596237 0.000114379996375646 0.000114930000563618 0.000115816001198255 0.000112365996756125 0.000127054998301901 0.000135107999085449 0.000161028001457453 6.08679983997717e-05 8.5851997937425e-06 1.12144998638541e-05 2.50499997491715e-05 9.99526018858887e-05 0.000112146997707896 9.13437033887021e-05 5.81409003643785e-05 -3.4e+38 -3.4e+38 -3.4e+38 -3.4e+38 -3.4e+38 -3.4e+38 -3.4e+38 -3.4e+38 -3.4e+38 -3.4e+38 -3.4e+38 -3.4e+38 -3.4e+38 -3.4e+38 -3.4e+38 -3.4e+38 -3.4e+38
4.62881007479155e-06 3.56762006958888e-06 5.20169987794361e-06 7.52946016291389e-06 7.62661011322052e-06 3.35306003762526e-06 3.01313002637471e-06 1.16147002700018e-05 2.12326995097101e-05 4.63752985524479e-05 2.06187996809604e-05 4.07106017519254e-05 4.32097003795207e-05 0.000161717005539685 0.000101315999927465 0.000114604998088907 0.000117561998195015 0.00011728800018318 0.000118511998152826 0.000115791997814085 0.000121534998470452 0.000153062996105291 0.000150402003782801 0.000328608992276713 5.11137004650664e-05 3.16590994771104e-05 2.3288599550142e-05 0.000113950998638757 0.000113697002234403 0.000103327998658642 6.55980984447524e-05 4.73006984975655e-05 -3.4e+38 -3.4e+38 -3.4e+38 -3.4e+38 -3.4e+38 -3.4e+38 -3.4e+38 -3.4e+38 -3.4e+38 -3.4e+38 -3.4e+38 -3.4e+38 -3.4e+38 -3.4e+38 -3.4e+38 -3.4e+38 -3.4e+38
4.76977993457695e-06 3.6884400742565e-06 4.96975007990841e-06 7.42704014555784e-06 7.85149040893884e-06 1.08537997220992e-05 1.40756001201225e-05 1.48401004480547e-05 2.58020991168451e-05 2.03737999981968e-05 2.24842005991377e-05 4.21436016040388e-05 0.000155286994413473 9.3404101789929e-05 0.000103093996585812 0.000117105999379419 0.000119946998893283 0.000124220998259261 0.000137424998683855 0.000133761001052335 0.000151672997162677 0.000403882993850857 0.000136098999064416 6.51536029181443e-05 5.20942994626239e-05 5.14657986059319e-05 6.179440242704e-05 0.000287675997242332 0.000114130998554174 8.69701034389436e-05 5.32382000528742e-05 -3.4e+38 -3.4e+38 -3.4e+38 -3.4e+38 -3.4e+38 -3.4e+38 -3.4e+38 -3.4e+38 -3.4e+38 -3.4e+38 -3.4e+38 -3.4e+38 -3.4e+38 -3.4e+38 -3.4e+38 -3.4e+38 -3.4e+38 -3.4e+38
5.28773989572073e-06 3.90373998016003e-06 3.92452011510613e-06 7.60856983106351e-06 8.28157044452382e-06 5.13468012286467e-06 5.16998006787617e-05 5.9973699535476e-05 9.34843992581591e-05 0.00022023799829185 4.83035000797827e-05 0.00014983800065238 0.000233551996643655 9.56285002757795e-05 0.000104455000837334 0.000112531997729093 0.000120167002023663 0.000130517000798136 0.000155839996295981 0.000163417993462645 0.000384540006052703 0.000356748991180211 0.000135430993395858 0.000121529003081378 0.000196317996596918 7.57240995881148e-05 0.000100497003586497 0.000119969001389109 0.000116189003165346 7.56583031034097e-05 5.62977002118714e-05 -3.4e+38 -3.4e+38 -3.4e+38 -3.4e+38 -3.4e+38 -3.4e+38 -3.4e+38 -3.4e+38 -3.4e+38 -3.4e+38 -3.4e+38 -3.4e+38 -3.4e+38 -3.4e+38 -3.4e+38 -3.4e+38 -3.4e+38 -3.4e+38
5.29073986399453e-06 5.53105019207578e-06 1.21753000712488e-05 1.99050991795957e-05 1.19709002319723e-05 7.65330969443312e-06 4.72897008876316e-05 4.04909005737863e-05 0.000237286003539339 0.000245300005190074 0.000242458001594059 9.25760978134349e-05 9.0900000941474e-05 0.000670172972604632 0.000111645000288263 0.000117584997497033 0.000129188993014395 0.000140343006933108 0.000159246003022417 0.000158602997544222 0.000151696993270889 0.000387076986953616 0.000131762004457414 0.000143627999932505 0.000386171013815328 0.000112405999971088 0.000117071002023295 0.000328130001435056 0.000256613013334572 6.24223976046778e-05 -3.4e+38 -3.4e+38 -3.4e+38 -3.4e+38 -3.4e+38 -3.4e+38 -3.4e+38 -3.4e+38 -3.4e+38 -3.4e+38 -3.4e+38 -3.4e+38 -3.4e+38 -3.4e+38 -3.4e+38 -3.4e+38 -3.4e+38 -3.4e+38 -3.4e+38
8.58157000038773e-06 1.70368002727628e-05 2.88794999505626e-05 2.72818997473223e-05 2.39869004872162e-05 3.26523986586835e-05 3.93832015106454e-05 4.02457990276162e-05 0.000234748993534595 9.68167005339637e-05 9.96848975773901e-05 9.67552987276576e-05 8.9889501396101e-05 9.9835597211495e-05 0.000116381997941062 0.000129106003441848 0.000139733994728886 0.000144782999996096 0.000153657005284913 0.000158352006110363 -3.4e+38 0.000160429000970908 0.000336347991833463 0.000391606998164207 0.000155229994561523 0.000121279001177754 0.000145715996040963 0.000122117999126203 7.8428398410324e-05 5.26590993104037e-05 -3.4e+38 -3.4e+38 -3.4e+38 -3.4e+38 -3.4e+38 -3.4e+38 -3.4e+38 -3.4e+38 -3.4e+38 -3.4e+38 -3.4e+38 -3.4e+38 -3.4e+38 -3.4e+38 -3.4e+38 -3.4e+38 -3.4e+38 -3.4e+38 -3.4e+38
2.34914004977327e-05 2.41900997934863e-05 0.000105020997580141 5.03238989040256e-05 3.85952007491142e-05 6.45655018161051e-05 0.000136771996039897 4.00345015805215e-05 9.29550005821511e-05 0.000665111991111189 0.000102814003184903 0.000101853998785373 0.000459063012385741 0.000300421001156792 7.45129000279121e-05 0.000134136993438005 0.000146670994581655 0.000149233994306996 0.000393875990994275 0.000186263001523912 -3.4e+38 -3.4e+38 -3.4e+38 -3.4e+38 -3.4e+38 -3.4e+38 0.00116839003749192 0.000311818002955988 8.35625032777898e-05 5.42591005796567e-05 -3.4e+38 -3.4e+38 -3.4e+38 -3.4e+38 -3.4e+38 -3.4e+38 -3.4e+38 -3.4e+38 -3.4e+38 -3.4e+38 -3.4e+38 -3.4e+38 -3.4e+38 -3.4e+38 -3.4e+38 -3.4e+38 -3.4e+38 -3.4e+38 -3.4e+38
2.30020996241365e-05 2.38396005443064e-05 3.7780398997711e-05 4.99025991302915e-05 0.000165613004355691 7.07022991264239e-05 0.000188937992788851 0.000139023002702743 0.00023311200493481 0.000657044001854956 0.000718973984476179 0.000109924003481865 0.000127710998640396 2.10121997952228e-05 4.35580004705116e-05 0.000139737006975338 0.000392652989830822 0.000150765001308173 0.00016106000111904 0.000189854996278882 0.000397722003981471 -3.4e+38 -3.4e+38 -3.4e+38 -3.4e+38 -3.4e+38 -3.4e+38 -3.4e+38 -3.4e+38 -3.4e+38 -3.4e+38 -3.4e+38 -3.4e+38 -3.4e+38 -3.4e+38 -3.4e+38 -3.4e+38 -3.4e+38 -3.4e+38 -3.4e+38 -3.4e+38 -3.4e+38 -3.4e+38 -3.4e+38 -3.4e+38 -3.4e+38 -3.4e+38 -3.4e+38 -3.4e+38
2.18502991629066e-05 2.27335003728513e-05 3.63873987225816e-05 0.000123684003483504 0.000152912994963117 0.000175356006366201 0.000183597003342584 7.39593015168793e-05 0.000207492004847154 9.69664979493245e-05 0.000257948995567858 0.000790296995546669 5.65836999157909e-05 8.00288980826735e-05 0.000169820996234193 0.000300637999316677 0.000148941006045789 0.000159363000420853 0.000158156006364152 0.000170262006577104 0.000404354999773204 -3.4e+38 -3.4e+38 -3.4e+38 -3.4e+38 -3.4e+38 -3.4e+38 -3.4e+38 -3.4e+38 -3.4e+38 -3.4e+38 -3.4e+38 -3.4e+38 -3.4e+38 -3.4e+38 -3.4e+38 -3.4e+38 -3.4e+38 -3.4e+38 -3.4e+38 -3.4e+38 -3.4e+38 -3.4e+38 -3.4e+38 -3.4e+38 -3.4e+38 -3.4e+38 -3.4e+38 -3.4e+38
2.26904994633514e-05 5.65935006306972e-05 8.75452969921753e-05 4.41070005763322e-05 0.000138817995321006 0.000424811994889751 0.000175111999851651 7.20840980648063e-05 7.33662018319592e-05 9.61999976425432e-05 0.000270026997895911 0.000112431996967643 9.76056035142392e-05 7.20782991265878e-05 9.3892500444781e-05 0.00011591400107136 0.000340781989507377 0.000144763995194808 0.000156708003487438 0.000170511004398577 0.000406845007091761 -3.4e+38 -3.4e+38 -3.4e+38 -3.4e+38 -3.4e+38 -3.4e+38 -3.4e+38 -3.4e+38 -3.4e+38 -3.4e+38 -3.4e+38 -3.4e+38 -3.4e+38 -3.4e+38 -3.4e+38 -3.4e+38 -3.4e+38 -3.4e+38 -3.4e+38 -3.4e+38 -3.4e+38 -3.4e+38 -3.4e+38 -3.4e+38 -3.4e+38 -3.4e+38 -3.4e+38 -3.4e+38
1.37410997922416e-05 2.00788999791257e-05 2.33092996495543e-05 9.17961006052792e-05 0.000128960993606597 0.000379272998543456 0.000442015996668488 0.000461993011413142 6.88643995090388e-05 0.000222065995330922 0.000270633987383917 0.000108995998743922 0.000117857998702675 0.00010783600009745 9.99715994112194e-05 0.000129010993987322 0.00014636799460277 0.000134677000460215 0.000155122994328849 0.000408046005759388 0.000159806993906386 -3.4e+38 -3.4e+38 -3.4e+38 -3.4e+38 -3.4e+38 -3.4e+38 -3.4e+38 -3.4e+38 -3.4e+38 -3.4e+38 -3.4e+38 -3.4e+38 -3.4e+38 -3.4e+38 -3.4e+38 -3.4e+38 -3.4e+38 -3.4e+38 -3.4e+38 -3.4e+38 -3.4e+38 -3.4e+38 -3.4e+38 -3.4e+38 -3.4e+38 -3.4e+38 -3.4e+38 -3.4e+38
2.09232002816861e-05 1.33547000586987e-05 5.1890001486754e-05 3.43950996466447e-05 0.000122584999189712 5.10337995365262e-05 0.000368831009836867 0.000420319993281737 0.000443700992036611 0.00055792200146243 9.6184499852825e-05 0.000108020998595748 0.00011440600064816 0.000119461998110637 0.000313614989863709 0.000131213993881829 0.000145507001434453 0.00013415000285022 0.000351229013176635 0.000375976000213996 0.000362180988304317 -3.4e+38 -3.4e+38 -3.4e+38 -3.4e+38 -3.4e+38 -3.4e+38 -3.4e+38 -3.4e+38 -3.4e+38 -3.4e+38 -3.4e+38 -3.4e+38 -3.4e+38 -3.4e+38 -3.4e+38 -3.4e+38 -3.4e+38 -3.4e+38 -3.4e+38 -3.4e+38 -3.4e+38 -3.4e+38 -3.4e+38 -3.4e+38 -3.4e+38 -3.4e+38 -3.4e+38 -3.4e+38
3.90536988561507e-05 5.71419986954425e-05 2.6486299248063e-05 3.62559003406204e-05 4.330970114097e-05 0.000118019997898955 5.26215990248602e-05 0.00038477499037981 0.000150431005749851 6.31196016911417e-05 8.86222987901419e-05 0.000104017002740875 0.000107414001831785 0.000109018001239747 0.000129181004012935 0.000125520993606187 0.000132342000142671 0.000131683002109639 0.000332941010128707 0.000332210009219125 0.000125756996567361 -3.4e+38 -3.4e+38 -3.4e+38 -3.4e+38 -3.4e+38 -3.4e+38 -3.4e+38 -3.4e+38 -3.4e+38 -3.4e+38 -3.4e+38 -3.4e+38 -3.4e+38 -3.4e+38 -3.4e+38 -3.4e+38 -3.4e+38 -3.4e+38 -3.4e+38 -3.4e+38 -3.4e+38 -3.4e+38 -3.4e+38 -3.4e+38 -3.4e+38 -3.4e+38 -3.4e+38 -3.4e+38
