rodentData/rasterBestModels/Apodemus_RDbal_RM1.asc
NCOLS 409 
NROWS 350 
XLLCORNER 60.897278365 
YLLCORNER 5.843756025 
CELLSIZE 0.0892857 
NODATA_value -3.4e+38 
[rows 66 to 87 of 350, columns 196 to 244 of 409]
0.000623713014647365 0.000366124004358426 0.000252194004133344 0.000745725003071129 0.000495793006848544 0.000495335028972477 0.000730669009499252 0.00037515998701565 0.000203805000637658 0.000104906001070049 -3.4e+38 -3.4e+38 -3.4e+38 -3.4e+38 -3.4e+38 -3.4e+38 -3.4e+38 -3.4e+38 -3.4e+38 -3.4e+38 -3.4e+38 -3.4e+38 -3.4e+38 -3.4e+38 -3.4e+38 -3.4e+38 -3.4e+38 -3.4e+38 -3.4e+38 -3.4e+38 -3.4e+38 -3.4e+38 -3.4e+38 -3.4e+38 -3.4e+38 -3.4e+38 -3.4e+38 -3.4e+38 -3.4e+38 -3.4e+38 -3.4e+38 -3.4e+38 -3.4e+38 -3.4e+38 -3.4e+38 -3.4e+38 -3.4e+38 -3.4e+38 -3.4e+38
0.0010460700141266 0.000217111999518238 0.000391326000681147 0.00125126994680613 0.00324180000461638 0.000921935017686337 0.000975312024820596 0.000287097995169461 7.78277026256546e-05 0.00038879900239408 0.00010244899749523 -3.4e+38 -3.4e+38 -3.4e+38 -3.4e+38 -3.4e+38 -3.4e+38 -3.4e+38 -3.4e+38 -3.4e+38 -3.4e+38 -3.4e+38 -3.4e+38 -3.4e+38 -3.4e+38 -3.4e+38 -3.4e+38 -3.4e+38 -3.4e+38 -3.4e+38 -3.4e+38 -3.4e+38 -3.4e+38 -3.4e+38 -3.4e+38 -3.4e+38 -3.4e+38 -3.4e+38 -3.4e+38 -3.4e+38 -3.4e+38 -3.4e+38 -3.4e+38 -3.4e+38 -3.4e+38 -3.4e+38 -3.4e+38 -3.4e+38 -3.4e+38
0.00111443002242595 0.000727134989574552 0.00138659996446222 0.00450218981131911 0.00342304003424942 0.000925061001908034 0.000845692004077137 0.00022941900533624 0.000389060995075852 3.87957006751094e-05 5.42540983587969e-05 7.91573984315619e-05 4.46462981926743e-05 -3.4e+38 3.57144017471001e-05 0.000113558999146335 -3.4e+38 -3.4e+38 -3.4e+38 -3.4e+38 -3.4e+38 -3.4e+38 -3.4e+38 -3.4e+38 -3.4e+38 -3.4e+38 -3.4e+38 -3.4e+38 -3.4e+38 -3.4e+38 -3.4e+38 -3.4e+38 -3.4e+38 -3.4e+38 -3.4e+38 -3.4e+38 -3.4e+38 -3.4e+38 -3.4e+38 -3.4e+38 -3.4e+38 -3.4e+38 -3.4e+38 -3.4e+38 -3.4e+38 -3.4e+38 -3.4e+38 -3.4e+38 -3.4e+38
0.0027201899792999 0.0013521199580282 0.00112586002796888 0.00141479005105793 0.00059262098511681 0.000119272997835651 0.000145209996844642 0.000178682996192947 0.000117260002298281 5.21067995578051e-05 7.84817966632545e-05 0.000293744000373408 0.000109291002445389 3.29165013681632e-05 5.67468014196493e-05 0.000246423995122313 0.000266148010268807 0.000121078002848662 -3.4e+38 -3.4e+38 -3.4e+38 -3.4e+38 -3.4e+38 -3.4e+38 -3.4e+38 -3.4e+38 -3.4e+38 -3.4e+38 -3.4e+38 -3.4e+38 -3.4e+38 -3.4e+38 -3.4e+38 -3.4e+38 -3.4e+38 -3.4e+38 -3.4e+38 -3.4e+38 -3.4e+38 -3.4e+38 -3.4e+38 -3.4e+38 -3.4e+38 -3.4e+38 -3.4e+38 -3.4e+38 -3.4e+38 -3.4e+38 -3.4e+38
0.000331085990183055 0.000728446990251541 0.00165095995180309 0.00139667000621557 0.00108695996459574 0.000332722993334755 0.000658716016914696 0.000156324997078627 0.000128411993500777 8.78858991200104e-05 0.000278302992228419 0.000389886001357809 0.000616219011135399 0.000156173002324067 0.00016895700537134 0.000646062020678073 0.000470086000859737 0.00029639300191775 0.000209449004614726 -3.4e+38 -3.4e+38 -3.4e+38 -3.4e+38 -3.4e+38 -3.4e+38 -3.4e+38 -3.4e+38 -3.4e+38 -3.4e+38 -3.4e+38 -3.4e+38 -3.4e+38 -3.4e+38 -3.4e+38 -3.4e+38 -3.4e+38 -3.4e+38 -3.4e+38 -3.4e+38 -3.4e+38 -3.4e+38 -3.4e+38 -3.4e+38 -3.4e+38 -3.4e+38 -3.4e+38 -3.4e+38 -3.4e+38 -3.4e+38
0.000246968003921211 0.000360723992343992 0.000869913026690483 0.0011869800509885 0.00381253007799387 0.000832895981147885 0.00114976998884231 0.00126420997548848 0.000905052991583943 0.00023532600607723 0.000184995005838573 0.000915033975616097 0.00148884998634458 0.00139993999619037 0.000202762996195816 0.000741972995456308 0.00149394001346081 0.000956473988480866 0.000415310991229489 0.000174468994373456 9.33397968765348e-05 -3.4e+38 -3.4e+38 -3.4e+38 -3.4e+38 -3.4e+38 -3.4e+38 -3.4e+38 -3.4e+38 -3.4e+38 -3.4e+38 -3.4e+38 -3.4e+38 -3.4e+38 -3.4e+38 -3.4e+38 -3.4e+38 -3.4e+38 -3.4e+38 -3.4e+38 -3.4e+38 -3.4e+38 -3.4e+38 -3.4e+38 -3.4e+38 -3.4e+38 -3.4e+38 -3.4e+38 -3.4e+38
0.000100892997579649 0.00036042500869371 0.00022297199757304 0.000855071994010359 0.000648712972179055 0.000722286000382155 0.00059540499933064 0.000445137004135177 0.000657356984447688 0.000830375007353723 0.000528031028807163 0.000712732027750462 0.00336944009177387 0.00128964998293668 0.00057814602041617 0.00110098998993635 0.000992623041383922 0.000122905999887735 0.000113658003101591 0.00023539099493064 0.000107822001155 -3.4e+38 -3.4e+38 -3.4e+38 -3.4e+38 -3.4e+38 -3.4e+38 -3.4e+38 -3.4e+38 -3.4e+38 -3.4e+38 -3.4e+38 -3.4e+38 -3.4e+38 -3.4e+38 -3.4e+38 -3.4e+38 -3.4e+38 -3.4e+38 -3.4e+38 -3.4e+38 -3.4e+38 -3.4e+38 -3.4e+38 -3.4e+38 -3.4e+38 -3.4e+38 -3.4e+38 -3.4e+38
0.000157664995640516 0.00012942700413987 0.000259249994996935 0.000154640001710504 0.000590128998737782 0.000359566009137779 0.00031451100949198 0.000725812977179885 0.00113622995559126 0.000904012995306402 0.000911840994376689 0.00227787997573614 0.0018503200262785 0.00254482007585466 0.00173182005528361 0.00105924997478724 0.000286026013782248 7.90288977441378e-05 9.6242998552043e-05 0.000118449002911802 0.00011294599971734 -3.4e+38 -3.4e+38 -3.4e+38 -3.4e+38 -3.4e+38 -3.4e+38 -3.4e+38 -3.4e+38 -3.4e+38 -3.4e+38 -3.4e+38 -3.4e+38 -3.4e+38 -3.4e+38 -3.4e+38 -3.4e+38 -3.4e+38 -3.4e+38 -3.4e+38 -3.4e+38 -3.4e+38 -3.4e+38 -3.4e+38 -3.4e+38 -3.4e+38 -3.4e+38 -3.4e+38 -3.4e+38
7.84993972047232e-05 0.00010306899639545 0.00020518500241451 0.000272058008704334 0.000173050997545943 0.00015939399600029 0.000113068002974615 0.000133549998281524 0.000731038977392018 0.000325419998262078 0.000989509047940373 0.000373863003915176 0.000723409000784159 0.00108655996154994 0.00101492996327579 0.00071935000596568 0.00128117005806416 0.000129298001411371 0.000111877998278942 0.000689363980200142 0.00117466994561255 0.000159296003403142 0.000255491002462804 -3.4e+38 6.53177994536236e-05 -3.4e+38 -3.4e+38 -3.4e+38 -3.4e+38 -3.4e+38 -3.4e+38 -3.4e+38 -3.4e+38 -3.4e+38 -3.4e+38 -3.4e+38 -3.4e+38 -3.4e+38 -3.4e+38 -3.4e+38 -3.4e+38 -3.4e+38 -3.4e+38 -3.4e+38 -3.4e+38 -3.4e+38 -3.4e+38 -3.4e+38 -3.4e+38
7.05213024048135e-05 8.96881974767894e-05 5.5985201470321e-05 0.000198206995264627 0.000256778002949432 0.000234933002502657 0.000257440988207236 0.000290324998786673 0.000350640009855852 0.000458755006548017 0.000223759998334572 0.000800993992015719 0.00109496002551168 0.000752252002712339 0.000693097012117505 0.000142755001434125 0.000976994982920587 0.000129138003103435 0.00014872700558044 0.000511048012413085 0.000721489021088928 0.000182289993972518 0.000330699986079708 0.000441103999037296 0.000911436975002289 0.000220903995796107 -3.4e+38 -3.4e+38 -3.4e+38 -3.4e+38 -3.4e+38 -3.4e+38 -3.4e+38 -3.4e+38 5.93117001699284e-05 0.000182518997462466 0.000223529001232237 8.838799840305e-05 -3.4e+38 -3.4e+38 -3.4e+38 -3.4e+38 -3.4e+38 -3.4e+38 -3.4e+38 -3.4e+38 -3.4e+38 -3.4e+38 -3.4e+38
6.37451012153178e-05 8.02576978458092e-05 3.52975985151716e-05 0.00012802799756173 6.49068970233202e-05 6.49248031550087e-05 7.62615018174984e-05 0.000102869002148509 0.000102530997537542 9.00339000509121e-05 0.000446546997409314 0.000725360994692892 0.00124321004841477 0.000706906022969633 0.000798418011981994 0.000214719999348745 0.000155677000293508 0.000257453008089215 0.000241179994191043 0.000604830973315984 0.000766623998060822 0.000413995992857963 0.00030493299709633 0.000591351999901235 0.000337736011715606 0.000335971009917557 0.000398361007682979 0.000177959998836741 -3.4e+38 -3.4e+38 -3.4e+38 -3.4e+38 -3.4e+38 -3.4e+38 0.000109576001705136 0.000233265003771521 0.000264380010776222 0.000607895024586469 7.45458019082434e-05 0.000183979005669244 0.000114287999167573 7.58495007175952e-05 -3.4e+38 -3.4e+38 -3.4e+38 -3.4e+38 -3.4e+38 -3.4e+38 -3.4e+38
2.28735007112846e-05 7.30203973944299e-05 8.32306977827102e-05 0.000104421997093596 0.000132561995997094 0.000155784000526182 0.00022287800675258 0.000175831999513321 0.000420555996242911 0.000105776998680085 0.000170311002875678 0.000246843002969399 0.00111976999323815 0.000533517973963171 0.000594850978814065 0.000713857996743172 0.0040239398367703 0.00415383977815509 0.000674135982990265 0.00476648984476924 0.000798074004705995 0.001123660011217 0.000352164002833888 0.000391996989492327 0.000965218001510948 0.000310194998746738 0.000389600987546146 0.000737363006919622 0.000440686009824276 0.000164280005265027 -3.4e+38 -3.4e+38 -3.4e+38 -3.4e+38 0.000505585980135947 0.000212935003219172 0.000845805974677205 0.000132968998514116 9.25022031879053e-05 0.000242333000642247 0.000847672985401005 0.000113943002361339 -3.4e+38 -3.4e+38 -3.4e+38 -3.4e+38 -3.4e+38 -3.4e+38 -3.4e+38
2.34317994909361e-05 2.71844000963029e-05 2.60577999142697e-05 3.2474101317348e-05 0.000104083002952393 0.000134261994389817 8.85902991285548e-05 0.000164398006745614 0.000209503006772138 0.000518400978762656 0.000173933993210085 0.000194300999282859 0.000582330976612866 0.000219309004023671 0.000292437005555257 0.00033660201006569 0.00106709997635335 0.000330250011757016 0.000457643996924162 0.000515459978487343 0.00131193001288921 0.000429540988989174 0.000744040007703006 0.000633326999377459 0.000665889005176723 0.0017795100575313 0.00175604003015906 0.00218504993245006 0.000210187994525768 0.000657370022963732 5.83272012590896e-05 -3.4e+38 0.000263625988736749 0.000403067009756342 0.00046920299064368 0.000391581997973844 0.00126776995602995 0.000368849985534325 0.00119267997797579 0.000982997007668018 0.000465352990431711 0.000158909999299794 0.000131560998852365 0.000128384999698028 -3.4e+38 -3.4e+38 -3.4e+38 -3.4e+38 -3.4e+38
2.21995996980695e-05 2.64128993876511e-05 2.75053007499082e-05 3.02817006740952e-05 4.0899798477767e-05 0.000158042006660253 0.000107963001937605 0.000135851005325094 0.000450735009508207 0.000413539994042367 0.000135840004077181 0.000154769993969239 0.000110205000964925 9.47544031077996e-05 0.000115668000944424 0.000184607997653075 0.000482839008327574 0.000158263996127062 0.000627649016678333 0.000654552015475929 0.000252439989708364 0.000303992012050003 0.000712572014890611 0.00067804497666657 0.00107241002842784 0.00109114998485893 0.000560962012968957 0.00023444599355571 0.000209945006645285 9.2487498477567e-05 8.08694021543488e-05 0.000955845986027271 0.000124116995721124 0.000303456996334717 0.000147204002132639 0.000348653993569314 0.000441195996245369 0.00163146003615111 0.00182577001396567 0.00160408997908235 0.000624411972239614 0.000433095992775634 0.000159449002239853 0.000369624991435558 0.00110659003257751 0.000166626006830484 0.000785758020356297 -3.4e+38 -3.4e+38
1.98430007003481e-05 2.38322008954128e-05 2.8776099497918e-05 3.21713014272973e-05 4.35153997386806e-05 5.68926989217289e-05 8.76060003065504e-05 0.000273432000540197 8.71836018632166e-05 6.93426991347224e-05 6.32169976597652e-05 7.622990233358e-05 8.71391021064483e-05 6.33376985206269e-05 5.43060996278655e-05 6.29627029411495e-05 0.000193137995665893 0.000114019996544812 0.000356773991370574 6.43188031972386e-05 8.26644027256407e-05 0.000468913989607245 0.000354496005456895 0.00106261996552348 0.000255596009083092 0.000371058995369822 0.000605366018135101 0.000463333999505267 0.000389913999242708 0.000201073999051005 0.000182507006684318 0.000297930004308 0.000283481000224128 0.000663433980662376 0.000102518999483436 0.000243632995989174 0.000350062007782981 0.000461927993455902 0.00177075003739446 0.000615624012425542 0.000813928025308996 0.000432950007962063 0.000390149012673646 0.000380154990125448 0.000208522003958933 0.000172600994119421 0.000420169992139563 0.000119625998195261 -3.4e+38
5.55545993847772e-05 2.44634993578074e-05 2.86354006675538e-05 3.2883501262404e-05 0.00011371399887139 4.93779989483301e-05 7.68258978496306e-05 8.53762976475991e-05 6.01161991653498e-05 4.92828003189061e-05 0.000133046007249504 0.000155899993842468 7.29160965420306e-05 6.00823004788253e-05 5.72378012293484e-05 4.04872007493395e-05 0.00013231800403446 0.000171079998835921 6.19319980614819e-05 0.000114802998723462 5.82981010666117e-05 7.37368973204866e-05 0.000367591012036428 0.000484966003568843 0.000195517000975087 0.000326097011566162 0.000358632009010762 0.000397375988541171 0.000580587016884238 0.00035171300987713 0.000387517007766291 0.000587460992392153 0.000477674009744078 0.000436091999290511 0.000242841997533105 0.000214851999771781 0.00042418998782523 0.000608275004196912 0.000539085012860596 0.00141748995520175 0.000566932023502886 0.00065994297619909 0.000565370020922273 0.000321271014399827 0.000391353998566046 0.000199675996555015 0.000391851004678756 0.000164986005984247 0.000117372001113836
2.6337800136389e-06 2.18725999729941e-05 2.60667002294213e-05 2.89326999336481e-05 3.50217997038271e-05 4.29440988227725e-05 0.000175459994352423 0.000236626001424156 5.92682990827598e-05 0.00013121499796398 0.000115322996862233 0.00012004600284854 4.94947016704828e-05 0.000136425995151512 5.27509000676218e-05 5.02039001730736e-05 0.000108902000647504 0.000103236001450568 5.24688985024113e-05 0.000105318998976145 5.56377999600954e-05 4.4727999920724e-05 5.34091996087227e-05 0.00010448599641677 0.000363444007234648 0.000144446006743237 0.000206733006052673 0.000301989988656715 0.00063151097856462 0.000556581013370305 0.000457915011793375 0.000592247990425676 0.000421144999563694 0.000523253984283656 0.000355366995790973 0.000299917999655008 0.000493942003231496 0.000419398013036698 0.000388571992516518 0.00131141999736428 0.000382383004762232 0.000555282982531935 0.000490327016450465 0.000293143006274477 0.000463084987131879 0.000396065006498247 0.00046417600242421 0.000213716994039714 0.000796538020949811
2.56242992691114e-06 4.25118014391046e-06 2.2439500753535e-05 2.57828996836906e-05 3.53532996086869e-05 4.17322989960667e-05 5.49305987078696e-05 4.82383984490298e-05 3.89913984690793e-05 0.000123029996757396 4.52571002824698e-05 0.00013353000395 4.99656998727005e-05 0.000117975003377069 4.37816015619319e-05 0.000145551995956339 6.07967012911104e-05 8.40779975987971e-05 0.000122583005577326 2.35551997320727e-05 0.000118960000691004 4.01389988837764e-05 3.24772008752916e-05 4.45639016106725e-05 0.000174369997694157 0.000224802002776414 0.000155988003825769 0.000245241011725739 0.000397471012547612 0.000580679974518716 0.000392304995330051 0.000305939989630133 0.000223323993850499 0.000428147992352024 0.000578186009079218 0.000504704017657787 0.000428386993007734 0.00107872998341918 0.000315111014060676 0.00115676003042608 0.000405750004574656 0.00053217401728034 0.000698551011737436 0.000688422005623579 0.00101870996877551 0.000789868994615972 0.000577202998101711 0.000319838989526033 0.000455024011898786
2.46463991970813e-06 2.60092997450556e-06 3.91670982935466e-06 1.98853995243553e-05 2.4069400751614e-05 3.41865998052526e-05 3.00960000458872e-05 2.51663004746661e-05 2.95690006169025e-05 0.000114130001747981 5.4496900702361e-05 0.000114574999315664 0.000109371001599357 0.000112640998850111 0.000136500006192364 4.84890988445841e-05 4.41039010183886e-05 8.15754974610172e-05 6.90228989697061e-05 6.60306031932123e-05 0.000131473992951214 8.75194964464754e-05 3.61396014341153e-05 7.50280014472082e-05 9.21570972423069e-05 0.000111699002445675 0.000209229998290539 0.000517308013513684 0.000836391001939774 0.000771247025113553 0.000218743996811099 0.000546846014913172 0.000284995010588318 0.000432114989962429 0.000339949008775875 0.000436188012827188 0.00117664004210383 0.00115150003693998 0.000406223989557475 0.00046121099148877 0.000402197998482734 0.000354134012013674 0.00121456000488251 0.000682355021126568 0.00072621600702405 0.00057372497394681 0.000743573997169733 0.000656532007269561 0.00295732007361948
2.14613010030007e-06 2.23545998778718e-06 2.35660991165787e-06 2.46722993324511e-06 4.33022978540976e-06 1.65801993716741e-05 1.4035300409887e-05 1.56395999511005e-05 1.74977994902292e-05 3.32890012941789e-05 7.00379023328424e-05 7.54305001464672e-05 6.53559982310981e-05 8.3265797002241e-05 0.000132265005959198 6.61301965010352e-05 0.000108662999991793 0.00011454399646027 5.11852995259687e-05 0.00011436299973866 5.40485998499207e-05 8.78931023180485e-05 7.46489968150854e-05 0.000238755994359963 9.08435977180488e-05 0.000112886998977046 0.000338301993906498 0.000131252003484406 0.000135271999170072 0.000541165005415678 0.000192031002370641 0.00028205499984324 0.000364323990652338 0.000259282009210438 0.000289513991447166 0.000328330002957955 0.00107610004488379 0.000285872985841706 0.000398030009819195 0.00044104500557296 0.000523908995091915 0.000557315011974424 0.000651564972940832 0.000680096971336752 0.000415808986872435 0.0002435409987811 0.00034480300382711 0.00108584004919976 0.000717721995897591
5.98837004872621e-07 6.6148402311228e-07 1.91135995919467e-06 2.17471006180858e-06 2.31514991355652e-06 3.6429501051316e-06 8.72990040079458e-06 1.00220995591371e-05 1.17052995847189e-05 1.47119999382994e-05 2.37398999161087e-05 4.79734990221914e-05 5.70558004255872e-05 0.000272242992650717 0.00011821900261566 0.0002838590007741 7.45299985283054e-05 0.000278510997304693 0.000342379003996029 9.46092986850999e-05 0.000172940999618731 0.000117477997264359 6.00646017119288e-05 0.000326367007801309 0.000150841005961411 0.000120167998829857 8.01584028522484e-05 8.8258799223695e-05 0.000137993003590964 0.000217937995330431 0.00044022299698554 0.00024738599313423 0.000650488014798611 0.00019953100127168 0.000417097005993128 0.000536874984391034 0.00132675003260374 0.000354368006810546 0.000770015991292894 0.00130721996538341 0.000458466005511582 0.000545763992704451 0.000598612008616328 0.000677444972097874 0.00069242698373273 0.000804861017968506 0.000497576023917645 0.000178139001945965 0.000222685004700907
5.56208988200524e-07 5.65327013646311e-07 6.81819017245289e-07 1.77441995674599e-06 1.77002004875249e-06 1.65130995810614e-06 2.79008008874371e-06 6.07678020969615e-06 6.33783020020928e-06 8.34923957881983e-06 1.08614003693219e-05 1.59624996740604e-05 2.01253005798208e-05 3.6766901757801e-05 6.00577004661318e-05 7.62323033995926e-05 5.45004004379734e-05 7.89156983955763e-05 6.29362984909676e-05 7.89413024904206e-05 0.000169063001521863 4.50709012511652e-05 0.00032951298635453 0.000413028988987207 0.000431049993494526 0.000107113002741244 7.22132026567124e-05 0.000213509993045591 0.000249242992140353 0.000101912002719473 0.000134364992845803 8.97475983947515e-05 9.61858968366869e-05 0.000978147960267961 0.000374630995793268 0.000356845004716888 0.0011109400074929 0.000361677986802533 0.000343113002600148 0.00135528994724154 0.00140995997935534 0.00148346996866167 0.00128494005184621 0.00142123003024608 0.000544718990568072 0.000687770021613687 0.000250276003498584 0.000315309996949509 0.000676335010211915
