rodentData/rasterBestModels/Bandicota_RDbal_RM2.asc
NCOLS 409 
NROWS 350 
XLLCORNER 60.897278365 
YLLCORNER 5.843756025 
CELLSIZE 0.0892857 
NODATA_value -3.4e+38 
[rows 88 to 109 of 350, columns 98 to 146 of 409]
1.77081001311308e-05 2.80558997474145e-05 3.27316010952927e-05 3.9297101466218e-05 4.06401995860506e-05 4.09780986956321e-05 4.0762301068753e-05 4.60757000837475e-05 4.53573993581813e-05 4.58747017546557e-05 5.03242990816943e-05 5.25567011209205e-05 5.06415999552701e-05 6.00296989432536e-05 4.26324004365597e-05 4.34807006968185e-05 3.01063992083073e-05 4.22066004830413e-05 4.20553988078609e-05 4.06448016292416e-05 3.97106014133897e-05 3.34274009219371e-05 2.72796005447162e-05 2.74015001195949e-05 3.8962098187767e-05 3.3370299206581e-05 3.39155994879548e-05 3.46814013028052e-05 3.51818016497418e-05 2.8931099222973e-05 3.10299001284875e-05 4.47921993327327e-05 3.10364994220436e-05 3.01939999189926e-05 3.61411002813838e-05 2.920320002886e-05 2.85631995211588e-05 2.65806993411388e-05 3.65138985216618e-05 3.56958989868872e-05 2.45434002863476e-05 2.46104991674656e-05 2.50532993959496e-05 2.66274000750855e-05 2.47998996201204e-05 2.5182500394294e-05 2.53455000347458e-05 2.58817999565508e-05 3.24350985465571e-05
2.47472999035381e-05 3.03302003885619e-05 3.84111990570091e-05 4.2602201574482e-05 4.19882017013151e-05 4.163469930063e-05 4.13853995269164e-05 3.36062985297758e-05 4.668519977713e-05 5.03824994666502e-05 5.26736002939288e-05 5.28019991179463e-05 3.50281989085488e-05 4.84789998154156e-05 4.5481701818062e-05 4.38860988651868e-05 3.00155006698333e-05 2.90459993266268e-05 2.94146993837785e-05 4.0355200326303e-05 3.97898984374478e-05 3.9641101466259e-05 3.93808986700606e-05 3.90054010495078e-05 2.70520995400148e-05 3.2770200050436e-05 3.3834898204077e-05 3.45158987329341e-05 3.46650012943428e-05 3.42019011441153e-05 2.8010799724143e-05 3.63510007446166e-05 3.70365996786859e-05 3.65308005711995e-05 3.64574989362154e-05 3.63309009117074e-05 3.37484998453874e-05 2.62316007137997e-05 2.54376991506433e-05 3.56911987182684e-05 3.52261013176758e-05 2.48733995249495e-05 2.69401007244596e-05 3.79191005777102e-05 2.45339997491101e-05 2.46831004915293e-05 3.13427008222789e-05 3.08849012071732e-05 3.12588017550297e-05
2.83439003396779e-05 3.6209101381246e-05 4.26453007094096e-05 4.39678005932365e-05 4.38343013229314e-05 4.28987987106666e-05 4.29585998062976e-05 4.92422004754189e-05 4.85351993120275e-05 5.16633990628179e-05 5.20643989148084e-05 5.12309998157434e-05 5.04480995004997e-05 4.90603015350644e-05 4.934000025969e-05 4.57481000921689e-05 3.56933996954467e-05 3.47583008988295e-05 4.11405999329872e-05 4.01336001232266e-05 2.78446004813304e-05 3.89222004741896e-05 2.70576001639711e-05 3.24805005220696e-05 3.18989004881587e-05 3.24335014738608e-05 3.32788004016038e-05 3.35998993250541e-05 3.38079989887774e-05 3.33743009832688e-05 3.32298986904789e-05 3.41740997100715e-05 3.70357010979205e-05 3.68047985830344e-05 3.56283017026726e-05 2.87033999484265e-05 3.27617017319426e-05 2.6060199161293e-05 3.63528015441261e-05 2.53662001341581e-05 2.45371993514709e-05 2.97185997624183e-05 3.21871993946843e-05 2.56518997048261e-05 2.98687991744373e-05 3.04711993521778e-05 2.47702992055565e-05 3.04853001580341e-05 2.48868000198854e-05
3.80804995074868e-05 4.07125990022905e-05 4.47532001999207e-05 4.50791012553964e-05 4.56650996056851e-05 4.44065990450326e-05 4.43997996626422e-05 5.06592987221666e-05 5.11584003106691e-05 6.73507020110264e-05 5.30778997926973e-05 5.19304994668346e-05 5.11137004650664e-05 4.96801985718776e-05 3.4842400054913e-05 3.45605985785369e-05 3.571909837774e-05 3.4928998502437e-05 2.82977998722345e-05 2.75600996246794e-05 2.7276899345452e-05 2.7000800400856e-05 3.20772014674731e-05 3.20061990350951e-05 3.22603991662618e-05 3.25787004840095e-05 3.30844013660681e-05 3.34022006427404e-05 3.35041986545548e-05 3.29918002535123e-05 3.29467984556686e-05 3.33960015268531e-05 3.42226012435276e-05 3.4159398637712e-05 3.33831994794309e-05 2.6403500669403e-05 2.64813006651821e-05 2.63499005086487e-05 3.19386017508805e-05 3.05064004351152e-05 1.90979008038994e-05 1.34851998154772e-05 1.68806000147015e-05 1.68614005815471e-05 2.22022008529166e-05 2.21710997720947e-05 2.81993998214602e-05 2.41229008679511e-05 1.70028997672489e-05
3.92908987123519e-05 4.35090987593867e-05 4.57684982393403e-05 4.53303000540473e-05 3.80558994947933e-05 3.76811003661714e-05 6.73413014737889e-05 5.29317985638045e-05 5.46349001524504e-05 5.45080001757015e-05 5.39612010470591e-05 5.29042990820017e-05 3.64785009878688e-05 5.06245014548767e-05 3.49957990692928e-05 3.92036999983247e-05 3.60060985258315e-05 3.55137999576982e-05 3.43645006068982e-05 3.37347009917721e-05 3.34834003297146e-05 3.3029900805559e-05 3.24155007547233e-05 3.2543801353313e-05 3.28128990076948e-05 3.28011992678512e-05 3.2734198612161e-05 3.34137002937496e-05 3.34897995344363e-05 3.28675996570382e-05 3.25865003105719e-05 3.10229006572627e-05 1.64116008818382e-05 2.41743000515271e-05 2.56046005233657e-05 2.6210700525553e-05 3.29194008372724e-05 3.77752985514235e-05 2.56422008533264e-05 1.76571993506514e-05 1.69108006957686e-05 1.70642997545656e-05 1.67403995874338e-05 1.83747997652972e-05 2.0799499907298e-05 2.08726996788755e-05 2.05469004868064e-05 2.05149008252192e-05 1.67845992109505e-05
4.18663003074471e-05 4.62440002593212e-05 4.74219013995025e-05 4.70484992547426e-05 5.46310002391692e-05 5.63860012334771e-05 5.69301009818446e-05 5.62591012567282e-05 5.62634995731059e-05 5.51791017642245e-05 5.41431982128415e-05 5.3747498895973e-05 3.69838016922586e-05 3.60767007805407e-05 3.54408985003829e-05 3.75939016521443e-05 3.65777013939805e-05 3.58990000677295e-05 3.51759990735445e-05 3.44217005476821e-05 3.39647995133419e-05 3.32445015374105e-05 3.30416987708304e-05 3.29934009641875e-05 3.32745003106538e-05 3.32347008225042e-05 3.3153199183289e-05 3.36783996317536e-05 3.35945005645044e-05 3.28329006151762e-05 3.11803014483303e-05 1.99868009076454e-05 1.96779001271352e-05 1.59528008225607e-05 2.97450005746214e-05 3.65539999620523e-05 3.11502008116804e-05 3.59836012648884e-05 2.63230995187769e-05 1.41264999911073e-05 1.75258992385352e-05 1.70285002241144e-05 1.98245998035418e-05 2.06964996323222e-05 2.03530998987844e-05 2.04145999305183e-05 1.65530000231229e-05 2.01537004613783e-05 2.71575008810032e-05
4.45570985903032e-05 4.69049991806969e-05 4.7425401135115e-05 5.64188012504019e-05 7.53881031414494e-05 5.96880017837975e-05 5.95747005718295e-05 5.8308298321208e-05 5.71775017306209e-05 5.62023997190408e-05 5.47294002899434e-05 5.34850005351473e-05 4.51829982921481e-05 4.41314987256192e-05 4.02326986659318e-05 3.83053011319134e-05 3.68075016012881e-05 3.58122997567989e-05 3.54549993062392e-05 3.44190993928351e-05 3.38134013873059e-05 3.33667994709685e-05 3.32113995682448e-05 3.33095995301846e-05 3.32331983372569e-05 3.32595009240322e-05 3.33524985762779e-05 3.3594998967601e-05 3.35090990120079e-05 3.20157014357392e-05 2.03330000658752e-05 1.99871992663248e-05 2.00533995666774e-05 2.00896993192146e-05 2.02637002075789e-05 1.89072998182382e-05 1.79886992555112e-05 1.73905991687207e-05 1.74126998899737e-05 1.75050008692779e-05 1.4157900295686e-05 1.70840994542232e-05 2.09549998544389e-05 2.7229800252826e-05 2.22929993469734e-05 2.72637007583398e-05 2.33176997426199e-05 2.31839003390633e-05 2.8152700906503e-05
4.43446006102022e-05 3.80281999241561e-05 6.75366973155178e-05 5.93129989283625e-05 6.09607013757341e-05 6.16819015704095e-05 6.12126968917437e-05 5.97801008552779e-05 5.78038998355623e-05 3.94599010178354e-05 5.4090800404083e-05 5.2715800848091e-05 4.40553994849324e-05 4.36254995292984e-05 3.83154001610819e-05 3.76087991753593e-05 3.66462991223671e-05 3.60398989869282e-05 3.53272007487249e-05 3.41751983796712e-05 3.41687991749495e-05 3.37790006597061e-05 3.34364012815058e-05 3.34844989993144e-05 3.32306990458164e-05 3.32497984345537e-05 3.32111012539826e-05 3.30051989294589e-05 3.30475995724555e-05 2.07162993319798e-05 2.04680000024382e-05 2.02162991627119e-05 1.99615005840315e-05 2.02893006644445e-05 1.87291007023305e-05 1.64865996339358e-05 1.62257001647959e-05 1.75719997059787e-05 1.77772999450099e-05 1.79154994839337e-05 1.73864991666051e-05 2.15891996049322e-05 3.00704996334389e-05 2.41424004343571e-05 2.93436005449621e-05 2.33118007599842e-05 2.26578995352611e-05 2.73735004157061e-05 2.75283000519266e-05
5.19331006216817e-05 5.50121985725127e-05 5.39786014996935e-05 5.74277983105276e-05 4.20951000705827e-05 5.96739009779412e-05 5.9579499065876e-05 5.90687013755087e-05 5.76571983401664e-05 5.50988006580155e-05 3.72071990568656e-05 4.44906982011162e-05 4.4028798583895e-05 4.32609012932517e-05 3.75324998458382e-05 3.64658008038532e-05 3.65687992598396e-05 3.63772014679853e-05 3.55755983036943e-05 3.45736989402212e-05 3.45150001521688e-05 3.4297499951208e-05 3.42089988407679e-05 3.41222985298373e-05 3.35529002768453e-05 3.37146011588629e-05 3.319149982417e-05 3.28819987771567e-05 2.97820006380789e-05 2.07941993721761e-05 2.08618002943695e-05 2.04932002816349e-05 2.01980001293123e-05 1.93405994650675e-05 1.63915992743568e-05 1.57150006998563e-05 1.28308001876576e-05 1.63967997650616e-05 1.74453998624813e-05 2.39796008827398e-05 2.08169003599323e-05 2.38349002756877e-05 3.01857999147614e-05 2.45316005020868e-05 2.8891099645989e-05 2.78537008853164e-05 2.75054007943254e-05 2.81636002910091e-05 2.79439991572872e-05
6.30309004918672e-05 5.08855009684339e-05 5.4007199651096e-05 5.52771016373299e-05 5.6708900956437e-05 5.61123015359044e-05 5.65511982131284e-05 5.5911899835337e-05 5.5003500165185e-05 3.76079988200217e-05 4.44908000645228e-05 4.40322000940796e-05 4.3243300751783e-05 4.28810999437701e-05 4.14692985941656e-05 3.7139998312341e-05 3.65470987162553e-05 3.64830993930809e-05 3.59141013177577e-05 3.51941016560886e-05 3.49528017977718e-05 3.49604015354998e-05 3.45611006196123e-05 3.41896011377685e-05 3.40514015988447e-05 3.36316006723791e-05 3.34432988893241e-05 3.28267014992889e-05 1.93875002878485e-05 2.09293993975734e-05 2.08019991987385e-05 1.68060996657005e-05 2.11474998650374e-05 1.8935799744213e-05 1.88794001587667e-05 1.59942992468132e-05 1.63066997629358e-05 1.62460000865394e-05 2.20585006900365e-05 2.33848004427273e-05 2.33513001148822e-05 2.12811992241768e-05 1.81106006493792e-05 3.02075004583457e-05 2.97207006951794e-05 2.88615992758423e-05 2.83869994746055e-05 2.83827994280728e-05 2.79461000900483e-05
4.55363988294266e-05 4.67306999780703e-05 4.95901003887411e-05 3.60775993613061e-05 5.27654010511469e-05 0.000206504002562724 5.37962987436913e-05 3.80650017177686e-05 3.75570998585317e-05 4.53610009572003e-05 4.47653001174331e-05 4.35233996540774e-05 4.24259997089393e-05 4.27708000643179e-05 4.20456999563612e-05 3.65439009328838e-05 3.59184996341355e-05 3.59838013537228e-05 3.58768011210486e-05 3.55597985617351e-05 3.47866989613976e-05 3.43860010616481e-05 3.38899990310892e-05 3.37835008394904e-05 3.394659870537e-05 3.38019999617245e-05 3.37329001922626e-05 2.34686995099764e-05 1.90790997294243e-05 1.96353994397214e-05 1.96296005015029e-05 2.07995999517152e-05 2.03102008526912e-05 1.86829001904698e-05 1.5835899830563e-05 1.63712993526133e-05 2.21664995478932e-05 2.34933995670872e-05 2.34028993872926e-05 2.32189995585941e-05 2.3208600396174e-05 2.15018008020706e-05 2.22420003410662e-05 5.06395990669262e-05 4.9832699005492e-05 4.57220994576346e-05 3.73092007066589e-05 3.70587986253668e-05 3.66544991265982e-05
4.40428011643235e-05 3.14356002490968e-05 3.26662993757054e-05 4.69695005449466e-05 4.70591985504143e-05 3.48624998878222e-05 5.0177699449705e-05 4.41388983745128e-05 4.53489992651157e-05 4.49120998382568e-05 4.37283015344292e-05 4.27687009505462e-05 4.20313008362427e-05 4.24255995312706e-05 4.18636009271722e-05 3.61335987690836e-05 3.64131010428537e-05 3.64607985829934e-05 3.66138992831111e-05 3.59354999091011e-05 3.521879989421e-05 3.44932013831567e-05 3.37236015184317e-05 3.36738994519692e-05 3.33786010742188e-05 3.31035989802331e-05 2.39153996517416e-05 1.93503001355566e-05 1.89283000509022e-05 1.91313993127551e-05 1.86686993401963e-05 1.85080007213401e-05 1.44860996442731e-05 1.58318998728646e-05 1.58770999405533e-05 1.62062005983898e-05 2.38312004512409e-05 2.39801993302535e-05 2.41395991906757e-05 2.37643998843851e-05 1.77123001776636e-05 2.17187007365283e-05 5.14068015036173e-05 5.17238986503799e-05 4.83898984384723e-05 3.82670987164602e-05 3.74316987290513e-05 3.7093701394042e-05 3.66560998372734e-05
4.17377013945952e-05 4.20243995904457e-05 4.26916994911153e-05 4.58918984804768e-05 4.51718005933799e-05 3.32478011841886e-05 3.62294995284174e-05 4.5055800001137e-05 4.39096984337084e-05 4.35092006227933e-05 4.32624001405202e-05 4.35260008089244e-05 4.27818995376583e-05 4.26685001002625e-05 4.21613985963631e-05 4.11904984503053e-05 3.65648011211306e-05 3.70677007595077e-05 3.64314000762533e-05 3.64131992682815e-05 3.47193999914452e-05 3.46082997566555e-05 3.43046995112672e-05 3.4143198718084e-05 3.36283010256011e-05 2.69938991550589e-05 1.8888200429501e-05 1.78390000655781e-05 2.09187001019018e-05 1.87857003766112e-05 1.89945003512548e-05 1.84679993253667e-05 1.8472999727237e-05 1.47108003147878e-05 1.58241000463022e-05 2.22278995352099e-05 2.40659992414294e-05 2.40548997680889e-05 2.36293999478221e-05 2.39470991800772e-05 3.41687991749495e-05 3.64279003406409e-05 5.15050996909849e-05 5.19946006534155e-05 4.80656017316505e-05 3.8064201362431e-05 3.71025016647764e-05 3.65054984285962e-05 3.60847006959375e-05
3.99677010136656e-05 3.87440995837096e-05 3.86909014196135e-05 3.00067003990989e-05 3.78432996512856e-05 4.05710015911609e-05 4.18671988882124e-05 4.03947997256182e-05 3.71347014151979e-05 1.48609997268068e-05 4.04398015234619e-05 4.34727990068495e-05 4.27222985308617e-05 4.26654005423188e-05 4.2266801756341e-05 4.12918998335954e-05 3.66370986739639e-05 3.65351006621495e-05 3.60039994120598e-05 3.52026982000098e-05 3.48175999533851e-05 3.42390994774178e-05 3.42587009072304e-05 3.43825995514635e-05 3.35717013513204e-05 2.42536007135641e-05 1.8944399926113e-05 1.76675002876436e-05 1.76142002601409e-05 2.12699997064192e-05 1.95414995687315e-05 1.78414993570186e-05 1.45884996527457e-05 1.9426199287409e-05 2.65419002971612e-05 2.45638002525084e-05 2.46171002800111e-05 2.37489002756774e-05 2.29195993597386e-05 4.29667998105288e-05 0.000238207998336293 0.000240587993175723 5.16446016263217e-05 5.13816994498484e-05 4.88119985675439e-05 3.75470008293632e-05 3.68260989489499e-05 3.57622993760742e-05 3.50506015820429e-05
3.66113017662428e-05 3.56931013811845e-05 3.51337985193823e-05 3.08570997731294e-05 3.61318998329807e-05 3.86817009712104e-05 3.63828003173694e-05 1.38458999572322e-05 1.44359000842087e-05 1.47827004184364e-05 1.45450003401493e-05 3.91639987356029e-05 4.17183982790448e-05 4.25438011006918e-05 4.20848009525798e-05 4.09839012718294e-05 3.74197989003733e-05 3.46896995324641e-05 3.49473993992433e-05 3.49602996720932e-05 3.45515982189681e-05 3.192359872628e-05 3.14253993565217e-05 3.15137986035552e-05 2.4776900318102e-05 1.76348003151361e-05 1.76309004018549e-05 1.76161993294954e-05 1.7348000255879e-05 2.12418999581132e-05 1.47964001371292e-05 1.45563999467413e-05 1.78201007656753e-05 1.8339000234846e-05 2.60350007010857e-05 2.59946991718607e-05 2.63680994976312e-05 2.59309999819379e-05 2.60782999248477e-05 5.18343003932387e-05 4.39233008364681e-05 5.24466995557304e-05 5.10040008521173e-05 4.84859010612126e-05 4.52542990387883e-05 3.67026987078134e-05 3.64549014193472e-05 3.51132985088043e-05 3.47070999850985e-05
2.49396998697193e-05 2.47691004915396e-05 2.95508998533478e-05 3.09069000650197e-05 3.16065015795175e-05 3.28630012518261e-05 1.33620997075923e-05 1.39534995469148e-05 1.43481001941836e-05 1.4403100067284e-05 1.42085000334191e-05 1.39410003612284e-05 3.97260992031079e-05 4.13644993386697e-05 4.05608006985858e-05 3.72631984646432e-05 3.67993998224847e-05 3.38040990754962e-05 2.07935991056729e-05 3.4609798603924e-05 3.17794001603033e-05 1.73941007233225e-05 1.67815996974241e-05 1.64972007041797e-05 1.63064996741014e-05 1.62426003953442e-05 1.61215994012309e-05 1.7001399100991e-05 2.07094999495894e-05 1.47159998959978e-05 1.48070002978784e-05 1.81064006028464e-05 1.81938994501252e-05 2.44327002292266e-05 2.60210999840638e-05 2.60414999502245e-05 2.60143006016733e-05 2.55072991421912e-05 3.10622999677435e-05 4.74494991067331e-05 4.87354009237606e-05 4.76333007100038e-05 4.66404999315273e-05 3.89988999813795e-05 3.68777000403497e-05 3.6836601793766e-05 3.60283011104912e-05 3.47577006323263e-05 3.4305099688936e-05
2.35386996791931e-05 2.77622002613498e-05 2.85425994661637e-05 3.04765999317169e-05 3.10596988128964e-05 1.20820996016846e-05 1.30778998936876e-05 1.38093000714434e-05 1.41074997372925e-05 1.42313001560979e-05 1.41386999530368e-05 1.40700003612437e-05 3.6930799979018e-05 3.733030098374e-05 3.6402401747182e-05 1.32456998471753e-05 1.23510999401333e-05 1.25227998069022e-05 1.25263995869318e-05 1.42420003612642e-05 1.71406991285039e-05 1.67419002536917e-05 1.64946995937498e-05 1.62256001203787e-05 1.5986099242582e-05 1.59429000632372e-05 1.597469963599e-05 1.5993500710465e-05 1.76785997609841e-05 1.45745998452185e-05 1.85624994628597e-05 1.87326004379429e-05 1.79915004991926e-05 2.61822005995782e-05 2.6008799977717e-05 2.56103994615842e-05 2.50049997703172e-05 2.46236995735671e-05 4.06100989494007e-05 4.13185007346328e-05 4.00032004108652e-05 3.95954011764843e-05 3.77071992261335e-05 3.68762011930812e-05 3.6802299291594e-05 3.60146004823036e-05 3.53944997186773e-05 3.49518013535999e-05 3.54490002791863e-05
2.72268007392995e-05 2.73323003057158e-05 2.86856993625406e-05 2.90775005851174e-05 3.01068994303932e-05 1.20274999062531e-05 1.22995998026454e-05 1.36865000968101e-05 1.41167001856957e-05 1.41505997817148e-05 1.41073996928753e-05 1.40032998388051e-05 1.37814995468943e-05 1.36930002554436e-05 1.28214996948373e-05 1.26346003526123e-05 1.22035999083892e-05 1.22553001347114e-05 1.21651000881684e-05 1.30110001919093e-05 1.55145007738611e-05 1.65373003255809e-05 1.65026995091466e-05 1.65004003065405e-05 1.61506995937089e-05 1.59638002514839e-05 1.6081099602161e-05 1.59380997502012e-05 1.67807993420865e-05 1.72261006810004e-05 1.86505003512139e-05 1.85661992873065e-05 2.50288994720904e-05 2.61183995462488e-05 2.5819299480645e-05 2.48402993747732e-05 2.47185998887289e-05 2.41268007812323e-05 3.91998000850435e-05 4.00493008783087e-05 3.97301009797957e-05 3.77961987396702e-05 3.68701985280495e-05 3.66435015166644e-05 3.54069015884306e-05 3.48534013028257e-05 3.5063498216914e-05 3.70747002307326e-05 3.80318015231751e-05
2.71338994934922e-05 2.77519993687747e-05 2.84769994323142e-05 2.76763003057567e-05 1.13998003143934e-05 1.1928300409636e-05 1.23379004435265e-05 1.26926997836563e-05 1.3807700270263e-05 1.41320997499861e-05 1.39990997922723e-05 1.30046000776929e-05 1.27769999380689e-05 1.26753002405167e-05 1.2507000064943e-05 1.23673999041785e-05 1.17377003334695e-05 9.56565963861067e-06 1.16225000965642e-05 1.14284002847853e-05 1.31953001982765e-05 1.57938993652351e-05 1.5733299733256e-05 1.59027003974188e-05 1.56303995026974e-05 2.16049993468914e-05 2.37591993936803e-05 2.38515003729844e-05 1.64479006343754e-05 1.67392990988446e-05 1.95594002434518e-05 2.69191004917957e-05 3.80175006284844e-05 3.66696986020543e-05 3.10135983454529e-05 2.48811993515119e-05 2.44295006268658e-05 2.37579006352462e-05 3.88385997212026e-05 3.89037995773833e-05 3.77262986148708e-05 3.77881005988456e-05 3.67473985534161e-05 3.56933996954467e-05 3.52144015778322e-05 3.46330016327556e-05 3.54365001840051e-05 3.75730996893253e-05 3.71220012311824e-05
2.71329008683097e-05 2.76114005828276e-05 2.66743991232943e-05 1.10587998278788e-05 1.12686002466944e-05 1.16852997962269e-05 1.22581996038207e-05 1.24011003208579e-05 1.27392004287685e-05 1.30132002595928e-05 1.2979299754079e-05 1.23856998470728e-05 1.22520996228559e-05 1.18044999908307e-05 1.16729997898801e-05 1.1595700016187e-05 1.1303200153634e-05 1.69011000252794e-05 1.66450990946032e-05 1.12255002022721e-05 1.87400000868365e-05 1.56448004418053e-05 1.23524996524793e-05 1.49351999425562e-05 2.08536002901383e-05 2.83371991827153e-05 2.88749997707782e-05 2.95393001579214e-05 2.54373007919639e-05 2.7410200345912e-05 3.07185000565369e-05 3.13406017085072e-05 4.37148992205039e-05 4.2895699152723e-05 4.13398011005484e-05 2.92796994472155e-05 2.37044005189091e-05 2.29470006161137e-05 3.83016013074666e-05 3.81792997359298e-05 3.68688015441876e-05 3.60814010491595e-05 3.51587987097446e-05 3.63067993021104e-05 3.63895996997599e-05 3.54133990185801e-05 3.54574003722519e-05 3.63863982784096e-05 3.67180982721038e-05
2.6423500457895e-05 2.5285100491601e-05 1.06759998743655e-05 1.11053996079136e-05 1.11490999188391e-05 1.1213899597351e-05 1.14351996671758e-05 1.174019962491e-05 1.24491998576559e-05 1.27646999317221e-05 1.27589000840089e-05 1.20134000098915e-05 1.1907800399058e-05 9.64804985414958e-06 1.1688800441334e-05 1.14454996946733e-05 1.08132999230293e-05 1.16406999950414e-05 1.12623001768952e-05 1.11339995783055e-05 1.30270000227029e-05 1.5353100025095e-05 1.49330999192898e-05 1.4844899851596e-05 2.65491999016376e-05 2.80217991530662e-05 2.84833004116081e-05 2.97115002467763e-05 3.04709992633434e-05 3.19126011163462e-05 3.19208011205774e-05 4.21670993091539e-05 4.15754984715022e-05 4.0651299059391e-05 3.93431982956827e-05 3.83318001695443e-05 3.70394991477951e-05 3.58783981937449e-05 3.7808800698258e-05 3.7586400139844e-05 3.69410990970209e-05 3.52923016180284e-05 3.4834498364944e-05 3.70847010344733e-05 3.75341005565133e-05 3.64769985026214e-05 3.5798399039777e-05 3.54668991349172e-05 3.57333992724307e-05
2.50154007517267e-05 1.02873000287218e-05 1.05893996078521e-05 1.08866997834411e-05 1.11562003439758e-05 1.10783003037795e-05 1.11828003355186e-05 1.16374003482633e-05 1.23316003737273e-05 1.25876003949088e-05 1.25084998217062e-05 1.18772995847394e-05 1.19795004138723e-05 1.20470003821538e-05 1.17850995593471e-05 1.08901003841311e-05 1.06367997432244e-05 1.08195999928284e-05 1.09728998722858e-05 1.10255996332853e-05 1.25148999359226e-05 1.50035002661753e-05 1.49505003719241e-05 1.49814995893394e-05 2.71012995654019e-05 2.88188002741663e-05 2.87847997242352e-05 2.94420005957363e-05 3.05479989037849e-05 3.06645015371032e-05 3.03662000078475e-05 4.16024995502084e-05 4.06569015467539e-05 3.92707988794427e-05 3.8621699786745e-05 3.86913015972823e-05 3.86139981856104e-05 3.78969016310293e-05 3.75874988094438e-05 3.74314004147891e-05 3.61521015292965e-05 3.62075988959987e-05 3.80070996470749e-05 3.85218008887023e-05 3.8045400287956e-05 3.75570016331039e-05 3.70548987120856e-05 3.64168990927283e-05 3.62013997801114e-05
