rodentData/rasterBestModels/Bandicota_RDbal_RM2.asc
NCOLS 409 
NROWS 350 
XLLCORNER 60.897278365 
YLLCORNER 5.843756025 
CELLSIZE 0.0892857 
NODATA_value -3.4e+38 
[rows 44 to 65 of 350, columns 147 to 195 of 409]
6.16194010945037e-05 9.34894997044466e-05 8.04856026661582e-05 0.000152488995809108 0.0001566319988342 8.62368033267558e-05 8.48560011945665e-05 0.000100513003417291 0.000129121006466448 0.000141337004606612 0.000126593993627466 0.000157204995048232 0.000126622006064281 0.00010098399798153 0.000113902002340183 0.000115331000415608 0.000130564003484324 0.000142898003105074 9.8834301752504e-05 5.72226999793202e-05 5.90853014728054e-05 3.3878801332321e-05 7.29438988855691e-06 1.56119995153858e-06 1.68785004461824e-06 5.01272006658837e-06 2.63565993918746e-06 6.40582015876134e-07 1.88534997391798e-07 1.22721999673558e-07 7.59767004865353e-08 4.47384991275612e-08 3.4499901602203e-08 3.0498600978035e-08 3.90424013119173e-08 8.78671002624287e-08 3.6333599240379e-08 3.69823993651153e-08 6.94248001309461e-08 5.61791999587058e-08 2.96866993210188e-08 3.5086099359205e-08 4.45564012352406e-08 1.77817991442453e-08 1.05627000479558e-08 9.76740022196054e-09 8.89506956980313e-09 2.22409006767066e-08 1.24042998095319e-08
8.31789002404548e-05 0.000140969001222402 0.000146787002449855 5.89166993449908e-05 7.77098975959234e-05 8.11464997241274e-05 9.5097602752503e-05 6.62130987620912e-05 6.72559035592712e-05 7.8085096902214e-05 0.000146310005220585 0.000125038000987843 0.000166344005265273 0.000125813006889075 0.000103405996924266 0.000115367001853883 0.00010216300142929 0.000116878996777814 0.000119525000627618 9.40301033551805e-05 9.59132012212649e-05 8.26281029731035e-05 1.38851000883733e-05 3.5530599689082e-06 1.39015003242093e-06 1.211419998981e-06 2.37154995375022e-06 1.64567995852849e-06 4.45452002395541e-07 2.69704003130755e-07 1.21040002909467e-07 8.38656006862948e-08 5.56122010664239e-08 4.98627983347433e-08 5.3366001395716e-08 7.17977002295811e-08 3.22350004466898e-08 3.80045008796515e-08 3.53876004055564e-08 6.67092976414096e-08 4.68400003228453e-08 2.79696994454071e-08 3.34060992202012e-08 2.44713991293111e-08 1.59192996562751e-08 1.02625001829892e-08 9.53500034484023e-09 3.41646000379114e-08 1.55886006325545e-08
8.56432016007602e-05 5.24374008818995e-05 5.41359004273545e-05 8.83856992004439e-05 8.71619995450601e-05 5.73625984543469e-05 7.95658997958526e-05 0.000160683994181454 7.65282020438462e-05 8.56866972753778e-05 8.33020021673292e-05 0.000151585001731291 0.000308338989270851 0.000299626000924036 0.000171292005688883 0.000121539000247139 8.97233985597268e-05 6.73699032631703e-05 9.58273012656718e-05 8.79272993188351e-05 5.56220002181362e-05 6.59539000480436e-05 2.57261999649927e-05 2.60030992649263e-05 1.66118006745819e-05 2.71127009909833e-06 1.73942999026622e-06 4.38651022705017e-06 9.08636025087617e-07 2.2127899512725e-07 1.15867003103176e-07 1.53095996324737e-07 9.01670986763747e-08 5.22924992196749e-08 3.73413016063751e-08 4.70787000494965e-08 3.63081014143063e-08 4.84352007390498e-08 5.70930005494574e-08 7.27156006519181e-08 6.00765019953542e-08 3.69472985539687e-08 2.74631002383785e-08 2.08586001804179e-08 2.47895997063097e-08 1.66697997627807e-08 1.43870000357538e-08 5.61062982740168e-08 3.45219994812851e-08
7.67996971262619e-05 6.47004999336787e-05 5.83377986913547e-05 8.24094022391364e-05 7.81318012741394e-05 5.21024012414273e-05 5.34218015673105e-05 6.80145021760836e-05 0.000121288001537323 0.000365476997103542 0.000132904999190941 0.000142542005050927 0.000168628001119941 0.00014229399675969 0.000151676998939365 0.000135976006276906 0.000126817001728341 7.34470013412647e-05 4.19903990405146e-05 6.77477000863291e-05 6.50471993139945e-05 6.22090010438114e-05 5.73165016248822e-05 9.5437397249043e-05 6.11580035183579e-05 1.37570996230352e-05 1.99219994101441e-06 1.95511006495508e-06 4.44292993506679e-07 3.12966989213237e-07 2.31206001899409e-07 2.03585997837763e-07 8.52390016348181e-08 7.91306007386083e-08 6.79861997809894e-08 5.45568994425594e-08 5.1935700184913e-08 4.01010993300588e-08 4.6020200983321e-08 5.76703982346771e-08 4.78676014381563e-08 4.55437003665793e-08 2.8062400403428e-08 2.4224700467812e-08 2.40410997776053e-08 2.85187997661751e-08 1.81907005014637e-08 4.64461997751187e-08 5.78364982573021e-08
7.36346992198378e-05 7.34186978661455e-05 7.33654014766216e-05 8.91731033334509e-05 0.000108576998172794 6.53192983008921e-05 9.4059098046273e-05 0.00013474200386554 0.000146488004247658 0.000324380991514772 0.000143737997859716 0.000143975994433276 0.000100247998489067 0.000101668003480881 0.000185835000593215 0.000199000001884997 0.000200326001504436 0.000157671995111741 8.22712027002126e-05 0.000129205000121146 0.000126336002722383 0.000153788001625799 0.000128031999338418 0.000167139005498029 8.97470017662272e-05 2.57627998507814e-05 5.04535000800388e-06 1.52684003751347e-06 9.82608980848454e-07 9.38701020913868e-07 4.51520008937223e-07 1.64282994319365e-07 9.85832997457692e-08 7.86542031505633e-08 1.30429000932963e-07 1.07312999375608e-07 1.05159998042836e-07 4.64815990142142e-08 4.7324299146112e-08 3.22330997448717e-08 3.83135017045788e-08 4.11136014122349e-08 3.52360984834377e-08 2.93476993817876e-08 2.86309003172391e-08 2.61624997222043e-08 2.97895006440285e-08 3.7888799653274e-08 5.33704991312334e-08
0.000102231999335345 0.000101457997516263 0.000100388002465479 7.55825967644341e-05 8.49495991133153e-05 0.000124894999316894 0.000125353006296791 0.00012157199671492 0.000114684000436682 0.000474458007374778 0.000104398997791577 0.00010137099889107 0.000115804999950342 0.000112278998130932 0.000133502995595336 0.000161863004905172 0.000399707001633942 0.000265809008851647 0.000156288995640352 0.000187685000128113 0.000156497000716627 0.000254585989750922 0.000203917006729171 0.00024633901193738 0.000110982997284736 4.2764499085024e-05 4.73350019092322e-06 1.2859100024798e-06 9.54359961724549e-07 8.83328993950272e-07 8.01396026872681e-07 5.6510202739446e-07 2.83265990219661e-07 1.44639002996882e-07 1.67798006600606e-07 2.67600995584871e-07 1.13533999979154e-07 4.78448001217657e-08 5.60598998333717e-08 3.78548996593508e-08 3.10945011960939e-08 3.08200007737014e-08 3.08932008863394e-08 3.02019991238467e-08 2.06987991191454e-08 1.95426004268029e-08 2.05538999153987e-08 2.54438994318207e-08 3.36329009087422e-08
0.000100750003184658 0.000128846993902698 0.000108968997665215 0.000117689996841364 0.000121081997349393 0.000458221009466797 0.000123838995932601 0.000110157998278737 8.99668011697941e-05 9.34318013605662e-05 9.8279801022727e-05 7.45979996281676e-05 7.5655996624846e-05 9.93201028904878e-05 8.66241971380077e-05 0.0001000690026558 0.000113267000415362 0.000161329997354187 0.000183170996024273 0.00033454698859714 0.000200524998945184 0.000253016012720764 0.000227822994929738 0.000294158002361655 0.000209598001674749 7.5158299296163e-05 1.79752005351475e-05 3.48054004462028e-06 1.20945003345696e-06 5.69349026591226e-07 5.02438012972561e-07 5.32513013240532e-07 7.27394024124806e-07 5.81097026497446e-07 3.31834996813996e-07 2.03854000346837e-07 1.35695003677938e-07 6.55774030633438e-08 6.79008991255614e-08 6.25147009714055e-08 3.97881017022428e-08 3.65172994065688e-08 2.90468999963878e-08 2.56657006758587e-08 2.33820003359142e-08 2.27067005198478e-08 1.96639007299382e-08 2.03170991142088e-08 1.70056004833441e-08
7.87926983321086e-05 0.000116276998596732 0.000119602002087049 0.000119737997010816 0.000120040996989701 8.54298996273428e-05 0.000123110003187321 0.000117595998744946 0.000107286999991629 9.00665982044302e-05 9.32265029405244e-05 6.87469000695273e-05 6.87346982886083e-05 0.000102972000604495 0.00010501599899726 0.000116012000944465 0.000133073001052253 9.1795802291017e-05 0.000240491994190961 0.000168188998941332 0.000195354004972614 0.000353008013917133 0.000302202999591827 0.000246054987655953 0.000231344005442224 0.000163962002261542 9.15709970286116e-05 2.36916002904763e-05 7.38476001060917e-06 2.9194900434959e-06 7.87831993420696e-07 3.2072099998004e-07 6.46619014332828e-07 9.58116970650735e-07 8.3051702404191e-07 3.08312991137427e-07 1.65458004630636e-07 9.57466994577771e-08 8.27812982606702e-08 1.03215000990531e-07 9.45331990465093e-08 7.81725972842651e-08 5.81796015808322e-08 5.02772010690933e-08 3.40796013631461e-08 2.66359005962613e-08 1.94346991833072e-08 1.52813992571055e-08 1.31095996280806e-08
0.000119723998068366 0.000120402997708879 0.000119942997116596 0.000119121999887284 0.000119015996460803 0.000119607997476123 0.000121336001029704 0.000121762001072057 0.000120839002192952 6.55336989439093e-05 9.54541028477252e-05 7.06794016878121e-05 6.95962007739581e-05 6.70934969093651e-05 0.000101140001788735 0.000110426000901498 8.61399967106991e-05 0.000148339997394942 0.000174753004102968 0.000144938006997108 0.000162052994710393 0.000195532003999688 0.00032015799661167 0.000266102986643091 0.000149687999510206 6.19553975411691e-05 2.55537997873034e-05 3.80837991542649e-05 1.27253997561638e-05 2.56380008067936e-06 1.28620001760282e-06 8.49388015922159e-07 8.62671015511296e-07 4.92345009206474e-07 1.01785997230763e-06 6.74289026392216e-07 4.83949008867057e-07 1.55508999455378e-07 8.35753013461726e-08 1.08370002749325e-07 1.24067000228933e-07 7.41430028483592e-08 6.78515021945714e-08 1.12902000637405e-07 8.25599002496347e-08 3.95195982605401e-08 2.71472000434869e-08 2.29088996661631e-08 2.64628994273153e-08
0.000119730000733398 0.000119586002256256 0.000118591000500601 8.35367973195389e-05 0.000119110001833178 0.000118891999591142 0.00011956399976043 0.000119618001917843 9.98206014628522e-05 9.4915201771073e-05 9.68015010585077e-05 9.98230971163139e-05 0.000101974001154304 7.31039035599679e-05 0.000102065998362377 0.000121987999591511 0.000148826002259739 0.000161742995260283 0.000218393994146027 0.000102641002740711 0.0001568190054968 0.000182874995516613 0.000150325999129564 0.000190456004929729 0.000327540998114273 0.000125513994134963 7.84498024586355e-06 9.80864024313632e-06 1.17559002319467e-05 7.62879017202067e-06 3.92797983295168e-06 1.7422499922759e-06 7.3242301823484e-07 8.13556027878803e-07 3.8823100112495e-06 7.00265991326887e-06 1.77026004166692e-06 3.34844003191392e-07 2.1098999525293e-07 1.68949995327239e-07 1.22022001391997e-07 5.84940984538207e-08 8.4079701423434e-08 1.32226006144265e-07 1.97114005118237e-07 9.95410971427191e-08 4.10691001206942e-08 5.14059017575619e-08 7.18831998369751e-08
0.000119723998068366 0.000455005007097498 0.000117390998639166 0.000117328003398143 0.000117481002234854 0.000117456998850685 0.000118165000458248 8.32306031952612e-05 9.29165034904145e-05 9.46410000324249e-05 9.59742974373512e-05 9.65884028119035e-05 9.87602034001611e-05 0.000102446996606886 0.000104949998785742 0.00012768100714311 0.000151879998156801 0.000163703996804543 0.000142429998959415 0.000127285005874 0.000121550001495052 0.000151055006426759 0.000105560997326393 0.000339179998263717 0.000210687998333015 0.00037611898733303 0.000399368000216782 7.6805503340438e-05 1.03623997347313e-05 7.99716963229002e-06 2.69294991994684e-06 1.05618994439283e-06 7.08993979969819e-07 1.79240998932073e-06 8.1817797763506e-06 2.70465006906306e-05 3.26481995216454e-06 9.53887024479627e-07 1.93746004129025e-07 1.40511005497501e-07 1.06816003153654e-07 5.2821800267111e-08 5.3293298662993e-08 1.00809998571094e-07 2.07824001563495e-07 1.95897001731282e-07 8.57252970831723e-08 1.10130997654778e-07 5.00415993087699e-08
0.000117119998321868 0.000447450991487131 0.000116707997221965 0.000117119998321868 0.000117048002721276 0.000115870003355667 0.000114756003313232 9.43284976528957e-05 9.11941970116459e-05 9.21548999031074e-05 9.35088974074461e-05 9.42417027545162e-05 9.52933987719007e-05 0.000119734002510086 0.00010333200043533 0.000110244000097737 0.00011687300138874 0.000170750005054288 0.000123507998068817 0.00011206299677724 0.000124268000945449 0.000153461995068938 0.000304462009808049 9.82030978775583e-05 0.000213285995414481 0.000247874995693564 0.000259614986134693 0.000412229011999443 0.000288565992377698 0.000193583997315727 3.39674006681889e-05 4.85293003293918e-06 2.08865003514802e-06 1.22442997962935e-05 4.12998015235644e-05 3.23095991916489e-05 4.48934997621109e-06 2.13946009353094e-06 1.3131400464772e-06 6.17731018337508e-07 1.09994999775154e-07 6.14170971857675e-08 5.73698990535831e-08 8.95644021170483e-08 1.41843003120812e-07 2.762049859939e-07 2.99590993790844e-07 1.41320001034728e-07 1.90440005098935e-07
0.000115476002974901 0.000115308997919783 0.000115552997158375 0.000115634000394493 0.000115069997264072 0.000114606998977251 9.2486799985636e-05 9.03128020581789e-05 6.31775983492844e-05 9.98089017230086e-05 0.00010881399794016 6.32457013125531e-05 9.45541978580877e-05 9.68605963862501e-05 0.000100204000773374 0.000104496997664683 0.000109339998743962 0.000112729001557454 0.000113750000309665 6.76494018989615e-05 0.000106669001979753 0.000116570998216048 0.000181099996552803 0.000104842001746874 0.000114782000309788 0.000206201002583839 0.000238079999689944 0.00024631799897179 0.000295031000860035 0.000356286996975541 0.000141847005579621 2.21071004489204e-05 2.82065993815195e-05 2.76908995147096e-05 8.3503698988352e-05 2.78541992884129e-05 2.62753001152305e-05 1.35013997351052e-05 6.91796003593481e-06 1.44756995723583e-06 6.18337992364104e-07 3.02397012319489e-07 1.13035000026684e-07 2.1724099497078e-07 3.15964996389084e-07 3.83548012905521e-07 4.48269986463856e-07 4.88560999656329e-07 3.08440007756872e-07
0.000113431000499986 0.000112777001049835 0.000112661000457592 0.000112904999696184 9.61804034886882e-05 9.23671977943741e-05 6.45574982627295e-05 9.61334008025005e-05 7.9341400123667e-05 7.82170973252505e-05 8.10001001809724e-05 8.73220997164026e-05 8.99783990462311e-05 9.53257986111566e-05 9.89373002084903e-05 0.000102468999102712 0.000129478998132981 0.000107079998997506 0.000109036001958884 0.000114975999167655 8.64708999870345e-05 0.000119021999125835 7.14396010152996e-05 0.000159076997078955 0.000156702997628599 0.000130625994643196 0.000153542001498863 0.000109291999251582 0.000138849005452357 0.000222792994463816 0.000205449003260583 0.00017907599976752 0.000109827997221146 9.150079858955e-05 8.55800972203724e-05 8.88372014742345e-05 3.1663501431467e-05 1.17678000606247e-05 6.28439011052251e-06 3.0055200568313e-06 1.96617997971771e-06 5.9128899465577e-07 1.10141996856328e-07 1.2439200247627e-07 2.42129999605822e-07 2.5955199589589e-07 1.28961005430028e-07 1.05307996989268e-07 6.91011976527989e-08
0.000110275999759324 9.89527979982086e-05 9.10739981918596e-05 9.12016985239461e-05 9.06205023056827e-05 6.34855023236014e-05 7.95161031419411e-05 7.88270990597084e-05 7.88374018156901e-05 7.97788015916012e-05 9.06412024050951e-05 0.000106086998130195 0.000104029997601174 9.93624998955056e-05 9.80053009698167e-05 0.000101099001767579 0.000104254002508242 0.00010472100257175 0.000106225998024456 0.000105557999631856 0.00021304699475877 5.91132993577048e-05 0.000165427001775242 0.000122060002468061 8.90223018359393e-05 0.000121664998005144 0.000125820995890535 0.000130842003272846 9.36900032684207e-05 0.000184681004611775 0.000224571005674079 0.000158101000124589 0.00018703899695538 9.96341987047344e-05 0.000119169002573472 8.00357011030428e-05 4.94769992656074e-05 1.80102997546783e-05 3.52772008227475e-06 1.55051998262934e-06 1.19056005587481e-06 1.19638002615829e-06 4.62027003322873e-07 1.53659996726674e-07 2.28874995400474e-07 1.96830001186754e-07 1.37943004574481e-07 3.12986003336846e-07 4.31086988328389e-07
9.07482972252183e-05 9.10000017029233e-05 6.37682023807429e-05 6.33888994343579e-05 7.68777972552925e-05 0.000101835001260042 7.74419968365692e-05 7.85446027293801e-05 7.87371973274276e-05 9.40860991249792e-05 0.000218383996980265 0.00018841000564862 0.000111804001790006 0.000103739999758545 0.000107227002445143 0.000105343999166507 0.000101454003015533 0.000102054997114465 7.31510008336045e-05 7.55332002881914e-05 0.000196224005776457 8.0363497545477e-05 0.00015767700097058 8.77829006640241e-05 0.000169954000739381 7.19758027116768e-05 8.14049999462441e-05 0.000109988002805039 0.000142983000841923 0.00017643699538894 0.000213931998587213 0.000201507995370775 0.000193251005839556 0.000352734990883619 9.19067970244214e-05 0.000115317998279352 6.56444026390091e-05 4.26970000262372e-05 1.71875999512849e-05 6.85253007759457e-06 2.83418989965867e-06 1.33693004045199e-06 6.40376015326183e-07 2.83992989125181e-07 2.77075002941274e-07 2.46408006887577e-07 3.54695004034511e-07 2.14313999435944e-07 5.06595995375392e-07
8.98665020940825e-05 9.05611013877206e-05 6.32113005849533e-05 0.000115410999569576 0.000320752005791292 0.000142122997203842 8.27701005619019e-05 8.07652031653561e-05 8.08037002570927e-05 9.26198990782723e-05 0.00019386199710425 0.000223965995246544 0.000173459993675351 0.000102992002211977 0.000105548999272287 0.000109312997665256 0.00010265000310028 9.96236994978972e-05 0.000101894998806529 0.000105304003227502 0.000111184002889786 0.000156173002324067 5.68442992516793e-05 0.000149439001688734 0.000151088999700733 0.000101983001513872 0.000131552995298989 0.000159429997438565 0.000178337999386713 0.000147390004713088 0.000205828997422941 0.000333147996570915 0.000305691006360576 0.000197410001419485 0.000129295993247069 0.000104596001619939 8.2010701589752e-05 3.53989998984616e-05 1.84660002560122e-05 6.95402013661806e-06 4.38031020166818e-06 9.96129983832361e-06 5.8057398746314e-06 1.909080083351e-06 1.90478999684274e-06 6.97868017596193e-07 4.97124005960359e-07 1.14420004138083e-06 1.18461002784898e-06
6.2956300098449e-05 6.23275991529226e-05 0.000459648988908157 0.000967812025919557 0.000214037005207501 0.000316407007630914 9.8046803032048e-05 8.91902018338442e-05 6.26866021775641e-05 0.000339530000928789 0.000103797996416688 0.000175460998434573 0.000142899007187225 9.26677021197975e-05 9.33038027142175e-05 9.66493971645832e-05 9.30258029256947e-05 0.000106712002889253 0.000103568003396504 0.000103625003248453 0.000105904000520241 7.60830007493496e-05 8.03782968432643e-05 7.50409017200582e-05 0.000139946001581848 0.000130957996589132 0.000161292002303526 0.000229609999223612 0.000154073000885546 0.000133232999360189 0.000150545994983986 0.000290649011731148 0.000150802006828599 0.000145003999932669 0.000109405998955481 6.47597989882343e-05 5.47234994883183e-05 5.15223000547849e-05 3.50086993421428e-05 1.89747006515972e-05 6.55159965390339e-05 0.000922040024306625 0.000152787994011305 1.21033999676001e-05 8.5971496446291e-06 3.1136598863668e-06 2.64231994151487e-06 9.05914021132048e-06 3.41435998052475e-06
8.85803965502419e-05 8.67923008627258e-05 0.000930641021113843 0.00116741005331278 0.00115512998308986 0.000312587013468146 9.44178027566522e-05 8.83825996425003e-05 8.82028034538962e-05 8.94245022209361e-05 9.02874016901478e-05 8.9154600573238e-05 8.42045992612839e-05 9.04198022908531e-05 9.1109199274797e-05 8.98697035154328e-05 0.000105238003015984 0.000162384007126093 0.000112248002551496 0.00010191500041401 7.17127986717969e-05 7.29419989511371e-05 0.000194199004909024 6.05275999987498e-05 0.000162513999384828 0.000146474994835444 0.00013456899614539 9.76996016106568e-05 0.000125577003927901 0.000134722999064252 0.000155703004566021 0.000177962007001042 0.00013409300299827 0.000142453005537391 7.3098301072605e-05 6.52767994324677e-05 5.93098993704189e-05 6.41793012619019e-05 5.10272002429701e-05 5.50106014998164e-05 0.000148859006003477 0.00083227502182126 0.000305366993416101 3.25449982483406e-05 1.01956002254155e-05 8.2838696471299e-06 8.20488003228093e-06 8.91878971742699e-06 1.07084997580387e-06
8.81040978129022e-05 0.000165627003298141 0.00110891996882856 0.00113588001113385 0.00030641199555248 0.000220179004827514 8.44497990328819e-05 8.41767032397911e-05 8.4576902736444e-05 8.87261994648725e-05 8.92707030288875e-05 8.68342976900749e-05 8.14170998637564e-05 8.67820999701507e-05 9.08849033294246e-05 9.08904985408299e-05 0.000141840995638631 0.00015130199608393 0.000111398003355134 0.000107198997284286 0.000103732003481127 7.35010034986772e-05 0.000103828002465889 0.000177098001586273 7.15807982487604e-05 0.000168511003721505 0.00013078999472782 0.000105676001112442 7.74311993154697e-05 0.000105450002592988 0.000140806994750164 0.000117452000267804 9.27201035665348e-05 7.97223983681761e-05 6.66413034196012e-05 8.77822021720931e-05 0.00010188599844696 0.000114914997539017 9.66048974078149e-05 0.000115770999400411 0.000244413007749245 0.000922068022191525 0.00105314003303647 8.20665009086952e-05 6.13888005318586e-06 3.22244000017236e-06 3.79608991352143e-06 3.27500993080321e-06 9.19430021895096e-07
0.000187045996426605 0.000202609997359104 0.000206387994694524 0.000209571997402236 0.000214860992855392 8.89935981831513e-05 7.71139966673218e-05 7.80273985583335e-05 7.85688971518539e-05 8.39282001834363e-05 8.79209983395413e-05 8.53023011586629e-05 7.86181990406476e-05 8.59279025462456e-05 6.3924198911991e-05 6.37776029179804e-05 9.84716971288435e-05 0.00044624600559473 0.000109808999695815 0.000115575996460393 0.00011238300066907 0.000102837002486922 0.000101072997495066 7.03785990481265e-05 0.000168844999279827 6.42637969576754e-05 9.37289005378261e-05 9.11907991394401e-05 0.000184086005901918 0.000132109998958185 0.000142549994052388 0.000139922995003872 7.65489021432586e-05 0.000116868999612052 0.000229119003051892 0.000135234993649647 0.000131816006614827 0.000163524004165083 0.000136814996949397 0.000120235003123526 0.000133655004901811 0.000500350026413798 0.000485002005007118 5.24306014995091e-05 1.46409001899883e-05 5.53577001483063e-06 2.45597993853153e-06 1.50271000620705e-06 1.13810995117092e-06
0.000124807003885508 0.000170975006767549 0.000122116995044053 0.000175427994690835 0.000104464998003095 7.86668024375103e-05 7.66821976867504e-05 7.74232030380517e-05 7.80675036367029e-05 7.96849999460392e-05 8.81762971403077e-05 0.000101447003544308 7.57576999603771e-05 8.03401999291964e-05 8.50838987389579e-05 6.07973015576135e-05 0.000106366998807061 0.000112688001536299 0.000112825997348409 0.000118276999273803 0.000111964000097942 0.000102796999271959 0.000101958998129703 9.95908994809724e-05 7.0601498009637e-05 6.64265971863642e-05 7.55642977310345e-05 0.000105462000647094 7.35499997972511e-05 8.09745979495347e-05 0.000136860995553434 0.000126925995573401 0.000142053002491593 0.000110419998236466 0.000159129005623981 0.000281901011476293 0.000127218998386525 8.00124980742112e-05 8.49154966999777e-05 8.03782968432643e-05 8.1748999946285e-05 0.000173883003299125 0.000118329997349065 4.31879998359364e-05 2.92244003503583e-05 1.25000997286406e-05 5.51145012650522e-06 1.74323997725878e-06 1.50696996570332e-06
