rodentData/rasterBestModels/Bandicota_RDbal_RM2.asc
NCOLS 409 
NROWS 350 
XLLCORNER 60.897278365 
YLLCORNER 5.843756025 
CELLSIZE 0.0892857 
NODATA_value -3.4e+38 
[rows 44 to 65 of 350, columns 98 to 146 of 409]
-3.4e+38 -3.4e+38 -3.4e+38 -3.4e+38 3.76950993086211e-05 8.66904010763392e-05 2.65486996795516e-05 3.67901011486538e-05 3.84466984542087e-05 4.00339995394461e-05 3.99197015212849e-05 5.70640004298184e-05 6.07159017818049e-05 6.29501009825617e-05 6.27518966211937e-05 5.99371996941045e-05 4.80275994050317e-05 4.47443999291863e-05 4.34212997788563e-05 4.46002013632096e-05 6.24636013526469e-05 5.34797982254531e-05 5.83649998588953e-05 9.02644023881294e-05 5.89084011153318e-05 0.000146185993799008 0.000144128003739752 5.68284012842923e-05 0.000138889998197556 5.49151009181514e-05 5.50928016309626e-05 5.42173002031632e-05 5.3648000175599e-05 5.26525000168476e-05 6.9148802140262e-05 5.14146995556075e-05 6.86283019604161e-05 5.21241017850116e-05 7.8633202065248e-05 9.11246024770662e-05 0.000124865997349843 6.98768999427557e-05 7.09090018062852e-05 7.14987982064486e-05 8.73043973115273e-05 5.75152989767957e-05 5.71901000512298e-05 5.71117998333648e-05 9.07638022908941e-05
2.49143995461054e-05 3.08779999613762e-05 2.52583995461464e-05 2.33997998293489e-05 3.09321985696442e-05 3.30492002831306e-05 3.60999983968213e-05 4.86637982248794e-05 4.03287995141e-05 4.61078016087413e-05 0.000106145998870488 6.17011974100024e-05 7.12245018803515e-05 5.3849598771194e-05 6.27344998065382e-05 6.01179999648593e-05 5.50789009139407e-05 5.56316990696359e-05 4.68174985144287e-05 6.12677977187559e-05 5.38890999450814e-05 5.51353987248149e-05 0.000142885997775011 8.69240975589491e-05 5.68957002542447e-05 5.61363995075226e-05 5.58280989935156e-05 5.47097988601308e-05 5.36691986781079e-05 5.3212799684843e-05 5.26953990629409e-05 5.29290009581018e-05 6.92731991875917e-05 0.000128878993564285 6.86459025018848e-05 5.0738100981107e-05 6.82508034515195e-05 6.95760973030701e-05 5.24132010468747e-05 5.44797003385611e-05 6.66277992422692e-05 6.85722989146598e-05 6.80008015478961e-05 6.8201101385057e-05 8.73918033903465e-05 5.49368996871635e-05 5.64043002668768e-05 5.46180999663193e-05 7.97700995462947e-05
2.03833005798515e-05 1.90162991202669e-05 3.08125017909333e-05 2.18518998735817e-05 3.05140001728432e-05 3.32255985995289e-05 2.89820000034524e-05 3.77856013074052e-05 4.49081999249756e-05 5.23382987012155e-05 5.4955900850473e-05 9.79562973952852e-05 5.26158983120695e-05 8.83683023857884e-05 4.70220002171118e-05 5.84898007218726e-05 5.41685985808726e-05 5.1953498768853e-05 8.19456981844269e-05 5.39493012183812e-05 8.742500358494e-05 9.89117033896036e-05 5.56382001377642e-05 5.56738996237982e-05 5.49346004845574e-05 5.42886991752312e-05 5.42388006579131e-05 5.3027401008876e-05 5.18995984748472e-05 5.1641898608068e-05 6.86239000060596e-05 6.91825989633799e-05 5.05308016727213e-05 6.73897011438385e-05 6.63629034534097e-05 0.000124187994515523 6.71536035952158e-05 5.11621001351159e-05 6.84627011651173e-05 6.2147002608981e-05 6.63477985654026e-05 6.55269977869466e-05 6.51902009849437e-05 6.45117979729548e-05 6.48771019768901e-05 7.04320991644636e-05 7.70647966419347e-05 7.05456986906938e-05 5.63212015549652e-05
3.42040984833147e-05 2.21671998588135e-05 5.03285009472165e-05 3.00726005662e-05 2.17802007682621e-05 3.08497983496636e-05 3.52237002516631e-05 3.90776003769133e-05 4.79090012959205e-05 5.35666003997903e-05 4.91149003210012e-05 0.000127042992971838 8.49276984808967e-05 7.86087985034101e-05 4.64678014395759e-05 4.7743600589456e-05 4.49424005637411e-05 5.04894996993244e-05 6.68514985591173e-05 5.56701997993514e-05 0.000101400000858121 5.37320011062548e-05 5.08031989738811e-05 6.97822033544071e-05 5.35118997504469e-05 6.91800014465116e-05 6.84959013597108e-05 6.82879035593942e-05 4.98248009535018e-05 0.000123806996271014 4.99255002068821e-05 5.0543800170999e-05 5.01018985232804e-05 4.88375007989816e-05 4.84634001622908e-05 0.000120502998470329 4.90810998599045e-05 4.95911008329131e-05 6.69419023324735e-05 5.9615500504151e-05 6.44754036329687e-05 6.44679967081174e-05 6.4460196881555e-05 6.32356968708336e-05 6.86319035594352e-05 0.00010720099817263 7.61513001634739e-05 7.7710603363812e-05 7.78902976890095e-05
1.3531799595512e-05 1.37077004183084e-05 2.12095001188572e-05 2.69629999820609e-05 3.31636983901262e-05 2.83790996036259e-05 2.58847994700773e-05 3.59758996637538e-05 4.26203005190473e-05 4.65619013994001e-05 3.81229983759113e-05 3.50795016856864e-05 4.79080990771763e-05 5.6187498557847e-05 4.78063011541963e-05 5.49469004909042e-05 5.84945992159192e-05 5.00755995744839e-05 6.5673899371177e-05 0.000140770003781654 7.60014008847065e-05 4.65539997094311e-05 4.82417017337866e-05 4.96255015605129e-05 5.0693801313173e-05 4.97838009323459e-05 4.95741005579475e-05 6.5586697019171e-05 0.000119169002573472 4.73707004857715e-05 4.78670990560204e-05 4.77210996905342e-05 4.65142984467093e-05 4.58567010355182e-05 4.66156016045716e-05 4.75609012937639e-05 4.82130017189775e-05 4.85724012833089e-05 6.66917985654436e-05 7.44432036299258e-05 6.33723975624889e-05 0.000159907998749986 6.15742974332534e-05 8.4600796981249e-05 7.54403008613735e-05 7.58397000026889e-05 7.48224993003532e-05 7.40964969736524e-05 0.000104389997432008
1.04388000181643e-05 1.57948998094071e-05 2.11917995329713e-05 2.54326005233452e-05 6.43352977931499e-05 2.84288998955162e-05 3.66657004633453e-05 4.42681994172744e-05 4.00899007217959e-05 3.4227101423312e-05 3.51419985236134e-05 3.5289500374347e-05 3.50156988133676e-05 7.9953097156249e-05 4.86796998302452e-05 5.7008601288544e-05 5.66044982406311e-05 4.96409011248033e-05 0.000143971003126353 5.88365983276162e-05 7.87770986789837e-05 4.61866984551307e-05 4.61607014585752e-05 4.95519016112667e-05 0.000122684999951161 4.71183011541143e-05 4.58297981822398e-05 0.000112390996946488 0.000110442997538485 0.000110936001874506 4.47614002041519e-05 4.35270012530964e-05 0.000110756998765282 4.65771991002839e-05 5.08324010297656e-05 5.40418986929581e-05 5.44748982065357e-05 5.52722012798768e-05 5.70625998079777e-05 8.21050998638384e-05 8.31992001621984e-05 6.40721991658211e-05 6.37502016616054e-05 0.000111490997369401 7.09310988895595e-05 0.000102154001069721 7.19583986210637e-05 0.000101773002825212 7.19527015462518e-05
1.2265600162209e-05 1.35609998324071e-05 2.11588994716294e-05 1.94604999705916e-05 2.34967992582824e-05 3.37907986249775e-05 3.80460005544592e-05 3.54719013557769e-05 3.19860992021859e-05 3.62630016752519e-05 3.48171997757163e-05 4.30362015322316e-05 3.45055013895035e-05 4.55879016953986e-05 4.77963003504556e-05 5.6874101574067e-05 5.62273016839754e-05 4.70535997010302e-05 6.54550967738032e-05 0.000103566999314353 9.66630032053217e-05 4.66694982605986e-05 4.61452000308782e-05 4.88426012452692e-05 4.49305989604909e-05 5.55154983885586e-05 6.146830128273e-05 4.00024000555277e-05 9.99245967250317e-05 4.208839891362e-05 4.51283012807835e-05 4.68891012133099e-05 5.00511996506248e-05 7.5296797149349e-05 5.92067990510259e-05 6.12868025200441e-05 6.17187033640221e-05 0.000110266999399755 9.0863301011268e-05 8.97119025466964e-05 8.94882978172973e-05 9.27490982576273e-05 9.25444983295165e-05 6.53937968309037e-05 9.27307992242277e-05 9.72460984485224e-05 0.000100197001302149 0.000100906996522099 0.000100324003142305
1.13743999463622e-05 1.39636003950727e-05 4.0059101593215e-05 2.36116993619362e-05 2.81463999272091e-05 2.54197002504952e-05 3.36992015945725e-05 3.090580139542e-05 3.38128011208028e-05 4.06317012675572e-05 3.40428014169447e-05 3.42849998560268e-05 3.32562995026819e-05 4.31662992923521e-05 6.39103018329479e-05 4.37611997767817e-05 4.49776016466785e-05 5.61958986509126e-05 5.02969014632981e-05 0.000102516998595092 9.49219975154847e-05 0.000118404001113959 4.62345014966559e-05 6.15052995271981e-05 4.56699999631383e-05 4.05674982175697e-05 3.9884998841444e-05 3.99794007535093e-05 4.19723000959493e-05 4.67362006020267e-05 5.02676011819858e-05 5.22816990269348e-05 6.48495988571085e-05 5.76525017095264e-05 6.09257986070588e-05 8.95111006684601e-05 9.1476998932194e-05 9.32463008211926e-05 9.30905007408001e-05 9.1828202130273e-05 6.44355022814125e-05 6.45219988655299e-05 9.12688992684707e-05 9.08060974325053e-05 9.09954032977112e-05 6.44531028228812e-05 9.57469965214841e-05 0.000100133998785168 7.39536990295164e-05
1.51595995703246e-05 3.68260007235222e-05 4.74105981993489e-05 2.51544006459881e-05 2.97508995572571e-05 3.42079001711681e-05 2.99992007057881e-05 4.10011016356293e-05 4.16299990320113e-05 3.50476984749548e-05 3.41896011377685e-05 4.09931999456603e-05 3.20930994348601e-05 4.37300986959599e-05 4.43924000137486e-05 5.15948013344314e-05 4.17894989368506e-05 4.5133401727071e-05 5.14599996677134e-05 9.77324016275816e-05 4.98584995511919e-05 4.65359007648658e-05 4.65422999695875e-05 0.000117363000754267 6.0258200392127e-05 4.75835004181135e-05 4.60625997220632e-05 4.61324016214348e-05 6.52595990686677e-05 6.89161024638452e-05 6.99087977409363e-05 5.2720799430972e-05 9.46306026889943e-05 8.89516013558023e-05 6.42369996057823e-05 9.26150969462469e-05 9.33374030864798e-05 9.25831991480663e-05 9.1615402197931e-05 9.08653964870609e-05 8.99375008884817e-05 8.93559990799986e-05 8.94541008165106e-05 9.0062698291149e-05 9.06595014384948e-05 9.2380098067224e-05 6.94468981237151e-05 7.94521984062158e-05 0.000116429997433443
1.73208009073278e-05 1.83878000825644e-05 2.00114991457667e-05 2.5996399926953e-05 2.43521008087555e-05 3.62022001354489e-05 4.11828004871495e-05 3.365809971001e-05 4.37964008597191e-05 4.4193300709594e-05 4.29056999564636e-05 3.3464100852143e-05 3.05788016703445e-05 3.18749989673961e-05 5.10231002408545e-05 4.22750017605722e-05 4.23767014581244e-05 7.0819201937411e-05 7.93411963968538e-05 5.38245003554039e-05 6.51808004477061e-05 4.68711004941724e-05 4.73323016194627e-05 4.64545992144849e-05 4.5952299842611e-05 0.000117039002361707 0.000117048002721276 0.000124483995023184 0.00012895799591206 5.17871012561955e-05 5.33843995071948e-05 8.82020976860076e-05 8.94772965693846e-05 9.21137980185449e-05 9.17826982913539e-05 9.19094964046963e-05 6.48338027531281e-05 9.15912969503552e-05 6.41596998320892e-05 8.9826098701451e-05 8.94183976924978e-05 8.89048023964278e-05 8.85460030985996e-05 8.9722299890127e-05 6.38201963738538e-05 8.08023032732308e-05 0.000115513998025563 0.000119889002235141 0.000120185002742801
2.32717993640108e-05 2.13891999010229e-05 2.24088998947991e-05 2.6924799385597e-05 2.92315999104176e-05 4.1642299038358e-05 3.40330989274662e-05 3.56679011019878e-05 3.64221014024224e-05 3.61827005690429e-05 4.27507002314087e-05 4.15463982790243e-05 4.90841994178481e-05 3.16849000228103e-05 3.07148002320901e-05 3.26203007716686e-05 4.9482099711895e-05 5.68858995393384e-05 4.04249003622681e-05 6.73518006806262e-05 4.66417004645336e-05 6.67515996610746e-05 6.57413984299637e-05 4.57355017715599e-05 4.58508002338931e-05 4.59842012787703e-05 4.56271991424728e-05 4.59071998193394e-05 6.19515994912945e-05 5.23400012752973e-05 8.96117999218404e-05 9.15173004614189e-05 9.03000982361846e-05 8.93199976417236e-05 9.02207975741476e-05 6.38985002296977e-05 8.9830398792401e-05 8.93768010428175e-05 8.95202028914355e-05 6.31602015346289e-05 8.85912013472989e-05 6.29392015980557e-05 8.50681026349775e-05 8.52986995596439e-05 8.52189987199381e-05 6.98822987033054e-05 8.32547011668794e-05 0.000117151997983456 0.00011971200001426
2.26328993448988e-05 2.7269299607724e-05 2.82609998976113e-05 3.41244012815878e-05 4.15579015680123e-05 3.45986009051558e-05 4.94484011142049e-05 3.64904990419745e-05 3.63541003025603e-05 4.35414985986426e-05 4.27378981839865e-05 4.19399002566934e-05 3.40381993737537e-05 4.08386003982741e-05 4.00431999878492e-05 4.86862008983735e-05 3.90390996471979e-05 6.97795985615812e-05 3.35350014211144e-05 4.58278991573025e-05 4.34575013059657e-05 4.53618013125379e-05 4.53957982244901e-05 6.46293992758729e-05 4.55986009910703e-05 4.55515983048826e-05 4.45984005637001e-05 4.38444003520999e-05 4.42335003754124e-05 8.37344996398315e-05 9.07802968868054e-05 8.90852024895139e-05 8.83387983776629e-05 8.75425976119004e-05 8.7858599727042e-05 6.24349995632656e-05 8.83852990227751e-05 8.7699998402968e-05 8.75072000781074e-05 6.17643017903902e-05 8.73175013111904e-05 8.43074012664147e-05 8.3562801592052e-05 8.37479965412058e-05 8.38277992443182e-05 9.20477032195777e-05 0.000116315997729544 0.000116354996862356 0.000116784001875203
1.35354002850363e-05 3.15204015350901e-05 2.35168008657638e-05 3.0712501029484e-05 3.96752002416179e-05 4.07152001571376e-05 3.47234999935608e-05 3.46273991453927e-05 5.41230983799323e-05 4.31055996159557e-05 3.50791015080176e-05 4.23501987825148e-05 3.46605993399862e-05 3.49285000993405e-05 5.08373013872188e-05 5.75970007048454e-05 4.12629015045241e-05 3.30691982526332e-05 4.55184999736957e-05 3.12166994262952e-05 3.14073986373842e-05 3.13333002850413e-05 4.47208985860925e-05 4.31020998803433e-05 4.54764012829401e-05 4.4853899453301e-05 4.38645001850091e-05 5.16297004651278e-05 4.33651985076722e-05 6.89411026542075e-05 6.27866029390134e-05 8.64308967720717e-05 8.58790008351207e-05 8.62968008732423e-05 6.04876004217658e-05 6.14275995758362e-05 6.17767000221647e-05 6.16640973021276e-05 8.70112999109551e-05 6.20901992078871e-05 8.29717027954757e-05 8.11685022199526e-05 8.07290998636745e-05 8.28065967652947e-05 8.38284977362491e-05 8.41707005747594e-05 9.3549802841153e-05 0.000115333001303952 0.000114597998617683
9.95306982076727e-06 1.31699998746626e-05 1.9157700080541e-05 2.60940996668069e-05 3.67395005014259e-05 4.02113983000163e-05 4.15288013755344e-05 3.44791988027282e-05 3.48317989846691e-05 4.26061014877632e-05 4.26785009040032e-05 4.25364014517982e-05 4.19911011704244e-05 5.02598995808512e-05 5.70701995457057e-05 4.11754990636837e-05 4.81774986837991e-05 3.8834801671328e-05 4.47915990662295e-05 4.31742009823211e-05 3.71880014427006e-05 3.08736998704262e-05 3.08474991470575e-05 3.76780990336556e-05 3.08191993099172e-05 4.95314998261165e-05 4.30820000474341e-05 4.27297018177342e-05 5.23511007486377e-05 7.98627006588504e-05 6.13260999671184e-05 8.60903965076432e-05 8.44680980662815e-05 5.94548982917331e-05 6.04191991442349e-05 8.39782005641609e-05 8.42801018734463e-05 5.9974001487717e-05 8.59365027281456e-05 8.23935988591984e-05 8.11222998891026e-05 8.04435985628515e-05 7.99765984993428e-05 8.05501986178569e-05 8.1442398368381e-05 8.22203001007438e-05 9.21359023777768e-05 0.00011480700050015 0.000113205001980532
7.67411984270439e-06 7.36489982955391e-06 8.64138019096572e-06 2.10147991310805e-05 3.64687002729625e-05 3.90696986869443e-05 3.31154988089111e-05 4.17490991821978e-05 4.135910057812e-05 5.28234995726962e-05 5.3774598200107e-05 4.28224011557177e-05 3.53126997651998e-05 5.03531009599101e-05 7.25126010365784e-05 5.17980006407015e-05 4.58698013972025e-05 3.20323997584637e-05 3.16543009830639e-05 3.07068985421211e-05 3.0633200367447e-05 3.67333996109664e-05 3.67702996300068e-05 3.69539011444431e-05 3.68854016414843e-05 3.63764011126477e-05 4.78373985970393e-05 5.0228900363436e-05 5.2365201554494e-05 8.0309298937209e-05 7.8392396972049e-05 5.7628200011095e-05 8.30627977848053e-05 8.25109964353032e-05 5.82723005209118e-05 8.29782002256252e-05 5.64746005693451e-05 7.77383029344492e-05 5.55732985958457e-05 7.96157983131707e-05 5.64047986699734e-05 5.65287009521853e-05 8.19218985270709e-05 5.77536011405755e-05 8.28810007078573e-05 9.27782020880841e-05 9.20583988772705e-05 9.81460980256088e-05 0.000111039997136686
6.57302007311955e-06 5.36637980985688e-06 7.84294024924748e-06 1.87331006600289e-05 3.33378011418972e-05 3.21980987791903e-05 3.24961001751944e-05 4.10354004998226e-05 3.37698002113029e-05 5.21297988598235e-05 4.18523995904252e-05 3.48139001289383e-05 5.0528298743302e-05 5.00034002470784e-05 4.04048987547867e-05 5.01116010127589e-05 3.19173996103927e-05 3.10598989017308e-05 3.10852010443341e-05 3.05512003251351e-05 3.05108005704824e-05 2.98655995720765e-05 3.69178997061681e-05 3.68319997505751e-05 2.96906000585295e-05 3.59303012373857e-05 3.59838013537228e-05 3.57434000761714e-05 7.74107029428706e-05 5.63233988941647e-05 7.88445977377705e-05 7.73200008552521e-05 5.58688989258371e-05 5.66378002986312e-05 5.39128013770096e-05 7.66449011280201e-05 5.46629016753286e-05 5.55504993826617e-05 7.88608012953773e-05 8.35989994811825e-05 5.99843006057199e-05 5.78614017285872e-05 9.12577015697025e-05 9.06782006495632e-05 9.04706976143643e-05 9.15802011149935e-05 9.20363963814452e-05 9.15691998670809e-05 9.05346023500897e-05
5.17180978931719e-06 5.04185982208583e-06 7.83784980740165e-06 2.0484600099735e-05 2.47171992668882e-05 3.1284198485082e-05 3.82627986255102e-05 3.34381984430365e-05 4.15245995100122e-05 3.37409001076594e-05 5.19856985192746e-05 3.46070009982213e-05 5.05243988300208e-05 3.52757997461595e-05 4.77633984701242e-05 4.9619200581219e-05 3.15532997774426e-05 4.39432005805429e-05 3.07892005366739e-05 3.03042997984448e-05 2.9574799555121e-05 2.93822995445225e-05 2.96246998914285e-05 3.64016996172722e-05 3.58705983671825e-05 3.56954988092184e-05 3.61421989509836e-05 3.77188007405493e-05 6.83112011756748e-05 7.28493978385814e-05 5.50803997612093e-05 7.5060102972202e-05 5.12834994879086e-05 5.46709015907254e-05 5.46293013030663e-05 9.4039598479867e-05 5.46187002328224e-05 7.74954023654573e-05 8.36639010231011e-05 7.44595017749816e-05 0.000111082998046186 9.58907985477708e-05 6.45209001959302e-05 9.06443019630387e-05 9.00947998161428e-05 8.98372018127702e-05 9.04956978047267e-05 9.01762032299303e-05 8.93738979357295e-05
7.62572017265484e-06 9.67795040196506e-06 6.7926798692497e-06 1.56404003064381e-05 2.63435995293548e-05 3.38922982336953e-05 3.13148993882351e-05 3.20204017043579e-05 4.05889004468918e-05 3.31023002217989e-05 3.35057011398021e-05 3.43257015629206e-05 3.51185990439262e-05 6.95658018230461e-05 5.36648003617302e-05 4.56843990832567e-05 3.09331007883884e-05 4.31379012297839e-05 4.28835992352106e-05 4.17244991695043e-05 3.48329995176755e-05 3.50998998328578e-05 3.58176985173486e-05 3.59022014890797e-05 3.59020014002454e-05 3.58789984602481e-05 3.69433000741992e-05 6.44898027530871e-05 5.22707996424288e-05 4.86226017528679e-05 7.16095019015484e-05 7.14677007636055e-05 5.16748987138271e-05 5.36018997081555e-05 5.39100983587559e-05 5.46490991837345e-05 5.45422008144669e-05 8.40646025608294e-05 0.000102935002360027 0.000108968997665215 0.00010903299698839 7.74946020101197e-05 8.93967007868923e-05 8.93489996087737e-05 8.95302000571974e-05 8.93351971171796e-05 8.9110602857545e-05 8.97080026334152e-05 8.91767995199189e-05
2.99505995826621e-06 3.89945989809348e-06 5.69495978197665e-06 1.64888006111141e-05 1.93678006326081e-05 2.58417003351497e-05 3.61774982593488e-05 3.7832600355614e-05 3.24924985761754e-05 3.24959983117878e-05 3.32734998664819e-05 4.13878005929291e-05 3.66687017958611e-05 6.77787975291722e-05 4.64602017018478e-05 4.38958995800931e-05 4.32045017078053e-05 4.29522006015759e-05 2.96457001240924e-05 3.46039996657055e-05 3.45576991094276e-05 3.47731984220445e-05 3.52710012521129e-05 2.94714991468936e-05 3.5592198400991e-05 3.5754099371843e-05 4.1749699448701e-05 6.60766017972492e-05 3.71382011508103e-05 5.19474015163723e-05 5.1508399337763e-05 5.123579830979e-05 5.22947011631913e-05 5.36740008101333e-05 7.553039904451e-05 8.22108995635062e-05 8.77350030350499e-05 0.00010065999958897 0.000107915002445225 0.000106740000774153 7.54670036258176e-05 7.54455031710677e-05 6.64495019009337e-05 6.2400198657997e-05 8.82874010130763e-05 8.80419975146651e-05 8.79712970345281e-05 8.87978967512026e-05 8.8633198174648e-05
3.94931021219236e-06 3.86118017559056e-06 4.83608982904116e-06 1.02553003671346e-05 1.80598999577342e-05 2.3141199562815e-05 3.48052999470383e-05 3.02497992379358e-05 3.17636004183441e-05 3.1940100598149e-05 3.26931003655773e-05 3.34057003783528e-05 6.76822019158863e-05 5.07397016917821e-05 4.46505982836243e-05 4.33669010817539e-05 3.01621003018226e-05 2.9827400794602e-05 2.91008000203874e-05 3.38306017511059e-05 2.84323996311286e-05 3.45537009707186e-05 3.43844985764008e-05 3.47300992871169e-05 3.50832015101332e-05 3.50365990016144e-05 4.10780012316536e-05 6.587879761355e-05 3.71558016922791e-05 5.24905990459956e-05 3.67975990229752e-05 7.18390001566149e-05 5.04560011904687e-05 7.53518033889122e-05 7.47496014810167e-05 8.93815013114363e-05 0.000104687002021819 0.000403885002015159 0.000405745988246053 0.000105172999610659 7.43956989026628e-05 7.4775998655241e-05 0.000106396000774112 6.75021001370624e-05 9.38891025725752e-05 6.14071032032371e-05 6.1794497014489e-05 6.23017986072227e-05 8.8644701463636e-05
3.5374000617594e-06 3.85966995963827e-06 5.72016006117337e-06 7.43049986340338e-06 9.88354986475315e-06 1.29358004414826e-05 3.1248498999048e-05 3.53282011928968e-05 3.11051007884089e-05 3.83803999284282e-05 3.89248998544645e-05 3.97381008951925e-05 6.84483966324478e-05 4.87001016153954e-05 4.45373989350628e-05 3.07504014926963e-05 3.03221004287479e-05 2.94944002234843e-05 4.09778986067977e-05 3.35213990183547e-05 2.79915002465714e-05 3.36053017235827e-05 3.401000140002e-05 3.46595988958143e-05 3.45875996572431e-05 3.4357301046839e-05 4.10380016546696e-05 5.18390006618574e-05 3.69117005902808e-05 5.32810990989674e-05 3.66931017197203e-05 7.21602991688997e-05 5.01383001392242e-05 5.06903015775606e-05 5.57306011614855e-05 9.00305021787062e-05 7.25138015695848e-05 0.000102958998468239 0.00010355599806644 0.000104179001937155 0.000104432001535315 0.00010538400238147 0.00010600400128169 0.000104550999822095 9.42067999858409e-05 8.63747991388664e-05 8.64190005813725e-05 8.71373995323665e-05 0.000107697000203189
4.3387699406594e-06 5.53805011804798e-06 5.97510006627999e-06 7.41069015930407e-06 1.01833002190688e-05 1.01320001704153e-05 2.98054001177661e-05 3.31646988342982e-05 2.9997599995113e-05 4.74933003715705e-05 3.10454997816123e-05 3.83451988454908e-05 6.83488979120739e-05 4.82297982671298e-05 4.48442988272291e-05 3.09001989080571e-05 3.0707200494362e-05 4.26877013524063e-05 4.12078989029396e-05 3.3428099413868e-05 2.82138007605681e-05 3.38069003191777e-05 3.38280988216866e-05 3.45250991813373e-05 3.73219991161022e-05 3.83445985789876e-05 4.9024100007955e-05 6.58493008813821e-05 3.72907015844248e-05 3.75790987163782e-05 5.21569018019363e-05 4.86263015773147e-05 5.0939699576702e-05 7.56506997277029e-05 7.95712985564023e-05 5.99566992605105e-05 9.69518005149439e-05 0.000101726996945217 0.000102546997368336 0.000103254002169706 0.000103651997051202 0.000104619000921957 0.000104992002889048 9.21891987673007e-05 8.54480967973359e-05 8.54062018333934e-05 8.60927975736558e-05 8.69732975843363e-05 8.71511001605541e-05
