rodentData/rasterBestModels/Cannomys_RD_BM001_RM2.asc
NCOLS 409 
NROWS 350 
XLLCORNER 60.897278365 
YLLCORNER 5.843756025 
CELLSIZE 0.0892857 
NODATA_value -3.4e+38 
[rows 110 to 131 of 350, columns 49 to 97 of 409]
5.95060992054641e-05 5.69436015211977e-05 5.31151999894064e-05 5.89664996368811e-05 6.1562102928292e-05 5.45010989299044e-05 6.1337799706962e-05 6.31692964816466e-05 5.97047001065221e-05 5.91448988416232e-05 5.33413985976949e-05 5.27568990946747e-05 5.35811996087432e-05 4.83764997625258e-05 4.70468003186397e-05 4.99019988637883e-05 4.93968982482329e-05 5.02383991261013e-05 5.29380013176706e-05 5.1618098950712e-05 0.000124787999084219 4.60560004285071e-05 4.75191991426982e-05 4.41673000750598e-05 4.21947988797911e-05 4.10780994570814e-05 4.26176011387724e-05 4.42523996753152e-05 4.47655984316953e-05 4.44260003860109e-05 4.26365004386753e-05 4.09934000344947e-05 3.87233012588695e-05 3.90386012441013e-05 3.74293995264452e-05 3.53362993337214e-05 3.3665000955807e-05 3.1767300242791e-05 2.74804006039631e-05 2.50687007792294e-05 2.42075002461206e-05 2.36685991694685e-05 2.26914999075234e-05 2.22113994823303e-05 2.12245995498961e-05 2.08963992918143e-05 2.05734995688545e-05 2.03366998903221e-05 2.06977001653286e-05
5.96526006120257e-05 5.66242997592781e-05 5.9382899053162e-05 6.19623024249449e-05 5.68264003959484e-05 5.09841993334703e-05 6.56858974252827e-05 6.17945988778956e-05 5.66027010791004e-05 5.67593997402582e-05 5.17066982865799e-05 5.129490091349e-05 5.38716994924471e-05 5.25719988218043e-05 5.10950012539979e-05 5.01618997077458e-05 4.92213985126e-05 4.80837006762158e-05 5.02785005664919e-05 5.22265981999226e-05 4.7313398681581e-05 4.23837991547771e-05 4.65845987491775e-05 4.21352015109733e-05 4.11795990657993e-05 3.94164999306668e-05 3.77746982849203e-05 4.34981993748806e-05 4.37454000348225e-05 4.29950996476691e-05 4.04579004680272e-05 3.81065983674489e-05 3.68455002899282e-05 3.61716010957025e-05 3.35244985762984e-05 3.29608992615249e-05 3.19645005220082e-05 2.78441002592444e-05 2.57945994235342e-05 2.37240001297323e-05 2.29319994105026e-05 2.32357997447252e-05 2.21590998989996e-05 2.07046996365534e-05 2.00618997041602e-05 2.01452003238956e-05 2.01204002223676e-05 2.06114000320667e-05 2.02283008547965e-05
5.87987015023828e-05 5.87993017688859e-05 6.27546032774262e-05 5.94285993429366e-05 5.04882009408902e-05 5.79951993131544e-05 6.59080978948623e-05 5.98049991822336e-05 5.51978992007207e-05 5.47439012734685e-05 5.75771009607706e-05 5.55785009055398e-05 5.52204983250704e-05 5.1259899919387e-05 5.37447995156981e-05 5.19255008839536e-05 4.99941997986753e-05 4.97246001032181e-05 4.98894987686072e-05 5.16262007295154e-05 4.7168301534839e-05 4.30149993917439e-05 4.53124011983164e-05 4.11508990509901e-05 3.97110015910584e-05 3.87038016924635e-05 4.14706992160063e-05 4.2007101001218e-05 4.19753014284652e-05 4.07494007959031e-05 3.41086997650564e-05 3.73828006559052e-05 3.59320001734886e-05 3.44483996741474e-05 3.16578007186763e-05 2.75564998446498e-05 2.85943006019806e-05 2.43798003793927e-05 2.29871002375148e-05 2.1103000108269e-05 2.11575006687781e-05 2.0764800865436e-05 2.10361995414132e-05 1.97247991309268e-05 1.97874996956671e-05 1.99794994841795e-05 2.00924005184788e-05 2.03794006665703e-05 2.01380007638363e-05
5.82938992010895e-05 6.25722022959962e-05 6.208720151335e-05 5.36746993020643e-05 5.49467986274976e-05 6.6242202592548e-05 6.23384985374287e-05 5.65129994356539e-05 5.66790004086215e-05 5.38079002581071e-05 6.01667998125777e-05 5.4936099331826e-05 5.34661012352444e-05 5.56304985366296e-05 5.30114994035102e-05 4.98156987305265e-05 4.89164012833498e-05 4.85761011077557e-05 4.63251017208677e-05 4.97444016218651e-05 4.98978006362449e-05 4.67423997179139e-05 4.37677990703378e-05 4.04511993110646e-05 4.11895016441122e-05 3.83207989216316e-05 3.61044985766057e-05 3.91637004213408e-05 4.00790013372898e-05 9.1148802312091e-05 3.66663989552762e-05 3.65519990737084e-05 3.42255007126369e-05 3.15741017402615e-05 2.94187993858941e-05 2.97897004202241e-05 2.52091995207593e-05 2.39327000599587e-05 2.16949993046001e-05 2.07691991818137e-05 2.12260001717368e-05 5.40811015525833e-05 1.98692996491445e-05 1.93192008737242e-05 1.92763000086416e-05 1.98174002434826e-05 1.99442001758143e-05 2.01710990950232e-05 1.88434005394811e-05
6.02813997829799e-05 6.33532035863027e-05 5.858880103915e-05 5.38642016181257e-05 6.44894971628673e-05 6.43269013380632e-05 5.73211000300944e-05 5.19884015375283e-05 5.77714999963064e-05 5.66169001103844e-05 5.04710005770903e-05 5.41127992619295e-05 5.37043015356176e-05 5.22754999110475e-05 5.03728988405783e-05 4.84123993373942e-05 4.7203699068632e-05 4.73881991638336e-05 4.64738986920565e-05 4.80718008475378e-05 4.53739012300503e-05 4.71070998173673e-05 4.37095986853819e-05 3.9932900108397e-05 3.70747002307326e-05 3.74962983187288e-05 3.61433994839899e-05 3.77241995010991e-05 3.87477994081564e-05 3.69287990906741e-05 3.60172998625785e-05 3.47897985193413e-05 3.35828008246608e-05 3.16670993925072e-05 3.0428500394919e-05 2.61006007349351e-05 2.3086500732461e-05 2.31119993259199e-05 2.12193008337636e-05 2.07910998142324e-05 2.08181008929387e-05 2.02986993826926e-05 1.92693005374167e-05 1.8927699784399e-05 1.89677994058002e-05 1.87552996067097e-05 1.93393007066334e-05 1.94815002032556e-05 1.85419994522817e-05
6.07957990723662e-05 6.27412009635009e-05 6.01614010520279e-05 6.14739983575419e-05 6.58610006212257e-05 6.13071024417877e-05 5.16129002789967e-05 5.15475985594094e-05 5.58356005058158e-05 5.6720800785115e-05 6.01893007114995e-05 5.28427990502678e-05 5.32224985363428e-05 5.20551984664053e-05 4.85212985950056e-05 4.74539010610897e-05 4.78717010992114e-05 4.57796013506595e-05 4.78621986985672e-05 4.77741996292025e-05 4.09778003813699e-05 4.53655011369847e-05 4.21295990236104e-05 3.89421984436922e-05 3.7863301258767e-05 3.62544014933519e-05 3.68075016012881e-05 3.67143002222292e-05 8.52045995998196e-05 3.43872015946545e-05 3.40473015967291e-05 3.30289003613871e-05 3.21652987622656e-05 3.09602000925224e-05 2.87181992462138e-05 2.38401007663924e-05 2.31520007218933e-05 2.16235002881149e-05 2.03456002054736e-05 1.98397992789978e-05 2.10328998946352e-05 5.301650162437e-05 1.88342000910779e-05 1.87211007869337e-05 1.87518999155145e-05 1.91011004062602e-05 1.89574002433801e-05 1.91595008800505e-05 1.87797995749861e-05
6.13742013229057e-05 6.03289990976918e-05 6.07746987952851e-05 6.22400984866545e-05 6.33712988928892e-05 5.83783985348418e-05 5.26199983141851e-05 5.38964013685472e-05 5.41115005034953e-05 5.50274999113753e-05 4.94121995870955e-05 5.42025991308037e-05 5.51865996385459e-05 5.30309989699163e-05 5.01276990689803e-05 4.70580016553868e-05 4.80710004922003e-05 4.5189601223683e-05 4.63233009213582e-05 4.68047001049854e-05 4.1003200749401e-05 4.4035699829692e-05 4.0513499698136e-05 3.77551987185143e-05 3.69990011677146e-05 3.52606984961312e-05 3.58446995960549e-05 3.55509982910007e-05 8.16777028376237e-05 3.30096991092432e-05 3.26404006045777e-05 3.2366700907005e-05 3.17654994432814e-05 3.05510002363008e-05 2.50044995482313e-05 2.22473991016159e-05 2.24904997594422e-05 2.1714999093092e-05 2.01467992155813e-05 2.00030008272734e-05 2.11544993362622e-05 5.15891988470685e-05 1.89229995157802e-05 1.86526995094027e-05 1.88291996892076e-05 1.8640399503056e-05 1.85903991223313e-05 1.92253992281621e-05 1.90591999853496e-05
6.02750005782582e-05 5.96030004089698e-05 6.04455017310102e-05 6.06309004069772e-05 6.23646992607974e-05 5.86120986554306e-05 5.73551988054533e-05 5.66882008570246e-05 5.5302898545051e-05 5.53782992938068e-05 5.70178017369471e-05 5.38101994607132e-05 5.65226982871536e-05 5.41601002623793e-05 5.14456005475949e-05 4.6919500164222e-05 4.75745000585448e-05 4.65033008367755e-05 4.34530011261813e-05 4.65757984784432e-05 4.53514985565562e-05 4.41996016888879e-05 3.97730982513167e-05 3.45890985045116e-05 3.49244000972249e-05 3.45804983226117e-05 3.50713016814552e-05 3.52788993041031e-05 3.02489006571705e-05 3.15539000439458e-05 3.14489989250433e-05 3.18179008900188e-05 3.12111005769111e-05 3.02636999549577e-05 2.53394991887035e-05 2.38220000028377e-05 2.22201997530647e-05 2.17176002479391e-05 2.00201993720839e-05 2.04618008865509e-05 2.16891003219644e-05 2.01027996808989e-05 1.88138001249172e-05 1.85207991307834e-05 1.84562995855231e-05 1.85824992513517e-05 1.91812996490626e-05 1.93151990970364e-05 1.95550001080846e-05
5.89334013056941e-05 5.87057984375861e-05 5.87596005061641e-05 5.93846016272437e-05 6.09595990681555e-05 5.86032001592685e-05 5.80962005187757e-05 5.68672985536978e-05 5.51560005987994e-05 5.56279010197613e-05 5.80443011131138e-05 5.81226013309788e-05 5.5572199926246e-05 5.27724005223718e-05 4.92891995236278e-05 4.6306198782986e-05 4.60004011983983e-05 4.63051001133863e-05 4.40834010078106e-05 4.35094989370555e-05 4.61509007436689e-05 4.40973999502603e-05 4.12525987485424e-05 3.68578002962749e-05 3.48040011886042e-05 3.39452999469358e-05 3.14993994834367e-05 3.12055999529548e-05 3.22394007525872e-05 3.11976982629858e-05 3.0889601475792e-05 3.13784003083128e-05 3.07326008623932e-05 2.98039994959254e-05 2.92725999315735e-05 2.52804002229823e-05 2.29101005970733e-05 2.15612999454606e-05 2.03693998628296e-05 2.04615007532993e-05 5.40953005838674e-05 1.9649700334412e-05 1.86093002412235e-05 1.83103002200369e-05 1.84566997631919e-05 1.90901992027648e-05 1.92824991245288e-05 1.94989006558899e-05 1.96186992980074e-05
5.71035998291336e-05 5.68286995985545e-05 5.71119999221992e-05 5.90369018027559e-05 5.88147013331763e-05 5.67622009839397e-05 5.55998012714554e-05 5.45160000910982e-05 5.30340003024321e-05 5.73290999454912e-05 5.80220003030263e-05 5.64604997634888e-05 5.39522006874904e-05 5.18544984515756e-05 4.81505012430716e-05 4.52403983217664e-05 4.4383301428752e-05 4.51144987891894e-05 4.48454993602354e-05 3.96862014895305e-05 4.44534016423859e-05 4.33560016972478e-05 4.27392988058273e-05 3.83244005206507e-05 3.68053988495376e-05 3.2034298783401e-05 3.68401997548062e-05 3.17146004817914e-05 7.49191021895967e-05 3.05190988001414e-05 2.75754991889698e-05 3.0857900128467e-05 3.06155016005505e-05 3.00458996207453e-05 2.96832004096359e-05 2.77007002296159e-05 2.27867003559368e-05 2.2481799533125e-05 2.07753000722732e-05 2.04928001039661e-05 5.34948994754814e-05 1.9627099391073e-05 1.83796000783332e-05 1.83256997843273e-05 1.86870001925854e-05 1.90472001122544e-05 1.91466006072005e-05 1.94424992514541e-05 1.94738004211104e-05
5.45551993127447e-05 5.48792013432831e-05 6.38287965557538e-05 5.75146004848648e-05 5.60691005375702e-05 5.43694004591089e-05 5.33158017788082e-05 5.17695007147267e-05 5.23946982866619e-05 5.68143004784361e-05 5.64287984161638e-05 5.12016995344311e-05 5.2372801292222e-05 5.11953985551372e-05 4.869529948337e-05 4.56620000477415e-05 4.4703501771437e-05 4.39264003944118e-05 4.39948998973705e-05 4.30506006523501e-05 4.2001800466096e-05 4.29503015766386e-05 4.22533012169879e-05 3.9940801798366e-05 3.97887015424203e-05 3.22345986205619e-05 3.3693100704113e-05 3.26720983139239e-05 2.96934995276388e-05 2.74014000751777e-05 3.00903993775137e-05 3.07297013932839e-05 3.07886984955985e-05 3.04919994960073e-05 2.90553998638643e-05 2.77483995887451e-05 2.60883007285884e-05 2.45621995418333e-05 2.06873992283363e-05 1.9796600099653e-05 1.99360001715831e-05 5.02211005368736e-05 1.79504004336195e-05 1.86704000952886e-05 1.86875004146714e-05 1.88830999832135e-05 1.90688006114215e-05 1.94502008525888e-05 1.98147008632077e-05
5.20932007930242e-05 5.29694989381824e-05 5.39782013220247e-05 5.36560000909958e-05 5.3189698519418e-05 5.25713003298733e-05 5.15799001732375e-05 5.12018996232655e-05 5.23853013874032e-05 5.40297005500179e-05 5.40045984962489e-05 5.75716003368143e-05 4.82288996863645e-05 5.03055016451981e-05 4.87454999529291e-05 4.60332012153231e-05 4.59014008811209e-05 4.43220997112803e-05 4.27943996328395e-05 4.28874991484918e-05 4.28282000939362e-05 4.2412200855324e-05 3.9190399547806e-05 4.03755984734744e-05 4.0158600313589e-05 3.53297982655931e-05 3.49766996805556e-05 3.2086500141304e-05 3.04419008898549e-05 2.79500000033295e-05 2.71030003204942e-05 3.00945994240465e-05 3.09278984786943e-05 3.07379013975151e-05 2.88584997178987e-05 2.80144995485898e-05 2.69314004981425e-05 2.58436994045042e-05 2.33950995607302e-05 1.99926998902811e-05 1.97483004740207e-05 1.95767006516689e-05 5.00493006256875e-05 1.95453994820127e-05 1.90271002793452e-05 1.88082995009609e-05 1.91346007341053e-05 1.95860993699171e-05 2.01098991965409e-05
5.08681987412274e-05 5.09134988533333e-05 5.11949983774684e-05 5.1733401051024e-05 5.17197986482643e-05 5.1445298595354e-05 5.05921016156208e-05 5.07768017996568e-05 5.03754999954253e-05 5.09103010699619e-05 5.25333016412333e-05 5.16793988936115e-05 4.68797006760724e-05 4.88976002088748e-05 4.77545981993899e-05 4.65269986307248e-05 4.68387006549165e-05 4.53309003205504e-05 4.28845996793825e-05 4.15471986343618e-05 4.27318991569337e-05 4.01590987166855e-05 4.09802014473826e-05 4.01049001084175e-05 3.72741014871281e-05 3.52850984199904e-05 3.71304995496757e-05 3.40726001013536e-05 3.21119987347629e-05 3.13095006276853e-05 2.69537995336577e-05 2.62611993093742e-05 2.99492003250634e-05 3.036539965251e-05 2.92380991595564e-05 2.81833999906667e-05 2.72143006441183e-05 2.60668002738385e-05 2.43711001530755e-05 2.30155001190724e-05 1.97634999494767e-05 2.16590997297317e-05 5.13177983521018e-05 5.09819001308642e-05 1.98638008441776e-05 1.92275001609232e-05 1.92354000319028e-05 1.98865000129445e-05 2.05143005587161e-05
4.97674009238835e-05 4.95931999466848e-05 4.88322984892875e-05 4.52489002782386e-05 5.06860997120384e-05 5.03937008033972e-05 5.00319983984809e-05 4.94242012791801e-05 4.8395901103504e-05 4.88793011754751e-05 5.10823992954101e-05 4.99900997965597e-05 4.92594990646467e-05 5.2021201554453e-05 4.70232007501181e-05 4.66476012661587e-05 4.69533006253187e-05 4.55709014204331e-05 4.39553987234831e-05 4.05179016524926e-05 4.05756982218008e-05 3.86585998057853e-05 4.13095986004919e-05 3.94031012547202e-05 3.81852987629827e-05 3.64191982953344e-05 3.7120498745935e-05 3.54527983290609e-05 3.31295996147674e-05 3.25953005813062e-05 2.97558999591274e-05 2.59432999882847e-05 2.84118996205507e-05 2.93941993732005e-05 2.94908004434546e-05 2.87387993012089e-05 2.75115999102127e-05 2.62018002104014e-05 2.5230099709006e-05 2.38679003814468e-05 2.20424008148257e-05 1.94986005226383e-05 2.16455991903786e-05 2.14296997000929e-05 2.05011001526145e-05 2.00798003788805e-05 1.99247006094083e-05 2.04207008209778e-05 2.11763999686809e-05
4.83553012600169e-05 4.76456007163506e-05 4.81249990116339e-05 4.96366992592812e-05 4.92268991365563e-05 4.83201001770794e-05 4.83283984067384e-05 4.82540017401334e-05 4.71870989713352e-05 4.85488017147873e-05 4.9359801778337e-05 4.87549987155944e-05 4.91343998874072e-05 4.81296010548249e-05 4.62329007859807e-05 4.60552982985973e-05 4.65492012153845e-05 4.54543987871148e-05 4.48977989435662e-05 4.09706008213107e-05 3.99460986955091e-05 3.98480988224037e-05 3.98422998841852e-05 3.84179984393995e-05 3.68754990631714e-05 3.74834016838577e-05 3.68893997801933e-05 3.59067998942919e-05 3.42271996487398e-05 3.31412011291832e-05 3.05325011140667e-05 2.88096998701803e-05 2.54361002589576e-05 2.73914993158542e-05 2.80542008113116e-05 2.83051995211281e-05 2.78327006526524e-05 2.61873992712935e-05 2.47687003138708e-05 2.38376997003797e-05 2.2328300474328e-05 2.12859995372128e-05 1.9373299437575e-05 1.94121003005421e-05 2.1297999410308e-05 2.07007997232722e-05 2.05406995519297e-05 2.08552992262412e-05 2.16175994864898e-05
4.76034001621883e-05 4.78123001812492e-05 4.76759014418349e-05 4.71187013317831e-05 4.68045982415788e-05 4.67799982288852e-05 4.70423983642831e-05 4.69611004518811e-05 4.77305984531995e-05 4.81101014884189e-05 4.82629984617233e-05 4.8439200327266e-05 4.90683014504611e-05 4.82653013023082e-05 4.67540012323298e-05 4.56792986369692e-05 4.47667007392738e-05 4.51468004030176e-05 4.41263982793316e-05 4.22679004259408e-05 3.9380098314723e-05 3.87295986001845e-05 3.78400000045076e-05 3.76464995497372e-05 3.6638699384639e-05 3.64031984645408e-05 3.74010996893048e-05 3.5110399039695e-05 3.39184007316362e-05 3.23540989484172e-05 3.10333016386721e-05 2.95878999168053e-05 2.76449991361005e-05 6.62754973745905e-05 2.77938997896854e-05 2.79633004538482e-05 2.84804991679266e-05 2.72830002359115e-05 2.52191002800828e-05 2.31633002840681e-05 2.14887004403863e-05 2.10380003409227e-05 1.93071991816396e-05 1.94976000784663e-05 2.15683994611027e-05 2.21455993596464e-05 2.13045004784362e-05 2.121370016539e-05 2.17145006899955e-05
4.55826993857045e-05 4.53505999757908e-05 4.53255015600007e-05 4.56558009318542e-05 4.5923501602374e-05 4.71532002848107e-05 4.54381988674868e-05 4.70164013677277e-05 4.74375010526273e-05 4.81665010738652e-05 4.81846000184305e-05 4.99035995744634e-05 4.98597000841983e-05 4.8913399950834e-05 4.52237982244696e-05 4.62013995274901e-05 4.38056995335501e-05 4.38786009908654e-05 4.38017996202689e-05 4.2579100409057e-05 3.93826994695701e-05 3.88359985663556e-05 3.72446011169814e-05 3.71362002624664e-05 3.66806998499669e-05 3.50219997926615e-05 3.62292012141552e-05 3.42507992172614e-05 3.30717994074803e-05 3.19173996103927e-05 3.11883995891549e-05 2.95301997539354e-05 2.81789998552995e-05 2.84310008282773e-05 2.7223999495618e-05 2.71676999545889e-05 2.85354999505216e-05 2.43345002672868e-05 2.48135002038907e-05 2.38467000599485e-05 2.1779600501759e-05 1.85341996257193e-05 1.90224000107264e-05 1.8987000657944e-05 1.90809005289339e-05 2.22450998990098e-05 2.29296001634793e-05 2.16634998650989e-05 2.20492001972161e-05
4.56365014542826e-05 4.4881999201607e-05 4.53764005214907e-05 4.68051002826542e-05 4.70480990770739e-05 4.61896997876465e-05 4.5979399146745e-05 4.6725501306355e-05 4.71443017886486e-05 4.8560799768893e-05 5.01385002280585e-05 5.15061001351569e-05 5.0970400479855e-05 4.86930985061917e-05 4.65896009700373e-05 4.49412982561626e-05 4.29764004366007e-05 4.30145009886473e-05 4.28064995503519e-05 4.23226010752842e-05 4.15883987443522e-05 3.79919983970467e-05 3.66731001122389e-05 3.69451990991365e-05 3.5842698707711e-05 3.62130012945272e-05 3.39924008585513e-05 3.33122006850317e-05 3.21342995448504e-05 3.15518009301741e-05 2.97847000183538e-05 2.74533995252568e-05 2.71571007033344e-05 2.72489996859804e-05 6.64812978357077e-05 2.67809991782997e-05 2.71972003247356e-05 2.7106700144941e-05 2.51063993346179e-05 2.31116991926683e-05 2.01056991500081e-05 1.92771003639791e-05 1.85032004083041e-05 1.90683003893355e-05 1.93716005014721e-05 2.2435200662585e-05 2.35560000874102e-05 2.31524991249898e-05 2.33192004088778e-05
4.78262008982711e-05 4.8881698603509e-05 4.74674998258706e-05 4.65820994577371e-05 4.78469992231112e-05 4.77143985335715e-05 4.84375996165909e-05 4.7555298806401e-05 5.05745992995799e-05 4.99121997563634e-05 5.32183985342272e-05 5.64073015993927e-05 5.95640995015856e-05 5.46795017726254e-05 4.96782013215125e-05 4.63908982055727e-05 4.32414999522734e-05 4.23132987634744e-05 4.17045994254295e-05 4.16955990658607e-05 4.16834991483483e-05 3.82610014639795e-05 3.60377998731565e-05 3.59406003553886e-05 3.56696000380907e-05 3.47140012308955e-05 3.37263991241343e-05 3.23833010043018e-05 3.13702985295095e-05 3.03563992929412e-05 2.90456991933752e-05 2.79356991086388e-05 2.71548997261561e-05 2.64127993432339e-05 2.81620996247511e-05 2.81755001196871e-05 2.55830000241986e-05 2.36413998209173e-05 2.43517006310867e-05 2.23066999751609e-05 2.11253991437843e-05 1.87831992661813e-05 1.79842008947162e-05 1.83616994036129e-05 1.94154999917373e-05 1.98549005290261e-05 2.33125992963323e-05 2.22573999053566e-05 2.42544992943294e-05
5.18802989972755e-05 5.01192989759147e-05 5.14776002091821e-05 5.10577992827166e-05 5.17221014888491e-05 5.24376991961617e-05 5.29499011463486e-05 5.20389003213495e-05 5.36264997208491e-05 5.5188898841152e-05 5.74539990338963e-05 0.000143067998578772 -3.4e+38 5.89109004067723e-05 5.50231998204254e-05 4.83918993268162e-05 4.40771982539445e-05 4.16008988395333e-05 4.07711013394874e-05 4.08252999477554e-05 4.01955985580571e-05 3.778830068768e-05 3.52386996382847e-05 3.49857982655521e-05 3.57479984813835e-05 3.46861997968517e-05 3.37390010827221e-05 3.22197993227746e-05 3.14300013997126e-05 2.97359001706354e-05 2.88575993181439e-05 2.78234001598321e-05 2.7366400900064e-05 2.70328000624431e-05 6.63785976939835e-05 2.87606999336276e-05 2.61928998952499e-05 2.8409800506779e-05 2.31501999223838e-05 2.36710002354812e-05 1.99099995370489e-05 1.82395997398999e-05 1.76035991898971e-05 1.84034997801064e-05 1.92006991710514e-05 1.96486998902401e-05 2.08871006179834e-05 2.49819004238816e-05 2.50982993748039e-05
5.58495994482655e-05 5.59592990612146e-05 5.75115991523489e-05 5.67362985748332e-05 5.57708008273039e-05 5.72411008761264e-05 5.84465997235384e-05 5.82684988330584e-05 5.8082201576326e-05 6.17754994891584e-05 -3.4e+38 -3.4e+38 6.32894007139839e-05 6.11381983617321e-05 5.31379992025904e-05 5.57718994969036e-05 4.5848501031287e-05 4.22591983806342e-05 4.07367988373153e-05 4.01692013838328e-05 3.80019992007874e-05 3.44250001944602e-05 3.52632014255505e-05 3.48093017237261e-05 3.50824993802235e-05 3.37296005454846e-05 3.26035988109652e-05 3.14905009872746e-05 3.05549983750097e-05 2.91784999717493e-05 2.84706002275925e-05 2.81788998108823e-05 2.77718008874217e-05 2.72615998255787e-05 2.67764007730875e-05 2.76378996204585e-05 2.78074003290385e-05 2.52634999924339e-05 2.68067997239996e-05 2.48308006121079e-05 2.04313000722323e-05 1.89799993677298e-05 1.81005998456385e-05 1.86253000720171e-05 2.12089998967713e-05 2.00497997866478e-05 2.11392998608062e-05 2.27534001169261e-05 2.42931000684621e-05
-3.4e+38 -3.4e+38 -3.4e+38 6.14820964983664e-05 6.13968004472554e-05 -3.4e+38 -3.4e+38 -3.4e+38 -3.4e+38 -3.4e+38 -3.4e+38 -3.4e+38 -3.4e+38 -3.4e+38 -3.4e+38 5.10491008753888e-05 4.64551994809881e-05 4.2696399759734e-05 4.08449996029958e-05 3.89488996006548e-05 3.64049992640503e-05 3.4354001400061e-05 3.55556003341917e-05 3.53405994246714e-05 3.47278983099386e-05 3.32365998474415e-05 3.20606013701763e-05 3.11518997477833e-05 3.03002998407464e-05 2.95114004984498e-05 2.85728001472307e-05 2.80821004707832e-05 2.78349998552585e-05 2.76909995591268e-05 2.56849998550024e-05 2.64885002252413e-05 2.73331006610533e-05 2.54026999755297e-05 2.39622004301054e-05 2.44767998083262e-05 2.33023001783295e-05 1.97977005882422e-05 1.90802002180135e-05 1.92169991350966e-05 1.96058008441469e-05 2.00762005988508e-05 2.12459999602288e-05 2.27228993026074e-05 2.3975400836207e-05
