rodentData/rasterBestModels/Cannomys_RD_BM001_RM2.asc
NCOLS 409 
NROWS 350 
XLLCORNER 60.897278365 
YLLCORNER 5.843756025 
CELLSIZE 0.0892857 
NODATA_value -3.4e+38 
[rows 88 to 109 of 350, columns 147 to 195 of 409]
3.91393004974816e-05 3.96278010157403e-05 3.98835982196033e-05 4.05665996368043e-05 4.57759015262127e-05 4.10641987400595e-05 4.32175984315109e-05 4.31884982390329e-05 4.13972993555944e-05 4.52435015176889e-05 4.33686000178568e-05 4.40180010627955e-05 4.97145010740496e-05 4.46654012193903e-05 5.03248011227697e-05 5.04017989442218e-05 5.12301012349781e-05 5.15870997332968e-05 4.68053003714886e-05 5.32582016603556e-05 5.42045017937198e-05 5.5069900554372e-05 5.67628012504429e-05 5.77762002649251e-05 5.85699017392471e-05 5.9402700571809e-05 6.02559994149487e-05 5.97805992583744e-05 5.955999949947e-05 5.9556001360761e-05 5.92456017329823e-05 5.90800991631113e-05 5.88506009080447e-05 5.84211011300795e-05 5.72932003706228e-05 5.93764016230125e-05 6.07479996688198e-05 6.22676016064361e-05 6.31614020676352e-05 5.64932997804135e-05 6.63718019495718e-05 6.25691973255016e-05 6.71739981044084e-05 7.77558016125113e-05 6.93900001351722e-05 0.000169246006407775 7.36344009055756e-05 7.53405984141864e-05 7.77798995841295e-05
3.84927989216521e-05 4.07209990953561e-05 4.2673298594309e-05 4.13576017308515e-05 3.92336005461402e-05 3.96132018067874e-05 4.20696997025516e-05 4.20819997088984e-05 4.25389989686664e-05 4.324629844632e-05 4.39549003203865e-05 4.27796003350522e-05 4.30453001172282e-05 4.60707015008666e-05 4.41677984781563e-05 4.89988015033305e-05 4.9473499529995e-05 5.07896002091002e-05 4.6448600187432e-05 5.30754987266846e-05 5.39348984602839e-05 5.52029014215805e-05 5.59438012714963e-05 5.70123011129908e-05 5.7485798606649e-05 5.81515014346223e-05 5.89060982747469e-05 5.87518989050295e-05 5.21096990269143e-05 5.81622989557218e-05 5.75763006054331e-05 5.50133991055191e-05 5.50047989236191e-05 5.44471004104707e-05 5.39333996130154e-05 5.60478001716547e-05 5.77079008508008e-05 5.33581005583983e-05 5.27470983797684e-05 6.14314994891174e-05 6.23321975581348e-05 6.36964032310061e-05 6.21904982835986e-05 7.51646002754569e-05 6.77292991895229e-05 6.68470966047607e-05 7.23175980965607e-05 6.56943011563271e-05 7.52726991777308e-05
3.95452007069252e-05 3.96860996261239e-05 3.97463991248515e-05 4.02890000259504e-05 3.83121005143039e-05 3.84380982723087e-05 3.84890990972053e-05 3.86186984542292e-05 4.14126006944571e-05 4.15622998843901e-05 4.23146993853152e-05 4.34727007814217e-05 4.41697011410724e-05 4.47095990239177e-05 4.53700995421968e-05 4.59471011708956e-05 4.35891015513334e-05 4.44776014774106e-05 5.08500015712343e-05 5.1831899327226e-05 5.30881006852724e-05 5.38259009772446e-05 5.49172982573509e-05 5.56437989871483e-05 5.63866997254081e-05 5.63877001695801e-05 5.75546000618488e-05 5.72856006328948e-05 5.65256013942417e-05 5.6326600315515e-05 5.55067017558031e-05 5.31861987838056e-05 5.13484010298271e-05 5.00437017763034e-05 4.52159983979072e-05 4.64445001853164e-05 4.88752993987873e-05 5.01760987390298e-05 4.75009001092985e-05 5.6448501709383e-05 5.58362989977468e-05 5.65057016501669e-05 6.37428966001607e-05 7.2245100454893e-05 6.58186982036568e-05 6.49923022137955e-05 7.17154034646228e-05 7.22952026990242e-05 6.53527968097478e-05
3.88213011319749e-05 3.86522006010637e-05 3.87676991522312e-05 4.09749009122606e-05 3.75230993086006e-05 3.74408991774544e-05 3.78094991901889e-05 3.8250298530329e-05 4.05477003369015e-05 4.0572300349595e-05 4.10208995162975e-05 3.94460003008135e-05 4.28694002039265e-05 4.38372990174685e-05 4.45361001766287e-05 4.56212983408477e-05 4.33380992035381e-05 4.94347004860174e-05 4.49256986030377e-05 4.53376014775131e-05 4.62530006188899e-05 5.26871990587097e-05 5.36170009581838e-05 5.37876985617913e-05 5.44491012988146e-05 5.4856798669789e-05 5.55691003683023e-05 5.53077989025041e-05 4.83797994093038e-05 5.40565997653175e-05 5.31773002876434e-05 5.18240012752358e-05 4.99058005516417e-05 4.79990012536291e-05 4.29749998147599e-05 4.44172983407043e-05 4.7463701775996e-05 4.91667997266632e-05 4.790259845322e-05 5.64119982300326e-05 5.57618004677352e-05 5.29575008840766e-05 6.2293402152136e-05 7.03585028531961e-05 6.4318701333832e-05 0.000160545998369344 6.9796500611119e-05 7.04683989170007e-05 6.94209011271596e-05
3.79463017452508e-05 3.81251011276618e-05 3.83195983886253e-05 3.86842984880786e-05 3.91891990147997e-05 3.692320024129e-05 3.72581998817623e-05 3.76452990167309e-05 3.77561009372585e-05 3.80620986106806e-05 4.03090016334318e-05 3.86997016903479e-05 3.96155992348213e-05 4.30291001976002e-05 4.39016002928838e-05 4.48058017354924e-05 4.50510997325182e-05 4.32472988904919e-05 4.4249500206206e-05 4.45309015049133e-05 4.4849599362351e-05 4.57474016002379e-05 4.54711989732459e-05 4.56855996162631e-05 5.19464992976282e-05 5.25977011420764e-05 5.25825998920482e-05 5.30627003172413e-05 5.28331001987681e-05 5.26820986124221e-05 4.64728000224568e-05 5.02584007335827e-05 4.91218015667982e-05 4.72444990009535e-05 3.97377989429515e-05 4.35996989835985e-05 5.08199991600122e-05 4.28286984970327e-05 4.91661012347322e-05 5.08832999912556e-05 5.67511015105993e-05 5.00169990118593e-05 6.02881991653703e-05 5.99261002207641e-05 6.88352010911331e-05 6.81458986946382e-05 6.76936033414677e-05 6.7888802732341e-05 6.78193973726593e-05
3.70058987755328e-05 3.75187992176507e-05 3.77264987037051e-05 3.81429017579649e-05 3.87106993002817e-05 3.91030007449444e-05 3.91534013033379e-05 3.93045011151116e-05 3.72502981917933e-05 3.74627015844453e-05 3.72052018065006e-05 3.76036987290718e-05 4.14891001128126e-05 4.2515301174717e-05 4.33366003562696e-05 4.41250012954697e-05 4.45404002675787e-05 4.25502003054135e-05 4.33487984992098e-05 4.85642995045055e-05 4.35709007433616e-05 4.33669993071817e-05 4.80365015391726e-05 4.36269001511391e-05 4.9612601287663e-05 4.49323015345726e-05 5.07059012306854e-05 4.62587013316806e-05 5.22611990163568e-05 4.70015984319616e-05 5.07328986714128e-05 4.92194012622349e-05 4.80667986266781e-05 4.03748017561156e-05 4.05204009439331e-05 3.94000016967766e-05 4.11506007367279e-05 4.20391988882329e-05 4.70908998977393e-05 4.54116998298559e-05 5.07635995745659e-05 5.09981000504922e-05 5.86540991207585e-05 6.29774003755301e-05 6.56982010696083e-05 6.57181008136831e-05 0.000152078995597549 6.62612001178786e-05 6.66041014483199e-05
3.64201987395063e-05 3.66372005373705e-05 3.69180997950025e-05 3.76187999791e-05 3.85224011552054e-05 3.87916988984216e-05 3.86528990929946e-05 3.89326014555991e-05 3.88812986784615e-05 3.66474996553734e-05 3.67313987226225e-05 3.94249982491601e-05 4.07256993639749e-05 4.17554001614917e-05 4.26719998358749e-05 4.35036017734092e-05 4.62522002635524e-05 4.65814009658061e-05 4.23251985921524e-05 4.77737012261059e-05 4.72384999739006e-05 4.22148987127002e-05 4.23175988544244e-05 4.21639015257824e-05 4.749510117108e-05 4.77079993288498e-05 4.85482014482841e-05 4.97059008921497e-05 5.07338991155848e-05 4.61384006484877e-05 4.47905986220576e-05 4.89045014546718e-05 4.31558000855148e-05 3.88765001844149e-05 3.87264990422409e-05 3.72590002370998e-05 4.27355989813805e-05 4.37058988609351e-05 4.29756983066909e-05 5.08734010509215e-05 5.29612989339512e-05 5.1432700274745e-05 5.23234994034283e-05 6.12342992099002e-05 6.34729003650136e-05 6.42527011223137e-05 0.000150078994920477 5.79900988668669e-05 6.40098005533218e-05
3.57218013959937e-05 3.59828991349787e-05 3.66770982509479e-05 3.75558011000976e-05 3.80337987735402e-05 3.84058985218871e-05 3.86713982152287e-05 3.88812004530337e-05 3.90351015084889e-05 3.88707012461964e-05 3.88342014048249e-05 3.94636008422822e-05 4.03874000767246e-05 4.11465007346123e-05 4.1800900362432e-05 4.25272992288228e-05 4.2650801333366e-05 4.53766988357529e-05 4.11100008932408e-05 4.15526010328904e-05 4.12107001466211e-05 4.14515016018413e-05 4.18173985963222e-05 4.12494009651709e-05 4.09927997679915e-05 4.12129993492272e-05 4.62032985524274e-05 4.26262013206724e-05 4.35768997704145e-05 4.41554984718096e-05 4.44858997070696e-05 3.91801986552309e-05 3.63520994142164e-05 4.08556988986675e-05 4.52581007266417e-05 3.94462986150756e-05 4.67860008939169e-05 4.42568998550996e-05 4.52462991233915e-05 4.64557997474913e-05 5.37757005076855e-05 5.05964017065708e-05 5.10944992129225e-05 5.20458015671466e-05 5.40887995157391e-05 6.23606974841096e-05 0.000147447004565038 5.65504997211974e-05 6.23477026238106e-05
3.53543000528589e-05 3.57132994395215e-05 3.66042986570392e-05 3.71663008991163e-05 3.78867007384542e-05 3.84390987164807e-05 3.88195003324654e-05 3.87651998607907e-05 3.85802995879203e-05 3.88574990211055e-05 3.90169989259448e-05 3.92963993363082e-05 3.97937001253013e-05 4.06065009883605e-05 4.10612992709503e-05 3.91510002373252e-05 3.94533017242793e-05 4.44645993411541e-05 4.39196992374491e-05 4.44865981990006e-05 4.45916994067375e-05 4.07972984248772e-05 4.51662017439958e-05 4.40943003923167e-05 4.38600000052247e-05 4.41826014139224e-05 4.0118298784364e-05 4.11711007473059e-05 4.1571598558221e-05 4.72729989269283e-05 4.25151993113104e-05 4.5730899728369e-05 4.63249998574611e-05 4.71638013550546e-05 4.67622012365609e-05 4.71694984298665e-05 4.10608990932815e-05 0.000112674999400042 4.81089991808403e-05 4.88428995595314e-05 5.47310992260464e-05 4.92875005875248e-05 5.00122005178127e-05 4.99904017488007e-05 5.20419998792931e-05 5.40610999451019e-05 6.1320599343162e-05 0.000144884004839696 5.60252992727328e-05
3.5246201150585e-05 3.60406993422657e-05 3.66612985089887e-05 3.73262009816244e-05 3.77405012841336e-05 3.81659010599833e-05 3.8660698919557e-05 3.87842010241002e-05 3.89550004911143e-05 3.91319990740158e-05 3.93041009374429e-05 3.88980988645926e-05 3.92623005609494e-05 3.94097987737041e-05 3.77389005734585e-05 3.85851999453735e-05 4.32123997597955e-05 3.81241006834898e-05 4.21336990257259e-05 4.25270991399884e-05 4.37265989603475e-05 4.39387004007585e-05 3.97986004827544e-05 4.29218998760916e-05 4.31215012213215e-05 4.32052984251641e-05 4.33152999903541e-05 4.39694995293394e-05 4.01672987209167e-05 4.10069987992756e-05 4.57546011602972e-05 4.66411001980305e-05 4.84584998048376e-05 4.46427984570619e-05 4.79379996249918e-05 4.92826002300717e-05 4.14499008911662e-05 4.87370998598635e-05 5.08310004079249e-05 5.41064000572078e-05 5.48513016838115e-05 4.90718011860736e-05 5.3968200518284e-05 4.87545003124978e-05 5.09769015479833e-05 5.24624010722619e-05 5.97270991420373e-05 0.000142046003020369 6.15333992755041e-05
3.5574001230998e-05 3.61165002686903e-05 3.65701998816803e-05 3.70117995771579e-05 3.74098017346114e-05 3.73650000256021e-05 3.80191995645873e-05 3.83406004402786e-05 3.84607010346372e-05 3.85472012567334e-05 3.63399012712762e-05 3.8755501009291e-05 3.87256986869033e-05 3.87045984098222e-05 3.92699002986774e-05 3.73328002751805e-05 3.70921006833669e-05 3.70029993064236e-05 4.12119989050552e-05 4.14280002587475e-05 3.80386009055655e-05 3.84275008400436e-05 3.8748599763494e-05 4.19384996348526e-05 4.2484298319323e-05 4.26516999141313e-05 4.27088016294874e-05 4.29881001764443e-05 3.93439004255924e-05 4.43511999037582e-05 4.52706008218229e-05 4.58219001302496e-05 4.39245013694745e-05 4.55180997960269e-05 4.62167990917806e-05 4.6212699089665e-05 4.9182399379788e-05 4.81684983242303e-05 4.90415004605893e-05 4.68713988084346e-05 5.33081001776736e-05 4.80337985209189e-05 4.80615999549627e-05 4.97686996823177e-05 5.10755016875919e-05 5.73803008592222e-05 5.21787987963762e-05 0.000139587005833164 6.11672003287822e-05
3.51905982824974e-05 3.57497010554653e-05 3.60416015610099e-05 3.67743014066946e-05 3.71019013982732e-05 3.69172012142371e-05 3.71259993698914e-05 3.74045994249173e-05 3.75333002011757e-05 3.78580007236451e-05 3.76034004148096e-05 3.82475009246264e-05 3.80968012905214e-05 3.83264996344224e-05 3.6398101656232e-05 3.87846994271968e-05 3.63990002369974e-05 3.67809007002506e-05 4.10670982091688e-05 4.08751984650735e-05 3.67563989129849e-05 4.12974986829795e-05 3.78783988708165e-05 4.17703013226856e-05 4.26221995439846e-05 4.27779013989493e-05 4.31275984738022e-05 4.27193990617525e-05 4.14007008657791e-05 3.95313982153311e-05 4.01787001464982e-05 4.41630982095376e-05 4.76247005281039e-05 4.38329989265185e-05 4.35444017057307e-05 4.38735987700056e-05 4.34963985753711e-05 4.43903991254047e-05 0.000116666997200809 4.46978992840741e-05 5.0057700718753e-05 4.59192997368518e-05 4.62839998363052e-05 4.7518598876195e-05 4.92983999720309e-05 5.03724004374817e-05 5.08109988004435e-05 5.74149016756564e-05 5.2578699978767e-05
3.49604997609276e-05 3.53520990756806e-05 3.59783989551943e-05 3.6635701690102e-05 3.63733015547041e-05 3.61269012500998e-05 3.63893996109255e-05 3.63783983630128e-05 3.6169800296193e-05 3.6133798857918e-05 3.6228298995411e-05 3.70892994396854e-05 3.72862014046405e-05 3.75985982827842e-05 3.8040798244765e-05 3.62753999070264e-05 4.08357991545927e-05 3.66394015145488e-05 4.12221015722025e-05 4.05231985496357e-05 4.02857003791723e-05 3.68444998457562e-05 4.06817998737097e-05 3.71612004528288e-05 4.13390989706386e-05 4.2520601709839e-05 4.26939986937214e-05 4.31443004345056e-05 3.9229700632859e-05 4.3618398194667e-05 4.43130993517116e-05 4.57964997622184e-05 4.26168007834349e-05 4.16283983213361e-05 4.13790985476226e-05 4.6882800234016e-05 4.6196801122278e-05 4.27076993219089e-05 4.32757988164667e-05 4.75125998491421e-05 4.4048600102542e-05 4.54383989563212e-05 5.18605011166073e-05 4.69106998934876e-05 5.30063989572227e-05 4.87871002405882e-05 4.92241997562815e-05 4.99652996950317e-05 5.13697996211704e-05
3.47052009601612e-05 3.46757005900145e-05 3.51392991433386e-05 3.5593500797404e-05 3.53674004145432e-05 3.55726006091572e-05 3.56562013621442e-05 3.54775984305888e-05 3.51847993442789e-05 3.50002010236494e-05 3.49865986208897e-05 3.52854985976592e-05 3.63239996659104e-05 3.66187014151365e-05 3.52089009538759e-05 3.60402991645969e-05 4.05028986278921e-05 3.67901993740816e-05 4.17508999817073e-05 3.82346006517764e-05 3.74836017726921e-05 4.08404994232114e-05 4.06073995691258e-05 3.66698986908887e-05 4.18603012803942e-05 4.16332004533615e-05 4.29471001552884e-05 3.93383015762083e-05 4.43595999968238e-05 4.45486984972376e-05 4.45668993052095e-05 4.53374996141065e-05 4.13747002312448e-05 3.99946002289653e-05 4.00930002797395e-05 4.01901997975074e-05 4.54207001894247e-05 4.08050982514396e-05 4.12623012380209e-05 4.16211005358491e-05 4.30811996920966e-05 4.42044001829345e-05 5.01301983604208e-05 4.65392004116438e-05 4.70150989713147e-05 4.53538013971411e-05 4.7495799663011e-05 4.92383987875655e-05 4.94865998916794e-05
3.47733002854511e-05 3.44371001119725e-05 3.46238011843525e-05 3.47989007423166e-05 3.46863998856861e-05 3.46033011737745e-05 3.46244996762834e-05 3.47536006302107e-05 3.42333005391993e-05 3.33966017933562e-05 3.33887001033872e-05 3.44459986081347e-05 3.52585993823595e-05 3.3854699722724e-05 3.44135987688787e-05 3.55677984771319e-05 3.63776016456541e-05 3.65402993338648e-05 4.16578986914828e-05 3.86997999157757e-05 3.77456017304212e-05 3.66294989362359e-05 3.65509986295365e-05 4.03472004109062e-05 3.74777991964947e-05 3.77202995878179e-05 3.89371016353834e-05 4.02826990466565e-05 4.10411012126133e-05 4.54520995845087e-05 4.51183987024706e-05 4.55711997346953e-05 4.06383005611133e-05 3.9143498725025e-05 3.91733010474127e-05 3.90856985177379e-05 3.94486014556605e-05 4.33987988799345e-05 4.40848998550791e-05 4.053629891132e-05 4.628669921658e-05 4.77883986604866e-05 4.89783997181803e-05 4.96637985634152e-05 4.33101013186388e-05 4.30686995969154e-05 4.87336001242511e-05 5.14780003868509e-05 4.78381007269491e-05
3.4435299312463e-05 3.43013998644892e-05 3.40816986863501e-05 3.38647987518925e-05 3.39059988618828e-05 3.39108009939082e-05 3.42179992003366e-05 3.42911989719141e-05 3.3298598282272e-05 3.22244013659656e-05 3.250020017731e-05 3.35910990543198e-05 3.31511982949451e-05 3.36470002366696e-05 3.38655991072301e-05 3.50021982740145e-05 3.62366990884766e-05 3.68161017831881e-05 3.652899977169e-05 3.635519897216e-05 4.10954016842879e-05 3.72897011402529e-05 4.06061990361195e-05 3.64898987754714e-05 4.19585994677618e-05 3.829719935311e-05 3.94804010284133e-05 4.12303998018615e-05 4.6836201363476e-05 4.23626006522682e-05 4.20446012867615e-05 4.16529983340297e-05 4.08763989980798e-05 3.87110012525227e-05 3.84952982130926e-05 3.7930098187644e-05 3.78838994947728e-05 3.86298997909762e-05 4.33497989433818e-05 3.96666982851457e-05 4.02869991376065e-05 4.66876990685705e-05 4.80966991744936e-05 4.74754997412674e-05 4.20514988945797e-05 4.24514983023982e-05 4.33749009971507e-05 4.85864002257586e-05 4.7116798668867e-05
3.42405983246863e-05 3.41882987413555e-05 3.35896002070513e-05 3.34112010023091e-05 3.32622985297348e-05 3.31560986523982e-05 3.36570010404103e-05 3.34172982547898e-05 3.25465007335879e-05 3.1948398827808e-05 3.28247988363728e-05 3.18243000947405e-05 3.32011986756697e-05 3.34498981828801e-05 3.37745987053495e-05 3.48581997968722e-05 3.8210600905586e-05 3.65829000656959e-05 3.5909099096898e-05 3.54289986717049e-05 3.73067996406462e-05 3.78594995709136e-05 3.67708016710822e-05 3.6426201404538e-05 3.72885006072465e-05 3.92608017136808e-05 4.07799016102217e-05 4.70201994176023e-05 4.34383982792497e-05 4.87264005641919e-05 4.36224981967825e-05 4.20951000705827e-05 4.04683014494367e-05 3.85417006327771e-05 3.78518016077578e-05 3.77741016563959e-05 3.75882991647813e-05 3.74109986296389e-05 3.78508011635859e-05 4.28866005677264e-05 0.000104787002783269 0.000108380998426583 4.70962004328612e-05 4.80433009215631e-05 4.72415013064165e-05 4.7377499868162e-05 4.74299013148993e-05 4.4193300709594e-05 4.69890983367804e-05
3.34596988977864e-05 3.36978991981596e-05 3.33503994625062e-05 3.32429990521632e-05 3.2880201615626e-05 3.23091990139801e-05 3.25090986734722e-05 3.25928012898657e-05 3.25858018186409e-05 3.25592991430312e-05 3.13003001792822e-05 3.20612998621073e-05 3.28132009599358e-05 3.34741998813115e-05 3.42745988746174e-05 3.56417003786191e-05 3.47062996297609e-05 3.40869009960443e-05 3.44899999618065e-05 3.55205011146609e-05 3.6987999919802e-05 3.9187099901028e-05 3.61735983460676e-05 3.61792990588583e-05 3.76413008780219e-05 4.40344992966857e-05 4.23819983552676e-05 4.40242984041106e-05 4.94488012918737e-05 4.85636992380023e-05 4.3442898459034e-05 4.20487012888771e-05 4.01129982492421e-05 3.79755001631565e-05 3.70064008166082e-05 3.69377012248151e-05 4.03332014684565e-05 3.97527001041453e-05 3.66372005373705e-05 3.75384988728911e-05 4.27785016654525e-05 3.98515985580161e-05 4.63297001260798e-05 4.73781001346651e-05 4.30330983363092e-05 4.36781010648701e-05 4.38940005551558e-05 4.58659014839213e-05 4.63081014459021e-05
3.23417989420705e-05 3.27995003317483e-05 3.28848000208382e-05 3.27749003190547e-05 3.22716987284366e-05 3.18474994855933e-05 3.21246006933507e-05 3.23218009725679e-05 3.05036992358509e-05 3.09183014906012e-05 3.16305013257079e-05 3.23480999213643e-05 3.2701798772905e-05 3.53577997884713e-05 3.38616009685211e-05 3.48032990586944e-05 3.34176002070308e-05 3.30725997628178e-05 3.39151010848582e-05 3.53217001247685e-05 3.58793986379169e-05 3.82192993129138e-05 3.60211015504319e-05 3.66337008017581e-05 3.88064981962088e-05 4.0319500840269e-05 4.32699998782482e-05 5.01706999784801e-05 4.73772015538998e-05 4.71171988465358e-05 4.22609991801437e-05 4.10690990975127e-05 4.37987000623252e-05 3.80095989385154e-05 3.70599009329453e-05 3.65259984391741e-05 3.57753997377586e-05 3.52987990481779e-05 3.50814007106237e-05 3.60697995347437e-05 4.16893017245457e-05 3.95882016164251e-05 4.62101997982245e-05 4.68114994873758e-05 4.69881015305873e-05 4.77778012282215e-05 5.0109600124415e-05 5.07734002894722e-05 4.59401016996708e-05
3.11494004563428e-05 3.12437005050015e-05 3.13507989631034e-05 3.16102014039643e-05 3.17556987283751e-05 3.17488993459847e-05 3.20129001920577e-05 3.19926002703141e-05 3.24337015626952e-05 3.11508010781836e-05 3.22173000313342e-05 3.22925989166833e-05 3.28862988681067e-05 3.47495988535229e-05 3.23029998980928e-05 3.19809005304705e-05 3.22656997013837e-05 3.61197999154683e-05 3.32501986122224e-05 3.44262989528943e-05 3.50465998053551e-05 3.53733994415961e-05 3.63920007657725e-05 3.74843984900508e-05 4.00368990085553e-05 4.54869987152051e-05 4.37451999459881e-05 4.42833006673027e-05 4.79951013403479e-05 4.15424983657431e-05 4.15233007515781e-05 4.0324801375391e-05 3.89991000702139e-05 3.76936004613526e-05 3.63942017429508e-05 3.58133984263986e-05 3.50279988197144e-05 3.49461006408092e-05 3.41361992468592e-05 3.91202011087444e-05 3.72124013665598e-05 4.17527990066446e-05 4.60176015621983e-05 4.30461986979935e-05 4.40404000983108e-05 4.98064000566956e-05 5.11988000653218e-05 5.13011982548051e-05 5.14454986841884e-05
3.01056006719591e-05 3.0215200240491e-05 3.01935997413239e-05 3.03125998470932e-05 3.08123017020989e-05 3.12962984025944e-05 3.17515005008318e-05 3.00606006931048e-05 3.40625992976129e-05 3.1363499147119e-05 3.20680992444977e-05 3.24606990034226e-05 3.26666995533742e-05 3.20090985042043e-05 3.11883995891549e-05 3.12263982777949e-05 3.15024008159526e-05 3.19069986289833e-05 3.26635999954306e-05 3.37081983161625e-05 3.42638995789457e-05 3.44817999575753e-05 4.04452985094395e-05 3.84302002203185e-05 4.04892016376834e-05 4.09698004659731e-05 4.33884997619316e-05 4.43518983956892e-05 4.16982002207078e-05 4.06352010031696e-05 4.02771001972724e-05 3.8997401134111e-05 3.80037017748691e-05 4.04337006330024e-05 3.55230004061013e-05 3.50705013261177e-05 3.47144996339921e-05 3.48180983564816e-05 3.49984984495677e-05 3.56737982656341e-05 4.11174987675622e-05 3.95956012653187e-05 4.17921000916976e-05 4.45418008894194e-05 4.63596988993231e-05 4.7243000153685e-05 5.27755983057432e-05 5.25372015545145e-05 4.73668987979181e-05
2.91493997792713e-05 2.94280998787144e-05 2.95367008220637e-05 2.96609996439656e-05 3.01713007502258e-05 3.102049959125e-05 2.98698996630264e-05 3.03546003124211e-05 3.08253984258045e-05 3.10985997202806e-05 3.17082995024975e-05 3.24628999806009e-05 3.17142985295504e-05 3.08497001242358e-05 3.06463989545591e-05 3.09829993057065e-05 3.07334994431585e-05 3.10739014821593e-05 3.21576007991098e-05 3.32941999658942e-05 3.39795988111291e-05 3.42497987730894e-05 3.58170000254177e-05 3.86688006983604e-05 4.01290017180145e-05 4.05089995183516e-05 4.29198007623199e-05 4.40106014139019e-05 4.62333009636495e-05 4.44664001406636e-05 3.92822003050242e-05 3.79912016796879e-05 3.69576009688899e-05 3.58684010279831e-05 3.5332101106178e-05 3.48520006809849e-05 3.46218985214364e-05 3.49590009136591e-05 3.5817898606183e-05 3.61815982614644e-05 3.74369992641732e-05 3.97721014451236e-05 4.26467013312504e-05 4.57138012279756e-05 4.82403993373737e-05 4.92727995151654e-05 4.91276005050167e-05 4.77612011309247e-05 5.0113201723434e-05
