rodentData/rasterBestModels/Cannomys_RD_BM001_RM2.asc
NCOLS 409 
NROWS 350 
XLLCORNER 60.897278365 
YLLCORNER 5.843756025 
CELLSIZE 0.0892857 
NODATA_value -3.4e+38 
[rows 110 to 131 of 350, columns 0 to 48 of 409]
-3.4e+38 -3.4e+38 -3.4e+38 -3.4e+38 -3.4e+38 -3.4e+38 -3.4e+38 -3.4e+38 -3.4e+38 -3.4e+38 -3.4e+38 -3.4e+38 -3.4e+38 -3.4e+38 -3.4e+38 -3.4e+38 -3.4e+38 -3.4e+38 -3.4e+38 -3.4e+38 -3.4e+38 -3.4e+38 4.45225996372756e-05 -3.4e+38 -3.4e+38 -3.4e+38 5.22595000802539e-05 5.26740004715975e-05 5.28749005752616e-05 5.44887006981298e-05 5.52224992134143e-05 5.60515982215293e-05 5.73395991523284e-05 5.79701991227921e-05 5.8193600125378e-05 5.9043501096312e-05 5.85685011174064e-05 5.78514009248465e-05 5.77048012928572e-05 5.82151988055557e-05 5.89371993555687e-05 5.94537013967056e-05 5.93820986978244e-05 5.90329000260681e-05 5.83594010095112e-05 5.76156999159139e-05 5.71128985029645e-05 5.8572299167281e-05 5.98888982494827e-05
-3.4e+38 -3.4e+38 -3.4e+38 -3.4e+38 -3.4e+38 -3.4e+38 -3.4e+38 -3.4e+38 -3.4e+38 -3.4e+38 -3.4e+38 -3.4e+38 -3.4e+38 -3.4e+38 -3.4e+38 -3.4e+38 -3.4e+38 -3.4e+38 -3.4e+38 -3.4e+38 -3.4e+38 -3.4e+38 -3.4e+38 -3.4e+38 -3.4e+38 -3.4e+38 -3.4e+38 5.2237999625504e-05 5.33899983565789e-05 5.42946982022841e-05 5.64570982533041e-05 5.6780299928505e-05 5.82770990149584e-05 5.82245993427932e-05 5.86790993111208e-05 5.94381999690086e-05 5.89105002291035e-05 5.92235010117292e-05 5.98307997279335e-05 5.98494989390019e-05 5.97582002228592e-05 5.97694015596062e-05 5.89560004300438e-05 5.78485014557373e-05 5.66644011996686e-05 5.84000990784261e-05 6.07336005487014e-05 6.12360017839819e-05 6.05722998443525e-05
-3.4e+38 -3.4e+38 -3.4e+38 -3.4e+38 -3.4e+38 -3.4e+38 -3.4e+38 -3.4e+38 -3.4e+38 -3.4e+38 -3.4e+38 -3.4e+38 -3.4e+38 -3.4e+38 -3.4e+38 -3.4e+38 -3.4e+38 -3.4e+38 -3.4e+38 -3.4e+38 -3.4e+38 -3.4e+38 -3.4e+38 -3.4e+38 -3.4e+38 -3.4e+38 5.12199985678308e-05 5.20967005286366e-05 5.37304986210074e-05 5.48339012311772e-05 5.57197017769795e-05 5.71905984543264e-05 5.86378009757027e-05 5.95501987845637e-05 6.08912014286034e-05 6.12091971561313e-05 6.19545025983825e-05 6.17698024143465e-05 6.12040967098437e-05 6.03096013946924e-05 5.92703981965315e-05 5.84517001698259e-05 5.67624992982019e-05 5.72251992707606e-05 5.97961006860714e-05 6.14528034930117e-05 6.18043995928019e-05 6.16964025539346e-05 6.14624004811049e-05
-3.4e+38 -3.4e+38 -3.4e+38 -3.4e+38 -3.4e+38 -3.4e+38 -3.4e+38 -3.4e+38 -3.4e+38 -3.4e+38 -3.4e+38 -3.4e+38 -3.4e+38 -3.4e+38 -3.4e+38 -3.4e+38 -3.4e+38 -3.4e+38 -3.4e+38 -3.4e+38 -3.4e+38 -3.4e+38 -3.4e+38 -3.4e+38 -3.4e+38 -3.4e+38 5.26283001818229e-05 5.36894985998515e-05 5.55002989131026e-05 5.70478987356182e-05 6.01928004471119e-05 5.98354999965522e-05 6.10978022450581e-05 6.0747599491151e-05 6.13583979429677e-05 6.32598021184094e-05 6.24612002866343e-05 6.05353998253122e-05 5.95341989537701e-05 5.86187015869655e-05 5.72147000639234e-05 5.72286990063731e-05 5.8880599681288e-05 6.07274014328141e-05 6.1314000049606e-05 6.07119000051171e-05 6.00421990384348e-05 6.10151982982643e-05 6.02028994762804e-05
-3.4e+38 -3.4e+38 -3.4e+38 -3.4e+38 -3.4e+38 -3.4e+38 -3.4e+38 -3.4e+38 -3.4e+38 -3.4e+38 -3.4e+38 -3.4e+38 -3.4e+38 -3.4e+38 -3.4e+38 -3.4e+38 -3.4e+38 -3.4e+38 -3.4e+38 -3.4e+38 -3.4e+38 -3.4e+38 -3.4e+38 -3.4e+38 -3.4e+38 -3.4e+38 -3.4e+38 5.42720008525066e-05 5.57780986127909e-05 5.915719884797e-05 6.24035965302028e-05 6.37060002190992e-05 6.34286989225075e-05 6.24071035417728e-05 6.18229023530148e-05 6.08959999226499e-05 5.89871015108656e-05 5.80250998609699e-05 5.75753983866889e-05 5.78272993152495e-05 5.83092005399521e-05 5.90529998589773e-05 5.97781981923617e-05 6.03963999310508e-05 5.90236013522372e-05 5.79307015868835e-05 5.83080000069458e-05 5.92971991864033e-05 5.84697991143912e-05
-3.4e+38 -3.4e+38 -3.4e+38 -3.4e+38 -3.4e+38 -3.4e+38 -3.4e+38 -3.4e+38 -3.4e+38 -3.4e+38 -3.4e+38 -3.4e+38 -3.4e+38 -3.4e+38 -3.4e+38 -3.4e+38 -3.4e+38 -3.4e+38 -3.4e+38 -3.4e+38 -3.4e+38 -3.4e+38 -3.4e+38 -3.4e+38 -3.4e+38 -3.4e+38 5.68994000786915e-05 5.75343001401052e-05 5.8798301324714e-05 6.08012014708947e-05 6.35163014521822e-05 6.53942988719791e-05 6.45830004941672e-05 6.33642994216643e-05 6.28202978987247e-05 6.05970999458805e-05 5.92237993259914e-05 5.92563992540818e-05 5.86880014452618e-05 5.78227009100374e-05 5.70896008866839e-05 5.65412010473665e-05 5.71915006730705e-05 5.72932003706228e-05 5.71806012885645e-05 5.74090008740313e-05 5.79398001718801e-05 5.55826009076554e-05 5.48593015992083e-05
-3.4e+38 -3.4e+38 -3.4e+38 -3.4e+38 -3.4e+38 -3.4e+38 -3.4e+38 -3.4e+38 -3.4e+38 -3.4e+38 -3.4e+38 -3.4e+38 -3.4e+38 -3.4e+38 -3.4e+38 -3.4e+38 -3.4e+38 -3.4e+38 -3.4e+38 -3.4e+38 -3.4e+38 -3.4e+38 -3.4e+38 -3.4e+38 -3.4e+38 5.83526016271207e-05 5.8971498219762e-05 6.04048000241164e-05 6.21814979240298e-05 6.4772400946822e-05 6.65873012621887e-05 6.67499989503995e-05 6.47170963929966e-05 6.39865029370412e-05 6.19154016021639e-05 5.95400015299674e-05 5.73116994928569e-05 5.57031999051105e-05 5.49606993445195e-05 5.42068009963259e-05 5.37472005817108e-05 5.39725988346618e-05 5.53138997929636e-05 5.65945010748692e-05 5.78530016355217e-05 5.7865800044965e-05 5.78596009290777e-05 5.71540986129548e-05 5.84711015108041e-05
-3.4e+38 -3.4e+38 -3.4e+38 -3.4e+38 -3.4e+38 -3.4e+38 -3.4e+38 -3.4e+38 -3.4e+38 -3.4e+38 -3.4e+38 -3.4e+38 -3.4e+38 -3.4e+38 -3.4e+38 -3.4e+38 -3.4e+38 -3.4e+38 -3.4e+38 -3.4e+38 -3.4e+38 5.44094982615206e-05 5.58266001462471e-05 5.72520984860603e-05 5.90888012084179e-05 6.10873030382209e-05 6.22096995357424e-05 6.24423992121592e-05 6.28591005806811e-05 6.31353977951221e-05 6.39037971268408e-05 6.41816004645079e-05 6.25895991106518e-05 6.05954992352054e-05 5.83358996664174e-05 5.65441005164757e-05 5.44903996342327e-05 5.36935986019671e-05 5.32464982825331e-05 5.40848013770301e-05 5.48269017599523e-05 5.47472009202465e-05 5.52769015484955e-05 5.64268993912265e-05 5.64811016374733e-05 5.72511016798671e-05 5.78565013711341e-05 5.86903006478678e-05 5.9706399042625e-05
-3.4e+38 -3.4e+38 -3.4e+38 -3.4e+38 -3.4e+38 -3.4e+38 -3.4e+38 -3.4e+38 -3.4e+38 -3.4e+38 -3.4e+38 -3.4e+38 -3.4e+38 -3.4e+38 -3.4e+38 -3.4e+38 -3.4e+38 5.73309007450007e-05 5.65291993552819e-05 5.88410002819728e-05 5.87303002248518e-05 6.0965001466684e-05 6.16468969383277e-05 6.26510009169579e-05 6.38713027001359e-05 6.47350025246851e-05 6.48843997623771e-05 6.41325968899764e-05 6.38929996057414e-05 6.3832601881586e-05 6.23739979346283e-05 6.05481982347555e-05 5.97094986005686e-05 5.82557986490428e-05 5.67011011298746e-05 5.56517006771173e-05 5.49545002286322e-05 5.41512999916449e-05 5.39081011083908e-05 5.39694010512903e-05 5.34245991730131e-05 5.38204003532883e-05 5.3889598348178e-05 5.2487499488052e-05 5.44079011888243e-05 5.53749996470287e-05 5.68846007809043e-05 5.81796011829283e-05 5.81249987590127e-05
-3.4e+38 -3.4e+38 -3.4e+38 -3.4e+38 -3.4e+38 -3.4e+38 -3.4e+38 -3.4e+38 -3.4e+38 -3.4e+38 -3.4e+38 -3.4e+38 -3.4e+38 -3.4e+38 -3.4e+38 -3.4e+38 5.90978015679866e-05 6.43043968011625e-05 6.36316035524942e-05 6.35126998531632e-05 6.07490001129918e-05 6.06444991717581e-05 6.14226009929553e-05 6.29991991445422e-05 6.39310965198092e-05 6.36502009001561e-05 6.35168980807066e-05 6.3445397245232e-05 6.3375300669577e-05 6.22309016762301e-05 6.11419018241577e-05 6.00042985752225e-05 5.85285015404224e-05 5.64422989555169e-05 5.50598997506313e-05 5.40289984201081e-05 5.34442988282535e-05 5.26557996636257e-05 5.2122999477433e-05 5.14308994752355e-05 5.06266005686484e-05 5.05101997987367e-05 5.08812991029117e-05 5.11619000462815e-05 5.5733798944857e-05 5.60925000172574e-05 5.62897002964746e-05 5.61701017431915e-05 5.66615017305594e-05
-3.4e+38 -3.4e+38 -3.4e+38 -3.4e+38 -3.4e+38 -3.4e+38 -3.4e+38 -3.4e+38 -3.4e+38 -3.4e+38 -3.4e+38 -3.4e+38 -3.4e+38 5.72350982110947e-05 5.40108994755428e-05 5.38089989277069e-05 5.8896101108985e-05 6.07742986176163e-05 6.26428009127267e-05 6.18546982877888e-05 6.05376990279183e-05 5.99179002165329e-05 6.04453016421758e-05 6.13802985753864e-05 7.03823025105521e-05 6.20716018602252e-05 6.18655030848458e-05 6.12860967521556e-05 6.02055988565553e-05 5.95878009335138e-05 5.91403004364111e-05 5.79014013055712e-05 5.64198999200016e-05 5.47078016097657e-05 5.38048989255913e-05 5.2542000048561e-05 5.16465988766868e-05 5.08390985487495e-05 4.92422004754189e-05 4.83695985167287e-05 4.83383992104791e-05 5.0033901061397e-05 5.28314012626652e-05 5.393250103225e-05 5.53315985598601e-05 5.56798986508511e-05 5.41935005458072e-05 5.35908002348151e-05 5.40930996066891e-05
-3.4e+38 -3.4e+38 -3.4e+38 -3.4e+38 -3.4e+38 -3.4e+38 -3.4e+38 -3.4e+38 -3.4e+38 -3.4e+38 5.32718004251365e-05 5.15571991854813e-05 5.24628012499306e-05 5.36240004294086e-05 5.21112997375894e-05 5.47628987987991e-05 6.02660002186894e-05 6.12521980656311e-05 6.46632979623973e-05 6.59356010146439e-05 6.54483010293916e-05 6.46947009954602e-05 6.46109983790666e-05 6.43521998426877e-05 6.44722967990674e-05 6.3911298639141e-05 6.26694964012131e-05 6.09193011769094e-05 5.93810982536525e-05 5.78955005039461e-05 5.71033997402992e-05 5.57940002181567e-05 5.48723983229138e-05 5.40692999493331e-05 5.35688013769686e-05 5.17789012519643e-05 4.91983009851538e-05 4.7768098738743e-05 4.69678016088437e-05 4.92409017169848e-05 5.15415995323565e-05 5.32744998054113e-05 5.44996983080637e-05 5.4257001465885e-05 5.38560016138945e-05 5.31141995452344e-05 5.09413002873771e-05 5.12851001985837e-05 5.18718006787822e-05
-3.4e+38 -3.4e+38 -3.4e+38 -3.4e+38 -3.4e+38 -3.4e+38 -3.4e+38 -3.4e+38 -3.4e+38 -3.4e+38 5.34011996933259e-05 5.1851398893632e-05 4.72011015517637e-05 4.67284007754643e-05 5.00232017657254e-05 4.87903998873662e-05 6.38677011011168e-05 5.81259992031846e-05 6.22496008872986e-05 6.48181012365967e-05 6.60014993627556e-05 6.58369972370565e-05 6.67420972604305e-05 6.64562030578963e-05 6.6345302911941e-05 6.62547026877292e-05 6.41790975350887e-05 6.25059983576648e-05 6.122249760665e-05 5.79762017878238e-05 5.47771996934898e-05 5.31541008967906e-05 5.26752992300317e-05 5.17566004418768e-05 5.1543400331866e-05 5.02363000123296e-05 4.84181000501849e-05 4.8087298637256e-05 4.92701001348905e-05 5.17281987413298e-05 5.33735001226887e-05 5.40705987077672e-05 5.2950101235183e-05 5.14911007485352e-05 5.07227996422444e-05 4.98271001561079e-05 4.96102002216503e-05 5.01264003105462e-05 5.06403994222637e-05
-3.4e+38 -3.4e+38 -3.4e+38 -3.4e+38 -3.4e+38 -3.4e+38 -3.4e+38 -3.4e+38 -3.4e+38 -3.4e+38 5.76780985284131e-05 5.70578013139311e-05 5.69096991966944e-05 5.73811994399875e-05 5.80183987040073e-05 6.11692012171261e-05 6.21846993453801e-05 5.92787000641692e-05 5.78229009988718e-05 5.82592983846553e-05 5.68069008295424e-05 6.08879017818253e-05 6.01821993768681e-05 6.14231030340306e-05 6.16651013842784e-05 6.09921007708181e-05 6.06093999522272e-05 6.01473984715994e-05 5.91706993873231e-05 5.74611985939555e-05 5.60611988476012e-05 5.46496012248099e-05 5.26114999956917e-05 5.10050012962893e-05 5.01108988828491e-05 4.92172002850566e-05 4.84486990899313e-05 4.8594200052321e-05 4.9249498260906e-05 4.9506201321492e-05 4.95142994623166e-05 4.98972985951696e-05 4.89919984829612e-05 4.83814983454067e-05 4.84019001305569e-05 4.92840008519124e-05 4.85470009152777e-05 4.87030010845046e-05 4.95107997267041e-05
-3.4e+38 -3.4e+38 -3.4e+38 -3.4e+38 -3.4e+38 -3.4e+38 -3.4e+38 -3.4e+38 -3.4e+38 -3.4e+38 6.16792021901347e-05 6.11899013165385e-05 6.13247975707054e-05 6.36104014120065e-05 6.63316968712024e-05 7.10343010723591e-05 7.11488028173335e-05 6.92429966875352e-05 6.31595976301469e-05 6.04275992373005e-05 6.186289829202e-05 6.09261005592998e-05 5.95468009123579e-05 5.88358016102575e-05 5.90050985920243e-05 6.01866013312247e-05 6.09685994277243e-05 6.05489003646653e-05 5.92061987845227e-05 5.70416013943031e-05 5.54385005671065e-05 5.40096007171087e-05 5.24440984008834e-05 5.20057983521838e-05 4.97157998324838e-05 4.779650043929e-05 4.65490011265501e-05 4.6213001041906e-05 4.66411001980305e-05 4.71825005661231e-05 4.69127990072593e-05 4.75646993436385e-05 4.76659006380942e-05 4.67161989945453e-05 4.75148990517482e-05 4.72620013169944e-05 4.73569016321562e-05 4.76478999189567e-05 4.85290001961403e-05
-3.4e+38 -3.4e+38 -3.4e+38 -3.4e+38 -3.4e+38 -3.4e+38 -3.4e+38 -3.4e+38 -3.4e+38 -3.4e+38 6.28847992629744e-05 6.18685007793829e-05 6.05735003773589e-05 5.97190010012127e-05 6.01872015977278e-05 6.08146001468413e-05 6.1505998019129e-05 6.19747006567195e-05 6.14387972746044e-05 6.05977984378114e-05 6.08504014962818e-05 6.07346009928733e-05 6.23703017481603e-05 6.24481981503777e-05 6.29015994491056e-05 6.35592004982755e-05 6.33586969343014e-05 6.2055500166025e-05 6.08816990279593e-05 5.94484008615837e-05 5.76405982428696e-05 5.62716013519093e-05 5.3680400014855e-05 5.13441009388771e-05 4.81097995361779e-05 4.60144983662758e-05 4.67604004370514e-05 4.71614002890419e-05 4.72635983896907e-05 4.74742009828333e-05 4.73088985017966e-05 4.70925006084144e-05 4.68842990812846e-05 4.63315991510171e-05 4.67005993414205e-05 4.63133983430453e-05 4.60016999568325e-05 4.64078984805383e-05 4.70552004117053e-05
-3.4e+38 -3.4e+38 -3.4e+38 -3.4e+38 -3.4e+38 -3.4e+38 -3.4e+38 -3.4e+38 -3.4e+38 6.92449029884301e-05 6.54047034913674e-05 6.31406001048163e-05 5.99947015871294e-05 5.74976002098992e-05 5.75933991058264e-05 5.88196999160573e-05 6.11708019278012e-05 6.25067987130024e-05 6.16195975453593e-05 6.3098399550654e-05 6.36053009657189e-05 6.15481985732913e-05 6.22626976110041e-05 6.29968999419361e-05 6.28354027867317e-05 6.20017017354257e-05 6.14618984400295e-05 6.13052980042994e-05 6.05522000114433e-05 6.01626015850343e-05 5.86919995839708e-05 5.75191006646492e-05 5.64071997359861e-05 5.38126987521537e-05 5.17094013048336e-05 5.04562012793031e-05 5.10782010678668e-05 5.10268000653014e-05 4.95421991217881e-05 4.97061992064118e-05 4.94228988827672e-05 4.77393004985061e-05 4.66437013528775e-05 4.61929994344246e-05 4.57706009910908e-05 4.61673989775591e-05 4.55049994343426e-05 4.52608001069166e-05 4.55640984000638e-05
-3.4e+38 -3.4e+38 -3.4e+38 -3.4e+38 -3.4e+38 -3.4e+38 -3.4e+38 -3.4e+38 -3.4e+38 7.02143006492406e-05 6.52371963951737e-05 6.20642022113316e-05 5.90183008171152e-05 5.91698008065578e-05 6.16585020907223e-05 6.21052968199365e-05 6.28355992375873e-05 6.17882033111528e-05 6.29171991022304e-05 6.64066028548405e-05 6.80941011523828e-05 6.6427601268515e-05 6.5203697886318e-05 6.47855995339341e-05 6.38331985101104e-05 6.23871965217404e-05 6.20413993601687e-05 6.23645028099418e-05 6.18892008787952e-05 6.08502996328752e-05 6.10424031037837e-05 6.04714005021378e-05 5.85732013860252e-05 5.67897004657425e-05 5.40426008228678e-05 5.33862003067043e-05 5.32634985574987e-05 5.4895401262911e-05 5.50092008779757e-05 5.41441986570135e-05 5.25729992659763e-05 5.07153017679229e-05 4.91454011353198e-05 4.79695008834824e-05 4.65010998595972e-05 4.61599993286654e-05 4.58579015685245e-05 4.56697016488761e-05 4.58216018159874e-05
-3.4e+38 -3.4e+38 -3.4e+38 -3.4e+38 -3.4e+38 -3.4e+38 -3.4e+38 -3.4e+38 6.89883963786997e-05 6.85417981003411e-05 6.5029897086788e-05 6.30615031695925e-05 6.20930004515685e-05 6.24790991423652e-05 6.31528018857352e-05 6.51540030958131e-05 7.496630132664e-05 7.75138032622635e-05 7.08535008016042e-05 6.94675982231274e-05 7.08244988345541e-05 7.25717982277274e-05 7.22499971743673e-05 6.97205978212878e-05 6.73309987178072e-05 6.52024973533116e-05 6.40416983515024e-05 6.37678022030741e-05 6.44899992039427e-05 6.48268978693523e-05 6.44820975139737e-05 6.36249969829805e-05 6.01458013989031e-05 5.82616012252402e-05 5.96212012169417e-05 6.13532029092312e-05 6.19881975580938e-05 6.09954986430239e-05 5.80220003030263e-05 5.61521992494818e-05 5.48591015103739e-05 5.20387984579429e-05 5.0824699428631e-05 5.0002501666313e-05 4.95579988637473e-05 4.90302008984145e-05 4.9478800065117e-05 4.97270011692308e-05 4.7914800234139e-05
-3.4e+38 -3.4e+38 -3.4e+38 -3.4e+38 -3.4e+38 -3.4e+38 -3.4e+38 -3.4e+38 6.58912031212822e-05 6.6305699874647e-05 6.56703996355645e-05 6.43434032099321e-05 6.48903005640022e-05 6.72163005219772e-05 7.40585019229911e-05 7.9202298365999e-05 7.82975985202938e-05 7.17720031389035e-05 6.79732984281145e-05 6.62324964650907e-05 6.56147967674769e-05 6.592930003535e-05 6.75554983899929e-05 7.0257403422147e-05 7.08278021193109e-05 7.05252023180947e-05 6.99217998771928e-05 6.96710994816385e-05 6.76062991260551e-05 6.72189999022521e-05 6.82629033690318e-05 6.85936029185541e-05 6.64832987240516e-05 6.65674015181139e-05 6.78416035952978e-05 6.93783003953286e-05 6.96912975399755e-05 6.60311998217367e-05 6.03269982093479e-05 5.75886988372076e-05 5.60847984161228e-05 5.46377996215597e-05 5.43388996447902e-05 5.36051011295058e-05 5.42587986274157e-05 5.37779997102916e-05 5.32355988980271e-05 5.26857984368689e-05 5.30135985172819e-05
-3.4e+38 -3.4e+38 -3.4e+38 -3.4e+38 -3.4e+38 -3.4e+38 -3.4e+38 -3.4e+38 6.32278970442712e-05 6.43271996523254e-05 6.31881994195282e-05 6.4062696765177e-05 6.43743987893686e-05 6.43207968096249e-05 6.84464976075105e-05 7.023799844319e-05 6.92316971253604e-05 7.2162103606388e-05 7.86297969170846e-05 7.78769026510417e-05 6.93119000061415e-05 6.78060023346916e-05 6.97045979904942e-05 7.14447014615871e-05 6.87204010318965e-05 6.84831029502675e-05 6.97228024364449e-05 7.09290034137666e-05 7.08916995790787e-05 7.08771985955536e-05 7.05644997651689e-05 7.25954014342278e-05 7.22628974472173e-05 7.18912997399457e-05 7.31606996851042e-05 -3.4e+38 7.59815011406317e-05 6.97184004820883e-05 6.30830982117914e-05 6.00029015913606e-05 5.84392983000726e-05 5.8359499234939e-05 5.79605984967202e-05 5.78891012992244e-05 5.89283990848344e-05 5.79970983380917e-05 5.71939017390832e-05 5.51341981918085e-05 5.64526999369264e-05
-3.4e+38 -3.4e+38 -3.4e+38 -3.4e+38 -3.4e+38 -3.4e+38 -3.4e+38 -3.4e+38 5.70228003198281e-05 5.77659993723501e-05 5.80513005843386e-05 6.06038993282709e-05 6.12599033047445e-05 6.26389009994455e-05 6.35243995930068e-05 6.37090997770429e-05 6.89535008859821e-05 6.78760989103466e-05 6.85874983901158e-05 7.04763006069697e-05 6.85490012983792e-05 6.78904980304651e-05 6.92596004228108e-05 7.04916019458324e-05 6.92126996000297e-05 6.90954984747805e-05 7.08359002601355e-05 7.08384031895548e-05 6.97094001225196e-05 7.03409023117274e-05 -3.4e+38 -3.4e+38 7.22538970876485e-05 7.23624980309978e-05 7.42853007977828e-05 7.64739015721716e-05 7.51718980609439e-05 7.05975035089068e-05 6.79082004353404e-05 6.49454013910145e-05 6.36877011856996e-05 6.39310019323602e-05 6.20637001702562e-05 6.24163003521971e-05 6.52249000268057e-05 6.44816973363049e-05 6.04417000431567e-05 5.67718016100116e-05 5.24343995493837e-05
