rodentData/rasterBestModels/Golunda_RDbal_RM2.asc
NCOLS 409 
NROWS 350 
XLLCORNER 60.897278365 
YLLCORNER 5.843756025 
CELLSIZE 0.0892857 
NODATA_value -3.4e+38 
[rows 176 to 197 of 350, columns 196 to 244 of 409]
9.64892969932407e-05 8.37089028209448e-05 8.37299012346193e-05 0.000139380994369276 8.46511975396425e-05 8.36823965073563e-05 8.32746009109542e-05 0.000971763976849616 8.23958034743555e-05 0.000112542002170812 7.97429020167328e-05 7.89581972640008e-05 7.92076025390998e-05 8.02384020062163e-05 0.0001147930015577 0.000118698997539468 8.42520021251403e-05 7.98226028564386e-05 8.41541987028904e-05 8.84445034898818e-05 0.000113453999802005 8.27467010822147e-05 8.17703985376284e-05 9.19329977477901e-05 8.70735020725988e-05 7.88776014815085e-05 8.3294500655029e-05 0.000100755001767538 0.000112424997496419 0.000145247002365068 0.000150598993059248 0.000151611006003805 0.00010572699829936 0.00017900399689097 0.000150549996760674 0.0013034800067544 0.00015283799439203 0.000181171999429353 0.000110629996925127 0.00010937199840555 0.000152624998008832 0.000185286000487395 0.000127708000945859 0.000121579003462102 0.000103416001365986 9.97992028715089e-05 0.000138845003675669 0.000143198005389422 0.000142407006933354
0.000140609001391567 8.31994984764606e-05 0.000115854003524873 8.49550997372717e-05 8.44003006932326e-05 8.39478016132489e-05 0.000137566006742418 0.000979164964519441 9.47161970543675e-05 0.000113260000944138 7.96513995737769e-05 7.81588969402947e-05 7.81311027822085e-05 7.91482016211376e-05 0.000112276997242589 8.1789999967441e-05 8.88638023752719e-05 8.51278018672019e-05 8.45035974634811e-05 7.95868982095271e-05 8.14953018561937e-05 0.000113920999865513 9.5046401838772e-05 9.41309990594164e-05 8.12516009318642e-05 9.10129965632223e-05 0.000118844000098761 0.000132579007185996 0.000142353004775941 0.000150243999087252 0.000153665998368524 0.000154175999341533 0.00129005999770015 0.00131610000971705 0.000152313004946336 0.000153451997903176 0.000184022006578743 0.000184532997081988 0.000110633998701815 0.000107608997495845 0.000180610993993469 0.000112314002763014 0.000127050996525213 0.000176082001416944 0.000171399005921558 0.000145515004987828 0.000173610998899676 0.00014552399807144 0.000141287004225887
0.000119579999591224 0.000116782000986859 0.00011577999975998 9.50277972151525e-05 0.000116745999548584 0.000119023003207985 0.000117306000902317 0.00102950003929436 0.000124494006740861 0.000116659000923391 0.000113606001832522 0.000111581000965089 7.97202010289766e-05 0.000111417000880465 0.000112184003228322 8.96716010174714e-05 0.000110916000267025 0.000111005996586755 8.31520010251552e-05 8.4246501501184e-05 8.37269035400823e-05 0.000109537999378517 9.56454023253173e-05 8.73376993695274e-05 9.96383023448288e-05 0.000126305996673182 0.000134254005388357 0.000141169002745301 0.000145799000165425 0.000151422995259054 0.000156221998622641 0.000182873001904227 0.000152170003275387 0.00015592499403283 0.000151204993017018 0.000108792002720293 0.000153190005221404 0.000184479999006726 0.000112241999886464 0.000152904001879506 0.00011113299842691 0.000127466002595611 0.000126749000628479 0.0001767759968061 0.000175469001987949 0.000147234997712076 0.000147498998558149 0.000104373997601215 0.000140156000270508
0.000206697994144633 9.65665021794848e-05 9.33026967686601e-05 9.51303009060211e-05 0.000141690994496457 9.87539024208672e-05 8.97240024642088e-05 0.000127759005408734 0.000124077007058077 0.000118837000627536 8.31677025416866e-05 0.000113378999230918 0.000112672998511698 0.000112702997284941 7.98765031504445e-05 0.000110970002424438 0.000113809001049958 9.54026982071809e-05 0.000121129996841773 0.000119880998681765 9.39293968258426e-05 9.32035982259549e-05 9.3119902885519e-05 0.000123535006423481 0.000129260995890945 0.000134768997668289 0.000140040996484458 0.000145080994116142 0.000147433005622588 0.000148338993312791 0.000151735002873465 0.000109895998321008 0.000108859996544197 0.000109973996586632 0.000109441003587563 0.000109603002783842 0.000110178996692412 0.000156139998580329 0.000157375005073845 0.000154402005136944 0.000125994003610685 0.000184901000466198 0.000179226000909694 0.000118930998723954 0.000174023007275537 0.00014769600238651 0.000147012993693352 0.000171257997862995 0.000102765996416565
0.000128761996165849 0.00010107499838341 9.84041980700567e-05 9.63932034210302e-05 9.71016997937113e-05 0.000100208999356255 9.08978036022745e-05 0.000101427001936827 8.85721965460107e-05 0.000121422002848703 0.000118160001875367 0.000115112001367379 0.000114059999759775 8.21104986243881e-05 8.10838027973659e-05 9.09484006115235e-05 0.000116640003398061 0.000119468000775669 9.88785977824591e-05 9.61233017733321e-05 8.97849022294395e-05 9.28368026507087e-05 9.51952970353886e-05 0.000123442005133256 0.000131193999550305 0.000136364003992639 0.000141698998049833 0.00014738499885425 0.000149077997775748 0.000149072002386674 0.000152521999552846 0.000152342996443622 0.000110535998828709 0.000110565000795759 0.000156221998622641 0.000112230001832359 0.000153393993969075 0.000110100998426788 0.000126868006191216 0.000111606001155451 0.000110285000118893 0.000124757993035018 0.000120771997899283 0.000116620998596773 0.000103550002677366 0.000174808999872766 0.000174011001945473 0.00014404600369744 0.000102908998087514
0.00010920999920927 9.24659980228171e-05 0.000122209006804042 8.8672801211942e-05 8.91593008418567e-05 0.000102318001154345 9.15284035727382e-05 9.91908964351751e-05 9.59815006353892e-05 0.000119244999950752 0.00011582799925236 8.91469026100822e-05 7.88570978329517e-05 0.000113116002466995 0.000112950998300221 0.000116083996545058 8.46643015393056e-05 0.000116777999210171 0.00012306499411352 9.69655011431314e-05 9.86048980848864e-05 9.52456975937821e-05 9.45607025641948e-05 0.000112374997115694 0.000131865002913401 0.00013772799866274 0.00010090800060425 0.000103051999758463 0.000146564998431131 0.000107938001747243 0.000150307998410426 0.000154117005877197 0.000110929002403282 0.000112100999103859 0.000112071997136809 0.000112280002213083 0.000111767003545538 0.000111996996565722 0.000111850997200236 0.00011069900210714 0.000109546999738086 0.000119299998914357 8.4530096501112e-05 0.000116784001875203 0.000115663999167737 0.000146769001730718 0.000173363005160354 0.000145636993693188 0.000138357005198486
0.000112818001070991 9.84974976745434e-05 9.11749011720531e-05 8.99492006283253e-05 0.000153393993969075 9.40867976169102e-05 0.000156091002281755 0.000103389000287279 9.83044010354206e-05 9.57074007601477e-05 0.000119413001812063 0.000115018003270961 0.000113472997327335 0.000113460002467036 8.2259597547818e-05 8.2215599832125e-05 9.60187026066706e-05 9.71925983321853e-05 8.90048031578772e-05 9.80440963758156e-05 9.87035018624738e-05 9.22139006434008e-05 9.11011011339724e-05 6.09396993240807e-05 0.000134433998027816 0.000137290000566281 0.000140642994665541 0.000115736002044287 0.000115529001050163 0.000152228007209487 0.00015309700393118 0.000110505003249273 0.000110752996988595 0.00011136700049974 0.00011186800111318 0.000111783003376331 0.000111164998088498 0.000158206996275112 0.00011355199967511 0.000112597001134418 0.00011579500278458 8.06821990408935e-05 9.70112014329061e-05 8.3984101365786e-05 0.000115426002594177 0.000103632002719678 0.000166016005096026 0.000142945995321497 0.000162106996867806
0.000134740999783389 9.96615999611095e-05 0.000132403001771308 9.24510968616232e-05 0.000104418002592865 0.000145854006404988 0.000121163997391704 0.000132561995997094 0.000128282001242042 0.000123810998047702 0.000121463002869859 0.000147076003486291 0.000123749996419065 0.000116176997835282 9.5669602160342e-05 0.000120596996566746 9.0607900347095e-05 8.95869015948847e-05 9.12727991817519e-05 0.000105981998785865 0.000104970000393223 8.46855982672423e-05 6.43386010779068e-05 6.99434967827983e-05 0.00010779299918795 9.7037001978606e-05 0.000139089999720454 0.000139601004775614 0.000115932998596691 0.000121299002785236 0.000152962995343842 0.000127025006804615 0.000113668000267353 0.000114839000161737 0.000111246001324616 0.000111679997644387 0.000158449998707511 0.000132550994749181 0.000128990999655798 0.000126932005514391 0.000105977000202984 7.79792026150972e-05 7.63791977078654e-05 7.35276989871636e-05 0.000134347996208817 0.000108695996459574 0.000108952997834422 0.000100675999419764 0.00013633600610774
0.000137840004754253 0.000136931004817598 0.000134600006276742 0.000135736001539044 0.000133402005303651 0.000125032005598769 0.000125459002447315 0.000155397996422835 9.66451989370398e-05 0.000128045998280868 0.000129045001813211 0.000106402003439143 0.000131135995616205 0.000106184001197107 0.000127651001093909 0.000129773994558491 9.46270010899752e-05 0.000132387998746708 9.48047018027864e-05 9.24717023735866e-05 0.000114930000563618 9.06342975213192e-05 7.41562034818344e-05 6.66932028252631e-05 6.48814020678401e-05 7.88795005064458e-05 7.15014975867234e-05 0.000101496996649075 8.34733000374399e-05 0.000116408999019768 0.000122718003694899 0.000121766002848744 0.000122569006634876 0.000123627003631555 0.000126355997053906 0.000112583002191968 0.000129997002659366 0.000125464997836389 0.000120322998554911 0.000114390000817366 0.000143362005474046 9.73365968093276e-05 7.6284799433779e-05 7.5565003498923e-05 7.47941012377851e-05 9.12437972147018e-05 0.000231026002438739 0.000139769006636925 9.86782033578493e-05
0.000137880997499451 0.000137883995193988 0.000139037001645193 0.000139715004479513 0.000142171993502416 0.000176497997017577 0.000133690002257936 0.000163076998433098 0.000234556006034836 0.000109104003058746 0.000134318004711531 0.000165846999152564 0.000110897999547888 0.000129816995467991 0.000134268004330806 0.000134866000735201 0.000138179995701648 0.000139687006594613 0.00010296000255039 9.88811007118784e-05 9.65572035056539e-05 9.31007016333751e-05 7.62892013881356e-05 6.55242984066717e-05 6.35030010016635e-05 7.77034001657739e-05 9.89508989732713e-05 0.000101283003459685 9.62167032412253e-05 0.000111870998807717 0.000145483005326241 0.000113085996417794 0.000118194002425298 0.000149535000673495 0.000124054000480101 0.000121755998407025 0.000121662000310607 0.000118381998618133 8.45082977320999e-05 8.10982019174844e-05 7.5241201557219e-05 7.29386010789312e-05 7.31746986275539e-05 7.47548983781599e-05 6.87451974954456e-05 8.37754996609874e-05 0.000101858000562061 0.000102994999906514 0.00010882400238188
0.000144562000059523 0.00014552399807144 0.000146292004501447 0.000148299994179979 0.00014893600018695 0.000153789995238185 0.000152587002958171 0.000182681003934704 0.000151289001223631 0.000114034999569412 0.000163321004947647 0.000170319006429054 0.000141853000968695 0.000100730001577176 0.000139608004246838 0.000112635003461037 0.000115921997348778 0.000134261994389817 0.000107888998172712 0.000130236992845312 9.8032302048523e-05 0.000106216000858694 6.7900400608778e-05 5.59684012841899e-05 6.90640008542687e-05 7.73179999669082e-05 0.000100370001746342 8.19385968497954e-05 8.15914027043618e-05 0.000111214001663029 0.000139548006700352 0.000111096000182442 0.000116980001621414 0.000148506005643867 0.000174449000041932 0.000119634001748636 0.000116763003461529 9.87917010206729e-05 8.28600968816318e-05 7.9297496995423e-05 7.82011993578635e-05 7.17955990694463e-05 6.94381014909595e-05 7.0218498876784e-05 6.58093995298259e-05 8.30378994578496e-05 9.61693003773689e-05 0.000170293002156541 0.000113036003313027
0.000148253995575942 0.00015594600699842 0.000147825994645245 0.00015255699690897 0.000155026995344087 0.000154075998580083 0.000156537003931589 0.000189401005627587 0.000185169003088959 0.000118158997793216 0.000111077002657112 0.000141936994623393 0.000118695999844931 0.000148014994920231 0.000146222999319434 0.000115406000986695 0.000120484997751191 0.000143393001053482 0.000233579994528554 0.000103211998066399 0.00016829400556162 6.21068029431626e-05 5.91087991779204e-05 5.72762983210851e-05 0.000161139003466815 8.5311199654825e-05 0.000104305996501353 8.47179981064983e-05 0.000104213002487086 0.000105318998976145 8.4276900452096e-05 0.000103956001112238 0.000136204005684704 0.000142139004310593 0.000170785002410412 0.000117533003503922 0.000115233000542503 9.91004999377765e-05 8.30201024655253e-05 8.2076498074457e-05 7.88289034971967e-05 6.93925976520404e-05 6.47647029836662e-05 6.58451972412877e-05 6.56710035400465e-05 8.02185968495905e-05 9.8131196864415e-05 0.00024613700225018 0.000145340003655292
0.000146621998283081 0.000153405999299139 0.000153482993482612 0.000158366005052812 0.000158479000674561 0.00015979100135155 0.00016385100025218 0.000167293997947127 0.000191383995115757 0.000126469996757805 0.000116602001071442 0.000113677000626922 0.000146179998409934 0.00015251399599947 0.000123884994536638 0.000264030008111149 0.000125696999020875 0.000185505996341817 0.000119908996566664 0.0001170679970528 6.58353965263814e-05 6.26717010163702e-05 5.94771991018206e-05 6.44000028842129e-05 8.03496004664339e-05 8.49407006171532e-05 8.37018014863133e-05 8.3237697253935e-05 0.000102056001196615 0.000103013997431844 0.000100076002127025 8.49384014145471e-05 0.000102115001936909 0.000131812004838139 0.000137679002364166 0.000135957001475617 0.000132283996208571 9.48274973779917e-05 9.90085973171517e-05 6.76409035804681e-05 7.44037970434874e-05 7.1088201366365e-05 6.3904000853654e-05 7.94459992903285e-05 6.63301980239339e-05 7.79120964580216e-05 0.000105457998870406 0.000168953993124887 0.000168586993822828
0.00015505199553445 0.000154043998918496 0.00015456200344488 0.000165278004715219 0.000165132005349733 0.000163769000209868 0.000164404002134688 0.00016691000200808 0.000162113996339031 0.000126774000818841 0.000121028002467938 0.000117782001325395 0.000121718003356364 0.000127513994812034 0.000131035994854756 0.000130393003928475 0.000131748005514964 0.000158965995069593 0.000157695001689717 0.000101227000413928 6.60294972476549e-05 6.10397983109578e-05 0.000124986996524967 7.75552034610882e-05 8.97666031960398e-05 8.75269979587756e-05 0.000102493999293074 8.02916983957402e-05 7.96470994828269e-05 7.62873023631983e-05 7.63268035370857e-05 6.68619031785056e-05 7.17970033292659e-05 9.38356970436871e-05 9.76477967924438e-05 0.000100122000731062 9.50194007600658e-05 0.000105922998045571 7.30333995306864e-05 6.78292999509722e-05 6.73977992846631e-05 6.63151004118845e-05 6.13508018432185e-05 6.2643302953802e-05 7.21250980859622e-05 9.40401005209424e-05 0.000111314999230672 0.000102475998573937 0.000112875997729134
0.000166494006407447 0.000167920996318571 0.000158800001372583 0.000163499993504956 0.000206797994906083 0.000164651006343774 0.000166775993420742 0.000167295002029277 0.000168740007211454 0.00137856998480856 0.000126672995975241 0.000124187994515523 0.000126786006148905 0.000131727996631525 0.000118422001833096 0.000163036995218135 0.000164819997735322 0.000164440003572963 0.000129434003611095 0.000113984999188688 7.83396026236005e-05 6.00327985011972e-05 5.99757986492477e-05 8.12848011264578e-05 0.00011931100016227 0.000120548000268172 9.01695020729676e-05 8.38872001622804e-05 5.90913987252861e-05 5.71447999391239e-05 6.87837018631399e-05 6.466139893746e-05 7.47555968700908e-05 7.24562996765599e-05 8.19136985228397e-05 0.000179131995537318 0.000101924000773579 0.000101040997833479 0.000106416002381593 8.54414029163308e-05 8.59093997860327e-05 6.34394964436069e-05 6.10153983870987e-05 6.35827018413693e-05 7.31968975742348e-05 0.000105965998955071 0.000112840003566816 0.000139049996505491 0.000113524998596404
0.000169802995515056 0.000168698999914341 0.000165509001817554 0.000284429988823831 0.000169439997989684 0.000292465992970392 0.000168648999533616 0.0014793899608776 0.000179345996002667 0.00151059997733682 0.000134896996314637 0.000127552993944846 0.000132785004097968 0.0001690079952823 0.00016922400391195 0.000166113997693174 0.000164886005222797 0.000164309007232077 0.000124857993796468 0.000120297998364549 0.000108574000478256 7.27630977053195e-05 6.05999994149897e-05 8.3159698988311e-05 9.89218970062211e-05 0.000122031000501011 9.59293029154651e-05 8.92112002475187e-05 4.48321989097167e-05 4.515460022958e-05 5.27416013937909e-05 6.56460979371332e-05 6.31391012575477e-05 0.000100115001259837 8.06895986897871e-05 9.90159969660453e-05 0.000100031997135375 8.09962002676912e-05 0.00010566499986453 0.000102824000350665 0.000104815000668168 8.41192013467662e-05 8.59697975101881e-05 6.22032966930419e-05 8.41802029754035e-05 0.000118941003165673 0.000164676006534137 0.00016817900177557 0.000113668000267353
0.000300185987725854 0.000168286002008244 0.000245297007495537 0.00013478500477504 0.000151586995343678 0.000168123995536007 0.000170076003996655 0.00017085399304051 0.000174348999280483 0.00018034600361716 0.000138614006573334 0.000131925000459887 0.000286727998172864 0.000171745006809942 0.000170237006386742 0.000181228999281302 0.000121001001389232 0.000251560006290674 0.000115902003017254 0.0001101980014937 9.22764011193067e-05 6.61072990624234e-05 5.94507982896175e-05 8.33430967759341e-05 9.7676100267563e-05 9.62190970312804e-05 8.84215987753123e-05 5.18954002473038e-05 4.2441301047802e-05 4.08359010179993e-05 4.08728010370396e-05 5.02547009091359e-05 5.75543017475866e-05 6.73972972435877e-05 9.1384703409858e-05 7.34998029656708e-05 9.17233992367983e-05 7.77457971707918e-05 8.32039004308172e-05 8.34895035950467e-05 0.000100539000413846 0.000101694000477437 0.000103874001069926 8.87061978573911e-05 0.000103045997093432 0.000160723997396417 0.000136097994982265 0.000169438993907534 0.000137805996928364
0.00017604099411983 0.000144720994285308 0.000169449005625211 0.000140810006996617 0.000136407004902139 0.000174582994077355 0.000179119000677019 0.000173898995853961 0.000172511994605884 0.00017490099708084 0.000207574004889466 0.000204209005460143 0.000136493996251374 0.000138834002427757 0.000174946995684877 0.000148443999933079 0.000121213000966236 0.000116082999738865 0.000138411996886134 0.000110291002783924 8.11120989965275e-05 5.80652995267883e-05 5.85318011872005e-05 8.19209017208777e-05 9.69535976764746e-05 9.39617020776495e-05 5.45492002856918e-05 3.85364000976551e-05 3.77916985598858e-05 3.6129800719209e-05 3.52768001903314e-05 3.89089000236709e-05 4.77083995065186e-05 6.84111000737175e-05 7.10116000846028e-05 8.54644022183493e-05 7.02541001373902e-05 8.76694975886494e-05 6.75039991619997e-05 7.99607005319558e-05 8.16376996226609e-05 0.000101612000435125 8.41177970869467e-05 0.000108745996840298 9.35744974412955e-05 0.000129223000840284 0.000104669998108875 0.000132141998619772 0.000133374996948987
0.000142927005072124 0.00149116001557559 0.000173495995113626 0.000115144001028966 0.000140770993311889 0.000175167006091215 0.000181883995537646 0.000170729006640613 0.000172233994817361 0.000175301000126638 0.000173730993992649 0.000169167993590236 0.00013660300464835 0.000135313006467186 0.000166216006618924 0.000181067996891215 0.00011903399717994 0.000107779997051693 7.88575998740271e-05 7.73853025748394e-05 6.86191997374408e-05 5.95612982579041e-05 5.82380998821463e-05 6.23610976617783e-05 6.30974973319098e-05 5.42716989002656e-05 4.27556005888619e-05 3.72327995137312e-05 3.55691990989726e-05 3.5723700420931e-05 3.49143992934842e-05 3.82571015506983e-05 4.89113008370623e-05 5.07268014189322e-05 7.06020000507124e-05 8.16446990938857e-05 8.58587009133771e-05 6.92721005179919e-05 6.71025991323404e-05 6.54571995255537e-05 9.80002005235292e-05 0.000119634001748636 0.000101944999187253 8.58310013427399e-05 0.000102568999864161 8.77435013535433e-05 0.0001063140007318 0.000122636003652588 0.000128550003864802
0.000165674005984329 0.000172639003721997 0.000172147003468126 0.000161100993864238 0.000118137002573349 0.000265548995230347 0.000151757005369291 0.000128700005006976 0.000153853005031124 0.000164377997862175 0.000144737001392059 0.000171717998455279 0.000137712006107904 0.000166906000231393 0.00016768800560385 0.000153204993694089 0.00011074200301664 7.94883017078973e-05 9.25019994610921e-05 6.96060014888644e-05 6.64395993226208e-05 6.14102027611807e-05 5.81442000111565e-05 5.80068990529981e-05 5.51529010408558e-05 4.61411000287626e-05 3.91352987207938e-05 3.62134996976238e-05 3.50953014276456e-05 3.56935997842811e-05 3.50312984664924e-05 3.50170012097806e-05 3.59861005563289e-05 3.7337598769227e-05 6.26148030278273e-05 6.8926703534089e-05 8.37125990074128e-05 8.60130967339501e-05 6.79576987749897e-05 6.58482022117823e-05 6.7016102548223e-05 0.000102315003459807 0.00010037900210591 0.000101373996585608 0.000100591998489108 7.99268964328803e-05 7.85114025347866e-05 0.000121042998216581 0.000127952996990643
0.00027119301375933 0.000277001992799342 0.000130845000967383 0.000262043991824612 0.000138798000989482 0.000144535006256774 0.000220447996980511 0.000171783001860604 0.000195193002582528 0.000226465999730863 0.000304924993542954 0.000138087998493575 0.000164694007253274 0.000175377994310111 0.000177067995537072 0.000180531002115458 8.57132981764153e-05 9.2696602223441e-05 8.95401026355103e-05 6.73471004120074e-05 6.40521029708907e-05 6.13135998719372e-05 5.88262992096134e-05 5.2209899877198e-05 4.944570173393e-05 4.5697801397182e-05 4.06994986406062e-05 3.67358989024069e-05 3.57991011696868e-05 3.53387003997341e-05 3.50459013134241e-05 3.52659990312532e-05 3.4735301596811e-05 3.80712008336559e-05 4.99833004141692e-05 8.88038994162343e-05 7.21140968380496e-05 7.24564015399665e-05 7.03504992998205e-05 6.73047979944386e-05 8.31038996693678e-05 8.28764023026451e-05 0.000102013000287116 0.000122577999718487 0.000122341007227078 0.000102632999187335 7.87729004514404e-05 9.22714971238747e-05 0.000125131002278067
0.000281257001915947 0.000159374001668766 0.000153592001879588 0.000152011998579837 0.000145931000588462 0.000141349999466911 0.000103673002740834 0.000170729996170849 0.000197342000319622 0.000131395005155355 0.000134685993543826 0.000129954001749866 0.00013272199430503 0.000165642995852977 0.000144328994792886 0.000137686001835391 8.45114991534501e-05 0.000103951002529357 7.33000997570343e-05 6.82220997987315e-05 6.35366013739258e-05 6.13657975918613e-05 5.5254600738408e-05 5.05298012285493e-05 5.05370990140364e-05 4.99136986036319e-05 4.42197997472249e-05 3.87608997698408e-05 3.70156994904391e-05 3.59623991244007e-05 3.56579985236749e-05 3.54932017216925e-05 3.68203982361592e-05 3.97607000195421e-05 5.0260601710761e-05 7.37933005439118e-05 9.0256602561567e-05 7.47826998122036e-05 0.000110644003143534 8.97420031833462e-05 0.000185872995643876 8.51767981657758e-05 0.000105421000625938 0.000108061998616904 0.000121944998682011 0.000101099998573773 0.000119828997412696 8.51232034619898e-05 9.79531978373416e-05
