rodentData/rasterBestModels/Golunda_RDbal_RM2.asc
NCOLS 409 
NROWS 350 
XLLCORNER 60.897278365 
YLLCORNER 5.843756025 
CELLSIZE 0.0892857 
NODATA_value -3.4e+38 
[rows 154 to 175 of 350, columns 294 to 342 of 409]
7.70714977988973e-05 7.38339003873989e-05 7.10258973413147e-05 7.04007034073584e-05 7.85422016633675e-05 6.99543015798554e-05 6.96007991791703e-05 6.8922498030588e-05 6.80978992022574e-05 6.67653002892621e-05 6.42653030809015e-05 8.52328012115322e-05 8.25027964310721e-05 5.89695009693969e-05 5.96919999225065e-05 8.21892972453497e-05 8.13641963759437e-05 8.00900015747175e-05 8.01546993898228e-05 8.09784978628159e-05 8.14435989013873e-05 5.82266002311371e-05 5.81731001148e-05 8.11920035630465e-05 5.7695600844454e-05 8.01920032245107e-05 7.9376703070011e-05 7.98074033809826e-05 5.67032002436463e-05 7.84509975346737e-05 5.66279013582971e-05 5.63393987249583e-05 5.56759005121421e-05 7.81584021751769e-05 5.56291997781955e-05 7.86446980782785e-05 7.93658982729539e-05 6.3477797084488e-05 6.36647018836811e-05 5.80343985348009e-05 5.66755988984369e-05 5.49374999536667e-05 7.63975986046717e-05 7.47582016629167e-05 7.5163297879044e-05 7.54744978621602e-05 5.95255987718701e-05 6.99953016010113e-05 6.8827997893095e-05
7.91604979895055e-05 7.67606034060009e-05 7.3737399361562e-05 7.27095975889824e-05 7.16662034392357e-05 7.05265993019566e-05 9.78796015260741e-05 7.83095019869506e-05 6.78064970998093e-05 6.63527025608346e-05 6.50119982310571e-05 6.20241989963688e-05 6.01794017711654e-05 5.99043996771798e-05 6.57069977023639e-05 5.90843010286335e-05 5.78229009988718e-05 8.05051968200132e-05 8.06984971859492e-05 8.12707003206015e-05 8.15426028566435e-05 5.90790004935116e-05 5.92590986343566e-05 5.82235988986213e-05 8.08003023848869e-05 8.01623027655296e-05 5.75205995119177e-05 8.04649971541949e-05 5.70871998206712e-05 7.8242301242426e-05 7.90635021985509e-05 5.70410011278e-05 5.6420100008836e-05 7.83205978223123e-05 7.84872972872108e-05 7.9751196608413e-05 8.06910975370556e-05 8.15813982626423e-05 6.59750003251247e-05 5.81692002015188e-05 8.00701018306427e-05 5.53011996089481e-05 5.44772010471206e-05 7.52343985368498e-05 5.35102990397718e-05 5.34013015567325e-05 5.55639999220148e-05 0.000143832992762327 6.10994975431822e-05
8.14610975794494e-05 7.83591967774555e-05 0.000104252998426091 0.000101771001936868 0.000100538003607653 9.87050007097423e-05 9.8150696430821e-05 9.73728019744158e-05 6.78927972330712e-05 6.61544036120176e-05 6.5187101427e-05 6.33226009085774e-05 6.1687700508628e-05 6.00446983298752e-05 6.61059966660105e-05 5.88555994909257e-05 5.80224004806951e-05 8.07511023594998e-05 5.78248000238091e-05 8.11997015262023e-05 8.20452987682074e-05 8.27784024295397e-05 5.90739982726518e-05 5.86353016842622e-05 5.85351990594063e-05 8.03654984338209e-05 5.77079990762286e-05 5.74646001041401e-05 8.04794981377199e-05 5.70679985685274e-05 8.03748989710584e-05 5.72704011574388e-05 8.01904971012846e-05 7.95606028987095e-05 5.65955997444689e-05 5.72811986785382e-05 8.12240032246336e-05 6.59569996059872e-05 -3.4e+38 8.10108031146228e-05 8.01700007286854e-05 7.82349015935324e-05 7.65527001931332e-05 5.37086016265675e-05 7.50387989683077e-05 5.28064010723028e-05 5.46478004253004e-05 0.00013703599688597 8.61341977724805e-05
7.72378989495337e-05 7.62635972932912e-05 8.05114977993071e-05 7.15421992936172e-05 7.01682001817971e-05 6.92703979439102e-05 6.95675989845768e-05 9.68633976299316e-05 6.73165995976888e-05 6.46607004455291e-05 6.37851990177296e-05 6.27488989266567e-05 6.15753015154041e-05 6.05636014370248e-05 6.6126296587754e-05 5.88994989811908e-05 5.79166007810272e-05 5.80150990572292e-05 5.79986990487669e-05 8.15663006505929e-05 8.23010996100493e-05 5.9121801314177e-05 5.91546995565295e-05 5.88287985010538e-05 5.90167001064401e-05 5.87973991059698e-05 5.8383600844536e-05 5.81794993195217e-05 5.84312983846758e-05 8.12798025435768e-05 5.79976986045949e-05 5.72243989154231e-05 5.70064985367935e-05 8.04809023975395e-05 5.72501012356952e-05 5.81351996515878e-05 8.15671010059305e-05 -3.4e+38 -3.4e+38 8.03928996901959e-05 8.06937023298815e-05 5.5595301091671e-05 7.63800999266095e-05 5.35061990376562e-05 5.29760982317384e-05 5.25016002939083e-05 7.3922798037529e-05 5.33792008354794e-05 5.71134005440399e-05
7.87589015089907e-05 7.62893032515422e-05 7.39171009627171e-05 7.41569965612143e-05 6.98902003932744e-05 6.78307987982407e-05 9.50359026319347e-05 9.32172988541424e-05 8.97151985554956e-05 6.23005034867674e-05 6.18756021140143e-05 6.13372976658866e-05 6.03502012381796e-05 6.14751988905482e-05 6.09566995990463e-05 5.96665013290476e-05 5.85189991397783e-05 5.79976003791671e-05 5.81497006351128e-05 8.14868035377003e-05 8.22428992250934e-05 5.92664000578225e-05 5.94361008552369e-05 5.92631986364722e-05 5.95579003856983e-05 5.97231992287561e-05 5.94236989854835e-05 5.86112000746652e-05 5.91470998188015e-05 5.87577997066546e-05 5.85470988880843e-05 5.80679989070632e-05 5.74375990254339e-05 5.77050013816915e-05 5.78528997721151e-05 8.14755985629745e-05 5.81817002967e-05 5.69545991311315e-05 -3.4e+38 5.6555298215244e-05 7.91354032116942e-05 7.70113983890042e-05 7.54381035221741e-05 5.244420026429e-05 5.25596988154575e-05 7.43221025913954e-05 7.39687966415659e-05 7.46551013435237e-05 5.48229982086923e-05
7.65478034736589e-05 7.56571025704034e-05 7.48839011066593e-05 7.47390004107729e-05 6.96899005561136e-05 6.61634985590354e-05 6.4993197156582e-05 6.40151993138716e-05 6.19400016148575e-05 6.0716898587998e-05 6.0440299421316e-05 8.41438013594598e-05 8.38679989101365e-05 6.16651013842784e-05 5.99531012994703e-05 8.32767982501537e-05 5.89457013120409e-05 5.86571004532743e-05 5.88555012654979e-05 5.87780014029704e-05 8.24572998681106e-05 5.91655989410356e-05 5.95136007177643e-05 8.35251994431019e-05 6.00532985117752e-05 6.00788989686407e-05 0.000713994028046727 5.99035993218422e-05 5.98965016251896e-05 5.94738012296148e-05 5.88586008234415e-05 5.85636007599533e-05 5.76958009332884e-05 5.77575010538567e-05 5.78491999476682e-05 5.79681982344482e-05 5.78992985538207e-05 5.73092002014164e-05 -3.4e+38 -3.4e+38 5.48862990399357e-05 5.41143999726046e-05 5.27480988239404e-05 5.22453992743976e-05 5.25500981893856e-05 5.33786005689763e-05 7.50543986214325e-05 7.51069019315764e-05 7.86737000453286e-05
7.40312025300227e-05 7.54565990064293e-05 7.53404965507798e-05 7.33905035303906e-05 6.87545034452341e-05 6.48346031084657e-05 6.25551983830519e-05 6.20997016085312e-05 6.10230017628055e-05 6.01327992626466e-05 5.99699997110292e-05 5.97116013523191e-05 5.94414013903588e-05 6.89524968038313e-05 5.98178012296557e-05 5.94209013797808e-05 5.88145994697697e-05 5.88939983572345e-05 5.96729005337693e-05 5.96526006120257e-05 8.28867996460758e-05 8.29045966384001e-05 5.99373997829389e-05 8.43149027787149e-05 6.02391992288176e-05 6.02725995122455e-05 6.04966990067624e-05 6.05737986916211e-05 6.04663000558503e-05 8.35651007946581e-05 5.87817012274172e-05 5.79066982027143e-05 5.75037011003587e-05 8.09077973826788e-05 8.06492025731131e-05 5.67837996641174e-05 -3.4e+38 -3.4e+38 5.60422013222706e-05 -3.4e+38 -3.4e+38 5.37605010322295e-05 5.27043011970818e-05 7.28947998140939e-05 5.25698997080326e-05 5.33593993168324e-05 7.46532023185864e-05 5.3971198212821e-05 5.40998989890795e-05
7.42838965379633e-05 7.61253031669185e-05 7.51042025513016e-05 7.05752972862683e-05 6.64777035126463e-05 6.40567013761029e-05 6.19310012552887e-05 8.5004503489472e-05 6.07602014497388e-05 6.02391992288176e-05 5.96897989453282e-05 5.91559983149637e-05 5.94156008446589e-05 0.0007271189824678 6.02977015660144e-05 5.8719699154608e-05 5.89629016758408e-05 5.94761004322208e-05 6.00245984969661e-05 6.06752000749111e-05 8.43314992380328e-05 5.97340003878344e-05 5.990330100758e-05 6.09238013566937e-05 6.04406995989848e-05 8.4182400314603e-05 6.02578002144583e-05 6.04349988861941e-05 6.00044004386291e-05 5.95249002799392e-05 5.8695201005321e-05 8.16268002381548e-05 8.08789991424419e-05 8.09724006103352e-05 8.05308009148575e-05 0.000663971004541963 7.9115699918475e-05 -3.4e+38 7.83012001193129e-05 -3.4e+38 -3.4e+38 5.37581981916446e-05 7.43116979720071e-05 5.23087983310688e-05 5.221090032137e-05 7.40160030545667e-05 -3.4e+38 -3.4e+38 -3.4e+38
7.49718965380453e-05 7.6809199526906e-05 7.33561973902397e-05 6.84951010043733e-05 9.03367035789415e-05 6.32958981441334e-05 6.16316974628717e-05 6.8346802436281e-05 6.09093003731687e-05 6.00800012762193e-05 5.93016993661877e-05 5.88846014579758e-05 0.00070387200685218 0.000542382011190057 6.48132991045713e-05 5.81737003813032e-05 5.90365016250871e-05 6.70461013214663e-05 8.3834798715543e-05 6.0791899159085e-05 6.07289985055104e-05 8.40256980154663e-05 6.01501014898531e-05 6.76802010275424e-05 6.75655028317124e-05 6.78400028846227e-05 6.00601997575723e-05 6.03556982241571e-05 5.99070008320268e-05 5.95753008383326e-05 6.60094010527246e-05 6.638299964834e-05 6.5211599576287e-05 6.43098974251188e-05 6.39623976894654e-05 6.29817004664801e-05 5.55941005586646e-05 7.76212982600555e-05 6.16589022683911e-05 7.64200012781657e-05 -3.4e+38 -3.4e+38 5.94902012380771e-05 -3.4e+38 7.34233035473153e-05 5.31426012457814e-05 -3.4e+38 -3.4e+38 -3.4e+38
8.63871027831919e-05 7.79649999458343e-05 7.48948004911654e-05 6.99110023560934e-05 6.64351973682642e-05 6.40146026853472e-05 6.19346028543077e-05 6.87713036313653e-05 8.55308971949853e-05 8.38158011902124e-05 6.67416024953127e-05 5.89351984672248e-05 6.00189996475819e-05 0.000302795990137383 2.98669001495e-05 5.80777013965417e-05 5.8466899645282e-05 5.95513010921422e-05 6.71732996124774e-05 -3.4e+38 6.0571801441256e-05 8.46292969072238e-05 8.4276296547614e-05 6.02934997004922e-05 6.05401983193588e-05 6.08691007073503e-05 6.07098991167732e-05 5.99166996835265e-05 5.96778991166502e-05 5.89226001466159e-05 5.863970000064e-05 6.61156009300612e-05 6.49978028377518e-05 6.35733013041317e-05 6.30836002528667e-05 6.22965017100796e-05 -3.4e+38 6.13506999798119e-05 7.62791969464161e-05 5.43636997463182e-05 5.40861001354642e-05 -3.4e+38 -3.4e+38 -3.4e+38 -3.4e+38 -3.4e+38 -3.4e+38 -3.4e+38 7.50007966416888e-05
7.90108024375513e-05 0.000953294977080077 0.000105847000668291 7.20782991265878e-05 6.82211975799873e-05 6.44124011159874e-05 6.20903010712937e-05 6.12658986938186e-05 -3.4e+38 6.05966015427839e-05 6.69321016175672e-05 5.91946991335135e-05 5.88438015256543e-05 5.17275002493989e-05 5.04128001921345e-05 5.82719985686708e-05 8.25569004518911e-05 5.93361000937875e-05 8.35663013276644e-05 -3.4e+38 6.05245004408062e-05 6.02133986831177e-05 -3.4e+38 5.99654995312449e-05 6.11456998740323e-05 -3.4e+38 6.97957002557814e-05 6.76001000101678e-05 6.82335012243129e-05 5.84890985919628e-05 6.5735999669414e-05 6.529749953188e-05 6.41541992081329e-05 5.63614994462114e-05 6.28604029770941e-05 6.21255021542311e-05 5.46709015907254e-05 5.40973014722113e-05 5.40578985237516e-05 5.38187014171854e-05 5.36533989361487e-05 -3.4e+38 -3.4e+38 -3.4e+38 6.1660903156735e-05 -3.4e+38 -3.4e+38 -3.4e+38 -3.4e+38
0.000111278997792397 8.13091974123381e-05 7.67009987612255e-05 7.26731013855897e-05 6.88252985128202e-05 6.44030005787499e-05 6.18386984569952e-05 6.12142976024188e-05 -3.4e+38 6.06481989962049e-05 8.390119910473e-05 5.98426013311837e-05 5.91936004639138e-05 5.84795016038697e-05 5.87842987442855e-05 5.8592799177859e-05 5.95544006500859e-05 5.97785983700305e-05 6.02721993345767e-05 6.03717999183573e-05 -3.4e+38 6.01971005380619e-05 8.29683995107189e-05 6.68327993480489e-05 6.85713966959156e-05 6.82335012243129e-05 6.99083029758185e-05 -3.4e+38 6.93038018653169e-05 5.92274991504382e-05 -3.4e+38 6.42255981802009e-05 6.33926028967835e-05 -3.4e+38 5.57792009203695e-05 5.5219901696546e-05 6.14866003161296e-05 5.38718995812815e-05 -3.4e+38 5.37472988071386e-05 5.3189698519418e-05 -3.4e+38 -3.4e+38 -3.4e+38 5.97748003201559e-05 -3.4e+38 -3.4e+38 -3.4e+38 -3.4e+38
8.14060986158438e-05 8.018239896046e-05 7.67448000260629e-05 9.97738025034778e-05 6.76124982419424e-05 6.41272999928333e-05 6.20673017692752e-05 6.13430020166561e-05 6.0737700550817e-05 -3.4e+38 6.73094982630573e-05 6.0341801145114e-05 5.99254999542609e-05 8.19249980850145e-05 5.88151015108451e-05 5.88947004871443e-05 6.00466992182191e-05 6.03205990046263e-05 6.03432999923825e-05 -3.4e+38 6.02440995862707e-05 8.37195984786376e-05 6.68879001750611e-05 6.69596993247978e-05 6.81296005495824e-05 6.7680302890949e-05 6.89588996465318e-05 6.99551019351929e-05 6.94499030942097e-05 6.81970996083692e-05 6.60004006931558e-05 6.41271035419777e-05 6.35274991509505e-05 6.23589003225788e-05 6.18280973867513e-05 5.4568299674429e-05 6.11810028203763e-05 6.03830994805321e-05 7.54766006139107e-05 5.33454003743827e-05 5.31192017660942e-05 -3.4e+38 5.33677011844702e-05 -3.4e+38 5.93400982324965e-05 -3.4e+38 -3.4e+38 -3.4e+38 -3.4e+38
0.000110913999378681 7.79804977355525e-05 7.16237991582602e-05 9.46259024203755e-05 6.5010397520382e-05 8.78720966284163e-05 8.62356973811984e-05 8.60025975271128e-05 8.61981970956549e-05 8.68071001605131e-05 8.60861982800998e-05 -3.4e+38 5.97768994339276e-05 5.91487987549044e-05 5.91868010815233e-05 5.94531993556302e-05 6.01784995524213e-05 6.05790010013152e-05 6.00308012508322e-05 5.99113991484046e-05 6.66768974042498e-05 6.65890984237194e-05 5.95009987591766e-05 -3.4e+38 6.75148985465057e-05 6.82686004438438e-05 6.84179976815358e-05 6.90379965817556e-05 6.90050001139753e-05 6.85030026943423e-05 8.29381024232134e-05 6.39623031020164e-05 -3.4e+38 6.22692969045602e-05 7.6987300417386e-05 5.41773006261792e-05 5.45746988791507e-05 -3.4e+38 -3.4e+38 5.31100013176911e-05 5.36664992978331e-05 -3.4e+38 -3.4e+38 5.94552984694019e-05 5.90640993323177e-05 -3.4e+38 -3.4e+38 -3.4e+38 -3.4e+38
0.000107847998151556 7.67016972531565e-05 7.09012965671718e-05 9.21528990147635e-05 6.31513030384667e-05 6.19862985331565e-05 6.16866964264773e-05 8.609799988335e-05 0.000150441002915613 -3.4e+38 7.03452969901264e-05 -3.4e+38 5.96393983869348e-05 5.97274993197061e-05 5.95620003878139e-05 5.97385987930465e-05 6.00985003984533e-05 6.75050032441504e-05 5.91302996326704e-05 6.62290985928848e-05 5.9192199842073e-05 5.9425499784993e-05 6.65504994685762e-05 6.68513966957107e-05 -3.4e+38 6.76156996632926e-05 -3.4e+38 6.86221974319778e-05 -3.4e+38 6.83499965816736e-05 -3.4e+38 5.7218101574108e-05 5.63575995329302e-05 5.54493999516126e-05 5.50996010133531e-05 7.65404984122142e-05 6.0918799135834e-05 5.36182014911901e-05 5.31613986822776e-05 5.30003999301698e-05 -3.4e+38 -3.4e+38 -3.4e+38 -3.4e+38 -3.4e+38 -3.4e+38 -3.4e+38 -3.4e+38 -3.4e+38
7.78128014644608e-05 0.000103519996628165 7.01691969879903e-05 6.64891995256767e-05 6.35069009149447e-05 6.226100231288e-05 8.73887984198518e-05 0.000151688000187278 6.27584013273008e-05 6.97384966770187e-05 -3.4e+38 0.000145918005728163 6.03580992901698e-05 6.007319825585e-05 6.01104984525591e-05 5.97282014496159e-05 -3.4e+38 6.72024980303831e-05 6.53324023005553e-05 6.59373035887256e-05 6.59283032291569e-05 -3.4e+38 6.69651999487542e-05 6.77244970574975e-05 -3.4e+38 6.72862006467767e-05 -3.4e+38 6.73183967592195e-05 -3.4e+38 6.78615033393726e-05 6.76825002301484e-05 6.40860016574152e-05 -3.4e+38 6.26105975243263e-05 5.51041994185653e-05 6.18047997704707e-05 5.41861991223413e-05 -3.4e+38 -3.4e+38 5.91464013268705e-05 -3.4e+38 -3.4e+38 -3.4e+38 -3.4e+38 -3.4e+38 -3.4e+38 -3.4e+38 -3.4e+38 -3.4e+38
7.54224020056427e-05 7.21545002306812e-05 9.71104018390179e-05 6.67760978103615e-05 6.4274798205588e-05 8.8644701463636e-05 6.35546966805123e-05 6.34870011708699e-05 6.28066991339438e-05 -3.4e+38 -3.4e+38 6.0787901020376e-05 6.053510151105e-05 6.0527501773322e-05 5.98980986978859e-05 5.93260992900468e-05 5.86544992984273e-05 -3.4e+38 6.55158000881784e-05 6.57507989672013e-05 6.61313024465926e-05 -3.4e+38 -3.4e+38 -3.4e+38 6.69353030389175e-05 6.69434011797421e-05 -3.4e+38 -3.4e+38 6.79344011587091e-05 6.80786033626646e-05 -3.4e+38 -3.4e+38 -3.4e+38 -3.4e+38 6.19632992311381e-05 -3.4e+38 -3.4e+38 -3.4e+38 -3.4e+38 -3.4e+38 -3.4e+38 -3.4e+38 -3.4e+38 -3.4e+38 -3.4e+38 -3.4e+38 -3.4e+38 -3.4e+38 -3.4e+38
7.08014995325357e-05 9.66555016930215e-05 6.79626973578706e-05 6.63427999825217e-05 6.49915964459069e-05 9.00337036000565e-05 6.41501974314451e-05 6.3627798226662e-05 -3.4e+38 -3.4e+38 6.10130991844926e-05 -3.4e+38 6.06128996878397e-05 5.9769499785034e-05 -3.4e+38 6.63860992062837e-05 -3.4e+38 -3.4e+38 6.58822973491624e-05 6.62222009850666e-05 -3.4e+38 -3.4e+38 -3.4e+38 -3.4e+38 6.71723973937333e-05 6.85445993440226e-05 -3.4e+38 -3.4e+38 -3.4e+38 -3.4e+38 -3.4e+38 -3.4e+38 -3.4e+38 -3.4e+38 -3.4e+38 -3.4e+38 -3.4e+38 -3.4e+38 -3.4e+38 -3.4e+38 -3.4e+38 -3.4e+38 -3.4e+38 -3.4e+38 -3.4e+38 -3.4e+38 -3.4e+38 -3.4e+38 -3.4e+38
6.96545030223206e-05 9.48810993577354e-05 6.67299027554691e-05 6.63063983665779e-05 6.53901006444357e-05 6.44683022983372e-05 6.41173974145204e-05 -3.4e+38 -3.4e+38 -3.4e+38 6.08783993811812e-05 6.85299019096419e-05 6.10128008702304e-05 5.98352016822901e-05 -3.4e+38 6.68958964524791e-05 6.64675972075202e-05 -3.4e+38 -3.4e+38 -3.4e+38 6.68698994559236e-05 -3.4e+38 -3.4e+38 -3.4e+38 -3.4e+38 -3.4e+38 -3.4e+38 -3.4e+38 -3.4e+38 -3.4e+38 -3.4e+38 -3.4e+38 -3.4e+38 -3.4e+38 -3.4e+38 -3.4e+38 -3.4e+38 -3.4e+38 -3.4e+38 -3.4e+38 -3.4e+38 -3.4e+38 -3.4e+38 -3.4e+38 -3.4e+38 -3.4e+38 -3.4e+38 -3.4e+38 -3.4e+38
6.96204006089829e-05 6.79064032738097e-05 9.41590988077223e-05 6.77550997352228e-05 -3.4e+38 -3.4e+38 -3.4e+38 -3.4e+38 -3.4e+38 -3.4e+38 -3.4e+38 -3.4e+38 -3.4e+38 -3.4e+38 -3.4e+38 6.73047034069896e-05 -3.4e+38 -3.4e+38 -3.4e+38 -3.4e+38 -3.4e+38 -3.4e+38 -3.4e+38 -3.4e+38 -3.4e+38 -3.4e+38 -3.4e+38 -3.4e+38 -3.4e+38 -3.4e+38 -3.4e+38 -3.4e+38 -3.4e+38 -3.4e+38 -3.4e+38 -3.4e+38 -3.4e+38 -3.4e+38 -3.4e+38 -3.4e+38 -3.4e+38 -3.4e+38 -3.4e+38 -3.4e+38 -3.4e+38 -3.4e+38 -3.4e+38 -3.4e+38 -3.4e+38
-3.4e+38 -3.4e+38 -3.4e+38 -3.4e+38 -3.4e+38 -3.4e+38 -3.4e+38 -3.4e+38 -3.4e+38 -3.4e+38 -3.4e+38 -3.4e+38 -3.4e+38 -3.4e+38 -3.4e+38 -3.4e+38 -3.4e+38 -3.4e+38 -3.4e+38 -3.4e+38 -3.4e+38 -3.4e+38 -3.4e+38 -3.4e+38 -3.4e+38 -3.4e+38 -3.4e+38 -3.4e+38 -3.4e+38 -3.4e+38 -3.4e+38 -3.4e+38 -3.4e+38 -3.4e+38 -3.4e+38 -3.4e+38 -3.4e+38 -3.4e+38 -3.4e+38 -3.4e+38 -3.4e+38 -3.4e+38 -3.4e+38 -3.4e+38 -3.4e+38 -3.4e+38 -3.4e+38 -3.4e+38 -3.4e+38
-3.4e+38 -3.4e+38 -3.4e+38 -3.4e+38 -3.4e+38 -3.4e+38 -3.4e+38 -3.4e+38 -3.4e+38 -3.4e+38 -3.4e+38 -3.4e+38 -3.4e+38 -3.4e+38 -3.4e+38 -3.4e+38 -3.4e+38 -3.4e+38 -3.4e+38 -3.4e+38 -3.4e+38 -3.4e+38 -3.4e+38 -3.4e+38 -3.4e+38 -3.4e+38 -3.4e+38 -3.4e+38 -3.4e+38 -3.4e+38 -3.4e+38 -3.4e+38 -3.4e+38 -3.4e+38 -3.4e+38 -3.4e+38 -3.4e+38 -3.4e+38 -3.4e+38 -3.4e+38 -3.4e+38 -3.4e+38 -3.4e+38 -3.4e+38 -3.4e+38 -3.4e+38 -3.4e+38 -3.4e+38 -3.4e+38
