rodentData/rasterBestModels/Golunda_RDbal_RM2.asc
NCOLS 409 
NROWS 350 
XLLCORNER 60.897278365 
YLLCORNER 5.843756025 
CELLSIZE 0.0892857 
NODATA_value -3.4e+38 
[rows 88 to 109 of 350, columns 196 to 244 of 409]
5.73741999687627e-05 5.78858998778742e-05 5.80962987442035e-05 4.25375983468257e-05 4.30071013397537e-05 4.29374013037886e-05 0.000521558977197856 4.19134012190625e-05 4.18361014453694e-05 4.697369877249e-05 4.63317992398515e-05 4.62001989944838e-05 5.66675989830401e-05 4.67540994577575e-05 4.81796014355496e-05 4.90314996568486e-05 4.85636010125745e-05 4.905580135528e-05 4.81528004456777e-05 4.77618013974279e-05 4.75622982776258e-05 4.67503014078829e-05 4.23884994233958e-05 4.23773017246276e-05 4.40631993114948e-05 4.79353984701447e-05 4.83006988361012e-05 4.75997003377415e-05 5.97491998632904e-05 6.26429027761333e-05 0.000163275006343611 6.75935007166117e-05 0.000170508996234275 6.54674004181288e-05 4.88115983898751e-05 4.10665015806444e-05 3.52522001776379e-05 8.05095987743698e-05 4.00887001887895e-05 3.42142993758898e-05 3.08816015603952e-05 2.46607996814419e-05 2.32957991102012e-05 2.98126997222425e-05 6.17975019849837e-05 5.06206015415955e-05 1.27245002659038e-05 2.7236399546382e-05 9.02035026228987e-06
4.1355498979101e-05 5.76593993173447e-05 5.78350009163842e-05 5.87059985264204e-05 4.27472987212241e-05 4.26377991971094e-05 4.21783006459009e-05 4.16475013480522e-05 4.15866015828215e-05 5.76173988520168e-05 5.69141993764788e-05 4.61462987004779e-05 4.60953015135601e-05 4.56708003184758e-05 4.58024987892713e-05 4.61505987914279e-05 4.61995987279806e-05 4.61318995803595e-05 4.61378986074124e-05 4.70441009383649e-05 4.68235011794604e-05 4.72979991172906e-05 4.39130017184652e-05 4.62173011328559e-05 5.27498013980221e-05 6.4171697886195e-05 4.89947997266427e-05 4.88422992930282e-05 4.6902998292353e-05 6.04792003287002e-05 6.48934001219459e-05 6.56656993669458e-05 0.000166386002092622 5.04593990626745e-05 6.53546012472361e-05 5.64818983548321e-05 4.80400995002128e-05 4.14981986978091e-05 3.42591993103269e-05 3.38684985763393e-05 2.58290001511341e-05 5.81997010158375e-05 5.58009996893816e-05 5.53056997887325e-05 5.5389798944816e-05 4.19245006924029e-05 2.2169699150254e-05 5.32449012098368e-05 1.23075997180422e-05
4.1302599129267e-05 4.12972003687173e-05 4.13669004046824e-05 5.84832014283165e-05 5.87432987231296e-05 5.87651993555482e-05 5.82686989218928e-05 5.77641003474128e-05 4.15383001381997e-05 5.80562009417918e-05 4.70537015644368e-05 4.6915898565203e-05 4.12143999710679e-05 4.61751005786937e-05 4.62407006125432e-05 4.61800991615746e-05 4.634150172933e-05 4.66462988697458e-05 4.67534009658266e-05 4.81474999105558e-05 4.73010004498065e-05 4.74541993753519e-05 4.8222100303974e-05 4.91227983729914e-05 5.06428987137042e-05 5.13931008754298e-05 5.15159008500632e-05 4.80378002976067e-05 4.61095005448442e-05 5.9714300732594e-05 6.36569966445677e-05 6.48757995804772e-05 6.43363018753007e-05 0.000158953000209294 0.000166205005371012 5.04041017848067e-05 4.92114995722659e-05 4.48698010586668e-05 4.63803989987355e-05 8.53766032378189e-05 3.51790986314882e-05 6.2927596445661e-05 7.03819023328833e-05 7.33679989934899e-05 6.51063019176945e-05 1.97460994968424e-05 2.51968995144125e-05 4.11510991398245e-05 4.10909997299314e-05
4.15329996030778e-05 5.79303014092147e-05 4.16055991081521e-05 4.22015000367537e-05 5.84707013331354e-05 5.84297013119794e-05 4.18283998442348e-05 4.15354988945182e-05 4.16969996877015e-05 5.83711007493548e-05 4.19573989347555e-05 5.85673005844001e-05 6.04505985393189e-05 4.72473984700628e-05 4.17855990235694e-05 4.20167998527177e-05 5.84314984735101e-05 4.21317017753609e-05 4.75945016660262e-05 4.82590985484421e-05 5.94808007008396e-05 4.85669988847803e-05 4.83682015328668e-05 4.77432004117873e-05 6.22746010776609e-05 4.92069011670537e-05 6.31830989732407e-05 4.90304009872489e-05 4.8778900236357e-05 4.82975992781576e-05 4.90632992296014e-05 4.89269987156149e-05 6.31829025223851e-05 6.28109992248937e-05 6.39589998172596e-05 0.000161358999321237 0.000160948999109678 6.32010996923782e-05 0.000122426994494162 8.97981008165516e-05 7.40214018151164e-05 7.0913796662353e-05 6.97170980856754e-05 7.05462007317692e-05 7.05404017935507e-05 7.07818981027231e-05 8.88759968802333e-05 4.69953010906465e-05 1.53532000695122e-05
4.19876996602397e-05 5.86684000154492e-05 5.8947698562406e-05 5.96019999647979e-05 5.91202988289297e-05 5.82557004236151e-05 5.81562017032411e-05 5.79131992708426e-05 5.81091007916257e-05 4.22851990151685e-05 4.23905003117397e-05 4.25924008595757e-05 4.25172001996543e-05 4.26154983870219e-05 5.98935002926737e-05 4.32601991633419e-05 4.28423008997925e-05 4.7665998863522e-05 4.81444003526121e-05 4.81097995361779e-05 4.80593007523566e-05 4.27826998929959e-05 4.8775600589579e-05 4.291120058042e-05 4.23183009843342e-05 4.18023992097005e-05 4.77657995361369e-05 4.80931012134533e-05 4.83756011817604e-05 4.75960005132947e-05 4.77979010611307e-05 6.14777964074165e-05 5.93106015003286e-05 6.24228996457532e-05 4.97750988870393e-05 6.38397978036664e-05 0.000158516006194986 0.000160105002578348 0.000157482994836755 0.000115670001832768 9.56333024078049e-05 3.67227003152948e-05 2.88326991721988e-05 9.0484696556814e-05 2.83230001514312e-05 2.92986005661078e-05 7.66708981245756e-05 6.41310034552589e-05 5.04199015267659e-05
4.35100009781308e-05 4.35631009167992e-05 6.01678002567496e-05 6.02020008955151e-05 5.96218997088727e-05 5.83633009227924e-05 5.8141700719716e-05 5.80103005631827e-05 4.18216004618444e-05 4.23972014687024e-05 4.26578990300186e-05 4.2886098526651e-05 4.29245010309387e-05 4.32546003139578e-05 4.39311006630305e-05 6.1345002905e-05 4.36869013356045e-05 4.83237017760985e-05 4.78229994769208e-05 4.7965699195629e-05 4.81971983390395e-05 4.85737982671708e-05 4.30467007390689e-05 4.262700167601e-05 4.27357990702149e-05 4.79879017802887e-05 4.78828005725518e-05 4.78297006338835e-05 4.7787201765459e-05 4.77844987472054e-05 4.75816013931762e-05 4.69199985673185e-05 6.01505016675219e-05 4.80976996186655e-05 6.25625980319455e-05 6.37826015008613e-05 6.12017029197887e-05 4.90569000248797e-05 0.000151133994222619 0.000102035999589134 9.43990016821772e-05 3.68371001968626e-05 2.8070100597688e-05 3.59812984243035e-05 9.23888001125306e-05 3.65211999451276e-05 2.98417999147205e-05 7.2674396506045e-05 2.70487998932367e-05
4.50293009635061e-05 4.4877000618726e-05 6.19588972767815e-05 4.40912990598008e-05 4.33991990576033e-05 4.25969010393601e-05 5.87173999520019e-05 4.20159012719523e-05 5.8443099987926e-05 4.24511999881361e-05 4.27703016612213e-05 4.29850006185006e-05 4.33333007094916e-05 4.37140988651663e-05 4.41693009634037e-05 6.19009006186388e-05 4.38210008724127e-05 4.84771007904783e-05 4.29085994255729e-05 4.27910017606337e-05 4.80911985505372e-05 4.28079001721926e-05 4.84793999930844e-05 4.78602014482021e-05 4.22406010329723e-05 4.27572995249648e-05 4.28528983320575e-05 4.80661983601749e-05 4.28526000177953e-05 4.32968990935478e-05 4.26242986577563e-05 4.70765990030486e-05 4.7428398829652e-05 4.65349985461216e-05 5.87094000366051e-05 4.86309982079547e-05 6.03845983278006e-05 0.000150584004586563 0.000138693998451345 4.81239003420342e-05 3.74164010281675e-05 3.58364013663959e-05 9.05673005036078e-05 9.20723032322712e-05 8.89666989678517e-05 8.9901099272538e-05 2.76025002676761e-05 9.07751018530689e-05 6.92445973982103e-05
4.58173999504652e-05 6.40327998553403e-05 6.37397970422171e-05 4.5409698941512e-05 4.44085017079487e-05 4.36293994425796e-05 4.29631982115097e-05 5.90862000535708e-05 5.91171010455582e-05 4.26545011578128e-05 4.27740014856681e-05 4.29975007136818e-05 4.3613399611786e-05 4.39311006630305e-05 4.4091899326304e-05 6.16195975453593e-05 4.3929601815762e-05 4.29401006840635e-05 4.35334004578181e-05 6.05800996709149e-05 4.26383994636126e-05 4.22203011112288e-05 4.24766003561672e-05 4.76241984870285e-05 4.73779000458308e-05 4.76882014481816e-05 4.2732401198009e-05 4.79351001558825e-05 4.81897986901458e-05 4.32572996942326e-05 4.318679930293e-05 4.79256013932172e-05 4.71460007247515e-05 4.71097009722143e-05 4.62815005448647e-05 5.86729984206613e-05 4.58469985460397e-05 5.88496004638728e-05 0.000146154998219572 5.49871983821504e-05 5.30692996107973e-05 0.00013326300540939 5.2495401178021e-05 0.000130054002511315 3.786070010392e-05 3.49520014424343e-05 3.46900014847051e-05 2.74466001428664e-05 2.81487991742324e-05
6.51340014883317e-05 6.55999974696897e-05 4.65878001705278e-05 4.61199997516815e-05 6.31377988611348e-05 6.22443985776044e-05 4.36027985415421e-05 5.97699981881306e-05 5.97957005084027e-05 5.99133018113207e-05 4.32968990935478e-05 4.33864988735877e-05 4.37650014646351e-05 4.38636998296715e-05 4.40563017036766e-05 6.13787997281179e-05 4.39305003965273e-05 4.2965701140929e-05 4.85037999169435e-05 4.36010996054392e-05 4.32380984420888e-05 4.79203008580953e-05 4.23177989432588e-05 4.23800993303303e-05 4.22972007072531e-05 4.76111999887507e-05 4.76056993647944e-05 4.76800014439505e-05 4.28741004725453e-05 5.9527599660214e-05 4.79248992633075e-05 4.76481000077911e-05 4.1951599996537e-05 4.67694007966202e-05 4.56205998489168e-05 4.56870002381038e-05 4.47523998445831e-05 5.73774013901129e-05 4.47991988039576e-05 5.55601982341614e-05 5.55190999875776e-05 0.000140338001074269 0.000136001006467268 0.000134289002744481 4.18630988860969e-05 5.11147991346661e-05 0.000130286993226036 5.32291014678776e-05 4.18853014707565e-05
6.54460018267855e-05 6.59638972138055e-05 6.53259994578548e-05 4.62639982288238e-05 4.55351982964203e-05 4.51049018010963e-05 4.38981005572714e-05 6.07555011811201e-05 6.02533000346739e-05 6.0325601225486e-05 4.36449990957044e-05 4.38641982327681e-05 4.35893998655956e-05 4.37609014625195e-05 4.38966999354307e-05 4.38694005424622e-05 4.37519011029508e-05 4.83026997244451e-05 4.29124011134263e-05 4.34116991527844e-05 6.07387992204167e-05 4.85605014546309e-05 4.79338996228762e-05 4.84589982079342e-05 4.31959997513331e-05 4.29924002673943e-05 4.83125986647792e-05 4.83324001834262e-05 4.34491012129001e-05 4.83508010802325e-05 5.83912988076918e-05 4.73750988021493e-05 4.73653999506496e-05 4.7042100050021e-05 4.62819007225335e-05 4.53145003120881e-05 4.51224004791584e-05 4.48612008767668e-05 4.36992995673791e-05 5.70882002648432e-05 0.000139287993079051 0.000135752998176031 0.000133188994368538 0.000135530994157307 4.19880998379085e-05 4.06813014706131e-05 5.30510988028254e-05 4.2196101276204e-05 4.06647995987441e-05
4.72120009362698e-05 4.75259985250887e-05 6.62047968944535e-05 6.42613013042137e-05 6.37518969597295e-05 6.22978986939415e-05 6.12759031355381e-05 6.1210201238282e-05 4.35904985351954e-05 4.36674999946263e-05 6.0527898313012e-05 6.05522000114433e-05 4.37656017311383e-05 4.37171984231099e-05 4.36750015069265e-05 6.1068800278008e-05 4.3835498217959e-05 4.32029009971302e-05 4.32437991548795e-05 4.29551982961129e-05 4.31307016697247e-05 4.83875010104384e-05 4.77930007036775e-05 4.2942599975504e-05 4.97795990668237e-05 4.41424999735318e-05 4.39647010352928e-05 4.42851014668122e-05 4.42724012827966e-05 4.92334002046846e-05 4.86103017465211e-05 4.77216017316096e-05 4.22650009568315e-05 4.20446995121893e-05 4.67268000647891e-05 4.65322991658468e-05 4.62561001768336e-05 4.53842985734809e-05 4.41017000412103e-05 4.3368501792429e-05 4.31761982326861e-05 0.00013496600149665 5.37049018021207e-05 5.39145985385403e-05 0.000130902000819333 0.000130799002363347 5.06147007399704e-05 4.09271015087143e-05 4.0185699617723e-05
6.51918016956188e-05 4.78738984384108e-05 4.77704998047557e-05 4.76952991448343e-05 6.38609999441542e-05 6.3363098888658e-05 6.31497969152406e-05 6.22021980234422e-05 4.43932003690861e-05 4.41984993813094e-05 4.39489012933336e-05 4.38235001638532e-05 4.38087008660659e-05 4.38220995420124e-05 4.37613998656161e-05 4.37480011896696e-05 4.37560011050664e-05 4.3695999920601e-05 4.32923989137635e-05 4.31840016972274e-05 4.33708992204629e-05 4.85353011754341e-05 4.25534999521915e-05 4.88412988488562e-05 4.4142798287794e-05 4.48114988103043e-05 5.0271199143026e-05 4.4790100218961e-05 4.46886988356709e-05 4.45594996563159e-05 5.00021014886443e-05 5.97336002101656e-05 4.82212999486364e-05 4.32781998824794e-05 4.34922985732555e-05 4.4079999497626e-05 6.17460973444395e-05 4.64086988358758e-05 4.53715983894654e-05 4.36215996160172e-05 4.30709005740937e-05 5.37318992428482e-05 4.18577001255471e-05 4.08826999773737e-05 5.1818999054376e-05 0.00013062400103081 4.0268998418469e-05 4.98154986416921e-05 4.2038500396302e-05
5.26762996742036e-05 4.78621986985672e-05 6.62742968415841e-05 6.61383965052664e-05 6.60134974168614e-05 4.68996004201472e-05 4.61816998722497e-05 4.55738008895423e-05 6.28514026175253e-05 6.19549027760513e-05 4.4127598812338e-05 4.40145995526109e-05 4.40695985162165e-05 4.39873983850703e-05 6.11009963904507e-05 4.40809999417979e-05 4.39342002209742e-05 4.37638991570566e-05 4.35680012742523e-05 6.01220017415471e-05 6.0183898312971e-05 4.31922017014585e-05 4.34788016718812e-05 4.39438990724739e-05 4.45926998509094e-05 4.51697014796082e-05 4.54118999186903e-05 5.13166014570743e-05 4.52755994047038e-05 4.53448010375723e-05 5.08808006998152e-05 4.42517011833843e-05 4.94509986310732e-05 4.40274998254608e-05 4.44541983597446e-05 6.31970979156904e-05 4.97600012749899e-05 4.72946012450848e-05 4.63559990748763e-05 4.51619016530458e-05 4.34071007475723e-05 3.71915994037408e-05 3.66013009625021e-05 3.6587498470908e-05 5.19099994562566e-05 4.02428013330791e-05 4.02791993110441e-05 3.9910100895213e-05 4.99525012855884e-05
6.61328012938611e-05 5.34856990270782e-05 6.66163032292388e-05 4.77421999676153e-05 6.67931017233059e-05 6.67870990582742e-05 6.58171993563883e-05 6.48747009108774e-05 4.60634000774007e-05 4.55199988209642e-05 4.50584993814118e-05 4.46384001406841e-05 4.45613004558254e-05 4.44961005996447e-05 4.43971002823673e-05 4.44924007751979e-05 4.42509990534745e-05 4.41947995568626e-05 4.39028990513179e-05 4.38905990449712e-05 4.39526993432082e-05 4.4043601519661e-05 4.45100995420944e-05 4.50043007731438e-05 4.52876010967884e-05 4.55711015092675e-05 4.5743101509288e-05 4.56298985227477e-05 4.58094982604962e-05 4.57772985100746e-05 4.5453998609446e-05 4.50338011432905e-05 4.45156983914785e-05 4.41404990851879e-05 4.45002988271881e-05 6.32851006230339e-05 4.51000996690709e-05 4.88658988615498e-05 5.80000996706076e-05 5.67159004276618e-05 4.49190010840539e-05 4.34536996181123e-05 5.31172008777503e-05 3.79019002139103e-05 4.10825996368658e-05 4.13197012676392e-05 4.0343300497625e-05 4.02723017032258e-05 4.01567995140795e-05
4.945039836457e-05 4.90747006551828e-05 6.8030996771995e-05 6.79829972796142e-05 5.54274010937661e-05 6.82977988617495e-05 6.71378002152778e-05 6.63109967717901e-05 4.70082995889243e-05 4.64922995888628e-05 4.6421198931057e-05 4.57636015198659e-05 6.28636989858933e-05 4.51013002020773e-05 6.2331797380466e-05 4.48671999038197e-05 6.2545899709221e-05 6.22435982222669e-05 4.44582983618602e-05 4.45436016889289e-05 4.46580015704967e-05 4.46908015874214e-05 4.49984981969465e-05 4.53815009677783e-05 4.56923007732257e-05 4.61281015304849e-05 6.47786000627093e-05 4.65828998130746e-05 4.64662989543285e-05 4.61152994830627e-05 4.5757999032503e-05 5.18941014888696e-05 4.55150002380833e-05 5.08562989125494e-05 4.59662987850606e-05 4.58668000646867e-05 4.45641016995069e-05 4.35160000051837e-05 4.78912988910452e-05 4.64141012344044e-05 4.51808991783764e-05 4.40867006545886e-05 4.33620007243007e-05 4.30094005423598e-05 4.5422901166603e-05 4.63602009403985e-05 4.42425989604089e-05 4.13125999330077e-05 4.08421983593144e-05
4.96069988003001e-05 5.03027986269444e-05 7.01176977599971e-05 6.98596995789558e-05 6.99197989888489e-05 6.99286028975621e-05 6.83902981108986e-05 6.7849199695047e-05 4.83976982650347e-05 6.63277023704723e-05 6.60848963889293e-05 6.55563999316655e-05 4.62835996586364e-05 4.60281007690355e-05 6.34188982076012e-05 6.31778966635466e-05 6.37940029264428e-05 0.000550545984879136 4.50445004389621e-05 4.56624002254102e-05 4.58116010122467e-05 4.56222987850197e-05 4.54159016953781e-05 4.57694004580844e-05 4.60498013126198e-05 4.64119984826539e-05 4.69231999886688e-05 4.70070990559179e-05 4.65258017356973e-05 5.19903987878934e-05 4.59590992250014e-05 4.61907984572463e-05 6.50709989713505e-05 4.63057003798895e-05 6.39092977507971e-05 4.61257004644722e-05 4.54475994047243e-05 6.15676981396973e-05 4.3142801587237e-05 4.24557001679204e-05 4.73161016998347e-05 4.58526010334026e-05 4.40486983279698e-05 4.33177010563668e-05 3.9095200918382e-05 4.51917003374547e-05 4.56786001450382e-05 4.52208005299326e-05 4.46863014076371e-05
6.94741029292345e-05 5.11368998559192e-05 5.18658998771571e-05 5.11862017447129e-05 7.08716979715973e-05 5.09819001308642e-05 6.96073984727263e-05 5.61396991543006e-05 6.80469966027886e-05 6.76923009450547e-05 4.83832991449162e-05 4.79935988551006e-05 4.7582001570845e-05 4.68133002868854e-05 4.64242984890006e-05 6.41228034510277e-05 4.59469010820612e-05 4.5656201109523e-05 6.35694013908505e-05 4.64112017652951e-05 4.66072997369338e-05 6.40330035821535e-05 4.57466012449004e-05 4.60412011307199e-05 4.61876006738748e-05 4.64863005618099e-05 4.67040008516051e-05 4.65677985630464e-05 4.62569987575989e-05 5.19038985657971e-05 5.18160995852668e-05 4.59775001218077e-05 6.55805997666903e-05 4.62487987533677e-05 4.56658017355949e-05 4.60240989923477e-05 4.56685993412975e-05 4.46095000370406e-05 4.33452987635974e-05 4.2341500375187e-05 4.21404984081164e-05 4.17957999161445e-05 4.62710013380274e-05 4.45924015366472e-05 4.3780299165519e-05 4.38286988355685e-05 4.03228987124749e-05 5.7147401093971e-05 5.76946986257099e-05
7.07732979208231e-05 5.21410984219983e-05 7.36333022359759e-05 5.27562006027438e-05 7.27162987459451e-05 7.23039993317798e-05 7.15870992280543e-05 5.12041988258716e-05 5.6448199757142e-05 6.85608974890783e-05 6.74746988806874e-05 6.70290974085219e-05 6.67835993226618e-05 6.53622992103919e-05 6.53258030069992e-05 4.70179002149962e-05 4.64947006548755e-05 4.64851982542314e-05 6.4346102590207e-05 6.43070015939884e-05 4.6345499868039e-05 6.38035999145359e-05 6.35481992503628e-05 4.60148985439446e-05 4.60923001810443e-05 4.61939998785965e-05 4.63776013930328e-05 4.60443989140913e-05 4.59256007161457e-05 4.5770200813422e-05 4.55886984127574e-05 4.55990993941668e-05 5.28197997482494e-05 4.61191993963439e-05 4.54682012787089e-05 4.57729984191246e-05 4.59037983091548e-05 4.50539009761997e-05 4.37841990788002e-05 4.26824990427122e-05 4.22593984694686e-05 4.26024016633164e-05 4.20780997956172e-05 4.11535002058372e-05 4.63998985651415e-05 4.47591010015458e-05 4.60051996924449e-05 4.88719997520093e-05 5.16114014317282e-05
7.07135986885987e-05 7.29449966456741e-05 7.35560970497318e-05 7.41238982300274e-05 7.35345965949818e-05 7.4235096690245e-05 7.23682969692163e-05 7.1300397394225e-05 7.05549973645248e-05 6.85440973029472e-05 6.69857035973109e-05 6.67222993797623e-05 6.70138979330659e-05 4.77866997243837e-05 4.78106012451462e-05 6.68634966132231e-05 6.62399033899419e-05 6.57734999549575e-05 6.50903020869009e-05 6.50693982606754e-05 6.44824976916425e-05 6.40478974673897e-05 6.38411002000794e-05 4.58255017292686e-05 4.58430986327585e-05 6.3624102040194e-05 4.60123992525041e-05 4.60070004919544e-05 4.58994982182048e-05 4.58608010376338e-05 4.56568013760261e-05 4.56166999356356e-05 6.42283994238824e-05 6.41147998976521e-05 4.53118009318132e-05 4.5541200961452e-05 6.36761033092625e-05 6.2881998019293e-05 6.17644982412457e-05 6.02508007432334e-05 4.26232982135843e-05 5.92190008319449e-05 4.24224017478991e-05 4.19682000938337e-05 4.21732001996133e-05 4.20694996137172e-05 4.33292989328038e-05 4.53147986263502e-05 4.65533994429279e-05
5.08931989315897e-05 7.15204005246051e-05 7.25029021850787e-05 7.40316972951405e-05 7.3531802627258e-05 7.43455966585316e-05 7.26422003936023e-05 7.15365022188053e-05 5.14589009981137e-05 7.01805984135717e-05 6.90555971232243e-05 4.9252401367994e-05 6.83952021063305e-05 5.51267985429149e-05 6.81105011608452e-05 6.86234998283908e-05 6.79750010021962e-05 4.84625015815254e-05 4.72891006211285e-05 6.60859004710801e-05 4.68586003989913e-05 6.4547399233561e-05 4.62071984657086e-05 4.56283014500514e-05 6.35359028819948e-05 6.33102026768029e-05 6.35050018900074e-05 6.39124991721474e-05 4.6059001761023e-05 4.59100010630209e-05 4.59621005575173e-05 4.58370996057056e-05 4.60912997368723e-05 5.25403993378859e-05 4.58944014098961e-05 4.55082990811206e-05 6.28713023616001e-05 6.28138004685752e-05 4.49231010861695e-05 4.38628012489062e-05 4.29932006227318e-05 4.26170990976971e-05 5.90415002079681e-05 4.20434989791829e-05 5.86694986850489e-05 4.24565987486858e-05 4.31371990998741e-05 4.49032013420947e-05 4.62858988612425e-05
6.99153024470434e-05 5.11578000441659e-05 7.23518969607539e-05 7.32150001567788e-05 7.34924033167772e-05 7.38083035685122e-05 7.30971005395986e-05 7.17975999577902e-05 7.20059033483267e-05 7.26977013982832e-05 7.25614008842967e-05 7.16733993613161e-05 7.11452012183145e-05 7.04503981978633e-05 5.05185998918023e-05 7.05560014466755e-05 6.9516601797659e-05 6.84800033923239e-05 6.64272010908462e-05 6.71098969178274e-05 4.69582992081996e-05 6.45489999442361e-05 6.47842971375212e-05 4.59760012745392e-05 4.56460984423757e-05 6.32770970696583e-05 6.34639000054449e-05 6.41208971501328e-05 6.44836982246488e-05 4.60759001725819e-05 4.68465987069067e-05 4.65910998173058e-05 4.66888013761491e-05 6.57029013382271e-05 4.64602017018478e-05 6.36289987596683e-05 4.48143982794136e-05 6.24082967988215e-05 4.50586012448184e-05 4.44375982624479e-05 4.34663998021279e-05 4.30170002800878e-05 4.26594015152659e-05 4.2125098843826e-05 5.88014008826576e-05 5.89426017540973e-05 6.04158994974568e-05 4.46425001427997e-05 4.57684000139125e-05
4.98498011438642e-05 6.94901027600281e-05 7.16669965186156e-05 7.30328029021621e-05 7.32530024833977e-05 7.38429007469676e-05 7.34947025193833e-05 7.40973991923966e-05 7.44080971344374e-05 7.4527102697175e-05 7.50155013520271e-05 7.4649098678492e-05 7.345689664362e-05 7.24981000530533e-05 7.27575970813632e-05 7.30214014765806e-05 7.19402014510706e-05 7.07329018041492e-05 6.85651975800283e-05 6.78915021126159e-05 4.74996995762922e-05 6.51102964184247e-05 6.49247012916021e-05 6.51063965051435e-05 6.49602006888017e-05 4.64379008917604e-05 6.50329966447316e-05 6.50961010251194e-05 6.52910966891795e-05 6.57248019706458e-05 4.78783986181952e-05 4.78365000162739e-05 4.84632000734564e-05 4.81261013192125e-05 6.6376400354784e-05 4.70835002488457e-05 4.60472001577727e-05 4.56952984677628e-05 6.3535597291775e-05 6.31071015959606e-05 4.44721990788821e-05 4.4023800001014e-05 4.35461988672614e-05 4.36244008596987e-05 4.2800198571058e-05 4.25856014771853e-05 4.32013002864551e-05 4.34784014942124e-05 4.45283003500663e-05
