rodentData/rasterBestModels/Meriones_RDbal_RM2.asc
NCOLS 409 
NROWS 350 
XLLCORNER 60.897278365 
YLLCORNER 5.843756025 
CELLSIZE 0.0892857 
NODATA_value -3.4e+38 
[rows 154 to 175 of 350, columns 196 to 244 of 409]
2.31625008062508e-09 2.38722996925844e-09 2.29105001636754e-09 2.25044005652819e-09 2.67603006420813e-09 3.08196002052341e-09 3.9385099626088e-09 4.83965978403944e-09 5.15443021598117e-09 6.3329199662121e-09 7.28942017858003e-09 7.52534035086683e-09 7.1053598560411e-09 6.55428999962737e-09 6.16992013036111e-09 4.57918014618031e-09 3.34701999449294e-09 2.53716003761895e-09 1.92167992629777e-09 1.57875001960406e-09 1.17907994479083e-09 9.9573005396536e-10 8.53159987102003e-10 8.71000993551974e-10 9.85903025885193e-10 1.1542099498385e-09 1.57749002749341e-09 2.39823005898643e-09 3.5498100015019e-09 5.81948977895763e-09 7.43525996327321e-09 1.01066000013361e-08 1.24015002711531e-08 9.16247984150687e-08 1.21383996187774e-08 1.0628100177712e-08 9.99185001404612e-09 9.05690011876459e-09 8.42188008221001e-09 7.52258966230102e-09 7.51360040851523e-09 7.37913996573525e-09 6.42550990193058e-09 6.06029981753409e-09 5.75789993462195e-09 4.89812990167593e-09 4.89030993477968e-09 4.13107015262426e-09 3.91551013834146e-09
2.14170992052232e-09 2.2863100301862e-09 2.30998997707843e-09 2.23444995839372e-09 2.87908008544946e-09 3.54104989774839e-09 4.50115988925859e-09 5.15579978710434e-09 6.22720985887781e-09 7.34904004318082e-09 8.23193957444346e-09 8.53220960550516e-09 8.72367955651043e-09 8.62667004497553e-09 7.50136042171334e-09 5.33144994818713e-09 3.27615001793902e-09 1.68940008649088e-08 1.19298997347528e-08 1.14567000331078e-09 8.42088010433173e-10 6.66538990667931e-10 5.79217007690147e-10 5.95058002872406e-10 6.90156987115387e-10 8.50468973023766e-10 1.21521004370351e-09 1.71500003087743e-09 2.39702990789681e-09 3.8474698982327e-09 7.3033499248254e-09 7.60473017891172e-09 1.04603001815917e-08 1.18708003427059e-08 1.14913998316979e-08 1.14325002797955e-08 9.75895009247552e-09 8.66261995469131e-09 8.56870041587854e-09 8.44118996923271e-09 8.4764097962875e-09 5.48621983398334e-08 5.08516997399511e-08 6.24739993071444e-09 3.74876982789374e-08 4.58142990211741e-09 3.93312982183147e-09 3.4327201081652e-09 3.21919002566062e-09
1.72234004836014e-09 1.91114990499841e-09 2.22400009519674e-09 2.62128008188256e-09 3.36932992617278e-09 4.40125980105677e-09 5.55434986893033e-09 6.77550016092709e-09 8.07582001272067e-09 9.27774035375251e-09 1.01991002310342e-08 1.06872999339203e-08 1.09089999256184e-08 8.69270966319391e-09 7.13350978287508e-09 5.38681010908704e-09 3.44898998250187e-09 2.49203990776437e-09 1.47934997585253e-09 9.61370982821563e-10 6.66840027641058e-10 5.46067024931318e-10 4.91971019478399e-10 4.85061990573854e-10 5.633630228985e-10 6.79396983116476e-10 9.92214976847094e-10 1.64164004612388e-09 2.28545005143133e-09 2.98913005458701e-09 4.07318978545845e-09 7.02342006775325e-09 6.72842981330746e-09 9.67366009518855e-09 1.0685599960425e-08 1.00942001424187e-08 1.01686996600847e-08 1.01625001747152e-08 8.94073970414411e-09 8.94764973224937e-09 9.49115008808121e-09 8.98980001551308e-09 7.9348003723112e-09 6.74689015767171e-09 5.62739010945279e-09 4.70569005983634e-09 3.59679996897455e-09 2.90233992394917e-09 2.80232992366791e-09
1.46214995666583e-09 1.85493997939545e-09 2.31852004262123e-09 2.94604007855526e-09 3.75101993910221e-09 4.9953499114963e-09 6.3167702180067e-09 8.47393977210231e-09 1.01962003284939e-08 1.30312995949566e-08 1.47256997706791e-08 1.46358996033769e-08 1.31525998980919e-08 1.15440998982308e-08 7.45330996920757e-09 5.05860997535024e-09 3.37516992132691e-09 2.34173991309206e-09 1.53820001180804e-09 9.79469949591305e-10 6.77684020011782e-10 5.09321973485299e-10 4.25927987324215e-10 4.23640011959492e-10 4.80844974948269e-10 6.67467026094215e-10 9.95411975068805e-10 1.54790003037419e-09 2.37258990232192e-09 3.21385007495678e-09 4.0980698834403e-09 6.15952000515563e-09 7.06357017321579e-09 6.65890986795148e-09 5.76859982004407e-09 6.9850099038149e-09 9.66253033141129e-09 9.28246990383741e-09 8.99062957415708e-09 8.97322038895254e-09 9.89995019295975e-09 9.355940022715e-09 8.64276028522681e-09 7.16981007897743e-09 5.68480995610798e-09 4.47289982830057e-09 3.2640798952599e-09 2.76728995274311e-09 2.38758990356303e-09
1.32436994704221e-09 1.64725999507453e-09 2.29219998537644e-09 3.05525005295237e-09 4.34903979495971e-09 6.11174000297865e-09 8.37212965620893e-09 1.02472004215315e-08 1.34205002666477e-08 1.56154005281905e-08 1.89042008713614e-08 1.85746991121505e-08 1.55287995795561e-08 1.28995001347221e-08 9.37349042828828e-09 6.39735997509661e-09 4.10584988230767e-09 3.1449700621522e-09 1.67892000302317e-09 1.05707997910542e-09 7.27546023426839e-10 5.11735986918893e-10 4.1285000418334e-10 3.96584987072401e-10 4.50177006783292e-10 5.9274801733622e-10 8.60064020002937e-10 1.45387002437047e-09 2.26433005678928e-09 3.57346996437968e-09 5.38405009464782e-09 6.31421981367453e-09 6.52062981387758e-09 6.91765977833825e-09 6.01911009923128e-09 4.77889017247435e-09 5.06567010560843e-09 7.16435000214233e-09 8.55623039086595e-09 8.85508022463455e-09 9.3766701070308e-09 1.07718998165751e-08 9.90865967054333e-09 9.77910019628325e-09 7.03992997230785e-09 5.11272979508703e-09 3.13734993540038e-09 2.58092991423098e-09 2.20743001655421e-09
1.15471998629602e-09 1.65196001322698e-09 2.46743003806671e-09 3.51974005496913e-09 5.0836801435139e-09 6.66280008942977e-09 9.62419033356809e-09 1.43378997563559e-08 1.76490004832885e-08 2.094120077345e-08 2.05436005984438e-08 2.09749000390502e-08 1.77640995246975e-08 1.58521000770406e-08 1.12645004435308e-08 7.78670017353988e-09 4.99843011425583e-09 3.88912013704612e-09 1.9421000363451e-09 1.12437004151644e-09 7.55991991230331e-10 5.28828980606022e-10 4.21271989514693e-10 4.29017987801927e-10 4.69578986805885e-10 5.69201019651189e-10 8.24005974564557e-10 1.33378996736155e-09 2.10079997842172e-09 3.32690008875147e-09 5.16092013569391e-09 6.78475009507906e-09 8.22566015301618e-09 8.34722957421263e-09 6.69477007164687e-09 4.68903982309143e-09 4.1350798341e-09 4.8799098095742e-09 7.57114015925708e-09 8.72884964309151e-09 1.00635997313248e-08 1.09974997997142e-08 1.3099899831559e-08 1.0608400380363e-08 7.03400981905133e-09 4.67688998639915e-09 3.0438900289198e-09 2.38735009538971e-09 2.23988005920717e-09
1.02250996558695e-09 1.50284995559247e-09 2.17861995110979e-09 3.54125995194465e-09 4.40061986850537e-09 6.77064981857711e-09 1.06211999195693e-08 1.63168003552983e-08 2.14578008694843e-08 2.55803005444477e-08 2.66082000877077e-08 2.53976999431416e-08 2.42458000343504e-08 2.04887999899483e-08 1.48390997267711e-08 9.44108968781165e-09 5.89787019222854e-09 3.61287999517401e-09 2.10806994083157e-09 1.184709996771e-09 7.65821017711943e-10 5.82019987760418e-10 4.68178995571833e-10 4.27068991282198e-10 4.53825005353181e-10 5.39629008144971e-10 7.84418974220102e-10 1.22275001235295e-09 2.03408001553385e-09 3.66365005000091e-09 5.10223996386117e-09 6.49098996774455e-09 8.00092969654997e-09 8.88254980679903e-09 9.25013043939771e-09 7.17041004349994e-09 5.19594989256689e-09 4.40559988490463e-09 6.43940012423627e-09 8.28234991701038e-09 9.23767018434773e-09 9.84574022311335e-09 1.23076997482485e-08 9.71209956901475e-09 6.01969984970196e-09 4.05260980329558e-09 2.98318991731605e-09 2.66371991131109e-09 1.80426995566307e-09
9.60576951314351e-10 1.36894995339532e-09 1.95055993579274e-09 3.79744014011862e-09 3.73480002480164e-09 5.68727998029317e-09 1.15289999769175e-08 1.93504003931366e-08 2.57370995626616e-08 3.03028002690553e-08 3.24555990971476e-08 3.27733005178743e-08 3.1123800425803e-08 2.49728007162275e-08 1.64077995634671e-08 1.09303996964627e-08 6.33386010306936e-09 3.73769992734196e-09 2.16760009941197e-09 1.28679000788168e-09 7.98333010809671e-10 5.69123026483709e-10 4.84724982374729e-10 4.26879004367109e-10 4.77694994671651e-10 5.40431976947531e-10 7.88580978294817e-10 1.23165000420755e-09 2.15070006248652e-09 3.67897001751771e-09 5.66519986477942e-09 7.1259500522558e-09 7.2974302156581e-09 9.25563981013511e-09 1.01040003031017e-08 7.62441043633544e-09 5.60266988358649e-09 5.36764011016544e-09 7.16284986879145e-09 8.22319989879361e-09 8.21941981143937e-09 7.89867993233884e-09 9.88114035038734e-09 8.59598969782382e-09 5.27793009297284e-09 3.43751005438264e-09 2.30720997862477e-09 1.78630998881601e-09 1.43704004251788e-09
5.9517402117848e-10 1.30663002639864e-09 2.05127004271333e-09 3.98476007745785e-09 4.69105998490704e-09 4.0724299488204e-09 1.06486002238171e-08 2.19212008545355e-08 2.98533997522554e-08 3.59382994474799e-08 3.9275001029182e-08 3.92011010319493e-08 3.48668010019537e-08 2.74587002024873e-08 1.9166499498624e-08 1.09659001878981e-08 6.19517015465476e-09 3.44944006691605e-09 1.99744998319318e-09 1.25241994552994e-09 7.59767027069813e-10 5.74038983014447e-10 5.12398012908477e-10 4.76050976416786e-10 5.50405998556158e-10 6.09983008548198e-10 8.09316003103078e-10 1.2408899463523e-09 2.25271001852434e-09 4.14588985364617e-09 5.79816017420853e-09 8.35579960778432e-09 7.41062988751651e-09 8.19494960779821e-09 8.86265016930565e-09 7.41952987937111e-09 7.00936997333201e-09 8.30027957476887e-09 8.72160033082992e-09 7.97933008556129e-09 7.7068600390362e-09 6.79060008224042e-09 6.69498012584313e-09 5.26150012447602e-09 5.17511988817887e-09 2.76149991762509e-09 1.42200995423281e-09 9.70866054217367e-10 1.34336997081874e-09
7.2499999059783e-11 9.08566999413551e-10 2.15196993558209e-09 3.62885010929404e-09 3.59538998573328e-09 2.34241004370972e-09 7.49741957406513e-09 2.06806998193088e-08 2.96425000101408e-08 3.85367009414495e-08 4.33185007864267e-08 4.22793995369375e-08 3.52237989886817e-08 2.56292000955227e-08 1.62896007793734e-08 1.04406003842428e-08 5.88291992897894e-09 3.25428994862875e-09 1.79966996860514e-09 1.12315001743468e-09 6.83321010885862e-10 5.33692978699207e-10 5.44470024621546e-10 5.33281974135491e-10 5.48735001881795e-10 6.51283027508498e-10 9.06227981545271e-10 1.48159995383423e-09 2.71771005699861e-09 4.24968016332627e-09 5.99484994978638e-09 7.02077018743807e-09 8.238149717954e-09 8.17392020735497e-09 9.05623043223613e-09 1.05557997898131e-08 1.00377999245893e-08 9.87999992929645e-09 9.18775988623111e-09 8.16920042723268e-09 5.88951021285311e-09 5.40084021949383e-09 5.151879811649e-09 4.45694015027698e-09 3.19153992123233e-09 1.5038299494563e-09 8.74137984219203e-10 5.91850013442752e-10 8.44585013037857e-10
1.26903001995693e-10 1.1680599820707e-09 1.79253001331148e-09 6.31375007831281e-10 5.63357027694167e-10 1.22774002075943e-09 5.81000003663235e-09 1.72652008245677e-08 2.98608995308314e-08 4.2512699138797e-08 4.61019986630617e-08 4.07151006243112e-08 3.13595016621093e-08 2.30013998958611e-08 1.34527002870755e-08 8.03856003983583e-09 4.64335991878784e-09 2.54061993665289e-09 1.53298995719808e-09 9.98565008458741e-10 6.38155972509935e-10 4.96893026724621e-10 5.17778986353079e-10 5.51657997061028e-10 6.13059991660947e-10 7.13486991710255e-10 1.05556996476963e-09 1.66243996346793e-09 2.8218600789387e-09 4.40704983617479e-09 5.71052005682304e-09 8.12331979460623e-09 1.10386002560858e-08 1.12288995879339e-08 1.08215001404233e-08 9.96012960996495e-09 9.34682020670152e-09 9.56980983346511e-09 9.37095023800794e-09 7.6694801620647e-09 5.22544008063619e-09 4.0195500261575e-09 3.20337001369353e-09 2.22403007121841e-09 1.60538005111732e-09 8.93867979634422e-10 7.50920992054205e-10 4.22005008715587e-09 3.97719013278675e-09
4.0546799251473e-10 2.30681002078015e-10 2.17489998233233e-10 3.19470006004963e-10 7.83196008047327e-10 2.46275999593593e-09 9.80170966613514e-09 1.74324004120763e-08 3.34451009109671e-08 4.32103988146082e-08 4.54358008994404e-08 3.27847011760696e-08 2.32455992232872e-08 1.75539991431606e-08 1.0662399851924e-08 6.39002983859882e-09 3.7635801142244e-09 2.07817008046618e-09 1.15246001630709e-09 7.72845010210688e-10 6.33731012111838e-10 5.5502502593896e-10 5.0424497910484e-10 5.06959974000409e-10 5.83315007407492e-10 7.50179973696419e-10 1.09390996261283e-09 1.73283998261553e-09 2.87113999242194e-09 4.39800995621908e-09 6.25724005942629e-09 1.00991996987432e-08 1.13305995697033e-08 1.18888996425426e-08 1.11623998932942e-08 9.05459973665756e-09 8.13951039901895e-09 8.26786994423401e-09 7.90670018346873e-09 5.96436988686833e-09 4.24995016956586e-09 3.38173000713482e-09 2.76266010068582e-09 1.80138004512997e-09 1.44269995949742e-09 8.97168006552818e-10 8.45693015616433e-10 5.63070978731872e-10 5.53958989790715e-10
5.25281984575798e-10 3.27437993385971e-10 5.49979006780887e-10 1.32281996467754e-09 3.72389008518326e-09 8.69341043596705e-09 1.87792004169296e-08 2.93031998666038e-08 3.90027992125397e-08 4.45383996350301e-08 4.16858014773425e-08 2.95553004292515e-08 1.8148400116047e-08 1.17969003454732e-08 8.15605982751322e-09 5.11675990466642e-09 3.17387005566161e-09 1.64957003612187e-09 8.48541015230353e-10 5.97324023576817e-10 6.32267016520416e-10 5.28084020956499e-10 4.3113099201797e-10 4.1924300142604e-10 5.21632015360041e-10 7.21222026545121e-10 1.05247999204749e-09 1.76639003424128e-09 2.89748003368118e-09 4.26941992870411e-09 8.52092973957497e-09 1.20290000182877e-08 1.41015998877947e-08 1.39208999883067e-08 1.282900008448e-08 1.09694999750332e-08 9.86980008832461e-09 8.03957966866164e-09 7.08342984268029e-09 5.31552979410321e-09 4.11945011435932e-09 3.22664006624507e-09 2.56921994790105e-09 1.8275799762435e-09 1.66701996651142e-09 1.01366004479075e-09 8.08476008362646e-10 6.64098998015561e-10 6.15912987278477e-10
3.50453999153899e-09 2.945099941698e-09 3.1616200768525e-09 2.76610001570532e-09 6.9377699141171e-09 1.29580000063356e-08 2.3448500030554e-08 3.63394008218165e-08 4.18800993884361e-08 4.17743990510644e-08 3.68683998885899e-08 2.5616499144121e-08 1.51402996806382e-08 1.02989003991638e-08 6.6402998655235e-09 4.46310011170681e-09 2.85890000562006e-09 1.35933997391646e-09 6.72025990411385e-10 4.66514993302525e-10 5.17414999734456e-10 4.49098008781235e-10 3.92812005145515e-10 3.83985010454779e-10 4.61723992373209e-10 6.50346998476437e-10 1.10367004424461e-09 1.87645010640836e-09 3.16570991643061e-09 4.65237004476649e-09 1.05779998094135e-08 1.30437998180355e-08 1.71649006119878e-08 1.90569995339729e-08 1.64701994265215e-08 1.44697995807519e-08 1.14900000625084e-08 9.56313961353317e-09 7.77149988806514e-09 5.99013993962672e-09 4.56953008765026e-09 3.5630201011827e-09 2.81262990675657e-09 2.10059991623268e-09 1.78018000340785e-09 1.29686994476685e-09 1.02910002741652e-09 8.08974998101064e-10 6.9082800591147e-10
7.90814969064968e-09 1.05471995581752e-08 1.29351995781235e-08 8.9500495903394e-09 1.59287001366692e-08 2.47254003937769e-08 2.92180004635156e-08 3.52403013437197e-08 4.15620000637773e-08 3.81232005963739e-08 3.07726004677988e-08 2.37132997682465e-08 1.42700997685097e-08 1.00943999825631e-08 6.86405021710357e-09 4.33901981011786e-09 2.68766009448029e-09 1.34539002161205e-09 6.26178997542581e-10 3.8205899555166e-10 3.49956008616203e-10 3.6005601278255e-10 3.51218998329017e-10 3.72411990134935e-10 4.19207002444466e-10 6.25721974234494e-10 1.16785003889674e-09 2.13538009496972e-09 3.73319997137855e-09 5.71625013989774e-09 1.11849995931834e-08 1.64344999831201e-08 2.0497099129102e-08 2.13980992924689e-08 2.09020001307181e-08 1.62971005579493e-08 1.36914000137267e-08 1.11893001530916e-08 8.90806983733228e-09 7.44344008651865e-09 5.37884981000047e-09 4.12356015999649e-09 3.34627991982472e-09 2.60221000303318e-09 2.18754991898606e-09 1.75234005084235e-09 1.49784995517876e-09 1.11178000139489e-09 8.22172996350901e-10
2.89098007755229e-08 2.51635992043475e-08 3.41088011168722e-08 2.16478994730096e-08 2.42159998720126e-08 3.16349009210626e-08 4.07958005155251e-08 4.23978008257109e-08 4.34904983137585e-08 3.80590989834673e-08 3.06698986207721e-08 2.22935998550611e-08 1.53689008186575e-08 1.14232001635628e-08 7.89188003835761e-09 4.88716001001421e-09 3.12645997979644e-09 1.4912600043715e-09 5.50832990331429e-10 2.97871005638939e-10 3.21545012837987e-10 3.36010996804248e-10 3.04697989061964e-10 3.41725009400662e-10 4.46369996520701e-10 7.02588986989383e-10 1.22153998027841e-09 2.3392399128852e-09 4.38773994915209e-09 7.55281970299393e-09 1.40749998323031e-08 2.32691004242724e-08 2.62048995836039e-08 2.4923000552235e-08 2.19694005210158e-08 1.83449007096215e-08 1.84687998228128e-08 1.34619000391467e-08 1.09671001169431e-08 8.70125038687775e-09 6.37730979136109e-09 5.33272981328992e-09 4.05227007505005e-09 3.26159010910487e-09 2.8817599417863e-09 2.38951991526903e-09 2.08539008283992e-09 1.61761004591199e-09 1.13660003631111e-09
4.28495994242439e-08 4.48833006316818e-08 6.64793020632715e-08 5.51473995358265e-08 4.79914987749908e-08 4.2756600038274e-08 4.57232012252007e-08 4.61307010368728e-08 4.47212009646591e-08 4.38177991668454e-08 3.31636016426273e-08 2.45522997488479e-08 2.12389998921481e-08 1.62967008776604e-08 1.10774998063334e-08 5.98258020900744e-09 3.45331008233529e-09 1.56069002166248e-09 5.30968990997138e-10 2.46584003216199e-10 1.5727399937937e-10 2.14325002190208e-10 3.02347008540593e-10 3.37674999073556e-10 4.33635988228431e-10 7.12253978019106e-10 1.30990995828029e-09 2.67792010788526e-09 4.98299979057037e-09 9.42914013535301e-09 1.54449004696744e-08 2.70709996641472e-08 3.25103997056431e-08 2.6224299176647e-08 2.16718003542837e-08 1.87792004169296e-08 1.48461998250582e-08 1.36281999019161e-08 1.16845999542647e-08 9.58583967758386e-09 7.43471018083142e-09 6.06305006201069e-09 4.99189978242498e-09 4.1280601159599e-09 3.56126994560668e-09 2.95849988951602e-09 2.51243004179003e-09 2.29353003255994e-09 1.74689995802169e-09
8.24529990950396e-08 7.5542402555584e-08 8.72511023430889e-08 7.80526008270499e-08 7.32534033431875e-08 6.45117026465414e-08 6.15444974982893e-08 5.00977996864549e-08 4.68013006127421e-08 5.16882003864794e-08 4.25821014005123e-08 3.13292005671428e-08 2.45301006174259e-08 1.88972002490573e-08 1.2877899635555e-08 6.95114010795805e-09 3.09122993868982e-09 1.39280997846214e-09 5.44174982852752e-10 2.2658799836428e-10 1.21321994117629e-10 1.248390002484e-10 1.94491006633157e-10 2.80148987341633e-10 4.28128005269812e-10 6.62003007967371e-10 1.41931999486644e-09 2.9730300443731e-09 5.86644999245323e-09 1.08972999512957e-08 1.67758997804413e-08 2.81974994464917e-08 3.28928990711574e-08 2.41818991497667e-08 1.90301001623538e-08 1.5292199506689e-08 1.31813999715291e-08 1.21247998308149e-08 1.09259996605715e-08 9.57602974693827e-09 7.95230015171455e-09 6.89896006988988e-09 5.81587000780814e-09 4.9756700981618e-09 4.04671007814272e-09 3.54987994555245e-09 3.12933989832231e-09 2.72756994768031e-09 2.28514007716285e-09
1.3834299750215e-07 1.15039000547768e-07 1.0084300328117e-07 9.19271982979808e-08 7.81889966106064e-08 6.51775025062307e-08 6.82700971310624e-08 5.70885987372094e-08 5.53782015799698e-08 5.41093001515947e-08 4.17713010847365e-08 3.14403010293063e-08 2.50747991259459e-08 2.01009004996422e-08 1.38571998320458e-08 7.61662022341625e-09 3.78090003749776e-09 1.53829005089534e-09 5.54505996674948e-10 2.1472400246747e-10 1.04526998168097e-10 7.05093969322057e-11 8.86066012228959e-11 2.30933994149751e-10 4.55928989007148e-10 7.27808979750222e-10 1.64484004194776e-09 3.50664008941237e-09 6.98861990500177e-09 1.221960044262e-08 1.75694996329412e-08 2.2794200305043e-08 2.87839991841565e-08 2.18691003084359e-08 1.64782996137092e-08 1.26620998130988e-08 1.16098002322929e-08 1.0069199696261e-08 9.30177002089749e-09 8.83631035009103e-09 7.86551002107672e-09 6.87753010097936e-09 5.98656990646873e-09 5.02355002041099e-09 4.59957982812398e-09 4.39049996359131e-09 3.76512998556677e-09 3.28256999360121e-09 2.83889001195803e-09
1.49898994550313e-07 1.2305000041124e-07 1.0683900342201e-07 8.60242010958245e-08 7.64884973136759e-08 6.7677000004096e-08 6.99865978504022e-08 5.87678989916185e-08 5.40231006596059e-08 4.76521009318276e-08 3.85014011783369e-08 3.14459995820471e-08 2.64648996051164e-08 2.17813997949179e-08 1.63402003039437e-08 1.01889998660454e-08 4.8399599883453e-09 1.68231995001378e-09 5.87311976829596e-10 2.17019999193546e-10 1.04341001117003e-10 7.07809991173924e-11 7.24737977964018e-11 1.45768994097573e-10 3.49285989020842e-10 7.56847973182317e-10 1.81130999088452e-09 4.21663992611343e-09 7.91419019208206e-09 1.3040000190756e-08 1.91962001849788e-08 2.19063007733666e-08 2.37092994126442e-08 1.62009996529378e-08 1.23032002363743e-08 1.00633004151973e-08 8.64841975811714e-09 8.02504018793115e-09 7.47705009018773e-09 6.84788981075712e-09 6.46415987404225e-09 6.19390005951459e-09 5.27886001577826e-09 4.77754991123902e-09 4.70362016002923e-09 4.18194012752338e-09 4.08758005221443e-09 3.74165010086358e-09 3.33599992075051e-09
1.4384400515155e-07 1.24571997162093e-07 1.049560012234e-07 9.61413988420645e-08 8.35910967111886e-08 6.61393997347659e-08 6.52021014957427e-08 5.84327999320067e-08 4.61275000418482e-08 3.51849998025955e-08 2.96943003519345e-08 2.83397003641994e-08 2.32929995291897e-08 1.92895992512376e-08 1.62422004734708e-08 1.05871995614848e-08 4.68590988234041e-09 1.68392999544409e-09 6.37720987128887e-10 2.47061010538729e-10 1.12569002730378e-10 7.51411988186845e-11 6.37613017939742e-11 7.8392799196525e-11 1.84162005090194e-10 7.47145012525152e-10 2.00444993936344e-09 3.975470175277e-09 7.76736008845091e-09 1.38512001868207e-08 1.77663999068045e-08 1.77653003419209e-08 1.56874992995881e-08 1.24998997819148e-08 9.58268042694499e-09 7.78779973842347e-09 6.67741995030724e-09 5.77843994875593e-09 5.39640998553637e-09 5.51529000247797e-09 5.07704989161084e-09 4.9433399595955e-09 4.55136994759187e-09 3.97976984700676e-09 3.86310006206259e-09 3.74736019992383e-09 4.00501987130042e-09 3.7569800603876e-09 3.21090998234297e-09
1.29727993680717e-07 1.14418000407568e-07 1.14839998843763e-07 9.7414499578008e-08 8.36829983086318e-08 6.53629967928282e-08 5.86634989474533e-08 4.56136994841927e-08 3.72420991823219e-08 2.86662000803517e-08 2.2455099113472e-08 2.1754200218993e-08 1.91729991882994e-08 1.53552992543382e-08 1.07150999184569e-08 7.00510982554192e-09 3.60741991833891e-09 1.50257994935288e-09 6.85892009855138e-10 2.77880995991353e-10 1.21673005004652e-10 8.05323030483862e-11 6.90243973089366e-11 8.03282024230967e-11 2.11680006856341e-10 8.76221983858727e-10 1.96203009394935e-09 3.13726999934261e-09 6.54108012199117e-09 1.15318998794578e-08 1.46487000307616e-08 1.41949998422319e-08 1.24581998051099e-08 9.59756008001023e-09 7.2856001231969e-09 5.6632600831108e-09 4.79293982280637e-09 4.3428900475817e-09 4.20252987964886e-09 4.3249102077425e-09 3.98385990862948e-09 3.71350994399222e-09 3.54927998102994e-09 3.16171999692472e-09 3.16678994138897e-09 3.56248008870352e-09 3.81134013238693e-09 3.28036997565562e-09 2.81729994888735e-09
