rodentData/rasterBestModels/Meriones_RDbal_RM2.asc
NCOLS 409 
NROWS 350 
XLLCORNER 60.897278365 
YLLCORNER 5.843756025 
CELLSIZE 0.0892857 
NODATA_value -3.4e+38 
[rows 88 to 109 of 350, columns 196 to 244 of 409]
4.15886987070735e-08 3.11873016300979e-08 2.45946001342645e-08 1.62680997561893e-08 1.03481996305277e-08 6.57954002392103e-09 2.7073500774577e-08 1.89307991504961e-09 8.53510984111239e-10 3.79809989015101e-10 1.33346000907864e-10 3.54074998487608e-11 1.19736000628312e-11 1.36381999443769e-11 3.26778985815235e-11 1.00806002434339e-10 7.18856987824701e-11 1.85710002931216e-10 1.85129994667577e-10 2.32749000628196e-10 2.5713300932928e-10 5.17262011001662e-10 3.18366999429998e-09 6.22359985769094e-09 8.56550030903236e-09 1.02515000932613e-08 1.15757998742083e-08 1.14893001779137e-08 9.01756980198343e-09 7.76717978823172e-09 1.04401998157755e-08 2.07463006773878e-08 2.63503991959624e-08 7.18944974664737e-08 2.00583002651911e-07 3.27938010968865e-07 4.41124001326898e-07 1.4674000112791e-06 1.27731004795351e-06 1.75050001871568e-06 2.10870007322228e-06 1.99048008653335e-06 2.09946006179962e-06 2.57540000347944e-06 4.95136009703856e-06 6.1778400777257e-06 6.18887997916318e-06 1.45115000123042e-05 1.25443002616521e-05
5.58499984038008e-08 4.76178989572418e-08 3.99423001340438e-08 2.99401001768729e-08 1.9852400612308e-08 1.30496999872776e-08 7.96528976110267e-09 4.34084990175165e-09 2.24405005688766e-09 1.2065399790373e-09 5.92799975773772e-10 2.35404001847073e-10 1.08763997808126e-10 8.69109992307493e-11 5.18108993208255e-11 3.48681986062083e-11 3.34622989039968e-11 4.2392901689059e-11 9.66762017662326e-11 1.97535002244287e-10 1.62818994398073e-10 1.97917002231485e-10 3.4477198873617e-10 1.22013998904436e-09 4.71210004349132e-09 8.5857498888231e-09 9.60605994748676e-09 1.26744996720163e-08 1.2930200021799e-08 6.64755006596351e-09 6.62143007090776e-09 1.04472999140626e-08 1.52768997452313e-08 3.70005999172918e-08 8.43525000959744e-08 1.71805993431917e-07 3.49803002563931e-07 7.81099004143471e-07 1.05133995020879e-06 9.84088956101914e-07 1.22216999898228e-06 2.50057996709074e-06 3.23916992783779e-06 4.10221991842263e-06 4.01848001274629e-06 4.80676999359275e-06 2.10309008252807e-06 2.89470995085139e-06 5.18701017426793e-06
7.52177982121793e-08 6.74006983558684e-08 5.97958020875922e-08 4.91793983314892e-08 3.64681014275448e-08 2.44326994192079e-08 1.57646997678285e-08 9.42637967682458e-09 5.43015987730655e-09 3.43900996568891e-09 3.48588002907491e-09 2.35575003948441e-09 1.02460995243803e-09 6.86858014908864e-10 4.60849997052648e-10 3.69507008324277e-10 2.50013010294481e-10 2.29478006041894e-10 2.96741992089622e-10 5.11295006333512e-10 4.24469986937126e-10 4.69493000032628e-10 5.02560992821088e-10 7.74066977182741e-10 1.87596005396529e-09 3.43979000838601e-09 3.58375995546112e-09 4.2371701702848e-09 4.28491020443289e-09 3.39175998398389e-09 3.72393005321214e-09 5.77899017528694e-09 7.44564987442686e-09 1.65318994049812e-08 3.51879982929404e-08 8.55875015304264e-08 2.36228004268924e-07 4.72414996011139e-07 5.92663980114594e-07 1.33219998588174e-06 8.22028994207358e-07 1.80151005224616e-06 1.99297005565313e-06 1.63298000188661e-06 2.76868991022639e-06 1.46647994370142e-06 5.17062005656044e-07 2.32316006076871e-06 2.66203005594434e-06
9.91074031730932e-08 9.12444022560521e-08 8.63100027004293e-08 7.09055996139796e-08 5.85765000948868e-08 4.13572998070322e-08 2.70966999948996e-08 1.78094001768159e-08 1.16669998107e-08 8.23196000254711e-09 6.39342978558943e-09 5.3495501362022e-09 4.40285008451724e-09 2.81173995198003e-09 1.72224001726562e-09 1.21921994722385e-09 9.49647027681522e-10 7.15838999187923e-10 8.49779024925112e-10 1.21248000528595e-09 1.4189800445763e-09 1.20027998651295e-09 6.65578980818538e-10 3.86765008908441e-10 5.50597012427545e-10 1.04899000596959e-09 1.16989995468941e-09 9.77716019257002e-10 1.03582997734719e-09 9.86252968182555e-10 1.51519996549609e-09 2.63305000025582e-09 5.25272980667069e-09 9.42892963706754e-09 1.68039999692837e-08 2.01586995984826e-08 3.53090001681267e-08 8.95882976692519e-08 4.52259001804123e-07 9.06887009932689e-07 9.53917037804786e-07 9.48122988120303e-07 8.75680996159645e-07 3.91071012018074e-07 9.54702045419253e-07 3.75494010995681e-07 1.83796004193937e-07 1.51592996644467e-06 1.65763003678876e-06
1.38733000198954e-07 1.30572999523793e-07 1.20764994449019e-07 9.7926999842457e-08 8.28636004257532e-08 6.481540282266e-08 4.38808989144945e-08 3.04708009934984e-08 2.23491003481513e-08 1.59808006827689e-08 1.32076998227149e-08 1.11627000976e-08 9.41450029046109e-09 7.22257009755367e-09 5.12088993431803e-09 3.33972005606142e-09 2.34475994176364e-09 1.6387600165757e-09 1.47132994676724e-09 1.53627999210926e-09 2.02792005410402e-09 1.00930996893567e-09 7.22833015665003e-10 4.36922997781863e-10 2.9233598874967e-10 2.63859989413362e-10 3.10561992789005e-10 3.41211003895836e-10 4.78235007150829e-10 5.06971020719504e-10 7.07911007591377e-10 8.22977019865334e-10 1.75547998360059e-09 3.74572994843447e-09 9.46560962944432e-09 1.41888998328454e-08 1.48768997121351e-08 2.12375006469756e-08 6.04592003128346e-08 1.09395998038053e-07 7.20983024393718e-08 5.13485005626535e-08 9.90952031543202e-08 2.47460008040434e-08 3.7734800173439e-08 4.25260999747934e-08 4.32283002282929e-07 2.12012992051314e-06 2.94471010420239e-06
1.8764299625218e-07 1.89877994216658e-07 1.74448004486294e-07 1.45179996025036e-07 1.19489001804141e-07 9.25597021250724e-08 6.51761027370412e-08 4.66465017723294e-08 3.52326985364471e-08 2.6558700128021e-08 2.21037002035018e-08 1.89799003180724e-08 1.64165001592664e-08 1.36939997119612e-08 1.03296997622238e-08 7.34201011098889e-09 4.56449988917029e-09 2.9130400314159e-09 1.97922989109145e-09 1.52783996565375e-09 1.20018994742566e-09 8.069410140088e-10 5.28319998860383e-10 4.0897898956338e-10 3.20336007719746e-10 2.59281013326174e-10 1.87413001784265e-10 1.41478995185906e-10 1.37169997582731e-10 1.64476002262326e-10 2.73295996944256e-10 4.79421002896885e-10 6.55991982956294e-10 1.67751001978189e-09 4.7676800285501e-09 7.68109043036702e-09 7.52237028223135e-09 1.12135998264762e-08 2.49085001513549e-08 1.60463997644911e-08 6.7905499001597e-09 5.92538018651112e-09 7.24417015263157e-09 2.61082999664097e-09 5.35276001301099e-09 1.67924998351054e-08 1.21186999990641e-07 5.32015974386013e-07 1.6193999385905e-07
2.21546002876494e-07 2.44222007950157e-07 2.40502004089649e-07 1.97152004943746e-07 1.51373001244792e-07 1.13790001421421e-07 8.31886026730899e-08 6.02487020273657e-08 4.79403006181656e-08 3.76108992838908e-08 3.1343301287734e-08 2.66177995200678e-08 2.21589004922862e-08 1.88030995218469e-08 1.53537005331827e-08 1.13232996312718e-08 7.14695014281119e-09 4.1986001342309e-09 2.3183699404683e-09 1.41065004122254e-09 1.03324004907535e-09 6.70437982908112e-10 5.10873010561852e-10 4.24819013300493e-10 3.47898987396178e-10 3.08370995405483e-10 2.55797993897744e-10 1.85994997181638e-10 1.20134999170851e-10 8.73755026664647e-11 8.6106601016045e-11 1.65003996577262e-10 2.8151900255402e-10 1.260839987971e-09 2.11011008666162e-09 3.59903995494903e-09 3.97306987309776e-09 4.26391988384012e-09 5.44422018577961e-09 3.35141003837691e-09 2.33028996099449e-09 2.44862996545692e-09 1.84350001930511e-09 5.66042990257642e-10 9.57602996898288e-10 1.02648001210071e-09 4.91208984598757e-09 8.18509970912373e-09 5.65439002286894e-08
2.17990006490254e-07 2.54192002557829e-07 2.59745007724632e-07 2.14237999784928e-07 1.59440006086697e-07 1.18339002597168e-07 8.58864979136342e-08 6.64444002040909e-08 5.45703002785558e-08 4.53194992644512e-08 3.82064015980177e-08 3.11274988007426e-08 2.51262992634338e-08 2.06969001936841e-08 1.69091993740267e-08 1.24830998871062e-08 7.98056998263519e-09 4.64459004589912e-09 2.65320010406356e-09 1.55301005388964e-09 1.03129005335489e-09 7.63226981614906e-10 6.25872020876272e-10 8.19243006766612e-10 5.05007979878513e-10 4.79186024193723e-10 4.2200198890896e-10 3.39881012223486e-10 2.23277993316451e-10 1.36470001965705e-10 8.25541024429555e-11 6.53522028160047e-11 7.81376977010417e-11 2.42839998110256e-10 1.05796005289704e-09 1.89453008836438e-09 2.89861001867564e-09 2.18234008642071e-09 1.8930299550135e-09 1.67846003762406e-09 1.39940004029171e-09 6.8780098283483e-10 6.14291006950651e-10 1.85345003234083e-10 3.4173799901005e-10 9.4877095069279e-10 2.39234010379619e-09 4.11047018644695e-09 1.43617997494516e-08
1.94912999518237e-07 2.01345002892594e-07 2.13264996773432e-07 1.89066000189086e-07 1.38315002118361e-07 1.05604001987558e-07 7.81012019501759e-08 6.45530988663268e-08 5.65579014732975e-08 4.940870113046e-08 4.00232984532067e-08 3.23998996520913e-08 2.59394994372997e-08 2.03599999082371e-08 1.56083999058865e-08 1.14334000045346e-08 7.63029017747385e-09 4.9951198732856e-09 3.353100019865e-09 1.90822002643642e-09 1.32681998721296e-09 1.11475995101529e-09 9.63651047847236e-10 9.13182973683035e-10 8.76178019026952e-10 8.68798977204932e-10 8.1328899170785e-10 6.69934996366806e-10 4.53572013281445e-10 2.94495011710083e-10 1.72021993871674e-10 1.05282997597822e-10 7.83903983392342e-11 9.74378008833376e-11 2.19467000128759e-10 5.94983007307093e-10 1.38469002930464e-09 1.8300100323998e-09 1.62192004271589e-09 1.05911002190595e-09 7.34606986352304e-10 3.61768004442098e-10 3.05310998705011e-10 1.2650400171843e-10 5.30424981715072e-10 9.01248020657164e-10 7.94751986443742e-10 1.17503002883268e-08 3.32136984582121e-08
1.61713003876685e-07 1.68409997058916e-07 1.71682003724527e-07 1.62849005391763e-07 1.19960006372821e-07 9.28313994563723e-08 7.46990025390915e-08 6.63459971406155e-08 5.87154005415869e-08 5.15908986642444e-08 4.12078016154283e-08 3.17632995461281e-08 2.52631995323327e-08 1.94893008398367e-08 1.43244998085379e-08 1.03401003315184e-08 7.45353023745565e-09 5.91755000556304e-09 3.894660149939e-09 2.58475996162133e-09 1.96397009766258e-09 1.82185000419111e-09 1.70964997714407e-09 1.78242998138955e-09 1.74601000324515e-09 1.77106995735699e-09 1.81605996907308e-09 1.61035995649428e-09 1.15744003270635e-09 8.13625000706253e-10 4.60556009995727e-10 3.04650998872447e-10 2.06636999178222e-10 1.80534004412536e-10 2.18477999580635e-10 3.68321012578221e-10 5.90243021125758e-10 8.18110024169982e-10 8.77674988242205e-10 6.81687983838941e-10 5.628220112186e-10 2.519570108106e-10 1.86305998406411e-10 1.63320995616445e-10 1.74623004944863e-09 1.31746002995925e-09 4.23802992699507e-10 1.17565002177855e-09 4.3863699339397e-09
1.39163006451781e-07 1.52911994177884e-07 1.52309993950439e-07 1.45350995239824e-07 1.17512001907016e-07 9.25200964729811e-08 7.99284975983028e-08 7.26325026789709e-08 6.36283985500086e-08 5.50354997130853e-08 4.53057005245228e-08 3.41548016535853e-08 2.49831000331824e-08 1.8934500189971e-08 1.42954998949563e-08 1.05103001857287e-08 7.72705988083544e-09 6.25235996309925e-09 4.75594985616112e-09 4.01713995401565e-09 3.37320993359924e-09 3.43316997053478e-09 3.2632099244978e-09 3.2303699715186e-09 3.67943009393912e-09 3.87379994748471e-09 4.18391010725827e-09 3.9716199218276e-09 3.18645998476086e-09 3.42283001941723e-09 2.17089990428576e-09 9.12224018545515e-10 6.87543022515058e-10 6.34541974520175e-10 6.62903010262283e-10 7.62669982723452e-10 9.47205980317278e-10 1.00511998724073e-09 9.80992953536486e-10 1.01079999925702e-09 6.25209994886688e-10 2.94626989472135e-10 2.59537003000077e-10 2.33739999577764e-10 3.09546999144317e-10 2.70263006418858e-10 4.07328004659036e-10 7.15313974719578e-10 1.0674799932886e-09
1.42364996236211e-07 1.50107993590609e-07 1.50903005646796e-07 1.41710003731532e-07 1.34648999505771e-07 1.14469997924971e-07 9.95049020957595e-08 8.89550975102793e-08 7.71282984146637e-08 6.35713988117459e-08 4.88968012746227e-08 3.60716008174222e-08 2.62170001263939e-08 2.05495993554905e-08 1.61935993503448e-08 1.25917001270182e-08 9.60153023754629e-09 7.83088971445522e-09 6.60540999675163e-09 5.96811000619368e-09 5.66399016577179e-09 6.42313979781761e-09 6.21324014460356e-09 7.25759985442664e-09 6.92792001544262e-09 7.82535991561417e-09 1.01555004405895e-08 9.69705027387135e-09 8.44346015327346e-09 6.12907014030384e-09 4.52262005623538e-09 3.08811998195324e-09 2.48542009195774e-09 2.33080998945923e-09 2.44221998180194e-09 2.77586997832202e-09 3.43113004674933e-09 3.23776006005971e-09 1.71015002159436e-09 1.17580001290918e-09 9.78818026631245e-10 7.18855974746191e-10 4.428239996912e-10 4.23563989437881e-10 3.76046999095436e-10 4.56945009608134e-10 5.73348979404642e-10 1.7525000339802e-09 1.96626004367317e-09
1.67316002830376e-07 1.77190997874277e-07 1.97399003809551e-07 1.86684005143434e-07 1.66544992907802e-07 1.48856997839175e-07 1.35689006697248e-07 1.18479000832394e-07 1.01391997020528e-07 8.00880002316262e-08 6.02727965315353e-08 4.42779004572458e-08 3.21590007956729e-08 2.62259991501423e-08 2.18854001587943e-08 1.74318000034646e-08 1.39770000018302e-08 1.16342997458219e-08 9.82280035088934e-09 9.73450031693801e-09 1.03199999657022e-08 1.09435998041363e-08 1.16979004260997e-08 1.22200995988919e-08 1.30771997675083e-08 1.42846001693897e-08 1.65505991134296e-08 1.99154008839741e-08 1.71541998383873e-08 1.34024000786326e-08 1.16013003648163e-08 8.76543992944789e-09 7.87386955636293e-09 7.61246976566099e-09 8.03269983862265e-09 7.91701015856461e-09 8.95153018376504e-09 8.09265987555818e-09 5.84702020134387e-09 2.60970001164651e-09 1.00925001689234e-09 8.52025006103929e-10 9.6375896152523e-10 9.39862965232408e-10 9.94383020369582e-10 9.12052988688572e-10 1.20625998079049e-09 1.60592994458142e-09 3.62973007206335e-09
1.67459006661375e-07 2.34439994528657e-07 2.61699000247972e-07 2.71483003189132e-07 2.52615990348204e-07 2.08816999247574e-07 1.85427992960285e-07 1.62779002721436e-07 1.24414995639199e-07 9.57031005555109e-08 7.39809991046059e-08 5.7120900009977e-08 4.36848992535488e-08 3.50244988567283e-08 3.02224982817734e-08 2.54068002192298e-08 2.15695994398857e-08 1.85602004876273e-08 1.70239005115036e-08 1.64483004994054e-08 1.76212004987519e-08 1.82975004037189e-08 1.89583992948883e-08 1.95322993334912e-08 2.1195200261559e-08 2.33182007036703e-08 2.62970996089962e-08 2.92505006882493e-08 2.81895999876269e-08 2.41264999090163e-08 2.14433004686043e-08 1.95637994693243e-08 1.89152000729109e-08 1.93281994853578e-08 2.0257600041873e-08 1.85084996218166e-08 1.68313007975485e-08 1.35893003516685e-08 8.67995986197911e-09 6.00372018766393e-09 3.45310002813903e-09 1.50032997137117e-09 9.90650006471583e-10 8.94347984559118e-10 9.59757051610666e-10 1.14252995953024e-09 1.75686998282742e-09 2.70492006571033e-09 4.63675986495105e-09
1.86736002660837e-07 2.36245995210993e-07 3.21338006870064e-07 3.79079011736394e-07 3.86649986694465e-07 3.06841002384317e-07 2.46294007411052e-07 2.001110033234e-07 1.46625993124871e-07 1.09162002104313e-07 8.39980032196763e-08 6.87005012878217e-08 5.71898013390637e-08 4.72393004713467e-08 4.30465014744641e-08 3.83917999613459e-08 3.38308012715061e-08 3.09494012640243e-08 2.97089002287976e-08 2.95524991145157e-08 3.00704989797396e-08 3.07095007201497e-08 3.01958991144602e-08 2.9722599492743e-08 3.10237986411721e-08 3.28833991147803e-08 3.49652005127155e-08 3.74747983755697e-08 3.78834990044652e-08 3.56000988688265e-08 3.41537003123449e-08 3.54200011543071e-08 3.40385000185961e-08 3.90019003759789e-08 3.35239001003629e-08 3.01400007174379e-08 2.68292996707942e-08 1.94484002236095e-08 1.21362999649932e-08 6.92158996784542e-09 4.04121980324135e-09 2.0523600596789e-09 1.69234004587793e-09 1.20135001946409e-09 1.01925001771974e-09 1.22098997579201e-09 1.7202600455235e-09 2.8159901077629e-09 4.87843010432698e-09
2.36128002484293e-07 3.0163801056915e-07 4.01151993401072e-07 4.84994984617515e-07 4.72815997909493e-07 4.01401990757222e-07 3.25586995586491e-07 2.51375013249344e-07 1.74468993918708e-07 1.26052000837262e-07 9.77133964852328e-08 8.12851013165528e-08 6.90011034976123e-08 6.04004029014504e-08 5.57804007428331e-08 5.4572698360289e-08 4.8400700336515e-08 3.38151011192167e-07 4.58868996133788e-08 4.69557015492228e-08 4.55790996056749e-08 4.4800199106021e-08 4.35557012679055e-08 4.15912992934864e-08 4.16120009560927e-08 4.32834994512632e-08 4.3740300270656e-08 4.48249011242297e-08 4.7873001562948e-08 5.14003986040734e-08 4.54610997735472e-08 4.47207995080134e-08 4.40217995389958e-08 4.49700010562992e-08 4.59696991583769e-08 3.71965001022545e-08 2.90134991587365e-08 2.27048992940126e-08 1.55823993708282e-08 1.01010000363999e-08 6.77913014612841e-09 3.6511700329811e-09 1.68085001472917e-09 1.21761001281584e-09 1.2774900026713e-09 1.39711997526604e-09 1.69947000916437e-09 2.41995001815098e-09 3.72397002124103e-09
2.96027991453229e-07 3.80454991955048e-07 4.82203972751449e-07 6.05291006650077e-07 5.68439986636804e-07 4.82591019590473e-07 3.63694994121033e-07 2.97355995826365e-07 2.05996002478059e-07 1.5424400601205e-07 1.1496899787744e-07 9.40101969604257e-08 8.53116972621137e-08 7.80597986249632e-08 7.03065978768791e-08 6.9951902048615e-08 6.92229988885629e-08 6.6489903360889e-08 6.40356034864453e-08 6.1000001494449e-08 5.79433994118972e-08 5.69758995538905e-08 5.52570007528175e-08 5.26661985134069e-08 5.27309005349252e-08 5.32579988998805e-08 5.29739985211108e-08 5.28864987359157e-08 5.58190009769532e-08 5.9481600089839e-08 5.79430015079652e-08 5.49637988456197e-08 5.01120993590121e-08 5.18604004184908e-08 5.17906002528434e-08 3.82589995240323e-08 2.88977002327329e-08 2.24443006402453e-08 1.65477995750507e-08 1.1090699914007e-08 7.26718996091336e-09 4.68351002425038e-09 3.24339000101759e-09 1.71859004804986e-09 1.1846600367349e-09 1.20081999899213e-09 1.57242996401408e-09 2.27721996814978e-09 3.32701000083091e-09
3.36211002149867e-07 4.14695989547909e-07 5.0297899178986e-07 5.83154019295762e-07 5.51179994090489e-07 4.9540398094905e-07 3.82519004915594e-07 2.82721003941333e-07 2.35502000123233e-07 1.79940997213635e-07 1.42447007078772e-07 1.1963899737566e-07 1.08979001822718e-07 1.03894002734251e-07 9.14777018579116e-08 8.39427016785521e-08 8.97270027166996e-08 8.59995026303295e-08 7.94702970097205e-08 7.16500991870817e-08 6.67532020770523e-08 6.42521982285871e-08 6.35291002026861e-08 6.10121020372389e-08 6.25369978024537e-08 6.42572004494468e-08 6.20254994032621e-08 5.93731002140885e-08 5.90282986934199e-08 5.76795002871222e-08 5.63096982375555e-08 5.89879007861782e-08 5.71782017289024e-08 5.15487990071506e-08 4.95004002232236e-08 3.74262008051574e-08 2.66386006586572e-08 2.05864001401324e-08 1.6305499173086e-08 1.15113998333527e-08 7.89624010621992e-09 5.17718978798598e-09 3.68982999709999e-09 2.77961009764738e-09 2.18736007084885e-09 1.67208002999075e-09 2.10761008645477e-09 2.9904099196898e-09 3.85763021526486e-09
3.81342999844492e-07 4.35742009585738e-07 4.74735003308524e-07 5.23315009104408e-07 5.13576026150986e-07 4.54321991583129e-07 3.70321004083962e-07 2.9087300390529e-07 2.32152999046775e-07 1.99048002968993e-07 1.7294300391768e-07 1.51082005572789e-07 1.33247993971963e-07 1.28153999412461e-07 1.1443800218558e-07 1.03032000708936e-07 1.0879799816621e-07 1.01028000187853e-07 9.23535026231548e-08 7.92839998098316e-08 7.25606028595394e-08 6.65521966425331e-08 6.47513971330227e-08 6.51823981456801e-08 7.07146980971629e-08 7.76744002450869e-08 7.07181015968672e-08 6.35210994914814e-08 5.94184008662069e-08 5.65689006748471e-08 5.56752013380901e-08 5.63421984622892e-08 5.33581996364774e-08 4.93815015545351e-08 4.59390001594784e-08 3.55734002255303e-08 2.50383997979498e-08 1.89329991684417e-08 1.49855008402255e-08 1.18591003683832e-08 8.52744985735399e-09 6.18704998345265e-09 4.46771020179426e-09 3.62151997279625e-09 3.13916004301973e-09 2.89784995999298e-09 3.13175996247139e-09 3.82097020690253e-09 4.56901982914815e-09
3.98531994960649e-07 4.13105993857243e-07 4.26922014185038e-07 4.48235994099377e-07 4.45917009983532e-07 3.99995997213409e-07 3.46374008586281e-07 2.89018004195896e-07 2.38654990880605e-07 2.08081999630849e-07 1.88224007047211e-07 1.61616995342229e-07 1.47416997720029e-07 1.61442002877266e-07 1.42755993692845e-07 1.24104005294612e-07 1.20815997206591e-07 1.1179599823663e-07 1.00447998363506e-07 8.40850020722428e-08 7.52610986864966e-08 6.73602968959131e-08 6.17338002939505e-08 6.65084982642838e-08 7.520080202994e-08 8.4018502377603e-08 8.09548978963903e-08 7.0650301609021e-08 6.06941981118325e-08 5.73568996742324e-08 5.65955993181433e-08 5.55867991636205e-08 5.17714013881232e-08 4.76884984834669e-08 3.96867996244055e-08 3.26784004300862e-08 2.56214995886239e-08 1.81701995671801e-08 1.37685995937886e-08 1.16113003656437e-08 9.44851041850825e-09 7.35637994964122e-09 5.94805005249555e-09 4.79306994094486e-09 4.308169820888e-09 4.04497013661853e-09 4.18298018445284e-09 4.85992979193384e-09 5.74208991466207e-09
3.90373998016003e-07 3.72888990796127e-07 3.68602997014023e-07 3.63173995765464e-07 3.59885007128469e-07 3.45139000046402e-07 3.29392008779905e-07 2.9918498967163e-07 2.61165013171194e-07 2.18036007026967e-07 1.89825001939425e-07 1.68594993965598e-07 1.58503993930026e-07 1.58221993729057e-07 1.57516993226636e-07 1.50125998743533e-07 1.36870994538185e-07 1.34044995547811e-07 1.14610998025455e-07 8.49071994935002e-08 7.51616013872081e-08 6.74809967904366e-08 5.78174983445479e-08 6.28972003369199e-08 7.43913020073705e-08 8.77555024203502e-08 9.13258020318608e-08 8.06268971587087e-08 6.80571972111466e-08 6.37377013390505e-08 6.07188965773275e-08 5.75881990982907e-08 5.36340998280593e-08 4.38085017151479e-08 3.69601984573364e-08 3.30276002102892e-08 2.7203299168832e-08 1.97954008740453e-08 1.41215998894495e-08 1.18549996486195e-08 1.05954995888169e-08 9.02150976145322e-09 7.76218023190722e-09 6.60612009539818e-09 6.00222005431306e-09 5.57805979184423e-09 5.6739901665992e-09 6.10054007310623e-09 6.9729000351515e-09
3.48154998164318e-07 3.2731099963712e-07 3.03696992887126e-07 2.95138988803956e-07 2.8915999905621e-07 2.89912009066029e-07 2.87755995032057e-07 2.92417013270097e-07 2.96791000664598e-07 2.576059898729e-07 2.08962006809088e-07 1.84425999805171e-07 1.7578399535978e-07 1.75593996232237e-07 1.76060993339888e-07 1.7577299615823e-07 1.66036002724468e-07 1.55487995812109e-07 1.30055994418399e-07 9.95057973796065e-08 8.22301018388316e-08 7.30778992874548e-08 6.1403198969856e-08 6.09220975889002e-08 6.92854982276003e-08 7.95257975028107e-08 8.94015030894479e-08 8.867949929936e-08 7.92313983311033e-08 7.27998994420886e-08 7.00781015439134e-08 6.69799007368965e-08 5.85610990810892e-08 4.89723994689939e-08 4.04876985271585e-08 3.11945989039941e-08 2.60180001987464e-08 2.03219006067457e-08 1.54687995745917e-08 1.28841000091029e-08 1.20193002217661e-08 1.14762999103846e-08 1.0775700332033e-08 9.65257029861277e-09 8.36234992362961e-09 7.52901030409703e-09 7.39164995877672e-09 7.54924034396254e-09 8.23160029028713e-09
