rodentData/rasterBestModels/Meriones_RDbal_RM2.asc
NCOLS 409 
NROWS 350 
XLLCORNER 60.897278365 
YLLCORNER 5.843756025 
CELLSIZE 0.0892857 
NODATA_value -3.4e+38 
[rows 176 to 197 of 350, columns 245 to 293 of 409]
2.67611000026591e-09 2.59491006460166e-09 2.47533993302795e-09 2.61695998204914e-09 2.86357004775084e-09 3.20550008758858e-09 2.91630009030541e-09 2.43394993049151e-09 1.80384995829286e-09 1.40744005339144e-09 1.11673004177248e-09 7.18165027446815e-10 3.84480003390308e-10 2.91445007016833e-10 3.16447007486786e-10 3.48928996807274e-10 4.79854989077211e-10 6.91559975951606e-10 1.06289999024511e-09 1.39361999718091e-09 1.27212995693071e-09 1.56678003904176e-09 2.32829999724515e-09 3.21078008624909e-09 4.76870010146513e-09 6.47286979571504e-09 7.15162018494198e-09 8.54716031284397e-09 9.56106038785265e-09 9.96910998196654e-09 8.90180995583023e-09 6.36481978233405e-09 4.76320982656375e-09 4.90474016956455e-09 5.10438979972605e-09 5.92478022198861e-09 6.7492700317473e-09 4.73833994263373e-09 2.87121992847972e-09 2.21738005734551e-09 1.66175995186535e-09 1.50448997704444e-09 1.18416998429183e-09 1.46221001973146e-09 3.6632799016445e-09 7.65056018536825e-09 -3.4e+38 -3.4e+38 -3.4e+38
2.36718999957475e-09 2.33113994774214e-09 2.3476300903269e-09 2.70763989007605e-09 3.05685010637546e-09 3.08008996086073e-09 2.96246005504486e-09 2.56337995274691e-09 1.9915900040246e-09 1.79710002434774e-09 1.28113997188706e-09 8.4007800715824e-10 4.72156980180216e-10 4.25688012617442e-10 3.87116005917676e-10 4.72798022954635e-10 6.82768008797296e-10 8.4154999635544e-10 9.35884036934453e-10 1.26512000875323e-09 1.59416002620816e-09 1.98343008683821e-09 2.8510300786877e-09 3.80846998382367e-09 5.07331998633731e-09 6.49674003483369e-09 8.15860978775618e-09 1.00842001415913e-08 1.20491003841039e-08 1.24483001684439e-08 1.20962999616836e-08 9.26899978992424e-09 5.05136021899943e-09 4.68532013186973e-09 6.0313198879669e-09 6.61040999716533e-09 6.80363010374663e-09 6.17328010932283e-09 3.86171983279837e-09 2.6571200795189e-09 2.59555998916028e-09 2.8806599328135e-09 3.18655990483308e-09 4.14528011916104e-09 6.29367979954054e-09 -3.4e+38 -3.4e+38 -3.4e+38 -3.4e+38
2.10192996341618e-09 2.16200990443838e-09 2.39530995038706e-09 2.76909006835524e-09 3.17475001843093e-09 2.94534996392315e-09 2.70621991482756e-09 2.43294007162831e-09 2.04890993060758e-09 2.03000993792557e-09 1.53656998236329e-09 9.52383949481828e-10 6.1761101788349e-10 6.02225991297445e-10 5.30912980245546e-10 5.87461024270652e-10 7.84297016220847e-10 1.01153996290293e-09 1.2681800054537e-09 1.74156000731784e-09 2.4203699044989e-09 2.85759993445822e-09 3.33891003734266e-09 4.3184900100357e-09 5.56951018637619e-09 7.31738980519481e-09 9.17076992124066e-09 1.05384998505542e-08 1.27779999914424e-08 1.44629996867707e-08 1.42797000890482e-08 1.25851000731814e-08 7.4017298956619e-09 5.247549950127e-09 6.52838005876788e-09 7.02189995038793e-09 6.89724988234275e-09 6.36311980883875e-09 4.90781992823486e-09 3.80576992142778e-09 3.32027005889302e-09 3.05968006486523e-09 3.36205996376293e-09 4.48115011764116e-09 7.02714020306416e-09 -3.4e+38 -3.4e+38 -3.4e+38 -3.4e+38
2.13141992944088e-09 2.3001600624184e-09 2.25404006570784e-09 2.4910900009445e-09 2.82316992006315e-09 2.62619992419388e-09 2.44115994085803e-09 2.34319008640682e-09 2.26857999052754e-09 2.14000994702701e-09 1.72964997879888e-09 1.05314001963563e-09 8.14949996374992e-10 7.56285978287252e-10 7.00088986782532e-10 7.64714014334089e-10 8.95015006552313e-10 1.12169995514222e-09 1.56218005198383e-09 2.47297005095959e-09 3.7254701545919e-09 4.57710980228399e-09 4.95656982124615e-09 5.55254020540019e-09 6.94087987085368e-09 8.32647018000898e-09 1.07167004159692e-08 1.1722899984079e-08 1.4139899917609e-08 1.51979993034956e-08 1.37936000399463e-08 1.39466997950422e-08 1.25434995723595e-08 8.68122995711929e-09 7.35097982484945e-09 6.84178003140801e-09 6.78888012473067e-09 6.50639986332635e-09 5.14416997887679e-09 4.17762002768995e-09 3.53235996009005e-09 3.18038995139602e-09 3.36832006730958e-09 4.35638991547194e-09 6.56971987922361e-09 9.18049014586586e-09 -3.4e+38 -3.4e+38 -3.4e+38
2.22290008622394e-09 2.62875010648145e-09 2.69196998026189e-09 2.45792008968237e-09 2.50069009943843e-09 2.39391995116023e-09 2.25638996376176e-09 2.11991002529999e-09 1.9166499498624e-09 1.66272995372196e-09 1.43817002751234e-09 1.10724995838751e-09 9.50666989574245e-10 8.54129988958618e-10 7.89589005290026e-10 8.89708973161873e-10 1.0426699503796e-09 1.27018995321748e-09 1.65467994861501e-09 2.40735009704451e-09 3.50917006564089e-09 5.2914401749149e-09 6.59266996549945e-09 7.39898986523713e-09 8.92370977112478e-09 1.06613997630234e-08 8.43991969645685e-08 8.97703031910169e-08 1.26785000276186e-08 1.34395001794019e-08 1.30122996822024e-08 1.20927996505316e-08 1.15123999222533e-08 1.08142996779748e-08 9.02057006868517e-09 7.27489002372295e-09 6.71639988070183e-09 5.94639981699174e-09 5.09050002150957e-09 4.27032986749509e-09 3.6117300261651e-09 3.36537997469577e-09 3.44397999008095e-09 4.11644007769496e-09 5.63144997300924e-09 8.64006999279354e-09 -3.4e+38 -3.4e+38 -3.4e+38
3.55888007952387e-09 3.67989994032314e-09 2.82005996332657e-09 2.92911006560814e-09 2.76169997981413e-09 2.53967002983302e-09 2.2457200543613e-09 1.98036009813052e-09 1.7153499731748e-09 1.64233004973369e-09 1.44111000910385e-09 1.30484001381603e-09 1.19020004962778e-09 1.06260999999108e-09 9.9483599136363e-10 1.12205000846188e-09 1.36450994947523e-09 1.68216995888315e-09 2.24803997639356e-09 3.3595699555633e-09 4.30634017334341e-09 5.73976999262982e-09 8.27250978829852e-09 9.2539895746313e-09 1.06345003914043e-08 1.16432001817657e-08 1.23273000696145e-08 9.09050967834446e-08 1.32673001473904e-08 1.33051996087374e-08 1.27671002658758e-08 1.07861000131493e-08 9.65470015046321e-09 8.56620019362708e-09 8.14234990542673e-09 7.29238003316368e-09 6.64172983277922e-09 5.26482990537147e-09 4.45055992059906e-09 3.81767017998413e-09 3.40503003570802e-09 3.28783000824728e-09 3.50593998277304e-09 4.33366009744418e-09 5.75079983633486e-09 8.36573033069499e-09 1.10801998687293e-08 -3.4e+38 -3.4e+38
3.24997007083994e-09 2.93273005880224e-09 2.77259992742529e-09 2.74680989065246e-09 2.55626009248999e-09 2.54998999693612e-09 2.20941998030355e-09 1.91585991515808e-09 1.68921998611182e-09 1.56640000970043e-09 1.50929002629141e-09 1.44364997733959e-09 1.38578004627021e-09 1.30213995142014e-09 1.28157995327172e-09 1.44529999079879e-09 1.74560998988937e-09 2.19140994239808e-09 2.85032997204837e-09 4.81096007476367e-09 6.71764022186494e-09 8.05721978025531e-09 9.34373023397939e-09 1.30169999223995e-08 1.42188998353276e-08 1.40424996075694e-08 1.28988002501274e-08 1.28222001904987e-08 1.21817995690776e-08 1.17269998156644e-08 1.11479998565756e-08 1.03896002912052e-08 8.18508993916112e-09 6.77212996791354e-09 5.86270010316525e-09 5.77911007937359e-09 5.22855980733539e-09 4.67071981091749e-09 3.91501009389117e-09 3.44551009945349e-09 3.15321990740358e-09 3.186799935051e-09 3.65225005793945e-09 4.77003991861125e-09 7.25238979981668e-09 1.05528998872728e-08 1.40278997307064e-08 -3.4e+38 -3.4e+38
3.79267994787824e-09 3.31623994931363e-09 3.00364999539227e-09 2.90522006451965e-09 2.54103005303818e-09 2.39397990320356e-09 2.39460007378511e-09 2.03889993777295e-09 1.76627001913232e-09 1.64902003163547e-09 1.63002000785895e-09 1.77329995132425e-09 1.70435998647633e-09 1.72475000947969e-09 1.93330995656993e-09 2.16050000112489e-09 2.88835000361587e-09 3.47356010621525e-09 3.76854014660921e-09 4.82366990794958e-09 7.86003973018978e-09 1.1248199704994e-08 1.36637003933515e-08 1.51503005696441e-08 1.63063003100206e-08 1.52606993708559e-08 1.43919001160953e-08 1.32890001225405e-08 1.22474004271567e-08 1.13972999926659e-08 1.02940997948053e-08 8.88498963291795e-09 6.96614010919916e-09 4.66009009159052e-09 3.58513996268073e-09 3.85821019577293e-09 4.0593102212938e-09 3.86142984254434e-09 3.63487995258538e-09 3.15021009278382e-09 3.00717006851414e-09 3.2611000566618e-09 4.03902999934758e-09 5.66556979109123e-09 9.15165987436239e-09 1.39471003635094e-08 1.68782001708223e-08 -3.4e+38 -3.4e+38
4.25256008185215e-09 3.57604990064431e-09 3.24717008837183e-09 2.99003999337799e-09 2.79811995795853e-09 2.53436005515084e-09 2.31747998569176e-09 2.2756700968074e-09 2.0177299830948e-09 1.84997994701064e-09 1.84301995886926e-09 2.30459007433126e-09 3.02262992413205e-09 3.30850991048237e-09 3.58334006911321e-09 4.29040980520767e-09 5.12009989961371e-09 6.48726006247102e-09 6.01305982783629e-09 7.31467020287369e-09 8.24385981701425e-09 1.09693001348887e-08 1.5228600602768e-08 1.8568300674815e-08 1.53365995458898e-08 1.33646000932686e-08 1.62141997606113e-08 1.54869006507852e-08 1.24335999274194e-08 1.16615002099252e-08 9.45999989454549e-09 7.98616017760878e-09 6.62450982957807e-09 4.75868011662328e-09 3.64418006881806e-09 3.3228300111432e-09 3.47709994130696e-09 3.68735997291481e-09 3.46129991335431e-09 3.19810999904746e-09 3.18797011011895e-09 3.43847994521695e-09 4.39733982560142e-09 6.85353018781143e-09 1.09879003673541e-08 1.43310003863917e-08 -3.4e+38 -3.4e+38 -3.4e+38
4.73071981588191e-09 3.86385989870064e-09 3.5413298959952e-09 3.17975001884463e-09 3.08917003088993e-09 2.82546008811835e-09 2.35531993908467e-09 2.13819006944505e-09 2.04246997093094e-09 2.01408001387904e-09 2.26651009072043e-09 3.13888004477292e-09 4.81708983812723e-09 5.30961985489853e-09 5.78314018895298e-09 6.22052986898325e-09 6.64151000862034e-09 7.56416973501928e-09 9.55199030983067e-09 1.08201998472168e-08 1.24649996990911e-08 1.48743000139007e-08 1.78483006152419e-08 2.10688000379378e-08 1.98291996156286e-08 2.17831992443962e-08 1.79589996207596e-08 1.23844001720386e-08 1.03603001733177e-08 1.08388000796822e-08 9.18717990572304e-09 7.77716024913389e-09 6.4813798772434e-09 5.26696020131112e-09 4.09484979257968e-09 3.35238992121845e-09 3.15305004328081e-09 3.16690007551301e-09 3.13348991198836e-09 3.25867999251273e-09 3.45753004005189e-09 3.97634014603909e-09 5.0724899836041e-09 7.7175901225246e-09 1.07686002337459e-08 -3.4e+38 -3.4e+38 -3.4e+38 -3.4e+38
4.68115013418924e-09 4.22416990275565e-09 3.56020990466277e-09 3.17977000285907e-09 3.12084003084578e-09 2.68098010458573e-09 2.34097008444678e-09 2.2117800924093e-09 2.35364994161102e-09 2.43804998412145e-09 2.64436006425228e-09 4.4246197816733e-09 5.85407011755024e-09 6.2711897896861e-09 6.50606013508082e-09 6.9166299354606e-09 7.54384998913338e-09 7.987639882856e-09 9.30658039521859e-09 1.18174003915783e-08 1.45941001505889e-08 1.34005997409758e-08 2.06057997331754e-08 2.26945005010748e-08 2.17678994829384e-08 2.08433004189601e-08 1.94020994825905e-08 1.74690004683953e-08 1.47102996450599e-08 1.15962999203134e-08 9.52775991436283e-09 7.70087993373636e-09 6.16081008431024e-09 4.93042007221334e-09 2.93204003298797e-08 3.48163009533664e-09 3.02085001457897e-09 3.20168003220545e-09 3.09915004770289e-09 3.35868000078676e-09 3.79501008396232e-09 4.51009984914208e-09 6.12040995662255e-09 1.05177999643047e-08 -3.4e+38 -3.4e+38 -3.4e+38 -3.4e+38 -3.4e+38
4.56768978196465e-09 3.92468013643565e-09 3.5170200085588e-09 3.29181992775318e-09 3.06850989062468e-09 2.60286991959902e-09 2.42110997916711e-09 2.30415997393152e-09 2.58979993006392e-09 3.74246988954496e-09 4.40640013366078e-09 6.04060979014776e-09 6.58208998416399e-09 6.82465994827908e-09 6.78734979331352e-09 7.02338986968698e-09 7.5447799119388e-09 7.6930097847594e-09 9.8406296444864e-09 1.41170000134139e-08 1.78975998466058e-08 1.71026997008994e-08 2.44348008493489e-08 2.33470007771075e-08 2.39166002558022e-08 2.29790995120993e-08 2.09382999827312e-08 1.92278992727779e-08 1.44012997083109e-08 1.23737002866164e-08 9.56575973987128e-09 7.15799020056807e-09 5.20486009847332e-09 4.39331993007386e-09 4.28638990968011e-09 3.50893003542296e-09 3.21750004417254e-09 3.20731996517054e-09 3.69557007218191e-09 4.07727007711856e-09 5.06032016289737e-09 6.09670980367127e-09 8.18790990564366e-09 1.32249002859908e-08 -3.4e+38 -3.4e+38 -3.4e+38 -3.4e+38 -3.4e+38
5.00418995130758e-09 4.15119005836573e-09 3.53651996576332e-09 3.01203995078936e-09 2.78979994661199e-09 2.60305998978083e-09 2.44994002862597e-09 2.61581001304023e-09 3.09004999365925e-09 5.31787014423912e-09 6.34257002474214e-09 6.70753008691349e-09 7.03249991573784e-09 7.18875980965095e-09 7.09940994880753e-09 7.05156999458723e-09 7.22608994863094e-09 7.73700037370872e-09 1.03842996423964e-08 1.46451002436265e-08 1.43905003469058e-08 1.62545994442098e-08 2.5286800209301e-08 2.3626899547935e-08 2.7071299868453e-08 2.25539000808794e-08 2.23837997026521e-08 1.99691001512292e-08 1.58582995624101e-08 1.2299199880772e-08 1.05005000250458e-08 7.5689001732826e-09 5.31716004559257e-09 3.44939010687995e-08 3.24716005195569e-08 4.0001499890252e-09 3.78068021333888e-09 3.9462100254184e-09 4.62493998654168e-09 5.23669019258932e-09 6.91680979159059e-09 1.06191997417682e-08 1.30702000333827e-08 2.00630001501167e-08 -3.4e+38 -3.4e+38 -3.4e+38 -3.4e+38 -3.4e+38
5.80426018359503e-09 4.31258984079363e-09 3.71202002469317e-09 3.0335700618167e-09 2.63836996694522e-09 2.76118994335661e-09 2.76233991236552e-09 2.98868996218005e-09 3.86908016736243e-09 6.05950978282976e-09 7.28104021519016e-09 7.34867988683163e-09 7.39056993381837e-09 7.61709006980027e-09 7.18195991566972e-09 6.84027012809452e-09 6.73347999580187e-09 6.57791998648349e-09 8.90955043075792e-09 1.57799995292862e-08 1.65688991415891e-08 1.84728996543981e-08 2.47010003562309e-08 2.57933994163295e-08 3.0071998224912e-08 2.66668003234827e-08 2.60238994798101e-08 1.96698000110018e-08 1.62713007512139e-08 1.34669999596326e-08 1.0347499745933e-08 7.96049004492261e-09 6.79514000623271e-09 6.06650996104463e-09 5.38967004359847e-09 4.963749855591e-09 4.8059298762837e-09 5.49922996029295e-09 7.24348003799946e-09 8.36407032522857e-09 1.02581996230811e-08 1.53738994868036e-08 -3.4e+38 -3.4e+38 -3.4e+38 -3.4e+38 -3.4e+38 -3.4e+38 -3.4e+38
6.43637010355746e-09 5.51152989913817e-09 4.40109992894122e-09 3.09447001356489e-09 2.87430990120185e-09 2.72580003013445e-09 2.93534996309575e-09 3.79572018260887e-09 5.70623992501851e-09 7.46821005037646e-09 8.07180011719311e-09 8.09894018516388e-09 7.34454985718003e-09 7.19550996564067e-09 6.47930997743629e-09 5.81668979648953e-09 5.41897993144858e-09 5.27934007621411e-09 1.0559600305271e-08 2.04671000147982e-08 2.12809005972758e-08 2.58031001010295e-08 2.54231000695881e-08 2.78204002057691e-08 2.65078998751278e-08 2.58696992716523e-08 2.54180001491022e-08 1.75257994783351e-08 1.61306008550355e-08 1.57384008048211e-08 1.24815997537553e-08 1.01955004438992e-08 9.11293973615557e-09 8.16094036792947e-09 7.24649984462644e-09 6.81919987144397e-09 6.77517020264418e-09 7.97534038809999e-09 1.26113999243671e-08 1.59145994160781e-08 1.53032004845954e-08 -3.4e+38 -3.4e+38 -3.4e+38 -3.4e+38 -3.4e+38 -3.4e+38 -3.4e+38 -3.4e+38
6.5952598937713e-09 6.19284001857068e-09 5.12644993122535e-09 3.52915008328125e-09 3.0226099401176e-09 3.41090999889104e-09 4.3593098020267e-09 5.86108983569034e-09 8.09260036760406e-09 8.42007974455328e-09 9.10605013615395e-09 8.8979401624556e-09 7.2845001142241e-09 5.90127013921915e-09 5.33588018214459e-09 4.43331016342086e-09 4.85631979074697e-09 6.69967015198836e-09 1.48844998548725e-08 2.33223005352556e-08 2.60431001208872e-08 2.68099000777511e-08 2.73580003096185e-08 2.71817999220048e-08 2.40325999101287e-08 2.03552996680401e-08 1.6583500794809e-08 1.5414100218436e-08 1.57866999472844e-08 1.85873005875692e-08 1.6839900141008e-08 1.61657993658082e-08 1.33712996230884e-08 1.19944001397698e-08 1.10498996619413e-08 1.06057997939502e-08 1.10093001381983e-08 1.28878001603994e-08 1.71023000206105e-08 2.10806998524049e-08 -3.4e+38 -3.4e+38 -3.4e+38 -3.4e+38 -3.4e+38 -3.4e+38 -3.4e+38 -3.4e+38 -3.4e+38
6.93797019835074e-09 6.53735998668026e-09 5.49691980822331e-09 4.44269021571131e-09 4.14935996673194e-09 6.28326990437245e-09 8.27443003004191e-09 9.23037024591622e-09 9.96286964038973e-09 9.57832035908268e-09 1.02286996650491e-08 9.883920348841e-09 7.28946991657153e-09 4.37296021615907e-09 3.39770989121746e-09 3.55956997211138e-09 6.1826201935844e-09 1.31673996150994e-08 1.61154005695607e-08 2.29122001371707e-08 2.59277008751724e-08 2.60197996482248e-08 2.77278999760711e-08 2.64126995830338e-08 1.14854001864728e-08 1.37568001434829e-08 1.65364006932123e-08 1.9032199816138e-08 2.3143300609263e-08 2.66153996619778e-08 2.52922998100757e-08 2.30146994795177e-08 2.09911004134256e-08 1.94702991507256e-08 1.90382003495415e-08 1.91880005218081e-08 1.99983993809383e-08 2.00840002406721e-08 -3.4e+38 -3.4e+38 -3.4e+38 -3.4e+38 -3.4e+38 -3.4e+38 -3.4e+38 -3.4e+38 -3.4e+38 -3.4e+38 -3.4e+38
7.83372033907881e-09 7.39294003793134e-09 6.11235018155298e-09 6.08654016076571e-09 7.50990025721876e-09 1.02182999839329e-08 1.13757003816772e-08 1.12888001169154e-08 1.29854003105834e-08 1.29095996115325e-08 1.33237998412028e-08 1.06271000888114e-08 6.82535006291118e-09 4.64729010829501e-09 3.99298016873217e-09 4.77443995450244e-09 9.33936039615446e-09 1.66416995739382e-08 2.0228599240113e-08 2.23607994342956e-08 2.68129998204358e-08 2.76936003018591e-08 2.83696000025202e-08 2.58962007393393e-08 1.63433995226114e-08 2.11819006779024e-08 3.09896002193e-08 3.70505013336242e-08 4.64757015095074e-08 6.40814974417481e-08 6.11436021813461e-08 3.9343799329572e-08 3.70784007941438e-08 3.62086005623041e-08 -3.4e+38 -3.4e+38 -3.4e+38 -3.4e+38 -3.4e+38 -3.4e+38 -3.4e+38 -3.4e+38 -3.4e+38 -3.4e+38 -3.4e+38 -3.4e+38 -3.4e+38 -3.4e+38 -3.4e+38
7.51045980962317e-09 8.24689028178227e-09 8.82856010520072e-09 1.01432000576551e-08 1.15891998220263e-08 1.31269999315009e-08 1.46990997151875e-08 1.62508992929133e-08 1.74212004822039e-08 1.79646004738743e-08 1.81632007212329e-08 1.34122997152986e-08 7.93002019605638e-09 6.17038020678251e-09 3.76487019337901e-09 3.81190012888055e-09 7.99310040378032e-09 1.58650994563914e-08 2.11623998325194e-08 2.3824599182376e-08 2.72296993841792e-08 3.01150997472632e-08 3.39766010881704e-08 2.49285996289927e-08 2.25467999825923e-08 3.68645984849536e-08 3.89992003135831e-08 6.59644001643755e-08 7.81213032041705e-08 7.83031026685421e-08 7.20401018838857e-08 -3.4e+38 -3.4e+38 -3.4e+38 -3.4e+38 -3.4e+38 -3.4e+38 -3.4e+38 -3.4e+38 -3.4e+38 -3.4e+38 -3.4e+38 -3.4e+38 -3.4e+38 -3.4e+38 -3.4e+38 -3.4e+38 -3.4e+38 -3.4e+38
7.14745018726148e-09 8.54040038689163e-09 8.59027959876357e-09 1.06854995962635e-08 1.29493002987147e-08 1.63208007109006e-08 1.73873004882807e-08 2.01525001131131e-08 2.06948005398999e-08 2.3223700296171e-08 2.29711005772515e-08 1.7914100425287e-08 1.14454001831632e-08 6.59145982240261e-09 5.5787801045426e-09 4.06831013322062e-09 5.56706991616807e-09 1.13464002637897e-08 1.47381999937579e-08 2.37203998665336e-08 3.18034985014037e-08 3.6792698665522e-08 3.99305015719165e-08 4.3305799835025e-08 5.28116004261392e-08 5.69071012535005e-08 7.73276980226001e-08 1.19692003863747e-07 1.19665997999618e-07 -3.4e+38 -3.4e+38 -3.4e+38 -3.4e+38 -3.4e+38 -3.4e+38 -3.4e+38 -3.4e+38 -3.4e+38 -3.4e+38 -3.4e+38 -3.4e+38 -3.4e+38 -3.4e+38 -3.4e+38 -3.4e+38 -3.4e+38 -3.4e+38 -3.4e+38 -3.4e+38
6.63100019338003e-09 7.56521956191136e-09 7.46130002227119e-09 9.63238022677615e-09 1.32390995943865e-08 1.88895992181415e-08 1.9700900466546e-08 2.25050005298044e-08 2.82048002731017e-08 3.02215994452126e-08 2.91200006330428e-08 2.38596005175395e-08 1.76141998764479e-08 1.23352004166577e-08 9.07551989115518e-09 6.19540019286546e-09 3.44004003061116e-09 2.70171995886415e-09 5.17243003983481e-09 1.61557007771762e-08 3.42602994862773e-08 4.40604992490989e-08 5.35578017490934e-08 6.68584974050646e-08 7.79822997287738e-08 8.37843003864691e-08 1.52330997593708e-07 1.69683005424304e-07 -3.4e+38 -3.4e+38 -3.4e+38 -3.4e+38 -3.4e+38 -3.4e+38 -3.4e+38 -3.4e+38 -3.4e+38 -3.4e+38 -3.4e+38 -3.4e+38 -3.4e+38 -3.4e+38 -3.4e+38 -3.4e+38 -3.4e+38 -3.4e+38 -3.4e+38 -3.4e+38 -3.4e+38
6.2241301002075e-09 6.2864597971668e-09 6.72066002849192e-09 8.23860002441279e-09 1.17115002140622e-08 1.97966993908949e-08 2.67498005968037e-08 3.22030011545849e-08 3.42271988529319e-08 3.14297992076717e-08 3.26119007354464e-08 2.94014999013825e-08 2.17102993360641e-08 1.27451000864198e-08 6.89004986398345e-09 5.44835021543122e-09 3.47992989979673e-09 2.85952994616423e-09 9.31698007633486e-09 2.48539997471653e-08 4.33762998852671e-08 5.88049005045832e-08 8.10856022326334e-08 1.00797997504287e-07 1.24219994290797e-07 1.23217006375853e-07 1.53767999222509e-07 -3.4e+38 -3.4e+38 -3.4e+38 -3.4e+38 -3.4e+38 -3.4e+38 -3.4e+38 -3.4e+38 -3.4e+38 -3.4e+38 -3.4e+38 -3.4e+38 -3.4e+38 -3.4e+38 -3.4e+38 -3.4e+38 -3.4e+38 -3.4e+38 -3.4e+38 -3.4e+38 -3.4e+38 -3.4e+38
