rodentData/rasterBestModels/Mus_RD_RM2.asc
NCOLS 409 
NROWS 350 
XLLCORNER 60.897278365 
YLLCORNER 5.843756025 
CELLSIZE 0.0892857 
NODATA_value -3.4e+38 
[rows 88 to 109 of 350, columns 49 to 97 of 409]
1.1213899597351e-05 1.11178997030947e-05 1.1178700333403e-05 1.06870002127835e-05 9.96617018245161e-06 9.36721971811494e-06 1.44353998621227e-05 7.84469011705369e-06 7.44590988688287e-06 1.38599998535938e-05 1.36704002215993e-05 1.50428995766561e-05 2.03011004487053e-05 6.02758009335957e-05 2.10487996810116e-05 2.07034991035471e-05 6.75724004395306e-05 2.394699913566e-05 2.56830007856479e-05 3.38499994541053e-05 2.45705996348988e-05 4.80728012917098e-05 5.75742997170892e-05 0.000157036993186921 2.75224992947187e-05 0.000130322994664311 4.07307015848346e-05 2.74100002570776e-05 4.27287013735622e-05 3.92828987969551e-05 3.92897018173244e-05 3.95251008740161e-05 3.92096007999498e-05 3.8322301406879e-05 3.83732985937968e-05 2.65505004790612e-05 4.00065000576433e-05 3.96174000343308e-05 3.76239986508153e-05 4.56691996078007e-05 3.60646990884561e-05 4.23427009081934e-05 4.17707015003543e-05 3.38270001520868e-05 2.22423004743177e-05 2.20628007809864e-05 3.34418000420555e-05 3.29514987242874e-05 3.21627012453973e-05
1.31331999000395e-05 1.21613002193044e-05 1.10853998194216e-05 1.94254007510608e-05 9.0334497144795e-06 1.71004994626855e-05 9.07021967577748e-06 1.37792003442883e-05 1.3939299606136e-05 9.00895975064486e-06 9.22535036806948e-06 5.21574984304607e-05 2.09141999221174e-05 2.17647993849823e-05 1.40964002639521e-05 2.1364399799495e-05 2.12120994547149e-05 2.43397007579915e-05 2.17546003113966e-05 4.47013990196865e-05 4.73594991490245e-05 4.81089991808403e-05 5.90267009101808e-05 0.000148872000863776 0.00012859700655099 2.63668007391971e-05 2.65961007244186e-05 2.72626002697507e-05 4.03697013098281e-05 3.99669006583281e-05 3.96885989175644e-05 3.98353986383881e-05 3.97303992940579e-05 3.85675994039048e-05 3.85095008823555e-05 3.82614998670761e-05 3.83621008950286e-05 2.53846992563922e-05 2.51625006058021e-05 3.55287011188921e-05 3.60837984771933e-05 4.33316017733887e-05 3.45914995705243e-05 3.42952989740297e-05 3.46566012012772e-05 3.48954999935813e-05 3.48920002579689e-05 2.36626001424156e-05 3.47856985172257e-05
1.24520001918427e-05 1.09733000499546e-05 1.68594997376204e-05 1.00542001746362e-05 1.05556000562501e-05 1.07958003354724e-05 1.70533003256423e-05 8.88886006578105e-06 8.42764984554378e-06 9.6421099442523e-06 1.80088009074097e-05 5.71417986066081e-05 2.01848997676279e-05 2.16659991565393e-05 2.22130001930054e-05 2.03257004613988e-05 5.89412993576843e-05 2.71457993221702e-05 4.40488001913764e-05 2.76276005024556e-05 4.36523005191702e-05 4.45506993855815e-05 0.000157635993673466 0.00014450799790211 2.51418005063897e-05 3.89363995054737e-05 4.47640013589989e-05 4.02166006097104e-05 4.23989986302331e-05 3.94320013583638e-05 3.9344398828689e-05 3.97633011743892e-05 3.9984101022128e-05 3.93170012102928e-05 3.93496993638109e-05 4.01741999667138e-05 3.94275994040072e-05 3.71204005205072e-05 3.73857983504422e-05 3.74586998077575e-05 3.46474007528741e-05 3.55556985596195e-05 4.33958994108252e-05 3.54057010554243e-05 3.57204007741529e-05 3.61015991074964e-05 3.60355988959782e-05 2.43310005316744e-05 3.57360986527056e-05
1.03969996416708e-05 1.05293001979589e-05 1.14117001430714e-05 1.18167999971774e-05 1.20586000775802e-05 2.21052996494109e-05 2.01655002456391e-05 1.49506995512638e-05 1.55609995999839e-05 1.81824998435332e-05 1.9082199287368e-05 2.03543004317908e-05 1.27877001432353e-05 2.23621991608525e-05 2.16829994315049e-05 2.09287009056425e-05 2.34857998293592e-05 3.14063981932122e-05 4.1636001697043e-05 0.000132968998514116 0.000126547995023429 4.61745985376183e-05 5.06483011122327e-05 2.87593993562041e-05 3.79377997887786e-05 2.48103006015299e-05 3.56843011104502e-05 2.5460600227234e-05 4.06811013817787e-05 3.84459999622777e-05 3.83553997380659e-05 2.7600899557001e-05 4.0205199184129e-05 4.03291996917687e-05 4.01354009227362e-05 4.1449999116594e-05 3.96534014726058e-05 2.58511008723872e-05 3.77204996766523e-05 2.4760200176388e-05 3.65863998013083e-05 2.41702000494115e-05 3.63004983228166e-05 3.69611989299301e-05 3.72903996321838e-05 2.41795005422318e-05 3.56689015461598e-05 3.50070986314677e-05 3.58286997652613e-05
1.19252999866148e-05 1.31613996927626e-05 2.21642003452871e-05 1.34634001369704e-05 2.15942000068026e-05 1.24155003504711e-05 1.80271999852266e-05 9.54947972786613e-06 1.02559997685603e-05 1.76600005943328e-05 2.02789997274522e-05 2.36508003581548e-05 2.22036997001851e-05 2.3433300157194e-05 2.22432990995003e-05 2.41982997977175e-05 3.15139004669618e-05 3.66878994100261e-05 4.0174800233217e-05 4.41433985542972e-05 4.40112999058329e-05 3.03361994156148e-05 3.11131007038057e-05 4.75535998702981e-05 3.70474990631919e-05 3.79443008569069e-05 2.47293992288178e-05 2.47582993324613e-05 2.6292800612282e-05 3.86020983569324e-05 3.90665991290007e-05 3.98400989070069e-05 4.05522005166858e-05 4.10241009376477e-05 4.10229004046414e-05 4.25922007707413e-05 4.00434983021114e-05 3.92838010156993e-05 3.84982013201807e-05 3.70341986126732e-05 3.66706008207984e-05 3.6785400880035e-05 3.69551999028772e-05 3.69539011444431e-05 3.70833004126325e-05 3.66357999155298e-05 3.66977001249325e-05 3.60847989213653e-05 3.65416999557056e-05
1.4967499737395e-05 1.57823997142259e-05 2.90547995973611e-05 1.52511001942912e-05 2.41541001742007e-05 2.58936997852288e-05 1.88282992894528e-05 1.70997991517652e-05 1.12191000880557e-05 2.03197996597737e-05 2.14939991565188e-05 2.22058006329462e-05 2.31933008763008e-05 2.37058993661776e-05 2.27979999181116e-05 3.09897986880969e-05 3.78071999875829e-05 2.33858008868992e-05 4.10245993407443e-05 4.51904998044483e-05 4.13726993429009e-05 4.86565986648202e-05 4.95193999086041e-05 3.81184981961269e-05 2.35487004829338e-05 4.17332012148108e-05 3.43997016898356e-05 3.5972898331238e-05 3.7235498894006e-05 3.86167012038641e-05 3.88902008126024e-05 4.03478989028372e-05 4.19960015278775e-05 4.34307985415217e-05 4.30147993029095e-05 4.26838014391251e-05 4.20731012127362e-05 4.04593993152957e-05 4.01520010200329e-05 3.92770998587366e-05 2.67995001195231e-05 2.68006006081123e-05 3.86671999876853e-05 3.80228011636063e-05 3.77307005692273e-05 3.75058007193729e-05 3.66772983397823e-05 3.60090016329195e-05 3.71848000213504e-05
1.6594600310782e-05 1.66889003594406e-05 1.68492006196175e-05 2.68791991402395e-05 2.67752002400812e-05 2.41865000134567e-05 1.23809004435316e-05 1.11282997750095e-05 1.23477002489381e-05 2.21650007006247e-05 2.22390008275397e-05 2.31445992540102e-05 2.42452006204985e-05 2.39613000303507e-05 2.71940007223748e-05 3.67911998182535e-05 4.19981006416492e-05 3.84599989047274e-05 4.36264999734703e-05 4.23624987888616e-05 3.96141986129805e-05 4.99341003887821e-05 2.86004997178679e-05 3.62210994353518e-05 2.32606998906704e-05 3.23599015246145e-05 3.43536012223922e-05 3.59076002496295e-05 3.66034000762738e-05 3.80111996491905e-05 3.86309002351481e-05 3.95403003494721e-05 4.14353999076411e-05 4.41958982264623e-05 4.94406995130703e-05 4.04948004870676e-05 4.20625983679201e-05 4.2346498958068e-05 2.94187993858941e-05 4.09128006140236e-05 2.78908992186189e-05 3.98630982090253e-05 3.96733012166806e-05 3.86639003409073e-05 3.84943996323273e-05 3.69980989489704e-05 3.61720012733713e-05 3.62220016540959e-05 3.77828000637237e-05
1.78656991920434e-05 1.81568993866676e-05 3.25770997733343e-05 1.83701995410956e-05 1.73231001099339e-05 2.3733500711387e-05 1.19119004011736e-05 1.832380075939e-05 2.1282299712766e-05 2.28730004891986e-05 2.36910000239732e-05 7.38683011149988e-05 2.60133001575014e-05 2.78896004601847e-05 3.27548004861455e-05 3.81102981918957e-05 4.15518006775528e-05 3.89888991776388e-05 4.10497013945132e-05 4.31201005994808e-05 4.39292016380932e-05 4.83237017760985e-05 3.95782008126844e-05 3.62885002687108e-05 3.65509986295365e-05 3.3413598430343e-05 3.41644008585718e-05 2.5041599656106e-05 3.6158598959446e-05 3.65699997928459e-05 3.75111012544949e-05 3.96989998989739e-05 3.9830498280935e-05 4.32835986430291e-05 4.54440996691119e-05 4.11071996495593e-05 4.60371993540321e-05 4.44858014816418e-05 3.15819997922517e-05 4.3239000660833e-05 4.24542013206519e-05 4.30859981861431e-05 4.17873998230789e-05 3.96971008740366e-05 3.83488986699376e-05 3.56620003003627e-05 2.48184005613439e-05 3.56616983481217e-05 3.63489998562727e-05
3.01285999739775e-05 1.94547992578009e-05 1.97982008103281e-05 1.89355996553786e-05 2.92543008981738e-05 1.45090998557862e-05 2.02143000933575e-05 1.93142004718538e-05 2.18291006603977e-05 2.47219995799242e-05 2.69691008725204e-05 2.95836998702725e-05 3.35270997311454e-05 3.57710014213808e-05 2.13784005609341e-05 2.19100002141204e-05 2.24953000724781e-05 2.22347007365897e-05 3.76216994482093e-05 4.1823699575616e-05 4.66294004581869e-05 4.60898991150316e-05 4.3095900764456e-05 3.52798015228473e-05 4.10231987189036e-05 3.27747984556481e-05 3.48270987160504e-05 3.56269993062597e-05 3.3665699447738e-05 3.46980996255297e-05 3.63330982509069e-05 3.90454006264918e-05 3.80888013751246e-05 3.94964990846347e-05 4.07918014388997e-05 4.06157014367636e-05 4.06617000408005e-05 3.99652017222252e-05 4.27349987148773e-05 4.32824999734294e-05 3.58692996087484e-05 3.57917997462209e-05 3.54049989255145e-05 3.45484986610245e-05 3.50260015693493e-05 3.41570994351059e-05 3.18534002872184e-05 3.1655901693739e-05 3.12070005747955e-05
1.9575700207497e-05 1.99639998754719e-05 2.01283000933472e-05 1.95426000573207e-05 3.51562011928763e-05 2.45518003794132e-05 2.13966995943338e-05 2.13408002309734e-05 2.43855993176112e-05 4.08230007451493e-05 8.4206199971959e-05 3.06895017274655e-05 3.79882003471721e-05 3.71595015167259e-05 2.17544002225623e-05 3.4412500099279e-05 4.01963006879669e-05 3.56825985363685e-05 3.55213014699984e-05 3.85302992071956e-05 2.59454991464736e-05 2.92888998956187e-05 4.87475990667008e-05 3.92625988752116e-05 2.51437995757442e-05 3.50156005879398e-05 3.625340104918e-05 3.57985991286114e-05 3.4226799471071e-05 3.64328006980941e-05 3.82547004846856e-05 3.68235996575095e-05 3.66124986612704e-05 3.7393099773908e-05 4.35658985225018e-05 3.97910989704542e-05 3.98671982111409e-05 3.72678005078342e-05 3.85292987630237e-05 3.76442985725589e-05 3.73174989363179e-05 3.55470001522917e-05 3.53065006493125e-05 3.36734992743004e-05 3.32497002091259e-05 3.28815985994879e-05 3.16820987791289e-05 3.03298002108932e-05 3.06922011077404e-05
3.17390986310784e-05 3.23480999213643e-05 3.26410990965087e-05 1.94669992197305e-05 2.87296006717952e-05 2.54185997619061e-05 2.22383005166193e-05 2.50321008934407e-05 2.79701998806559e-05 8.70087969815359e-05 2.85894002445275e-05 3.00459996651625e-05 3.17492995236535e-05 3.49350011674687e-05 3.2268599170493e-05 3.45953994838055e-05 3.59055993612856e-05 3.62510982085951e-05 3.79207995138131e-05 3.97746989619918e-05 4.09255007980391e-05 4.54959990747739e-05 4.0386599721387e-05 4.36441987403668e-05 2.62002995441435e-05 2.6064499252243e-05 3.76708012481686e-05 2.50399007200031e-05 3.38489990099333e-05 3.5952700272901e-05 3.45556982210837e-05 3.38540994562209e-05 3.51374001184013e-05 3.62186983693391e-05 4.27351005782839e-05 0.000315095006953925 4.39016985183116e-05 3.70658017345704e-05 4.14636997447815e-05 3.67469983757474e-05 3.59771001967601e-05 3.45357002515811e-05 3.3131698728539e-05 3.19468017551117e-05 3.12699994537979e-05 3.09263996314257e-05 3.01462005154463e-05 2.94340006803395e-05 2.724829937506e-05
3.27513007505331e-05 3.29493013850879e-05 3.88980988645926e-05 2.95368008664809e-05 2.86201993731083e-05 2.77568997262279e-05 2.5395800548722e-05 2.73492005362641e-05 2.71204007731285e-05 1.83237007149728e-05 1.92049992620014e-05 3.30949005729053e-05 3.1817198760109e-05 3.23482017847709e-05 3.39375983458012e-05 3.56128002749756e-05 3.32054987666197e-05 3.7689500459237e-05 3.86819010600448e-05 3.56737000402063e-05 3.72540016542189e-05 4.43809985881671e-05 4.15473987231962e-05 4.26516016887035e-05 4.85519994981587e-05 2.73959994956385e-05 4.14101996284444e-05 3.52099013980478e-05 3.22373016388156e-05 3.32929994328879e-05 3.44364998454694e-05 3.52315000782255e-05 3.67952015949413e-05 3.74351002392359e-05 3.72130998584908e-05 3.69720983144362e-05 3.72297981812153e-05 3.55603988282382e-05 3.54688017978333e-05 3.34809010382742e-05 3.37979981850367e-05 3.42450002790429e-05 3.29229005728848e-05 3.30988004861865e-05 3.09708993881941e-05 2.85661008092575e-05 2.62103003478842e-05 2.51851997745689e-05 2.49016993620899e-05
3.40910009981599e-05 3.46189990523271e-05 3.23564017890021e-05 3.23050990118645e-05 3.07582013192587e-05 1.66814006661298e-05 1.60668005264597e-05 2.65390008280519e-05 1.8040300346911e-05 3.55601987394039e-05 2.00518006749917e-05 3.26014014717657e-05 3.25752989738248e-05 3.44194995705038e-05 2.13174007512862e-05 2.21590998989996e-05 3.7472098483704e-05 2.28742992476327e-05 3.48245994246099e-05 2.33688006119337e-05 2.59459993685596e-05 3.81042991648428e-05 4.37267008237541e-05 4.42976015619934e-05 4.81796014355496e-05 4.13736997870728e-05 3.99513010052033e-05 3.11785006488208e-05 3.2358100725105e-05 3.43659012287389e-05 3.51593989762478e-05 3.58299985236954e-05 3.69759000022896e-05 3.75054987671319e-05 3.74088012904394e-05 3.7137000617804e-05 3.6931498470949e-05 3.59709993063007e-05 3.53171999449842e-05 3.43596002494451e-05 3.46136985172052e-05 3.41720988217276e-05 3.3613800042076e-05 3.07455011352431e-05 2.97428996418603e-05 2.83038007182768e-05 2.6683899704949e-05 2.51854999078205e-05 2.45688006543787e-05
3.50123009411618e-05 3.31812007061671e-05 1.89307993423427e-05 2.673510061868e-05 2.76449991361005e-05 3.35098993673455e-05 1.61617008416215e-05 2.89723993773805e-05 3.2365700462833e-05 3.04040004266426e-05 3.27423003909644e-05 3.54141011484899e-05 3.53001014445908e-05 3.98955016862601e-05 3.65304003935307e-05 2.18503992073238e-05 3.25869987136684e-05 3.6287401599111e-05 3.63893996109255e-05 2.4081300580292e-05 0.000121151002531406 3.61562997568399e-05 4.1054401663132e-05 4.22439989051782e-05 2.82464006886585e-05 2.89103991235606e-05 4.02818986913189e-05 3.31498013110831e-05 3.36691991833504e-05 3.52737988578156e-05 3.57921999238897e-05 3.56679011019878e-05 3.65357991540805e-05 3.71296009689104e-05 4.2318399209762e-05 3.71257010556292e-05 3.5707198549062e-05 3.47778004652355e-05 3.38766985805705e-05 3.51464987033978e-05 3.54463008989114e-05 3.35652985086199e-05 3.27099005517084e-05 3.13210002786946e-05 2.95642003038665e-05 2.6738900487544e-05 2.5557899789419e-05 2.39874007093022e-05 2.28537992370548e-05
3.34819014824461e-05 3.06215006276034e-05 2.90830994345015e-05 1.64279008458834e-05 3.21746010740753e-05 2.84679008473177e-05 1.81528994289692e-05 3.77405012841336e-05 2.03538002097048e-05 3.29286012856755e-05 3.48350986314472e-05 3.24087995977607e-05 3.5107099392917e-05 3.39356993208639e-05 2.25177991524106e-05 3.52427996404003e-05 3.5020198993152e-05 3.35785989591386e-05 3.83699989470188e-05 3.55090014636517e-05 3.34403994202148e-05 3.39766993420199e-05 3.61566017090809e-05 3.75855997845065e-05 4.21143995481543e-05 4.2997100536013e-05 3.60142003046349e-05 3.43397987307981e-05 3.58245997631457e-05 3.63293002010323e-05 3.64523002645001e-05 3.57762983185239e-05 3.62868995580357e-05 3.733030098374e-05 3.7978999898769e-05 3.66655985999387e-05 3.44328000210226e-05 3.37755009240936e-05 3.4779601264745e-05 3.44446998497006e-05 3.41675004165154e-05 3.26117988151964e-05 3.15834004140925e-05 2.95338995783823e-05 2.78474999504397e-05 2.54138994932873e-05 2.3698499717284e-05 2.21632999455323e-05 2.15051004488487e-05
3.05206995108165e-05 2.93909997708397e-05 1.72293002833612e-05 2.82296005025273e-05 3.32845993398223e-05 2.94780002150219e-05 3.06924994220026e-05 3.61618003807962e-05 3.26494009641465e-05 3.4735301596811e-05 2.22718008444645e-05 3.38288991770241e-05 3.7886798963882e-05 3.41556988132652e-05 2.26822994591203e-05 3.60283993359189e-05 3.57284989149775e-05 3.37236015184317e-05 3.5862500226358e-05 3.4806398616638e-05 3.38565987476613e-05 3.43831998179667e-05 3.53010000253562e-05 3.60638987331185e-05 4.33466993854381e-05 3.97408985008951e-05 3.39450998581015e-05 3.42132989317179e-05 3.53338000422809e-05 3.52903989551123e-05 3.54592011717614e-05 3.52128990925848e-05 3.50709015037864e-05 3.55500014848076e-05 3.58981014869642e-05 3.52280985680409e-05 3.3085099857999e-05 3.34602991642896e-05 3.40689985023346e-05 3.30272996507119e-05 3.2869000278879e-05 3.08427988784388e-05 0.000238401000387967 2.7387599402573e-05 2.52547997661168e-05 2.42330006585689e-05 2.27311993512558e-05 2.11287006095517e-05 2.00186004803982e-05
3.34194010065403e-05 2.8491900593508e-05 2.84548004856333e-05 2.93085995508591e-05 3.56208984158002e-05 3.175800156896e-05 3.16162004310172e-05 3.40234000759665e-05 3.58506986231077e-05 3.75429990526754e-05 3.85954990633763e-05 3.71581991203129e-05 3.72540998796467e-05 0.000108808002551086 3.65890991815832e-05 3.52927017956972e-05 4.01372999476735e-05 3.47275017702486e-05 3.4462700568838e-05 3.96307987102773e-05 3.34268006554339e-05 3.55064003088046e-05 3.45285989169497e-05 4.24999998358544e-05 4.04519996664021e-05 3.97955991502386e-05 3.42296007147525e-05 3.87252985092346e-05 3.38304998876993e-05 3.36332013830543e-05 3.35404001816642e-05 3.33370007865597e-05 3.28831010847352e-05 3.36652010446414e-05 3.36937009706162e-05 3.25533001159783e-05 3.10729992634151e-05 3.11424992105458e-05 3.15006000164431e-05 3.03250999422744e-05 3.18993988912553e-05 2.80802996712737e-05 3.06008987536188e-05 2.56175007962156e-05 2.38079992413986e-05 2.24171999434475e-05 2.04323005164042e-05 1.87498008017428e-05 1.80029001057846e-05
2.83902991213836e-05 2.82169003185118e-05 2.91267006105045e-05 3.04991008306388e-05 3.76495008822531e-05 4.10626016673632e-05 3.41742997989058e-05 3.52862007275689e-05 3.55158008460421e-05 3.65960004273802e-05 3.7848101783311e-05 3.44196014339104e-05 3.55457996192854e-05 3.68717010132968e-05 4.15014983445872e-05 3.42198982252739e-05 3.04772001982201e-05 3.85187995561864e-05 3.3744301617844e-05 3.24825996358413e-05 3.08205999317579e-05 3.24430002365261e-05 3.75386007362977e-05 4.21387994720135e-05 4.69713995698839e-05 3.67856991942972e-05 3.90446002711542e-05 3.9025500882417e-05 3.27484995068517e-05 3.2030999136623e-05 3.19940008921549e-05 3.21959014399908e-05 3.26875997416209e-05 3.29649010382127e-05 3.15157994918991e-05 3.13214986817911e-05 3.1608000426786e-05 2.99435996566899e-05 2.970169953187e-05 2.91179003397701e-05 0.000239290005993098 2.72652996500256e-05 2.46237996179843e-05 2.67031991825206e-05 2.16890002775472e-05 2.23439001274528e-05 2.04710995603818e-05 1.69650993484538e-05 1.70804996741936e-05
2.89511008304544e-05 3.38208010361996e-05 3.08454982587136e-05 3.21057996188756e-05 3.49641013599467e-05 3.54889016307425e-05 3.5690998629434e-05 3.63973995263223e-05 3.635089888121e-05 2.46802992478479e-05 4.01811994379386e-05 3.71005990018602e-05 3.53020986949559e-05 3.62944010703359e-05 2.2553500457434e-05 3.40873011737131e-05 3.43639985658228e-05 3.30791008309461e-05 3.11850999423768e-05 3.22783998853993e-05 2.97873993986286e-05 0.000108783002360724 4.2641200707294e-05 4.72965002700221e-05 4.6421500883298e-05 3.8893998862477e-05 3.91052017221227e-05 3.43009014613926e-05 3.15727993438486e-05 3.07182999677025e-05 3.09421011479571e-05 3.12084011966363e-05 3.13835989800282e-05 3.00104002235457e-05 3.04223995044595e-05 3.11166004394181e-05 3.14716999127995e-05 2.94789006147766e-05 2.80401000054553e-05 2.70312993961852e-05 2.49512995651457e-05 2.55954000749625e-05 2.48343003477203e-05 2.32263992074877e-05 2.00083995878231e-05 1.84213004104095e-05 1.75180994119728e-05 1.71421997947618e-05 1.65062992891762e-05
2.98806007776875e-05 3.12043994199485e-05 3.31873015966266e-05 3.75003000954166e-05 2.13219991564984e-05 3.73664006474428e-05 3.62346982001327e-05 4.47839011030737e-05 3.68617984349839e-05 4.14267015003134e-05 3.9971899241209e-05 3.79716984753031e-05 3.55109987140168e-05 3.60259982699063e-05 4.01502984459512e-05 3.48629982909188e-05 3.47874010913074e-05 3.44412983395159e-05 3.14259996230248e-05 3.3109201467596e-05 3.01620002574055e-05 0.000104961996839847 4.33495988545474e-05 4.7523899411317e-05 4.456939859665e-05 2.57996998698218e-05 3.47460991179105e-05 3.20510989695322e-05 2.92584009002894e-05 2.92638997052563e-05 2.95778991130646e-05 2.98106006084708e-05 2.92748009087518e-05 2.73366003966657e-05 2.99130006169435e-05 2.9360999178607e-05 2.80963995464845e-05 2.59677999565611e-05 2.78128009085776e-05 2.33291993936291e-05 1.63817003340228e-05 2.2075000742916e-05 2.1099700461491e-05 1.95350003195927e-05 1.7992899302044e-05 1.66721001733094e-05 1.62413998623379e-05 1.60991003212985e-05 1.56289006554289e-05
3.1875999411568e-05 3.96450013795402e-05 3.92094007111154e-05 3.20219987770543e-05 2.18212007894181e-05 4.33503992098849e-05 2.33525006478885e-05 2.35737006732961e-05 4.09724016208202e-05 4.2614799895091e-05 3.94685994251631e-05 3.78771983378101e-05 3.67313987226225e-05 3.60642989107873e-05 3.5680099244928e-05 3.51103008142672e-05 3.22103987855371e-05 3.41207996825688e-05 3.55527990905102e-05 3.51314993167762e-05 3.10137984342873e-05 9.79276010184549e-05 4.15155009250157e-05 4.81569986732211e-05 2.51305991696427e-05 3.55668998963665e-05 3.93851005355828e-05 3.38505997206084e-05 2.82782002614113e-05 2.82669006992364e-05 2.8145799660706e-05 2.83208992186701e-05 2.72356992354617e-05 2.6704399715527e-05 2.78961997537408e-05 2.73847999778809e-05 2.79656997008715e-05 2.33362006838433e-05 2.18913992284797e-05 2.20281999645522e-05 2.07303000934189e-05 1.98732996068429e-05 2.05167998501565e-05 1.77894999069395e-05 1.6581199815846e-05 1.58928996825125e-05 1.55475008796202e-05 1.56161004269961e-05 1.52230995809077e-05
4.09072017646395e-05 3.61152997356839e-05 3.36140001309104e-05 3.34918004227802e-05 2.3875600163592e-05 4.15924987464678e-05 3.81665013264865e-05 2.55549002758926e-05 2.72351007879479e-05 4.28249004471581e-05 3.98008014599327e-05 3.91998983104713e-05 3.66921012755483e-05 0.000105138002254535 3.9731301512802e-05 3.2954598282231e-05 3.48647008650005e-05 3.647380071925e-05 3.71700989489909e-05 3.74617993657012e-05 9.48106971918605e-05 3.37454985128716e-05 2.53803991654422e-05 4.81019014841877e-05 4.62690004496835e-05 3.54293006239459e-05 3.19220998790115e-05 3.00965002679732e-05 2.95973004540429e-05 2.81680004263762e-05 2.76703995041316e-05 2.69510001089657e-05 2.49911990977125e-05 2.88822993752547e-05 2.60207998508122e-05 2.721209966694e-05 2.53979997069109e-05 2.40256995311938e-05 2.19974008359713e-05 1.99017995328177e-05 1.34766996779945e-05 1.80416991497623e-05 1.95531993085751e-05 1.65766996360617e-05 1.55297002493171e-05 1.53290002344875e-05 1.50349997056765e-05 1.51150998135563e-05 1.52337997860741e-05
