rodentData/rasterBestModels/Mus_RD_RM2.asc
NCOLS 409 
NROWS 350 
XLLCORNER 60.897278365 
YLLCORNER 5.843756025 
CELLSIZE 0.0892857 
NODATA_value -3.4e+38 
[rows 66 to 87 of 350, columns 98 to 146 of 409]
4.96270004077815e-05 3.77243995899335e-05 3.428130003158e-05 4.96481006848626e-05 5.89629999012686e-05 4.43694007117301e-05 5.74039004277438e-05 4.48085993411951e-05 4.5472799683921e-05 4.1974701161962e-05 4.15672002418432e-05 4.61736017314252e-05 4.10920001741033e-05 3.95913011743687e-05 3.45279986504465e-05 3.21117986459285e-05 3.57493008777965e-05 3.5904799005948e-05 3.42300008924212e-05 3.26435001625214e-05 3.07992995658424e-05 2.17096003325423e-05 2.19685007323278e-05 3.13450000248849e-05 3.26609006151557e-05 2.38332995650126e-05 3.52671013388317e-05 3.75226991309319e-05 4.22638004238252e-05 3.70831003237981e-05 4.16609982494265e-05 4.41451011283789e-05 4.3882700992981e-05 3.78342992917169e-05 4.30416002927814e-05 3.89857996196952e-05 3.97625008190516e-05 3.99501986976247e-05 4.0225699194707e-05 4.06908002332784e-05 4.13820016547106e-05 4.14114001614507e-05 3.92752008337993e-05 3.72676004189998e-05 4.32775996159762e-05 3.90212990168948e-05 3.93084992538206e-05 3.96803006879054e-05 3.96174000343308e-05
3.92393994843587e-05 3.86731990147382e-05 3.35973018081859e-05 3.94257986044977e-05 5.85087000217754e-05 5.64428992220201e-05 4.34467001468875e-05 4.32611996075138e-05 4.39684990851674e-05 3.99681994167622e-05 3.97168987547047e-05 4.0557100874139e-05 4.08447995141614e-05 4.03578014811501e-05 3.5151701013092e-05 3.13968994305469e-05 3.09331007883884e-05 3.49311994796153e-05 3.378100154805e-05 2.13312996493187e-05 2.12868999369675e-05 3.06315014313441e-05 2.18510995182442e-05 3.13441996695474e-05 3.26113004120998e-05 3.26830013364088e-05 3.62645005225204e-05 3.61983984475955e-05 3.71222995454445e-05 4.17550982092507e-05 4.15961003454868e-05 3.70699999621138e-05 3.9577000279678e-05 4.19835996581241e-05 3.7551701097982e-05 3.87459986086469e-05 4.31640983151738e-05 3.8622398278676e-05 3.89917986467481e-05 3.97209005313925e-05 4.06334984290879e-05 3.70800007658545e-05 3.74726987502072e-05 3.78971999452915e-05 3.85788989660796e-05 3.92036999983247e-05 3.8993799535092e-05 4.40547009930015e-05 3.93785994674545e-05
5.03609007864725e-05 3.70622983609792e-05 2.006440081459e-05 5.02842995047104e-05 5.96335994487163e-05 5.55164988327306e-05 4.2072500946233e-05 5.51923003513366e-05 4.30617983511183e-05 3.9440201362595e-05 5.86962014494929e-05 3.95485003537033e-05 4.05099017370958e-05 3.96098985220306e-05 3.41378981829621e-05 3.03249998978572e-05 3.04084005620098e-05 3.4219501685584e-05 3.41304003086407e-05 2.84833004116081e-05 2.08785004360834e-05 2.14350002352148e-05 3.08041999232955e-05 3.41457998729311e-05 3.16990008286666e-05 3.51702983607538e-05 3.63522995030507e-05 3.74156988982577e-05 3.69709014194086e-05 4.15130016335752e-05 4.27716986450832e-05 4.22101984440815e-05 4.4538301153807e-05 3.73022994608618e-05 3.67731008736882e-05 3.74074006685987e-05 3.71700989489909e-05 3.81577992811799e-05 3.88549015042372e-05 3.96590003219899e-05 3.8159399991855e-05 3.74968003598042e-05 3.77819014829583e-05 3.78307995561045e-05 3.83734004572034e-05 3.89460001315456e-05 3.88373009627685e-05 3.86897008866072e-05 4.38487986684777e-05
3.6192599509377e-05 4.36547998106107e-05 4.19417992816307e-05 4.31443004345056e-05 5.57624989596661e-05 5.20557987329084e-05 4.13689012930263e-05 4.22213997808285e-05 4.13607012887951e-05 3.8495498301927e-05 3.79125995095819e-05 3.79927987523843e-05 3.56566997652408e-05 3.59012992703356e-05 3.5474899050314e-05 2.96827001875499e-05 2.96955004159827e-05 3.43091996910516e-05 2.97856004181085e-05 3.27591005770955e-05 2.05896994884824e-05 2.09819991141558e-05 3.02722000924405e-05 3.37396013492253e-05 3.34817013936117e-05 3.56726995960344e-05 3.64746010745876e-05 4.16354014305398e-05 4.12968984164763e-05 4.24036988988519e-05 4.2945899622282e-05 3.65449013770558e-05 3.88656007999089e-05 3.79236989829224e-05 3.69681001757272e-05 3.74845003534574e-05 3.72914983017836e-05 3.7807800254086e-05 4.32466986239888e-05 3.66675012628548e-05 3.71479000023101e-05 3.80411984224338e-05 3.81667996407486e-05 3.84265986212995e-05 3.85195016860962e-05 3.84511004085653e-05 3.88258013117593e-05 3.91257017327007e-05 3.84671002393588e-05
3.33269017573912e-05 3.34838005073834e-05 4.29387000622228e-05 4.17267001466826e-05 5.76013007957954e-05 5.8620898926165e-05 4.13011985074263e-05 4.06346989620943e-05 4.05989012506325e-05 3.81026002287399e-05 3.73543007299304e-05 3.72694012185093e-05 3.45943008142058e-05 3.60246995114721e-05 3.00491992675234e-05 2.82264009001665e-05 2.88444007310318e-05 3.33952011715155e-05 2.93961002171272e-05 2.88118008029414e-05 3.15284014504869e-05 2.86125996353803e-05 2.98022005154053e-05 2.99977000395302e-05 3.83767983294092e-05 3.51515009242576e-05 3.57210010406561e-05 3.59787009074353e-05 3.59367986675352e-05 4.14280984841753e-05 4.16289003624115e-05 4.18819981859997e-05 3.66349995601922e-05 3.81798017770052e-05 3.77256001229398e-05 3.87381005566567e-05 3.83992992283311e-05 4.05573991884012e-05 3.51800008502323e-05 3.5596498491941e-05 3.64996994903777e-05 4.27857994509395e-05 4.27908998972271e-05 3.8187801692402e-05 3.80944984499365e-05 4.32207016274333e-05 3.86958017770667e-05 3.86600986530539e-05 3.82522994186729e-05
4.37628004874568e-05 4.48434984718915e-05 4.43647004431114e-05 3.30912989738863e-05 5.40653018106241e-05 5.98547994741239e-05 3.96569012082182e-05 3.93439004255924e-05 3.98187985410914e-05 5.07547010784037e-05 3.65896012226585e-05 3.6403100239113e-05 3.81302997993771e-05 3.51890012098011e-05 2.94471992674517e-05 2.8129099518992e-05 2.75159000011627e-05 2.80623007711256e-05 2.82952005363768e-05 3.20682993333321e-05 3.13224009005353e-05 2.8902499252581e-05 2.83101999229984e-05 3.2042898965301e-05 3.29526992572937e-05 3.88195985578932e-05 3.52507995557971e-05 3.96657014789525e-05 3.5411401768215e-05 4.07605984946713e-05 3.66956010111608e-05 3.7073201383464e-05 3.69310982932802e-05 3.89349988836329e-05 3.89515007555019e-05 4.15407012042124e-05 3.92867004848085e-05 3.51136986864731e-05 3.93957016058266e-05 3.54283984052017e-05 3.61755010089837e-05 3.73207985830959e-05 4.27683989983052e-05 4.34112989751156e-05 4.0058799640974e-05 4.004460060969e-05 3.80220990336966e-05 3.79769007849973e-05 3.71581008948851e-05
4.3752501369454e-05 3.3282398362644e-05 4.33146997238509e-05 4.13232992286794e-05 4.80337985209189e-05 5.21666988788638e-05 3.9197999285534e-05 3.83777987735812e-05 3.79687007807661e-05 3.90128006984014e-05 4.74972002848517e-05 3.57825992978178e-05 3.55886986653786e-05 3.37622004735749e-05 3.12771990138572e-05 2.84561992884846e-05 2.77476992778247e-05 3.08880989905447e-05 2.68560997938039e-05 2.00524991669226e-05 3.10567011183593e-05 2.7738500648411e-05 2.90407006104942e-05 3.16227997245733e-05 3.17234007525258e-05 3.29253998643253e-05 4.0019498555921e-05 4.09940003009979e-05 4.11481996707153e-05 3.64234001608565e-05 3.6970799556002e-05 3.61782003892586e-05 3.44971012964379e-05 3.57167009497061e-05 3.7785699532833e-05 3.60324011126067e-05 3.99333985114936e-05 3.584630030673e-05 4.03625017497689e-05 3.59065015800297e-05 4.1094099287875e-05 3.78522017854266e-05 3.88162006856874e-05 3.94000016967766e-05 3.94605012843385e-05 3.9771999581717e-05 3.83455007977318e-05 3.78297991119325e-05 3.66599015251268e-05
3.32968011207413e-05 3.32042982336134e-05 3.23991989716887e-05 3.20986982842442e-05 5.3234300139593e-05 3.94845010305289e-05 3.85448001907207e-05 3.68740002159029e-05 4.77075991511811e-05 3.83291990146972e-05 3.51339986082166e-05 3.48866014974192e-05 3.4717199014267e-05 3.42835010087583e-05 3.19885002681985e-05 2.83190001937328e-05 3.10452996927779e-05 2.64091995632043e-05 2.89874005829915e-05 2.91664000542369e-05 3.04020995827159e-05 2.74705998890568e-05 3.09220995404758e-05 3.19374994433019e-05 3.27060006384272e-05 3.32117997459136e-05 3.38052013830747e-05 3.49235997418873e-05 3.52887982444372e-05 3.60529993486125e-05 3.64322004315909e-05 3.53866998921148e-05 3.54891017195769e-05 3.53684008587152e-05 0.000270927994279191 3.41677005053498e-05 3.62721984856762e-05 3.59652985935099e-05 3.54076000803616e-05 4.08334999519866e-05 4.49442995886784e-05 4.71074017696083e-05 4.24364006903488e-05 4.02117002522573e-05 4.50139996246435e-05 3.9538001146866e-05 3.83656988560688e-05 3.6805900890613e-05 3.48793982993811e-05
3.31226983689703e-05 3.26642984873615e-05 3.15836005029269e-05 3.4255201171618e-05 3.9940499846125e-05 4.19864991272334e-05 3.8364600186469e-05 4.76476998301223e-05 3.68477012671065e-05 3.78494987671729e-05 3.44852014677599e-05 3.41667000611778e-05 3.278439908172e-05 3.37835008394904e-05 3.27359011862427e-05 3.05059002130292e-05 3.1133498850977e-05 3.01751006190898e-05 2.89449999399949e-05 1.95788998098578e-05 2.02779992832802e-05 2.97469996439759e-05 3.10850991809275e-05 3.176699829055e-05 3.18177008011844e-05 3.19514001603238e-05 3.69558001693804e-05 3.39918005920481e-05 3.49668989656493e-05 3.52192000718787e-05 0.000274615013040602 3.47729983332101e-05 3.43430001521483e-05 3.39340986101888e-05 3.36265002260916e-05 3.30855982610956e-05 3.74859992007259e-05 3.72899012290873e-05 3.75078016077168e-05 3.56218988599721e-05 3.82336984330323e-05 3.94439994124696e-05 4.01293000322767e-05 4.28341008955613e-05 3.96604991692584e-05 3.89435990655329e-05 3.74953015125357e-05 3.55125994246919e-05 3.82206017093267e-05
4.21065014961641e-05 4.1399100155104e-05 3.21203006024007e-05 3.77735013898928e-05 5.00491005368531e-05 5.93156983086374e-05 3.84205013688188e-05 3.66405001841486e-05 2.36173000303097e-05 2.38673001149436e-05 3.44979016517755e-05 3.06988986267243e-05 3.46316992363427e-05 3.44166983268224e-05 3.30529983330052e-05 3.05027006106684e-05 2.93864995910553e-05 3.10965988319367e-05 3.00427000183845e-05 3.08154994854704e-05 3.43044994224329e-05 3.13425989588723e-05 3.11256007989869e-05 3.16092009597924e-05 3.602010110626e-05 3.19944010698237e-05 3.69420013157651e-05 3.77141986973584e-05 3.38561003445648e-05 3.39731013809796e-05 3.38333993568085e-05 3.30235016008373e-05 3.35014010488521e-05 3.29128015437163e-05 3.23605017911177e-05 3.24218017340172e-05 3.25920009345282e-05 3.27999005094171e-05 3.29485010297503e-05 3.33382995449938e-05 3.71649985027034e-05 3.898849899997e-05 3.94138005503919e-05 3.91397989005782e-05 3.88346015824936e-05 3.79170996893663e-05 3.62692990165669e-05 3.35408985847607e-05 3.32443014485762e-05
3.2844898669282e-05 3.34276992361993e-05 3.33325988322031e-05 4.59406001027673e-05 5.14864987053443e-05 5.9465801314218e-05 3.77813012164552e-05 3.65019986929838e-05 2.34949002333451e-05 2.24275991058676e-05 3.42577004630584e-05 3.30155999108683e-05 3.37021992891096e-05 3.99039017793257e-05 3.19210994348396e-05 2.97786991723115e-05 2.89737999992212e-05 2.7253099688096e-05 2.75169004453346e-05 2.98182003461989e-05 3.13784985337406e-05 3.10770992655307e-05 3.09403003484476e-05 3.14446988340933e-05 3.10409996018279e-05 3.51845010300167e-05 3.20149993058294e-05 3.28546011587605e-05 3.32419003825635e-05 3.39856997015886e-05 3.39317011821549e-05 3.7358400732046e-05 3.31183000525925e-05 3.28601017827168e-05 3.27874004142359e-05 3.71232017641887e-05 3.26681001752149e-05 3.30647017108276e-05 3.32314011757262e-05 3.40393016813323e-05 3.628709964687e-05 3.76401985704433e-05 3.63735016435385e-05 3.49084984918591e-05 4.10764987464063e-05 4.10649990953971e-05 3.43430983775761e-05 3.74472983821761e-05 3.23587009916082e-05
3.46757005900145e-05 4.4790798710892e-05 3.42062012350652e-05 3.55105003109202e-05 5.31707009940874e-05 5.57343009859324e-05 3.74357987311669e-05 3.65837986464612e-05 3.65242995030712e-05 3.38153004122432e-05 3.3966098271776e-05 3.2141000701813e-05 3.26791996485554e-05 3.09421993733849e-05 3.03134002024308e-05 2.85058995359577e-05 4.02855985157657e-05 2.69224001385737e-05 2.9066099159536e-05 3.07609006995335e-05 0.000242043999605812 3.10044015350286e-05 3.15100987791084e-05 3.2333999115508e-05 3.51259004673921e-05 3.49971014657058e-05 3.17353988066316e-05 3.27509987982921e-05 3.8009398849681e-05 3.37624987878371e-05 3.40504011546727e-05 3.82366997655481e-05 3.81434983864892e-05 3.77260985260364e-05 3.75720992451534e-05 3.28954993165098e-05 3.25102009810507e-05 3.21650004480034e-05 3.19378996209707e-05 3.22099986078683e-05 3.27613997797016e-05 3.81952995667234e-05 3.70169982488733e-05 3.75601994164754e-05 3.39262987836264e-05 4.06116996600758e-05 3.38270983775146e-05 3.66688000212889e-05 3.62155005859677e-05
3.47663990396541e-05 3.44301988661755e-05 4.31248990935273e-05 4.67294012196362e-05 4.34989015047904e-05 4.21151016780641e-05 3.79299017367885e-05 3.6663801438408e-05 2.21244008571375e-05 3.31779992848169e-05 3.36982011504006e-05 3.0523198802257e-05 3.1955300073605e-05 3.00444007734768e-05 2.96476991934469e-05 2.67679006356047e-05 2.6522800908424e-05 2.75815000350121e-05 2.98327995551517e-05 3.0775299819652e-05 3.07607988361269e-05 3.55144984496292e-05 3.22849991789553e-05 3.2575200748397e-05 3.25928995152935e-05 3.29624999722e-05 3.32353010890074e-05 3.41738013958093e-05 3.45754997397307e-05 3.48180001310539e-05 3.93709015042987e-05 3.42743005603552e-05 3.42636012646835e-05 3.35693985107355e-05 3.30672010022681e-05 3.26092012983281e-05 3.61892016371712e-05 3.10075010929722e-05 2.90123007289367e-05 3.28107016684953e-05 2.9341999834287e-05 3.04270997730782e-05 3.57751996489242e-05 3.58204015356023e-05 3.63912986358628e-05 3.70757989003323e-05 3.76620009774342e-05 3.27689012920018e-05 3.23620006383862e-05
4.32033994002268e-05 3.40162005159073e-05 4.54504988738336e-05 3.83978003810626e-05 5.58741012355313e-05 3.82727012038231e-05 3.73256007151213e-05 3.43243009410799e-05 3.06512010865845e-05 2.88900992018171e-05 2.97368005703902e-05 3.0312499802676e-05 3.15994002448861e-05 2.98589002341032e-05 2.80985004792456e-05 2.6499199520913e-05 2.69314004981425e-05 2.90666994260391e-05 3.04336008412065e-05 3.04415007121861e-05 3.11561998387333e-05 3.16943987854756e-05 3.19372993544675e-05 3.21555016853381e-05 3.29858994518872e-05 3.38366990035865e-05 3.40383994625881e-05 3.51991984643973e-05 3.57308999809902e-05 3.5435201425571e-05 3.561300036381e-05 3.47470013366546e-05 3.89923006878234e-05 3.79832999897189e-05 3.74168012058362e-05 3.19005994242616e-05 3.45857006323058e-05 2.91767992166569e-05 3.19524006044958e-05 3.13980999635532e-05 3.16654004564043e-05 3.27207017107867e-05 3.33540010615252e-05 3.31435003317893e-05 3.33409989252687e-05 3.58990000677295e-05 3.78344993805513e-05 3.7768801121274e-05 3.65937994502019e-05
3.43735991918948e-05 3.44586005667225e-05 4.72120009362698e-05 5.05969001096673e-05 4.24241989094298e-05 3.74564988305792e-05 2.2738700863556e-05 3.18458987749182e-05 3.05668982036877e-05 2.91034994006623e-05 2.99330004054355e-05 3.20088001899421e-05 3.16603982355446e-05 2.96932994388044e-05 2.76785995083628e-05 2.69935007963795e-05 2.82464006886585e-05 2.88502997136675e-05 3.44270010828041e-05 3.49098991136998e-05 3.54756994056515e-05 3.14760982291773e-05 3.11625008180272e-05 3.20383987855166e-05 3.31523006025236e-05 3.43811989296228e-05 3.51429989677854e-05 3.62534992746077e-05 3.6935798561899e-05 3.62427999789361e-05 3.58028009941336e-05 3.92246001865715e-05 3.46369015460368e-05 3.24208012898453e-05 3.0902199796401e-05 3.10817013087217e-05 3.33762982336339e-05 3.15912002406549e-05 3.05768007820006e-05 3.01129002764355e-05 3.00250994769158e-05 3.12828997266479e-05 2.61502991634188e-05 2.6683399482863e-05 2.72869001491927e-05 3.08605012833141e-05 3.48823014064692e-05 3.32333984260913e-05 3.24206994264387e-05
3.66733002010733e-05 4.69152982986998e-05 4.81438983115368e-05 4.1185601730831e-05 2.42810001509497e-05 3.48987996403594e-05 3.25608016282786e-05 3.16849982482381e-05 3.28725982399192e-05 3.35207005264238e-05 3.00856991088949e-05 3.12638985633384e-05 3.14540993713308e-05 2.90898005914642e-05 2.85722999251448e-05 2.82377004623413e-05 2.87391994788777e-05 3.02219996228814e-05 3.05723988276441e-05 3.45742992067244e-05 3.05600988212973e-05 3.02333992294734e-05 3.07619993691333e-05 3.16418991133105e-05 3.29194990627002e-05 3.49063011526596e-05 3.64765000995249e-05 3.78863987862132e-05 4.2930001654895e-05 3.46011001965962e-05 3.99983982788399e-05 3.37337005476002e-05 3.82118014385924e-05 3.69297995348461e-05 3.5466298868414e-05 3.39895996148698e-05 3.00230003631441e-05 2.8473599741119e-05 2.47276002482977e-05 2.75426991720451e-05 2.61063996731536e-05 3.03134002024308e-05 2.49857002927456e-05 2.5799299692153e-05 3.00305000564549e-05 3.33456991938874e-05 3.44344989571255e-05 3.24165011988953e-05 3.75710005755536e-05
3.70886991731822e-05 4.5584500185214e-05 4.83194016851485e-05 4.14593996538315e-05 3.32439012709074e-05 2.24398008867865e-05 3.14128010359127e-05 2.15455002035014e-05 2.9594100851682e-05 3.42214989359491e-05 2.96083999273833e-05 3.36650991812348e-05 3.05329012917355e-05 2.94765995931812e-05 2.86923004750861e-05 2.91110991383903e-05 2.93853008770384e-05 3.06184992950875e-05 3.50148002326023e-05 3.38489990099333e-05 2.95944992103614e-05 3.06205984088592e-05 3.15338002110366e-05 3.67227985407226e-05 3.34903998009395e-05 3.58038014383055e-05 3.79634002456442e-05 3.90962995879818e-05 4.35219990322366e-05 3.87996988138184e-05 3.87635991501156e-05 3.64596999133937e-05 3.68489018001128e-05 2.95378995360807e-05 3.10668001475278e-05 2.96270991384517e-05 2.47228999796789e-05 2.45183000515681e-05 2.45372993958881e-05 2.73894002020825e-05 2.51880992436782e-05 2.47799998760456e-05 2.4520499209757e-05 2.81753000308527e-05 2.94950004899874e-05 2.72909001068911e-05 2.90168991341488e-05 2.99471994367195e-05 3.64072984666564e-05
3.63149993063416e-05 3.48674002452753e-05 3.5023800592171e-05 3.99849996028934e-05 2.26737993216375e-05 3.17242011078633e-05 3.14872013404965e-05 2.93648990918882e-05 3.08890012092888e-05 3.4645101550268e-05 2.97854003292741e-05 3.10118011839222e-05 3.09099013975356e-05 2.97007991321152e-05 2.86802005575737e-05 2.81381999229779e-05 2.9214599635452e-05 2.97666992992163e-05 3.37433011736721e-05 3.31010996887926e-05 3.27833986375481e-05 3.05098001263104e-05 3.07609006995335e-05 3.1273299100576e-05 3.292020119261e-05 3.47522982337978e-05 3.66587992175482e-05 3.7626399716828e-05 4.14427013311069e-05 3.60238991561346e-05 3.93059017369524e-05 3.66579988622107e-05 3.49504989571869e-05 3.31566006934736e-05 3.01635991490912e-05 2.4495500838384e-05 2.37511994782835e-05 2.41032994381385e-05 2.76739992841613e-05 2.79510004475014e-05 2.81196007563267e-05 2.78980005532503e-05 2.77980998362182e-05 2.43034992308822e-05 2.808580029523e-05 2.8986600227654e-05 2.9828099286533e-05 3.33259013132192e-05 3.37226992996875e-05
3.43907013302669e-05 3.42355015163776e-05 4.02533005399164e-05 2.4875700546545e-05 3.37597011821344e-05 3.51548987964634e-05 3.05557005049195e-05 3.04020995827159e-05 3.08552007481921e-05 3.06162983179092e-05 2.98671002383344e-05 3.02420994557906e-05 3.06859983538743e-05 2.91214000753826e-05 2.78097995760618e-05 2.73650002782233e-05 2.88807004835689e-05 3.39694015565328e-05 3.38347017532215e-05 3.29147987940814e-05 2.88746996375266e-05 3.25262008118443e-05 2.94190995191457e-05 3.05370995192789e-05 3.19676983053796e-05 3.35859003826044e-05 3.30891016346868e-05 3.39479993272107e-05 3.92652982554864e-05 3.64441002602689e-05 3.46125998476055e-05 3.29009017150383e-05 3.20750987157226e-05 3.30855000356678e-05 3.00482006423408e-05 2.80455005849944e-05 2.68762996711303e-05 2.36208998103393e-05 2.40996996581089e-05 2.78693005384412e-05 2.75413003691938e-05 2.72554007096915e-05 2.39062992477557e-05 2.43951999436831e-05 2.55529994319659e-05 2.97257993224775e-05 3.07328009512275e-05 3.26090994349215e-05 3.35256991093047e-05
3.23394997394644e-05 3.30233015120029e-05 4.12125991715584e-05 3.4474600397516e-05 3.33208008669317e-05 3.3436699595768e-05 3.34887008648366e-05 3.12882002617698e-05 3.12138981826138e-05 3.10440991597716e-05 3.07299014821183e-05 3.08183989545796e-05 3.0953098757891e-05 3.24874017678667e-05 2.811339982145e-05 2.85402002191404e-05 2.93041994154919e-05 2.97977003356209e-05 3.37860001309309e-05 2.92676995741203e-05 2.83508998109028e-05 3.21687002724502e-05 2.88722003460862e-05 3.21927982440684e-05 2.98524992103921e-05 3.13078999170102e-05 3.6382298276294e-05 3.39768012054265e-05 3.50795016856864e-05 3.40059013979044e-05 3.33542993757874e-05 3.24315005855169e-05 3.11051990138367e-05 3.22999003401492e-05 2.96248999802629e-05 2.76729006145615e-05 2.32509992201813e-05 2.60610995610477e-05 2.63545007328503e-05 2.70378004643135e-05 2.75488000625046e-05 2.70196997007588e-05 2.7671099815052e-05 2.81618995359167e-05 2.95383997581666e-05 2.90195002889959e-05 3.02865992125589e-05 2.79765008599497e-05 3.21270017593633e-05
3.31429000652861e-05 3.3546399208717e-05 2.40946992562385e-05 3.52310999005567e-05 3.3855001674965e-05 3.31211995217018e-05 3.38384998030961e-05 3.17683989123907e-05 3.14253993565217e-05 3.09218012262136e-05 3.02337994071422e-05 3.51884991687257e-05 3.51679991581477e-05 2.88804003503174e-05 2.89009003608953e-05 2.98865998047404e-05 3.19501996273175e-05 3.52071983797941e-05 3.1924599170452e-05 3.36207012878731e-05 2.8211699827807e-05 3.29926988342777e-05 0.000234146005823277 3.18655002047308e-05 3.21281004289631e-05 3.33224998030346e-05 3.37640994985122e-05 3.15514007525053e-05 3.28017995343544e-05 3.26279987348244e-05 3.20938015647698e-05 3.13521995849442e-05 3.09661008941475e-05 2.94655001198407e-05 2.76446007774211e-05 2.42883997998433e-05 2.6415900720167e-05 2.62357007159153e-05 2.63475994870532e-05 2.6988900572178e-05 2.39559994952288e-05 2.70779000857146e-05 2.73720997938653e-05 2.72684992523864e-05 2.80827007372864e-05 2.9583399737021e-05 2.99047005682951e-05 3.01956006296678e-05 2.80871990980813e-05
3.23716994898859e-05 3.34278010996059e-05 3.58862998837139e-05 2.47831994784065e-05 3.48700996255502e-05 3.42685998475645e-05 3.46853012160864e-05 3.69881017832085e-05 3.21432999044191e-05 3.16848017973825e-05 3.06854017253499e-05 3.20774015563074e-05 3.62565006071236e-05 2.94361998385284e-05 3.12949014187325e-05 3.28173991874792e-05 3.65882988262456e-05 3.18601014441811e-05 3.13345008180477e-05 3.11283001792617e-05 2.99514995276695e-05 2.76101000054041e-05 2.71520002570469e-05 2.81195007119095e-05 2.90807001874782e-05 3.1549898267258e-05 2.99205003102543e-05 3.06043984892312e-05 3.13140008074697e-05 3.15988982038107e-05 3.09544993797317e-05 3.08011003653519e-05 2.96048001473537e-05 2.86519007204333e-05 2.69749998551561e-05 2.74110007012496e-05 2.3497099391534e-05 2.37151998589979e-05 2.77196995739359e-05 2.7852000130224e-05 2.72404995484976e-05 2.69226002274081e-05 2.65391990978969e-05 2.65762992057716e-05 2.37789008679101e-05 2.93712000711821e-05 2.94512992695672e-05 2.84204998024506e-05 2.87942002614727e-05
