rodentData/rasterBestModels/Mus_RD_RM2.asc
NCOLS 409 
NROWS 350 
XLLCORNER 60.897278365 
YLLCORNER 5.843756025 
CELLSIZE 0.0892857 
NODATA_value -3.4e+38 
[rows 154 to 175 of 350, columns 147 to 195 of 409]
4.00116005039308e-05 3.83531987608876e-05 3.59650985046756e-05 3.55597003363073e-05 3.6908000765834e-05 3.68071014236193e-05 3.67200009350199e-05 3.67130996892229e-05 3.70669986295979e-05 3.84480990760494e-05 4.43889002781361e-05 4.44286997662857e-05 3.93289010389708e-05 3.75056006305385e-05 3.97934018110391e-05 4.23117999162059e-05 4.15961003454868e-05 4.10229004046414e-05 4.08316009270493e-05 4.03502017434221e-05 3.49176007148344e-05 3.44440995831974e-05 3.9092599763535e-05 3.84605991712306e-05 3.749980169232e-05 3.67676002497319e-05 3.5186400054954e-05 3.47175009665079e-05 3.40832011715975e-05 2.91208998532966e-05 3.284780177637e-05 3.27872985508293e-05 3.24204011121765e-05 3.28468995576259e-05 3.30531001964118e-05 3.34903998009395e-05 5.95747005718295e-05 0.000408718013204634 0.000395104987546802 4.80773996969219e-05 3.30477014358621e-05 2.8314299925114e-05 3.22509986290243e-05 3.1967199902283e-05 3.15297984343488e-05 3.244070103392e-05 3.30978982674424e-05 3.23489985021297e-05 2.77813996945042e-05
4.32591987191699e-05 3.90513996535446e-05 3.65870000678115e-05 3.65607993444428e-05 3.67020002158824e-05 3.86932006222196e-05 3.88763983210083e-05 3.76702009816654e-05 3.81321005988866e-05 3.90761997550726e-05 4.40030999016017e-05 4.59807015431579e-05 4.76138011435978e-05 3.86684005206916e-05 3.59689984179568e-05 4.14501009800006e-05 4.22486009483691e-05 4.2641200707294e-05 4.81552015116904e-05 0.000385716004529968 5.1211998652434e-05 5.72145982005168e-05 3.97818985220511e-05 3.90468994737603e-05 3.83691003662534e-05 3.78088989236858e-05 3.6200501199346e-05 3.55105003109202e-05 3.03626002278179e-05 3.37329984176904e-05 3.36066987074446e-05 3.31836999976076e-05 3.32331001118291e-05 2.96362995868549e-05 3.43233987223357e-05 3.3828600862762e-05 6.00958992436063e-05 0.000418256997363642 0.000388634012779221 4.41388983745128e-05 3.22847008646931e-05 3.29276008415036e-05 3.31970004481263e-05 3.20824001391884e-05 3.19175996992271e-05 3.19883001793642e-05 3.22390988003463e-05 3.14339995384216e-05 3.07388982037082e-05
4.04806996812113e-05 3.94392991438508e-05 2.45370993070537e-05 3.77428987121675e-05 3.79207995138131e-05 3.79896991944406e-05 3.79769990104251e-05 3.81069003196899e-05 3.92910988011863e-05 4.01555007556453e-05 4.24212012148928e-05 4.60554001620039e-05 4.17476003349293e-05 3.95518982259091e-05 4.24936006311327e-05 4.32152992289048e-05 3.81229983759113e-05 4.32486995123327e-05 4.85919990751427e-05 5.14827988808975e-05 5.86782989557832e-05 5.79779989493545e-05 3.97617986891419e-05 3.97410985897295e-05 3.41509003192186e-05 3.79031989723444e-05 3.67838001693599e-05 3.63092985935509e-05 3.55500014848076e-05 3.50160007656086e-05 3.4206299460493e-05 3.37062010657974e-05 3.36004013661295e-05 3.40635997417849e-05 3.3886099117808e-05 3.35030017595273e-05 5.96225982008036e-05 6.05261993769091e-05 4.0414699469693e-05 3.26865010720212e-05 3.32037998305168e-05 3.31285009451676e-05 3.2829000701895e-05 3.1794701499166e-05 3.22867999784648e-05 3.24120992445387e-05 3.20830986311194e-05 3.07586014969274e-05 3.05448993458413e-05
4.07346997235436e-05 4.05364990001544e-05 4.09610984206665e-05 3.86526990041602e-05 3.86985011573415e-05 3.82760990760289e-05 3.86938008887228e-05 3.98519987356849e-05 4.00760982302018e-05 3.67680986528285e-05 4.29413012170698e-05 4.30323016189504e-05 4.32626984547824e-05 3.8278700230876e-05 3.80132005375344e-05 3.85976018151268e-05 3.86077990697231e-05 4.34667017543688e-05 4.70158011012245e-05 5.69568983337376e-05 5.59434993192554e-05 4.15774993598461e-05 4.06256003770977e-05 3.54855983459856e-05 3.45053995260969e-05 3.80544006475247e-05 3.97896001231857e-05 3.75374002032913e-05 3.66222993761767e-05 3.67913016816601e-05 3.57751014234964e-05 3.49406000168528e-05 3.46449014614336e-05 3.45533007930499e-05 3.43913015967701e-05 3.42136991093867e-05 3.45439984812401e-05 5.22685986652505e-05 3.34768010361586e-05 3.19555983878672e-05 3.24073007504921e-05 3.37829005729873e-05 3.38073987222742e-05 3.33964999299496e-05 2.87489001493668e-05 3.25190994772129e-05 3.11367002723273e-05 2.68836993200239e-05 3.02111002383754e-05
4.15348004025873e-05 4.23466008214746e-05 4.32047017966397e-05 4.14624009863473e-05 4.03170015488286e-05 4.08656014769804e-05 4.10524990002159e-05 4.11783003073651e-05 4.2163399484707e-05 4.27648992626928e-05 4.42201016994659e-05 4.37456983490847e-05 4.40639996668324e-05 4.40611001977231e-05 4.38409006164875e-05 3.88804983231239e-05 3.85089006158523e-05 3.79835000785533e-05 3.76456991943996e-05 3.7748301110696e-05 4.22172015532851e-05 4.63442993350327e-05 0.000316902005579323 4.65849989268463e-05 3.78984987037256e-05 3.94271992263384e-05 3.8834801671328e-05 3.8179201510502e-05 3.81581012334209e-05 3.77258002117742e-05 3.72237009287346e-05 3.68477994925343e-05 3.64721017831471e-05 3.14901008096058e-05 3.50640984834172e-05 3.49153997376561e-05 3.37306009896565e-05 3.52399983967189e-05 3.47884997609071e-05 3.40984988724813e-05 3.38140016538091e-05 3.470130104688e-05 3.43044011970051e-05 3.31693008774891e-05 3.18548009090591e-05 2.73755995294778e-05 3.07800983136985e-05 3.09261995425913e-05 3.04531004076125e-05
4.13829984609038e-05 4.72647989226971e-05 4.88738987769466e-05 4.96091015520506e-05 4.3341799027985e-05 4.2504798329901e-05 4.28425992140546e-05 4.32490996900015e-05 4.42890013800934e-05 4.39897012256552e-05 4.48604005214293e-05 4.44946017523762e-05 4.46470003225841e-05 3.87301988666877e-05 3.9067799662007e-05 3.9301099604927e-05 3.87658983527217e-05 3.8215599488467e-05 4.31709995609708e-05 3.79822013201192e-05 3.77748001483269e-05 3.72048016288318e-05 4.03847006964497e-05 4.05401988246012e-05 4.3515599827515e-05 3.93377013097052e-05 3.94374983443413e-05 3.94025992136449e-05 3.93738009734079e-05 3.85917010135017e-05 3.81706995540299e-05 3.79771990992595e-05 3.75765011995099e-05 3.65880987374112e-05 3.54297990270425e-05 3.46730012097396e-05 3.47903987858444e-05 3.43333013006486e-05 3.43475003319327e-05 3.50795999111142e-05 3.47376007994171e-05 3.37300989485811e-05 3.18989987135865e-05 2.7362799301045e-05 2.68135008809622e-05 2.72397992375772e-05 2.68629992206115e-05 3.1431598472409e-05 3.05631983792409e-05
4.21156000811607e-05 4.70121012767777e-05 4.72173996968195e-05 4.82280993310269e-05 4.43399003415834e-05 4.37023991253227e-05 4.38815004599746e-05 4.45320983999409e-05 4.48858008894604e-05 4.43169992649928e-05 4.4150699977763e-05 4.5291701098904e-05 4.50145016657189e-05 3.92391011700965e-05 3.97155999962706e-05 3.9632199332118e-05 3.91483008570503e-05 3.86005012842361e-05 3.81044010282494e-05 7.85212978371419e-05 0.000564437010325491 8.42145964270458e-05 7.08104998921044e-05 7.95040978118777e-05 4.30508989666123e-05 3.97746989619918e-05 3.97311996493954e-05 4.038399856654e-05 3.97730000258889e-05 3.88652988476679e-05 3.80234996555373e-05 3.77243013645057e-05 3.56931996066123e-05 3.51556991518009e-05 3.45211010426283e-05 3.34022988681681e-05 3.31345981976483e-05 3.26047011185437e-05 3.29229987983126e-05 3.38977988576517e-05 3.31281007674988e-05 3.22000996675342e-05 2.79380001302343e-05 3.15249017148744e-05 2.6455400075065e-05 3.13874006678816e-05 3.19534010486677e-05 2.83450008282671e-05 2.76207993010757e-05
4.10698994528502e-05 4.24653007939924e-05 4.4813899876317e-05 4.34793983004056e-05 4.36560003436171e-05 4.42427990492433e-05 4.48958999186289e-05 4.53249012934975e-05 4.5450000470737e-05 4.53364991699345e-05 4.44727011199575e-05 4.51993000751827e-05 4.52925014542416e-05 4.00897006329615e-05 4.03658013965469e-05 4.50510015070904e-05 4.44215984316543e-05 4.41297015640885e-05 4.40711010014638e-05 0.000204120995476842 0.00205472996458411 0.000300081010209396 0.000271030003204942 0.000192801002413034 4.14444002672099e-05 4.07234001613688e-05 4.00944009015802e-05 4.00056014768779e-05 3.39981997967698e-05 3.77698997908738e-05 3.75349009118509e-05 3.67598986485973e-05 3.49481015291531e-05 3.43846004398074e-05 3.40231017617043e-05 3.35404984070919e-05 3.30250004481059e-05 3.31535993609577e-05 3.31689989252482e-05 3.23198983096518e-05 3.06106994685251e-05 2.77603994618403e-05 2.7861600756296e-05 2.8365500838845e-05 2.83541994576808e-05 3.27318994095549e-05 3.3476699172752e-05 3.36131015501451e-05 3.29748982039746e-05
4.19679017795715e-05 4.24015015596524e-05 4.3814601667691e-05 4.40896001236979e-05 4.43099997937679e-05 4.46679987362586e-05 4.48452010459732e-05 4.53219981864095e-05 4.58044014521874e-05 4.61827003164217e-05 4.54992004961241e-05 4.63153010059614e-05 4.6290300815599e-05 4.63602009403985e-05 4.11178007198032e-05 3.98962984036189e-05 4.44985016656574e-05 4.4577300286619e-05 4.44817014795262e-05 0.000103678001323715 0.000120985998364631 0.000111476998426951 9.60144025157206e-05 7.63716016081162e-05 4.08429987146519e-05 4.06576982641127e-05 3.95669994759373e-05 3.93556983908638e-05 3.79652010451537e-05 3.76183998014312e-05 3.71159003407229e-05 3.6615201679524e-05 3.53768991772085e-05 3.4818600397557e-05 3.00101000902941e-05 2.92988006549422e-05 3.36273005814292e-05 3.31599985656794e-05 2.86926006083377e-05 2.78436000371585e-05 2.70971995632863e-05 2.86885006062221e-05 3.47794994013384e-05 2.95026002277154e-05 3.0600800528191e-05 3.73059010598809e-05 3.72532995243091e-05 3.73826987924986e-05 3.79369012080133e-05
4.12053996114992e-05 4.19237003370654e-05 4.28649000241421e-05 4.43481003458146e-05 4.48286991741043e-05 4.60209994344041e-05 4.58846006949898e-05 4.59030015917961e-05 4.5940400013933e-05 4.605769936461e-05 4.60090013802983e-05 4.6437398850685e-05 4.68266007374041e-05 4.68969010398723e-05 4.68721009383444e-05 4.56027992186137e-05 4.44563011114951e-05 4.50965017080307e-05 4.58801987406332e-05 4.48692007921636e-05 4.45504992967471e-05 4.31346015830059e-05 4.05003011110239e-05 4.01106008212082e-05 3.98080010199919e-05 3.96305986214429e-05 3.93693990190513e-05 3.92615984310396e-05 3.89685992558952e-05 3.8006401155144e-05 3.73363982362207e-05 3.20824001391884e-05 3.61241000064183e-05 3.53294017259032e-05 3.40664992108941e-05 2.90709995169891e-05 2.91004998871358e-05 2.83942008536542e-05 2.80834992736345e-05 2.87839993688976e-05 2.94033998216037e-05 3.56177988578565e-05 3.50494992744643e-05 3.10606992570683e-05 3.84154991479591e-05 3.80855999537744e-05 3.89734996133484e-05 3.33261996274814e-05 3.99197015212849e-05
3.91134999517817e-05 4.05721984861884e-05 4.21894983446691e-05 4.41342017438728e-05 4.51689993496984e-05 4.56763991678599e-05 4.65396005893126e-05 4.66232995677274e-05 4.6299901441671e-05 4.0497601730749e-05 4.04985003115144e-05 4.51605010312051e-05 4.65791017632e-05 4.68799989903346e-05 4.66277997475117e-05 4.55469016742427e-05 4.38380011473782e-05 4.49514009233098e-05 4.64518016087823e-05 4.50266015832312e-05 4.41478987340815e-05 3.99786986235995e-05 3.92205001844559e-05 3.88555999961682e-05 3.94853996112943e-05 3.92123984056525e-05 3.89400993299205e-05 4.06616018153727e-05 3.97217008867301e-05 3.9007998566376e-05 3.3326301490888e-05 3.80144992959686e-05 3.67083994206041e-05 3.09358001686633e-05 2.95501995424274e-05 2.89516992779681e-05 2.91854994429741e-05 2.93573993985774e-05 2.94275996566284e-05 3.65556006727275e-05 3.6078599805478e-05 3.55466982000507e-05 3.52864008164033e-05 3.69851004506927e-05 3.7496898585232e-05 3.71042006008793e-05 3.82106991310138e-05 4.04528000217397e-05 4.66603014501743e-05
3.94355010939762e-05 4.07877014367841e-05 4.17379014834296e-05 4.31549015047494e-05 4.4576299842447e-05 4.54571018053684e-05 4.66933015559334e-05 4.70624981971923e-05 4.74031003250275e-05 4.09386011597235e-05 3.98291995225009e-05 4.02498990297318e-05 4.02225014113355e-05 4.49143008154351e-05 4.53011998615693e-05 4.44170000264421e-05 4.29112988058478e-05 4.31884982390329e-05 3.7630001315847e-05 4.17828996432945e-05 4.04124002670869e-05 3.94025992136449e-05 3.89511988032609e-05 3.95559000025969e-05 3.90077984775417e-05 3.37650999426842e-05 3.91356988984626e-05 3.5446100810077e-05 4.17632982134819e-05 4.40473013441078e-05 4.19741008954588e-05 3.95011993532535e-05 3.63657018169761e-05 3.50023983628489e-05 3.40861006407067e-05 2.94868004857562e-05 3.39385987899732e-05 3.53950017597526e-05 3.56905984517653e-05 3.71952010027599e-05 3.7108900869498e-05 3.69863992091268e-05 3.51874987245537e-05 3.47899986081757e-05 3.68266009900253e-05 3.75396994058974e-05 3.77551987185143e-05 4.07037005061284e-05 4.52251988463104e-05
3.86075989808887e-05 4.07566985813901e-05 4.13833004131448e-05 4.28025014116429e-05 4.43427998106927e-05 4.54842993349303e-05 4.68692014692351e-05 4.739369978779e-05 4.74740991194267e-05 4.72583014925476e-05 4.53936008852907e-05 4.57618007203564e-05 4.45424993813504e-05 4.39795003330801e-05 4.47413985966705e-05 4.42154014308471e-05 3.78773002012167e-05 3.73873990611173e-05 3.66101994586643e-05 4.06129001930822e-05 4.02117984776851e-05 3.96038994949777e-05 3.42415987688582e-05 3.93945010728203e-05 3.95675015170127e-05 3.80208002752624e-05 3.36908997269347e-05 4.14790993090719e-05 4.45307996415067e-05 4.50045008619782e-05 3.73311995645054e-05 3.87038999178912e-05 3.59486002707854e-05 3.03425003949087e-05 2.99259991152212e-05 3.04110999422846e-05 3.63748986274004e-05 3.67819011444226e-05 3.72081012756098e-05 3.81446006940678e-05 3.87139989470597e-05 3.9265400118893e-05 3.67995016858913e-05 3.61171987606212e-05 3.62393984687515e-05 3.76565985789057e-05 4.05753999075387e-05 4.56431007478386e-05 4.89673984702677e-05
3.87826985388529e-05 3.9755101170158e-05 4.13677989854477e-05 4.22072989749722e-05 4.28425992140546e-05 4.47698002972174e-05 4.67913996544667e-05 4.8170899390243e-05 4.89318990730681e-05 4.32398992415983e-05 4.81468014186248e-05 4.19050011259969e-05 4.08662999689113e-05 4.62081006844528e-05 3.95321985706687e-05 4.57977002952248e-05 4.47456986876205e-05 4.35096008004621e-05 3.78756994905416e-05 3.73006987501867e-05 4.16682014474645e-05 4.07434017688502e-05 4.03929989261087e-05 3.90768982470036e-05 3.82381986128166e-05 3.35816002916545e-05 3.38840982294641e-05 3.48235007550102e-05 4.27685990871396e-05 3.93670998164453e-05 3.66722997569013e-05 3.69814988516737e-05 3.50156988133676e-05 3.02846001432044e-05 3.45812986779492e-05 3.68885994248558e-05 3.96028008253779e-05 3.86598985642195e-05 3.97279982280452e-05 4.03751982958056e-05 4.13210000260733e-05 4.07722982345149e-05 4.0121900383383e-05 3.9088601624826e-05 3.85400016966742e-05 3.98482989112381e-05 3.7172001611907e-05 4.32513988926075e-05 4.52624990430195e-05
4.13568013755139e-05 4.15549002354965e-05 4.35584006481804e-05 4.41978008893784e-05 3.84398008463904e-05 4.59063994640019e-05 4.75043016194832e-05 4.75599990750197e-05 5.12322003487498e-05 5.16590989718679e-05 4.98305016662925e-05 4.80066009913571e-05 4.71152998215985e-05 4.62841999251395e-05 4.6342898713192e-05 4.64678996650036e-05 4.10979009757284e-05 4.52694985142443e-05 3.90310997318011e-05 4.36340014857706e-05 4.34198009315878e-05 3.77778014808428e-05 4.18300987803377e-05 3.57185017492156e-05 3.47932000295259e-05 3.48735993611626e-05 4.00132994400337e-05 3.48378998751286e-05 3.61644997610711e-05 3.67278007615823e-05 3.89074994018301e-05 3.59580008080229e-05 3.08808994304854e-05 3.5742199543165e-05 3.68407017958816e-05 3.90405984944664e-05 4.14585010730661e-05 4.09712993132416e-05 4.35141992056742e-05 4.52089007012546e-05 4.41357988165691e-05 4.38204006059095e-05 4.39063987869304e-05 4.32986016676296e-05 4.20928008679766e-05 4.58184003946371e-05 5.12586993863806e-05 5.18367996846791e-05 5.10393001604825e-05
4.11559994972777e-05 4.22531011281535e-05 4.40787989646196e-05 4.7061599616427e-05 4.8136200348381e-05 4.89449012093246e-05 4.95698986924253e-05 4.96061002195347e-05 4.87508987134788e-05 5.14858984388411e-05 5.06471988046542e-05 4.93881016154774e-05 4.81887982459739e-05 4.71718994958792e-05 4.71690982521977e-05 4.71523017040454e-05 4.69365004391875e-05 4.11977998737711e-05 4.05751015932765e-05 4.55146000604145e-05 4.52101012342609e-05 4.51843006885611e-05 4.43645985797048e-05 4.27447994297836e-05 3.69195004168432e-05 4.1476399928797e-05 4.08296982641332e-05 3.54106996383052e-05 3.62042992492206e-05 3.96787982026581e-05 3.83523001801223e-05 3.32888012053445e-05 3.80448000214528e-05 3.8218899135245e-05 4.00565986637957e-05 4.2559600842651e-05 4.26740007242188e-05 4.19321986555588e-05 4.43159988208208e-05 4.59213006251957e-05 4.6562599891331e-05 4.72503015771508e-05 4.69516016892157e-05 4.82524992548861e-05 5.18023007316515e-05 4.67454992758576e-05 5.39631000719965e-05 5.45334005437326e-05 5.35922008566558e-05
4.34458015661221e-05 4.38296010543127e-05 4.47905986220576e-05 4.68502003059257e-05 4.979369987268e-05 5.20506982866209e-05 5.20290996064432e-05 5.07369004481006e-05 4.90437996631954e-05 5.22687005286571e-05 5.1428400183795e-05 5.10969002789352e-05 5.00876012665685e-05 4.95198000862729e-05 4.41398988186847e-05 4.36244990851264e-05 4.81876995763741e-05 4.21104996348731e-05 4.128670116188e-05 4.04025995521806e-05 4.02381992898881e-05 4.08888008678332e-05 4.07789011660498e-05 4.02356017730199e-05 3.91897992813028e-05 4.33528985013254e-05 3.71542992070317e-05 4.07908009947278e-05 3.62034988938831e-05 3.98447009501979e-05 3.86056017305236e-05 3.86313986382447e-05 3.92481015296653e-05 4.12779991165735e-05 4.13287998526357e-05 3.94480011891574e-05 4.18415984313469e-05 4.12115005019587e-05 4.45434998255223e-05 4.5946999307489e-05 4.74404987471644e-05 4.95208987558726e-05 5.14017010573298e-05 4.64596014353447e-05 5.54430007468909e-05 5.53181016584858e-05 5.59299987799022e-05 5.61351989745162e-05 5.64024012419395e-05
2.8381200536387e-05 4.43583012383897e-05 4.65818011434749e-05 4.89585981995333e-05 5.11543003085535e-05 5.68805990042165e-05 6.03148982918356e-05 5.41800982318819e-05 5.49551987205632e-05 5.37624000571668e-05 5.2356601372594e-05 5.15102001372725e-05 5.1247301598778e-05 5.1021601393586e-05 4.57899986940902e-05 4.54340006399434e-05 5.08349985466339e-05 5.27992015122436e-05 5.23913986398838e-05 4.8913399950834e-05 4.25508987973444e-05 4.83301992062479e-05 4.82897994515952e-05 4.77596004202496e-05 4.56456982647069e-05 4.41060001321603e-05 4.26137012254912e-05 3.6375000490807e-05 4.06799990742002e-05 4.08615997002926e-05 3.9746500988258e-05 3.96799987356644e-05 4.0348601032747e-05 3.92051006201655e-05 4.01456018153112e-05 3.86700994567946e-05 3.94950002373662e-05 4.17744995502289e-05 4.42538985225838e-05 4.65966986666899e-05 5.02319016959518e-05 5.237180084805e-05 5.3463299991563e-05 5.61398010177072e-05 5.70568008697592e-05 5.76366983295884e-05 5.84062981943134e-05 5.97627986280713e-05 6.00487983319908e-05
4.8475201765541e-05 4.7885700041661e-05 4.95161002618261e-05 4.99775014759507e-05 5.06171018059831e-05 4.56462003057823e-05 5.46303999726661e-05 5.54040016140789e-05 5.55947008251678e-05 5.63141002203338e-05 5.46057017345447e-05 5.46490009583067e-05 5.2270701417001e-05 3.38106983690523e-05 5.36391016794369e-05 4.69490987597965e-05 4.62958996649832e-05 5.20350004080683e-05 4.79269001516514e-05 4.87899997096974e-05 5.18904998898506e-05 5.16955988132395e-05 4.50644001830369e-05 5.00638998346403e-05 4.82133982586674e-05 4.68871985503938e-05 4.49842009402346e-05 3.79615012207069e-05 4.21289987571072e-05 4.20100004703272e-05 4.14956994063687e-05 4.26758015237283e-05 4.13558991567697e-05 3.81241989089176e-05 4.07424013246782e-05 4.03027988795657e-05 4.30237014370505e-05 4.58106005680747e-05 5.10989011672791e-05 5.46513983863406e-05 5.90234012634028e-05 5.92327996855602e-05 5.52749006601516e-05 5.80162995902356e-05 5.8781799452845e-05 5.95638994127512e-05 6.00251005380414e-05 6.0851700254716e-05 6.06114008405712e-05
4.49416984338313e-05 4.62583993794397e-05 4.77873982163146e-05 4.91696009703446e-05 5.05501993757207e-05 5.20005014550406e-05 5.24228998983745e-05 5.36361985723488e-05 5.42964007763658e-05 5.58487990929279e-05 5.54391008336097e-05 5.7356599427294e-05 5.80419000471011e-05 5.51420016563497e-05 5.55369006178807e-05 5.53175996174105e-05 5.44573013030458e-05 5.44120011909399e-05 5.4557098337682e-05 5.43142014066689e-05 5.19130990142003e-05 4.72788015031256e-05 5.35493018105626e-05 5.2405201131478e-05 5.07537988596596e-05 4.96069005748723e-05 4.72134997835383e-05 4.51775995315984e-05 4.37806011177599e-05 4.3084000935778e-05 4.18620984419249e-05 4.03517988161184e-05 3.91565008612815e-05 4.04179008910432e-05 4.30081017839257e-05 4.5500899432227e-05 4.88086989207659e-05 5.25374016433489e-05 5.80923988309223e-05 6.06766989221796e-05 6.260509690037e-05 6.23474988969974e-05 6.22221996309236e-05 6.11970026511699e-05 6.06202011113055e-05 6.18634003330953e-05 6.18846970610321e-05 5.98422993789427e-05 5.50578006368596e-05
4.3407198973e-05 4.61554991488811e-05 4.87614997837227e-05 5.04382005601656e-05 5.14284984092228e-05 5.22377995366696e-05 5.26666990481317e-05 5.44055001228116e-05 5.39225984539371e-05 5.33983984496444e-05 5.28890996065456e-05 5.26205003552604e-05 5.49516989849508e-05 5.59922991669737e-05 5.57280982320663e-05 5.66011003684253e-05 5.69317016925197e-05 5.78947001486085e-05 5.75232006667648e-05 5.87032009207178e-05 5.70408992643934e-05 5.61021988687571e-05 5.57909006602131e-05 5.45258990314323e-05 5.33187012479175e-05 5.20633984706365e-05 4.93849001941271e-05 4.7478901251452e-05 4.55242006864864e-05 4.33936002082191e-05 4.18894996982999e-05 4.17951014242135e-05 4.17283990827855e-05 4.48309983767103e-05 4.55447006970644e-05 4.82471004943363e-05 5.307170067681e-05 6.08892987656873e-05 6.41892984276637e-05 6.52801027172245e-05 6.30124995950609e-05 6.37397970422171e-05 6.42806990072131e-05 6.24261010671034e-05 6.02239015279338e-05 6.10735005466267e-05 5.8642999647418e-05 3.61950988008175e-05 5.53077989025041e-05
4.55162007710896e-05 4.93553998239804e-05 5.28593009221368e-05 5.43095011380501e-05 5.44704016647302e-05 5.3802301408723e-05 5.28786986251362e-05 5.33979982719757e-05 5.32310987182427e-05 5.27019001310691e-05 5.21127003594302e-05 5.24333008797839e-05 5.17391017638147e-05 5.40397995791864e-05 5.42304005648475e-05 5.44510003237519e-05 5.7300399930682e-05 6.04146007390227e-05 6.16647012066096e-05 6.13735974184237e-05 5.8675399486674e-05 5.75923986616544e-05 5.76702987018507e-05 5.6665299780434e-05 5.52593992324546e-05 5.31764017068781e-05 5.04540985275526e-05 4.88330006191973e-05 4.62737989437301e-05 4.53483007731847e-05 4.43985991296358e-05 4.54280016128905e-05 4.62739008071367e-05 5.05528005305678e-05 5.08890007040463e-05 5.36340994585771e-05 5.92366013734136e-05 6.28971029073e-05 6.60278965369798e-05 6.22357983957045e-05 6.08037007623352e-05 6.15477983956225e-05 6.25176035100594e-05 6.33961972198449e-05 5.86237001698464e-05 5.65695008845069e-05 3.54535986843985e-05 3.44887994288001e-05 4.67339996248484e-05
