rodentData/rasterBestModels/Niviventer_RDbal_BM01_RM2.asc
NCOLS 409 
NROWS 350 
XLLCORNER 60.897278365 
YLLCORNER 5.843756025 
CELLSIZE 0.0892857 
NODATA_value -3.4e+38 
[rows 132 to 153 of 350, columns 147 to 195 of 409]
4.59825014331727e-06 4.40434996562544e-06 4.2114202187804e-06 4.13132011090056e-06 3.25237010656565e-06 2.94521009891469e-06 3.0765299925406e-06 3.46345996149466e-06 5.30592978975619e-06 5.54182997802855e-06 5.85886982662487e-06 6.21980007053935e-06 6.97769019097905e-06 6.8952799665567e-06 7.4565400609572e-06 6.99954989613616e-06 6.03578018854023e-06 5.85358020543936e-06 5.7862198445946e-06 4.8907199925452e-06 4.64429012936307e-06 4.42188002125476e-06 5.15469992024009e-06 5.31236992173945e-06 5.32973990630126e-06 5.30096986040007e-06 4.80093012811267e-06 5.12167980559752e-06 5.68509994991473e-06 6.11331006439286e-06 5.8868199630524e-06 6.38719984635827e-06 8.06932985142339e-06 9.50636967900209e-06 1.16813998829457e-05 9.64558967098128e-06 8.8720098574413e-06 1.05585995697766e-05 1.13250998765579e-05 1.2390600204526e-05 1.23608997455449e-05 1.27285002236022e-05 1.28253996081185e-05 1.34463998620049e-05 1.34962001538952e-05 1.34890997287584e-05 1.37577999339555e-05 1.38256000354886e-05 8.14430040918523e-06
4.11915016229614e-06 4.46944977738895e-06 4.19268008045037e-06 4.26460019298247e-06 3.65112009603763e-06 3.72132990378304e-06 3.927660145564e-06 4.11504015573882e-06 5.62564991923864e-06 5.98256019657128e-06 6.36643017060123e-06 6.90531987856957e-06 7.05886986906989e-06 8.02926024334738e-06 9.03888030734379e-06 8.25896040623775e-06 7.27134010958252e-06 6.36695995126502e-06 5.67970982956467e-06 3.64596007784712e-06 3.36419998347992e-06 3.42755993187893e-06 4.67186009700526e-06 5.67189999856055e-06 5.53512018086622e-06 5.44078011444071e-06 5.22575010108994e-06 4.91162018079194e-06 5.47520994587103e-06 6.79238019074546e-06 6.46350008537411e-06 6.95390008331742e-06 8.17332966107642e-06 1.00661000033142e-05 1.15133998406236e-05 9.90852004179033e-06 9.07710000319639e-06 9.86818031378789e-06 1.06053003037232e-05 1.28635001601651e-05 1.35312002385035e-05 1.34884003273328e-05 1.39649000630016e-05 1.4042399925529e-05 1.44613995871623e-05 1.44778996400419e-05 1.54250992636662e-05 1.39243002195144e-05 1.27201001305366e-05
3.8246498661465e-06 3.5916000342695e-06 3.88763010050752e-06 4.45848991148523e-06 4.82934001411195e-06 5.23649987371755e-06 5.54761982130003e-06 5.77130003875936e-06 6.20605987933232e-06 6.89730995873106e-06 7.11149004928302e-06 7.1413101068174e-06 8.12151029094821e-06 8.6262898548739e-06 9.01463045011042e-06 9.15723012440139e-06 8.44404985400615e-06 7.97491975390585e-06 5.38664016858093e-06 3.92095989809604e-06 3.37101005243312e-06 3.23128006129991e-06 3.63751996701467e-06 5.93123013459262e-06 5.86697979088058e-06 5.56845998289646e-06 5.53740983377793e-06 5.17770013175323e-06 6.09170001553139e-06 7.14368979970459e-06 6.79931008562562e-06 7.26522011973429e-06 8.06815023679519e-06 9.22295021155151e-06 1.00380002550082e-05 1.07034002212458e-05 9.28598001337377e-06 9.21440005186014e-06 1.0852299965336e-05 1.20470003821538e-05 1.35070004034787e-05 1.40072997965035e-05 1.43902998388512e-05 1.50572996062692e-05 1.55262005137047e-05 1.37392999022268e-05 1.38585000968305e-05 1.25402002595365e-05 1.17746003525099e-05
3.62337004844449e-06 3.02514990835334e-06 3.32580998474441e-06 3.83486985811032e-06 4.37207017967012e-06 4.68268990516663e-06 5.7485399338475e-06 6.25331995252054e-06 6.22457991994452e-06 8.04279989097267e-06 7.65706954553025e-06 7.8522898547817e-06 8.35168975754641e-06 8.31849956739461e-06 8.26790983410319e-06 8.87382975633955e-06 8.30760018288856e-06 7.95029973232886e-06 5.21345009474317e-06 4.32435990660451e-06 3.87995987694012e-06 3.51890003003064e-06 3.30009993376734e-06 6.15131011727499e-06 6.22189008936402e-06 5.71746977584553e-06 6.08578011451755e-06 6.05121022090316e-06 6.59974011796294e-06 7.01547014614334e-06 6.9833599809499e-06 7.71275972510921e-06 7.92468017607462e-06 8.82150015968364e-06 9.55930954660289e-06 1.03367001429433e-05 9.40645986702293e-06 9.66275001701433e-06 1.09413003883674e-05 1.27224002426374e-05 1.38934001370217e-05 1.54079007188557e-05 1.53245000547031e-05 1.61575007950887e-05 1.52042002810049e-05 1.32111999846529e-05 1.33099001686787e-05 1.33637004182674e-05 1.35205000333372e-05
3.95324013879872e-06 3.53061000168964e-06 3.34006995217351e-06 3.51548010257829e-06 4.0932000047178e-06 4.46043986812583e-06 5.15210012963507e-06 6.07757010584464e-06 5.92536980548175e-06 7.62209992899443e-06 8.30604039947502e-06 8.53021992952563e-06 8.0008503573481e-06 8.32643036119407e-06 8.85975987330312e-06 9.22276012715884e-06 8.98643975233426e-06 8.48177023726748e-06 6.81162009641412e-06 4.87181978314766e-06 4.19132993556559e-06 4.10152006224962e-06 4.70253007733845e-06 6.20483979218989e-06 6.61048989059054e-06 6.68608981868601e-06 6.71241014060797e-06 6.50330002827104e-06 7.05478987583774e-06 6.71489988235408e-06 6.76984018355142e-06 7.9522696978529e-06 8.30423959996551e-06 9.43455961532891e-06 1.0067000403069e-05 1.0970599760185e-05 1.15376997200656e-05 1.11859999378794e-05 1.22265000754851e-05 1.35016998683568e-05 1.45109997902182e-05 1.60439994942863e-05 1.71064002643107e-05 1.68322003446519e-05 1.3948400010122e-05 1.29805002870853e-05 1.35950003823382e-05 1.438209983462e-05 1.48931003423058e-05
4.37352991866646e-06 4.0580098357168e-06 3.57490989699727e-06 3.59972000296693e-06 4.60999990536948e-06 4.8173601499002e-06 5.4598299357167e-06 5.60128000870463e-06 6.5331601035723e-06 7.80947993916925e-06 7.78141020418843e-06 7.94358038547216e-06 7.68287009123014e-06 8.38966025185073e-06 9.33193041419145e-06 9.67202959145652e-06 2.59980006376281e-05 2.48109990934609e-05 8.43666020955425e-06 5.72544013266452e-06 5.23103017258109e-06 5.21909987583058e-06 5.71901000512298e-06 6.069979917811e-06 6.60237992633483e-06 7.1058098001231e-06 6.97858013154473e-06 6.70624012855114e-06 6.90362003297196e-06 6.7392297751212e-06 7.48624006519094e-06 7.87041972216684e-06 8.15916973806452e-06 9.33680985326646e-06 9.53442031459417e-06 1.03248003142653e-05 1.14821996248793e-05 1.25798997032689e-05 1.31220003822818e-05 1.42626995511819e-05 1.55680008901982e-05 1.63536005857168e-05 1.62760006787721e-05 1.71075007528998e-05 1.50879995999276e-05 1.52934007928707e-05 1.65720994118601e-05 1.59453993546776e-05 1.81400992005365e-05
4.4474700189312e-06 4.15702015743591e-06 4.10949996876298e-06 4.43424005425186e-06 5.05857997268322e-06 5.57059001948801e-06 6.07001993557788e-06 6.3820598370512e-06 7.31934005671064e-06 7.85309021011926e-06 7.78720004745992e-06 7.86598957347451e-06 7.87491990195122e-06 7.9333403846249e-06 8.27746043796651e-06 8.12631969893118e-06 7.99416011432186e-06 7.80124992161291e-06 7.34559989723493e-06 7.63354000810068e-06 6.28491989118629e-06 6.08816981184646e-06 6.02255977355526e-06 5.81711992708733e-06 6.17122987023322e-06 7.39617007639026e-06 7.39442020858405e-06 7.22478989700903e-06 6.8408799052122e-06 7.29051998860086e-06 7.58994019633974e-06 7.51688003219897e-06 7.94485004007583e-06 9.09729988052277e-06 1.0418600140838e-05 1.150170010078e-05 1.14419999590609e-05 1.28293004308944e-05 1.33471003209706e-05 1.36370999825886e-05 1.57006998051656e-05 1.67032994795591e-05 1.55438992806012e-05 1.52674001583364e-05 1.64370994752971e-05 1.65697001648368e-05 5.28316995769273e-05 1.67719008459244e-05 1.95263000932755e-05
3.51289008904132e-06 3.89871001971187e-06 4.4039697968401e-06 4.75769002150628e-06 5.58519013793557e-06 5.93177992413985e-06 6.57497002976015e-06 6.9222101046762e-06 7.27887982066022e-06 8.25568986329017e-06 9.02353986020898e-06 8.53289020597003e-06 8.25649021862773e-06 8.23960999696283e-06 8.48103991302196e-06 8.00001998868538e-06 7.30473993826308e-06 2.21202008106047e-05 7.80183017923264e-06 8.50970991450595e-06 6.71762018100708e-06 6.48466993879993e-06 6.66951018502004e-06 6.97840005159378e-06 7.59506019676337e-06 8.01042006060015e-06 7.78942012402695e-06 7.34031982574379e-06 7.40931000109413e-06 7.57074985813233e-06 7.7184995461721e-06 7.65813001635252e-06 7.86795044405153e-06 8.58835028338945e-06 9.73501028056489e-06 1.10977998701856e-05 1.14581998786889e-05 1.28914998640539e-05 1.33661997097079e-05 1.35096997837536e-05 1.37814004119718e-05 1.63639997481368e-05 1.57720005518058e-05 1.61373991431901e-05 1.61140997079201e-05 1.66536992765032e-05 1.75051991391229e-05 1.67222005984513e-05 2.00761005544337e-05
3.31561000166403e-06 3.45611010743596e-06 4.23920982939308e-06 4.97259998155641e-06 5.62317018193426e-06 6.39387008050107e-06 6.94942991685821e-06 7.40333007342997e-06 8.26401992526371e-06 8.62863998918328e-06 9.44346993492218e-06 8.83302982401801e-06 8.60248019307619e-06 8.78357968758792e-06 8.32297973829554e-06 8.00778980192263e-06 7.36334004614037e-06 2.23500992433401e-05 7.67747042118572e-06 7.90484955359716e-06 7.83629002398811e-06 7.38676999390009e-06 7.90699959907215e-06 7.461439963663e-06 7.52782989366096e-06 7.62007994126179e-06 7.85246993473265e-06 7.50302979213302e-06 7.67828987591201e-06 8.22851961856941e-06 7.86807959229918e-06 7.92383980297018e-06 8.46695002110209e-06 8.45053000375628e-06 9.73784972302383e-06 1.00588003988378e-05 1.13289997898391e-05 1.25403003039537e-05 1.17428999146796e-05 1.10546998257632e-05 1.20922004498425e-05 1.27808998513501e-05 1.55842008098261e-05 1.59066003107e-05 1.60744002641877e-05 1.65732999448664e-05 1.67932994372677e-05 1.67282996699214e-05 2.0372399376356e-05
3.07691993839398e-06 3.78098002329352e-06 5.11910002387594e-06 5.15365991304861e-06 5.81838003199664e-06 6.71878979119356e-06 7.47920012145187e-06 7.98662040324416e-06 6.6712300395011e-06 7.17559987606364e-06 6.43801013211487e-06 6.88485988575849e-06 8.13433962321142e-06 7.78336016082903e-06 7.46999012335436e-06 2.18307995965006e-05 2.17253000300843e-05 7.22314007362002e-06 7.38397011446068e-06 8.01849000708899e-06 7.59265003580367e-06 7.53272979636677e-06 8.09725042927312e-06 8.28526026452892e-06 8.19852994027315e-06 7.81188009568723e-06 8.21368030301528e-06 1.0056000064651e-05 8.62546039570589e-06 8.03430975793162e-06 7.95929008745588e-06 8.29260989121394e-06 9.21394985198276e-06 9.97153983917087e-06 9.72528960119234e-06 1.07114001366426e-05 1.13248997877236e-05 1.1280800208624e-05 1.09959000837989e-05 1.07959003798896e-05 1.05987001006724e-05 1.15441998786991e-05 1.2068499927409e-05 1.14456997835077e-05 1.26597997223143e-05 1.29317995742895e-05 1.6376499843318e-05 1.73143998836167e-05 2.07526009035064e-05
3.44486011272238e-06 4.18924992118264e-06 4.80672997582587e-06 5.10056997882202e-06 5.66293010706431e-06 7.18747014616383e-06 7.41312987884157e-06 7.99372992332792e-06 6.79962977301329e-06 6.82407016938669e-06 6.66759979139897e-06 6.59645002087927e-06 7.09802998244413e-06 7.92453010944882e-06 7.55359997128835e-06 2.2004300262779e-05 7.12504015609738e-06 7.00627015248756e-06 7.29822977518779e-06 7.01847011441714e-06 7.51656989450566e-06 8.23064965516096e-06 8.66037044033874e-06 8.70809981279308e-06 8.33337981021032e-06 8.71391966938972e-06 8.4273497122922e-06 1.02491003417526e-05 9.82724031928228e-06 9.74058002611855e-06 9.81122957455227e-06 9.99146959657082e-06 1.0062700312119e-05 1.04290002127527e-05 1.02878002508078e-05 1.03415995909018e-05 1.06531997516868e-05 1.03268002931145e-05 1.09995999082457e-05 1.12091001938097e-05 1.05763001556625e-05 1.04737000583555e-05 1.10131004475988e-05 1.14746999315685e-05 1.28664996736916e-05 1.41765003718319e-05 1.55189009092283e-05 1.65423007274512e-05 1.86726992978947e-05
3.57477006218687e-06 4.35753008787287e-06 5.11914004164282e-06 5.82584016228793e-06 5.79586003368604e-06 6.64921981297084e-06 7.05788988852873e-06 8.08469030744163e-06 7.21214018994942e-06 7.98222026787698e-06 7.94783954916056e-06 8.14267968962668e-06 7.49945002098684e-06 7.62805984777515e-06 7.25064001017017e-06 6.87311012370628e-06 6.50782021693885e-06 6.43788007437252e-06 6.77694015394081e-06 6.96763981977711e-06 7.6774103945354e-06 8.27389976620907e-06 8.02885006123688e-06 8.62216984387487e-06 8.31838042358868e-06 7.96251970314188e-06 7.77140030550072e-06 9.7247002486256e-06 9.04670014278963e-06 9.87331986834761e-06 1.04766004369594e-05 1.04232003650395e-05 1.02124004115467e-05 1.03605998447165e-05 1.04164000731544e-05 9.45926967688138e-06 9.58336022449657e-06 1.0946800102829e-05 1.0078900231747e-05 1.02525000329479e-05 1.14539998321561e-05 1.18294001367758e-05 1.28008996398421e-05 1.32018003569101e-05 1.36750004458008e-05 1.4704700333823e-05 1.61866992129944e-05 1.79263006430119e-05 2.10955004149582e-05
3.24090001413424e-06 3.94493008570862e-06 4.77408002552693e-06 5.19802006238024e-06 5.54826010557008e-06 6.06478988629533e-06 6.94219988872646e-06 7.3111600613629e-06 8.56063979881583e-06 9.70382006926229e-06 8.79403978615301e-06 7.9025603554328e-06 7.6410397014115e-06 7.48133015804342e-06 7.23468019714346e-06 7.12653991286061e-06 6.61684998704004e-06 6.53014012641506e-06 6.30619979347102e-06 7.10714994056616e-06 7.40373980079312e-06 8.21494995761896e-06 7.86702003097162e-06 8.14025042927824e-06 8.44175974634709e-06 8.43629004521063e-06 8.11739027994918e-06 8.34845013741869e-06 8.8272799985134e-06 9.25366020965157e-06 1.05626004369697e-05 1.05279996205354e-05 9.18815021577757e-06 8.86951966094784e-06 8.46292005007854e-06 9.75511011347407e-06 9.68794029176934e-06 1.14363001557649e-05 1.07887999547529e-05 1.08999001895427e-05 1.10391001726384e-05 1.10648998088436e-05 1.32893001136836e-05 1.46435995702632e-05 1.45369003803353e-05 1.51377998918178e-05 1.6948499251157e-05 1.89637994481018e-05 2.31595004152041e-05
3.01282989312313e-06 3.59158002538607e-06 4.29412011726527e-06 4.55827012046939e-06 4.87718989461428e-06 5.73784018342849e-06 6.36600998404901e-06 7.52613004806335e-06 8.85554982232861e-06 9.90038006420946e-06 8.07159995019902e-06 7.56124018153059e-06 7.42472002457362e-06 7.50665003579343e-06 7.45589022699278e-06 6.98678013577592e-06 6.51247000860167e-06 6.33041008768487e-06 6.3802099248278e-06 6.97917994330055e-06 7.24316987543716e-06 7.55779001337942e-06 7.61182991482201e-06 7.6518099376699e-06 8.14098984847078e-06 8.33760987006826e-06 9.29145971895196e-06 8.5832498371019e-06 8.68968982103979e-06 9.41108010010794e-06 9.94501988316188e-06 9.39500023378059e-06 8.85830013430677e-06 8.75188015925232e-06 8.48455965751782e-06 9.16062981559662e-06 9.66626976151019e-06 1.09162001535879e-05 1.14747999759857e-05 1.15431002996047e-05 1.12497000372969e-05 1.22457995530567e-05 1.40693000503234e-05 1.56128007802181e-05 1.57123995450092e-05 1.63167005666764e-05 1.81859995791456e-05 2.13029998121783e-05 2.41393991018413e-05
2.65044991465402e-06 2.91350988845807e-06 3.72975000573206e-06 4.10450002163998e-06 4.74674016004428e-06 5.59692989554605e-06 6.98966005074908e-06 7.74431009631371e-06 9.14259999262867e-06 9.53917970036855e-06 7.98920973466011e-06 8.34963975648861e-06 7.83809991844464e-06 7.72582006902667e-06 7.54073016651091e-06 7.26990992916399e-06 7.05234015185852e-06 6.89932994646369e-06 6.97813993610907e-06 6.99129986969638e-06 7.44570979804848e-06 7.54544998926576e-06 7.478909992642e-06 7.81636026658816e-06 7.90620015322929e-06 8.3132099462091e-06 9.53739981923718e-06 9.10558992472943e-06 9.69159009400755e-06 9.67778032645583e-06 9.43241957429564e-06 9.41356029215967e-06 9.72261022980092e-06 8.66988011694048e-06 8.2258502516197e-06 9.8293003247818e-06 9.53438029682729e-06 9.84121015790151e-06 1.11350000224775e-05 1.06201996459276e-05 1.19032001748565e-05 1.19836004159879e-05 1.48556000567623e-05 1.614850043552e-05 1.66318004630739e-05 1.77982001332566e-05 1.91759991139406e-05 2.18851000681752e-05 2.49908007390331e-05
2.67462996816903e-06 2.70525993073534e-06 3.21244010592636e-06 4.05267019232269e-06 4.47066986453137e-06 5.37932010047371e-06 6.97612995281816e-06 7.31049021851504e-06 8.99115002539475e-06 9.71347981248982e-06 9.03567979548825e-06 8.76476042321883e-06 8.01325040811207e-06 8.30021963338368e-06 7.76174965722021e-06 7.43088003218872e-06 7.60361990614911e-06 7.810889655957e-06 7.83383984526154e-06 7.95397045294521e-06 8.00411999080097e-06 8.10560959507711e-06 7.98262044554576e-06 8.66499976837076e-06 8.38372034195345e-06 8.4936300481786e-06 9.0343201009091e-06 1.01707000794704e-05 1.05887002064264e-05 1.05579001683509e-05 9.23327024793252e-06 9.76345017988933e-06 1.07195000964566e-05 9.39666006161133e-06 8.85286044649547e-06 9.54894039750798e-06 9.52832033362938e-06 1.04497003121651e-05 1.08089998320793e-05 1.05934996099677e-05 1.15364000521367e-05 1.28371002574568e-05 1.59251994773513e-05 1.62980995810358e-05 1.73706994246459e-05 1.87976002052892e-05 1.99851001525531e-05 2.24613995669642e-05 2.55922004726017e-05
2.67330005954136e-06 2.93807011075842e-06 3.47415993928735e-06 4.04891989091993e-06 4.64803997601848e-06 5.18572005603346e-06 6.52941980661126e-06 6.90363003741368e-06 9.55723044171464e-06 1.01097002698225e-05 9.43215036386391e-06 8.77533966558985e-06 8.6452200775966e-06 8.33351987239439e-06 8.12633970781462e-06 7.61391993364668e-06 7.74945965531515e-06 7.8421298894682e-06 8.4517196228262e-06 8.78094033396337e-06 8.77918955666246e-06 9.3304697657004e-06 8.76477042766055e-06 8.47022965899669e-06 9.52357004280202e-06 8.74010038387496e-06 8.81506002770038e-06 1.01375999292941e-05 1.171690018964e-05 1.09238999357331e-05 1.02867998066358e-05 1.06244997368776e-05 1.04104001366068e-05 1.0386200301582e-05 1.0188599844696e-05 9.47302032727748e-06 9.58521013671998e-06 1.0744000064733e-05 1.09094999061199e-05 1.11316003312822e-05 1.25003998618922e-05 1.46788997881231e-05 1.62290998559911e-05 1.6763600797276e-05 1.78409991349326e-05 1.85108001460321e-05 2.13315997825703e-05 2.36255000345409e-05 2.4452900106553e-05
2.52608992923342e-06 3.01173008665501e-06 3.71766009266139e-06 4.81232018501032e-06 5.62827017347445e-06 5.72972021473106e-06 6.34868001725408e-06 7.33822980691912e-06 9.686739758763e-06 1.05962999441545e-05 9.57695010583848e-06 9.54297956923256e-06 9.78435036813607e-06 9.2195095930947e-06 8.81588039192138e-06 8.50329979584785e-06 7.99742974777473e-06 7.87068984209327e-06 7.89712976256851e-06 8.73921999300364e-06 9.81906032393454e-06 9.63232014328241e-06 9.11788993107621e-06 8.90469982550712e-06 1.04198998087668e-05 9.96947983367136e-06 9.00928989722161e-06 1.01882997114444e-05 1.16152996270102e-05 1.15271996037336e-05 1.22608998935902e-05 1.18633997772122e-05 1.13803998829098e-05 1.13527003122726e-05 1.02742997114547e-05 1.19523001558264e-05 1.0926300092251e-05 1.18565003504045e-05 1.0963000022457e-05 1.24526995932683e-05 1.33265002659755e-05 1.37741999424179e-05 1.68710994330468e-05 2.01720995391952e-05 2.16156004171353e-05 2.31101003009826e-05 2.38817992794793e-05 2.7662499633152e-05 2.71221997536486e-05
2.51756000579917e-06 2.9091800115566e-06 3.98685006075539e-06 5.21600986758131e-06 6.29561009191093e-06 6.3873699218675e-06 6.74580996928853e-06 7.9036399256438e-06 1.01752002592548e-05 1.11340996227227e-05 9.91718025034061e-06 1.01413997981581e-05 9.41282996791415e-06 8.93604010343552e-06 8.75223031471251e-06 8.54542031447636e-06 8.84090968611417e-06 8.22833044367144e-06 8.2400601968402e-06 8.91021954885218e-06 9.40343034017133e-06 9.51823039940791e-06 9.10381004359806e-06 9.47641001403099e-06 1.08502999864868e-05 1.03759002740844e-05 1.00511997516151e-05 1.13675996544771e-05 1.25719998322893e-05 1.28989995573647e-05 1.34724996314617e-05 1.32362001750153e-05 1.24165999295656e-05 1.15825996545027e-05 1.15770999400411e-05 1.35255004352075e-05 1.24811003843206e-05 1.31265996969887e-05 1.25564001791645e-05 1.33869998535374e-05 1.2935500308231e-05 1.39085996124777e-05 1.86518991540652e-05 2.44994007516652e-05 2.58877007581759e-05 2.7320500521455e-05 2.96820999210468e-05 3.16797995765228e-05 2.93971006612992e-05
3.00599003821844e-06 3.23950007441454e-06 3.65845994565461e-06 4.52444010079489e-06 6.53787992632715e-06 2.07803004741436e-05 5.47716990695335e-06 8.27555959403981e-06 9.05644992599264e-06 9.44128987612203e-06 9.54353981796885e-06 1.03427000794909e-05 1.0299299901817e-05 9.24305004446069e-06 9.60944998951163e-06 8.42360987007851e-06 8.01598980615381e-06 8.39062977320282e-06 9.18565001484239e-06 8.96052006282844e-06 9.62293961492833e-06 1.05135995909222e-05 9.90823991742218e-06 1.00098995972075e-05 1.03672000477673e-05 1.05332001112401e-05 1.11830004243529e-05 1.25607002701145e-05 1.27826997413649e-05 1.37569004436955e-05 1.44175000968971e-05 1.37336000989308e-05 1.34864003484836e-05 1.32925997604616e-05 1.24430998766911e-05 1.37085999085684e-05 1.40717002068413e-05 1.48879998960183e-05 1.48904000525363e-05 1.39328003569972e-05 1.3836300240655e-05 1.42307999340119e-05 1.96819000848336e-05 2.57294996117707e-05 2.71345998044126e-05 2.87193997792201e-05 2.94304991257377e-05 3.13251985062379e-05 2.92311997327488e-05
3.29735007653653e-06 3.67348002328072e-06 4.41964994024602e-06 4.79995014757151e-06 5.55454016648582e-06 5.53021982341306e-06 7.0885998866288e-06 8.89165039552609e-06 9.77792024059454e-06 9.91158958640881e-06 1.02103003882803e-05 8.49451043904992e-06 8.65269976202399e-06 1.02055000752443e-05 9.85706992651103e-06 8.14961003925418e-06 6.99181009622407e-06 8.58925977809122e-06 9.19874037208501e-06 1.01072000688873e-05 1.17001000035089e-05 1.1279799764452e-05 1.15805996756535e-05 1.06163997770636e-05 1.175309989776e-05 1.21297998703085e-05 1.19286996778101e-05 1.31700999190798e-05 1.3751299775322e-05 1.45584999700077e-05 1.5322399121942e-05 1.56655005412176e-05 1.6107500414364e-05 1.52616994455457e-05 1.49606003105873e-05 1.51021004057839e-05 1.32842997118132e-05 6.55471012578346e-06 7.80872960604029e-06 1.77564998011803e-05 1.85881999641424e-05 1.93340001715114e-05 2.27723994612461e-05 2.6407800760353e-05 2.87925995507976e-05 2.89395993604558e-05 3.02235002891393e-05 3.10270006593782e-05 3.07351001538336e-05
3.59151999873575e-06 4.02519981435034e-06 4.5986998884473e-06 4.8936699386104e-06 5.39460006621084e-06 7.82177994551603e-06 8.74151010066271e-06 8.62236993270926e-06 9.15839973458787e-06 9.30801979848184e-06 8.0398403952131e-06 8.68586994329235e-06 9.35309981286991e-06 1.01883997558616e-05 1.02349004009739e-05 8.05658964964096e-06 7.45482020647614e-06 9.81478024186799e-06 1.14820004455396e-05 1.19588003144599e-05 1.2831000276492e-05 1.19816995720612e-05 1.22872997962986e-05 1.13908999992418e-05 1.1835700206575e-05 1.20495997180115e-05 1.25383003251045e-05 1.39724998007296e-05 1.50740997924004e-05 1.55367997649591e-05 1.61148000188405e-05 1.59808005264495e-05 1.76022003870457e-05 1.67949001479428e-05 1.68914993992075e-05 1.65140991157386e-05 6.83889993524645e-06 5.8325199461251e-06 5.73023999095312e-06 9.43720988288987e-06 2.24687992158579e-05 2.19475004996639e-05 2.30699006351642e-05 2.5720499252202e-05 2.78324005194008e-05 2.878140003304e-05 3.05969006149098e-05 3.03436008834979e-05 3.10994000756182e-05
