rodentData/rasterBestModels/Niviventer_RDbal_BM01_RM2.asc
NCOLS 409 
NROWS 350 
XLLCORNER 60.897278365 
YLLCORNER 5.843756025 
CELLSIZE 0.0892857 
NODATA_value -3.4e+38 
[rows 132 to 153 of 350, columns 245 to 293 of 409]
9.20114018754248e-07 1.63582001277973e-06 2.47103002948279e-06 7.91767979535507e-06 1.07877003756585e-05 1.00916004157625e-05 1.16316996354726e-05 1.12220996015822e-05 1.62413998623379e-05 1.48868002725067e-05 1.49465995491482e-05 1.48855997395003e-05 1.38668001454789e-05 1.32396999106277e-05 1.600229916221e-05 1.6688100004103e-05 1.35631999000907e-05 1.19207998068305e-05 1.48253002407728e-05 1.63535005412996e-05 1.68650003615767e-05 5.30752986378502e-05 1.25235001178226e-05 1.74091001099441e-05 1.01918003565515e-05 9.78681964625139e-06 1.12854004328256e-05 1.31506003526738e-05 1.19899996207096e-05 1.36526996357134e-05 9.8897298812517e-06 5.77698983761366e-06 1.64651992236031e-05 1.82076000783127e-05 1.3596300050267e-05 6.33011004538275e-05 6.74601978971623e-05 0.000107542000478134 8.39692002045922e-05 2.40687004406936e-05 3.56894997821655e-05 3.68303008144721e-05 9.35602001845837e-05 2.26504998863675e-05 2.09702993743122e-05 5.81165986659471e-05 5.99986997258384e-05 4.02988989662845e-05 4.84664014948066e-05
2.66657002612192e-06 2.05174001166597e-05 1.57976992340991e-05 1.60635008796817e-05 1.42433000291931e-05 1.263200010726e-05 1.95813008758705e-05 2.00396007130621e-05 1.24094003695063e-05 1.08614003693219e-05 1.12105999505729e-05 1.32735003717244e-05 1.65757992363069e-05 1.70867006090702e-05 1.5468100173166e-05 1.42860999403638e-05 1.12742000055732e-05 9.67309006227879e-06 1.69220002135262e-05 5.81087988393847e-05 2.04502994165523e-05 2.02033006644342e-05 1.68732003658079e-05 1.31479000629042e-05 1.01488003565464e-05 1.03554002635065e-05 1.17158997454681e-05 1.45918002090184e-05 1.30326998259989e-05 1.25452997963293e-05 1.32359000417637e-05 3.7712100038334e-06 1.52161001096829e-05 2.42463993345154e-05 1.27682997117518e-05 1.6365600458812e-05 1.70231996889925e-05 2.34349008678691e-05 2.29762008530088e-05 2.99369003187167e-05 4.19971001974773e-05 3.85595012630802e-05 3.10602990793996e-05 2.24667001020862e-05 1.94416006706888e-05 5.24023016623687e-05 2.23869992623804e-05 3.36062985297758e-05 3.35551012540236e-05
1.2535099813249e-05 1.46352003866923e-05 1.59173996507889e-05 1.79830003617099e-05 2.27740001719212e-05 2.42380992858671e-05 2.07960001716856e-05 2.10661000892287e-05 1.2949300071341e-05 8.98797043191735e-06 9.19199010240845e-06 1.33970997922006e-05 1.78849004441872e-05 1.86893994396087e-05 1.47692999235005e-05 1.21921002573799e-05 1.35947002490866e-05 3.89636006730143e-05 1.82280000444734e-05 1.99819005501922e-05 1.89277998288162e-05 2.04490006581182e-05 1.75816003320506e-05 1.33490002554026e-05 1.05612998595461e-05 1.17221998152672e-05 1.35431000671815e-05 1.44327996167704e-05 1.54747995111393e-05 1.48170001921244e-05 1.14600998131209e-05 4.33600007454515e-06 1.20730001071934e-05 2.17699998756871e-05 1.64015000336803e-05 1.62717005878221e-05 1.72341005963972e-05 1.59586998051964e-05 2.34035996982129e-05 2.87640996248228e-05 4.84256997879129e-05 2.7497100745677e-05 2.72362995019648e-05 2.08235996979056e-05 1.68623992067296e-05 1.60621002578409e-05 2.04115003725747e-05 2.26027004828211e-05 2.31964004342444e-05
1.65612000273541e-05 1.61594998644432e-05 1.6858299204614e-05 2.40445006056689e-05 2.77932995231822e-05 2.58965992543381e-05 2.4795399440336e-05 2.44749007833889e-05 2.28302997129504e-05 1.49516999954358e-05 1.53743003465934e-05 1.77974998223362e-05 1.9602799511631e-05 1.75318000401603e-05 1.44094001370831e-05 1.57844006025698e-05 5.56847007828765e-05 1.99170008272631e-05 1.74105007317849e-05 1.66625995916547e-05 1.49752004290349e-05 2.10345006053103e-05 2.0886900529149e-05 1.24175003293203e-05 9.82602978183422e-06 1.11286999526783e-05 1.56512996909441e-05 1.61738007591339e-05 1.80738006747561e-05 1.85988992598141e-05 1.08616995930788e-05 8.88162958290195e-06 1.13520000013523e-05 1.74618999153608e-05 2.01137991098221e-05 2.16381995414849e-05 1.71722003869945e-05 1.60818999574985e-05 2.05952001124388e-05 3.31377996189985e-05 3.40767001034692e-05 3.12509982904885e-05 2.89343006443232e-05 2.09014997381018e-05 2.15674008359201e-05 2.2876000002725e-05 2.01749007828766e-05 2.06746008188929e-05 2.21103000512812e-05
2.90946991299279e-05 2.75381007668329e-05 2.3326900191023e-05 2.93440007226309e-05 3.37396013492253e-05 3.37921992468182e-05 3.0814600904705e-05 3.38924983225297e-05 4.09011990996078e-05 3.42200000886805e-05 2.44635994022246e-05 2.12528993870365e-05 2.12960003409535e-05 1.76616995304357e-05 1.51227995957015e-05 5.11701982759405e-05 2.15067993849516e-05 2.08585006475914e-05 1.61215994012309e-05 1.39848998514935e-05 9.38526954996632e-06 2.00259000848746e-05 2.07342000067001e-05 1.10725995909888e-05 2.61623995356786e-06 1.438550043531e-05 1.50588002725272e-05 1.60225008585257e-05 2.01452003238956e-05 1.66077006724663e-05 8.53100027597975e-06 8.94051026989473e-06 1.06728002720047e-05 1.88047997653484e-05 2.13256007555174e-05 2.18277000385569e-05 2.34145991271362e-05 2.18538007175084e-05 2.51462006417569e-05 3.1911698897602e-05 3.02282005577581e-05 3.17088015435729e-05 3.21683000947814e-05 3.27941997966263e-05 3.02104999718722e-05 2.80258991551818e-05 2.62301000475418e-05 2.13696002901997e-05 1.90880000445759e-05
3.38132995238993e-05 3.65945998055395e-05 3.50902009813581e-05 3.75757990696002e-05 3.79925004381221e-05 3.70757006749045e-05 3.56218988599721e-05 4.02117984776851e-05 6.47182969260029e-05 5.47648014617153e-05 4.24837999162264e-05 3.22113992297091e-05 3.11924013658427e-05 2.79252999462187e-05 6.72406022204086e-05 2.25422008952592e-05 2.33173996093683e-05 2.18155000766274e-05 1.27612001961097e-05 1.02526000773651e-05 1.198209974973e-05 2.09376994462218e-05 2.17433007492218e-05 1.26712002384011e-05 8.54601012179046e-07 3.06409992845147e-06 1.39839003168163e-05 1.23732997963089e-05 1.67565995070618e-05 1.60268991749035e-05 9.79818014457123e-06 8.93043034011498e-06 1.98658999579493e-05 2.67316991084954e-05 2.28838998737046e-05 2.79641008091858e-05 3.06395013467409e-05 3.15979996230453e-05 2.96246998914285e-05 3.04768000205513e-05 3.05520006804727e-05 3.23077001667116e-05 3.79049015464261e-05 4.42860982730053e-05 4.11615983466618e-05 3.23415006278083e-05 3.25756009260658e-05 3.14798016916029e-05 3.50351983797736e-05
3.61452985089272e-05 3.69968001905363e-05 4.07627994718496e-05 4.20297983509954e-05 4.32726010330953e-05 4.20828982896637e-05 4.0719398384681e-05 4.51285013696179e-05 6.53309980407357e-05 7.14285997673869e-05 6.31078000878915e-05 5.06733995280229e-05 4.31299995398149e-05 3.45084008586127e-05 2.8290500267758e-05 2.85672995232744e-05 2.76858008874115e-05 2.03686995519092e-05 1.89684997167205e-05 1.51799004015629e-05 1.56428995978786e-05 1.75709992618067e-05 1.83966003532987e-05 1.66560002980987e-05 8.16298961581197e-06 9.94024958345108e-06 1.45236999742338e-05 1.53248001879547e-05 2.16818007174879e-05 2.14355004573008e-05 2.0368599507492e-05 2.22635007958161e-05 3.15223005600274e-05 3.8310401578201e-05 3.90530985896476e-05 4.28560997534078e-05 4.05749997298699e-05 4.13054985983763e-05 2.80946005659644e-05 2.71210992650595e-05 2.92362001346191e-05 3.46103006449994e-05 4.13330999435857e-05 4.80269991385285e-05 4.60588016721886e-05 4.35680012742523e-05 3.55080010194797e-05 3.84980994567741e-05 4.46833000751212e-05
3.24653992720414e-05 3.54221010638867e-05 4.15741014876403e-05 4.10286993428599e-05 0.000123959995107725 4.28546009061392e-05 4.57782007288188e-05 4.92713988933247e-05 5.17213011335116e-05 7.96259992057458e-05 7.64407013775781e-05 6.17983969277702e-05 5.09134988533333e-05 3.27665002259891e-05 2.9356500817812e-05 2.97411006613402e-05 2.44956008828012e-05 2.12867998925503e-05 2.24562991206767e-05 2.27946002269164e-05 1.85061999218306e-05 2.03549006982939e-05 1.65392993949354e-05 2.01868006115546e-05 1.71037991094636e-05 1.6930500351009e-05 1.64575994858751e-05 1.60943000082625e-05 1.87819005077472e-05 2.47196003329009e-05 2.49724998866441e-05 2.61048007814679e-05 3.63297986041289e-05 3.63871004083194e-05 3.41027007380035e-05 3.43036990670953e-05 4.75718989036977e-05 4.82385985378642e-05 2.96095004159724e-05 3.36791017616633e-05 4.43470016762149e-05 5.07957010995597e-05 5.11004982399754e-05 5.14017010573298e-05 5.09296005475335e-05 5.05764000990894e-05 3.94738999602851e-05 4.0525399526814e-05 4.93717998324428e-05
3.27437010128051e-05 9.98639006866142e-05 3.36463017447386e-05 4.22099001298193e-05 5.32994017703459e-05 4.71946987090632e-05 4.80636990687344e-05 4.47521015303209e-05 4.30649015470408e-05 4.29604988312349e-05 5.55234000785276e-05 3.7129400880076e-05 9.27418004721403e-05 7.31537002138793e-05 2.8212200049893e-05 3.0703900847584e-05 2.49647000600817e-05 2.36281994148158e-05 4.34456997027155e-05 3.60884005203843e-05 2.89244999294169e-05 2.41536999965319e-05 2.363520070503e-05 2.49397999141365e-05 2.27256005018717e-05 2.30388995987596e-05 1.80370007001329e-05 1.73014996107668e-05 2.02742994588334e-05 2.80864005617332e-05 2.73796995315934e-05 2.56435996561777e-05 2.70471991825616e-05 3.80571982532274e-05 3.79753982997499e-05 3.60642989107873e-05 4.67186982859857e-05 4.14665992138907e-05 4.52185013273265e-05 4.97549008287024e-05 5.29481003468391e-05 5.49821997992694e-05 3.50972986780107e-05 2.40117005887441e-05 3.54748008248862e-05 4.18429008277599e-05 4.36142981925514e-05 4.514600004768e-05 5.7648001529742e-05
3.28103997162543e-05 3.27244015352335e-05 3.52278984792065e-05 0.000102851001429372 0.000105530001746956 0.000104311002360191 3.34873984684236e-05 3.41837985615712e-05 2.95065001409966e-05 3.07836016872898e-05 2.78089992207242e-05 2.48288997681811e-05 2.47250991378678e-05 2.77251001534751e-05 3.06416004605126e-05 3.60486992576625e-05 3.6978701245971e-05 3.992169877165e-05 4.3752501369454e-05 3.99415985157248e-05 2.08091005333699e-05 3.43473984685261e-05 3.17658013955224e-05 2.5301300411229e-05 2.66479000856634e-05 2.95562003884697e-05 3.11106014123652e-05 3.07203008560464e-05 3.22908999805804e-05 3.37124984071124e-05 3.05036992358509e-05 2.76538994512521e-05 2.83311001112452e-05 3.67963984899689e-05 2.86031990981428e-05 2.89013005385641e-05 3.96981995436363e-05 4.4439198973123e-05 4.29989013355225e-05 4.82477007608395e-05 5.30395991518162e-05 5.43023998034187e-05 3.39594007527921e-05 2.16212993109366e-05 3.51400012732483e-05 4.28659986937419e-05 4.61343006463721e-05 4.9193298764294e-05 5.16414984303992e-05
3.29233989759814e-05 3.49623987858649e-05 3.6532299418468e-05 3.98148004023824e-05 4.10516986448783e-05 4.04735983465798e-05 3.83978003810626e-05 3.65080013580155e-05 3.20274011755828e-05 3.35242002620362e-05 2.90548996417783e-05 8.29526979941875e-05 2.9531500331359e-05 3.51128001057077e-05 3.91087996831629e-05 4.1007500840351e-05 4.12390982091893e-05 4.28218991146423e-05 4.65789998997934e-05 4.47091988462489e-05 4.44083998445421e-05 3.93154987250455e-05 3.55939992005005e-05 4.05758983106352e-05 4.7326298954431e-05 4.45422010670882e-05 3.70882989955135e-05 4.15284011978656e-05 4.15737995353993e-05 3.9008300518617e-05 3.80181991204154e-05 3.71083006029949e-05 3.54082003468648e-05 3.61148013325874e-05 2.71754997811513e-05 2.74435005849227e-05 3.3610198443057e-05 3.63202998414636e-05 3.97570984205231e-05 4.54504988738336e-05 5.14115999976639e-05 4.93471998197492e-05 4.49670005764347e-05 4.5373999455478e-05 4.53797001682688e-05 4.45566984126344e-05 4.69881997560151e-05 4.85937998746522e-05 4.98424997203983e-05
3.82028993044514e-05 3.94484995922539e-05 3.84265003958717e-05 4.30274012614973e-05 4.32045017078053e-05 4.26176993642002e-05 4.09642998420168e-05 3.26006993418559e-05 3.16709010803606e-05 2.92707009066362e-05 2.87287002720404e-05 2.86463000520598e-05 2.92058994091349e-05 3.1624898838345e-05 3.806819950114e-05 4.37066009908449e-05 4.39694013039116e-05 5.09421988681424e-05 5.47710005776025e-05 5.56767008674797e-05 5.8569301472744e-05 6.10571005381644e-05 4.38483984908089e-05 5.52296987734735e-05 4.9719699745765e-05 4.89578997076023e-05 4.47855018137489e-05 4.28509993071202e-05 4.18644012825098e-05 4.17306000599638e-05 3.86881984013598e-05 3.56552009179723e-05 3.60718986485153e-05 3.5554199712351e-05 2.56137991527794e-05 2.58685995504493e-05 3.06697984342463e-05 3.41796985594556e-05 3.5550201573642e-05 4.24307982029859e-05 4.5755001337966e-05 4.38554016000126e-05 4.51999985671137e-05 4.15911017626058e-05 4.16846014559269e-05 4.33610002801288e-05 4.67583995487075e-05 4.90575002913829e-05 5.76458005525637e-05
3.54014009644743e-05 3.83562983188313e-05 4.08652995247394e-05 4.25918005930725e-05 4.19774987676647e-05 3.90194982173853e-05 3.9201600884553e-05 4.17392984672915e-05 3.4183500247309e-05 2.85275000351248e-05 2.97416008834261e-05 2.33158007176826e-05 7.37161972210743e-05 3.08294002024923e-05 3.35490985889919e-05 3.30809998558834e-05 3.6300698411651e-05 4.82989998999983e-05 5.97381986153778e-05 6.32566006970592e-05 7.01945973560214e-05 7.70022015785798e-05 6.898299761815e-05 6.559889880009e-05 6.31319999229163e-05 5.554840026889e-05 5.11633006681222e-05 4.89306003146339e-05 4.92131985083688e-05 5.28240998391993e-05 4.91952014272101e-05 4.123619874008e-05 3.83596016035881e-05 3.24495013046544e-05 2.90932002826594e-05 2.94098008453147e-05 2.95195004582638e-05 2.99640996672679e-05 2.09100999200018e-05 2.67780997091904e-05 4.28630992246326e-05 4.2851399484789e-05 4.10030006605666e-05 3.9389000448864e-05 3.88568987546023e-05 3.92143010685686e-05 5.06582982779946e-05 6.03523985773791e-05 6.21840008534491e-05
9.08345027710311e-05 0.00010073200246552 3.93070986319799e-05 4.53676002507564e-05 4.4553198677022e-05 4.25887010351289e-05 4.6804500016151e-05 4.90798993268982e-05 4.37581984442659e-05 3.45291991834529e-05 3.64000989065971e-05 2.768299964373e-05 2.8100999770686e-05 9.32624025153928e-05 2.90323005174287e-05 3.02129992633127e-05 3.44098989444319e-05 4.41896008851472e-05 5.45547991350759e-05 7.06604987499304e-05 7.33752967789769e-05 9.43335980991833e-05 9.87777966656722e-05 7.68311001593247e-05 8.27530966489576e-05 8.09775010566227e-05 6.96073984727263e-05 6.13019001320936e-05 5.37578016519547e-05 5.56997983949259e-05 6.59756988170557e-05 5.07963013660628e-05 4.73615000373684e-05 3.54740004695486e-05 3.17859994538594e-05 2.92411004920723e-05 3.41945997206494e-05 3.26430999848526e-05 2.50840002991026e-05 2.81485008599702e-05 3.68526016245596e-05 3.97037001675926e-05 3.67251996067353e-05 3.55480988218915e-05 3.84297018172219e-05 4.26793994847685e-05 5.41666013305075e-05 6.04757005930878e-05 6.09519011049997e-05
9.70900000538677e-05 3.91465000575408e-05 4.18480012740474e-05 4.41039010183886e-05 4.5355500333244e-05 5.1842798711732e-05 5.47249983355869e-05 5.92372016399167e-05 5.69264011573978e-05 5.74244986637495e-05 5.68770992686041e-05 4.93340012326371e-05 3.94255002902355e-05 3.66665990441106e-05 3.0577699362766e-05 2.99231996905291e-05 3.6000299587613e-05 4.61226009065285e-05 5.03019000461791e-05 5.3619900427293e-05 8.43203015392646e-05 9.66274019447155e-05 0.000106321000203025 0.000100552999356296 9.23132975003682e-05 9.76107985479757e-05 8.33606973174028e-05 8.42221998027526e-05 5.83393994020298e-05 5.47357012692373e-05 6.62039965391159e-05 6.17094992776401e-05 5.82438988203648e-05 4.45299992861692e-05 3.44383988704067e-05 3.22740997944493e-05 3.21334991895128e-05 4.95075000799261e-05 4.99720990774222e-05 4.12664012401365e-05 3.7851099477848e-05 3.68926994269714e-05 3.45890002790838e-05 3.2836298487382e-05 3.63569015462417e-05 4.03408012061846e-05 4.98279987368733e-05 5.67407005291898e-05 6.27171975793317e-05
4.28444982389919e-05 4.14019013987854e-05 4.31961998401675e-05 4.79910013382323e-05 5.15710999025032e-05 5.92098986089695e-05 6.31192015134729e-05 6.30466965958476e-05 6.16735997027718e-05 6.08039990765974e-05 6.18474005023018e-05 5.55201004317496e-05 4.63727010355797e-05 4.39557006757241e-05 4.41006995970383e-05 4.59051007055677e-05 4.76070999866351e-05 6.63289974909276e-05 6.64335020701401e-05 6.10120987403207e-05 8.788730337983e-05 9.68152016866952e-05 0.000104446997283958 0.000106487997982185 8.63737004692666e-05 8.69643990881741e-05 9.16710996534675e-05 8.67101989570074e-05 6.70251029077917e-05 5.75564008613583e-05 6.58841017866507e-05 6.88850996084511e-05 5.86534988542553e-05 4.34120011050254e-05 3.89982997148763e-05 3.29239992424846e-05 3.18823003908619e-05 5.37546002306044e-05 3.87496002076659e-05 3.37283017870504e-05 3.0561499443138e-05 3.66546009900048e-05 3.36414996127132e-05 3.09815986838657e-05 3.23312015098054e-05 3.69554982171394e-05 4.76070017612074e-05 5.11014004587196e-05 5.84328008699231e-05
4.9336398660671e-05 5.05442003486678e-05 4.9122201744467e-05 5.87030008318834e-05 6.1613398429472e-05 5.97407997702248e-05 6.36538970866241e-05 6.22791994828731e-05 6.07170986768324e-05 6.16211982560344e-05 5.8931498642778e-05 6.14281016169116e-05 6.15843964624219e-05 5.28199998370837e-05 4.89568010380026e-05 5.60045991733205e-05 6.70368026476353e-05 6.84721017023548e-05 7.15930000296794e-05 7.15435016900301e-05 8.68225033627823e-05 8.77869970281608e-05 0.000102719001006335 9.84559010248631e-05 8.42965018819086e-05 7.455529703293e-05 6.73765971441753e-05 6.44325991743244e-05 7.50721010263078e-05 6.58978024148382e-05 5.43456008017529e-05 5.00647001899779e-05 4.87660981889348e-05 4.0514198190067e-05 3.35797012667172e-05 3.13917989842594e-05 2.96294001600472e-05 2.28626995522063e-05 1.39390003823792e-05 1.36872004077304e-05 1.73367006937042e-05 2.65854996541748e-05 2.7409700123826e-05 2.16720000025816e-05 6.40166035736911e-05 2.4978800865938e-05 3.59643017873168e-05 3.85316016036086e-05 5.0185299187433e-05
4.39376017311588e-05 5.01692011312116e-05 5.36303996341303e-05 6.33250965620391e-05 5.46029004908632e-05 5.66433991480153e-05 6.46847984171472e-05 6.21401995886117e-05 6.74129987601191e-05 6.22904990450479e-05 6.10857969149947e-05 6.8137698690407e-05 6.06315988989081e-05 5.54811995243654e-05 5.709620018024e-05 6.47216002107598e-05 6.84682017890736e-05 6.68677967041731e-05 7.00150994816795e-05 6.9338500907179e-05 8.54645986692049e-05 9.2186703113839e-05 0.000102168000012171 0.000101227000413928 8.3009697846137e-05 7.69065009080805e-05 7.16408030712046e-05 7.06809005350806e-05 6.63285973132588e-05 5.19237000844441e-05 4.18657000409439e-05 3.72163995052688e-05 4.12057997891679e-05 0.000110997003503144 2.96635007543955e-05 3.41449995175935e-05 3.05565008602571e-05 2.46886993409134e-05 7.65416007197928e-06 8.61859007272869e-06 6.09225980952033e-06 5.41151985089527e-06 2.42368005274329e-05 1.79540002136491e-05 1.43065999509417e-05 1.26758995975251e-05 2.41327998082852e-05 3.11045987473335e-05 3.8950198359089e-05
6.51208974886686e-05 5.68223986192606e-05 6.97967989253812e-05 6.44180981907994e-05 6.29311034572311e-05 6.393210060196e-05 7.04764024703763e-05 7.32956032152288e-05 6.44799001747742e-05 6.25132015557028e-05 6.53027964290231e-05 6.73448012094013e-05 6.7916902480647e-05 6.60740988678299e-05 7.00520977261476e-05 8.14511004136875e-05 9.0377900050953e-05 9.32799011934549e-05 8.18757034721784e-05 8.87123969732784e-05 0.000100438999652397 0.000123453006381169 0.000113932997919619 9.45733991102315e-05 8.54680984048173e-05 7.79725014581345e-05 8.02154027041979e-05 6.31138027529232e-05 4.33312015957199e-05 3.60408994311001e-05 3.63073013431858e-05 2.54399001278216e-05 3.35828990500886e-05 3.51613016391639e-05 3.58809011231642e-05 3.54438998328988e-05 3.1963598303264e-05 9.90094031294575e-06 6.55115991321509e-06 9.2413101810962e-06 4.47037018602714e-06 2.12001009458618e-06 2.65846992988372e-05 2.46461004280718e-05 2.52855006692698e-05 2.30270998144988e-05 8.31809011287987e-05 3.37534002028406e-05 3.08958988171071e-05
4.63348987977952e-05 5.47564995940775e-05 6.99418014846742e-05 7.19664967618883e-05 7.1975402534008e-05 6.63253013044596e-05 6.87772990204394e-05 7.99012996139936e-05 7.22831027815118e-05 7.79284018790349e-05 6.76213021506555e-05 7.00797027093358e-05 8.65386973600835e-05 9.27587025216781e-05 8.7120002717711e-05 9.42089973250404e-05 0.000116572002298199 0.00012693100143224 0.000103960002888925 0.000136101996758953 0.000129660998936743 0.00013130200386513 0.000124216006952338 0.000119912001537159 9.51905967667699e-05 9.39395977184176e-05 9.71402987488545e-05 3.80138990294654e-05 2.45348001044476e-05 7.21999022061937e-05 4.38891001977026e-05 2.32333004532848e-05 3.42977982654702e-05 4.17250012105796e-05 4.10606007790193e-05 3.86981009796727e-05 3.9037098758854e-05 1.61629996000556e-05 6.47917977403267e-06 9.22893013921566e-06 1.38567002068157e-05 1.11455001388094e-05 3.04224995488767e-05 3.02467997244094e-05 3.45018997904845e-05 3.67376997019164e-05 3.49418005498592e-05 3.49692018062342e-05 3.36748016707134e-05
5.09611018060241e-05 5.0686201575445e-05 6.36222976027057e-05 6.72812020638958e-05 7.23404009477235e-05 7.64869982958771e-05 7.132349855965e-05 7.40156028768979e-05 8.60267973621376e-05 9.41644975682721e-05 0.000102111996966414 7.45957004255615e-05 9.15225027711131e-05 0.00010588500299491 9.90943008218892e-05 9.00738014024682e-05 0.000115285001811571 0.000119837997772265 0.000121078999654856 0.000134422007249668 0.000142000004416332 0.000131684995722026 0.000104664002719801 9.92127024801448e-05 9.80507975327782e-05 0.000108344996988308 5.04128984175622e-05 1.2862399671576e-05 1.07959003798896e-05 3.68303008144721e-05 8.430869638687e-05 6.61716985632665e-05 5.13242011948023e-05 4.25493999500759e-05 4.16947987105232e-05 3.86417996196542e-05 3.8835500163259e-05 2.95573008770589e-05 2.13515995710623e-05 2.35742991208099e-05 2.41943998844363e-05 2.73644000117201e-05 3.31209994328674e-05 3.06678011838812e-05 3.14040007651784e-05 3.50728005287237e-05 3.3183201594511e-05 3.35629993060138e-05 3.03482993331272e-05
4.94839005114045e-05 5.35161998413969e-05 5.87450012972113e-05 6.64364997646771e-05 7.47762023820542e-05 7.1087502874434e-05 7.300319703063e-05 7.75017033447511e-05 7.08282968844287e-05 9.11363968043588e-05 8.98404032341205e-05 9.19266967684962e-05 0.000110868997580837 0.000119051997899078 0.000100110002676956 9.55305004026741e-05 0.000136685004690662 0.000138768999022432 0.000154723995365202 0.00014013699546922 0.000136770002427511 0.000138649003929459 7.98667024355382e-05 0.000104052996903192 0.000100322999060154 0.000104712002212182 9.37805016292259e-05 2.70206001005135e-05 8.95664015843067e-06 3.21316001645755e-05 8.32161022117361e-05 8.23055015644059e-05 6.19911006651819e-05 4.58848007838242e-05 3.71210990124382e-05 3.57844983227551e-05 3.64291008736473e-05 3.2204799936153e-05 3.65972009603865e-05 3.30328985000961e-05 3.0012299248483e-05 3.32605995936319e-05 3.23476997436956e-05 3.07904010696802e-05 2.97117003356107e-05 2.95211993943667e-05 3.22673986374866e-05 2.92425993393408e-05 2.83444005617639e-05
