rodentData/rasterBestModels/Niviventer_RDbal_BM01_RM2.asc
NCOLS 409 
NROWS 350 
XLLCORNER 60.897278365 
YLLCORNER 5.843756025 
CELLSIZE 0.0892857 
NODATA_value -3.4e+38 
[rows 22 to 43 of 350, columns 98 to 146 of 409]
-3.4e+38 -3.4e+38 -3.4e+38 -3.4e+38 -3.4e+38 -3.4e+38 -3.4e+38 -3.4e+38 -3.4e+38 -3.4e+38 -3.4e+38 -3.4e+38 -3.4e+38 -3.4e+38 -3.4e+38 -3.4e+38 -3.4e+38 -3.4e+38 -3.4e+38 -3.4e+38 -3.4e+38 0.000124812999274582 0.000123117002658546 0.000119124997581821 0.000120438999147154 0.00011906299914699 9.21710015973076e-05 0.000119951000669971 0.000137638999149203 0.000154530993313529 0.000130678003188223 0.000124298996524885 0.000127146005979739 0.00013351600500755 0.00013766999472864 0.000159709001309238 0.000185815995791927 0.000158352006110363 0.000163032003911212 0.000165464996825904 0.000154563997057267 0.000110711996967439 0.000102609999885317 7.18965966370888e-05 7.75412991060875e-05 6.66444975649938e-05 6.61078011034988e-05 6.16332035860978e-05 7.37946029403247e-05
-3.4e+38 -3.4e+38 -3.4e+38 -3.4e+38 -3.4e+38 -3.4e+38 -3.4e+38 -3.4e+38 -3.4e+38 -3.4e+38 -3.4e+38 -3.4e+38 -3.4e+38 -3.4e+38 -3.4e+38 -3.4e+38 -3.4e+38 -3.4e+38 -3.4e+38 -3.4e+38 -3.4e+38 0.000120160002552439 0.000130063999677077 0.000131431996123865 0.000136627000756562 0.000121395001769997 9.65444996836595e-05 0.000119794996862765 0.000155118003021926 0.00014835900219623 0.000139911004225723 0.000131925000459887 0.00012719799997285 0.000136001995997503 0.000137385999551043 0.000142417993629351 0.000144694000482559 0.000151023996295407 0.000151779997395352 0.000117502997454721 0.000138970994157717 0.000106393003079575 8.87056012288667e-05 6.4886400650721e-05 7.0388603489846e-05 7.9655997978989e-05 7.39167007850483e-05 6.84671977069229e-05 7.85414013080299e-05
-3.4e+38 -3.4e+38 -3.4e+38 -3.4e+38 -3.4e+38 -3.4e+38 -3.4e+38 -3.4e+38 -3.4e+38 -3.4e+38 -3.4e+38 -3.4e+38 -3.4e+38 -3.4e+38 -3.4e+38 -3.4e+38 -3.4e+38 -3.4e+38 -3.4e+38 0.000111547000415158 0.000148414997966029 0.000134607005747966 8.78533974173479e-05 0.000110296001366805 0.000112923000415321 0.000130283995531499 0.000117418996524066 0.00012328100274317 0.000128768006106839 0.000122919998830184 0.000117486997623928 0.000134126006742008 0.00012752300244756 0.000135592999868095 0.000158951006596908 0.00013940900680609 0.000139729003421962 0.000165021003340371 0.00014787599502597 0.000138168994453736 0.000149458006490022 9.81681005214341e-05 7.84376970841549e-05 8.28264019219205e-05 0.000108863998320885 8.38870982988738e-05 8.0967198300641e-05 7.6324497058522e-05 8.81047017173842e-05
-3.4e+38 -3.4e+38 -3.4e+38 -3.4e+38 -3.4e+38 -3.4e+38 -3.4e+38 -3.4e+38 -3.4e+38 -3.4e+38 -3.4e+38 -3.4e+38 -3.4e+38 -3.4e+38 -3.4e+38 -3.4e+38 -3.4e+38 -3.4e+38 0.000136923001264222 9.88968022284098e-05 9.83495992841199e-05 0.000128920000861399 9.63152997428551e-05 0.000123082994832657 0.000107899002614431 0.000115889997687191 0.000118516996735707 0.000118490999739151 0.000123427002108656 9.47071966947988e-05 9.67957967077382e-05 0.000124626996694133 0.000141664000693709 0.000144677003845572 0.000167703998158686 0.000145847996463999 0.000145298006827943 0.000149701998452656 0.000156548005179502 0.000156909998622723 0.000120277996757068 0.000104621001810301 9.87481980700977e-05 0.000128960004076362 9.91714987321757e-05 7.83538998803124e-05 9.0698798885569e-05 8.87049973243847e-05 0.000115930997708347
-3.4e+38 -3.4e+38 -3.4e+38 -3.4e+38 -3.4e+38 -3.4e+38 -3.4e+38 -3.4e+38 -3.4e+38 -3.4e+38 -3.4e+38 -3.4e+38 -3.4e+38 -3.4e+38 -3.4e+38 -3.4e+38 -3.4e+38 9.28317967918701e-05 9.195449820254e-05 9.05225970200263e-05 9.35514981392771e-05 0.000138370000058785 0.000131477005197667 9.01343009900302e-05 0.00010994899639627 0.000114176997158211 8.81321975612082e-05 0.00010340400331188 0.000126515005831607 0.000113768997834995 0.000123331003123894 0.000157789007062092 0.000153022003360093 0.000173712993273512 0.000173838998307474 0.000151166997966357 0.000184382006409578 0.000163047996466048 0.000164001001394354 0.000165074001415633 0.000162701006047428 0.000127516002976336 0.000148634004290216 0.000135138994664885 0.000138474002596922 0.000109189997601788 0.000125500999274664 0.000134069996420294 0.000181969997356646
-3.4e+38 -3.4e+38 -3.4e+38 -3.4e+38 -3.4e+38 -3.4e+38 -3.4e+38 -3.4e+38 -3.4e+38 -3.4e+38 -3.4e+38 -3.4e+38 -3.4e+38 -3.4e+38 -3.4e+38 -3.4e+38 -3.4e+38 7.85321972216479e-05 8.10667988844216e-05 8.13168007880449e-05 9.31043032323942e-05 0.000103338003100362 7.43232012609951e-05 8.88568029040471e-05 6.40084981569089e-05 6.35145988781005e-05 6.17452024016529e-05 7.52299965824932e-05 0.00011191100202268 8.69356008479372e-05 0.000115674003609456 9.71292975009419e-05 0.000129139007185586 0.000135121998027898 0.000145070996950381 0.000157671995111741 0.000174379005329683 0.000203642994165421 0.00019547100237105 0.000162226002430543 0.000161447998834774 0.000177056004758924 0.000169948005350307 0.000147869999636896 0.000146399004734121 0.000139248993946239 0.000180136004928499 0.000182196003152058 0.000183401993126608
-3.4e+38 -3.4e+38 -3.4e+38 -3.4e+38 -3.4e+38 -3.4e+38 -3.4e+38 -3.4e+38 -3.4e+38 -3.4e+38 -3.4e+38 -3.4e+38 -3.4e+38 -3.4e+38 -3.4e+38 -3.4e+38 9.4299997726921e-05 8.01842033979483e-05 0.000104088001535274 7.86356031312607e-05 0.000116018003609497 9.1168301878497e-05 6.76830968586728e-05 7.30737010599114e-05 8.00248017185368e-05 7.33439010218717e-05 4.90821003040764e-05 4.97713008371647e-05 9.21231985557824e-05 8.32553996588103e-05 8.71570009621792e-05 9.05158012756146e-05 0.000122507000924088 0.0001738760038279 0.000167342994245701 0.000161574003868736 0.000185455995961092 0.000186243007192388 0.000177776004420593 0.000170718994922936 0.000162640993949026 0.000156312002218328 0.000220511996303685 0.000211381004191935 0.000201670001843013 0.000198887995793484 0.000181458002771251 0.000179634997039102 0.000155101006384939
-3.4e+38 -3.4e+38 -3.4e+38 -3.4e+38 -3.4e+38 -3.4e+38 -3.4e+38 -3.4e+38 -3.4e+38 -3.4e+38 -3.4e+38 -3.4e+38 -3.4e+38 -3.4e+38 -3.4e+38 6.93859983584844e-05 9.37552977120504e-05 9.95126029010862e-05 0.000102846002846491 0.00010938700143015 0.000115561997517943 8.95293997018598e-05 8.55502003105357e-05 4.44368015450891e-05 4.2357398342574e-05 2.67965006059967e-05 2.3283799237106e-05 2.26898991968483e-05 2.94349993055221e-05 4.74307998956647e-05 8.59060019138269e-05 9.09080990822986e-05 9.56091971602291e-05 0.000126875005662441 0.000185840006452054 0.000387300009606406 0.000215948995901272 0.000224677001824602 0.000229262994253077 0.000232931997743435 0.000210198995773681 0.000174849003087729 0.000240947003476322 0.000183659998583607 0.000163078002515249 0.000182521005626768 0.000175793000380509 0.000157164002303034 0.000127235995023511
-3.4e+38 -3.4e+38 -3.4e+38 -3.4e+38 -3.4e+38 -3.4e+38 -3.4e+38 -3.4e+38 -3.4e+38 -3.4e+38 -3.4e+38 -3.4e+38 -3.4e+38 -3.4e+38 -3.4e+38 -3.4e+38 -3.4e+38 9.02192987268791e-05 0.00010073200246552 0.000106189996586181 0.000100379998912103 3.56911987182684e-05 1.91741000890033e-05 2.8108599508414e-05 2.15325999306515e-05 3.27757006743923e-05 2.49289005296305e-05 2.49275999522069e-05 2.60299002547981e-05 2.73788991762558e-05 3.79334996978287e-05 0.000144562000059523 0.000134011002955958 0.000139051000587642 0.000157226997544058 0.000131320004584268 0.000207863005925901 0.000226225005462766 0.000179258000571281 0.00017693400150165 0.000222464994294569 0.000226244999794289 0.000225103998673148 0.00020026600395795 0.000219724999624304 0.00019483600044623 0.000205560005269945 0.000232816993957385 0.000140296993777156
-3.4e+38 -3.4e+38 -3.4e+38 -3.4e+38 -3.4e+38 -3.4e+38 -3.4e+38 -3.4e+38 -3.4e+38 -3.4e+38 -3.4e+38 -3.4e+38 -3.4e+38 -3.4e+38 -3.4e+38 -3.4e+38 -3.4e+38 8.80981024238281e-05 9.22512990655378e-05 8.31724028103054e-05 3.05965986626688e-05 2.69299998763017e-05 1.99948008230422e-05 2.81199008895783e-05 3.06326983263716e-05 2.24530995183159e-05 2.41848993027816e-05 2.50347002292983e-05 2.64383998000994e-05 2.94253004540224e-05 3.49797010130715e-05 0.000110305998532567 0.000105125996924471 0.000111816996650305 0.000125477003166452 0.00025327000184916 0.000110382999991998 0.000211631006095558 0.000225341005716473 0.000167852995218709 0.00011740699846996 0.000123545003589243 0.000227277996600606 0.000185155993676744 0.000201552000362426 0.000212508006370626 0.000213484003324993 0.000202215000172146 0.00018566100334283
-3.4e+38 -3.4e+38 -3.4e+38 -3.4e+38 -3.4e+38 -3.4e+38 -3.4e+38 -3.4e+38 -3.4e+38 -3.4e+38 -3.4e+38 -3.4e+38 -3.4e+38 -3.4e+38 -3.4e+38 -3.4e+38 -3.4e+38 7.22750992281362e-05 9.31450995267369e-05 2.82632008747896e-05 1.16007995529799e-05 1.6933299775701e-05 1.88063004316064e-05 2.00237991521135e-05 2.79115993180312e-05 2.54645001405152e-05 2.41485995502444e-05 2.45255996560445e-05 2.86681006400613e-05 2.99578005069634e-05 3.13429009111132e-05 3.4976201277459e-05 4.9133799620904e-05 6.45531981717795e-05 5.51634002476931e-05 6.52528979117051e-05 0.000125371996546164 0.000123261997941881 0.000148905994137749 0.000129598993225954 0.000135989001137204 0.000122483994346112 0.000234325998462737 0.00020366400713101 0.000171838997630402 0.000178547998075373 0.000195654996787198 0.000221893002162687 0.000205485004698858
-3.4e+38 -3.4e+38 -3.4e+38 -3.4e+38 -3.4e+38 -3.4e+38 -3.4e+38 -3.4e+38 -3.4e+38 -3.4e+38 -3.4e+38 -3.4e+38 -3.4e+38 -3.4e+38 -3.4e+38 -3.4e+38 8.35258979350328e-05 8.3293802163098e-05 5.59957989025861e-05 2.771059916995e-05 8.94545974006178e-06 8.64387038745917e-06 1.16723003884545e-05 2.02249993890291e-05 2.40024000959238e-05 3.59928999387193e-05 2.88871997327078e-05 2.69450993073406e-05 3.14231001539156e-05 2.7496600523591e-05 3.10821997118182e-05 3.74398005078547e-05 3.70427005691454e-05 3.16654986818321e-05 4.93674997414928e-05 6.51599984848872e-05 6.95812996127643e-05 0.000134881993290037 0.000141363998409361 0.000143559998832643 0.0001156330035883 0.000147964994539507 0.000174007000168785 0.000202619994524866 0.000166294004884548 0.000173410997376777 0.000189622005564161 0.000199896996491589 0.000187368001206778
-3.4e+38 -3.4e+38 -3.4e+38 -3.4e+38 -3.4e+38 -3.4e+38 -3.4e+38 -3.4e+38 -3.4e+38 -3.4e+38 -3.4e+38 -3.4e+38 -3.4e+38 -3.4e+38 -3.4e+38 -3.4e+38 9.3932801974006e-05 8.25164970592596e-05 4.38925017078873e-05 1.2496499948611e-05 8.21149023977341e-06 8.57598024595063e-06 1.14518998088897e-05 2.49631993938237e-05 3.54334006260615e-05 3.56353993993253e-05 3.85296007152647e-05 3.76294010493439e-05 3.83336991944816e-05 3.75244017050136e-05 3.97402000089642e-05 7.32323969714344e-05 6.19834972894751e-05 4.96989014209248e-05 6.34876996628009e-05 0.000197387998923659 6.94642003509216e-05 0.000114469999971334 9.28216977627017e-05 0.000137882001581602 0.000130518994410522 0.000121956996736117 9.09926020540297e-05 0.000203005998628214 0.000170929997693747 0.000147464001202025 0.00017780700000003 0.000185579992830753 0.000175962995854206
-3.4e+38 -3.4e+38 -3.4e+38 0.000152161999722011 0.000156403999426402 0.000169039994943887 0.000186176999704912 0.000161244999617338 -3.4e+38 -3.4e+38 0.000148281003930606 0.000146667996887118 -3.4e+38 0.000107031002698932 0.00013397699513007 9.55778014031239e-05 8.85077024577186e-05 0.000100660996395163 6.68798966216855e-05 3.94704984501004e-05 8.22662968857912e-06 7.53468020775472e-06 1.85970002348768e-05 3.64656989404466e-05 5.02986986248288e-05 3.59205987479072e-05 3.6701800127048e-05 3.70435009244829e-05 3.67561005987227e-05 6.2280596466735e-05 6.41303995507769e-05 6.17387995589525e-05 7.36570000299253e-05 7.12214023224078e-05 6.87732026563026e-05 5.9200101532042e-05 6.9167603214737e-05 0.000117953000881243 0.000112483001430519 0.000107981999462936 0.000112984998850152 0.000107635998574551 9.21992032090202e-05 0.00017816000035964 0.000177089998032898 0.000152691005496308 0.000156544003402814 0.000182151998160407 0.000180449002073146
-3.4e+38 -3.4e+38 -3.4e+38 -3.4e+38 0.000114866998046637 0.000149465995491482 0.000159410003107041 0.000157249000039883 0.000166165002156049 0.000168329002917744 0.000124558995594271 0.000162447002367117 0.000150546999066137 0.000148549996083602 0.000141034994157963 0.000127548002637923 0.000131944994791411 0.000109350003185682 6.57291020615958e-05 3.81969002773985e-05 1.39908997880411e-05 1.20815002446761e-05 3.11129988403991e-05 3.86411011277232e-05 3.38954014296178e-05 4.80046001030132e-05 4.38300994574092e-05 4.4427601096686e-05 4.69637998321559e-05 5.81466010771692e-05 6.04868000664283e-05 8.92379030119628e-05 6.72320966259576e-05 7.31239997548983e-05 5.70425982004963e-05 5.01805989188142e-05 6.21576982666738e-05 6.74953989800997e-05 6.94168993504718e-05 6.62433012621477e-05 0.000112319998152088 5.9875201259274e-05 8.22348010842688e-05 0.000119659001938999 0.000155482004629448 0.000156641995999962 0.000162184005603194 0.000160665003932081 0.000162465003086254
-3.4e+38 -3.4e+38 -3.4e+38 -3.4e+38 -3.4e+38 -3.4e+38 0.00011919599637622 0.000139184005092829 0.000132804998429492 0.000145901998621412 0.00015654499293305 0.000154227993334644 0.000149091007187963 0.000146100006531924 0.000139926996780559 9.37267031986266e-05 0.000115112001367379 7.89452969911508e-05 0.000102158999652602 9.43830018513836e-05 4.17465016653296e-05 2.54625992965885e-05 7.05554994056001e-05 5.26041003467981e-05 7.40963005227968e-05 4.7728401114e-05 5.29671015101485e-05 5.51398006791715e-05 5.23517992405687e-05 5.2056901040487e-05 5.74219011468813e-05 6.04829983785748e-05 6.44993997411802e-05 7.03516998328269e-05 6.52883973089047e-05 4.8917001549853e-05 5.2368199249031e-05 6.04632987233344e-05 6.40595026197843e-05 6.13864976912737e-05 8.85011031641625e-05 9.96183007373475e-05 9.31535978452303e-05 8.24551971163601e-05 0.000178378002601676 0.0001599490060471 0.00013699299597647 0.000145993995829485 0.000135353999212384
-3.4e+38 -3.4e+38 -3.4e+38 -3.4e+38 -3.4e+38 -3.4e+38 -3.4e+38 0.000101719000667799 0.000120147997222375 0.00013703599688597 0.000143416997161694 0.000160816998686641 0.000107049003418069 0.00010182400001213 9.32241964619607e-05 8.59798965393566e-05 7.15259011485614e-05 7.08605002728291e-05 7.35056964913383e-05 6.92933026584797e-05 6.51454975013621e-05 6.12617004662752e-05 6.95272028679028e-05 6.68637003400363e-05 6.28275010967627e-05 5.87645990890451e-05 5.30114994035102e-05 5.32660997123457e-05 5.48995994904544e-05 5.54165999346878e-05 5.18585984536912e-05 5.50783006474376e-05 6.15220997133292e-05 6.01614010520279e-05 7.48270977055654e-05 6.81124001857825e-05 5.34171995241195e-05 5.09120982314926e-05 5.26182993780822e-05 5.24122988281306e-05 5.4884898418095e-05 9.22011968214065e-05 5.12318983965088e-05 9.35122006922029e-05 0.000216094995266758 0.000171316001797095 0.000187807992915623 0.000164701006724499 8.73250028234906e-05
-3.4e+38 -3.4e+38 -3.4e+38 -3.4e+38 -3.4e+38 -3.4e+38 -3.4e+38 8.96651981747709e-05 7.4219198722858e-05 0.000116704999527428 0.000123117002658546 8.79551007528789e-05 0.000113930000225082 0.000114934999146499 0.000112273002741858 8.01545029389672e-05 0.000103769001725595 8.57549021020532e-05 6.30966969765723e-05 6.11977011431009e-05 6.16191027802415e-05 6.19622005615383e-05 5.78327999392059e-05 6.05679015279748e-05 5.73842007725034e-05 5.24671013408806e-05 4.90497986902483e-05 5.05663992953487e-05 4.73984982818365e-05 4.90532002004329e-05 4.99326015415136e-05 5.25397990713827e-05 5.98283986619208e-05 6.3252096879296e-05 6.70231020194478e-05 5.50250988453627e-05 4.31279004260432e-05 4.26354017690755e-05 4.46857993665617e-05 4.71474013465922e-05 4.98295012221206e-05 5.20520989084616e-05 5.37909982085694e-05 5.66632006666623e-05 0.000218871995457448 0.00018485399778001 0.000178525006049313 0.000117205003334675 0.00016025900549721
-3.4e+38 -3.4e+38 -3.4e+38 -3.4e+38 -3.4e+38 -3.4e+38 -3.4e+38 7.11749016772956e-05 5.90624003962148e-05 8.16136016510427e-05 9.40040990826674e-05 7.17400980647653e-05 6.8781002482865e-05 7.38043017918244e-05 7.31417967472225e-05 9.06849018065259e-05 6.42137965769507e-05 5.71341006434523e-05 5.9730198699981e-05 5.8197900216328e-05 5.9160498494748e-05 5.87007016292773e-05 5.84539011470042e-05 9.48745000641793e-05 5.07656986883376e-05 4.61935014754999e-05 4.52013009635266e-05 4.60541996289976e-05 4.68280013592448e-05 4.53922984888777e-05 4.66691017209087e-05 8.98666985449381e-05 5.73270008317195e-05 6.01206011197064e-05 4.83758994960226e-05 3.58946999767795e-05 3.48192006640602e-05 3.69875015167054e-05 3.979840039392e-05 4.35440015280619e-05 4.58893009636085e-05 4.76872992294375e-05 4.95966996822972e-05 7.74037034716457e-05 0.000127106002764776 0.000187327997991815 0.000221105001401156 0.000185259996214882 0.000172543994267471
-3.4e+38 -3.4e+38 -3.4e+38 -3.4e+38 -3.4e+38 -3.4e+38 -3.4e+38 7.57332018110901e-05 7.57434972911142e-05 4.4743501348421e-05 4.56708003184758e-05 5.18371998623479e-05 6.461870361818e-05 9.15771015570499e-05 7.03847035765648e-05 6.16039033047855e-05 5.77071004954632e-05 7.48884995118715e-05 5.59920008527115e-05 5.62036002520472e-05 5.53145000594668e-05 5.4374300816562e-05 5.40065993845928e-05 4.76185014122166e-05 3.99646996811498e-05 4.14507994719315e-05 4.00200005969964e-05 4.09505009884015e-05 4.22638004238252e-05 4.09849017160013e-05 4.52712010883261e-05 4.76874993182719e-05 4.83131007058546e-05 5.45020011486486e-05 3.9000398828648e-05 2.87869006569963e-05 3.04430996038718e-05 3.29301983583719e-05 3.62003011105116e-05 3.88836015190464e-05 4.07088009524159e-05 4.21853001171257e-05 4.44692013843451e-05 4.85056989418808e-05 0.000122591998660937 0.000128672007122077 0.0001348789955955 0.000226937001571059 0.000222985006985255
-3.4e+38 -3.4e+38 -3.4e+38 -3.4e+38 -3.4e+38 -3.4e+38 -3.4e+38 7.09926971467212e-05 6.78962969686836e-05 3.9499398553744e-05 4.90511010866612e-05 4.4636799430009e-05 5.29473982169293e-05 5.39538996235933e-05 4.92660001327749e-05 4.83291005366482e-05 4.77520006825216e-05 5.00739988638088e-05 4.91507016704418e-05 5.11457001266535e-05 5.1965398597531e-05 5.09413985128049e-05 4.60839000879787e-05 4.1903000237653e-05 4.25178004661575e-05 4.19192983827088e-05 3.99538985220715e-05 3.94976013922133e-05 3.94341986975633e-05 3.8432699511759e-05 3.96961004298646e-05 4.09831009164918e-05 4.00347998947836e-05 3.50445989170112e-05 2.36205996770877e-05 2.63451001956128e-05 2.57046995102428e-05 2.78013994829962e-05 3.31619994540233e-05 3.58776014763862e-05 3.66495005437173e-05 3.77782998839393e-05 4.04236998292617e-05 0.000101113000710029 0.000115850998554379 0.000124187004985288 0.000190944003406912 0.000201536997337826 0.000198734996956773
-3.4e+38 -3.4e+38 -3.4e+38 -3.4e+38 -3.4e+38 -3.4e+38 6.82813988532871e-05 6.77927964716218e-05 3.88974985980894e-05 3.10016985167749e-05 4.18804011133034e-05 5.08470002387185e-05 4.89773010485806e-05 4.65371995232999e-05 4.78481997561175e-05 4.09308013331611e-05 3.99583987018559e-05 4.37404996773694e-05 4.75177002954297e-05 8.32626028568484e-05 4.83787989651319e-05 4.60361989098601e-05 4.35399997513741e-05 3.84326012863312e-05 3.77567012037616e-05 3.83428014174569e-05 3.74152004951611e-05 3.47357999999076e-05 3.45580992870964e-05 3.69568988389801e-05 3.49174988514278e-05 3.8230100471992e-05 4.07566003559623e-05 3.79463999706786e-05 3.00457995763281e-05 2.12030990951462e-05 2.72271008725511e-05 2.94685996777844e-05 3.16508994728792e-05 3.33079988195095e-05 3.39996986440383e-05 5.33616985194385e-05 5.85002017032821e-05 6.42921004327945e-05 0.000317405996611342 0.000328732014168054 0.000363567989552394 0.000202220006030984 0.00020897199283354
