rodentData/rasterBestModels/Rattus_RD_RM2.asc
NCOLS 409 
NROWS 350 
XLLCORNER 60.897278365 
YLLCORNER 5.843756025 
CELLSIZE 0.0892857 
NODATA_value -3.4e+38 
[rows 176 to 197 of 350, columns 245 to 293 of 409]
4.08554988098331e-05 3.71278001694009e-05 2.43549002334476e-05 2.76830996881472e-05 2.91201995423762e-05 3.99363016185816e-05 2.79461000900483e-05 2.87668008240871e-05 3.06051988445688e-05 3.40531005349476e-05 3.4767399483826e-05 3.36431003233884e-05 3.04524000966921e-05 5.33474012627266e-05 2.57721003436018e-05 2.64806003542617e-05 3.46000015269965e-05 5.01756003359333e-05 5.19075983902439e-05 5.15093997819349e-05 4.70982995466329e-05 4.74949993076734e-05 4.32285014539957e-05 4.4668198825093e-05 4.96266984555405e-05 6.31773000350222e-05 6.11178984399885e-05 6.3306899392046e-05 7.26520011085086e-05 8.03787988843396e-05 9.17193028726615e-05 9.82562996796332e-05 8.66179034346715e-05 9.39476012717932e-05 9.69258981058374e-05 9.44444982451387e-05 7.96894964878447e-05 0.000101343001006171 9.40469035413116e-05 0.000101639998320024 0.000103910999314394 0.000100227996881586 0.000105886996607296 0.000106918996607419 9.02320025488734e-05 9.12522009457462e-05 -3.4e+38 -3.4e+38 -3.4e+38
2.91650994768133e-05 2.68557996605523e-05 2.76936007139739e-05 2.348469934077e-05 2.59346998063847e-05 2.82374003290897e-05 2.84475008811569e-05 2.90903008135501e-05 3.42417988576926e-05 3.51177986885887e-05 3.45281987392809e-05 3.30096991092432e-05 2.98384002235252e-05 3.12658012262546e-05 2.93347002298106e-05 3.2312200346496e-05 4.5623499318026e-05 5.25426003150642e-05 5.0788301450666e-05 5.15852007083595e-05 5.26834010088351e-05 5.193530159886e-05 4.33085988333914e-05 5.06563992530573e-05 3.55800002580509e-05 4.83465009892825e-05 4.01551988034043e-05 5.66734015592374e-05 7.86391028668731e-05 8.39502972667105e-05 9.07869034563191e-05 9.62272970355116e-05 9.82713972916827e-05 0.00010092699812958 9.77305971900932e-05 9.66926018008962e-05 8.21611974970438e-05 8.2894301158376e-05 8.88395006768405e-05 9.4770803116262e-05 9.57216034294106e-05 9.57665979512967e-05 9.80391996563412e-05 0.000100142999144737 8.84559995029122e-05 -3.4e+38 -3.4e+38 -3.4e+38 -3.4e+38
2.82257005892461e-05 2.88767005258705e-05 2.35115003306419e-05 2.57092997344444e-05 2.55760005529737e-05 2.85533005808247e-05 2.84437992377207e-05 2.92210006591631e-05 3.42837993230205e-05 3.48854991898406e-05 3.39385005645454e-05 3.14311000693124e-05 2.8386699341354e-05 3.06006986647844e-05 3.0229399271775e-05 3.45381995430216e-05 5.03697992826346e-05 5.20528992637992e-05 5.34876016899943e-05 4.74150983791333e-05 5.9899699408561e-05 5.00737987749744e-05 5.10675017721951e-05 4.89045996800996e-05 4.54440014436841e-05 3.71331007045228e-05 3.89255001209676e-05 4.88974983454682e-05 5.74457008042373e-05 6.4574196585454e-05 5.61628985451534e-05 7.18200972187333e-05 8.74500983627513e-05 9.75619987002574e-05 9.82009005383588e-05 7.90049016359262e-05 8.47257979330607e-05 8.70908988872543e-05 8.7611100752838e-05 9.08568035811186e-05 9.38103985390626e-05 9.66364023042843e-05 9.74434005911462e-05 9.90530024864711e-05 9.65895014815032e-05 -3.4e+38 -3.4e+38 -3.4e+38 -3.4e+38
2.83638000837527e-05 4.40801013610326e-05 2.5325600290671e-05 2.78937004623003e-05 4.0481401811121e-05 2.81331995211076e-05 2.81902994174743e-05 2.64453992713243e-05 3.14673998218495e-05 3.32991003233474e-05 3.33538991981186e-05 2.93875000352273e-05 2.52089994319249e-05 3.02121006825473e-05 3.5114699130645e-05 4.80802009406034e-05 4.07941988669336e-05 5.05308016727213e-05 5.37429004907608e-05 5.2586601668736e-05 5.64574002055451e-05 5.75546982872766e-05 5.08244011143688e-05 4.81025017506909e-05 4.35539986938238e-05 4.50912011729088e-05 5.13090017193463e-05 5.04029012518004e-05 5.82538996241055e-05 6.28386987955309e-05 6.25281973043457e-05 6.99868978699669e-05 7.86707969382405e-05 8.10795972938649e-05 8.90282972250134e-05 8.99880033102818e-05 8.6006402852945e-05 0.000143983997986652 8.83418033481576e-05 9.04238986549899e-05 9.31528993532993e-05 9.68569001997821e-05 9.64717983151786e-05 9.65412982623093e-05 0.000109328000689857 9.80953991529532e-05 -3.4e+38 -3.4e+38 -3.4e+38
3.03344004350947e-05 3.18204984068871e-05 4.51902997156139e-05 2.48002997977892e-05 2.75667007372249e-05 2.54551996476948e-05 2.83093995676609e-05 2.68308995146072e-05 2.96233993140049e-05 2.91074993583607e-05 2.89357994915918e-05 2.57529991358751e-05 4.17277005908545e-05 2.67059003817849e-05 3.03404995065648e-05 4.06688013754319e-05 4.69482984044589e-05 4.83389994769823e-05 4.50199004262686e-05 4.99363995913882e-05 4.91058017360047e-05 5.52292985958047e-05 4.64695986011066e-05 5.12041006004438e-05 5.25526011188049e-05 7.75266016717069e-05 0.000238727006944828 0.000246421986958012 5.71101991226897e-05 6.05601999268401e-05 7.10282984073274e-05 6.90664019202814e-05 7.24893034202978e-05 7.81666021794081e-05 8.38886990095489e-05 9.75865987129509e-05 8.99838996701874e-05 9.79497999651358e-05 8.81090963957831e-05 9.95755981421098e-05 9.07895009731874e-05 9.19451995287091e-05 9.2996699095238e-05 9.40047975745983e-05 0.000105446000816301 9.7952302894555e-05 -3.4e+38 -3.4e+38 -3.4e+38
3.47423010680359e-05 3.47942986991256e-05 2.88447008642834e-05 3.14700009766966e-05 2.89368999801809e-05 2.66485003521666e-05 2.63867004832719e-05 2.71583994617686e-05 2.66589995590039e-05 2.90123007289367e-05 2.54423994192621e-05 3.98002994188573e-05 2.93385000986746e-05 2.72388006123947e-05 2.73012992693111e-05 3.36271004925948e-05 4.20348005718552e-05 4.54449000244495e-05 4.29561987402849e-05 4.85962009406649e-05 5.43804017070215e-05 5.31771001988091e-05 6.21220970060676e-05 5.48971984244417e-05 5.15428000653628e-05 5.6143500842154e-05 5.19563000125345e-05 0.000253650010563433 5.08078992424998e-05 6.73257018206641e-05 7.09125015418977e-05 7.20801035640761e-05 8.4861101640854e-05 8.62981978571042e-05 8.96573983482085e-05 9.62413032539189e-05 0.000102379002782982 9.90003973129205e-05 8.74709003255703e-05 9.78320967988111e-05 8.92097014002502e-05 9.98571995296516e-05 9.21308019314893e-05 9.2910799139645e-05 0.000103371996374335 9.52413975028321e-05 0.000108612002804875 -3.4e+38 -3.4e+38
3.08585003949702e-05 3.00580995826749e-05 3.00935007544467e-05 3.08175003738143e-05 2.88302999251755e-05 2.39104992942885e-05 2.69987995125121e-05 3.00839001283748e-05 2.96267007797724e-05 2.85835994873196e-05 2.81966003967682e-05 2.88169994746568e-05 3.44465988746379e-05 3.43384017469361e-05 3.20092985930387e-05 3.34543983626645e-05 3.51046983269043e-05 4.41873016825411e-05 4.41601005150005e-05 5.23251983395312e-05 5.66796989005525e-05 5.74611985939555e-05 5.6929300626507e-05 5.70752017665654e-05 5.68897994526196e-05 4.63709002360702e-05 5.44930007890798e-05 5.71249001950491e-05 6.62656966596842e-05 6.47451015538536e-05 6.97520008543506e-05 8.10726996860467e-05 8.54632016853429e-05 8.87580972630531e-05 8.15214007161558e-05 9.47274966165423e-05 0.000110467000922654 0.000104835999081843 9.92230998235755e-05 0.000100719000329264 9.07150970306247e-05 9.31348986341618e-05 0.000102635000075679 0.00010157599899685 0.000102632002381142 0.000107018000562675 0.000109804997919127 -3.4e+38 -3.4e+38
2.49995991907781e-05 3.22257983498275e-05 3.02444004773861e-05 5.0375299906591e-05 2.95235004159622e-05 2.95655991067179e-05 2.67570994765265e-05 2.86823997157626e-05 3.03879005514318e-05 2.96865000564139e-05 2.9049899239908e-05 5.04911004099995e-05 3.50322006852366e-05 3.57768985850271e-05 3.14509998133872e-05 4.11217006330844e-05 4.20260985265486e-05 4.23407982452773e-05 4.40762996731792e-05 5.31857986061368e-05 5.90601011936087e-05 6.46992994006723e-05 5.6668901379453e-05 6.35559990769252e-05 6.61779995425604e-05 5.74957011849619e-05 5.83120017836336e-05 6.10239003435709e-05 6.48584027658217e-05 6.7832697823178e-05 8.04685987532139e-05 8.64308967720717e-05 8.77134007168934e-05 8.32724981592037e-05 8.49076968734153e-05 8.31081997603178e-05 0.000102502999652643 9.77558011072688e-05 9.96621965896338e-05 9.69012980931439e-05 9.76403971435502e-05 9.79531032498926e-05 9.81874036369845e-05 0.000100575998658314 9.36567012104206e-05 0.000109023996628821 0.000110553002741653 -3.4e+38 -3.4e+38
2.41608995565912e-05 3.18761995004024e-05 3.00793999485904e-05 3.38093013851903e-05 3.14634016831405e-05 2.93688008241588e-05 2.97393999062479e-05 2.71983008133247e-05 4.39758005086333e-05 2.95491990982555e-05 2.94096007564804e-05 3.87461986974813e-05 3.41794002451934e-05 4.30752006650437e-05 4.43876997451298e-05 4.03013982577249e-05 5.35362014488783e-05 5.60588996449951e-05 4.93795996590052e-05 4.29261999670416e-05 5.75796002522111e-05 5.9045800298918e-05 5.37578998773824e-05 6.2123202951625e-05 7.73951978771947e-05 8.30838034744374e-05 7.45537981856614e-05 7.24331985111348e-05 7.00011005392298e-05 7.62907002354041e-05 7.72786006564274e-05 7.97808024799451e-05 8.47846022224985e-05 8.72559976414777e-05 9.36764990910888e-05 8.62848974065855e-05 9.02415995369665e-05 8.74624020070769e-05 9.96754970401525e-05 9.74948998191394e-05 9.60835968726315e-05 9.65327999438159e-05 9.8064003395848e-05 9.05628985492513e-05 9.31385002331808e-05 9.42496990319341e-05 -3.4e+38 -3.4e+38 -3.4e+38
2.3209600840346e-05 2.85925998468883e-05 4.70410013804212e-05 2.99461007671198e-05 2.5112300136243e-05 2.55933991866186e-05 3.28925998474006e-05 2.77002000075299e-05 3.06980000459589e-05 2.77297003776766e-05 3.79094999516383e-05 4.29520987381693e-05 5.25323011970613e-05 5.34630999027286e-05 5.88100010645576e-05 6.48788991384208e-05 6.92624016664922e-05 7.1656599175185e-05 6.22017032583244e-05 6.53317983960733e-05 6.33124000160024e-05 6.83692996972241e-05 8.28660995466635e-05 7.83596988185309e-05 5.88834991503973e-05 7.51363986637443e-05 7.92994032963179e-05 8.69961004354991e-05 7.89359983173199e-05 7.74740983615629e-05 8.02111972006969e-05 8.69002979015931e-05 8.58300991239958e-05 8.88626018422656e-05 0.000140503994771279 8.70260992087424e-05 8.49217030918226e-05 8.60365034895949e-05 8.62645974848419e-05 8.6110201664269e-05 8.65640031406656e-05 8.67372000357136e-05 8.82340027601458e-05 9.02387982932851e-05 0.000101507997896988 -3.4e+38 -3.4e+38 -3.4e+38 -3.4e+38
2.62925004790304e-05 4.33204986620694e-05 2.75932998192729e-05 2.8203599867993e-05 3.06881011056248e-05 3.24303000525106e-05 2.73492005362641e-05 2.83987992588663e-05 4.61656018160284e-05 4.16459988628048e-05 3.90899003832601e-05 4.90675993205514e-05 5.93283002672251e-05 6.14793971180916e-05 6.55069015920162e-05 7.01289973221719e-05 6.1013299273327e-05 7.76138986111619e-05 7.64783981139772e-05 7.79787005740218e-05 7.39367969799787e-05 8.96544006536715e-05 8.6019397713244e-05 8.88248978299089e-05 7.75645967223682e-05 6.30627982900478e-05 6.78645010339096e-05 7.59027971071191e-05 8.6512096459046e-05 8.92383031896316e-05 8.029709715629e-05 8.90250012162142e-05 8.99103979463689e-05 0.000100407996797003 0.000460979004856199 0.000160869996761903 8.55678008520044e-05 9.30695969145745e-05 8.72641030582599e-05 8.77394995768555e-05 9.6934600151144e-05 8.72519012773409e-05 8.73789031174965e-05 0.000148256003740244 -3.4e+38 -3.4e+38 -3.4e+38 -3.4e+38 -3.4e+38
2.71709996013669e-05 2.53881007665768e-05 2.87510993075557e-05 3.18273996526841e-05 3.16076002491172e-05 3.00021001748974e-05 4.45721998403315e-05 3.18817001243588e-05 3.93041009374429e-05 4.19153984694276e-05 4.77749017591123e-05 6.14183009020053e-05 6.65537008899264e-05 7.5079697126057e-05 8.11620993772522e-05 8.3561499195639e-05 8.26203031465411e-05 9.05752021935768e-05 8.65304973558523e-05 8.38662017486058e-05 8.47353003337048e-05 9.41764010349289e-05 9.12168034119532e-05 7.30337997083552e-05 7.18141964171082e-05 7.18434966984205e-05 7.97851025708951e-05 8.08266995591111e-05 8.60322979860939e-05 8.63641034811735e-05 8.94670010893606e-05 8.3178500062786e-05 0.000103535996458959 0.000105081002402585 0.00014655600534752 0.000103161000879481 8.41555010993034e-05 8.68442002683878e-05 0.000140964999445714 9.52543996390887e-05 9.68989988905378e-05 9.87742969300598e-05 9.04660992091522e-05 0.000152823005919345 -3.4e+38 -3.4e+38 -3.4e+38 -3.4e+38 -3.4e+38
4.10210013797041e-05 4.08999003411736e-05 4.20184987888206e-05 4.29362007707823e-05 3.0554201657651e-05 3.11602998408489e-05 2.99183993774932e-05 5.89853989367839e-05 4.20823016611394e-05 4.74041007691994e-05 5.78901999688242e-05 7.35872017685324e-05 7.48688980820589e-05 7.94297011452727e-05 0.000156013004016131 9.24869964364916e-05 9.37451986828819e-05 9.16907010832801e-05 7.44136996218003e-05 8.94753029569983e-05 9.24236010177992e-05 9.64579012361355e-05 9.14737975108437e-05 8.31457000458613e-05 7.26596990716644e-05 8.90576993697323e-05 7.89538025856018e-05 8.54894024087116e-05 8.07125034043565e-05 9.09985028556548e-05 0.000134647998493165 9.08720030565746e-05 0.000101700999948662 0.00044491799781099 0.000429448002250865 8.92422976903617e-05 9.31399990804493e-05 8.71551965246908e-05 8.73663011589088e-05 8.83628017618321e-05 9.89604013739154e-05 0.000146495993249118 9.51808979152702e-05 8.29990967758931e-05 -3.4e+38 -3.4e+38 -3.4e+38 -3.4e+38 -3.4e+38
4.7933299356373e-05 2.69264000962721e-05 2.48452997766435e-05 4.4588501623366e-05 3.17667982017156e-05 3.49959009326994e-05 5.668049925589e-05 6.16744000581093e-05 4.52577005489729e-05 4.90323000121862e-05 6.32356968708336e-05 7.86652017268352e-05 8.22364963823929e-05 8.53980964166112e-05 9.81729972409084e-05 0.000100771998404525 9.96145026874729e-05 0.000104744998679962 9.74599970504642e-05 8.66996997501701e-05 8.46901966724545e-05 8.90493975020945e-05 8.63809982547536e-05 8.6049796664156e-05 8.37421030155383e-05 8.70466974447481e-05 8.61668013385497e-05 8.36434992379509e-05 9.4304901722353e-05 9.39099991228431e-05 9.44600033108145e-05 9.72190027823672e-05 9.65013969107531e-05 9.84385987976566e-05 9.72124980762601e-05 8.79778017406352e-05 9.45025967666879e-05 9.6566196589265e-05 8.8996697741095e-05 8.96609999472275e-05 9.15608979994431e-05 9.60342003963888e-05 -3.4e+38 -3.4e+38 -3.4e+38 -3.4e+38 -3.4e+38 -3.4e+38 -3.4e+38
4.91710998176131e-05 3.32788986270316e-05 5.18861015734728e-05 3.28643000102602e-05 4.80187009088695e-05 3.55279007635545e-05 3.86434003303293e-05 4.43850003648549e-05 4.86975004605483e-05 6.02758009335957e-05 6.54001996736042e-05 8.10022975201719e-05 9.32116017793305e-05 9.5006798801478e-05 0.000106189996586181 9.26044012885541e-05 0.00011194399849046 0.000121621997095644 9.21598984859884e-05 7.87017997936346e-05 7.77616005507298e-05 7.10302992956713e-05 9.0824301878456e-05 8.21747016743757e-05 8.28198026283644e-05 8.47277988214046e-05 8.44961978145875e-05 9.88393003353849e-05 9.7628500952851e-05 8.62871966091916e-05 9.63310012593865e-05 9.79071992333047e-05 8.97089994396083e-05 8.91118979780003e-05 8.7120701209642e-05 8.69572977535427e-05 8.76408012118191e-05 8.95699995453469e-05 0.000149040002725087 0.00015134499699343 9.6373500127811e-05 -3.4e+38 -3.4e+38 -3.4e+38 -3.4e+38 -3.4e+38 -3.4e+38 -3.4e+38 -3.4e+38
3.46853994415142e-05 3.66263011528645e-05 3.62801001756452e-05 3.4451499232091e-05 3.90048007830046e-05 4.27047998527996e-05 4.76128989248537e-05 5.27230004081503e-05 6.50720976409502e-05 8.76889971550554e-05 8.01401984062977e-05 8.74382967595011e-05 0.000102140998933464 0.000112396999611519 0.000118499003292527 0.000125000005937181 0.000123707999591716 0.000120249998872168 8.83008033270016e-05 7.51737970858812e-05 7.72251005400904e-05 8.11322024674155e-05 7.9869401815813e-05 8.33996018627658e-05 9.49741006479599e-05 9.97339011519216e-05 0.00010169499728363 0.000103368998679798 9.46897998801433e-05 9.08489018911496e-05 9.13245021365583e-05 0.000145810001413338 0.00010077500337502 9.15052005439065e-05 9.1062298452016e-05 0.000100514997029677 9.20405000215396e-05 0.000147999002365395 9.62400008575059e-05 0.000108360000012908 -3.4e+38 -3.4e+38 -3.4e+38 -3.4e+38 -3.4e+38 -3.4e+38 -3.4e+38 -3.4e+38 -3.4e+38
3.44131985912099e-05 3.90025015803985e-05 3.95280985685531e-05 3.19846985803451e-05 4.35016991104931e-05 4.72050014650449e-05 5.34661994606722e-05 6.47170963929966e-05 8.20096029201522e-05 0.000101985002402216 9.95420996332541e-05 0.000101035002444405 0.00011737400200218 0.000128505998873152 0.000133519002702087 0.000131988999783061 0.000121062999824062 0.000104430000646971 9.45885985856876e-05 8.44875030452386e-05 7.88329998613335e-05 8.20158020360395e-05 8.18027983768843e-05 9.03457985259593e-05 0.000112424997496419 0.00012177800090285 0.000113451002107468 0.0001039229973685 9.84946964308619e-05 0.000125391001347452 0.000117914998554625 0.000105794002593029 9.62077974691056e-05 9.55701980274171e-05 9.57414013100788e-05 9.62854028330185e-05 9.68988970271312e-05 0.000106526000308804 -3.4e+38 -3.4e+38 -3.4e+38 -3.4e+38 -3.4e+38 -3.4e+38 -3.4e+38 -3.4e+38 -3.4e+38 -3.4e+38 -3.4e+38
3.89978013117798e-05 4.27798986493144e-05 4.17631017626263e-05 4.20946998929139e-05 4.74227999802679e-05 5.79654006287456e-05 5.45223010703921e-05 7.30011015548371e-05 7.87929966463707e-05 0.000107148996903561 0.000105400999018457 0.000113718000648078 0.000131752996821888 0.000143415993079543 0.000145318001159467 0.000131731998408213 0.00010758799908217 9.32110997382551e-05 9.47145017562434e-05 8.39688000269234e-05 8.15902967588045e-05 7.67737001297064e-05 9.21059981919825e-05 0.00010158600343857 0.000107949002995156 0.000110439999843948 0.000103828002465889 0.000102619000244886 0.000111585002741776 0.000160031995619647 0.000160177994985133 0.000102003999927547 0.00010129500151379 0.00012341799447313 -3.4e+38 -3.4e+38 -3.4e+38 -3.4e+38 -3.4e+38 -3.4e+38 -3.4e+38 -3.4e+38 -3.4e+38 -3.4e+38 -3.4e+38 -3.4e+38 -3.4e+38 -3.4e+38 -3.4e+38
4.20313008362427e-05 4.56570996902883e-05 5.11102989548817e-05 6.75069022690877e-05 6.0827598645119e-05 5.48616008018143e-05 6.40126017970033e-05 7.89960977272131e-05 7.85857992013916e-05 9.07775029190816e-05 9.81562989181839e-05 0.000115438997454476 0.000134273999719881 0.00014239500160329 0.000154230001498945 0.000140806994750164 9.51917027123272e-05 9.64908977039158e-05 9.40952013479546e-05 9.34260024223477e-05 7.88765973993577e-05 8.00626003183424e-05 8.29900964163244e-05 9.57010997808538e-05 0.000112271001853514 0.000100805002148263 0.000105432998680044 0.000129171006847173 0.000139534997288138 0.000140932999784127 0.000200944996322505 -3.4e+38 -3.4e+38 -3.4e+38 -3.4e+38 -3.4e+38 -3.4e+38 -3.4e+38 -3.4e+38 -3.4e+38 -3.4e+38 -3.4e+38 -3.4e+38 -3.4e+38 -3.4e+38 -3.4e+38 -3.4e+38 -3.4e+38 -3.4e+38
4.79996997455601e-05 5.55912010895554e-05 7.7981996582821e-05 8.62759989104234e-05 7.34108980395831e-05 6.90028027747758e-05 9.49608001974411e-05 9.36815995373763e-05 8.63242021296173e-05 8.64368994371034e-05 9.14269985514693e-05 0.000106512001366355 0.000127791005070321 0.000149756000610068 0.000152998007251881 0.00015259999781847 0.000132704997668043 0.000113998998131137 0.000106271996628493 8.41274013509974e-05 8.17507025203668e-05 8.25875977170654e-05 8.39619970065542e-05 8.89686998561956e-05 9.16463977773674e-05 0.000119490003271494 0.000127870996948332 0.00013977600610815 0.000132369998027571 -3.4e+38 -3.4e+38 -3.4e+38 -3.4e+38 -3.4e+38 -3.4e+38 -3.4e+38 -3.4e+38 -3.4e+38 -3.4e+38 -3.4e+38 -3.4e+38 -3.4e+38 -3.4e+38 -3.4e+38 -3.4e+38 -3.4e+38 -3.4e+38 -3.4e+38 -3.4e+38
5.62466993869748e-05 6.43441017018631e-05 7.39036986487918e-05 9.37086006160825e-05 9.77425006567501e-05 5.92217984376475e-05 8.61708031152375e-05 0.000106769999547396 9.48903034441173e-05 9.73744972725399e-05 9.62437989073806e-05 0.000102060002973303 0.00011462999827927 0.000134397996589541 0.000147511993418448 0.000157985996338539 0.000163463002536446 0.000152121006976813 0.000141487995279022 9.68046006164514e-05 8.51848017191514e-05 8.48411000333726e-05 0.000104874001408461 0.000107854997622781 0.000111501998617314 0.000124708996736445 0.0001139379965025 0.000140819000080228 -3.4e+38 -3.4e+38 -3.4e+38 -3.4e+38 -3.4e+38 -3.4e+38 -3.4e+38 -3.4e+38 -3.4e+38 -3.4e+38 -3.4e+38 -3.4e+38 -3.4e+38 -3.4e+38 -3.4e+38 -3.4e+38 -3.4e+38 -3.4e+38 -3.4e+38 -3.4e+38 -3.4e+38
5.65660011488944e-05 6.53456008876674e-05 6.98217991157435e-05 7.81596027081832e-05 8.97331992746331e-05 6.19064012425952e-05 6.31998991593719e-05 0.000101785000879318 8.74418983585201e-05 0.000112925998109858 0.000115868002467323 0.000113011003122665 0.00012361399421934 0.000140493997605518 0.000155763002112508 0.000160969997523353 0.000170419996720739 0.000175648005097173 0.000112430003355257 9.53126000240445e-05 8.6171698058024e-05 0.000104275000921916 0.000109307002276182 0.000106671002868097 0.000111458997707814 0.000135869995574467 0.000132817003759556 -3.4e+38 -3.4e+38 -3.4e+38 -3.4e+38 -3.4e+38 -3.4e+38 -3.4e+38 -3.4e+38 -3.4e+38 -3.4e+38 -3.4e+38 -3.4e+38 -3.4e+38 -3.4e+38 -3.4e+38 -3.4e+38 -3.4e+38 -3.4e+38 -3.4e+38 -3.4e+38 -3.4e+38 -3.4e+38
