rodentData/rasterBestModels/Rattus_RD_RM2.asc
NCOLS 409 
NROWS 350 
XLLCORNER 60.897278365 
YLLCORNER 5.843756025 
CELLSIZE 0.0892857 
NODATA_value -3.4e+38 
[rows 264 to 285 of 350, columns 147 to 195 of 409]
-3.4e+38 -3.4e+38 -3.4e+38 -3.4e+38 -3.4e+38 -3.4e+38 -3.4e+38 8.62094020703807e-05 7.47606027289294e-05 6.37678022030741e-05 5.91548014199361e-05 5.98693986830767e-05 8.76466001500376e-05 0.000111934998130891 0.000135725000291131 0.000179775001015514 0.000153243992826901 0.000132112007122487 0.00013239000691101 0.000142086995765567 0.000163809003424831 0.000112041001557373 0.000192492996575311 0.00012047999916831 0.00013235499500297 0.000126850005472079 0.000112285997602157 0.000153525004861876 8.45991016831249e-05 0.000116417002573144 0.000121281002066098 0.000128490995848551 0.000132743996800855 0.000206327997148037 0.000187055993592367 0.000137936003739014 0.000137758004711941 0.000156719994265586 0.000154977999045514 0.000153487999341451 0.000156658003106713 0.000158202994498424 0.000209978999919258 0.000138111005071551 0.000151464002556168 0.000142620992846787 0.000124483005492948 0.000109219996375032 0.00011824700050056
-3.4e+38 -3.4e+38 -3.4e+38 -3.4e+38 -3.4e+38 -3.4e+38 -3.4e+38 -3.4e+38 6.13434967817739e-05 6.9097601226531e-05 7.12980036041699e-05 6.65941988700069e-05 9.80807017185725e-05 0.0001155900026788 0.000144188001286238 0.000169174993061461 0.000165778998052701 0.000173458000062965 0.000181205003173091 0.000147869999636896 0.000132332002976909 0.000147856000694446 0.000142919001518749 0.000125657999888062 0.00012734999472741 0.000135399997816421 0.000127891005831771 0.00017111400666181 0.000118477997602895 0.000129662003018893 0.000132810993818566 0.0001317059941357 0.000135916998260655 0.000209549994906411 0.000879221013747156 0.000204935000510886 0.00014779700723011 0.000172012994880788 0.000145494006574154 0.000176196001120843 0.00016681500710547 0.000146923994179815 0.000150235995533876 0.00014484699931927 0.000140863994602114 0.000132703993585892 0.000115214999823365 0.000105047998658847 0.000121126999147236
-3.4e+38 -3.4e+38 -3.4e+38 -3.4e+38 -3.4e+38 -3.4e+38 -3.4e+38 -3.4e+38 8.96131023182534e-05 7.93907965999097e-05 8.07261021691374e-05 8.40349021018483e-05 0.000103190002846532 0.000174653992871754 0.000169663995620795 0.000172200001543388 0.000181693001650274 0.000176732006366365 0.000165126999490894 0.000137926006573252 0.000134350004373118 0.000150742998812348 0.000150913998368196 0.000155914996867068 0.000142075004987419 0.000131327004055493 0.000148136998177506 0.00014108199684415 0.000133128996822052 0.000131466003949754 0.00010370399832027 0.000104026003100444 0.000136444999952801 0.000213049002923071 0.000203981995582581 0.000230977995670401 0.000183165000635199 0.000185173994395882 0.00018654900486581 0.000190564998774789 0.000199111003894359 0.000192047999007627 0.000166728001204319 0.000148252001963556 0.000143554992973804 0.000137410999741405 0.000120133998279925 0.000120224001875613 0.000134261004859582
-3.4e+38 -3.4e+38 -3.4e+38 -3.4e+38 -3.4e+38 -3.4e+38 -3.4e+38 -3.4e+38 0.000103632999525871 0.000105772000097204 9.3526097771246e-05 8.70318035595119e-05 9.13231997401454e-05 0.000112585999886505 0.00014439900405705 0.000175321998540312 0.000182111005415209 0.000187758007086813 0.000168487997143529 0.000109252003312577 0.00013343000318855 0.000181691997568123 0.000166522993822582 0.000186614997801371 0.000169242004631087 0.000146609992953017 0.000132796005345881 0.000147345999721438 0.000137616996653378 0.000103338999906555 0.000131042004795745 0.00013241199485492 0.000109268999949563 0.00021632200514432 0.000214547995710745 0.000173741005710326 0.000192929001059383 0.000193893007235602 0.000244541995925829 0.000353949988493696 0.000204972006031312 0.000193108993698843 0.000183590003871359 0.000181612005690113 0.000175660999957472 0.000171164007042535 0.000153172994032502 0.000140928998007439 0.000203645002329722
-3.4e+38 -3.4e+38 -3.4e+38 -3.4e+38 -3.4e+38 -3.4e+38 -3.4e+38 -3.4e+38 0.000102539997897111 0.000118937998195179 0.000133904002723284 9.72787020145915e-05 0.000117235002107918 0.000103699996543583 0.000134293994051404 0.000146930004120804 0.000174411004991271 0.000171157997101545 0.00017792200378608 0.000144870005897246 0.000133851004648022 0.000178268004674464 0.000145876998431049 0.000244838010985404 0.000226746997213922 0.000169396997080185 0.000144777994137257 0.000151896005263552 0.00014048999582883 0.000132526998640969 0.000130362997879274 0.000131666995002888 0.000139732001116499 0.00015332100156229 0.000120056996820495 0.000163353004609235 0.000188278994755819 0.00022686600277666 0.000482180999824777 0.000515754974912852 0.000429701991379261 0.000207292003324255 0.000189551996299997 0.000189689002581872 0.000188568999874406 0.000183144002221525 0.000175427994690835 0.000147857004776597 0.000143818993819878
-3.4e+38 -3.4e+38 -3.4e+38 -3.4e+38 -3.4e+38 -3.4e+38 -3.4e+38 -3.4e+38 -3.4e+38 0.000134343004901893 0.0001163720007753 0.000102254998637363 0.000113344001874793 0.000110341999970842 8.90645969775505e-05 0.000102514000900555 0.000142543998663314 0.000157226997544058 0.000166899000760168 0.000148560997331515 0.000135683992994018 0.00010961099906126 0.000258994987234473 0.000245053000980988 0.000233051992836408 0.000180728995474055 0.000154453999130055 0.000140821997774765 0.000145643003634177 0.000132336994283833 0.00013080399367027 0.000135547001264058 0.000144018995342776 0.000152998996782117 0.000146846999996342 0.000159714007168077 0.000182029994903132 0.000537851010449231 0.000600940024014562 0.000669702014420182 0.000711802975274622 0.00042533699888736 0.000196263994439505 0.000179181006387807 0.000168947997735813 0.000167962003615685 0.000202171999262646 0.00020103799761273 0.000153429005877115
-3.4e+38 -3.4e+38 -3.4e+38 -3.4e+38 -3.4e+38 -3.4e+38 -3.4e+38 -3.4e+38 -3.4e+38 0.000119720003567636 0.000114232003397774 0.000114280002890155 0.000102913996670395 9.72053967416286e-05 9.37584991334006e-05 0.000101445999462157 0.000116880997666158 0.000144517995067872 0.000156972004333511 0.000154737004777417 0.000138631003210321 0.00012161499762442 0.00024979398585856 0.000237204993027262 0.000226800999371335 0.000139027004479431 0.000134574002004229 0.000159368995809928 0.000140831994940527 0.000127644001622684 0.000126081999042071 0.000131841996335424 0.000144454999826849 0.000133459994685836 0.000142267002956942 0.000159597999299876 0.000181869007064961 0.000645929016172886 0.000595853023696691 0.00284608011133969 0.00297325011342764 0.00159502995666116 0.000194998006918468 0.000176995003130287 0.000171368999872357 0.000201956005184911 0.00021427299361676 0.000213164996239357 0.000191255996469408
-3.4e+38 -3.4e+38 -3.4e+38 -3.4e+38 -3.4e+38 -3.4e+38 -3.4e+38 -3.4e+38 -3.4e+38 0.0006799700204283 0.000152988999616355 0.000108749998616986 0.000107756000943482 0.000122097000712529 9.78351017693058e-05 0.000101917001302354 0.000113248002890032 0.000139555995701812 0.000147568993270397 0.000154360997839831 0.000136692004161887 0.000133356006699614 0.000236124004004523 0.000215674997889437 0.000190980994375423 0.000161171003128402 0.000132998000481166 0.000148296996485442 0.000141191005241126 0.00010113199823536 0.000126052997075021 0.000129652005853131 0.000110770000901539 0.000131709995912388 0.000140682997880504 0.000164808996487409 0.000181769006303512 0.000390616012737155 0.000469419988803566 0.00069992698263377 0.000464726996142417 0.000274932011961937 0.000224452000111341 0.000186816992936656 0.000181545998202637 0.000191601997357793 0.00020713999401778 0.00019671100017149 0.000156615002197213
-3.4e+38 -3.4e+38 -3.4e+38 -3.4e+38 -3.4e+38 -3.4e+38 -3.4e+38 -3.4e+38 -3.4e+38 0.000152392996824346 0.000161867996212095 0.000132636007037945 0.000114141999802087 0.000108457999886014 0.000103794998722151 0.00010700600250857 0.000116094000986777 0.000134715999593027 0.000152980006532744 0.000170368002727628 0.000116663002700079 0.000132695000502281 0.000213139996048994 0.000193511004908942 0.000139919997309335 0.000120320000860374 0.000154341993038543 0.000117595001938753 0.000113046000478789 0.000103589998616371 9.82565034064464e-05 0.000145686004543677 0.000124501995742321 0.000132154993480071 0.000152364998939447 0.00018282700330019 0.000182730000233278 0.00018206299864687 0.000154794994159602 0.000279953004792333 0.000276729988399893 0.000268822012003511 0.000229266006499529 0.000204893003683537 0.000156010006321594 0.000137101000291295 0.000147432001540437 0.000154146997374482 0.000161028001457453
-3.4e+38 -3.4e+38 -3.4e+38 -3.4e+38 -3.4e+38 -3.4e+38 -3.4e+38 -3.4e+38 -3.4e+38 -3.4e+38 0.000159588002134115 0.000132435001432896 0.000119185999210458 0.000112301997432951 0.00010977299825754 0.00011334699956933 0.000119965996418614 0.000139135998324491 0.000176588000613265 0.000196875000256114 0.000163816002896056 0.000140568998176605 0.000168423997820355 0.000186710996786132 0.000167150006745942 0.000146143996971659 0.000150507999933325 0.000115563001600094 0.000119821001135278 0.000146285994560458 0.000152705004438758 0.00020653499814216 0.000157622998813167 0.000171489999047481 0.00014169400674291 0.000181220006197691 0.00015849199553486 0.000159682997036725 0.000136378002935089 0.000133709007059224 0.000165000004926696 0.000182720003067516 0.000180845992872491 0.000186321994988248 0.000190452003153041 0.000172975996974856 0.000171270003193058 0.000165871999342926 0.000160273004439659
-3.4e+38 -3.4e+38 -3.4e+38 -3.4e+38 -3.4e+38 -3.4e+38 -3.4e+38 -3.4e+38 -3.4e+38 -3.4e+38 -3.4e+38 0.000132360000861809 0.000122684999951161 0.000118671996460762 0.000118693998956587 0.000124465004773811 0.000131227992824279 0.000151354994159192 0.000219802997889929 0.000234833001741208 0.000178300004336052 0.000142325006891042 0.000164095006766729 0.000182969000888988 0.000138274001074024 0.000125937993288971 0.000150410996866412 0.000119623000500724 0.00014821499644313 0.000165354998898692 0.000163575998158194 0.000185997007065453 0.000153368004248478 0.000140078002004884 0.000173587002791464 0.000140646006911993 0.000141340002301149 0.000110237997432705 0.000141248994623311 0.000140465999720618 0.000124295998830348 0.000129770996863954 0.000162943004397675 0.000157107002451085 0.000166826997883618 0.00017632800154388 0.000172525993548334 0.000160676994710229 0.000179109993041493
-3.4e+38 -3.4e+38 -3.4e+38 -3.4e+38 -3.4e+38 -3.4e+38 -3.4e+38 -3.4e+38 -3.4e+38 -3.4e+38 -3.4e+38 0.000129273001221009 0.00012579100439325 0.000125887003378011 0.000126868006191216 0.000149296000017785 0.000151211002958007 0.000186931996722706 0.000248642987571657 0.000230645993724465 0.000174932996742427 0.00012315200001467 0.000213888997677714 0.000174340995727107 0.000185277996934019 0.000186523000593297 0.000156252004671842 0.000152402993990108 0.000121780998597387 0.000154516004840843 0.000181469004019164 0.000165282996022142 0.000201521994313225 0.000121265999041498 0.000114795002446044 0.000137676004669629 0.000126868995721452 0.000130482992972247 0.000139822994242422 0.000112519999674987 0.00011957799870288 0.000126711995108053 0.000131262000650167 0.000150309002492577 0.000174186992808245 0.000179373993887566 0.000158839000505395 0.000173861000803299 0.000173962005646899
-3.4e+38 -3.4e+38 -3.4e+38 -3.4e+38 -3.4e+38 -3.4e+38 -3.4e+38 -3.4e+38 -3.4e+38 -3.4e+38 -3.4e+38 -3.4e+38 0.000128775995108299 0.000131153996335343 0.000141999000334181 0.000145355996210128 0.000195261993212625 0.000225644995225593 0.000247243006015196 0.000237492000451311 0.000183227995876223 0.00017014000331983 0.000216214000829495 0.000196528999367729 0.000191302999155596 0.000187041005119681 0.000176323999767192 0.000173533000634052 0.00110959995072335 0.00020708299416583 0.000145967002026737 0.000128262006910518 0.0001202990024467 0.000101603000075556 0.000100489996839315 0.00012653399608098 0.000133862005895935 9.93244029814377e-05 0.000136443006340414 0.000109471999166999 0.000115832997835241 0.000123984005767852 0.000162608004757203 0.000165559002198279 0.000183843003469519 0.000168782993569039 0.000160737996338867 0.000171538005815819 0.000141315002110787
-3.4e+38 -3.4e+38 -3.4e+38 -3.4e+38 -3.4e+38 -3.4e+38 -3.4e+38 -3.4e+38 -3.4e+38 -3.4e+38 -3.4e+38 -3.4e+38 0.000130756001453847 0.000125816004583612 0.000131623004563153 0.000141591997817159 0.000227088006795384 0.000259522988926619 0.000239297994994558 0.000251030985964462 0.00019655900541693 0.00017033499898389 0.000144926001667045 0.000195547007024288 0.00020966499869246 0.00018248800188303 0.000190524006029591 0.000301497988402843 0.00254567991942167 0.00058656302280724 0.000222261995077133 0.000107710999145638 0.000126947998069227 0.000124732992844656 9.99496987788007e-05 0.000129795997054316 0.000130013999296352 0.00010340799781261 0.000111292996734846 0.000128118001157418 0.000142139004310593 0.000121832003060263 0.000154936002218165 0.000142759992741048 0.000185903001693077 0.00016548800340388 0.000176164001459256 0.00016128399875015 0.00018058400019072
-3.4e+38 -3.4e+38 -3.4e+38 -3.4e+38 -3.4e+38 -3.4e+38 -3.4e+38 -3.4e+38 -3.4e+38 -3.4e+38 -3.4e+38 -3.4e+38 -3.4e+38 0.00015386899758596 0.000126422994071618 0.000133127992739901 0.000197172004845925 0.000234574996284209 0.000267308001639321 0.000240013003349304 0.000207518998649903 0.00018654800078366 0.000162912998348475 0.000219555993680842 0.000189618993317708 0.000195446002180688 0.000168509999639355 0.00038685099571012 0.000803444010671228 0.000561782973818481 0.000502498005516827 0.000178884001797996 9.98145987978205e-05 9.84405996860005e-05 0.000104049002402462 0.000131620996398851 0.000136771006509662 0.000113438996777404 0.000120169002912007 0.000118196003313642 0.000142688004416414 0.000146506004966795 0.000126742001157254 0.000144021993037313 0.000159293005708605 0.000167022997629829 0.00016231500194408 0.000145666999742389 0.000143326004035771
-3.4e+38 -3.4e+38 -3.4e+38 -3.4e+38 -3.4e+38 -3.4e+38 -3.4e+38 -3.4e+38 -3.4e+38 -3.4e+38 -3.4e+38 -3.4e+38 -3.4e+38 0.000130165004520677 0.00012667900591623 0.000128347004647367 0.000150193998706527 0.000176482993992977 0.000176995003130287 0.000233037993893959 0.000209759004064836 0.000176971007022075 0.000172105996171013 0.00017036400095094 0.000163233999046497 0.00017145999299828 0.00018056899716612 0.000211751001188532 0.000263941998127848 0.00018845300655812 0.000171741005033255 0.000147774000652134 9.92112982203253e-05 9.58294986048713e-05 0.000130586005980149 0.000105585997516755 0.000137477007228881 0.000145705998875201 0.000147315004142001 0.000143804005347192 0.000142467994010076 0.000129502004710957 0.000130686006741598 0.000165310004376806 0.000182237999979407 0.000158266004291363 0.000204102005227469 0.000157297006808221 0.000140646996442229
-3.4e+38 -3.4e+38 -3.4e+38 -3.4e+38 -3.4e+38 -3.4e+38 -3.4e+38 -3.4e+38 -3.4e+38 -3.4e+38 -3.4e+38 -3.4e+38 -3.4e+38 0.000135050999233499 0.000131851993501186 0.000127466002595611 0.000122347002616152 0.000122209996334277 0.00012470199726522 0.000250648998189718 0.000215841995668598 0.000194050997379236 0.000182671006768942 0.000178251997567713 0.000131099004647695 0.000171706997207366 0.000163503005751409 0.000195778004126623 0.000241261004703119 0.000210173995583318 0.000185180004336871 0.000168776998179965 0.000140884003485553 0.000129516993183643 0.000144870005897246 0.000138796996907331 0.000105464998341631 0.000116287999844644 0.000124532001791522 0.000141696000355296 0.000150288004078902 0.000170229002833366 0.000135099006001838 0.000171496998518705 0.000150662002852187 0.000169382998137735 0.000227648997679353 0.000179584996658377 0.00014882700634189
-3.4e+38 -3.4e+38 -3.4e+38 -3.4e+38 -3.4e+38 -3.4e+38 -3.4e+38 -3.4e+38 -3.4e+38 -3.4e+38 -3.4e+38 -3.4e+38 -3.4e+38 -3.4e+38 0.000122037999972235 0.000132133995066397 0.000125203994684853 0.000120071003038902 0.00011843800166389 0.000139198993565515 0.000223220005864277 0.000298472004942596 0.000213634004467167 0.000172810992808081 0.000160743002197705 0.000175249006133527 0.000164416996994987 0.000204084004508331 0.000273381010629237 0.000153636006871238 0.000156851005158387 0.000148370003444143 0.000124394995509647 0.000119703996460885 0.000161571006174199 0.000155586996697821 0.000136414004373364 0.000136478003696539 0.000151087995618582 0.000147201004438102 0.000132854998810217 0.000167114005307667 0.000140659001772292 0.000177195994183421 0.000194217005628161 0.000209327001357451 0.00021564400231 0.000186474004294723 0.000172965999809094
-3.4e+38 -3.4e+38 -3.4e+38 -3.4e+38 -3.4e+38 -3.4e+38 -3.4e+38 -3.4e+38 -3.4e+38 -3.4e+38 -3.4e+38 -3.4e+38 -3.4e+38 -3.4e+38 -3.4e+38 0.00012928299838677 0.000126618993817829 0.000130362997879274 0.000134700996568426 0.000189277998288162 0.000219495996134356 0.000285696994978935 0.000221020003664307 0.000187470999662764 0.000165331002790481 0.000145051002618857 0.000152872002217919 0.000177926995093003 0.000226278993068263 0.00020013700122945 0.000134514993987978 0.000154149995069019 0.000112938003439922 0.000148535997141153 0.000184044998604804 0.000172928004758433 0.000136800998006947 0.000124936996144243 0.000132942004711367 0.0001442689972464 0.000165951001690701 0.000198947993339971 0.000167153993970715 0.000347833993146196 0.000181907002115622 0.000245684990659356 0.000193850995856337 0.000232192993280478 0.000191985993296839
-3.4e+38 -3.4e+38 -3.4e+38 -3.4e+38 -3.4e+38 -3.4e+38 -3.4e+38 -3.4e+38 -3.4e+38 -3.4e+38 -3.4e+38 -3.4e+38 -3.4e+38 -3.4e+38 -3.4e+38 -3.4e+38 0.000146299003972672 0.000138486997457221 0.00017011100135278 0.00022253900533542 0.000262943998677656 0.000240969005972147 0.000226994001423009 0.000254195998422801 0.000254062004387379 0.000223680006456561 0.00020467399735935 0.000209314996027388 0.00024473899975419 0.000181469004019164 0.000206063006771728 0.000185747994692065 0.000160109004355036 0.00013971800217405 0.000158075999934226 0.000155678004375659 0.000125506005133502 0.000126432001707144 0.000143405006383546 0.00014875500346534 0.000161053001647815 0.000153154993313365 0.000171573003171943 0.000217473003431223 0.000226017000386491 0.000235501996940002 0.000211899998248555 0.000222008995478973 0.000231839992920868
-3.4e+38 -3.4e+38 -3.4e+38 -3.4e+38 -3.4e+38 -3.4e+38 -3.4e+38 -3.4e+38 -3.4e+38 -3.4e+38 -3.4e+38 -3.4e+38 -3.4e+38 -3.4e+38 -3.4e+38 -3.4e+38 -3.4e+38 0.000145487007102929 0.0001490940048825 0.000241280999034643 0.000386708998121321 0.000283861998468637 0.000275047990726307 0.000285646005067974 0.000325661996612325 0.000348409987054765 0.000292234995868057 0.000259151012869552 0.000268959003733471 0.000255427992669865 0.000238708002143539 0.000212889994145371 0.000151005006046034 0.00016714799858164 0.000173684005858377 0.000168047001352534 0.000137149007059634 0.000127809005789459 0.000151824002387002 0.00016835100541357 0.000175801003933884 0.000199816000531428 0.000175861001480371 0.000178732996573672 0.000207445002160966 0.00124202005099505 0.000205008996999823 0.000220677000470459 0.000213445004192181
-3.4e+38 -3.4e+38 -3.4e+38 -3.4e+38 -3.4e+38 -3.4e+38 -3.4e+38 -3.4e+38 -3.4e+38 -3.4e+38 -3.4e+38 -3.4e+38 -3.4e+38 -3.4e+38 -3.4e+38 -3.4e+38 -3.4e+38 0.000160636001965031 0.000151565996930003 0.000154970999574289 0.000290488998871297 0.000356500997440889 0.000315657001920044 0.000353315990651026 0.000336850003805012 0.000359483005013317 0.000355855998350307 0.000330551993101835 0.00028496200684458 0.000269279000349343 0.000249907985562459 0.000225355004658923 0.000188901001820341 0.000188461999641731 0.000182350006070919 0.000160809999215417 0.000144662000820972 0.000143850003951229 0.000176307003130205 0.000170113999047317 0.00017968300380744 0.000201324000954628 0.000181106006493792 0.000380399986170232 0.000329539005178958 0.000569597992580384 0.000522550020832568 0.000208741999813356 0.000207275006687269
