rodentData/rasterBestModels/Rattus_RD_RM2.asc
NCOLS 409 
NROWS 350 
XLLCORNER 60.897278365 
YLLCORNER 5.843756025 
CELLSIZE 0.0892857 
NODATA_value -3.4e+38 
[rows 66 to 87 of 350, columns 98 to 146 of 409]
5.49385003978387e-05 4.95265012432355e-05 4.01553006668109e-05 4.41367992607411e-05 4.8499001422897e-05 4.28700986958575e-05 3.21270999847911e-05 2.92272998194676e-05 2.65837006736547e-05 2.44980001298245e-05 2.38422999245813e-05 4.70552986371331e-05 2.55287995969411e-05 2.0772400603164e-05 1.77209003595635e-05 1.68269998539472e-05 1.80478000402218e-05 1.82266994670499e-05 1.74386004800908e-05 1.65591991390102e-05 1.6514299204573e-05 1.19384003482992e-05 1.23431000247365e-05 1.60733998200158e-05 1.68140995810973e-05 1.29009004012914e-05 1.69882005138788e-05 1.83759002538864e-05 2.00038994080387e-05 1.78124992089579e-05 1.90384998859372e-05 1.87705009011552e-05 1.87091991392663e-05 1.64968005265109e-05 1.88689991773572e-05 1.93977994058514e-05 2.01456005015643e-05 2.02481005544541e-05 2.04342995857587e-05 2.07247994694626e-05 2.11349997698562e-05 2.11060996662127e-05 1.91121998796007e-05 1.98967991309473e-05 2.03156996576581e-05 1.88371996046044e-05 1.90637001651339e-05 1.93735995708266e-05 1.94355998246465e-05
6.06274006713647e-05 4.97971013828646e-05 3.86481988243759e-05 4.56140005553607e-05 4.59000002592802e-05 4.02385994675569e-05 3.49949987139553e-05 2.86417998722754e-05 2.57232004514663e-05 2.28345998039003e-05 2.23109000216937e-05 2.6241599698551e-05 2.96317994070705e-05 2.24355007958366e-05 1.75940003828146e-05 1.62023006851086e-05 1.58556995302206e-05 1.73477001226274e-05 1.64962002600078e-05 1.14582999231061e-05 1.14049998956034e-05 1.60267991304863e-05 1.18012003440526e-05 1.61456991918385e-05 1.66773006640142e-05 1.6262500139419e-05 1.75702007254586e-05 1.97259996639332e-05 1.80588995135622e-05 1.9607599824667e-05 1.9185299606761e-05 1.75034001586027e-05 1.73613007063977e-05 1.78601003426593e-05 1.68304995895596e-05 1.94349995581433e-05 2.1305400878191e-05 1.93892992683686e-05 1.9574699763325e-05 2.00063004740514e-05 2.05626001843484e-05 1.99329006136395e-05 1.76059002114926e-05 1.78918999154121e-05 1.83606007340131e-05 1.88847006938886e-05 1.8794200514094e-05 2.0930199752911e-05 1.91321996680927e-05
5.26377007190604e-05 4.53928987553809e-05 2.69666998065077e-05 4.2303501686547e-05 4.78885995107703e-05 3.94046983274166e-05 3.39432990585919e-05 2.60542001342401e-05 2.52390000241576e-05 2.24063005589414e-05 2.62859994109021e-05 2.5203000404872e-05 2.5850500605884e-05 2.16488006117288e-05 1.67501002579229e-05 1.53679993672995e-05 1.54080007632729e-05 1.67276994034182e-05 1.66907993843779e-05 1.40312004077714e-05 1.10347000372713e-05 1.1411500054237e-05 1.60473991854815e-05 1.68432998179924e-05 1.54835997818736e-05 1.66916997841327e-05 1.74345004779752e-05 1.82377007149626e-05 1.79501003003679e-05 1.95275006262818e-05 2.03886993404012e-05 1.96359997062245e-05 1.9045999579248e-05 1.61198004207108e-05 1.63442000484793e-05 1.73255994013743e-05 1.84551990969339e-05 1.90585997188464e-05 1.94213007489452e-05 1.98614998225821e-05 1.82490002771374e-05 1.75697005033726e-05 1.77252004505135e-05 1.77707006514538e-05 1.81414998223772e-05 1.85746994247893e-05 1.86118995770812e-05 1.85407006938476e-05 2.0721699911519e-05
4.79724003525916e-05 3.66960011888295e-05 3.36910015903413e-05 3.61316997441463e-05 4.44918987341225e-05 3.7263598642312e-05 3.37290985044092e-05 2.82501005131053e-05 2.36148007388692e-05 2.51710007432848e-05 2.39244000113104e-05 2.37444000958931e-05 1.85344997589709e-05 2.12264003494056e-05 1.75738005054882e-05 1.48928002090543e-05 1.48422996062436e-05 1.67027992574731e-05 1.48302997331484e-05 1.56703008542536e-05 1.07675996332546e-05 1.10352002593572e-05 1.55900997924618e-05 1.62972992256982e-05 1.54717999976128e-05 1.6949999917415e-05 1.74577999132453e-05 1.94558997463901e-05 1.94414005818544e-05 2.05738997465232e-05 2.07561006391188e-05 1.74978995346464e-05 1.69244995049667e-05 1.63991007866571e-05 1.6348400095012e-05 1.72489999386016e-05 1.84005002665799e-05 1.86891993507743e-05 2.10026992135681e-05 1.70697003341047e-05 1.7190899598063e-05 1.77329002326587e-05 1.78021000465378e-05 1.80329006980173e-05 1.81420000444632e-05 1.8169499526266e-05 1.84690998139558e-05 1.87529003596865e-05 1.8348100638832e-05
4.08867017540615e-05 3.94603994209319e-05 3.40180013154168e-05 3.48659013980068e-05 4.83317016914953e-05 3.81323989131488e-05 2.86717004200909e-05 2.69914999080356e-05 2.92209006147459e-05 2.49231998168398e-05 2.33432001550682e-05 2.30093992286129e-05 1.94611002370948e-05 1.88175999937812e-05 1.50598998516216e-05 1.38553996293922e-05 1.42304998007603e-05 1.60531999426894e-05 1.44979003380286e-05 1.40689999170718e-05 1.48094995893189e-05 1.43695997394389e-05 1.51796002683113e-05 1.42061999213183e-05 1.73839998751646e-05 1.65571000252385e-05 1.69347003975417e-05 1.71198007592466e-05 1.72052004927536e-05 1.99402002181159e-05 1.99254991457565e-05 1.96714991034241e-05 1.71263000083854e-05 1.63479999173433e-05 1.65844994626241e-05 1.77728998096427e-05 1.88750000233995e-05 1.84747004823294e-05 1.58053007908165e-05 1.59943992912304e-05 1.65096007549437e-05 1.94883996300632e-05 1.95380998775363e-05 1.77641995833255e-05 1.77280999196228e-05 1.98800007638056e-05 1.81989998964127e-05 1.82410003617406e-05 1.81160994543461e-05
3.66780986951198e-05 3.58483994205017e-05 3.25680011883378e-05 3.53614996129181e-05 3.78242984879762e-05 3.09435999952257e-05 2.63384008576395e-05 2.93671000690665e-05 2.86215999949491e-05 2.29928991757333e-05 2.25787007366307e-05 2.21508998947684e-05 2.3391199647449e-05 1.73233001987683e-05 1.45508001878625e-05 1.3712699910684e-05 1.30218004414928e-05 1.31429997054511e-05 1.31399001475074e-05 1.50791001942707e-05 1.45915000757668e-05 1.44858004205162e-05 1.30763000925072e-05 1.4509500033455e-05 1.50816003952059e-05 1.76020002982114e-05 1.66000991157489e-05 1.81523992068833e-05 1.67905000125756e-05 1.93938994925702e-05 1.80189999809954e-05 1.79456001205835e-05 1.85957997018704e-05 1.78790996869793e-05 1.83412994374521e-05 1.75977002072614e-05 1.7023499822244e-05 1.55137004185235e-05 1.70864004758187e-05 1.57120994117577e-05 1.61956995725632e-05 1.71236006281106e-05 1.94339008885436e-05 1.98231991817011e-05 1.88469002750935e-05 1.88414996955544e-05 1.76279991137562e-05 1.7714799469104e-05 1.73158005054574e-05
3.38743011525366e-05 3.49141992046498e-05 3.10063987853937e-05 2.896990008594e-05 3.23060012306087e-05 2.66574006673181e-05 2.98702998406952e-05 2.76476002909476e-05 2.71341996267438e-05 2.43110007431824e-05 2.07622997550061e-05 2.1585299691651e-05 2.39894998230739e-05 1.55652996909339e-05 1.41319997055689e-05 1.3374000445765e-05 1.28981000671047e-05 1.38583000079961e-05 1.22989004012197e-05 9.84299003903288e-06 1.42094995680964e-05 1.30717999127228e-05 1.34290003188653e-05 1.41652999445796e-05 1.63502008945215e-05 1.73726002685726e-05 1.87405003089225e-05 1.93620999198174e-05 1.94096992345294e-05 1.77911006176146e-05 1.81342002179008e-05 1.73532007465838e-05 1.80922997969901e-05 1.75238001247635e-05 1.70332004927332e-05 1.4901300346537e-05 1.72346008184832e-05 1.57952999870759e-05 1.74850993062137e-05 1.58707007358316e-05 1.80521001311718e-05 1.73574007931165e-05 1.798479934223e-05 1.82983003469417e-05 1.83385000127601e-05 1.85763001354644e-05 1.77806996362051e-05 1.75640998349991e-05 1.69505001395009e-05
3.57415010512341e-05 3.57087010343093e-05 3.39752987201791e-05 3.26141998812091e-05 3.3175998396473e-05 2.74367994279601e-05 2.91669002763228e-05 2.63685997197172e-05 2.37438998738071e-05 2.389610017417e-05 2.1297999410308e-05 2.07075991056627e-05 2.04601001314586e-05 1.57895992742851e-05 1.44572995850467e-05 1.31890001284773e-05 1.391980003973e-05 1.19672004075255e-05 1.26682998597971e-05 1.27571001939941e-05 1.34634001369704e-05 1.42031003633747e-05 1.37125998662668e-05 1.45984995469917e-05 1.52092998177977e-05 1.5554500350845e-05 1.59474002430215e-05 1.66719000844751e-05 1.68488004419487e-05 1.75106997630792e-05 1.77206002263119e-05 1.67582002177369e-05 1.66558002092643e-05 1.73574007931165e-05 7.5491399911698e-05 1.51287003973266e-05 1.50426003528992e-05 1.48549997902592e-05 1.45633002830436e-05 1.67083999258466e-05 2.1134899725439e-05 2.25718995352509e-05 2.0791399947484e-05 1.87815003300784e-05 2.05576998268953e-05 1.83646006917115e-05 1.77312995219836e-05 1.68628994288156e-05 1.56271999003366e-05
3.60414996976033e-05 3.47462009813171e-05 3.2366398954764e-05 3.10805007757153e-05 2.787579978758e-05 2.87150996882701e-05 2.90956995740999e-05 2.45273004111368e-05 2.54864007729338e-05 2.3066699213814e-05 2.06485001399415e-05 2.00219001271762e-05 1.92556999536464e-05 1.53610999404918e-05 1.48064000313752e-05 1.34726997202961e-05 1.38635996336234e-05 1.3306599612406e-05 1.25964998005657e-05 9.51145011640619e-06 9.98942959995475e-06 1.30778998936876e-05 1.39950998345739e-05 1.45303001772845e-05 1.45786998473341e-05 1.46917000165558e-05 1.67049001902342e-05 1.60632007464301e-05 1.66980007634265e-05 1.68369006132707e-05 8.0260397226084e-05 1.63962995429756e-05 1.60025992954616e-05 1.55590005306294e-05 1.51874000948737e-05 1.47636001202045e-05 1.62202995852567e-05 1.60326999321114e-05 1.61405005201232e-05 1.6700500054867e-05 1.99570004042471e-05 2.07594002858968e-05 2.1154399291845e-05 2.09818008443108e-05 1.83078991540242e-05 1.79396993189584e-05 1.70736002473859e-05 1.58598995767534e-05 1.64223001775099e-05
3.30209004459903e-05 3.22179002978373e-05 3.19596983899828e-05 2.95377994916635e-05 2.61187997239176e-05 3.20534018101171e-05 2.86470003629802e-05 2.58183008554624e-05 1.87956993613625e-05 1.64271004905459e-05 2.03601994144265e-05 1.85421995411161e-05 2.01817001652671e-05 1.66023000929272e-05 1.49320003401954e-05 1.34004003484733e-05 1.30635999084916e-05 1.37978004204342e-05 1.32920004034531e-05 1.36732996907085e-05 1.51808999362402e-05 1.45764997796505e-05 1.4164100321068e-05 1.44051000461332e-05 1.60375002451474e-05 1.47046002894058e-05 1.6681500710547e-05 1.71943993336754e-05 1.60004001372727e-05 1.60701001732377e-05 1.59208993864013e-05 1.52949996845564e-05 1.55803991219727e-05 1.50925998241291e-05 1.46707998283091e-05 1.45979001899832e-05 1.46006996146752e-05 1.46610000228975e-05 1.56849000632064e-05 1.59403007273795e-05 1.93163996300427e-05 2.07046996365534e-05 2.09022000490222e-05 2.04046991711948e-05 1.75662007677602e-05 1.70829007402062e-05 1.6071999198175e-05 1.62886008183705e-05 1.44048999572988e-05
3.57524986611679e-05 3.60603007720783e-05 3.31701012328267e-05 2.87177008431172e-05 3.21840998367406e-05 3.59492005372886e-05 2.72651996056084e-05 2.52126992563717e-05 1.6487199900439e-05 1.51405001815874e-05 1.99259993678425e-05 1.89575002877973e-05 2.18297991523286e-05 2.76894006674411e-05 1.41905002237763e-05 1.29242998809787e-05 1.27731000247877e-05 1.23411000458873e-05 1.25755996123189e-05 1.37657998493523e-05 1.47431001096265e-05 1.45557996802381e-05 1.42916996992426e-05 1.44879004437826e-05 1.41092996273073e-05 1.55336001625983e-05 1.47420996654546e-05 1.5314100892283e-05 1.55768993863603e-05 1.60827003128361e-05 1.59780993271852e-05 1.68890001077671e-05 1.53751007019309e-05 1.52155998875969e-05 1.51595995703246e-05 1.65374003699981e-05 1.47710998135153e-05 1.49223997141235e-05 1.59866995090852e-05 1.68118003784912e-05 1.89207003131742e-05 1.99346995941596e-05 1.84879008884309e-05 1.82579005922889e-05 1.77188994712196e-05 1.75171007867903e-05 1.46817001223098e-05 1.46634001794155e-05 1.30503003674676e-05
3.81708996428642e-05 3.4092299756594e-05 3.27656016452238e-05 2.94420005957363e-05 3.35789009113796e-05 3.11807998514269e-05 2.63210004050052e-05 2.24643008550629e-05 2.14040992432274e-05 1.97336994460784e-05 1.95652992260875e-05 1.85997996595688e-05 2.08503006433602e-05 1.35643003886798e-05 1.32379000206129e-05 1.24529997265199e-05 1.25408996609622e-05 1.20862996482174e-05 1.30324997371645e-05 1.46944003063254e-05 7.00465971021913e-05 1.45118001455558e-05 1.48693998198723e-05 1.54333993123146e-05 1.60895997396437e-05 1.58621005539317e-05 1.49231000250438e-05 1.56307996803662e-05 1.73822991200723e-05 1.58762995852157e-05 1.6013000276871e-05 1.74145006894832e-05 1.73045991687104e-05 1.71206993400119e-05 1.69766008184524e-05 1.51279000419891e-05 1.4729000213265e-05 1.44072000693996e-05 1.42366998261423e-05 1.46641996252583e-05 1.50872001540847e-05 1.72766995092388e-05 1.58571001520613e-05 1.60395993589191e-05 1.484350013925e-05 1.61185998877045e-05 1.34318997879745e-05 1.42533999678562e-05 1.41616001201328e-05
3.65039013558999e-05 3.36105986207258e-05 3.12263000523672e-05 2.94028995995177e-05 3.64986008207779e-05 2.96994003292639e-05 2.61543991655344e-05 2.16081007238245e-05 1.47226000990486e-05 1.89111997315194e-05 1.92867992154788e-05 1.81523992068833e-05 2.01091006601928e-05 1.29851996462094e-05 1.2833799701184e-05 1.19851001727511e-05 1.18383004519274e-05 1.25648002722301e-05 1.34594001792721e-05 1.43438001032337e-05 1.43385996125289e-05 1.62477008416317e-05 1.53765995491995e-05 1.54064000525977e-05 1.51460999404662e-05 1.53324999700999e-05 1.55292000272311e-05 1.61659991135821e-05 1.63892000273336e-05 1.65358997037401e-05 1.81439008883899e-05 1.61127009050688e-05 1.60790004883893e-05 1.55667003127746e-05 1.53118999151047e-05 1.48914996316307e-05 1.57945996761555e-05 1.37159995574621e-05 1.393789989379e-05 1.34415004140465e-05 1.24423004308483e-05 1.30808002722915e-05 1.51143003677134e-05 1.50551995830028e-05 1.52513002831256e-05 1.55298002937343e-05 1.46677002703655e-05 1.301760039496e-05 1.2827200407628e-05
3.07666014123242e-05 3.20902981911786e-05 3.16229998134077e-05 3.13542004732881e-05 3.24792017636355e-05 2.68612002400914e-05 2.26020001719007e-05 2.07429002330173e-05 1.87645000551129e-05 1.66608006111346e-05 1.74125998455565e-05 1.79087001015432e-05 1.96811997739132e-05 1.283860001422e-05 1.216970031237e-05 1.18044999908307e-05 1.20672002594802e-05 1.26331997307716e-05 1.41357004395104e-05 1.41290001920424e-05 1.4612999621022e-05 1.49571997098974e-05 1.49441002577078e-05 1.48339004226727e-05 1.52997999975923e-05 1.58906004799064e-05 1.60343006427865e-05 1.68183996720472e-05 1.71416995726759e-05 1.69334998645354e-05 1.70142993738409e-05 1.6388399671996e-05 1.78025002242066e-05 1.7095200746553e-05 1.67339003382949e-05 1.43627003126312e-05 1.46480997500475e-05 1.24509997476707e-05 1.29884001580649e-05 1.26699997053947e-05 1.28154997582897e-05 1.33887997435522e-05 1.40223000926198e-05 1.38636996780406e-05 1.40803003887413e-05 1.51256999743055e-05 1.48433000504156e-05 1.47498003570945e-05 1.41427999551524e-05
3.2134099456016e-05 3.10807008645497e-05 2.85179994534701e-05 3.06789006572217e-05 3.06155998259783e-05 2.47279003815493e-05 1.55934994836571e-05 1.98166999325622e-05 1.83003994607134e-05 1.6653599232086e-05 1.74779997905716e-05 1.79068993020337e-05 1.97083008970367e-05 1.27313996927114e-05 1.19035003081081e-05 1.20915001389221e-05 1.23320996863185e-05 1.44686000567162e-05 1.55293000716483e-05 1.58300008479273e-05 1.62150008691242e-05 1.45986996358261e-05 1.41051996251917e-05 1.4619199646404e-05 1.53749006130965e-05 1.62441992870299e-05 1.67517991940258e-05 1.74839005921967e-05 1.79327998921508e-05 1.74536999111297e-05 1.71311003214214e-05 1.79945000127191e-05 1.62753003678517e-05 1.65348992595682e-05 1.52378997881897e-05 1.3604400010081e-05 1.38477998916642e-05 1.28307001432404e-05 1.22589999591582e-05 1.19891001304495e-05 1.19073001769721e-05 1.2818100003642e-05 1.18467996799154e-05 1.21615003081388e-05 1.22118999570375e-05 1.33181001729099e-05 1.44634996104287e-05 1.31322003653622e-05 1.33898001877242e-05
3.27579000440892e-05 2.89645995508181e-05 2.71543995040702e-05 3.0825500289211e-05 1.97956996998983e-05 2.23095994442701e-05 2.03115996555425e-05 1.91341005120194e-05 1.81206996785477e-05 1.87230998562882e-05 1.75615004991414e-05 1.76667999767233e-05 1.95024003915023e-05 1.23641002574004e-05 1.21405000754748e-05 1.2253700333531e-05 1.26553004520247e-05 1.43173001561081e-05 1.45434996738913e-05 1.60358995344723e-05 1.43515999297961e-05 1.37935003294842e-05 1.40564998218906e-05 1.46552001751843e-05 1.55352990987012e-05 1.65043002198217e-05 1.75919994944707e-05 1.85479002539068e-05 2.04752996069146e-05 1.82036001206143e-05 1.83328993443865e-05 1.55246998474468e-05 1.70767998497467e-05 1.61757998284884e-05 1.50539999594912e-05 1.41447999340016e-05 1.28805995700532e-05 1.19732003440731e-05 1.06042998595512e-05 1.13661999421311e-05 1.05597000583657e-05 1.23999998322688e-05 1.10866003524279e-05 1.15773000288755e-05 1.28975998450187e-05 1.41718001032132e-05 1.43209999805549e-05 1.28021001728484e-05 1.68599999597063e-05
3.09589013340883e-05 2.65486996795516e-05 2.66011993517168e-05 2.94272995233769e-05 2.11648002732545e-05 1.28968003991758e-05 1.65778001246508e-05 1.2508899999375e-05 1.67522994161118e-05 1.91699000424705e-05 1.56013993546367e-05 2.71662993327482e-05 1.30953003463219e-05 1.25933001982048e-05 1.24812995636603e-05 1.27677003547433e-05 1.27293997138622e-05 1.45845997394645e-05 1.63191998581169e-05 1.53431992657715e-05 1.33351995827979e-05 1.35742002385086e-05 1.416259965481e-05 1.62875003297813e-05 1.54828994709533e-05 1.70177991094533e-05 1.84747004823294e-05 1.93423002201598e-05 2.08714991458692e-05 2.32255006267224e-05 2.31613994401414e-05 2.11921997106401e-05 2.14209994737757e-05 1.49727002280997e-05 1.35471000248799e-05 1.26649001686019e-05 1.06766001408687e-05 1.05086000985466e-05 1.04718001239235e-05 1.12257002911065e-05 1.02453996078111e-05 1.17507997856592e-05 1.07199002741254e-05 1.16811997941113e-05 1.24032003441243e-05 1.20328995762975e-05 1.21742996270768e-05 1.35427999339299e-05 1.6226300431299e-05
2.88139999611303e-05 2.92514996544924e-05 2.81551001535263e-05 2.90515999950003e-05 1.4512799680233e-05 1.63782005984103e-05 1.59643004735699e-05 1.42823000714998e-05 1.66926001838874e-05 1.7665099221631e-05 1.47908003782504e-05 1.66070003615459e-05 1.34075999085326e-05 1.27168996186811e-05 1.24461002997123e-05 1.28091996884905e-05 1.52743996295612e-05 1.47197997648618e-05 1.6191799659282e-05 1.54985991684953e-05 1.41588998303632e-05 1.34748997879797e-05 1.36640001073829e-05 1.40026995723019e-05 1.50689002111903e-05 1.62825999723282e-05 1.76182002178393e-05 1.84096006705659e-05 2.11835995287402e-05 2.26087995542912e-05 2.3560200133943e-05 2.13386992982123e-05 1.99660007638158e-05 1.81715004146099e-05 1.36701000883477e-05 1.05758999779937e-05 1.01079003798077e-05 1.02570002127322e-05 1.14040003609261e-05 1.14741997094825e-05 1.25168999147718e-05 1.31981996673858e-05 1.29297995954403e-05 1.01689001894556e-05 1.15551001726999e-05 1.20938002510229e-05 1.26900004033814e-05 1.53486998897279e-05 1.54864992509829e-05
2.8239299354027e-05 2.78521001746412e-05 2.86923004750861e-05 1.76825997186825e-05 2.0156299797236e-05 1.70864004758187e-05 1.50204996316461e-05 1.48167000588728e-05 1.525150037196e-05 1.51085996549227e-05 1.46701004268834e-05 1.4537099559675e-05 1.33122002807795e-05 1.26656996144447e-05 1.25123997349874e-05 1.39743997351616e-05 1.40963002195349e-05 1.63384993356885e-05 1.62318992806831e-05 1.5358400560217e-05 1.27778002934065e-05 1.36740000016289e-05 1.28208002934116e-05 1.35139998747036e-05 1.44302002809127e-05 1.55227007780923e-05 1.77045003511012e-05 1.85623994184425e-05 2.35629995586351e-05 2.36972991842777e-05 2.19418998312904e-05 2.03581003006548e-05 1.96935998246772e-05 1.86021006811643e-05 1.38354998853174e-05 1.18077996376087e-05 1.10885002868599e-05 9.95150003291201e-06 1.01339001048473e-05 1.14018002932426e-05 1.25348997244146e-05 1.27541998153902e-05 1.15557004392031e-05 1.17910003609722e-05 1.34943002194632e-05 1.54051995195914e-05 1.56921996676829e-05 1.53254004544578e-05 1.54139997903258e-05
2.54948990914272e-05 2.73165005637566e-05 2.90344996756176e-05 2.31833000725601e-05 1.98988000192912e-05 1.74771994352341e-05 1.72893996932544e-05 1.5365500075859e-05 1.53231994772796e-05 1.52409002112108e-05 1.51472004290554e-05 1.49152001540642e-05 1.34645997604821e-05 1.43286997627001e-05 1.26623999676667e-05 1.30093003463116e-05 1.43935003507067e-05 1.47126002048026e-05 1.62034993991256e-05 1.33974999698694e-05 1.24595999295707e-05 1.38005998451263e-05 1.27647999761393e-05 1.36585003929213e-05 1.82965995918494e-05 1.83995998668252e-05 2.10705002245959e-05 2.14065003092401e-05 2.2335900212056e-05 2.13072999031283e-05 2.0653100364143e-05 1.9791799786617e-05 1.87283003469929e-05 1.77920992427971e-05 1.36397002279409e-05 1.15713000923279e-05 9.79250035015866e-06 1.05691997305257e-05 1.06436000351096e-05 1.2061400411767e-05 1.29842001115321e-05 1.25484002637677e-05 1.30300995806465e-05 1.36008002300514e-05 1.56722999236081e-05 1.54883000504924e-05 1.64068005688023e-05 1.44551004268578e-05 1.46165002661292e-05
2.70259006356355e-05 2.64758000412257e-05 2.01258008019067e-05 2.41613997786772e-05 2.02819992409786e-05 1.71828996826662e-05 1.74677006725688e-05 1.56836995302001e-05 1.53782002598746e-05 1.50321002365672e-05 1.35091995616676e-05 2.25008006964345e-05 1.48955996337463e-05 1.3095699614496e-05 1.31166998471599e-05 1.4312399798655e-05 1.76686007762328e-05 1.98022007680265e-05 1.77336005435791e-05 1.76080993696814e-05 1.67847992997849e-05 1.71791998582194e-05 7.46825025998987e-05 1.72963991644792e-05 1.75366003531963e-05 1.85028002306353e-05 1.90571990970057e-05 1.90956998267211e-05 2.01285001821816e-05 1.99663991224952e-05 1.94124004337937e-05 1.87808000191581e-05 1.84593991434667e-05 1.71587998920586e-05 1.35685004352126e-05 1.03600996226305e-05 1.07982996269129e-05 1.0645700058376e-05 1.06814004539046e-05 1.20892000268213e-05 1.16794999485137e-05 1.27508001241949e-05 1.27579996842542e-05 1.28646997836768e-05 1.4489000022877e-05 1.58713992277626e-05 1.61245006893296e-05 1.56334008352133e-05 1.32631002998096e-05
3.40988008247223e-05 2.57976007560501e-05 2.46951003646245e-05 1.70027997228317e-05 1.89588990906486e-05 1.79859998752363e-05 1.8105700291926e-05 1.79749004018959e-05 1.58449001901317e-05 1.55229990923544e-05 1.37461001941119e-05 1.57746999320807e-05 1.55542002175935e-05 1.35069003590615e-05 1.80995994014665e-05 1.83235006261384e-05 1.98188990907511e-05 1.76536996150389e-05 1.72430991369765e-05 1.66703994182171e-05 1.58137008838821e-05 1.52794000314316e-05 1.49584002429037e-05 1.61840998771368e-05 2.34140006796224e-05 1.70511993928812e-05 1.7598000340513e-05 1.81897994480096e-05 1.87097994057694e-05 1.88730991794728e-05 1.73697007994633e-05 1.72514992300421e-05 1.62920005095657e-05 1.55554007505998e-05 1.27890998555813e-05 1.13106998469448e-05 9.87785006145714e-06 1.00404995464487e-05 1.27908997455961e-05 1.39107996801613e-05 1.34456995510845e-05 1.32911000036984e-05 1.10399996628985e-05 1.10321998363361e-05 1.0607100193738e-05 1.57050999405328e-05 1.57458998728544e-05 2.2928899852559e-05 2.32273996516597e-05
