rodentData/rasterBestModels/Rodents.asc
NCOLS 409 
NROWS 350 
XLLCORNER 60.897278365 
YLLCORNER 5.843756025 
CELLSIZE 0.0892857 
NODATA_value -9999 
[rows 92 to 114 of 350, columns 312 to 363 of 409]
-9999 -9999 -9999 -9999 -9999 -9999 -9999 -9999 -9999 -9999 -9999 -9999 -9999 -9999 -9999 -9999 -9999 -9999 -9999 -9999 -9999 -9999 -9999 -9999 -9999 -9999 -9999 -9999 -9999 -9999 -9999 -9999 -9999 -9999 -9999 -9999 -9999 -9999 -9999 -9999 -9999 -9999 -9999 -9999 -9999 -9999 -9999 -9999 -9999 -9999 -9999 -9999
-9999 -9999 -9999 -9999 -9999 -9999 -9999 -9999 -9999 -9999 -9999 -9999 -9999 -9999 -9999 -9999 -9999 -9999 -9999 -9999 -9999 -9999 -9999 -9999 -9999 -9999 -9999 -9999 -9999 -9999 -9999 -9999 -9999 -9999 -9999 -9999 -9999 -9999 -9999 -9999 -9999 -9999 -9999 -9999 -9999 -9999 -9999 -9999 -9999 -9999 -9999 -9999
-9999 -9999 -9999 -9999 -9999 -9999 -9999 -9999 -9999 -9999 -9999 -9999 -9999 -9999 -9999 -9999 -9999 -9999 -9999 -9999 -9999 -9999 -9999 -9999 -9999 -9999 -9999 -9999 -9999 -9999 -9999 -9999 -9999 -9999 -9999 -9999 -9999 -9999 -9999 -9999 -9999 -9999 -9999 -9999 -9999 -9999 -9999 -9999 -9999 -9999 -9999 0.00070511593065703
-9999 -9999 -9999 -9999 -9999 -9999 -9999 -9999 -9999 -9999 -9999 -9999 -9999 -9999 -9999 -9999 -9999 -9999 -9999 -9999 -9999 -9999 -9999 -9999 -9999 -9999 -9999 -9999 -9999 -9999 -9999 -9999 -9999 -9999 -9999 -9999 -9999 -9999 -9999 -9999 -9999 -9999 -9999 -9999 -9999 -9999 -9999 -9999 -9999 -9999 -9999 0.000711067307946678
-9999 -9999 -9999 -9999 -9999 -9999 -9999 -9999 -9999 -9999 -9999 -9999 -9999 -9999 -9999 -9999 -9999 -9999 -9999 -9999 -9999 -9999 -9999 -9999 -9999 -9999 -9999 -9999 -9999 -9999 -9999 -9999 -9999 -9999 -9999 -9999 -9999 -9999 -9999 -9999 -9999 -9999 -9999 -9999 -9999 -9999 -9999 -9999 -9999 -9999 0.000579418520885611 0.000835631873883358
-9999 -9999 -9999 -9999 -9999 -9999 -9999 -9999 -9999 -9999 -9999 -9999 -9999 -9999 -9999 -9999 -9999 -9999 -9999 -9999 -9999 -9999 -9999 -9999 -9999 -9999 -9999 -9999 -9999 -9999 -9999 -9999 -9999 -9999 -9999 -9999 -9999 -9999 -9999 -9999 -9999 -9999 -9999 -9999 -9999 -9999 -9999 -9999 -9999 -9999 0.000735347099350747 0.000615345502751552
-9999 -9999 -9999 -9999 -9999 -9999 -9999 -9999 -9999 -9999 -9999 -9999 -9999 -9999 0.000513612003187447 -9999 0.000230122798178911 -9999 -9999 -9999 -9999 -9999 -9999 -9999 -9999 -9999 -9999 -9999 -9999 -9999 -9999 -9999 -9999 -9999 -9999 -9999 -9999 -9999 -9999 -9999 -9999 -9999 -9999 -9999 -9999 -9999 -9999 -9999 0.000769371151022824 0.000811679643902607 0.000636899902247023 0.00100623063622152
-9999 -9999 -9999 -9999 -9999 -9999 -9999 -9999 -9999 -9999 -9999 -9999 0.000200628023451443 0.000119830190530301 0.0001361438352383 0.000153932632283471 0.000124335923135988 0.000114163183655869 0.000185436973081821 0.000203902462644123 -9999 -9999 -9999 -9999 -9999 -9999 -9999 -9999 -9999 -9999 -9999 -9999 -9999 -9999 -9999 -9999 -9999 -9999 -9999 -9999 -9999 -9999 -9999 -9999 -9999 -9999 -9999 0.000538976988650575 0.000846988160560613 0.00077504335604317 0.00102080823126016 0.00125275219261312
-9999 -9999 -9999 -9999 -9999 -9999 -9999 -9999 -9999 0.000566496435006059 0.000618617964377677 0.00050659188404012 0.000241371621921616 0.000244317959925411 0.000240315289303794 0.000269128980981748 0.000235424000461393 0.000220911759198472 0.000205519101967866 -9999 -9999 -9999 -9999 -9999 -9999 -9999 -9999 -9999 -9999 -9999 -9999 -9999 -9999 -9999 -9999 -9999 -9999 -9999 -9999 -9999 -9999 -9999 -9999 -9999 0.00051831164954308 0.000553344136349665 0.000539021160079756 0.000869727586916724 0.000888341988229513 0.000863702955484769 0.00125700506853832 0.00245349734065314
-9999 -9999 -9999 -9999 -9999 -9999 -9999 -9999 0.000299218080385799 0.000563995811781126 0.000652652462264314 0.000551569151852505 0.000395333182410695 0.000561998616035453 0.000537329253518237 0.000549795288989685 0.000436960228086036 0.000245748961738457 0.000274530242755588 0.00050837429402506 0.000342457909681571 0.000525629707155417 0.000398750489534194 -9999 -9999 -9999 -9999 -9999 0.000858297984621004 0.000556799547666742 -9999 -9999 -9999 -9999 -9999 -9999 -9999 -9999 -9999 -9999 -9999 -9999 -9999 -9999 -9999 0.00080023584385458 0.00103969593175179 0.000899661113294314 0.000998520960138194 0.000873067831207663 0.00144489385758106 0.00425103970586349
0.000227093761077768 -9999 -9999 -9999 -9999 -9999 0.000341926388557567 0.000522815816623279 0.000551532726689175 0.000480417074570028 0.00062164843956225 0.000622773678742305 0.000330714320611492 0.000511663192142464 0.000564960842638129 0.000358027318696941 0.000411662877219499 0.000269419620892108 0.000497123926407994 0.000598233694105943 0.000444421194330857 0.000623353547538841 0.000485988291828221 0.000832564757786258 0.000975449876591483 0.000913319485448483 0.000988390711881948 0.000943357323649252 0.000878256656562826 0.000857555555853651 0.000949659136892933 0.000656902019457561 -9999 -9999 -9999 -9999 -9999 -9999 -9999 -9999 -9999 -9999 -9999 -9999 -9999 0.000854865884804212 0.000957567311274943 0.000840619535210863 0.0010256124705279 0.00118347589982193 0.00354235722682006 0.00126140130852548
0.000424211127480589 0.000229222085820879 -9999 -9999 -9999 -9999 -9999 0.000504532493721399 0.000425533257100597 0.000614115234270685 0.000769692381254572 0.000634423412066099 0.000539064772681286 0.000635188508255169 0.000652447308084447 0.000575715980630775 0.000364657236929133 0.000527282184265232 0.00058487716174227 0.000637353771850258 0.00065395266511814 0.000702579885540899 0.000932952184200531 0.000778122633221301 0.00088411146521139 0.00101652337161795 0.000786330944265501 0.00106421306793436 0.00103472451837661 0.00130996127177241 0.0010162091004986 0.000816401184465576 -9999 -9999 -9999 -9999 -9999 -9999 -9999 -9999 -9999 -9999 -9999 0.000726117713639951 0.00101780258177087 0.00106526229967585 0.00105677298938645 0.000887322324388151 0.0012311232171669 0.000921866475778188 0.00118882192136027 0.00133337961252167
0.000997164745200507 -9999 -9999 -9999 -9999 0.000387564425523124 0.000391818439766212 0.000307475568803284 0.000422769638475984 0.000564724481023404 0.000710994383553043 0.000722019516615546 0.00068626237771241 0.000723202221934116 0.00086618221257595 0.000639464652067545 0.000724640026106727 0.000730333842057007 0.000671398166957715 0.000736741424759657 0.000935563943869511 0.000802088686953084 0.00083252800328637 0.000866471224128418 0.000966905003565444 0.000844825781769032 0.000801865002813429 0.00120905721496456 0.00103898617180676 0.00108673721206287 0.00108195926713961 0.00149684839880138 0.00113321495086893 0.00139167866643675 -9999 -9999 -9999 0.000967329977413556 0.00136094179215718 0.000745654580569521 -9999 0.000697213844944145 0.00118381004301682 0.0015813441100363 0.00118303382328122 0.000903312623677266 0.000966242062418132 0.00186958314959895 0.00155465100597496 0.00142361521488965 0.00119376295887719 0.00127084420174128
0.000830313667194105 -9999 -9999 -9999 -9999 0.00055401319309567 0.00053907064170744 0.000479062411955056 0.000521071133789519 0.000612611678207031 0.000921555427339626 0.00113244767715059 0.00121340123166647 0.001140961406918 0.000643464717995812 0.00071353179430389 0.000776080800505952 0.000722595812931104 0.000983806858585012 0.000863315559854527 0.000863315706510548 0.000914975240220883 0.000954888959199707 0.00098042719764635 0.00101781767364173 0.00123240892298782 0.00084485384513755 0.00082373881696185 0.00082600176529013 0.00103360813864128 0.00127421793649773 0.000934203507313214 0.00117359561318153 0.00125812471480913 0.00114493253408909 0.00117422159348735 0.00131018358138135 0.00166225330650605 0.00090327426775616 0.00112932231095897 0.000857170854004607 0.00153788699753932 0.0012811282003895 0.00102390474410186 0.00121475356078804 0.00102876878247571 0.00184118505072206 0.00230315124272629 0.00213258388958404 0.00155748449885351 0.00120912191175648 0.00128577488095516
-9999 -9999 -9999 0.000455341366574658 0.000489094416280977 0.000695895700232541 0.00074388631196598 0.000717788178121737 0.000601059675318538 0.000892208306140674 0.000653120082461101 0.00119337772599692 0.0012001048160073 0.00120451312363912 0.00108565833204466 0.000732000827724733 0.00109425660480156 0.00109445214116022 0.000775339868937408 0.0011403541884647 0.000794371316942488 0.000801346732487218 0.000945487264516487 0.0011559389258764 0.00123896925106237 0.00124219101076051 0.000849486333208915 0.000959160980528395 0.00115567711600306 0.0012890633488496 0.000862595932744625 0.0011567658812055 0.000863971009721354 0.000879987428561435 0.000953367826241447 0.000934927291382337 0.00103147376887591 0.00116862932111417 0.00122431101164011 0.00145049096715866 0.0010010224382313 0.0011131604367165 0.00151654908404453 0.00155677387510877 0.00180281021363271 0.00174264209498176 0.00138967224898234 0.00208671204384048 0.00184929915982579 0.00159065019223448 0.00121209305609682 0.00128314438109101
-9999 -9999 -9999 0.00067445336748051 0.000632718851420577 0.000928258318708686 0.0019910655678359 0.00105069790151902 0.000981472795956506 0.00104358449380015 0.00114657493190862 0.00115516778299707 0.00102467520278537 0.00086090247066295 0.00106355421030457 0.00109731128918611 0.000810849648473777 0.000825373960338993 0.000859399141347694 0.00083484847704085 0.000836077223993925 0.000851380652875378 0.000814991568859114 0.00120472136495664 0.00133289040093132 0.000885916131778686 0.000858955925195914 0.000851228866622478 0.000873678519837995 0.00120597075158457 0.000887454775011065 0.000871241286404256 0.00110151331784891 0.00141175261558146 0.00127671889754311 0.000989660043615004 0.00104931673035935 0.00128927761011255 0.0010866882071241 0.00111595410999143 0.00139014320689057 0.00160778569102149 0.00117967302981015 0.00155724829539849 0.00188385245600386 0.00157629385052527 0.00163233217996828 0.00232137657969378 0.00228139751602197 0.00347692784567855 0.00134403086718748 0.00148818041679988
0.00114529065376701 -9999 -9999 0.000981991552976069 0.000895381934924444 0.001127013071482 0.00128343239157402 0.00172874916927412 0.00119408418709099 0.00077849015758602 0.000791808633834989 0.00108607223944546 0.000998708940457504 0.000921812133626077 0.00139262114022642 0.000891248762613372 0.00135149842000715 0.000970124717696308 0.000867934998211695 0.00159725057076798 0.000911206387968377 0.00105347599242123 0.000910147334479916 0.000910063077299128 0.00136242408495946 0.00132778275121836 0.00119871307208541 0.000881541434182509 0.00118272448531798 0.00088032831183682 0.00116968169419351 0.00160358699770313 0.000890464326118945 0.0009045216752952 0.000934824810428836 0.00116509867348213 0.00102411027319249 0.00102450668850906 0.000977766074242936 0.000976752970586858 0.000961574403333998 0.00174510797060634 0.00225502213846696 0.00171201639045648 0.00178227454815527 0.00185355906377804 0.00161776869372465 0.00177076601846782 0.00189714613034603 0.00111156266256884 0.0014566149594657 0.0016128279505665
0.00188242624528812 0.00128480956027488 0.00132745641349175 0.00150933474276371 0.00113895911249529 0.00139932059710191 0.000993091820021164 0.000932854780671732 0.00178291525638485 0.000896788305837504 0.000873985077305406 0.00123759962423264 0.0013036638132391 0.00136900989496169 0.00136089676965057 0.00132016041087724 0.00130219875251214 0.00112305045615813 0.00123218531388147 0.000986067385227329 0.00129487494949387 0.00127253408624028 0.00132233959993755 0.00131154798305033 0.0011705620649991 0.00118928043963251 0.00115779760221812 0.00162898883627349 0.00120471958146595 0.00163466189565042 0.000908114153958195 0.00111222760210694 0.00122773717382074 0.00130301146481315 0.00122226536632297 0.00124766750604977 0.00105758027893899 0.00153584665645212 0.00139815216510897 0.00137778103734831 0.00136211248215545 0.00133863155323155 0.00196214549161056 0.00266299205297571 0.00188835620059591 0.00207915441467474 0.00183231369382028 0.00211296549364999 0.00198546501467065 0.00165664741633975 0.00173807794239522 0.0018894111578085
0.00185248354214246 0.00289845394284682 0.00251076472117262 0.00160346051371807 0.00148697475794002 0.00139081784232076 0.00113110758015011 0.00157881345909061 0.0028815880755344 0.00105093241579368 0.00104233666547771 0.00112147422333209 0.00120124558186774 0.00149675637681845 0.00219565825275492 0.00146626948961792 0.0014352958425885 0.00142080935769329 0.00137568551486211 0.00139305073924589 0.00137801456083508 0.00133196464731711 0.00123280427344241 0.00128524182383671 0.000927653414549923 0.00121299976780165 0.000935864620629445 0.00105697874704447 0.000972622388921707 0.00173081540532394 0.000973914666133169 0.00134442972970561 0.00136306950756193 0.00141814267328755 0.00144011388465515 0.00108372398770484 0.00144351777424845 0.00158256133647683 0.00160993338585058 0.00107801709350497 0.00107143636974882 0.00196426768454216 0.00266182586406138 0.00237495131021559 0.00234349899792646 0.00219298268593035 0.0021113840557086 0.00200727322350225 0.00191251212264304 0.00182325494865676 0.00275901194360362 0.00233490395636804
0.00224366723286269 0.00370876228045282 0.00510270810133049 0.00347847582627689 0.002618513645983 0.0022986121095982 0.00202162208991252 0.00251368717092326 0.0016619090691663 0.00128040149822617 0.00136900333125123 0.00157138055936601 0.00173790595795231 0.00175558634714346 0.00130147522429824 0.00135370463879747 0.00144125624222813 0.00164799671166316 0.00156159449472515 0.0014829612667695 0.00153532869052686 0.00135385044660707 0.00118453029119792 0.00198087207000697 0.00187316199469834 0.00123369829873354 0.00102817702581603 0.00110950521675335 0.00104192290226024 0.001987021270768 0.00110213718253505 0.00126749790666469 0.00121041206141292 0.00148226814127028 0.00145985622959799 0.00206078239906837 0.00158507320017875 0.00156892469237846 0.00155450700251691 0.00148003000526842 0.00144817610792103 0.00156178224017367 0.00202230613164112 0.00337331514398552 0.00369446711545224 0.00350679559230634 0.0028346681751942 0.00246111501241726 0.0023063647516498 0.00216530081888822 0.00256900467212628 0.0021150818961776
0.00248140186249684 0.00286868160219456 0.00280797800223901 0.00255541110634856 0.00242428220759111 0.00247437021800862 0.00280138592250268 0.00261506279307363 0.00240978490596276 0.00213505505724687 0.00261176140586672 0.00199040341262377 0.00202467884862834 0.00195047127061079 0.00144675904436092 0.00137693915157154 0.00175592883705006 0.00157805146397461 0.00163018336643218 0.00203299545561943 0.00186430187225645 0.00165177537907746 0.00179157493407722 0.00179285408954516 0.00155930191843279 0.00180048286242229 0.00178218575486966 0.00156903489244858 0.0014902450708002 0.00231196146982349 0.00172379758802932 0.00225740476582514 0.00180632075209641 0.00169215476863283 0.00163115832485605 0.00162765386318764 0.00160141326708896 0.0014734839263193 0.00169730664675338 0.00166783313724395 0.0018011933209543 0.00246645002065593 0.00260004042736631 0.00374508564543368 0.00363228665760366 0.00366340324366226 0.00385157624640112 0.00397107336479936 0.00392553133495053 0.00290352790521793 0.00284380180299926 0.00243354767426949
0.00275240417977329 0.00388820652551658 0.00429162770251424 0.0025234123113478 0.00250764708653239 0.00229405738719032 0.00261706192577921 0.00286226021498929 0.00269135280953093 0.00260476646379881 0.00297504962347315 0.00331618603965228 0.00203038216948696 0.00166219849979007 0.00140039580474508 0.00148325029120627 0.00194046690202979 0.00173910161032329 0.00177347350475876 0.00172153189852316 0.00227662699448731 0.00253020317742374 0.00218462605085636 0.00240623888141116 0.0023856132023924 0.00230157307796093 0.00198305932925194 0.0018498275207221 0.00172939837984171 0.00181165577105474 0.00196222603457212 0.00192796973562218 0.00190847970358751 0.00191107219624119 0.00193689808976105 0.00218376315645663 0.0018592562151034 0.00202602376794761 0.00332162765946106 0.00286178684707818 0.00193082950181407 0.00192838873900167 0.00131138324770593 0.00121697337174333 0.0012348459749594 0.00134336730282147 0.00149945445481592 0.00324309069242732 0.00249814258371236 0.00233016985625723 0.00143035202173076 0.00249118217922871
0.00296043801927227 0.00175025080625347 0.00325328234612246 0.00225895820403822 0.00248350858782944 0.00226302983537614 0.00385928460309531 0.0023772597705841 0.00396843283855456 0.00273326145374709 0.00254764396643268 0.00244812306204384 0.00168939478182737 0.00155935976777531 0.00148298376012101 0.00156589331530406 0.0018088955384914 0.00174709597376974 0.00169488588016982 0.00174492859878232 0.00218685063191531 0.00228325132957533 0.00225195832556184 0.00234243650642888 0.00233141544972523 0.00229657240580908 0.00202949959222485 0.00208007568315312 0.00216653713016285 0.00218451377878428 0.00214913646476454 0.0021392627954518 0.00192808058395531 0.00185787112115374 0.00183597725622233 0.00177735989442514 0.00187622739341863 0.00336681549024341 0.0016767753458947 0.00120438551508297 0.00118673637110087 0.00112495381006628 0.00107273834491209 0.00108722236965261 0.001095674837262 0.00111779549695366 0.00114100723735217 0.00117433747375541 0.0012183283406857 0.00124706326775288 0.0012776490373158 0.00128056305265512
