rodentData/rasterBestModels/Rodents.asc
NCOLS 409 
NROWS 350 
XLLCORNER 60.897278365 
YLLCORNER 5.843756025 
CELLSIZE 0.0892857 
NODATA_value -9999 
[rows 69 to 91 of 350, columns 208 to 259 of 409]
0.000239004459160697 0.000125952459107737 0.000196709786742133 0.000374260635396695 0.000394621575622978 0.0002503515585488 -9999 -9999 -9999 -9999 -9999 -9999 -9999 -9999 -9999 -9999 -9999 -9999 -9999 -9999 -9999 -9999 -9999 -9999 -9999 -9999 -9999 -9999 -9999 -9999 -9999 -9999 -9999 -9999 -9999 -9999 -9999 -9999 -9999 -9999 -9999 -9999 -9999 -9999 -9999 -9999 -9999 -9999 -9999 -9999 -9999 -9999
0.000887790325641902 0.000449394215578991 0.000474993007344438 0.000908729483320769 0.000680594150324509 0.000446684675551978 0.000408019482108557 -9999 -9999 -9999 -9999 -9999 -9999 -9999 -9999 -9999 -9999 -9999 -9999 -9999 -9999 -9999 -9999 -9999 -9999 -9999 -9999 -9999 -9999 -9999 -9999 -9999 -9999 -9999 -9999 -9999 -9999 -9999 -9999 -9999 -9999 -9999 -9999 -9999 -9999 -9999 -9999 -9999 -9999 -9999 -9999 -9999
0.00222183583546443 0.00209697781305085 0.000442567403759142 0.00107491894173251 0.00217366820165488 0.00135005575639369 0.000712219478224085 0.000357050979857831 0.000213120806677125 -9999 -9999 -9999 -9999 -9999 -9999 -9999 -9999 -9999 -9999 -9999 -9999 -9999 -9999 -9999 -9999 -9999 -9999 -9999 -9999 -9999 -9999 -9999 -9999 -9999 -9999 -9999 -9999 -9999 -9999 -9999 -9999 -9999 -9999 -9999 -9999 -9999 -9999 -9999 -9999 -9999 -9999 -9999
0.00476130630566507 0.00240526754321602 0.00108863743184351 0.00191965447326226 0.00143844515563263 0.000279266766568753 0.00026459519654054 0.000381267342135061 0.000272022946063544 -9999 -9999 -9999 -9999 -9999 -9999 -9999 -9999 -9999 -9999 -9999 -9999 -9999 -9999 -9999 -9999 -9999 -9999 -9999 -9999 -9999 -9999 -9999 -9999 -9999 -9999 -9999 -9999 -9999 -9999 -9999 -9999 -9999 -9999 -9999 -9999 -9999 -9999 -9999 -9999 -9999 -9999 -9999
0.00331966444659715 0.00412296072787055 0.00278784256044928 0.00190066118992105 0.000484857546275919 0.000265881437059079 0.000254690197493801 0.00028542515275376 0.000265458371131899 -9999 -9999 -9999 -9999 -9999 -9999 -9999 -9999 -9999 -9999 -9999 -9999 -9999 -9999 -9999 -9999 -9999 -9999 -9999 -9999 -9999 -9999 -9999 -9999 -9999 -9999 -9999 -9999 -9999 -9999 -9999 -9999 -9999 -9999 -9999 -9999 -9999 -9999 -9999 -9999 -9999 -9999 -9999
0.00205715266942352 0.00245000054933187 0.0021202937476934 0.00134308867576038 0.00167949155696689 0.000397510965839842 0.000290934204826954 0.00104077420860094 0.0015293641962586 0.000291208230493112 0.00042084787438057 -9999 0.000170377595765103 -9999 -9999 -9999 -9999 -9999 -9999 -9999 -9999 -9999 -9999 -9999 -9999 -9999 -9999 -9999 -9999 -9999 -9999 -9999 -9999 -9999 -9999 -9999 -9999 -9999 -9999 -9999 -9999 -9999 -9999 -9999 -9999 -9999 -9999 -9999 -9999 -9999 -9999 -9999
0.00279517823660796 0.00238483876804155 0.00144351107975926 0.000388206860446161 0.00145466820006135 0.000415919255285502 0.000369416028910052 0.000942825732099806 0.0011113625532726 0.000413014335251205 0.000547275438734118 0.000688003434561324 0.00119588162385753 0.000365235677918463 -9999 -9999 -9999 -9999 -9999 -9999 -9999 -9999 0.000127227812608766 0.000259758541591992 0.000310332068615082 0.000178661677367131 -9999 -9999 -9999 -9999 -9999 -9999 -9999 -9999 -9999 -9999 -9999 -9999 -9999 -9999 -9999 -9999 -9999 -9999 -9999 -9999 -9999 -9999 -9999 -9999 -9999 -9999
0.00315316543047973 0.00248777820614891 0.0021831744365029 0.000646081443184343 0.000447977492607166 0.000651549701243148 0.000591901829903207 0.000990794357045743 0.00145857036496455 0.000873043597945156 0.000539205182597868 0.000947682569872654 0.000691830802267646 0.000546940759193149 0.000617175091917943 0.000393965776680716 -9999 -9999 -9999 -9999 -9999 -9999 0.000214227865498628 0.000328523686597748 0.000366631604805434 0.000765804191530606 0.000157278534548055 0.000272904065887758 0.000219908993720708 0.000162676548544738 -9999 -9999 -9999 -9999 -9999 -9999 -9999 -9999 -9999 -9999 -9999 -9999 -9999 -9999 -9999 -9999 -9999 -9999 -9999 -9999 -9999 -9999
0.0030275453281207 0.00228038192010104 0.00233956361112869 0.00225906336895154 0.00606909652328053 0.00640271905649659 0.00172690148040866 0.00631206233429249 0.00197158020443422 0.00207448086454987 0.000828176576666451 0.000839027490329158 0.0016180724879078 0.000696874024335159 0.000761223819893075 0.00114953851065991 0.000699783951120025 0.000370263030731621 -9999 -9999 -9999 -9999 0.000733074713451742 0.000406022476539647 0.00107189067928459 0.000250050650727474 0.000189576654186396 0.000346495327676166 0.00104306379957109 0.000218911346188122 -9999 -9999 -9999 -9999 -9999 -9999 -9999 -9999 -9999 -9999 -9999 -9999 -9999 -9999 -9999 -9999 -9999 -9999 -9999 -9999 -9999 -9999
0.00208348874791606 0.00188791264972665 0.00225583199112658 0.00238965240899074 0.00293927103483842 0.00223318048977639 0.00231993227044491 0.00229136738256625 0.00301009817290748 0.00171498737164733 0.00174037650558567 0.00141415328393535 0.00165987212442786 0.00278511020231775 0.00265763146073184 0.00304441588994564 0.000490711468586369 0.000975274122367864 0.000166989782201199 -9999 0.000399754115989026 0.000602799480304839 0.00069231812273074 0.000720876195487108 0.00167859783056201 0.000683851816006609 0.00152148641134886 0.00124534164760348 0.000630071316109593 0.000284266168648628 0.000258253037937806 0.000256284052518652 -9999 -9999 -9999 -9999 -9999 -9999 -9999 -9999 -9999 -9999 -9999 -9999 -9999 -9999 -9999 -9999 -9999 -9999 -9999 -9999
0.00149924406479102 0.0014374316667321 0.00164283224491688 0.00177910912891036 0.0019623307224152 0.00188442438580214 0.00222928365223957 0.00218146412355699 0.00186701922091004 0.00156294724616468 0.00188890480274795 0.00177632019600482 0.00256671998215807 0.00252910873896361 0.00146258537811406 0.000636050829143642 0.000518378354968263 0.000262142638234764 0.000221710287917176 0.00129713919449159 0.000288589995761868 0.0004686703406378 0.00029837099086194 0.00065797859781469 0.000813290257838162 0.00215496243106372 0.00242319375138322 0.00210525710110687 0.000886238035604947 0.000587571644231843 0.000292440114378678 0.00052329568541154 0.00136289503211628 0.000292117620318777 0.000969530180391587 -9999 -9999 -9999 -9999 -9999 -9999 -9999 -9999 -9999 -9999 -9999 -9999 -9999 -9999 -9999 -9999 -9999
0.00110857667464856 0.00133906596827937 0.00130619454020153 0.00132304221325469 0.00143817034657062 0.00156630919609255 0.00180278495567179 0.00144074853356582 0.0010720339618836 0.00192657370962807 0.00194529333508098 0.00255154129029134 0.00147948623014627 0.00153147294878941 0.0015044218375273 0.00115812107779334 0.000890407372480695 0.000394052643969189 0.000432586288752645 0.000624536509462814 0.000599496758468376 0.000981967073300893 0.000245431133294005 0.000479791637474136 0.000653394880373526 0.000823650957499922 0.00243741023246002 0.00113598392363201 0.00116610930933803 0.000772646631588714 0.000678207515960594 0.00064514516827785 0.000355276899448143 0.000297770881026338 0.000548005894756898 0.00023059104693246 -9999 -9999 -9999 -9999 -9999 -9999 -9999 -9999 -9999 -9999 -9999 -9999 -9999 -9999 -9999 -9999
0.00156997848109824 0.00141959407819398 0.00136537445662671 0.00121342630264504 0.00133420589215724 0.00145173943302956 0.00143681960095951 0.00129068526506487 0.00100471134582661 0.00144410646890689 0.00171789306615699 0.00190116397156298 0.00138192759771316 0.0015292634913151 0.00145716620021652 0.00141476272972341 0.0014211638124948 0.000786863694372641 0.000663425965370834 0.000971835212538963 0.000995867217000068 0.000724692420419615 0.000531305911408708 0.000470682124841915 0.000840952038288378 0.00108584555323432 0.001123188546444 0.00214891105338211 0.00110697838090346 0.00115276516248741 0.000973085854468536 0.000578515820535586 0.000518529159990067 0.000339111118464075 0.000632911462631114 0.000291473442928236 0.00022046873406012 -9999 -9999 -9999 -9999 -9999 -9999 -9999 -9999 -9999 -9999 -9999 -9999 -9999 -9999 -9999
0.00133574302292139 0.00137893027026437 0.00140425397172464 0.00132233001906384 0.00124083733507441 0.00125231137594656 0.0013803919548184 0.00123556540586969 0.0013730596830917 0.00129854641540728 0.00133159917401304 0.00164554159971042 0.00170891923778943 0.0013000111222331 0.00137070123220107 0.00250416342740545 0.00148766864082717 0.0011829555184022 0.000986863232412816 0.00127666162879336 0.00117826578690483 0.00116435472597232 0.00075177540736604 0.000650800441462707 0.00107631466903513 0.00100397565302046 0.000896404055538369 0.00211166103190408 0.000933248970341083 0.00107345465721664 0.000873186100079693 0.000514817358038044 0.000610472517820426 0.000642956295195063 0.000750733334598408 0.000359180000835124 0.00100954404162934 -9999 -9999 -9999 -9999 -9999 -9999 -9999 -9999 -9999 -9999 -9999 -9999 -9999 -9999 -9999
0.00137303711790482 0.00130882910203681 0.00133237389143842 0.00143921627465704 0.00146718468064913 0.00118045025874561 0.001318866981532 0.00122954378524898 0.00142135249229358 0.00138348604595506 0.00120172418972564 0.00127049646512578 0.00139619562316634 0.00153269328451472 0.00111902435702405 0.00137597855423044 0.00137087237149558 0.00144480756104315 0.00129045345990875 0.00119957362291956 0.00101535909269401 0.00116734487471604 0.00114690946224982 0.00102251040675583 0.00108401369016065 0.00191310199704731 0.000859115885305073 0.00188936072481738 0.000971137145825196 0.00104304238811892 0.00112674292552128 0.0011120784937475 0.00137687762702399 0.00121774293393173 0.000946028279145139 0.000531781077441451 0.000709210984368269 0.00141198175091972 0.00182068284291859 0.00158114191626524 -9999 -9999 -9999 -9999 -9999 -9999 -9999 -9999 -9999 -9999 -9999 -9999
0.00131544793061009 0.00131541202132263 0.00141201474861227 0.00136476009836289 0.00130523147621403 0.00116568203762624 0.0011294280377985 0.00121271278575169 0.00144926734074979 0.00124905641787043 0.00124374760496027 0.00141513775924684 0.00151025635639201 0.00157671408736482 0.00115373655336337 0.00186187166235419 0.00205932946923859 0.00199149849407743 0.00215028190867272 0.00166260855242228 0.00100321736937303 0.00118510101776792 0.000965609404346424 0.00163207810396671 0.00202503463236781 0.002032631168845 0.00104913268614837 0.00103561749256187 0.00139685831641145 0.000823273374408018 0.00186778325314663 0.00113317495697629 0.00113379343292763 0.000923279953155998 0.00112078590063902 0.00101386071764864 0.00361847427541306 0.00130095811434217 0.00153521038603799 0.00146237360709733 0.00281902254116062 0.00227990839205461 -9999 -9999 -9999 -9999 -9999 -9999 -9999 -9999 -9999 -9999
0.00106534132404705 0.0011853580265723 0.00126425280729418 0.00109620814127795 0.00125710491747927 0.00122992707876565 0.00125032623377797 0.00119742316670263 0.00110428033482363 0.00115885976037378 0.0013376962899514 0.00141657276743468 0.00145040744900404 0.001538173501898 0.00164010181108187 0.00145250368784633 0.00142453004742071 0.00172357549070234 0.00144319544376348 0.00112673864351009 0.00107867249890603 0.00183205144315934 0.00111274498121361 0.0016302216087638 0.00200454563707808 0.00148893748621504 0.00151729523224731 0.00148588418892359 0.00110732787970846 0.0011097141054961 0.0011497423313358 0.00109439191726324 0.000739231827253661 0.000442603919367457 0.000554397814966023 0.00134685982442306 0.000916903647578238 0.00387477831495175 0.0033619453793392 0.00290026962781553 0.00431941327315144 0.00192803072135916 0.00250854328326966 -9999 -9999 -9999 -9999 -9999 -9999 -9999 -9999 -9999
0.00104441168793205 0.00170440682149725 0.00118795500916319 0.00162043163108416 0.00101345541931774 0.00149645563892642 0.00160378255569515 0.000924923974054526 0.00125548823174393 0.00117451658013801 0.00124017775209451 0.00148254277152171 0.00103529458487772 0.00140624595183558 0.001297793039154 0.0013153249530955 0.000974849635325459 0.00103630662388099 0.00137920833873295 0.00149886910005392 0.00168207280984944 0.00134584968040485 0.00176630864945082 0.00109470275054946 0.0022094100081631 0.0011141738070819 0.0013541948699185 0.00209205611895413 0.0010717298309828 0.00112533033779982 0.00115929101366419 0.00121201135425508 0.00115994234988648 0.00115754800617651 0.00068399526762164 0.000349041300566455 0.000418458455719417 0.000412977237388645 0.00219907191700486 0.00247193241536081 0.0013871351504946 0.00277959191730304 0.00316178239317821 0.0023304820546457 -9999 -9999 -9999 -9999 -9999 -9999 -9999 -9999
0.000871788319672422 0.000964694823109791 0.00102419331792118 0.00142220785200578 0.00097395475176737 0.00100810791622985 0.000957990295538114 0.000924120814086438 0.00126071241128933 0.00120709304378186 0.0014805262065698 0.00158054362085913 0.00159720518709872 0.0013448644196572 0.00085539455838024 0.00127199568182723 0.00130407379556363 0.00129396284214955 0.000956471012688809 0.000974461405920835 0.0012101104435267 0.00202805961063746 0.00103219876385197 0.00164509786844746 0.00205170271578936 0.00113860809187827 0.00149285455518111 0.00214832231790751 0.00216416922285134 0.00221889320187074 0.00200082967285198 0.00215160087009281 0.0011384337490199 0.00115368419710649 0.000463736324775255 0.00060626723796986 0.000971001927098314 0.000713275317423268 0.000646673337868719 0.000629664120964435 0.00117210357113606 0.00249181297930079 0.00277723739625912 0.00253336750312627 -9999 -9999 -9999 -9999 -9999 0.000940025113642662 0.00727176356065229 -9999
0.000574275707699701 0.000742941316271171 0.000889544438841521 0.000944921909501656 0.000921735273586057 0.000923988780587304 0.000890268881951289 0.000864074343471868 0.000859310849337575 0.00088275301162466 0.000991899298680599 0.000999953018363531 0.00104039696258695 0.0010689753577422 0.00104974316830209 0.000975328079784177 0.00137462681134171 0.00121247846991945 0.001227945063075 0.00109585823774871 0.00121903172891535 0.00155166540283602 0.000945829578398616 0.0018910798059153 0.00159396401519984 0.00118766440516538 0.00219361739186752 0.0021717461196431 0.00214216078370555 0.00149290099398058 0.00157236185555121 0.00266232836224845 0.00122078594949926 0.00132897067010163 0.00105199137806267 0.00109116088452765 0.00100479552622801 0.00111250811880836 0.00118772164151437 0.00149946234350296 0.00250533590177326 0.00115600011743311 0.00259102305007275 0.00218791057874768 0.00182091174807653 0.000571592921914998 -9999 0.00128331133353399 0.00175574639494513 0.00242613171711525 0.0125449139591751 0.00339045664608761
0.000596575937913513 0.00060741314251541 0.00065054593684789 0.000719257919025031 0.000757317020354264 0.000769136237624014 0.000773641295651585 0.000742736601016106 0.00082011295582686 0.000824693202605017 0.000882057152085336 0.000853043429340783 0.000967446504554381 0.00150822298394981 0.000983204083217615 0.00103687417118614 0.00100639733582764 0.00131007075202305 0.00114401472123005 0.00118559575542143 0.00123354517302587 0.000846554996851268 0.00138817803468072 0.00157756231664052 0.00181060240035436 0.00206455336177669 0.00154365538446655 0.00153704349781947 0.00156560880270717 0.00122838670063175 0.00111679474912307 0.00114795180752481 0.00129903547895083 0.0015683822371102 0.00327234535598109 0.00187465281692312 0.00161185629150395 0.00140827647692277 0.0018065341540705 0.000924996800591771 0.00248708763103878 0.00307840514487623 0.00251581337525408 0.00274412264774071 0.00280650413118622 0.00199991666462296 0.000703496539109949 0.000388894628976288 0.00103500865584749 0.00416170537585003 0.0127209497078411 0.00325789203483851
0.000417237762413203 0.000540292691501576 0.000549969301309766 0.000555896192761113 0.000580032924419549 0.000577206137962763 0.00107723767475479 0.00112805173664565 0.000726946128188216 0.00074871436137347 0.000813512695978402 0.000872882671588415 0.000898586770417653 0.000945883226530997 0.000958283192072251 0.00098881101695758 0.000984929483191621 0.00134379308408783 0.00113730393286859 0.00119017490402884 0.00126907394822284 0.00117638893517835 0.00111474649894561 0.000849242486268054 0.000892685518408598 0.00153160044445144 0.00150149015729539 0.00117039589474643 0.00254817459193646 0.00122522526021385 0.00110046148233778 0.00104470948508606 0.00125564488621421 0.00167283946825592 0.00201245171382425 0.00153622885000004 0.00161430047546673 0.00166495582288917 0.00189360643639702 0.00187814210369197 0.00157506974471744 0.00338712392453999 0.00265328795565267 0.00316872464017592 0.00119758265908132 0.00203549513268086 0.00080192070807783 0.00196252652116868 0.00197377933298526 0.00444688479183242 0.01143645251517 0.00144792426026186
0.00048533926677452 0.000499970658475624 0.000405152046253465 0.00041145296499645 0.000432557054999005 0.000443870685624737 0.000568993949256691 0.00100857601331505 0.000505596424941412 0.000630963070508916 0.000674724362226542 0.000671091179585914 0.0010677572403327 0.000899123356590925 0.00120726635788615 0.000924020782813506 0.000918023621950037 0.000813421979179663 0.00080227470787575 0.000904287723705322 0.00118538647024025 0.00120045412333436 0.00111959111035809 0.00110063136592053 0.00114139971870486 0.00130177986955005 0.00103446513824679 0.00108874199287357 0.00109223610968456 0.00104981772187784 0.000995914971497314 0.000981198582962861 0.0010662444128684 0.00103896570365691 0.00128701908565176 0.00125046849063892 0.00254599965887792 0.00176876072896448 0.00228472528635848 0.00258598883158356 0.00216353082493015 0.0048410848831395 0.00111089455032243 0.00462370771782616 0.00232454906988266 0.00178899644455299 0.000749189552621488 0.00459638625139291 0.00270494463518389 0.0112339038844311 0.00253720400067436 0.000909716309863029
