rodentData/rasterBestModels/Tatera_RD_RM2.asc
NCOLS 409 
NROWS 350 
XLLCORNER 60.897278365 
YLLCORNER 5.843756025 
CELLSIZE 0.0892857 
NODATA_value -3.4e+38 
[rows 198 to 219 of 350, columns 147 to 195 of 409]
0.00012701700325124 0.000169724997249432 0.000136836999445222 0.000217307999264449 0.000216440006624907 0.000211703998502344 0.000166441997862421 0.000153619999764487 0.000148464998346753 0.000145818994496949 0.000140827003633603 0.000134325004182756 0.000124783997307532 0.000122054996609222 0.000118016003398225 9.4718299806118e-05 8.84311011759564e-05 0.000107585998193827 8.70337971718982e-05 8.63325985847041e-05 8.44227033667266e-05 0.000101343997812364 0.000100457000371534 7.97664033598267e-05 9.83494974207133e-05 7.64551004976965e-05 9.10501985345036e-05 9.01638995856047e-05 7.35936991986819e-05 8.91478994162753e-05 8.98857033462264e-05 7.39539973437786e-05 8.92067982931621e-05 7.28883969713934e-05 7.0810601755511e-05 6.85623017488979e-05 2.79791001958074e-05 2.76761002169224e-05 6.18741978541948e-05 7.1071699494496e-05 6.99915035511367e-05 6.7247798142489e-05 6.71594025334343e-05 5.69135008845478e-05 5.9153200709261e-05 0.000314962002448738 0.000303809007164091 5.60268017579801e-05 6.86318016960286e-05
0.000118171999929473 0.000151479005580768 0.000205795993679203 0.000224955001613125 0.000232021993724629 0.000230808000196703 0.00050507002742961 0.000158801005454734 0.000179470996954478 0.000177465000888333 0.000121055003546644 0.000134086003527045 0.000148138002259657 9.85203005257063e-05 0.000121522003610153 0.000144007994094864 0.000116641997010447 0.000114242997369729 0.00011285999789834 0.000112175999674946 8.80047009559348e-05 0.000126188999274746 8.22407018858939e-05 7.85946031101048e-05 7.67525998526253e-05 9.27672008401714e-05 9.23250991036184e-05 9.1259898908902e-05 7.43330965633504e-05 7.38408998586237e-05 0.00153159000910819 9.12839968805201e-05 9.07686990103684e-05 8.9720000687521e-05 3.09700008074287e-05 8.64792964421213e-05 7.04541016602889e-05 2.82917008007644e-05 6.59013021504506e-05 6.35284013696946e-05 7.26185025996529e-05 0.000316313991788775 0.000316740013659 5.9761201555375e-05 6.03135013079736e-05 6.03906009928323e-05 6.14168020547368e-05 0.000315281999064609 9.31648028199561e-05
0.00014191199443303 0.000182585994480178 0.000198245994397439 0.000182004005182534 0.000221705005969852 0.000544696988072246 0.000209197998628952 0.000158584996825084 0.000148227001773193 0.000114634996862151 0.000134695001179352 0.000135416004923172 0.000129335996462032 0.000150631996802986 0.000125097998534329 0.000149618004797958 0.000123941004858352 0.000121302997285966 0.000118597003165632 0.000117206996947061 0.000114877999294549 0.000133074994664639 0.000107307998405304 0.00012002199946437 9.51182009885088e-05 9.26826978684403e-05 7.62077033868991e-05 9.2246598796919e-05 0.000110986999061424 9.18915029615164e-05 7.44883000152186e-05 9.11558963707648e-05 3.19479986501392e-05 3.20487997669261e-05 7.5028401624877e-05 3.07008012896404e-05 8.87833011802286e-05 3.00617994071217e-05 2.86332997347927e-05 6.79427030263469e-05 0.000338234007358551 6.23949017608538e-05 7.45670986361802e-05 6.00636994931847e-05 6.05661007284652e-05 6.11255018156953e-05 6.06629982939921e-05 7.27728984202258e-05 5.92128017160576e-05
0.000133127992739901 0.000207000994123518 0.000179169001057744 0.000140447999001481 0.00017306899826508 0.000198940993868746 0.000128393992781639 0.00017811800353229 0.000174087006598711 0.000168625003425404 0.000142902004881762 0.000136255999677815 0.000158259004820138 0.000156711001181975 0.000125246006064117 0.000144988996908069 9.82974015641958e-05 9.60128018050455e-05 9.42785991355777e-05 9.31051981751807e-05 9.09060036065057e-05 8.8664201030042e-05 0.000301978987408802 0.000288934010313824 7.93548970250413e-05 9.48777014855295e-05 9.40020036068745e-05 9.33974006329663e-05 9.2349000624381e-05 9.16288990993053e-05 3.19555001624394e-05 3.19409991789144e-05 3.19786995532922e-05 3.23839012708049e-05 3.24239008477889e-05 7.64915021136403e-05 9.19359008548781e-05 9.0710302174557e-05 8.82684034877457e-05 8.76479025464505e-05 6.83730977470987e-05 6.5774998802226e-05 9.34627023525536e-05 7.44434000807814e-05 6.0313399444567e-05 6.12639996688813e-05 9.09313021111302e-05 7.2918897785712e-05 0.000316760007990524
0.000166444006026722 0.000185602999408729 0.000228087999857962 0.000194306005141698 0.000181762006832287 0.000172821004525758 0.000163302000146359 0.000154224006109871 0.000147441998706199 0.000147646002005786 0.000147508006193675 0.000142946999403648 0.000139373994898051 0.000161304997163825 0.000129909996758215 0.00012820000119973 0.000152234002598561 0.000125167993246578 0.000122266006655991 0.000118773001304362 0.00011520300176926 9.2428301286418e-05 9.11692986846901e-05 8.64632966113277e-05 0.000103120997664519 0.000100079996627755 3.40354999934789e-05 7.73801002651453e-05 9.47723965509795e-05 9.31340982788242e-05 9.24397972994484e-05 9.2021502496209e-05 9.22209001146257e-05 7.65992008382455e-05 9.50590983848087e-05 9.56518997554667e-05 9.44581988733262e-05 9.5322699053213e-05 9.31757022044621e-05 0.00010932500299532 8.71248994371854e-05 6.80097000440583e-05 6.48935965728015e-05 7.64131982577965e-05 7.43120981496759e-05 9.08040019567125e-05 0.000211973005207255 7.10895983502269e-05 7.00567979947664e-05
0.000201945003936999 0.000227679993258789 0.000196408000192605 0.000196975001017563 0.000192698993487284 0.000168600003235042 0.000201914997887798 0.000128828993183561 0.000152766995597631 0.000151721993461251 0.000155481000547297 0.000149090003105812 0.000141690004966222 0.000140692995046265 0.000157588001457043 0.00015655999595765 0.00015723799879197 0.000127730003441684 0.000150363994180225 0.000148031002026983 9.74681970546953e-05 9.61789992288686e-05 0.000139326002681628 0.000112128000182565 0.000130846005049534 0.000106120998680126 0.000122475001262501 9.71953995758668e-05 7.90710982983001e-05 7.75407024775632e-05 9.34421987039968e-05 7.67488018027507e-05 7.72221974330023e-05 7.82727001933381e-05 7.7278797107283e-05 0.000115025999548379 9.51389010879211e-05 9.68579988693818e-05 7.80678019509651e-05 7.47806989238597e-05 7.1907699748408e-05 8.30784993013367e-05 9.65608996921219e-05 9.44092971622013e-05 7.63552015996538e-05 0.000216286003706045 6.042509994586e-05 0.000205467993509956 6.96377974236384e-05
0.0001473559968872 0.000243055997998454 0.000242441004957072 0.000197518995264545 0.000190445003681816 0.000184994001756422 0.000179883994860575 0.000172204992850311 0.000162254000315443 0.000185683005838655 0.000158687005750835 0.000152313004946336 0.000146813006722368 0.000172515006852336 0.000160030002007261 0.000153169996337965 0.000126936996821314 0.000121502002002671 0.000121005003165919 0.000141903001349419 0.000117518000479322 0.000115141003334429 9.30707028601319e-05 8.84219989529811e-05 8.57910999911837e-05 0.000105621002148837 0.000105828999949154 8.43262023408897e-05 9.83588033705018e-05 7.84751973696984e-05 7.63541975175031e-05 0.000110173001303338 0.000110938999569044 0.000113397996756248 0.000113552996481303 9.53905982896686e-05 9.66756997513585e-05 3.41351005772594e-05 7.9257100878749e-05 9.42137994570658e-05 8.94757031346671e-05 6.93522015353665e-05 6.58928984194063e-05 9.44350031204522e-05 9.25318963709287e-05 2.60697997873649e-05 7.37458976800554e-05 8.83956017787568e-05 7.26009020581841e-05
0.000226122996537015 0.000168497004779056 0.000250737008173019 0.000205283999093808 0.000549330026842654 0.00021675499738194 6.32216979283839e-05 0.00020990900520701 0.000203343995963223 0.000201749993721023 0.000165942998137325 0.000160188996233046 0.000120768003398553 0.000151554006151855 0.000145946993143298 0.00013671099441126 0.000104562997876201 0.000110950000816956 0.000116123999760021 9.2519199824892e-05 0.000112936002551578 0.000110538996523246 0.0001302710006712 0.000104163002106361 0.000119470001664013 8.27195035526529e-05 0.00010290699719917 8.21736030047759e-05 7.74357977206819e-05 9.33304036152549e-05 7.45310026104562e-05 0.000107574996945914 0.000107476000266615 0.000109471999166999 0.000111148001451511 0.000112822002847679 0.000117383999167942 8.18503031041473e-05 0.000119673000881448 9.648319974076e-05 7.65232980484143e-05 7.12784967618063e-05 9.81061966740526e-05 9.35019997996278e-05 7.50624021748081e-05 0.00125382002443075 6.19343991274945e-05 7.49188984627835e-05 7.65036966186017e-05
0.000195004002307542 0.000207852004677989 0.000208154000574723 0.000186781995580532 0.000193975996808149 6.5255502704531e-05 0.000211325997952372 0.000177659996552393 0.000214497005799785 0.00021605400252156 0.000178741000127047 0.000171213992871344 0.000186381003004499 0.000182023999514058 0.000153118002344854 0.000146828999277204 0.000139280993607827 0.000127375998999923 0.0001194439973915 9.39594974624924e-05 0.000113217000034638 8.95284974831156e-05 0.000109139997221064 0.000106136001704726 8.39541025925428e-05 0.000101388999610208 9.83724967227317e-05 7.71979030105285e-05 7.45232027838938e-05 9.01353996596299e-05 9.01960011105984e-05 7.21213000360876e-05 8.67506969370879e-05 0.000105320003058296 0.000108211002952885 7.67707024351694e-05 0.000119440002890769 0.000104658996860962 0.000121718003356364 7.85403026384301e-05 9.13057010620832e-05 8.64636967889965e-05 8.05876989034005e-05 2.63263991655549e-05 6.12652002018876e-05 7.2923801781144e-05 8.98522994248196e-05 7.62459967518225e-05 7.93982035247609e-05
0.000193097002920695 7.03081968822517e-05 0.000169395003467798 7.10891035851091e-05 0.000161589006893337 0.00015695599722676 0.000152074004290625 0.000178086993400939 0.000229822006076574 0.000190830993233249 0.00021366699365899 0.000174122003954835 0.000167117003002204 0.000187195997568779 0.000158299997565337 0.000153829998453148 0.000176407003891654 0.000168504004250281 0.000131866996525787 9.63405982474796e-05 0.000113916001282632 9.04326007002965e-05 0.000130911997985095 0.000107635998574551 0.0001061849980033 0.000103102000139188 9.93728972389363e-05 9.69254033407196e-05 9.34311974560842e-05 0.000108498003100976 7.35846988391131e-05 0.000106118997791782 0.000104229002317879 8.85843983269297e-05 7.51460029277951e-05 0.000117729003250133 0.000126141996588558 0.000104847997135948 0.000120719996630214 9.6404597570654e-05 9.03328982531093e-05 8.45632966957055e-05 7.88937977631576e-05 7.35154026187956e-05 5.91786010772921e-05 2.44902003032621e-05 5.99763006903231e-05 7.49950995668769e-05 7.88799006841145e-05
0.000148616993101314 0.00016147899441421 0.000211363993003033 0.000212963001104072 7.18212031642906e-05 0.000195831002201885 0.000186884004506283 0.000179847003892064 0.00023267199867405 0.000197957997443154 0.000185907003469765 0.000219234003452584 0.000171375999343581 0.000161663992912509 0.00016430500545539 0.000159843999426812 0.000141897995490581 0.00017662400205154 0.000169331993674859 0.000127221006550826 0.000138350995257497 0.000114021000626963 9.03768013813533e-05 0.000110173001303338 8.81136002135463e-05 8.4237901319284e-05 8.17925974843092e-05 9.92532004602253e-05 9.65291983447969e-05 7.79873007559218e-05 7.44737990316935e-05 9.005830361275e-05 7.30340034351684e-05 9.11001989152282e-05 0.000113155998406 0.000119220996566582 8.68062998051755e-05 0.000124091006000526 8.06215030024759e-05 7.85762022132985e-05 7.45138022466563e-05 6.90750966896303e-05 7.86391974543221e-05 6.07508991379291e-05 5.85525995120406e-05 6.97896975907497e-05 5.81895983486902e-05 6.07397996645886e-05 6.38624987914227e-05
0.000135092996060848 0.000206418000743724 0.000225003997911699 0.000275675993179902 0.000265726004727185 0.000257543986663222 0.000166373996762559 0.000152734006405808 0.000184062999323942 0.00023143099679146 0.00019614900520537 0.000227843003813177 0.000147490005474538 0.00017253500118386 0.000198709996766411 0.000166091005667113 0.000188063000678085 0.000180426999577321 0.000150014995597303 0.000143452998599969 0.000130547006847337 0.000118144998850767 9.24053019843996e-05 0.000132553002913482 0.000132223998662084 0.000128283994854428 8.60892978380434e-05 8.46594994072802e-05 8.2318700151518e-05 8.09335033409297e-05 9.48368033277802e-05 7.63970965635963e-05 7.4780298746191e-05 7.51647967263125e-05 9.50253015616909e-05 0.000120343996968586 8.3492101111915e-05 0.000101928002550267 0.000119023003207985 7.86997989052907e-05 7.4211297032889e-05 0.000103211998066399 7.93478975538164e-05 6.11775030847639e-05 5.85675006732345e-05 7.05549973645248e-05 5.99093000346329e-05 6.03002008574549e-05 7.76921006035991e-05
0.000157792994286865 0.000197832006961107 0.000256175000686198 0.00023159799457062 0.000233808998018503 0.000271772994892672 0.000252399011515081 0.00023262899776455 0.000527779979165643 0.000187215002370067 0.00018589899991639 0.00017869500152301 0.000145151003380306 0.00018812800408341 0.000182955001946539 0.000175966997630894 0.00016655599756632 0.000125991005916148 0.000183479001861997 0.000152445005369373 0.000175356995896436 0.00013327099441085 0.000119033000373747 0.000113216003228445 9.2561800556723e-05 0.000135199996293522 8.66811024025083e-05 0.000105583996628411 0.000103507998574059 8.43617017380893e-05 8.31457000458613e-05 8.34813035908155e-05 9.89456020761281e-05 8.1950296589639e-05 8.23910013423301e-05 8.08756012702361e-05 8.1853402662091e-05 8.2235099398531e-05 8.02623035269789e-05 0.000117957999464124 9.39558012760244e-05 8.63110981299542e-05 7.95899031800218e-05 6.15144017501734e-05 5.90804993407801e-05 7.04643971403129e-05 7.21838005119935e-05 6.13603988313116e-05 7.84756994107738e-05
0.000229473997023888 0.000275124999461696 0.000285729009192437 0.000240695997490548 0.000216147003811784 0.000228839999181218 0.000259889988228679 0.000200656999368221 6.83817997924052e-05 0.000149580999277532 0.000182371004484594 0.000506258977111429 0.000504282012116164 0.000189611004316248 0.000190254999324679 0.000142945005791262 0.000174328000866808 0.000172394997207448 0.000167591002536938 0.000131248001707718 0.000129149004351348 0.000153276007040404 0.000134822999825701 0.000120846001664177 9.52979025896639e-05 0.000118907999421936 9.40956015256234e-05 9.02280007721856e-05 0.000129602005472407 8.61010994412936e-05 8.3411498053465e-05 8.6101601482369e-05 8.50206997711211e-05 8.52805023896508e-05 8.49510033731349e-05 8.35515966173261e-05 8.34962993394583e-05 0.000124359998153523 0.000121691999083851 8.39397034724243e-05 0.000117727002361789 8.99137012311257e-05 9.84763973974623e-05 0.00022056300076656 2.53041998803383e-05 7.17211005394347e-05 0.000318653008434922 7.55738001316786e-05 2.73787991318386e-05
0.00021060899598524 0.000261606997810304 0.000257375999353826 0.00021575900609605 0.000212200000532903 0.00020226399647072 6.833829684183e-05 6.67397034703754e-05 0.000220968999201432 0.000233465994824655 0.000237105996347964 0.000157850998220965 0.000514173007104546 6.50118963676505e-05 0.000195778993656859 0.00018823599384632 0.000212640996323898 0.000208782003028318 0.00020734200370498 0.00013803799811285 0.0001676740066614 0.000162883006851189 0.000178429007064551 0.00013099200441502 0.00010048299736809 9.68723034020513e-05 9.42944025155157e-05 0.000114000002213288 9.55322029767558e-05 0.000111102999653667 0.000129812993691303 9.0478097263258e-05 8.7897598859854e-05 8.93219985300675e-05 0.000109679000161123 0.000130346001242287 8.76475969562307e-05 8.8742897787597e-05 0.000125448001199402 0.00012583400530275 0.00012426299508661 7.82583010732196e-05 7.1147398557514e-05 0.000232878999668173 6.23820014880039e-05 7.49825994716957e-05 0.000218321001739241 7.7059303293936e-05 7.79101028456353e-05
0.000231315003475174 0.000190303995623253 8.21026987978257e-05 7.84783987910487e-05 0.000213270002859645 7.15436981408857e-05 0.00019570899894461 0.000189995000255294 6.60549994790927e-05 0.00018871900101658 0.000189227997907437 0.000185254000825807 0.000182567004230805 0.000189953003427945 0.000200851995032281 0.000195105007151142 0.000189618993317708 0.000185612996574491 0.000217948007048108 0.000167271995451301 0.000176297005964443 0.000171534993569367 0.000160936004249379 0.000143480006954633 0.000135363006847911 0.000103366000985261 0.000119575001008343 0.000116319999506231 9.43159029702656e-05 9.68461026786827e-05 9.5477000286337e-05 9.39351011766121e-05 9.40181998885237e-05 9.37861987040378e-05 8.99431033758447e-05 8.83737011463381e-05 0.000109797001641709 9.02000974747352e-05 8.75319019542076e-05 8.65034016896971e-05 0.000125321006635204 0.00010124700202141 7.76477027102374e-05 7.14468988007866e-05 6.66308988002129e-05 9.55954965320416e-05 9.47535008890554e-05 6.60563964629546e-05 8.06090974947438e-05
0.000153285000124015 0.000261295004747808 0.000283269007923082 0.000246214010985568 0.000235875006183051 0.000223862996790558 0.000212197002838366 0.00020090100588277 0.000232271006098017 0.000151448999531567 0.000149187006172724 0.000184703007107601 0.000182891002623364 0.000156202993821353 0.00016383700130973 0.000161207004566677 0.000196587992832065 0.000154034001752734 0.000152473992784508 0.000188669000635855 0.000218022003537044 0.000212123995879665 0.000202454000827856 0.000157553004100919 0.000148617997183464 0.000139689000206999 0.000156174995936453 0.00010299299901817 0.000104491999081802 0.000101960999018047 9.93244029814377e-05 9.35631978791207e-05 9.57344964263029e-05 9.23257975955494e-05 9.47837979765609e-05 9.03323016245849e-05 9.20820020837709e-05 8.89888979145326e-05 0.000108551997982431 8.79079016158357e-05 0.000106384002720006 0.00010367100185249 8.04973969934508e-05 7.55432993173599e-05 7.05869970261119e-05 9.99662006506696e-05 7.99039989942685e-05 7.96141976024956e-05 6.71804009471089e-05
0.000128548999782652 0.000192514999071136 0.000210350000998005 0.000220988993532956 0.000224514995352365 0.000178735994268209 0.000184149001142941 0.000228153003263287 0.000208245997782797 0.000154023000504822 0.000190641992958263 0.000185825003427453 6.422059959732e-05 0.00014970799384173 0.000200563998077996 0.000201756993192248 0.00019864400383085 0.000199981994228438 0.000196553999558091 0.000229379002121277 0.00015389799955301 0.000188830003025942 0.000213110004551709 0.00016982399392873 0.000158680995809846 0.000120204997074325 0.000114084999950137 0.000106826999399345 0.00013135299377609 0.000106754996522795 0.000103790996945463 9.83270001597703e-05 0.000118135001685005 0.00011655299749691 9.4157199782785e-05 0.000114144997496624 9.31897011469118e-05 8.90500014065765e-05 0.000108906002424192 8.75234982231632e-05 8.72849996085279e-05 8.61985026858747e-05 8.19741981104016e-05 7.68230020185001e-05 7.20368989277631e-05 0.000102177000371739 8.13473016023636e-05 8.01971982582472e-05 8.19021006464027e-05
0.000156395995873027 0.000188979000085965 0.000234582999837585 0.000227751006605104 0.000205610005650669 0.000219720997847617 0.00026532300398685 0.000270224991254508 0.000225099996896461 0.000214644998777658 0.000239070999668911 0.000190013000974432 0.00018839500262402 0.000186589997611009 0.000188168996828608 0.00018838100368157 0.000225241004955024 0.000204190000658855 0.000201396003831178 0.000200296999537386 0.000200536000193097 0.000157471004058607 0.000221716996748 0.00017859399667941 0.000199960995814763 0.000145989994052798 0.000166932004503906 0.000108815002022311 0.000134614005219191 0.00011068899766542 0.000111385001218878 0.00010727300104918 0.000102753001556266 9.93377034319565e-05 9.73916976363398e-05 0.000116518000140786 9.4776798505336e-05 0.000111123998067342 0.000109629996586591 8.75723999342881e-05 8.6132698925212e-05 0.000104553000710439 0.000292270997306332 7.74751970311627e-05 7.27088990970515e-05 8.74653997016139e-05 8.48904965096153e-05 9.95933005469851e-05 9.97735987766646e-05
0.000143376004416496 0.000146460006362759 0.000198919995455071 0.000234841005294584 0.000251599994953722 0.000224741001147777 0.000267991999862716 0.000270505988737568 0.000274235993856564 0.000264089001575485 0.000251024990575388 0.000229391996981576 0.00018966400239151 0.00018841000564862 0.000191264000022784 0.000154313995153643 6.33863019174896e-05 0.000156773006892763 0.000205164004000835 0.000206637996598147 0.000206655997317284 0.00344473007135093 0.000193718995433301 0.000183868003659882 0.000208825993468054 0.000164765995577909 0.000152980996062979 0.000173477004864253 0.000142806005897 0.000115248003567103 0.000121709999802988 0.000116251998406369 0.000139176001539454 0.000107024003227707 0.00012755100033246 0.000120946999231819 0.000116456001705956 0.000112617999548092 9.07381981960498e-05 0.000105997998616658 0.000103093996585812 0.00010055500024464 7.96548993093893e-05 9.59679018706083e-05 7.50377002987079e-05 7.35025969333947e-05 0.000106831997982226 8.69915966177359e-05 8.77194033819251e-05
0.000124212994705886 0.000142931006848812 0.00019681200501509 0.000205850999918766 0.000259928987361491 0.00026813498698175 0.000262218003626913 0.000228032004088163 0.00027149700326845 0.000219470995943993 0.000252133002504706 0.000236578998737969 0.000151736006955616 0.000190235004993156 0.000197917994228192 0.000156951995450072 0.00019180600065738 0.000196729000890628 0.000209381003514864 0.000214865998714231 0.000212547005503438 0.000168086000485346 0.000160070994752459 0.000186018995009363 0.000145155005156994 0.000170540006365627 0.000160447001690045 0.000158245995407924 0.000155115994857624 0.00015079700096976 0.000126957995234989 0.000127842999063432 0.000121144999866374 0.00011570799688343 0.00011049799650209 0.000105056002212223 0.000103744001535233 0.000141989003168419 8.99853985174559e-05 0.000104774000647012 0.000100245997600723 9.74225986283273e-05 7.91300990385935e-05 9.66355000855401e-05 9.44783969316632e-05 9.28961017052643e-05 0.000112055997306015 7.74498985265382e-05 0.000117825999041088
3.6358498618938e-05 0.000125456994283013 0.000190816994290799 0.000248555996222422 0.000233619997743517 0.000272445991868153 0.000221984999370761 0.000256803992670029 0.000267413997789845 0.000262190995272249 0.000208194993319921 0.000236374005908147 0.000225494004553184 0.000190546998055652 0.000238941996940412 0.000248216994805261 0.000176147004822269 0.00021097699936945 0.000211017002584413 0.000217855995288119 0.000178633999894373 0.000171845997101627 0.000166694997460581 0.00015578800230287 0.000183495998498984 0.000144133999128826 0.000201336995814927 0.000165473000379279 0.000164206998306327 0.000126364000607282 0.000155201007146388 0.000157778995344415 0.000186097997357138 0.000152184002217837 0.000144510995596647 0.000109827997221146 0.000104409002233297 0.000125627993838862 9.52206974034198e-05 8.75226978678256e-05 8.26343966764398e-05 8.05707968538627e-05 7.99050030764192e-05 7.9873701906763e-05 7.74811996961944e-05 9.54768984229304e-05 9.79363030637614e-05 0.000123482997878455 0.00011105599696748
