rodentData/rasterBestModels/Tatera_RD_RM2.asc
NCOLS 409 
NROWS 350 
XLLCORNER 60.897278365 
YLLCORNER 5.843756025 
CELLSIZE 0.0892857 
NODATA_value -3.4e+38 
[rows 220 to 241 of 350, columns 196 to 244 of 409]
0.00231195008382201 0.00251853000372648 0.000126051003462635 0.000167649996001273 0.000178791000507772 0.000186492994544096 0.000152349995914847 0.000194302992895246 0.00023198600683827 0.000161158997798339 0.000150688996654935 0.000182461997610517 0.000209442005143501 0.000200795999262482 0.000129445004859008 0.000124476006021723 0.00015086900384631 0.000119591000839137 0.000145238998811692 0.000119923999591265 0.000141747994348407 0.000112617002741899 0.000584423018153757 0.000107913998363074 0.000105947998235933 0.000127790000988171 0.000109116997919045 0.000258676009252667 0.000107888001366518 0.000246217008680105 9.49871973716654e-05 0.000266249990090728 0.000281602988252416 0.000274474994512275 0.000106824998511001 0.000373746996046975 0.000341351988026872 0.000126977000036277 0.000138328992761672 0.000421795004513115 0.000464064010884613 0.000486306991660967 0.000470528000732884 0.000161952004418708 0.000203321993467398 7.15111018507741e-05 7.55794026190415e-05 0.000229020006372593 0.000201279995962977
0.000166190002346411 0.000180643997737207 0.000167092002811842 0.000175540000782348 0.000182073999894783 0.000157764996401966 0.000163117001648061 0.000237874002777971 0.000163146993145347 0.000202088995138183 0.000234007995459251 0.000159749994054437 0.000153632994624786 0.000147154001751915 0.00013568700524047 0.000195842003449798 0.000129349995404482 0.00015720899682492 0.000130604006699286 0.000131986002088524 0.000129474996356294 0.00012636800238397 0.000635830976534635 0.0001163569977507 0.000110736000351608 0.000112613997771405 0.0001063140007318 0.000119204996735789 0.000118923002446536 9.97434981400147e-05 0.000100994002423249 0.000100302997452673 0.000124394005979411 0.0002778290072456 0.000110624998342246 0.000125108999782242 0.000363809987902641 0.000148534003528766 6.77657008054666e-05 0.00045971799409017 0.000651984999421984 7.2527902375441e-05 7.2389499109704e-05 7.06669015926309e-05 7.63275020290166e-05 0.000185626005986705 0.000197428002138622 0.000220465997699648 -3.4e+38
0.000168486003531143 0.00015431699284818 0.000168112994288094 0.000177184992935508 0.000147227998240851 0.000228424003580585 0.000202887997147627 0.000246217998210341 0.000211531994864345 0.000175388995558023 0.000245244009420276 0.000201262999325991 0.000230449993978254 0.000222203001612797 0.000213993000215851 0.000139983996632509 0.000172511005075648 0.000168368002050556 0.000167624995810911 0.000171548002981581 0.000141092998092063 0.000164180004503578 5.54901998839341e-05 0.000158119000843726 5.3150699386606e-05 0.000152744993101805 0.000120766999316402 4.86883000121452e-05 0.000110620996565558 0.000138015006086789 0.00013499399938155 0.000103644997579977 4.797030123882e-05 4.9604001105763e-05 0.000145615995279513 5.67433999094646e-05 6.63755999994464e-05 7.26893995306455e-05 0.000201549002667889 0.000461704010376707 0.000180795002961531 7.79609035816975e-05 0.000231458005146123 0.00019458300084807 8.25461975182407e-05 8.23383015813306e-05 -3.4e+38 -3.4e+38 -3.4e+38
0.000167841004440561 0.000179017995833419 0.000161770003614947 0.000169449995155446 0.000209044999792241 0.000183718002517708 0.000208604004001245 0.000198025998543017 0.000257837993558496 0.000258868996752426 0.000255844002822414 0.000250468990998343 0.000163667995366268 0.000234214006923139 0.00015896899276413 0.000148613005876541 0.000183053998625837 0.000178379996214062 0.000176882997038774 0.0001785140048014 0.0001785140048014 6.03851985943038e-05 0.000170251005329192 0.000170644998434 5.85117013542913e-05 5.81987987970933e-05 0.000166468002134934 5.69762996747158e-05 0.000126436993014067 5.038320159656e-05 4.98664012411609e-05 5.08769990119617e-05 5.36344996362459e-05 5.35467006557155e-05 5.71978998777922e-05 0.000147362996358424 0.000566950999200344 7.14502966729924e-05 7.35603025532328e-05 7.55582004785538e-05 0.000187962999916635 7.84208023105748e-05 0.000229097000556067 8.10576020739973e-05 8.33121011964977e-05 -3.4e+38 -3.4e+38 -3.4e+38 -3.4e+38
0.000127496998175047 0.000147276005009189 0.000144620993523858 0.000167139005498029 0.000183424999704584 0.000201146001927555 0.000196139997569844 7.63783973525278e-05 0.000225833005970344 0.000270469987299293 0.000268606992904097 0.000264503003563732 0.000215723994188011 0.000208256999030709 0.000163207005243748 0.000200235997908749 6.79872027831152e-05 0.000193453000974841 0.000192199993762188 0.000190591003047302 0.000189006997970864 0.00015010499919299 0.000153860004502349 0.000184360003913753 6.42369996057823e-05 0.000185782002517954 0.000156178997713141 0.000188432997674681 0.000185526005225256 0.000374158989870921 0.000129856998682953 0.000161949996254407 5.65986010769848e-05 5.89730989304371e-05 0.00018003600416705 6.56449992675334e-05 6.99498996254988e-05 0.00358265009708703 7.54190987208858e-05 0.000181864001206122 0.000185579992830753 0.000232798993238248 8.0142097431235e-05 8.10506026027724e-05 -3.4e+38 -3.4e+38 -3.4e+38 -3.4e+38 -3.4e+38
0.000128319006762467 0.000117839001177344 0.000124034006148577 0.000172472005942836 0.000185334996785969 0.000186838005902246 0.000252814003033563 0.000262376008322462 0.000270899996394292 0.000278991996310651 0.000281927990727127 0.000195740998606198 7.92170030763373e-05 7.66223020036705e-05 7.5161900895182e-05 7.38816015655175e-05 7.38973030820489e-05 0.000209616002393886 0.00021365299471654 0.000208989993552677 0.000168288999702781 0.000160705007147044 0.000170140992850065 0.000163557997439057 0.00016875599976629 0.000203329997020774 0.000206868993700482 7.15154019417241e-05 7.13457993697375e-05 0.000196381006389856 6.25590982963331e-05 0.000177736001205631 6.13279989920557e-05 6.34214011370204e-05 6.6613698436413e-05 6.81964011164382e-05 7.15321002644487e-05 0.000641083985101432 7.62619965826161e-05 7.4242998380214e-05 7.38742965040728e-05 7.54268985474482e-05 8.11431018519215e-05 -3.4e+38 -3.4e+38 -3.4e+38 -3.4e+38 -3.4e+38 -3.4e+38
0.000141148993861862 0.000120190001325682 0.000162334006745368 0.000161382005899213 0.000173341002664529 0.000202009003260173 0.000212297993130051 0.000223616007133387 0.00018543099577073 0.000282975990558043 0.000201613001991063 0.000241012996411882 8.2958402344957e-05 8.2554601249285e-05 8.14973027445376e-05 8.09734992799349e-05 7.99896006355993e-05 0.000233056998695247 0.00024165099603124 0.000234053994063288 0.00021815299987793 0.000173784006619826 0.000185718003194779 0.000186703997314908 0.000184275995707139 7.77686000219546e-05 0.000217976004933007 7.43234995752573e-05 0.000217744993278757 0.000204893993213773 6.91245004418306e-05 6.88599029672332e-05 6.93621987011284e-05 0.000204765005037189 7.01106982887723e-05 6.99993979651481e-05 7.15464993845671e-05 0.000632644980214536 7.48864986235276e-05 7.11476968717761e-05 7.03307014191523e-05 7.15886999387294e-05 7.40319010219537e-05 -3.4e+38 -3.4e+38 -3.4e+38 -3.4e+38 -3.4e+38 -3.4e+38
0.000140450007165782 0.000149101004353724 0.000148901002830826 0.000201895993086509 0.000148637001984753 0.000182563002454117 0.000209806996281259 0.000222753995331004 0.00018643400107976 0.000201093993382528 8.53702003951184e-05 8.62442029756494e-05 8.81214000401087e-05 0.000258983985986561 0.000263452995568514 9.19629965210333e-05 0.000264831003732979 0.00026501200045459 0.000268008996499702 0.000206986005650833 0.000245077011641115 0.000194556007045321 0.000202259994694032 0.000195927001186647 0.000195478001842275 8.30299977678806e-05 0.000184564996743575 0.000229489000048488 0.000227352997171693 0.000225801006308757 7.58137030061334e-05 7.58351015974768e-05 7.42218035156839e-05 7.27188016753644e-05 7.11633983883075e-05 7.04043995938264e-05 7.00071977917105e-05 7.12179971742444e-05 7.24303026800044e-05 7.05478014424443e-05 6.8887798988726e-05 6.87631982145831e-05 7.00314994901419e-05 0.000186603996553458 -3.4e+38 -3.4e+38 -3.4e+38 -3.4e+38 -3.4e+38
0.000139376003062353 0.000134236004669219 0.000126390004879795 0.000200547001441009 0.000169050006661564 0.000199032001546584 0.000253901991527528 0.000226415999350138 0.00028022300102748 0.000293593999231234 0.00025848500081338 0.000269201991613954 0.000277207989711314 0.00033440999686718 0.000288932991679758 0.00034669300657697 0.000298908009426668 0.000295184989226982 0.000240302993915975 0.000290894007775933 0.000282735010841861 0.000229344004765153 0.00113599002361298 0.000247777992626652 8.753970178077e-05 0.000251190009294078 0.000245306990109384 0.000193041996681131 0.000236471998505294 8.18038970464841e-05 8.06262032710947e-05 7.83871000749059e-05 7.6260301284492e-05 7.44053977541625e-05 7.25427016732283e-05 6.98977019055746e-05 6.80766024743207e-05 0.000572054996155202 6.754050264135e-05 0.000571174023207277 6.85335980961099e-05 0.000582032022066414 0.000583011016715318 0.000593648990616202 9.05400011106394e-05 -3.4e+38 -3.4e+38 -3.4e+38 -3.4e+38
0.000140589007060044 0.000136154994834214 0.000151689004269429 0.000191026992979459 0.000179852999281138 0.000196873006643727 0.000211097998544574 0.000191643004654907 0.000257736013736576 0.000743021024391055 0.000274032005108893 0.00026480999076739 0.000342802988598123 0.000289630988845602 0.000242915994022042 0.000300040992442518 0.000307584996335208 0.000320880993967876 0.000307109992718324 0.000315318000502884 0.000904486980289221 0.000251585006481037 0.00023228999634739 0.000279025989584625 9.40726968110539e-05 0.000209310004720464 0.000258307001786307 8.7381798948627e-05 8.41638029669411e-05 8.31880024634302e-05 8.24055969133042e-05 0.000235294995945878 7.90155972936191e-05 7.68212994444184e-05 7.36936999601312e-05 7.06775026628748e-05 6.8138302594889e-05 6.62965976516716e-05 0.000557127001229674 0.000187461002497002 6.4021696744021e-05 0.000188227000762708 6.54485993436538e-05 0.000181587995029986 -3.4e+38 -3.4e+38 -3.4e+38 -3.4e+38 -3.4e+38
0.000139423995278776 0.00013353799295146 0.000120473996503279 0.00015803100541234 0.000182212999789044 0.000199143003555946 0.000255332008237019 0.00023741100449115 0.00075215200195089 0.000754909997340292 0.000327652000123635 0.000286867987597361 0.000290811993181705 0.000289949995931238 0.000295364996418357 0.000302142987493426 0.000311253999825567 0.000315759010845795 0.000315607991069555 0.000317592988722026 0.000259313994320109 0.00025420100428164 0.00030288498965092 0.000858657993376255 0.00483153015375137 0.000281765009276569 9.17381985345855e-05 8.60970976646058e-05 8.39994972920977e-05 8.51123986649327e-05 0.000292634009383619 8.45444010337815e-05 8.32848018035293e-05 7.95164014562033e-05 7.49446990084834e-05 7.20067982911132e-05 6.91028035362251e-05 6.67549029458314e-05 0.000553335004951805 6.47093984298408e-05 6.51891023153439e-05 6.53640017844737e-05 0.000175791006768122 -3.4e+38 -3.4e+38 -3.4e+38 -3.4e+38 -3.4e+38 -3.4e+38
0.000139580995892175 0.000131637993035838 0.0001179660030175 0.000155624002218246 0.000214579005842097 0.000218558998312801 0.000181070005055517 0.000302055006613955 0.000215445004869252 0.000231615005759522 0.000226240998017602 0.0003441899898462 0.000296773010632023 0.000295276986435056 0.000303198990877718 0.000304694985970855 0.000314873992465436 0.000310228002490476 0.0003100179892499 0.000308529997710139 0.00030295000760816 0.000303244014503434 0.000252535013714805 0.000102774996776134 0.000289210001938045 9.80269032879733e-05 9.20012025744654e-05 8.53208985063247e-05 8.28167976578698e-05 8.3202903624624e-05 8.40034990687855e-05 8.52859011502005e-05 8.54700992931612e-05 8.27545009087771e-05 0.000228296994464472 7.44143035262823e-05 7.11399989086203e-05 0.000582534004934132 0.000191983999684453 0.000190107006346807 0.000262623012531549 -3.4e+38 -3.4e+38 -3.4e+38 -3.4e+38 -3.4e+38 -3.4e+38 -3.4e+38 -3.4e+38
0.000144983001518995 0.000143612996907905 0.000113583999336697 0.000420328986365348 0.000459781003883108 0.000173031992744654 0.000265815004240721 0.000288186012767255 0.000253100995905697 0.000245993986027315 0.00030802798573859 0.000641328981146216 0.000291978009045124 0.000309466006001458 0.000316649995511398 0.000306692003505304 0.000307676004013047 0.000302325992379338 0.000303201988572255 0.000301310996292159 0.000302244006888941 0.000303679989883676 0.00506938016042113 0.000292278011329472 9.65102008194663e-05 9.53151975409128e-05 0.000272669014520943 8.83683023857884e-05 8.33662998047657e-05 8.20408022264019e-05 8.33115991554223e-05 8.62597007653676e-05 0.000231085999985225 -3.4e+38 -3.4e+38 -3.4e+38 -3.4e+38 -3.4e+38 -3.4e+38 -3.4e+38 -3.4e+38 -3.4e+38 -3.4e+38 -3.4e+38 -3.4e+38 -3.4e+38 -3.4e+38 -3.4e+38 -3.4e+38
0.000123065998195671 0.00014528700558003 0.000126262006233446 0.000155211993842386 0.000471295992610976 0.000200477006728761 0.000210772996069863 0.000322472013067454 0.000362307007890195 0.000318600999889895 0.000249600998358801 0.000258448009844869 0.000254521990427747 0.000321078987326473 0.000318381993565708 0.000260420987615362 0.000305727007798851 0.000306091998936608 0.000257968989899382 0.000303353008348495 0.00030561099993065 0.000303055014228448 0.000297262013191357 9.92872010101564e-05 9.65091021498665e-05 9.38212979235686e-05 9.32901020860299e-05 9.01891035027802e-05 8.3910497778561e-05 8.30318022053689e-05 8.60713989823125e-05 0.000241197994910181 -3.4e+38 -3.4e+38 -3.4e+38 -3.4e+38 -3.4e+38 -3.4e+38 -3.4e+38 -3.4e+38 -3.4e+38 -3.4e+38 -3.4e+38 -3.4e+38 -3.4e+38 -3.4e+38 -3.4e+38 -3.4e+38 -3.4e+38
0.000127923995023593 0.000119436997920275 0.000156648995471187 0.000167806007084437 0.000514513987582177 0.000250170007348061 0.000584173016250134 0.000233076003496535 0.00070752901956439 0.000244338996708393 0.000379625998903066 0.000269490003120154 0.000355197989847511 0.000332158000674099 0.000272264005616307 0.000262785004451871 0.00030685801175423 0.000108143998659216 0.000311991985654458 0.000252135010669008 0.000253200007136911 0.000301126012345776 0.000288465002086014 9.53946000663564e-05 9.33603005250916e-05 9.07545036170632e-05 8.95397024578415e-05 0.000309035996906459 8.44711976242252e-05 0.000243800997850485 0.000303158012684435 -3.4e+38 -3.4e+38 -3.4e+38 -3.4e+38 -3.4e+38 -3.4e+38 -3.4e+38 -3.4e+38 -3.4e+38 -3.4e+38 -3.4e+38 -3.4e+38 -3.4e+38 -3.4e+38 -3.4e+38 -3.4e+38 -3.4e+38 -3.4e+38
0.000176233006641269 0.000129327992908657 0.000162666998221539 0.000182849995326251 0.000179052993189543 0.000186314005986787 0.000196943001355976 0.000564927002415061 0.00029849901329726 0.000354112999048084 0.000425642996560782 0.000264998991042376 0.000115868999273516 0.000328831985825673 0.000327051995554939 0.000321033003274351 0.000309710012516007 0.000105785002233461 0.00023941500694491 0.000302058993838727 0.000241207002545707 0.000104655999166425 0.000285307003650814 0.000267950992565602 9.07400026335381e-05 0.000255930994171649 8.61855005496182e-05 8.71114025358111e-05 0.000195382002857514 0.000245019007707015 0.000296568992780522 -3.4e+38 -3.4e+38 -3.4e+38 -3.4e+38 -3.4e+38 -3.4e+38 -3.4e+38 -3.4e+38 -3.4e+38 -3.4e+38 -3.4e+38 -3.4e+38 -3.4e+38 -3.4e+38 -3.4e+38 -3.4e+38 -3.4e+38 -3.4e+38
0.000237250002101064 0.000195497006643564 0.000157197995577008 0.000154455003212206 0.000173945998540148 0.000183144002221525 0.000210269005037844 0.000288362993160263 0.00011796999751823 0.000388926011510193 0.000404293998144567 0.000346235989127308 0.000344691012287512 0.00033891000202857 0.000335054995957762 0.000332611001795158 0.000321266998071223 0.00010436300362926 0.000298236991511658 0.000240337001741864 0.000242100999457762 0.00010336499690311 0.000276517996098846 9.23582992982119e-05 9.23593979678117e-05 0.000259033986367285 0.000247618998400867 0.000240989000303671 0.000240209003095515 0.000221277005039155 0.000229825993301347 -3.4e+38 -3.4e+38 -3.4e+38 -3.4e+38 -3.4e+38 -3.4e+38 -3.4e+38 -3.4e+38 -3.4e+38 -3.4e+38 -3.4e+38 -3.4e+38 -3.4e+38 -3.4e+38 -3.4e+38 -3.4e+38 -3.4e+38 -3.4e+38
0.000264722999418154 0.00026351900305599 0.00015438899572473 0.000134697998873889 0.000150446998304687 0.000196384004084393 0.000215168998693116 0.000327243003994226 0.000266829010797665 0.00027828398742713 0.000287514994852245 0.000289391988189891 0.000362968014087528 0.000353390001691878 0.00034947000676766 0.000119657001050655 0.000334817013936117 0.000314981007250026 0.000106177998532075 0.000106910003523808 0.000106464998680167 0.000102967002021614 0.000225630006752908 0.000223566006752662 0.000278277992038056 -3.4e+38 0.000232792997849174 0.000241489993641153 0.000241436006035656 0.000295564997941256 -3.4e+38 -3.4e+38 -3.4e+38 -3.4e+38 -3.4e+38 -3.4e+38 -3.4e+38 -3.4e+38 -3.4e+38 -3.4e+38 -3.4e+38 -3.4e+38 -3.4e+38 -3.4e+38 -3.4e+38 -3.4e+38 -3.4e+38 -3.4e+38 -3.4e+38
0.000219175999518484 0.000239276007050648 0.000150481006130576 0.000141351003549062 0.0004157520015724 0.000212589002330787 0.000220447996980511 0.000307779991999269 0.000337347999447957 0.000295281002763659 0.000299014005577192 0.000303640001220629 0.000381249992642552 0.000374341005226597 0.000124944999697618 0.000356967007974163 0.000349017005646601 0.000336466007865965 0.000111301000288222 0.000320866995025426 0.000312949996441603 0.00030569700174965 -3.4e+38 -3.4e+38 -3.4e+38 -3.4e+38 -3.4e+38 0.000222407994442619 0.000217485998291522 -3.4e+38 -3.4e+38 -3.4e+38 -3.4e+38 -3.4e+38 -3.4e+38 -3.4e+38 -3.4e+38 -3.4e+38 -3.4e+38 -3.4e+38 -3.4e+38 -3.4e+38 -3.4e+38 -3.4e+38 -3.4e+38 -3.4e+38 -3.4e+38 -3.4e+38 -3.4e+38
7.88030010880902e-05 6.99075972079299e-05 0.000553679012227803 0.000149960003909655 0.000182310002855957 0.000226974007091485 0.000255569990258664 0.000279341009445488 0.000118716998258606 0.000296765007078648 0.000316710997140035 0.00040979401092045 0.0001364149939036 0.000385335995815694 0.000128804997075349 0.000356957985786721 0.00027893201331608 0.000275474012596533 0.000261812005192041 0.000323443004162982 0.000315140991006047 -3.4e+38 -3.4e+38 -3.4e+38 -3.4e+38 -3.4e+38 -3.4e+38 -3.4e+38 -3.4e+38 -3.4e+38 -3.4e+38 -3.4e+38 -3.4e+38 -3.4e+38 -3.4e+38 -3.4e+38 -3.4e+38 -3.4e+38 -3.4e+38 -3.4e+38 -3.4e+38 -3.4e+38 -3.4e+38 -3.4e+38 -3.4e+38 -3.4e+38 -3.4e+38 -3.4e+38 -3.4e+38
0.000205400006962009 0.000236584994127043 0.000179210997885093 0.000165796998771839 0.000497061002533883 0.000227957003517076 0.000351194001268595 0.000305772991850972 0.000382524012820795 0.000306969013763592 0.000311882991809398 0.00032063398975879 0.000135851994855329 0.000386222003726289 0.000380946992663667 0.000123367994092405 0.00034196799970232 0.000118418996862601 0.000327092013321817 0.000311114999931306 0.000304018991300836 -3.4e+38 -3.4e+38 -3.4e+38 -3.4e+38 -3.4e+38 -3.4e+38 -3.4e+38 -3.4e+38 -3.4e+38 -3.4e+38 -3.4e+38 -3.4e+38 -3.4e+38 -3.4e+38 -3.4e+38 -3.4e+38 -3.4e+38 -3.4e+38 -3.4e+38 -3.4e+38 -3.4e+38 -3.4e+38 -3.4e+38 -3.4e+38 -3.4e+38 -3.4e+38 -3.4e+38 -3.4e+38
0.000266846996964887 9.04440967133269e-05 0.000184656004421413 0.000180729999556206 0.000173346998053603 0.000228081000386737 0.000437840993981808 0.000291163014480844 0.000381827994715422 0.000397055991925299 0.000315765006234869 0.000314389995764941 0.000390406989026815 0.000397539988625795 0.000397441006498411 0.000359439000021666 0.000336853991029784 0.000256772997090593 0.000108442996861413 0.000298199011012912 0.000131337001221254 -3.4e+38 -3.4e+38 -3.4e+38 -3.4e+38 -3.4e+38 -3.4e+38 -3.4e+38 -3.4e+38 -3.4e+38 -3.4e+38 -3.4e+38 -3.4e+38 -3.4e+38 -3.4e+38 -3.4e+38 -3.4e+38 -3.4e+38 -3.4e+38 -3.4e+38 -3.4e+38 -3.4e+38 -3.4e+38 -3.4e+38 -3.4e+38 -3.4e+38 -3.4e+38 -3.4e+38 -3.4e+38
