rodentData/rasterBestModels/Tatera_RD_RM2.asc
NCOLS 409 
NROWS 350 
XLLCORNER 60.897278365 
YLLCORNER 5.843756025 
CELLSIZE 0.0892857 
NODATA_value -3.4e+38 
[rows 242 to 263 of 350, columns 147 to 195 of 409]
4.32876986451447e-05 4.27984014095273e-05 1.1578100384213e-05 1.60612999025034e-05 7.74444015405606e-06 1.25758997455705e-05 4.81636998301838e-05 4.71251987619326e-05 7.00840028002858e-05 0.000108977001218591 0.000132392000523396 0.000157798000145704 0.000268202013103291 0.000312473013764247 0.000251560006290674 0.00026411798899062 0.000367442000424489 0.000254640006460249 0.000350029993569478 0.00030141300521791 0.000239282002439722 0.000298055994790047 0.000241101006395184 0.000330170005327091 0.000219467998249456 0.000220579997403547 0.000222143004066311 0.000217074993997812 9.22121980693191e-05 9.25291024032049e-05 9.41547987167723e-05 0.000272480014245957 0.000266552990069613 0.000267185008851811 0.000346109998645261 0.000279025000054389 0.000364801002433524 0.00035727399517782 0.000285866000922397 0.000354554009390995 0.000263933005044237 0.000361671001883224 0.000253017002250999 0.00038094399496913 0.000362277001840994 0.000291614007437602 0.000300587009405717 0.000304685003357008 0.000222122005652636
2.07161992875626e-05 5.24981987837236e-05 1.59090996021405e-05 2.15012005355675e-05 2.30755995289655e-05 3.08269991364796e-05 5.34870014234912e-05 0.000105692997749429 8.0213401815854e-05 8.91098970896564e-05 0.000155339002958499 0.000160676005179994 0.00458781002089381 0.000318334001349285 0.000267891009571031 0.00027266499819234 0.000252214987995103 0.000354226998751983 0.000301179999951273 0.000360701000317931 0.000310445000650361 0.000307776994304731 0.000357499986421317 0.00034242300898768 0.000224913004785776 0.000226746997213922 0.000224942996283062 0.000221631999011151 0.00027414399664849 0.000265081005636603 0.000261429988313466 0.000259438995271921 0.000254059006692842 0.000255707011092454 0.000239957997109741 0.000250668002991006 0.000248238007770851 0.000241365007241257 0.000242880996665917 0.000242028007050976 0.000228475997573696 0.000291586999082938 0.000297452002996579 0.000354777002939954 0.000303929002257064 0.00031000399030745 0.00031164800748229 0.000355664000380784 9.65165963862091e-05
5.18747983733192e-05 5.4706099035684e-05 1.45472004078329e-05 1.7264899724978e-05 2.68466992565664e-05 1.85039007192245e-05 5.27107004018035e-05 9.54225033638068e-05 6.96865026839077e-05 9.01430976227857e-05 0.000130190004711039 0.000229419994866475 0.000276792998192832 0.000245377013925463 0.000275742990197614 0.00027689800481312 0.000267835013801232 0.000257653999142349 0.000244199007283896 0.00036725599784404 0.000320257997373119 0.000314889010041952 0.000305110006593168 0.00033671100391075 0.000217349006561562 0.000214119005249813 0.00454019987955689 9.36899014050141e-05 0.000279406987829134 9.63636994129047e-05 0.000266583985649049 0.000261218985542655 0.00024980801390484 0.000252769008511677 0.000288870010990649 0.000326918991049752 0.000382247992092744 0.000246846000663936 0.000238858003285713 0.000250915007200092 0.000300835992675275 0.000289891991997138 0.000239467000938021 0.000299409992294386 0.000324124004691839 0.0002605119952932 0.000249072007136419 0.000362077000318095 9.97379975160584e-05
2.13761995837558e-05 2.15979998756666e-05 1.33274998006527e-05 5.49199012311874e-06 2.15595991903683e-05 1.15861002996098e-05 4.30163017881569e-05 9.82080018729903e-05 0.000121226003102493 9.24463965930045e-05 0.000147843995364383 0.000213556006201543 0.000237674001255073 0.000218418004806153 0.000355914991814643 0.000266779999947175 0.000261659995885566 0.00038243000744842 0.000269784010015428 0.00038355600554496 0.00029666000045836 0.000245272996835411 0.000233496000873856 0.000815055973362178 0.000784421979915351 0.000789996003732085 0.000807433971203864 0.000210126003366895 0.000216102998820134 0.000292143988190219 0.00029289600206539 0.000283528002910316 0.000254001992288977 8.76998965395615e-05 0.000269228999968618 0.000304129993310198 0.00030566198984161 0.000236546999076381 0.000357629003701732 0.000377880001906306 0.000324327003909275 0.00037347199395299 0.000312885007588193 0.000364070991054177 0.000260739994700998 0.000336934986989945 0.000257119012530893 0.000108175998320803 0.000103514001239091
1.93307005247334e-05 1.45191997944494e-05 8.6468598965439e-06 4.70092982141068e-06 1.44501000249875e-05 2.5147999622277e-05 4.16582006437238e-05 2.25631993089337e-05 3.27587986248545e-05 5.44663016626146e-05 9.74396025412716e-05 0.000136907998239622 0.000155907997395843 0.000207345001399517 0.00033910499769263 0.000358023011358455 0.000386669009458274 0.000400198012357578 0.00040216400520876 0.000267328985501081 0.000319521001074463 0.000287044997094199 0.000243614005739801 0.000242134992731735 0.000234463004744612 0.000299370003631338 0.000343180989148095 0.000206907992833294 0.000198709996766411 0.000310358009301126 0.000331722985720262 0.000334913987899199 0.000307084002997726 0.000249236996751279 0.000284662004560232 0.000292868004180491 0.000298722996376455 0.000297226011753082 0.000244964001467451 0.000257770007010549 0.00039131598896347 0.000259941007243469 0.000335602991981432 0.000338243989972398 0.000401744997361675 0.000342043000273407 0.000343441002769396 0.000402186007704586 0.000112096997327171
1.74633005372016e-05 1.3719900380238e-05 8.77291040524142e-06 6.64598019284313e-06 7.09784990249318e-06 2.96888993034372e-05 3.74470000679139e-05 4.02227015001699e-05 2.57048995990772e-05 0.00011458300286904 6.48498025839217e-05 0.000119588999950793 0.000124300000607036 0.000187686004210263 0.000229033001232892 0.00036543101305142 0.000279916013823822 0.000278883002465591 0.000407129002269357 0.000281907996395603 0.000267166004050523 0.000383803009754047 0.000373865012079477 0.000374349998310208 0.000244789000134915 0.000281385000562295 0.000235244995565154 0.00027024099836126 0.000248811003984883 0.000202270006411709 0.000273285986622795 0.000225270006922074 0.000261150009464473 0.000194463005755097 0.000259785010712221 0.000288471987005323 0.000300609011901543 0.000301832013064995 0.000313019001623616 0.000259882013779134 0.000379662989871576 0.000334039999870583 0.00034174500615336 0.000277740007732064 0.000324355001794174 0.000347246008459479 0.00035347300581634 0.000362141989171505 0.000293460005195811
2.45343999267789e-05 2.11231999855954e-05 1.6672400306561e-05 1.13986998258042e-05 2.79164996754844e-05 2.94469991786173e-05 3.32224990415853e-05 3.53514988091774e-05 1.91501003428129e-05 7.57837988203391e-05 0.000116426999738906 8.59646024764515e-05 0.000126144004752859 0.000166434998391196 0.000213288993109018 0.000241618006839417 0.000330259994370863 0.000345400010701269 0.000276395003311336 0.000400736986193806 0.000341678009135649 0.000261790002696216 0.000312405987642705 0.000375786010408774 0.000370238005416468 0.000241750996792689 0.000293524994049221 0.000216254993574694 0.000209450998227112 0.00026330299442634 0.00032054798793979 0.00033244799124077 0.000217613996937871 0.000239454995607957 0.000256163999438286 0.000280478998320177 0.00027052900986746 0.000311759009491652 0.000310036994051188 0.000242555004660971 0.000317428988637403 0.000336969998897985 0.000348336005117744 0.000278963008895516 0.000421804987126961 0.000357203010935336 0.000358179997419938 0.000337387988111004 0.000291747011942789
2.22634007513989e-05 1.9705399608938e-05 1.41125001391629e-05 1.11318004201166e-05 8.11678000900429e-06 2.19037992792437e-05 3.38926001859363e-05 3.20356994052418e-05 3.6718000046676e-05 5.21149013366085e-05 7.46176010579802e-05 6.01100000494625e-05 8.60297004692256e-05 0.000169381994055584 0.000194138992810622 0.000219572000787593 0.000253151985816658 0.000381864985683933 0.000272561999736354 0.000401892000809312 0.000390058994526044 0.000254621991189197 0.000248218013439327 0.000264506001258269 0.000246892013819888 0.000351974013028666 0.000228556993533857 0.000278415012871847 0.00021819700486958 0.00021642999490723 0.000269945012405515 0.000276239006780088 0.00028318801196292 0.000252530997386202 0.000209674995858222 0.00022119699860923 0.000343141990015283 0.000372251990484074 0.000247243006015196 0.000245111994445324 0.000254248996498063 0.000306837988318875 0.000274944992270321 0.000407315994380042 0.00035643600858748 0.000303333014016971 0.000377421005396172 0.000365983985830098 0.000333356991177425
-3.4e+38 -3.4e+38 1.79392991412897e-05 1.3845799912815e-05 2.62356006714981e-05 3.02499993267702e-05 2.30215991905425e-05 1.02568001238978e-05 2.48718006332638e-05 3.54754993168171e-05 5.28890996065456e-05 4.46453013864812e-05 8.32523001008667e-05 4.85681011923589e-05 0.000193394997040741 0.000201920993276872 0.000232235004659742 0.000361440004780889 0.000393788999645039 0.000342665996868163 0.000264355010585859 0.000250404991675168 0.000356987991835922 0.000365254993084818 0.00036301399813965 0.00023690500529483 0.000225736002903432 0.000228716002311558 0.000325350003549829 0.000215834996197373 0.000211591002880596 0.00021016200480517 0.000211587001103908 0.000244244991336018 0.000270702003035694 0.000218189001316205 0.00023732399859 0.000244333001319319 0.00024253799347207 0.000309230003040284 0.000108669999463018 0.00032263298635371 0.000334971002303064 0.000274846999673173 0.00028970799758099 0.000380952988052741 0.00045191400568001 0.000385099003324285 0.000375501986127347
-3.4e+38 -3.4e+38 2.35708994296147e-05 4.85320015286561e-05 1.85881999641424e-05 1.33506000565831e-05 1.34433003040613e-05 7.07198978489032e-06 1.90142000064952e-05 1.2065599548805e-05 4.43325006926898e-05 3.68137989426032e-05 5.61816996196285e-05 3.97805015381891e-05 5.6053999287542e-05 0.00016331700317096 0.000207752003916539 0.000295323989121243 0.000379962002625689 0.000327334011672065 0.000378296012058854 0.000366091990144923 0.000237075000768527 0.000242249006987549 0.000238356005866081 0.000343532010447234 0.000334025011397898 0.000227306998567656 0.000214072002563626 0.000306947011267766 0.000299211009405553 0.000199411995708942 0.000257726991549134 0.000211268998100422 0.000214601997868158 0.000217794993659481 0.000241792993620038 0.000351525988662615 0.000309269002173096 0.000314064003759995 0.000325096014421433 0.00032811300479807 0.000339346996042877 0.000345879001542926 0.000287294009467587 0.000379709992557764 0.000465952005470172 0.000488699006382376 0.000416611001128331
-3.4e+38 -3.4e+38 -3.4e+38 -3.4e+38 3.36906996381003e-05 9.28483041207073e-06 5.12734004587401e-06 1.13774003693834e-05 1.64346001838567e-05 2.44460006797453e-05 4.02330006181728e-05 3.17215017275885e-05 5.31875011802185e-05 8.49072966957465e-05 0.000111032997665461 0.000143761993967928 0.000193525993381627 0.000284748006379232 0.000311181996949017 0.00024983799085021 0.000108455002191477 0.00010452899732627 0.000232467005844228 0.000233560000197031 0.000232969003263861 0.000227437994908541 0.000227812997763976 0.000224589006393217 0.000207467994187027 0.000297405989840627 0.000289524003164843 0.000243394999415614 0.000253678997978568 0.000210155994864181 0.0002109049964929 0.000324963999446481 0.000345612003002316 0.000244019000092521 0.000254542013863102 0.000273604004178196 0.000308310991385952 0.000312329008011147 0.0003536099975463 0.000363335013389587 0.000298675004160032 0.00038852498983033 0.000418865005485713 0.000399838987505063 0.000437109003541991
-3.4e+38 -3.4e+38 -3.4e+38 -3.4e+38 1.48573999467772e-05 1.52177999552805e-05 1.02621997939423e-05 1.31034003061359e-05 1.51908998304862e-05 2.12862996704644e-05 1.34391002575285e-05 2.2036199879949e-05 1.42168000820675e-05 2.33315004152246e-05 0.000104245002148673 0.000130019994685426 0.000179241003934294 0.000224452000111341 0.000100614000984933 0.000102003999927547 0.000105295002867933 0.00494783977046609 0.000228902004892007 0.000227508004172705 0.000226122007006779 0.00022062000061851 0.000223914001253434 0.000215888998354785 0.000300616986351088 0.00019490800332278 0.000190842998563312 0.000291634001769125 0.000209992998861708 0.000207498000236228 0.000261422013863921 0.000220961999730207 0.000229355006013066 0.00031042899354361 0.000331783987348899 0.000335904012899846 0.000398466014303267 0.000279622006928548 0.00035924298572354 0.000348353991284966 0.000439817988080904 0.000375937990611419 0.000404413003707305 0.000408738007536158 0.000539692002348602
-3.4e+38 -3.4e+38 -3.4e+38 -3.4e+38 1.59485007316107e-05 1.15777002065443e-05 7.19405989002553e-06 1.13533997136983e-05 1.25489996207762e-05 7.47895001040888e-06 1.18492998808506e-05 1.85501994565129e-05 3.18253987643402e-05 5.51238008483779e-05 7.57704983698204e-05 0.000116349998279475 0.00017346600361634 0.000204554002266377 9.77899035206065e-05 9.75853981799446e-05 9.81050034170039e-05 9.76712035480887e-05 0.000225066993152723 0.000212710001505911 0.000264775997493416 0.000318798993248492 0.00021909800125286 0.000318498990964144 0.000306328991428018 0.000200473004952073 0.000295661011477932 0.000250473996857181 0.000300657004117966 0.00021128699881956 0.000209562000236474 0.0003271329915151 0.00033611900289543 0.000241650006501004 0.000260678003542125 0.000393160997191444 0.000339237012667581 0.000272675999440253 0.000334335985826328 0.000355163007043302 0.000291784992441535 0.00028579100035131 0.000280976004432887 0.000460870011011139 0.000485970987938344
-3.4e+38 -3.4e+38 -3.4e+38 -3.4e+38 1.67081998370122e-05 3.25635010085534e-05 8.95180983206956e-06 5.01035992783727e-06 5.30379020347027e-06 5.95386018176214e-06 9.67246978689218e-06 1.37357001221972e-05 2.41238994931336e-05 3.40379992849194e-05 7.67524979892187e-05 0.00010516399925109 0.000152252992847934 0.000194998996448703 0.000280042004305869 9.55326977418736e-05 9.2006397608202e-05 9.23433981370181e-05 0.000322962994687259 0.000223181006731465 0.000210337006137706 0.000207792007131502 0.000221435999264941 0.000320469989674166 0.00021140200260561 0.00030276199686341 0.000297407998004928 0.000200212001800537 0.000202563998755068 0.00030426899320446 0.000302677013678476 0.000316841003950685 0.000321105995681137 0.000227419994189404 0.000346591987181455 0.000315987999783829 0.000273098994512111 0.000334279000526294 0.000363609986379743 0.00025636499049142 0.000329962000250816 0.000260542990872636 0.000248983007622883 0.000382303987862542 0.000352231989381835
-3.4e+38 -3.4e+38 -3.4e+38 -3.4e+38 -3.4e+38 1.32331997519941e-05 9.29318957787473e-06 5.2004897952429e-06 8.50355991133256e-06 1.02022995633888e-05 7.31088994143647e-06 1.07369996840134e-05 4.31666994700208e-05 7.36626971047372e-05 2.14485007745679e-05 0.000232695994782262 0.000159460993018001 0.000282511988189071 9.81867997325025e-05 0.000223847993765958 9.20953971217386e-05 9.23851985135116e-05 0.000217074004467577 0.000275400001555681 0.000254691985901445 0.000212201994145289 0.000203985997359268 0.000215869004023261 0.000267235009232536 0.000307668989989907 0.00025384098989889 0.000303745997371152 0.000309057009872049 0.000305182998999953 0.000197191999177448 0.000299426988931373 0.000215072999708354 0.000330893002683297 0.000283353991108015 0.000344105996191502 0.000365507992682979 0.000325747008901089 0.00024992399266921 0.000210300000617281 0.000238067994359881 0.000296815996989608 0.000227476004511118 0.000248325988650322 0.000382447004085407
-3.4e+38 -3.4e+38 -3.4e+38 -3.4e+38 -3.4e+38 1.0280699825671e-05 6.38516985418391e-06 2.81410007119121e-06 2.12946997635299e-06 1.03320999187417e-05 1.57346003106795e-05 1.92483003047528e-05 3.40660008077975e-05 5.92085998505354e-05 0.000140927004395053 9.15284035727382e-05 0.000153468994540162 0.000224488001549616 9.44276034715585e-05 0.000224105999222957 0.000738766975700855 0.000261273002251983 0.000321708008414134 0.000221498994505964 0.000263646012172103 0.000253509992035106 0.000250637996941805 0.000217691005673259 0.000215492997085676 0.000209906997042708 0.00030494001111947 0.000208632001886144 0.000311053008772433 0.000306964007904753 0.000247785006649792 0.000202106006327085 0.000214605999644846 0.000224194998736493 0.000335890013957396 0.000325940985931084 0.000337264995323494 0.00029803000506945 0.000223534007091075 0.000201628994545899 0.000312540010781959 0.000335537013597786 0.000315210985718295 0.000300384010188282 0.000343786989105865
-3.4e+38 -3.4e+38 -3.4e+38 -3.4e+38 -3.4e+38 5.07204003952211e-06 9.57975044002524e-06 2.23722008740879e-06 3.49285005540878e-06 4.97152996103978e-06 1.16783003250021e-05 6.03182979830308e-06 1.21868997666752e-05 5.22793998243287e-05 3.26875997416209e-05 6.20440987404436e-05 0.000112469002488069 0.000170732993865386 8.77374986885116e-05 0.000256024010013789 0.000249606993747875 0.000251846009632573 0.000214327999856323 0.000217701002839021 0.000268227013293654 0.000258237007074058 0.000217427004827186 0.00026124098803848 0.000309833994833753 8.91525996848941e-05 0.000253390986472368 0.000261920009506866 0.000210344995139167 0.000209978999919258 0.000256100000115111 0.000294364988803864 0.000263933005044237 0.000224845003685914 0.000328055990394205 0.000320032995659858 0.000210129001061432 0.000205560005269945 0.000245475006522611 0.000270869990345091 0.000292006996460259 0.000302722997730598 0.000258218991803005 0.000281883985735476 0.000376737007172778
-3.4e+38 -3.4e+38 -3.4e+38 -3.4e+38 -3.4e+38 -3.4e+38 2.74988997261971e-05 2.75042998509889e-06 3.88339003620786e-06 1.53353005316603e-06 8.31584020488663e-06 1.09139000414871e-05 2.13207003980642e-05 1.72975996974856e-05 6.74597031320445e-05 0.000123941004858352 3.65816995326895e-05 6.03555999987293e-05 7.8282602771651e-05 8.60224972711876e-05 0.000196431006770581 0.00024212000425905 0.000251418008701876 0.000212889004615135 0.000267136987531558 0.00020831500296481 0.000213267005165108 0.000252310012001544 0.000252788013312966 0.000250760989729315 0.000203838004381396 0.000309349998133257 0.000210689002415165 0.000211239996133372 0.000296540994895622 0.000195618005818687 0.000306653004372492 0.000221827998757362 0.000273095007287338 0.000317041005473584 0.000288596987957135 0.000280871987342834 0.000268630014033988 0.000255021004704759 0.00018375800573267 0.000196064996998757 0.00025352300144732 0.000280956999631599 0.000310114992316812
-3.4e+38 -3.4e+38 -3.4e+38 -3.4e+38 -3.4e+38 -3.4e+38 -3.4e+38 9.28694043977885e-06 9.95460959529737e-06 2.10058010452485e-06 2.52802010436426e-06 7.73833016864955e-06 1.57074991875561e-05 2.97581991617335e-05 5.27486990904436e-05 8.95194971235469e-05 0.000162287993589416 0.000278872990747914 6.39397985651158e-05 0.000502576003782451 0.000514295999892056 0.000236049003433436 0.000249993987381458 0.000209168007131666 0.000316816003760323 0.000312057003611699 0.000210747995879501 0.000285715010249987 0.000284570007352158 0.000251621997449547 0.000256503000855446 0.000260801985859871 0.000307487003738061 0.000257200008491054 0.000286254013190046 0.000192709005204961 0.000203969000722282 0.0003151030105073 0.000266479997662827 0.000265078007942066 0.000246028997935355 0.000230771998758428 0.000174882006831467 0.000234157996601425 0.000242844005697407 0.000255696999374777 0.000274296005954966 0.000204869997105561 0.000321224011713639
-3.4e+38 -3.4e+38 -3.4e+38 -3.4e+38 -3.4e+38 -3.4e+38 -3.4e+38 1.28515002870699e-05 1.85897006304003e-05 1.00874003692297e-05 5.35381013833103e-06 7.8775301517453e-06 4.48932996732765e-06 1.00290999398567e-05 1.77161000465276e-05 6.83221005601808e-05 0.000110882996523287 0.000246776005951688 0.000118807998660486 0.000199991001863964 0.000229810000746511 0.000200409995159134 0.000201538001419976 0.000209277000976726 0.000213727995287627 0.000209051999263465 0.000295311998343095 0.000192986000911333 0.000268239993602037 0.000195820000953972 0.000286282011074945 0.000295620993711054 0.000203938994673081 0.00024645499070175 0.000189579994184896 0.000231615005759522 0.000202844006707892 0.000255229009781033 0.000258987012784928 0.000259421009104699 8.45563990878873e-05 0.000174214001162909 0.000242976006120443 0.000187283003469929 0.000171217994648032 0.000196288994629867 0.000211520993616432 0.000274004996754229 0.000287502014543861
-3.4e+38 -3.4e+38 -3.4e+38 -3.4e+38 -3.4e+38 -3.4e+38 -3.4e+38 1.38784998853225e-05 1.0854199899768e-05 1.40029997055535e-05 8.28043994260952e-06 6.40933012618916e-06 1.08102003650856e-05 1.70268995134393e-05 3.02131993521471e-05 4.94831983814947e-05 0.000106091996713076 0.000135224996483885 0.000234656996326521 0.00014043299597688 0.000180424001882784 0.000283239991404116 9.04815024114214e-05 0.0002588169882074 0.000298274011583999 0.000285288988379762 0.000268089992459863 0.000253689009696245 0.000174122993485071 0.000182185001904145 0.000179615002707578 0.000271197000984102 0.000188086996786296 0.000190033999388106 0.000177577006979845 0.000212778002605774 0.000232642996707 0.000243311995291151 0.000249587988946587 0.000201417002244852 0.000176903005922213 0.000160095994942822 0.000231104000704363 0.000219082998228259 0.000182365998625755 0.000218468005186878 0.000233682003454305 0.000214486994082108 0.000165263001690619
-3.4e+38 -3.4e+38 -3.4e+38 -3.4e+38 -3.4e+38 -3.4e+38 -3.4e+38 1.66709996847203e-05 9.90204989648191e-06 8.08271033747587e-06 1.11303997982759e-05 2.7830599265144e-06 5.53695008420618e-06 1.21823004519683e-05 2.22986000153469e-05 3.67182001355104e-05 6.27878980594687e-05 3.92563997593243e-05 0.000140193005790934 7.99854969955049e-05 0.000352174014551565 0.000190050006494857 0.000202918003196828 0.000199406000319868 0.000276081002084538 0.000260164990322664 0.000242680005612783 0.000159176997840405 0.000160298994160257 0.000171171996043995 0.00017104999278672 0.000166672994964756 0.000171117004356347 0.000169815000845119 0.00016613099433016 0.000240688998019323 0.000179458002094179 0.000184150994755328 0.000239350003539585 8.48587005748414e-05 0.000208743993425742 0.000150221007061191 0.000188863996299915 0.00015107799845282 0.000148820006870665 0.000183408003067598 0.000224389994400553 0.000199499001610093 0.000183330994332209
