catData/rasterBestHybridModels/Pviverrinus/RD_BM01_RM1_H/Pviverrinus_stddev.asc
ncols         409
nrows         350
xllcorner     60.897278365
yllcorner     5.843756025
cellsize      0.0892857
NODATA_value  -9999
[rows 58 to 86 of 350, columns 66 to 131 of 409]
-9999 -9999 -9999 -9999 -9999 -9999 -9999 -9999 -9999 -9999 -9999 -9999 -9999 -9999 -9999 -9999 -9999 -9999 -9999 -9999 -9999 -9999 -9999 -9999 -9999 -9999 -9999 8.62967E-7 9.01861E-7 6.80017E-7 9.09376E-7 9.12151E-7 9.68619E-7 9.21336E-7 1.47447E-6 2.05332E-6 1.81351E-6 1.55533E-6 1.65308E-6 1.78283E-6 1.7861E-6 1.86354E-6 2.07843E-6 2.20189E-6 2.95446E-6 3.11261E-6 4.80711E-6 4.23986E-6 3.21956E-6 3.03461E-6 2.93709E-6 2.48583E-6 2.39518E-6 2.37779E-6 2.62543E-6 2.72196E-6 2.74883E-6 2.57859E-6 2.73876E-6 2.85005E-6 3.47356E-6 9.53049E-6 1.01544E-5 9.99888E-6 1.02205E-5 1.03193E-5
-9999 -9999 -9999 -9999 -9999 -9999 -9999 -9999 -9999 -9999 -9999 -9999 -9999 -9999 -9999 1.05922E-6 -9999 -9999 -9999 9.69627E-7 9.36037E-7 -9999 -9999 -9999 -9999 -9999 8.78107E-7 9.03139E-7 9.03849E-7 8.97292E-7 9.06849E-7 9.08093E-7 9.30206E-7 9.31379E-7 9.40156E-7 2.583E-6 3.16131E-6 1.61519E-6 1.67686E-6 1.82634E-6 1.84307E-6 1.8838E-6 1.95156E-6 2.437E-6 3.26394E-6 3.11692E-6 4.973E-6 1.98235E-6 3.18108E-6 2.99734E-6 2.92113E-6 2.7483E-6 2.42388E-6 2.22443E-6 2.53101E-6 2.70448E-6 2.38293E-6 2.39593E-6 2.68613E-6 2.80769E-6 4.79727E-6 9.52823E-6 9.59747E-6 9.77086E-6 9.22104E-6 1.02526E-5
-9999 -9999 -9999 -9999 -9999 -9999 -9999 -9999 -9999 -9999 -9999 -9999 -9999 -9999 1.07138E-6 1.06363E-6 1.04114E-6 1.01908E-6 9.96601E-7 9.74655E-7 9.59331E-7 8.33891E-7 -9999 -9999 -9999 -9999 9.09785E-7 9.02879E-7 9.0181E-7 9.1162E-7 9.11016E-7 9.1771E-7 9.30941E-7 9.39768E-7 9.49183E-7 2.40531E-6 3.8881E-6 1.81643E-6 1.72306E-6 1.79477E-6 1.86672E-6 1.96239E-6 2.08711E-6 2.68998E-6 3.613E-6 3.60222E-6 5.59232E-6 4.62432E-6 3.12744E-6 2.87316E-6 2.75235E-6 2.5939E-6 2.22426E-6 2.19314E-6 2.47409E-6 2.45778E-6 2.13555E-6 2.34509E-6 2.65149E-6 5.24873E-6 8.55911E-6 9.24467E-6 9.42064E-6 9.68726E-6 1.00387E-5 1.04487E-5
-9999 -9999 -9999 -9999 -9999 -9999 -9999 -9999 -9999 -9999 -9999 -9999 -9999 1.07939E-6 1.06518E-6 1.04782E-6 1.03118E-6 1.0057E-6 9.87409E-7 9.67687E-7 9.5055E-7 9.38394E-7 8.86569E-7 -9999 9.099E-7 9.08558E-7 8.29072E-7 9.01757E-7 9.04947E-7 9.12864E-7 9.21599E-7 9.29469E-7 8.65613E-7 8.61895E-7 9.61171E-7 2.50565E-6 2.86238E-6 2.23442E-6 1.80884E-6 1.83927E-6 1.90783E-6 1.86842E-6 2.1233E-6 2.71176E-6 3.75421E-6 4.7693E-6 5.40213E-6 3.6565E-6 2.9192E-6 2.86424E-6 2.53092E-6 2.38606E-6 2.1124E-6 2.23104E-6 2.38901E-6 2.39761E-6 2.34474E-6 2.51316E-6 3.83939E-6 6.96151E-6 8.891E-6 9.14603E-6 9.35964E-6 9.65109E-6 1.00384E-5 1.03329E-5
-9999 -9999 -9999 -9999 -9999 -9999 -9999 -9999 -9999 -9999 -9999 1.09548E-6 1.08461E-6 1.07281E-6 1.0547E-6 1.03674E-6 1.01982E-6 9.96094E-7 9.78648E-7 9.6107E-7 9.45192E-7 9.33958E-7 8.4262E-7 8.40574E-7 9.13083E-7 9.07429E-7 9.04695E-7 9.05533E-7 9.15867E-7 9.20516E-7 9.31343E-7 9.39422E-7 9.48105E-7 9.55104E-7 9.83431E-7 2.0035E-6 2.79997E-6 2.82961E-6 1.61423E-6 1.80501E-6 1.8899E-6 1.86056E-6 2.08608E-6 2.569E-6 3.85727E-6 4.68415E-6 1.86231E-6 3.32254E-6 2.90556E-6 2.7974E-6 2.20077E-6 2.07492E-6 2.16665E-6 2.19194E-6 2.27499E-6 2.40743E-6 2.45755E-6 2.65536E-6 6.05308E-6 7.95328E-6 8.73258E-6 9.131E-6 9.55021E-6 9.82182E-6 9.88917E-6 1.05475E-5
-9999 -9999 -9999 -9999 -9999 -9999 -9999 -9999 -9999 1.10392E-6 1.10145E-6 1.09136E-6 1.07981E-6 1.06165E-6 1.04296E-6 1.02533E-6 1.01136E-6 9.89154E-7 9.68683E-7 9.51796E-7 9.41514E-7 9.2817E-7 9.20518E-7 9.1649E-7 9.09726E-7 9.08715E-7 9.07601E-7 9.07384E-7 9.18202E-7 9.37088E-7 9.43218E-7 9.49337E-7 9.50453E-7 9.70341E-7 9.76318E-7 1.03019E-6 1.98217E-6 1.979E-6 6.93658E-7 1.75891E-6 1.80206E-6 1.78528E-6 2.04896E-6 2.56923E-6 3.96158E-6 4.20256E-6 3.84068E-6 3.01087E-6 2.84762E-6 2.77619E-6 2.05051E-6 2.02075E-6 2.21739E-6 2.16397E-6 2.14844E-6 2.19362E-6 2.16817E-6 2.35802E-6 5.65408E-6 8.08769E-6 8.6931E-6 9.06152E-6 9.40133E-6 9.61131E-6 9.90451E-6 1.02236E-5
-9999 -9999 -9999 -9999 -9999 -9999 -9999 -9999 -9999 -9999 -9999 1.09333E-6 1.06769E-6 1.04735E-6 1.02762E-6 1.01067E-6 9.93506E-7 9.77298E-7 9.58971E-7 9.53726E-7 9.41358E-7 9.23678E-7 9.18312E-7 9.12818E-7 9.08214E-7 9.11455E-7 9.07869E-7 9.13572E-7 8.38436E-7 9.3975E-7 9.434E-7 9.50332E-7 9.73015E-7 1.02197E-6 1.02799E-6 1.04497E-6 1.12984E-6 1.67168E-6 7.81787E-7 1.68002E-6 1.70268E-6 1.72417E-6 1.95517E-6 2.41004E-6 4.10768E-6 7.01199E-6 6.08964E-6 4.67668E-6 3.78035E-6 2.93278E-6 2.3386E-6 2.01449E-6 2.11397E-6 2.06242E-6 2.06566E-6 2.06449E-6 2.09618E-6 2.08123E-6 5.60592E-6 7.94645E-6 8.63221E-6 8.74788E-6 9.0364E-6 9.26484E-6 9.50295E-6 9.82795E-6
2.00089E-6 2.54387E-6 2.25291E-6 -9999 -9999 -9999 -9999 -9999 1.1846E-6 1.10589E-6 1.05096E-6 1.09354E-6 1.05672E-6 1.03468E-6 1.01697E-6 9.99251E-7 9.89695E-7 9.80249E-7 9.79581E-7 9.65318E-7 9.48809E-7 9.23594E-7 9.13919E-7 9.07707E-7 9.06522E-7 9.04326E-7 9.12656E-7 9.19339E-7 9.36588E-7 9.4199E-7 9.46045E-7 9.5264E-7 9.77827E-7 1.02515E-6 1.04694E-6 1.04964E-6 1.0529E-6 1.62613E-6 7.28364E-7 1.66554E-6 1.63502E-6 1.47176E-6 1.66948E-6 1.86993E-6 3.8325E-6 7.97212E-6 2.65696E-6 5.45004E-6 5.3571E-6 4.51673E-6 2.5593E-6 1.96409E-6 2.17164E-6 2.44139E-6 2.02793E-6 2.16018E-6 4.65979E-6 5.2987E-6 6.3884E-6 8.28892E-6 8.71157E-6 8.69783E-6 8.84803E-6 9.15519E-6 9.39997E-6 9.81623E-6
2.54406E-6 2.52875E-6 2.52027E-6 2.50208E-6 2.49254E-6 2.2811E-6 1.63399E-6 1.62656E-6 1.61575E-6 1.47602E-6 1.3397E-6 1.21477E-6 1.01606E-6 1.04201E-6 1.02994E-6 1.01207E-6 9.97698E-7 9.84992E-7 9.72182E-7 9.58618E-7 9.40076E-7 9.13467E-7 9.15039E-7 9.09269E-7 9.09135E-7 9.02658E-7 9.1572E-7 9.30846E-7 9.35832E-7 9.448E-7 9.48726E-7 9.59267E-7 9.78117E-7 1.04006E-6 1.05746E-6 1.06332E-6 1.06486E-6 1.54329E-6 1.15524E-6 1.41918E-6 1.41701E-6 1.38748E-6 1.56695E-6 1.86202E-6 3.1929E-6 8.20129E-6 2.72054E-6 5.62274E-6 5.30699E-6 5.71967E-6 3.54556E-6 2.25151E-6 3.70057E-6 4.06249E-6 3.50715E-6 5.14085E-6 5.22952E-6 5.49725E-6 7.37297E-6 8.82124E-6 8.88615E-6 8.53778E-6 8.67251E-6 8.42216E-6 9.32847E-6 9.66783E-6
2.53146E-6 2.51718E-6 2.49882E-6 2.49127E-6 2.46634E-6 1.67816E-6 1.62767E-6 1.62009E-6 1.61215E-6 1.59837E-6 1.52831E-6 1.0668E-6 1.0677E-6 1.02504E-6 1.01232E-6 9.98696E-7 9.90317E-7 9.75917E-7 9.56453E-7 9.42308E-7 9.37072E-7 9.2789E-7 9.33598E-7 9.21753E-7 9.17963E-7 9.26722E-7 9.34016E-7 9.33835E-7 9.41659E-7 9.43196E-7 9.5722E-7 9.66496E-7 9.85263E-7 1.04553E-6 1.06167E-6 1.07642E-6 1.07745E-6 1.25183E-6 7.76422E-7 1.36045E-6 1.34836E-6 1.33336E-6 1.44774E-6 1.96091E-6 3.05934E-6 9.06598E-6 2.8976E-6 5.92475E-6 5.47493E-6 5.63692E-6 5.12688E-6 3.67706E-6 3.82917E-6 4.01358E-6 4.12249E-6 4.67068E-6 5.4661E-6 6.78042E-6 8.26186E-6 8.76766E-6 8.72716E-6 8.42132E-6 8.11055E-6 8.8051E-6 9.22834E-6 9.42529E-6
2.51009E-6 2.50554E-6 2.18712E-6 2.4654E-6 1.88399E-6 1.62981E-6 1.61953E-6 1.60976E-6 1.60275E-6 1.48665E-6 1.08996E-6 1.05491E-6 1.03209E-6 1.00835E-6 9.8918E-7 9.7484E-7 9.67579E-7 9.59664E-7 9.48303E-7 9.34835E-7 9.34004E-7 9.20739E-7 9.24597E-7 9.21748E-7 9.19299E-7 9.32494E-7 9.40398E-7 9.4654E-7 9.40538E-7 9.52323E-7 9.60533E-7 9.71858E-7 1.02434E-6 1.0567E-6 1.07696E-6 1.08362E-6 1.08754E-6 1.23601E-6 1.27226E-6 1.45972E-6 1.35371E-6 1.34965E-6 1.40135E-6 1.91409E-6 3.70777E-6 9.74054E-6 6.43786E-6 2.46767E-6 5.6174E-6 5.46612E-6 5.42378E-6 4.33745E-6 3.8954E-6 4.27335E-6 4.43243E-6 5.60522E-6 6.6344E-6 7.80599E-6 8.43708E-6 8.68042E-6 8.5764E-6 8.27687E-6 8.44927E-6 8.63557E-6 9.03249E-6 9.37963E-6
2.18809E-6 1.84077E-6 1.63152E-6 1.61556E-6 1.60891E-6 1.60268E-6 1.58573E-6 1.56662E-6 1.59777E-6 1.1298E-6 9.98533E-7 1.01785E-6 9.95236E-7 9.72928E-7 9.5833E-7 9.47516E-7 9.42827E-7 9.3151E-7 9.30326E-7 9.20896E-7 9.17644E-7 9.17464E-7 9.13994E-7 9.18704E-7 9.27552E-7 9.31457E-7 9.47093E-7 9.43933E-7 9.38943E-7 9.51202E-7 8.86378E-7 1.01666E-6 1.04576E-6 1.06694E-6 1.0823E-6 1.09979E-6 1.09817E-6 1.15851E-6 1.48079E-6 1.58316E-6 1.367E-6 1.34567E-6 1.50934E-6 1.92124E-6 3.40183E-6 8.61362E-6 6.25773E-6 5.55576E-6 5.57569E-6 5.42156E-6 5.46235E-6 4.95324E-6 3.90959E-6 4.23034E-6 4.40941E-6 4.93628E-6 7.27042E-6 8.15912E-6 8.23125E-6 8.6869E-6 8.36874E-6 8.09989E-6 8.26926E-6 8.48337E-6 9.10569E-6 9.42236E-6
1.60783E-6 1.58009E-6 1.56376E-6 1.55624E-6 1.54083E-6 1.4189E-6 1.56306E-6 1.38965E-6 1.01914E-6 1.02574E-6 1.00425E-6 9.90176E-7 9.79951E-7 9.65608E-7 9.47521E-7 9.29301E-7 9.19979E-7 9.15537E-7 9.16308E-7 9.15276E-7 9.10714E-7 9.14276E-7 9.13687E-7 9.19853E-7 9.28568E-7 9.30634E-7 9.36311E-7 9.35124E-7 9.42229E-7 9.56671E-7 1.01366E-6 1.03933E-6 1.06091E-6 1.07497E-6 1.09686E-6 1.11097E-6 1.11305E-6 1.31803E-6 2.28077E-6 1.5721E-6 1.37493E-6 1.37159E-6 1.42544E-6 1.93316E-6 5.97278E-6 8.74259E-6 6.12322E-6 5.12319E-6 5.18952E-6 5.82073E-6 5.51848E-6 5.17161E-6 4.5561E-6 3.93708E-6 4.23911E-6 6.92376E-6 7.86407E-6 8.03372E-6 8.43467E-6 8.36686E-6 8.23094E-6 8.11957E-6 8.18352E-6 8.48467E-6 9.24227E-6 9.57613E-6
2.18385E-6 2.02576E-6 2.07415E-6 2.07448E-6 1.50234E-6 1.54442E-6 1.56642E-6 1.32877E-6 1.21076E-6 1.05858E-6 1.0237E-6 1.01248E-6 1.00619E-6 9.87153E-7 9.63514E-7 9.34783E-7 9.18014E-7 9.11576E-7 8.19659E-7 9.05002E-7 9.10385E-7 9.12563E-7 8.28739E-7 9.17947E-7 9.19692E-7 9.33051E-7 9.41318E-7 9.4489E-7 9.50613E-7 9.72861E-7 1.02844E-6 1.05294E-6 1.06609E-6 1.0811E-6 1.1626E-6 1.12703E-6 1.11326E-6 2.20803E-6 1.97621E-6 1.60316E-6 1.43663E-6 1.46094E-6 1.5662E-6 1.83585E-6 3.29287E-6 8.30212E-6 6.30736E-6 5.30106E-6 6.18635E-6 6.01485E-6 6.19761E-6 6.2344E-6 4.74161E-6 4.30199E-6 6.41924E-6 3.29921E-6 7.79774E-6 7.96686E-6 8.05274E-6 7.9388E-6 8.12522E-6 8.3274E-6 8.49838E-6 9.53923E-6 1.03965E-5 1.00622E-5
1.47468E-6 1.5122E-6 1.93674E-6 1.72757E-6 1.51164E-6 2.08461E-6 1.53672E-6 1.4141E-6 1.5024E-6 1.38377E-6 1.29741E-6 1.1039E-6 1.11959E-6 1.03862E-6 1.04531E-6 1.00205E-6 9.59624E-7 9.87916E-7 9.17026E-7 9.35052E-7 9.50174E-7 9.38758E-7 9.10692E-7 9.35702E-7 1.01916E-6 1.05669E-6 1.06674E-6 1.03015E-6 9.97056E-7 9.88997E-7 1.0371E-6 1.06452E-6 1.08356E-6 1.10577E-6 1.17951E-6 1.27503E-6 1.12219E-6 2.55769E-6 1.77505E-6 1.40321E-6 1.41932E-6 1.44729E-6 1.59845E-6 1.74765E-6 2.78282E-6 8.97272E-6 7.8957E-6 6.68932E-6 6.23163E-6 5.97606E-6 5.71851E-6 5.13628E-6 5.89857E-6 5.09408E-6 6.97248E-6 7.7757E-6 8.01267E-6 8.03763E-6 8.3778E-6 8.42894E-6 8.5753E-6 8.88299E-6 9.12472E-6 9.26567E-6 9.28351E-6 1.00634E-5
1.46389E-6 1.45167E-6 1.45297E-6 1.4801E-6 1.4858E-6 1.42894E-6 1.0355E-6 1.01532E-6 1.31293E-6 1.5545E-6 1.54487E-6 1.16418E-6 1.11642E-6 1.09412E-6 1.0733E-6 1.05755E-6 1.0481E-6 1.04022E-6 1.03348E-6 1.0379E-6 1.0317E-6 1.02954E-6 1.01083E-6 1.04159E-6 1.05967E-6 1.07089E-6 1.09071E-6 1.10156E-6 1.11703E-6 1.06227E-6 1.01486E-6 1.07474E-6 1.09217E-6 1.10374E-6 1.11885E-6 1.13139E-6 1.52707E-6 3.00484E-6 1.81628E-6 1.39091E-6 1.40375E-6 1.45596E-6 1.53864E-6 1.9322E-6 2.75117E-6 9.47967E-6 8.2943E-6 6.93856E-6 6.25973E-6 5.82723E-6 5.03707E-6 5.18826E-6 5.45202E-6 7.07792E-6 7.70176E-6 8.21412E-6 8.59256E-6 8.48123E-6 8.33651E-6 8.65786E-6 8.88467E-6 8.96207E-6 9.29678E-6 7.31783E-6 9.74978E-6 1.00493E-5
1.97884E-6 4.85021E-6 1.70683E-6 1.89532E-6 2.93055E-6 1.08995E-6 1.06695E-6 1.52817E-6 1.49136E-6 1.51256E-6 1.50713E-6 1.53917E-6 1.27541E-6 1.09774E-6 1.07335E-6 1.05486E-6 1.04044E-6 9.29364E-7 1.02375E-6 1.02405E-6 1.02602E-6 1.03267E-6 1.04701E-6 1.06541E-6 1.07899E-6 1.08686E-6 9.86567E-7 1.11011E-6 1.02219E-6 1.13933E-6 1.15361E-6 1.16778E-6 1.13051E-6 1.11985E-6 1.12735E-6 1.31793E-6 2.47815E-6 2.51096E-6 2.70294E-6 1.49263E-6 1.38852E-6 1.45475E-6 1.50616E-6 1.9493E-6 2.43264E-6 9.4146E-6 8.93151E-6 7.83066E-6 6.80018E-6 6.14958E-6 4.9185E-6 5.3379E-6 6.29517E-6 7.74338E-6 8.46046E-6 8.83207E-6 8.55963E-6 8.1055E-6 8.14679E-6 8.69656E-6 6.84061E-6 8.67399E-6 8.65559E-6 9.36324E-6 9.51958E-6 4.00889E-6
7.03841E-6 5.45577E-6 6.44343E-6 6.90298E-6 6.29593E-6 1.89905E-6 1.0412E-6 1.00951E-6 1.01503E-6 1.47529E-6 1.44531E-6 1.51587E-6 1.4721E-6 1.45685E-6 1.10987E-6 1.05105E-6 1.03127E-6 9.2813E-7 1.03121E-6 1.02978E-6 1.04099E-6 1.04315E-6 9.463E-7 1.06973E-6 1.06862E-6 1.10516E-6 1.10416E-6 1.12447E-6 1.15459E-6 1.16601E-6 1.17037E-6 1.18384E-6 1.19842E-6 1.12679E-6 1.20986E-6 1.549E-6 2.47166E-6 2.4709E-6 3.05716E-6 1.50478E-6 1.38002E-6 1.43661E-6 1.56037E-6 2.12935E-6 5.03654E-6 1.03245E-5 9.67279E-6 8.32393E-6 7.55956E-6 6.73999E-6 6.0467E-6 6.68447E-6 7.79244E-6 8.51388E-6 8.67423E-6 8.75537E-6 8.31664E-6 7.90957E-6 8.04246E-6 8.12251E-6 7.97326E-6 8.22861E-6 8.51983E-6 8.66749E-6 9.09816E-6 8.66217E-6
6.18754E-6 6.37816E-6 6.43427E-6 5.84153E-6 6.26877E-6 2.94472E-6 1.40442E-6 9.90673E-7 9.80074E-7 1.09606E-6 1.02514E-6 9.95443E-7 1.00135E-6 1.30417E-6 1.29991E-6 1.03374E-6 1.02629E-6 1.03206E-6 1.03288E-6 1.04492E-6 1.04937E-6 1.05443E-6 1.06472E-6 1.0828E-6 1.09396E-6 1.22698E-6 1.17258E-6 1.14537E-6 1.16043E-6 1.17277E-6 1.18155E-6 1.19515E-6 1.20593E-6 1.20732E-6 1.22477E-6 1.7389E-6 2.06653E-6 2.45936E-6 2.09798E-6 1.48172E-6 1.40435E-6 1.47554E-6 1.9215E-6 2.46297E-6 3.43598E-6 9.82571E-6 9.1271E-6 8.01793E-6 7.59302E-6 6.81272E-6 7.02331E-6 7.51161E-6 7.98485E-6 8.14708E-6 8.31008E-6 8.38209E-6 7.76573E-6 7.56357E-6 7.69238E-6 7.69235E-6 7.62054E-6 7.74837E-6 8.00874E-6 8.15345E-6 8.27701E-6 8.37117E-6
6.54023E-6 5.71119E-6 6.05531E-6 4.6946E-6 1.28822E-6 1.47683E-6 1.0686E-6 9.6708E-7 9.63407E-7 9.80063E-7 9.84071E-7 9.82093E-7 1.01274E-6 1.15808E-6 1.03467E-6 1.12084E-6 1.07831E-6 1.03607E-6 1.04642E-6 9.66648E-7 1.14338E-6 6.76012E-7 6.49214E-7 6.97422E-7 1.20164E-6 1.30516E-6 1.24236E-6 1.14783E-6 1.16402E-6 1.18695E-6 1.17639E-6 1.19074E-6 1.21042E-6 1.20909E-6 1.21984E-6 1.32629E-6 2.25276E-6 2.46683E-6 1.6028E-6 1.38345E-6 1.38953E-6 1.50825E-6 2.09226E-6 2.5098E-6 2.8137E-6 8.46903E-6 8.20296E-6 3.32547E-6 6.99228E-6 6.68303E-6 7.65882E-6 7.564E-6 7.62414E-6 7.68247E-6 8.2027E-6 7.60994E-6 7.41466E-6 7.38402E-6 7.32145E-6 7.3273E-6 7.55443E-6 7.63153E-6 7.9256E-6 8.1172E-6 8.37199E-6 8.39957E-6
7.11573E-6 8.08327E-6 6.69325E-6 1.01935E-6 9.99257E-7 9.74115E-7 9.33177E-7 9.53486E-7 9.90572E-7 6.19499E-7 7.01723E-7 7.48617E-7 1.04017E-6 1.34596E-6 1.04586E-6 1.05399E-6 9.59884E-7 9.89508E-7 1.05002E-6 1.09189E-6 7.07347E-7 3.44089E-7 3.14443E-7 5.15846E-7 5.98935E-7 9.60445E-7 1.39086E-6 1.20888E-6 1.11305E-6 1.01416E-6 1.16365E-6 1.18893E-6 1.21211E-6 1.21667E-6 1.35638E-6 1.73995E-6 2.51066E-6 3.15158E-6 1.53767E-6 1.32163E-6 1.27166E-6 1.47166E-6 2.00851E-6 2.41067E-6 2.76374E-6 7.92052E-6 3.43456E-6 3.18625E-6 6.68994E-6 7.39927E-6 7.87852E-6 7.96197E-6 6.22984E-6 3.53982E-6 7.64307E-6 7.48897E-6 7.49889E-6 7.47621E-6 7.46089E-6 7.59949E-6 7.78798E-6 7.88913E-6 8.10965E-6 8.19285E-6 8.46268E-6 8.59067E-6
1.45432E-6 1.04042E-6 9.85629E-7 9.85962E-7 9.76337E-7 1.07887E-6 1.00555E-6 1.00905E-6 5.51986E-7 3.54823E-7 3.41164E-7 4.08997E-7 5.43501E-7 6.28281E-7 6.45041E-7 1.05866E-6 9.96442E-7 9.77218E-7 9.66491E-7 1.16147E-6 5.07907E-7 3.45311E-7 3.49034E-7 9.50542E-7 1.04642E-6 1.04327E-6 9.6693E-7 9.59622E-7 9.63238E-7 1.07922E-6 1.18581E-6 1.2079E-6 1.20958E-6 1.22445E-6 1.37465E-6 2.34781E-6 2.47995E-6 1.80358E-6 1.39272E-6 1.24132E-6 1.18744E-6 1.42584E-6 2.09305E-6 2.51448E-6 2.84014E-6 8.89741E-6 3.38743E-6 3.16557E-6 3.13605E-6 7.89265E-6 8.10596E-6 8.37853E-6 3.53464E-6 7.8088E-6 7.59463E-6 7.6954E-6 7.89547E-6 8.016E-6 7.90529E-6 7.97881E-6 8.10318E-6 8.00217E-6 8.47831E-6 8.60272E-6 8.59652E-6 8.68992E-6
1.15569E-6 1.4447E-6 9.82923E-7 9.65679E-7 1.02407E-6 1.11993E-6 1.12277E-6 1.20532E-6 6.37507E-7 3.56644E-7 2.57008E-7 2.82281E-7 3.183E-7 3.58377E-7 4.26358E-7 7.27278E-7 1.13457E-6 1.009E-6 1.04747E-6 1.07063E-6 6.54231E-7 3.65481E-7 5.91299E-7 9.91431E-7 9.30668E-7 9.47152E-7 9.58089E-7 1.05128E-6 1.17695E-6 1.17444E-6 1.24199E-6 1.2471E-6 1.23418E-6 1.24315E-6 1.64228E-6 2.50229E-6 2.60196E-6 1.35908E-6 1.25E-6 1.20128E-6 1.22006E-6 1.72039E-6 2.35521E-6 2.61704E-6 2.89041E-6 3.29536E-6 3.43255E-6 7.71236E-6 3.36629E-6 7.59456E-6 7.73551E-6 7.92995E-6 7.71966E-6 7.65565E-6 7.65616E-6 7.78617E-6 3.3811E-6 3.43489E-6 6.15549E-6 8.16031E-6 8.13504E-6 8.19528E-6 8.20215E-6 8.0209E-6 8.35925E-6 8.41759E-6
1.00839E-6 1.00835E-6 1.01403E-6 9.68774E-7 9.61557E-7 1.07464E-6 4.31091E-7 4.52291E-7 3.77256E-7 2.79345E-7 2.37085E-7 2.48933E-7 2.59008E-7 2.80863E-7 3.19148E-7 3.87723E-7 6.36085E-7 1.3293E-6 1.07703E-6 8.89284E-7 1.03443E-6 1.06981E-6 1.0596E-6 9.83911E-7 9.6001E-7 1.14942E-6 1.05057E-6 1.15518E-6 1.20687E-6 2.07214E-6 2.19912E-6 1.30039E-6 1.4209E-6 1.56563E-6 2.42896E-6 2.50291E-6 1.59303E-6 1.41326E-6 1.19296E-6 1.21474E-6 1.41433E-6 2.08592E-6 2.47109E-6 1.97668E-6 2.8478E-6 8.64508E-6 3.51884E-6 3.39341E-6 7.85806E-6 7.69394E-6 7.673E-6 7.60403E-6 7.37931E-6 7.48945E-6 7.66738E-6 7.37215E-6 7.53724E-6 7.69144E-6 8.16411E-6 8.47304E-6 8.09637E-6 7.67539E-6 7.06387E-6 4.00906E-6 8.29664E-6 8.00975E-6
1.02655E-6 1.01626E-6 1.03985E-6 9.63653E-7 9.22587E-7 8.94384E-7 2.66193E-7 3.07331E-7 2.88784E-7 2.43719E-7 2.27316E-7 2.26477E-7 2.37795E-7 2.51507E-7 2.78233E-7 3.08738E-7 3.61425E-7 5.50227E-7 1.29163E-6 9.41558E-7 9.78373E-7 1.06211E-6 1.16405E-6 1.13981E-6 1.04867E-6 1.16041E-6 1.28663E-6 1.38301E-6 1.58694E-6 1.51681E-6 1.34307E-6 1.17556E-6 1.70893E-6 2.83379E-6 2.49437E-6 2.87723E-6 1.06995E-6 2.10691E-6 1.75024E-6 2.36832E-6 1.6393E-6 2.31892E-6 4.45141E-6 3.53283E-6 6.56677E-6 3.64766E-6 3.46314E-6 3.38641E-6 7.77949E-6 7.52756E-6 7.56021E-6 7.53636E-6 7.64738E-6 7.58177E-6 7.52646E-6 7.56447E-6 7.56506E-6 7.88673E-6 6.52237E-6 8.47311E-6 7.97148E-6 6.91379E-6 2.7737E-6 2.69349E-6 2.43035E-6 2.94335E-6
1.04176E-6 1.02018E-6 1.11456E-6 9.88073E-7 9.12936E-7 4.51642E-7 2.76336E-7 3.01516E-7 2.92506E-7 2.64912E-7 2.31476E-7 2.36746E-7 2.47577E-7 2.46882E-7 2.47234E-7 2.51663E-7 2.82896E-7 3.44113E-7 5.36645E-7 6.42355E-7 8.72035E-7 9.40546E-7 7.71329E-7 1.15482E-6 8.22979E-7 6.07914E-7 8.3484E-7 1.15995E-6 1.20352E-6 8.35592E-7 7.55549E-7 2.02862E-6 2.99116E-6 3.02726E-6 2.61048E-6 1.90066E-6 1.04064E-6 2.33159E-6 2.55753E-6 3.2389E-6 2.8064E-6 2.94293E-6 5.06496E-6 5.18998E-6 8.64173E-6 3.54028E-6 6.02149E-6 7.56474E-6 7.56068E-6 7.47023E-6 7.51764E-6 7.54459E-6 7.59598E-6 7.59138E-6 7.57396E-6 7.74533E-6 8.07065E-6 8.11765E-6 8.01416E-6 7.68283E-6 7.4085E-6 2.35161E-6 2.17257E-6 2.02818E-6 1.78778E-6 1.91876E-6
1.03707E-6 1.0201E-6 9.82193E-7 9.4743E-7 9.20932E-7 6.35812E-7 4.31424E-7 3.63064E-7 3.18235E-7 2.94E-7 2.74619E-7 2.33895E-7 2.46401E-7 2.51052E-7 2.47894E-7 2.23036E-7 2.63835E-7 3.88003E-7 4.33211E-7 6.58707E-7 1.14276E-6 1.07058E-6 6.37466E-7 5.67071E-7 4.44656E-7 3.95418E-7 4.83251E-7 6.80806E-7 9.64033E-7 6.86275E-7 5.19587E-7 1.17165E-6 1.51329E-6 1.59312E-6 2.87765E-6 1.19634E-6 1.10277E-6 2.87187E-6 3.34467E-6 2.05859E-6 4.69274E-6 5.17741E-6 5.21711E-6 9.48028E-6 6.42201E-6 8.04895E-6 7.7303E-6 7.5677E-6 7.6198E-6 7.4198E-6 7.54211E-6 7.60407E-6 7.60316E-6 7.80053E-6 7.50286E-6 7.85886E-6 8.0235E-6 7.75328E-6 7.21405E-6 6.96067E-6 2.27368E-6 1.67903E-6 1.59868E-6 1.55214E-6 1.66922E-6 1.92236E-6
1.11027E-6 1.03292E-6 9.76623E-7 9.56018E-7 9.03896E-7 8.89675E-7 1.02738E-6 3.66445E-7 3.29314E-7 2.87567E-7 2.73251E-7 2.63136E-7 2.3199E-7 2.35548E-7 2.35083E-7 2.04254E-7 2.37873E-7 2.94834E-7 2.43298E-7 2.92574E-7 7.63403E-7 1.10406E-6 6.45913E-7 5.50104E-7 3.94198E-7 2.98084E-7 3.4734E-7 5.68739E-7 8.22555E-7 5.41753E-7 5.33148E-7 8.94641E-7 9.1503E-7 1.70968E-6 3.03016E-6 1.03619E-6 1.00251E-6 2.56527E-6 3.38472E-6 2.30192E-6 5.0658E-6 5.10623E-6 5.28329E-6 8.68889E-6 8.41694E-6 7.69859E-6 7.73E-6 7.63917E-6 7.45539E-6 7.42134E-6 7.56392E-6 7.61661E-6 7.58137E-6 7.55534E-6 7.47243E-6 7.79565E-6 3.60762E-6 4.14028E-6 1.40215E-6 1.71016E-6 1.51898E-6 1.50613E-6 1.50977E-6 1.54798E-6 1.66867E-6 1.78027E-6
1.01154E-6 9.90113E-7 9.39661E-7 9.24459E-7 9.02069E-7 9.02071E-7 1.01151E-6 3.21335E-7 2.91071E-7 2.66583E-7 2.70707E-7 2.86761E-7 2.41311E-7 2.58983E-7 2.44484E-7 2.49799E-7 2.05787E-7 2.13925E-7 2.18509E-7 2.51132E-7 5.13922E-7 7.81526E-7 6.11426E-7 6.1862E-7 5.44082E-7 4.90888E-7 6.07777E-7 7.01563E-7 5.76695E-7 5.89346E-7 8.30312E-7 6.3073E-7 1.00844E-6 1.26949E-6 1.12279E-6 9.83651E-7 9.65785E-7 2.38938E-6 1.82172E-6 4.62091E-6 5.01298E-6 5.02116E-6 3.83012E-6 8.84433E-6 8.34497E-6 7.60085E-6 7.87938E-6 7.94614E-6 7.55205E-6 2.92796E-6 7.9748E-6 7.68045E-6 7.21232E-6 3.59995E-6 2.36365E-6 2.33985E-6 2.22865E-6 8.43182E-7 1.73136E-6 1.51825E-6 1.47943E-6 1.52367E-6 1.53118E-6 1.55969E-6 1.57312E-6 1.59361E-6
