catData/rasterBestHybridModels/Pviverrinus/RD_BM01_RM1_H/Pviverrinus_avg.asc
ncols         409
nrows         350
xllcorner     60.897278365
yllcorner     5.843756025
cellsize      0.0892857
NODATA_value  -9999
[rows 145 to 173 of 350, columns 198 to 263 of 409]
9.06265E-6 9.08626E-6 8.4086E-6 7.33444E-6 5.95942E-6 6.99105E-6 5.32936E-6 4.22746E-6 4.64659E-6 4.33242E-6 4.7888E-6 3.01657E-6 2.99835E-6 3.89417E-6 3.02109E-6 3.18066E-6 3.46763E-6 3.40199E-6 3.26191E-6 3.52162E-6 3.50261E-6 4.40304E-6 2.24504E-5 2.23325E-5 2.31681E-5 2.3109E-5 2.62072E-5 1.53513E-5 5.12042E-6 9.35568E-6 5.32291E-6 4.26233E-6 4.44794E-6 2.3854E-5 2.34591E-5 2.35527E-5 2.48913E-5 1.05119E-5 8.2522E-6 1.00813E-5 7.9748E-6 8.19244E-6 1.48342E-5 3.02751E-5 2.87786E-5 2.6751E-5 3.51647E-5 1.63863E-4 5.42161E-5 3.76805E-5 3.17729E-5 3.02901E-5 5.25645E-5 1.27569E-5 2.47205E-5 3.61192E-5 7.68106E-5 1.0969E-4 1.1301E-4 1.15204E-4 4.41971E-5 4.66968E-5 1.20966E-4 5.26763E-5 4.3867E-5 4.24748E-5
1.24287E-5 1.34869E-5 1.43381E-5 9.32241E-6 7.1059E-6 6.87585E-6 7.07002E-6 6.13162E-6 6.09691E-6 5.1114E-6 3.37022E-6 2.95609E-6 3.47592E-6 4.72884E-6 3.45552E-6 3.73604E-6 3.96165E-6 3.51814E-6 3.4319E-6 2.70581E-6 1.94013E-5 2.28681E-5 1.71958E-5 1.68151E-5 2.16236E-5 2.15175E-5 6.10726E-6 4.24359E-6 3.48763E-6 4.81315E-6 4.43949E-6 3.59327E-6 4.58354E-6 6.58889E-6 4.68111E-6 7.02543E-6 4.00344E-6 2.93418E-6 3.99827E-6 6.66227E-6 1.05281E-5 2.55612E-5 3.2626E-5 2.74407E-5 2.61761E-5 2.78937E-5 4.33876E-5 4.28166E-5 3.29805E-5 3.78411E-5 2.95104E-5 3.00004E-5 3.26327E-5 1.1269E-5 6.37067E-6 1.01534E-5 1.45953E-5 2.05598E-5 2.91836E-5 1.14859E-4 1.13579E-4 4.53928E-5 4.63562E-5 6.59324E-5 5.03495E-5 5.47987E-5
2.04684E-5 2.03396E-5 1.94335E-5 2.16147E-5 8.60218E-6 5.33949E-6 5.84807E-6 6.59918E-6 6.1604E-6 6.85203E-6 1.32486E-5 4.97774E-6 5.00539E-6 5.34183E-6 3.61287E-6 3.51915E-6 1.26985E-5 1.1645E-5 1.18979E-5 4.43117E-6 1.79052E-5 1.68308E-5 1.88029E-5 1.85752E-5 1.78384E-5 9.94935E-6 4.77539E-6 5.51087E-6 4.56179E-6 3.87931E-6 3.85858E-6 3.63211E-6 4.10532E-6 3.59501E-6 2.73783E-6 3.21891E-6 4.83886E-6 3.22488E-6 3.53588E-6 3.36056E-6 2.82145E-6 2.70788E-5 4.51889E-5 3.27929E-5 2.77054E-5 2.78413E-5 2.50531E-5 2.30003E-5 2.50249E-5 2.9476E-5 2.89586E-5 2.69089E-5 1.65876E-5 6.39362E-6 6.49989E-6 7.46275E-6 2.02411E-5 1.11746E-5 2.91055E-5 6.95509E-5 1.21261E-4 1.23391E-4 1.2791E-4 5.16858E-5 5.37523E-5 3.88666E-5
2.03459E-5 2.1847E-5 2.0838E-5 2.17196E-5 1.59511E-5 4.35792E-6 5.72835E-6 5.46652E-6 5.34485E-6 1.61949E-5 1.81368E-5 1.73256E-5 4.25252E-6 5.49997E-6 4.75791E-6 8.7964E-6 1.83423E-5 1.93547E-5 1.89371E-5 1.59043E-5 1.67987E-5 1.92917E-5 1.89764E-5 1.82143E-5 1.76625E-5 1.80569E-5 6.16001E-6 1.47532E-5 4.60378E-6 5.0343E-6 5.35972E-6 6.39213E-6 8.31269E-6 8.08735E-6 3.12144E-6 2.52549E-6 7.33313E-6 7.18034E-6 8.8596E-6 9.7612E-6 3.54051E-6 1.9114E-5 3.64401E-5 7.62667E-5 3.49906E-5 2.1766E-5 9.56915E-6 6.08835E-6 1.20065E-5 9.42596E-6 8.62737E-6 7.13211E-6 7.31874E-6 6.94081E-6 6.7869E-6 6.62771E-6 7.2143E-6 9.74538E-6 2.27714E-5 2.53317E-5 9.25237E-5 5.42828E-5 3.01944E-5 1.76648E-5 2.15509E-5 2.35284E-5
1.84998E-5 2.3798E-5 1.71907E-5 1.88402E-5 1.73867E-5 5.42091E-6 5.28288E-6 4.33438E-6 6.48863E-6 2.06163E-5 2.0501E-5 5.54913E-6 4.84192E-6 5.50446E-6 1.30465E-5 1.36664E-5 1.48353E-5 1.72473E-5 1.94404E-5 2.00219E-5 2.01364E-5 1.97613E-5 1.91903E-5 1.64448E-5 1.72353E-5 1.95484E-5 7.65417E-6 6.20051E-6 4.63328E-6 5.23051E-6 6.89588E-6 7.30447E-6 7.51147E-6 7.1525E-6 6.90381E-6 2.34749E-6 2.82705E-6 5.50708E-6 8.75343E-6 6.24942E-6 8.36772E-6 7.91202E-6 8.91091E-6 1.01886E-5 2.49795E-5 3.2559E-5 1.00827E-5 1.69368E-5 5.58036E-6 4.86007E-6 6.66111E-6 7.74976E-6 8.16445E-6 8.16044E-6 7.53827E-6 6.9436E-6 6.58093E-6 7.25387E-6 8.21166E-6 1.54448E-5 7.27778E-6 1.89815E-5 1.16741E-5 1.15096E-5 1.75815E-5 3.6957E-5
2.41751E-5 2.10002E-5 1.68151E-5 1.9277E-5 1.83488E-5 8.53913E-6 5.5572E-6 5.52611E-6 1.78188E-5 2.12571E-5 1.84817E-5 4.20313E-6 4.6629E-6 5.11951E-6 6.08637E-6 1.07062E-5 1.67934E-5 1.77764E-5 1.83425E-5 2.21402E-5 2.35102E-5 2.19777E-5 1.99422E-5 1.01644E-5 6.55307E-6 3.15689E-5 9.6365E-6 1.7278E-5 5.62298E-6 6.24277E-6 1.05034E-5 7.38028E-6 7.39734E-6 8.95176E-6 3.12344E-6 5.52546E-6 3.36452E-6 8.149E-6 9.36318E-6 8.95216E-6 8.39802E-6 9.20998E-6 9.39034E-6 6.20056E-6 9.02227E-6 3.09433E-5 3.07812E-5 1.90376E-5 1.54223E-5 1.33445E-5 6.11562E-6 5.43197E-6 7.76291E-6 8.35711E-6 8.17929E-6 1.87269E-5 7.09606E-6 6.93135E-6 6.26984E-6 1.78147E-5 1.32306E-5 6.05415E-6 1.64752E-5 8.28531E-6 1.10582E-5 1.35531E-4
1.96757E-5 1.35587E-5 1.64006E-5 8.9709E-6 9.62557E-6 9.71013E-6 8.71263E-6 1.14623E-5 1.98935E-5 1.96496E-5 1.76123E-5 4.43251E-6 4.86403E-6 5.42545E-6 9.21497E-6 2.55109E-5 1.6958E-5 1.73931E-5 1.8095E-5 1.64406E-5 1.7247E-5 1.94585E-5 1.40171E-5 6.51836E-6 6.13353E-6 6.39751E-6 6.09184E-6 1.62456E-5 1.38249E-5 1.46879E-5 1.12127E-5 1.23986E-5 1.30092E-5 2.4056E-5 2.60329E-6 3.24467E-6 3.22447E-6 6.23917E-6 8.8459E-6 8.04402E-6 9.0062E-6 1.32815E-5 8.53357E-6 6.9818E-6 1.01996E-5 4.1588E-5 3.58272E-5 1.79242E-5 1.84839E-5 7.27962E-6 7.17396E-6 7.2164E-6 8.75962E-6 9.16919E-6 8.91741E-6 8.95203E-6 9.27629E-6 8.35611E-6 7.09442E-6 7.17964E-6 1.345E-5 2.37126E-5 9.86494E-6 4.2698E-6 6.35146E-6 2.0429E-5
6.26492E-6 5.5658E-6 5.84535E-6 7.27377E-6 7.2231E-6 7.68022E-6 9.07501E-6 6.48688E-6 3.18407E-6 3.96815E-6 3.4173E-6 3.84353E-6 5.78544E-6 8.14122E-6 2.89699E-5 2.8411E-5 2.61191E-5 3.19607E-5 2.68245E-5 1.45199E-5 1.59591E-5 1.42929E-5 7.87847E-6 6.62901E-6 6.98189E-6 5.32455E-6 5.74532E-6 7.08714E-6 9.18159E-6 1.2956E-5 1.19918E-5 1.04721E-5 1.27872E-5 1.20768E-5 5.04098E-6 4.73523E-6 7.2204E-6 9.06998E-6 1.47366E-5 4.3452E-5 3.21172E-5 3.2628E-5 8.60967E-6 4.15194E-6 3.84989E-6 2.75405E-5 3.40487E-5 1.23998E-5 1.5193E-5 1.09591E-5 6.71117E-6 7.40164E-6 7.63744E-6 1.12907E-5 9.53484E-6 1.13876E-5 9.3092E-6 8.90436E-6 7.92778E-6 1.31715E-5 1.09945E-5 9.66342E-6 9.22107E-6 1.86991E-5 1.31814E-5 5.73802E-6
3.98814E-6 5.52553E-6 6.00383E-6 6.34411E-6 7.06316E-6 8.14521E-6 7.57164E-6 3.14292E-6 2.68294E-6 2.96315E-6 2.92168E-6 3.71085E-6 5.57656E-6 2.03914E-5 2.56147E-5 2.94235E-5 3.67734E-5 3.6777E-5 3.47672E-5 1.25914E-5 1.51271E-5 1.35168E-5 7.78447E-6 1.33553E-5 6.84266E-6 5.6703E-6 4.79289E-6 4.67279E-6 5.30974E-6 7.59216E-6 1.12071E-5 1.08221E-5 1.27421E-5 1.25191E-5 5.44126E-6 6.00811E-6 7.4611E-6 7.88016E-6 8.78959E-6 1.35625E-5 1.57415E-5 1.60526E-5 1.55185E-5 4.76498E-6 4.85466E-6 2.14451E-5 1.38322E-5 1.22259E-5 1.13088E-5 8.60396E-6 5.67564E-6 6.93035E-6 7.77742E-6 1.00894E-5 1.19546E-5 1.28966E-5 6.66329E-6 5.43614E-6 8.31655E-6 5.79587E-6 4.90134E-6 1.54462E-5 8.24893E-6 5.86321E-6 6.8162E-6 8.29211E-6
3.71461E-6 3.13007E-6 4.66509E-6 6.1591E-6 7.34392E-6 8.14427E-6 8.55599E-6 3.62137E-6 2.96212E-6 3.25807E-6 3.81498E-6 1.11297E-5 2.51132E-5 2.27331E-5 3.09849E-5 3.43069E-5 4.06063E-5 3.15643E-5 3.42948E-5 7.55474E-6 8.71305E-6 6.44265E-6 2.94511E-5 2.95979E-5 2.52809E-5 6.63254E-6 6.32232E-6 6.27796E-6 6.55872E-6 9.81727E-6 1.17334E-5 1.04462E-5 1.16954E-5 1.23554E-5 5.13985E-6 4.7636E-6 4.63844E-6 7.03354E-6 5.50336E-6 6.73093E-6 8.51538E-6 1.02493E-5 1.75191E-5 3.20535E-5 3.75047E-5 3.93803E-5 2.98851E-5 9.73146E-6 9.66854E-6 1.01927E-5 7.76208E-6 7.01706E-6 1.07775E-5 1.24413E-5 1.46448E-5 9.53776E-6 7.45905E-6 4.91954E-6 5.53187E-6 4.81134E-6 5.09403E-6 7.8029E-6 1.86353E-5 5.51751E-6 7.14641E-6 1.71519E-5
3.87191E-6 5.73705E-6 8.79114E-6 5.98837E-6 6.84561E-6 1.19095E-5 9.72697E-6 9.48483E-6 3.63424E-6 1.01087E-5 2.36215E-5 2.36757E-5 2.89625E-5 3.22746E-5 3.51246E-5 3.32801E-5 3.5817E-5 3.32927E-5 8.54213E-6 5.9594E-6 6.03763E-6 2.85177E-5 2.89582E-5 2.4167E-5 1.65756E-5 4.26465E-6 2.88948E-6 5.55905E-6 5.62144E-6 5.59354E-6 1.00456E-5 1.09582E-5 1.01088E-5 1.16651E-5 1.08287E-5 1.81036E-5 2.66559E-5 5.76062E-6 5.60261E-6 5.38986E-6 8.60124E-6 9.21092E-6 1.56402E-5 2.31383E-5 2.96882E-5 2.39913E-5 9.74313E-6 1.07363E-5 1.07114E-5 1.113E-5 1.33242E-5 2.52263E-5 2.20498E-5 1.3743E-5 2.3297E-5 1.22427E-5 5.64192E-6 6.07465E-6 5.52213E-6 5.59416E-6 5.92668E-6 1.18809E-5 1.55067E-5 7.82406E-6 1.33673E-5 3.52781E-5
1.65483E-5 1.57077E-5 1.05037E-5 4.44506E-6 5.42518E-6 1.37001E-5 1.10405E-5 1.07551E-5 1.10429E-5 2.07632E-5 1.63345E-5 2.39499E-5 2.79997E-5 3.57841E-5 3.72196E-5 4.03834E-5 3.17953E-5 2.80888E-5 3.68367E-6 5.29688E-6 4.52602E-6 1.74854E-5 3.20517E-5 3.17092E-5 5.20142E-6 3.02909E-6 2.97516E-6 2.50977E-6 2.19518E-6 5.25953E-6 4.99287E-6 1.68387E-5 9.49566E-6 1.43221E-5 2.08355E-5 2.72176E-5 2.55015E-5 2.42149E-5 2.48097E-5 1.12478E-5 8.63428E-6 7.80935E-6 8.9433E-6 9.9259E-6 2.97905E-5 1.03751E-5 1.18997E-5 1.23903E-5 1.96909E-5 1.12643E-5 2.79787E-5 4.06619E-5 3.33202E-5 3.97598E-5 2.32767E-5 1.16319E-5 5.27178E-6 6.01103E-6 8.28861E-6 5.48965E-6 6.99195E-6 9.65297E-6 2.83189E-5 1.08859E-5 8.9128E-6 2.14115E-5
1.76643E-5 1.47122E-5 5.74043E-6 5.18426E-6 5.80129E-6 1.97941E-5 1.28576E-5 1.01516E-5 1.11451E-5 1.10825E-5 1.30495E-5 2.51631E-5 2.62252E-5 2.56854E-5 2.79778E-5 3.28759E-5 2.65571E-5 3.11259E-5 3.95637E-6 3.9046E-6 3.59987E-6 5.45333E-6 2.48339E-5 3.18478E-5 3.65267E-6 1.7901E-6 2.17182E-6 3.36589E-6 2.43497E-6 3.37652E-6 5.33154E-6 4.75553E-6 6.14047E-6 7.02908E-6 3.47328E-5 3.32919E-5 2.76814E-5 2.24875E-5 8.22398E-6 8.64911E-6 8.12757E-6 8.50734E-6 8.17529E-6 8.46854E-6 9.07861E-6 8.99613E-6 1.07327E-5 1.63015E-5 3.07164E-5 3.46873E-5 3.70521E-5 4.36969E-5 4.47244E-5 2.1509E-5 1.71389E-5 1.05146E-5 5.74656E-6 1.09539E-5 6.00929E-6 1.47929E-5 6.93312E-6 6.97078E-6 2.68591E-5 1.85748E-5 1.21147E-5 3.86094E-5
2.37757E-5 2.8949E-5 2.77405E-5 2.06928E-5 2.21465E-5 2.12586E-5 1.79778E-5 1.18187E-5 1.19112E-5 1.32102E-5 1.25473E-5 2.39454E-5 2.1159E-5 2.09424E-5 2.73536E-5 3.75298E-5 4.11789E-6 3.83318E-6 4.02057E-6 3.97522E-6 4.12965E-6 4.05346E-6 4.08901E-6 3.96554E-6 2.72106E-6 1.87504E-6 1.8465E-6 2.06292E-6 2.0398E-6 4.00555E-6 6.00848E-6 6.49479E-6 4.94608E-6 5.47874E-6 5.87891E-6 3.89545E-5 3.23034E-5 1.97006E-5 1.08557E-5 9.823E-6 7.48585E-6 2.41935E-6 1.55042E-6 1.77853E-6 2.48309E-6 1.20532E-5 1.1398E-5 2.93439E-5 3.70998E-5 4.13465E-5 4.50048E-5 3.91354E-5 3.87879E-5 1.75334E-5 2.43208E-5 1.36618E-5 1.30598E-5 1.02637E-5 1.13155E-5 9.743E-6 1.33171E-5 8.42172E-6 1.17482E-5 2.45446E-5 1.02045E-5 1.74043E-5
1.86061E-5 3.3778E-5 3.0139E-5 2.83609E-5 2.9063E-5 2.20151E-5 1.82356E-5 1.13016E-5 1.11865E-5 1.09831E-5 9.57468E-6 5.21253E-6 5.11916E-6 2.24078E-5 2.77804E-5 4.13018E-5 4.4204E-6 3.52174E-6 4.01878E-6 3.82598E-6 3.95361E-6 4.52914E-6 6.84454E-6 8.11951E-6 8.11917E-6 5.12031E-6 2.33982E-6 3.34862E-6 2.62469E-6 2.18723E-6 2.73168E-6 4.882E-6 5.05733E-6 5.17276E-6 4.80669E-6 5.83851E-6 1.16072E-5 1.04459E-5 1.08558E-5 1.05114E-5 1.89378E-6 1.60812E-6 1.54832E-6 1.62269E-6 3.238E-6 1.35921E-5 3.15771E-5 4.12173E-5 7.85381E-5 4.64702E-5 4.41823E-5 2.23916E-5 1.1689E-5 1.28552E-5 1.82969E-5 1.82049E-5 1.42747E-5 1.39865E-5 1.03895E-5 1.68328E-5 2.06234E-5 7.90619E-6 1.89768E-5 1.27726E-5 1.4387E-5 1.79222E-5
9.61281E-6 2.55211E-5 3.10851E-5 3.00227E-5 3.02289E-5 1.70526E-5 6.14258E-6 7.80125E-6 8.06367E-6 7.29078E-6 4.16145E-6 3.76654E-6 3.77933E-6 4.14604E-6 5.90645E-6 7.23712E-6 4.76668E-6 4.31117E-6 5.48445E-6 4.09926E-6 4.8734E-6 8.41322E-6 8.13261E-6 7.88973E-6 7.83504E-6 8.34967E-6 1.11788E-5 3.79277E-6 2.92576E-6 2.27035E-6 2.35768E-6 2.401E-6 4.19167E-6 4.68268E-6 3.32507E-6 4.91221E-6 1.39496E-5 1.15914E-5 1.20369E-5 1.22841E-5 2.35224E-6 1.98035E-6 1.6789E-6 1.8094E-6 2.14642E-6 2.90703E-6 6.44723E-6 3.28207E-5 4.63259E-5 6.10072E-5 4.18416E-5 1.19836E-5 8.83053E-6 1.18339E-5 1.89807E-5 1.66253E-5 1.88034E-5 1.02065E-5 1.02833E-5 1.40164E-5 1.52654E-5 1.63986E-5 1.8736E-5 4.09846E-5 2.1678E-5 2.40494E-5
1.06315E-5 7.05927E-6 2.72845E-5 1.70481E-5 1.3267E-5 3.524E-6 3.33524E-6 4.21397E-6 7.13718E-6 4.09084E-6 3.74892E-6 4.08325E-6 3.94974E-6 4.1075E-6 4.26425E-6 5.5034E-6 6.14572E-6 6.51645E-6 6.97597E-6 7.52414E-6 9.3785E-6 8.71633E-6 8.25798E-6 7.8519E-6 7.87392E-6 8.36171E-6 1.19649E-5 9.24024E-6 3.52611E-6 2.8956E-6 1.8888E-6 2.87191E-6 2.65897E-6 2.85333E-6 4.94813E-6 1.63639E-5 1.83034E-5 2.86056E-5 2.81042E-5 1.6518E-5 5.03325E-6 3.28751E-6 2.30948E-6 2.20686E-6 2.28332E-6 2.90406E-6 3.04841E-5 3.02354E-5 3.22653E-5 1.05633E-4 8.28689E-5 6.84682E-6 7.84237E-6 7.39977E-6 1.47659E-5 1.83804E-5 1.81283E-5 9.5897E-6 8.46963E-6 9.81156E-6 1.47277E-5 1.91285E-5 1.8266E-5 3.99528E-5 2.98933E-5 2.02414E-5
3.62713E-6 4.05913E-6 5.80288E-6 6.54197E-6 4.81168E-6 3.49661E-6 3.11523E-6 3.06324E-6 4.07076E-6 3.76517E-6 3.79799E-6 3.93451E-6 4.35249E-6 4.02351E-6 4.48883E-6 5.23173E-6 5.18747E-6 5.02358E-6 5.34093E-6 7.89508E-6 1.40617E-5 1.05959E-5 9.32026E-6 7.76394E-6 7.94608E-6 7.08971E-6 9.01122E-6 9.3559E-6 1.42823E-5 7.71774E-6 2.73168E-6 3.86738E-6 3.15444E-6 6.44301E-6 1.37647E-5 1.54109E-5 2.3699E-5 2.43769E-5 2.22137E-5 2.51609E-5 2.47134E-5 4.39709E-5 5.21159E-6 4.46292E-6 2.01129E-6 9.77744E-6 4.26236E-5 9.08912E-5 9.23729E-5 4.24035E-5 1.59585E-5 4.99561E-6 6.11169E-6 6.65584E-6 1.2739E-5 6.40806E-5 6.23919E-5 1.32129E-5 7.72935E-6 8.47197E-6 1.45715E-5 2.57315E-5 2.05496E-5 2.04875E-5 1.52348E-5 1.82997E-5
6.76624E-6 4.68612E-6 5.26091E-6 6.28508E-6 5.23198E-6 3.56636E-6 4.36272E-6 4.73844E-6 4.09304E-6 4.80715E-6 4.22662E-6 4.33827E-6 4.92901E-6 4.67222E-6 5.32195E-6 6.12466E-6 4.25241E-6 5.91316E-6 5.14585E-6 7.42637E-6 8.87249E-6 1.02167E-5 6.89777E-6 7.85184E-6 4.85003E-6 5.90909E-6 6.58759E-6 1.03315E-5 1.18684E-5 3.39034E-6 1.06233E-5 7.17512E-6 1.57092E-5 2.1186E-5 3.06865E-5 2.99643E-5 3.08057E-5 3.22257E-5 3.01565E-5 1.09477E-5 3.21382E-5 3.87154E-5 8.1441E-6 2.37381E-6 1.58761E-6 3.39694E-6 2.72946E-5 8.52998E-5 9.43585E-5 2.94178E-5 1.46192E-5 4.56252E-6 5.58552E-6 6.52087E-6 2.21656E-5 4.54553E-5 2.13218E-5 2.25437E-5 2.66114E-5 1.31072E-5 1.89991E-5 1.74172E-5 1.83907E-5 2.08473E-5 1.34427E-5 1.62203E-5
5.11341E-6 4.78874E-6 4.29173E-6 4.76217E-6 6.00166E-6 4.0707E-6 4.04225E-6 3.91028E-6 4.04103E-6 4.45959E-6 4.96903E-6 5.17265E-6 5.16355E-6 4.88784E-6 5.0894E-6 7.36452E-6 7.12402E-6 7.40164E-6 1.04424E-5 5.54925E-6 7.77467E-6 6.98136E-6 1.94881E-5 7.19061E-6 6.14112E-6 6.43E-6 1.30056E-5 1.19038E-5 7.48477E-6 9.7515E-6 2.93512E-5 1.37666E-5 1.36963E-5 1.06574E-5 1.68244E-5 2.64682E-5 2.93764E-5 2.72862E-5 1.85054E-5 9.25548E-6 1.51269E-5 1.65189E-5 1.62559E-5 1.00583E-5 1.54967E-6 2.07E-6 1.31652E-5 2.23235E-5 2.45489E-5 2.41613E-5 1.51927E-5 4.44182E-6 5.22871E-6 5.83453E-6 6.30003E-6 1.41258E-5 1.5793E-5 2.39121E-5 4.64086E-5 2.38467E-5 2.47126E-5 1.67465E-5 1.20724E-5 7.42456E-6 7.21912E-6 9.23657E-6
9.96609E-6 8.23027E-6 7.93129E-6 1.31275E-5 4.53274E-6 4.22583E-6 3.8393E-6 4.80389E-6 1.02304E-5 8.64159E-6 8.52732E-6 9.70392E-6 9.79178E-6 5.45119E-6 7.18143E-6 1.10331E-5 1.10932E-5 6.79822E-6 1.01924E-5 6.56773E-6 8.00682E-6 8.03724E-6 2.17059E-5 7.35748E-6 8.71212E-6 8.14655E-6 6.48673E-6 1.654E-5 1.87755E-5 1.85176E-5 1.26714E-5 9.75713E-6 1.01679E-5 6.6674E-6 7.17566E-6 1.21167E-5 1.75569E-5 9.32593E-6 8.73515E-6 1.47088E-5 2.98348E-5 3.11235E-5 2.94236E-5 5.23817E-6 1.23383E-6 1.0968E-6 1.30148E-5 1.71677E-5 1.95816E-5 1.97879E-5 7.83039E-6 4.72734E-6 4.95464E-6 5.53267E-6 1.02494E-5 1.23788E-5 1.33095E-5 1.63897E-5 3.52307E-5 2.54804E-5 1.3873E-5 1.88352E-5 2.68214E-5 4.55878E-5 3.82304E-5 3.47784E-5
1.1387E-5 2.23105E-5 2.90102E-5 2.60497E-5 4.35807E-6 3.76218E-6 3.83048E-6 3.86176E-6 9.41897E-6 9.03295E-6 8.55832E-6 1.09064E-5 1.11228E-5 7.53045E-6 1.07867E-5 1.06856E-5 1.2318E-5 1.06696E-5 1.65748E-5 1.17054E-5 7.99097E-6 1.04482E-5 2.20041E-5 1.83608E-5 8.74886E-6 7.68829E-6 1.85069E-5 1.84704E-5 9.24416E-6 6.61718E-6 6.2263E-6 8.95211E-6 9.9606E-6 5.73831E-6 6.08577E-6 9.37138E-6 2.39609E-5 2.61496E-5 2.64185E-5 4.95789E-5 7.30684E-5 2.94666E-5 3.08096E-5 2.31887E-5 7.66825E-6 2.31324E-5 1.89905E-5 1.96802E-5 2.39589E-5 2.42652E-5 4.52624E-6 4.92764E-6 1.12786E-5 1.22868E-5 1.17513E-5 1.33711E-5 1.30676E-5 1.22136E-5 9.85761E-6 9.13964E-6 1.67343E-5 3.54503E-5 4.78171E-5 3.92699E-5 3.6644E-5 9.75276E-5
3.52422E-5 3.44449E-5 2.77231E-5 2.66221E-5 2.56235E-5 5.80847E-6 4.85441E-6 5.0576E-6 6.93062E-6 8.81621E-6 9.12162E-6 1.19767E-5 1.0747E-5 8.29446E-6 1.10895E-5 1.23235E-5 8.87471E-6 8.96746E-6 2.45139E-5 3.45564E-5 2.45537E-5 1.06024E-5 2.38664E-5 2.47521E-5 1.62648E-5 9.21316E-6 1.94215E-5 1.44091E-5 2.18621E-5 6.08312E-6 5.86669E-6 8.64167E-6 8.57997E-6 1.97974E-5 1.92521E-5 2.11162E-5 2.40847E-5 2.50706E-5 2.59109E-5 4.89728E-5 7.01839E-5 6.01237E-5 4.4549E-5 4.82516E-5 4.74081E-5 2.64587E-5 2.68587E-5 2.65614E-5 2.59352E-5 9.86533E-6 9.80646E-6 4.26578E-6 1.05845E-5 1.10895E-5 1.11198E-5 1.26612E-5 1.22568E-5 7.94828E-6 8.92973E-6 1.4456E-5 1.5224E-5 4.70933E-5 8.16368E-5 3.59107E-5 4.15069E-5 2.01817E-5
3.00092E-5 3.13042E-5 2.89646E-5 3.30352E-5 2.50018E-5 7.37274E-6 4.63601E-6 4.61897E-6 6.49706E-6 1.0239E-5 1.17655E-5 8.66334E-6 1.05494E-5 1.06866E-5 1.14047E-5 2.82345E-5 2.3654E-5 1.01651E-5 1.67816E-5 2.83188E-5 2.60023E-5 2.29155E-5 2.73723E-5 1.00085E-5 1.06213E-5 1.8539E-5 2.02466E-5 9.95768E-6 9.57109E-6 9.61414E-6 5.42538E-6 5.97672E-6 8.61376E-6 2.11447E-5 2.07423E-5 1.99324E-5 2.16437E-5 2.34713E-5 2.45307E-5 2.54646E-5 2.59317E-5 5.62465E-5 3.44141E-5 7.6109E-5 7.9838E-5 7.26938E-5 5.8456E-5 5.78973E-5 5.90409E-5 3.18329E-5 9.21204E-6 8.22267E-6 1.01189E-5 1.13382E-5 1.74536E-5 2.61577E-5 2.25492E-5 1.12934E-5 1.79541E-5 2.0134E-5 6.74876E-6 1.12931E-4 1.18808E-4 4.14922E-5 1.83246E-5 1.22366E-5
2.76782E-5 2.97249E-5 2.41176E-5 2.5692E-5 2.30451E-5 1.3871E-5 5.84144E-6 4.91166E-6 6.64483E-6 1.15524E-5 1.15062E-5 9.74485E-6 1.2455E-5 1.14267E-5 1.6328E-5 4.89441E-5 1.09624E-4 3.61892E-5 1.1357E-5 2.92224E-5 2.9565E-5 2.86613E-5 8.37683E-6 7.70823E-6 8.88201E-6 1.20467E-5 2.13396E-5 2.5303E-5 6.30716E-6 5.28992E-6 5.10261E-6 4.95268E-6 1.05865E-5 1.24649E-5 1.49331E-5 1.93119E-5 2.25792E-5 2.3178E-5 2.38287E-5 2.24177E-5 6.4534E-5 5.50821E-5 6.98056E-5 7.54919E-5 8.05757E-5 7.59814E-5 5.99282E-5 5.9913E-5 6.79677E-5 3.04182E-5 3.64039E-5 1.15943E-5 1.27706E-5 2.7895E-5 3.19283E-5 6.16425E-5 2.68797E-5 8.46626E-6 1.14366E-5 1.93027E-5 9.88379E-6 1.13059E-4 4.72553E-5 4.78979E-5 5.08062E-5 1.419E-5
1.04483E-5 2.87913E-5 2.46696E-5 2.20679E-5 2.05576E-5 4.91221E-6 5.75864E-6 6.35912E-6 5.24059E-6 4.68637E-6 5.71887E-6 7.06595E-6 1.51867E-5 1.30451E-5 1.93253E-5 5.57677E-5 9.54641E-5 5.28138E-5 1.01903E-5 1.93903E-5 1.99449E-5 2.33121E-5 7.39926E-6 6.51922E-6 8.46731E-6 1.20875E-5 9.39125E-6 1.78602E-5 9.71992E-6 9.37046E-6 5.28214E-6 6.93308E-6 1.33713E-5 1.31229E-5 1.29471E-5 1.36446E-5 1.64791E-5 2.25343E-5 2.37604E-5 2.48592E-5 4.27922E-5 2.08071E-5 6.44239E-5 6.62546E-5 6.57074E-5 7.38392E-5 6.96882E-5 5.96888E-5 6.35814E-5 4.28111E-5 5.70223E-5 5.08854E-5 6.58806E-5 2.41358E-5 3.64378E-5 3.63081E-5 1.52247E-5 1.08594E-5 9.16844E-6 1.02562E-4 3.53406E-5 1.12934E-4 8.3777E-5 8.73982E-5 4.92356E-5 1.43013E-5
4.63337E-6 1.70291E-5 1.69673E-5 1.98565E-5 1.22347E-5 7.49827E-6 1.01164E-5 8.33085E-6 4.35633E-6 4.31228E-6 4.03024E-6 4.66335E-6 8.9737E-6 2.38422E-5 3.19216E-5 3.01896E-5 4.68367E-5 3.59814E-5 2.07953E-5 1.15293E-5 1.32341E-5 1.36121E-5 1.39858E-5 5.84419E-6 6.72503E-6 8.11832E-6 5.52827E-6 6.76107E-6 1.44764E-5 4.9602E-6 6.88344E-6 1.25358E-5 1.28248E-5 1.38896E-5 1.43536E-5 1.57483E-5 1.61404E-5 2.55595E-5 2.66646E-5 2.4052E-5 2.2193E-5 5.72619E-5 5.96678E-5 5.9929E-5 5.86438E-5 5.97898E-5 6.30899E-5 5.83357E-5 6.2995E-5 6.27112E-5 6.10935E-5 6.36686E-5 6.97713E-5 6.94194E-5 5.32778E-5 6.38489E-5 5.4444E-5 3.99341E-5 3.87663E-5 3.40252E-5 4.22081E-5 1.12296E-4 4.87037E-5 5.11895E-5 2.45338E-5 1.28175E-5
3.90898E-6 1.73875E-5 1.08354E-5 1.13343E-5 1.11366E-5 9.35846E-6 1.06982E-5 2.64304E-5 5.07996E-6 4.03154E-6 3.84148E-6 3.88841E-6 9.7734E-6 1.16625E-5 3.11197E-5 2.40621E-5 8.36952E-5 3.13955E-5 3.37854E-5 7.44951E-6 2.41081E-5 4.87253E-5 2.21352E-5 4.86708E-5 7.36756E-6 6.74069E-6 6.88423E-6 5.14515E-6 3.66985E-6 8.82406E-6 1.63722E-5 1.22667E-5 1.41161E-5 1.47109E-5 1.57168E-5 1.96991E-5 2.0168E-5 2.84092E-5 2.44948E-5 1.57597E-5 1.51104E-5 3.94238E-5 3.90839E-5 1.27695E-5 1.11944E-5 3.59329E-5 5.76849E-5 5.69411E-5 6.31782E-5 5.56927E-5 5.86623E-5 6.56105E-5 7.27864E-5 7.94638E-5 7.51831E-5 9.78249E-5 2.01888E-5 5.7182E-5 4.98205E-5 4.28452E-5 4.04786E-5 3.3233E-5 3.54053E-5 2.34994E-5 1.57532E-5 1.30077E-5
4.49283E-6 7.54288E-6 1.01218E-5 1.28333E-5 2.38306E-5 2.03864E-5 7.65755E-6 9.419E-6 1.21566E-5 1.22327E-5 3.98189E-6 1.02625E-5 1.31507E-5 1.13827E-5 1.07662E-5 4.04531E-5 5.27495E-5 2.83379E-5 3.08763E-5 2.22988E-5 4.42764E-5 2.7482E-5 2.00809E-5 9.16095E-6 9.11787E-6 6.19398E-6 4.67147E-6 3.64555E-6 3.45391E-6 9.31636E-6 1.27802E-5 9.62489E-6 9.73639E-6 1.04322E-5 1.24768E-5 2.05294E-5 1.81234E-5 1.8108E-5 1.98437E-5 2.68899E-5 4.04386E-5 3.99102E-5 1.25336E-5 4.89607E-6 3.89207E-6 1.77849E-5 3.7126E-5 2.18278E-5 5.64343E-5 2.04592E-5 3.56758E-5 2.59165E-5 3.04179E-5 6.7846E-5 2.53852E-5 1.33548E-5 3.0837E-5 2.85643E-5 -9999 6.73073E-5 5.00965E-5 4.39994E-5 2.91109E-5 1.23689E-5 1.24577E-5 1.36887E-5
