catData/rasterBestHybridModels/Pviverrinus/RD_BM01_RM1_H/Pviverrinus_median.asc
ncols         409
nrows         350
xllcorner     60.897278365
yllcorner     5.843756025
cellsize      0.0892857
NODATA_value  -9999
[rows 87 to 115 of 350, columns 0 to 64 of 409]
-9999 -9999 -9999 -9999 -9999 -9999 6.40939E-7 3.13943E-7 3.39708E-7 4.02074E-7 4.37807E-7 4.78249E-7 5.66549E-7 5.84645E-7 5.4089E-7 5.08092E-7 5.13154E-7 4.72172E-7 5.75879E-7 6.30703E-7 6.31494E-7 6.30488E-7 5.83276E-7 4.55832E-7 4.24069E-7 4.25481E-7 4.64118E-7 6.17444E-7 6.41739E-7 5.10026E-7 4.58072E-7 6.50316E-7 6.51912E-7 6.52735E-7 6.49203E-7 6.2884E-7 5.18919E-7 3.32675E-7 2.48681E-7 2.13757E-7 1.88148E-7 1.68606E-7 1.69973E-7 1.67842E-7 1.66299E-7 1.62048E-7 1.57165E-7 1.51335E-7 1.46272E-7 1.4274E-7 1.41095E-7 1.42063E-7 1.41454E-7 1.38202E-7 1.33194E-7 1.24233E-7 2.02756E-7 5.2017E-7 7.08065E-7 8.91785E-7 9.34439E-7 9.37466E-7 9.30872E-7 9.31825E-7 9.28568E-7
-9999 -9999 -9999 -9999 -9999 -9999 6.41653E-7 4.35995E-7 4.0247E-7 4.33049E-7 5.07849E-7 5.91152E-7 6.43279E-7 6.46729E-7 6.22271E-7 5.95382E-7 5.72833E-7 6.42403E-7 6.3087E-7 6.33497E-7 6.35394E-7 6.35044E-7 6.24598E-7 3.97403E-7 4.0179E-7 3.82147E-7 3.51773E-7 3.50047E-7 3.26574E-7 2.49126E-7 2.53385E-7 2.97429E-7 3.1169E-7 3.38979E-7 3.12123E-7 2.88464E-7 2.79676E-7 2.45143E-7 2.17403E-7 2.06393E-7 1.76999E-7 1.71422E-7 1.7064E-7 1.67363E-7 1.66116E-7 1.60511E-7 1.56547E-7 1.54328E-7 1.50327E-7 1.48091E-7 1.46993E-7 1.44094E-7 1.37444E-7 1.30888E-7 1.35988E-7 1.84152E-7 3.54122E-7 7.05738E-7 7.31404E-7 9.2917E-7 9.33952E-7 9.35173E-7 9.2826E-7 9.30567E-7 9.29526E-7
-9999 -9999 -9999 -9999 -9999 -9999 -9999 2.68028E-7 3.43488E-7 4.0229E-7 4.6752E-7 5.42347E-7 5.83128E-7 5.80175E-7 5.97325E-7 5.93236E-7 6.07777E-7 6.41226E-7 6.32399E-7 6.27483E-7 6.35858E-7 6.38395E-7 3.58982E-7 2.46175E-7 3.41712E-7 4.06491E-7 3.67259E-7 3.03486E-7 2.59726E-7 2.32061E-7 2.11992E-7 2.0308E-7 2.06448E-7 2.04556E-7 2.01003E-7 2.05383E-7 2.09544E-7 2.11976E-7 2.03383E-7 1.90997E-7 1.73132E-7 1.71844E-7 1.68934E-7 1.67098E-7 1.66009E-7 1.62318E-7 1.60063E-7 1.58208E-7 1.55466E-7 1.51717E-7 1.46012E-7 1.38679E-7 1.3183E-7 2.00785E-7 2.37147E-7 2.66305E-7 5.32058E-7 7.01502E-7 7.22599E-7 9.24383E-7 9.37011E-7 9.30077E-7 9.26322E-7 9.26364E-7 9.26592E-7
-9999 -9999 -9999 -9999 -9999 -9999 -9999 1.19038E-7 1.96612E-7 2.9237E-7 3.43541E-7 3.80208E-7 3.97118E-7 4.22153E-7 5.05482E-7 5.09664E-7 4.25078E-7 4.21026E-7 3.72771E-7 3.19223E-7 2.40739E-7 1.72804E-7 9.32266E-8 1.04763E-7 2.07874E-7 3.77448E-7 3.82932E-7 3.56656E-7 3.1616E-7 2.65625E-7 2.03121E-7 1.61418E-7 1.75096E-7 1.66936E-7 1.66679E-7 1.71646E-7 1.72948E-7 1.75983E-7 1.79517E-7 1.66178E-7 1.69682E-7 1.72663E-7 1.66025E-7 1.64258E-7 1.65625E-7 1.63084E-7 1.60302E-7 1.56362E-7 1.52562E-7 1.47527E-7 1.4982E-7 1.73619E-7 1.79182E-7 1.75927E-7 1.90986E-7 2.35513E-7 5.50832E-7 7.03181E-7 7.06748E-7 8.85751E-7 9.36995E-7 9.27916E-7 9.26034E-7 9.27051E-7 9.28619E-7
-9999 -9999 -9999 -9999 -9999 -9999 -9999 1.16233E-7 1.36893E-7 1.91429E-7 2.59804E-7 3.23589E-7 3.30515E-7 3.4561E-7 4.07429E-7 4.22592E-7 3.83938E-7 3.68117E-7 3.34914E-7 2.70457E-7 1.63143E-7 1.02074E-7 8.39541E-8 9.01489E-8 1.54551E-7 2.92148E-7 3.51425E-7 3.53263E-7 3.34256E-7 2.67844E-7 1.70675E-7 1.45298E-7 1.46301E-7 1.4651E-7 1.52032E-7 1.54509E-7 1.55096E-7 1.57921E-7 1.64048E-7 1.64357E-7 1.70199E-7 1.70525E-7 1.65453E-7 1.64892E-7 1.67932E-7 1.66647E-7 1.80423E-7 2.42254E-7 2.30032E-7 2.17384E-7 2.1798E-7 1.5924E-7 1.26268E-7 1.28898E-7 1.4911E-7 2.54861E-7 7.00077E-7 7.05658E-7 7.4652E-7 9.34454E-7 9.29762E-7 9.24459E-7 9.25798E-7 9.27756E-7 9.30866E-7
-9999 -9999 -9999 -9999 -9999 -9999 -9999 -9999 1.15511E-7 1.58247E-7 1.80946E-7 2.25691E-7 2.55088E-7 2.69686E-7 3.60334E-7 3.88476E-7 3.71447E-7 2.94928E-7 2.68334E-7 2.00223E-7 1.40097E-7 1.02616E-7 9.03637E-8 9.0996E-8 1.23208E-7 1.92314E-7 2.43445E-7 2.63027E-7 2.78841E-7 2.23575E-7 1.6656E-7 1.4373E-7 1.42471E-7 1.40702E-7 1.42462E-7 1.43606E-7 1.49135E-7 1.56327E-7 1.62401E-7 1.73631E-7 1.74139E-7 1.66726E-7 1.61832E-7 1.59071E-7 2.2339E-7 3.13339E-7 4.46248E-7 6.8569E-7 6.85811E-7 2.34733E-7 1.41552E-7 1.29954E-7 1.27404E-7 1.29588E-7 1.46648E-7 3.09732E-7 7.00934E-7 7.11526E-7 8.46045E-7 9.3194E-7 9.27198E-7 9.22652E-7 9.23403E-7 9.27275E-7 9.24571E-7
-9999 -9999 -9999 -9999 -9999 -9999 -9999 -9999 -9999 1.49108E-7 1.49978E-7 1.74232E-7 2.0886E-7 2.48619E-7 3.04198E-7 3.93781E-7 3.77779E-7 2.76022E-7 2.27916E-7 1.89188E-7 1.44037E-7 1.14291E-7 1.01435E-7 9.56816E-8 1.03161E-7 1.35504E-7 1.81332E-7 2.07628E-7 2.16258E-7 2.05262E-7 1.74064E-7 1.51995E-7 1.42239E-7 1.39104E-7 1.317E-7 1.25354E-7 1.4328E-7 1.61164E-7 1.65669E-7 1.76425E-7 1.77536E-7 1.98399E-7 2.12026E-7 2.38433E-7 3.80455E-7 6.6531E-7 4.86721E-7 5.40506E-7 4.19371E-7 1.58637E-7 1.38211E-7 1.34629E-7 1.30912E-7 1.30341E-7 1.41779E-7 3.64101E-7 6.98768E-7 7.61794E-7 9.30517E-7 9.29053E-7 9.24057E-7 9.20789E-7 9.23778E-7 9.21687E-7 8.2333E-7
-9999 -9999 -9999 -9999 -9999 -9999 -9999 -9999 -9999 -9999 1.28071E-7 1.41651E-7 1.61257E-7 1.87611E-7 2.33673E-7 3.05721E-7 3.43916E-7 2.81566E-7 1.9249E-7 1.86495E-7 1.59337E-7 1.27122E-7 1.05937E-7 9.48252E-8 9.31006E-8 1.08319E-7 1.39121E-7 1.62595E-7 1.76577E-7 1.80518E-7 1.64533E-7 1.47832E-7 1.35772E-7 1.30823E-7 1.3374E-7 1.28939E-7 1.51675E-7 2.09405E-7 2.25656E-7 2.38952E-7 2.2109E-7 2.25471E-7 2.38838E-7 2.40989E-7 3.30839E-7 3.8749E-7 2.32595E-7 1.58792E-7 1.52642E-7 1.45641E-7 1.41392E-7 1.3899E-7 1.35422E-7 1.32878E-7 1.51946E-7 3.83533E-7 6.94843E-7 7.05667E-7 8.16395E-7 9.24643E-7 9.20106E-7 9.21946E-7 9.25415E-7 9.13025E-7 8.17666E-7
-9999 -9999 -9999 -9999 -9999 -9999 -9999 -9999 -9999 -9999 -9999 -9999 1.42654E-7 1.53096E-7 1.7831E-7 2.18549E-7 2.51494E-7 2.53474E-7 1.9577E-7 1.90159E-7 1.77049E-7 1.42428E-7 1.10773E-7 9.53258E-8 9.07039E-8 9.6277E-8 1.11734E-7 1.27724E-7 1.44825E-7 1.5619E-7 1.52512E-7 1.44639E-7 1.364E-7 1.37659E-7 1.50422E-7 1.62613E-7 2.19368E-7 3.20717E-7 3.8511E-7 2.93386E-7 2.17891E-7 2.16661E-7 2.20937E-7 2.07093E-7 2.29577E-7 2.02285E-7 1.63817E-7 1.56339E-7 1.51381E-7 1.47532E-7 1.4658E-7 1.47883E-7 1.41375E-7 1.35256E-7 2.17796E-7 6.47294E-7 6.96871E-7 7.03497E-7 9.11139E-7 9.18922E-7 9.17116E-7 9.25551E-7 9.27455E-7 9.14592E-7 8.08569E-7
-9999 -9999 -9999 -9999 -9999 -9999 -9999 -9999 -9999 -9999 -9999 -9999 -9999 -9999 -9999 -9999 2.14912E-7 2.22478E-7 2.16092E-7 1.95916E-7 1.75541E-7 1.56022E-7 1.46147E-7 1.2907E-7 1.06768E-7 9.30716E-8 9.1662E-8 9.7211E-8 1.10143E-7 1.24373E-7 1.30352E-7 1.50934E-7 1.61367E-7 1.56266E-7 1.58129E-7 2.13372E-7 2.17636E-7 2.21484E-7 2.14659E-7 1.83654E-7 1.67913E-7 1.68543E-7 1.72331E-7 1.68853E-7 1.69338E-7 1.6659E-7 1.60239E-7 1.55798E-7 1.52356E-7 1.50986E-7 1.55828E-7 1.56087E-7 1.43932E-7 1.38295E-7 2.36826E-7 6.87941E-7 6.96986E-7 8.21515E-7 9.14827E-7 9.14143E-7 9.16979E-7 9.24042E-7 9.21395E-7 8.82214E-7 7.90285E-7
-9999 -9999 -9999 -9999 -9999 -9999 -9999 -9999 -9999 -9999 -9999 -9999 -9999 -9999 -9999 -9999 -9999 -9999 2.24112E-7 1.98724E-7 1.70285E-7 1.64103E-7 -9999 -9999 1.41831E-7 1.09737E-7 8.80564E-8 8.47906E-8 9.29446E-8 1.0552E-7 1.14742E-7 1.42766E-7 1.55482E-7 1.49987E-7 1.45856E-7 1.55745E-7 1.58262E-7 1.62758E-7 1.66641E-7 1.71065E-7 1.72971E-7 1.73798E-7 1.73338E-7 1.68737E-7 1.66227E-7 1.63881E-7 1.60673E-7 1.57076E-7 1.57091E-7 1.58964E-7 1.56116E-7 1.47523E-7 1.42123E-7 1.47148E-7 3.25559E-7 6.87001E-7 7.64219E-7 9.1105E-7 9.06437E-7 9.07426E-7 9.1029E-7 9.10256E-7 9.03746E-7 8.64626E-7 7.86008E-7
-9999 -9999 -9999 -9999 -9999 -9999 -9999 -9999 -9999 -9999 -9999 -9999 -9999 -9999 -9999 -9999 -9999 -9999 -9999 1.69133E-7 1.35004E-7 1.55284E-7 -9999 -9999 -9999 -9999 1.14383E-7 8.7937E-8 8.50481E-8 9.90237E-8 1.25888E-7 1.54028E-7 1.53553E-7 1.54022E-7 1.53268E-7 1.62674E-7 1.66259E-7 1.71528E-7 1.75548E-7 1.751E-7 1.73004E-7 1.72667E-7 1.71858E-7 1.70429E-7 1.67314E-7 1.66353E-7 1.67501E-7 1.63912E-7 1.55508E-7 1.51418E-7 1.46732E-7 1.42564E-7 1.50692E-7 2.28747E-7 4.38114E-7 6.85647E-7 9.0438E-7 9.02146E-7 9.01048E-7 9.09678E-7 9.07926E-7 9.01576E-7 8.9727E-7 8.42252E-7 7.89078E-7
-9999 -9999 -9999 -9999 -9999 -9999 -9999 -9999 -9999 -9999 -9999 -9999 -9999 -9999 -9999 -9999 -9999 -9999 -9999 -9999 -9999 1.62764E-7 -9999 -9999 -9999 2.01362E-7 -9999 9.27645E-8 8.06523E-8 8.6506E-8 9.53337E-8 1.22469E-7 1.41681E-7 1.50791E-7 1.57202E-7 1.66507E-7 1.67025E-7 1.5451E-7 1.44547E-7 1.50305E-7 1.58097E-7 1.66413E-7 1.72129E-7 1.73033E-7 1.77185E-7 1.77318E-7 1.69002E-7 1.59728E-7 1.52575E-7 1.48905E-7 1.45691E-7 1.48961E-7 2.16533E-7 3.09764E-7 3.72088E-7 6.86433E-7 8.4991E-7 8.98865E-7 9.00536E-7 9.01635E-7 9.02734E-7 8.98749E-7 8.95376E-7 7.96477E-7 7.89303E-7
-9999 -9999 -9999 -9999 -9999 -9999 -9999 -9999 -9999 -9999 -9999 -9999 -9999 -9999 -9999 -9999 -9999 -9999 -9999 -9999 -9999 -9999 -9999 -9999 3.04318E-7 3.11384E-7 2.04525E-7 1.19885E-7 9.48338E-8 9.44955E-8 9.61629E-8 1.02247E-7 1.14547E-7 1.25694E-7 1.39242E-7 1.53203E-7 1.52372E-7 1.4465E-7 1.43294E-7 1.53154E-7 1.63255E-7 1.69408E-7 1.79946E-7 1.85811E-7 1.73545E-7 1.64038E-7 1.59846E-7 1.5425E-7 1.49047E-7 1.48465E-7 1.50179E-7 1.80712E-7 3.61494E-7 6.38221E-7 6.23886E-7 6.7845E-7 8.18321E-7 8.96247E-7 8.95329E-7 8.95587E-7 8.91488E-7 8.9149E-7 8.54131E-7 7.89951E-7 7.96816E-7
-9999 -9999 -9999 -9999 -9999 -9999 -9999 -9999 -9999 -9999 -9999 -9999 -9999 -9999 -9999 -9999 -9999 -9999 -9999 -9999 -9999 1.86459E-7 2.1434E-7 2.46148E-7 2.81746E-7 2.78605E-7 2.46211E-7 1.7538E-7 1.15953E-7 1.08318E-7 1.1163E-7 1.1211E-7 1.15056E-7 1.16092E-7 1.20983E-7 1.2706E-7 1.3545E-7 1.48359E-7 1.56699E-7 1.63739E-7 1.70098E-7 1.74605E-7 1.7501E-7 1.73014E-7 1.65971E-7 1.61625E-7 1.61269E-7 1.54414E-7 1.49271E-7 1.48371E-7 1.56059E-7 2.41391E-7 5.57336E-7 6.73658E-7 6.06968E-7 6.77632E-7 7.20293E-7 8.08317E-7 8.90392E-7 8.9472E-7 8.9117E-7 8.65927E-7 7.92825E-7 8.00269E-7 8.10243E-7
-9999 -9999 -9999 -9999 -9999 -9999 -9999 -9999 -9999 -9999 -9999 -9999 -9999 -9999 -9999 -9999 -9999 -9999 -9999 -9999 -9999 2.31578E-7 2.24743E-7 2.29129E-7 2.46647E-7 2.27756E-7 2.01242E-7 1.89109E-7 1.4668E-7 1.34739E-7 1.32768E-7 1.25762E-7 1.24912E-7 1.25377E-7 1.26585E-7 1.28127E-7 1.33877E-7 1.43154E-7 1.54007E-7 1.63881E-7 1.67538E-7 1.67934E-7 1.66586E-7 1.65181E-7 1.633E-7 1.6194E-7 1.63588E-7 1.62383E-7 1.58733E-7 1.70338E-7 2.5265E-7 4.68312E-7 6.7273E-7 6.73443E-7 6.58347E-7 6.72281E-7 6.81987E-7 7.90943E-7 8.0103E-7 7.95768E-7 7.94043E-7 7.94416E-7 8.0313E-7 8.1222E-7 8.22451E-7
-9999 -9999 -9999 -9999 -9999 -9999 -9999 -9999 -9999 -9999 -9999 -9999 -9999 -9999 -9999 -9999 -9999 -9999 -9999 -9999 -9999 2.62001E-7 2.49946E-7 2.37856E-7 2.30699E-7 2.27356E-7 2.13305E-7 2.02962E-7 1.77002E-7 1.59613E-7 1.566E-7 1.48582E-7 1.35759E-7 1.3133E-7 1.33121E-7 1.36456E-7 1.39475E-7 1.44229E-7 1.48741E-7 1.56084E-7 1.61454E-7 1.63343E-7 1.65356E-7 1.69657E-7 1.74432E-7 1.785E-7 1.7983E-7 1.7589E-7 2.04856E-7 3.06001E-7 6.27538E-7 6.69905E-7 6.7246E-7 6.71853E-7 6.68774E-7 6.73011E-7 7.66141E-7 7.88719E-7 7.85853E-7 7.89614E-7 7.97237E-7 8.05136E-7 8.13838E-7 8.24452E-7 8.33879E-7
-9999 -9999 -9999 -9999 -9999 -9999 -9999 -9999 -9999 -9999 -9999 -9999 -9999 -9999 -9999 -9999 -9999 -9999 -9999 -9999 -9999 2.83737E-7 2.79203E-7 2.70544E-7 2.55831E-7 2.51123E-7 2.53845E-7 2.41172E-7 2.18461E-7 1.93018E-7 1.77634E-7 1.74199E-7 1.63101E-7 1.44038E-7 1.49083E-7 1.53378E-7 1.5019E-7 1.49326E-7 1.50182E-7 1.58111E-7 1.69587E-7 1.77314E-7 1.81651E-7 1.85981E-7 1.91516E-7 2.02281E-7 2.21386E-7 2.28614E-7 3.15009E-7 6.28005E-7 6.68132E-7 6.70945E-7 6.70457E-7 6.68407E-7 6.68372E-7 7.80787E-7 7.85468E-7 7.81804E-7 7.74046E-7 7.90263E-7 8.02132E-7 8.15444E-7 8.492E-7 8.35946E-7 7.62406E-7
-9999 -9999 -9999 -9999 -9999 -9999 -9999 -9999 -9999 -9999 -9999 -9999 -9999 -9999 -9999 -9999 -9999 -9999 -9999 -9999 -9999 3.43054E-7 3.32143E-7 3.06122E-7 2.8846E-7 2.78255E-7 2.70449E-7 2.57562E-7 2.48235E-7 2.33384E-7 2.196E-7 2.15012E-7 2.04338E-7 1.83747E-7 1.86089E-7 1.91312E-7 1.84894E-7 1.76721E-7 1.74472E-7 1.84854E-7 2.00185E-7 2.09482E-7 2.07985E-7 1.95922E-7 1.95183E-7 2.48184E-7 2.87004E-7 4.40163E-7 6.60854E-7 6.66613E-7 6.70392E-7 6.6989E-7 6.6783E-7 6.65908E-7 7.21264E-7 7.80927E-7 7.78478E-7 7.07518E-7 6.64401E-7 6.25081E-7 7.27328E-7 8.27372E-7 8.42337E-7 8.48518E-7 5.68719E-7
-9999 -9999 -9999 -9999 -9999 -9999 -9999 -9999 -9999 -9999 -9999 -9999 -9999 -9999 -9999 -9999 -9999 -9999 -9999 -9999 -9999 3.4923E-7 3.45424E-7 3.59349E-7 3.64304E-7 3.42052E-7 2.80522E-7 2.60869E-7 2.41404E-7 2.32007E-7 2.31428E-7 2.19395E-7 2.10958E-7 2.1138E-7 2.09423E-7 2.07833E-7 2.09806E-7 2.06223E-7 2.09967E-7 2.31059E-7 2.63389E-7 2.65927E-7 2.47218E-7 2.41769E-7 2.88964E-7 5.87592E-7 6.59008E-7 6.60835E-7 6.62021E-7 6.65835E-7 6.67347E-7 6.66351E-7 6.65556E-7 6.63409E-7 7.183E-7 7.76722E-7 7.78001E-7 7.95179E-7 7.99321E-7 5.71607E-7 8.22394E-7 8.39399E-7 8.55745E-7 8.63634E-7 6.91236E-7
-9999 -9999 -9999 -9999 -9999 -9999 -9999 -9999 -9999 -9999 -9999 -9999 -9999 -9999 -9999 -9999 -9999 -9999 -9999 -9999 -9999 -9999 3.22098E-7 3.37066E-7 3.46401E-7 3.45903E-7 3.31561E-7 2.85362E-7 2.42235E-7 2.27878E-7 2.27908E-7 2.18889E-7 2.21023E-7 2.26448E-7 2.26865E-7 2.22362E-7 2.23375E-7 2.22841E-7 2.58207E-7 2.86737E-7 2.93751E-7 2.97205E-7 3.67599E-7 6.08355E-7 6.55437E-7 6.58936E-7 6.59623E-7 6.587E-7 6.6026E-7 6.63914E-7 6.65317E-7 6.62967E-7 6.63863E-7 6.64465E-7 6.4575E-7 7.48297E-7 7.88433E-7 8.1725E-7 8.06912E-7 5.40579E-7 8.34513E-7 8.50236E-7 8.70266E-7 8.82639E-7 8.78022E-7
-9999 -9999 -9999 -9999 -9999 -9999 -9999 -9999 -9999 -9999 -9999 -9999 -9999 -9999 -9999 -9999 -9999 -9999 -9999 -9999 -9999 3.07061E-7 3.17684E-7 3.37448E-7 3.59719E-7 3.54213E-7 3.30738E-7 3.12665E-7 2.93933E-7 2.67983E-7 2.72782E-7 2.44745E-7 2.82317E-7 2.78544E-7 2.91891E-7 2.89443E-7 2.80226E-7 2.88963E-7 3.03695E-7 3.10247E-7 4.17044E-7 6.50117E-7 6.52501E-7 6.53652E-7 6.553E-7 6.55081E-7 6.55316E-7 6.57385E-7 6.5988E-7 6.63177E-7 6.61053E-7 6.61038E-7 6.6624E-7 6.68376E-7 6.69761E-7 7.06805E-7 8.02434E-7 8.12515E-7 6.40327E-7 6.2073E-7 8.46933E-7 8.57298E-7 8.79039E-7 9.02344E-7 8.93873E-7
-9999 -9999 -9999 -9999 -9999 -9999 -9999 -9999 -9999 -9999 -9999 -9999 -9999 -9999 -9999 -9999 -9999 -9999 -9999 -9999 -9999 6.24578E-7 6.5034E-7 6.49386E-7 6.47875E-7 6.4651E-7 5.65266E-7 3.01674E-7 2.66209E-7 2.80217E-7 3.18358E-7 3.42235E-7 3.47893E-7 3.23873E-7 3.19763E-7 3.09758E-7 3.08711E-7 3.50124E-7 4.82351E-7 6.50286E-7 6.48084E-7 6.49557E-7 6.50303E-7 6.50701E-7 6.51525E-7 6.50892E-7 6.54582E-7 6.57754E-7 6.58424E-7 6.57519E-7 6.57962E-7 6.64206E-7 6.72448E-7 6.70256E-7 6.78519E-7 7.68931E-7 7.99759E-7 4.89815E-7 4.41173E-7 7.052E-7 8.61539E-7 8.69395E-7 9.29261E-7 9.14578E-7 9.02812E-7
-9999 -9999 -9999 -9999 -9999 -9999 -9999 -9999 -9999 -9999 -9999 -9999 -9999 -9999 -9999 -9999 -9999 -9999 -9999 -9999 -9999 -9999 6.53707E-7 -9999 -9999 -9999 4.9005E-7 2.83524E-7 2.83423E-7 3.34329E-7 4.26079E-7 4.35204E-7 3.9318E-7 3.11064E-7 3.1304E-7 3.77072E-7 5.03421E-7 6.4408E-7 6.89715E-7 7.47496E-7 6.46841E-7 5.81313E-7 5.64004E-7 5.93814E-7 6.49704E-7 6.52092E-7 6.55928E-7 6.42804E-7 4.77008E-7 4.64489E-7 6.57914E-7 6.67764E-7 6.71763E-7 4.92684E-7 6.9136E-7 6.93055E-7 4.28163E-7 4.21312E-7 5.32924E-7 8.56863E-7 8.75828E-7 8.85497E-7 9.07863E-7 9.28186E-7 9.27121E-7
-9999 -9999 -9999 -9999 -9999 -9999 -9999 -9999 -9999 -9999 -9999 -9999 -9999 -9999 -9999 -9999 -9999 -9999 -9999 -9999 -9999 -9999 -9999 -9999 -9999 -9999 -9999 2.44128E-7 2.45878E-7 3.22545E-7 3.50473E-7 3.66336E-7 3.53208E-7 3.60706E-7 4.53624E-7 5.66704E-7 6.1319E-7 7.2462E-7 6.45837E-7 5.78747E-7 4.86742E-7 5.02391E-7 5.77821E-7 6.5005E-7 6.59792E-7 7.20165E-7 4.85389E-7 3.41576E-7 3.24871E-7 3.92412E-7 6.58524E-7 6.62891E-7 3.97044E-7 5.39626E-7 7.17562E-7 5.83659E-7 3.89761E-7 5.92295E-7 8.60144E-7 8.86252E-7 8.98027E-7 9.04243E-7 9.12464E-7 9.33595E-7 9.33438E-7
-9999 -9999 -9999 -9999 -9999 -9999 -9999 -9999 -9999 -9999 -9999 -9999 -9999 -9999 -9999 -9999 -9999 -9999 -9999 -9999 -9999 -9999 -9999 -9999 -9999 -9999 1.79882E-7 1.93534E-7 2.13769E-7 2.40091E-7 2.89097E-7 3.19599E-7 3.48345E-7 3.61771E-7 3.86089E-7 3.93642E-7 4.12883E-7 4.36228E-7 4.46181E-7 4.9242E-7 5.47405E-7 5.87731E-7 6.63974E-7 7.11054E-7 5.99597E-7 4.25042E-7 3.74509E-7 3.21356E-7 2.99688E-7 3.73451E-7 5.18712E-7 3.75544E-7 3.88633E-7 7.15104E-7 7.20544E-7 4.55385E-7 4.31398E-7 8.0708E-7 6.78069E-7 9.24194E-7 9.14071E-7 7.92526E-7 9.44556E-7 9.2217E-7 7.8716E-7
-9999 -9999 -9999 -9999 -9999 -9999 -9999 -9999 -9999 -9999 -9999 -9999 -9999 -9999 -9999 -9999 -9999 -9999 -9999 -9999 -9999 -9999 -9999 -9999 -9999 -9999 1.7748E-7 1.83757E-7 2.03979E-7 2.48117E-7 3.06517E-7 3.27557E-7 3.24392E-7 3.15149E-7 3.6429E-7 3.97962E-7 4.01164E-7 4.05424E-7 4.72767E-7 5.74248E-7 7.36301E-7 7.68661E-7 6.5691E-7 5.22131E-7 4.50225E-7 4.20487E-7 4.30185E-7 4.21111E-7 3.3353E-7 4.48631E-7 4.029E-7 3.38856E-7 6.99877E-7 7.25444E-7 4.86986E-7 4.24154E-7 5.53643E-7 7.18613E-7 7.68955E-7 9.52023E-7 9.58688E-7 9.76631E-7 1.02678E-6 8.76214E-7 1.00491E-6
-9999 -9999 -9999 -9999 -9999 -9999 -9999 -9999 -9999 -9999 -9999 -9999 -9999 -9999 -9999 -9999 -9999 -9999 -9999 -9999 -9999 -9999 -9999 -9999 -9999 -9999 -9999 2.44564E-7 2.24961E-7 2.92376E-7 -9999 -9999 -9999 3.99184E-7 3.86939E-7 3.8941E-7 4.30435E-7 5.67313E-7 6.42233E-7 6.33116E-7 6.27437E-7 5.7772E-7 5.35047E-7 5.11938E-7 5.09492E-7 5.7547E-7 6.22149E-7 4.76338E-7 4.69303E-7 4.69098E-7 3.90768E-7 4.26145E-7 7.22554E-7 6.71083E-7 4.4899E-7 4.54549E-7 7.76836E-7 6.23864E-7 9.27409E-7 1.00387E-6 1.01317E-6 1.02744E-6 1.05273E-6 1.0445E-6 1.03562E-6
-9999 -9999 -9999 -9999 -9999 -9999 -9999 -9999 -9999 -9999 -9999 -9999 -9999 -9999 -9999 -9999 -9999 -9999 -9999 -9999 -9999 -9999 -9999 -9999 -9999 -9999 3.26002E-7 3.14451E-7 2.97285E-7 3.41406E-7 4.50648E-7 4.90794E-7 4.69918E-7 4.58451E-7 4.36552E-7 4.16088E-7 4.12151E-7 4.52102E-7 5.21849E-7 5.76668E-7 6.26521E-7 6.75832E-7 6.5217E-7 6.38107E-7 6.35692E-7 5.95129E-7 5.07664E-7 6.28962E-7 8.18192E-7 5.9616E-7 4.19398E-7 4.15106E-7 4.71537E-7 4.90295E-7 4.86927E-7 7.33013E-7 8.05202E-7 7.07787E-7 9.8706E-7 1.01202E-6 1.07571E-6 1.05218E-6 1.38353E-6 1.06485E-6 1.07045E-6
