catData/rasterBestHybridModels/Pviverrinus/RD_BM01_RM1_H/Pviverrinus_median.asc
ncols         409
nrows         350
xllcorner     60.897278365
yllcorner     5.843756025
cellsize      0.0892857
NODATA_value  -9999
[rows 29 to 57 of 350, columns 130 to 194 of 409]
4.29869E-5 4.07666E-5 3.4131E-5 3.46855E-5 2.6531E-5 2.6731E-5 2.74346E-5 3.04048E-5 2.83651E-5 2.55469E-5 4.60471E-6 2.71192E-6 2.41997E-6 2.49543E-6 2.31358E-6 1.84534E-6 1.90122E-5 1.8816E-5 1.86914E-5 1.55755E-5 1.58634E-5 1.22355E-5 6.39006E-6 6.40714E-6 6.55469E-6 6.09766E-6 3.06699E-6 1.06809E-6 9.01073E-7 8.71303E-7 8.96254E-7 7.95563E-7 7.69547E-7 7.75751E-7 7.63454E-7 7.95478E-7 8.14216E-7 7.80197E-7 7.63028E-7 7.71745E-7 7.61826E-7 7.30059E-7 7.30865E-7 6.65681E-7 6.89624E-7 6.9792E-7 6.28673E-7 6.07206E-7 5.94076E-7 6.19723E-7 6.28171E-7 6.34092E-7 6.3797E-7 6.40988E-7 6.28014E-7 6.28003E-7 6.44695E-7 6.1474E-7 5.92524E-7 6.24454E-7 6.43197E-7 6.52799E-7 -9999 6.45353E-7 6.28448E-7
3.67818E-5 2.82459E-5 2.95527E-5 3.71149E-5 2.70286E-5 2.75432E-5 3.24464E-5 3.94608E-5 3.29063E-5 3.13185E-5 3.91853E-6 2.82592E-6 2.86663E-6 2.30896E-6 1.58794E-6 1.64577E-6 1.71523E-5 1.65925E-5 1.48411E-5 1.53525E-5 1.57795E-5 1.96937E-5 1.96467E-5 1.87936E-5 9.24063E-6 6.29023E-6 4.3241E-6 3.21228E-6 2.13261E-6 9.28904E-7 1.27529E-6 1.06465E-6 7.54104E-7 7.55133E-7 7.92947E-7 7.83495E-7 7.54716E-7 7.30825E-7 7.82711E-7 7.50595E-7 6.97866E-7 6.83494E-7 7.28507E-7 7.1314E-7 6.94104E-7 6.80087E-7 6.0393E-7 6.09082E-7 6.09848E-7 5.89113E-7 5.97183E-7 6.11326E-7 6.21848E-7 6.347E-7 6.34158E-7 6.38278E-7 6.43888E-7 6.23618E-7 6.13908E-7 5.9807E-7 6.30031E-7 6.39804E-7 6.48627E-7 6.48696E-7 6.24219E-7
7.24371E-5 2.94864E-5 2.80831E-5 5.05751E-5 4.97261E-5 4.31312E-5 4.46661E-5 3.45211E-5 2.82916E-5 2.51556E-5 2.81065E-5 2.91717E-6 2.50707E-6 2.20339E-6 1.73968E-6 1.67438E-6 2.13866E-6 1.72172E-5 1.6115E-5 1.4816E-5 1.89252E-5 1.86741E-5 1.87508E-5 1.90266E-5 2.20035E-5 2.21504E-5 2.0635E-5 3.96366E-6 2.97692E-6 3.19648E-6 3.15375E-6 2.95439E-6 2.01091E-6 9.00478E-7 7.62482E-7 7.15653E-7 7.06525E-7 7.25338E-7 8.32381E-7 7.33273E-7 6.77249E-7 6.68586E-7 6.6836E-7 6.64998E-7 6.70678E-7 6.5987E-7 6.2602E-7 5.96048E-7 6.06082E-7 6.04677E-7 6.04661E-7 5.92909E-7 5.85945E-7 5.95105E-7 6.08341E-7 6.29538E-7 6.31712E-7 6.3244E-7 6.29662E-7 6.05228E-7 6.06905E-7 6.13319E-7 6.223E-7 6.4977E-7 6.27762E-7
7.53622E-5 6.39098E-5 6.43877E-5 8.47633E-5 7.6713E-5 6.1802E-5 3.54411E-5 3.06605E-5 2.80019E-5 2.72619E-5 2.60636E-5 2.73854E-6 2.1546E-6 1.51865E-6 1.4913E-6 1.59448E-6 1.70909E-6 1.74599E-6 3.75924E-6 1.17045E-5 1.91638E-5 1.87417E-5 1.82429E-5 1.86396E-5 2.08371E-5 2.08903E-5 2.13577E-5 2.29451E-5 4.26922E-6 2.92942E-6 2.6526E-6 2.30243E-6 2.18753E-6 1.99142E-6 1.05416E-6 7.89433E-7 7.18506E-7 7.10884E-7 7.90943E-7 7.21576E-7 7.14416E-7 6.86826E-7 6.75539E-7 6.85313E-7 6.68804E-7 6.6858E-7 6.54394E-7 6.01741E-7 5.98754E-7 6.00258E-7 6.02774E-7 5.96796E-7 5.92997E-7 5.96879E-7 5.86711E-7 5.92413E-7 5.9613E-7 6.06567E-7 6.30353E-7 6.27638E-7 6.36864E-7 6.47717E-7 6.24035E-7 6.18849E-7 6.26733E-7
8.56895E-5 9.60159E-5 8.13652E-5 9.27753E-5 1.14197E-4 7.68936E-5 3.84982E-5 3.194E-5 2.79522E-5 2.82579E-5 2.72664E-5 2.84673E-6 2.17642E-6 2.17178E-6 2.26185E-6 1.97884E-6 2.96386E-6 6.17871E-6 6.35573E-6 1.85115E-5 2.02924E-5 1.97885E-5 1.84054E-5 1.81027E-5 1.81299E-5 1.50884E-5 1.57284E-5 2.08981E-5 1.61757E-5 1.47495E-5 2.7026E-6 2.67772E-6 2.27906E-6 2.07034E-6 1.02005E-6 9.01484E-7 7.28018E-7 7.30442E-7 7.9771E-7 7.24945E-7 7.12623E-7 7.00109E-7 6.96001E-7 6.9772E-7 6.96909E-7 6.89698E-7 6.95016E-7 6.27759E-7 6.05814E-7 5.99743E-7 6.12551E-7 6.07912E-7 5.94858E-7 5.95193E-7 5.95146E-7 5.9518E-7 5.91652E-7 5.87506E-7 6.0421E-7 6.32315E-7 6.4055E-7 6.34719E-7 6.16299E-7 6.0641E-7 6.30966E-7
9.74491E-5 1.14294E-4 8.62524E-5 8.42085E-5 1.21641E-4 9.22091E-5 5.3764E-5 3.45336E-5 2.7588E-5 2.82798E-5 2.41856E-5 1.9333E-5 2.31465E-6 2.18775E-6 2.20056E-6 4.03998E-6 6.91226E-6 6.53089E-6 6.99418E-6 7.9076E-6 1.14969E-5 8.32096E-6 1.65989E-5 1.96946E-5 1.92802E-5 1.49744E-5 1.56046E-5 1.94624E-5 1.82613E-5 2.10632E-5 4.50746E-6 3.25072E-6 2.4412E-6 1.54507E-6 1.0914E-6 9.87505E-7 8.4043E-7 7.18689E-7 7.40957E-7 7.38915E-7 7.08236E-7 7.01024E-7 6.89044E-7 6.86005E-7 7.00114E-7 6.99092E-7 6.69425E-7 6.36525E-7 6.23147E-7 6.13405E-7 6.14317E-7 6.07485E-7 6.0048E-7 6.00231E-7 6.14859E-7 6.23475E-7 6.01988E-7 5.93575E-7 5.87753E-7 6.06396E-7 6.34286E-7 6.47116E-7 6.26709E-7 6.15987E-7 6.26075E-7
4.7397E-5 6.48831E-5 7.45814E-5 1.10695E-4 1.05775E-4 6.43628E-5 3.86736E-5 3.16562E-5 2.65732E-5 2.49896E-5 2.21226E-5 2.36587E-5 2.64857E-6 2.10839E-6 2.02464E-6 2.19725E-6 3.1352E-6 8.38477E-6 1.52206E-5 1.76006E-5 1.93342E-5 1.88347E-5 2.03135E-5 2.14885E-5 2.11876E-5 2.04397E-5 1.98373E-5 2.04064E-5 2.41326E-5 2.7278E-5 7.66514E-6 3.30751E-6 1.77205E-6 1.2139E-6 1.173E-6 1.00261E-6 9.64846E-7 8.79115E-7 8.48371E-7 8.88515E-7 7.15079E-7 7.23387E-7 7.007E-7 7.01325E-7 7.13325E-7 7.08163E-7 6.403E-7 6.19424E-7 6.23923E-7 6.14009E-7 6.06677E-7 5.99588E-7 6.016E-7 6.0178E-7 6.08955E-7 6.295E-7 6.25381E-7 6.07232E-7 5.89365E-7 5.95175E-7 6.26362E-7 6.4904E-7 6.42824E-7 6.32828E-7 6.30395E-7
3.86025E-5 4.68647E-5 7.99966E-5 1.09506E-4 8.42494E-5 4.93686E-5 3.35765E-5 3.69874E-5 3.2226E-5 2.5577E-5 2.1892E-5 2.34684E-5 2.56415E-6 2.08497E-6 2.05603E-6 2.0668E-6 2.09226E-6 8.56019E-6 1.31676E-5 1.48442E-5 1.66732E-5 1.90729E-5 2.06799E-5 2.21826E-5 2.2816E-5 2.20808E-5 2.10628E-5 2.24011E-5 2.32058E-5 2.38571E-5 1.51691E-5 1.69801E-5 1.61488E-5 1.26811E-6 1.28056E-6 1.0993E-6 1.04169E-6 1.01761E-6 9.65426E-7 9.19511E-7 8.56606E-7 7.31902E-7 7.20277E-7 7.10647E-7 7.10691E-7 7.1605E-7 6.85649E-7 6.3075E-7 6.14342E-7 6.11667E-7 6.2073E-7 6.1772E-7 6.06536E-7 6.11867E-7 6.17119E-7 6.14183E-7 6.31405E-7 6.27247E-7 5.99479E-7 5.92258E-7 6.11642E-7 6.39752E-7 6.56205E-7 6.55846E-7 6.42853E-7
4.10967E-5 4.89158E-5 8.24222E-5 9.57609E-5 8.0809E-5 6.81326E-5 5.72028E-5 7.88615E-5 7.96283E-5 3.69975E-5 2.34149E-5 2.42397E-5 8.34484E-6 2.18089E-6 2.02758E-6 2.00705E-6 3.90001E-6 1.00865E-5 1.19488E-5 5.74425E-6 4.71847E-6 6.0199E-6 1.9303E-5 2.09273E-5 2.28764E-5 2.00534E-5 2.27838E-5 2.23597E-5 2.25564E-5 2.31689E-5 2.96942E-5 2.93008E-5 2.1998E-5 1.99737E-6 1.3103E-6 1.32808E-6 1.1487E-6 1.14293E-6 9.8779E-7 9.3142E-7 9.30605E-7 -9999 -9999 6.98399E-7 6.70424E-7 6.95816E-7 6.5458E-7 6.3642E-7 6.32604E-7 6.25698E-7 6.41492E-7 6.41943E-7 6.20909E-7 6.13361E-7 6.28232E-7 6.29213E-7 6.55317E-7 6.44777E-7 6.08413E-7 6.04163E-7 6.07586E-7 6.1761E-7 6.46027E-7 6.61051E-7 6.61282E-7
4.30093E-5 4.7138E-5 5.80892E-5 8.85433E-5 9.80442E-5 1.00202E-4 9.95093E-5 1.33165E-4 1.07724E-4 6.32724E-5 4.63385E-5 3.69868E-5 6.92641E-6 2.64448E-6 2.24233E-6 2.05244E-6 1.45079E-5 1.06263E-5 9.61295E-6 4.93525E-6 4.51348E-6 4.89611E-6 1.9378E-5 2.04201E-5 2.20139E-5 2.36163E-5 2.37544E-5 2.43062E-5 2.43636E-5 2.50426E-5 2.60433E-5 2.63833E-5 2.44031E-5 1.35509E-5 1.24281E-6 1.43272E-6 1.36835E-6 1.21011E-6 1.02751E-6 9.57531E-7 9.38086E-7 9.25004E-7 -9999 6.67956E-7 6.51198E-7 6.62543E-7 6.44035E-7 6.49626E-7 6.49948E-7 6.3748E-7 6.32397E-7 6.36831E-7 6.53511E-7 6.25696E-7 6.21263E-7 6.25376E-7 6.58644E-7 6.58771E-7 6.15661E-7 6.22064E-7 6.36182E-7 6.20187E-7 6.25146E-7 6.50072E-7 6.63201E-7
4.1306E-5 4.805E-5 5.42007E-5 6.58755E-5 1.09532E-4 1.21173E-4 1.23388E-4 1.24746E-4 1.18167E-4 9.35857E-5 6.9289E-5 7.39573E-5 7.84135E-5 7.15328E-6 4.58768E-6 4.17271E-6 3.89519E-6 9.70352E-6 9.9608E-6 4.2902E-6 5.88652E-6 5.3699E-6 2.16923E-5 2.02507E-5 2.01149E-5 2.09849E-5 2.23248E-5 2.41164E-5 2.45892E-5 2.53809E-5 2.62269E-5 2.63422E-5 2.36917E-5 1.62267E-5 1.35577E-6 1.36824E-6 1.47047E-6 1.39552E-6 1.21745E-6 1.03403E-6 9.70208E-7 7.87781E-7 7.23737E-7 -9999 6.72461E-7 6.7362E-7 6.52249E-7 6.52963E-7 6.53798E-7 6.52853E-7 6.40996E-7 6.46388E-7 6.61212E-7 6.49255E-7 6.45045E-7 6.26468E-7 6.3345E-7 6.72749E-7 6.45397E-7 6.37134E-7 6.46068E-7 6.36515E-7 6.18859E-7 6.33562E-7 6.63034E-7
4.13326E-5 4.68577E-5 5.2515E-5 7.86615E-5 8.73326E-5 9.31352E-5 1.05613E-4 1.1599E-4 1.10968E-4 1.02012E-4 8.83651E-5 8.69146E-5 1.30541E-4 1.02778E-5 7.36015E-6 7.74984E-6 4.05641E-6 1.87981E-5 1.72597E-5 9.71715E-6 1.00584E-5 1.07707E-5 7.18199E-6 1.93777E-5 1.23668E-5 1.97817E-5 1.94973E-5 1.97036E-5 1.93677E-5 1.59887E-5 2.54665E-5 2.45372E-5 2.21914E-5 2.82983E-6 1.62716E-6 1.56816E-6 1.54914E-6 1.50951E-6 1.29169E-6 1.04153E-6 -9999 9.49399E-7 9.81488E-7 9.69953E-7 9.16916E-7 6.87341E-7 6.84979E-7 6.67694E-7 6.61461E-7 6.58713E-7 6.59402E-7 6.57645E-7 6.45886E-7 6.59836E-7 6.63654E-7 6.45852E-7 6.28098E-7 6.67139E-7 6.65442E-7 6.42277E-7 6.44728E-7 6.42065E-7 6.26819E-7 6.24867E-7 6.49868E-7
3.68576E-5 4.06872E-5 7.18537E-5 7.92143E-5 8.67959E-5 9.14221E-5 9.24383E-5 1.00719E-4 1.03458E-4 1.0692E-4 1.2334E-4 1.26848E-4 1.94286E-5 1.55314E-5 1.36567E-5 6.76421E-6 5.31521E-6 1.50405E-5 1.60729E-5 1.18639E-5 1.21393E-5 1.05818E-5 1.0086E-5 9.95358E-6 9.53124E-6 7.23921E-6 6.18481E-6 6.36747E-6 7.88374E-6 7.98183E-6 8.46016E-6 2.3012E-5 1.95838E-5 3.06425E-6 1.62598E-6 1.63762E-6 1.58332E-6 1.5599E-6 1.48682E-6 1.39214E-6 1.13955E-6 1.12681E-6 1.1551E-6 1.02432E-6 9.63601E-7 9.10619E-7 7.22611E-7 6.93567E-7 6.80836E-7 6.54182E-7 6.6506E-7 6.74225E-7 6.51973E-7 6.4536E-7 6.54554E-7 6.46342E-7 6.49066E-7 6.39937E-7 6.4085E-7 6.37027E-7 6.38257E-7 6.31031E-7 6.47977E-7 6.46214E-7 6.27137E-7
3.48025E-5 6.27658E-5 7.15022E-5 7.62972E-5 7.46504E-5 7.88818E-5 8.67465E-5 8.71874E-5 9.06718E-5 9.47511E-5 1.0472E-4 1.27372E-4 1.27591E-4 2.21357E-5 1.75497E-5 7.86115E-6 5.56396E-6 4.59611E-6 3.01937E-6 4.85106E-6 1.23468E-5 4.87144E-6 4.5278E-6 4.10327E-6 8.36077E-6 5.89482E-6 5.90584E-6 6.47478E-6 6.19563E-6 4.03255E-6 6.1948E-6 7.91327E-6 1.04694E-5 7.38295E-6 1.68389E-6 1.58985E-6 1.60137E-6 1.46718E-6 1.34674E-6 1.37141E-6 1.4425E-6 1.29426E-6 1.01174E-6 9.68643E-7 9.54093E-7 9.50679E-7 9.7013E-7 7.18516E-7 6.96451E-7 6.67312E-7 6.52088E-7 6.67913E-7 6.52148E-7 6.44516E-7 6.45373E-7 6.4301E-7 6.4065E-7 6.34399E-7 6.31678E-7 6.54679E-7 6.38899E-7 6.2213E-7 6.41415E-7 6.75689E-7 6.66758E-7
2.50205E-5 6.24321E-5 7.06854E-5 6.62863E-5 7.4668E-5 7.9818E-5 8.11357E-5 8.27325E-5 8.70888E-5 9.36424E-5 1.02124E-4 1.20035E-4 1.63251E-4 2.61651E-5 2.32942E-5 1.52608E-5 9.60487E-6 6.35504E-6 6.26925E-6 7.00727E-6 7.41732E-6 8.29598E-6 7.05808E-6 4.7919E-6 5.37398E-6 1.06011E-5 7.17176E-6 6.33592E-6 6.24705E-6 5.07068E-6 3.57002E-6 3.77783E-6 3.97759E-6 1.3276E-5 9.18556E-6 1.96107E-6 1.60359E-6 1.57916E-6 1.37477E-6 1.09764E-6 1.11676E-6 1.37162E-6 1.16017E-6 1.05601E-6 9.70131E-7 9.22381E-7 9.59513E-7 8.63045E-7 -9999 6.97103E-7 6.83743E-7 6.59521E-7 6.66678E-7 6.65154E-7 6.59728E-7 6.44126E-7 6.56815E-7 6.33956E-7 6.36515E-7 6.46379E-7 6.6558E-7 6.57209E-7 6.67436E-7 6.78012E-7 6.44636E-7
2.12963E-5 2.3872E-5 2.636E-5 2.9098E-5 3.55004E-5 7.75448E-5 7.83262E-5 7.90981E-5 7.64041E-5 8.81506E-5 9.7173E-5 1.1418E-4 1.49765E-4 1.87899E-5 2.058E-5 1.78951E-5 1.49418E-5 9.23523E-6 9.13069E-6 1.18515E-5 1.33085E-5 1.22914E-5 1.14954E-5 9.7671E-6 6.34634E-6 1.80295E-5 1.30672E-5 7.99573E-6 6.70997E-6 4.93546E-6 3.93273E-6 3.87284E-6 4.06911E-6 1.27247E-5 1.28936E-5 7.66071E-6 3.91694E-6 2.03719E-6 1.99769E-6 1.52617E-6 1.12724E-6 1.11433E-6 1.28695E-6 1.06218E-6 8.67935E-7 7.97389E-7 8.16796E-7 -9999 -9999 -9999 7.25783E-7 7.03667E-7 6.67254E-7 6.85079E-7 6.83828E-7 6.48787E-7 6.47496E-7 6.66266E-7 6.60361E-7 6.43086E-7 6.7008E-7 6.93509E-7 6.91143E-7 6.92057E-7 6.57645E-7
2.09728E-5 2.24749E-5 2.55246E-5 2.8306E-5 3.07966E-5 3.27438E-5 3.40491E-5 4.36182E-5 8.15932E-5 8.98337E-5 9.87056E-5 1.0687E-4 1.24977E-4 1.32194E-4 1.20793E-4 1.33708E-4 1.88461E-5 1.61374E-5 1.28707E-5 1.37422E-5 1.75726E-5 2.08926E-5 1.6184E-5 1.94467E-5 4.7442E-5 5.52076E-5 2.87476E-5 7.16266E-6 6.08212E-6 2.85251E-5 2.77986E-5 6.02779E-6 5.897E-6 1.44071E-5 1.39995E-5 1.17635E-5 1.19664E-5 8.50258E-6 5.25032E-6 3.69782E-6 1.26687E-6 1.13473E-6 9.56064E-7 1.04413E-6 9.90963E-7 8.3706E-7 8.27767E-7 7.81628E-7 7.41891E-7 7.44819E-7 7.19029E-7 7.03767E-7 6.8542E-7 7.05085E-7 6.89558E-7 6.82058E-7 6.53453E-7 6.564E-7 6.76645E-7 6.61924E-7 6.7094E-7 6.801E-7 6.9708E-7 6.9651E-7 6.54638E-7
2.13807E-5 2.28529E-5 2.51274E-5 2.70395E-5 2.90561E-5 3.12209E-5 3.22534E-5 7.14125E-5 8.26809E-5 9.0821E-5 9.79257E-5 1.05907E-4 1.1627E-4 1.32215E-4 1.36811E-4 1.37137E-4 1.35205E-4 1.30518E-4 1.85656E-5 6.46255E-5 7.70447E-5 8.31632E-5 8.39662E-5 6.90231E-5 8.39657E-5 7.48347E-5 1.64305E-4 2.60114E-5 6.91162E-5 5.59538E-5 3.37227E-5 1.08096E-5 1.0976E-5 1.49314E-5 1.73685E-5 1.63431E-5 1.49183E-5 5.52898E-6 5.41908E-6 4.63949E-6 2.68312E-6 2.42448E-6 1.44886E-6 9.72987E-7 1.11786E-6 9.25288E-7 8.32628E-7 8.10132E-7 7.48154E-7 7.44294E-7 7.41544E-7 7.4426E-7 7.20761E-7 7.20449E-7 6.94979E-7 6.73847E-7 6.58431E-7 6.5962E-7 6.73484E-7 6.79362E-7 6.85422E-7 6.75121E-7 6.84371E-7 6.92524E-7 6.47579E-7
2.1071E-5 2.436E-5 2.6588E-5 2.8053E-5 2.96541E-5 3.13571E-5 3.35424E-5 7.66391E-5 8.08935E-5 8.59566E-5 9.12185E-5 1.01943E-4 1.1882E-4 1.28843E-4 1.2441E-4 1.28461E-4 1.46121E-4 1.37384E-4 1.44761E-4 1.60697E-4 9.28743E-5 8.8489E-5 1.03398E-4 1.07804E-4 2.08139E-4 2.04136E-4 1.749E-4 1.68844E-4 1.4187E-4 1.34814E-4 7.77905E-5 1.36074E-5 1.06006E-5 1.05192E-5 1.05263E-5 1.14311E-5 6.26204E-6 1.18198E-5 6.42762E-6 3.46108E-6 3.60896E-6 3.47451E-6 2.43018E-6 1.04386E-6 1.11013E-6 8.89771E-7 8.46311E-7 7.80393E-7 7.57735E-7 7.66817E-7 7.3507E-7 7.29812E-7 7.33124E-7 7.22497E-7 7.17254E-7 7.03027E-7 6.85229E-7 6.84091E-7 6.76079E-7 6.88898E-7 6.90818E-7 6.84122E-7 6.76382E-7 6.86357E-7 6.61421E-7
2.30409E-5 2.03571E-5 2.15801E-5 2.2015E-5 2.39255E-5 2.55802E-5 2.64397E-5 4.07763E-5 6.08295E-5 7.25395E-5 9.30263E-5 1.02758E-4 1.14242E-4 1.07227E-4 1.15696E-4 1.28959E-4 1.38052E-4 1.46615E-4 1.56127E-4 1.66176E-4 1.62429E-4 1.93718E-4 2.27139E-4 2.02695E-4 1.86424E-4 1.89991E-4 1.50986E-4 1.67884E-4 1.65794E-4 1.47003E-4 3.56013E-5 1.70649E-5 1.30911E-5 1.30879E-5 1.42412E-5 6.64497E-6 5.19316E-6 5.56468E-6 1.34888E-5 1.24227E-5 4.52735E-6 3.84038E-6 3.18276E-6 1.69258E-6 1.06452E-6 9.89173E-7 8.59059E-7 8.25873E-7 7.8138E-7 7.65244E-7 7.55362E-7 7.23205E-7 7.26218E-7 7.08309E-7 7.356E-7 7.22106E-7 7.36833E-7 7.07011E-7 6.94418E-7 6.92856E-7 6.96557E-7 6.89425E-7 6.89362E-7 6.81628E-7 6.71376E-7
1.673E-5 2.06206E-5 3.74878E-5 3.10354E-5 4.50933E-5 6.59547E-5 7.18604E-5 7.42998E-5 7.92272E-5 8.57049E-5 8.88558E-5 1.10048E-4 1.01322E-4 1.01219E-4 1.09083E-4 1.20673E-4 1.29365E-4 1.35937E-4 1.41478E-4 1.47956E-4 1.59458E-4 1.85102E-4 2.00294E-4 1.78941E-4 1.75533E-4 1.76057E-4 1.84901E-4 1.69809E-4 1.67755E-4 1.77923E-4 4.95647E-5 2.68334E-5 2.09519E-5 3.95273E-5 3.78633E-5 1.44263E-5 6.15065E-6 6.51373E-6 1.54832E-5 1.65984E-5 1.64322E-5 1.2181E-5 4.38169E-6 2.23134E-6 1.05805E-6 9.85237E-7 8.65973E-7 8.54177E-7 8.17351E-7 7.77304E-7 7.61731E-7 7.35145E-7 7.31238E-7 7.21205E-7 7.55025E-7 7.34147E-7 7.47565E-7 7.5315E-7 7.25064E-7 7.21149E-7 7.08304E-7 7.21315E-7 7.17477E-7 7.09959E-7 6.9686E-7
1.95607E-5 5.46058E-5 5.02884E-5 4.66056E-5 5.70703E-5 6.31901E-5 6.93013E-5 7.48328E-5 8.32872E-5 8.56082E-5 8.78331E-5 9.36402E-5 9.88558E-5 9.42488E-5 9.8138E-5 1.04568E-4 1.11519E-4 1.26427E-4 1.17325E-4 1.35947E-4 1.42084E-4 1.54792E-4 1.39794E-4 1.60402E-4 7.23164E-5 7.3143E-5 1.7038E-4 1.85482E-4 1.89623E-4 1.77218E-4 1.81596E-4 1.66769E-4 1.50507E-4 1.32427E-4 6.11747E-5 1.07019E-5 7.94656E-6 9.01944E-6 4.19467E-5 4.26503E-5 1.76495E-5 1.78452E-5 1.22502E-5 4.4211E-6 1.41913E-6 1.15555E-6 9.38147E-7 8.46146E-7 8.21422E-7 8.18761E-7 7.97921E-7 7.52872E-7 7.47907E-7 7.29895E-7 7.71313E-7 7.48171E-7 7.37718E-7 7.58888E-7 7.38342E-7 7.41936E-7 7.39026E-7 7.36325E-7 7.28706E-7 7.27976E-7 7.22982E-7
1.3598E-5 3.98562E-5 4.34489E-5 5.74114E-5 6.48035E-5 5.82765E-5 6.36238E-5 7.18572E-5 7.22584E-5 7.99503E-5 7.5881E-5 7.73653E-5 8.40126E-5 8.93483E-5 9.04381E-5 9.39652E-5 9.9721E-5 1.08593E-4 1.12769E-4 1.12794E-4 1.23793E-4 1.34154E-4 1.49537E-4 1.52165E-4 1.54936E-4 1.49391E-4 1.42701E-4 1.6298E-4 1.71725E-4 1.83531E-4 1.7676E-4 1.88551E-4 1.84452E-4 1.76275E-4 3.34846E-5 2.15406E-5 2.33645E-5 5.6336E-5 3.40973E-5 3.25678E-5 1.86296E-5 1.7606E-5 1.78528E-5 4.80193E-6 2.53035E-6 1.79642E-6 1.38267E-6 1.05601E-6 9.48941E-7 8.20489E-7 8.24165E-7 8.16645E-7 7.72653E-7 7.42373E-7 7.70818E-7 7.78922E-7 7.34594E-7 7.31584E-7 7.16686E-7 7.28258E-7 7.25468E-7 7.34007E-7 7.40122E-7 7.49028E-7 7.58868E-7
4.44636E-5 5.6867E-5 5.75342E-5 6.28757E-5 6.38617E-5 5.76814E-5 6.28982E-5 7.0305E-5 7.15117E-5 6.98636E-5 6.96937E-5 7.25634E-5 7.71107E-5 1.06834E-4 1.00184E-4 9.82858E-5 9.86458E-5 9.53645E-5 9.40982E-5 9.7539E-5 1.07211E-4 1.17865E-4 1.29602E-4 1.41588E-4 1.35505E-4 1.33152E-4 1.49135E-4 1.53176E-4 1.73483E-4 1.72571E-4 1.79572E-4 1.63585E-4 1.71048E-4 1.98149E-4 1.85436E-4 9.10349E-5 2.00772E-4 1.57474E-4 3.08235E-5 1.29429E-5 1.5968E-5 1.3803E-5 1.37609E-5 3.11302E-6 2.9271E-6 2.21702E-6 1.33797E-6 1.12543E-6 9.58817E-7 8.88181E-7 8.33156E-7 8.96254E-7 8.00158E-7 7.7641E-7 7.70784E-7 8.00418E-7 7.74703E-7 7.33306E-7 7.63349E-7 7.44058E-7 7.12086E-7 7.12252E-7 7.39631E-7 7.63511E-7 7.59764E-7
4.58154E-5 5.01017E-5 5.25506E-5 5.30342E-5 5.78814E-5 6.43895E-5 6.21561E-5 6.76582E-5 6.50375E-5 6.28014E-5 6.61946E-5 7.08797E-5 8.31909E-5 1.06019E-4 9.39904E-5 8.10225E-5 5.63655E-5 3.76576E-5 8.90306E-5 9.22744E-5 1.0614E-4 1.06286E-4 1.13188E-4 1.2608E-4 1.34811E-4 1.33064E-4 1.41901E-4 1.51E-4 1.56292E-4 1.65662E-4 1.68859E-4 1.60864E-4 1.50228E-4 1.79049E-4 1.79419E-4 1.96034E-4 2.05707E-4 1.92427E-4 1.0617E-4 3.34774E-5 9.11044E-6 4.55305E-5 4.74074E-5 2.80914E-6 2.01608E-6 2.08527E-6 1.91174E-6 1.62134E-6 1.08027E-6 9.16942E-7 1.08565E-6 1.83359E-6 1.86301E-6 1.39108E-6 7.69265E-7 7.73299E-7 7.73924E-7 7.68044E-7 8.12713E-7 7.66431E-7 7.29919E-7 7.04681E-7 7.19081E-7 7.60565E-7 7.44705E-7
4.2788E-5 4.46966E-5 4.8538E-5 5.6025E-5 6.09992E-5 5.9483E-5 6.40674E-5 6.56937E-5 5.87831E-5 6.05898E-5 7.26048E-5 7.38928E-5 7.05979E-5 8.00933E-5 7.65634E-5 5.12823E-5 7.49413E-5 8.37313E-5 9.36386E-5 9.49873E-5 9.79903E-5 1.07653E-4 1.17128E-4 1.09446E-4 1.2559E-4 1.34182E-4 1.38468E-4 1.46174E-4 1.53495E-4 1.54203E-4 1.48085E-4 1.47889E-4 1.55848E-4 1.67892E-4 1.73055E-4 1.86766E-4 1.80735E-4 1.62818E-4 1.8175E-4 1.48225E-4 4.10098E-5 4.68263E-5 5.59729E-5 4.85812E-5 4.02288E-5 2.73323E-6 1.90355E-6 1.55082E-6 1.02294E-6 9.2005E-7 1.03322E-6 1.90746E-6 2.24729E-6 1.75938E-6 1.04416E-6 8.20758E-7 8.15872E-7 8.03701E-7 -9999 8.19888E-7 7.79455E-7 7.28494E-7 7.19773E-7 7.4347E-7 7.34689E-7
4.14045E-5 4.22918E-5 4.55196E-5 5.51538E-5 5.3424E-5 5.63577E-5 6.06587E-5 6.38422E-5 6.45618E-5 6.43866E-5 5.90937E-5 4.35501E-5 6.40038E-5 7.11122E-5 6.83718E-5 3.24812E-5 7.1942E-5 8.01664E-5 9.0436E-5 9.16094E-5 4.29375E-5 9.04092E-5 9.31302E-5 1.10592E-4 1.22242E-4 8.1469E-5 1.30843E-4 8.5394E-5 1.36362E-4 1.34201E-4 1.37422E-4 1.43066E-4 9.96282E-5 1.38689E-4 1.69516E-4 1.83149E-4 1.92746E-4 1.885E-4 2.6119E-4 2.09587E-4 6.09418E-5 1.30236E-4 9.57935E-5 5.5524E-5 4.70206E-5 4.92612E-5 4.60356E-5 1.93277E-5 1.30864E-6 1.10933E-6 2.52945E-6 2.73557E-6 2.63941E-6 2.1317E-6 2.09637E-6 2.09609E-6 1.25281E-6 9.03761E-7 -9999 8.54222E-7 8.06468E-7 7.74983E-7 7.48315E-7 7.3172E-7 7.5229E-7
4.00511E-5 4.31799E-5 4.44556E-5 5.06151E-5 5.58501E-5 6.00056E-5 6.20835E-5 6.2441E-5 5.79346E-5 5.50933E-5 2.59104E-5 2.71338E-5 6.07945E-5 6.48916E-5 3.02459E-5 4.76047E-5 4.95546E-5 5.20441E-5 8.25999E-5 5.74604E-5 8.06086E-5 9.96029E-5 9.73601E-5 1.04211E-4 1.15699E-4 1.19797E-4 1.09184E-4 1.08077E-4 1.21907E-4 1.27331E-4 8.29928E-5 5.95649E-5 1.45423E-4 1.43203E-4 1.78336E-4 1.64258E-4 1.95405E-4 1.41468E-4 1.91019E-4 2.72794E-4 1.95908E-4 1.59494E-4 1.21069E-4 7.78516E-5 5.91988E-5 4.86046E-5 4.83391E-5 5.12048E-5 5.46657E-6 3.1543E-6 3.54775E-6 3.99846E-6 3.14823E-6 2.89597E-6 2.55266E-6 2.24252E-6 2.14165E-6 2.24563E-6 2.24569E-6 8.42853E-7 7.93457E-7 7.7387E-7 7.60786E-7 7.53921E-7 7.50466E-7
3.94112E-5 4.29147E-5 4.26787E-5 4.86384E-5 4.85674E-5 5.43328E-5 5.3581E-5 5.90417E-5 5.07976E-5 5.20163E-5 5.40556E-5 5.66334E-5 5.90818E-5 5.53958E-5 6.29645E-5 6.11613E-5 6.52695E-5 3.26561E-5 5.13476E-5 8.37367E-5 7.51699E-5 9.43021E-5 9.1827E-5 9.75427E-5 1.00028E-4 1.00369E-4 9.98926E-5 4.49933E-5 4.79356E-5 5.23491E-5 5.63227E-5 6.13998E-5 1.52472E-4 1.60091E-4 1.69549E-4 1.54647E-4 1.93328E-4 2.67993E-4 1.64771E-4 1.10569E-4 2.57359E-4 1.9134E-4 1.16259E-4 7.73182E-5 1.03358E-4 8.28363E-5 6.0345E-5 5.02166E-5 4.98969E-5 1.27325E-5 5.08346E-6 4.38923E-6 4.0188E-6 3.25059E-6 2.5126E-6 2.33944E-6 2.17918E-6 2.16024E-6 2.24568E-6 8.75598E-7 8.55633E-7 8.16214E-7 8.00802E-7 8.18E-7 8.21823E-7
