catData/rasterBestHybridModels/Pviverrinus/RD_BM01_RM1_H/Pviverrinus_avg.asc
ncols         409
nrows         350
xllcorner     60.897278365
yllcorner     5.843756025
cellsize      0.0892857
NODATA_value  -9999
[rows 145 to 173 of 350, columns 66 to 131 of 409]
-9999 -9999 -9999 -9999 -9999 -9999 -9999 2.23129E-5 2.50794E-5 2.40235E-5 2.01155E-5 2.20292E-5 2.22694E-5 2.28657E-5 2.36098E-5 2.53591E-5 2.45478E-5 2.65887E-5 2.80909E-5 3.05577E-5 3.24762E-5 -9999 -9999 -9999 -9999 -9999 1.82717E-5 1.38161E-5 1.00262E-5 8.04188E-6 7.09062E-6 6.30056E-6 5.73212E-6 5.59671E-6 5.57344E-6 5.78234E-6 -9999 -9999 -9999 -9999 -9999 -9999 -9999 -9999 -9999 -9999 -9999 -9999 -9999 -9999 5.70772E-6 1.14129E-5 3.63994E-6 3.39035E-5 4.64856E-5 5.74989E-5 6.38338E-5 6.58185E-5 6.5467E-5 6.80495E-5 6.87053E-5 6.11042E-5 2.7567E-5 7.49053E-5 8.96655E-5 5.99776E-5
-9999 -9999 -9999 -9999 -9999 -9999 -9999 2.10988E-5 2.33443E-5 2.13839E-5 2.26927E-5 2.27343E-5 2.30816E-5 2.32725E-5 2.37333E-5 2.52596E-5 2.61668E-5 3.01949E-5 -9999 -9999 -9999 2.33423E-5 -9999 -9999 -9999 -9999 -9999 1.76928E-5 1.31897E-5 1.01045E-5 8.38016E-6 7.22742E-6 6.38719E-6 5.17392E-6 6.40903E-6 7.29581E-6 -9999 -9999 -9999 -9999 -9999 -9999 -9999 -9999 -9999 -9999 -9999 -9999 -9999 -9999 5.36641E-6 1.20301E-5 9.95042E-6 4.27052E-5 4.30515E-5 5.15025E-5 5.82636E-5 2.3177E-5 4.1911E-5 4.1516E-5 2.77638E-5 3.9042E-5 5.89965E-5 6.77605E-5 3.07786E-5 3.54637E-5
-9999 -9999 -9999 -9999 -9999 -9999 -9999 -9999 -9999 -9999 2.31037E-5 2.31249E-5 2.34176E-5 2.35703E-5 -9999 2.48838E-5 2.7158E-5 2.12281E-5 2.08245E-5 2.11433E-5 2.25178E-5 2.31302E-5 -9999 -9999 -9999 -9999 -9999 -9999 -9999 -9999 -9999 -9999 8.32938E-6 4.25478E-6 4.87699E-6 7.4346E-6 -9999 7.40258E-6 7.88648E-6 6.06235E-6 7.84182E-6 8.28672E-6 1.20583E-5 8.32661E-6 8.23169E-6 7.33215E-6 -9999 -9999 9.23816E-6 9.67332E-6 1.04274E-5 1.0993E-5 1.24078E-5 2.91653E-5 3.84481E-5 4.96845E-5 2.5475E-5 2.09646E-5 5.69861E-5 5.79879E-5 2.70426E-5 3.8678E-5 2.80447E-5 7.46716E-5 7.52703E-5 7.16221E-5
-9999 -9999 -9999 -9999 -9999 -9999 -9999 -9999 -9999 -9999 -9999 -9999 -9999 2.38351E-5 2.6063E-5 2.62645E-5 -9999 2.10721E-5 -9999 2.2085E-5 -9999 2.41546E-5 2.0542E-5 1.75446E-5 -9999 -9999 1.37461E-5 1.13601E-5 -9999 9.84953E-6 8.9603E-6 8.58611E-6 7.62825E-6 4.10831E-6 4.19642E-6 6.35725E-6 -9999 7.61669E-6 6.99653E-6 4.99545E-6 7.04676E-6 -9999 1.13117E-5 8.04033E-6 7.63848E-6 8.31205E-6 8.15662E-6 6.28343E-6 1.18339E-5 1.1054E-5 1.27667E-5 1.21049E-5 1.54388E-5 4.2778E-5 3.88461E-5 4.43772E-5 2.0447E-5 1.66188E-5 1.90261E-5 6.20822E-5 2.14471E-5 2.4455E-5 2.26673E-5 4.55195E-5 6.60853E-5 3.56315E-5
-9999 -9999 -9999 -9999 -9999 -9999 -9999 -9999 -9999 -9999 -9999 -9999 -9999 -9999 -9999 -9999 2.00358E-5 2.09903E-5 -9999 -9999 2.11912E-5 1.59232E-5 1.19727E-5 1.07254E-5 1.06136E-5 1.35269E-5 1.12104E-5 9.6857E-6 8.42377E-6 7.17319E-6 6.26165E-6 6.00956E-6 6.05295E-6 5.28566E-6 5.46361E-6 8.44322E-6 -9999 -9999 -9999 8.46108E-6 9.07794E-6 9.11423E-6 9.83756E-6 1.09588E-5 1.0381E-5 8.90318E-6 8.48107E-6 7.18288E-6 1.37713E-5 1.10059E-5 1.35134E-5 1.35529E-5 3.06289E-5 3.51374E-5 1.98161E-5 1.29566E-5 8.15881E-6 1.42099E-5 2.1055E-5 2.22935E-5 3.89642E-5 2.34517E-5 2.06843E-5 2.22999E-5 4.70582E-5 7.91212E-5
-9999 -9999 -9999 -9999 -9999 -9999 -9999 -9999 -9999 -9999 -9999 -9999 -9999 -9999 -9999 -9999 -9999 2.07948E-5 -9999 2.17118E-5 1.51558E-5 1.17543E-5 1.08022E-5 1.11137E-5 1.01955E-5 8.7952E-6 1.10433E-5 9.87952E-6 8.46107E-6 7.06957E-6 6.14205E-6 5.97304E-6 6.14973E-6 6.23187E-6 6.06961E-6 -9999 -9999 -9999 -9999 -9999 -9999 1.31245E-5 1.06376E-5 8.68664E-6 8.16207E-6 7.61925E-6 8.71496E-6 1.09581E-5 1.33899E-5 5.87382E-6 1.02283E-5 1.34998E-5 1.93607E-5 1.57122E-5 1.33821E-5 1.1501E-5 1.70027E-5 8.71018E-6 1.86986E-5 2.14424E-5 2.118E-5 3.99736E-5 2.86741E-5 2.43632E-5 8.22494E-5 8.37308E-5
-9999 -9999 -9999 -9999 -9999 -9999 -9999 -9999 -9999 -9999 -9999 -9999 -9999 -9999 -9999 -9999 -9999 -9999 -9999 2.01905E-5 1.41716E-5 1.18787E-5 1.10498E-5 1.1276E-5 1.78056E-5 1.65626E-5 1.46547E-5 1.55203E-5 1.20151E-5 7.94385E-6 6.74208E-6 6.56521E-6 6.66861E-6 6.59538E-6 6.22208E-6 6.72636E-6 8.11902E-6 -9999 -9999 1.09683E-5 9.30217E-6 9.11962E-6 9.01115E-6 8.91547E-6 8.41353E-6 7.79087E-6 7.73449E-6 1.0097E-5 6.64918E-6 -9999 -9999 1.00116E-5 1.47979E-5 1.67993E-5 1.45111E-5 1.26464E-5 1.16843E-5 1.37705E-5 1.5457E-5 1.77943E-5 2.18072E-5 2.11737E-5 3.04685E-5 7.01287E-5 8.9469E-5 8.58088E-5
-9999 -9999 -9999 -9999 -9999 -9999 -9999 -9999 -9999 -9999 -9999 -9999 -9999 -9999 -9999 -9999 -9999 -9999 -9999 2.40778E-5 1.5238E-5 1.38678E-5 1.27598E-5 1.2169E-5 2.15684E-5 2.05118E-5 1.68581E-5 1.36008E-5 1.14727E-5 9.81492E-6 1.00858E-5 1.01908E-5 7.58425E-6 7.50504E-6 7.22639E-6 7.06557E-6 7.44632E-6 1.0336E-5 7.99548E-6 1.08756E-5 9.08921E-6 1.01864E-5 1.03185E-5 9.89282E-6 9.13262E-6 8.60945E-6 1.01912E-5 1.15542E-5 8.84199E-6 6.33992E-6 6.10044E-6 -9999 1.01971E-5 1.71914E-5 1.50826E-5 1.38623E-5 1.31285E-5 4.06638E-6 8.79351E-6 1.47315E-5 2.1512E-5 6.45501E-5 6.93433E-5 7.30511E-5 9.46237E-5 9.29823E-5
-9999 -9999 -9999 -9999 -9999 -9999 -9999 -9999 -9999 -9999 -9999 -9999 -9999 -9999 -9999 -9999 -9999 -9999 -9999 -9999 2.82811E-5 2.26343E-5 2.04044E-5 1.68273E-5 1.60798E-5 2.08675E-5 1.95358E-5 1.65975E-5 1.36732E-5 1.16414E-5 9.65979E-6 6.01156E-6 5.5054E-6 5.50274E-6 5.6193E-6 5.68108E-6 9.44111E-6 1.34639E-5 1.19667E-5 1.14652E-5 9.08362E-6 9.87393E-6 1.07157E-5 1.06272E-5 1.0022E-5 1.2139E-5 1.10273E-5 -9999 6.70776E-6 -9999 6.34203E-6 -9999 -9999 8.80088E-6 1.43409E-5 1.27024E-5 4.38959E-6 4.67736E-6 7.29493E-6 1.08948E-5 3.16472E-5 6.8267E-5 7.67045E-5 8.3028E-5 9.27096E-5 9.60757E-5
-9999 -9999 -9999 -9999 -9999 -9999 -9999 -9999 -9999 -9999 -9999 -9999 -9999 -9999 -9999 -9999 -9999 -9999 -9999 -9999 -9999 3.10914E-5 2.62201E-5 1.82812E-5 1.57764E-5 1.45107E-5 1.62171E-5 1.94475E-5 1.76599E-5 1.0299E-5 7.18386E-6 6.69612E-6 6.59013E-6 7.0762E-6 6.97425E-6 6.95736E-6 9.94806E-6 1.09658E-5 9.5291E-6 1.06039E-5 1.25008E-5 1.14725E-5 1.13976E-5 1.29576E-5 1.79712E-5 1.6967E-5 -9999 8.08066E-6 7.23501E-6 -9999 -9999 -9999 -9999 1.75122E-6 5.32903E-6 4.93209E-6 4.75898E-6 8.20799E-6 7.84575E-6 1.1878E-5 1.78542E-5 7.71598E-5 8.14309E-5 8.94641E-5 9.82471E-5 9.96416E-5
-9999 -9999 -9999 -9999 -9999 -9999 -9999 -9999 -9999 -9999 -9999 -9999 -9999 -9999 -9999 -9999 -9999 -9999 -9999 -9999 2.91413E-5 3.32788E-5 2.70528E-5 1.95981E-5 1.69299E-5 1.58593E-5 1.4678E-5 2.00533E-5 2.09948E-5 1.17039E-5 9.24368E-6 8.64196E-6 8.59127E-6 8.3832E-6 8.20647E-6 9.62304E-6 1.12806E-5 1.21776E-5 1.80564E-5 2.69869E-5 3.21278E-5 3.11045E-5 2.87179E-5 3.251E-5 2.42312E-5 1.93026E-5 1.25468E-5 9.92905E-6 3.02374E-6 7.69673E-6 6.54267E-6 -9999 -9999 -9999 3.80716E-6 5.50166E-6 5.71233E-6 7.50501E-6 1.02225E-5 1.38614E-5 2.68286E-5 3.09736E-5 5.88506E-5 1.05908E-4 6.88119E-5 1.04583E-4
-9999 -9999 -9999 -9999 -9999 -9999 -9999 -9999 -9999 -9999 -9999 -9999 -9999 -9999 -9999 -9999 -9999 -9999 -9999 -9999 -9999 -9999 3.35786E-5 2.49793E-5 1.89495E-5 1.73961E-5 1.92114E-5 2.64633E-5 2.36217E-5 1.82375E-5 1.12225E-5 1.09293E-5 1.15584E-5 1.13761E-5 1.15453E-5 1.39187E-5 1.29148E-5 1.79989E-5 3.5902E-5 3.2587E-5 3.47925E-5 3.70136E-5 3.72347E-5 3.04043E-5 6.03066E-6 5.21261E-6 5.21885E-6 5.26733E-6 7.13656E-6 5.38016E-6 5.61368E-6 5.51469E-6 6.4595E-6 3.56558E-6 3.22612E-6 4.22017E-6 5.86347E-6 1.46325E-5 1.65257E-5 1.66899E-5 3.18503E-5 3.22224E-5 3.28409E-5 3.67334E-5 6.91243E-5 1.03951E-4
-9999 -9999 -9999 -9999 -9999 -9999 -9999 -9999 -9999 -9999 -9999 -9999 -9999 -9999 -9999 -9999 -9999 -9999 -9999 -9999 -9999 -9999 -9999 3.09103E-5 2.5814E-5 2.34584E-5 3.73608E-5 3.81715E-5 3.44997E-5 3.21423E-5 2.56635E-5 1.44218E-5 1.18698E-5 1.32624E-5 1.58845E-5 1.52347E-5 1.68248E-5 3.194E-5 3.52358E-5 3.46619E-5 3.56139E-5 4.33655E-5 1.4573E-5 8.93241E-6 7.98273E-6 1.38423E-5 4.61667E-6 6.11823E-6 6.60968E-6 5.42998E-6 5.18317E-6 7.00706E-6 6.64717E-6 6.64291E-6 4.05814E-6 4.32163E-6 5.27972E-6 8.2209E-6 1.11482E-5 1.9124E-5 4.91377E-5 3.17633E-5 3.34618E-5 4.35439E-5 9.55697E-5 9.20255E-5
-9999 -9999 -9999 -9999 -9999 -9999 -9999 -9999 -9999 -9999 -9999 -9999 -9999 -9999 -9999 -9999 -9999 -9999 -9999 -9999 -9999 -9999 -9999 -9999 -9999 6.68644E-5 5.18822E-5 4.4966E-5 4.05189E-5 3.4506E-5 3.21686E-5 2.877E-5 2.80695E-5 2.69466E-5 2.31652E-5 2.11607E-5 3.41803E-5 -9999 3.59028E-5 3.43861E-5 4.2992E-5 4.74107E-5 1.13686E-5 6.81177E-6 4.39549E-5 4.12893E-5 3.5235E-5 1.41219E-5 1.15783E-5 5.18678E-6 4.58294E-6 7.08532E-6 6.43807E-6 8.2527E-6 5.8073E-6 3.3968E-6 3.80483E-6 5.01536E-6 1.6008E-5 2.49427E-5 3.18217E-5 3.3712E-5 3.43805E-5 1.04161E-4 1.34942E-4 1.22625E-4
-9999 -9999 -9999 -9999 -9999 -9999 -9999 -9999 -9999 -9999 -9999 -9999 -9999 -9999 -9999 -9999 -9999 -9999 -9999 -9999 -9999 -9999 -9999 -9999 -9999 -9999 -9999 6.20642E-5 5.52671E-5 5.16518E-5 4.7464E-5 4.37379E-5 4.54214E-5 4.30161E-5 -9999 -9999 -9999 -9999 -9999 -9999 6.52829E-5 3.01067E-5 1.40448E-5 4.96699E-5 4.57624E-5 3.89292E-5 3.40378E-5 9.20434E-6 6.21793E-6 5.07336E-6 9.4697E-6 6.74728E-6 6.08506E-6 5.83288E-6 3.76022E-6 2.72333E-6 3.392E-6 4.81981E-6 1.70267E-5 2.68825E-5 3.63322E-5 4.04776E-5 9.41769E-5 9.77374E-5 1.22819E-4 6.81002E-5
-9999 -9999 -9999 -9999 -9999 -9999 -9999 -9999 -9999 -9999 -9999 -9999 -9999 -9999 -9999 -9999 -9999 -9999 -9999 -9999 -9999 -9999 -9999 -9999 -9999 -9999 -9999 -9999 -9999 -9999 -9999 5.95171E-5 5.84493E-5 -9999 -9999 -9999 -9999 -9999 -9999 6.69542E-5 2.17737E-5 2.0358E-5 1.09562E-5 4.60522E-5 4.04508E-5 3.84593E-5 3.45524E-5 8.41119E-6 1.0097E-5 7.87029E-6 7.43159E-6 7.04159E-6 8.75335E-6 1.8309E-5 1.93907E-5 3.77045E-6 3.40587E-6 5.70767E-6 1.30795E-5 5.06989E-5 5.88084E-5 5.83734E-5 5.88545E-5 5.92218E-5 9.11574E-5 2.12575E-4
-9999 -9999 -9999 -9999 -9999 -9999 -9999 -9999 -9999 -9999 -9999 -9999 -9999 -9999 -9999 -9999 -9999 -9999 -9999 -9999 -9999 -9999 -9999 -9999 -9999 -9999 -9999 -9999 -9999 -9999 -9999 -9999 -9999 -9999 -9999 -9999 -9999 -9999 -9999 2.07753E-5 1.48764E-5 1.06355E-5 9.40134E-6 3.08444E-5 1.1025E-5 2.95523E-5 1.4792E-5 9.2686E-6 8.71471E-6 1.64784E-5 6.92226E-6 9.2377E-6 1.71783E-5 1.82124E-5 1.96381E-5 2.08216E-5 4.82735E-6 8.31868E-6 1.34479E-5 4.48695E-5 5.88072E-5 1.59022E-4 4.94582E-5 6.31462E-5 1.68938E-4 2.24994E-4
-9999 -9999 -9999 -9999 -9999 -9999 -9999 -9999 -9999 -9999 -9999 -9999 -9999 -9999 -9999 -9999 -9999 -9999 -9999 -9999 -9999 -9999 -9999 -9999 -9999 -9999 -9999 -9999 -9999 -9999 -9999 -9999 -9999 -9999 -9999 -9999 -9999 -9999 3.9425E-5 1.81254E-5 1.22294E-5 9.46234E-6 9.60249E-6 1.04623E-5 9.52714E-6 1.06727E-5 9.88787E-6 8.69898E-6 8.24266E-6 8.8953E-6 6.98438E-6 5.3025E-6 5.23034E-6 1.84309E-5 1.97492E-5 1.55798E-5 5.87321E-6 8.18495E-6 1.11854E-5 3.93979E-5 6.20558E-5 1.50789E-4 6.06755E-5 8.17419E-5 9.54348E-5 1.27024E-4
-9999 -9999 -9999 -9999 -9999 -9999 -9999 -9999 -9999 -9999 -9999 -9999 -9999 -9999 -9999 -9999 -9999 -9999 -9999 -9999 -9999 -9999 -9999 -9999 -9999 -9999 -9999 -9999 -9999 -9999 -9999 -9999 -9999 -9999 -9999 2.0647E-4 1.41669E-4 1.25479E-4 9.55256E-5 7.36656E-5 1.05293E-5 9.46311E-6 9.90895E-6 1.01397E-5 9.49831E-6 1.11608E-5 9.61816E-6 8.67962E-6 7.87057E-6 7.85197E-6 7.32812E-6 4.67417E-6 5.8138E-6 5.50029E-5 2.73524E-5 5.24881E-6 6.00067E-6 8.23887E-6 8.60384E-6 4.14448E-5 5.0547E-5 1.70943E-4 6.27099E-5 9.96618E-5 1.77255E-4 1.02792E-4
-9999 -9999 -9999 -9999 -9999 -9999 -9999 -9999 -9999 -9999 -9999 -9999 -9999 -9999 -9999 -9999 -9999 -9999 -9999 -9999 -9999 -9999 -9999 -9999 -9999 3.2925E-4 -9999 -9999 -9999 -9999 2.22438E-4 -9999 6.60943E-5 2.37152E-4 1.07823E-4 1.13094E-4 8.55205E-5 8.00623E-5 6.76949E-5 6.23626E-5 1.08892E-5 9.72831E-6 9.32141E-6 8.52112E-6 3.75377E-5 2.8431E-5 2.71272E-5 2.4193E-5 7.75143E-6 7.04693E-6 5.12764E-6 4.72613E-6 9.80245E-6 3.86144E-5 2.55216E-5 2.75903E-5 3.00333E-5 1.14881E-5 7.16821E-6 2.84235E-5 1.41843E-5 2.74134E-5 7.11249E-5 9.5474E-5 1.04829E-4 1.09828E-4
-9999 -9999 -9999 -9999 -9999 -9999 -9999 -9999 -9999 -9999 -9999 -9999 -9999 -9999 -9999 -9999 -9999 -9999 -9999 -9999 -9999 -9999 -9999 -9999 3.14515E-4 2.79489E-4 -9999 -9999 1.41965E-4 2.21932E-4 2.15826E-4 6.95213E-5 5.30922E-5 4.70718E-5 3.94301E-5 8.11546E-5 6.77189E-5 6.68243E-5 1.96661E-5 5.96772E-5 8.35432E-6 8.7448E-6 7.99449E-6 3.08121E-5 3.8524E-5 3.20932E-5 2.5141E-5 2.36218E-5 7.53597E-6 6.9363E-6 6.06398E-6 4.93522E-6 7.05795E-6 1.62561E-5 2.26374E-5 1.61546E-5 6.74033E-6 5.77082E-6 7.49891E-6 9.04099E-6 3.12755E-5 3.45387E-5 2.27247E-4 2.89775E-4 1.287E-4 1.43291E-4
-9999 -9999 -9999 -9999 -9999 -9999 -9999 -9999 -9999 -9999 -9999 -9999 -9999 -9999 -9999 -9999 -9999 -9999 -9999 -9999 -9999 -9999 -9999 -9999 -9999 2.79644E-4 1.09638E-4 7.43465E-5 1.12275E-4 5.59204E-5 5.04925E-5 8.83101E-5 4.57738E-5 4.13269E-5 3.35722E-5 3.04262E-5 9.99146E-6 9.92087E-6 9.84982E-6 8.94872E-6 7.60096E-6 6.96599E-6 5.66116E-6 1.1012E-5 3.08809E-5 2.79085E-5 2.42495E-5 2.28514E-5 2.10136E-5 9.86435E-6 1.24951E-5 2.07788E-5 5.73602E-5 2.0801E-5 1.02903E-5 8.52274E-6 8.48082E-6 8.85787E-6 8.84985E-6 9.8231E-6 3.19702E-5 4.01852E-5 2.83943E-4 -9999 -9999 1.65978E-4
-9999 -9999 -9999 -9999 -9999 -9999 -9999 -9999 -9999 -9999 -9999 -9999 -9999 -9999 -9999 -9999 -9999 -9999 -9999 -9999 -9999 -9999 -9999 -9999 -9999 2.87826E-4 9.09756E-5 6.22809E-5 1.96178E-5 3.36007E-5 3.32789E-5 3.84981E-5 4.61793E-5 7.45402E-5 1.18814E-5 1.03589E-5 1.89878E-5 8.63395E-6 8.76428E-6 8.37782E-6 7.07166E-6 6.34355E-6 5.34719E-6 4.82278E-6 2.81808E-5 2.62934E-5 2.38852E-5 2.24341E-5 1.50294E-5 1.16661E-5 1.25295E-5 1.33143E-5 3.32946E-5 4.15746E-5 6.52732E-5 6.06647E-5 1.33848E-5 1.17256E-5 6.43515E-5 4.6944E-5 4.25308E-5 5.78527E-5 -9999 -9999 -9999 9.37869E-5
-9999 -9999 -9999 -9999 -9999 -9999 -9999 -9999 -9999 -9999 -9999 -9999 -9999 -9999 -9999 -9999 -9999 -9999 -9999 -9999 -9999 -9999 -9999 -9999 -9999 -9999 2.45335E-4 7.41893E-5 3.87849E-5 2.0472E-5 2.26607E-5 3.15936E-5 3.07812E-5 2.83505E-5 9.81421E-6 8.79858E-6 7.95146E-6 7.10586E-6 7.90562E-6 7.32462E-6 6.4196E-6 6.03122E-6 7.49152E-6 8.74074E-6 2.49408E-5 1.18614E-5 2.34921E-5 2.26132E-5 3.85973E-5 1.27301E-5 1.27049E-5 1.32191E-5 1.56171E-5 4.45144E-5 2.51721E-5 2.64602E-5 5.81131E-5 2.15228E-5 6.16063E-5 1.89723E-4 3.65194E-5 7.98116E-5 -9999 -9999 4.13174E-5 4.42373E-5
-9999 -9999 -9999 -9999 -9999 -9999 -9999 -9999 -9999 -9999 -9999 -9999 -9999 -9999 -9999 -9999 -9999 -9999 -9999 -9999 -9999 -9999 -9999 -9999 -9999 -9999 -9999 7.65088E-5 7.68685E-5 8.26809E-5 3.43866E-5 1.39804E-4 8.50499E-5 4.60532E-5 1.77183E-5 7.88039E-6 7.50341E-6 8.0829E-6 1.88055E-5 7.77699E-6 6.68188E-6 7.65355E-6 2.85248E-5 2.70863E-5 2.46906E-5 4.06189E-5 8.67099E-6 9.30068E-6 1.04456E-5 6.88181E-6 7.79463E-6 1.04168E-5 1.98955E-5 2.79864E-5 6.34258E-5 5.37155E-5 6.40646E-5 3.43632E-5 8.64707E-5 2.02378E-4 3.28652E-4 -9999 -9999 -9999 5.73559E-5 5.09149E-5
-9999 -9999 -9999 -9999 -9999 -9999 -9999 -9999 -9999 -9999 -9999 -9999 -9999 -9999 -9999 -9999 -9999 -9999 -9999 -9999 -9999 -9999 -9999 -9999 -9999 -9999 -9999 -9999 1.25712E-4 4.43349E-4 3.85207E-4 2.56745E-4 6.01954E-5 2.58548E-5 1.04243E-5 8.9583E-6 8.37912E-6 3.68819E-5 5.16568E-5 1.8906E-5 6.71182E-6 7.16196E-6 3.14468E-5 3.83073E-5 2.58162E-5 2.32253E-5 1.08695E-5 1.0176E-5 5.76096E-6 4.76545E-6 5.06623E-6 5.76312E-6 1.83646E-5 2.00718E-5 2.25847E-5 4.44171E-5 1.61642E-5 4.72838E-5 1.76257E-4 1.92874E-4 3.87396E-4 -9999 -9999 -9999 2.35849E-4 3.28186E-5
-9999 -9999 -9999 -9999 -9999 -9999 -9999 -9999 -9999 -9999 -9999 -9999 -9999 -9999 -9999 -9999 -9999 -9999 -9999 -9999 -9999 -9999 -9999 -9999 -9999 -9999 -9999 -9999 -9999 4.81026E-4 2.1975E-4 4.10862E-4 6.07476E-5 5.14851E-5 1.38801E-5 1.79859E-5 3.34312E-5 6.1364E-5 5.13086E-5 4.74969E-5 3.76888E-5 4.03947E-5 3.24368E-5 3.06261E-5 3.27045E-5 2.60894E-5 4.06147E-5 5.37203E-5 5.60642E-6 4.94856E-6 4.90482E-6 4.98441E-6 1.78787E-5 5.64694E-5 1.91427E-5 5.83568E-5 2.52787E-5 4.43042E-5 5.39846E-5 6.10267E-5 1.06279E-4 -9999 -9999 -9999 -9999 1.72904E-5
-9999 -9999 -9999 -9999 -9999 -9999 -9999 -9999 -9999 -9999 -9999 -9999 -9999 -9999 -9999 -9999 -9999 -9999 -9999 -9999 -9999 -9999 -9999 -9999 -9999 -9999 -9999 -9999 -9999 -9999 -9999 3.07493E-4 8.15802E-5 8.36221E-5 5.11675E-5 2.57357E-5 1.83484E-5 6.16235E-5 6.35288E-5 6.50665E-5 1.44234E-4 4.60268E-5 3.75218E-5 3.17279E-5 2.651E-5 7.10586E-6 7.39957E-6 2.13068E-5 6.23883E-6 2.05281E-5 1.27412E-5 2.10884E-5 2.13056E-5 1.98626E-5 2.36552E-5 2.68773E-5 3.10259E-5 3.7375E-5 4.06422E-5 4.48608E-5 5.9535E-5 -9999 -9999 -9999 3.34121E-5 1.58669E-5
-9999 -9999 -9999 -9999 -9999 -9999 -9999 -9999 -9999 -9999 -9999 -9999 -9999 -9999 -9999 -9999 -9999 -9999 -9999 -9999 -9999 -9999 -9999 -9999 -9999 -9999 -9999 -9999 -9999 -9999 -9999 -9999 -9999 1.46422E-4 8.16091E-5 3.67433E-5 4.83424E-5 7.00702E-5 6.39201E-5 6.22283E-5 6.12026E-5 6.50843E-5 4.6448E-5 1.83123E-5 7.63498E-6 7.07005E-6 7.21846E-6 6.90461E-6 2.19863E-5 2.20641E-5 2.56354E-5 2.00874E-5 1.99063E-5 2.10374E-5 2.34406E-5 3.26848E-5 3.5446E-5 3.61908E-5 4.12931E-5 4.60053E-5 4.90955E-5 8.19391E-5 -9999 -9999 -9999 1.19866E-4
