catData/rasterBestHybridModels/Pviverrinus/RD_BM01_RM1_H/Pviverrinus_max.asc
ncols         409
nrows         350
xllcorner     60.897278365
yllcorner     5.843756025
cellsize      0.0892857
NODATA_value  -9999
[rows 87 to 115 of 350, columns 0 to 65 of 409]
-9999 -9999 -9999 -9999 -9999 -9999 2.79303E-6 1.18823E-6 9.81075E-7 1.07663E-6 1.28823E-6 1.47996E-6 1.74071E-6 1.78757E-6 1.64445E-6 1.56847E-6 1.65302E-6 1.66312E-6 2.48673E-6 2.78047E-6 2.78089E-6 2.77357E-6 2.54059E-6 1.60158E-6 1.49891E-6 1.49371E-6 1.62188E-6 2.78428E-6 2.82411E-6 1.90595E-6 1.53998E-6 2.85458E-6 2.852E-6 2.85308E-6 2.86025E-6 2.78557E-6 1.9059E-6 1.08943E-6 8.52729E-7 7.34834E-7 6.41202E-7 5.95382E-7 6.02714E-7 5.60563E-7 5.58944E-7 5.49104E-7 5.39427E-7 5.27875E-7 5.17012E-7 5.15212E-7 5.18399E-7 5.3359E-7 5.30861E-7 5.11869E-7 4.99138E-7 5.14565E-7 7.05494E-7 1.77541E-6 3.0116E-6 3.5873E-6 3.69083E-6 3.65998E-6 3.63992E-6 3.62034E-6 3.60936E-6 3.42905E-6
-9999 -9999 -9999 -9999 -9999 -9999 2.79699E-6 1.55831E-6 1.43863E-6 1.46221E-6 1.63903E-6 2.01137E-6 2.4988E-6 2.68403E-6 2.36158E-6 2.24987E-6 2.40129E-6 2.91944E-6 2.78555E-6 2.80358E-6 2.81653E-6 2.80919E-6 2.803E-6 1.4229E-6 1.32357E-6 1.31625E-6 1.29924E-6 1.24408E-6 1.14477E-6 9.1485E-7 9.04214E-7 9.95426E-7 1.03249E-6 1.11107E-6 1.02629E-6 9.6015E-7 9.38401E-7 8.44258E-7 7.61989E-7 6.81157E-7 6.16742E-7 5.82371E-7 8.16012E-7 5.58154E-7 5.58156E-7 5.47165E-7 5.36115E-7 5.35408E-7 5.28626E-7 5.29409E-7 5.2509E-7 5.07192E-7 4.9051E-7 6.27483E-7 5.84097E-7 6.35136E-7 1.19699E-6 3.00079E-6 3.04914E-6 3.67988E-6 3.67694E-6 3.64479E-6 3.36885E-6 3.61063E-6 3.59694E-6 3.26248E-6
-9999 -9999 -9999 -9999 -9999 -9999 -9999 1.00421E-6 1.23791E-6 1.4317E-6 1.59499E-6 1.76379E-6 2.0481E-6 2.15108E-6 2.12725E-6 2.38521E-6 2.77305E-6 2.91285E-6 2.93992E-6 2.85369E-6 2.82997E-6 2.83891E-6 1.17671E-6 8.12153E-7 1.05972E-6 1.26955E-6 1.21854E-6 1.05504E-6 9.08275E-7 8.02415E-7 7.07458E-7 6.88926E-7 7.36491E-7 7.12926E-7 6.67636E-7 6.65003E-7 6.75166E-7 6.71344E-7 6.54974E-7 6.22892E-7 5.88371E-7 5.59503E-7 5.43755E-7 5.51831E-7 5.58027E-7 5.5789E-7 5.44381E-7 5.32464E-7 5.20327E-7 5.08528E-7 5.03973E-7 5.48568E-7 5.44805E-7 6.84819E-7 8.42238E-7 9.20383E-7 1.84198E-6 2.94535E-6 3.00633E-6 3.65062E-6 3.43522E-6 3.62451E-6 3.60244E-6 3.58873E-6 3.59156E-6 3.57993E-6
-9999 -9999 -9999 -9999 -9999 -9999 -9999 4.54314E-7 6.52824E-7 8.53241E-7 1.07572E-6 1.22367E-6 1.25041E-6 1.30838E-6 1.49432E-6 1.59918E-6 1.46481E-6 1.42001E-6 1.29896E-6 1.21562E-6 9.10557E-7 5.95667E-7 4.05161E-7 3.87212E-7 6.63343E-7 1.05328E-6 1.11401E-6 1.07333E-6 9.9739E-7 8.00871E-7 6.73216E-7 6.01357E-7 6.03179E-7 5.88889E-7 5.83506E-7 5.92455E-7 5.98899E-7 6.03449E-7 6.14585E-7 5.9474E-7 5.86493E-7 5.52314E-7 5.23436E-7 5.33626E-7 5.342E-7 5.24392E-7 5.24899E-7 5.23237E-7 5.24504E-7 5.52369E-7 6.04978E-7 6.26709E-7 6.27101E-7 6.30486E-7 6.48488E-7 8.16392E-7 1.95989E-6 2.94306E-6 2.94517E-6 3.51451E-6 3.42566E-6 3.6169E-6 3.59594E-6 4.0938E-6 3.59676E-6 3.38888E-6
-9999 -9999 -9999 -9999 -9999 -9999 -9999 3.9082E-7 4.7211E-7 6.46073E-7 7.44763E-7 8.57882E-7 8.62021E-7 8.89175E-7 1.10566E-6 1.19479E-6 1.08943E-6 1.02809E-6 9.25654E-7 7.58069E-7 5.56941E-7 3.58733E-7 2.8343E-7 2.90688E-7 4.66073E-7 7.77996E-7 8.76732E-7 9.11573E-7 8.99467E-7 7.29721E-7 5.63644E-7 4.98019E-7 5.11707E-7 5.22344E-7 5.43528E-7 5.55802E-7 5.61652E-7 5.55768E-7 5.56421E-7 5.45457E-7 5.51038E-7 5.32622E-7 5.1306E-7 5.19958E-7 5.94629E-7 5.98129E-7 6.49527E-7 8.69726E-7 7.97483E-7 7.59809E-7 7.42796E-7 5.98376E-7 5.30651E-7 5.34139E-7 5.89278E-7 8.66962E-7 2.93225E-6 2.94272E-6 3.07076E-6 3.65764E-6 3.63012E-6 3.59705E-6 3.60241E-6 3.59838E-6 3.59772E-6 4.33449E-6
-9999 -9999 -9999 -9999 -9999 -9999 -9999 -9999 4.033E-7 5.48073E-7 5.81196E-7 6.70664E-7 7.23176E-7 7.54744E-7 8.87231E-7 9.58071E-7 9.1747E-7 7.81302E-7 7.46857E-7 5.73887E-7 4.113E-7 2.99439E-7 2.59824E-7 2.64683E-7 3.52384E-7 5.33574E-7 6.68418E-7 7.0452E-7 7.14571E-7 6.29843E-7 5.04242E-7 4.57625E-7 4.54362E-7 4.57597E-7 4.71937E-7 4.77192E-7 4.93514E-7 5.09371E-7 5.27612E-7 5.5454E-7 5.59116E-7 5.504E-7 5.46218E-7 5.86727E-7 7.31903E-7 1.03035E-6 1.51049E-6 2.91469E-6 2.89755E-6 8.35109E-7 5.80494E-7 5.12946E-7 4.95843E-7 5.06675E-7 5.85044E-7 1.01601E-6 2.92522E-6 2.95584E-6 3.38678E-6 3.64453E-6 3.61925E-6 3.58904E-6 3.58191E-6 3.59687E-6 3.56813E-6 3.49227E-6
-9999 -9999 -9999 -9999 -9999 -9999 -9999 -9999 -9999 4.95277E-7 4.87596E-7 5.47472E-7 5.95609E-7 6.7449E-7 7.9799E-7 9.26774E-7 9.03487E-7 7.39537E-7 6.06558E-7 5.02315E-7 3.91135E-7 3.22612E-7 2.95528E-7 2.82864E-7 2.99659E-7 3.72352E-7 4.83976E-7 5.32158E-7 5.52074E-7 5.43291E-7 4.79272E-7 4.41242E-7 4.13948E-7 4.14016E-7 4.04449E-7 4.02721E-7 4.61868E-7 5.40074E-7 5.88618E-7 6.21006E-7 6.23499E-7 6.63161E-7 6.88097E-7 8.13706E-7 1.21731E-6 2.87317E-6 1.6002E-6 1.95471E-6 1.33464E-6 5.72204E-7 4.53096E-7 4.44845E-7 4.35693E-7 4.55115E-7 5.6E-7 1.16384E-6 2.90908E-6 3.11545E-6 3.64348E-6 3.62983E-6 3.5971E-6 3.58288E-6 3.59401E-6 3.57553E-6 3.21586E-6 3.18532E-6
-9999 -9999 -9999 -9999 -9999 -9999 -9999 -9999 -9999 -9999 4.00009E-7 4.57014E-7 4.99579E-7 5.40567E-7 6.35659E-7 7.92988E-7 8.46654E-7 7.28312E-7 4.99156E-7 4.92512E-7 4.28972E-7 3.57182E-7 3.12577E-7 2.89608E-7 2.8323E-7 3.16432E-7 3.8525E-7 4.23696E-7 4.43419E-7 4.5862E-7 4.30517E-7 4.02751E-7 3.82914E-7 3.80365E-7 4.11345E-7 4.48108E-7 5.5119E-7 6.8235E-7 8.02483E-7 8.3106E-7 7.76169E-7 7.89662E-7 8.06377E-7 8.16428E-7 1.07159E-6 1.23408E-6 8.09155E-7 5.56989E-7 4.60783E-7 4.15236E-7 4.0496E-7 3.9671E-7 3.88804E-7 4.17884E-7 5.4923E-7 1.16945E-6 2.88649E-6 2.92142E-6 3.27075E-6 3.60753E-6 3.57785E-6 3.59227E-6 3.58312E-6 3.51718E-6 3.19173E-6 3.16285E-6
-9999 -9999 -9999 -9999 -9999 -9999 -9999 -9999 -9999 -9999 -9999 -9999 4.49818E-7 4.54084E-7 4.97805E-7 5.77036E-7 6.44947E-7 6.45337E-7 5.12046E-7 5.04321E-7 4.71989E-7 3.98278E-7 3.32321E-7 2.98467E-7 2.84733E-7 2.95929E-7 3.31016E-7 3.66058E-7 3.91457E-7 4.13968E-7 4.04895E-7 3.91899E-7 3.79055E-7 4.00991E-7 4.95304E-7 5.92597E-7 7.59722E-7 1.02894E-6 1.2272E-6 9.72539E-7 7.2886E-7 7.24475E-7 7.2259E-7 6.76736E-7 7.58952E-7 6.501E-7 4.94929E-7 4.24661E-7 3.91424E-7 3.81768E-7 3.77579E-7 3.74654E-7 3.69046E-7 4.09265E-7 6.42301E-7 2.69124E-6 2.89308E-6 2.906E-6 3.5652E-6 3.57767E-6 3.3026E-6 3.59197E-6 3.56887E-6 3.51292E-6 3.19401E-6 3.14226E-6
-9999 -9999 -9999 -9999 -9999 -9999 -9999 -9999 -9999 -9999 -9999 -9999 -9999 -9999 -9999 -9999 5.53966E-7 5.66397E-7 5.53189E-7 5.14411E-7 4.73749E-7 4.37801E-7 4.21725E-7 3.83502E-7 3.28925E-7 2.9437E-7 2.91367E-7 3.03695E-7 3.30085E-7 3.52879E-7 3.63666E-7 4.1045E-7 4.32566E-7 4.47818E-7 5.63728E-7 6.98363E-7 7.4392E-7 7.09702E-7 6.85009E-7 6.18674E-7 5.447E-7 5.3526E-7 5.41961E-7 5.00188E-7 4.64165E-7 4.32499E-7 3.96557E-7 3.78488E-7 3.75334E-7 3.66537E-7 3.71646E-7 3.75197E-7 3.73349E-7 4.16463E-7 7.12693E-7 2.85734E-6 2.89111E-6 3.28193E-6 3.56236E-6 3.54903E-6 3.55961E-6 3.5647E-6 3.53421E-6 3.40788E-6 3.11657E-6 3.10143E-6
-9999 -9999 -9999 -9999 -9999 -9999 -9999 -9999 -9999 -9999 -9999 -9999 -9999 -9999 -9999 -9999 -9999 -9999 5.71559E-7 5.22987E-7 4.68236E-7 4.61006E-7 -9999 -9999 4.14205E-7 3.39279E-7 2.84914E-7 2.74743E-7 2.94482E-7 3.21024E-7 3.37297E-7 4.01605E-7 4.22212E-7 3.94541E-7 4.4085E-7 4.74865E-7 4.56312E-7 4.53829E-7 4.53475E-7 4.52276E-7 4.5087E-7 4.32576E-7 4.26439E-7 3.98186E-7 3.95669E-7 3.86082E-7 3.77485E-7 3.67585E-7 3.69011E-7 3.69295E-7 3.62171E-7 3.51047E-7 3.62693E-7 4.41963E-7 8.97792E-7 2.8453E-6 3.09912E-6 3.54554E-6 3.51674E-6 3.23421E-6 3.51966E-6 3.51409E-6 3.48452E-6 3.34182E-6 3.11134E-6 3.10213E-6
-9999 -9999 -9999 -9999 -9999 -9999 -9999 -9999 -9999 -9999 -9999 -9999 -9999 -9999 -9999 -9999 -9999 -9999 -9999 4.65138E-7 3.91028E-7 4.42528E-7 -9999 -9999 -9999 -9999 3.51492E-7 2.82506E-7 2.74343E-7 3.08911E-7 3.68455E-7 4.34968E-7 4.28307E-7 4.27113E-7 4.20218E-7 4.31663E-7 4.36614E-7 4.44935E-7 4.48229E-7 4.39557E-7 4.31862E-7 4.22588E-7 4.19376E-7 4.07717E-7 3.96856E-7 3.86331E-7 3.81091E-7 3.71805E-7 3.60778E-7 3.54663E-7 3.46276E-7 3.45359E-7 4.22045E-7 6.16002E-7 1.26916E-6 2.83626E-6 3.51992E-6 3.496E-6 4.14967E-6 3.52636E-6 3.50829E-6 3.47502E-6 3.4516E-6 3.2788E-6 3.13413E-6 3.14171E-6
-9999 -9999 -9999 -9999 -9999 -9999 -9999 -9999 -9999 -9999 -9999 -9999 -9999 -9999 -9999 -9999 -9999 -9999 -9999 -9999 -9999 4.60527E-7 -9999 -9999 -9999 5.4888E-7 -9999 2.9524E-7 2.62033E-7 2.74801E-7 2.94335E-7 3.63319E-7 4.05249E-7 4.22374E-7 4.28567E-7 4.4691E-7 4.41888E-7 4.04287E-7 3.74575E-7 3.8647E-7 4.00481E-7 4.04066E-7 4.11618E-7 4.06201E-7 4.07647E-7 4.05484E-7 3.76424E-7 3.62814E-7 3.55664E-7 3.5395E-7 3.53351E-7 3.87661E-7 5.87297E-7 8.19055E-7 9.57305E-7 2.82099E-6 3.33578E-6 3.48099E-6 3.48083E-6 3.48167E-6 3.48102E-6 3.46464E-6 3.44958E-6 3.14437E-6 3.11899E-6 3.13797E-6
-9999 -9999 -9999 -9999 -9999 -9999 -9999 -9999 -9999 -9999 -9999 -9999 -9999 -9999 -9999 -9999 -9999 -9999 -9999 -9999 -9999 -9999 -9999 -9999 7.70512E-7 7.83581E-7 5.53317E-7 3.58758E-7 2.95099E-7 2.93717E-7 2.93701E-7 3.11395E-7 3.4035E-7 3.57688E-7 3.86361E-7 4.21899E-7 4.11108E-7 3.82766E-7 3.71277E-7 3.89429E-7 4.0287E-7 4.07931E-7 4.26804E-7 4.29325E-7 4.00459E-7 3.72442E-7 3.55646E-7 3.50654E-7 3.4173E-7 3.55401E-7 3.75059E-7 5.03536E-7 9.32563E-7 2.64672E-6 2.5217E-6 2.78891E-6 3.2428E-6 3.46876E-6 3.45479E-6 3.45625E-6 3.43877E-6 3.43349E-6 3.32136E-6 3.12022E-6 3.12655E-6 2.81268E-6
-9999 -9999 -9999 -9999 -9999 -9999 -9999 -9999 -9999 -9999 -9999 -9999 -9999 -9999 -9999 -9999 -9999 -9999 -9999 -9999 -9999 5.14294E-7 5.7719E-7 6.47233E-7 7.227E-7 7.14398E-7 6.43409E-7 4.85073E-7 3.48215E-7 3.22282E-7 3.27106E-7 3.25976E-7 3.38429E-7 3.33617E-7 3.43118E-7 3.59414E-7 3.72859E-7 3.88401E-7 3.99165E-7 4.09339E-7 4.11875E-7 4.18821E-7 4.082E-7 4.02086E-7 3.83679E-7 3.64268E-7 3.66534E-7 3.54689E-7 3.55455E-7 3.83338E-7 4.51123E-7 6.31729E-7 2.04878E-6 2.77607E-6 2.39777E-6 2.78609E-6 2.9311E-6 3.2009E-6 3.43783E-6 3.45353E-6 3.42753E-6 3.37978E-6 3.12542E-6 3.95985E-6 3.16943E-6 3.16867E-6
-9999 -9999 -9999 -9999 -9999 -9999 -9999 -9999 -9999 -9999 -9999 -9999 -9999 -9999 -9999 -9999 -9999 -9999 -9999 -9999 -9999 6.0103E-7 5.91462E-7 6.05389E-7 6.4553E-7 6.04732E-7 5.44763E-7 5.15634E-7 4.14068E-7 3.79808E-7 3.70095E-7 3.58372E-7 3.58078E-7 3.52392E-7 3.56232E-7 3.60662E-7 3.66284E-7 3.70711E-7 3.89079E-7 4.08409E-7 4.08524E-7 4.01293E-7 3.90079E-7 3.82134E-7 3.71343E-7 3.6261E-7 3.77374E-7 3.75626E-7 3.94001E-7 4.84113E-7 6.91061E-7 1.46613E-6 2.77876E-6 2.77261E-6 2.74826E-6 2.75576E-6 2.79165E-6 3.1341E-6 3.16294E-6 3.14034E-6 3.13551E-6 3.13094E-6 3.14115E-6 3.71246E-6 3.18982E-6 3.21126E-6
-9999 -9999 -9999 -9999 -9999 -9999 -9999 -9999 -9999 -9999 -9999 -9999 -9999 -9999 -9999 -9999 -9999 -9999 -9999 -9999 -9999 6.52016E-7 6.26647E-7 6.08782E-7 6.01005E-7 5.99234E-7 5.69548E-7 5.44723E-7 4.79119E-7 4.36495E-7 4.27592E-7 4.14321E-7 3.81544E-7 3.62076E-7 3.70039E-7 3.75457E-7 3.75591E-7 3.6978E-7 3.77093E-7 3.88888E-7 3.93283E-7 3.89867E-7 3.81199E-7 3.83123E-7 3.87538E-7 4.07163E-7 4.24821E-7 4.37739E-7 5.30904E-7 8.22433E-7 2.6049E-6 2.76947E-6 2.77175E-6 2.76355E-6 2.74176E-6 2.75558E-6 3.05883E-6 3.1265E-6 3.11174E-6 3.12155E-6 3.14483E-6 3.14641E-6 3.16072E-6 3.17955E-6 3.20283E-6 3.22849E-6
-9999 -9999 -9999 -9999 -9999 -9999 -9999 -9999 -9999 -9999 -9999 -9999 -9999 -9999 -9999 -9999 -9999 -9999 -9999 -9999 -9999 7.63833E-7 7.38312E-7 6.92757E-7 6.35683E-7 6.35153E-7 6.45075E-7 6.18847E-7 5.59216E-7 5.06954E-7 4.69618E-7 4.67701E-7 4.42515E-7 3.87794E-7 4.00309E-7 4.05081E-7 3.88462E-7 3.73145E-7 3.77148E-7 3.86363E-7 4.0273E-7 4.06409E-7 4.01955E-7 4.16449E-7 4.38562E-7 5.08739E-7 5.48633E-7 5.93428E-7 8.36016E-7 2.62163E-6 2.76955E-6 2.7722E-6 2.761E-6 2.74589E-6 2.74232E-6 3.09908E-6 3.12718E-6 3.09708E-6 3.08849E-6 3.10665E-6 3.13268E-6 3.16097E-6 2.89318E-6 3.21405E-6 2.8166E-6 2.46746E-6
-9999 -9999 -9999 -9999 -9999 -9999 -9999 -9999 -9999 -9999 -9999 -9999 -9999 -9999 -9999 -9999 -9999 -9999 -9999 -9999 -9999 8.70761E-7 8.55557E-7 8.1997E-7 7.65531E-7 7.12777E-7 6.74782E-7 6.356E-7 6.18351E-7 5.85408E-7 5.56905E-7 5.42266E-7 5.26294E-7 4.67892E-7 4.64787E-7 4.70122E-7 4.45854E-7 4.1753E-7 4.10952E-7 4.21773E-7 4.6101E-7 5.0624E-7 5.17862E-7 4.76582E-7 4.95416E-7 6.26659E-7 8.01804E-7 1.32486E-6 2.74666E-6 2.76763E-6 2.77774E-6 2.76681E-6 2.74955E-6 2.73317E-6 2.91073E-6 3.09221E-6 3.0815E-6 2.70175E-6 2.35343E-6 2.0765E-6 2.70252E-6 3.19141E-6 3.22297E-6 3.22797E-6 1.56002E-6 1.58822E-6
-9999 -9999 -9999 -9999 -9999 -9999 -9999 -9999 -9999 -9999 -9999 -9999 -9999 -9999 -9999 -9999 -9999 -9999 -9999 -9999 -9999 9.6638E-7 9.55976E-7 9.62315E-7 9.38848E-7 8.63328E-7 7.68532E-7 6.95927E-7 6.39696E-7 5.88979E-7 5.7842E-7 5.4395E-7 5.18454E-7 5.11748E-7 4.89007E-7 4.84152E-7 4.80436E-7 4.79114E-7 5.18351E-7 5.95723E-7 6.66031E-7 6.82331E-7 6.36103E-7 6.27193E-7 8.34704E-7 2.34481E-6 2.748E-6 2.74748E-6 2.74987E-6 2.76188E-6 2.76303E-6 2.75091E-6 2.73838E-6 2.72E-6 2.86325E-6 3.07915E-6 3.07834E-6 3.13035E-6 3.11834E-6 1.73133E-6 3.17299E-6 3.21501E-6 3.26302E-6 3.25932E-6 2.23908E-6 1.70665E-6
-9999 -9999 -9999 -9999 -9999 -9999 -9999 -9999 -9999 -9999 -9999 -9999 -9999 -9999 -9999 -9999 -9999 -9999 -9999 -9999 -9999 -9999 1.05306E-6 1.08679E-6 1.09701E-6 1.03509E-6 8.91841E-7 7.83513E-7 7.01787E-7 6.60759E-7 5.90461E-7 5.58634E-7 5.81743E-7 5.84558E-7 5.67699E-7 5.56529E-7 5.51696E-7 5.70891E-7 6.4671E-7 7.36033E-7 7.98309E-7 8.49132E-7 9.99486E-7 2.53106E-6 2.74106E-6 2.75006E-6 2.74603E-6 2.73468E-6 2.7417E-6 2.7526E-6 2.75145E-6 2.73371E-6 2.73609E-6 2.7287E-6 2.6158E-6 2.98748E-6 3.1017E-6 3.19969E-6 3.1298E-6 1.5261E-6 3.19392E-6 3.23483E-6 3.3017E-6 3.27985E-6 3.29219E-6 1.65982E-6
-9999 -9999 -9999 -9999 -9999 -9999 -9999 -9999 -9999 -9999 -9999 -9999 -9999 -9999 -9999 -9999 -9999 -9999 -9999 -9999 -9999 1.18689E-6 1.22573E-6 1.2906E-6 1.35854E-6 1.33337E-6 1.17867E-6 9.8903E-7 8.03014E-7 7.20615E-7 7.0699E-7 6.57789E-7 7.3186E-7 6.92717E-7 7.15609E-7 7.15742E-7 6.99531E-7 7.36367E-7 7.85051E-7 8.76148E-7 1.23824E-6 2.73405E-6 2.73747E-6 2.73421E-6 2.73506E-6 2.72666E-6 2.72153E-6 2.72818E-6 2.73944E-6 2.74517E-6 2.72731E-6 2.72756E-6 2.75376E-6 2.74508E-6 2.7404E-6 2.85023E-6 3.13837E-6 3.14873E-6 2.12812E-6 1.9579E-6 3.21834E-6 3.26931E-6 3.31232E-6 5.67692E-6 3.33094E-6 1.60688E-6
-9999 -9999 -9999 -9999 -9999 -9999 -9999 -9999 -9999 -9999 -9999 -9999 -9999 -9999 -9999 -9999 -9999 -9999 -9999 -9999 -9999 2.77578E-6 2.83404E-6 2.82416E-6 2.80999E-6 2.79711E-6 2.29608E-6 1.00093E-6 7.20555E-7 7.18042E-7 8.44989E-7 1.00833E-6 1.12707E-6 1.00918E-6 8.81972E-7 8.62549E-7 8.64198E-7 1.0095E-6 1.65506E-6 2.72874E-6 2.72086E-6 2.72322E-6 2.72186E-6 2.71542E-6 2.71292E-6 2.70695E-6 2.71694E-6 2.73107E-6 2.72786E-6 2.71561E-6 2.71522E-6 2.74674E-6 2.77224E-6 2.74019E-6 2.76756E-6 3.0352E-6 3.12476E-6 1.26429E-6 1.14149E-6 2.46541E-6 3.26496E-6 5.27175E-6 3.03476E-6 5.86316E-6 3.34287E-6 1.81431E-6
-9999 -9999 -9999 -9999 -9999 -9999 -9999 -9999 -9999 -9999 -9999 -9999 -9999 -9999 -9999 -9999 -9999 -9999 -9999 -9999 -9999 -9999 2.84236E-6 -9999 -9999 -9999 1.71783E-6 8.12082E-7 7.94898E-7 1.07415E-6 1.27086E-6 1.28828E-6 1.15198E-6 9.11222E-7 9.19163E-7 1.06266E-6 1.79965E-6 2.71149E-6 2.85834E-6 3.047E-6 2.70929E-6 2.32837E-6 2.19047E-6 2.4073E-6 2.71006E-6 2.71306E-6 2.72377E-6 2.71084E-6 1.54594E-6 1.46753E-6 2.72144E-6 2.7582E-6 2.74987E-6 1.5958E-6 2.80059E-6 2.77669E-6 1.10128E-6 1.10653E-6 1.43108E-6 3.25007E-6 3.28709E-6 3.302E-6 3.36442E-6 5.2755E-6 3.39405E-6 3.39914E-6
-9999 -9999 -9999 -9999 -9999 -9999 -9999 -9999 -9999 -9999 -9999 -9999 -9999 -9999 -9999 -9999 -9999 -9999 -9999 -9999 -9999 -9999 -9999 -9999 -9999 -9999 -9999 6.97655E-7 6.78514E-7 8.26156E-7 8.85547E-7 9.32808E-7 8.85346E-7 1.01474E-6 1.44582E-6 2.24798E-6 2.49018E-6 3.03502E-6 2.37074E-6 1.9238E-6 1.61358E-6 1.75754E-6 2.29207E-6 2.71048E-6 2.74437E-6 2.93165E-6 1.4035E-6 8.37558E-7 8.12371E-7 1.06534E-6 2.72608E-6 2.73081E-6 1.45815E-6 1.85375E-6 2.86397E-6 2.10301E-6 9.96622E-7 1.75341E-6 3.3042E-6 3.31036E-6 3.33201E-6 3.40702E-6 3.36767E-6 4.12753E-6 3.40476E-6 2.99056E-6
-9999 -9999 -9999 -9999 -9999 -9999 -9999 -9999 -9999 -9999 -9999 -9999 -9999 -9999 -9999 -9999 -9999 -9999 -9999 -9999 -9999 -9999 -9999 -9999 -9999 -9999 5.59301E-7 5.75303E-7 5.89091E-7 6.38555E-7 7.01355E-7 7.66397E-7 8.40797E-7 9.35381E-7 9.96089E-7 1.017E-6 1.06094E-6 1.11651E-6 1.16135E-6 1.40812E-6 1.73968E-6 2.19767E-6 2.76553E-6 2.91389E-6 2.02207E-6 1.04249E-6 9.02915E-7 8.2283E-7 7.77202E-7 9.69645E-7 1.79994E-6 1.17421E-6 1.14259E-6 2.86104E-6 2.84567E-6 1.25314E-6 1.19933E-6 3.10412E-6 2.24924E-6 3.64885E-6 3.38226E-6 2.7774E-6 3.84742E-6 3.64097E-6 2.64391E-6 2.06565E-6
-9999 -9999 -9999 -9999 -9999 -9999 -9999 -9999 -9999 -9999 -9999 -9999 -9999 -9999 -9999 -9999 -9999 -9999 -9999 -9999 -9999 -9999 -9999 -9999 -9999 -9999 5.37904E-7 5.32603E-7 5.47279E-7 6.29196E-7 6.75668E-7 7.29869E-7 7.14044E-7 7.10536E-7 8.20897E-7 1.39017E-6 1.48468E-6 1.06631E-6 1.29951E-6 1.89526E-6 3.04034E-6 3.10815E-6 2.42485E-6 1.56559E-6 1.16781E-6 1.01733E-6 1.06612E-6 1.0157E-6 8.53354E-7 1.35722E-6 1.08896E-6 8.32117E-7 2.82068E-6 2.86664E-6 1.40657E-6 9.41283E-7 1.76737E-6 2.81696E-6 2.82764E-6 3.37164E-6 3.65413E-6 3.71748E-6 4.08704E-6 2.71384E-6 3.82345E-6 2.24735E-6
-9999 -9999 -9999 -9999 -9999 -9999 -9999 -9999 -9999 -9999 -9999 -9999 -9999 -9999 -9999 -9999 -9999 -9999 -9999 -9999 -9999 -9999 -9999 -9999 -9999 -9999 -9999 6.59418E-7 6.07686E-7 6.63149E-7 -9999 -9999 -9999 8.53603E-7 8.5053E-7 9.65711E-7 1.11885E-6 1.85136E-6 2.34013E-6 2.276E-6 2.23635E-6 1.90814E-6 1.64348E-6 1.50635E-6 1.47945E-6 1.85173E-6 2.1176E-6 1.27129E-6 1.2189E-6 1.24399E-6 9.32414E-7 1.18604E-6 2.86596E-6 2.69117E-6 9.22371E-7 1.24602E-6 3.00571E-6 2.07742E-6 3.56062E-6 3.52942E-6 3.96173E-6 3.82241E-6 4.0191E-6 4.06332E-6 3.92276E-6 2.86664E-6
-9999 -9999 -9999 -9999 -9999 -9999 -9999 -9999 -9999 -9999 -9999 -9999 -9999 -9999 -9999 -9999 -9999 -9999 -9999 -9999 -9999 -9999 -9999 -9999 -9999 -9999 8.85794E-7 7.81574E-7 7.2535E-7 7.70023E-7 9.46548E-7 1.04854E-6 9.93073E-7 9.96527E-7 1.01357E-6 1.07057E-6 1.13577E-6 1.22698E-6 1.53957E-6 1.86876E-6 2.1863E-6 2.51008E-6 2.34426E-6 2.24634E-6 2.21482E-6 1.93394E-6 1.41999E-6 2.09193E-6 3.20165E-6 2.0361E-6 9.05611E-7 1.10031E-6 1.31186E-6 9.60844E-7 9.94121E-7 2.86041E-6 3.06398E-6 2.49243E-6 3.36722E-6 3.50195E-6 4.19547E-6 3.53188E-6 5.46249E-6 3.86195E-6 4.01664E-6 2.96396E-6
