catData/rasterBestHybridModels/Pviverrinus/RD_BM01_RM1_H/Pviverrinus_min.asc
ncols         409
nrows         350
xllcorner     60.897278365
yllcorner     5.843756025
cellsize      0.0892857
NODATA_value  -9999
[rows 116 to 144 of 350, columns 330 to 395 of 409]
2.64378E-4 1.85666E-4 1.67819E-4 1.51782E-4 8.54446E-5 9.76158E-5 3.63677E-4 4.69356E-4 5.89542E-4 5.43989E-4 5.37098E-4 5.63236E-4 5.5683E-4 5.23618E-4 5.33438E-4 5.53112E-4 5.42919E-4 5.40648E-4 5.54839E-4 5.73483E-4 5.73607E-4 5.0879E-4 4.99235E-4 3.88051E-4 4.92362E-4 3.28663E-4 3.06888E-4 4.84153E-4 3.50262E-4 4.54114E-4 4.54512E-4 2.91789E-4 3.28135E-4 2.82786E-4 2.41421E-4 2.6474E-4 2.8522E-4 2.13273E-4 3.68267E-4 5.07876E-4 3.037E-4 5.02699E-4 2.64489E-4 4.61476E-4 2.24842E-4 2.98051E-4 1.97004E-4 1.53956E-4 9.983E-5 3.52687E-5 1.16426E-5 1.71386E-5 8.5037E-6 1.90993E-5 2.37333E-6 1.32211E-6 -9999 -9999 -9999 -9999 -9999 -9999 -9999 -9999 -9999 -9999
3.30378E-4 4.3374E-4 2.82049E-4 2.01752E-4 1.1876E-4 1.39907E-4 4.25621E-4 4.83023E-4 5.94044E-4 5.94451E-4 5.80831E-4 5.72416E-4 5.63348E-4 5.42928E-4 5.77351E-4 5.93277E-4 5.94435E-4 5.91099E-4 5.67133E-4 5.46846E-4 5.36721E-4 5.41213E-4 4.73014E-4 4.65581E-4 2.85198E-4 2.92664E-4 4.03146E-4 5.25011E-4 3.65931E-4 3.31723E-4 3.38719E-4 3.94623E-4 3.47289E-4 1.77395E-4 1.72712E-4 1.15694E-4 9.90009E-5 1.87425E-4 4.25976E-4 2.54019E-4 2.21668E-4 2.23095E-4 3.06736E-4 3.85263E-4 2.10172E-4 8.22108E-5 1.32451E-5 2.36782E-5 4.8543E-5 5.78644E-5 2.16943E-5 5.65261E-6 7.38066E-6 1.30076E-6 -9999 -9999 -9999 -9999 -9999 -9999 -9999 -9999 -9999 -9999 -9999 -9999
5.23221E-4 4.51462E-4 5.51246E-4 2.21412E-4 1.18349E-4 2.6727E-4 4.5098E-4 5.59232E-4 6.29753E-4 3.74875E-4 6.02303E-4 5.74944E-4 5.51616E-4 5.06249E-4 6.02106E-4 5.81815E-4 5.97067E-4 4.37367E-4 5.34023E-4 5.1819E-4 5.09216E-4 4.22422E-4 3.52359E-4 4.20884E-4 4.32488E-4 4.33353E-4 4.37111E-4 5.40905E-4 4.49453E-4 2.47567E-4 1.53514E-4 1.31375E-4 3.17424E-5 7.75573E-6 7.87131E-6 7.62777E-6 7.36474E-6 3.42824E-5 2.0721E-4 4.43986E-4 3.04454E-4 2.10807E-4 4.47538E-4 2.49418E-4 1.84956E-4 1.41922E-5 8.59693E-6 2.64497E-5 3.3163E-5 2.87313E-5 4.84386E-5 1.78077E-5 5.44062E-6 -9999 -9999 -9999 -9999 -9999 -9999 -9999 -9999 -9999 -9999 -9999 -9999 -9999
5.66847E-4 5.29429E-4 5.19972E-4 5.96784E-4 6.17521E-4 1.37563E-4 6.14277E-4 6.15213E-4 6.24036E-4 3.79488E-4 4.10724E-4 5.97465E-4 5.58981E-4 5.63896E-4 5.67474E-4 5.97876E-4 5.63883E-4 5.36085E-4 5.12079E-4 3.39826E-4 3.84835E-4 3.56223E-4 4.06445E-4 5.11369E-4 5.1428E-4 5.20392E-4 5.24137E-4 5.234E-4 4.7748E-4 2.17194E-4 4.38011E-5 1.11931E-5 8.7762E-6 8.16679E-6 8.41593E-6 6.04902E-6 5.73665E-6 7.83392E-6 1.80959E-4 2.07705E-4 4.17926E-4 2.15333E-4 2.89688E-4 1.17407E-5 2.38748E-5 8.09855E-6 3.02497E-6 8.9822E-6 7.54894E-6 6.93592E-6 2.03085E-5 8.73934E-6 5.43054E-6 -9999 -9999 -9999 -9999 -9999 -9999 -9999 -9999 -9999 -9999 -9999 -9999 -9999
5.81854E-4 5.75261E-4 5.3624E-4 5.82565E-4 1.37785E-4 5.69724E-4 5.96396E-4 5.75734E-4 5.68324E-4 6.20188E-4 6.30513E-4 5.85432E-4 5.82669E-4 6.05601E-4 4.95628E-4 5.37616E-4 4.55619E-4 4.29314E-4 3.6058E-4 2.52441E-4 4.66815E-4 4.74996E-4 4.93336E-4 5.10586E-4 5.18408E-4 5.20929E-4 5.17096E-4 5.00161E-4 1.77376E-4 1.8053E-5 1.69712E-5 1.43482E-5 1.02518E-5 5.73057E-6 6.3782E-6 5.20017E-6 4.28327E-6 6.10044E-6 1.2701E-5 9.85422E-5 3.37491E-4 3.51025E-4 4.75994E-5 5.26155E-6 6.48537E-6 2.51867E-6 4.9384E-5 4.92665E-5 4.34906E-6 5.55798E-6 7.49845E-6 5.92691E-6 5.0534E-6 2.00158E-6 -9999 -9999 -9999 -9999 -9999 -9999 -9999 -9999 -9999 -9999 -9999 -9999
4.82439E-4 4.78539E-4 2.74367E-4 2.81931E-4 1.20217E-4 4.87222E-4 1.62824E-4 9.75642E-5 9.78124E-5 5.1206E-4 9.0785E-5 1.64736E-4 5.33889E-5 1.36372E-4 2.61313E-4 4.0243E-4 5.07507E-4 4.67033E-4 4.84032E-4 4.68483E-4 4.65336E-4 4.74055E-4 4.96913E-4 5.14888E-4 5.23931E-4 5.17931E-4 5.00821E-4 2.4898E-4 1.85097E-5 2.37749E-5 3.0882E-5 2.62814E-5 1.07597E-5 4.5988E-6 4.30155E-6 2.92145E-6 2.94905E-6 7.18982E-6 1.12119E-5 2.31665E-4 3.72175E-4 7.06698E-5 1.26604E-5 1.43908E-5 6.89627E-6 2.37176E-6 1.86057E-6 6.85044E-6 5.06927E-6 7.87908E-6 5.21125E-6 1.9852E-6 1.91553E-6 1.20905E-6 -9999 -9999 -9999 -9999 -9999 -9999 -9999 -9999 -9999 -9999 -9999 -9999
1.51338E-4 6.19712E-4 3.63741E-4 1.28522E-4 7.99505E-5 1.20599E-4 1.33061E-4 1.22222E-4 1.29845E-4 1.324E-4 8.93008E-5 8.89146E-5 1.13693E-4 3.32015E-4 4.79129E-4 3.73142E-4 1.99627E-4 3.76287E-4 3.14135E-4 3.32374E-4 4.77011E-4 4.84266E-4 4.56238E-4 4.63507E-4 5.21066E-4 5.14654E-4 3.56598E-4 2.98297E-4 3.63194E-4 3.36363E-5 3.34974E-5 2.67009E-5 1.25026E-5 8.14137E-6 4.22773E-6 3.5755E-6 3.40952E-6 9.33918E-6 1.90505E-5 2.67901E-4 1.39396E-4 1.64711E-5 1.26338E-4 3.60245E-6 3.41526E-6 3.78792E-6 3.9141E-6 6.25014E-6 5.64583E-6 6.94432E-6 3.84906E-6 3.36031E-6 1.92386E-6 -9999 -9999 -9999 -9999 -9999 -9999 -9999 -9999 -9999 -9999 -9999 -9999 -9999
6.22217E-4 4.21363E-4 5.42253E-4 6.00259E-4 3.65121E-4 1.30499E-4 1.2505E-4 6.20194E-4 3.4067E-4 2.04688E-4 1.12013E-4 1.49619E-4 4.14374E-4 4.16936E-4 3.25051E-4 2.47374E-4 4.13185E-5 1.5996E-4 1.44138E-4 1.38926E-4 1.85458E-4 1.77228E-4 1.96671E-5 1.91949E-5 3.56636E-5 5.05689E-4 4.86542E-4 4.56665E-4 2.39721E-4 1.85008E-4 1.11546E-4 2.93942E-5 1.56115E-5 1.26806E-5 7.72722E-6 5.70723E-6 1.01855E-5 2.24203E-5 7.01466E-5 2.60738E-4 2.9852E-5 6.02191E-6 7.96021E-6 4.86304E-5 2.19739E-6 4.23652E-6 1.25054E-5 7.51805E-6 6.2017E-6 5.09711E-6 3.42329E-6 1.41458E-6 1.31539E-6 1.09439E-6 -9999 -9999 -9999 -9999 -9999 -9999 -9999 -9999 -9999 -9999 -9999 -9999
9.28254E-5 9.52047E-5 2.65287E-4 5.76751E-4 5.11608E-4 3.52775E-4 5.23465E-4 5.7866E-4 1.99144E-4 1.84391E-4 2.59757E-4 3.84867E-4 4.27764E-4 1.9433E-4 2.79499E-5 8.66744E-5 1.20236E-5 1.15209E-5 7.74952E-6 8.67499E-6 9.07102E-6 7.09399E-6 8.00223E-6 1.1736E-5 1.09582E-4 6.46847E-5 3.70312E-5 4.40844E-4 3.12849E-4 1.72409E-4 1.57909E-4 4.34561E-5 1.81191E-5 1.88035E-5 1.81194E-5 1.70846E-5 1.70777E-5 2.05977E-5 9.59684E-5 2.09342E-4 2.68058E-5 6.00026E-6 4.41973E-6 7.35162E-6 3.92932E-6 3.60139E-6 3.69553E-5 5.07372E-6 7.01573E-6 7.59888E-6 1.61634E-6 1.26005E-6 1.28534E-6 -9999 -9999 -9999 -9999 -9999 -9999 -9999 -9999 -9999 -9999 -9999 -9999 -9999
7.01994E-5 6.83733E-5 8.55607E-5 5.94563E-5 7.63888E-5 2.76084E-5 2.39995E-5 6.0197E-5 9.74701E-5 8.70805E-5 2.41902E-4 2.48823E-4 1.77482E-4 1.53599E-5 1.46595E-5 8.62552E-6 6.07391E-6 4.04695E-6 4.19186E-6 4.08256E-6 4.34856E-6 4.25811E-6 5.95232E-6 6.91554E-6 1.04288E-5 1.80533E-5 2.2539E-5 1.09567E-4 3.58889E-4 2.07632E-4 1.44478E-4 9.50841E-5 1.67167E-5 1.63677E-5 1.67913E-5 1.63584E-5 1.9282E-5 2.02621E-4 2.63552E-4 1.13504E-4 1.29608E-4 8.62724E-6 9.67545E-6 5.81217E-6 2.72423E-6 2.48674E-6 3.1141E-6 7.09385E-6 6.89553E-6 1.09347E-5 1.67982E-6 1.49917E-6 -9999 -9999 -9999 -9999 -9999 -9999 -9999 -9999 -9999 -9999 -9999 -9999 -9999 -9999
2.41786E-5 3.27506E-5 2.55311E-5 1.85052E-5 9.98035E-6 1.64321E-5 9.54586E-6 5.89969E-6 5.01748E-6 5.27156E-6 1.00828E-4 1.26251E-5 1.00781E-5 6.22598E-6 4.33346E-6 3.58804E-6 4.12595E-6 3.4057E-6 3.30865E-6 3.50992E-6 3.24874E-6 3.53899E-6 3.79682E-6 3.82984E-6 6.45828E-6 1.16443E-5 2.01371E-5 2.33291E-5 2.13931E-5 8.13544E-5 1.35739E-4 1.22549E-4 1.67874E-5 1.51287E-5 1.56671E-5 1.6027E-5 2.29848E-5 1.74833E-4 7.90441E-5 1.61857E-5 2.8614E-6 2.13735E-6 1.95661E-6 3.50598E-6 3.03337E-6 3.41892E-6 2.76055E-6 2.83415E-6 4.86019E-6 3.79869E-6 2.05803E-6 2.13374E-6 1.49328E-6 -9999 -9999 -9999 -9999 -9999 -9999 -9999 -9999 -9999 -9999 -9999 -9999 -9999
2.50441E-5 2.08028E-5 1.09754E-5 9.32978E-6 1.25363E-5 7.97518E-6 4.09448E-6 1.10181E-6 7.75209E-7 9.93932E-7 1.06159E-6 1.44521E-6 1.96488E-6 2.39885E-6 2.6288E-6 2.81858E-6 2.896E-6 2.84131E-6 3.04292E-6 3.27162E-6 3.50237E-6 4.18708E-6 4.98523E-6 4.1958E-6 4.09822E-6 7.13273E-6 1.58023E-5 1.82228E-5 1.0309E-5 8.04192E-6 6.55607E-6 1.04515E-4 1.60114E-5 1.41653E-5 1.4389E-5 1.72275E-5 1.61166E-5 9.61876E-5 1.00234E-5 4.85239E-6 1.71712E-6 4.25438E-5 2.48908E-6 8.15499E-6 5.79627E-6 2.7649E-6 3.16717E-6 1.31991E-6 1.82291E-6 1.07032E-6 2.07912E-6 1.49666E-6 -9999 -9999 -9999 -9999 -9999 -9999 -9999 -9999 -9999 -9999 -9999 -9999 -9999 -9999
1.27069E-5 8.19953E-6 7.85459E-6 7.40431E-6 1.16427E-5 6.13747E-6 1.70218E-6 8.39222E-7 6.2608E-7 7.63096E-7 1.32346E-6 1.57978E-6 1.73508E-6 2.41288E-6 2.6085E-6 2.67857E-6 7.21985E-6 2.29445E-5 2.6361E-5 6.43548E-6 5.35421E-6 5.70332E-6 6.05031E-6 6.73812E-6 4.85455E-6 4.61894E-6 1.06887E-5 8.6093E-6 9.43452E-6 7.02616E-6 5.51024E-6 1.03102E-5 1.02848E-5 1.15047E-5 1.2607E-5 1.19363E-5 1.22018E-5 8.73345E-6 2.71263E-6 1.86467E-6 1.78513E-6 4.12136E-5 6.15408E-6 1.32683E-5 9.62594E-6 4.12848E-6 1.68591E-6 1.45141E-6 1.08631E-6 8.50407E-7 1.41352E-6 -9999 -9999 -9999 -9999 -9999 -9999 -9999 -9999 -9999 -9999 -9999 -9999 -9999 -9999 -9999
6.10406E-6 6.41276E-6 9.51734E-6 9.18035E-6 8.52594E-6 2.60731E-6 1.57548E-6 1.00542E-6 6.08212E-7 1.16255E-6 1.40197E-6 1.80319E-6 1.99425E-6 2.97113E-6 4.42106E-6 7.02073E-6 2.20361E-5 2.20971E-5 1.06436E-5 8.39609E-6 5.40527E-6 6.07013E-6 7.22264E-6 7.46168E-6 7.6269E-6 5.73087E-6 4.18535E-6 6.19641E-6 8.39146E-6 8.22906E-6 6.63427E-6 6.18158E-6 6.26463E-6 6.49368E-6 3.70782E-6 3.39053E-6 1.99685E-6 3.01176E-6 2.62066E-6 3.36083E-6 3.95305E-6 6.6284E-6 8.98407E-6 1.90403E-5 9.81501E-6 5.86541E-6 1.20423E-6 1.30578E-6 8.92152E-7 8.57237E-7 -9999 -9999 -9999 -9999 -9999 -9999 -9999 -9999 -9999 -9999 -9999 -9999 -9999 -9999 -9999 -9999
2.48739E-6 3.29913E-6 5.34273E-6 1.17481E-5 1.155E-5 3.74588E-6 3.08791E-6 2.10717E-6 1.80133E-6 1.2741E-6 1.61635E-6 1.51033E-6 1.91473E-6 3.34071E-6 4.46998E-6 5.31029E-6 2.22697E-5 1.13601E-5 2.93136E-6 2.55196E-6 5.11557E-6 4.42956E-6 1.82029E-6 1.81811E-6 3.01524E-6 2.18202E-6 2.44306E-6 3.86362E-6 5.58348E-6 7.78114E-6 6.56508E-6 5.52507E-6 4.70615E-6 4.15593E-6 3.10539E-6 2.70589E-6 2.53245E-6 1.455E-6 1.57292E-6 5.55028E-6 6.225E-6 6.25412E-6 7.67585E-6 8.64436E-6 1.01873E-5 2.06452E-6 1.19458E-6 1.20374E-6 -9999 -9999 -9999 -9999 -9999 -9999 -9999 -9999 -9999 -9999 -9999 -9999 -9999 -9999 -9999 -9999 -9999 -9999
1.45626E-5 1.25553E-5 1.05885E-5 8.8506E-6 4.68367E-6 3.41414E-6 3.6523E-6 3.34913E-6 3.35972E-6 1.70611E-6 1.60652E-6 1.42507E-6 1.75826E-6 1.69844E-6 1.60283E-6 2.73345E-6 3.41382E-6 3.52479E-6 2.23626E-6 2.24971E-6 2.3756E-6 1.39842E-6 1.48731E-6 1.38835E-6 1.56498E-6 1.67955E-6 1.77693E-6 2.28525E-6 4.8282E-6 7.19634E-6 5.85451E-6 4.82575E-6 3.76056E-6 2.79869E-6 1.26529E-6 1.88036E-6 3.86608E-6 2.12631E-6 1.09065E-6 1.61266E-6 6.30869E-6 6.05763E-6 1.1116E-5 1.43633E-5 1.53473E-5 1.21444E-6 1.20231E-6 1.20832E-6 -9999 -9999 -9999 -9999 -9999 -9999 -9999 -9999 -9999 -9999 -9999 -9999 -9999 -9999 -9999 -9999 -9999 -9999
2.33618E-5 2.04984E-5 1.83405E-5 1.24933E-5 5.22235E-6 3.43534E-6 4.58847E-6 7.29334E-6 6.22926E-6 4.89936E-6 2.94173E-6 2.75373E-6 2.92473E-6 2.33993E-6 3.07894E-6 3.71228E-6 4.25758E-6 5.91262E-6 5.45191E-6 3.63082E-6 2.64281E-6 1.49799E-6 1.72192E-6 2.02214E-6 1.70569E-6 1.51146E-6 1.43332E-6 1.88627E-6 3.14207E-6 5.91438E-6 5.66156E-6 3.69294E-6 1.86356E-6 1.27961E-6 1.16525E-6 1.28007E-6 3.86196E-6 1.02035E-6 1.10867E-6 2.93498E-6 5.95856E-6 6.20225E-6 1.05909E-5 1.53338E-5 4.22423E-6 1.41318E-6 1.20594E-6 -9999 -9999 -9999 -9999 -9999 -9999 -9999 -9999 -9999 -9999 -9999 -9999 -9999 -9999 -9999 -9999 -9999 -9999 -9999
2.96483E-4 4.1589E-4 4.41422E-4 4.04992E-4 4.26414E-4 1.86964E-4 2.94931E-4 3.67624E-4 1.3296E-4 4.77903E-4 3.62584E-4 3.00836E-4 5.29024E-5 1.02381E-4 3.45701E-5 2.30944E-4 2.3327E-4 1.3059E-4 1.54221E-4 1.54571E-4 1.45484E-5 4.30898E-6 3.76651E-6 4.12043E-6 2.61443E-6 1.46821E-6 1.77315E-6 1.8995E-6 2.74699E-6 3.09625E-6 2.99963E-6 2.45927E-6 1.83787E-6 1.77277E-6 1.122E-6 1.09171E-6 1.61977E-6 1.01634E-6 3.93143E-6 6.14913E-6 6.62647E-6 4.90386E-6 4.81265E-6 3.04506E-6 2.61927E-6 1.86205E-6 2.36732E-6 -9999 -9999 -9999 -9999 -9999 -9999 -9999 -9999 -9999 -9999 -9999 -9999 -9999 -9999 -9999 -9999 -9999 -9999 -9999
8.74902E-4 8.37566E-4 9.13877E-4 8.47611E-4 9.243E-4 1.0263E-3 9.30067E-4 9.05277E-4 7.83402E-4 8.90969E-4 9.25061E-4 8.64596E-4 9.37773E-4 8.90792E-4 8.68923E-4 8.05685E-4 7.83916E-4 8.68206E-4 9.20376E-4 8.49154E-4 2.81972E-4 2.45287E-4 1.59094E-5 1.3257E-5 5.85074E-5 5.49603E-5 4.80739E-5 3.54139E-5 1.73958E-5 1.35408E-5 2.58508E-6 2.97476E-6 3.44424E-6 2.88428E-6 2.40576E-6 1.10372E-6 9.26764E-7 1.00015E-6 2.88094E-6 5.37913E-6 4.91634E-6 3.37474E-6 2.59309E-6 3.01441E-6 3.17052E-6 2.74659E-6 2.70879E-6 1.91303E-6 1.58569E-6 -9999 -9999 -9999 -9999 -9999 -9999 -9999 -9999 -9999 -9999 -9999 -9999 -9999 -9999 -9999 -9999 -9999
7.98664E-4 9.19035E-4 9.0749E-4 8.86703E-4 8.41107E-4 9.57521E-4 9.48448E-4 8.65768E-4 8.09845E-4 8.57989E-4 1.05001E-3 9.80692E-4 9.6673E-4 9.37383E-4 8.50294E-4 8.51533E-4 8.31302E-4 6.33801E-4 7.76448E-4 8.16648E-4 8.97689E-4 8.70156E-4 5.49613E-4 4.57793E-4 2.79047E-4 1.959E-4 2.11232E-4 1.93366E-4 1.78353E-4 1.28581E-4 8.10433E-5 6.6094E-5 1.2802E-5 4.39221E-6 3.16492E-6 2.06715E-6 1.85175E-6 1.35022E-6 2.98234E-6 1.3731E-5 5.32614E-6 4.16855E-6 2.3695E-6 2.49626E-6 1.93867E-6 1.70006E-6 1.31338E-6 9.4261E-7 9.15389E-7 -9999 -9999 -9999 -9999 -9999 -9999 -9999 -9999 -9999 -9999 -9999 -9999 -9999 -9999 -9999 -9999 -9999
3.61508E-4 8.1641E-4 8.75367E-4 9.6088E-4 9.0188E-4 9.59236E-4 9.47079E-4 9.25916E-4 5.81208E-4 8.10657E-4 9.70375E-4 1.00548E-3 9.76712E-4 8.84435E-4 8.75117E-4 9.07578E-4 7.68072E-4 7.11904E-4 7.72412E-4 8.90905E-4 8.88468E-4 8.58698E-4 8.19172E-4 8.17815E-4 7.12278E-4 6.31253E-4 6.25398E-4 4.83254E-4 2.38706E-4 1.73815E-4 1.68512E-4 1.49825E-4 1.40801E-5 4.05023E-6 2.92533E-6 2.71971E-6 2.6291E-6 1.799E-6 6.17037E-6 5.02332E-5 1.56487E-5 9.08944E-6 2.50346E-6 1.1043E-6 1.02921E-6 7.04488E-7 8.69903E-7 1.44973E-6 -9999 -9999 -9999 -9999 -9999 -9999 -9999 -9999 -9999 -9999 -9999 -9999 -9999 -9999 -9999 -9999 -9999 -9999
7.99997E-4 3.67058E-4 8.11142E-4 9.39798E-4 1.02217E-3 9.56641E-4 8.92648E-4 8.88549E-4 7.77201E-4 3.54831E-4 9.08024E-4 9.23574E-4 1.00273E-3 9.33201E-4 8.9657E-4 9.13706E-4 8.60262E-4 8.32453E-4 8.28644E-4 8.09168E-4 8.01079E-4 5.10855E-4 7.06332E-4 7.94047E-4 4.97588E-4 7.28299E-4 5.04182E-4 7.60394E-4 6.4684E-4 3.26211E-4 1.65345E-4 1.27569E-4 5.33789E-6 3.37551E-6 3.07984E-6 3.81019E-6 2.45214E-6 2.18263E-6 2.27776E-5 5.99699E-5 5.22583E-5 1.55997E-5 2.39492E-6 9.42958E-7 1.05122E-6 1.00487E-6 1.23545E-6 1.64867E-6 -9999 -9999 -9999 -9999 -9999 -9999 -9999 -9999 -9999 -9999 -9999 -9999 -9999 -9999 -9999 -9999 -9999 -9999
8.06734E-4 7.79226E-4 8.5814E-4 9.5827E-4 1.02818E-3 8.65724E-4 8.71095E-4 8.97449E-4 3.61892E-4 7.46724E-4 8.25121E-4 8.63674E-4 9.70938E-4 1.0006E-3 9.62735E-4 8.88519E-4 9.19186E-4 8.6141E-4 8.74053E-4 8.53665E-4 6.70983E-4 4.45577E-4 7.50855E-4 7.84324E-4 5.74981E-4 7.33064E-4 4.88728E-4 7.26469E-4 7.00444E-4 4.49957E-4 1.34103E-4 1.62828E-5 3.97379E-6 3.02635E-6 3.3828E-6 2.28387E-6 1.88225E-6 3.03144E-6 4.85861E-5 5.01534E-5 5.88801E-5 1.07972E-5 4.23915E-6 9.68009E-7 1.19113E-6 1.51944E-6 2.45786E-6 -9999 -9999 -9999 -9999 -9999 -9999 -9999 -9999 -9999 -9999 -9999 -9999 -9999 -9999 -9999 -9999 -9999 -9999 -9999
8.91989E-4 8.39935E-4 9.02167E-4 9.50163E-4 9.27524E-4 8.92296E-4 9.87969E-4 7.47052E-4 3.83837E-4 3.87564E-4 8.79653E-4 9.65903E-4 9.7426E-4 9.49422E-4 8.15363E-4 9.32092E-4 9.64792E-4 5.92145E-4 8.49759E-4 5.25689E-4 4.52157E-4 6.0794E-4 4.63654E-4 7.93734E-4 6.2235E-4 6.11908E-4 4.39246E-4 5.82637E-4 4.37475E-4 3.83549E-4 1.17272E-4 8.50447E-6 4.02638E-6 2.80416E-6 2.3414E-6 1.18008E-6 1.75019E-6 4.36612E-6 6.00324E-5 6.12369E-5 6.04001E-5 5.36057E-5 2.03807E-6 9.83235E-7 1.51906E-6 2.37059E-6 3.68708E-6 -9999 -9999 -9999 -9999 -9999 -9999 -9999 -9999 -9999 -9999 -9999 -9999 -9999 -9999 -9999 -9999 -9999 -9999 -9999
8.86765E-4 8.97354E-4 9.29003E-4 9.65668E-4 9.57787E-4 9.47077E-4 9.4803E-4 7.05251E-4 3.89564E-4 8.11898E-4 1.02469E-3 1.02244E-3 1.07084E-3 9.46504E-4 9.63466E-4 9.71059E-4 9.18175E-4 5.63452E-4 7.49711E-4 7.82478E-4 4.67533E-4 4.62657E-4 4.4886E-4 6.20937E-4 5.27618E-4 3.96336E-4 4.80277E-4 4.08752E-4 3.96594E-4 3.44452E-4 2.93393E-5 8.25877E-6 5.63109E-6 3.86803E-6 3.12852E-6 1.24518E-6 1.17737E-6 3.38939E-5 4.53982E-5 6.16294E-5 5.54579E-5 5.35762E-5 1.34252E-6 1.40534E-6 2.15995E-6 3.3571E-6 -9999 -9999 -9999 -9999 -9999 -9999 -9999 -9999 -9999 -9999 -9999 -9999 -9999 -9999 -9999 -9999 -9999 -9999 -9999 -9999
8.82628E-4 9.1526E-4 8.71243E-4 8.60619E-4 8.62327E-4 9.11706E-4 9.41316E-4 3.60611E-4 3.91212E-4 4.28213E-4 8.83836E-4 1.06191E-3 1.06831E-3 1.0113E-3 9.19784E-4 8.89262E-4 8.32832E-4 8.14774E-4 5.79593E-4 5.32727E-4 5.77304E-4 4.48681E-4 4.8289E-4 5.48242E-4 2.98631E-4 1.36005E-4 1.7286E-4 3.32332E-4 2.13433E-4 2.05505E-4 6.34452E-6 5.24348E-6 4.61425E-6 4.42692E-6 2.09866E-6 1.50103E-6 1.15909E-6 5.2354E-5 6.2586E-5 6.15372E-5 5.65571E-5 1.77831E-6 1.47115E-6 1.59522E-6 3.32921E-6 -9999 -9999 -9999 -9999 -9999 -9999 -9999 -9999 -9999 -9999 -9999 -9999 -9999 -9999 -9999 -9999 -9999 -9999 -9999 -9999 -9999
8.68519E-4 9.25752E-4 9.00671E-4 8.80554E-4 8.68392E-4 9.62249E-4 8.68375E-4 3.66214E-4 3.93838E-4 3.96757E-4 9.28032E-4 1.03059E-3 1.00357E-3 6.32235E-4 4.63068E-4 3.57175E-4 6.07422E-4 6.7778E-4 4.42564E-4 4.36294E-4 5.62268E-4 4.21342E-4 5.12722E-4 4.10969E-4 2.09141E-4 1.01206E-4 2.36596E-5 2.91919E-5 2.87498E-5 2.49073E-5 4.95758E-6 4.22108E-6 4.15172E-6 3.39815E-6 1.19073E-6 1.20015E-6 5.08404E-6 3.21205E-5 5.5716E-5 5.79429E-5 1.63352E-6 1.3124E-6 1.15739E-6 2.25129E-6 5.73307E-6 -9999 -9999 -9999 -9999 -9999 -9999 -9999 -9999 -9999 -9999 -9999 -9999 -9999 -9999 -9999 -9999 -9999 -9999 -9999 -9999 -9999
8.85576E-4 8.62603E-4 9.46182E-4 8.71254E-4 9.01224E-4 9.53131E-4 9.73997E-4 3.89382E-4 8.72436E-4 9.14851E-4 1.00642E-3 9.20602E-4 9.05724E-4 5.57252E-4 6.14876E-4 4.4702E-4 4.31378E-4 3.8007E-4 4.30983E-4 4.29464E-4 4.10824E-4 4.34721E-4 3.20193E-4 1.6418E-4 1.85278E-4 3.47436E-5 1.10807E-5 9.60528E-6 4.97976E-6 4.03054E-6 3.92442E-6 2.34851E-6 2.23581E-6 1.32978E-6 1.12946E-6 1.29414E-6 1.46288E-5 2.35354E-5 2.31805E-5 5.5655E-5 1.43259E-6 1.3319E-6 1.59682E-6 3.66614E-6 -9999 -9999 -9999 -9999 -9999 -9999 -9999 -9999 -9999 -9999 -9999 -9999 -9999 -9999 -9999 -9999 -9999 -9999 -9999 -9999 -9999 -9999
8.88591E-4 8.92711E-4 9.34279E-4 9.19856E-4 8.97288E-4 9.61196E-4 5.98058E-4 8.10935E-4 9.90292E-4 1.07581E-3 1.07446E-3 7.1618E-4 6.94502E-4 5.29248E-4 4.57339E-4 2.73559E-4 4.32243E-4 2.49569E-4 5.29902E-4 3.37769E-4 3.70965E-5 2.72507E-5 9.82308E-6 8.76994E-5 6.01458E-5 1.42927E-5 8.0973E-6 7.96901E-6 6.00459E-6 3.78734E-6 3.11234E-6 1.40042E-6 1.12412E-6 1.31615E-6 1.44396E-6 1.47905E-6 1.50171E-6 3.65713E-6 1.88619E-5 2.87256E-6 1.37803E-6 1.34177E-6 2.10051E-6 3.74733E-6 -9999 -9999 -9999 -9999 -9999 -9999 -9999 -9999 -9999 -9999 -9999 -9999 -9999 -9999 -9999 -9999 -9999 -9999 -9999 -9999 -9999 -9999
