catData/rasterBestHybridModels/Pviverrinus/RD_BM01_RM1_H/Pviverrinus_stddev.asc
ncols         409
nrows         350
xllcorner     60.897278365
yllcorner     5.843756025
cellsize      0.0892857
NODATA_value  -9999
[rows 87 to 115 of 350, columns 330 to 395 of 409]
-9999 -9999 -9999 -9999 -9999 -9999 -9999 -9999 -9999 -9999 -9999 -9999 -9999 -9999 -9999 -9999 -9999 -9999 -9999 -9999 -9999 -9999 -9999 -9999 -9999 -9999 -9999 -9999 -9999 -9999 -9999 -9999 -9999 -9999 -9999 -9999 -9999 -9999 -9999 -9999 -9999 -9999 -9999 -9999 -9999 -9999 -9999 1.05376E-6 1.05486E-6 -9999 -9999 -9999 -9999 -9999 -9999 -9999 -9999 -9999 -9999 -9999 1.06077E-6 1.06319E-6 1.07962E-6 1.05506E-6 1.06385E-6 -9999
-9999 -9999 -9999 -9999 -9999 -9999 -9999 -9999 -9999 -9999 -9999 -9999 -9999 -9999 -9999 -9999 -9999 -9999 -9999 -9999 -9999 -9999 -9999 -9999 -9999 -9999 -9999 -9999 -9999 -9999 -9999 -9999 -9999 -9999 -9999 -9999 -9999 -9999 -9999 -9999 -9999 -9999 -9999 -9999 -9999 1.07022E-6 1.05542E-6 1.05899E-6 1.07422E-6 1.06989E-6 -9999 -9999 -9999 -9999 -9999 -9999 -9999 -9999 1.07563E-6 1.07196E-6 1.07157E-6 1.1284E-6 1.10513E-6 1.07959E-6 1.10612E-6 1.06666E-6
-9999 -9999 -9999 -9999 -9999 -9999 -9999 -9999 -9999 -9999 -9999 -9999 -9999 -9999 -9999 -9999 -9999 -9999 -9999 -9999 -9999 -9999 -9999 -9999 -9999 -9999 -9999 -9999 -9999 -9999 -9999 -9999 -9999 -9999 -9999 -9999 -9999 -9999 -9999 -9999 -9999 -9999 -9999 1.06261E-6 1.06226E-6 1.0902E-6 1.09239E-6 1.09225E-6 1.0894E-6 1.13023E-6 1.22836E-6 1.5095E-6 1.4228E-6 1.26141E-6 -9999 -9999 -9999 1.09905E-6 1.09059E-6 1.11735E-6 1.12249E-6 1.15888E-6 1.13565E-6 1.12633E-6 1.14511E-6 -9999
-9999 -9999 -9999 -9999 -9999 -9999 -9999 -9999 -9999 -9999 -9999 -9999 -9999 -9999 -9999 -9999 -9999 -9999 -9999 -9999 -9999 -9999 -9999 -9999 -9999 -9999 -9999 -9999 -9999 -9999 -9999 -9999 -9999 -9999 -9999 -9999 -9999 -9999 -9999 -9999 -9999 -9999 1.06945E-6 1.06452E-6 1.05954E-6 1.09873E-6 1.15055E-6 1.12039E-6 1.15102E-6 1.34735E-6 1.52902E-6 1.5712E-6 1.40304E-6 1.24492E-6 1.10281E-6 1.09324E-6 -9999 1.11928E-6 1.09829E-6 1.17874E-6 1.28368E-6 1.18307E-6 1.18184E-6 1.15552E-6 1.10172E-6 -9999
-9999 -9999 -9999 -9999 -9999 -9999 -9999 -9999 -9999 -9999 -9999 -9999 -9999 -9999 -9999 -9999 -9999 -9999 -9999 -9999 -9999 -9999 -9999 -9999 -9999 -9999 -9999 -9999 -9999 -9999 -9999 -9999 -9999 -9999 -9999 -9999 -9999 -9999 -9999 -9999 -9999 -9999 1.09605E-6 1.10461E-6 1.09192E-6 1.09318E-6 1.18537E-6 1.25955E-6 1.34579E-6 1.73561E-6 1.73354E-6 1.57248E-6 1.52333E-6 1.293E-6 1.1243E-6 1.08794E-6 1.13215E-6 1.19748E-6 1.14462E-6 1.19024E-6 1.35269E-6 1.28204E-6 1.32826E-6 1.19075E-6 1.1085E-6 -9999
-9999 -9999 -9999 -9999 -9999 -9999 -9999 -9999 -9999 -9999 -9999 -9999 -9999 -9999 -9999 -9999 -9999 -9999 -9999 -9999 -9999 -9999 -9999 -9999 -9999 -9999 -9999 -9999 -9999 -9999 -9999 -9999 -9999 -9999 -9999 -9999 -9999 -9999 -9999 -9999 -9999 1.07085E-6 1.09739E-6 1.35297E-6 1.15058E-6 1.09511E-6 1.17167E-6 1.38215E-6 1.53222E-6 2.49754E-6 1.75514E-6 1.56983E-6 1.49173E-6 1.36728E-6 1.24595E-6 1.14096E-6 1.12878E-6 1.25179E-6 1.24016E-6 1.21433E-6 1.34312E-6 1.48007E-6 1.47914E-6 1.21521E-6 1.0841E-6 1.12503E-6
-9999 -9999 -9999 -9999 -9999 -9999 -9999 -9999 -9999 -9999 -9999 -9999 -9999 -9999 -9999 -9999 -9999 -9999 -9999 -9999 -9999 -9999 -9999 -9999 -9999 -9999 -9999 -9999 -9999 -9999 -9999 -9999 -9999 -9999 -9999 -9999 -9999 -9999 -9999 -9999 -9999 1.09265E-6 1.09853E-6 1.1917E-6 1.26465E-6 1.12411E-6 1.13603E-6 1.3775E-6 1.50726E-6 1.80496E-6 1.99097E-6 2.15464E-6 1.57537E-6 1.36841E-6 1.26209E-6 1.18849E-6 1.14452E-6 1.21495E-6 1.28773E-6 1.2998E-6 1.32576E-6 1.54262E-6 1.4291E-6 1.26706E-6 1.22485E-6 1.25585E-6
-9999 -9999 -9999 -9999 -9999 -9999 -9999 -9999 -9999 -9999 -9999 -9999 -9999 -9999 -9999 -9999 -9999 -9999 -9999 -9999 -9999 -9999 -9999 -9999 -9999 -9999 -9999 -9999 -9999 -9999 -9999 -9999 -9999 -9999 1.16671E-6 1.03015E-6 1.12707E-6 1.14748E-6 1.08232E-6 1.08482E-6 1.15108E-6 1.21263E-6 1.22843E-6 1.17297E-6 1.23426E-6 1.19082E-6 1.17267E-6 1.51754E-6 1.56387E-6 1.59664E-6 1.64402E-6 1.86169E-6 1.96998E-6 1.62218E-6 1.45726E-6 1.37719E-6 1.1805E-6 1.26457E-6 1.31735E-6 1.42761E-6 1.51957E-6 1.62649E-6 1.58719E-6 1.50992E-6 1.38673E-6 1.32276E-6
-9999 -9999 -9999 -9999 -9999 -9999 -9999 -9999 -9999 -9999 -9999 -9999 -9999 -9999 -9999 -9999 -9999 -9999 -9999 -9999 -9999 -9999 -9999 -9999 -9999 -9999 -9999 -9999 -9999 -9999 -9999 -9999 -9999 1.02672E-6 1.04487E-6 1.03943E-6 1.08856E-6 1.09284E-6 1.16011E-6 1.08231E-6 1.12563E-6 1.18033E-6 1.35295E-6 1.26486E-6 1.35192E-6 1.39242E-6 1.43953E-6 1.75245E-6 1.61967E-6 1.54269E-6 1.59904E-6 1.64218E-6 2.65624E-6 1.85342E-6 1.75202E-6 1.4995E-6 1.28501E-6 1.40379E-6 1.52109E-6 1.63597E-6 1.73035E-6 1.7546E-6 1.48139E-6 1.30678E-6 1.17527E-6 1.15071E-6
-9999 -9999 -9999 -9999 -9999 -9999 -9999 -9999 -9999 -9999 -9999 -9999 -9999 -9999 -9999 -9999 -9999 -9999 -9999 -9999 -9999 -9999 -9999 -9999 -9999 -9999 -9999 -9999 -9999 -9999 -9999 -9999 1.04028E-6 1.05263E-6 1.27058E-6 1.04327E-6 1.07583E-6 1.20565E-6 1.28294E-6 1.17676E-6 1.19412E-6 1.29601E-6 1.19495E-6 1.18565E-6 1.26483E-6 1.38892E-6 1.47146E-6 1.695E-6 1.79155E-6 1.71792E-6 1.85839E-6 1.69025E-6 2.04993E-6 2.28931E-6 1.83569E-6 1.64764E-6 1.49305E-6 1.57715E-6 1.59392E-6 1.66007E-6 1.75764E-6 1.77311E-6 1.52707E-6 1.29742E-6 1.15409E-6 1.26072E-6
-9999 -9999 -9999 -9999 -9999 -9999 -9999 -9999 -9999 -9999 -9999 -9999 -9999 -9999 -9999 -9999 -9999 -9999 -9999 -9999 -9999 -9999 -9999 -9999 -9999 -9999 -9999 -9999 -9999 -9999 -9999 -9999 1.05435E-6 1.06501E-6 1.16064E-6 1.19848E-6 1.27262E-6 1.35559E-6 1.47613E-6 1.62406E-6 1.63157E-6 1.6229E-6 1.30014E-6 1.2295E-6 1.20608E-6 1.25987E-6 1.57709E-6 1.918E-6 3.26361E-6 1.8908E-6 2.28258E-6 2.13533E-6 3.08912E-6 1.98571E-6 1.85865E-6 1.76918E-6 1.71398E-6 1.80619E-6 1.79866E-6 1.79829E-6 1.75778E-6 1.9858E-6 1.85213E-6 1.54506E-6 1.4846E-6 1.50061E-6
-9999 -9999 -9999 -9999 -9999 -9999 -9999 -9999 -9999 -9999 -9999 -9999 -9999 -9999 -9999 -9999 -9999 -9999 -9999 -9999 -9999 -9999 -9999 -9999 -9999 -9999 -9999 -9999 -9999 -9999 1.0326E-6 1.05848E-6 1.07736E-6 1.06141E-6 1.0544E-6 1.08721E-6 1.18846E-6 1.19232E-6 1.19236E-6 1.34544E-6 1.42769E-6 1.75387E-6 1.71006E-6 1.55934E-6 1.3974E-6 1.36086E-6 1.64244E-6 2.8519E-6 4.82597E-6 4.01712E-6 4.10024E-6 4.29262E-6 2.81056E-6 1.84022E-6 1.91589E-6 1.74631E-6 1.77056E-6 1.78212E-6 3.02564E-6 4.65058E-6 3.08504E-6 2.14003E-6 2.23098E-6 1.81344E-6 1.82821E-6 1.40213E-6
1.07115E-6 -9999 -9999 -9999 -9999 -9999 -9999 -9999 -9999 -9999 -9999 -9999 -9999 -9999 -9999 -9999 -9999 -9999 -9999 -9999 -9999 -9999 -9999 -9999 -9999 -9999 -9999 -9999 -9999 1.0303E-6 1.08492E-6 1.16058E-6 1.18687E-6 1.19429E-6 1.1949E-6 1.24585E-6 1.52089E-6 1.41393E-6 1.36589E-6 1.43384E-6 1.65569E-6 1.78088E-6 2.52226E-6 1.79547E-6 1.46407E-6 1.49558E-6 1.6851E-6 3.39118E-6 6.49537E-6 1.16683E-5 7.04357E-6 3.07466E-6 3.28573E-6 1.77676E-6 2.96024E-6 1.85789E-6 3.07105E-6 4.98512E-6 8.06288E-6 8.7819E-6 6.65866E-6 2.22953E-6 1.93039E-6 1.7917E-6 1.936E-6 1.61861E-6
1.06083E-6 -9999 -9999 -9999 -9999 -9999 -9999 -9999 -9999 -9999 -9999 -9999 -9999 -9999 -9999 -9999 -9999 -9999 -9999 -9999 -9999 -9999 -9999 -9999 -9999 -9999 9.79886E-7 9.91487E-7 9.93465E-7 1.01113E-6 1.22611E-6 1.22009E-6 1.46259E-6 1.62072E-6 1.49281E-6 1.60822E-6 1.77933E-6 1.66413E-6 1.70106E-6 1.47896E-6 1.68648E-6 2.22677E-6 2.42397E-6 2.0042E-6 1.90422E-6 1.92513E-6 2.47977E-6 3.50385E-6 6.47014E-6 9.84336E-6 6.12284E-6 1.98464E-6 3.06181E-6 3.46143E-6 5.2047E-6 8.7778E-6 1.23272E-5 1.17579E-5 1.34346E-5 1.43728E-5 1.42244E-5 7.84679E-6 2.42292E-6 1.8991E-6 2.11894E-6 2.13926E-6
1.18273E-6 1.16726E-6 1.12561E-6 1.15341E-6 1.14839E-6 -9999 -9999 -9999 -9999 -9999 1.57603E-6 1.52651E-6 -9999 -9999 -9999 -9999 -9999 -9999 -9999 -9999 -9999 -9999 -9999 -9999 -9999 -9999 -9999 9.96261E-7 1.0378E-6 1.06034E-6 1.12068E-6 1.19405E-6 1.28963E-6 1.51988E-6 1.76728E-6 1.74641E-6 2.1626E-6 1.85342E-6 1.84274E-6 1.73617E-6 1.83593E-6 2.29358E-6 4.44465E-6 4.16609E-6 2.61542E-6 2.62152E-6 4.34015E-6 3.46921E-6 4.00164E-6 3.43167E-6 3.09073E-6 2.41496E-6 1.73373E-6 2.34934E-6 1.15565E-5 2.44394E-5 2.15358E-5 1.47485E-5 1.56249E-5 1.82474E-5 1.83769E-5 1.20223E-5 9.1703E-6 7.35632E-6 7.23993E-6 2.51825E-6
1.17838E-6 1.17047E-6 -9999 1.16088E-6 1.19279E-6 1.21847E-6 1.20904E-6 1.22065E-6 1.26207E-6 1.19701E-6 1.51899E-6 1.70354E-6 1.68281E-6 -9999 -9999 -9999 -9999 -9999 -9999 -9999 -9999 -9999 -9999 -9999 -9999 -9999 -9999 1.00294E-6 1.05871E-6 1.14261E-6 1.29826E-6 1.42396E-6 1.47585E-6 1.44165E-6 1.61495E-6 1.87105E-6 1.67545E-6 1.80432E-6 1.81767E-6 1.88304E-6 1.68911E-6 2.42562E-6 3.00841E-6 4.96179E-6 4.26676E-6 3.53867E-6 3.31349E-6 3.42546E-6 3.75611E-6 2.5093E-6 3.11234E-6 5.93859E-6 5.46516E-6 7.89362E-6 1.33466E-5 2.22745E-5 2.41363E-5 1.55969E-5 1.84998E-5 3.02354E-5 2.9142E-5 2.60269E-5 2.14657E-5 1.22465E-5 1.41014E-5 1.0491E-5
1.24266E-6 1.18728E-6 1.17688E-6 1.17537E-6 1.16893E-6 1.22446E-6 1.23147E-6 1.25524E-6 1.59166E-6 1.21475E-6 1.20217E-6 1.26439E-6 1.70853E-6 1.67157E-6 -9999 -9999 -9999 -9999 -9999 -9999 -9999 -9999 -9999 -9999 -9999 9.6399E-7 1.01085E-6 1.06999E-6 1.11877E-6 1.17139E-6 1.25025E-6 1.23523E-6 1.51294E-6 1.71144E-6 1.9118E-6 2.0455E-6 1.90351E-6 1.72823E-6 1.74542E-6 2.34942E-6 2.42416E-6 2.2385E-6 1.97789E-6 2.76745E-6 3.72763E-6 3.20044E-6 2.37748E-6 2.18933E-6 2.75793E-6 4.12829E-6 6.32411E-6 7.45162E-6 9.99263E-6 1.61875E-5 2.39769E-5 4.10731E-5 2.25073E-5 3.6312E-5 3.28835E-5 3.28628E-5 3.11011E-5 2.88378E-5 1.31229E-5 1.61372E-5 1.62353E-5 9.37996E-6
1.2931E-6 1.24734E-6 1.20123E-6 1.20731E-6 1.19555E-6 1.24319E-6 1.24041E-6 1.27821E-6 1.59542E-6 1.25283E-6 1.51671E-6 1.76671E-6 1.78727E-6 1.69919E-6 1.3725E-6 1.01993E-6 -9999 -9999 -9999 9.26876E-7 9.14406E-7 9.14449E-7 -9999 9.43219E-7 1.0214E-6 1.05892E-6 1.12388E-6 1.14583E-6 1.22726E-6 1.38555E-6 1.4702E-6 1.43484E-6 1.45438E-6 1.56334E-6 1.77133E-6 2.01758E-6 2.05672E-6 1.99038E-6 2.0434E-6 2.41629E-6 2.79502E-6 2.13755E-6 2.38456E-6 3.04197E-6 3.79999E-6 4.04423E-6 4.24167E-6 4.50558E-6 4.66924E-6 5.4216E-6 1.04635E-5 1.73485E-5 3.24308E-5 4.2849E-5 4.35714E-5 4.28073E-5 3.33058E-5 3.66266E-5 8.91962E-5 8.50299E-5 4.22158E-5 2.44562E-5 2.08289E-5 1.77462E-5 1.40784E-5 1.17768E-5
1.38873E-6 1.40473E-6 1.2584E-6 1.26257E-6 1.2412E-6 1.43228E-6 1.26663E-6 1.29819E-6 1.31963E-6 1.32498E-6 1.74103E-6 1.81532E-6 1.77862E-6 1.7874E-6 1.16627E-6 1.09043E-6 1.32906E-6 1.54373E-6 1.02904E-6 9.65656E-7 9.81583E-7 9.30172E-7 9.24417E-7 9.91319E-7 1.08232E-6 1.19213E-6 1.32785E-6 1.25429E-6 1.38929E-6 1.69644E-6 1.85664E-6 1.58441E-6 1.42927E-6 1.50042E-6 1.57371E-6 1.66165E-6 2.05083E-6 2.01718E-6 1.93599E-6 2.43089E-6 1.91272E-6 1.85414E-6 1.85285E-6 3.42498E-6 4.86502E-6 5.71158E-6 5.23507E-6 7.00432E-6 1.53948E-5 2.50699E-5 1.10506E-4 5.52581E-5 4.25376E-5 4.03744E-5 4.6449E-5 7.77849E-5 6.47161E-5 5.74598E-5 1.10111E-4 5.08072E-5 4.67035E-5 4.15851E-5 2.82343E-5 1.41061E-5 1.03772E-5 9.79299E-6
1.55245E-6 1.54891E-6 1.3258E-6 1.42493E-6 1.28897E-6 1.27685E-6 1.29712E-6 1.33057E-6 1.28976E-6 1.38702E-6 1.87719E-6 1.83141E-6 1.90808E-6 1.84419E-6 1.3659E-6 1.37559E-6 1.56056E-6 1.77019E-6 1.28488E-6 1.05764E-6 9.45071E-7 1.09757E-6 1.08751E-6 1.11773E-6 1.16145E-6 1.22772E-6 1.43496E-6 1.67069E-6 1.79166E-6 2.0741E-6 1.85517E-6 1.61347E-6 1.30011E-6 1.27842E-6 1.47185E-6 1.60971E-6 2.05003E-6 2.0093E-6 2.30419E-6 2.42913E-6 2.18228E-6 1.75387E-6 2.77388E-6 1.4897E-5 9.79433E-6 1.91101E-5 1.95688E-5 8.59699E-5 8.83044E-5 9.55497E-5 9.70941E-5 9.32963E-5 1.10224E-4 1.1682E-4 7.69725E-5 6.11665E-5 8.83154E-5 1.1942E-4 1.16209E-4 1.10608E-4 9.63341E-5 8.74088E-5 2.23953E-5 1.9272E-5 1.98376E-5 1.4333E-5
1.64177E-6 2.03841E-6 1.38538E-6 1.32996E-6 1.32182E-6 1.35891E-6 1.32187E-6 1.35368E-6 1.28915E-6 1.39052E-6 1.89848E-6 1.93005E-6 1.83923E-6 1.8376E-6 1.71886E-6 1.31949E-6 1.1787E-6 1.11652E-6 1.1091E-6 1.15172E-6 1.16765E-6 1.2508E-6 1.22059E-6 1.24996E-6 1.3034E-6 1.23878E-6 1.40145E-6 1.74635E-6 1.96937E-6 2.18269E-6 1.94232E-6 1.69082E-6 1.35119E-6 1.2528E-6 1.5152E-6 1.75066E-6 1.9185E-6 2.04331E-6 2.12875E-6 2.42244E-6 1.77504E-6 1.96493E-6 5.97738E-6 2.54968E-5 6.46369E-5 9.29638E-5 6.99736E-5 8.04002E-5 9.6991E-5 1.04746E-4 9.50093E-5 5.69934E-5 1.14869E-4 1.05996E-4 1.25806E-4 8.18832E-5 1.21819E-4 7.91183E-5 8.57464E-5 1.10819E-4 1.19446E-4 1.15171E-4 3.7201E-5 2.27168E-5 2.4087E-5 9.13972E-6
1.61721E-6 2.07508E-6 1.57195E-6 1.39521E-6 1.29547E-6 1.3278E-6 1.36254E-6 1.38797E-6 1.40384E-6 1.59695E-6 1.99369E-6 1.92153E-6 1.94853E-6 1.79303E-6 1.92213E-6 1.9148E-6 1.74038E-6 1.71125E-6 1.71033E-6 1.20182E-6 1.32009E-6 1.38671E-6 1.3497E-6 1.39451E-6 1.49227E-6 1.45313E-6 1.57961E-6 1.92851E-6 1.92745E-6 2.41811E-6 2.26935E-6 1.7311E-6 1.59102E-6 1.54996E-6 1.51928E-6 1.77609E-6 1.99796E-6 2.23209E-6 2.10421E-6 2.01E-6 2.87464E-6 6.84015E-6 4.32617E-5 7.4254E-5 7.65199E-5 9.19138E-5 7.88451E-5 7.76392E-5 9.72674E-5 6.88488E-5 9.37722E-5 1.11494E-4 1.18351E-4 7.216E-5 1.19575E-4 1.25447E-4 1.23187E-4 1.15143E-4 1.07424E-4 1.19218E-4 1.04098E-4 9.67871E-5 8.7422E-5 2.75974E-5 1.32675E-5 6.60373E-6
1.61747E-6 1.75889E-6 1.70655E-6 1.68523E-6 1.47298E-6 1.43061E-6 1.41348E-6 1.71114E-6 1.33907E-6 1.77274E-6 2.51097E-6 2.31363E-6 1.96975E-6 2.0281E-6 2.06222E-6 1.96219E-6 1.80488E-6 1.8339E-6 1.71241E-6 1.51441E-6 1.31514E-6 1.38705E-6 1.76193E-6 2.20588E-6 2.04186E-6 1.70701E-6 1.9584E-6 2.63578E-6 2.84258E-6 3.73203E-6 2.64143E-6 2.08128E-6 1.61395E-6 1.59202E-6 1.8017E-6 1.93918E-6 1.83022E-6 1.94282E-6 2.86125E-6 4.92236E-6 1.95648E-5 6.96893E-5 7.9025E-5 8.51051E-5 9.58801E-5 8.40809E-5 7.27687E-5 8.81542E-5 4.94689E-5 6.30235E-5 6.35577E-5 8.88816E-5 6.18973E-5 6.17097E-5 1.0014E-4 6.70882E-5 8.83994E-5 1.2244E-4 1.07914E-4 8.9361E-5 6.88826E-5 8.52442E-5 8.40869E-5 1.11876E-5 8.30574E-6 4.662E-6
1.88451E-6 1.95068E-6 1.96151E-6 1.89826E-6 1.82486E-6 1.83307E-6 2.28191E-6 2.62854E-6 2.40677E-6 2.52631E-6 2.56041E-6 2.41308E-6 2.20241E-6 2.33541E-6 2.23183E-6 2.08616E-6 2.00094E-6 1.98245E-6 1.98117E-6 1.31479E-6 1.38997E-6 1.71703E-6 1.89974E-6 1.94084E-6 1.68E-6 1.85535E-6 2.56704E-6 2.95532E-6 3.48171E-6 2.85816E-6 1.99382E-6 1.80976E-6 1.75441E-6 1.84836E-6 2.01193E-6 2.06585E-6 2.22752E-6 3.6706E-6 1.0941E-5 4.70514E-5 5.49167E-5 5.14517E-5 1.0732E-4 1.21253E-4 9.44392E-5 7.88148E-5 7.50916E-5 5.84619E-5 9.98531E-5 8.02915E-5 6.50669E-5 1.23853E-4 1.29777E-4 1.22767E-4 6.25539E-5 6.98508E-5 8.96607E-5 1.08815E-4 2.78766E-5 3.10695E-5 8.00105E-6 7.63704E-6 5.53824E-6 2.86008E-6 -9999 -9999
2.13741E-6 2.13809E-6 2.17521E-6 2.24952E-6 2.07648E-6 2.03479E-6 1.89812E-6 2.81678E-6 2.70563E-6 2.78213E-6 2.69919E-6 2.58344E-6 2.44714E-6 2.49334E-6 2.44029E-6 2.31841E-6 2.29016E-6 2.28828E-6 2.25769E-6 1.67796E-6 1.55906E-6 1.67296E-6 1.83866E-6 1.56527E-6 1.82128E-6 3.63843E-6 4.15029E-6 3.87547E-6 2.92666E-6 2.64278E-6 1.92668E-6 1.90331E-6 1.90196E-6 1.93321E-6 2.15321E-6 5.76532E-6 1.85407E-5 3.64762E-5 5.9873E-5 4.50157E-5 5.50428E-5 5.81362E-5 6.23613E-5 7.26683E-5 7.97922E-5 7.59226E-5 4.91413E-5 8.15692E-5 6.6307E-5 7.77663E-5 1.3314E-4 1.32261E-4 1.09399E-4 1.14695E-4 8.70044E-5 9.27258E-5 8.02725E-5 1.12186E-5 5.50959E-6 4.78953E-6 4.62544E-6 3.30638E-6 2.49155E-6 -9999 -9999 -9999
3.1185E-6 2.59497E-6 2.97494E-6 2.35851E-6 2.32548E-6 2.31583E-6 2.21779E-6 2.79688E-6 2.87028E-6 5.27257E-6 5.07685E-6 3.75104E-6 2.78621E-6 2.76089E-6 2.76096E-6 2.5785E-6 2.60757E-6 2.74742E-6 2.70213E-6 1.90081E-6 1.78748E-6 1.71119E-6 2.10385E-6 1.91851E-6 3.28826E-6 9.27021E-6 1.71715E-5 1.15684E-5 5.434E-6 4.49367E-6 3.99338E-6 3.6526E-6 4.23288E-6 5.65519E-6 6.10957E-6 7.46763E-6 1.71391E-5 1.48841E-5 8.2867E-5 6.26974E-5 5.89392E-5 9.50042E-5 6.67916E-5 1.00338E-4 6.1156E-5 3.69149E-5 8.28776E-5 6.75251E-5 6.76485E-5 6.7566E-5 1.08076E-4 7.68641E-5 9.2103E-5 7.50318E-5 6.60282E-5 3.28014E-5 1.29034E-5 8.83194E-6 3.89678E-6 2.58179E-6 2.08763E-6 2.21475E-6 -9999 -9999 -9999 -9999
9.72172E-6 7.40675E-6 4.58746E-6 2.50969E-6 2.35166E-6 4.327E-6 3.23725E-6 2.90327E-6 6.07126E-6 1.39568E-5 4.71706E-6 3.44002E-6 2.83567E-6 2.89964E-6 2.92796E-6 2.92158E-6 2.93596E-6 2.89067E-6 2.96334E-6 4.3269E-6 2.86512E-6 4.192E-6 8.51175E-6 2.23755E-5 4.39429E-5 1.06859E-4 8.07688E-5 9.79084E-5 5.30671E-5 1.24353E-5 8.67982E-6 1.31603E-5 2.22721E-5 2.68894E-5 1.77548E-5 1.94784E-5 3.1774E-5 1.26819E-4 8.48482E-5 6.73363E-5 6.62032E-5 8.92491E-5 1.15615E-4 4.77454E-5 3.38954E-5 1.05056E-4 6.93882E-5 6.8261E-5 6.8396E-5 7.38628E-5 6.25532E-5 1.13471E-4 1.10428E-4 1.7624E-5 9.18619E-6 1.05834E-5 6.7273E-6 2.93928E-6 2.47588E-6 2.22391E-6 -9999 -9999 -9999 -9999 -9999 -9999
5.89161E-5 3.75118E-5 1.08451E-5 3.82566E-6 2.59108E-6 3.74056E-6 5.21527E-6 5.24616E-6 9.0206E-6 9.26984E-6 4.85248E-6 5.59017E-6 6.35663E-6 4.69537E-6 8.05798E-6 1.44845E-5 2.7899E-5 5.57969E-5 4.10399E-5 5.45808E-5 5.09451E-5 5.46488E-5 5.04948E-5 5.4577E-5 6.90864E-5 9.28407E-5 9.93711E-5 9.52886E-5 9.12567E-5 9.53505E-5 7.43798E-5 7.75085E-5 7.33702E-5 8.74221E-5 8.91694E-5 1.08535E-4 8.2157E-5 1.08927E-4 9.11903E-5 1.04469E-4 1.04558E-4 3.83697E-5 4.36176E-5 9.992E-5 7.54562E-5 7.18817E-5 7.10291E-5 1.22477E-4 1.06552E-4 6.30031E-5 2.70318E-5 3.56392E-5 2.04056E-5 1.04888E-5 4.54562E-6 9.68875E-6 3.62814E-6 2.41266E-6 2.22264E-6 -9999 -9999 -9999 -9999 -9999 -9999 -9999
5.90911E-5 7.70512E-5 4.56093E-5 2.14546E-5 2.46079E-5 2.6733E-5 3.62721E-5 6.46777E-5 3.99185E-5 4.84219E-5 3.42514E-5 5.05411E-5 4.20888E-5 3.84844E-5 3.58902E-5 5.44339E-5 4.8722E-5 3.86337E-5 4.42874E-5 5.16813E-5 8.57946E-5 7.12638E-5 7.31439E-5 7.76628E-5 8.547E-5 9.91651E-5 1.05079E-4 1.055E-4 1.24838E-4 1.1315E-4 1.18497E-4 1.32403E-4 8.82692E-5 9.13508E-5 1.24133E-4 1.01704E-4 9.79793E-5 1.20896E-4 1.14693E-4 3.53832E-5 1.05411E-4 7.57739E-5 7.36228E-5 7.10812E-5 1.28725E-4 9.85762E-5 1.24739E-4 1.11602E-4 1.15805E-4 1.07334E-4 1.17612E-5 2.34277E-5 2.09289E-5 6.32764E-6 3.20853E-6 3.31212E-6 2.23112E-6 -9999 -9999 -9999 -9999 -9999 -9999 -9999 -9999 -9999
