catData/rasterBestHybridModels/Pviverrinus/RD_BM01_RM1_H/Pviverrinus_avg.asc
ncols         409
nrows         350
xllcorner     60.897278365
yllcorner     5.843756025
cellsize      0.0892857
NODATA_value  -9999
[rows 87 to 115 of 350, columns 330 to 395 of 409]
-9999 -9999 -9999 -9999 -9999 -9999 -9999 -9999 -9999 -9999 -9999 -9999 -9999 -9999 -9999 -9999 -9999 -9999 -9999 -9999 -9999 -9999 -9999 -9999 -9999 -9999 -9999 -9999 -9999 -9999 -9999 -9999 -9999 -9999 -9999 -9999 -9999 -9999 -9999 -9999 -9999 -9999 -9999 -9999 -9999 -9999 -9999 1.30863E-6 1.31282E-6 -9999 -9999 -9999 -9999 -9999 -9999 -9999 -9999 -9999 -9999 -9999 1.39434E-6 1.40721E-6 1.45029E-6 1.37083E-6 1.38918E-6 -9999
-9999 -9999 -9999 -9999 -9999 -9999 -9999 -9999 -9999 -9999 -9999 -9999 -9999 -9999 -9999 -9999 -9999 -9999 -9999 -9999 -9999 -9999 -9999 -9999 -9999 -9999 -9999 -9999 -9999 -9999 -9999 -9999 -9999 -9999 -9999 -9999 -9999 -9999 -9999 -9999 -9999 -9999 -9999 -9999 -9999 1.34392E-6 1.30821E-6 1.3236E-6 1.37386E-6 1.37668E-6 -9999 -9999 -9999 -9999 -9999 -9999 -9999 -9999 1.42883E-6 1.42642E-6 1.43214E-6 1.61389E-6 1.53372E-6 1.45498E-6 1.51164E-6 1.40598E-6
-9999 -9999 -9999 -9999 -9999 -9999 -9999 -9999 -9999 -9999 -9999 -9999 -9999 -9999 -9999 -9999 -9999 -9999 -9999 -9999 -9999 -9999 -9999 -9999 -9999 -9999 -9999 -9999 -9999 -9999 -9999 -9999 -9999 -9999 -9999 -9999 -9999 -9999 -9999 -9999 -9999 -9999 -9999 1.3114E-6 1.32345E-6 1.41845E-6 1.41746E-6 1.43587E-6 1.43078E-6 1.57402E-6 1.87102E-6 2.33039E-6 2.19262E-6 1.90902E-6 -9999 -9999 -9999 1.49916E-6 1.48817E-6 1.57215E-6 1.59209E-6 1.7072E-6 1.62868E-6 1.58334E-6 1.66325E-6 -9999
-9999 -9999 -9999 -9999 -9999 -9999 -9999 -9999 -9999 -9999 -9999 -9999 -9999 -9999 -9999 -9999 -9999 -9999 -9999 -9999 -9999 -9999 -9999 -9999 -9999 -9999 -9999 -9999 -9999 -9999 -9999 -9999 -9999 -9999 -9999 -9999 -9999 -9999 -9999 -9999 -9999 -9999 1.33127E-6 1.32085E-6 1.31267E-6 1.4488E-6 1.61901E-6 1.5164E-6 1.64271E-6 2.06525E-6 2.38822E-6 2.41401E-6 2.1372E-6 1.88183E-6 1.4984E-6 1.47997E-6 -9999 1.57722E-6 1.55251E-6 1.7686E-6 1.94359E-6 1.77106E-6 1.77041E-6 1.6716E-6 1.51369E-6 -9999
-9999 -9999 -9999 -9999 -9999 -9999 -9999 -9999 -9999 -9999 -9999 -9999 -9999 -9999 -9999 -9999 -9999 -9999 -9999 -9999 -9999 -9999 -9999 -9999 -9999 -9999 -9999 -9999 -9999 -9999 -9999 -9999 -9999 -9999 -9999 -9999 -9999 -9999 -9999 -9999 -9999 -9999 1.41576E-6 1.44609E-6 1.40814E-6 1.42418E-6 1.78783E-6 1.91185E-6 2.08281E-6 2.62066E-6 2.62024E-6 2.42051E-6 2.32032E-6 1.96593E-6 1.57084E-6 1.46975E-6 1.65316E-6 1.80019E-6 1.66237E-6 1.79573E-6 2.07201E-6 1.95485E-6 2.02831E-6 1.78575E-6 1.5465E-6 -9999
-9999 -9999 -9999 -9999 -9999 -9999 -9999 -9999 -9999 -9999 -9999 -9999 -9999 -9999 -9999 -9999 -9999 -9999 -9999 -9999 -9999 -9999 -9999 -9999 -9999 -9999 -9999 -9999 -9999 -9999 -9999 -9999 -9999 -9999 -9999 -9999 -9999 -9999 -9999 -9999 -9999 1.33007E-6 1.46316E-6 1.85779E-6 1.5918E-6 1.41684E-6 1.69414E-6 2.11692E-6 2.34535E-6 3.5128E-6 2.67654E-6 2.4358E-6 2.39062E-6 2.0938E-6 1.89283E-6 1.63339E-6 1.65066E-6 1.89492E-6 1.87597E-6 1.85686E-6 2.05287E-6 2.28059E-6 2.2497E-6 1.83142E-6 1.49816E-6 1.61985E-6
-9999 -9999 -9999 -9999 -9999 -9999 -9999 -9999 -9999 -9999 -9999 -9999 -9999 -9999 -9999 -9999 -9999 -9999 -9999 -9999 -9999 -9999 -9999 -9999 -9999 -9999 -9999 -9999 -9999 -9999 -9999 -9999 -9999 -9999 -9999 -9999 -9999 -9999 -9999 -9999 -9999 1.41795E-6 1.42956E-6 1.75032E-6 1.90118E-6 1.50478E-6 1.57723E-6 2.11118E-6 2.30012E-6 2.73243E-6 2.96037E-6 3.27482E-6 2.56749E-6 2.16519E-6 1.93078E-6 1.78277E-6 1.66244E-6 1.83967E-6 1.97295E-6 1.9703E-6 2.01802E-6 2.38875E-6 2.15848E-6 1.9173E-6 1.85517E-6 1.91467E-6
-9999 -9999 -9999 -9999 -9999 -9999 -9999 -9999 -9999 -9999 -9999 -9999 -9999 -9999 -9999 -9999 -9999 -9999 -9999 -9999 -9999 -9999 -9999 -9999 -9999 -9999 -9999 -9999 -9999 -9999 -9999 -9999 -9999 -9999 1.3226E-6 1.21014E-6 1.38845E-6 1.3665E-6 1.35289E-6 1.3702E-6 1.56088E-6 1.79749E-6 1.76238E-6 1.67176E-6 1.88649E-6 1.71805E-6 1.70352E-6 2.33678E-6 2.39495E-6 2.48257E-6 2.60866E-6 2.92455E-6 3.11147E-6 2.65843E-6 2.32044E-6 2.16475E-6 1.79891E-6 1.93956E-6 2.00611E-6 2.16807E-6 2.30225E-6 2.54318E-6 2.41076E-6 2.27135E-6 2.0929E-6 1.99799E-6
-9999 -9999 -9999 -9999 -9999 -9999 -9999 -9999 -9999 -9999 -9999 -9999 -9999 -9999 -9999 -9999 -9999 -9999 -9999 -9999 -9999 -9999 -9999 -9999 -9999 -9999 -9999 -9999 -9999 -9999 -9999 -9999 -9999 1.19428E-6 1.26263E-6 1.24658E-6 1.37611E-6 1.38562E-6 1.49649E-6 1.36584E-6 1.47764E-6 1.70096E-6 2.00197E-6 1.95167E-6 2.09051E-6 2.1188E-6 2.23182E-6 2.72146E-6 2.51191E-6 2.37082E-6 2.51994E-6 2.63993E-6 3.84076E-6 3.16138E-6 2.87684E-6 2.37796E-6 2.0201E-6 2.18855E-6 2.3293E-6 2.53221E-6 2.69898E-6 2.72228E-6 2.23611E-6 1.9781E-6 1.76905E-6 1.70985E-6
-9999 -9999 -9999 -9999 -9999 -9999 -9999 -9999 -9999 -9999 -9999 -9999 -9999 -9999 -9999 -9999 -9999 -9999 -9999 -9999 -9999 -9999 -9999 -9999 -9999 -9999 -9999 -9999 -9999 -9999 -9999 -9999 1.26322E-6 1.29001E-6 1.59018E-6 1.25241E-6 1.36171E-6 1.82071E-6 1.9427E-6 1.67033E-6 1.71707E-6 1.99998E-6 1.69317E-6 1.67737E-6 1.93063E-6 2.16425E-6 2.27618E-6 2.69488E-6 2.76923E-6 2.79384E-6 2.99783E-6 2.75715E-6 3.35435E-6 3.57734E-6 3.02802E-6 2.63169E-6 2.34028E-6 2.47194E-6 2.46976E-6 2.57272E-6 2.7261E-6 2.7328E-6 2.33372E-6 2.01311E-6 1.72196E-6 1.92997E-6
-9999 -9999 -9999 -9999 -9999 -9999 -9999 -9999 -9999 -9999 -9999 -9999 -9999 -9999 -9999 -9999 -9999 -9999 -9999 -9999 -9999 -9999 -9999 -9999 -9999 -9999 -9999 -9999 -9999 -9999 -9999 -9999 1.26716E-6 1.34283E-6 1.65192E-6 1.80331E-6 1.9197E-6 2.05017E-6 2.23958E-6 2.49302E-6 2.51258E-6 2.51882E-6 2.00713E-6 1.86844E-6 1.76105E-6 1.92758E-6 2.55472E-6 3.30852E-6 4.89141E-6 3.14535E-6 3.38588E-6 3.21172E-6 4.67258E-6 3.32162E-6 3.09665E-6 2.90692E-6 2.76501E-6 2.90765E-6 2.90023E-6 2.83258E-6 2.72657E-6 3.29585E-6 2.91451E-6 2.34003E-6 2.26948E-6 2.27743E-6
-9999 -9999 -9999 -9999 -9999 -9999 -9999 -9999 -9999 -9999 -9999 -9999 -9999 -9999 -9999 -9999 -9999 -9999 -9999 -9999 -9999 -9999 -9999 -9999 -9999 -9999 -9999 -9999 -9999 -9999 1.21173E-6 1.28206E-6 1.33862E-6 1.29932E-6 1.28391E-6 1.39244E-6 1.76903E-6 1.73908E-6 1.72871E-6 2.04293E-6 2.18624E-6 2.85354E-6 2.69256E-6 2.41168E-6 2.18376E-6 2.09867E-6 2.64215E-6 4.28099E-6 7.75877E-6 5.59191E-6 5.30398E-6 6.80168E-6 4.10089E-6 2.97516E-6 2.99893E-6 2.851E-6 2.92016E-6 2.88939E-6 4.32605E-6 7.5727E-6 4.80058E-6 3.82229E-6 4.03656E-6 2.84713E-6 2.77492E-6 2.18136E-6
1.16304E-6 -9999 -9999 -9999 -9999 -9999 -9999 -9999 -9999 -9999 -9999 -9999 -9999 -9999 -9999 -9999 -9999 -9999 -9999 -9999 -9999 -9999 -9999 -9999 -9999 -9999 -9999 -9999 -9999 1.2147E-6 1.36691E-6 1.68079E-6 1.7123E-6 1.74146E-6 1.74503E-6 1.90472E-6 2.33563E-6 2.14845E-6 2.07917E-6 2.22306E-6 2.63471E-6 2.88535E-6 3.53972E-6 2.8783E-6 2.30817E-6 2.37563E-6 2.67427E-6 4.93566E-6 1.24223E-5 2.24023E-5 1.46906E-5 4.48215E-6 4.69928E-6 2.93813E-6 4.27139E-6 3.10585E-6 4.52319E-6 8.08634E-6 1.47699E-5 1.98712E-5 1.27424E-5 3.9958E-6 3.29592E-6 2.92247E-6 3.18716E-6 2.75036E-6
1.16276E-6 -9999 -9999 -9999 -9999 -9999 -9999 -9999 -9999 -9999 -9999 -9999 -9999 -9999 -9999 -9999 -9999 -9999 -9999 -9999 -9999 -9999 -9999 -9999 -9999 -9999 1.13903E-6 1.12595E-6 1.13317E-6 1.16983E-6 1.4805E-6 1.85491E-6 2.24308E-6 2.47552E-6 2.26199E-6 2.50021E-6 2.77068E-6 2.56388E-6 2.62165E-6 2.29153E-6 2.65674E-6 3.19876E-6 3.4898E-6 3.34232E-6 3.25904E-6 3.20452E-6 3.63646E-6 5.25542E-6 1.21569E-5 2.00579E-5 1.18624E-5 3.30035E-6 4.45023E-6 5.16655E-6 1.01183E-5 1.92945E-5 2.39345E-5 2.30938E-5 2.37253E-5 2.84851E-5 2.99394E-5 1.33842E-5 3.47084E-6 2.97125E-6 3.57408E-6 3.79089E-6
1.35111E-6 1.35074E-6 1.29042E-6 1.33612E-6 1.32955E-6 -9999 -9999 -9999 -9999 -9999 1.98334E-6 1.90807E-6 -9999 -9999 -9999 -9999 -9999 -9999 -9999 -9999 -9999 -9999 -9999 -9999 -9999 -9999 -9999 1.15157E-6 1.24572E-6 1.31196E-6 1.50845E-6 1.79447E-6 1.95199E-6 2.30664E-6 2.77654E-6 2.75383E-6 3.04834E-6 2.89679E-6 2.88415E-6 2.73822E-6 2.93537E-6 3.75679E-6 7.36366E-6 6.35909E-6 3.85178E-6 3.77566E-6 6.80294E-6 5.32286E-6 6.38121E-6 5.36457E-6 5.02815E-6 3.44348E-6 2.86744E-6 3.54374E-6 1.90136E-5 6.40318E-5 5.17647E-5 2.92988E-5 2.80568E-5 3.62291E-5 3.7429E-5 2.74487E-5 1.78359E-5 1.29461E-5 1.28351E-5 3.9503E-6
1.36448E-6 1.36945E-6 -9999 1.37109E-6 1.4183E-6 1.46897E-6 1.47612E-6 1.54961E-6 1.7272E-6 1.48879E-6 1.95315E-6 2.24779E-6 2.1683E-6 -9999 -9999 -9999 -9999 -9999 -9999 -9999 -9999 -9999 -9999 -9999 -9999 -9999 -9999 1.17335E-6 1.32049E-6 1.64499E-6 1.98964E-6 2.1793E-6 2.25907E-6 2.23106E-6 2.49893E-6 2.94808E-6 2.61558E-6 2.87817E-6 2.90753E-6 2.95242E-6 2.65603E-6 4.95395E-6 5.67494E-6 7.95414E-6 6.41801E-6 5.14544E-6 4.84359E-6 5.43351E-6 6.02613E-6 4.27582E-6 4.7837E-6 9.91003E-6 9.02903E-6 1.39678E-5 2.50132E-5 5.47003E-5 5.77318E-5 3.02485E-5 3.6623E-5 8.60649E-5 8.1862E-5 8.02593E-5 4.95424E-5 2.48236E-5 2.78978E-5 2.03465E-5
1.50123E-6 1.43541E-6 1.4193E-6 1.42947E-6 1.41827E-6 1.51271E-6 1.61168E-6 1.71934E-6 2.25496E-6 1.62176E-6 1.54787E-6 1.61853E-6 2.35918E-6 2.18957E-6 -9999 -9999 -9999 -9999 -9999 -9999 -9999 -9999 -9999 -9999 -9999 1.12556E-6 1.21878E-6 1.35771E-6 1.50606E-6 1.73185E-6 1.88913E-6 1.87903E-6 2.41512E-6 2.7576E-6 3.17089E-6 3.51894E-6 3.18154E-6 2.74173E-6 2.79178E-6 3.46772E-6 3.39002E-6 4.0429E-6 3.27836E-6 3.87851E-6 5.44341E-6 4.56227E-6 3.36169E-6 3.2198E-6 3.91152E-6 6.47244E-6 1.06875E-5 1.28633E-5 1.81772E-5 3.34172E-5 6.84255E-5 1.38115E-4 6.871E-5 1.10921E-4 9.53341E-5 9.52196E-5 9.10157E-5 8.36418E-5 2.63416E-5 3.31231E-5 3.15879E-5 2.00008E-5
1.65091E-6 1.61155E-6 1.50495E-6 1.54133E-6 1.51639E-6 1.59618E-6 1.62979E-6 1.93517E-6 2.29623E-6 1.78451E-6 2.32065E-6 2.68642E-6 2.80233E-6 2.526E-6 1.85108E-6 1.29029E-6 -9999 -9999 -9999 1.07545E-6 1.04611E-6 1.04094E-6 -9999 1.08852E-6 1.26996E-6 1.37929E-6 1.54687E-6 1.65939E-6 1.87787E-6 2.11044E-6 2.27584E-6 2.2237E-6 2.28619E-6 2.46747E-6 2.84564E-6 3.40392E-6 3.40985E-6 3.30232E-6 3.43799E-6 3.52558E-6 3.86269E-6 3.35922E-6 3.4634E-6 4.29407E-6 5.5716E-6 6.06126E-6 6.46558E-6 7.03558E-6 7.40348E-6 8.96125E-6 2.11076E-5 4.05939E-5 9.91669E-5 1.45645E-4 1.47192E-4 1.45505E-4 1.35277E-4 1.54592E-4 5.01171E-4 5.00336E-4 1.47525E-4 5.88319E-5 4.99708E-5 3.45527E-5 3.0107E-5 2.39554E-5
1.97872E-6 2.04881E-6 1.70756E-6 1.7408E-6 1.6846E-6 1.94938E-6 1.722E-6 1.92338E-6 2.13482E-6 2.07229E-6 3.06963E-6 3.18318E-6 3.3252E-6 2.90391E-6 1.63003E-6 1.5143E-6 1.75692E-6 2.12225E-6 1.32682E-6 1.19169E-6 1.15353E-6 1.0819E-6 1.06407E-6 1.19991E-6 1.43754E-6 1.83932E-6 2.04802E-6 1.92331E-6 2.11941E-6 2.62514E-6 2.93866E-6 2.44561E-6 2.23502E-6 2.36406E-6 2.48424E-6 2.63706E-6 3.44031E-6 3.41946E-6 3.28057E-6 4.76909E-6 3.04879E-6 2.9723E-6 2.89919E-6 4.84732E-6 7.64964E-6 9.37363E-6 8.41114E-6 1.22529E-5 3.52076E-5 6.49331E-5 4.6694E-4 1.95635E-4 1.44039E-4 1.46694E-4 1.66385E-4 5.54238E-4 5.49803E-4 5.51396E-4 4.98295E-4 5.37748E-4 5.34732E-4 1.89817E-4 7.64997E-5 2.74167E-5 1.96515E-5 1.82867E-5
2.56503E-6 2.55972E-6 1.95604E-6 2.06786E-6 1.87868E-6 1.85795E-6 1.83755E-6 2.0462E-6 2.05086E-6 2.21736E-6 3.34586E-6 3.16803E-6 3.77278E-6 3.34164E-6 2.32003E-6 2.18964E-6 2.49096E-6 2.84117E-6 1.71563E-6 1.31277E-6 1.13651E-6 1.42306E-6 1.44238E-6 1.56339E-6 1.6873E-6 1.8892E-6 2.20107E-6 2.622E-6 2.94256E-6 3.12579E-6 2.92933E-6 2.48868E-6 2.0018E-6 1.95962E-6 2.27442E-6 2.51424E-6 3.4831E-6 3.45437E-6 4.49356E-6 5.0883E-6 4.19016E-6 2.74485E-6 3.74225E-6 3.28938E-5 2.03061E-5 4.61485E-5 4.34807E-5 3.45056E-4 4.95563E-4 5.25701E-4 5.29615E-4 5.41144E-4 4.74182E-4 4.86745E-4 5.55148E-4 5.64372E-4 5.17646E-4 4.98621E-4 4.22312E-4 4.80763E-4 4.85399E-4 4.67734E-4 5.20156E-5 4.53257E-5 5.54619E-5 3.10798E-5
2.8102E-6 3.10288E-6 2.16393E-6 1.98836E-6 1.99998E-6 2.08649E-6 2.00263E-6 2.20008E-6 2.08882E-6 2.2915E-6 3.47729E-6 3.67581E-6 3.84856E-6 3.54765E-6 3.43905E-6 2.14428E-6 1.76958E-6 1.59378E-6 1.47719E-6 1.55896E-6 1.7199E-6 1.92806E-6 1.80758E-6 1.94634E-6 2.02601E-6 1.91537E-6 2.15617E-6 2.72143E-6 3.31215E-6 3.40159E-6 2.97634E-6 2.64642E-6 2.09292E-6 1.91136E-6 2.3373E-6 2.74575E-6 3.0387E-6 3.44137E-6 3.809E-6 4.94482E-6 2.8762E-6 2.89396E-6 1.00941E-5 7.53607E-5 2.78927E-4 3.76537E-4 5.31247E-4 5.67694E-4 5.35733E-4 4.68521E-4 5.55972E-4 5.80812E-4 5.27157E-4 5.41524E-4 5.17042E-4 5.47389E-4 5.05163E-4 5.22076E-4 4.96476E-4 4.41942E-4 3.97817E-4 3.9451E-4 1.23654E-4 6.41428E-5 5.80797E-5 1.80411E-5
2.85587E-6 3.20039E-6 2.65431E-6 2.19263E-6 1.93943E-6 2.05234E-6 2.09305E-6 2.23061E-6 2.34395E-6 2.82386E-6 3.93466E-6 3.81734E-6 3.8625E-6 3.70337E-6 4.07795E-6 3.80199E-6 3.19835E-6 2.92909E-6 2.63658E-6 1.81655E-6 2.15905E-6 2.27233E-6 2.20064E-6 2.18687E-6 2.3606E-6 2.24818E-6 2.44981E-6 2.96939E-6 3.21707E-6 3.76531E-6 3.77203E-6 2.8379E-6 2.63138E-6 2.6092E-6 2.37183E-6 2.79844E-6 3.33068E-6 3.55407E-6 3.46527E-6 3.33513E-6 4.05372E-6 1.202E-5 1.64818E-4 3.1958E-4 3.34473E-4 3.77201E-4 5.88476E-4 5.82113E-4 4.87218E-4 2.41905E-4 2.96371E-4 5.48795E-4 4.91215E-4 5.70451E-4 5.26168E-4 4.35857E-4 4.28522E-4 4.84976E-4 4.57992E-4 3.9524E-4 4.33048E-4 4.35956E-4 3.43208E-4 7.78809E-5 2.56721E-5 1.09735E-5
2.71448E-6 3.02646E-6 2.94304E-6 2.88286E-6 2.3787E-6 2.28939E-6 2.31455E-6 3.06508E-6 2.23735E-6 3.37323E-6 5.70523E-6 4.91182E-6 3.98507E-6 4.08592E-6 4.12952E-6 3.79906E-6 3.36432E-6 3.07655E-6 2.83023E-6 2.42546E-6 2.11105E-6 2.2409E-6 3.18026E-6 4.482E-6 3.66674E-6 2.74829E-6 3.09968E-6 3.67142E-6 4.06226E-6 5.77808E-6 4.38651E-6 3.66523E-6 2.53794E-6 2.48957E-6 2.95219E-6 3.22941E-6 2.93568E-6 3.14374E-6 3.98928E-6 7.70198E-6 4.33338E-5 2.58709E-4 3.30379E-4 3.52959E-4 5.50603E-4 5.93802E-4 6.02771E-4 5.87384E-4 2.34344E-4 2.50041E-4 2.70882E-4 5.78286E-4 5.84874E-4 5.77915E-4 5.23467E-4 5.57592E-4 5.22212E-4 4.1191E-4 4.31745E-4 4.46311E-4 4.05405E-4 3.01722E-4 2.40184E-4 2.1345E-5 1.48631E-5 6.96018E-6
3.19428E-6 3.34025E-6 3.47591E-6 3.375E-6 3.22075E-6 3.20552E-6 4.99637E-6 5.88892E-6 5.44282E-6 5.44737E-6 6.03028E-6 5.51499E-6 4.64345E-6 4.73923E-6 4.48606E-6 4.11338E-6 3.91765E-6 4.18321E-6 3.86856E-6 2.10715E-6 2.2478E-6 3.12306E-6 3.60537E-6 3.76117E-6 2.80286E-6 2.93263E-6 3.5548E-6 4.11187E-6 5.09633E-6 4.57879E-6 3.22342E-6 2.86414E-6 2.77694E-6 2.94614E-6 3.32748E-6 3.4835E-6 3.36506E-6 5.40825E-6 2.3355E-5 1.24276E-4 5.37841E-4 6.04541E-4 4.378E-4 4.83329E-4 5.43831E-4 3.2244E-4 3.05347E-4 2.12728E-4 5.54627E-4 6.03213E-4 6.04716E-4 5.49842E-4 5.39347E-4 4.96872E-4 5.78049E-4 5.53771E-4 4.8318E-4 2.91843E-4 6.50086E-5 7.77327E-5 1.47938E-5 1.3868E-5 8.92713E-6 3.84719E-6 -9999 -9999
3.69606E-6 3.74906E-6 3.9366E-6 4.15384E-6 3.84529E-6 3.59363E-6 3.44798E-6 6.55463E-6 6.43142E-6 6.46955E-6 6.53732E-6 5.10382E-6 5.14644E-6 5.28194E-6 5.19823E-6 5.00086E-6 4.66187E-6 4.96419E-6 4.40113E-6 2.67917E-6 2.50156E-6 2.86499E-6 3.3592E-6 2.62256E-6 2.93223E-6 5.14193E-6 6.04906E-6 5.53838E-6 3.96557E-6 3.57064E-6 2.95869E-6 2.9978E-6 3.0056E-6 3.05845E-6 3.45985E-6 1.87086E-5 4.56184E-5 1.21213E-4 2.20851E-4 5.7474E-4 6.17262E-4 6.25752E-4 6.15899E-4 5.73567E-4 3.06434E-4 3.09308E-4 2.1154E-4 6.12342E-4 6.20296E-4 6.05903E-4 5.52441E-4 5.47345E-4 5.59381E-4 5.48095E-4 5.59471E-4 4.78535E-4 3.57351E-4 2.20598E-5 9.27353E-6 7.6356E-6 7.22592E-6 4.89177E-6 3.46082E-6 -9999 -9999 -9999
7.41052E-6 4.77798E-6 6.26466E-6 4.22924E-6 4.17622E-6 4.15929E-6 4.09603E-6 6.69377E-6 7.21097E-6 1.05572E-5 1.52112E-5 1.30411E-5 5.92153E-6 5.85647E-6 5.85556E-6 5.36427E-6 5.60221E-6 6.18399E-6 5.93564E-6 3.20014E-6 2.86604E-6 2.74018E-6 3.57043E-6 3.06547E-6 4.57754E-6 1.69612E-5 3.8653E-5 2.12314E-5 8.628E-6 6.74753E-6 5.77299E-6 5.21143E-6 6.2926E-6 9.28277E-6 1.0718E-5 1.32299E-5 3.5867E-5 3.27113E-5 3.2832E-4 6.1272E-4 6.29009E-4 5.90198E-4 6.24641E-4 5.7479E-4 2.349E-4 1.64384E-4 3.39863E-4 6.26222E-4 6.24512E-4 6.19668E-4 5.58828E-4 5.99313E-4 5.83435E-4 5.72079E-4 4.53949E-4 7.86319E-5 2.61903E-5 1.71193E-5 6.43176E-6 3.95595E-6 3.40266E-6 3.78424E-6 -9999 -9999 -9999 -9999
1.88409E-5 1.57235E-5 1.43478E-5 4.50995E-6 4.07913E-6 6.41861E-6 4.87134E-6 5.76234E-6 1.22932E-5 3.23447E-5 1.75771E-5 8.91404E-6 5.95242E-6 6.27251E-6 6.41894E-6 6.42226E-6 6.40658E-6 6.42015E-6 6.45445E-6 7.22586E-6 3.83315E-6 6.17597E-6 1.66012E-5 5.25685E-5 1.58131E-4 4.28709E-4 4.64822E-4 4.95306E-4 2.01375E-4 2.46117E-5 1.59422E-5 3.06812E-5 6.65742E-5 8.04016E-5 4.07433E-5 4.22083E-5 7.43254E-5 5.27627E-4 6.32534E-4 6.46937E-4 6.42298E-4 6.18061E-4 4.50208E-4 1.62501E-4 1.44293E-4 5.69889E-4 6.29237E-4 6.26145E-4 6.23249E-4 6.17372E-4 6.01544E-4 4.81203E-4 4.85646E-4 3.33696E-5 1.72276E-5 2.12082E-5 1.22575E-5 5.78512E-6 4.70527E-6 3.81695E-6 -9999 -9999 -9999 -9999 -9999 -9999
2.14616E-4 1.13091E-4 1.6429E-5 5.10363E-6 3.99019E-6 5.22883E-6 8.13595E-6 8.15282E-6 1.75999E-5 1.84496E-5 1.117E-5 9.60791E-6 1.11238E-5 8.11553E-6 1.42828E-5 3.05866E-5 8.27027E-5 2.98803E-4 1.56501E-4 3.52111E-4 4.42635E-4 4.9496E-4 5.11719E-4 5.51853E-4 6.22475E-4 5.90489E-4 5.97321E-4 5.98479E-4 6.43797E-4 6.02657E-4 5.91792E-4 5.98654E-4 6.08484E-4 6.07423E-4 6.29496E-4 6.26677E-4 6.58563E-4 6.43154E-4 6.49227E-4 5.73106E-4 4.02727E-4 1.36582E-4 1.66289E-4 5.98808E-4 6.23597E-4 6.33099E-4 6.27889E-4 5.75598E-4 5.8067E-4 6.03612E-4 6.77576E-5 8.34526E-5 6.09604E-5 2.00037E-5 7.29166E-6 2.1404E-5 5.80749E-6 4.43899E-6 3.81327E-6 -9999 -9999 -9999 -9999 -9999 -9999 -9999
4.04499E-4 3.21198E-4 1.65594E-4 6.25564E-5 4.80344E-5 6.22295E-5 1.3104E-4 3.3036E-4 4.95628E-4 4.54223E-4 2.40038E-4 3.51874E-4 4.41384E-4 4.70541E-4 4.98319E-4 5.00949E-4 5.14763E-4 5.44722E-4 5.78825E-4 6.07097E-4 5.72818E-4 6.35731E-4 6.37005E-4 6.49271E-4 6.74875E-4 6.30161E-4 6.21699E-4 6.31617E-4 6.60727E-4 6.63845E-4 6.47585E-4 6.09037E-4 6.51216E-4 6.59678E-4 6.40005E-4 6.57983E-4 6.48769E-4 5.60017E-4 4.08773E-4 1.55581E-4 6.17291E-4 6.4731E-4 6.3352E-4 6.12322E-4 5.24133E-4 5.9792E-4 5.10117E-4 5.4031E-4 4.21937E-4 2.99754E-4 2.45334E-5 5.74908E-5 5.1214E-5 1.18034E-5 5.33411E-6 5.23862E-6 3.97195E-6 -9999 -9999 -9999 -9999 -9999 -9999 -9999 -9999 -9999
