catData/rasterBestHybridModels/Pviverrinus/RD_BM01_RM1_H/Pviverrinus_stddev.asc
ncols         409
nrows         350
xllcorner     60.897278365
yllcorner     5.843756025
cellsize      0.0892857
NODATA_value  -9999
[rows 261 to 289 of 350, columns 132 to 197 of 409]
-9999 -9999 -9999 -9999 -9999 -9999 -9999 -9999 -9999 -9999 -9999 -9999 -9999 -9999 -9999 -9999 -9999 -9999 -9999 -9999 -9999 -9999 7.38938E-5 8.54862E-5 6.6638E-5 2.03381E-5 8.93638E-6 1.08966E-5 1.1652E-5 1.19978E-5 1.23355E-5 4.10656E-5 1.51745E-5 3.93697E-5 1.21886E-5 7.69149E-6 3.8823E-6 3.46022E-6 3.06181E-6 2.57255E-6 3.41736E-6 2.79648E-6 2.40775E-6 2.53769E-6 3.07504E-6 4.63963E-6 5.09246E-6 4.5929E-6 4.64078E-6 4.71499E-6 4.2676E-6 4.77052E-6 5.1629E-6 6.48176E-6 6.77386E-6 6.73842E-6 4.34266E-6 2.76773E-6 4.22858E-6 2.81829E-6 3.05881E-6 2.96589E-6 2.80694E-6 2.49461E-6 2.14208E-6 2.74813E-6
-9999 -9999 -9999 -9999 -9999 -9999 -9999 -9999 -9999 -9999 -9999 -9999 -9999 -9999 -9999 -9999 -9999 -9999 -9999 -9999 -9999 -9999 8.04137E-5 8.59952E-5 8.11748E-5 6.34404E-5 9.90096E-6 1.03718E-5 1.14306E-5 1.12294E-5 1.03302E-5 9.92897E-6 1.59151E-5 3.3196E-5 5.61361E-6 3.50119E-6 3.07746E-6 4.47055E-6 4.38291E-6 3.3306E-6 2.41624E-6 2.59367E-6 2.35333E-6 3.28186E-6 3.78595E-6 4.71703E-6 4.46977E-6 6.80627E-6 4.34429E-6 5.84729E-6 4.06351E-6 4.86282E-6 5.62026E-6 8.848E-6 6.52752E-6 6.08206E-6 4.57078E-6 3.7839E-6 3.71936E-6 3.93474E-6 4.80017E-6 4.82457E-6 4.05883E-6 3.28595E-6 3.89289E-6 5.53244E-6
-9999 -9999 -9999 -9999 -9999 -9999 -9999 -9999 -9999 -9999 -9999 -9999 -9999 -9999 -9999 -9999 -9999 -9999 -9999 -9999 -9999 -9999 7.52838E-5 9.16038E-5 7.84578E-5 7.29937E-5 2.08994E-5 1.09114E-5 1.59552E-5 1.41291E-5 1.09947E-5 9.12347E-6 1.40575E-5 1.34545E-5 1.15177E-5 3.16101E-6 3.05228E-6 5.56248E-6 5.16274E-6 3.88177E-6 3.36912E-6 2.95056E-6 3.85334E-6 5.90713E-6 4.00503E-6 3.94838E-6 4.11417E-6 4.57705E-6 3.92238E-6 6.05621E-6 4.33284E-6 7.53982E-6 5.75146E-6 6.07841E-6 1.26218E-5 4.9636E-6 4.50256E-6 4.93797E-6 4.55471E-6 5.1114E-6 5.34279E-6 4.92979E-6 4.31128E-6 3.8603E-6 1.09315E-5 8.33163E-6
-9999 -9999 -9999 -9999 -9999 -9999 -9999 -9999 -9999 -9999 -9999 -9999 -9999 -9999 -9999 -9999 -9999 -9999 -9999 -9999 -9999 -9999 9.03371E-5 9.39623E-5 7.89929E-5 9.05092E-5 3.43499E-5 1.09937E-5 1.46172E-5 1.8233E-5 1.25412E-5 9.02281E-6 1.61349E-5 1.4194E-5 9.08846E-6 1.48594E-5 3.20047E-6 3.40259E-6 5.04599E-6 3.90141E-6 7.88165E-6 4.05953E-6 3.06621E-6 5.61641E-6 3.10987E-6 5.84192E-6 3.46107E-6 4.82731E-6 5.64966E-6 1.13141E-5 1.11399E-5 8.71648E-6 1.2182E-5 1.06588E-5 1.19005E-5 6.84532E-6 6.42427E-6 5.66239E-6 4.65486E-6 4.53331E-6 4.80578E-6 4.80243E-6 3.68133E-6 3.35842E-6 1.53786E-5 1.08837E-5
-9999 -9999 -9999 -9999 -9999 -9999 -9999 -9999 -9999 -9999 -9999 -9999 -9999 -9999 -9999 -9999 -9999 -9999 -9999 -9999 -9999 -9999 -9999 1.07575E-4 8.177E-5 7.866E-5 3.51961E-5 1.07981E-5 8.28531E-6 1.30835E-5 1.2772E-5 1.17058E-5 1.26026E-5 9.18402E-6 4.86176E-6 3.55475E-6 2.93981E-6 4.00143E-6 6.47193E-6 7.77704E-6 3.32657E-6 6.04871E-6 4.31139E-6 3.11103E-6 2.84269E-6 3.14798E-6 3.79687E-6 6.6631E-6 1.18436E-5 1.21152E-5 6.59086E-6 9.15624E-6 5.6909E-6 4.54722E-6 6.78505E-6 1.02907E-5 1.00179E-5 4.37278E-6 5.07444E-6 4.89466E-6 4.77942E-6 6.80878E-6 6.02974E-6 5.84118E-6 5.08093E-6 6.4526E-6
-9999 -9999 -9999 -9999 -9999 -9999 -9999 -9999 -9999 -9999 -9999 -9999 -9999 -9999 -9999 -9999 -9999 -9999 -9999 -9999 -9999 -9999 -9999 1.02031E-4 8.25457E-5 9.30126E-5 4.59728E-5 9.38525E-6 6.29546E-6 9.13541E-6 9.45441E-6 1.42352E-5 1.39006E-5 9.69726E-6 1.19987E-5 4.90556E-6 3.33432E-6 5.79477E-6 7.03111E-6 7.27717E-6 5.0671E-6 8.28708E-6 5.1061E-6 5.32014E-6 6.94667E-6 5.63872E-6 3.81402E-6 4.56685E-6 1.19881E-5 1.02748E-5 1.12484E-5 8.65322E-6 5.00313E-6 5.39175E-6 7.94205E-6 1.05749E-5 7.66768E-6 7.48058E-6 8.89031E-6 6.78973E-6 8.6761E-6 6.54861E-6 1.22828E-5 6.80509E-6 6.91009E-6 8.53528E-6
-9999 -9999 -9999 -9999 -9999 -9999 -9999 -9999 -9999 -9999 -9999 -9999 -9999 -9999 -9999 -9999 -9999 -9999 -9999 -9999 -9999 -9999 -9999 9.18522E-5 8.03276E-5 6.16561E-5 5.4056E-5 2.59023E-5 6.045E-6 8.17753E-6 8.45946E-6 9.71347E-6 1.11201E-5 1.11544E-5 2.34289E-5 1.21855E-5 6.14742E-6 2.89332E-6 3.10064E-6 3.42736E-6 4.10677E-6 4.74768E-6 6.79228E-6 8.77891E-6 3.70014E-6 7.22526E-6 4.06405E-6 3.95458E-6 8.71282E-6 1.1746E-5 1.09921E-5 9.35452E-6 1.03555E-5 4.82992E-6 7.93568E-6 1.07411E-5 1.07088E-5 1.06197E-5 9.83426E-6 1.10118E-5 1.11354E-5 1.15379E-5 9.91678E-6 7.77154E-6 6.68061E-6 8.36711E-6
-9999 -9999 -9999 -9999 -9999 -9999 -9999 -9999 -9999 -9999 -9999 -9999 -9999 -9999 -9999 -9999 -9999 -9999 -9999 -9999 -9999 -9999 -9999 1.22759E-4 9.87127E-5 6.28554E-5 5.62795E-5 5.35183E-5 1.69283E-5 1.55737E-5 1.74153E-5 7.97927E-6 7.78054E-6 7.38637E-6 1.29048E-5 1.86577E-5 9.25083E-6 5.5363E-6 5.33543E-6 7.78896E-6 3.5453E-6 7.81272E-6 8.55638E-6 7.91255E-6 6.79429E-6 7.2932E-6 4.34336E-6 4.10422E-6 5.79071E-6 6.51082E-6 8.89115E-6 1.11863E-5 1.15085E-5 6.84054E-6 5.95057E-6 9.65241E-6 1.11727E-5 1.0422E-5 1.04589E-5 8.33296E-6 1.08225E-5 1.10661E-5 1.10367E-5 6.62233E-6 8.41522E-6 4.77372E-6
-9999 -9999 -9999 -9999 -9999 -9999 -9999 -9999 -9999 -9999 -9999 -9999 -9999 -9999 -9999 -9999 -9999 -9999 -9999 -9999 -9999 -9999 -9999 -9999 1.29947E-4 8.00718E-5 9.54874E-5 8.69131E-5 7.95E-5 7.38883E-5 7.03899E-5 2.34188E-5 8.38449E-6 8.04985E-6 1.4751E-5 8.6549E-6 1.42931E-5 1.13364E-5 4.26514E-6 8.03272E-6 8.47755E-6 7.89614E-6 8.05518E-6 8.01067E-6 6.4877E-6 6.57441E-6 4.1054E-6 4.30096E-6 5.34509E-6 4.70571E-6 7.04862E-6 9.62884E-6 1.24539E-5 1.24756E-5 5.16318E-6 1.14776E-5 7.26964E-6 7.71143E-6 7.49484E-6 1.03386E-5 1.06653E-5 1.08793E-5 6.01349E-6 1.08647E-5 1.1002E-5 4.86929E-6
-9999 -9999 -9999 -9999 -9999 -9999 -9999 -9999 -9999 -9999 -9999 -9999 -9999 -9999 -9999 -9999 -9999 -9999 -9999 -9999 -9999 -9999 -9999 -9999 1.29267E-4 1.25119E-4 8.88384E-5 7.61005E-5 9.02238E-5 8.9368E-5 8.20617E-5 4.70067E-5 1.30497E-5 8.89781E-6 8.65558E-6 7.95999E-6 1.05478E-5 8.70195E-6 7.83844E-6 6.06778E-6 6.58888E-6 8.34942E-6 8.24816E-6 8.24275E-6 5.56341E-6 5.85178E-6 4.13985E-6 7.32867E-6 6.19035E-6 7.48156E-6 9.74975E-6 1.76404E-5 1.34486E-5 2.42073E-5 1.38034E-5 8.53022E-6 1.15284E-5 1.05986E-5 6.9852E-6 1.04342E-5 6.27498E-6 1.08487E-5 1.07197E-5 1.09595E-5 9.69108E-6 6.23313E-6
-9999 -9999 -9999 -9999 -9999 -9999 -9999 -9999 -9999 -9999 -9999 -9999 -9999 -9999 -9999 -9999 -9999 -9999 -9999 -9999 -9999 -9999 -9999 -9999 9.51915E-5 6.55626E-5 8.34285E-5 8.39302E-5 1.0349E-4 9.21923E-5 8.70652E-5 8.14499E-5 4.60665E-5 1.10736E-5 9.01164E-6 1.28074E-5 1.39233E-5 1.02493E-5 1.83715E-5 4.00186E-6 4.00028E-6 6.52123E-6 5.24388E-6 7.56152E-6 7.08243E-6 3.22004E-6 4.31424E-6 7.90156E-6 8.2367E-6 7.70373E-6 7.48309E-6 2.37096E-5 2.5309E-5 2.51759E-5 1.81583E-5 9.45041E-6 4.56614E-6 1.07607E-5 1.04552E-5 1.04339E-5 5.01037E-6 7.53767E-6 9.95721E-6 8.49339E-6 7.80806E-6 4.33046E-6
-9999 -9999 -9999 -9999 -9999 -9999 -9999 -9999 -9999 -9999 -9999 -9999 -9999 -9999 -9999 -9999 -9999 -9999 -9999 -9999 -9999 -9999 -9999 -9999 1.14824E-4 1.20322E-4 9.39138E-5 7.6699E-5 7.88618E-5 7.75693E-5 7.4629E-5 7.4127E-5 5.53405E-5 1.33711E-5 8.72891E-6 1.49112E-5 1.52642E-5 1.51829E-5 8.39115E-6 4.36534E-6 4.22248E-6 5.2302E-6 6.827E-6 7.91139E-6 2.41912E-6 3.3075E-6 5.17473E-6 6.59871E-6 1.32717E-5 1.27146E-5 1.27732E-5 2.55735E-5 1.51273E-5 1.31287E-5 1.20864E-5 7.74305E-6 1.03861E-5 1.0407E-5 1.2463E-5 1.08936E-5 5.62873E-6 6.4244E-6 6.79879E-6 7.83202E-6 5.10913E-6 6.10566E-6
-9999 -9999 -9999 -9999 -9999 -9999 -9999 -9999 -9999 -9999 -9999 -9999 -9999 -9999 -9999 -9999 -9999 -9999 -9999 -9999 -9999 -9999 -9999 -9999 -9999 1.24478E-4 9.08821E-5 7.29664E-5 7.43315E-5 7.38125E-5 8.66642E-5 9.25981E-5 8.72446E-5 2.4051E-5 9.12139E-6 1.17362E-5 1.22576E-5 1.68693E-5 4.61694E-6 7.45492E-6 4.4423E-6 4.11353E-6 4.50326E-6 8.62189E-6 9.57735E-6 5.46517E-6 6.81261E-6 1.8681E-5 8.44799E-6 1.34712E-5 2.66675E-5 1.98174E-5 1.33574E-5 8.4023E-6 7.79414E-6 8.53811E-6 6.29861E-6 1.03618E-5 1.09974E-5 1.16241E-5 1.23896E-5 1.2489E-5 1.19116E-5 1.1695E-5 1.50516E-5 1.08703E-5
-9999 -9999 -9999 -9999 -9999 -9999 -9999 -9999 -9999 -9999 -9999 -9999 -9999 -9999 -9999 -9999 -9999 -9999 -9999 -9999 -9999 -9999 -9999 -9999 -9999 -9999 8.71533E-5 7.06551E-5 6.6146E-5 6.95664E-5 6.36601E-5 5.79206E-5 5.42627E-5 1.5417E-5 1.12844E-5 1.23302E-5 1.45219E-5 1.14118E-5 4.7215E-6 7.38555E-6 7.056E-6 8.62468E-6 9.19196E-6 9.58615E-6 1.07708E-5 9.26754E-6 5.84308E-6 2.04919E-5 2.09181E-5 1.60705E-5 1.59592E-5 1.97313E-5 8.00843E-6 7.74822E-6 4.03424E-6 4.66195E-6 1.64641E-6 5.08764E-6 8.36532E-6 2.49818E-5 1.26394E-5 1.30228E-5 1.30942E-5 1.28071E-5 7.08184E-6 1.08192E-5
-9999 -9999 -9999 -9999 -9999 -9999 -9999 -9999 -9999 -9999 -9999 -9999 -9999 -9999 -9999 -9999 -9999 -9999 -9999 -9999 -9999 -9999 -9999 -9999 -9999 -9999 6.71249E-5 5.55778E-5 6.21978E-5 5.25075E-5 4.59958E-5 3.21445E-5 1.89893E-5 8.11373E-6 9.2786E-6 1.47749E-5 2.01731E-5 1.78893E-5 1.08648E-5 4.94188E-6 1.06792E-5 2.24097E-5 5.87519E-6 6.09251E-6 6.88301E-6 1.02102E-5 6.40945E-6 9.38862E-6 2.31643E-5 2.1451E-5 1.34741E-5 6.16327E-6 6.1116E-6 8.36153E-6 4.01534E-6 2.41324E-6 3.33306E-6 3.58396E-6 5.28413E-6 6.92041E-6 1.25941E-5 1.36087E-5 1.35579E-5 1.39171E-5 9.4556E-6 1.21636E-5
-9999 -9999 -9999 -9999 -9999 -9999 -9999 -9999 -9999 -9999 -9999 -9999 -9999 -9999 -9999 -9999 -9999 -9999 -9999 -9999 -9999 -9999 -9999 -9999 -9999 -9999 -9999 5.55308E-5 5.78163E-5 4.61535E-5 2.10256E-5 1.00318E-5 8.26972E-6 6.70735E-6 7.47508E-6 1.75364E-5 2.61563E-5 1.6379E-5 9.937E-6 6.16555E-6 4.69661E-6 1.0472E-5 1.07517E-5 1.10547E-5 1.14863E-5 8.15845E-6 1.26976E-5 1.30212E-5 1.73248E-5 2.61291E-5 5.66088E-6 5.49779E-6 5.63117E-6 5.8652E-6 4.96032E-6 2.27837E-6 2.596E-6 1.72479E-6 8.38899E-6 1.20467E-5 1.30731E-5 1.37745E-5 1.39915E-5 1.48334E-5 1.47769E-5 2.15374E-5
-9999 -9999 -9999 -9999 -9999 -9999 -9999 -9999 -9999 -9999 -9999 -9999 -9999 -9999 -9999 -9999 -9999 -9999 -9999 -9999 -9999 -9999 -9999 -9999 -9999 -9999 -9999 1.0475E-4 7.10564E-5 5.72479E-5 4.38259E-5 1.0005E-5 6.25473E-6 6.71452E-6 7.00317E-6 1.48767E-5 9.5974E-6 1.49531E-5 1.66444E-5 1.93746E-5 9.45128E-6 6.52082E-6 8.64067E-6 9.19633E-6 1.57341E-5 1.23052E-5 8.33529E-6 1.26719E-5 5.11249E-6 5.23857E-6 1.77042E-5 2.11765E-5 5.41459E-6 6.70389E-6 4.53039E-6 2.57875E-6 6.77571E-6 9.57368E-6 1.05128E-5 1.28708E-5 1.39494E-5 1.42157E-5 1.52829E-5 1.50479E-5 1.16777E-5 1.12963E-5
-9999 -9999 -9999 -9999 -9999 -9999 -9999 -9999 -9999 -9999 -9999 -9999 -9999 -9999 -9999 -9999 -9999 -9999 -9999 -9999 -9999 -9999 -9999 -9999 -9999 -9999 -9999 -9999 9.37135E-5 6.98408E-5 5.72918E-5 3.96814E-5 7.74445E-6 6.28741E-6 8.37645E-6 9.45098E-6 9.45659E-6 1.2806E-5 1.95482E-5 1.24155E-5 1.02497E-5 2.11885E-5 1.19267E-5 1.14672E-5 1.23875E-5 1.2641E-5 1.26843E-5 1.1042E-5 1.70776E-5 4.37299E-6 2.16132E-6 5.11667E-6 2.24719E-6 1.88755E-5 1.92269E-5 5.29432E-6 1.42477E-5 1.84892E-5 5.63671E-6 6.72486E-6 1.43223E-5 1.44633E-5 1.37493E-5 1.1865E-5 1.42954E-5 1.35589E-5
-9999 -9999 -9999 -9999 -9999 -9999 -9999 -9999 -9999 -9999 -9999 -9999 -9999 -9999 -9999 -9999 -9999 -9999 -9999 -9999 -9999 -9999 -9999 -9999 -9999 -9999 -9999 -9999 1.24237E-4 9.55771E-5 7.37346E-5 5.12565E-5 4.12826E-5 2.98789E-5 1.28511E-5 1.11143E-5 1.05139E-5 1.08543E-5 1.30567E-5 2.18457E-5 5.62186E-6 6.21572E-6 1.13107E-5 1.1456E-5 1.83755E-5 1.44632E-5 1.23533E-5 1.1382E-5 1.49066E-5 3.60355E-6 3.00909E-6 2.57617E-6 5.58531E-6 2.46202E-6 1.10967E-5 8.38099E-6 2.07769E-5 1.97097E-5 1.15844E-5 9.10426E-6 1.4314E-5 1.40971E-5 2.30881E-5 1.00137E-5 1.02395E-5 1.03879E-5
-9999 -9999 -9999 -9999 -9999 -9999 -9999 -9999 -9999 -9999 -9999 -9999 -9999 -9999 -9999 -9999 -9999 -9999 -9999 -9999 -9999 -9999 -9999 -9999 -9999 -9999 -9999 -9999 1.20813E-4 8.09701E-5 1.00261E-4 7.97777E-5 6.7965E-5 6.41832E-5 4.39848E-5 1.39178E-5 1.14617E-5 1.07234E-5 1.07602E-5 1.29265E-5 4.39507E-6 5.13441E-6 1.13409E-5 1.04989E-5 1.34401E-5 2.46474E-5 7.36594E-6 2.58596E-5 1.12186E-5 4.21235E-6 5.97477E-6 1.8788E-6 2.20109E-6 6.22519E-6 7.64117E-6 1.02086E-5 8.00548E-6 4.80351E-6 1.3588E-5 9.54017E-6 1.40968E-5 6.36978E-6 1.18446E-5 1.02386E-5 8.77545E-6 1.02987E-5
-9999 -9999 -9999 -9999 -9999 -9999 -9999 -9999 -9999 -9999 -9999 -9999 -9999 -9999 -9999 -9999 -9999 -9999 -9999 -9999 -9999 -9999 -9999 -9999 -9999 -9999 -9999 -9999 -9999 9.7675E-5 9.75882E-5 9.40099E-5 8.78591E-5 8.16851E-5 7.03295E-5 3.86406E-5 1.22855E-5 1.3316E-5 2.43695E-5 6.3446E-6 8.53657E-6 6.29021E-6 5.03892E-6 1.01373E-5 4.1663E-6 8.04855E-6 1.10823E-5 6.31258E-6 5.94101E-6 4.20405E-6 6.0053E-6 6.36759E-6 3.3515E-6 1.57162E-5 1.20563E-5 2.78183E-5 1.12448E-5 7.35944E-6 7.30188E-6 1.92241E-5 1.0108E-5 9.80073E-6 1.38145E-5 1.01337E-5 9.39086E-6 1.2926E-5
-9999 -9999 -9999 -9999 -9999 -9999 -9999 -9999 -9999 -9999 -9999 -9999 -9999 -9999 -9999 -9999 -9999 -9999 -9999 -9999 -9999 -9999 -9999 -9999 -9999 -9999 -9999 -9999 -9999 -9999 1.46446E-4 1.14861E-4 8.82459E-5 7.92253E-5 5.27643E-5 4.12887E-5 2.4618E-5 2.30355E-5 2.60094E-5 2.4432E-5 1.45011E-5 3.65351E-6 4.35643E-6 9.6668E-6 3.92585E-6 3.54393E-6 4.62116E-6 5.10449E-6 4.78456E-6 8.16464E-6 4.7991E-6 5.00668E-6 8.36748E-6 2.52447E-5 1.78143E-5 3.96581E-5 1.32414E-5 2.49369E-5 1.58471E-5 1.21838E-5 1.12285E-5 5.52538E-6 6.39955E-6 1.50051E-5 1.66963E-5 2.35245E-5
-9999 -9999 -9999 -9999 -9999 -9999 -9999 -9999 -9999 -9999 -9999 -9999 -9999 -9999 -9999 -9999 -9999 -9999 -9999 -9999 -9999 -9999 -9999 -9999 -9999 -9999 -9999 -9999 -9999 -9999 -9999 1.28479E-4 1.05095E-4 6.66913E-5 4.11181E-5 2.86394E-5 2.68811E-5 2.84249E-5 2.87326E-5 2.58637E-5 1.68792E-5 1.14449E-5 1.21586E-5 7.92604E-6 7.59764E-6 3.09812E-6 3.86109E-6 3.517E-6 2.58198E-6 8.17568E-6 5.47273E-6 5.39037E-6 8.37882E-6 2.19516E-5 9.65597E-6 2.31614E-5 1.00623E-5 1.23389E-5 1.1614E-5 1.22783E-5 1.43942E-5 5.89445E-6 2.77015E-6 1.28726E-5 1.80373E-5 2.00188E-5
-9999 -9999 -9999 -9999 -9999 -9999 -9999 -9999 -9999 -9999 -9999 -9999 -9999 -9999 -9999 -9999 -9999 -9999 -9999 -9999 -9999 -9999 -9999 -9999 -9999 -9999 -9999 -9999 -9999 -9999 -9999 -9999 1.15098E-4 1.05755E-4 5.86976E-5 2.84446E-5 2.54933E-5 2.9601E-5 2.90444E-5 2.44301E-5 1.96994E-5 2.02164E-5 1.05187E-5 1.25761E-5 3.60065E-6 1.8282E-6 2.13453E-6 2.61282E-6 1.72444E-6 4.38443E-6 3.3843E-6 5.72972E-6 7.87144E-6 1.09059E-5 1.59638E-5 8.22902E-6 1.66436E-5 1.31829E-5 1.63604E-5 1.0264E-5 1.35257E-5 1.6685E-5 1.52166E-5 1.26158E-5 1.45947E-5 1.21523E-5
-9999 -9999 -9999 -9999 -9999 -9999 -9999 -9999 -9999 -9999 -9999 -9999 -9999 -9999 -9999 -9999 -9999 -9999 -9999 -9999 -9999 -9999 -9999 -9999 -9999 -9999 -9999 -9999 -9999 -9999 -9999 -9999 1.19855E-4 1.31987E-4 9.77828E-5 5.04513E-5 2.70983E-5 2.74002E-5 2.48021E-5 2.64359E-5 2.14767E-5 1.88003E-5 1.27945E-5 1.05674E-5 1.51538E-5 1.53085E-5 1.12282E-5 7.33998E-6 6.83596E-6 6.21147E-6 8.89643E-6 8.01766E-6 9.20069E-6 1.83256E-5 1.25231E-5 8.98717E-6 1.26922E-5 1.13275E-5 1.05976E-5 2.15676E-5 1.40208E-5 1.36904E-5 9.72135E-6 1.12518E-5 1.23674E-5 1.21515E-5
-9999 -9999 -9999 -9999 -9999 -9999 -9999 -9999 -9999 -9999 -9999 -9999 -9999 -9999 -9999 -9999 -9999 -9999 -9999 -9999 -9999 -9999 -9999 -9999 -9999 -9999 -9999 -9999 -9999 -9999 -9999 -9999 -9999 1.34228E-4 1.04894E-4 8.50169E-5 3.89191E-5 3.20132E-5 1.60539E-5 3.49444E-5 2.69805E-5 1.68988E-5 9.39767E-6 6.1988E-6 1.0153E-5 8.81904E-6 7.12269E-6 7.94668E-6 2.97048E-5 3.24888E-6 3.59829E-6 5.70898E-6 1.97312E-5 6.67426E-5 1.69465E-5 1.043E-5 3.07522E-5 1.1577E-5 1.06073E-5 1.41894E-5 1.46342E-5 1.35736E-5 1.35441E-5 1.35925E-5 1.21985E-5 5.43961E-5
-9999 -9999 -9999 -9999 -9999 -9999 -9999 -9999 -9999 -9999 -9999 -9999 -9999 -9999 -9999 -9999 -9999 -9999 -9999 -9999 -9999 -9999 -9999 -9999 -9999 -9999 -9999 -9999 -9999 -9999 -9999 -9999 -9999 -9999 1.16808E-4 1.15622E-4 1.18133E-4 5.87181E-5 1.44511E-5 4.71582E-5 6.33046E-5 3.53734E-5 6.02567E-6 8.59046E-6 1.04988E-5 7.05183E-6 6.37761E-6 6.08819E-6 8.38282E-6 4.55285E-6 4.10643E-6 6.17436E-5 1.623E-5 1.40452E-5 4.36364E-5 1.38222E-5 1.43524E-5 9.68346E-6 9.38131E-6 1.03244E-5 1.64336E-5 3.11096E-5 1.14447E-5 2.74344E-5 9.2397E-6 1.02238E-5
-9999 -9999 -9999 -9999 -9999 -9999 -9999 -9999 -9999 -9999 -9999 -9999 -9999 -9999 -9999 -9999 -9999 -9999 -9999 -9999 -9999 -9999 -9999 -9999 -9999 -9999 -9999 -9999 -9999 -9999 -9999 -9999 -9999 -9999 1.16718E-4 1.22863E-4 1.17138E-4 9.65205E-5 3.42315E-5 7.71994E-5 1.19764E-4 5.25544E-5 8.9709E-6 9.92563E-6 1.01859E-5 7.17808E-6 5.89834E-6 5.67722E-6 1.06412E-5 1.68863E-5 8.5679E-6 1.40283E-5 1.1838E-5 1.06742E-5 1.22677E-5 1.40842E-5 1.21618E-5 1.17025E-5 1.03126E-5 8.60758E-6 8.38813E-6 1.09073E-5 1.15913E-5 1.84796E-5 1.56169E-5 1.07707E-5
-9999 -9999 -9999 -9999 -9999 -9999 -9999 -9999 -9999 -9999 -9999 -9999 -9999 -9999 -9999 -9999 -9999 -9999 -9999 -9999 -9999 -9999 -9999 -9999 -9999 -9999 -9999 -9999 -9999 -9999 -9999 -9999 -9999 -9999 -9999 1.56245E-4 1.1426E-4 1.12321E-4 7.22288E-5 1.13795E-4 1.19536E-4 3.57448E-5 5.76715E-6 4.39336E-6 4.94356E-6 1.25015E-5 7.09872E-6 9.35477E-6 1.08876E-5 1.18143E-5 1.11685E-5 1.15976E-5 1.09253E-5 1.03328E-5 1.22789E-5 1.42936E-5 1.82265E-5 1.79554E-5 1.19391E-5 1.06518E-5 8.36607E-6 9.01828E-6 1.45204E-5 2.23601E-5 4.0034E-5 3.47463E-5
