catData/rasterBestHybridModels/Pviverrinus/RD_BM01_RM1_H/Pviverrinus_median.asc
ncols         409
nrows         350
xllcorner     60.897278365
yllcorner     5.843756025
cellsize      0.0892857
NODATA_value  -9999
[rows 87 to 115 of 350, columns 130 to 194 of 409]
4.56421E-6 9.73929E-6 3.99736E-6 1.21947E-5 1.35143E-5 1.35271E-5 1.21833E-5 2.97658E-6 2.96894E-6 3.04265E-6 3.45569E-6 1.17153E-5 1.16178E-5 3.04695E-6 2.87515E-6 2.90361E-6 3.07121E-6 3.83003E-6 3.33239E-6 3.23629E-6 1.6208E-5 3.96033E-6 4.32192E-6 5.75511E-6 5.54427E-6 4.66532E-6 4.99448E-6 1.03703E-5 3.1891E-5 3.44029E-5 3.71799E-5 3.44193E-5 3.6778E-5 3.84456E-5 4.73911E-5 5.00729E-5 5.21492E-5 5.39567E-5 5.46081E-5 2.32177E-5 2.41989E-5 2.54802E-5 6.04607E-5 5.46673E-5 6.4849E-5 4.41358E-5 3.07654E-5 3.23437E-5 3.38148E-5 3.56714E-5 4.09955E-5 1.09043E-4 1.41645E-4 1.59711E-4 1.6857E-4 1.70466E-4 1.73404E-4 1.80958E-4 2.19332E-4 2.37049E-4 2.27544E-4 2.0511E-4 1.95261E-4 1.94946E-4 2.14147E-4
1.32145E-5 1.3229E-5 1.30648E-5 1.32326E-5 1.41121E-5 1.49195E-5 3.35708E-6 2.83848E-6 2.92432E-6 2.96558E-6 3.99317E-6 1.10379E-5 3.07876E-6 2.62604E-6 2.71843E-6 2.77362E-6 2.7898E-6 2.93314E-6 2.23575E-6 2.31112E-6 2.68877E-6 2.97037E-6 3.12136E-6 2.93643E-6 3.08829E-6 4.67207E-6 5.09853E-6 6.38204E-6 9.57985E-6 1.59146E-5 1.50806E-5 1.50237E-5 3.18955E-5 4.20862E-5 4.55951E-5 4.90653E-5 5.18543E-5 5.36443E-5 4.97593E-5 2.39474E-5 2.59314E-5 2.61565E-5 5.0719E-5 5.46921E-5 2.76211E-5 4.32496E-5 6.60754E-5 7.57547E-5 7.53169E-5 3.56904E-5 3.89315E-5 1.06175E-4 1.47681E-4 1.57299E-4 1.63382E-4 1.63446E-4 1.60155E-4 1.83524E-4 2.1068E-4 2.2716E-4 2.32394E-4 2.18152E-4 2.09748E-4 1.74545E-4 1.96386E-4
9.57935E-6 1.02108E-5 1.03304E-5 1.03356E-5 8.98534E-6 3.24996E-6 2.80916E-6 2.62153E-6 2.63329E-6 2.8963E-6 5.27385E-6 1.05275E-5 3.94962E-6 2.53703E-6 2.60786E-6 2.52688E-6 2.39214E-6 2.46418E-6 1.93931E-6 2.04836E-6 2.25002E-6 2.53973E-6 2.66751E-6 2.69484E-6 4.01452E-6 4.51891E-6 4.84803E-6 5.1065E-6 6.83585E-6 1.32567E-5 1.37092E-5 1.46242E-5 3.93539E-5 4.11687E-5 4.42228E-5 4.90246E-5 5.19897E-5 5.38351E-5 5.54474E-5 4.65673E-5 4.82689E-5 5.1937E-5 2.54056E-5 2.56716E-5 5.63709E-5 6.69274E-5 6.97428E-5 6.91882E-5 3.16488E-5 6.54125E-5 5.35745E-5 9.82391E-5 1.32247E-4 1.44122E-4 1.57742E-4 1.57086E-4 1.74402E-4 1.62584E-4 1.55793E-4 1.84974E-4 2.15836E-4 2.08762E-4 1.86949E-4 1.69735E-4 1.79288E-4
9.29582E-6 1.003E-5 1.04029E-5 9.19461E-6 6.13431E-6 2.99457E-6 2.94554E-6 2.75258E-6 2.45153E-6 2.18694E-6 4.2637E-6 5.85761E-6 2.04592E-6 1.70229E-6 2.38269E-6 2.37781E-6 2.20904E-6 2.06029E-6 1.94509E-6 2.07437E-6 2.20171E-6 2.35947E-6 2.64331E-6 3.2442E-6 5.50643E-6 4.72273E-6 4.72583E-6 6.17539E-6 7.79131E-6 8.76208E-6 9.30134E-6 1.019E-5 1.45738E-5 4.02279E-5 4.31559E-5 4.62009E-5 4.89705E-5 5.20035E-5 5.39011E-5 4.89E-5 2.38669E-5 5.56433E-5 2.44772E-5 5.4454E-5 5.57183E-5 6.51238E-5 6.76394E-5 7.14981E-5 7.32604E-5 6.35297E-5 7.65692E-5 9.22407E-5 1.09328E-4 1.25577E-4 1.239E-4 1.46158E-4 1.48511E-4 1.2214E-4 1.08544E-4 1.12305E-4 1.90815E-4 1.99376E-4 1.98025E-4 1.74402E-4 1.82145E-4
8.11068E-6 8.22067E-6 5.09414E-6 3.41407E-6 3.52928E-6 3.45368E-6 3.25234E-6 2.46645E-6 9.62048E-7 8.31743E-7 8.67445E-7 8.88911E-7 1.03146E-6 1.08526E-6 1.41269E-6 1.30308E-6 1.27414E-6 1.24266E-6 1.72962E-6 2.10679E-6 2.18795E-6 2.95334E-6 3.76434E-6 3.99006E-6 4.21295E-6 4.389E-6 4.09107E-6 5.86727E-6 6.0493E-6 8.00817E-6 8.62389E-6 8.67308E-6 1.00249E-5 1.08175E-5 1.51009E-5 4.35018E-5 4.69528E-5 4.98061E-5 5.19238E-5 5.44339E-5 5.56252E-5 5.69964E-5 3.66664E-5 6.36338E-5 6.3618E-5 6.52497E-5 6.57223E-5 6.89474E-5 7.03823E-5 7.41487E-5 7.52132E-5 8.08599E-5 1.04335E-4 1.02817E-4 1.258E-4 1.3979E-4 1.49075E-4 1.26969E-4 1.2311E-4 1.29727E-4 1.78771E-4 1.93022E-4 1.96549E-4 1.74135E-4 1.65343E-4
1.71535E-6 9.91686E-7 3.40521E-6 3.48225E-6 3.32768E-6 3.33878E-6 3.31373E-6 1.54583E-6 5.75504E-7 8.51906E-7 8.83528E-7 9.40201E-7 1.08872E-6 1.09958E-6 1.11155E-6 1.1634E-6 1.21254E-6 1.27159E-6 1.77672E-6 2.15802E-6 2.25703E-6 2.50219E-6 3.53154E-6 3.64139E-6 3.45983E-6 3.8739E-6 3.6938E-6 3.87412E-6 4.37228E-6 4.85804E-6 7.82241E-6 8.4385E-6 8.96671E-6 9.62655E-6 1.40053E-5 1.91722E-5 3.97265E-5 4.14329E-5 4.82673E-5 5.17402E-5 5.31505E-5 5.49916E-5 5.06733E-5 6.08599E-5 6.40701E-5 6.42597E-5 6.73765E-5 6.76026E-5 7.07865E-5 6.89057E-5 6.91479E-5 6.91389E-5 9.14262E-5 9.93595E-5 1.11993E-4 1.32992E-4 1.3902E-4 1.26143E-4 1.23513E-4 1.32872E-4 1.49069E-4 1.83251E-4 1.8379E-4 1.68564E-4 1.58791E-4
8.72676E-7 9.20613E-7 9.78872E-7 1.06924E-6 1.73936E-6 2.09882E-6 1.0787E-6 8.66244E-7 8.55455E-7 8.57858E-7 9.33527E-7 1.06114E-6 1.10111E-6 1.10856E-6 1.1372E-6 1.18497E-6 1.22888E-6 1.28536E-6 1.47434E-6 2.27665E-6 2.43198E-6 2.52268E-6 2.64338E-6 2.80615E-6 2.92138E-6 3.31144E-6 3.66212E-6 3.86242E-6 4.05985E-6 4.32068E-6 6.81635E-6 8.54755E-6 9.10728E-6 9.57835E-6 1.42791E-5 2.01289E-5 3.62549E-5 4.05283E-5 4.69345E-5 4.7882E-5 5.13129E-5 5.17146E-5 5.58402E-5 5.87237E-5 6.19376E-5 6.58105E-5 6.92829E-5 6.68153E-5 6.63757E-5 6.30503E-5 6.82148E-5 7.01824E-5 6.1323E-5 7.89809E-5 8.80726E-5 1.03257E-4 1.19158E-4 1.34777E-4 1.25969E-4 1.30378E-4 1.47057E-4 1.76672E-4 1.79385E-4 1.76919E-4 1.62646E-4
8.2294E-7 8.53761E-7 8.02097E-7 8.06528E-7 7.67953E-7 7.93868E-7 8.11855E-7 8.22696E-7 8.29442E-7 8.65515E-7 1.05975E-6 1.08931E-6 1.10287E-6 1.143E-6 1.19599E-6 1.24558E-6 1.26281E-6 1.33533E-6 2.10242E-6 2.39969E-6 2.54201E-6 2.61232E-6 2.71183E-6 2.83901E-6 2.94934E-6 3.34833E-6 3.62861E-6 3.81036E-6 4.0759E-6 4.30863E-6 6.17601E-6 8.03885E-6 1.0534E-5 1.23169E-5 1.61836E-5 2.79265E-5 2.94756E-5 3.75014E-5 4.66146E-5 4.64176E-5 5.30346E-5 5.16496E-5 5.45689E-5 5.75341E-5 6.12434E-5 6.47814E-5 6.70698E-5 6.8825E-5 6.50269E-5 6.57264E-5 6.17475E-5 4.48543E-5 5.10131E-5 5.01323E-5 7.97825E-5 9.27037E-5 9.67361E-5 9.74109E-5 1.36418E-4 1.27917E-4 1.44135E-4 1.62382E-4 1.06011E-4 1.68709E-4 1.60546E-4
7.90192E-7 8.04075E-7 8.05169E-7 7.96818E-7 7.5665E-7 8.2443E-7 8.4075E-7 8.31214E-7 8.31631E-7 8.75442E-7 1.06763E-6 1.0939E-6 1.12912E-6 1.19481E-6 1.23212E-6 1.2746E-6 1.29086E-6 1.38095E-6 2.31238E-6 2.50545E-6 2.65493E-6 2.73679E-6 2.8361E-6 2.95954E-6 3.07778E-6 3.34004E-6 4.50594E-6 4.75426E-6 4.9946E-6 4.39258E-6 5.43756E-6 7.69399E-6 8.38167E-6 1.24167E-5 1.36683E-5 2.74581E-5 3.04069E-5 4.89101E-5 5.05184E-5 5.0072E-5 5.14517E-5 5.1345E-5 5.35634E-5 5.63523E-5 6.05353E-5 6.40742E-5 6.49589E-5 6.28095E-5 6.18305E-5 6.45571E-5 6.38435E-5 5.18699E-5 4.91442E-5 5.9009E-5 8.3649E-5 9.36449E-5 9.52517E-5 9.79888E-5 1.29829E-4 1.38374E-4 1.40735E-4 1.48095E-4 1.61006E-4 1.54378E-4 1.54068E-4
7.82041E-7 8.12573E-7 7.29558E-7 7.46242E-7 7.72105E-7 8.06548E-7 8.63559E-7 8.62412E-7 8.6056E-7 8.79243E-7 9.64131E-7 1.12048E-6 1.17271E-6 1.19842E-6 1.20833E-6 1.25234E-6 1.30423E-6 1.46424E-6 2.44841E-6 2.5986E-6 2.78897E-6 2.95432E-6 3.03486E-6 3.10523E-6 3.25557E-6 4.95695E-6 8.38604E-6 8.65797E-6 6.37596E-6 7.33931E-6 4.91117E-6 8.4061E-6 8.22894E-6 9.46728E-6 2.21852E-5 4.20772E-5 3.30506E-5 3.6644E-5 5.08478E-5 5.29295E-5 4.8548E-5 5.07342E-5 5.28481E-5 5.51488E-5 6.0589E-5 6.03393E-5 6.15457E-5 6.26835E-5 6.31178E-5 5.97559E-5 6.26147E-5 6.34619E-5 7.00563E-5 7.46719E-5 7.9079E-5 9.60996E-5 9.99234E-5 9.80649E-5 1.18104E-4 1.17938E-4 1.10691E-4 1.16657E-4 1.27783E-4 1.54813E-4 1.55833E-4
7.88732E-7 8.02079E-7 7.34561E-7 7.83333E-7 7.80159E-7 8.05485E-7 8.34867E-7 8.54839E-7 8.64884E-7 8.27513E-7 9.55743E-7 1.30073E-6 1.81929E-6 1.86176E-6 1.33485E-6 1.25891E-6 1.32802E-6 1.85786E-6 2.54181E-6 2.69274E-6 2.92604E-6 3.03551E-6 3.09073E-6 3.1935E-6 3.41755E-6 5.64637E-6 8.68944E-6 1.3987E-5 9.53262E-6 2.04548E-5 2.7859E-5 2.26227E-5 1.0228E-5 1.38167E-5 3.93702E-5 4.17855E-5 4.31124E-5 4.11121E-5 4.88417E-5 5.12047E-5 4.99707E-5 5.14615E-5 5.36727E-5 4.65209E-5 5.46114E-5 5.41292E-5 5.60638E-5 5.80043E-5 5.91099E-5 6.03648E-5 6.69158E-5 7.14732E-5 6.84779E-5 5.33393E-5 8.05101E-5 8.74301E-5 9.54709E-5 9.81897E-5 1.09077E-4 1.14445E-4 1.20433E-4 1.14566E-4 1.32729E-4 1.37866E-4 1.56887E-4
8.26775E-7 7.94434E-7 7.70305E-7 8.31099E-7 8.11271E-7 8.18836E-7 8.29298E-7 8.38582E-7 8.36301E-7 8.50942E-7 1.64048E-6 1.18215E-5 1.20679E-5 1.23012E-5 2.18719E-6 1.42605E-6 1.65157E-6 1.88517E-6 2.08222E-6 2.31676E-6 2.71693E-6 2.96756E-6 3.07191E-6 3.29253E-6 4.01746E-6 8.68375E-6 9.04772E-6 1.0104E-5 1.67015E-5 2.63358E-5 3.71151E-5 2.55951E-5 3.05784E-5 3.9184E-5 4.06538E-5 4.17264E-5 4.18431E-5 4.28739E-5 4.71921E-5 5.02752E-5 5.00388E-5 5.28772E-5 4.37034E-5 5.2527E-5 4.59601E-5 5.27763E-5 5.45164E-5 5.74864E-5 5.90458E-5 6.24209E-5 6.78654E-5 6.77306E-5 6.85468E-5 7.01536E-5 7.98156E-5 8.76358E-5 9.39716E-5 9.9309E-5 1.0153E-4 1.07128E-4 1.17328E-4 1.14029E-4 1.21532E-4 1.28181E-4 1.395E-4
8.16241E-7 7.85262E-7 8.1751E-7 8.33294E-7 8.21291E-7 8.29185E-7 8.46396E-7 8.54148E-7 8.63339E-7 8.93455E-7 1.12496E-5 1.16959E-5 1.22186E-5 1.0224E-5 1.70275E-6 1.7166E-6 1.77807E-6 1.93263E-6 2.1945E-6 2.26259E-6 2.29158E-6 4.00806E-6 4.33374E-6 5.52006E-6 7.6886E-6 8.44973E-6 9.33372E-6 1.44762E-5 1.924E-5 2.35707E-5 2.53036E-5 2.59405E-5 3.06193E-5 3.80515E-5 4.15896E-5 4.14925E-5 4.08642E-5 4.34736E-5 4.43278E-5 4.64771E-5 4.91929E-5 5.33023E-5 3.3863E-5 5.18658E-5 5.05662E-5 5.39863E-5 5.67321E-5 5.51478E-5 5.89817E-5 6.05631E-5 6.35608E-5 6.52367E-5 6.66178E-5 6.94988E-5 8.16885E-5 8.37996E-5 9.03081E-5 9.2458E-5 9.65184E-5 9.86721E-5 1.03508E-4 1.03008E-4 1.12109E-4 1.07991E-4 1.3357E-4
8.57489E-7 9.40901E-7 8.80296E-7 8.39219E-7 8.54218E-7 8.50824E-7 8.47992E-7 8.40519E-7 8.41862E-7 7.34889E-6 1.13229E-5 1.17242E-5 1.0712E-5 1.96316E-6 1.70243E-6 1.73907E-6 1.80805E-6 1.96902E-6 2.17372E-6 2.29345E-6 2.4269E-6 5.10919E-6 7.36027E-6 7.65324E-6 8.10678E-6 9.72797E-6 1.86271E-5 2.16133E-5 2.28756E-5 2.35854E-5 2.43712E-5 2.52332E-5 2.63825E-5 4.28194E-5 4.29203E-5 4.08896E-5 4.01556E-5 4.17712E-5 4.55452E-5 4.53542E-5 5.03649E-5 5.33652E-5 5.38465E-5 5.14202E-5 5.34822E-5 4.9497E-5 5.44671E-5 5.52097E-5 5.7177E-5 4.18872E-5 6.18835E-5 6.13353E-5 6.36134E-5 6.50823E-5 7.64672E-5 8.37178E-5 8.13141E-5 8.89096E-5 9.25313E-5 9.15156E-5 8.82834E-5 9.94216E-5 1.07362E-4 1.02648E-4 1.08486E-4
9.05311E-7 8.97139E-7 8.80761E-7 8.62506E-7 9.23136E-7 9.67252E-7 9.30115E-7 2.85114E-6 1.29366E-5 1.36493E-5 1.21174E-5 1.20578E-5 1.2575E-5 2.64571E-6 2.0399E-6 1.9879E-6 1.94095E-6 2.08756E-6 2.21481E-6 2.35974E-6 4.01485E-6 7.35963E-6 7.59932E-6 7.96093E-6 8.50025E-6 1.0728E-5 2.12187E-5 2.18981E-5 2.35592E-5 2.439E-5 2.29432E-5 2.5848E-5 4.19405E-5 4.34752E-5 4.43103E-5 4.50632E-5 2.1477E-5 4.55276E-5 4.19045E-5 4.4149E-5 4.95718E-5 5.22561E-5 5.23199E-5 5.22905E-5 5.42657E-5 6.00844E-5 5.71429E-5 5.72064E-5 5.91747E-5 2.45433E-5 5.85048E-5 6.36148E-5 6.1724E-5 6.4671E-5 6.91785E-5 7.27802E-5 7.68382E-5 8.04325E-5 8.53863E-5 8.51144E-5 8.23335E-5 9.02216E-5 9.73695E-5 1.02903E-4 1.08514E-4
8.74228E-7 8.79705E-7 9.26041E-7 9.75429E-7 1.07305E-6 1.1312E-6 1.13307E-6 1.18596E-5 1.1723E-5 1.23023E-5 1.48579E-5 1.29056E-5 1.32789E-5 3.10603E-6 2.5486E-6 2.21182E-6 2.16805E-6 2.29109E-6 2.3558E-6 2.45752E-6 4.65712E-6 6.18044E-6 6.92948E-6 7.98086E-6 8.91699E-6 1.02007E-5 1.9401E-5 1.97335E-5 2.22071E-5 2.41907E-5 2.6959E-5 4.1864E-5 4.27336E-5 4.413E-5 4.52944E-5 4.725E-5 1.86819E-5 2.16735E-5 4.78079E-5 4.54613E-5 4.76161E-5 5.42055E-5 5.80429E-5 5.88406E-5 6.03728E-5 5.8092E-5 5.76391E-5 5.35465E-5 5.99755E-5 6.23177E-5 5.65997E-5 6.16024E-5 6.15412E-5 6.51537E-5 6.3511E-5 6.80402E-5 7.42932E-5 7.63534E-5 7.99877E-5 8.21729E-5 7.72838E-5 8.42402E-5 7.80532E-5 8.8392E-5 9.18245E-5
9.23318E-7 9.66869E-7 1.04138E-6 1.10071E-6 1.19269E-6 1.24548E-6 1.37237E-6 1.64147E-5 1.7927E-5 1.18665E-5 5.01495E-6 5.37411E-6 2.56602E-6 2.64482E-6 2.93026E-6 2.23577E-6 2.25443E-6 2.42349E-6 2.55283E-6 3.02229E-6 5.91469E-6 6.24113E-6 6.46047E-6 6.8287E-6 7.45023E-6 1.67412E-5 1.71327E-5 1.81196E-5 2.10446E-5 3.11972E-5 4.40093E-5 4.4232E-5 4.53779E-5 4.62376E-5 3.24688E-5 4.65775E-5 3.10566E-5 4.86654E-5 3.43368E-5 5.09326E-5 5.34383E-5 5.55173E-5 5.95874E-5 5.97753E-5 6.11321E-5 6.24157E-5 6.25619E-5 6.44585E-5 6.54148E-5 4.25685E-5 5.86301E-5 5.7871E-5 6.25423E-5 6.37851E-5 6.79761E-5 7.49507E-5 7.53537E-5 6.68942E-5 7.89645E-5 7.76185E-5 7.35338E-5 7.7078E-5 8.02119E-5 8.91524E-5 8.85448E-5
1.02381E-6 1.07009E-6 1.1426E-6 1.19411E-6 1.20094E-6 1.25596E-6 1.79835E-6 2.36546E-6 2.32099E-6 2.31994E-6 2.39128E-6 2.44464E-6 2.41232E-6 2.47975E-6 2.73431E-6 2.91087E-6 2.74159E-6 4.32298E-6 2.74653E-6 3.53539E-6 6.00217E-6 6.32133E-6 6.55682E-6 6.94169E-6 7.4062E-6 1.04611E-5 2.05097E-5 2.25895E-5 2.66784E-5 3.95895E-5 4.50333E-5 4.53589E-5 4.71759E-5 1.859E-5 1.96099E-5 4.16765E-5 4.46576E-5 2.39269E-5 3.61276E-5 5.25916E-5 5.58234E-5 5.53272E-5 5.96071E-5 6.41046E-5 6.81172E-5 6.81017E-5 3.08759E-5 2.93678E-5 6.79738E-5 6.52135E-5 6.21817E-5 5.25728E-5 6.28255E-5 6.64599E-5 7.33269E-5 7.47549E-5 7.32941E-5 7.35316E-5 7.42008E-5 7.8036E-5 7.22369E-5 8.09299E-5 8.15818E-5 7.99091E-5 8.29523E-5
1.0664E-6 1.1221E-6 1.17243E-6 1.19424E-6 1.22847E-6 1.2496E-6 2.03952E-6 2.4592E-6 2.48833E-6 2.51062E-6 2.484E-6 2.46439E-6 2.46764E-6 2.58384E-6 2.71899E-6 4.91587E-6 5.53651E-6 6.08397E-6 5.6473E-6 6.36487E-6 6.55911E-6 7.27972E-6 7.14883E-6 8.15838E-6 8.51753E-6 2.09987E-5 2.37563E-5 2.65376E-5 3.06116E-5 3.9605E-5 4.54735E-5 3.19155E-5 3.32845E-5 1.87394E-5 4.31054E-5 4.68387E-5 3.39179E-5 3.6634E-5 2.18962E-5 5.52987E-5 5.26004E-5 5.49674E-5 6.42749E-5 7.28981E-5 3.20995E-5 4.45782E-5 2.53662E-5 6.88141E-5 6.51191E-5 6.61735E-5 6.32339E-5 5.4349E-5 6.5984E-5 6.26509E-5 6.96169E-5 7.5698E-5 7.49453E-5 7.42723E-5 7.21662E-5 6.98681E-5 7.04863E-5 7.24858E-5 7.97512E-5 8.20504E-5 8.34581E-5
1.38219E-6 1.51397E-6 1.13819E-6 1.33115E-6 1.22091E-6 1.22907E-6 1.99135E-6 2.53384E-6 2.63384E-6 2.63389E-6 2.59723E-6 2.55933E-6 2.62007E-6 2.6551E-6 2.7705E-6 4.68419E-6 5.47112E-6 6.02157E-6 6.4102E-6 6.61396E-6 1.17794E-5 7.54511E-6 8.02649E-6 8.89021E-6 9.84108E-6 2.10509E-5 2.90857E-5 3.97817E-5 3.19855E-5 2.76974E-5 4.57866E-5 3.08403E-5 1.99476E-5 2.1441E-5 4.5663E-5 5.11175E-5 5.66933E-5 3.64757E-5 5.67525E-5 5.72308E-5 5.73955E-5 6.55E-5 7.04829E-5 2.67151E-5 3.51453E-5 3.15807E-5 7.17774E-5 7.00421E-5 6.8455E-5 6.4208E-5 6.59312E-5 6.0531E-5 6.07952E-5 6.10137E-5 6.84264E-5 7.26784E-5 7.13538E-5 6.71886E-5 6.93534E-5 6.92866E-5 6.67722E-5 6.67017E-5 7.36746E-5 6.64861E-5 7.58086E-5
1.70554E-6 1.66378E-6 1.62842E-6 1.44195E-6 1.22897E-6 1.26647E-6 2.29769E-6 2.59536E-6 2.63927E-6 2.61302E-6 2.62366E-6 3.41893E-6 3.61873E-6 3.44115E-6 3.40213E-6 4.02697E-6 4.38727E-6 4.42273E-6 6.11911E-6 7.07579E-6 7.33046E-6 7.55786E-6 8.84393E-6 9.16825E-6 1.15999E-5 2.1624E-5 4.04104E-5 4.24972E-5 4.30601E-5 4.47359E-5 2.84263E-5 4.01443E-5 4.27036E-5 4.93322E-5 5.09013E-5 5.30333E-5 5.77291E-5 5.74903E-5 2.17436E-5 2.11425E-5 4.087E-5 2.59451E-5 4.24881E-5 2.29561E-5 3.07578E-5 4.68883E-5 7.29539E-5 7.15379E-5 7.12571E-5 6.8708E-5 6.38213E-5 6.04402E-5 6.09203E-5 5.90284E-5 6.40865E-5 6.90774E-5 6.30826E-5 6.38423E-5 6.31157E-5 6.95461E-5 7.04277E-5 6.73567E-5 7.10672E-5 6.73605E-5 6.90304E-5
1.74687E-6 1.72033E-6 1.82593E-6 1.90994E-6 1.81254E-6 1.55629E-6 2.23326E-6 2.66987E-6 2.67015E-6 2.66014E-6 2.69999E-6 4.69936E-6 4.87373E-6 4.14156E-6 3.62021E-6 3.75371E-6 3.98015E-6 4.10985E-6 4.35616E-6 7.15154E-6 6.94369E-6 9.37165E-6 1.05754E-5 1.15287E-5 1.78304E-5 2.44094E-5 3.74149E-5 4.25814E-5 4.39325E-5 2.81024E-5 2.88646E-5 4.56064E-5 4.29331E-5 5.10937E-5 5.20441E-5 5.51056E-5 5.70828E-5 6.37083E-5 6.30949E-5 4.16623E-5 2.39529E-5 3.17878E-5 4.45387E-5 2.9835E-5 3.26555E-5 7.80046E-5 7.63357E-5 7.39547E-5 7.20813E-5 6.09135E-5 7.18462E-5 6.68675E-5 7.00208E-5 6.03436E-5 7.08592E-5 5.94353E-5 6.49732E-5 6.20483E-5 5.96243E-5 6.50138E-5 6.12074E-5 6.19585E-5 7.05973E-5 6.82663E-5 6.92069E-5
1.96719E-6 1.9597E-6 2.02527E-6 2.05709E-6 2.05817E-6 2.09251E-6 2.15308E-6 2.8015E-6 2.83082E-6 2.79253E-6 3.50957E-6 5.04861E-6 5.1542E-6 5.19686E-6 4.7941E-6 3.82888E-6 4.02464E-6 4.14121E-6 4.03415E-6 4.43416E-6 7.77179E-6 9.77487E-6 1.34881E-5 1.48608E-5 1.53842E-5 2.44552E-5 3.57937E-5 3.50937E-5 3.89443E-5 2.81697E-5 4.29502E-5 4.45587E-5 4.34535E-5 4.83435E-5 4.64186E-5 5.87505E-5 5.85062E-5 6.53685E-5 6.64766E-5 7.03723E-5 4.4836E-5 2.27662E-5 3.19328E-5 2.99654E-5 3.31634E-5 7.85966E-5 6.97004E-5 7.14967E-5 7.28575E-5 5.99933E-5 6.67769E-5 7.19994E-5 7.10256E-5 6.10262E-5 6.84604E-5 6.95699E-5 6.16005E-5 6.12204E-5 6.16849E-5 5.93041E-5 6.17134E-5 6.35743E-5 6.44722E-5 7.2979E-5 7.21129E-5
2.16638E-6 2.13887E-6 2.20719E-6 2.19451E-6 2.19487E-6 2.22579E-6 2.78419E-6 3.40269E-6 3.2405E-6 3.39313E-6 3.59668E-6 5.27287E-6 5.36548E-6 5.25264E-6 4.93468E-6 4.18522E-6 4.28297E-6 3.86693E-6 3.82552E-6 4.02051E-6 6.10044E-6 1.00633E-5 1.07731E-5 1.41412E-5 1.65335E-5 2.57732E-5 3.10574E-5 3.53961E-5 3.80765E-5 3.47809E-5 4.23622E-5 4.30634E-5 4.4681E-5 4.62567E-5 4.6793E-5 6.34635E-5 6.90909E-5 6.87984E-5 6.7194E-5 5.69947E-5 2.11303E-5 2.08263E-5 2.25941E-5 2.84583E-5 7.28232E-5 2.60053E-5 4.40129E-5 6.17884E-5 7.10464E-5 5.92386E-5 6.10112E-5 6.35781E-5 6.37481E-5 6.97068E-5 6.68626E-5 6.07338E-5 6.27761E-5 6.27217E-5 6.42328E-5 7.25533E-5 5.68995E-5 5.31302E-5 7.33152E-5 7.50037E-5 7.41471E-5
2.26999E-6 2.29567E-6 2.38237E-6 2.40615E-6 2.403E-6 2.40372E-6 2.70649E-6 3.52914E-6 3.54197E-6 3.62346E-6 4.22602E-6 5.6319E-6 5.84024E-6 5.87492E-6 7.24252E-6 7.15875E-6 4.99489E-6 4.2549E-6 4.45296E-6 4.44247E-6 6.58273E-6 1.12968E-5 1.33367E-5 1.27166E-5 1.94826E-5 2.8154E-5 3.20638E-5 3.14023E-5 3.30975E-5 2.77459E-5 3.84751E-5 3.66985E-5 4.49653E-5 4.72072E-5 4.81577E-5 6.46236E-5 7.14045E-5 7.0137E-5 2.86604E-5 1.83801E-5 1.89934E-5 1.85494E-5 2.27973E-5 2.57519E-5 2.59327E-5 7.17206E-5 5.97956E-5 6.10017E-5 5.92214E-5 7.03506E-5 6.37698E-5 6.16442E-5 7.10052E-5 6.15939E-5 6.00285E-5 6.09435E-5 7.16704E-5 6.44909E-5 6.71329E-5 6.96449E-5 7.37771E-5 6.68514E-5 7.59462E-5 6.99598E-5 6.69866E-5
2.45892E-6 2.47726E-6 2.69719E-6 2.89766E-6 3.17767E-6 3.34981E-6 3.46483E-6 3.73469E-6 3.80968E-6 3.87373E-6 4.38212E-6 7.11032E-6 6.33672E-6 7.60996E-6 7.69402E-6 5.94525E-6 7.69616E-6 7.3634E-6 5.42385E-6 5.73281E-6 8.08107E-6 1.2157E-5 1.23053E-5 1.24781E-5 1.45009E-5 1.96123E-5 2.25633E-5 2.95645E-5 3.02164E-5 3.03394E-5 3.27464E-5 4.21826E-5 4.06141E-5 5.0432E-5 4.85306E-5 5.56903E-5 6.12325E-5 4.08502E-5 5.57436E-5 2.73186E-5 5.52175E-5 1.79956E-5 2.40681E-5 2.43106E-5 4.18589E-5 4.05875E-5 7.08197E-5 6.43003E-5 6.29214E-5 6.25297E-5 6.34755E-5 6.31243E-5 6.15794E-5 6.08532E-5 5.94909E-5 6.20001E-5 7.00472E-5 6.41423E-5 7.7248E-5 7.3876E-5 7.03321E-5 6.9155E-5 7.46023E-5 6.80953E-5 7.49923E-5
3.14166E-6 3.35487E-6 3.6298E-6 3.67237E-6 3.64602E-6 3.63482E-6 3.73759E-6 3.97344E-6 4.02514E-6 3.91896E-6 4.34974E-6 8.24086E-6 5.97438E-6 8.01357E-6 8.67918E-6 5.79229E-6 6.94895E-6 5.49043E-6 6.69934E-6 5.74484E-6 8.13623E-6 1.2054E-5 1.21191E-5 5.89331E-6 8.38092E-6 2.38656E-5 1.81895E-5 2.14971E-5 2.68727E-5 2.59164E-5 3.44608E-5 3.179E-5 4.46162E-5 4.02982E-5 4.34244E-5 4.33256E-5 4.66948E-5 5.56746E-5 6.2779E-5 1.75249E-5 5.64512E-5 2.24005E-5 6.70492E-5 6.99385E-5 6.95882E-5 6.23937E-5 5.97099E-5 5.78589E-5 6.21762E-5 6.25088E-5 6.00491E-5 6.60151E-5 6.92661E-5 6.18059E-5 7.15154E-5 7.16924E-5 6.12645E-5 6.96088E-5 6.42297E-5 7.22153E-5 7.91846E-5 7.88781E-5 7.02125E-5 7.42659E-5 7.48983E-5
3.49954E-6 3.70389E-6 3.79269E-6 3.82089E-6 3.82225E-6 3.8009E-6 3.86106E-6 3.93188E-6 3.97E-6 5.50448E-6 6.72224E-6 8.94621E-6 6.24302E-6 8.73355E-6 9.97215E-6 9.24446E-6 6.53531E-6 5.27566E-6 5.38817E-6 5.42879E-6 5.55703E-6 4.0567E-6 7.54475E-6 1.12684E-5 9.18943E-6 2.3605E-5 1.17699E-5 2.03868E-5 2.58394E-5 3.50604E-5 3.9703E-5 4.14877E-5 2.71008E-5 4.48041E-5 4.46184E-5 4.55943E-5 4.95277E-5 3.48775E-5 3.64473E-5 6.79045E-5 6.32025E-5 6.67208E-5 2.85162E-5 2.46553E-5 3.93388E-5 2.25554E-5 4.02829E-5 7.1097E-5 4.03106E-5 6.40715E-5 6.52589E-5 6.7263E-5 5.89094E-5 6.69432E-5 6.88333E-5 7.11366E-5 5.9747E-5 6.51708E-5 7.21039E-5 7.48849E-5 7.53322E-5 6.74118E-5 6.77571E-5 7.4711E-5 7.48648E-5
3.40196E-6 3.68452E-6 3.83001E-6 3.98436E-6 3.94849E-6 3.89286E-6 3.97655E-6 4.04686E-6 4.05456E-6 5.53258E-6 6.92559E-6 9.32366E-6 9.97389E-6 7.25806E-6 9.68456E-6 8.77365E-6 9.21759E-6 5.90977E-6 5.32226E-6 5.42925E-6 2.2613E-6 2.81806E-6 7.05771E-6 1.18997E-5 1.29101E-5 8.22408E-6 7.0586E-6 1.05265E-5 1.19839E-5 3.05177E-5 3.85894E-5 1.80458E-5 1.38053E-5 1.56909E-5 8.38808E-6 2.23589E-5 2.47658E-5 2.21254E-5 6.13124E-5 1.77043E-5 2.34783E-5 6.88843E-5 6.90398E-5 2.46276E-5 2.31617E-5 4.0525E-5 5.45876E-5 5.32241E-5 3.8518E-5 6.32181E-5 6.61873E-5 5.68646E-5 7.12615E-5 5.78231E-5 5.87149E-5 6.76177E-5 5.36965E-5 5.32499E-5 6.43929E-5 6.47984E-5 6.42164E-5 6.47049E-5 7.33786E-5 7.38396E-5 6.96009E-5
