catData/rasterBestHybridModels/Pviverrinus/RD_BM01_RM1_H/Pviverrinus_max.asc
ncols         409
nrows         350
xllcorner     60.897278365
yllcorner     5.843756025
cellsize      0.0892857
NODATA_value  -9999
[rows 174 to 202 of 350, columns 198 to 263 of 409]
6.57861E-6 8.84807E-6 2.0039E-5 3.13077E-5 3.66192E-5 2.7094E-5 9.56687E-6 1.0223E-5 1.84161E-5 1.52276E-5 2.88841E-5 3.29337E-5 4.39685E-5 4.73289E-5 4.1877E-5 5.6293E-5 5.89859E-5 1.26777E-4 1.33125E-4 1.61456E-4 1.33011E-4 7.28845E-5 6.96849E-5 7.86192E-5 3.79793E-5 2.15424E-5 1.25125E-5 1.01108E-5 8.91484E-6 1.3833E-5 2.88299E-5 3.37088E-5 1.42884E-5 2.08973E-5 5.16197E-5 4.0514E-5 2.62901E-5 4.39696E-5 5.03915E-5 1.20921E-4 1.21715E-4 2.99856E-5 9.67922E-6 1.16572E-5 1.23796E-5 7.59209E-6 4.3275E-5 2.79022E-5 3.12746E-5 4.67693E-5 6.37069E-5 4.83113E-5 1.1923E-4 8.75883E-5 4.04197E-5 2.76708E-5 2.17616E-5 7.95022E-5 1.26744E-4 1.15963E-4 1.04704E-4 2.29413E-4 1.45392E-4 5.62702E-5 3.3788E-5 3.11326E-5
1.75128E-5 2.00975E-5 2.92654E-5 3.30321E-5 3.5892E-5 1.47981E-5 3.02828E-5 1.49321E-5 1.98548E-5 2.54549E-5 4.26799E-5 4.34456E-5 4.37091E-5 4.55506E-5 5.0738E-5 5.71786E-5 8.68956E-5 5.64024E-5 6.23245E-5 1.54123E-4 1.77845E-4 1.70683E-4 7.16204E-5 1.72852E-4 2.33738E-5 2.00282E-5 1.46887E-5 1.34262E-5 1.30526E-5 3.32554E-5 4.0408E-5 4.256E-5 2.43125E-5 5.00946E-5 5.05302E-5 5.77259E-5 2.9969E-5 3.88473E-5 5.2373E-5 1.25166E-4 4.38325E-5 1.04577E-5 7.07153E-6 7.83858E-6 8.35683E-6 1.16863E-5 2.02091E-5 2.1355E-5 2.25099E-5 2.27028E-5 3.15322E-5 4.67222E-5 4.89885E-5 1.19614E-4 4.73575E-5 4.86975E-5 1.21519E-4 1.61207E-4 3.35316E-4 1.09703E-4 2.30427E-4 9.40212E-5 1.20467E-4 3.25737E-5 5.79912E-5 5.84036E-5
1.3039E-5 2.69909E-5 3.24747E-5 3.49363E-5 8.40306E-5 7.91405E-5 2.56064E-5 2.64056E-5 5.30567E-5 8.89667E-5 1.07151E-4 1.11321E-4 1.10912E-4 4.78598E-5 1.28733E-4 6.52273E-5 5.33025E-5 5.94071E-5 6.25383E-5 6.31176E-5 1.05599E-4 4.71247E-5 6.75982E-5 4.39933E-5 5.83898E-5 2.08207E-5 1.28864E-5 3.77026E-5 3.52255E-5 3.72533E-5 4.6762E-5 3.63936E-5 1.10755E-4 1.19256E-4 4.32534E-5 7.93174E-5 5.43872E-5 6.24648E-5 1.34132E-4 1.31967E-4 5.4621E-5 8.80126E-6 9.48867E-6 1.43991E-5 1.54248E-5 3.60077E-5 2.28215E-5 5.63251E-5 3.21771E-5 3.18428E-5 2.32447E-5 2.26353E-5 6.26556E-5 1.25095E-4 9.78466E-5 1.70495E-4 2.44121E-4 3.51943E-4 3.89781E-4 2.86028E-4 9.13126E-5 8.65661E-5 8.79312E-5 7.94261E-5 2.02244E-5 2.44139E-5
2.92611E-5 2.70123E-5 3.15996E-5 9.24521E-5 3.63203E-5 3.68249E-5 3.98525E-5 1.2639E-5 5.23087E-5 1.02452E-4 1.0448E-4 1.18806E-4 5.09311E-5 5.36758E-5 5.94747E-5 7.45223E-5 1.35124E-4 6.49987E-5 6.26661E-5 6.46973E-5 6.45864E-5 4.3283E-5 3.58602E-5 2.22606E-5 2.98575E-5 2.3603E-5 2.34625E-5 2.13564E-5 2.63127E-5 3.66808E-5 1.00609E-4 4.53831E-5 4.30095E-5 5.17079E-5 4.7235E-5 5.30024E-5 5.31138E-5 1.42253E-4 1.44226E-4 1.10849E-4 2.51682E-5 2.3387E-5 2.32366E-5 2.39352E-5 2.32606E-5 5.27939E-5 2.20797E-5 3.44621E-5 2.54818E-5 2.43206E-5 5.52716E-5 3.05447E-5 1.1164E-4 1.30121E-4 1.09966E-4 1.70706E-4 2.89404E-4 3.46754E-4 2.04157E-4 1.09166E-4 2.12912E-4 8.53115E-5 8.81504E-5 4.47177E-5 2.32759E-5 1.41309E-5
2.85954E-5 2.78575E-5 3.17187E-5 3.2158E-5 3.5552E-5 4.47754E-5 8.76061E-5 1.04364E-4 6.09149E-5 1.08057E-4 1.08504E-4 1.24057E-4 5.42034E-5 5.86943E-5 6.33196E-5 6.56418E-5 6.51658E-5 1.08566E-4 4.29018E-5 2.95313E-5 1.65684E-5 2.87811E-5 2.63381E-5 2.65815E-5 1.55725E-5 5.90622E-5 6.98765E-5 5.18527E-5 4.39765E-5 4.85749E-5 5.15595E-5 4.48308E-5 1.35147E-4 1.4923E-4 1.36676E-4 5.48684E-5 6.57626E-5 1.4909E-4 1.51421E-4 6.06851E-5 2.6354E-5 6.27373E-5 5.87273E-5 5.43269E-5 2.38802E-5 2.32854E-5 1.66987E-5 1.96517E-5 1.85804E-5 1.80738E-5 5.65357E-5 5.55735E-5 1.28722E-4 1.26023E-4 1.21876E-4 1.80006E-4 2.95593E-4 3.59205E-4 3.0898E-4 1.00276E-4 1.47907E-4 5.34186E-5 5.23161E-5 1.45121E-5 1.37829E-5 1.69579E-5
2.32116E-5 3.14937E-5 3.26665E-5 3.17337E-5 3.25229E-5 3.43525E-5 2.37739E-5 1.01352E-4 4.82645E-5 2.65117E-5 3.25849E-5 5.57798E-5 5.85226E-5 6.24926E-5 6.16681E-5 6.39E-5 1.51024E-4 4.38981E-5 4.12141E-5 1.34222E-5 2.47918E-5 4.58438E-5 5.73145E-5 1.2636E-4 1.06349E-4 7.31104E-5 1.25702E-4 6.02236E-5 1.38455E-4 6.25432E-5 1.07069E-4 1.19178E-4 1.32958E-4 1.48362E-4 1.45438E-4 6.92883E-5 1.43778E-4 1.52601E-4 1.39709E-4 6.19784E-5 6.36163E-5 2.59321E-5 2.53356E-5 2.41753E-5 2.3361E-5 2.78424E-5 1.43427E-5 1.50682E-5 3.47333E-5 3.64698E-5 5.88246E-5 4.79256E-5 1.34458E-4 1.15337E-4 1.62563E-4 2.07961E-4 2.39888E-4 1.87027E-4 1.11507E-4 4.854E-5 4.60409E-5 1.22994E-5 5.98469E-6 1.37158E-5 1.46696E-5 9.47177E-6
4.07182E-5 3.55373E-5 3.22859E-5 3.18151E-5 3.36812E-5 3.57686E-5 1.27493E-5 1.50171E-5 1.63277E-5 1.48995E-5 2.10377E-5 4.11195E-5 6.20514E-5 5.72132E-5 6.12201E-5 6.52289E-5 4.41002E-5 2.14216E-5 2.55368E-5 9.94262E-6 1.54736E-5 5.77646E-5 5.84149E-5 1.2613E-4 1.33327E-4 5.68087E-5 4.65961E-5 7.89603E-5 5.40866E-5 5.58784E-5 1.33034E-4 1.27904E-4 1.30252E-4 1.45479E-4 1.57027E-4 1.56359E-4 1.55097E-4 1.67648E-4 1.62245E-4 6.14129E-5 2.7102E-5 2.48895E-5 2.40537E-5 5.59378E-5 2.36577E-5 1.5531E-5 1.46189E-5 3.75033E-5 1.73625E-5 1.76088E-5 1.18872E-4 1.2573E-4 1.28142E-4 1.38855E-4 8.76402E-5 1.78365E-4 1.13079E-4 2.24389E-4 1.21083E-4 4.24777E-5 4.37085E-5 4.29988E-5 1.39472E-5 1.21932E-5 1.20623E-5 1.7394E-5
1.59824E-5 2.12991E-5 3.53955E-5 3.38477E-5 3.64538E-5 2.23496E-5 8.55097E-6 1.01416E-5 1.54167E-5 2.25847E-5 2.00838E-5 2.89229E-5 5.16036E-5 5.51256E-5 1.59883E-4 4.15723E-5 4.50173E-5 2.18809E-5 1.85748E-5 1.12967E-5 1.63821E-5 1.63878E-5 5.52346E-5 1.29167E-4 1.42585E-4 6.08865E-5 6.16919E-5 2.57109E-5 5.5671E-5 5.56118E-5 1.35979E-4 1.31156E-4 1.4053E-4 1.5337E-4 1.54433E-4 1.62672E-4 1.70979E-4 1.73245E-4 6.8031E-5 2.12798E-5 1.06839E-5 1.29429E-5 1.93412E-5 2.36106E-5 1.40026E-5 1.61754E-5 2.76788E-5 2.5647E-5 2.61689E-5 2.76476E-5 4.9282E-5 4.02393E-5 3.29807E-5 7.87383E-5 6.38479E-5 1.59545E-4 7.19594E-5 1.02193E-4 1.89202E-4 7.30322E-5 1.06349E-4 1.04961E-4 5.19012E-5 1.87565E-5 1.70778E-5 1.85743E-5
3.49701E-5 1.95155E-5 1.81642E-5 2.06533E-5 3.49707E-5 1.31605E-5 9.36359E-6 8.26506E-6 7.57539E-6 2.86234E-5 1.45183E-5 3.74513E-5 4.09628E-5 1.10692E-4 4.89832E-5 4.63752E-5 2.15721E-5 2.8527E-5 1.34281E-5 8.97414E-6 7.98859E-6 1.21646E-5 2.78139E-5 3.33481E-5 3.35328E-5 5.95105E-5 6.04664E-5 2.4585E-5 2.5566E-5 1.59315E-4 1.49742E-4 1.41692E-4 1.52775E-4 1.61408E-4 1.60297E-4 1.68649E-4 1.70508E-4 9.48986E-5 1.2978E-5 7.69545E-6 8.02386E-6 1.0976E-5 1.06737E-5 1.90374E-5 1.69345E-5 1.94067E-5 1.86712E-5 2.07721E-5 1.81186E-5 2.05152E-5 1.67398E-5 2.00902E-5 5.29955E-5 6.36394E-5 8.71775E-5 9.01412E-5 1.69758E-4 1.76027E-4 1.00187E-4 8.21926E-5 5.57976E-5 2.99229E-5 1.90379E-5 4.63566E-5 2.86201E-5 1.83643E-5
3.24567E-5 3.67862E-5 3.94838E-5 8.04269E-6 5.98424E-6 6.12412E-6 1.05585E-5 1.46897E-5 7.70807E-6 5.93622E-6 3.46836E-5 3.37957E-5 3.80656E-5 4.05402E-5 5.13304E-5 4.67353E-5 2.86739E-5 2.57738E-5 1.97287E-5 8.58748E-6 8.55759E-6 1.32097E-5 2.0834E-5 3.22059E-5 2.80283E-5 2.24711E-5 2.57096E-5 2.54275E-5 4.32928E-5 9.17105E-5 5.66465E-5 5.87418E-5 1.56734E-4 1.69628E-4 1.64234E-4 2.48307E-5 5.40706E-5 4.69617E-5 1.34984E-5 1.53782E-5 6.6521E-6 1.13572E-5 1.38077E-5 2.11975E-5 1.81848E-5 1.9206E-5 1.6762E-5 1.91723E-5 1.83533E-5 2.06566E-5 2.02243E-5 4.24128E-5 1.49346E-4 1.5559E-4 6.64416E-5 1.61965E-4 7.11412E-5 1.7511E-4 1.86003E-5 1.56262E-5 1.5661E-5 1.63154E-5 1.65017E-5 1.84613E-5 2.40619E-5 4.82132E-5
3.30177E-5 3.40621E-5 1.00559E-5 5.30821E-6 6.43639E-6 7.40113E-6 6.7957E-6 1.03736E-5 9.77024E-6 1.10436E-5 1.31506E-5 1.49429E-5 5.86359E-5 7.09091E-5 6.66711E-5 7.12224E-5 9.56675E-5 5.25477E-5 1.45447E-5 2.11912E-5 2.26178E-5 2.16427E-5 1.50124E-5 1.42624E-5 1.3E-5 1.57564E-5 1.4647E-5 5.78914E-5 7.95367E-5 1.2966E-4 7.02223E-5 5.30375E-5 1.34572E-4 1.48033E-4 5.38353E-5 2.39285E-5 6.27033E-5 1.04176E-4 1.88842E-5 2.69108E-5 2.78203E-5 2.60065E-5 9.77733E-6 2.2982E-5 3.84387E-5 1.70967E-5 2.55132E-5 1.74918E-5 2.79956E-5 4.16649E-5 4.35077E-5 2.50171E-5 1.06467E-4 5.34313E-5 7.04452E-5 7.01863E-5 7.17561E-5 7.03189E-5 1.76564E-5 1.49102E-5 1.29833E-5 1.33083E-5 4.3418E-5 2.31371E-5 2.34895E-5 3.5505E-5
1.93614E-5 3.46942E-5 3.19209E-5 5.8217E-6 5.59194E-6 4.43676E-6 4.42436E-6 6.97811E-6 7.55833E-6 8.34699E-6 8.78052E-6 2.12309E-5 2.1235E-5 2.83953E-5 4.7166E-5 3.3545E-5 1.87571E-5 1.58494E-5 2.41445E-5 9.27703E-6 1.33724E-5 2.46676E-5 3.16561E-5 8.87635E-6 9.76915E-6 6.84627E-6 9.07505E-6 4.66328E-5 5.12815E-5 1.07132E-4 7.34541E-5 4.62686E-5 6.05888E-5 4.47087E-5 6.52578E-5 3.42628E-5 1.46083E-5 2.41441E-5 2.77671E-5 2.03018E-5 2.01579E-5 1.96883E-5 2.91417E-5 1.61138E-5 2.29992E-5 1.64392E-5 2.74282E-5 9.03881E-5 1.92057E-5 4.24872E-5 3.43613E-5 6.15177E-5 6.04762E-5 5.89655E-5 1.29841E-4 5.54229E-5 6.6435E-5 2.06128E-5 2.09589E-5 3.24882E-5 3.2557E-5 5.10987E-5 5.29027E-5 4.6955E-5 4.96893E-5 5.63939E-5
1.99033E-5 2.05661E-5 2.16398E-5 2.20819E-5 4.9842E-6 5.95296E-6 8.06065E-6 8.37106E-6 7.74715E-6 7.76763E-6 8.22121E-6 2.36882E-5 3.11964E-5 6.36151E-5 3.6566E-5 1.01758E-5 6.4286E-6 6.73568E-6 7.53234E-6 8.8019E-6 9.35497E-6 1.65535E-5 1.67027E-5 9.59315E-6 6.36276E-6 6.50979E-6 8.29882E-6 1.45884E-5 3.85932E-5 4.20419E-5 4.89143E-5 2.61604E-5 2.10749E-5 8.28458E-6 8.95932E-6 2.68789E-5 2.11041E-5 2.17365E-5 2.4068E-5 8.23217E-6 1.98959E-5 1.99313E-5 1.50969E-5 5.12061E-5 3.74826E-5 1.5543E-5 3.51957E-5 2.8466E-5 4.07738E-5 4.39878E-5 5.79311E-5 6.0555E-5 6.73678E-5 6.71948E-5 5.62543E-5 5.69499E-5 2.95466E-5 1.85138E-5 3.81172E-5 5.437E-5 1.81142E-5 4.95302E-5 4.49238E-5 5.30625E-5 3.92748E-5 6.18124E-5
5.47767E-6 2.09469E-5 2.14405E-5 6.93695E-6 7.31187E-6 9.24002E-6 9.25585E-6 1.06578E-5 1.94269E-5 1.89341E-5 8.69169E-6 9.557E-6 2.0592E-5 1.08092E-4 1.10937E-4 1.65559E-5 7.66471E-6 1.41651E-5 1.43821E-5 1.4125E-5 1.51917E-5 1.55613E-5 1.42779E-5 7.67283E-6 6.89106E-6 6.97754E-6 6.66458E-6 8.30688E-6 8.0985E-6 7.61718E-6 1.5657E-5 1.82998E-5 1.20214E-5 8.08043E-6 8.05345E-6 1.2643E-5 1.26092E-5 3.65496E-5 4.04384E-5 2.59855E-5 1.90894E-5 1.16244E-5 2.04386E-5 3.77932E-5 3.34864E-5 1.93769E-5 2.2147E-5 3.1442E-5 4.29393E-5 4.70798E-5 5.60611E-5 5.44564E-5 6.37884E-5 6.30643E-5 2.12306E-5 2.22314E-5 3.57377E-5 1.38113E-5 3.49971E-5 4.87825E-5 3.54674E-5 3.13839E-5 3.23255E-5 6.09227E-5 4.82669E-5 3.78937E-5
5.50889E-6 6.74161E-6 9.14096E-6 6.84211E-6 7.37541E-6 7.83662E-6 7.37999E-6 7.55631E-6 9.29883E-6 3.68742E-5 2.2008E-5 1.40551E-5 4.09271E-5 2.26917E-5 1.71739E-5 9.73333E-6 6.99148E-6 7.09053E-6 1.2047E-5 1.48075E-5 1.59795E-5 1.94966E-5 2.46666E-5 1.44233E-5 2.27111E-5 2.26393E-5 9.68636E-6 8.84404E-6 2.23186E-5 9.80801E-6 1.31161E-5 1.37695E-5 1.26757E-5 1.23444E-5 1.92068E-5 1.74008E-5 1.27738E-5 3.0907E-5 4.51609E-5 3.35314E-5 2.3969E-5 1.7639E-5 3.04719E-5 2.09254E-5 2.05185E-5 2.02598E-5 2.00752E-5 1.51762E-5 3.79853E-5 1.02204E-4 3.70817E-5 5.98059E-5 5.4581E-5 3.49702E-5 2.29033E-5 2.24987E-5 7.02403E-5 7.67375E-5 3.30831E-5 3.51647E-5 3.37027E-5 3.92635E-5 3.07007E-5 3.91439E-5 6.77364E-5 6.7679E-5
6.12806E-6 5.26204E-6 5.46072E-6 8.83796E-6 8.07662E-6 6.05888E-6 6.55029E-6 8.23665E-6 9.89771E-6 3.7469E-5 1.03545E-4 3.92718E-5 7.11709E-5 9.93756E-5 3.8122E-5 9.00775E-6 8.29193E-6 9.86002E-6 9.71756E-6 1.47878E-5 1.49254E-5 2.39417E-5 1.02652E-5 1.19858E-5 2.38024E-5 2.23026E-5 2.28442E-5 2.0848E-5 2.13249E-5 2.56591E-5 2.88802E-5 4.02597E-5 3.81756E-5 1.15565E-5 2.71358E-5 4.18708E-5 3.23708E-5 3.96058E-5 4.25761E-5 3.5092E-5 3.24116E-5 2.3918E-5 9.76326E-6 1.65411E-5 1.51377E-5 2.05162E-5 1.38178E-5 1.59157E-5 5.24124E-5 5.0184E-5 3.83428E-5 4.5048E-5 3.46447E-5 3.38671E-5 3.06065E-5 2.18787E-5 7.379E-5 9.61374E-5 3.49538E-5 3.41141E-5 3.68439E-5 2.45336E-5 4.30393E-5 3.49718E-5 6.29347E-5 6.03261E-5
6.18273E-6 5.17329E-6 5.64107E-6 1.60841E-5 1.75777E-5 6.14833E-6 6.5979E-6 1.12947E-5 4.61439E-5 4.0072E-5 6.22704E-5 9.54029E-5 6.06418E-5 4.41253E-5 3.68381E-5 1.93779E-5 9.71749E-6 3.01562E-5 1.20317E-5 1.52458E-5 1.59224E-5 9.73638E-6 1.93319E-5 1.70663E-5 1.05287E-5 2.63305E-5 1.6792E-5 1.58505E-5 1.92383E-5 3.18979E-5 2.49294E-5 1.72859E-5 1.55177E-5 2.7942E-5 1.67049E-5 1.80884E-5 1.87969E-5 3.33351E-5 5.65945E-5 3.94275E-5 2.99366E-5 2.22017E-5 7.51344E-6 1.55216E-5 1.82489E-5 1.34571E-5 1.66093E-5 5.59859E-5 6.07049E-5 2.71606E-5 3.02443E-5 3.20086E-5 2.64161E-5 2.52805E-5 2.10806E-5 1.89249E-5 5.59776E-5 6.946E-5 3.77137E-5 2.49161E-5 2.72151E-5 2.33419E-5 2.62857E-5 5.82822E-5 5.98284E-5 8.82503E-5
4.39382E-6 3.46365E-6 5.08076E-6 1.62262E-5 1.70829E-5 1.54451E-5 2.46877E-5 3.54145E-5 5.78701E-5 3.59905E-5 4.51885E-5 5.84153E-5 6.09104E-5 2.61454E-5 1.64655E-5 1.17389E-5 6.38532E-6 2.70104E-5 3.32662E-5 2.73171E-5 1.62433E-5 1.39169E-5 2.67054E-5 1.73141E-5 2.77901E-5 3.11253E-5 1.27836E-5 1.28798E-5 1.4923E-5 2.32453E-5 4.29754E-5 2.71031E-5 2.27763E-5 1.97992E-5 2.2698E-5 3.08498E-5 3.1054E-5 4.57873E-5 3.24288E-5 1.15611E-4 5.99046E-5 2.67632E-5 6.50161E-6 5.91472E-6 6.33774E-6 1.64615E-5 3.65467E-5 5.7722E-5 4.67052E-5 6.55903E-5 2.16727E-5 2.87205E-5 2.19094E-5 1.65234E-5 1.10877E-5 4.80077E-5 3.1908E-5 3.50755E-5 3.68706E-5 2.31757E-5 2.15948E-5 2.44233E-5 2.24109E-5 3.5731E-5 5.60278E-5 1.17995E-4
3.09273E-6 3.24226E-6 3.18366E-6 1.1304E-5 1.62293E-5 2.03296E-5 2.21679E-5 2.3929E-5 3.07602E-5 1.00188E-4 3.41816E-5 3.36184E-5 1.77174E-5 1.12419E-5 1.16819E-5 1.32626E-5 6.356E-6 2.67654E-5 3.00832E-5 1.75665E-5 1.88532E-5 1.267E-5 2.66312E-5 1.59472E-5 2.67771E-5 2.1059E-5 1.41192E-5 1.48968E-5 1.82973E-5 2.13674E-5 3.98482E-5 3.0115E-5 1.86826E-5 1.62614E-5 1.62996E-5 2.80948E-5 2.24979E-5 2.68621E-5 3.41638E-5 3.94026E-5 3.46437E-5 5.03667E-5 6.41155E-6 8.48739E-6 1.68192E-5 3.72342E-5 4.66479E-5 7.07671E-5 7.65414E-5 7.0939E-5 3.28507E-5 2.78834E-5 2.45242E-5 2.61526E-5 1.2942E-5 1.62438E-5 2.03529E-5 3.70816E-5 3.92112E-5 2.46242E-5 1.78338E-5 1.94394E-5 2.61213E-5 4.99386E-5 9.48016E-5 1.34627E-4
6.05758E-6 3.63177E-6 2.98702E-6 3.1367E-6 1.50924E-5 1.20569E-5 9.26012E-6 7.77921E-6 2.45368E-5 3.78288E-5 4.55089E-5 8.98156E-6 7.86337E-6 5.71453E-6 6.16613E-6 1.50048E-5 6.72141E-6 1.5514E-5 2.50045E-5 1.537E-5 1.53353E-5 2.06703E-5 9.50693E-6 2.90976E-5 2.40448E-5 2.03024E-5 2.14592E-5 2.07785E-5 1.96184E-5 2.07954E-5 2.8164E-5 4.15734E-5 2.2732E-5 1.93742E-5 1.60939E-5 2.63984E-5 2.19079E-5 3.03093E-5 2.32541E-5 3.85776E-5 1.08521E-4 3.06988E-5 3.00299E-5 2.30325E-5 2.33835E-5 5.12235E-5 5.79025E-5 9.6775E-5 9.37241E-5 7.58247E-5 3.99198E-5 2.71422E-5 1.30996E-4 3.97612E-5 1.82E-5 6.24323E-5 3.70086E-5 4.62465E-5 3.43521E-5 2.12904E-5 1.85703E-5 2.28214E-5 3.23079E-5 8.84739E-5 1.67883E-4 1.16368E-4
2.01275E-5 6.37454E-6 5.45438E-6 4.79742E-6 9.23603E-6 9.67454E-6 8.02785E-6 7.29133E-6 8.12479E-6 9.32718E-6 1.00735E-5 8.4091E-6 7.68907E-6 6.50716E-6 5.934E-6 6.40893E-6 4.85146E-6 5.56156E-6 1.48006E-5 1.4433E-5 1.43824E-5 1.49546E-5 2.05549E-5 3.35278E-5 1.67184E-5 2.13283E-5 2.1417E-5 2.11637E-5 1.98009E-5 1.12007E-5 8.80389E-6 3.73604E-5 4.38772E-5 1.63004E-5 2.60837E-5 2.26731E-5 1.5654E-5 1.96846E-5 1.78585E-5 3.51371E-5 5.82545E-5 3.31174E-5 3.73488E-5 7.313E-5 3.89702E-5 4.66355E-5 5.55431E-5 1.08266E-4 1.01981E-4 7.41243E-5 1.33948E-4 1.02981E-4 9.39562E-5 4.23253E-5 3.70679E-5 2.54192E-5 4.579E-5 6.58345E-5 4.27319E-5 2.13137E-5 2.77809E-5 2.33529E-5 3.27022E-5 9.13E-5 1.63166E-4 7.3474E-5
2.66757E-5 1.93923E-5 5.27372E-6 5.98186E-6 9.45103E-6 1.07741E-5 7.14943E-6 7.1141E-6 8.10101E-6 8.78772E-6 9.95107E-6 7.96099E-6 7.41575E-6 7.67283E-6 6.03287E-6 3.5984E-6 3.79323E-6 1.54115E-5 5.11569E-6 1.39068E-5 1.44811E-5 1.5707E-5 1.64075E-5 1.7585E-5 2.15581E-5 2.19734E-5 2.0116E-5 2.1011E-5 2.00906E-5 9.75143E-6 1.67059E-5 2.23616E-5 2.57428E-5 2.42266E-5 1.6197E-5 1.93907E-5 3.05722E-5 3.82971E-5 3.89471E-5 3.36658E-5 5.26393E-5 3.79419E-5 2.72161E-5 2.7949E-5 5.77937E-5 6.19311E-5 4.7731E-5 1.09374E-4 5.29138E-5 3.21709E-5 2.10547E-5 2.96102E-5 2.45691E-5 5.49718E-5 4.48559E-5 2.65532E-5 1.56777E-5 6.73513E-5 7.99457E-5 5.06229E-5 3.04158E-5 3.95565E-5 2.98911E-5 6.18907E-5 6.36039E-5 1.69555E-4
2.36776E-5 2.61993E-5 5.72078E-6 4.81962E-6 5.01414E-6 3.41224E-6 3.4093E-6 3.35043E-6 4.40213E-6 8.65809E-6 7.80093E-6 6.48637E-6 7.68908E-6 8.66843E-6 5.42399E-6 3.69114E-6 4.07844E-6 8.73377E-6 4.96511E-6 3.97448E-6 1.45764E-5 1.64926E-5 1.58549E-5 1.64042E-5 2.24923E-5 1.95174E-5 1.93127E-5 1.79349E-5 1.80798E-5 1.93297E-5 1.56599E-5 1.43182E-5 4.79448E-5 3.84068E-5 2.30147E-5 1.88306E-5 1.6282E-5 4.70423E-5 4.75593E-5 9.71214E-5 2.23479E-5 2.64174E-5 2.45712E-5 2.30701E-5 7.97554E-5 6.53942E-5 7.94355E-5 1.26607E-4 5.08675E-5 9.60426E-6 1.84268E-5 2.0275E-5 9.03172E-5 8.73699E-5 3.92657E-5 4.58783E-5 2.64696E-5 8.33383E-5 7.67658E-5 6.83142E-5 5.4722E-5 5.11816E-5 3.39716E-5 4.19936E-5 4.17014E-5 9.87713E-5
1.21782E-5 4.93475E-6 5.2124E-6 5.23531E-6 4.5196E-6 2.80137E-6 2.71262E-6 3.11211E-6 3.02386E-6 1.75047E-5 5.7532E-6 4.84502E-6 6.09781E-6 4.37219E-6 3.4681E-6 3.42707E-6 3.43368E-6 4.29432E-6 1.52859E-5 4.2269E-6 1.48279E-5 1.38291E-5 1.46476E-5 1.58878E-5 1.77706E-5 2.19478E-5 1.97696E-5 1.74273E-5 1.70964E-5 2.02256E-5 2.12675E-5 2.60942E-5 2.95286E-5 5.29609E-5 1.55876E-5 1.58767E-5 1.75775E-5 2.084E-5 2.12683E-5 7.31803E-5 3.6924E-5 3.37545E-5 2.69689E-5 3.40242E-5 8.52425E-5 9.12523E-5 6.65849E-5 1.00119E-4 2.70152E-5 1.1675E-5 1.60504E-5 1.78309E-5 1.09334E-4 7.51151E-5 6.21794E-5 6.61741E-5 5.36451E-5 9.07722E-5 1.08589E-4 8.55294E-5 5.53584E-5 3.62715E-5 2.32721E-5 3.70661E-5 4.03507E-5 3.53995E-4
4.75301E-6 4.76899E-6 5.15744E-6 5.91524E-6 5.00343E-6 4.14082E-6 4.2692E-6 7.44675E-6 6.4088E-6 2.1554E-5 4.05452E-5 3.00496E-5 1.20449E-5 3.07515E-6 3.64665E-6 3.36915E-6 3.50974E-6 5.15409E-6 1.51402E-5 4.41926E-6 1.53533E-5 5.39527E-6 8.66399E-6 1.56788E-5 1.84827E-5 2.09478E-5 1.97839E-5 1.69193E-5 1.71658E-5 2.38673E-5 2.22869E-5 3.35051E-5 4.5976E-5 5.47112E-5 1.7151E-5 1.61618E-5 2.14188E-5 2.48426E-5 2.22376E-5 2.20268E-5 8.68847E-5 8.64647E-5 8.62451E-5 7.61354E-5 8.16211E-5 8.07778E-5 7.50925E-5 1.93117E-5 1.099E-5 1.16993E-5 1.69966E-5 2.73835E-5 5.10352E-5 4.4175E-5 1.09851E-4 5.9665E-5 4.8718E-5 8.41817E-5 5.57984E-5 9.98558E-5 5.46917E-5 3.29115E-5 2.71506E-5 3.09257E-5 4.74386E-5 4.58501E-4
5.64108E-6 8.14464E-6 1.87177E-5 4.89706E-6 4.75281E-6 4.51765E-6 3.95804E-6 3.9982E-6 6.76651E-6 5.67466E-6 8.11503E-6 4.44445E-6 4.13248E-6 3.07061E-6 3.50601E-6 3.37759E-6 3.52729E-6 3.743E-6 8.42734E-6 5.51526E-6 5.20569E-6 1.32284E-5 1.54656E-5 1.80254E-5 2.02269E-5 2.15969E-5 2.34317E-5 1.89144E-5 1.70005E-5 1.85224E-5 2.65417E-5 7.02786E-5 4.30461E-5 1.7815E-5 1.53297E-5 1.76915E-5 2.05176E-5 2.29836E-5 2.15771E-5 2.29936E-5 8.30395E-5 8.89841E-5 8.57193E-5 8.90987E-5 8.58341E-5 8.33869E-5 8.39701E-5 6.1818E-5 1.24491E-5 2.29228E-5 1.1565E-5 2.20333E-5 4.77272E-5 1.5539E-4 1.1682E-4 1.14053E-4 7.95411E-5 9.97087E-5 4.13424E-5 8.06024E-5 6.72445E-5 3.49939E-5 3.13049E-5 2.90493E-5 5.07415E-5 3.7713E-4
5.94855E-6 3.49945E-6 7.62338E-6 1.3929E-5 8.50549E-6 1.72636E-5 5.79293E-6 2.92304E-6 5.49712E-6 7.62399E-6 6.83545E-6 3.94401E-6 3.91736E-6 4.03672E-6 4.36034E-6 3.8046E-6 4.42818E-6 4.38968E-6 4.65121E-6 5.34774E-6 4.36285E-6 1.29925E-5 1.4954E-5 1.70729E-5 1.77885E-5 2.03896E-5 2.5613E-5 2.18575E-5 2.2651E-5 1.7579E-5 1.18185E-5 4.30213E-5 4.57871E-5 1.96285E-5 1.65469E-5 1.70706E-5 1.8682E-5 2.01911E-5 2.2489E-5 2.29992E-5 3.92363E-5 4.84486E-5 8.96615E-5 8.51218E-5 4.74464E-5 7.79539E-5 5.62247E-5 5.66737E-5 2.37692E-5 1.10973E-5 1.12032E-5 2.68895E-5 8.26036E-5 1.65289E-4 1.37342E-4 1.11772E-4 1.21229E-4 8.39314E-5 2.63265E-5 3.18489E-5 8.27951E-5 5.04863E-5 3.44124E-5 2.55469E-5 4.52419E-5 3.93386E-4
5.20268E-6 8.1219E-6 8.5487E-6 1.61058E-5 1.47148E-5 2.5907E-5 7.85231E-6 3.22038E-6 4.09288E-6 2.42416E-5 3.6338E-5 4.31225E-6 3.19014E-6 3.26945E-6 3.43538E-6 3.6609E-6 4.11317E-6 4.12081E-6 4.36264E-6 5.04218E-6 1.27043E-5 1.30499E-5 1.69246E-5 1.76503E-5 1.76665E-5 7.00626E-6 8.78138E-6 6.95604E-6 7.23603E-6 1.09534E-5 2.10963E-5 1.65571E-5 5.48354E-5 1.92739E-5 1.83406E-5 1.97477E-5 1.79012E-5 2.07222E-5 2.54908E-5 2.5085E-5 2.683E-5 6.17553E-5 7.64228E-5 6.9646E-5 5.23703E-5 3.92849E-5 3.67242E-5 3.53989E-5 2.66472E-5 1.89379E-5 1.06948E-5 3.06345E-5 8.22013E-5 1.46308E-4 1.73996E-4 1.12638E-4 1.0943E-4 2.33149E-5 2.70879E-5 2.32754E-5 6.62892E-5 3.76054E-5 3.01078E-5 2.38577E-5 4.03511E-5 3.47849E-4
1.00421E-5 6.95731E-6 6.80681E-6 6.31331E-6 4.1517E-5 3.78399E-5 2.15045E-5 2.61919E-5 7.80524E-6 1.05671E-5 3.0608E-5 4.91272E-6 3.2665E-6 3.48404E-6 3.13503E-6 3.46252E-6 3.78245E-6 1.49779E-5 4.45656E-6 4.09493E-6 1.35358E-5 1.35077E-5 1.55002E-5 9.94189E-6 1.73656E-5 6.29799E-6 6.18353E-6 6.58722E-6 7.33235E-6 2.57831E-5 3.39894E-5 3.02461E-5 1.31959E-5 1.99401E-5 1.86175E-5 1.81378E-5 1.97138E-5 2.1932E-5 2.76248E-5 2.8442E-5 2.87537E-5 3.98655E-5 6.56244E-5 6.48097E-5 6.85151E-5 3.7823E-5 7.99048E-5 3.25313E-5 1.58759E-5 2.43505E-5 2.52425E-5 2.71773E-5 8.41484E-5 1.43546E-4 2.15227E-4 9.69072E-5 1.14339E-4 1.09716E-4 7.52625E-5 1.23133E-4 8.58196E-5 8.08288E-5 9.23091E-5 5.71695E-5 3.41694E-5 2.68672E-4
