catData/rasterBestHybridModels/Pviverrinus/RD_BM01_RM1_H/Pviverrinus_max.asc
ncols         409
nrows         350
xllcorner     60.897278365
yllcorner     5.843756025
cellsize      0.0892857
NODATA_value  -9999
[rows 87 to 115 of 350, columns 66 to 131 of 409]
3.39696E-6 3.35998E-6 2.9597E-6 3.2163E-6 2.89894E-6 3.23328E-6 2.68632E-6 9.91264E-7 9.81182E-7 8.80807E-7 9.31539E-7 9.86214E-7 9.45088E-7 9.48691E-7 9.6829E-7 9.34775E-7 9.32523E-7 8.97463E-7 8.86876E-7 1.02109E-6 1.59041E-6 2.82031E-6 2.27778E-6 1.77821E-6 2.19437E-6 3.14137E-6 3.99825E-6 3.24208E-6 2.1108E-6 1.68999E-6 1.59618E-6 1.49146E-6 1.58123E-6 3.06325E-6 2.96185E-6 3.27674E-6 5.96222E-6 7.69043E-6 6.96063E-6 6.03025E-6 1.8805E-5 1.97605E-5 1.57603E-5 3.77299E-5 3.90455E-5 3.52247E-5 2.03611E-5 1.15884E-5 1.03834E-5 1.0081E-5 1.01215E-5 1.0266E-5 1.03981E-5 9.78221E-6 8.48735E-6 7.28818E-6 6.37945E-6 8.08594E-6 3.68874E-6 5.20773E-6 5.21736E-6 5.75008E-6 1.34308E-5 6.95572E-6 1.35049E-5 2.1887E-5
3.40657E-6 3.38813E-6 3.32665E-6 3.27262E-6 3.20107E-6 3.139E-6 1.01071E-6 9.17281E-7 8.97637E-7 9.4343E-7 9.77673E-7 1.14847E-6 9.71088E-7 9.48104E-7 9.61942E-7 9.44956E-7 9.46297E-7 9.36588E-7 1.18236E-6 1.42786E-6 1.32684E-6 1.4545E-6 1.89086E-6 2.03869E-6 2.32624E-6 3.01416E-6 3.25057E-6 3.10054E-6 2.87118E-6 1.87101E-6 1.39919E-6 1.57695E-6 1.58729E-6 3.09468E-6 2.89409E-6 4.62171E-6 6.96907E-6 7.70151E-6 1.07377E-5 1.60997E-5 1.84697E-5 2.29573E-5 3.61941E-5 4.08441E-5 3.81068E-5 3.29669E-5 1.19173E-5 1.09434E-5 1.02147E-5 9.77928E-6 1.00843E-5 1.02554E-5 9.8851E-6 9.30389E-6 8.35447E-6 8.38623E-6 7.92606E-6 7.05414E-6 5.61389E-6 5.23695E-6 5.4502E-6 8.49753E-6 2.5459E-5 2.29267E-5 2.28151E-5 2.2782E-5
3.49201E-6 3.33006E-6 3.27513E-6 3.24031E-6 3.28338E-6 3.10166E-6 7.53558E-7 8.18315E-7 9.68098E-7 9.40191E-7 1.00964E-6 1.04158E-6 9.71852E-7 9.41871E-7 9.66161E-7 9.75641E-7 1.00188E-6 1.37007E-6 8.71847E-7 9.14748E-7 9.44095E-7 9.44628E-7 1.08913E-6 1.23447E-6 1.50215E-6 2.06332E-6 2.37741E-6 2.26046E-6 2.09506E-6 1.83965E-6 1.48453E-6 1.58485E-6 3.75927E-6 3.11622E-6 3.58376E-6 6.89892E-6 7.7625E-6 8.5325E-6 1.05992E-5 1.64034E-5 1.92331E-5 1.93461E-5 3.9649E-5 4.26414E-5 4.11449E-5 3.82837E-5 3.86715E-5 2.18791E-5 8.41134E-6 8.28225E-6 9.46609E-6 9.76002E-6 9.3734E-6 9.30566E-6 8.88546E-6 8.40357E-6 7.26538E-6 5.34652E-6 5.09935E-6 5.30939E-6 5.38085E-6 6.20635E-6 7.9303E-6 1.78712E-5 1.89596E-5 2.00379E-5
3.56145E-6 3.33223E-6 3.35649E-6 3.35612E-6 3.35394E-6 1.21283E-6 7.45258E-7 9.16434E-7 8.88406E-7 9.35885E-7 9.98903E-7 1.02109E-6 9.63553E-7 9.17443E-7 9.24189E-7 9.47934E-7 1.38797E-6 1.44193E-6 7.57944E-7 7.75897E-7 9.76657E-7 1.15528E-6 1.06371E-6 1.04176E-6 1.17506E-6 1.27255E-6 1.3386E-6 1.26808E-6 1.32061E-6 1.20505E-6 1.1509E-6 3.02925E-6 3.44942E-6 3.17765E-6 5.82495E-6 6.84368E-6 8.19217E-6 9.20128E-6 1.14964E-5 1.83968E-5 9.93824E-6 4.0843E-5 4.30273E-5 4.20463E-5 4.10034E-5 3.98094E-5 3.85785E-5 2.05497E-5 6.32785E-6 5.81273E-6 7.94253E-6 8.29705E-6 7.08375E-6 7.64785E-6 7.18564E-6 5.68452E-6 4.70369E-6 4.64075E-6 4.73919E-6 4.8307E-6 4.84829E-6 5.14542E-6 5.27058E-6 7.43215E-6 1.8483E-5 1.97254E-5
3.53362E-6 3.445E-6 2.96333E-6 2.96563E-6 3.31603E-6 1.01183E-6 9.66528E-7 9.87377E-7 9.1085E-7 9.27028E-7 9.74645E-7 1.0228E-6 9.86048E-7 9.44297E-7 9.46409E-7 9.38765E-7 1.40638E-6 1.42605E-6 7.82879E-7 8.61547E-7 1.07768E-6 1.32836E-6 1.4983E-6 1.35697E-6 1.33824E-6 1.44312E-6 1.24925E-6 1.17394E-6 1.16703E-6 1.08349E-6 2.33064E-6 2.74325E-6 2.78451E-6 2.87838E-6 6.14746E-6 7.05885E-6 8.54436E-6 1.04543E-5 1.46689E-5 1.9889E-5 3.98027E-5 3.9619E-5 4.31607E-5 4.23955E-5 4.14176E-5 3.97491E-5 3.82776E-5 3.60927E-5 6.01684E-6 5.06858E-6 5.48847E-6 5.55942E-6 5.43417E-6 5.14507E-6 4.89605E-6 4.65561E-6 4.51622E-6 4.65784E-6 4.68396E-6 4.69248E-6 4.78845E-6 4.902E-6 5.07304E-6 5.11906E-6 1.92254E-5 2.04196E-5
3.38279E-6 3.32465E-6 3.23724E-6 3.16297E-6 1.52843E-6 8.01014E-7 1.05196E-6 1.01962E-6 9.1189E-7 8.80132E-7 8.84407E-7 9.84076E-7 1.00016E-6 9.55557E-7 1.20289E-6 1.35213E-6 1.41105E-6 1.41736E-6 9.70412E-7 8.49221E-7 9.62732E-7 1.01405E-6 1.07336E-6 1.0375E-6 9.36375E-7 9.68984E-7 1.02705E-6 1.06585E-6 1.06619E-6 1.07874E-6 1.64589E-6 2.89494E-6 2.67086E-6 3.55939E-6 6.5727E-6 8.04618E-6 1.18134E-5 1.47702E-5 1.66111E-5 2.58453E-5 4.12143E-5 4.31389E-5 4.36255E-5 4.36856E-5 4.23936E-5 3.8819E-5 3.505E-5 1.59031E-5 5.61577E-6 4.81264E-6 4.81703E-6 4.50314E-6 4.30099E-6 4.24701E-6 4.29248E-6 4.52282E-6 4.59494E-6 4.67825E-6 4.70818E-6 4.68201E-6 4.81324E-6 4.89291E-6 5.01139E-6 4.81809E-6 4.52877E-6 2.69249E-6
3.16327E-6 3.13759E-6 3.07739E-6 3.07359E-6 2.71825E-6 9.07276E-7 9.83401E-7 8.72822E-7 8.74969E-7 8.1949E-7 8.76159E-7 9.79769E-7 1.07004E-6 9.99045E-7 1.40857E-6 1.41654E-6 1.4397E-6 1.45736E-6 1.11824E-6 7.61592E-7 8.18771E-7 8.62515E-7 8.75804E-7 8.16336E-7 7.90751E-7 8.07012E-7 8.44178E-7 9.03204E-7 9.92429E-7 1.11626E-6 3.12183E-6 3.28846E-6 2.94803E-6 5.88898E-6 7.29585E-6 9.96128E-6 1.46068E-5 1.85371E-5 3.45485E-5 3.69592E-5 3.99635E-5 4.22242E-5 2.00092E-5 4.39126E-5 3.98969E-5 3.51724E-5 3.10839E-5 1.97452E-6 5.20174E-6 4.68177E-6 4.51889E-6 4.09393E-6 3.91718E-6 4.05288E-6 4.11816E-6 4.23276E-6 4.38113E-6 4.39084E-6 4.4536E-6 4.57889E-6 4.64988E-6 4.77668E-6 3.16943E-6 2.2108E-6 2.35966E-6 2.60263E-6
3.1687E-6 3.13312E-6 3.08836E-6 3.06118E-6 1.45315E-6 9.57455E-7 8.88923E-7 8.043E-7 8.27018E-7 8.37022E-7 8.57429E-7 1.4106E-6 1.47117E-6 1.41915E-6 1.46633E-6 1.49272E-6 1.59232E-6 1.81377E-6 2.49064E-6 2.68364E-6 8.18707E-7 8.22574E-7 8.19273E-7 7.692E-7 7.73929E-7 7.81045E-7 8.03881E-7 8.43803E-7 9.57332E-7 2.1666E-6 3.34648E-6 3.49186E-6 7.03356E-6 7.48252E-6 9.48505E-6 1.29065E-5 1.96714E-5 3.6028E-5 1.60246E-5 3.82079E-5 3.90888E-5 4.10256E-5 4.19174E-5 4.03942E-5 3.16419E-5 2.41925E-5 2.37872E-5 5.89642E-6 4.68485E-6 4.353E-6 4.16516E-6 3.98141E-6 3.95651E-6 4.0414E-6 4.10115E-6 4.09879E-6 4.18241E-6 4.20798E-6 4.24161E-6 4.40264E-6 4.58174E-6 3.94135E-6 2.01939E-6 2.24516E-6 2.20164E-6 2.2661E-6
3.12258E-6 3.09715E-6 3.06236E-6 3.06217E-6 1.05689E-6 9.49013E-7 8.79314E-7 8.46957E-7 8.51415E-7 8.5958E-7 8.69621E-7 1.48521E-6 1.6418E-6 1.63987E-6 1.6914E-6 2.02908E-6 2.32082E-6 2.6897E-6 7.00399E-6 1.53155E-5 3.52045E-6 1.59574E-6 8.72007E-7 8.1773E-7 8.09342E-7 8.2938E-7 8.81222E-7 8.781E-7 1.42072E-6 2.89497E-6 3.61621E-6 3.39509E-6 6.13075E-6 1.07125E-5 1.30301E-5 3.08649E-5 3.67381E-5 3.60085E-5 3.70478E-5 3.84012E-5 2.92927E-5 3.90799E-5 3.70338E-5 3.36681E-5 2.41378E-5 1.88027E-5 1.60513E-5 4.58849E-6 4.1595E-6 3.93146E-6 3.91173E-6 3.93955E-6 3.96305E-6 4.02224E-6 4.11036E-6 4.12381E-6 4.13334E-6 4.18891E-6 4.24278E-6 4.37991E-6 4.62456E-6 2.61736E-6 2.0163E-6 2.08059E-6 2.14291E-6 2.19908E-6
3.09778E-6 3.09349E-6 3.07309E-6 1.84885E-6 9.66026E-7 8.85436E-7 8.60345E-7 8.30549E-7 8.7777E-7 8.82076E-7 9.49271E-7 1.8566E-6 2.14594E-6 2.50784E-6 2.76111E-6 1.45349E-6 2.35505E-6 7.78393E-6 5.0662E-6 1.74795E-5 1.79681E-5 1.68917E-5 1.67408E-5 1.47842E-5 1.49661E-5 1.50994E-5 1.73336E-5 1.53324E-5 1.4038E-5 1.09685E-5 2.17732E-5 2.00256E-5 2.22146E-5 2.8805E-5 3.06442E-5 2.64643E-5 3.55948E-5 3.40379E-5 3.20995E-5 2.96957E-5 2.42898E-5 2.98289E-5 2.60869E-5 2.09365E-5 1.51084E-5 1.38874E-5 1.3619E-5 3.85736E-6 3.83409E-6 3.83419E-6 3.93252E-6 3.97214E-6 3.96694E-6 4.00418E-6 4.07087E-6 4.11664E-6 4.10581E-6 4.18126E-6 4.29422E-6 4.5654E-6 4.68827E-6 1.95596E-6 1.95287E-6 1.99873E-6 2.13992E-6 2.38918E-6
3.09573E-6 3.1166E-6 3.09611E-6 2.86959E-6 7.02151E-7 8.06961E-7 8.31552E-7 8.3419E-7 8.53782E-7 9.09064E-7 1.25891E-6 2.02279E-6 1.88557E-6 1.35579E-6 2.3963E-6 7.52587E-6 1.53821E-5 1.32916E-5 1.30395E-5 1.41711E-5 1.61166E-5 1.8989E-5 2.06772E-5 2.16807E-5 2.26403E-5 2.40943E-5 2.50294E-5 1.12993E-5 2.48564E-5 1.14477E-5 2.42579E-5 9.56185E-6 1.81936E-5 1.68301E-5 1.49968E-5 3.55584E-5 3.02143E-5 2.51872E-5 2.65366E-5 2.6353E-5 2.70076E-5 2.24996E-5 1.7159E-5 1.33876E-5 1.23955E-5 1.22605E-5 1.23612E-5 3.72303E-6 3.81416E-6 3.81065E-6 3.80104E-6 3.90546E-6 3.991E-6 4.02989E-6 4.14986E-6 4.09618E-6 4.07923E-6 4.26724E-6 4.46539E-6 4.75403E-6 3.84629E-6 1.94136E-6 2.03759E-6 2.14501E-6 2.27913E-6 2.34871E-6
3.13326E-6 3.12393E-6 3.11774E-6 2.45409E-6 9.04945E-7 8.54718E-7 8.33783E-7 8.4498E-7 8.76472E-7 9.47814E-7 1.03811E-6 1.90051E-6 1.06327E-6 1.85488E-6 6.12174E-6 1.09491E-5 1.44327E-5 1.43007E-5 1.44216E-5 1.48082E-5 1.33645E-5 1.57908E-5 1.83192E-5 2.21414E-5 2.19285E-5 2.15271E-5 2.19244E-5 1.07907E-5 2.54478E-5 2.50242E-5 2.52868E-5 2.21147E-5 1.65801E-5 1.89925E-5 2.95648E-5 3.10717E-5 2.41108E-5 1.99143E-5 2.41567E-5 2.5425E-5 2.05197E-5 1.44275E-5 1.17752E-5 1.12408E-5 1.15103E-5 1.20456E-5 1.24229E-5 3.7989E-6 3.85925E-6 3.84447E-6 3.81133E-6 3.87419E-6 4.06116E-6 4.18345E-6 4.25837E-6 4.17028E-6 4.15313E-6 4.26164E-6 4.42925E-6 3.43682E-6 1.84024E-6 1.85133E-6 1.9604E-6 2.07824E-6 2.39132E-6 2.22226E-6
3.14001E-6 3.12787E-6 3.15652E-6 1.77853E-6 9.41834E-7 1.16441E-6 8.28133E-7 8.63229E-7 8.91038E-7 1.06829E-6 1.87286E-6 4.98545E-6 9.32862E-6 1.05617E-5 1.47518E-5 1.62653E-5 9.18416E-6 1.51613E-5 1.55775E-5 1.77226E-5 1.62529E-5 1.24286E-5 7.29664E-6 1.92114E-5 2.13687E-5 2.37419E-5 2.53686E-5 2.41577E-5 1.31108E-5 2.37661E-5 2.24452E-5 6.47599E-6 1.67812E-5 1.96985E-5 2.55316E-5 2.11626E-5 2.02655E-5 2.09187E-5 2.22325E-5 2.03124E-5 1.47315E-5 1.19164E-5 1.11261E-5 1.13148E-5 1.1906E-5 1.2557E-5 1.28289E-5 5.59049E-6 3.82131E-6 3.88979E-6 3.90731E-6 3.97238E-6 4.15317E-6 4.27574E-6 4.33429E-6 4.30679E-6 4.29817E-6 4.43888E-6 2.44945E-6 1.75592E-6 2.02654E-6 1.9531E-6 2.02452E-6 2.0937E-6 2.29534E-6 2.17987E-6
1.70214E-6 3.17559E-6 3.17703E-6 1.35337E-6 1.29315E-6 9.54847E-7 9.10383E-7 9.59871E-7 9.05025E-7 1.88086E-6 1.03423E-5 1.24212E-5 1.09056E-5 6.75024E-6 7.13245E-6 7.32397E-6 1.77821E-5 1.83929E-5 1.90203E-5 1.93911E-5 1.47103E-5 8.52013E-6 1.88819E-5 2.00603E-5 1.04726E-5 2.68071E-5 2.50832E-5 2.62715E-5 2.14216E-5 2.26389E-5 1.59367E-5 7.90469E-6 1.70838E-5 1.792E-5 2.00607E-5 1.84737E-5 1.8134E-5 1.78704E-5 1.78423E-5 1.55469E-5 1.19531E-5 1.09069E-5 1.13995E-5 1.18894E-5 1.21666E-5 1.27217E-5 1.29913E-5 1.32685E-5 3.9804E-6 4.05208E-6 4.07096E-6 4.18355E-6 4.43897E-6 4.51878E-6 4.50801E-6 4.49321E-6 4.54858E-6 3.05101E-6 1.78946E-6 1.85088E-6 2.18007E-6 2.22461E-6 2.28729E-6 2.28905E-6 2.38913E-6 2.5083E-6
3.16856E-6 3.18462E-6 1.78576E-6 9.45534E-7 1.43648E-6 1.04336E-6 9.64473E-7 1.11651E-6 1.03692E-6 1.28507E-6 1.23011E-5 1.32053E-5 6.16994E-6 1.40583E-5 1.43115E-5 1.49263E-5 1.77993E-5 1.93443E-5 1.61778E-5 1.53862E-5 1.56241E-5 1.77543E-5 1.97528E-5 2.22751E-5 2.58126E-5 2.68516E-5 2.56419E-5 1.7232E-5 1.69519E-5 1.73862E-5 1.25166E-5 1.57068E-5 1.50171E-5 1.50439E-5 1.28004E-5 1.6393E-5 1.27987E-5 1.25329E-5 1.43567E-5 1.25534E-5 8.02296E-6 3.36445E-6 1.17571E-5 1.22166E-5 1.24877E-5 1.26395E-5 1.28769E-5 1.36665E-5 4.52616E-6 4.13657E-6 4.39539E-6 4.58897E-6 4.70465E-6 4.71258E-6 4.55647E-6 4.4971E-6 4.63058E-6 2.35494E-6 1.81872E-6 1.91076E-6 2.26594E-6 2.28506E-6 2.34995E-6 2.32274E-6 2.55927E-6 2.25684E-6
3.20911E-6 2.082E-6 1.92928E-6 1.82344E-6 1.52593E-6 1.21299E-6 1.28091E-6 1.38182E-6 1.97326E-6 3.42803E-6 6.2426E-6 1.41786E-5 1.46778E-5 1.49359E-5 1.63485E-5 1.84046E-5 2.0612E-5 1.2181E-5 5.55981E-6 1.6307E-5 1.73088E-5 1.97254E-5 2.07514E-5 2.15457E-5 1.72916E-5 1.38885E-5 5.73257E-6 1.55166E-5 1.63412E-5 1.5864E-5 1.56531E-5 1.60999E-5 1.46157E-5 1.1539E-5 9.70845E-6 7.58794E-6 1.09034E-5 1.21513E-5 1.16857E-5 1.84117E-6 9.90115E-7 1.02254E-6 1.1389E-6 1.24992E-5 1.2767E-5 1.27662E-5 1.29411E-5 1.36381E-5 1.06893E-5 4.29066E-6 4.60893E-6 4.92208E-6 5.00876E-6 4.87421E-6 4.74756E-6 4.5253E-6 2.75595E-6 1.8822E-6 1.83121E-6 1.8937E-6 2.21774E-6 2.35896E-6 2.46068E-6 2.46642E-6 2.26652E-6 2.21535E-6
3.23111E-6 3.23441E-6 3.25542E-6 3.82562E-6 1.43507E-6 1.3938E-6 3.07686E-6 1.15211E-5 1.2151E-5 1.32186E-5 1.2382E-5 1.32484E-5 1.53739E-5 8.34791E-6 1.51413E-5 1.94704E-5 8.83868E-6 9.34367E-6 9.21221E-6 8.9797E-6 1.99859E-5 9.22352E-6 8.95887E-6 2.13008E-5 1.36242E-5 1.22481E-5 1.34192E-5 1.34532E-5 1.39788E-5 1.39653E-5 1.47608E-5 1.49628E-5 1.16039E-5 8.28908E-6 6.62297E-6 6.68974E-6 6.53077E-6 6.07339E-6 1.01645E-6 1.00407E-6 1.00764E-6 1.04299E-6 1.07586E-6 5.46728E-6 1.3156E-5 1.34547E-5 1.3422E-5 1.39343E-5 1.39106E-5 3.66471E-6 2.42009E-6 2.02758E-6 1.83728E-6 1.70067E-6 1.71118E-6 1.69756E-6 1.75572E-6 1.82137E-6 1.8732E-6 1.90475E-6 2.26208E-6 2.41598E-6 2.23504E-6 2.22944E-6 2.29842E-6 2.34977E-6
2.71807E-6 2.67465E-6 1.75503E-6 1.61458E-6 1.69664E-6 1.76541E-6 6.8767E-6 9.62662E-6 1.04244E-5 1.15856E-5 1.25713E-5 1.41359E-5 1.70376E-5 8.13052E-6 1.75417E-5 1.69468E-5 8.30995E-6 9.37948E-6 9.5651E-6 1.98537E-5 2.04442E-5 2.32083E-5 2.11177E-5 2.34742E-5 1.29787E-5 1.28037E-5 1.28086E-5 1.24869E-5 1.20308E-5 1.17606E-5 1.23446E-5 1.15238E-5 8.93576E-6 6.47043E-6 6.28398E-6 6.44111E-6 6.44632E-6 1.23718E-6 1.0465E-6 1.04427E-6 1.0391E-6 1.07737E-6 1.11203E-6 1.1329E-6 1.34724E-5 1.39601E-5 1.41513E-5 7.9017E-6 1.46473E-6 1.45457E-6 1.51851E-6 1.50251E-6 1.6002E-6 1.57602E-6 1.62125E-6 1.68237E-6 1.82552E-6 1.93494E-6 1.94531E-6 1.98239E-6 2.08991E-6 2.13734E-6 2.17797E-6 2.32106E-6 2.46411E-6 2.51158E-6
3.96703E-6 3.29175E-6 2.48308E-6 1.89962E-6 2.64914E-6 9.89427E-6 8.90387E-6 8.37823E-6 8.44938E-6 1.04445E-5 1.43717E-5 1.57622E-5 8.02167E-6 8.05971E-6 8.2217E-6 8.47641E-6 9.5201E-6 1.04173E-5 2.26333E-5 3.17953E-6 9.26186E-6 2.85463E-5 2.5321E-5 1.17535E-5 1.268E-5 1.14222E-5 1.06781E-5 1.01451E-5 5.46897E-6 8.63819E-6 9.15381E-6 7.71781E-6 6.59336E-6 6.18617E-6 6.31361E-6 6.38504E-6 4.08166E-6 1.02502E-6 1.05554E-6 1.05211E-6 1.05424E-6 1.08839E-6 1.12631E-6 1.16221E-6 1.20715E-6 1.33242E-6 1.29281E-6 1.3665E-6 1.44419E-6 1.49799E-6 1.49211E-6 1.38099E-6 1.54861E-6 1.54741E-6 1.55837E-6 1.64646E-6 1.78093E-6 1.96704E-6 2.12887E-6 2.05141E-6 2.15098E-6 2.19906E-6 2.32623E-6 2.4515E-6 2.49274E-6 2.59119E-6
3.30489E-6 3.32928E-6 3.33925E-6 3.35599E-6 4.81399E-6 1.08502E-5 8.24513E-6 8.53485E-6 8.43517E-6 1.09961E-5 1.52131E-5 7.35374E-6 7.95471E-6 8.42218E-6 8.7399E-6 1.99337E-5 2.08324E-5 6.59328E-6 6.97569E-6 5.59823E-6 3.64485E-6 7.94442E-6 9.01903E-6 1.33608E-5 1.16E-5 1.12068E-5 2.99696E-6 7.88139E-6 6.71734E-6 6.75118E-6 6.79397E-6 6.47813E-6 6.15512E-6 6.1582E-6 6.2991E-6 6.38511E-6 1.52274E-6 1.02988E-6 1.0519E-6 1.05541E-6 1.07239E-6 1.11594E-6 1.16665E-6 1.22067E-6 1.26108E-6 1.29716E-6 1.37946E-6 1.45839E-6 1.49641E-6 1.50966E-6 1.42688E-6 1.35964E-6 1.46299E-6 1.58101E-6 1.58927E-6 1.74543E-6 1.92143E-6 2.19941E-6 2.51274E-6 2.58008E-6 2.25393E-6 2.34858E-6 2.48119E-6 2.82986E-6 3.12169E-6 3.35735E-6
2.36164E-6 3.39699E-6 3.44088E-6 3.40472E-6 1.3541E-5 9.96108E-6 8.46618E-6 8.86084E-6 9.27127E-6 1.43427E-5 1.53509E-5 6.91631E-6 7.56919E-6 8.54835E-6 9.03624E-6 9.51412E-6 2.05061E-5 6.22701E-6 6.61928E-6 7.81453E-6 7.86232E-6 7.39608E-6 8.59012E-6 1.25736E-5 1.23899E-5 1.10841E-5 7.53694E-6 6.32171E-6 6.06762E-6 6.12713E-6 6.01929E-6 5.99438E-6 6.16723E-6 6.39448E-6 6.37546E-6 1.56451E-6 1.01018E-6 1.0458E-6 1.0776E-6 1.09201E-6 1.13537E-6 1.23492E-6 1.33768E-6 1.42542E-6 1.41868E-6 8.3122E-7 8.76615E-7 1.55567E-6 1.54362E-6 1.42682E-6 1.36985E-6 1.43996E-6 1.36374E-6 1.65293E-6 1.75734E-6 1.94678E-6 2.32005E-6 3.08988E-6 3.30996E-6 3.3729E-6 2.69523E-6 2.60445E-6 3.52089E-6 3.91176E-6 3.79398E-6 3.67784E-6
1.62654E-6 1.67649E-6 1.79545E-6 2.45583E-6 6.46354E-6 4.92703E-6 8.3658E-6 8.77418E-6 9.56207E-6 1.59333E-5 1.6381E-5 1.55853E-5 7.6948E-6 8.50451E-6 9.26391E-6 2.03984E-5 1.98933E-5 7.27323E-6 7.74215E-6 7.88148E-6 7.30832E-6 6.5322E-6 6.10292E-6 8.36299E-6 1.12895E-5 1.009E-5 7.01041E-6 6.12016E-6 6.00349E-6 5.96361E-6 5.96644E-6 6.09687E-6 6.42332E-6 6.67943E-6 2.12743E-6 1.01047E-6 1.05492E-6 1.09065E-6 1.11904E-6 1.18279E-6 1.30851E-6 1.48745E-6 1.59925E-6 1.70511E-6 1.67683E-6 1.75207E-6 5.11761E-7 1.01125E-6 1.64602E-6 1.53225E-6 1.49191E-6 1.51614E-6 1.57633E-6 1.76335E-6 1.90223E-6 2.13848E-6 2.95313E-6 3.52903E-6 3.60912E-6 3.74513E-6 3.80747E-6 3.8446E-6 4.12276E-6 4.18178E-6 3.87913E-6 3.78058E-6
1.63467E-6 1.34501E-6 1.23019E-6 2.29026E-6 3.16807E-6 1.98582E-6 1.93637E-6 2.05498E-6 2.83118E-6 1.03214E-5 1.68169E-5 1.83869E-5 1.49902E-5 2.05084E-5 2.04455E-5 1.80016E-5 5.39682E-6 6.51772E-6 7.34783E-6 7.55964E-6 7.70849E-6 5.34671E-6 4.03476E-6 9.63234E-6 1.05616E-5 1.07987E-5 7.00839E-6 6.17781E-6 6.14946E-6 6.14151E-6 6.22657E-6 6.35387E-6 6.363E-6 1.44035E-6 1.03221E-6 1.06504E-6 1.07728E-6 1.13417E-6 1.22402E-6 1.36858E-6 1.53446E-6 1.7149E-6 1.89414E-6 1.94232E-6 1.92741E-6 1.95184E-6 1.96127E-6 1.88385E-6 1.68454E-6 1.65461E-6 1.597E-6 1.52145E-6 1.81841E-6 1.93636E-6 2.139E-6 2.38371E-6 3.23402E-6 3.82924E-6 3.9912E-6 4.15436E-6 4.26387E-6 4.35614E-6 4.51022E-6 4.5144E-6 4.2513E-6 4.19239E-6
2.82783E-6 1.65115E-6 1.37802E-6 3.48722E-6 4.08971E-6 1.96199E-6 2.06006E-6 1.90742E-6 2.12239E-6 2.79693E-6 1.71206E-6 2.06067E-6 2.49368E-6 2.14257E-5 1.87561E-5 1.83103E-5 6.71518E-6 7.27239E-6 7.29046E-6 7.33636E-6 7.43509E-6 4.91704E-6 3.67608E-6 4.11756E-6 8.92788E-6 1.10949E-5 7.07382E-6 6.26813E-6 6.36951E-6 6.4035E-6 6.46004E-6 6.30544E-6 1.03322E-6 1.05657E-6 1.08054E-6 1.11982E-6 1.13983E-6 1.17513E-6 1.33056E-6 1.53385E-6 1.6931E-6 1.88616E-6 1.99382E-6 2.03632E-6 2.07693E-6 2.0467E-6 2.04233E-6 1.94947E-6 1.81826E-6 1.82052E-6 1.73548E-6 1.71296E-6 1.73023E-6 2.16899E-6 2.32377E-6 2.63039E-6 3.47024E-6 4.1038E-6 4.18375E-6 4.23305E-6 4.46861E-6 4.61225E-6 4.7259E-6 4.77266E-6 4.54405E-6 4.46148E-6
3.46677E-6 2.34903E-6 1.67509E-6 2.61809E-6 5.20332E-6 2.0514E-6 2.07259E-6 2.00387E-6 2.18325E-6 2.84155E-6 1.77497E-6 2.14416E-6 2.31542E-6 4.42926E-6 1.93311E-5 2.23777E-5 1.14429E-5 2.69157E-5 1.74219E-5 6.95618E-6 7.45068E-6 3.85995E-6 3.06436E-6 3.35908E-6 4.82664E-6 4.66691E-6 3.2353E-6 2.98598E-6 3.04813E-6 4.45574E-6 6.60096E-6 1.0889E-6 1.07098E-6 1.07708E-6 1.09283E-6 1.15589E-6 1.23358E-6 1.25975E-6 1.36507E-6 1.57422E-6 1.74374E-6 1.90181E-6 1.97498E-6 2.02254E-6 2.057E-6 2.05599E-6 2.10845E-6 2.05695E-6 1.95871E-6 1.90937E-6 1.92595E-6 1.92363E-6 2.11113E-6 2.40079E-6 2.4756E-6 2.64755E-6 2.71456E-6 2.79835E-6 3.73559E-6 4.49128E-6 4.64477E-6 4.94141E-6 4.93593E-6 4.79009E-6 4.61835E-6 4.68257E-6
1.91702E-6 1.90203E-6 1.38506E-6 2.12395E-6 3.73937E-6 2.12835E-6 2.12478E-6 1.93915E-6 2.40337E-6 2.90374E-6 1.96783E-6 2.42075E-6 5.03695E-6 1.97942E-5 2.35121E-5 2.04627E-5 2.80933E-5 2.69488E-5 2.26446E-5 6.67816E-6 5.95935E-6 2.90224E-6 2.67931E-6 3.60207E-6 5.61031E-6 3.84015E-6 3.29866E-6 3.12043E-6 3.09621E-6 3.1335E-6 2.78556E-6 1.04437E-6 1.06408E-6 1.0953E-6 1.12631E-6 1.19443E-6 1.27524E-6 1.34094E-6 1.40656E-6 1.58348E-6 1.70773E-6 1.81191E-6 1.97871E-6 2.10377E-6 2.21969E-6 2.25481E-6 2.38105E-6 2.28491E-6 2.03336E-6 2.05919E-6 2.05333E-6 2.18498E-6 2.20357E-6 2.5977E-6 2.56482E-6 2.72527E-6 2.91362E-6 2.90634E-6 3.18956E-6 4.64487E-6 4.73045E-6 4.96081E-6 5.29759E-6 4.95826E-6 4.82675E-6 4.90101E-6
1.81407E-6 2.19892E-6 1.89451E-6 1.7142E-6 2.88436E-6 2.16353E-6 2.3495E-6 2.31702E-6 2.3634E-6 3.07405E-6 3.96951E-6 5.01431E-6 5.70472E-6 2.31428E-5 1.2601E-5 2.25251E-5 1.27631E-5 2.74053E-5 1.20935E-5 6.60377E-6 3.72953E-6 2.66213E-6 2.80064E-6 4.44422E-6 5.81527E-6 3.49669E-6 3.22406E-6 3.18323E-6 3.28317E-6 3.30806E-6 1.53954E-6 1.10065E-6 1.11512E-6 1.16391E-6 1.18133E-6 1.19637E-6 1.31465E-6 1.41311E-6 1.46855E-6 1.64121E-6 1.78927E-6 1.87435E-6 2.08029E-6 2.22888E-6 2.3373E-6 2.52543E-6 2.50867E-6 2.26558E-6 2.2808E-6 2.37941E-6 2.36477E-6 2.41426E-6 2.44E-6 2.78574E-6 2.73478E-6 2.81014E-6 2.93799E-6 3.07157E-6 3.2149E-6 5.01003E-6 4.95757E-6 4.98266E-6 5.34461E-6 5.57769E-6 5.90865E-6 6.28584E-6
2.23442E-6 2.16436E-6 2.08105E-6 2.53112E-6 2.89135E-6 2.39557E-6 2.48641E-6 2.67103E-6 2.37182E-6 2.8332E-6 3.54146E-6 4.83104E-6 1.92073E-5 2.54011E-5 1.281E-5 3.00383E-5 2.21512E-5 2.12718E-5 6.44512E-6 4.55191E-6 2.97449E-6 2.70047E-6 2.94759E-6 4.65104E-6 2.24513E-6 3.57923E-6 3.23943E-6 3.31272E-6 3.42169E-6 3.47996E-6 1.40934E-6 1.19644E-6 1.23204E-6 1.26819E-6 1.28008E-6 1.28343E-6 1.3611E-6 1.50522E-6 1.61306E-6 1.77614E-6 1.92611E-6 2.01195E-6 2.18908E-6 2.35573E-6 2.47443E-6 2.58887E-6 2.47423E-6 2.37325E-6 2.50208E-6 2.59082E-6 2.56089E-6 2.62239E-6 2.46254E-6 2.95293E-6 2.94295E-6 3.03035E-6 3.10662E-6 3.072E-6 3.13529E-6 4.05233E-6 6.04831E-6 6.27737E-6 6.29262E-6 6.257E-6 6.54097E-6 6.80771E-6
2.51735E-6 1.99782E-6 1.45454E-6 2.98601E-6 2.89148E-6 2.39596E-6 2.63335E-6 2.69542E-6 2.58948E-6 2.94763E-6 3.25499E-6 3.84205E-6 2.07205E-5 1.21572E-5 3.0902E-5 3.22996E-5 2.97328E-5 6.80307E-6 4.11752E-6 3.27234E-6 2.88398E-6 2.91675E-6 3.24192E-6 5.35521E-6 1.65074E-6 3.93696E-6 3.68714E-6 3.74403E-6 3.72903E-6 3.72759E-6 1.53062E-6 1.32036E-6 1.36642E-6 1.38723E-6 1.40248E-6 1.40176E-6 1.43433E-6 1.61824E-6 1.77069E-6 1.89985E-6 2.03896E-6 2.13317E-6 2.29602E-6 2.56424E-6 2.72553E-6 2.72628E-6 2.65417E-6 2.60114E-6 2.64842E-6 2.76131E-6 2.86866E-6 2.85124E-6 2.79577E-6 3.18313E-6 3.18661E-6 3.26266E-6 3.25355E-6 3.12252E-6 3.26353E-6 6.24485E-6 6.46467E-6 6.50178E-6 6.4633E-6 6.42017E-6 6.42443E-6 6.8359E-6
