catData/rasterBestHybridModels/Pviverrinus/RD_BM01_RM1_H/Pviverrinus_median.asc
ncols         409
nrows         350
xllcorner     60.897278365
yllcorner     5.843756025
cellsize      0.0892857
NODATA_value  -9999
[rows 203 to 231 of 350, columns 130 to 194 of 409]
-9999 -9999 -9999 -9999 -9999 3.22079E-4 1.99033E-4 1.68093E-4 1.43422E-4 1.59715E-4 9.39915E-5 3.65823E-5 3.35007E-5 3.46124E-5 3.15249E-5 1.94616E-5 1.20827E-5 8.65018E-6 1.01788E-5 8.78579E-6 5.10139E-6 4.14601E-6 3.83108E-6 4.26174E-6 1.43124E-5 1.75274E-5 1.10578E-5 5.30237E-6 5.38921E-6 5.54508E-6 1.17401E-5 3.34493E-6 4.98874E-6 4.10342E-6 4.61107E-6 1.68241E-5 1.70093E-5 1.61497E-5 1.20268E-5 9.18555E-6 1.16303E-5 1.19291E-5 1.11108E-5 2.58608E-5 2.73944E-5 1.95507E-5 1.09987E-5 1.89883E-5 1.5797E-5 1.16003E-5 1.34464E-5 1.59128E-5 1.84718E-5 1.89326E-5 1.62835E-5 1.73914E-5 1.9784E-5 1.24461E-5 1.80195E-5 1.80472E-5 1.05622E-5 8.8403E-6 1.19384E-5 2.37764E-5 7.22439E-5
-9999 -9999 -9999 -9999 5.80658E-4 3.40151E-4 2.03023E-4 1.95588E-4 1.6423E-4 1.05956E-4 4.14063E-5 3.84307E-5 3.8413E-5 4.12684E-5 2.77738E-5 2.47038E-5 1.66379E-5 9.19531E-6 9.50137E-6 1.03493E-5 8.55222E-6 7.54708E-6 6.8295E-6 1.62157E-5 8.31737E-6 1.49228E-5 1.33919E-5 6.13459E-6 5.48147E-6 5.51658E-6 7.63082E-6 3.70969E-6 6.34613E-6 3.40963E-6 5.95201E-6 1.70253E-5 1.71637E-5 1.77103E-5 9.22609E-6 8.02469E-6 1.45091E-5 1.57004E-5 1.63905E-5 2.40428E-5 2.25E-5 2.57996E-5 2.19723E-5 1.75046E-5 1.53137E-5 1.31815E-5 1.5665E-5 1.58947E-5 1.81706E-5 1.77475E-5 1.98107E-5 1.9351E-5 2.02335E-5 1.98727E-5 1.87716E-5 1.91724E-5 2.11435E-5 2.27142E-5 4.17945E-5 2.5813E-5 2.61453E-5
-9999 -9999 -9999 -9999 3.4682E-4 2.9749E-4 2.1632E-4 1.53325E-4 1.58464E-4 8.98474E-5 4.12835E-5 4.54878E-5 4.85312E-5 5.09346E-5 3.36144E-5 2.1665E-5 2.08684E-5 1.04738E-5 1.0573E-5 1.04223E-5 1.09687E-5 8.61827E-6 8.67155E-6 8.84849E-6 7.66712E-6 7.429E-6 6.32694E-6 5.77127E-6 5.51512E-6 5.55596E-6 5.53585E-6 6.11324E-6 6.09075E-6 4.7407E-6 8.74177E-6 1.64304E-5 1.72036E-5 1.41048E-5 1.13968E-5 9.31777E-6 9.96607E-6 1.17127E-5 1.1714E-5 2.56726E-5 2.23126E-5 2.23846E-5 2.17736E-5 1.94417E-5 1.97894E-5 1.98044E-5 1.95932E-5 1.64429E-5 1.61156E-5 1.64503E-5 1.07033E-5 1.61311E-5 1.74443E-5 1.82147E-5 1.92255E-5 2.23161E-5 2.37342E-5 2.63389E-5 2.56735E-5 2.56265E-5 2.66463E-5
-9999 -9999 -9999 -9999 3.04237E-4 2.49853E-4 2.02915E-4 1.27206E-4 4.39525E-5 1.58871E-5 3.38626E-5 3.31699E-5 4.33566E-5 5.39506E-5 9.58317E-5 2.53201E-5 2.2101E-5 1.90137E-5 1.21349E-5 1.57E-5 1.18685E-5 1.22848E-5 1.04661E-5 9.9658E-6 9.35316E-6 8.11623E-6 5.83968E-6 5.48226E-6 1.84234E-5 4.99313E-6 5.46184E-6 5.73029E-6 6.04568E-6 6.23491E-6 1.01766E-5 1.2458E-5 1.26748E-5 1.06234E-5 1.00237E-5 1.01191E-5 1.07704E-5 1.13304E-5 1.04972E-5 2.96942E-5 2.26855E-5 1.58038E-5 1.68182E-5 1.63774E-5 1.97295E-5 1.98915E-5 2.02167E-5 1.89775E-5 8.08024E-6 3.56149E-6 3.75695E-6 3.48381E-6 8.8641E-6 2.00811E-5 2.35016E-5 2.8175E-5 5.27803E-5 7.65399E-5 2.68205E-5 6.97309E-5 2.57249E-5
-9999 -9999 -9999 -9999 3.05627E-4 2.05361E-4 1.81113E-4 1.46318E-4 3.8597E-5 1.29309E-5 1.62705E-5 1.05108E-5 1.18749E-5 1.13392E-5 3.92332E-5 6.874E-5 1.7904E-5 1.85749E-5 1.9199E-5 2.26129E-5 2.21981E-5 1.67184E-5 1.44488E-5 1.09776E-5 1.0022E-5 7.67828E-6 5.77622E-6 5.46841E-6 5.44237E-6 5.45284E-6 5.54066E-6 5.20287E-6 5.28325E-6 7.47579E-6 8.13848E-6 9.50629E-6 9.8183E-6 1.05435E-5 1.48502E-5 1.40613E-5 1.41497E-5 1.60588E-5 3.11839E-5 3.42658E-5 1.59206E-5 1.23395E-5 1.28194E-5 1.53112E-5 1.81373E-5 1.76792E-5 2.56871E-5 2.49969E-5 1.8379E-5 9.19922E-6 3.84748E-6 4.1083E-6 1.72541E-5 1.78609E-5 2.16728E-5 4.84016E-5 3.58126E-5 8.37921E-5 7.24741E-5 4.93403E-5 2.51854E-5
-9999 -9999 -9999 -9999 2.40559E-4 2.08773E-4 2.08641E-4 1.67209E-4 6.99592E-5 2.4101E-5 1.65796E-5 9.19646E-6 9.21686E-6 4.99406E-5 4.21428E-5 2.36657E-5 2.06413E-5 1.67808E-5 1.77927E-5 1.95504E-5 2.10384E-5 2.18202E-5 4.48461E-5 2.05913E-5 2.56738E-5 6.29021E-6 5.5121E-6 5.60431E-6 5.29355E-6 7.4245E-6 7.64296E-6 4.05362E-6 4.16505E-6 5.78885E-6 7.24763E-6 7.44755E-6 9.10445E-6 9.73122E-6 1.42042E-5 1.50878E-5 1.54551E-5 2.13131E-5 2.77727E-5 3.25898E-5 3.16539E-5 2.9483E-5 2.58329E-5 2.41557E-5 1.94685E-5 1.90271E-5 2.25743E-5 2.34209E-5 2.04692E-5 1.6665E-5 3.72087E-6 1.19842E-5 1.71002E-5 1.54912E-5 1.56916E-5 3.75084E-5 3.10522E-5 2.50197E-5 2.74526E-5 2.65662E-5 1.5986E-5
-9999 -9999 -9999 -9999 1.86519E-4 1.64169E-4 1.63939E-4 1.55105E-4 1.62418E-4 1.42205E-4 1.05946E-5 4.91399E-6 8.40852E-6 4.37831E-5 3.01256E-5 2.17574E-5 1.83936E-5 9.52269E-6 8.34924E-6 8.92864E-6 1.36388E-5 1.62256E-5 1.76126E-5 2.19511E-5 2.43702E-5 2.39114E-5 6.17219E-6 6.45082E-6 6.89904E-6 6.70938E-6 6.61815E-6 5.14405E-6 4.16864E-6 4.52757E-6 6.06132E-6 6.81772E-6 9.78437E-6 1.21E-5 1.44663E-5 2.08384E-5 2.44666E-5 2.40049E-5 2.90825E-5 2.37321E-5 2.85738E-5 2.94283E-5 2.66113E-5 2.70193E-5 2.40652E-5 1.94104E-5 2.67534E-5 2.48949E-5 2.1806E-5 1.45334E-5 9.81235E-6 1.68195E-5 1.76012E-5 1.88551E-5 1.64791E-5 2.56741E-5 5.9923E-5 4.3573E-5 5.54649E-6 1.03803E-5 2.26378E-5
-9999 -9999 -9999 -9999 -9999 1.96692E-4 8.7213E-5 3.87036E-5 1.62402E-4 1.12381E-4 2.40895E-5 3.6381E-6 3.71149E-6 2.7834E-5 3.41527E-5 1.7137E-5 1.02554E-5 7.80706E-6 8.28058E-6 1.09593E-5 1.46178E-5 1.54037E-5 1.98252E-5 1.93277E-5 1.99734E-5 2.22325E-5 1.28818E-5 1.1636E-5 1.17972E-5 8.36418E-6 6.29344E-6 6.68995E-6 4.83955E-6 4.16942E-6 4.53712E-6 9.28758E-6 1.12842E-5 1.24719E-5 1.44974E-5 2.39488E-5 3.29257E-5 2.40237E-5 2.00483E-5 2.41019E-5 2.47248E-5 1.77582E-5 1.8348E-5 2.68141E-5 1.89562E-5 1.81221E-5 2.1258E-5 2.08689E-5 2.23081E-5 1.4921E-5 1.65554E-5 1.74435E-5 1.72649E-5 1.97904E-5 1.86947E-5 2.0344E-5 5.89536E-5 6.21249E-5 2.16638E-5 1.03016E-5 1.50248E-5
-9999 -9999 -9999 -9999 -9999 -9999 5.03517E-5 3.42889E-5 1.76318E-4 1.77568E-4 9.96896E-5 4.41816E-5 1.31742E-5 1.86967E-5 1.54187E-5 1.99423E-5 1.3869E-5 9.89549E-6 8.8764E-6 1.17621E-5 1.54515E-5 1.61261E-5 1.82014E-5 1.65719E-5 2.16788E-5 2.21824E-5 2.51323E-5 2.53761E-5 2.27476E-5 1.19044E-5 7.7946E-6 9.52176E-6 7.92895E-6 4.29695E-6 9.87237E-6 1.03151E-5 1.04881E-5 1.06121E-5 1.15769E-5 2.0318E-5 2.89526E-5 2.31737E-5 1.7467E-5 1.44244E-5 1.47568E-5 1.47682E-5 1.86296E-5 2.11289E-5 2.24125E-5 1.82181E-5 1.72981E-5 1.7648E-5 1.53739E-5 1.51681E-5 1.48349E-5 1.44415E-5 1.77565E-5 6.6388E-6 1.19125E-5 2.75028E-5 3.806E-5 3.41926E-5 2.01614E-5 2.18003E-5 1.31836E-5
-9999 -9999 -9999 -9999 -9999 2.31501E-4 1.32319E-4 5.84536E-5 1.52569E-4 1.57091E-4 1.33811E-4 1.58174E-4 6.46586E-5 2.04518E-5 2.05088E-5 2.3965E-5 1.83617E-5 1.82417E-5 1.60702E-5 1.6749E-5 2.17658E-5 2.20837E-5 2.29761E-5 2.23284E-5 2.20989E-5 2.19992E-5 1.75892E-5 1.63085E-5 2.55842E-5 2.30284E-5 1.99704E-5 1.09643E-5 1.11787E-5 1.00902E-5 1.0211E-5 9.96687E-6 1.0443E-5 1.08113E-5 1.0822E-5 1.83248E-5 2.00746E-5 2.1101E-5 1.6846E-5 1.74295E-5 1.45287E-5 1.42379E-5 1.65082E-5 1.75455E-5 1.97353E-5 1.96057E-5 1.89649E-5 1.88217E-5 1.77172E-5 1.74406E-5 1.71398E-5 1.45666E-5 1.39835E-5 8.31357E-6 1.50393E-5 2.0644E-5 2.63076E-5 3.76422E-5 3.23967E-5 3.14855E-5 2.19105E-5
-9999 -9999 -9999 -9999 -9999 -9999 2.06383E-4 5.79711E-5 5.63156E-5 1.22743E-4 1.23095E-4 3.75158E-5 1.23473E-5 2.07198E-5 2.59833E-5 1.80042E-5 1.46063E-5 1.26353E-5 1.28455E-5 1.86928E-5 2.01107E-5 2.22703E-5 2.78309E-5 2.88892E-5 3.00504E-5 2.42089E-5 1.68468E-5 1.85916E-5 2.48279E-5 2.35941E-5 2.11925E-5 1.08236E-5 1.07907E-5 1.07862E-5 1.0759E-5 9.88081E-6 1.49933E-5 1.05029E-5 8.87306E-6 9.50046E-6 9.05552E-6 1.43648E-5 1.89083E-5 2.14103E-5 1.70647E-5 1.6674E-5 1.94362E-5 1.92715E-5 1.92955E-5 2.20691E-5 2.16462E-5 1.99268E-5 2.04038E-5 1.97112E-5 2.14853E-5 2.45463E-5 2.38232E-5 1.67819E-5 2.17571E-5 2.52245E-5 2.7282E-5 2.72993E-5 3.01658E-5 3.01669E-5 2.2389E-5
-9999 -9999 -9999 -9999 -9999 -9999 7.15598E-5 4.98365E-5 4.71941E-5 6.39117E-5 6.10265E-5 2.45087E-5 1.03187E-5 1.11314E-5 2.95691E-5 2.25348E-5 1.44267E-5 1.04225E-5 1.0644E-5 1.38161E-5 1.61294E-5 1.85494E-5 1.78375E-5 1.94512E-5 2.19981E-5 2.22337E-5 2.23498E-5 2.24277E-5 2.81569E-5 2.92778E-5 3.0301E-5 1.05027E-5 9.37652E-6 9.35354E-6 8.4178E-6 7.9158E-6 1.47039E-5 7.54479E-6 5.55483E-6 7.29423E-6 6.35895E-6 7.02579E-6 1.16704E-5 1.59974E-5 2.08125E-5 2.16346E-5 2.13218E-5 1.95753E-5 2.04067E-5 2.34043E-5 2.39657E-5 2.19672E-5 2.06436E-5 2.18621E-5 3.16509E-5 2.70282E-5 2.43376E-5 2.52193E-5 1.4622E-5 2.04918E-5 2.04529E-5 2.13259E-5 2.19688E-5 2.54048E-5 2.10547E-5
-9999 -9999 -9999 -9999 -9999 -9999 3.84543E-4 3.39068E-4 1.28147E-4 1.05705E-4 3.54569E-5 2.29832E-5 4.28362E-5 1.01532E-5 1.39125E-5 1.69423E-5 1.83393E-5 1.56268E-5 1.14161E-5 9.26523E-6 8.12706E-6 1.23074E-5 9.04351E-6 7.71619E-6 1.47354E-5 2.11877E-5 2.39653E-5 2.54323E-5 2.83834E-5 2.94373E-5 3.17235E-5 2.07967E-5 9.48768E-6 8.25418E-6 7.71489E-6 7.5962E-6 1.32456E-5 1.44883E-5 8.75845E-6 5.68045E-6 6.01106E-6 7.9639E-6 7.51813E-6 1.38669E-5 2.07524E-5 2.21263E-5 2.39983E-5 2.20143E-5 2.59712E-5 3.10736E-5 2.84706E-5 3.11008E-5 2.72934E-5 2.97141E-5 3.53692E-5 3.36658E-5 3.09173E-5 1.96503E-5 1.22925E-5 1.67097E-5 2.51684E-5 2.64954E-5 2.52032E-5 2.18491E-5 1.91484E-5
-9999 -9999 -9999 -9999 -9999 -9999 -9999 3.53062E-4 1.29641E-4 7.80441E-5 5.03232E-5 4.26283E-5 2.22402E-5 1.36907E-5 1.6253E-5 3.13929E-5 2.58234E-5 1.96057E-5 1.3336E-5 1.08862E-5 4.96253E-6 3.47904E-6 3.28845E-6 3.75396E-6 4.10523E-6 9.31276E-6 2.00568E-5 2.52573E-5 2.98512E-5 3.2512E-5 3.3813E-5 3.42228E-5 3.25915E-5 1.844E-5 8.96895E-6 8.43256E-6 1.51251E-5 1.30631E-5 1.50214E-5 6.81044E-6 6.42495E-6 7.2229E-6 6.96403E-6 1.13593E-5 2.02902E-5 1.60822E-5 2.00102E-5 2.14177E-5 2.2872E-5 2.42597E-5 2.61146E-5 3.11725E-5 3.09924E-5 3.40331E-5 3.76595E-5 3.29648E-5 2.98571E-5 1.97553E-5 1.47145E-5 1.46985E-5 2.1339E-5 2.78583E-5 2.40413E-5 2.09409E-5 2.28456E-5
-9999 -9999 -9999 -9999 -9999 -9999 -9999 1.30387E-4 1.30882E-4 7.73085E-5 7.52387E-5 5.85665E-5 8.16174E-5 5.10118E-5 5.37714E-5 3.732E-5 2.95841E-5 2.44068E-5 1.64629E-5 1.2628E-5 6.60009E-6 5.34694E-6 4.40093E-6 4.05688E-6 1.04179E-5 1.07476E-5 1.32666E-5 2.18714E-5 2.07895E-5 2.94665E-5 3.69155E-5 3.43948E-5 3.63761E-5 3.59083E-5 1.33737E-5 9.37567E-6 1.41414E-5 1.25977E-5 1.64812E-5 8.27386E-6 9.41703E-6 1.01466E-5 1.21401E-5 1.59799E-5 1.39968E-5 1.04768E-5 1.11638E-5 1.83494E-5 2.14644E-5 2.22199E-5 2.55533E-5 2.60143E-5 2.745E-5 3.27143E-5 2.90202E-5 2.92785E-5 3.08759E-5 3.42801E-5 1.92555E-5 1.63128E-5 3.11892E-5 3.13926E-5 2.71827E-5 2.12561E-5 2.60856E-5
-9999 -9999 -9999 -9999 -9999 -9999 -9999 1.80623E-4 1.42694E-4 8.99244E-5 6.83443E-5 7.38883E-5 6.56975E-5 1.21289E-4 2.25593E-5 3.63117E-5 3.12883E-5 2.77201E-5 1.84276E-5 1.36455E-5 7.26383E-6 6.35014E-6 6.59297E-6 5.74885E-6 4.42748E-6 4.81379E-6 5.9016E-6 1.0532E-5 1.15917E-5 2.21327E-5 3.05343E-5 1.98432E-5 1.31369E-5 9.80684E-6 1.14739E-5 9.17262E-6 1.37605E-5 1.36186E-5 1.6197E-5 8.10585E-6 1.02285E-5 1.22409E-5 1.17128E-5 9.89685E-6 9.66456E-6 1.0028E-5 1.06789E-5 1.01832E-5 9.73545E-6 2.18361E-5 2.47339E-5 2.50383E-5 1.20567E-5 1.59135E-5 2.30334E-5 2.90613E-5 3.2992E-5 3.51677E-5 2.44172E-5 1.8895E-5 3.08759E-5 3.15587E-5 3.10767E-5 2.92836E-5 2.95378E-5
-9999 -9999 -9999 -9999 -9999 -9999 -9999 -9999 1.40668E-4 1.65705E-4 1.73081E-4 1.72307E-4 1.50781E-4 7.1268E-5 2.35005E-5 1.85546E-5 1.54397E-5 3.14519E-5 2.3601E-5 1.52112E-5 6.48844E-6 7.01663E-6 7.41851E-6 6.89312E-6 5.85537E-6 5.54137E-6 6.87279E-6 1.14177E-5 1.12915E-5 1.09155E-5 1.04389E-5 4.93522E-6 4.65032E-6 4.36158E-6 4.47745E-6 8.31025E-6 7.80992E-6 7.45427E-6 7.55908E-6 9.01456E-6 1.16339E-5 1.19351E-5 1.18139E-5 8.83444E-6 9.13454E-6 9.35917E-6 1.00719E-5 1.13648E-5 2.14165E-5 2.33317E-5 2.34392E-5 1.55516E-5 1.03068E-5 1.00427E-5 9.3058E-6 1.09323E-5 1.47919E-5 1.73765E-5 2.11847E-5 2.13201E-5 2.35814E-5 2.68249E-5 3.16158E-5 2.9394E-5 2.93356E-5
-9999 -9999 -9999 -9999 -9999 -9999 -9999 -9999 1.74909E-4 1.645E-4 1.63254E-4 1.6527E-4 2.39291E-4 7.71163E-5 2.47527E-5 2.68712E-5 2.39751E-5 3.55564E-5 2.77581E-5 1.79263E-5 8.823E-6 8.10191E-6 8.31222E-6 1.02243E-5 8.84949E-6 1.62E-5 1.23648E-5 1.14843E-5 1.10977E-5 1.11184E-5 1.04906E-5 7.34354E-6 6.8774E-6 4.44746E-6 5.25019E-6 7.55799E-6 8.7821E-6 1.0503E-5 1.28427E-5 1.08603E-5 1.11611E-5 1.08614E-5 1.10567E-5 8.0981E-6 8.23198E-6 8.27766E-6 1.10993E-5 2.25338E-5 2.30347E-5 2.28068E-5 2.1372E-5 1.75194E-5 9.89928E-6 9.67804E-6 8.84149E-6 9.33013E-6 2.72579E-5 1.5229E-5 2.14095E-5 2.63049E-5 2.9677E-5 2.83585E-5 3.23003E-5 3.27114E-5 3.53892E-5
-9999 -9999 -9999 -9999 -9999 -9999 -9999 -9999 2.20834E-4 1.76224E-4 1.92254E-4 1.72335E-4 9.72618E-5 6.06616E-5 1.91462E-5 2.84307E-5 2.96914E-5 1.23701E-4 3.3403E-5 2.2796E-5 1.46247E-5 1.03489E-5 1.07904E-5 9.52955E-6 1.0371E-5 1.2732E-5 1.41221E-5 1.21703E-5 2.51915E-5 1.45776E-5 1.12095E-5 5.52715E-6 5.0663E-6 4.63445E-6 5.07654E-6 7.17348E-6 7.56906E-6 8.07252E-6 8.45249E-6 7.1404E-6 5.79884E-6 5.41239E-6 5.69636E-6 6.25454E-6 5.67761E-6 5.83681E-6 1.96832E-5 2.08789E-5 2.18522E-5 2.16463E-5 1.96998E-5 1.69839E-5 1.81333E-5 9.97348E-6 8.91586E-6 2.24494E-5 2.60517E-5 2.85915E-5 1.61267E-5 2.12272E-5 3.4384E-5 2.18203E-5 1.63606E-5 1.60459E-5 2.31162E-5
-9999 -9999 -9999 -9999 -9999 -9999 -9999 -9999 2.49168E-4 1.97733E-4 5.63659E-5 1.65768E-4 6.40095E-5 5.62992E-5 5.15055E-5 2.1007E-5 1.99414E-5 4.05954E-5 3.74194E-5 2.87793E-5 1.77129E-5 1.87225E-5 1.14714E-5 1.10182E-5 1.39936E-5 1.61624E-5 1.76249E-5 1.21438E-5 8.65965E-6 1.21504E-5 1.31976E-5 6.23965E-6 1.05243E-5 4.50738E-6 4.04856E-6 6.73346E-6 7.43399E-6 7.23252E-6 7.22743E-6 7.27351E-6 6.48517E-6 5.3764E-6 5.21488E-6 5.38947E-6 5.38659E-6 5.66694E-6 9.6306E-6 1.8656E-5 1.84842E-5 1.87614E-5 1.54323E-5 1.68489E-5 3.49469E-5 1.81196E-5 1.50549E-5 1.03535E-5 2.54611E-5 8.02664E-6 7.90465E-6 2.24142E-5 2.25081E-5 2.25722E-5 1.63764E-5 1.40147E-5 3.10333E-5
-9999 -9999 -9999 -9999 -9999 -9999 -9999 -9999 5.92451E-4 2.02988E-4 6.81025E-5 1.55754E-4 5.04634E-5 5.52716E-5 2.07492E-5 2.63976E-5 2.04914E-5 4.10994E-5 3.97002E-5 6.09086E-5 2.46086E-5 2.07609E-5 1.97642E-5 1.69201E-5 1.89236E-5 1.84345E-5 2.1543E-5 2.23418E-5 2.30453E-5 8.6383E-6 2.17568E-5 6.24464E-6 5.69478E-6 9.713E-6 4.31273E-6 8.40482E-6 8.46293E-6 7.32823E-6 7.39517E-6 7.3694E-6 7.5194E-6 8.09921E-6 7.77661E-6 5.82736E-6 5.59464E-6 6.45906E-6 1.69462E-5 1.68757E-5 4.86722E-5 1.5439E-5 1.62173E-5 1.69463E-5 1.70284E-5 1.7497E-5 1.77011E-5 1.28457E-5 1.25862E-5 2.42802E-5 4.42598E-5 3.42047E-5 2.92879E-5 2.08433E-5 2.10316E-5 2.20659E-5 3.0863E-5
-9999 -9999 -9999 -9999 -9999 -9999 -9999 -9999 -9999 2.21195E-4 1.86587E-4 1.5184E-4 6.25967E-5 8.95243E-5 7.34037E-5 1.7948E-5 3.64218E-5 2.27546E-5 2.64418E-5 3.42916E-5 2.7865E-5 2.29993E-5 2.22013E-5 2.16247E-5 1.74589E-5 2.47658E-5 2.68689E-5 2.67914E-5 1.39988E-5 2.14114E-5 1.5089E-5 6.59574E-6 1.17302E-5 1.45186E-5 6.6176E-6 1.22256E-5 1.0278E-5 7.90003E-6 7.39157E-6 7.34694E-6 8.57499E-6 9.85495E-6 9.21847E-6 8.34455E-6 5.73392E-6 5.38671E-6 6.39966E-6 5.14927E-6 1.61706E-5 1.4604E-5 1.59579E-5 1.61964E-5 1.63969E-5 1.69949E-5 1.78041E-5 1.92679E-5 1.88137E-5 2.72891E-5 1.16064E-4 2.65251E-5 3.54339E-5 2.64403E-5 3.44417E-5 3.30832E-5 3.35878E-5
-9999 -9999 -9999 -9999 -9999 -9999 -9999 -9999 -9999 2.26942E-4 4.39909E-4 3.56167E-4 1.01824E-4 7.97915E-5 4.10124E-5 2.19672E-5 2.29481E-5 4.06738E-5 3.01518E-5 3.52125E-5 2.93535E-5 2.38431E-5 2.18343E-5 2.18498E-5 2.25202E-5 1.95308E-5 2.81573E-5 2.92474E-5 1.84955E-5 2.0312E-5 6.52307E-6 1.96328E-5 1.46583E-5 1.11877E-5 1.7765E-5 5.26055E-5 3.40785E-5 1.0731E-5 7.76717E-6 8.14672E-6 7.80634E-6 8.41823E-6 8.20559E-6 6.90248E-6 5.40859E-6 5.12831E-6 4.95699E-6 4.75439E-6 5.29813E-6 7.13776E-6 1.56316E-5 1.75195E-5 1.88626E-5 1.75574E-5 2.06609E-5 2.34843E-5 2.41139E-5 4.51133E-5 4.43882E-5 2.95235E-5 3.56648E-5 2.51244E-5 2.74368E-5 6.59626E-5 2.63686E-5
-9999 -9999 -9999 -9999 -9999 -9999 -9999 -9999 -9999 2.27466E-4 5.49944E-5 1.10317E-4 1.09882E-4 7.33126E-5 1.64931E-5 1.63601E-5 2.10576E-5 2.65489E-5 4.94046E-5 5.35142E-5 3.48271E-5 2.45923E-5 2.32257E-5 1.8984E-5 2.14797E-5 2.04936E-5 2.21376E-5 2.49708E-5 1.84405E-5 2.03753E-5 1.49005E-5 2.45515E-5 2.2646E-5 2.51992E-5 2.75732E-5 1.72106E-5 3.88289E-5 1.42387E-5 1.28795E-5 8.16413E-6 7.9089E-6 7.77734E-6 8.13414E-6 7.60668E-6 5.30411E-6 5.18425E-6 5.33375E-6 5.44433E-6 7.01312E-6 1.12653E-5 1.5002E-5 1.90742E-5 1.82481E-5 2.2657E-5 2.14414E-5 2.32899E-5 7.60094E-5 1.19948E-4 3.50618E-5 3.44777E-5 3.9039E-5 3.43749E-5 3.20333E-5 1.81394E-5 2.53251E-5
-9999 -9999 -9999 -9999 -9999 -9999 -9999 -9999 -9999 1.57192E-4 4.58657E-5 1.15779E-4 1.18643E-4 8.48458E-5 5.89072E-5 4.93512E-5 1.98711E-5 6.6531E-5 4.96047E-5 3.92711E-5 3.27918E-5 2.43287E-5 2.33273E-5 2.3048E-5 2.24459E-5 1.98694E-5 2.28697E-5 2.43523E-5 1.94339E-5 2.01031E-5 2.1917E-5 2.4227E-5 2.57305E-5 2.08102E-5 1.97352E-5 1.88753E-5 1.66439E-5 1.42517E-5 1.33088E-5 8.91248E-6 8.2306E-6 8.32144E-6 8.19172E-6 6.06821E-6 6.04037E-6 7.22234E-6 6.68592E-6 8.86802E-6 1.10733E-5 1.0637E-5 1.08632E-5 1.46317E-5 2.37448E-5 1.64673E-5 1.4985E-5 2.79096E-5 5.01199E-5 3.39547E-5 2.87324E-5 2.89879E-5 3.4306E-5 4.3339E-5 4.09944E-5 3.39469E-5 1.4077E-5
-9999 -9999 -9999 -9999 -9999 -9999 -9999 -9999 -9999 8.52791E-5 6.13603E-5 9.88381E-5 1.77421E-4 1.63096E-4 1.17792E-4 1.13669E-4 4.9363E-5 7.19337E-5 6.793E-5 4.46324E-5 3.75281E-5 2.5969E-5 3.8571E-5 2.37809E-5 2.26503E-5 2.24684E-5 2.21306E-5 2.22595E-5 2.59141E-5 2.2815E-5 2.28609E-5 2.93034E-5 2.98736E-5 2.50382E-5 1.92045E-5 3.25242E-5 4.63742E-5 1.01037E-5 8.82002E-6 8.52099E-6 7.74047E-6 8.11002E-6 8.24752E-6 8.62855E-6 1.10597E-5 1.82529E-5 1.35346E-5 1.59435E-5 1.49905E-5 1.33726E-5 1.0731E-5 1.31739E-5 3.18618E-5 3.27549E-5 1.23226E-5 1.73204E-5 8.44054E-5 3.67523E-5 3.2348E-5 3.72751E-5 3.52206E-5 3.78378E-5 3.26717E-5 2.18693E-5 1.20975E-5
-9999 -9999 -9999 -9999 -9999 -9999 -9999 -9999 -9999 9.84864E-5 7.1022E-5 7.12337E-5 1.79183E-4 9.93319E-5 3.8999E-5 1.01879E-5 1.0775E-5 6.18479E-5 6.33897E-5 4.32309E-5 3.91406E-5 3.54903E-5 2.86003E-5 2.53189E-5 2.38005E-5 2.36197E-5 2.50892E-5 2.16021E-5 2.24183E-5 2.49149E-5 2.41117E-5 2.55609E-5 3.20864E-5 2.47872E-5 2.1018E-5 2.05098E-5 1.26965E-5 1.11437E-5 1.06124E-5 1.06036E-5 8.49514E-6 7.54491E-6 8.78871E-6 1.00417E-5 1.93904E-5 2.71679E-5 2.13961E-5 2.4672E-5 1.69353E-5 1.05075E-5 8.3713E-6 8.96587E-6 2.43904E-5 3.11507E-5 3.11575E-5 8.59069E-6 1.05566E-5 2.26219E-5 2.47385E-5 2.67876E-5 2.16974E-5 2.7649E-5 3.21218E-5 1.40808E-5 1.15662E-5
-9999 -9999 -9999 -9999 -9999 -9999 -9999 -9999 -9999 1.08711E-4 7.40941E-5 5.8797E-5 4.09674E-4 7.27219E-5 2.38563E-5 8.30204E-6 1.17214E-5 5.19594E-5 8.11724E-5 5.10569E-5 4.53975E-5 3.83102E-5 3.36734E-5 2.90733E-5 2.60375E-5 2.74662E-5 2.67597E-5 2.24212E-5 2.72724E-5 2.66891E-5 2.88343E-5 2.56357E-5 3.17786E-5 3.03417E-5 2.35026E-5 1.58027E-5 1.23894E-5 1.2163E-5 1.1246E-5 1.15438E-5 1.03039E-5 1.11764E-5 9.76374E-6 1.07825E-5 2.24424E-5 2.4974E-5 2.11186E-5 2.7809E-5 1.71478E-5 7.89166E-6 6.34058E-6 1.51726E-5 1.81335E-5 1.5751E-5 1.28451E-5 4.7861E-6 2.12807E-5 2.57604E-5 9.20727E-6 2.22769E-5 2.36898E-5 2.62832E-5 2.76241E-5 2.49771E-5 1.97608E-5
-9999 -9999 -9999 -9999 -9999 -9999 -9999 -9999 -9999 -9999 7.96123E-5 5.7148E-5 2.00141E-4 4.33767E-4 3.96584E-5 2.33605E-5 8.47678E-5 8.35776E-5 7.95521E-5 6.21092E-5 4.61692E-5 3.59875E-5 3.08672E-5 3.17664E-5 3.08214E-5 2.4581E-5 2.47597E-5 2.86432E-5 3.02784E-5 2.91863E-5 3.13369E-5 3.2003E-5 3.04147E-5 2.44259E-5 2.28484E-5 1.42795E-5 1.18549E-5 1.17215E-5 1.08015E-5 1.30454E-5 1.28392E-5 1.04195E-5 1.06056E-5 1.46502E-5 2.37218E-5 2.41929E-5 1.98937E-5 1.39016E-5 9.63057E-6 6.36221E-6 5.79195E-6 5.50644E-6 6.1805E-6 6.93059E-6 3.36619E-6 1.07706E-5 3.54105E-5 1.19608E-5 1.41258E-5 2.56736E-5 3.49505E-5 2.55596E-5 4.04217E-5 2.61401E-5 2.88865E-5
