catData/rasterBestHybridModels/Pviverrinus/RD_BM01_RM1_H/Pviverrinus_min.asc
ncols         409
nrows         350
xllcorner     60.897278365
yllcorner     5.843756025
cellsize      0.0892857
NODATA_value  -9999
[rows 116 to 144 of 350, columns 198 to 263 of 409]
9.46763E-6 9.87263E-6 1.32989E-5 1.33853E-5 1.33068E-5 1.39695E-5 1.44603E-5 1.53358E-5 1.6125E-5 1.68029E-5 1.79956E-5 1.90481E-5 2.11931E-5 2.28937E-5 2.47264E-5 2.72998E-5 2.94367E-5 3.47342E-5 3.15753E-5 3.97449E-5 4.78382E-5 4.82844E-5 5.6621E-5 5.96456E-5 5.60588E-5 5.91568E-5 7.42029E-5 9.45517E-5 1.35935E-4 1.35006E-4 1.28142E-4 1.29584E-4 1.16279E-4 1.07529E-4 1.11426E-4 1.18582E-4 1.21472E-4 1.24867E-4 1.45793E-4 7.56167E-5 2.03803E-4 2.10661E-4 1.80858E-4 2.25674E-4 2.80661E-4 2.81435E-4 2.64629E-4 2.83551E-4 2.74874E-4 2.5358E-4 2.47813E-4 2.35537E-4 2.66253E-4 2.99088E-4 3.2614E-4 3.13953E-4 2.00081E-4 1.49632E-4 3.56532E-4 3.7866E-4 3.69328E-4 3.84405E-4 4.03263E-4 4.30424E-4 4.4275E-4 4.5603E-4
8.55139E-6 1.2248E-5 1.21069E-5 1.25684E-5 1.32432E-5 1.32314E-5 1.50992E-5 1.52128E-5 1.62948E-5 1.69928E-5 1.4749E-5 1.86511E-5 1.9797E-5 2.06937E-5 2.20392E-5 2.36452E-5 2.49719E-5 3.04739E-5 3.20397E-5 3.42269E-5 3.47362E-5 3.88851E-5 4.4008E-5 4.93737E-5 4.65047E-5 4.55153E-5 5.82309E-5 7.75192E-5 1.05691E-4 1.21139E-4 1.12502E-4 1.0603E-4 1.03724E-4 9.90875E-5 9.50942E-5 9.7554E-5 1.04035E-4 1.0535E-4 1.16552E-4 1.44532E-4 1.76884E-4 1.77938E-4 2.01202E-4 2.41995E-4 2.3678E-4 2.87594E-4 2.80013E-4 2.73478E-4 2.42429E-4 2.32624E-4 2.22627E-4 1.91494E-4 2.03566E-4 2.72829E-4 2.94448E-4 2.94868E-4 3.01496E-4 1.33062E-4 2.67689E-4 3.27693E-4 2.91629E-4 2.17068E-4 4.12536E-4 4.3069E-4 4.09691E-4 4.33249E-4
1.0266E-5 1.06137E-5 1.11583E-5 1.17617E-5 6.12805E-6 2.04904E-6 1.38241E-5 1.50298E-5 1.55903E-5 1.65279E-5 1.68371E-5 1.25957E-5 1.83805E-5 1.88377E-5 1.88155E-5 1.99329E-5 2.1799E-5 2.52122E-5 2.67607E-5 2.87446E-5 2.16332E-5 3.12745E-5 3.68749E-5 3.20559E-5 4.62392E-5 4.27063E-5 4.6013E-5 6.60877E-5 8.87573E-5 9.86808E-5 9.1095E-5 8.80056E-5 9.07463E-5 9.01682E-5 9.00958E-5 4.05539E-5 8.19499E-5 8.70292E-5 9.58167E-5 1.12142E-4 1.27761E-4 1.42729E-4 1.75199E-4 8.56314E-5 1.50342E-4 2.66612E-4 2.64617E-4 2.32364E-4 2.39148E-4 2.42621E-4 2.13039E-4 1.64104E-4 1.6036E-4 1.80241E-4 5.06473E-5 2.46303E-4 2.70273E-4 2.78705E-4 2.88809E-4 3.13081E-4 3.41082E-4 3.52895E-4 3.97455E-4 4.0924E-4 3.96981E-4 4.2276E-4
9.00345E-6 9.05654E-6 7.38018E-6 4.15587E-6 8.88608E-6 2.1418E-6 2.28383E-6 3.08651E-6 5.13554E-6 3.27341E-6 1.59697E-5 1.70606E-5 1.74136E-5 1.71759E-5 1.76162E-5 1.91335E-5 1.96502E-5 2.05542E-5 2.24234E-5 7.94853E-6 2.0729E-5 2.88614E-5 3.00034E-5 3.43987E-5 3.98406E-5 3.81332E-5 3.88019E-5 5.43283E-5 6.68751E-5 8.03696E-5 7.50117E-5 7.41687E-5 7.55241E-5 7.89494E-5 8.04596E-5 7.439E-5 3.49504E-5 7.49554E-5 8.06102E-5 9.19384E-5 9.47614E-5 1.09161E-4 1.22353E-4 1.41463E-4 1.74358E-4 1.50184E-4 1.02139E-4 2.08398E-4 1.81514E-4 1.79249E-4 1.50458E-4 1.8646E-4 1.69449E-4 1.62024E-4 1.74081E-4 1.47939E-4 2.24121E-4 2.17514E-4 2.5597E-4 2.80534E-4 2.94643E-4 3.22324E-4 3.23057E-4 3.27245E-4 3.58779E-4 3.77401E-4
7.74162E-6 7.8669E-6 3.10735E-6 8.26219E-6 4.03688E-6 2.97734E-6 2.23128E-6 1.52898E-5 1.55014E-5 2.70195E-6 7.06695E-6 5.40298E-6 1.62786E-5 1.68204E-5 1.20069E-5 1.27491E-5 1.76399E-5 1.73701E-5 1.91253E-5 2.09831E-5 2.31996E-5 2.36723E-5 2.33575E-5 2.51264E-5 2.95777E-5 3.46274E-5 7.55743E-6 1.97484E-5 5.37882E-5 6.74958E-5 6.51898E-5 6.3873E-5 6.56145E-5 6.95526E-5 7.07639E-5 7.02048E-5 4.89262E-5 6.82475E-5 6.75189E-5 3.7852E-5 8.25787E-5 8.64651E-5 8.92118E-5 1.02394E-4 1.26127E-4 1.40196E-4 1.68776E-4 1.20863E-4 1.40102E-4 6.52753E-5 1.82674E-4 2.19963E-4 2.12838E-4 1.71666E-4 1.68863E-4 1.40826E-4 1.93058E-4 1.91823E-4 1.93663E-4 2.34545E-4 2.67893E-4 3.13183E-4 3.21971E-4 3.53512E-4 3.33651E-4 3.71405E-4
2.57361E-6 8.432E-6 3.16662E-6 2.04724E-6 2.79704E-6 1.99933E-6 4.67439E-6 1.45709E-5 1.46414E-5 2.31169E-6 2.35967E-6 3.42946E-6 9.92695E-6 1.49484E-5 1.55418E-5 5.17525E-6 1.6197E-5 1.58649E-5 1.55492E-5 1.71448E-5 1.88467E-5 1.89359E-5 1.72379E-5 2.1174E-5 2.52412E-5 2.82691E-5 1.57352E-5 2.53908E-5 4.54513E-5 2.61326E-5 4.0861E-5 5.64269E-5 5.26396E-5 5.51724E-5 5.57449E-5 5.59829E-5 1.91941E-5 9.21484E-6 5.87044E-5 9.88923E-6 2.33061E-5 7.28598E-5 8.03255E-5 8.42295E-5 9.67204E-5 1.11074E-4 1.20358E-4 1.24542E-4 1.19231E-4 1.25912E-4 1.36172E-4 1.48663E-4 1.28853E-4 1.90675E-4 1.8345E-4 2.04686E-4 1.70284E-4 2.62594E-4 1.95692E-4 2.02119E-4 2.64046E-4 2.96578E-4 3.32988E-4 3.6945E-4 1.73629E-4 3.56893E-4
1.37842E-6 1.54904E-6 1.5968E-6 1.79297E-6 1.91017E-6 2.05635E-6 2.13068E-6 4.59641E-6 1.38451E-5 4.67222E-6 1.39756E-5 2.1732E-6 4.71125E-6 1.40518E-5 1.03297E-5 1.02725E-5 1.43431E-5 1.47013E-5 1.50807E-5 1.60879E-5 1.73279E-5 1.9837E-5 1.95651E-5 1.95922E-5 2.23646E-5 9.57626E-6 3.30816E-6 8.53981E-6 4.36334E-5 4.62009E-5 5.43987E-5 4.8577E-5 4.65816E-5 4.66992E-5 4.70885E-5 4.68139E-5 4.81995E-5 5.06925E-5 3.85041E-5 4.18256E-5 5.78983E-5 6.23973E-5 6.84591E-5 7.9552E-5 8.72379E-5 8.80098E-5 9.16639E-5 9.81984E-5 1.00741E-4 9.48033E-5 9.08451E-5 8.78565E-5 1.0104E-4 1.32302E-4 1.68101E-4 1.72056E-4 1.63292E-4 2.03756E-4 2.08398E-4 2.09014E-4 2.43518E-4 1.03495E-4 3.05404E-4 2.88645E-4 2.74464E-4 3.04491E-4
1.29419E-6 1.54074E-6 1.56384E-6 1.58023E-6 1.80262E-6 2.03463E-6 2.08218E-6 2.05885E-6 2.03756E-6 2.05177E-6 1.30748E-5 6.59662E-6 2.13267E-6 2.0927E-6 1.30729E-5 9.55186E-6 1.28853E-5 1.34375E-5 1.36718E-5 1.42971E-5 1.49877E-5 1.81288E-5 2.01762E-5 1.96812E-5 1.48935E-5 1.18494E-5 1.39038E-5 2.8908E-5 3.86961E-5 4.54822E-5 5.49956E-5 5.16159E-5 4.61261E-5 4.35897E-5 4.22877E-5 4.23139E-5 2.2225E-5 4.74157E-5 3.69927E-5 5.34484E-5 5.35062E-5 5.55631E-5 5.71301E-5 6.52566E-5 7.31952E-5 7.62133E-5 7.82741E-5 8.17583E-5 8.07478E-5 8.19765E-5 7.629E-5 6.81832E-5 7.05213E-5 8.49795E-5 8.57854E-5 1.2473E-4 1.08279E-4 5.01578E-5 1.01673E-4 1.72221E-4 2.1493E-4 2.29837E-4 2.82074E-4 9.57706E-5 2.44948E-4 2.78307E-4
8.12074E-6 6.4098E-6 2.96389E-6 1.50922E-6 1.81655E-6 2.83177E-6 1.9269E-6 1.84275E-6 1.0405E-5 1.68888E-6 1.87124E-6 1.26544E-5 1.94195E-6 1.17945E-5 1.06967E-5 1.12205E-5 8.03885E-6 1.84699E-6 1.14418E-5 1.8451E-6 1.27797E-5 4.84754E-6 1.81805E-5 2.00682E-5 2.15501E-5 1.81997E-5 2.44514E-5 2.41957E-5 2.5399E-5 3.07027E-5 4.08777E-5 9.43413E-6 3.7029E-5 4.42592E-5 2.1781E-5 4.03126E-5 2.00705E-5 2.05111E-5 2.19051E-5 4.69315E-5 4.89868E-5 5.11952E-5 5.19282E-5 5.4754E-5 5.81718E-5 6.94746E-5 7.60777E-5 7.81576E-5 7.27684E-5 6.61897E-5 6.72738E-5 7.12817E-5 6.43784E-5 6.26853E-5 7.17768E-5 5.44625E-5 8.02888E-5 9.00129E-5 1.02434E-4 1.40531E-4 1.96528E-4 2.04493E-4 2.28337E-4 1.0413E-4 1.7069E-4 2.7895E-4
5.35104E-6 1.04264E-6 6.41799E-6 1.5011E-6 1.72235E-6 1.14205E-5 5.51923E-6 1.56735E-6 9.35398E-6 1.60525E-6 1.70186E-6 1.63462E-6 1.5354E-6 1.5968E-6 2.35754E-6 1.76457E-6 3.44076E-6 7.32953E-6 9.61545E-6 1.62937E-6 3.23477E-6 1.1261E-5 1.37853E-5 1.59343E-5 5.62522E-6 1.8501E-5 2.02692E-5 2.05605E-5 2.38542E-5 2.57865E-5 3.24327E-5 5.1891E-5 3.7783E-5 3.45344E-5 1.65474E-5 2.86084E-5 6.88323E-6 2.04562E-5 1.95681E-5 1.9936E-5 4.24816E-5 4.6647E-5 4.79818E-5 4.90043E-5 5.12215E-5 5.75686E-5 6.56224E-5 6.72071E-5 6.45584E-5 6.82561E-5 6.11604E-5 6.13819E-5 6.24488E-5 5.89193E-5 5.93462E-5 6.5232E-5 6.83228E-5 8.39804E-5 9.8247E-5 1.15323E-4 1.61582E-4 1.69646E-4 2.06143E-4 2.52818E-4 2.37874E-4 2.36098E-4
2.89056E-6 2.43418E-6 1.09819E-6 1.49723E-6 7.07419E-6 1.47403E-6 1.30336E-6 1.16824E-6 1.32869E-6 1.37895E-6 1.30812E-6 1.41159E-6 1.36682E-6 4.03262E-6 1.59979E-6 4.85699E-6 2.25463E-6 2.07299E-6 4.05679E-6 5.8481E-6 2.58152E-6 8.35858E-6 7.69545E-6 1.33143E-5 1.47106E-5 1.11932E-5 1.64978E-5 1.73328E-5 9.47895E-6 3.27574E-6 1.94892E-5 3.76442E-5 4.5374E-5 3.08506E-5 6.75097E-6 6.46126E-6 4.20477E-5 4.16897E-5 3.99579E-5 3.83345E-5 2.85293E-5 4.13978E-5 4.31143E-5 4.49219E-5 4.73236E-5 4.99637E-5 5.64665E-5 6.25313E-5 3.18025E-5 4.46971E-5 5.6E-5 5.47453E-5 5.46605E-5 5.55555E-5 5.95576E-5 6.35171E-5 6.60041E-5 6.7578E-5 7.66086E-5 8.21037E-5 9.40606E-5 9.7786E-5 8.35901E-5 1.19701E-4 8.43406E-5 7.94715E-5
4.89752E-6 7.35695E-7 1.22204E-6 1.4395E-6 1.33011E-6 9.91678E-7 6.18843E-7 3.51371E-6 6.9125E-7 1.04355E-6 1.17377E-6 1.27458E-6 1.15777E-6 8.18017E-6 5.02646E-6 4.69804E-6 7.56217E-6 5.31006E-6 3.39597E-6 1.08047E-6 1.08993E-6 1.28441E-6 8.68766E-6 2.36118E-6 7.83164E-6 6.18218E-6 1.35271E-5 1.50623E-5 5.5624E-6 2.88209E-6 2.163E-5 4.7437E-6 4.29342E-5 4.21377E-5 8.75007E-6 2.84643E-5 4.4682E-5 1.51562E-5 4.51336E-5 4.1809E-5 3.87121E-5 1.40996E-5 4.33291E-5 4.20477E-5 4.32677E-5 3.14767E-5 2.28204E-5 5.139E-5 5.21604E-5 5.4838E-5 4.69639E-5 5.57923E-5 5.28664E-5 5.47809E-5 5.60616E-5 5.7996E-5 5.98254E-5 6.32243E-5 5.89351E-5 5.32748E-5 5.24623E-5 5.19209E-5 5.97136E-5 6.48721E-5 8.9592E-5 9.44752E-5
8.0342E-7 1.70259E-6 8.52013E-7 1.01767E-6 7.41185E-7 4.17806E-7 4.31888E-7 5.29227E-7 7.33219E-7 1.17726E-6 1.27783E-6 1.29165E-6 1.429E-6 3.4515E-6 4.99131E-6 2.22895E-6 4.52327E-6 2.04465E-6 4.16697E-6 9.13498E-7 6.01699E-6 6.48108E-6 7.01057E-6 1.21025E-6 2.82693E-6 1.36812E-6 6.85948E-6 2.62129E-6 1.53546E-5 1.88559E-5 2.11083E-5 1.19465E-5 2.4479E-5 2.29711E-5 3.65285E-5 4.22035E-5 4.41928E-5 4.14185E-5 3.89797E-5 3.83104E-5 2.64616E-5 1.20246E-5 3.6809E-5 3.61396E-5 3.84313E-5 4.18423E-5 4.44008E-5 4.57229E-5 4.69397E-5 4.74061E-5 4.997E-5 4.82822E-5 4.79645E-5 4.74442E-5 4.68091E-5 4.76724E-5 4.86219E-5 4.43113E-5 4.38959E-5 4.14713E-5 3.21999E-5 4.52756E-5 3.50273E-5 5.42845E-5 5.83284E-5 5.9976E-5
7.65135E-7 3.79236E-6 1.87932E-6 7.12389E-7 3.91876E-7 2.33188E-6 2.42464E-6 4.46923E-7 1.19301E-6 1.16571E-6 1.27963E-6 1.20039E-6 1.3122E-6 4.53454E-6 4.08526E-6 5.34964E-6 5.12222E-6 4.98231E-6 3.53048E-6 8.3857E-7 5.80387E-6 1.04412E-6 1.02564E-6 1.72855E-6 1.20977E-6 1.15228E-6 1.31675E-6 1.74001E-6 2.09109E-6 1.33096E-5 2.09463E-5 1.62749E-5 1.80527E-5 6.48912E-6 7.01452E-6 3.40508E-5 7.85782E-6 3.36701E-5 3.47439E-5 3.34723E-5 3.17185E-5 3.17237E-5 3.34546E-5 3.328E-5 3.33205E-5 3.64696E-5 4.26857E-5 4.29121E-5 4.54849E-5 4.3763E-5 4.33534E-5 4.29251E-5 4.29031E-5 4.28163E-5 3.99374E-5 3.56522E-5 4.03631E-5 3.76227E-5 2.83465E-5 4.28178E-5 4.21114E-5 4.15736E-5 4.08045E-5 4.30981E-5 4.51913E-5 5.01024E-5
4.65781E-7 8.24051E-7 5.45629E-7 5.75827E-7 2.50281E-6 2.21916E-6 1.62035E-6 3.83405E-7 6.41164E-7 9.67458E-7 1.56036E-6 3.36015E-6 1.96018E-6 2.63776E-6 3.57107E-6 5.56493E-6 4.97145E-6 4.80322E-6 4.72055E-6 8.24655E-7 6.52957E-6 3.28042E-6 1.13983E-6 1.35157E-6 1.41942E-6 8.34768E-6 1.36893E-6 1.57934E-6 4.12855E-6 1.50049E-5 1.02844E-5 2.21084E-5 2.4563E-5 2.72419E-5 3.09478E-5 3.4647E-6 1.75962E-5 3.0839E-5 3.03733E-5 2.99371E-5 2.95321E-5 2.93574E-5 3.10992E-5 3.04962E-5 3.02764E-5 3.30878E-5 3.59658E-5 3.88061E-5 4.0427E-5 3.97851E-5 3.86495E-5 3.87677E-5 3.86678E-5 3.75976E-5 3.29689E-5 3.61531E-5 3.62661E-5 3.49828E-5 3.36038E-5 3.54949E-5 3.5999E-5 2.8164E-5 1.68876E-5 1.74401E-5 4.16116E-5 3.34126E-5
5.77717E-7 7.06528E-7 5.53843E-7 6.65099E-7 5.78648E-7 3.57504E-6 5.68088E-7 6.12747E-7 6.5074E-7 5.99171E-7 6.11796E-7 7.17499E-7 1.06389E-6 7.10941E-7 4.32521E-6 9.87101E-7 5.14839E-6 4.81323E-6 2.69153E-6 1.86121E-6 3.98373E-6 4.15464E-6 4.36005E-6 9.26067E-6 6.4593E-6 5.92504E-6 1.31269E-6 6.57188E-6 3.58408E-6 1.19302E-5 1.49626E-5 1.90735E-5 2.19868E-5 2.47554E-5 2.63135E-5 1.3291E-5 3.88692E-6 4.13322E-6 1.33029E-5 1.29734E-5 2.67545E-5 2.67526E-5 2.69933E-5 2.81492E-5 2.91302E-5 3.05043E-5 3.12185E-5 3.31671E-5 3.3027E-5 3.20238E-5 3.32003E-5 3.53843E-5 3.56755E-5 3.4441E-5 3.32464E-5 3.34435E-5 3.23873E-5 3.22286E-5 3.17131E-5 2.5229E-5 1.48079E-5 2.60075E-5 1.53869E-5 1.59153E-5 1.65144E-5 1.74323E-5
5.67445E-7 5.45907E-7 5.78014E-7 6.33575E-7 6.17736E-7 3.98182E-6 6.77336E-7 7.4289E-7 2.18076E-6 3.85669E-6 7.51854E-7 9.8879E-7 9.3246E-7 9.05584E-7 1.01395E-6 1.25872E-6 2.24505E-6 2.68705E-6 8.53742E-7 6.48092E-7 8.07362E-6 1.01878E-5 9.56873E-6 1.30203E-6 1.17072E-6 4.15644E-6 1.3826E-6 1.38574E-6 1.47929E-6 1.53556E-6 1.79528E-6 6.63389E-6 2.43941E-6 2.77868E-6 3.35835E-6 1.26448E-5 2.70158E-5 2.73164E-5 1.74659E-5 2.14383E-5 2.14636E-5 1.71661E-5 2.28659E-5 2.40951E-5 2.5545E-5 2.79323E-5 2.82702E-5 2.96561E-5 2.1347E-5 1.50733E-5 1.19042E-5 3.18064E-5 3.19088E-5 3.18049E-5 3.11989E-5 2.26866E-5 3.14751E-5 3.18012E-5 3.27147E-5 2.53829E-5 3.467E-5 1.52704E-5 1.50789E-5 1.50726E-5 1.52824E-5 1.59564E-5
6.4665E-7 6.70672E-7 6.26937E-7 6.58128E-7 6.39307E-7 4.19132E-6 3.24934E-6 7.59771E-7 7.8056E-7 7.18027E-7 9.88312E-7 1.69626E-6 3.67394E-6 7.01248E-6 4.63428E-6 8.34126E-7 1.27736E-6 7.67654E-7 2.58759E-6 6.32639E-7 1.02654E-6 4.19351E-6 5.41508E-6 5.22239E-6 1.77919E-6 7.1952E-6 3.54324E-6 1.50548E-6 1.67196E-6 1.53217E-6 1.66068E-6 1.73636E-6 1.80801E-6 1.9982E-6 2.65232E-6 3.3801E-6 3.39991E-6 3.12606E-6 3.08114E-6 3.07982E-6 4.19154E-6 1.03234E-5 4.29911E-6 2.67656E-6 1.09881E-5 2.19572E-5 2.36126E-5 2.42648E-5 2.32242E-5 2.72262E-5 2.85111E-5 2.89565E-5 3.02202E-5 3.06684E-5 3.16584E-5 2.26777E-5 3.19105E-5 3.2766E-5 1.40836E-5 1.46588E-5 1.49539E-5 1.49962E-5 1.49203E-5 2.52292E-5 1.43084E-5 2.45253E-5
7.30094E-7 9.3688E-7 7.54644E-7 7.34202E-7 6.81011E-7 6.58728E-7 6.69709E-7 3.44379E-6 8.67772E-7 6.27476E-6 1.68715E-6 1.70629E-6 3.15598E-6 1.26787E-6 2.9454E-6 6.11193E-7 7.97114E-7 7.57133E-7 4.60791E-7 1.33673E-6 6.33129E-6 1.13269E-6 1.33789E-6 1.51244E-6 2.49908E-6 6.05914E-6 1.88584E-6 1.68579E-6 1.65973E-6 1.66466E-6 1.67544E-6 1.53502E-6 1.57241E-6 1.85242E-6 2.13551E-6 2.59744E-6 2.61027E-6 2.3795E-6 2.49735E-6 2.44414E-6 2.54369E-6 2.67085E-6 2.58244E-6 2.73366E-6 3.02119E-6 3.24064E-6 3.24305E-6 3.30324E-6 3.77221E-6 1.27739E-5 1.35859E-5 5.25015E-6 3.13009E-5 3.20882E-5 3.20468E-5 3.32292E-5 1.52589E-5 3.2484E-5 3.15067E-5 1.4473E-5 1.52076E-5 1.42197E-5 1.36096E-5 1.32009E-5 2.76786E-5 7.13751E-6
7.5088E-7 8.98519E-7 8.37481E-7 8.215E-7 7.23857E-7 7.23263E-7 6.94613E-7 6.53448E-7 1.92557E-6 2.54753E-6 1.39806E-6 4.2171E-6 1.26135E-6 4.57139E-7 3.78207E-7 3.12133E-7 6.83907E-7 7.42743E-7 3.29305E-6 9.23791E-7 1.14868E-6 3.15137E-6 2.0392E-6 2.40138E-6 2.36918E-6 2.45692E-6 2.6142E-6 2.56424E-6 2.82944E-6 2.52691E-6 2.01054E-6 1.54136E-6 7.29378E-6 5.63187E-6 9.91047E-6 5.10298E-6 4.81728E-6 2.27467E-6 1.67941E-5 2.65377E-6 2.70102E-6 2.7191E-6 1.58168E-6 1.85207E-6 3.34332E-6 3.32533E-6 3.40454E-6 3.47251E-6 3.77241E-6 4.38698E-6 7.14572E-6 6.15392E-6 5.69357E-6 1.20987E-5 2.72166E-5 1.74126E-5 3.2428E-5 3.2443E-5 3.22527E-5 3.36278E-5 2.53751E-5 3.084E-5 2.00168E-5 2.31806E-5 1.47177E-5 3.45378E-5
7.70136E-7 8.4966E-7 9.70488E-7 9.55805E-7 8.14585E-7 8.47801E-7 3.70313E-6 8.43797E-7 1.20912E-6 1.28315E-6 1.57174E-6 1.71629E-6 5.97877E-7 3.98162E-7 4.00614E-7 3.48149E-7 5.57068E-7 7.29796E-7 8.10717E-7 1.09845E-6 1.50127E-6 2.20114E-6 2.79575E-6 3.11436E-6 2.77421E-6 2.89113E-6 3.11921E-6 3.18728E-6 3.5132E-6 3.21844E-6 6.76362E-6 1.83799E-6 1.9334E-6 2.58776E-6 3.12804E-6 2.97414E-6 2.31547E-6 2.35201E-6 3.39133E-6 2.65827E-6 2.87666E-6 1.88834E-6 1.57569E-6 2.69207E-6 4.56305E-6 4.40694E-6 7.16525E-6 4.98459E-6 1.77155E-5 5.88335E-6 9.03894E-6 6.91102E-6 7.60141E-6 3.26388E-5 2.35865E-5 2.28566E-5 9.00128E-6 3.57139E-5 5.64387E-6 3.57707E-5 2.79051E-5 5.24998E-6 2.18556E-5 2.70618E-5 3.4675E-5 3.81473E-5
4.79329E-7 2.92141E-6 1.58341E-6 1.12976E-6 1.03174E-6 1.51687E-6 1.13691E-6 9.78357E-7 1.10591E-6 1.25831E-6 1.63223E-6 1.75895E-6 1.22081E-6 4.73516E-7 4.94567E-7 4.56109E-7 4.62652E-7 7.69986E-7 8.79367E-7 7.64292E-7 8.57322E-7 9.2381E-7 2.31869E-6 2.9115E-6 2.56204E-6 2.6303E-6 2.71847E-6 2.72395E-6 2.72615E-6 2.64792E-6 2.35899E-6 2.6939E-6 2.82421E-6 3.42193E-6 4.10236E-6 3.92925E-6 3.37849E-6 2.7814E-6 3.77281E-6 3.69315E-6 1.88374E-6 1.79801E-6 1.56176E-6 2.35992E-6 4.64611E-6 4.83757E-6 5.40529E-6 6.21927E-6 4.32435E-5 1.51695E-5 1.48933E-5 2.22488E-5 8.21481E-6 8.02377E-6 1.94969E-5 5.48453E-6 3.19135E-6 7.01827E-6 3.8263E-5 8.58299E-6 8.79304E-6 2.8528E-5 2.18153E-5 3.52658E-5 3.99242E-5 2.9565E-5
1.33299E-6 1.014E-6 1.99371E-6 1.32682E-6 1.27034E-6 1.26904E-6 1.12611E-6 1.05246E-6 1.18072E-6 1.46525E-6 1.89776E-6 1.67285E-6 6.00548E-7 4.92475E-7 6.55612E-7 6.3275E-7 6.68389E-7 9.23276E-7 9.1796E-7 8.48751E-7 1.07797E-6 1.89142E-6 2.57971E-6 2.65751E-6 2.65598E-6 3.73165E-6 2.61389E-6 2.08203E-6 1.82725E-5 8.38225E-6 5.90311E-6 6.66799E-6 3.24143E-6 3.45493E-6 3.95674E-6 4.10696E-6 4.30316E-6 1.87638E-5 4.13671E-6 4.07085E-6 3.43578E-6 1.69575E-6 1.55876E-6 1.66556E-6 3.48662E-6 4.43241E-6 5.53714E-6 6.25682E-6 4.36104E-5 4.58417E-5 4.72257E-5 3.43523E-5 3.54892E-5 8.64118E-6 9.55718E-6 1.34734E-6 1.90144E-6 1.4546E-6 3.83079E-6 1.10281E-5 8.01781E-6 9.9593E-6 1.91147E-5 4.34965E-5 4.59924E-5 4.65744E-5
5.21325E-7 6.03949E-7 1.4499E-6 2.94426E-6 1.24231E-6 1.20925E-6 1.09957E-6 1.0237E-6 3.85779E-7 9.52417E-7 6.03922E-7 5.26677E-7 4.95981E-7 5.8705E-7 7.98197E-7 8.92015E-7 1.07238E-6 1.02734E-6 7.14853E-7 6.63823E-7 8.84443E-7 1.94595E-6 2.16604E-6 1.69092E-5 2.51062E-6 2.23328E-6 2.35284E-6 2.06941E-6 2.43716E-6 2.58556E-6 2.72838E-6 2.99526E-6 3.12985E-6 3.31039E-6 3.72893E-6 3.96967E-6 4.13338E-6 4.30455E-6 3.46388E-6 3.62024E-6 3.76789E-6 2.72652E-6 1.83874E-6 1.09629E-6 1.38326E-6 1.28693E-6 2.62982E-6 4.26182E-6 5.42414E-6 6.26761E-6 7.20846E-6 1.52462E-5 1.86569E-5 1.06696E-5 1.65614E-5 6.56914E-6 2.27627E-6 2.86837E-6 9.5549E-6 1.16396E-5 6.25443E-6 3.48023E-5 4.5668E-5 4.64216E-5 4.62261E-5 5.03511E-5
5.18078E-7 5.4949E-7 5.93946E-7 5.9606E-7 1.26256E-6 1.19922E-6 1.20588E-6 1.34446E-6 8.23294E-7 5.31732E-7 5.62646E-7 5.76673E-7 4.25414E-7 4.52864E-7 7.19219E-7 9.79953E-7 8.83703E-7 5.65879E-7 6.02022E-7 7.63249E-7 8.45274E-7 1.95941E-6 2.14265E-6 2.21097E-6 2.55767E-6 2.33611E-6 4.42125E-6 2.09043E-6 2.55038E-6 2.55915E-6 1.08326E-5 2.9462E-6 1.96383E-5 3.15415E-6 3.45379E-6 3.39332E-6 3.39043E-6 3.19822E-6 2.20167E-6 2.8825E-6 2.82945E-6 2.45668E-6 1.52707E-6 1.00729E-6 1.20595E-6 1.00818E-6 1.55045E-6 3.60833E-6 4.15379E-6 4.81119E-6 8.28678E-6 1.07394E-5 1.01763E-5 1.43294E-5 4.01183E-5 5.2846E-6 9.38474E-6 7.53179E-6 3.20665E-5 2.52157E-5 1.04837E-5 4.56631E-5 5.67105E-5 5.68246E-5 5.35509E-5 6.54671E-5
4.91309E-7 5.24481E-7 5.4513E-7 6.98542E-7 1.10784E-6 1.3692E-6 1.43735E-6 1.3897E-6 9.43084E-7 5.60572E-7 6.13978E-7 1.11394E-6 5.84773E-7 4.78358E-7 4.55293E-7 6.39499E-7 6.82102E-7 6.72446E-7 8.44854E-7 9.3836E-7 1.10932E-6 2.19061E-6 2.99237E-6 1.07824E-5 2.55767E-6 2.08478E-6 2.42599E-6 2.06312E-6 2.47003E-6 2.73567E-6 1.35108E-5 2.76278E-6 2.83011E-6 2.88208E-6 2.96382E-6 1.70918E-6 1.49314E-6 1.60713E-6 2.069E-6 3.12125E-6 2.82483E-6 3.21517E-6 3.66082E-6 1.52538E-6 1.60757E-6 1.66937E-6 3.46117E-6 4.64675E-6 4.61744E-6 4.79502E-6 4.55442E-6 4.70478E-6 4.73398E-6 5.38432E-6 5.42081E-6 5.89782E-6 7.30585E-6 6.48975E-6 4.06366E-5 4.5998E-5 3.67284E-5 1.31588E-5 4.61699E-5 4.55797E-5 3.44046E-5 6.98361E-5
6.76703E-7 8.4182E-7 6.58635E-7 6.284E-7 7.42761E-7 3.32994E-6 8.17147E-7 7.73938E-7 5.39712E-7 2.64855E-6 5.35557E-7 5.45134E-7 4.56182E-7 3.36501E-7 3.35737E-7 6.40398E-7 6.52956E-7 7.09729E-7 8.05365E-7 8.42021E-7 8.2254E-7 6.43906E-6 3.81489E-6 1.92058E-5 5.1072E-6 2.24295E-6 1.97821E-6 2.14329E-6 2.68352E-6 2.77592E-6 3.03352E-6 3.15285E-6 2.80891E-6 2.10871E-6 2.28972E-6 1.86206E-6 2.13614E-6 3.45915E-6 2.4588E-6 2.99112E-6 3.13184E-6 3.84673E-6 1.68699E-6 1.95077E-6 1.80216E-6 1.55457E-6 2.60942E-6 4.15815E-6 4.55881E-6 5.35516E-6 5.55755E-6 1.27414E-5 6.17037E-6 6.09535E-6 6.92868E-6 7.32908E-6 1.66641E-5 7.06878E-6 3.73559E-5 2.66693E-5 6.34108E-5 7.02321E-5 1.16835E-5 1.14955E-5 1.18015E-5 1.28064E-5
8.64206E-7 7.99607E-7 8.53964E-7 7.5069E-7 7.52839E-7 7.17465E-7 6.40595E-7 4.37323E-7 5.19544E-7 6.61802E-7 6.10824E-7 3.69288E-7 3.27327E-7 3.46057E-7 3.59167E-7 4.1312E-7 4.46897E-7 4.30738E-7 4.81791E-7 5.16943E-7 7.00955E-7 9.99515E-7 2.84433E-6 1.78788E-5 2.79365E-6 2.49536E-6 2.58894E-6 2.70198E-6 3.54253E-6 3.91999E-6 3.51562E-6 2.59464E-6 2.49985E-6 2.76563E-6 3.31879E-6 2.81152E-6 2.89824E-6 2.75758E-6 2.37739E-6 1.9287E-6 1.86591E-6 2.29946E-6 7.93921E-6 4.25205E-6 1.87855E-6 1.75159E-6 1.56033E-6 5.45672E-6 6.15549E-6 1.94181E-5 6.29632E-6 6.887E-6 6.38504E-6 6.81124E-6 7.70723E-6 1.61968E-5 1.02357E-5 2.17617E-5 2.14322E-5 3.3536E-5 2.83095E-5 6.53209E-5 1.2555E-5 1.37689E-5 1.40247E-5 6.82502E-5
7.09355E-7 8.89479E-7 2.04917E-6 8.40318E-7 8.08351E-7 4.20165E-7 3.93971E-7 4.40027E-7 4.57359E-7 4.77796E-7 4.12235E-7 3.93819E-7 3.15866E-7 3.37873E-7 3.92751E-7 4.28581E-7 4.43083E-7 4.43217E-7 4.93302E-7 4.59729E-7 5.8002E-7 1.01281E-6 1.49307E-6 2.90728E-6 2.64684E-6 2.7076E-6 2.8225E-6 2.79413E-6 3.88387E-6 9.29048E-6 4.47851E-6 9.44134E-7 1.1022E-6 4.84476E-6 2.24364E-6 2.27861E-6 3.10095E-6 2.22297E-6 1.84751E-6 2.27769E-6 2.28829E-6 2.43091E-6 2.61035E-6 2.57611E-6 1.79447E-6 1.95826E-6 4.30334E-6 2.27085E-5 1.59478E-5 8.38109E-6 3.4411E-5 4.0296E-5 5.5823E-6 6.77102E-6 6.6419E-6 5.00288E-5 7.23203E-6 2.25504E-5 4.50063E-5 3.97943E-5 1.27913E-5 1.41086E-5 5.07912E-5 5.93714E-5 2.09688E-5 1.58285E-5
