catData/rasterBestHybridModels/Pviverrinus/RD_BM01_RM1_H/Pviverrinus_min.asc
ncols         409
nrows         350
xllcorner     60.897278365
yllcorner     5.843756025
cellsize      0.0892857
NODATA_value  -9999
[rows 87 to 115 of 350, columns 198 to 263 of 409]
2.19578E-4 2.12719E-4 1.99359E-4 2.28253E-4 2.36905E-4 1.70983E-4 1.84339E-4 1.00188E-4 7.83687E-5 2.51715E-5 1.71417E-5 1.36883E-5 6.1169E-6 5.21246E-6 6.5886E-6 6.9099E-6 6.9456E-6 6.37884E-6 6.87249E-6 4.88197E-6 3.58825E-6 3.42389E-6 3.38341E-6 3.40821E-6 4.14175E-6 5.29877E-6 5.11469E-6 4.0399E-6 4.89419E-6 6.2484E-6 5.26307E-6 2.67065E-6 1.73353E-6 1.38621E-6 1.30749E-6 1.54027E-6 1.14103E-6 8.38732E-7 8.14194E-7 6.67475E-7 6.68637E-7 6.40181E-7 5.91554E-7 5.51113E-7 3.3061E-7 1.95579E-7 1.84338E-7 1.70351E-7 1.91876E-7 1.52956E-7 1.45567E-7 1.37133E-7 1.31299E-7 1.2404E-7 -9999 -9999 -9999 -9999 -9999 1.00624E-7 1.02236E-7 -9999 -9999 -9999 -9999 -9999
2.20214E-4 2.06916E-4 1.54998E-4 1.77184E-4 2.04547E-4 2.4646E-4 2.42173E-4 2.9648E-4 1.31542E-4 1.29485E-4 8.94539E-5 4.68257E-5 1.33673E-5 7.16852E-6 5.25548E-6 6.80902E-6 8.04112E-6 6.91863E-6 7.52284E-6 4.79219E-6 3.72179E-6 3.37503E-6 3.28678E-6 3.67992E-6 3.8812E-6 3.99838E-6 4.32363E-6 4.75401E-6 6.40486E-6 7.62698E-6 7.10244E-6 5.30984E-6 3.63376E-6 1.5829E-6 1.69725E-6 1.28768E-6 1.21109E-6 8.71036E-7 7.26997E-7 6.96249E-7 6.3737E-7 6.23173E-7 6.05978E-7 6.17649E-7 3.80382E-7 2.64387E-7 1.92563E-7 1.86313E-7 1.88148E-7 1.73266E-7 1.54187E-7 1.4502E-7 1.37228E-7 1.29753E-7 1.22986E-7 1.1949E-7 -9999 1.11441E-7 1.07405E-7 1.09476E-7 1.19252E-7 1.05099E-7 9.82416E-8 -9999 -9999 -9999
1.48559E-4 2.10002E-4 1.71571E-4 1.95077E-4 2.22746E-4 2.46678E-4 2.56599E-4 2.48954E-4 2.74296E-4 1.21973E-4 1.49624E-4 1.37504E-4 9.72479E-5 5.63078E-5 3.97669E-5 2.35018E-5 1.29638E-5 2.94455E-5 8.27069E-6 8.96283E-6 4.70801E-6 3.92377E-6 4.64321E-6 4.25959E-6 4.02671E-6 3.83427E-6 3.90976E-6 4.50263E-6 6.76816E-6 6.83073E-6 6.35936E-6 6.97031E-6 5.51065E-6 3.84129E-6 1.57017E-6 1.30287E-6 1.23754E-6 1.2506E-6 8.96139E-7 7.15222E-7 6.68797E-7 9.15273E-7 8.48412E-7 3.83094E-7 4.08815E-7 3.42609E-7 2.47474E-7 2.41766E-7 2.25738E-7 1.80278E-7 1.62991E-7 1.5795E-7 1.44874E-7 1.3838E-7 1.31072E-7 1.22749E-7 1.18148E-7 1.15899E-7 1.13521E-7 1.30263E-7 1.35319E-7 1.09582E-7 -9999 -9999 -9999 -9999
2.11741E-4 2.1245E-4 1.79336E-4 1.9819E-4 2.12268E-4 2.49927E-4 2.40235E-4 2.25213E-4 2.41499E-4 2.75558E-4 2.63227E-4 3.25576E-4 3.1585E-4 3.40273E-4 2.44042E-4 3.06821E-4 1.13037E-4 1.41614E-4 7.62104E-5 5.978E-5 2.98415E-5 9.2111E-6 1.58534E-5 1.04258E-5 5.79866E-6 4.56064E-6 4.59032E-6 4.69357E-6 5.49996E-6 7.16387E-6 7.00529E-6 7.56165E-6 8.28203E-6 7.29701E-6 5.86755E-6 2.53355E-6 1.61804E-6 1.55178E-6 1.26445E-6 8.21135E-7 1.25055E-6 1.33976E-6 9.67576E-7 5.19064E-7 8.94924E-7 5.29421E-7 4.70316E-7 4.58012E-7 2.99495E-7 2.09501E-7 1.81536E-7 1.68499E-7 1.52697E-7 1.49058E-7 1.37998E-7 1.29118E-7 1.24727E-7 1.2119E-7 1.31693E-7 1.64096E-7 1.41903E-7 1.09905E-7 -9999 -9999 -9999 -9999
1.56441E-4 1.65443E-4 1.59169E-4 2.06512E-4 2.32346E-4 2.4949E-4 2.25854E-4 2.12537E-4 2.44887E-4 2.23202E-4 2.58452E-4 3.20095E-4 2.81029E-4 2.51606E-4 2.60309E-4 2.57955E-4 3.59311E-4 2.29649E-4 2.25926E-4 2.13037E-4 1.68503E-4 6.93642E-5 1.79083E-5 1.62455E-5 1.60691E-5 1.42437E-5 1.2585E-5 7.6675E-6 6.87372E-6 7.15402E-6 6.79338E-6 6.53987E-6 7.98158E-6 8.84475E-6 9.86764E-6 7.43243E-6 6.14477E-6 2.45569E-6 1.47815E-6 1.52862E-6 1.6332E-6 1.77959E-6 1.48424E-6 1.71751E-6 1.80291E-6 1.36787E-6 4.21325E-7 4.31143E-7 4.39863E-7 3.25705E-7 2.58823E-7 1.94643E-7 1.76575E-7 1.71284E-7 1.46215E-7 1.35769E-7 1.35831E-7 1.42123E-7 1.91888E-7 1.65134E-7 1.26063E-7 1.09316E-7 -9999 -9999 -9999 -9999
1.40948E-4 1.15814E-4 1.45981E-4 1.85961E-4 1.81429E-4 2.13074E-4 2.19047E-4 1.98696E-4 2.11611E-4 2.07148E-4 1.34084E-4 2.26458E-4 2.33978E-4 2.28923E-4 2.46052E-4 2.71406E-4 3.43826E-4 1.8539E-4 2.59627E-4 2.2536E-4 1.78533E-4 1.50125E-4 9.31499E-5 5.54994E-5 2.9184E-5 2.07553E-5 1.66757E-5 1.9638E-5 2.09687E-5 2.31644E-5 9.77809E-6 7.64217E-6 5.77615E-6 8.86134E-6 1.0681E-5 8.77366E-6 7.80368E-6 2.24769E-6 1.95723E-6 2.04436E-6 1.88595E-6 2.14832E-6 2.23296E-6 2.07759E-6 2.03229E-6 1.11019E-6 7.7623E-7 4.37092E-7 5.19542E-7 3.53831E-7 2.32247E-7 2.05204E-7 2.25707E-7 2.15352E-7 1.55378E-7 1.45417E-7 1.76916E-7 2.18499E-7 2.45702E-7 1.49148E-7 1.19028E-7 1.12438E-7 1.09921E-7 1.06929E-7 1.05E-7 -9999
1.2558E-4 1.17531E-4 1.45684E-4 1.97895E-4 1.9886E-4 2.08355E-4 2.20195E-4 1.71538E-4 1.68594E-4 1.83744E-4 1.92858E-4 9.50665E-5 1.82582E-4 2.03329E-4 2.40214E-4 3.60021E-4 2.24479E-4 4.0559E-4 3.60414E-4 2.12749E-4 1.75969E-4 1.79839E-4 8.79602E-5 1.30379E-4 1.47014E-4 1.26962E-4 8.84011E-5 6.00596E-5 3.00838E-5 3.29327E-5 2.48673E-5 1.80088E-5 6.52171E-6 6.66701E-6 9.8222E-6 9.11947E-6 6.13775E-6 2.89987E-6 2.83351E-6 2.47098E-6 2.48105E-6 2.70922E-6 2.53931E-6 2.28995E-6 1.84913E-6 1.67661E-6 2.0715E-6 1.59171E-6 1.64112E-6 9.49136E-7 7.12798E-7 3.44813E-7 2.47408E-7 3.53446E-7 4.89315E-7 2.01721E-7 2.8997E-7 2.94048E-7 1.88736E-7 1.41172E-7 1.34523E-7 1.2251E-7 1.18437E-7 1.17631E-7 1.10252E-7 1.07777E-7
1.24766E-4 1.30878E-4 1.52977E-4 1.82317E-4 1.46836E-4 1.86002E-4 2.05338E-4 1.78021E-4 1.80643E-4 1.68629E-4 8.64149E-5 9.07182E-5 9.0986E-5 2.08812E-4 2.43845E-4 3.04853E-4 3.06142E-4 3.16247E-4 3.78536E-4 3.18259E-4 1.78972E-4 2.22054E-4 2.01839E-4 1.1205E-4 1.22773E-4 1.44391E-4 1.22575E-4 1.22842E-4 1.09388E-4 4.60506E-5 3.7227E-5 1.04918E-5 8.29549E-6 5.74604E-6 6.34496E-6 7.49258E-6 5.11846E-6 3.04353E-6 2.89059E-6 3.25554E-6 3.17937E-6 2.73679E-6 2.74047E-6 2.72685E-6 2.51277E-6 2.37192E-6 2.48622E-6 2.32409E-6 2.01547E-6 1.34802E-6 1.17838E-6 8.17958E-7 9.29684E-7 1.10247E-6 7.01229E-7 4.98709E-7 5.69465E-7 3.56316E-7 3.62743E-7 1.50696E-7 1.48951E-7 1.60474E-7 1.62374E-7 1.43843E-7 1.265E-7 1.36534E-7
1.07089E-4 1.16447E-4 1.27519E-4 1.49404E-4 1.55783E-4 1.55034E-4 1.555E-4 1.65305E-4 1.68917E-4 7.20671E-5 7.52914E-5 1.67063E-4 9.08856E-5 2.07604E-4 2.13221E-4 3.17233E-4 2.60014E-4 2.31887E-4 3.08966E-4 3.50978E-4 2.93867E-4 3.15758E-4 2.13172E-4 3.22622E-4 1.39534E-4 1.57058E-4 1.44365E-4 1.02236E-4 1.46049E-4 1.53889E-4 1.19711E-4 4.35505E-5 7.46985E-6 8.09622E-6 7.45477E-6 5.82563E-6 5.62075E-6 5.86713E-6 6.86612E-6 5.57447E-6 5.61794E-6 5.09703E-6 3.65018E-6 2.79061E-6 2.83036E-6 2.53809E-6 2.29757E-6 2.27767E-6 2.12088E-6 3.87797E-6 3.02879E-6 1.12452E-6 1.84773E-6 2.01429E-6 1.68448E-6 1.20326E-6 1.53514E-6 1.3507E-6 9.99124E-7 3.8805E-6 3.39857E-6 1.88508E-7 2.01869E-7 2.52492E-7 2.87496E-7 2.13289E-7
7.14452E-5 9.22028E-5 9.05295E-5 1.06665E-4 1.09823E-4 1.1335E-4 1.17491E-4 1.30766E-4 1.28337E-4 1.2953E-4 1.50231E-4 7.10417E-5 1.74122E-4 2.0659E-4 9.4864E-5 2.95171E-4 3.20896E-4 2.47037E-4 2.63457E-4 3.57668E-4 3.36837E-4 3.17575E-4 3.39679E-4 2.04117E-4 3.86189E-4 3.32237E-4 1.29885E-4 1.09705E-4 1.72683E-4 1.94804E-4 1.72478E-4 8.93294E-5 4.85107E-5 1.56461E-5 7.1912E-6 8.91877E-6 6.65653E-6 5.80925E-6 5.78457E-6 5.5054E-6 5.49432E-6 5.44963E-6 5.29858E-6 5.40948E-6 5.2374E-6 4.09838E-6 3.98878E-6 2.70658E-6 4.90456E-6 7.36731E-6 7.24567E-6 4.42084E-6 3.48741E-6 2.24119E-6 1.91981E-6 2.05198E-6 2.12227E-6 1.92098E-6 6.84671E-6 1.00271E-5 7.7923E-6 8.13777E-6 6.94052E-6 2.14056E-7 4.95198E-7 7.36956E-7
5.73892E-5 8.15061E-5 7.74082E-5 8.73683E-5 9.63473E-5 1.00083E-4 1.05678E-4 1.16561E-4 1.04095E-4 1.0148E-4 1.24667E-4 6.52634E-5 1.64233E-4 1.82622E-4 1.88318E-4 3.1613E-4 2.61376E-4 2.3824E-4 2.28113E-4 2.98136E-4 2.71591E-4 3.74386E-4 3.17053E-4 3.37116E-4 1.75657E-4 3.64081E-4 2.83764E-4 3.43991E-4 3.27314E-4 2.333E-4 1.91547E-4 1.61393E-4 8.09158E-5 4.31286E-5 2.97095E-5 7.97242E-6 7.21483E-6 5.72113E-6 5.52089E-6 5.4959E-6 5.49066E-6 5.43855E-6 5.36992E-6 5.30173E-6 5.41734E-6 5.4414E-6 4.91245E-6 5.14883E-6 4.91596E-6 7.84034E-6 9.0193E-6 8.90526E-6 7.11869E-6 2.51582E-6 2.39035E-6 2.91316E-6 2.89297E-6 7.87593E-6 2.12841E-5 2.53817E-5 2.27753E-5 2.04089E-5 1.84642E-5 5.12285E-6 3.65986E-6 4.2294E-6
4.63448E-5 6.35195E-5 7.09681E-5 7.98324E-5 9.46716E-5 9.72435E-5 9.73684E-5 1.0227E-4 1.09202E-4 1.11947E-4 1.20778E-4 1.34064E-4 1.46983E-4 1.61851E-4 1.64284E-4 2.20191E-4 2.14218E-4 2.26355E-4 2.37839E-4 2.7444E-4 2.31698E-4 3.12837E-4 2.95293E-4 2.95725E-4 2.81827E-4 2.63736E-4 2.67026E-4 3.93863E-4 4.27227E-4 4.20535E-4 1.72137E-4 1.80343E-4 1.82715E-4 1.50586E-4 1.11626E-4 3.93368E-5 1.34107E-5 7.56679E-6 5.5413E-6 5.49916E-6 5.63462E-6 5.629E-6 5.39258E-6 5.25529E-6 5.18505E-6 5.54376E-6 5.57414E-6 5.4971E-6 7.49428E-6 1.0418E-5 9.99728E-6 1.02236E-5 9.68458E-6 8.22177E-6 6.98423E-6 5.40667E-6 4.41714E-5 4.24146E-5 3.22576E-5 2.98873E-5 2.97435E-5 2.47688E-5 2.43499E-5 7.33729E-6 5.58264E-6 4.76095E-6
3.41839E-5 3.82934E-5 6.02016E-5 7.04864E-5 7.86501E-5 8.91176E-5 9.39704E-5 9.19832E-5 1.01761E-4 1.06842E-4 1.09358E-4 1.19973E-4 1.35728E-4 1.41946E-4 1.53802E-4 7.36506E-5 8.21088E-5 2.04605E-4 1.97201E-4 2.74688E-4 3.2004E-4 3.28082E-4 2.5256E-4 2.47216E-4 2.75229E-4 2.4866E-4 1.00779E-4 2.87366E-4 3.87747E-4 3.69752E-4 4.1347E-4 1.40001E-4 1.45959E-4 1.15882E-4 1.34697E-4 1.20445E-4 6.43647E-5 2.70275E-5 9.81598E-6 1.14733E-5 1.02616E-5 9.10846E-6 6.34901E-6 5.276E-6 5.55125E-6 5.43558E-6 8.45796E-6 6.7628E-6 1.19722E-5 1.29495E-5 3.38024E-5 3.94115E-5 3.89036E-5 1.09124E-5 9.84714E-6 9.80563E-6 1.35563E-5 4.02797E-5 4.03543E-5 2.6061E-5 2.6109E-5 2.61418E-5 2.13519E-5 6.91639E-6 5.61649E-6 5.75127E-6
4.29613E-5 3.59418E-5 3.83678E-5 5.21649E-5 7.03268E-5 8.05119E-5 9.38774E-5 9.79978E-5 1.05641E-4 1.07642E-4 1.02867E-4 1.11068E-4 1.29707E-4 1.36263E-4 1.55056E-4 1.64304E-4 1.75956E-4 1.97841E-4 2.05461E-4 2.4001E-4 1.51359E-4 2.80343E-4 2.2063E-4 2.2776E-4 2.49688E-4 2.88338E-4 3.08193E-4 2.37363E-4 3.43618E-4 3.38834E-4 3.92225E-4 2.94986E-4 2.85352E-4 1.14279E-4 1.43116E-4 1.70386E-4 1.53317E-4 8.09108E-5 2.9204E-5 2.03744E-5 1.99375E-5 1.56744E-5 1.41757E-5 9.96248E-6 8.53298E-6 1.1135E-5 1.32288E-5 1.38712E-5 1.19756E-5 1.35452E-5 3.71769E-5 4.01554E-5 4.01363E-5 3.92624E-5 1.8224E-5 1.25389E-5 2.76787E-5 4.18598E-5 4.10164E-5 4.12362E-5 3.94668E-5 4.74105E-5 2.5813E-5 1.30914E-5 9.63891E-6 9.49661E-6
4.27966E-5 4.43581E-5 4.25154E-5 4.09633E-5 5.65913E-5 7.66938E-5 7.4825E-5 7.89959E-5 8.58058E-5 9.64424E-5 9.62504E-5 1.02972E-4 1.24427E-4 1.35724E-4 1.50133E-4 1.60135E-4 1.69937E-4 1.73832E-4 1.78567E-4 1.96609E-4 9.45821E-5 1.92876E-4 9.67857E-5 2.07087E-4 2.27771E-4 1.52139E-4 2.85703E-4 2.89361E-4 2.98556E-4 3.47031E-4 3.43432E-4 3.33849E-4 3.22305E-4 2.56909E-4 1.24827E-4 1.85354E-4 1.70438E-4 1.62235E-4 1.12249E-4 6.3776E-5 2.9499E-5 2.22423E-5 1.60747E-5 1.33497E-5 1.30065E-5 1.13399E-5 1.18861E-5 1.33971E-5 1.09625E-5 1.49875E-5 2.08515E-5 2.06888E-5 3.91681E-5 3.99936E-5 3.98161E-5 3.8891E-5 4.60081E-5 4.37435E-5 4.92773E-5 4.2351E-5 3.76091E-5 3.48703E-5 3.10868E-5 4.5771E-5 3.25758E-5 3.49626E-5
3.40811E-5 4.36799E-5 3.88657E-5 4.26093E-5 4.68426E-5 5.78119E-5 5.59498E-5 5.64545E-5 5.67779E-5 6.9382E-5 8.17291E-5 8.93226E-5 1.17327E-4 1.28741E-4 1.36032E-4 1.55544E-4 1.25412E-4 1.75551E-4 1.77871E-4 1.80221E-4 2.02067E-4 8.91351E-5 8.9413E-5 9.22135E-5 1.93758E-4 2.08674E-4 2.38609E-4 2.87664E-4 1.17675E-4 2.86386E-4 3.10472E-4 3.2076E-4 2.35407E-4 2.12851E-4 2.8954E-4 3.34613E-4 1.81666E-4 1.16058E-4 1.29127E-4 6.73522E-5 7.28573E-5 4.80392E-5 3.0233E-5 2.76198E-5 2.50802E-5 1.29269E-5 1.11426E-5 1.41762E-5 1.45378E-5 1.20388E-5 1.69854E-5 1.75178E-5 1.87095E-5 3.47384E-5 3.86282E-5 4.61359E-5 4.66417E-5 5.47986E-5 5.33467E-5 4.62853E-5 4.01999E-5 3.83198E-5 3.48088E-5 4.58521E-5 3.69018E-5 3.49193E-5
2.80956E-5 3.84273E-5 4.12482E-5 4.02598E-5 4.68106E-5 4.94136E-5 4.23812E-5 4.21572E-5 4.26436E-5 4.91431E-5 5.85673E-5 6.75111E-5 8.91409E-5 1.15086E-4 1.13492E-4 1.12141E-4 1.64496E-4 1.71468E-4 1.78253E-4 1.97232E-4 2.09741E-4 1.95217E-4 1.23867E-4 1.88996E-4 1.78539E-4 1.9682E-4 2.5362E-4 2.64428E-4 2.57901E-4 2.50887E-4 2.45199E-4 2.36692E-4 2.61614E-4 2.0768E-4 2.02962E-4 2.69453E-4 3.22122E-4 3.36341E-4 3.6284E-4 4.15007E-4 1.64647E-4 5.7114E-5 6.68984E-5 7.20144E-5 6.29371E-5 4.35634E-5 3.4766E-5 4.72321E-5 2.66571E-5 1.68488E-5 1.74615E-5 1.8056E-5 1.74005E-5 1.7609E-5 1.70868E-5 2.06676E-5 2.00541E-5 1.70977E-5 2.46809E-5 3.74545E-5 3.30912E-5 6.64888E-5 5.64678E-5 4.66493E-5 3.20356E-5 2.39062E-5
2.52011E-5 3.88404E-5 3.97405E-5 4.02533E-5 3.79787E-5 3.32922E-5 3.84644E-5 3.84233E-5 3.63704E-5 3.80757E-5 4.76078E-5 5.9877E-5 7.07943E-5 9.43244E-5 1.17733E-4 1.56309E-4 1.70766E-4 1.75703E-4 1.79832E-4 2.01943E-4 2.1216E-4 1.93384E-4 1.78339E-4 1.78572E-4 1.7927E-4 2.01699E-4 2.46511E-4 2.54224E-4 2.66725E-4 2.86919E-4 1.87758E-4 2.31606E-4 2.70977E-4 1.97163E-4 2.01656E-4 2.50235E-4 2.98816E-4 3.47281E-4 3.16639E-4 3.02497E-4 4.04188E-4 3.24527E-4 1.37576E-4 5.88058E-5 6.60368E-5 5.88925E-5 8.37075E-5 1.20794E-4 1.43939E-4 1.1519E-4 1.36461E-4 1.41747E-4 8.43075E-5 4.02772E-5 2.2019E-5 1.9316E-5 1.75267E-5 1.71222E-5 1.74998E-5 1.83484E-5 2.06217E-5 4.7638E-5 5.10258E-5 6.51534E-5 7.28281E-5 9.36927E-5
1.8837E-5 2.4698E-5 2.5542E-5 3.15874E-5 3.01083E-5 2.63429E-5 2.62633E-5 3.81184E-5 4.11526E-5 4.22874E-5 4.84508E-5 6.62305E-5 6.54617E-5 6.9091E-5 1.11455E-4 1.54734E-4 1.76492E-4 1.81398E-4 1.87939E-4 2.05145E-4 2.25281E-4 1.98871E-4 2.00945E-4 1.97254E-4 1.90336E-4 2.08976E-4 2.56253E-4 2.21069E-4 1.0731E-4 2.61989E-4 1.96629E-4 2.28304E-4 2.40898E-4 2.15763E-4 1.78735E-4 2.15293E-4 2.93049E-4 3.16514E-4 3.16572E-4 2.67873E-4 2.83589E-4 3.42966E-4 4.4159E-4 2.63803E-4 2.05495E-4 3.5988E-4 2.70837E-4 4.40821E-4 4.85843E-4 4.91515E-4 4.78434E-4 4.82953E-4 4.40534E-4 3.86341E-4 3.64075E-4 2.09792E-4 9.67747E-5 6.66897E-5 1.14997E-4 1.81997E-4 1.75143E-4 2.10436E-4 2.60979E-4 3.04479E-4 2.27664E-4 2.41584E-4
1.60916E-5 1.96659E-5 2.19675E-5 2.18686E-5 2.25877E-5 2.3527E-5 2.51919E-5 3.70024E-5 4.94683E-5 5.18114E-5 4.95982E-5 6.39742E-5 6.00106E-5 5.60095E-5 9.15428E-5 1.22618E-4 1.67403E-4 1.70382E-4 1.87814E-4 1.83067E-4 1.94244E-4 2.12404E-4 2.21944E-4 2.43374E-4 2.13912E-4 2.13674E-4 2.04833E-4 1.42631E-4 1.0057E-4 1.0216E-4 2.40095E-4 2.32532E-4 2.47552E-4 2.47699E-4 1.82906E-4 2.04901E-4 2.54252E-4 2.90214E-4 3.14709E-4 2.89778E-4 2.86614E-4 3.03087E-4 3.48029E-4 3.99097E-4 3.98974E-4 4.08249E-4 4.23609E-4 3.90021E-4 3.90743E-4 4.4258E-4 4.19382E-4 4.15556E-4 4.30102E-4 4.31288E-4 4.27983E-4 4.35782E-4 4.73227E-4 3.89742E-4 2.59005E-4 2.27632E-4 2.8197E-4 3.48329E-4 3.24154E-4 1.92661E-4 2.44668E-4 1.61206E-4
1.63099E-5 1.72661E-5 1.98811E-5 1.77646E-5 1.88268E-5 1.93305E-5 2.02628E-5 2.66793E-5 3.68788E-5 3.81395E-5 3.65736E-5 4.55487E-5 5.55988E-5 4.66261E-5 6.28218E-5 8.39476E-5 1.31103E-4 1.40691E-4 1.73623E-4 1.67683E-4 1.50742E-4 2.13948E-4 2.22584E-4 2.57982E-4 2.43377E-4 2.08361E-4 1.94639E-4 2.08993E-4 9.59571E-5 9.93199E-5 2.22702E-4 1.69084E-4 2.17787E-4 2.46198E-4 2.32309E-4 2.00232E-4 2.00209E-4 2.77225E-4 3.06108E-4 3.44887E-4 3.2724E-4 3.19423E-4 3.30102E-4 3.61545E-4 3.67046E-4 3.6711E-4 3.70631E-4 3.77005E-4 4.01293E-4 4.1948E-4 4.29894E-4 4.45061E-4 4.39605E-4 4.25089E-4 4.2787E-4 4.38272E-4 4.55872E-4 4.78965E-4 4.48227E-4 3.50929E-4 1.73293E-4 1.5812E-4 1.43809E-4 1.53788E-4 1.78096E-4 1.3256E-4
1.62773E-5 1.60515E-5 1.68696E-5 1.66768E-5 1.82782E-5 1.96602E-5 1.97449E-5 1.89722E-5 2.11188E-5 2.37882E-5 2.75984E-5 3.40775E-5 4.17898E-5 4.15357E-5 4.62065E-5 7.16197E-5 1.13401E-4 9.80793E-5 1.44816E-4 1.56351E-4 1.14498E-4 1.6455E-4 2.17824E-4 2.60706E-4 2.55164E-4 2.0611E-4 1.88489E-4 2.21782E-4 1.97867E-4 2.06305E-4 2.24083E-4 1.27096E-4 1.83473E-4 2.48455E-4 2.82947E-4 2.57659E-4 2.1116E-4 2.55241E-4 2.87238E-4 3.17042E-4 3.47485E-4 3.5499E-4 3.6692E-4 3.6804E-4 3.64789E-4 3.63179E-4 3.84013E-4 3.6678E-4 3.76541E-4 3.81907E-4 3.86534E-4 3.90972E-4 4.3272E-4 3.53442E-4 4.45569E-4 4.83759E-4 4.37929E-4 4.53131E-4 4.5059E-4 4.66157E-4 2.90236E-4 2.10551E-4 2.59753E-4 1.54794E-4 1.4787E-4 1.29151E-4
1.63142E-5 1.59932E-5 1.62424E-5 1.50086E-5 1.50816E-5 1.67191E-5 2.23893E-5 2.14918E-5 1.8106E-5 1.96665E-5 2.54419E-5 3.27648E-5 3.54657E-5 3.65152E-5 4.0046E-5 5.00137E-5 7.65588E-5 8.8921E-5 1.19791E-4 1.49821E-4 1.20428E-4 1.14152E-4 1.34203E-4 1.56955E-4 1.70764E-4 1.87752E-4 1.83924E-4 1.99933E-4 2.31348E-4 2.49702E-4 2.18352E-4 1.93962E-4 1.92486E-4 1.77237E-4 2.38074E-4 2.55577E-4 2.38923E-4 2.38418E-4 2.71491E-4 2.89438E-4 3.24397E-4 3.19079E-4 3.21269E-4 3.49105E-4 3.47433E-4 3.40258E-4 3.41176E-4 3.51747E-4 3.96409E-4 3.69147E-4 3.68837E-4 3.9085E-4 3.94409E-4 4.12255E-4 4.24854E-4 5.10541E-4 5.22387E-4 4.45363E-4 4.7096E-4 4.77241E-4 4.65876E-4 5.04276E-4 4.0408E-4 3.24504E-4 3.26467E-4 4.15706E-4
1.59921E-5 1.70686E-5 1.58464E-5 1.41019E-5 1.29292E-5 1.50199E-5 1.75153E-5 1.79882E-5 1.88971E-5 1.82972E-5 2.15722E-5 2.68593E-5 2.70668E-5 3.04648E-5 3.42938E-5 3.89904E-5 4.91569E-5 7.61728E-5 8.76543E-5 1.06215E-4 1.23653E-4 1.45059E-4 1.41046E-4 1.12473E-4 1.08568E-4 1.61478E-4 1.74496E-4 1.8724E-4 2.62057E-4 2.3008E-4 2.29407E-4 2.18892E-4 1.89323E-4 1.7136E-4 1.7005E-4 1.84411E-4 2.15697E-4 2.2178E-4 2.4529E-4 2.62451E-4 2.87474E-4 2.99492E-4 3.09802E-4 3.10643E-4 3.27576E-4 3.319E-4 3.47238E-4 3.32522E-4 3.94623E-4 3.79661E-4 3.96349E-4 3.917E-4 3.9794E-4 4.07873E-4 4.36914E-4 4.48685E-4 4.52173E-4 4.48886E-4 4.6603E-4 4.73009E-4 4.97618E-4 4.61649E-4 4.70636E-4 4.56863E-4 3.03993E-4 5.04734E-4
1.47603E-5 1.38698E-5 1.31864E-5 1.30143E-5 1.31586E-5 1.33439E-5 1.34063E-5 1.36502E-5 1.59607E-5 1.67981E-5 1.81913E-5 2.34749E-5 2.69552E-5 2.77961E-5 3.40613E-5 3.59031E-5 3.92412E-5 5.12238E-5 6.49739E-5 7.55967E-5 7.92138E-5 1.01712E-4 1.32612E-4 1.24369E-4 1.20561E-4 1.59155E-4 1.72406E-4 1.8903E-4 2.28687E-4 2.53804E-4 2.47959E-4 2.04663E-4 1.60632E-4 1.5801E-4 1.49823E-4 1.47727E-4 1.70451E-4 1.93372E-4 2.06117E-4 2.5015E-4 2.84334E-4 2.94486E-4 2.80554E-4 3.08725E-4 3.25264E-4 1.32193E-4 3.08877E-4 3.22906E-4 3.26808E-4 3.54835E-4 3.67848E-4 3.94869E-4 4.11084E-4 3.85533E-4 4.27538E-4 4.39825E-4 4.42522E-4 4.3807E-4 4.27344E-4 4.19486E-4 4.79332E-4 4.71435E-4 4.64864E-4 4.46681E-4 4.30196E-4 4.58093E-4
1.37937E-5 1.28788E-5 1.27538E-5 1.29006E-5 1.35416E-5 1.31085E-5 1.23854E-5 1.2931E-5 1.39353E-5 1.54912E-5 1.67398E-5 1.87337E-5 2.10632E-5 3.07807E-5 4.41037E-5 4.59151E-5 3.78482E-5 4.24844E-5 5.3337E-5 6.23669E-5 8.59686E-5 9.19964E-5 1.12417E-4 1.47723E-4 1.52281E-4 1.57304E-4 1.51793E-4 1.71089E-4 2.26057E-4 2.2368E-4 2.43832E-4 2.2796E-4 1.93385E-4 1.7387E-4 1.52087E-4 1.44641E-4 1.41126E-4 1.56566E-4 2.01347E-4 2.35509E-4 2.69935E-4 2.96393E-4 2.82899E-4 2.87498E-4 3.23596E-4 3.12852E-4 3.05736E-4 3.14977E-4 2.98174E-4 3.2036E-4 3.34415E-4 3.7989E-4 3.9351E-4 3.74981E-4 4.08133E-4 4.30642E-4 4.35342E-4 4.27006E-4 1.80693E-4 1.81514E-4 4.27825E-4 4.63503E-4 4.55657E-4 4.29835E-4 4.48918E-4 4.11325E-4
1.35597E-5 1.32013E-5 1.33564E-5 1.39123E-5 1.30719E-5 1.32178E-5 1.27076E-5 1.32049E-5 1.38123E-5 1.48263E-5 1.67963E-5 2.00428E-5 2.21989E-5 2.507E-5 3.11021E-5 4.93377E-5 4.02493E-5 3.90541E-5 5.43343E-5 5.42496E-5 6.34987E-5 8.94597E-5 1.1632E-4 1.40886E-4 1.47831E-4 1.28999E-4 1.33755E-4 1.4939E-4 1.81056E-4 1.52094E-4 2.27381E-4 2.55691E-4 2.30189E-4 1.77211E-4 1.63472E-4 1.40864E-4 1.34426E-4 1.39307E-4 1.83731E-4 2.62489E-4 3.11228E-4 3.21635E-4 2.7205E-4 2.88735E-4 3.10764E-4 3.33777E-4 3.12769E-4 3.10047E-4 2.92007E-4 3.21003E-4 3.25037E-4 3.53183E-4 3.38839E-4 3.69794E-4 3.59457E-4 3.94708E-4 3.88752E-4 4.0828E-4 1.76013E-4 4.17056E-4 4.22513E-4 4.35525E-4 4.50544E-4 4.70861E-4 3.55415E-4 3.44089E-4
1.31093E-5 1.26571E-5 1.19914E-5 1.27086E-5 1.24234E-5 1.26597E-5 1.30653E-5 1.41554E-5 1.50719E-5 1.61952E-5 1.75449E-5 2.05673E-5 2.36017E-5 2.35406E-5 2.73915E-5 3.52372E-5 4.24646E-5 3.29476E-5 4.07947E-5 5.08469E-5 6.53263E-5 8.67751E-5 1.08354E-4 1.31108E-4 1.40743E-4 5.80375E-5 3.90675E-5 9.83965E-5 1.47334E-4 1.85435E-4 2.32726E-4 2.45788E-4 2.10657E-4 1.92506E-4 1.73764E-4 1.39639E-4 1.46997E-4 1.41869E-4 1.68633E-4 2.24747E-4 2.54323E-4 2.47504E-4 2.53847E-4 2.8235E-4 2.90547E-4 3.13562E-4 3.17215E-4 2.99418E-4 2.41863E-4 2.87228E-4 3.49852E-4 3.56184E-4 3.47331E-4 3.30973E-4 1.44308E-4 1.50304E-4 1.62982E-4 3.99818E-4 1.72697E-4 4.01588E-4 4.15393E-4 4.10005E-4 4.51072E-4 4.38258E-4 4.33421E-4 4.12789E-4
1.34265E-5 1.41358E-5 1.35978E-5 1.14167E-5 1.17357E-5 1.33204E-5 1.38089E-5 1.50339E-5 1.5711E-5 1.66332E-5 1.77489E-5 1.96758E-5 2.107E-5 2.2659E-5 2.45654E-5 2.99071E-5 3.92425E-5 3.21536E-5 3.53249E-5 4.44867E-5 6.34816E-5 7.51027E-5 8.78749E-5 8.88976E-5 9.18457E-5 4.49577E-5 4.31703E-5 9.52585E-5 1.34684E-4 1.52039E-4 1.89161E-4 2.1273E-4 1.7008E-4 1.41729E-4 1.60078E-4 1.67183E-4 1.40667E-4 1.39592E-4 1.61964E-4 1.67957E-4 1.65091E-4 1.82562E-4 1.67223E-4 2.53152E-4 2.88382E-4 2.97612E-4 3.07371E-4 2.93541E-4 3.00168E-4 3.03189E-4 2.89571E-4 3.01698E-4 3.30162E-4 3.19235E-4 3.45477E-4 2.87378E-4 3.04071E-4 2.29433E-4 3.86032E-4 3.94153E-4 3.92919E-4 4.09941E-4 4.08144E-4 4.63534E-4 4.95594E-4 4.26925E-4
