catData/variables/pastClimate/lgm_CCSM4/bio16.asc
NCOLS 409 
NROWS 350 
XLLCORNER 60.897278365 
YLLCORNER 5.843756025 
CELLSIZE 0.0892857 
NODATA_value -9999 
[rows 225 to 249 of 350, columns 168 to 223 of 409]
274.574254978204 284.854238687103 295.60015231966 313.402952393524 330.752125125243 349.346230923106 366.017716094697 387.515221651043 406.755852615766 422.010994096685 431.165650375273 439.188613006605 449.351372880003 464.076566676063 477.815632274957 490.737389769768 509.208800972594 530.336428446471 541.173899400002 552.062690068207 563.237115149143 569.081731362489 561.120610700385 537.806823628845 512.339492493955 491.136304034554 473.929929244604 456.472067072326 441.503475440009 427.547114306112 415.488865046128 405.896198763208 401.871059581856 399.384002529323 394.96671637363 395.636657665912 403.177151069096 414.510551604766 424.755169067938 435.675225553697 448.951038971728 459.361124180613 466.269071257804 469.959177236224 474.021153165536 483.507852820004 504.673116188524 534.459309195047 555.897812533061 552.043640618795 548.05963983247 554.577942060597 560.571228447331 554.43347703347 539.592950200187 522.116839928488
277.135299221308 285.296831189754 292.73690780166 309.203364933474 325.196250163528 342.072822672365 359.451692388907 382.179991659294 403.971017724174 418.608633725224 426.211906800001 431.443011023941 437.820448879533 441.775922463495 451.184670127796 474.234111576807 493.161921787008 511.453059423548 518.724170889376 529.727789281626 541.216801437169 551.234012263844 553.301750675897 541.538173783863 525.014664681487 504.945157766699 483.100694130068 463.059780005639 446.125788576241 431.792718959995 418.860651202549 407.909513468326 398.737321714628 387.691786487784 383.38254608027 385.299133389533 392.493862161073 401.406095875028 410.387303304559 418.286819972883 426.283641213947 432.5875449 439.464768469387 445.147987635298 452.3395372259 460.735349588533 475.751651743967 497.06159896 518.333439213729 525.075926752992 520.788579820959 529.647721559757 538.527088349273 536.174985772013 532.660448052261 526.318282452385
286.045498629006 290.217142866002 294.408684219999 307.962160328895 321.209087709496 335.887515575894 351.860958556772 372.886507063312 395.866709379999 410.501412396358 418.578307961968 421.045002899074 421.250989132364 413.935178799998 419.2813624 440.161282920636 456.236791518846 478.763227784571 494.857578832055 509.002551788048 519.568185434784 533.273532064777 546.309965878223 545.681296792356 530.601992626102 510.358406278582 488.308977296071 467.2490269054 449.50189814752 435.334788099736 423.46322281897 409.369482671841 393.477508977498 377.82404310386 371.46359316 375.121548860001 382.574760846692 389.495009480969 395.725069710491 401.73876999809 406.641467920001 411.475949216152 416.7660163 421.030189293261 426.82172058272 430.704255660736 435.880904869218 446.931018641113 471.519249205963 497.635066043543 505.433943948629 517.995922678315 529.004772134144 531.463540664806 532.947501491029 529.933266842047
288.747904114624 292.060666975955 292.781587159982 304.871113500052 319.919855254706 333.473080663402 348.707085904207 365.584952223507 385.241968279998 400.784495862957 408.280486874397 407.091751859998 401.625725135489 393.136827403827 398.063494187017 415.424101892128 431.849791999999 450.356193297492 468.18767406762 487.923876711378 501.018811609367 515.143811063061 535.267016485032 543.499073202085 531.18151775546 508.54649874057 486.476854128763 467.901764519998 452.350405756455 441.359803000021 431.462479741564 416.186387475356 393.511213519993 372.90172053846 365.459528385643 368.216361931806 374.510491684623 379.984817550786 384.295029416424 386.982468252324 389.765559296451 393.340072055873 398.2658135 400.999614559999 403.716850211827 403.672096947728 403.156596052663 392.709516924129 406.608220565694 446.341303075015 481.24226692022 507.934415381206 525.504967585314 536.315714105067 539.10723452 534.979040260209
304.743271797371 308.369277690981 297.198588521896 299.213304943458 313.038078310161 332.079667580746 341.077679029218 351.380558843368 369.170748679999 383.518905314091 389.807776655712 389.350677427991 386.513825144159 384.303369357082 387.657618822208 399.020891655329 413.946795456365 430.026666440002 449.294933413899 468.166960919348 485.714112464152 503.431093561449 520.068839605594 525.523792147285 516.413085609324 499.174006859654 481.98313193153 465.935113803414 454.399897070117 447.117012400305 440.66376082 428.978827580749 402.641808928557 382.276324780821 373.53131773215 370.261581377844 371.632286591724 374.11732575911 375.824850841179 376.187974388407 375.327171133278 378.51616652605 384.231532484653 387.305020670703 389.042247138157 388.389765362364 386.276073956613 365.168283064144 368.740046750264 417.702626045616 461.214630441995 498.427856977132 528.645793464797 545.675504905537 549.371484245681 541.114095275133
299.800684770049 297.957188387409 296.054472976555 296.039322271259 303.116410698281 322.554997861991 327.397335555367 336.099586379726 350.267603456138 363.076996340526 369.09535393671 370.63246359776 371.583344150749 373.640564978286 377.752933372988 386.181083332311 398.298114637606 413.574023154196 433.703932800007 455.02950414601 475.297687917593 492.644380728187 504.289666186947 505.701114269371 497.566127520062 486.655960303032 475.259958917683 464.588270036497 456.937891854135 451.901729106469 446.644290344699 439.064440626418 418.881464943463 400.775284430204 387.348472625909 376.854174434759 372.467756984855 370.528528946543 370.306414194145 369.258599201115 366.99519292578 368.751532540074 374.719372210669 378.884579599369 382.462329634071 385.081659403872 388.78506809997 391.346524750877 405.154262105065 426.867386475888 456.012352594834 491.874328278069 529.308001758471 552.502567403152 559.797603285496 550.47164228
285.206150563581 287.455162359213 293.318958889156 290.85410081138 293.842996336874 306.719284224603 314.7234566802 321.621429758043 332.291497402007 342.996454240001 350.228391724067 354.501087010193 358.184100892252 362.27837659431 368.308470484554 375.813431681574 384.78875959854 399.021777662547 421.366777096913 444.238339960001 466.610415748724 482.550093433053 490.298520967161 488.540237239997 481.889992993909 476.980482567535 471.973769143753 466.312588806263 462.135802717405 457.091726899999 454.014776804654 449.046104068633 434.237544366571 418.19337506645 396.715511664912 382.596202541196 373.22509098917 367.06860325814 364.753800094223 363.76861742 363.628454354947 365.832066471953 370.934200057007 375.856890328036 379.805728460936 386.74599421047 397.135242002251 415.461331262783 431.98089355909 437.710810440527 451.535016857119 475.436335592237 511.108313605692 548.783076018205 565.200960071929 555.677789118839
273.669918935619 273.593784453476 286.130935009339 290.526211292329 289.16073128214 292.246000005402 298.981666698135 305.777177467561 317.19043806 327.8341428068 334.587289346044 341.024808926566 346.325496262664 353.823843152174 364.431474756904 372.571931521476 376.351672847631 391.34741153821 412.984249921596 435.994574979681 457.718222532488 473.300248260002 478.55354358 477.562618907083 474.500583913878 474.064469697181 475.059143966605 473.885245118014 470.513861326362 465.448660099998 461.561154796776 453.28334604529 438.633162699995 422.004034676857 402.433389189496 384.768576824288 371.679197189579 363.858224974867 359.075294160313 356.59035962 358.748801907802 363.703383563979 370.241057869346 376.733269713404 379.863719115943 384.27094056859 397.186725740006 415.83179462 429.657256933925 437.897767997492 444.107439810847 457.021817622266 490.028726545814 544.511968104684 564.617081175762 548.273259085198
277.028994398932 269.398093005064 273.407306430514 281.306371412278 284.404565130512 284.283571010869 288.642327969119 297.411856288805 309.347640889445 320.321446219837 325.353309912307 330.901658982354 335.810723551212 348.632130424261 365.999198411461 381.049948262596 391.025026023183 400.06247311414 413.002041353636 428.17295622409 444.418677375974 457.553958953062 465.415484716252 469.945624190311 473.559332343208 478.283789736334 483.5048857883 485.167018452898 482.342197909869 475.333884564745 464.986711142539 453.908943341177 441.329538599995 424.61746068 403.979151451092 384.068911435904 369.011932882457 356.522818700361 349.112955480864 348.710720914463 355.975742877284 362.281731865993 370.845555446742 380.717778581473 384.28994454905 383.822164961806 394.74452410925 414.548197659612 426.609392908664 435.533605277311 443.083851129156 455.669784600006 481.4781796928 526.295550134252 543.757928528109 526.96809752778
277.780666523758 276.827441684834 274.273543358013 273.815022992653 277.954976028415 283.465811527384 289.003934671498 294.795552732583 302.308843255377 310.344856714912 317.345725154947 323.459164081238 331.816484450039 348.775147120003 369.634134173774 388.693435586225 403.88079429242 408.327787244802 413.271458050959 419.846687383277 428.364064718521 438.406114300002 449.073533001534 459.876565556977 470.539678975452 481.821810637101 493.348750757167 496.691601172221 493.412443579999 478.196663633103 471.749727888749 460.423344066074 447.668561299995 430.155735748451 404.76025718604 381.428432494341 360.121280942204 345.926465895713 344.512973283931 347.303460418008 356.261779580005 365.39520871811 376.207836880003 389.632999642105 399.998325680426 407.011592740004 415.682932152854 424.399662351166 426.905192299215 431.053193948177 446.112148405546 467.744778608218 483.668648700055 501.532592946913 520.970942085052 531.263252845663
281.956738542166 283.03526944715 279.018404632942 275.801271692168 277.317551560003 284.434308616103 287.708188653727 286.917707336142 290.76684814 296.966922667293 308.12248594176 321.329135479659 337.006123041492 354.639292382103 373.561104613096 390.127966524093 400.344313370162 404.117028050124 403.813054237068 406.3551884 411.923282759055 419.495455600003 431.627223618613 446.978662267969 462.471207849299 476.95768821134 491.011127140004 497.244717426654 496.376401752999 491.033363448041 491.26614758 479.748713506633 462.153272908844 432.925840882622 402.906819871352 377.64604378387 351.988632331858 342.974007255314 343.807335955912 345.267092702643 353.016555226311 365.871869380116 381.492045198188 397.333081022705 419.378853168424 450.118743746116 458.233445305387 437.421366015244 425.073864408755 427.637422000002 445.205420802953 472.664205593698 488.406621660001 497.262835333946 519.63242882718 550.145659865993
289.424980480001 286.843688401328 281.067377155562 280.865604389763 282.314460984567 281.722370668972 281.055225785734 278.83692078894 281.843444364575 289.277442659148 302.706972034067 321.692345104717 341.772197937687 359.2150151085 375.721680751672 387.65309003587 394.097442321022 392.725152035697 389.203211510372 389.024055430098 391.624064199862 397.906331500001 410.4928684 428.721912370621 448.269123561573 461.644135622759 470.95259126334 481.786742178948 493.77711760295 504.259915315064 508.570472160277 486.440039751585 452.281322984568 424.406203792191 399.711888132957 372.162396280268 348.49071186273 340.88323011382 339.246484531944 339.57064096 345.474166839864 357.770305733958 373.740150622594 387.217436494538 413.088262884026 450.87890094662 457.653815098694 429.741639420144 419.92661924403 424.494102852663 439.688258159996 465.022937320008 483.929010786626 494.911587497988 516.552785188058 543.980732670197
300.58372600223 292.772152017426 283.933236837008 281.108221617089 278.008098938947 276.240414604612 272.980076034902 272.52193651644 275.736301194571 284.100130923254 298.842424876598 319.406009464793 341.41873300139 360.362648860746 375.53673644128 383.829227734955 383.815775058634 379.816395501019 373.173830569368 370.489961407088 369.752998973415 374.058490155439 384.846671557461 401.795015939487 421.72985112925 433.568344385291 441.552230994451 460.151952102135 484.678340752025 508.585929130297 531.016673183589 528.681249938448 462.143134488421 427.972945959418 400.197605269513 365.706749364362 344.838388377111 336.467966121698 331.193436819643 328.302886847767 332.157078006936 340.691542529726 351.730260144784 365.678925480101 384.03077768979 400.968891723981 408.062177363943 407.16493264783 409.59575976488 418.86973589586 434.777367631142 455.420430968357 473.005113041862 486.483147379839 507.896254941098 530.203562700519
303.171971079429 301.720955534582 290.094036476907 281.009578260445 281.222131615786 277.18065108 272.957009123895 270.695388060001 273.620604037335 279.4990202201 292.844516566595 314.935075418615 338.763063247859 359.282027549244 372.334796376331 378.80773706013 376.693557854813 367.845805589496 359.805855859998 356.314166896601 351.748753827759 351.659054416475 359.810320608765 371.050771338459 382.580321778329 391.232051473023 406.818602580078 435.081087765585 470.353779989706 506.022122262863 543.216233715205 526.487614131509 440.666910316228 425.4386617379 388.45841252688 352.006086077927 317.27668059149 313.42186976807 315.891235874855 317.62787976975 322.074498227249 326.32561794966 332.355819266468 347.443007617402 361.117940823944 364.832809218659 374.583662421801 387.053032899756 396.857713841102 410.571114461773 428.309510014096 448.057147811227 466.720444193073 -9999 -9999 541.38285646226
298.510501799396 302.621192158865 298.134087990358 289.686107163072 280.662952979998 276.691837569952 274.283152956618 271.97503364348 273.130065580098 278.139080160002 291.329486540004 312.980695055177 335.262800427068 354.521859891891 365.542504640495 371.497632400001 370.216671953035 362.950171934677 355.526077591038 349.149339362037 343.658037979602 341.544836870038 341.788788902677 346.189641412826 349.574409630633 350.672224313122 372.359951493456 410.478697137673 450.059131745481 487.07157842001 518.889343127848 483.927056366514 435.256709560692 419.415373549584 369.368299003744 322.575067384215 285.660493876507 285.495098097682 299.921922793245 308.27597112319 314.426182400001 319.757118108162 327.484936211447 340.468527587909 352.529033280993 361.139656798705 368.771535128552 377.112853148203 385.658406576725 402.586742454434 -9999 -9999 -9999 -9999 -9999 -9999
299.573616953217 298.10397583728 297.738203001344 293.936046829185 286.641664694732 279.556256793533 275.375063636394 272.275563983319 271.086823542862 274.378043515109 286.794818542329 306.247726633744 323.761479241982 338.986629066042 351.59180370495 355.798784797502 358.978457760886 355.38105705656 350.200685867286 344.88702573479 338.25941332724 331.881728427818 329.953144136523 333.675630999984 337.298158733896 341.077130465201 361.47112685432 393.065884382929 428.316690547964 460.835532538694 482.222966165347 440.070230600819 413.256364892963 392.899445761915 348.031680889035 295.880946765114 267.879019160757 277.050497908899 291.338676131435 302.940851700001 311.709980832129 320.038063580189 330.287233268064 342.854550392066 355.775751123999 368.72644664197 379.76616126 380.956626037904 381.517256680641 -9999 -9999 -9999 -9999 -9999 -9999 -9999
298.1253759 294.95533862293 292.490265111394 294.711152117402 291.845308445974 284.003411048078 276.474935447932 269.144420319918 264.922269814374 268.065888031332 276.401999434072 287.837823096443 300.88068083912 313.597608388301 326.18700715971 335.93415589776 341.493914892405 344.351894155145 342.933867334648 341.449495299999 335.455445531826 327.644220219789 321.924252394503 325.352352468802 333.465868930719 339.401823505222 354.388190803372 381.283687448046 409.678306079458 434.316576667166 448.831296995683 430.587243623155 405.017958215273 376.308446402234 331.173460894374 295.208262744722 276.604866616103 284.818039597509 294.530368920002 304.614837784967 314.153480055441 324.315472200001 335.933108980405 350.257515505308 364.29595034 379.207215760003 391.199208275165 392.869038619385 393.537517515317 -9999 -9999 -9999 -9999 -9999 -9999 -9999
290.940764993279 290.143672319999 287.737720983648 292.066660001496 294.660090674753 290.914915578735 276.280532648154 261.700308857027 256.711795788388 259.627110013302 266.043372454292 273.006955109572 279.345223051805 287.273703297528 297.040535273977 309.902839777888 321.685171446332 330.126699043229 334.356216075652 334.981812342239 330.217687919999 323.60510711938 318.097246120937 320.992683450392 326.455878427775 330.452666547822 346.96062950519 373.914792433422 400.487004720005 420.61115057068 429.460041713578 420.680126831336 396.890550033043 365.018626174336 328.563550278842 303.949717417479 294.303311076911 297.020573601098 302.707484389234 311.59285168088 322.095887508507 332.939608297881 345.207220560003 359.110527603369 373.063752240001 387.575472210791 399.35422697523 403.624375303398 -9999 -9999 -9999 -9999 -9999 -9999 -9999 -9999
284.516377066736 284.451484100424 284.64649168716 287.508287628217 290.218688777889 291.108670636008 280.298409024279 264.581046090495 255.474674973821 254.682629524205 258.228990949024 262.480331020001 266.23566065008 268.05356398 273.082924057855 286.196628812583 301.660682908866 314.148001302763 323.903590831645 328.029146341107 327.663267984448 321.218930387443 314.951096612671 310.345402259205 307.318532379798 313.910828118404 338.149705751313 370.24923296603 397.755358127814 415.590075260977 419.79540913659 406.068243363264 389.62160177401 364.204873150196 335.840295708485 318.50287285289 314.363244059639 311.003811778634 313.375521902712 321.283360595764 331.299446128819 341.582974456268 353.993698625084 368.418306007975 382.692113098977 395.047659500003 405.342045352875 411.10338828 -9999 -9999 -9999 -9999 -9999 -9999 -9999 -9999
276.700816919888 278.432349986326 279.58895658 284.390703709136 289.50058595896 291.250402208961 288.605307746035 276.006887937513 259.42138523217 252.625966222562 253.148639734732 255.65879522 257.96400908 258.539077355084 260.217217162802 267.57235326596 283.064634175436 298.107793495557 309.960654840002 318.054419946316 320.949258853098 313.871905509817 303.795862983857 292.379335480715 281.72593704304 292.675571714023 329.256154330288 368.496993548306 398.330240011582 413.814929560004 415.946543241874 397.774325115796 385.622233592205 377.721766204351 350.645562644893 335.865669813006 329.556025262226 322.384111823145 322.967099111356 329.563233632404 338.431360349132 349.173934045855 362.202221342582 376.657248161397 392.258617267941 403.565352800003 413.924708080003 -9999 -9999 -9999 -9999 -9999 -9999 -9999 -9999 -9999
270.633641473488 273.210959773887 275.647231317143 279.867870384054 285.78167300525 290.686495651627 300.151236129427 283.510353791155 262.902547843464 253.112662642922 249.802724477284 249.890993320001 252.467311121726 251.914668798672 250.546732097214 252.365458897882 265.90374382 282.479788179197 296.192636940003 303.814616772788 303.470478279997 296.733405421863 295.619369232852 283.756152873384 267.642918590818 279.72730766767 319.324109330873 359.576562908516 389.56755866466 405.819716949896 409.371611972735 393.711520934147 382.041650833745 394.673770933453 365.693169077526 347.774028569786 338.077671960769 332.29451515649 332.624757728644 337.512214578086 345.605695710563 355.479426449841 369.338360108808 385.582404009368 402.262831891037 415.093850631438 425.013213231837 -9999 -9999 -9999 -9999 -9999 -9999 -9999 -9999 -9999
268.000237179409 270.652560789065 272.923711220032 274.694625820001 278.799681713695 282.551736141151 293.572091585352 293.445538911127 275.01310220549 251.655354251626 243.523930899998 240.484333843318 244.007961012808 244.77400718059 244.539080816747 245.361037644105 256.900419748081 270.834945016556 283.228852640825 287.598797555762 281.496857576616 272.379487823813 269.240199822269 268.294639086847 266.03270766482 276.716606789365 306.493223067439 340.879362104079 368.65950446178 386.057910535045 394.429521043872 385.987509087581 377.295771894598 396.073451795004 371.680480272102 351.983915202424 343.272452786534 339.538538924924 339.69443813839 343.836196700001 351.197473279513 362.628811217038 379.472198860003 397.233595338034 413.947097453956 427.932451670118 436.661078708379 -9999 -9999 -9999 -9999 -9999 -9999 -9999 -9999 -9999
268.21210312 270.655312555971 267.751595774385 266.61236457043 269.275771897556 273.8191886 279.618984153852 284.799930995674 271.462093851484 240.77763577911 225.401520206906 224.183007732787 229.809978926812 235.668444792529 242.645861199244 248.169021877876 254.561461969197 263.261999143834 271.186325839325 272.359308992591 267.430065519382 257.816405837097 250.690779989354 254.244723000002 264.376838017044 276.18808645553 295.546137559544 321.590775456245 346.508179717123 363.562384364869 373.365490172609 370.9479985975 366.851034677745 374.113291545667 359.063249300462 349.596553629281 345.60924068 342.907956953169 344.212465040001 348.604217000001 357.108735409663 371.806933682188 389.188481965564 406.809711253311 424.532180798949 440.780630640003 448.662823222714 -9999 -9999 -9999 -9999 -9999 -9999 -9999 -9999 -9999
267.085310993616 267.531592270069 260.051550069362 255.528788192127 257.458386318585 261.576456530711 264.990286470651 262.345823600646 248.187845634906 220.284950778054 205.466251237544 208.253897019227 215.249281049357 225.913840411744 240.0417461591 247.778303549808 250.746736956322 257.599745835483 263.50543360252 266.045046837682 263.714321843995 255.784088639492 251.516263864837 253.008021013793 261.039698410702 274.67697066634 289.087228663085 306.419317155463 327.913542106708 343.696686864775 351.76071217238 354.259417889563 354.794935776114 354.549976425971 349.919921914398 347.507592706857 347.75209748 345.807186967752 347.728408127544 352.554354282076 364.284361468861 379.790596283603 396.096125353223 413.115877180005 431.20460696 449.273969652525 457.350395275585 -9999 -9999 -9999 -9999 -9999 -9999 -9999 -9999 -9999
262.642339220973 260.729411384166 251.257381217177 243.37451346 245.791496897917 250.623536729816 249.335955035465 238.714537790554 225.060233411752 207.424745963277 199.493201635834 201.60611057903 206.916227036206 216.804103669586 234.258625185139 244.020853039862 250.754755209164 257.467236663566 261.804145094632 262.959509953751 262.09781660694 258.327746924257 256.386309996113 253.798889022363 257.721607238428 269.048243565837 285.471767865416 299.936041957967 315.360507887091 330.925620190652 342.360010501385 346.897285599447 346.222028150137 347.612009294765 349.485421659581 349.153513340929 349.02371885935 347.663506890835 349.755084918981 357.563772281989 371.317322030702 386.420503520001 402.223519700003 416.733625863896 432.496580813196 447.637716838476 454.205572613745 -9999 -9999 -9999 -9999 -9999 -9999 -9999 -9999 -9999
