catData/variables/pastClimate/lgm_CCSM4/bio11.asc
NCOLS 409 
NROWS 350 
XLLCORNER 60.897278365 
YLLCORNER 5.843756025 
CELLSIZE 0.0892857 
NODATA_value -9999 
[rows 260 to 285 of 350, columns 174 to 231 of 409]
19.119126401564 19.0691820109486 19.2216346701871 19.274884235363 19.249998414174 19.082252364 18.8703319420261 18.5083236548737 18.4028770882263 18.5331840853368 18.6953678962133 18.698269142 18.5733789059999 18.2525242297268 17.9915882515866 17.8013659939268 17.5483160804865 17.792758616 17.955313558 18.121329976 18.2719644874274 18.3829460625275 18.1640880067448 18.1520047810915 18.0086031084306 18.4552550718557 18.8602878390419 18.933912154308 19.009885704228 18.596504743023 17.661197319713 17.4981419494628 18.6759115758006 19.393986984036 20.0824230447292 20.6955210642139 20.880301858 20.9 20.994587538 21.049938968 21.1528041547146 21.1922788842646 21.1989389476294 -9999 -9999 -9999 -9999 -9999 -9999 -9999 -9999 -9999 -9999 -9999 -9999 -9999 -9999 -9999
18.811594167491 18.7105069720001 19.0474689459107 19.0952882260132 19.03394571 18.9813730743172 18.7100574317587 18.4103134743238 18.2198977395935 18.4125896524891 18.539236588 18.587566282 18.457764327263 18.069879558 17.7467647569021 17.6410292539693 17.3087032986633 17.4864587634499 17.7696615812326 17.9298083586848 18.0258381713978 17.8826697880784 17.7429407519999 17.7326019592912 17.9332448634564 18.337406946 18.5250722519999 18.4997251039521 18.7623522419412 18.3680892279999 17.8512294126867 17.448742145387 17.7209249278285 18.9665127346045 19.8758096243371 20.541904828637 20.824950428 20.84464857 20.9915916628848 21.101730378 21.2 21.1928490591326 21.1656915467848 -9999 -9999 -9999 -9999 -9999 -9999 -9999 -9999 -9999 -9999 -9999 -9999 -9999 -9999 -9999
18.6681541982039 18.6458295021618 18.8421928290967 18.8165767066994 18.77501146 18.77501146 18.4696881995043 17.9833162171569 17.9026728737041 18.2841491752828 18.3729816566434 18.4346931849281 18.2339711152127 17.7384416194976 17.373182298 17.4045626477316 17.2953129309445 17.4268276559098 17.6064752347639 17.671390768 17.6547641724722 17.1495159711018 17.145676251699 17.4935658906203 17.643933239889 18.0773911589144 18.2147345376017 18.2975686829678 18.5488269064627 18.2541718178932 18.1654546459716 18.5993842771493 18.8472892563699 19.5770737718843 20.2694922460001 20.3740897031408 20.4176464480465 20.5889781570065 20.6834686832318 21.101730378 21.2 21.2 -9999 -9999 -9999 -9999 -9999 -9999 -9999 -9999 -9999 -9999 -9999 -9999 -9999 -9999 -9999 -9999
18.6394586493245 18.6880385139797 18.6668417686419 18.4986259985879 18.42145156 18.4624495854019 18.1610053799998 17.6540240021953 17.8587282483369 18.1938172256194 18.1644945278585 18.2584693834894 18.0921737868372 17.5529965848884 16.8537192825996 17.1121902588811 17.224246494229 17.3574392388461 17.3753817229248 17.419599358 17.2827210183792 16.6567605989686 16.7819341720001 17.3588445976647 17.43036289 17.5851131103603 17.7730463474166 18.0168309898876 18.2183876548289 18.399771685752 18.3918334636002 18.8830908006565 19.5015696789791 19.9766330494251 20.2311775090167 19.5006659454437 20.0638788578128 19.983925559181 20.2063752315334 21.032093268 21.1365419425792 -9999 -9999 -9999 -9999 -9999 -9999 -9999 -9999 -9999 -9999 -9999 -9999 -9999 -9999 -9999 -9999 -9999
18.4106017111206 18.4766414636964 18.3274610972452 18.2230290739376 18.029941130957 18.0969573060235 17.9916395310121 17.7758774859539 17.7619149702086 18.0116908699459 17.951852082 18.040722386279 17.7010451206625 17.3948531617362 16.6748557531513 16.9302562401707 16.9350793255704 16.9845693815809 17.06966015 17.0833306242484 16.9455183187321 16.4137169857127 16.3826807599199 17.0079100576741 17.0928802 17.1717926183649 17.3126875373844 17.5690084647887 18.0689252374613 18.8233495091149 18.8406242929241 18.9822958799258 19.2997778880034 19.4927647935608 19.9680378576827 19.5627414606453 20.1103974350499 19.6410518211956 20.3605358382958 20.8508276447265 21.1020603656562 21.1355171713244 21.2 21.2535673972856 -9999 -9999 -9999 -9999 -9999 -9999 -9999 -9999 -9999 -9999 -9999 -9999 -9999 -9999
18.2235240508421 18.1827549241921 17.9124740239729 17.803293712512 17.9511743920638 18.0522618753549 18.0233697052583 17.7879683082568 17.5009909470303 17.5637942978039 17.5651789357113 17.2435817952981 17.1640652970621 16.932963571306 16.6694781340001 16.9 16.8311300046093 16.7304141899921 16.8350593872344 16.91607721 16.7840443739999 16.5841081142845 16.615993258 16.9542607992666 17.0793807022966 17.101730618 17.2028532089539 17.4037502050905 18.4805440790021 19.098147558 19.098976026024 19.1551049705893 19.5932307868101 19.8130019301843 20.0153276634263 19.9723466182532 20.4272456946893 20.5126850584181 20.5003828494171 20.8862095610097 21.0235238621084 21.1025749352784 21.1355128033349 21.2097433481038 -9999 -9999 -9999 -9999 -9999 -9999 -9999 -9999 -9999 -9999 -9999 -9999 -9999 -9999
17.92680311 17.9213884425663 17.8955523641163 17.9257523664501 18.0899057490209 18.1337774514665 18.033983342 17.8471446637585 17.4770307859955 17.248547671249 17.1406659355038 17.1015762167421 17.1652373450119 16.8957070697017 16.9004945570405 16.9358758185486 16.8363429879147 16.88213126 16.9384838135367 16.99106563 16.8590327939999 16.717906372 16.844495339447 16.9852015066144 17.1807247339387 17.1959482443692 17.5297615830136 18.2153398199418 18.8631064412334 19.221367608 19.3184740722422 19.4614050886802 19.6052402304708 19.8948699907587 20.1540455676024 20.3843974945741 20.4983749406636 20.357482872594 20.7495195656683 20.901730378 21.008873218 21.1 21.123158898 21.2 -9999 -9999 -9999 -9999 -9999 -9999 -9999 -9999 -9999 -9999 -9999 -9999 -9999 -9999
17.9227447064957 17.99820847 18.0349829242528 18.141005078 18.1474662899705 18.042917712 17.935774872 17.755472534 17.3017184804759 17.2863284182078 17.203620452 17.1982394788403 17.1820936290381 17.0139380669168 17.0968318472047 17.037604034 16.935653528 16.99820847 16.9991352416905 17 16.9976345921332 16.8514090940548 16.958812666 17.085653408 17.1944908164192 17.3982095670813 17.5621142060002 18.2803684267836 18.7944280820001 19.1618526169736 19.3742188008521 19.4560172158081 19.4543867906092 19.7961582200001 20.1974746647327 20.517685524 20.6770716961234 20.6932837440039 20.7941996744781 20.901730378 21.0001589663624 21.0175206555161 21.123158898 21.2297588732732 -9999 -9999 -9999 -9999 -9999 -9999 -9999 -9999 -9999 -9999 -9999 -9999 -9999 -9999
17.807105688 17.8871892269304 17.969539286 18.139236828 18.2001852599976 18.09075419451 17.944685962 17.8336281304676 17.4798447309563 17.4046794625548 17.315824990066 17.3034352048455 17.1867247101769 17.10535131 17.10535131 17.0431253083779 16.9 16.8132102406444 16.8060445138444 16.9557230703331 16.9981814331781 16.8615114413785 16.9670096017996 17.1849206357118 17.2208259904458 17.5148121311387 17.790629695019 18.287393414974 18.6748287240001 18.9962572440001 19.2842485225803 19.460641588 19.7664016420625 20.117746676 20.3320323560001 20.473159018 20.580301858 20.687444698 20.7895258656202 20.8948338857819 20.9137496945979 21.016016058 21.1 21.1638465558716 -9999 -9999 -9999 -9999 -9999 -9999 -9999 -9999 -9999 -9999 -9999 -9999 -9999 -9999
17.5327601705877 17.6606049160001 17.874890596 18.050159046844 18.215956106 18.253620332 18.1299810514489 17.9320461965806 17.5035992936896 17.5108648597071 17.5249883 17.4200119819948 17.1441387617227 17.21249415 17.21249415 17.1253735005702 16.9203098582859 16.8790480097159 16.8762865559964 16.91249415 16.9620141874209 17.0149277323002 17.0852242688455 17.351409312279 17.62395316146 17.8394359319559 18.6735615343055 18.7894601502966 18.8636435391193 19.1582988848315 19.4857206368156 19.757081808 19.9094918599842 20.1251023991598 20.3362783456965 20.473159018 20.5702688234087 20.674950548 20.68750585 20.8032445599772 20.9886144831667 21.016016058 21.1 -9999 -9999 -9999 -9999 -9999 -9999 -9999 -9999 -9999 -9999 -9999 -9999 -9999 -9999 -9999
17.6059934343879 17.6153804453528 17.815979626 18.0565326106008 18.303461956 18.3642482735066 18.1541876905297 17.796333506081 17.5709332481657 17.7141643360001 17.7578482196359 17.6740665787629 17.4072782376222 17.28036301 17.2849108147419 17.2453460075184 17.082191932 17.0554691669286 17.088902701392 17.055425962751 16.960293924599 17.1247484878225 17.119697902 17.2577183222695 17.9221864480284 18.7458566107165 19.1462573640001 19.4262179314901 19.483885158 19.5969783943897 19.6883956873353 19.7901810777135 19.9618888107192 20.1731351010086 20.346379188 20.453522028 20.4961318778253 20.587444698 20.6185741453783 20.801730378 20.908873218 21.016016058 21.1045477104844 -9999 -9999 -9999 -9999 -9999 -9999 -9999 -9999 -9999 -9999 -9999 -9999 -9999 -9999 -9999
17.636723252329 17.4083926075707 17.4811025945896 17.9081014875567 18.3173154239658 18.5014199563749 18.4215263439999 17.9733786395797 17.8123943203976 17.9585920059885 18.0495969975792 18.0716851999999 17.5465893122825 17.2042892016483 17.2437371659426 17.2778126644666 17.189334772 17.15066095657 17.3909453187767 17.4381791657934 17.1841872294875 17.253437836 17.2483219873308 17.27450887652 18.2008868238508 19.0062862387415 18.9974833888377 19.3436915344932 19.0965165424283 19.2739538379505 19.5077208632084 19.6091451089867 20.030240826 20.1698869881683 20.283695198241 20.399938848 20.4855769869408 20.6108622394685 20.6960369861224 20.8012669857133 20.882093388 20.9935253011051 21.123158898 -9999 -9999 -9999 -9999 -9999 -9999 -9999 -9999 -9999 -9999 -9999 -9999 -9999 -9999 -9999
17.6954597947874 17.3957742443414 17.237374232871 17.8712005241744 18.3388187929548 18.617747636 18.6351505231151 18.382289516 18.221465672 18.2892131880001 18.2696812287943 18.3580167435049 17.7527782025785 17.2621289286753 17.23215466 17.2629926242445 17.33458470237 17.4399918814986 17.8966316209195 18.0062166771643 17.581985969504 17.6050587596658 17.8040484185382 17.9279956984968 18.5997645132524 19.0160090346647 18.3589472085005 18.8193131287491 18.1144081315859 18.702972686002 19.647286980169 19.8471756677479 20.1537579698741 20.2538940781677 20.355088795581 20.473159018 20.5272405342932 20.679148489665 20.7 20.8 20.8118832504606 20.9605217114977 21.123158898 -9999 -9999 -9999 -9999 -9999 -9999 -9999 -9999 -9999 -9999 -9999 -9999 -9999 -9999 -9999
17.8494607867542 17.5787237396808 17.4366904308106 17.9832387357309 18.3465677521127 18.617747636 18.7931267352927 18.6516303369671 18.5348052466416 18.4670024747355 18.4808756279718 18.4914379223253 17.9479685819624 17.310884876 17.0779555233771 17.2319721640001 17.546709634075 17.8569602240001 18.2393632372272 18.3716718241219 17.9966314976771 17.8677425195405 18.2506650439157 18.850109619518 18.7796873762329 18.4136970568921 18.1867897865237 18.1148721745681 17.4274530782629 18.6545190061946 19.853399964 20.1119306768453 20.251730498 20.358873338 20.4271098801782 20.4841814041473 20.580301858 20.687444698 20.7388428548762 20.84106551 20.8551681137749 21.016016058 21.123158898 -9999 -9999 -9999 -9999 -9999 -9999 -9999 -9999 -9999 -9999 -9999 -9999 -9999 -9999 -9999
18.001889114 17.8157342360449 17.8921647193632 18.2139038471235 18.4533392578654 18.6857822397602 18.8484161244531 18.7889499908541 18.7869207821612 18.4497694110631 18.497977390449 18.5372368712561 17.8469855369486 17.1304892620908 17.0574835100041 17.3537232033113 17.692041998145 17.9855553440001 18.4316765401632 18.6928334 18.6244514156938 18.4403100683081 18.5520259261553 19.0363249189269 18.2065001547736 18.2923052388521 17.8159213329306 17.4156015329657 17.7292861829125 19.0525479683333 19.9906996250817 20.192796008 20.2750004284674 20.3304914731603 20.4496331381469 20.535268755454 20.628510208 20.735653048 20.842795888 20.94820835 20.957081568 21.064224408 -9999 -9999 -9999 -9999 -9999 -9999 -9999 -9999 -9999 -9999 -9999 -9999 -9999 -9999 -9999 -9999
18.1346702023249 18.1131287991023 18.2922878179159 18.3613422500363 18.4496564881568 18.6807587968615 18.8472064738013 18.9078298074821 18.9465564183192 18.5665272466205 18.51070238 18.6430181055014 17.8787942402398 17.2036740712404 17.1545425313609 17.3205730424436 17.5504219143944 17.9644349518611 18.3706780086062 18.7861801800929 18.8634591270416 18.9334676315927 19.010501736838 19.1869359464446 18.6937914291757 17.5261946438881 17.5507915657913 17.4198879972021 18.9902442887562 19.7534709740844 20.123413558931 20.189236468 20.24464881 20.3098229963515 20.4508428058846 20.6136534050553 20.735653048 20.7943942070651 20.894587538 21.0009577848145 21.0593129762457 21.116016058 -9999 -9999 -9999 -9999 -9999 -9999 -9999 -9999 -9999 -9999 -9999 -9999 -9999 -9999 -9999 -9999
18.1230325913792 18.1734913103866 18.4608463737657 18.5569125270145 18.5564517572682 18.643449044517 18.8320333160001 18.973159498 19.0501841672004 18.3301772075895 18.4614832773813 18.818064628 18.3673069039607 17.8129967644388 17.8619030243783 17.1125188219239 16.9775197486803 18.0803414495251 18.5310073093753 18.81935595 19.0414842821397 19.1780135567154 19.305290158 19.412432998 18.9166182814824 17.0494316961175 18.4606985095412 18.8900703383829 19.9280133467011 20.0852241315562 20.1468627035887 20.2349463123669 20.32498806 20.4059424144883 20.528510208 20.6630920473434 20.780301858 20.8546477158016 20.897970003626 21.001730378 21.1055452315189 -9999 -9999 -9999 -9999 -9999 -9999 -9999 -9999 -9999 -9999 -9999 -9999 -9999 -9999 -9999 -9999 -9999
17.9698219081583 18.1001081487158 18.3531022590212 18.497777095389 18.6506798197992 18.6465149197906 18.7164245116902 18.8848317425149 19.06658550272 19.0515143158769 18.9618281760884 19.3708921353171 18.4230708332427 18.4505738714912 18.7327049319998 17.6082375386229 17.4380852492784 18.5754889066042 19.0135201343133 19.1481982420952 19.305290158 19.3614871806136 19.3380992328169 19.60048982139 18.8167035479982 18.5111573635179 19.5856189143523 19.8979996775317 20.0392864368222 20.1907382190273 20.2506431587676 20.358812186 20.5056603696426 20.598147078 20.6593183179472 20.742795888 20.849938728 20.957081568 21.0355046708733 21.1397991369216 -9999 -9999 -9999 -9999 -9999 -9999 -9999 -9999 -9999 -9999 -9999 -9999 -9999 -9999 -9999 -9999 -9999 -9999
18.194714682925 18.2444667940001 18.4823098112131 18.5956342578985 18.728510688 18.7631090387263 18.7688886794359 18.8107554051963 18.5522336503226 18.7012627238452 18.7389364696605 19.5951770770349 19.3234170184095 19.3952053188579 19.5303970248634 18.9720482615199 18.9301240274081 19.201290692646 19.1543884492346 19.335653288 19.3921089137072 19.4561714661306 19.5197890479367 19.6786989725818 19.5749522144385 19.6429284785921 19.9644933206807 20.0890769771571 20.1820961770052 20.307081688 20.37677971 20.3290179279672 20.4405469470379 20.7040761161837 20.8274667400215 20.8705471561408 20.895426034303 21.0545844835348 21.171367248 21.2013285792103 -9999 -9999 -9999 -9999 -9999 -9999 -9999 -9999 -9999 -9999 -9999 -9999 -9999 -9999 -9999 -9999 -9999 -9999
18.5480441739959 18.5503057876012 18.621367848 18.6536716831857 18.5809805162449 18.6470491686959 18.7714803128184 18.6158080511336 18.3488959692776 18.5482765792298 18.8372719214001 19.255594318977 18.6565160290269 17.9270460795604 19.7983634032357 19.8787521697912 19.4343664048645 19.426562618951 19.4011499461463 19.146346880397 19.0911925728086 19.4055829526241 19.580302098 19.7608309598156 19.878510328 19.9698539572437 20.1076896724537 20.3543426623028 20.3715684988324 20.4396547206381 20.5678451 20.4412506844211 20.4908445420001 20.801669226 20.949938728 20.98392255 21.051313916931 21.1693486755986 21.1991298141282 -9999 -9999 -9999 -9999 -9999 -9999 -9999 -9999 -9999 -9999 -9999 -9999 -9999 -9999 -9999 -9999 -9999 -9999 -9999
18.41786922 18.41786922 18.455314518 18.473281082 18.3190292251334 18.3981651379696 18.6440042050727 18.0230952407697 17.2452340176058 18.0155438030555 18.60071099897 19.0843635487074 17.7267316818226 18.4381397360292 20.1445827726164 20.0347932490017 19.826816502 19.727641171587 19.4419648487616 18.4945937026987 18.7826781296734 19.4170796583812 19.6534295167219 19.6270590445251 19.3679100822878 19.2795114741245 19.7704394631343 20.1997303511863 20.6032207393404 20.6786108971132 20.69106539 20.6385102652991 20.6859010024948 20.908812066 21.0570815680001 21.09106539 21.0982400478351 21.107812842732 21.1950711203711 -9999 -9999 -9999 -9999 -9999 -9999 -9999 -9999 -9999 -9999 -9999 -9999 -9999 -9999 -9999 -9999 -9999 -9999 -9999
18.2790471190874 18.0845455094067 17.958519011152 18.1607871719999 18.103521509711 18.278413224 18.4689912946731 17.1253507274355 15.6632755800076 17.3352272548764 18.8250446861591 19.3754612000223 18.4191321136728 19.9029077382753 20.6379067876385 20.6673346301029 20.2432737059472 19.8642505911599 19.4921501521557 19.3423135004807 19.1939999939647 19.393117956363 19.1085613123092 18.3239505711588 18.684465306561 18.2163731341647 18.3123080747077 20.27828972 20.6986231884869 20.7297590362488 20.8349821229845 20.8956175517203 20.9472820795441 21.0563446728083 21.0993910880726 21.1718481766632 21.19820823 21.19820823 21.292795768 -9999 -9999 -9999 -9999 -9999 -9999 -9999 -9999 -9999 -9999 -9999 -9999 -9999 -9999 -9999 -9999 -9999 -9999 -9999
17.8177176813708 17.3764756697394 17.6996300298923 17.7899986290478 17.7767066060001 18.0498661040001 18.1107605895812 16.2848416135463 14.8194349356819 16.7934959719417 18.0360468368357 19.1292198537303 17.699440280626 19.5418705755997 20.7480738540001 20.8893105588967 20.5776227497953 20.2781659541675 20.0122212819924 17.8069714435566 16.7136113368642 18.1099104249296 17.1378230663612 17.7247870689373 18.1410451759678 17.5348901797421 19.6131864230514 20.6275754813174 20.7598929626285 20.90535107 20.942795888 21.00535107 21.057081568 21.10535107 21.171367248 21.20535107 21.2813559193671 21.3 21.3996489833697 -9999 -9999 -9999 -9999 -9999 -9999 -9999 -9999 -9999 -9999 -9999 -9999 -9999 -9999 -9999 -9999 -9999 -9999 -9999
17.389892116512 17.0250445138304 17.3967899896627 17.3703195016647 17.2530537823331 17.5215075458345 17.6087840508223 16.4718457330192 15.2092912575128 16.9347192378395 17.874610036 18.1349194521776 16.7088790821022 18.5247462724008 20.2580867305949 20.5333374032246 20.446838433692 20.534933030459 20.3339929675441 17.6117026935115 16.8735222126981 17.8046680393395 18.4642895648868 18.8498286703477 17.3386945896024 17.5759886128681 19.855687417426 20.844526506 21.01249391 21.01249391 21.049938728 21.11249391 21.1577612461373 21.2 21.2577681761353 21.28750609 21.2975389318668 21.3109252618679 -9999 -9999 -9999 -9999 -9999 -9999 -9999 -9999 -9999 -9999 -9999 -9999 -9999 -9999 -9999 -9999 -9999 -9999 -9999 -9999
16.8343098545883 16.4181584541575 16.896407731555 17.1135122799436 17.0570940000001 17.2347847497195 16.9251187512812 16.0995165995115 15.5515036831445 17.018893537246 17.8474838381261 16.536788146458 17.730977781189 19.927049070103 19.8055332944062 20.6438359208277 20.8436618962928 20.8487820098184 20.6664837001653 20.2505658293767 19.9813635399232 19.9006045875719 19.9746178202291 19.2595169022152 17.0842325474251 18.3744917861788 19.8782334068348 20.9681610156025 21.11963675 21.1255870736649 21.1693653727014 21.21963675 21.199320372868 21.18036325 21.1933266818334 21.2143660534671 21.299938608 21.407081448 -9999 -9999 -9999 -9999 -9999 -9999 -9999 -9999 -9999 -9999 -9999 -9999 -9999 -9999 -9999 -9999 -9999 -9999 -9999 -9999
16.6019713870161 16.4807306198028 16.6887189500654 17.283706132365 17.3777178223772 17.7186780230993 17.50563549357 17.2888648100523 18.1110587878624 17.9138904277135 18.1086475349524 17.8712719297515 20.2103935989824 21.2461209684172 21.2162251971503 21.216138602 21.0916059700153 20.88135068937 20.8059704867578 20.1352052683865 19.6326408697808 19.9711429906789 20.2749904086059 20.4008815225114 20.2688968288006 20.6846037191903 20.9421502303288 21.116016298 21.2062019222039 21.257081568 21.32677959 21.32677959 21.2371718092693 21.1693252185357 21.228676086198 21.326718198 21.4123565296652 21.514224288 -9999 -9999 -9999 -9999 -9999 -9999 -9999 -9999 -9999 -9999 -9999 -9999 -9999 -9999 -9999 -9999 -9999 -9999 -9999 -9999
