catData/variables/pastClimate/lgm_CCSM4/bio16.asc
NCOLS 409 
NROWS 350 
XLLCORNER 60.897278365 
YLLCORNER 5.843756025 
CELLSIZE 0.0892857 
NODATA_value -9999 
[rows 275 to 299 of 350, columns 168 to 223 of 409]
551.639270454128 413.61107322875 342.56506456742 321.025486752847 312.015123702828 305.597926978867 288.232989707 268.266561408974 261.003028940841 268.611130639641 283.91091960784 290.504093614157 290.821953543975 289.662226739999 286.099978335958 277.597462036552 281.212674799999 293.178575234975 323.25088104961 354.577840642788 372.54943199196 376.845637071878 368.421619388048 359.49139192417 360.873760321578 367.303213120187 373.863972092084 382.226476020002 396.414860545143 416.010803615563 433.44251534565 446.266480810282 458.415904902091 470.899850342957 486.064743680938 503.378789586682 513.869492312874 514.332656388155 515.082565725845 515.25206285067 503.510942017681 484.188595885529 481.282957999951 486.158187300001 491.836420223758 504.255852867424 519.988585057547 534.278532253882 -9999 -9999 -9999 -9999 -9999 -9999 -9999 -9999
610.628306133482 475.122296167562 382.225876827191 346.971480387723 330.561226991444 319.675383034679 293.979769586203 272.371074727727 266.638989982343 273.698325226477 284.828174912683 289.044347899323 290.075010001111 287.207758494881 279.676334703987 258.341595058602 263.777306760719 280.680608255758 300.663106980792 330.323945552478 348.320652573381 374.519107382282 383.914876704398 372.288280669425 375.775657275499 383.973081610053 385.841714335111 391.958915320001 407.222917780004 426.770612384263 443.903985343597 463.232393724075 470.428289345141 483.571804456921 498.789320140521 511.450561391126 517.609067457944 517.10824684 514.189556102428 507.864068874647 495.630437765886 483.500938599397 480.147665506255 481.639849109924 489.205493882439 503.600008840003 517.561857904815 -9999 -9999 -9999 -9999 -9999 -9999 -9999 -9999 -9999
741.262082406945 577.817956806002 447.177921316524 378.774067410421 347.529581586133 319.337089959997 292.037519118704 277.901714191369 274.233952255319 277.530418195278 285.677775498998 290.57021376 292.253351216902 290.854098045745 285.1878031688 278.090692556039 273.161177651348 282.637727846346 288.268805961367 308.986454214912 325.713240261486 359.346087196894 378.722339186914 377.687209307541 391.56846225398 399.073625452141 393.105006577305 395.654522972272 409.426307028173 428.652659317973 447.451403840035 464.683793076549 475.180863655885 488.36332365383 501.314192271782 511.910124969729 516.67807948 515.790889151249 510.603899007147 502.629531578476 493.791609622109 487.185104570317 482.817222055369 482.698043606682 490.926872582535 502.528580440003 -9999 -9999 -9999 -9999 -9999 -9999 -9999 -9999 -9999 -9999
941.727066921172 727.305150168155 565.085695184601 461.362343026193 381.061813619309 336.587253303002 308.527285683123 294.376046580001 290.351180183611 288.563616866445 290.665518446688 294.384930594528 298.526648022566 299.740295424019 288.880704853641 285.49855053613 280.798487893212 289.549605587413 287.15120498503 298.394480331422 315.977166610072 338.247745102728 360.107856849511 373.444173155594 391.280986021485 401.159682480952 397.533479691709 397.713274914778 408.776976460636 426.503941723884 444.269924307123 459.368688660001 472.293959613198 485.727794688429 497.530704490054 507.676651496655 513.015759553295 512.062193670163 507.472659103458 499.302510978161 491.582346540212 487.661470717185 484.40448101697 486.656437646045 493.185710692549 502.966174655797 -9999 -9999 -9999 -9999 -9999 -9999 -9999 -9999 -9999 -9999
1236.4817492557 937.337582837761 739.690650409194 596.527893894914 441.400012617961 363.739022535762 337.523944179956 321.090993542695 309.611919665065 299.8446849515 296.201693442449 299.70002290696 306.998271784554 307.097136848448 300.086930395922 299.774927869187 297.901450727001 294.331245085114 294.017029714868 305.91808590885 310.860857417455 329.354064094789 347.368393916131 365.028664110214 380.0649430661 391.598811497353 394.149980924255 395.67710124 402.075081159295 416.111029305539 433.06333848 448.990717447565 462.686826217736 475.664725136972 488.11801619168 499.125430666382 505.914688922169 506.821275831577 503.539268119999 495.838577645196 488.521352819997 485.01914314 486.790663445169 492.32240632803 498.71060528 -9999 -9999 -9999 -9999 -9999 -9999 -9999 -9999 -9999 -9999 -9999
1571.02167913129 1227.16669534107 904.307546664719 686.242434756776 504.119334552676 407.463017341679 358.377807259116 332.621392784265 312.735224006793 301.334382295267 298.852834237331 304.336664219393 311.031052327822 307.230008592969 299.629275547211 303.998556479097 302.92954744 297.824988001164 302.894300535597 301.415424635594 308.625328803085 325.178665430008 342.667153858968 360.045569100003 373.62289699381 395.682259616658 396.779565872321 392.707242303812 392.967244869468 401.950469367005 425.275828194243 442.592911138445 451.715856485977 461.937602017627 474.641948953618 489.172531308871 497.804657855465 500.843540439487 499.253554519999 492.719782057113 485.616542620409 487.13466154495 493.2278878233 499.621259180002 506.04982958 -9999 -9999 -9999 -9999 -9999 -9999 -9999 -9999 -9999 -9999 -9999
1706.6023131402 1447.56427453552 1081.33487247463 737.248355516406 562.138247029669 468.150295994024 389.419852882726 340.475926551645 312.268766004639 301.005818087185 302.488907238556 310.950992023652 315.915801733653 311.530460021253 311.386963271859 305.847344045217 306.823968370796 300.017020729832 301.878646623274 292.238368578166 306.509742100003 323.18178299949 342.119060133688 361.108156854204 375.64527682156 386.476942323876 394.665869966802 393.326290094594 403.044387084804 432.528052425238 430.27712262326 453.974425319178 463.002650567932 446.855347352225 459.652403380527 480.208625542395 498.468830308608 504.584880856785 497.846108161759 487.786798924247 484.673039334196 491.509150979897 500.305783647981 507.98003688135 515.460838148705 -9999 -9999 -9999 -9999 -9999 -9999 -9999 -9999 -9999 -9999 -9999
1918.59409629459 1630.39442396342 1205.14376594916 866.828807997727 727.087275077021 577.972987398471 447.126336038556 358.630163505162 324.815112521077 310.590629151434 309.027968089333 315.987919455102 318.732134067437 316.761275918489 329.53221787138 312.126662168039 307.116927608356 299.43100770232 310.240621139993 295.412847714407 302.342099809436 320.230497624843 343.391609023259 366.779959965345 385.31546590004 453.299864808844 480.458827171562 431.584625247829 469.848972166867 454.475287636263 447.300756008234 469.349484616129 431.070867101015 419.546642620001 438.289280150584 469.835943236216 495.609978513521 501.318195615364 489.952357664338 482.792247123326 483.675972838963 493.218446387936 512.030006942278 527.838999880156 533.97750047782 -9999 -9999 -9999 -9999 -9999 -9999 -9999 -9999 -9999 -9999 -9999
2089.83900961024 1752.971635921 1460.90652434506 1209.99288497388 1010.88470105867 748.217528934107 544.197424566559 400.454237748948 343.46251309518 326.538866001674 318.628504104997 318.250832411587 319.702625061645 321.005809435097 327.999662376753 313.994242711287 306.784366063206 305.702731218224 322.700475063724 304.399759128135 301.316641137176 318.01487692466 346.265927670761 375.050208592357 397.202897455445 483.520252629364 492.336597493576 448.018479664279 427.653561456352 423.297366905712 469.352442674842 468.197899401192 421.071861965738 407.527305768597 427.477619254161 457.670591001074 473.294629129759 475.231262311696 473.263572980774 478.187651271824 485.170506311889 497.640927075976 526.493564829327 554.485870000009 -9999 -9999 -9999 -9999 -9999 -9999 -9999 -9999 -9999 -9999 -9999 -9999
2331.59498252768 2018.81649317111 1753.07723234658 1565.17469317865 1318.57221235587 1006.38870313878 691.205845972356 483.914916687503 369.52299424025 340.966968933014 329.320143365982 322.522333012633 321.040911304492 323.43898355659 328.599784347839 312.985920027721 303.96794124 321.846423349588 310.758030730831 289.575283056914 307.081567459129 317.279562724143 345.246134291466 379.019959400006 405.76778169554 415.572048633441 411.188655508078 403.251501422139 399.766175262289 423.771413261974 486.896911552359 451.671063096424 421.304377273861 410.575987344101 433.173612496261 450.437921023456 454.102929217916 456.073835103908 464.840139168303 479.705068847991 493.025255035009 509.400708060002 532.77764549194 558.223631695937 -9999 -9999 -9999 -9999 -9999 -9999 -9999 -9999 -9999 -9999 -9999 -9999
2461.4368995383 2285.53929601692 2069.47387057682 1848.40709399288 1649.29503556794 1291.31961447049 903.360039436342 601.695669013656 435.814928034766 366.789773225445 347.680559638111 329.006266852007 319.456321907092 315.667792051163 304.331702328767 302.464032978569 297.707918478667 307.088645777108 281.336365793645 280.937387103743 291.779293690504 308.08315399294 332.792759199544 364.436638637267 394.223336984601 407.474295472606 407.311277385116 400.788395560366 396.65734218971 407.674135288954 416.754401268919 407.640467580486 404.085654930139 413.77930901437 429.249353959609 435.422209674703 438.462150915765 450.284837440363 467.19532934539 485.993174274645 502.116836220006 519.311604360001 537.310842076655 556.050401439949 -9999 -9999 -9999 -9999 -9999 -9999 -9999 -9999 -9999 -9999 -9999 -9999
2268.4437629359 2268.16062111864 2137.98574193571 1886.45166493672 1751.25686228787 1475.7989637094 1148.7367192795 785.770642152283 582.983228899414 446.982819140072 398.456617719928 361.941336210978 310.554704969306 285.564955715076 273.788691571891 270.735524021136 270.607756999999 267.384914229066 271.424443760228 277.031479871085 285.168868546287 298.250526906214 317.655459220576 344.558665380505 373.159940667734 390.863764988565 397.21306792 398.127780688356 391.239698711217 393.915968830657 398.354009326835 391.998838970388 396.894528951576 408.332891505223 417.596358403766 419.139388263783 427.944154506989 450.638985530742 473.363772500004 492.437406980002 508.483880737714 525.545757093304 542.593566764316 557.624072655327 -9999 -9999 -9999 -9999 -9999 -9999 -9999 -9999 -9999 -9999 -9999 -9999
1878.6611979767 1937.63228544435 2058.98331854047 1760.93039528221 1454.2319704353 1381.81912010401 1225.34251269609 924.936060055251 746.445064019586 564.689738106765 445.301607458997 384.82924025479 311.4202539539 277.515990721528 266.800415060839 262.682477144475 260.803676200825 262.77381195511 266.464522200855 270.973501125743 277.9662101647 287.048688714495 302.842988216614 325.804082592995 352.759555043023 373.366053843504 388.761377596972 410.456342479362 388.009675412342 388.025640596032 392.717108997731 378.404447086806 388.263124249725 401.877223100885 413.224011763952 419.422499954055 432.02818430324 454.763529397118 476.549632352962 494.346856875848 510.491774000007 528.196078628133 544.866584100003 559.189116140004 571.056911757321 -9999 -9999 -9999 -9999 -9999 -9999 -9999 -9999 -9999 -9999 -9999
1839.84260647997 1809.22866212838 1998.26875368527 1639.7985504761 1337.79030537841 1182.64305162287 1136.39443449632 901.750853563046 686.177403767719 514.181847758696 396.597221296532 321.932982304426 286.059729092455 272.367546838137 262.815686588711 257.600707536001 253.779983637642 253.713816141429 257.183571220931 263.454772065145 270.958079335785 276.107166836567 287.931509497496 308.77284809086 334.469382530793 357.167764832431 381.072929485182 436.900160021582 389.632313288583 385.387332175929 402.947332565271 382.957508642099 381.038825475743 398.342259127889 416.173242617772 430.143169017731 442.706477135942 459.0020405471 477.312717480003 493.278105120002 508.620012982926 527.101284321278 545.278314541104 561.993501450055 577.102783534613 -9999 -9999 -9999 -9999 -9999 -9999 -9999 -9999 -9999 -9999 -9999
1827.70350079544 1761.69291722541 1757.10907187622 1548.77321524404 1396.7789904894 1287.82462499194 1067.81647902701 843.356419852389 598.824999538 427.558343817778 327.522798834316 282.896241453851 271.698264408897 264.748684911581 255.260784251342 250.047244790085 247.257837125491 245.121728806153 245.39470061857 251.533415241796 258.392138839999 262.51549058 271.692330340069 289.551650786163 314.595319549253 337.789918972778 361.208084226713 409.754603675707 368.204048748542 362.620675712795 382.57173191086 380.814693960926 374.829674940006 395.056274216849 419.916603984748 439.175355206168 448.894017370674 458.39424843143 474.062841680002 489.376490282407 502.824990469704 519.782095625264 540.252674678123 563.737596825418 583.258168605939 -9999 -9999 -9999 -9999 -9999 -9999 -9999 -9999 -9999 -9999 -9999
1826.384891477 1763.01840937678 1671.28910294171 1555.69176207723 1434.1593358054 1335.99903045577 1031.90241836053 814.29701028329 576.270463911336 414.14504377022 331.546332810744 278.735798153576 253.108179143843 247.029532789547 238.425467998991 237.188126476178 237.132458160022 235.748454202911 235.9027542942 239.31123961508 242.800919009474 245.875954445533 253.010516400882 269.043759500005 292.606316816869 315.216533542008 333.52223043022 349.611848503178 345.671476983209 355.664442699198 364.23255852698 367.405350064428 370.278779923344 386.750359309137 417.195479924061 440.969690544974 448.32837234366 453.043601212874 466.30752601642 479.08671825353 490.925209096458 508.227237221501 531.494583515143 561.468493576722 586.052385388194 -9999 -9999 -9999 -9999 -9999 -9999 -9999 -9999 -9999 -9999 -9999
1799.79924674388 1743.48289366367 1656.56426858964 1555.4135638509 1444.84636964851 1332.32289379645 1126.8359353245 847.908876455361 635.758233147237 474.429780669707 344.10646216964 261.911518763002 234.244631527807 224.306409382713 219.973166679608 221.30340906 223.81774384238 226.530749962691 232.604694544873 235.235960648589 232.962441552637 233.916107271391 238.373029085218 251.622837317802 271.979136361484 293.668629576796 310.009098357099 322.781262718464 338.515412548668 354.458495799293 363.87065594 366.284785558399 365.607546430748 372.887044375086 396.610626220009 423.704783121181 435.845415595538 441.481383351459 451.17466776553 460.247692548966 473.137106724566 494.099805307053 525.37082987125 559.932994596028 588.677036335895 -9999 -9999 -9999 -9999 -9999 -9999 -9999 -9999 -9999 -9999 -9999
1759.24554990277 1709.07087937355 1628.52840091524 1528.45227062999 1440.68451619095 1371.00354700682 1263.30144306441 971.882056952349 674.995032813744 460.102003452055 302.970856823297 246.864671945784 224.053715692548 211.604017668188 208.241085304859 209.16735181791 211.43345175096 218.035979347966 228.992896900569 236.611788370112 231.234345269489 229.76743278 232.597511727793 241.925716109261 258.244437706098 279.013207411583 299.330909612674 319.737397932902 339.08144618487 356.323727699388 368.049126178996 369.751210766875 364.672744099077 365.521389856919 379.494407476319 399.562872640002 416.280752124228 426.81788684 433.800577952289 441.656908166631 458.073142843313 485.87452094221 525.501586658361 564.845717466713 594.91319816 -9999 -9999 -9999 -9999 -9999 -9999 -9999 -9999 -9999 -9999 -9999
1701.61310634 1664.96750810395 1598.88088622536 1512.11223481699 1423.74984271392 1380.62723113489 1301.70335785367 1076.45910111971 787.743620052243 565.546920598069 376.818657110971 280.105183376621 230.658925144309 207.289948243517 197.957366497983 196.909137546388 200.408692153776 207.841740660494 222.250485326885 233.91820811373 233.822887959999 231.312085053463 233.025723576545 241.654802020182 256.199312256907 275.375290047255 297.526748308952 320.202667280002 342.989255764807 361.921163699483 376.027599145506 378.420123327942 370.473688212084 366.614397474192 370.503982464862 383.875076441738 401.061439627228 414.709748465687 422.545257497923 432.655784956713 452.115166131036 487.073365310316 532.141612506204 577.471459692061 611.462960534469 -9999 -9999 -9999 -9999 -9999 -9999 -9999 -9999 -9999 -9999 -9999
1667.72800995095 1645.47783205907 1601.57033665632 1534.45309388816 1459.76443358233 1397.94154844356 1336.959534344 1238.59117146297 1067.80947656211 813.882654986541 554.446934720377 363.138817314962 258.511006216502 214.140247871054 193.43997233021 188.057780024595 192.359675924737 202.615476204342 218.179200848176 228.731550821271 235.570625998887 238.540624833753 242.581882015295 248.882411194136 260.798653596887 277.756319577679 299.94609446077 323.761624560368 346.577795300036 367.190231239149 381.84966864 385.230900167341 370.990683151344 360.042028868074 358.876949224834 370.561737814377 390.337971567158 409.074557778354 420.664262935996 432.189664875599 456.041274551211 493.906577520003 540.438648094414 593.256963772077 633.199374948051 -9999 -9999 -9999 -9999 -9999 -9999 -9999 -9999 -9999 -9999 -9999
1691.43271460684 1663.78241504445 1634.86643378368 1583.9623783455 1510.14012801412 1426.81250363532 1343.70377206773 1227.14209332168 1057.62715123398 852.310451928693 641.310832060194 453.467718371742 306.647863967781 230.332656912811 193.895721029805 183.694921826683 186.872151387413 200.363462534065 219.938676404449 231.384857940375 240.532875325214 247.068727920002 251.722181908163 257.967862155912 266.558756619904 280.95474796 303.130015840007 328.478241195617 353.351101607479 371.91276004101 383.437948073216 373.955758628473 357.906712997634 343.646069679998 342.821776357936 358.770444786688 386.170650418189 411.421774308399 427.055638829086 438.942540082089 463.0253408549 502.125056330819 548.99247530001 598.159551166647 637.99775338 -9999 -9999 -9999 -9999 -9999 -9999 -9999 -9999 -9999 -9999 -9999
-9999 1705.55696634519 1674.91858803771 1632.40448573888 1564.9490172866 1472.05153286248 1358.36323371149 1220.77396248687 1064.4421298536 903.457346237121 725.582959438386 547.960024801186 378.969125274855 260.958944434913 203.757873917439 185.956185976355 191.20975256 207.775820560002 225.738136914846 239.914852462798 248.428949350543 256.353216080002 262.09299396191 267.347023553776 276.304800541521 285.772746261474 307.109556414023 339.803822483761 362.14427961002 370.407456881923 368.860974855891 361.679115351254 347.766617550533 329.553828707303 333.304139307544 355.602980413654 388.510714883353 417.079286740004 432.826903410186 446.58230900927 472.338892203732 510.232433552689 553.929465823671 598.887298060014 638.161426396404 -9999 -9999 -9999 -9999 -9999 -9999 -9999 -9999 -9999 -9999 -9999
-9999 1745.90428110809 1720.4519044932 1681.55319629342 1613.38461162646 1520.6001576212 1409.74538298521 1266.60541404445 1067.86413503311 869.9235807328 746.973280236258 644.853375644165 473.99123560652 316.925693451353 229.340204806159 200.49196438113 204.396814866863 218.159646452536 235.84957284366 252.200693396127 260.062527734775 267.143217262395 274.120394460002 280.895755245084 288.98249362306 299.415509347627 319.878236107149 348.401511648073 372.913534753822 374.719520220874 365.034179740945 360.510548921245 361.146051376012 360.332272083268 355.944815489581 365.938525811919 391.702371680421 418.025778440004 435.500791228382 453.538274074065 483.199662608534 519.281904057162 558.788683248584 603.085390680021 640.889069257058 -9999 -9999 -9999 -9999 -9999 -9999 -9999 -9999 -9999 -9999 -9999
-9999 -9999 1761.04624486525 1727.48558004014 1664.28215054453 1578.73132267264 1464.00903553907 1305.33679848753 1111.05064736433 954.609726518196 817.167104999602 728.642081807158 622.587988132647 526.793057149184 359.109802093597 248.375876608127 239.414246903203 238.341738354601 256.384861012321 282.962728127857 283.00423481155 280.892993410512 287.247429385589 295.403698310499 304.702824035407 317.384142520001 335.672962866118 365.220718501053 392.651720829928 389.619417300204 371.710716356283 366.367690260002 378.6798373252 382.479445539167 373.480330122463 375.598061736415 396.410620011382 419.203969040004 438.69284152826 461.931735298078 494.93968056607 530.909761840003 569.636658183771 614.393160271342 647.400599645675 -9999 -9999 -9999 -9999 -9999 -9999 -9999 -9999 -9999 -9999 -9999
-9999 -9999 1786.22537477331 1763.90112222676 1716.79100983324 1652.94435641668 1565.79770604888 1415.55881820597 1230.51552580453 1060.6879586072 908.005228573656 841.877633885067 885.42926823922 887.633942676289 528.60128517 367.165335523279 399.101638976915 348.644799399094 366.39387285907 400.424832818826 333.830634533858 301.170013381278 301.376644708606 310.226432820002 320.663658907734 333.518431074696 356.958107461398 393.051363852143 421.203049956428 417.308991680384 391.191534893608 380.193792044697 385.385377090003 375.858748869969 370.396101160861 379.899902614917 404.145445326075 426.435919940004 446.47917927768 470.393327518018 502.804300486383 538.410269440003 577.352413227801 619.585609921304 648.929319101426 -9999 -9999 -9999 -9999 -9999 -9999 -9999 -9999 -9999 -9999 -9999
