catData/variables/pastClimate/lgm_CCSM4/bio17.asc
NCOLS 409 
NROWS 350 
XLLCORNER 60.897278365 
YLLCORNER 5.843756025 
CELLSIZE 0.0892857 
NODATA_value -9999 
[rows 54 to 80 of 350, columns 61 to 121 of 409]
-9999 -9999 -9999 -9999 -9999 -9999 -9999 -9999 -9999 -9999 -9999 -9999 -9999 -9999 -9999 -9999 -9999 -9999 -9999 -9999 -9999 -9999 -9999 -9999 -9999 -9999 -9999 -9999 -9999 -9999 -9999 -9999 12.9102247800002 13.7414445608248 13.2745599716405 12.5674662813936 13.0260846540971 13.1748741786994 15.3781810331071 15.7639755111263 14.9907205819804 14.37557762 13.4271409414662 13.0005563199999 12.4648467439226 13 13.4458933800001 14.1201037523928 15.2729779688357 16.6130801197458 16.4190984938754 16.0457281925199 16.2030194462519 15.5058749050237 14.2281432762046 14.0206043625672 14.2321645 14.2859351401109 14.6970094011175 15.6066270800001 16.2321645
-9999 -9999 -9999 -9999 -9999 -9999 -9999 -9999 -9999 -9999 -9999 -9999 -9999 -9999 -9999 -9999 -9999 -9999 -9999 -9999 -9999 -9999 -9999 -9999 -9999 -9999 -9999 -9999 -9999 -9999 -9999 -9999 11.2324076486837 11.8387963800001 12.2268384064259 12.0546211839806 10.8895693553938 11.0270917581805 12.3163188467103 14.2219580541997 13.3041492199999 12.2327208199999 11.455905306864 12.1235083044187 12.30303658 13 13.4458933800001 14 14.6833835878077 15.7148001497473 16 16 14.5321882351768 14.1694331799663 14 14 14 14 14.30303418 15.0601896547052 15.5349563028498
-9999 -9999 -9999 -9999 -9999 -9999 -9999 -9999 -9999 -9999 -9999 -9999 -9999 -9999 -9999 -9999 -9999 -9999 -9999 -9999 -9999 -9999 -9999 -9999 -9999 -9999 -9999 -9999 -9999 -9999 -9999 -9999 10.0893077 10.1355087326702 10.7147878412111 11.0893077 10.2923599689737 10.8030377800003 11.0780965632636 12.98109686 13.8933693199999 12.82194092 11.7791230954766 11.3002314861431 12.30303658 13 13.4458933800001 14 14.5887501800002 15.0589590305691 15.0893077 14.3579895628062 14.0224227021498 13.1385832750438 13.0893077 13.0893077 13.0893077 13.3002293004816 14.0270632856372 14.0893077 14.1291291978745
-9999 -9999 -9999 -9999 -9999 -9999 -9999 -9999 -9999 -9999 -9999 -9999 -9999 -9999 -9999 -9999 -9999 -9999 -9999 -9999 -9999 -9999 -9999 -9999 -9999 -9999 -9999 -9999 -9999 -9999 -9999 -9999 -9999 10 10.58875258 11 10.9869193364122 11.7851584800003 11.9821207 15.7318751540717 15.9128919055123 12.9984131874516 12.6646250423404 11.0041409921327 11.6185343780753 13 13.007972261509 13.5259517286989 14.0105264410933 14.0178793 14.0178793 14.0035215895304 14 13.05410782 13 13 13 13.2316057800001 14 14 14
-9999 -9999 -9999 -9999 -9999 -9999 -9999 -9999 -9999 -9999 -9999 -9999 -9999 -9999 -9999 -9999 -9999 -9999 -9999 -9999 -9999 -9999 -9999 -9999 -9999 -9999 -9999 -9999 -9999 -9999 -9999 -9999 10.0774264177127 10.0516937115055 10.58875258 11.0353520973161 11.7068044322989 11.989452850385 13.0149468107583 16.8429220130923 15.1232184500346 12.9112486199999 11.8398202199999 11 11.573618487748 12.558541345321 12.4458933800001 13 13.5887501800002 14 13.9608231046673 13.9464509 13.1188138684015 12.848044975192 10.9300578214703 10.0839965519951 10.9550282545394 11 11 11 11
-9999 -9999 -9999 -9999 -9999 -9999 -9999 -9999 -9999 -9999 -9999 -9999 -9999 -9999 -9999 -9999 -9999 -9999 -9999 -9999 8.14716225102594 8.91013838000018 9.79869675753016 10 9.89071110304301 9.87502249999998 -9999 -9999 -9999 -9999 -9999 10.5148673709521 11.6536474604653 11.0300055227059 10.6401492544331 11.5776732115721 11.3262825425779 12.0283769341503 15.5292425259784 17.5371425403841 18.1611751172664 13.025134194406 11.8398202199999 11 11 11.3744649800001 12.4458933800001 13 13.5151696543792 13.8750225 13.2348499313429 12.899638645796 12.65644590587 10.1420366797779 10 10 10.16017738 11 11 11 11
-9999 -9999 -9999 -9999 -9999 -9999 -9999 -9999 -9999 -9999 -9999 -9999 -9999 -9999 -9999 -9999 -9999 -9999 7.55472704664884 8.10160599253882 9.14264595654733 10.4637774800002 10.07198232 9.80359410000003 9.10087630847654 9 9.21032847314835 -9999 -9999 10.9897149955857 11.2987034580098 11.8664444116318 12.9330553160455 11.2930750623293 11 11.1296634395398 11.92801528 14.2756455337452 16.0193050086927 15.2505113199999 21.057485842611 14.0189031399998 12.0362261199999 11.1509166869597 11 11.3744649800001 12.3583172893971 12.8035941 12.8035941 12.8035941 12.8035941 12.0005587199998 10.2264163857282 10 10 10 10.1287175975215 10.8490828416661 11 11 11
-9999 -9999 -9999 -9999 -9999 -9999 -9999 -9999 -9999 -9999 -9999 -9999 -9999 -9999 -9999 -9999 7.08116487588336 7.54200822860253 8.1194268269116 8.64660307757436 9 9.66018338000013 9.46433894896799 9.26783429999998 9.03362162000367 9.25334365551041 10 10 10.0858045641056 10.5356686 11.2012928407571 12.9060426628098 12.010044900546 10.9144356203766 11.1101461648625 11.6601809800001 12.73160938 16.8001078383214 16.8576995199999 16.2929571454162 24.4981138493322 15.0903315399998 13.1076545199999 12.0362261199999 11.1866707097213 11.3744649800001 12 12 11.8423125076648 11.7321657 11.7321657 10.9291303199998 10.0919133143916 9.74665763009425 9.73216570000002 9.75593572093405 10 10.1695738080378 10.8133286474764 11 11
-9999 -9999 -9999 -9999 -9999 -9999 -9999 -9999 -9999 -9999 -9999 -9999 -9999 -9999 6.1086893062183 6.83156073505031 7.53949344320956 8.12704362863122 8.63388425952823 9.17550961231261 9.13952009584675 9.43620778400614 9.90894588783462 9.72755842032466 9.08294329151589 9.94589698000005 10 10.0602216940761 10.8902020822428 12 12 11.7525754344006 11.6338826737587 11.6489824038358 10.9324638099227 11.3209182800001 12.8887622272083 16.551413820001 16.1681227627144 17.2668013291262 20.5799994409662 15.8224972399999 13.7854771953517 12.5077051364888 11.7997724283295 11.5866856798298 11.848725007989 11.6607373 11.2717280956922 11 11 10.1969646199998 10 9.05410782000001 9 9.05863976142298 9.66073729999998 9.73931250225841 10.2002259859009 10.6607373 10.8120114777805
-9999 -9999 -9999 -9999 -9999 -9999 -9999 -9999 -9999 -9999 -9999 -9999 -9999 -9999 7.0101785972734 8.09512138953054 8.41069109999997 8.63136947413502 9.18312641403224 9.50309483560114 9.24235035036666 9 9.43114533329891 9.11607017486834 9 10.3343684512029 10.0071153793702 10.5517482724628 12 12 12.1244554120391 12.1031102595872 11.4061834716264 10.5688903130816 10 10.9313114328754 13.3050537789576 16.5525501815813 16.5070918721309 17.1370688033674 18.3377444359803 16.9452223343635 13.6796404399999 12 12 11.8462105654523 11.3265399627149 11 11 11 10.6995355246161 10.116073003551 10 9.05410782000001 9 9 9 9.1364873474455 9.71376234072183 10 10.2627675229439
-9999 -9999 -9999 -9999 -9999 -9999 -9999 -9999 -9999 -9999 -9999 -9999 -9999 -9999 -9999 8.23161298000017 9.14610215860496 9.48211949999999 9.71304147240756 9.48267341999991 9 9 9 9 9.42159835455536 10.917878080951 10.4994448800002 11.5280833519633 12 12 12.0108369769638 11.4673642660117 10.2869597705056 10 10.2838490994933 12.1207675839874 13.7220114630382 15.6060755600005 16.8744661800001 15.5980711980377 16.999504447088 18.5990318709496 14.1617599399999 12.3704566800624 11.8539001555687 11.1434155199999 10.732854393419 11 11 11 10.26839302 10 9.57840395961827 9.02802138487551 9 9 9 9 9.1569354926555 9.69841621183835 10
-9999 -9999 -9999 -9999 -9999 4 4.58875738000008 5 5 -9999 -9999 -9999 5.90435168869206 6.64230408000015 7.71373247999997 8.78516088000019 9.68884136048796 10 10 9.76903846197316 9.22764381720644 9.36544312361399 9.95853006443434 10.5516170052548 10.5669917878501 11.4994448800001 11.5516924245686 11.4955815685361 12 11.8717924498231 11.3111597109971 10.4182469881823 9.69327677263791 10.2863637134583 11.4682032342787 13.3567551498023 14.4049808359193 15.7151035832607 15.4222894273198 15.0183610151411 18.0077338807993 18.1405747200209 14.6796404399999 12.7683918199999 11.8647086824822 11.1790829199999 10.7526179358772 11 11 10.634559533416 10.1198246274043 10 9.12553621999994 9 8.44645209999998 8.44645209999998 8.44645209999998 8.57465699314689 9 9.16717960521245 9.69327411560806
-9999 -9999 -9999 -9999 4 4.32331835180312 4.84577427104992 5 5.45724152324397 6.12685888039088 6.57789994246224 6.62497629999997 6.88792555633682 7.71373248000009 8.78516087999991 10.0013419032726 11.4393462804193 11.4068594248675 10.3463005052868 10 9.77920292900694 9.87256071384614 10.2743717566992 10.6761827995524 10.4221009575946 10.7297574852585 10.1402295756657 11.0887537800001 12.1001100661824 12.3933657199998 11.2461919390475 9.86012217762292 9.44589578000012 10.5173241800001 12.1775051600001 13.2475835137893 14.5638716033578 15.8030377800002 14.7975882776514 13.7973857956047 16.1358975519456 16.5392607690922 14.1547727062392 12.7683918199999 12 11.6255350199999 11 11 11 10.3398214199999 10 8.99624383887678 8.42210275770843 8.37502370000003 8 8 8 8.08685765655702 8.37502370000003 8.37502370000003 8.54224338511636
-9999 -9999 -9999 -9999 4.31052725964486 5.21373367999996 5.69640470000001 5.69640470000001 6.42801888000011 6.94020465298792 7 7.65872877395903 8.0120671474327 8.66154043818787 8.57533317437942 10.1406332242941 10.488153097347 9.72622415479992 9.08593889654692 9.30359529999999 9.71360703522044 10 10 10 10 10 9.73105546000033 11.7233499304653 11.9370789339835 11.3755800199998 10.2121504099551 9.45068960685742 10.1423004800001 11.9342628607515 13.4466991323018 13.6964047 14.650127249204 16.9215163485398 15.3003785045137 13.7669362712165 16.3980685753101 16.5807088181634 15.009529716726 12.9296848451104 12.485368601416 11.6255350199999 11 11 10.589991607522 9.64341671999991 8.79410076057516 8.11959506579643 8 8 8 8 8 8 8 8 8
-9999 -9999 -9999 4.62260624516689 5.2137336800002 5.88793976556676 6 6.50691249403346 6.93768969616667 7 7.67144776343357 7.9874396267665 8.77185603696655 9.18384355133449 11.2687065373664 12.1256591875663 10.9999396177662 9.39336332000003 8.52898051633241 8.23216689999997 8.36885631856613 8.97124445123394 9.79392264103396 10 10 10 9.99474175929772 9.76464879003412 10.4271447998341 10.0005563199998 9.1618112794342 9.66199582923454 10.8713553409657 11.7575352823313 12.9163975186344 14.245984516869 14.9376885817655 16.1759153639313 14.5123793378343 14.7388506552692 17 16.8431023727652 14.9976102340693 13.7678331 13.2321150033651 11.338008413565 10.2321669 10.2321669 10.0954785958349 8.83291445436485 8.06231197543503 8 8 8 8 8 8 8 8 8 8
-9999 1.30249226000036 3.23972688526322 4.47501858349511 4.69744620075657 4.75565129574827 5.16073850000003 5.82092428000019 6.16073850000003 6.16073850000003 7.03520948000017 7.16073850000003 9.04362761590387 11.5605841057168 11.6224375764495 9.60572487701436 9.13046370314083 8.26128528926752 7.71484031999988 7.59491078152076 8 8.10611688622617 8.8923502800001 9.16073850000003 9.16073850000003 9.16073850000003 9.15795364440688 9.01426614946655 9.16073850000003 9.12350976278667 9.25432894891332 10.5881962600002 11.8392615 12.35658568 13.42801408 14.6055589804538 15 15.1290790882006 14.145711937926 14.94589458 16.1898155203588 17.6617587399998 15.5446489975674 13.8056201714408 12.8089922746856 11.2510700399998 10 10 9.50588464080781 8.39444380531859 8 8 8 8 8 8 8 8 8 8 8
1.07087688 2.16299087274958 3.02706487029618 3.12275424784298 3.54487392922039 4.04620270293668 4.08931009999997 4.74949588000013 5.75558374442286 6 6.87447098000014 7 9.94689300576499 11.6766825732452 8.31432209742513 8.08931009999997 8.06224544404803 8 7.96017678895438 7.95689238859248 8 8 8.73161178000007 9 9 9 9 9.08082717103291 10.0565661934861 10.6104543840608 10.2137288800001 11.3186009991547 12.4060727832987 13.4280140800001 13.4271004235901 13.7494910800001 14.7555793731113 14.2686816044353 14.8075789560353 14.9951678395293 16.0346459600003 17.9841472107541 17.2092720243394 13.7683918199999 12.69696342 11.2510700399998 10 10 8.87508097745048 8.03034948500232 8 8 8 8 8 8 8 8 8 8 8
2.29962784447971 3.74090457348094 3 3 3.00797346040138 3.52595995837827 4 5.3085663159381 5.99520080528251 6.78868281349737 7.85658928000017 7.98211830000003 9.01850140032724 9.0472966544643 9.13943850739579 9.96423660000005 9.96423660000005 9.96423660000005 9.96423660000005 9.96423660000005 8.80778251985165 8.648378178854 8.99520076236643 9 9 9 9 9.08875378000009 10.0028643296881 10.2412090981833 10.9875371521287 11.0066961133489 11.4637774800001 12.0271323357895 12.6034601859804 14.9569326235402 15.2587920589007 14.9856403193294 15.8565844800001 15.9821183 16.0176327443316 17.0178817 16.3771625799997 13.0137401520077 12.69696342 11.2510700399998 10 10 8.82249963999967 8 8 8 8 8 8 8 8 8 8 8 8
3.10664028 3.49562477926789 2.30304378000013 3 3.02387650458708 3.57087567999992 5.1995354452005 6 6.7316141800001 7 7.04682503522475 7.94879628966886 9.01825562543752 10.1375502794565 11.1516072243501 11.7396445415122 11.0373198341375 11 10.5541018199999 10 9.96847411371245 9.32162056139373 9.03917539650011 9.81358672839369 10 10.0506496618189 10.0699443630749 10.9952475279685 10.7948483471377 10.0124019822441 10.35658568 11.0535467 11.8975857648744 12.9741543026692 13.0315257577755 13.7137276800001 14.78515608 15.8135844569059 16 16 15.0699420915869 15.9904953129611 15.5811241386257 13.7272469737319 12.4101534488382 11.0334953360554 10.5541066199999 10 8.82249963999966 8 8 8 8 8 8 8 8 8 8 8 8
2.24512331231161 2.70130183055391 2.39014595329026 3 3.50162704957577 4.64230407999998 5.64015246755885 6.08250678387412 6.85658928000013 7.12497510000004 7.89015898182753 8.11821386960546 9.15529957792381 10.8750249 10.9150630678079 11.3276422246634 11.7348312467696 11.1249751 10.7348030896352 10.1852972589319 9.53622011999999 9.04246861606616 9.64017852463335 9.87502489999996 9.87502489999996 10.82092188 10.8750249 10.7973631325308 10 10.2316105800001 11.2651666531707 11.9218239982622 12.1114517393902 12.7026217388722 13.7137276800001 14.7851560800001 15.7651515245736 16 16 16 15.8728599588421 15.5947304651811 13.8598387040234 13.0670845890874 12.6098603468891 11.6255350199999 10.5541066199999 9.9353476588123 8.77110365262019 8 8 8 8 8 8 8 8 8 8 8 8.05572526981464
2.67487080352647 2.23161538000019 3 3.07354764680463 4.00062822543628 5.51732897999994 6 6.66018578000016 7.7316141800001 8.15772037336104 8.19640349999998 8.7707469822403 9.80699973663928 10.0174320243987 10.4538510356838 11.8490860999175 12.0595183876768 12.1228563245638 12 11.4826734199999 10.5268785587144 9.53622011999985 9.19640349999998 9.19640349999998 9.02465481024795 9.94589698000005 9.80699926527088 10 10.0314603407896 10.4280140800001 11.1964035 11.644417584068 13.1094475763457 14.1016042795866 14.78515608 15.8565844800001 16.1964035 16.0386840693757 16 16 15.1790805199999 14.2486967449855 14.659774522315 13.5367836399998 11.94048255506 11.4291315199999 10.3577031199999 9.38787852821821 8.41124981999983 7.87033861626297 7.80359650000002 7.80359650000002 7.80359650000002 7.80359650000002 7.80359650000002 7.80359650000002 7.80359650000002 7.84908468581226 8 8.07354576133104 8.55471993090975
2 2.23161538000019 3.08116479138062 3.54200848453347 4.56532697955272 5.64660367636149 6.15768800772444 6.75119886818973 7.7316141800001 9.01812299998247 9.73625434813657 8.35091226369169 9.01268684775995 9.82092428000013 10.7321681 10.9017477355021 11.6862134314161 12.12291937801 12 11.4826734199999 11 10.5166347890137 10.2678319 10.2678319 9.39336331999988 10.4670702653577 9.54370860111281 10 10.1601821800001 11.2936432817017 12.2678319 12.8161780402534 13.9710183279188 14.78515608 15.85658448 16.9280128800001 16.8759352393935 16.144209454389 16 16 15.987316666647 15.5103155892672 17.2734783703618 13.1251839578097 11.69696342 10.6255350199999 9.55410661999991 8.86144472475122 8.30110399933462 7.33982141999993 7 7 7 7 7 7 7 7.16957436389168 7.81333032019435 8.37446258000008 9
2 2.23161538000019 3.30304378000013 4 4.89180116000035 6 6.38901537463404 6.88471452577859 7.7316141800001 9.33364469339665 11.7063549470164 9.16230186000028 9 9.08875618000012 10.1086885373323 10.5999435109212 10.4420702094912 11.1733747001925 11.8487244496837 11.4944298614575 11.3392603 11.1152862884461 11 11 10.1255314199999 11.2499833735923 10.9885524336163 10.369370934029 10.7843593255586 11.7239051851463 13.1028090952665 13.5933441313581 14.6070229878171 15.681076923496 16.3890122030834 17.096947482671 16.8510847109664 16.4060817618458 16.0425886414333 15.6790955210208 15.6666166993917 16.1172831203917 16.4690860004332 11.9214245393707 11.4605114010417 10.6255350199999 9.55410661999991 8.48267821999997 8 7.33982141999993 7 7 7 7 7 7 7 7.07857464640456 7.53948701318296 8.24742229277048 8.6607397
2 2.23161538000019 3.30304378000013 4 4.70867483047084 5.80177246626851 6 6.66018578000016 8.03207985648589 8.88393076677523 10.5460068901085 9.09564632010919 9.00711632344216 9.53589604018132 11.0101745661594 11.9586286873186 12.1244187800001 13.1289584142749 13.0137312761232 12.112012138153 12.2417950173547 11.7505053199999 11.1102240091671 11.329799527572 10.8953544843109 10.8213774 11.4106887 11.4629923054718 12.0657850112674 12.6422992800001 13.7137276800001 15.0058339385156 16.1831243582237 16.1982295050372 16.2417940317018 16.6818175684409 17.68366874964 17.1969622199998 16.1255338199999 15.05410542 15.0244373321365 16.3377903222491 15.0143762056143 11.7683918199999 10.8755463009073 10.2148463199999 9.14341791999992 8.28444772930988 8 7.33982141999993 7 7 7 7 7 7 7.06578303996162 7.54717660329935 8 8 8
2.48211710000001 2.60206674467911 3.30304378000013 4.18053944145229 4.71304138548218 5.51732897999994 6 6.66018578000016 8.11050465321966 9.29220401969237 9.48211710000001 9.48211710000001 9.49109086095707 10.1347214878915 11.5951106251743 12.2316129800002 13.4491428113058 15.23105666 15.8052958774367 14.428405021005 13.6656768492955 12.503648023366 11.9738333193989 11.9929555744699 12 12.4560331088964 12.0083528619621 12.4821171 12.6422992800001 13.6020642588412 14.4491392542247 15.8565844800002 16.9280128800001 17.2142037534215 17.2691390935129 17.8240135404473 18 17.1969622199997 16.1255338199999 15.05410542 15.0346459600003 16.7797086820532 14.1145689710121 11.7683918199999 10.69696342 9.62553501999989 8.55410661999991 8 8 7.33982141999993 7 7 7 7 7 7.04278740086558 7.56507022606882 8 8 8 7.78502833380612
3 3 3.30304378000013 4.16718478988582 4.69328075950649 5.51732897999994 6 6.66018578000016 8.13659591707534 9.71511005353281 10 10 10.5439537853559 10.0396255959639 10.6066390799999 11.6780674800002 12.8847900677874 14.64184856 15.6938357509971 15.4464545 14.9207498795631 13.5986202791736 13.433722371434 13.1950245979581 13.107091 13.5293909632574 12.5612804938653 13.049129255527 13.6250595550808 14.1282069943115 14.9918775962965 16.581752113096 17.7526176775121 17.7136375281198 17.7723558412724 17.2691195786707 16.4879299199432 16.425361618898 16.0560451388412 15.05410542 15.5690133447489 16.131072432982 12.6612162364099 11.2148463199999 10.14341792 9.27927292458654 8.55410661999991 8 8 7.33982141999993 7 7 7 7 7.00958772911654 7.59316788149142 7.91133453209919 7.4464545 7.2787112933148 7.10019107607744 7.24738446546949
2.47513878161982 3 3.11364932694271 3.60906143877613 4.72457680449514 5.81898576978635 6.36795799593242 7.28515968000014 8.63096249263022 9.80304258000014 9.45347846119251 9.37502610000002 10.3793571404899 10.5695036040362 10.0600733983175 10.4618870125989 11.0530935800001 12.49899176 13.4713774754424 13.7717095205527 14.7429825959951 14.3398166199999 14 14 14 14 13.0108279103077 13.6582588839737 14.1001096817452 14.8565844800001 15.9280128800001 17.1398763210988 18.2786732246202 18.1076497199999 17.4778164878847 16.0546641399998 15.5578902549904 15.4242563735721 14.8285075610673 14.3953170446515 15.9783471792594 14.5059812721778 11.7397120381922 10.2881669875265 9.69696341999995 8.76596916103592 8.20780444468276 8 8 7.75241580183902 7.16773863244217 7 7.54651703899536 7.62497389999998 7.00649566956724 7.31956030384837 6.6899815018704 6.37502610000002 6.26138037330791 6.14043324097338 6.37502610000002
