catData/variables/pastClimate/lgm_CCSM4/bio10.asc
NCOLS 409 
NROWS 350 
XLLCORNER 60.897278365 
YLLCORNER 5.843756025 
CELLSIZE 0.0892857 
NODATA_value -9999 
[rows 125 to 149 of 350, columns 116 to 173 of 409]
30.017749796 30.2134429170502 30.28392519 30.319099824867 30.362553742 30.3374214852158 30.4273413172572 30.5361891667014 30.649942808 30.6956855946186 30.7 30.7 30.605411022 30.5157964235469 30.4925519264116 30.4135000276297 30.4 30.3745680002875 30.3100554337539 30.2625787162047 30.21607481 30.157200272 30.050057432 29.942914592 29.9031662460023 29.7391649659563 29.7008698500851 29.5968151918735 29.407200392 29.2437127513721 28.7170703209971 28.1582503245842 27.884111526 27.7943770358744 28.1581006328326 28.5111377175424 28.666017138 28.773159978 28.880302818 28.9733889346233 28.98392519 29.085656528 29.192799368 29.299942208 29.38392519 29.3887962911284 29.3879614018261 29.4267737520912 29.5 29.5 29.5 29.5 29.5129084868386 29.5894635432028 29.5847951172442 29.58392519 29.5693453773079 29.4439355061051
29.8436959307731 30.1395367464472 30.3 30.3027066922047 30.3055872814693 30.344589098 30.4988431948174 30.649942808 30.6969647038345 30.5001226364813 30.5730571730273 30.60893197 30.514342992 30.5 30.491125342 30.3854131801161 30.30893197 30.306225299232 30.2658986490939 30.164343112 30.10893197 30.050057432 29.942914592 29.9023973212763 29.8268695870496 29.7136754306244 29.6138598997015 29.505468814 29.2838940367068 28.8883632147175 28.0636774389839 27.6475257153313 27.5028281777138 27.8555837820506 28.2905289209274 28.4641329326351 28.635069615039 28.773159978 28.8071726236129 28.896377628 28.9950718517352 29.101731338 29.2007926389167 29.224948988 29.3300231964314 29.4 29.4 29.4039826205464 29.40893197 29.40893197 29.4690522584757 29.5666251321498 29.59106803 29.5988786285021 29.6861396631719 29.689491553154 29.6153700235601 29.7760653176119
29.9074033349252 30.0495557658441 30.3 30.3 30.3367762957643 30.399008626929 30.4526574896223 30.6184853396844 30.6351635230089 30.5260108005956 30.501084330791 30.4159075170888 30.1231959655642 30.2070682235246 30.3034194808313 30.301502556138 30.2772540305552 30.1720281152485 30.1029083020581 30.1009913773649 29.9983876986568 29.9025249179783 29.835771752 29.80178913 29.721486072 29.614343232 29.507200392 29.3018157018185 29.1403033034989 28.3018675742722 27.1916989792159 27.2876729774082 27.769524166 27.9870008393649 28.1544461310345 28.3202735182722 28.533823406 28.674949108 28.7806552261923 28.801564516501 28.9892738148057 29.101731338 29.2 29.216017018 29.323159858 29.3702394566607 29.30178913 29.3893703979054 29.5490165492594 29.6542424645661 29.6958137381272 29.769581478 29.7175558795138 29.69821087 29.6070072258007 29.7016691548127 29.805454444287 29.8824806529802
30.023103506 30.2205139047589 30.3012399501804 30.335657128 30.442799968 30.4631517829985 30.4596697800621 30.6167992962455 30.628628672 30.590729491244 30.4243867783046 30.0981923928264 29.7632753468518 29.6964980015404 30.1221527790944 30.2937887596078 30.222291440663 29.9123351545418 29.8130217179487 29.9441243282992 29.796722024178 29.7579243039433 29.728628912 29.621486072 29.5903470971536 29.501846682 29.3997678487252 29.1907196156772 28.8268372732076 27.3348209737164 27.1711142305521 27.453143118844 27.6728868176386 27.8862106713008 28.103462916 28.3114446776411 28.455309718 28.4932093530582 28.655251926 28.7867735349369 28.894588498 29.0016386471844 29.103520468 29.210663308 29.271486432 29.1995132457193 29.2835937704875 29.494530466 29.657084928 29.8104940406778 29.88393887 29.8996059108371 29.825051132 29.5664253264399 29.6165825559452 29.9983615799667 29.8960046870939 29.8
30.117749796 30.302001664638 30.335657128 30.442799968 30.5452633176459 30.6 30.6 30.6 30.533982382 30.4176970087858 30.1465935559999 29.4097898467165 28.8631923778606 29.5855871034842 30.18750345 30.171485952 30.064343112 29.9609871237904 29.8297874243624 29.7459412701312 29.7810387724936 29.716132362 29.608989522 29.501846682 29.4047389537945 29.300057552 29.2638627921229 29.0486582039153 28.1460590705778 26.9860515253092 27.1836895396799 27.3299214802013 27.6421252083707 27.8351183261147 28.090966366 28.1948607060867 28.266017138 28.373159978 28.5505705541972 28.762394766 28.8939122469468 29.0002163575188 29.0202617619092 29.1140154433371 29.1730261417047 29.2083276103862 29.4280867372421 29.569755664951 29.739234668 29.691827012285 29.6497426040011 29.9185519290439 29.9422290238111 30.0780286152339 30.005411742 30.0120638949458 29.9708645100991 29.7979984553288
30.1356462101697 30.319163524035 30.4382513717603 30.5362548244444 30.612285173351 30.6 30.6101598370584 30.6080767427369 30.533982382 30.3680473516724 30.0787294959999 29.5808320024088 29.3083761991458 30.1186190345267 30.06072122 30.0478494609004 29.957200272 29.8744092506902 29.8306293715145 29.735771752 29.6184691220761 29.5134092821285 29.414343232 29.2928321714621 29.2449501892574 29.153635932 28.951904354 28.461836518139 27.0589139896124 26.664069032 27.0694802940001 27.390908814 27.674891556 27.8533455505847 28.0129425632107 28.158874298 28.266017138 28.3875281514033 28.484171224392 28.674891316 28.8706003919826 28.982091948 29.08036061 29.08036061 29.126680326 29.3047120429593 29.323275682 29.4382707812505 29.710649388 29.817792228 30.0310382318718 30.11963939 30.11963939 30.1024656433218 30.0239882988828 30.0772383910875 29.891126062 29.783983222
30.235657128 30.354527798568 30.5062029192693 30.5711572037868 30.6458004549439 30.6 30.6378769713814 30.614342992 30.5248811422933 30.426839542 30.2021041339358 30.066118322 30.1228204003574 30.16709467704 29.8172764786827 29.7842913936908 29.7347548469758 29.689350132 29.61965331 29.5870063425039 29.442972144 29.34643554 29.2627372359841 29.1125207497065 28.992914712 28.8623519104721 28.4039283303475 26.8963038408362 26.406969944 26.744415722 27.1374214025709 27.4095752414481 27.6648627416108 27.862395006 28.024949228 28.132092068 28.2569157697386 28.4267260824241 28.4947246554132 28.6514714187495 28.767806268 28.901731338 29 28.9957102854001 29.0133347595628 29.1302040634509 29.1256267927833 29.4892866662032 29.9388037617866 30.058874058 30.166016898 30.2 30.1784931788641 30.1091921849732 30.0746671551895 29.9987325286479 29.9155316535147 29.783983222
30.3397891526411 30.416017738 30.523160578 30.6102804557689 30.6212214007611 30.6 30.6 30.5610985316488 30.4891320237623 30.4177342085888 30.319696702 30.212553862 30.1679106230012 30.059765921875 29.692900552 29.5534383717738 29.346320676 29.4388556989538 29.3236319656374 29.3509481287113 29.228686464 29.1121766317713 29.0109829173973 28.9412552748313 28.8246039333613 28.534334747674 27.2330275416855 26.0425700671459 26.6635589765186 27.0210514400228 27.3310171774586 27.4842506530714 27.637445778 27.789177236 27.9692813913385 28.092799368 28.2435629857215 28.373159978 28.480302818 28.587445658 28.694588498 28.867806268 28.9570432167047 28.848282702 28.7560315858463 28.6988346785251 28.8296410280432 29.3560046604484 29.7350117198367 29.9631199087767 30.1429593157167 30.2 30.119697422 30.0703340807317 30.0035758047383 29.9994127237917 29.9513375436782 29.783983222
30.44106791 30.457085648 30.564228488 30.6589263475688 30.662553742 30.6 30.6 30.5758213591583 30.4540089099444 30.369954528953 30.2456499058503 30.130418042 30.023275202 29.916132362 29.808989522 29.6640888966516 29.3999220957034 29.3003847323955 29.0413769899416 29.173275322 29.0356459111761 28.8758790097212 28.81786418 28.6846132170319 28.2442707308931 26.992779446213 26.0126961022555 25.7113575655787 26.7017188379946 27.173102426 27.387388106 27.571370848 27.678513688 27.8119335324895 27.9822178873869 28.117806388 28.224949228 28.332092068 28.4722135970237 28.587445658 28.655742978771 28.6778165836684 28.7200391443028 28.5166036538523 28.2537146849187 28.148166878 28.3215120324654 28.680979310105 29.1406944320502 29.5543930591528 29.9198229042555 30.0958187107161 30.1035187829214 29.9766425764366 29.95893209 29.957200992 29.850058152 29.742915312
30.4603465597751 30.5565062163772 30.623160578 30.6853904949066 30.6323961138287 30.6 30.5750596447007 30.492914472 30.385771632 30.2433575864948 30.0816867262405 29.9221846730242 29.7633874662889 29.653635932 29.5507716311817 29.487561002 29.380418162 29.1498938115505 28.8739935475083 28.9159963962835 28.7803655415935 28.7227702429865 28.5090351616151 27.7327306786074 26.4515505757219 24.9396454119405 25.1305314860213 25.9452535388157 26.8332542375723 27.280245266 27.4833652890535 27.630302938 27.737445778 27.844588618 27.951731458 28.030490557377 28.117806388 28.2602202020936 28.460605636 28.5031292428715 28.3667730271014 28.4526239410348 28.4871650766896 28.3061703580218 28.0817073737222 28.1939273820479 28.233867038 28.4086902425534 28.7071068072723 29.0057131072483 29.3748030920001 29.6923258343879 29.9553922533694 29.9130038477168 29.9 29.850058152 29.742915312 29.635772472
30.5186318266963 30.6 30.623160578 30.6864706117557 30.6346257418763 30.5753183335084 30.5215499568596 30.4085359187724 30.2420856704045 30.042971904 29.908989522 29.714400544 29.4477564689327 29.2778124454352 29.23393923 29.217921732 29.1235989705391 28.9816093890929 28.6095729383497 28.440821851501 28.48929282 28.4503998468632 27.8809558270123 26.431254202 25.0811719588276 24.8350381152537 25.399653968 26.5640114800001 27.0721522260908 27.276680926 27.4806264536905 27.630302938 27.737445778 27.844588618 27.951731458 28.0325890375303 28.121370728 28.301673546 28.3381572554633 28.1496849499957 27.9965409441102 28.291982515738 28.4425847565299 28.4231293309479 28.4887813011582 28.6800125144197 28.724920668 28.9013331539459 29.0086546790588 28.8726974845916 28.9178966998015 29.2790579368352 29.6216024124289 29.8237981744606 29.8970044065215 29.853622492 29.746479652 29.639336812
30.6055464944161 30.6524859155833 30.623160578 30.681061445582 30.6234598864186 30.555410902 30.4353387711604 30.2940522184204 30.0642096795789 29.7372408751567 29.6198976764222 29.3829677195771 28.7706736738826 28.8521789288482 28.9639144511506 28.833996782 28.7644886644259 28.6155443802938 28.0548610041358 27.9976296831445 28.15001428 27.958676235142 26.9585551178517 25.6620334530116 25.1893852294466 25.434178644863 25.9242818391359 26.4211686000001 26.9380237112999 27.232034516 27.446320196 27.6492411924351 27.799942208 27.8792187535637 27.951731458 28.0956686324376 28.228513568 28.3173716371224 28.0263387506817 27.90627896376 27.9591144344406 28.0148913615588 28.167762636 28.3760413624424 28.5443563415569 28.6613788735563 28.7483655124443 28.9559132695551 29.0810459073365 28.9866876457845 28.9662510644468 29.1246768577632 29.285426051552 29.5748469640001 29.8253275368983 29.835772472 29.7341755264504 29.683983222
30.7357926096391 30.6951368978137 30.660542133106 30.6211603910802 30.5739226992865 30.485771632 30.326896854 30.1304859863867 29.862668606 29.468079628 29.2488761989737 29.0200013581464 28.1026282184407 28.426112581413 28.6671526269538 28.4277343593589 28.4354957270618 28.130481137946 27.7143825698964 27.9277656307875 27.639744231542 27.0271093495209 26.3034475611232 25.4738152514912 25.0703300111056 25.3103298269879 25.7960295086454 26.3795030182788 26.9685961320881 27.301673786 27.515959466 27.7091424011882 27.837445778 27.9310511880783 28.021370728 28.1463882346552 28.266017138 28.3 28.0662527987338 27.7918808786105 27.855309958 27.9749876814334 28.2901255232223 28.4186435771781 28.4766707719558 28.5 28.574891076 28.8512787978881 29.1270350005773 29.0039204889471 29.1106331013754 29.3411743549542 29.3470153997792 29.2971330402817 29.6407175363769 29.7298351560102 29.7 29.6616752874465
30.7211573259447 30.7 30.676839422 30.6 30.562553742 30.4211744517256 30.219754014 30.005468334 29.725165036 29.4429243446761 29.216175514 28.9347468441301 28.1719924594076 28.0775085768036 28.517036365003 28.4449845721328 27.9802364038094 26.8175344138435 27.6399790656569 27.9695175920161 27.2920573792632 26.8232937651749 26.4770415499999 25.457963159634 25.1335154596346 25.3255412184072 25.9717623677175 26.1072496543742 26.9566551093907 27.332034516 27.546320196 27.730302938 27.837445778 27.944588618 28.0120109530138 28.1272971162521 28.164638434964 28.2026095547839 28.2475868481496 27.903781588 27.6576445396732 27.7739203063048 28.0181498468864 28.0762019531384 28.3407841805816 28.6698503136454 28.9012986776455 28.9032844573409 28.9333957852909 28.834115501925 28.7998565437952 29.2103211780275 29.3277912157728 29.2826119280774 29.437254561086 29.5477649535706 29.62321789 29.575167556
30.7 30.6865571213924 30.6123519755062 30.5491357431904 30.394703842 30.2803932822019 30.1560271771005 29.982250444 29.701947146 29.453679084 29.1719989013051 28.853736636 28.4714872139681 28.5063950804377 28.6604018477108 28.2049551679307 25.8601992447766 25.6727121606227 28.0570013469321 27.9022133564357 27.2402280247226 27.026724438 26.5161428040886 26.1406627352695 25.7830366503501 25.2913300866115 26.2118054702885 26.6739047682636 26.8664684237387 27.4025169902321 27.5268830953336 27.646377988 27.753520828 27.860663668 27.91607505 28.033823646 28.050057912 28.089235028 28.196377868 28.1598473170147 27.9473927056523 27.9523314768983 27.98392495 28.018533729652 28.1954549357671 28.2507229937097 28.4753776480875 28.6408815897693 28.8112216668409 28.683431836521 28.6983640459142 29.1000848309268 29.21607505 29.2894635733338 29.3152051097676 29.333881198 29.4470449960591 29.5788338118562
30.7829856165266 30.683982262 30.5789081734642 30.4759220270671 30.362553742 30.255410902 30.1011569293392 29.891182654 29.6710001417232 29.453679084 29.2322205447857 28.928729376 28.8657211315446 28.8702038028617 28.6749614321787 28.0714819460933 26.5005676332748 27.5798973963647 27.9557037197151 27.494039989401 27.5271610327846 27.4818861054827 26.5385646993576 26.5152193964589 26.1896256497769 25.5485279819999 26.169119994858 26.8031538196335 27.0111368789562 27.3541225937584 27.614227888 27.6937745120583 27.7033447355271 27.753520828 27.8560429055354 28.017748596 28.033982862 28.0065348028709 28.089235028 28.0292973818084 28.0009667334456 28.092644481254 28.18213558 28.1704105830505 28.085772352 28.041941608621 28.2609571438204 28.6297824064415 28.894530226 28.8628021650078 28.7908936738945 29.092638952 29.2 29.287445418 29.3 29.3001546253087 29.3185987867775 29.4164337677538
30.791125102 30.683982262 30.576839422 30.469696582 30.362553742 30.2116196679428 29.998325494 29.8418611043849 29.6031284454512 29.4273198007127 29.239393404 29.1094243920809 29.0035248287957 28.5968019858951 28.145123248725 28.5236535430089 28.5487130645214 27.9544296596665 27.3360726849385 27.3797342437581 27.650004300969 27.523376386 26.4769380031564 26.440750678 26.5931678570264 25.55109075799 26.1568067314988 26.8085649369883 27.3299707658267 27.7566249439906 28.0914675698456 28.0630818136817 27.9210804210356 27.7990084853539 27.851731458 27.9021069580522 27.9023974491378 27.8299384946983 27.883881558 27.9020140136294 27.9946853297933 28.199941968 28.3069260161211 28.4275954848551 28.590638734449 28.6195664780001 28.7654949344467 28.9390266001189 28.9982725857911 28.9400724672684 29.0278818528646 29.1717189232116 29.2 29.201564722076 29.20178937 29.3965105077483 29.3001587875844 29.30178937
30.699524884998 30.678628792 30.549565268595 30.3983777156084 30.3217586881881 30.110821804 29.948268062 29.782250444 29.633982382 29.4575957071709 29.325050172 29.213225929236 28.9263606511211 28.4314992422146 28.6724258216927 28.3100630619502 27.8470859722532 27.5139630781731 27.0933075353982 27.6200262826365 28.2562058010671 28.0749970710821 27.1504532196819 26.840318043742 26.7018384734044 26.0825020733252 26.7617736837122 27.7669818975788 27.7594823213895 28.2391029442037 28.4379806391016 28.4771594846101 28.3231037955085 28.063267714288 27.8510379700846 27.80535347 27.7982850546446 27.9566328758969 27.935757592 27.9066976558653 28.1789914302722 28.301731338 28.417748356 28.6008574662535 28.65043332995 28.8016222458466 28.8762352747137 28.950058152 28.89464653 28.835772472 28.926680326 29.140966006 29.1989455044225 29.112554582 29.1996520120155 29.3980835543758 29.2808941856086 29.242696864
30.691125102 30.583982262 30.4797336396247 30.3784060829461 30.262553742 30.1108218039999 29.948268062 29.782250444 29.633982382 29.526839542 29.419696702 29.225107724 29.0935908900833 28.8715437439999 28.6284160804497 28.0979543452259 27.7641941689005 27.5132355311882 27.7229465305243 28.3739602763155 28.3961038072993 27.8901135933226 27.2576702430436 26.7274909452759 26.0880531893357 26.0280724270073 26.888787572 27.2634050972906 28.054942798352 28.4185443171473 28.7096021523576 28.6053044369284 28.275166356 28.02061418172 27.9568825000776 27.9970492043652 27.8639331015648 28.1807225497659 28.254724691076 28.0298151724843 28.1064085699344 28.301731338 28.4166394112072 28.605522244222 28.723159858 28.830302698 28.8953206894904 28.8373434100611 28.77500738 28.7382045763918 28.844530106 29.0496735183443 29.1602328598303 29.1203443135422 29.2898527840567 29.3950230293724 29.11249631 29.1565436315382
30.691125102 30.583982262 30.4954514593457 30.4257053477161 30.262553742 30.1195787238398 29.9577474990983 29.782250444 29.6469476810254 29.5321105999127 29.419696702 29.225107724 29.010822044 28.7165156283347 28.4876131383796 27.9797110946246 28.084550269439 28.0755327645822 28.3688853987119 28.675050292 28.4228720237678 27.5674712204888 26.9025258530851 26.7260040455335 26.6164438240761 26.5261192330771 27.2558707471664 27.687585799197 28.2532465080001 28.806291306649 28.8206666483864 28.637705698 28.2318720509798 28.1526005138598 28.4831888926339 28.8025345323044 28.679696757515 28.5440651910837 28.476195136475 28.0578405778861 28.189176996 28.2827722281337 28.428513328 28.5485275798095 28.723159858 28.8184003133715 28.8379841327523 28.728336800876 28.6189591570003 28.7061857514383 28.8994294883764 29.0482493886854 29.0158290157473 29.1577172991909 29.293525437871 29.396537804 29.2017427659947 29.2325103689434
30.664343112 30.5614901409894 30.476839422 30.369696582 30.262553742 30.1434690542325 29.983608976462 29.7980182811565 29.709101158149 29.5732729105455 29.446478692 29.251889714 29.037604034 28.825050172 28.7202841420181 28.6332566772874 28.4821121736285 28.3864005118984 28.6268256656116 28.782193132 28.5854416741852 27.9867642295187 27.0052238522967 27.0819726146563 27.4102988531103 27.5004034833156 27.8162269203523 28.1101273649532 28.3288389865175 28.858816506 29.0391874602607 28.9915971372995 28.6403599380775 28.6111884622889 29.0872718020001 29.3665591487942 29.2770670107025 28.7754190160241 28.2984427579999 28.027576118143 28.1638443139245 28.25783062046 28.508874178 28.6117273418409 28.6901751971464 28.7242489875481 28.710663548 28.7851596649371 28.7103922136316 28.6541207593477 28.7215542689793 28.8731618622848 28.9411606584097 29.0573010611043 29.262394526 29.3706830589865 29.235655928 29.3224923781177
30.591125102 30.4945660096137 30.442914592 30.335771752 30.228628912 30.092023749695 29.948268062 29.8610983903494 29.767907212 29.6359448109963 29.519696702 29.3547736776581 29.144746874 28.966117842 28.8648389473604 28.801889834 28.6492280627061 28.7508637812422 28.8671851841552 28.821486312 28.6450618833974 28.3176699977191 27.7729168637708 27.6911251064159 27.6267286163548 27.8045576682385 28.212279782 28.5029186331072 28.5973260695601 28.9374683435472 29.1723880021257 29.3102802202015 29.334589301586 29.3062373148559 29.406350745268 29.5538978355102 29.3474020441626 28.5493674133419 28.167712399442 28.0467019475434 28.128513328 28.367806508 28.474949348 28.56607517 28.5582182275452 28.5527106175638 28.6501488731091 28.7633866765638 28.7658185097634 28.675050772 28.5891325891644 28.614415591255 28.7669379441443 28.9452251266008 29.155251686 29.2672497141073 29.3367778312384 29.350058392
30.550057432 30.4494927037833 30.376839422 30.269696582 30.162553742 30.055410902 29.9695131635824 29.9168891704577 29.833982382 29.653679084 29.519696702 29.412553862 29.210822044 29.098268182 28.9947699572611 28.9156106872209 28.7916467511807 28.8518884982972 28.842972624 28.7098990121204 28.6085399150601 28.3192580661208 28.0753982716381 27.9461372435024 27.7615454022967 27.9137167183617 28.319422622 28.6596434487388 28.7141043193014 28.9004061893415 29.169558695855 29.371370608 29.515959226 29.64106767 29.6198227655424 29.658874298 29.5172665491318 28.6354185690114 28.5213574814062 28.1941980232296 28.1968108757834 28.260663668 28.3641620898637 28.4244424760961 28.4547949001118 28.501673066 28.7005807360244 28.8 28.8 28.741125942 28.567966204 28.4699550002253 28.6668616662655 28.805310078 29.0458863696542 29.202040352772 29.3126350415738 29.242915552
30.4954037355878 30.4404882768197 30.376839422 30.269696582 30.162553742 30.0769075335502 30.0232702788573 29.941125222 29.833982382 29.653679084 29.519696702 29.412553862 29.2564238726976 29.146478692 29.0439319921174 28.991704619475 28.971370848 28.987604154 28.809424306505 28.7462273563101 28.7232703945625 28.4865642392096 28.4058536967552 28.1131407637851 28.0344305841926 28.0477612012002 28.2897603230229 28.5061453605849 28.6692207123547 28.880245026 29.1408509020001 29.4931226489548 29.6352069749055 29.6785035998602 29.6249980317322 29.5737235000258 29.5848329287516 29.0826433920388 28.8570016636935 28.2813785643052 28.1543984027129 28.153520828 28.2603460629442 28.364227528 28.4825358536571 28.6131991602513 28.671182343158 28.7250752644345 28.75178949 28.7212989156195 28.599793287212 28.475050772 28.4926728188092 28.6331822799895 28.935554264 29.1991654288256 29.1560676607669 29.1917049923594
30.4950874466479 30.428628912 30.3343062278024 30.269696582 30.162553742 30.1 30.0196327012971 29.9183610339281 29.7974394188468 29.6388224983783 29.5641472676035 29.467907212 29.360764372 29.253621532 29.146478692 29.0464871282708 29.023160338 29.0729412923589 28.9899790745954 28.910764492 28.803621652 28.78794237908 28.7741638696948 28.5515387861212 28.4323163172446 28.2371590340388 28.2005793675886 28.4588165060001 28.6918011793121 29.0892284771189 29.2648874216812 29.5220262173314 29.6792725074434 29.6494206195634 29.65535335 29.439838065304 29.421327576 29.2044864073645 28.8504937641851 28.1771736939999 28.0470627043577 28.101731338 28.217748356 28.4248829740331 28.5760335514835 28.6311175104834 28.6 28.6199072170663 28.6732816121588 28.667411236616 28.6517148812182 28.582193612 28.4306006049406 28.5264868677156 28.8807691935096 29.142915552 29.053520588 29.14464665
