catData/variables/pastClimate/lgm_CCSM4/bio15.asc
NCOLS 409 
NROWS 350 
XLLCORNER 60.897278365 
YLLCORNER 5.843756025 
CELLSIZE 0.0892857 
NODATA_value -9999 
[rows 104 to 129 of 350, columns 118 to 176 of 409]
107.496402569394 108.217994667747 108.678511 108.375969065269 107.824496555078 106.872260797522 107.417872959966 107.49882979759 107.852088624854 106.826642405405 106.356651340518 105.33368789563 105.0177665 104.963426257073 104.91011438 105.27805783608 104.357022 105.097529006848 105.158635170709 105.135042543471 106.99885856 109.14171536 111.28457216 113.42742896 115.249388263954 116.046380507204 118.85599936 120.83868358 121.91011198 122.98154038 123.805547861383 124.607000182122 125.85657008 126.3392555 126.775460108393 128.711398809164 129.3392555 131.369296831448 133.55251446 134.94760674 132.71600816 129.82206332 128.754749616171 128.405830549614 129.46629154717 129.383895744726 128.50045432 126.84028534 124.685699647817 124.496396869901 124.678511 126.130755969938 126.964242212381 128.71267744 131.602110442731 130.67966444 128.615377917844 126.630403584599 125.37445298
110.231280765021 110.323562764497 109.332417952759 109.063774633282 108.318274001048 106.570977671186 106.34198380829 106.520909577828 106.4106839 106.051556690062 106.557428076179 106.831573682297 107.4106839 107.316290205469 106.957855400648 107.535134173234 107.975152567117 108.861059541 109.337872374882 109.0534195 109.560398832056 111.28457216 113.42742896 115.57028576 116.76725518 117.704887407939 121.336648448111 122.57085648 123.64228488 124.838162567593 126.19582558 126.8213678 127.33868238 127.579580536876 127.4106839 129.004570738221 129.919106844772 130.87445658 132.114850494924 131.73332154 129.50172296 126.673557434186 126.695572204207 128.892289558049 130.682020971669 132.004485089717 131.71473952 130.05457054 127.13361732273 126.615248464255 126.8213678 127.336697726987 127.799142646896 128.859082058442 131 130.745442768545 129.083974897572 127.090926259999 125.066889359614
113.73261882 111.898184385498 109.459733448585 109.4821123 109.750025643874 108.212693972671 107.64801884691 107.621110986754 107.094960223036 106.12553862 106.912050194765 108.4821123 108.524898117801 108.9642246 108.9642246 109.26725638 110.33868478 111.85600176 112.9642246 112.9642246 113.258884518427 114.87376586 116.242320820212 118.19525486 119.39222428 121.481587938956 123.567681621463 124.529288309059 125.19582558 126.57028336 127.977620976863 128.214967211778 128.99942688 128.609529087803 128.636553484812 128.990397874769 129.80302818 130.452870306966 130.5178877 129.009495633452 127.294445863662 125.154440027742 126.667305871839 129.74130608287 132.56970304 134.89222068 134.92902472 133.26885574 131.444274525336 129.844139724454 129.4463369 129.024751784035 129.91010718 130.973189743617 131.4821123 131.32194452 130.130575307011 127.909058982779 125.468716094859
114.76839422 113.594122716363 112.28615952 111.166984489614 110.267183368271 108.82250444 108 108 106.752455582127 106.540097848816 107.398143278112 109.5535407 109.691412124016 111.1070814 111.1070814 111.41011318 112.48154158 113.752041083305 114.839896703231 115.1070814 116.42742896 118.975257342839 119.6606221 121.40954006 122.60650948 124.133982168983 125.788986944482 127.1070814 127.46688294859 129.26668086 130.493441941662 130.166416683605 130.051686630533 128.82251404 128.954911032195 129.524800028682 129.912060099123 129.515952692587 129.4464593 127.98268662 126.920760814041 126.42742176 128.57027856 131.31918932 135.023171246836 136.99942448 137.608935212472 136.48314094 134.635022720692 133.048855565843 132.216114647621 131.23262722 131.529379474549 132.5535407 132.5535407 132.482032305059 131.87548522 130.23045595626 128.381340815334
114.913140675881 114.435582101256 113.62553742 112.665554208937 111.73261882 109.704493469806 108.6249691 108.167738844082 106.895804838781 106.952919138357 108.182303769011 110.6249691 110.80246226 112.725073513093 113.2499382 113.742355478818 115.015341438319 115.417160195457 116.14228608 117.360864440536 119.19525486 120.698027572022 121 123.295427801718 124.57085648 125.65960066 127.71371328 128.725072013167 129.568396703971 131.041643861108 132 132.111443989234 132.055929247479 130.69742134 129.709905253591 129.442114367866 129.3750309 129.047082661792 129 128.60765572 127.680429970379 128.57027856 130.71313536 133.272663621034 136.37387986 138.07085288 139.14228128 138.815432610416 136.92960024 135.51834082 134.44691242 133.37548402 133.2499382 133.635787927591 134.2499382 134.149838286684 133.538113376178 133.212032037121 132.890823958097
116.070215627645 114.907998065367 114.32193492 112.454328045021 111.114007965867 109.947361642122 109.459745041312 108.96479292 107.89336452 107.6963975 109.58817706 111.708457837257 112.508485263554 113.968117935635 115.392795 115.99885856 117.392795 117.392795 117.91011198 119.57028576 121.71314256 122.392795 122.952023488336 125.103598392476 125.679968773286 126.73102906 128.78514168 129.85657008 130.766712136531 131.30302938 132.260771461848 133.452797701037 134.032538419774 132.928910679414 131.73262362 130.66119522 129.833568183018 129.6963975 129.03768556464 128.310403109097 128.846938833738 130.71313536 133.017276832116 135.787246208696 137.880935969506 139.14228128 140.573964588872 140.80405442 139.532197067249 137.338629947123 135.89337172 134.82194332 134.6963975 134.701653156806 135 134.951372661573 134.857680500762 135.48479402005 135.32194452
117.894607323526 115.302470916021 113.570189452495 111.707884209061 110.490722842928 109.506734334051 109.153275810433 109.062314465083 109.430146061196 108.864217703886 110.65960546 113.539672632855 113.92471440266 115.733015261824 117.123488047383 118.90954126 120.015957475277 119.5356518 120.05296878 121.71314256 123.85599936 124.5356518 125.33868238 126.613137506669 126.7678259 127.80245746 129.85657008 131.050983135394 132.71348103091 133.60650708 134.67793548 135.852887102544 136.01833722 134.94690882 132.861687051994 131.830141479518 130.96479772 130.7678259 129.095665933935 128.798432941581 130.71313536 132.978974972612 135.820446051873 137.909033796357 139.14228128 140.21370968 141.405244569811 141.863309685705 140.093867237558 138.160860793472 136.96480012 135.89337172 135.041552756717 135.013291818799 135.7678259 135.7678259 135.99942208 136.7678259 136.680887616376
118.11080651323 114.55467734 112.726089870454 111.928324942296 110.453609891723 108.077888814019 107.875547097823 108.1607457 108.96377868 109.754075266698 111.73103386 115.6785086 115.781520811125 117.133856820717 119.14171536 121.030251435598 122.093328752488 122.5177629 123.03507988 123.70703947646 125.15960186 126.453254575454 126.807592312703 127.71371328 129.426934401961 129.698607817177 130.92799848 132.15959946 134.26522739835 135.98153798 137.05296638 138.12439478 138.595352505718 136.94080976488 134.412791829402 132.450512077512 131.19697182 130.266108555072 129.856651813541 129.87388106 132.091214780455 135.15901914 138.14170576 139.98153558 140.738700692177 140.910928200335 140.648999236985 140.3214914 138.895034115191 137.42914832 137.031662758876 136.12554582 135.84795344256 135.842036965598 136 136.134421498087 137.07085048 137.584939618229 137
116.463130857066 113.759216925235 112.284520826596 111.0893173 110.479586779481 108.73318714 107.368436827844 108.421836568494 110.445023922416 111.69582678 114.574550418753 116.9106827 117.08024925509 119.14171536 121.28457216 123.400362979596 124.42447946447 124.722808731868 125.778253455898 126.357525632271 126.849977979121 127.64228488 128.641988756777 129.69582438 129.990333613771 130.92799848 132.080244669452 134.14171056 136.28456736 138.12439478 139.19582318 140.26725158 140.350255961536 138.680611806632 135.899815985198 133.44748314 132.10765452 131.832578599307 130.959964312524 130.961076455645 134.08759074 137.156011728018 139.16296703985 140.30302698 141 140.593941355343 139.100897867174 137.642478739006 136.548818409162 136.113290297331 136.0893173 136.011213413669 136 136.894917889994 136 136.16016778 137.442506814513 138.883617362681 138.480357549151
115.550534167362 113.399352588143 112.004491452705 111.544196619152 109.974615514657 108.418609069838 108.636556528667 111.145948338829 111.975064053352 113.715390707819 115.872922687685 118.01612785362 120.036667458695 121.28457216 123.427428960001 124.975064010419 125.361062818572 126.418087236219 126.9821111 127.57085648 127.9821111 129.432227901762 129.978587533743 130.85657008 131.911077595248 131.99942688 133.15959946 135.30245626 137.217855166771 138.600637897724 140.724328022219 142.41010838 141.93884722879 140.382836155705 137.98370806 135.50102264 133.372531130809 132.123297586314 132.912043296363 133.016162340001 136.317601827172 140.109368748333 141.19582078 141.672036858685 141 140.116208810352 137.475206505856 134.868828561361 132.745138436866 132.790065507629 134.630987764248 135.87670005662 136.928961781115 137.96480012 137.069263030106 138.12438998 139.199961380905 140.279714903591 140.957523648086
117.577927882341 115.42638023696 113.338105300698 111.16175754 109.998145458109 109.420755243534 109.0535395 111.209183496589 113.60606596 115.842559210109 117.948216094124 119.07085768 120.23103266 122.525488751658 125.23160338 126 126.354411769193 127.416221731629 127.510379912451 127.64228488 129.37388706 130.78514168 131.813576224262 131.219177213119 131.951681705237 132.964703358204 134.093495499025 135.516906120306 137.958860300669 138.30302938 140.103325057688 142.416219203134 142.510382183956 141.433275515222 139.054831105599 135.897909646421 135.107079 134.279440388065 135.055861271113 137.071779829709 138.36855314947 141.205134248648 142.23159858 142.69697302 141.62554462 139.240337274639 136.01891514 133.87605834 131.179067911314 131.638183402074 135.286734422504 137.802447860001 138.104181580392 139.037155341214 138.102327937964 138.365299757143 140 140.319248364501 141.448040505323
118.584061747954 116.261295064692 114.970203864502 112.413875899399 110.275616623452 109.83868358 110.2499358 111.71314496 113.85600176 117.63850171771 119.07085768 120.01731818 121.188583633735 123.44531786 125.35657128 126.16283714518 126.2499358 127.030269441047 128 128.58874538 130.32034756 131.54874860386 131.850417245218 132.640211777633 131.922382379515 132.036795476664 134.269185738565 135.91023678 137.010607868109 138.215930425257 139.702120357595 141.822525919554 143 141.89608801385 139.887125370998 137.78673624 137.2499358 137.2499358 137.368141059592 138.28456256 140.416329486111 142.185016293112 142.644643015443 142.82194092 141.75051252 139.78731656 137.154990956779 135.07245464 134.332435731076 135.10650108 136.880602814628 138.998844160001 140.077613420331 140.247772483182 140.047318093966 139.350056086657 139.932916276525 140.731017060001 142.827079257441
120.58227495825 118.28729376 115.82193372 114.75050532 112.847637384301 112.17793668 112.4595327409 113.712317327425 115.80246226 118.47629848095 119.74949348 120.210313253525 121.28366923995 124.453830713151 126.0806931269 127.362546100374 128.269938893849 128.3927926 128.494391740799 128.946679451452 130.127776796753 130.162973142448 130.80303058 131 131 132.048546584877 134.732288548598 134.16017258 135.417716384452 137.40966246 139.325145724996 141.446484444027 143.101598669448 142.60765332 141.406569703602 139.680483929873 139.1963963 139.1963963 140.14228128 140.420618792455 142.106170337248 143.582536347833 145.189495344197 143.560090097672 142.552002968853 140.641092209244 138.780682318097 137.330937911572 137.119703134953 138.268072998522 139.39221468 140.994618129058 141.1963963 142.182485132421 141.375364514104 140.907517099371 139.810500327154 141.683419647358 143.17805668
120.562599268547 119.09089746 116.72582774815 115.941354337951 115.01833002 114.966715982446 114.784460007356 115.26725398 117.14171536 118.17590842324 119.467047126561 121.277101172726 122.039617789177 124.593047047898 125.73103146 127.711569468862 129.10663548 129.7321753 130.24949228 130.45879102955 129.784461764576 129.875369311244 130.80303058 131 131.253332003782 132.03463156 134 134.16017258 135.169572517012 136.41939281279 139.023084297409 141.62394766 143.388039502194 143.41125702 141.856467441797 140.53622492 140.2678247 140.502025771202 141.48153438 142.272461650805 142.689365719394 144.224927169593 143.830429240209 143.2678247 142.51891394 140.82194092 140.129275720585 139.726617958433 139.712458959018 140.874789162362 142.07085048 142.502025128422 142.5356494 143.263188391975 142.935027217826 142.064760032372 141.169569002571 141.7321753 142.10662828
119.739319878843 119.296508029942 117.551468608901 117.3392531 116.82193372 116.3392531 116.787186731222 117.501164758261 118.194846448531 118.914821267991 120.89177956 122.368014213749 123.91125342 123.426185081493 126.045381495365 127.527102741527 128.247423403108 128.81201598302 129.51731698 130.58874538 130.776033998596 130.425541335064 130.59742245268 130.6607469 131.60663428 131.69537846 133.6607469 133.8752585243 135.157142700856 136.484790683444 138.961132697316 140.89177236 143.03462916 143.610989901068 142.455116532804 141.764795206649 141.6785062 142.55296278 143.62439118 143.689945962164 144.397888956036 144.83982982 144 144 143.378124388477 141.742101865395 140.833687341465 141.067514713139 141.775457707011 142.248196679117 143.14227888 143.917045988627 144 143.988561823629 143.309147990243 142.734001855885 141.260683377987 140.897197971859 140.908165545731
119.136489570861 119.410734851594 118.779322274048 118.044443146994 117.709359616872 117.821363 118.870593216133 118.809768567357 117.642834117552 118.80047914877 120.89177956 123.01020592386 123.609911655783 124.010151157902 125.136488156497 126.070932514042 127.486204736825 128.262770389133 129.10663548 129.936277044224 129.789584378231 129.720009718629 129.624504526281 129.5893185 130.53520588 130.62395006 132.5893185 132.90966366 135.242748935736 137.892291699677 139.37445778 140.708655154769 142.836399187687 144.241785850141 143.09033874 143.14228128 143.4106815 144.644261219959 144.990333055172 144.992889715131 144.5893185 144.494927249778 143.904886747768 143.5893185 143.21486312 142.063783379192 141.715543137949 142 142 142.73159738 143.80302578 144 144 144.4106815 144.285498498312 142.83983222 141.76840382 140.69697542 140
119 119 119.180532116998 119.235233307336 119.46426877088 119.680378666659 119.505731135756 119.11282237271 118.9642198 119.83868118 120.48793087826 122.526239366028 123.17749316 125 125.111658282372 125.639047058847 126.568389400066 127.732857398715 128.51731698 129 129 128.62111047384 128.897991487379 129 129.94588738 130.026283451036 131.560674547745 132.397565946526 135.073542444077 137.33880958 138.59076778287 139.96377628 141.820431359568 143.62452318 143.670262913984 143.155575189673 143.422928035557 144.423634911324 144.519826346239 144.492229768099 143.078563490682 143.5178901 143.397947488244 143 142.62554462 142 141.750598676631 141.5178901 142.154438101862 143.21370728 144.28513568 144.4821099 144.938129256056 145.473764105163 144.865303373617 143.32194212 142.25051372 141.17908532 140.4821099
120.235279269731 120.492873875161 120.274259800053 120.99942928 121.5535383 121.29068496527 120.812333220378 120.987248324515 121.551586110593 122.051028414299 121.16118682 122.01731818 123.128368528976 124.535124686132 125.35980472124 126.385798603653 126.581738231455 127.752610473437 128.51731698 129 129 129 128.555491817899 128.4464617 128.868764187683 128.91023918 130.178160790129 133.41027102472 135.103400967253 135.74949108 136.988100537037 138.33880958 139.641199126822 141.254019868286 142.55309478 142.239660837003 141.914014472781 141.8929234 142.83880838 142.877463877865 142.08874178 142.911339670852 142.4464617 142.614198739363 142.62554462 142 141.48268782 141 141.954909145098 143.17805908 144.693993005118 145 145.94588258 146.54580961044 145.969216574451 144.39337052 143.193744764236 141.69697542 141
121.85657248 122.511318791462 122.2499334 122.69582438 123.2499334 122.881985642801 123.450142957266 123.8749001 123.172326465495 123.546509242936 122.08792730563 121.39235148 122.46377988 123.635312308673 125.318462359893 126.450771063083 127.139861917024 128 128.194011094155 128.742979557279 129 129 127.695102048418 127.3750333 127.96618141445 128.028137565885 129.902301128044 132.91023918 133.7500666 133.863712708378 134.733581323056 135.91728876551 136.965718865925 138.92755256 140.41023798 141.207292100227 141.073870991662 140.453493756904 140.13862505094 140.760886885965 141.408314422601 141.790098477666 141.855258599733 141.67806028 142.234600063136 142.27866251457 142.10765452 141.257023442561 141.247585351127 142.563854680307 144.104187188259 144.921538043176 145.94588258 146.385852086044 146.877980397478 145.46479892 144.16177434 142.32194212 141.390946056784
123.463106849676 123.907426618085 124.3927902 124.528164886394 124.6963951 125.747651596512 126.423097489334 125.88330435535 124.64955737241 124.049310339658 122.10822044 120.32092308 121.454154163454 123.208804888785 124.53520828 125.817666526736 126.852915711006 126.917724422258 128.024118920038 128.87514108222 129 128.490515826699 127.815996862124 127.087426151177 127.94588738 128.706909411311 129.419292247895 130.76738238 131.768495587627 132.3036049 132.791749896851 133.91772275091 135.33823406 137.48109086 139.423516394192 140.222117278047 140.3036049 139.42914832 139.016429585236 140.005256427004 140.3036049 140.46377508 141.233290436279 141.51405348404 142.6963951 142.831767600439 142.48268782 141.41125942 141.459738442844 142.650109029395 143.80302578 144.87445418 145.94588258 146.029366261648 147.669453389409 147.00954230566 144.53680764 142.908000252691 142.582709340452
126.3034705 126.373827915293 126.248125831205 125.7678235 126.959453430908 128.48137419683 128.614546105144 127.80404242 126.116026426681 125.564794117407 121.465038235519 120.01731818 121.17749316 123.037188866244 123.641610397844 125.60606356 126.913059146018 127.21371208 128.405249325807 129.452052538281 129.260926557632 128.830139166455 128.151237749457 127.12554102 127.219612821282 127.464353 127.621237046892 129.26936480902 129.518125304933 130.161875658309 131.60663428 133.02042456733 134.637422868583 136.40966246 138.55251926 139.793916003679 139.383416092234 138.35771992 138.2321765 139.2321765 139.2321765 139.39234668 140.410003332291 141.60605396 143 142.657639955447 141.71486432 141.095484772728 141.66016898 142.73159738 143.80302578 145.545880649078 145.987435206835 146.775861905496 147.16404031866 146.35279141628 145.30463114 143.535154106398 143
127.8392519 128.09357391133 128.30404122 127.6785038 129.23046194 130.184396107014 129.8392519 130.335648387627 130.259583648455 126.526792626792 121.2705511 120.00278386453 120.263760524117 121.590350512595 123.46320676 125.60606356 127 127.820101417954 129.35656888 130.922102958781 131.572382119195 130.289758660782 128.362276379977 127.12554102 126.206162219149 126.1607481 126.189279016642 126.616669442093 127.3214962 127.92755496 129.69595398 131.587479383749 133.67806268 135.33823406 138.035140944991 139.73159978 138.523028894181 138.020180866232 137.206164233354 138.1607481 138.235224807475 138.891323924223 138.747464328303 140.512486091284 141.63575858913 141.71486432 140.64343592 140.654849750372 141.66016898 142.73159738 143.80302578 145.748908360001 146 147 146.98573531327 146.8392519 146.37605954 144.53622732 143.8392519
128.421837642424 129.572460264095 128.966553114693 129.316744431434 129.959981035477 130.57289392983 131.511889741655 132.55296518 132.8213606 128.4490537 121.369105322766 120.015771325358 120.918607117902 121.32034996 123.46320676 125.33009848768 126.43033320906 127.89177716 129.988427362541 131.552012240718 132 131.203051332763 129.30461914 126.443516187511 126.004833322985 125.0893197 125.008502123534 124.33881198 125.389553849947 126.69537846 128.46377748 130.020918479832 132.167062176909 134.26680566 136.46862876961 137.91023918 137.303884983871 137.0893197 137.004833537352 137.0893197 137.016430698334 136.399516575147 137.55251686 139.39234668 140.122765942205 140.544870769071 140.48268782 140.58874058 141.66016898 142.73159738 144.534325538238 145.863240465022 146.861396631719 147.01576476846 147.9106803 147.764818658059 146.747717718681 145.60765572 144.9106803
127.253640808492 128.030360924575 128.753417215285 130.42799968 131.490172563777 131.974750863156 131.993920110089 131.294574134044 131.0357826 125.804659570888 121.219345186537 120.99942688 121.9821087 122.30245866 124.217855765553 125.30303178 126.742220780582 127.998063752703 129.560586766716 131.58874538 131.35163758715 131.004801985917 129.39393884 126.376623059999 125.071035774882 124.0178913 123.841990688747 122.353262064319 124.24949228 125.326342269546 126.777998623521 128.90966366 131.05252046 132.617167657278 134.35612536 135.76738238 136.810076343846 137 137 136.0178913 135.92914952 135.17806148 136.48108846 138.023312846607 138.40353848646 139.46377508 140.516692705188 141.57084928 143.290635378729 144.69581478 145.781610355138 145.997753822071 146.94588258 147.01731098 147.912848282869 147.015025690198 146.76840382 145.69697542 145
125.190468181805 126.032447142396 126.835951719408 128.94531906 130.57085648 130.958977553682 130.303437456333 129.30756340756 127.44747114 125.445062719041 123.423649231482 123.14329312 122.333353225472 124.250098572156 125.23160338 126.30303178 127.020047512103 127.921442678504 129.51731698 130.557225659716 130.28628912 129.254028579071 128.153977491535 127.07200392 125.105328207252 123.980830146709 122.720188546039 121.098060304567 122.12452678 123.51520787422 125.69537846 127.416220533007 129.03462916 131.17748596 133.284999098812 134.717230410582 135 135.827640710631 136.841707941237 135.947389808156 135.91600919755 135.205132233056 136.23159858 137.30302698 138.37445538 139.023871324518 140.08816146 141.64227768 143.303187994602 144.67806028 144.9464629 144.99327864088 145.94588258 147 147 147 147 146.410173897241 144.67908412
124.492154292101 126.73103386 128.49942808 129.905305481478 131.39235388 130.255937481403 129.702642433578 129.908574667858 128.369319957862 128.87446138 129.118203589303 126.236941170046 125.566428058514 126.049723327074 125.202660947817 126.17806628 127.296289283624 128.44588858 129.51731698 130 129.33982622 129.091425032225 127.619255457945 126.266194816335 125.060874830615 123.825251035105 120.91125582 119.979983953454 120.10663548 121.78412264 124.670744363707 126.89177236 129.03462916 131.17748596 132.742670026588 134.496740327692 135 135 135 135.01731338 136.011089660909 136.1249655 136.35656408 137.390124561931 138.37445538 139.50160386951 141.09494368477 142.58874058 143 143.73159738 144 144.76517757617 145.82091708 146.8750345 146.886123860991 147 146.971058467568 146.609877538152 145.62554702
