catData/variables/pastClimate/lgm_CCSM4/bio10.asc
NCOLS 409 
NROWS 350 
XLLCORNER 60.897278365 
YLLCORNER 5.843756025 
CELLSIZE 0.0892857 
NODATA_value -9999 
[rows 175 to 199 of 350, columns 116 to 173 of 409]
27.731970744776 27.892816168 27.999959008 28.107101848 28.1921765559207 28.173276522 28.2518165807308 28.5429044198867 28.6860443906175 28.6869294305835 28.9086975919319 -9999 -9999 -9999 -9999 29.0084260583369 28.9725818479889 29.0303102836853 29.0810008006405 29.1361770110337 29.1894197532921 29.21786562 29.1400538281125 29.0568846277305 28.800158016 28.6177097189211 28.5780539277408 29.1093690004274 29.6478826036957 29.7207272024487 29.73573124 29.748175805124 29.7988662792017 29.8174199475275 29.898126966 30.0430200896416 30.0921154424851 30.1300447471692 29.9990930685302 30.0001802345176 29.9664911118082 29.8361824902679 29.550532153701 29.4473970819281 29.2811779315543 28.9517686442511 28.675133716 28.1753516839999 27.5352959909024 27.0960584144425 26.975959074139 27.662882179824 28.0239524902822 28.2422525920874 28.2307599703695 28.9199459327812 29.4600332301264 29.5736894373874
27.3238933089883 27.474967588 27.582110428 27.7038625549088 27.844606138 27.9270600345676 28.1051338116588 28.4269420457276 28.6496347014431 28.773160458 -9999 -9999 -9999 -9999 29.034040654 28.85178997 28.85178997 28.8674839767952 28.9216326765116 28.996378828 29.0767298371253 29.1 29.131826997739 29.1834805930459 29.0716532710581 28.9083160476595 28.7912852219328 29.3464308523604 29.642915552 29.543494636887 29.4776690196123 29.390055711498 29.3228446083849 29.1964449858856 29.2676621788425 29.5852550494562 29.871021038035 30.0638003353418 30.1422939526487 30.239235628 30.2484037585247 30.0368700594307 29.6184466598761 29.8037274455487 29.5884310709795 29.5710713002034 29.3168185653792 28.6575874544102 27.9804769123029 27.5290106432161 27.7885718623457 28.4658444932605 28.9600908337783 29.2092305525029 29.2305040671165 29.6955297254046 29.8261840258279 29.5513762749576
26.9771344582577 27.326723478 27.433866318 27.5880863875711 27.8242324465106 28.0105896760001 28.2424338948312 28.473102426 28.6143028134627 28.717807588 -9999 -9999 -9999 -9999 28.926897814 28.74464713 28.7318272182153 28.7060679387242 28.782093148 28.889235988 28.996378828 29.0772358764822 29.166017378 29.2326639376387 29.24464713 29.2540088604806 29.3077104511798 29.5436886518807 29.4853320870588 29.4357811180017 29.3045147271865 28.7948943152268 28.2362700196336 28.2146408527816 28.5500074120876 29.0913214556354 29.4400975534251 29.7100517535143 29.9477911669078 30.076739918 30.2362402063329 30.1970933816344 30.0390913051524 30.1035546011514 30.0763988219091 30.1139498680609 29.9502190777596 29.5201089065473 29.243074563698 29.1716872036347 29.2375276230882 29.3700579013326 29.6239983483581 29.7938899583606 29.852936682514 29.898083575149 29.7626724459999 29.4306634650864
27.0068702 27.4985342461781 27.710647708 27.8594590477666 28.099883936 28.3141696160001 28.4443931160501 28.580245266 28.66249571 -9999 -9999 -9999 -9999 -9999 28.8253012545272 28.6899897509007 28.6288181696715 28.630303178 28.737446018 28.816722734612 28.9215660799602 29.0220804774677 29.103521668 29.13750429 29.13750429 29.115650318358 29.0297598978206 29.1254584859306 29.15001716 29.0839494064518 28.5493677815908 27.7129290940317 27.2952317544784 27.6020106707966 28.1349646120592 28.70688436 29.1270629042296 29.456984224 29.6780411114818 29.8546083128313 30.064185576 30.139235628 30.2397220730955 30.2524857608801 30.2144739176921 30.2738605217357 30.262554462 30.2111432688172 30.173260202 30.1029111225529 30.021470232 30.0149251703028 29.9748057537306 29.96249571 29.8442685031725 29.5172360960563 29.0317835943256 28.5575208756511
27.3167483397188 27.745814343514 27.9946950593817 28.1969553142087 28.314169616 28.4974040946948 28.6056639215101 28.6750275725702 -9999 -9999 -9999 -9999 -9999 -9999 -9999 28.6951368553535 28.66963855 28.6788390342369 28.737446018 28.8310510341728 28.9010515372448 28.9713608245824 29.0200438332128 29.03036145 29.03036145 28.942915552 28.741183974 28.3397997947547 28.1952374800807 28.3271931122324 27.2528476214061 26.9601386110448 27.181975884 27.4994290388793 27.8473301155099 28.3568164974499 28.8551529020001 29.1086691882809 29.3439535041287 29.6268715542692 29.849899896 29.9636599166788 30.1330557791164 30.1558599010884 30.153521308 30.23036145 30.192915912 30.1438991280923 30.1450165521125 30.1713604903174 30.133983102 30.1 30.019697422 29.9391042788633 29.9387946080244 29.6414226966388 29.2285834990043 28.9468164519559
27.8057780019091 28.0500810041171 28.2052615002796 28.4000487755579 28.4997035386046 28.621370488 -9999 -9999 -9999 -9999 -9999 -9999 -9999 -9999 -9999 -9999 28.7589985605549 28.7232672012826 28.78547583488 28.8103529130425 28.82321861 28.882093148 28.92321861 28.8670451776926 28.84643722 28.6247069700352 28.3310704161801 27.9372538970279 27.4127678295363 27.2527678946582 26.617684824679 26.8444787690072 27.289118724 27.6686659080467 28.0225998014804 28.3027719405715 28.6872871620001 28.9525518360321 29.1175932142609 29.4759161857071 29.712395606 29.675777196764 30.0164048927805 29.94643722 29.969597078 30.04643722 30.0664940911387 30.0657644235931 29.9437787135113 29.9737342080818 29.9297316300807 29.86965583 29.8510106875942 29.6247081871364 29.8327150565383 29.87557557932 29.8030047498883 29.7521093084368
28.0781500661902 28.2133847312799 28.414169616 -9999 -9999 -9999 -9999 -9999 -9999 -9999 -9999 -9999 -9999 -9999 -9999 -9999 -9999 28.788795699198 28.7685737177278 28.7534966257423 28.8 28.8094645353174 28.81607577 28.742915552 28.5138946007211 28.1285770894368 27.8759955060332 27.7275749260133 27.4277562630795 26.852760419782 26.0233378820863 26.2386135726161 26.672369574854 27.0606321713518 27.4349753015886 27.9279181910577 28.4122958620001 28.7559462142046 29.0472414013496 29.3763945368551 29.4464874287699 29.5200950978296 29.7468007175553 29.73215154 29.7747481304956 29.8906444640343 29.9010229574358 29.934066939094 29.728689104 29.7993092558463 29.8394461473164 29.6772025064269 29.4973648994867 29.568906294634 29.7089240696062 29.81607577 29.81607577 29.800058992
28.382076108 -9999 -9999 -9999 -9999 -9999 -9999 -9999 -9999 -9999 -9999 -9999 -9999 -9999 -9999 -9999 -9999 28.8 28.7966549734243 28.7950501614729 28.7528894583702 28.70893293 28.6488128381646 28.544705642 28.423215970082 28.0502164079999 27.6385441395069 26.8785101113493 26.7674997122607 26.4485038191155 25.0757630659732 25.594126253042 26.276581902 26.6199590960339 26.8484369058623 27.145998073485 27.7248245418235 28.2397021623772 28.51244368052 28.9752029511657 29.1218706936856 29.3229052147884 29.6008514761088 29.532452088994 29.6341616419033 29.7703504995987 29.8977570373953 29.819756174 29.6996907030158 29.7604594847786 29.742916032 29.4959890241837 29.4035191138381 29.4952568559782 29.603521188 29.61786586 29.61786586 29.616435092433
-9999 -9999 -9999 -9999 -9999 -9999 -9999 -9999 -9999 -9999 -9999 -9999 -9999 -9999 -9999 -9999 -9999 28.8 28.7632242994236 28.70179009 28.7008640460473 28.5843587384345 28.3078915869636 28.134000142 27.8691261800218 27.6327180234489 27.3217009224599 27.075892340046 25.8905128189682 24.5695087313276 24.3734075562052 25.2091048402742 25.9430368973822 26.3608703356484 27.0540890810305 27.4116421389211 27.6974082087425 28.094430002 28.5201263765706 28.8636775959586 29.0892738667561 29.2035834130168 29.3139267364541 29.417807108 29.547695223698 29.7308451435666 29.7650148608312 29.6144034239999 29.50358018 29.5046340786248 29.5041885081106 29.4996513045381 29.2616146412555 29.1192654653661 29.2946436610523 29.40358018 29.40358018 29.40358018
-9999 -9999 -9999 -9999 -9999 -9999 -9999 -9999 -9999 -9999 -9999 -9999 -9999 -9999 -9999 -9999 -9999 -9999 28.7605495902715 28.6524451220966 28.5454992335353 28.376898174 28.0235102475981 27.591300878 27.167027939937 26.7441916683051 26.7537942972869 26.411486937124 25.5762997363233 24.958757274 25.3058252962915 25.7967404659448 26.3203548495276 26.6551768540001 27.1234925811458 27.640849942 27.8784373527086 28.1237899718328 28.440908454 28.6795720634586 28.894529746 29.1087227518052 29.3083991654371 29.425823935069 29.5880548107009 29.5855637776672 29.5852857679294 29.4798654263864 29.2398703501425 29.1335656311396 29.1393007195077 29.1372036921242 28.9837586364878 28.7715816639999 28.8359976850199 28.9290537973928 28.8527752494326 28.894564306
-9999 -9999 -9999 -9999 -9999 -9999 -9999 -9999 -9999 -9999 -9999 -9999 -9999 -9999 -9999 -9999 -9999 -9999 28.7172914748806 28.5944283591186 28.484041014 28.269755334 27.7749016202326 27.269872358 26.9316383968851 26.5689636024563 25.99295229466 25.0299460144369 24.6421542682237 25.1270634957778 25.5273846244414 26.0181965777808 26.4324501951088 26.9907074731081 27.3181403157854 27.7031493211066 28.060564644 28.1899385426849 28.4308741431043 28.7389145331035 28.964185816 29.164460908898 29.27500882 29.287022996201 29.3094940165984 29.1902007943959 29.1220964185893 28.6992726747074 28.0836335321295 27.866265998904 27.978547768 27.9759380956222 27.9524789490937 27.7423463412787 27.7361695918156 27.6795531812743 27.9552699260001 28.169555606
-9999 -9999 -9999 -9999 -9999 -9999 -9999 -9999 -9999 -9999 -9999 -9999 -9999 -9999 -9999 -9999 -9999 28.750058392 28.642915552 28.535772712 28.3667388807004 28.0851638893352 27.512180625398 27.0308232525994 26.7471302243336 26.1050517154665 25.6429935004999 24.63927686 24.6571861321659 24.9054433099987 25.2801161967326 25.5426805158011 26.0210217918956 26.4275013832033 26.8927507285019 27.3622778596014 27.699859264 28.050022726135 28.301690346 28.515976026 28.730261706 28.8438673707976 28.9983223515307 28.9087680815837 28.4874919865069 27.9698597308089 27.6168654136825 27.1230246408033 27.071856956965 27.253539524663 27.385655328 27.6103827961294 27.6473694887062 27.2363955844041 27.2748519918222 27.4810414909379 27.5356436038977 27.7288881122642
-9999 -9999 -9999 -9999 -9999 -9999 -9999 -9999 -9999 -9999 -9999 -9999 -9999 -9999 -9999 -9999 -9999 28.616134282 28.5190199611848 28.4166884095491 28.1496791488491 27.569739232983 27.0901189950036 26.8734031509697 26.5324812467812 26.0279696701891 25.2347158113134 24.8013912157383 24.867348337691 24.7381959751116 24.76068762 24.9403461394251 25.2913674805489 25.4605880467692 26.1584342982324 26.803013694708 27.2353878319741 27.6730510075197 27.9749866705062 28.1477093904555 28.2032786397701 28.14471841 28.1340999067114 27.8554470335288 26.9383814463078 26.937345554 27.2313569266347 27.3644543537024 27.405293758 27.45356254 27.501899274301 27.599941008 27.7443743255377 27.627977443486 27.323360306 27.4293162459413 27.582092668 27.6935250045615
-9999 -9999 -9999 -9999 -9999 -9999 -9999 -9999 -9999 -9999 -9999 -9999 -9999 -9999 -9999 -9999 28.6783846430789 28.4594167385618 28.353372661663 28.2581004372356 27.9083342564032 27.2946283289668 26.772194689591 26.4428070688306 26.0759995105414 25.769322378744 25.0093984989466 24.7712706240001 25.0751075919725 25.1892991902229 25.3096291871217 25.4060452499593 25.642739776 25.8275631298178 26.0560498518505 26.473355461539 26.8835806589721 27.2407541454126 27.6257719366229 27.6388973475797 27.3482903763266 27.0011849889924 26.9827433698127 27.0879292604152 26.8056311980737 26.790908094 27.0996335484988 27.355252646 27.5353564632987 27.6199725001974 27.6563197550961 27.741007958 27.7950901548936 27.9173330064155 27.7464240100731 27.5672609604103 27.542798048 27.6605241166128
-9999 -9999 -9999 -9999 -9999 -9999 -9999 -9999 -9999 -9999 -9999 -9999 -9999 -9999 -9999 -9999 28.5072389787211 28.3000150259153 28.180420082 28.0549659579795 27.7791147948964 27.3276113464991 27.0326216555417 26.7103000334162 26.3759061433866 25.824437055165 24.9411443677401 24.6619944651856 24.8696443596057 25.2696340140027 25.5737381938656 25.712436838 25.8416476170716 26.0485553714598 26.233865358 26.3757046174775 26.5459900009461 26.7724616256589 27.2042683718834 27.2275077279441 27.2786560467176 27.3228915274216 27.3210242212735 27.4398060789058 27.1264621885246 26.914108944 27.1827141856323 27.352999569101 27.544529386 27.6757632280382 27.766016898 27.873159738 27.947324758444 27.95893305 28.0366220752375 27.862536702 27.758564715274 27.716016778
-9999 -9999 -9999 -9999 -9999 -9999 -9999 -9999 -9999 -9999 -9999 -9999 -9999 -9999 -9999 -9999 28.2886079673737 27.9363790369543 27.9300291087177 27.6964869291947 27.2753528170308 26.8951001397334 26.7730400430811 26.2422881270773 25.7456591449969 24.9701251259999 24.6601947894414 24.7454641601175 24.8243762351555 25.2128523071089 25.6092758406096 25.8449119207736 26.0037080989377 26.2086893548983 26.4248808752657 26.555293878 26.662436718 26.7316898517578 26.9109853623125 27.0813932360859 27.33816457775 27.549941128 27.643931567422 27.4890278270318 26.9286622576244 27.0616903598597 27.2049211275317 27.2732451813982 27.4837725775623 27.6319634797263 27.717807108 27.7896797919457 27.8422941242184 27.8939474623824 28.0435757154535 28.099938019421 28.0697977659999 27.8047147029614
-9999 -9999 -9999 -9999 -9999 -9999 -9999 -9999 -9999 -9999 -9999 -9999 -9999 -9999 -9999 -9999 28.1144319929994 27.8427962160171 27.7184113975865 27.5155956371799 27.1289499273867 26.4939026448998 26.39545188902 26.055292155107 25.0797761177061 24.2758295047401 24.3582202753327 24.7395075838541 25.073101466 25.2945384304431 25.5310211239393 25.7280949323005 26.040266148947 26.3138582087437 26.558815546 26.714226928 26.821369768 26.9690085799304 27.0551549817271 27.1925457344762 27.399882256 27.6561256268828 27.6862137310861 27.4536892522635 26.994964361971 27.102428668304 27.1110784516981 27.1078666456921 27.4945335036941 27.724931948 27.7955326987126 27.8512010990841 27.8130117013576 27.887445418 27.9422311695258 28.1026893062709 28.2385547321351 28.0483264742715
-9999 -9999 -9999 -9999 -9999 -9999 -9999 -9999 -9999 -9999 -9999 -9999 -9999 -9999 -9999 28.2369667766573 28.014344192 27.8844712230321 27.7016473870546 27.555411142 27.2736714778041 26.5694185472333 26.1919942133489 25.9280900100921 24.7734962869568 24.2064371018032 24.2216091463802 24.6075757321906 25.0497072567611 25.1569932726589 25.1059537462927 25.3901678355269 25.8482528389563 26.208774914 26.510801793815 26.7699663664886 26.928512608 27.108815426 27.242798288 27.349941128 27.551672466 27.76249547 27.7558390324995 27.6694650880373 27.5662868241085 27.5412602453867 27.5172085528357 27.5460725380177 27.7922474163484 28.0206586172552 28.0462288393155 28.098150678 28.0145712575432 28.1295812529726 28.0908685035981 28.0398848681688 28.1772267405212 28.1979957260699
-9999 -9999 -9999 -9999 -9999 -9999 -9999 -9999 -9999 -9999 -9999 -9999 -9999 -9999 -9999 28.0398426989115 27.907201352 27.7789558909645 27.585831344 27.5092873034785 27.4707867586645 27.071553869134 26.5411781786179 26.1081250465925 25.1083588878779 24.5298888374054 24.573141978 24.8122237170335 24.9594344602596 24.5283041893386 24.5696736465247 25.11223807 25.5844298850345 25.9559016840276 26.315917754 26.637346274 26.9186869564272 27.1972673282756 27.349941128 27.457083968 27.5929454745384 27.8012056745236 27.8758181375856 27.93927662 27.9231484862904 27.7549264649135 27.6328363673344 27.9317394957912 28.0763526200424 28.2160258369804 28.2495944640816 28.2614891528564 28.3011784484113 28.4229102547324 28.4764276906593 28.2058239984334 28.0454152884537 28.2271705915157
-9999 -9999 -9999 -9999 -9999 -9999 -9999 -9999 -9999 -9999 -9999 -9999 -9999 -9999 -9999 -9999 27.8412741142794 27.6556327296648 27.6306405972496 27.5742683401115 27.548268302 27.3549109426672 26.9081469340282 26.3253560645542 25.6820386270878 24.9220315116632 24.7070532255794 24.5906184014953 24.3390861022338 23.1698874791268 23.8602765671711 24.6373616785603 25.2339640329748 25.648011022 26.0645709323642 26.4682649570588 26.821270264 27.0865257115518 27.3500553722856 27.5545874398375 27.671369648 27.8030606792268 27.985655328 28.07678115 28.0891861026216 28.0718970000217 27.9234379370994 27.9549412866053 28.074950068 28.182092908 28.3245959169575 28.4329540381734 28.472207635132 28.564226568 28.671369408 28.5291376268561 28.45799424106 28.425483406976
-9999 -9999 -9999 -9999 -9999 -9999 -9999 -9999 -9999 -9999 -9999 -9999 -9999 -9999 -9999 -9999 27.7465949959999 27.5209475519256 27.4632798095983 27.4230695274581 27.5077596170564 27.382250924 26.9699131099999 26.5452356141149 26.3198308014624 25.6612888326928 23.9533268696357 23.5704665353048 23.186161692798 23.0530253899956 23.8275154089887 24.8223850913431 25.3072771090476 25.5409339246886 25.8795867383613 26.267649212 26.630203434 26.9398707486207 27.189591135052 27.4804312212754 27.6900469496027 27.88593365807 28.008874178 28.1134421205846 28.1876471710881 28.1951285352393 28.1718844931331 28.1589400021061 28.219579198 28.227903120903 28.2766297811242 28.389235748 28.41607601 28.5769091118579 28.6152060178149 28.76784798 28.7664214048397 28.735755192
-9999 -9999 -9999 -9999 -9999 -9999 -9999 -9999 -9999 -9999 -9999 -9999 -9999 -9999 -9999 -9999 27.6816349272677 27.5634706864061 27.3228052593385 27.1565828855139 27.3649767574738 27.291184094 26.9389662133936 26.7137687287074 26.6749600513137 26.4592502403682 25.0535936714018 23.4951787703551 23.7608612446143 24.2034919171135 24.8488093643387 25.1908930979331 25.5536801209935 25.8069663440001 26.0812846650866 26.3640158951267 26.689118244 27.010546764 27.1785432352467 27.3827029852868 27.6842489126732 27.810664508 27.9258887805932 28.1306032085531 28.29106683 28.3186625364731 28.38213366 28.38213366 28.386754897647 28.385807510313 28.448150558 28.4886691437671 28.49106683 28.5066901256943 28.50893317 28.6210192521456 28.8080812140328 28.8896360239927
-9999 -9999 -9999 -9999 -9999 -9999 -9999 -9999 -9999 -9999 -9999 -9999 -9999 -9999 -9999 -9999 27.6013756835207 27.4804148686601 27.2020189535297 27.1988142031043 27.3043275578912 27.1666099450323 26.9988529443058 27.2106607566764 27.1315272834766 26.8320665561457 26.7709207022577 23.6846083036039 23.0759669218967 23.7896114635502 24.258852506 24.3849419849494 24.5067016410081 25.0812498277861 25.565010190188 25.9433947977806 26.4348831607465 26.8949107669658 27.1609582805585 27.374891316 27.5908704422562 27.605311998 27.730044316929 28.033824366 28.2245355501143 28.330302698 28.4367751392995 28.49820967 28.49820967 28.5560296880774 28.662436238 28.69641934 28.69641934 28.6105394835521 28.59820967 28.603462196 28.808873938 28.9
-9999 -9999 -9999 -9999 -9999 -9999 -9999 -9999 -9999 -9999 -9999 -9999 -9999 -9999 -9999 -9999 27.571487152 27.4659662926328 27.1853454012902 26.9581425009167 27.2682983010741 27.40535251 27.3982853364816 27.3254031799845 27.219696942 27.117234652435 27.0057009003397 26.2512359590549 23.7421024421067 22.4406687879829 23.4239301252626 24.1153726353602 24.4902655110601 25.016706350339 25.6008793374626 25.876622894 26.2015849879132 26.7325646925846 27.049900616 27.167379562822 27.3728298148143 27.4982028360396 27.7261475427352 28.010664508 28.09464749 28.1536309310593 28.364186056 28.4916815773913 28.546378708 28.653521548 28.69464749 28.767807228 28.7989456935177 28.804680524743 28.80535251 28.8054451671936 28.8191039795812 28.9187973890676
-9999 -9999 -9999 -9999 -9999 -9999 -9999 -9999 -9999 -9999 -9999 -9999 -9999 -9999 -9999 -9999 27.476839662 27.3848540473911 27.3219306040203 27.3753300837362 27.5 27.492643420416 27.3719680988838 27.2942120994003 27.207201592 27.0891646108582 26.6376659526525 24.177621027169 23.6335708547687 23.9160518444475 24.1814120992217 24.0905005925296 24.7153306357868 25.1920812553963 25.492717624 25.8215026935951 26.214087152 26.569498534 26.7905559996621 26.726655600973 26.9844788801151 27.380203314 27.6916487963993 27.8805323504586 27.9779032053166 28.0026616353018 28.112414326 28.2932545757808 28.414245168 28.5140314883937 28.5665166849285 28.648169038 28.755311878 28.851528106962 28.874333083896 28.901731098 29 28.9719691489396
