catData/variables/pastClimate/lgm_CCSM4/bio15.asc
NCOLS 409 
NROWS 350 
XLLCORNER 60.897278365 
YLLCORNER 5.843756025 
CELLSIZE 0.0892857 
NODATA_value -9999 
[rows 182 to 207 of 350, columns 177 to 235 of 409]
109.297813868442 111.42798048 111.963262269503 112 112 112.80302338 113.078114165391 113.004834485637 112.087783136665 111.91126302 110.83983462 110.210905669748 110.937739459224 111.37445058 112.89175796 114.51730738 115.58873578 115.33983582 113.602167493056 112.28630832 112.011215348999 112 112.015760231055 112.991478682083 113.98150438 115.05293278 115.848409944834 116.626117866195 118.71309456 119.86755189175 120.49940408 121.57083248 121.9106707 122.785422367639 124.748893960001 126.89175076 128.929520214555 130.080805796473 130.924977732499 131 130.421033570443 129.022431341169 128.46479652 127.39336812 126.32193972 125.25051132 123.512847364276 122.268716693248 122.01121577778 121.138621191192 121.10663068 122.17805908 123.103636118109 123.1786586 123.454605463947 124.497221445025 126.070402160001 127.603538654062 127.41127142
111.846041737996 112.973458510641 112.9820991 112.333750095932 112 112.014374841223 112.0179009 112.0179009 111.03489964084 111.91126302 110.997132895549 111.21369288 111.9820991 112.35654968 113.873857060001 115.49940648 115.992638000324 114.691489172969 113.273212154385 112.19697902 111.141204050906 111.0179009 112.99940528 114.07083368 115.14226208 116.21369048 117.279694553221 118.345349339426 119.435957272071 120.508044755284 121.57083248 122.642260880001 123.700593157347 124.76721678 125.854298567945 127.87384986 129.99940288 130.983687485881 131.157293561473 131.9820991 131.673657436182 130.228712472926 128.55412582 127.48269742 126.41126902 125.33984062 124.255316140309 123.17908292 121.264516629963 121.000968922372 120.03520228 121.10663068 122.0179009 122.0179009 122.32091588 123.760084786499 125.453853286147 126.53520108 127.007362128562
113.475541964432 114 113.44277550293 113.0535275 112.32193252 112.813567046027 112.172355437654 112.0535275 112.0535275 112.0535275 112.0535275 112.0535275 112.32410964052 112.9464725 113.416218267102 114.489617209217 114.9464725 114.321645258145 113.307567741826 112.25050652 112.0535275 112.99940528 114.08813986 116.137512339769 117.008573123912 117.28511888 118.340327388726 119.37444818 120.44587658 121.51730498 122.58873338 123.66016178 124.07832038672 125.670108582959 126.92797448 128.94527826 130.07083128 131.14225968 132.21368808 133.0535275 132.75051012 131.30463594 129.60765332 128.508535006149 126.854051337532 125.39336812 124.32193972 123.207527871425 121.297917672255 121.002897284063 120 119.995250516701 120.10663068 121.190455330661 122.606029960001 124.768929778023 126.523265681704 127.596665394615 127.46479892
114.055715509131 114.1249559 114.051389590854 114 113.359822129161 113.1249559 113.1249559 113.1249559 113.1249559 113.1249559 113.1249559 113.1249559 112.82193372 112.1249559 112.905283441526 113.8750441 113.948610109252 114 114 113.297321229275 113.234223509282 114.07759657071 115.157405750703 117.011087909305 117.265105570687 118.23159138 119.037864109328 119.49940408 120.515117570657 121.581945289351 122.71368928 123.78511768 125.58813626 126.82763257062 127.87444698 129.89175076 131.14225968 132.21368808 133.28511648 134.1249559 133.82193852 132.422853549441 130.748323010551 129.09035074 127.53622492 126.547287329471 125.426907810521 123.418581930513 122.234822429494 121.17908292 119.997838090491 119.797401629516 119.140145470476 120.338217260001 122.51893756954 125.170119049547 128.072413769555 129.185272090438 128.46266221043
114.467137474612 114.8036157 114.330496455362 114 114 114 114 114.185756017033 114.3927686 114.410195149702 114.5891529 114.5891529 114.28613072 113.515616684962 113.217641337256 112.898408952294 113.39235148 113.8036157 113.947288996708 114.157700713043 114.899105550624 115.185755545711 116.210291817955 117.08873458 118 118.23159138 119.30301978 120.37444818 121 122.03460996 123.58873338 124.66016178 126.319507534614 126.96131594172 127.87444698 129.89175076 132.020701970723 133.28511648 134.35654488 135.1963843 134.89336692 133.82193852 132.304635939999 130.16177914 128.60765332 128.1963843 126.73320874 124.102735300796 123.245698526536 122.064756716934 119.98269862 118.982574864265 118.8036157 119.221308891598 121.456768955264 124.90862062 128.660900222596 129.798752253739 128.349006990073
114.405718616257 114 114 114 114 114.215059859561 114.2678127 115.21369288 116.272448157543 116.600597489797 117.310707022864 117.5356254 117.23260322 116.16117482 114.643867439999 113.156859506168 113.076832042343 113.444613051489 113.875358411701 114.80302098 115 115.94587778 117.004634814793 117.332783032547 118 118.23159138 119.30301978 120.37444818 121.119411410757 122.163881816583 123.58873338 124.66016178 125.73159018 126.80301858 128.108634986721 130.15956346 132.30242026 134.35654488 135.385080242637 136.062022470024 135.96479532 134.793085584655 133.108251639999 131.103935040667 129.67908172 129.091013634012 127.732752938649 126.46479652 124.753110903969 122.390562643369 119.98269862 118.887507258047 117.646402510774 117.42814848 118.883743119935 121.661306042215 124.433269934745 125.531663357916 125.387545901154
114.187979810179 114 114 114.223955636783 114.3392411 115.14226448 115.3392411 116.28512128 117.362421461719 118.708585430706 119.123554000307 119.6784822 119.272662442332 118.091819546655 116.78672424 115.502990275371 114.950228693617 115.114691557396 114.60764852 115.14226208 115.3392411 116.28511888 117.01730618 118 118.054333865515 118.492267165499 119.30301978 120.37444818 121.44587658 122.692796090451 123.92797448 124.999402880001 126.07083128 127.14225968 128.791486704614 131.212630564374 133.367978506639 135.08873218 136 136.153024479677 136.35774152 135.038894738297 133.259510487284 131.646448223728 130.610990765259 129.67908172 128.359468676766 127.19698382 126.12555542 123.483260050196 119.298347080817 117.834917928169 116.055533677157 114.89234548 116.261418434606 117.890452395881 118.900924313106 120.16033578 121.431485111081
113.915889503384 113.5893305 113.831107314012 114.66016658 115.300443744639 115.883915670047 116.359110675267 116.968105539419 118.03461716 120.125178551209 121.476444536522 121.726230498164 120.929067107149 119.667563567537 118.51891154 117.105804483091 116.579563171595 116.4106695 115.979519679032 116.294583755654 116.4106695 116.968104125026 117.01730618 118.036440585601 118.505058429085 119 119.30301978 120.220673733144 121.218314992171 123.03460996 124.830508222798 126.070831280001 127.14225968 127.883912841261 129.233555684054 131.859853470633 134.01730378 135.08873218 136 135.904893469378 135.28631312 134.36865818125 133.55412582 132.177835231877 131.168895642809 130.33984062 128.53682444 127.526758073132 126.53622492 124.90736472376 118.765420792778 115.464162105612 114.01850282 113.41024758 114.054221989671 113.614219024357 114.24906556 116.08706158627 117.703675788416
112.302943623053 112.285198158588 113.10664028 114.17806868 115.602197483509 116 116.87445178 117.45600684843 118.50837062993 120.13469404829 121.67806748 122.397959194991 121.69697782 120.62554942 119.323199359912 118.232705098447 117.695092503193 117.4820979 117.4820979 117.4820979 117.4820979 117.4820979 117.491060806965 118.08873458 119 119 119.30301978 120 120.89175316 123.03460996 125.461293886158 127.460522287799 128.343087890561 128.4820979 129.809422807281 131.89175076 133.53520588 134.60663428 135.595115179281 135.76841102 134.69698262 134 133.55412582 132.48269742 131.41126902 130.33984062 128.53682444 128 127.12555542 125.598123642675 120.861006982068 114.822540439999 112.762629897754 111.526193872228 111.542857091053 111.323977087167 111.676789711193 113.303113129553 114.62453278
110.69387309051 110.96378348 112.03521188 113.472059844412 115.46318996 116.444494560345 116.943946021688 117.94588018 119.57083488 120.593145027788 121.16016538 122 121.69697782 120.62554942 119.55412102 118.769035860014 118.227645562019 118 118 118 118 118 118.009579425783 118.593143956251 119 119 119.30301978 120 120.89175316 123.03460996 125.76620014 128.320323560001 129.404954405452 129.5535263 129.943943878615 131.368183860647 133.01730378 134.039616584714 134.60663428 135.21488472 134.311184409187 134 133.55412582 132.48269742 131.41126902 130.33984062 128.131871363011 127.890964274956 126.641527347077 124.031162169111 121.334940808855 114.822540439999 112.76833540479 111.32193972 110.688814519276 111.207264258691 111.752596323342 112.51730018 113.262851827408
110 110.194014601633 111.331718172661 112.907758953046 114.83823526 116.17806868 117.468030799669 118.57083488 119.39235388 120.3750453 120.53521068 121.3750453 121.261398255595 120.62554942 119.55412102 119 118.779197412769 118.212381992937 118 118 118.546491249943 118.6249547 118.63144530147 119 119 119 119.30301978 120.234013149998 121.238055195709 123.03460996 125.76620014 127.907752352829 129.563846201465 130 130.546489750052 130.979700815655 132.403163158639 134 134.060067472774 134.288188941519 134 134 133.55412582 132.48269742 131.41126902 128.689561790879 125.30541786 126.306894851734 123.908224939677 121.253690024454 119.667907477494 114.822540439999 112.83984182 111.76841342 111.189370635922 111.765387929785 112 112.194011001198 112.742973993095
109.3036169 109.663862688257 110.767489041123 111.96378348 113.76680686 115.665852190737 117.748903560001 118.94588018 119.005255177403 119.365411833217 120.048628916163 120.464894894457 120.788980474923 119.92916632 119.168240506317 118.639755883063 118.3036169 118.103179898177 118 118 118.87444938 119 119 119 119 119 119.092001926242 119.67806508 121.059994394998 122.674367514382 124.659833063762 126.727121086859 128.76679726 130.422034036196 131.57083008 131.6963831 132.718940600042 134 134 134 134 133.739242286942 133.168241963678 132.48269742 131.001286715081 127.922267671076 123.992154393841 123.172220952886 120.325637707397 117.360414781981 116.889838734554 115.45713362074 112.951373269879 112.46479652 111.788383568881 112 112 112 112.58872858
109 109.120113381854 109.82092668 111.39923857204 113.46318996 115.60604676 117.748903560001 118.94588018 119 119.020603706281 119.2321885 119.285961912387 119.394018734559 119.145245381506 118.657648991547 118.112075675399 117.547961897654 117.2321885 117.2321885 117.848757243185 118.203037089868 118.2321885 119 119 119 119 119 119.086942561242 119.781592494295 121.378874692651 123.40965526 125.552512060001 127.69536886 130.454792560438 132.545857427385 132.7678115 133.771829238723 134 134 134 134 133.62555422 133 132.48269742 130.82253804 127.512643896202 124.429280401487 122.34823026231 120.048074864636 116.93019256 115.98671580147 115.034126905476 113 112.94622825937 112.7678115 112.480309566737 112 112 112.136696005897
108.625798555237 108.1607601 108.255405708691 109.641853360001 112.398693857856 114.76680686 116.909663660001 118.10664028 118.175286150948 119 118.865582822505 118.355122840768 119 118.685746132686 118.089080550587 118 117.905354777134 117.285203779593 117 117.129093733047 117.894632910227 118 118.1607601 118.1607601 118.1607601 118.1607601 118.1607601 118.1607601 118.60663668 119.761227080316 121.49898696 124.195877866232 126.62394046 129.569815840001 132.643524856051 133.793816359324 134.014522022597 134.76477231413 134 134 133.74569572431 133.100564158963 133 132.048556454491 129.489211611218 126.234914772055 124.311562195328 121.046121202796 120.040368603749 117.16238106 115.14345872 114.132231683388 113.704828765033 113 113 112.62555662 112 111.565861048667 111.1607601
108.049500358326 107.528902382074 107.625476897526 109.320333160001 111.528544583275 113.69537846 115.838235260001 117.03521188 117.10664028 118.0893317 118.075023854323 118.23159378 119 118.62554942 117.593952147277 117.0893317 117.0893317 116.42916752 116.0893317 116.820617450721 117.87444938 118 118 118.08080776912 118.9106683 118.69976537168 118 118 118.039830912882 118.60663668 120.26679846 122.468628634083 125.308079745517 128.498387440001 131.712672640001 133.896585804316 134.01730378 134.91126782 134 134 133.972930942315 133.569672398085 132.593956518485 131.996908662228 129.608336719286 126.620708080313 122.514145320346 120.981055898052 118.52168142266 117.063797537425 115.89336692 114.991471697912 115.515327442488 113.9106683 113.634722163289 112.62555662 112 111.48269982 111
107.56210136811 107.008641747816 107.58873818 108.671985740332 110.48109326 112.62395006 113.908010652553 114.98168678 116.03521188 117.0179033 117.175201191152 118.004146292921 118.0179033 118.011199398931 117.992017294857 117.474050829216 116.42180453329 116.006084182636 116 116.014376725511 116.89235268 117.946846746341 118.9820967 118.983685341806 118.84270446588 118.013757050046 117.702405274027 116.650158978101 116.0358066 116.55311158 118.791466469678 120.689884154396 123.23057714 127.233504237457 130.641244240001 132.90965406 134.000309794764 134.016314701162 134 134 134 133.62555422 132.992017380793 132.47405554328 131.379648337937 128.329290642855 124.761137688997 121.580371478726 118.376666259999 117.05412702 116.981786948204 116.96578195587 116.66178034 114.754656284018 113.69698502 112.62555662 112 111.48269982 111
107.530252774547 106.9464749 107.566725349959 108.66016658 110.424031265536 111.792480186717 113.702098441031 114.89235508 115.01730858 116.083987324272 117.10664028 117.9464749 117.9464749 117.9464749 117.524461636992 116.48269262 115.41126422 115 115.692434013996 116.792477658257 117.92125437051 118.99940288 120.052598784985 119.827280367267 118.044952360479 118 117.69698022 116.645594196279 115.60764852 115.57083008 117.23099186 119.998675214711 122.46318036 125.366074090204 128.523010977952 130.78470056 132.893875986555 132.9464749 132.9464749 132.958870723313 133 133 132.55412582 131.972311327675 130.243305729155 127.10838205683 124.604716330917 121.687458081336 118.483716459999 118.005794308316 117.913724256189 116.14225488 116.73320874 114.82193852 113.431276232893 112 111.976134668388 111.456863263864 110.41127142
107.163951679015 106.1249535 107.30242986 108.78512008 109.85654848 111.630659678087 112.87445178 113.94588018 115.01730858 116 116.16016538 117.028938453389 117.1249535 117.1249535 117.069239360873 116.547331987707 115.53621772 115.1249535 115.1249535 116.630655177976 118.748898760001 120.064068519183 121.10764732 120.03621892 118.96479052 118.067077192998 117.60989010208 117 116.609837259239 116.64225848 118.228855963602 120.320323560001 122.371765606443 124.48108366 126.623940460001 128.648606820705 130.765234612126 131.636226896454 131.770105625033 132.077697626388 132.787956082192 132.8750465 132.48488585935 131.48269742 130.41126902 128.762170465088 125.93019016 123.418581457752 120.376666259999 118.226444179407 117.002161867986 117.21368328 117.80463714 115.89336692 114.215908559999 112.078165489117 111.55412822 110.935361531958 110.28631792
107.94688242 107.3927638 108.45462263761 109.85654848 110.92797688 111.841706022891 112.87445178 113.94588018 115.013909488173 115.821044436733 116.16016538 117.23159378 118.059508071451 118.1963819 117.75050292 117.1963819 116.60764612 116.1963819 116.340053440886 117.19578478 118.969936529303 121.08813746 122.17907572 121.10764732 120.004765809678 118.582297595227 117.136874299866 117 117 117.51730498 118.58873338 120.190679735337 121.67887934957 123.448338845525 125.552512060001 126.74949348 128.6072362 128.7133937741 129.96377868 130.758138216088 130.969760708818 131.8036181 131.8036181 131.28631552 130.330503228441 129.33984062 126.948907258253 124.102729046318 121.480987224195 120.046666087029 117.995813202124 118.821982611652 118.844613372311 116.631975182215 114.620822675001 112.502708622407 111.55412822 110.48269982 109.295655782875
109.941340546142 109.5356206 109.966688631393 110.92797688 111.803476608928 112.215057932305 112.908074886463 113.94588018 114.736825116002 115.08873698 116.16016538 117.23159378 118.30302218 119.100281722165 118.82193132 118.2678103 117.67907452 117.2678103 117.99940288 119.07083128 120.14225968 121.906250047975 122.98269382 121.887501385509 120.41186374 118.50059832 117.510321738188 116.89971892058 116.851600040653 117.51730498 118.746402243118 119.75117395565 121.46318036 122.80301858 124.514708051953 125.67806508 126.469013530513 126.885890668255 128.62453998 129.356834248421 129.362581233671 130.397129973351 130.7321897 130.21488712 129.7321897 129.07203032 127.660867625676 126.46479412 126.033625034697 124.361568566536 122.263176812232 121.822540439999 119.51952546 116.135674951465 112.883644787301 111.799440412138 111.137916675163 110.21488952 108.712400117628
111.3392387 111.514730197265 111.6784774 112.114689927618 112.587424029942 113.209084172499 113.3392387 113.964239717381 114.01730858 115.08873698 116.16016538 117.23159378 118.405819030415 119.586661152027 119.705380425532 119.163748016908 118.610986180651 118.3392387 119.07083128 120.14225968 120.917041009113 121.94587778 122.30421642 121.144053439999 119.00119664 117.168495978682 116.6607613 116.540367747601 116.633856688641 117.51730498 118.977745613522 119.884713724037 121.214996658404 122.46377988 123.53520828 124.285759145727 124.33882638 125.380153390609 126.19677714695 127.63167552451 128.35774392 128.155599860745 129.133541677187 128.979709074746 128.6607613 128.00060192 127.908944187423 127.19698382 125.828909977458 125.0357650401 122.988567917659 122.161779139999 119.85876416 116.565915829662 113.393970039999 111.25111324 110 109.658188060573 108.75051012
112.183108813269 112.92797688 113.4106671 113.4106671 114.14226208 114.4106671 114.051558523417 114 114.01730858 115.052295621761 115.74949828 116.82092668 118.195377260001 119.743107433782 120 119.695133741553 119.652441515439 119.8213342 120.25248577679 120.554139485809 120.5893329 120.758328910266 120.154252541247 118.590529539999 116.513446406524 115.27377276041 115.713773154295 116.220674631819 116.772439742067 117.51730498 118.346959950162 118.978387956277 119.91025598 121.311457691495 122.46377988 122.5893329 122.188863486848 122.840877474075 123.843881379077 125.641843760001 127.248966226083 127.25689453742 127.079662467069 127.391104950351 127.5893329 127.200279258122 127.431148747992 126.78631672 124.840443739999 124.200893986335 122.185770907551 122.448311741436 120.51952546 117.168758669207 113.804637139999 111.66178034 110.227562229135 110 109.41127142
112.44588138 113.51730978 114.283828027256 114.4820955 114.860991832319 115 114.547117488105 114.026090921683 114.008964191471 114.5179045 114.67806988 115.861148599166 117.459958730622 118.89235508 119.5179045 119.767296060015 120.872562650227 121.4820955 121.129398009349 120.19697902 119.578431888924 118.57202672 117.5274443715 115.858339839999 113.87564602 113.26740038 114.33882878 115.035809 115.48168558 116.303723577014 116.837539213198 117.35407002341 117.896798346378 119.64184616 121.331822934047 121.061902235741 120.035809 120.170495975317 121.791086774895 123.387338954893 125.013664944681 126.058209471064 125.804888755744 126.03520708 126.801729056169 126.681740133619 126.5179045 126.102018806805 124.672676637017 123.08022141277 119.579355797442 120.94707922 119.632545997866 116.823144759999 114.05795669829 112.431630708503 111.46612927743 110.947510322146 109.60954352086
112.44588138 113.803653106934 114.816381426528 115 114.59504469345 114.4464761 114.4464761 114.024163206166 113.990419287295 113.495594139244 114.16016538 115.46318756 117.30302218 118.167183234601 118.4464761 118.96378348 120.62394766 121.811892751554 121.26840742 120.19697902 118.641521988829 117.50059832 115.419590535752 113.764599750786 112.28631312 111.549876116136 112.19597198 112.8929522 113.33882878 114.179292870019 114.709331483442 115.55311398 116.297904849635 117.608023283826 119.157818857287 118.917117549251 117.8929522 117.932568997671 118.571096751132 120.01749338 120.921194418054 121.60682628 122.725984530046 124.143070221562 125.48168318 125.598206814639 125.4464761 125.4464761 124.088005545744 122.524769540794 116.946708414666 119.862156166128 118.21481112041 116.561617673898 114.80403282 113.73260442 113.55291958 113.358785453104 110.505488521071
111.82092908 113.086373323177 113.7500954 113.7500954 113.932924350839 114 113.45350934885 113.3750477 113.368556156881 113.033280600254 113.635308802611 115.46318756 117.30302218 118.234013751207 118.346299205927 118.51730738 119.809539780197 121.03521188 120.64345512 119.57202672 117.079659788734 115.80421762 114.34043534 112.28631312 111.314978942726 111 111.113646871544 111.3750477 111.82092428 112.569061742948 113.118025679918 114.03520948 114.649428914352 115.55311398 116.62454238 116.7500954 115.7500954 115.694642020025 115.18521095716 115.587047714294 116.064609908571 117.108647331436 118.738241365699 120.858085397167 123.081802860032 124.162663522898 124.832255165763 125 123.251110839999 122.05412702 115.433440682777 118.683539600179 117.939933042955 117.53809628582 116.94688962 116.109470471551 115.484782896751 114.805987757281 112.417163960293
110.74950068 111.460684533287 112.017224505905 112.3036193 112.525745655711 112.6072386 112.341738162672 112.962312001865 112.315672661056 113.061794720249 113.90517538056 115.46318756 117.30302218 118.37445058 118.55412102 118.51730738 119.178751545409 119.96378348 119.57202672 117.941390007832 115.592840131358 114.35774152 113.281058629743 111.91126542 110.888465591873 110.3036193 110.3036193 110.3036193 110.438996035106 110.967479804086 111.89235268 112.96378108 113.3036193 114.10663788 114.569118279955 114.6072386 113.595188581571 112.82212572 111.799325163187 111.2144772 111.306479124803 112.26698806 114.584967027161 117.46276564 120.498300751964 122.727120231156 124.544670690348 125 123.860057168731 122.75050772 118.461517557308 117.365409006307 118.111531065499 118.535108275309 117.69698502 117 116.418752942266 115.336142838541 113.64379348065
