catData/variables/pastClimate/lgm_CCSM4/bio10.asc
NCOLS 409 
NROWS 350 
XLLCORNER 60.897278365 
YLLCORNER 5.843756025 
CELLSIZE 0.0892857 
NODATA_value -9999 
[rows 150 to 174 of 350, columns 290 to 347 of 409]
26.8383680754916 26.86249619 26.796481452 26.689338612 26.582195772 26.4531987806762 26.4020304195197 26.2993515823774 26.2514071435294 26.1314977180931 26.1 26.1 26.1 26.1 26.1 26.1 26.1 26.1457205489554 26.16249619 26.16249619 26.067910332 26.06249619 26.06249619 26.06249619 26.07118102904 26.1 26.1 26.1 26.0805998123912 26.025703796751 26 26 25.919700062 25.812557222 25.835473210462 25.964224648 26.071367488 26.178510328 26.285653168 26.381432421827 26.462435038 26.480406882 26.3409358015997 26.144753834 25.889211907884 25.6262496749737 25.401896794 25.275053652 25.073325434 24.860767972 24.753625132 24.646482292 24.5364422129348 24.4651391666557 24.4110728306939 24.2903602775517 24.2926642895905 24.2404173452673
26.765026303342 26.76072194 26.7866512484005 26.7777886496907 26.6334181798188 26.4860081206716 26.4037701888379 26.3 26.2884346641429 26.1584866053666 26.0838733708761 26.0514618036143 26.0739249618952 26.03036097 26.0663844170857 26.1409976515761 26.1236671739334 26.173157338 26.2559202650475 26.26963903 26.175053172 26.16963903 26.16963903 26.16963903 26.16963903 26.16963903 26.1435641590289 26.1 26.1 26.0821260664424 26.06963903 26.0186931365767 25.9756201599138 25.882196252 25.86963903 26.001728458 26.1150491838757 26.2745010776339 26.3392832728566 26.478838348653 26.537442658 26.555414502 26.396543324 26.182257644 25.9479294677991 25.723325314 25.509039634 25.3213023567293 25.1766975837611 24.9667072977485 24.7973066607419 24.7759289784648 24.7927909622771 24.6878781497867 24.5469032674075 24.4603561244174 24.456340739054 24.4269227896498
26.7853342739342 26.7 26.715327387688 26.6670463735649 26.6091477491164 26.5796973106813 26.4095707971956 26.2986724890724 26.214346352 26.107203512 26.0178414012969 25.98377002716 25.9664922050862 26 26.051728818 26.1136688980876 26.1585779640711 26.249939208 26.357082048 26.37678187 26.282196012 26.27678187 26.27678187 26.2644857311027 26.2 26.2 26.1913064592666 26.17678187 26.17678187 26.1315792943641 26.1 26.0830142898821 26.07678187 26.0564792921284 26.05356374 26.1539650556255 26.1877129175024 26.3122959546208 26.4053154652561 26.5 26.5086934850099 26.478632632 26.3594794392363 26.2274600353594 25.9940670365174 25.753686284 25.539400604 25.3251149239999 25.205414622 25.0746523920981 24.9467523757788 24.8804999976557 24.876843262 24.7394008439999 24.6862469661409 24.7069416991632 24.6570199360001 24.635821864
26.9238800559122 26.818441350332 26.7285220325762 26.626842422 26.6 26.5266134993089 26.4856653108936 26.3807447657974 26.191128222 26.083985382 25.9805651705301 25.9112044292256 25.9060190930186 25.9534939427372 26.051728818 26.1494078682487 26.249939208 26.2956849642398 26.380300178 26.4 26.3847950490275 26.38392471 26.3764792974609 26.2974256422948 26.28392471 26.28392471 26.28392471 26.2465062586821 26.2 26.1905362488294 26.18392471 26.18392471 26.18392471 26.18392471 26.18392471 26.28392471 26.292796008 26.399938848 26.4876472613687 26.5254290343871 26.5525010678572 26.455414502 26.348271662 26.1917213565899 26.0288373823316 25.7762143130783 25.6067918926774 25.4090396339999 25.289339332 25.182196492 25.0676086422995 24.9 24.896277487212 24.8233255539999 24.7648285232765 24.8036622744792 24.743968249765 24.7810726519816
26.9953793277587 26.8785824568529 26.7941032665355 26.651287158076 26.6 26.512556742 26.4138627579108 26.3981166254776 26.2741164611339 26.083985382 25.976842542 25.8724062609687 25.8430309984197 25.944585978 26.051728818 26.158871658 26.2058967120266 26.3421776407237 26.3982403232498 26.4 26.4 26.4 26.391128462 26.3 26.3 26.3 26.3 26.296017401246 26.29106755 26.29106755 26.29106755 26.29106755 26.29106755 26.29106755 26.377204354965 26.39106755 26.399938848 26.4924980048698 26.5210884925187 26.5661807641859 26.5055879032955 26.455414502 26.348271662 26.182257644 26.033985982 25.8471515842375 25.637640884374 25.5047467010144 25.396482172 25.289339332 25.1733254339999 25.0056510145681 25.0821351 25.0215359439999 24.8888241505333 24.9326375903654 24.9307157249796 24.89106755
26.9491966903949 26.8996824552524 26.8333770583527 26.7973815293367 26.7175574263106 26.5248887672894 26.405413902 26.300060672 26.1927590617737 26.083985382 25.976842542 25.899457742837 25.898880476142 25.944585978 26.051728818 26.158871658 26.2648330959424 26.3726769590366 26.4 26.4 26.4 26.4 26.3998412340688 26.39821039 26.39821039 26.39821039 26.3614375738469 26.3437878271742 26.39821039 26.39821039 26.39821039 26.39821039 26.39821039 26.39821039 26.492796008 26.4999079153428 26.5965795416362 26.59821039 26.598624809594 26.569700182 26.5 26.455414502 26.348271662 26.182257644 26.033985982 25.853686284 25.639400604 25.512557462 25.405414622 25.2999690716379 25.2891805746589 25.19670736632 25.1754680672989 25.0989155114443 25.0228760905136 24.9883726137644 25.046482292 25.1138451456129
26.9456868874516 26.8442796501053 26.80535323 26.8014369365872 26.7154009159335 26.6118845507202 26.5898731772521 26.3983636160277 26.296481452 26.189338612 26.0602779859888 25.9090844153574 25.9073576472964 25.9529056480499 26.057082048 26.1610733527425 26.266014498 26.373157338 26.4 26.487443018 26.5 26.5 26.4916033758336 26.40535323 26.40535323 26.40535323 26.40535323 26.40535323 26.40535323 26.4610731255902 26.5 26.5039162677173 26.50535323 26.50535323 26.599938848 26.6069891596678 26.7 26.7 26.6780826682934 26.6037312110529 26.562557342 26.4578012662546 26.3508557550917 26.241128822 26.0679719639999 25.8576025388695 25.7207549044767 25.612557462 25.505414622 25.3983642974844 25.30535323 25.30535323 25.2602793874456 25.1377620258013 25.2020043787531 25.20535323 25.2081223540606 25.2012519698571
26.906031970702 26.9 26.9 26.8359842441572 26.6619296304435 26.61406516927 26.4351434190164 26.4122800206973 26.3922368455891 26.296481452 26.189338612 26.0859821184483 26.0577563572653 26.11249607 26.1577608186926 26.2073566435938 26.278510568 26.3765116158334 26.410034366453 26.4890121472606 26.5 26.5002160193122 26.5113874764014 26.5020011678849 26.5096023278287 26.5037863164577 26.5078171792559 26.5055714650305 26.5060320306831 26.5 26.5082491878897 26.585653168 26.61249607 26.61249607 26.707081688 26.71249607 26.713604633608 26.7229910021056 26.7096023578192 26.6734864684671 26.575053412 26.5069246349601 26.4030073333263 26.253624892 26.0804680339999 25.9301974798145 25.7494349104719 25.6141266512417 25.505414622 25.41249607 25.41249607 25.41249607 25.3922330141902 25.294692562 25.262434558 25.3194207349506 25.3577601886643 25.223387186
26.9489500782889 26.91963891 26.91963891 26.9052715590984 26.8354697088206 26.732195652 26.625052812 26.517909972 26.41963891 26.403624292 26.296481452 26.21963891 26.21963891 26.21963891 26.21963891 26.278510568 26.3726888801509 26.4143673037682 26.4841690083128 26.5 26.5185756315254 26.5210281105556 26.5928707353634 26.5325082387175 26.5813906072015 26.5439883668795 26.5699104790396 26.5554684950414 26.5584303508777 26.5312006147968 26.5923275972843 26.6784287513652 26.7157700325539 26.71963891 26.814224528 26.81963891 26.82676798177 26.8871308641491 26.796481932 26.7136883560128 26.662557342 26.555414502 26.448271662 26.341128822 26.1809363975823 25.973325194 25.8235692265795 25.6422876853395 25.5064779947414 25.5 25.5 25.5031449550157 25.5150911790652 25.4637499151462 25.4251567907728 25.4641708006919 25.41963891 25.23146448547
26.9388012549909 27.0157669245426 26.9914219458114 26.919653551646 26.8784941428023 26.8091938267494 26.705413902 26.6255158518528 26.5511874825955 26.510767132 26.403624292 26.32678175 26.32678175 26.314840844837 26.3138538827147 26.3698865477336 26.4176798378181 26.4803462726302 26.5 26.5234187704732 26.5960358599751 26.6263187744234 26.6023759531283 26.62678175 26.62678175 26.62678175 26.62678175 26.62678175 26.62678175 26.685653168 26.72678175 26.72678175 26.807081688 26.82678175 26.921367368 26.92678175 26.92678175 26.92678175 26.903624772 26.796481932 26.689339092 26.5941370286106 26.4879814078377 -9999 26.260767732 26.0608753471825 25.8609062683691 25.739339212 25.5629426134725 25.5531006529758 25.52678175 25.5385068458724 25.5830450416793 25.4499530795379 25.3681585555654 25.52678175 25.52678175 25.291297998
26.9198338351627 27.058871898 26.990365753206 26.9091061816096 26.8469411695748 26.83392459 26.7714264379435 26.7333380548721 26.6941379363122 26.617909972 26.510767132 26.43392459 26.4212221589504 26.370539632234 26.3681046185817 26.4 26.466014498 26.5248183269714 26.53392459 26.621367608 26.63392459 26.6988577557088 26.6397864951068 26.7 26.7078559912619 26.73392459 26.73392459 26.73392459 26.73392459 26.7728241208163 26.8223950663681 26.83392459 26.8869831032633 26.9296646039211 26.9964224248945 27.03392459 27.03392459 27.03392459 27.0186235218429 26.9478284510272 26.8516288437884 -9999 26.6140919505803 26.4550816062353 26.333985982 26.1053475901333 25.9808662353177 25.8507421194979 25.739339212 25.6988580728708 25.63392459 25.63392459 25.6260687615761 25.4993597032164 25.3795122916222 25.5963261419539 25.63392459 25.458356011037
26.992796488 27.099939328 27.075052692 26.967909852 26.94106743 26.94106743 26.9022233504141 26.8400485224029 26.7748480375602 26.6905621740369 26.617909972 26.54106743 26.503624292 26.44106743 26.419823733878 26.424177076939 26.479971470244 26.573157338 26.63297721939 26.692599847793 26.7 26.7 26.7036433126581 26.74106743 26.7547145737079 26.8 26.8 26.8183102167431 26.84106743 26.84106743 26.907081688 26.94106743 26.94106743 27.028510208 27.04106743 27.1007098332792 27.14106743 27.14106743 27.14106743 27.14106743 27.066182114 26.8518964339999 26.689339092 26.523325074 -9999 26.2247973554493 26.1161808154673 25.9610253270833 25.846482052 25.7403576952826 -9999 -9999 -9999 25.6215357039999 25.4734473615926 25.584723125239 25.74106743 25.682196492
27.0750006094698 27.1304895970201 27.1494267588592 27.0397832261207 27.0387130483289 27.04821027 26.953624172 26.9473767443221 26.8865335521276 26.7404895794227 26.6880068150269 26.6336024145234 26.5806082999263 26.5267152496241 26.4732097848256 26.4786997427247 26.5 26.573157338 26.680300178 26.7 26.7456000975236 26.74821027 26.7528048155771 26.8 26.8111641573223 26.84821027 26.84821027 26.8713011033287 26.924938487121 26.94821027 26.9823988759797 27.03526923447 27.04821027 27.135653048 27.14821027 27.1491054337314 27.2042768767183 27.24821027 27.24821027 27.2336026459327 27.125114684 26.9323237929666 26.7715435605837 26.582257644 26.4658115183156 -9999 26.178113305215 26.0186114483353 25.905414622 25.894692322 25.7921437789863 25.7404899265367 -9999 -9999 25.621535704 25.6102775522141 25.8016662414234 25.789339332
27.1 27.1 27.166014738 27.1346748332474 27.102109080588 27.1 27.0577702488707 26.998271062 26.8960390270353 26.839338492 26.7425347368 26.6864718592823 26.6346271686354 26.5800937474469 26.55535311 26.5227658163884 26.5365410776939 26.5880155862238 26.680300178 26.7484024299409 26.7975827539768 26.8 26.8049106721879 26.85535311 26.8656920876475 26.9 26.9207258085171 26.95535311 26.9784483113182 27.0325871607641 27.05535311 27.0880154790713 27.1444485130111 27.1943935909066 27.2 27.2543963547419 27.208871298 27.3 27.3 27.269700182 27.1458403596697 26.986088152248 26.8251765678343 26.637610754 26.518812298001 26.3941808800813 -9999 -9999 25.960767732 -9999 -9999 25.839339212 25.7656918733425 25.8 -9999 25.705932824191 25.803456196 25.8737159570692
27.16249595 27.1257033980619 27.1247582003469 27.13750405 27.1575726501662 27.16249595 27.16249595 27.060767012 26.956951448057 26.883985382 26.7913150153729 26.7435594909121 26.6859573068029 26.66249595 26.66249595 26.603624292 26.5872540603372 26.6457203733778 26.6926117689072 26.787443018 26.8 26.86249595 26.8658231360473 26.9100083376677 26.96249595 26.96249595 26.999938848 27.06249595 27.06249595 27.0845751160424 27.1412562376726 27.16249595 27.1926116788975 27.2546481948175 27.26249595 27.2993517582474 27.2658230460376 27.3 27.3 27.269700182 27.162557342 27.0386931345373 26.8784394957477 26.7190497459673 26.5552258443177 26.4725632153972 -9999 -9999 26.067910572 -9999 -9999 -9999 25.8 -9999 -9999 25.755414742 25.771128229738 25.874296001977
27.2 27.2231234568345 27.1933057152351 27.1186927378875 27.1243801785399 27.13036121 27.13036121 27.098271062 26.991128222 26.8951377681983 26.853512216454 26.7908004628936 26.76963879 26.7385896544111 26.7 26.6821258522841 26.66963879 26.742796128 26.76963879 26.7961875483253 26.8658684470223 26.90120384437 26.96963879 26.9745009489348 27 27.0211005937605 27.0810069068919 27.1310489684558 27.16963879 27.16963879 27.1896815175013 27.2509457178463 27.26963879 27.357081568 27.36963879 27.36963879 27.36963879 27.3584867380679 27.3 27.269700182 27.162557342 27.055414502 26.9325663126703 26.810767612 26.6376107539999 26.56963879 -9999 -9999 26.105414622 -9999 -9999 -9999 -9999 -9999 -9999 25.8636436878104 25.7853440664628 25.858870938
27.27678163 27.2904507251037 27.2846724538766 27.203624052 27.17678163 27.17678163 27.17678163 27.098271062 26.9979401177584 26.9644853452613 26.894623215719 26.87678163 26.8480321783204 26.7896478626598 26.77678163 26.77678163 26.77678163 26.849938968 26.87678163 26.87678163 26.8987429244781 26.9771830054978 27 27.0122961004628 27.07678163 27.107081688 27.17678163 27.221367368 27.27678163 27.27678163 27.27678163 27.2937675156949 27.3616556012854 27.3970844177343 27.472624379246 27.47678163 27.4699701027934 27.3962817781868 27.37678163 27.3232171178525 27.1913064251277 27.132196132 27.025053292 26.8727082019314 26.7186586030489 26.67678163 26.4545268169905 -9999 26.182196252 -9999 -9999 -9999 -9999 -9999 -9999 -9999 25.87678163 25.8904505022073
27.13215106 27.13215106 27.1875535789884 27.2657121712027 27.2165327697857 27.2 27.2 27.0997220640531 27.0764788773339 26.997425565279 26.98392447 26.9584951054951 26.8939808171179 26.88392447 26.88392447 26.88392447 26.88392447 26.8956848998174 26.9673914987956 26.98392447 26.98392447 27.0014508006344 27.08392447 27.099938848 27.18392447 27.214224528 27.28392447 27.2910918636879 27.3 27.349407525538 27.38392447 27.4453211767639 27.4807575806232 27.48392447 27.4991296093973 27.5 27.4985738918286 27.4704846895584 27.4 27.3648293256674 27.2525009177196 27.1928326448934 27.0887833984937 26.9316649681193 26.7625085372677 26.7 -9999 26.396481932 26.448099646368 -9999 -9999 -9999 -9999 -9999 -9999 -9999 26.0215358137372 25.8505928772995
27.19106731 27.1374542561454 27.1058968918998 27.182090268 27.2748871331827 27.29106731 27.29106731 27.19106731 27.182195532 27.09106731 27.069978435935 26.9972933683106 26.99106731 26.99106731 26.99106731 -9999 26.99106731 27.0576897297842 27.0893075859702 27.09106731 27.09106731 27.1822890392334 27.19106731 27.207081688 27.29106731 27.321367368 27.39106731 27.39106731 27.4381751344859 27.4873934212686 27.5511847189771 27.5220473155547 27.5731269934683 27.59106731 27.6772038879595 27.59106731 27.59106731 27.575053172 27.4699788730581 27.3972934111875 27.353624652 27.2504644963213 27.1436509299243 26.9785837338301 26.888206344831 -9999 -9999 -9999 -9999 -9999 -9999 -9999 -9999 -9999 -9999 -9999 26.1798429386372 25.932196372
27.1525930354554 27.2567644606673 27.2964203 27.2258815438197 27.280300418 27.3 27.3 27.29821015 27.289338372 27.19821015 27.197795666238 27.1666623318837 27.09821015 27.1419981058728 -9999 27.09821015 27.09821015 27.171367488 27.19821015 27.19821015 27.2911030630206 27.29821015 27.3069229007772 27.3967069333446 27.39821015 27.428510208 27.49821015 27.49821015 27.549938728 27.59821015 27.664224408 27.6969007476815 27.6978575484403 27.69821015 27.6999030906838 27.69821015 27.6894976349272 27.599713370951 27.575053172 27.49821015 27.460767492 27.353624652 27.246481812 27.1382852662206 -9999 -9999 -9999 -9999 -9999 -9999 -9999 -9999 -9999 -9999 -9999 -9999 -9999 25.9989462985162
27.2543129966982 27.3557204911873 27.339233558971 27.3799474401654 27.485653408 27.4225905608564 27.41070598 27.40535299 27.396481212 27.30535299 27.283435148411 27.2090840080781 27.2073573174328 27.2529052750563 -9999 27.21070598 27.2731867285235 27.3092690949874 27.31070598 27.3934681819908 27.40535299 27.41070598 27.4191026254581 27.50535299 27.528510208 -9999 27.6073573045857 27.6529050479035 27.70535299 27.70535299 -9999 -9999 27.80535299 27.8100337931621 -9999 -9999 27.8102311003052 27.789338852 27.6834356027166 -9999 -9999 -9999 -9999 -9999 -9999 -9999 -9999 -9999 -9999 -9999 -9999 -9999 -9999 -9999 -9999 -9999 26.1450007158262 26.00535299
27.31249583 27.3198523622919 27.4487720465646 27.521637476579 27.5952578742775 27.61249583 27.61249583 27.52499166 27.516119882 27.42499166 27.42499166 27.3984776357276 27.3702517971289 -9999 27.4185277148417 27.41249583 27.41249583 27.485653168 -9999 27.51249583 27.5243151180197 -9999 27.61249583 27.6144969594504 27.645255191406 -9999 -9999 27.81249583 27.81249583 27.8198523023119 -9999 27.928345903401 -9999 -9999 -9999 -9999 -9999 -9999 -9999 -9999 -9999 -9999 -9999 -9999 -9999 -9999 -9999 -9999 -9999 -9999 -9999 -9999 -9999 -9999 -9999 -9999 -9999 26.1051394176681
27.41963867 27.478510568 27.585653408 27.692796248 27.71963867 27.71963867 27.71963867 27.7199782104283 27.730405562 27.63927734 27.63927734 27.6333267644668 -9999 -9999 27.587548522 27.53927734 27.53927734 27.612434678 -9999 27.6368113157431 27.7152877934807 27.71963867 -9999 27.752146707152 27.81963867 27.849938728 -9999 -9999 -9999 -9999 -9999 -9999 -9999 -9999 -9999 -9999 -9999 -9999 -9999 -9999 -9999 -9999 -9999 -9999 -9999 -9999 -9999 -9999 -9999 -9999 -9999 -9999 -9999 -9999 -9999 -9999 26.2094799595365 26.1295675927603
27.5009261356824 27.585653408 27.692796248 27.799939088 27.82678151 27.8502001348856 27.85356302 27.882073468 -9999 -9999 -9999 -9999 -9999 -9999 -9999 27.7645778110256 -9999 -9999 -9999 27.8477319367801 -9999 -9999 -9999 -9999 27.98034453 -9999 -9999 -9999 -9999 -9999 -9999 -9999 -9999 -9999 -9999 -9999 -9999 -9999 -9999 -9999 -9999 -9999 -9999 -9999 -9999 -9999 -9999 -9999 -9999 -9999 -9999 -9999 -9999 -9999 -9999 -9999 -9999 26.109039634
27.503458116 27.658871898 27.7884098087707 27.907081928 -9999 -9999 -9999 -9999 -9999 -9999 -9999 -9999 -9999 -9999 -9999 -9999 -9999 -9999 -9999 -9999 -9999 -9999 -9999 -9999 -9999 -9999 -9999 -9999 -9999 -9999 -9999 -9999 -9999 -9999 -9999 -9999 -9999 -9999 -9999 -9999 -9999 -9999 -9999 -9999 -9999 -9999 -9999 -9999 -9999 -9999 -9999 -9999 -9999 -9999 -9999 -9999 -9999 26.2022297070554
