catData/variables/pastClimate/lgm_CCSM4/bio17.asc
NCOLS 409 
NROWS 350 
XLLCORNER 60.897278365 
YLLCORNER 5.843756025 
CELLSIZE 0.0892857 
NODATA_value -9999 
[rows 216 to 242 of 350, columns 183 to 243 of 409]
8.08295770637535 7.05411981999996 7 6.91126301999962 5.89416853089926 5.26067128296975 5 4.62554941999989 3.55412101999975 3 3.38901523231516 3.88471535381582 4.97977533994683 6.14225728000027 7.2136856800004 6.71423459833949 6.67847260000009 6.67847260000009 6.6241395032679 6.26067209713683 6 6.24742176487511 7.10664028000018 8.51988503261344 10.1099805135178 10.6607637 10.1773554657795 10.5306055280896 10.9574078580415 10.6791247358277 10.6378962806061 9.3091351235658 9 8.84287322260782 7.92108162965342 7 6.70538252708851 6.16374848678032 5.61098793935052 5.33923630000004 5.82264294838763 6 5.42219876387398 5.33923630000004 5.33923630000004 5.33923630000004 5.33923630000004 5.57082288000032 6.84247257934088 8.49483718641862 9.02691151292133 8.49443751810503 8.72824677481662 9 9 8.74180906715245 9.25627225029321 10.9268541516761 10.7130705600005 12.8258278119009 14.5508865515383
8 7.44255942035567 7 6.91126301999962 6 5.76840621999981 5 4.62554941999989 3.73722777755788 3.41066470000005 3.65243770247305 4.4814935800004 5.98407531261231 7.21368568000028 7.92600858769733 8 8 8.03644015967548 8.25050172000002 7.17907331999972 6.28622517295216 6 6.44587658000022 7.51730498000017 8.69392272624473 9.44977573933528 9.88977356179266 10 10.5153424732925 10.4203351783302 10.4035586483774 9.94770699407986 9.27912010692498 8.22126275899448 7 7 7 6.69513532882487 6.65243573128253 6.27912109252006 6 6 6 6 6 6 6.06577131094224 6.64225128000033 7.58924212414305 8.15377067831472 8.22756089922773 8.51730018000011 9.24177004568719 9.41066470000005 9.71110099060225 9.96480435388091 10.3591025355173 12.4714051240508 12.0274938795683 13.6416254771107 14.1786705999999
7.15686566115814 7.03581379999994 6.51790689999997 6.42916991999959 5.59512152455688 5.88005598334082 5.18992329574982 4.32397636090892 4 4.24939031847719 5.07082888000003 6.14225728000033 7.21368568000013 8.28511408000025 8.9036591123975 8.96418620000006 8.96418620000006 8.96736412250127 8.91705048753343 8.25050171999969 7.32515706510142 6.78366731611445 6.71301565733053 7.51730498000017 8 8.66016178000044 9.37889560219426 9.51790689999997 9.93947175537399 10.94587538 10.9910382529418 10.3537615848217 8.86991726101995 7.88005846929389 7.48209310000003 7.30157537313787 7 7 7.58873098000011 6.99793952199792 6.12939967921767 6 6 6 6.96418620000006 6.96418620000006 7.04713322651348 7.60203338772957 8.14608143105483 8.67601991016136 8.76907992862256 8.99939328000014 9.78699969380926 10 10.3788931162412 10.4891479250858 10.9349727386733 11.4898728998889 11.5352058800002 12.5179069 12.5179069
6.73512430094277 6.02995648394611 6 5.91126301999962 4.98285541722863 5.02114913649627 5.17589272321346 4.3462550532825 4 4.5173073800002 5.58873578 6.6601641800003 8.13654480227068 10.2455212347628 10.5669608150167 10.5535215000001 10.0095793427129 10.5139034178234 10.018389347066 9.4501209280446 8.93931503684469 8.17907331999998 7.55352150000006 7.78448705151304 8.32587658359778 9.21368328000051 9.55352150000006 9.10903345107043 9.39042177596002 10.3923538799999 10.4464784999999 10.2785122987431 8.46486917551758 8 8 7.83281800981427 7.55352150000006 7.55352150000006 7.81637722485401 7.33984061999975 6.67336178536729 6.55352150000006 6.06949762441128 6 8 8 8 8 8.30301498000037 9.20726246136271 9.55352150000006 9.78448490841621 10 10 10 10.8030137800001 11 11 10.4637774800001 11.4464784999999 11.4464784999999
6.42213697246564 5.42916991999993 5.37505009999997 5.28631311999959 4.31498005821441 4.08685927034844 4.56442378108894 4.85956227252591 4.62494990000003 5.14225728000023 6.21368568000003 7.28511408000033 8.63092635028841 11.4090629400007 11.1255506199996 10.4088737759767 10.0281216754606 11.6249499 11.46478692 10.480216890228 9.69698021999974 8.62555181999991 8 8 8.58873338000014 9.66016178000044 10 9.6988278012691 9.0784643472935 9.94587537999999 9.98918600441922 9.34177108701763 8.93993175845494 8.48021839010773 8 8 8 8 8 7.33984061999975 7.45720570995228 7.62494990000003 7.29698937282643 7.24989980000007 8 8.05545166713821 8.62494990000003 8.62494990000003 8.92796488000041 9.99939328000006 10.346302375676 10 10 10 10 10.8030137800001 11 10.4088782756161 10.6206268883578 10.3750501 10.4751394386954
5.39105075601132 5.01643195175208 4.29156838048404 3.58030092727933 3.30362169999995 3.46489858280707 4.30302218000029 5 5 5.15706574613818 5.89235747999995 7.42350988938979 8.22212738284698 9.59427187016678 10.254310865361 10.0164326804442 10.0105090635843 10.7308290719436 11.9513710437353 11.4647869199997 10.3933585199998 9.32193011999996 8.69637830000005 8.33613833744597 8.58873338000014 9.66016178000044 10 10 9.12555301999967 9.94587537999999 9.98269621999975 9 9 8.92968456019105 8.48536357204502 8 8.31049710348257 8.69637830000005 8.69637830000005 8.0362189199998 8.4279660800001 8.69637830000005 8.08743406993506 8 8 8.08872978000029 9 9.16127186888342 10.2104063366476 11.7671999800001 11.9468848199998 11.0325199800619 10.2864004922981 10 10 10.243812409007 10.912564258757 10.0541294200001 10.9827010199998 10 10.1601557799999
5.12554821999962 4.27374686039869 3.22817436369138 3 3 3.0537745240377 3.30255301994736 3.75189226414284 4.57454216823331 5 5.58873578 6.81344987949631 7.79391498459434 8.18645609131542 9.10664268000028 9.23219329999992 9.24548110095541 10.0412071499088 10.4643865999998 10.410612633226 10.1618341373164 9.91305564140681 9.76780670000008 9.64769194958745 8.7682464789669 8.38547844223204 8.46438659999984 9.08094964594854 9.02915257003868 9.21962592587088 9.22817547821919 9 9 9 8.69698261999977 8 8.44587418000036 9 9 8.84671541503184 8.93767648087791 9 8.79695982730265 8.76780670000008 8.76780670000008 8.85653648000038 9.76780670000008 10.1772070077547 11.9089864281562 13.4297502159348 14.0897416199998 12.6211266758847 11.17907812 10.260933747704 10 10 11.5458447445675 11.5481818886571 11.7637899927472 -9999 -9999
5.85941884703343 4.09953907254961 4.66394423213276 3.83923510000001 3.70481869129912 3 3 3.37445058000011 4.44587898000025 5 5.09464804879811 5.26689612838131 6.05312238000008 6.99545319245257 8.03521428000034 8.16076489999999 8.16354712629709 8.47046814824008 9.86558560546337 9.16076489999999 9.41506973537049 10 10 9.56585950337905 8.97146957407523 8.28520416254515 8 8.8030185800002 9.73386659870529 9.83923510000001 8.98547806046111 8.16076489999999 8.29517728037235 9 8.951285441206 8.83923510000001 8.91091601796035 9 9 9 9 9 9 9.79380980495758 9.83923510000001 9.85349973420878 10 10.4631731600006 12.0487141729583 12.90965166 13.3407018721239 12.1552023765846 11.4112714199999 10.3398430199996 10.613972129543 11.5131524499598 12.693491989624 13.6330428907933 -9999 -9999 -9999
6 5.83099675059889 5.89335491999988 4.82985397121344 3.83983461999994 3.21090400227321 3.91066350000002 3.94411560424019 4.03983326749678 4.5604294492468 5 5 5.7315925800001 6.07173908377977 6.16745674703636 7.04004936970702 7.10509660645051 8.09666181680655 8.92917351999995 8.08933649999998 8.66830533342451 10 10.406043526911 10.8644492836542 10.2851889996023 8.64931648285813 8 8.07173886937217 8.96378348000031 9.08933649999998 8.98269621999975 8 8.01430818565517 8.30023613108849 9 9.34099410457509 9.91066350000002 9.91066350000002 9.91066350000002 9.91066350000002 9.91066350000002 10.6419410250356 10.0250022382208 9.99516448147777 10 10.0808029720093 10.9106635 10.9520417690084 11.3652811822396 12.0669029220347 12.099007751452 11.5289136075305 10.5006079199999 10.0303603859562 10.7315853800002 13.2655644588865 15.4920917561873 14.9551214541404 -9999 -9999 -9999
6 6 5.96569280378123 4.01631898928837 3.99713174235844 3.7587929291431 3.31550372849856 4 4 4.00926399229173 4.59610074077814 5 5.7315925800001 6 6 6.01693887387192 6.03521428000001 7.019497167732 7.03294798533768 7.0179080999999 7.32635438852235 8.77130124909553 10.0079848023823 10.0179080999999 9.42917471999976 8.3459240768271 8 8 7.15687238792459 7.0358161999998 8.01759822217728 8 8 8.45903064138789 9.9820919000001 9.98879751247288 10 10 10 10 10 10.8030161800002 10.984340359017 10.9820919000001 10.016991545157 10.9836808817733 11 11 11.3030149800004 12 11.562112936423 10.5006079199998 8.85099395028317 8.68415102278671 11.1864616317135 13.6024999110739 16.6076669419977 -9999 -9999 -9999 -9999
5.95319907839884 5.94647969999999 5 4.91126301999962 3.83983461999994 3 3.30302218000029 4 4.02386357677331 4.05352030000001 4.05352030000001 4.67835229503743 5.69243752564072 5.18643664375568 5.87444938000036 6 6 6.07923637731636 6.90153137073849 6.94647969999999 7.24949948000025 8.32092788000008 8.94647969999999 9.43609836227906 8.81002020135258 8.05352030000001 8.05352030000001 8.05352030000001 8.00671963529629 8 8 8 8 8.21919426831399 9.26571466108305 10 10.4220108601245 10.9464797 10.9464797 10.3216522480652 10.0391547974619 10.8135588131417 11 11 11.947405675048 12.0047488444446 12.0620920138411 12.3138380135251 12.7132024726337 11.3246738620306 9.66116881999968 9.07935453917635 8.4963006502201 9.42735456000079 11.6485206980269 14.4941899247712 17.6768468400013 -9999 -9999 -9999 -9999
5.10986113312334 5 4.99567463086027 4.67245319029252 3.73489837601592 3 3.26515995253807 3.92183841318524 4.39016698109187 4.93968818463141 5 5 5 5 5.87444938000036 6 5.99783761530702 5.78631671999961 5.01520212386086 5.80797668372443 6.30301978000026 7.37444818000009 8 8 8.66229485047779 9.12494870000004 9.12494870000004 9.12494870000004 8.25050171999971 8.006762800907 8 8 8.02001185626225 8.12494870000004 8.65526020458361 9.92183781343147 9.94428860084537 9.93968758487764 10 9.91751394367614 10.60663908 10.97538712777 10.8907392865069 11.1114224984323 11.0173013800002 12.0887297800003 13.16015818 13.8262863042167 13.2120360721685 12.7972915335546 11.748314520722 10.6722845050007 10.3970191414478 11.7376230035539 15.1183663356608 16.3256197557863 18.7796518127689 19.9526339806607 -9999 -9999 -9999
5 5 4.77580375749073 3.19637710000008 3.16492428715526 3 3 3.30091706100634 3.89118332104336 4.5173073800002 5 5 5 5 5.87444938000036 6 5.97929528255939 4.73231375948976 4 4.41770351641119 6.16614882563929 7.37444818000009 8 8.10158685178803 9.25823010616269 10 10 10.1576944599866 9.32193011999976 8.43624998408597 8.19977516613557 8.37532923181502 8.32508580976535 9 9.05950567433407 9.42375772723278 9.44530819843294 9.51730258000014 9.88438671746737 9.27310370458197 9.73158778000005 10.6453221913186 10.1008992107307 11.7059981672191 11.0139037851698 11.8749281831201 12.8303067778592 14.1861082790209 14.6196183260577 14.1963771000001 13.3921925471278 12.3927542000002 13.4545985487728 14.9861737932778 16.8559249600006 18.8410882426239 19.8990988605743 20 -9999 -9999 -9999
5 4.74668808545498 4 4 3.88272778967355 3.20578341195018 3 3 3.32647013682178 4.24950188000017 4.88986117993078 5 5 5 5.64026702656465 5.47888322818816 5.43904602037577 4 4 4.23159138000033 5.52488919630765 7.20692196206909 8.11940820044526 8.78511048000019 9.69887284280252 10 10 10.8030185800002 10.1255530199997 10 9.28047523254542 9.93503078583075 9.18202173158563 8.79421530258345 9.22186765904057 9.45802735933573 9.1194075577121 9.50803512782368 9.14346351999986 8.73219449999998 9.2678590487832 9.89449329918606 10 10.6925629936546 10.9907331905567 10.4881513230978 11.1697777985259 13.5264091598502 13.9540604017739 14.6649449932052 14.6735351349786 14.4063413333551 15.1243395800001 16.6791312898933 18.7309762600004 19.8557677731403 20 -9999 -9999 -9999 -9999
4.66076609999994 4.03576054239407 4 4 4 3.84697068120503 3.23643850409204 3 2.84874273468647 3.00258527998386 3.91026797999988 4.54548226942173 4.66076609999994 4.66076609999994 4.36412322646979 3.69652822823267 3.66663694293548 4.03010177763839 4.33923390000006 4.57082528000039 5.64225368000032 6.96110474355088 8.44587658000022 9.51730498000017 10 10 10.2481801899632 10.8698413553343 10.4221950793685 10.0183609059286 10 10 9.73401073817967 8.41369721423529 8.66076609999994 8.66076609999994 9.1066402800003 9.1434635199998 8.27175262639612 7.7760515589009 7.90894547580174 9.06121173899112 9.61817344520736 9.98163827991 10.6379017692252 9.3978635306847 10.32031636 12.1530245612791 12.6607660999999 13.40965286 14.8120209228294 15.8682716950645 17.0674796877653 18.2233385069382 19.6452814367195 20 -9999 -9999 -9999 -9999 -9999
4 4 4 4 4 4 3.69697781999971 3 2.55412101999975 2 2.34696419049287 2.97839733946366 3.17867539999987 3.50844584259507 3.07399171362416 3 3.42086148431711 4.08873458000035 5 5.23159138000034 6.30301978000026 7.22067642917041 8.21831898185921 9.51730498000017 10 10.2711035549471 10.8418159740238 11 11 10.05412462 10.4035562899065 10 9.83983942 8.86351588318129 8.41066230000007 8.41066230000006 8.49032904746124 8.28447178729862 8 7.61094318935727 7.84181455961335 8.65953694283227 9.33666775755502 9.96810090652533 10.403557275496 10 10.32031636 12 12.2488736572429 13.5702113600002 15.0840936493204 16.5376914765818 17.8311063327385 18.7781107924647 -9999 -9999 -9999 -9999 -9999 -9999 -9999
4 4 4 4 4 4 3.84306199487158 3.4820907 2.82125761041615 2 2 2 2 2.41589203363723 2.93947321371894 3 4.00834314843058 4.52804716421378 5.0772130831423 5.60203402950201 6.15693676214609 6.87894527041994 8.15889090743453 9.51730498000017 10.2838228872776 11.1422524800004 11.4820907 11.0949629106547 11 10.05412462 10.5089475114127 10 9.83983942 9 9 9 8.55412581999964 8 8 8 8.70538332994334 10.1830871276727 10.9036522996836 11.8761745340785 12.4206298856045 10.9214055982488 10.725196290893 12 12.8981913676385 15.3520368176509 16.2149506385306 -9999 -9999 -9999 -9999 -9999 -9999 -9999 -9999 -9999 -9999
4.48402576225928 4.55351910000008 4.54393847037612 4 4 4.25638316134264 4.77158107129251 4 3.10824203999951 2 2 2 2 2 2.87444938000036 3.52356141749568 4.00772687882201 4.4955971848606 5.07150971145708 5.57467115222548 6.16772723590796 7.09515124040994 8.69267778327305 10.0708240800002 10.8163773093625 11.2947496256802 11.8514300380025 11.6414675416849 11.0694959946325 10.05412462 10 10 9.92849136009709 9.29714125244067 8.44648089999992 8.44648089999992 8.24740659482663 8 8 8.36541082587435 9.20679904088681 10.6939818732393 12.3584663569223 14.44526506 15.0724354399997 -9999 -9999 -9999 -9999 -9999 -9999 -9999 -9999 -9999 -9999 -9999 -9999 -9999 -9999 -9999 -9999
4.24950428000034 4.96617795379057 4.98269141999986 4 4 4.17371965234702 4.52280654767082 4 3.10824203999951 2 2 2 2 2 2.87444938000036 3.35475382608341 4 4.08873458000035 5.10009345394358 5.85653888000038 6.92796728000031 7.99939568000013 8.95940175204107 9.89235748000012 10.3750525 10.3750525 11.10664268 11.3750525 11.0470889740334 10.05412462 10 10 9.89990804593044 9.05660549407809 8 8 7.7213520458942 7.69833945411462 8 8.66015938000024 9.45720395414162 9.7254509975483 12.0454761141607 14.2667984599999 -9999 -9999 -9999 -9999 -9999 -9999 -9999 -9999 -9999 -9999 -9999 -9999 -9999 -9999 -9999 -9999 -9999
3.87445178000038 4.28719201836033 4.31042207595048 4.57278731137792 3.30362409999998 3.30362409999998 3.51464144331765 3.73924164034689 3.03286489197701 2.33613550767573 2 2 2 2 2.26550390599815 2.96231059033751 3.31567570667312 4.02694195699148 4.57532071934422 6.39286603568031 7.78838000798479 8.11369149164916 8.61412180468656 9.51730498000017 10.4099797373577 10.6963759 10.9185043099714 11 11 10.05412462 10 10 9.72830745195797 8.39458108875527 8.48536189928671 8 7.86462185338416 8.21367848000016 9.10635396605549 9.59319209760916 9.91850358127352 8.63778270493764 9.1001314458075 10.4475592122667 -9999 -9999 -9999 -9999 -9999 -9999 -9999 -9999 -9999 -9999 -9999 -9999 -9999 -9999 -9999 -9999 -9999
3.87445178000038 4 4.00401897784914 4.12285437481246 3 3 3.07036044720066 2.85774511999979 2.57454349812375 2.87988345078574 2.31577043655219 2 2 2 2 2.94587778000001 3.77182272057955 4.13626158416594 5.60998691051055 6.10754904518624 6.69705129006909 7.51969862273118 8.44587658000022 9.91449396805576 10.9045056592825 11.5068750533801 11.7678043000001 12.3843654187042 11.8642044486338 10.0956817359719 10.7545183833096 10 9.80265082201451 8.82157826532353 8.69698261999977 8.28750108000094 9.11014841266339 9.65572403467508 9.90450510201285 10 8.87656751337688 6.85835903999947 6.46439139999981 7.41026437999977 -9999 -9999 -9999 -9999 -9999 -9999 -9999 -9999 -9999 -9999 -9999 -9999 -9999 -9999 -9999 -9999 -9999
2.3013505516508 2.32153459999994 3.16076729999997 3.14650129531516 3 3.19436107329277 3.58492657771849 2.62554941999989 2.44587898000025 3 2.41126422 2.55403136722496 2.22525628378655 2 2 2.15206621682057 2.3505824243363 4.10300019884364 5.16076729999997 5.35512635913438 6.30301978000026 7.37444818000009 8.44587658000022 10.0346099600003 11.4940843040777 12.4993944800005 13.453207102055 13.8075645289565 13.6986502200323 11.7867146400001 11.8364508180096 11.6039984530015 10.813484115987 10.4841083550241 9.79051741396433 9.73866403704705 9.91091468805839 10 9.01183542016168 8.32153459999994 6.85835903999984 5.38941967688486 5.16076729999997 -9999 -9999 -9999 -9999 -9999 -9999 -9999 -9999 -9999 -9999 -9999 -9999 -9999 -9999 -9999 -9999 -9999 -9999
1.08933889999996 1.95071518518703 2.08933889999996 2.17014821581779 3 3.23159378000019 3.69697781999971 2.62554941999989 2.03983433760633 2.08933889999996 2.03674189302414 2.0589783416606 2.02397922365462 2 2 2 2.94527346000025 4.91858854976923 5.14585419554611 6.14225248000037 7.2136808800003 7.94411388850823 8.85191903680747 10.4741815378779 11.5887333800001 13.2613454327536 14.6422512800001 14.9106611 14.9106611 13.8802822540138 13.8055643206709 12.8219289199997 11.9106611 11.6790721199997 10.9106611 10.9106611 10.5046208287793 9.52891266346422 -9999 -9999 5.13729820496265 3.55504712220301 3.97500046311223 -9999 -9999 -9999 -9999 -9999 -9999 -9999 -9999 -9999 -9999 -9999 -9999 -9999 -9999 -9999 -9999 -9999 -9999
1 1.01694118696378 2 2.08873698000038 2.84270326203841 2.24950428000008 3.01248322124503 2.62554941999989 2 2 1.42180877218762 1.66625080945437 2 2 2.85878755437996 2.05315286397868 3.99970564233711 5 5.16016298000003 6.23159138000033 7.30301978000026 8.73548325174447 10.4180414524865 11.4993944800003 13.149011750798 15.2845025600011 15.977282145919 15.9820895000001 15.9820895000001 15.9651483990067 15.9638690806485 15.7703933777096 13.8068869760683 12.7505005199998 11.6844993127843 -9999 -9999 -9999 -9999 -9999 -9999 4.18260139870803 -9999 -9999 -9999 -9999 -9999 -9999 -9999 -9999 -9999 -9999 -9999 -9999 -9999 -9999 -9999 -9999 -9999 -9999 -9999
1.05351789999998 1.94877655911482 2.06990016114653 3 2.84840633479024 2.04112348724131 2.28680506927326 2.61211113739067 2.05351789999998 2.02583269536788 2 2 2 2.04297599650554 2.88116858552643 2.10474361244223 4.01823237041074 5.13750359162133 6 6.24398566431605 7.34032069771617 8.74889636000017 10.8917531600004 13.0346099600003 14.6202411541576 16.3738414600009 17.7851080800001 18.0535179 18.0535179 18.0535179 17.9817701580321 16.8530011600637 15.73280362 14.6737693758725 -9999 -9999 -9999 -9999 -9999 -9999 -9999 -9999 -9999 -9999 -9999 -9999 -9999 -9999 -9999 -9999 -9999 -9999 -9999 -9999 -9999 -9999 -9999 -9999 -9999 -9999 -9999
2 2 3 3 3 2.76840621999981 2 2.37445058000011 3 2.54732826309355 2.12494630000005 2.12494630000005 2.12494630000005 2.82763277972683 2.89074078543161 2.87505369999995 3.91182840315831 6 6.02001177174799 6.55919257395777 8.03786120033786 8.82705674536746 10.9474637889281 13.0949209167778 15.1774667600003 17.3203235600009 18.6401806938927 18.9753879004023 18.8907410853027 18.7568700710078 17.8404461399994 15.6865025824173 13.6099582918768 12.8461175138281 -9999 -9999 -9999 -9999 -9999 -9999 -9999 -9999 -9999 -9999 -9999 -9999 -9999 -9999 -9999 -9999 -9999 -9999 -9999 -9999 -9999 -9999 -9999 -9999 -9999 -9999 -9999
2 2.18574693658355 3 3 3 2.81388537906923 2.1963747000001 2.49729265968783 3 3 2.88438718782318 2.93326484279827 2.85633372658018 2.8036252999999 2.10089565466239 2.18574646528426 3.24149624818909 5.8036252999999 5.96378827999993 7.08069536777041 8.24351436160861 9.25160562901309 11.250070860366 13.4225158902562 15.1774667600003 17.3203235600009 18 18.6453260472582 18.1008975833631 16.868378626015 16.5726430399993 14.3759035704547 12 -9999 -9999 -9999 -9999 -9999 -9999 -9999 -9999 -9999 -9999 -9999 -9999 -9999 -9999 -9999 -9999 -9999 -9999 -9999 -9999 -9999 -9999 -9999 -9999 -9999 -9999 -9999 -9999
