catData/variables/pastClimate/lgm_CCSM4/bio16.asc
NCOLS 409 
NROWS 350 
XLLCORNER 60.897278365 
YLLCORNER 5.843756025 
CELLSIZE 0.0892857 
NODATA_value -9999 
[rows 75 to 99 of 350, columns 168 to 223 of 409]
327.306691461626 320.89089016652 322.613906571374 344.945223666647 372.500459845266 396.782363784249 399.089765400311 407.671371707782 437.739639836682 463.225959771285 480.578268801269 496.949077278596 518.517496133942 547.827671257718 588.675033005417 652.683211514588 739.865766637821 827.753417012256 872.150160128842 894.995523575707 919.18980074956 905.631912377749 917.570517556204 995.953653153746 1117.70016845431 1098.06094116873 995.272504655232 937.04156528345 832.758269223708 785.838801122921 735.183119316718 678.59199511841 661.471196553042 611.358322123992 562.989238143898 567.436243475115 563.062884697518 558.764500078893 555.580992642689 547.776613159276 550.725618505399 539.783307669315 403.843986361303 314.223888878534 309.006016219434 307.164593484275 312.558810588872 357.457888999237 356.108265388215 305.346603191758 298.676086898819 305.025172560157 284.368963526315 271.49295203266 258.827622265153 251.119056580303
313.524436634062 305.305081825109 297.596885973589 313.030539211737 348.941682840018 392.350286203654 415.141636681597 419.692333340003 431.125689238677 447.440118177031 462.620888548847 477.457128520003 493.317784300101 511.648176888463 532.970535956691 575.058478789904 670.766706797205 765.859304022135 797.734904742178 808.844657033556 856.837068426301 897.792153560734 904.718230890599 913.825983857484 967.035956598987 1051.62523203362 1040.15766415695 981.380850194791 880.910133120652 785.894676964506 716.204212726321 602.31633467342 607.964897344731 594.581941019265 590.335513278951 603.089345789715 587.15163137158 579.152793563944 575.60989151518 570.84358859193 566.850393504684 548.791672422538 469.96375542295 346.46597817164 324.866074280827 347.159006205744 340.676353007598 346.896781880475 398.901242058107 357.409164413368 299.986873961861 324.275180238571 320.889927171511 289.342343159812 294.923072972268 284.51076353382
310.390921737512 303.046184140783 280.631132937346 274.976218455494 311.852377540018 356.133343574703 386.670991724539 402.368534294145 414.24342604 428.092350748617 441.921941840003 456.197461102218 469.979347914528 482.675596668739 492.869998296005 517.546280294233 607.945801477086 699.729320496444 734.234793084877 736.390718059634 735.626680242553 763.912824123354 834.290621052558 905.570089458238 915.270217423875 897.675315738685 940.399496250362 938.447018346347 886.721305666968 802.741814555938 673.470206036839 656.671487001581 626.003596580592 637.129163048004 650.202418494955 657.460141102859 627.720986652704 603.773434525002 598.787447895464 591.470473625914 580.260792207122 573.468790899784 533.300617987655 468.627380895092 445.357670362436 461.102863767898 427.871385755126 410.951543506297 469.765192082782 441.032166903193 348.490981157039 336.356461040415 361.610313060073 323.295702902826 313.758090336364 324.760895817731
303.887957939723 301.939061093409 273.507551344104 253.969395546296 287.091694487143 327.14411118636 357.061113200004 376.660695803481 391.261312539999 405.850730157873 421.348779712809 436.543170028004 451.504847134137 465.70876318053 479.919121922386 508.303063008802 571.540388266775 638.97433669282 673.501940546383 677.685932945577 665.956682128856 663.390427802889 702.990204621185 798.385784143973 858.879186876458 822.959780875611 820.485467139905 873.106848077323 837.354700860264 806.371837808608 701.358106697362 775.840254445528 717.847606711918 686.366172732593 700.109532595064 686.154803914535 655.726532969356 638.781903588878 627.477083989677 615.443818719677 611.682594509705 607.355689512239 582.258613001923 562.42761451159 567.909493100512 572.896131023438 543.42078636182 529.194899783609 549.102668903614 572.778246781345 435.307714650825 389.454938845446 429.425084219398 399.21261789582 362.127364761762 363.49143801333
284.291125864778 288.894451546658 276.913870993749 264.720330454127 284.699835221878 312.829090482954 336.113092460467 353.138982914708 367.89716450204 383.55739646287 401.332300981654 420.050266051089 438.356249418834 455.801957418005 475.554618873577 504.995222136653 548.642507959507 595.246695120582 625.318101163854 633.893689682838 627.502550272721 619.182430261356 622.421216271683 660.154613253507 736.799378601804 753.580599389091 787.804579230335 903.298102510353 880.747061695829 830.420513083601 771.733767722731 740.302269203564 697.335739759385 723.055962482016 748.880602732659 715.068345252594 687.302071094708 660.890207829367 646.735618449483 639.013394259596 643.104667909638 642.457936175865 637.053034803267 632.807522319956 676.421251846231 699.15808317612 675.123477958367 735.692702294769 678.850441415753 671.811145948789 465.020469234982 467.096297411123 537.225597261357 500.189909272685 420.208410474047 386.959093392208
256.334014380002 267.02652211548 272.15201890454 274.714119429318 288.516609494399 307.477274196671 320.295244041605 329.811128832887 343.711014798554 361.666550334993 383.053597493579 406.496912985739 428.871020086463 448.519525127873 470.113647580002 496.548768282776 528.481593654756 562.935610227766 588.8570277494 602.041259695286 604.701792319024 602.269252520862 587.796684597161 575.488712323186 612.35097544125 673.117048966266 747.447157318074 875.760391707618 911.795587186803 875.20994623747 816.5579815782 741.88032401897 722.363173377939 742.92181728268 768.970286719638 738.241999547364 706.504277522699 665.10838514291 655.723019533277 661.687528643002 659.449323840278 656.575599475974 667.285793831427 696.294785159627 749.4282575421 767.782152899161 749.253070526415 897.55650550246 843.677543087528 744.314006326474 590.526674219682 599.923747694755 641.850359881886 504.729538107561 417.27236848826 410.743043683242
225.785325980606 245.69287668417 261.943822553934 274.130580266289 287.74497501001 299.531797095465 300.03063404546 303.015783565534 317.492235162568 340.149341092802 366.860564443028 395.412883210604 421.211762829397 442.499780266743 462.703797493644 483.761802935021 507.178140729866 534.284838650159 557.955383573939 574.077611558025 581.303691022116 584.008139872411 565.220099953066 532.86053824806 553.684661376964 613.545837031744 682.282675853348 787.383910165012 868.686035556185 866.297872262357 806.918540287553 769.071025095169 792.404380195929 767.232635722359 795.734997988302 785.918058439147 739.630807873251 679.036077364295 667.76185461448 681.768873580411 686.170876169097 668.84178761967 669.971703655783 699.516034622309 742.166098859127 790.075987351446 815.843678226923 907.367974987145 860.596062574362 937.909288928184 884.35062834018 786.029935924204 649.315515264578 526.569405778849 509.206632943105 495.711801388256
200.932558433879 233.484458086929 258.789132744632 270.762047817308 274.436620376055 272.623703489555 265.66055171102 270.552703027655 290.569666148752 318.624204748497 350.649752892478 385.215177433203 415.329704941722 436.705499648783 454.614264632038 469.568900905883 485.810318755647 507.198311319101 531.012456882537 547.085555540001 554.250902143148 554.033869124489 538.591262773917 518.182979482615 535.086314433696 581.395169457493 640.306125135574 714.355902581441 791.954814150512 846.316666229654 828.238790589001 787.86690333722 781.019830407019 770.664632569526 788.311243380127 779.158491188952 751.140995243252 713.689345268109 691.838962335836 678.060515936387 673.726987154856 649.61971495984 657.811344747892 664.14259778348 726.030011594697 782.354813868333 776.902702439081 878.258431889035 846.696065738315 934.297929083924 920.608283061475 833.987169238704 783.47161544491 789.263962276489 669.087834826291 513.803899482651
200.930757793402 235.782011451916 265.278999108387 268.208037202545 260.593963725868 245.321554797297 228.696786780001 237.668402095473 267.843392634935 300.41157533138 334.916493180392 371.76157459509 405.470166019133 430.953771482399 447.469503642468 457.683041204499 470.422795322851 488.736578923638 508.560136362035 523.253621181991 527.700641005263 526.838306994468 522.349511621774 518.405988848784 534.627894723032 568.008530427091 607.906023773272 658.180600435372 708.50788081629 780.524772355879 832.541408573402 793.601957859997 770.691006431248 769.108018038623 776.760128098878 771.874007518448 761.22749483815 763.359843991759 772.591460563281 778.72807263866 739.346513444969 637.428652820927 601.234461849168 647.88027515116 685.784104873714 762.368659949651 741.319993469391 818.69272254476 739.763137277406 746.577712141197 866.925558190975 849.219376981186 822.93036653553 789.924248108817 695.269538797469 635.627715235693
211.508562259931 240.138289862671 263.241068065481 266.040137159999 256.685906611746 238.271147225444 222.531820426174 231.407909334014 259.031575935328 289.72470558151 322.068334869185 358.303055301305 395.88277466163 428.384057883445 447.170607294375 449.739130991411 457.619457134305 475.383304440002 494.321993041531 508.399471228496 515.716079022619 519.826355057745 521.742875790295 521.911967466403 533.895904083013 556.513300083512 584.034604399943 614.934899486026 647.809297324043 689.952837309056 730.091691402973 761.053615686979 753.387167162128 771.796434002337 791.105029487229 805.877756124889 805.94148208462 815.178208648213 811.86269063694 766.900180860087 713.542034014782 657.970590655702 688.994572382842 677.375020881921 684.850368723144 763.48937432806 805.772308970888 774.964716424284 669.286221935728 750.89394256843 777.733767599878 705.564830988484 675.610501779933 637.024134719126 613.18399481438 746.280837870953
219.12096549341 237.789258900013 257.131255357296 264.981404592215 261.92492417632 250.17581699065 241.650601778485 245.974623538916 263.767317061777 287.285232763135 312.569616558861 343.674556297461 386.857692748681 432.646318728842 462.197212786129 453.798136563096 451.152713461544 466.454627240002 485.733990515911 504.296665237966 518.255318522077 527.669641001032 531.451199096764 528.653621442661 531.219950738404 548.491813999126 569.768837315487 587.412240573181 605.338808457613 641.10351390017 658.419699141717 676.009688592761 708.600169025563 751.537637084747 781.311832749026 816.65209271882 855.274741233032 888.08837017361 912.490834110617 867.583207958459 913.039338395729 856.081838241864 798.3057201682 725.96333514108 703.430483697203 790.749393720519 748.977495917114 755.739306048128 808.853656968642 782.78862354387 662.342318452716 666.075341312522 663.067004909619 646.4116724108 669.004121296281 733.52456551409
220.151783960185 234.822435952205 251.863502100627 268.131372807372 275.154793375967 269.440461874987 262.8567088 265.248454961965 275.911762629211 291.597921860879 309.603289169844 332.343893520005 375.317102261465 426.233186825867 461.390105298048 449.210514029763 443.586922669708 459.974141827403 481.757041797921 505.575094018939 528.56435700101 543.567823250513 544.512575077427 538.076653199997 535.55619069536 547.636965353875 563.832811155489 578.232552802257 591.271988763743 611.614052640507 629.178940889154 651.23181383624 676.616135827093 702.664527160001 733.921408158341 779.216753841959 850.127871777689 949.961026979586 951.060110084525 890.728324879841 921.285865361132 916.940519863275 828.761578727636 759.836738551487 714.947411174155 685.019400944831 665.096205423285 656.793111586672 735.672339759521 797.112610480487 730.217151359752 683.065000072204 652.292907534412 698.624008285034 746.479328430255 735.161043515567
217.990687880727 228.509931480103 246.073459059904 267.311816040003 284.833810259233 282.464249999437 279.115554399697 281.317819880002 289.150609400133 300.990461940065 315.884401000003 336.960165820214 368.823163000535 404.02724032052 425.398153480078 422.925605559561 432.056829699885 453.148151940003 478.05721608001 506.214668940017 535.096503920035 554.689469519968 555.987277019995 548.333241800009 544.293106539966 551.681680779947 562.436636799967 572.883122199956 584.032272879921 597.274468439941 610.698821239854 627.928378739836 646.911428279685 669.575219460001 700.935521039791 743.954988659952 802.041717719423 883.626992819325 990.577751919278 1013.35433855464 971.853173565744 892.917930517704 819.039362133681 777.501391476189 774.075050483984 721.849339223529 731.68493624668 702.927332301629 750.952086340349 816.391193836073 692.070017655961 664.593466281213 670.178257735396 706.387529388609 753.409939557625 756.576549755666
210.584108133918 218.633444374301 237.237019098364 258.543987740003 276.851968939229 283.754931057236 287.697530998032 293.31198390168 300.83677671717 311.139444373 325.127655080338 343.606283721512 366.395941680045 389.250967707044 406.555059245474 415.174996431914 429.428094427821 451.201696240003 476.058476258562 503.475947546374 530.594092233714 549.637554668432 556.93771394323 553.770017162137 549.58429235847 552.970666495596 560.75885426887 569.119851752537 577.638563440002 588.318110319625 597.580778010627 608.093071014424 622.707064320005 639.726268289098 669.855115316446 709.320518589443 762.50218279 831.876973299834 921.949283433072 1030.110573485 1096.83406527518 1040.99159003654 941.211261110793 871.444468451873 886.025204794304 846.636862904454 876.279847278129 893.215272540986 912.843344189581 870.490604854406 740.146192964583 689.841007058634 667.771478859561 645.87473662152 648.023632948305 688.51090388399
203.290945579433 209.694179065806 228.889816324618 249.963177357767 268.172627751332 280.584680302169 291.244655518184 300.47116190525 309.776474711186 319.410711612938 331.38996482028 347.228845155243 364.209041109929 380.386089809219 397.829347109648 413.664086555063 430.665882162678 450.929120591676 475.237480897054 499.339784459073 523.937079027403 541.902165282087 551.813175151617 551.659768297095 548.928682 551.28362512 557.373019817755 564.782000560001 573.300093047565 581.221667019341 587.040458261365 591.711985343393 604.028309334588 621.479394629149 649.537257152992 685.732750799173 731.168690185276 781.659202104417 831.789046940233 896.149629995723 955.693605971984 987.652574890523 1014.21995511181 1012.6176737915 1002.70884914509 998.758124180396 978.620070860392 963.756815643879 959.368333414969 957.164834893636 924.805666304825 845.551433541123 766.507690530743 735.282967835949 713.494998523288 663.737567914581
202.416854738843 210.227119220004 226.474341046786 245.598459880003 262.533729984299 277.224575220001 291.691042268377 303.908982697344 313.833392628356 321.559126078118 331.838940800778 345.535580964213 360.304302192423 373.725818660002 390.339917031101 410.848650112678 432.255899590556 453.047560414997 475.74463487852 496.912693607644 517.58726678218 532.837862311563 541.893000737425 543.866931006408 542.771178284606 544.96236412 550.568406080002 558.224966184693 567.785556831333 573.700777739686 575.839984102802 577.055144603433 586.801311374542 606.809379576253 634.040992389536 666.966576408902 703.834269907946 736.144418637155 755.731324043561 763.736943246984 783.883653804296 839.083119179367 897.290582662897 936.089044927067 971.091617744918 988.807943763414 977.475231013881 918.723291232555 901.866321528503 912.081372720172 921.617361944479 898.743954532742 849.045001763562 818.23674543594 824.016846610829 817.669588029122
205.398452399179 214.102146520004 228.085954002984 244.255647533026 259.848664944732 272.991581281159 287.188452300003 301.744755400003 310.65366206224 316.934660028384 325.037799241994 335.16947574075 348.011184740004 363.311351208045 383.736988344476 409.675958870293 434.019196591368 455.974700006646 476.361602972049 494.6383279508 510.071039376946 521.263778384158 529.533331000001 532.581431897088 531.752692266145 533.184921800834 538.079822411048 546.424038720001 556.869915300002 562.337503020001 561.116909628559 560.953741348969 569.151418296349 590.909556741654 618.544727626081 648.075955946357 677.372985276901 699.149254017106 709.081126212832 711.342819917411 725.421224710543 763.506282090241 809.510901520431 852.638655905251 892.538722680879 921.307784617687 908.187414295705 860.224659196248 838.407708126593 876.543732107456 939.717779888982 981.494232385242 956.414779262148 918.311407178952 925.49093371723 955.693438024785
207.687419913018 217.255904234658 230.742817639999 245.164234506214 257.280105682169 266.174184209161 273.9023511259 283.282685877606 292.055963667285 302.947404114283 311.356642282434 316.328804853826 327.329688752672 350.044218851654 382.550838811011 413.377338040011 436.823841383134 458.793669140002 477.599262387547 490.767600719355 501.290408408468 508.828732845194 515.604761800001 519.608317501359 519.66212354 519.04375477023 521.60854666441 528.330248708314 536.839322924537 541.927044720002 541.415700188566 544.905490835116 554.514210145424 577.265873552947 604.494806962626 630.723642238691 653.764827020171 670.974908486399 682.280697765725 692.024380821851 704.635849388909 719.437155098773 744.284127118513 786.502439324015 832.529199669868 870.85894002737 873.71274703184 861.988014249334 875.818803300715 920.124607239771 970.936514805983 1012.67628302944 1038.96622584515 1044.49508751056 1042.70696630484 1045.96093814461
209.510199219283 220.819724155215 234.510645939999 248.387282200002 258.353640108022 259.130905695925 254.084069626342 249.577251938443 260.866665540361 283.417716361322 292.498137241437 292.803046531017 300.861005754375 332.188443564915 387.51349441186 418.286699548991 435.41371149054 457.650925140002 476.030261528028 484.140546017127 490.725934541079 496.896894816888 503.3368219 507.802205940001 508.716306170778 506.188859282516 504.333513153056 508.02081165533 513.411793534732 516.421256158206 519.231595735687 528.965712465265 546.046592265517 568.505501675092 594.001652509589 617.878323954857 637.141380473655 651.907646755692 662.850745195452 671.327489280478 680.121158403598 689.649278807667 708.096595800004 754.196961648395 801.024328140117 834.374940255934 847.453021817703 861.819686667412 899.811351342149 963.519434438563 1014.77503059667 1041.61340290516 1062.55015014229 1081.53281566265 1104.5382862188 1136.03342624616
211.354071746266 224.289902100561 238.171388039999 252.705452407413 263.92002382286 257.408031789126 244.855078348033 236.689257937798 251.420630577639 274.290030221434 277.707012523314 274.586976473076 287.526181441799 332.460293840653 379.575964261322 407.316425124378 422.65839996983 444.447913309208 463.61568338098 473.501366495574 480.197732924156 487.121383260002 493.872480900001 498.61652659495 501.077799227719 499.14517088 495.684624875641 496.121897339443 497.32795728799 495.095755735843 497.351730810034 516.139672077098 540.302145517831 564.958679742146 588.497706691424 609.515148313568 626.773883318547 640.001238724985 650.535326578618 660.813919790797 672.219348229451 685.96772854962 710.201888638239 758.425331559255 797.967000049276 820.625569363948 829.003654860043 846.720483432459 888.336998100021 961.02648721351 1012.9726231008 1035.37439100035 1051.96270056374 1061.40834661066 1076.33680738655 1121.61708836326
213.14871194578 226.760704140005 241.347985874122 254.164765916297 263.082219126072 256.9711823639 246.974226716145 244.388771160002 256.215200252599 268.984102623113 272.682615428733 281.040588283244 302.055701978827 324.813247530727 327.725371738813 359.985528178657 392.431967000809 419.270680393528 442.114824503996 458.647994187693 469.979721230467 478.338931444152 485.126188492935 491.840246851254 496.969520775403 498.712230309911 497.925009508935 496.972518500447 494.30490742949 489.324152999998 491.905573842809 513.820200142024 540.369358952648 567.420722643256 590.398395078387 607.489021337553 620.996329614679 632.280366400002 643.354901536343 656.634043147837 674.103859423039 697.200746413739 730.648091731678 774.688016715168 803.159799939644 816.925017096031 817.692826480818 820.097861461561 847.826061649755 905.690079270536 952.204520796213 982.975810103102 1005.07227484477 1015.6254054444 1024.43583134135 1057.86504949384
214.252895279515 229.478593972921 240.188188539593 250.232887038277 254.103032694576 251.522695768089 249.374921883527 249.029131019403 252.736810684176 255.457445875986 266.208506863217 296.40569528558 320.421313825946 309.665237686975 290.597086846547 318.898516226989 361.112548733067 393.764626475117 419.949814691512 443.947451297222 460.173889320001 469.140347385334 477.053555164552 486.54125855766 495.751760850816 502.973368125533 505.728419400101 505.17886212 501.081788546061 497.784660442643 502.682165875651 522.110937500003 548.917249158296 575.225270234032 595.778964633204 609.241720772371 619.169457981026 628.238395887139 638.221840176627 652.89595150064 675.434205186322 707.050886433651 745.820112662307 785.506118247638 808.773075104888 815.916264560094 810.240280047524 801.392438029579 814.551184644704 858.364760242449 892.324651606108 917.843053326364 939.67723567648 956.513630472962 971.362237797901 995.009008282982
218.470306706139 233.579204670598 242.130249147321 246.446992704308 244.418161178438 244.797312512446 249.256102294557 252.963075960001 253.7886932631 252.465047764429 266.152057515368 300.436041689453 321.42059458386 313.864650587071 302.998367159216 319.292032376937 349.54217638153 374.961028274806 399.421493410016 427.287712281367 448.401996883089 459.23721504963 469.284521936169 481.92007728542 495.7138677585 508.270166099474 517.413291558157 517.176019296694 511.542778062293 509.377555740975 514.90709038 532.825221500003 559.83434477237 587.71034313783 604.042702618712 610.973391217014 616.688555752265 623.461576025725 631.703357929593 648.110064294717 674.09436479391 708.034809420003 753.066959127925 797.758201100572 816.11897581982 815.838088066796 805.95053242285 798.99941728 804.86406500845 830.010069941718 854.850124742787 867.982947366173 878.953004566656 891.861055962689 905.367089051805 921.523657171976
227.438526820002 238.45676245821 241.956912600222 241.268522747579 231.565161855748 237.68225738597 251.478003993775 265.003385109701 269.163064389537 270.472110494802 282.248261743971 304.564041351752 318.828406384154 317.818826120166 316.782673256941 330.986337926578 345.635316165331 360.463069130461 379.761132323494 405.851137090205 430.720877712894 448.178767341481 462.767180371679 478.005620663493 494.406253009261 510.673288068049 525.019377151402 526.35911048 519.004756437052 515.793313198929 522.090088980667 538.043873939475 563.548366219593 593.546905962713 604.545921003783 607.569338720001 612.262944301752 618.933940295691 628.865893394885 646.452715880003 669.306485980196 696.169284210143 742.472469347497 799.151047820556 813.038697349863 806.783144378477 800.076378288431 795.225708472373 796.38454007249 807.664335016926 823.345605762188 831.671728243399 834.027635130226 834.650159883266 837.000888750087 841.62920800353
236.277861663685 244.027255609384 244.015440506302 232.833661789903 216.844972260042 236.06177177402 257.681076494343 281.567088337654 290.761022712908 289.031637654608 296.459740748283 308.991297814568 317.324449039068 318.264920999171 318.78513688 326.102854794107 336.617844271679 346.47577338975 362.241571947994 387.112594409655 417.31101805142 439.296095541337 456.717380089702 472.339713434379 488.892291641551 505.9204692 518.72649837982 522.809256426589 518.995464895723 515.392292698834 518.852152948736 530.422157708922 548.234742619594 570.980424659433 586.185606884692 594.355289570117 602.172244237886 611.585907457106 624.321830393428 644.5734664808 659.452684527817 669.057177611828 708.536425755502 753.679438322722 777.556120400202 783.460515303452 786.068185315587 783.407407448856 779.069847050326 782.366875201105 792.267520755552 796.70533487444 798.513029377791 790.826134566736 781.623810367501 771.833190827576
