catData/variables/pastClimate/lgm_CCSM4/bio15.asc
NCOLS 409 
NROWS 350 
XLLCORNER 60.897278365 
YLLCORNER 5.843756025 
CELLSIZE 0.0892857 
NODATA_value -9999 
[rows 78 to 103 of 350, columns 118 to 176 of 409]
69.5831562330034 71.9778532999375 73.5907631931282 75.6086888785819 78.2852861622218 78.6452897476747 77.670260116172 77.155564444631 77.0357658 77.0357658 78.0154860846934 79.5518998614382 81.7055705962155 84 84.2316033800002 85.30303178 86.3878530479059 87.4657068182256 88.51731698 89.8515326457322 90.4699629433808 89.0189127400001 88.0662412944408 89.7131521600003 89.9642342 90.5172635872757 90.6168203732968 92.1659012804617 93.9621697200008 97.4848908259003 99.26679846 101.178738432032 102.51731458 103.58874298 104 104.352716764294 103.29193530264 101.672677310425 100.502401786982 101.99886096 104.233633460755 107.243119577312 108.637823844246 108.575806328819 107.698414241885 108.429936389901 107.92960984 105.78675304 104.30406522 106.89062372 111.979363100001 111.636915153344 106.227081986411 99.4815924010488 101.616813087459 103 103 102.69697542 101.62554702
70.6985068972932 73.1314138866852 74.5485430078453 75.9033711381221 77.41022838 77.0413121242538 77.1066306800001 75.98324534 75.4464545 75.4464545 75.4464545 77.9448635400007 81.07040216 83.1589014181748 84.6569458712163 85.135289901824 85.4464545 86.3382316600004 88.2501299663525 90.4403387842555 91.517153170274 90.0903411400001 89.5535455 90.334357793373 90.4464545 90.0077307079021 90.4860747385099 91.0702346217648 92.7982022397261 95.8847727103332 98.2636628171771 101.692136148452 103.338048422157 103.816392452764 104 104.32662601398 103.729423410824 102.67908892 102.5535455 103.578588516411 105.030115721057 105.49953368 106.595764203531 107.478905962315 107.92800088 109.44531306 110.091632798668 108.809050038726 107.919446588119 110.289144582489 113.451265672388 113.609595996295 109.347721645688 103.765873649841 103.651133311056 103.5535455 103.425346476744 102.69697542 101.62554702
72.175043672411 74.2272914533842 75.2181108780535 76.2786702247456 76.1723599486075 75.5292564161829 75.6226093980983 75.2013105752409 75 73.906968921884 74.9323650495534 77.0519545400007 80.17749316 82.380419758067 84.3750261 84.3750261 84.8430817781787 86.2380823351922 87.7113243494732 89.5525168600002 91.4477912619647 90.9940279076831 91.1268470534019 91.2499478 90.6587928751606 90.6249739 90.569511103723 90.3203451599999 92.8395475077151 96.3067741868662 99.0451315825442 102.337658540001 104.32330811059 104.992922896308 105.2499478 104.792717032254 104.6249739 103.75051732 103.6249739 104.01731338 104.91125822 104.060067997942 104.83822326 106.67805308 107.74948148 109.545459384934 111.646613221304 111.66120722 111.2499478 112.073052136575 113.17805188 113.3750261 110.182647704965 107.23263682 106.105748623597 104.524873217879 103.76840382 102.507592966441 101.234596459277
74.0685460663442 74.2110336999306 75.1845508580242 76.1353714759788 75.9894837521331 74.876391683776 74.3035977 74.3035977 74.3035977 73.7726287725863 74.9294620416615 77.0398941196167 79.48109086 81.62394766 83.4648868265199 84 84.4881454293896 86.0600041126561 87.51731698 89.1774907600002 90.4008544824167 91.404061542511 93.0586652228827 92.7838293550723 92.409233066973 91.6843435509816 90.9730574710636 91.01674746 93.6228062200008 97.6054904399999 100.706091119245 103.41994697871 104.853457816665 105.58874298 106 105.777887989472 105.137171628483 104.12554342 103.341283524393 103.308854002347 103.580253599698 103.415140581743 104.301911376211 105.395595994166 106.242422367879 108.330734550076 110.64181976 111.428455114015 111.3035977 111.3035977 112.10662348 111.694625797803 110.086977268484 107.994744426287 107.518923539999 105.424693309622 103.607119707576 101.908575554468 101
76.1262215918184 75.07086488 76.1422932800001 76.4254619167027 75.602786298331 74.9587909800816 74.7678307 73.6443337864308 75.0819494254699 73.5213465194148 74.17805908 76.2668056600005 78.5459471572881 81.9651933929841 83.2316033800002 83.7673228962404 83.8941515021316 85.5494102194968 86.74948628 87.957603282753 88.9712402956192 90.133627046009 92.0703997600003 92.9327525214695 93.7262813691065 92.7505149199998 91.8359712058504 92.8560065599999 95.2842349774065 98.9095941009658 102.65903474 105.08506866229 105.370620683918 106.040797914454 106.7678307 106.206085928803 105.19697182 104.12554342 103.05411502 102.218875555315 101.532477263057 102.39233948 103.2859393802 103.697012018172 104.693561723456 106.698469414916 108.869585486712 109.01228550834 109.203405910032 108.902595671596 110.116121526776 111.604182715443 111.548225803519 109.509077596218 107.822521239999 105.43370096273 102.00114624 100.393985595379 100.51968579375
76.7311656984775 76.14229328 77.2137216800001 77.3933681199997 75.8877747227286 75 75 74.1507966413667 74.2264998318048 73.8997966722906 74.78514888 77.6986201198398 79.0452826702822 81.5897724991147 84.0708624800002 84.7905494989542 84.484631219042 84.232413431649 85.2729617630495 87.2435961977482 88.1061169275536 88.2783392928552 89.9275429600004 91.9298384365421 93.10662828 93.0117490718773 93.7672623800001 95.1332896553354 98.6013267000687 103.154092855267 106.48040974 108.80292258 109.273882788828 108.397349845895 107.285204261775 106.882401992923 105.362282212378 104.12554342 103.05411502 101.968156208283 100.10052798717 99.64239288 100.870965131624 102.46376788 103.53519628 104.749968200185 106.433693834606 107.226847109304 107.266857055997 107.203884178701 108.76679246 112.377436516198 112.8392591 110.80463714 108.512829675612 104.52006978 100.503179338409 98.8301140725779 100.37445298
79.2225306863215 80.5805022402015 80.3351757983526 78.9694166781509 76.87604874 75.3745222561011 74.3987858050762 74.0239710659487 75.4626241939479 75.0250139520013 75.85657728 78.0330896300492 80.0881806600001 82.0994737358025 83.7427524862481 85.9106875 85.53622732 84.5046223438011 84.0924057455525 85.3561157600001 86.7798370092739 87.7555734602987 88.8747512486764 90.0418715976514 92.8473280067473 93.0330850443992 95.0802498954241 97.30189274 100.557547665053 103.90908814 106.782359320476 109.347324621098 110.9106875 109.197040667401 107.941038443624 107.244428725351 106.125251365674 104.239874243301 102.192709392276 100.175532397497 99.9112582199999 99.0143051992012 99.5525096600003 101.39233948 102.46376788 103.53519628 104.652827124076 105.714783686949 106.0893125 106.0893125 108.426669600024 111.701462228952 112.950715942074 111.87606554 109.555729979998 105.415879175149 102.126586459999 100.151463462802 101.28514048
83.1642114409302 83.9463477 83.2041194662268 80.1966165977499 76.96536124 75.9894707758277 75.9703092431792 75.9642318 75.9929548442352 75.984361045234 76.92800568 79.9818597000632 81.15960906 83.14229088 84.2220033160168 85.6131087586866 86.9754190166949 86.5183432199998 85.4561665686021 85.0031742625009 85.0296907138989 86.4858885134526 87.8209146800002 88.8923430800002 91.8555462399998 93.0176254571413 94.1953724600003 96.6557098775619 100.922261944914 104.29598409547 106.134560599617 108.899746633032 109.50982122568 109.004180785014 108.9821159 107.532000343626 106.19697182 104.25108684 102.10823004 99.9829962542191 98.9291423199999 98.3324954609676 99.9903997643291 100.32091108 101.760098062539 103.44588378 104.009251662758 104.60662468 106.31460900389 107.700629319296 109.584644753352 111.746663086001 112.016916258649 112.930492551297 109.819347192107 107.641031783405 105.479013450757 103.338672405673 102.35656888
84.2316057800001 85.5736168539117 86.5184488199999 82.9387989828013 78.6950031118429 78.0975847244867 77.3933681199999 77.1318908102258 77.8776702024181 78.0535443 78.9994340799999 81.0872533701751 83.098250327007 84.1156650571816 84.6114386191407 86.3938947554621 87.3879040635681 87.9942052837882 87.5639266955722 86.5498671792502 86.1252843570715 86.7603445267868 87 88.842562547926 92.738697487077 93.8956928839572 94.3150250950033 97.8094392286752 102.748347240001 105.643377563968 107.37445778 108.44588618 109.51731458 109.442780850744 109.0535443 109.706798083799 106.820338143556 105.17908772 103.212421089135 101.01891754 98.960050903509 98 98.0124007838471 98.9463998724751 101.394505331203 102.49942808 103.57085648 105.199501757762 106.66016898 107 109.323082433456 109.93973343695 111.83822086 113.07085528 113.792077647983 110.778176968337 108.37115641534 105.820289259019 105.140583077303
84.3276340803379 85 84.6723350196715 84.1249727 82.7023161593619 80.344577339371 78.7996793206194 79.746696660305 79.5472696196995 79.3749181 80.084387080582 82.144455179714 83.4940033405633 86.2002099794461 87.510492879728 88.3370474002676 87.87548522 87.9745508607751 89.0043282994929 89.3457039992534 88.9222207197557 87.8932613200001 87.6248635000001 90.6855654209212 92.0708600799999 92.0519473400006 95.1885789597842 98.0459737804227 103.598774039794 106.30302938 107.327660780197 108.376637079807 109.51731458 110 109.917496600179 109.234857519826 107.49430023983 106.359799319835 105.06764082032 102.09034594 99.9585794398492 98.2099116002919 98.2315985800002 99.6060539600002 101.702114060132 103.488080979619 104.76725758 105.765109480118 106.702638580113 107.182859399783 107.751902280311 108.74948148 110.76679246 113.76736558 114.594755839829 112.539513259919 109.690723539924 108.2499454 107.922288819934
85.1964011 85.2559173462896 85.3928022 85.3928022 84.7738807247167 84.3120318116146 82.8012516438373 82.1388583028918 82.3541176606083 82.2210570230605 81.4362851132708 83.4240372503984 85.28514768 86.7083845822645 89.8105218014047 90.952885094927 89.9447976287417 88.9256585351787 89.5222356360793 91.9277778594964 93 92.6994602387432 92.7469193892457 92.6138596944231 93.3493173580918 92.8341509017612 95.8205769308592 98.8056333490981 102.744457171068 105.576940283564 106.557884539791 107.69537126 109.32091348 109.687969131111 108.94702642 108.894571803103 108.19697182 108.171744234214 105.35874616 103.158373973123 100.893829236792 99.4518009404609 97.9297688117411 99.6060539600002 101.595085725599 104.110022225408 106.618912861196 107.312030397527 107.3928022 108.568623899622 107.39394844 107.87445418 109.89176516 111.82090988 112.8035989 112.546177596353 111.010290664508 110.452316560839 110.5892033
86.1240617205091 86.7575316870876 87.2678294999999 87.148406741772 86.2424680217714 85.6513547093695 86.0857998124026 84.4649063377182 84.821597401517 83.7284435116504 84.0423333736648 85.5529771800002 86.6719434842962 88.4546204111644 90.6959443800003 91.6266627002431 91.4516626055585 90.862125464563 91.7851464799999 92.8565748800001 93.621457526821 94.678858921795 96.0181058587263 95.8617823427676 95.8034884999999 96.8334823833008 98.6244031800001 99.9732777979847 102.329859074673 103.060557552669 104.916454220012 106.772350887354 108.110932974696 108.190963495924 107.51664199062 108.339141053445 107.92914232 108.372421811407 106.133357862502 103.961970961726 101.602237273433 99.0980467592244 97.3742263762361 100.03620258908 103.100729625605 105.952554939711 107.699561397487 109.12439958 109.358846272171 109.071886139513 107.39394844 107.87445418 109.89176516 111.01731098 112.023767023776 112.2678295 112.2678295 112.57085408 113.368119054407
86.6453212788988 87.86635557907 88.2122185114806 87.7053810575036 87.3392579 86.1617623399997 86.4356402755433 86.7648006868824 88.0121464775748 86.6058775542297 87.9279105796057 88.0233412212429 88.5753896616371 90.842671922042 90.1708038036685 91.0789675093679 92 92.1512712232849 92.6810710077308 93.7884819012536 95.4356362897625 96.0130032776667 97.078965923587 97.9170497628092 98 99.36244819516 100.76725998 101.944521146872 103.649431342113 104.878740068903 105.71371568 106.633873670934 107.17550305805 107.92800088 108.115289543981 107.751798994997 107.130147573988 107.296666302972 106.39337292 104.672642099059 104.13324525985 101.69743334 100.327943927894 102.363530926244 105.42742656 108.01616714 110.19582798 111.067521487184 110.4551213782 109.516602810784 107.73320634 108.510377568754 110.249382822262 111.35656888 112.397891744294 113.05433818469 113.417828733675 113.878736897341 114.967783143287
88.2320589 88.7136752738423 89.4469100199999 89.0044939167797 88.807146935819 87.9585626822041 87.7606707545753 88.2525172019767 88.5541299933317 89.3075723172902 90.35657608 90.3933681199997 89.58817946 91.4392979402225 91.7795463703996 92.4106863 92.5644719658216 93.2672611800002 93.6089176035566 94.8299667217545 96.2104220529349 97.2729726752477 98.2489010153742 98.4106863 99.1876122766177 100.85600416 102.946562798931 104.326450795758 105.189459210448 106.4106863 106.631359399826 107 107.729768590796 108.99942928 108.75051492 107.378628513271 107 107.515329242649 107.031890722662 106.400483287973 105.73263082 104.566811938595 103.69525606 105.713663830784 107.724067054527 110.386591880162 112.33868478 112.57958490954 111.632593051542 110.631144857836 109.134426426393 110.211154608297 111.35656888 112.42799728 113.4106863 113.505075367053 114.23159618 115.124448043569 116.68782794888
90 90.0108397144391 90.2029097632538 90.9280056800002 90.9462904953857 90.4674039613392 90.1402191609678 89.9642294 89.1611964199998 89.8699707882395 90.94588978 90.9910311691551 90.5740357984145 91.5121557448604 91.8336620659326 93.1460960757051 93.4955093653147 93.9637738800002 94.7487866818528 96.4466227377452 97.4821147 98.18754703106 99.2780995656651 100.32529375761 101.882092649557 102.99886096 105.098932886283 106.559336255355 106.972513906015 107 107.180531600267 107.697082981905 108.500048632915 109.30490133482 109.494270573635 108.01891514 107.4821147 107.4821147 107.4821147 107.955882364995 107.478940353284 107.28617392 106.797884180083 108.26725638 109.907065096808 112.158915135171 113.51731218 113.978940396209 113.9642294 112.853748491379 111.64331832 111.899211065346 113.366135876292 113.98154038 114.921446840433 114.4821147 114.602054957158 115.44911718448 118.160455906117
89.2775251443175 90.5859938788063 90.7877109278985 91.4458909800002 92 91.7371494912593 91.1881071307766 91 91.0859937503029 91.1070862 92.05297598 91.5631294590437 92.1070862 92.1785974250284 92.7851464800002 93.6888337291003 93.8328196688637 93.7526131331723 95.3209912047918 97.7310338600002 98.5535431 99.611774121316 100.889024073296 102.85600416 104.05297358 105.12254769892 106.039620451496 106.60662948 107.471258168864 107.721282922396 108.27426545964 108.752612061676 109.286355916288 109.5535431 109.848281167784 109.346744460361 108.662575491855 108.069493693891 108.523588104073 110.099356522037 109.651126279999 109.482034017965 109.210484984071 109.85657008 111.095176668143 112.692699669821 114.357209867785 115.369933494251 115.5535431 115.226916401677 114.30406042 114.1070862 114.951677808862 116.12439718 117.116588962995 117.036852861077 116.1070862 116.545398194611 119.425808
89.3197888400002 91.7386179539741 91.8595658603164 92.0708624800002 92.9482813688977 92.8819924168116 91.96479532 91.6249715 92.4280044800002 92.6249715 93.57086128 92.6314663110682 93 93.1001047975131 93.5670838563926 93.5644147260943 94.4680538807698 95.8072783093512 96.7586034641357 97.4415925934867 98.5752365950948 100.646063203676 102.354132933872 104.37388946 105.57085888 107.249943 107.249943 107.310012282418 107.85657248 109.117385606163 110.015917559547 109.6249715 109.495672341931 109.742976083325 110 110 109.698841546197 108.204004479512 108.94588498 111 110.966719303359 110.72507329765 111.249943 111.55296998 112.62439838 113.863045905188 115.336290490897 116.367946083393 117.037558297684 116.792715488025 115.82194572 116.171480440556 116.841092654846 118.278072849137 119.852734713145 119.504836535436 118.8749145 119.3673208063 121.90410601882
91.3001463139058 92.4220659452972 93.6535755032658 93.9140538122341 93.8534581154999 93.8212561151172 93.4959703457344 92.8833104436485 92.3809687060625 92.3036001 93.908207428203 93.6843395211797 93.0618031094373 93.7450290399455 93.9296851906716 93.99943168 95.1845462280941 96.5812603974771 97.1465426131403 97.4100022237575 98.5570025056256 101.704294224992 102.380969648782 104.661491206227 107.92203501053 110.0891997 110.027398261922 109.281255631305 108.92800088 110.091429030071 110.886314580546 110.385884808836 109.84294324178 109.875142327602 110 110 110.559228744249 109.556458214866 109.679970574516 111.012057036101 111.758199666718 112.32988498533 112.161285227952 112.99942688 114.331625969186 115.83868358 116.549855829579 117.695139361038 118.13348555669 117.777886962272 116.89337412 117.57085408 117.983569945876 119.03462196 120.973058715358 120.807940725975 121.554083356593 122.695248860001 124.691020604347
92.1778334723276 92.9085402214574 93.6066342800001 94.4710161463176 95.1650407601025 95.0835993929537 95.2747302539899 95.9275454218673 94.0350973242449 92.8642204051789 94.6596078599999 93.9826818199998 93.1568887156523 94.7678283 94.7678283 95.07086008 95.5672462331458 95.3356944096292 96.6559752519435 97.9045183157418 99.1670738912023 102.132492161854 104.046738235268 106.255427487967 108.866647922046 111.7678283 111.67908412 110.60765572 109.821599493248 110.30302938 111 110.896477847583 110.7678283 110.31577477853 110 110.561743015358 111.57085648 110.89337172 111.494105556189 111.030607083133 112.788431629924 113.08579621404 113.76725518 114.606010889093 115.229221622149 116.788245964795 118.165035231739 119.261086081318 119.10765932 118.7678283 117.96480252 117.970851813543 118 119.03462196 121.068136607289 121.92799608 122.99942448 124.373877460001 126.14228128
92.8764857773763 93.254323465894 94.2137192800001 95.659364672435 96.7616690242951 96.2505089199999 97.0534901622455 97.7961139344843 96.1041085687855 96.2718471641125 95.8672733540204 94.8219385199998 93.9422686981329 95 95.3887493768157 96.7272237283221 95.8362600901034 94.1607433 95.2785324985112 96.3214866 98.1958894280299 100.7415478087 104.27544534914 107.482813517841 109.73103146 110.336018984381 111.07199912 110.269422541843 111.033629374192 111.727223342538 111.524990499268 111.374212964003 111.8392567 111.25051372 110.8392567 111.57085648 111.968338099646 111.859436963624 112.78514168 112.698609789836 113.913733833435 114.83868358 115.91011198 116.6785134 117.05296878 118.196070010214 119.35656888 119.933892803673 120.447933499194 119.450517394265 118.19697422 118 118 119.020093604052 120.398432918439 123.133846362489 124.91010958 126.284562560001 127.7387042077
94.8213702 95.1244043800001 96.1958327800001 97.3070858882899 98.8529152026145 98.6071436890957 98.5405099494992 98.9106851 98.7672394793892 98.8101577307086 98.7368881488883 96.8040520199998 95.8292965919181 95.9106851 96.3738918600005 97.3587520462551 95.6479649729386 95.3167491860664 95.913778428674 96.5361616452599 98.8912064400006 100.041371051093 102.57012923595 105.80200674 108.931810103244 110.01731578 111.072891824876 111.835675997965 111.931370518369 112.275964341228 112.53622732 112.35657128 113.852906460038 114.679471779616 114.041532160787 113.797398061191 113.8213702 113.8213702 115.6286585376 114.83868358 115.91011198 116.98154038 118.05296878 119.097332355584 119.765499744819 120.26725398 120.867573885626 119.838370552057 119.74948388 119.292374973165 118.19697422 118 118.861401171955 119.033075831553 121.176903240001 124.23102066 126.353192470343 128.151459390061 128.9106851
97.1916901632161 98.2493746800001 98.9530383249372 99.8480335309867 100.964846566181 100.382835082833 100.62440318 100.24570826532 100.770783030603 100.964227 100.03525587755 98.9639172383735 98.8591812857032 97.6496069795596 96.4632067600005 97.096324837933 94.6434263199999 94.9016882739142 96.5080639898372 96.9926440942394 97.6837901766321 99.4728057552148 100.831757392938 104.517967909455 107.85554864 110.034321841301 111.896543965551 111.175194153148 112 112.30302938 113.728822342754 114.954315843159 115.490794527235 115.9821135 116.618668569223 116.9463405 116.9463405 116.9463405 117.909144051695 117.980657584229 120.01719578 120.931318883925 120.950482988001 120.672040204155 120 120.007975300231 119.509827224307 119.014711983232 119.011808112461 119.004800783463 118.985636679386 119.84092675531 119.981145528767 120.99884896 123.230445140001 126.441865499003 129.182079125074 129.96964704915 129.614358173227
98.3510901935123 99.7504690342379 100.73262122 100.55297478 101.1070838 101.69583158 102.1070838 102.028740801476 102 101.172358943762 100.208941592024 100.123474731738 101.0535419 101.0535419 100.383532730023 97.5383372427384 95.7326236199999 95.5052249364772 96.4896188459885 96.4522803587842 97.392084401489 99.5167462599999 101.702598843012 104.730460740001 108.839988712489 110.07085768 111.14228608 112.070693788522 112.379826323489 113.71314256 115.48154158 116.55296998 117.62439838 118.138606217761 119.445621629989 120.146255042261 121.72368640549 122.200723933521 122.315456558021 123.39210668 124.365290492979 124.241982052718 123.65628686801 121.841374079739 121.08703474749 121.02966843524 120.48268782 119.44278170926 119.0535419 119.74596816624 120.04299552601 120.974816018261 122.10361073051 124.19524766 126.422092564991 129.41026798548 131.21919608049 131.9464581 131.59205404401
100.83812246 102.67794508 103.00044832 102.765078750462 103.185291041886 103.71371808 104.207472715267 102.969589127688 102.39952592758 102.265629199003 102.959414120853 102.1249703 102.1249703 102.104953184697 101.73945307612 100.041674304912 97.7973065210326 96.8597748496091 96.2456123836287 97.228885373238 98.5776716646614 100.33823406 103.484831384984 106.748347240001 109.96263244 111.26725638 112.33868478 113.590302575374 115.403854143951 116.030200614945 117.62439838 118.64010425032 119.706933838257 120.765108193167 121.86764349541 123.072968623987 124.17793908 126.12382406 128.26668086 130.515030921708 131.186337253131 128.789446575446 126.114369375978 124.681756012599 123.00045552 121.92902712 120.85759872 120.301335813095 120.167439084519 120.1249703 120.92799608 122.873878660001 125.134942689787 127.28456256 129.41632957306 131.084937868966 130.846087055906 130.7500594 130.796854901246
103.810521885896 105.439917360992 105.772625347821 105.480369808814 104.970275866283 104.98154518 105.923315836477 106.1963987 105.551080353329 104.51833602 103.261136096865 103.1963987 103.1963987 103.03622372 101.824165145495 100.226649272349 99.3192539074462 99.2839706374568 98.5613642047198 98.37434018 98.7855947999999 100.24879916 104.800747700001 108.237229133125 111.241087188221 113.217115276682 114.498970821585 116.006798467025 118.42799968 119.315427852588 119.96365388 120.5891961 121.522225348997 122.508425755906 123.779882059191 125.85599696 127.19582558 129.14171056 131.28456736 134.1963987 133.93017336 130.87605834 128.73320154 126.952885824937 126.01834202 124.94691362 123.87548522 122.688428935451 121.665886049452 121.249112625645 121.99942448 123.945307060001 126.848276330935 129.038021813968 131.267709781129 131.648207696226 129.526519931323 128.48817533284 128.735942336966
105.705229675599 106.34898786563 106.80982555314 107.594296391911 107.242465538638 106.809036758902 107.353626143557 107.339710666992 107.482901094238 106.426988364533 104.629382456697 104.263188822073 104 103.882724220386 103.329856761616 102.92959064 101.261484604075 101.368790925305 101.794205386932 102.282081547764 103.157106157987 104.80233986 108.709068345643 111.28457216 113.42742896 114.57028576 116.71314256 118.69582678 119.76725518 121.06055347994 122.54199493871 123.238840805039 124.05296878 124.966715855021 125.92799848 127.73102666 128.855782571332 130.983116329898 133.15959706 135.258553115287 134.46594756 131.454730454816 129.53680284 128.081158837275 127.993661018505 127.08977042 126.01834202 124.35817304 123.358843056577 122.732171324653 123.123607914117 125.016735460001 126.906259271658 129.05193294 131.976233189199 131.294566832031 128.53680764 126.393950839999 125.92278162856
