catData/variables/pastClimate/lgm_CCSM4/bio17.asc
NCOLS 409 
NROWS 350 
XLLCORNER 60.897278365 
YLLCORNER 5.843756025 
CELLSIZE 0.0892857 
NODATA_value -9999 
[rows 108 to 134 of 350, columns 61 to 121 of 409]
2 2 2.11365078155286 2.9835366213097 4.167226495828 5.21567450703444 6 6 6 6 6.87447098000014 6.40884211579093 6.37503090000003 6.37503090000003 6.37503090000003 6.37503090000003 6.37503090000003 6.00056112000003 5.65370348424635 6 6 5.58740578716638 4.91779614430401 4.14773203711681 3.45348415857908 2.07439332428325 1.9935024471457 1.62496909999997 1.68504236712937 2 2 2 2 1.67668837281714 0.786278320000006 0.12744263290769 0.45723325577016 0.624969099999969 0.624969099999969 0.624969099999969 0.614142772779971 0 0 0 0 0.234029041532177 0.79219289560546 1.51732178000003 2 2 2.4572317558443 2.92613218129332 3 3 3 3 3.16017738000003 4 4 4 4.16722289553138
2 2 2 2.74894436000005 4.31052404916068 5.01052224330086 5.30360249999999 5.76335422672765 5.49050571408337 5.86283934510564 6.26549157570548 6.01642508348358 6 6 6 6 5.78896274057137 5.45069235723509 5.8317733021935 6 5.58999250381541 4.64341911999986 4.08148333456253 4 3.12553141999989 2.05410301999995 2 2 2 2 2 2 1.37895858709472 0.450144085641511 0.124855744830536 0.459748384019631 0.918515936791466 1 1 1 0.994740699964511 0.634591260846417 0 0.16129135753163 0.696397500000014 0.810086004090493 1 1.51732178000003 2 2.45974671266561 2.91851520814546 3 3 3 3 3.06180456779958 3.74502775301147 4 4 4 4
2 2 2 2.46141492136656 3.33570066585098 3.8615667896645 5.13630043036041 5.92110393930434 5.2683858199999 5.80304258000014 6 6 6 6 5.87700613069542 5.23217409999998 5.39449876067153 5.85476808414871 6 5.6027832531175 4.64341911999992 4.0788966179135 4 3.38340495105523 2.35770551999986 2.01256131997577 2 2 2 1.82216339796187 1.23217409999997 0.944648346930714 0.257297297169319 0 0 0.660180980000102 1 1 1 1 1 1.04753983644952 1.4126616162597 0.821599320744184 1 1 1.34236848580262 1.88793461868192 2.45205763683381 2.9211022676508 3.56174678786481 3.76782590000003 3.76782590000003 3.76782590000003 3.76782590000003 3.78843111455745 4 4 4 4 4
2.83925429999997 2.83925429999997 2.83925429999997 2.89944909270461 3 3.51732897999994 4.68339759717838 5.714809454664 5.88239616650594 5.96833994165192 6 6 5.98545758612539 5.16074570000003 5.13499671755873 5.19438218940095 5.88796689875706 6 5.62577803507271 4.64341911999994 3.57199071999998 3.16074570000003 2.54673736770434 2.19240614413779 2.02017863597988 2 2 1.92551300849367 1.16074570000003 1.1235152951905 0.745673232967332 0.100551678874731 0 0 0.494113134401097 0.945375553756792 1 1 1 1 1 1.08875138000007 1.97425178913804 1.64487613901971 1 1.3142713446645 1.91092974349346 2.43416452834866 3.42800448000014 3.83925429999997 3.95685697612498 4 4 4 3.98546362875628 3.16074570000003 3.16074570000003 3.35512184676995 4 4 4
3 3 3 3.34102533595732 3.91068270000003 4.42801167999998 4.9632689195367 5.66018578000016 5.3337316231992 5.82063428496948 6 6 5.08776962947536 5 5.14587732581272 5.93136974601859 6 5.31795369936237 4.13880817848742 4.04311108665614 3.41124501999995 3 2.26838821999993 2 2 2 2 1.91124621999991 1 1 0.696961019999924 0 0 0.471118181017756 0.96326849081365 1 1 1 1 1 1.01577573819856 1.91860973363291 2 1.97931338270448 1.63471252912681 1.71548375904207 2.91068270000003 3.42800448000006 3.96326827645214 4.60121321171666 4.24442088011475 4 4 4 3.08777027255991 3 3.14587076889736 3.72044972586794 3.36528528523468 4 4
3 3.22747203562892 3.68448843987593 3.37447218000003 4 4.51732897999994 4.42177484189499 4.67807468000013 5.7233275341909 5.99647664840937 6 5.07102171941895 5 5 5.16018457999994 6 5.70237969694257 4.63672026755254 3.56207844795204 3.01788889999997 3.00735672103827 3 2.26838821999993 2 2 2 2 1.99841229250496 1.98211110000003 1.52717645700887 0.0124678659906583 0 0.437919194981288 0.991365460523616 1 1 1 1 1 1.92897356644788 1.98242098905695 2 2 2 1.99457900892404 2.36327484658085 3 3.51732178000003 4.57821808690518 4.99392096859977 4.9869123558955 4.19344113960907 4 3.07102879061878 3 3.08716135837172 3.9849764971331 3.99585682736216 3.98753204814262 4 4
4.0085763308157 4.04113892836246 4 4 4 4 4.0315217757465 4.67837926343183 5 5.76004808178824 5.11880825903358 5 5.00092772067732 5.13754371850098 5.9914237976791 5.71484751999986 4.65964380396443 3.62553022 3 3 3 2.33981661999987 2 2 2 2 2 2 2 2.01240031464791 1.7505005199999 1.40795808370861 2 2 2 2 2 2 2 2 2 2 2 2.24400836615322 3.34035165302512 3.64558368779659 3.49943288000007 4.05353949999997 4.61076828973804 5 5 4.23995873272728 4.00672114645068 4 4 4 4 4 4 4.33436550139627 4.49477558024724
4.39010454950203 4.86440803235348 4 4 4.11144651818281 4.18528628376026 4.64014950661197 5 5 5 5 5 5.13796484744361 5.8750321 5.71484752000006 4.6723633077232 4 3.62553022 3 3 2.92642452653485 2.29735045061339 2 2 2 2 2 2.01109137350367 2.1249679 2.32763459219974 2.69696101999992 2 2 2 2 2 2 2 2 2 2 2 2.02001733072907 2.55924067212278 4 4.04679610217416 4.51513892067758 5 5 5 5 4.89964635493567 4.10984822221261 4 4 4 4 3.97105671204553 3.8750321 3.54736532225111 3.39016892060066
6.19639630000003 5.77865394365478 4.33327592287 4.12285134939508 4.89180116000035 5.58427251755483 5.0807665289703 5 5 5 5 5 5.78967903187904 5 4.83981542000006 4 4 3.55198574074618 2.80360369999997 2.80360369999997 2.33047801967852 2 2 2 2 2.18577066705321 2.19639630000003 2.26771916599709 3 3 2.75647675442772 2.12285229209729 2 2 2 2 2 2 2 2 2 2 2.16017978000006 3.18612119039835 3.86311896307664 4.37446498000011 5 5 4.88437164302362 4.80360369999997 4.80360369999997 4.15828149740091 4 4 3.99659830217409 3.80360369999997 3.80360369999997 3.61748443825053 3 3 3
7.22492267013759 6.76838461999981 5.77811882946527 4.89335251999997 5.04020267093198 6.13855347886979 5.67906731999991 5.09101064152719 5 5 5 5.25333521767865 5 5 4.88271680708317 4.20579302311534 3.91883803331389 3.08352799648757 2 2 2 2 2.19594370549498 2.26782469999999 2.26782469999999 2.96038710510063 3 3 3 3 3 2.62553261999986 2 2 2 2 2 2 2 2 2 2.0237698117231 2.38510437847547 3 3.22187589887251 4.20693125092915 5 5 4.41124981999983 3.82318786986506 3.73217530000001 3.73217530000001 3.73217530000001 3.73217530000001 3.71949359914213 3 3 3 3 3 3
7.89415694954466 7.1076377199998 6.13363601639847 5.54035641585751 5.63388052594332 6.51732897999994 6.41124261999992 5.33981421999984 5 5 5.29666699082508 5.64335388609382 5 5 5 4.84696244146513 4.03621171999989 2.96478332 2.3392531 2.3392531 2.3392531 2.3392531 2.82266331563853 3 3 3 3 3 3 3 3 2.75257183951378 2.18798157435804 2 2 2 2 2 2 2 2 2.08875138000007 3 3 3 3.62189155469375 4.6607469 4.6607469 4.07199671999983 3.22453594981855 3 3 3 3 3.00587606045889 3.3392531 3.3392531 3.26068012115705 3 3 3
8 7.76838461999981 6.51836691413586 5.63136488340934 6 6.3048715385001 6.24235288395443 5.33981421999984 5 5 5.87447098000014 5.05410062000009 5 5 5 5 4.8214121085004 4.03621171999999 3.41068149999998 3.41068149999998 3.41068149999998 3.41068149999998 3.41068149999998 3.08088775431728 3 3 3 3 3 3 3 3 2.73722536777399 2.1982260297713 2 2 2 2 2 2 2.00711422741092 2.46298433013455 3 3 3 3.2206791403162 3.77243866213852 4 3.41124981999983 3 3 3 3 3 3.01732058000027 4 4 3.86351042913902 3.28623096840631 3 3
8.40488217109092 7.7683846199998 6.69695621999987 6 6 6 6 5.33981421999984 5 5.38715477793962 5.93498976327937 5.05410062000009 5 5 5 5 5 4.80606580818883 4.26713797302995 4 4 4 4 3.58411344087573 3.06051994034301 3 3 3 3 3 3 3 3 2.48267581999994 2 2 2 2 2 2 2.01732298000013 3 3 3 3 3 3.23092376715758 3.76729605162363 3.41124981999983 3 3 3 3 3 3.01732058000027 4 4 4 3.84306159821637 3.48210990000001 3.48210990000001
8.83981302000003 7.7683846199998 6.86470255880671 6.34625360608549 6 6 6 5.7052523343453 5.14856183054685 5.80304258000014 6 5.05410062000009 5 5 5 5 5 5 4.80092354053023 4.5535383 4.5535383 4.5535383 4.5535383 4.5535383 3.67906971999989 3.02994809371564 3 3 3 3 3 3 3 2.76903456714607 2.22764119774617 2 2 2 2 2 2.56127234709992 3 3 3 3 3 3 3.23096436134584 3.18360729376182 3 3 3 3 3 3.01732058000027 4 4 4 4 4 4
8.41506937654714 8.39335131999979 7.43557442885778 6.62552781999997 6 6 6 6 5.72562031974776 5.92613440881796 6 5.05410062000009 5 5 5 5 5 5 5 5 5 5 5 5 4.67204516269623 3.67906971999993 3 3 3 3 3 3 3 3 2.41124741999998 2 2 2 2 2.59115261421048 3 3 3 3 3 3 3 3 3 3 3 3 3 3 3.6314624942754 4 4 4 4 4 4
8.74502865204422 8.76838461999981 7.69695621999987 6.88630841123832 6.38587212100073 6 6 6 6 6 6 5.05410062000009 5 5 5 5 5 5 5 5 5 5 5 5 5 4.05410301999995 3.68432979026228 3 3 3 3 3 3 3 2.82125183182437 2.23664830041474 2 2 2.6089739628678 2.98357332937145 3 3 3 3 3 3 3 3 3 3 3 3 3 3.65871467928034 4 4 4 4 4 4 4
8.87700467236198 8.17840085172534 7.69695621999987 7 6.55409941999982 6 6 6 6 6 6 5.05410062000009 5 5 5 5 5 5 5 5 5 5 5 5 5 4.78038494982308 3.98267461999984 3 3 3 3 3 3 3 3 2.3398190199999 2 2.61659127887207 2.9708539970408 3 3 3 3 3 3 3 3 3 3 3 3 3 3 3.94589217999999 4 4 4 4 4 4 4
8.13499834732027 8 7.69695621999987 7 6.92832232897607 6.40508257060999 6 6 6 6 5.26609856854002 5.00869657187384 5 5 5 5 5 5 5 5 5 5 5 5 5 5 4.82192651999984 3.76476512150274 3 3 3 3 3 3 3 2.89387716180884 2.8392519 2.96833869736326 3 3 3 3 3 3 3 3 3 3 3 3 3 3 3 3.94589217999999 4 4 4 4 4 4 4
8 7.7890724362568 7.06225192048349 7 7 6.48267102000006 6.53616974744572 6.30946211581374 6 6 5.12552901999986 5 5 5 5 5 5 5 5 5 5 5 5 5 5 5 4.98267461999984 3.91124621999991 3 3 3 3 3 3.47111693943973 3.91068030000005 3.91068030000005 3.24441805033876 3 3 3 3 3 3 3 3 3 3 3 3 3 3 3 3 3.0844868057499 4 4.08082194773113 4.7648099155284 4 4 4 3.59393586856607
8 7.76838461999981 7 7 7 6.48267102000006 6.01053363491275 6.00607971815426 6 6 5.12552901999986 5 5 5 5 5 5 5 5 5 5 5 5 5 5 5 4.01758132642872 3.99841207949589 3.98210870000008 3.98210870000008 3.98210870000008 4.34987637176446 4.96421740000016 4.46540442420329 4 4 3.26839061999996 3 3 3 3 3 3 3 3 3 3 3 3 3 3 3 3 3 4 4.08874898000004 4.83982261999997 4 4 4 3.11619560928997
6.99142405363304 6.94646290000001 6.65964320515412 6 6 5.51036731333521 5.61077411727127 6 6 6 5.12552901999986 5 5 5 5 5 5 5 4.97612790454752 4.45683248484604 4 4 4 4 4 4 4 4 4 4.01239975878252 4.34035225182391 5 5 5 4.41124741999998 3.96465582485564 3.25402176453796 3 3 3 3 3 3 3 3 3 3 3 3 3 3 3 2.95318374516377 2.99710322422988 3.01639328637674 3.95121426301717 4 4 3.98377642880192 3.57200031999993 2.52444362998514
6.73486536604916 6 6 6 6 6 6 6 6 6 5.12552901999986 5 5 5 5 5 5 4.95320419670738 4.48485820901262 4 4 4 4 4 4 4 4 4 4.02001724621481 4.32763274806518 5 5 5 5 4.48482118053601 3.38228467374372 3 3 3 3 3 3 3 3 3 3 3 3 3 3 3 3 2.2348140234996 2.83444990156036 2.99783552505997 2.95269291933977 3.75006899999987 3.75006899999987 3.48490363782066 2.54736682354087 2
6 6 5.94048405017501 5.87715015187167 6 6 6 6 6 6 5.12552901999986 5 5 5 5 5 4.94048452152038 4.5026799005263 4 4 4 4 4 4 4 4 4 4.01743070099397 4.32511727695942 5 5 5 5 5 4.88437258467869 3.7425551747359 3.05271028058523 3 3 3 3 3 3 3 3 3 3 3 3 3 3 3 2.82826064783699 2.0434813742097 2.78968717625618 2 2 2 2 2 2
-9999 -9999 -9999 5.54200247946638 6 6 6 6 6 6 5.12552901999986 5 5 5 5 5 4.6969586199999 4 4 4 4 4 4 4 4 4 4.00464012312001 4.33280583850674 5 5 5 5 5 4.86144904826679 4.30110619010653 4 3.26839061999996 3 3 3 3.00463948034649 3.26782229999996 3.26782229999996 3.20579246453353 3 3 3 3 3 3 3 3 2.12553621999994 2 2 2 2 2 2 2 2
-9999 -9999 -9999 -9999 6 6 6 6 6 5.72756724260508 5.08294321209458 5 5 5 5 4.92142513440584 4.46051492029384 4 4 4 4 4 4 4 4 4 4.35069843270742 5 5 5 5 5 5 4.48267581999994 4 4 3.5165896142916 3.33925070000008 3.33925070000008 3.33925070000008 3.35069684690908 4 4 3.84696505719067 3.23644532810944 3 3 3 3 3 3 3 2.12553621999994 2 2 2 2 2 2 2 1.8487311729112
-9999 -9999 -9999 -9999 6 6 6 6 6 5.19695741999986 5 5 5 5 5 4.76838701999983 4 4 4 4 4 4 4 4 4 4 5 5 5 5 5 5 5 4.48267581999994 4 4 4 4 4 4 4 4 4 4 3.82141420994146 3.25689415903207 3 3 3 3 3 3 2.12553621999994 2 2 2 2 2 1.87555019568834 1.58932089999995 1.32654802636435
-9999 -9999 -9999 -9999 6 6 6 6.31828051593141 6.48210749999998 5.67906491999985 5.48210749999998 5.02608231465669 5 5 4.92277381259768 4.39794187475528 4 4 4 4 4 4 4 4 4 4 5 5 5 5 5 5 5 4.73208168710931 4.19826546553763 4 4 4 4 4 4 4 4 4 4 3.62553501999989 3 3 3 3 3 3 2.12553621999994 2 2 2 2 1.88834111641861 1.36095337093435 1 1
