catData/variables/pastClimate/lgm_CCSM4/bio11.asc
NCOLS 409 
NROWS 350 
XLLCORNER 60.897278365 
YLLCORNER 5.843756025 
CELLSIZE 0.0892857 
NODATA_value -9999 
[rows 104 to 129 of 350, columns 348 to 405 of 409]
-9.76138751045997 -10.4315656534475 -10.3640203012264 -12.0074510989424 -13.797215783139 -12.2774955691698 -4.55212155787141 -2.79490760441295 -0.851371104277288 0.912996598994648 2.56697979755787 4.05401389092685 4.07080371698916 3.8936336239038 3.79075802777337 4.74891541803441 6.59939366478662 7.65206704602985 8.52366441731287 7.80325308471414 8.19293524274973 9.4336233003909 10.0037680921135 8.92460380286773 9.31943409635447 10.059796457528 10.6569271538092 10.7524391686879 10.8442565725447 10.9452523091547 10.9519957254471 11.3820176549407 12.4816558113473 12.7783021608137 13.08721083114 13.262418541291 13.2186253384646 13.137552242 13.0551487980242 12.989341012 12.882198172 12.775055332 12.73392555 12.6359511112461 12.3849189469808 12.2447073219999 12.042980064 11.7930602806706 11.0936307884669 7.56138681134216 4.73898815130216 2.10049786361403 0.291280843245981 -0.486807842095046 -1.79390389261976 -3.15526605696334 -0.775369524036167 -9999
-5.86555105566082 -7.24343435914671 -8.72065579711785 -9.10197386926367 -10.7686191585767 -7.6451518410683 -2.71366515611686 2.57954237289317 3.90533081927021 2.63523752489176 4.14511682837765 7.26330824107438 7.97499818768218 5.28270862239423 3.40246090084078 3.83298820725407 4.61606077628887 5.28407965003494 7.97535430716706 7.38114477563989 6.66955072690755 7.34522531078184 7.52177510075846 6.88233218946028 8.58960390691333 10.6278604383551 11.5453897827144 11.8715352001485 11.5815990853958 12.1320452094978 12.79431557 13.0833242403214 13.5008657324067 13.5400503476159 13.4784938749958 13.4316315663924 13.3726269762193 13.298326278831 13.1779350045573 13.096483852 12.989341012 12.882198172 12.8139578898896 12.6837321534986 12.3858282357738 12.0562093506239 11.5567843003558 11.4242770843104 10.766341399999 7.32946331794919 5.49673956851544 3.13699600218478 0.535486471793701 -1.91934389424677 -3.68931858337062 -3.97254886915677 -9999 -9999
-4.41607577722408 -7.02286620699407 -7.61403639412174 -5.18969812831402 -5.8951990725841 -2.20265743627074 -0.065747237662199 1.93992677302009 4.94261415953661 6.49729628212685 7.57276542310534 8.61518298476515 8.25876796086112 5.27981813330768 1.47426220981795 1.48068213657265 4.09818549756425 5.05971068051346 7.54673296551964 7.13932529792776 6.5602465736187 5.54594433699459 4.4783536917589 6.56228493519628 10.1999257008588 12.1468183549327 12.5000193533375 12.8820748521832 13.1621493529294 13.3679680802485 13.6454078751439 13.7417075020079 13.74821123 13.64821123 13.639340892 13.5404910799241 13.476843982 13.3686171882355 13.2783713568613 13.203626692 13.096483852 12.989341012 12.882198172 12.775055332 12.6263267632642 12.2403996331406 11.4748085519184 10.94821123 10.7746020671356 8.63467586916515 6.52691436501734 5.0390296263559 2.76961775227298 0.800938447999661 -0.963185908630544 -0.463156811417776 -9999 -9999
-5.29659997051012 -5.15104928790789 -2.35665816676332 -0.113063854490473 -1.06079226098114 2.14340898709 2.94090628516765 1.65669676936336 4.23418360633829 7.60007342114668 7.80264764580361 8.75691810958858 8.59470024782927 5.8839051081412 2.15070332037294 1.12497811130969 4.44511703070674 6.72844506381202 8.61316250410997 8.78823831916898 7.62176142866637 5.46002298592803 5.50526149568764 9.09776513100564 12.3237550488602 13.354043426989 13.6376634857541 13.7416616828162 13.8401803908158 13.85535407 13.85535407 13.85535407 13.8029976122014 13.75535407 13.746483732 13.639340892 13.532198052 13.4385824189335 13.362558302 13.255415462 13.148272622 13.041129782 12.933986942 12.826844102 12.719701262 12.5735193162952 12.1449165368465 11.1488522731566 10.1283487752319 9.61411748946277 9.05740182418407 8.41292656720162 7.01334706696273 4.82191580514066 1.87902795786949 0.957803306520105 -9999 -9999
-5.04805369400011 -2.04086513715742 1.80002222397097 3.26034492941525 2.1807741939845 4.07117287310985 5.84326413284963 4.35640033058039 5.4190874794293 8.44017619399344 7.36509048572027 9.11068907713592 8.76366828881554 5.50465579003605 3.17070396090619 1.80251384458942 4.13715829392993 6.89548919393519 7.2592075027371 9.16016937557242 8.96730047536876 8.58302833548297 10.1148134904544 12.1316519118036 13.6043624887647 13.9417144894196 13.9818963651334 13.9779217591528 13.9212406385609 13.9 13.9 13.9 13.8645278305841 13.8 13.7911296619999 13.683986822 13.591315777729 13.532198052 13.425055212 13.2900484134122 13.148272622 13.041129782 12.9752430634465 12.889341012 12.681829711962 12.1675235218631 12.052720820366 11.0846570746328 9.38025696603194 8.19207054745025 8.21571273905396 7.28608363170456 6.41138681278058 5.91774681635473 4.5454956463397 1.38074468110655 -9999 -9999
-5.27400003435233 -2.78647176802171 0.376880594369547 1.96392762572187 3.07515287557034 4.33823188908553 6.58601399330127 7.46794922994106 8.4712465428345 9.61431147968967 9.76671978815502 10.1462819928931 9.16084893277151 6.5925207143582 4.75606000599962 4.64601151346868 5.96080837332589 7.00149814320949 6.74745218502973 8.3509044055103 10.1506262794281 11.6682182337384 13.1255391725558 13.779187437105 13.9810072159816 14 14 14 13.933986702 13.9 13.9 13.9 13.9 13.8684367247115 13.7973069432073 13.753626572 13.6535139569548 13.590801190964 13.4800494422341 13.2722397348018 13.1842954387208 13.110769532 12.8857544357657 12.5650880985676 12.1853454456036 11.9610359928372 11.5069171001268 10.4314074278365 9.67449126264725 8.50838775411891 7.62331158681174 6.07566088897155 5.8263132686987 6.87677105466977 6.87210577136561 4.34398958611886 1.64406292879954 -9999
-1.16417401549434 -0.890950385988135 0.99660883278353 2.64245770832042 3.95592774359682 5.00835464858077 6.14573312018606 8.01405247019665 9.63012306675314 10.054399333654 10.269535417771 9.46603531642748 8.49333456937146 6.85763356343024 6.48440539322197 7.20583185466437 7.53721255736846 8.1861552395271 9.24778221493223 10.6840391641066 12.3090650401731 13.3334720220329 13.9285743414421 14.07678259 14.07678259 14.0425492427058 14 14 13.9846734219488 13.9206114124996 13.9 13.9 13.9 13.8995989197066 13.8699717147418 13.7962821548097 13.753626572 13.6302540941743 13.4396410214644 12.9815501578723 12.506304038865 12.1020914132856 11.7087993993411 11.6694461073329 11.117922524905 9.25327297321667 9.65062664978279 -9999 -9999 -9999 -9999 -9999 -9999 -9999 6.90851311763572 6.19838130731493 4.43631356602384 2.99644334709209
3.66284119717622 4.18679667305905 2.74280420704879 2.51641077762277 2.77609365595672 2.74944103873925 6.93810863838106 10.7836025059657 11.2446184734805 11.0378895628156 10.2338428562059 9.91316379963935 8.73109042599972 7.72403018596447 8.22982112124973 8.58625571271963 8.96284446995203 9.53825954446811 11.4075784261693 13.0867468049965 13.5890701403502 13.9594374022574 14.0876476989016 14.1 14.1 14.092833188651 14.0405128041647 14 13.9445980557963 13.9043150353879 13.9 13.9 13.9 13.9 13.8985741313089 13.8704863015068 13.7574101943226 13.5046199602767 13.1104941019084 12.1797698861593 10.8582152586861 10.5689523635829 10.4179160984346 9.45686420453023 8.91204442290646 8.26803107971125 -9999 -9999 -9999 -9999 -9999 -9999 -9999 -9999 -9999 6.5318145175648 5.21437891161557 3.00134529599955
5.37256385441343 6.49230088682209 5.28839106497968 4.46068234981567 7.34060969017284 7.61931414658896 10.4739146467898 12.8766198038259 13.5287267138789 13.2380165937519 12.0491042494311 11.5431344448615 11.2047540483319 10.9219140234388 11.2896810798211 11.9031990345535 12.2588128633756 12.4239353221082 13.0406253356521 13.4083300562135 13.9006699920765 14.0924985452595 14.1 14.1 14.0659022748089 14.00893173 14.0043115588248 14 13.933986702 13.9 13.9 13.9 13.9 13.9 13.9 13.8548209736468 13.4661124990325 12.8689193238103 12.4356285747455 11.6383356335524 9.7347961113023 8.96431245738919 7.72948736031598 7.42072962436596 7.22720326941457 -9999 -9999 -9999 -9999 -9999 -9999 -9999 -9999 -9999 -9999 -9999 -9999 -9999
8.7308806692957 10.3300680385427 10.153393188361 11.1191489365562 12.4506016656539 13.0198136225131 13.5935437951704 14.0808250538128 14.116000938 14.1863401780694 14.0543626303538 13.6415134784994 13.4157027821683 13.5169904700295 13.3042486546394 13.2541751507825 13.4444984260001 13.6572198637687 13.8763569553455 14.0876323066616 14.0967395897656 14.1 14.0772579819837 14.00178889 14.0011190949153 14 14 14 13.933986702 13.9 13.9 13.985877580062 13.9053184674885 13.803485484961 13.8738650277682 13.4000599373992 12.2293887909287 11.8865060155182 10.8542227878268 8.76125413868318 7.9753509186923 7.76060546642776 6.26982247002639 7.68687248058179 -9999 -9999 -9999 -9999 -9999 -9999 -9999 -9999 -9999 -9999 -9999 -9999 -9999 -9999
12.9731356946672 13.6020307120048 13.912423158 14.0976450621725 14.1214158 14.2194252909219 14.419578718 14.5107079 14.5326246106753 14.575054612 14.50535395 14.4209580331424 14.3132923663466 14.3075559922644 14.2428747438177 14.2067911441001 14.2010547700179 14.2 14.1104791301465 14.0999074977713 14.0862503983108 14 14.0219164835248 14.0659691505573 14 14 13.948272382 13.9557185631139 13.9321670709682 13.9 13.9 13.8812736351408 13.584702195406 13.4317561904834 13.4380201459996 12.4064471430871 10.7601407890057 10.7345823837528 9.85337169841968 6.97607580723293 6.02224273563545 -9999 -9999 -9999 -9999 -9999 -9999 -9999 -9999 -9999 -9999 -9999 -9999 -9999 -9999 -9999 -9999 -9999
14.303504148 14.4015047590774 14.4952581833626 14.51249679 14.51249679 14.5265056162181 14.621367608 14.71249679 14.71249679 14.682197452 14.61249679 14.6069250939291 14.548272142 14.441129302 14.4 14.326843622 14.219700782 14.2 14.1881799239252 14.098272262 14 14 14 13.996213585351 13.98750321 13.98750321 13.9422398837934 13.8926430824917 13.8627545803306 13.85001284 13.7697344827775 13.4330535091028 12.7845850930927 12.0950590677972 11.7493193185847 10.8377816401349 9.52907013798906 9.69324275015009 8.33633981165864 5.91964928589896 -9999 -9999 -9999 -9999 -9999 -9999 -9999 -9999 -9999 -9999 -9999 -9999 -9999 -9999 -9999 -9999 -9999 -9999
14.5923281762518 14.61963963 14.61963963 14.61963963 14.61963963 14.71963963 14.7267682521669 14.8031450231807 14.8150917794718 14.7756513398756 14.7122861247769 14.655414982 14.548272142 14.441129302 14.4 14.326843622 14.219700782 14.1656534066888 14.0847119660031 14.0596716447011 14 14 13.9954521966069 13.9560119027405 13.9 13.8912437145645 13.870201257217 13.7556025214779 13.4322632560878 13.332338889651 12.7635728246919 12.3966136658361 11.2410675262273 11.533343865569 11.2475173744889 10.5441236807313 9.35337126657916 8.1990863532648 6.86253327951784 -9999 -9999 -9999 -9999 -9999 -9999 -9999 -9999 -9999 -9999 -9999 -9999 -9999 -9999 -9999 -9999 -9999 -9999 -9999
14.72678247 14.72678247 14.72678247 14.72678247 14.72678247 14.8 14.8 14.8117248048502 14.8562629141299 14.7918850888899 14.7458032920902 14.5837691675779 14.3183073317475 14.2726583482451 14.2489323659568 13.9826216520725 13.9254943018554 13.7338720410487 13.70539283 13.8490882598231 14 13.9957112111282 13.9562630898519 13.9 13.8899721241877 13.7928100376227 13.6688503695451 13.2417140307309 12.6029446343969 12.585557886713 12.1746968001479 11.2719814079997 11.8598700288811 11.1875753609696 10.8479905663162 8.35638681069016 -9999 -9999 -9999 -9999 -9999 -9999 -9999 -9999 -9999 -9999 -9999 -9999 -9999 -9999 -9999 -9999 -9999 -9999 -9999 -9999 -9999 -9999
14.8115299311708 14.8 14.8 14.8 14.8 14.8 14.8 14.8 14.7921440862683 14.7460544963444 14.6872976250427 14.39935638071 13.739934635817 13.4665509268824 13.2700808628168 12.6476988061276 12.8636690479023 12.6408666775061 12.6909368695791 13.6379187344725 13.96607469 13.9554938736981 13.9 13.9 13.811748887854 13.5313362204479 13.277412269903 12.4882267139998 12.1078206399019 12.0380848515926 11.59818178184 10.4181504897382 11.5546199035611 8.99573609108534 8.23830592495432 -9999 -9999 -9999 -9999 -9999 -9999 -9999 -9999 -9999 -9999 -9999 -9999 -9999 -9999 -9999 -9999 -9999 -9999 -9999 -9999 -9999 -9999 -9999
14.8610968593697 14.84106815 14.8080906481394 14.8 14.8 14.8 14.7963569191575 14.75893185 14.7452852973334 14.6751132448423 14.4112766139326 13.7779125255813 13.2063158642065 12.4699735699248 12.1252954068369 11.9816869581032 12.3533893628119 12.2371865732551 12.1006527661201 12.8179765524349 13.7466563468368 13.8655082645244 13.9 13.9 13.6666601762178 13.1955904849876 12.6900787724965 11.6786084779912 11.2098325616334 10.9025290142968 11.1259109628655 9.47396618404143 10.4158022847756 9.38744971734873 6.5414361188534 -9999 -9999 -9999 -9999 -9999 -9999 -9999 -9999 -9999 -9999 -9999 -9999 -9999 -9999 -9999 -9999 -9999 -9999 -9999 -9999 -9999 -9999 -9999
14.9 14.9 14.8584137056664 14.8060541924554 14.8 14.7991669246992 14.7471949011789 14.7 14.6776720461297 14.4699412899336 13.8395756468394 13.1335832414031 12.9766198948952 12.72881136 12.2461807385348 11.5013804307708 11.6374499678803 11.6860181524854 11.7023236197444 12.2557738196505 13.5266117340001 13.816013418 13.8888361387712 13.7203215540381 13.15445685397 12.5160734574106 11.7542537545174 10.7434230079999 10.1563214839591 10.3072233061222 9.74545817168736 8.16927867331743 8.73631538592066 7.39132848553626 6.01547395558147 6.64864733094101 -9999 -9999 -9999 -9999 -9999 -9999 -9999 -9999 -9999 -9999 -9999 -9999 -9999 -9999 -9999 -9999 -9999 -9999 -9999 -9999 -9999 -9999
14.7882081433521 14.8851411599615 14.8555511745278 14.805606532983 14.8 14.798272022 14.7 14.6911358269739 14.5086071142418 13.7947584618568 13.3769592120516 13.7965523489309 13.9783119948401 13.5967130856371 12.332200941195 11.1898696044595 10.9908466817695 10.5347007151969 11.224556204 12.7157346423108 13.6274989846678 13.816013418 13.8127543635615 13.2840823903967 12.5507379754185 12.1005344130999 11.3524115219998 10.4219294109661 9.7786202437058 9.01634841979057 7.48481252377381 6.973378746554 6.33003194688739 5.73822626104224 6.63833737770157 6.05507506193261 -9999 -9999 -9999 -9999 -9999 -9999 -9999 -9999 -9999 -9999 -9999 -9999 -9999 -9999 -9999 -9999 -9999 -9999 -9999 -9999 -9999 -9999
14.7205056920352 14.810659948 14.7070193847219 14.784303708843 14.3862120690457 14.36727490425 14.63750333 14.6314976749952 14.463951718693 13.8609785882562 13.7652038797453 14.2209317428622 14.1978402925753 13.7180437255673 12.6988268359931 12.0140569657147 11.0267487778533 10.0583251515702 11.0613669734374 13.2096922889858 13.7658234321403 13.8060055649968 13.61173444112 12.7829811150302 12.2162326036654 11.0846244967695 10.9405800210504 10.8598752748174 8.7919476808625 7.45530330210843 6.10310137658803 7.23338711987481 6.19601696474265 7.64882897209749 7.30477551239519 -9999 -9999 -9999 -9999 -9999 -9999 -9999 -9999 -9999 -9999 -9999 -9999 -9999 -9999 -9999 -9999 -9999 -9999 -9999 -9999 -9999 -9999 -9999
14.0626229658731 13.9052301873844 14.125528497587 13.9916812088402 13.1046240340918 13.3486220570606 14.2192285051293 14.5888481670357 14.5022387849614 14.3694201645164 14.2865863768299 14.2379024238627 14.0932882908447 13.8821226301039 13.4343357535873 12.9422799331729 11.957787211694 11.3838736730757 12.3269154944941 13.5736195357227 13.8 13.7665450025116 13.3132063739996 12.4332817567633 11.8236526828962 10.13333166147 10.4421885391608 10.7148640204858 8.38847065957095 6.82630663161869 5.87977644169942 7.65026776041045 8.50792019552584 8.60669999485719 6.95564530616119 3.80257250183222 -9999 -9999 -9999 -9999 -9999 -9999 -9999 -9999 -9999 -9999 -9999 -9999 -9999 -9999 -9999 -9999 -9999 -9999 -9999 -9999 -9999 -9999
12.6688827900719 12.4518904819999 12.4566095246619 12.2488643105966 12.3614366956071 12.7856059478842 13.7256618404262 14.1202838696001 14.42321765 14.392918312 14.285775472 14.1682810385683 13.9688364120458 13.7423622966142 13.5576590353836 13.4882304190164 13.3161194275082 13.1672088510208 13.3493787651345 13.603455476 13.793188961753 13.675177396 13.0386630396126 11.6835355891607 10.773046351764 9.80456271352308 10.5170161376071 9.62613420337716 7.92182097282056 6.91996648970253 6.39165832333756 7.49944008582609 9.42958410091118 8.74912629489288 4.0430023509876 -9999 -9999 -9999 -9999 -9999 -9999 -9999 -9999 -9999 -9999 -9999 -9999 -9999 -9999 -9999 -9999 -9999 -9999 -9999 -9999 -9999 -9999 -9999
11.578974363838 11.2712513700377 11.4334808154774 11.6151087229475 12.0256945532218 12.1193742190821 12.5579195365834 13.1811348687073 13.9291284796632 14.3112042489852 14.2311344029733 14.0340717309319 13.7769660459999 13.514408224 13.4215380691922 13.4278345587664 13.499540891275 13.428632752 13.41607481 13.6020054686008 13.6997595825593 13.41691290859 12.4345788930462 10.7286061756574 9.41787480448661 9.52240059894302 10.2576503915551 8.38002311642619 7.78725683875113 6.5541728533629 7.60680112192769 9.48621340127223 9.0496515840048 5.92359300912802 -9999 -9999 -9999 -9999 -9999 -9999 -9999 -9999 -9999 -9999 -9999 -9999 -9999 -9999 -9999 -9999 -9999 -9999 -9999 -9999 -9999 -9999 -9999 -9999
10.6471082533871 10.5298046821361 10.4270948749923 11.1305601132276 11.2695211446024 11.1039454471407 11.9808743088027 12.6019357597429 13.5657348980001 14.0819819304393 14.1681454678937 14.0108299639999 13.7448164259999 13.3750338341683 13.2779811685899 13.30893197 13.316104272062 13.3896854012241 13.5722732065722 13.5907138192788 13.0124695914629 12.2826457001503 10.9500469458582 9.95845260559427 9.43982587396502 10.1466675399734 9.29237440767934 8.08748989304535 7.32175859922721 6.23764761291149 8.79400418112223 10.2615217035125 8.11841519260309 4.63280340322116 2.49417715858143 -9999 -9999 -9999 -9999 -9999 -9999 -9999 -9999 -9999 -9999 -9999 -9999 -9999 -9999 -9999 -9999 -9999 -9999 -9999 -9999 -9999 -9999 -9999
10.5975384055494 10.6959414769996 10.9301368055355 10.8298005142482 10.6213707461589 10.8123418130912 11.3638009775341 12.0376279243186 12.9424316905895 13.7957233094541 13.9293637932392 13.6724100199324 13.4027753253741 13.2433368720426 13.266013538 13.2281524847057 13.20178913 13.3751087939078 13.3104918423567 12.9055511350421 12.4644340538276 11.4684303253091 8.73059260529489 8.89702062648752 9.16700477043714 9.35762482532671 7.29672589233984 7.50555317452118 8.70404801934869 8.78011012311761 10.063421070102 7.9936361767407 9.46563788787471 4.76008246762954 -9999 -9999 -9999 -9999 -9999 -9999 -9999 -9999 -9999 -9999 -9999 -9999 -9999 -9999 -9999 -9999 -9999 -9999 -9999 -9999 -9999 -9999 -9999 -9999
9.67437355870285 10.3240706015207 9.80625681633862 9.73457750094779 10.21938859 10.6558276315859 10.9301926314816 11.5460473327611 12.5142641182511 13.4317039886886 13.7879479612556 13.5860429154029 13.2205434744934 12.9384992131082 12.6716119972294 12.8808757710262 13.1273413569441 13.16252403 12.7977485177166 12.2431568929027 10.3769542481706 7.25020803702008 4.43804834269353 5.14339259048223 7.97690334789438 7.84344436602722 6.95178412726126 8.2076151015821 9.3405977353187 9.84257420700992 8.05464725483012 7.6957564193545 8.34232412581955 -9999 -9999 -9999 -9999 -9999 -9999 -9999 -9999 -9999 -9999 -9999 -9999 -9999 -9999 -9999 -9999 -9999 -9999 -9999 -9999 -9999 -9999 -9999 -9999 -9999
8.1169318901271 9.03132946930669 8.85116550767473 8.76251034999998 9.22361616093726 9.78969447453914 10.7003962771732 11.5490717256635 12.1430319686493 12.9916712403088 13.4779927389691 13.7113135852007 13.6452482712777 13.21814306 12.7566918127828 12.6798654312901 12.519332300146 12.3001710520158 10.4543093398578 9.9547348137164 9.32507829578425 7.28586850980623 5.85667631310364 3.86872356344739 6.39566211293085 6.67050211584916 6.61429557506091 8.55875818715063 9.5048466640441 8.36157857263655 6.17872136006461 5.77351342839066 -9999 -9999 -9999 -9999 -9999 -9999 -9999 -9999 -9999 -9999 -9999 -9999 -9999 -9999 -9999 -9999 -9999 -9999 -9999 -9999 -9999 -9999 -9999 -9999 -9999 -9999
