catData/variables/pastClimate/lgm_CCSM4/bio11.asc
NCOLS 409 
NROWS 350 
XLLCORNER 60.897278365 
YLLCORNER 5.843756025 
CELLSIZE 0.0892857 
NODATA_value -9999 
[rows 130 to 155 of 350, columns 116 to 173 of 409]
15.237389186 15.451674866 15.642799968 15.749942808 15.857085648 15.91963939 15.91963939 15.91963939 15.91963939 15.846478932 15.6102716517541 15.3309275321635 15.1647490888594 15.6403303610178 15.7 15.683982502 15.576839662 15.469696822 15.3699081515145 15.3108824102808 15.248268302 15.141125462 15.033982622 14.9124715614621 14.7355255247425 14.612554102 14.4682579596962 13.9862590987826 12.9678882493674 12.6548195977659 12.8855989760001 13.099884656 13.276724558 13.383867398 13.491010238 13.598153078 13.6923305548014 13.8071675414033 13.83927878 13.9969963021873 14.114227888 14.221370728 14.3267707335733 14.4031456446314 14.461410651164 14.6243514329593 14.642915072 14.7133217932505 14.930288778 15.0847431701406 15.2650213338718 15.31963939 15.31963939 15.2493677186781 15.23927878 15.217908292 15.110765452 15.003622612
15.344532026 15.554527798568 15.7293634972693 15.857085648 15.9541995450561 16.0119419547813 16.02678223 16.02678223 16.02678223 15.9732157741306 15.873261162 15.7895383478053 15.8496026303574 15.8241227730401 15.6708409386827 15.630418042 15.5356809119839 15.469696822 15.4 15.355411142 15.2344133996587 15.114343232 15.007200392 14.8464912718533 14.719696942 14.5891341404721 14.1374537158085 13.0326271936207 12.6671924120799 12.8508909151227 13.1204640952854 13.3060545334481 13.464228008 13.5594290217734 13.651731458 13.758874298 13.8176808617386 13.973102186 14.02678223 14.114227888 14.221370728 14.328513568 14.42678223 14.4385095334001 14.5169571315628 14.57321777 14.5859159825595 14.8714805182032 15.2655859917866 15.385656288 15.4444630274612 15.45356446 15.45356446 15.45356446 15.4282316151894 15.3255147586479 15.244690522 15.137547682
15.451674866 15.649942808 15.780246226 15.9539480322311 16.0127036692389 16.0633872852911 16.1175500961789 16.13392507 16.13392507 16.13392507 16.053621772 16.03392507 16.0018356930012 15.9299046569375 15.692900552 15.5748898171825 15.457085408 15.4830611433026 15.3787785178187 15.3402843407113 15.1801615487587 15.041125462 14.9563790636987 14.8359451968314 14.6924540733613 14.4318509697827 13.4506582612642 12.5713004031459 12.8944733940001 13.1944507900114 13.357085168 13.464228008 13.5586673416015 13.6302534397371 13.719581598 13.826724438 13.933867278 14.064530948503 14.154485574437 14.2256297973116 14.328513568 14.4350690503716 14.4969894289016 14.46607493 14.4425039358848 14.3745799315084 14.5353035170216 14.9131914924484 15.2192370779184 15.4309700487767 15.566016898 15.6248194923283 15.63392507 15.6042591507317 15.5375008747383 15.4672628637917 15.425051132 15.317908292
15.5551729708768 15.7225958882259 15.8778775006715 16.0124449804312 16.078514168 16.14106791 16.192799848 16.24106791 16.2139558540556 16.2 16.119696702 16.1 16.005411022 15.9579114934576 15.8947699785602 15.8061715193258 15.6273411344689 15.5252686122636 15.3117564049708 15.3291339960734 15.189336212 15.0580148297212 14.9728880426186 14.782566281516 14.3923641260665 13.4958824030384 12.7097243575037 12.428655438684 13.0713357019973 13.398153078 13.505295918 13.612438758 13.68213582 13.7530014424896 13.892799368 13.999942208 14.0799731891816 14.1300452739211 14.301673546 14.3769800141264 14.437878798771 14.45893209 14.4537023514343 14.3802664363892 14.2263392352791 14.089234788 14.2558906041551 14.5412831471575 14.8710990340502 15.2365288791528 15.4970366885109 15.6621370033581 15.7329785904607 15.653622492 15.64106791 15.639336812 15.532193972 15.4316288879739
15.6613643028875 15.8207347043772 15.971371328 16.0639046629066 16.1554993798287 16.24821075 16.2750023327007 16.3 16.233982382 16.2 16.119696702 16.1 15.9598089662889 15.9 15.8957214608183 15.835771752 15.7397946846523 15.5777028887753 15.3171545176312 15.2857037691417 15.151846802 15.0425971366577 14.8385002028076 14.2537183776046 13.2752721047915 12.1840535097803 12.192173570016 12.6953645902969 13.2715730750482 13.564228008 13.671370848 13.778513688 13.8662636404171 13.9195136108476 13.999942208 14.078701307377 14.1636547147167 14.269581478 14.4183125451711 14.4934982004358 14.3631945271014 14.4008346910348 14.4396541344597 14.3269039695163 14.2067582657222 14.2421381320479 14.3014705512887 14.4625062694467 14.6767370974542 14.9219617323311 15.2370349356526 15.501687226 15.7130992782463 15.7486600157169 15.74821075 15.746479652 15.639336812 15.5404889412004
15.773103386 15.971371328 16.078514168 16.1721276197557 16.2441439997527 16.3 16.3 16.3 16.2705255035955 16.2148566500366 16.119696702 16.0515954233006 15.9078268490673 15.84464641 15.835771752 15.728628912 15.64464641 15.553736876 15.2450172461748 15.063452524929 15.021550064011 14.9348216592422 14.4790513530124 13.463116062 12.4795437098621 12.1935828175522 12.460534164 13.2149434234134 13.4681901170454 13.616017258 13.7359800436905 13.885656528 13.9720717855736 14.0246814007944 14.107085048 14.2205316650606 14.3250093342035 14.428513568 14.4467554227317 14.3478377879957 14.2072481241102 14.4026896957381 14.557253938424 14.585633944474 14.6656214431582 14.7632388832099 14.769567078 14.9459795639458 15.0533010890588 14.923647645955 14.9732502898015 15.2612517888352 15.5411037842145 15.7251424161536 15.8493624030429 15.7992271268894 15.7513916952574 15.694690402
15.9371961615839 16.078514168 16.185657008 16.273861293582 16.3234025744186 16.36249643 16.36249643 16.3257017955796 16.258741345579 16.0728977631567 16.0325808008445 15.950057432 15.6064556543061 15.6760894644241 15.728628912 15.621486072 15.53750357 15.4087172271469 15.0095314868543 14.882092428 14.93750357 14.746165525142 13.960596172711 13.0031491197209 12.6244245721541 12.6967904188629 12.9371337795679 13.1806346448654 13.5144206124333 13.6885239024339 13.8568388215655 13.992799368 14.1093009788715 14.2042116135637 14.276724318 14.4059471215625 14.5037547844382 14.5524304635612 14.3818208231212 14.27191308288 14.3216108644406 14.3398842215588 14.4872094515582 14.6385377924424 14.798166998 14.8939452444437 14.974949108 15.1155364151102 15.2060387673365 15.1337603793384 15.08748929 15.242961568658 15.410418911552 15.6123944060001 15.8857943704492 15.8614145555502 15.8 15.783983222
16.078514168 16.185657008 16.292799848 16.36963927 16.3810082272865 16.4 16.4 16.341125222 16.1880081947534 15.9618277648799 15.9243806674869 15.7820177398536 15.2219054962204 15.463659303413 15.621486072 15.5254977006795 15.4677426193745 15.20920557 14.8901379583171 14.983867398 14.7510739252336 14.2056664295209 13.6081520927863 12.9388267157456 12.6018718798633 12.6747165709879 12.880259666 13.2449989937214 13.587388106 13.801673786 13.992799368 14.1210449528117 14.288093129555 14.4006904580783 14.491009998 14.598152838 14.6593218250219 14.66963927 14.5405754084892 14.3262282563663 14.394588498 14.5118548391445 14.687431258 14.7882828471781 14.8463100419558 14.8788393903225 14.937445538 15.1066904198881 15.3270350005773 15.2449199531577 15.3142554733754 15.482077548 15.5332982588896 15.4705839730254 15.744486234 15.8994744260102 15.86963927 15.8424685247233
16.185657008 16.2805010907893 16.323160578 16.4 16.4 16.4 16.4 16.341125222 16.2186544840721 16.0866353373381 15.991905653396 15.8690328238699 15.4312851782717 15.3293409788036 15.6747216016677 15.6412656470664 15.2992824834058 14.5063078235854 14.9611475641942 15.1037538580134 14.5723028852632 14.1548707626458 13.843058928 13.0996452548171 12.7591897006538 12.7506494224072 13.0879961537175 13.1542895982495 13.6313767667813 13.9733003473435 14.1177250199225 14.2909028608116 14.414227888 14.521370728 14.5887930630138 14.7040792262521 14.726092758482 14.7561737747839 14.7581374900499 14.5583698673158 14.3344266496732 14.5253512081524 14.6484961768864 14.7065482831384 14.9355652552908 15.123365372734 15.2926046138228 15.3039499842273 15.3637421152909 15.232926401975 15.1613109230362 15.4907256600275 15.6 15.5593940380774 15.6194484130861 15.8245470635706 15.9 15.8802644641024
16.285351594291 16.3 16.323160578 16.4 16.4314267533034 16.48392495 16.48392495 16.425050172 16.317907332 16.210764492 16.103621652 15.996478812 15.764336542984 15.7221917398283 15.8678499 15.6098642126205 14.0264195425177 13.9052155047435 15.4175719805826 15.2146521144357 14.668125519042 14.45177485 14.0214901835664 13.6327554490111 13.288913638175 12.9260690453057 13.3416634530721 13.5224697361172 13.7194226220001 14.099942208 14.230245146 14.414227888 14.521370728 14.5910925926378 14.6434156002608 14.7522633208407 14.7893877120579 14.857084928 14.88392495 14.929199808261 14.7313176556523 14.7520531634492 14.7678499 14.789016405304 14.9074459175069 14.9721951457097 15.0957263490437 15.215899093827 15.351731218 15.223377826 15.2108092972761 15.5108500429268 15.6 15.6 15.6 15.717806148 15.8309699460591 15.9813502449281
16.3 16.3145870000046 16.3931365414642 16.4275966530671 16.4944125684017 16.5 16.5 16.494741181192 16.425050172 16.317907332 16.210764492 16.103621652 16.1603101095446 16.0717809312411 15.9749038801787 15.5775336552095 14.5143854535434 15.1877711719127 15.420561484822 15.0306200422673 14.9757386925884 14.885559518112 14.1307200225182 13.9933413567671 13.6699287077769 13.1437847312457 13.4689393967145 13.783867158 13.9095515156521 14.2362581737584 14.4984321765896 14.5848423020583 14.628513568 14.69106779 14.742799248 14.9035576100666 14.9220152314021 14.8976025928709 14.9731300016603 14.9988786198084 14.9831023134456 15.07320337 15.07320337 15.060047699367 14.9699766191522 14.930302698 15.1056471858204 15.371312336 15.533866798 15.4591287095039 15.3849969059297 15.610547004 15.69106779 15.69106779 15.6049283538399 15.7912224153087 15.8096665767775 15.9235183357538
16.39821063 16.414228368 16.49821063 16.4987528702707 16.5 16.5437912340571 16.547404367779 16.5 16.4988187005488 16.425050172 16.317907332 16.2966458950405 16.2981138067956 15.9966558932634 15.7311980816607 16.0081395734406 15.9819124476809 15.5146564417618 15.0688206407508 15.0439846490548 15.1490786294845 15.021587016 14.2380368499998 14.117691284 14.1121598966843 13.31029899066 13.576565582 13.9050439889883 14.3194657740001 14.6566249439906 14.9914675698456 14.99284252 14.9199610945534 14.8420013926461 14.948152718 14.9985282180523 14.9988187091378 14.99821063 15.078513448 15.09821063 15.1911065897933 15.2981216179573 15.39463189 15.4100757005701 15.5133841768979 15.5880166373873 15.6280493964467 15.7382287490595 15.7447519977911 15.6382830972684 15.7260924828646 15.7967698152116 15.79821063 15.79821063 15.7965180960878 15.8999107522517 15.9965800475844 16.014227408
16.413753252998 16.5008575047985 16.50535347 16.5340346036084 16.6020046741882 16.6029664060153 16.6 16.5474289091556 16.51070694 16.5067903168291 16.5096524829674 16.506025537236 16.3212393065605 16.0245993789288 16.1866539496927 15.9314340299502 15.553679324 15.3123350090866 15.0518521947186 15.3357380129092 15.7562058010671 15.5255780252705 14.8199804801039 14.5018308283872 14.3168444135235 13.7813269914095 14.18365063 14.88294960807 14.8613148433895 15.248094926 15.439220508 15.4841352133051 15.335815384 15.1637312837119 15.1081228980846 15.0549844598811 15.0750091326446 15.2595066209485 15.2400565792708 15.294815406798 15.399941968 15.607084808 15.705828546457 15.7115644062535 15.7599004138999 15.8782952636932 15.8494966767137 15.860765092 15.80535347 15.746479412 15.8338530711707 15.973159738 16.0042989744225 15.917908052 15.9104172240156 16.1051681223758 16.0867227192173 16.0525463505948
16.5 16.516017738 16.6 16.6037868090539 16.6452631675169 16.6609828939123 16.61249631 16.6640139132293 16.7 16.6451242572582 16.6852260198834 16.612553862 16.505411022 16.398268182 16.2633923632249 15.845455984613 15.5873545069006 15.4359651510628 15.5902952270162 15.9834301741577 15.9150646706497 15.5402124341022 15.0446770786262 14.5399872552759 13.9708176382686 13.9389999375037 14.42292893 14.6739534459358 15.346068380352 15.5905129335737 15.7577548703576 15.7605999949284 15.5329254134992 15.33311049172 15.3146457447184 15.3896920895768 15.3174539295648 15.5401908790596 15.647523819076 15.4532389629895 15.519581118 15.714227648 15.821370488 15.928513328 16.01249631 16.0390122889196 16.0672337725096 15.9623360300611 15.9 15.8558401115945 15.8827598417736 15.985656048 16.0727291698303 16.0219131730281 16.107084568 16.221530424 16.033866558 16.1550246697691
16.51963915 16.535656888 16.61963915 16.6439912342839 16.707354126778 16.71963915 16.71963915 16.71963915 16.71963915 16.7784315159127 16.7354675871492 16.632193012 16.525050172 16.417907332 16.283980396983 15.9146891995416 15.907710607439 15.9452295865822 16.101347442356 16.294689442 16.084083206 15.4440948344888 14.888369482651 14.6470884657201 14.5006729860608 14.47675235 14.8939667675832 15.2041018603977 15.5836503900001 16.0424239533245 16.0634658963864 15.987647786 15.6588652334899 15.5831219882879 15.8926684240001 16.155222646 16.0523878407575 15.9728011867225 15.9800054635938 15.6649253858862 15.732804025005 15.8217105080669 15.948152478 16.0521497118095 16.11963915 16.11963915 16.11963915 16.047975950876 15.9385983070003 15.9669508434383 16 16.073159738 16.0354681657473 16.107084568 16.214227408 16.3968777769328 16.228513088 16.335655928
16.6023768742949 16.6385098590106 16.7062028636839 16.72678199 16.7541993949271 16.8 16.813854842462 16.82678199 16.82678199 16.82678199 16.82678199 16.739335852 16.632193012 16.5255139873236 16.45356398 16.4332566772874 16.2990697122214 16.237431138 16.3994084364077 16.508975122 16.3122236641852 15.8744020606391 15.1679144511483 15.0945490494625 15.2567777851103 15.3271854733156 15.523087426 15.708859538 15.8467465585174 16.2738709784358 16.403506068 16.4219000752995 16.1677769915582 16.1637012927167 16.562322334 16.7933411387942 16.721529704 16.3753029520241 15.9735134306864 15.771948058762 15.9174082939245 15.98334495923 16.1600614765355 16.2224923138409 16.2 16.2 16.2 16.2119416549371 16.123319554 16.0110143456738 16 16.073159738 16.1 16.187445418 16.3199208757987 16.3991961469865 16.362437918 16.4652911461177
16.6058641039408 16.6715091603863 16.723160578 16.8 16.8 16.815126775695 16.8681067959778 16.9199731683494 16.93392483 16.93392483 16.9066820726691 16.8422198156581 16.7714250019852 16.66784966 16.6648389473604 16.6073237429668 16.4831528927061 16.5745083096211 16.6798886821035 16.655411142 16.496536604 16.2433494729298 15.8050094117708 15.708859538 15.6009109101774 15.742741456 15.9891162045656 16.137430898 16.2563013115601 16.499884176 16.691009758 16.798152598 16.868514131586 16.86962415 16.972169096451 17.06784966 16.935815384 16.3544315975064 16.0613796884585 15.9763677383622 16.0303491708539 16.2350688145268 16.3 16.2894167281276 16.23392483 16.23392483 16.2466281651091 16.2821849751275 16.2316370195269 16.0890026779094 16.0115287095822 16.0235211045101 16.0866353661442 16.187445418 16.3570876102735 16.435655928 16.5367778312384 16.56607517
16.6036447138235 16.6505072962167 16.723160578 16.8 16.8153783056628 16.8673450643774 16.9212451015824 16.9757639484577 17.0271118975021 17.04106767 16.9937430654218 16.9462232486184 16.94106767 16.84106767 16.832193012 16.7316281852209 16.7011581623615 16.7750977994378 16.762553982 16.6737227470602 16.5800942800401 16.3329187310604 16.083283262819 15.9761824404019 15.8499375354374 15.9621828131809 16.227056163221 16.442799248 16.549942088 16.6665242713415 16.851694035855 17.0410612374219 17.157026896 17.28213534 17.2608904355424 17.2652459724175 17.2043244647546 16.5659210746743 16.4740331597031 16.2227113512297 16.2209806322166 16.3 16.3 16.3 16.3095112140559 16.3535122820157 16.3888248580489 16.3737230299354 16.3198228641048 16.2306082917101 16.0890068401851 15.967907932 16.0357160305309 16.146377748 16.2923657816542 16.501731098 16.5947703815738 16.5344899524663
16.608874898 16.7077222331803 16.7602052552273 16.8146094323652 16.885656768 16.94821051 16.9750022168573 17.0283838307352 17.0824006976723 17.1 17.1 17.0547120911051 17.04821051 16.94821051 16.9436143698826 16.89642102 16.9315759789325 17.00221347066 16.8770279182525 16.823135014155 16.7714809045625 16.5957563951497 16.48926306 16.2345114917851 16.221355608 16.2441822212002 16.3426055800153 16.549942088 16.6613633301774 16.812438278 16.9778958106378 17.2920381128643 17.4316279949055 17.4749246198602 17.4214190517322 17.3985281193506 17.4318271989172 17.0419030595291 16.8957160617957 16.4170347323053 16.3971974107129 16.34821051 16.3524887964721 16.39642102 16.419580878 16.4975055475009 16.462554462 16.4 16.373208666027 16.3198270263805 16.199793287212 16.0397800891955 16 16.0452875360106 16.2865674875819 16.5008965268256 16.5560676607669 16.5917049923594
16.664228248 16.7625047334228 16.8128201558024 16.8688828109725 16.937446258 17.0246815594778 17.05535335 17.0816389660719 17.1 17.1404967643783 17.15535335 17.15535335 17.15535335 17.05535335 17.05535335 17.05535335 17.0656936650457 17.1032444703589 17.0899790745954 17.0354459186297 16.958975002 16.94329572908 16.9295172196948 16.7800523541213 16.6790718597337 16.578614152 16.4613439795886 16.6590019008618 16.8887211736561 17.137430658 17.2652539137875 17.4848418226686 17.6346258574434 17.6047739695634 17.6107067 17.454065713304 17.4472064854571 17.2883530853646 17.0415032821852 16.4753260519999 16.4 16.4009583535828 16.464227528 16.55535335 16.5656934507418 16.5864708604834 16.4971804522915 16.4 16.4 16.341125942 16.2705256666091 16.1495302398342 16.0218063658813 16.0484039682845 16.2867603544903 16.5 16.508873938 16.6
16.708874898 16.8 16.823160578 16.9189384816898 16.9765399634524 17.044589098 17.1 17.1 17.1412584959788 17.1899341491634 17.2 17.2 17.2591145074099 17.16249619 17.16249619 17.16249619 17.1769705188411 17.2363572263011 17.2484525065567 17.22499238 17.173260682 17.1102782317398 17.1577576599637 17.1417662211543 17.1149453191105 16.9703846974387 16.8790359988382 17.0144291731694 17.1460694608654 17.3985337999849 17.610648668 17.7291562642919 17.8109487865659 17.8042110005764 17.7926621897185 17.5637931911392 17.515768460003 17.416176234 17.121587736 16.5378222419999 16.4033819825718 16.401731338 16.508874178 16.6100100260016 16.6335481322812 16.5564418417172 16.525108924 16.4 16.4 16.3043318988516 16.2787618560062 16.226840262 16.0895808957218 16.149941608 16.2925586485626 16.4989181297048 16.446377748 16.5475136860108
16.708874898 16.8 16.823160578 16.930303418 17 17.044589098 17.1 17.1409998243139 17.1896826191957 17.2509482332948 17.26963903 17.26963903 17.2983571612339 17.26963903 17.26963903 17.26963903 17.292799368 17.36963903 17.36963903 17.36963903 17.3539327846897 17.3624028363604 17.3726692909881 17.3474268781611 17.3636588473485 17.377436659426 17.37855612 17.40891709 17.4204858673867 17.587329834 17.8785666255943 17.9970146838306 17.96963903 17.9075368678688 17.8867053686682 17.762655166 17.6133478089261 17.453680044 17.2150136495178 16.8885503140332 16.490124602005 16.471370368 16.578513208 16.6745019520299 16.6698085844606 16.578839223049 16.525108924 16.3689490860681 16.3663860884224 16.282251884 16.2200433705967 16.2081489638937 16.1756193583842 16.1352921662507 16.224949228 16.4298353918555 16.402694213654 16.446377748
16.708874898 16.8122987187681 16.8821593231088 16.930303418 17.0287519371374 17.0871346247395 17.1 17.158874778 17.2 17.273160458 17.3 17.3 17.3 17.37678187 17.37678187 17.37678187 17.399942208 17.47678187 17.47678187 17.47678187 17.5165024351072 17.5672333067698 17.5614538693534 17.55356374 17.6152219295996 17.6506489122773 17.5809367381542 17.65356374 17.662438158 17.801615514 18.0821011796618 18.146478932 18.0480303014156 17.9792947134151 17.9775858943387 17.7329675320924 17.5817975081538 17.5098536432 17.1928602233538 16.8811844025537 16.6640010402773 16.578513208 16.685656048 16.7644837040614 16.676840142 16.6 16.525108924 16.3896474124311 16.3887928914458 16.2370472813227 16.12321813 16.12321813 16.12321813 16.1029149391697 16.1219616247072 16.3245472994159 16.4 16.4037187963379
16.708874898 16.816017738 16.9194374479208 16.9887960723234 17.037446258 17.1 17.1434158789439 17.1933890013004 17.2 17.273160458 17.3 17.3733889177227 17.38392471 17.4014534232342 17.48392471 17.4973673487458 17.5715725114985 17.58392471 17.58392471 17.6213457797688 17.719581118 17.76784942 17.76784942 17.76784942 17.7807583694524 17.8573134263034 17.8526440060592 17.8693026418149 17.9680963775707 18.1568657393471 18.2521354278356 18.144265409162 18.0414820331875 18.0465038416505 17.8697535716842 17.503264463861 17.4535724096168 17.5657139107451 17.3975012522566 17.1628256708841 16.9617272193602 16.685656048 16.7853512598486 16.783982982 16.6574032983371 16.5415067414187 16.525108924 16.3625793330698 16.31607529 16.2876827633252 16.157040439605 16.0386009020467 16.083468995709 16.0266116865352 16.01607529 16.2163535690237 16.23215058 16.2455926144879
16.708874898 16.816017738 16.923160578 17.0275965803389 17.0944124182727 17.1406061991157 17.1956884794959 17.2536158178926 17.29106755 17.364228008 17.39106755 17.3988786325538 17.4 17.4912222437769 17.5080819336115 17.607085048 17.69106755 17.69106755 17.7251687211652 17.826723958 17.886756008058 17.89106755 17.9511879587189 17.9821351 17.9821351 18.069580998 18.254414392545 18.3554924223391 18.3658556059013 18.3689793091244 18.276839902 18.1117979807854 17.980479180603 18.055411382 17.9861373401396 17.6840900772317 17.3736886153731 17.3243998784549 17.4587109497343 17.475445470644 17.284025654 17.0628481638024 16.9659721070255 16.7548103702487 16.4926362992641 16.4116392233475 16.4111752920818 16.355411622 16.2528896471822 16.20893245 16.1370186255946 16.026840262 16.0071729876286 16.0011214317599 16 16.10893245 16.1170137279252 16.216016778
16.807085288 16.914228128 16.99862487402 17.030303418 17.1367761160222 17.1990083609567 17.2508061380644 17.2992640189146 17.3648361601065 17.3995196768724 17.4788661821487 17.49821039 17.5911065941908 17.5999112152119 17.6965796017671 17.698497040746 17.7227458582751 17.8279712592962 17.8970909176827 17.942799248 17.99821039 17.99821039 17.9993918435984 18 18.1577318928875 18.3697476354649 18.3980167090283 18.49821039 18.49821039 18.482193132 18.375050292 18.207301576 18.0363263013877 18.055411382 17.9491943333455 17.7808801530267 17.4347151266067 17.2281493002823 17.362395246 17.4876703317599 17.310823004 17.194778698198 16.982251644 16.751948946 16.476840142 16.4 16.4 16.3116212020715 16.2008638229495 16.1421795580294 16.1006081649917 15.9549897979872 15.90178961 15.987670096055 15.907104502924 15.90357922 15.9211682871182 16.117806388
