catData/variables/pastClimate/midhol_CCSM4/bio16.asc
NCOLS 409 
NROWS 350 
XLLCORNER 60.897278365 
YLLCORNER 5.843756025 
CELLSIZE 0.0892857 
NODATA_value -9999 
[rows 125 to 149 of 350, columns 280 to 335 of 409]
906.107626681572 867.883518876768 804.532390265085 755.11782177844 760.939611177442 788.30896408019 819.949023559544 851.804217496507 881.309642156135 908.110341906822 925.163731294821 932.981818989877 949.540419174115 981.202710003362 1015.17911438001 1048.11226802838 1081.4382243354 1112.37449858956 1143.81599763144 1193.41493702067 1243.10522269868 1289.25666697999 1325.27245088126 1347.42175701249 1359.70113155539 1368.81035856163 1378.01653196874 1387.34357926338 1395.38516625302 1402.14491703013 1409.01175952643 1425.67758700163 1458.00827112247 1496.98446664655 1540.06698812412 1580.65348697507 1614.22888794848 1644.22056172013 1676.90791252743 1711.04797133061 1738.42512984722 1752.40658118465 1750.156940809 1730.43859182088 1698.73498041241 1663.73513129211 1655.59710305656 1688.1955878861 1718.14879839024 1806.39217353137 1879.95494565973 1875.62673876897 1887.05371040469 1883.5136037891 1757.81185375263 1793.59098963317
949.184579513411 924.155960659492 830.774205006963 748.505182336992 759.298200700148 788.625818000001 820.979562593625 853.492132570368 883.003565700002 908.165124084644 928.849188045819 944.980779301257 963.684512700006 988.692825111971 1016.61149124229 1044.94712795859 1076.72827251897 1099.03378028917 1103.33860860483 1122.63178542255 1156.93731016813 1193.51291023637 1225.86330858 1250.84616799104 1268.73871261979 1282.76719498676 1295.11060347686 1304.64088424 1309.41247417426 1309.65044916809 1304.84634487068 1316.57652269706 1356.73433147551 1400.15522750806 1447.88731052236 1488.49542456272 1515.95092090581 1536.62249664455 1569.94969589454 1611.45168799634 1646.25166483959 1668.8804237363 1679.08364917534 1676.5755603283 1669.4314666147 1667.548457168 1729.99001658372 1796.55817745964 1858.85189727676 1981.58993561233 2009.31103286001 1924.92321837969 1913.69538672253 2055.81480114531 2047.09008063044 2120.16410309793
998.637833854148 999.972158503077 888.277423504324 805.641514315435 789.515930350354 804.399322104028 830.317672079672 860.661916920008 890.235605400003 917.427292309906 944.144748314282 968.54551057691 989.441100829647 1006.66204507578 1022.93472787555 1040.07580343619 1059.33591763062 1072.36360282639 1066.43678648626 1066.2029867537 1079.98876967142 1112.03794286 1144.07706338 1168.82116033108 1188.63390620794 1207.25422384021 1223.42320556436 1234.73400612118 1241.1313186085 1242.95240139464 1233.68258275844 1237.33556578947 1300.86092963263 1348.05288088287 1389.04234136407 1424.21708298283 1447.59342184483 1460.57510144143 1490.05676577478 1534.79778377598 1573.63210418424 1604.079069933 1622.96422788035 1638.72937800468 1654.42191236653 1692.26849788295 1754.76805512308 1991.4433534386 2093.38919426755 2272.10188235153 2325.34081719199 2125.37969516129 2063.42128575248 2149.99945771581 2244.83901184358 2628.64702269862
962.857875158484 972.631181844838 910.021291501539 851.536927810523 827.083700934256 826.718822046204 840.62555712058 865.293090472018 895.018948409788 927.79136723248 962.334214947558 995.298164189046 1018.66800716 1028.20829324894 1031.6969870344 1033.72894063761 1032.79804730451 1035.30105854367 1031.18844242202 1021.43167193589 1024.75633805988 1053.47262589665 1084.32287698977 1110.98865376 1131.40096126196 1150.32131577683 1168.63603153658 1180.48578876839 1190.8885338 1206.63037108386 1235.61473429612 1288.21036523223 1310.11300211745 1332.11573670436 1356.66052027339 1382.0696433259 1403.21069396349 1420.91412808228 1446.29127627735 1482.16232173037 1518.60787902069 1552.48367928 1579.57489644675 1608.94460240502 1638.69737721962 1691.35394922737 1819.43581877246 2164.37735749977 2374.61980858412 2605.6449541058 2608.45967872278 2439.74894434504 2402.46702246908 2362.85620440657 2427.99479372197 2919.07735268388
909.595255106993 916.298061366518 895.212174094479 869.190766063398 851.014597201652 845.350085225253 851.539025873097 869.01027627645 899.80670655547 938.591216638486 976.682649676231 1016.44505328814 1043.10026001776 1041.80027413254 1036.53992937428 1033.90738018746 1029.48652255148 1024.96908985187 1014.92728771305 1001.80435985254 1001.63960552141 1022.98847154772 1050.04874186153 1075.86546025034 1096.07890295664 1115.71632365645 1132.25490030752 1139.94237188103 1148.07688257274 1175.10992422001 1232.31052793189 1297.73272002588 1311.49684567456 1319.89741829738 1334.09009074696 1350.73524342306 1368.2252810259 1387.77804201042 1411.69614502772 1442.08193323256 1475.58577996485 1509.1463980133 1541.69157061902 1578.01239184846 1623.04703307108 1701.7035500482 1789.46352932053 2034.55094413963 2406.38370986104 2860.25174145013 2839.46474486528 2556.32643125184 2408.28002290951 2415.38422385723 2438.11377675587 2964.49379241074
871.94950418659 869.176095399716 865.514655972259 870.328297501791 863.231101641588 860.093583289441 866.533798170023 887.156241726403 919.887967886892 953.01477306455 979.515469579017 1006.37854901487 1026.08213604587 1029.05717853159 1032.14266718728 1037.89189066075 1041.18984027408 1036.81368653233 1017.44304707023 998.748373821419 995.348250860374 1007.94787367219 1028.660155443 1052.74668714524 1079.78100344476 1104.02406791028 1114.79403385531 1112.60096926765 1108.55857978103 1132.73703556002 1193.81618942462 1253.25777000195 1285.40186045788 1300.44571463848 1311.32176226932 1323.96965257439 1338.43665773234 1356.5269486303 1379.71264597651 1406.77222611241 1437.26037664832 1470.30185052633 1503.94181483987 1545.44678926398 1616.44084795684 1696.57432453267 1802.05448309996 1899.28461027353 2161.31273779582 2674.21734529582 2900.6456765698 2885.22669256434 2731.01962118473 2407.65428921191 2272.26335669766 2691.67418042566
851.206687773268 829.5087272642 824.488888146745 853.505446790109 865.663771402627 875.255683874523 891.74030963352 922.16382618228 957.760588695372 975.302843244082 973.371864782554 968.880741246793 974.144307631053 990.450819040362 1014.84543594795 1036.91317090679 1057.44825051973 1062.30526335268 1029.11187048152 997.697834525208 990.66774037009 998.962480334972 1015.77105567323 1039.56702845649 1072.2722662704 1102.21401890803 1108.51413193186 1097.34696766 1088.35089984899 1109.26680087601 1166.17600595555 1222.82344669875 1260.92509795442 1277.42053319353 1286.26455173228 1296.24250423553 1309.67571988122 1327.00126702204 1348.47489979265 1373.21017314281 1401.46905543591 1431.71773817505 1465.42725445831 1507.3777630639 1590.31541073612 1664.64957047987 1738.31421443843 1832.5836250526 1882.16838734874 1969.01339066933 2121.52902852401 2215.71379778917 2324.36656018461 2482.14223710598 2536.19314812001 2830.76094401721
849.834231645042 816.142752032545 804.859529335079 836.496362656946 865.651247399023 889.469505557871 916.948736697713 957.968298010852 1001.82346541575 1004.14383029659 964.182888738939 926.500418098627 918.798179016925 943.917164783743 985.926492861349 1024.23342924329 1061.37206903784 1080.07996577158 1030.02536655998 990.005071013344 986.712778031837 993.751946413868 1007.6272523367 1027.8562751978 1056.91298837684 1087.4370079132 1094.19447935879 1085.64726923519 1084.62683974773 1105.65416906934 1151.45939145707 1201.85413914001 1240.13985655664 1250.67468390107 1256.84354388416 1265.61602725886 1278.81334268 1296.55331188827 1316.84924151704 1339.37474756467 1365.07201193055 1393.29120529293 1424.25103247294 1461.25794821415 1510.4090957302 1572.92278740618 1642.67099871325 1714.86874111471 1769.53312723907 1830.93240709588 1855.52460738845 1897.75487700943 1944.43983645758 2081.11890955774 2452.13513752752 2880.42125662598
857.896303775252 833.344146557727 827.448729486487 845.85817855677 874.354068790615 898.8311917453 927.359902982915 971.657811561174 1015.5504599244 1009.2073348773 953.687785527483 902.839357424291 886.632930484914 910.299357547968 954.451212522437 1000.38519135505 1039.73351306004 1056.32307708736 1009.91986972523 981.63975848208 985.346938979613 992.888756126631 1003.9344970357 1018.84273159412 1037.32335888638 1056.19640914771 1063.51109696749 1065.28318420098 1073.05631070154 1095.31081783934 1131.81194794602 1171.36948632196 1204.21693859449 1212.8995332372 1220.1213981034 1230.92186679648 1245.74599369304 1264.47748504755 1285.0253426 1305.9703653808 1328.49933461876 1353.55555152174 1380.01562304661 1411.99069027148 1447.98532975634 1490.43237921515 1543.25845967147 1600.71830478029 1646.99179129348 1711.3779949245 1763.90753701842 1826.83027575324 1854.97857721787 1888.86221007447 1962.64655550521 2108.87475384684
859.32494818244 846.744696914839 845.83269760842 859.773082226354 883.921955411647 902.666486850807 926.695501721184 958.088043022763 978.100868244088 970.660088718878 938.992186297212 904.7657042478 887.128658581978 899.587612906082 934.166232498333 976.326166339764 1012.11525566758 1029.11544105235 1012.48567388545 1002.9789109021 996.634970876243 997.013665860002 1005.66375685387 1016.02481829668 1027.58395014381 1039.5481983 1044.29755419189 1047.25120271351 1055.52793227609 1076.62211192799 1101.80747315107 1130.08953522103 1152.40553206001 1165.09106758967 1177.15159953431 1191.83418123274 1210.88961169843 1231.95586009366 1253.36459810001 1273.33191421847 1293.12673042446 1313.2078562988 1334.70239778922 1360.28448550339 1389.5062435719 1427.79888383131 1473.036198288 1521.07261970036 1566.48616221857 1606.73130841533 1644.87847552484 1682.04208207863 1718.05086565987 1756.40539880896 1793.27485535831 1831.87633134082
851.08635396983 845.763751908227 847.12404726 861.805956049052 889.642518670637 904.518301646176 913.656962339129 923.013061184152 926.321933782983 920.009004838486 907.089507227614 892.809239707941 883.428885361207 891.7354425844 919.382808194085 960.415054740651 999.920736430713 1020.94766385282 1030.9607449362 1027.82189003927 1022.12203347202 1018.97498570592 1018.31040795442 1017.38865253944 1020.2215734738 1027.49476785218 1031.65183751436 1032.87499898 1038.40592659299 1053.31333712662 1069.15272865788 1089.31689049177 1104.16432656458 1116.17275364 1131.10199611043 1151.31071999376 1175.87182750972 1200.74412024445 1223.9537822 1242.96445879306 1259.26176819141 1274.77713447751 1292.10527578197 1310.38689310269 1331.04937410506 1363.55978584664 1411.55774675537 1460.9045338229 1507.68938379342 1550.61904068054 1592.35230002183 1633.5753148305 1675.26726540391 1717.76076685495 1760.61967959466 1802.97468654937
839.449257126485 840.905395211028 848.928142311774 859.318536815559 892.645259039246 902.384471373239 896.850549892375 888.800476577502 880.442554799142 873.199647915657 865.113031959997 863.237967898486 869.741633353341 881.428597694756 905.728927204253 953.613013057842 1007.04258012421 1037.78263494743 1060.54419481362 1055.39359756 1054.46602039817 1054.52203670471 1035.6193099005 1019.66635103755 1012.5733902975 1011.71427741745 1012.37325623468 1014.14670187066 1021.37534995067 1030.76129513329 1040.8615412786 1054.38720905323 1062.68073962784 1070.25816454926 1085.77104911762 1113.0231224269 1143.15685492693 1172.73329753618 1198.9413921362 1216.12387462758 1228.50765064918 1240.18259935834 1253.54059526373 1267.27526612915 1281.64551439826 1310.53578783457 1359.25170133823 1408.63287470909 1454.49481765455 1496.87171220001 1539.96285144547 1584.32552228192 1630.05507601645 1675.25660622549 1719.68978721452 1764.66021967101
827.896353621456 836.79646387688 848.602490106971 864.710952387663 890.674455528614 897.571426766082 888.860679729837 870.379681113067 851.644190502821 843.398970758864 844.426560215362 853.365563020143 868.286930372716 880.428873461934 903.723488849027 964.264724520334 1034.42134572362 1079.04074758575 1095.06780871036 1076.04718670767 1062.16071659263 1053.7917542868 1033.5250494581 1015.01858046398 1002.88418647061 995.415964796594 991.782163664958 994.285790862693 1001.57353826464 1009.19315726 1018.29770365034 1027.75900542665 1032.45609449097 1035.84745572066 1051.23724878703 1083.10221468402 1116.2158373 1147.15648271534 1173.46368005799 1189.19221742 1199.23592123266 1208.57568253 1220.44060426 1233.90669018267 1250.80340259401 1278.67651601267 1321.72962867001 1365.481378276 1408.38811560701 1447.39439375536 1487.749743354 1534.81863268001 1582.75895755034 1628.38822326 1671.80864227536 1714.1796969467
829.879165789007 845.311224664672 861.017440784408 875.746789298763 893.753230618603 902.587756817719 895.332015668479 872.080034766573 843.27633283163 833.404758354963 845.9635347594 862.865088264447 882.925135524849 904.598572721998 942.698733583063 1008.81311816912 1080.46413662756 1121.57178111539 1127.87639317541 1091.13769238561 1051.46236226627 1032.42314852703 1018.93225434439 1004.99661207345 991.725173961844 979.404985679778 971.95285987059 975.192700954724 984.417738890065 992.371515860001 1002.48948199534 1011.127293544 1017.68297454264 1023.48635829327 1040.16688115817 1067.62237746682 1097.04590164352 1124.08019354419 1147.01156727016 1161.33507902 1171.48480602193 1180.65704034 1191.82390519275 1207.41842483974 1228.54427093771 1257.06821314001 1297.3943954348 1333.45862715562 1370.0527905168 1407.35784983587 1445.8444550259 1490.40863481527 1536.20033695231 1578.68163972749 1618.09475488336 1655.85823257272
827.43823046924 851.384533417483 879.649661373534 897.564894862286 913.66278608012 926.038410222763 921.743922015321 898.631601901968 872.116368587943 859.286491932029 867.794728698143 884.899680140003 908.935975272964 943.038474618506 993.261863595951 1063.19812759667 1134.22854918 1155.93973449139 1194.13550825482 1130.80085262718 1064.21325434661 1024.13203832214 1010.57480098535 998.918497042562 982.908336927893 967.048825944592 959.575583288784 963.56776816 972.802853457637 981.462381351352 992.699151640335 1003.96828562797 1014.21180392985 1025.59901092 1041.71142395861 1062.56171456315 1085.07553182875 1106.47354832382 1124.46812571112 1137.32901670121 1146.86913763962 1155.54982934 1165.85633785184 1184.05044571146 1207.82635893227 1236.62403708927 1272.15538715645 1308.69389322143 1339.05651615585 1374.96370262001 1412.00745183979 1451.23142922579 1490.43897935384 1527.20055459197 1561.37231972004 1592.41682926514
843.569159362513 865.760957308736 896.090206520001 916.85113169329 939.744716177688 958.864310062433 953.410795613502 934.774080725173 917.599458524594 905.919388842279 903.912127648244 913.611156353623 934.12723449088 970.435677450046 1027.73143408235 1104.3448214739 1192.48802610821 1274.96588141664 1279.65343491406 1186.27279444415 1103.88528638466 1045.09080285471 1019.99270350017 1003.36046421556 982.976109792711 961.75535066615 950.751959327752 954.591140269395 963.210316845295 974.18831306006 988.524494495994 1004.13077631193 1017.78016305192 1031.70608032 1046.99970364026 1063.41236564054 1079.28033441956 1093.79916942741 1107.07926813651 1117.86948850686 1126.88893844 1134.79414011623 1143.26456612184 1164.67518013758 1190.99590847941 1218.98226016001 1253.13808717804 1285.27459929564 1314.25225395428 1344.88583358121 1378.42066525369 1412.50343427555 1445.24472556678 1474.69409558739 1501.84190416304 1526.6019167693
873.112972577684 886.881888014822 905.871735491191 926.237269560007 949.808694360009 970.322967886771 969.740306083971 956.925383581055 949.001322334169 941.520980168179 935.990354607357 938.938127206502 951.935506335047 984.125488072608 1041.18041592001 1116.66804130854 1201.59245986309 1274.01648285379 1310.41010292931 1213.7738848923 1132.64707031755 1074.9799786598 1039.67358518227 1014.98844152687 987.402998396542 958.916114287202 943.183600988682 944.558770989179 954.180217454099 968.338231746068 987.047223301307 1008.2040888959 1025.11517197361 1040.09886332 1054.87557610624 1067.94975260739 1078.0110377392 1086.2404446892 1093.83696208625 1102.54893942 1111.53165244 1122.24543053342 1137.12334728996 1155.01283385021 1178.02065386018 1203.82059365492 1238.28412846416 1264.15351883456 1294.64687240069 1319.68567632974 1346.26961406447 1374.66846653628 1401.62375890808 1425.18504763989 1447.10895060136 1463.5586781583
883.081766392717 893.960159237032 912.245476015422 926.265752017458 945.835390788226 961.459838504743 966.277624860756 964.053670462116 959.47918954041 952.242114632188 949.488700463987 952.352019009894 960.568823568618 983.585462630635 1032.99062792489 1102.16362423825 1180.78812554291 1241.41755829469 1254.81355513315 1203.85542475635 1147.30728182201 1095.95308552269 1058.19564772 1023.94643394261 988.245145154816 957.316622538016 939.684870519995 937.331282937147 948.321407499394 964.930625837362 986.809495479999 1012.20872350645 1031.60379693628 1048.86472729688 1064.64045759282 1076.3095589091 1080.48174293508 1080.67231401243 1081.90573938381 1087.30848018598 1096.85089220494 1111.97002014706 1129.94449199091 1145.68647450663 1167.32763278 1189.7369190352 1214.13336581447 1247.33493601779 1274.1185135413 1297.04280430001 1318.39119304147 1339.49485179922 1360.54762884719 1379.89175200883 1392.51610218753 1400.29153472432
892.300614745329 901.213728851702 916.792454979294 925.750189837936 934.37248841128 951.43190545207 961.031768071929 963.132693414804 961.39150365768 959.14873540037 958.400675017911 963.907987888771 967.497113189185 982.073195945295 1022.80759800532 1077.08042983095 1138.48619637632 1184.51751970357 1197.80783292576 1173.90126249901 1138.88728321576 1105.32996357196 1075.01628386786 1038.86050917999 996.557666103466 959.22017294484 939.198233193695 935.192049945116 946.266642428268 963.974584566032 985.987993279999 1010.39976077462 1035.02124452672 1057.64264453597 1077.01928596995 1086.43520084111 1082.67685484894 1073.5585308771 1068.41434281604 1070.84137019789 1081.58244394 1097.24841323259 1115.82946854 1134.56856557835 1156.49515165959 1177.10902531061 1200.08423125708 1230.38899989313 1254.84383049213 1276.56070160001 1296.44477377384 1311.6146038191 1325.62653406103 1338.43972063868 1344.81191646669 1344.99565018714
903.156694980001 913.426468494754 925.321695207994 932.673209975835 929.56651559847 944.263170020755 956.676812880936 962.070702923259 963.55278278 963.820050362323 966.164376345885 973.83475551288 980.003419310898 994.094036245608 1023.02984029834 1060.16539897742 1103.10328115689 1135.85618787819 1152.30531763258 1143.33415780211 1128.57154236343 1114.00882072468 1099.0314304095 1071.32471678983 1025.26989602077 975.100073088901 945.90947209172 938.175177272709 947.656060915926 965.574630930615 987.091320424057 1010.21170598814 1035.53999462001 1061.34862885151 1086.1144641501 1097.77646669274 1083.63532989754 1060.09785780355 1048.93305797079 1051.98569556441 1064.49864699751 1082.70614528424 1102.25499309274 1123.49997928336 1145.13896671397 1166.55748897541 1187.04163858959 1211.71551601336 1236.82276481645 1255.20951256587 1274.34510880463 1287.8539831717 1298.46877088538 1304.48207006 1305.04535465968 1300.83619837377
920.563491970226 934.785171526807 950.832389454299 954.368712794886 950.098021424232 951.804797029874 959.067673492749 965.93433034943 969.210916032549 970.577921028923 974.357232648595 982.043293576705 990.600538845299 1003.40436303879 1025.95660597057 1047.48523319868 1071.64986246384 1090.25094215987 1103.79741997484 1107.62566348695 1108.25132235459 1116.95476440092 1132.89603987843 1130.62433057524 1082.1835280013 1015.39691578623 968.079647199521 950.131084483155 955.736300708647 970.263943059817 988.08345503876 1008.55833467099 1031.20691033161 1056.57038543084 1082.43011090483 1094.86409628993 1070.15176540406 1033.47986899999 1020.63295140458 1030.05591691535 1048.39566589929 1070.00536860012 1091.27672754731 1113.9566224012 1136.27056117246 1157.43175398552 1176.64913607571 1198.05377827162 1217.78486645533 1236.10220362867 1252.18131158315 1263.77570565616 1272.1536609631 1276.0413278999 1275.67691899399 1266.00856159212
938.883235982924 958.39109295703 988.637212926553 995.005130599092 981.948388387831 968.598657864877 966.510441305728 969.533329699777 972.049205696673 975.836004606399 980.975474929872 989.134238706859 998.189660167174 1007.34075934126 1018.9958855993 1029.10935666394 1038.05341163548 1046.54461467059 1053.70487742791 1061.9839786559 1075.83764606142 1108.01090325963 1160.35193192045 1186.08588159643 1135.70628365404 1056.70563991262 998.56244454442 971.663769956078 967.933554932381 975.0176427878 987.976241358778 1004.25221752569 1022.34857956707 1042.84088267903 1058.43349350769 1059.83088277334 1034.36201217897 1001.07291352386 994.786086585919 1013.0307070495 1036.7055684721 1061.37807525129 1085.86807465283 1108.96784655082 1130.23925029889 1150.25834806 1168.47105665705 1186.72065475815 1205.43652474 1223.10445342254 1235.17183603926 1244.74581081198 1253.70774666728 1258.04940168222 1258.38356556617 1249.01904216839
965.578384053524 982.211498700251 1018.20734086141 1029.25087467016 1003.37133764298 985.501606032408 978.768979930173 975.360221972296 973.740246523445 977.813812006214 986.504583401679 995.100942404134 1001.04777227481 1004.57524896296 1007.95696299944 1009.43557170837 1008.55808155037 1005.59699115029 1004.24392592927 1009.51090660584 1029.15379574751 1075.70357012043 1134.08867302971 1164.11986108802 1130.15193962574 1068.11295304388 1018.39357633715 989.032609178493 977.478080556685 977.755563716487 985.516375398494 996.928206680405 1010.18401026302 1023.04056438452 1030.69090678131 1026.63110096292 1008.29371335047 989.697314294887 989.286581834567 1007.86849604995 1032.78270754744 1058.55770352 1083.89934506712 1106.78938964556 1126.60506193064 1145.04761101145 1162.24087884613 1177.90090287958 1194.66236636614 1212.51237267467 1223.29932234 1232.23695404373 1241.26353014 1248.20542085318 1251.0526739733 1247.7002489431
984.954626579589 1004.33683730434 1023.20927645377 1025.02412479999 985.622219108778 985.029901278933 985.583036413798 978.597645963896 972.336112950099 976.409843605255 990.703817520802 1001.99259332545 1002.3343839935 995.340281265106 988.934593366504 984.862222520727 980.190029277651 971.803789552081 960.924085892819 955.65635298 975.427244386063 1025.85169091212 1075.16207795472 1099.36340164294 1086.81440733495 1052.2249992821 1017.36383671596 992.423536070088 979.421642526551 975.836120021256 979.862764154703 987.318482235116 996.006196882858 1004.57487391386 1008.915855429 1007.43578192952 999.935999347612 993.562351554164 997.279693832698 1012.77965807414 1035.27554673546 1060.48612392 1083.76266819279 1108.48862682305 1126.61386618351 1142.27005954749 1156.74591825982 1170.55269228796 1184.73424484029 1202.30304917509 1213.17657322965 1221.51666705831 1235.29317069643 1247.30601326941 1256.56135199995 1263.51625720734
1005.7863398105 1016.84714612997 1014.75634163669 997.876501549093 971.227713007175 979.088702515955 981.268974023739 972.937782085528 966.623749082284 971.733399740966 990.727197262119 1008.87029076013 1001.09761497442 981.792893867886 967.249488094376 959.482044646953 956.603719793863 949.979768926922 933.219554283269 919.575377847093 932.749260755569 982.452896119769 1024.01015322947 1044.45941600453 1041.87412047105 1023.43618983035 1001.39321575157 983.446361527689 972.661045357367 968.878934358039 970.784473089122 975.451750957457 981.464680605207 988.979751067046 993.420185557894 995.394268117746 995.185429466606 996.985969744211 1004.78039380831 1019.55700253945 1040.84433776001 1065.47395547494 1090.76711503193 1113.69762902089 1128.93835445456 1139.52767927188 1151.19867704737 1162.79817706143 1174.40437054591 1187.11011748624 1196.7877725532 1211.08614569358 1235.00996905929 1254.37615079245 1272.29923799894 1289.0308852492
