catData/variables/pastClimate/midhol_CCSM4/bio17.asc
NCOLS 409 
NROWS 350 
XLLCORNER 60.897278365 
YLLCORNER 5.843756025 
CELLSIZE 0.0892857 
NODATA_value -9999 
[rows 270 to 296 of 350, columns 183 to 243 of 409]
6.07082168000047 8.08813026000017 10.2241892917528 11.7862048281109 11.1582157196537 8.66299241483828 7.8933477199998 7.5708204800002 8.64224888000033 9.61209368152034 10.4731257937549 10.4027386680202 9.46477731999998 9.3540590495407 10.2671891800005 12.0987534349293 14.2309822600003 16.391263860602 18.5529027800002 19.6243311800005 20.4522437638969 20.288191871662 19.0769328017191 18.7136748800003 20.9625700400005 24.4481093118342 25.6072601999998 23.5135818165049 21.0793909739813 19.0976207937831 16.3720380784516 15.0363298693129 13.2325792200002 12.3927398000002 -9999 -9999 -9999 -9999 -9999 -9999 -9999 -9999 -9999 -9999 -9999 -9999 -9999 -9999 -9999 -9999 -9999 -9999 -9999 -9999 -9999 -9999 -9999 -9999 -9999 -9999 -9999
7.10862848011648 9.15955866000011 11 10.9112630199996 9.72256125648275 8.43737165942559 8.85927546933247 8.80976995124211 9.71367728000027 10.2677983 10.2677983 10.9279624800003 10.7321249692166 11.3386175800003 12.4100459800004 13.4814743800001 15.3070452255838 17.7780373703258 20.470852653767 21.8912275357179 23.3742129800004 24.0711932000001 22.4070918701331 20.7177630857747 22.5220697433659 24.0189681775914 24.0718796934993 23.1969814199998 20.376659059999 19.3074284387759 18.2378246628672 16.4231020930403 15.150528451051 14.4115583297144 -9999 -9999 -9999 -9999 -9999 -9999 -9999 -9999 -9999 -9999 -9999 -9999 -9999 -9999 -9999 -9999 -9999 -9999 -9999 -9999 -9999 -9999 -9999 -9999 -9999 -9999 -9999
7.79149286836212 9.57089254794321 10.6666448324751 10.9714669257866 10.5726203933117 10.0176801000002 10.3207022800005 11.0176801000002 11.4635590800004 12.1931645754033 12.3569068000002 12.7931256637608 13.2658558366581 13.6151154658479 13.9596296250112 14.94587778 16.7245012216694 19.5467969987502 22.0531109191678 24.7124542400012 27.5262846800089 28.8231563204228 27.8489837008405 26.0236195774823 25.8854387166458 25.7937355979045 24.6986882974862 23.5362081199999 21.0125215233496 20.3575872162314 19.6611496199999 18.5009890399995 16.6241226549766 16.3764600245583 -9999 -9999 -9999 -9999 -9999 -9999 -9999 -9999 -9999 -9999 -9999 -9999 -9999 -9999 -9999 -9999 -9999 -9999 -9999 -9999 -9999 -9999 -9999 -9999 -9999 -9999 -9999
7.61846773051664 8.92365559990597 10.0173085800001 11.1251772733961 12.4764278301405 12.9164153668855 13.4105498763702 13.9750802403752 14.6778442800004 15.7492726800004 16.2319653000002 16.2319653000002 16.9635578800003 16.42894432 14.9984188224108 15.7671879800001 18.4523743310789 21.0875139400012 24.3017991400002 27.6111885213143 31.514334494175 35.145916889606 35.0272846569047 32.2168867117076 29.9810093899255 28.3007047182174 26.057698601473 24.6076365199999 22.3026650279826 21.05412462 20.9826962199997 19.8225356399994 17.774068661004 16.5686536057407 -9999 -9999 -9999 -9999 -9999 -9999 -9999 -9999 -9999 -9999 -9999 -9999 -9999 -9999 -9999 -9999 -9999 -9999 -9999 -9999 -9999 -9999 -9999 -9999 -9999 -9999 -9999
6.8900623906316 7.95368363224503 9.53522508000014 10.6953904600008 12.7552949669693 14.3432413200409 15.6281654931122 16.5191340261836 17.8921294800002 19.2129432323265 19.6445141946024 19.4462505 19.4724656569191 18.6790625199998 17.1547423576827 18.8220289215093 20.4981690400003 23.7124542400011 26.9267394400001 30.4842624030417 35.6003718438898 40.028049172451 39.6463931645082 36.4122520599995 32.9141482116023 29.8435068385303 26.8052294599998 25.1969814199998 22.798215520682 21.53620812 20.5006127199998 19.3404521399994 17.2748061129684 -9999 -9999 -9999 -9999 -9999 -9999 -9999 -9999 -9999 -9999 -9999 -9999 -9999 -9999 -9999 -9999 -9999 -9999 -9999 -9999 -9999 -9999 -9999 -9999 -9999 -9999 -9999 -9999
6.50219287999846 6.4223242443958 8.46379668000006 9.67307903440096 12.4089842037982 15.0166994600005 17.0242604625945 19.0631878119924 21.1064146800005 22.4088146692127 22.844160280186 22.2951269704163 20.9704860210182 19.7504909199999 19.1630806577776 21.4211025328245 24.8003196868535 26.9267394400013 30.3183288707393 34.5409506456992 38.2866725916704 41 39.8614488470381 36.8945731599994 33.0915545799994 29.4660027599986 26.6566614305529 24.7525010800485 23.1816109493486 21.5305713412529 19.9922740681449 19.4251618575426 17.7695616461183 -9999 -9999 -9999 -9999 -9999 -9999 -9999 -9999 -9999 -9999 -9999 -9999 -9999 -9999 -9999 -9999 -9999 -9999 -9999 -9999 -9999 -9999 -9999 -9999 -9999 -9999 -9999 -9999
5.95571272226944 5.37505969999995 8.01730858000014 9.26621094000114 12.580589940627 16.0881278600004 18.0416138879246 20.3573609978008 23.9067625105755 25.3704961215013 25.2498806000001 24.1771532193011 22.1617551399998 20.8219193199998 21.1714189578723 23.7327533035967 28.2780021093213 30.196478455047 34.1003914984601 37.4236017870111 38.5303207955622 39.7501193999999 38.1338434163309 34.5732641599993 31.5060920102339 28.3945743599986 26.3690795265661 24.3939628399996 23.1255530199997 21.6993648837399 19.9891861705355 19.3417798351887 -9999 -9999 -9999 -9999 -9999 -9999 -9999 -9999 -9999 -9999 -9999 -9999 -9999 -9999 -9999 -9999 -9999 -9999 -9999 -9999 -9999 -9999 -9999 -9999 -9999 -9999 -9999 -9999 -9999
8.67244534625593 7.16448079739527 9.38593967329309 9.26621094000114 12.6406615200002 16.6244622195072 19.2104060415583 21.8905397200005 25.8657571543409 27.1790613199998 25.8764143604758 23.523585268186 22.1629937877284 21.7561776959153 22.5708180800004 25.5340020400001 29.7671355062062 34.0786211358816 37.2349975814879 38 38.0920062897272 37.7821233153519 35.4378820743743 32.0553476599995 29.0198203415224 26.8498405610558 25.5720411199999 24.8159881492608 23.8219217199997 22.75049332 20.6790649199998 -9999 -9999 -9999 -9999 -9999 -9999 -9999 -9999 -9999 -9999 -9999 -9999 -9999 -9999 -9999 -9999 -9999 -9999 -9999 -9999 -9999 -9999 -9999 -9999 -9999 -9999 -9999 -9999 -9999 -9999
7.12160271845137 5.76329529915113 10.0225598525875 11.5696022400014 14.9440528200005 18.9981726400009 21.9094356600009 24.2261894811659 26.4207448644105 26.7148955199997 25.0547313399999 23.2654546458553 22.7677971000001 22.7677971000001 23.6422464800005 25.8791882235616 30.8410403651845 35.266203740001 37.8770273284286 37.0543877100506 36.2317480916729 35.2352125667039 33.4691188050813 30.2831026965397 27.1502334418367 25.5720411199995 25.0623255385924 25 24.7969508753478 23.0956813462746 21.7504933199998 -9999 -9999 -9999 -9999 -9999 -9999 -9999 -9999 -9999 -9999 -9999 -9999 -9999 -9999 -9999 -9999 -9999 -9999 -9999 -9999 -9999 -9999 -9999 -9999 -9999 -9999 -9999 -9999 -9999 -9999
6.35645970770252 5.84792658700061 8.37069196170512 11.4269854400011 15.0702657622267 20.9227256516357 25.1237208600007 26.9523291847744 27.0017509502097 26.0776046646341 25.3166105193384 24.7330879340426 24.0644798512532 23.8392255 24.7136748800004 27.5247858128595 31.0547009324368 34.2780415954648 35.4565733769719 35.2843150116761 34.6034527936191 32.9471008199999 31.8039868357885 28.6574190495061 25.1440822399997 23.6613872199995 23.9355181346056 24.8346881693099 25 23.9020519787182 -9999 -9999 -9999 -9999 -9999 -9999 -9999 -9999 -9999 -9999 -9999 -9999 -9999 -9999 -9999 -9999 -9999 -9999 -9999 -9999 -9999 -9999 -9999 -9999 -9999 -9999 -9999 -9999 -9999 -9999 -9999
8.31228343617963 6.09856885030052 8.99410389176162 13.8365552861781 16.1633566358845 23.2572252630823 25.6060443600006 27.0334556989657 26.6036295720647 26 27.0196678223797 25.9284184445273 24.9346350561881 25.6419280872191 26.6957571800004 29.6589411400001 31.931052559378 33.2588871713425 34.8541469576273 33.8784465065963 32.5726526399994 30.8042440199998 29.7328156199997 27.0632530975257 23.9118793399997 22.4291843199995 22.82093628 23.8923646800002 24.8856646526805 25.776854827422 -9999 -9999 -9999 -9999 -9999 -9999 -9999 -9999 -9999 -9999 -9999 -9999 -9999 -9999 -9999 -9999 -9999 -9999 -9999 -9999 -9999 -9999 -9999 -9999 -9999 -9999 -9999 -9999 -9999 -9999 -9999
11.0828509032894 10.859200788097 14.9280413498326 17.2964249322422 21.8592256704595 27.1640726078725 27.9571058210295 27.6143410131572 26.9920108742001 26.4740438784425 26.0210975821705 26.000349528816 25.2635981763706 27.3802863619742 30.5561764966894 30.9791730628963 33.9984668730591 35.7751374183359 34.0150479477732 33.7684086199997 32.6915508024877 31.2398951901547 29.116235922797 25.9486977799992 22.8404509399996 22.0060891192744 22.7315901800001 24.5916489139896 25.8565292800004 26.9279576800001 -9999 -9999 -9999 -9999 -9999 -9999 -9999 -9999 -9999 -9999 -9999 -9999 -9999 -9999 -9999 -9999 -9999 -9999 -9999 -9999 -9999 -9999 -9999 -9999 -9999 -9999 -9999 -9999 -9999 -9999 -9999
17.5415625199957 14.3700011610957 18.1806192626955 19.6570186083386 24.0594431184008 29.7358992947171 31.3939556399994 29.2510988399998 27.5302617236647 26.4568634000188 32.076379782217 34.8241066030656 30.5129918932112 34.4914279419656 34.1306432368761 34.095436928489 36.0179722741936 33.9112654199996 33.16016298 33.7808012368574 32.7342761194581 31.2310666557743 29.0547361399996 26.4222557115928 23.2968069305539 22.0716956810389 22.7851008800001 25.5055365263294 27.949499900026 29.9033357452137 -9999 -9999 -9999 -9999 -9999 -9999 -9999 -9999 -9999 -9999 -9999 -9999 -9999 -9999 -9999 -9999 -9999 -9999 -9999 -9999 -9999 -9999 -9999 -9999 -9999 -9999 -9999 -9999 -9999 -9999 -9999
21.0214118016094 19.5065180816032 22.064422083186 25.7274611631644 26.2605614631438 30.6551955231228 31.4318149584487 29.3292544215401 27.0525343215293 25.8750608999999 34.1914916026345 35.9571873695076 32.6865764955351 31.6480018570442 32.046508192664 36.4993358127164 37.0730205599997 34.0251181014356 33.16016298 34 33.356101421404 30.7517163599997 27.9833077399995 25.9697141772531 24.5362057199999 23.629737357295 24.1064074800002 27.3862347826639 31.4042217826434 -9999 -9999 -9999 -9999 -9999 -9999 -9999 -9999 -9999 -9999 -9999 -9999 -9999 -9999 -9999 -9999 -9999 -9999 -9999 -9999 -9999 -9999 -9999 -9999 -9999 -9999 -9999 -9999 -9999 -9999 -9999 -9999
26.241880239088 24.407437572493 30.1924291045018 30.8748012167599 29.9752448142289 32.0909549831884 32.0302091120687 30.146545684268 27.0550980599995 25.1895702861157 25.7043443532792 26.1963675000001 26.784299074047 27.8030209800002 32.0288200227472 39.8199874352502 36.7766732026014 34.0893346029136 32.9323446760248 33.6072649999998 32.8172121332975 29.9501849129859 27.3046143399997 26.1963675000001 25.8388503239944 26.1196299616664 27.2679857146715 28.8797661579842 30.6018355253102 -9999 -9999 -9999 -9999 -9999 -9999 -9999 -9999 -9999 -9999 -9999 -9999 -9999 -9999 -9999 -9999 -9999 -9999 -9999 -9999 -9999 -9999 -9999 -9999 -9999 -9999 -9999 -9999 -9999 -9999 -9999 -9999
29.4516497428628 30.4669789140953 34.409079380276 31.3090060811554 31.7322041 32.1333717952508 33.182956229652 31.7866906399998 29.078550297259 26.0946483445958 26.4927936161346 27.5355918 27.3396743066055 28.0708168800002 30.6569700812794 32.3851511772298 31.4517365440486 30.8209386800004 31.7322041 31.7322041 31.5103317747027 30.3513793273663 28.4954466600296 27.5355918 27.966664794643 28.4445845180208 29.8028553093159 30.2677959 30.5019692160115 -9999 -9999 -9999 -9999 -9999 -9999 -9999 -9999 -9999 -9999 -9999 -9999 -9999 -9999 -9999 -9999 -9999 -9999 -9999 -9999 -9999 -9999 -9999 -9999 -9999 -9999 -9999 -9999 -9999 -9999 -9999 -9999
30.0425890070456 32.2126259019445 32.9768199290653 31.5720387199996 30.6607756999999 30.9709317179051 32.5032518731055 33.0388972758849 30.216484079999 26.6235610938649 26.6956000057226 27.8670465318454 28.2434304433428 28.8698410501743 30.4522642811846 30.9816404278061 30 30.0887345800004 31 31 31.1027916727568 31.3458418852405 30.7597684492631 30.0176729000002 30.0176729000002 30.4538917622932 31.4100387800002 32.2232554313754 33.2313441800006 -9999 -9999 -9999 -9999 -9999 -9999 -9999 -9999 -9999 -9999 -9999 -9999 -9999 -9999 -9999 -9999 -9999 -9999 -9999 -9999 -9999 -9999 -9999 -9999 -9999 -9999 -9999 -9999 -9999 -9999 -9999 -9999
29.6633388044765 31.2617030906193 30.9192271551095 29.3050923004263 28.8995865914869 29.95743024894 31.4817167800001 31.8042440199997 29.5782800870092 26.5547325399995 25.0006115199999 27.1471989007235 32.4612767496632 30.6302050640629 31.4139447778216 32.2000613157733 29.5964541295437 30.0887345800003 31.0657713601771 31.505756325494 32.1243251800004 33.7239699161275 34.7064057828876 33.6283981264793 33.2319581000002 33.2319581000002 34.2639777627109 35.9188862119734 36.7473110666565 38.8820789826789 -9999 -9999 -9999 -9999 -9999 -9999 -9999 -9999 -9999 -9999 -9999 -9999 -9999 -9999 -9999 -9999 -9999 -9999 -9999 -9999 -9999 -9999 -9999 -9999 -9999 -9999 -9999 -9999 -9999 -9999 -9999
27.5537567 27.0977657423573 26.5364481199998 25.5537567 25.8740874600001 27.7853504800001 28.7106976141413 28.8777405675019 27.64601941829 25.7326882507882 24.41126422 28.326555417777 39.9595855657473 33.0574682758282 32.2981560019912 35.2896955038878 32.3585019508352 31.577755143935 33.0884873800001 34.1599157800004 35.2313441800003 36.6906401589854 38.1791108721508 37.1622503862057 35.9641622 35.9641622 37.4273425600002 39.1543008603672 39.0246889379898 39.4540489363467 -9999 -9999 -9999 -9999 -9999 -9999 -9999 -9999 -9999 -9999 -9999 -9999 -9999 -9999 -9999 -9999 -9999 -9999 -9999 -9999 -9999 -9999 -9999 -9999 -9999 -9999 -9999 -9999 -9999 -9999 -9999
24.3394714999997 23.9171449854915 24.4291819199998 23.4464904999999 23.6781682005989 25.252764137371 26.4464904999999 26.2392285466893 25.4471020199996 24.3756736199996 23.9559869144397 27.6662280451914 37.9411489284055 30.8369572667726 29.2139208800001 32.3969764946548 34.3354486351933 34.2844881600009 36.3558337109786 38.0203079089489 39.5170577800006 40.3812255551127 40.6128112342851 39.0015945599996 37.2276399812028 37.3654058167672 39.4216319747371 42.1575345727073 41.3020668093234 40.583467991354 -9999 -9999 -9999 -9999 -9999 -9999 -9999 -9999 -9999 -9999 -9999 -9999 -9999 -9999 -9999 -9999 -9999 -9999 -9999 -9999 -9999 -9999 -9999 -9999 -9999 -9999 -9999 -9999 -9999 -9999 -9999
21.7501242 22.3412405733408 23.3685703076371 23.0554551019338 23.6850098637701 24.318455829474 25.3750621 25.0006115199999 24.2078297934152 23.8059776077116 23.8457503779919 25.4856153821741 28.6283210763954 27.4925943387651 27.8744493800004 28.94587778 31.8063671355728 35.1774691600007 37.520509792758 40.7130585600007 42.3635270350285 43.0929516185362 42.8716467728708 39.7497394721387 37.4112666199999 38.0727218964542 40.8197084400003 44.0339936400006 42.8760439399994 40.4968357727222 -9999 -9999 -9999 -9999 -9999 -9999 -9999 -9999 -9999 -9999 -9999 -9999 -9999 -9999 -9999 -9999 -9999 -9999 -9999 -9999 -9999 -9999 -9999 -9999 -9999 -9999 -9999 -9999 -9999 -9999 -9999
20.9125724505673 21.94588018 22.3156868118129 23.0887369800004 24 24.0703196763184 24.3036337 24.1899378849274 24 24 24 24.4597160874194 25.4279588800001 26.7432115113353 27.8744493800004 29.6045551899109 31.0571732794666 34.4811028600007 36.9442856200001 40.9280888924034 43.4220255260512 44.8808758663518 44.3587365599994 40.9873801348937 38.3940251344827 38.5569754438606 41.7042252867632 43.9870318852286 42.5547397399993 39.46600756 -9999 -9999 -9999 -9999 -9999 -9999 -9999 -9999 -9999 -9999 -9999 -9999 -9999 -9999 -9999 -9999 -9999 -9999 -9999 -9999 -9999 -9999 -9999 -9999 -9999 -9999 -9999 -9999 -9999 -9999 -9999
21.0672422958207 21.2196383909609 22.0040191440115 22.3209422800003 23.3551794298874 24.1778164768371 24.7677947000001 24.4802935292641 24 24 24 25.1670347385345 26.4993872800002 26.9542604275673 27.8744493800004 29.89175556 31.8064256467191 34.1093392197697 35.6269126456395 38.7470193082606 43.3035588221592 46.429742208029 46.5403013349779 44.1486531819276 41.4416856711229 40.9635458800008 43.1063226944483 43.3377064605488 40.8119155833239 38.3530225636244 -9999 -9999 -9999 -9999 -9999 -9999 -9999 -9999 -9999 -9999 -9999 -9999 -9999 -9999 -9999 -9999 -9999 -9999 -9999 -9999 -9999 -9999 -9999 -9999 -9999 -9999 -9999 -9999 -9999 -9999 -9999
20.2863251199996 20.1607769 21.1753026601643 22.0887369800004 23.2945798667164 24.8764580300077 25.2543032132686 25.4647725199999 24.4650311601794 24 24 24.7663033303518 26.5063388729248 28.3478275124017 30.2867536994773 31.6156223772473 32.8738354600002 34.7045533520851 33.7762922325809 37.3187338000017 42.6271572191342 47.0631419224092 47.9474699399996 46.672881717922 45.739626464474 44.7482312489735 45.3668822812109 44.2015158779344 40.4820260546575 37.3144487713828 -9999 -9999 -9999 -9999 -9999 -9999 -9999 -9999 -9999 -9999 -9999 -9999 -9999 -9999 -9999 -9999 -9999 -9999 -9999 -9999 -9999 -9999 -9999 -9999 -9999 -9999 -9999 -9999 -9999 -9999 -9999
19.3292273948645 19.9507157047373 21.0173085800001 22.1695454439432 24.085127416455 25 25.0270745772497 25.0558919023528 24.148080658044 22.1471750168834 22.3403117423212 23.7495126800003 26.8849854207322 29.5166934600005 32.4558688995722 33.7671807800001 33.9137440624475 34.0734918967576 34.2452877820186 37.1579569000017 42.5150989000013 47.4643363367896 49.8309746927838 49.7319545000001 48.6070901844028 46.5599639047996 45.9760179851977 44.3939628399996 40.5022120799987 36.3010110263899 -9999 -9999 -9999 -9999 -9999 -9999 -9999 -9999 -9999 -9999 -9999 -9999 -9999 -9999 -9999 -9999 -9999 -9999 -9999 -9999 -9999 -9999 -9999 -9999 -9999 -9999 -9999 -9999 -9999 -9999 -9999
20.1098779566569 20.9279600800002 21.0173085800001 22.1774739600008 24.1601653800001 25 25 25 23.6703532559087 20.9833053399995 20.617206084051 22.9926723237568 26.2078879521931 30.9898543512102 34.5875079400013 36.838965135595 35.9471637484764 35.0692243474534 36.1271929166182 38.1400368000018 43.4971788000014 48.8476106511702 52.4020462270993 52.9462397000004 50.6124065020855 47.6617563399992 46.9820799000001 45.3760427399997 42.343068782673 40.0385086772063 -9999 -9999 -9999 -9999 -9999 -9999 -9999 -9999 -9999 -9999 -9999 -9999 -9999 -9999 -9999 -9999 -9999 -9999 -9999 -9999 -9999 -9999 -9999 -9999 -9999 -9999 -9999 -9999 -9999 -9999 -9999
22.2325648199996 21.2117488604354 22.1951420600003 24.3332506950538 26.1155867772026 26.1481327105416 26.0908023982859 25.6790577199999 23.7158713599993 21.5362009199998 19.907538990737 21.7123490570085 28.1355100847523 33.2120839200009 35.7488987600007 37.8411432479845 37.0009260242713 37.1422428800003 38.21367128 39.5290831210391 43.2281550600018 50.3537056800005 54.5767512778058 55.7055099900615 55.0995706846338 52.3405644599986 50.5503134731714 49.4215547609156 46.6842726026789 45.37517442 -9999 -9999 -9999 -9999 -9999 -9999 -9999 -9999 -9999 -9999 -9999 -9999 -9999 -9999 -9999 -9999 -9999 -9999 -9999 -9999 -9999 -9999 -9999 -9999 -9999 -9999 -9999 -9999 -9999 -9999 -9999
