catData/variables/pastClimate/midhol_CCSM4/bio17.asc
NCOLS 409 
NROWS 350 
XLLCORNER 60.897278365 
YLLCORNER 5.843756025 
CELLSIZE 0.0892857 
NODATA_value -9999 
[rows 243 to 269 of 350, columns 122 to 182 of 409]
-9999 -9999 -9999 -9999 -9999 -9999 -9999 -9999 -9999 -9999 -9999 -9999 -9999 -9999 -9999 -9999 -9999 -9999 -9999 -9999 -9999 -9999 -9999 0.117277866540983 0.794220360407094 1 1 1.89177236000036 3.51731458000012 4.43107578485283 4.7321969 4.7321969 4.9472503359914 5 5.6925740501125 5.74487370316466 6.51192444756711 7.16017017999995 7.76840141999983 7 7 7.32647472147639 7.21488471999992 6.30112287241976 4.67966203999973 3.46432666631582 2.46477731999989 2.03362155978793 2 2.00463593410808 2.2678031 2.38507745199594 3 3 3.37445297999997 4.56528979579662 5.64657571725584 5.4112618199998 3.85646149663982 3.2678031 3.2678031
-9999 -9999 -9999 -9999 -9999 -9999 -9999 -9999 -9999 -9999 -9999 -9999 -9999 -9999 -9999 -9999 -9999 -9999 -9999 -9999 -9999 -9999 -9999 0 0.231600980000197 1 1 1.89177236000036 3.51731458000012 3.80027983578006 3.66076849999993 3.90895019076903 4.25820327191259 4.61818021731824 4.66076849999993 4.66076849999993 4.83825206000018 6.82093867999987 7.42916991999976 6.66076849999993 6.53374143975943 6.32153699999985 5.9797134067895 5.66076849999993 4.56438065333862 4 3.19697421999989 2.42218822316246 2.33923150000007 2.35067005028831 3 3 3 3 3.37445297999997 4.74050575064095 5.66076849999993 5.07203031999973 4.0006019199996 3.66076849999993 3.66076849999993
-9999 -9999 -9999 -9999 -9999 -9999 -9999 -9999 -9999 -9999 -9999 -9999 -9999 -9999 -9999 -9999 -9999 -9999 -9999 -9999 -9999 -9999 -9999 0.0657764556855372 0.547151644713443 1 1 1.89177236000036 3.30487422630871 3.24237025329244 2.72889408710625 3.32093987999989 2.78631191999982 3.46379668000011 3.58934009999996 3.58934009999996 3.73038096949953 5.33885037999987 5.94708161999976 5.17868019999993 4.9579986289052 4.58934009999996 4.58934009999996 4.58934009999996 4.20027604730981 3.69956229308888 3.11608480651215 3 3 3 3 3 3 3 3.06690733335696 3.80766718292299 4.58934009999996 3.75883075787468 2.5185136199996 2.47911692132731 2.58934009999996
-9999 -9999 -9999 -9999 -9999 -9999 -9999 -9999 -9999 -9999 -9999 -9999 -9999 -9999 -9999 -9999 -9999 -9999 -9999 -9999 -9999 -9999 -9999 -9999 1 1 1.18052171458199 2.15890414949059 3 3 2.33982861999984 2.37890408577938 2.10201401014822 2.45289129392405 2.51791169999999 2.51791169999999 2.60665348000011 3.60086571021306 3.8042248199998 3.18190916164236 3.51791169999999 3.51791169999999 3.51791169999999 3.80173664535323 4 3.26840261999993 3 3 3 2.99165457908039 2.51791169999999 2.595126712775 3 3.14608460463057 2.92711591944192 2.46185436702856 3.03582339999997 2.42599461668237 1.33983341999967 1.73159498000013 2
-9999 -9999 -9999 -9999 -9999 -9999 -9999 -9999 -9999 -9999 -9999 -9999 -9999 -9999 -9999 -9999 -9999 -9999 -9999 -9999 -9999 -9999 -9999 -9999 -9999 1 1.16718914532505 1.64556403307074 2.17930885918341 2.44648329999991 1.78631191999975 1.85143599594626 2 2 2 2 2.03962172278232 2.44648329999991 2.21488471999974 1.91724077398067 3 3 3 3.58874058000006 3.6345854447479 3.11983728750619 3 3 2.47643819573088 2.4387542365232 2 2.16016778000009 3 3.13529541445963 2.90484331779475 1.75319720995076 1.44648329999991 1.77235971455768 1.7052466468118 1.88016164093392 2
-9999 -9999 -9999 -9999 -9999 -9999 -9999 -9999 -9999 -9999 -9999 -9999 -9999 -9999 -9999 -9999 -9999 -9999 -9999 -9999 -9999 -9999 -9999 -9999 -9999 1 1 1 1.19402136807048 1.37505489999998 1.12745438909117 1.27439008232788 1.876903426253 2 2 2 2 2 1.9131378177379 2.04162383368136 3 3 3 3.22081003935785 3.12745528922294 3 3 2.45351414503421 2.02029700354639 2 2 2.16016778000009 3 3 2.62554702000003 1.55411861999973 1.32329021219323 1.84575423922616 2 2 2.5018455265165
-9999 -9999 -9999 -9999 -9999 -9999 -9999 -9999 -9999 -9999 -9999 -9999 -9999 -9999 -9999 -9999 -9999 -9999 -9999 -9999 -9999 -9999 -9999 -9999 -9999 1 1 1 1 1.40998500958311 1.23664764550947 1 1.24382063569479 1.91257488921273 2 2 2 2 2.16127911374976 2.99940048000014 3.69637350000003 3.38587185152808 2.63975750662069 2.30362649999997 2.30362649999997 2.30362649999997 2.30362649999997 2.0381190379161 2 2.01205490773115 2.69637350000003 2.74500468245422 2.83872255754661 2.30362649999997 2.18993265226802 1.86461859717536 1.85344245791725 2 2.45972251189788 3.20583685680518 3.63656617828763
-9999 -9999 -9999 -9999 -9999 -9999 -9999 -9999 -9999 -9999 -9999 -9999 -9999 -9999 -9999 -9999 -9999 -9999 -9999 -9999 -9999 -9999 -9999 -9999 -9999 -9999 1 0.657647743812072 0.629393217421738 0.684667022688502 0.817986499779256 1 1 1.20304715640844 1.95845038482539 2 2.06813610729349 2.76780190000011 2.82157865023882 3.30302698000011 3.71249244777074 3.12866473346309 2.48268781999991 2 2 2 2 2 2 2.01731098000017 3 3.12297712580287 3.53620571999989 2.76780190000011 3.05530760950479 3.53560380000022 3.13841236802741 2.76780190000011 3.42796848000044 4.49939688000024 4.76780190000011
-9999 -9999 -9999 -9999 -9999 -9999 -9999 -9999 -9999 -9999 -9999 -9999 -9999 -9999 -9999 -9999 -9999 -9999 -9999 -9999 -9999 -9999 -9999 -9999 -9999 -9999 -9999 0.554113819999821 0.0831685098322441 0.560208615456645 0.945365854711212 1 1 1 1.94588497999991 2 2.08874178000012 3 3.19436454577312 3.88794785666652 3.62554462 3 2.48268781999991 2 2 2 2 2 2 2.01731098000017 3.07447277649956 3.86498042594028 3.76840381999978 3 3.0602006932587 3.1607697 3.0776019618623 3.49408691942302 4.49939688000033 5.57082528000013 5.8392303
-9999 -9999 -9999 -9999 -9999 -9999 -9999 -9999 -9999 -9999 -9999 -9999 -9999 -9999 -9999 -9999 -9999 -9999 -9999 -9999 -9999 -9999 -9999 -9999 -9999 -9999 -9999 -9999 0.910658700000051 0.963257763199102 1 1 1 1 1.94588497999991 2 2.08874178000012 3.14586036789752 3.93135001821541 4 3.62554462 2.59395205655395 2.04312395733293 2 2 2 2 2 2 2.03307537454284 3.91858679157048 3.85414181768323 3.06865019620371 3 2.65900113602208 2.08934129999995 2.56043395175227 3.5887381800002 4.66016658000033 5.73159498000013 5.26871977269948
-9999 -9999 -9999 -9999 -9999 -9999 -9999 -9999 -9999 -9999 -9999 -9999 -9999 -9999 -9999 -9999 -9999 -9999 -9999 -9999 -9999 -9999 -9999 -9999 -9999 -9999 -9999 -9999 -9999 1 1 1 1 1 1.94588497999991 2.01700324715558 3.07082888000021 3.98495621241739 4.2274499777965 4.98208710000009 4.60763172000008 3.09830661156251 2 2 2 2 2 2 2 2.03462196000033 4 3.99713093057365 3.75463947921257 3 2.99329246121459 2.98208710000009 2.99135361835821 3.01054600814448 3.67807948000024 4.74950788000005 5.00352842249638
-9999 -9999 -9999 -9999 -9999 -9999 -9999 -9999 -9999 -9999 -9999 -9999 -9999 -9999 -9999 -9999 -9999 -9999 -9999 -9999 -9999 -9999 -9999 -9999 -9999 -9999 -9999 -9999 -9999 1.05351549999999 1.0181860985136 1 1 1 1.94588497999991 2.01823991418759 3.22150093854505 4.94648450000001 5.19047719380817 5.69697301999989 4.62554462 3.55411621999985 2.5103720399687 2.022008753491 2 2 2 2 2 2.06990007424996 3.08873938000041 4 4 3.71319193191069 3.05351549999999 3.02965393500859 3 3 3.62483743538833 3.9856361711522 4
-9999 -9999 -9999 -9999 -9999 -9999 -9999 -9999 -9999 -9999 -9999 -9999 -9999 -9999 -9999 -9999 -9999 -9999 -9999 -9999 -9999 -9999 -9999 -9999 -9999 -9999 -9999 -9999 -9999 2 1.42231300688549 1.03353497024769 1 1 1.94588497999991 2.03246355878097 3.87505609999993 3.87505609999993 4.30931643018057 5.48494659268621 4.54738663555314 3.55411621999985 3 2.48481896415345 2.04245981297978 2 2 2 2.11818225848731 3 3.08873938000041 4 4 4 4 3.55411861999973 3 3 3 3.73159498000013 4
-9999 -9999 -9999 -9999 -9999 -9999 -9999 -9999 -9999 -9999 -9999 -9999 -9999 -9999 -9999 -9999 -9999 -9999 -9999 -9999 -9999 -9999 -9999 -9999 -9999 -9999 -9999 -9999 -9999 2 2 1.26840022000007 1 1 1.76013937094181 2.01731338000019 2.98257357255528 2.80362769999993 3.0352262800001 3.80362769999993 3.87716036421793 3.55411621999985 3 3 2.33983101999987 2 2 2.17171857857136 2.95650974223539 3.19977169695796 3.46405802384929 4.16491978465555 4 4 3.85293561415105 3.24893277211744 2.80362769999993 2.80362769999993 2.93326612969777 3.73159498000013 4.15769154808445
-9999 -9999 -9999 -9999 -9999 -9999 -9999 -9999 -9999 -9999 -9999 -9999 -9999 -9999 -9999 -9999 -9999 -9999 -9999 -9999 -9999 -9999 -9999 -9999 -9999 -9999 -9999 -9999 -9999 -9999 2.09100634231599 1.46432315320391 1.05274919127624 1 1 2.01267684471677 2.66722263080315 2 2.16957631815712 2.81335013736291 3.37445538 3.67352420840254 3.12926413607746 3 2.33983101999987 2 2 2.87445418000041 3.25330801704179 4.28047578743845 5 4.83983221999991 4 4 3.25109404000006 2 1.86146407879909 1.88986379672077 2.66016658000033 3.73159498000013 5.01807360328048
-9999 -9999 -9999 -9999 -9999 -9999 -9999 -9999 -9999 -9999 -9999 -9999 -9999 -9999 -9999 -9999 -9999 -9999 -9999 -9999 -9999 -9999 -9999 -9999 -9999 -9999 -9999 -9999 -9999 -9999 2.33982861999984 2 1.46938234677602 1.33922910000009 1.33922910000009 2.00587320231542 2.36933289416194 2.62412381399194 2.33922910000009 2.53946051029901 3.37445538 4 3.65817516524043 3.33922910000009 2.45511159106653 2 2 2.87445418000041 3.9458825799999 5 5 4.83983221999991 4 3.89720524444859 3.16591563479545 2.33922910000009 1.99740585109058 2.06747925706322 2.99939568000042 4.31900238663025 6.01209606152388
-9999 -9999 -9999 -9999 -9999 -9999 -9999 -9999 -9999 -9999 -9999 -9999 -9999 -9999 -9999 -9999 -9999 -9999 -9999 -9999 -9999 -9999 -9999 -9999 -9999 -9999 -9999 -9999 -9999 -9999 2 2.30043693665536 2.0808879551716 2 2 2.42797088000024 3.46295680247977 3.97137999138673 3.8213150000001 3.8213150000001 4.04199746978774 4.59376301838549 4.60887687344169 4.41065750000005 3.09031953999979 2.11022154892264 2 2.87445418000041 3.9458825799999 5 4.96355850805748 4.42917471999986 3.58934249999995 3.53519655292262 3.25688557536569 3 3 3.24176974915346 4.07082408000038 5.87384746000032 6.88391330632771
-9999 -9999 -9999 -9999 -9999 -9999 -9999 -9999 -9999 -9999 -9999 -9999 -9999 -9999 -9999 -9999 -9999 -9999 -9999 -9999 -9999 -9999 -9999 -9999 -9999 -9999 -9999 -9999 -9999 -9999 -9999 3 2.19697181999986 2 1.54400218812023 3.01731338000019 4.04278116087896 4.64225607999997 5.48208590000003 5.62817093437767 5.96417180000006 6.19510129662342 5.71538481212362 5.28382353237587 4.16174793999976 2.75048851999996 2.48208590000003 2.93497804962616 3.9458825799999 5 4.95404062387253 4.24470349162759 3 3.15694070262873 3.50449812374196 3.48208590000003 3.48208590000003 4.35464645537 5.62433838000039 7.07467013563146 7.86921214886843
-9999 -9999 -9999 -9999 -9999 -9999 -9999 -9999 -9999 -9999 -9999 -9999 -9999 -9999 -9999 -9999 -9999 -9999 -9999 -9999 -9999 -9999 -9999 -9999 -9999 -9999 -9999 -9999 -9999 -9999 -9999 -9999 2.19697181999986 2 1.57767588258531 1.92945118682294 4.13786162423765 5.71368448000001 6.68170742588986 7.24232581328434 7.55351430000006 7.3067112516319 6.25171532919408 5.49050221995939 4.4915607108462 3.67335223167255 3.1090280475013 3.48402289332506 4.49939687999996 5 4.95088148419663 4.30346045325839 3.55351430000006 3.55351430000006 3.72070220089241 4.24680171993391 4.55351430000006 5.07924065682822 6.47206392241258 7.73159498000013 8.80302338000008
-9999 -9999 -9999 -9999 -9999 -9999 -9999 -9999 -9999 -9999 -9999 -9999 -9999 -9999 -9999 -9999 -9999 -9999 -9999 -9999 -9999 -9999 -9999 -9999 -9999 -9999 -9999 -9999 -9999 -9999 -9999 -9999 2.69881841898526 2.07845744386195 2 1.6768828400006 4.80242626000028 6.68501569525132 7.23159858000017 8.18937449905412 8.62494270000003 8.17905891999988 7.10763051999995 6.03620211999998 4.9647737199999 4.16773625802984 3.19697421999989 3.32797042372464 3.72981746657173 3.75011459999993 3.77228927546709 4 4 4 4 4.16723106650316 4.37505729999997 4.7429849278024 5.90776687504547 7.1066522800001 8.17808068000005
-9999 -9999 -9999 -9999 -9999 -9999 -9999 -9999 -9999 -9999 -9999 -9999 -9999 -9999 -9999 -9999 -9999 -9999 -9999 -9999 -9999 -9999 -9999 -9999 -9999 -9999 -9999 -9999 -9999 -9999 -9999 -9999 3 2.12554341999986 2 2.05194014000056 5.17748356000025 7.11153788443377 7.92796968000022 8.99939808000015 9.95713100487158 9.94685841999994 8.87543002 8.21398354530934 7.42894432000001 5.84805264773227 4.03051247425291 3.08742648077352 2.34131470729459 2.30362889999995 2.39236828000036 3.41516511314318 4 4 3.73924176641912 3.30362889999995 3.30362889999995 3.89236708000015 4.96379548000028 6.54468548097729 7.24382110554367
-9999 -9999 -9999 -9999 -9999 -9999 -9999 -9999 -9999 -9999 -9999 -9999 -9999 -9999 -9999 -9999 -9999 -9999 -9999 -9999 -9999 -9999 -9999 -9999 -9999 -9999 -9999 -9999 -9999 -9999 -9999 -9999 2.28494945490999 2.02915124489567 2 2.77986002647828 3.77815634862651 7.28314876411883 8.99939808000025 10.0708264800002 10.8547482264637 10.8964655633421 10.25048732 9.76779950000008 9.61450793275962 6.94896403486918 4.39394843999978 3.12554581999959 2.78036559198281 2 2.08873938000041 3.0371910385999 3.23220049999992 3.4648626210119 3.62554702000003 3 2.60280980957068 2.82093868000012 4.39924265004126 5.90147170015359 6.84876144965236
-9999 -9999 -9999 -9999 -9999 -9999 -9999 -9999 -9999 -9999 -9999 -9999 -9999 -9999 -9999 -9999 -9999 -9999 -9999 -9999 -9999 -9999 -9999 -9999 -9999 -9999 -9999 -9999 -9999 -9999 -9999 -9999 2 2 2.79381306540688 3.01452987153946 4.26866959767228 8.72995759239197 9.4259625699367 10.6336374878624 10.1607721 10.1607721 10.9458883633976 11.6784558 11.6784558 7.52411241427381 4.39394843999978 3.85941216512757 3.0454168487401 2.83922790000002 2.85349471647538 3 3 3.04871789807826 3.10057050805414 2.62580390581326 2.07760312031882 2.5887381800002 3.76630294741679 4.89236708000012 5.28987585515168
-9999 -9999 -9999 -9999 -9999 -9999 -9999 -9999 -9999 -9999 -9999 -9999 -9999 -9999 -9999 -9999 -9999 -9999 -9999 -9999 -9999 -9999 -9999 -9999 -9999 -9999 -9999 -9999 -9999 -9999 -9999 -9999 -9999 2 2.94588497999991 3.92796968000025 5.11192541690969 7.76212733395625 10.862696348104 10.6969730199999 9.65899984913408 9.49539057332492 11.0346243600002 13.0722806364855 13.2201255592984 10.5197733094815 5.84273218314134 4.1143290919213 3.91549135053732 3 3 3 3 3 3 2.55411861999973 2.47109141020885 3.49939448000026 3.9696380248736 4.06536340241459 3.35806539995551
-9999 -9999 -9999 -9999 -9999 -9999 -9999 -9999 -9999 -9999 -9999 -9999 -9999 -9999 -9999 -9999 -9999 -9999 -9999 -9999 -9999 -9999 -9999 -9999 -9999 -9999 -9999 -9999 -9999 -9999 -9999 -9999 -9999 2.85879042803255 3.92796968000001 4.98239487439681 5.09033161561135 6.50129533682547 9.26328002195971 9.71488831999979 9.37895371906134 9.55217720336753 10.0525396600001 11.6172033441128 12.0240034746725 9.82312315999969 5.7914257322431 3.26675774897005 3.0179152999999 2.98299915139983 2.0179152999999 2.17521362617097 3 3 2.63225545747258 1.57203391999963 1.02718305990149 1.62456878 2.68417009766952 2.29942706354489 2.02144419524016
-9999 -9999 -9999 -9999 -9999 -9999 -9999 -9999 -9999 -9999 -9999 -9999 -9999 -9999 -9999 -9999 -9999 -9999 -9999 -9999 -9999 -9999 -9999 -9999 -9999 -9999 -9999 -9999 -9999 -9999 -9999 -9999 -9999 3.10956659241114 3.94878084247668 4.07082648000019 5.13750603225281 6.31176915714054 8.38489694405751 9.2820544792501 8.70883422360904 9.49481126661489 8.97231702158043 9.50372214646844 9.89297379999999 8.50807912751122 5.6338950588674 5.05351310000001 4.2088647381837 3.08971521999985 2.09752876136821 2 2.20680932092028 2.909189584652 2.59207205976406 2.0238604948761 2.05351310000001 2.02200789489983 2.03532756021222 2.74595816467589 2.32589343130878
-9999 -9999 -9999 -9999 -9999 -9999 -9999 -9999 -9999 -9999 -9999 -9999 -9999 -9999 -9999 -9999 -9999 -9999 -9999 -9999 -9999 -9999 -9999 -9999 -9999 -9999 -9999 -9999 -9999 -9999 -9999 -9999 -9999 4 4 5.01731338000019 6 6.14015827745548 6.93293104796616 7.42796848000015 8.07815648313976 8.39017439170124 8.42238007973737 7.9264418688239 7.87505849999996 7.87505849999996 6.36933818549165 6.10925561693056 6.95264409163084 5.23040916019222 3.94746273999923 2.10492989731515 1.79733979412329 1.42796608000036 2.12494150000004 2.51511379156099 3 2.48481965131632 2.70262587724523 3.09140657419372 4.63065731436789
