catData/variables/pastClimate/midhol_CCSM4/bio17.asc
NCOLS 409 
NROWS 350 
XLLCORNER 60.897278365 
YLLCORNER 5.843756025 
CELLSIZE 0.0892857 
NODATA_value -9999 
[rows 108 to 134 of 350, columns 122 to 182 of 409]
4 4.58874778000014 5 5 5 5 5 4.38585422736842 5 5 5 5.30303177999999 6 6.27866658454299 6.81897895259466 7 7 6.54277124400741 6.57573891771018 6.95291823828254 7.94588737999994 8 8 8 7.85525654397017 7.26138551889219 7.14043323824542 7.37503090000003 7.69833652747957 8.58874298000008 9.24758466679572 9.83225815606676 10 10 9.40885111534597 9.37503090000003 9.31957002962096 8.75006180000006 8.66320517610387 8.5644133989664 9.14043233817125 9.37503090000003 9.37503090000003 9.74297557041612 10.6601689800001 11.2743716238591 11.0738714190034 11 11.5911473847282 12.6314612524093 13.033280009547 13.4150629466312 13.4802286438218 13.1136435809596 13.3750309 13.3750309 13.698333527628 13.7792049904901 13.2123853866471 13 13
4 4.58874778000014 5 5 5 5 5 4.01731818000024 5 5 5 5.09200120598744 5.82514876640318 6.83177038760952 7 7 6.54025663004231 6.59097217829309 6.9401995916645 7 7.94588737999994 7.9879413340973 7.30360249999999 7.30360249999999 7.23328786346948 7 7 7 7.15705799977448 7.89234548000007 8.30360249999998 8.5257180222074 8.60720499999997 7.99823562382931 8.28234639071905 8.98794300545132 8.21486071999986 7.30360249999999 7.30360249999999 7.39560224869546 7.86797479049353 8.30360249999999 8.6638574088716 9.17874311193946 10.4235115072498 11 11.5592251456276 11.6963975 11.9835698159944 13 13 13.0486273384275 13.2332893207615 13 13 13 13.1570565424825 13.7135982967067 13.3398334199997 13 13
4 4.58874778000014 5 5 5 5 5 4.01731818000024 5 5 5 5 5.4614001352774 6.57453890023837 7 6.54794604873056 6.07889884678485 6.16985907769951 6.23217409999997 6.90360635333171 7.94588737999994 7.22815382436263 7 6.87701534460619 6.23217409999997 6.23217409999997 6.23217409999997 6.23217409999997 6.6293816329717 7.58874298000008 8 8 7.38341416496601 7.02914793054939 7.94588497999991 8.22815438158047 7.91125821999988 7 7 7 7.08693884084165 7.91689632934803 8.88793238981057 9 10.827232801221 11.7678259 11.3376836954965 11.2321741 11.2321741 12.2454659187985 13 13 13 13 13 13 13 13.1366897570772 13.0789005184383 13 13
4 4.58874778000014 5 5 5 5 5 4.01731818000024 5 5 5 5 5.06019286375625 5.23242037191418 5.32149140000006 5.22685311177016 5.71479938361242 6 6 6.87445898000017 7.15204732901929 7 7 6.83982742000003 5.80562788165063 5.16074570000003 5.16074570000003 5.53495759387574 6.08315609428234 6.74948868000011 7.71479736940208 7.38600173875603 7.03166237308616 7 7.1520469432296 8 7.91125821999988 7 7 7 7.31426328782312 8.35681198033491 9.86831294301486 10.6785085999999 11.5509162296169 12 11.1969742199999 11 11 11.1780566800002 12.1607457 12.2951671980866 13 13 13 13 12.5658455427028 12.1607457 12.7147933409816 13.6139942328235 13.8392543
4 4.58874778000014 5 5 5 5 4.13859454124719 4.01731818000024 5 5 5 4.72403420040379 4.43033170776492 5 5 5 5.05896493956039 5.75557474860824 6 6.07810431505434 6.95072057311427 7 6.91918221054817 6.07501111762034 5.7683990199998 5 5 5.03982534970492 5.08931729999997 5.67806028000005 6.14828202519883 6.77954534593953 7 7 7 7.9842330043553 7.00057551999984 6.08931729999997 6.3002301201507 7 7.71546541648794 9.35656648000018 10.4741998071748 11 11.6601689800001 12 11.1969742199999 11 9.27720219632539 9.2117103900063 11.1701307181751 12.0143057536566 11.8784066654877 11.454593842681 11.7483094491505 11.5846910590183 12.0431125871868 12 12.6601665800003 14.3978458716931 14.9106827
4 4.01053205016163 4.01788889999997 4.01788889999997 4.01788889999997 4.01788889999997 4.00096797231456 4.01731818000024 5 5 4.77253974970426 4.01246799479074 4.37446018000006 5 5 5 5 5.73160217999996 6 6 6.01692088475206 6.01788889999997 6.01630136423837 6 5.99585691322888 5.68450258227594 4.6322408577806 4.01788889999997 4.52594929120994 5.01053196429491 5.01788889999997 6.46800094469541 7 7 7 7.01757918267649 6.91125821999988 6 6.00414304383776 6.31549506065756 7.38115397484727 8.90168008964824 10.5173121800001 11 11.6601689800001 12 11.1969742199999 10.1411888433802 9.05508552111474 9.01762065439029 10.1066282800004 11.0178889 11.0137458990956 11.0054207764092 11.0111903480861 11.0079763274187 11.0178889 11.0178889 12.3264124060677 13.7446824094378 14.8065470750576
4 4 4 4 4 4 4 4.06993047330209 4.99524855248009 4.79486120834173 4 4 4.35441176919295 4.97033315162894 5 5 5 5 5.76003672426227 5.94646050000003 5.94646050000003 5 5 5 5 4.69697062000004 4 4 4.48961781604421 4.97798150477773 5 5.73159977999993 6.80302818000014 7 7 6.05261255029145 6 6 6 6.30302698000011 7.37445538 8.44588378000015 10.0069277245391 10.9779813762829 11.6248238628954 11.2540324779265 10.1969742199999 8.25109163999917 7.0541174200001 7.98200928121407 10.0887393800004 11 11.0123995436791 11.3403402954994 12 11.5779908861442 11.0258429930337 11.525696684424 12.5530875800004 13.6636852094319 13.9894539702535
4 4 4 4 4 4 4 5 4.91125341999999 4 4 4 4 4.3901668205236 4.93968011662494 5 5 5.09142678807001 5.1249679 5.1249679 5.1249679 5.1249679 5.1249679 5.1249679 5.09602521189143 4.69697062000004 4 4 4 4.58874298000008 5.08250023099872 5.76514119185287 6.7026754347047 6.9843111024438 7 6.98268661999981 6 6 6 6.26515833466615 7.24948748 8.32091588000015 9.39234428000009 10.4637726800001 10.8750321 10.8750321 10.1723587653724 8.25109163999917 7.0541174200001 7.29754210636537 10.0887393800004 11.0200158311143 11.3276219917376 11.962131654589 11.8750321 11.8750321 11.4223694368559 10.4112618199998 10.6601665800003 12.3717640716991 13.7784076254496
4 4 4 4 4 4 4.18576925299983 5 4.91125341999999 4 4 4 4 4 4.41571783920079 4.9192311142741 5.12965568774907 5.78431451877604 6 6 6 6 6 6 5.7683990199998 4.75648446902333 4.1228541775018 4 4 4.58874298000008 5.66017138000016 6.14368348987282 6.19639630000003 6.89911284317746 7 6.78969060377232 6 6 6 6 6.37445538 7.44588378000015 8.41571398190312 9.50797075157191 10.1296547450468 10.0527132814783 10 8.59457077094245 7.44691002000015 9.01731098000016 10.0887393800004 11.1287114206289 11.8036037 11.5600920263208 11 11 11 10.4112618199998 10.6601665800003 11.8752775271708 13.6447322393547
4 4 4 4 4 4.23420235676009 4.96038183343841 5 4.93502194616452 4.22492588403399 4 4 4 4.11941997517198 4.26782469999999 4.8565700800001 5.75118763542377 6 6 6 6 6 6 6 5.7683990199998 4.91884124721033 4.45800656259115 4 4 4.58874298000008 5.48336117820304 6.46377507999993 6.73217530000001 6.73217530000001 6.47884393899703 5.73217530000001 5.73217530000001 5.77507283040744 6 6 6.37445538 7.32646509038675 7.87072427941487 9.01980189078377 10.2155347209823 10.1246329176385 10 10 9.30744813822379 9.01267467197492 9.82091468000042 10.7750721876282 11 11 11 11 11 10.4112618199998 10.6601665800003 12.2672507539602 13.5351986800001
4 4 4 4 4.2724314278673 4.91705074600474 5 5 5 4.89416487850744 4.3392531 4.3392531 4.3392531 4.63387259698054 5 5.58874538000011 6 6 6 6 6.32089522591586 6 6 6 5.6898276695717 4.4605211765561 4 4 4 4.38901009893182 5.10867727439266 5.82265538667563 5.7275702005476 5.36408479441956 4.3756088200001 4.32736741783655 4.6607469 4.87525531009249 6 6 6.24742023152332 6.81201435460477 7.3418124192673 8.24948748000006 9.10867564597777 9.82265380088317 10 10 10 9 9.08873938000041 10.1058303641149 10.7393166220132 11 11.1270343342692 11.1879864596026 11 10.6109930726532 10.7754561212188 11.7315949800001 12.5305952089626
4 4 4 4.30045646632125 4.88392369122424 5 5 5 5 5 5 5 5 5 5.4249050266437 6.16832154422357 6.41068149999998 6.41068149999998 6.41068149999998 6.05155737440506 6.55742893195051 6 6 5.93422008458674 5.22123077786757 4 4 4 4 3.75821414985911 4.90966126000034 5.28886400494999 4.70539763750461 3.35573878004056 2.62120948241394 3.01020309513164 3.66220771464626 4.59946400044459 5.58931850000002 5.71376607468692 6 6.44588378000015 7 7.58874058000006 9.04921877304035 9.8897720094145 9.6702121681309 9.94844065432384 10 9.40357220076705 9.08873938000041 10 10.1364839134035 10.7137650890514 11.2206720684941 11.3265523539603 11 11.2417838788697 11.1395632986756 12.032047503779 12.0808946537665
4 4.2838411333411 4.48210990000001 4.50828685819331 4.51789009999999 4.51789009999999 4.9739129272468 5 5 5 5 5 5.18053095993381 5.48210990000001 6.26734022250386 7 7 6.64728734616043 6.51789009999999 6.06501645140181 6 6 6 5.83982742000003 4.7683990199998 4 4 4 4 3.41125701999992 4.00206760200557 4.13900181677586 3.22570432888589 2.13003538867613 2 3.00834695190055 3.57402687863689 4.59510972946275 5 5.15693467297495 5.87894739161252 6.71302869541266 7.24940132336863 8.07085048000006 8.82400487906917 9.37888704028797 9.10201099849316 9.87445418000041 10 9.99103481483662 9.52806714638236 10 10 10.3030245800003 11 11 11 11.5887381800002 11.3398334199997 11.7577715947035 11.6199023414294
4.5535383 4.81639163473009 4.63456719962228 4.11982827548542 3.55549048940676 3.4464617 4.91593770080852 5 5 5 5 5 5.37446018000006 6 6.23096221832965 6.4464617 6.4464617 6.11982934699351 6 6 6 6 5.95087669746782 5.28628912000003 4.34306073274745 4 4 4 4 3.41125701999992 3.29474123660622 3.04149320149847 2.17588074721847 2 2 3.56126806106763 4 4.16017017999995 5 5 5.74891076 7.24681374957886 7.78449837531354 8.58874058000005 9 9 9 9.87445418000041 10 10 10 10 10.1281973557638 10.6888271691287 11 11.246812421087 11.2671875238053 11.2628490486978 11.1517226064099 10.5950341584822 10.4464617
5 4.632052242801 3.71485711999997 3.37503330000002 3.0738691915017 3 4.30062994562964 5 5 5 5 5 5.14043503702402 5.37503330000002 5.69833918584456 6 6 6 6 6 6 5.98917821411534 5.28628911999986 4.31496324875311 4 3.81061672837838 3.60905694305595 4 4 3.41125701999992 2.58741487120686 2.10065902022736 2 2 2.59114661453009 4 4 4.16017017999995 5.14474140026739 5.81434847170161 6.53079987372829 7.44588378000015 8 8.58874058000005 9.41258362887304 9.16774269969271 9 9.32794943682436 9.37503330000002 10 10 10 10.2315961800002 11 11 11.1672203653501 11.1810249060843 10.6320582424813 9.96245117104693 9.93291662077437 10.5018628718215
5 4.00125115087187 3.10317217688869 3 3 3 4.60460278793205 5 5 5 5 5 5 5 5.15705996998118 5.7136042977797 6 6 6 5.39103105117686 5.96231623658379 5.28628911999976 4.21486071999982 3.30360489999997 3.30360489999997 3.21160369538803 3.11368721685112 3.61411785090983 4 3.82125474643139 2.5764836058075 2 2 2.60896727747488 3.64228007999994 4 4.06179934075737 4.85656527999997 5.9279936800002 6.78839557596026 7 7.13537250043855 7.66385856732237 8.58874058000005 9.20043053715602 9.08148835060481 9 9 9 10 10.0617976694093 10.6963951 10.7667088350694 10.7889751673082 10.0428376795476 9.60720979999994 9.96746179597419 10.1248611037348 9.79957019149568 9.91851092074345 11.3622449270176
4.60279002303054 3.50673532105663 3 3 3 3 4.89177955999993 5 5 5 5 5 5 5 5 5.13669284171956 5.23217649999994 5.23217649999994 5.23217649999994 5.02914767462998 4.49333826256505 4.22815618280472 3.91125581999985 3 3 3 3 3.10352429267078 3.23217649999994 3.23217649999994 2.41872883959121 2 2 2.87445658000014 3.94588497999991 4.01329362002858 4.78842725588426 5.28315260820314 6.82159524770946 7 7 7 7.12010773135976 7.82091707999999 8.23217649999994 8.23217649999994 8.23217649999994 8.23217649999994 8.23217649999994 9.2454682772521 10.0887393800004 11 10.8221750104856 9.92915191999962 9.14523731768899 9 9.12010717413619 9.23217649999994 9.73906791403886 10 10.9894665377866
4.04851934742818 3.06610801298576 3 3 3 3.73389337464164 4.14335186988883 5 5 5 5 5 5 4.62578716204653 4.1607481 4.1607481 4.1607481 4.7747466196091 5 5 4.05411262000006 4 3.91125581999985 3 3 3 3 3 3 3 2.33982861999984 2 2 2.87445658000014 3.94588497999991 4.01731338000019 5.07447670747449 6.15959225999989 7.8392519 7.8392519 7.8392519 7.46504309045569 7 7.58874058000005 8 8 7.32605908838593 7.1607481 7.1607481 7.33880718000017 8.41023558000041 9.32149620000001 9.28426755409771 8.85772351999969 8.47500847492564 9 9 9.49409963616771 9.94537242341855 10 10.1290844825906
3.52579350817419 3 3 3 3 3.07810662812315 3.08931969999995 4.08931969999995 4.17013946209834 5 5 5 5 4.55411141999979 3.52888961745851 3.08931969999995 3.08931969999995 3.82092187999991 4.08931969999995 4.88567226624424 4.05411262000006 4 3.91125581999985 3 3 3 3 3 3.4711081969089 3.37452366635065 2.94103369038983 2.91068030000005 2.91068030000005 2.98878649938864 3.94588497999991 4.91222672590765 5.16955717083318 7.08515683242653 8.21091226431414 8.91068030000005 8.91068030000005 8.4647965199999 7.91068030000005 7.96326643198345 7.39879711524275 7.08931969999995 7.01759367823812 7 6.13860336828087 6.10663068000012 7.09724587479977 7.32450104194073 8.08931969999995 8.33821215084379 8.94412632783773 9 9.47110382564356 9.96326621761619 10 10 10
3.48268062 3 3 3 3 3 3 4 4.00158779168675 4.17520054138026 5 5 4.2644787988367 3.02780507364852 3.00863582671569 3 3 3.73160217999996 4 4.87445898000017 4.98307684511829 4 3.99841225125237 3.98210870000008 3.98210870000008 3.98210870000008 3.61435045647934 3.43790869658798 3.9913641303452 3.98946662272197 3.98210870000008 3.26359819114401 3 3.85881141499046 4.92799367999999 5.01700362112459 6.07243818580872 7.16017017999995 8.23159858000017 9.29760543339285 9.61435281354025 8.99202255952692 8.98210870000008 7.82569420867778 7.0060800187281 7 7 6.14119094207016 5.07200872000002 5.01820101593639 5.12293431713085 6.17805908000001 7.24534392326492 8.6006276563325 9.98210870000008 10.4200126824664 10.973472744467 10.9821087000001 10.9821087000001 10.9821087000001 9.40479620439698
3 3 2.96465608183373 2.94646290000001 2.98945495695357 3 3.05064019574083 4 4 4 4 4 4 4 4 4 3.37517000967705 3.05353709999999 3.81357575153564 4 4 4.00092703664545 4.13753017396106 5 5 4.71319393422003 4.05353709999999 4.02966564699271 4 4 4 4 4.80302818000014 5.04681586936912 5.10417703876273 6.06992357184377 7 7.32034035999989 9 9.30302698000011 10 10 9.48268781999991 8.41125941999995 7.37517455269902 7.01436949790719 7 6.0787300791195 5.05122013027381 5 5 5.31176064154554 7.17805908000023 8.55251206000064 10.3008687533644 10.470915616029 9.94646290000001 10.5352010800002 10.9464629 10.2148679199999 9.14343951999993
3 2.92642683929835 2.29735756642173 2 2.70268156213793 2.98431200358239 3.94588977999997 3.87503449999993 3.87503449999993 3.89505084646314 4 4 4 4 4 4 4 4 4 4 4 4.14011740489466 5 5 5 5 5 4.55411381999982 4 4 4 4.09142473230763 4.82764286197234 5.98373348374821 6.95264749053173 7.12496550000007 7.12496550000007 7.40527436674237 8.90397633234896 9.30302698000011 10 9.94427991049036 9.35772231999985 8.35986618094991 7.91750165332975 7.23486155239031 7 5.36036824383007 5.00676281044903 5 5 5.16016778000009 6.23159618000022 7.53031392369653 8.79686270387208 8.87503449999993 8.93968037531259 9.51516621896734 9.87503449999993 9.23486365247306 8.19697661999992
2.89840162941618 2.3304847926304 2 2 2 2.70272249918238 3.5637288971355 3 3 3.16017498 4 4 4 4 4 4 4 4 4 4 4 5 5 5 5 5 5 4.64168314584619 4.09479647210695 4 4 4.58791804596655 4.96131593608012 6.57717522187334 6.9893721401736 7.80700634222035 8 8 8.23159858000017 9.24351432959264 9.80360609999993 9.35772231999978 8.3878908765476 8 7.46948418064116 7.05271263731202 7 6.12554581999959 5.0541174200001 5 5 5.16016778000009 6.23159618000022 7 7.30091269889113 7.8911744831556 8.51730978000023 9 9 9 8.19697661999992
2.21485832000003 1.73217770000004 1.73217770000004 1.73217770000004 1.73217770000004 1.96637795805279 2 2.99536180520052 2.75594601317277 3.16017498 4 4 4 4 4 4 4 4 4.21506949690595 4.26782229999996 4.26782229999997 5.26782229999996 5.26782229999996 5.26782229999997 5.26782229999996 5.26782229999996 5.26782229999996 5.26782229999996 4.88905610063899 4.53564459999993 4.35883598261413 4.46376103575901 5.12360392586764 5.90807990749437 6.94588497999991 7.01267647074776 7.73217770000004 7.77507484599903 8.1695713156278 8.73217770000004 8.73217770000003 8.4057115394922 8 8 8 7.4643407129855 7.05275408864107 6.12554581999959 5.30744586810557 5 5 5.16016778000009 6.16956955840136 6.73217770000003 6.83246455834547 7.32646440328144 8.24948748000026 8.88985491346548 9 9 8.41204418858529
1.31893088178852 1 1 1 1 1.57779974471198 1.98164306998783 2.64930632468748 2.05863924061239 2.87526375408742 4 4 4 4 4 4 3.77603558301323 3.90894585168649 4.80303058000017 5 5 6 6 6 6 6 5.87296493601451 5.66074929999992 5.66074929999992 5.66074929999992 5.22454152278483 5.73159977999993 6 6 6.94588497999991 7 7 7.10583233431582 7.739319280384 8 8 8 8 8 8 8 7.19697421999989 6.12554581999959 6 5 5 5.16016778000009 6 6 6.24741954441787 6.66074929999992 7.17805908000014 8.24948748000011 8.88471127438169 9 9
1 1 1 1 1 1 1.55743261645034 1.59643311457609 2 2.25456944337108 3.68443556765541 4 4 4.18311712073479 4.41067910000005 4.16889367721242 3.61094579381392 4.14228128 4.88392180413323 5.35912202689343 5.41067910000005 5.99288877105371 5.55287552002725 5.1786417999999 5.27375548202551 5.58932089999995 5.36864510407835 5 5 5 5 5.43114704078932 5.91910779023708 6 6.94588497999991 7 7 7 7.13648588360441 7.58932089999995 7.74310189844853 8 8 7.75821654847207 7.58932089999995 7.58932089999995 6.78629511999984 6.07398677563339 6 5.41067910000005 5.41067910000005 5.50506932026069 6 6 6 6 6.30486146512851 7.17805908000015 8.52060409692493 9 8.67021508102257
1 1 1 1 0.61285177759457 0.517892500000017 0.973913057111334 1.00896895553578 1.60346328363472 2.56506092082964 3.11994565347677 3.51789250000002 3.69842256122939 4.23092235141776 4.76729489593535 4.69509318328828 4.16383276935855 4.73160217999996 5.38714706534742 6.35656648000015 6.02608809994668 5.5005767199998 4.47193255475929 4 4.11994441053476 4.81007797363667 5.30157859582863 5 5 5 5 5 5.41588227171074 5.93947457564242 6.48986673700462 6.99165308965156 6.51789250000002 6.59511174505434 7 6.8539084202396 6.89234788000002 7.73285641446643 7.75059991818062 7.21298816917233 7 7 6.19697421999989 6 5.54398291406272 6 6 6 6 6 5.81947340994467 5.73285525740849 6 6.5887381800002 8.32033316000066 8.6472925731796 8.10201271417331
