catData/variables/pastClimate/midhol_CCSM4/bio15.asc
NCOLS 409 
NROWS 350 
XLLCORNER 60.897278365 
YLLCORNER 5.843756025 
CELLSIZE 0.0892857 
NODATA_value -9999 
[rows 104 to 129 of 350, columns 236 to 294 of 409]
124.99941248 126.554231896116 127.530586938559 129.112969541004 129.946467783447 129.310526314109 127.707035876669 127.83984422 126.693964053556 125.278083208668 123.494413889452 121.758693759447 121.217058882997 120.075575734559 117.86001340423 116.574678900657 116.120128972773 114.585542710432 113.39531078596 113.333694839792 112.92904152 111.963433584992 111.525494612565 110.920352060242 110.448869267677 110.48139998 110.351932845579 111.080759779309 109.406652873705 105.832562507251 105.261658394928 107.054828068289 108.26639300438 108.631716028634 107.074108659435 108.335223137614 110.066221513187 111.184212564554 114.507413493855 114.266467354281 109.768381117083 109.673585244531 111.527087223689 113.21019552249 113.402586717602 113.02706297457 110.14464336 110.373839060001 112.131716330973 110.317451880253 112.135246715862 112.242559723389 109.583001197003 108.748639292774 113.907941900001 115.922036696161 114.747143482097 112.09122866 108.604519875411
125.66015698 126.73158538 127.329784830924 127.926006755193 128 129.168437632572 128.537027626455 127.905617620338 127.4106839 127.4106839 127.631347998014 128 127.695148089752 127.063738083634 126.432328077517 125.3697844428 124.580191965283 122.55902073833 118.721488799144 116.863670172275 116.325516324069 117.059545405303 115.8747873 116.17779748 116.8747873 116.771323109317 116.217845831779 116.168312202007 115.632607283751 111.613229468792 107.87644426 104.77164972533 106.082925697779 106.794192614187 108.546899424139 111.495137416221 110.956043016494 105.032950820925 108.30003658 112.188893178724 106.879485518467 104.227998415297 109.164670263643 111.513865439414 113.230518628 109.88866205635 108.073477707062 111.848849904352 113.217395259061 111.2320517 110.756527013516 109.30307163118 109.147996390124 108.569974584221 110.292186635862 110.53709084 107.887274981779 104.75185316 101.394125556717
126.14226928 127.21369768 127.897983259593 128.421579330617 128.4821123 128.473772248964 128 128 128.111649581664 128.4821123 128.301589697918 128 128 128 128.31826864292 128.129407146871 128 127.12556022 125.564278323756 122.884898353965 120.423258186598 120.542203997538 120.4821123 120.492952610394 120.337366254987 119.573957350443 117.96540924 117 117 115.889542836059 114.234506878805 109.915272622387 107.970970119939 105.071651544829 109.228650094212 110.516297848055 111.325166372865 108.553796477735 113.718801740285 113.949858498151 107.021587025083 103.239688847145 105.922530703418 108.537343351917 112.606213187597 107.813926560589 107.033838640765 112.543516059827 113.825733639927 112.190194600491 112.400345652274 110.567484259336 109.845334414759 107.788917963248 106.983327997416 105.34044974 103.539475148289 101.19374974192 98.1376029557406
127.21369768 127.880163796645 128.444500809891 128.943943543573 129 128.992276709498 128.5535407 128.5535407 128.656933610894 129 128.832827342178 128.5535407 128.5535407 128.5535407 128.848272851679 128.26841702 128 127.12556022 126.05413182 124.974981201001 123.296866555072 120.714974617782 120.743620118783 119.58990842 118.51848002 118.139724120216 117.698212586752 116.022352280136 114.608535700352 113.905675546359 114.674833505791 114.112117198862 113.256703483869 109.962720234994 108.659337587687 106.340660023275 105.864430123668 107.775534641355 111.94611058 112.762649613747 110.810662731271 106.938498250419 102.147803912042 104.728846980001 108.045939609215 104.763724894667 103.810006997469 110.879643639972 110.448377326497 113.822054388768 114.1070814 113.436178159404 109.23178724663 105.972107969663 106.984560919513 105.37610274 102.502409054342 98.7684368319069 96.3518024636001
127.872548366351 128 128.80301378 129.546499342237 129.6249691 129.6249691 129.6249691 129.6249691 129.480236143451 129 129 129 129 129 129 128.26841702 127.498142700552 126.50059112 125.42916272 124.368544148036 123.933450781796 122.98969390624 121.306536996623 120.136300019485 119.50046872 118.206161939158 116.85773552 115.712662072806 114.754783267595 114.4998764 115.102182760955 115.2499382 114.422393324258 113.383675852439 113.61981617486 110.67945084 108.912903376697 109.003537802643 109.547310352734 108.554245637724 106.319076983706 104.970952177066 104.382199812589 103.359870555923 101.318377520807 100.765769067377 101.341197185322 103.817308770025 108.257108606863 114.089473650456 111.6383154974 112.462395482562 105.501822399969 104.851117649284 106.698321528221 105.82256204 101.946838766053 97.6315765136165 96.123116300329
128.45973167048 128.6963975 128.940194491142 129.87444218 130.658701907236 130.684350533575 130 130 129.929690463991 129.6963975 129.6963975 129.6963975 129.6963975 129.286410060063 129 128.26841702 126.637773502496 125.42916272 124.35773432 123.3036025 123.3036025 123.206356566897 122.46481572 121.485381968173 120.886319511016 120.290298510613 119.628537829394 119.072001731418 118.325861672228 117.579721613039 116.83358155385 116.6963975 115.463364504528 114.403296112567 114.91127742 113.791226782094 112.6963975 112.604403580472 112.426191898985 111.00902815885 108.189937694118 106.1638529594 104.155157745077 101.897998462426 101.131429859182 100.745718812031 100.983563986826 100.066082525826 104.29215156845 108.27585309074 104.475036080423 105.209280522066 101.9108075 103.423526474994 105.82089308 106.356111817624 104.011508070126 98.5529924829894 96.7562059234415
128.92109725269 129 129 129.87444218 130.219606650628 130.995983624888 130.699698719597 130 130 130 130 130 130 129.863313029012 129.260942115472 127.706688659957 126.242724275559 124.454142708925 123.28630592 123 123 122.877030086863 122.178406808652 121.929648884168 121.7678259 121.7678259 121.7678259 121.63113948623 120.368617678254 118.474518802739 117.813562112777 117.7678259 116.82196012 115.754546980677 114.91127742 113.83984902 112.82218735413 112.2321741 112.894112076901 114.374138122083 114.32183652 112.388315026895 108.734182179999 104.958029096563 103.024602430017 102.56480474551 101.083134997949 100.802409460001 102.734575235603 102.207132837861 101.285940276912 101.55630357581 102.055325854119 102.607377871828 104.0081910903 104.464792038003 102.45513251618 98.2606603350897 97
129.28521471586 129 129 129.87444218 130 131 130.985737455193 130.8392543 130.644896281123 130 130 130 130 130 129.33984542 127.53683404 125.523057866386 123.411866139999 122.21487752 122.1607457 122.1607457 122.135001732825 122 122 122.314249188351 122.8392543 123.273396672035 123.6785086 122.912239795719 121.05460174 119.169905421193 118.8392543 117.099566596912 115.98270582 114.91127742 113.974256418614 113.802028910456 113.6785086 114.113133785859 114.982595928035 115.077593077825 114.316644189667 111.198655179999 107.526921713351 106.420348890386 104.889270565928 102.78678184 102.72760436072 105.265863747437 102.409697831192 101.194351976246 102.14225968 102.89944292007 102.928329571772 104.825264383615 104.512900769086 101.1256737127 98.4623988182815 97.8392543
131.16120842 130.155123250861 129.179391942692 129.87444218 130.861387973645 131 131 131 130.97931552632 130.9106827 130.9106827 130.504637169174 130 130 129.33984542 127.53683404 125.39397724 123.251120439999 122.05413182 122 122.080800304344 122.9106827 122.9106827 122.63473657115 122.37443858 123 123.51729538 124 123.941036989693 122.44752154 121.035951126031 120.0250304058 118.01895114 115.087772630537 114.992075538705 114.764835973126 114 114 114.37443618 115.406041159549 116.381772467718 116.768782395886 115.895009932164 113.935597252224 111.180926298824 109.690193648561 107.66168674 105.705186815509 104.074065926133 103.263081004942 104.87430778 105.94573618 105.960750068517 104.415326426089 103.624407109605 103.14693804099 101.019557859999 100.535548659755 100.7320481
133.30406522 131.514138697704 130.17909732 130.85655328 130.999031684219 131.016989520277 131.9821111 131.9821111 131.9821111 131.684519081742 131 130.992023887248 130.474067208256 129.421805483761 128.35773432 126.55472294 125.200512529724 123.251120439999 122.983079458715 122.01698716321 122.983698292295 123.1572884122 123.9821111 123.67910092 122.988809394314 123 123.51729538 124 123.351657216332 122.273221148162 121.19699102 120.12556262 119.037213721648 116.947237393857 115.9821111 115.979246175134 115.736785520371 114.9821111 115.35654728 116.42797568 117.49940408 118.560300902106 118.30407242 117.219556891096 115.325955235591 113.195217119913 111.983549464582 109.927825738154 109.716813346427 107.444434169664 105.459011302563 106.987531532942 106.618868011553 105.974135116048 105.44693162 104.386034754961 104.595021238136 107.079108668059 105.508859744426
135.107079 134.37549362 133.261072263726 132.225914517096 132.056437562082 132.0535395 132.0535395 132.0535395 132.0535395 132.037316357973 132 131.57800224367 130.53624172 129.433293214686 127.679690839999 126.229248433042 125.14344912 123.291215077202 123.002898190577 123.000926050245 123.14226448 124.21369288 125.0535395 124.75052932 123.67910092 123.029668004824 122.972304264003 122.9464605 122.321652537641 121.960831541537 121.186444219285 120.953183059893 120.051235900928 119.03717124175 118.102328837428 117.901962923394 117.119477644215 117.447403394963 118.087031874141 118.49940408 119.57083248 120.0535395 120.088883589146 120.067910670032 118.53351148158 117.239366708388 115.21535224 113.126034939999 110.987928174076 109.05400942 108.214158 108.214158 108.58859178 109.66002018 111.24873916 112.80287698 113.909649340652 114.306865701473 112.715228639999
137.1249679 136.484807208609 134.744259185757 134.156349294188 133.297300780054 133.1249679 133.1249679 133.1249679 133.096027311352 132.734854265796 132.078174797055 132 131.48270222 129.82254764 127.679690839999 125.628258428686 124.32195652 124.015690997017 123.172334980131 123.01945809728 124.21369288 125.28512128 126.1249679 125.82195772 124.75052932 123.62338185983 122.48270462 121.926428425533 121.8750321 121.234875608763 121 120.23483922306 120.006765039792 120.002161217357 120.047332794505 119.2499358 119.510455168802 120.33703745405 119.828707116901 119.515113719753 120.51729298 121.073571274544 121.702620148308 121.35984560884 121.225317945989 119.501065839999 117.35820904 116.217513157433 114.28618352 113.21475512 112.345964011121 112.212069853973 112.49940168 113.57083008 115.15954906 116.71368688 118.362765428231 119.640152291083 118.469723232131
138.326048688291 138.3927926 137.58977882 135.815645448715 135.217657935618 134.389395144334 134.178970570859 134 133.76841582 133 132.69909784304 132.108829203485 131.48270222 129.938171283465 127.876087139999 126.46481332 125.39338492 124.32195652 124.1963963 123.423988775686 125.28512128 126.325096148735 127.045481804739 126.89338612 125.748419368311 124.108266039999 122.381109721361 121.21487992 120.933255145589 121 121 121 120.239898759489 120.21369048 121.1963963 121.1963963 121.568592393224 122.560105526863 121.25112764 120 120.51729298 121.473098679237 121.933254674238 122.143679247713 122.841695358812 121.422865834662 119.490433608138 118.378896861612 117.50046872 116.397587731438 115.16121562 114.08978722 113.693688971013 114.64225848 116.129383504063 117.58871898 118.530496877114 118.8036037 118.645896650163
139.66015698 140 139.412053144724 138.39338252 136.629411044327 136.25052572 135.17909732 134.224931026268 133.830439783533 133.186670446665 133 132.55413062 131.48270222 130.41127382 128.856496542341 127.53624172 126.46481332 125.627581491746 125.5356494 125.55294598 126.600611638849 127.2678247 127.437383159246 127.778143430555 126.418663639643 124.108266039999 121.82686476004 120.301126289761 120.483347120437 120.928110649364 121.215065639166 121.2678247 121.2678247 121.28048707143 122.023762098372 122.2678247 122.2678247 122.186671732224 121.351410897578 120.148411152621 120.51729298 121 121.306540946433 122.19592878 122.679415596387 122.091935606188 121.05413662 120.2678247 120.17910452 118.94752754 117.03624772 116.045971644997 115.5356494 115.8620986754 116.646572085599 117.58871898 117.823196225996 117.7321753 116.92917112
139.66015698 140 140 139.422215040335 138.714272046464 137.66120722 136.55967778128 135.17909732 134.260687449024 133.799785377104 133.212222836768 132.70539318936 131.82195532 130.75052692 129.67909852 128.855861913872 127.87549482 127.6785062 127.6785062 127.689934861616 128.3392531 128.3392531 128.260688263231 127.897202857103 126.791490058049 124.447519139999 121.96286102128 120.478779832591 120.3392531 121.07083368 122.14226208 122.3392531 122.3392531 122.3392531 122.397876269695 123 123 122.799788548689 121.96481692 121.044649460945 120.844812685854 120.800274446799 119.77663926067 120.05307198 121.12450038 121.618148577714 121.035770603841 120.99413371003 120.57202672 119.34044974 117.507733128354 117.102795514482 117.3392531 117.3392531 117.3392531 117.728247341006 117.33985262 117 116.19699582
139.66015698 140 140 140 140.3884515486 139.39338252 138.233226739999 136.184752704036 134.76841582 134 133.779335003328 133.227571194217 132.695146848237 131.82195532 131.021640193146 130.520915404399 129.937452038055 129.821363 129.821363 129.4106815 129.4106815 129.344909469672 128.76841822 127.69698982 126.779336417692 125.885166180293 124.19745374 122.401542754944 121.821363 122.55294358 123.62437198 123.821363 123.821363 123.4106815 123.374244777762 123 123 123.124439689602 123.190019332057 122.638254665489 121.89338852 120.82196012 119.090381939999 118.84181405567 119.80300658 120.87443498 121.388448591693 120.98270822 119.91127982 118.67970284 117 117.30300538 118.153773026421 118.4106815 118.4106815 118.4106815 118.021644436239 117.520918361306 116.60767732
139.505730448776 139.5178901 139.905030993174 140.421577231956 141.42798048 140.456470910482 138.822545239999 136.67968844 134.880064845861 134.336024535357 134 133.769088662205 133.4821099 132.89338372 132.4821099 132.10323031733 131.9642198 131.542643725108 131.4821099 130.9642198 130.921444608765 130.32195652 129.362175988798 128.66120962 127.78369925364 127.4821099 126.44751914 124.588491902703 124.282485701485 125.17791028 125.862200100953 125.9642198 125.508208543391 124.4821099 124.39338732 123.404899527047 122.888353288266 122.82089788 123.698409489296 123.769091148077 123.214208986858 122.37549842 120.325655495578 119.129408816798 119.80300658 120.87443498 121.94586338 120.98270822 119.91127982 118.756912055889 117.4821099 117.639033386549 118.37443378 119 119.249390909795 119.4821099 119.4821099 118.397834193862 117.584132084919
139.89338132 139.5535383 140.35655208 141.42798048 142.49940888 141.51894034 139.32696953691 136.768340798196 135.425347586696 134.864716488412 134.5535383 134.306732521373 134 133.737156308843 133.918959143951 133.702117400942 133.5535383 132.67909852 132.5535383 132.5535383 132.513925994597 132.035574249704 131.532425515188 130.80406642 129.73263802 128.860272149864 127.51894754 126.290695680351 126.76722878 127.83865718 128.551572825674 128.176580319218 127.16121082 125.543965309003 124.91127742 123.751199318787 122.21488232 121.917195891428 123.581700946536 124.5535383 124.5535383 124.290696751859 121.761209073032 119.417003577926 119.358511682818 120.80492993229 121.94586338 120.98270822 119.91127982 118.928499792721 118.5535383 118.5535383 118.92797208 119.5535383 119.784488731741 120 120 118.941803653582 118.10904473131
140.96480972 140.6249667 140.926123607859 141.87444218 142.35473296499 141.34043534 139.164302817877 136.83984422 135.913148220747 135.6249667 135.390953556385 134.55413062 134 133.632065742082 134.03518788 134.557880321574 134.123111327779 133.672055963655 134.21610281509 134.2499334 134.2499334 134.2499334 134.01835162 132.94692322 131.87549482 130.80406642 129.21534264 128.2499334 128.497512450568 129.35654728 129.926121807699 129.672056863735 128.08796630483 126.596864233396 124.91127742 123.779787069472 122.39338732 122.420352032342 124.764795616225 125.6249667 125.6249667 125.257035441922 122.771972509511 120.619022340946 119.748081027619 120.827343916185 121.94586338 120.98270822 119.91127982 119 119 119.189368272421 119.765391836145 120 120 120 119.587429870408 118.64345752 118.073879992461
142.03623812 141.186922626136 141 141.265484930615 141.3036049 140.281053864907 138.822545239999 136.83984422 136 136 135.62555902 134.55413062 133.639756360767 133.124864746994 133.66015458 134.73158298 134.756201810276 134.6963951 135.64226328 135.708440353559 136.3927902 136.3927902 136.16120842 134.878765215397 133.32195652 132.25052812 130.66180434 129.6963951 129.236668356593 129.222111448833 129.3036049 129.3036049 128.07056963445 126.97745522221 125.60767252 124.647772477732 124.16121082 124.090800406747 126.07083128 126.6963951 126.336154803463 125.001295935702 123.242605704116 121.96481692 120.89338852 120.96187784466 121.287168756899 120.298355030862 119.91127982 119 119.161269074145 119.788389018094 120 120 120 119.590018987051 119.10318092071 118.26842422 118
142.33984302 141.83014306702 141.151250648892 141 140.273738340717 139.96941845663 138.122848707457 136.83984422 136 136 135.62555902 134.896479607894 134.25052572 133.7678235 133.921095879843 134.73158298 135.616571008332 135.7678235 135.987431863494 136.78512008 137.7678235 137.7678235 137.53624172 136.161803139999 134.39338492 133.32195652 131.73323274 130.315787546707 129.84672817738 129.206098738532 128.383430834445 128.2321765 127.28631072 126.995984697817 126.747224201905 126.535647 126.30406762 125.676349571667 126.37443618 127 126.085517313571 124.506767850516 123.33985022 122.26842182 121.813560742779 121.096411773134 120.273743869046 119.2321765 119.211577759128 119 119.053766732697 119.464831151391 120 120.342343459566 120.370635636347 119.41128102 118.493123328172 118.062321795915 118
142.893881019763 142.225267479823 141.19698622 141 140.05412942 139.140668341833 137.91127262 136.974255262661 136.644894436925 136 135.62555902 135 134.48270222 134 134 134.73158298 135.129082553613 135.894623346801 136 137.01729658 138 137.865590971544 136.92916632 135.809029609284 134.62556142 133.55413302 132.399550370526 131.25052812 130.285217928646 129.26841942 128.19699102 127.266126767404 127.00870197301 127 127 127 126.76842062 126 126.060189904506 126.1607481 125.12616214 123.57202672 123.05463027715 122.882400197564 122.8392519 121.96481692 120.099570881195 118.1607481 118.1607481 118.295153100047 119 119.048707539125 119.474992361289 120.44586218 120.48270942 119.41128102 118.33985262 118 118
143.9106803 143.17909492 142.10766652 141.114343033185 140.915515123556 139.89338132 138.82195292 137.764829586223 136.76841582 136 135.62555902 135 134.48270222 134 134 134.73158298 135 135.078104698818 135.950703217923 136.10661628 137.008519608596 136.164334548144 135.85773792 134.78630952 133.71488112 133.049494995106 132.48270462 131.41127622 130.941035405328 129.512863697931 127.465706561191 127.01121521555 127 127 127 127 126.557525840747 124.813376484007 124.1786394 123.772599310526 122.704461666214 122.126054982955 122.0893197 123.421787372872 123.9106803 123.03624532 121.01895354 118 118 118.014304423121 118.30021229362 119 119.37443378 120.039824276159 120.514201801163 120.32196132 119.25053292 118.9106803 118.179400212456
144.333762786576 143.986910986491 143.17909492 142.10766652 141.053160974308 140.96480972 139.89338132 138.82195292 137.75052452 136.9821087 136.60766772 135.544216502838 134.990744870229 134.403915596704 134.648343556363 134.99519767057 135 134.141205084435 134.034814111369 134.05307918 135.034195194765 134.860603272168 134.031639300899 133.71488112 132.64345272 132.0178913 132.516676506336 132.971575666235 132.315876200698 130.51894754 128.37609074 127.123316141496 127 127 127 126.842714329228 125.782168663838 124.399405643094 123.0178913 122.57202672 121.50059832 121.0178913 121.666230142241 123.46315636 125.577279496751 125.08978242 122.143549985491 119.947234992423 118.9821087 118.824825386289 118.004143213222 118.315475519845 119.37443378 120.437885125979 120.991363700954 121.567653084226 121.30407002 120.245730461753 118.390467128685
144.910074480508 144.985629859648 144.239977249041 143.17909492 142.10766652 141.106148062778 140.96480972 139.89338132 138.82195292 137.75052452 136.67909612 135.60766772 135.025842477022 135 135 135 134.239979520552 134.006722130054 134 133.069907671267 134.004750078127 133.90195786752 133.1070742 133.1070742 133.087027844299 133.0535371 133.0535371 133.64226088 134.0535371 132.59037594 128.884491952063 127.185821978543 127.0535371 127.052611219756 127 126.83984902 125.549239328425 123.75052932 122.67910092 121.60767252 120.508549754 119.41127862 120.320299560001 122.46315636 124.60601316 125 124.104775402361 122.088856668245 120.876096739999 118.884814629458 118 118 118.37443378 119.891724360001 122.03458116 123.651755593808 123.482269196298 122.350702628617 120.490519255085
143.152879807085 144.698042812805 145.100349018525 144.25052332 143.17909492 143.10766652 142.03623812 140.96480972 139.864441287154 138.734853538566 137.703732315714 136.609848910006 135.60766772 135.1249655 135.1249655 135.1249655 135.024616781393 134.234835024327 134.1249655 134.127126975768 134.327568418512 135.1249655 135.182844965857 135.337030681351 134.781908611262 134 134 134.58872378 135 133.62826117297 130.71593856 128.48536524441 128.131730409869 127.984866995851 127.113878238429 126.859862367291 125.89338612 124.82195772 123.797320924452 122.80406642 121.21534504 119.66120962 120.487734612668 122.496699826947 124.60601316 125.109274204493 125.1249655 124.09038194 121.947525139999 119.80466834 118.096026366906 118 118.37443378 119.891724360001 122.03458116 124.692587378305 125.8750345 123.771728893135 122.19699582
