catData/variables/pastClimate/midhol_CCSM4/bio15.asc
NCOLS 409 
NROWS 350 
XLLCORNER 60.897278365 
YLLCORNER 5.843756025 
CELLSIZE 0.0892857 
NODATA_value -9999 
[rows 78 to 103 of 350, columns 0 to 58 of 409]
-9999 -9999 -9999 -9999 -9999 -9999 -9999 -9999 -9999 -9999 -9999 -9999 -9999 -9999 -9999 -9999 -9999 -9999 -9999 -9999 -9999 -9999 -9999 -9999 -9999 -9999 -9999 -9999 -9999 -9999 -9999 -9999 -9999 -9999 -9999 -9999 -9999 -9999 -9999 -9999 -9999 -9999 -9999 -9999 -9999 -9999 -9999 -9999 -9999 -9999 -9999 -9999 -9999 -9999 -9999 -9999 -9999 -9999 -9999
-9999 -9999 -9999 -9999 -9999 -9999 -9999 -9999 -9999 -9999 -9999 -9999 -9999 -9999 -9999 -9999 -9999 -9999 -9999 -9999 -9999 -9999 -9999 -9999 -9999 -9999 -9999 -9999 -9999 -9999 -9999 -9999 -9999 -9999 -9999 -9999 -9999 -9999 -9999 -9999 -9999 -9999 -9999 -9999 -9999 -9999 -9999 -9999 -9999 -9999 -9999 -9999 -9999 -9999 -9999 -9999 -9999 -9999 -9999
-9999 -9999 -9999 -9999 -9999 -9999 -9999 -9999 -9999 -9999 -9999 -9999 -9999 -9999 -9999 -9999 -9999 -9999 -9999 -9999 -9999 -9999 -9999 -9999 -9999 -9999 -9999 -9999 -9999 -9999 -9999 -9999 -9999 -9999 -9999 -9999 -9999 -9999 -9999 -9999 -9999 -9999 -9999 -9999 -9999 -9999 -9999 -9999 -9999 -9999 -9999 -9999 -9999 -9999 -9999 -9999 -9999 -9999 -9999
70.9097068600004 72.4435717014172 -9999 -9999 -9999 -9999 -9999 -9999 -9999 -9999 -9999 -9999 -9999 -9999 -9999 -9999 -9999 -9999 -9999 -9999 -9999 -9999 -9999 -9999 -9999 -9999 -9999 -9999 -9999 -9999 -9999 -9999 -9999 -9999 -9999 -9999 -9999 -9999 -9999 -9999 -9999 -9999 -9999 -9999 -9999 -9999 -9999 -9999 -9999 -9999 -9999 -9999 -9999 -9999 -9999 -9999 -9999 -9999 88.1787187551663
69.8382784600004 70.4351974013285 71.41024998 72.4776526154154 73.2115600537871 -9999 -9999 -9999 -9999 -9999 -9999 -9999 -9999 -9999 -9999 -9999 -9999 -9999 -9999 -9999 -9999 -9999 -9999 -9999 -9999 -9999 -9999 -9999 -9999 -9999 -9999 -9999 -9999 -9999 -9999 -9999 -9999 -9999 -9999 -9999 -9999 -9999 -9999 -9999 -9999 -9999 -9999 -9999 -9999 -9999 -9999 -9999 -9999 -9999 -9999 90.6693061892469 91.8030449800002 91.1255266199998 88.1622946600002
-9999 -9999 69.3127875465415 70.3533741481575 72.309739905711 73.7820630897845 73.9082410522526 75.8788754869509 77.1607409 -9999 -9999 -9999 -9999 -9999 -9999 -9999 -9999 -9999 -9999 -9999 -9999 -9999 -9999 -9999 -9999 -9999 -9999 -9999 -9999 -9999 -9999 -9999 -9999 -9999 -9999 -9999 -9999 -9999 -9999 -9999 -9999 -9999 -9999 -9999 -9999 -9999 -9999 -9999 -9999 -9999 -9999 87.4459029800002 87.6489812432389 87.7209660261581 88.7663074222228 90.5063733524758 91.8030449800002 91.1255266199998 87.3684379834291
-9999 -9999 -9999 68.2133045600004 70.4370014319239 73.2208939658975 74.3739374600003 75.9648204100025 76.0893124999999 76.0494871470487 76 -9999 -9999 -9999 -9999 -9999 -9999 -9999 -9999 -9999 -9999 -9999 -9999 -9999 -9999 -9999 -9999 -9999 -9999 -9999 -9999 -9999 -9999 -9999 -9999 -9999 -9999 -9999 -9999 74.9632713222013 75.6601905800002 76 74.5373495782521 73.3041492199999 73.2631060670761 75.2117421439491 -9999 78.2638087940012 79.4309291429764 80.8740298599998 83.01688666 84.3077622099011 84.7821730622473 86.3035609521489 87.7495006800001 89.5525456599999 90.1610344547762 90.1005235962487 86.3057053800002
-9999 -9999 -9999 68.9657064390783 68.2148920990081 70.5285120966872 73.9360992113909 76.6844823569532 76 76 76 77.1775339600002 78 77.9869155671561 -9999 -9999 -9999 -9999 -9999 -9999 -9999 -9999 -9999 -9999 -9999 -9999 -9999 73.74950548 74.0178841 73.1590451752188 72.1067783078674 70.0882513389686 -9999 -9999 -9999 -9999 -9999 73.4637894800002 74.0178841 74.0178841 74.6780746800002 72.8622802010007 71.2541272403511 71.0380130877029 72.8937432701089 74.0525492600005 76.0194715102424 76.3532821171091 78.2495018800002 79.3263499881877 80.0491624816724 80.5094648065156 81.57098368 82.6529415187816 83.08334327143 84.5526536599999 85.8781037432733 86.0715364 84.1458996359528
-9999 -9999 -9999 -9999 67.1023355699396 67.516978812523 70.8605534225839 75.0726713578108 77.4915464790914 76.5540898199999 75.9445989357418 75.8929114 77.1426027610296 77.1325475863269 75.3728047736828 74.9531765494803 74.00054672 72.9281900021239 71.8929114 71.8929114 72.1121319110899 72.8718204051768 73.0066094087996 73.951152520111 75.0277004036228 72.7300109673006 71.6965824380421 72 70.436899178335 71.0216691240269 71.1606329 69.0690229012609 69.9512084730477 70.16019178 71 71.30304858 72.0200511077602 72.4994496800002 73.0258440248835 72.4112378199999 71.9293011150546 70.4688474661509 70.7495030800002 70.9464557 70.9464557 72.0337370991372 74.2079859954586 76.8929114 76.9053132118977 77.24950188 78.3209302800001 79.3923586800002 80.46378708 81.5036907497119 81.9282607139664 81.9856295976445 83.6060899600003 84.734004184998 82.1029570573579
-9999 -9999 -9999 -9999 -9999 68.16019658 69.6948749400004 72.5303599617147 74.7798999417053 76.109925619152 74.6550579391566 73.7500546 73.8325609991661 74.5152180808292 74.7500546 74.0941464183603 72.9358782208151 71.7175465391891 69.8861205991942 70 69.9710535007964 70.4432561607918 72.920292439213 74.8750273 75.39236348 74.2558925584537 72.5472858192315 72.0670800015274 71.2973095192409 73.4205495422633 73.9864795985007 70.3597495192549 69.5442821829612 70.1401721807356 70.8750273 71.1402030807262 72.1245315800001 73.1959599800002 73.2973734192878 72.2862651199999 70.6371519392968 69.3598134193019 69.7273020813871 69.9843128993112 70.1182121993159 71.8901937806796 72.92757656 74.7900931986598 75.2026718806656 76.17807348 77.24950188 78.2652045806515 79.2027336806466 79.772239698716 80.5352154800002 81.7895080787347 83.4299865618841 82.0011078399996 80.80415282
-9999 -9999 -9999 -9999 -9999 68.623548741887 69.5439652408599 72 72.3744817800001 73 72.4826614199999 72.1156344825157 72.4676071834593 72.7508895151782 72.8035989 72.9910836886375 71.3119541041719 69.789666600503 69.0713320831657 69.8035989 69.4809944610061 68.7733672258282 71.2522116443187 73.7372696645282 73.92813288 73.937666131153 73.8665230549686 72.9678309714465 72.5892033 72.2457063470439 73.7166600743815 73.1964011 72.9301109599999 70.164939258197 70 70 70.3009292892034 71.1619279728723 71.6071978 71.2497026995807 70.4694715761215 70.1964011 69.3933537199998 69.7273808697693 70.5637264585534 71 71.17752196 73.2889173895597 74.8035989 75.10664508 76.030979041132 76.5859483715306 77.006807804193 78.3739206600002 79.9862509647592 82.1565810367292 81.6851160851568 79.8335974737524 79.032848320168
-9999 -9999 -9999 -9999 -9999 -9999 69.7496739096767 72 72.173887244207 72.7031968011087 72.4826614199999 72.5887669800001 72.3868884341106 72.2150904864434 72.2678295 69.4101760634986 68.3074333491589 69.2724729618167 69.5356589999999 69.4927542728676 68.6970324795797 67.40959046 70.5488816544715 72.2460449177631 71.1109487895788 71.4643410000001 72.7847269600004 74.1959623800001 74.8945018421051 73.9536768011307 73.8034884999999 73.7275276809741 73.2455977633674 70.8827123043415 70.2678295 70.2678295 70.4684214646298 70.6840618850271 70.6742162476304 71.2345627997117 71.1820219741076 70.6081017087922 69.8763733982616 69.326115541839 69.0144884564227 70.7321705 70.90969246 72.89235988 73.7321705 74.03521668 74.6585819385723 75.4274649600003 77.5703217599999 79.3978040850051 80.7899227495344 80.804614494374 79.1120341018834 78.3261166562573 78.9603908792134
-9999 -9999 -9999 -9999 -9999 -9999 -9999 72 71.6255182199999 71.8918203600002 72.8336838204796 73.2672827800001 74.3269770653746 73.4457036871928 73.2724417961773 70.1380100251613 69.3576087058541 69.6780794800002 70.6908565921147 70.894152961099 70.2647949001667 70.4182507818646 71.5866921919479 71.4107399140727 70.3274950279583 70 70.8724345920211 72.05310558 74.2000247419586 75.2385466490575 75.963296759854 74.3102914754428 71.57197872 70.7694347537601 71.2606789241355 71.2056232496976 72.300425486167 73.0446294428174 73.19584958 73.6785158 72.8060843795409 70.3973786024902 69.4060756322606 69.323715229829 68.696485485708 70 70.1474090963233 71.8752769926611 73.0785781616456 73.7451148906298 75.1733780407717 76.7405298514018 78.1688785872512 78.6429684 78.2067542755514 77.015406549072 78.008665787041 78.9170592774954 79.3209046514891
-9999 -9999 -9999 -9999 -9999 -9999 -9999 72.5351461713347 72.4468908199999 72.5300637580437 73.9280248800001 74.9994532800001 74.4793577221106 73.5688440832002 73.5541334229777 71.3250091538218 70.05409102 69.8315897555562 70.4629971902452 70.9342104449342 70.8209362800002 71.7137725856876 72 72.1831282163095 71.37601394 70.1688887530687 70 70.4311545024469 72.6686614971363 73.89689981635 75.1148714130283 76.5137807751863 72.14329552 71.4208653211628 72.1790661199998 71.8923255599596 73.2206844146487 73.7724409306624 74.3048718840268 74.5893137 74.5893137 72.263769563812 70.2778383627828 67.8919132174721 67.9777835878387 70.0071182531498 70.5723531169211 72.420862492457 73.6423040800002 74.7678648312133 75.5893137 75.8520904349849 75.448835109674 74.7679411 74.7679411 75.9698007250353 78.8198212400005 79.4106863 80.3565880799999
-9999 -9999 -9999 -9999 -9999 -9999 -9999 -9999 73.9270897489797 73.6608900326578 74.99945328 75.7870284640674 74.6796092399998 74 73.5841110808449 71.3115535975173 69.59805439588 71 70.957204712605 70.35769112 69.9728451813402 71.78516568 72.3015726860551 72.2309290844177 71.7326283172198 70.4112354199999 70 70.3527254221323 72.0882142600003 73.3878734891857 73.9739207670447 75.009458088682 73.5147101806394 73.4048838880428 72.8800473135946 72.3468507543036 72.2163114568697 72.9637906800002 74.0167137402891 74.4821147 74.1638271165804 71.8313135098861 69.8168367866942 68.5808484733278 69.3922482799999 70.9899182716073 72.5842481202667 74.0772296548819 74.4903998069613 74.3717822818432 73.6746912004113 73.286517581432 73.0178192661386 72.2340355552932 72.990629879033 76.0558579120181 79.4091349400005 80.4215964712567 80.9719833271058
-9999 -9999 -9999 -9999 -9999 -9999 -9999 -9999 -9999 75.3655012499238 74.9254048747087 75.3170943978607 75.0450558372507 74.1485578047851 73.5554760068209 71.3070778511428 69.10818204 71 70.9603699050351 70.4820233029991 70.545527778074 72.1352992010728 72.2792679968912 72 70.9099280743612 69.6300557907833 69.8119021687475 70.3266374132885 71.6080337953246 72.3769751626396 73.39236348 73.9730693614321 72.53522028 73.3749381744957 73 72.5616532904238 71.9280200800001 72.7526206336482 73.1755679270522 73.0134654577199 72.1256370199997 70.8842648710402 70.195017056172 70.9815619800001 71.5293916478998 73.1129683698075 73.4464569 73.4293028280154 73.1077529199997 72.03632452 71.0049971797687 70.3987068443031 70.3393707 71.0542265751062 72.8032224165192 76.0462879497044 79.4091349400005 80.8744733800002 81.5235974035967
-9999 -9999 -9999 -9999 -9999 -9999 -9999 -9999 -9999 -9999 76.3662432334019 76.0513455267946 74.9272013230682 74.1006487312223 72.1931783689739 71.0941467196069 69.10818204 70.3858638683848 71.0554760826753 71.4247379060682 70.4618935687436 71.3182516766413 72.3909325601623 71.4426406917432 69.5213688284188 68.7429895827095 69.6601929800002 69.5427574887093 70.1780782800001 71.7960306198721 72.94590658 73.3511924084528 72.08876338 73 72.7104879773501 71.6364051456155 71.515468040094 71.4713788458032 71.2543894569746 71.1542259027778 70.7524097170684 71.35659048 71.6249715 71.4064024001195 71.9661916542308 72.7435567885214 72.3195554171879 71.58986762 70.3736847086064 69.0114345456839 68.750057 68.8615073285302 69.3233173685556 70.6553346743077 72.4478154771372 75.4692268085724 78.7841634400005 81.3425437600177 81.9797116257007
-9999 -9999 -9999 -9999 -9999 -9999 -9999 -9999 -9999 -9999 -9999 77.2324833059952 75.3760091399998 73.6773944455407 72.0129344756933 71.087411711536 69.7669129590811 69.3209374800002 70.4541823603155 71.7911708509325 70.6963999 70.5503294791655 69.83992102 68.633114973401 67.9569465320552 68.1787489853645 68.9637930800002 69.0814797758699 69.8030497800001 71.7489563600003 72.2871773322786 72.2983371983384 72.08876338 72.8884424604272 72.0016600101898 71 71 70.8646230820414 71.21373368 71.2863859767241 71 71.2221195954899 71.3036001 70.42912432 71.24950428 69.9108003 69.9456655951918 69.9202989835739 67.6088633388299 66.8182415294474 67.8251682201292 68.8317760893184 69.1570618587011 70.3023721319162 72.7801313425337 76.9102450663005 80.4983346400005 81.8856703168462 82
-9999 -9999 -9999 -9999 -9999 -9999 -9999 -9999 -9999 -9999 -9999 -9999 -9999 74.0985138832369 72.9647761199998 71.2218967828754 70.7803867040681 69.7585414179762 69.4097032600001 71.0719775199999 70.2321717 69.8587608587867 68.62552062 67.8964728326741 67.8879391203821 68 68.6601929800002 69 69.8030497800001 71.7489563600003 72 71.2454819882241 71.9524533096647 71.4271514021113 71.3562405781103 71.5351390240012 71 71 71.12011026317 71.5475460475475 71.7678283 71.2060705423389 70.383397495395 70.0291431715486 69.4933201830154 69.7678283 69.7884360876203 69.7654277386469 68.3040388199998 67.6060153467891 67.9417130996908 68.2321717 68.629393374042 69.7254531390143 72.7196474079302 77.0963269851266 80.0247059781834 81.1357888087608 80.5058815442957
-9999 -9999 -9999 -9999 -9999 -9999 -9999 -9999 -9999 -9999 -9999 -9999 -9999 -9999 -9999 -9999 -9999 71.6611760199998 70.7070504088086 70.83980582 69.8056091978636 68.85769232 68.1005482486768 68 68 68.4941246184877 68.945378298242 69 70.4770146882988 71.8543013884314 70.4122831303219 70.1780782800002 71.1464751813796 70.86555797535 70.3923634800002 70.85769472 70.4750256144608 71 71 71.5887621800001 72.5540693675421 72.10763772 71.7101722140824 71.6785134 70.73260922 69.1752897838935 69.9255067528364 69.1349939304339 68.9627689937041 68.5849231630256 68.3142803002447 68.4650296364849 68.51733138 70.0828803700557 73.4800094200007 77.1517089034038 79.6060899600003 78.6727504505898 78.330182526407
-9999 -9999 -9999 -9999 -9999 -9999 -9999 -9999 -9999 -9999 -9999 -9999 -9999 -9999 -9999 -9999 -9999 -9999 70.9191623267641 70.0750071728327 69.9793126524295 69.60763412 68.9106851 68.5046035287798 68.4711303508169 68.9632705495862 69.6012279100107 71.2432384792149 71.8755039215915 71.1924147823976 70.058924768398 70.9438067879952 72.578863737225 69.92912312 69.3209350800001 70.0622481463821 70.3744769800001 70.5939206144239 70.5604430651727 71.5887621800001 72.6601905800002 73.6009300279264 73.0900469164398 70.5215689105293 70.0941464627537 70.7913492129479 69.00055392 68.0893149 68.3002457611413 68.9729334607379 68.6031028393304 68.4555663198634 69.8991424595284 71.4627150008749 73.9502142812785 77.1948497399999 78.1434477641684 77.2260529175124 77.9507335571094
-9999 -9999 -9999 -9999 -9999 -9999 -9999 -9999 -9999 -9999 -9999 -9999 -9999 -9999 -9999 -9999 -9999 -9999 -9999 72.6316827664011 70.754633837277 70.2922099372925 70.964227 70.9562512704931 70.9555938335836 70.964227 71.6244199800002 71.9903992916268 71.2113139698898 70.1434083199998 70.9299551639137 69.9844567884787 68.0846695014108 68.3475607491811 69.9862563743496 70.2976281015738 70.9888115825028 70.9920243134206 71.49944728 71.9926443947326 72.0118084988092 72.0309726028858 70.4440419469619 70.0067355668831 70 69.0181304008076 68.1034722334625 69.1394376526546 69.968369831422 69.6844877554986 69.3610785008497 70.4101299800002 71.99888976 72.974757851805 73.0175388676447 75.2306227399998 76.8244543159654 77.0022452318886 77.016918872188
-9999 -9999 -9999 -9999 -9999 -9999 -9999 -9999 -9999 -9999 -9999 -9999 -9999 -9999 -9999 -9999 -9999 -9999 -9999 -9999 72.9464581 72.6758589705321 72.0535419 71.6076341199998 71.0535419 71.5477357572024 71.8222202269683 70.3617620387658 68.3192683620313 67.1656223665314 67.99944848 68.0526137522343 68.1727741999844 69.9464581 69.9464581 69.9626838967655 70.3544267709846 70.9703327212654 70.5103652535154 70.5792571884694 71.0171538160306 71.0143696297347 70.1969526199998 70 69.9493544929849 69.0708744800002 70.0535419 70.044965056235 70.012401256015 70.0535419 70.0535419 71.3435018544709 73.5745851000593 74.6863388454705 74.9828464409705 75.7564189635293 77.6596318600003 77.1322475537352 75.0575510614856
-9999 -9999 -9999 -9999 -9999 -9999 -9999 -9999 -9999 -9999 -9999 -9999 -9999 -9999 -9999 -9999 -9999 -9999 -9999 -9999 -9999 72.2273062362282 72.7500593999999 72.3041516199998 71.7500594 70.5725302399998 68.4296734399996 67.109868963345 66.8750297 67.7495078800001 68.7027260509254 68.7392234929531 68.2137336800001 69.1249703 69.1249703 69.3901468080429 70.0935970010674 70.5843961217798 71 70.4848156062631 71.2803430303208 71.2348413634163 70.2973096919927 69.9064032988613 69.1655453782918 70.1423028800003 71.1249703 70.9847998348754 70.4236676930963 71.0757435440569 71.2499406 71.7515682091818 74.7676146267259 76.4112402199999 74.6796236399996 76.1034193965123 78.4811196600003 77.2353661406403 74.2805042892173
-9999 -9999 -9999 -9999 -9999 -9999 -9999 -9999 -9999 -9999 -9999 -9999 -9999 -9999 -9999 -9999 -9999 -9999 -9999 -9999 -9999 71.10775292 70.3372566365913 69.7684974199999 69.1128010467852 67.956109938118 66.2830023690632 65.9472907879242 66.1577179328273 66.8991305022697 67.1857748226334 67.4240627924637 69.2677290675604 70.0314614573427 70.1963987 70.1963987 70.7982590758963 71.3576959199998 71.0068086637162 71.1963987 71.0667381283357 71 70.8422825385296 69.3981415527469 70.1423028799999 71.4067258838205 72.1963987 72.1649377140142 71.8593610817776 71.939371884208 73.34349134139 74.3934272944022 76.3258569494987 76.6076389199999 75.005682440307 75.568653469579 77.4483729698868 76.7573824849833 74.7153990400002
-9999 -9999 -9999 -9999 -9999 -9999 -9999 -9999 -9999 -9999 -9999 -9999 -9999 -9999 -9999 -9999 -9999 -9999 -9999 -9999 -9999 67.7068058851254 66.9223350463551 66.2572903951696 65.6212204688145 64.8367496300441 65.0190296087264 65.8035004474966 67.0181282737332 67.5020360549627 68.2282213638077 69.2851620800002 70.2678271 70.3422114802376 70.7942070611109 71 71.1002950835702 71.0607728095995 71.4224808419117 72 71.3398094199998 70.8040526102816 70.3592812218959 70.5020354121777 71.7348971534073 73.2678271 73.2440545041335 72.9256167341924 72.7052384616744 73.733201239111 75.3518415784299 76.7137300800002 77.3694923902668 77.0332718444739 76.2488010057035 76.1959467469333 76.8557948718372 75.016845570607 72.8403693400001
