catData/variables/pastClimate/midhol_CCSM4/bio11.asc
NCOLS 409 
NROWS 350 
XLLCORNER 60.897278365 
YLLCORNER 5.843756025 
CELLSIZE 0.0892857 
NODATA_value -9999 
[rows 260 to 285 of 350, columns 174 to 231 of 409]
21.867334991564 21.8330846712115 22.041028118 22.1250781326371 22.073268229087 21.941126182 21.802157642013 21.4565322448737 21.3510856782263 21.5688378533369 21.7435764862133 21.7508949742367 21.6687830926865 21.3167493577268 21.128632032 20.8856720479633 20.614576404973 20.8907733001272 21.0534601387728 21.1893650341637 21.3519986617137 21.4440941957912 21.2925986947448 21.2580573994553 21.0630036743445 21.5543587603918 21.9130921180559 22.033912154308 22.098721010342 21.6629043093589 20.7431457009271 20.5499333594628 21.7009110314864 22.393986984036 23.0482323353149 23.6463508101426 23.7905038034856 23.8452888420645 23.8973907283855 23.9 23.908873218 23.9922788842646 23.9397970901853 -9999 -9999 -9999 -9999 -9999 -9999 -9999 -9999 -9999 -9999 -9999 -9999 -9999 -9999 -9999
21.666945597491 21.5658584020001 21.882093868 21.9398763640132 21.939482404152 21.885774752 21.6760740897587 21.4103134743238 21.2198977395935 21.5000348304892 21.639236588 21.6436905153457 21.5626760459999 21.223516760361 20.8810729958042 20.7410292539693 20.4461483566634 20.6418708654499 20.892758616 21.048170718 21.155313558 20.9946537955588 20.878794490437 20.8382076149368 20.9910127731847 21.437406946 21.6299838378934 21.6462112839761 21.8520120179999 21.4369700578586 20.9137845946867 20.448742145387 20.7209249278285 21.9665127346045 22.8758096243371 23.509240373274 23.6914054045609 23.7376990308022 23.8915916628848 23.9009577889674 23.95931319495 23.983983942 23.9 -9999 -9999 -9999 -9999 -9999 -9999 -9999 -9999 -9999 -9999 -9999 -9999 -9999 -9999 -9999
21.5681541982039 21.5647668020809 21.7906429667311 21.730423322 21.726742438 21.7529304047802 21.4981991275044 21.0458104871569 20.9149827837781 21.3715943532828 21.532093748 21.535774872 21.3942479776385 20.86994023 20.473182298 20.5045626477316 20.4093569732964 20.5476103692732 20.7064752347639 20.808183380794 20.8172584424722 20.2662898968773 20.2958604616388 20.6560601606203 20.806427509889 21.2388038918288 21.3180625928009 21.4190581149678 21.6008057706941 21.3352348179466 21.2123172892955 21.6340138157721 21.8472892563699 22.5770737718843 23.2282359174771 23.3115954331408 23.2949165819535 23.4842691993377 23.5834686832318 23.901730378 23.9944547471854 23.9314987905299 -9999 -9999 -9999 -9999 -9999 -9999 -9999 -9999 -9999 -9999 -9999 -9999 -9999 -9999 -9999 -9999
21.5555863379867 21.6668763259695 21.6668417686419 21.4850877512939 21.442819648 21.49108867 21.2270220379999 20.7540240021954 20.8784259103369 21.2812624036195 21.293214183717 21.4274267125106 21.2198423656745 20.6641500390737 20.0072288710664 20.2332918477622 20.367807948 20.4884889624231 20.5450188329249 20.6071121877272 20.4827210183792 19.8345473339372 19.9759533196835 20.4979504700002 20.6265939750124 20.7833824923603 20.8792255671249 21.1704518018876 21.2789291940206 21.4420354412561 21.4728399025002 21.9385031426565 22.5015696789791 22.9766330494251 23.1651613310167 22.4516117712832 22.9775960746252 22.883925559181 23.04050720365 23.832093268 23.9276687245792 -9999 -9999 -9999 -9999 -9999 -9999 -9999 -9999 -9999 -9999 -9999 -9999 -9999 -9999 -9999 -9999 -9999
21.392759336 21.4766414636964 21.3274610972452 21.2230290739376 21.0816721089571 21.1380834880235 21.0576561890121 20.8197056599693 20.8281448721391 21.1087756340001 21.051852082 21.164869482093 20.871011849775 20.4985722098681 19.7926981840001 20.0372924303414 20.0783549111901 20.137468098 20.232599034771 20.2833306242484 20.1455183187321 19.6137169857127 19.5826807599199 20.1876052993481 20.2189990306909 20.2959395856351 20.484714872153 20.688509522385 21.1635476740381 21.9071655935575 21.9118741803861 22.029397034963 22.3368391875042 22.4927647935608 22.9020216796827 22.4797290212044 23.0149713534714 22.4739118257936 23.1617926146784 23.6508276447265 23.9 23.8877028786756 23.841001440305 23.9 -9999 -9999 -9999 -9999 -9999 -9999 -9999 -9999 -9999 -9999 -9999 -9999 -9999 -9999
21.2429602484211 21.2666777141921 20.9963968139729 20.887216502512 21.0434140800319 21.0933880573549 21.0893863632584 20.8762063021284 20.5304321500606 20.653257940902 20.7445598394226 20.3438600689736 20.2787158639999 20.046405096857 19.8534009240001 20.0584923232225 19.9685750626093 19.9232456999961 20.0272990366172 20.11607721 19.9840443739999 19.7841081142845 19.8833850190702 20.2381835892666 20.2687157142966 20.203461236 20.4014266044769 20.5742316709542 21.5805440790021 22.198147558 22.192955944 22.2087770054108 22.6009911760125 22.8130019301843 22.9493114854263 22.8723466182532 23.3272456946893 23.325240360418 23.3003828494171 23.6862095610097 23.81607721 23.8135022747216 23.823158898 23.9 -9999 -9999 -9999 -9999 -9999 -9999 -9999 -9999 -9999 -9999 -9999 -9999 -9999 -9999
20.9988474539254 20.9579179368496 20.9955523641163 21.0257523664501 21.142796608 21.19106563 21.1309471444873 20.9471446637585 20.569856278 20.3474259769986 20.3352539535038 20.2015762167421 20.2733182339999 20.0882036764678 20.1004945570405 20.160763412 20.0877201499716 20.08213126 20.1384838135367 20.19106563 20.1191510609551 20.008972002 20.0696078445531 20.2737681603073 20.3861369559387 20.476658126 20.7297615830136 21.4284942072946 22.1030576713888 22.321367608 22.4184740722422 22.5168174306802 22.6523489343767 22.932322244607 23.0880293896024 23.2843974945741 23.3983749406636 23.170038174594 23.5495195656683 23.7001545983729 23.717014821873 23.8 23.823158898 23.9 -9999 -9999 -9999 -9999 -9999 -9999 -9999 -9999 -9999 -9999 -9999 -9999 -9999 -9999
21.0223297949913 21.0969598176258 21.1349829242527 21.241005078 21.2973437159902 21.1825703182232 21.035774872 20.855472534 20.480582178 20.3986583168052 20.3053150247189 20.3947480996807 20.2909673270382 20.2139380669168 20.2968318472047 20.2381469073261 20.1367742185524 20.241997562431 20.2973437116905 20.29820847 20.232192052 20.125049212 20.2573740298238 20.3854284802978 20.492796248 20.5999700925407 20.7621142060002 21.4806553635671 21.9953898061901 22.330301978 22.4742188008521 22.5552184145387 22.553522028 22.8951034864878 23.2296669567327 23.4440456417552 23.5770716961234 23.5917171460058 23.6924081444781 23.7 23.7001589663624 23.7175206555161 23.8004148986053 23.8315504032732 -9999 -9999 -9999 -9999 -9999 -9999 -9999 -9999 -9999 -9999 -9999 -9999 -9999 -9999
20.912456998 21.0212214164652 21.132093988 21.2838249660001 21.3484542819976 21.246477492 21.0803835060424 21.0043089554027 20.6027855370436 20.50535131 20.50535131 20.5017043468455 20.2867247101769 20.221367848 20.30535131 20.2447468739999 20.1033475088667 20.0577981386444 20.057082048 20.2167974506663 20.2981814331781 20.1615114413785 20.2670096017996 20.4896000854235 20.5211156152229 20.8200708304046 21.090629695019 21.5722341987305 21.8789407167324 22.1659552660001 22.3842485225803 22.560641588 22.8146711440625 23.117746676 23.266016178 23.4424030701539 23.4989458913573 23.587444698 23.6895258656203 23.694741287891 23.7004748334022 23.7196532301733 23.7958879944246 23.8 -9999 -9999 -9999 -9999 -9999 -9999 -9999 -9999 -9999 -9999 -9999 -9999 -9999 -9999
20.7327601705877 20.8606049160001 21.037445298 21.194747184844 21.3706884739878 21.366114482 21.3002436391735 21.068027356 20.6863626871264 20.6234196817071 20.636806268851 20.6182811239948 20.2441387617227 20.328510688 20.41249415 20.3518897139999 20.175049092 20.118065028858 20.176719038 20.2176325468543 20.2702623777105 20.3182812548668 20.3952573334228 20.7294973968367 20.9405071111899 21.2254273899647 21.9735615343055 22.0894601502966 22.1433779385597 22.3404910568315 22.5935363750875 22.857081808 22.964224648 23.130240826 23.278510328 23.3765125705526 23.480301858 23.5765192262649 23.58750585 23.601730378 23.7077645848333 23.7754919326212 23.7327595405456 -9999 -9999 -9999 -9999 -9999 -9999 -9999 -9999 -9999 -9999 -9999 -9999 -9999 -9999 -9999
20.8059934343879 20.8153804453528 20.9858874574237 21.2120019704006 21.5136203629768 21.5838852635066 21.3608609959999 20.996333506081 20.7709332481657 20.8267191580001 20.933861998 20.8723357207629 20.5090207648111 20.416016538 20.5 20.4512964510368 20.301828922 20.2751061569286 20.391684447696 20.400037392 20.3200200577969 20.4606847921776 20.5038680750459 20.5702733842695 21.3167742260284 22.0654936007165 22.46415187394 22.7293630503267 22.7944266327737 22.8529898227793 22.8509508693353 22.8989367516562 23.071367488 23.2258227145043 23.366016178 23.4 23.4645329901747 23.4975345166018 23.5 23.601730378 23.7 23.716016058 23.8 -9999 -9999 -9999 -9999 -9999 -9999 -9999 -9999 -9999 -9999 -9999 -9999 -9999 -9999 -9999
20.836723252329 20.6165075543089 20.6978546374422 21.1081014875567 21.5690464019658 21.8014199563749 21.673188834784 21.1805664803864 20.9908894907952 21.0912023380117 21.1763768275792 21.2704178628299 20.6798664790434 20.416016538 20.5 20.5081148824666 20.489334772 20.45066095657 20.7047987224708 20.8080663296901 20.5358498959999 20.6337849990784 20.6483219873308 20.63389915 21.5983733695525 22.4062862387415 22.3886099308377 22.6554186951165 22.4358223919999 22.5007336679505 22.7070835338126 22.78341142896 23.178510328 23.2698869881683 23.366016178 23.4 23.4215047010592 23.4908069865316 23.5253303818776 23.6008035934265 23.6488165726959 23.6935253011051 23.8 -9999 -9999 -9999 -9999 -9999 -9999 -9999 -9999 -9999 -9999 -9999 -9999 -9999 -9999 -9999
20.921526104 20.6260767023414 20.499928934871 21.0863260110873 21.5893753830454 21.9037965369966 21.9351505231151 21.6339476730802 21.402326701122 21.4851762276724 21.50176801 21.5580167435049 20.9527782025785 20.4621289286753 20.440010939373 20.5169381908297 20.6472870658266 20.7739145514986 21.2647365813793 21.4062166771643 20.981985969504 21.0298763333316 21.2107304728305 21.4154406364968 22.0372634350437 22.4160090346647 21.7530838643754 22.1532357987491 21.4483308015859 22.0266161160016 22.9345846981267 23.0686653397479 23.285653168 23.33392267 23.3775443977905 23.4248174922514 23.4869839937068 23.5 23.594587538 23.598269622 23.5118832504606 23.6605217114977 23.8 -9999 -9999 -9999 -9999 -9999 -9999 -9999 -9999 -9999 -9999 -9999 -9999 -9999 -9999 -9999
21.135811784 20.8376478487606 20.6992451328106 21.2095165274617 21.5962584440001 21.8935101303819 22.0931267352927 21.9516303369671 21.8348052466416 21.6795572967355 21.7754636459718 21.7317926466602 21.1479685819624 20.517462149014 20.3326698946886 20.5319721640001 20.8687776880375 21.2342049617121 21.6393632372272 21.7716718241219 21.3966314976771 21.3409017775405 21.7033394120001 22.3427103577591 22.2796873762329 21.8540518797843 21.5867897865237 21.5148721745681 20.8179426601316 21.9831515181946 23.0902665414803 23.285653168 23.3715526151708 23.4 23.4271098801782 23.4841814041473 23.5 23.5359096112017 23.5968101931239 23.639335132 23.5551681137749 23.716016058 23.8 -9999 -9999 -9999 -9999 -9999 -9999 -9999 -9999 -9999 -9999 -9999 -9999 -9999 -9999 -9999
21.2907242442958 21.0821342010562 21.1727711816816 21.4621121971235 21.7034012840001 21.965955986 22.1484161244531 22.0889499908541 22.04820835 21.6562717605315 21.792565408449 21.8363404313388 21.0951938869486 20.3947141500908 20.394527106 20.6683314026225 21.040250348145 21.3783515920001 21.8798848901632 22.14104175 22.0726597656938 21.926408805154 22.0907382426165 22.5845332689269 21.7091092976981 21.7914089232347 21.2641296829306 20.8560886899688 21.1172916832165 22.3704543403333 23.2208564461634 23.3713010337746 23.4 23.4 23.466016178 23.5 23.5387122007612 23.5934974019317 23.6455990913754 23.6991038086826 23.657081568 23.7565033307032 -9999 -9999 -9999 -9999 -9999 -9999 -9999 -9999 -9999 -9999 -9999 -9999 -9999 -9999 -9999 -9999
21.4243297084873 21.3820096760001 21.5922878179159 21.6613422500363 21.7265592220784 21.962396446 22.1472064738013 22.2078298074821 22.21070238 21.8218784366205 21.8082859944396 21.9430181055014 21.1837059376798 20.5661764548606 20.5442021446804 20.6894538121843 20.9711481995936 21.4396941077221 21.8706780086062 22.3187674061115 22.3822694440832 22.4739621514909 22.6017068580001 22.7869359464446 22.1992036511757 21.0261946438882 21.0507915657913 20.9038716992021 22.3774254302795 23.0845903115009 23.4066948932873 23.4 23.4 23.4 23.466016178 23.5404943870553 23.5912050140049 23.6484016809349 23.6452280722506 23.7 23.708873218 23.8 -9999 -9999 -9999 -9999 -9999 -9999 -9999 -9999 -9999 -9999 -9999 -9999 -9999 -9999 -9999 -9999
21.3605385613792 21.4109972803866 21.6983523437657 21.8222834213527 21.8564517572682 21.943449044517 22.1320333160001 22.273159498 22.3501841672004 21.6301772075895 21.7614832773813 22.180558658 21.7275835689802 21.1605121145015 21.2763762530135 20.5560757747163 20.4149648066803 21.5803414495251 22.0310073093753 22.378229528 22.5754678641397 22.7511728147154 22.905290158 23.012432998 22.4220305034824 20.5494316961175 21.9606985095412 22.3740540403829 23.3193272873506 23.4287812343343 23.4234619277944 23.4278646243668 23.46249403 23.46249403 23.4872540379158 23.573159018 23.6501838672291 23.6952910121985 23.664524026374 23.7010813829464 23.7658220164811 -9999 -9999 -9999 -9999 -9999 -9999 -9999 -9999 -9999 -9999 -9999 -9999 -9999 -9999 -9999 -9999 -9999
21.2394587781583 21.3486433354316 21.5791779925106 21.7809523196945 21.9867036536988 22.0161517897906 22.0400894473804 22.1848317425149 22.36658550272 22.4124084008021 22.3314650460884 22.7708921353171 21.8203765007831 21.8250738637456 22.1558643099998 21.0990368367786 20.9190916109175 22.0754889066042 22.5495438010844 22.735710973119 22.8852455071813 22.9533374912272 22.9940191004085 23.1483388557967 22.3842148360017 22.0123625117247 23.1428973875283 23.3234997581488 23.423159138 23.4907993710273 23.46963687 23.514224528 23.56963687 23.6106344198477 23.63927374 23.6614871077421 23.694019027537 23.7608937506682 23.76963687 23.7701622669216 -9999 -9999 -9999 -9999 -9999 -9999 -9999 -9999 -9999 -9999 -9999 -9999 -9999 -9999 -9999 -9999 -9999 -9999
21.4357168604625 21.5374304753754 21.767784428 21.8956342578985 22.0405227711115 22.1315324754527 22.15355942 22.1875351151963 21.9290133603226 22.0983474577679 22.1389364696605 23.0719567870349 22.7933835288188 22.7952053188579 22.9535564028634 22.4720482615199 22.4588742343498 22.778070402646 22.7431801866173 22.935653288 23.042796128 23.07677971 23.1384354279683 23.3284492960001 23.1778509691508 23.1433303331105 23.4835927253194 23.5658566871572 23.6179352300102 23.6000454808327 23.65355942 23.5612099799672 23.5258776326919 23.7040761161837 23.77677971 23.77677971 23.77677971 23.7970846224652 23.8 23.8 -9999 -9999 -9999 -9999 -9999 -9999 -9999 -9999 -9999 -9999 -9999 -9999 -9999 -9999 -9999 -9999 -9999 -9999
21.7712037919959 21.8503057876012 21.921367848 21.9910911855929 21.9649030662449 22.040437127348 22.11607745 21.9932828174224 21.7488959692776 21.9482765792297 22.3166525981002 22.7541417388066 22.0786138483088 21.4109686295604 23.3054453312357 23.437244325739 22.9718114628645 23.026562618951 23.0445637006098 22.830269430397 22.730326218 23.0098982594987 23.2476936663451 23.3854264041845 23.4793804752859 23.4698539572437 23.6076896724537 23.8543426623028 23.844685962 23.798147078 23.8364204538915 23.6501595759999 23.6307970990493 23.8361837694803 23.88392255 23.8225256365394 23.8 23.8 23.8793802738718 -9999 -9999 -9999 -9999 -9999 -9999 -9999 -9999 -9999 -9999 -9999 -9999 -9999 -9999 -9999 -9999 -9999 -9999 -9999
21.7110038315458 21.71786922 21.755314518 21.7772648582365 21.675072852 21.7981651379696 22.0381058741454 21.3540741644182 20.5541686276058 21.4041107054375 22.09529901697 22.5842089032954 21.2105090344403 21.8762453916176 23.7377173627191 23.632085864002 23.4212274618966 23.327641171587 23.046586788452 22.1035283126987 22.4458325387049 23.0415222847624 23.260604196 23.307812864175 22.9728387433598 22.8705768641245 23.3534242040001 23.685145046949 24.0100861706807 24.0483089191132 23.9877198415465 23.8889717306495 23.8341705044947 23.8963254931443 23.9 23.8934635270619 23.817938189835 23.8 23.8084510276289 -9999 -9999 -9999 -9999 -9999 -9999 -9999 -9999 -9999 -9999 -9999 -9999 -9999 -9999 -9999 -9999 -9999 -9999 -9999
21.5563024681748 21.316096787055 21.258519011152 21.5045763931197 21.5026566398555 21.678413224 21.8689912946731 20.5240398774982 18.9826203052092 20.8085507944106 22.2320544976194 22.8737613550167 21.8294795891555 23.4174194857982 24.2151623724257 24.1988856720514 23.8800478346315 23.5186698357399 23.0921501521557 22.9423135004807 22.7951828563375 22.9935988807259 22.7085613123092 21.9255173833244 22.3774552637012 21.8146735248588 21.8139408527492 23.762273422 24.121367368 24.167906252 24.09820823 24.0528216637202 23.997343351544 23.99820823 23.9333749100725 23.9 23.8985611753989 23.7264524497306 23.7946845168704 -9999 -9999 -9999 -9999 -9999 -9999 -9999 -9999 -9999 -9999 -9999 -9999 -9999 -9999 -9999 -9999 -9999 -9999 -9999
20.9396380119999 20.6014270577394 20.996282684 21.1322008245717 21.1223927188445 21.4055895427872 21.5089421171625 19.6116821155463 18.0434296319999 20.1690581452554 21.4360468368357 22.5362091623071 21.199440280626 23.0570300574397 24.3439620585284 24.517991284 24.2388340443256 23.881131094534 23.6122212819924 21.4038210771863 20.3082602668642 21.7084741580366 20.7421200878367 21.3254588990935 21.7410451759678 21.1295391097421 23.2078353530514 24.2062081133174 24.2094628783142 24.2037295899458 24.2 24.1577982587909 24.1025829348407 24.0442770155277 24.0018184981039 23.926840982 23.9 23.812555302 23.8 -9999 -9999 -9999 -9999 -9999 -9999 -9999 -9999 -9999 -9999 -9999 -9999 -9999 -9999 -9999 -9999 -9999 -9999 -9999
20.502386026512 20.1602689581698 20.6217413776627 20.6578255916647 20.5405598723331 20.816369277669 20.9665526469868 19.7953328068558 18.5092912575128 20.3112390940009 21.2857516096794 21.6224255421776 20.1974938439439 22.0247462724008 23.781246108595 24.1333374032246 24.079605139846 24.183421994306 23.9339929675441 21.1601847273606 20.3860161226981 21.3811807554883 22.1445916628869 22.4623837323477 20.9386945896024 21.0759886128681 23.355687417426 24.328510208 24.389334772 24.282191932 24.21249391 24.2069231681384 24.148269502 24.0926444181363 24.021489912 23.9234874938658 23.9 23.8234805638679 -9999 -9999 -9999 -9999 -9999 -9999 -9999 -9999 -9999 -9999 -9999 -9999 -9999 -9999 -9999 -9999 -9999 -9999 -9999 -9999
19.999584150876 19.5801200820002 20.04613674 20.3135122799436 20.2570940000001 20.4820976632634 20.2054820012812 19.3942459972351 18.8357349137872 20.3335995692278 21.3191485988769 19.9174912807163 21.1398514791891 23.427049070103 23.3241449232468 24.2241991708277 24.4313781387196 24.4487820098184 24.256325464471 23.8424899367046 23.5813635399232 23.5006045875719 23.6233824737711 22.8671411519406 20.6842325474251 21.8744917861788 23.3764909480709 24.4325079676025 24.4813885640312 24.3952850956649 24.3319205547014 24.275049092 24.1475898748679 24.021489912 23.9273105038334 23.9143660534671 23.91963675 23.91963675 -9999 -9999 -9999 -9999 -9999 -9999 -9999 -9999 -9999 -9999 -9999 -9999 -9999 -9999 -9999 -9999 -9999 -9999 -9999 -9999
19.6189289542702 19.5761386137905 19.8451874673441 20.456926542365 20.5647915761886 20.934444190177 20.73241508357 20.5692120844418 21.373765723616 21.2955050434272 21.5086475349524 21.2256349343997 23.6192672969824 24.7461209684172 24.7162251971503 24.716138602 24.6290510280153 24.469410233096 24.3551667178385 23.7050923335798 23.2149619437077 23.5443634006789 23.7894132932116 23.9883264605115 23.8435666096621 24.1846037191903 24.4332767723288 24.5 24.5 24.5 24.4725827507366 24.382191932 24.1854413112693 24.0104518805357 23.98033877 24.0143144178632 24.02677959 24.02677959 -9999 -9999 -9999 -9999 -9999 -9999 -9999 -9999 -9999 -9999 -9999 -9999 -9999 -9999 -9999 -9999 -9999 -9999 -9999 -9999
