catData/variables/pastClimate/midhol_CCSM4/bio11.asc
NCOLS 409 
NROWS 350 
XLLCORNER 60.897278365 
YLLCORNER 5.843756025 
CELLSIZE 0.0892857 
NODATA_value -9999 
[rows 234 to 259 of 350, columns 174 to 231 of 409]
22.4750105 22.4636454873709 22.4936653334874 22.6042071426273 22.7284514560001 22.9206563633746 23.0782606206246 23.198148998 23.1748047546227 23.16249475 23.0324312593791 22.860763892 22.76249475 22.7685017926183 22.8 22.830302218 22.8859561373844 22.7565961513853 22.521528024 22.4029088173872 22.3462274546119 22.3249895 22.1142007086101 21.0678407162643 20.7830902426999 20.5057989266075 20.8751745147871 21.2424407860565 21.1143558388379 21.1436105364154 21.5045734769853 21.9006583707755 22.2146366907978 22.3780030232005 22.6315304211988 22.6426740822047 22.6727085751951 22.8405216531934 22.86249475 22.901730378 23.0055452954061 23.068501612593 23.0971014902236 23.1215784777738 23.2 23.2 23.2 23.2 23.133984062 23.0542796045858 22.957203632 22.9047089874159 22.805412702 -9999 -9999 -9999 -9999 -9999
22.3626180096568 22.511841392924 22.721248664 22.9399628747291 23.0099639032748 23.157022816 23.2593194283703 23.342797088 23.4011764777937 23.3480180554696 23.310555978164 23.107181912 23.00891277 22.9977592389354 22.9231475473018 22.8577363393365 22.8564382459653 22.8729240791977 22.7718377432324 22.667914629134 22.573258762 22.4373824917338 22.1031732602333 21.4759732994019 21.5484019359325 21.4283146819981 21.5065794692922 21.2663922842623 20.5844101802718 20.6994021564109 21.4961527941755 22.2417286091883 22.612373766 22.7267881342643 22.8713075360001 22.8883290029971 22.9255578686364 22.96582549773 22.96963759 22.901730378 23.008873218 23.1 23.123158898 23.2 23.2 23.2 23.2 23.1590021933945 23.1103183802391 23.026841222 22.9756184935062 22.9087433768602 22.8712810167733 -9999 -9999 -9999 -9999 -9999
22.4230996660001 22.6606517035531 22.9371460931808 23.121368568 23.2164996973516 23.3261049253822 23.4274683038841 23.526720358 23.5722067175836 23.5564760356827 23.55356086 23.428610432 23.3235280265187 23.237544322 23.130401482 23.023258642 22.9335049649077 22.8657652201876 22.8112079150786 22.7863298083448 22.710764012 22.6428058997544 22.4941017864303 22.2654883654096 22.0415511772966 21.4616860543476 20.9734822979998 20.6615875675916 21.0619348101851 21.6080478879588 22.1161898663614 22.5530892384607 22.780241426 22.87678043 22.9074377753241 22.9624041692084 22.9954261761296 23 23 22.901730378 23.008873218 23.1122971982014 23.1821578265324 23.2 23.2 23.2 23.2 23.141126902 23.1 23.0830128463312 23.0151245024026 22.9796957728636 22.9041558958702 -9999 -9999 -9999 -9999 -9999
22.6141657760001 22.8333231003561 23.0273885474572 23.144588138 23.2951453063406 23.442797088 23.6053432661384 23.6796081949628 23.6165309220639 23.6 23.6 23.4997217346327 23.475049572 23.367906732 23.260763892 23.1281904397718 22.962554942 22.855412102 22.8 22.7505913681764 22.650060312 22.61607673 22.6705589250404 22.582420045419 22.4428455186359 22.0551928871327 21.1299868324627 21.183500246 21.7780128786927 22.0180579880616 22.6065457905777 22.80352570539 22.9278936104911 22.8851064091845 22.8714796653067 22.850364137589 22.8995454051044 22.9894631800033 23.0793809549021 23.0666725383981 23.008873218 23.116016058 23.2 23.2 23.2 23.2 23.2 23.1905351309919 23.1285205361092 23.1 23.019698382 23 -9999 -9999 -9999 -9999 -9999 -9999
22.6674097992035 22.9516710260001 23.1626113842665 23.326720358 23.4384847866705 23.549939928 23.6629806236074 23.7 23.619697662 23.6 23.6 23.5 23.491126302 23.3693978238867 23.185774512 23.0759245051763 22.962554942 22.855412102 22.7528908292291 22.650060312 22.6030360558339 22.6666232903655 22.698240211103 22.6921877654285 22.596478332 21.9063434770167 20.8012344411618 21.3775629495631 21.2460836976553 21.3249185523239 22.5380894625968 22.935653768 22.9485787035755 22.8984145314875 22.957082288 22.8512840201932 22.9534296363384 23.078510808 23.0995164565986 23.189335732 23.099939328 23.1924969670041 23.2 23.2 23.2340993205905 23.2504620828779 23.2 -9999 -9999 23.1 23.0928259417797 23.09106611 -9999 -9999 -9999 -9999 -9999 -9999
22.7449429863382 22.9606049160001 23.174890596 23.344588138 23.5025354283186 23.657082768 23.6993913413531 23.7 23.619697662 23.6 23.6 23.4000911925322 23.3034231676319 23.269757974 23.078631672 23.0012483221245 22.9993293402887 22.8660424390942 22.650060312 22.6007365947812 22.6648340309454 22.8432171471096 22.8175540527262 22.884087705438 22.801830122 21.6879135492988 20.9038958056529 22.0204257162841 22.1590622450355 22.2038942213469 22.6843126454129 22.9552184664972 22.9008645309156 22.9578188870798 23.0642251280001 23.0955883208163 23.0975033428554 23.0997751282635 23.1 23.198269622 23.108873218 23.2157292023932 23.29820895 23.29820895 -9999 -9999 -9999 -9999 -9999 -9999 23.1193455741292 -9999 -9999 -9999 -9999 -9999 -9999 -9999
22.751671026 22.9659567060001 23.1782383922862 23.344588138 23.4489624446925 23.553522028 23.59464821 23.663892365302 23.6935940324949 23.4416724405833 23.4002896379115 23.392917352 23.2759510106355 23.068785263479 23.012455798 23.0606159130727 22.957203152 22.7139103673335 22.48929642 22.49244721026 22.5087804502275 22.6662892158537 22.9494206550484 23.00535179 22.8009898162673 21.0285315828767 20.5760725745139 21.3279437887306 22.3912786502738 22.6962577240001 22.9327767678738 22.8941899996441 22.7976019428568 22.9167969111685 23.060664388 23.1638919109906 23.1978915936125 22.9563853324123 23.0058704452001 23.2000926061968 23.20535179 23.2205107022096 23.3 -9999 -9999 -9999 -9999 -9999 -9999 -9999 -9999 -9999 -9999 -9999 -9999 -9999 -9999 -9999
22.8492129445786 23.0693133659921 23.237445298 23.339017015133 23.38750537 23.453735253726 23.5 23.4725769742451 23.542818448 23.4859968834439 23.380422722 23.2855582476971 23.1406246837323 22.7895065771619 22.8202656994086 22.8912915200209 22.8578763205496 22.55899478712 22.2879378686187 22.3735856494777 22.6973034391685 23.0478206854022 23.1149558099727 23.1015687085432 22.662516288659 21.7858958616841 21.0651061205097 22.0126302441261 22.776840862 22.7833336939325 22.8299100594632 22.6209317473566 22.8047375753556 22.9301278842483 22.9827569608188 23.01249463 23.173098346 23.2890134365303 23.2290491877984 23.2140088036713 23.3011086757582 23.3104934828123 23.3 -9999 -9999 -9999 -9999 -9999 -9999 -9999 -9999 -9999 -9999 -9999 -9999 -9999 -9999 -9999
22.8694788540001 23.124351821901 23.217807828 23.2716065477767 23.2708837152854 23.3865488376524 23.4736890614098 23.2896173849438 23.2684011129319 23.28036253 23.185774512 23.1569234472795 22.9179516355652 22.6900885823104 22.74108759 22.7654392190309 22.7465600039999 22.4152142776535 22.2522152778445 22.5621407988708 22.9960510928809 23.2712268286581 23.239335372 23.132192532 22.930461914 22.4278909751338 21.7406640860003 22.4460505871406 22.7677451244459 22.6731754124825 22.6262442705065 22.7675259480001 23.151730498 23.1642491301755 23.13927494 23.1536415202121 23.2879776194517 23.31963747 23.3956504086015 23.31963747 23.3267682124772 23.383983942 -9999 -9999 -9999 -9999 -9999 -9999 -9999 -9999 -9999 -9999 -9999 -9999 -9999 -9999 -9999 -9999
22.838467766524 22.9823286343801 23.0671323348848 23.1137920835796 23.1110969517256 23.205313198 23.3301355036641 23.3196525323588 23.2412028770536 23.1799441305031 23.0533007075567 22.9694177034141 22.7399341143342 22.5754049049447 22.4402372267775 22.4440041537519 22.4551935918362 22.424928828 22.5736326240051 22.9939642725175 23.292796728 23.3803472919139 23.319697902 23.2359730874757 23.037604754 22.1166612988653 22.0156826046806 22.742796608 22.7573028959999 22.4012566448436 22.2375666576967 22.7259060410343 23.1526573634579 23.2698871855763 23.3176793371186 23.3803471161866 23.4 23.423417961203 23.42678031 23.42678031 23.42678031 23.4304991890178 -9999 -9999 -9999 -9999 -9999 -9999 -9999 -9999 -9999 -9999 -9999 -9999 -9999 -9999 -9999 -9999
22.4615880957213 22.5557509608432 22.8282648213915 22.9321537 22.9497024772634 23.024950668 23.1981101660001 23.26607685 23.26607685 23.0911864939999 22.9089880492282 22.9345103115556 22.944235443883 22.6482865217895 22.352543312538 22.3207198359418 22.4144550011929 22.618446545602 23.0098666436958 23.3134962116494 23.4114678694973 23.43392315 23.3808620531577 23.3381822225149 23.144747594 21.9631802812996 21.802015912338 22.8566964340251 22.7444657542448 22.2938952263495 21.9807698731096 22.740024815476 23.1715660295678 23.3 23.3212266438256 23.3569715434147 23.3933177697421 23.487444698 23.5320870723971 23.5333361512755 23.5 -9999 -9999 -9999 -9999 -9999 -9999 -9999 -9999 -9999 -9999 -9999 -9999 -9999 -9999 -9999 -9999 -9999
21.8230403027643 22.162360321256 22.5218039226643 22.5991149194154 22.6903103910096 22.9009189542125 23.0909673260001 23.1288903378673 23.11786802 22.9788878920529 22.864345992 22.9613756619732 23.0895407478666 22.9377978776803 22.70532995 22.5841210779999 22.3033341471311 22.5309064645323 23.1282524480001 23.4662220553082 23.5271102956143 23.54106599 23.54106599 23.4895311814946 23.292956424 22.1710375765851 21.6705238866256 22.9622438133402 22.7030627048193 22.3749928047869 22.3763382462769 22.9847300523511 23.244526986 23.34106599 23.3021600090558 23.325247522984 23.421367848 23.528510688 23.5968102191037 23.5989802188564 23.5374221151834 -9999 -9999 -9999 -9999 -9999 -9999 -9999 -9999 -9999 -9999 -9999 -9999 -9999 -9999 -9999 -9999 -9999
21.7896312419081 21.6104212912217 21.8566111743907 22.2091880732971 22.3605682615174 22.7298859036683 22.9838244860001 22.978631672 22.9130783523875 22.8582934592052 22.757203152 22.903461716 23.1042779059836 23.132192292 23.0593736951691 23.0482505118092 22.8612302847092 22.7617639343683 23.0319857373796 23.369538326 23.4859818452743 23.574120784637 23.6 23.642156181504 23.4134336129032 22.3851376446895 21.8645771117181 23.1118601997502 23.0882043794677 22.697219462818 22.6184935707329 22.9197048949849 23.351669826 23.44820883 23.4800344570245 23.49641766 23.576719518 23.6417062921972 23.6026092846044 23.6008341949884 23.6483677644189 -9999 -9999 -9999 -9999 -9999 -9999 -9999 -9999 -9999 -9999 -9999 -9999 -9999 -9999 -9999 -9999 -9999
21.8016158933144 21.4533417991081 21.5715000733231 22.0880177760197 22.3945302342304 22.7037873576328 22.8954919933189 22.9119838359066 22.819697662 22.703195267285 22.7517767847487 23.0132069971917 23.164225368 23.2482005532592 23.2082245130308 23.230302218 23.3040078718709 23.2016197921609 23.049444259682 23.151692146 23.3801097493488 23.5611753149374 23.6444485522881 23.6943943744866 23.5209484954778 22.4934479958572 22.2220268124312 23.287384266 23.3755340876405 22.9527068025357 22.6802176807317 23.0654112174157 23.4301789714577 23.5325873757678 23.5848267910069 23.6 23.680301858 23.7 23.605412462 23.657082048 23.7548768046543 -9999 -9999 -9999 -9999 -9999 -9999 -9999 -9999 -9999 -9999 -9999 -9999 -9999 -9999 -9999 -9999 -9999
21.7826277435739 21.694686562 21.7981714675031 22.2658360820001 22.5974203783421 22.758873818 22.8247598710645 22.83750549 22.757203152 22.7265604405292 22.914165056 23.1006491667741 23.140833613916 23.1549920661159 23.0992292810008 23.2549222826835 23.2983516535163 23.3944191691232 23.2969490584649 23.0358776732755 23.2590954158975 23.5563852678068 23.680302098 23.7 23.664524390381 22.9954133027609 22.7873781813201 23.3520512099105 23.5555116059999 22.9803156652998 22.458998269059 22.9905497672249 23.3009015542284 23.5220807338963 23.53750549 23.5832258598199 23.680301858 23.7 23.7236364987883 23.7631434967478 23.8 -9999 -9999 -9999 -9999 -9999 -9999 -9999 -9999 -9999 -9999 -9999 -9999 -9999 -9999 -9999 -9999 -9999
21.848383232736 22.0419150782082 22.2268228503196 22.4630646111299 22.582093628 22.648238301301 22.7526698023796 22.7490536643195 22.650060312 22.717807828 22.7878015076945 22.8238612472869 22.9669047081342 23.0206365592499 23.013892130653 23.1093214203935 23.0920538120972 23.3363630285879 23.4506797421573 23.3213858798469 23.0622575992784 23.3322790902035 23.6528679040833 23.7 23.7658684220231 23.573357546 23.2804528099818 23.3417585410094 23.5718849359302 23.2690903359069 22.68271767813 23.1466486983749 23.448088348255 23.6106351824398 23.5933027830695 23.642796368 23.694019122088 23.7 23.794587538 23.86963735 23.86963735 -9999 -9999 -9999 -9999 -9999 -9999 -9999 -9999 -9999 -9999 -9999 -9999 -9999 -9999 -9999 -9999 -9999
22.0052572352964 22.214118821173 22.2886388831486 22.2011897158522 22.2869874575918 22.5368464786413 22.681345600556 22.650060312 22.542917472 22.610664988 22.5505949500623 22.702132759939 22.832093508 22.92321981 22.946379188 22.9393492734453 22.858774794 23.2040847616029 23.4120117790752 23.2287364968554 23.1022809813728 23.2652172215251 23.5641261040001 23.7575005890836 23.7987432923348 23.7742458795771 23.580588764528 23.1139893700353 23.4638844166352 23.6668701814107 23.2147393875667 23.3208963334711 23.5914492726524 23.735653528 23.7614513588991 23.7705477649775 23.77678019 23.77678019 23.7987432366073 23.9 23.9 23.9 -9999 -9999 -9999 -9999 -9999 -9999 -9999 -9999 -9999 -9999 -9999 -9999 -9999 -9999 -9999 -9999
22.046319236 22.2048717170819 22.2414821293483 22.3444256197208 22.4962964494413 22.6361850040577 22.6391333286033 22.542917472 22.435774632 22.503522148 22.421488952 22.701730858 22.8014266217654 22.8026354060093 22.755313318 22.8175389045084 22.8648331767412 23.1409320769852 23.31607697 23.3276251106351 23.1353070863015 23.2895055961174 23.6248293240001 23.7854264644488 23.8793809293073 23.8807400249367 23.5708639206251 22.2793002614246 22.7940830313153 23.799350786175 23.335832294782 23.2316711383987 23.687384026 23.7933880788883 23.8554027768678 23.88392303 23.88392303 23.88392303 23.88392303 23.9014521856481 23.9764763565959 23.9 -9999 -9999 -9999 -9999 -9999 -9999 -9999 -9999 -9999 -9999 -9999 -9999 -9999 -9999 -9999 -9999
22.1162945983796 22.2275951970091 22.3626110543978 22.5307034402135 22.642796848 22.6427117788721 22.4827988280473 22.344708762 22.3838219674601 22.487445178 22.405411982 22.610664988 22.70893413 22.7075031916736 22.723159378 22.855189956902 22.9888225203206 22.9713462650863 23.0770636598514 23.3214214440058 23.4365264549727 23.4148508080838 23.5677784898281 23.696379068 23.803521908 23.9012667710142 23.9039485075408 23.0060423192676 22.4184386685048 23.5441780463211 23.1553525182529 23.119873967967 23.5339364004724 23.9285182225523 23.8969638411636 23.9 23.9731275856139 23.99106587 23.9049289056087 23.99122046422 23.991126782 23.9 -9999 -9999 -9999 -9999 -9999 -9999 -9999 -9999 -9999 -9999 -9999 -9999 -9999 -9999 -9999 -9999
22.1459043800788 22.3582708211002 22.5345334718786 22.5990074128572 22.6009266518358 22.542917472 22.3697579739999 22.228631792 22.282093628 22.389236468 22.307203272 22.5018222946863 22.5210120686702 22.7157296353565 22.821368088 22.9290537286008 23 22.8240445036741 22.760566084 23.1387589889693 23.4326415805061 23.5705382690548 23.5992943069025 23.5156878468598 23.6910637945915 23.803521908 23.8832496271709 23.6733757618667 23.6238803458464 23.7056743870948 23.4935055852804 23.4930287414821 23.6527215466634 23.744709242 23.7684162168051 23.8736398178265 23.9014384391522 23.90179129 23.9000969528906 24 23.991126782 23.9157291639547 -9999 -9999 -9999 -9999 -9999 -9999 -9999 -9999 -9999 -9999 -9999 -9999 -9999 -9999 -9999 -9999
22.1190474665371 22.2606049160001 22.437445298 22.5422019815009 22.59464845 22.476900814 22.2626151339999 22.1175737848848 22.169599238 22.2720624055768 22.1994811821546 22.2895747831939 22.3398965812295 22.69464845 22.6690103006133 22.5520214936526 22.553483916 22.6363920456554 22.4315215323094 22.5647608962192 23.0212532720001 23.2995909617285 23.4450303687766 22.8651354531588 22.2904691732993 22.8703587060118 23.2452870061661 22.6167200101956 23.1900027607973 23.5421652130218 23.328389104 23.300274752435 22.8954277024113 23.2946001058804 23.7532855494164 23.873159018 23.9042973940818 23.90535155 23.9104134493898 24 24 24 -9999 -9999 -9999 -9999 -9999 -9999 -9999 -9999 -9999 -9999 -9999 -9999 -9999 -9999 -9999 -9999
22.0271177619909 22.2568188087179 22.424950908 22.4930766258555 22.4935365298579 22.3771138984288 22.1597183052844 21.9137641149935 21.9403580652888 21.9952940547266 22.094588018 22.0799875338512 22.3802642260001 22.5665191674444 22.5238147220177 22.2253874129309 22.0952452444177 22.2403941993446 22.1586228636887 21.9764370731154 22.2303410756449 22.4972280800625 22.8386250473955 22.5080468347668 21.7169116677513 22.2439200086493 21.8600265502039 21.546075348 22.3597375268887 23.4291657299271 23.6139307260215 23.6844834257647 22.9279127396904 22.6804541116198 23.5068990677124 23.8640182449709 23.967807468 23.9984312916024 24.094587538 24.0122781898242 24 24 -9999 -9999 -9999 -9999 -9999 -9999 -9999 -9999 -9999 -9999 -9999 -9999 -9999 -9999 -9999 -9999
21.8579119194539 22.210665228 22.3251612872924 22.444588138 22.4381104908689 22.321488952 22.0823127959999 21.628931778889 21.660604676 21.9451637232723 22.074950788 21.9021021457343 22.0426835729716 22.292758616 22.4330183016755 22.086219896731 21.5300918858369 21.7682789476704 21.8558418020105 21.5314553560789 21.9163649869577 22.54797291 22.8743190313582 22.7465612039999 22.228222090071 22.6006796908742 22.5787418041383 22.0154537406911 22.5253355088052 23.3349227002289 23.5882580491012 23.4737326571408 23.2951169392344 22.7709883836247 23.3711740627117 23.8340036346304 23.9038072574503 23.989910211531 24.094587538 24.0789721903077 24 24 -9999 -9999 -9999 -9999 -9999 -9999 -9999 -9999 -9999 -9999 -9999 -9999 -9999 -9999 -9999 -9999
21.6890180200001 22.1116374074642 22.274890596 22.4207066688638 22.3706850882401 22.241126182 22.019629333224 21.6341420779999 21.6228696790159 21.8213302160001 21.966358615432 21.896538284 21.7236128793202 21.993843485912 22.0992029216399 21.7842863419998 21.4062109009758 21.517807828 21.6628278781521 21.510945548 21.5091306280963 21.9586760100001 22.435593070056 22.3447699139999 22.1051535608401 22.5235844867119 22.7286929439999 22.4589204236316 22.1418588704256 22.8024662689199 23.3168753918871 23.360439310095 23.2600468909698 22.7047069657444 23.342841074079 23.946378948 23.97321993 23.9498021786643 24.041027398 23.9736833264397 24 24 -9999 -9999 -9999 -9999 -9999 -9999 -9999 -9999 -9999 -9999 -9999 -9999 -9999 -9999 -9999 -9999
21.7018539872591 22.0842483504449 22.2621880612602 22.3366145459244 22.2649026937819 22.1932520742937 22.0340437739999 21.6734390979999 21.4585338621523 21.6663724340647 21.8570890277831 21.896538284 21.6820956522413 21.5088145322291 21.5411489819999 21.3133332344203 21.115857322 21.3652884504717 21.3984905263059 21.334692554151 21.3114675479367 21.6997192000001 22.1264701662695 21.9936775263826 21.7126319528019 22.2028360480134 22.4646222550273 22.4363797941353 22.1924111219732 22.0294268560233 22.5206717614588 23.1112365756611 23.1273212313954 22.3601822009274 23.1440421567589 23.839236108 23.86607709 23.8082961782023 23.894587538 23.9011433834284 23.9690871437562 24 -9999 -9999 -9999 -9999 -9999 -9999 -9999 -9999 -9999 -9999 -9999 -9999 -9999 -9999 -9999 -9999
21.8915232623424 22.089236708 22.196379548 22.25893425 22.1554722939999 22.0347572750847 21.9129454197326 21.53625276145 21.3561940961017 21.6190264256311 21.7923655470018 21.8561833238191 21.6645052079998 21.2934226885463 21.235774872 21.0431399298232 20.8958287941888 21.0970472276147 21.1 21.2524438576425 21.4131545243497 21.7167318460236 21.7332873039528 21.6297545341336 21.3510065831119 21.800264559784 22.1497183799215 22.4956809202081 22.4213768048453 21.613192977225 21.2426638224346 22.0229340633212 22.8394684028419 22.5605387913991 23.1770883427666 23.7621365674343 23.8 23.835909821069 23.8968102061138 23.9 23.908873218 24 -9999 -9999 -9999 -9999 -9999 -9999 -9999 -9999 -9999 -9999 -9999 -9999 -9999 -9999 -9999 -9999
