catData/variables/pastClimate/midhol_CCSM4/bio10.asc
NCOLS 409 
NROWS 350 
XLLCORNER 60.897278365 
YLLCORNER 5.843756025 
CELLSIZE 0.0892857 
NODATA_value -9999 
[rows 104 to 129 of 350, columns 232 to 289 of 409]
29.296481212 29.23392555 29.130465514 28.975052692 28.8018941539999 28.6124279103884 28.3011309562881 27.4533649710969 26.7431011033107 26.8016524117672 26.9908993621659 26.9078968484553 26.764370667389 26.7118075866005 26.4968048097014 26.2499154000001 26.3182757325995 26.4588178567206 25.661272777807 25.0493609652301 24.6385971154456 24.7205887888245 23.3849199463619 22.7660528559587 23.8454755362932 24.4253162310018 24.162075178513 24.395480964964 24.7890262193741 25.355834291197 25.9398213170685 26.444403455516 26.1856306394821 23.9395224908205 24.3516513016267 24.9962690135436 24.2799481964955 24.1488405719123 24.6793454195622 22.4314161304771 21.6649129887031 21.0618138138154 20.1808480045753 20.8848435704098 22.7144573660175 22.6707857441601 21.8978046830488 20.6624389398834 17.8810203367191 15.3045502494219 18.8317246690433 18.6225055417049 14.1224904213223 7.67141848643016 5.63385200917072 4.0794529764417 7.0492991031015 8.05349410927488
29.403624052 29.3227571538489 29.2390293350786 29.0990857870724 28.9361485783158 28.7789332082958 28.6134441170924 28.3557160584806 27.9668060256069 27.2563837987427 27.236941239418 27.4800670038986 27.6790007951559 27.899981397569 28.0673379896027 28.14106839 28.14106839 28.0475011903634 27.9432328077517 27.62141162998 27.3357372550565 26.8805635273322 25.6845880741819 25.3960510882172 26.032789148814 26.4727091954696 26.3950580668579 26.6766152015076 27.0018052930965 27.2880247158635 27.5504873183559 27.7336624404014 27.6654252875627 26.5797849537895 24.8613129077129 23.4749911074842 22.1019472859986 21.392700164843 21.0168683758621 20.2872598809056 20.4319977693454 21.9217280068614 21.5771584352111 21.0178427468794 22.6100079769192 23.6404277738813 21.9214228970365 20.1008052002931 17.2059668897998 18.3806668041311 20.4279043642315 17.3303826957224 14.6660018271393 11.3351742583896 10.5899709288101 7.3322542726562 9.96563393577659 10.624539226837
29.510766892 29.403624052 29.323271552043 29.2106376129779 29.082195532 28.9371647850198 28.7774067999592 28.6154807270616 28.4528499280826 28.342903792 28.2403560338755 28.19642246 28.2084159198337 28.24821123 28.2301589697918 28.2 28.2 28.169510595271 28.1163843657081 28.1 28.019698862 28 27.947630769127 27.4198273579999 27.0387926596495 27.231439157823 27.6176600841625 27.7167765555591 27.792810168 27.8537712030444 27.8019098769137 27.75536631 27.787193058585 27.6167565068177 26.9717409602684 25.2250528989548 24.6854902793068 22.8351381165164 20.0905212081036 19.3065734546575 19.5866856151503 20.3389962889459 19.2360621272058 19.5812300463052 21.8151235713111 22.9365402451426 21.9652600157548 20.4940392347279 17.4345208351213 19.8692281598238 20.3362243484264 16.9906487161557 16.5517646831987 15.0403955024039 12.6052224155923 11.5846990226721 14.2235403619612 14.9499051018968
29.617909732 29.510766892 29.403624052 29.296481212 29.189338372 29.0416993036645 28.9282974059782 28.823263922 28.6637632957038 28.6080206730501 28.4513927536034 28.41070814 28.3978890130894 28.35535407 28.317909972 28.25535407 28.25535407 28.25535407 28.189338612 28.15535407 28.075052932 28.05535407 28.0975832345535 28.0969111124003 27.8710315305218 27.4161775245202 27.6830307698174 27.4315098552855 27.3192201092639 27.4805109681081 27.585832784 27.1959975440409 26.8013256781233 26.7114606072719 26.7759821604477 26.3819773336586 26.0056541171607 24.7156196392503 23.794523283711 21.7578340361952 21.3692286382217 21.1533970898642 19.4967670554089 18.8888753005799 19.8648629466985 21.1882261867903 22.73679950152 21.5593424829307 19.5279041369106 20.875616083013 21.7174080807592 18.0453720036105 18.0958382172641 15.5505233151395 13.20959497742 14.8487004480599 17.2368761443429 18.7563663765913
29.68595721622 29.617909732 29.510766892 29.403624052 29.296481212 29.116179834 29.0123110300626 28.9672057162236 28.8324367825099 28.7601182467961 28.6194486329176 28.56249691 28.539338492 28.46249691 28.425052812 28.36249691 28.36249691 28.3257033429139 28.2752421633723 28.26249691 28.182195772 28.1078471257689 28.1 28.1 28.0900176172694 27.9614663006239 27.7613073993245 27.5461972038456 27.4766332577652 27.2802526372265 27.059062554 26.8006043989352 26.621459193038 26.660624068 26.727626384191 26.5625908939999 26.1355146407526 25.6112116721098 25.4764758390415 24.7778396006015 24.5417266416331 24.7813529133391 24.0064666389063 22.8920100506417 22.089937425706 21.8459919618708 21.7735803152873 22.069469550937 23.1637165453143 23.4124320060326 22.4075283366961 21.5116088086241 19.0502871804521 16.2320315932901 16.6267076370489 16.7396486445726 20.122084130265 20.3280757501803
29.7435636066276 29.6864632212912 29.617909732 29.510766892 29.403624052 29.2742700969668 29.158978122 29.0174876303906 28.9712831327236 28.867909852 28.760767012 28.66963975 28.6626087963991 28.6181777796819 28.558271628237 28.5392795 28.5032550119252 28.4517658759937 28.4392795 28.3883322441686 28.289338612 28.182195772 28.16963975 28.1012045295071 28.16963975 28.1599151566897 28.0787301912637 27.945555358452 27.8729794613047 27.7838025691431 27.6706511368181 27.733828878 27.8150412704457 27.7559937919118 27.590535507385 27.3822305239999 26.7980349453583 26.2676124168851 26.3350971665471 26.1423778726284 26.2835187253582 26.2356465102836 26.3908179398985 25.9584864753101 25.3560292886277 24.7108720012284 23.5978773452832 23.4843466212263 23.3111913226542 24.141167240571 22.8390008152215 23.5056781549057 20.9055736888442 19.3781701821482 20.8837408208096 20.6147000273808 23.0280018998463 21.7668647942559
29.839338252 29.7425473999237 29.6879896296279 29.617909732 29.510766892 29.403624052 29.296481212 29.1690360893856 29.0809387870628 28.9763809524888 28.944692442 28.8412680044081 28.77678259 28.746481332 28.67678259 28.67678259 28.625052812 28.57678259 28.5260942115472 28.4830145380043 28.396481452 28.3564803631074 28.280938971341 28.1771841717895 28.2 28.2 28.1946232708652 28.1627123668335 28.1390412640317 28.15356518 28.1655754389286 28.235654968 28.27678259 28.1866391257261 28.1162776025553 27.9993844508292 27.8014841575231 27.4432805980677 27.3595862659355 27.2246270977165 26.8556591968259 26.4422076948915 26.5028143361406 26.9076891629 26.8678091788271 26.5365351433791 25.9682465294815 25.3708783536563 24.4928975109972 23.3615819687146 22.8669314272306 23.301295808195 22.5536819354327 23.4098517992256 23.0436222518669 23.5558937583297 23.2219824374097 22.079770611647
29.8939809836771 29.839338252 29.78392543 29.725052572 29.617909732 29.510766892 29.403624052 29.296481212 29.189338372 29.08392543 29.075052692 28.9813509947035 28.9484150581123 28.8790546330719 28.86785086 28.8304310805596 28.7756100906245 28.76785086 28.701835402 28.66785086 28.587549722 28.4944631254544 28.389338612 28.366399237086 28.28392543 28.28392543 28.2644898295333 28.2 28.2314249188351 28.28392543 28.28392543 28.2933889116123 28.3 28.2882401567561 28.28392543 28.2698692251246 28.3320286666176 28.200371740507 28.0121810693227 27.9093891894457 27.7333553461825 27.5876222809193 27.5220897492734 27.3290494526155 27.1072033533474 26.8579003210332 26.3699251099998 25.8224511053351 25.6480542186739 25.2987998086635 24.9171797293367 22.827801250704 21.0055396925628 23.8230908154137 24.9546212083817 24.5931682412351 24.5752542538396 23.7060382378589
29.99106827 29.946481092 29.89106827 29.832195412 29.725052572 29.617909732 29.510766892 29.403624052 29.3826200093645 29.2805611518186 29.182195532 29.09106827 29.088999822632 29.0545417085511 28.99106827 28.9870858850826 28.9350271261005 28.89106827 28.825052812 28.79106827 28.710767132 28.6832580099838 28.587549722 28.489338612 28.39106827 28.39106827 28.3889998440681 28.38213654 28.3854809242982 28.39106827 28.3439590746644 28.3 28.3 28.3666237777862 28.39106827 28.39106827 28.3995164877632 28.2981161150537 28.1902758238705 28.166121442 28.058978602 27.98213654 27.975447814276 27.9443613697744 27.8253964764565 27.6092170131772 27.3097769368109 26.9692089984447 26.5985460678039 26.6003692237122 26.318475489673 25.9616365028979 24.5460836707197 24.8782390339226 23.6841366125954 21.8529139450962 22.1174528961151 24.3952518790379
30.061436610018 29.9992023844315 29.947406485119 29.8989468293305 29.832195412 29.725052572 29.617909732 29.510766892 29.49821111 29.3981801640277 29.387549482 29.2806931430733 29.19821111 29.1976690538258 29.1596479557247 29.09821111 29.0972857211743 29.09642222 29.030406762 28.99642222 28.916121082 28.810542518578 28.703624292 28.694692562 28.5877084412294 28.49821111 28.49821111 28.4684521438809 28.4 28.4 28.3990746154677 28.39821111 28.39821111 28.3995198271838 28.4 28.3141205342847 28.3946834181648 28.2999690626143 28.2894975669361 28.183984902 28.0995857299629 28.09821111 28.061437317138 28 27.998149239522 27.9364969242105 27.8262564813201 27.7152803062192 27.5240034731182 27.3995850279827 27.5681902182908 27.5780096116152 27.632960597214 27.3293042250337 26.0519535894372 23.5191380362342 22.5860857811671 23.8682203573549
30.067909612 30.0475539527835 30.048269982 29.9442791653809 29.9018195025369 29.8307583335452 29.725052572 29.70535395 29.610766892 29.5037166698739 29.4102328580438 29.40535395 29.382195532 29.30535395 29.30535395 29.30535395 29.30535395 29.2496333425314 29.2107079 29.137549602 29.106408617222 29.017909972 28.9158312629423 28.8037168970245 28.7102328708933 28.6901960651889 28.609468022729 28.575052932 28.50535395 28.50535395 28.453624412 28.40535395 28.4018195282359 28.4 28.3239983719285 28.3006722559893 28.3 28.298270582 28.2 28.183984902 28.1 28.1 28.1 28.0578006786681 28.00535395 28.0022019651675 28 27.9307590149968 27.90535395 27.90535395 28.0894625207566 27.8094228759765 27.3975856348153 27.0276741694899 26.7947606250044 26.3381528977288 26.1419500453642 25.9500257034514
30.175052452 30.1069248239984 30.0547345737164 30.0051395725687 29.9422341451461 29.9033543211391 29.819698622 29.8 29.7172332880054 29.61249679 29.6047328594351 29.5229921468501 29.4922324308648 29.42499358 29.4203142697055 29.41249679 29.41249679 29.41249679 29.41249679 29.3484809308686 29.244692442 29.137549602 29.1131732639869 28.924777428272 28.903624292 28.81249679 28.789338612 28.6859824265873 28.6203142996978 28.606924883983 28.5547349937318 28.51249679 28.446481572 28.41249679 28.4024617554088 28.312556262 28.3 28.298270582 28.2 28.1859862751654 28.1096027911198 28.1 28.1 28.1 28.1 28.041127862 28 27.990857621116 27.98750321 27.9984308403137 28.0827660819714 28.0862062154867 27.9958614714582 27.82499358 27.8220996111121 27.7178085813972 27.5280849373649 27.5805782660324
30.2699095914391 30.175052452 30.11963963 30.060766772 30.0066743911709 29.9412095281766 29.8551091455241 29.8221055391284 29.8010630817809 29.71963963 29.71963963 29.703624052 29.61963963 29.61963963 29.589549414304 29.5305225503485 29.51963963 29.51963963 29.51963963 29.51963963 29.439338492 29.332195652 29.225052812 29.117909972 29.0125096577789 28.9361339068736 28.896481452 28.81963963 28.782195772 28.6838095945164 28.6291197701361 28.6080773127886 28.5469499265589 28.51963963 28.439338732 28.332195892 28.3010631760511 28.2986102332963 28.21963963 28.2164943240087 28.1813901953388 28.1136886693137 28.1 28.1 28.1 28.041127862 28 27.9412101067713 27.9038688778812 27.987443498 28 28.0210292038388 28.0928704135087 28.0164943711438 27.9813903882037 27.8162902186535 27.541115142 27.5143881697538
30.32678247 30.282195292 30.2129278934482 30.156894747532 30.060766772 30.02678247 30.0052757775276 29.9359755034525 29.832195412 29.8263191605871 29.8 29.7882737893732 29.72678247 29.72678247 29.72678247 29.6941370152937 29.6397104277261 29.62678247 29.62678247 29.62678247 29.546481332 29.439338492 29.332195652 29.251835282 29.1511886658849 29.110767132 29.0098266240754 28.9454495789444 28.889338612 28.8148410509841 28.762124909996 28.667910092 28.6091019640437 28.6 28.5412056659166 28.439338732 28.332195892 28.3 28.3 28.2882741408173 28.2205802022025 28.1778145187776 28.12678247 28.12678247 28.1129280862819 28.0568952746982 28.02678247 28.0071889993415 27.9412058416386 27.9908064393812 28 28.0736806465791 28.0976238544407 28.0657810210788 28.02678247 27.996481932 27.8993673534798 27.85356494
30.4 30.3705391603567 30.282195292 30.23392531 30.167909612 30.13392531 30.053623932 30.03392531 29.939338252 29.932195412 29.83392531 29.83392531 29.83392531 29.83392531 29.83392531 29.83392531 29.782195532 29.73392531 29.73392531 29.7091061306128 29.646941272 29.5761469726128 29.473263802 29.432195652 29.325052812 29.223343225064 29.1599941363231 29.103624292 28.996481452 28.889338612 28.83392531 28.7950255687409 28.701835402 28.6430315220335 28.63392531 28.546481572 28.439338732 28.3672639095823 28.33392531 28.3284921383567 28.2846984642561 28.23392531 28.23392531 28.2187992159055 28.1658200267073 28.13392531 28.13392531 28.0855865085457 28.0406083728415 28.03392531 28.03392531 28.0350678590031 28.0941378416097 28.0390739875549 28.06607469 28.0460537034481 28 28
30.4256904531037 30.4 30.3695145433873 30.3168901563673 30.2610957278782 30.2110232918763 30.1526769123691 30.14106815 30.046481092 30.039338252 29.94106815 29.94106815 29.94106815 29.94106815 29.9256905516672 29.9 29.8695146848237 29.84106815 29.84106815 29.767909852 29.74106815 29.74106815 29.646481332 29.539338492 29.4358394227874 29.3755590969672 29.317909972 29.210767132 29.1190017917692 29.037549602 28.9608919357398 28.9168903534944 28.861096010751 28.767910092 28.708090056758 28.6484677874874 28.546481572 28.539338732 28.44106815 28.4316301564693 28.3726257632852 28.34106815 28.34106815 28.3147925254511 28.2608920343034 28.24106815 28.24106815 28.211023587567 28.1526773366784 28.14106815 28.14106815 28.1 28.1 28.0905621479057 28.04106815 28.04106815 28.0256908473579 28
30.510766652 30.44821099 30.423271436195 30.3695103296831 30.3163841684388 30.2621119174393 30.24821099 30.2060532668044 30.1510142990737 30.146481092 30.04821099 30.04821099 30.04821099 30.0336024535357 29.9806080723424 29.94821099 29.94821099 29.94821099 29.94821099 29.875052692 29.84821099 29.84821099 29.753624172 29.646481332 29.54821099 29.532195652 29.425052812 29.3325183927579 29.278369925364 29.203624292 29.1214207743922 29.037549602 28.9645953898515 28.9103231560266 28.816121082 28.7542644882172 28.653624412 28.647315341539 28.5921445765828 28.54821099 28.5362177231734 28.4818136749485 28.44821099 28.4267154171923 28.3732099086858 28.34821099 28.34821099 28.3103232803202 28.2577082378017 28.24821099 28.24821099 28.14821099 28.14821099 28.14821099 28.137046434533 28.1 28.062556622 28
30.5832825372011 30.5306731192881 30.4769045282227 30.4227654482665 30.3705265192442 30.35535383 30.3109039417342 30.2609595057765 30.25535383 30.1992276667981 30.15535383 30.15535383 30.15535383 30.125052572 30.05535383 30.05535383 30.05535383 30.05535383 30.05535383 29.982195532 29.95535383 29.95535383 29.860767012 29.7545816039489 29.7057963925403 29.639338492 29.5450145904812 29.493934886008 29.4386365815027 29.366120962 29.2820733794757 29.196481452 29.089338612 29.05535383 28.975052932 28.867910092 28.8131245455889 28.75535383 28.746481572 28.65535383 28.642535024368 28.5864718631428 28.55535383 28.5354476841643 28.4820735123249 28.45535383 28.45535383 28.45535383 28.375053172 28.35535383 28.35535383 28.25535383 28.25535383 28.2464889927279 28.1896609747828 28.1385813217064 28.062556622 28
30.6390952056464 30.583278323497 30.5301671313596 30.4779207177838 30.4212390570727 30.4 30.3698843092141 30.36249667 30.303382908499 30.26249667 30.26249667 30.26249667 30.26249667 30.232195412 30.16249667 30.16249667 30.16249667 30.16249667 30.16249667 30.089338372 30.06249667 30.0078470956344 29.964526793509 29.86249667 29.853624172 29.7564903849392 29.7105202499173 29.632195652 29.5390955056305 29.4832785035129 29.410767132 29.303624292 29.196481452 29.16249667 29.082195772 29.0297023563735 28.965879878483 28.86249667 28.853624412 28.76249667 28.7538116720907 28.7060563627659 28.66249667 28.66249667 28.6430964606644 28.62499334 28.5837361770487 28.56249667 28.5323812492381 28.4703440656185 28.46249667 28.4239126613316 28.36249667 28.346481812 28.26249667 28.232196132 28.125053292 28.06249667
30.6886317155059 30.638589217718 30.5842945130581 30.5286407401658 30.4799573106103 30.4186922626136 30.4 30.4 30.3712829057146 30.3 30.3 30.3 30.3 30.290800389595 30.26963951 30.26963951 30.26963951 30.2286409073006 30.2 30.1777887822515 30.16963951 30.082195532 30.06963951 29.96963951 29.960767012 29.86963951 29.846481332 29.7604399724602 29.701835162 29.6082290619876 29.517909972 29.410767132 29.3495969663406 29.2883321068833 29.2452597638928 29.1783836293311 29.075052932 29.0380746617789 28.9669458489971 28.9281261842268 28.86963951 28.8604400453254 28.8132034678985 28.76963951 28.76963951 28.7286412415703 28.6799575292058 28.66963951 28.66963951 28.582196012 28.56963951 28.567910332 28.46963951 28.4647773206384 28.4231521125855 28.339338972 28.232196132 28.1385898862572
30.7480317073417 30.6896479050671 30.6370628265242 30.5863311058846 30.5260939457067 30.483014306702 30.4151250648892 30.4 30.4 30.37678235 30.37678235 30.3644852128455 30.3 30.3 30.3287504583807 30.3425474512105 30.3 30.2863311616069 30.27678235 30.27678235 30.27678235 30.189338372 30.17678235 30.07678235 30.067909852 29.97678235 29.953624172 29.8535165163057 29.7913064161031 29.732195652 29.625052812 29.5631135673293 29.502876664262 29.4597967681468 29.3919077834445 29.289338612 29.254821569373 29.1763808197817 29.1467523718095 29.0730640205992 29.0357834909921 28.97678235 28.9680888218254 28.9535647 28.9138457293571 28.8631136230517 28.8535647 28.7973924081309 28.77678235 28.689338852 28.67678235 28.675053172 28.57678235 28.5644857656784 28.4946233267303 28.446481812 28.339338972 28.2664304779565
30.762555662 30.7 30.648269982 30.6 30.5893881019763 30.5225267479823 30.4870917060591 30.48392519 30.48392519 30.4014518201833 30.4764787277753 30.3974255262661 30.38392519 30.38392519 30.3899442576097 30.3928327344317 30.38392519 30.38392519 30.38392519 30.3225269494027 30.3 30.2859435466801 30.28392519 30.18392519 30.175052692 30.08392519 30.060767012 29.953624172 29.88392519 29.839338492 29.7756097650526 29.718441624906 29.617909972 29.58392519 29.503624292 29.396481452 29.38392519 29.3663989626576 29.2824989913838 29.2544096785748 29.1802025954666 29.142420394492 29.08392519 29.08392519 29.0756098036322 29.0184418263264 28.98392519 28.910767372 28.88392519 28.8698688138391 28.86785038 28.7836472279219 28.7604045220366 28.667910332 28.58392519 28.553624652 28.446481812 28.38392519
30.7966554829631 30.7504633653628 30.6953794903113 30.6374536780147 30.6 30.526841462 30.5 30.5 30.5 30.4912225439704 30.4992074897037 30.49106803 30.49106803 30.49106803 30.4569684276001 30.4 30.4 30.4 30.4 30.3934655227701 30.39106803 30.39106803 30.3049296782077 30.29106803 30.282195532 30.19106803 30.167909852 30.0883615521626 30.0480366761634 29.946481332 29.89106803 29.832195652 29.7851715705328 29.7155124577931 29.610767132 29.583257581555 29.495997926771 29.489338612 29.39106803 29.375052932 29.29106803 29.2883615735993 29.2480368947267 29.19106803 29.19106803 29.132195892 29.09106803 29.0845335956436 29.0090078326824 28.99106803 28.99106803 28.9805613316602 28.882196012 28.7896375876879 28.761046800638 28.660767492 28.5877235987101 28.5415322696159
30.8 30.755412822 30.7 30.641127142 30.6 30.526841462 30.5 30.5 30.5 30.5 30.5 30.5 30.5 30.5 30.4993300764095 30.49821087 30.49821087 30.49821087 30.49821087 30.426361469057 30.4 30.4 30.3983077188631 30.3965121578302 30.2998412594765 30.29821087 30.275052692 30.19821087 30.160767012 30.0974131560101 30.0456177106832 29.9971575666235 29.9315876200698 29.825052812 29.7967741825436 29.7105424841497 29.603624292 29.596481452 29.49821087 29.482195772 29.39821087 29.39821087 29.3975409549973 29.352632991696 29.29821087 29.2971575709174 29.2315878557759 29.19821087 29.1967741868375 29.19642174 29.1035276745491 29.096481692 28.9980521380644 28.9806934086289 28.8977965486778 28.866121202 28.7596482727088 28.653624652
30.867909372 30.760766532 30.7025842348533 30.641127142 30.6 30.6 30.6 30.6 30.5104768587829 30.5052610962778 30.5 30.5 30.5012398345403 30.5340327265204 30.564560550419 30.50535371 30.50535371 30.5022018407629 30.5 30.5039166831159 30.5010546199448 30.5 30.4104770859339 30.40535371 30.40535371 30.404496295248 30.3780816436914 30.3037314813692 30.262556142 30.2 30.148270462 30.0442794783882 30.00535371 29.932195652 29.90535371 29.817909972 29.80535371 29.703624292 29.6058287049638 29.6098500180969 29.60535371 29.575052932 29.50535371 29.50535371 29.453624412 29.40535371 29.40535371 29.336112549418 29.31070742 29.3060259487032 29.3002898317639 29.20535371 29.196481692 29.1044963209458 29.0780820979936 28.975053172 28.8699149418723 28.766121202
30.9547383624203 30.8498409630076 30.735773432 30.6359876681364 30.5917503152916 30.5966457432804 30.6 30.6 30.6 30.598270102 30.5 30.5020013947126 30.5327609647155 30.6 30.6 30.6 30.6 30.5484844281447 30.51249655 30.5765125847113 30.5297337338607 30.51249655 30.5006764609952 30.5 30.5 30.483984662 30.4 30.369698982 30.2672353324369 30.21249655 30.160767012 30.11249655 30.11249655 30.039338492 30.01249655 29.925052812 29.91249655 29.8109832495851 29.7316479056858 29.7859862367291 29.71249655 29.6859823238731 29.6203139395548 29.61249655 29.5672316295892 29.5176361138388 29.51249655 29.51249655 29.5024617381227 29.4234839224493 29.3297302410214 29.31249655 29.303624532 29.1984829967374 29.1220991866906 29.082196012 29.01249655 28.967910332
