catData/variables/pastClimate/midhol_CCSM4/bio10.asc
NCOLS 409 
NROWS 350 
XLLCORNER 60.897278365 
YLLCORNER 5.843756025 
CELLSIZE 0.0892857 
NODATA_value -9999 
[rows 182 to 207 of 350, columns 232 to 289 of 409]
30.5519653214975 30.653520108 30.6618239182969 30.61786586 30.4316130381826 30.262573182 30.3819879442285 30.322610311217 30.30893293 30.41786586 30.4348187405255 30.6263791683718 30.5979363194618 30.2806031795062 30.5435884087617 30.6931158098034 30.7464907137105 30.8425919275102 30.8851699553477 30.9017396786486 30.9017596855533 30.9 30.8831012515177 30.8 30.791127502 30.6854153009328 30.60686422617 30.5724057507272 30.4748339056244 30.4138829614783 30.4421786143246 30.2534887829482 29.4693332860661 29.217822708 29.3765735539692 29.1153565643802 29.0546588072192 29.543915346902 30.0266774460001 30.1943484494938 30.115797177609 30.0456246267117 29.8525219454438 29.6959769252478 29.5953790580202 29.424968669754 29.1769029739999 29.1154680666715 29.2641207728627 29.1329242704658 29.1258315927262 29.4001544662603 29.40893293 29.4235171919453 29.476842302 29.4 29.3659014127464 29.264346712
30.439234428 30.4587992132293 30.353640252 30.30537027 30.2369910911833 30.2004804863271 30.2028749338749 30.287893737596 30.1142122709331 29.8158373338067 30.1318296540044 30.419595758 30.4332758129504 30.2914461937894 30.5024603730539 30.5473689716816 30.653519868 30.760662708 30.80179009 30.7299413913766 30.70358018 30.7894588320942 30.80179009 30.7966026088697 30.5947076819999 30.487564842 30.3808365542285 30.245310649493 30.1064900812423 29.9302160460888 29.9674742988529 30.2589733052433 30.219769015657 29.3194370500457 28.84872821738 28.9778014079522 28.8143101188741 28.8279715594454 29.723114786 29.9050835853322 29.8580933998646 29.7060755376062 29.666136562 29.601983904548 29.5491967029905 29.3829919497448 29.0383035430392 28.90358018 29.2219079039024 29.2968693653733 29.0177403477337 29.3034883141576 29.408713200893 29.4827684127431 29.4013755463639 29.3702418689007 29.264346712 29.2009919565702
30.18394175 30.0947673939999 29.932211732 30.0048387829066 30.2213258960001 30.2814625127144 30.2111826180327 29.6887046235157 29.182016921782 28.7010776740002 30.0253273674167 30.5019236545944 30.4620229442195 30.4212177085876 30.5340956369557 30.6023866273238 30.5563919376919 30.56327550988 30.728497273572 30.7293209135924 30.6293499311643 30.6887881629352 30.7 30.6820981151941 30.2185764940897 29.6117037690144 29.4121150097627 29.3003335437407 28.9236704094546 28.7833882279085 28.5108432513813 29.4006730343598 29.7627891340925 29.9705106675968 29.5219159955884 29.6235418458853 29.1453513455928 28.276462128312 28.1246343063092 28.8572024067345 29.2254122274738 29.4328779462607 29.3953072897875 29.4029661483694 29.4572671779974 29.4024150591004 29.3302973667349 29.405274318 29.5798229355867 29.3630890196783 29.5007475153781 29.4037161305754 29.3270248451696 29.478632392 29.371489552 29.2659686240478 29.1979957495841 29.152447620784
29.88750441 29.8039014849554 29.648269982 29.7692620630431 30.0112867550423 29.928691744 30.0155433140815 29.8860558749599 28.4437073600001 28.2972813330387 29.6545667128872 30.537938928963 30.21249559 30.2730981060001 30.4780260640694 30.632091348 30.68750441 30.6433447539351 30.678511048 30.785653888 30.8024614890302 30.712556022 30.6763616380573 30.4497572310836 29.6429566360539 28.8020364909736 28.7285794109229 28.24548309595 27.7843664819517 27.5491939249297 27.631949591249 28.4489449510656 28.4324491298309 29.0032611511426 29.0642719490979 28.9359873226796 29.3624666170543 29.6911361988786 29.1630696379668 28.8504010989842 28.5568031710754 28.8291375740574 29.3201476430135 29.4721275649616 29.5797469020241 29.7640113070113 29.8742639389895 29.985653408 29.942228972991 29.8156945200165 29.705413662 29.4997839290067 29.478632392 29.371489552 29.2672404029955 29.1962137690037 29.150061032 29.08750441
29.74108471 29.7052537537405 29.608993122 29.6669071509927 29.807100408 29.6660332574516 29.5860379200924 29.5118978735409 28.0830019800001 28.1400574811924 29.4118606611181 30.5252572382985 30.334728910292 30.3802409460001 30.51963843 30.5554691933918 30.6 30.6473109601249 30.7593414275085 30.8587911568581 30.800060432 30.6757449675912 30.4158234058735 30.0851906253509 29.0469720706175 28.0680704595184 27.9713617168483 27.7306856826274 27.5202020035279 27.5484093259999 27.3295046895472 27.5284770170285 27.9894105145155 28.4301012420001 27.9595928883569 28.9561800256179 29.308811586 29.6235153285433 29.7356971963535 29.6448967312406 29.3985371868871 29.2468925118461 29.4190958485792 29.5912991853124 29.7016144020683 29.72144628 29.8794048464881 30.0482480048775 30.0645917814891 29.8155651761442 29.685775232 29.478632392 29.371489552 29.264346712 29.18036157 29.150061032 29.042918192 28.98036157
29.5167532007405 29.5 29.448269982 29.4431059589423 29.5215545856763 29.3125816647694 29.1249741631441 29.076581327878 27.6797444753881 27.9840202005037 29.4975965022399 30.442796848 30.5098249704523 30.5060499942817 30.62678127 30.62678127 30.62678127 30.62678127 30.7411324079513 30.7804072786852 30.692917592 30.4514935583061 29.794732793322 29.2590520891371 28.4933765168059 27.7819086596448 27.1119193034681 26.7671691514433 26.7935449871625 26.9891384738282 26.9988469205508 27.361467585614 28.2091503316216 28.7143886697616 28.351273579058 29.0334311020003 29.2849476423241 29.2729722851679 29.2749691381103 29.4681946179085 29.6027002419022 29.54643746 29.5364095835657 29.5435378294009 29.4559063710335 29.3779708724651 29.6110209635042 29.865971826 29.8608610680308 29.6949689432968 29.5533009694371 29.371489552 29.264346712 29.1614928543611 29.0937980743728 29.042918192 28.9458031641593 28.9
29.3463083435881 29.3079086399318 29.2950245937906 29.250351543108 29.26430356 29.191145022 29.0581838596084 29.0040369074059 27.9003959112119 27.7099879419972 29.8577042470046 30.4373010734043 30.4721598471966 30.5490877921907 30.66607589 30.6812016118928 30.7 30.7 30.6764348316443 30.6159635634876 30.5451679783864 30.1823758679998 29.1558722543676 27.8562300243301 27.5042475019625 27.52374678152 27.1549670562212 26.5758710979353 26.4271524091523 26.6499960101005 26.6939130821208 27.3804102758213 28.1083354063949 27.9561833337208 27.9994363210315 28.7894809121331 28.8019647057021 29.0907846103233 28.6943077483099 29.0247033025379 29.3164395312783 29.2848620985192 29.3074105761583 29.324997687886 29.2956858878672 29.2977724271456 29.432090868 29.5627552486962 29.59822767 29.5107841719999 29.3732301406962 29.2310092102468 29.157203872 29.0606429919557 29.016850124943 28.9460545398417 28.9 28.9
28.6222654264357 28.550294151713 28.6510232171352 28.7366484451584 28.8759971510695 28.9047955224424 28.9 29.1669975844199 28.8151334827074 28.9940906718398 30.105108351122 30.325051372 30.2261835442366 30.2925905289446 30.5281787519928 30.55800707907 30.6376892079336 30.6178661 30.446930261129 30.3288891683395 30.2848888718081 29.8192915138299 29.1742243867825 27.8046779352838 27.4419324885084 27.2388393933951 27.2337126187602 26.5841570357345 26.2175802217854 26.2401783560513 26.2583964805171 26.9339076642225 28.1564504160004 28.1253194519999 28.1435000868937 28.5279137923742 28.4872585294699 28.775069732 28.6966021052703 28.9085838202713 28.9358132004584 28.9498443113509 29.1178661 29.0995558015863 29.098042794945 29.176738238 29.2567707399922 29.27679915 29.27679915 29.2252660296019 29.1790223758667 29.0582229293353 29.008994082 28.9084280557274 28.85893305 28.8713765567902 -9999 -9999
28.1273510794334 28.0214953848807 28.1285830448657 28.2645611735824 28.5052079340001 28.6097802229263 28.7655937628037 29.2439323802703 29.4895617281159 29.757041841614 30.0773936343572 30.2798437654789 30.1417184994256 30.1310604872068 30.135853064 30.2089878815318 30.4285796693413 30.3751980544947 30.1915138003306 30.034002542 29.7720076620103 29.1022138339997 28.5515474060471 28.4361021839999 27.6512476573853 26.6885481387296 26.7690695979632 26.2647066922715 25.9054788317873 25.8551410466312 25.890623382189 27.2882082498199 28.5560225363418 28.6079370749091 28.6263947562365 28.431165871542 28.543573165378 28.551728289572 28.5708669311499 28.7632559711141 28.5637837547219 28.6944827540001 28.9216319096062 28.9286987897702 28.9267907120657 28.9822802139017 28.9717547377376 28.95537063 28.95537063 28.95537063 28.9063841669185 28.901851242 28.7989855832465 28.75179021 28.7629544875746 -9999 -9999 -9999
28.0832820878691 28.0505794566684 28.04464737 28.0120596947408 28.0411761337766 28.0757160317051 28.3553460673508 28.8698190708921 29.5740724632131 29.8132075119607 29.9721482563281 30.1214812576327 30.046316836 30.125868769226 29.9426433130683 29.9668117626248 30.1091382278485 30.0652470371743 29.7440018137903 29.5095835099937 29.021929738197 28.1552161192007 27.1327102818109 28.1032962175789 27.487802810948 26.4667035221361 26.0092637594984 25.8450949998987 25.5070029845883 25.7753358035438 26.4086162133099 27.9556973552016 28.8427356960001 28.9028734996802 28.739398204 28.5344736035066 28.44822336235 28.2230517113066 28.2066707635698 28.1499026157602 28.2063398032103 28.4416167215335 28.726738358 28.78929474 28.78929474 28.7567074632797 28.7044681585169 28.6487999636864 28.63394211 28.63394211 28.63394211 28.6331700775003 28.5942056352971 -9999 -9999 -9999 -9999 -9999
28.1 28.0275478555491 27.9051756121198 27.8897219406191 27.833984302 27.8274377658318 28.078408664 28.6075211629733 29.5854052084562 29.901729898 30.003327678685 30.0415069734886 30.0798663816527 30.133712754809 30.1156333079353 29.9662391859999 29.8582030303268 29.5519321393979 28.8296910542509 28.4412422939999 28.4577823716929 27.3819751798483 26.3027971349342 27.3017652711719 27.3179301973479 26.2848290977345 25.2267418743391 25.074290220525 25.3372845123459 26.4234587206167 27.7728189647848 28.0919487573745 28.5333759113246 28.8140214785699 28.676902734 28.4954124169513 28.285835904 27.5037108615368 27.7335823893571 27.982012076 28.2049830318047 28.4518796811258 28.637443618 28.6721354835165 28.6051760620872 28.516136922 28.47500906 28.401851242 28.37500906 28.4296572850596 28.43750453 28.43750453 -9999 -9999 -9999 -9999 -9999 -9999
28.1 28.0418754012359 27.917908292 27.8875131046401 27.833984302 27.8 27.9849836114541 28.4066881043923 28.9455121593105 29.6195626428042 29.5372471291758 29.8294066037118 30.014234559082 29.991024638 30.023279282 29.8269625659999 29.4806046641701 28.9235466784559 27.8278090815497 27.7158161251677 28.399628446242 27.8631115042834 27.0464773710759 27.6168003576002 26.9569048123376 25.8743460425159 25.33123549986 25.4723986526081 26.0192281455502 27.3103251703924 28.3632593421021 28.4017969294801 28.483468384736 28.69537008078 28.625680082282 28.4251125239999 28.0790898551879 27.691977167064 27.9801958589401 28.329792482408 28.469465699346 28.578838138284 28.5852934124439 28.54718617784 28.478632392 28.371489552 28.33036169 28.3081497400881 28.2440799788499 28.3786993622121 28.4 -9999 -9999 -9999 -9999 -9999 -9999 -9999
28.1 28.055412822 27.948269982 27.8547967425897 27.757203152 27.7793908167996 27.8989464345058 28.0715736934333 28.0861364504657 28.3474794251563 28.4054619047293 29.5300002289675 29.8410605816622 29.853520108 29.6270246705362 28.7587871397763 28.0360715599997 27.6222970345419 27.1858777719618 27.4229833709503 28.0887533795611 28.3159982953132 27.9587351104353 28.4188434186964 27.235839798007 25.9755782728495 25.9525085619631 25.4533800077536 25.7831084212233 27.1027886773575 28.2197523121662 28.4738958328607 28.5399213115555 28.5608148614998 28.5277927549447 28.4826119892788 28.0258101756659 27.8306612870862 28.2461179653831 28.2225613772541 28.5053770068873 28.4999535641926 28.437743722502 28.3889848548033 28.3344267518913 28.309549416586 28.3 -9999 -9999 -9999 -9999 -9999 -9999 -9999 -9999 -9999 -9999 -9999
28.01607601 27.9340694931939 27.780422002 27.673279162 27.6769423375759 27.5889658456542 27.7633136488852 27.903520228 27.7421077189028 27.3329634782736 27.74183016076 29.4371804878417 29.6515874884065 29.7209472432662 28.7606439998389 26.9910799291073 26.7239940148629 26.526938854 27.1990980759264 26.6025174406508 27.1272984921502 28.4142672528761 28.4428495893593 28.5043077620347 27.7547315703395 26.7695992440763 26.0085389088558 26.0947138739999 25.9586814126341 26.6705234459713 27.6498538422111 27.9328519551274 28.3071396859057 28.5431854458404 28.58392399 28.4371514421304 28.3400472713103 28.3034826504637 28.3045933427501 28.362070325024 28.41607601 28.385775232 28.31607601 28.3089082865533 -9999 -9999 -9999 -9999 -9999 -9999 -9999 -9999 -9999 -9999 -9999 -9999 -9999 -9999
28.0569674583689 27.951429773591 27.839336812 27.732193972 27.757082528 27.644749754 27.6857151252182 27.876010065351 27.710825884 27.4705133676458 27.4379676346158 28.7910057911446 29.4621143951508 29.4709611944462 28.2041167902828 26.3256729088465 25.9579110809906 26.2111477726543 27.4956377967324 26.6207074253884 26.5427865801864 28.1167120883722 27.9738010417485 28.4943474861313 28.1183803113406 27.4798273790431 27.0499649904579 26.8492715974496 26.571513264 26.1852995287133 26.100960399721 26.7213935171706 27.7432694728019 28.4063610746204 28.4358056877299 28.4022433444602 28.4 28.307203752 28.217805428 28.30893317 28.30893317 28.3062263499899 -9999 -9999 -9999 -9999 -9999 -9999 -9999 -9999 -9999 -9999 -9999 -9999 -9999 -9999 -9999 -9999
27.9764582043505 28.0098335716238 27.9498777419375 27.937546482 27.832767439692 27.7255316827466 27.6996473296608 27.7890097580682 27.7055098515245 27.5964488011171 27.4984844067731 27.7264624855118 28.9707778454752 29.052696385123 27.488102155883 26.3316801186727 25.6933878044066 25.70331474 27.2905486898039 27.6882007386948 27.5014698441838 27.5105011381125 27.1359753679999 27.9174438458975 28.2362610309932 27.535938648 26.9717350824653 26.2722122349222 26.3304832739999 26.1114080998181 26.0500630657507 27.1498990257046 27.9611127107767 28.2944225620001 28.4003526789328 28.4 28.3071068338819 28.2948736705785 28.0211663333034 28.217518704896 -9999 -9999 -9999 -9999 -9999 -9999 -9999 -9999 -9999 -9999 -9999 -9999 -9999 -9999 -9999 -9999 -9999 -9999
27.8728844640641 27.9994205563223 28.0025836556135 27.941127142 27.896466503163 27.7522462320623 27.7042981392876 27.7834358069743 27.6105361557382 27.6052599170366 27.5827294381886 27.4811442229299 27.9613071788858 27.8007135443744 26.5338829158203 25.8735198509453 25.4935864293787 26.1977558181715 27.1515582100182 27.964504430514 28.1347826006494 27.4765390603318 26.856923713137 27.908669914235 28.6357972300278 27.7460985445681 26.6121412290334 25.782039658037 25.5401321330247 25.6760818685309 26.4074657546947 27.6894612161607 28.1891903734349 28.1476579815569 28.0127967099554 28.1728712504626 28.105413422 28.101729418 28.2 -9999 -9999 -9999 -9999 -9999 -9999 -9999 -9999 -9999 -9999 -9999 -9999 -9999 -9999 -9999 -9999 -9999 -9999 -9999
27.8468019401766 28.0030224081076 28.048269982 27.941127142 27.833984302 27.726841462 27.7702674397641 27.7109868930938 27.6172319259518 27.698270102 27.591127262 27.4979987974744 27.3948709779999 26.9700971383093 26.3817554023977 25.7775586058721 25.4482472104459 25.7622006016733 26.4262944695938 27.6266396430543 28.3738654070117 27.1945925335793 27.3198957256297 27.8909719190748 28.7556375099998 28.1478513101472 27.0344479941839 25.9117205409893 25.5877245471151 25.3988237399056 26.1216381466943 27.3726021574754 28.0147875214577 27.3077294972023 27.5946620644506 28.1419255366516 28.1172323459741 -9999 -9999 -9999 -9999 -9999 -9999 -9999 -9999 -9999 -9999 -9999 -9999 -9999 -9999 -9999 -9999 -9999 -9999 -9999 -9999 -9999
27.8411336442407 28.04108543 28.0096730904437 27.9330505157125 27.833984302 27.7412084746937 27.71963819 27.7024657283251 27.6814248138345 27.658993722 27.5535933271466 27.4612010623628 27.2544462656164 26.5987964699996 25.7513552755451 25.5183187352011 25.4985786265413 25.989833167096 26.7580106206431 27.76595047781 28.1725641381052 26.6260083959993 27.4978915379325 28.4262171484757 28.7573799080148 28.2109656719777 27.3727019310112 26.2884636090262 25.4457186339545 24.969273672468 25.7384861067102 27.2296103673051 28.0923702578193 27.9739310885821 28.0272534601582 28.1822849437654 -9999 -9999 -9999 -9999 -9999 -9999 -9999 -9999 -9999 -9999 -9999 -9999 -9999 -9999 -9999 -9999 -9999 -9999 -9999 -9999 -9999 -9999
27.4427724868554 27.6067343520654 27.7593863629188 27.84643794 27.7981019258861 27.7536263599907 27.74643794 27.6824121842558 27.578631912 27.4442447574976 27.3244093312512 27.3197421302558 26.8958110826162 26.1734492529672 25.5770403746442 25.3540212653069 25.3600866993652 25.7816244725582 26.2763760513396 27.5117514385303 28.1193979421419 26.6226457639806 27.2952055317908 28.4520901342279 28.7258482462441 28.0748713675257 26.8821162994021 25.6975271856967 25.1275130554674 24.581951629424 25.3552304270939 26.862419378139 27.8668891613488 28.219535086 28.27321897 28.2091935657069 -9999 -9999 -9999 -9999 -9999 -9999 -9999 -9999 -9999 -9999 -9999 -9999 -9999 -9999 -9999 -9999 -9999 -9999 -9999 -9999 -9999 -9999
27.124817510909 27.0558780609043 27.5232951179427 27.6800280481868 27.66607613 27.617735799325 27.6272413350809 27.5745949443263 27.471489072 27.3310509223486 27.1615134071635 26.984347734 26.3116793396162 25.9600355947445 25.6731936088718 25.1537757673044 25.1142403432002 25.5572983123756 26.4532517312414 27.4749950712917 28.0749890853092 26.8889507839363 27.3978343556492 28.2729947620001 28.5982632267488 27.7201698695569 26.444043520597 25.7646062157304 26.1984314625781 25.033495712533 24.7062815757729 26.3270624657864 27.831158421593 28.1645277670191 28.2272411722464 -9999 -9999 -9999 -9999 -9999 -9999 -9999 -9999 -9999 -9999 -9999 -9999 -9999 -9999 -9999 -9999 -9999 -9999 -9999 -9999 -9999 -9999 -9999
27.2549779696979 27.0709598993086 27.431989924 27.6146355954543 27.64106671 27.64106671 27.6883909539707 27.4173801737464 27.3210566048064 27.357203392 27.187478154082 26.3875301908046 25.9620810556393 25.6448112825015 25.3373360697244 24.956903511579 25.694886838724 26.7314614587862 27.5048062220004 27.7074650959194 28.3736806635926 27.9592433988616 27.9763305170446 28.0348383420166 28.0161533634918 28.1542162040001 26.9540948402047 26.6817943817311 27.183509644932 26.3428923977635 25.9240111841289 27.1535372061594 28.2080919377362 28.28213342 -9999 -9999 -9999 -9999 -9999 -9999 -9999 -9999 -9999 -9999 -9999 -9999 -9999 -9999 -9999 -9999 -9999 -9999 -9999 -9999 -9999 -9999 -9999 -9999
27.5187240005508 27.4882799785866 27.7322813506437 27.6018796849467 27.5071618 27.7540476136947 27.6123510521344 27.2446196519963 27.2 27.1985150978349 26.8131425819995 25.8107427 25.7627673044196 25.4980690258737 25.030706762 24.6338761878314 25.4265710793942 26.9333345186425 28.0777553272326 28.4300298352673 28.8483044469013 28.8576342905918 28.1859079833657 27.4520932646766 27.0265765661581 28.6409556401886 27.9978756125979 27.8233782023072 27.9806306494444 27.7105228181373 27.6960515859476 28.1012164474271 28.2859800284707 28.3741192411011 -9999 -9999 -9999 -9999 -9999 -9999 -9999 -9999 -9999 -9999 -9999 -9999 -9999 -9999 -9999 -9999 -9999 -9999 -9999 -9999 -9999 -9999 -9999 -9999
27.8986783360054 28.2886909000004 28.8307980725522 27.9249602644639 27.0807524002907 28.0064304165371 27.5500686065924 27.4117714968991 27.1596285738316 26.9729854108993 25.9930774348726 25.4357826048047 25.38929522 25.301635129006 24.7924305993722 24.2093235661891 24.9490227503649 27.1651113031188 28.5427589698207 28.8301046347211 28.9736147867594 29 28.5574418423277 27.2612385081673 27.1188168699565 28.5050595560974 28.6330044980068 28.3571441097133 28.1343207610663 27.996523107581 28.2279574255243 28.3844196702729 28.36605717 -9999 -9999 -9999 -9999 -9999 -9999 -9999 -9999 -9999 -9999 -9999 -9999 -9999 -9999 -9999 -9999 -9999 -9999 -9999 -9999 -9999 -9999 -9999 -9999 -9999
28.8483532251551 29.054670715584 29.3336264722719 28.7891463582494 28.2963780204096 28.7654189816577 28.3777914676169 27.9532764523919 27.1439788627634 26.1372984996046 25.4114039480612 25.3639664773862 25.17500954 25.1333438648799 24.66306379 24.3105721168899 26.1500865819175 28.2858684894777 28.7670048667494 28.9329008663967 29 29.0546483151723 28.9915460929176 28.3313749770187 27.9896715795542 28.1326262892734 28.6872333607901 28.3541740797828 28.1297229238899 28.2588978896066 28.4939592847469 28.5 -9999 -9999 -9999 -9999 -9999 -9999 -9999 -9999 -9999 -9999 -9999 -9999 -9999 -9999 -9999 -9999 -9999 -9999 -9999 -9999 -9999 -9999 -9999 -9999 -9999 -9999
29.289595366615 29.43927614 29.4189585857083 29.2465044121301 29.0874193040631 29.0894577098068 28.9150161958226 28.2575285439997 26.4992128717293 25.4889848683206 25.3599743975019 25.2238300654186 24.9497265533112 24.7362751670277 24.6166596158805 24.761469494191 26.7793306748703 28.4798018297347 28.7599128657057 28.9300172784559 29 29.0265496793896 29.03036193 28.967012282244 28.7672872936318 28.3477173028513 28.8092591744127 28.5694132181255 28.4899209579553 28.5805756720722 28.617908532 -9999 -9999 -9999 -9999 -9999 -9999 -9999 -9999 -9999 -9999 -9999 -9999 -9999 -9999 -9999 -9999 -9999 -9999 -9999 -9999 -9999 -9999 -9999 -9999 -9999 -9999 -9999
