catData/variables/pastClimate/midhol_CCSM4/bio10.asc
NCOLS 409 
NROWS 350 
XLLCORNER 60.897278365 
YLLCORNER 5.843756025 
CELLSIZE 0.0892857 
NODATA_value -9999 
[rows 52 to 77 of 350, columns 174 to 231 of 409]
17.4380429333015 14.7148567631934 11.1209811429592 9.93576166342875 9.30167838320676 10.0711582029685 9.44452647795466 11.1213575367231 10.6450646107875 10.0407536560061 6.52386742464681 4.5177421055802 5.77128782128618 7.93363636279702 5.87651988506012 5.99320957487709 7.79614121951338 7.6049822624161 5.51622943967935 4.08029626830048 4.1488544663041 4.8821914395781 4.80907511643243 -9999 -9999 -9999 -9999 4.31297398173724 4.50476818536614 -9999 -9999 -9999 -9999 -9999 -9999 -9999 -9999 -9999 -9999 -9999 -9999 -9999 -9999 -9999 -9999 -9999 -9999 -9999 -9999 -9999 -9999 -9999 -9999 -9999 -9999 -9999 -9999 -9999
13.3732210020164 14.4871621242091 13.0609296658335 12.0082526041141 10.8975825098789 9.50060701850167 7.30055089643514 10.7006710347934 13.6361356955643 10.7404383253605 8.54017694254427 7.41390695439641 6.83058764492966 6.70882258346414 4.14724676033279 5.60354814015189 7.67213912049365 9.39815065520337 7.93831262337937 5.07158448673274 5.87857021265974 7.21596994308653 4.87998792181272 4.19987424140156 -9999 -9999 -9999 -9999 -9999 -9999 -9999 -9999 -9999 -9999 -9999 -9999 -9999 -9999 -9999 -9999 -9999 -9999 -9999 -9999 -9999 -9999 -9999 -9999 -9999 -9999 -9999 -9999 -9999 -9999 -9999 -9999 -9999 -9999
14.9942075084539 13.4458761781033 13.0118345015625 11.2712604591754 9.40779551508826 8.92187753250414 8.08997193882989 12.1407445293678 16.8296765995906 11.357467778664 7.08938778457854 6.53142300578208 5.5228710344732 5.59342368278086 3.33630015968737 3.77423650987294 5.71114855632005 8.81155381527705 9.28892470155166 7.11866476760328 7.54522119150555 6.31973298160348 3.69788770937709 6.064661256586 -9999 -9999 -9999 -9999 -9999 -9999 -9999 -9999 -9999 -9999 -9999 -9999 -9999 -9999 -9999 -9999 -9999 -9999 -9999 -9999 -9999 -9999 -9999 -9999 -9999 -9999 -9999 -9999 -9999 -9999 -9999 -9999 -9999 -9999
22.6664604878773 20.3415976127086 17.9733546045881 14.898282858957 13.230307543306 11.5787032326145 12.7489115969036 17.5285250262519 17.586559881539 11.5136691686156 8.82419855551846 7.79674106564546 5.80849043900889 4.70561133775645 3.14288000678498 3.02520342920322 5.09662864350565 6.73907430047611 8.61469907510325 9.99727476109395 7.86727133217747 7.8266814317917 5.65300130686867 8.42147435379455 9.19107259926031 -9999 -9999 -9999 -9999 -9999 -9999 -9999 -9999 -9999 -9999 -9999 -9999 -9999 -9999 -9999 -9999 -9999 -9999 -9999 -9999 -9999 -9999 -9999 -9999 -9999 -9999 -9999 -9999 -9999 -9999 -9999 -9999 -9999
25.915582684753 25.4376285192918 24.2402353028806 20.805527635999 17.8934585919258 15.638651988311 15.1126662310576 19.0740706190035 16.8049479133391 16.292282388755 14.2383473526811 12.2207840766216 7.56949554405866 4.90021590326813 4.6301505503476 4.57547619666172 7.2612137260192 8.47520164876393 9.31502021044238 9.86886958136779 10.2008437528553 9.18659238889008 10.2399264747023 11.8433325295256 12.5568831303949 -9999 -9999 -9999 -9999 -9999 -9999 -9999 -9999 -9999 -9999 -9999 -9999 -9999 -9999 -9999 -9999 -9999 -9999 -9999 -9999 -9999 -9999 -9999 -9999 -9999 -9999 -9999 -9999 -9999 -9999 -9999 -9999 -9999
27.1349733084838 26.6809381273729 25.9776782599371 25.3467861886061 22.8068031524735 19.3143386605786 18.6328224338334 20.5830766537655 20.252471786695 16.8626934354073 13.5831372828515 12.066775306352 9.48803941680933 8.33375809224506 6.17243024360442 4.29876225983501 5.10481459287265 7.18646827273937 8.00463349660683 6.40234965507835 5.81603066802705 5.00006132607047 5.1813133181132 9.79008647480247 11.1872905674816 3.02325924970853 -9999 -9999 -9999 -9999 -9999 -9999 -9999 -9999 -9999 -9999 -9999 -9999 -9999 -9999 -9999 -9999 -9999 -9999 -9999 -9999 -9999 -9999 -9999 -9999 -9999 -9999 -9999 -9999 -9999 -9999 -9999 -9999
27.6921867016979 27.8586269011704 27.3736005600571 26.174255073963 24.80849873914 23.1413859755114 20.1195199166198 21.3672329140881 21.1950577350395 18.4584378343925 14.6188308771627 9.75623276644691 7.14297395729135 5.79402592741915 6.07562155321237 5.66284137602988 4.95632406791274 6.60872157982445 6.74133621139562 5.85525873012329 7.44500075985349 8.49899798405761 6.83602997717997 10.2455682245047 12.8215091510632 7.10527625774425 -9999 -9999 -9999 -9999 -9999 -9999 -9999 -9999 -9999 -9999 -9999 -9999 -9999 -9999 -9999 -9999 -9999 -9999 -9999 -9999 -9999 -9999 -9999 -9999 -9999 -9999 -9999 -9999 -9999 -9999 -9999 -9999
27.6476286853655 26.899260712889 26.1780946585384 25.6788108159659 25.045293081273 24.8004952707273 22.6689739582518 19.9922820459997 21.2119116518153 20.1431369446668 18.175159731608 14.9366764130825 11.8581358763058 9.32496418121448 6.30839442978788 5.92457587364961 6.01801485494498 6.47110523611136 6.11421204566424 7.25903851697245 6.57258100626796 8.19349738283266 11.6221054761703 11.2115309135609 13.0016289183003 -9999 -9999 -9999 -9999 -9999 -9999 -9999 -9999 -9999 -9999 -9999 -9999 -9999 -9999 -9999 -9999 -9999 -9999 -9999 -9999 -9999 -9999 -9999 -9999 -9999 -9999 -9999 -9999 -9999 -9999 -9999 -9999 -9999
27.3357445060846 26.4647732126068 25.8852439267267 25.1495687407745 24.0930069877152 24.8121418030501 24.1981233972225 21.9264288700962 20.7059813974523 19.9339097825723 17.071143605353 14.7107901467668 11.0838248692827 8.094421075627 8.33691787623398 9.35561979155853 9.37268314278181 9.63254820352818 7.43169472413528 6.81511796941347 9.40571467976267 10.4005748792864 12.9737584516246 12.9295097695898 9.42375761300638 5.00478551841418 -9999 -9999 -9999 -9999 -9999 -9999 -9999 -9999 -9999 -9999 -9999 -9999 -9999 -9999 -9999 -9999 -9999 -9999 -9999 -9999 -9999 -9999 -9999 -9999 -9999 -9999 -9999 -9999 -9999 -9999 -9999 -9999
27.0475917279246 26.6027632630136 26.5111145048219 25.5825503214583 24.8329749068765 25.5882724635088 23.7935469244751 21.1836858614535 17.9124987940037 17.9275399746702 17.9354401563577 16.4418815612945 13.8098763816902 11.7805509272183 14.6465139730743 16.4352497108339 15.9436811409364 14.2454986168984 11.5140729940282 9.40130529725847 12.5094269090341 13.2885126754634 13.9105819427466 9.53019788945155 6.77694395716432 5.13874811058186 5.55213004717615 -9999 -9999 -9999 -9999 -9999 -9999 -9999 -9999 -9999 -9999 -9999 -9999 -9999 -9999 -9999 -9999 -9999 -9999 -9999 -9999 -9999 -9999 -9999 -9999 -9999 -9999 -9999 -9999 -9999 -9999 -9999
27.2677455663989 26.8556608522824 27.0322648016875 26.231795247459 25.3277855967919 24.8575466947359 21.545309103256 18.4060502883315 17.4455098620309 16.8250651476589 17.3545052088664 16.096225366442 18.3126400603941 17.4697549032328 18.8837237804608 17.8428558151589 15.1568311311163 14.6152975905816 14.4053500718653 13.5885314649493 13.7275439483045 9.69875734439375 9.46512872017328 7.8014419364877 5.97219727390261 4.97421334702236 -9999 -9999 -9999 -9999 -9999 -9999 -9999 -9999 -9999 -9999 -9999 -9999 -9999 -9999 -9999 -9999 -9999 -9999 -9999 -9999 -9999 -9999 -9999 -9999 -9999 -9999 -9999 -9999 -9999 -9999 -9999 -9999
28.1854876309599 27.7215204885738 27.6083881066254 27.1366811752106 26.1402285474819 23.8633557917139 20.3313418564461 18.686435506054 18.7084359262062 19.2703737047522 21.1907208287516 19.8433585343607 21.4751981247925 20.9352220806398 18.7459606401643 15.3824045526416 11.0266869719996 9.58672862735043 10.2265948944464 11.6524655282367 11.1645568996704 8.22927626044861 6.25586908584109 7.48103837651835 6.82333706030733 5.70837411728069 -9999 -9999 6.05632764180788 5.46731443870819 -9999 -9999 -9999 -9999 -9999 -9999 -9999 -9999 -9999 -9999 -9999 -9999 -9999 -9999 -9999 -9999 -9999 -9999 -9999 -9999 -9999 -9999 -9999 -9999 -9999 -9999 -9999 -9999
28.8603612649467 28.1627719545012 27.8887922040947 27.5943088116119 26.3866754830082 24.0796189404307 22.5516830349324 21.7112060565036 22.0442358660001 22.024371153411 22.1808747207925 20.4511568796712 20.6556286255706 19.7394402244303 17.666575523608 15.3774939416415 13.2527804916062 11.4435112236526 10.7212983144702 9.8988709244 8.68872176291953 8.01982220691536 7.31448999746827 6.21150975750752 5.56995601188075 5.17530831509678 3.87117001173193 -9999 4.85845975160414 5.43011792378886 5.89044637256958 -9999 -9999 -9999 -9999 -9999 -9999 -9999 -9999 -9999 -9999 -9999 -9999 -9999 -9999 -9999 -9999 -9999 -9999 -9999 -9999 -9999 -9999 -9999 -9999 -9999 -9999 -9999
29.6419884489043 28.9846569200183 27.9682882458896 26.9014007353931 25.2321918046836 23.6369791761453 23.8770319888067 23.4665738431079 22.8464467441352 21.2860519661771 19.3809353740195 17.8235634816221 17.6194813380763 17.5877974932552 18.1472669883431 17.1324613286328 15.7756412136806 14.0801670660662 13.8910860313854 12.067504010261 9.18111725879009 6.91577245315943 6.36277852887612 5.14703763511118 4.7080794064083 5.22571767171703 3.69542739254192 5.2046888202898 5.20906104278888 6.20744102820242 5.40470885391631 4.14545085993362 -9999 -9999 -9999 -9999 -9999 -9999 -9999 -9999 -9999 -9999 -9999 -9999 -9999 -9999 -9999 -9999 -9999 -9999 -9999 -9999 -9999 -9999 -9999 -9999 -9999 -9999
29.7848781718353 29.8848413645721 28.8369680341679 26.9895953947992 25.3722749274193 24.4674798201189 23.9046245449988 22.5011563740126 20.9006607899154 19.322696111175 18.6763566396816 18.3531376753992 17.745099105359 17.2833846373421 19.0061896907454 17.7602701086004 15.4416029956466 14.9477000537189 15.9530109546206 15.1453289555473 13.0713136506948 10.3023661724972 8.05184159491616 4.95480242194913 5.4964893587162 7.33711154276538 5.89882275888522 6.18579376383308 7.84832395361969 7.56135320181319 5.85040591646239 4.39134754136935 -9999 -9999 -9999 -9999 -9999 -9999 -9999 -9999 -9999 -9999 -9999 -9999 -9999 -9999 -9999 -9999 -9999 -9999 -9999 -9999 -9999 -9999 -9999 -9999 -9999 -9999
29.8228220963493 30.0393950839999 29.6138002102412 28.2303861308669 26.1667981245629 25.401457160935 24.3822106578184 21.9666444902565 20.3066399224167 19.2212852515327 20.6150454268744 18.7205917324762 17.3512835509418 16.3668251998177 17.1556786226486 18.0029090640328 17.0347219367659 17.8272050599556 18.5203884772036 16.4464191839247 13.7530814238202 10.6213342699997 8.58431409913731 5.09979021836987 6.49407611729408 11.580633045091 10.7161526408514 9.86372195175301 8.43182451009457 4.5330969318979 3.00898265173744 2.82844136528682 2.48856626988097 -9999 -9999 -9999 -9999 -9999 -9999 -9999 -9999 -9999 -9999 -9999 -9999 -9999 -9999 -9999 -9999 -9999 -9999 -9999 -9999 -9999 -9999 -9999 -9999 -9999
30.105481208865 30.0161278537362 29.673435498 29.0792339015801 27.5810994276109 25.5066421326701 24.0032557129823 22.5735359780128 20.9377713132572 21.4407183770104 20.1011997798101 18.2556482905741 17.6261232635777 19.1944817198096 18.5329815018857 19.3446435394667 20.6638608441447 20.3069876259664 19.5951784452379 17.3411154473269 14.7247050644184 13.3261114559152 12.113881715156 7.55262959881676 9.45054610682324 13.4907077209133 7.80789399963851 8.05234079975446 8.08343131746888 5.36030426399448 1.87148267032234 1.10183781502521 2.17731045809731 2.94354217459728 1.38584376829774 0.0450137012347295 1.57931343927841 3.08211342080775 -9999 -9999 -9999 -9999 -9999 -9999 -9999 -9999 -9999 -9999 -9999 -9999 -9999 -9999 -9999 -9999 -9999 -9999 -9999 -9999
30.176840382 30.0345243123547 29.7655713549674 29.3146575328397 28.5297860765055 25.8286260391127 23.3110287729092 22.5764358722765 23.0732315626582 21.7547218690135 18.3557155090503 15.0410951414786 16.9407495212486 19.0593099586141 20.5886878981516 20.8675546588556 19.7578191788298 18.8666160148323 19.5734608681697 19.3660703376529 18.4699285079244 15.8662858001128 14.5505637497648 12.580951289664 14.3293249904323 13.8426914501164 6.4360766067918 3.43796997259303 4.01649925813896 4.53711237700862 3.40332905102444 1.68036927106174 2.84111949269477 5.15022034531833 4.1303142051437 1.07759926666601 2.61321873139412 5.27985949292704 5.69361761939713 5.55013392236426 -9999 -9999 -9999 -9999 -9999 -9999 -9999 -9999 -9999 -9999 -9999 -9999 -9999 -9999 -9999 -9999 -9999 -9999
30.176840382 30.0669912264457 29.9128341506911 29.5958210858727 29.0492699931816 27.8427605719568 25.6138197632757 23.5822579193171 22.6385004227402 22.8939272482493 20.757416784497 18.1277717688299 18.0575525648765 21.0888826814941 21.6931940804136 19.4108253705985 17.7980199093804 17.8364934649672 20.129977135091 20.4762635485239 18.8689233469317 18.2848686660838 18.5530079563769 16.1097641723582 17.5555471459121 13.8253039786668 8.75331781489217 5.77183621047998 6.54068408890959 3.56077344057341 3.75568752827904 2.9078417468317 4.7292588444051 7.88811234577583 7.46701261416378 4.80372336350556 5.44769220755473 8.04135588800094 6.53351264659566 5.59835997837472 6.38066322380305 4.85577761141583 -9999 -9999 -9999 -9999 -9999 -9999 -9999 -9999 -9999 -9999 -9999 -9999 -9999 -9999 -9999 -9999
30.176840382 30.0994581405368 30.023321234 29.8512317568782 29.634879272512 28.8955863381458 27.3503911934126 25.5946445396091 23.4176883564436 23.0002166590761 23.4290606068404 21.4019716056697 19.0004912333055 20.597340009797 22.4260254330082 20.9894819104018 19.6376095013102 20.9209827703135 20.8262342030553 19.4023412852777 19.7066041678575 21.4172980151549 20.4271432625674 18.2299134546688 15.2094813832232 13.3497284812969 10.1212071672768 11.3280562456223 10.5487287030696 10.4193767246399 8.47803949601615 5.87772129484538 5.46906077695334 9.10802338274275 10.4565678041574 10.2532950280837 5.58408152006374 8.07626947830174 11.6300539111743 8.35703840460187 8.5662428051109 6.25300307647643 4.69169471899563 -9999 -9999 -9999 -9999 -9999 -9999 -9999 -9999 -9999 -9999 -9999 -9999 -9999 -9999 -9999
30.2 30.1713201386278 30.10535467 30.10535467 30.001892714 29.7907595326703 29.3912309725426 28.1763902762985 27.0898079740108 25.1235956084144 24.3626654226593 24.8527788054898 22.1146057165319 22.6190490901381 23.2989839664044 23.3771284639776 21.389807173979 21.5713431260434 20.3553257239994 19.2869792830754 21.3985882746711 20.780524945933 18.6404639297878 17.9037669479998 17.7656684114446 16.8302999311884 14.5759452889821 14.5504005646712 16.0023371700512 16.7968673991338 15.3086792037638 12.2480588043976 7.45475930400726 9.73948999645031 15.4527846402482 14.1448487098367 8.78226718499745 10.7043397676268 9.61379354630175 3.29667545215838 3.8406099122394 4.78132686285182 3.11504472391169 -9999 -9999 -9999 -9999 -9999 -9999 -9999 -9999 -9999 -9999 -9999 -9999 -9999 -9999 -9999
30.2 30.2 30.2046797298621 30.21249751 30.109035554 29.953623692 29.7804641939999 29.511305247157 29.1363547634436 28.07871623319 27.0152158820836 26.8911406801517 27.0933044445899 26.8147321365731 25.8224306421853 25.8654854363759 24.4135214551665 22.7178309309657 20.5743699854012 18.6841212747021 19.7858831010001 21.8235915328586 20.1819581829266 18.9192042826421 20.6805731522007 18.4180141669565 17.7987355744242 15.5790495617768 16.863137973714 19.4564056468467 17.7654599409763 13.3785992277443 13.6250716255767 17.8729754981881 18.9053452163238 16.7390735250374 12.772372152686 11.512813804919 5.05352279338586 3.23708843538281 3.95716864526432 4.39951132799393 4.518520652065 2.95869636283846 3.16992556708006 3.63223537027805 3.20683640933136 -9999 -9999 -9999 -9999 -9999 -9999 -9999 -9999 -9999 -9999 -9999
30.2 30.2059515088098 30.2497312604143 30.3 30.2066981891376 30.0492035080864 29.8809325866894 29.746480852 29.5748073342414 29.1004823270864 28.942894432 28.3788962048772 28.5001595712743 28.4797783211524 28.3171641169702 27.7716521084022 25.6142997243645 22.9335670933487 21.6143481879926 20.2273966785819 18.9716029393677 21.0391582094283 22.7871646525093 20.0156389864132 21.8525489490867 20.609418317188 17.7032150458747 18.0088253976218 19.6502526819145 20.5619076948855 18.6210102884823 17.7169464200003 18.1056679007686 18.6306283069644 16.2925634942151 13.7928700390141 12.481901482293 8.98926840640989 4.77509932613588 4.07232523154616 4.04576290142984 8.10483972142207 5.53103862176557 3.83894489321627 5.52125310220535 4.58508042495022 3.4610008650019 3.43492840750905 -9999 -9999 -9999 -9999 -9999 -9999 -9999 -9999 2.52465862610865 4.74106604826287
30.1794196944922 30.2221864930992 30.2832458553094 30.3 30.248269022 30.082252364 29.933983342 29.826840502 29.741205189761 29.6159174038304 29.5307456705782 29.198601927947 28.6811473873952 28.2031945051762 27.5324663550242 27.6247555411057 27.2300012252677 26.6072408160683 25.451209580163 22.7190649725111 19.9871055946711 20.3761825014183 22.753878330374 22.6458980066788 21.5574073922089 21.2157804747069 19.3381937935374 20.4412093980869 22.687225010201 21.3289356562444 20.0791783749989 20.8056982826199 20.4313860579997 18.591230546241 17.0045258896149 14.2477813247236 8.34660010043548 3.54180717343404 3.66719945598115 3.92922922085506 4.78885522593585 8.21687837080743 8.46509343428991 5.70910677628919 5.83153569329322 6.88785975058845 5.65269791293274 5.09437178205095 4.09665818272495 3.90447716849012 -9999 -9999 -9999 -9999 -9999 1.56673246668492 2.79587828026452 4.31248766265386
30.1492285090495 30.2 30.2247415949669 30.26607397 30.2318932591156 30.082252364 29.9563801731981 29.860766532 29.8066826347194 29.6547763213218 29.6018360706369 29.4971254954043 29.3133259228911 28.9479008508684 27.971477481056 27.3363892723065 27.0927426135046 26.9953425002593 26.8648629066241 25.3025210896245 22.6226116364676 22.1832037856483 22.3557813581148 22.9195172326919 22.3192505226341 23.6538085775828 22.4956560792831 21.9947432518758 22.0785978263095 20.7691658015594 21.0442101858319 21.5103460378351 20.6427600294584 18.4786145701829 16.1474004762301 14.3714784366483 10.9886231821971 4.29423585211954 3.71783503933671 5.63709062760913 5.86419795997432 6.97426729155417 10.5494830369302 8.39306042965226 4.90661110001436 7.50034831782241 7.74406045654393 5.85920694687066 6.93956536815753 6.37760994338201 5.41002301957859 -9999 -9999 -9999 -9999 2.41201735258269 4.74622684856853 4.91293180884789
30.2 30.2 30.2 30.1816881555694 30.15893113 30.0653623057784 29.9728877045476 29.9158174111263 29.819697662 29.712554822 29.644258212148 29.539338012 29.4285508445041 29.2651060083394 28.9812266513744 28.4608067076226 27.7343348459999 27.1375707140196 27.373501818775 27.4277854317053 25.678934044402 24.4578397921461 23.0086294276438 22.6739033273744 23.7389203166617 22.9616938241773 22.7842197108458 21.3000610206487 19.791891815061 17.7456205528116 18.039851258991 19.5610985417992 19.4917512029068 18.4170725212955 16.0009182137217 15.2208874820215 14.0442112590261 11.2395720130219 10.6740947020347 11.9635467323209 10.5009788323999 10.0696846949039 13.8847803791478 12.6427970608337 7.67288717765191 7.54243147951074 10.1393424681991 7.67952374768692 7.71442547466252 9.34221815834271 7.7054673199384 5.42162724488609 -9999 -9999 6.3829382545967 5.65944891230703 7.82588580436416 7.01914579906917
