catData/variables/pastClimate/midhol_CCSM4/bio15.asc
NCOLS 409 
NROWS 350 
XLLCORNER 60.897278365 
YLLCORNER 5.843756025 
CELLSIZE 0.0892857 
NODATA_value -9999 
[rows 104 to 129 of 350, columns 295 to 353 of 409]
98.6556693950057 95.7674602188016 95.179066489029 106.35986316594 116.174615485786 113.381294110673 111.987439249776 112.501830229775 116.825449428532 119.5401343197 120.6607445 118.220665463686 113.084404804093 104.175572240748 93.5794181362039 101.071080963179 98.9463933708696 100.174101643604 -9999 -9999 -9999 -9999 110.013935261334 108.827313179368 110.371223156507 109.523192994753 101.918172546054 99.8698329238385 99.7344166085889 101.87526766363 101.000174833509 100.326331672774 104.362024756631 108.492515565996 110.3037225 108.558615876611 106.685946714168 109.007609944829 108.208791007839 108.738697853165 108.91140942 107.323671627793 104.376723859999 104 105.310069894617 104.866685135655 106.610472619458 105.425778863573 108.575841734526 108.237138062398 106.810304679955 110.37888758498 111.204260530133 110.649016162132 110.891165850179 110.9822335 110.701116130583 110.6607445 109.574345599999
96.9578143489644 96.5796451277516 96.0177278599749 107.341849981655 108.68658393327 105.230454488343 100.731722252311 104.933319055946 111.815862200002 118.511878361559 119.105763257862 111.164713375525 106.388169457669 99.9775588627164 91.5804589059987 93.3084583333797 92.2221525680225 95.8193902227767 -9999 -9999 -9999 104.515845100868 100.108022032335 100.610937727728 105.704805064572 103.04851348793 98.3714576672272 98.7741072853803 103.238369183837 103.652407429683 102.537462359999 99.8871490295734 102.729226305959 102.461859058883 105.232827925745 104.21772902069 103.788248553938 104.7679483 104.421010969786 105.227803616332 105.336823157552 105.98162918 104.273580910634 104 104 104.08871058 104.774094519151 103.684417094731 104.714241165545 105.32087762749 105.372726420001 107.774122178951 107.704807035855 107.028944914083 107.799956931911 109.16796303738 109.207772560972 109.567078133559 106.888567709766
96.6479473446771 96.4840491450961 98.0281393696698 101.296596437799 98.045560227296 99.7774218404669 96.6829017256212 98.4896725185885 107.262990784015 113.394966560442 113.370814053296 106.034452179614 99.5531819011952 98.7039307658984 98.6870060210768 99.8269107942575 90.2330295484418 101.077269057952 -9999 -9999 103.564873766102 104.185084976734 94.5936318461088 93.0166004113185 96.9097645673624 97.9225824005746 95.1961630789052 96.0435421100485 103.096229948203 106.349658275227 102.929037077236 100.931622942345 100.892747592889 100.869384620754 101.878856369455 102.25334559933 103.267160130126 103 103 103.341878479498 103.870585910712 104.80299698 104.12557462 104 104 104.045942118242 104.352019683935 103.490396715646 103.5178877 103.323978022595 103.923606268782 104.535763886028 103.730890053223 105.451067653732 107.556772206358 107.663273393041 105.840592539999 106.07928329573 102.544714114479
95.5159659775638 96.39232028 98.4214509155074 97.0095000240873 97.2672275800001 97.9540981146536 97.208348286605 97.0819379426899 100.715882502217 102.805647059999 100.968592416615 100.178123017322 97.7030660277988 103.316932840001 108.577909735755 102.807074838578 88.1349363200031 -9999 -9999 86.3869245869144 96.9714146068475 98.0145434212415 90.1085443209279 90.1436715710465 92.6606221000001 93.6981512933365 95.6038347265822 95.2180957221903 100.05929677824 106.139971595929 103.419607001487 101.755099374951 100.285029454752 100.23156978 101.167721824656 102.469560088808 103.55414502 103 103 103 103.326615596129 104.24945628 104.056063956943 104 104 104 104 103.76843262 103 103 103 103.286336075766 103.879415302302 105.580704655812 105.856089113879 103.800248025728 102.074560648445 102.416485834981 100.4464593
94.5790740774662 95.9120257653957 97.9827106199998 97.0332719088795 97.6352634939831 98.9710317105364 99.3672777797082 99.5170055974294 97.2619465419702 96.8879938297715 99.751801751577 102.984914608041 102.195086995587 107.045033540511 110.888905566964 107.820996258289 88.3515061516811 93.7815102350884 -9999 83.8407659784837 89.5037919802192 91.003518961156 87.138501408986 89.3278499465237 94.0756207986232 94.9671908540936 95.8716850152164 94.7690321399997 97.8727420200018 104.99602416 102.96543084 100.933459782538 100.209912751737 100.23156978 101.30299818 102.74885316 104.390081776744 104.551621171556 103.514084857388 103.412567214169 103.6249691 103.926117780107 104 104 104.614168271519 104 103.899918085794 103.432908434136 103.435606100069 103 103 103.193996351482 104.33166545138 105 103.079661382895 101.57203632 101.04709526283 101.354723494308 100
94.3385796773686 95.2330267381804 98.0067911820172 98.3310121598023 97.9051644606134 99.2315745800003 100.60600596 101.919718167814 100.002150879999 101.138645516659 107.747367876439 111.239373312582 110.387694098696 112.45595945165 113.354671688724 113.105629970466 100.627310896561 88.7149418446263 89.1752707003255 86.8028391144444 90.4273348215369 89.6159616544003 87.4787330495772 88.8880183160231 92.0711038441675 96.5356430588462 95.5418714922772 95.797240043668 95.9332077004646 102.531800759999 106.471492216601 105.81300300251 104.795199506643 102.694630548265 102.273778829887 102.488103425754 104.195312460001 105.506788825247 104.51897394 103.896817708999 104 104.55920508938 104.087449851431 104.658690207758 104.98271782 104 103.951381405325 103.766701935487 103.69700422 103 103.310490622081 104.05663068127 104.750262279083 105 103.314762318836 101.89340292 101.087451522785 101 100
95.0481142427271 96.4399434382434 99.4998402449638 97.3756304199996 96.8704231495801 99.4093835403062 101.37383186 102.854759168663 100.874218193147 101.973292277633 109.311994775768 113.673897806799 113.80407842 115.14165536 115.5356518 115.5356518 112.718727978789 101.957102132986 101.843786257914 95.423908235049 101.073691092157 99.2946949686726 91.9599045715077 90.1730379404147 94.2054042355069 98.6935806069172 96.1099709999999 95.3271328750562 98.4153507201461 101.828858396604 106.490891296389 107.97940314371 107.410362459226 104.948471470517 102.929651670257 103.429746905772 105.085022758712 106.28510928 106.042430492319 105.5356518 104.412217193299 105.419558858866 104.221994065618 104.94585378 104.995987525412 104.699711619072 104 103.822196568041 103.161826327475 103 103.103515421494 102.955091611957 102.6965223 102.6965223 102.356820861136 101.42917952 101.029155731599 101 100
97.55813174565 98.6156669653327 97.4593893330184 96.4443118117583 99.5686489996127 100.947307797965 102.190963706122 102.37151370856 100.96314118781 105.875325477618 113.019464475015 115.390138813824 116.335633129861 116.775921066455 116.8392543 116.045438419543 110.79322740299 110.522611788284 112.625061519916 106.137273277397 107.520313479668 108.023187357548 103.588337336758 100.935428704029 98.078652282604 99.5890858577576 96.5674253092796 98.3696034128121 103.568410400002 105.294169993753 104.385072876178 108 107.67971724 105.499636593614 104.347839350915 105.638137825401 105.910923570859 106.51728338 106.905367112826 106.8392543 105.37611714 105.771329591648 104.985014500194 104.991296227964 105 104.91128942 104 103.962776539405 103.8392543 103.525017196911 103 102.48271902 102 102 102 101.19700542 101 101 100.824752170332
96.7503949853866 97.1244955799999 97.9878641555595 102.083300040572 99.3953058355971 101.653356507532 104.12436838 105.777443540516 106.562705323456 108.888156497799 114.30228374461 116.57082768 117.64225608 117.179402870885 117.796328437284 116.96482412 115.449897272758 114.755217634631 115.664717259752 113.29965160749 109.288426102224 109.805666944647 110.304783109465 108.01832103401 107.539000336912 104.247456175744 102.429313731848 99.718959708709 102.665129948356 107.569990219256 107.664646816052 108.9106827 108.73623792432 107.569112432489 107.062109259343 107.8213654 107.8213654 107.396486729673 107 107 106.203089689669 105.982404222162 105.921898686007 105.9106827 105 104.992076610513 104.764846901318 104 103.724066984981 103.055874743188 102.593969768643 102.043115159525 102 102 102 101.19700542 101 101 100.087773916706
103.132651329058 103.82063868 104.859344047939 103.714370696504 101.28451456 103.658945940001 106.564807769992 109.06962744 111.806149095927 113.438334462616 116.897273607973 117.661471142597 118.450059716963 118.17910932 117.997753694047 117.05414142 116.981801854943 116.878680861122 115.997135203934 115.733968633717 114.30455434 113.311776970321 113.504350127659 112.91980917359 111.761547489095 108.293953755399 107.646928379896 106.275827188782 106.796133133341 108.870917739855 109.947556024246 109 108.83985862 107.995857471363 107.987531404142 108 108 107.48271662 107 107 106.26843142 106.788632247325 106.9821111 106.053177603685 105.01697302081 105.894987454694 104.997135289801 104.754686205704 103.994579738791 103.614384956714 102.992024187782 102.474083707723 102 102 101.281520734237 101.003524210258 100.141219485247 100.0178889 99.0009182362563
108.917140046232 102.060493759693 101.605298215239 102.71283056 104.85568736 107.862850543872 112.2676975 112.976466522261 114.980724730926 117.006881009487 118.440618305995 119.445986980001 118.440199458935 118.032445127601 118.0535395 118.002898704556 117.052613963734 117 116.83985622 116 115.69699942 114.645617760375 114.0535395 114.025844277982 113.41128582 111.715058543661 111.0535395 109.490532925305 109.934690353873 110.002898833051 110 109.91128702 108.991426110585 108.727288850236 107.983777628942 107.59208053188 107 107.489588286477 107.9464605 107.28632032 106.9464605 106.14346352 105.899644202368 104.997707758454 104.909277900724 105.75067092 104.67924252 103.826983498259 103.48284622 102.057040123385 100.417399644207 99.4033349850285 99.5036506741496 99.8929210000001 99.1613548199999 98.9359129283159 98.9932766691377 98.9493595900405 97.9291807199999
116.376102739999 114.351448200363 112.504192835022 112.916156085341 114.925118728192 116.673567402088 117.2499358 117.2499358 116.748357859599 116.448322827352 115.57263104 115.327712248154 116.630939246984 118.60600356 118.890724296709 118.04737548044 117.859905437588 116.988913425264 116.734901151885 115.971060910967 115.609896866181 115 115 114.547358337626 113.53625372 112.46482532 112.033545010928 111.19700062 111 110.05414382 109.8750321 109.78631912 108.734903251962 107.97106121089 107.609898966258 107 106.944282439445 106.8750321 106.8750321 106.21489192 105.783609510851 105.047416066297 104.00060672 103.8750321 102.872872382258 102.66135362 101.609937452039 100.64346472 99.5720363199997 98.5473989234839 98 98.0646435177806 98.0513981250711 97.9175039679227 97.1434659199999 97.5776781336261 98.6244871800004 97.9224138806707 96.7327844199998
117.030077563311 116.043506316786 116.230975060001 118.28511408 119.35654248 120.010302110686 119.333283935839 119.1963963 118.217111528889 115.96542364 113.706945081939 112.544303636929 115.33710462 118.174521238486 117.90451207196 117.8036037 116.99660490109 116.732311692385 115.96854835414 115.617511439335 115 115 115 115 114.41128582 113.33985742 112.26842902 111.19700062 111 110.05414382 108.996605372441 108.732313621034 107.968548825491 107.617513367984 106.940492278541 106.8036037 106.445312988408 106 105.884379184642 105.14346352 104.215712482308 103.842294364217 102.92917832 102.617841517267 101.78632152 100.71489312 99.8036037 99.5720363199998 98.5601151701073 97.9264644764175 97.8036037 98.3208846800002 98.2148943199999 97.0138173025173 95.7319643290426 95.4108110999999 96.2852340800003 96.4108110999999 94.5899276199998
116.091937363409 116 117.03457876 119.08871778 120.16014618 121 120.778148702217 120.067260755962 118.633420483641 116.094705788378 113.391523101423 111.124337871224 112.874142656921 115.926116929173 116.69854460063 116.985499590431 116.98271302 115.976239829966 115.614921979835 115 114.918848960562 114.7321753 114.7321753 114.7321753 114.14346112 113.248835208445 112.26842902 111.19700062 111 110.05414382 108.98271542 107.976240472745 107.614923737056 106.937979893142 106.510327516659 106 105.880589023738 105.7321753 105.301135075865 104.33985982 103.608135729064 102.66135362 101.58992522 100.771819824872 100.451697014674 99.667223604475 98.9571108257232 98.5626273840781 97.9188502461201 97.4580311636813 96.8805896665172 97.110915656716 96.7179703069143 95.0530515428866 93.0012182399997 92.4643506 93.3387735800004 93.4643506 92.7195234718945
116 116.320886269634 117.367966384238 119.08871778 120.16014618 121 121 120.25113724 118.402880907469 116.284373978658 114.022290764786 112.67910812 112.822637942958 114.33358271683 115.53517708 116.60660548 116.64345992 115.602128487682 114.945670726189 114.6607469 114.460540206067 113.872973807805 113.6607469 113.6607469 113.271755830579 113 112.26842902 111.19700062 110.703347664909 109.71489072 108.98271542 107.91128702 106.945671540397 106.507737885731 105.897206928141 105.6607469 105.366149604115 105 104.800277703628 104.00060672 102.19760974 100.585330705244 99.4470684199996 99.3214938 98.6607469 98.6306515607321 98.2156824653958 97.6607469 97.4605433776517 96.7459508724401 95.8756412199997 95.1460046239639 94.004543422164 92.6613560199997 91.3547336288401 91 91.8744229800004 92.3208830128043 92.3392531
116.4106815 116.968094873942 118.01728938 119.08871778 120.16014618 121.095103395876 121.286243781669 120.25113724 118.29138680324 116.37610514 114.82196492 113.75053652 113.4106815 113.883905304487 114.87443018 115.557411959578 115.579130962877 114.963566234668 114.494942807786 114 113.875563267305 113.36866057515 112.816894622395 112.5893185 112.5893185 112.5893185 112.158190187423 111.19700062 110.12557222 109.05414382 108.57203392 107.50060552 106.494944222151 105.904898575395 105.410756067059 104.846229930486 104.5893185 104.376879785577 103.831698256878 102.658070960667 100.71549984 98.5726430399998 97.3042116199996 97.178637 97.178637 97.12635821406 96.5893185 96.5893185 96.4648837385758 95.5835577238787 94.1434659199997 93.0720375199998 92.00060912 90.9291807199997 90.8897591961517 91.3297750186063 92.2851044800004 93.35653288 93.821363
117.060537296299 117.456008942482 118.01728938 119.08871778 120.237354238825 121.602040082394 121.69699702 120.25113724 118.55414022 116.96542364 115.41128342 114.33985502 114 114 114.452858733363 114.5178901 114.5178901 114.42917472 113.5178901 113.5178901 113.360969099324 112.819484081895 112.07203272 111.5178901 111.5178901 111.83615137323 112 111.19700062 110.12557222 109.05414382 107.98271542 106.91128702 105.922794255302 105.28632032 104.5178901 104.14346352 103.5178901 103.249994158603 102.716176222615 101.515869856165 99.1841663850526 96.5247633462716 95.1613548199996 95.0357802 95.5178901 95.5606583488529 95.922795412366 95.5178901 95.0688170548033 93.8418696239774 93.0720375199997 92.0006091199998 91.2130033403208 90.6581211791018 91.2136760800001 92.2851044800001 93.3565328800004 94.8839655942268 95.9642198
117.12556742 117.422290701094 118.01728938 119.08871778 120.231645315771 121.4464617 121.14345872 119.904861049552 118.55414022 116.96542364 115.41128342 114.33985502 114 114 113.515969404694 113.4464617 113.4464617 113.406853680629 112.911354284263 112.4464617 112.4464617 112.07203272 111.247403456168 110.713662508724 110.4464617 111.10660428 111.4464617 110.64346232 109.57203392 108.50060552 107.42917712 106.35774872 105.28632032 104.21489192 103.4464617 103.279294572568 103 103 102.737162737891 101.527985247001 98.8052942599995 95.1465194767853 93.5720363199996 93.4464617 94.4560280485376 95.0887105800004 95.8398610199999 94.8718185861392 93.8404701399994 92.4464617 92.2474055991837 92.3417235228748 92.6606149 91.9297918109857 92.2851044800001 93.3565328800001 94.9119878898307 96.4752143950622 98.1070766
117.12556742 117 117.39232268 118.46375108 119.53517948 120.3750333 120.261397092501 119.62556862 118.55414022 116.96542364 115.41128342 114.33985502 114 113.498150627459 113.047092863975 113 112.3750333 112.3750333 112.21488952 111.3750333 111.3750333 111.00060432 110.3750333 110.181033906883 109.632073241682 110.03517588 109.917825798814 109.448915092621 108.50060552 107.42917712 106.35774872 105.28632032 104.21489192 103.14346352 102.3750333 102.609037444095 103 103.323284886963 104.360817216795 103.142054110167 99.1408156574667 94.7880120799995 92.5790878758645 92.3750333 94.0172821800002 95.1441517384383 96.5649092498719 95.8736441186934 94.0189751399993 92.6249667 92.6249667 93.6595286600005 93.8891191830447 93.2924501297357 93.9814995800001 95.05292798 96.4522941157857 98.1619436956491 98.9892007129166
117.12556742 117 117.01728938 118.026935152725 118.46375108 119.3036049 119.3036049 118.92917352 117.85774512 116.62926549384 115.41128342 114.33985502 113.490535882878 113.059809624883 112.391051107356 112.3036049 111.3036049 111.3036049 111.14346112 110.3036049 110.092596780791 109.49353132697 109.3036049 109.3036049 108.71489072 108.504027421987 108.385101265774 107.744400066465 107.341729241296 106.35774872 105.274283423182 103.580276104578 103.14346352 102.07203512 101.514611347861 102.37442658 103.310491223383 104.21367848 105.463842661096 104.019579459999 99.3421570999992 94.2288089178126 91.5547541399991 91.9622928377084 94.0293174054696 95.8738162600009 97.8079151009911 98.0909178287516 97.1162080695382 97.6998649285472 98.2606712479657 97.1081679610238 96.4452944226682 97.1421132800005 98.2135416800003 98.1665670983229 98.3546644014008 99.6258066936399 98.9827202199998
117.12556742 117 117.004014187736 117.300296096352 118.037182179561 118.2321765 118.2321765 117.85774512 117.128658336789 116.48271182 115.41128342 114.33985502 113.26842662 112.383436362774 112.029154361313 111.273747554599 110.986726650512 110.2321765 110.07203272 109.2321765 108.92917592 108.2321765 108.2321765 107.8349923219 107.327667402187 107.2321765 107.2321765 106.42917712 106.2321765 105.28632032 104.210878846711 102.931884089201 102.07203512 101.178411438974 101.30299818 102.37442658 103.103517048764 103.74945988 103.916834801178 102.222980103497 98.9299411951707 95.2181350033458 92.1153918842385 92.71367728 94.8156575239358 97.713068160001 99.6957859800002 100.659685372395 101.606937060286 102.437999122511 101.32197092 101.201883022736 101.743625483366 101.992385979279 102.241146475191 101.50047592 100.632067987016 100.029004545857 98.956184577682
117.12556742 117 117 117.014261214571 117.1607481 117.1607481 117.1607481 117.100558967085 116.625811332501 115.64345992 114.57203152 114.05463104874 113.26842662 112.19699822 111.266132810017 111.008703130396 110.14346112 109.1607481 109.00060432 108.1607481 107.85774752 107.1607481 106.786561446706 106.238343493708 106.1607481 106.1607481 106.1607481 105.35774872 105.1607481 104.21489192 103.14346352 102.14648765702 101.974257577434 101.8392519 102.14225008 102.585202042649 102.53493273909 103.083152320497 103.066113799917 101.679719639999 101.261175542981 100.295850142318 96.6783720984252 96.3483036980128 98.3943500375992 100.54627581437 100.99939088 102.265162643643 103.775915791886 104.193860253413 104.446085744885 104.523311469402 105.172579265713 104.963733813873 104.064535493459 103.03625732 101.96482892 100.099592952217 98.9626627481963
117.12556742 117 117 117 117 117 116.724061155272 116.0893197 115.64345992 115.043115674949 114.41128342 113.39881897157 112.35774632 111.28631792 111.011215858651 110.138625224608 109.087775632132 108.919208651127 108.075015705614 107.789111777646 106.78631912 105.748334604165 105.138815552576 105.0893197 105.0893197 105.0893197 105.0893197 104.28632032 104.0893197 103.14346352 102.9984561465 102.9106803 102.764842700019 102.210886036722 103.21367848 103.53625372 102.544472586114 102.560399483683 103.536128220424 103.191576597164 103.55292918 105.212184211937 105.240987849544 105.1961227 107.183471437399 106.383294822392 105.567705065652 105.894972108912 107.00797318783 108.01714538 107.830662877379 106.8213606 106.873943945209 106.25054252 105.17911412 104.10768572 102.239937538246 100.969665458494 99.8603843847653
117.984355264382 117.9821087 117.965128649484 117 117 116.772568590283 116.012470182784 115.632267684149 115.009914288918 114.491966778015 113.42917472 113.006080448119 112.26842662 111.19699822 110.141214512679 109.07203272 109 108.91128462 107.842721400411 107.013748172656 106.69699942 105.62557102 104.562119588142 104.0178913 104.0178913 104.0178913 104.0178913 104.003524597193 103.14121686974 103.000968703327 102.983024663606 102.192142878923 103.979243562528 104.19578718 105.267215580001 105.222063218271 103.53625372 102.991363572137 103.58871178 103.988189233998 106.15063701413 108.55232006 110.663887646399 112.768405952532 112.910234299333 112.891065052401 112.874760900001 112.878903941466 112.302923605196 110.953025035332 110.07251224 108.9642174 108.38604079613 107.32197092 106.25054252 104.390486156929 103.109932456138 102.03625732 99.9651312822718
119.23264162 119.056435546128 118.983636243266 117.96481932 117.044963337947 116.76842542 116 115.62556862 114.55414022 114 113.41128342 112.33985502 112 111.19699822 110.12556982 110.050638525383 111.035324625223 109.822569239999 107.83985622 106.76842782 105.983778227648 105.57203392 104.524475431138 103.972306019468 103.9464629 103.321662439319 103 102.957009741893 102.9464629 102.9464629 102.016359213712 103.123888860001 105.115177785075 106.256364928938 107.1070742 106.712601906744 105.5599425547 104.974156752043 104.442806141437 104.67833528917 107.233871800225 110.419537910382 112.702036560989 113.942954948405 114.983643057799 113.960077212807 113.134418850242 113.37625394 110.946622875373 108.812743460932 108.256794474161 107.621539605783 107.024010098844 107.515624491709 107.29322858347 106.25054252 105.17911412 103.212472479916 101.07158953069
121.12556742 120.05413902 119.122804923984 118.91128222 117.83985382 116.797364253177 116.087100581103 115.62556862 114.55414022 114 113.41128342 112.33985502 111.908578566782 111.07203272 110.109877924659 110.827658889621 111.717655316099 109.708690101818 107.83985622 106.76842782 105.69699942 104.62557102 104 103.48271422 103 103 102.908578866699 102.172382339021 102 102 102.002159976182 102.280219336196 104.175305112377 106.473716573343 108.950763138126 108.422902744783 106.079515531509 104.883540575107 104.904259514169 104.750069 107.676343320001 110.155369121792 111.593109389649 113.878174741089 115.1249655 114.958630101984 112.92965304 110.78679624 108.606075420854 105.674058884866 103.082782428242 101.12912196153 100.530144035947 104.963274336762 107.698021213467 107.297352039187 106.25054252 105.17911412 102.946001283652
