catData/variables/pastClimate/midhol_CCSM4/bio16.asc
NCOLS 409 
NROWS 350 
XLLCORNER 60.897278365 
YLLCORNER 5.843756025 
CELLSIZE 0.0892857 
NODATA_value -9999 
[rows 150 to 174 of 350, columns 280 to 335 of 409]
1043.39064663486 1035.00428473556 1021.10526461958 1000.78083254894 980.59535837608 973.09453329077 967.147993759999 959.447672393984 955.8754953 960.1112539594 975.269046838985 993.552643547695 984.279946986187 958.876080663221 938.448616027834 932.159113419711 939.435642577556 943.781716966419 930.986535549993 928.16003557675 939.864418638685 966.378202145931 990.913056306693 1003.35397268379 1001.68635156382 990.325704234388 976.376612524876 965.233693397325 959.137055412528 957.59464413342 957.855190204712 961.972733903867 968.121464860003 975.601427383066 982.591079199201 987.988723132712 993.184416627024 1000.136037806 1010.83655898783 1026.16919828 1046.44778023787 1070.32598014 1097.07667611823 1121.79930128722 1133.0193108831 1137.52627949209 1146.90135963493 1156.27643977777 1165.9409645 1176.57942968962 1191.0973437964 1217.54225240458 1245.431380456 1269.51044744807 1294.63739352465 1319.26706545843
1075.33035135259 1060.38067506194 1038.95228613634 1012.55260830855 987.468924605097 967.577284538633 953.003286972272 943.616494265039 938.553994938078 936.216771972533 938.014700524906 949.527616374198 952.060685792048 928.325570535463 897.325960774633 892.005896653431 924.770750600235 955.677781456523 946.094638945703 943.144023441996 953.063461235048 961.437178362428 969.946279848476 972.315397804286 966.766804798285 955.829651504237 945.596399562659 940.230970667851 940.792046013323 941.770309595379 942.516441940284 946.66990586519 954.056885050283 963.955424664992 974.46336915961 983.665462274421 992.706858689133 1003.02647852923 1015.51027634 1031.20498808 1050.52869591068 1073.40584450577 1098.03396056345 1121.15771402384 1130.44265146 1134.29253137074 1139.38041228125 1147.8748325583 1160.64006104283 1176.53502310123 1200.4200185135 1231.18676696689 1259.65208157729 1289.90859011853 1320.66295197198 1351.96156314028
1087.94055993025 1082.40130261578 1053.79150353353 1023.17950773979 992.546644473634 965.662648767487 944.724514041329 930.107861538209 919.692742867215 911.490812002288 906.65787523934 920.333049578891 934.030834021841 905.876272883431 851.729505469267 822.548370062402 897.082080874168 970.031669761448 958.559729736958 946.630958995674 945.711260480001 951.674528171601 953.522570451983 947.231629243363 935.792386028424 922.448812440872 911.055990458928 908.116164604756 917.575225248173 924.107256700242 922.755767758881 927.598819892553 939.478278638713 954.220097446917 968.420031400818 981.889316354307 993.799602072666 1005.44006858 1019.05471593026 1035.49070168 1053.09337436724 1072.61552474472 1092.89629849979 1110.0854126923 1119.36559622251 1124.65893373498 1131.24625996 1139.83006658621 1155.7556525372 1177.52573375469 1206.1981718099 1238.34817586227 1272.459825216 1310.24776660079 1348.06225099344 1388.17063314846
1083.0936100061 1088.42809078883 1062.37122891464 1029.66297002377 996.73816907866 965.912765645997 941.033223193322 921.896218007749 905.352170195957 892.630960418432 891.039564331224 913.973328333445 933.01430553424 897.349431362044 827.692664177105 770.489702680311 853.786573808936 937.895170046596 945.780185994584 942.944455839988 944.034346285303 948.449128803231 947.6101018 939.203614592626 924.181734840281 905.17415688259 887.485695139727 878.195617579182 883.186440613883 892.235274458156 892.054888100551 904.8745799905 925.941697277743 948.012931537688 967.630703081016 983.568793518066 997.264936951242 1010.47485119318 1023.92650811853 1038.29418527512 1054.40152838001 1071.16561826977 1087.07983503614 1100.00492338443 1109.01362554 1115.39250922636 1122.2911232936 1133.60969128626 1152.11365430001 1176.8372456071 1209.71016611714 1243.78171113291 1285.76617575581 1330.99731382461 1379.19701181992 1430.93681269217
1064.76842375498 1076.33834352315 1062.82077712467 1032.2380642188 996.346923805707 964.029091111833 937.868010879997 917.565002888127 896.443202111269 874.998776742966 864.392625064131 883.927416348533 914.050128356399 898.824250721743 845.614478683091 808.162636182194 839.945456583804 894.969392737319 918.139506197945 926.607406110534 940.102926660721 953.325391931566 953.618995179014 941.074283905753 923.645694768032 898.936630273198 868.735786283712 850.512995571907 844.988759437472 839.523048357811 849.936847713789 883.385659017332 919.883106398248 948.405229133846 970.648068490813 988.133579949387 1003.33162974 1016.81434156 1029.24660916731 1042.29598634 1055.80028058355 1070.307340932 1083.86877209624 1095.09035912424 1103.06277939035 1108.62391383647 1114.43161256259 1125.14532579739 1144.84437477706 1178.71034933629 1217.85500491659 1258.16643971369 1309.90308029158 1363.27879898 1419.76153337343 1484.06591290615
1044.62369130606 1062.47257278908 1059.33309090929 1036.32351275541 999.283118554776 967.607269975002 940.09148376958 917.629836149157 893.677154313108 863.031958192378 831.112650434762 838.207794413738 885.807926508304 899.336942067088 871.862439391671 844.432035448416 839.164298553946 867.81049158495 890.087910762262 899.823336543582 923.319522161595 946.16940441348 949.712897218579 940.448852101536 931.207401111017 909.144820861572 864.05007041151 838.400080439998 831.966953879998 817.328918129492 822.062599038398 880.810003484782 928.497221181391 959.169028229102 980.757766060006 998.366047700004 1012.95315941694 1024.33136321652 1036.09079536196 1048.37165465568 1060.83223046001 1072.99707708225 1084.81157153721 1094.867602767 1101.69206421678 1108.06944764657 1112.38068610181 1118.98132372155 1142.14205381625 1182.27064393418 1229.64792654689 1279.04482782163 1344.21060928375 1409.06464416092 1475.26237048795 1550.08978897984
1040.112586556 1059.10474606433 1057.6274165333 1035.58719115373 1000.14195665882 966.816448787315 941.430444641829 920.797344085091 899.147541274233 866.730715119877 833.702279214185 833.286382372631 861.578063180611 883.149803795235 885.28275160931 864.180693890408 821.791772722438 829.080055136406 856.161904386377 871.627763699836 890.653638680784 908.937252232857 920.934386935564 930.085981312516 942.05796697246 943.860563843481 907.129742184896 870.745658019998 862.547441129686 868.305676814094 889.949961314715 931.95277254502 969.175219036638 983.26422308151 996.020201837181 1010.6024868041 1023.3331451 1034.02356132898 1044.68048930244 1055.3689325 1067.33282375873 1079.46116955717 1091.39021079113 1101.5523255805 1110.36403705357 1117.05278014997 1122.59623725916 1130.05049786198 1152.90144602241 1197.87087168213 1250.13315876794 1308.25926440366 1375.93773530542 1452.68839738249 1537.48316432376 1625.74883724174
1045.12809287659 1061.08570815677 1064.64857030993 1038.13189610586 999.839333127378 964.091811034643 943.458946243047 926.291816551218 902.577737089008 870.828121331268 847.511425970861 848.805502136627 860.550831187756 870.40992599057 880.353751471209 867.493837247294 832.97862312229 823.961254217621 836.9426647652 847.866628132448 856.807467600574 869.648522386899 888.067781771427 911.7028552719 938.751396243823 954.237848643754 934.467166824416 904.012006098333 903.523476640773 942.614695990924 985.47788837129 994.818033936301 1006.18461387606 1009.35424162115 1011.88347165144 1023.91963231543 1035.19702929256 1045.38728412 1055.09478011317 1065.31310406397 1076.0584853789 1088.36979778176 1102.96682378463 1115.91450091745 1127.18739965106 1137.39589441287 1146.76900632433 1160.63164415894 1186.10231141097 1225.2321923787 1273.19131939536 1337.44566148244 1420.33802225896 1503.24231698128 1597.14591471802 1699.91696526413
1050.74804940598 1057.99894483396 1059.43212326416 1034.66155716555 999.443490746707 968.290871075493 951.258792249364 935.446027635489 913.179140323701 890.4004312993 877.000845280003 878.497332516193 885.241494529482 889.819241149019 887.680905304079 872.439728137805 850.290754786351 838.928859271112 837.96549275516 837.695995463366 836.014474206603 842.130934175242 867.692054388652 899.89741954645 937.863640880894 961.740338674414 952.213098932453 923.593449887815 927.457461301896 977.417690663324 1024.12430528272 1028.96018391778 1028.7494474 1028.62075411283 1029.47588525597 1037.64257011121 1048.1928419904 1057.95855292 1068.01710501123 1078.04787502 1089.01101578001 1102.5472152727 1118.9757179277 1136.80192791893 1152.1346370596 1166.89822237245 1180.82832502461 1198.34722433851 1223.1473096166 1258.80460326092 1311.74214091719 1375.12688018605 1454.63784114603 1549.98231168258 1649.07182052597 1761.31847527515
1041.92620917683 1038.78586854974 1038.31520291732 1022.6731923387 991.924748080835 969.17044818162 954.744255794887 943.392592473578 929.445237629875 919.07855136635 912.358457679999 910.385661998295 914.883284252457 918.768611544779 905.587418083837 886.302156022476 867.751719229034 855.46182020147 850.001489402134 846.588031246935 843.905232831108 851.893780460006 883.122306988907 922.047858354898 966.902084240006 999.8742347973 1000.01444689089 965.202574143016 955.220436501976 989.010817981708 1023.63263805676 1038.6726552073 1042.45787656257 1043.0746604204 1044.96932498232 1052.35026888 1063.86183093335 1074.53661323774 1084.47628702 1094.2768105799 1105.17330314458 1121.16577227655 1142.40059695936 1164.69000678592 1185.59433792743 1205.28021634502 1223.92276121409 1243.66806665192 1265.97878564312 1294.18621965393 1342.91001790943 1412.39463143117 1488.04518609461 -9999 1693.92212014807 1806.52094334488
1011.43207938981 1006.24903749643 1004.47007162375 992.95792231296 967.787951618492 952.857080508181 947.309725407995 944.817230537057 940.621399228119 938.51655177918 935.007794663252 929.984683158914 927.593599019696 924.914072176095 915.471351042989 900.570390690361 885.506428578306 872.990817571278 867.519799478733 869.435649379589 877.478592214479 896.148955890578 932.242067403975 977.66024294235 1023.56867815164 1065.04405998438 1087.14932122335 1051.88658727372 1011.9410625408 1014.54436935137 1033.09961706231 1046.49031634291 1052.26074018893 1055.03587470233 1059.95674960524 1068.73006999339 1081.35216847631 1093.35010328 1104.80319243998 1116.28895411551 1128.54157251841 1148.85936691553 1174.14209728211 1200.17202959686 1226.26879356422 1251.6819617174 1276.33272875372 1300.32983085293 1322.11977845058 1345.65307458274 1391.0593813798 -9999 1531.53208271876 1615.93325521177 1740.25814772044 1849.40878203469
978.974811815956 972.156558606768 958.705818000794 941.20486625294 936.196879365075 933.091971798087 934.313701648315 939.457642832588 945.054547964979 950.86506929201 948.747956792133 938.303663429949 931.08830491682 928.165219436742 923.197302837111 913.049979990752 900.399108440001 887.423870095971 882.623200124401 890.498977721847 909.29102628248 938.207140313687 983.484686753681 1034.96399041391 1076.70084180049 1117.87830894489 1156.24217685709 1129.91440135471 1071.13676352779 1047.89052555515 1051.88474425712 1058.82877578159 1063.60491204 1067.4311624495 1075.10779268292 1085.81279692 1100.52524163779 1114.43965154973 1128.59509599121 1143.88722097509 1161.43831495166 1184.80060784023 1212.73247539657 1242.70316280937 1273.72863158311 1305.69278418956 1337.68555904868 1369.24825361133 1399.41634578495 1432.47394507644 1477.10609438358 1530.45969833645 1588.96101032018 1663.27704171294 -9999 1869.96135807192
964.904832839328 957.912684874495 933.909051394696 911.326014281217 926.44587019497 931.201201049255 921.719866005369 929.820715863628 943.685866187383 953.081627135973 949.952969830603 935.901112679998 927.478959168591 930.013211509134 933.324474089604 929.740735914501 916.441613143152 898.168505965763 889.01758499745 898.101123060409 924.621352711896 963.285617369542 1013.68495988516 1064.86333072993 1096.6877302457 1124.18626136871 1156.50488302626 1151.46309195064 1107.84999831988 1079.75007126925 1072.91470209335 1074.28402022054 1077.61902108846 1082.43548499127 1091.16851213967 1103.72990881544 1120.13741244443 1137.24191549343 1154.84518828484 1174.16019674283 1196.76294744062 1223.7388433341 1254.87029521679 1288.68530007479 1325.24201835095 1365.14252610419 1406.30865140467 1448.52896452016 1491.39585114178 1535.01911964203 1578.78247919415 1623.52566566001 1672.48860559254 1735.74713813743 1810.74721951371 -9999
970.218690889119 961.245531094566 945.771940095167 929.238686697968 945.730336788065 931.677534672318 924.098186599053 929.021315385732 938.147639331518 943.121813725281 937.560368219997 924.660247409178 918.838833081653 930.746908354843 947.057982678844 953.445357870952 937.663171125175 908.140136327519 885.876862048236 893.138709274114 929.76270922001 972.479266710251 1016.43357807531 1055.83476237531 1078.73946189883 1096.06472120719 1122.74625820144 1134.73436920419 1115.74070770321 1096.49571683408 1087.90850444046 1088.13298494106 1091.0859501 1096.8520242227 1106.4875000741 1122.42575822435 1140.74336863034 1160.63738116399 1181.97217752046 1205.61182391057 1232.46452381387 1262.66747051858 1297.95457138045 1336.36141150375 1379.04694303054 1425.83665406582 1477.82926686725 1530.74609662763 1588.49545748042 1641.31372268701 1686.61887916643 1724.50401098482 1767.98848890001 1819.16777857501 1881.50141610017 1943.41731868863
987.247702926332 971.850962012695 961.848398769801 957.600788311624 961.589154607315 942.548342364623 939.192658226368 938.620801158267 935.717445492409 936.233397139999 929.434925119998 917.796344778761 916.510580139188 937.87710652945 966.504167097482 983.66293417183 962.673387438958 919.25862663947 884.02813892228 888.636314852638 934.765338827472 979.210786260009 1014.96913895957 1036.75303211642 1046.74727836137 1058.22131816104 1078.97744859687 1097.26786093645 1100.22242258763 1096.06528721693 1095.14512026705 1097.44818476476 1102.17909943906 1109.45595487003 1121.74403434766 1140.71845113293 1161.22238406813 1183.69812339584 1209.04748630971 1236.69552855873 1267.88302674691 1301.56735910163 1341.03884754411 1383.49104098454 1430.35227735065 1485.32126172744 1544.47058817589 1608.85162607419 1681.24469296812 1749.70641640895 1792.92011610132 1819.38098311165 1849.51576419945 1892.03491593706 1944.71218811497 1990.73666241042
1009.0821844822 989.718906441177 975.154421581345 971.465409675425 981.868865559187 970.958953706859 957.689005605304 950.293090421333 943.749286931284 941.300364894439 937.795326924871 930.591311596689 932.245177560003 953.005195652127 984.398758394608 1010.79167077271 978.294771016689 928.356950975389 898.820014834028 903.184128226286 941.741465349094 987.592118240434 1020.39749993175 1019.15331917867 1010.21495019698 1016.10141164 1037.6097255616 1061.93299500856 1079.33317025925 1088.25083166747 1095.91496726134 1102.9081018311 1110.61928359436 1120.47516144261 1136.54387006826 1157.92784197521 1181.10941733325 1206.24931448912 1234.85065875411 1266.12361483453 1300.54285436999 1338.58076523232 1381.61194980389 1427.44471405627 1479.37114089335 1538.06196374186 1602.53715116095 1675.71191531932 1753.21963632722 1828.87042181884 1872.636751479 1895.89890201356 1915.49331969968 1953.44919090036 2001.68646161077 2035.20539584868
1036.54174462792 1012.15559961252 992.250808376315 985.568205500822 988.640176364459 988.830135651313 978.396173359897 971.004536199008 967.953543978665 965.581992201286 962.26469364084 956.430909920001 954.022408191105 962.453382911463 978.714127910932 990.582894628325 960.811789175734 927.704887072272 915.185968772753 920.576708698747 945.075919539355 977.909476586169 997.709642529611 987.977050199994 971.684499354391 977.188453257225 1005.14173841206 1037.29435138067 1063.33268577368 1081.23031841792 1094.57862826087 1105.72702134009 1117.54157044965 1130.03653111851 1150.02304409444 1173.34557101271 1199.47191268807 1227.43999497153 1258.91979082729 1292.81396316689 1330.16085991976 1371.98369000916 1417.76139128572 1467.49835983065 1523.10035586492 1582.75373999775 1648.15474430003 1722.82303703252 1796.51358892665 1867.25429851855 1915.31241594661 1945.30779028001 1979.43655930621 2016.25826331668 2049.87054468757 2073.42101141709
1043.794146 1021.03939490983 1008.95673839448 1004.88482141584 1001.49922639576 1001.89132998884 999.614237031749 999.155176354656 1002.9924122322 1003.99957424 999.002445567124 988.876774917472 976.923524451274 966.065617823718 960.987810021428 960.344846750366 944.665504730429 931.15669924425 929.10187851334 932.743951144888 945.863997211889 963.743709244265 970.005790486464 962.378482230388 956.364867244689 968.495280159137 997.122714812923 1028.93310251635 1056.07581922 1077.13681134818 1094.15984784064 1108.72517786 1121.64251110495 1136.91095441301 1161.8384999542 1187.73948723087 1216.05286291098 1246.94539080625 1280.41563782926 1317.18876296152 1357.67519058303 1401.42873944764 1450.01331854131 1502.61759219982 1555.81098879589 1620.60040658433 1686.97600641031 1756.90681346 1827.24944478402 1889.65284609669 1940.20695744841 1979.65248554295 2021.80528908937 2059.46435253193 2088.63703520876 2088.45090880955
1041.05717544917 1027.90432837985 1024.74808411509 1017.14779399228 1019.15826237459 1016.11613073143 1019.23721095639 1028.21342634105 1039.68519494707 1045.52592282727 1037.99102104737 1019.69854023164 998.375483871983 977.307372875797 958.513414249034 952.71157676326 946.867585237431 943.884440813128 946.982049842954 953.273769083614 961.341558094155 968.350327852048 964.651624101066 956.771483444143 962.979968156164 -9999 1012.9760552446 1036.05703313295 1059.45293805911 1077.86790569174 1094.18304241479 1110.18108801067 1126.86824686025 1144.50983968516 1172.17556333008 1200.44728813499 1231.00472653989 1263.88770560241 1299.53714929459 1338.62133972732 1381.16137079956 1427.75945539668 1477.50779836001 1532.0808522143 1578.04420028324 1649.76488516206 1717.34659294454 1786.0616276843 1849.45431028118 1908.87208886814 1962.15290124898 2007.76810672323 2049.53893678076 2086.3926720383 2112.70443836339 -9999
1029.40418551382 1026.41482038959 1024.14310127571 1022.91143599077 1022.95785116743 1023.05562399936 1027.12771593654 1045.60532959489 1070.97419506989 1085.56296207886 1075.44438275446 1045.90684746663 1015.88894462728 991.399423729098 970.524612650313 959.868012517664 956.932200061749 959.885270196196 969.853477098524 984.545645581586 996.771289655245 1001.11176981884 997.037260299838 986.986776691452 -9999 1024.84857154156 1038.15197055478 1052.22972910142 1067.10995211152 1083.02471268858 1097.24052793959 1114.17104254203 1129.73057123886 1152.03844878 1180.12301456534 1210.23356021236 1243.77144042581 1278.91051006338 1316.85257908095 1357.64504141925 1403.33698085215 1450.08997318637 1500.9602546512 1556.07647756003 1600.45740960684 1671.81583459974 1743.44762969275 1803.49441409902 1866.75807781855 1924.02357498247 1980.17940321657 2029.93044810498 2084.30499179424 2121.75656378456 -9999 -9999
1017.78855572578 1020.34727472814 1018.88545985644 1018.68067185451 1018.87460058 1020.14904124736 1024.76202848356 1045.91312161696 1081.1611383692 1096.72780699255 1087.81028195018 1056.31110303689 1025.13963618647 999.98365519669 979.781938760361 969.225380571433 966.32239764 971.474385798786 988.617053265033 1017.21909981301 1042.78078661233 1051.4161300961 1056.56534834567 1056.85914404668 -9999 1072.11501848619 1067.87732953759 1070.63007322101 1076.99491833509 1087.01867303991 1100.26002074879 1118.19200752062 1131.33444215085 1158.39500284106 1187.25594876437 -9999 1255.35619212685 1290.11698533035 1331.14453668076 1369.18938346237 -9999 -9999 1517.37879923234 1573.14424152382 -9999 -9999 1766.7587735034 1824.70183864354 1885.48797250301 -9999 -9999 -9999 -9999 -9999 -9999 -9999
1005.82025156563 1012.59043759712 1014.08468492001 1012.03491716 1014.12231274861 1016.67635560874 1029.08661818574 1054.5941174052 1073.76141967694 1079.55810647972 1072.23282712593 1049.88544905751 1023.40927037176 1000.85944216316 983.881088511674 973.239374388658 970.23323634 975.136548619274 992.994595670325 1030.8171941144 1071.14653567928 1085.18148074911 1093.43597410515 -9999 1143.36880021165 1108.82396182189 1090.31572600554 1083.49133375055 -9999 1091.66702799372 1099.2529005798 -9999 1133.79236160615 1163.06879475099 1193.09046812001 -9999 -9999 1298.60060973877 1338.9977376717 1381.90327342258 -9999 1485.23599293421 -9999 -9999 -9999 -9999 -9999 -9999 -9999 -9999 -9999 -9999 -9999 -9999 -9999 -9999
998.050477841623 1007.57804714009 1008.59013815925 1005.02100005756 1006.56933392 1012.90263468454 1032.28915947212 1052.32876981336 1059.33133317673 1059.68159068 1051.25755244 1034.15312611083 1013.56621526188 995.761935779701 982.30464162199 973.537786646273 970.529750123479 973.559653511435 984.131473047734 1012.54311512307 1055.6411324444 1086.24204172 -9999 -9999 1141.90982570343 1115.13129275019 1094.90418191414 1085.07937312572 -9999 1088.87187418 1095.30044458 1114.33215986818 -9999 1165.93859587328 1196.25927562377 1226.82823267596 -9999 -9999 -9999 -9999 -9999 -9999 -9999 -9999 -9999 -9999 -9999 -9999 -9999 -9999 -9999 -9999 -9999 -9999 -9999 -9999
994.531558405141 1005.86991482 1009.51687104149 1005.21933854063 1002.96181414327 1010.93111033626 1028.61263901149 1038.87113176771 1042.25692825977 1040.93150968 1032.50747144 1016.980119055 1000.50095730294 986.98755376339 976.687663979067 970.322390451142 967.076657412945 971.121025660002 -9999 -9999 -9999 -9999 -9999 -9999 -9999 1100.46384205485 -9999 -9999 -9999 1080.1673178556 -9999 -9999 -9999 -9999 1198.48402104001 -9999 -9999 -9999 -9999 -9999 -9999 -9999 -9999 -9999 -9999 -9999 -9999 -9999 -9999 -9999 -9999 -9999 -9999 -9999 -9999 -9999
991.903098522723 1003.58040455373 1003.35855411645 1003.91327684381 1001.73671307808 1010.84525990641 1020.00840191479 1024.39605803437 1026.12356677395 1023.97664293354 1015.89107944063 1000.19261194729 986.339308943117 978.335113900611 -9999 -9999 -9999 -9999 -9999 -9999 -9999 -9999 -9999 -9999 -9999 -9999 -9999 -9999 -9999 -9999 -9999 -9999 -9999 -9999 -9999 -9999 -9999 -9999 -9999 -9999 -9999 -9999 -9999 -9999 -9999 -9999 -9999 -9999 -9999 -9999 -9999 -9999 -9999 -9999 -9999 -9999
