catData/variables/pastClimate/midhol_CCSM4/bio17.asc
NCOLS 409 
NROWS 350 
XLLCORNER 60.897278365 
YLLCORNER 5.843756025 
CELLSIZE 0.0892857 
NODATA_value -9999 
[rows 135 to 161 of 350, columns 183 to 243 of 409]
8.55353590000006 9.4994160800001 10 10.0491191040878 10.5535359000001 10.4501375914467 9.93933814487368 9.72071464119426 10 10.2863482061651 10.8163852901555 11 11.4049627572037 11.9980368408834 12.5911109245631 12.6606077000002 13.2045640080783 12.6606077000002 12.5004447200001 11.5324135570394 11.2423592533601 11.5535359000001 11.5535359000001 11.5535359000001 11.5535359000001 10.8933741199996 10.2269071487175 8.85955360760275 7.67908891999973 7.55353590000006 8.02688204343609 9.73100026000071 11.7136964800001 12.7851248800004 13.8565532800003 14.5535359000001 14.5535359000001 14.5535359000001 14.5535359000001 14.918957816552 14.7021116997687 14.1950180039109 13.6230353324094 12.6076629200001 14.0173013800002 15.1774595600006 17.16015818 18.2315865800003 19 18.7927321466526 17.8015265770264 16.4826998199999 15.1484252443859 14.5535359000001 14.5535359000001 14.9120527245754 15.8744421800004 16 17 17 17.0886519738225
9.54650114457172 10.5708444800001 11.2499286000001 11.2832081354104 11.6249643 11.6249643 11.5113201646081 10.7818921107713 10.2786584446206 10.8189730353736 11.3679388446327 12.037543344639 12.9815211800002 13.5510901353491 14.4994136800004 14.6249643 14.9935095646693 14.5140524106486 13.3149688646816 12.7684086199997 12.189376544694 12.6249643 12.6249643 12.6249643 12.6249643 11.9648025199996 11.1677465552694 9.89582078473645 8.7505173199997 8.03382595525108 8.65957186000053 10.8024286600007 12.8852195247673 14.3367827352268 14.7386066352206 15 15 15.323295644798 15.6249643 16.2851236800003 16.3505927648163 15.7480721551776 15.2970163648284 14.3040556200001 14.6422656800003 15.7469709151536 17.060065035147 17.461888935141 17.7500713999999 17.6096417648713 16.9291639199996 16.5043238097672 16.0362357199999 15.6249643 15.6249643 15.1231093550919 16.4209373249149 16.6249643 17 17.0554514449328 17.5849367901227
10.5708444800004 11.64227288 12 12 12 12 12 11.7726281408455 11.5281575132446 12.0566417830883 12.5715298805792 13.3565568800003 13.9185095479139 14 14.8744493800004 15.6587023810842 15 14.8843249537491 13.5848563699177 12.9296871664148 12.7883917172525 13 13 13 13 12.7995700644109 11.9648025199999 11.4525903970763 10.5183384199997 9.44691002000002 10.4273929600005 12.5702497600006 14.6015719012602 15.6963927 15.6963927 15.6963927 16.0068962240707 16.5498422395969 17.1063806567359 17.5932146069316 17.6963927 17.4525911257338 17.3927854 16.44691242 15.7136940800002 16.7233317089355 17 17 17 17 16.8646300727279 16.4932047418786 16.1248650053933 16.4597285017263 16.6963927 16.4525918543914 16.9237594585521 17 17.0120468833896 17.723330980278 17.8398442200001
11.6422728800005 12.7137012800001 13.522352307065 12.7678211000001 12.7678211000001 12.7678211000001 12.5351542764278 12.2875110562314 12.7678211000001 12.8879289584504 13.452043754209 13.9210972931319 14.5617322195276 15.384397552187 15.7386708951543 15.9874339624948 16.5223541498357 15.6790865199997 14.60765812 13.7678211000001 13.5351561191985 13 13.34235344612 13.7678211000001 13.7678211000001 13.7678211000001 13.03623092 12.1512464905838 11.7969718620753 11.5482087947347 12.5569635526067 13.9452854600007 15.8050070072878 16 16 16 16.4458741800004 17.3971958360086 18.3565520800002 19.2747054013272 20.0973707339864 19.6868905333546 18.8642252006951 18.548209351964 18.2941959507539 17.7678211000001 17.7678211000001 17.7678211000001 17.7678211000001 17.4803155720807 17 16.8798938132378 16.3157828741029 17.167039438557 18.3295477912158 17.9190712761252 17.0964059434657 17.7262593891933 17.7718375581476 18 17.962815207171
13.5529507800004 13.0367202437502 13.1579681371107 12.9255275339032 12.2951692150823 13 12.9512890330539 12.8994426179603 13 13 13.0946395710029 13.1607505 15.1203204939377 15.9683355240455 16.7338812049406 16.0454220460739 16.9972180229119 16.6760444681017 14.83983702 13.8056370501304 13.1120399188551 13 13.4458765800002 14 14 14 13.8823965127699 13.7101638617557 12.9446198092582 12.8392495 13.8565532800003 14.9422454223015 16 16 15.7456928153435 15.1607505 15.9808243626286 17.951448511614 19.4279804800001 21.0534473095858 22.4100867800001 21.8754828199999 20.8040544199995 19.8846755744715 19.8364682945143 19.6040325764997 18.8392495 18.6448905785281 18 17.62555662 17 17 17.3994517528015 17.8907401292271 18.7315853800002 18.8709151333581 17.9648073199996 17.9912986686703 18 18 18
13.7601177906624 13.915511995974 13 12.9112630199996 12.0143063080889 12.0893221 12.0893221 12.0893221 12.0893221 12.0893221 12.6254707637853 13 14.5285325455902 15.8206155597225 16.8744493800004 16.05412222 17 16.9033394609714 15.6046580337158 13.7684086199997 12.7240465830909 12.0893221 12.5351986800002 13.0893221 13.6254685781584 14 14 14 13.9218925594077 13.9106779 14.9122235099676 15.0887321800003 16 16 15.6969826199998 15.3409994965943 16.3963784980938 18.0346051600003 20.1248752725316 22.2309966600005 23.6422656800001 23.1076617199999 22.0362333199995 20.9648049200001 20.8949219155943 19.9920744697178 19.7648253849698 18.9793142003426 18.9106779 18.8772318309673 18.8213558 18.8213558 18.8739422730957 18.9106779 18.9760246424709 18.2687130971584 18.0112150881538 18 18 18 18.1458503294032
12.0312943556314 12.9647422838231 12.0178936999999 12.0163058671009 12 12 11.702400007982 11.0178936999999 11.0178936999999 11.0178936999999 12.1848305985734 13 14.4631851600002 15.0143690165098 15.8923430800003 16.9299209735361 17 16.8241186299534 14.8548648116847 13.7684086199997 12.9945778549626 12.9821063000001 12.9900846817596 13 13.5887333800001 14 14 14 14 14 15 15.0887321800003 15.8427052853703 15.0178936999999 15.3100668758152 15.9888065204536 16.8837700211861 18.5086653371759 19.5992655555369 21.3382124600004 22.74948148 22.2148775199997 22.0022466510188 21.05412702 20.9996904142967 20.9821063000001 20.8219481200001 19.9821063000001 19.6845133791473 19.3677432024914 19.9821063000001 19.9821063000001 19.9821063000001 19.9821063000001 19.2636116893139 18.1969862199999 18 18 18.9821063000001 19.069246018881 19.9670783794808
10.9464653 10.8958278883277 10.8929306 10.8976811076032 11.0980562744314 11.673735123534 10.6596653214994 10 10.4220089825696 10.9741591953961 11.58873578 12.6955058713274 14.4775542707077 15.7600314927422 16.8677280652239 17.050637283189 16.9826938199999 16 15.6882483170853 13.8219433199997 12.7505149199997 12.0535347 12.0774045689473 12.5966806130874 13.6107504151218 14 14 14 14 14 14.9473916526712 14.9952497493633 14.9464653 14.9712613931352 15.0535347 15.7823804175015 17.4458741800004 18.5173025800001 19.5572134436051 20.6066246800002 21.67805308 21.9464653 21.1188338482565 21 21 21 21 21 20.6969850199996 20 20 20.4896066700539 20.9464653 20.3216496258768 19.2684146199998 19.0429891018082 19.0067217002263 19 19.0009260957046 19.1375120863303 20
9.7814515895412 8.92239373952128 8.87503689999996 8.96377388000034 9.87503689999996 9.87503689999996 9.91290349098157 10 10 10.5173073800002 11.58873578 13.3203283600006 14.7315925800001 15.1003479910259 16.7645879546828 17.94587778 16.9848564539019 16.1249631 15.944785657514 14.7973489967778 13.8219433199998 13.1249631 13.515121560346 14 14.0735699482383 14.1249631 14.1249631 14.0246154088856 14 14 14.0151414460097 14.7973929682822 14 14.4342378831339 15.8750369 16.2962745854508 17.4458741800004 18.4526588459653 18.9486065483268 19.5776638173813 20.698046156911 21 21 20.8818007802129 21 20.9889120516288 20.8750369 20.8750369 20.6098876112469 20 20 20 20 20 19.3598357969993 19.8276297887086 19.1255578199996 19 19.0172989800002 20 20
8.03004833675113 7.80360849999996 7.61061625798902 7.89234548000034 8.80360849999996 8.84909154984488 9.24351119953675 9.87714741108207 10.0875668417007 10.7136988800002 11.78512728 13.3870692264441 14.7315925800001 15.8030209800002 16.8744493800004 17.94587778 16.9966012133505 16.8036085 16.5461918357733 15.1509089214947 14.7564907291237 14.1963915 14.1963915 14.1963915 14.6695026484019 15 15 14.3546874434539 14.0246575459273 14 14 14 14 14.1861068728346 14.8036085 15.5525000600001 17.3370485790219 18 18.5887309800001 19 20.1758203170083 20.6072169999999 20.6072169999999 20.0328668467034 20.6106148439702 20.7148787199997 19.8036085 19.8036085 19.8631180664447 19.9264625029367 19.8036085 19.9052018583005 19.8843787110809 19.9332577195377 20 20 19.1255578199996 19 19.2102931073695 20 20.0314532338679
7.12554821999962 6.74667446478039 6.01267299783536 6.84468260911036 8.04289547605508 8.43738825699994 9.08115536994547 9.54198516310955 10.4458789800002 11.5173073800002 12.746410937726 13.9279840800003 14.9994124800001 16.0708408800002 17.1422692800004 17.7070478950963 16.9873287593969 16.2678199 16.2678199 16.0982533002322 15.4544850728223 15.2678199 15.2678199 15.4063644680132 15.3779652850417 15.2678199 15.0718854911514 15 14.3597473227387 14.2678199 14 13.9762357564255 13.7750742905195 14 14 14.7488915600001 16.7723343817004 17.8707240252454 18.4310571078096 18.9089839191357 19 19 19 19.94587298 19.0126677261387 19.6672139208064 19 19 19.2218615383582 19.4580201085872 19 19.3787568975225 19.3011247494227 19.6601569800004 20 20 19.5939438544066 19.5356398 20.2678199 20.2678199 20.385082775016
7.12554821999962 6.05411981999996 6.00587190634046 6.48661839038855 8.16016538000006 9.07856779615565 9.64227048000034 10.4662800226991 10.9731118940295 11.8565556800003 13.5167198600001 14.7754529042143 15.9797841190578 17.1422692800003 17.9170422143992 17.05412222 17.3392483000001 17.3392483000001 17.3392483000001 17.3392483000001 17.1390274652313 16.6784966000001 16.829759471775 17.3595550449537 17.2894900183183 16.79378613841 15.6987156951383 15.0668256118665 15 15 14.3333780220514 13.9112678199997 13.16016058 14.0785661677639 14.3392483000001 14.961109765693 16.2946121224213 17.3535483008508 18 18.4362014326061 18.9089416106658 19 19 19.94587298 19 19 19 18.9214346464321 18.7635490168396 18.8729707198887 18.8120129433831 19 19.1997251699265 19.9994052800004 20.3392483000001 20.3392483000001 20.917037456987 21.320884986285 21.3392483000001 21.3392483000001 21.3935808761002
7.12554821999962 6.4425707709178 6.42087704948402 7.08873698000038 8.16016538000006 9.23159378000019 10.3030221800003 11.3744505800001 12.1831121081059 12.9279840800002 14.3463681926977 15 16.1627371335013 17.7221262860975 17.6408840143044 17.4203454505875 18.0071072448921 18.4106767 18.4106767 18.4106767 18.4106767 18.5644538428835 19.2672299800003 20.0337985020801 20.2320301000001 19.0296421974462 16.9474963399999 15.2778770995266 15 15 14.9898024792678 14.358384758866 13.9157397615356 14.5471574819374 15 15.3744457800001 16.1831101368578 17.0203936270884 17.8311013960542 18 18.4311417247493 19.2488833696982 19.7697907144475 20.3787783859544 19.4035714263561 19 19 18.8635206324385 18.4648092959261 18.3686550916352 18.4458717800003 19.2124431308319 19.75762816957 20.9312680700289 21.4106767 21.080897650775 21.3591130288234 22.35654728 22.8071448239603 22.0364382676182 22.57083248
7.54712588284188 7.4821051 7.49044965469182 8.01016662938359 8.64227048000006 9.71369888000019 10.7851272800003 11.6760311456841 12.4458789800002 13.5173073800002 14.58873578 15 15.7315925800001 17.6060419600005 17.1255506199996 17.94587778 18.0089627823605 18.5606742935645 19 19 19.146087381339 19.8565532800001 20.9279816800002 22.2488054491136 22.6803788349617 20.5016197599987 17.6662213831119 15.7811021928125 15.4821051 15.4821051 15.0083422405874 15.5676615730245 16.369101067563 15.852559971638 15.6281913242867 16.1581337597885 17.1429374961368 17.9642102 18.2691109720141 18.4821051 18.4821051 20.0881374600003 20.9349754883149 21 20.9552499035349 20.40353822054 19.9642102 19.7409120573806 18.6969850199996 18 18.4458717800003 19.5173001800001 20.5676581018676 21.966259113142 22.1294040572165 21.9712602974165 22.4170793453671 23.8839847105579 24.4641869929654 23.4494908351847 23.5650489616675
8.48403835436491 8.55353350000007 8.5612612011327 9.04911889111905 9.71369888000014 10.6569323643785 11.3030221800003 12.2072709401245 12.9994124800003 13.7844939153729 14.58873578 15 15.7315925800001 17.1615429463674 17.0560541458841 17.94587778 18 18.0887345800004 19 19 19.4707513793931 20.7207120683561 21.6926842038958 23.3017978238535 23.4112666199999 21.0195146599987 18.2101891329009 16.3060172348473 16.9680713948082 17.1070670000001 16.1147925580936 16.6327653916843 17.3749601664094 17.0247955373217 17.242354109088 17.5535335000001 18.1984755645855 19 19.3258823199179 19.1881131678307 20.2148750332621 22.2666328600006 23.144634868924 22.1669892376505 22 21.9603851256775 21.464880582071 20.7932087003606 19.8040520199998 19.1070670000001 19.0593288461308 19.5173001800001 21.1774571600002 22.2947379763113 22.5247951518805 23.3565472800002 23.5535335000001 24.9217036073055 24.9904244350541 24.406852697197 23.9113484105514
9.57787653411296 9.6249619 9.63577910304319 10.2832035483791 10.685030019801 11.1447372887771 11.9279840800003 12.9994124800001 13.7921835054892 14.3232974030889 14.8457602483332 15 15.7315925800001 16.8030209800002 17 17.94587778 18 18.0887345800003 19 19 19.416663742554 20.6090539460244 21.8917531600004 23.1940090768198 22.7863047199999 21.2197046806716 19.618997528914 18.6475986749841 19.1557494678601 18.658787725352 18.2391095967739 17.6804161318041 18.3500180603819 18.9617403910403 19.060549482462 18.8589762461158 19.6957979800004 20.2499238 20.8386547800001 21.4149133408553 23.2373964509945 25.4809180600003 26.2028357338387 24.9493124147395 23.8748857 23.8194329681044 23.1898583804734 22.7301529109485 21.9469088199996 21.4839366462072 21.4290139199997 21.3921858800001 23.0523428600002 24.2874586605193 25.2314329800002 25.8010083623251 25.3283926537468 25.0135282303382 24.9827010199998 23.9445487680129 23.3149735805648
10.6963903 10.6963903 11.3980356527813 11.6963903 11.6963903 11.9279840800002 12.9994124800003 13.5493133765172 13.3036097 13.8209170800002 14.7135995864549 15.4597319313597 15.9185089037361 16.2438049588316 16.9125677660733 17.94587778 17.9879481441179 17.3923442800003 18.4151456456911 19 19.3030197800003 20.3744481800001 21.5812490346911 22.3036097 22.1248645351182 21.7995684800226 21.4742724249273 21.3927806 21.3927806 20.44690522 20.3875270045453 20.1161108505503 20.3298726312913 20 20.3300377124905 21.2028562709321 21.5281523260277 22.4168792977542 24.0878884237817 25.9054491686865 27.4356564264096 28.27316820301 27.7838258766001 27.4092140883041 26.3686835735825 25.0348513362264 25.3927806 25.3224686679221 24.9971726128266 24.6384871045376 24.2574096026357 24.6064710800002 25.8566431875554 27.0529375800004 27.6148970177463 27.1371792928416 26.1255578199996 24.3954343230327 24.9947478618718 24.5458740332229 22.8884690683191
11.6714204289327 11.7678187000001 12 12 12 12.409415815088 13.8381747836814 13.6255494199999 13.3423542187812 13.8879277999881 14.58873578 15.6601641800003 16 16 16.8744493800004 17.94587778 17.2281631286295 17.0206025101394 17.5153204110917 19 19.3030197800003 20.3744481800001 21.103524203984 21.2321812999999 21.6842217984783 22 23.123457241881 22.9190647178285 22.7678187000001 21.8219433200001 21.7678187000001 21.7678187000001 21.730632408327 21.5356374000002 21.6763473384222 22.2875064720202 23.4525197665031 24.9408666655182 27.1651380157139 29.6237748600008 30.4733171018247 30.5356374000002 29.6611928199997 28.8093784381314 28.5143189630997 27.2559291113383 26.7678187000001 26.7678187000001 26.7678187000001 26.6808799492553 26.5356374000002 26.2585520765653 26.1366917670515 26.8923382800003 27.2321812999999 26.4291675199998 26.0291521778727 24.834515959104 24.2188988196648 23.4231609231316 22.716873617203
12.6083329004555 13.6330742980125 13.6639680244297 12.8392471 12.7048287693145 12.074458743514 12.5758162858009 13.1005588833583 13.4458789800002 14 14.58873578 15.6601641800003 16 16 16.1405702737383 17.10663068 17 17 17.1859096435077 18.3551152940503 19.0487113083924 19.8494556291654 21 21 21.5887333800001 21.4459611406038 22.6239332600002 22.3577343199998 22.1607529 23.5963470288791 23.6639720528157 22.8392471 22.7048327977007 22.1943603798572 22.8392471 23.5279454149723 25.1960439474705 27.2248390601754 29.7898434723551 31.4447761147975 32.4532300227605 32.0045651996818 31.6986775978756 31.5264423754333 31.4859197870085 29.6642306305486 29.2489167237874 27.8392471 27.8392471 27.5249965792208 27.3741965983371 27.3219469199999 26.3451583465478 25.5520873179802 25.3215058 25.192419006125 24.426879836317 24.1694543612403 23.1579720387979 22.925535803644 22.1092618878265
12.7489035600008 13.94588018 13.9984539197458 13.8298649063697 12.8398346199999 12 12.0270673047174 12.4303274691669 13.4458789800002 14.4710991569354 15.49941128 15.9696443352964 16.6662434385879 16.1793839675278 16 15.2231023395191 16.0893245 16.0893245 16.103630978107 16.4102403800003 17.7305543793232 19.7488963600002 21 21.4710969713142 21.9632638148018 22.5422245381652 22.2858076011002 22.0175952668508 22.7963374407353 24.80242626 25.7882890914962 23.9106755 23.75051492 23.1422644800003 24.1866260040404 25.5702425600002 27.2672251800004 29.3732587400005 31.9988129600003 32.8803194065389 34.3085023473455 35.4809091424594 34.0500314897716 33.8213510000001 31.0704776828819 29.9191959632333 28.9148602706506 28 28 27.62555662 27.0398272738126 27.0431169200716 26.4112714199999 25.3398430199996 24.3337631182756 23.3580395243914 23.1005398894925 22.2279433366232 22.0735707427388 21.1707234711451 20.9434745549706
12.7489035600008 13.94588018 13.9830011760784 12.9291591199995 12.0150297643429 12.227449154554 12.6845046352353 12.3744505800001 13.4458789800002 14.5173073800002 15.58873578 16 16.0130926539709 16.0035251562398 16 15.05412222 14.0187957331276 13.1408348770829 14.0357921999998 14.7222771750096 17.6060395600005 19.7488963600002 21.4378971281369 21.9913616416526 22 22.011814321231 22.0048034889797 23.5772953583815 24.8386547800006 26.8559585600002 26.9644904498226 25.7899193599326 23.9971337502443 24.2136928800004 25.2851212800003 26.7309954600002 28.4279780800005 30.0259667587023 32.7556569515092 35.2787941034399 35.254001624209 34.2257255357175 33.1456984723513 31.1600050148745 30.9826986199998 29.9112702199997 28.9971337931949 28.7546618165942 28 27.9932989238272 27.5442114859618 27 26.4112714199999 25.3398430199996 24.2684146199998 22.4083432549079 22.0178960999999 22.9299118910266 21.0005971199997 20.0178960999999 20.0150299361454
12.5297325099562 12.9435705415598 12.8765533880971 11.9464677 11.9550417211718 12 12.0162214742464 12.4079376792164 13.4458789800002 14.5173073800002 15.5572193996043 15.981807806933 16 15.1969790199998 15 15 13.9836202596195 13.0582824661569 13.2586536873057 14.5167150600006 16.9463702942319 19.7488963600002 21.4220077811567 22.0018527507617 22.6737819319183 23.7672263800004 24.83865478 25.9100831800001 26.9815115800003 28.0023050953952 27.0371548311418 26.0230824576791 25.1605968999999 25.3797883892462 26.696878142709 28.42797808 29.9452806600007 32.0604450630969 34.1144297131189 34.928275249978 34.21487992 33.9464677 33.0720231199995 32.0512294761273 30.9455415173354 30.7297255676052 28.9105213914784 28.1481995377234 28.0908435111861 27.6991337353511 27.0831960581115 26.5639243884257 26.0755486050368 25.3933753199996 23.5511980919618 22.1539990454248 21.0252146188872 19.9976994476498 19 18.9952502192756 18.9464677
10.8901403734553 11.8276823305911 11 11 11.1601653800001 12.0289401208645 12.4279828800003 13.1249607000001 13.5708396800003 14.5776249876802 15.0735688351839 15.7026303019526 16 15.2973250837753 15.0156888933606 15 14.1249607000001 14.2136952800004 15.144974778095 15.684164339042 17.7688658238233 19.9520264533137 21.236394799101 22.4094920600005 24.4787803247222 25.9100831800005 27.0729316010062 28.1779006800004 29.1400575732667 29.2499214000001 28.2499214000001 28.2499214000001 28.2699351781893 28.345942578947 28.5529387800003 29.5775761732193 30.960992310356 32.5173025800001 33 33.5776654017638 33.1434515199999 32.7746938360358 31.8756340199994 31.631881650308 29.8598999125555 29.0776420445806 30.0351974799999 30.6723919411471 29.7727149480223 29.2499214000001 28.8040496199998 28.1852792073971 27.6098000554668 26.4247770633382 23.8052438599994 21.3939724399997 19.2511156399991 18.8818033502138 18.8728776073498 18.6724386555135 17.8750392999999
10.8036108999999 10.8036108999999 10.8070101164484 11 11.1601653800001 12.1406287919605 12.9697542332104 13.8771489124006 14.4458789800002 15 15.58873578 16 16 16 15.2972829467336 15.1963891000001 15.1997878451148 15.4640862756954 16.3880063434957 17.6698516026866 19.4387168581246 21.7672263800003 23.2845313600006 25.4273881600005 27.0971323986386 28.3789776578295 30.1050604229814 31.3921858800005 31.5891673000003 31.4034076854098 30.5891673000003 30.5891673000003 30.7178740878386 31.2066707713521 30.7731660589153 31.1963891000001 31.5546984510769 32.4157099918862 32.8036108999999 32.8036108999999 32.0720231199999 31.0005947199997 29.9291663199994 28.8577379199999 28.6038239975528 28.4108326999997 28.6024442008275 29.6981839600365 30.3625238192092 31.2699256983993 31.0344707775896 29.9702750032201 29.2771583240296 27.2159181599989 24.0016329599995 21.4326583864579 19.2511156399991 18.2398880919228 17.9827010199998 16.9825749096963 16.8036108999999
9.73218250000001 9.73218250000001 9.74949108000014 10.7559478161413 11.1172702883419 11.6246384543502 11.7927072173083 13.3744505800001 14.4458789800002 15.1385439692432 15.6988795352398 16 16 16 16 16.2533226223451 16.2851236800001 17.2915821733792 17.8130665111039 19.7930244844139 22.2228285599307 24.3784682308944 26.1114271090362 28.1058799600003 30.0910636580021 31.9469731824856 33.2672251800001 34.3386535800002 34.3014427959338 33.5752640995832 33.7988182448998 33.535635 33.4927411938658 33.3298410816512 33.2326176199998 32.535635 32.535635 32.3970923162808 32.1101450407638 31.8231977652468 31.00059472 29.9291663199998 29.0919294813038 28.05412702 26.9780650076616 25.7321825 26.0096056966278 27.9275381600006 30.0703949600008 31.9390908699232 32.8515947654402 32.3810257628713 30.8993802870516 28.2873465599988 25.0730613599994 21.6437150169744 19.4853065585414 19.0144968059409 17.9780680504236 16.6672178650928 16
9 9 8.67806268000011 9.74949108000035 10.7150895484869 11.2315937800002 12.3030221800003 13.3744505800001 14.4458789800002 15.5173073800002 16.1997261995483 16.3392459 16.0910561167645 16 16.2966533669227 17.28512368 17.3506810293904 18.0887345800004 19.2688322485936 21.3732659400011 24.6903493579848 28.1410822400003 30.4636142800003 31.7013604729711 32.728253894642 33.4362046027986 34.39234428 35.4637726800002 34.7863071199996 34.9816384445759 35.6493205564193 35 34.8941732401066 34.5708348800003 35.2418233275875 34.8907085043628 34.6784918000001 33.9856964406754 32.7505149199999 31.4551301569881 30.2684122199999 29.1969838199998 28.7033482614576 27.71488112 26.6378901844584 25.279043471854 24.82091228 26.1239272600005 28.2667840600007 30.40964086 32.1066258800003 33.1780542800001 32.0942921169776 29.0195290599988 26.0534312006645 22.399609912508 20.5073986956474 19.0724926038045 17.6320247480388 15.9698996001171 15.6607541
9 9 8.42087469102466 9.08873698000038 10.1601653800001 11.2315937800002 12.3030221800003 13.3744505800001 14.6289900179966 15.9279816800003 16.7576314256636 17.2711124625067 16.9795279906768 16.8213486000002 17.3366840929834 17.968104384813 18.4177815033573 18.9100831800005 20.3018375400003 23.6112313678689 27.4441020200013 31.2015911957927 33.2672251800004 33.8213486000002 33.5795709312819 33.1395628231116 33.7315901800001 34.4732394867716 34.0739916213984 34.5574286704312 35 35 35.0657738340791 35.7373709222497 37.1243659800004 37.4469028200001 36.4551304664806 34.9653948399997 33.4112690199999 31.6796812399995 30.2684122199999 28.8672057123895 27.7148811199995 27.0318984439504 26.0071052321206 26.306092820581 25.3264082315394 26.1894151033697 27.8922637951996 29.5951124870289 31.0351974800003 31.8941839906886 31.2429699374812 29.1510737713024 26.9475035399997 24.6611872039836 22.4831385399993 19.5633922633361 17.7898411269954 15.9112726199996 15
