catData/variables/pastClimate/midhol_CCSM4/bio16.asc
NCOLS 409 
NROWS 350 
XLLCORNER 60.897278365 
YLLCORNER 5.843756025 
CELLSIZE 0.0892857 
NODATA_value -9999 
[rows 75 to 99 of 350, columns 0 to 55 of 409]
-9999 -9999 -9999 -9999 -9999 -9999 -9999 -9999 -9999 -9999 -9999 -9999 -9999 -9999 -9999 -9999 -9999 -9999 -9999 -9999 -9999 -9999 -9999 -9999 -9999 -9999 -9999 -9999 -9999 -9999 -9999 -9999 -9999 -9999 -9999 -9999 -9999 -9999 -9999 -9999 -9999 -9999 -9999 -9999 -9999 -9999 -9999 -9999 -9999 -9999 -9999 -9999 -9999 -9999 -9999 -9999
-9999 -9999 -9999 -9999 -9999 -9999 -9999 -9999 -9999 -9999 -9999 -9999 -9999 -9999 -9999 -9999 -9999 -9999 -9999 -9999 -9999 -9999 -9999 -9999 -9999 -9999 -9999 -9999 -9999 -9999 -9999 -9999 -9999 -9999 -9999 -9999 -9999 -9999 -9999 -9999 -9999 -9999 -9999 -9999 -9999 -9999 -9999 -9999 -9999 -9999 -9999 -9999 -9999 -9999 -9999 -9999
-9999 -9999 -9999 -9999 -9999 -9999 -9999 -9999 -9999 -9999 -9999 -9999 -9999 -9999 -9999 -9999 -9999 -9999 -9999 -9999 -9999 -9999 -9999 -9999 -9999 -9999 -9999 -9999 -9999 -9999 -9999 -9999 -9999 -9999 -9999 -9999 -9999 -9999 -9999 -9999 -9999 -9999 -9999 -9999 -9999 -9999 -9999 -9999 -9999 -9999 -9999 -9999 -9999 -9999 -9999 -9999
-9999 -9999 -9999 -9999 -9999 -9999 -9999 -9999 -9999 -9999 -9999 -9999 -9999 -9999 -9999 -9999 -9999 -9999 -9999 -9999 -9999 -9999 -9999 -9999 -9999 -9999 -9999 -9999 -9999 -9999 -9999 -9999 -9999 -9999 -9999 -9999 -9999 -9999 -9999 -9999 -9999 -9999 -9999 -9999 -9999 -9999 -9999 -9999 -9999 -9999 -9999 -9999 -9999 -9999 -9999 -9999
-9999 -9999 -9999 -9999 -9999 -9999 -9999 -9999 -9999 -9999 -9999 -9999 -9999 -9999 -9999 -9999 -9999 -9999 -9999 -9999 -9999 -9999 -9999 -9999 -9999 -9999 -9999 -9999 -9999 -9999 -9999 -9999 -9999 -9999 -9999 -9999 -9999 -9999 -9999 -9999 -9999 -9999 -9999 -9999 -9999 -9999 -9999 -9999 -9999 -9999 -9999 -9999 -9999 -9999 -9999 -9999
-9999 -9999 -9999 -9999 -9999 -9999 -9999 -9999 -9999 -9999 -9999 -9999 -9999 -9999 -9999 -9999 -9999 -9999 -9999 -9999 -9999 -9999 -9999 -9999 -9999 -9999 -9999 -9999 -9999 -9999 -9999 -9999 -9999 -9999 -9999 -9999 -9999 -9999 -9999 -9999 -9999 -9999 -9999 -9999 -9999 -9999 -9999 -9999 -9999 -9999 -9999 -9999 -9999 -9999 -9999 -9999
32.6331830565368 29.4276512814169 -9999 -9999 -9999 -9999 -9999 -9999 -9999 -9999 -9999 -9999 -9999 -9999 -9999 -9999 -9999 -9999 -9999 -9999 -9999 -9999 -9999 -9999 -9999 -9999 -9999 -9999 -9999 -9999 -9999 -9999 -9999 -9999 -9999 -9999 -9999 -9999 -9999 -9999 -9999 -9999 -9999 -9999 -9999 -9999 -9999 -9999 -9999 -9999 -9999 -9999 -9999 -9999 -9999 -9999
37.1615459593997 34.1193287386712 31.2210309429567 27.7504909199998 26.6109035862127 -9999 -9999 -9999 -9999 -9999 -9999 -9999 -9999 -9999 -9999 -9999 -9999 -9999 -9999 -9999 -9999 -9999 -9999 -9999 -9999 -9999 -9999 -9999 -9999 -9999 -9999 -9999 -9999 -9999 -9999 -9999 -9999 -9999 -9999 -9999 -9999 -9999 -9999 -9999 -9999 -9999 -9999 -9999 -9999 -9999 -9999 -9999 -9999 -9999 -9999 63.9014754892469
-9999 -9999 39.5340202938341 32.9600045473709 28.5009818399998 26.4096253248922 25 25 24.9398054616492 -9999 -9999 -9999 -9999 -9999 -9999 -9999 -9999 -9999 -9999 -9999 -9999 -9999 -9999 -9999 -9999 -9999 -9999 -9999 -9999 -9999 -9999 -9999 -9999 -9999 -9999 -9999 -9999 -9999 -9999 -9999 -9999 -9999 -9999 -9999 -9999 -9999 -9999 -9999 -9999 -9999 -9999 56.0525468600004 58.1122473483805 59.6833975569211 60.9270483222228 62.6671142524758
-9999 -9999 -9999 42.0463241164033 33.2142209961524 29.2657803170514 26.3994990520523 25.2759869249988 25.9106875 25.5046026729512 24.9537951980738 -9999 -9999 -9999 -9999 -9999 -9999 -9999 -9999 -9999 -9999 -9999 -9999 -9999 -9999 -9999 -9999 -9999 -9999 -9999 -9999 -9999 -9999 -9999 -9999 -9999 -9999 -9999 -9999 51.5890655377993 50.6890571158809 48.4888224803026 45.7343021982519 42.633299278101 42.0989753658475 43.2117421439491 -9999 47.1744962940012 48.7634794770244 51.3571778039025 52.8941288990738 54.5750401899014 56.2132877599998 58.3035609521489 59.7495006800001 61.5525456599999
-9999 -9999 -9999 41.0329772427645 40.3453772980153 34.2726581516564 30.0102484886091 26.6720180939064 26 25.9920252977499 25.9821159 25.9821159 25.9821159 25.2635765528439 -9999 -9999 -9999 -9999 -9999 -9999 -9999 -9999 -9999 -9999 -9999 -9999 -9999 36.21274824 39.3983097948594 41.7154330047813 41.9811484878674 43.9812567594844 -9999 -9999 -9999 -9999 -9999 51.4021625635938 49.9325248743294 48.6529439617035 48.3877319912962 43.698391708001 40.486848060351 40.0425028631087 40.9647557350544 43.0176425575942 44.1082324902424 45.3532821171091 47.4852619355398 49.6364408518123 51.7668332600001 53.9017154865158 56.0346627599999 57.5992892187816 59.3264535885704 61.4632331599999
-9999 -9999 -9999 -9999 45.6272985602414 42.752737814954 35.0436501025826 30.2514727599997 27.391617975227 26.083212651549 26.1089453642582 26.1291077841927 26.6965845810294 27 26.2399466868414 26.0535443 26.0535443 26.0718099978761 27.19585438 28.26728278 28.8878680889101 28.1444062474116 27.73260922 27.9272767001664 29.5191926872456 31.1680234853984 33.2668416600003 37.5262142906858 42.0085674816653 41.0368664399998 41.6810814743086 45.7514698587395 46.9233777069523 47.6427857334517 46.905313340404 47.8231483918359 49.0703620322397 48.6298821771238 47.664799630233 44.0825859775888 42.2327208199998 40.4296734400001 39.1758612396577 39.827652586493 40.89235988 42.9647163408636 44.1727693154586 46.1152223082195 47.4632355600004 49.60609236 51.3744745800001 52.8918059600004 55.0069626133898 57.092450529712 58.5884488939666 59.7564200752889
-9999 -9999 -9999 -9999 -9999 43.1493086782667 38.6391969191372 33.2158125599998 30.1419273574421 27.9982540208478 28.2802888616866 28.5362057199999 27.5472837191661 27.2499454 27.049226201649 27.1092861991802 27.1249727 27.4074261608109 29.3498044791943 30.5751520783979 31.6248635000001 31.2081932223752 29.7818666215741 28.5540922199998 29.3580498423332 30.7722408984539 32.1954132600003 34.9784587407637 37.8581260422773 36.8447519384911 36.8615068985007 40.6749204407455 43.5112021992597 43.78527368 44.827755880731 45.80315778 45.5170764578351 43.8750273 42.9050123392878 41.4112378199999 40.3398094199998 38.6281944393019 38.8276610806936 39.1092855993112 40.07087688 42.0346651600005 44.08876098 45.32037876 47.4342896606658 49.48111966 51.24950188 52.7668332600004 54.3277063806466 55.5595510780742 57.6103600587258 60.7526320387346
-9999 -9999 -9999 -9999 -9999 40.6585141626412 38.6909654008588 34.0908398599998 32 31.2833341397062 30.1895904676311 29.4112330199999 29 29 27.3938956399997 27.8744805800001 28.1857775641719 30.2103333994971 31.1426641663314 33.1192426531658 36.167526335975 35.9840451425155 31.3679736113626 28.3789386630186 27.6071978 28.7847269600002 30.797921132516 32.87403946 33.5685165601468 33.778946276478 35.5096349671907 37.6384631508599 39.49956008 40.57098848 41.4107967 41.71384528 42.4843443907967 42.6071978 42.1914689434592 41.3304702597903 40.4694715761215 39.46478212 39.1964011 39.8991288748847 41.1316808014465 42.4206590844447 44.1061937341091 45.4538571191194 47.0807066667718 48.5465737568972 50.1780734800001 51.7829806957657 53.4064178083861 56.7188088621393 61.0193775657236 65.4054185967291
-9999 -9999 -9999 -9999 -9999 -9999 36.7146670903234 33.6363474952386 31.6318732321035 31.5837689005544 30.836051873212 29.4112330199999 28.8231802014723 28.5362200688145 27.0733177038431 27.6066510800001 28.6780794800001 29.9286820000001 29.9524560944747 30.7514787657357 35.203656341051 38.6061781022396 32.3403867153171 27.3654721755266 26 26.8621521138419 28.3013531357372 29.8035136832107 31.2146417010528 32.5730302337105 33.67807708 35.4816759800003 36.5768778316838 37.8494581956585 38.5263757169994 38.9540537303429 39.9391139623151 40.7321705 40.8707277476305 41 41 40.4643301656039 40.2678295 40.5020399109194 41.9207852728453 43.7368126762352 44.1299763422142 45.5501478831015 46.4632355600004 48.3842108868663 50.0434854380965 52.9157083843643 56.6670188103203 62.3764876200207 65.8566996800003 68.0516416656262
-9999 -9999 -9999 -9999 -9999 -9999 -9999 31.8181906932866 30.413306222271 30.1433530774892 29.8041456199999 28.9324610692241 28.0005467199999 26.92911832 26.1301317161771 26.5778061348385 27.285743985854 26.3214842 26.3801354878854 27.193920377802 28.7628388697502 29.8854597181353 27.8476703441562 25.6875962570363 25.3214842 25.7209702700104 26.8724345920211 27.5696925329739 29.2668416600003 31.1130248290576 32.26739078 33.6780770800002 34.8081551821044 36.3758305268801 36.8923622800002 37.7635537248488 38.7489539600002 40 40.51733378 41.1997422207863 41.1152830302293 41 41 42.1711485967237 42.3392579 43.3565904800003 44.3693707636768 45.0532400726611 47.6381655832916 50.919246723779 54.8419490423152 57.8668716398108 60.0051294448341 61.4314695865674 63.3143366466552 67.1746730245358
-9999 -9999 -9999 -9999 -9999 -9999 -9999 31.1076329199999 30.5644808366456 30.3754624199999 29.0915701527325 28.4106863 27.7504909199999 26.3785946567997 26 26 25.611528140867 24.582193475556 24.1786274 24.1786274 24.0835031796233 23.7679411 23.5472552709985 23.3617556163095 23.8017765816203 24.9357316130689 25.8604459122422 26.73162138 28.2762980171362 29.8229280881751 30.94590658 32.613767918797 34.0523094758923 34.74950548 35.9160571147298 37.30304858 38.4413688292973 39.3617546306624 40.10664748 41.1780758800001 41.2002543465949 41.300465891906 41.080885742783 42.7489515600001 44.1654096635162 46.0850005862997 48.2916413461452 52.7226110211425 53.9684091745883 56.8928319248533 59.3427780808871 57.9703937650759 57.5750781793478 58.3561469600002 62.0905103609488 67.8483264125174
-9999 -9999 -9999 -9999 -9999 -9999 -9999 -9999 31.1939386089799 31.2869549726576 30.214739374295 29.1982614840673 28.0215147224298 26.7600908984151 26.4821147 26.0605147575174 25.05409102 23.5089065257574 22.957204712605 22.5178853 22.3979313706698 22 22 22.2309290844177 23.03522148 24.1066498800001 25.1780782800002 26.24950668 27.70809718377 29.7489563600003 30.4898711129553 31.5358403626358 32.6392441606395 33.6780770800001 34.8694581664056 36.4849233552322 37.8789670137393 38.9280200800002 39.99944848 41.0708768800001 41.4821147 42.21373368 42.4533892133889 45.0384909166639 48.7043203499692 53.3826737483935 56.6161484802667 64.5535726692912 63.508315208727 56.9692438273727 55.0299972789716 55.1585031585688 56.2672323292079 57.1775195600002 60.9826544736566 68.6973706839448
-9999 -9999 -9999 -9999 -9999 -9999 -9999 -9999 -9999 31 30.7690306213228 29.9647761199999 28.2331523399998 27.1485578047851 27 26.1255194199999 25.05409102 23 22.9112342199999 22 22 22 22 22 22.51733618 23.9146711507835 25.2137360800002 25.8801805132885 27.6060995600003 28.780833634721 29.9401139212072 30.4560525585677 31.1283924034684 32.60664868 33.9345005849199 36.15964026 38.3024970600002 40.2462763263523 41.910786524316 43.2493914800002 44.0260732402442 45.7557566564161 47.1243059800003 51.3032217541363 54.6112209557996 59.0841853796145 57.8666911516893 58.8055806640461 57.6962741353866 51.7517591896017 51.26738838 52.5378932421518 53.8567020799999 55.8427941737768 59.8991091317414 69.9775666291133
-9999 -9999 -9999 -9999 -9999 -9999 -9999 -9999 -9999 -9999 31.3016496316495 31.1471581852822 29.9295522399998 28.51831922 27.2461735489741 26.1255194199999 25.05409102 23.6249715 23.5362057199999 22.5248547030341 22 22 22 22 22.51733618 24.1775291600002 25.6601929800002 26 27.6060995600003 28.546523939872 29.3344553516751 30.0173349800002 31.1442379627437 32.8852785770343 34.9448035400005 37.85604016 40.2329343999063 43.3240815683941 46.4828439284873 47.9706315972222 47.959847485863 49.6125304286409 51.0529903800002 51.7966648204181 54.3581140142308 56.2025054170423 53.14507008 49.2798490371027 48.0382222313932 48.05310318 49.1245315800001 50.1959599800002 51.5907057485556 54.5092659228467 60.1261384942749 70.3892400057171
-9999 -9999 -9999 -9999 -9999 -9999 -9999 -9999 -9999 -9999 -9999 30.7687324480094 30.2063294332249 29.7778789472296 28.0902955399997 26.8219193199999 25.75049092 24.6843261503016 23.9730507003154 23.6477649309326 23.2314978584501 22.4853552278331 22 22.3105301334013 23.5740089440184 24.750297770729 25.6601929800002 26 27.0468557735132 28.7870647971044 29 30.7137348800002 31.8121118510444 33.5434986391457 37.0876603400005 40.4209829616143 44.430602002849 48.3409639959177 50.2567873620241 49.4663581301724 47.4872529661067 48.88353764451 49.8510054648728 48.7708335857444 50.7861851636383 49.0784651330206 46.3210094303836 45.2773227564261 45.9297973976608 47.0920048505526 47.6780746800001 48.7495030800002 50.6985323812988 54.7650513719165 63.1567370901346 75.3266584394505
-9999 -9999 -9999 -9999 -9999 -9999 -9999 -9999 -9999 -9999 -9999 -9999 -9999 30 29.0105018301805 27.2218967828754 26.7803867040681 24.9959747510118 24.8359851779556 25.4126549751007 24.5362057199998 23.6974684387867 23.5356566 23.9815643800002 24.7758782407642 25 25.6601929800002 26 26.8030497800001 28.7489563600003 29 31.0173349800002 32.1569184151677 34.4085954200001 38.6405333690557 42.5151616440013 44.6274750394022 44.942462190114 45.6252018999999 44.7630518875471 43.3473903507171 44.0000282246776 45.0096327046049 44.2863827199999 44.6000828630153 43.9166143963078 43.3684780847595 44.92801768 45.8753784874658 46.4648591332109 47.37447458 48.4459029800002 50.949215814042 55.2595607790147 65.2758923158613 78.4849162251262
-9999 -9999 -9999 -9999 -9999 -9999 -9999 -9999 -9999 -9999 -9999 -9999 -9999 -9999 -9999 -9999 -9999 26.6785134 26.6927819044043 26.6790625199999 25.6076341199998 24.8392567 24.8392567 24.9109333880529 25 25.4941246184878 25.9453782982421 26.6140181450282 27.6423064800001 28.8543013884314 29 30.1780782800002 31.3382700600001 33.6670683953502 36.6648009562396 37.6955200352381 37.6405826833824 38.4103651800003 38.9644598 39.3639428285433 40.0909213550839 40.4390894491878 40.6113143859176 41.2363167347055 42.115343020623 43.8392567 43.9422854128364 45.2946293904338 46.6448699262957 46.0487126430256 47.1637784804895 49.2851596800002 51.4744083932147 56.8374008901673 68.6542837933284 80.2943834102113
-9999 -9999 -9999 -9999 -9999 -9999 -9999 -9999 -9999 -9999 -9999 -9999 -9999 -9999 -9999 -9999 -9999 -9999 27 26.9856922728327 26.8899977524296 26.5453861879736 25.5696523083768 25 25.471130350817 25.9632705495863 26.6012279100108 27.64230648 28.7137348800001 28.9887890311989 29 30.9280200800002 31.9265408848167 32.2781217056231 33.7104979267856 35.1515630463821 35.4637918800001 36.1291408944242 37.1208861303453 38.5887621800001 39.6601905800002 40.6662745039632 41.6420083835602 41.8994739168431 41.9951684372463 44.0157845223508 44.9186127780526 45.1744966784558 46.068627981141 46.5519592814758 48.2627370993306 49.851980179932 54.818309137642 63.1216038191263 72.6113125263912 82.4059194199996
-9999 -9999 -9999 -9999 -9999 -9999 -9999 -9999 -9999 -9999 -9999 -9999 -9999 -9999 -9999 -9999 -9999 -9999 -9999 28.8068981332005 27.754633837277 26.9945794786462 27.3431966291393 27.9463405 27.9555938335836 27.964227 27.9760355417368 28.71373488 29.7851632800001 29.9821135 30.9111011219568 32.9645370621198 32.9821135 33.2996317897271 34.9725127486992 35.2976281015738 36.3565904800001 37.4200431934209 38.490814070656 38.9926443947326 39.6601905800002 40.73161898 41.0143637069624 41.8767209689611 42 43.0522416408083 45.0871733567312 46.14230288 47.2095884485783 48.57031936 50.3387015800001 53.1698149690457 61.5734529368146 67.519383742635 70.6819084994086 77.9375646999577
