catData/variables/pastClimate/midhol_CCSM4/bio11.asc
NCOLS 409 
NROWS 350 
XLLCORNER 60.897278365 
YLLCORNER 5.843756025 
CELLSIZE 0.0892857 
NODATA_value -9999 
[rows 208 to 233 of 350, columns 116 to 173 of 409]
-9999 -9999 -9999 -9999 -9999 -9999 -9999 -9999 -9999 -9999 -9999 -9999 -9999 -9999 -9999 -9999 -9999 -9999 22.185773072 22.1399249165171 22.2087319780686 22.1494828759653 22.1628297627597 21.4179962536607 19.6974487915756 19.1653170530316 19.4298189151756 19.4749753553831 19.7672743104096 19.6942536628989 19.82321909 19.8302551564469 19.855132748895 19.9038928166568 20.0378895222087 20.2272976097605 20.3 20.3561728968642 20.4384381444161 20.3864202480321 20.3548183215197 20.275049572 20.194529266 20.392797928 20.47678091 20.500047597279 20.4960597703384 20.4135293311479 20.4183312119345 20.230501466 19.9550585148855 19.91075496082 19.9848761401419 20.087445418 20.1219625327544 20.2004019452026 20.2300325803493 20.3122978279011
-9999 -9999 -9999 -9999 -9999 -9999 -9999 -9999 -9999 -9999 -9999 -9999 -9999 -9999 -9999 -9999 -9999 -9999 22.4878944244062 22.1325013657053 22.1379657236011 22.2316606440848 22.315958506 22.0442371998151 19.9507714610848 19.4256734364683 19.4804440379709 19.4777712152739 19.110861164 18.9472022324392 19.0835598954906 19.2633964738595 19.4746589533428 19.676741118 19.835615416 19.9510820586645 20.0751131157046 20.2667110750368 20.4637722042213 20.5593296928116 20.4884652854097 20.2997216657748 20.2867770200815 20.332093268 20.4549494926566 20.614226448 20.6404583736973 20.612435878 20.6678475 20.5900439605015 20.3930481624352 20.1968219587604 20.0972879583914 20.171369168 20.2633057631733 20.2 20.208873938 20.316016778
-9999 -9999 -9999 -9999 -9999 -9999 -9999 -9999 -9999 -9999 -9999 -9999 -9999 -9999 -9999 -9999 -9999 -9999 -9999 22.5166609955016 22.5119954520469 22.5679402661349 22.6963011160001 21.8720048460775 20.487770935622 19.3525587485616 19.22680023 19.4097368542267 19.4537473737099 19.3513787932953 18.946320196 19.1882017283064 19.5375045171236 19.8673271319408 20.0295526112421 20.08213318 20.1540478996078 20.2707622487906 20.460605636 20.587445658 20.5915500216608 20.57319977 20.5651183587049 20.4835640458877 20.5162954130706 20.6578983317466 20.7877214265638 20.7861164426191 20.8381764461981 20.823259122 20.7703380596648 20.6845709626495 20.4287727330666 20.3013780674323 20.385654848 20.3805567280818 20.3080217207354 20.4835640244475
-9999 -9999 -9999 -9999 -9999 -9999 -9999 -9999 -9999 -9999 -9999 -9999 -9999 -9999 -9999 -9999 -9999 -9999 -9999 -9999 22.6397369835893 22.4614014881849 22.8931664885391 22.7901975537611 22.0303371661375 21.0812062379684 20.1317141960942 19.696359868 19.8120593206673 19.9735958909172 19.8601782953003 19.7890937959509 19.8690702617343 20.0418058684174 20.149940888 20.2560295424823 20.362435998 20.3258788432362 20.3817406961683 20.5751161102816 20.6 20.6999097671812 20.787544682 20.6806886379192 20.5986241234694 20.660605396 20.8735500988605 20.99641886 20.9973451436702 20.9971552487797 20.99641886 20.9951088836793 20.9114499642582 20.4600831456841 20.3999030989713 20.594687762 20.4967366481433 20.5
-9999 -9999 -9999 -9999 -9999 -9999 -9999 -9999 -9999 -9999 -9999 -9999 -9999 -9999 -9999 -9999 -9999 -9999 -9999 22.9316521261401 22.7149914935424 22.44038317447 22.7658635844127 22.8600744911999 22.8867095615176 22.7070587711755 20.8763422533528 19.6730811140001 19.9664614315631 19.9855786597895 20.1906525719089 20.3174899181194 20.3986561282843 20.449940888 20.50535227 20.5085033813896 20.573188262528 20.6092679895545 20.61070454 20.5279392097194 20.51605681 20.707083608 20.80535227 20.80535227 20.7834319901318 20.7393853557858 20.8782391597033 21.0469748683792 21.1081210644616 21.11070454 21.1731880353734 21.132192532 21.0293477027915 20.7483682859999 20.6059910440871 20.601731098 20.7004749571214 20.70535227
-9999 -9999 -9999 -9999 -9999 -9999 -9999 -9999 -9999 -9999 -9999 -9999 -9999 -9999 -9999 -9999 -9999 -9999 -9999 23.3 23.0607333077099 22.7565414771447 22.8237858119998 22.9698065577153 22.9698981337086 22.3613198451455 20.3241401856965 19.0560797443034 19.3822476923277 19.2540230419696 19.624347022788 20.0148022003089 20.3342688983029 20.519598398 20.5814736825817 20.646379188 20.68750489 20.760664868 20.7975388154422 20.8109264311573 20.81249511 20.814226448 20.9136039483027 20.92499022 20.9220963702671 20.91249511 20.949940648 21.101671866 21.264226328 21.31249511 21.31249511 21.239335372 21.21249511 20.972011658338 20.653720556 20.6265050154007 20.7202602396856 20.8
-9999 -9999 -9999 -9999 -9999 -9999 -9999 -9999 -9999 -9999 -9999 -9999 -9999 -9999 -9999 -9999 -9999 -9999 -9999 -9999 23.2344522240505 22.8760636003351 22.8115842473659 22.9190312838156 22.6370974784859 21.9691686350946 19.742167568889 18.7496967138909 19.3872009937697 19.8635796087045 19.7627513099999 19.5306150489351 19.9933772461962 20.2180046274914 20.3549017994252 20.4537136271836 20.46253435 20.5644285677993 20.7136527224949 20.8628768771904 20.898937291943 20.921369288 21.028512128 21.11963795 21.096478092 21.0255887786819 21.0693679019703 21.2000584626226 21.3618901687252 21.41963795 21.41963795 21.3608452847686 21.3392759 21.251830482 21.0112367104358 20.8585738978403 20.8375332404925 20.81963795
-9999 -9999 -9999 -9999 -9999 -9999 -9999 -9999 -9999 -9999 -9999 -9999 -9999 -9999 -9999 -9999 -9999 -9999 -9999 -9999 23.4311722842145 23.003718756 23.0430345532687 22.9321043397306 22.341574920653 21.4334621492278 19.8890629957007 19.2220502543928 19.3044246910069 19.8250687735425 20.121414253255 19.8585262132416 19.816115802 19.705796843398 19.7942629649527 19.8501712186681 19.8459165732754 20.0535135038555 20.3390603549474 20.6786324520331 20.8649092220271 20.975414213994 21.108874178 21.2042894839548 21.2160257178705 21.1944144641686 21.2368090008962 21.2862088381234 21.416389197143 21.5315338756749 21.5358817331821 21.52678079 21.5482864547788 21.466116162 21.4282300972604 21.2049284602799 21.0690919212994 20.95356158
-9999 -9999 -9999 -9999 -9999 -9999 -9999 -9999 -9999 -9999 -9999 -9999 -9999 -9999 -9999 -9999 -9999 -9999 -9999 -9999 23.4 23.2034040055646 23.132093748 23.3385109946461 23.0819807368238 22.4492015691122 20.5116063860033 20.1252350756582 19.655922625454 19.948051774 20.2388735899063 20.2974981591325 20.0855457748207 19.8082903402075 19.4653004512166 19.4863241469442 19.7882940836318 19.9997493882448 20.1690585251421 20.4328945561161 20.7177540119159 20.903462676 21.108874178 21.2214505719233 21.357083488 21.4139007071495 21.405292798 21.46784726 21.5020293710112 21.6316995283981 21.67877375843 21.66784726 21.7209082885588 21.646478212 21.5714231426674 21.5649723152804 21.3810126521064 21.1624137874934
-9999 -9999 -9999 -9999 -9999 -9999 -9999 -9999 -9999 -9999 -9999 -9999 -9999 -9999 -9999 -9999 -9999 -9999 -9999 -9999 -9999 23.2539237069708 23.1621057812689 23.3676681161385 23.3410832664453 22.8493895478735 21.7956324854265 20.5114330282806 19.5546976807662 19.7887634811597 20.3325911646058 20.5070301028287 20.448307854 20.0636343771311 19.7835550373603 19.8473770059259 19.9927798911419 20.2352977064174 20.4132803506632 20.5128881598178 20.6346880916908 20.8631072054004 21.1125184896461 21.2599452582163 21.382093388 21.4713777783834 21.5528230986291 21.64106647 21.64106647 21.6757630306337 21.7931277076121 21.84106647 21.84106647 21.753621052 21.7022224114049 21.780401842 21.6555111259999 21.3726936873323
-9999 -9999 -9999 -9999 -9999 -9999 -9999 -9999 -9999 -9999 -9999 -9999 -9999 -9999 -9999 -9999 -9999 -9999 -9999 -9999 -9999 23.487226251071 23.3491483627583 23.2973798545846 23.3351321701707 23.2509184921964 22.96047412029 21.2159696761938 19.762253516947 19.5774946517491 20.3343587852057 20.6424156586805 20.673317754 20.2575848490762 19.9500027780905 20.1156400836663 20.130401482 20.1042790304603 20.3064818304684 20.6145772826936 20.7885920766755 20.8517339917929 21.069539046 21.2595123838604 21.3343250657388 21.478512008 21.6050481505044 21.721495749374 21.7731485732524 21.7680358428692 21.8484168149908 21.9352698048876 21.94820931 21.9029207246444 21.801830362 21.8991034524012 21.8215874959999 21.54820931
-9999 -9999 -9999 -9999 -9999 -9999 -9999 -9999 -9999 -9999 -9999 -9999 -9999 -9999 -9999 -9999 -9999 -9999 -9999 -9999 -9999 23.5674116774144 23.3831377540966 23.2921687107846 23.4140482271188 23.3868841941105 23.1150753105635 21.0942290052151 20.0208044223259 19.7178305146298 20.1538955123703 20.7470762656962 20.7182794643783 20.3204870268731 20.1393387742294 20.2775029645192 20.3258769172515 20.091224366 20.1182647451793 20.494430482 20.8807701112957 21.0114773051933 21.073100506 21.271369168 21.3888523866601 21.513529503149 21.6028202983621 21.744588378 21.851731218 21.9063020557905 21.9401794255937 22.028511888 22.05535215 22.05535215 21.960763892 21.9019163999232 21.9889944014726 21.7483251880326
-9999 -9999 -9999 -9999 -9999 -9999 -9999 -9999 -9999 -9999 -9999 -9999 -9999 -9999 -9999 -9999 -9999 -9999 -9999 -9999 -9999 -9999 23.3479451264412 23.2100662629231 23.3104207279332 23.3265611296315 22.6392690184578 20.5476383394814 20.4080359625666 20.3384322328585 20.3398601302838 20.823100866 20.822069570433 20.4704420816397 20.376721438 20.483864278 20.4837325762086 20.243015056 20.1123097519212 20.4497826320001 20.8192409196337 21.10216399902 21.2371924193463 21.378512008 21.4567073461178 21.43750501 21.512396086 21.7099588903723 21.884060637516 22.021369048 22.06249499 22.135654728 22.16249499 22.16249499 22.1270196543783 21.964875336478 22.0877978906657 21.9404711178094
-9999 -9999 -9999 -9999 -9999 -9999 -9999 -9999 -9999 -9999 -9999 -9999 -9999 -9999 -9999 -9999 -9999 -9999 -9999 -9999 -9999 23.7231233633715 23.4752061479999 23.2883284717615 23.349940888 23.457083728 22.8902485239732 20.3938164892483 20.0826715386017 20.5099591613802 20.685425692327 20.9787792275506 21.0355297776775 20.7516338279934 20.5573939527786 20.6571511744451 20.5576477896687 20.1786260237847 19.9245003821159 20.3626596593209 20.7799970414368 21.1022570097869 21.2330565630105 21.2878952617659 21.4233303345423 21.4 21.474891076 21.689176756 21.8674379383522 21.989236228 22.03036217 22.103521908 22.1862831427533 22.2 22.265869210306 22.141006758 22.2242221041412 22.0647747886351
-9999 -9999 -9999 -9999 -9999 -9999 -9999 -9999 -9999 -9999 -9999 -9999 -9999 -9999 -9999 -9999 -9999 -9999 -9999 -9999 -9999 -9999 23.5866190731448 23.403620452 23.3337692760742 23.3435236816281 23.2585871751238 20.8463060004299 20.029077817208 20.1133410560321 20.674917145583 20.9000083968261 21.0807215684702 20.9434844016441 20.7173044959469 20.8219847504622 20.721527064 20.3439341712803 20.069736374 20.1521677854101 20.3301349344779 20.8727186609164 21.0600659666508 21.1951401147967 21.1874402841434 21.292971889105 21.474891076 21.6549415006295 21.8146701237796 21.8684662656228 21.8971268765976 21.996379068 22.1651787654157 22.2 22.294588258 22.2771826193573 22.2958790621035 22.25356134
-9999 -9999 -9999 -9999 -9999 -9999 -9999 -9999 -9999 -9999 -9999 -9999 -9999 -9999 -9999 -9999 -9999 -9999 -9999 -9999 -9999 -9999 23.6573519668275 23.3265674233923 23.2866362118219 23.2266123330474 23.21607649 21.3142970338558 20.1343852255438 20.4786051699258 20.4979099431611 20.8021136552027 21.1063173672444 21.2480820864305 21.1250279520167 21.0118260732611 20.9626970328223 20.7819274609057 20.559011914 20.3728426189276 20.2082130652664 20.635615656 20.849901336 21.016135962 20.9358762722554 21.008834866 21.285971765656 21.5980849998697 21.7166331281773 21.673278922 21.7535735759947 21.9506344480364 22.0932124139219 22.1894637541198 22.294588258 22.3824707117968 22.3074473202449 22.38392351
-9999 -9999 -9999 -9999 -9999 -9999 -9999 -9999 -9999 -9999 -9999 -9999 -9999 -9999 -9999 -9999 -9999 -9999 -9999 -9999 -9999 -9999 -9999 23.398425478 23.225111280282 23.2807553270667 23.3772048612077 22.8408586255278 21.804066918873 20.6846561418454 21.0925558144749 20.9537247456826 20.9871704807463 21.1990777538561 21.2907569852048 21.2768730762767 21.2130796520489 21.035812744 20.7483982187002 20.5958086029741 20.6513705819453 20.6929523596773 20.7935041860087 20.7253700456714 20.7178673 20.8336638180403 21.249782152 21.589176756 21.7 21.5875114862825 21.640967446 21.855253126 22.0623648547405 22.187445418 22.294588258 22.3087789997635 22.308873938 22.4
-9999 -9999 -9999 -9999 -9999 -9999 -9999 -9999 -9999 -9999 -9999 -9999 -9999 -9999 -9999 -9999 -9999 -9999 -9999 -9999 -9999 -9999 -9999 23.5774183755001 23.337250339193 23.385655088 23.585692761421 22.9742123856316 21.473499024385 21.092766981948 21.1464519925961 21.294084901956 21.257402730211 21.19980618486 21.252595855877 21.3 21.298817758491 21.151889234 20.857300736 20.624883859588 20.787483095719 20.9946585749741 20.978828943667 20.7667488227201 20.624535918947 20.821210792 21.2130071924391 21.4471776811321 21.50358162 21.6171124459277 21.828452176 22.042737856 22.0992945131942 22.187445418 22.2016938959831 22.20179081 22.210664748 22.3175207579379
-9999 -9999 -9999 -9999 -9999 -9999 -9999 -9999 -9999 -9999 -9999 -9999 -9999 -9999 -9999 -9999 -9999 -9999 -9999 -9999 -9999 -9999 23.8410491617515 23.591223406 23.354395787755 23.3941417266106 23.5050031856344 22.6868972877217 20.9956645849726 20.6677453970933 20.9983863104281 21.3179770556674 21.38394391 21.3911030986358 21.3944626336968 21.38929594 21.3303453160618 21.1615111319411 21.030401242 20.835812744 20.8157664647895 21.1123427362709 21.1960029033312 21.0705376708254 20.9148165674519 20.9361413295367 21.0361017008548 21.149940408 21.3032771253866 21.5681191867536 21.758846082186 21.867807708 21.89464797 21.9774132829951 22.0889465899446 22.096379068 22.1951229058239 22.232033556
-9999 -9999 -9999 -9999 -9999 -9999 -9999 -9999 -9999 -9999 -9999 -9999 -9999 -9999 -9999 -9999 -9999 -9999 -9999 -9999 -9999 -9999 -9999 23.8021554901308 23.6145853938906 23.500059232 23.7003200856955 23.0647365069401 21.7061578141069 21.0180185935647 21.118282518274 21.1450572354186 21.16247435 21.2795263344384 21.3279906024262 21.2301283430015 21.291006878 21.3158484958569 21.232192052 21.0485297752877 21.1313969478601 21.3247734115676 21.2958553310046 21.141006758 21.201829882 21.0681706267216 21.0357849101183 21.244588378 21.3064637484385 21.4228867489892 21.6237850704169 21.760664868 21.7975388327277 21.8109261913001 21.9898527061276 22.0015147995553 22.097487855017 22.2300322804107
-9999 -9999 -9999 -9999 -9999 -9999 -9999 -9999 -9999 -9999 -9999 -9999 -9999 -9999 -9999 -9999 -9999 -9999 -9999 -9999 -9999 -9999 -9999 23.992954984 23.6496025513023 23.4739325701439 23.7815428958167 23.727834458532 22.9028052124708 21.1176413752961 21.2477654544762 21.4195451552577 21.5705860268364 21.5389615269917 21.5293108694016 21.4526872659058 21.4726905938893 21.4412069663157 21.339334892 21.2665367014513 21.4109400961388 21.4986086571355 21.4125062173405 21.355292438 21.4206636277505 21.3345611879554 21.2711973938396 21.2947453716347 21.3706889848594 21.458874058 21.5530526910198 21.653522028 21.7448952806098 21.8138254428097 21.9717623214002 22.01963771 22.03215767137 22.179886686415
-9999 -9999 -9999 -9999 -9999 -9999 -9999 -9999 -9999 -9999 -9999 -9999 -9999 -9999 -9999 -9999 -9999 -9999 -9999 -9999 -9999 -9999 -9999 24.1928649815232 23.9499437828015 23.7485266964368 23.8467006722745 23.9176589338878 23.2242562041506 21.3919133437873 21.2373331137496 21.3261757161498 21.4903296292007 21.3724172817244 21.4914385890246 21.52678055 21.5091007973493 21.5 21.4412027183259 21.4908077798365 21.4746686799989 21.4741467736775 21.52678055 21.534218676972 21.5794217873516 21.6 21.5826107040537 21.5416200871355 21.4889032367021 21.4966683614603 21.52678055 21.599940288 21.6052750779474 21.5593913097804 21.8812516205443 22.0741466451309 22.1155301225969 22.0363229372407
-9999 -9999 -9999 -9999 -9999 -9999 -9999 -9999 -9999 -9999 -9999 -9999 -9999 -9999 -9999 -9999 -9999 -9999 -9999 -9999 -9999 -9999 -9999 24.3 24.0060292875472 23.7574836529473 23.8892429895122 23.9235259818742 23.2356756905713 21.1731155482027 21.1405069927379 21.530302938 21.5872971226905 21.5963285515595 21.63392339 21.6139512322797 21.4667971084282 21.4230481746608 21.43215322 21.4024886883986 21.3357289570717 21.3689519574581 21.53215322 21.516136202 21.4474564690472 21.5290689372692 21.637445538 21.6856634007272 21.66784678 21.66784678 21.66784678 21.741006518 21.687544202 21.7552921980001 21.9249357523444 22.0707217288742 22.219185854596 22.115897114
-9999 -9999 -9999 -9999 -9999 -9999 -9999 -9999 -9999 -9999 -9999 -9999 -9999 -9999 -9999 -9999 -9999 -9999 -9999 -9999 -9999 -9999 -9999 24.3 24.0920682644953 23.7271933715982 23.7378771692988 23.8358714959999 23.3369546159997 21.1798590879801 20.9788723997743 21.4319927964317 21.521487992 21.5298001415783 21.5541350614261 21.435794552 21.1577110477304 21.1389391028334 21.2097786499364 21.130421882 21.1955554002844 21.301731338 21.4036442903481 21.431626797451 21.3726215794461 21.4070859726863 21.5656243664804 21.6397004538628 21.7391116009657 21.8072884821372 21.8681768811716 21.955292198 21.901829882 21.9695778780001 21.9601892232502 22.1613757646862 22.3020586373674 22.3515165633238
-9999 -9999 -9999 -9999 -9999 -9999 -9999 -9999 -9999 -9999 -9999 -9999 -9999 -9999 -9999 -9999 -9999 -9999 -9999 -9999 -9999 -9999 -9999 24.3486897517078 24.187602954 23.8858713759999 23.8026087190855 23.9438491136501 23.5222544466997 21.6074647132722 20.9591107270018 21.1418988277774 21.3962928906719 21.3266747199364 21.2251176707992 21.1014730650697 20.9656010825408 20.972198605988 21.1190160597416 21.1450768889544 21.2882039707872 21.3973148160517 21.4528050893161 21.5 21.4991704463102 21.5121121891093 21.5288156776263 21.5211079689144 21.6284612870975 21.817748116 21.966016898 22.0378901086958 22.0876277301195 22.183863558 22.052841743511 22.103462196 22.3220259189823 22.5636521494355
-9999 -9999 -9999 -9999 -9999 -9999 -9999 -9999 -9999 -9999 -9999 -9999 -9999 -9999 -9999 -9999 -9999 -9999 -9999 -9999 -9999 -9999 -9999 -9999 24.2838431603914 24.0414171907596 23.8637584088721 23.996536844 23.7120430705081 22.5351567314412 21.0817979324035 21.0354927183088 21.055177844012 21.1326668768224 21.2091576941477 21.1923419795579 21.1812284288103 21.1255602848214 21.2268603124532 21.2943947260849 21.4993015785666 21.4980833426969 21.38929618 21.398161905388 21.467807948 21.5614212121245 21.6207268204928 21.6601245697221 21.7122497315415 21.8405121104025 21.8929336700685 21.929791492334 22.105253246 22.2804962170705 22.2577681494387 22.2132078201931 22.3721499356497 22.5678160534565
