catData/rasterBestHybridModels/Pbengalensis/RD_BM01_RM1_LQH/Pbengalensis_median.asc
ncols         409
nrows         350
xllcorner     60.897278365
yllcorner     5.843756025
cellsize      0.0892857
NODATA_value  -9999
[rows 145 to 173 of 350, columns 198 to 263 of 409]
7.07782E-7 1.60745E-6 1.80228E-6 2.36633E-7 2.47584E-7 3.83102E-6 2.13473E-6 2.92014E-6 4.80038E-7 2.18437E-7 6.52237E-7 9.8749E-7 1.80361E-6 1.07157E-7 7.67032E-7 2.61249E-6 2.28282E-7 1.67858E-7 1.66719E-8 9.9256E-8 7.43227E-7 4.00583E-6 5.44484E-6 2.33758E-6 1.18939E-6 5.78283E-7 5.00943E-7 1.81243E-7 4.27511E-7 7.67472E-7 2.85828E-6 7.08982E-6 2.59556E-6 2.45243E-6 8.29078E-6 4.32276E-6 8.6262E-7 3.40932E-8 1.80985E-7 9.91899E-7 1.60965E-8 3.42357E-8 7.53254E-7 6.03259E-6 3.26875E-6 1.32738E-5 4.98995E-5 1.17318E-4 7.92156E-5 1.5385E-5 1.49535E-5 1.10825E-5 1.91249E-5 1.20467E-5 1.45793E-5 1.4409E-5 1.85247E-5 2.19747E-5 2.3886E-5 2.16919E-5 3.65279E-5 2.22862E-5 2.54667E-5 1.75252E-5 1.71637E-5 9.41353E-6
1.95207E-6 1.16558E-6 1.15999E-6 2.01108E-7 1.63173E-6 7.82299E-8 6.49995E-8 9.24213E-7 2.55887E-6 6.63996E-7 9.0871E-7 1.47784E-8 6.48668E-9 1.29083E-6 2.05272E-6 8.75992E-8 9.9037E-8 1.31805E-8 1.28845E-8 4.25108E-9 3.55396E-7 1.88548E-6 3.12236E-7 1.19915E-7 4.19857E-7 2.03193E-7 5.0095E-7 1.77409E-8 1.3058E-8 2.34083E-6 7.11602E-6 6.98733E-7 1.33773E-6 1.58572E-5 1.55125E-5 2.97612E-5 1.51179E-5 2.58341E-6 3.47188E-6 1.9909E-7 1.20758E-7 2.57221E-6 8.79869E-6 1.52998E-6 4.56716E-7 1.54093E-6 3.94449E-5 3.75366E-5 7.94964E-6 1.77753E-5 4.55343E-6 1.03499E-5 2.42453E-5 2.70017E-5 1.37557E-5 9.92752E-6 2.47548E-5 3.19312E-5 2.11938E-5 2.0569E-5 3.03113E-5 1.04997E-5 6.67229E-6 2.39857E-5 8.11829E-6 2.37412E-5
1.80297E-6 2.89639E-6 2.24576E-6 2.73807E-6 6.73767E-7 8.88236E-8 6.26731E-7 5.00885E-6 6.07668E-7 2.4416E-7 2.52035E-8 1.32074E-7 9.29171E-7 4.867E-7 1.10182E-6 2.38691E-7 1.30046E-8 5.84739E-9 3.06656E-8 2.21712E-8 3.2498E-7 4.17744E-7 3.95082E-7 2.96061E-7 7.11201E-8 2.37273E-7 3.07093E-6 1.78561E-6 1.73032E-6 9.36646E-7 1.56501E-6 2.84286E-7 1.95515E-6 8.4537E-7 9.3778E-6 1.24261E-5 1.61516E-5 6.00267E-6 2.32593E-5 1.29398E-5 3.1069E-6 5.07096E-7 2.20004E-5 4.58875E-6 9.1993E-7 2.77224E-6 6.24251E-6 1.06925E-5 5.2523E-6 7.98719E-6 3.02273E-6 1.43142E-5 1.98851E-5 1.38228E-5 1.58749E-5 1.37104E-5 3.5926E-5 2.68929E-5 2.67027E-5 1.93307E-5 2.53373E-5 4.42896E-5 2.61259E-5 1.75663E-5 3.04251E-5 3.70741E-5
2.1236E-6 1.94205E-6 3.29043E-7 1.4277E-7 6.24431E-8 1.41123E-7 1.29596E-7 9.22105E-7 3.72604E-7 1.21258E-6 2.05185E-7 1.78919E-7 3.53652E-7 9.48611E-7 1.75873E-6 1.49021E-7 1.11537E-6 5.42267E-6 2.27325E-7 3.41743E-7 3.28384E-6 2.69397E-6 6.55559E-7 7.57721E-7 2.5664E-6 4.38164E-6 3.89011E-6 1.84752E-5 1.45867E-6 1.81849E-8 1.92634E-6 2.76334E-6 3.69937E-6 1.52572E-6 4.80674E-6 5.29842E-6 2.75141E-5 3.12835E-5 4.74238E-5 3.88081E-5 1.9865E-5 1.76116E-6 1.46649E-5 3.70334E-5 7.06432E-6 1.00109E-5 9.20711E-6 8.77132E-6 1.19794E-5 8.0707E-6 2.22248E-6 8.41107E-6 3.56609E-6 3.90991E-6 2.64786E-6 1.13049E-5 1.70565E-5 5.0309E-5 2.2422E-5 3.83176E-5 4.12564E-5 1.03215E-4 9.72627E-5 4.5417E-5 3.83464E-5 2.62322E-5
4.82549E-6 8.08296E-7 3.84526E-8 5.45924E-8 3.46871E-6 4.95131E-7 1.10445E-6 3.98901E-7 6.19952E-7 2.85765E-7 7.92266E-8 5.10032E-8 9.9077E-7 5.05084E-7 2.33985E-6 8.78842E-9 1.21799E-7 1.08821E-6 5.12702E-7 8.63193E-7 1.10323E-6 3.10595E-6 4.27684E-6 8.62429E-7 8.72524E-7 3.78967E-6 7.88837E-6 9.63137E-6 3.38764E-6 4.74346E-7 6.31852E-7 6.36287E-7 1.74674E-6 1.55807E-6 1.46325E-6 3.83191E-6 1.18934E-5 1.64494E-5 2.10005E-5 2.50514E-5 2.93951E-5 2.49789E-5 6.47103E-5 4.87222E-5 5.02025E-5 2.68587E-5 5.55027E-6 1.89943E-5 1.47799E-5 1.20419E-5 7.38465E-6 1.88729E-5 3.83673E-5 2.50079E-5 5.86552E-5 1.65197E-5 1.19805E-5 3.75928E-5 2.93461E-5 7.16093E-5 4.9037E-5 7.3577E-5 5.7943E-5 6.66668E-5 7.26887E-5 4.00525E-5
1.87837E-6 9.47632E-7 1.68119E-8 9.2633E-7 2.45829E-6 6.53027E-7 3.98925E-7 4.98164E-7 2.64948E-7 7.83775E-7 6.89911E-8 5.60053E-8 2.52711E-7 2.51217E-6 3.89714E-6 7.97455E-7 5.06379E-7 3.55131E-6 2.54272E-6 6.43493E-6 1.17775E-5 3.47544E-6 2.43965E-6 2.42913E-6 9.45305E-6 1.46457E-5 1.77226E-5 3.00988E-5 5.77249E-6 7.05029E-6 7.42693E-6 5.10344E-6 8.03213E-7 7.65725E-7 3.93019E-6 1.75275E-5 1.59088E-5 3.17461E-5 2.72558E-5 4.39487E-5 7.8219E-5 7.51606E-5 8.88177E-5 9.82907E-5 9.32637E-5 4.74032E-5 3.72475E-5 2.31362E-5 4.74899E-5 2.78472E-5 1.20347E-5 7.97984E-6 1.9696E-6 7.59925E-6 2.11053E-5 8.42834E-5 3.55306E-5 2.79373E-5 1.94177E-5 9.33408E-5 8.66526E-5 7.87296E-5 1.00175E-4 1.06124E-4 1.11656E-4 1.5092E-4
4.23409E-6 2.6939E-7 1.17211E-8 4.13521E-8 1.30289E-6 2.96095E-6 1.38261E-7 1.21628E-6 5.19949E-8 3.59888E-8 7.25088E-8 1.81923E-7 1.66225E-6 3.53129E-6 3.21027E-6 2.20507E-6 2.91121E-6 6.08602E-6 1.38223E-6 7.00025E-6 7.22635E-6 4.57634E-6 4.24206E-6 4.87459E-6 7.19508E-6 1.47261E-5 1.64409E-5 2.8514E-5 1.9797E-5 9.93666E-6 7.95386E-6 1.2996E-6 2.64205E-6 1.42556E-5 1.44404E-5 2.24811E-6 1.15317E-5 7.02376E-5 1.13995E-4 1.11177E-4 8.61392E-5 1.16881E-4 8.66299E-5 1.47907E-4 1.37239E-4 4.80978E-5 5.24197E-5 2.87391E-5 4.47316E-5 2.43186E-5 2.37893E-5 2.88691E-5 4.74108E-5 2.38038E-5 4.35866E-5 6.79475E-5 8.24433E-5 6.75428E-5 1.35799E-5 5.81097E-5 1.76163E-4 1.63049E-4 1.74683E-4 1.73259E-4 1.40721E-4 1.85435E-4
4.49459E-8 4.45831E-8 7.74426E-7 3.43289E-7 3.28422E-7 1.90618E-7 8.6026E-7 1.54032E-7 1.20024E-7 6.84719E-7 1.34831E-6 1.28055E-6 1.27872E-5 1.26574E-5 7.65662E-6 5.9712E-7 9.87325E-7 3.54215E-6 1.1385E-6 1.07981E-6 6.46514E-6 5.67097E-6 1.03424E-5 2.13082E-5 1.35215E-5 3.53434E-6 9.32837E-6 1.39362E-5 1.25804E-5 1.40046E-5 4.44938E-6 1.43132E-6 1.32707E-6 1.87807E-7 5.71265E-7 1.82206E-7 9.01692E-6 9.19348E-6 1.19616E-5 8.4204E-5 9.3001E-5 8.83727E-5 1.44038E-4 1.13095E-4 6.36201E-5 5.25786E-5 2.97405E-5 1.28657E-5 3.24054E-5 1.65074E-5 6.22414E-6 2.06118E-5 1.78753E-5 5.02351E-5 6.73329E-5 7.79978E-5 1.62139E-4 1.18334E-4 7.74896E-5 1.53463E-4 2.14692E-4 8.67166E-5 1.27355E-4 4.37235E-4 2.257E-4 1.58951E-4
1.92527E-6 3.09808E-7 3.10665E-6 2.75573E-7 3.72418E-7 2.72828E-7 3.32242E-7 9.82163E-7 2.77864E-7 4.1507E-6 2.6626E-6 5.42166E-7 7.08739E-6 4.50613E-8 1.22284E-7 2.19922E-6 6.17061E-6 2.97405E-6 1.0937E-6 1.87265E-6 4.26146E-6 7.55779E-6 8.08192E-6 9.83897E-6 9.17395E-6 3.67041E-6 5.63514E-6 5.04682E-6 1.41226E-5 1.25527E-5 6.01921E-6 1.77151E-6 4.33211E-6 1.97844E-6 1.15557E-6 9.29553E-7 1.46168E-5 5.50188E-6 3.46004E-7 2.51169E-5 2.33426E-5 2.20293E-5 5.04214E-5 8.71412E-5 2.77654E-5 3.49045E-5 3.53459E-5 7.2045E-6 4.08278E-6 1.8158E-6 2.98928E-6 1.34881E-5 1.93427E-5 2.2803E-5 3.36268E-5 7.83433E-5 1.10652E-4 4.43495E-5 1.40597E-4 1.79545E-4 1.04018E-4 1.72565E-4 1.14394E-4 1.52027E-4 1.75775E-4 1.93468E-4
4.38042E-6 1.86125E-6 3.15043E-7 1.74685E-7 1.31255E-7 4.20665E-7 5.35671E-6 7.50812E-6 5.57056E-7 1.14548E-6 4.76747E-7 8.93342E-7 4.09654E-7 6.00148E-6 3.25356E-6 2.24258E-6 5.25293E-6 1.09658E-6 3.37752E-6 3.66931E-6 7.03356E-6 4.76023E-6 5.39863E-7 4.24735E-6 1.04227E-5 1.09068E-5 1.4916E-5 8.61909E-6 1.07807E-5 6.94058E-6 4.09202E-6 5.03174E-6 3.94527E-6 4.08895E-7 8.65957E-8 3.96236E-7 2.71189E-7 2.26907E-6 3.85042E-8 5.03942E-7 6.8338E-6 6.11745E-6 1.70534E-5 1.42708E-5 5.91474E-6 1.30907E-5 7.70211E-8 5.88762E-8 6.93427E-7 5.40734E-6 1.62816E-5 6.65302E-6 1.35441E-5 4.11824E-5 8.09126E-5 6.2176E-5 6.23993E-5 2.13966E-5 2.39033E-5 4.98627E-5 5.22019E-5 5.84215E-5 1.84595E-4 2.07846E-4 1.62432E-4 1.23582E-4
1.66243E-6 4.73112E-6 3.60379E-6 3.33174E-6 3.37336E-6 6.75849E-6 9.89101E-6 9.42198E-6 4.04921E-6 2.17778E-6 7.44553E-7 8.71331E-8 8.65602E-6 4.28432E-6 9.47131E-6 2.77374E-5 1.16061E-5 6.37545E-6 4.12928E-6 1.03592E-6 2.18635E-6 3.32944E-7 4.82135E-7 6.48706E-8 1.04162E-5 3.39454E-5 4.48161E-5 4.3923E-5 7.72376E-6 2.63971E-5 1.39404E-5 1.1497E-6 3.78374E-6 1.28757E-5 6.40043E-8 5.90597E-6 2.26271E-6 9.39523E-9 5.51487E-7 3.3183E-6 2.30346E-5 9.15202E-6 4.27741E-5 1.09767E-5 7.4081E-6 1.71173E-6 6.53251E-7 3.74063E-8 2.41022E-7 2.92764E-6 9.04665E-6 1.41311E-5 1.01749E-5 5.00485E-5 4.46875E-5 1.1627E-4 7.30249E-5 1.03636E-4 7.81017E-5 6.71423E-5 1.14319E-4 1.49255E-4 7.09386E-5 1.06567E-4 1.47601E-4 9.21418E-5
1.48347E-7 2.69486E-8 1.50676E-6 6.39204E-8 1.20382E-8 1.56406E-8 2.63087E-6 8.88171E-6 1.54114E-6 1.26154E-6 6.88716E-7 9.49635E-7 2.88465E-6 1.52928E-5 8.63149E-6 6.56973E-6 2.01667E-6 1.16931E-6 5.97059E-7 4.39538E-6 6.81336E-7 1.37942E-6 4.23316E-6 2.95613E-6 1.63787E-5 1.4073E-5 4.06809E-5 1.23357E-4 8.49313E-5 4.61276E-5 2.54035E-5 3.26242E-5 9.20972E-6 4.1309E-6 8.62621E-6 3.06183E-6 9.33421E-7 9.2534E-8 1.54056E-7 2.18112E-6 5.6211E-6 3.46561E-6 5.36671E-6 2.47838E-6 1.39913E-5 1.30791E-5 1.17783E-6 6.57364E-6 5.39384E-6 1.96899E-6 1.97601E-5 5.18196E-5 2.06551E-5 1.08008E-4 7.89999E-5 6.57081E-5 7.5916E-5 9.81732E-5 1.36481E-4 1.40591E-4 1.4646E-4 1.93836E-4 1.72508E-4 6.19549E-5 1.14171E-4 1.8673E-4
5.94007E-7 4.22327E-7 1.88204E-6 5.46709E-7 3.72747E-7 4.35777E-6 5.36096E-7 2.69904E-8 1.48995E-8 6.97789E-8 1.64432E-6 2.68987E-7 1.10946E-6 3.27788E-6 4.7008E-6 3.12307E-6 8.79682E-6 7.21938E-6 3.43778E-6 5.13798E-6 3.11661E-6 3.00777E-6 1.46067E-5 1.2691E-5 1.18064E-5 2.64278E-6 1.43672E-6 1.12447E-4 9.00921E-5 2.6664E-5 3.2013E-6 3.45351E-5 1.72169E-5 9.0403E-6 1.18169E-5 2.06475E-6 5.76218E-6 8.24857E-7 5.33862E-7 7.64991E-6 5.70066E-6 8.09375E-6 4.07677E-6 3.73968E-6 4.4979E-6 9.54093E-6 8.24689E-6 1.49636E-5 8.62785E-6 1.68364E-6 2.23062E-6 2.52962E-6 2.25625E-5 6.26912E-5 8.41289E-5 9.02677E-5 6.08201E-5 1.40749E-4 1.0751E-4 2.30784E-4 1.80617E-4 2.06302E-4 2.27227E-4 1.59869E-4 9.64565E-5 2.16487E-4
9.28718E-7 3.36421E-6 6.97815E-7 5.54586E-8 6.09336E-9 1.61716E-8 1.24952E-6 9.14958E-8 1.70332E-6 6.12091E-7 4.83529E-7 1.36154E-6 9.56738E-7 2.5815E-6 3.57416E-6 3.58095E-5 7.55726E-6 5.53113E-6 1.06996E-5 1.03402E-5 1.45743E-5 1.01749E-5 1.1699E-5 4.07896E-6 1.48963E-5 7.5352E-6 1.35958E-6 1.15695E-5 1.658E-7 3.59762E-6 2.49176E-5 8.74137E-6 4.50952E-6 1.19074E-5 5.2299E-5 2.28715E-5 4.92053E-6 1.08654E-5 1.81614E-5 1.56578E-5 1.01924E-5 4.8485E-6 2.36696E-6 1.15711E-6 1.96698E-6 1.31934E-5 3.48082E-6 1.63833E-6 8.2537E-6 2.53023E-6 3.50803E-5 1.11734E-5 5.35825E-5 8.21404E-5 9.59703E-5 7.28527E-5 8.54946E-5 5.29818E-5 8.55028E-5 1.80338E-4 2.17827E-4 1.58911E-4 2.23262E-4 1.99911E-4 1.06588E-4 1.41217E-4
1.17697E-6 4.26133E-6 2.3091E-6 1.04712E-5 2.12114E-6 3.8032E-7 1.82028E-8 9.25089E-8 6.58224E-6 4.69347E-6 4.68654E-6 1.88992E-6 3.60525E-6 7.36408E-6 7.24161E-6 3.17878E-5 4.84169E-6 5.63149E-6 8.81288E-6 4.09946E-6 1.46047E-5 1.69194E-5 8.10599E-6 1.43471E-6 9.47775E-6 1.44861E-5 1.13762E-6 5.06433E-5 2.50346E-6 2.93713E-6 2.62322E-7 6.83423E-7 7.86153E-7 7.38978E-5 2.63826E-5 9.85863E-6 1.53676E-6 1.31175E-5 1.87013E-5 2.10247E-5 5.03736E-5 9.49824E-6 2.64429E-6 9.61637E-7 1.93139E-6 1.2733E-5 3.15474E-5 1.11394E-5 2.77879E-5 5.16445E-6 5.24993E-5 9.56817E-5 1.30636E-4 1.3753E-4 3.91731E-5 4.16288E-5 5.65281E-5 8.50428E-5 3.01466E-5 5.58287E-5 1.19543E-4 7.57182E-5 3.05712E-4 1.45307E-4 4.15693E-5 6.28681E-5
2.90584E-6 8.89699E-6 5.57469E-6 1.26868E-5 1.37984E-5 2.48533E-5 1.58266E-5 1.06712E-5 1.01682E-6 2.2593E-7 3.10347E-6 8.26591E-6 8.63046E-7 1.49296E-6 5.75135E-6 6.9756E-6 1.73247E-5 5.17705E-6 1.18028E-6 3.9449E-6 2.04648E-5 1.03247E-5 5.51017E-6 3.47126E-6 3.34895E-6 2.90852E-6 1.45358E-5 8.24548E-6 6.75851E-5 4.22768E-5 9.11794E-6 1.54961E-5 7.79662E-7 7.88503E-8 1.63666E-5 1.04151E-4 1.05646E-5 7.13787E-5 4.49101E-5 2.32163E-5 4.86213E-5 2.55252E-5 5.06386E-6 1.17696E-5 1.09943E-5 2.44673E-5 2.66867E-5 2.12169E-5 2.89388E-5 4.20644E-5 8.57349E-5 9.17039E-5 8.97581E-5 9.09238E-5 3.22569E-5 4.44102E-6 3.76493E-5 4.9541E-5 4.05823E-5 3.70379E-5 3.39403E-5 3.95585E-5 1.06068E-4 1.29099E-4 2.48855E-5 4.34724E-5
1.66999E-5 3.84234E-6 2.69733E-5 2.7292E-5 3.18705E-6 1.26608E-5 4.92363E-6 3.90432E-6 2.79612E-6 9.92591E-6 3.35244E-6 1.30274E-7 2.79641E-8 6.86894E-8 3.57316E-7 1.58691E-6 2.32902E-6 6.07978E-7 2.04071E-5 7.61715E-6 1.84268E-5 1.33538E-5 8.69829E-6 1.336E-6 1.05752E-6 7.93011E-6 1.76929E-5 2.31426E-5 4.70436E-5 7.47431E-5 7.18603E-5 5.25446E-5 5.55449E-5 5.24257E-5 2.35651E-4 4.53053E-4 9.8271E-5 7.75336E-5 7.5216E-5 4.22697E-5 4.34306E-5 6.60514E-5 1.95971E-5 2.06986E-5 1.65524E-5 4.64855E-5 1.19082E-5 2.41043E-5 3.21486E-5 8.98296E-5 1.14547E-4 3.66231E-5 3.28346E-5 4.04462E-5 2.25221E-5 1.66308E-5 3.36635E-5 3.08634E-5 3.09654E-5 1.18085E-5 4.36165E-5 7.11075E-5 5.15045E-5 6.03733E-5 5.32388E-5 5.49592E-6
7.7439E-6 9.37792E-6 8.61892E-6 9.7702E-6 1.4649E-5 9.79718E-6 4.37112E-6 1.21581E-6 1.49925E-6 5.93188E-8 2.62955E-8 3.61737E-7 1.73505E-7 3.41492E-7 1.05889E-7 1.53407E-6 2.38351E-6 2.72756E-7 8.14985E-6 1.44824E-5 3.74265E-5 2.2364E-5 2.30906E-5 1.21621E-5 3.37118E-7 1.57761E-7 1.27905E-5 4.50781E-5 1.13639E-4 1.181E-4 1.27876E-4 1.36036E-4 1.51021E-4 1.86713E-4 2.00532E-4 1.52697E-4 1.0998E-4 3.55627E-5 6.31273E-5 3.44641E-5 7.67E-5 1.19221E-4 8.62471E-5 5.71767E-5 7.31031E-6 1.17954E-5 4.66468E-5 7.49675E-5 7.35142E-5 3.68814E-5 1.3697E-5 6.96282E-6 2.07024E-5 3.49314E-5 8.30592E-5 5.13958E-5 4.09319E-5 1.55096E-5 7.85189E-6 2.1288E-5 2.48327E-5 5.83325E-5 4.30868E-5 4.71463E-5 4.20431E-5 6.32343E-6
2.37379E-5 1.56635E-5 1.51254E-5 2.80621E-5 3.52195E-6 7.97853E-6 3.23617E-6 5.31189E-6 7.09846E-8 7.13173E-7 6.98111E-7 2.80356E-6 4.79615E-6 1.51624E-6 1.86806E-6 2.41163E-6 7.71567E-6 2.21513E-6 1.06745E-5 2.95454E-5 5.5777E-6 2.53399E-5 1.42106E-5 3.72404E-5 3.32656E-7 1.79401E-5 2.00681E-5 5.41571E-5 9.4523E-5 7.96001E-5 1.29846E-4 1.41003E-4 1.49303E-4 1.08496E-4 1.01885E-4 8.99148E-5 8.69279E-5 6.92697E-5 2.15242E-5 1.48325E-5 4.90474E-5 6.37124E-5 7.62729E-5 2.71881E-5 7.68276E-6 8.13945E-6 1.52409E-5 7.88963E-5 1.01111E-4 2.36944E-5 4.85367E-6 3.14762E-6 2.98562E-5 2.76231E-5 1.0561E-4 7.74727E-5 4.03829E-5 3.53147E-5 2.68236E-5 1.35611E-5 2.1595E-5 2.98442E-5 1.93821E-5 3.85607E-5 3.42142E-5 4.96458E-5
1.23788E-5 6.55299E-5 2.93798E-5 9.33332E-6 1.77977E-5 1.29726E-5 1.10338E-5 9.48922E-7 2.27158E-7 5.51346E-6 3.02901E-6 1.53109E-6 1.21823E-6 1.05336E-6 2.52897E-7 1.81118E-6 7.89525E-6 4.48528E-5 3.18955E-5 1.11903E-5 1.01102E-5 2.72768E-5 8.21055E-5 2.54314E-5 2.38054E-5 3.31734E-5 6.50732E-5 1.07618E-4 9.81699E-5 2.30221E-5 2.82969E-5 2.4534E-5 2.38699E-5 4.32775E-5 5.44102E-5 7.80569E-5 8.64959E-5 7.40004E-5 2.04559E-5 9.32451E-6 9.75837E-6 8.28932E-6 6.60062E-6 7.23233E-6 5.6772E-6 2.47039E-5 2.50291E-5 6.00134E-6 1.21835E-5 5.42917E-6 2.68026E-6 4.56395E-6 5.76234E-6 1.27216E-5 4.97411E-5 4.20495E-5 4.04139E-5 2.07996E-5 2.89104E-5 3.39552E-5 3.04623E-5 2.2086E-5 2.05476E-5 3.36039E-5 2.98063E-6 5.66301E-6
2.62478E-5 7.43967E-5 1.3808E-4 7.55956E-6 1.44069E-5 4.37686E-5 4.15564E-6 9.25026E-7 7.77539E-6 3.26985E-6 2.2669E-6 8.32413E-7 8.32886E-7 5.40992E-6 5.42807E-6 1.31727E-5 1.87022E-5 2.50174E-5 3.90714E-5 4.01017E-5 2.47649E-5 4.26153E-5 1.22926E-4 1.09666E-4 2.13859E-5 5.3786E-5 3.29142E-5 1.26228E-4 1.29935E-4 2.80939E-5 1.53098E-5 3.25876E-5 5.65273E-6 6.25864E-7 1.11997E-5 2.13807E-5 5.28405E-5 6.24802E-6 2.06E-5 1.44535E-5 5.68701E-5 8.17996E-6 6.84524E-6 4.05008E-6 1.19424E-6 1.02199E-6 7.30967E-7 6.56221E-6 3.24568E-6 4.56841E-6 1.91788E-6 1.72525E-5 1.01698E-5 1.66985E-5 1.57948E-5 1.82571E-5 2.14374E-5 2.26094E-5 3.70139E-5 2.46941E-5 1.73833E-5 2.8634E-5 2.44496E-5 1.0793E-5 2.96678E-5 1.20358E-5
4.32383E-5 1.76538E-5 2.99724E-6 1.02701E-5 3.97028E-6 1.31921E-5 5.96517E-6 5.96736E-6 3.89039E-6 4.13823E-7 3.50174E-7 7.85035E-7 2.94966E-6 1.95765E-6 1.30173E-5 1.4844E-5 1.68574E-5 2.87288E-5 6.51331E-5 5.10629E-5 4.98535E-5 7.86993E-5 1.44033E-4 1.62698E-4 5.11569E-5 7.00348E-5 1.22637E-4 1.34172E-4 3.55315E-5 1.72261E-5 2.35833E-6 3.90742E-6 1.35182E-5 6.37976E-7 4.85097E-6 5.72364E-6 1.87891E-6 2.94224E-6 2.88402E-6 1.05553E-5 8.98164E-6 4.91224E-6 7.35433E-6 4.56491E-6 4.7034E-6 2.27784E-6 1.56224E-6 4.46494E-6 3.37456E-6 5.54644E-6 4.52137E-6 3.43316E-5 1.3238E-5 5.18942E-6 1.39394E-5 2.28998E-5 2.69635E-5 2.58281E-5 2.93305E-5 2.86581E-5 3.12903E-5 2.89825E-5 1.30185E-5 1.73948E-5 1.47281E-5 2.35372E-5
1.07295E-5 1.23438E-5 5.11025E-6 3.83531E-6 2.75775E-6 2.34772E-6 6.18458E-7 9.74938E-6 4.95969E-6 6.92633E-7 1.8032E-6 1.06196E-5 1.804E-5 7.66344E-6 1.88956E-5 7.58157E-6 9.22706E-6 2.18369E-5 6.88632E-5 1.06475E-4 1.21088E-4 8.66525E-5 1.6183E-4 1.19493E-4 1.17561E-4 1.02054E-4 1.27624E-4 1.23118E-4 3.70467E-5 1.1643E-5 4.54113E-7 1.06026E-8 3.1978E-6 9.46645E-7 8.59227E-7 8.014E-6 5.81087E-7 1.11885E-6 7.23138E-6 1.06053E-5 7.87399E-6 6.56629E-6 1.29134E-5 1.68693E-5 7.67571E-6 4.73774E-6 6.36286E-6 7.81808E-6 5.87291E-6 4.28623E-6 3.49866E-6 6.05868E-6 1.04881E-5 1.26993E-5 2.78608E-6 8.04019E-6 3.13388E-5 2.05365E-5 1.81499E-5 4.13265E-5 3.26453E-5 2.86321E-5 2.05589E-5 1.33508E-5 2.1946E-5 1.31425E-5
4.21002E-6 1.65021E-6 1.89512E-6 1.84312E-6 8.19358E-7 1.3108E-5 9.26482E-6 1.05664E-5 2.45765E-5 3.14241E-7 2.23427E-5 3.13257E-5 4.8178E-5 3.91539E-5 3.03897E-5 6.68261E-6 1.47578E-5 1.56658E-5 5.83804E-5 1.08274E-4 1.52202E-4 1.75685E-4 1.30507E-4 5.15622E-5 7.29027E-5 5.69274E-5 9.69402E-5 5.88556E-5 5.31239E-5 2.32051E-5 5.6416E-6 1.06723E-6 4.91178E-7 5.28325E-6 1.24302E-6 1.41851E-6 8.31412E-7 1.92692E-7 1.61731E-6 2.35887E-6 5.7235E-6 6.51912E-6 7.59014E-6 1.20917E-5 1.16347E-5 1.91292E-5 5.53197E-6 4.89113E-6 5.91059E-6 7.41891E-6 5.56837E-6 6.27133E-6 6.48694E-6 5.31286E-6 6.64385E-6 1.11114E-5 3.29081E-5 2.59876E-5 2.4731E-5 3.20971E-5 1.90795E-5 2.87241E-5 2.81292E-5 1.61487E-5 2.35584E-5 3.26697E-5
6.40691E-6 5.09218E-6 7.39601E-7 1.3887E-6 3.44354E-7 6.31616E-6 1.21919E-5 8.81461E-6 3.21467E-6 4.79071E-6 4.8957E-5 4.23259E-5 5.78959E-5 3.17565E-5 1.94835E-5 2.13665E-5 1.61806E-5 1.07248E-5 6.87498E-5 1.2787E-4 1.3092E-4 2.51154E-4 6.28657E-5 2.42406E-5 2.09768E-5 3.18781E-5 8.21535E-5 9.69845E-5 1.83923E-5 1.18754E-5 1.2037E-6 2.55095E-6 2.21949E-6 4.99016E-7 9.59302E-7 2.15304E-7 1.30381E-8 1.24507E-8 1.97191E-6 8.71427E-6 8.89419E-6 6.01612E-6 7.64092E-6 8.64998E-6 1.02878E-5 8.44048E-6 5.08517E-6 7.31583E-6 5.71064E-6 6.89332E-6 9.49147E-6 8.72032E-6 6.47429E-6 6.37333E-6 8.45642E-6 1.48453E-5 2.62535E-5 3.28209E-5 2.43344E-5 1.95893E-5 2.84806E-5 2.70712E-5 1.18584E-5 5.37475E-6 1.5398E-5 3.52876E-6
1.83042E-5 1.69266E-5 1.82007E-5 1.62115E-6 7.88267E-6 5.6333E-6 5.19665E-6 9.34918E-6 2.12648E-6 1.90666E-5 2.5212E-5 4.97868E-5 7.81679E-5 4.3689E-5 3.92232E-5 3.30496E-5 1.33798E-5 1.78544E-5 2.31912E-5 7.24128E-5 1.39396E-4 1.2455E-4 5.24876E-5 1.08241E-5 1.67781E-5 8.42617E-6 2.56509E-5 1.96464E-5 1.43032E-5 1.05942E-5 8.26486E-6 3.84521E-6 5.77282E-7 3.97507E-7 3.93668E-8 9.53439E-8 3.93674E-7 1.68361E-7 1.90655E-6 4.24343E-6 6.43181E-6 3.29735E-6 5.69047E-6 6.05841E-6 6.0723E-6 8.29312E-6 5.28123E-6 5.50592E-6 4.6389E-6 4.91716E-6 4.92528E-6 5.34737E-6 5.92636E-6 6.51212E-6 1.3063E-5 7.99216E-6 9.55425E-6 2.75491E-5 2.00031E-5 3.91482E-5 1.28358E-5 3.18306E-5 2.60151E-5 2.36068E-5 1.99955E-5 2.57393E-5
1.53603E-5 3.68459E-5 1.52499E-5 7.28916E-6 8.41662E-6 7.931E-6 1.14748E-5 2.04984E-5 1.49623E-5 1.36494E-5 1.14001E-5 8.66887E-6 1.76609E-5 3.17483E-5 1.48468E-5 1.04856E-5 2.02662E-5 6.57896E-6 1.85731E-5 4.07208E-5 5.27779E-5 7.67947E-5 7.8887E-5 6.38518E-6 1.05547E-5 1.86897E-5 1.91955E-5 1.41163E-5 1.57563E-5 9.01587E-6 3.10439E-6 3.89319E-6 1.27156E-6 5.42321E-7 1.82506E-6 6.13199E-7 2.15729E-6 8.37854E-6 7.42389E-6 2.01948E-6 5.13047E-6 9.45394E-6 4.85908E-6 5.34827E-6 6.77207E-6 5.58289E-6 4.8342E-6 3.8442E-6 3.78236E-6 4.10743E-6 4.25369E-6 5.01961E-6 6.10671E-6 6.75605E-6 9.47288E-6 1.2129E-5 9.17174E-6 1.00956E-5 1.19591E-5 1.43922E-5 1.15979E-5 2.38049E-5 1.56765E-5 1.90234E-5 4.20538E-5 2.97773E-5
6.54191E-6 2.83988E-5 8.64154E-6 7.15904E-6 6.5038E-6 1.29581E-5 2.79362E-5 5.48761E-5 1.33544E-5 3.52775E-6 2.74827E-6 8.18258E-7 1.99185E-6 1.16432E-5 1.12034E-5 1.0651E-5 1.29925E-5 6.03156E-6 7.39238E-6 3.14756E-6 3.65845E-6 4.43304E-5 7.6832E-5 4.84802E-5 1.25351E-5 1.91984E-5 2.10918E-5 1.6655E-5 1.80251E-5 3.71128E-6 8.14624E-6 6.90093E-8 4.77488E-7 3.24598E-6 1.55864E-6 1.36101E-6 5.22827E-6 1.53249E-5 6.87288E-6 1.07576E-5 1.18816E-5 8.23141E-6 6.87248E-6 2.06148E-5 1.29664E-5 6.77143E-6 6.99804E-6 4.37738E-6 1.61459E-5 5.78002E-6 1.92235E-5 1.85523E-5 6.32484E-6 6.7094E-6 8.78748E-6 1.38141E-5 2.52738E-5 3.50625E-5 5.20496E-6 7.546E-6 3.56398E-6 3.21607E-5 2.33367E-5 2.2248E-5 4.5733E-5 2.60249E-5
1.81652E-5 1.57494E-5 8.25665E-6 1.10672E-5 1.57177E-5 2.77553E-5 3.87333E-5 4.3103E-5 5.3238E-6 3.6726E-6 1.28584E-6 2.02958E-6 5.11187E-6 2.67311E-5 3.88348E-6 8.78605E-6 8.05814E-6 9.91697E-7 5.32731E-6 3.79699E-6 1.19139E-5 1.75118E-5 4.16952E-5 3.14601E-5 3.39622E-5 2.41089E-5 1.38673E-5 5.94954E-6 1.65848E-6 6.31391E-7 3.87933E-7 1.31523E-6 3.10163E-6 4.10686E-6 1.16026E-5 6.20611E-6 4.55471E-6 8.6024E-7 1.26588E-6 1.17744E-5 7.0315E-6 6.19613E-6 1.05868E-5 5.53352E-6 8.49868E-6 1.93437E-5 8.58041E-6 5.06352E-6 5.49419E-6 4.94204E-6 1.16012E-5 9.43225E-6 6.3843E-6 7.13432E-6 6.56185E-6 1.00448E-5 1.32774E-5 1.9984E-5 6.06255E-5 4.95181E-5 1.29259E-5 3.73512E-5 3.14895E-5 1.75286E-5 8.30322E-6 2.36664E-5
