catData/rasterBestHybridModels/Pbengalensis/RD_BM01_RM1_LQH/Pbengalensis_avg.asc
ncols         409
nrows         350
xllcorner     60.897278365
yllcorner     5.843756025
cellsize      0.0892857
NODATA_value  -9999
[rows 58 to 86 of 350, columns 66 to 131 of 409]
-9999 -9999 -9999 -9999 -9999 -9999 -9999 -9999 -9999 -9999 -9999 -9999 -9999 -9999 -9999 -9999 -9999 -9999 -9999 -9999 -9999 -9999 -9999 -9999 -9999 -9999 -9999 7.21369E-5 5.10902E-5 3.76006E-5 5.29953E-5 7.98636E-5 5.02403E-5 6.62158E-5 1.28192E-4 1.18349E-4 2.9834E-5 1.84653E-5 1.27732E-5 1.35329E-5 1.36712E-5 1.48823E-5 1.39087E-5 1.38376E-5 2.16869E-5 3.3629E-5 6.07435E-5 3.2228E-5 2.18717E-5 1.60817E-5 1.64483E-5 1.56902E-5 1.69217E-5 1.20709E-5 1.10316E-5 9.90925E-6 8.75443E-6 8.79143E-6 1.04041E-5 1.23734E-5 1.90649E-5 3.34201E-5 5.87214E-5 4.81281E-5 4.30106E-5 2.75022E-5
-9999 -9999 -9999 -9999 -9999 -9999 -9999 -9999 -9999 -9999 -9999 -9999 -9999 -9999 -9999 4.06725E-5 -9999 -9999 -9999 5.5173E-5 5.87279E-5 -9999 -9999 -9999 -9999 -9999 1.11054E-4 1.23084E-4 8.97488E-5 5.0147E-5 5.71123E-5 4.95834E-5 4.26509E-5 9.30883E-5 1.17977E-4 1.86007E-4 4.85455E-5 1.99515E-5 1.28627E-5 1.17794E-5 1.17388E-5 1.14886E-5 1.16649E-5 1.62224E-5 2.57744E-5 2.55934E-5 4.62884E-5 3.56866E-5 3.3974E-5 1.66307E-5 1.49104E-5 1.60018E-5 1.51523E-5 1.08635E-5 1.13027E-5 1.03923E-5 7.53268E-6 7.56853E-6 1.02316E-5 1.23974E-5 2.20393E-5 5.41388E-5 3.35312E-5 3.24085E-5 4.60643E-5 3.56938E-5
-9999 -9999 -9999 -9999 -9999 -9999 -9999 -9999 -9999 -9999 -9999 -9999 -9999 -9999 5.08034E-5 4.66784E-5 4.81726E-5 5.06881E-5 5.13411E-5 5.75549E-5 6.30034E-5 6.42135E-5 -9999 -9999 -9999 -9999 1.58796E-4 1.75289E-4 1.02833E-4 6.30987E-5 5.5726E-5 6.10966E-5 1.07488E-4 1.34565E-4 9.74988E-5 1.77505E-4 8.53674E-5 2.21022E-5 1.58906E-5 1.10701E-5 1.14859E-5 1.10797E-5 1.0437E-5 1.61523E-5 2.39508E-5 2.45017E-5 4.1584E-5 3.20133E-5 1.8036E-5 1.60713E-5 1.2132E-5 1.19689E-5 1.09859E-5 9.54503E-6 1.10252E-5 8.93873E-6 5.6955E-6 7.07012E-6 1.02491E-5 1.18921E-5 2.31995E-5 2.96924E-5 2.93143E-5 3.00119E-5 3.09117E-5 3.48191E-5
-9999 -9999 -9999 -9999 -9999 -9999 -9999 -9999 -9999 -9999 -9999 -9999 -9999 5.70112E-5 5.33578E-5 5.23194E-5 5.36978E-5 5.21446E-5 5.2413E-5 6.5025E-5 7.1762E-5 6.93343E-5 7.39271E-5 -9999 1.23834E-4 1.45963E-4 1.72557E-4 1.73774E-4 1.08253E-4 9.56447E-5 7.7183E-5 9.04592E-5 1.8027E-4 1.71508E-4 1.34458E-4 1.73779E-4 1.0685E-4 2.87767E-5 1.83505E-5 1.13286E-5 9.83608E-6 8.93172E-6 9.29867E-6 1.41166E-5 2.13082E-5 3.61032E-5 3.57918E-5 3.37396E-5 1.95651E-5 1.6007E-5 1.0931E-5 1.03318E-5 8.31013E-6 8.64422E-6 9.47847E-6 8.10788E-6 6.65172E-6 7.73231E-6 9.5673E-6 1.19655E-5 2.02708E-5 2.32759E-5 2.63918E-5 2.99003E-5 3.54387E-5 5.78122E-5
-9999 -9999 -9999 -9999 -9999 -9999 -9999 -9999 -9999 -9999 -9999 6.94773E-5 6.66271E-5 6.81006E-5 6.43843E-5 6.07246E-5 6.19713E-5 6.04928E-5 6.39723E-5 6.53867E-5 7.52256E-5 8.39261E-5 9.27262E-5 1.15538E-4 1.52292E-4 1.71648E-4 1.88102E-4 1.83069E-4 1.61197E-4 1.36133E-4 9.53594E-5 1.23326E-4 2.03546E-4 1.89528E-4 1.54515E-4 1.97278E-4 1.05349E-4 3.04558E-5 1.876E-5 1.10725E-5 7.62454E-6 7.3141E-6 8.38702E-6 1.14667E-5 2.14604E-5 3.45777E-5 2.52469E-5 1.81109E-5 1.50497E-5 1.31835E-5 9.43956E-6 9.8909E-6 9.94459E-6 1.01596E-5 9.72915E-6 8.868E-6 8.54789E-6 8.03895E-6 9.35391E-6 1.32294E-5 1.86301E-5 2.23197E-5 2.53539E-5 2.71042E-5 3.18988E-5 4.20499E-5
-9999 -9999 -9999 -9999 -9999 -9999 -9999 -9999 -9999 8.77116E-5 8.97837E-5 8.42242E-5 8.56912E-5 8.11255E-5 7.93474E-5 7.95336E-5 7.96051E-5 7.17018E-5 6.89716E-5 6.49576E-5 7.05475E-5 8.82137E-5 1.0597E-4 1.29191E-4 1.43801E-4 1.71863E-4 1.97495E-4 1.9939E-4 1.38534E-4 1.10347E-4 1.18457E-4 1.83976E-4 2.48966E-4 1.92741E-4 1.71166E-4 1.88097E-4 1.38469E-4 3.48371E-5 1.57873E-5 9.54499E-6 6.347E-6 6.67449E-6 9.04357E-6 1.27564E-5 2.60244E-5 2.38385E-5 1.86621E-5 1.33744E-5 1.18551E-5 1.14815E-5 9.45959E-6 1.14297E-5 1.43003E-5 1.08102E-5 9.41364E-6 7.98563E-6 7.61436E-6 7.76888E-6 9.89948E-6 1.54801E-5 2.07813E-5 2.53428E-5 2.61728E-5 2.72719E-5 2.9143E-5 3.24152E-5
-9999 -9999 -9999 -9999 -9999 -9999 -9999 -9999 -9999 -9999 1.04408E-4 1.01495E-4 9.66285E-5 9.06866E-5 9.13784E-5 9.66199E-5 9.88148E-5 9.33956E-5 8.85966E-5 8.10832E-5 7.98734E-5 8.80164E-5 1.08343E-4 1.24495E-4 1.38069E-4 1.73023E-4 1.59863E-4 1.36309E-4 1.19735E-4 2.35957E-4 2.3049E-4 2.36463E-4 2.16804E-4 2.0321E-4 1.66796E-4 1.74947E-4 1.75602E-4 5.75518E-5 1.59628E-5 9.8686E-6 6.51065E-6 6.89091E-6 9.44163E-6 1.36612E-5 2.78978E-5 2.26224E-5 1.7016E-5 1.32178E-5 1.19602E-5 1.25376E-5 1.05106E-5 1.02106E-5 1.14266E-5 9.21346E-6 8.1524E-6 7.1915E-6 6.45072E-6 6.97138E-6 9.89691E-6 1.74607E-5 2.19312E-5 3.30319E-5 3.45542E-5 2.90639E-5 2.69673E-5 2.94277E-5
1.11566E-4 1.01546E-4 8.9481E-5 8.53672E-5 -9999 -9999 -9999 -9999 1.16123E-4 1.23106E-4 1.2681E-4 1.29988E-4 1.24912E-4 1.08851E-4 1.01886E-4 1.13229E-4 1.18525E-4 1.2344E-4 1.27249E-4 1.13735E-4 1.04393E-4 9.75293E-5 1.14335E-4 1.17415E-4 1.3426E-4 1.35158E-4 1.16969E-4 1.23877E-4 1.18261E-4 1.7799E-4 2.56671E-4 2.37411E-4 2.57128E-4 2.07385E-4 1.20723E-4 1.84335E-4 1.95088E-4 6.3008E-5 1.79831E-5 1.12092E-5 7.4704E-6 7.08331E-6 9.63058E-6 1.19328E-5 2.74117E-5 2.72893E-5 3.13366E-5 1.49842E-5 1.43148E-5 1.64516E-5 1.19392E-5 8.59217E-6 9.48787E-6 7.93159E-6 7.29092E-6 7.16596E-6 6.28165E-6 6.47331E-6 1.03909E-5 1.77866E-5 2.3696E-5 3.07858E-5 3.79301E-5 2.77228E-5 2.77084E-5 3.24204E-5
1.31318E-4 1.22432E-4 1.13895E-4 1.09459E-4 1.06412E-4 1.19175E-4 1.22776E-4 1.37906E-4 1.43811E-4 1.5253E-4 1.64572E-4 1.69633E-4 1.58876E-4 1.38778E-4 1.21251E-4 1.28676E-4 1.33716E-4 1.38372E-4 1.36541E-4 1.36252E-4 1.16098E-4 1.00419E-4 9.40451E-5 1.14413E-4 1.3399E-4 1.45472E-4 1.0749E-4 9.57307E-5 1.1332E-4 1.84793E-4 2.15852E-4 2.10631E-4 2.42117E-4 1.92264E-4 1.07551E-4 1.96226E-4 1.81864E-4 5.88764E-5 2.15881E-5 1.10119E-5 7.93472E-6 6.8933E-6 8.24816E-6 1.10381E-5 2.69331E-5 2.73829E-5 1.82711E-5 1.47684E-5 1.42141E-5 2.72224E-5 1.24653E-5 8.07678E-6 7.33532E-6 6.68505E-6 6.40401E-6 6.19624E-6 6.9003E-6 7.94199E-6 1.25213E-5 1.90505E-5 2.07111E-5 2.38571E-5 2.43587E-5 2.45198E-5 2.75163E-5 4.17135E-5
1.62316E-4 1.46282E-4 1.44209E-4 1.37346E-4 1.24617E-4 1.32147E-4 1.44943E-4 1.73341E-4 1.97565E-4 1.89479E-4 1.76994E-4 1.72247E-4 1.5766E-4 1.41807E-4 1.36604E-4 1.49235E-4 1.59135E-4 1.6074E-4 1.56493E-4 1.44905E-4 1.35606E-4 1.15916E-4 1.19783E-4 1.09823E-4 1.22509E-4 1.10669E-4 8.45711E-5 8.2506E-5 1.31689E-4 1.94024E-4 1.78761E-4 2.07969E-4 2.65189E-4 2.33838E-4 1.17526E-4 2.1586E-4 2.34038E-4 1.00561E-4 2.48418E-5 1.39012E-5 1.03666E-5 7.33782E-6 7.45841E-6 1.03581E-5 2.38619E-5 2.96585E-5 1.78133E-5 1.42816E-5 1.31298E-5 1.38398E-5 1.12944E-5 6.56187E-6 6.08568E-6 5.72856E-6 6.06253E-6 7.61438E-6 9.16924E-6 1.26809E-5 1.54096E-5 1.72173E-5 1.85212E-5 1.91977E-5 2.23674E-5 2.7028E-5 2.61604E-5 2.79733E-5
2.0478E-4 1.91424E-4 1.71732E-4 1.67795E-4 1.58314E-4 1.60054E-4 1.89486E-4 2.15432E-4 2.49549E-4 2.61761E-4 2.48131E-4 2.19812E-4 1.7871E-4 1.57684E-4 1.4748E-4 1.6856E-4 1.90795E-4 2.14466E-4 2.2796E-4 1.84173E-4 1.77697E-4 1.4919E-4 1.28424E-4 1.11487E-4 9.51104E-5 6.8755E-5 6.81144E-5 8.33682E-5 1.27678E-4 1.55051E-4 1.86838E-4 2.44814E-4 3.16558E-4 2.42676E-4 1.46754E-4 2.75284E-4 2.83907E-4 1.10656E-4 3.48246E-5 2.25573E-5 1.39608E-5 9.27195E-6 8.42906E-6 1.03132E-5 2.36132E-5 3.67321E-5 3.26713E-5 1.48852E-5 1.28437E-5 1.10696E-5 1.13519E-5 7.88112E-6 5.63501E-6 6.6405E-6 8.01512E-6 1.01556E-5 1.44061E-5 1.79432E-5 1.81177E-5 1.84793E-5 1.71596E-5 1.78635E-5 2.15781E-5 4.38671E-5 3.00191E-5 2.6275E-5
2.11482E-4 1.96659E-4 1.8593E-4 1.79346E-4 1.8049E-4 1.58904E-4 1.93901E-4 2.21748E-4 2.82478E-4 3.26129E-4 2.80608E-4 2.3203E-4 2.02208E-4 1.67908E-4 1.29835E-4 1.35741E-4 1.4516E-4 1.69034E-4 1.78023E-4 1.53603E-4 1.15704E-4 9.22341E-5 8.84973E-5 8.81834E-5 5.85301E-5 5.44802E-5 6.71012E-5 1.0615E-4 1.42217E-4 1.58509E-4 1.98437E-4 2.6224E-4 2.7425E-4 2.73227E-4 2.19791E-4 2.34507E-4 2.87776E-4 1.21251E-4 4.40731E-5 2.73261E-5 1.56963E-5 1.00913E-5 9.17779E-6 1.13094E-5 2.01056E-5 3.22331E-5 1.72124E-5 1.33418E-5 1.20286E-5 1.00503E-5 9.39711E-6 7.4506E-6 5.74773E-6 6.79982E-6 7.82075E-6 1.10736E-5 1.88973E-5 2.34217E-5 2.03629E-5 1.92695E-5 1.70966E-5 1.69758E-5 1.95599E-5 2.39778E-5 2.59121E-5 2.42364E-5
1.24843E-4 1.13804E-4 1.20179E-4 1.39158E-4 1.37707E-4 1.47374E-4 1.8596E-4 2.63363E-4 3.03036E-4 2.80382E-4 2.56459E-4 2.03857E-4 1.94616E-4 1.61568E-4 1.44919E-4 1.47372E-4 1.67791E-4 1.54653E-4 1.32298E-4 1.25302E-4 1.06634E-4 9.60672E-5 8.11054E-5 6.64344E-5 6.4683E-5 6.81649E-5 8.50352E-5 1.15121E-4 1.48417E-4 1.46088E-4 1.69754E-4 1.93988E-4 1.8757E-4 1.95832E-4 1.71048E-4 2.18209E-4 3.20752E-4 1.83648E-4 4.11937E-5 2.69991E-5 1.95708E-5 1.21524E-5 1.09319E-5 1.3266E-5 2.75832E-5 5.94533E-5 3.01816E-5 1.31604E-5 1.10019E-5 9.83437E-6 9.62442E-6 8.74897E-6 7.3198E-6 7.28914E-6 9.30694E-6 1.37515E-5 1.99939E-5 2.99968E-5 2.05829E-5 1.81713E-5 1.70298E-5 1.80683E-5 2.44804E-5 3.27633E-5 2.63376E-5 3.1031E-5
1.04185E-4 1.07914E-4 1.28151E-4 1.33725E-4 1.27708E-4 1.73077E-4 1.97438E-4 2.30098E-4 2.80853E-4 3.03439E-4 4.42773E-4 2.81677E-4 2.25765E-4 2.12327E-4 2.00807E-4 1.60157E-4 1.68614E-4 3.5321E-4 1.68151E-4 1.41629E-4 1.12763E-4 1.05437E-4 9.28912E-5 9.65166E-5 1.09631E-4 9.96695E-5 8.0961E-5 9.1308E-5 1.03473E-4 1.14381E-4 1.46437E-4 1.59126E-4 1.61919E-4 1.57504E-4 1.07057E-4 1.29029E-4 2.28143E-4 1.31855E-4 3.229E-5 2.69774E-5 2.16658E-5 1.57039E-5 1.53136E-5 2.71038E-5 3.18238E-5 5.0624E-5 2.04762E-5 1.32392E-5 1.02938E-5 9.19553E-6 8.97768E-6 8.10844E-6 8.18048E-6 8.26543E-6 1.36618E-5 2.73639E-5 1.92572E-5 1.80034E-5 1.85707E-5 1.66188E-5 1.81159E-5 1.99544E-5 2.58872E-5 3.34606E-5 3.34334E-5 5.73254E-5
7.05537E-5 8.94632E-5 1.35925E-4 1.17619E-4 1.67184E-4 1.81897E-4 2.11712E-4 2.4659E-4 2.92474E-4 3.30598E-4 3.45206E-4 2.91473E-4 2.22669E-4 1.86619E-4 1.95502E-4 2.26111E-4 2.60727E-4 2.8496E-4 2.49361E-4 1.98286E-4 1.63331E-4 1.59295E-4 1.6435E-4 1.54097E-4 1.39334E-4 1.07942E-4 8.58183E-5 8.20615E-5 9.26423E-5 1.00151E-4 1.25264E-4 1.1748E-4 1.11569E-4 1.07166E-4 9.54197E-5 9.65211E-5 1.36613E-4 9.02836E-5 2.86958E-5 1.95025E-5 2.09106E-5 1.84915E-5 1.32226E-5 1.37545E-5 2.3066E-5 2.81119E-5 2.5335E-5 1.53578E-5 1.1977E-5 8.71161E-6 7.42143E-6 6.80486E-6 9.15204E-6 1.07104E-5 1.56084E-5 2.21239E-5 1.9726E-5 2.7689E-5 2.888E-5 1.9948E-5 2.11328E-5 2.36973E-5 2.30152E-5 2.42257E-5 2.3967E-5 3.11723E-5
6.88308E-5 8.70011E-5 1.17319E-4 1.27818E-4 1.54584E-4 1.92294E-4 2.72544E-4 3.65139E-4 4.86467E-4 3.67944E-4 3.38958E-4 3.16607E-4 2.78337E-4 2.23551E-4 1.83637E-4 1.90529E-4 2.04833E-4 2.12111E-4 2.23262E-4 2.32069E-4 2.23139E-4 2.30056E-4 1.94561E-4 1.35114E-4 1.01368E-4 9.21229E-5 9.07911E-5 7.74817E-5 7.57243E-5 8.95507E-5 9.127E-5 7.6856E-5 7.96505E-5 9.36653E-5 9.72141E-5 9.45811E-5 1.37886E-4 6.66787E-5 2.78989E-5 1.94743E-5 2.11198E-5 1.54797E-5 1.12515E-5 1.12395E-5 1.73972E-5 2.92848E-5 2.98704E-5 1.53326E-5 1.10238E-5 9.02314E-6 6.97051E-6 6.28378E-6 8.01412E-6 1.2199E-5 1.66068E-5 1.77213E-5 1.93618E-5 2.24314E-5 2.25641E-5 2.07834E-5 3.37218E-5 3.82433E-5 2.571E-5 2.44031E-5 2.61308E-5 3.81229E-5
7.80732E-5 7.94658E-5 1.01129E-4 1.81596E-4 1.95261E-4 2.13132E-4 3.13038E-4 4.12214E-4 4.91678E-4 4.18529E-4 4.69557E-4 3.94522E-4 3.70016E-4 3.24877E-4 2.5552E-4 2.12122E-4 1.9343E-4 1.84161E-4 2.04205E-4 2.37953E-4 2.5809E-4 2.17761E-4 1.30661E-4 8.46223E-5 7.12049E-5 6.78176E-5 7.21341E-5 6.9412E-5 7.03517E-5 7.0348E-5 7.41099E-5 7.57578E-5 7.49403E-5 8.11956E-5 8.5083E-5 8.64602E-5 8.4034E-5 7.39682E-5 3.88977E-5 2.20188E-5 1.71522E-5 1.31527E-5 9.47203E-6 9.7131E-6 1.45994E-5 2.67923E-5 3.52723E-5 1.96792E-5 1.27999E-5 9.44139E-6 7.13031E-6 7.90014E-6 9.84276E-6 1.61051E-5 1.82491E-5 2.06478E-5 2.89683E-5 2.23135E-5 1.83755E-5 1.935E-5 2.40286E-5 2.53323E-5 5.1551E-5 2.48032E-5 2.3946E-5 3.21478E-5
7.00756E-5 8.34076E-5 1.97429E-4 2.84164E-4 2.78665E-4 2.70035E-4 2.835E-4 2.79027E-4 3.36352E-4 4.64794E-4 8.01696E-4 4.47572E-4 3.79165E-4 3.31057E-4 2.85189E-4 2.2922E-4 2.2368E-4 2.16322E-4 2.00637E-4 2.41431E-4 3.71755E-4 1.95305E-4 1.48951E-4 1.05802E-4 9.51539E-5 8.25995E-5 8.0992E-5 6.81138E-5 6.53766E-5 7.18504E-5 8.97957E-5 9.11133E-5 9.60758E-5 9.37499E-5 7.70751E-5 8.16865E-5 8.85599E-5 1.40289E-4 4.42012E-5 2.15655E-5 1.45521E-5 1.10925E-5 9.18258E-6 1.06449E-5 1.72579E-5 2.72226E-5 2.46651E-5 1.91069E-5 1.4322E-5 1.0324E-5 9.54853E-6 1.14315E-5 1.54501E-5 1.97043E-5 2.355E-5 2.18041E-5 2.26505E-5 2.31729E-5 1.98484E-5 1.76177E-5 1.71594E-5 1.96176E-5 2.15465E-5 2.0433E-5 2.07951E-5 2.28777E-5
8.08726E-5 1.11283E-4 2.26182E-4 3.03433E-4 3.17949E-4 2.95028E-4 2.52872E-4 1.92287E-4 2.14621E-4 3.69997E-4 3.92118E-4 3.62391E-4 3.76071E-4 3.94317E-4 3.55873E-4 2.68822E-4 2.11306E-4 2.07151E-4 1.87659E-4 1.61551E-4 1.81637E-4 1.66554E-4 1.3891E-4 1.09582E-4 9.57793E-5 7.19084E-5 7.57137E-5 7.04978E-5 7.75906E-5 9.36062E-5 1.09302E-4 1.14781E-4 1.14175E-4 1.19987E-4 8.94725E-5 7.74002E-5 1.03294E-4 1.27165E-4 3.09436E-5 2.19931E-5 1.55272E-5 1.13624E-5 1.166E-5 1.40052E-5 1.79819E-5 2.31915E-5 1.91862E-5 1.42924E-5 1.32826E-5 1.15112E-5 1.24709E-5 1.61371E-5 2.03595E-5 1.90757E-5 3.21852E-5 2.27579E-5 1.91786E-5 2.61971E-5 1.98985E-5 1.73421E-5 1.40555E-5 1.66161E-5 1.68692E-5 1.6493E-5 2.11132E-5 2.13952E-5
1.2443E-4 2.70011E-4 5.61585E-4 3.56969E-4 3.22611E-4 2.95775E-4 2.11896E-4 1.44745E-4 1.21441E-4 1.13918E-4 1.27561E-4 1.59307E-4 2.34237E-4 3.53221E-4 3.63371E-4 3.28721E-4 2.47838E-4 2.00665E-4 1.72296E-4 1.95923E-4 1.38925E-4 6.80051E-5 5.66109E-5 4.6069E-5 5.73743E-5 7.07064E-5 8.07867E-5 1.08972E-4 1.04878E-4 1.07309E-4 1.25122E-4 1.83471E-4 1.75065E-4 1.6323E-4 8.95544E-5 7.16691E-5 1.29697E-4 9.74726E-5 2.29127E-5 1.61419E-5 1.34519E-5 1.18679E-5 1.30511E-5 1.62782E-5 1.99916E-5 1.66588E-5 1.43189E-5 1.40034E-5 1.36509E-5 1.33965E-5 1.51717E-5 1.74501E-5 3.47026E-5 1.78971E-5 1.85833E-5 1.77944E-5 1.62278E-5 1.66487E-5 1.63235E-5 1.48933E-5 1.43672E-5 1.60617E-5 1.88045E-5 1.73802E-5 2.1175E-5 4.01262E-5
2.37131E-4 2.51398E-4 2.65258E-4 3.20166E-4 2.97322E-4 2.75765E-4 2.17935E-4 1.22766E-4 8.72264E-5 4.94258E-5 6.4075E-5 7.52597E-5 1.61644E-4 1.4963E-4 1.67498E-4 2.46865E-4 2.35281E-4 2.56969E-4 1.82288E-4 1.32277E-4 6.55704E-5 2.80813E-5 2.22462E-5 3.13088E-5 3.73431E-5 5.22636E-5 7.95207E-5 1.12059E-4 1.11591E-4 1.25126E-4 1.60397E-4 2.18601E-4 1.79176E-4 1.23167E-4 8.67761E-5 8.50463E-5 1.25078E-4 6.52512E-5 2.24473E-5 1.28779E-5 9.60031E-6 9.8238E-6 1.62372E-5 2.26179E-5 1.97913E-5 1.51483E-5 1.34573E-5 1.3698E-5 1.47041E-5 2.96004E-5 1.74473E-5 1.63436E-5 1.71689E-5 1.76709E-5 1.59989E-5 1.54851E-5 1.45898E-5 1.45935E-5 1.33678E-5 1.40037E-5 1.6984E-5 1.96112E-5 2.3845E-5 1.98893E-5 2.00664E-5 2.39147E-5
2.32238E-4 2.21019E-4 2.0362E-4 2.32001E-4 2.92351E-4 3.41029E-4 3.22155E-4 1.27943E-4 4.70579E-5 1.84725E-5 1.98931E-5 2.72612E-5 4.77137E-5 4.29065E-5 3.74489E-5 5.92064E-5 1.07519E-4 1.77389E-4 1.44552E-4 8.26811E-5 4.02059E-5 2.36553E-5 2.40687E-5 6.3484E-5 7.38671E-5 9.55107E-5 1.24557E-4 1.45657E-4 1.49254E-4 1.62905E-4 1.94138E-4 1.84132E-4 1.50002E-4 1.09921E-4 9.03683E-5 1.06551E-4 9.79367E-5 2.53076E-5 1.47968E-5 9.20696E-6 7.29315E-6 8.72241E-6 1.45858E-5 1.79911E-5 1.95169E-5 1.58198E-5 1.31186E-5 1.42194E-5 1.56954E-5 1.90754E-5 1.78015E-5 1.75627E-5 1.47796E-5 1.50375E-5 1.52827E-5 1.62472E-5 1.53556E-5 1.34251E-5 1.39215E-5 1.53651E-5 1.83281E-5 2.12978E-5 3.01307E-5 2.2782E-5 2.02751E-5 2.07213E-5
1.58788E-4 2.48431E-4 2.03311E-4 2.10004E-4 2.54096E-4 2.20515E-4 2.57732E-4 1.03048E-4 5.34887E-5 1.25266E-5 7.64687E-6 8.85739E-6 1.22319E-5 1.44314E-5 1.67709E-5 4.04857E-5 8.26499E-5 9.4754E-5 8.49358E-5 6.91489E-5 4.74643E-5 2.44986E-5 4.25004E-5 9.18392E-5 1.25345E-4 1.23603E-4 1.57445E-4 3.6823E-4 2.29951E-4 2.01982E-4 3.16195E-4 1.47164E-4 1.18642E-4 1.06761E-4 9.91412E-5 1.24404E-4 6.89017E-5 1.49476E-5 8.82541E-6 6.92641E-6 6.26058E-6 8.90637E-6 1.35248E-5 1.5087E-5 1.76026E-5 1.45392E-5 1.35074E-5 1.45489E-5 2.40276E-5 2.39289E-5 2.9005E-5 1.86244E-5 1.47554E-5 1.46152E-5 1.71149E-5 1.79185E-5 1.6936E-5 1.47103E-5 1.60813E-5 1.87645E-5 1.9862E-5 1.84499E-5 1.90374E-5 1.72715E-5 1.76769E-5 1.81871E-5
2.18898E-4 2.7363E-4 2.43787E-4 2.07674E-4 1.75849E-4 9.57115E-5 4.12255E-5 3.02966E-5 2.58055E-5 9.68464E-6 6.03769E-6 5.05278E-6 4.81437E-6 5.26463E-6 6.86999E-6 1.19025E-5 2.382E-5 5.2908E-5 4.69487E-5 4.2079E-5 7.18291E-5 5.58699E-5 6.64931E-5 8.50271E-5 1.01916E-4 1.11775E-4 1.34168E-4 1.75272E-4 1.62899E-4 1.30706E-4 1.36394E-4 1.2642E-4 1.01589E-4 9.8666E-5 1.04005E-4 9.45263E-5 2.68119E-5 1.07597E-5 6.85938E-6 6.3684E-6 7.04941E-6 1.06084E-5 1.35788E-5 1.39253E-5 1.58089E-5 1.33298E-5 1.32502E-5 1.39988E-5 1.56751E-5 1.70342E-5 1.80265E-5 1.57246E-5 1.45433E-5 1.50794E-5 1.93143E-5 2.81469E-5 1.72228E-5 1.60147E-5 1.90289E-5 2.29938E-5 3.77538E-5 1.84779E-5 1.58826E-5 1.86481E-5 2.12299E-5 1.94346E-5
2.02319E-4 3.09355E-4 2.63894E-4 1.92602E-4 1.79743E-4 1.05089E-4 1.37916E-5 9.33543E-6 1.16645E-5 6.05648E-6 4.50436E-6 4.7721E-6 4.46672E-6 5.13631E-6 5.65937E-6 5.48733E-6 8.29942E-6 1.85004E-5 5.21234E-5 3.95453E-5 7.27049E-5 6.8559E-5 4.93219E-5 6.62507E-5 8.4731E-5 8.50073E-5 1.00558E-4 1.00832E-4 8.28678E-5 7.71861E-5 7.93155E-5 7.70397E-5 7.17808E-5 9.67499E-5 1.00063E-4 7.20028E-5 1.00087E-5 6.8592E-6 6.10547E-6 6.17517E-6 8.50181E-6 1.42834E-5 1.63644E-5 1.54936E-5 1.69583E-5 1.48158E-5 1.391E-5 1.39026E-5 1.48373E-5 1.35419E-5 1.39166E-5 1.34606E-5 1.28085E-5 1.48094E-5 1.77132E-5 1.77792E-5 1.63307E-5 1.9451E-5 2.04724E-5 2.15115E-5 2.05985E-5 1.77368E-5 1.70996E-5 1.92167E-5 3.06428E-5 1.59971E-5
2.55341E-4 2.68419E-4 2.11454E-4 1.77462E-4 1.52801E-4 4.27161E-5 1.49493E-5 5.72702E-6 7.60321E-6 4.50597E-6 3.5586E-6 3.67059E-6 3.91603E-6 3.61647E-6 3.48086E-6 3.70061E-6 5.28046E-6 7.36684E-6 1.84308E-5 2.38759E-5 3.12231E-5 3.375E-5 3.22752E-5 5.70839E-5 4.86798E-5 3.65649E-5 5.14998E-5 6.81736E-5 6.7064E-5 4.62762E-5 4.29233E-5 5.50782E-5 7.03012E-5 7.01351E-5 5.30556E-5 4.22501E-5 7.66354E-6 5.92421E-6 6.42951E-6 8.89533E-6 1.38903E-5 1.65999E-5 3.04088E-5 2.02291E-5 1.63234E-5 1.53523E-5 1.56293E-5 1.70053E-5 1.64405E-5 1.41459E-5 1.44848E-5 1.358E-5 1.38554E-5 1.57052E-5 1.75901E-5 2.18243E-5 2.02345E-5 3.73066E-5 2.12213E-5 1.81784E-5 1.826E-5 1.66689E-5 1.28266E-5 1.21274E-5 1.38203E-5 1.15063E-5
2.53148E-4 2.64289E-4 2.10599E-4 2.00539E-4 1.67274E-4 4.98999E-5 3.36031E-5 1.2438E-5 6.70666E-6 4.26039E-6 3.06418E-6 4.05322E-6 5.45359E-6 3.13928E-6 2.91867E-6 2.83662E-6 4.97684E-6 1.52249E-5 1.67342E-5 2.42458E-5 4.56579E-5 5.05246E-5 2.82598E-5 2.7396E-5 2.09931E-5 1.95348E-5 2.76311E-5 3.88963E-5 5.16537E-5 3.61724E-5 2.39163E-5 2.80707E-5 3.18629E-5 3.28804E-5 7.02255E-5 1.55253E-5 6.47659E-6 7.66358E-6 9.15049E-6 1.29519E-5 2.63906E-5 1.5562E-5 1.58255E-5 1.67179E-5 1.74797E-5 2.53898E-5 1.62444E-5 2.68022E-5 1.62006E-5 2.04787E-5 1.56752E-5 1.37612E-5 1.47496E-5 1.88738E-5 3.08656E-5 2.92014E-5 1.90205E-5 2.01333E-5 1.7084E-5 1.42918E-5 1.68526E-5 1.39442E-5 9.4809E-6 8.31054E-6 1.02713E-5 9.88379E-6
2.58674E-4 2.47491E-4 1.88285E-4 1.72171E-4 1.30182E-4 1.19696E-4 8.96217E-5 1.14102E-5 5.88771E-6 6.53538E-6 3.35596E-6 2.89786E-6 2.96148E-6 2.81906E-6 2.82141E-6 2.57006E-6 3.88802E-6 7.7424E-6 4.38955E-6 6.14333E-6 2.5199E-5 3.66059E-5 2.53216E-5 2.32673E-5 1.66068E-5 1.25436E-5 1.63329E-5 2.97028E-5 3.91151E-5 2.24058E-5 1.82864E-5 1.86101E-5 1.28137E-5 3.23962E-5 5.63341E-5 8.75965E-6 5.54197E-6 6.56235E-6 8.90328E-6 1.19441E-5 1.65448E-5 1.3936E-5 1.31453E-5 1.64124E-5 1.65786E-5 1.68113E-5 1.54281E-5 1.52304E-5 1.53949E-5 1.96558E-5 1.57224E-5 1.38737E-5 1.41565E-5 1.58954E-5 1.77876E-5 1.79602E-5 1.62096E-5 1.49473E-5 1.1597E-5 9.87969E-6 8.66638E-6 8.51742E-6 8.41952E-6 7.33456E-6 7.85349E-6 8.58147E-6
1.82387E-4 1.33977E-4 8.09093E-5 8.26728E-5 9.56715E-5 1.25576E-4 7.28546E-5 7.32688E-6 3.56341E-6 2.94505E-6 2.82664E-6 2.50982E-6 2.43662E-6 2.34337E-6 2.25833E-6 2.26907E-6 2.68636E-6 2.98922E-6 2.79945E-6 3.6779E-6 1.55556E-5 2.85916E-5 2.3604E-5 2.69427E-5 2.89213E-5 2.7366E-5 3.49755E-5 3.75748E-5 2.48934E-5 2.2983E-5 3.0423E-5 2.0477E-5 1.33466E-5 1.86502E-5 1.51472E-5 7.90603E-6 5.29597E-6 4.92939E-6 7.28012E-6 1.16492E-5 1.31773E-5 1.17249E-5 1.12287E-5 1.40733E-5 1.47554E-5 1.74013E-5 2.50042E-5 1.5487E-5 1.33701E-5 1.38832E-5 1.46864E-5 1.37787E-5 1.45511E-5 1.5808E-5 2.7141E-5 1.76074E-5 1.37597E-5 1.02332E-5 8.3751E-6 7.40167E-6 7.48808E-6 7.36689E-6 7.04495E-6 7.125E-6 6.35958E-6 7.24587E-6
