catData/rasterBestHybridModels/Pbengalensis/RD_BM01_RM1_LQH/Pbengalensis_avg.asc
ncols         409
nrows         350
xllcorner     60.897278365
yllcorner     5.843756025
cellsize      0.0892857
NODATA_value  -9999
[rows 145 to 173 of 350, columns 132 to 197 of 409]
4.50893E-6 6.77521E-6 4.36198E-6 6.15694E-6 6.2125E-6 6.78921E-6 1.73474E-5 5.3303E-6 8.97535E-6 7.55974E-6 1.06035E-6 8.39889E-8 9.68492E-7 1.2303E-8 7.14806E-8 1.812E-6 8.20593E-6 1.26089E-7 1.20869E-7 2.76481E-7 4.83251E-7 2.44899E-6 4.08118E-6 6.682E-6 3.70799E-6 8.77669E-6 1.28165E-5 5.50206E-6 8.68938E-6 2.47859E-6 7.64662E-6 5.08243E-6 5.66356E-6 9.95708E-7 2.97667E-7 5.81252E-6 2.66349E-6 1.64171E-6 1.63039E-6 3.76662E-6 1.39347E-6 1.06588E-6 6.30172E-7 2.88266E-7 2.41444E-7 6.5992E-7 3.42533E-8 1.05729E-6 5.0069E-7 3.87363E-7 3.65772E-7 1.13013E-6 1.05126E-6 2.49977E-8 5.01469E-8 1.22582E-7 1.0024E-6 2.70077E-6 1.78908E-8 1.46378E-8 2.51793E-9 5.43953E-9 1.61283E-9 1.34183E-9 1.51224E-8 1.04805E-6
1.32519E-6 6.38158E-6 2.40192E-6 8.99882E-6 5.42771E-6 7.82407E-6 1.09744E-5 8.55531E-6 8.35335E-6 1.65593E-6 4.30504E-7 2.27952E-6 7.09747E-8 1.6576E-7 4.97474E-8 8.95528E-7 5.02407E-6 2.07857E-6 1.36934E-6 4.9131E-7 2.84355E-6 3.31444E-7 7.65631E-6 1.2513E-5 7.86407E-6 8.47343E-7 2.4177E-6 5.59174E-6 8.79881E-6 9.21222E-6 1.20262E-5 5.09035E-6 7.2828E-6 5.44607E-6 1.56968E-6 3.4897E-7 1.40153E-6 5.40964E-7 3.49386E-6 1.11939E-6 1.67496E-6 2.48481E-6 1.34499E-6 7.24487E-7 1.85836E-7 2.35745E-6 1.77234E-6 6.23132E-7 2.74313E-7 2.01195E-7 9.82053E-8 1.02689E-6 5.73919E-6 2.80432E-6 3.41198E-7 3.61478E-7 1.76902E-6 3.01702E-7 2.21475E-9 7.84255E-10 1.90842E-9 1.82635E-9 6.64269E-8 1.07422E-8 1.25948E-7 5.44402E-6
8.75516E-6 7.27728E-6 6.40106E-6 2.02322E-6 4.00449E-7 6.7592E-6 5.82991E-6 3.32011E-6 1.92292E-6 1.04391E-7 1.09673E-6 2.58062E-7 6.48015E-7 4.25128E-8 1.96266E-7 6.18738E-7 3.81785E-6 4.74561E-6 9.89692E-7 8.51617E-7 2.33159E-6 2.52673E-6 4.06577E-7 1.87987E-6 7.24567E-6 1.53249E-6 8.22227E-6 9.9817E-6 7.95678E-6 1.05494E-5 3.60125E-6 5.91621E-6 3.91289E-6 5.3521E-7 6.4994E-8 9.45553E-7 4.89832E-6 7.27605E-7 2.41228E-6 2.15899E-6 1.771E-6 4.44986E-6 5.08998E-6 6.85733E-6 2.00251E-6 2.6201E-8 2.96806E-7 1.17076E-7 2.58636E-6 2.3554E-7 7.24686E-8 1.41137E-7 2.17506E-6 6.37151E-7 1.98757E-6 3.15922E-6 1.36797E-6 6.1192E-8 7.33826E-9 1.12931E-8 4.90546E-9 1.80795E-7 2.16723E-7 5.23552E-8 2.28665E-6 1.7708E-6
7.90066E-6 3.40178E-6 1.06921E-7 8.44985E-7 8.24222E-7 2.4432E-6 1.03092E-6 6.44511E-7 4.18973E-6 8.20009E-7 1.08042E-6 2.51894E-6 4.38332E-7 3.68595E-7 5.61171E-7 4.73192E-7 4.21538E-6 6.03988E-6 3.72198E-6 1.7258E-6 5.34891E-6 1.39558E-6 7.32331E-7 4.80389E-7 2.63403E-6 4.53801E-6 1.25135E-5 1.11527E-5 4.96401E-6 6.1072E-7 3.15077E-6 4.88298E-6 3.67676E-6 7.57593E-7 6.16178E-7 1.81506E-6 1.75647E-6 1.63219E-6 6.74593E-7 1.3141E-6 4.46005E-6 3.96366E-6 1.1586E-6 4.53312E-7 5.62017E-6 2.23146E-6 5.24534E-6 6.84002E-7 2.8202E-7 7.4581E-8 1.44012E-7 2.71678E-7 1.67013E-6 3.31008E-7 9.70806E-7 1.69576E-6 3.81108E-7 2.4184E-8 4.72599E-7 9.75934E-8 8.34881E-8 2.71872E-7 3.24897E-8 3.47745E-6 4.36657E-6 8.89671E-7
8.79425E-6 6.1067E-6 1.05126E-6 7.78255E-7 5.7957E-6 7.46151E-7 1.49604E-6 9.9083E-7 3.1224E-6 5.67547E-8 2.89461E-7 2.06471E-6 7.47845E-7 1.08498E-6 1.73651E-6 1.36684E-6 4.5727E-6 2.41406E-6 1.27581E-6 5.09901E-7 3.58105E-6 4.25565E-6 2.47904E-6 2.40408E-6 4.08688E-6 7.94352E-7 1.52282E-5 1.29734E-5 3.77764E-6 2.48847E-6 1.88126E-5 8.75618E-6 5.86733E-6 2.62784E-6 1.92558E-7 1.79773E-7 2.52494E-6 1.45536E-6 3.83582E-6 8.12028E-7 7.63785E-7 3.07889E-6 1.57707E-6 3.47261E-6 2.36774E-6 7.06503E-7 2.02202E-6 2.64152E-6 5.65356E-7 7.67657E-7 1.96939E-7 1.21833E-6 5.88825E-7 3.77564E-6 2.8284E-6 6.40078E-7 3.17854E-8 1.24212E-9 1.90579E-9 4.96443E-9 5.5258E-9 1.69672E-7 2.04517E-7 6.23792E-6 2.8454E-6 1.42694E-7
7.99057E-6 8.15744E-6 2.59766E-6 4.97089E-6 5.90092E-6 7.984E-7 4.80236E-6 5.9951E-6 8.36314E-6 2.15509E-6 8.23772E-7 2.31306E-7 1.02174E-6 1.05178E-6 4.37927E-6 5.95419E-6 4.2837E-6 2.31343E-6 2.6586E-6 7.89311E-8 5.13199E-6 2.175E-6 2.1895E-7 1.42795E-6 3.87844E-6 6.12951E-7 1.48766E-5 2.58403E-5 2.92795E-6 1.11131E-5 1.66709E-5 1.16971E-5 8.29628E-6 6.20714E-6 6.2456E-8 2.74956E-7 2.56405E-6 6.17575E-6 4.62293E-6 1.68725E-6 2.02445E-6 2.92401E-6 1.31393E-6 4.97946E-7 4.07038E-7 3.14548E-7 3.66358E-7 2.32573E-7 1.58067E-7 7.72472E-8 5.04818E-8 2.14686E-7 9.28919E-8 1.87313E-6 1.5566E-6 1.42601E-9 3.54177E-9 1.49407E-9 1.41394E-9 8.44479E-10 1.19781E-8 1.88353E-6 2.29344E-6 9.45966E-7 4.07158E-6 2.47415E-6
1.5664E-5 6.3678E-6 5.3996E-6 1.15183E-5 7.73871E-6 6.6678E-6 4.91802E-6 1.34987E-6 8.23077E-6 5.19161E-6 7.61936E-6 4.23727E-6 1.50376E-6 2.17802E-6 6.48455E-6 8.36161E-6 9.86324E-6 1.81374E-6 4.84944E-6 1.55997E-5 7.06879E-6 1.29911E-6 4.18003E-7 9.0123E-7 1.21513E-5 8.73626E-6 3.6422E-6 1.30397E-5 6.97966E-6 1.01766E-5 1.01359E-5 1.74843E-5 4.66629E-6 1.08489E-6 5.1977E-7 3.37568E-7 6.11094E-7 1.48541E-6 1.26159E-6 1.86992E-6 4.58522E-7 6.21941E-6 4.98352E-6 2.1565E-6 1.01212E-6 1.46203E-7 6.26306E-8 3.12912E-9 4.47356E-8 4.46502E-7 3.12058E-7 4.41261E-7 3.48037E-7 1.09786E-6 5.13123E-7 1.41353E-7 1.07025E-6 5.92545E-8 8.63599E-10 1.31626E-9 4.41764E-8 2.15053E-6 3.8876E-7 1.04471E-6 5.89552E-6 3.25695E-6
8.94061E-6 4.33656E-6 6.24102E-6 7.36E-6 7.2133E-6 5.10838E-6 1.13082E-5 4.54672E-6 5.82234E-6 1.15745E-5 7.9079E-6 1.52021E-6 9.89579E-7 3.8625E-7 2.67965E-7 1.76084E-6 7.18949E-6 1.92007E-6 5.8665E-6 2.36817E-6 2.60422E-6 1.07737E-6 1.52925E-7 2.2856E-7 8.28341E-6 1.24982E-5 4.94186E-6 3.94315E-6 1.48115E-5 1.43495E-5 2.21232E-5 5.09674E-6 5.00821E-6 6.8339E-7 9.99284E-6 6.91843E-6 6.97937E-7 2.91418E-7 6.51486E-6 6.98213E-7 4.80915E-6 3.38715E-6 4.79413E-6 6.86167E-6 1.58162E-7 3.8076E-8 5.16235E-7 1.60348E-7 1.4965E-7 2.81163E-7 2.21007E-7 4.80167E-7 1.09418E-7 2.29186E-6 6.21884E-7 1.11011E-7 1.10587E-6 2.02727E-7 1.58182E-9 1.30219E-9 1.11661E-6 1.16699E-6 2.38052E-7 2.48861E-6 1.51013E-6 4.74464E-7
7.24863E-6 5.10084E-6 7.51684E-6 5.59616E-6 4.90171E-6 4.96134E-6 2.77561E-6 5.04642E-6 9.95211E-7 8.34339E-6 3.23559E-6 5.31278E-6 5.17671E-6 7.04843E-7 2.73775E-6 1.59392E-6 5.80938E-6 1.87942E-6 5.12174E-6 1.58195E-6 3.37862E-7 6.11659E-7 4.08102E-7 8.44372E-7 3.07271E-6 3.38851E-6 2.01011E-5 5.53021E-6 2.26666E-5 1.60443E-5 9.52322E-6 5.87072E-6 3.18015E-6 1.62158E-7 1.99362E-6 1.13102E-5 1.18181E-5 8.95176E-6 9.04985E-6 2.38205E-6 4.26219E-6 6.57322E-7 1.53373E-6 6.50835E-6 5.11248E-8 7.75347E-8 1.83572E-6 2.43472E-6 3.21457E-7 1.80031E-6 7.8261E-7 5.68901E-7 1.58587E-6 1.52944E-6 3.07538E-7 5.35353E-7 8.2038E-7 9.33305E-8 5.56483E-7 2.54869E-9 8.79128E-7 1.57201E-7 4.50493E-8 2.91012E-6 8.10187E-7 2.21677E-6
9.22533E-6 1.25823E-5 7.26207E-6 6.23036E-6 2.85558E-6 1.93616E-6 1.90907E-6 6.69507E-6 1.08276E-7 8.36474E-7 4.14853E-7 1.27299E-7 8.95302E-8 1.93601E-6 6.5645E-6 6.21259E-6 2.43597E-6 8.64196E-7 5.53652E-6 3.65878E-6 1.15808E-6 1.67452E-6 4.87801E-7 1.75099E-6 5.5834E-6 1.63067E-6 2.61808E-5 9.46958E-6 9.69423E-6 1.04054E-5 8.13869E-6 9.76248E-6 1.19551E-6 2.49158E-7 4.14661E-7 1.2172E-5 1.25032E-5 1.57648E-5 1.75548E-5 1.56578E-6 4.89968E-6 9.53231E-7 1.83083E-7 8.16979E-7 1.0164E-7 2.21805E-7 1.08962E-6 3.80299E-6 4.39371E-6 4.17026E-6 1.35337E-6 1.04622E-6 4.96589E-5 1.93385E-5 3.10709E-6 1.16195E-6 3.43204E-7 2.36509E-6 1.73374E-6 8.72966E-8 2.63061E-7 2.05057E-6 4.67975E-6 2.70522E-6 1.15189E-6 2.55792E-6
8.86071E-6 1.20466E-5 5.70132E-6 7.3643E-6 5.30756E-6 3.25971E-6 1.15061E-6 2.63658E-6 2.15628E-7 2.03044E-7 4.09287E-8 2.21108E-8 8.49262E-7 4.75166E-7 5.48261E-6 1.13576E-6 1.85415E-6 7.11768E-6 2.95066E-6 8.36953E-6 3.21709E-7 2.28526E-8 1.94334E-7 6.65603E-7 6.77054E-7 1.13156E-7 3.20566E-6 1.49161E-5 9.51555E-6 1.47233E-5 1.75113E-5 1.4984E-5 1.34989E-5 4.40034E-6 3.41558E-5 1.05076E-5 1.59016E-5 1.476E-5 5.29708E-6 6.14649E-6 4.17839E-6 2.47091E-7 1.61375E-7 2.01233E-7 1.09658E-7 2.19073E-7 6.58543E-8 4.61367E-7 4.97363E-6 2.17202E-6 3.58919E-6 4.36196E-6 1.85407E-5 1.68043E-5 2.42065E-6 7.2327E-7 9.27041E-7 2.48484E-6 3.86846E-6 1.57203E-6 8.7304E-6 6.28844E-6 1.4163E-6 4.48061E-8 2.92774E-8 3.41999E-7
6.08708E-6 6.86371E-6 7.6982E-6 8.42193E-6 8.4337E-6 6.53486E-6 6.01948E-6 6.91024E-6 1.86167E-6 1.42382E-7 1.25419E-6 1.14163E-6 1.24081E-8 7.40401E-9 7.53918E-6 4.0914E-6 5.54711E-6 5.73246E-6 1.07435E-6 7.42432E-7 2.13713E-6 2.44509E-6 1.24015E-6 3.40205E-8 1.70615E-6 9.11949E-7 4.17504E-6 8.49372E-6 1.48499E-5 1.4845E-5 1.79418E-5 1.17781E-5 1.81706E-5 1.60617E-5 1.54979E-5 1.78386E-5 1.71635E-5 1.36803E-5 2.24307E-6 6.30481E-6 6.2012E-6 3.70807E-6 2.93312E-7 4.11739E-9 1.24106E-7 1.62677E-7 7.18667E-8 9.63458E-7 4.07554E-6 7.1229E-7 7.97701E-6 6.68805E-7 5.30381E-7 5.73538E-6 8.762E-6 3.41266E-6 2.90433E-6 7.91739E-6 3.52054E-6 1.91602E-6 7.19177E-6 3.79745E-6 1.73105E-7 5.7768E-9 4.30004E-8 3.79293E-7
4.85991E-6 4.96158E-6 6.28057E-6 6.48418E-6 1.57877E-5 7.02022E-6 4.03646E-6 5.24796E-6 7.44938E-6 6.45017E-6 1.29314E-6 6.03922E-6 1.64242E-6 4.70008E-8 7.27916E-7 6.44985E-7 2.36778E-6 1.607E-6 1.14044E-6 5.98191E-6 3.7222E-6 1.62024E-6 9.57348E-6 5.13973E-6 1.99788E-6 1.17642E-6 1.35052E-6 1.4613E-5 3.27573E-5 1.78089E-5 1.06871E-5 2.31518E-5 2.46871E-5 1.68043E-5 2.43812E-5 2.7077E-5 1.67077E-5 1.94835E-5 3.77103E-6 2.29345E-6 5.59091E-6 2.0766E-6 1.91026E-7 3.6117E-8 5.39644E-7 8.19351E-7 3.78542E-6 2.18263E-6 6.71104E-6 9.66974E-7 4.78517E-7 2.16053E-6 1.91272E-6 1.72952E-6 1.05095E-6 3.17196E-6 1.85875E-6 5.3624E-6 4.64012E-6 9.4169E-6 3.92063E-6 1.6373E-6 6.78527E-7 6.5646E-8 6.00944E-7 1.74052E-6
3.93473E-6 4.34204E-6 3.97397E-6 4.67708E-6 6.78051E-6 7.35636E-6 6.79087E-6 4.9761E-6 7.17729E-6 6.70079E-6 1.96002E-7 6.61081E-7 1.1909E-5 4.23626E-7 3.13188E-7 1.28803E-6 2.12431E-6 2.93485E-7 2.70086E-6 4.01583E-6 1.45813E-5 4.06898E-6 1.8099E-6 2.04142E-6 1.27963E-6 6.45952E-8 7.92826E-7 2.32608E-5 2.61249E-5 1.42077E-5 1.93455E-5 2.03378E-5 2.0809E-5 1.74836E-5 2.11942E-5 4.0725E-5 2.09746E-5 6.93073E-5 1.12527E-5 4.18593E-6 2.39428E-7 1.08806E-6 9.11195E-8 1.25808E-6 9.21743E-8 2.99476E-6 4.15036E-6 1.30582E-5 7.50282E-6 2.84872E-7 7.56285E-6 1.42892E-5 1.02523E-5 9.6724E-6 1.55753E-6 6.47676E-6 6.63982E-6 6.08939E-6 3.06828E-7 2.49565E-6 1.18822E-6 2.49524E-6 3.08253E-6 5.00591E-6 5.38417E-6 1.63222E-6
4.64151E-6 4.82283E-6 5.2609E-6 4.6442E-6 4.97059E-6 7.23994E-6 6.62472E-6 5.29119E-6 7.10289E-6 2.14646E-6 5.33765E-6 3.15508E-6 1.14366E-5 1.24268E-6 5.26785E-6 9.13586E-6 5.13911E-6 4.01435E-6 4.76684E-6 1.35889E-6 1.6713E-5 3.17142E-6 5.81929E-6 1.36351E-5 6.63394E-7 1.88448E-7 6.65264E-6 1.29713E-5 1.72641E-5 1.75724E-5 1.94673E-5 2.72387E-5 2.44101E-5 2.14192E-5 2.20736E-5 1.30585E-5 1.59078E-5 9.80662E-6 1.19371E-5 2.49615E-6 1.22729E-7 7.90931E-8 2.10533E-6 1.57783E-5 1.4346E-6 5.84888E-6 7.00329E-6 6.31452E-6 4.52453E-6 6.15589E-6 1.17732E-6 3.71655E-6 3.66075E-6 5.28881E-6 9.38036E-6 1.07811E-5 7.89133E-6 9.23146E-7 1.30998E-6 2.73628E-6 6.08301E-6 1.59197E-5 2.63561E-6 4.97606E-6 6.57495E-6 8.44565E-6
2.72588E-6 3.31299E-6 4.06514E-6 5.73049E-6 6.09407E-6 1.1807E-5 6.81706E-6 1.86925E-6 6.7104E-6 6.99204E-6 1.56276E-5 9.91274E-7 9.82503E-6 7.46289E-6 3.45865E-6 8.44277E-7 1.3185E-5 4.63171E-7 3.01692E-6 1.64211E-5 1.19724E-5 1.44349E-5 1.31025E-5 2.01959E-5 1.1826E-5 1.25388E-5 2.01401E-7 2.16408E-5 1.73207E-5 1.73681E-5 1.74572E-5 2.0844E-5 2.22334E-5 2.14962E-5 3.97655E-5 9.78888E-5 2.0957E-5 6.11865E-6 1.35844E-6 1.34727E-5 4.89325E-6 8.34185E-7 8.38156E-7 6.04577E-6 6.72406E-6 4.32515E-6 3.05764E-6 1.57793E-6 7.07192E-7 6.70624E-8 8.94141E-8 1.80776E-6 5.25597E-6 3.46196E-6 2.69019E-6 1.67243E-6 6.86965E-6 1.10373E-6 7.51084E-6 2.95769E-5 3.43153E-6 9.5047E-6 9.36419E-6 4.58106E-6 2.62674E-6 5.41709E-7
3.60134E-6 1.71037E-5 6.90134E-6 1.10404E-5 1.16341E-5 8.16087E-6 5.00288E-6 5.33667E-6 2.78972E-6 2.8688E-6 3.28327E-6 1.67025E-6 1.16471E-5 7.33432E-6 6.04331E-7 6.01799E-7 1.45753E-6 1.34574E-5 2.21829E-7 1.05647E-5 1.37552E-5 1.94637E-6 3.71447E-6 1.56143E-5 1.37319E-5 2.70048E-5 6.39867E-6 2.428E-5 2.2328E-5 2.19239E-5 2.68247E-5 2.70226E-5 4.99692E-5 1.5842E-5 2.36786E-5 6.19874E-5 2.95013E-5 4.23129E-5 2.89829E-5 1.23322E-5 2.15079E-6 6.09562E-6 6.76119E-6 3.37851E-6 8.91538E-7 3.93372E-7 7.15667E-7 7.86413E-7 1.68702E-8 2.02853E-8 2.14802E-7 9.19317E-6 1.61592E-6 3.45243E-6 6.75767E-7 4.22641E-6 5.19883E-6 3.81656E-6 6.66068E-6 4.95734E-6 4.51634E-6 5.69833E-6 4.17586E-6 7.10339E-6 4.16859E-6 1.34931E-5
3.97975E-6 3.37586E-6 7.13584E-6 9.9009E-6 6.92033E-6 4.61971E-6 3.15362E-6 7.78975E-6 9.67534E-6 1.87882E-6 4.83701E-6 1.73261E-6 4.61449E-6 5.40528E-6 1.74006E-6 6.08837E-6 1.72619E-5 1.57005E-5 1.63562E-5 1.0703E-5 8.48331E-6 6.67023E-6 1.67261E-5 1.50242E-5 1.89019E-5 2.39557E-5 4.67537E-6 1.29842E-5 1.02908E-5 3.26605E-5 1.86641E-5 2.4983E-5 9.7588E-6 3.18351E-5 2.02488E-5 1.1278E-5 1.92858E-5 1.26689E-5 4.05137E-5 9.34647E-6 6.56184E-6 1.05777E-5 2.55121E-6 1.05896E-6 2.07732E-7 6.56119E-7 2.01159E-6 1.00205E-7 4.34947E-8 1.73208E-8 2.10309E-6 2.04529E-6 3.68097E-6 2.97398E-6 1.41087E-6 2.67607E-6 4.02004E-6 2.10274E-6 3.25585E-5 1.58245E-5 1.14642E-5 1.64953E-5 2.99365E-5 1.62789E-5 1.80447E-5 7.1099E-6
3.34492E-6 7.61626E-6 9.88506E-6 7.90075E-6 5.23639E-6 4.3558E-6 4.83829E-6 7.30903E-6 1.73165E-5 6.02542E-6 5.14826E-6 1.50469E-5 1.32603E-5 1.99385E-5 7.6893E-6 1.07484E-5 1.04489E-5 1.45425E-5 7.0738E-6 2.29511E-5 1.77192E-5 1.88569E-5 9.43568E-6 4.46712E-6 1.19565E-5 4.45367E-7 2.75681E-6 8.963E-7 4.63876E-7 6.00793E-6 1.05026E-5 1.54653E-5 2.20267E-5 1.44075E-5 1.88132E-5 1.31508E-5 8.23658E-6 8.99307E-6 6.82597E-6 2.78099E-6 4.38082E-6 4.91544E-6 7.12084E-6 7.22998E-6 6.68419E-6 3.95715E-6 2.12092E-5 1.82376E-6 3.41173E-7 4.07623E-6 5.48586E-6 1.95248E-6 6.75468E-6 6.08811E-6 4.66168E-7 5.53247E-7 5.76668E-6 4.06178E-6 1.62842E-5 9.11175E-6 1.57338E-5 3.62491E-5 6.57737E-5 1.76944E-4 2.73715E-4 3.34467E-5
1.69274E-6 2.84611E-6 1.06204E-5 6.54588E-6 3.9219E-6 2.31894E-6 5.17516E-6 4.87655E-6 7.3684E-6 7.72416E-6 7.92624E-6 1.31171E-5 1.56956E-5 8.80259E-6 2.77286E-6 1.11968E-5 1.18633E-5 6.84622E-6 7.99139E-7 1.70153E-5 2.70491E-5 3.23291E-5 5.19934E-6 1.8024E-5 5.59411E-6 6.83844E-6 1.20407E-5 1.01464E-5 3.17275E-6 3.08076E-7 5.62251E-6 7.95737E-6 7.78711E-6 1.54696E-5 1.02413E-5 4.2996E-5 5.45231E-6 2.76113E-6 6.44895E-6 6.29058E-6 4.32213E-6 6.91444E-6 1.64711E-5 7.57178E-6 7.54976E-6 1.49684E-5 2.34339E-6 2.81399E-6 2.40033E-6 7.22554E-6 6.31102E-6 2.44745E-6 1.58184E-6 3.56463E-6 3.4643E-6 4.56089E-6 1.83177E-6 2.68517E-6 3.37685E-6 6.60066E-6 1.10056E-5 1.52217E-5 4.27903E-5 1.7208E-4 1.27817E-4 1.77182E-5
1.82801E-6 2.08465E-6 1.602E-6 3.60691E-6 4.32072E-6 1.76832E-5 4.16042E-6 6.21143E-6 1.0218E-5 8.86484E-6 1.10153E-5 1.08739E-5 1.43799E-5 1.32597E-5 1.65764E-5 1.63302E-5 1.43521E-5 1.60186E-5 3.81783E-5 1.03216E-6 1.74318E-6 4.54964E-6 1.26114E-6 7.65849E-7 5.0233E-6 3.78045E-6 6.87709E-6 7.76905E-6 1.1289E-5 1.31482E-5 1.44139E-5 5.06309E-6 5.88291E-6 4.05071E-6 2.32226E-6 4.36523E-6 4.95761E-6 4.42919E-6 6.85446E-6 6.15176E-6 2.0211E-5 7.82008E-6 3.11257E-5 9.04448E-6 1.98232E-5 9.73668E-6 3.17934E-6 8.46014E-7 3.1592E-6 8.96065E-6 7.58719E-6 5.82068E-6 3.04815E-6 9.71719E-6 1.37882E-5 8.20685E-6 6.98799E-6 7.3293E-6 2.77426E-6 2.86233E-6 1.58363E-5 8.10408E-6 1.07279E-5 2.56805E-5 1.88188E-5 7.13467E-5
-9999 1.6907E-6 8.76247E-7 2.7448E-6 5.58729E-6 2.59721E-6 2.61779E-6 3.71486E-6 6.5864E-6 5.18921E-6 6.63953E-6 8.58147E-6 9.13389E-6 1.02102E-5 9.90977E-6 1.29277E-5 1.23355E-5 1.7641E-5 1.9253E-5 4.89565E-7 4.86129E-7 6.79394E-6 1.6548E-5 2.35043E-5 1.21067E-5 1.07528E-5 1.56569E-5 1.53787E-5 9.39695E-6 5.96799E-6 1.60598E-6 2.42003E-6 2.52271E-6 1.97318E-6 4.39535E-6 2.72171E-6 5.94448E-6 1.70614E-5 3.84369E-6 7.42808E-6 8.36925E-6 1.12013E-5 1.0209E-5 1.17787E-5 1.65688E-5 9.48597E-6 1.95068E-6 8.46994E-8 3.63951E-6 7.11011E-6 5.27846E-6 5.09874E-6 1.03083E-5 1.48211E-5 1.25053E-5 1.17714E-5 1.75634E-5 8.77333E-6 2.47463E-6 9.31793E-6 1.43315E-6 2.84276E-6 3.17264E-5 3.55911E-5 5.774E-5 8.39343E-5
1.19385E-6 1.19257E-6 1.05873E-6 5.91188E-7 2.01361E-6 1.91113E-6 1.86708E-6 3.06071E-6 5.29065E-6 4.82717E-6 7.77243E-6 7.93774E-6 7.41066E-6 8.00833E-6 1.0527E-5 9.78089E-6 5.04814E-6 4.07986E-6 5.6546E-6 6.07612E-6 6.16853E-6 1.36905E-5 1.74456E-5 1.4307E-5 6.45714E-6 1.24948E-5 3.75009E-6 3.8517E-6 1.11698E-5 1.97259E-5 8.51777E-6 5.82479E-6 7.2667E-6 3.05847E-6 4.60768E-6 5.89506E-6 9.92157E-7 6.01585E-7 4.95352E-7 2.98258E-6 4.53249E-6 5.00122E-6 5.81526E-6 8.87929E-6 9.06706E-6 5.56089E-6 1.76643E-7 6.07484E-8 1.69899E-6 3.04593E-6 3.15537E-6 1.53865E-5 1.21568E-5 1.31179E-5 1.0342E-5 5.86601E-6 9.09899E-6 1.64758E-5 8.5714E-6 1.75422E-6 2.75926E-6 1.18084E-6 3.42089E-6 5.41625E-6 3.79938E-6 1.61563E-5
3.29477E-7 1.74974E-6 1.17627E-6 1.32586E-6 1.73592E-6 2.09347E-6 3.00596E-6 3.796E-6 3.42604E-6 4.1191E-6 5.17813E-6 5.33774E-6 7.1942E-6 1.01413E-5 1.77832E-6 5.86392E-8 1.90802E-6 2.11279E-6 8.57904E-6 2.29632E-5 1.17656E-5 1.29196E-5 1.99148E-5 1.50659E-5 1.73316E-5 1.49909E-5 1.41035E-5 9.49658E-6 5.55216E-6 8.96677E-6 8.75992E-6 3.23897E-6 5.31806E-6 5.57575E-6 8.92724E-6 8.74213E-6 3.17279E-6 8.74341E-6 2.29749E-6 2.51477E-6 4.03697E-6 6.58314E-6 9.45087E-6 6.2852E-6 6.8092E-6 5.44608E-6 1.90236E-7 4.8714E-7 4.62469E-6 7.65927E-6 1.25096E-5 1.92068E-5 1.29473E-5 1.10822E-5 8.88459E-7 5.07679E-7 2.61109E-6 3.79174E-7 5.51842E-6 5.88786E-6 2.39496E-6 3.82962E-5 1.95578E-5 1.24635E-6 1.08488E-5 1.42583E-5
4.58345E-7 7.43156E-7 1.26897E-6 1.05139E-6 1.5056E-6 2.23785E-6 2.83703E-6 4.55693E-6 5.43845E-6 8.48242E-6 3.39719E-6 4.25256E-6 7.48457E-6 1.18499E-5 7.85348E-6 5.20425E-6 2.68313E-6 6.07922E-6 7.18064E-6 1.76585E-6 1.89908E-5 1.62703E-5 1.08682E-5 2.2687E-5 6.2607E-6 1.12676E-5 6.84956E-6 7.45606E-6 7.00148E-6 5.18822E-7 8.48025E-6 6.61395E-6 5.43153E-6 4.93082E-6 7.1447E-6 9.32037E-6 1.07226E-5 1.12162E-5 8.06446E-6 3.48833E-6 8.89948E-6 6.41608E-6 5.54676E-6 5.43484E-6 7.99746E-6 6.84543E-6 1.76255E-6 5.12838E-6 4.51883E-6 1.36801E-5 1.77605E-5 1.03298E-5 9.72144E-6 1.67726E-5 1.86775E-6 1.98283E-7 7.04463E-8 5.36079E-7 2.11872E-5 1.70188E-5 1.85874E-5 1.15351E-5 9.45776E-7 2.65999E-6 8.18067E-6 3.43584E-5
2.12158E-7 8.98574E-7 1.06267E-6 1.13599E-6 1.16544E-6 1.18266E-6 2.49858E-6 6.16307E-6 7.53099E-6 1.08214E-5 9.52842E-6 7.67201E-6 1.0025E-5 5.35771E-5 1.54671E-5 9.84739E-6 1.24446E-5 1.7334E-5 1.46372E-5 2.35693E-5 4.55606E-5 1.08193E-5 2.93867E-6 1.12146E-5 1.26064E-5 1.33328E-5 2.39341E-6 4.0522E-6 4.20517E-6 9.37237E-7 4.09482E-6 8.9985E-6 7.9184E-6 3.85104E-6 4.53162E-6 5.49645E-6 5.48451E-6 3.61832E-6 4.12823E-6 6.62787E-6 1.32606E-5 7.03965E-6 6.74511E-6 4.4392E-6 6.99298E-6 6.00909E-6 3.02701E-6 4.89782E-6 1.67059E-5 1.71733E-5 8.37609E-6 2.09152E-5 1.00912E-5 1.67655E-5 1.25882E-5 7.35875E-6 6.21208E-6 1.71796E-6 3.16325E-5 1.2131E-5 1.06758E-6 9.06333E-7 1.40651E-6 9.94983E-8 1.31127E-7 3.68216E-6
3.37011E-7 1.03809E-6 1.14961E-6 1.34665E-6 1.24206E-6 1.48165E-6 5.67993E-6 1.61094E-5 1.78143E-5 4.84832E-5 2.3947E-5 1.88898E-5 1.36598E-5 1.4721E-5 1.47815E-5 1.6945E-6 1.03175E-5 3.69464E-6 7.51379E-6 1.84175E-6 7.87324E-6 3.54201E-5 9.38627E-6 3.44584E-6 3.34567E-6 1.62733E-6 5.03371E-6 1.99813E-6 1.26417E-5 4.3186E-6 8.41048E-6 1.22493E-5 1.39527E-5 1.17515E-5 8.99332E-6 5.34736E-6 8.24217E-6 8.97821E-6 1.05942E-5 1.35021E-5 1.16764E-5 3.12514E-6 3.26182E-6 6.94178E-6 7.05092E-6 5.80548E-6 5.3478E-6 1.12571E-5 8.40304E-6 8.75885E-6 5.6777E-6 4.93589E-6 5.14264E-6 1.52689E-5 2.04445E-5 2.65784E-5 2.31786E-5 1.31824E-5 2.09516E-6 3.17126E-7 6.23201E-7 1.26693E-7 1.03671E-7 5.75272E-8 6.109E-7 7.13833E-6
5.67984E-7 1.02456E-6 1.8771E-6 8.40753E-6 2.67786E-6 4.26017E-6 1.05244E-5 9.71859E-6 1.52709E-5 1.68614E-5 1.76364E-5 1.82794E-5 1.56634E-5 1.67236E-5 2.8651E-5 2.9916E-6 2.65109E-5 9.03037E-7 4.66437E-7 1.97492E-5 9.26322E-6 3.29558E-5 3.98692E-5 2.28309E-5 2.98532E-6 2.99493E-6 4.31525E-7 5.39097E-7 5.22426E-6 5.066E-6 1.70404E-6 6.51785E-6 1.18877E-5 6.53961E-6 2.84845E-6 1.26912E-6 2.02688E-6 3.30915E-6 9.23099E-6 3.12032E-5 1.71043E-5 4.98531E-6 4.33215E-6 7.35762E-6 8.46047E-6 5.9243E-6 1.79133E-5 1.75576E-5 5.3396E-6 1.02253E-5 8.30915E-6 1.81E-5 3.14652E-5 5.31209E-5 5.15509E-5 2.83129E-6 1.94488E-7 6.59802E-6 8.48406E-7 5.82479E-8 4.68346E-7 7.04902E-6 3.81539E-7 1.74565E-7 3.3627E-6 1.39965E-7
2.46721E-6 1.8972E-6 1.77047E-6 1.25118E-5 3.71266E-6 5.36652E-6 8.79897E-6 5.53473E-6 9.62056E-6 1.26431E-5 1.37442E-5 1.37058E-5 1.02849E-5 2.63625E-6 1.75506E-5 1.97616E-5 2.66408E-5 2.49102E-5 1.4714E-5 7.78982E-6 5.103E-6 1.62152E-5 2.2978E-5 6.01139E-6 2.58419E-5 1.23177E-5 1.82647E-6 1.19923E-7 1.7358E-7 3.56495E-5 3.14561E-5 7.07376E-6 1.03227E-5 3.68701E-6 1.9711E-5 1.2903E-5 2.9375E-6 4.05601E-6 1.51005E-5 3.94864E-6 2.33325E-6 7.08804E-6 3.94749E-6 6.04018E-6 5.83843E-6 4.03231E-6 4.15652E-6 5.0891E-6 5.20125E-6 9.23843E-6 2.44956E-5 5.4588E-5 8.36307E-5 8.30358E-5 4.88652E-6 4.80787E-7 7.96739E-8 1.09962E-7 9.70551E-8 1.30588E-7 2.24471E-6 1.00315E-5 1.09886E-5 4.211E-5 2.30224E-6 1.59009E-6
