catData/rasterBestHybridModels/Pbengalensis/RD_BM01_RM1_LQH/Pbengalensis_max.asc
ncols         409
nrows         350
xllcorner     60.897278365
yllcorner     5.843756025
cellsize      0.0892857
NODATA_value  -9999
[rows 116 to 144 of 350, columns 325 to 389 of 409]
3.78191E-4 3.79507E-4 4.01585E-4 4.95232E-4 4.56908E-4 3.97241E-4 3.94426E-4 4.13005E-4 4.53062E-4 4.5072E-4 4.26904E-4 4.17826E-4 2.31534E-4 1.45525E-4 1.35511E-4 2.27209E-4 3.7E-4 3.83104E-4 3.69658E-4 3.44878E-4 3.21892E-4 3.16553E-4 3.42751E-4 3.86447E-4 4.39741E-4 3.67727E-4 3.1993E-4 3.49162E-4 6.8254E-4 3.59622E-4 2.7428E-4 2.77151E-4 3.26806E-4 2.67359E-4 2.46674E-4 2.49675E-4 2.487E-4 2.5572E-4 2.8836E-4 3.42846E-4 3.94908E-4 4.85791E-4 4.15239E-4 3.48421E-4 3.83582E-4 7.03877E-4 3.55049E-4 3.73622E-4 3.91351E-4 6.11683E-4 4.88056E-4 5.45064E-4 5.68049E-4 5.97024E-4 6.40284E-4 7.4583E-4 7.75784E-4 1.48428E-3 9.9488E-4 8.46921E-4 8.01049E-4 -9999 -9999 -9999 -9999
3.11489E-4 3.79672E-4 3.63189E-4 3.82646E-4 4.03196E-4 3.8225E-4 3.83022E-4 3.78137E-4 4.20529E-4 3.23455E-4 2.05081E-4 1.93559E-4 1.56392E-4 1.12566E-4 1.16434E-4 1.39058E-4 1.96739E-4 2.18046E-4 2.28463E-4 2.40174E-4 2.55155E-4 2.56739E-4 2.73511E-4 2.8405E-4 3.28554E-4 3.05986E-4 2.47707E-4 2.54175E-4 2.56958E-4 2.49864E-4 2.38717E-4 3.01368E-4 4.61398E-4 2.85707E-4 3.51524E-4 3.47088E-4 2.96024E-4 2.93051E-4 3.9048E-4 4.25312E-4 4.75189E-4 5.76919E-4 7.76616E-4 3.80062E-4 3.5678E-4 3.52355E-4 3.40082E-4 5.19119E-4 5.82365E-4 5.03147E-4 5.62347E-4 6.35181E-4 6.11992E-4 6.14546E-4 6.15441E-4 7.0909E-4 8.27169E-4 8.99658E-4 8.59223E-4 -9999 -9999 -9999 -9999 -9999 -9999
2.14344E-4 1.70943E-4 1.66757E-4 1.97306E-4 1.99447E-4 3.09349E-4 2.82242E-4 3.58234E-4 3.73884E-4 2.0669E-4 2.05845E-4 3.03036E-4 1.57326E-4 1.0873E-4 9.77335E-5 9.95607E-5 1.27775E-4 1.56604E-4 2.03049E-4 2.19777E-4 1.96507E-4 1.78898E-4 2.0609E-4 2.2824E-4 3.14745E-4 3.17388E-4 1.99566E-4 2.21543E-4 3.47224E-4 2.46042E-4 2.11095E-4 2.17637E-4 2.31549E-4 2.42102E-4 3.71661E-4 4.31987E-4 4.21468E-4 4.52757E-4 6.17584E-4 6.20252E-4 7.77829E-4 7.30723E-4 4.60905E-4 3.35718E-4 3.93561E-4 6.86031E-4 3.48317E-4 3.90159E-4 4.98031E-4 5.36569E-4 6.44645E-4 8.5255E-4 7.28144E-4 6.66674E-4 6.99518E-4 6.75202E-4 7.1707E-4 7.53809E-4 -9999 -9999 -9999 -9999 -9999 -9999 -9999
3.4356E-4 1.70449E-4 1.3609E-4 2.02829E-4 2.69841E-4 3.32723E-4 2.96606E-4 3.29262E-4 1.82387E-4 1.30837E-4 1.10834E-4 2.02132E-4 1.5634E-4 1.08037E-4 9.66122E-5 9.05119E-5 1.08214E-4 1.3622E-4 2.00646E-4 2.27863E-4 1.67166E-4 1.47784E-4 1.68583E-4 3.96892E-4 1.98333E-4 2.01732E-4 2.30005E-4 2.81712E-4 3.19241E-4 2.24088E-4 1.91246E-4 1.77202E-4 2.01638E-4 3.60677E-4 4.17699E-4 4.80292E-4 5.68493E-4 5.88643E-4 6.96948E-4 6.73753E-4 7.52872E-4 8.26227E-4 5.07362E-4 3.99932E-4 3.68466E-4 3.56218E-4 3.35597E-4 4.0268E-4 5.07285E-4 5.88608E-4 8.40199E-4 1.02763E-3 9.14206E-4 7.48517E-4 8.53194E-4 7.65739E-4 6.85387E-4 6.49991E-4 -9999 -9999 -9999 -9999 -9999 -9999 -9999
1.56743E-4 1.74518E-4 2.68642E-4 1.33493E-4 2.23477E-4 2.23454E-4 2.58756E-4 2.5426E-4 2.55361E-4 1.13781E-4 1.12915E-4 1.32739E-4 2.22923E-4 1.09719E-4 1.04307E-4 9.54302E-5 1.15936E-4 1.33955E-4 1.38832E-4 1.53082E-4 1.70563E-4 1.34719E-4 1.60617E-4 1.97269E-4 1.9802E-4 2.07508E-4 2.58175E-4 2.69026E-4 2.06754E-4 1.97966E-4 1.83653E-4 1.84236E-4 2.75877E-4 3.82051E-4 4.73502E-4 4.70194E-4 4.80263E-4 5.18698E-4 5.92057E-4 6.56949E-4 8.4077E-4 8.51315E-4 8.12344E-4 4.76148E-4 5.46753E-4 4.12055E-4 4.0186E-4 4.37005E-4 5.62037E-4 9.28172E-4 1.02084E-3 1.89165E-3 9.59524E-4 8.62459E-4 1.01487E-3 8.58377E-4 7.57295E-4 6.33173E-4 5.8346E-4 -9999 -9999 -9999 -9999 -9999 -9999
1.34274E-4 1.46234E-4 1.01382E-4 1.73651E-4 1.32681E-4 2.03028E-4 2.31331E-4 3.04329E-4 1.18272E-4 8.82223E-5 1.05123E-4 1.02969E-4 8.56596E-5 7.35637E-5 1.02231E-4 5.97286E-5 1.1754E-4 1.26925E-4 2.52308E-4 1.75261E-4 3.47067E-4 4.59856E-4 5.38077E-4 4.11586E-4 1.76269E-4 1.70019E-4 1.79353E-4 1.70635E-4 2.63496E-4 4.24661E-4 1.94713E-4 3.19882E-4 4.03676E-4 4.83949E-4 4.06944E-4 3.49442E-4 3.51935E-4 5.14105E-4 6.02328E-4 7.16035E-4 8.42063E-4 1.0163E-3 7.86414E-4 7.02931E-4 6.28078E-4 4.92664E-4 4.65714E-4 5.71611E-4 8.70925E-4 8.28258E-4 9.45618E-4 1.0764E-3 9.25753E-4 9.36857E-4 1.26767E-3 1.2282E-3 8.05439E-4 6.47932E-4 5.69311E-4 -9999 -9999 -9999 -9999 -9999 -9999
1.0429E-4 1.07102E-4 7.39136E-5 8.43865E-5 8.88819E-5 7.27925E-5 1.20841E-4 1.62326E-4 1.09363E-4 6.92952E-5 3.61767E-5 6.63448E-5 1.93043E-5 6.74792E-5 7.41955E-5 6.8906E-5 3.01865E-5 1.68622E-4 3.22727E-4 2.88794E-4 7.44043E-4 6.4533E-4 4.80152E-4 3.55783E-4 2.30121E-4 2.93795E-4 1.85124E-4 4.80827E-4 5.05802E-4 2.98017E-4 1.84311E-4 3.15609E-4 4.32301E-4 4.45118E-4 3.20764E-4 2.87022E-4 3.51495E-4 4.9099E-4 6.96262E-4 7.64673E-4 8.66685E-4 1.03561E-3 5.25109E-4 5.80366E-4 4.7029E-4 4.55775E-4 5.83437E-4 1.06993E-3 1.64473E-3 1.13608E-3 1.08542E-3 8.96104E-4 8.29585E-4 7.4237E-4 7.62368E-4 8.03676E-4 7.14169E-4 6.30747E-4 -9999 -9999 -9999 -9999 -9999 -9999 -9999
1.17319E-4 7.78353E-5 6.01054E-5 6.20191E-5 1.15161E-4 1.25759E-4 3.03693E-4 3.30374E-4 1.24337E-4 9.92838E-5 6.78178E-5 6.1082E-5 1.08779E-4 8.3958E-5 7.5314E-5 6.64118E-5 1.04893E-4 1.46173E-4 4.5757E-4 6.48047E-4 7.69059E-4 6.51857E-4 5.58002E-4 4.58004E-4 5.07742E-4 4.39565E-4 4.70146E-4 6.39496E-4 5.85797E-4 4.85601E-4 1.96032E-4 2.50883E-4 3.77699E-4 3.59364E-4 3.24299E-4 2.98109E-4 3.37753E-4 4.06196E-4 5.30673E-4 7.11094E-4 6.89071E-4 5.93581E-4 5.5562E-4 4.92793E-4 4.34431E-4 4.53125E-4 8.19414E-4 1.06563E-3 2.39481E-3 1.24309E-3 9.82311E-4 1.08621E-3 8.91371E-4 7.25845E-4 6.79971E-4 6.72529E-4 6.79298E-4 5.69289E-4 4.91645E-4 -9999 -9999 -9999 -9999 -9999 -9999
9.0286E-5 6.63268E-5 6.48819E-5 9.47126E-5 2.8119E-4 4.67995E-4 4.61492E-4 4.15372E-4 3.51719E-4 1.84226E-4 1.63871E-4 2.54247E-4 1.11604E-4 9.2449E-5 1.10151E-4 3.34942E-4 4.62898E-4 4.2097E-4 6.83302E-4 8.55969E-4 8.88191E-4 9.48684E-4 1.2189E-3 9.93355E-4 8.77795E-4 7.19904E-4 6.40734E-4 6.52677E-4 6.29545E-4 4.49753E-4 4.62404E-4 3.03575E-4 4.2671E-4 4.35914E-4 3.19225E-4 3.3276E-4 3.70076E-4 4.35134E-4 5.19327E-4 5.06762E-4 4.75199E-4 5.23381E-4 4.24326E-4 5.0229E-4 4.36558E-4 4.82811E-4 8.88908E-4 1.07698E-3 9.604E-4 9.07012E-4 1.1029E-3 2.0538E-3 1.05649E-3 8.42361E-4 7.33547E-4 6.54417E-4 6.53781E-4 5.66288E-4 -9999 -9999 -9999 -9999 -9999 -9999 -9999
4.7622E-5 6.73683E-5 1.78358E-4 3.61351E-4 5.08123E-4 4.94657E-4 4.63391E-4 4.13419E-4 4.23543E-4 4.11524E-4 4.96549E-4 4.17978E-4 3.55044E-4 3.88099E-4 4.25532E-4 4.88078E-4 5.26451E-4 5.05446E-4 7.15519E-4 8.59642E-4 1.18494E-3 1.95539E-3 1.89856E-3 1.1954E-3 9.17462E-4 8.07325E-4 7.12915E-4 6.82588E-4 6.74673E-4 7.06706E-4 5.69065E-4 4.80186E-4 3.45316E-4 3.38621E-4 3.64662E-4 4.19561E-4 5.09422E-4 5.05883E-4 5.98545E-4 7.33272E-4 5.86709E-4 4.69598E-4 7.96621E-4 4.22052E-4 4.40787E-4 5.91467E-4 8.39911E-4 8.6744E-4 9.29408E-4 9.57715E-4 1.02096E-3 1.21031E-3 9.46809E-4 8.96433E-4 7.26782E-4 6.94107E-4 6.40063E-4 -9999 -9999 -9999 -9999 -9999 -9999 -9999 -9999
4.39791E-5 4.38296E-4 4.19485E-4 4.65317E-4 4.962E-4 5.47939E-4 5.04405E-4 4.15033E-4 5.14603E-4 5.31884E-4 5.57101E-4 6.23627E-4 6.73317E-4 6.88079E-4 7.51463E-4 7.65792E-4 7.08359E-4 7.4511E-4 8.04765E-4 8.77686E-4 1.16129E-3 1.1265E-3 1.01781E-3 9.84093E-4 8.89809E-4 7.91486E-4 7.20386E-4 6.61525E-4 6.80252E-4 6.7533E-4 6.50242E-4 4.71925E-4 4.04459E-4 3.42277E-4 3.7353E-4 5.22263E-4 6.72953E-4 6.02212E-4 6.39478E-4 7.35753E-4 6.10925E-4 4.25275E-4 4.30499E-4 4.82829E-4 6.67732E-4 9.24691E-4 1.147E-3 1.16662E-3 1.11729E-3 8.07759E-4 9.43628E-4 1.01483E-3 9.811E-4 8.64904E-4 7.65713E-4 7.19759E-4 6.20331E-4 4.60644E-4 -9999 -9999 -9999 -9999 -9999 -9999 -9999
1.612E-4 3.65377E-4 5.15335E-4 5.69796E-4 6.71448E-4 6.56803E-4 5.14832E-4 5.14049E-4 4.47523E-4 4.6771E-4 6.37976E-4 7.36681E-4 8.30723E-4 9.38041E-4 9.48383E-4 1.006E-3 9.39725E-4 9.97401E-4 9.9841E-4 9.41966E-4 9.30746E-4 9.65218E-4 9.54253E-4 8.97034E-4 8.48228E-4 7.70072E-4 7.14998E-4 6.65613E-4 6.5148E-4 6.8767E-4 6.56042E-4 5.36743E-4 4.00639E-4 4.34384E-4 5.96052E-4 7.44773E-4 8.5568E-4 7.28258E-4 6.77186E-4 7.68937E-4 5.37428E-4 4.19945E-4 5.0084E-4 5.38144E-4 6.70809E-4 9.24771E-4 1.24914E-3 1.36995E-3 1.10238E-3 8.15858E-4 1.07625E-3 1.79324E-3 1.03631E-3 9.57698E-4 8.77977E-4 7.46917E-4 6.78537E-4 -9999 -9999 -9999 -9999 -9999 -9999 -9999 -9999
1.93599E-4 4.80935E-4 6.7304E-4 9.48507E-4 9.45864E-4 8.36103E-4 6.85735E-4 6.48004E-4 6.00271E-4 5.45328E-4 6.9615E-4 8.39713E-4 1.01393E-3 1.04617E-3 1.13519E-3 1.10129E-3 1.02886E-3 9.94711E-4 1.15798E-3 1.16453E-3 8.08662E-4 1.03448E-3 1.09332E-3 9.01985E-4 8.92645E-4 7.80946E-4 7.11915E-4 6.7489E-4 6.24846E-4 6.69613E-4 6.86364E-4 5.80009E-4 4.65965E-4 4.65051E-4 5.32647E-4 6.50573E-4 7.52108E-4 7.85605E-4 6.30011E-4 7.43486E-4 5.8211E-4 5.40698E-4 6.7567E-4 7.09289E-4 8.61361E-4 9.92563E-4 1.10983E-3 1.01335E-3 8.4222E-4 7.87497E-4 9.75848E-4 1.46002E-3 1.07215E-3 1.01614E-3 8.7699E-4 7.86365E-4 -9999 -9999 -9999 -9999 -9999 -9999 -9999 -9999 -9999
2.17543E-4 4.24721E-4 7.2781E-4 2.31299E-3 1.14897E-3 1.10383E-3 7.7197E-4 6.45549E-4 5.8188E-4 5.71073E-4 7.42575E-4 8.76292E-4 1.08954E-3 1.13682E-3 1.60207E-3 1.96956E-3 1.10607E-3 1.0036E-3 1.18307E-3 1.55001E-3 8.74285E-4 1.23923E-3 1.18168E-3 7.97089E-4 7.60385E-4 6.80659E-4 6.18525E-4 5.97942E-4 6.1057E-4 6.38447E-4 6.38852E-4 6.42078E-4 5.45381E-4 5.02707E-4 5.03144E-4 5.446E-4 6.84732E-4 7.84058E-4 6.07722E-4 5.87146E-4 6.23162E-4 7.22583E-4 7.32114E-4 7.02851E-4 7.50142E-4 7.58636E-4 8.45132E-4 6.95577E-4 6.53346E-4 7.458E-4 8.51427E-4 9.72896E-4 9.75363E-4 9.43186E-4 8.5186E-4 -9999 -9999 -9999 -9999 -9999 -9999 -9999 -9999 -9999 -9999
3.42828E-4 5.10509E-4 6.94189E-4 9.02014E-4 1.16991E-3 9.66278E-4 9.02124E-4 7.50576E-4 6.10764E-4 5.68562E-4 6.92453E-4 9.06599E-4 9.51528E-4 1.312E-3 1.24981E-3 1.29461E-3 1.07907E-3 9.6575E-4 9.50414E-4 8.6681E-4 7.62856E-4 8.26712E-4 7.89831E-4 7.25935E-4 7.02222E-4 6.61005E-4 6.25898E-4 6.25399E-4 6.14444E-4 6.80926E-4 7.25103E-4 7.92143E-4 7.7084E-4 7.2252E-4 6.30876E-4 6.63287E-4 7.27646E-4 7.01478E-4 6.66553E-4 6.83602E-4 7.26229E-4 7.17659E-4 6.66436E-4 6.62701E-4 7.21824E-4 6.40281E-4 6.52927E-4 6.14022E-4 5.98279E-4 7.10094E-4 7.86535E-4 8.52593E-4 8.95276E-4 -9999 -9999 -9999 -9999 -9999 -9999 -9999 -9999 -9999 -9999 -9999 -9999
3.70598E-4 4.1499E-4 5.67336E-4 6.08473E-4 6.72644E-4 6.54197E-4 6.32249E-4 5.99209E-4 5.77592E-4 5.92014E-4 7.30565E-4 8.6324E-4 1.00485E-3 1.03337E-3 1.15427E-3 1.10025E-3 1.01139E-3 9.44831E-4 9.56365E-4 9.46454E-4 1.02913E-3 8.79547E-4 8.85974E-4 8.17258E-4 7.54533E-4 7.24885E-4 6.94113E-4 6.61717E-4 6.83856E-4 7.45349E-4 8.22801E-4 9.13636E-4 9.3592E-4 9.50538E-4 8.71721E-4 8.3679E-4 1.29944E-3 1.2424E-3 8.75296E-4 8.78743E-4 7.92509E-4 6.73147E-4 5.93215E-4 6.20951E-4 7.90476E-4 5.75747E-4 6.19867E-4 5.94748E-4 5.98582E-4 6.58319E-4 7.37134E-4 7.80681E-4 7.7984E-4 -9999 -9999 -9999 -9999 -9999 -9999 -9999 -9999 -9999 -9999 -9999 -9999
1.5996E-4 1.66246E-4 3.19827E-4 4.31527E-4 4.82438E-4 4.77364E-4 4.70805E-4 4.64681E-4 4.95182E-4 6.30876E-4 6.94237E-4 6.72203E-4 7.09419E-4 7.88967E-4 8.42689E-4 8.76615E-4 9.0046E-4 1.07247E-3 1.0808E-3 1.55639E-3 1.89413E-3 1.11907E-3 9.32329E-4 8.52319E-4 7.35055E-4 6.82743E-4 7.12979E-4 7.39645E-4 7.35861E-4 7.49398E-4 7.85333E-4 8.96539E-4 9.90655E-4 1.06173E-3 1.18744E-3 1.62957E-3 1.64739E-3 1.11072E-3 9.74193E-4 9.25138E-4 8.07377E-4 6.65874E-4 5.73348E-4 6.16055E-4 4.97754E-4 4.99616E-4 5.50101E-4 5.4824E-4 5.84329E-4 5.88978E-4 6.38913E-4 6.62223E-4 -9999 -9999 -9999 -9999 -9999 -9999 -9999 -9999 -9999 -9999 -9999 -9999 -9999
5.53544E-5 7.26221E-5 9.71739E-5 7.99313E-5 1.399E-4 2.01927E-4 4.07971E-4 3.76343E-4 3.68751E-4 4.81235E-4 5.32702E-4 5.02381E-4 4.68462E-4 4.88354E-4 4.3883E-4 4.74473E-4 4.8337E-4 6.23399E-4 6.77872E-4 7.25395E-4 8.64599E-4 7.41868E-4 6.58365E-4 5.68996E-4 5.51974E-4 6.22903E-4 7.23535E-4 7.54484E-4 7.57416E-4 8.06404E-4 7.68101E-4 8.42069E-4 9.50377E-4 1.07299E-3 2.82625E-3 3.08654E-3 1.55249E-3 1.05964E-3 9.19394E-4 8.28671E-4 7.06492E-4 6.54706E-4 6.22441E-4 5.98193E-4 6.0321E-4 5.63285E-4 6.12952E-4 5.87589E-4 5.29382E-4 4.68936E-4 5.16378E-4 5.50208E-4 -9999 -9999 -9999 -9999 -9999 -9999 -9999 -9999 -9999 -9999 -9999 -9999 -9999
5.53815E-5 6.36761E-5 4.60391E-5 3.84827E-5 2.84233E-5 2.39734E-5 2.25709E-5 2.11716E-5 2.34112E-5 2.20781E-5 1.90916E-5 1.53775E-5 1.37926E-5 1.31091E-5 1.2777E-5 1.46528E-5 1.78779E-5 2.19508E-5 2.83531E-5 4.38307E-5 3.06054E-5 2.13646E-5 1.91656E-5 1.78953E-5 2.05249E-5 1.31302E-4 5.3045E-4 6.15033E-4 6.96305E-4 8.01071E-4 7.84904E-4 7.43577E-4 8.0104E-4 9.31326E-4 1.22166E-3 1.17366E-3 1.0478E-3 8.71392E-4 7.94407E-4 7.44135E-4 6.75009E-4 6.37274E-4 7.09597E-4 6.46007E-4 6.70103E-4 6.91614E-4 7.07326E-4 6.60487E-4 5.70303E-4 4.95407E-4 4.60079E-4 4.80952E-4 5.45541E-4 5.96168E-4 -9999 -9999 -9999 -9999 -9999 -9999 -9999 -9999 -9999 -9999 -9999
5.78414E-5 7.32883E-5 4.61437E-5 3.67519E-5 2.90804E-5 2.48871E-5 1.99263E-5 2.21188E-5 2.40846E-5 2.32128E-5 1.97178E-5 1.67458E-5 1.38723E-5 1.35731E-5 1.29091E-5 1.34738E-5 1.49661E-5 1.77973E-5 2.26512E-5 3.63254E-5 2.71504E-5 2.53203E-5 3.9427E-5 2.59534E-5 1.91358E-5 2.17601E-5 2.586E-5 1.12557E-4 5.00933E-4 5.64488E-4 5.82144E-4 5.7596E-4 6.02769E-4 6.12462E-4 7.2613E-4 6.94474E-4 6.40225E-4 6.48923E-4 6.02096E-4 6.95724E-4 6.58703E-4 7.08485E-4 6.95087E-4 8.8818E-4 7.19942E-4 7.91443E-4 7.59152E-4 7.06471E-4 6.24697E-4 5.68822E-4 5.03371E-4 5.3806E-4 5.55529E-4 5.04072E-4 -9999 -9999 -9999 -9999 -9999 -9999 -9999 -9999 -9999 -9999 -9999
1.02745E-4 4.63992E-5 4.29687E-5 3.79863E-5 3.23917E-5 2.78952E-5 2.31376E-5 2.26017E-5 3.42116E-5 4.0722E-5 2.25523E-5 1.81793E-5 1.45214E-5 1.3475E-5 1.30765E-5 1.31411E-5 1.46488E-5 1.78978E-5 2.19222E-5 2.65744E-5 2.15384E-5 4.55117E-5 4.63544E-5 2.51668E-5 2.03662E-5 2.22564E-5 3.0564E-5 5.25873E-5 3.26122E-5 5.47998E-5 8.58557E-5 7.61165E-5 1.45417E-4 1.99804E-4 3.34537E-4 3.13288E-4 5.24017E-4 7.09476E-4 7.1177E-4 6.68638E-4 7.18084E-4 7.50293E-4 7.44796E-4 7.51895E-4 7.69374E-4 7.53402E-4 7.32604E-4 7.1789E-4 6.73619E-4 6.64016E-4 5.7994E-4 5.78851E-4 5.80286E-4 -9999 -9999 -9999 -9999 -9999 -9999 -9999 -9999 -9999 -9999 -9999 -9999
5.1996E-5 4.9024E-5 4.15385E-5 4.92099E-5 3.82335E-5 3.97345E-5 2.51667E-5 2.14689E-5 2.54085E-5 2.7327E-5 2.13955E-5 1.73753E-5 1.37666E-5 1.29843E-5 1.33131E-5 1.3067E-5 1.49135E-5 1.86997E-5 2.57094E-5 4.52531E-5 2.12015E-5 2.22041E-5 2.20071E-5 2.3473E-5 2.20284E-5 3.44159E-5 7.3236E-5 4.39147E-5 3.12496E-5 6.7371E-5 4.73505E-5 6.76864E-5 8.64298E-5 5.36492E-5 2.51634E-4 2.24909E-4 6.23997E-4 8.20479E-4 7.63994E-4 7.24185E-4 7.7167E-4 8.39307E-4 8.14914E-4 8.08972E-4 8.21339E-4 1.48381E-3 8.058E-4 7.97681E-4 7.71981E-4 7.24201E-4 6.88296E-4 6.33428E-4 5.53908E-4 -9999 -9999 -9999 -9999 -9999 -9999 -9999 -9999 -9999 -9999 -9999 -9999
4.67704E-5 4.52974E-5 4.258E-5 5.12496E-5 3.49825E-5 5.45886E-5 2.65729E-5 2.15659E-5 2.00479E-5 1.85636E-5 1.68966E-5 1.53324E-5 1.41494E-5 1.44698E-5 1.58146E-5 1.70695E-5 1.58402E-5 1.6836E-5 2.03703E-5 2.1413E-5 1.97762E-5 1.96335E-5 2.10457E-5 2.14232E-5 2.00202E-5 4.40612E-5 1.23607E-4 3.51083E-5 4.08659E-5 9.14475E-5 4.39048E-5 5.09384E-5 4.22073E-5 4.78994E-5 3.64726E-4 5.95857E-4 7.13171E-4 8.19669E-4 7.63181E-4 7.67152E-4 8.39644E-4 9.35224E-4 9.04837E-4 6.85808E-4 6.25977E-4 7.11367E-4 1.12716E-3 8.59477E-4 8.23492E-4 7.67282E-4 6.95564E-4 5.82412E-4 -9999 -9999 -9999 -9999 -9999 -9999 -9999 -9999 -9999 -9999 -9999 -9999 -9999
3.89494E-5 4.05423E-5 3.98987E-5 2.81826E-5 2.66732E-5 2.73194E-5 2.5345E-5 1.97824E-5 1.83842E-5 1.79876E-5 1.74137E-5 1.48164E-5 1.52201E-5 1.70627E-5 1.92914E-5 2.09726E-5 1.70331E-5 1.70628E-5 1.67702E-5 1.74514E-5 1.88099E-5 2.0377E-5 4.70723E-5 2.83173E-5 2.13901E-5 1.22187E-4 7.59031E-5 7.12885E-5 4.13043E-5 8.97233E-5 6.34758E-5 1.09579E-4 9.05439E-5 5.85411E-5 5.4975E-4 6.50575E-4 7.11371E-4 7.43342E-4 7.59934E-4 8.12106E-4 8.50638E-4 9.59154E-4 1.21389E-3 1.10021E-3 1.30814E-3 1.29088E-3 9.73852E-4 8.6061E-4 8.3055E-4 7.7164E-4 6.747E-4 5.65943E-4 -9999 -9999 -9999 -9999 -9999 -9999 -9999 -9999 -9999 -9999 -9999 -9999 -9999
3.46855E-5 3.71422E-5 3.9857E-5 2.94976E-5 2.34957E-5 2.18046E-5 2.19422E-5 2.19331E-5 1.91352E-5 1.97085E-5 1.85298E-5 1.6223E-5 1.48396E-5 1.77878E-5 1.98094E-5 2.66994E-5 2.98807E-5 1.84887E-5 1.64294E-5 1.88095E-5 2.70202E-5 2.79957E-5 4.48218E-5 3.06554E-5 3.22523E-5 1.10713E-4 7.58451E-5 1.0377E-4 5.76598E-5 1.43534E-4 2.77196E-4 2.52046E-4 2.73091E-4 2.93695E-4 5.63882E-4 6.81421E-4 6.87462E-4 7.20299E-4 7.27641E-4 7.70348E-4 8.75627E-4 9.25515E-4 9.45862E-4 7.98375E-4 8.44958E-4 9.03977E-4 1.04661E-3 8.93424E-4 8.58624E-4 7.71126E-4 6.64812E-4 -9999 -9999 -9999 -9999 -9999 -9999 -9999 -9999 -9999 -9999 -9999 -9999 -9999 -9999
3.19206E-5 4.59214E-5 3.90299E-5 3.54235E-5 2.21121E-5 1.9799E-5 2.65613E-5 4.49799E-5 2.16264E-5 4.6287E-5 2.64409E-5 1.87319E-5 1.74586E-5 1.84137E-5 2.19967E-5 2.49272E-5 2.22542E-5 1.91598E-5 2.68459E-5 2.73199E-5 4.50571E-5 4.35502E-5 3.4228E-5 7.285E-5 1.68204E-4 7.89539E-5 1.28988E-4 1.84413E-4 1.32706E-4 3.29528E-4 3.7204E-4 6.17632E-4 5.56653E-4 5.87849E-4 6.26633E-4 7.23113E-4 6.83983E-4 6.59863E-4 7.42096E-4 8.82726E-4 9.42194E-4 8.92089E-4 9.23219E-4 9.64573E-4 7.14773E-4 1.12547E-3 9.04615E-4 8.44381E-4 7.97525E-4 6.86962E-4 -9999 -9999 -9999 -9999 -9999 -9999 -9999 -9999 -9999 -9999 -9999 -9999 -9999 -9999 -9999
3.22848E-5 2.9258E-5 5.37963E-5 4.49494E-5 2.54051E-5 2.0411E-5 2.16085E-5 2.80319E-5 2.21481E-5 2.62369E-5 1.95418E-5 1.92539E-5 2.23299E-5 2.07334E-5 2.17186E-5 2.20867E-5 4.063E-5 2.98735E-5 3.70312E-5 3.56558E-5 3.68597E-5 6.39172E-5 6.94871E-5 4.96186E-4 4.38783E-4 3.34999E-4 2.67496E-4 3.2507E-4 5.71123E-4 4.45764E-4 6.68481E-4 8.68505E-4 7.55223E-4 8.16305E-4 7.82953E-4 7.21988E-4 6.88495E-4 7.18153E-4 8.1953E-4 9.71419E-4 1.01353E-3 1.29316E-3 1.1896E-3 8.78389E-4 7.95505E-4 9.31134E-4 8.50075E-4 7.76736E-4 6.96535E-4 5.45137E-4 -9999 -9999 -9999 -9999 -9999 -9999 -9999 -9999 -9999 -9999 -9999 -9999 -9999 -9999 -9999
4.23778E-5 2.89617E-5 5.67951E-5 5.00052E-5 3.13777E-5 2.70691E-5 2.29526E-5 2.31621E-5 2.3065E-5 2.28258E-5 2.14084E-5 3.13174E-5 2.84445E-5 2.36229E-5 2.04875E-5 2.03525E-5 2.51051E-5 2.29563E-5 4.30359E-5 6.07842E-5 8.31453E-5 1.68909E-4 2.84622E-4 5.80947E-4 3.58287E-4 4.52215E-4 4.39189E-4 5.88624E-4 6.32044E-4 6.64348E-4 1.17806E-3 1.24286E-3 9.28382E-4 8.87738E-4 8.50105E-4 8.40138E-4 8.48038E-4 8.21421E-4 9.34974E-4 1.03447E-3 1.06524E-3 1.27039E-3 1.18721E-3 9.57974E-4 8.37056E-4 8.38021E-4 7.82099E-4 7.52529E-4 6.08761E-4 -9999 -9999 -9999 -9999 -9999 -9999 -9999 -9999 -9999 -9999 -9999 -9999 -9999 -9999 -9999 -9999
3.26484E-5 2.59957E-5 3.1174E-5 3.34992E-5 2.48118E-5 2.44566E-5 2.60505E-5 2.32152E-5 2.31962E-5 2.46042E-5 2.5731E-5 5.26769E-5 2.97267E-5 2.32327E-5 1.77859E-5 1.80779E-5 5.89359E-5 4.26547E-5 5.50584E-5 1.35198E-4 2.5677E-4 7.62145E-4 5.4888E-4 4.69121E-4 4.18193E-4 6.25357E-4 6.5471E-4 6.84401E-4 6.97922E-4 8.18143E-4 1.69857E-3 1.6983E-3 8.94282E-4 9.17319E-4 9.34436E-4 9.46356E-4 9.62092E-4 9.12893E-4 9.5236E-4 1.0322E-3 1.0467E-3 1.06756E-3 1.06003E-3 9.58721E-4 8.52251E-4 7.51445E-4 7.14232E-4 7.08686E-4 6.20046E-4 -9999 -9999 -9999 -9999 -9999 -9999 -9999 -9999 -9999 -9999 -9999 -9999 -9999 -9999 -9999 -9999
