catData/rasterBestHybridModels/Pbengalensis/RD_BM01_RM1_LQH/Pbengalensis_max.asc
ncols         409
nrows         350
xllcorner     60.897278365
yllcorner     5.843756025
cellsize      0.0892857
NODATA_value  -9999
[rows 145 to 173 of 350, columns 130 to 194 of 409]
1.2258E-5 9.17305E-6 5.85554E-6 8.22135E-6 6.59964E-6 9.18108E-6 9.05343E-6 9.64298E-6 2.4104E-5 6.97399E-6 1.22561E-5 9.09152E-6 1.9953E-6 2.75354E-7 1.88869E-6 6.28497E-8 3.05824E-7 4.26582E-6 1.02107E-5 3.93772E-7 3.46867E-7 6.13006E-7 1.04209E-6 3.72646E-6 5.95199E-6 1.03299E-5 6.47199E-6 1.14728E-5 1.76084E-5 8.83341E-6 1.0999E-5 4.15903E-6 9.7912E-6 6.44499E-6 7.44537E-6 2.09609E-6 8.05655E-7 7.36544E-6 4.46295E-6 3.73461E-6 2.8234E-6 5.63029E-6 3.16183E-6 2.42101E-6 1.36526E-6 8.94042E-7 7.42126E-7 1.5087E-6 1.4244E-7 1.88913E-6 1.03139E-6 8.76149E-7 8.70035E-7 2.28259E-6 2.66546E-6 1.34581E-7 2.03949E-7 5.01557E-7 2.57152E-6 4.17326E-6 8.53493E-8 8.47771E-8 1.81706E-8 3.40123E-8 1.12279E-8
6.53382E-6 9.58475E-6 2.73011E-6 7.94647E-6 4.51938E-6 1.47367E-5 9.60068E-6 1.03998E-5 1.46415E-5 1.05342E-5 1.05433E-5 2.77421E-6 1.04751E-6 3.59708E-6 2.68119E-7 4.8259E-7 1.9762E-7 1.83275E-6 6.53961E-6 3.07833E-6 2.01347E-6 9.74283E-7 4.09816E-6 8.71446E-7 1.00546E-5 1.82654E-5 1.14471E-5 2.06281E-6 5.21502E-6 8.13807E-6 1.08211E-5 1.34046E-5 1.65917E-5 6.64866E-6 8.85766E-6 6.91026E-6 2.54996E-6 8.16995E-7 2.58386E-6 1.38845E-6 5.60784E-6 2.18464E-6 3.02127E-6 3.99857E-6 2.58886E-6 1.86401E-6 6.45588E-7 5.00505E-6 3.02503E-6 1.32287E-6 7.03129E-7 5.33359E-7 3.19932E-7 2.07629E-6 9.15634E-6 5.23399E-6 9.34932E-7 9.57572E-7 3.10796E-6 7.7746E-7 1.41564E-8 5.81242E-9 1.41235E-8 1.28543E-8 2.80507E-7
1.31026E-5 1.81508E-5 1.18637E-5 9.44467E-6 8.60806E-6 3.67643E-6 1.10787E-6 9.41395E-6 7.97492E-6 4.77732E-6 3.254E-6 3.68691E-7 2.32038E-6 8.22552E-7 1.6127E-6 1.70894E-7 5.35632E-7 1.26857E-6 5.17557E-6 5.94947E-6 1.63845E-6 1.35902E-6 3.43631E-6 4.14113E-6 1.11778E-6 3.54417E-6 9.81184E-6 3.0912E-6 1.10882E-5 1.23699E-5 1.03497E-5 1.31716E-5 5.41257E-6 7.24278E-6 5.25053E-6 1.17337E-6 2.2163E-7 1.72162E-6 6.56139E-6 2.03111E-6 4.95794E-6 3.59999E-6 2.83501E-6 5.86395E-6 6.76197E-6 9.1618E-6 3.47127E-6 1.25809E-7 7.95923E-7 4.85371E-7 4.0685E-6 6.38794E-7 2.54302E-7 4.43793E-7 3.70879E-6 1.48353E-6 3.061E-6 4.25644E-6 2.42243E-6 2.28337E-7 4.37075E-8 6.22295E-8 2.86365E-8 5.24035E-7 6.09951E-7
1.2035E-5 1.46483E-5 1.1016E-5 5.60299E-6 3.65002E-7 1.73147E-6 1.76207E-6 3.84843E-6 2.04714E-6 1.37251E-6 5.76977E-6 1.81607E-6 2.60575E-6 5.96649E-6 1.26252E-6 9.3626E-7 1.14998E-6 9.8227E-7 5.7589E-6 7.56155E-6 4.93616E-6 2.49241E-6 6.96825E-6 2.28688E-6 1.56548E-6 1.18397E-6 4.32504E-6 6.29474E-6 1.6161E-5 1.39878E-5 6.87876E-6 1.5421E-6 4.87455E-6 6.87457E-6 6.50311E-6 1.75412E-6 1.37823E-6 2.88928E-6 3.358E-6 2.86143E-6 1.4429E-6 2.38136E-6 6.03606E-6 5.21031E-6 2.116E-6 1.34578E-6 9.03885E-6 3.63889E-6 7.20361E-6 1.87705E-6 8.04854E-7 2.93471E-7 4.75466E-7 6.85069E-7 2.79993E-6 7.9776E-7 1.7104E-6 2.55452E-6 9.43877E-7 1.12067E-7 1.41745E-6 4.21485E-7 2.89961E-7 6.6411E-7 1.38904E-7
1.56411E-5 1.88635E-5 1.23417E-5 8.89619E-6 2.277E-6 1.73713E-6 8.02223E-6 1.54239E-6 2.42059E-6 1.83489E-6 4.31262E-6 2.2548E-7 9.00681E-7 4.0349E-6 1.7983E-6 2.16385E-6 2.70854E-6 2.39725E-6 6.26961E-6 3.80762E-6 2.31963E-6 1.16389E-6 4.68327E-6 5.39085E-6 3.24755E-6 3.44361E-6 5.34918E-6 1.76828E-6 1.93983E-5 1.63514E-5 6.07369E-6 5.15737E-6 2.72475E-5 1.296E-5 9.72668E-6 4.26737E-6 5.55849E-7 5.44671E-7 4.57285E-6 3.38646E-6 5.59682E-6 1.68566E-6 1.56006E-6 4.27387E-6 2.82676E-6 6.21169E-6 4.63834E-6 1.57651E-6 3.19707E-6 4.49618E-6 1.4637E-6 2.10772E-6 6.0665E-7 2.16987E-6 1.35246E-6 5.31093E-6 4.17309E-6 1.29513E-6 1.33394E-7 8.58918E-9 1.28223E-8 2.89355E-8 3.1702E-8 4.58919E-7 5.81762E-7
1.85893E-5 1.16126E-5 1.09606E-5 1.15199E-5 5.22878E-6 8.80528E-6 8.50304E-6 1.80186E-6 6.29402E-6 7.4065E-6 1.05579E-5 3.99089E-6 1.84608E-6 6.64258E-7 2.09004E-6 2.14569E-6 5.96947E-6 7.87716E-6 8.01089E-6 4.08424E-6 4.20514E-6 3.10899E-7 7.46253E-6 3.66372E-6 5.73974E-7 2.54245E-6 5.9101E-6 1.59457E-6 1.86579E-5 3.85651E-5 5.21324E-6 1.30782E-5 2.19774E-5 1.43572E-5 9.88484E-6 7.59713E-6 2.37649E-7 7.90256E-7 4.25826E-6 9.46515E-6 6.06292E-6 2.87007E-6 3.27909E-6 4.58746E-6 2.66159E-6 1.17536E-6 1.06924E-6 8.68073E-7 9.74663E-7 6.44319E-7 5.20232E-7 3.47693E-7 2.16645E-7 6.13056E-7 3.90225E-7 4.01684E-6 3.03115E-6 9.58579E-9 2.17231E-8 1.02383E-8 9.68727E-9 5.77676E-9 5.4879E-8 2.88102E-6 3.86034E-6
1.22288E-5 1.18343E-5 2.51411E-5 1.09399E-5 1.01865E-5 1.76247E-5 1.02924E-5 8.60436E-6 7.12947E-6 2.75689E-6 1.17202E-5 9.02294E-6 9.77903E-6 5.7032E-6 2.61227E-6 3.706E-6 1.04862E-5 1.4306E-5 1.47183E-5 3.91918E-6 7.42585E-6 1.87086E-5 8.68985E-6 2.5443E-6 9.61028E-7 2.03696E-6 1.44572E-5 1.12246E-5 6.27295E-6 1.83554E-5 9.60743E-6 1.21529E-5 1.30974E-5 2.50003E-5 7.97192E-6 2.2864E-6 1.19169E-6 8.28746E-7 1.44749E-6 2.74362E-6 2.3827E-6 3.23156E-6 1.08746E-6 8.50018E-6 9.49423E-6 3.70817E-6 2.67447E-6 5.99919E-7 2.60314E-7 2.00538E-8 1.79166E-7 1.14592E-6 8.16213E-7 1.04594E-6 9.57079E-7 2.68144E-6 1.32322E-6 4.9886E-7 2.32026E-6 2.73177E-7 6.38998E-9 8.68633E-9 1.65807E-7 3.17025E-6 1.04508E-6
1.29018E-5 1.67516E-5 1.3264E-5 7.4122E-6 9.58778E-6 1.04625E-5 9.87528E-6 7.42774E-6 1.7153E-5 8.7539E-6 9.79185E-6 1.7897E-5 1.03007E-5 2.73729E-6 1.92866E-6 1.08463E-6 9.66167E-7 4.12126E-6 9.18187E-6 3.73931E-6 8.60486E-6 5.15094E-6 4.51994E-6 2.13866E-6 4.62069E-7 7.07049E-7 1.34633E-5 1.8286E-5 9.97878E-6 7.45145E-6 1.89803E-5 2.08673E-5 3.24034E-5 8.41621E-6 7.42494E-6 1.49179E-6 1.20491E-5 8.06706E-6 1.52482E-6 7.85295E-7 7.95608E-6 1.89454E-6 8.26079E-6 4.91684E-6 7.16459E-6 9.06466E-6 5.54718E-7 1.76335E-7 1.30827E-6 4.84918E-7 4.2235E-7 7.02446E-7 5.6246E-7 1.1147E-6 3.75377E-7 3.97696E-6 1.47844E-6 4.02598E-7 2.88373E-6 7.15224E-7 1.10165E-8 8.89188E-9 1.89578E-6 2.0059E-6 6.50517E-7
1.32613E-5 1.93594E-5 1.35411E-5 8.83417E-6 1.03716E-5 7.45973E-6 7.26476E-6 7.1944E-6 5.21506E-6 7.57653E-6 2.77812E-6 1.29452E-5 5.1123E-6 7.03498E-6 6.67811E-6 1.58724E-6 4.56616E-6 3.15045E-6 7.5957E-6 3.24952E-6 6.67469E-6 3.08754E-6 8.86641E-7 1.34114E-6 9.97645E-7 1.90605E-6 5.24639E-6 6.01747E-6 2.65402E-5 8.94367E-6 3.02751E-5 2.27122E-5 1.4795E-5 9.99662E-6 6.32608E-6 5.4866E-7 3.54934E-6 1.41646E-5 1.36116E-5 1.31439E-5 1.09441E-5 4.38057E-6 7.43122E-6 1.56444E-6 2.93464E-6 1.00404E-5 2.45649E-7 3.45948E-7 3.15918E-6 3.68349E-6 8.06576E-7 2.92555E-6 1.53684E-6 1.26464E-6 2.88196E-6 2.86938E-6 8.55827E-7 1.29896E-6 1.87712E-6 3.70585E-7 1.28867E-6 1.52604E-8 1.45653E-6 4.10186E-7 1.61892E-7
1.51201E-5 1.20941E-5 1.81394E-5 2.09521E-5 1.07331E-5 8.61096E-6 4.61564E-6 3.42195E-6 3.49819E-6 9.23533E-6 4.7368E-7 2.07133E-6 1.10823E-6 4.53235E-7 3.33582E-7 3.17128E-6 8.21484E-6 7.75207E-6 3.81808E-6 1.7126E-6 7.10996E-6 5.89048E-6 2.36745E-6 2.85306E-6 1.07162E-6 2.77387E-6 7.14909E-6 3.37274E-6 3.6794E-5 1.25086E-5 1.29084E-5 1.23661E-5 1.31197E-5 1.3583E-5 2.96332E-6 7.57633E-7 1.11288E-6 1.47988E-5 1.4858E-5 2.01289E-5 2.09709E-5 3.27552E-6 6.38024E-6 1.83929E-6 5.43554E-7 1.82642E-6 3.97675E-7 6.53993E-7 2.08398E-6 5.36802E-6 6.09315E-6 5.97641E-6 2.6547E-6 2.0885E-6 6.21718E-5 2.33353E-5 5.10629E-6 2.29446E-6 1.1685E-6 4.62794E-6 2.97886E-6 2.9343E-7 6.39706E-7 2.71046E-6 5.71775E-6
1.25301E-5 1.75621E-5 1.77566E-5 2.08956E-5 1.04011E-5 1.12484E-5 8.15058E-6 5.18402E-6 2.33632E-6 4.86308E-6 9.16207E-7 8.89678E-7 2.08556E-7 1.19239E-7 1.84408E-6 1.08371E-6 6.85147E-6 2.02435E-6 2.86424E-6 8.63544E-6 4.7246E-6 1.25556E-5 1.11284E-6 1.10218E-7 6.00956E-7 1.5953E-6 1.57857E-6 4.04787E-7 5.18151E-6 1.84654E-5 1.16236E-5 1.92874E-5 2.14489E-5 1.75763E-5 1.53845E-5 6.74931E-6 5.24072E-5 1.38635E-5 1.95906E-5 1.76877E-5 9.09499E-6 9.09087E-6 6.14533E-6 8.81861E-7 5.13094E-7 5.99669E-7 3.7419E-7 6.28517E-7 2.28554E-7 1.10213E-6 8.35983E-6 4.71306E-6 5.41858E-6 6.12126E-6 2.3361E-5 2.01888E-5 4.22319E-6 1.66056E-6 2.10657E-6 3.99429E-6 6.08647E-6 2.92432E-6 1.10366E-5 8.15555E-6 1.97466E-6
1.0401E-5 2.73341E-5 1.03688E-5 1.43553E-5 1.28285E-5 1.36835E-5 1.36699E-5 9.71498E-6 8.22764E-6 9.75161E-6 4.27256E-6 6.11671E-7 4.02359E-6 2.67184E-6 6.64002E-8 4.11851E-8 9.2938E-6 5.54571E-6 7.19635E-6 7.13071E-6 2.339E-6 1.82734E-6 3.78806E-6 4.30016E-6 2.92352E-6 1.78739E-7 3.27625E-6 1.99144E-6 5.40094E-6 1.04906E-5 1.81876E-5 1.71765E-5 2.23937E-5 1.39728E-5 2.24741E-5 2.0358E-5 2.12175E-5 2.06642E-5 2.24298E-5 1.75085E-5 3.89529E-6 8.80394E-6 9.0145E-6 7.26875E-6 9.11003E-7 2.52503E-8 4.44171E-7 5.45946E-7 2.68207E-7 1.89623E-6 5.53858E-6 1.6383E-6 9.38123E-6 1.46634E-6 1.27883E-6 9.17483E-6 1.25583E-5 5.20225E-6 4.31444E-6 9.94405E-6 6.30824E-6 4.0687E-6 8.69523E-6 4.6903E-6 4.25184E-7
3.22183E-5 2.89822E-5 8.68596E-6 7.88446E-6 1.01285E-5 1.31918E-5 2.75046E-5 1.12712E-5 6.52984E-6 7.82473E-6 1.12416E-5 1.07917E-5 2.93727E-6 9.09764E-6 3.34238E-6 2.05116E-7 1.74083E-6 1.4227E-6 3.59721E-6 2.75661E-6 2.22039E-6 7.88404E-6 6.57313E-6 3.61891E-6 1.17365E-5 8.69245E-6 4.66332E-6 2.36475E-6 2.50937E-6 1.65323E-5 4.69892E-5 2.1648E-5 1.28226E-5 2.89873E-5 3.23995E-5 2.15076E-5 3.22023E-5 3.94739E-5 2.14482E-5 2.71861E-5 6.71282E-6 4.10346E-6 7.38702E-6 3.78105E-6 7.49683E-7 1.79606E-7 1.58427E-6 2.22311E-6 5.35826E-6 3.86342E-6 1.1181E-5 2.16991E-6 1.11856E-6 3.28426E-6 3.40418E-6 3.25753E-6 2.49048E-6 4.75184E-6 3.1331E-6 6.92176E-6 6.19342E-6 1.13422E-5 5.03891E-6 2.23265E-6 1.23812E-6
6.02843E-6 1.8225E-5 6.61868E-6 6.9382E-6 7.29263E-6 8.64645E-6 1.17704E-5 1.15662E-5 1.04286E-5 7.87008E-6 1.07596E-5 9.97348E-6 6.28261E-7 1.73979E-6 1.81307E-5 1.45054E-6 9.44588E-7 2.33615E-6 3.5971E-6 8.45222E-7 4.26967E-6 5.46999E-6 1.731E-5 6.62984E-6 3.30658E-6 4.1287E-6 2.56692E-6 2.40416E-7 1.56865E-6 2.83353E-5 3.15011E-5 1.64049E-5 2.49015E-5 2.58029E-5 2.62861E-5 2.24863E-5 2.80309E-5 6.03648E-5 2.77668E-5 1.12834E-4 1.60823E-5 6.09958E-6 6.42478E-7 2.16746E-6 3.6907E-7 2.44172E-6 3.48593E-7 5.4186E-6 5.85161E-6 1.54884E-5 9.16045E-6 7.90107E-7 8.75626E-6 2.11929E-5 1.32463E-5 1.1438E-5 2.86827E-6 7.4706E-6 7.86872E-6 7.20159E-6 7.53724E-7 3.27355E-6 1.86924E-6 3.3253E-6 4.09195E-6
3.48448E-6 3.02297E-6 8.47878E-6 9.07877E-6 1.08936E-5 1.01153E-5 8.55244E-6 1.37776E-5 1.22029E-5 8.50643E-6 1.12637E-5 4.63778E-6 9.14307E-6 5.73693E-6 1.67417E-5 3.07535E-6 7.16233E-6 1.1017E-5 7.6573E-6 7.43886E-6 7.57001E-6 2.49441E-6 1.99368E-5 5.34486E-6 7.6353E-6 1.61074E-5 1.44877E-6 5.80843E-7 7.81118E-6 1.5659E-5 2.28103E-5 2.30334E-5 2.52142E-5 3.68742E-5 3.28644E-5 2.54829E-5 2.94287E-5 1.59059E-5 2.06493E-5 1.34761E-5 1.43358E-5 3.73318E-6 3.65391E-7 2.81602E-7 3.46921E-6 2.03172E-5 2.61379E-6 7.20905E-6 8.47806E-6 7.86774E-6 5.79771E-6 7.94907E-6 2.04503E-6 4.97835E-6 5.06188E-6 6.79293E-6 1.20669E-5 1.31337E-5 9.6152E-6 1.90043E-6 2.44306E-6 4.04784E-6 7.96545E-6 1.93378E-5 3.53882E-6
2.38866E-6 4.96744E-6 5.89727E-6 6.14588E-6 8.11377E-6 1.09378E-5 1.28421E-5 2.14883E-5 1.31692E-5 3.87354E-6 1.0541E-5 1.15682E-5 2.3949E-5 2.53721E-6 1.1793E-5 1.23971E-5 6.09963E-6 1.94222E-6 1.54616E-5 1.41222E-6 4.86909E-6 1.92186E-5 1.45876E-5 1.96315E-5 1.52216E-5 2.47683E-5 1.43649E-5 1.45927E-5 6.54004E-7 2.65869E-5 2.29535E-5 2.287E-5 2.28256E-5 2.68077E-5 2.8019E-5 2.62666E-5 6.05933E-5 1.48197E-4 2.5221E-5 8.40929E-6 2.57119E-6 1.58504E-5 6.22954E-6 1.81106E-6 1.70502E-6 7.12636E-6 8.06726E-6 5.63529E-6 4.09782E-6 2.3635E-6 1.2755E-6 2.24234E-7 3.00849E-7 3.38042E-6 8.02098E-6 5.90772E-6 4.15918E-6 3.26329E-6 1.09595E-5 2.40689E-6 1.11294E-5 4.14664E-5 4.5943E-6 1.15686E-5 1.26654E-5
2.00858E-6 2.82397E-6 7.64913E-6 2.094E-5 1.38193E-5 2.03162E-5 2.22693E-5 1.66738E-5 8.01827E-6 8.76782E-6 6.94114E-6 6.80751E-6 7.28321E-6 3.33356E-6 1.44576E-5 1.21084E-5 1.9048E-6 1.44225E-6 2.69036E-6 1.57042E-5 6.67586E-7 1.22919E-5 1.82695E-5 3.65697E-6 5.53668E-6 1.86216E-5 1.8558E-5 3.78178E-5 8.3486E-6 3.03263E-5 2.93635E-5 2.81026E-5 3.43462E-5 3.44218E-5 8.44852E-5 2.12687E-5 3.16958E-5 9.56316E-5 3.65748E-5 6.05508E-5 4.25745E-5 1.40882E-5 4.48269E-6 9.44311E-6 8.249E-6 4.53769E-6 1.84009E-6 1.23627E-6 1.40917E-6 1.76312E-6 7.69053E-8 8.82036E-8 6.81218E-7 1.30408E-5 2.88424E-6 5.72316E-6 1.49884E-6 5.62704E-6 8.18411E-6 6.4139E-6 1.08688E-5 8.03352E-6 5.802E-6 8.05907E-6 6.67618E-6
1.36853E-6 2.40069E-6 7.86322E-6 6.35302E-6 1.42277E-5 1.74696E-5 1.12577E-5 7.749E-6 5.37722E-6 1.2999E-5 1.79964E-5 4.73698E-6 7.7622E-6 3.37958E-6 6.97557E-6 7.94118E-6 3.3987E-6 7.90695E-6 2.08254E-5 1.85121E-5 2.08089E-5 1.25901E-5 1.22311E-5 8.75519E-6 2.09135E-5 1.83174E-5 2.2791E-5 2.90601E-5 6.30259E-6 1.57086E-5 1.40566E-5 5.09864E-5 2.37604E-5 3.16866E-5 1.27061E-5 5.11786E-5 2.8516E-5 1.40117E-5 2.36578E-5 1.57811E-5 6.16378E-5 1.09351E-5 9.41797E-6 1.3164E-5 3.62186E-6 1.85882E-6 6.68872E-7 1.52541E-6 3.33732E-6 4.11674E-7 1.70016E-7 6.21525E-8 2.86725E-6 3.27389E-6 5.08875E-6 4.53013E-6 2.44911E-6 4.17158E-6 7.60217E-6 4.20416E-6 4.00995E-5 2.04165E-5 1.40827E-5 1.94583E-5 4.05557E-5
1.49621E-6 2.03596E-6 6.4056E-6 1.34759E-5 1.75175E-5 1.38373E-5 8.15142E-6 6.75309E-6 7.23658E-6 1.16033E-5 2.8848E-5 1.1648E-5 9.13122E-6 1.79729E-5 1.61637E-5 2.52358E-5 9.61302E-6 1.28269E-5 1.2226E-5 1.71454E-5 1.18749E-5 2.75785E-5 2.10551E-5 2.14583E-5 1.07688E-5 5.65245E-6 1.38573E-5 1.04729E-6 4.09559E-6 1.67572E-6 1.17548E-6 8.10848E-6 1.27525E-5 1.83835E-5 2.66615E-5 1.87921E-5 2.2933E-5 1.54458E-5 9.57316E-6 1.19843E-5 8.31661E-6 3.71718E-6 5.8191E-6 6.50686E-6 9.20736E-6 9.05525E-6 8.97659E-6 5.61175E-6 2.62913E-5 2.88979E-6 8.2844E-7 5.14591E-6 7.03265E-6 2.95263E-6 9.34212E-6 9.32926E-6 1.15229E-6 1.28361E-6 7.53664E-6 5.76805E-6 2.03116E-5 1.17173E-5 1.93715E-5 5.41392E-5 9.1125E-5
1.27589E-6 1.63027E-6 3.37029E-6 6.01701E-6 2.03098E-5 1.06624E-5 6.04095E-6 4.38949E-6 8.44628E-6 7.99828E-6 1.28168E-5 1.2832E-5 1.45118E-5 1.66231E-5 2.22693E-5 1.38123E-5 4.92142E-6 1.31447E-5 1.44378E-5 8.68877E-6 1.87486E-6 2.08055E-5 3.35771E-5 4.43255E-5 6.4529E-6 2.08276E-5 7.8432E-6 8.48709E-6 1.48557E-5 1.21893E-5 4.58243E-6 9.70873E-7 8.92231E-6 9.46193E-6 1.20515E-5 2.09148E-5 1.22643E-5 6.53931E-5 6.95791E-6 3.54992E-6 8.2069E-6 8.17955E-6 5.80118E-6 9.3759E-6 2.13438E-5 1.02784E-5 1.14676E-5 1.84876E-5 3.6281E-6 3.84978E-6 3.78937E-6 1.01977E-5 8.56153E-6 3.47788E-6 2.78519E-6 6.33908E-6 5.19783E-6 5.84207E-6 2.76853E-6 3.65629E-6 4.33567E-6 8.10099E-6 1.31704E-5 1.85184E-5 5.39457E-5
1.81282E-6 4.31249E-6 3.89987E-6 4.23167E-6 3.48025E-6 6.02819E-6 7.73668E-6 2.4584E-5 8.61058E-6 1.19147E-5 1.79379E-5 1.39824E-5 1.5238E-5 1.45878E-5 2.28095E-5 2.08745E-5 2.36823E-5 2.30106E-5 1.77556E-5 1.96312E-5 5.86316E-5 2.50859E-6 3.15298E-6 6.24157E-6 2.2251E-6 1.85187E-6 7.0378E-6 5.18762E-6 9.13201E-6 1.01865E-5 1.43879E-5 1.65419E-5 1.73778E-5 6.71274E-6 7.25054E-6 6.00692E-6 3.33115E-6 5.48004E-6 7.00455E-6 6.06693E-6 9.52891E-6 8.54816E-6 2.49476E-5 9.97613E-6 4.49055E-5 1.19409E-5 2.58523E-5 1.26775E-5 4.49761E-6 1.61168E-6 4.84287E-6 1.38881E-5 1.00622E-5 6.9607E-6 4.29207E-6 1.23741E-5 1.67095E-5 9.53137E-6 8.18601E-6 9.12347E-6 4.3572E-6 4.01864E-6 1.89766E-5 9.83235E-6 1.36548E-5
-9999 2.99845E-6 -9999 3.58084E-6 1.95217E-6 4.97305E-6 1.03904E-5 4.65794E-6 4.76493E-6 6.6052E-6 1.20092E-5 9.83654E-6 1.24358E-5 1.27081E-5 1.41252E-5 1.34243E-5 1.3513E-5 1.5881E-5 1.5159E-5 2.12199E-5 2.27441E-5 1.18251E-6 1.05145E-6 8.51642E-6 2.01158E-5 3.40032E-5 1.53366E-5 1.48228E-5 2.12917E-5 2.07078E-5 1.21633E-5 7.40791E-6 3.07145E-6 4.78703E-6 4.87443E-6 4.06453E-6 6.1254E-6 3.80576E-6 8.65924E-6 2.01949E-5 5.67401E-6 9.77299E-6 1.11727E-5 1.82354E-5 1.2718E-5 1.50218E-5 2.0526E-5 1.18703E-5 3.66972E-6 2.91637E-7 4.86628E-6 8.82334E-6 6.71405E-6 5.92216E-6 1.35567E-5 2.00251E-5 1.53323E-5 1.41802E-5 2.28436E-5 1.02464E-5 4.80763E-6 1.09387E-5 2.35913E-6 3.98438E-6 4.26172E-5
-9999 1.71323E-6 2.1038E-6 2.18486E-6 1.93837E-6 1.24963E-6 3.57244E-6 3.20726E-6 3.31019E-6 5.7816E-6 1.0247E-5 1.00642E-5 1.55429E-5 1.31791E-5 1.07836E-5 1.04796E-5 1.3563E-5 1.4449E-5 7.55521E-6 5.71058E-6 7.12565E-6 7.71398E-6 7.97438E-6 1.6792E-5 2.16828E-5 1.8336E-5 8.89971E-6 1.65465E-5 5.58166E-6 5.62218E-6 1.50945E-5 2.28809E-5 1.06714E-5 7.61783E-6 1.06995E-5 5.59806E-6 6.3869E-6 7.58452E-6 1.8441E-6 1.52691E-6 1.29165E-6 4.01358E-6 6.47821E-6 7.14688E-6 8.9012E-6 1.14714E-5 1.16368E-5 8.65804E-6 5.95319E-7 2.48322E-7 2.92174E-6 3.89386E-6 4.0254E-6 2.16325E-5 1.74333E-5 1.73588E-5 1.27176E-5 6.84533E-6 1.06909E-5 1.91005E-5 1.17318E-5 2.95603E-6 3.88286E-6 2.1293E-6 4.31021E-6
6.53668E-7 1.05251E-7 8.4065E-7 3.38166E-6 2.50732E-6 2.49909E-6 2.76667E-6 3.50907E-6 5.10164E-6 6.66564E-6 6.07505E-6 6.98024E-6 8.50606E-6 8.98071E-6 9.55483E-6 1.27482E-5 3.93214E-6 2.92404E-7 3.58441E-6 3.4966E-6 1.04972E-5 3.08411E-5 1.6193E-5 1.73025E-5 2.6957E-5 1.87367E-5 2.24458E-5 1.90532E-5 1.7052E-5 1.24219E-5 7.5969E-6 1.22097E-5 1.19275E-5 4.62387E-6 7.21071E-6 7.78766E-6 1.17354E-5 1.17758E-5 4.46034E-6 1.18003E-5 3.43473E-6 3.50809E-6 5.86357E-6 9.39993E-6 1.7198E-5 8.72525E-6 9.57293E-6 7.33121E-6 5.38582E-7 1.08501E-6 5.78207E-6 9.34259E-6 1.64418E-5 2.72892E-5 1.82418E-5 1.44852E-5 1.23674E-6 9.35637E-7 3.58545E-6 8.81564E-7 6.73377E-6 6.97702E-6 3.53579E-6 5.15156E-5 2.61246E-5
1.18739E-6 8.17208E-7 9.40107E-7 1.69E-6 2.66652E-6 1.92678E-6 2.51921E-6 3.84657E-6 5.21348E-6 9.43174E-6 7.87991E-6 1.3188E-5 5.48299E-6 6.99333E-6 9.71284E-6 1.44226E-5 9.74426E-6 7.22721E-6 4.41573E-6 7.49583E-6 8.79137E-6 2.42596E-6 2.73466E-5 2.23556E-5 1.36026E-5 2.91328E-5 7.60455E-6 1.34902E-5 9.04889E-6 1.01801E-5 9.48835E-6 9.19249E-7 1.06974E-5 8.35206E-6 7.81346E-6 6.64915E-6 8.92015E-6 1.21598E-5 1.38306E-5 1.46624E-5 1.13022E-5 4.75143E-6 1.17449E-5 8.09693E-6 7.73578E-6 7.2816E-6 1.13164E-5 9.40545E-6 2.57584E-6 6.63843E-6 5.57887E-6 1.93757E-5 2.56063E-5 1.36541E-5 1.36559E-5 2.43404E-5 2.44418E-6 4.70801E-7 2.35259E-7 1.22171E-6 3.02002E-5 2.3278E-5 2.7122E-5 1.75412E-5 1.85271E-6
4.83302E-6 1.85851E-6 4.97517E-7 1.57188E-6 1.96972E-6 2.05918E-6 1.98339E-6 2.13563E-6 4.89162E-6 1.2279E-5 1.36747E-5 1.97479E-5 1.40334E-5 1.07875E-5 1.29162E-5 8.62722E-5 2.02521E-5 1.14189E-5 1.43641E-5 2.3072E-5 1.88063E-5 3.10135E-5 6.60587E-5 1.38922E-5 3.75513E-6 1.43601E-5 1.5089E-5 1.64442E-5 3.13234E-6 5.27712E-6 5.60842E-6 1.6683E-6 5.44729E-6 1.12482E-5 1.11981E-5 6.15965E-6 5.96597E-6 7.94129E-6 8.931E-6 6.16581E-6 5.44519E-6 9.07221E-6 1.7132E-5 1.06805E-5 9.18958E-6 6.20276E-6 9.72897E-6 8.07056E-6 3.83315E-6 6.12361E-6 2.58912E-5 2.68662E-5 1.10908E-5 3.11633E-5 1.35458E-5 2.04553E-5 1.53665E-5 8.6777E-6 7.80478E-6 3.05035E-6 5.5697E-5 1.82292E-5 2.31222E-6 2.075E-6 2.3738E-6
-9999 1.64616E-7 6.42324E-7 1.64297E-6 2.09307E-6 2.44018E-6 2.20527E-6 2.50817E-6 8.909E-6 1.97038E-5 2.22427E-5 5.56445E-5 3.32231E-5 2.51495E-5 1.80697E-5 2.01596E-5 1.90476E-5 2.92647E-6 1.25123E-5 5.00677E-6 9.59833E-6 3.17374E-6 9.56325E-6 4.61323E-5 1.10241E-5 4.40449E-6 4.06344E-6 2.24343E-6 5.93946E-6 2.76863E-6 1.54905E-5 5.40703E-6 1.10479E-5 1.56703E-5 1.64998E-5 1.49886E-5 1.12339E-5 7.47764E-6 1.08068E-5 1.0988E-5 1.33404E-5 1.78175E-5 1.48052E-5 4.96196E-6 4.59122E-6 9.68097E-6 9.58635E-6 7.59288E-6 6.75025E-6 1.71462E-5 1.19207E-5 1.23565E-5 7.76864E-6 6.58408E-6 6.45675E-6 1.87182E-5 2.73817E-5 3.60229E-5 2.92039E-5 1.59436E-5 3.44116E-6 8.27468E-7 1.22605E-6 4.17381E-7 4.32029E-7
1.69114E-6 1.8312E-7 9.7951E-7 1.75601E-6 3.2685E-6 1.05124E-5 4.34566E-6 6.50936E-6 1.43991E-5 1.29684E-5 1.92059E-5 2.12442E-5 2.30573E-5 2.49161E-5 2.09752E-5 2.3118E-5 3.95398E-5 5.91009E-6 3.54356E-5 2.02076E-6 1.15343E-6 2.56105E-5 1.26869E-5 4.66958E-5 5.61587E-5 2.76428E-5 3.8068E-6 3.83966E-6 1.15304E-6 1.35694E-6 6.34044E-6 5.92126E-6 2.55581E-6 8.00855E-6 1.47598E-5 8.4839E-6 3.94476E-6 1.80997E-6 2.7925E-6 4.26501E-6 1.15026E-5 4.2997E-5 2.13778E-5 6.20198E-6 5.83838E-6 1.0003E-5 1.16592E-5 7.46517E-6 2.55001E-5 2.72551E-5 7.73024E-6 1.45768E-5 1.16941E-5 2.73181E-5 4.80558E-5 7.67709E-5 7.60383E-5 4.61625E-6 4.93882E-7 7.97246E-6 1.38112E-6 1.9591E-7 9.51674E-7 9.61868E-6 8.93197E-7
-9999 8.57614E-6 3.84085E-6 3.90803E-6 3.46675E-6 1.76721E-5 6.05593E-6 7.8086E-6 1.18894E-5 8.48382E-6 1.31253E-5 1.57924E-5 1.73642E-5 1.83178E-5 1.36733E-5 4.14924E-6 2.33159E-5 2.52012E-5 3.68647E-5 3.10576E-5 1.805E-5 1.05915E-5 7.23751E-6 2.02789E-5 2.91448E-5 7.4301E-6 3.27062E-5 1.47135E-5 2.77917E-6 3.8285E-7 5.05779E-7 5.37956E-5 4.91433E-5 8.64291E-6 1.25289E-5 4.83662E-6 2.76269E-5 1.80725E-5 3.72363E-6 5.05728E-6 1.76963E-5 4.97846E-6 3.00347E-6 8.6313E-6 5.20769E-6 7.77207E-6 7.12559E-6 5.26958E-6 6.09601E-6 7.11962E-6 7.1947E-6 1.37506E-5 4.03602E-5 9.27731E-5 1.24374E-4 1.2608E-4 6.48785E-6 1.1659E-6 2.44041E-7 2.80188E-7 2.33572E-7 2.98943E-7 3.04205E-6 1.31756E-5 1.37278E-5
