catData/rasterBestHybridModels/Pbengalensis/RD_BM01_RM1_LQH/Pbengalensis_stddev.asc
ncols         409
nrows         350
xllcorner     60.897278365
yllcorner     5.843756025
cellsize      0.0892857
NODATA_value  -9999
[rows 87 to 115 of 350, columns 198 to 263 of 409]
1.36924E-5 9.15011E-6 3.00499E-5 3.17937E-5 4.31155E-5 4.5158E-5 4.4649E-5 6.48874E-5 1.36695E-4 3.58929E-5 2.47743E-5 8.44964E-5 3.7168E-5 3.06604E-5 5.81462E-5 6.27406E-5 9.21855E-5 5.64977E-5 3.53717E-5 2.7872E-5 3.63874E-5 5.43457E-5 1.4157E-4 6.87458E-5 3.90246E-5 4.30003E-5 1.64555E-4 4.75352E-5 5.16028E-5 3.53354E-5 2.84751E-5 3.91231E-5 2.9368E-5 3.881E-5 3.23624E-5 3.97127E-5 3.61182E-5 4.05559E-5 5.44173E-5 7.57615E-5 1.7354E-4 6.49387E-5 5.24567E-5 4.03911E-5 3.33204E-5 3.0907E-5 2.49876E-5 2.05281E-5 1.67691E-5 1.26179E-5 1.07778E-5 1.24893E-5 1.44808E-5 1.68018E-5 -9999 -9999 -9999 -9999 -9999 1.9682E-5 2.69109E-5 -9999 -9999 -9999 -9999 -9999
1.77902E-5 6.09433E-6 8.87766E-6 2.3666E-5 5.76589E-5 2.5705E-5 3.17942E-5 5.2007E-5 6.19694E-5 7.08326E-5 1.17374E-4 4.99246E-5 2.30611E-5 3.4453E-5 2.74433E-5 3.61242E-5 3.0991E-5 2.48607E-5 2.52015E-5 2.3548E-5 3.98081E-5 5.38909E-5 4.42975E-5 5.11853E-5 4.50061E-5 4.89514E-5 5.59701E-5 4.07477E-5 3.48313E-5 3.10387E-5 3.79075E-5 4.64811E-5 4.32772E-5 3.92878E-5 3.44236E-5 2.46495E-5 3.32482E-5 4.05814E-5 4.91477E-5 7.65775E-5 1.0312E-4 6.30353E-5 5.28641E-5 3.77033E-5 3.34546E-5 3.20351E-5 2.41086E-5 1.9716E-5 1.89799E-5 1.41301E-5 1.30387E-5 1.34848E-5 1.6296E-5 1.72804E-5 1.99525E-5 2.14658E-5 -9999 2.1059E-5 2.19647E-5 2.57725E-5 3.70445E-5 2.5641E-5 2.10779E-5 -9999 -9999 -9999
2.11526E-5 9.38097E-6 4.212E-6 4.91295E-6 7.76992E-6 1.46889E-5 1.72725E-5 4.01098E-5 5.02613E-5 5.25752E-5 4.82788E-5 5.45465E-5 5.87722E-5 4.869E-5 4.09212E-5 4.20898E-5 4.36463E-5 8.06384E-5 3.76558E-5 3.70457E-5 2.50269E-5 3.22862E-5 3.89295E-5 3.61933E-5 3.99023E-5 4.63408E-5 4.55367E-5 3.69909E-5 3.24358E-5 8.06315E-5 7.23615E-5 5.22203E-5 4.00407E-5 4.45708E-5 3.96501E-5 3.6001E-5 3.92949E-5 4.81182E-5 5.98619E-5 5.79234E-5 5.38394E-5 4.9042E-5 3.92159E-5 4.27532E-5 3.73693E-5 3.5604E-5 2.38259E-5 2.10456E-5 1.74091E-5 1.44332E-5 1.55365E-5 1.75125E-5 2.03683E-5 2.18619E-5 2.48777E-5 2.45183E-5 2.31619E-5 2.49913E-5 2.49362E-5 3.65021E-5 4.5441E-5 3.04166E-5 -9999 -9999 -9999 -9999
7.24014E-6 5.99684E-6 6.05431E-6 8.20614E-6 1.26204E-5 3.29122E-5 9.3741E-6 1.65197E-5 3.0603E-5 4.01269E-5 4.1758E-5 6.73544E-5 5.93885E-5 6.61995E-5 5.94542E-5 5.53234E-5 8.88317E-5 5.32705E-5 5.21116E-5 3.3504E-5 3.68332E-5 5.06739E-5 3.03946E-5 4.84923E-5 3.09282E-5 3.55929E-5 3.71307E-5 3.21861E-5 2.39797E-5 4.15284E-5 1.65025E-4 4.1774E-5 4.05937E-5 4.53565E-5 4.2106E-5 4.82421E-5 5.50379E-5 4.25515E-5 4.57138E-5 4.59353E-5 3.5595E-5 3.23852E-5 3.95868E-5 4.02743E-5 3.32208E-5 2.60092E-5 2.64049E-5 2.49119E-5 1.954E-5 1.64442E-5 1.656E-5 2.01342E-5 2.35496E-5 2.62952E-5 2.69262E-5 2.98212E-5 2.92313E-5 3.28402E-5 4.07838E-5 4.5533E-5 5.27893E-5 3.09913E-5 -9999 -9999 -9999 -9999
3.8104E-6 3.63206E-6 4.96258E-6 6.35699E-6 6.34797E-6 5.42658E-6 5.91049E-6 2.07513E-5 1.01687E-5 1.34087E-5 8.57013E-5 4.95583E-5 7.48899E-5 3.87718E-5 4.48711E-5 9.37797E-5 6.36503E-5 4.21361E-5 5.5821E-5 1.06486E-4 6.01244E-5 5.62332E-5 2.64082E-5 5.90557E-5 2.71376E-5 2.45693E-5 2.45879E-5 2.53536E-5 2.42236E-5 3.90389E-5 3.91663E-5 3.99532E-5 3.46287E-5 4.09777E-5 4.16923E-5 6.25426E-5 4.17932E-5 3.35836E-5 2.97781E-5 2.36998E-5 3.63161E-5 4.55791E-5 2.34328E-5 2.62432E-5 2.78394E-5 2.12446E-5 3.07299E-5 2.18654E-5 2.19506E-5 1.9374E-5 1.98176E-5 2.51826E-5 2.51011E-5 3.34571E-5 3.52997E-5 3.34904E-5 4.12909E-5 5.81141E-5 6.20198E-5 7.87794E-5 4.67829E-5 3.66904E-5 -9999 -9999 -9999 -9999
3.89372E-6 4.60407E-6 1.27831E-5 4.8478E-6 6.93456E-6 9.60067E-6 8.65156E-6 8.24134E-6 5.79168E-6 5.3748E-6 8.22928E-6 1.26508E-5 1.72873E-5 1.45943E-5 3.0807E-5 5.8838E-5 6.42172E-5 4.42755E-5 5.83324E-5 5.2783E-5 3.56731E-5 3.7017E-5 5.38582E-5 4.50455E-5 3.67692E-5 2.62054E-5 3.34767E-5 2.82683E-5 3.43291E-5 4.2873E-5 3.18608E-5 2.32522E-5 3.46061E-5 4.10596E-5 7.57339E-5 1.26642E-4 5.81286E-5 3.50096E-5 3.3713E-5 3.98406E-5 4.60948E-5 4.67076E-5 4.38145E-5 3.82958E-5 2.24956E-5 1.85264E-5 2.10382E-5 1.65148E-5 1.66955E-5 1.78254E-5 2.23906E-5 2.44545E-5 2.60211E-5 3.30901E-5 3.68992E-5 4.16568E-5 6.00326E-5 1.00658E-4 9.21464E-5 5.87027E-5 4.07454E-5 4.35392E-5 4.07747E-5 3.84644E-5 3.75688E-5 -9999
4.50294E-6 3.43011E-6 5.21901E-6 5.68109E-6 5.0303E-6 5.64049E-6 5.30498E-6 5.67351E-6 1.49832E-5 5.38335E-6 1.36925E-5 7.42041E-6 5.755E-6 1.15076E-5 1.36775E-5 6.09071E-5 6.64723E-5 7.47382E-5 4.57956E-5 3.8896E-5 3.78552E-5 4.23812E-5 5.01723E-5 4.4789E-5 4.29777E-5 4.00438E-5 4.90787E-5 4.00988E-5 3.01223E-5 3.14497E-5 4.65063E-5 4.68485E-5 2.40775E-5 3.86179E-5 4.61142E-5 7.23777E-5 5.1092E-5 4.65278E-5 3.91876E-5 4.3721E-5 4.95546E-5 4.66684E-5 4.64881E-5 3.6698E-5 2.23387E-5 2.41189E-5 2.58577E-5 2.00651E-5 2.36287E-5 1.74342E-5 1.93753E-5 1.95816E-5 2.02269E-5 2.21139E-5 3.25404E-5 4.2671E-5 6.92757E-5 1.16687E-4 9.3918E-5 6.53003E-5 5.03381E-5 5.9419E-5 6.17261E-5 5.14765E-5 4.47051E-5 3.76302E-5
1.23355E-5 4.79515E-6 9.55072E-6 4.41837E-6 4.47528E-6 4.01542E-6 7.83442E-6 4.2412E-6 1.13009E-5 6.13708E-6 9.26103E-6 5.38735E-6 1.30677E-5 2.30071E-5 1.20157E-5 5.4081E-5 6.17697E-5 5.45163E-5 6.38059E-5 4.30657E-5 3.12148E-5 4.09229E-5 5.45669E-5 3.48579E-5 3.15937E-5 3.34282E-5 3.27484E-5 3.77056E-5 5.56032E-5 3.88978E-5 4.4276E-5 2.59568E-5 3.55172E-5 4.50122E-5 1.07467E-4 6.21359E-5 4.02868E-5 4.07923E-5 3.6784E-5 3.83055E-5 3.3263E-5 4.83603E-5 4.37537E-5 4.54959E-5 4.3502E-5 3.83943E-5 3.84068E-5 3.26746E-5 2.40384E-5 2.21942E-5 2.75587E-5 2.49913E-5 2.93382E-5 3.55399E-5 3.64101E-5 4.73016E-5 6.89499E-5 6.60982E-5 5.43202E-5 4.04366E-5 5.4309E-5 1.29771E-4 1.1539E-4 6.59073E-5 6.40451E-5 5.34419E-5
5.02651E-6 4.33906E-6 5.01444E-6 3.79176E-6 1.05019E-5 5.87378E-6 6.61699E-6 6.67389E-6 1.16475E-5 5.04552E-6 5.9918E-6 9.51732E-6 6.82498E-6 1.0874E-5 8.80066E-6 3.21861E-5 3.73474E-5 3.8272E-5 4.6442E-5 5.43173E-5 4.31739E-5 4.82508E-5 5.63362E-5 5.21105E-5 4.20096E-5 3.44751E-5 3.27564E-5 2.90962E-5 4.102E-5 7.18301E-5 5.75731E-5 3.27443E-5 3.87258E-5 1.80314E-5 8.13555E-5 6.13109E-5 8.19601E-5 6.29125E-5 3.37311E-5 3.58818E-5 3.88451E-5 3.99034E-5 4.99041E-5 4.17796E-5 4.52374E-5 5.0648E-5 4.46849E-5 2.96035E-5 2.13838E-5 2.19005E-5 2.25553E-5 2.83959E-5 2.79715E-5 2.64658E-5 4.57695E-5 6.50258E-5 5.52616E-5 6.4466E-5 5.68167E-5 4.84878E-5 5.53932E-5 6.57046E-5 8.55789E-5 1.7316E-4 8.78003E-5 6.5563E-5
3.06285E-6 8.79947E-6 8.6818E-6 3.26807E-6 3.73972E-6 1.07955E-5 4.53958E-6 4.85654E-6 7.68489E-6 3.78167E-6 4.33083E-6 6.64769E-6 6.30007E-6 1.8937E-5 1.09688E-5 1.88386E-5 4.70012E-5 4.72645E-5 3.19931E-5 3.56561E-5 5.01655E-5 5.53795E-5 7.73675E-5 6.07261E-5 5.47621E-5 5.56005E-5 3.81187E-5 3.5192E-5 8.56032E-5 5.58447E-5 5.75766E-5 6.49925E-5 4.75159E-5 2.80549E-5 2.70302E-5 4.47626E-5 5.26781E-5 7.07592E-5 3.70251E-5 4.61278E-5 6.57652E-5 4.55567E-5 5.041E-5 4.45927E-5 4.43275E-5 3.33316E-5 3.31892E-5 3.06041E-5 2.80817E-5 3.0103E-5 2.73814E-5 2.81976E-5 3.35906E-5 5.61805E-5 3.21347E-5 5.01926E-5 7.83734E-5 1.24002E-4 6.88061E-5 7.06659E-5 6.39524E-5 9.37404E-5 6.95623E-5 8.23268E-5 7.19228E-5 5.57066E-5
7.30445E-6 4.11944E-6 4.41844E-6 3.04038E-6 3.18945E-6 3.01566E-6 2.99701E-6 3.14958E-6 3.35247E-6 5.29461E-6 3.22533E-6 4.29956E-6 5.20214E-6 5.75085E-6 5.62262E-6 3.78319E-5 2.15538E-5 1.8299E-5 2.34003E-5 3.90646E-5 5.84175E-5 3.75598E-5 6.01926E-5 4.6427E-5 5.28941E-5 4.47738E-5 3.22073E-5 3.41628E-5 5.10341E-5 4.50684E-5 5.78074E-5 7.8062E-5 7.08515E-5 5.41509E-5 4.17439E-5 2.72321E-5 3.06407E-5 3.95669E-5 5.69267E-5 9.56081E-5 2.4037E-4 5.36889E-5 5.56837E-5 5.54637E-5 4.91347E-5 5.61895E-5 4.75944E-5 5.2746E-5 2.74312E-5 3.44092E-5 5.02409E-5 4.56687E-5 3.68062E-5 4.51979E-5 5.57295E-5 6.27399E-5 8.72575E-5 1.48544E-4 7.54378E-5 5.25483E-5 7.72945E-5 6.83723E-5 6.38016E-5 7.02613E-5 5.75817E-5 6.40093E-5
2.31302E-6 6.45456E-6 3.2198E-6 4.97045E-6 6.45311E-6 3.16223E-6 8.3092E-6 3.21232E-6 2.84818E-6 4.72799E-6 3.06126E-6 3.21932E-6 3.47612E-6 1.88668E-5 5.75049E-6 1.05907E-5 1.09148E-5 1.12294E-5 1.5182E-5 8.95586E-5 8.16513E-5 2.78022E-5 2.4999E-5 2.59506E-5 2.90756E-5 2.44243E-5 2.4713E-5 4.98954E-5 5.15207E-5 6.19303E-5 7.24846E-5 1.05397E-4 7.69082E-5 7.72551E-5 6.69015E-5 5.14702E-5 3.92155E-5 3.30811E-5 4.03479E-5 7.79446E-5 8.12218E-5 6.78469E-5 8.28528E-5 7.82312E-5 6.04014E-5 5.70552E-5 5.75824E-5 5.99018E-5 5.9054E-5 5.49303E-5 5.50428E-5 5.15412E-5 3.52836E-5 4.64358E-5 5.75382E-5 1.12235E-4 1.25749E-4 6.64251E-5 5.31282E-5 6.60319E-5 1.45318E-4 6.47185E-5 5.96339E-5 7.06457E-5 1.95578E-4 1.14159E-4
1.86983E-6 2.32628E-6 2.42367E-6 2.86836E-6 3.37789E-6 8.11054E-6 3.92983E-6 2.73257E-6 2.48485E-6 3.29588E-6 1.00216E-5 4.30583E-6 4.17747E-6 3.33827E-6 5.07544E-6 1.43537E-5 6.86284E-6 6.00949E-6 1.20757E-5 4.87108E-5 2.13177E-5 4.09043E-5 1.10168E-5 9.80985E-6 2.61139E-5 1.73654E-5 2.12077E-5 2.60607E-5 3.15695E-5 4.94807E-5 9.24988E-5 5.37208E-5 4.41619E-5 3.98969E-5 3.93854E-5 6.74682E-5 6.60614E-5 5.2667E-5 4.42562E-5 2.83325E-5 7.77114E-5 8.79725E-5 9.34623E-5 9.24305E-5 6.29527E-5 5.23002E-5 5.71915E-5 6.63372E-5 6.3992E-5 5.62041E-5 6.05554E-5 5.51359E-5 5.9996E-5 5.63862E-5 6.3412E-5 8.5126E-5 7.88137E-5 5.76454E-5 5.40396E-5 6.80583E-5 6.27426E-5 4.23457E-5 3.33239E-5 2.98058E-5 2.13925E-4 1.00538E-4
2.14292E-6 2.74345E-6 2.65355E-6 6.82801E-6 3.66408E-6 2.74502E-6 2.90469E-6 2.65451E-6 3.16072E-6 3.27938E-6 3.2044E-6 2.73522E-6 9.06963E-6 5.10433E-6 4.64788E-6 5.06845E-6 6.39396E-6 8.2343E-6 6.78783E-6 5.56273E-6 8.07898E-6 1.17342E-5 5.66276E-6 5.06043E-6 3.73681E-6 2.42628E-5 1.247E-5 1.09655E-5 3.09132E-5 1.90505E-5 5.79023E-5 1.67687E-5 1.97938E-5 2.77E-5 4.12135E-5 6.82979E-5 7.09798E-5 6.41142E-5 5.56351E-5 4.89062E-5 6.23787E-5 1.36828E-4 3.51261E-5 5.88255E-5 6.2854E-5 5.89082E-5 5.75978E-5 6.9994E-5 1.18582E-4 6.67909E-5 6.07505E-5 6.51522E-5 6.20082E-5 5.96421E-5 4.49781E-5 5.00241E-5 5.44531E-5 4.9131E-5 4.83632E-5 4.24534E-5 4.28821E-5 3.50295E-5 3.38281E-5 4.10693E-5 3.70396E-5 4.45738E-5
2.46887E-6 3.19555E-6 2.84803E-6 2.12157E-6 4.39282E-6 3.78368E-6 7.03048E-6 2.50301E-6 3.58937E-6 7.33011E-6 2.60324E-6 3.86887E-6 1.03486E-5 3.86884E-6 3.62571E-6 3.22259E-6 4.81011E-6 5.7413E-6 4.10086E-6 3.48325E-6 4.44718E-6 5.63495E-6 4.07002E-6 3.70192E-6 2.88763E-6 3.12763E-6 7.46169E-6 3.11621E-5 1.37887E-5 1.13406E-5 1.29131E-5 1.36621E-5 1.11236E-5 3.0068E-5 2.90301E-5 5.90906E-5 6.86604E-5 6.6783E-5 6.85768E-5 6.3922E-5 4.25785E-5 8.53697E-5 6.05564E-5 5.85768E-5 5.34153E-5 6.22176E-5 5.63806E-5 5.61361E-5 6.47782E-5 6.24152E-5 6.6958E-5 6.13256E-5 6.24881E-5 6.14634E-5 6.2529E-5 7.5043E-5 5.46288E-5 6.61125E-5 7.16599E-5 3.33458E-5 2.95574E-5 3.16102E-5 3.26874E-5 3.70765E-5 3.56539E-5 3.2825E-5
2.25701E-6 2.91487E-6 1.053E-5 2.05473E-6 2.71254E-6 2.50353E-6 3.23098E-6 2.94357E-6 2.50807E-6 2.94852E-6 2.75114E-6 2.82733E-6 4.5289E-6 5.24289E-6 3.36711E-6 3.92799E-6 3.04546E-6 3.04859E-6 2.89115E-6 2.96065E-6 3.15595E-6 2.97576E-6 2.82841E-6 2.84131E-6 1.61857E-5 4.00284E-6 2.8133E-6 6.61353E-6 6.50007E-6 2.77095E-5 8.76817E-6 3.40277E-5 4.22029E-6 4.49488E-6 6.76213E-6 3.92395E-5 8.28833E-5 8.67736E-5 8.06431E-5 6.71185E-5 7.17181E-5 7.24501E-5 6.86539E-5 6.64607E-5 6.42452E-5 6.76361E-5 6.36384E-5 6.0011E-5 5.31031E-5 4.20912E-5 6.7977E-5 6.65173E-5 4.82742E-5 5.16423E-5 4.8485E-5 4.87936E-5 4.42485E-5 5.55069E-5 6.3163E-5 3.6238E-5 3.24385E-5 3.23109E-5 3.35859E-5 3.45933E-5 3.41083E-5 3.16065E-5
2.79895E-6 3.15647E-6 2.86622E-6 2.76267E-6 2.35777E-6 2.10593E-6 3.16666E-6 2.85139E-6 2.07158E-6 1.93573E-6 1.90192E-6 2.43473E-6 2.33992E-6 4.44745E-6 4.10054E-6 1.5959E-5 2.88365E-6 3.25415E-6 3.19585E-6 3.29995E-6 3.4518E-6 2.69416E-6 3.09646E-6 3.30296E-6 4.07767E-6 3.19506E-6 2.67431E-6 2.6527E-5 4.69428E-6 4.51092E-6 9.83274E-6 3.69226E-6 3.2344E-5 4.39378E-6 4.01366E-6 1.20384E-5 8.83294E-6 1.08221E-5 4.15344E-5 5.96551E-5 7.56075E-5 7.68526E-5 6.09396E-5 6.4495E-5 6.31002E-5 6.45275E-5 6.65175E-5 6.77535E-5 7.51803E-5 3.9614E-5 4.91366E-5 7.39243E-5 5.9857E-5 6.60195E-5 7.08192E-5 1.53114E-4 5.27892E-5 4.7402E-5 3.9581E-5 3.60913E-5 3.22471E-5 3.48535E-5 3.43215E-5 3.10001E-5 3.12754E-5 3.76487E-5
2.96546E-6 3.50145E-6 3.54907E-6 3.09047E-6 3.4121E-6 8.62955E-6 2.4858E-6 4.24015E-6 2.27002E-6 1.9114E-6 2.02983E-6 3.14172E-6 3.72493E-6 3.77228E-6 3.34069E-6 3.2588E-6 3.13982E-6 2.68473E-6 2.71795E-6 3.61268E-6 2.9363E-6 2.7534E-6 3.17416E-6 2.95979E-6 2.59756E-6 3.44925E-6 3.86988E-6 2.81709E-5 2.56275E-5 3.64233E-6 7.06888E-6 3.00144E-6 3.92715E-6 3.08164E-6 3.43862E-6 4.29782E-6 6.07304E-6 1.14028E-5 1.06796E-5 9.84582E-6 4.61107E-5 6.78043E-5 8.01148E-5 8.49908E-5 7.21371E-5 6.97677E-5 5.83734E-5 7.38311E-5 7.47813E-5 5.83055E-5 6.48656E-5 6.66023E-5 3.86625E-5 5.85143E-5 5.65217E-5 4.43459E-5 4.88955E-5 5.21407E-5 3.4574E-5 3.30814E-5 3.40859E-5 5.08742E-5 3.33953E-5 3.26157E-5 3.86862E-5 3.75097E-5
1.9845E-6 3.55106E-6 2.78178E-6 3.289E-6 5.66856E-6 2.43518E-6 7.33043E-6 2.47703E-6 2.24314E-6 2.13796E-6 2.03241E-6 2.54565E-6 2.83821E-6 2.19327E-6 3.2792E-6 6.42584E-6 3.21157E-6 4.84015E-6 4.33882E-6 3.32526E-6 4.92192E-6 1.17115E-5 3.41124E-6 3.35766E-6 2.61967E-6 4.31175E-6 4.49872E-6 3.00471E-6 2.93929E-6 2.87036E-6 1.93501E-5 2.60753E-6 2.82807E-6 2.35939E-6 2.57449E-6 2.93925E-6 3.27485E-6 1.93797E-5 8.96184E-6 5.85786E-6 5.93826E-6 1.21867E-5 7.55283E-5 9.0429E-5 8.9276E-5 7.10305E-5 5.58039E-5 6.24368E-5 4.10671E-5 3.72113E-5 3.98085E-5 6.16259E-5 7.66351E-5 8.96268E-5 1.62266E-4 7.4652E-5 3.81353E-5 4.0096E-5 4.19703E-5 4.43401E-5 4.56785E-5 4.44164E-5 5.03402E-5 5.69362E-5 6.30746E-5 1.45226E-4
1.52324E-6 1.71325E-6 2.02308E-6 2.64006E-6 2.0014E-6 1.8E-6 1.93457E-6 3.74366E-6 5.61764E-6 3.28158E-6 2.23548E-6 2.73602E-6 4.24652E-6 2.18817E-6 2.67968E-6 3.43952E-6 2.97539E-6 3.62641E-6 5.21872E-6 5.59812E-6 2.95571E-6 3.13858E-6 3.03737E-6 1.58065E-5 4.47619E-6 2.65491E-6 2.61846E-6 2.90855E-6 2.74705E-6 2.38376E-6 4.4394E-6 4.3362E-6 2.32478E-6 9.68255E-6 3.39588E-6 3.13637E-6 4.42876E-6 8.28725E-6 6.25467E-6 7.70893E-6 4.31006E-6 5.76652E-6 1.15728E-5 2.22929E-5 1.70144E-5 1.51655E-5 1.07135E-5 8.5804E-6 1.37774E-5 9.32056E-6 1.67081E-5 2.46727E-5 1.19458E-5 1.73175E-5 2.62179E-5 5.63591E-5 6.97146E-5 7.75065E-5 4.68876E-5 5.40635E-5 4.86586E-5 5.35805E-5 5.43518E-5 6.18339E-5 6.51736E-5 6.71206E-5
1.67869E-6 1.82988E-6 2.25891E-6 1.71087E-6 1.543E-6 1.82263E-6 3.70151E-6 2.32637E-6 2.73175E-6 3.58504E-6 2.20666E-6 1.26361E-5 3.09905E-6 2.25157E-6 2.37059E-6 2.34495E-6 2.46604E-6 2.47309E-6 4.98775E-6 5.91125E-6 2.56915E-6 3.74055E-6 3.19876E-6 5.69596E-6 9.85415E-6 3.43268E-6 4.63484E-6 8.40192E-6 2.57765E-6 2.2869E-6 2.18855E-6 1.82348E-5 2.27467E-6 2.69974E-6 2.49183E-6 3.10383E-6 2.28498E-6 4.13326E-6 1.61853E-5 4.40789E-6 8.17638E-6 4.9E-6 1.38739E-5 1.01851E-5 6.87683E-6 2.56156E-5 6.57781E-6 5.28982E-6 5.11068E-6 8.25698E-6 1.1325E-5 1.08182E-5 1.32205E-5 1.03724E-5 3.50953E-5 2.94657E-5 3.68904E-5 5.8111E-5 6.6583E-5 7.73879E-5 6.86037E-5 6.0631E-5 6.05887E-5 5.99405E-5 6.07864E-5 6.669E-5
1.71333E-6 2.0186E-6 3.48687E-6 1.72381E-6 1.5054E-6 1.84241E-6 2.00575E-6 1.77178E-6 1.74138E-6 1.90584E-6 2.50117E-6 5.57556E-6 2.64015E-6 2.09875E-6 2.24582E-6 2.34711E-6 2.60608E-6 5.69773E-6 2.87515E-6 2.54132E-6 2.30037E-6 5.52335E-6 4.76721E-6 3.93452E-6 2.88031E-6 2.73595E-6 2.53856E-6 2.75668E-6 2.67012E-6 2.71735E-6 2.23242E-6 2.73067E-6 2.11594E-6 2.78266E-6 2.47648E-6 3.53955E-6 2.26683E-6 4.56738E-6 1.08798E-5 3.59132E-6 2.42964E-5 4.77408E-6 7.38191E-6 1.06099E-5 8.7651E-6 4.84039E-6 4.78304E-6 5.73533E-6 4.84842E-6 5.07801E-6 5.13267E-6 5.4616E-6 6.74373E-6 1.1434E-5 3.08488E-5 4.48689E-5 1.62664E-5 3.22814E-5 4.74948E-5 5.46233E-5 7.72109E-5 6.48218E-5 5.88186E-5 5.8955E-5 5.70191E-5 5.51319E-5
1.79132E-6 1.72926E-6 1.78585E-6 1.62831E-6 1.70511E-6 1.76841E-6 2.27356E-6 1.9682E-6 1.99534E-6 3.6524E-6 2.25415E-6 2.88169E-6 2.60272E-6 2.12402E-6 2.44433E-6 5.53709E-6 2.22527E-6 2.37059E-6 2.54655E-6 2.43762E-6 4.6295E-6 3.39267E-6 2.33601E-6 2.59665E-6 3.389E-6 3.7553E-6 2.49285E-6 2.43291E-6 1.00594E-5 3.35114E-6 2.43771E-6 2.25566E-6 2.23931E-6 2.34777E-6 2.27163E-6 2.28232E-6 2.55776E-6 2.07188E-6 4.72176E-6 2.98027E-6 3.76178E-6 3.4855E-6 9.51293E-6 1.2738E-5 4.49353E-6 4.16786E-6 4.21887E-6 5.54812E-6 5.511E-6 5.64173E-6 6.55493E-6 5.42198E-6 6.14462E-6 7.4095E-6 8.21015E-6 4.52044E-5 5.10025E-5 4.48515E-5 2.39388E-5 6.52837E-5 7.79592E-5 6.27942E-5 7.35811E-5 7.1535E-5 7.83215E-5 7.67479E-5
3.83971E-6 2.42543E-6 3.02483E-6 1.81349E-6 2.83424E-6 3.35279E-6 3.23181E-6 2.68209E-6 3.68274E-6 1.96782E-6 2.05073E-6 3.27941E-6 2.47797E-6 2.0713E-6 2.25054E-6 2.66573E-6 3.14636E-6 2.39312E-6 2.21301E-6 2.26227E-6 3.3233E-6 3.18287E-6 2.6925E-6 2.45733E-6 3.35229E-6 3.6653E-6 2.7862E-6 2.83759E-6 3.5443E-6 5.02252E-6 2.80116E-6 2.78606E-6 2.13661E-6 2.88847E-6 2.79291E-6 2.96616E-6 2.5741E-6 2.87395E-6 3.00722E-6 2.7786E-6 2.8426E-6 3.23777E-6 3.75275E-6 4.29656E-6 4.39231E-6 3.84759E-6 4.40187E-6 5.90502E-6 1.03344E-5 8.90016E-6 5.96317E-6 6.20844E-6 6.88519E-6 6.85486E-6 8.2542E-6 1.87087E-5 2.29847E-5 1.26687E-5 1.47455E-5 2.8044E-5 5.46828E-5 5.29308E-5 5.6568E-5 6.78312E-5 6.966E-5 5.8088E-5
2.74252E-6 1.76011E-6 2.26084E-6 1.7638E-6 1.77499E-6 1.80234E-6 1.71577E-6 1.62705E-6 1.84517E-6 2.13195E-6 3.81373E-6 1.97902E-6 4.42284E-6 2.54981E-6 2.22649E-6 8.33362E-6 3.7241E-6 6.23855E-6 2.61801E-6 2.07747E-6 2.38468E-6 3.3192E-6 2.33022E-6 2.36527E-6 2.30272E-6 3.08443E-6 3.83511E-6 2.53253E-6 2.96921E-6 8.49198E-6 3.27135E-6 4.80577E-6 2.11275E-5 6.90223E-6 5.85323E-6 5.9442E-6 2.79871E-6 6.05913E-6 6.72322E-6 3.16449E-6 3.56189E-6 3.86803E-6 3.31803E-6 3.39148E-6 3.58636E-6 3.37241E-6 4.08799E-6 5.35653E-6 9.97149E-6 8.88037E-6 6.65479E-6 8.55692E-6 1.75056E-5 8.21019E-6 8.43041E-6 4.77541E-5 3.04201E-5 2.37055E-5 2.75984E-5 1.90678E-5 1.85848E-5 7.42696E-5 2.35739E-5 3.17078E-5 1.10628E-4 1.37955E-5
2.06957E-6 4.22392E-6 1.64412E-6 1.90008E-6 2.06268E-6 1.58287E-6 1.65319E-6 3.75882E-6 1.9738E-6 2.2676E-6 3.92993E-6 3.52404E-6 4.03009E-6 2.10354E-6 3.41481E-6 4.67004E-6 2.28641E-6 2.54774E-6 2.31373E-6 2.19459E-6 2.31061E-6 7.36684E-6 3.0975E-6 2.64435E-6 2.34695E-6 3.5939E-6 4.44908E-6 2.55925E-6 6.84884E-6 6.50929E-6 3.11086E-6 6.64918E-6 3.95882E-6 3.4276E-6 3.40414E-6 2.60523E-6 2.64255E-6 3.21762E-6 2.69311E-6 3.16464E-6 9.2655E-6 8.21587E-6 3.70539E-6 3.1892E-6 3.48291E-6 4.45474E-6 3.68924E-6 4.21201E-6 4.91149E-6 5.48484E-6 8.24459E-6 7.68279E-6 1.19842E-5 8.14041E-6 7.76867E-6 1.59387E-5 1.8373E-5 1.01319E-5 8.60436E-6 8.41752E-6 9.16225E-6 4.00252E-5 1.68339E-5 1.00144E-5 9.59284E-6 1.40202E-5
1.86279E-6 1.71656E-6 1.59892E-6 2.0888E-6 2.22342E-6 1.63376E-6 1.72964E-6 2.02696E-6 1.75537E-6 1.79996E-6 2.05229E-6 2.53022E-6 4.82538E-6 1.97583E-6 2.05074E-6 2.21069E-6 2.12362E-6 3.83792E-6 4.169E-6 2.22866E-6 2.27868E-6 4.65049E-6 2.53468E-6 3.9161E-6 3.61084E-6 2.42724E-6 2.35522E-6 2.45191E-6 3.76989E-6 3.14603E-5 2.98E-6 2.4052E-6 3.85164E-6 3.96301E-5 2.88587E-6 2.65117E-6 2.31638E-6 2.5261E-6 2.52375E-6 3.70874E-6 4.21129E-6 4.19739E-6 3.30107E-6 3.49845E-6 3.76171E-6 4.14992E-6 4.21431E-6 4.22312E-6 4.6641E-6 5.54035E-6 1.71215E-5 1.06279E-5 5.95171E-6 6.06466E-6 7.48413E-6 7.84182E-6 8.49179E-6 2.14E-5 1.0785E-5 1.00135E-5 1.29581E-5 1.31283E-5 2.19056E-5 8.35301E-6 8.0895E-6 8.36257E-6
8.66932E-6 3.53552E-6 3.24118E-6 3.42946E-6 1.93736E-6 1.71353E-6 1.69367E-6 1.79743E-6 1.66093E-6 1.77732E-6 2.14715E-6 1.95858E-6 2.32732E-6 1.87953E-6 1.80353E-6 2.24267E-6 5.16749E-6 7.70365E-6 5.50436E-6 2.52955E-6 2.43447E-6 4.86682E-6 2.90335E-6 4.23425E-6 8.63009E-6 1.03851E-5 1.26497E-5 2.34718E-6 3.68609E-6 7.91003E-6 5.28543E-6 4.68045E-6 3.12427E-6 3.94861E-6 3.08946E-6 1.57459E-5 2.22819E-6 2.35504E-6 2.92378E-6 9.57857E-6 6.79754E-6 3.46502E-6 3.76311E-6 5.03769E-6 4.50253E-6 4.92081E-6 6.15458E-6 5.43088E-6 4.54196E-6 5.35656E-6 6.4724E-6 7.05504E-6 5.49807E-6 6.36868E-6 7.07127E-6 1.3092E-5 7.18124E-6 1.17393E-5 1.48126E-5 1.19871E-5 2.23562E-5 8.84952E-6 4.59623E-5 1.15719E-5 7.88461E-6 1.42096E-5
1.76687E-6 1.62314E-6 1.7153E-6 2.58228E-6 3.79356E-6 2.89116E-6 2.26485E-6 3.42881E-6 1.7618E-6 1.97435E-6 4.5664E-6 1.95156E-6 1.68877E-6 1.70156E-6 1.72962E-6 2.00348E-6 2.72393E-6 7.42543E-6 4.25252E-6 4.79148E-6 2.69059E-6 5.08549E-6 3.7437E-6 7.60224E-6 2.67318E-6 1.03236E-5 8.32611E-6 3.32705E-6 7.40386E-6 2.31636E-6 4.82254E-6 4.27943E-6 2.76951E-6 2.5707E-6 2.5485E-6 2.35379E-6 1.34082E-5 1.41577E-5 1.68022E-5 4.00723E-5 4.38291E-5 4.70056E-6 3.95883E-6 1.11384E-5 5.26388E-6 4.7037E-6 1.22792E-5 5.94903E-6 4.41101E-6 6.89784E-6 1.3935E-5 9.20872E-6 5.51508E-6 5.72408E-5 8.85139E-6 1.18062E-5 6.94241E-6 1.23162E-5 1.08886E-5 7.25597E-6 7.44805E-6 7.20976E-6 6.55479E-6 4.14106E-5 8.2237E-6 1.5833E-5
