catData/rasterBestHybridModels/Pbengalensis/RD_BM01_RM1_LQH/Pbengalensis_min.asc
ncols         409
nrows         350
xllcorner     60.897278365
yllcorner     5.843756025
cellsize      0.0892857
NODATA_value  -9999
[rows 232 to 260 of 350, columns 132 to 197 of 409]
-9999 -9999 -9999 -9999 -9999 -9999 -9999 -9999 1.56548E-5 3.33599E-5 1.33882E-4 6.91938E-5 1.21864E-4 1.52742E-4 2.73087E-4 4.22627E-5 9.32272E-5 4.95707E-5 2.46295E-6 3.0624E-6 3.25838E-6 7.81294E-6 2.07235E-5 3.79155E-5 7.12016E-5 1.92608E-4 1.5605E-4 1.20202E-4 7.15921E-5 6.36578E-5 5.43297E-5 4.74032E-6 1.64716E-5 7.30385E-6 1.31692E-4 4.32788E-5 7.92234E-6 1.75398E-5 6.09578E-5 3.0905E-5 2.54975E-5 1.05468E-5 5.17589E-5 4.18095E-5 5.98162E-7 1.92157E-6 2.69236E-5 2.16884E-5 9.21005E-6 6.3524E-6 5.56907E-7 1.37026E-5 1.16292E-5 2.46455E-5 2.77514E-5 3.19582E-5 2.01147E-5 5.33902E-6 8.09398E-6 2.65474E-5 5.61645E-6 5.15628E-8 4.24371E-6 1.41182E-5 2.1797E-5 2.44296E-5
-9999 -9999 -9999 -9999 -9999 -9999 -9999 -9999 3.96851E-6 6.80903E-5 1.40883E-4 1.4061E-4 1.35773E-4 1.50726E-4 9.42944E-5 7.63738E-5 7.40731E-5 1.96805E-5 2.51294E-5 1.16183E-4 2.14213E-5 1.93633E-5 4.93294E-5 7.59996E-5 1.77987E-4 4.65866E-5 7.44941E-5 4.18102E-5 1.46035E-5 2.64791E-5 3.46374E-5 2.33381E-5 3.34571E-5 1.52403E-5 3.27122E-5 3.80815E-5 3.52522E-6 1.92921E-5 9.49706E-6 1.39003E-5 2.53128E-5 8.40787E-6 5.03985E-5 2.54321E-6 8.49274E-6 2.23933E-6 2.70429E-5 1.50673E-5 3.37964E-5 1.97348E-5 4.10745E-6 9.19946E-6 2.49711E-5 3.16779E-5 4.57842E-5 1.95201E-5 1.21133E-5 1.83161E-5 1.37922E-5 4.64896E-6 2.41383E-6 1.59086E-5 1.85097E-5 8.45598E-6 2.09488E-6 1.51695E-6
-9999 -9999 -9999 -9999 -9999 -9999 -9999 -9999 -9999 1.06059E-4 1.25585E-4 3.84676E-5 1.4617E-4 1.39484E-4 1.09625E-4 9.64343E-5 1.49259E-4 2.02744E-5 3.52975E-5 8.32894E-6 6.25053E-6 2.47248E-4 5.11806E-5 1.72008E-5 4.50728E-5 5.76511E-5 1.85521E-5 3.32699E-5 3.34525E-7 9.37177E-7 2.42013E-5 1.93339E-5 9.15454E-6 2.29785E-5 3.1333E-5 1.6297E-5 1.68586E-6 5.39614E-6 2.11683E-5 1.84744E-5 5.6123E-5 5.19523E-5 7.76154E-6 1.87823E-5 8.99864E-6 3.93695E-7 2.58795E-6 4.3858E-5 5.42657E-5 2.29306E-5 2.70132E-5 2.39949E-5 1.25764E-5 5.58512E-5 5.34744E-5 2.97664E-5 1.71869E-5 1.06269E-5 7.16652E-6 8.85614E-6 7.83608E-6 2.45597E-6 3.41746E-6 1.42213E-5 7.17819E-7 5.03114E-5
-9999 -9999 -9999 -9999 -9999 -9999 -9999 -9999 -9999 7.36625E-5 2.83961E-5 1.4247E-5 1.60807E-4 1.34539E-4 1.52699E-4 1.9337E-4 1.95065E-4 6.17852E-5 1.36531E-6 5.68701E-6 6.4676E-6 5.02256E-6 3.1583E-5 1.64174E-6 5.91278E-6 6.92508E-5 2.36958E-5 2.81292E-5 5.79213E-6 2.974E-5 3.38419E-5 2.14801E-5 5.1517E-5 3.78988E-5 1.54956E-5 1.46295E-5 4.93121E-6 4.80228E-5 1.24707E-5 4.12951E-5 3.21394E-5 7.53487E-6 5.92054E-6 1.10078E-5 5.3354E-6 2.93544E-5 3.73794E-5 6.11928E-5 8.67698E-5 2.42526E-5 7.62981E-6 1.46394E-5 1.54084E-5 2.81467E-5 2.68214E-5 2.21857E-5 1.36577E-5 9.28154E-6 2.66393E-6 2.83891E-6 1.26506E-5 9.98363E-6 3.55001E-6 4.09394E-7 2.20913E-7 3.11896E-6
-9999 -9999 -9999 -9999 -9999 -9999 -9999 -9999 -9999 3.30291E-5 2.97516E-5 4.09857E-6 8.84174E-5 1.69502E-4 1.72727E-4 1.30365E-4 1.46237E-4 8.24888E-5 5.16517E-5 2.05364E-6 7.93045E-6 2.64076E-6 1.98741E-7 3.13236E-6 1.87955E-5 2.02013E-5 4.20904E-6 9.80098E-6 1.13335E-5 1.26503E-5 7.55186E-5 5.66596E-5 1.45071E-5 4.27685E-6 1.19616E-5 9.00566E-6 3.54643E-5 4.85962E-5 1.93199E-5 5.13216E-5 4.92209E-5 2.00275E-5 1.2353E-5 1.48853E-5 9.87173E-6 5.70473E-5 4.19593E-5 5.31287E-5 1.45482E-5 2.6455E-5 1.38704E-5 9.58624E-6 1.3609E-5 4.76216E-6 2.37266E-5 8.89919E-6 1.47628E-5 9.87278E-6 1.89602E-6 6.90822E-6 1.30275E-5 5.62243E-6 1.23138E-5 1.04154E-5 7.48298E-6 3.22645E-7
-9999 -9999 -9999 -9999 -9999 -9999 -9999 -9999 -9999 -9999 7.00039E-5 1.06521E-5 7.78859E-5 1.62019E-4 1.72702E-4 1.30966E-4 1.23588E-4 6.36447E-5 8.67943E-5 4.30219E-5 1.41611E-4 6.30179E-5 1.87754E-6 1.7274E-5 2.57934E-5 2.05243E-6 1.59656E-5 2.71589E-5 6.2463E-5 3.24072E-5 6.61586E-5 3.52787E-5 7.34511E-5 1.77551E-5 1.32318E-5 3.39679E-5 4.11321E-6 2.25143E-5 2.46126E-6 4.91759E-5 3.93506E-5 1.11494E-5 3.59139E-6 3.94359E-5 4.27894E-5 5.36523E-5 4.25785E-5 9.93974E-6 2.63839E-6 4.6354E-6 1.35015E-5 1.59684E-5 1.02114E-5 3.57002E-6 1.89834E-5 2.34159E-5 2.00521E-5 1.84425E-5 5.2508E-6 2.99625E-6 1.46346E-5 5.7548E-6 1.51024E-5 5.81841E-6 6.05109E-6 6.78743E-6
-9999 -9999 -9999 -9999 -9999 -9999 -9999 -9999 -9999 -9999 -9999 2.37695E-5 2.17563E-5 1.24725E-4 2.02597E-4 1.81588E-4 1.67427E-4 1.53047E-4 1.33925E-4 7.15439E-5 2.58462E-4 1.73058E-6 4.40643E-7 2.50683E-7 1.42939E-6 8.25636E-6 1.2585E-4 9.28082E-5 9.36126E-5 5.94341E-5 5.43238E-6 4.48963E-6 3.2048E-5 4.47587E-5 4.26668E-5 2.53745E-5 9.83638E-7 9.23623E-7 8.41349E-7 6.48897E-5 8.35052E-5 9.28562E-7 1.69909E-7 3.64695E-5 9.69912E-5 1.56421E-4 3.82092E-5 2.76778E-6 8.79773E-7 6.40347E-6 1.55345E-5 3.55904E-5 7.08256E-6 3.24532E-5 1.8811E-5 9.12339E-6 3.89065E-6 5.53426E-6 5.93412E-6 6.51132E-6 8.25273E-6 6.33415E-6 8.62823E-6 5.08611E-6 2.47576E-6 3.66588E-6
-9999 -9999 -9999 -9999 -9999 -9999 -9999 -9999 -9999 -9999 -9999 -9999 3.02747E-5 2.98863E-5 1.21971E-4 2.29328E-4 2.35784E-4 1.67633E-4 1.59198E-4 2.03208E-4 1.09872E-4 5.09731E-5 3.51738E-5 7.12024E-6 1.36512E-6 5.1159E-5 1.10834E-5 1.08165E-5 5.41764E-5 8.29272E-5 6.51931E-5 3.10865E-5 5.16031E-5 7.51584E-5 6.02054E-5 4.75145E-6 1.814E-5 1.13211E-6 3.09381E-8 7.05286E-7 3.25562E-7 5.88227E-6 7.48472E-6 4.18773E-5 1.07785E-4 1.3035E-4 2.74893E-5 3.58823E-5 4.76081E-6 1.10388E-5 2.95415E-6 1.09345E-5 2.18146E-5 4.14329E-5 3.90838E-5 6.3348E-6 4.09033E-6 8.18081E-6 2.53514E-6 2.10076E-6 9.10481E-6 1.63953E-6 3.24503E-6 3.2388E-6 6.38454E-6 7.71675E-6
-9999 -9999 -9999 -9999 -9999 -9999 -9999 -9999 -9999 -9999 -9999 -9999 7.86714E-7 1.30049E-6 1.26548E-4 2.80798E-4 2.94963E-4 3.68049E-4 3.0474E-4 2.82255E-4 1.50396E-4 6.24368E-5 1.9958E-4 8.88051E-6 2.34709E-7 3.86337E-6 2.10112E-5 7.41463E-6 8.9489E-5 3.29771E-5 1.16175E-6 2.81463E-7 4.95454E-6 2.90011E-5 7.58103E-7 3.88112E-6 9.5305E-6 9.57768E-6 7.26637E-8 1.14992E-7 1.15421E-7 1.70454E-5 4.71624E-6 1.31271E-5 7.03515E-5 3.53548E-5 3.23387E-5 6.40981E-5 1.42468E-5 2.3721E-5 1.25548E-5 2.49739E-6 1.14119E-5 3.24833E-5 1.2515E-5 3.83039E-5 1.14731E-5 1.50924E-5 4.85619E-6 2.92221E-6 1.20092E-6 5.82205E-6 8.10897E-6 1.86461E-6 7.92043E-6 2.32043E-6
-9999 -9999 -9999 -9999 -9999 -9999 -9999 -9999 -9999 -9999 -9999 -9999 5.02549E-6 1.95359E-6 1.35071E-5 5.87137E-5 4.68411E-4 3.57369E-4 2.64843E-4 2.73347E-4 2.15012E-4 1.25585E-4 9.8513E-5 1.8294E-4 1.21148E-6 3.84873E-7 2.90006E-5 1.47805E-5 1.46065E-6 2.23359E-6 4.68924E-5 5.44018E-5 3.83929E-5 3.15233E-5 3.84206E-6 1.84735E-6 5.39004E-6 3.87741E-5 2.85461E-6 1.42054E-7 7.17207E-8 2.73054E-6 9.84653E-6 1.04594E-4 9.13634E-5 4.11871E-5 8.45197E-5 5.40927E-5 1.81954E-5 9.65637E-6 4.54678E-6 3.54402E-6 6.3905E-6 2.65732E-6 4.20673E-6 4.06615E-5 5.73242E-5 2.18328E-5 8.57163E-6 1.19126E-5 1.87929E-5 2.87775E-6 2.41968E-6 2.87944E-6 3.80919E-6 1.6136E-5
-9999 -9999 -9999 -9999 -9999 -9999 -9999 -9999 -9999 -9999 -9999 -9999 -9999 7.16387E-6 2.85706E-5 1.46452E-4 3.08932E-4 3.92786E-4 2.92167E-4 3.30142E-4 4.1908E-4 3.33351E-4 2.70779E-4 9.78926E-5 1.39176E-4 1.00668E-5 8.14711E-5 8.16163E-6 7.40779E-6 1.99088E-5 8.66644E-6 2.32553E-5 7.052E-5 1.62725E-4 6.2286E-5 1.07949E-5 2.84076E-5 3.23338E-5 6.25396E-5 1.97686E-7 1.70205E-7 1.24828E-7 1.46053E-5 1.5838E-4 1.34618E-4 2.24198E-5 1.07661E-5 5.95631E-5 1.45149E-5 1.33465E-5 2.04937E-6 1.25343E-5 2.54548E-8 2.11088E-5 1.93804E-6 2.47824E-5 5.05769E-5 3.30881E-5 3.13393E-5 1.468E-5 2.4209E-5 3.92225E-5 9.85397E-6 9.88611E-8 6.14855E-6 6.53771E-6
-9999 -9999 -9999 -9999 -9999 -9999 -9999 -9999 -9999 -9999 -9999 -9999 -9999 3.02801E-6 1.09495E-5 8.40734E-5 1.00143E-4 2.52904E-4 3.48344E-4 3.4237E-4 3.09717E-4 3.421E-4 8.36315E-5 1.04103E-5 1.14647E-4 3.0951E-5 1.74536E-6 6.92099E-5 5.18503E-6 9.40028E-6 1.05997E-5 4.01348E-5 2.37667E-6 1.34324E-5 4.80405E-5 6.91309E-5 4.64304E-5 3.02295E-5 4.0773E-5 1.33979E-7 9.40396E-7 6.37214E-6 3.33269E-5 3.52228E-5 7.01524E-5 4.58374E-5 1.38902E-5 7.81377E-6 3.26276E-5 1.08767E-5 6.9116E-6 2.56441E-7 9.44476E-10 1.08472E-7 9.30767E-6 3.11902E-6 3.60324E-5 1.93931E-5 3.26053E-5 1.85384E-5 2.25696E-5 7.64408E-6 8.94876E-6 6.24633E-6 1.81631E-5 2.4611E-6
-9999 -9999 -9999 -9999 -9999 -9999 -9999 -9999 -9999 -9999 -9999 -9999 -9999 -9999 8.48735E-7 3.8133E-5 1.93666E-4 3.86974E-4 3.56933E-4 3.55312E-4 3.65265E-4 6.5968E-4 2.70546E-4 3.65995E-5 2.33608E-5 4.42825E-5 1.86099E-5 9.53919E-6 4.05796E-8 5.19398E-5 4.63392E-5 3.5646E-5 3.36857E-5 7.08673E-5 1.60451E-5 4.65162E-5 9.60272E-5 2.55811E-5 3.50875E-6 2.49203E-6 7.1935E-5 1.32225E-5 1.66523E-6 1.42471E-6 1.9583E-5 5.50737E-5 4.24049E-5 3.18729E-5 6.85791E-6 2.67403E-5 1.01224E-6 3.09219E-7 5.47063E-9 1.04461E-6 3.74523E-6 2.45741E-5 2.47236E-5 6.18415E-5 4.05171E-5 3.50397E-6 1.8343E-6 4.20183E-7 2.23216E-6 6.14499E-6 1.38409E-5 1.42653E-6
-9999 -9999 -9999 -9999 -9999 -9999 -9999 -9999 -9999 -9999 -9999 -9999 -9999 -9999 2.16217E-5 1.61104E-4 2.25251E-4 4.01713E-4 4.41997E-4 3.28568E-4 3.5866E-4 3.40671E-4 2.18554E-4 2.17003E-4 1.05719E-4 9.07091E-5 4.12386E-5 2.84881E-5 4.60218E-8 2.07664E-7 3.32371E-5 3.29219E-5 3.97619E-6 5.51998E-6 1.02987E-5 3.83323E-5 5.88726E-6 1.07952E-5 2.2684E-5 6.58769E-5 1.4106E-5 1.18445E-6 2.72393E-6 1.89565E-6 1.17553E-6 2.38296E-6 8.02612E-6 3.92996E-5 8.02661E-7 7.75859E-6 4.23603E-6 1.7555E-6 2.83316E-6 3.42921E-5 2.80177E-5 2.80816E-5 2.0786E-5 9.27194E-6 3.01137E-5 4.66618E-7 2.42994E-6 1.54663E-6 1.05182E-6 6.41115E-6 8.36063E-6 1.09623E-7
-9999 -9999 -9999 -9999 -9999 -9999 -9999 -9999 -9999 -9999 -9999 -9999 -9999 -9999 -9999 3.27112E-4 2.84428E-4 4.10988E-4 4.02404E-4 3.0931E-4 3.18867E-4 3.06451E-4 2.79245E-4 2.02344E-4 1.86582E-4 4.94656E-5 5.01427E-5 1.71388E-6 1.88038E-6 2.44726E-7 1.3753E-5 4.49366E-5 9.1094E-6 4.85055E-5 1.38433E-6 2.81903E-6 3.84464E-6 3.42013E-6 2.37963E-7 5.73622E-6 2.07052E-6 3.44434E-6 3.60231E-6 3.85889E-6 8.75498E-6 4.90956E-6 2.13985E-6 2.53107E-5 1.83691E-6 2.0583E-6 4.62131E-6 3.11536E-5 6.06071E-6 3.41683E-6 1.37128E-6 1.1125E-5 1.73625E-6 2.50812E-6 7.04967E-6 1.64668E-5 8.99345E-6 6.80405E-6 2.42174E-6 3.69942E-6 7.60627E-6 3.00418E-8
-9999 -9999 -9999 -9999 -9999 -9999 -9999 -9999 -9999 -9999 -9999 -9999 -9999 -9999 -9999 5.16984E-4 2.96422E-4 3.2596E-4 3.68578E-4 3.5016E-4 3.29207E-4 3.28272E-4 5.53555E-4 3.65074E-4 1.93423E-4 2.09716E-4 2.84221E-4 9.92027E-5 5.01276E-5 4.95668E-5 1.1837E-5 2.96151E-5 1.6247E-5 1.65136E-5 1.97228E-5 2.91704E-6 1.76887E-5 9.22025E-6 2.51698E-5 1.13193E-6 4.33191E-6 1.88118E-6 1.01489E-5 5.44509E-6 3.06537E-5 5.79866E-7 2.36027E-6 3.18516E-6 6.31006E-6 3.09177E-6 1.69622E-5 3.35477E-5 2.57524E-5 4.5728E-7 8.92873E-7 6.4086E-7 6.37814E-6 1.28857E-6 1.96366E-6 1.41797E-5 1.27062E-5 1.09121E-5 4.97255E-6 2.91455E-6 1.51239E-6 4.56518E-8
-9999 -9999 -9999 -9999 -9999 -9999 -9999 -9999 -9999 -9999 -9999 -9999 -9999 -9999 -9999 3.57691E-5 6.27338E-5 1.2009E-4 2.27866E-4 2.57654E-4 2.70448E-4 2.98178E-4 3.98425E-4 4.28025E-4 3.00131E-4 2.84607E-4 1.09455E-4 1.29614E-5 2.29226E-5 2.19639E-5 1.11947E-5 5.26728E-5 2.79878E-5 9.1625E-6 2.54929E-5 5.43677E-6 6.36291E-6 1.04788E-5 1.24739E-5 2.35199E-6 2.75463E-6 1.37232E-5 2.57741E-6 4.71953E-6 2.00043E-5 3.97399E-6 1.26599E-6 1.59683E-6 9.95496E-6 1.25627E-5 1.35095E-5 9.0561E-6 1.30863E-5 5.17341E-6 4.19206E-6 1.15258E-6 4.6946E-6 5.3324E-6 1.06839E-6 7.16996E-7 5.42228E-6 1.10099E-5 1.61096E-6 4.52247E-7 1.60921E-6 5.81527E-6
-9999 -9999 -9999 -9999 -9999 -9999 -9999 -9999 -9999 -9999 -9999 -9999 -9999 -9999 -9999 5.29187E-5 3.17472E-4 2.70971E-4 3.24234E-4 3.82235E-4 2.59138E-4 2.48093E-4 3.21954E-4 3.17546E-4 2.91856E-4 2.87792E-4 1.38243E-4 1.29251E-5 1.48799E-4 1.99998E-5 3.80699E-6 2.95688E-5 6.73503E-5 8.1566E-6 1.2122E-5 2.84961E-6 2.90818E-7 2.13022E-6 1.32317E-5 1.18215E-5 5.62652E-6 1.04254E-5 6.21036E-6 1.89657E-6 2.93738E-6 8.48559E-6 2.56812E-6 8.43609E-6 7.37028E-6 9.34654E-6 1.61947E-6 3.92883E-6 1.90353E-7 2.44619E-6 1.8738E-6 4.63484E-6 1.9481E-5 1.69021E-6 1.48466E-6 2.11718E-6 4.28543E-6 3.73764E-6 1.35024E-5 1.6614E-5 3.69513E-6 1.66054E-6
-9999 -9999 -9999 -9999 -9999 -9999 -9999 -9999 -9999 -9999 -9999 -9999 -9999 -9999 -9999 -9999 -9999 1.70352E-4 3.12172E-4 3.61409E-4 2.20386E-4 2.33402E-4 2.53919E-4 2.98092E-4 3.10861E-4 2.92234E-4 1.56193E-4 4.58575E-5 1.39143E-4 1.25902E-4 1.01654E-5 1.88171E-5 3.30293E-6 2.60685E-5 8.08845E-6 2.69102E-6 1.27788E-5 2.38149E-5 2.51581E-5 1.59203E-5 1.75857E-6 9.33954E-7 2.24043E-5 1.2061E-6 2.6361E-6 5.36749E-6 8.09274E-6 3.73041E-7 1.08917E-6 1.38848E-5 2.10338E-7 1.58482E-7 6.00463E-7 2.89976E-6 1.1722E-5 2.07152E-5 1.44841E-5 3.39591E-6 3.70847E-7 2.55512E-7 5.35225E-6 5.26487E-6 4.03151E-6 1.36563E-5 6.91761E-6 1.62297E-6
-9999 -9999 -9999 -9999 -9999 -9999 -9999 -9999 -9999 -9999 -9999 -9999 -9999 -9999 -9999 -9999 -9999 1.36258E-5 6.06114E-5 2.62778E-4 2.4541E-4 2.28739E-4 2.40541E-4 2.88509E-4 3.33763E-4 3.05887E-4 5.95644E-5 3.17206E-6 9.22579E-5 1.1885E-4 1.67827E-4 4.13741E-5 1.85083E-4 3.68284E-6 1.15438E-5 4.81989E-6 1.01477E-6 6.93561E-6 6.27699E-6 6.01641E-8 6.71508E-6 1.65774E-5 5.95146E-6 4.63128E-6 1.47226E-6 1.09254E-5 4.1899E-7 2.92702E-6 1.42895E-7 7.36789E-7 1.26914E-6 2.92061E-6 5.6972E-7 2.48873E-6 6.20278E-6 6.89565E-6 3.34594E-6 3.39188E-6 4.91424E-7 2.48676E-6 2.90599E-7 7.57416E-7 2.69884E-6 7.34747E-6 4.38718E-6 6.57578E-6
-9999 -9999 -9999 -9999 -9999 -9999 -9999 -9999 -9999 -9999 -9999 -9999 -9999 -9999 -9999 -9999 -9999 -9999 -9999 1.99264E-4 2.85108E-4 2.73E-4 2.14061E-4 2.46478E-4 2.8617E-4 1.50526E-4 8.75122E-5 7.44888E-5 7.60195E-5 1.51371E-4 2.3302E-5 2.69357E-7 3.64845E-5 5.47563E-5 8.25816E-6 4.15008E-5 4.16587E-5 7.28893E-7 1.75313E-7 2.76513E-7 1.4006E-6 9.50039E-6 4.84222E-6 4.08395E-7 1.59525E-6 6.35901E-5 3.33325E-5 1.22588E-5 9.49728E-7 1.04748E-6 1.13647E-5 1.02367E-6 2.47871E-6 1.49516E-7 7.27841E-6 7.77285E-6 1.58329E-6 1.87915E-6 2.02062E-6 3.33076E-7 5.45627E-7 2.87606E-7 3.99922E-6 6.33528E-6 8.77891E-7 5.3456E-6
-9999 -9999 -9999 -9999 -9999 -9999 -9999 -9999 -9999 -9999 -9999 -9999 -9999 -9999 -9999 -9999 -9999 -9999 -9999 9.28881E-5 1.67803E-4 2.5069E-4 2.35727E-4 2.39143E-4 2.82119E-4 1.54464E-4 2.39366E-4 1.72814E-4 9.2676E-5 2.39421E-4 2.80584E-5 1.07832E-7 1.87587E-6 5.58534E-5 1.89542E-4 1.55964E-4 1.20482E-4 6.60209E-8 2.92463E-7 3.35653E-7 1.3079E-6 1.57012E-6 4.74106E-6 5.73806E-6 9.0078E-6 4.5095E-6 7.74835E-6 8.58922E-6 1.73708E-6 2.24316E-6 5.19884E-7 6.03125E-7 1.02331E-5 6.16297E-7 7.82473E-7 2.00497E-6 3.75376E-6 3.29012E-6 7.99505E-6 8.17231E-6 2.03612E-6 5.83548E-7 3.36531E-6 5.57359E-6 5.67248E-6 2.83019E-6
-9999 -9999 -9999 -9999 -9999 -9999 -9999 -9999 -9999 -9999 -9999 -9999 -9999 -9999 -9999 -9999 -9999 -9999 -9999 7.32716E-6 2.12172E-4 2.82262E-4 2.50022E-4 2.58674E-4 3.54656E-4 1.19809E-4 3.10037E-4 1.72039E-4 1.56587E-4 1.85853E-4 4.17162E-5 3.17229E-6 1.01182E-6 1.41848E-5 1.49429E-4 1.80747E-4 1.27989E-4 3.6456E-8 1.99827E-6 1.78599E-6 2.32554E-6 3.50124E-6 2.7517E-6 1.10309E-6 3.13231E-5 2.33321E-5 2.50766E-5 1.12037E-5 3.88847E-6 3.15116E-8 1.90524E-6 4.00279E-6 3.92284E-6 1.35216E-6 1.77962E-5 6.74978E-6 8.29378E-6 1.22721E-6 6.36337E-6 5.48716E-6 7.00282E-6 4.8438E-6 3.52982E-7 1.32663E-7 2.07858E-6 6.87333E-6
-9999 -9999 -9999 -9999 -9999 -9999 -9999 -9999 -9999 -9999 -9999 -9999 -9999 -9999 -9999 -9999 -9999 -9999 -9999 2.44125E-5 1.87081E-4 2.54874E-4 3.14892E-4 2.8039E-4 6.58863E-5 3.21479E-5 2.71291E-4 2.57092E-4 2.10171E-4 3.73747E-4 1.46945E-4 1.05748E-5 4.49499E-6 9.2629E-6 6.99945E-5 1.70793E-4 2.03167E-4 1.6382E-5 4.37033E-6 7.93169E-6 4.94388E-7 4.82924E-6 2.82696E-5 1.36903E-5 2.77727E-5 2.9236E-5 4.67451E-6 1.53776E-6 1.47146E-6 9.23711E-7 2.43619E-5 1.22464E-5 3.514E-6 1.47398E-5 1.49863E-6 5.89345E-6 1.58281E-5 3.65892E-6 6.80031E-6 1.72024E-6 2.80649E-6 2.0083E-7 3.21097E-6 3.13737E-6 1.47616E-6 5.15629E-6
-9999 -9999 -9999 -9999 -9999 -9999 -9999 -9999 -9999 -9999 -9999 -9999 -9999 -9999 -9999 -9999 -9999 -9999 -9999 -9999 8.9914E-5 1.71472E-4 3.33785E-4 2.5481E-4 1.38324E-4 8.48968E-5 4.00377E-4 3.2864E-4 2.89174E-4 1.85217E-4 2.74129E-4 1.44874E-4 1.09127E-5 1.20653E-4 6.57576E-5 1.63892E-4 3.86467E-5 5.38323E-7 7.5387E-7 4.57004E-6 2.4441E-6 8.9224E-6 3.06175E-5 5.25771E-6 1.16342E-5 3.43206E-6 1.42486E-5 1.93589E-5 1.91034E-5 7.62006E-7 1.87796E-6 1.39953E-5 1.1234E-5 1.86991E-5 8.32522E-6 5.8741E-6 3.58856E-5 3.84555E-5 6.10745E-6 1.39168E-6 1.15865E-5 2.17389E-5 1.82559E-6 3.70646E-6 1.12746E-6 7.97548E-7
-9999 -9999 -9999 -9999 -9999 -9999 -9999 -9999 -9999 -9999 -9999 -9999 -9999 -9999 -9999 -9999 -9999 -9999 -9999 -9999 1.43059E-4 2.03246E-4 3.40302E-4 2.3263E-4 3.35484E-4 3.73235E-4 3.41325E-4 3.31837E-4 3.06485E-4 3.36428E-4 3.40813E-4 1.03209E-4 3.54805E-5 1.82868E-5 6.52072E-5 1.63009E-4 5.57886E-5 1.92765E-6 3.16118E-6 1.01402E-5 1.83154E-5 1.38578E-4 2.16231E-5 3.65481E-5 8.01704E-6 4.10453E-6 3.44339E-6 2.50988E-6 9.24042E-6 1.68227E-5 3.50638E-6 6.80158E-6 1.79172E-6 5.63702E-6 4.00438E-6 2.78389E-6 2.34671E-6 1.33458E-6 6.987E-6 1.11105E-5 5.88867E-6 6.20756E-6 9.78783E-7 5.70162E-7 4.34266E-6 2.23728E-6
-9999 -9999 -9999 -9999 -9999 -9999 -9999 -9999 -9999 -9999 -9999 -9999 -9999 -9999 -9999 -9999 -9999 -9999 -9999 -9999 1.0638E-5 1.47445E-4 3.2422E-4 1.86986E-4 1.83759E-4 3.47394E-4 3.39676E-4 3.84595E-4 3.52955E-4 3.97314E-4 3.43003E-4 1.11812E-4 1.33233E-4 1.50578E-4 2.32953E-4 5.44019E-5 8.05743E-5 7.09558E-6 7.08246E-7 1.57542E-6 1.40198E-5 3.20883E-6 1.05215E-5 5.5589E-5 1.99081E-5 6.79977E-6 8.29346E-6 1.64591E-6 2.46043E-6 3.00815E-5 2.18533E-5 6.3641E-6 2.7462E-6 2.71623E-6 5.04414E-6 2.95074E-6 1.71538E-6 3.12656E-6 6.40947E-6 9.38401E-6 2.49506E-6 4.64507E-6 1.11119E-5 4.70614E-6 1.52621E-5 7.50578E-6
-9999 -9999 -9999 -9999 -9999 -9999 -9999 -9999 -9999 -9999 -9999 -9999 -9999 -9999 -9999 -9999 -9999 -9999 -9999 -9999 -9999 4.91798E-5 3.03671E-4 1.72902E-4 2.9377E-4 3.77786E-4 6.33533E-4 3.75995E-4 3.57336E-4 3.85291E-4 3.64608E-4 1.69513E-4 1.99107E-4 2.22974E-4 2.10008E-4 2.29212E-4 7.64433E-5 2.52491E-5 7.97838E-7 2.53989E-6 1.51895E-5 2.16665E-6 4.33517E-6 8.32674E-6 3.47061E-5 1.09967E-5 1.61729E-5 2.6736E-6 1.63384E-6 2.32261E-6 4.51624E-6 6.35582E-7 2.81431E-6 8.69811E-6 5.60086E-6 4.14633E-6 2.3494E-6 8.66972E-6 1.08419E-5 1.88136E-5 1.51525E-5 2.28586E-5 2.13011E-5 8.37855E-6 7.14947E-6 8.00512E-6
-9999 -9999 -9999 -9999 -9999 -9999 -9999 -9999 -9999 -9999 -9999 -9999 -9999 -9999 -9999 -9999 -9999 -9999 -9999 -9999 -9999 -9999 2.0206E-4 1.52901E-4 2.43606E-4 3.29949E-4 3.26091E-4 3.70846E-4 3.37785E-4 3.38E-4 3.51955E-4 3.14419E-4 2.24531E-4 4.28871E-4 3.46751E-4 2.59078E-4 6.07228E-5 2.00656E-5 2.10137E-7 8.51929E-7 6.00168E-6 8.48878E-6 6.36183E-5 4.75994E-6 3.17988E-5 3.00836E-5 9.71219E-6 1.68601E-6 6.01705E-6 1.05282E-6 1.45577E-6 3.6758E-6 1.07914E-5 2.1681E-5 1.04404E-5 1.31183E-6 3.08976E-7 5.30365E-7 6.36591E-6 6.21661E-5 1.47573E-5 8.15737E-7 4.65476E-6 2.97116E-6 1.96533E-6 2.72071E-5
