catData/rasterBestHybridModels/Pbengalensis/RD_BM01_RM1_LQH/Pbengalensis_min.asc
ncols         409
nrows         350
xllcorner     60.897278365
yllcorner     5.843756025
cellsize      0.0892857
NODATA_value  -9999
[rows 58 to 86 of 350, columns 66 to 131 of 409]
-9999 -9999 -9999 -9999 -9999 -9999 -9999 -9999 -9999 -9999 -9999 -9999 -9999 -9999 -9999 -9999 -9999 -9999 -9999 -9999 -9999 -9999 -9999 -9999 -9999 -9999 -9999 4.33895E-5 1.98322E-5 1.53699E-5 2.08808E-5 4.35793E-5 1.97679E-5 3.03476E-5 1.08247E-4 7.4492E-5 1.53311E-5 1.05945E-5 8.01443E-6 9.29367E-6 1.06858E-5 1.21878E-5 9.62269E-6 8.92564E-6 1.45583E-5 2.44783E-5 4.77106E-5 2.11916E-5 1.51183E-5 1.04958E-5 1.10241E-5 1.21838E-5 1.28582E-5 7.793E-6 6.66075E-6 5.57465E-6 4.57766E-6 4.67937E-6 5.80847E-6 7.22218E-6 1.1364E-5 2.17591E-5 3.46414E-5 3.00955E-5 2.93419E-5 1.76813E-5
-9999 -9999 -9999 -9999 -9999 -9999 -9999 -9999 -9999 -9999 -9999 -9999 -9999 -9999 -9999 2.63568E-5 -9999 -9999 -9999 4.26073E-5 4.6352E-5 -9999 -9999 -9999 -9999 -9999 9.22871E-5 9.90657E-5 6.40578E-5 2.01921E-5 2.3835E-5 1.93137E-5 1.59853E-5 7.06687E-5 1.03257E-4 1.64096E-4 2.27082E-5 1.0942E-5 7.72102E-6 7.62383E-6 7.87019E-6 7.86437E-6 7.5578E-6 1.06339E-5 1.69479E-5 1.91445E-5 3.60035E-5 2.86899E-5 2.41589E-5 1.1287E-5 9.78979E-6 1.23131E-5 1.19016E-5 7.05644E-6 6.91616E-6 6.13472E-6 4.12143E-6 4.11302E-6 5.81251E-6 7.39729E-6 1.65825E-5 3.34166E-5 2.03487E-5 1.93476E-5 2.89884E-5 1.93447E-5
-9999 -9999 -9999 -9999 -9999 -9999 -9999 -9999 -9999 -9999 -9999 -9999 -9999 -9999 3.68045E-5 3.27419E-5 3.36483E-5 3.74088E-5 3.87714E-5 4.55295E-5 5.00729E-5 5.14227E-5 -9999 -9999 -9999 -9999 1.17821E-4 1.26793E-4 6.73538E-5 2.73204E-5 2.38332E-5 2.56396E-5 7.85554E-5 1.05258E-4 7.43808E-5 1.53187E-4 3.79621E-5 1.16152E-5 9.07341E-6 6.68922E-6 7.41503E-6 7.18597E-6 6.50017E-6 1.02309E-5 1.47076E-5 1.59116E-5 2.78568E-5 2.3692E-5 1.32281E-5 1.04616E-5 7.70574E-6 7.78988E-6 7.37107E-6 5.97871E-6 6.78658E-6 5.21668E-6 3.00414E-6 3.82494E-6 5.98302E-6 6.93783E-6 1.29178E-5 1.69989E-5 1.7256E-5 1.6552E-5 1.66335E-5 1.85798E-5
-9999 -9999 -9999 -9999 -9999 -9999 -9999 -9999 -9999 -9999 -9999 -9999 -9999 4.34691E-5 4.06286E-5 3.99344E-5 4.15521E-5 4.07229E-5 4.117E-5 5.08637E-5 5.6189E-5 5.42659E-5 5.92488E-5 -9999 9.58881E-5 1.05565E-4 1.25969E-4 1.23616E-4 7.00815E-5 5.71075E-5 3.81268E-5 5.46204E-5 1.36453E-4 1.4004E-4 1.08818E-4 1.45463E-4 6.47378E-5 1.32255E-5 9.05112E-6 6.22299E-6 6.29139E-6 5.40083E-6 5.33018E-6 8.19249E-6 1.25562E-5 2.33492E-5 2.32567E-5 2.52264E-5 1.58408E-5 1.06245E-5 6.52627E-6 6.27752E-6 5.22335E-6 5.29362E-6 5.75297E-6 4.49128E-6 3.45823E-6 4.24072E-6 5.42894E-6 7.50403E-6 1.07281E-5 1.33377E-5 1.40212E-5 1.6317E-5 2.0564E-5 3.50648E-5
-9999 -9999 -9999 -9999 -9999 -9999 -9999 -9999 -9999 -9999 -9999 5.70019E-5 5.40908E-5 5.38182E-5 5.0835E-5 4.84603E-5 4.89499E-5 4.74682E-5 4.963E-5 5.0485E-5 5.81165E-5 6.2387E-5 6.89703E-5 8.84154E-5 1.08884E-4 1.15804E-4 1.23139E-4 1.24284E-4 1.04475E-4 7.53781E-5 5.15559E-5 7.76937E-5 1.51145E-4 1.42301E-4 1.28966E-4 1.66106E-4 6.73218E-5 1.22279E-5 9.2079E-6 5.56494E-6 4.09287E-6 4.09141E-6 4.68895E-6 6.45433E-6 1.24979E-5 2.27209E-5 1.68706E-5 1.19535E-5 9.80092E-6 8.26677E-6 6.22325E-6 6.5488E-6 6.85919E-6 6.79679E-6 6.33553E-6 5.14242E-6 4.83768E-6 4.40105E-6 5.20697E-6 8.05876E-6 1.04634E-5 1.18184E-5 1.42908E-5 1.48513E-5 1.80113E-5 2.76444E-5
-9999 -9999 -9999 -9999 -9999 -9999 -9999 -9999 -9999 7.17686E-5 7.3581E-5 7.001E-5 6.9539E-5 6.50349E-5 6.2903E-5 6.33532E-5 6.31746E-5 5.71029E-5 5.44089E-5 5.12126E-5 5.48072E-5 6.6273E-5 7.80067E-5 9.94588E-5 1.0457E-4 1.14844E-4 1.25572E-4 1.24748E-4 7.89099E-5 5.34514E-5 6.14017E-5 1.18594E-4 1.60061E-4 1.49353E-4 1.42988E-4 1.63063E-4 1.17695E-4 1.26072E-5 7.53986E-6 4.62389E-6 3.15063E-6 3.6628E-6 5.37414E-6 7.78816E-6 1.62227E-5 1.45788E-5 1.21677E-5 8.21914E-6 7.70226E-6 7.51753E-6 6.56108E-6 8.66862E-6 1.1283E-5 7.27637E-6 6.32887E-6 4.85814E-6 4.45846E-6 4.47292E-6 5.81567E-6 9.91897E-6 1.26587E-5 1.46892E-5 1.56627E-5 1.4499E-5 1.63233E-5 1.80071E-5
-9999 -9999 -9999 -9999 -9999 -9999 -9999 -9999 -9999 -9999 8.78913E-5 8.46174E-5 8.05572E-5 7.49872E-5 7.35456E-5 7.477E-5 7.50689E-5 7.07859E-5 6.71091E-5 6.47307E-5 6.39861E-5 7.13615E-5 8.57661E-5 9.3314E-5 9.78713E-5 1.10949E-4 1.04991E-4 8.1426E-5 5.96686E-5 8.68644E-5 1.1347E-4 1.39866E-4 1.51685E-4 1.57372E-4 1.29676E-4 1.57313E-4 1.48643E-4 2.27068E-5 6.77997E-6 4.5648E-6 3.28527E-6 3.8727E-6 5.84562E-6 9.4272E-6 1.83273E-5 1.49645E-5 1.13808E-5 9.17723E-6 8.05057E-6 8.57845E-6 6.93915E-6 7.45888E-6 8.41323E-6 6.54843E-6 5.41774E-6 4.43246E-6 3.69288E-6 4.07526E-6 6.05874E-6 1.02179E-5 1.41377E-5 2.31635E-5 2.46106E-5 1.68041E-5 1.52046E-5 1.60523E-5
8.36516E-5 7.92101E-5 7.27803E-5 6.89433E-5 -9999 -9999 -9999 -9999 9.37874E-5 9.76094E-5 9.87038E-5 9.76021E-5 9.34742E-5 8.70081E-5 8.27694E-5 8.57262E-5 8.75386E-5 9.18415E-5 9.23467E-5 8.72043E-5 8.50959E-5 8.07057E-5 8.65161E-5 8.78954E-5 9.52317E-5 9.23291E-5 7.34073E-5 6.83154E-5 6.39905E-5 1.03667E-4 1.47902E-4 1.47727E-4 1.70613E-4 1.44006E-4 9.55819E-5 1.58577E-4 1.68671E-4 2.53198E-5 8.07538E-6 5.13237E-6 3.7671E-6 3.98924E-6 5.90419E-6 7.53757E-6 1.85551E-5 2.01183E-5 2.25832E-5 1.1849E-5 9.95617E-6 1.30392E-5 8.11792E-6 5.68303E-6 6.32184E-6 5.42709E-6 4.75022E-6 4.53515E-6 3.56008E-6 3.69155E-6 5.84486E-6 1.1797E-5 1.61695E-5 2.31983E-5 2.6548E-5 1.73888E-5 1.62001E-5 1.89379E-5
9.54347E-5 8.77976E-5 8.46517E-5 8.33996E-5 8.62696E-5 9.50628E-5 9.99794E-5 1.02578E-4 1.12083E-4 1.19951E-4 1.21538E-4 1.22866E-4 1.14212E-4 1.00385E-4 9.38891E-5 9.71202E-5 9.96595E-5 1.03532E-4 1.02283E-4 9.68736E-5 8.8231E-5 7.65045E-5 7.45927E-5 8.82543E-5 9.88072E-5 9.85192E-5 7.04791E-5 5.618E-5 6.6034E-5 1.18622E-4 1.33317E-4 1.37774E-4 1.69406E-4 1.41668E-4 6.71013E-5 1.44812E-4 1.42426E-4 2.53431E-5 1.0814E-5 4.96596E-6 3.94839E-6 3.74425E-6 4.81673E-6 6.99682E-6 1.87869E-5 1.92062E-5 1.4107E-5 1.00374E-5 1.09945E-5 1.89577E-5 9.05883E-6 5.36411E-6 4.95079E-6 4.30228E-6 3.97221E-6 3.64345E-6 4.08942E-6 4.714E-6 7.09419E-6 1.14072E-5 1.34384E-5 1.50988E-5 1.59756E-5 1.49858E-5 1.6337E-5 2.69843E-5
1.20222E-4 1.1048E-4 1.0762E-4 1.0741E-4 1.05083E-4 1.08979E-4 1.14474E-4 1.27161E-4 1.46092E-4 1.43727E-4 1.25838E-4 1.20806E-4 1.10147E-4 9.99291E-5 9.95534E-5 1.05592E-4 1.11661E-4 1.11864E-4 1.08991E-4 1.02148E-4 9.91659E-5 8.60538E-5 8.75841E-5 8.8257E-5 9.50356E-5 8.42517E-5 5.39051E-5 5.0199E-5 8.22268E-5 1.19242E-4 1.18496E-4 1.36018E-4 1.86023E-4 1.64121E-4 7.09028E-5 1.55123E-4 1.67532E-4 5.29407E-5 1.13323E-5 6.42162E-6 5.48421E-6 4.12442E-6 4.31852E-6 6.49694E-6 1.60805E-5 1.96652E-5 1.22071E-5 9.55981E-6 8.74111E-6 9.87394E-6 7.97849E-6 4.45553E-6 3.92181E-6 3.48734E-6 3.71476E-6 5.00917E-6 6.17764E-6 7.9857E-6 9.28587E-6 1.07063E-5 1.09112E-5 1.23214E-5 1.45727E-5 1.63626E-5 1.4675E-5 1.58247E-5
1.51866E-4 1.49274E-4 1.39564E-4 1.38404E-4 1.31323E-4 1.34089E-4 1.43065E-4 1.54586E-4 1.79777E-4 1.7985E-4 1.63867E-4 1.39321E-4 1.16343E-4 1.05666E-4 9.9345E-5 1.03163E-4 1.15846E-4 1.34718E-4 1.41589E-4 1.20669E-4 1.19837E-4 1.02106E-4 9.27373E-5 8.98364E-5 7.64697E-5 3.95466E-5 4.04962E-5 5.25212E-5 8.39099E-5 1.08187E-4 1.2766E-4 1.68355E-4 1.9994E-4 1.62236E-4 9.50461E-5 1.82466E-4 1.97674E-4 6.15182E-5 1.56771E-5 1.18506E-5 7.85462E-6 5.56089E-6 5.25561E-6 6.59502E-6 1.61878E-5 2.73268E-5 2.40391E-5 1.09343E-5 8.44709E-6 7.3967E-6 7.8108E-6 4.9659E-6 3.50295E-6 4.24217E-6 5.4322E-6 6.86083E-6 9.86035E-6 1.24753E-5 1.18537E-5 1.14596E-5 1.01309E-5 1.14124E-5 1.40548E-5 2.96205E-5 2.12277E-5 1.53412E-5
1.38621E-4 1.39002E-4 1.35038E-4 1.29939E-4 1.2704E-4 1.22415E-4 1.33757E-4 1.61692E-4 2.11422E-4 2.15244E-4 1.58886E-4 1.27796E-4 1.14366E-4 1.02671E-4 8.33863E-5 7.60381E-5 7.56797E-5 8.80985E-5 1.03901E-4 9.72489E-5 7.2715E-5 5.35746E-5 6.22963E-5 6.56815E-5 3.16895E-5 2.74932E-5 4.12354E-5 7.53444E-5 9.76017E-5 1.15617E-4 1.40054E-4 1.66737E-4 1.74763E-4 1.39022E-4 1.11505E-4 1.49355E-4 1.9169E-4 7.36036E-5 1.95371E-5 1.36387E-5 9.1002E-6 6.16201E-6 5.88324E-6 7.57014E-6 1.37096E-5 2.438E-5 1.36379E-5 9.11003E-6 7.85428E-6 6.51489E-6 5.54603E-6 4.51422E-6 3.55984E-6 4.40833E-6 5.25509E-6 7.8146E-6 1.41146E-5 1.95801E-5 1.41418E-5 1.27618E-5 1.11184E-5 1.09244E-5 1.26103E-5 1.46683E-5 1.47837E-5 1.3374E-5
6.69275E-5 6.53648E-5 6.93605E-5 8.01736E-5 9.04646E-5 9.8298E-5 1.20819E-4 1.832E-4 2.06486E-4 1.5617E-4 1.22164E-4 1.13729E-4 1.13285E-4 1.01061E-4 9.14308E-5 8.80776E-5 9.03476E-5 7.54075E-5 6.28221E-5 6.45992E-5 6.24773E-5 6.03579E-5 5.07217E-5 3.71306E-5 3.82489E-5 4.46694E-5 6.49064E-5 8.83478E-5 1.02269E-4 1.08341E-4 1.17662E-4 1.29626E-4 1.25993E-4 1.18334E-4 9.45443E-5 1.37944E-4 2.24318E-4 1.41299E-4 1.82545E-5 1.34428E-5 1.16011E-5 8.10047E-6 7.43167E-6 9.35891E-6 2.18088E-5 4.34628E-5 2.03044E-5 9.51826E-6 7.27881E-6 6.41209E-6 5.86182E-6 5.24088E-6 4.69156E-6 4.92028E-6 6.22697E-6 9.50265E-6 1.60892E-5 2.31957E-5 1.44494E-5 1.19364E-5 1.05991E-5 1.22032E-5 1.9953E-5 2.37983E-5 1.52877E-5 2.03855E-5
4.99815E-5 5.52053E-5 7.21728E-5 7.83104E-5 7.53973E-5 1.05638E-4 1.22529E-4 1.56552E-4 1.82749E-4 1.65246E-4 1.95901E-4 1.65943E-4 1.33866E-4 1.2679E-4 1.14882E-4 8.92066E-5 8.82739E-5 1.57273E-4 8.30428E-5 8.11018E-5 6.58363E-5 6.72388E-5 6.15316E-5 7.01567E-5 8.84448E-5 8.39181E-5 5.86371E-5 6.87014E-5 8.19217E-5 8.78947E-5 1.02858E-4 1.06159E-4 9.63505E-5 9.12518E-5 5.54207E-5 8.11478E-5 1.54588E-4 9.44617E-5 1.46353E-5 1.37034E-5 1.29737E-5 1.11942E-5 1.25131E-5 1.88262E-5 2.57156E-5 3.43456E-5 1.5952E-5 9.38999E-6 6.78522E-6 5.71578E-6 5.43806E-6 5.22359E-6 5.39612E-6 5.83671E-6 9.99307E-6 2.06646E-5 1.46139E-5 1.27897E-5 1.29014E-5 1.13539E-5 1.2055E-5 1.39109E-5 1.88641E-5 2.61181E-5 2.09521E-5 3.50128E-5
3.34513E-5 3.79315E-5 4.93526E-5 5.66916E-5 9.88575E-5 1.17822E-4 1.31436E-4 1.49764E-4 1.95394E-4 2.23098E-4 2.22857E-4 1.83319E-4 1.43207E-4 1.19782E-4 1.12994E-4 1.24186E-4 1.3802E-4 1.44206E-4 1.35386E-4 1.22009E-4 1.06713E-4 1.0757E-4 1.11129E-4 1.09327E-4 1.04093E-4 8.94123E-5 5.83391E-5 5.49208E-5 6.68338E-5 7.22292E-5 8.51304E-5 7.72191E-5 6.57085E-5 6.0295E-5 4.77495E-5 4.74551E-5 9.3864E-5 4.5266E-5 1.30558E-5 1.0205E-5 1.23132E-5 1.18969E-5 9.82681E-6 9.9846E-6 1.63895E-5 2.06948E-5 1.9586E-5 1.10108E-5 8.30203E-6 5.74402E-6 4.37735E-6 4.29805E-6 6.27613E-6 7.17071E-6 1.11607E-5 1.80395E-5 1.44831E-5 2.19905E-5 2.32965E-5 1.40377E-5 1.49157E-5 1.61229E-5 1.45921E-5 1.4779E-5 1.60132E-5 1.82378E-5
3.25045E-5 3.65742E-5 4.31068E-5 6.29174E-5 9.0061E-5 1.17787E-4 1.52587E-4 1.92191E-4 2.81104E-4 2.6348E-4 2.54319E-4 2.31658E-4 2.02371E-4 1.5811E-4 1.21919E-4 1.17964E-4 1.22598E-4 1.2647E-4 1.28248E-4 1.34141E-4 1.37596E-4 1.39627E-4 1.27604E-4 9.60658E-5 6.82642E-5 5.93091E-5 6.02648E-5 4.68674E-5 4.43208E-5 5.74771E-5 5.75727E-5 3.80923E-5 3.96232E-5 5.3062E-5 5.6242E-5 4.98317E-5 1.03223E-4 2.57868E-5 1.23143E-5 9.73209E-6 1.26786E-5 9.11808E-6 7.11382E-6 7.44678E-6 1.16983E-5 2.26079E-5 2.27632E-5 1.14678E-5 7.88882E-6 5.79677E-6 4.56917E-6 3.80926E-6 5.1735E-6 8.51649E-6 1.17202E-5 1.23106E-5 1.35359E-5 1.76705E-5 1.7848E-5 1.44147E-5 2.67184E-5 2.92331E-5 1.71734E-5 1.53733E-5 1.5926E-5 2.71514E-5
3.36321E-5 3.51193E-5 4.72557E-5 1.0604E-4 1.1289E-4 1.22833E-4 1.8113E-4 2.41491E-4 2.69334E-4 2.86464E-4 3.12334E-4 2.98072E-4 2.75064E-4 2.40752E-4 1.87069E-4 1.41208E-4 1.20068E-4 1.18125E-4 1.31292E-4 1.49603E-4 1.56005E-4 1.3168E-4 8.0866E-5 4.3373E-5 3.28636E-5 3.12829E-5 3.72645E-5 3.69038E-5 3.92162E-5 3.9065E-5 4.17277E-5 4.21227E-5 3.92825E-5 4.36263E-5 4.60473E-5 4.66941E-5 4.12545E-5 3.38204E-5 1.54308E-5 1.10608E-5 8.72024E-6 7.24474E-6 5.55535E-6 6.03936E-6 9.58235E-6 1.94952E-5 2.60791E-5 1.4968E-5 9.24365E-6 6.4325E-6 4.71071E-6 5.44048E-6 6.7126E-6 1.14127E-5 1.26332E-5 1.46389E-5 2.28116E-5 1.76901E-5 1.29417E-5 1.31867E-5 1.74387E-5 2.0856E-5 3.78801E-5 1.63438E-5 1.49824E-5 2.36816E-5
3.1358E-5 3.72783E-5 1.1361E-4 1.8352E-4 1.90681E-4 1.82254E-4 1.81517E-4 1.82156E-4 2.17071E-4 3.00397E-4 4.37498E-4 3.25787E-4 2.97423E-4 2.61931E-4 2.31912E-4 1.81978E-4 1.5447E-4 1.41583E-4 1.2601E-4 1.33239E-4 1.72179E-4 1.13433E-4 8.59159E-5 6.13552E-5 5.37041E-5 4.21147E-5 4.50642E-5 3.19952E-5 2.90678E-5 3.53218E-5 5.5773E-5 5.74494E-5 6.62379E-5 6.35488E-5 4.12115E-5 4.72676E-5 5.20243E-5 1.24065E-4 1.78865E-5 1.02779E-5 7.44497E-6 6.33574E-6 5.46055E-6 6.24089E-6 1.12017E-5 1.82752E-5 1.72354E-5 1.3509E-5 9.79449E-6 6.88288E-6 6.59723E-6 8.07201E-6 1.09064E-5 1.41403E-5 1.86731E-5 1.5927E-5 1.80484E-5 1.89E-5 1.47177E-5 1.20984E-5 1.15162E-5 1.36496E-5 1.51864E-5 1.3593E-5 1.32783E-5 1.47978E-5
3.49831E-5 5.10079E-5 1.19113E-4 1.87712E-4 2.37466E-4 2.3208E-4 1.87568E-4 1.23328E-4 1.34228E-4 2.33996E-4 2.60465E-4 2.51113E-4 2.68132E-4 2.85047E-4 2.63953E-4 2.10138E-4 1.57798E-4 1.42086E-4 1.17317E-4 9.75486E-5 9.87891E-5 8.9787E-5 8.28127E-5 6.44763E-5 5.26718E-5 3.15629E-5 3.56961E-5 3.10538E-5 3.72993E-5 5.24727E-5 7.14059E-5 8.0278E-5 8.4192E-5 9.61394E-5 5.25475E-5 4.35521E-5 7.48344E-5 1.05889E-4 1.33257E-5 1.11234E-5 8.45247E-6 6.9907E-6 7.63807E-6 8.88138E-6 1.20148E-5 1.64031E-5 1.25906E-5 9.50676E-6 8.95938E-6 7.75115E-6 8.60026E-6 1.13001E-5 1.57759E-5 1.36753E-5 2.28388E-5 1.81799E-5 1.40333E-5 1.93283E-5 1.51442E-5 1.21324E-5 9.04715E-6 1.13841E-5 1.11303E-5 1.08737E-5 1.45668E-5 1.42979E-5
6.30267E-5 1.06876E-4 1.96601E-4 2.10926E-4 2.04418E-4 2.11211E-4 1.58019E-4 9.57509E-5 7.12571E-5 6.28274E-5 7.03924E-5 8.69662E-5 1.30491E-4 2.11639E-4 2.45154E-4 2.38293E-4 1.73378E-4 1.28291E-4 9.9902E-5 8.864E-5 6.40015E-5 3.61599E-5 3.16907E-5 2.36564E-5 2.66443E-5 3.02656E-5 3.62709E-5 6.36808E-5 5.82344E-5 6.13313E-5 8.37399E-5 1.32828E-4 1.4353E-4 1.27862E-4 4.85515E-5 3.22155E-5 1.16484E-4 5.784E-5 1.07236E-5 8.35644E-6 7.62927E-6 7.66427E-6 8.96281E-6 1.11109E-5 1.44414E-5 1.12529E-5 9.29863E-6 9.68463E-6 9.1679E-6 9.69294E-6 1.06541E-5 1.26152E-5 2.10012E-5 1.30853E-5 1.32338E-5 1.23044E-5 1.12314E-5 1.15728E-5 1.12871E-5 1.02843E-5 9.67341E-6 1.09811E-5 1.31734E-5 1.17853E-5 1.53545E-5 3.0383E-5
1.37942E-4 1.51632E-4 1.59065E-4 1.97959E-4 1.9476E-4 2.01109E-4 1.47399E-4 7.35643E-5 4.11656E-5 2.58346E-5 3.47292E-5 4.29828E-5 6.9261E-5 7.21141E-5 1.05391E-4 1.68333E-4 1.68395E-4 1.63052E-4 1.0532E-4 6.60568E-5 3.77804E-5 1.57843E-5 1.20439E-5 1.52774E-5 1.89405E-5 2.50368E-5 4.07144E-5 5.93392E-5 6.20727E-5 7.94017E-5 1.14699E-4 1.55977E-4 1.43072E-4 8.12738E-5 4.40514E-5 4.44438E-5 1.0415E-4 2.51157E-5 1.11585E-5 6.88755E-6 5.762E-6 6.39559E-6 1.20656E-5 1.6955E-5 1.38539E-5 1.0144E-5 8.94881E-6 9.75628E-6 1.04425E-5 1.91025E-5 1.17326E-5 1.14392E-5 1.19097E-5 1.25334E-5 1.12278E-5 1.06395E-5 1.00902E-5 1.00086E-5 8.72425E-6 9.15333E-6 1.17289E-5 1.51517E-5 2.00334E-5 1.39475E-5 1.38766E-5 1.79812E-5
1.48706E-4 1.41886E-4 1.23495E-4 1.54858E-4 2.04022E-4 2.42504E-4 2.08382E-4 6.99984E-5 2.57543E-5 1.02954E-5 1.16933E-5 1.66822E-5 2.91895E-5 2.51223E-5 2.04681E-5 2.85582E-5 6.37332E-5 1.22833E-4 8.809E-5 4.1891E-5 2.13224E-5 1.28103E-5 1.23368E-5 3.12706E-5 3.31153E-5 4.60603E-5 7.23499E-5 8.97885E-5 9.58335E-5 1.10063E-4 1.2122E-4 1.19607E-4 9.92745E-5 6.28619E-5 4.64799E-5 6.92481E-5 6.55245E-5 1.08035E-5 7.16597E-6 5.31284E-6 4.39161E-6 5.46588E-6 1.08645E-5 1.35773E-5 1.34438E-5 1.11727E-5 8.9388E-6 1.00137E-5 1.16783E-5 1.44466E-5 1.29159E-5 1.26576E-5 1.01849E-5 1.05343E-5 1.07484E-5 1.1273E-5 1.05596E-5 8.53644E-6 9.00384E-6 1.0178E-5 1.26978E-5 1.71665E-5 2.37961E-5 1.65761E-5 1.42083E-5 1.44055E-5
8.33034E-5 1.3541E-4 1.14017E-4 1.30905E-4 1.56941E-4 1.22094E-4 1.4809E-4 5.21777E-5 2.86993E-5 7.08136E-6 4.60502E-6 5.6924E-6 7.81316E-6 8.96668E-6 9.54846E-6 2.03003E-5 3.87099E-5 5.03693E-5 3.8689E-5 3.16461E-5 2.29222E-5 1.23473E-5 2.02548E-5 4.54051E-5 8.08211E-5 7.44731E-5 8.83407E-5 1.76697E-4 1.49088E-4 1.37496E-4 1.46741E-4 8.48135E-5 6.58639E-5 5.60837E-5 5.29487E-5 1.00337E-4 2.9382E-5 6.84489E-6 4.39143E-6 3.73342E-6 3.65918E-6 5.43213E-6 8.96324E-6 1.03056E-5 1.23138E-5 1.00511E-5 9.44663E-6 9.54728E-6 1.54977E-5 1.58864E-5 1.7872E-5 1.36278E-5 1.02345E-5 1.03068E-5 1.2176E-5 1.28386E-5 1.19768E-5 9.84023E-6 1.09759E-5 1.3275E-5 1.41515E-5 1.28098E-5 1.33092E-5 1.19311E-5 1.16202E-5 1.22722E-5
6.96661E-5 1.30792E-4 1.34375E-4 1.28204E-4 9.53045E-5 4.78775E-5 2.77604E-5 1.81335E-5 1.45477E-5 5.65912E-6 3.58349E-6 3.13959E-6 3.09029E-6 3.24602E-6 4.0358E-6 6.60729E-6 1.12022E-5 2.33014E-5 2.0914E-5 1.93406E-5 3.02194E-5 2.37642E-5 2.70288E-5 4.1114E-5 5.48617E-5 6.1256E-5 8.23562E-5 1.02943E-4 1.02479E-4 7.47294E-5 7.39174E-5 6.84204E-5 4.92933E-5 4.84039E-5 5.87225E-5 5.04413E-5 1.25738E-5 5.67098E-6 3.75881E-6 3.61145E-6 4.21426E-6 6.84731E-6 9.00938E-6 9.33824E-6 1.11251E-5 9.01194E-6 9.18651E-6 9.20322E-6 1.00159E-5 1.18142E-5 1.30221E-5 1.02048E-5 1.05022E-5 1.03088E-5 1.46498E-5 1.85498E-5 1.24653E-5 1.13348E-5 1.35152E-5 1.83638E-5 2.58929E-5 1.33438E-5 1.09763E-5 1.30965E-5 1.53682E-5 1.36382E-5
1.00329E-4 1.73551E-4 1.56161E-4 1.21714E-4 1.04919E-4 5.27872E-5 8.91936E-6 6.35807E-6 7.30284E-6 3.82859E-6 3.06596E-6 3.22408E-6 2.93964E-6 3.52992E-6 3.64468E-6 3.31057E-6 4.46082E-6 8.82513E-6 2.17679E-5 1.65952E-5 3.2396E-5 2.87162E-5 2.01952E-5 2.76523E-5 3.93657E-5 3.88087E-5 4.94581E-5 4.82172E-5 3.9928E-5 3.7139E-5 3.84223E-5 3.79962E-5 3.57027E-5 4.68494E-5 5.4174E-5 2.92591E-5 5.3592E-6 3.95853E-6 3.74009E-6 3.82878E-6 5.21503E-6 1.03869E-5 1.20201E-5 9.78239E-6 1.19516E-5 1.07058E-5 9.22933E-6 9.10632E-6 1.06748E-5 8.89895E-6 9.05389E-6 8.97173E-6 8.8096E-6 1.02449E-5 1.29182E-5 1.28507E-5 1.15931E-5 1.41619E-5 1.45828E-5 1.54727E-5 1.61E-5 1.25793E-5 1.17408E-5 1.44418E-5 2.19711E-5 1.23716E-5
1.59217E-4 1.60581E-4 1.35151E-4 1.17221E-4 9.59147E-5 2.31482E-5 8.92169E-6 3.75369E-6 5.27514E-6 3.15463E-6 2.21918E-6 2.25145E-6 2.47914E-6 2.37877E-6 2.3113E-6 2.39432E-6 3.07677E-6 3.85873E-6 8.00565E-6 9.83856E-6 1.25368E-5 1.32026E-5 1.33828E-5 2.40958E-5 2.22696E-5 1.73929E-5 2.39621E-5 3.09201E-5 3.17341E-5 2.18535E-5 2.06228E-5 2.62703E-5 3.20194E-5 3.08574E-5 2.32186E-5 1.92328E-5 4.24374E-6 3.47431E-6 4.07619E-6 5.88762E-6 9.56937E-6 1.27008E-5 2.37114E-5 1.4804E-5 1.15706E-5 1.01962E-5 9.8383E-6 1.19609E-5 1.10002E-5 8.93207E-6 1.01316E-5 9.96184E-6 9.27366E-6 1.03492E-5 1.27356E-5 1.73434E-5 1.53491E-5 2.57186E-5 1.59797E-5 1.28265E-5 1.41341E-5 1.25935E-5 9.33735E-6 8.81494E-6 1.04331E-5 8.42638E-6
1.67634E-4 1.81176E-4 1.49647E-4 1.41152E-4 1.08777E-4 2.43334E-5 1.80395E-5 7.91615E-6 4.58474E-6 2.75792E-6 1.82249E-6 2.37556E-6 3.31307E-6 1.83441E-6 1.74492E-6 1.77877E-6 2.96442E-6 7.72722E-6 7.35347E-6 9.39509E-6 1.6066E-5 1.80778E-5 1.16927E-5 1.19336E-5 9.45378E-6 9.16076E-6 1.334E-5 1.83974E-5 2.3047E-5 1.59523E-5 1.13263E-5 1.35022E-5 1.49217E-5 1.5149E-5 2.74372E-5 8.05238E-6 3.73167E-6 4.58134E-6 5.79437E-6 7.74973E-6 1.85046E-5 1.0628E-5 1.11501E-5 1.02012E-5 1.24463E-5 1.60192E-5 1.08547E-5 1.52647E-5 1.07372E-5 1.27149E-5 9.95863E-6 8.85592E-6 9.56184E-6 1.356E-5 1.89422E-5 1.91896E-5 1.38345E-5 1.57735E-5 1.22914E-5 1.01907E-5 1.27466E-5 1.04723E-5 6.72977E-6 5.89546E-6 6.97872E-6 7.05545E-6
1.90547E-4 1.89629E-4 1.44269E-4 1.23441E-4 8.97604E-5 7.7009E-5 4.4444E-5 7.47815E-6 4.28449E-6 4.14265E-6 1.92013E-6 1.61286E-6 1.63973E-6 1.59464E-6 1.67357E-6 1.57723E-6 2.42309E-6 4.23195E-6 2.34675E-6 2.92786E-6 9.61896E-6 1.34297E-5 1.02028E-5 9.82621E-6 7.45601E-6 6.11357E-6 7.91946E-6 1.33063E-5 1.67437E-5 1.02058E-5 8.24737E-6 8.2113E-6 5.96854E-6 1.34526E-5 2.25204E-5 4.70265E-6 3.17696E-6 3.88223E-6 5.63843E-6 7.61572E-6 1.13754E-5 9.32308E-6 8.66556E-6 1.10805E-5 1.13021E-5 1.0907E-5 9.83225E-6 1.01494E-5 1.01684E-5 1.26462E-5 9.79807E-6 8.91162E-6 9.35628E-6 1.02396E-5 1.30246E-5 1.35043E-5 1.15265E-5 1.05637E-5 8.19866E-6 7.13113E-6 5.99118E-6 5.89932E-6 5.65296E-6 5.01855E-6 5.22212E-6 5.75176E-6
1.34003E-4 9.92641E-5 5.53766E-5 5.48278E-5 6.25769E-5 8.80418E-5 3.41911E-5 4.91103E-6 2.29132E-6 1.71333E-6 1.59966E-6 1.34437E-6 1.29481E-6 1.23887E-6 1.21503E-6 1.33827E-6 1.58274E-6 1.6363E-6 1.43199E-6 1.72382E-6 6.47016E-6 1.17495E-5 1.05762E-5 1.23686E-5 1.40292E-5 1.36506E-5 1.70754E-5 1.79543E-5 1.16664E-5 1.04298E-5 1.25916E-5 8.34096E-6 5.71926E-6 7.99762E-6 7.23313E-6 4.07721E-6 2.93357E-6 2.84202E-6 4.6504E-6 7.13072E-6 8.70427E-6 7.42903E-6 6.91513E-6 9.46252E-6 9.34095E-6 1.18926E-5 1.4362E-5 8.99393E-6 8.20828E-6 8.50505E-6 1.01697E-5 1.00647E-5 1.04112E-5 1.01754E-5 1.6868E-5 1.32135E-5 9.53677E-6 7.2672E-6 5.73369E-6 5.0776E-6 5.0772E-6 5.05598E-6 4.78912E-6 4.8218E-6 3.99868E-6 4.71795E-6
