catData/rasterBestHybridModels/Pbengalensis/RD_BM01_RM1_LQH/Pbengalensis_stddev.asc
ncols         409
nrows         350
xllcorner     60.897278365
yllcorner     5.843756025
cellsize      0.0892857
NODATA_value  -9999
[rows 145 to 173 of 350, columns 66 to 131 of 409]
-9999 -9999 -9999 -9999 -9999 -9999 -9999 2.86855E-6 1.32538E-6 8.43626E-7 7.07802E-7 8.10182E-7 8.37913E-7 8.08041E-7 7.82272E-7 7.60199E-7 6.91718E-7 6.15627E-7 5.94305E-7 6.35038E-7 7.16533E-7 7.73177E-7 7.84358E-7 7.93098E-7 1.00678E-6 8.84183E-7 6.2716E-7 4.54167E-7 3.74403E-7 3.49837E-7 3.22697E-7 2.71852E-7 2.31711E-7 2.2219E-7 2.10818E-7 2.11749E-7 2.25171E-7 2.37718E-7 2.83847E-7 2.66403E-7 2.83921E-7 1.98248E-7 1.2032E-7 8.25967E-8 6.48342E-8 5.60116E-8 5.68025E-8 6.50401E-8 6.51402E-8 6.90763E-8 1.10623E-7 3.13439E-7 4.09806E-7 4.16784E-7 7.79534E-7 1.05985E-6 1.3707E-6 1.70613E-6 6.45355E-6 1.8458E-6 2.04851E-6 1.93508E-6 4.17573E-6 2.57958E-6 2.10622E-6 1.55213E-6
-9999 -9999 -9999 -9999 -9999 -9999 -9999 1.59797E-6 1.27276E-6 1.06639E-6 9.5812E-7 8.95465E-7 9.03779E-7 8.98301E-7 8.90497E-7 8.68419E-7 8.25501E-7 7.62352E-7 7.35336E-7 6.94317E-7 6.48896E-7 6.67016E-7 7.70228E-7 9.48944E-7 1.14285E-6 1.14631E-6 8.05148E-7 5.55156E-7 4.16496E-7 3.64458E-7 3.16683E-7 2.66703E-7 2.42957E-7 9.16196E-7 7.89106E-7 2.44647E-7 2.28638E-7 2.44397E-7 2.87261E-7 2.72544E-7 3.00559E-7 2.10528E-7 1.63747E-7 1.17564E-7 8.22021E-8 6.65804E-8 6.40175E-8 6.13986E-8 6.65058E-8 7.99291E-8 9.66744E-8 3.82263E-7 7.54996E-7 5.09171E-7 8.1007E-7 1.13417E-6 1.39552E-6 1.16092E-6 1.84897E-6 1.74886E-6 1.5279E-6 1.76719E-6 2.0702E-6 1.88693E-6 1.22948E-6 1.59968E-6
-9999 -9999 -9999 -9999 -9999 -9999 -9999 -9999 1.30002E-6 1.23365E-6 9.73661E-7 9.11322E-7 8.62902E-7 8.48043E-7 -9999 8.20701E-7 8.23944E-7 7.91085E-7 7.52468E-7 7.35269E-7 6.90458E-7 6.48915E-7 6.31665E-7 7.08098E-7 6.87477E-7 6.84829E-7 4.73623E-7 3.48482E-7 3.64141E-7 3.94169E-7 3.92081E-7 3.37376E-7 3.37613E-7 6.6781E-6 9.39223E-6 5.28103E-7 2.16527E-7 2.312E-7 5.51181E-7 1.47634E-6 5.31035E-7 2.53607E-7 2.62621E-7 4.2723E-7 3.05374E-7 1.72887E-7 8.67461E-8 6.90139E-8 1.13722E-7 1.33542E-7 1.2365E-7 4.98109E-7 7.74854E-7 5.07849E-7 7.20465E-7 1.69663E-6 2.61444E-6 1.01086E-6 1.67976E-6 5.06089E-6 1.78397E-6 2.0561E-6 3.39748E-6 2.08953E-6 2.23801E-6 3.32147E-6
-9999 -9999 -9999 -9999 -9999 -9999 -9999 -9999 -9999 -9999 -9999 -9999 8.19744E-7 8.18497E-7 8.18452E-7 8.25634E-7 -9999 7.94013E-7 -9999 7.93334E-7 -9999 8.56161E-7 1.1999E-6 1.0707E-6 5.49529E-7 4.61562E-7 3.13053E-7 2.43365E-7 2.50279E-7 3.24394E-7 2.82099E-7 2.82908E-7 3.12818E-7 3.00979E-6 7.3955E-6 6.9496E-7 2.52076E-7 2.46793E-7 5.83235E-7 2.3001E-6 6.52835E-7 2.68431E-7 2.66932E-7 5.60563E-7 5.47766E-7 3.62282E-7 9.64857E-8 7.73149E-8 4.65052E-7 5.04762E-7 1.55115E-7 4.20372E-7 6.00688E-7 7.94177E-7 7.98091E-7 9.66745E-7 9.88834E-7 8.99745E-7 8.0608E-7 4.23182E-6 2.06132E-6 1.43147E-6 2.63898E-6 2.34371E-6 2.10965E-6 2.48543E-6
-9999 -9999 -9999 -9999 -9999 -9999 -9999 -9999 -9999 -9999 -9999 -9999 -9999 -9999 -9999 -9999 7.47846E-7 7.69941E-7 -9999 -9999 1.28462E-6 2.18857E-6 5.08141E-6 4.21847E-6 3.3806E-6 6.71434E-7 3.3475E-7 2.23179E-7 2.03397E-7 2.25321E-7 2.14013E-7 2.25759E-7 2.35073E-7 6.05442E-7 5.83082E-7 2.84479E-7 3.23489E-7 3.11372E-7 3.06193E-7 3.29434E-7 3.51895E-7 2.93433E-7 3.00699E-7 3.27502E-7 3.48129E-7 2.60854E-7 1.69159E-7 9.48723E-8 1.29407E-7 1.18908E-7 2.71828E-7 3.08967E-7 4.60137E-7 3.92394E-7 4.57589E-7 1.1419E-6 3.30615E-7 4.99113E-7 1.08621E-6 2.49638E-6 2.23977E-6 1.40002E-6 1.29732E-6 1.45246E-6 2.84732E-6 3.52161E-6
-9999 -9999 -9999 -9999 -9999 -9999 -9999 -9999 -9999 -9999 -9999 -9999 -9999 -9999 -9999 7.96445E-7 -9999 7.86045E-7 -9999 1.80602E-6 4.95283E-6 6.62944E-6 4.44041E-6 2.33804E-5 5.81359E-6 2.89277E-6 5.95612E-7 3.43559E-7 2.84047E-7 2.41428E-7 2.45429E-7 2.49094E-7 2.66518E-7 2.62067E-7 2.32783E-7 2.49875E-7 3.35512E-7 3.60112E-7 3.52275E-7 3.74651E-7 5.00313E-7 4.73234E-7 7.39447E-7 1.15619E-6 1.27878E-6 1.75954E-6 3.44564E-7 1.13732E-7 9.16339E-8 8.59887E-8 1.01809E-7 1.22681E-7 1.88983E-7 2.45788E-7 3.27259E-7 9.72298E-7 7.29761E-7 1.9897E-7 1.1602E-7 1.28593E-6 1.02431E-6 1.58221E-6 1.58113E-6 1.54423E-6 3.56059E-6 2.27491E-6
-9999 -9999 -9999 -9999 -9999 -9999 -9999 -9999 -9999 -9999 -9999 -9999 -9999 -9999 -9999 -9999 -9999 -9999 9.04342E-7 2.71093E-6 8.87E-6 8.77747E-6 5.6584E-6 4.87662E-6 3.08023E-6 1.27081E-5 2.80015E-6 7.30696E-7 3.08378E-7 3.54067E-7 2.97525E-7 2.99807E-7 3.13892E-7 3.00622E-7 2.63908E-7 2.47767E-7 2.88245E-7 3.22618E-7 3.38925E-7 5.41516E-7 1.8818E-6 2.39141E-6 6.36773E-6 2.16008E-5 6.85797E-6 1.66017E-6 7.94993E-7 1.72532E-7 1.08087E-7 6.63198E-8 9.24215E-8 1.07319E-7 1.22944E-7 1.73685E-7 2.27134E-7 3.93074E-7 5.17592E-7 8.26283E-7 5.37373E-7 3.83874E-7 8.08369E-7 6.99905E-7 1.4721E-6 1.99712E-6 2.18653E-6 2.30919E-6
-9999 -9999 -9999 -9999 -9999 -9999 -9999 -9999 -9999 -9999 -9999 -9999 -9999 -9999 -9999 -9999 -9999 -9999 -9999 1.76839E-6 1.08819E-5 6.45713E-6 4.113E-6 8.71021E-6 4.43603E-6 2.63648E-6 1.64126E-5 2.18881E-6 3.11059E-6 2.24413E-6 1.17821E-6 5.90733E-7 4.9067E-7 3.79192E-7 3.45049E-7 3.02144E-7 3.18873E-7 3.61076E-7 4.09474E-7 1.0387E-6 5.25403E-6 2.13272E-6 1.88417E-5 1.40924E-5 3.14344E-6 1.36788E-6 3.74606E-7 1.58405E-7 8.11737E-8 7.91521E-8 7.48649E-8 8.47225E-8 9.0196E-8 1.3364E-7 1.89866E-7 2.98933E-7 4.21588E-7 4.95718E-8 1.82706E-7 2.10344E-7 2.95232E-7 1.36988E-6 1.80806E-6 2.09938E-6 2.37567E-6 3.30996E-6
-9999 -9999 -9999 -9999 -9999 -9999 -9999 -9999 -9999 -9999 -9999 -9999 -9999 -9999 -9999 -9999 -9999 -9999 -9999 -9999 1.83246E-6 2.4571E-6 3.23271E-6 7.07218E-6 3.89277E-6 2.37645E-5 2.76565E-5 2.10247E-5 2.22614E-6 3.89622E-6 1.11398E-5 8.33175E-6 3.78091E-6 7.3626E-6 3.98005E-6 3.07905E-6 1.16326E-6 6.84372E-7 7.44996E-7 1.12123E-6 3.94214E-6 3.33014E-6 1.33491E-5 1.07686E-5 1.70966E-6 5.03239E-7 1.63796E-7 1.07746E-7 8.887E-8 8.37755E-8 8.56503E-8 7.64873E-8 7.85227E-8 1.30687E-7 1.84908E-7 3.32637E-7 2.87165E-7 9.3257E-9 5.7465E-8 9.16542E-7 9.67865E-7 1.81262E-6 2.32689E-6 2.98728E-6 2.5791E-6 4.20743E-6
-9999 -9999 -9999 -9999 -9999 -9999 -9999 -9999 -9999 -9999 -9999 -9999 -9999 -9999 -9999 -9999 -9999 -9999 -9999 -9999 -9999 1.069E-6 2.98887E-6 5.2389E-6 4.52429E-6 3.88983E-6 2.82496E-5 3.68471E-5 3.10714E-5 2.36953E-5 1.11066E-5 1.64887E-5 2.05433E-5 1.91951E-5 1.70475E-5 1.61416E-5 4.39225E-6 3.88173E-6 4.68375E-6 9.70937E-6 1.79705E-6 2.97687E-6 3.74854E-6 9.65843E-7 4.83963E-7 2.31951E-7 1.34182E-7 1.18743E-7 1.22679E-7 1.19209E-7 1.15803E-7 1.09783E-7 1.03653E-7 1.38239E-7 1.69593E-7 1.89906E-7 1.49716E-7 3.66585E-8 1.30627E-7 3.3931E-7 5.51312E-7 2.31937E-6 3.85701E-6 4.45866E-6 3.0449E-6 2.44294E-6
-9999 -9999 -9999 -9999 -9999 -9999 -9999 -9999 -9999 -9999 -9999 -9999 -9999 -9999 -9999 -9999 -9999 -9999 -9999 -9999 1.0952E-6 1.38075E-6 2.65088E-6 5.95972E-6 8.23915E-6 4.662E-6 3.01289E-6 7.37263E-5 4.49012E-5 3.60395E-5 2.85275E-5 2.54035E-5 3.00687E-5 2.79571E-5 2.2414E-5 1.98084E-5 6.17862E-6 2.95993E-6 1.30004E-6 9.77909E-7 1.28975E-6 9.35342E-7 1.00494E-6 4.51454E-7 3.79411E-7 3.00124E-7 2.1391E-7 1.96418E-7 1.05344E-7 1.67741E-7 1.38616E-7 1.32812E-7 1.30234E-7 1.2176E-7 8.78899E-8 4.14401E-8 6.82856E-8 4.32651E-8 1.21783E-8 2.25204E-8 1.9847E-7 8.9171E-7 2.44485E-6 1.70652E-6 2.73079E-6 3.96362E-6
-9999 -9999 -9999 -9999 -9999 -9999 -9999 -9999 -9999 -9999 -9999 -9999 -9999 -9999 -9999 -9999 -9999 -9999 -9999 -9999 -9999 -9999 1.36408E-6 2.22801E-6 7.33038E-6 3.8635E-6 3.47609E-6 6.68134E-6 4.64923E-5 5.54263E-6 1.08453E-5 3.90243E-5 4.87234E-5 1.23592E-5 1.15848E-5 2.30119E-5 1.47646E-5 2.75244E-6 1.08586E-6 1.28675E-6 1.35525E-6 1.34691E-6 7.07235E-7 3.58227E-7 2.61276E-7 2.04922E-7 2.63859E-8 2.35755E-8 3.9808E-8 3.94577E-8 1.41246E-7 2.02822E-7 1.12148E-7 3.50568E-8 1.02306E-7 3.12525E-8 1.57996E-8 4.76249E-9 3.71205E-8 4.88109E-8 3.20479E-7 5.78371E-7 1.20449E-7 3.62763E-7 2.36839E-6 3.80083E-6
-9999 -9999 -9999 -9999 -9999 -9999 -9999 -9999 -9999 -9999 -9999 -9999 -9999 -9999 -9999 -9999 -9999 -9999 -9999 -9999 -9999 -9999 -9999 1.56852E-6 2.00427E-6 4.39824E-6 3.88399E-6 5.96221E-6 4.53504E-6 3.46113E-6 4.8075E-6 5.37455E-6 3.33083E-6 3.34803E-6 2.12156E-5 4.61833E-6 4.79723E-6 2.06116E-6 3.58835E-6 1.42122E-6 1.59929E-6 1.06168E-6 4.23999E-7 2.98525E-8 9.06221E-8 2.97289E-8 4.55663E-8 2.63949E-7 1.17932E-6 1.22246E-6 1.47341E-6 2.54571E-7 1.5582E-6 7.34001E-7 2.67156E-7 5.77066E-7 8.9131E-8 1.82729E-8 1.387E-8 9.11754E-8 4.6757E-7 2.02478E-7 3.64862E-7 1.3581E-6 6.24784E-6 4.6861E-6
-9999 -9999 -9999 -9999 -9999 -9999 -9999 -9999 -9999 -9999 -9999 -9999 -9999 -9999 -9999 -9999 -9999 -9999 -9999 -9999 -9999 -9999 -9999 -9999 -9999 1.14734E-6 1.98767E-6 3.6854E-6 4.6492E-6 8.53246E-6 7.30968E-6 3.55218E-6 4.02614E-6 4.00821E-6 2.60878E-6 1.55765E-6 1.20057E-6 -9999 1.49727E-6 1.52057E-6 1.26067E-6 6.83763E-7 6.49788E-8 3.53351E-8 5.99945E-7 2.43083E-7 5.87893E-7 1.8181E-6 3.01623E-6 2.91889E-6 1.54487E-6 3.10852E-6 2.46765E-6 1.4828E-6 8.78537E-7 3.62653E-7 2.57425E-7 1.09786E-8 6.69147E-9 3.01933E-7 1.94646E-7 3.3494E-7 6.01829E-7 1.36264E-6 1.51957E-6 3.059E-6
-9999 -9999 -9999 -9999 -9999 -9999 -9999 -9999 -9999 -9999 -9999 -9999 -9999 -9999 -9999 -9999 -9999 -9999 -9999 -9999 -9999 -9999 -9999 -9999 -9999 -9999 -9999 2.08353E-6 6.88479E-6 2.63468E-6 2.1981E-6 2.47781E-6 5.07652E-6 1.74074E-6 8.027E-7 -9999 -9999 -9999 -9999 -9999 8.42069E-7 4.96377E-7 2.62682E-7 1.93994E-7 1.37962E-6 3.53104E-6 1.42125E-6 9.42477E-6 5.8276E-6 1.53099E-6 7.377E-6 1.19119E-6 1.43425E-6 5.3133E-7 1.36656E-6 4.06165E-7 2.39168E-7 6.6349E-8 4.37188E-8 2.33593E-8 1.33356E-7 1.26716E-7 5.71544E-7 6.34371E-7 8.69342E-7 7.66275E-7
-9999 -9999 -9999 -9999 -9999 -9999 -9999 -9999 -9999 -9999 -9999 -9999 -9999 -9999 -9999 -9999 -9999 -9999 -9999 -9999 -9999 -9999 -9999 -9999 -9999 -9999 -9999 -9999 -9999 9.69936E-7 7.86697E-7 8.20785E-7 9.96518E-7 -9999 -9999 -9999 -9999 -9999 -9999 1.31218E-6 4.98293E-7 5.65551E-7 6.08305E-7 5.39798E-7 1.70264E-6 1.31074E-6 8.61128E-7 5.62356E-6 9.23184E-6 4.52957E-6 5.36416E-6 4.78153E-6 5.2152E-6 1.06712E-6 8.24582E-7 1.87122E-7 1.6242E-7 2.52159E-7 1.06701E-7 2.25003E-7 2.13753E-7 1.91197E-7 3.4733E-7 8.0637E-7 5.7869E-7 1.25701E-6
-9999 -9999 -9999 -9999 -9999 -9999 -9999 -9999 -9999 -9999 -9999 -9999 -9999 -9999 -9999 -9999 -9999 -9999 -9999 -9999 -9999 -9999 -9999 -9999 -9999 -9999 -9999 -9999 -9999 -9999 -9999 -9999 -9999 -9999 -9999 -9999 -9999 -9999 -9999 6.26151E-7 9.77406E-8 7.06818E-7 9.86827E-7 1.95193E-6 6.3057E-6 3.10375E-6 1.71165E-6 1.2021E-6 1.36699E-6 1.1815E-5 5.3144E-6 1.87841E-6 1.39508E-7 5.3405E-7 3.39651E-7 9.66551E-8 2.74543E-8 2.66426E-7 1.73563E-7 1.00934E-7 8.42367E-8 6.18574E-7 1.47907E-7 5.61521E-7 5.02569E-7 7.09394E-7
-9999 -9999 -9999 -9999 -9999 -9999 -9999 -9999 -9999 -9999 -9999 -9999 -9999 -9999 -9999 -9999 -9999 -9999 -9999 -9999 -9999 -9999 -9999 -9999 -9999 -9999 -9999 -9999 -9999 -9999 -9999 -9999 -9999 -9999 -9999 1.16523E-6 -9999 8.28631E-7 7.74164E-7 1.78568E-7 1.05028E-6 7.23928E-7 3.15385E-7 1.60462E-6 2.66748E-6 2.32562E-6 1.22227E-6 8.78497E-7 1.5002E-6 1.26868E-5 1.95945E-6 1.10714E-6 1.13953E-6 3.56138E-6 9.8374E-7 6.33128E-8 1.11421E-7 1.82544E-7 1.16679E-7 1.47338E-7 3.06588E-7 5.27882E-7 5.16122E-7 1.32212E-7 3.3257E-7 5.85563E-7
-9999 -9999 -9999 -9999 -9999 -9999 -9999 -9999 -9999 -9999 -9999 -9999 -9999 -9999 -9999 -9999 -9999 -9999 -9999 -9999 -9999 -9999 -9999 -9999 -9999 3.93874E-6 -9999 -9999 -9999 -9999 -9999 -9999 -9999 -9999 -9999 1.4308E-6 1.25169E-6 8.5031E-7 1.66141E-6 1.42363E-6 3.31146E-7 7.5477E-7 2.11824E-6 5.4984E-7 3.39464E-7 3.74645E-7 3.76121E-7 2.16285E-6 1.22144E-6 1.88109E-6 1.84636E-6 1.14298E-6 2.27933E-6 2.35557E-6 5.56304E-6 1.4803E-6 4.27568E-7 2.74679E-7 3.68988E-7 5.00371E-7 2.18143E-7 2.35671E-7 2.86731E-7 1.4833E-7 3.65918E-7 4.95137E-7
-9999 -9999 -9999 -9999 -9999 -9999 -9999 -9999 -9999 -9999 -9999 -9999 -9999 -9999 -9999 -9999 -9999 -9999 -9999 -9999 -9999 -9999 -9999 -9999 -9999 2.08461E-6 -9999 -9999 -9999 -9999 1.37911E-6 -9999 1.76448E-6 1.8451E-6 1.88168E-6 3.52886E-7 6.26602E-7 1.0204E-6 8.08664E-7 7.29116E-7 8.97223E-7 7.62666E-7 2.92275E-6 1.82705E-6 4.90201E-7 6.31438E-7 2.95691E-7 1.19712E-6 4.72957E-7 9.93861E-7 8.8514E-7 7.0111E-7 1.88043E-6 2.0691E-6 2.0226E-6 1.5305E-6 2.40426E-6 1.0793E-7 3.45949E-7 3.59545E-7 1.83207E-7 1.27801E-7 8.73559E-8 2.31043E-7 3.0344E-7 3.86041E-7
-9999 -9999 -9999 -9999 -9999 -9999 -9999 -9999 -9999 -9999 -9999 -9999 -9999 -9999 -9999 -9999 -9999 -9999 -9999 -9999 -9999 -9999 -9999 -9999 1.94077E-6 2.74331E-6 -9999 -9999 1.58885E-6 1.17471E-6 1.75285E-6 2.29761E-6 2.06279E-6 3.46226E-6 3.55623E-6 1.48731E-6 3.21461E-6 1.26047E-6 4.38772E-7 1.23054E-6 3.75111E-7 5.33018E-7 1.22033E-6 8.98977E-7 1.94167E-6 9.79169E-7 5.69109E-8 7.8256E-8 1.56347E-7 4.84299E-7 1.10372E-6 1.0163E-6 1.98539E-6 2.5937E-6 7.33075E-6 2.66319E-6 1.04115E-6 7.23584E-7 1.68654E-7 1.83638E-7 3.33832E-7 2.99171E-7 4.7301E-7 4.55472E-7 4.36726E-7 9.92635E-7
-9999 -9999 -9999 -9999 -9999 -9999 -9999 -9999 -9999 -9999 -9999 -9999 -9999 -9999 -9999 -9999 -9999 -9999 -9999 -9999 -9999 -9999 -9999 -9999 -9999 3.29474E-6 2.48857E-6 3.11601E-6 3.71423E-6 8.70497E-7 1.40168E-6 8.54747E-6 1.0791E-5 1.06221E-5 4.54689E-6 1.65679E-5 1.06013E-5 9.31907E-7 1.55476E-6 1.13244E-6 1.19961E-6 2.6458E-7 5.8147E-8 6.52631E-7 2.32352E-6 2.76528E-6 4.452E-8 3.16679E-6 3.86607E-7 8.62524E-6 1.76174E-6 5.71527E-6 2.26917E-6 2.11441E-6 3.37225E-6 1.92732E-6 1.11566E-6 1.26216E-7 1.53378E-7 2.31981E-7 3.4133E-7 2.81735E-7 4.96358E-7 -9999 -9999 6.86087E-7
-9999 -9999 -9999 -9999 -9999 -9999 -9999 -9999 -9999 -9999 -9999 -9999 -9999 -9999 -9999 -9999 -9999 -9999 -9999 -9999 -9999 -9999 -9999 -9999 -9999 2.52558E-6 1.65722E-6 2.83009E-6 9.04727E-7 9.6503E-7 5.10373E-7 1.36546E-6 6.42429E-6 3.39821E-6 2.90507E-6 5.88295E-6 2.30719E-5 7.79404E-7 2.38095E-6 1.39705E-6 1.27138E-6 1.83874E-6 2.31653E-7 1.2272E-7 9.65574E-7 4.17847E-6 3.64237E-7 6.71066E-7 5.96927E-7 9.83826E-7 1.19409E-6 1.63094E-6 1.87646E-6 2.20299E-6 6.1456E-6 2.57215E-6 1.28006E-6 2.75484E-7 3.17949E-7 3.01684E-7 2.49568E-7 3.59822E-7 -9999 -9999 -9999 4.04207E-7
-9999 -9999 -9999 -9999 -9999 -9999 -9999 -9999 -9999 -9999 -9999 -9999 -9999 -9999 -9999 -9999 -9999 -9999 -9999 -9999 -9999 -9999 -9999 -9999 -9999 -9999 1.46162E-6 1.89879E-6 2.91551E-6 1.64868E-6 1.29102E-6 1.59554E-6 4.84703E-6 1.8086E-6 2.56417E-6 9.7825E-6 6.59959E-6 8.34449E-7 6.67131E-7 1.20545E-6 8.66533E-7 4.22081E-7 1.52577E-7 1.07242E-6 1.08713E-6 1.05998E-6 7.82145E-7 5.96023E-6 1.03092E-5 2.95309E-6 1.09633E-7 6.89259E-7 1.62956E-6 2.66012E-6 2.25985E-6 1.33524E-6 1.01942E-6 2.0029E-7 1.97358E-7 3.28591E-7 3.33342E-7 1.06725E-6 -9999 -9999 1.61034E-7 2.75427E-8
-9999 -9999 -9999 -9999 -9999 -9999 -9999 -9999 -9999 -9999 -9999 -9999 -9999 -9999 -9999 -9999 -9999 -9999 -9999 -9999 -9999 -9999 -9999 -9999 -9999 -9999 -9999 1.97046E-6 1.15677E-6 7.18263E-7 7.45769E-7 4.19195E-6 5.37215E-6 6.37324E-6 1.96731E-6 1.31609E-7 1.06741E-6 1.79414E-6 3.93687E-7 4.66251E-7 7.03676E-7 3.20717E-6 1.29151E-6 2.16609E-6 5.54255E-7 1.10486E-5 3.10851E-6 2.08944E-6 3.42533E-6 2.33766E-6 8.73657E-7 9.96207E-7 7.99283E-7 4.84249E-6 2.96091E-6 2.52415E-6 9.52474E-7 2.08171E-7 4.64477E-7 4.66575E-7 7.33487E-7 -9999 -9999 -9999 2.69689E-7 1.8635E-7
-9999 -9999 -9999 -9999 -9999 -9999 -9999 -9999 -9999 -9999 -9999 -9999 -9999 -9999 -9999 -9999 -9999 -9999 -9999 -9999 -9999 -9999 -9999 -9999 -9999 -9999 -9999 -9999 1.30558E-6 5.83618E-7 1.32673E-6 2.83667E-6 3.17335E-6 3.71611E-6 3.4158E-6 1.64774E-6 2.85837E-6 3.25419E-6 2.79683E-6 1.99331E-6 1.72233E-6 7.92716E-7 5.56931E-7 9.48002E-6 7.07814E-7 4.29904E-7 3.98215E-7 9.10359E-8 4.84699E-7 3.14934E-6 9.66133E-7 9.85988E-7 1.80617E-6 2.1882E-6 1.92191E-6 4.37912E-6 7.46271E-7 4.35694E-7 5.41949E-7 5.5753E-7 9.25187E-7 -9999 -9999 -9999 7.86643E-7 3.88297E-7
-9999 -9999 -9999 -9999 -9999 -9999 -9999 -9999 -9999 -9999 -9999 -9999 -9999 -9999 -9999 -9999 -9999 -9999 -9999 -9999 -9999 -9999 -9999 -9999 -9999 -9999 -9999 -9999 -9999 9.30337E-7 7.35015E-7 1.83409E-6 3.16066E-6 2.29023E-6 1.69469E-6 2.56419E-6 2.83985E-6 8.31709E-7 4.73061E-7 1.47658E-6 1.42433E-6 2.01666E-6 2.73917E-6 7.43794E-6 6.61116E-6 9.96954E-7 8.32778E-6 2.4207E-6 4.00383E-7 1.1825E-6 2.26175E-6 6.96473E-7 8.03359E-7 3.01236E-6 1.90504E-6 3.0447E-6 6.11707E-7 3.36725E-7 2.27458E-7 4.43721E-7 6.39644E-7 -9999 -9999 -9999 -9999 4.02995E-8
-9999 -9999 -9999 -9999 -9999 -9999 -9999 -9999 -9999 -9999 -9999 -9999 -9999 -9999 -9999 -9999 -9999 -9999 -9999 -9999 -9999 -9999 -9999 -9999 -9999 -9999 -9999 -9999 -9999 -9999 9.34824E-7 1.69517E-6 6.0461E-6 1.63205E-6 2.53464E-7 1.28449E-6 5.41196E-7 1.13615E-6 1.11141E-6 5.03989E-6 3.57468E-6 1.79378E-6 1.85234E-6 2.45732E-6 7.60349E-7 2.6528E-6 6.23943E-6 2.16825E-6 4.437E-6 1.74189E-6 2.01449E-6 9.03641E-6 3.71333E-6 3.17878E-6 3.34534E-6 1.56576E-6 1.6478E-6 3.5551E-6 1.97185E-6 7.30049E-7 1.75994E-7 -9999 -9999 -9999 3.53752E-7 4.59096E-8
-9999 -9999 -9999 -9999 -9999 -9999 -9999 -9999 -9999 -9999 -9999 -9999 -9999 -9999 -9999 -9999 -9999 -9999 -9999 -9999 -9999 -9999 -9999 -9999 -9999 -9999 -9999 -9999 -9999 -9999 -9999 -9999 1.33462E-6 4.86501E-7 2.15902E-7 1.26764E-6 5.64706E-7 2.39912E-7 3.91272E-6 9.11292E-7 7.22322E-7 2.34116E-6 2.04229E-6 8.64874E-7 1.14565E-6 5.6738E-7 1.16161E-6 1.20974E-6 1.82033E-6 1.95339E-6 7.67301E-6 1.65789E-6 8.47633E-7 2.19842E-6 5.82629E-6 2.72634E-6 3.21381E-6 1.67377E-6 1.64804E-6 1.88748E-6 7.62687E-7 7.22845E-7 -9999 -9999 -9999 1.05793E-6
