catData/rasterBestHybridModels/Pbengalensis/RD_BM01_RM1_LQH/Pbengalensis_max.asc
ncols         409
nrows         350
xllcorner     60.897278365
yllcorner     5.843756025
cellsize      0.0892857
NODATA_value  -9999
[rows 174 to 202 of 350, columns 195 to 259 of 409]
1.16791E-5 2.3458E-5 1.43821E-5 2.09628E-5 8.67989E-6 6.4178E-6 6.15474E-6 2.02737E-5 3.54642E-5 2.37328E-5 1.20575E-5 8.27877E-6 4.71282E-6 4.64019E-6 4.15211E-6 9.43513E-6 7.44065E-6 5.11077E-6 1.89926E-6 5.25121E-6 1.29902E-5 1.52485E-5 1.40569E-5 1.57082E-5 2.07018E-5 1.00523E-5 5.02086E-5 1.07976E-4 2.7292E-5 4.16558E-6 5.16858E-6 1.11089E-5 7.94317E-7 1.43099E-6 4.25636E-6 5.62175E-6 1.05504E-5 9.37476E-6 3.87198E-6 6.87913E-7 1.45644E-6 3.57299E-6 1.41319E-5 1.45256E-5 9.17709E-6 5.79101E-6 7.83243E-6 1.10631E-5 1.34386E-5 4.09899E-6 2.69495E-6 5.87364E-6 7.42719E-6 1.06127E-5 7.75707E-6 9.74E-6 9.14581E-6 1.00732E-5 2.97161E-5 8.65874E-6 2.2433E-5 5.27502E-5 5.92171E-5 2.21901E-5 2.36297E-5
1.49031E-5 1.30576E-5 4.73981E-6 4.05206E-5 1.86453E-5 1.88401E-5 1.40886E-5 3.10055E-5 1.79123E-5 4.35714E-5 2.94811E-5 1.6659E-5 2.12001E-5 7.45918E-6 1.03407E-5 9.59004E-6 5.11464E-6 2.81596E-6 9.13615E-6 1.48607E-5 1.40715E-5 1.37676E-5 1.32937E-5 1.46692E-5 1.19591E-5 2.31705E-5 8.02544E-5 5.53161E-5 1.11544E-5 7.93683E-6 4.57711E-6 2.70906E-6 2.24549E-6 5.69312E-6 5.93417E-6 7.38707E-6 1.36518E-5 6.94364E-6 9.34582E-6 2.3376E-6 4.41829E-7 4.75221E-6 6.72841E-6 9.93217E-6 1.50143E-6 7.28268E-6 3.28048E-5 5.10418E-5 1.71003E-5 7.00402E-6 4.10096E-6 1.06387E-5 1.48318E-5 4.72862E-6 2.42983E-5 5.62788E-6 9.72506E-6 1.8615E-5 2.27364E-5 2.73548E-5 4.74246E-5 3.77647E-5 2.34239E-5 4.12437E-5 1.67365E-5
4.00109E-5 1.58626E-5 2.17913E-5 1.07953E-5 7.21735E-6 7.90143E-6 1.39935E-5 1.58361E-5 4.00657E-5 1.69287E-5 3.36364E-5 1.66355E-5 1.38534E-5 1.10887E-5 1.12194E-5 1.68402E-5 5.243E-6 9.63516E-6 9.91444E-6 1.61648E-5 1.2134E-5 1.41148E-5 8.80617E-6 1.14965E-5 1.23554E-5 9.50219E-6 5.99366E-5 3.47362E-5 1.37442E-5 7.53523E-6 8.55473E-6 4.78295E-6 9.44901E-7 7.52131E-6 7.97201E-6 1.78495E-5 3.48489E-5 8.21003E-6 1.82189E-5 6.65824E-6 8.01501E-6 1.27647E-5 1.42962E-5 2.3576E-6 6.39469E-6 9.53531E-6 6.14432E-6 1.35472E-5 1.76739E-5 1.42061E-5 3.5418E-5 2.35692E-5 2.50171E-5 9.16905E-6 1.33918E-5 2.47783E-5 1.53938E-5 1.96267E-5 2.34691E-5 4.48156E-5 3.77305E-5 3.98373E-5 2.44133E-5 4.23853E-5 7.31854E-6
2.64604E-5 2.33534E-5 1.78497E-5 2.65141E-5 1.49035E-5 9.70068E-6 4.30199E-5 7.02077E-6 1.86372E-5 7.71755E-6 1.53674E-5 1.39873E-5 1.21302E-5 1.22688E-5 1.19951E-5 1.06766E-5 7.26179E-6 2.02004E-5 2.35784E-5 3.14543E-5 8.10353E-6 4.14369E-6 6.38077E-6 9.80173E-6 2.57325E-6 3.31896E-6 2.28491E-5 2.15203E-5 4.07119E-6 1.47932E-5 5.58899E-6 9.48473E-6 8.77901E-6 4.28814E-5 3.50451E-5 1.88588E-5 4.78077E-6 2.33477E-5 1.22071E-5 4.70083E-6 1.39161E-5 2.26002E-5 1.0827E-5 9.78511E-6 1.67241E-5 1.92518E-5 1.33488E-5 2.39465E-5 1.62728E-5 1.47798E-5 2.90484E-5 1.1754E-5 1.24336E-5 1.864E-5 1.71612E-5 1.87218E-5 1.65207E-5 2.13019E-5 2.81905E-5 3.38034E-5 3.01978E-5 2.97698E-5 1.40727E-5 4.45996E-5 9.53777E-6
1.40927E-5 3.86688E-5 2.83947E-5 2.93761E-5 6.65054E-6 7.32988E-6 1.24831E-5 1.22457E-5 7.53747E-5 2.75294E-5 2.34032E-5 1.76624E-5 1.64481E-5 1.24514E-5 2.18978E-5 1.37273E-5 4.48342E-6 3.19985E-6 6.78464E-6 7.23957E-6 1.16883E-5 4.34765E-6 8.8361E-6 4.93233E-6 3.2287E-6 4.00741E-6 1.70273E-5 2.52922E-5 1.90162E-5 1.86174E-5 1.75115E-5 9.94558E-6 2.23516E-5 1.46515E-5 7.50267E-6 2.3675E-5 1.29111E-5 2.71018E-5 1.90893E-5 8.81146E-6 1.84353E-5 1.41666E-5 5.87961E-5 1.24937E-5 2.56321E-5 2.88795E-5 1.92007E-5 1.45549E-5 9.59051E-6 1.20946E-5 1.39631E-5 6.69961E-6 6.45916E-6 2.01953E-5 1.94194E-5 1.6419E-5 1.63506E-5 2.14835E-5 2.9585E-5 3.72213E-5 3.22822E-5 2.57401E-5 1.8427E-5 4.82528E-5 2.64905E-5
1.24631E-5 3.51692E-5 1.83237E-5 1.18373E-5 1.16735E-5 1.12469E-5 5.94679E-6 4.78436E-6 9.6635E-6 1.21757E-5 1.94995E-5 6.85164E-6 9.03832E-6 9.17065E-6 1.11121E-5 5.12567E-6 9.89475E-6 8.39035E-6 4.33364E-6 9.84259E-6 7.06735E-6 3.13051E-6 5.26746E-6 3.0583E-5 6.41373E-6 8.79786E-6 1.67954E-5 1.71968E-5 1.72084E-5 3.65717E-5 2.69755E-5 1.94261E-5 9.33942E-6 1.1904E-5 1.1868E-5 1.69544E-5 1.91415E-5 1.40298E-5 1.51896E-5 1.61191E-5 1.66204E-5 5.56014E-5 3.54987E-5 2.88662E-5 1.45289E-5 1.05436E-5 9.39607E-6 9.05168E-6 1.90833E-5 3.70201E-6 2.338E-5 3.41594E-5 9.32363E-6 1.93741E-5 2.45409E-5 1.68101E-5 1.47667E-5 1.19795E-5 1.7279E-5 2.45821E-5 2.84594E-5 2.79068E-5 1.6122E-5 3.16E-5 2.62205E-5
4.39573E-6 1.71284E-5 2.06997E-5 2.40587E-5 1.24176E-5 1.61847E-5 5.40758E-6 5.49706E-7 8.77091E-7 8.19937E-7 1.90295E-6 1.56814E-5 1.60249E-5 1.37126E-5 7.49813E-6 5.93887E-6 3.96364E-6 7.63945E-6 9.68555E-6 4.23455E-6 5.40888E-6 3.2214E-5 6.72268E-6 6.42622E-6 1.08817E-5 9.24578E-6 1.61666E-5 1.94547E-5 1.20856E-5 1.64075E-5 2.01935E-5 1.23285E-5 9.83424E-6 1.07693E-5 1.20691E-5 2.03001E-5 1.64025E-5 2.04926E-5 1.32603E-5 5.15955E-5 1.17634E-5 1.28981E-5 8.44851E-6 6.74925E-6 1.44403E-5 1.6351E-6 2.47829E-5 5.35808E-6 8.1702E-6 1.7908E-6 1.2676E-5 6.13477E-6 2.16215E-5 2.50265E-5 2.01602E-5 1.06843E-5 1.47305E-5 8.44117E-6 1.779E-5 1.2476E-5 1.80918E-5 1.66477E-5 1.75315E-5 8.676E-6 1.9658E-5
9.11166E-6 6.20169E-6 3.21144E-6 4.09378E-6 4.61816E-6 1.07518E-5 1.78109E-6 9.50848E-7 4.41156E-6 1.3126E-6 3.18751E-6 2.85964E-5 1.04734E-5 7.80537E-6 9.49067E-6 1.65725E-5 1.37657E-5 1.00619E-5 4.64217E-6 1.19164E-5 6.9997E-6 1.01878E-5 8.00456E-6 8.04205E-6 1.76648E-5 1.44433E-5 1.9273E-5 1.41714E-5 9.14231E-6 3.62903E-6 9.08033E-6 2.14344E-5 1.45576E-5 1.19787E-5 1.133E-5 1.32431E-5 1.43509E-5 1.59604E-5 1.9322E-5 1.53755E-5 1.34402E-5 9.71624E-6 1.42286E-5 7.04693E-6 1.75805E-6 1.64704E-6 4.16063E-6 1.40049E-5 9.64281E-6 1.70869E-5 4.4152E-5 1.6855E-5 4.99006E-6 5.97005E-6 3.65684E-6 7.20121E-6 1.01361E-5 8.67715E-6 1.05746E-5 1.68091E-5 1.14348E-5 2.93957E-5 3.58515E-5 1.65835E-5 1.29775E-5
4.11513E-7 1.51309E-6 6.88826E-7 6.92337E-6 5.92054E-6 2.3823E-5 1.11922E-6 4.3985E-6 3.75904E-6 1.04219E-5 5.48624E-6 4.74583E-6 2.9054E-5 1.27648E-5 1.21867E-5 1.00026E-5 1.48383E-5 6.4878E-6 2.84907E-6 6.24373E-6 2.40196E-5 2.859E-5 2.16608E-5 4.43298E-6 9.75228E-6 1.71859E-5 1.94551E-5 2.81188E-5 8.27031E-6 3.58272E-5 9.63676E-6 1.22079E-5 2.03591E-5 1.68484E-5 1.33944E-5 1.64084E-5 1.9423E-5 2.20813E-5 4.3346E-5 1.64171E-5 1.55796E-5 1.05286E-5 2.42318E-5 3.80781E-6 6.85695E-6 5.04563E-6 4.74975E-6 1.13235E-5 1.21819E-5 2.11801E-5 4.50816E-6 6.73022E-6 1.22117E-5 6.98071E-6 1.36181E-5 1.46561E-5 9.12788E-6 1.89705E-5 1.85742E-5 2.24825E-5 2.20163E-5 1.95852E-5 3.47788E-5 2.86935E-5 1.36051E-5
3.05867E-6 3.47629E-7 1.20761E-6 7.27134E-6 7.09098E-6 1.41287E-5 3.06026E-6 4.32089E-7 2.56409E-7 5.56264E-6 1.84706E-5 1.42116E-5 1.24183E-5 1.55259E-5 3.3563E-6 5.61966E-6 1.03635E-5 4.41158E-6 1.05867E-5 6.96992E-6 2.64512E-6 6.66507E-6 6.47172E-6 1.37368E-5 1.64455E-5 1.2168E-5 5.54491E-6 1.67928E-5 1.44789E-5 1.04785E-5 8.53996E-6 1.29816E-5 1.42525E-4 6.91166E-6 1.19412E-5 2.03249E-5 4.60858E-5 3.31959E-5 1.72801E-5 1.27424E-5 7.362E-6 2.3399E-5 5.10687E-5 1.0131E-5 2.04855E-6 1.46119E-6 1.03667E-5 1.82848E-5 8.32121E-6 7.42687E-6 3.82544E-6 1.25161E-5 1.32478E-5 4.2286E-5 2.60869E-5 2.43453E-5 2.02675E-5 9.01162E-6 3.18168E-5 1.95785E-5 3.1055E-5 2.66174E-5 1.78991E-5 1.4646E-5 6.65504E-6
1.24877E-7 8.96224E-8 2.77034E-8 2.66699E-8 4.67985E-7 3.99875E-7 8.76733E-7 3.1995E-8 3.06181E-7 9.12287E-7 6.4846E-6 9.09075E-6 7.20317E-6 3.48845E-6 2.5706E-6 1.31601E-5 1.14606E-5 6.37816E-6 7.2024E-6 7.21008E-6 8.59358E-6 9.74424E-6 2.15231E-5 4.15261E-5 3.70407E-5 1.62741E-5 8.56915E-6 8.47992E-6 2.70535E-5 5.22322E-6 7.35556E-6 1.95283E-5 6.39796E-5 1.92082E-5 1.54695E-5 2.26672E-5 2.15558E-5 1.23726E-5 1.77811E-5 1.80498E-5 5.68618E-5 6.66316E-5 8.67209E-5 4.22648E-5 4.06915E-5 5.66015E-5 4.80992E-5 3.44598E-5 1.31404E-5 1.07887E-5 7.73948E-6 2.09703E-5 1.48908E-5 2.83823E-5 4.70707E-6 1.58587E-5 1.20638E-5 1.74777E-6 2.05258E-5 1.89119E-5 1.77247E-5 1.94881E-5 3.68579E-5 2.32599E-5 4.26605E-5
3.55469E-7 2.01653E-7 6.4163E-8 1.0772E-8 1.15703E-7 1.60611E-7 1.08213E-6 2.54252E-7 2.70555E-7 6.13987E-7 2.89536E-6 7.66174E-6 4.02067E-6 2.61378E-6 3.98798E-6 7.73658E-6 5.33564E-6 3.32096E-6 6.11736E-7 8.38482E-6 7.93082E-6 1.0331E-5 1.75622E-5 2.8481E-5 3.71871E-5 2.79404E-5 2.81777E-5 2.29359E-5 3.88701E-6 1.06795E-6 9.12441E-6 1.47629E-6 2.45569E-5 2.02676E-5 2.03547E-5 5.96355E-5 4.48533E-5 2.41299E-5 2.91478E-5 3.15076E-5 4.84185E-5 5.33532E-5 5.82792E-5 5.10401E-5 4.60616E-5 1.41771E-4 3.68765E-5 1.79844E-5 2.85339E-6 1.60592E-5 2.073E-5 1.16852E-5 3.71985E-5 1.93981E-5 3.73504E-6 5.67374E-6 3.17417E-6 1.41561E-5 2.02847E-5 1.06455E-5 5.63259E-6 2.75535E-5 9.33257E-5 1.17697E-4 1.51404E-4
1.88002E-7 1.11035E-7 1.26974E-7 2.11542E-8 3.90293E-8 1.92976E-8 1.19596E-7 1.0937E-7 4.328E-7 5.99866E-7 1.28642E-5 1.24642E-5 5.59055E-6 5.9585E-7 4.23527E-6 8.16687E-6 7.47674E-6 5.72278E-6 1.21643E-6 4.20472E-6 5.57256E-6 6.09331E-6 1.06697E-5 2.78873E-5 5.69512E-5 5.7603E-5 4.83553E-5 7.59569E-6 4.46108E-6 3.07873E-5 8.14411E-6 4.16219E-6 1.18965E-5 2.12737E-5 7.99875E-6 1.46015E-5 3.00752E-5 5.11497E-5 4.6756E-5 5.60899E-5 8.29487E-5 6.3782E-5 3.85285E-5 8.79523E-5 7.28131E-5 1.23309E-4 9.1741E-5 8.10096E-5 1.12228E-5 1.50078E-5 9.34468E-6 1.22162E-5 2.825E-6 2.86214E-6 8.26245E-6 1.30593E-5 3.56959E-6 6.84424E-6 2.17786E-5 1.47197E-5 1.82186E-5 8.3308E-5 1.30011E-4 1.09525E-4 2.13598E-4
1.62627E-8 8.66453E-8 8.5249E-7 5.7901E-9 1.45589E-8 8.52039E-8 6.35891E-8 1.52767E-7 6.16243E-7 2.07265E-6 1.09128E-5 1.05635E-5 1.09287E-5 5.19959E-6 1.57378E-6 6.66977E-6 8.75511E-6 7.10711E-6 3.21364E-6 1.75703E-5 6.58571E-6 1.94235E-5 2.24726E-5 3.06865E-5 3.93378E-5 3.96726E-5 1.20252E-5 9.4683E-6 1.47302E-5 7.42781E-6 2.60038E-5 1.95391E-5 1.75718E-5 2.07151E-5 9.55671E-6 5.27372E-6 4.48859E-6 9.78533E-6 4.46767E-5 6.4602E-5 6.92316E-5 7.87833E-5 9.70496E-5 1.12703E-4 6.60664E-5 1.52718E-4 1.41803E-4 7.02257E-5 1.06762E-5 5.33417E-6 5.6713E-6 5.96144E-6 5.8057E-6 4.77901E-6 4.54397E-6 2.71351E-6 9.364E-6 8.01478E-6 1.03165E-5 3.37233E-5 9.25928E-6 9.31624E-5 1.69599E-4 1.89672E-4 2.20415E-4
7.7405E-8 4.45232E-7 1.51695E-7 6.39651E-8 7.35564E-9 1.63159E-8 2.68443E-8 1.07379E-6 8.01962E-7 2.23486E-7 8.63502E-7 5.31267E-6 1.41246E-5 1.27114E-5 8.14091E-6 1.07249E-5 3.05011E-5 6.59599E-6 3.58734E-6 4.7232E-6 6.81988E-6 8.49582E-6 2.06509E-5 1.77247E-5 1.83654E-5 2.02484E-5 1.82313E-5 1.92532E-5 2.25524E-5 2.22299E-5 7.60834E-6 4.53567E-5 4.17041E-5 2.50194E-5 2.84064E-5 3.47829E-5 2.65866E-6 4.02264E-6 3.40064E-5 1.32047E-5 5.60211E-5 9.60233E-5 1.04815E-4 9.53968E-5 7.58192E-5 1.94702E-4 1.16841E-4 1.83942E-5 1.49089E-5 9.31912E-6 1.86758E-6 2.43422E-5 3.10851E-5 2.50383E-5 1.55969E-5 3.11996E-6 2.19633E-6 2.58414E-5 1.50884E-5 1.06063E-4 1.77898E-4 1.2835E-4 1.44324E-4 1.69797E-4 2.19078E-4
3.37329E-7 4.12176E-8 1.36222E-7 8.75193E-8 6.79688E-8 7.27341E-8 2.56275E-8 2.43471E-7 1.47066E-7 9.17347E-8 2.37021E-6 8.83484E-6 1.28767E-5 1.22566E-5 1.16148E-5 1.10123E-5 1.05531E-5 4.40899E-6 4.08706E-7 3.50266E-6 6.97917E-6 9.01058E-6 3.00632E-5 3.06634E-5 1.401E-5 1.24554E-5 1.51798E-5 2.09279E-5 3.83273E-5 2.63117E-5 3.48569E-5 3.82998E-5 1.14032E-4 1.22699E-4 1.436E-4 9.99938E-5 6.52779E-5 1.26657E-4 1.19826E-4 1.13421E-4 1.16706E-4 1.10568E-4 7.97774E-5 9.76932E-5 8.01411E-5 6.83288E-5 5.79353E-5 9.73978E-6 2.56435E-6 9.99612E-6 1.26793E-5 3.97866E-6 1.67081E-5 2.49761E-5 1.51854E-5 2.0827E-5 3.06357E-5 3.60981E-5 4.37644E-5 9.14535E-5 2.07292E-4 1.24329E-4 1.33185E-4 1.55414E-4 1.9804E-4
4.91392E-7 6.84796E-7 2.9961E-7 3.1979E-8 9.24276E-8 1.99558E-6 2.2275E-7 4.84389E-8 4.28911E-7 2.58424E-7 1.36063E-5 1.21646E-5 8.58699E-6 2.35023E-5 1.23358E-5 5.08923E-6 9.39433E-6 5.74176E-6 1.13372E-6 6.7879E-6 7.40336E-6 8.97424E-6 2.92767E-5 1.49361E-5 1.03315E-5 1.34282E-5 1.08906E-5 2.13453E-5 4.80003E-5 3.19126E-5 3.54147E-5 4.01869E-5 8.09479E-5 1.54181E-4 8.07369E-5 1.4474E-4 1.18725E-4 8.83608E-5 1.9094E-5 5.41835E-5 1.10825E-4 1.23358E-4 1.14895E-4 9.94357E-5 7.83574E-5 3.1891E-5 1.92155E-5 2.15396E-6 7.96676E-7 6.82898E-7 2.78866E-6 7.56734E-6 9.93496E-6 1.67872E-5 2.43196E-5 1.95948E-5 2.1343E-5 1.31417E-5 2.42905E-5 9.27018E-5 9.36622E-5 1.10837E-4 1.3924E-4 1.62778E-4 2.21784E-4
7.52183E-8 9.89489E-9 8.44802E-8 4.15269E-8 2.07468E-7 3.22868E-7 2.90989E-7 1.28827E-6 6.73441E-7 6.12059E-7 3.28915E-6 2.15006E-5 1.84117E-5 5.08712E-6 1.08108E-5 7.03641E-6 3.40817E-6 2.86955E-6 2.03416E-6 5.79262E-6 1.42004E-5 1.11004E-5 1.42313E-5 1.52578E-5 2.07182E-5 1.09128E-5 1.09884E-5 1.43898E-5 3.06721E-5 4.19845E-5 4.311E-5 5.8166E-5 6.70715E-5 1.59921E-4 7.03421E-5 1.2224E-4 7.41115E-5 1.63229E-5 7.19793E-5 2.75752E-5 5.31731E-6 5.83364E-5 1.67872E-4 1.4433E-4 1.11012E-4 6.4832E-6 6.66044E-6 7.53941E-7 6.11689E-7 1.01583E-5 6.52433E-7 2.66685E-6 1.07979E-5 1.1457E-5 2.42494E-5 2.23742E-5 7.84941E-6 1.23579E-5 1.21466E-4 1.85902E-4 9.08556E-5 1.13417E-4 1.55022E-4 1.8267E-4 2.27564E-4
1.34211E-7 5.25764E-7 1.73781E-7 1.19497E-7 2.20433E-8 2.19839E-7 4.2574E-7 6.25905E-8 2.69748E-7 6.70941E-7 4.10865E-7 7.74356E-6 1.24872E-5 9.7195E-6 1.27483E-6 3.88816E-7 9.3443E-7 6.62948E-6 2.30276E-5 6.65499E-6 1.62445E-5 2.03097E-5 1.55582E-5 1.64813E-5 1.33448E-5 1.16397E-5 1.10642E-5 5.05595E-5 9.52442E-5 5.99776E-5 6.70943E-5 8.19724E-5 7.66273E-5 1.85136E-4 1.28511E-4 7.32553E-5 5.79256E-5 1.91302E-5 4.05457E-5 1.07463E-4 7.17717E-5 1.48765E-6 2.94044E-6 7.75937E-5 8.79046E-5 7.91457E-7 9.63164E-7 1.2273E-6 5.80515E-7 1.2747E-7 3.11786E-7 3.94588E-6 2.73068E-6 4.41789E-6 3.60922E-5 1.54563E-5 7.30216E-5 4.08883E-5 1.45241E-4 1.99808E-4 1.46441E-4 1.52392E-4 1.77243E-4 2.58069E-4 2.80665E-4
4.20287E-7 3.57499E-7 6.02726E-7 2.83382E-7 9.26211E-7 1.62255E-7 1.83281E-7 1.76422E-7 3.11332E-7 2.76064E-7 2.07931E-7 4.93096E-6 3.92308E-6 7.38526E-6 9.82993E-7 3.50643E-7 6.1846E-7 2.8242E-6 7.64512E-6 5.06934E-6 8.97356E-6 2.39538E-5 1.72213E-5 1.71022E-5 2.75534E-5 1.97427E-5 2.69247E-5 5.71091E-5 9.69718E-5 1.22303E-4 1.32822E-4 1.711E-4 1.02915E-4 1.38504E-4 1.81601E-4 1.28265E-4 3.1173E-5 1.92387E-5 1.16892E-4 1.1474E-4 1.79046E-4 2.1968E-5 6.59301E-6 1.71758E-4 7.32392E-5 5.4196E-5 1.68879E-6 3.91533E-7 8.20811E-8 2.10155E-7 2.06047E-5 1.97645E-5 3.90714E-6 1.1718E-5 2.29154E-5 2.91095E-4 1.89336E-4 7.70162E-5 1.54409E-4 2.11555E-4 1.52269E-4 1.55954E-4 2.10481E-4 3.24023E-4 3.26621E-4
1.06848E-6 7.28696E-7 4.05988E-6 4.45796E-7 7.51574E-7 6.13837E-7 1.46423E-7 3.48407E-7 2.39839E-6 2.3452E-6 5.83337E-7 6.43766E-7 2.3253E-6 5.55373E-6 4.61528E-6 8.96361E-8 1.09083E-6 1.26693E-5 2.54084E-6 1.4614E-5 1.027E-5 2.62612E-5 1.62466E-5 3.33176E-5 1.77633E-5 3.30203E-5 4.11914E-5 6.99767E-5 1.06902E-4 1.44413E-4 1.41072E-4 1.49638E-4 2.80504E-5 7.01887E-5 1.55713E-4 1.74005E-4 1.65828E-4 1.6903E-5 3.90415E-5 6.56061E-5 1.55608E-4 1.40467E-4 1.23317E-6 4.23349E-5 4.45881E-5 1.27988E-5 1.01392E-4 9.3769E-5 1.63254E-7 3.22177E-8 1.57981E-5 1.73728E-5 3.69025E-5 1.68473E-4 2.64566E-4 2.99796E-4 1.94073E-4 1.08961E-4 5.97907E-5 1.32384E-4 1.26973E-4 1.94403E-4 2.36999E-4 2.59016E-4 3.67545E-4
6.14973E-6 9.71189E-6 3.05425E-6 1.24541E-6 2.52431E-6 3.78663E-6 2.94133E-6 2.86946E-7 2.46669E-6 3.32468E-6 4.93113E-7 6.18891E-7 4.96025E-7 2.47436E-6 5.45892E-6 4.23003E-7 5.7308E-7 7.79791E-6 7.82274E-6 3.40758E-6 3.027E-5 7.97733E-6 2.09882E-5 4.48375E-5 1.93945E-5 4.13233E-5 7.50392E-5 1.38769E-4 1.58483E-4 1.69895E-4 1.61836E-4 1.74486E-4 1.11975E-4 1.2922E-4 1.85489E-4 1.58714E-4 1.96183E-4 2.9165E-5 2.8849E-5 2.19532E-4 2.07497E-4 2.27384E-4 1.76642E-5 6.42452E-6 2.14758E-5 2.60634E-6 3.9421E-5 3.1527E-5 1.04224E-6 1.18258E-7 2.46615E-5 4.02585E-5 2.0346E-4 1.95173E-4 2.18881E-4 7.26739E-5 2.2557E-4 1.72926E-4 4.28974E-5 6.53931E-5 1.21804E-4 2.07632E-4 2.20125E-4 2.90559E-4 2.61839E-4
2.20747E-5 1.15423E-5 1.44587E-6 9.94745E-7 1.12937E-6 3.04165E-7 2.89078E-7 1.23885E-6 3.46404E-7 2.3149E-6 4.75058E-6 6.3665E-6 7.42188E-6 8.25077E-7 8.42867E-6 7.18689E-7 1.44045E-6 1.22875E-6 1.11076E-6 2.15127E-6 3.12222E-5 1.59256E-5 3.76337E-6 3.56557E-5 3.54235E-5 2.72543E-5 6.86184E-5 1.24992E-4 1.62851E-4 1.39794E-4 1.46369E-4 1.68022E-4 1.78443E-4 2.0656E-4 1.32642E-4 1.90973E-4 2.22433E-4 1.21599E-4 5.81209E-5 1.41239E-4 2.093E-4 2.46768E-4 2.5927E-4 6.94734E-5 1.00157E-4 4.5711E-5 3.47422E-5 1.55386E-4 8.67723E-6 1.92825E-7 7.99171E-5 1.78539E-4 5.31281E-5 1.71839E-4 1.72351E-4 1.95396E-4 2.13966E-4 2.34202E-4 1.00366E-4 1.19386E-4 1.50974E-4 1.6232E-4 2.2575E-4 2.81161E-4 2.79618E-4
8.30967E-7 1.17897E-6 1.79068E-7 1.72727E-7 7.62565E-8 1.38036E-7 2.02839E-7 8.44376E-7 8.36691E-7 4.60124E-6 6.23801E-7 7.71217E-7 2.04681E-5 7.80041E-6 2.05373E-6 4.12027E-7 2.6571E-6 4.31155E-6 1.58529E-6 4.34496E-6 2.17261E-5 3.72662E-5 1.12739E-5 3.50991E-5 3.86388E-5 2.32365E-5 2.75473E-5 6.71558E-5 1.15822E-4 1.42182E-4 1.86914E-4 2.01095E-4 1.74642E-4 1.62058E-4 1.37246E-4 1.8301E-4 2.38594E-4 8.9967E-5 1.21004E-5 4.00491E-5 5.55108E-5 4.31309E-5 2.25497E-4 9.10266E-5 6.95583E-5 1.40269E-5 2.63223E-5 5.64594E-5 3.47202E-5 4.71326E-6 4.52418E-5 1.54308E-4 4.55493E-5 1.70081E-4 1.86489E-4 1.9384E-4 1.32831E-4 1.76239E-4 1.94201E-4 2.62079E-4 2.88754E-4 2.1586E-4 3.34718E-4 3.34264E-4 2.53613E-4
1.21755E-6 2.91702E-7 2.73281E-7 1.67238E-6 2.233E-6 2.84409E-6 1.96767E-7 2.58587E-7 3.03981E-5 2.096E-5 5.5842E-6 4.44421E-6 8.9863E-6 5.96722E-6 1.89833E-6 3.43706E-6 7.41306E-7 1.36587E-6 3.30119E-6 3.67596E-6 3.47923E-5 4.45528E-5 1.89954E-5 3.28995E-5 2.18366E-5 2.19628E-5 4.38105E-5 9.7337E-5 1.27834E-4 1.48472E-4 1.90422E-4 1.83777E-4 1.913E-4 2.15005E-4 1.62635E-4 2.24241E-4 2.08144E-4 1.22766E-4 1.29696E-5 7.22634E-5 6.5217E-5 7.57623E-5 5.6546E-5 2.34785E-5 1.98281E-5 5.26478E-6 3.25799E-5 2.01512E-5 2.75912E-5 2.35992E-5 8.28425E-5 9.45204E-5 1.19271E-4 1.62499E-4 1.73568E-4 1.7172E-4 4.18622E-5 1.26156E-4 2.29896E-4 2.72399E-4 3.36208E-4 3.03383E-4 3.52074E-4 3.70308E-4 3.40954E-4
1.44388E-6 3.10288E-7 1.46063E-5 1.82378E-5 1.23578E-5 3.48866E-5 2.28755E-5 2.52716E-7 2.53223E-5 1.87181E-5 6.96981E-6 7.16718E-6 2.35447E-6 1.98424E-6 8.4104E-6 2.43288E-6 2.04307E-6 4.6779E-6 1.55324E-6 1.23662E-6 3.70037E-6 2.81977E-5 2.64445E-5 1.56569E-5 3.2666E-5 2.80997E-5 3.5595E-5 6.29361E-5 1.06966E-4 1.64997E-4 1.9146E-4 2.15075E-4 2.67184E-4 2.70128E-4 1.81256E-4 1.86622E-4 1.01453E-4 5.75989E-5 1.26964E-5 5.22541E-5 6.77015E-6 2.53814E-5 7.81617E-5 7.86264E-5 7.33996E-5 6.09533E-6 4.57017E-5 4.25422E-5 4.54012E-5 5.41235E-5 1.55531E-4 1.60763E-4 1.49544E-4 1.11215E-4 1.59584E-4 2.3184E-4 1.746E-4 1.02495E-4 2.25045E-4 2.54381E-4 3.30217E-4 1.38113E-4 1.86821E-4 2.94726E-4 2.80006E-4
5.13029E-6 1.81913E-6 6.03861E-6 4.79669E-6 9.38825E-6 2.81824E-5 1.52303E-5 2.63419E-5 4.71225E-5 4.32369E-5 4.30575E-6 6.56924E-6 1.96264E-6 1.74323E-7 1.85011E-7 1.95404E-7 3.23813E-6 4.6695E-6 1.76968E-6 1.58305E-5 1.83295E-5 2.05752E-5 2.09313E-5 2.20609E-5 3.06957E-5 3.61913E-5 4.20364E-5 4.7993E-5 9.99951E-5 1.82396E-4 2.19938E-4 2.01914E-4 2.76919E-4 9.44366E-5 1.56687E-4 1.3502E-4 1.68522E-5 7.9204E-6 3.81766E-5 4.131E-5 8.14094E-5 1.21126E-4 7.59512E-5 1.47353E-4 4.46228E-5 6.67638E-5 1.81965E-4 1.08961E-4 2.69377E-5 4.61732E-5 1.64055E-4 2.85553E-4 8.96867E-5 5.72944E-5 2.24803E-4 1.61411E-4 1.37254E-4 1.13431E-4 2.19926E-4 2.22798E-4 1.68284E-4 9.32191E-5 1.13009E-4 2.78501E-4 2.58733E-4
1.25826E-5 6.18648E-6 2.64263E-5 1.10858E-5 1.1981E-5 1.70675E-5 1.79724E-5 8.56865E-6 2.96242E-5 4.17122E-5 8.67793E-6 2.37851E-6 1.59647E-6 1.40396E-6 1.87151E-7 6.86756E-7 1.73249E-6 4.95368E-6 1.14743E-5 7.81661E-6 2.31279E-6 5.44567E-6 1.49353E-5 3.95022E-5 3.48945E-5 3.71238E-5 4.45441E-5 4.77336E-5 3.95771E-5 6.10507E-5 3.01569E-5 1.07571E-5 6.3454E-5 7.09025E-5 8.33454E-5 1.79E-4 9.55718E-5 1.68772E-5 3.0058E-5 1.51084E-5 6.76389E-5 3.83544E-5 9.66362E-5 6.92559E-5 1.56638E-4 1.64725E-5 9.79528E-6 2.87955E-5 2.36535E-5 3.54979E-5 2.74703E-4 2.35824E-4 1.91367E-4 1.0441E-4 2.2799E-4 2.37373E-4 2.15621E-4 1.35453E-4 2.28616E-4 2.58751E-4 9.07846E-5 8.86507E-5 1.27695E-4 2.85743E-4 3.04971E-4
1.55411E-5 2.17006E-5 1.85395E-5 2.48862E-5 1.9543E-5 1.38381E-5 1.58968E-5 2.84522E-5 8.1779E-6 2.19223E-5 3.47666E-5 7.72504E-6 7.73199E-7 3.51739E-7 4.29911E-7 7.84862E-7 1.47633E-6 5.30533E-7 4.60393E-6 3.33327E-6 3.72267E-5 1.0533E-5 1.00265E-5 4.34524E-5 3.35375E-5 3.54872E-5 3.90026E-5 5.28929E-5 2.45795E-5 1.24995E-5 9.75793E-6 4.73961E-5 9.01431E-5 7.65409E-5 1.53357E-4 1.07507E-4 1.12777E-4 8.70243E-5 1.80982E-5 2.52575E-5 4.28323E-5 8.36662E-6 1.52881E-4 2.32506E-4 9.81939E-5 3.14289E-5 9.86818E-6 6.01146E-5 2.32273E-5 3.05021E-4 3.29974E-4 1.42347E-4 2.43801E-4 2.29678E-4 2.49044E-4 3.06781E-4 2.71826E-4 1.96031E-4 2.6615E-4 2.41521E-4 2.09629E-4 1.66759E-4 3.16542E-4 3.13118E-4 3.11121E-4
