catData/rasterBestHybridModels/Pbengalensis/RD_BM01_RM1_LQH/Pbengalensis_stddev.asc
ncols         409
nrows         350
xllcorner     60.897278365
yllcorner     5.843756025
cellsize      0.0892857
NODATA_value  -9999
[rows 174 to 202 of 350, columns 198 to 263 of 409]
3.04189E-6 8.63777E-7 8.87965E-7 9.35222E-7 1.93447E-6 4.57291E-6 3.06679E-6 1.29136E-6 1.28888E-6 8.9637E-7 8.44858E-7 6.60297E-7 1.87123E-6 1.53617E-6 8.28741E-7 3.93825E-7 9.28133E-7 1.89672E-6 2.48615E-6 2.14695E-6 1.97222E-6 2.99045E-6 1.45862E-6 8.7825E-6 1.87476E-5 3.29205E-6 7.73562E-7 9.83297E-7 1.19454E-6 1.75621E-7 2.80631E-7 6.36713E-7 8.02852E-7 1.35449E-6 1.21197E-6 6.78209E-7 1.57065E-7 2.97974E-7 6.62458E-7 1.77594E-6 1.82452E-6 1.47179E-6 8.10298E-7 1.03632E-6 1.21807E-6 1.73399E-6 6.07486E-7 4.51903E-7 9.41631E-7 1.12419E-6 1.58956E-6 1.05807E-6 1.397E-6 1.32678E-6 1.42728E-6 5.03335E-6 1.07981E-6 2.97001E-6 7.62305E-6 7.0261E-6 2.3972E-6 2.57801E-6 8.64414E-6 1.0393E-5 7.64388E-6 3.5555E-6
6.80872E-6 2.4539E-6 2.31708E-6 1.9519E-6 3.37399E-6 2.0708E-6 6.36668E-6 3.92005E-6 2.56377E-6 2.99836E-6 1.2891E-6 1.791E-6 1.59856E-6 1.11815E-6 5.56777E-7 1.68782E-6 2.38397E-6 2.62467E-6 2.01152E-6 1.83886E-6 1.86318E-6 1.63305E-6 3.16854E-6 1.45217E-5 9.58539E-6 1.16769E-6 1.40174E-6 8.56473E-7 4.53367E-7 3.93752E-7 8.02707E-7 9.42676E-7 9.11739E-7 1.71329E-6 9.65838E-7 1.24048E-6 4.28867E-7 1.04504E-7 8.5918E-7 1.14217E-6 1.37797E-6 3.11435E-7 1.04279E-6 5.18835E-6 6.68794E-6 3.21615E-6 9.38442E-7 6.82616E-7 1.30351E-6 1.67029E-6 7.79653E-7 3.68973E-6 8.41711E-7 1.37316E-6 2.62092E-6 2.93896E-6 3.11796E-6 5.82449E-6 3.83085E-6 3.26833E-6 5.96588E-6 2.48453E-6 2.1467E-6 2.15505E-6 2.10937E-5 3.00944E-5
1.25299E-6 8.0732E-7 1.27781E-6 1.88933E-6 1.98237E-6 5.23823E-6 1.96285E-6 3.95833E-6 2.31093E-6 1.80074E-6 1.51462E-6 1.61414E-6 2.14742E-6 9.07761E-7 1.51182E-6 1.77552E-6 2.11015E-6 1.99395E-6 1.59335E-6 1.19907E-6 1.46006E-6 1.58802E-6 1.09179E-6 8.49899E-6 4.73157E-6 1.49166E-6 9.69064E-7 1.05955E-6 7.06516E-7 2.05709E-7 1.13945E-6 1.00903E-6 2.04703E-6 4.12156E-6 1.09203E-6 2.09776E-6 1.11463E-6 1.27687E-6 1.67693E-6 1.793E-6 4.56272E-7 8.18341E-7 1.10253E-6 1.24273E-6 1.4108E-6 2.06167E-6 1.57457E-6 4.40734E-6 2.85027E-6 4.137E-6 1.18173E-6 1.7385E-6 3.97937E-6 2.24314E-6 2.64197E-6 2.61776E-6 6.05801E-6 3.53739E-6 4.30373E-6 2.44914E-6 5.85069E-6 1.24153E-6 9.06449E-7 5.09507E-6 5.69883E-6 6.6117E-6
3.62154E-6 1.52019E-6 1.28154E-6 7.17892E-6 9.54706E-7 2.28787E-6 1.05761E-6 1.90476E-6 1.9384E-6 1.58689E-6 1.62931E-6 1.87308E-6 1.3308E-6 1.12995E-6 2.53938E-6 3.42062E-6 4.33393E-6 1.03842E-6 8.58401E-7 1.04835E-6 1.26859E-6 4.81927E-7 6.51647E-7 2.41612E-6 2.49292E-6 6.2472E-7 1.69677E-6 7.71952E-7 1.19575E-6 9.60963E-7 4.04011E-6 2.8544E-6 2.19813E-6 8.4741E-7 3.22406E-6 1.19953E-6 8.22186E-7 2.3345E-6 2.55597E-6 1.6175E-6 1.24491E-6 2.21606E-6 2.38672E-6 1.69228E-6 3.12886E-6 1.9465E-6 1.64581E-6 3.60424E-6 1.4128E-6 1.5439E-6 2.35907E-6 2.07846E-6 2.64242E-6 2.36794E-6 2.78494E-6 3.13003E-6 3.54097E-6 2.85396E-6 3.11357E-6 1.77952E-6 7.09347E-6 1.48857E-6 4.28855E-6 1.31004E-5 1.18471E-5 8.4144E-6
4.63317E-6 8.3004E-7 1.09269E-6 1.41454E-6 1.53258E-6 1.22422E-5 3.20604E-6 2.63627E-6 2.06796E-6 2.18035E-6 1.66862E-6 2.8724E-6 1.78442E-6 9.7227E-7 6.63075E-7 1.12933E-6 1.27629E-6 1.9628E-6 8.01207E-7 1.30586E-6 8.05173E-7 5.13464E-7 6.10033E-7 1.78349E-6 3.32613E-6 2.3751E-6 2.24901E-6 2.09942E-6 1.19868E-6 2.77105E-6 1.91337E-6 9.89056E-7 2.7819E-6 1.8874E-6 3.70355E-6 2.14891E-6 1.34602E-6 2.46657E-6 2.2714E-6 9.08484E-6 1.41897E-6 3.37584E-6 3.83838E-6 2.17887E-6 1.58652E-6 1.27776E-6 1.47137E-6 1.69649E-6 9.27438E-7 9.07219E-7 2.62752E-6 2.5381E-6 2.42992E-6 2.38874E-6 2.8541E-6 3.29792E-6 3.76263E-6 3.03965E-6 2.38906E-6 2.87756E-6 7.32835E-6 4.0512E-6 2.82793E-6 8.01581E-6 9.81706E-6 6.4817E-6
1.56573E-6 1.56368E-6 1.53691E-6 7.73684E-7 7.13649E-7 1.19792E-6 1.3137E-6 2.58121E-6 9.5195E-7 1.23466E-6 1.19574E-6 1.36831E-6 1.14572E-6 1.25056E-6 1.14934E-6 8.23235E-7 1.53449E-6 1.05967E-6 5.61422E-7 8.50661E-7 5.73775E-6 8.11149E-7 1.05785E-6 1.98893E-6 2.01915E-6 1.82155E-6 5.95982E-6 3.46201E-6 2.15023E-6 1.37375E-6 1.73829E-6 1.89754E-6 2.7766E-6 3.12103E-6 2.01714E-6 1.57975E-6 1.91611E-6 1.95546E-6 9.57335E-6 4.63665E-6 3.52474E-6 1.89259E-6 1.23892E-6 1.14503E-6 1.13432E-6 2.76568E-6 5.99119E-7 3.70637E-6 5.26522E-6 1.29563E-6 2.19812E-6 3.79561E-6 2.37692E-6 2.28154E-6 1.63318E-6 2.0237E-6 2.44932E-6 2.29019E-6 3.29547E-6 2.60304E-6 4.34534E-6 4.04661E-6 4.1319E-6 4.823E-6 5.83658E-6 4.97008E-6
3.41139E-6 1.64727E-6 2.02475E-6 7.43668E-7 1.28458E-7 1.93334E-7 1.77766E-7 3.42103E-7 1.97627E-6 2.04738E-6 1.91726E-6 1.08139E-6 9.01199E-7 6.12917E-7 1.10208E-6 1.65966E-6 7.5305E-7 8.36174E-7 5.65925E-6 1.02409E-6 9.08484E-7 1.45699E-6 1.15429E-6 1.93988E-6 2.41407E-6 1.6794E-6 1.68572E-6 2.30641E-6 1.4066E-6 1.21464E-6 1.49264E-6 1.68974E-6 2.26828E-6 2.51522E-6 2.31724E-6 1.86549E-6 9.22174E-6 1.63845E-6 1.7669E-6 1.06512E-6 1.09284E-6 1.90245E-6 3.31395E-7 3.48323E-6 7.67402E-7 1.13622E-6 3.28551E-7 1.65328E-6 8.08633E-7 3.12186E-6 3.86543E-6 2.51474E-6 1.51675E-6 2.35819E-6 1.27445E-6 2.56884E-6 1.69629E-6 2.15452E-6 2.41201E-6 2.78385E-6 1.2115E-6 2.76871E-6 3.68005E-6 3.55845E-6 2.12639E-6 3.23134E-6
5.65189E-7 7.33566E-7 1.3329E-6 3.60665E-7 2.14541E-7 6.40623E-7 2.64498E-7 5.57037E-7 3.59611E-6 1.22969E-6 1.04691E-6 1.19097E-6 1.86125E-6 1.6722E-6 1.40299E-6 6.91956E-7 1.87297E-6 1.16885E-6 1.7014E-6 1.3141E-6 1.08657E-6 2.5177E-6 1.63663E-6 2.42973E-6 1.82744E-6 1.25607E-6 5.77021E-7 1.14949E-6 2.68122E-6 1.52069E-6 1.62069E-6 1.56839E-6 1.81586E-6 1.96339E-6 2.27006E-6 2.90437E-6 2.095E-6 1.81806E-6 1.2969E-6 1.62617E-6 8.53944E-7 3.38202E-7 3.19728E-7 5.38767E-7 2.16978E-6 1.46124E-6 2.52782E-6 6.92354E-6 1.89697E-6 1.00195E-6 1.07077E-6 6.25904E-7 1.00314E-6 1.44042E-6 1.28342E-6 1.52813E-6 2.2031E-6 1.61126E-6 4.63297E-6 4.99312E-6 2.29058E-6 1.94806E-6 4.96144E-6 6.51971E-6 2.79486E-6 3.20135E-6
1.18821E-6 9.4005E-7 3.43466E-6 2.70342E-7 7.02416E-7 5.89722E-7 1.36028E-6 7.70829E-7 7.44574E-7 4.26841E-6 1.39284E-6 1.67213E-6 1.52344E-6 1.83528E-6 8.78995E-7 5.62812E-7 1.05434E-6 4.40614E-6 6.14544E-6 4.02277E-6 6.92931E-7 1.16557E-6 1.85534E-6 2.1097E-6 3.84576E-6 1.00677E-6 5.87603E-6 1.10354E-6 1.27633E-6 2.68385E-6 2.11351E-6 1.77917E-6 2.1477E-6 2.79441E-6 3.37732E-6 5.6927E-6 2.19021E-6 1.92578E-6 1.1952E-6 3.83917E-6 5.36376E-7 8.08689E-7 6.60737E-7 6.64068E-7 1.77629E-6 1.96292E-6 3.88847E-6 7.75382E-7 8.68509E-7 1.43899E-6 9.50223E-7 1.5657E-6 1.7722E-6 1.29531E-6 2.32678E-6 2.39091E-6 2.84893E-6 2.71347E-6 2.84725E-6 4.63407E-6 3.65013E-6 2.06793E-6 2.30527E-6 2.53599E-6 7.32672E-6 4.67636E-6
1.11424E-6 1.20587E-6 1.88682E-6 4.96825E-7 1.03785E-7 6.19885E-8 8.13529E-7 2.45305E-6 1.77026E-6 1.72338E-6 1.94052E-6 6.13695E-7 1.15355E-6 1.73057E-6 7.09572E-7 1.75713E-6 1.03014E-6 4.2494E-7 1.0838E-6 1.01388E-6 1.9221E-6 2.20029E-6 1.79266E-6 7.94648E-7 1.86033E-6 1.50199E-6 1.47036E-6 8.78425E-7 1.3422E-6 2.3732E-5 1.0335E-6 1.43886E-6 2.85086E-6 7.65418E-6 3.84592E-6 1.96057E-6 1.42607E-6 9.2222E-7 3.37155E-6 8.18103E-6 1.19455E-6 3.69968E-7 2.69915E-7 1.43125E-6 3.42662E-6 1.20094E-6 9.99328E-7 5.37433E-7 1.59361E-6 1.47975E-6 5.65907E-6 3.52021E-6 3.15355E-6 2.42375E-6 1.37629E-6 4.20521E-6 2.57933E-6 4.00648E-6 4.27604E-6 2.6281E-6 2.11416E-6 9.96066E-7 6.41632E-7 1.43871E-6 4.47323E-6 3.48681E-6
7.47571E-9 1.1575E-7 9.70429E-8 1.98957E-7 8.70825E-9 7.76673E-8 2.05448E-7 9.20962E-7 1.25653E-6 1.01634E-6 5.46611E-7 4.76849E-7 1.70024E-6 1.55247E-6 1.01315E-6 1.05641E-6 1.14173E-6 1.46668E-6 1.71921E-6 3.85258E-6 7.15259E-6 5.39225E-6 2.01696E-6 9.67851E-7 9.47527E-7 3.7586E-6 6.74352E-7 8.66378E-7 2.07048E-6 1.06696E-5 2.05245E-6 1.69401E-6 2.57019E-6 2.91598E-6 1.32695E-6 2.21042E-6 2.24583E-6 9.35719E-6 1.03604E-5 1.3297E-5 5.73341E-6 5.97495E-6 1.06693E-5 8.3974E-6 6.55819E-6 1.86901E-6 1.359E-6 9.22732E-7 2.53517E-6 1.81154E-6 3.58422E-6 6.89793E-7 1.91786E-6 1.50504E-6 3.58296E-7 3.00655E-6 2.46988E-6 2.57577E-6 3.04332E-6 5.54881E-6 3.89638E-6 6.05083E-6 1.66869E-5 1.45845E-5 1.72135E-5 1.02587E-5
3.03994E-9 3.03738E-8 4.24232E-8 2.32338E-7 6.33075E-8 6.89121E-8 1.29741E-7 4.6581E-7 1.13656E-6 6.38424E-7 4.3957E-7 6.14596E-7 1.09888E-6 7.6582E-7 5.34785E-7 1.42676E-7 1.40219E-6 1.40793E-6 1.74316E-6 3.36595E-6 5.28503E-6 5.68531E-6 3.84125E-6 3.67516E-6 3.4426E-6 4.9343E-7 2.09269E-7 1.10172E-6 2.84204E-7 3.02344E-6 2.38373E-6 2.73572E-6 1.0379E-5 6.75169E-6 2.5334E-6 3.61115E-6 4.44827E-6 7.04823E-6 7.65111E-6 8.72355E-6 7.55279E-6 6.97374E-6 3.19428E-5 6.84021E-6 2.32399E-6 4.82374E-7 1.70673E-6 2.33496E-6 1.6259E-6 5.7862E-6 3.02346E-6 5.66582E-7 7.77016E-7 5.09108E-7 1.82574E-6 2.93242E-6 1.51256E-6 8.18138E-7 4.82196E-6 1.97493E-5 2.49537E-5 2.72123E-5 5.31481E-5 5.76916E-5 4.27426E-5 2.08911E-5
5.85294E-9 1.06455E-8 5.40253E-9 3.1251E-8 2.84665E-8 1.02077E-7 1.44026E-7 2.12977E-6 2.07423E-6 9.15664E-7 1.37268E-7 6.94226E-7 1.25421E-6 1.18767E-6 9.27204E-7 2.31683E-7 7.16119E-7 9.94592E-7 1.0983E-6 1.90342E-6 5.23323E-6 1.06043E-5 1.05929E-5 8.53106E-6 1.08859E-6 6.3683E-7 5.81945E-6 1.0123E-6 5.68321E-7 1.55687E-6 2.6303E-6 9.307E-7 2.00641E-6 3.54299E-6 6.74137E-6 6.57188E-6 8.85405E-6 1.68463E-5 1.03279E-5 6.28012E-6 1.8003E-5 1.49709E-5 2.8716E-5 1.93315E-5 1.55256E-5 1.48295E-6 1.59134E-6 1.20168E-6 1.58157E-6 5.53678E-7 5.28834E-7 1.06735E-6 1.72317E-6 5.85987E-7 1.01411E-6 3.71351E-6 2.38939E-6 2.78105E-6 1.46122E-5 2.53425E-5 2.10183E-5 4.02891E-5 4.3574E-5 9.02393E-5 3.40938E-5 4.2067E-5
1.6322E-9 4.04709E-9 2.24652E-8 1.69648E-8 3.93839E-8 1.46014E-7 3.7009E-7 1.62771E-6 1.55622E-6 1.60711E-6 7.60958E-7 3.10137E-7 9.71884E-7 1.2887E-6 1.11975E-6 5.34999E-7 3.661E-6 1.14405E-6 4.23997E-6 4.43693E-6 5.90089E-6 7.43569E-6 7.94514E-6 1.96125E-6 1.51666E-6 2.35796E-6 1.23595E-6 4.63297E-6 3.28646E-6 2.6574E-6 2.80156E-6 1.07988E-6 6.96822E-7 5.72521E-7 1.11043E-6 6.77801E-6 1.04448E-5 1.2453E-5 1.43913E-5 1.87944E-5 2.37745E-5 1.34294E-5 3.36288E-5 3.39332E-5 1.29332E-5 1.07934E-6 7.90935E-7 9.34087E-7 9.32374E-7 7.93969E-7 6.64068E-7 6.56746E-7 5.16387E-7 1.34821E-6 1.15199E-6 1.69819E-6 5.68098E-6 1.45293E-6 2.06359E-5 3.26642E-5 2.8104E-5 2.67058E-5 2.87542E-5 3.3318E-5 3.49169E-5 3.14651E-5
1.66916E-8 2.07004E-9 4.54724E-9 7.40665E-9 2.44628E-7 1.86287E-7 5.60919E-8 1.86582E-7 7.55246E-7 1.89898E-6 1.64564E-6 1.14999E-6 1.48054E-6 5.27749E-6 1.03936E-6 5.78579E-7 7.61252E-7 1.12521E-6 1.54687E-6 4.16342E-6 3.16104E-6 3.21395E-6 3.42927E-6 3.12236E-6 3.23939E-6 3.87039E-6 4.26668E-6 1.26022E-6 7.79463E-6 7.39156E-6 3.67845E-6 3.99696E-6 4.37881E-6 4.98637E-7 5.96289E-7 5.67803E-6 2.14016E-6 9.85858E-6 1.91813E-5 2.28882E-5 1.96079E-5 1.57516E-5 4.44023E-5 2.70393E-5 2.25892E-6 2.04567E-6 1.23224E-6 3.69269E-7 3.77028E-6 5.09419E-6 3.62442E-6 1.85645E-6 5.82176E-7 4.37988E-7 4.68229E-6 2.42156E-6 1.96994E-5 3.7092E-5 2.5081E-5 2.75429E-5 2.69212E-5 2.27686E-5 3.1718E-5 3.04051E-5 2.80451E-5 4.25251E-5
2.26321E-8 1.79275E-8 1.93583E-8 7.19724E-9 6.30536E-8 3.84221E-8 2.42277E-8 3.69583E-7 1.12818E-6 1.6579E-6 1.60863E-6 1.65088E-6 1.64194E-6 1.55203E-6 7.7133E-7 9.95783E-8 5.76148E-7 1.12963E-6 1.60541E-6 5.83709E-6 6.59813E-6 2.58241E-6 2.50016E-6 2.96886E-6 3.87609E-6 7.67865E-6 4.6305E-6 5.92524E-6 6.3346E-6 2.13394E-5 2.78996E-5 2.96049E-5 1.77691E-5 1.13982E-5 2.6948E-5 2.59959E-5 2.3957E-5 2.30517E-5 2.21408E-5 1.52267E-5 2.16355E-5 1.72276E-5 1.38637E-5 1.16258E-5 1.17215E-6 4.75853E-7 9.88812E-7 1.52231E-6 6.68209E-7 2.18378E-6 3.86401E-6 1.84518E-6 2.05176E-6 4.71993E-6 6.32096E-6 7.33455E-6 1.67669E-5 4.31982E-5 2.31915E-5 2.43891E-5 2.57489E-5 2.19672E-5 2.08924E-5 3.33702E-5 1.75811E-5 2.26804E-5
8.62394E-9 2.39786E-8 3.84429E-7 5.77756E-8 1.34322E-8 1.03478E-7 6.46763E-8 1.45787E-6 1.53632E-6 1.20564E-6 3.21006E-6 1.89344E-6 1.10111E-6 1.37422E-6 9.54238E-7 2.56052E-7 1.05079E-6 1.24315E-6 1.56517E-6 5.65724E-6 2.84779E-6 2.12168E-6 2.7131E-6 2.29232E-6 4.7721E-6 9.1051E-6 5.93238E-6 6.39124E-6 6.94746E-6 1.35493E-5 3.66528E-5 1.69892E-5 3.17016E-5 2.42662E-5 1.96684E-5 3.72142E-6 1.20314E-5 2.50564E-5 2.67772E-5 2.49281E-5 2.18901E-5 1.5494E-5 6.27987E-6 3.19819E-6 3.56022E-7 1.7971E-7 1.53376E-7 4.25417E-7 1.02337E-6 1.30721E-6 2.39365E-6 3.7221E-6 2.13792E-6 2.81999E-6 1.87575E-6 3.29197E-6 1.74096E-5 1.8448E-5 2.28694E-5 2.17133E-5 2.39291E-5 1.78041E-5 1.9952E-5 2.68328E-5 4.56895E-5 2.9808E-5
1.10795E-8 5.17065E-8 7.89189E-8 7.12479E-8 2.90125E-7 1.61827E-7 1.47691E-7 6.18869E-7 3.27548E-6 2.48019E-6 8.66463E-7 1.49984E-6 1.2195E-6 6.68385E-7 5.47803E-7 3.93934E-7 9.12784E-7 2.38705E-6 1.79124E-6 2.52237E-6 2.8445E-6 4.19243E-6 2.15547E-6 2.37316E-6 2.83803E-6 5.57166E-6 8.16108E-6 8.26315E-6 9.97599E-6 1.12658E-5 3.31779E-5 1.58132E-5 2.82795E-5 1.68635E-5 3.11588E-6 1.54306E-5 5.93558E-6 9.76192E-7 1.27886E-5 3.74586E-5 3.08303E-5 2.26393E-5 9.90401E-7 1.07801E-6 1.40704E-7 1.26583E-7 1.21446E-6 1.43805E-7 4.5408E-7 1.28433E-6 1.30095E-6 3.49652E-6 3.1688E-6 9.45246E-7 1.709E-6 2.30815E-5 3.18465E-5 1.92823E-5 2.20777E-5 2.02616E-5 2.01197E-5 1.82297E-5 2.86248E-5 2.6017E-5 2.82819E-5 3.86785E-5
3.14635E-8 5.99213E-9 5.49515E-8 1.03028E-7 1.68115E-8 6.96524E-8 1.63054E-7 1.03248E-7 1.31864E-6 1.74027E-6 1.34027E-6 2.83338E-7 9.61575E-8 2.17943E-7 1.02003E-6 4.39124E-6 1.04523E-6 2.76299E-6 3.53267E-6 2.60863E-6 2.90576E-6 2.41045E-6 2.20718E-6 2.30221E-6 1.02791E-5 2.00397E-5 1.14901E-5 1.31302E-5 1.58071E-5 1.43377E-5 3.8744E-5 2.98915E-5 1.64673E-5 1.22279E-5 3.79542E-6 8.75252E-6 2.49111E-5 1.64568E-5 3.01396E-7 5.16489E-7 1.63907E-5 1.71258E-5 1.72418E-7 1.69829E-7 2.25338E-7 1.23581E-7 3.28537E-8 7.82495E-8 7.1079E-7 5.18968E-7 6.66391E-7 5.00245E-6 1.68018E-6 1.11546E-5 5.6807E-6 2.43917E-5 1.89109E-5 2.43242E-5 2.68397E-5 2.05238E-5 2.35898E-5 2.99516E-5 2.96339E-5 2.35803E-5 4.02029E-5 4.29199E-5
7.0353E-8 1.95775E-7 4.19484E-8 4.58087E-8 4.51533E-8 7.76812E-8 6.98309E-8 5.32931E-8 8.56605E-7 6.80043E-7 1.0778E-6 2.23987E-7 8.5025E-8 1.49551E-7 4.96708E-7 1.19414E-6 7.85777E-7 1.37391E-6 3.97146E-6 2.73131E-6 2.85336E-6 5.08787E-6 3.94637E-6 5.4217E-6 1.17574E-5 2.11741E-5 2.59379E-5 2.75636E-5 3.39785E-5 2.00966E-5 2.74566E-5 4.2034E-5 2.96338E-5 6.082E-6 3.40922E-6 2.70369E-5 2.11007E-5 3.46274E-5 3.8165E-6 1.07069E-6 3.56129E-5 1.36645E-5 9.16767E-6 2.95554E-7 8.94286E-8 2.13223E-8 5.27872E-8 1.97268E-6 2.59668E-6 7.12363E-7 1.23081E-6 2.90106E-6 6.01369E-5 4.35452E-5 1.6181E-5 3.17667E-5 2.92602E-5 2.71714E-5 2.28131E-5 1.94279E-5 2.67002E-5 2.893E-5 2.34019E-5 4.12263E-5 4.34135E-5 2.47897E-5
1.07217E-7 1.75343E-7 1.41248E-7 3.75674E-8 8.47738E-8 4.77283E-7 4.61426E-7 1.40194E-7 1.56389E-7 4.67763E-7 8.09558E-7 7.35892E-7 2.36699E-8 2.21511E-7 2.11052E-6 4.52389E-7 2.29597E-6 1.43185E-6 4.29687E-6 2.42305E-6 6.03114E-6 3.00283E-6 6.40641E-6 7.91599E-6 1.41829E-5 2.34171E-5 3.03175E-5 2.88027E-5 2.92898E-5 5.32798E-6 1.49847E-5 3.68179E-5 4.14321E-5 3.79209E-5 2.65288E-6 6.84713E-6 1.25991E-5 3.34403E-5 2.84448E-5 2.57473E-7 7.81728E-6 7.90089E-6 2.05052E-6 2.04102E-5 1.88373E-5 4.13315E-8 8.77171E-9 1.73476E-6 2.28982E-6 6.23029E-6 3.35231E-5 4.91557E-5 5.43735E-5 3.56147E-5 2.08928E-5 1.32906E-5 2.46689E-5 2.32015E-5 3.10653E-5 1.79119E-5 2.1951E-5 3.33165E-5 2.48137E-5 4.56392E-5 4.97321E-5 4.28187E-5
2.62905E-7 4.21892E-7 5.27431E-7 4.16873E-7 6.82121E-8 4.21929E-7 5.39569E-7 1.14236E-7 1.43493E-7 1.18981E-7 4.00265E-7 8.32215E-7 1.01823E-7 1.41362E-7 1.17723E-6 1.16192E-6 5.46136E-7 4.75238E-6 1.06927E-6 3.46918E-6 7.221E-6 3.31542E-6 7.68512E-6 1.48914E-5 2.98349E-5 3.37123E-5 3.40867E-5 3.3807E-5 3.50348E-5 2.17366E-5 2.63554E-5 4.48988E-5 3.70593E-5 4.35332E-5 5.01834E-6 4.83542E-6 4.91519E-5 4.41066E-5 4.88717E-5 2.2464E-6 1.40138E-6 3.59778E-6 4.56752E-7 7.32688E-6 6.55684E-6 2.02206E-7 3.07315E-8 4.07363E-6 5.63604E-6 3.11084E-5 2.48243E-5 2.75795E-5 1.30818E-5 2.49959E-5 2.4621E-5 9.22617E-6 1.04601E-5 2.034E-5 4.0776E-5 2.41667E-5 1.98152E-5 1.98563E-5 1.94281E-5 3.08573E-5 3.84247E-5 5.18339E-5
2.05745E-7 2.27793E-7 7.07554E-8 6.85283E-8 2.36439E-7 8.13516E-8 3.89854E-7 5.85615E-7 8.77276E-7 9.66259E-7 1.88612E-7 1.22225E-6 1.70372E-7 3.29264E-7 2.90485E-7 2.63662E-7 4.5789E-7 4.78673E-6 2.34258E-6 5.94486E-7 6.0978E-6 5.77119E-6 4.68078E-6 1.32968E-5 2.59999E-5 3.29206E-5 2.76169E-5 2.76496E-5 3.20765E-5 3.16805E-5 3.66767E-5 3.01594E-5 4.61965E-5 5.06646E-5 2.30127E-5 1.07346E-5 2.98043E-5 4.507E-5 5.34146E-5 5.64192E-5 9.65461E-6 2.04236E-5 8.57884E-6 6.27794E-6 3.12396E-5 1.4172E-6 4.78636E-8 1.70798E-5 3.69088E-5 8.35761E-6 2.67725E-5 2.06034E-5 3.88103E-5 2.85161E-5 2.85626E-5 2.24556E-5 2.07918E-5 2.4468E-5 2.57756E-5 3.63943E-5 3.72007E-5 3.34255E-5 2.34719E-5 2.31531E-5 2.31451E-5 3.24979E-5
4.25637E-8 1.96696E-8 3.36474E-8 4.74737E-8 1.7282E-7 1.86125E-7 6.83267E-7 1.44728E-7 1.77134E-7 2.77106E-6 1.12361E-6 4.26452E-7 1.01423E-7 4.82084E-7 7.16414E-7 3.65847E-7 8.01196E-7 3.03748E-6 5.84747E-6 1.49471E-6 6.17426E-6 6.57276E-6 4.17547E-6 5.1142E-6 1.38127E-5 2.50477E-5 2.82656E-5 3.42819E-5 3.52393E-5 3.13272E-5 3.28946E-5 3.0975E-5 4.30821E-5 5.6017E-5 1.83026E-5 1.85081E-6 7.6874E-6 1.1918E-5 8.50821E-6 5.11034E-5 1.91183E-5 1.46235E-5 2.27733E-6 4.47451E-6 1.08901E-5 6.75779E-6 5.90225E-7 9.58324E-6 3.50283E-5 8.26565E-6 2.82852E-5 2.51931E-5 4.44873E-5 2.76654E-5 2.9075E-5 3.85367E-5 3.84272E-5 5.07182E-5 3.53253E-5 5.68764E-5 4.46995E-5 2.29177E-5 2.736E-5 2.29062E-5 2.6893E-5 4.2006E-5
2.85694E-7 3.53717E-7 4.36813E-7 4.8599E-8 6.08978E-8 4.44471E-6 2.40546E-6 5.96589E-7 6.13438E-7 1.00717E-6 9.56197E-7 3.86917E-7 5.12664E-7 1.81172E-7 3.08368E-7 6.58459E-7 7.35734E-7 4.99887E-6 7.052E-6 3.09474E-6 5.87378E-6 3.58294E-6 4.06049E-6 8.69855E-6 2.0316E-5 2.70973E-5 2.88605E-5 3.25961E-5 3.06789E-5 3.59161E-5 3.91494E-5 3.24431E-5 5.1632E-5 5.01351E-5 2.7965E-5 2.12431E-6 1.56779E-5 1.45086E-5 1.69663E-5 1.15196E-5 4.47219E-6 3.59485E-6 8.32131E-7 5.57499E-6 3.10392E-6 4.45216E-6 4.20085E-6 1.7266E-5 1.78677E-5 2.15326E-5 2.65944E-5 3.17582E-5 3.74686E-5 7.75932E-6 2.88547E-5 3.98491E-5 3.15759E-5 5.09376E-5 4.78758E-5 6.39539E-5 4.17149E-5 2.21818E-5 2.25499E-5 2.6037E-5 2.9095E-5 5.51577E-5
3.37501E-6 1.92395E-6 6.99501E-6 4.30197E-6 6.10726E-8 4.28736E-6 2.70649E-6 7.77783E-7 1.02569E-6 4.22635E-7 3.78585E-7 1.33078E-6 4.55808E-7 3.80473E-7 7.66458E-7 3.26367E-7 2.43992E-7 5.80297E-7 4.76509E-6 4.75303E-6 2.51097E-6 6.22302E-6 5.16299E-6 6.87546E-6 1.23094E-5 2.19396E-5 3.35107E-5 3.23775E-5 3.2252E-5 3.98146E-5 5.00376E-5 3.61872E-5 4.30437E-5 2.25539E-5 1.15977E-5 2.24165E-6 1.08271E-5 1.03872E-6 4.37788E-6 1.64025E-5 1.59602E-5 1.41103E-5 1.02607E-6 7.80579E-6 7.45962E-6 7.65702E-6 9.7216E-6 2.60394E-5 2.82479E-5 2.38332E-5 2.02457E-5 2.21454E-5 3.80949E-5 3.65832E-5 2.23095E-5 3.73747E-5 3.80232E-5 5.92569E-5 2.19864E-5 3.19457E-5 4.34786E-5 2.41314E-5 2.89539E-5 2.92298E-5 2.66808E-5 6.59663E-5
6.80059E-7 1.56216E-6 5.48616E-6 2.4097E-6 5.05303E-6 7.88942E-6 6.51381E-6 5.2545E-7 8.9769E-7 3.54963E-7 4.44188E-8 4.64992E-8 4.96687E-8 5.74952E-7 7.45164E-7 3.32324E-7 2.48708E-6 2.97474E-6 3.15181E-6 3.249E-6 4.25892E-6 6.05948E-6 7.33342E-6 9.28674E-6 1.0175E-5 1.9222E-5 3.81549E-5 4.19818E-5 3.68266E-5 4.57976E-5 1.63973E-5 3.00014E-5 2.42746E-5 3.06396E-6 1.30745E-6 7.54543E-6 7.86834E-6 1.61058E-5 2.42708E-5 1.44176E-5 3.10479E-5 8.64395E-6 1.25952E-5 3.74689E-5 1.92871E-5 4.35252E-6 7.28106E-6 1.93263E-5 3.69235E-5 1.39964E-5 9.12202E-6 3.86489E-5 2.525E-5 2.64027E-5 2.54884E-5 3.09549E-5 4.10453E-5 3.25966E-5 1.61567E-5 2.17768E-5 4.58995E-5 2.82852E-5 2.35416E-5 3.42159E-5 2.34478E-5 5.4524E-5
1.46538E-6 1.70651E-6 2.67966E-6 2.86424E-6 1.30361E-6 5.19357E-6 7.03433E-6 1.04405E-6 3.58484E-7 3.27437E-7 2.96729E-7 4.77059E-8 1.62682E-7 3.21276E-7 8.86767E-7 1.97598E-6 1.22719E-6 3.76514E-7 8.89284E-7 2.43567E-6 7.78753E-6 7.05766E-6 7.20621E-6 9.45781E-6 1.00492E-5 8.36501E-6 1.0918E-5 4.94621E-6 1.69815E-6 9.4163E-6 1.13244E-5 1.46357E-5 4.22393E-5 2.09251E-5 3.10336E-6 5.97274E-6 2.39185E-6 1.23554E-5 6.75079E-6 1.91642E-5 1.27287E-5 3.31488E-5 2.78708E-6 1.47188E-6 4.40252E-6 3.55113E-6 4.92469E-6 3.41584E-5 3.48407E-5 2.73391E-5 1.5527E-5 3.44529E-5 3.97339E-5 3.78639E-5 3.12386E-5 4.18846E-5 3.82822E-5 1.53498E-5 1.37179E-5 2.43796E-5 3.83822E-5 2.68444E-5 2.90262E-5 4.27514E-5 2.78626E-5 4.2976E-5
3.66393E-6 2.81694E-6 1.98205E-6 2.15123E-6 4.81828E-6 1.13063E-6 3.15463E-6 4.91777E-6 8.54803E-7 1.77129E-7 8.59267E-8 1.04711E-7 1.79699E-7 2.94891E-7 1.17996E-7 8.11122E-7 5.57268E-7 7.5326E-6 1.96739E-6 1.74042E-6 8.57398E-6 7.25241E-6 7.20992E-6 8.57448E-6 1.08115E-5 5.16497E-6 2.30939E-6 1.59269E-6 8.65246E-6 1.33012E-5 1.20406E-5 2.61607E-5 2.23552E-5 2.29834E-5 1.75699E-5 3.2853E-6 4.40721E-6 7.56403E-6 1.45843E-6 2.26599E-5 3.65654E-5 1.88558E-5 4.7598E-6 1.42204E-6 9.47453E-6 3.049E-6 3.93748E-5 5.15596E-5 2.06868E-5 2.92578E-5 2.85241E-5 2.644E-5 4.30185E-5 4.99476E-5 3.93742E-5 4.23476E-5 4.18542E-5 4.13377E-5 2.90827E-5 6.62039E-5 3.52214E-5 2.75653E-5 2.87629E-5 3.74389E-5 7.22837E-5 3.27292E-5
