catData/rasterBestHybridModels/Pbengalensis/RD_BM01_RM1_LQH/Pbengalensis_min.asc
ncols         409
nrows         350
xllcorner     60.897278365
yllcorner     5.843756025
cellsize      0.0892857
NODATA_value  -9999
[rows 203 to 231 of 350, columns 198 to 263 of 409]
6.83489E-6 1.40768E-5 6.19133E-6 1.09787E-5 1.08092E-5 5.21225E-6 6.95407E-6 9.74266E-6 3.43299E-6 5.30363E-6 9.07964E-7 6.63402E-7 3.49777E-7 4.29241E-8 7.54347E-8 1.75973E-7 2.22844E-6 4.43548E-6 2.05223E-6 1.29899E-6 8.79764E-6 1.04374E-5 6.76989E-6 7.25642E-6 6.87994E-6 3.91189E-6 1.52438E-5 2.91149E-5 2.98273E-5 4.02374E-5 3.29192E-5 4.23782E-5 4.12396E-5 5.61405E-5 1.30471E-5 1.81838E-6 3.08527E-5 3.29133E-5 6.16746E-5 1.43856E-4 1.31221E-4 7.87862E-5 3.71164E-6 1.4358E-5 4.26628E-5 1.84449E-4 2.01858E-4 1.37222E-4 1.62081E-4 1.66221E-4 1.3371E-4 9.64972E-5 1.07836E-4 1.40803E-4 1.06075E-4 5.25805E-5 3.57166E-5 6.8498E-5 7.09163E-5 9.6069E-5 1.53015E-4 2.07202E-4 1.73844E-4 2.13921E-4 3.30101E-4 2.54705E-4
8.66309E-6 2.32098E-6 6.15042E-6 2.77478E-5 8.76328E-6 7.81623E-6 1.24434E-5 3.5616E-6 6.11124E-6 8.03916E-6 3.44178E-6 1.12948E-7 7.32728E-8 4.38162E-7 1.94193E-6 7.72433E-7 1.58784E-7 3.88905E-6 4.45413E-6 1.3202E-6 1.38735E-6 3.74073E-6 6.98498E-6 4.65818E-6 8.306E-6 1.19377E-5 1.80579E-5 3.47432E-5 5.2291E-5 8.40142E-5 2.08234E-5 2.92277E-5 4.1073E-5 5.12522E-5 4.52258E-5 5.50118E-5 6.17274E-5 1.03843E-4 1.1629E-4 1.42166E-4 9.04142E-5 1.61351E-5 5.73415E-7 2.53517E-5 2.31011E-4 1.50811E-4 2.81901E-4 1.62636E-4 2.05097E-4 2.2438E-4 1.80801E-4 1.28614E-4 9.90555E-5 9.93549E-5 8.73415E-5 5.15637E-5 7.6074E-5 1.07021E-4 1.32179E-4 4.16341E-5 8.59822E-5 1.78881E-4 1.21645E-4 1.16624E-4 1.37173E-4 1.38514E-4
1.38405E-5 2.64557E-6 6.3845E-6 2.69948E-5 2.40797E-5 1.48094E-5 1.06568E-5 1.52786E-5 9.65615E-6 1.04598E-6 7.68342E-6 1.27255E-6 7.31864E-8 7.57949E-7 1.75387E-7 3.43475E-6 6.28153E-7 1.25316E-7 1.15365E-6 2.89373E-6 4.0117E-6 2.95744E-6 2.64325E-6 4.9258E-6 4.59768E-6 2.14764E-5 1.92191E-5 4.22185E-5 7.37081E-5 1.91285E-4 5.40347E-5 4.49992E-5 4.4123E-5 4.3162E-5 4.03243E-5 4.10025E-5 3.17012E-5 6.69816E-5 9.43066E-5 7.30507E-5 5.45076E-5 5.22073E-5 1.10444E-5 5.61716E-5 1.9801E-4 6.49348E-5 3.31233E-5 4.33912E-5 1.5107E-5 2.24803E-4 2.4158E-4 1.47603E-4 7.11925E-5 3.78535E-5 4.24383E-5 4.01058E-5 5.9025E-5 1.63722E-4 1.82902E-4 6.61627E-5 5.88331E-5 1.53554E-4 1.35286E-4 1.02435E-4 8.33315E-5 3.93712E-5
1.28288E-5 5.15511E-6 1.42959E-5 1.91896E-5 1.3963E-5 5.17242E-6 9.29166E-6 7.3801E-6 2.27602E-5 2.02741E-5 5.03929E-6 2.80817E-6 4.1917E-6 4.62983E-7 3.51451E-7 2.58594E-7 1.8659E-7 6.5403E-7 5.51871E-7 3.12776E-6 2.82393E-6 4.53392E-6 2.71471E-6 1.81098E-6 1.0119E-5 2.34391E-5 2.84265E-5 6.17417E-5 9.28507E-5 3.05225E-4 1.27372E-4 5.93672E-5 3.45149E-5 3.00989E-5 2.28057E-5 2.22126E-5 2.137E-5 3.27045E-5 4.77178E-5 3.11097E-5 2.6335E-5 4.33204E-5 7.75493E-5 1.12976E-4 1.58582E-4 3.36544E-6 4.1842E-6 1.37667E-4 1.62872E-4 2.4585E-4 2.02449E-4 7.1189E-5 5.11605E-5 4.67974E-5 5.18454E-6 3.38343E-5 4.44958E-5 1.19754E-4 1.54328E-4 1.1955E-4 5.22187E-5 1.50084E-4 2.01288E-4 1.17991E-4 1.13218E-5 -9999
1.0866E-5 1.09234E-5 1.89753E-5 5.4671E-6 3.40832E-6 4.8887E-6 3.8971E-6 1.40772E-5 1.37118E-5 1.00766E-5 2.45634E-6 9.83018E-6 2.48009E-6 1.97539E-6 9.62554E-7 5.6871E-7 5.21313E-7 4.64558E-6 2.41879E-6 3.17261E-6 7.74094E-7 4.16781E-6 3.15752E-6 6.48805E-6 3.97784E-6 3.93165E-6 7.67433E-6 3.70999E-5 6.20393E-5 1.52286E-4 1.32272E-4 5.853E-5 2.44467E-5 2.18622E-5 2.22021E-5 2.13638E-5 2.16175E-5 2.19456E-5 3.56787E-5 2.03099E-5 2.00259E-5 3.72921E-5 6.73696E-5 1.32811E-4 1.06722E-4 1.34965E-5 1.11946E-4 2.00396E-4 1.66231E-4 2.30535E-4 1.25607E-4 8.36014E-5 6.83712E-5 9.33844E-5 1.7766E-5 1.09918E-5 1.24387E-5 5.06184E-5 9.32616E-5 9.38335E-5 1.37215E-5 5.56218E-5 2.53653E-5 9.03128E-6 -9999 -9999
1.63402E-5 9.1572E-6 2.01246E-6 7.52755E-6 5.28074E-7 1.23477E-5 1.63082E-5 1.47259E-5 8.47114E-6 1.10225E-5 8.55319E-6 6.27364E-6 8.58807E-7 2.49782E-7 4.37642E-7 2.74106E-6 1.48043E-6 2.25109E-6 3.4596E-6 2.23466E-6 8.61408E-7 5.74063E-7 8.47256E-6 1.74417E-5 1.10422E-5 1.35096E-6 1.27017E-7 7.14031E-6 2.36376E-5 2.85476E-5 7.00936E-5 4.40389E-5 1.52142E-5 1.84213E-5 2.40562E-5 2.67917E-5 3.10253E-5 3.18188E-5 3.03685E-5 2.24353E-5 2.61597E-5 8.4508E-5 8.98686E-5 1.1937E-4 1.08885E-4 2.78926E-5 1.52674E-4 1.98773E-4 2.50045E-4 1.83802E-4 9.84995E-5 8.94505E-5 6.27508E-5 4.58613E-5 6.04365E-5 3.67871E-5 4.48563E-5 2.9413E-5 9.61998E-6 3.1799E-5 4.81397E-6 9.57149E-6 9.14599E-6 -9999 -9999 -9999
1.07527E-5 8.13233E-6 1.43982E-5 6.45174E-6 4.27538E-6 3.10007E-6 2.30358E-5 1.3199E-5 1.38597E-5 7.49553E-6 9.76515E-6 9.66033E-6 1.29209E-6 8.90491E-7 3.81499E-7 4.26971E-6 2.10469E-6 1.4519E-6 4.67182E-6 3.1766E-6 3.63358E-6 2.6557E-6 4.10797E-6 1.50548E-5 1.52482E-5 6.93889E-6 9.9052E-6 2.96935E-6 2.68435E-6 9.19723E-6 3.9018E-5 4.54081E-5 1.32662E-5 1.60777E-5 2.2752E-5 2.90518E-5 4.56783E-5 7.68308E-5 3.42054E-5 3.41639E-5 5.68003E-5 1.37723E-4 1.17699E-4 8.93185E-5 5.64754E-5 2.59836E-5 1.34676E-4 1.52672E-4 2.11626E-4 1.94714E-4 1.69944E-4 1.22554E-4 5.32117E-5 3.34282E-5 4.12981E-5 6.09724E-5 6.03726E-5 2.54972E-5 6.95837E-6 7.6993E-6 3.01457E-6 7.30908E-6 -9999 -9999 -9999 -9999
4.56314E-6 1.62813E-5 1.51273E-5 9.0321E-6 2.1314E-6 2.17108E-6 6.40456E-7 1.82804E-6 1.32015E-5 8.23983E-6 1.01696E-5 1.09193E-5 7.25851E-6 3.35706E-6 2.70723E-6 2.39875E-6 2.29452E-6 1.72942E-6 8.72103E-7 4.229E-6 4.17861E-6 5.63131E-6 1.76895E-6 1.24977E-5 9.76349E-6 1.28993E-5 9.81727E-6 9.85255E-6 1.16325E-5 1.55609E-5 4.54964E-5 3.06442E-5 2.14467E-5 1.51066E-5 1.00101E-5 1.9648E-5 2.86154E-5 3.46927E-5 3.11383E-5 8.02943E-5 1.31527E-4 1.3507E-4 9.63941E-5 1.22151E-4 8.80182E-5 8.46711E-5 1.87544E-4 2.11135E-4 1.82955E-4 2.03978E-4 1.54573E-4 1.03614E-4 4.32537E-5 2.70548E-5 1.82996E-5 4.54277E-5 5.61387E-5 2.49207E-5 1.54494E-5 5.93223E-6 2.36437E-6 -9999 -9999 -9999 -9999 -9999
1.21541E-6 1.92639E-5 2.40982E-5 1.75088E-5 3.62442E-6 1.99847E-6 7.31207E-8 2.09292E-6 5.23848E-6 1.33073E-5 1.28704E-5 1.50149E-5 7.09972E-6 1.60484E-6 5.0957E-6 2.41477E-6 7.15149E-8 1.83264E-6 3.16492E-6 5.27002E-6 8.52452E-6 5.71428E-6 5.43407E-6 7.47163E-7 4.2346E-6 1.38972E-5 1.26056E-5 1.1851E-5 1.00019E-6 1.08672E-6 1.60723E-6 5.31445E-6 8.31803E-6 1.50088E-5 2.63744E-5 3.01474E-5 2.28883E-5 2.62684E-5 4.05486E-5 1.22665E-4 1.69317E-4 1.3601E-4 1.50372E-4 5.18195E-5 7.62584E-5 1.89968E-4 2.03359E-4 2.11547E-4 2.1897E-4 2.08843E-4 1.27866E-4 8.57984E-5 5.44593E-5 4.41795E-5 2.4443E-5 2.23575E-6 2.95569E-5 2.37757E-5 7.41679E-6 6.51782E-6 -9999 -9999 -9999 -9999 -9999 -9999
1.60594E-6 6.63979E-6 6.12899E-6 4.46043E-6 1.66832E-6 1.88125E-7 5.61081E-7 3.28586E-7 4.34396E-6 1.05559E-5 1.64164E-5 1.85099E-5 1.05416E-5 7.16081E-6 3.05375E-6 2.11968E-6 5.45575E-7 2.80576E-6 6.90489E-6 1.39754E-5 9.547E-6 6.89025E-6 4.03708E-6 5.25557E-6 8.47152E-6 5.98627E-6 1.10846E-5 1.15954E-5 1.70666E-6 4.3838E-8 9.56378E-9 3.3407E-7 1.04331E-6 4.6167E-6 6.38314E-6 1.66859E-5 1.9848E-5 6.14569E-5 7.84843E-5 1.98498E-4 1.53862E-4 1.38599E-4 2.3011E-4 2.12376E-4 2.13434E-4 2.17563E-4 2.70402E-4 3.12643E-4 2.93098E-4 1.6945E-4 1.21996E-4 4.28348E-5 8.58708E-6 3.46671E-5 1.92555E-5 3.65128E-5 1.018E-5 5.74413E-6 -9999 -9999 -9999 -9999 -9999 -9999 -9999 -9999
1.50608E-5 1.10041E-5 3.69554E-8 1.14949E-8 1.3198E-7 1.29982E-6 1.28713E-7 2.59214E-8 4.18332E-7 1.855E-6 3.53865E-6 3.49956E-5 1.02461E-5 8.58008E-7 1.03536E-6 3.28413E-6 1.17319E-6 6.79455E-6 5.92445E-6 5.27198E-6 1.35801E-5 1.05124E-5 1.32194E-5 1.41479E-5 3.53845E-6 3.6775E-6 3.44667E-6 3.5085E-6 5.61224E-6 2.48085E-6 6.82386E-7 1.07232E-7 2.12086E-6 4.99215E-6 1.01896E-5 1.10974E-5 5.32295E-5 8.31561E-5 1.3996E-4 1.82324E-4 2.89464E-4 2.71615E-4 2.41224E-4 1.84731E-4 2.25898E-4 2.81032E-4 3.21216E-4 3.10114E-4 1.62588E-4 8.02958E-5 5.25637E-5 2.08307E-5 1.30401E-5 9.34391E-6 8.46773E-6 3.52826E-6 -9999 -9999 -9999 -9999 -9999 -9999 -9999 -9999 -9999 -9999
2.02735E-6 2.33898E-6 2.95792E-6 9.2842E-7 2.62173E-8 5.94318E-7 5.10634E-8 6.7962E-8 9.93748E-8 3.43982E-8 8.83214E-7 5.07397E-6 7.01905E-7 1.19365E-6 1.74163E-6 5.55483E-6 5.08032E-6 4.75696E-6 5.67949E-6 5.52284E-6 3.85266E-6 1.89572E-5 3.41633E-5 3.2833E-5 7.31708E-7 2.58608E-6 1.57463E-6 6.92554E-6 1.44637E-5 1.86016E-5 1.78977E-6 7.85611E-8 4.26662E-7 6.5036E-6 6.22426E-6 5.10575E-5 1.12076E-4 1.92434E-4 2.26314E-4 2.97668E-4 3.30985E-4 3.03294E-4 2.00786E-4 2.10772E-4 2.92517E-4 3.22791E-4 1.82023E-4 2.25942E-4 7.20499E-5 4.82192E-5 1.99327E-5 4.04359E-5 5.06807E-5 9.99985E-6 7.23481E-6 -9999 -9999 -9999 -9999 -9999 -9999 -9999 -9999 -9999 -9999 -9999
1.5122E-8 9.19362E-8 1.63918E-6 1.92955E-6 3.94939E-7 2.86276E-7 5.5536E-7 9.91339E-8 2.20241E-8 1.09657E-6 2.16926E-6 1.63563E-6 1.25825E-6 2.33785E-6 8.79314E-6 7.19676E-6 7.16275E-6 5.72363E-6 1.76569E-5 1.04263E-5 5.78441E-6 1.43653E-5 2.13105E-5 2.65049E-5 8.87433E-6 1.62148E-6 4.07241E-7 7.58763E-6 1.09492E-5 9.40562E-6 4.03202E-6 2.73422E-8 1.43557E-6 6.6263E-6 3.2887E-5 1.02961E-4 2.13333E-4 2.29725E-4 2.6495E-4 3.04942E-4 2.81043E-4 2.28877E-4 2.2475E-4 2.50255E-4 2.82314E-4 2.01044E-4 8.31768E-5 5.60993E-5 5.31051E-5 6.08834E-5 4.63109E-5 5.25298E-5 5.82649E-5 6.66705E-5 3.24544E-5 -9999 -9999 -9999 -9999 -9999 -9999 -9999 -9999 -9999 -9999 -9999
1.67755E-6 3.9153E-6 1.321E-6 7.23707E-6 1.11022E-5 1.45303E-5 2.73828E-6 4.23258E-8 2.64916E-7 1.66554E-7 4.98566E-7 4.06315E-7 4.02036E-6 8.33646E-6 1.04306E-5 1.00133E-5 4.43542E-6 1.51252E-5 1.82471E-5 7.92817E-6 3.0495E-6 3.64057E-6 3.76485E-6 2.34872E-6 5.08418E-6 9.07545E-7 4.02926E-7 6.45919E-7 5.13905E-6 7.59792E-7 3.16152E-7 3.91901E-8 6.97258E-6 3.57778E-5 1.24331E-4 2.69025E-4 2.45861E-4 2.48653E-4 1.93474E-4 2.53269E-4 2.3549E-4 2.29812E-4 2.07928E-4 3.12254E-4 1.8058E-4 1.01794E-4 6.35515E-5 3.71448E-5 4.48395E-5 5.06431E-5 3.67581E-5 3.86664E-5 1.05927E-4 5.49316E-5 -9999 -9999 -9999 -9999 -9999 -9999 -9999 -9999 -9999 -9999 -9999 -9999
3.77509E-6 2.43728E-5 1.19531E-5 8.41633E-6 2.16536E-6 5.57079E-6 1.49201E-5 1.1524E-7 2.62648E-7 2.42942E-7 6.0682E-6 6.16311E-7 1.32798E-6 7.15108E-6 4.99397E-6 4.00972E-6 3.8248E-6 1.62709E-5 4.11822E-6 2.91962E-6 2.13301E-6 5.03674E-7 2.40855E-6 2.47945E-6 7.17343E-7 1.30265E-6 2.2243E-6 3.04924E-7 5.30673E-7 1.67464E-5 7.27509E-7 8.47464E-7 2.47959E-5 9.19415E-5 2.12355E-4 2.81319E-4 3.02766E-4 2.16628E-4 1.05996E-4 1.42156E-4 1.08226E-4 1.26277E-4 7.67802E-5 1.24246E-4 1.16497E-4 9.01627E-5 5.09186E-5 6.15326E-5 5.1257E-5 3.02419E-5 2.17519E-5 1.92879E-5 1.73824E-5 -9999 -9999 -9999 -9999 -9999 -9999 -9999 -9999 -9999 -9999 -9999 -9999 -9999
2.44015E-6 2.77774E-5 2.82298E-5 5.69968E-6 4.13581E-7 3.49836E-6 1.89831E-6 1.06694E-7 1.77624E-7 1.85205E-7 1.13589E-6 1.50963E-7 1.3137E-6 9.79101E-6 4.75527E-7 2.95081E-6 1.52338E-5 1.22706E-5 4.06008E-6 4.85758E-6 5.17059E-7 8.70212E-8 1.69022E-6 2.80053E-5 6.11228E-6 4.39648E-6 1.32703E-5 4.54512E-6 9.76552E-7 4.00703E-7 9.52442E-7 1.66182E-5 5.84091E-5 1.40094E-4 2.39212E-4 2.51187E-4 2.79406E-4 1.2245E-4 8.3083E-5 8.51422E-5 5.34673E-5 8.30596E-5 8.41872E-5 6.96792E-5 7.17181E-5 5.76503E-5 6.27229E-5 1.09894E-4 2.10662E-5 1.27372E-5 -9999 -9999 -9999 -9999 -9999 -9999 -9999 -9999 -9999 -9999 -9999 -9999 -9999 -9999 -9999 -9999
3.61614E-5 5.41758E-5 5.78627E-5 4.838E-5 4.26836E-6 7.38952E-6 1.0333E-5 4.92506E-6 3.69308E-7 9.40141E-7 1.08841E-7 1.30242E-7 1.52545E-6 4.23805E-7 8.32678E-7 2.38461E-6 9.84035E-6 2.54162E-5 2.87914E-6 1.09639E-6 4.68916E-7 1.89987E-7 2.57463E-7 6.23808E-6 1.10867E-5 1.37663E-5 2.94465E-5 4.13075E-5 1.21918E-5 1.53615E-6 1.62459E-6 2.39017E-5 6.02907E-5 1.06866E-4 1.74564E-4 2.13426E-4 1.49604E-4 7.69013E-5 8.08927E-5 7.98165E-5 5.99722E-5 1.18566E-4 1.18102E-4 5.8731E-5 5.08958E-5 9.43382E-5 1.39755E-4 2.74557E-5 6.2797E-6 -9999 -9999 -9999 -9999 -9999 -9999 -9999 -9999 -9999 -9999 -9999 -9999 -9999 -9999 -9999 -9999 -9999
2.50712E-5 5.6538E-5 3.41791E-5 2.53333E-5 5.54169E-6 5.50586E-6 1.08126E-5 8.7529E-6 1.87021E-7 2.14369E-7 2.0597E-6 4.86974E-7 3.37629E-8 4.61099E-8 8.82868E-7 5.36819E-7 1.42188E-5 2.88768E-5 6.69122E-6 1.05467E-6 2.6765E-6 1.72013E-8 8.1035E-8 7.13203E-6 1.03268E-5 1.91537E-5 3.3374E-5 3.56183E-5 1.76973E-5 1.41112E-5 2.90657E-5 7.09001E-5 1.0751E-4 6.22103E-5 1.03453E-4 1.21076E-4 6.40482E-5 3.53365E-5 6.67512E-5 5.81283E-5 7.89268E-5 1.10726E-4 7.2201E-5 7.9264E-5 8.41651E-5 4.55369E-5 1.30757E-5 -9999 -9999 -9999 -9999 -9999 -9999 -9999 -9999 -9999 -9999 -9999 -9999 -9999 -9999 -9999 -9999 -9999 -9999 -9999
6.16631E-6 1.88243E-5 1.48524E-5 1.60772E-5 6.70474E-6 4.25921E-6 3.58415E-6 6.52593E-6 1.45082E-6 3.37447E-6 2.00748E-6 1.21127E-6 1.66664E-7 1.85477E-7 4.1339E-8 5.21061E-6 1.00029E-5 1.94855E-5 3.1784E-6 5.63923E-6 2.58405E-6 8.18169E-6 1.07231E-5 1.046E-5 2.50071E-5 3.71716E-5 1.59404E-5 8.6675E-6 8.84144E-6 1.80191E-5 2.05914E-5 9.47222E-5 1.22832E-4 1.05063E-4 6.90921E-5 5.06109E-5 2.24658E-5 1.88177E-5 5.38227E-5 5.51858E-5 7.33946E-5 7.74696E-5 3.89991E-5 6.49913E-5 1.49972E-5 6.53383E-6 -9999 -9999 -9999 -9999 -9999 -9999 -9999 -9999 -9999 -9999 -9999 -9999 -9999 -9999 -9999 -9999 -9999 -9999 -9999 -9999
2.66811E-5 2.87829E-5 6.16859E-6 1.32228E-5 8.76088E-6 9.98932E-6 9.48888E-6 8.33487E-6 5.75627E-6 8.21991E-7 1.59009E-6 1.44015E-6 1.38632E-7 3.26083E-7 1.37845E-6 6.2244E-6 1.5034E-5 1.32583E-5 3.40139E-7 9.25889E-6 3.01176E-6 6.26022E-6 6.26903E-6 2.12629E-5 2.6723E-5 4.59055E-5 3.9257E-6 4.61965E-6 6.4705E-6 1.30905E-6 1.20465E-5 1.82875E-5 2.65482E-5 3.59689E-5 1.80104E-5 1.45286E-5 1.60966E-5 3.13406E-5 3.41273E-5 2.33956E-5 1.51169E-5 1.9293E-5 3.74E-6 4.75139E-6 -9999 -9999 -9999 -9999 -9999 -9999 -9999 -9999 -9999 -9999 -9999 -9999 -9999 -9999 -9999 -9999 -9999 -9999 -9999 -9999 -9999 -9999
3.38586E-5 3.14417E-5 1.9775E-5 6.52252E-6 6.02248E-6 6.15843E-6 1.64278E-5 4.53362E-6 1.4031E-5 1.13101E-5 1.07446E-6 2.98571E-6 3.83793E-7 5.62543E-7 1.05234E-5 2.04555E-5 1.90749E-5 1.97044E-5 1.0875E-5 1.55046E-5 1.37101E-5 1.03651E-5 6.58489E-6 1.87316E-5 2.78339E-5 2.26066E-5 4.26615E-6 1.06749E-5 5.3503E-6 6.13105E-6 1.20764E-5 1.97251E-5 2.16486E-5 1.01655E-5 2.76094E-6 2.5053E-6 6.28818E-6 1.84427E-5 1.67015E-5 7.17194E-6 7.04647E-6 5.61524E-6 2.36405E-6 -9999 -9999 -9999 -9999 -9999 -9999 -9999 -9999 -9999 -9999 -9999 -9999 -9999 -9999 -9999 -9999 -9999 -9999 -9999 -9999 -9999 -9999 -9999
3.23901E-5 1.1681E-5 1.36615E-5 9.00609E-6 6.62443E-6 4.16732E-6 1.16703E-5 3.23371E-5 2.02029E-5 5.4867E-6 1.06596E-5 5.02599E-6 1.44761E-6 4.67241E-6 2.36676E-5 3.69354E-5 2.42214E-5 1.96973E-5 1.14322E-5 5.24068E-6 7.52013E-7 4.93424E-6 6.63973E-6 8.28624E-6 1.90416E-5 1.16427E-5 9.0784E-6 1.13485E-5 2.60409E-6 7.43375E-6 1.60137E-5 1.49816E-5 1.48732E-5 9.73178E-6 4.45207E-6 4.81673E-6 2.93976E-5 3.25693E-5 2.08782E-5 7.78292E-6 4.89884E-6 2.69703E-6 -9999 -9999 -9999 -9999 -9999 -9999 -9999 -9999 -9999 -9999 -9999 -9999 -9999 -9999 -9999 -9999 -9999 -9999 -9999 -9999 -9999 -9999 -9999 -9999
8.27394E-6 1.70343E-5 1.42524E-5 6.10909E-6 5.93828E-6 1.03982E-5 1.46176E-5 1.71165E-5 7.60744E-6 1.64017E-6 4.18444E-6 2.5084E-5 1.29101E-5 1.99223E-5 2.22665E-5 3.91529E-5 1.73203E-5 1.71995E-5 1.22785E-5 1.20938E-6 1.93075E-6 1.91664E-7 4.0331E-6 7.2261E-6 1.37345E-5 1.65916E-5 1.31795E-5 3.94042E-6 1.46779E-5 1.24746E-5 2.37395E-5 2.0921E-5 4.9851E-6 4.81313E-6 7.07813E-6 3.16082E-6 7.11968E-6 8.60618E-6 4.27312E-6 2.75465E-6 3.17533E-6 -9999 -9999 -9999 -9999 -9999 -9999 -9999 -9999 -9999 -9999 -9999 -9999 -9999 -9999 -9999 -9999 -9999 -9999 -9999 -9999 -9999 -9999 -9999 -9999 -9999
1.18706E-5 9.62688E-6 6.10787E-6 2.90311E-6 7.96174E-6 7.5486E-6 3.21803E-6 4.70829E-6 3.51803E-6 1.39431E-5 2.65882E-5 3.8411E-5 2.12342E-5 1.6174E-5 1.76632E-5 1.57241E-5 6.22798E-6 8.06795E-6 1.19351E-5 9.73214E-7 7.34576E-7 2.15647E-7 1.14604E-5 1.57945E-5 1.23686E-5 1.24346E-5 2.13876E-5 1.90547E-5 2.01656E-5 8.87672E-6 2.66305E-6 3.73988E-6 2.68035E-6 3.61403E-6 3.87852E-6 2.19127E-6 2.86325E-6 5.22049E-6 3.67523E-6 2.7516E-6 2.72252E-6 -9999 -9999 -9999 -9999 -9999 -9999 -9999 -9999 -9999 -9999 -9999 -9999 -9999 -9999 -9999 -9999 -9999 -9999 -9999 -9999 -9999 -9999 -9999 -9999 -9999
1.53674E-5 6.97788E-6 3.347E-6 1.94636E-5 1.1819E-5 3.79944E-6 1.54384E-6 4.90544E-7 9.71664E-6 2.00095E-5 2.3934E-5 1.20871E-5 8.08121E-6 1.06385E-5 7.13243E-6 4.0694E-6 2.37735E-6 1.23237E-6 8.78499E-6 7.61981E-7 1.30478E-6 1.95569E-6 2.07718E-5 1.64582E-5 5.19127E-6 2.37579E-6 5.11225E-6 4.18644E-6 6.15888E-6 2.2244E-6 1.93822E-6 1.99481E-6 2.41096E-6 2.63835E-6 3.44487E-6 2.67777E-6 2.06458E-6 2.5005E-6 2.87709E-6 2.85826E-6 3.624E-6 3.39019E-6 -9999 -9999 -9999 -9999 -9999 -9999 -9999 -9999 -9999 -9999 -9999 -9999 -9999 -9999 -9999 -9999 -9999 -9999 -9999 -9999 -9999 -9999 -9999 -9999
5.0867E-6 6.0848E-6 3.2608E-6 1.65484E-5 1.45448E-5 1.99451E-6 5.29028E-6 3.48338E-6 7.69655E-6 1.07103E-6 1.1503E-6 8.73928E-7 1.21076E-6 5.92478E-6 6.26566E-7 1.06388E-6 4.7306E-6 1.9086E-6 1.91129E-6 4.38444E-7 1.40401E-6 2.89257E-5 5.66417E-7 5.03158E-6 7.49858E-6 2.65274E-6 2.52186E-6 2.47917E-6 3.16131E-6 2.10309E-6 2.35805E-6 2.24544E-6 2.19494E-6 3.4483E-6 2.85895E-6 2.79578E-6 2.63252E-6 2.07288E-6 2.55338E-6 2.08432E-6 2.82047E-6 1.33617E-6 2.52389E-6 -9999 -9999 -9999 -9999 -9999 -9999 -9999 -9999 -9999 -9999 -9999 -9999 -9999 -9999 -9999 -9999 -9999 -9999 -9999 -9999 -9999 -9999 -9999
9.72684E-6 1.56488E-5 9.59361E-6 1.09681E-5 6.22351E-6 4.68372E-6 1.19645E-5 2.26347E-5 3.68415E-6 1.29494E-6 1.99426E-6 6.53316E-6 1.98269E-6 6.54258E-6 5.39857E-7 1.10105E-6 4.8984E-6 3.44301E-7 1.94439E-7 4.96993E-7 3.00762E-7 8.05846E-6 4.41004E-6 1.37048E-6 1.19228E-6 1.07555E-6 2.43874E-6 1.92858E-6 2.12415E-6 1.42473E-6 4.2196E-6 4.38239E-6 2.20041E-6 2.47548E-6 2.5045E-6 2.99292E-6 2.24439E-6 3.12818E-6 4.96753E-6 2.6258E-6 2.74626E-6 2.3271E-6 -9999 -9999 -9999 -9999 -9999 -9999 -9999 -9999 -9999 -9999 -9999 -9999 -9999 -9999 -9999 -9999 -9999 -9999 -9999 -9999 -9999 -9999 -9999 -9999
9.01926E-6 1.10264E-5 1.29887E-6 1.59268E-6 8.06739E-6 6.42075E-6 1.92372E-5 2.64327E-5 1.75825E-6 7.2322E-6 1.94273E-5 1.57032E-5 1.37146E-5 1.18147E-5 1.11911E-5 9.28159E-6 1.34903E-5 1.19598E-6 2.13574E-6 3.21535E-6 7.30432E-7 4.70843E-7 1.7993E-6 2.45062E-6 2.46832E-6 1.68604E-6 1.55435E-6 2.03256E-6 1.6917E-6 3.04471E-6 2.9437E-6 2.36445E-6 2.81403E-6 2.65277E-6 2.65594E-6 4.87564E-6 3.62047E-6 3.57273E-6 3.28131E-6 2.84471E-6 2.47029E-6 -9999 -9999 -9999 -9999 -9999 -9999 -9999 -9999 -9999 -9999 -9999 -9999 -9999 -9999 -9999 -9999 -9999 -9999 -9999 -9999 -9999 -9999 -9999 -9999 -9999
2.45271E-7 5.64728E-6 4.09955E-6 5.04267E-7 8.52302E-8 1.55178E-7 4.85751E-6 2.84096E-7 3.21446E-6 2.31502E-6 7.02406E-6 5.47506E-6 1.38703E-5 1.55732E-5 1.75076E-5 2.51151E-5 1.05289E-5 1.85309E-5 1.49563E-5 6.0809E-6 3.63987E-6 9.10087E-7 1.75231E-6 1.56893E-6 1.66843E-6 3.01449E-7 1.50834E-6 2.02392E-6 1.83903E-6 1.85935E-6 2.03754E-6 2.27479E-6 2.04834E-6 1.6371E-6 3.10126E-6 2.79318E-6 3.73357E-6 2.28083E-6 1.61614E-6 -9999 -9999 -9999 -9999 -9999 -9999 -9999 -9999 -9999 -9999 -9999 -9999 -9999 -9999 -9999 -9999 -9999 -9999 -9999 -9999 -9999 -9999 -9999 -9999 -9999 -9999 -9999
