catData/rasterBestHybridModels/Pbengalensis/RD_BM01_RM1_LQH/Pbengalensis_avg.asc
ncols         409
nrows         350
xllcorner     60.897278365
yllcorner     5.843756025
cellsize      0.0892857
NODATA_value  -9999
[rows 203 to 231 of 350, columns 198 to 263 of 409]
9.96547E-6 2.19571E-5 8.72388E-6 1.57731E-5 1.6751E-5 6.59014E-6 9.5696E-6 1.31521E-5 4.83517E-6 7.69061E-6 1.72378E-6 1.08087E-6 6.11654E-7 9.44167E-8 1.81715E-7 3.93017E-7 3.61385E-6 9.03171E-6 3.42501E-6 2.13053E-6 2.23812E-5 2.6896E-5 2.24014E-5 2.29716E-5 1.50231E-5 6.96435E-6 4.09717E-5 6.26708E-5 5.99832E-5 6.78652E-5 5.73363E-5 6.38453E-5 8.73802E-5 1.1772E-4 2.0214E-5 3.23087E-6 4.40294E-5 4.3972E-5 9.70876E-5 2.2698E-4 2.26707E-4 1.6289E-4 6.45111E-6 2.28864E-5 6.79562E-5 2.80532E-4 2.71632E-4 1.86926E-4 2.37034E-4 2.28466E-4 2.01447E-4 1.67136E-4 1.76298E-4 2.10972E-4 1.54099E-4 8.81741E-5 6.59153E-5 1.49217E-4 1.63241E-4 1.64327E-4 2.26653E-4 2.65173E-4 2.4895E-4 2.64451E-4 4.03101E-4 3.29239E-4
1.10261E-5 4.01409E-6 8.26946E-6 4.42853E-5 1.14223E-5 1.0769E-5 1.64685E-5 5.43247E-6 8.01271E-6 1.23236E-5 5.55324E-6 2.3561E-7 1.56182E-7 7.95087E-7 3.00358E-6 1.39505E-6 3.33358E-7 8.2969E-6 1.09843E-5 2.44757E-6 2.83544E-6 9.9741E-6 1.97427E-5 1.20466E-5 2.25049E-5 3.07308E-5 4.52717E-5 7.47317E-5 1.08596E-4 1.68509E-4 3.38998E-5 5.50978E-5 8.60612E-5 1.31655E-4 1.11698E-4 1.28794E-4 1.41188E-4 1.93902E-4 2.06146E-4 2.45746E-4 1.75542E-4 2.57874E-5 1.02498E-6 3.19789E-5 3.68969E-4 1.9332E-4 3.74703E-4 2.19641E-4 2.65968E-4 2.72156E-4 2.22727E-4 1.94059E-4 1.68019E-4 1.69909E-4 1.22547E-4 1.02699E-4 1.49894E-4 1.75968E-4 1.95489E-4 7.79748E-5 1.94864E-4 2.85287E-4 2.27625E-4 1.99055E-4 2.53302E-4 2.24315E-4
2.21167E-5 3.69505E-6 8.11108E-6 4.34359E-5 3.98646E-5 2.84888E-5 1.3811E-5 2.67428E-5 1.5766E-5 1.77909E-6 1.10882E-5 2.01036E-6 1.72852E-7 1.44383E-6 3.91506E-7 5.11015E-6 1.10719E-6 2.48633E-7 2.04079E-6 7.31998E-6 1.19248E-5 9.14605E-6 6.46852E-6 1.31913E-5 7.55172E-6 4.73985E-5 4.65518E-5 8.9385E-5 1.52723E-4 2.81727E-4 1.12472E-4 9.9254E-5 9.42883E-5 1.17277E-4 1.13291E-4 1.02052E-4 7.69447E-5 1.49912E-4 1.7019E-4 1.5635E-4 1.31486E-4 1.37271E-4 1.87107E-5 9.84315E-5 2.83675E-4 8.17395E-5 4.7688E-5 5.70723E-5 2.47817E-5 2.96041E-4 2.92803E-4 2.40164E-4 1.389E-4 5.70418E-5 5.60694E-5 6.62095E-5 1.11912E-4 2.28708E-4 2.44242E-4 1.14663E-4 8.10576E-5 2.16894E-4 1.90249E-4 1.8994E-4 1.20809E-4 8.02171E-5
1.93735E-5 6.76678E-6 2.72185E-5 3.90549E-5 2.69285E-5 6.50796E-6 1.19216E-5 1.04772E-5 3.48361E-5 3.0867E-5 6.33692E-6 4.15963E-6 6.57753E-6 9.2685E-7 7.0482E-7 4.65094E-7 3.7958E-7 1.1446E-6 1.00595E-6 7.35688E-6 7.78101E-6 1.42099E-5 6.60106E-6 3.01203E-6 2.3415E-5 4.65841E-5 5.66172E-5 1.18938E-4 1.76861E-4 4.35639E-4 2.52549E-4 1.36424E-4 8.1084E-5 7.746E-5 6.17213E-5 5.63599E-5 5.14224E-5 7.21103E-5 1.06007E-4 7.29059E-5 5.99812E-5 1.09473E-4 1.5511E-4 1.80213E-4 2.45066E-4 6.36386E-6 7.45723E-6 1.67531E-4 2.10497E-4 2.82253E-4 2.74929E-4 1.37314E-4 1.08907E-4 8.42299E-5 9.37224E-6 5.4711E-5 7.29963E-5 1.76629E-4 2.32313E-4 1.90209E-4 6.92056E-5 2.15664E-4 2.89847E-4 1.90822E-4 2.01137E-5 -9999
2.16916E-5 1.94909E-5 3.76128E-5 6.77629E-6 4.34717E-6 6.34832E-6 5.06291E-6 1.76378E-5 1.65896E-5 1.26161E-5 3.42417E-6 1.40673E-5 3.49942E-6 2.9145E-6 1.48289E-6 9.07809E-7 8.65664E-7 8.84957E-6 4.72534E-6 6.5836E-6 1.29775E-6 1.17614E-5 6.85971E-6 1.74168E-5 7.79999E-6 6.36251E-6 1.36602E-5 6.78948E-5 1.16254E-4 2.41632E-4 2.28098E-4 1.38187E-4 4.57598E-5 4.96884E-5 5.455E-5 4.84272E-5 4.66924E-5 4.66372E-5 6.96649E-5 4.7609E-5 4.9481E-5 8.44512E-5 1.49624E-4 2.20781E-4 1.54357E-4 1.93545E-5 1.42566E-4 2.54553E-4 2.10451E-4 2.80823E-4 2.25736E-4 1.49638E-4 1.12869E-4 1.49825E-4 2.57628E-5 2.09419E-5 1.87979E-5 5.90921E-5 1.28736E-4 1.38132E-4 2.92817E-5 7.60113E-5 3.57353E-5 2.00771E-5 -9999 -9999
3.28893E-5 1.37591E-5 2.84268E-6 9.21114E-6 7.97306E-7 1.83103E-5 2.13553E-5 2.48947E-5 1.01308E-5 1.40812E-5 1.5032E-5 9.61604E-6 1.41222E-6 4.19465E-7 7.15213E-7 3.86385E-6 2.23331E-6 3.7623E-6 6.7739E-6 4.19011E-6 1.53003E-6 9.80033E-7 1.97804E-5 4.22658E-5 2.96224E-5 1.91063E-6 2.29005E-7 1.14932E-5 4.93729E-5 4.75649E-5 1.4953E-4 9.94033E-5 2.79168E-5 4.53492E-5 5.57733E-5 5.72149E-5 6.32743E-5 6.44175E-5 5.35279E-5 4.97158E-5 6.05924E-5 1.54514E-4 1.62854E-4 1.96401E-4 1.45456E-4 3.5996E-5 2.01103E-4 2.57953E-4 2.79777E-4 2.54605E-4 1.97088E-4 1.50483E-4 1.11581E-4 7.59675E-5 8.1542E-5 5.83248E-5 8.30173E-5 3.9776E-5 1.79496E-5 4.46897E-5 9.19995E-6 1.9824E-5 1.57313E-5 -9999 -9999 -9999
1.82729E-5 1.10803E-5 1.90925E-5 8.15669E-6 5.29544E-6 4.44311E-6 3.41659E-5 2.11181E-5 2.79942E-5 1.31324E-5 2.01464E-5 2.00503E-5 1.767E-6 1.28377E-6 6.02722E-7 6.98329E-6 3.30621E-6 2.22799E-6 1.03689E-5 5.97013E-6 5.77508E-6 4.33109E-6 8.17434E-6 3.95852E-5 3.81219E-5 1.48699E-5 2.34249E-5 4.13506E-6 3.72191E-6 1.45257E-5 8.16515E-5 1.0852E-4 2.9267E-5 3.75398E-5 5.01824E-5 5.88115E-5 7.57126E-5 1.0555E-4 7.1167E-5 6.9325E-5 1.17309E-4 2.01807E-4 1.79644E-4 1.51872E-4 7.77974E-5 3.83572E-5 1.8801E-4 2.0785E-4 2.49982E-4 2.44489E-4 2.40179E-4 1.96045E-4 1.1046E-4 6.16578E-5 8.01907E-5 1.11832E-4 8.89907E-5 3.49033E-5 1.24272E-5 1.6349E-5 6.21281E-6 1.42061E-5 -9999 -9999 -9999 -9999
6.22991E-6 3.15989E-5 2.53531E-5 1.22547E-5 2.65312E-6 2.71374E-6 9.11275E-7 2.3216E-6 2.77678E-5 1.75514E-5 2.23501E-5 2.28437E-5 1.54044E-5 5.45552E-6 4.05587E-6 3.74013E-6 3.16188E-6 2.56021E-6 1.41028E-6 8.07376E-6 8.21507E-6 9.27385E-6 2.60368E-6 2.65765E-5 1.60267E-5 2.82645E-5 2.09246E-5 2.30652E-5 2.59913E-5 3.33007E-5 9.44591E-5 6.32061E-5 4.41962E-5 3.49538E-5 1.68166E-5 3.36523E-5 5.19964E-5 6.04339E-5 6.21995E-5 1.29749E-4 2.06146E-4 2.04417E-4 1.80484E-4 1.86095E-4 1.29822E-4 1.21785E-4 2.50175E-4 2.51772E-4 2.35648E-4 2.65324E-4 2.21259E-4 1.72192E-4 8.68131E-5 4.45788E-5 2.85194E-5 7.04589E-5 8.38885E-5 3.54823E-5 3.23275E-5 1.18679E-5 5.21815E-6 -9999 -9999 -9999 -9999 -9999
1.79032E-6 4.11374E-5 4.96462E-5 3.29918E-5 4.765E-6 2.67158E-6 1.28966E-7 2.80506E-6 7.38163E-6 2.85376E-5 2.60909E-5 2.94453E-5 1.20609E-5 2.13094E-6 9.2734E-6 3.41089E-6 1.30547E-7 3.08248E-6 5.46393E-6 1.17217E-5 1.62757E-5 9.79353E-6 9.68748E-6 1.31509E-6 5.45117E-6 2.6449E-5 2.50721E-5 2.71151E-5 1.4901E-6 1.66945E-6 2.52227E-6 1.06024E-5 1.92403E-5 3.58783E-5 4.7934E-5 6.33129E-5 4.57418E-5 5.13986E-5 7.05221E-5 2.08764E-4 2.32209E-4 1.87909E-4 2.05093E-4 7.19149E-5 1.08605E-4 2.48957E-4 2.67685E-4 2.76009E-4 2.72457E-4 2.49599E-4 1.8497E-4 1.46322E-4 1.00983E-4 6.92278E-5 3.26946E-5 4.79524E-6 4.39939E-5 3.39218E-5 1.28025E-5 1.11861E-5 -9999 -9999 -9999 -9999 -9999 -9999
2.25908E-6 9.1051E-6 8.3093E-6 6.0599E-6 2.29286E-6 2.94811E-7 8.17938E-7 4.92403E-7 6.18294E-6 1.91504E-5 3.14122E-5 3.51847E-5 1.77933E-5 1.17383E-5 4.20556E-6 2.83915E-6 8.15451E-7 5.36267E-6 1.65408E-5 2.93525E-5 2.11103E-5 1.11948E-5 6.05854E-6 1.1063E-5 1.1547E-5 9.34002E-6 1.84504E-5 2.46349E-5 2.52462E-6 8.23574E-8 2.20957E-8 5.39096E-7 1.62445E-6 7.73761E-6 1.07146E-5 3.56559E-5 4.36139E-5 1.05712E-4 1.33652E-4 2.9508E-4 2.10209E-4 1.86329E-4 2.92617E-4 2.6386E-4 2.86026E-4 2.98507E-4 3.61321E-4 3.90601E-4 3.48475E-4 2.21212E-4 1.83056E-4 8.0652E-5 1.29714E-5 4.40637E-5 3.56051E-5 5.42922E-5 1.94096E-5 1.245E-5 -9999 -9999 -9999 -9999 -9999 -9999 -9999 -9999
2.70154E-5 1.65902E-5 8.53874E-8 3.07093E-8 2.18553E-7 1.87761E-6 2.07999E-7 4.98079E-8 6.10235E-7 2.46997E-6 5.33828E-6 5.96911E-5 1.5439E-5 1.21086E-6 1.46043E-6 4.95784E-6 1.75807E-6 1.33003E-5 1.2486E-5 8.16549E-6 3.09731E-5 2.03837E-5 2.41917E-5 2.20526E-5 7.4352E-6 7.16034E-6 5.10936E-6 4.69799E-6 9.24559E-6 3.95759E-6 1.03152E-6 2.10971E-7 3.23342E-6 9.49545E-6 2.08551E-5 2.43072E-5 9.61379E-5 1.2252E-4 2.04595E-4 2.62473E-4 3.4157E-4 3.16012E-4 2.68372E-4 2.50474E-4 2.99761E-4 3.72982E-4 4.02194E-4 3.74954E-4 2.25907E-4 1.40361E-4 1.00117E-4 3.30524E-5 2.2164E-5 1.94514E-5 1.53629E-5 6.29007E-6 -9999 -9999 -9999 -9999 -9999 -9999 -9999 -9999 -9999 -9999
2.89671E-6 3.3714E-6 4.42601E-6 1.36778E-6 5.34766E-8 9.03572E-7 9.31321E-8 1.18737E-7 1.65796E-7 6.85498E-8 1.21641E-6 6.81568E-6 1.00627E-6 1.65387E-6 2.34924E-6 9.77965E-6 8.08583E-6 7.76732E-6 9.6914E-6 9.24486E-6 5.36368E-6 3.58977E-5 5.32073E-5 5.33878E-5 1.76663E-6 6.05668E-6 2.88472E-6 1.0501E-5 3.1723E-5 3.99913E-5 2.61048E-6 1.6709E-7 7.59024E-7 1.4281E-5 1.0899E-5 1.0367E-4 1.71544E-4 2.46412E-4 2.65353E-4 3.68659E-4 4.27066E-4 3.75824E-4 2.5631E-4 2.59341E-4 3.6553E-4 3.88917E-4 2.43539E-4 3.6989E-4 1.21821E-4 7.15818E-5 3.40833E-5 6.91022E-5 7.72212E-5 1.99863E-5 1.5345E-5 -9999 -9999 -9999 -9999 -9999 -9999 -9999 -9999 -9999 -9999 -9999
4.00033E-8 1.71604E-7 2.49689E-6 2.80831E-6 6.14461E-7 4.4864E-7 8.03303E-7 1.69171E-7 4.55964E-8 1.51982E-6 2.84852E-6 2.16723E-6 1.70424E-6 3.12998E-6 1.32166E-5 1.16614E-5 1.16916E-5 8.8104E-6 4.00011E-5 1.53469E-5 8.84121E-6 2.64758E-5 4.54739E-5 5.04751E-5 1.1203E-5 3.51442E-6 9.15398E-7 1.01763E-5 1.93241E-5 1.76486E-5 6.01865E-6 6.17055E-8 2.28104E-6 1.03307E-5 7.34877E-5 1.69969E-4 2.41802E-4 2.56391E-4 3.05777E-4 3.89129E-4 3.48922E-4 2.92921E-4 2.66364E-4 3.02367E-4 3.23616E-4 2.50922E-4 1.34877E-4 7.80209E-5 6.84037E-5 8.94464E-5 7.85343E-5 7.75016E-5 1.03028E-4 9.44544E-5 5.66301E-5 -9999 -9999 -9999 -9999 -9999 -9999 -9999 -9999 -9999 -9999 -9999
2.69561E-6 6.11442E-6 2.08047E-6 1.11399E-5 1.84965E-5 2.31541E-5 3.6937E-6 8.71933E-8 3.99936E-7 2.62102E-7 6.992E-7 5.86642E-7 4.93553E-6 1.56783E-5 1.785E-5 1.38025E-5 5.95087E-6 2.54636E-5 3.09722E-5 1.11499E-5 4.26731E-6 4.94994E-6 5.14058E-6 3.07704E-6 7.74982E-6 2.01849E-6 8.80294E-7 1.38403E-6 8.55047E-6 1.27503E-6 6.10039E-7 8.93997E-8 1.14961E-5 7.00093E-5 1.8942E-4 3.12315E-4 2.77309E-4 2.79592E-4 2.37637E-4 2.97702E-4 2.79797E-4 2.64381E-4 2.54059E-4 3.51988E-4 2.62111E-4 1.77001E-4 1.08204E-4 5.89163E-5 6.12395E-5 6.75763E-5 5.68381E-5 5.71499E-5 1.53534E-4 9.97802E-5 -9999 -9999 -9999 -9999 -9999 -9999 -9999 -9999 -9999 -9999 -9999 -9999
5.92061E-6 5.71854E-5 1.92743E-5 1.19264E-5 2.92758E-6 7.42173E-6 1.83137E-5 2.00925E-7 3.97699E-7 3.65893E-7 1.06007E-5 8.72101E-7 1.8197E-6 9.47463E-6 6.30245E-6 5.07773E-6 4.9114E-6 3.05676E-5 5.3077E-6 4.38387E-6 2.85311E-6 7.97325E-7 3.35875E-6 4.11446E-6 1.516E-6 2.44643E-6 4.64574E-6 7.06403E-7 1.05931E-6 3.07488E-5 1.21305E-6 1.37628E-6 4.54312E-5 1.73602E-4 3.08908E-4 3.44149E-4 3.73323E-4 2.6103E-4 1.67872E-4 1.96841E-4 1.64072E-4 1.88452E-4 1.41196E-4 2.00002E-4 1.70713E-4 1.40399E-4 7.49957E-5 1.08011E-4 7.32588E-5 5.95435E-5 3.38167E-5 5.63907E-5 5.25649E-5 -9999 -9999 -9999 -9999 -9999 -9999 -9999 -9999 -9999 -9999 -9999 -9999 -9999
3.74434E-6 6.04154E-5 5.83098E-5 8.16356E-6 6.00412E-7 4.60044E-6 2.50178E-6 1.80082E-7 2.79413E-7 2.87728E-7 1.59173E-6 2.40708E-7 1.77991E-6 1.76234E-5 7.14494E-7 4.20713E-6 1.94238E-5 2.0146E-5 5.30117E-6 7.50402E-6 8.06655E-7 1.8374E-7 3.4269E-6 4.35174E-5 1.0716E-5 7.51566E-6 2.11806E-5 6.49365E-6 1.65002E-6 6.85446E-7 1.74628E-6 2.91775E-5 1.09112E-4 2.24399E-4 3.3486E-4 3.05599E-4 3.3299E-4 1.89678E-4 1.4976E-4 1.48354E-4 1.06602E-4 1.4821E-4 1.55877E-4 1.17324E-4 1.3079E-4 9.35608E-5 1.06217E-4 1.46275E-4 3.78981E-5 2.27815E-5 -9999 -9999 -9999 -9999 -9999 -9999 -9999 -9999 -9999 -9999 -9999 -9999 -9999 -9999 -9999 -9999
6.48783E-5 9.5546E-5 1.07403E-4 8.74917E-5 5.48798E-6 1.09038E-5 1.98109E-5 7.1039E-6 5.57187E-7 1.29626E-6 1.89127E-7 2.14698E-7 2.06871E-6 6.35357E-7 1.17245E-6 3.08234E-6 1.4909E-5 3.87266E-5 3.7201E-6 1.54891E-6 7.12614E-7 3.35245E-7 5.64477E-7 9.36626E-6 1.44804E-5 2.34293E-5 5.178E-5 6.94292E-5 2.25795E-5 2.30706E-6 2.91521E-6 4.19658E-5 1.06369E-4 1.90278E-4 2.63528E-4 2.8561E-4 2.16968E-4 1.41181E-4 1.3035E-4 1.35613E-4 1.05962E-4 1.85134E-4 2.01898E-4 8.62653E-5 8.72303E-5 1.30622E-4 2.19875E-4 4.98335E-5 1.29489E-5 -9999 -9999 -9999 -9999 -9999 -9999 -9999 -9999 -9999 -9999 -9999 -9999 -9999 -9999 -9999 -9999 -9999
3.77174E-5 9.78292E-5 6.17193E-5 4.71842E-5 7.33988E-6 7.20898E-6 1.85805E-5 1.89823E-5 2.99028E-7 3.42835E-7 2.75108E-6 7.35493E-7 6.76527E-8 8.90599E-8 1.25036E-6 8.28263E-7 2.22772E-5 4.472E-5 8.75265E-6 1.56026E-6 3.82952E-6 4.06513E-8 1.65911E-7 9.33755E-6 1.61178E-5 3.09208E-5 7.1964E-5 6.80446E-5 3.80504E-5 2.43677E-5 5.16769E-5 1.33231E-4 1.97025E-4 9.21895E-5 1.4988E-4 1.93079E-4 1.04886E-4 4.63719E-5 1.04415E-4 1.01237E-4 1.37891E-4 1.87596E-4 1.17521E-4 1.42898E-4 1.34178E-4 5.94042E-5 2.63223E-5 -9999 -9999 -9999 -9999 -9999 -9999 -9999 -9999 -9999 -9999 -9999 -9999 -9999 -9999 -9999 -9999 -9999 -9999 -9999
9.28641E-6 3.29723E-5 2.54992E-5 3.19049E-5 9.03334E-6 5.55314E-6 4.64825E-6 1.02974E-5 1.97028E-6 4.4194E-6 2.61452E-6 1.64019E-6 2.80799E-7 3.17979E-7 8.43092E-8 6.79385E-6 1.54195E-5 2.69839E-5 4.51477E-6 7.70147E-6 4.13785E-6 1.3443E-5 1.66386E-5 1.68513E-5 4.90764E-5 6.0785E-5 2.371E-5 1.03919E-5 1.18635E-5 3.91337E-5 4.80159E-5 1.5536E-4 2.21845E-4 1.68432E-4 8.69379E-5 8.67177E-5 3.41716E-5 2.77749E-5 7.95619E-5 1.07282E-4 1.30523E-4 1.46548E-4 6.24721E-5 1.02276E-4 3.23192E-5 1.34761E-5 -9999 -9999 -9999 -9999 -9999 -9999 -9999 -9999 -9999 -9999 -9999 -9999 -9999 -9999 -9999 -9999 -9999 -9999 -9999 -9999
5.21464E-5 6.20891E-5 9.25232E-6 2.56965E-5 1.69502E-5 1.73927E-5 1.55721E-5 1.29511E-5 7.00347E-6 1.13944E-6 2.13252E-6 2.14107E-6 2.55786E-7 5.2662E-7 1.94939E-6 8.10546E-6 2.43655E-5 1.83554E-5 6.50113E-7 1.26034E-5 5.08656E-6 9.72555E-6 9.06564E-6 4.00919E-5 5.05525E-5 7.34281E-5 6.0144E-6 6.90995E-6 9.57344E-6 2.00566E-6 2.40079E-5 3.07816E-5 4.68672E-5 4.86729E-5 3.73197E-5 2.46276E-5 2.11686E-5 5.15712E-5 5.35461E-5 3.34192E-5 2.77487E-5 3.44338E-5 7.35377E-6 8.00107E-6 -9999 -9999 -9999 -9999 -9999 -9999 -9999 -9999 -9999 -9999 -9999 -9999 -9999 -9999 -9999 -9999 -9999 -9999 -9999 -9999 -9999 -9999
7.8159E-5 7.52548E-5 4.3445E-5 1.23497E-5 9.91016E-6 9.02579E-6 2.52124E-5 6.13319E-6 2.1261E-5 1.81575E-5 1.47696E-6 4.67236E-6 6.42185E-7 8.43897E-7 1.46052E-5 3.47373E-5 3.21007E-5 3.00531E-5 1.50516E-5 2.50953E-5 2.20557E-5 1.68852E-5 1.03971E-5 3.25564E-5 4.80992E-5 4.03217E-5 6.003E-6 1.50056E-5 8.37221E-6 9.43354E-6 2.21054E-5 3.5242E-5 3.49305E-5 1.67722E-5 6.14833E-6 4.88344E-6 1.18607E-5 2.72524E-5 2.51002E-5 1.51649E-5 1.48516E-5 1.09737E-5 4.30204E-6 -9999 -9999 -9999 -9999 -9999 -9999 -9999 -9999 -9999 -9999 -9999 -9999 -9999 -9999 -9999 -9999 -9999 -9999 -9999 -9999 -9999 -9999 -9999
8.05086E-5 2.19989E-5 3.1744E-5 1.88156E-5 1.0546E-5 5.60827E-6 1.80475E-5 4.63411E-5 2.60382E-5 7.02319E-6 1.47761E-5 6.23888E-6 1.95664E-6 5.90411E-6 3.98503E-5 5.04689E-5 3.59465E-5 2.7689E-5 1.71761E-5 8.23737E-6 1.48328E-6 7.66403E-6 1.01973E-5 1.07574E-5 3.47163E-5 1.73639E-5 1.20469E-5 1.61244E-5 3.85661E-6 1.07323E-5 2.82959E-5 2.27284E-5 2.12839E-5 1.37774E-5 8.8595E-6 1.38954E-5 3.65094E-5 4.65856E-5 2.8364E-5 1.87677E-5 1.03124E-5 4.92179E-6 -9999 -9999 -9999 -9999 -9999 -9999 -9999 -9999 -9999 -9999 -9999 -9999 -9999 -9999 -9999 -9999 -9999 -9999 -9999 -9999 -9999 -9999 -9999 -9999
1.48017E-5 4.05962E-5 2.78253E-5 9.59384E-6 8.79366E-6 1.72989E-5 2.30955E-5 2.61816E-5 9.23342E-6 2.23955E-6 5.77428E-6 4.25234E-5 1.94303E-5 3.58089E-5 3.85475E-5 5.18226E-5 2.65288E-5 2.69722E-5 1.69601E-5 1.96116E-6 2.83607E-6 4.91391E-7 5.60525E-6 9.45304E-6 2.04904E-5 2.84098E-5 1.94765E-5 6.14355E-6 2.2515E-5 1.83096E-5 4.54372E-5 3.29191E-5 1.09829E-5 1.02941E-5 1.37547E-5 7.41622E-6 1.34233E-5 1.54799E-5 7.56333E-6 4.66827E-6 5.97595E-6 -9999 -9999 -9999 -9999 -9999 -9999 -9999 -9999 -9999 -9999 -9999 -9999 -9999 -9999 -9999 -9999 -9999 -9999 -9999 -9999 -9999 -9999 -9999 -9999 -9999
2.49325E-5 1.78212E-5 8.54429E-6 3.74218E-6 1.08309E-5 1.18247E-5 4.11794E-6 6.00189E-6 4.50514E-6 2.08035E-5 3.84438E-5 5.89901E-5 3.63022E-5 2.81089E-5 3.16936E-5 2.31104E-5 1.05349E-5 1.29925E-5 1.85083E-5 1.90571E-6 1.4589E-6 5.64473E-7 1.84828E-5 2.53821E-5 1.55373E-5 1.70664E-5 3.41924E-5 3.14881E-5 2.97257E-5 1.284E-5 6.23332E-6 8.54304E-6 6.308E-6 7.43572E-6 8.02193E-6 5.01228E-6 5.01741E-6 9.94619E-6 7.54133E-6 4.84193E-6 4.61163E-6 -9999 -9999 -9999 -9999 -9999 -9999 -9999 -9999 -9999 -9999 -9999 -9999 -9999 -9999 -9999 -9999 -9999 -9999 -9999 -9999 -9999 -9999 -9999 -9999 -9999
3.56805E-5 9.6578E-6 4.22876E-6 3.51953E-5 1.78706E-5 4.68231E-6 2.05715E-6 7.53181E-7 1.74759E-5 3.74986E-5 4.06637E-5 1.91074E-5 1.30583E-5 1.58225E-5 1.22797E-5 7.88715E-6 4.19274E-6 2.30869E-6 1.35548E-5 2.27374E-6 2.46891E-6 3.35362E-6 3.18909E-5 2.41117E-5 7.12293E-6 5.15499E-6 9.71506E-6 8.9659E-6 1.21386E-5 4.07412E-6 3.40277E-6 3.72041E-6 4.854E-6 5.6929E-6 7.33363E-6 5.30124E-6 3.87266E-6 4.6925E-6 5.60677E-6 4.91187E-6 6.49134E-6 6.19127E-6 -9999 -9999 -9999 -9999 -9999 -9999 -9999 -9999 -9999 -9999 -9999 -9999 -9999 -9999 -9999 -9999 -9999 -9999 -9999 -9999 -9999 -9999 -9999 -9999
7.86774E-6 8.05045E-6 4.15785E-6 2.05048E-5 1.62833E-5 2.64118E-6 6.70307E-6 4.5827E-6 1.16945E-5 1.79783E-6 2.10199E-6 2.15507E-6 2.9313E-6 1.07321E-5 1.29625E-6 2.26842E-6 8.52808E-6 3.90435E-6 4.49822E-6 1.29311E-6 3.43326E-6 3.84071E-5 1.26666E-6 1.05612E-5 1.44431E-5 5.01849E-6 5.30983E-6 5.04598E-6 6.58677E-6 3.59191E-6 3.97626E-6 3.93823E-6 4.2453E-6 7.62421E-6 5.97293E-6 6.68374E-6 4.99029E-6 4.31911E-6 4.57827E-6 4.31539E-6 6.42622E-6 3.23355E-6 4.51624E-6 -9999 -9999 -9999 -9999 -9999 -9999 -9999 -9999 -9999 -9999 -9999 -9999 -9999 -9999 -9999 -9999 -9999 -9999 -9999 -9999 -9999 -9999 -9999
1.7345E-5 2.88923E-5 1.30049E-5 1.62083E-5 7.14713E-6 5.8289E-6 1.79478E-5 3.51435E-5 4.84527E-6 2.14399E-6 4.02687E-6 1.03242E-5 3.33622E-6 1.01942E-5 1.36247E-6 2.44492E-6 8.81529E-6 9.69149E-7 6.62891E-7 1.32993E-6 8.9327E-7 1.65975E-5 7.39864E-6 2.50728E-6 2.92673E-6 2.62695E-6 4.35041E-6 3.33327E-6 3.60158E-6 3.32749E-6 8.17902E-6 7.69091E-6 4.20027E-6 4.86721E-6 4.78407E-6 6.25606E-6 4.68498E-6 5.88212E-6 1.06272E-5 4.81912E-6 4.59058E-6 4.23697E-6 -9999 -9999 -9999 -9999 -9999 -9999 -9999 -9999 -9999 -9999 -9999 -9999 -9999 -9999 -9999 -9999 -9999 -9999 -9999 -9999 -9999 -9999 -9999 -9999
1.53593E-5 1.99597E-5 1.83963E-6 2.16298E-6 9.72987E-6 7.92042E-6 2.87177E-5 3.88163E-5 2.81663E-6 1.09564E-5 2.65505E-5 2.3827E-5 2.24949E-5 2.07144E-5 1.76379E-5 1.56132E-5 2.27258E-5 2.59822E-6 4.60093E-6 7.04155E-6 1.98983E-6 1.40191E-6 5.91222E-6 6.14623E-6 4.98049E-6 3.40638E-6 2.74843E-6 3.45465E-6 3.46009E-6 5.873E-6 5.40243E-6 4.06056E-6 5.3702E-6 5.4382E-6 5.17244E-6 9.99791E-6 8.52889E-6 6.37899E-6 6.02014E-6 4.84646E-6 4.3026E-6 -9999 -9999 -9999 -9999 -9999 -9999 -9999 -9999 -9999 -9999 -9999 -9999 -9999 -9999 -9999 -9999 -9999 -9999 -9999 -9999 -9999 -9999 -9999 -9999 -9999
4.31021E-7 9.33128E-6 6.64411E-6 8.5658E-7 1.45444E-7 2.71204E-7 6.37442E-6 5.07892E-7 4.1048E-6 3.31879E-6 9.36328E-6 7.20725E-6 2.4277E-5 2.95929E-5 2.98331E-5 4.05279E-5 2.13577E-5 3.27549E-5 2.07819E-5 1.14E-5 7.7071E-6 2.22548E-6 4.91741E-6 3.32585E-6 3.85136E-6 7.63054E-7 3.01875E-6 4.17945E-6 3.16749E-6 3.23697E-6 3.4817E-6 3.79617E-6 3.90519E-6 3.0872E-6 6.23307E-6 6.69212E-6 8.22783E-6 4.52013E-6 3.50375E-6 -9999 -9999 -9999 -9999 -9999 -9999 -9999 -9999 -9999 -9999 -9999 -9999 -9999 -9999 -9999 -9999 -9999 -9999 -9999 -9999 -9999 -9999 -9999 -9999 -9999 -9999 -9999
