catData/rasterBestHybridModels/Pbengalensis/RD_BM01_RM1_LQH/Pbengalensis_median.asc
ncols         409
nrows         350
xllcorner     60.897278365
yllcorner     5.843756025
cellsize      0.0892857
NODATA_value  -9999
[rows 116 to 144 of 350, columns 132 to 197 of 409]
1.31384E-5 1.1781E-5 1.10665E-5 9.24311E-6 7.24637E-6 6.65809E-6 8.80382E-6 7.8097E-6 8.62199E-6 7.69305E-6 7.18396E-6 8.54518E-6 1.00275E-5 8.50974E-6 1.14954E-5 1.15787E-5 1.01172E-5 9.34344E-6 4.14037E-7 2.889E-6 1.51313E-6 2.62793E-6 1.1681E-6 8.41471E-7 9.25777E-7 4.12744E-6 8.81303E-6 8.33322E-6 6.87661E-6 6.42841E-6 4.58243E-6 5.88684E-6 5.19929E-6 5.76522E-6 6.14358E-6 7.58922E-6 7.91479E-6 7.2174E-6 4.46104E-6 7.64125E-6 7.21347E-6 5.03258E-6 2.73993E-6 4.55953E-6 4.9202E-6 3.95757E-6 4.92967E-6 4.62455E-6 6.46002E-6 7.73501E-6 5.86026E-6 5.40229E-6 4.93652E-6 5.1995E-6 6.03598E-6 8.13162E-6 4.79955E-6 6.67932E-6 8.94839E-6 5.91184E-6 5.66286E-6 6.81571E-6 9.15822E-6 1.13657E-5 6.20071E-6 5.6231E-6
1.25933E-5 1.27749E-5 1.18865E-5 1.08603E-5 9.56393E-6 6.68748E-6 9.15154E-6 9.94082E-6 9.3006E-6 9.97866E-6 4.48081E-6 7.53235E-6 1.05031E-5 8.02649E-6 1.17456E-5 1.52252E-5 1.07851E-5 2.70592E-6 1.84686E-6 5.06267E-7 8.18364E-6 1.70012E-6 3.72738E-6 1.72874E-6 2.5176E-6 8.28514E-6 6.43334E-6 6.30457E-6 4.65051E-6 5.61008E-6 5.64629E-6 4.86062E-6 4.46676E-6 3.42003E-6 6.28309E-6 7.23984E-6 1.37787E-5 7.67569E-6 6.71341E-6 7.45002E-6 9.15719E-6 2.36953E-6 5.54634E-6 5.13443E-6 5.19606E-6 5.26638E-6 4.27233E-6 4.67124E-6 5.86277E-6 5.95624E-6 5.58792E-6 4.3571E-6 4.6058E-6 5.38084E-6 6.31408E-6 6.60402E-6 5.69663E-6 5.60176E-6 5.85751E-6 6.24845E-6 5.84769E-6 5.96349E-6 6.36001E-6 6.87183E-6 6.09227E-6 5.59175E-6
1.34882E-5 1.0024E-5 9.47874E-6 8.72098E-6 8.98675E-6 7.46384E-6 7.47841E-6 8.8083E-6 9.13582E-6 7.45132E-6 4.7071E-6 7.88088E-6 9.04377E-6 7.783E-6 8.47156E-6 9.6897E-6 1.02689E-5 5.49735E-6 9.0992E-6 1.30429E-5 1.47046E-5 1.1457E-5 1.58984E-6 3.91045E-6 1.03642E-6 9.03806E-6 6.0241E-6 4.35867E-6 4.22811E-6 4.25093E-6 5.27029E-6 5.09137E-6 4.83275E-6 4.45406E-6 5.63458E-6 6.52541E-6 6.54792E-6 5.82447E-6 5.29064E-6 5.68591E-6 5.76902E-6 5.79673E-6 4.99284E-6 4.76606E-6 6.31866E-6 7.01839E-6 3.75721E-6 4.65728E-6 1.04023E-5 5.43665E-8 2.36203E-8 1.0572E-6 1.62895E-7 4.84328E-8 4.44209E-7 1.55183E-6 2.05824E-6 3.05804E-6 5.65297E-6 1.08795E-5 6.54526E-6 6.07264E-6 4.93531E-6 6.4655E-6 3.99895E-6 6.11685E-6
1.17897E-5 1.03886E-5 7.62674E-6 1.12458E-5 9.11508E-6 7.60874E-6 6.67187E-6 8.23455E-6 8.21944E-6 1.21912E-5 7.07769E-6 5.64848E-6 7.09176E-6 7.3058E-6 9.40073E-6 2.04698E-6 4.20346E-6 7.74552E-6 3.8932E-6 7.11541E-6 4.63059E-6 1.75057E-5 1.61329E-5 8.89248E-6 1.07088E-5 8.81507E-6 6.49158E-6 4.58589E-6 5.52962E-6 6.08628E-6 4.74376E-6 5.52532E-6 4.07631E-6 5.03366E-6 5.60543E-6 6.62469E-6 7.67011E-6 4.92446E-6 4.2043E-6 5.27914E-6 4.55612E-6 4.43038E-6 5.67836E-6 5.14552E-6 4.24759E-6 2.60824E-6 3.94039E-6 4.63778E-6 1.18255E-6 1.35058E-7 1.37697E-9 4.79565E-9 4.46387E-8 1.34208E-7 6.92939E-7 8.82836E-7 5.04317E-6 5.68012E-6 5.95036E-6 3.51855E-6 5.82554E-6 4.14208E-6 3.54581E-6 3.44444E-6 6.95199E-6 5.83856E-6
8.71046E-6 1.14297E-5 1.14077E-5 3.33475E-5 8.42415E-6 7.47187E-6 5.72743E-6 6.29565E-6 7.81865E-6 1.10422E-5 8.7759E-6 3.30519E-6 8.49835E-6 6.26023E-6 4.95112E-6 1.07321E-6 2.05927E-6 8.58185E-6 2.60186E-6 2.76436E-6 4.10656E-6 2.0759E-6 5.86346E-6 1.418E-5 1.29826E-5 9.17507E-6 6.50702E-6 7.39324E-6 5.18882E-6 3.50488E-6 6.38449E-6 5.54477E-6 4.38075E-6 5.89886E-6 5.45807E-6 6.82976E-6 9.64863E-6 5.30658E-6 5.74038E-6 3.24137E-6 5.28206E-6 3.94366E-6 4.49857E-6 3.732E-6 7.26755E-7 3.4043E-6 3.30462E-6 3.13749E-7 2.51607E-7 1.68595E-8 2.70004E-7 2.16763E-7 1.0307E-6 1.48312E-6 4.84459E-6 7.90637E-6 5.43137E-6 7.99011E-6 2.3634E-6 4.84499E-8 1.40139E-6 3.0626E-6 4.08248E-6 2.41664E-6 4.41788E-6 4.81372E-6
7.82667E-6 9.97706E-6 1.00734E-5 1.67587E-5 9.20865E-6 6.96949E-6 5.28688E-6 6.0928E-6 6.46993E-6 4.61144E-6 5.09835E-6 9.1054E-6 8.90786E-6 1.66177E-5 8.8518E-6 4.93038E-6 6.06418E-6 5.85769E-6 1.13341E-5 8.14266E-7 3.28393E-7 1.79799E-6 1.07284E-5 1.02492E-5 9.68713E-6 6.69334E-6 6.80986E-6 7.82429E-6 6.62331E-6 5.19948E-6 5.90331E-6 5.41223E-6 5.44385E-6 6.56219E-6 6.13847E-6 3.80188E-6 4.66359E-6 4.87781E-6 3.91822E-6 2.62382E-6 4.31909E-6 2.42989E-6 3.68793E-6 4.5703E-6 4.51339E-6 1.63753E-6 3.486E-6 1.31312E-7 5.47224E-8 2.5179E-7 1.46123E-7 9.64782E-7 4.28243E-6 1.17449E-6 5.11635E-6 2.61798E-6 9.66641E-7 5.81908E-7 2.90638E-8 7.54019E-8 1.30361E-5 4.90996E-5 5.9641E-6 2.32297E-6 4.32725E-6 4.60677E-6
6.25019E-6 7.74745E-6 7.76495E-6 9.18754E-6 7.71872E-6 5.808E-6 5.11253E-6 5.56521E-6 6.70882E-6 7.5121E-6 9.83193E-6 1.575E-5 1.29706E-5 1.05208E-5 1.1891E-6 1.08377E-5 6.44876E-6 1.81934E-5 1.63856E-5 5.42016E-6 1.51347E-5 1.38701E-5 7.33134E-6 4.49064E-6 2.23254E-6 7.23749E-7 2.54013E-6 3.97134E-6 7.3345E-6 5.68093E-6 4.06635E-6 5.26478E-6 4.97701E-6 4.71742E-6 1.09514E-5 4.45266E-6 5.36539E-6 4.53441E-6 4.15283E-6 1.82511E-6 4.72777E-6 3.39889E-6 4.34358E-6 1.08417E-6 2.28584E-6 1.14706E-6 9.50024E-7 1.73671E-6 5.43725E-7 3.92666E-7 2.90427E-7 6.59859E-7 3.50012E-7 4.29835E-7 7.24445E-8 1.29649E-7 1.93172E-7 7.53667E-7 1.61945E-7 1.2181E-7 1.86832E-6 3.31899E-6 2.06289E-6 5.52104E-6 1.80947E-6 3.36895E-7
6.98282E-6 6.16543E-6 5.9628E-6 5.82976E-6 5.94649E-6 6.96093E-6 5.67592E-6 4.64629E-6 3.67591E-6 5.28274E-6 7.97222E-6 9.59002E-6 6.62797E-6 2.99617E-6 1.13452E-5 1.49155E-5 2.3402E-6 1.10943E-5 3.87366E-5 2.08003E-5 1.03973E-5 8.37226E-6 9.98689E-6 6.60583E-6 1.81652E-6 2.77144E-6 2.90172E-6 6.06797E-6 3.50198E-6 5.34484E-6 5.94058E-6 5.63116E-6 5.21426E-6 4.42132E-6 4.8342E-6 2.54499E-6 2.66903E-6 3.22591E-6 4.45716E-6 4.25062E-6 4.90813E-6 2.27771E-5 1.10176E-6 2.68759E-7 2.33797E-6 6.48107E-7 1.37795E-6 7.67845E-7 1.17893E-6 1.52139E-6 3.25691E-7 2.8385E-7 9.85164E-7 1.6569E-8 4.71385E-8 1.87052E-7 4.86222E-7 1.16306E-7 1.09727E-6 2.21939E-6 3.97089E-6 6.90321E-6 5.67205E-6 2.84536E-6 1.95561E-6 2.83316E-6
7.02037E-6 5.5582E-6 5.23104E-6 5.47849E-6 6.56939E-6 7.1654E-6 5.86236E-6 5.11855E-6 5.03822E-6 5.83915E-6 2.36608E-6 9.51756E-6 6.1842E-6 3.82162E-6 9.10736E-6 2.53717E-6 2.10824E-6 1.76047E-5 1.87836E-5 1.31177E-5 1.04652E-5 9.02962E-7 2.55874E-6 2.29768E-6 4.6846E-6 1.50925E-6 6.10701E-7 7.89853E-6 2.16498E-6 2.97288E-6 1.43308E-5 2.95987E-6 5.06428E-6 3.02013E-6 4.25823E-6 1.90129E-6 4.48761E-6 3.97721E-6 4.30114E-6 5.48115E-6 3.3739E-6 7.4003E-7 2.83598E-7 2.49177E-6 3.38643E-6 9.25614E-7 1.77428E-6 1.59252E-6 2.34872E-6 4.51451E-6 1.53277E-6 4.60265E-7 4.41928E-7 1.11512E-7 2.86287E-7 3.46055E-7 2.78182E-7 2.98889E-7 2.85337E-7 4.40548E-6 3.93313E-6 6.04585E-6 1.07728E-5 5.8837E-6 4.90826E-6 3.11694E-6
8.32387E-6 6.00887E-6 5.91374E-6 6.31036E-6 6.28938E-6 6.72319E-6 6.24403E-6 6.13953E-6 6.92859E-6 6.37871E-6 5.77729E-6 2.34122E-6 1.96097E-6 4.68058E-6 1.64313E-6 3.55174E-6 4.00883E-6 3.08048E-6 1.85152E-5 1.48832E-5 7.18908E-6 9.57628E-6 1.55801E-5 7.10837E-6 2.0679E-6 4.56642E-7 5.74259E-7 1.56716E-6 3.75497E-6 3.24222E-6 7.16339E-6 5.68975E-6 3.58269E-6 3.73936E-6 4.59648E-6 5.12555E-6 4.91239E-6 3.78625E-6 4.22069E-6 1.04507E-6 4.12446E-6 3.16552E-6 1.39693E-6 3.82415E-6 3.6812E-6 2.83795E-6 2.52836E-6 6.24764E-7 2.71066E-7 1.51164E-6 3.55273E-7 2.95029E-8 1.83836E-6 6.25746E-7 2.18349E-7 2.68366E-7 2.362E-7 4.98951E-7 6.06289E-7 1.49852E-6 5.73415E-6 5.76028E-6 5.67577E-6 3.61776E-6 1.83658E-6 4.73834E-6
8.65959E-6 6.42733E-6 5.5334E-6 4.70728E-6 5.92291E-6 6.74785E-6 5.24021E-6 8.7989E-6 4.1724E-6 2.57983E-6 6.4848E-6 8.04154E-7 4.58829E-6 2.07371E-6 4.21811E-6 4.18478E-6 1.90379E-6 1.15466E-5 1.68306E-5 1.24926E-5 9.50027E-6 5.53184E-6 2.7207E-6 9.37177E-7 1.6358E-6 3.4929E-6 2.82896E-6 1.86223E-6 7.43062E-7 4.26038E-6 8.56637E-6 1.97957E-6 4.2708E-6 3.2559E-6 2.84588E-6 6.48071E-6 5.81402E-6 5.09542E-6 2.35835E-6 1.53229E-6 2.23299E-6 3.10922E-6 2.13534E-6 3.71851E-6 2.50396E-6 3.81083E-6 1.35988E-6 8.5742E-7 3.14721E-7 1.23285E-6 1.69685E-7 3.0536E-7 1.01513E-6 2.10868E-7 1.18138E-6 1.79511E-7 8.0818E-7 1.28481E-6 3.98162E-6 5.26251E-6 5.70367E-6 4.24548E-6 1.06116E-6 6.26341E-7 9.51473E-8 1.93604E-6
6.58629E-6 5.5086E-6 4.15694E-6 4.10465E-6 5.9451E-6 4.56812E-6 4.92242E-6 5.21373E-6 1.53033E-7 2.02851E-6 1.50177E-6 3.29455E-6 4.80931E-6 4.68055E-6 1.88151E-6 4.27476E-6 1.39202E-5 1.22738E-5 9.04105E-6 1.43919E-5 7.75401E-6 1.28306E-6 4.72893E-7 2.27046E-6 1.57521E-6 5.15892E-6 2.27252E-6 2.8861E-6 2.59887E-6 3.09496E-6 2.52031E-6 7.90847E-7 1.33759E-6 4.73535E-6 4.74688E-6 4.78828E-6 4.65544E-6 3.77973E-6 5.75033E-6 6.1228E-6 2.19836E-6 4.15849E-6 3.06874E-6 3.18064E-6 4.04651E-6 2.91305E-6 9.36687E-7 1.44253E-7 1.0051E-7 3.95927E-7 6.17671E-7 2.28903E-6 8.96527E-8 7.78162E-7 3.4218E-7 9.35899E-7 3.82532E-7 1.19779E-6 3.54303E-7 1.73227E-6 7.55469E-7 2.8489E-7 9.21016E-7 8.21342E-7 7.97898E-7 2.7364E-6
5.08933E-6 5.01471E-6 4.06792E-6 4.5445E-6 4.72925E-6 1.13157E-6 1.90012E-6 1.80901E-6 5.34138E-6 9.96748E-7 4.02396E-7 2.38589E-6 7.77155E-6 1.21151E-5 1.21236E-5 6.94608E-6 3.32083E-7 1.1591E-5 1.42472E-5 1.1174E-5 1.09666E-6 4.59117E-7 4.58837E-7 4.93934E-7 3.39913E-6 8.20846E-6 3.09976E-6 3.86872E-6 5.71247E-6 1.69369E-6 2.34099E-6 1.48902E-6 6.10159E-6 4.73597E-6 3.80907E-6 1.57064E-6 1.60554E-6 2.44568E-6 2.57036E-6 4.00835E-6 3.21825E-6 3.43875E-6 3.96835E-6 4.01936E-6 2.97576E-6 3.03158E-6 1.73986E-7 8.63315E-7 7.90096E-7 8.29023E-7 4.38882E-7 3.82091E-6 9.97731E-7 1.89992E-7 2.52971E-7 1.47143E-6 1.09493E-6 6.1549E-7 1.72057E-7 2.63894E-9 2.51987E-7 1.81179E-6 2.99357E-7 1.91835E-7 4.55882E-8 1.06316E-8
6.46668E-6 5.06341E-6 4.7186E-6 5.508E-6 1.75684E-6 1.34613E-6 3.20014E-7 4.08375E-7 5.34004E-6 7.44469E-7 2.26301E-6 1.95598E-7 6.53879E-6 4.0084E-6 5.84158E-7 9.45704E-7 7.58174E-6 1.12132E-5 9.68833E-6 9.98491E-6 2.29522E-6 1.04978E-6 6.28226E-7 1.39713E-6 8.33901E-7 2.30141E-6 2.58172E-6 4.89623E-6 3.36892E-6 1.00656E-6 5.08465E-6 3.90734E-6 5.66683E-6 4.91985E-6 1.78925E-6 4.44693E-7 3.13982E-6 2.49818E-6 1.94398E-6 3.41052E-6 2.36835E-6 3.12943E-6 2.51124E-6 3.34702E-6 3.76082E-6 3.56666E-6 1.00824E-6 3.0474E-8 5.39614E-7 1.77158E-6 2.17974E-7 3.46237E-6 3.99457E-8 4.42358E-8 1.43862E-7 9.28804E-8 1.07882E-6 5.10629E-7 5.12541E-7 5.37159E-9 5.55815E-8 1.03715E-7 4.94762E-9 7.46717E-8 2.53764E-8 1.84688E-8
5.1019E-6 4.82891E-6 4.36355E-6 3.95006E-6 1.66686E-6 3.57568E-7 2.2238E-7 2.97786E-7 6.60699E-7 1.07019E-6 2.8599E-6 2.72043E-6 1.54897E-6 1.11673E-6 8.76456E-7 2.73654E-6 1.25014E-6 7.58286E-6 4.98986E-6 1.37444E-6 8.11401E-6 5.77854E-6 1.85732E-6 1.12879E-6 8.53347E-7 8.19948E-7 1.12939E-6 1.37142E-6 2.68948E-6 4.20826E-6 4.85919E-6 5.13489E-6 5.76356E-6 6.7797E-6 1.50678E-6 2.21539E-6 2.98269E-6 3.87735E-6 3.2431E-6 1.93812E-6 1.28327E-6 3.55829E-6 3.98538E-6 3.34369E-6 3.63429E-6 3.47551E-7 1.54599E-6 4.43133E-8 1.65117E-7 4.65324E-7 1.87875E-7 1.09691E-6 3.97002E-7 8.55602E-8 1.39301E-6 1.15838E-6 9.89012E-7 3.37866E-7 6.02262E-7 9.29159E-8 1.21549E-8 5.24511E-7 9.18969E-9 2.3283E-8 1.28233E-8 1.75633E-6
2.49775E-6 3.97816E-6 3.08234E-6 5.82849E-6 1.4832E-6 1.61807E-6 9.32778E-6 2.93737E-6 1.14257E-6 9.89704E-7 2.99556E-7 4.53926E-6 1.08718E-6 4.98813E-7 1.79736E-5 4.72815E-7 5.88761E-6 1.10148E-5 3.01912E-6 2.74932E-6 3.10181E-6 2.98466E-6 6.02138E-6 3.50995E-6 1.38247E-6 1.88068E-6 3.74477E-6 1.10038E-6 5.15189E-6 4.77407E-6 4.65304E-6 4.05677E-6 2.84427E-6 3.56656E-6 1.82426E-6 2.37546E-6 3.22309E-6 2.96301E-6 3.07927E-6 8.04542E-7 2.38371E-6 3.74515E-6 5.7025E-6 5.13043E-6 1.68602E-6 6.28264E-8 2.55553E-7 4.38117E-8 6.47017E-7 4.05183E-7 8.2277E-8 2.83203E-7 1.38759E-6 7.11367E-8 2.12865E-7 6.00448E-7 1.76E-6 4.75905E-7 2.22499E-7 1.17984E-7 2.72034E-8 1.97577E-8 7.61216E-8 5.88964E-7 3.26761E-7 1.70076E-7
2.55812E-6 4.31609E-6 1.21888E-6 2.81842E-6 1.65257E-7 2.48195E-7 7.54599E-7 2.28101E-7 2.91817E-8 1.05108E-6 3.97341E-6 1.4965E-5 2.28577E-7 1.11767E-7 4.89336E-6 4.77513E-6 2.46203E-6 6.4279E-6 7.64965E-7 1.7178E-7 1.13623E-6 1.5006E-6 5.16927E-6 4.31281E-6 1.94988E-6 2.65458E-6 4.69815E-6 3.56575E-6 2.87575E-6 1.97478E-6 5.67034E-6 5.13035E-6 3.62225E-6 3.41332E-6 3.32641E-6 3.2438E-6 5.61693E-6 4.44825E-6 3.41965E-6 3.08255E-6 2.42639E-6 4.24678E-6 3.6856E-6 3.45996E-6 3.10439E-6 2.73934E-7 3.66083E-7 2.21675E-6 3.50284E-7 1.90375E-7 8.90129E-8 1.62991E-8 2.96513E-7 2.22239E-7 3.58284E-7 6.77817E-7 1.01598E-6 1.42129E-7 2.49886E-7 7.16133E-9 4.96511E-7 1.90398E-7 3.41065E-7 2.45953E-6 2.15205E-7 1.85891E-7
8.46434E-7 1.89258E-6 9.09881E-7 2.50773E-6 3.09045E-6 4.69299E-7 6.72477E-7 4.83459E-7 1.53376E-5 5.16494E-6 2.7811E-5 1.64918E-5 1.74855E-6 5.70871E-8 4.74272E-7 1.00109E-5 2.35334E-6 2.49017E-6 8.42156E-7 3.55565E-6 6.62107E-6 1.84311E-6 3.33751E-6 4.87927E-6 3.07314E-6 5.43625E-6 5.43263E-6 4.42859E-6 6.82259E-6 7.46266E-6 3.43486E-6 2.3169E-6 6.0162E-6 3.0706E-6 3.95138E-6 4.1058E-5 3.17888E-6 3.23869E-6 2.58792E-6 2.76846E-6 6.81093E-6 3.58714E-6 3.44824E-6 4.07764E-6 3.16918E-6 2.84179E-6 2.60608E-6 2.29459E-6 3.4331E-7 1.15468E-7 2.12583E-7 2.61456E-9 6.19133E-8 2.90493E-7 8.7765E-7 3.09516E-6 1.14161E-6 2.0785E-7 5.15126E-8 1.30889E-8 4.50519E-7 1.23992E-7 3.26614E-7 2.87925E-7 2.25151E-7 5.3418E-8
1.87317E-7 8.58903E-7 4.06813E-7 4.95854E-6 4.71225E-6 1.46438E-6 4.93007E-7 3.34006E-6 1.63254E-5 1.65085E-5 1.27417E-5 1.01705E-5 1.13306E-5 1.10124E-6 2.79052E-6 3.74046E-6 2.63812E-6 5.11095E-7 3.25968E-6 4.35678E-6 3.29576E-6 4.39359E-6 4.7438E-6 2.84673E-6 7.10201E-6 6.17721E-6 7.12641E-6 4.1707E-6 2.62391E-6 6.00009E-6 2.23424E-6 1.11254E-6 2.29652E-6 2.24891E-6 9.12358E-8 6.96389E-7 2.38274E-6 3.37095E-6 3.29621E-6 2.16312E-6 4.35284E-6 3.51839E-6 5.08962E-6 2.28299E-6 3.12321E-6 7.29992E-7 1.80275E-6 2.16783E-6 6.30203E-7 1.57166E-7 4.46668E-8 1.27436E-8 1.0079E-7 4.03512E-7 4.95937E-7 3.93675E-6 2.45896E-6 9.15011E-8 7.96267E-7 5.59526E-7 6.68551E-8 7.04642E-8 6.482E-7 6.72344E-6 1.82352E-6 3.54188E-7
8.34658E-7 4.22399E-7 7.19709E-7 6.05308E-6 7.24384E-6 1.83614E-6 1.00372E-5 1.88126E-5 4.36697E-6 1.58189E-5 2.65395E-5 4.55908E-7 7.58603E-7 5.99779E-7 5.43403E-7 1.66761E-7 6.27956E-7 4.19818E-6 4.41238E-6 3.26264E-6 2.91021E-6 5.70375E-6 7.28337E-6 7.2937E-6 8.29974E-6 7.03378E-6 2.46976E-6 1.70788E-7 6.136E-6 9.46345E-6 2.38842E-6 1.40859E-6 2.06882E-6 3.49548E-7 5.29419E-7 2.32295E-7 7.32662E-7 8.90831E-7 1.72451E-6 2.80885E-6 2.89289E-6 4.10826E-6 3.44789E-6 3.40443E-6 4.22381E-6 3.51594E-6 1.96906E-6 1.68824E-6 1.67975E-6 3.06733E-7 3.96249E-7 7.91554E-7 4.87011E-7 1.00276E-6 4.34927E-6 1.57595E-6 3.45875E-6 2.09911E-6 7.38824E-7 3.45317E-7 7.54228E-7 2.15653E-7 4.38902E-8 1.79206E-6 3.36362E-7 1.13436E-6
1.20703E-6 7.44612E-7 3.08658E-6 5.42779E-6 1.90227E-6 5.82855E-6 1.26703E-5 1.71485E-5 1.01239E-5 2.02425E-5 8.49486E-6 3.29578E-6 4.96302E-6 6.10909E-7 6.15757E-8 1.01378E-6 4.26314E-7 4.70287E-6 2.72449E-6 5.77196E-6 7.1542E-6 8.79E-6 8.00742E-6 9.51524E-6 1.00401E-5 1.02742E-5 7.44539E-6 3.18532E-6 3.2845E-6 7.26354E-6 5.84653E-6 4.91187E-6 1.35461E-5 4.82581E-6 3.39341E-6 2.54398E-6 3.00124E-6 2.49393E-7 1.82718E-6 2.98951E-6 1.97386E-6 3.50783E-6 1.54427E-6 3.19783E-6 2.17907E-6 2.99515E-6 3.40528E-6 2.53954E-6 1.27282E-6 1.68104E-7 2.28948E-7 5.97762E-7 2.75078E-7 7.54974E-7 1.67199E-6 7.47951E-6 3.71241E-6 7.66897E-6 2.03034E-6 1.19539E-6 8.18359E-7 7.50035E-7 6.01699E-7 9.56102E-7 7.1254E-7 8.58663E-7
3.79785E-6 7.24871E-7 1.36054E-6 1.1363E-6 7.74503E-6 8.4722E-6 1.97158E-5 1.64937E-5 2.00227E-5 1.02784E-5 8.27278E-6 1.60007E-5 1.32139E-7 4.57124E-7 1.57659E-7 2.44281E-6 2.34189E-6 7.76986E-6 4.55056E-6 6.599E-6 5.62889E-6 1.31077E-6 7.32982E-6 3.92266E-6 1.51417E-6 2.51399E-6 1.78376E-6 1.10811E-5 7.23458E-6 2.81464E-6 3.03252E-6 1.25939E-5 2.73369E-5 7.3215E-6 5.40775E-6 6.27361E-6 3.83439E-6 3.66902E-7 1.43895E-7 1.57525E-6 2.48433E-6 2.67621E-6 1.06637E-6 1.78962E-6 3.33438E-6 2.86961E-6 3.64351E-6 2.81341E-6 4.68626E-7 6.53876E-7 2.24845E-7 1.01143E-6 8.31344E-7 3.0774E-6 5.96424E-7 2.92357E-6 4.00477E-6 7.52069E-6 5.50717E-7 3.17157E-7 6.30994E-7 7.71239E-7 3.08839E-6 2.23896E-6 4.24459E-6 2.19725E-6
2.98553E-6 4.25705E-6 4.43229E-6 1.36808E-6 7.55428E-6 1.74719E-5 1.875E-5 2.46831E-5 3.24662E-5 1.32758E-5 9.05446E-6 1.22334E-5 2.80869E-7 1.16576E-7 9.81053E-8 2.81187E-6 8.97785E-6 2.00578E-6 3.4992E-6 7.92753E-6 5.59406E-6 1.54688E-6 1.98498E-6 2.61325E-6 1.10636E-6 7.28863E-7 3.30499E-6 6.91659E-6 2.61465E-6 5.15477E-6 6.27658E-6 8.28794E-6 2.92287E-6 4.75933E-6 1.12522E-6 3.87958E-6 4.25091E-6 1.31237E-6 2.58698E-7 1.04648E-6 3.46626E-6 6.03569E-6 4.38111E-6 1.91816E-6 3.37047E-6 3.70839E-6 3.25737E-6 1.40812E-6 2.29873E-6 3.75865E-6 1.12887E-6 1.4603E-7 8.37944E-7 1.25101E-6 1.08466E-6 2.04268E-6 1.46758E-7 1.45769E-6 2.33043E-6 4.18353E-7 1.47149E-6 8.14015E-6 9.60829E-6 5.29745E-6 4.76422E-6 3.7553E-6
4.43293E-5 1.92858E-5 2.39255E-6 2.69985E-6 8.40015E-6 1.04363E-6 6.13322E-6 1.85894E-5 1.42078E-5 1.06382E-5 7.06335E-6 8.00156E-5 1.56441E-6 2.74741E-6 4.10135E-6 8.63791E-6 8.57694E-6 3.4796E-6 6.51201E-6 6.95167E-6 4.07039E-6 1.20022E-6 3.11113E-6 9.66745E-6 5.97883E-6 5.19881E-6 2.25576E-6 2.97378E-6 2.14264E-6 2.77153E-6 5.80095E-6 1.03174E-6 9.09696E-6 2.99489E-6 1.18839E-6 3.16433E-6 6.30389E-6 1.05813E-6 1.58584E-6 2.63036E-6 2.69288E-6 3.609E-6 3.34307E-6 1.05661E-6 2.44064E-6 2.77282E-6 2.93428E-6 1.55789E-6 1.48929E-6 2.89789E-6 9.7756E-7 2.78887E-7 9.16497E-7 9.43887E-7 1.87692E-7 1.30535E-6 4.57055E-7 4.52339E-7 9.92066E-7 5.70791E-7 2.72034E-7 1.54162E-6 6.62953E-6 2.45062E-6 2.50525E-6 2.22767E-7
3.99356E-5 4.1285E-6 1.71852E-6 2.10648E-6 9.06461E-6 2.73906E-7 1.31859E-5 2.30329E-6 1.28066E-5 3.0943E-6 4.39614E-6 1.04388E-5 6.35448E-6 3.41719E-7 9.3413E-7 1.20161E-5 5.44179E-6 4.54017E-6 5.01023E-6 1.02222E-5 8.58226E-6 1.21598E-6 1.90645E-6 8.54427E-6 1.33706E-5 9.2197E-6 8.96307E-6 2.15981E-6 1.70721E-6 1.61202E-6 7.29385E-6 3.28851E-6 2.88615E-5 6.19691E-6 6.26862E-6 5.58194E-7 9.64012E-7 1.01831E-7 1.10543E-6 2.24004E-6 2.69155E-6 1.62646E-6 2.1625E-6 1.10442E-6 1.25313E-6 1.58442E-6 1.2641E-6 7.85325E-7 5.36741E-7 4.90831E-6 4.9145E-7 1.65838E-7 2.25106E-7 9.93169E-7 3.53761E-7 1.55807E-7 3.57415E-6 4.15356E-7 3.16051E-6 6.97835E-7 1.5429E-7 5.95669E-7 4.07212E-6 3.28579E-7 2.25902E-6 4.96687E-7
3.379E-6 8.52363E-6 8.5238E-6 7.77857E-6 7.19812E-6 5.0612E-6 1.45292E-5 3.24259E-6 1.16548E-5 7.5851E-6 2.18512E-7 1.01104E-5 1.48215E-6 9.12354E-7 9.14602E-7 1.19781E-6 7.30607E-7 1.15091E-6 9.11365E-6 7.54847E-6 9.85501E-6 4.08392E-6 2.8736E-6 8.9815E-6 3.33405E-5 1.01776E-5 8.69389E-6 9.37998E-6 6.55711E-6 8.71568E-6 2.16406E-5 2.05096E-5 1.02365E-5 2.8504E-6 1.91383E-6 2.05514E-6 1.39923E-6 2.15513E-7 2.73157E-7 1.30448E-7 1.15564E-6 3.21476E-7 3.96773E-7 1.75872E-7 5.0583E-7 4.99968E-7 7.11133E-7 3.81465E-7 1.95157E-6 2.69703E-6 5.25891E-6 1.72336E-6 4.21976E-7 2.99905E-6 9.39102E-7 1.67004E-7 1.72658E-6 5.04888E-6 6.39267E-6 3.79234E-7 1.86568E-7 4.11628E-7 8.38521E-7 2.55469E-6 1.53456E-6 5.2002E-8
4.21599E-7 3.59881E-7 2.6435E-6 7.12934E-6 2.18774E-6 1.37698E-6 1.09489E-5 2.49373E-6 3.08081E-6 2.97744E-6 1.63745E-6 7.42153E-7 8.19967E-6 7.91981E-6 6.85688E-6 6.12215E-8 1.30567E-6 3.31799E-6 5.3102E-6 1.54811E-5 1.57649E-5 4.2901E-6 1.99479E-5 3.45877E-6 7.20039E-6 1.05202E-5 1.1054E-5 8.63907E-6 3.50617E-6 2.5032E-6 7.4093E-6 1.96101E-6 1.47507E-6 3.59353E-6 3.05977E-7 1.96131E-7 7.91085E-7 5.44797E-7 2.14989E-7 1.3354E-6 1.21611E-7 3.05593E-7 3.68399E-8 1.15774E-7 3.63895E-8 7.27316E-7 4.30416E-8 2.54597E-6 3.89051E-7 1.12989E-6 9.48897E-7 4.75565E-6 1.51126E-6 5.98769E-6 4.29151E-6 3.78335E-7 1.21638E-7 1.5067E-7 9.29754E-8 1.94239E-8 3.44297E-7 1.20734E-7 2.41008E-7 1.45622E-6 2.8472E-6 3.6474E-6
4.37319E-7 1.04629E-7 2.30659E-6 1.31026E-6 3.06396E-6 6.5716E-6 1.12786E-5 1.81537E-6 9.53536E-6 4.8352E-6 2.50785E-6 1.67291E-6 2.88711E-6 4.04473E-6 9.52395E-6 5.37072E-7 1.65878E-7 4.59005E-6 1.23201E-5 1.09084E-5 1.21488E-5 6.49333E-7 6.39418E-7 6.79577E-6 2.23665E-6 1.98184E-5 1.96936E-5 8.57054E-6 2.7647E-6 1.37499E-6 3.69802E-6 3.60516E-6 3.62267E-7 2.91923E-7 1.77355E-7 1.23588E-7 3.17414E-7 8.22107E-7 1.43824E-6 1.36282E-6 3.10792E-7 4.12583E-7 1.83778E-6 1.02605E-6 1.49534E-7 1.81317E-6 8.83045E-7 9.20998E-7 3.03127E-7 2.94518E-7 4.46581E-7 2.16578E-6 1.08586E-7 3.65168E-6 3.21548E-6 8.75227E-7 1.29299E-7 2.84989E-7 1.28092E-7 1.25212E-8 1.94133E-8 7.45469E-9 4.89001E-8 1.87892E-8 3.75943E-7 2.99989E-7
3.63387E-6 2.93185E-6 1.97333E-6 4.36316E-6 7.38389E-6 1.17076E-5 1.76419E-5 2.86847E-6 1.10427E-5 1.10822E-5 1.55515E-6 6.3394E-7 3.59151E-8 2.31505E-7 4.1288E-6 2.12355E-6 8.13157E-6 1.06224E-5 8.9055E-7 7.02752E-6 8.41742E-6 4.54324E-6 2.02539E-6 5.72694E-6 4.18771E-6 8.75085E-6 1.14624E-5 4.69823E-6 7.27497E-6 3.34831E-6 1.04351E-6 6.53945E-7 4.47546E-6 2.24287E-6 6.4498E-8 1.12985E-6 7.58808E-8 2.82186E-6 3.85801E-6 1.57412E-6 4.93712E-7 6.92945E-7 1.09716E-6 1.03848E-6 3.44147E-6 5.5341E-6 4.97864E-6 4.3321E-6 1.66853E-6 9.97157E-7 1.2441E-7 4.53204E-7 9.75535E-8 1.91745E-6 3.30818E-7 3.8836E-7 2.44453E-7 1.4361E-6 3.27473E-7 5.00673E-9 2.38743E-9 7.00175E-8 2.70975E-8 1.22618E-8 6.06577E-10 4.61726E-7
