catData/rasterBestHybridModels/Pbengalensis/RD_BM01_RM1_LQH/Pbengalensis_median.asc
ncols         409
nrows         350
xllcorner     60.897278365
yllcorner     5.843756025
cellsize      0.0892857
NODATA_value  -9999
[rows 261 to 289 of 350, columns 132 to 197 of 409]
-9999 -9999 -9999 -9999 -9999 -9999 -9999 -9999 -9999 -9999 -9999 -9999 -9999 -9999 -9999 -9999 -9999 -9999 -9999 -9999 -9999 -9999 4.3538E-5 8.83734E-5 1.50311E-4 3.16244E-4 6.11759E-4 6.44961E-4 6.4908E-4 5.16285E-4 4.58977E-4 4.15101E-4 2.60217E-4 3.50444E-4 3.20755E-4 3.5451E-4 1.35305E-4 1.85778E-5 2.20407E-6 7.7358E-6 1.27767E-5 6.58827E-5 9.10721E-6 1.01031E-5 2.82241E-5 5.42346E-5 2.37643E-5 2.11771E-5 5.96395E-5 1.86331E-6 9.56599E-6 3.01062E-6 4.18653E-6 2.65527E-6 9.67496E-6 1.58764E-6 9.81024E-7 6.78728E-6 6.66004E-5 4.25517E-5 7.32622E-5 2.28489E-6 6.39056E-6 1.97491E-5 8.34228E-5 3.37352E-5
-9999 -9999 -9999 -9999 -9999 -9999 -9999 -9999 -9999 -9999 -9999 -9999 -9999 -9999 -9999 -9999 -9999 -9999 -9999 -9999 -9999 -9999 3.07846E-5 3.55748E-5 8.23132E-5 2.21343E-4 5.58366E-4 5.7685E-4 8.30682E-4 5.61346E-4 5.50343E-4 5.51317E-4 4.71797E-4 3.575E-4 2.81054E-4 9.19784E-5 1.13421E-5 1.07755E-5 6.93912E-6 8.41795E-6 1.30136E-5 7.35311E-5 2.31032E-5 1.60299E-6 2.06223E-6 4.4436E-6 5.25754E-6 1.88232E-5 4.84709E-6 3.6413E-6 2.84068E-5 2.49408E-5 6.27092E-6 5.88737E-5 3.72449E-6 7.27273E-6 2.29458E-6 1.07102E-5 5.47072E-5 9.7635E-5 1.18211E-5 1.70548E-5 3.09865E-5 2.89984E-5 9.31386E-5 1.25386E-5
-9999 -9999 -9999 -9999 -9999 -9999 -9999 -9999 -9999 -9999 -9999 -9999 -9999 -9999 -9999 -9999 -9999 -9999 -9999 -9999 -9999 -9999 1.09544E-5 1.94166E-5 5.34449E-5 1.16552E-4 6.24718E-4 6.40146E-4 5.8065E-4 7.48036E-4 6.95628E-4 6.71876E-4 5.78343E-4 4.54342E-4 4.29267E-4 1.30502E-4 7.33403E-5 2.15437E-5 7.60353E-6 1.8335E-6 1.17525E-6 1.49248E-5 3.54384E-6 4.51962E-6 3.24638E-6 1.01905E-5 5.09591E-6 5.27611E-6 9.55024E-7 2.02341E-5 3.13039E-5 2.39793E-6 1.14719E-5 6.21552E-5 2.49102E-5 2.43433E-6 1.55607E-5 6.94418E-6 1.1401E-5 5.92366E-6 1.78006E-6 3.26986E-5 8.27196E-6 8.97667E-5 1.0555E-4 5.50059E-5
-9999 -9999 -9999 -9999 -9999 -9999 -9999 -9999 -9999 -9999 -9999 -9999 -9999 -9999 -9999 -9999 -9999 -9999 -9999 -9999 -9999 -9999 1.07885E-5 2.24836E-5 4.00791E-5 1.17824E-4 5.67515E-4 7.18055E-4 7.53713E-4 7.15612E-4 8.31871E-4 5.7387E-4 5.59483E-4 4.82203E-4 5.2686E-4 3.68302E-4 9.13013E-5 6.84191E-6 2.0625E-6 6.73366E-7 9.2281E-6 7.84437E-6 3.85865E-6 6.60805E-6 3.08279E-5 2.03091E-5 5.58484E-6 8.58169E-6 9.19328E-7 5.21794E-6 1.62903E-6 4.76329E-6 2.15682E-5 2.20116E-5 2.31551E-5 6.28212E-5 3.38826E-5 5.61858E-5 7.37451E-6 1.83493E-6 1.17203E-6 3.00295E-6 6.67325E-6 1.03613E-4 2.85761E-4 1.03676E-4
-9999 -9999 -9999 -9999 -9999 -9999 -9999 -9999 -9999 -9999 -9999 -9999 -9999 -9999 -9999 -9999 -9999 -9999 -9999 -9999 -9999 -9999 -9999 2.71871E-5 4.01955E-5 1.04253E-4 4.08321E-4 6.92642E-4 1.0388E-3 8.08498E-4 6.48434E-4 5.37636E-4 5.98605E-4 6.76943E-4 6.00861E-4 2.62408E-4 1.86082E-4 9.17049E-5 3.88355E-5 7.22192E-6 2.03052E-4 1.06069E-5 5.24758E-6 9.38697E-6 1.40389E-5 2.13491E-5 6.60292E-6 3.64035E-5 2.49354E-5 2.71092E-5 1.32143E-4 2.00292E-5 1.04395E-5 1.3686E-4 9.20581E-5 1.2824E-4 1.25412E-4 1.83576E-4 1.01873E-4 3.14059E-5 1.42679E-4 2.41646E-4 1.49756E-4 1.02918E-4 1.28549E-4 1.603E-4
-9999 -9999 -9999 -9999 -9999 -9999 -9999 -9999 -9999 -9999 -9999 -9999 -9999 -9999 -9999 -9999 -9999 -9999 -9999 -9999 -9999 -9999 -9999 3.84398E-5 1.14586E-4 1.47198E-4 3.52925E-4 6.21412E-4 6.20737E-4 6.66569E-4 5.93208E-4 5.04847E-4 5.42352E-4 6.2794E-4 5.93851E-4 1.92203E-5 1.14275E-4 1.45584E-4 1.72517E-4 2.50931E-5 2.06024E-5 8.95131E-5 1.81544E-5 1.27112E-5 4.39732E-5 7.529E-5 2.1974E-5 3.91731E-5 1.42172E-5 5.50151E-5 7.6893E-5 5.75215E-6 4.12332E-5 2.12661E-4 3.88693E-4 1.54783E-4 1.63868E-4 3.78276E-4 6.78618E-5 4.74438E-5 9.38576E-5 2.2833E-4 2.82691E-4 8.06441E-5 2.91206E-5 3.27629E-5
-9999 -9999 -9999 -9999 -9999 -9999 -9999 -9999 -9999 -9999 -9999 -9999 -9999 -9999 -9999 -9999 -9999 -9999 -9999 -9999 -9999 -9999 -9999 6.14955E-5 1.22321E-4 3.16098E-4 4.03415E-4 4.41125E-4 4.9055E-4 4.83725E-4 5.46499E-4 5.95891E-4 7.17121E-4 6.93285E-4 5.2334E-4 3.18018E-4 3.01504E-4 1.47146E-4 6.21204E-5 7.28679E-5 6.88424E-5 7.75484E-5 2.04328E-5 5.344E-5 1.17467E-5 4.59656E-5 1.75262E-5 9.3362E-6 5.27031E-5 3.99177E-5 8.50544E-5 1.26104E-5 1.55105E-4 9.03399E-5 1.67795E-4 1.20914E-4 1.10889E-4 8.6674E-5 5.76525E-5 1.74016E-5 3.54282E-5 1.92893E-4 1.25681E-4 5.57925E-5 4.93745E-5 7.5036E-5
-9999 -9999 -9999 -9999 -9999 -9999 -9999 -9999 -9999 -9999 -9999 -9999 -9999 -9999 -9999 -9999 -9999 -9999 -9999 -9999 -9999 -9999 -9999 2.83765E-5 6.58467E-5 3.09307E-4 3.25952E-4 3.24134E-4 5.48591E-4 4.60178E-4 6.10054E-4 6.0868E-4 7.49205E-4 1.07728E-3 5.54522E-4 6.32976E-4 2.64458E-4 2.00072E-4 1.54109E-4 1.25436E-5 7.94461E-6 8.48504E-5 1.73427E-4 8.90192E-5 7.26696E-6 7.33124E-6 9.1308E-7 1.07176E-6 3.02715E-5 7.54209E-5 4.1502E-5 1.34743E-6 1.35887E-4 2.48244E-4 3.48596E-5 1.99699E-4 2.30637E-4 1.74031E-5 1.97065E-5 1.04697E-5 2.04454E-4 7.69221E-5 6.3002E-5 5.68008E-5 1.03709E-4 3.19643E-5
-9999 -9999 -9999 -9999 -9999 -9999 -9999 -9999 -9999 -9999 -9999 -9999 -9999 -9999 -9999 -9999 -9999 -9999 -9999 -9999 -9999 -9999 -9999 -9999 1.22615E-4 4.34444E-4 2.91899E-4 2.26387E-4 2.38463E-4 2.44031E-4 3.38857E-4 6.2526E-4 6.27226E-4 6.49763E-4 6.39845E-4 5.04597E-4 5.48443E-4 7.63312E-5 2.97746E-4 2.58553E-5 1.33986E-5 6.16797E-5 3.79571E-5 1.23216E-4 1.63983E-4 1.3858E-5 1.89809E-6 8.36173E-7 5.69878E-5 4.47298E-6 1.09048E-5 2.51734E-5 5.16793E-5 3.24614E-5 1.85168E-4 3.35517E-4 2.02001E-4 8.58655E-5 3.37622E-6 1.83678E-5 5.88384E-5 1.3056E-4 7.80648E-5 5.25587E-5 1.34618E-4 3.89134E-5
-9999 -9999 -9999 -9999 -9999 -9999 -9999 -9999 -9999 -9999 -9999 -9999 -9999 -9999 -9999 -9999 -9999 -9999 -9999 -9999 -9999 -9999 -9999 -9999 1.41055E-4 1.31432E-4 2.21244E-4 2.60976E-4 2.27406E-4 2.35187E-4 2.98977E-4 4.52066E-4 6.21628E-4 6.61075E-4 1.14416E-3 7.35813E-4 2.91997E-4 2.96296E-4 3.5923E-4 9.99942E-5 4.22422E-5 3.58531E-4 1.71829E-4 1.26308E-4 1.02206E-4 2.99232E-5 3.76114E-6 1.63409E-5 1.11168E-5 3.59603E-5 3.42257E-4 3.32577E-4 1.90343E-4 2.6256E-4 4.11508E-4 4.04269E-4 1.65581E-5 1.59481E-5 2.13741E-6 1.0503E-4 1.02276E-5 9.95754E-5 4.64427E-5 1.13037E-4 4.04666E-5 3.02256E-5
-9999 -9999 -9999 -9999 -9999 -9999 -9999 -9999 -9999 -9999 -9999 -9999 -9999 -9999 -9999 -9999 -9999 -9999 -9999 -9999 -9999 -9999 -9999 -9999 2.91832E-5 8.24614E-5 1.64425E-4 2.09605E-4 2.57821E-4 2.45863E-4 2.95247E-4 3.56424E-4 5.73752E-4 6.60507E-4 6.1898E-4 7.1915E-4 5.7863E-4 4.35019E-4 4.15154E-4 1.95486E-4 1.77032E-4 4.14923E-4 3.01682E-4 2.24038E-4 2.97175E-4 1.02542E-4 2.46162E-5 1.05298E-4 1.57535E-5 1.50808E-4 1.69206E-4 2.68868E-4 2.36855E-4 2.56829E-4 3.07612E-4 1.06008E-4 5.65697E-6 1.52775E-4 1.18454E-4 9.88443E-5 9.00425E-5 2.07291E-4 1.19953E-4 7.56676E-5 1.2095E-4 1.06967E-4
-9999 -9999 -9999 -9999 -9999 -9999 -9999 -9999 -9999 -9999 -9999 -9999 -9999 -9999 -9999 -9999 -9999 -9999 -9999 -9999 -9999 -9999 -9999 -9999 4.15845E-5 1.88855E-4 2.47936E-4 3.04011E-4 4.64429E-4 2.5718E-4 2.60285E-4 2.85704E-4 3.87715E-4 5.80781E-4 6.36195E-4 9.07324E-4 5.47402E-4 6.39517E-4 3.67081E-4 1.65943E-4 5.59029E-5 1.4915E-4 3.86144E-5 1.41459E-4 6.09642E-5 3.95284E-5 1.3137E-5 2.92004E-5 2.1973E-5 1.07812E-4 2.23375E-4 3.64737E-4 2.36115E-4 1.24284E-4 1.63427E-4 3.89616E-5 5.9584E-5 2.40516E-4 2.49853E-4 7.11481E-5 8.37084E-5 1.69949E-4 1.47627E-4 1.47761E-4 1.59698E-4 1.63874E-4
-9999 -9999 -9999 -9999 -9999 -9999 -9999 -9999 -9999 -9999 -9999 -9999 -9999 -9999 -9999 -9999 -9999 -9999 -9999 -9999 -9999 -9999 -9999 -9999 -9999 1.16687E-4 2.32874E-4 2.76982E-4 2.87798E-4 2.9331E-4 3.56453E-4 3.61E-4 4.08706E-4 5.93563E-4 7.09338E-4 8.03661E-4 5.04096E-4 5.8534E-4 2.95154E-4 2.09011E-4 4.08442E-5 1.98659E-4 2.39837E-4 9.37981E-5 1.73886E-4 9.25987E-5 1.33917E-5 2.83095E-4 2.18728E-4 9.78374E-5 4.47963E-4 3.65696E-4 1.83614E-4 1.65502E-5 3.09731E-5 3.11236E-4 1.4755E-4 1.31529E-4 3.95892E-5 8.40429E-5 1.25635E-5 6.39357E-5 1.03313E-4 1.05466E-4 1.99875E-4 8.05818E-6
-9999 -9999 -9999 -9999 -9999 -9999 -9999 -9999 -9999 -9999 -9999 -9999 -9999 -9999 -9999 -9999 -9999 -9999 -9999 -9999 -9999 -9999 -9999 -9999 -9999 -9999 2.34856E-4 2.46734E-4 2.70067E-4 3.72886E-4 7.27543E-4 4.66205E-4 4.5193E-4 5.56581E-4 7.58128E-4 1.43394E-3 4.53139E-4 4.71304E-4 2.45086E-4 1.40677E-4 2.30082E-5 1.19346E-4 1.57705E-4 2.81915E-5 5.64972E-5 9.90479E-5 1.62399E-4 3.31503E-4 4.83083E-4 2.67288E-4 2.41596E-4 2.68427E-4 2.09994E-4 6.54425E-5 4.5943E-5 2.77968E-4 1.9948E-4 3.13775E-4 2.11881E-4 2.55927E-4 4.73024E-5 9.75082E-5 1.62556E-4 1.51366E-5 2.58744E-5 6.94306E-5
-9999 -9999 -9999 -9999 -9999 -9999 -9999 -9999 -9999 -9999 -9999 -9999 -9999 -9999 -9999 -9999 -9999 -9999 -9999 -9999 -9999 -9999 -9999 -9999 -9999 -9999 1.47216E-4 2.38085E-4 3.21645E-4 4.88461E-4 5.89141E-4 5.82833E-4 5.68065E-4 6.96545E-4 8.11895E-4 8.96323E-4 7.07612E-4 3.82301E-4 2.97059E-4 4.90189E-5 1.77345E-4 2.8153E-4 1.2564E-4 2.39087E-5 1.23656E-4 7.96243E-5 1.9469E-4 4.53209E-4 3.26647E-4 2.86007E-4 5.84717E-5 1.65126E-4 2.98533E-5 5.84862E-5 1.22678E-4 2.61031E-4 2.82428E-4 8.42752E-5 1.79358E-4 1.0281E-4 1.02197E-5 7.89081E-5 7.19205E-5 1.05747E-5 7.59965E-5 1.04736E-4
-9999 -9999 -9999 -9999 -9999 -9999 -9999 -9999 -9999 -9999 -9999 -9999 -9999 -9999 -9999 -9999 -9999 -9999 -9999 -9999 -9999 -9999 -9999 -9999 -9999 -9999 -9999 2.11277E-4 3.66663E-4 4.09143E-4 5.87006E-4 5.09414E-4 5.72162E-4 8.36181E-4 1.16225E-3 8.16141E-4 6.28838E-4 3.7991E-4 3.57224E-4 2.67821E-4 1.28299E-4 1.01995E-4 2.19623E-4 3.09322E-4 4.27547E-4 2.1573E-4 2.25774E-4 2.39484E-4 3.65024E-4 3.91063E-4 1.08043E-4 1.84421E-4 2.47224E-5 4.90444E-6 1.46057E-5 1.72998E-4 1.42488E-4 1.68972E-4 3.81473E-4 8.5496E-5 2.27236E-6 1.79744E-4 5.43651E-6 1.79743E-5 9.81299E-6 1.37204E-4
-9999 -9999 -9999 -9999 -9999 -9999 -9999 -9999 -9999 -9999 -9999 -9999 -9999 -9999 -9999 -9999 -9999 -9999 -9999 -9999 -9999 -9999 -9999 -9999 -9999 -9999 -9999 2.03195E-4 3.07541E-4 3.38856E-4 4.52643E-4 4.4455E-4 6.02248E-4 6.72189E-4 6.65275E-4 6.00151E-4 5.95276E-4 6.05482E-4 6.54496E-4 3.55547E-4 4.36937E-4 1.90722E-4 1.08647E-4 2.04973E-4 4.97335E-4 1.83218E-4 3.27414E-4 1.40183E-4 2.12442E-4 7.66681E-5 2.58046E-4 2.26237E-4 1.49089E-4 7.23911E-5 9.93117E-5 8.53886E-5 1.76932E-4 2.83206E-4 3.04592E-4 2.2845E-5 5.69744E-5 2.84654E-5 5.31746E-5 8.54408E-6 1.11406E-5 2.65609E-5
-9999 -9999 -9999 -9999 -9999 -9999 -9999 -9999 -9999 -9999 -9999 -9999 -9999 -9999 -9999 -9999 -9999 -9999 -9999 -9999 -9999 -9999 -9999 -9999 -9999 -9999 -9999 -9999 1.54358E-4 2.49947E-4 3.36308E-4 6.06663E-4 5.99789E-4 6.4259E-4 8.39891E-4 7.57451E-4 6.89736E-4 5.27994E-4 4.49095E-4 2.26834E-4 2.82797E-4 3.09913E-4 3.07268E-4 2.08904E-4 2.45163E-4 8.91242E-5 6.705E-5 4.11043E-4 2.33495E-4 1.74624E-4 1.65606E-4 2.02799E-4 1.14728E-4 1.65254E-4 1.55216E-4 1.29333E-4 1.85501E-4 2.34026E-4 2.01539E-4 1.23448E-4 9.53743E-5 2.54609E-5 1.46628E-5 2.80068E-5 7.41547E-6 1.1259E-6
-9999 -9999 -9999 -9999 -9999 -9999 -9999 -9999 -9999 -9999 -9999 -9999 -9999 -9999 -9999 -9999 -9999 -9999 -9999 -9999 -9999 -9999 -9999 -9999 -9999 -9999 -9999 -9999 4.94376E-5 1.63094E-4 3.00957E-4 4.49175E-4 5.31839E-4 6.97105E-4 6.96025E-4 6.53818E-4 1.0466E-3 6.15603E-4 4.99268E-4 4.24474E-4 2.73351E-4 2.76424E-4 2.45464E-4 2.30528E-4 3.92075E-4 2.62043E-4 1.53411E-4 2.64584E-4 2.86392E-4 4.18355E-4 2.19522E-4 1.24711E-4 1.62671E-4 7.15808E-5 1.81423E-4 2.60326E-4 1.83322E-4 1.91388E-4 3.09315E-4 4.47118E-5 6.47547E-5 7.96084E-5 2.00907E-4 5.18809E-5 4.19081E-5 4.06321E-5
-9999 -9999 -9999 -9999 -9999 -9999 -9999 -9999 -9999 -9999 -9999 -9999 -9999 -9999 -9999 -9999 -9999 -9999 -9999 -9999 -9999 -9999 -9999 -9999 -9999 -9999 -9999 -9999 4.08968E-5 4.53699E-5 1.71984E-4 2.37853E-4 3.08851E-4 3.13238E-4 5.34853E-4 6.47231E-4 6.90304E-4 6.17273E-4 5.04197E-4 5.25395E-4 2.14744E-5 1.18969E-4 2.13928E-4 1.61158E-4 2.91898E-4 2.79325E-4 1.52266E-4 2.55801E-4 4.52292E-4 2.39116E-4 3.53207E-4 9.98031E-5 8.65802E-5 1.26581E-4 2.43714E-4 2.40628E-4 1.41412E-4 1.56523E-5 1.5872E-4 8.77028E-5 1.38905E-4 1.93689E-4 1.00627E-4 1.15447E-4 3.12221E-5 4.5294E-5
-9999 -9999 -9999 -9999 -9999 -9999 -9999 -9999 -9999 -9999 -9999 -9999 -9999 -9999 -9999 -9999 -9999 -9999 -9999 -9999 -9999 -9999 -9999 -9999 -9999 -9999 -9999 -9999 -9999 2.07417E-5 3.40932E-5 8.56684E-5 2.18212E-4 2.33614E-4 3.82508E-4 6.87605E-4 6.3754E-4 6.26253E-4 4.58411E-4 3.19611E-4 9.81907E-5 1.38244E-4 1.84152E-4 1.74119E-4 1.14482E-4 9.91741E-5 1.1466E-4 1.36436E-4 1.94395E-4 3.20347E-4 5.55085E-4 2.48137E-4 1.32203E-4 1.55138E-4 2.20057E-4 1.90465E-4 1.08419E-4 1.02777E-4 6.24212E-5 1.26187E-4 6.10786E-5 1.84851E-5 5.66617E-5 1.49385E-4 2.56449E-5 2.58942E-4
-9999 -9999 -9999 -9999 -9999 -9999 -9999 -9999 -9999 -9999 -9999 -9999 -9999 -9999 -9999 -9999 -9999 -9999 -9999 -9999 -9999 -9999 -9999 -9999 -9999 -9999 -9999 -9999 -9999 -9999 4.2528E-5 6.2351E-5 2.27185E-4 5.3912E-4 5.09194E-4 9.604E-4 6.32252E-4 6.45652E-4 5.37813E-4 4.14974E-4 3.68686E-4 1.20661E-4 1.26334E-4 2.96468E-4 1.35238E-4 5.08135E-5 4.61881E-5 1.76626E-4 2.31639E-4 4.45845E-4 5.65598E-4 2.66783E-4 1.84316E-4 1.95886E-4 2.98504E-4 2.0353E-4 5.10654E-5 1.3816E-4 7.27397E-5 6.11808E-5 9.05349E-6 1.75413E-4 4.3541E-4 4.11557E-4 4.40632E-4 3.77672E-4
-9999 -9999 -9999 -9999 -9999 -9999 -9999 -9999 -9999 -9999 -9999 -9999 -9999 -9999 -9999 -9999 -9999 -9999 -9999 -9999 -9999 -9999 -9999 -9999 -9999 -9999 -9999 -9999 -9999 -9999 -9999 3.80076E-5 9.95291E-5 4.67893E-4 6.65937E-4 7.98511E-4 6.7486E-4 7.03154E-4 8.48453E-4 7.11792E-4 5.42617E-4 4.02015E-4 3.60167E-4 3.50397E-4 4.53904E-4 2.9746E-4 2.2022E-4 4.06404E-5 4.18985E-5 4.18038E-4 4.66013E-4 2.99539E-4 2.58199E-4 2.85938E-4 3.87751E-4 2.82975E-4 1.3258E-4 1.08034E-4 4.97915E-5 1.0471E-4 6.533E-6 2.9721E-4 3.56435E-4 3.05672E-4 2.92038E-4 2.41927E-4
-9999 -9999 -9999 -9999 -9999 -9999 -9999 -9999 -9999 -9999 -9999 -9999 -9999 -9999 -9999 -9999 -9999 -9999 -9999 -9999 -9999 -9999 -9999 -9999 -9999 -9999 -9999 -9999 -9999 -9999 -9999 -9999 3.71266E-5 1.56825E-4 4.25813E-4 6.78321E-4 6.25397E-4 7.70341E-4 8.91905E-4 7.66697E-4 5.14677E-4 4.85959E-4 4.82511E-4 4.77658E-4 3.32771E-4 1.15953E-4 1.80013E-4 1.03847E-4 2.95437E-4 4.50751E-4 4.8259E-4 3.59305E-4 2.92721E-4 4.23197E-4 3.82682E-4 6.39279E-5 2.13759E-4 2.92183E-5 1.35789E-4 9.96353E-5 2.3757E-5 1.83262E-4 4.58836E-6 2.34861E-5 6.44331E-5 1.78401E-4
-9999 -9999 -9999 -9999 -9999 -9999 -9999 -9999 -9999 -9999 -9999 -9999 -9999 -9999 -9999 -9999 -9999 -9999 -9999 -9999 -9999 -9999 -9999 -9999 -9999 -9999 -9999 -9999 -9999 -9999 -9999 -9999 5.12388E-5 3.54887E-5 6.52717E-5 5.53641E-4 6.89782E-4 1.08584E-3 1.10157E-3 6.00494E-4 5.01903E-4 5.85146E-4 6.57896E-4 6.20044E-4 6.99532E-4 3.52519E-4 3.25247E-4 2.9571E-4 3.19856E-4 4.32783E-4 4.02145E-4 3.78926E-4 3.89066E-4 4.25514E-4 2.13001E-4 1.15553E-5 8.83996E-5 9.01295E-5 5.71596E-5 1.67795E-4 1.09695E-5 4.42495E-5 1.15496E-4 8.33647E-6 2.232E-6 6.40464E-5
-9999 -9999 -9999 -9999 -9999 -9999 -9999 -9999 -9999 -9999 -9999 -9999 -9999 -9999 -9999 -9999 -9999 -9999 -9999 -9999 -9999 -9999 -9999 -9999 -9999 -9999 -9999 -9999 -9999 -9999 -9999 -9999 2.15483E-5 2.39872E-5 1.07071E-4 4.58372E-4 6.16878E-4 7.45297E-4 8.45715E-4 5.94703E-4 5.48489E-4 7.07275E-4 8.10891E-4 1.0339E-3 8.66984E-4 6.36533E-4 7.32024E-4 5.78875E-4 2.82913E-4 1.34761E-4 1.68727E-4 1.82327E-4 2.00432E-4 2.03986E-4 9.32062E-5 2.90721E-5 1.11395E-4 2.35072E-5 5.38101E-6 9.53311E-5 9.32081E-5 8.10514E-5 1.21139E-4 1.89071E-5 6.2161E-5 1.65059E-4
-9999 -9999 -9999 -9999 -9999 -9999 -9999 -9999 -9999 -9999 -9999 -9999 -9999 -9999 -9999 -9999 -9999 -9999 -9999 -9999 -9999 -9999 -9999 -9999 -9999 -9999 -9999 -9999 -9999 -9999 -9999 -9999 -9999 1.96377E-5 4.87924E-5 1.4989E-4 2.67513E-4 5.4361E-4 7.99383E-4 5.7943E-4 3.4881E-4 6.24273E-4 1.00552E-3 9.9979E-4 1.43316E-3 1.21106E-3 1.90426E-3 7.78252E-4 3.4304E-4 3.33092E-5 2.33492E-5 1.72181E-4 1.00682E-4 1.29644E-4 1.46966E-4 7.84178E-5 8.02245E-5 8.25856E-7 1.11505E-6 1.79338E-5 8.65791E-5 1.48509E-4 1.12697E-4 3.371E-4 1.51508E-4 1.00528E-4
-9999 -9999 -9999 -9999 -9999 -9999 -9999 -9999 -9999 -9999 -9999 -9999 -9999 -9999 -9999 -9999 -9999 -9999 -9999 -9999 -9999 -9999 -9999 -9999 -9999 -9999 -9999 -9999 -9999 -9999 -9999 -9999 -9999 -9999 3.20915E-5 8.62044E-5 8.54887E-5 3.34925E-4 6.62236E-4 2.99183E-4 9.99466E-5 4.56089E-4 9.728E-4 7.82539E-4 8.86148E-4 1.49907E-3 1.05256E-3 4.16282E-4 1.19625E-4 1.71282E-4 1.53269E-5 1.56185E-5 1.31533E-5 7.12012E-7 6.98659E-5 7.23626E-5 4.79108E-5 1.0726E-5 6.21253E-7 1.63972E-6 1.38603E-5 6.212E-5 1.07023E-4 4.42913E-4 2.77065E-4 1.4005E-4
-9999 -9999 -9999 -9999 -9999 -9999 -9999 -9999 -9999 -9999 -9999 -9999 -9999 -9999 -9999 -9999 -9999 -9999 -9999 -9999 -9999 -9999 -9999 -9999 -9999 -9999 -9999 -9999 -9999 -9999 -9999 -9999 -9999 -9999 -9999 3.15472E-5 1.25325E-4 1.16893E-4 3.11958E-4 6.83589E-5 1.87121E-4 6.58956E-4 7.39817E-4 6.93364E-4 8.174E-4 6.87909E-4 3.78918E-4 1.85649E-4 5.28882E-5 2.60274E-5 1.3058E-5 1.69707E-6 1.28463E-5 1.45938E-6 2.15419E-5 4.52736E-5 1.02825E-4 8.70956E-5 1.46121E-5 2.68969E-5 2.16035E-5 5.4903E-5 4.9556E-5 4.12943E-4 2.84857E-4 2.56366E-4
