catData/variables/futureClimate2070/rcp85/bcc_csm1_1_m_2070_rcp85/bio11.asc
NCOLS 409 
NROWS 350 
XLLCORNER 60.897278365 
YLLCORNER 5.843756025 
CELLSIZE 0.0892857 
NODATA_value -9999 
[rows 130 to 155 of 350, columns 177 to 235 of 409]
22.130463114 21.8644464559999 21.4957065767248 21.1412288059999 21.0980701988658 21.6817557560001 21.4870323775435 21.155514726 21.037207992047 20.91963939 20.9485269156377 21.146318756 21.330302218 21.4822440969764 21.700058394819 21.851730738 21.9 21.9 21.9143680319997 21.999941488 22.107084328 22.1956507053862 22.117908772 22.0090232389769 21.883983702 21.8 21.8 21.762555182 21.6641690860465 21.6094798357488 21.6 21.5870348253395 21.58036061 21.5158295470698 21.587444698 21.6760111225208 21.701730378 21.8071305721115 21.8835060660932 21.923158898 22 21.9699093087073 21.910882693088 21.9 21.8526892193213 21.81963939 21.81963939 21.8038686420647 21.72972910014 21.7010630216553 21.6192996014506 21.592869620754 21.5164939810413 21.4813895611634 21.4136883606319 21.362555662 21.2195822937774 21.067909372 21.01963939
22.2376059539999 21.9715892959999 21.6501607759999 21.3287322559999 21.2071884849788 21.7836231228586 21.6878664646958 21.369800406 21.2237840763705 21.05356446 21.069580998 21.199883216 21.3757510682802 21.5190601608856 21.7297473013946 21.851730738 21.9 21.9 21.9927529387439 22.107084328 22.1908074635815 22.2253327162558 22.1719506500932 22.0822530839999 21.883983702 21.8062025336052 21.8186666845575 21.7725837392798 21.7028990917656 21.621487272 21.57321777 21.5248821966291 21.4804063835335 21.4947243983038 21.5640250578589 21.57321777 21.6754115818159 21.8023764456532 21.842798288 21.949941128 22.02678223 22.0167537369975 21.9673540868398 21.92678223 21.92678223 21.92678223 21.9071886778108 21.8412049460265 21.8033626541362 21.7307452897011 21.725052092 21.62678223 21.610766412 21.5205798249495 21.4778139188878 21.389337892 21.282195052 21.175052212 21.12678223
22.344748794 22.0962819064981 21.791228686 21.4698001659999 21.2698712310918 21.8218585252438 21.8505162496962 21.550161016 21.332194212 21.2369354782581 21.2784330562719 21.372386990802 21.5 21.537445058 21.674049320392 21.817805668 21.886047832548 21.922396116018 22.080243586 22.186984625042 22.229665756428 22.2643349082041 22.06607493 22.0513383408379 21.8894172423079 21.8492274542221 21.869698022 21.8 21.7259510781878 21.5646449643421 21.4800271788722 21.46607493 21.4177351600678 21.4530593964622 21.46607493 21.5302527069556 21.6367987940523 21.808873218 21.916016058 22.023158898 22.1 22.0752585212977 22.03392507 22.03392507 21.9939795905847 21.96607493 21.9177353186476 21.8455152397647 21.8040365891752 21.8 21.798269862 21.6969898360024 21.650059112 21.542916272 21.46607493 21.4413336098775 21.3705390533475 21.2997444968175 21.2478774817125
22.4518916339999 22.237605954 21.9644464559999 21.6701295976924 21.435816824 21.7320358804091 21.9615118080016 21.737217088103 21.5207620447943 21.391009518 21.48213582 21.4862730529728 21.5124444876163 21.5631350652811 21.6628992158216 21.792798648 21.9241196360268 22.048152238 22.1984093577679 22.24106791 22.2926010395626 22.24425744554 22.0396464527146 21.9537027757453 21.9 21.9095109739506 21.910765932 21.8256901058441 21.755412342 21.596539004 21.4169486125361 21.35893209 21.3889769696691 21.4 21.4359117098744 21.5913978610229 21.701730378 21.808873218 21.916016058 22.023158898 22.1 22.1 22.1 22.0787554642018 21.941185894 21.85893209 21.8288873088938 21.6902391402088 21.746376548 21.7200870635859 21.675066132 21.5752111852387 21.549493633722 21.4958628956493 21.48213582 21.4667582129701 21.44106791 21.4198234727648 21.341127142
22.5590344739999 22.344748794 22.0715892959999 21.8161774339999 21.637162496682 21.6795974571653 22.0919386881528 21.9134331211121 21.7455834936232 21.5967390452829 21.6 21.5880059318291 21.5639040414356 21.6 21.6891757960001 21.9016102915407 22.0857852624944 22.214227168 22.2860993810238 22.3 22.3 22.3 22.144749514 21.9439327893473 21.907721577388 21.9602046938767 21.9843068328586 21.910765932 21.7821270476707 21.6214786650645 21.430464074 21.3163838554648 21.373159018 21.4387141280057 21.535655448 21.5971969265237 21.749941128 21.857083968 21.964226808 22.0602045695825 22.1146086951528 22.1301584381119 22.0355122141296 21.8537584012825 21.641200054 21.5907730288294 21.5692686175646 21.5524941565999 21.5970760789648 21.5545924477705 21.5473147245058 21.505294478 21.5964215 21.6084151952883 21.64821075 21.610766412 21.54821075 21.5214201616529 21.437548642
22.721530904 22.4786102705348 22.211320907833 21.9786738639999 21.837547682 21.7218067261261 22.0404177993904 21.9626023570185 21.798269142 21.7009501228175 21.7018414512233 21.65535359 21.65535359 21.65535359 21.7198483837515 21.9838270346166 22.214227168 22.321370008 22.3148573142796 22.3 22.3484039124563 22.3029958591758 22.1974967231922 22.0415683544398 21.9071507020719 21.9702852385921 22.038580357336 21.941828130968 21.8048328327998 21.703623092 21.537606914 21.389337412 21.3880164651283 21.480301858 21.587444698 21.7047151959512 21.8580417943436 22.0146687532885 22.071369648 22.1425343085525 22.0967555383692 22.0311213238166 21.8742191856539 21.5875401161614 21.3041349972872 21.310662348 21.2636543899537 21.2697910196089 21.3269892867591 21.33393923 21.3824164139798 21.613784489863 21.7642189202309 21.7850688828023 21.6832270330332 21.5657485013305 21.4833004374054 21.5732808320706 21.5737153824386
22.9011861484534 22.6697999259999 22.407245224 22.1929595439999 22.0061112875441 21.801891754 21.8062315061714 21.8716248444578 21.7993508664584 21.765824383541 21.7939932264596 21.7480226455398 21.7 21.7468036489229 21.8974466024621 22.1620823775374 22.383866438 22.4084934690722 22.3725626664645 22.36249643 22.3952914035343 22.3645262064663 22.3221806675331 22.1447495139999 21.9825156589363 22.0903866625937 22.069698022 21.94851203847 21.86249643 21.810765932 21.6079560195281 21.4752415764724 21.4167746555269 21.5304876524737 21.649941128 21.7925576715251 21.9034607560001 22.1 22.0959971290465 22.0373747575226 21.8253964585661 21.550132264 21.4528869644792 21.3258552534393 21.116134042 21.141023078 21.0744112084816 21.0876892144822 21.0781451290343 21.07500714 21.0830089664842 21.5441589370307 21.6085078990294 21.5122538650281 21.1943487830269 20.9954032394614 21.0141957760001 21.3707279249302 21.6
23.0561019858098 22.920110681443 22.691170174 22.4768844939999 22.262598814 22.048313134 21.7996802647811 21.7983568827573 21.8012053568759 21.86963927 21.86963927 21.8626079137757 21.83927854 21.8880921909577 22.058815066 22.2888065756912 22.458873578 22.4799569335753 22.46963927 22.46963927 22.46963927 22.46963927 22.3977439537417 22.2580717653749 22.1490038699836 22.176840862 22.069698022 21.988631479908 21.96963927 21.917908772 21.7340182188078 21.5473321711177 21.5287357941487 21.6439606282924 21.757083968 21.864226808 21.9706899807851 22.0180022415185 21.8081453367561 21.391439524029 21.372800516281 21.1944214263213 21.1824867131859 21.1293100920806 21.1231244933472 21.2512674953069 21.3376535098802 21.3166550468532 21.2823690342066 21.27855708 21.2811834926341 21.418002575787 21.2862196707397 21.2003418687459 20.9512989900125 20.8132025763605 20.8277634407272 20.9739148707515 21.0018872114607
23.2193285068339 23.113040290432 22.935816584 22.7722198869639 22.584027334 22.1847681655128 21.9719489715233 21.8083108679448 21.878512968 21.9699686974405 21.9 21.9177822590913 22.0233154747145 22.1390402823769 22.2427400160001 22.3378658395351 22.4725002188418 22.6274709086869 22.5973909980473 22.57678211 22.57678211 22.57678211 22.475051492 22.367908652 22.27678211 22.2358408971857 22.069698022 22.0287509213461 22.07678211 22.025051612 21.7686270517123 21.5925627628195 21.649941128 21.757083968 21.864226808 21.971369648 21.9192320277818 21.6546859919839 21.2364950948985 21.1107540149257 21.1323649316061 21.137444578 21.2581180630048 21.3700659136009 21.466001538 21.5377834557346 21.5705501446014 21.5581377686646 21.55356422 21.55356422 21.4754536735377 21.3890669037282 21.27678211 21.2482465002601 21.123262722 20.9873693292081 20.8871343119422 20.848269982 20.741127142
23.3767573845224 23.316118922 23.150102264 22.9464287947818 22.7990050261167 22.36633821 22.107016400086 21.9741318608125 22.0681281362889 22.075051252 21.9973668215082 22.091009278 22.2030232146946 22.346776442408 22.4661099037949 22.4756092080011 22.5456513922006 22.7214206637983 22.710765692 22.68392495 22.68392495 22.68392495 22.582194332 22.475051492 22.3704832799116 22.3119906089608 22.321472872 22.2577941232159 22.2304297303173 22.0887796574187 21.7645066479999 21.6554040443785 21.695685298723 21.6455152696488 21.719594798 21.7473550940273 21.5576568471286 21.1657965350795 21.0429579873369 21.2227971371342 21.3772055684657 21.473144378 21.5500346994744 21.619580158 21.6773137799401 21.68392495 21.68392495 21.68392495 21.68392495 21.6045426074472 21.4997218794514 21.4676053296499 21.3 21.276841342 21.169698502 21.0565364659443 20.9465051831571 20.848269982 20.6917181253599
23.4406054318788 23.439336812 23.273320154 23.1191543854724 23.008976082 22.7268830190698 22.4893808039999 22.1974047068052 22.2805593258714 22.1902751726599 22.198152118 22.305294958 22.412437798 22.5229253092152 22.6316730033161 22.7292456198473 22.832076948 22.8248771272707 22.793465261441 22.79106779 22.79106779 22.79106779 22.689337172 22.582194332 22.4896371806284 22.4842042028404 22.460765812 22.3569676217779 22.255412342 22.096539004 21.8181212958158 21.6368450193058 21.60893221 21.6748886068191 21.6988785340592 21.7 21.2293300200195 21.3885720826035 21.5638533859343 21.6594761528061 21.6483148617436 21.5944124183406 21.6 21.6046206552781 21.6625466392531 21.7601192557844 21.79106779 21.79106779 21.7114340546219 21.605412702 21.5 21.4903344689718 21.376482538497 21.2979314200343 21.2331713874344 21.062555662 20.955412822 20.848269982 20.8967111267618
23.6078491542948 23.499074341399 23.380462994 23.2970293477268 23.223261762 22.8766488139455 22.6233202739999 22.4073420643823 22.494690402 22.39642126 22.412437798 22.519580638 22.5969634787982 22.5988806606343 22.6883779535296 22.849941368 22.957084208 22.9970293520213 22.8527209236297 22.8 22.885880224513 22.89821063 22.796480012 22.6980518510046 22.69642126 22.6736765246676 22.5381488885037 22.362555182 22.255412342 21.9949293080241 21.6269587259999 21.5023974663157 21.6454892349592 21.4630526454259 21.3194881211925 21.6787375478851 21.7910251208649 21.8826562561028 21.7809783750741 21.7 21.6994577897908 21.6614360740454 21.5562104158814 21.2985709208702 21.167819948 21.5343014624409 21.7736390667741 21.4845411002479 21.6632320344077 21.605412702 21.59821063 21.589337652 21.4664655762426 21.2772557360786 21.2007049581705 21.2710892527474 21.4358340388261 21.488338138577 21.4895813165184
24.0870700211827 23.8177665892241 23.5951609818155 23.51070694 23.51070694 23.269799926 22.8609262279998 22.621530904 22.7037152729638 22.6013581912396 22.5222274485569 22.633866318 22.74263137815 22.8889459160535 23.052907838257 23.157084208 23.2022016906638 23.1375177511327 23.0361107709292 22.8544016927258 22.889461332433 22.9844603213622 22.9052608218846 22.899524962088 22.8794876597085 22.7756010444949 22.664344552 22.482312076 22.205471214 21.9449937893825 21.7990499370243 21.7321645082843 21.5693481483237 21.5343106876324 21.785764406978 21.9953978095883 22.003623092 21.9048784449363 21.883983942 21.7987601953432 21.7578560141867 21.5314726749994 21.2078586680463 20.996539484 21.076619294 21.5960956280001 21.8 21.719698382 21.6078742291743 21.6639153148888 21.5808498036751 21.3899825750766 21.2624376519762 21.4640118205748 21.6291662415801 21.6424861091969 21.5334193943961 21.4294402210054 21.3323202251647
24.4859763539477 24.2434939447538 23.8711459863877 23.7292392837647 23.72499262 23.4941204350937 23.0877082179999 22.8246728700957 22.8247763266187 22.7958577988105 22.657025696 22.851046065669 22.9943067069019 23.1577584274727 23.2180681519566 23.2702589246143 23.253622732 23.21249631 23.21249631 23.1422290111026 22.9501027439999 22.842224823961 22.9859893353902 22.891126542 22.7979985537514 22.7440794516777 22.5621247637859 22.3720313670724 22.110824684 21.948269502 21.8116813032953 21.7664844125061 21.9030115406356 22.1507517375543 22.2 22.1172324139699 22.0853408452019 21.953637852 21.846495012 21.7451401873733 21.5587145946951 21.2344064067296 21.1373444900257 21.0038687310174 21.1214651888327 21.6048330866907 21.7600772469267 21.6897826202406 21.5329004556484 21.1932467278936 21.3532293125921 21.5618902743259 21.8104949237337 21.7739473643044 21.6041723342493 21.3095216171079 21.1653608520506 21.1223973376493 21.211889944317
24.7414039873919 24.6263367183659 24.2680338448554 23.9866097210207 23.9249103964485 23.7748051706133 23.3723240983247 22.959863360737 23.017908292 22.9125081708607 22.871311376 23.0810487510156 23.249941368 23.3269930411082 23.37510951383 23.41963915 23.3723278422938 23.3263132366443 23.31963915 23.31963915 23.1619227165412 23.1207020643969 22.9392783 22.930404842 22.8201165372113 22.696480012 22.5465863687371 22.3264040940515 22.1588596210361 22.0376652422939 22.1240193528402 22.291333057335 22.3249104907165 22.239337292 22.21963915 22.1639105845926 21.9176115921239 21.6928694065928 21.6067685096547 21.5578889872835 21.649940888 21.5096792756805 21.0522294341956 21.0951486899281 21.4481611378966 21.646376788 21.5327233267479 21.5430876627886 21.6463619080001 21.7349286066648 21.7399890848089 21.7874912505411 21.8478512525207 21.7431398611652 21.5833866953555 21.462555662 21.3283387295363 21.342738336 21.4750269002162
24.964387704 24.7741238312902 24.5549137060987 24.2555140059999 24.0608109125616 23.9679862161329 23.5163380899998 23.169799926 23.1259782484329 23.077969417089 23.0813075083945 23.249941368 23.3651997449946 23.480980506311 23.52678199 23.52678199 23.52678199 23.4784460824671 23.4339704748384 23.4052754901438 23.312555062 23.205412222 23.1798824760603 23.144690522 23.021531384 22.830404842 22.7616794527178 22.6880684508245 22.5012637541068 22.5225895655961 22.6076844050084 22.5430853658096 22.4464344228849 22.346480132 22.2799431294522 21.9134581210948 21.628512368 21.7244055656426 21.7 21.7062024137465 21.748968319559 21.6602500911355 21.29619790932 21.3371436699019 21.5583167644381 21.646361908 21.8070701493919 21.85356398 21.8941697060058 21.8746676393084 21.8175838501584 21.7 21.7 21.7 21.6393970039999 21.4525273231413 21.3493353428935 21.4369683942478 21.5348651308268
25.1410766240333 24.9126567259999 24.669030156658 24.4467421039963 24.221530664 24.1406072283475 23.7263645679795 23.384085606 23.269580518 23.358975962 23.2784326147116 23.3649409876156 23.5078941441146 23.6127031722699 23.63392483 23.63392483 23.6139520687486 23.6223959575786 23.560765572 23.3991380315341 23.3379613251202 23.3035145377746 23.4316071027855 23.2941368475416 23.2073257358688 23.052547220196 23.0217965734769 23.030404842 22.9527233728225 22.882194332 22.775051492 22.6018924739999 22.5091057575138 22.419698142 22.2547760691405 21.6984882634677 21.7350681802052 21.791126782 21.7054334204492 21.7492271112237 21.8 21.7257752942921 21.6169006957579 21.669880175915 21.7795754891756 21.899940768 21.9822646169334 21.9727578126062 21.9082960957209 21.8375012820481 21.6344810752495 21.6690853127024 21.7054333390296 21.7260682946432 21.6496767356839 21.459036154 21.2296243496616 21.2376407333346 21.4438758520147
25.177243639373 25.0448070659999 24.7475566512926 24.4937165022425 24.3015905652123 24.2116082911721 23.8861309851318 23.557303616 23.4420877049484 23.4984147440229 23.4887129589713 23.5504997321378 23.6535120848909 23.7042025851493 23.7227564591894 23.7 23.6653044287302 23.67997268331 23.626840742 23.4250501072194 23.4336686794305 23.535655448 23.4972494884892 23.34106767 23.3184738515911 23.2 23.2 23.1779328962883 23.0781688997518 22.948269502 22.8169487538322 22.6540112801276 22.4967962779125 22.4116085740473 22.312555302 21.9047521059339 21.7992893740732 21.7464150881133 21.633880718 21.7273754798063 21.7713765477661 21.8153776157259 21.8673440743143 21.9 21.9 21.9389047304348 21.95893233 21.9116087154849 21.8640885985553 21.85893233 21.780405202 21.6837204673516 21.709438494716 21.7452843932438 21.6821426212037 21.566178994 21.3073061359999 21.1595504536673 21.17679699
25.0748814592707 24.9982655826435 24.782252364 24.4677603355066 24.2397804449007 24.2 23.9376644659999 23.6618373118767 23.64463153 23.6449491178767 23.664227048 23.74821051 23.7639038741609 23.8 23.7769081550241 23.7232708573834 23.7 23.7 23.626840742 23.519697902 23.542157650579 23.5515957876571 23.4517275515279 23.4439325706435 23.3756889429489 23.24821051 23.2628192481339 23.2603163445472 23.1323206213188 22.9715404750886 22.782253324 22.6658105580963 22.5724331453776 22.4284897241561 22.2703977671262 21.8768246070675 21.7483906638825 21.5290663866975 21.3135706242185 21.6343239208362 21.7639036255714 21.8193923559789 21.85178949 21.8767289112061 21.9283830207986 21.9163838896089 21.9 21.8225723608479 21.716134522 21.8403820362831 21.898269862 21.786849314054 21.6440681824615 21.6259087942619 21.7 21.6431634303159 21.4359446819083 21.192960984 20.9828893996265
24.9506379438287 24.8661971513107 24.726899014 24.483139107761 24.2941772369862 24.2109033157887 23.9860683014364 23.766177314 23.8009580878867 23.8513915411119 23.817857547663 23.85535335 23.85535335 23.8346262559876 23.8 23.748269262 23.7 23.7 23.5863446418618 23.464344552 23.532091588 23.3977013681864 23.4007726629613 23.4406849482638 23.392849259489 23.35535335 23.3688821680608 23.325110364 23.1307315796104 22.941185654 22.7920767036796 22.75535335 22.6743614154198 22.4926406130305 22.0868496750383 21.7180743728966 21.6432868047626 21.5502136716632 21.4392426747953 21.7185668184018 21.7614196770912 21.7792731716836 21.7199660204585 21.7696579887667 21.9361079799918 21.933984062 21.8190083311159 21.6731396996672 21.5087987551076 21.8254124321175 21.953623212 21.8425188845677 21.6858255902071 21.5760324799639 21.64464665 21.6279290074683 21.5355061406934 21.3805276119186 21.1078033671437
24.8136972314419 24.7051739197002 24.5940538771575 24.4054704939999 24.3100662108731 24.1695117602691 23.9079635494112 23.804059398893 23.8006491376957 23.8430495331621 23.9 23.9144737288777 23.9435584582645 23.8859566765933 23.8346304525489 23.7159395216911 23.6742975531667 23.617484507951 23.5658543506468 23.3818225885198 23.3702989934022 23.3040595789113 23.3385853803135 23.4055455731713 23.46249619 23.46249619 23.4435586082553 23.325110364 23.110824684 22.928868594318 22.86249619 22.7799809979327 22.6369073728914 22.3691413367523 21.9517920558209 21.7699385314648 21.6653079883226 21.8194469568196 21.7584933959236 21.728818340896 21.6924268744924 21.6141616073884 21.5515203244082 21.7357899563272 21.8698620564451 21.8502491280428 21.7826291518011 21.6320091202416 21.5344099932323 21.7851146570521 21.998269862 21.891127022 21.7779776400473 21.6480229110949 21.581062718237 21.4907012407586 21.3957895394785 21.323277602 21.0615957528059
24.685772832 24.578629992 24.471487152 24.3443010142696 24.3 24.139395324 23.8985604397409 23.8037688517686 23.8 23.808873698 23.9 23.923159378 23.969697782 23.9 23.855412102 23.6605137398449 23.5482355593545 23.5206354902719 23.4712644627472 23.3316588502337 23.2391041933927 23.1644909589022 23.2345019591764 23.4723330979214 23.5 23.4677444018808 23.35152196555 23.255471334 23.0722360665309 22.9842941190214 22.9286402084882 22.7679676439999 22.5249465210145 22.1954359429831 21.8680268759999 21.9992528078563 21.9784018206364 21.960765812 21.853622972 21.7535113980741 21.6485964255836 21.5336999367204 21.6284528960001 21.7503710344492 21.7428474963781 21.73036097 21.7813080333591 21.6953180318495 21.66963903 21.858813626 21.9310405346417 21.9545869961886 21.7728309216982 21.5910748472077 21.4515221112827 21.4336999153194 21.3461278252092 21.1065823864919 20.8375884524889
24.578629992 24.4317671397223 24.3327668604008 24.3078902965239 24.243826769353 24.062613454 23.7811857311066 23.7971011400327 23.8 23.808873698 23.9 23.9053771744912 23.9161825216319 23.9 23.855412102 23.6050879579987 23.42321813 23.4739067702474 23.3706676956295 23.3045734844936 23.1454132033832 23.1012566167398 23.2779873214111 23.3600626739722 23.4754047737816 23.3356820224645 23.2767335746446 23.205830156957 23.132194212 23.0370622262753 22.8055145124565 22.6389989459418 22.1790496276238 21.7135278077827 21.7798247320416 22.083762614 22.0228163685865 21.991126782 21.8962813708327 21.8714048069558 21.8162265050789 21.652787599192 21.6123929660001 21.671487872 21.5780142644286 21.445059716611 21.5222039758175 21.7976381917033 21.85356374 21.9701124398131 21.901730138 22.0026925592993 21.998313974 21.8018099446793 21.70712748 21.687070892149 21.5198022059999 21.2778122363435 21.089381764
24.555411862 24.396538044 24.3 24.2445957112218 24.142915792 23.955470614 23.7271278680454 23.7152052981988 23.71607529 23.7100545373744 23.6885513692056 23.9 23.8745689514199 23.8475009463358 23.8928323660916 23.6770017579999 23.4345152303969 23.3552082432822 23.370028149344 23.5187113157409 23.4502721646261 23.1975512848542 23.3014524161377 23.3793305543196 23.3404428789477 23.38392471 23.353622732 23.2210738001669 23.1089076946723 23.0048548315719 22.7299912161838 22.5445961140604 22.0039621639999 21.8992264667067 22.1819576440001 22.1064745791868 22.0810202805632 21.9146488944742 21.8865585697701 21.81607529 21.8112041977415 21.6248157590055 21.4587452772531 21.4775160939825 21.2399436952355 21.1984803375609 21.5465877228282 21.8542700919364 21.9 21.8358230669133 21.8192574412991 22.008872978 22.0948508216213 22.0252549254336 21.8584942656778 21.7939807140779 21.6127435161662 21.348269982 21.2810720346904
24.373276762 24.2615130782556 24.20893245 24.142915792 24.035772952 23.848327774 23.6340420939999 23.60893245 23.7 23.707288420726 23.8010129764972 23.9 23.8421022944717 23.7804778049167 23.8593948936949 23.696229329387 23.532193972 23.7256488043519 24.0528132457176 24.1428862895056 24.058960362 23.8487807380241 23.6628487551751 23.5813424828009 23.5600476476214 23.4699770904223 23.3421027530338 23.134042814 23.00893245 22.9525811511314 22.6161509729603 22.2917294060917 22.31430135167 22.433880081315 22.3195031236325 22.110824924 22.0070475068503 21.8757581332836 21.610781292 21.5478875910156 21.5902698495959 21.4077741795849 21.2614853656383 21.1716065759999 20.8554368660423 21.1624603220769 21.2815616428582 21.0396219053851 21.6263927040914 21.192585927501 21.445492453153 22.0007925743234 22.0235176630651 22.095862728907 22.0794284338419 22.0050033675394 21.8345321898562 21.712540182 21.6106561306044
24.257201472 24.2008638272446 24.2 24.0691481247132 23.8567798836921 23.7218397833289 23.61277950435 23.6 23.7033997647843 23.8965795845868 23.8827671191314 23.7790446945446 23.7620144899058 23.971310896 24.051832882 23.9437642635397 23.9513975331216 24.1902826404183 24.3686193487942 24.39642078 24.308975842 24.0143501983339 23.8015787120617 23.9754122445834 23.780404482 23.6505169622495 23.3185676709138 22.8672538957925 22.80357922 22.751848722 22.8139506739908 22.8886890857539 22.7463917384082 22.5383387242428 22.3251106039999 22.110824924 21.900059232 21.7838843780033 21.5682545089756 21.3794596199089 21.3048265470665 21.2647944181753 21.2007979408913 21.0974033241298 20.9390197043018 20.6453527341083 20.3697889339999 20.3117952326423 20.6667751510593 21.3580015173314 20.9176297027227 21.4543085914922 21.9335346253195 22.1 22.1297592193617 22.1600959443827 22.051833602 21.9954950144249 21.935758312
