catData/variables/futureClimate2070/rcp85/bcc_csm1_1_m_2070_rcp85/bio16.asc
NCOLS 409 
NROWS 350 
XLLCORNER 60.897278365 
YLLCORNER 5.843756025 
CELLSIZE 0.0892857 
NODATA_value -9999 
[rows 100 to 124 of 350, columns 336 to 391 of 409]
-9999 -9999 -9999 320.6559412476 287.702105722974 -9999 -9999 -9999 -9999 -9999 -9999 -9999 -9999 -9999 -9999 -9999 -9999 -9999 -9999 295.746999680516 299.292299318978 310.052063136538 318.223300074519 349.69037523647 525.34042243601 905.329157541738 1226.07187759233 1346.70485792899 1172.84932495091 1343.35977291562 1478.13571731299 1366.89160520981 1398.67164770424 1100.43797858883 1328.56219095303 1690.11897414542 1728.34172892543 1538.52875537094 1423.46151467695 1625.8589605285 1852.325318914 1999.40097598076 2105.65906227108 2248.73158999526 2125.93150575717 1868.8067342882 2141.20037047262 2241.78122138784 2203.49676729193 2727.10713224802 2877.11607758495 2762.52413832621 2581.62863912999 2426.47389107826 2326.2195646425 2206.85115239239
307.085642057189 379.86136852896 474.85994377784 362.985460688277 291.334419868122 291.897018445109 284.512547675257 288.594142480577 -9999 -9999 -9999 -9999 -9999 -9999 -9999 -9999 -9999 -9999 -9999 -9999 313.752279810202 348.63225184257 440.673601466312 507.105478243428 679.063004923402 868.82456491278 979.358575793873 1223.50820975305 1434.35261540048 1385.11259993601 1601.21679047688 1512.03824422617 1486.11420142877 1361.4183168149 1484.83567092876 1660.03589994829 1844.46334078134 1911.99946341895 1800.65688840107 1850.10184368617 2017.6549912941 1965.0367159362 2029.94684227558 2018.64034442801 1987.49099848845 1992.33939359354 1806.48128261535 2002.34372080623 2335.17308837041 2684.446535176 2689.80946227999 2566.58673359778 2403.81194174457 2269.10410226548 2190.97994954174 2162.69459771515
335.347436784989 427.146315069141 650.66274303504 393.375771600452 343.613378103531 347.303156949544 315.903669345064 308.448796858372 316.227660899219 -9999 -9999 -9999 -9999 -9999 -9999 -9999 -9999 -9999 -9999 316.849328068569 334.47783871839 373.175915817644 523.932836379009 834.904325139178 1085.54937879071 1176.35133139258 1150.68486303984 1057.57315131036 1230.74225265724 1488.44438222126 1291.98447703854 1404.7219730527 1436.57273171539 1551.76661306175 1271.65354238862 1393.80936946121 1709.66203148975 1958.40065815949 1968.14677153372 1953.98072521124 1942.78559931798 1933.80588635612 1980.81163674923 1857.2640791481 1980.99151865148 2259.37940712796 2268.16658344343 2364.51941291662 2465.60763690047 2473.24171794578 2419.41833708813 2305.17179251635 2167.13687772761 2066.17791675653 2029.76542681034 2037.09890946259
408.519104462512 639.496746582995 990.506504626002 469.311501915184 466.092850125966 411.994522775729 428.722550708623 347.807569361063 363.598862263505 428.904319781308 -9999 -9999 -9999 -9999 311.109371859354 310.930374563653 315.168705735728 319.726395224422 363.846195138897 368.653989245727 431.566910885126 548.320844317704 669.865546992565 829.710134791605 931.853221566705 911.687041243836 1068.5820054717 1216.93472733721 1410.31845532088 1451.04376460506 1352.92589817438 1285.49065079413 1303.4259559135 1676.55606634528 1712.74351911624 1486.10571910651 1599.85466496901 1818.09371032666 1930.25418098672 1906.26599251136 1827.56273820507 1817.26571825816 1927.88649819556 2051.78331715714 2155.99586270626 2202.11117321392 2238.93738357704 2263.62282763132 2269.77124634217 2239.04542103827 2171.44758730182 2064.65515999308 1940.45464469366 1865.58331615135 1876.84579220703 1926.37665128213
469.165790145801 893.61441654243 1147.19096656207 811.548578136401 738.417632198254 564.808510438949 641.056043063235 463.310430364682 476.51688999888 527.758100568051 371.456399590026 346.248685799468 354.409715624581 343.895470800513 338.788492016795 327.689509883585 325.432181528677 338.765432028098 497.267353526083 615.969852135104 701.298850136904 798.59342122643 943.721320651166 1084.88276795268 1091.56845762638 1058.33502646915 1038.42579558939 1134.77935688293 1328.57777710118 1445.06551753466 1548.22053801076 1472.87468439189 1527.0733321525 1688.73941487994 1765.26540101249 1664.06218859073 1734.95624109268 1833.07809457447 1913.395154621 1941.33371828191 1971.65080085127 1994.05240588433 1997.31963819166 2033.58822052379 2098.49812443462 2105.81294652463 2109.57871993606 2100.30655618201 2079.59308263353 2037.73399301998 1968.01911737782 1873.41184342625 1777.0856772343 1735.5953106031 1773.90721100996 1845.8017202354
514.274694076143 780.163736098794 1146.32355236552 1325.05363686498 907.311367136041 707.746332821822 869.574871328021 687.13851260916 663.042179587976 661.519822846587 440.34030633064 450.310590587763 472.751710799755 420.295422526698 370.865157479709 365.294481577644 347.407550553911 417.288660857705 592.10519432584 954.088791405177 1076.55786749613 953.779773354312 1093.16000175915 1392.42774842301 1462.69274199291 1188.06599218351 1012.12178223761 1060.2581946436 1124.55410346402 1188.3788240856 1485.26982127085 1424.98228378179 1357.21713572459 1447.676368346 1488.59657678068 1432.14098008198 1633.39668641283 1866.95176733041 1969.44055411859 2006.56949339174 1984.69570064351 2015.70929875472 2040.75555636664 2033.43686297856 2018.02160680538 1995.55120610609 1975.23929721966 1953.58690029646 1923.26466011781 1877.39032771013 1813.77224427802 1734.93718035235 1669.04486356677 1664.24033255829 1718.94068496995 1799.10103803494
574.984883620238 867.269168910711 1118.56630581074 1435.91669920838 812.973324202339 736.379066163613 1008.53113125641 908.021441077028 952.726019327321 941.40040180108 744.798559934738 699.457964594153 552.275845377001 433.824303294128 419.702736392497 499.750006817978 471.012482735948 636.453280650428 753.209447449215 902.712643524054 1169.82576278512 1311.87832949268 1409.83596834633 1511.69748773843 1482.35814051639 1190.21081991077 848.170648901801 845.307387542385 1073.95398431067 1167.40618487931 1432.12365860797 1396.92056937609 1348.81247966473 1253.55397459077 1165.99607740039 1393.94499549469 1784.7761806491 1989.73862176397 2019.19174867175 2035.16038749022 2032.74529468341 2012.47778583739 1989.61314958806 1959.10445610077 1924.73788448908 1886.22056031659 1853.80299047999 1827.36525148076 1795.06124910387 1754.0919728753 1705.08932705606 1649.38406244787 1608.57641753972 1628.58657823209 1696.93136859669 1781.54149946
599.577019845324 955.940688348324 1362.26354655217 1415.1016329201 781.884631197712 855.138072107148 1002.42677563333 1245.17628324656 1192.52668857795 1012.76668449689 811.752393271674 676.337858380803 515.809894477294 536.535544306534 689.462821297599 795.95552648085 700.86154678211 934.972399140853 995.970590432611 875.289482591881 1099.45676974732 1415.60796090063 1429.52686217072 1516.36774148004 1503.18293981917 1246.42265748455 910.72898090779 828.453390681038 1120.82325411396 1341.48997608152 1548.269247331 1572.40737088482 1458.89181370708 1250.1328198728 1276.38759137301 1649.64527486568 1969.69917457785 2059.36050967794 2065.78374695631 2045.02529835998 2011.71767859866 1966.38304044108 1921.52103594068 1880.33446584274 1842.06461659798 1792.69809239286 1751.82903891787 1724.46535066 1693.58870631651 1659.96522396797 1630.71531138723 1609.72926437695 1604.61189967791 1638.07100205596 1705.38864415995 1788.58813292024
687.630719734002 822.957221774945 1298.42586621909 1602.84071958174 1073.42798975558 1234.78783322746 1170.73850939666 1557.7675287786 1370.59091181461 1101.69963479122 805.232892828625 595.70853043544 525.314243340295 692.489120009757 954.812654317481 1064.17292883888 954.517596195836 1107.36859024555 1263.64851595371 1116.68453831791 1205.04936786581 1481.55579765952 1385.79485356336 1538.98870227921 1507.09729377354 1210.8465366807 996.641275844074 887.120643915363 1094.8426819949 1367.46729197966 1416.01421255028 1609.65943123724 1592.09815555732 1561.56320498333 1718.42298998772 1924.15550452036 2057.77365296882 2076.65342421875 2058.900758954 2020.95785457318 1964.21372592972 1902.7114568357 1846.72587419896 1800.13610637105 1761.18162411416 1715.23795356962 1676.51516014842 1647.96838078886 1618.69976655729 1589.12018410045 1574.17154050332 1587.60607652336 1620.81965989851 1668.96436346962 1733.48758398215 1813.81658964268
1054.06914936648 1005.14069402343 1655.28683164709 1865.38570442648 1363.08625489664 1649.27706551138 1594.22679191057 1466.21623010155 1142.9931258706 899.612516479911 674.605189497337 563.889733436856 530.566405167666 652.77750946778 847.801773652743 956.092655913955 1036.87232964291 1134.35138866414 1330.14354351711 1392.76380334293 1469.55788517562 1562.57110216631 1573.57808930702 1619.07379283727 1541.99511345969 1314.91383216328 1148.39412803655 1141.96756969736 1267.17153518603 1381.19127787612 1362.37366038278 1520.38012291593 1691.93145642054 1836.54804294599 1973.42525611197 2044.31602665337 2062.25007169725 2046.54366506501 2022.57242533856 1977.07430430698 1905.25892233975 1830.99809431097 1766.70193150341 1715.34164022196 1674.8826404263 1642.25010472615 1618.0718396728 1597.06488381884 1573.41352943225 1547.13872373999 1542.18089245191 1583.25105425237 1640.14644055208 1704.06298934235 1781.37909626056 1871.80714040207
1566.76846765682 1113.71620668016 1711.14105504797 2049.96546252183 1564.09841081838 1823.30769835184 1563.60039819906 1201.38961251483 957.740005619525 837.951513924307 788.626860905391 808.773302710568 787.243039681069 782.789621211503 895.658260947849 1012.79129971322 1114.01530763929 1193.16164742542 1291.00012763674 1437.70251925955 1546.42521171037 1581.90027911209 1610.1315587623 1559.62559534979 1487.12098218211 1345.65821255495 1313.9411773436 1388.07727737544 1425.46634500996 1493.59634375164 1588.63216418224 1708.63451285445 1839.25914628194 1928.91588752647 1991.71693282572 2024.92334248 2021.51186194891 1988.63924898469 1952.01836170468 1899.94771289191 1828.01706583689 1751.64204912499 1684.03572187896 1634.36892997016 1597.58361334775 1582.00085874719 1577.42818785614 1571.19937144526 1561.09033874141 1553.22442709298 1568.16043030929 1638.20362055976 1730.19016354244 1816.06975453573 1901.87621342284 1969.50291787448
1849.56070803848 1498.14103920034 1660.52712048022 2073.14844936492 1848.83967618767 1975.67341341692 1712.66764654041 1463.75077369176 1298.37620569817 1030.72245540817 1011.16849795835 1209.59100077736 1171.62004037264 1196.77196942702 1045.43337321662 1007.56777539596 1017.42592669176 1010.58314989146 1339.47084528022 1592.468022518 1627.37932623455 1618.06987252746 1601.93362198983 1588.69086551331 1503.83310308048 1424.26642537442 1469.0517958425 1507.94269099241 1545.06959269603 1595.06376071262 1730.01994801785 1832.37388747247 1868.61784726612 1899.91430887716 1926.43816243722 1944.97118335174 1935.94374392802 1901.47109856697 1859.15219562494 1807.94150301136 1746.28143052442 1675.47473052163 1607.43516409428 1572.46996057369 1554.80705632811 1553.34539691123 1561.40968756399 1569.05507859397 1577.24332652902 1596.15355590987 1640.15729539008 1744.07128539666 1871.70639016628 1932.84010393716 1972.9226573626 2009.10175582663
2196.3093798149 1955.40341233344 2051.96882517902 2226.28326595954 2075.98371674225 1956.04484631267 1660.13817695368 1557.32523763105 1306.8731551979 1121.0139200839 1109.34598776322 1331.8127681263 1330.65060443927 1397.57953511336 1272.12014330137 1180.12351954193 1398.18738642236 1407.67321536476 1566.31747232004 1604.86166530696 1609.99475932181 1626.68593407859 1648.33987794127 1665.28506542602 1655.08089037372 1650.04583850949 1682.42577669412 1728.53312922678 1747.09391949194 1760.72341403811 1785.38188215477 1794.14940279146 1808.69782900917 1821.61760375855 1833.80266151755 1839.2139031738 1827.02975467146 1798.05946558031 1760.15803186948 1717.91197726058 1673.5304828871 1622.93727001508 1568.56255245107 1544.75980633273 1541.77258044712 1551.19201372344 1568.88306168958 1590.42559561356 1624.63601984734 1679.67929953726 1742.35193647918 1828.206742607 1876.59672348774 1934.12523786994 1888.3184566653 1922.89005293195
2424.29313955403 2306.10126402838 2328.76738275219 2303.06017219596 2070.48013231999 1893.06402270362 1849.10201783631 1794.10772100956 1776.99598803063 1702.7562839039 1668.89413114781 1606.58019460907 1598.58704543575 1595.48687453663 1573.63194007771 1579.5417761665 1587.17118315544 1567.38503365857 1541.42014814811 1529.57925207827 1545.96915306615 1572.59354253553 1617.97746978392 1675.22996123647 1720.17572528136 1750.67044539823 1760.26232446878 1762.21954331129 1760.67368708766 1747.39772768015 1737.432048332 1728.09616144652 1727.63836853062 1731.16325669033 1734.6610290987 1732.35791361068 1719.30499539831 1694.68525668188 1663.57258510885 1630.78988412638 1602.99363286127 1577.2017769991 1549.42151562699 1538.82737630558 1545.48507810092 1564.19684655689 1591.53091616339 1635.15423195745 1720.7585380262 1778.06943591928 1824.88117983324 1854.63821380663 1866.02435068908 1891.46743518537 1793.63841309861 1964.06833382343
2491.05924212551 2450.7784174955 2406.62319372338 2327.0315049074 2189.23993933576 2125.00418687838 2054.44187613311 1929.7228399559 1859.99497646152 1791.31781173385 1688.31569663072 1614.73178525237 1582.11983989325 1502.85200753203 1479.2786801499 1483.16046372551 1487.41331611004 1467.44453884922 1442.57204263481 1442.2607441497 1460.7073106865 1495.71859379036 1547.97565252468 1610.15860409858 1672.13555749922 1725.41524658414 1761.05518510725 1757.56983439901 1722.64620034268 1685.00023537356 1656.76387459268 1641.27295398 1637.3420635 1637.35063700393 1636.94487558475 1632.75466765115 1620.62565009919 1600.55782292887 1574.13070938823 1547.37547667089 1529.45225415682 1524.30116726706 1525.71430554918 1535.87068395511 1560.23753251128 1596.74911727584 1633.11383740696 1708.32838606757 1798.3100080076 1840.83440872922 1838.06031713832 1756.49819050847 1723.22064314537 -9999 -9999 -9999
2556.98820683073 2502.0936913462 2418.79817541704 2300.9936336674 2198.97829240886 2088.99923377669 1976.64945547941 1877.42657948569 1781.36818712181 1671.11479088732 1552.0120708399 1457.32834845014 1395.59959861283 1367.31677754 1369.17715303099 1409.66440703046 1417.49905263665 1382.93950810909 1358.09151019974 1361.90503837211 1384.21917624633 1422.78837325208 1480.12326592137 1546.88430166285 1614.50423620644 1672.36308864989 1711.97212943261 1697.37991781442 1646.89881702579 1597.73201096199 1563.63437933925 1547.56744805158 1544.16104882513 1544.72286547658 1545.73285118802 1543.28302352596 1534.16566588183 1518.4210916055 1497.96665874554 1479.2738751705 1471.59860988562 1481.57490813697 1507.8829768546 1541.68336992045 1594.34084238887 1659.23305106407 1713.40156917857 1773.30876785092 1814.268439982 1855.07715668991 1805.98343705693 1687.17804120919 -9999 -9999 -9999 -9999
2442.58540270951 2379.54375138259 2292.17999633367 2166.3881292031 2050.07307590837 1951.70539796209 1856.55462666651 1772.47713920944 1693.39948214567 1582.82174425288 1445.16667028849 1339.44926079599 1281.84787444768 1254.37800004851 1258.23051277579 1311.91695225351 1321.5031765904 1283.19623452914 1264.72296433164 1278.28715911084 1303.02066526303 1345.5186428138 1408.7738905367 1480.13550576007 1546.15301653147 1591.10435900609 1609.50375551869 1593.10991557921 1548.68559030463 1497.3790712462 1461.25996965987 1451.90228982701 1452.57183482698 1456.18812854091 1460.52252219572 1462.28965392665 1459.47151236792 1451.8112215379 1439.92942530264 1430.58631422871 1436.98442443467 1464.0421680092 1521.15985962962 1574.67641422575 1648.91281832602 1697.45570810371 1750.34691014795 1791.76828918881 1815.99878112643 1801.47117121671 1737.51259447284 -9999 -9999 -9999 -9999 -9999
2275.98805291556 2193.59611889362 2110.21153626873 2013.23561432151 1916.34597781157 1826.83175116848 1739.23618064406 1655.96791892894 1571.29245177632 1466.89595691659 1349.19141332894 1252.86854253851 1189.40858105421 1151.30586529462 1139.73539621502 1176.48919298481 1203.09270585884 1191.26062660115 1185.9151147251 1213.3901355685 1240.52156669741 1278.69125380901 1342.57963850918 1416.66251823378 1483.08375348809 1508.58976316702 1513.10006418162 1504.9412229461 1465.76108756462 1423.54241743779 1389.68060850902 1370.98547115973 1370.41056822 1374.93077440256 1381.34359842964 1389.94315069489 1397.55691724123 1401.47059869509 1401.53332794816 1414.13355941614 1455.06400055475 1485.93673531009 1542.97342658488 1615.21162629289 1650.99415394159 1694.1502137517 1751.0095808628 1731.07554736324 -9999 -9999 -9999 -9999 -9999 -9999 -9999 -9999
2073.75646595732 1970.07010801378 1898.30427238725 1837.64504480046 1771.77258892533 1700.71561987395 1621.43750140541 1535.96943490467 1446.97236599512 1352.41733658859 1256.86925958449 1174.24549871515 1114.17008291803 1078.28374865304 1071.14066802987 1102.35976581337 1136.19515439683 1146.5817837736 1162.55765548941 1188.49955763287 1212.65317503074 1244.7917222249 1294.72536906599 1370.2620562034 1456.12742245098 1479.71001402684 1481.01024299831 1487.87918179192 1441.55871865658 1420.08241120418 1394.28973160806 1314.8704759422 1303.71366192 1308.21667958792 1315.88328138622 1331.65875650466 1350.04048275511 1366.33052952896 1383.83446470674 1429.21249399499 1471.45983924431 1505.70737282831 1568.531037432 1634.67254869219 1672.11287386924 1691.685460451 1689.0278938183 -9999 -9999 -9999 -9999 -9999 -9999 -9999 -9999 -9999
1853.77083174728 1739.22238489996 1695.53789296605 1674.26536891977 1643.65631030931 1594.45971025211 1522.74594690307 1433.78533795285 1344.04062339552 1258.78280931598 1179.4295884718 1109.62726336367 1059.88983531805 1041.60281857225 1052.85277866467 1087.38313723683 1126.53334345406 1156.77090351194 1176.42661503891 1190.36637123857 1204.95323612 1226.82626578212 1287.05296686593 1394.29249755281 1453.92348066803 1486.11764076434 1482.63709303212 1456.95174476845 1403.86096968049 1385.98893660639 1373.45273634219 1310.12635651023 1257.49144289211 1258.93823302098 1270.8906615708 1290.46978935016 1317.9778799565 1348.71501559112 1387.23658508772 1452.44265236021 1498.85837897586 1546.37678072086 1583.57072024934 1625.61229013738 1679.97328435878 1712.93733295395 1610.40006866544 -9999 -9999 -9999 -9999 -9999 -9999 -9999 -9999 -9999
1654.90849737085 1533.22459366498 1530.19776735161 1550.70452668215 1554.22468532819 1526.33145619816 1459.52253812149 1364.48090564281 1273.65945076353 1198.50300282895 1129.56525821846 1081.99196069283 1054.27480418203 1050.76579433905 1068.55018445668 1101.91523114457 1147.11655054804 1191.54176969399 1209.83998886064 1204.82160885803 1202.16370128389 1225.25763433369 1317.04308196816 1417.62136004342 1411.62233209132 1397.71489992422 1409.79753436001 1427.66788993375 1393.40752790039 1371.88496749792 1347.81777099222 1296.99193276852 1221.8365429589 1220.43377502753 1237.49458508144 1265.152218621 1307.3493051188 1353.61420552947 1409.72519289119 1477.98890082285 1529.61876648611 1561.24078277127 1590.25433832224 1603.52043134705 1640.50248001772 1616.03316776481 1574.79620351773 1646.51445651789 -9999 -9999 -9999 -9999 -9999 -9999 -9999 -9999
1548.74578735283 1422.38664270667 1432.52297947884 1481.98354498174 1520.92170421842 1516.73900623002 1452.4126602089 1340.13165335575 1235.62100737848 1173.48631469347 1164.7591868694 1171.3018162482 1120.89174138224 1092.28733440501 1101.25368160222 1129.87917748103 1179.00701524 1241.94969095982 1254.57032966539 1220.52159291478 1210.2483144032 1282.20112424432 1326.77420740836 1261.44290189898 1219.10110374238 1237.5424651572 1335.16298928868 1396.1284802659 1392.15985225252 1408.54070905354 1339.53798561289 1221.93380453067 1176.08748483325 1186.09443617062 1210.76990453004 1251.60596914803 1305.02223630581 1353.44160971141 1414.46081563463 1483.22437528552 1526.64473916809 1550.05884817791 1542.64251128056 1559.36349171663 1534.4336333846 1532.99727145622 1609.73717632265 1599.12583408167 -9999 -9999 -9999 -9999 -9999 -9999 -9999 -9999
1504.21537345866 1376.4931170165 1390.51857347353 1468.69683295214 1547.78778950971 1583.69317986628 1530.06241437164 1386.77478746159 1282.35891182893 1249.90026985903 1268.25788530419 1260.77631831549 1202.1813715103 1167.00998183172 1167.52543692722 1166.20401279347 1251.34640910414 1294.32532086583 1273.51621565405 1227.7096631002 1204.98562770357 1246.3475642072 1227.03754816503 1146.00523518791 1123.96705005561 1148.5861064076 1230.28433963058 1274.33130621851 1348.28393526469 1412.2499317745 1316.14035785063 1147.48300629398 1133.84481931019 1155.58433266013 1190.1707127396 1244.9721768033 1300.12593862973 1382.28138987461 1421.83948437561 1458.40560822093 1513.34119620031 1535.25813847699 1496.12017825648 1563.696820815 1532.66341772302 1633.35175369105 1644.21935045975 -9999 -9999 -9999 -9999 -9999 -9999 -9999 -9999 -9999
1439.72209968967 1319.10448640907 1379.6471401025 1499.26842547161 1628.37336328709 1729.14458100028 1736.22778534257 1654.04454803445 1713.07319877079 1721.33597163465 1550.19365668694 1451.45044098628 1472.91843246879 1469.36093801386 1362.15074907899 1351.83723266298 1497.19611506439 1429.33310197958 1305.70160944588 1229.06789524072 1188.71747954722 1161.17725653604 1124.50659559238 1086.39992117244 1062.52764766708 1055.33962732098 1080.41214678936 1113.14975514 1199.89096082295 1249.18457746996 1167.02683551064 1084.29781207605 1100.36854551268 1129.25194525953 1176.23540606663 1239.55894003421 1302.31220301253 1415.15219255451 1432.08787281678 1450.65994639571 1506.39376715478 1507.92969736513 1478.46250798497 1568.98982379281 1630.43362526668 1674.01363874856 1613.23800525049 1432.10948380131 -9999 -9999 -9999 -9999 -9999 -9999 -9999 -9999
1471.10546681569 1343.55943538954 1431.19587771725 1582.82612730796 1780.48880090597 1958.18369114626 2024.17667767038 2150.02161787142 2210.60736648937 2046.47907752291 1992.29092049922 2034.49358252879 2053.70396245796 1985.08528410795 1861.29706796286 1809.65318924936 1713.09986207036 1571.82359868436 1375.80326169243 1283.01404343999 1187.8545158121 1135.85538062739 1087.88533241606 1043.62415833179 1009.08192049114 988.503611206139 984.33869387547 987.618773254943 1012.40169913934 1037.49337576 1037.58448648373 1046.0524132103 1071.00437347236 1105.84493516623 1165.81962829389 1260.3463844009 1342.54801560589 1422.82379135222 1411.33454040873 1455.2901597084 1498.64085833943 1497.86285911992 1489.79639409685 1549.29498606846 1654.91753927645 1667.20080920722 1429.65811477681 -9999 -9999 -9999 -9999 -9999 -9999 -9999 -9999 -9999
