catData/variables/futureClimate2070/rcp85/bcc_csm1_1_m_2070_rcp85/bio15.asc
NCOLS 409 
NROWS 350 
XLLCORNER 60.897278365 
YLLCORNER 5.843756025 
CELLSIZE 0.0892857 
NODATA_value -9999 
[rows 135 to 161 of 350, columns 60 to 119 of 409]
-9999 -9999 -9999 -9999 -9999 160.19795156114 162.58819386 163.16459824134 161.937993169899 161.119824633579 161 160.906368818123 162.78472696 165.561272131703 166.08875618 167.248852495656 169.01676186 170.721280183016 171.274259113305 171.10763772 170.267177065946 170.063039055468 170.401819978587 169.82192412 169.109024331227 170.264887407548 170.868773143868 169.444609040378 169.3393923 169.41090789283 169.42604104915 168.2323205 168.065134258209 167.387703483777 166.37560402 164.12667046 161.938000112927 160.388217396607 158.393924439999 157.609582243966 158.49943048 158.578592968675 160 160.071514521316 160.21485592 159.14342752 157.737628779445 156.10764252 154.805248517082 152.277782718477 150.045075384441 148.82192892 148.1950094318 147.62302470452 147.131228999159 147.5535359 147.602661646518 148.338762629802 149.78514168 150.688829782443
-9999 -9999 -9999 -9999 156.404297412314 159.64187256 162.108041503855 161.829568596138 159.264700532264 158.957375543874 159.62698004388 159.968626707772 161.300645416108 165.396694187797 166.71372048 168.04544310391 170.423654872167 171.30304138 172.234030243929 172.457736563935 172.055912663941 171.727746192106 171.212373256047 170.26838822 169.19695982 169.327956936028 169.3750357 168.971846876016 167.26409981202 166.024998956004 165.181669984002 163.935718555991 163.5001428 163.5001428 163.306127764027 162.094748048066 161.127444264039 159.811160875955 158.270830084051 158.546510144057 159.57085888 159.63146103593 160.055466444076 160.424751011836 159.288174364088 158.69696342 157.8595622641 156.900403475894 155.805985864112 153.637911424118 151.177161975875 149.89335732 149.123095855863 148.672044864143 148.033815455851 148 148.08874898 149.16017738 150.086860435826 150.56442124418
-9999 -9999 -9999 -9999 -9999 158.120059577676 161.55198694 159.183696152484 154.53747916 155.268632228337 157.273097470501 159.090660786834 160.908224103166 164.3503297995 167.212374491664 169.650236395671 171.322587176995 172.48479097517 173.07086248 174.006912937495 174.032522946172 172.697633049839 171.33981662 170.26838822 169.19695982 169 169 167.560498571843 164.67150685551 161.942697319178 160.28642592 159.426031653487 159.47520554982 159.9108219 160.271082682486 160.428465018818 160.3036073 159.349875971483 158.756191867816 159.57085888 159.983573199518 159.987936403186 159.330552866853 159.39840306948 158.3036073 158.211603182145 158 157.41873013481 156.336133588857 154.643750787475 152.37603554 150.96478572 149.89335732 149.6963927 148.75050052 148 148.08874898 149.048631021863 149.46489587447 150.30303418
-9999 -9999 -9999 -9999 -9999 -9999 -9999 -9999 -9999 -9999 155.989492122878 157.309683590218 160.808719564881 164.065287975101 168.03408964 170.92800568 172.053209726922 173.232681565737 174.14229088 175.21371928 174.853280256285 172.82249004 171.846719349033 170.474462358307 168.580368625648 168.2321789 167.50589924033 165.425684452329 162.761476485033 157.362368724703 154.339298310307 154.393574222966 155.30318298 156.61345197657 157.98168198 158.916414453603 159.2321789 159.062314638922 159.616589351581 159.97085369576 159.2737221831 159.228156869559 159 158.83982022 158 158 157.712477887145 156.78628552 156.112067698174 155.274554450833 153.954362983492 152.242291943849 150.96478572 150.7678211 149.095652945871 148.013299106788 148.788426740553 149 149.053773975234 149.767889117425
-9999 -9999 -9999 -9999 -9999 -9999 -9999 -9999 -9999 -9999 -9999 157.60837031273 161.62284702 164.069311120001 168.26626854 171.294619408673 173.07086248 173.887963553356 174.68874335563 175.536708030768 174.560263413602 173.316602362587 171.731132356853 169.083522119441 168.06332277909 166.532205362938 164.581760452483 163.28685024 160.565518623535 152.16302378 149.19251062692 150.78529048 152.485262002863 154.678324249583 156.272989239403 157.74950308 158.714807057375 159 159.80303778 159.266104695668 159.802539026635 159.824711197696 158.925515448711 158.135001520275 157.805622950739 157.1607505 156.78628552 156.089072916218 156 155.90535811419 154.625016376824 153.150786832161 152.03621412 151.105356209867 149.10821564 148.002784291895 148.1607505 148.1607505 148.355125535062 149.351747075952
-9999 -9999 -9999 -9999 -9999 -9999 -9999 -9999 -9999 -9999 -9999 158.65961986 161.83286575901 164.053531093699 167.436418931615 171.174492603073 172.32093508 173.365295187552 174.74893956 175.55410182 174.48267342 172.875078871199 170.76895534 168.560749439425 166.537378110524 164.42970704 162.28685024 159.275304117974 154.068948997962 148.154182793899 147.55254326 149.668331981925 151.782382972763 153.941285312549 156.03464836 157.58875258 158.66018098 159.666260493799 159.982406920889 159.921890844423 159.995167190264 159.98267702 158.99207254036 158.764805714327 157.979312270985 157.634709183702 156.62553502 156 156 156 155.280852882859 153.512812611828 152.19696462 151.12553622 149.10821564 148 147.919178265266 147.0893221 147.110009614642 147.48167838
-9999 -9999 -9999 -9999 -9999 -9999 -9999 -9999 -9999 -9999 -9999 -9999 161.890830699736 163.086894761904 167.267856716458 170.335396565181 172.00414441318 172.618553928459 174.013401299805 174.027808631736 172.992497426624 171.436497415014 169.049156683346 167.291084378292 164.623142520068 161.428029138429 157.303944373581 153.037750664847 148.81844275946 146.032921148126 146.48111486 148.921588151404 151.74893476 153.89179156 155.52658102368 157.763081515919 159.64228728 160.71371568 160.9821063 160.9821063 160.9821063 160.96478332 159.9821063 159.664612948929 157.77253614729 157.012471254348 156.993299435987 156.544191602374 156 156 155.988186962543 155.237408164182 153.372511114179 151.24882613254 149.10821564 148 147.91125102 146.685377571969 145.263248895654 146.618539657293
-9999 -9999 -9999 -9999 -9999 -9999 -9999 -9999 -9999 -9999 -9999 -9999 161.94589938 163.051983340001 166.350273184531 170.26683446 172.17807828 173.24950668 173.966512427331 173.10820364 171.972305076738 170.76895534 168.661441259193 166.419276588524 162.62723518 158.435150406179 155.159412671055 152.94895136902 149.96478092 148.89335252 148.065933902917 148.696924259118 150.80246946 153.789376026373 156.491484274779 158.209023852745 159.71371568 160.745977591325 161.80303778 161.953185715394 161.00057072 160.92914232 159.85771392 158.794860696468 157.76839182 156.69696342 155.979953129635 155.97033606833 156 156.557231615739 156.321629182227 155.26839302 154.239954878157 153.132256763877 151.158853694089 148.105214895892 147.82725319002 145.89335732 145.272741534049 146.286811336084
-9999 -9999 -9999 -9999 -9999 -9999 -9999 -9999 -9999 -9999 -9999 -9999 161.827696861187 163.049818006896 166.14130544 169.215423221689 171.23161298 172.340910370273 173.452637975435 173.10820364 171.418026686851 169.69752694 167.9673578348 163.933513176025 159.613650760634 157.12609974 155.101445158901 152.969679306387 151.150081472514 149.984797781778 149.48153678 150.477227799277 151.74893476 153.89179156 155.970001926762 158.56772229247 160.492753041822 160.8750369 161.577724589594 160.984883624698 159.92914232 159.855549186718 158.672413067574 157.8750369 157.64342872 156.60986871045 155.62553502 155.334452941931 155.814719933326 155.8750369 155.8750369 155.234853796202 154.899650209505 153.235385044786 152.05410782 150.090321939999 148.03621412 146.96478572 146.096020923753 145.962131909461
-9999 -9999 -9999 -9999 -9999 -9999 -9999 -9999 -9999 -9999 -9999 -9999 -9999 162.841667088706 165.248837580676 168.252703350057 170.884316800562 172.35017650882 173.607217 172.71542064 170.57256384 168.19845409269 164.833009288546 160.824452214892 158.19752814 156.05467134 154.85771152 153.189586385267 152.66096191597 151.1963915 151.382515730778 151.69696102 151.675392549541 153.69540006 155.32093268 156.98111366 159.12397046 159.947290363552 160 159.82826227521 158.85771392 158.579375212053 156.965139966709 156.638674947264 156.617486197882 155.940486191499 155.50268525912 154.55410662 154.415724179643 154.919234030976 155 155 154.19696462 153.12553622 152.239873004069 151.161750339999 149.10764252 148.03621412 146.919300313457 145.69696582
-9999 -9999 -9999 -9999 -9999 -9999 -9999 -9999 -9999 -9999 -9999 -9999 159 161.51634354 164.665643231252 167.05254926 169.133375494858 170.76740158 171.4643602 170.57256384 168.291156687077 164.999200679868 162.14399344 159.465465053758 157.341169880703 155.485262927649 154.068592885406 153.706809503078 152.244049871516 152 152 151.77812088932 151.64228728 152.92077193358 154.388053990155 156.17750516 158.32036196 159.73160938 160 159.12553382 158.05410542 156.995360561229 156.578446725716 155.074381114677 155.526389479607 155.42914352 154.7321801 154.405705840442 154 154.431071165668 154.908989061278 154.804061091777 154.144213575168 153.359735022113 153.014491150942 151.974636432007 150.423122077051 149.10764252 147.80460834 145.883627136216
-9999 -9999 -9999 -9999 -9999 -9999 -9999 -9999 -9999 -9999 -9999 -9999 -9999 159.706856620093 162.527551173641 165.017718306451 167.292442389723 168.521738507005 168.9822551 168.09045874 165.605777522809 162.754972586081 160.34038494 158.445726192625 156.924529804103 155.78628312 153.76895774 153 152.941355788984 152.3392483 152.3392483 152.3392483 152.71371568 153.3392483 154.198395311386 155.977771848114 157.757148384843 159.05311278 159.593932601701 158.78628552 157.71485712 156.64342872 155.57200032 154.50057192 153.813787198669 154.121271464603 153.6607517 153.6607517 153.6607517 153.6607517 154.32093028 154.177341144233 154.272428387505 154.3392483 153.714248434048 152.66674464536 151.852609980592 150.124731016137 148.53678844 146.496735470407
-9999 -9999 -9999 -9999 -9999 -9999 -9999 -9999 -9999 -9999 -9999 -9999 -9999 -9999 160.340302970214 162.348985590589 164.451636451393 165.3572932 165.3572932 164.831736826197 163.14399344 161.00113664 158.85827984 157.747490731491 155.98324294 154.71485472 152.69752934 152.992884870115 152.5893233 152.5893233 152.5893233 152.5893233 152.96379068 153.772442307474 154.304871192927 155.17807588 156.520625226269 157.73160938 158.80303778 157.766410934936 156.254971855338 155.16132362 154.08989522 153.084248923457 152.494207216945 152.303096662654 152.5893233 152.5893233 152.5893233 152.5893233 153.520621840645 154.300453940243 154.883924160159 155 155.388455879038 154.376035539999 152.285480581765 150.67964524 148.631903537431 147.10764252
-9999 -9999 -9999 -9999 -9999 -9999 -9999 -9999 -9999 -9999 -9999 -9999 -9999 -9999 -9999 161.600853677041 -9999 162.327985389618 162.819466209266 162.302925113341 161.00113664 158.85827984 157.351978588866 156.294572459284 154.816859206283 153.221840557792 152.056039356265 152.508922174057 152 152 152 152 152.37446738 153.230927150394 153.5178949 154.390488101456 156.002085342619 157.602216893306 158.415889170769 156.347377934844 154.14400064 153.026818317005 152.42914352 151.440671411145 150.91584110478 150.82093148 151.5178949 151.5178949 151.5178949 151.5178949 152.83825206 154.24950188 154.5178949 154.939478348103 155.94589218 155.439113600046 152.865288375878 151.16175034 149.25049932 148.17907092
-9999 -9999 -9999 -9999 -9999 -9999 -9999 -9999 -9999 -9999 -9999 -9999 -9999 -9999 -9999 -9999 -9999 -9999 -9999 -9999 -9999 157.367214249444 156.269132766053 154.834681069224 153.64342632 151.69752934 151.970052165979 152 152 152 152 152 152.37446738 153 153 153.525716607517 154.187681691507 155.397647959256 155.341357687004 153.092980285247 151.417661177498 150.3393995 150.348901844002 150.28628672 149.4464665 149.74950308 150.239187588993 149.892933 149.892933 150.218825947761 151.76682366 153.17807348 153.890973484515 154.87446378 155.422309170982 154.860146302538 152.862125486479 151.303438831544 150.32192772 149.25049932
-9999 -9999 -9999 -9999 -9999 -9999 -9999 -9999 -9999 -9999 -9999 -9999 -9999 -9999 -9999 -9999 -9999 -9999 -9999 -9999 -9999 156.264101138129 154.842298899513 153.64342632 -9999 151.172610485247 151.94589698 152 152 152 152 152 152.140439534707 152.653705973871 153 152.632052068973 151.962450140395 151.567229603635 150.195246603239 148.12625814 148.111592067833 147.760902402495 148.408323248928 148.69000267965 148.3750381 148.488688363194 148.843663910769 148.721333626038 148.3750381 148.96378828 150.69539526 152.10664508 153.17807348 153.70299533457 154.341222774008 153.971854717414 152.253004871164 150.899895240258 150.28817710832 149.886350636898
-9999 -9999 -9999 -9999 -9999 -9999 -9999 -9999 -9999 -9999 -9999 -9999 -9999 -9999 -9999 -9999 -9999 -9999 -9999 -9999 -9999 -9999 153.880071317947 -9999 152.19695982 150.516559983233 150.590793198329 150.6072194 150.66902667148 151.3036097 151.464901061289 152 152 152.135378283997 152.3036097 151.71485712 150.64342872 149.062514644379 145.882688398948 143.46550644 144.819045190335 146.32093268 147.3036097 147.415157345048 147.838710310047 147.3036097 147.67807468 147.85771632 147.663867569571 148.58875018 149.86061520062 151.03521668 152.10664508 152.912577794093 152.628471902004 152.584640123902 151.276664648807 150.83982262 149.838711981384 149.3036097
-9999 -9999 -9999 -9999 -9999 -9999 -9999 -9999 -9999 -9999 -9999 -9999 -9999 -9999 -9999 -9999 -9999 -9999 -9999 -9999 -9999 -9999 -9999 -9999 150.510092987055 149.386858768286 149.958458689518 150 150.02060696802 150.355172173211 151.053775645558 151.464860295673 152.287523056904 152.7678187 152.370607520634 151.41124742 149.832919718171 147.20721917694 143.86879890429 142.154680425521 143.165513613247 145.262805187984 147.068144969215 147.682020419108 147.178406211677 147 147.086943765861 147.813383746111 148.655749843399 148.904515482168 149.153281120936 149.96378828 150.418631098474 151.33882638 151.244744123988 151.228159785219 150.93185687355 150.194991107681 149.76839422 148.767324689857
-9999 -9999 -9999 -9999 -9999 -9999 -9999 -9999 -9999 -9999 -9999 -9999 -9999 -9999 -9999 -9999 -9999 -9999 -9999 -9999 -9999 -9999 -9999 -9999 -9999 149.12553142 149.152055682636 149.985459725078 149.235239252479 150.025749749963 150.355131407594 151.048714394848 151.22094961729 151.695722540267 151.64342872 150.57200032 149.39444591294 147.419172910498 144.430133759999 142.230887714387 142.94589458 145.87389306 147.92799848 148.67906732 147.8392471 147.330601958082 146.475021548517 147.517572033926 148.1607529 148.65485978119 149 149.117607943695 149.834698013863 150.14057258858 150.1607529 150.1607529 150.07200392 149.1607529 148.92914712 147.85771872
-9999 -9999 -9999 -9999 -9999 -9999 -9999 -9999 -9999 -9999 -9999 -9999 -9999 -9999 -9999 -9999 -9999 -9999 -9999 -9999 -9999 -9999 -9999 -9999 -9999 -9999 -9999 149.087776919094 149.007927887022 149.0893245 149.110012999253 149.454619174631 150.0893245 150.129153917601 150.132439276284 150.036734470168 149.941029664052 149.113715477936 144.949623996358 141.454712714295 143.758025119178 147.871772573473 150.739954172643 150.66117122 149.399511209749 147.66989482901 146.944124397106 147.44589338 148 148.58875018 148.398791541569 148.755581052315 149.071730733801 149.885677240083 150 149.984226572148 149.00057552 147.94345488438 146.94704322 146.151580623388
-9999 -9999 -9999 -9999 -9999 -9999 -9999 -9999 -9999 -9999 -9999 -9999 -9999 -9999 -9999 -9999 -9999 -9999 -9999 -9999 -9999 -9999 -9999 -9999 -9999 -9999 147.087958753887 148.0178961 148.0178961 148.0178961 148.0178961 148.32093508 149.0178961 149.0178961 149.525962194742 150 149.351633684836 148.28628672 144.791373735584 142.235418105796 144.81978764 150.998280640001 154.033474776429 154.610922633361 152.25563204315 149.363557812939 147.9821039 147.990083652518 148 148.58875018 148.988185378115 148.995196811675 149 149.015649491253 149.0178961 149.00057552 147.92914712 146.85771872 145.558829380199 144.0357922
-9999 -9999 -9999 -9999 -9999 -9999 -9999 -9999 -9999 -9999 -9999 -9999 -9999 -9999 -9999 -9999 -9999 -9999 -9999 -9999 -9999 -9999 -9999 -9999 -9999 -9999 -9999 147.98267462 147 147 147 147.30303898 148 148 147.972306446799 147.9464677 147.9464677 147.254023052813 146.19696222 145.219158191775 147.94474834 154.190897483114 158.8624673855 157.51946066 154.317573978574 151.431236894888 149.62553502 149 149 148.968482848739 148.9464677 148.9464677 148.9464677 148.11881597741 148 147.92914712 146.85771872 145.78629032 144.48325614 142.610989286732
-9999 -9999 -9999 -9999 -9999 -9999 -9999 -9999 -9999 -9999 -9999 -9999 -9999 -9999 -9999 -9999 -9999 -9999 -9999 -9999 -9999 -9999 -9999 -9999 -9999 -9999 -9999 -9999 -9999 146.97998352266 146.8750393 147.17807828 147.8750393 147.8750393 147.42236031166 147 147 147 146.39765854623 147.12438758 150.08760514 155.905355876586 157.636208334571 157.309571614869 154.507841719701 152.041664886325 149.75049572 149.1249607 149.060315808246 148.41124982 148 147.908577879654 147.97538716321 147.890726393927 147.8750393 146.85771872 145.78629032 144.71486192 143.382886119607 140.84097606
-9999 -9999 -9999 -9999 -9999 -9999 -9999 -9999 -9999 -9999 -9999 -9999 -9999 -9999 -9999 -9999 -9999 -9999 -9999 -9999 -9999 -9999 -9999 -9999 -9999 -9999 -9999 -9999 -9999 -9999 -9999 146.10664988 146.8036109 146.891179970928 147 147.115624589309 147.1963891 147.1963891 147.99942688 149.07085528 151.662546069478 154.8036109 154.89236228 -9999 154.30517546 151.69696342 150.699075860404 150.108820500406 149.48267822 148.41124982 147.870348122834 147.215683556356 147.645327984454 147.100882274737 146.814237086073 145.78629032 144.697432587692 143.415587328501 141.761500210688 138.69811926
-9999 -9999 -9999 -9999 -9999 -9999 -9999 -9999 -9999 -9999 -9999 -9999 -9999 -9999 -9999 -9999 -9999 -9999 -9999 -9999 -9999 -9999 -9999 -9999 -9999 -9999 -9999 -9999 -9999 -9999 -9999 -9999 -9999 146.17807828 146.870730968577 147.58875258 148 148 148.587970209355 149.840846026162 150.94589458 -9999 -9999 -9999 -9999 150.221878080736 150.7321825 150.28628912 149.353408545815 148.41124982 147.33982142 147 147 146.7658032966 145.78629032 144.71486192 143.55468454 141.368929434532 139.00115344 136.636420316502
-9999 -9999 -9999 -9999 -9999 -9999 -9999 -9999 -9999 -9999 -9999 -9999 -9999 -9999 -9999 -9999 -9999 -9999 -9999 -9999 -9999 -9999 -9999 -9999 -9999 -9999 -9999 -9999 -9999 -9999 -9999 -9999 -9999 -9999 -9999 147.58875258 148 148 148.27242727441 -9999 -9999 -9999 -9999 -9999 -9999 149.86636193463 150.3392459 149.89335252 149.163746607154 148.41124982 147.33982142 147 147 146.12553622 144.733217776093 143.64343352 142.48325614 140.234561479438 137.53678844 135.496734743125
-9999 -9999 -9999 -9999 -9999 -9999 -9999 -9999 -9999 -9999 -9999 -9999 -9999 -9999 -9999 -9999 -9999 -9999 -9999 -9999 -9999 -9999 -9999 -9999 -9999 -9999 -9999 -9999 -9999 -9999 -9999 -9999 -9999 -9999 -9999 -9999 -9999 -9999 -9999 -9999 -9999 -9999 -9999 -9999 149.4106743 150.01674746 151.4106743 150.598547016588 149.07200392 148.00057552 147.200265496216 147 146.670214007443 145.71486192 144.085994948897 142.57200512 141.41182774 139.334751673407 137.631902981577 136.10764012
