catData/variables/futureClimate2070/rcp85/bcc_csm1_1_m_2070_rcp85/bio11.asc
NCOLS 409 
NROWS 350 
XLLCORNER 60.897278365 
YLLCORNER 5.843756025 
CELLSIZE 0.0892857 
NODATA_value -9999 
[rows 130 to 155 of 350, columns 236 to 294 of 409]
21.01963939 21.01963939 21.0841700671992 21.1171735110055 21.1956501267899 21.21963939 21.2267695763805 21.3031453618242 21.3382496359712 21.4 21.4073537924382 21.4554697253572 21.5101594128476 21.5669497849478 21.666015458 21.773158298 21.8157706536663 21.8899099041291 21.994586818 22.021369048 22.11963939 22.135654728 22.21963939 22.21963939 22.21963939 22.21963939 22.261209562287 22.2526897979177 22.21963939 22.21963939 22.21963939 22.21963939 22.2956497410589 22.3003396471458 22.31963939 22.3164941224449 22.2813901397598 22.21963939 22.21963939 22.21963939 22.21963939 22.21963939 22.21963939 22.21963939 22.1551092913972 22.1221054103981 22.11963939 22.11963939 22.11963939 22.11963939 22.11963939 22.0952896928299 22.0319251289654 21.9838096332392 21.887549722 21.7688448003514 21.5746450221466 21.353684844 21.3
21.12678223 21.12678223 21.12678223 21.214226448 21.22678223 21.3 21.3023763170985 21.3385084790642 21.4 21.4081153526105 21.4541979635522 21.5 21.551729778 21.6157673999598 21.692797688 21.799940528 21.8855769325282 21.9234194473091 22.021369048 22.101729658 22.2023762528211 22.2385083033416 22.3062022764958 22.32678223 22.32678223 22.32678223 22.32678223 22.32678223 22.32678223 22.32678223 22.32678223 22.32678223 22.32678223 22.3280484712936 22.4 22.3882741023811 22.32678223 22.32678223 22.32678223 22.32678223 22.32678223 22.32678223 22.32678223 22.32678223 22.3052759230829 22.2359758207544 22.2521145605917 22.25356446 22.2511883357336 22.22678223 22.2205800820589 22.2081151597784 22.1993670236157 22.15356446 22.101835402 21.935820664 21.6201598080698 21.353684844 21.2784937573603
21.23392507 21.23392507 21.23392507 21.321369288 21.33392507 21.33392507 21.342797808 21.43392507 21.43392507 21.4539466050126 21.5127029364574 21.53392507 21.585654848 21.692797688 21.7775447376627 21.873158298 21.9272422172773 22.021369048 22.0964232437827 22.135654728 22.2397875668428 22.3054332146272 22.3492268199028 22.4 22.4127028550372 22.43392507 22.43392507 22.43392507 22.43392507 22.43392507 22.43392507 22.43392507 22.43392507 22.43392507 22.4309151502629 22.4 22.4078563466771 22.423645509853 22.4 22.415125987087 22.416375869443 22.419972414027 22.43392507 22.43392507 22.380866466437 22.36785014 22.4303479966231 22.4333384451531 22.388118143683 22.2497757746393 22.1489982872568 22.1696432429076 22.33392507 22.33392507 22.2997451311368 22.150106344 21.715380903923 21.387609914 21.253624652
21.3 21.3 21.3329780976458 21.3926006152516 21.3611550721489 21.4007104329537 21.4462967999437 21.5 21.5095106782617 21.54106791 21.5631344995331 21.6 21.651729778 21.758872618 21.8271111688775 21.8841816240198 21.980301138 22.087443978 22.1 22.201729658 22.3036437494934 22.350506083404 22.4095105796987 22.44106791 22.478511768 22.54106791 22.54106791 22.54106791 22.54106791 22.5110234245828 22.5 22.5 22.5 22.5 22.4947713929304 22.44106791 22.4547153668643 22.4821431182383 22.44106791 22.4673436415564 22.4695148435463 22.4757624913511 22.5271109717516 22.5110235231458 22.5 22.5 22.5 22.412584315676 22.0947805939999 21.9105188282904 21.9475519128636 22.2070670492987 22.44106791 22.44106791 22.4198238670167 22.282256204 21.858133318377 21.535820664 21.401835402
21.3645948368764 21.3129404701412 21.3415874814059 21.3096317366705 21.3001937021295 21.3526851512 21.4035785 21.4190209605413 21.5008287239881 21.5181869637413 21.5698413304765 21.6214956972118 21.6750012140529 21.758872618 21.866015458 21.935270164153 21.9897981071117 22.087443978 22.1456010143589 22.201729658 22.308872498 22.4077211145648 22.4602041966999 22.5146083480354 22.5676026432293 22.6 22.6 22.6283828149766 22.616384318288 22.5621119904472 22.54821075 22.54821075 22.5026098513469 22.5473769846116 22.5 22.5 22.5 22.5 22.5 22.5214954658002 22.54821075 22.54821075 22.5823994119939 22.5621121147414 22.54821075 22.54821075 22.54821075 22.3386693316825 21.7872319968358 21.7491815488468 22.138091740223 22.4639031713762 22.5 22.5 22.4233319751702 22.262428037565 21.9677672483002 21.7371654110356 21.616121082
21.489337892 21.4226909291745 21.3662574844575 21.267909372 21.2975833157216 21.1883352593536 21.1388506090143 21.2035935812355 21.2682462377502 21.2810133221182 21.3852836130277 21.423172578 21.4499513507779 21.44951656041 21.6069777699159 21.7112481936741 21.7676816126938 21.9628363801237 22.1885940368595 22.201729658 22.308872498 22.416015338 22.5 22.5470737192696 22.65535359 22.65535359 22.65535359 22.6816379932586 22.6705265751093 22.65535359 22.6109041601548 22.6 22.5577704885812 22.598270582 22.5 22.508864931685 22.542534839947 22.4664548631581 22.4514719803666 22.5752598428432 22.6 22.6 22.6365416602607 22.6148581113713 22.6444492969966 22.65535359 22.65535359 22.5068471005024 22.2825641495316 22.235842119818 22.2991894495913 22.4614188455723 22.4792737460597 22.4199663376917 22.3431024853523 22.241128102 22.0750388408241 21.8970542562199 21.775053172
21.5752417564896 21.3796105320392 21.4329513099632 21.375052212 21.303382895508 21.098270102 21.0033275935068 21.0274944055061 20.97500714 20.9787980425147 20.9734749764957 20.994601218 21.0629430309938 21.0382138555025 21.1280424750038 21.2789604989975 21.1920704700025 21.4248569240001 21.746285444 22.0174832915037 22.308872498 22.3859882944927 22.2980376754969 22.3863645340148 22.7234010745043 22.7346313354951 22.7323291145055 22.7257032954939 22.7 22.6542788254927 22.6073878665079 22.6 22.5408867654908 22.5993514065098 22.56249643 22.568502663489 22.576842062 22.4962091575367 22.5296173704615 22.6 22.6 22.6 22.666014978 22.5811211574841 22.4672490944505 22.45001428 22.3317881109645 22.6 22.591127982 22.467970284 22.3086849634798 22.367804108 22.3766594174786 22.258285716522 22.2698323845226 22.241128102 22.133985262 22.0451265930489 21.944692442
20.9272737198274 20.8147614352235 21.1349111008783 21.3775807622897 21.305412942 21.167909372 21.0634603600278 20.983984422 20.9 20.869698742 20.8 20.844586938 20.9157055382282 20.9534850348102 20.9896820449617 21.0444227866567 20.8757391723049 20.8491112722474 21.0696945344286 21.4146256571812 21.5304830423241 21.4849647429425 21.6365904574632 22.406318287049 22.667804588 22.7168238830043 22.7157054653624 22.7124866462708 22.7 22.626841942 22.6 22.5391048191961 22.5016435544372 22.53036073 22.53036073 22.53036073 22.5394568299405 22.5788388073965 22.6 22.6 22.6 22.5180037457268 22.3888193916904 22.3073811548063 22.2423224580728 22.23036073 22.3705342305147 22.6 22.591127982 22.4568176537973 22.214233878164 22.191021998 22.2379852942051 22.2 22.2157053196309 22.2124867920023 22.1799574436356 22.1186928667311 22.019699582
20.5832960561443 20.52321789 20.6164393180626 21.2373475722673 21.3012567709193 21.0473623863705 21.0843145865488 20.9194994107171 20.9 20.8929646872489 20.87678211 20.8871342562192 20.9 20.9136689796874 20.92321789 20.8670454051555 20.8091473202208 20.6454146906236 20.5218885074309 20.81608945 20.8276544255223 20.9833265233201 21.4778384240003 22.4908526240563 22.560661748 22.62321789 22.62321789 22.62321789 22.62321789 22.4938875314325 22.5697492276667 22.512556262 22.5 22.5 22.5 22.5 22.5053767845711 22.5464834666948 22.6 22.5657655767733 22.324623657537 22.0667663337584 22.1881856521467 22.1644378774193 21.9382482713311 21.9600125228222 22.1807872979118 22.5245455893541 22.58431585938 22.375173316 22.100060192 22.053518428 22.12321789 22.1574521289496 22.2 22.2 22.1493124912526 22.1062322440133 22.019699582
20.5948509370773 20.6453232164372 20.7352427913358 21.0843910128282 21.1321501 21.0812993999053 20.9292975058602 20.9403231974861 21.1712105407273 21.1848391687482 21.0364249594755 21.0213445154231 21.0244357096784 20.98392495 20.8731180697624 20.6201206219653 20.4808324600841 20.3627995588145 20.2384334537131 20.1993535292234 20.4118301540412 21.0690137936794 22.062025970926 22.41607505 22.453518908 22.51607505 22.51607505 22.51607505 22.4606718113011 22.4086297111949 22.493209307504 22.5020184253946 22.5 22.5824735368082 22.5 22.5 22.5 22.5048708652139 22.4846505123153 22.387563642 22.0735036099999 21.8226863743804 22.0801349620001 22.3153500627104 22.1782651630762 22.0029825620757 21.7761899416333 22.0850068515439 22.3379269506704 22.184105526 21.9284274884676 21.946375588 22.0474993862648 22.1071672568366 22.11607505 22.11607505 22.1054631478591 22.0386025392423 21.935774632
21.1446282716651 21.310633068 21.417775908 21.4609066335539 21.3781328166534 21.1891833738778 21.1063761992274 21.3450455522387 21.2931363485284 21.2945868560056 21.3810895321361 21.5503893389347 20.9382991848416 20.36252547 20.531088647295 20.6648841067609 20.7480913854429 20.9157270767581 21.0151639615679 21.2952163925759 21.9520552687681 22.1156323678461 22.2883411912734 22.30893221 22.2781774800573 22.2674007505026 22.2707554729662 22.0123415357398 21.8566288520963 22.1200869665101 22.3712935711588 22.48856528969 22.5 22.5087777347525 22.5 22.4854154041851 22.3878427876538 22.2074874244903 21.9502487174086 21.9406784939399 21.8184085354133 21.6553186549976 21.8819243320001 22.0975568479352 22.1855794177882 22.0251130039999 21.6301032983415 21.7304094398103 21.934936372721 21.937089565009 21.99106779 21.9937742976853 22.037443378 22.1 22.1 22.1 22.1601181629709 22.1845332015021 22.0287073459666
21.4297625123812 21.3995197069314 21.480301378 21.4141204826036 21.2143077664397 21.100059472 20.9935516964477 20.9243892721038 21.0281121382158 21.222614965519 21.5352053849128 21.6 21.5879667173283 21.6345573590354 21.7433267996018 21.707987407274 21.7624074380001 21.7852356926184 21.6944832382905 21.9911791378882 22.108872498 22.1688290449607 22.0281119025103 22.0738199193257 22.0414719496762 22.058798313996 21.902834666834 21.9185815679787 22.1260891829874 22.2699277830273 22.2222203725356 22.3769015239854 22.40178937 22.40178937 22.40178937 22.3385886860772 21.9612559851951 21.7472609079373 21.5685944968674 21.5509461212965 21.5527131834603 21.5603439972485 21.6047250088473 21.680315298 21.708594355884 21.7058174745596 21.6985981117749 21.7982725127848 21.8192158995431 22.014225488 22.1209539510993 22.2261796092632 22.2585285131459 22.154422224409 22.0491965662451 22.1174262938375 22.264225368 22.3700591482466 22.1569568775895
21.3070682611754 21.3067904196157 21.4487605852768 21.2496947358641 20.932299236 20.7962838184296 20.8986407973671 21.026677686 21.2165651690399 21.319594318 21.4661858145532 21.5524465403497 21.5461911017074 21.5955965158857 21.4715032017393 21.5438370509281 21.4383431513325 21.5748879560001 21.5155405358512 21.8087201892779 21.9916024885186 21.8581648323153 21.6301458196647 21.6627233560916 21.6227278265903 21.723172818 21.77858612 21.902634306189 22.1213234960001 22.1853765653124 22.0993398075158 22.2675174188422 22.0902823817682 21.77858612 21.7790610936704 21.7376090229338 21.4958862832634 21.530300778 21.6 21.644586458 21.751729298 21.8031517022462 21.8088875620427 21.8146234218393 21.8920621963642 21.9153882014324 21.8164104207711 22.0037168630254 21.918629036356 22.032029716 22.223157698 22.3032442604233 22.3461457979918 22.4077403798048 22.358977882 22.3044035612043 22.3070681583888 22.4531056270091 22.5096523287875
21.4240259109171 21.3835646066001 21.2195161313874 21.417054442325 21.2017132619627 20.73748893 20.7530168763082 20.9425261097248 21.1057878954088 21.1515073388665 21.3154703428744 21.493075411992 21.4418059085788 21.5126058308504 21.5504835345592 21.5067084445824 21.419698862 21.5530334148656 21.6932339219928 21.8644568714256 21.9761161148548 21.955473014 21.7440812517132 21.5469709822848 21.387548762 21.3640076259992 21.40603202657 21.6134188874222 21.8862920397116 21.876856702 21.7094822622937 22.0685171076959 21.6757289140105 21.3752234934345 21.396375948 21.471488592 21.4135555157221 21.5265142988487 21.5734664782585 21.6113162040291 21.7521614948778 21.871368448 21.978511288 22.085654128 22.1225309291557 22.212436118 22.0594595480283 22.1127123934433 22.1172292768725 22.0655161133965 22.238547865731 22.3818072468399 22.5171753505894 22.569578838 22.5667993385522 22.394752514 22.4445257860001 22.585653888 22.7028313171646
21.3809335259537 21.1001635359999 21.099940528 21.11963915 21.1010630557988 21.0399577745262 21.0768140696751 21.074933028 21.2097824024487 21.3785566 21.4012932928553 21.4488392554631 21.3775807213921 21.4650557722421 21.6593411828199 21.553683404 21.4039284010565 21.3975341040054 21.6651844069328 21.6227587758709 21.8071300148091 21.8577660027585 21.716120122 21.6392783 21.6091880974384 21.55891745 21.507187912 21.506227793376 21.5793638626283 21.526841942 21.4842295861904 21.5334581742572 21.2944748158666 21.1817506250049 21.269593958 21.3478518311189 21.3084846372771 21.40180425 21.3041806126089 21.3019155792675 21.656992144 21.8838003629801 22.0200623085519 22.1626146652275 22.280300658 22.387443498 22.4185759527993 22.2799461821389 22.35891745 22.3557722680151 22.3764977459065 22.530300538 22.6447969391705 22.764225368 22.716181034 22.5250192347121 22.5650174591642 22.692796728 22.8171587078334
21.4430859743632 21.2197110106626 21.1908527439484 21.1765806982796 21.078630952 21.283805766 21.4762258236078 21.4456362375016 21.5579963584213 21.7186667101126 21.652527627418 21.4394571959999 21.27321801 21.390963246 21.6052489260001 21.5464946620545 21.339397724 21.3406055031129 21.4596129595858 21.5682829448326 21.6976245030542 21.762451358 21.8294800629161 21.77321801 21.7832462203052 21.8 21.7621246616942 21.72678199 21.6784469610832 21.5412195544445 21.3766867450554 21.2355731088332 21.125067452 21.01965403 21.0261501207497 21.0885828780551 21.0321784872787 20.9277691813339 20.9390768400852 21.0040137652771 21.2136254877477 21.4805033138881 21.7956224952259 22.119473454 22.3018067721955 22.36738727022 22.4171401408309 22.6009262165581 22.6559400829736 22.6686202096681 22.6009258676374 22.6025314209429 22.7184226542484 22.871368208 22.8510320162813 22.7645789041648 22.75356398 22.826721558 22.7574812937561
21.2766112607206 21.2382811098819 21.2402580039483 21.1168153096986 20.9091474461145 21.5040466609557 21.7397875067172 21.8 21.7764306381884 21.6679242519999 21.5487430071831 21.3474403989186 21.2 21.317745236 21.4424483883991 21.4159612102274 21.237623234 21.1701119737635 20.9752231003732 21.0355955166083 21.3498953360001 21.548165678 21.6242939674824 21.6290642165343 21.737443858 21.7697480770018 21.7146011821737 21.6582808016931 21.6751669509613 21.5283888296156 21.225172476 21.0208528334621 20.8733250862107 20.90177449 20.8957546931127 20.8124766372292 20.7 20.730300778 20.874887236 21.044586458 21.1526472292201 21.3594633114678 21.776132141756 22.1285796186118 22.360601316 22.4312167341702 21.9239656751935 22.501683866 22.707097528 22.8090915367025 22.8664861010352 22.8781290660056 22.9265152656673 22.9973100793401 23.0514738249871 23.008977762 22.96784966 23.0161886540314 23.0869834677042
20.7807028019998 20.8825006660747 21.20687464769 21.1558664997646 20.762719438 21.2219785768119 21.7516446764764 21.6833742147216 21.6674106513629 21.4572547213587 21.3281774927978 21.1876231139999 21.0980412045208 21.2114322835194 21.1447660739999 21.0167081731995 20.9989484058004 21.0515327736801 20.835963467119 20.7886526392814 21.1730335978007 21.3273028718408 21.3821703843572 21.4909030540001 21.7220665379613 21.706380369997 21.5680940160416 21.382255244 21.3235867884879 21.3226598816757 21.1429173815953 20.9766451562424 20.8474481814347 21.1835558033543 21.261100682548 21.2162422467905 21.1041922422168 20.9518191509671 21.039157916 21.1539252796916 21.2325235118122 21.5291757966443 22.0257134525251 22.3216097747246 22.3599839498237 22.6930848383903 22.0383694204788 22.5484441097705 22.6694991669254 22.755232726 22.9504977520116 23.071368208 23.1564447929139 23.18213534 23.2126204791665 23.2063730887934 23.18213534 23.18213534 23.18213534
20.6029643060574 20.6676861240001 21.0335762883876 21.1457362834633 20.7278403549442 20.709974142869 21.094016224167 21.3463371134997 21.5509606548515 21.4876079939999 21.2913743046107 21.1287427342031 21.0714221182043 21.0985280592237 20.9997954729806 20.8371639025731 20.9211836695032 21.0361038655162 21.04821051 20.9973787051708 21.0563845114645 21.1421843606401 21.3797832102795 21.5288909727481 21.60357898 21.6465699289959 21.6464190721809 21.5070589376829 21.3444273672754 21.3307302251321 21.1869036870792 21.0154801060528 21.1332230349361 21.351669346 21.5488455826787 21.571383568 21.6288952601222 21.510751772 21.5339915452002 21.6860715791709 21.7319830167705 21.7280820701784 22.3211656624301 22.7530591051627 22.6293667795103 22.8578527246096 23.085593696 23.0454651755326 23.0885647948749 23.0612195565649 23.1593749543101 23.226721558 23.333864398 23.39642102 23.37148217732 23.34821051 23.34821051 23.3834801514575 23.39642102
20.8776386571066 20.8491172060299 20.8381580947233 20.921384168 20.6704330810778 20.4887061734837 20.5027284428411 21.0622207709448 21.467805068 21.4840441339999 21.307202552 21.1753793481545 21.1465616301411 21.141127382 20.9974427744791 20.871488352 20.7112985400866 20.9502808983926 21.0940072448428 21.0973129183534 20.9544690997434 21.1265650139031 21.4975205233561 21.4422196534528 21.33393995 21.3737528840052 21.2800630888873 21.4134724564766 21.5705264166728 21.5148579141021 21.1701988317538 21.1954617153929 21.4421095944267 21.5685615952015 21.7076954600709 21.7016467412488 21.8631378305783 21.9860767590972 22.0615457663032 22.1751995178507 22.3301780466256 22.366340914797 22.6811710892268 22.9206783799002 22.9532442005501 23.0911997535003 23.299879376 23.3668320700496 23.4116566003512 23.4125486395993 23.389217748 23.479588225149 23.5274239139238 23.5800333153013 23.558977642 23.4781191322484 23.45535335 23.4880157577981 23.544448971427
20.8299968378961 20.5954806750902 20.464790707535 20.5921087626254 20.517924372 20.2153224483409 20.4049534488015 20.7625619418305 21.1060737936572 21.2954679722278 21.0282650627403 20.9098057239507 21.040963366 21.1154243352033 20.9267119379389 20.8100666609188 20.559096586 20.7404776027312 20.9050680985078 20.9747912150501 20.946971346753 20.8215534738031 21.0347642176937 21.1462241493436 21.0204988868049 20.8807528349936 20.8206835114184 20.7883354834512 20.9738167082106 20.964376232 20.8371398107147 21.1841406532873 21.3675639584986 21.451744658 21.5422530283491 21.5045656920748 21.826332662528 22.1852240824193 22.2936635305926 22.432075028 22.539217868 22.6905192975569 22.770755607762 22.7292867710629 22.8931817915899 23.1670396606528 23.389172676 23.5010806703683 23.571368208 23.6664986841678 23.6961735890583 23.7060556982005 23.66249619 23.6234883454547 23.6202646331187 23.6404169852307 23.62499238 23.62499238 23.6551080961959
20.460411498795 20.2038620584507 20.16072194 20.2747150707938 20.3941043810902 19.9605676834384 19.9969597300331 20.5262123755043 21.0015584176587 21.3483742859999 21.0530214726395 20.9049412326103 20.8593630935186 20.7394472397784 20.5760644952024 20.4704971509083 20.2668223695821 20.2745415598548 20.3108832954369 20.6279916062141 20.9583312864558 20.3679294914493 19.6017381545249 20.1270898881535 20.3906443719768 20.1790815599775 20.7218819814069 20.5683073440914 20.2985448366621 20.0561680761258 20.500915759588 20.8239997762443 20.946391428 20.9547386179199 21.1160564728206 21.0753089572978 21.2655295258265 21.64288776 21.6248417521395 21.7945269523129 22.3467835274712 22.7302310938435 22.6420406413321 22.3856713323512 22.6741870526297 23.0839472378054 23.319533646 23.5029333607862 23.678511048 23.7745012962329 23.7838732037425 23.721161432748 23.7 23.6418769737288 23.6010499175613 23.6713587887098 23.7 23.7509462276907 23.76963903
20.8798013396718 20.6287514349179 20.2524067216791 20.1299434764254 20.2397665340896 20.2067258300335 20.223520469687 20.7227205602797 21.2749521223888 21.4323620985259 21.0868925594039 20.8962408758608 20.9898232748952 20.812600374 20.664330152 20.3886703842063 20.3243678701631 20.1289222454675 19.0832426131252 19.9711752 20.384102070599 19.4367624980257 18.9633180532635 20.0776739767531 20.2685372423724 19.9390848215218 20.3608748981438 20.2628120722256 19.9376239539999 20.1387434078809 20.6518985164441 20.7738665407657 20.7987431046426 20.877584947039 20.92321813 20.92321813 20.9802876863004 21.2161853979459 21.3345806242882 21.4499109069042 21.9040513293155 22.5146474398616 22.7786108689425 22.8123417888465 22.7225074753224 22.9826332390423 23.2850159650809 23.5034583560001 23.7020599166729 23.72321813 23.7178413455733 23.7232653196965 23.77678187 23.732195652 23.67678187 23.6904508238111 23.7 23.7169858215649 23.7848742925582
21.368044171303 21.2001479359999 20.98768745445 20.7944908656316 20.7072209097519 20.5488705062404 20.4119692423646 20.755770385826 21.1139783411472 21.3478387927086 21.2849595246345 21.1482934683425 21.132194932 21.0155881479259 20.901833962 20.7594098963123 20.5977471964204 20.4522916958979 19.3496285261141 19.6277343758555 19.3178880828648 18.6810646198321 18.7431126133613 19.7545479724509 19.9858257075212 19.4392980300099 20.1018542915087 19.9221998929339 19.8345273966239 20.6135178540364 20.8712579589044 20.8105378064703 20.8 20.8175266990412 20.9 20.8865593754473 20.8818263983085 21.1860313960643 21.45279277582 21.6872739891516 21.9290063113424 22.1716750336508 22.7448236790586 23.1798775011977 23.1456563447092 23.0884072355586 23.2883024141339 23.5020071483781 23.61607529 23.61607529 23.6355103208892 23.730300538 23.8314242464007 23.8767573461565 23.86784942 23.818441350332 23.78392471 23.78392471 23.7968332350647
21.6451151672161 21.5959068623448 21.5570973195609 21.5397159278985 21.2706095593247 21.2387391811783 21.3049729735419 21.2652820449941 21.3915658462173 21.4572471314404 21.3592112266682 21.2504633179434 21.195379263445 21.132194932 20.9649334317781 20.826841702 20.639397724 20.512556022 20.1486481842045 19.6888743894919 19.5595150113144 19.494660162 19.4292928340369 19.6533991331295 19.7546563823181 19.3039826845055 19.8871987982344 20.3531749097988 20.6495094690209 20.9474421066628 20.9179394895634 20.892189131825 20.8049298707866 20.801729418 20.9 20.8985694593787 20.9605413640001 21.226781531689 21.383819686 21.7645032087973 22.4636246282458 22.9909656397093 23.2179677623166 23.2928070065418 23.1465715001255 22.7029583469482 22.9199723866513 23.4122363480398 23.6161590588564 23.7821351 23.76311450159 23.7027065804066 23.746375828 23.8495360263703 23.9 23.8947412971471 23.89106755 23.8244447360761 23.8
21.895812593533 21.823262242 22.0330136695276 21.8334140274091 21.3268709688974 21.7893839688552 21.685758432 21.5791888247709 21.4986248353644 21.469698742 21.3993298966778 21.3098344463011 21.14919598328 21.100736019741 20.9679690839999 20.7549926522168 20.6200513948042 19.9114025192224 19.3429786503071 19.4070365797349 19.50178961 19.5329604497288 19.6509333061386 19.7407813338556 20.3267142357828 20.0737929000424 20.0078475729252 20.4752459861082 20.861663066943 21.071368448 21.1756371421986 21.19463117 21.100044592 21.0997575243251 21.3649115124491 21.1121492702047 21.2641049840001 21.5249319480001 21.669518406 22.1497269865782 22.8016721527599 23.1170082476689 23.3308485453523 23.4700589683733 23.4935466427888 23.0556240699999 22.2547708481982 22.9191993358305 23.5108204025214 23.6193074744997 23.7013751775208 23.7297582765419 23.798880480437 23.844586218 23.9 23.9 23.9 23.9705391073367 23.99642078
