catData/variables/futureClimate2070/rcp85/bcc_csm1_1_m_2070_rcp85/bio11.asc
NCOLS 409 
NROWS 350 
XLLCORNER 60.897278365 
YLLCORNER 5.843756025 
CELLSIZE 0.0892857 
NODATA_value -9999 
[rows 156 to 181 of 350, columns 177 to 235 of 409]
24.1976130944201 24.1456850702336 24.0968483491127 23.966147477541 23.7615137963895 23.7064076911515 23.6225891935022 23.695167449688 23.901730858 23.9916013314634 23.889336692 23.8272728332291 23.9860402117262 24.2608349460784 24.3494794274642 24.2020770547716 24.228453616 24.3731888673067 24.40535323 24.40535323 24.317908292 24.2158289533082 24.1122517900761 24.191126542 24.083983702 23.9549214859231 23.7176915651537 23.3348491216918 23.0297325001156 23.1191501358477 23.1433282668082 22.9679676439999 22.753681964 22.5350975408469 22.3150762581932 22.1051819524605 21.9087908197715 21.7990499924641 21.773277482 21.6429757439999 21.3426512151873 20.9993397468514 20.9025055710365 20.7022632127613 20.7863757593119 20.7179073709933 20.62141292 20.3891055266105 20.225950510164 20.2056429843873 20.8828360793322 20.6084375478782 21.6152358869826 21.923420758683 21.9790396090512 22.1220448626054 22.1970336241889 22.2 22.1442787414963
24.1484875569361 24.0935356607774 24.028630112 23.9297367597953 23.9091420620817 23.8422283683681 23.82499214 23.7422239069409 23.9015145687727 23.98750393 23.971487392 23.8817159058271 23.8738715491185 24.0170143346593 24.257083968 24.325424688464 24.4405215989632 24.51249607 24.5033540379088 24.5 24.412555062 24.4 24.298269382 24.191126542 24.083983702 23.976840862 23.869698022 23.7297894946686 23.5623367070449 23.396539004 23.182253324 22.9679676439999 22.753681964 22.449059849613 22.1360969866733 22.0290519119195 22.1075211652461 21.8061369004674 21.5904758785432 21.4315840161052 21.2306869803916 20.9923453666781 20.7957670268224 20.8655084374983 20.979430083851 20.9835012043527 20.99329180422 20.9397674747928 20.5424054534138 20.392885192 20.7135776102333 20.7772254070839 20.7559552416567 20.5828924255411 21.009856377989 21.71854079475 22.0891917777913 22.2 22.1926432064533
24.08036109 24.0489489124231 23.9723272681306 23.9522427720497 24.032076228 24.0904577377755 24.0638479903865 24.0774927857258 23.9585768083552 23.9357924248722 23.8902744089659 23.8338933086179 23.8890815880371 24.1774763070398 24.4143869608409 24.5319001467656 24.6115621289972 24.6066740050838 24.5412084228353 24.5038684532457 24.412555062 24.4 24.298269382 24.191126542 24.083983702 23.976840862 23.869698022 23.762555182 23.6020681539742 23.3870593999447 23.1706912421361 22.935363876217 22.714404144 22.3395147479999 22.1201791550799 22.194587538 22.2158383266219 21.9733803459999 21.6485172848647 21.3644930522704 21.263727997783 21.0864497849199 21.1415182904308 21.2891611335658 21.1303510249217 20.907245944 20.9424926162944 21.060662708 21.0460148131867 21.0207996293026 20.8368368847341 20.7107128375089 20.8169713378345 20.6631970179945 20.5167326559208 20.7235085848004 21.5550557962413 22.124162413424 22.141127142
24.1310099672976 24.212421478 24.2764579387522 24.3358084916961 24.4142566041444 24.5730070545927 24.479075341918 24.5299461914893 24.3317143379376 24.191756135614 24.0585043063316 24.312372975695 24.72678175 24.72678175 24.72678175 24.675051012 24.669887953524 24.633983582 24.5804066704206 24.5144224591311 24.412555062 24.3746677377655 24.298269382 24.191126542 24.0796942571104 23.9438566895586 23.808019122007 23.6621531769106 23.4681523412892 23.3085603346481 23.1281328563996 22.7933726404968 22.526900214 22.1950233037098 22.12678175 22.1707048920834 22.29619914253 22.0561019990616 21.807127 21.8178811816698 21.7020548099999 21.391008078 21.4655047908202 21.3805715494876 21.346345348 21.2377601505246 21.048345319946 21.0014039036851 20.8485302401303 20.9838829755894 20.9218482492338 21.0399398607855 20.9509066940233 20.7598809996667 20.4980234571187 20.5028257710538 20.8940919943682 21.7482757562872 22.1458797552948
24.6285465399898 24.753504748 24.860647588 24.90177377 24.90177377 24.9548338690731 24.96784918 24.96784918 24.79948642696 24.6637596176643 24.6298629746052 24.783151833967 24.83392459 24.8212215075982 24.7848737384139 24.7318941127705 24.6800273800452 24.6224547911392 24.526840742 24.4455156849842 24.344705882 24.1733860102468 24.2245491513903 23.7810211777546 23.6378146608593 23.5433643749123 23.5376222739999 23.285891776 23.09822623 23.09822623 23.039352892 22.7577282108805 22.4379687601909 22.205471694 22.2254059205465 22.139337052 22.231563796358 22.1804797939999 21.99822623 22.0064935767801 21.9235348615174 21.6689587693088 21.7275626967481 21.8184054721351 21.8528527737664 21.6456319596988 21.362312116971 21.0590951459999 20.9718858897084 20.8428512900772 20.7016994493312 20.8072565942219 20.9426141534083 21.150773231776 21.0393970039999 20.6994112954211 20.6477415993165 21.5865793945136 22.2127698236978
25.02320229 25.0536886848216 25.1168307140045 25.14106743 25.14106743 25.14106743 25.14106743 25.14106743 25.04106743 25.0374232302854 24.9905610425316 24.9315564686514 24.9 24.862554942 24.7187898944007 24.61786514 24.558991562 24.4907538937493 24.403638452 24.2491715218846 24.1304202019999 23.9506361145561 24.0809632019999 22.9603884770835 22.5733278659092 22.8062416752134 23.1751263239999 22.9849063236831 22.8267559790488 22.73573028 22.7010347088718 22.6107815319999 22.3742952235175 22.1723741933228 22.2441342457203 22.2031897029569 22.0996908655478 22.0680324265909 21.8968927563684 21.8284092640001 22.0535191220839 21.9969333257179 21.9208225926202 21.844890594507 21.8146352852399 21.6583368253809 21.461066512056 21.1163418144779 21.2721566543123 21.1499588604199 20.8179195359397 20.5444840740001 20.849896776 20.9893331430107 20.8340598539999 20.6411469827538 20.9347155238862 21.9039693824133 22.4578378662519
25.24821027 25.2731499141675 25.2680373133829 25.24821027 25.24821027 25.24821027 25.24821027 25.2026091311346 25.1473758186849 25.091126302 24.9922783837855 24.9062999546717 24.7407604088862 24.7238709526904 24.6395219820131 24.4002418861488 24.248285342 23.9820090351892 23.6871374845646 23.6186023785229 23.8677118876892 23.8123774136784 23.9887143400522 23.0608093918193 22.2171628919608 22.4341196929597 22.7947652339999 22.692814008 22.5985143883084 22.4285188727582 22.4801727252078 22.497636977315 22.423261522 22.2774049394432 22.24821027 22.2938111774562 22.294571458 22.375412257289 22.1477990776103 21.9176579049807 22.059518837409 22.1783684078458 22.0574394452076 21.791291699893 21.7396809254905 21.7693899839528 21.7112823072075 21.527194211113 21.6699611941891 21.3636721397515 21.1342499819999 20.545583624095 20.587400826 20.7975417315018 20.8914773279998 21.1754969462476 22.0114661428067 22.5015530953024 22.9170347231941
25.3800340310741 25.4051677876872 25.3737146712387 25.35535311 25.3148570525966 25.3 25.3 25.205411982 25.198269142 25.0862144341849 24.902033396308 24.6475677339389 24.564664332186 24.6441423277114 24.6355049922266 24.319795585691 23.9433613528262 23.3282157405789 22.2892932133287 22.1728455352765 23.3104997332061 23.4881348912116 23.5011865711147 22.7693905519347 21.8784615991496 22.0728954980002 22.4397905395709 22.2399523967031 22.2575216428958 22.3250118274615 22.5240497850877 22.6401803903739 22.7441772588339 22.7050609855816 22.5906650502538 22.6189959440446 22.612436598 22.68899816812 22.4251618277976 22.1747281517152 22.1462583240001 22.317908532 22.210765692 22.005700691228 21.7682950579109 21.7730837495574 21.762378021417 21.824948508 21.8056056590256 21.463881094892 21.0787412690932 21.0755872438178 20.9678322292902 21.3074877854985 22.2392123695981 22.5797458311752 22.8934641006315 22.8958678631672 23.0541896529067
25.4792183075696 25.4805987881454 25.46249595 25.4212382124246 25.3725622252903 25.3123102409947 25.3 25.205411982 25.1314463273989 24.7697728539999 24.5634928483208 24.4809250698856 24.6477210179797 24.6765983552748 24.5650505215598 24.3133432584653 24.0005888417402 23.4996280259252 22.1751410452999 22.2542976390753 23.2057127092402 23.15948627333 22.1901136063199 21.6006510967494 21.4120774087698 21.8185647847805 22.0609998830994 22.0702044842046 22.2209322051003 22.4306158783297 22.764107864 22.9700027251896 23.0490711107609 23.1126813590248 23.0594012934794 22.9908704195453 22.8881368118303 22.9183362677693 22.801935626 22.5036660039999 22.3840769369112 22.4016500272554 22.2275472515404 22.034043534 21.760884756 21.8107932136046 21.7994037173195 21.7424270499311 21.628205560501 21.2932761884644 21.6629271547178 22.4110257037888 22.5449455752188 22.8091469667837 23.3829288058427 23.4172842657371 23.1829604635306 23.0827615305528 23.2868779533955
25.6082269402133 25.56963879 25.528639775518 25.4799565438296 25.4186914008227 25.3756192385249 25.3087430261274 25.1395420307798 24.9544788271356 24.5822526039999 24.3665388302107 24.2605617640001 24.5543899238751 24.688631227306 24.5183620486926 24.226899734 23.8486186646044 23.3417673433033 22.5942506104417 22.5176792594737 22.075596788908 21.8264824402612 21.6694219700431 21.6598044092177 21.76755302 22.1531510886118 22.0484776271747 22.181973244 22.3385884844795 22.4708974991319 22.9299772646475 23.1793642008731 23.1777880369111 23.1940194057413 23.2608954296064 23.175051252 23.1428926229049 23.3420147483507 23.2082002080062 22.7607046313108 22.4788982363078 22.4597758581592 22.4197415339999 22.1334072025298 21.6700239567518 21.7966883352912 21.794586236444 21.7059806671256 21.5251110839999 21.4797159052836 22.5994282304946 23.2839430469677 23.3490027722724 23.4946995436344 23.8300179665591 23.8444494977201 23.7158099385087 23.6221366701941 23.8711986840504
25.655411862 25.6 25.5863304591036 25.526092963916 25.4830135570642 25.353466741911 25.1014895259503 24.9531052960051 24.5903388679707 24.4218759740342 24.1339032549459 24.015914874 24.3373433940001 24.6039385917737 24.6243543526014 24.426883414 23.8414911435168 23.1699179099998 22.5780308392116 22.2812590122314 21.909120549991 22.0566061529168 22.2396038492906 22.3675029656898 22.4806601759899 22.7087769606014 22.6909866873694 22.6923043807782 22.739320492 22.7993801244285 23.1247548223446 23.2260933324679 23.2 23.3233141509854 23.373866493527 23.4274457989066 23.5109890415665 23.7078456691722 23.3598091688176 22.6893647067488 22.469698262 22.474889156 22.5450601103153 22.3095799332956 21.8003246719999 21.7975945482315 21.7599145382365 21.5766862175664 21.3715478239999 22.1672807297736 23.1916321216848 23.637157707138 23.7317209322365 23.905356689606 24.0838647580001 24.15356326 24.1774456060788 24.2348348040394 24.3153670520001
25.7767566904994 25.7244339908877 25.6345149302747 25.5893874723382 25.4611270280977 25.1880775424359 24.7230397216457 24.72847908758 24.330420202 24.2129771700158 24.0109260432577 24.0339662187582 24.189182750581 24.3020433689354 24.5624034761613 24.5399532716936 24.2011089595327 23.8950804456779 23.5230861910648 22.8421307831276 22.6754323455166 22.6376299285149 22.3192585599842 22.5163204605972 22.7025154727899 22.8620315056462 23.088408510872 23.141717332951 23.1446057076619 23.1957443297252 23.3295751502244 23.2625045644992 23.2613983181137 23.444528186 23.48392447 23.578512008 23.7698574854345 23.8721984183568 23.6370863377914 22.9310721367868 22.553622732 22.5273884623698 22.6302520904864 22.5994868557122 22.4295039693454 22.0547363092616 21.753682444 21.6741821786158 21.4929600239999 22.5876911065338 23.5572419528533 23.876721918 23.9864393856273 24.107083128 24.214225968 24.3153494322115 24.3750165651755 24.435654488 24.48392447
25.8 25.748269022 25.641126182 25.4797608108149 25.2049219971618 24.9590202350837 24.4806394899998 24.4263146344251 24.0203384745384 23.6681728962645 23.8324512103117 23.9130702008853 23.868900437197 23.9537114060971 24.3218482787059 24.0866281658409 23.3053470152878 22.9102279280309 22.8810519211062 22.8872053806995 23.0503348155356 23.0647526970134 22.7572217587411 22.8820161560001 23.0656999262498 23.0794081320127 23.1854923704829 23.38213462 23.38213462 23.3867555450218 23.3963262827762 23.3280868014694 23.297602378285 23.460603716 23.5 23.5084492115482 23.8048819953949 24.081342002943 24.0048457035659 23.5095191845656 22.9422498789604 22.5149805784473 22.4021318645133 22.6043117864167 22.6483551953245 22.5866336865393 22.4577773451535 22.1360243864037 21.8893803239999 22.7409024923291 23.8752411637283 24.0080206703816 24.198150438 24.2842033111273 24.321368808 24.428511648 24.5316716536095 24.5867555021449 24.6446812381007
25.8 25.6974639509097 25.4850959670314 25.3363814428467 25.0104613032749 24.5852449307933 24.4134536719262 24.4 24.2911067744762 24.082653529651 23.9652472400162 23.80178985 23.7709452677511 23.7040212622237 23.4917898924616 23.1134491661576 23.0616011419058 23.09463045 23.1664802670207 23.2731426980001 23.2100910616684 23.6626841432774 23.0929617829326 23.0159570660001 23.2296694105805 23.4173750741686 23.5242272979065 23.5964203 23.6402099058033 23.69463045 23.5789912628804 23.3673593845618 23.3718495813163 23.558813866 23.59821015 23.5053155870489 24.0016114340001 24.2964203 24.1851678842424 23.4400920735356 22.8418915126848 22.6598746148827 22.5960327916043 22.6 22.7745118137109 22.7655700102663 22.696900717612 22.4540781674902 22.391500200737 23.5210194137403 24.0016394591251 24.2054520909968 24.314225968 24.4209543027598 24.496962651362 24.535654488 24.642797328 24.69821015 24.757083008
25.8524456705683 25.6937688899207 25.4117225368196 24.9821286608084 24.830681170612 24.9841254637542 25.02141196 25.0112853857105 24.6266722973443 24.6031895558334 24.368009356 24.0709799331884 23.855941299902 23.630462874 23.3317749694422 23.067097373232 23.070831047771 23.039336572 23.00535299 23.0899536512757 23.3777217127867 24.0680468674049 23.8237669130424 23.6338830027223 23.4472768871697 23.5218061246351 23.5340329061479 23.6788984707261 23.855293638 23.8155523691546 23.6741945797916 23.6445386088134 23.7135035381647 23.7288738291429 23.7454885737579 24.0218130010992 24.2317708300775 24.5155839875278 24.4955472599831 24.3015041734939 23.5945810380196 22.7639259549682 22.7587199139197 22.8615595964623 23.0525013140973 22.9467467283213 22.7282780299295 22.5694865270696 23.3151092658158 23.8895749427936 24.2140736418859 24.40535299 24.421368808 24.5272719673532 24.6319235341578 24.7073573816687 24.71070598 24.7596668953095 24.8610743897986
25.7763608541507 25.6137837910681 25.2321366554825 25.2522797946448 25.4140009315011 25.417418602715 25.3906418284278 25.198328134 25.0353574218535 24.884799253783 24.5559865447207 24.3134414680157 24.1424298182374 23.7672764447911 23.5663791519346 23.4560149649218 23.332236164 23.183966902 23.14998332 23.3406907569576 23.7263235912041 24.2006357582414 24.3303997690833 24.5908996153606 24.1084597312593 23.991940331486 23.667402012685 23.7904045103979 24.069579318 24.1831863130883 24.3037175402318 24.4655171372493 24.4701162950379 24.309448371325 24.5810460087758 24.7077597000503 24.714226208 24.803622612 24.7144971693804 24.6410377575718 24.1730857060051 23.5783177963778 23.2456036545439 23.1107649947859 23.378934326791 23.1461376733852 22.775320070529 23.1566028110177 23.841809623552 24.208753554 24.414225968 24.5136045822468 24.5390061686096 24.61249583 24.6693124023225 24.837444338 24.9 24.9 24.9
25.6458497931238 25.4954112761144 25.5008935514998 25.6131605643421 25.6267164376141 25.460840644 25.2293818940615 24.9754789565708 24.4966140759999 24.1697972105339 23.837649192173 23.8800204163611 24.0744103774043 24.0453387361158 23.975050772 23.867907932 23.701891514 23.6054812379074 23.6412958657593 24.0270793219416 24.3286477655835 24.4720795695818 24.6040962109261 24.93927734 24.9009539681791 24.5887524566865 24.1649856194629 24.114166976 24.2751085749847 24.4332588477916 24.6454620754322 24.71963867 24.8071651461203 24.83927734 24.83927734 24.8207016055511 24.8603065647749 24.930404122 24.8521480572224 24.9010278715538 24.8030247436699 24.5170320533189 23.6435056639996 23.2686179586826 23.563464757695 23.1842657019998 22.9646721959498 23.6013289540002 24.0915209134603 24.423039234 24.521368808 24.6267691131314 24.7031452936448 24.7241867224211 24.7636280268028 24.8497294380265 24.9 24.9 24.9
25.8575794293628 25.95356302 25.8789219045449 25.6157556515917 25.4143733237272 25.1552213179549 24.7908261878187 24.2667565100021 23.8547009358167 23.6114176062207 23.6523390847261 23.92513116346 23.9461609928073 24.1121012118584 24.207058734915 23.9999782109178 23.9083907094354 24.1653419147651 24.4357017680112 24.6638585207818 24.6602878903701 24.7667424703285 24.974949108 25.0803478281249 25.1023660473515 24.7350686311405 24.4011700438048 24.4523319183229 24.5248653157419 24.6078276070102 24.785654848 24.8444616393127 24.9606948765569 25 25.0234190105393 24.9828579138964 25.12678151 25.117908292 25.02678151 25.0205792074162 24.9556270499853 24.761285732803 24.1914888621038 23.784883162465 23.6435875369745 23.0948029270369 23.2566275121217 23.9438595705808 24.3426779040001 24.5881107039822 24.6021934950815 24.72678151 24.7385080501007 24.823158658 24.908115198717 24.92678151 24.9148403904652 24.8861459200563 24.8889855303526
26.0821843660128 26.0649012039297 25.9543487841533 25.7891918977635 25.5610134198402 25.2056834448052 24.5780376270284 23.8056995465687 23.2345422213037 23.3230212731027 23.9191604327731 24.1237136213516 24.0812492945556 24.4957436549328 24.6784809854509 24.4689119095504 24.6482924533671 25.1009681638015 25.162538142 25.1084554352172 24.9565483008244 24.7769330442681 24.901730618 25.0236101110511 25.2609262019811 25.1495550081283 24.8993864587791 24.9925906068848 24.9304135223134 24.853503548 24.8807567990408 24.9544873872814 25 25.0544837667289 25.1256283525941 25.228511888 25.2 25.1881166004694 25.0715089935721 25.0846976076136 25.0236446823448 24.962555422 24.8259511557382 24.5085369608806 23.7294682858212 23.2036309107661 23.8194209501912 24.3363446181081 24.6047764960251 24.63392435 24.6367976879294 24.8030101001122 24.83392435 24.8492265838048 24.930301498 25 24.955412822 24.848269982 24.858872858
26.09603357665 25.8294258279034 25.6294190373016 25.3873685096273 25.1120730860933 24.7424491259536 24.1304988697654 23.874515162693 24.0408479202827 24.1939305187473 24.8266884380001 24.9201828057661 24.921436872 24.9486966308856 25.2181586927888 25.4524402396858 25.6157948477259 25.6371576721887 25.5199978605145 25.401832282 25.2587782631661 25.0349929410161 24.983864998 25.0962372161436 25.257083488 25.3274188592048 25.264276572879 25.2078240354468 25.1558576202274 25.1536878060984 25.0538696171516 25.0691901267501 25.12320157 25.2178498528032 25.2769782702726 25.2990330301064 25.239645954758 25.1448303552951 25.016016058 25.0904892913564 25.0410751443177 24.977932857992 24.896479772 24.4577112206595 23.618497172029 23.6546416947551 24.3114963465483 24.6097599979629 24.6926006662887 24.7388443453855 24.742797328 24.8462962852661 24.9 24.9095106100823 24.9589247142435 25 24.9737235231049 24.889337172 24.899940048
25.6785716345874 25.2787524520392 25.000076032 24.6312299167463 24.4599107238673 24.203668958405 24.3877332594736 24.8471034338542 25.5803074783221 25.5014987876605 25.7457651702252 25.8012544149184 25.8253566403884 25.8460980223047 26.0103263269935 26.019749917691 25.9198270603841 25.8021570470772 25.605471454 25.4327742064635 25.3130045256865 25.1598114258499 25.055189250914 25.257083488 25.364226328 25.44821003 25.4336014373156 25.3806073399912 25.34821003 25.34821003 25.3177195459118 25.3306098187814 25.34821003 25.34821003 25.3934976128608 25.305412462 25.247494998247 25.0032622841195 25.016016058 25.076841102 25 24.9819479577128 24.8857069444059 24.4645553947025 23.7644810822077 23.9290686534564 24.444425082 24.6708050221283 24.7 24.794587298 24.8491060679512 24.9 24.9 24.923158658 25 25 25 24.9732090391968 24.9787002654963
25.3470441086257 25.3341934480041 25.183949142 25.0025178161676 25.0844443116413 25.3016034660001 25.701736304103 26.0170400594436 26.26605861 26.26605861 26.26605861 26.26605861 26.26605861 26.2827767537239 26.31070574 26.2358787121552 26.0420086018106 25.7502360699315 25.5793201119474 25.394748674 25.2101430214418 25.1571898533767 25.005191854 25.308873458 25.4071508173892 25.44464713 25.4311181664897 25.4207267814293 25.45535287 25.45535287 25.4227647877522 25.4 25.4 25.4444493830663 25.3585465699883 25.1977026750547 25.1432872515394 25.0749318280001 25.1643439724723 25.1065557425932 24.94464713 24.9279292005824 24.7614643329561 24.4451796998456 24.1855827978064 24.3186303709789 24.5627703988803 24.6824104755611 24.7 24.794587298 24.9 24.8950885520225 24.853512344917 24.923158658 25 24.9792734842645 24.94464713 24.94464713 24.977234946554
25.9781489809057 26.1503982759821 26.1403811825632 26.1084585997293 26.1822795308774 26.3228977097203 26.3827785331482 26.482075148 26.52499142 26.52499142 26.52499142 26.5394650377127 26.5496119574303 26.46249571 26.46249571 26.4430944640013 26.248370686 25.7784108897085 25.5542786022822 25.376900094 25.1298188108621 25.1354744745657 25.1280201499871 25.3199645191574 25.5149819208492 25.46249571 25.46249571 25.4765391231327 25.5 25.5 25.4779199725838 25.46249571 25.46249571 25.4424271353994 25.3719132637449 25.2915469408892 25.2881360959832 25.3227738768221 25.283983942 25.1305233059999 24.9 24.8765987451224 24.7148850648994 24.5430946440219 24.583864518 24.6745090376675 24.7457210977384 24.76249571 24.76249571 24.857083008 24.9 24.891127022 24.816015818 24.9086854902564 24.9564414263158 24.962555662 24.9 24.9 24.958872858
26.5610412724496 26.55498337502 26.6106374231849 26.6192334853896 26.60891565 26.6332966042007 26.6392771 26.6679953937911 26.7392771 26.7454566146186 26.80891565 26.8159471729718 26.7786726639999 26.6132009045621 26.6006889156427 26.6032525641525 26.4750152281046 26.058790018257 25.7035008490761 25.5905153373335 25.3427689371283 25.1771765358472 25.4070307361563 25.3142616790279 25.4893206727635 25.6231494121043 25.56963855 25.5435625216947 25.5310501985102 25.533614181285 25.5 25.5 25.5 25.419698142 25.4 25.4 25.4684335398513 25.3973059623535 25.3201624403249 25.0235012475263 24.878898309032 24.8189927331728 24.7418751953776 24.66963855 24.728511648 24.76963855 24.7918506158031 24.8 24.8608950526066 24.8983566251886 24.8987951569838 24.827667485221 24.8048626345742 24.8464888036307 24.9091999741645 24.892917112 24.83036145 24.8663854844499 24.958872858
26.808974642 26.75356278 26.7672324621935 26.77678139 26.77678139 26.77678139 26.8439230131564 26.85356278 26.8781103668313 26.9556231293312 26.97678139 26.9589992976562 26.8161290998187 26.6145243880187 26.644587898 26.7277084213873 26.694689202 26.4248573367371 26.087647786 26.0687826270436 25.8215721359999 25.6673572047186 25.725554141444 25.4692494023935 25.6537979915381 25.7714041600684 25.6837639402823 25.485773792 25.467806268 25.5112075074183 25.5 25.5 25.5 25.4813550247682 25.4096401353943 25.4726256264432 25.498269622 25.3863740397637 25.1577782840888 24.7586241609655 24.9232135563694 24.771249532532 24.7128660313055 24.7 24.758873098 24.8 24.8 24.8 24.8203033876696 24.82321861 24.8228168960053 24.8 24.8 24.8053771184823 24.8464845213552 24.862555662 24.8342346550302 24.8887923811324 24.9136694592949
26.8928321134878 26.88392423 26.8345148315719 26.8554039718983 26.88392423 26.88392423 26.971369408 26.98392423 27.0666740995022 27.0074471827191 27.08392423 27.0218921926814 26.7760309222588 26.68392423 26.728512128 26.7922403444602 26.79053561901 26.6966825169601 26.3708965720497 26.2807576405797 26.2417518886714 26.141109142 26.130505066 25.8385498733983 25.870423203229 25.88392423 25.7675875942886 25.4939804571814 25.4910920393485 25.5 25.4505910044082 25.471479339062 25.5613981425321 25.58392423 25.5698668214723 25.5830541350575 25.4157975984126 25.3822535639999 25.19799312547 25.1829255678851 25.0309534831205 24.678631192 24.61607577 24.702904211407 24.7439797396527 24.7714791376438 24.7386020588861 24.6486832554159 24.7789257161084 24.7206183384757 24.8 24.7925534215354 24.71607577 24.7355114954049 24.804871199125 24.8100563043451 24.844587178 24.8565859807146 24.81607577
