catData/variables/futureClimate2070/rcp85/bcc_csm1_1_m_2070_rcp85/bio17.asc
NCOLS 409 
NROWS 350 
XLLCORNER 60.897278365 
YLLCORNER 5.843756025 
CELLSIZE 0.0892857 
NODATA_value -9999 
[rows 81 to 107 of 350, columns 122 to 182 of 409]
12 12 12 12 12.4875979315044 13.8251492325864 13.3412801816615 12.2983399403837 12 12 12.3019176334805 14.0286935371302 16.0708624800001 16.6964023 16.6964023 16.6964023 17.5570033212086 18 17.4407676571175 18.1780566800001 18.3035977 18.3035977 18.3035977 18.14342512 17.0719967199998 15.69753894 14.3035977 14.6141138612903 15.1570555166645 15.7135996653809 16 16.7315997799999 17.2437975084832 17.9125712735622 19.2330534843924 19.6790889199998 18.723344100302 19.0486272982566 19.3035977 19.3035977 19.3035977 18.2764608499243 16.4826878199999 16.5887405800001 17.2004257839394 18.2573063618941 18.8509921798487 19.5197650021968 20.2659102042418 21.3209086800001 22.5698158400012 25.3522242696221 25.6775074675768 26.3328471289374 27.7917337434861 29.4989581600005 31.6418149600004 33.6059322026501 35.1641893353052 36.5609009332596 37.4700204287858
12 12 12 12 11.3834066248434 12.9810920600001 13.0125627319003 12 12.068142348644 12.7678307 12.8216018946123 13.90909534 16.3744601800001 17 17 17 17.6601737800002 18 17.1969694199998 17.2030225292654 17.2321693 17.2188737125214 16.3961980941496 15.6593207442222 15.410567962594 14.858785800966 13.7124798206621 13.6780554800002 14.2321693 14.3688573455465 14.9712384528255 15.9637690799999 16.2321693 17.1066258800001 18.1780542799999 19.2414434093696 19.6996920369433 19 18.6443430003989 17.6970120181724 18.5196876365442 18.4505956949159 17.2505185199999 16.9045181883402 17 17.1698544515965 17.2321693 17.4351907148528 17.6839434964808 18.7138188800002 19.8264523994747 21.1608465 21.1608465 21.9995672353795 24.8781631675009 27.3561013600006 29.4989581600005 32.0938662088667 33.8923358800003 34.4020231943902 34.6507759760183
12 12 12 11.3859941986333 11.0316606560651 12.0150230892365 12.954587505462 12.8392591 12.8535243051411 13 13 13.4004509820916 15.3244802073054 17 17 17 17.1061169275536 17.1607409 17.0316610418433 17 17 16.1434251199998 15.146476080637 14.8655737046645 13.9663676699659 13.2727725847324 13.1005502194308 13.0716721458708 13.1607409 13.6548488035262 14.6601713800002 15.117598007077 15.8346896076216 16.8744565800001 17.9458849799999 19.0173133800002 19.9857355664152 19.5704105377728 18.0862861716241 17.8879679294895 18.37445538 19.3025402598149 18.727047065394 17.8392591 17.8392591 17.2252593412988 17 16.2661063719016 16.1607409 17.1489950850101 16.4964867478068 16.6429636000001 16.8373328015905 18.391296440001 21.60558164 25.1224054713722 28.6295174003846 30.2839029147528 31.1423892800004 32.0962204444795 31.6475371208222
12 11.4638347561011 11.0893125 11.0239710659487 11 11.87446138 13.8072997790237 13 13 13 13 13.0270645258512 14.2126930400001 16.4953776561989 17.4711141072237 17.3745244417512 17 16.3337390397013 15.358002588676 15.1786249999999 15.1786249999999 14.1613092199997 13.1786249999999 13.1643195864487 13.0686276374737 13 13 13 13 13.5887429800001 14.0589615563762 14.7555712746487 15.8030281800001 16.8744565800001 18.8072906077236 19.9122338012513 20 19.8255246207988 18.9106875 19.1866503828489 19.8548185461263 20.3565712800002 20.3471728759237 19.2852163130513 18.3094798620261 17.2684026199999 17 16.1255458199996 15.1385965579263 16.0720015199998 15.0893125 15.0893125 15.3209086800002 16.7224255428018 19.3019839399998 22.962150520001 26.7305543400006 29.2509380025978 29.4577556753522 29.2439655766511 28.4649141199998
11.0178841 11.0073548758277 11 11 11 12.733283805234 13.9449220674145 13 13 13 13 13 13.0200906499154 14.3753694080935 16.027135848602 16.0252390187495 16.0178841 15.28628192 15.0035226208042 14.1411799318441 12.1599420289854 13.0175744228589 13 13 13 12.7023900277349 12.0178841 12.0178841 12.0178841 12.6066270800001 13.0178841 13.7494838799999 14.8209122800001 17.6099761021557 18.9449171815707 20 20 19.9971355004839 20.2095725478356 20.969651164813 21.3498744825385 21.5342964802197 20.9907483372417 20.9715868045932 20.3040628199999 18.5141210007035 17.193451513352 16.1255458199996 15.983083741351 14.0524599974053 15 15.1573033234058 15.9862577892427 16.6060491600006 19.1233589399999 22.3456183271889 25.5698134400007 27.6171513324851 28.0239617148666 27.2993730377817 25.4440827904301
11 11 11 11 11 12.7489227600001 13.94588978 13 13 13 13 13 13 13 13.4896176044278 14.5036771207498 13.6432609258566 13 13 12.1255410199998 11.104759497641 11.0173157800002 12 12 12 12 12 12.0238746633878 12.0535443 12.6107634492561 13 13.7707727781002 14.8565724800001 16.7088131290873 17.8923406799999 18.9628420471875 19.8136728529816 19.151593979831 20.1780542800002 20.9626810675252 21.3544054287967 22.4162140148816 23 22.4427831222376 21.3933753199999 19.5903495399998 17.4474927399998 16.1322680830494 15.0541174200001 15 15.0047514879846 15.2137120800001 16.5167366600004 18.3565688800003 19.8024502599999 21.9214326536254 24.5242303499474 27.0608849125377 27.2145486774092 25.4688941810874 24.1004349952342
11 11 11 11 11 12.7489227600001 13.827679380291 13 13 13 13 13 13 13 12.9353495002536 12.8750273 12.8750273 12.8750273 12.8750273 12.1098518197697 12 11.140124480221 12 12 12 12 12.0467969998026 12.5151352801929 13 13 13.0825033998214 14.4967422601739 15.7026715801694 15.9843104998354 16.8276751801599 17.8771909998447 18.0776514801507 18.8950441998541 19.2026550801414 20.1401841801366 20.8436479997362 21.8360442601275 23.004327099755 23.1985491998822 22.5897764199999 20.6038912402168 18.494304739896 16.3760643399992 15.1790901200001 15.1249727 15.2137120800004 16.2851404800001 17.5881650600005 19.4658670799293 20.9520549600663 22.5151310800619 23.9699699600574 24.8750273 24.7925245000476 24.0184596199998 22.3447198399233
11 11 11 11 11 12.9206679369396 13.0106273067292 13 13 13 13 13 13 12.9124269924105 12.4894851678414 12.1964011 12.0667422434168 12 12 12 12 12 12 12 12.0454866872331 12.1964011 12.57085888 13.1088285637732 13 13 13.7898297652207 14.7843138784482 15 15.8744565800001 16.1857728505455 16.8209122800002 17.8035989 17.9637690799999 18.8035989 18.8035989 19.4789662114671 21.0530815800002 22.6418221600002 24.3115676775267 24.1434299199999 21.0208959101889 19.0392590734795 17.2264343028509 16.0541174200001 16.1998009955141 16.464113068155 17.3880260081767 18.8559945600004 20.9393369991615 22.4973111028297 23 23.3141093603346 23.722826626164 23.0137748775044 22.1629749376529 22
11 11 11 11 11 13.3891775858254 13.0396179068325 13 13 13 13 13.0811608501215 13.1675380172207 12.6735335354369 12.6465937319051 13 12.3398262199998 12 12 12 12 12 12.0237683093573 12.2678295 12.4374009053272 13 13.37445778 13.6735352926462 13.1292773946958 13 14.3203427600003 15 15 15.8744565800001 16.6925490787491 16.2758688121826 16.7321705 16.8494423807757 17.5263699318822 17.81333006454 18.2741651828023 19.0586334501447 20.3604138974869 22.2163105648291 22.4453257478289 20.3936060809733 18.3411929331443 17.1255458199996 16.0541174200001 17.0173109800002 18.0237670237758 18.5881650600001 20.668993570909 22.3841835017495 23.2678295 23.0289891258704 22.2148607199998 22.0055457752396 21.2298025100758 21.4637654800002 21.9472438503537
11 11 10.7760300155432 10.6607421 10.9331773824256 12.7489227600001 13 13.3392579 13.3392579 13.3392579 13.3392579 13.4366778293679 13.4133204943004 13 13 13 12.5637953902377 12.3392579 12.3392579 12.3392579 12.3392579 12.3392579 12.3978949158561 13 13 13.1028051110971 13.5866779199186 14 13.6581884780501 13.1395221929654 14.0963744039814 14.9089431050032 15 15.5777902770281 15.9816410519563 16.9885603209406 16.3091515500749 16 16.1530269321063 16.8609647831219 17.3214842 17.1702146051531 17.4995384800001 18.57096688 19.2061938418 18.8380870107842 17.8577163199999 17.0829534087528 16.3750155577375 17.3506959932784 18.1188449157066 19.6052552753097 21.3101670136751 22.9453070600006 24.0851856367129 22.9202481206274 21.3071887903874 20.2717379985965 20 20.7315949800001 22.0754554055498
10.1786274 10.1786274 10.0607018454247 10 11.4626222666687 12.8520367427098 13 13.5893137 13.5893137 13.5893137 13.5893137 13.4107329205106 13 13 13 13 13 13 13 13 13 13 13 13 13 13.30302938 14 14 14 13.6530456961071 13.799734338582 14.7315997799999 15 15 15.5574229773382 16.5964240679728 16.9477032532835 16.3449066014055 16 16 15.6924326109454 14.9158619798381 14.8941728548509 15.7673679800001 16.8387963800001 17.4790844210819 17.4458712927856 17.4106863 17.7991473170146 18.4177956823256 18.9259632647275 20.1601677800001 21.4631923600004 23.4816011164312 23.8404077400001 21.9603149458085 20.3564598795017 19.5893137 19.860435070124 20.7315949800001 22.9358374607459
8.51788530000002 8.80172925933044 9.66017618000005 10.7054346452106 12.5990203315148 13 13 13 13 13 13 13 13 13.2149694389802 13.2327085793824 13 13 13 13 13.4215895288051 13.4821147 13.4821147 13.4393298262825 13 13.1116582369925 13.6390491613701 14 14 14 13.7161583548202 13.8361636268174 14.3788847715452 14.9050369900923 15 15 15.5351986800002 16.5606690166422 16.9170502182797 16.3704576200828 15.8539062384453 14.9495049831921 14 14 14.5887405800001 15.3418918102581 16.2494826800001 17.3209110800001 17.9394725146546 18.9458825799999 19.4910798020707 20 20.0829485387957 20.7577658143166 21.5644952710414 21.2015791122337 19.8768591077539 18.7678634693917 18.5178853 18.8597758673335 20.1200782743044 23.7012541918837
8 8.26285050874074 9.83750501844682 12.01675226 12.9120627148487 13 13 13 13 13 13 13.1677411508997 13.5535431 13.7526131331723 13.48268302 13 13 13 13.4445120366481 14.4280020800002 14.5535431 14.5535431 14.5139226485041 13.9297613470637 13.2316009800002 14 14 14 13.4272881674231 12.9559600485049 13.2947380677836 13.0414848898195 13.6959419800001 14.8610126122174 15 15.0077296779634 15.4860762799993 15.9815748979647 16.3430581159287 15.8647115138928 15.17908772 14.5535431 14.267188512215 14.262847294251 14.8118888837131 15.3266266983229 16.6939920596413 17.8744541800004 18.9458825799999 19.4464569 19.3973358285025 18.8042540305386 18.2111722325745 17.4828030199996 16.9931034633534 17.1403038813173 16.8929138 16.8929138 17.2583444552098 19.314616213174 24.0151169000004
8 8.73590116637671 10.4052889450423 12.46320916 13 13 13 13 13 13 13.1447455118038 13.7386170539057 13.7659730596151 13.3750285 13.1810198889661 13 13 13.4572305118378 13.9261308538716 14.8744589800002 15 15 15 14.879861435163 14.1920559562558 14 14 13.721333845256 12.9870130780689 12.845766896675 13 12.7256292319063 12.4242602276062 14.6704521004878 15 15 15 15.1601701799999 16 16 15.8595685605217 15.3463068451876 14.4826878199999 14 14.247582182316 14.8322560119747 16.6060515600002 17.3279452394443 18.3209110799999 18.3750285 18.3417487034275 17.7397319222816 15.9986913079908 14.825795872599 15.37445298 15.7213368451192 15.3750285 15.3750285 16.8603656755057 19.8197564400004 23.1344882209993
8.72052232900013 10.160291464883 10.8968294542656 11.9537198036484 12.8628321869688 13 13 13 13 13 13.2316033800002 13.7889686987112 13.189913951906 13 13.3602594931403 13.2863976762425 13 13.73160218 14 14.8744589800002 15 15 15 15 14.7683990199998 14 14 13.5541138199998 13 13 13 13 12.7562005642491 14.710798165134 15 15 15 15.1601701799999 16.1612852279523 16.4853719414306 15.7392293108135 15.1682297398036 14.8429439704208 14.6963999 14.6963999 15.4279972800001 16.1839973142212 16.9125699035069 17.9458825799999 18 17.9382019046417 16.9832645399998 15.0016912965921 13.8809720055808 13.98165318 14.4718305684438 14.6638545790612 15.8199944193566 18.373299540001 20.0591367272626 20.231970655411
10.5436987397951 10.9045188729539 11 11.1698578790664 12.0352046800002 12.9036078948211 13 13 12.9318578643478 12.2321717 12.4637750800002 13.1618162964834 13.2875211234271 13.7678283 13.4907240453709 13.0954816842582 13 13.1698573218543 13.8487613050895 14.8744589800002 15 15 15 15 14.7683990199998 14 14 13.5541138199998 13 13 13 13 13.6165877623016 15.5167414600003 15.0415510438111 15 15.0681384500765 15.8050152829799 16.0537706360362 16.1618174109075 15.62554462 15 15 15 15 15.1698562074302 15.8487576195137 16.2030235135428 17.9043296934008 17.9867081396551 17.1434323199996 16.0348174942321 14.5905777188237 13.1618179681195 12.7994217898733 12.1219830579927 13.0082350579021 16.3137477317897 20.2552226228395 19.8504386106539 18.4291483199999
10.5949070557048 11 11 11 11.1290821712141 11.3013071079438 12.1153309353265 12.1607433 12.1464778818671 12 12.2316033800002 13 13.3744601800001 14 13.48268302 13 13 13 12.4551329908601 13.1959455800002 14.9091712422208 15 15 14.8655740890787 14.1235149941915 14 14 13.5541138199998 12.5658402727272 12.1607433 13.2688498076268 13.8392567 14.6422848800001 15.8542763163761 15.8479553268944 15.8392567 15.8535213465651 15.8655761032948 15.1607433 15.1607433 15.100552106516 14.6257890502135 14.1607433 14.1607433 14.1607433 14.7747413028675 15.1290810138623 15.8946348294083 17.0979268673216 17.1579606759485 16.9112606199996 15.8398322199999 14.5368076399996 12.7456845909701 11.4720281477001 9.87560521999973 10.43926024116 14.3312850821118 18.40810369462 19.129432925954 18.8709193719216
10.0462043286928 10.0893149 10.690527510501 11 11 11 11.0844820511117 11.1208577169707 12.9106851 12.9106851 12.9313707327244 13 13.0334448735307 13.0893149 13.043110785663 13 13 13 12.1969694199998 12.0781022163528 13.1196841167559 14.0893149 14.0084968975621 13.1643240020345 13.0893149 13.0893149 13.0893149 13.0494906204219 12.4826854199999 12 12.1179262815751 14.1774008564276 15.7137132800002 15.9887871019971 16 16 15.9191841832064 15.0750093163903 15 15 15 14.5541162199998 13.5288915056254 13.6254721739714 14.6012060535683 14.976027646835 15.731303612762 16.7851392800004 16.9951665080444 16.9842351484475 15.91976188885 14.164324430746 14.0479449206858 13.3317005500597 10.9100852904635 8.64343351999971 9.12393446000043 12.4968507116737 15.5579256720767 16.9341973475209 17.9099312271177
9.01788649999999 9.01788649999999 9.02969474124355 9.7542917346798 10.0178865 10.8767068265267 11 11.0006195232531 11.1229322142968 12.1751965102202 13 12.702388397933 12.0178865 12.0178865 12.5259504898372 13 13 13 12.1969694199998 12 12.9458873799999 13.0178865 13.0162991772244 13 13 12.7023907550054 12.0178865 12.4557973368416 12.9907470527648 13.5603259286883 13.964227 14.0034842783949 15.6095794964587 16 16.9289664083052 16 15.9112582199999 14.8426947039246 14.0178865 14.3154933879223 15 14.5541162199998 13.9907470956924 13.9926440083842 14.0118081124608 14.7363981634627 15.014363320614 15.8923406800004 15.0889224487672 15.9835741728434 14.0325985261592 14 14 13.6915553708495 11.8587545600001 9.53623211999974 9.5086761413802 11.1985372909135 14.0044646704678 15.0309721736098 15.0501362776863
8.9464581 8.9464581 9.60663428000004 9.9856295992619 10.8030329800002 11 11 10.9464581 10.9464581 10.9464581 10.9464581 11.2332649827384 11.9129655095115 11.9703318217615 12 12.5572228337387 12.9818050585114 13 13 13 13 13 12.9952484679888 12.9464581 12.7148571199998 11.962682868761 12 12 12.4896165744892 13.5036786622392 13.9282630300108 13.9856293422608 14 14.7808164464787 14.8929162 13.8919892087394 13.8441257035106 13.9100678315211 14 14 14.3544063274896 14.1024374695205 13.0258440229897 13.5887405800001 14 14 14 14.8276342417402 14.9464581 13.9836158827599 13.04879062499 13 13.2191960804903 13.3890824752791 12.0870348759901 11.6315338562596 11.5966958314904 12.6422800800002 13.0181953269903 13.6532530094808 13.8499208024904
7.9396792581144 8 8.57767376473257 9.60663427999996 10.5777074075796 10.859341100997 10.8750297 10 10 10 9.97105645612035 9.87502969999997 10.2026934789674 11.1959479800002 11.7500593999999 11.8972107735244 12.5776716646614 12.9664582439152 13 13 13 12.9978360417786 12.7973759067977 11.9799831846256 11.6723719639507 11.2651597074725 11.8750297 11.8750297 11.939678658257 12 12.5776695645901 13.5152012360134 13.7500593999999 12.9848839211394 12.7568221702839 11.7349096782924 10.9637714800001 12.1553370291086 13.6829749880443 13.8750297 13.9218255011752 14 13.5473364783282 13.6401357930953 14.0825015154813 14.0335423559422 14 14 13.8817927702126 13.8750297 13.79738010694 13.0200162155169 13.1539129440935 13.5529651800004 13.9222831212466 13.3749109000001 13.3102625416005 13.6915292060481 13.257332204447 12.0520070758707 11.0473900927055
7.32092068000003 7.91923059861993 8 8.58791839157396 8.96131593332917 9.87446138000003 10 9.80360130000003 9.80360130000003 9.80360130000003 9.61748452274745 9 9 9.27074470508646 9.60720260000006 10.5534357054743 11.6033770164984 12.53520348 12.8036013 12.9753439068754 13 12.9860850166813 12.1615402168308 11.6748864064877 10.9545138686092 10.8036013 10.8036013 10.8036013 11.2193159689971 11.7228309559062 11.8036013 11.8036013 11.8036013 11.8036013 11.0434869004216 10 10.0887417800001 11 11.4177114999665 12.863115404937 13.30091283016 13.8036013 13.8036013 13.9192291845493 14.4008563210955 14.0192899943554 13.8036013 13.8036013 13.0434888290647 12.8036013 12.8210295988709 13.191624523774 14.4279948800002 15.4994232800003 16.2699407784831 16.3052268766137 15.6790889199997 14.4920331068074 12.6796668399993 10.6804943429983 10.1963987
6.37876723068079 7.47860329054901 8 8 8.58795898576237 9.60663428000001 9.73217289999998 9 9 9 9 9 8.8997094159251 8.28628431999977 7.73217289999998 7.73217289999998 9.35906938201354 11.3200066604461 11.9472462514528 12.8744589800002 13 13 12.8225116399997 10.9571014423991 10.5626009388304 10 10 10 10 10.4310616550213 10.7321729 10.928115147438 11 11 10.746666368873 10 10.0649743264139 10.7750708148158 11.2315985800002 12.2218681427249 12.7321729 12.971012419469 13.2678271 13.5412063156126 13.2488150634233 13.195941604653 13.2678271 12.7994220457752 12.4788399116581 11.7368092495716 12.1125061908017 13.5452653879693 15.2936239132608 16.6520098744905 17.7095298685605 17.6735377369492 16.8890668981789 15.2004978005909 12.9474939399994 11.5362321199999 11.4828985230977
5.83624794492158 7.17749556000028 8 8 8 8.87446138000003 9 9 9 9 9 9 8.62553981999994 7.55411141999979 7 7 7.66017378000019 9.94660647662287 11.7362076209334 12.8744589800002 13 12.9941255263981 12.5133630911577 10.8941668487142 10.2606835937296 10 9.87296313861719 9.66074449999997 9.48524268350473 9.52122329405138 9.88471127160764 10.4834005308361 10.6607445 10.6607445 10.0357562018324 10 10 10.1601701799999 11.1530274879429 11.7635480696134 12 12.5892305105486 13.3214889999999 13.1322153796763 13 13.7315973800001 13.7275690874932 12.2084995300623 11.0541174200001 11.0173109800002 12.1774787600008 14.2145055802879 15.8024478600005 17.8425019046004 18.7525822529564 18.1879877894873 17.8244998119311 16.2939952912495 14.0189223399994 12.6076605199999 13.4147089782937
5.30486463947604 6.76681166000031 7.86043982828953 8 8 8.87446138000003 9 9 9 9 9 9 8.77932458711706 7.78167605899983 7 7.24178824876541 8.34198042264836 9.98411492346899 11.6869533295866 12.8744589800002 13 12.9755729079378 11.5370177259446 11 10.8635138137101 10.286234612407 9.62554221999997 9 8.48268541999988 8.58874298000008 9.38904962299333 9.58931610000003 9.91910684477237 10 10 10 10 10.1601701799999 11 11.4274752819518 12.2569011041656 11.8168827102828 11.5893161 12.1780566800001 12.8604368713655 13.4311421147519 13.1160800791309 12.1255458199996 11.0541174200001 11.0244203207795 12.6246064946629 15.0759250314553 16.8738762600004 18.4648138473795 18.5893161 18.1434347199998 16.8595555220412 15.5898940199999 14.1294188257236 13.1581753996068 14.2762579865106
5 6.17749556000028 7.66017618000005 8 8 8.87446138000003 9 9 9 9 9 9 9 8.53815957769485 7.96422459999999 8.83681136926633 10.1301286610492 10.8610000703152 11.8030305800002 12.8744589800002 13 12.4916042905218 11 11 11 10.5508764286407 9.32396062156868 8.7850327882219 8.24997684198728 8.58874298000008 9 9 9.41587841717546 9.939473973034 10 10.4737653065473 10 10.1601701799999 11 11.1677748571305 11.3597372644992 10.8048576747084 10.5178877 11.3904673551272 12.6601689800001 13 13 12.1255458199996 11.5101390461738 12.4726130236172 14.1876603934086 16.7194989368018 18.2041062259782 18.8430672972202 18.1210555251407 17.0720063199997 15.4832681399996 14.2129874380575 13.3398334199997 13 13.8030233800001
5.28635733172878 6.73103626000031 7.8482824951995 8 8.44451143787241 8.94395211559185 9 9 9 9 9 9 9 9.24681747669533 9.83989670323111 10.6327831004662 11 11.4049715828387 12.3565712800002 12.9439510440896 13 11.9826842199998 11 11 10.87179943141 9.84040054000005 8.44645929999997 8.24738926819743 8 8.58874298000008 9 9.40497025434103 9.55354070000003 9.94394997258726 10.5235858339487 10.9922702804845 10.5535407 10.6250501664437 10.8718007599077 10.311170086628 10 10 10 11.1774811600001 12.6601689800001 13 13 12.609591798915 13.077125205451 15.1243923800002 16.2845601600009 18.2500981898828 18.8718020884053 18.4464593 17.9048283046663 16.5541186199997 14.9653804399996 13.6741094557259 13.1517217908096 13 13.8030233800001
