catData/variables/futureClimate2070/rcp85/bcc_csm1_1_m_2070_rcp85/bio16.asc
NCOLS 409 
NROWS 350 
XLLCORNER 60.897278365 
YLLCORNER 5.843756025 
CELLSIZE 0.0892857 
NODATA_value -9999 
[rows 75 to 99 of 350, columns 56 to 111 of 409]
-9999 -9999 -9999 -9999 109.399329073859 111.114722996791 116.267835185411 117.252294402761 117.804622557333 121.377908400448 124.378771776361 123.55465334 123.522083224569 124.464336964104 123.699996599947 123.120661584409 117.767677911075 113.173299638799 112.194928548979 115.211763718764 112.654724368513 111.235725657168 107.8998463667 102.879392490267 96.6189273983156 90.6782486649276 88.6495285230967 90.9977757130999 93.1080230343716 95.7996822587285 98.7270047546424 105.789525778889 117.337665932942 131.572079457617 145.473047403405 161.128118365788 174.920862320002 190.693226366042 206.791581538046 222.5096077 239.241214680002 254.385189270304 267.582604260003 278.925022638476 286.83524486 296.063151159823 293.486681391205 305.776434122169 258.639210989046 226.995980085981 201.222059953844 172.760257624649 153.358346075249 146.736903880665 144.603102090262 144.1965043
-9999 -9999 -9999 -9999 103.090623030087 107.905033968436 111.20017190991 112.593695051148 116.119789535872 120.990512926378 122.818467984953 121.80470434 120.098058494221 119.891166446191 120.512821213397 124.140842720001 115.50487110743 109.205302344317 103.766266152703 104.957313786662 102.924912921708 100.563318138982 100.192242340963 98.6089627599996 94.0366032551009 90.1649066268477 93.5538541462161 99.881563679832 104.364383744758 109.211221442331 111.373875566796 116.636216819152 128.52332079403 141.741106531118 155.476250436024 170.550780044734 184.744407335681 200.402519100002 216.824960213009 233.423632076917 250.294758980002 265.477982584517 278.689796060003 290.672470680001 299.316413717959 303.783840454526 309.451764842937 307.038560337396 250.48510975748 224.794081249375 198.564412765813 165.236137138131 147.998815964558 141.627218379999 140.418425296896 141.139369207034
-9999 -9999 -9999 -9999 104.141065014166 105.683711297427 106.683225101376 109.693876976052 114.48650330721 117.620019450471 118.676346646269 117.937934436992 116.710708298987 117.32092548 116.599909760325 116.982046320289 110.889462300219 103.825262039999 96.799128322355 96.4153624846007 104.080121210254 113.022050599164 120.141728554199 113.0419332437 100.423577449533 95.3305789864525 99.5923930577195 109.117036810833 117.636752865432 127.133304071379 131.950690987351 136.116290306633 144.721190067359 156.260847246199 166.875357848008 178.635743344746 192.748730778517 208.929506316449 226.278250165038 244.430932975106 261.267084774679 275.06482216 288.581560043841 301.803415115975 309.909663243014 310.900979784274 321.829784295744 304.07306093684 240.617530743522 210.746388352702 187.027824802482 159.384651578277 144.33068421207 138.244037526048 137.310189665576 139.352987979527
-9999 -9999 -9999 95.0070325548852 103.56384945081 103.958536917745 103.673598344679 105.586750500001 110.208341437095 112.752226283554 114.58830666 113.50352655935 113.073616306285 113.262857559658 112.66973825923 110.742154431647 103.996144832181 95.6506036113867 93.9534207289794 105.362804125871 119.027986920002 134.574673987807 151.126101932455 151.894458745667 136.533752989045 123.918097437182 113.298018974253 113.480364053908 125.638515496592 135.792164595832 143.968079531104 150.434653318039 156.524177324973 164.733503708094 174.292989758843 186.314326440001 200.797900147292 217.437165060002 235.882356180266 254.638044060539 270.757574079554 285.176530637856 301.57656710274 315.691614823752 319.683004764554 320.996259510716 328.09642390776 290.692004497327 238.697871319996 202.572418251425 174.828888721252 155.418358883274 143.3088993 136.71586656 136.484190877528 139.19482094
-9999 -9999 -9999 -9999 101.3393635 101.090505738062 99.6576083486701 100.915239920723 105.120187579772 106.769602480494 108.873474331101 107.868414476581 106.608027044634 106.728334588301 106.169300127663 105.049971548281 100.789286463022 88.4219776332208 94.1436501957843 106.745239432857 119.235005637437 130.388488082129 145.123472325555 154.346979003989 153.357454 150.707629153884 137.256225953388 128.685276251434 135.159959668586 145.820243014702 151.61589129303 157.844764013866 162.835458460001 170.655821620001 180.914908782936 193.814325240001 208.699113933098 225.761768657514 244.703977920001 263.620761121273 281.863538983989 301.558631260398 317.522991944411 328.363049023477 329.957753891767 332.67750534137 329.083620704551 265.646500563588 226.340821343821 196.447035557526 174.267844498344 158.417006939999 147.453593130113 141.662113459999 140.357664815689 141.706138436905
-9999 -9999 -9999 -9999 98.0141347081977 96.6548692216199 95.5579961546773 96.8107370677711 99.2501566000001 99.5846053110105 100.51753778 101.662484019662 101.052293638349 101.04885322526 98.339148206911 89.8645038131174 86.1493946328436 83.4039392907366 92.8684136240374 101.501283109905 107.560930610396 113.129353422562 124.478349798839 132.096977775443 136.923728364421 145.724387848011 144.208914460565 143.645935554325 148.164496999454 152.73209465243 155.496477815411 160.726759150924 167.232109652053 176.191483020001 186.616030372538 200.253767693184 215.507289141101 232.259201980002 250.307400699323 268.88371556 289.903733063555 312.30580232501 326.909054806431 335.574080401068 335.908736175349 340.862868922223 319.15547899955 243.42940213446 210.67737454279 192.166600199735 177.178153394819 165.235138014047 156.326825250401 151.115534963879 148.551992138161 147.359692377326
-9999 -9999 89.6920931848331 91.5526488600003 93.4022830192564 92.165758401302 92.6263009300427 95.3950471746075 95.7820311251239 94.9107930999999 95.0678529884712 97.3906749335742 98.050176435619 97.0976976023352 90.9024192814491 78.6696424617533 74.3718665114019 81.1853449058479 92.1592117084358 97.7746372398727 102.444232036036 103.159767715837 104.949543814985 110.263143137414 119.374393198532 126.784463235583 132.875821331046 144.520608942992 151.140523994967 152.51977503039 157.792613522176 163.906886860001 171.584393220001 181.338800058572 192.261338460002 205.513520177339 220.141839955295 234.981447992992 250.377577262406 267.509578309157 290.577378571555 310.065726415465 319.28773840417 327.893189278049 337.881722936043 330.916265319824 273.227593947043 225.422632959259 203.708118964755 193.720102407776 183.651722846682 174.875622630773 167.55649462 161.485410621045 157.027763776954 153.392616572864
68.0704285600003 77.0060465274984 84.2793343247877 86.2088135042411 88.9080701826124 88.6965079 89.8008108193571 93.0693234268157 92.8495583204997 92.6304953821122 93.3120036370618 96.0824269551378 93.7765091816496 92.7849132759187 88.7842977116553 75.2598419458888 71.5725398400002 75.0612647814491 86.775760660544 88.0528540980941 88.4217815656262 94.4840205698688 95.633002193225 104.230177361749 112.55536662945 113.760310171578 125.746630034352 137.88217191351 150.130000382452 155.424461445729 160.281566139156 166.603727225388 171.331270497026 182.202969486192 194.425799791157 204.636014640001 218.939051220002 232.020139853348 244.358443725488 261.181520291257 280.488649040001 294.540374312885 304.322950184465 323.960026206738 336.146751032562 319.373466095221 233.1812865477 211.246799141652 203.8579169239 199.112903228041 192.721977175437 185.89942396609 179.34220702 172.461576157164 165.51687653638 159.324886380843
65.9275717600003 72.8644863743831 77.7393567234286 80.8847840625403 85.4822227000001 85.751099461333 87.9300471692707 90.1304673900633 89.5020607857145 90.2654588967619 93.0748868716823 93.1842609445712 89.6109094471107 87.9858091634919 83.9175733870469 68.379565244696 70.7449657387944 70.6319860718105 78.9904741847612 77.6388525122235 78.1760012885692 80.2228153516836 83.8415953810802 89.5551796666631 94.8567555394326 103.279299086354 114.307097146664 122.693136860001 138.639333436194 149.257034587146 154.06951512 162.074583471305 169.506969270099 182.954280426664 191.06985637308 199.234554796762 214.56765571423 232.135728293051 243.50631553714 253.817127735866 267.222919789778 283.089784478863 303.243045274111 310.569795039027 299.720862472359 296.732900692073 222.340884489907 207.352924370005 207.211711305399 205.698417429591 203.249361446288 198.769968996794 191.938103597013 183.122370947615 173.823960078219 164.643148373234
63.9640794347764 68.7071947075032 75.7251199018207 80.0708685217021 84.0084811706761 83.4989989599999 85.4516126772526 87.4340971319941 88.5465789663049 87.5658147444491 90.776815884526 92.5937779124938 89.6383717849517 85.9358420429022 82.626053779147 65.5412537587998 70.5768587632467 72.7286630061614 72.4391917836733 71.7526251746984 73.7791040914476 76.0877491400002 79.3689240044524 81.9226210236037 84.7406975501763 90.0789403332097 105.526336814361 129.38207461218 139.145255931144 149.462952429899 159.773462255843 168.312109618008 170.336485297787 176.600586850951 183.526013200148 193.421251402198 206.810837358764 220.819339499447 238.349561761738 249.654654679205 248.664724895524 256.273492511004 272.137678382086 280.78980793509 308.665053365865 247.850950452594 212.613137460858 209.273302226798 212.465755192119 215.721065796347 216.145875636474 212.203401072501 204.318557281477 193.646476020901 181.450931138278 169.547131516803
62.6274964232735 67.3902510000008 76.497166915952 80.0352802293447 82.0341808326794 82.6529024200618 85.0763655430866 83.878959749469 87.641204726257 89.6335957883127 92.9562194896337 92.9926452958596 87.753934245523 86.4514593542175 78.2456569704383 75.810161197385 67.5419937847324 71.0014225317499 68.9648961199999 68.6886611059054 72.2536392696958 73.6472705823443 76.17706164 78.9374741723594 81.5969998602896 85.9974272000003 96.0821139302779 115.63079345294 113.44244526148 124.573111265875 150.769759721121 162.159529611172 164.638239998524 170.893196114126 176.732720806775 185.171837238267 198.136834019649 218.28122788225 231.122133369983 227.85892322016 229.932765805363 241.730331064688 247.007385663498 282.768488499272 299.545023998422 226.090828747773 212.803025901445 211.91671646639 218.291944372297 224.373735590499 228.175533072554 226.530065398202 217.569516743337 203.014139268374 186.359180818969 171.461625224782
63.3411753639685 69.407473180001 77.5759041939629 81.8065626047136 80.2222364720707 83.0192359011471 81.974913996956 79.3776798458612 80.4546755829903 82.8067760445951 85.30315178 81.7906195471272 78.1630682926996 77.6931047308619 75.4845982240811 76.7422205964947 67.642301240346 68.8771445799993 65.0399642675289 66.6064304351722 69.8230274646551 70.5363123214371 72.6218002377588 74.707288154081 77.3101026504028 81.0242494734491 90.9954794982794 97.9296694869507 101.81801063172 112.014128956037 136.566408075005 151.91829866741 151.137519714664 161.752074977301 175.379448771895 184.876250370399 197.998313711328 208.659533127761 210.824181604365 219.851728417077 240.135639170186 243.063753285506 242.50449094643 255.060007269329 246.56912680948 224.022678153161 213.653552094645 209.763601788389 218.073162895746 228.934636426202 238.83520288183 241.276306848906 230.064397091905 210.291056651208 189.456606979999 171.29428832
66.0208469606291 72.7310436793778 77.5201283037113 78.5066065981583 79.30772780061 83.1093066800001 80.0106155794003 80.6098557194047 81.9659584988191 83.2991668817567 81.7156162770942 81.2486688559646 76.2485746211427 73.0274129222684 73.327723065062 76.1235221400004 69.4057605577884 67.8100471789025 64.2692087616313 65.7700732994609 66.5119756410692 68.9659951794704 70.077725880525 71.0709800800001 72.5950833605158 74.604040860511 79.6664005620259 91.6606531225087 108.700998293045 119.760741536555 133.408511990727 148.733797595172 154.564578394261 153.277120844263 166.203211340939 180.848908263714 196.02598158092 202.973293214542 206.80666867685 212.038643606236 219.482137102645 227.746464793023 235.146339327335 233.767863060426 225.926627659578 207.20233971666 197.674883538762 202.171872920408 212.433543159598 225.954913820399 241.008285501971 248.27258777961 234.614915157692 210.554724658856 188.954283678873 171.102232019259
69.211072080001 75.3118831237319 75.6294211702519 75.2517953064159 78.6606751062683 80.8015096790778 77.9339600137735 79.1370307634804 81.8850084638574 84.0351701772335 83.9639548148626 87.1638394552187 84.1140362207554 78.9693996891824 72.0065878939402 71.3233985537093 69.3171747884921 66.961941244947 64.7497063427675 64.3251252522849 65.1861239359539 66.3501639996227 67.6071978 67.9655210869601 68.8265197706288 69.8031505800001 72.0652849979667 79.7461898783656 102.032765376686 117.606147825617 115.326326193587 125.565229681553 140.066221600128 148.851611459754 158.887678579522 172.263005521135 182.770087293271 191.464416076518 201.541966883897 202.767982432078 202.028411566645 217.699336044989 221.063765853339 213.294929447374 202.285177292071 185.037020321636 183.621353517317 190.728223940001 200.275739634717 213.362589969392 225.326045364067 229.839866310315 220.101518739875 201.614826063815 183.862111117924 168.813759826919
70.2826108800011 72.1669703043862 74.1596330599998 77.1545633203338 81.5958705911824 78.3374151575199 76.0982475514175 76.0605824959246 79.4410744902 85.7467214800009 87.5840972856578 81.4864524599995 79.7763512558136 78.1465668398886 73.1919097794807 67.0744166627023 70.0552853680167 65.8906213319603 63.7971551566888 64.5072431559692 64.7321705 64.9540484587154 65.3640469460576 65.1965115000001 65.057956180742 65.5174369800002 67.0722321754267 73.6053397793804 81.4073272600012 85.2999739578303 91.2178142264346 96.810905060688 106.237795334796 119.035919442793 141.049461718298 160.284079304521 174.870474542672 179.430327229525 180.907383062338 183.960376049126 184.290449636435 197.433819324409 218.937808514203 197.435942742923 171.894608306899 164.763292775217 168.180687064542 176.221094869613 184.675138613911 193.662911812892 201.321492074919 203.799728641019 197.842152088383 186.744805505336 174.55214195496 163.3256414466
69.3631485870418 73.5986079425053 75.2677679570218 80.7469124557401 84.0371518262034 77.8941577184421 77.3392579 77.9507316692329 82.9880222669764 90.6697975193436 87.6623442431808 77.473204890606 70.5130372093378 67.016508814121 67.9132963220961 70.3804088180005 70.9826075054598 63.3392579 63.3091466647611 63.1601845799999 63.9214234667924 63.6607421 63.1592304888237 62.1702097198393 61.6404068491449 61.5107596237413 62.0791793528863 64.250340763902 69.7684206847533 76.7557460437335 93.1289624488191 105.264644667788 108.082673287762 108.442442710005 118.555996243819 131.157827104596 138.978378993026 146.365657906526 152.616761820296 156.613603828269 159.443039566316 173.581308956781 187.958955234098 167.144544594823 151.28879148365 148.670385242184 153.752788073199 159.92370544843 166.775298055231 173.505962172492 178.211196737262 179.42969072 176.298169922121 169.982308958764 162.640873156027 155.89152458298
71.494645283141 75.6525497093584 76.3884689021916 81.1510843075022 79.4482484728132 77.9342134018756 77.9697987537415 80.4442340200005 86.8698724875432 91.5850416231592 84.8675396574324 74.8061009699285 63.6381859340958 63.9105937593888 66.7298806436908 71.7381953550665 71.8532548365446 64.8142563181445 64.3219301199999 63.5050852675227 63.7683870199998 62.7510901138017 61.42968784 59.7327292199999 58.9661684609681 58.17918612 57.4968128303463 58.2195524900709 60.7586501191737 65.160829885587 83.0959225111561 108.201325132792 116.503898733423 116.661829283397 121.073543569322 134.384738618848 134.081901639339 129.963794427705 131.492126773539 133.355559142609 140.113480951955 145.148119341365 141.617116562398 137.828044439878 134.03390682525 134.319683720001 138.657699724128 143.6406044 148.943999660519 153.81979292 157.35657656 158.344875522427 156.678824527738 153.557601746097 149.762877795078 146.457405671011
73.1254047103824 76.7176663225137 77.9101311799999 80.456429385468 78.9112414199998 77.9170415178066 78.6319065788891 82.9280099145923 84.8249002436858 83.2527036956425 78.8202061419582 76.7950752257887 68.300899467805 66.9747079472809 71.1406291200005 73.287085797456 70.745922725087 66.4731408974562 65.8754732199998 64.8870020592687 64.027173675262 61.9118025399998 59.76894574 58.0719871199999 56.7511479710812 54.8793207588875 53.4113578199999 52.3660996123377 55.2332968328123 61.2155312142129 66.727549602513 73.3762493116181 85.4266022258715 93.516689291185 91.2168482652947 99.1199143906913 108.12291903998 109.364999041648 113.442584963688 119.33760652829 123.476982904408 125.075628043244 124.798742138393 122.104619939938 119.806884523337 120.749326893389 124.044726075057 127.896843046839 132.092651048219 135.834327430145 139.035094760001 140.07119304687 139.268223409537 138.158469372811 137.048715336086 137.023286759042
73.8899710123328 78.1769632400005 81.07023709079 80.9557466384387 78.4068300195247 78.3546815899553 81.3474464890952 84.9717902134169 82.8351516803332 77.6518242973791 76.8937496219269 76.6421659978151 71.1885156826588 71.3802745224027 75.4263427200006 74.7620002686121 69.4017428950938 68.6510376269426 67.9691996489785 66.3046894510147 64.3051610599995 61.3939172399998 59.25106044 57.0604540983166 54.5718980811942 51.5731057599998 48.9483074105323 51.628804772373 59.3851176613245 67.1031679600009 71.2418810734104 71.8556210108922 70.9072058398569 72.3765785375902 73.8331122415547 80.4748752328206 87.7902513656265 92.5543115676623 100.015789230907 108.936767558669 114.398400011151 114.058832103223 113.464569 109.482649559877 109.012318156173 109.48962594395 111.128152325986 113.749355728021 116.602167310058 120.15950634 123.206609065871 124.604867523835 124.071122898201 124.129838299763 125.45379469318 127.886302055691
73.2975081142831 78.4665190200181 81.6012838114013 80.3338688285894 78.1664147486417 80.6157747171709 85.281594508539 87.4961270484953 83.3951596199569 76.6622982599995 78.2332766372478 75.6568150083405 73.0702780376425 76.6762857200004 78.4526056910678 74.9085196798453 71.4190120631033 73.0967003513414 71.1559633911529 67.2044915427607 64.3051610599995 61.0151327883583 57.7670844998887 54.7873909599996 51.5731057599997 47.9908654770167 49.8833092245584 60.3125708346936 71.2288968458559 79.2459095600008 81.7800031311279 80.5684370025461 77.0308871909478 72.7790844507681 68.8553027956137 70.9132165941116 78.9502488405399 84.4087826200005 91.022514004957 98.0690764000002 102.436022190632 102.985165038163 102.750285 101.110536301069 100.638722770991 100.62086974241 100.386358010743 100.920809357376 103.82013804 107.223812465958 110.639649999752 112.403984154539 112.879585957659 113.58897818 116.393356537411 120.277253951701
76.2404738162335 80.0274168768465 80.3084256449945 79.2930772112378 79.2099215049454 85.1713802031466 89.31914881253 89.0058345333857 80.583368391295 72.8697736406774 73.0018320602434 75.1198391089002 78.0195749888273 82.4084562200004 83.2381956924077 76.3701184878993 72.8422768063582 75.6617443399996 73.2526189999994 68.1042936345067 64.1438658038887 60.0914345799996 55.919410042655 51.9589822120373 47.9985543814203 49.5995052087513 59.9450877194426 75.0926349512935 88.2912744020972 96.0474984283356 96.4672501554354 90.8464359084011 83.6110142529662 76.489853957598 68.2860768257463 64.9763304631598 70.4856933140156 76.522905696603 81.6656764383415 86.5697566621634 90.5794629969081 93.4829956781422 94.6844361296884 95.4305787603054 94.57210592 93.0958139984601 91.278242967843 90.1013910572261 92.8921174533916 96.9445472200002 101.002885609251 103.881614185243 105.69918521586 107.516756246477 110.85511472 115.14082832
79.2026988418181 80.9417125424788 79.3278080642957 78.285398110593 81.9247949600011 88.4522484338579 87.9169940252063 80.3611234991525 72.4363440110335 72.7621168387943 75.9267850399999 80.3185850000005 84.508631894859 86.2864102316589 87.1522554190291 79.4332460799988 75.4657867600003 74.4296878399996 72.1568615136074 68.3592616800002 64.0735480799993 59.7878344799996 55.2145923854212 50.1062057384768 50.1616529415951 59.4699582708206 74.3170459870631 93.470221897191 110.691607764966 118.235420656816 113.588606799229 101.459862457565 88.2455937479512 78.3261886799992 68.790879924192 62.4432429254586 65.1754910800008 71.5005370987352 76.7658118200002 81.0515254200001 85.3372390200004 88.8913432400001 91.1161480134536 91.6673696996031 92.2031897746812 89.4163963657153 86.3145748763155 82.8363803281719 86.265126535116 91.3735131820594 95.9068502109974 99.1628431159469 101.73115866 104.326074509835 108.611961516778 113.15859962
79.7866106801346 78.0643694274529 76.545024046407 77.2155195503235 80.4958492623154 82.0170704075645 78.7545099599985 72.5802612158582 73.8350771380859 77.8908180507018 83.0507858777072 86.6813661966423 90.4457148182202 92.6495523023801 85.5903330921953 82.5386283402849 77.9316238756187 73.1260877399996 70.8944747599996 67.6544409620019 63.8791653347272 58.9485777799996 54.2883944 50.8023675754139 55.7981488350601 68.9280897832474 86.7784343546833 110.773366440821 135.507661591476 143.619856785296 127.994677404302 107.895566415017 89.8027444909683 77.4502357444279 66.3977346799987 59.9908848886525 63.4075475800008 69.8361179800007 75.6642078041373 80.8491248674074 84.9259193093228 88.808836213948 90.7713774227822 91 91.94589458 88.9625694870287 86.5444701805983 83.729445532861 85.8029188831607 90.00653193978 93.4448815400004 96.6591667400003 99.790295929921 103.421106373192 107.192774307077 111.24791452
77.4310774945893 75.4521058350249 75.9555653342189 81.5422866931747 80.7569503310903 79.0041357359 77.2910352374835 76.0767603252817 80.1906319506191 83.3370278200008 88.6573993799998 94.2868731739247 98.8958734469229 100.350824847325 93.003965144542 93.5852689756058 77.1388936994883 72.0704394910618 70.6529025293406 66.6087611600001 63.1421764898519 58.7878344799996 54.1276511 52.2182184859298 59.422647680001 73.5107954078377 92.1862246200025 117.599302847032 149.676923633022 157.744049607552 131.431350621789 105.045402759997 86.211387494984 72.684570519999 61.5730035842071 57.3432029790264 64.1574893800009 70.1799891370017 75.5866209000003 81.4799311021927 86.4924450217898 90.0815419586139 92.4450374209836 93.61773352058 93.8165377798233 92.5923186602261 89.5466257193704 87.6570468410328 88.4475659014363 91.4545090418392 93.6930603622424 96.3376801400003 100.023082576952 103.729519803452 107.581750536145 111.83711302
76.2297940998268 75.2510532399997 76.8748846878119 79.0873899312067 80.8224828399997 78.9971348155822 78.9696851345169 80.1460495125715 86.2697041434673 91.8530374028968 95.5047306551989 102.396807971123 106.200896385908 104.737096511091 97.5076362388918 101.987185959266 81.1688975770437 73.9128635266734 70.7321439225861 67.65887919851 64.810304845566 59.7699479799996 55.1097646 53.3198080400005 60.164632461874 72.6748762719002 88.6341321900812 108.081658138722 127.081774732695 130.514217864512 112.377478016671 91.9546986391786 75.2172849310269 63.5562916014365 55.7923540109695 59.7699946867163 65.8432618107931 71.6495126651318 77.5508479000003 82.9185206230223 88.2712100729018 92.1590551400001 95.3589768047488 97.6796317206717 98.8574298365949 96.893498192518 94.7330647399999 92.753252775635 92.3958130197119 94.2547973437883 95.3453898478649 97.3197936400003 101.05140062 104.748364040001 107.974457524171 112.644949011752
