catData/variables/futureClimate2070/rcp85/bcc_csm1_1_m_2070_rcp85/bio17.asc
NCOLS 409 
NROWS 350 
XLLCORNER 60.897278365 
YLLCORNER 5.843756025 
CELLSIZE 0.0892857 
NODATA_value -9999 
[rows 162 to 188 of 350, columns 244 to 304 of 409]
14.8253342384557 15.5042634229515 14.8341520451027 14.8372382041636 14.0357946 14.62452078 16.3324737908714 18.1104678300679 19.3209086800001 20.3923370800004 20.028034723422 19.9827034199998 18.9572254475844 18.5178973 18.6378328785913 19.0249484718109 19.5683593095981 20.9637642800003 22.5524880600004 23.5178973 24.5199405116116 26.1462587871146 26.5536919 25.6479543837574 23.6261657399999 22.5089406908722 22.0459491846312 22.4349555398656 22.0082892912754 21.8788676888588 21.3239778133557 21.2149525178525 21.9993956800002 24.5320910068463 28.2629147313435 29.825190464161 28.7740671796642 27.6076677199997 25.59037594 24.4821027 24.5708228800004 25.5650432171809 26 26 25.9865972926184 25.5183432199996 25.4814959800002 26.8367473897995 29.1084914057048 29.9642054 29.9642054 29.5426390922139 29.4821027 29.9558701432206 29.5708204800003 30.6365165115454 32.1493209594622 35.0881086600005 37.4248824607374 39.8917195600004 41.7666742082563
13.5461969682041 14.4325125801638 14.8929377999999 14.0489347967348 13 13.2628479299858 15.426932640001 17.5830058116607 18.8030113800001 19.8744397800004 20 19.4291723199998 18.4068559557767 18 18.1281877174235 18.6888157217536 19.3744385800001 20.199065740107 21.4810596600004 22.4464689 23.1066210800003 23.7730968768139 23.8929377999999 23.8929377999999 23.0483384913115 22 22 22 21.8966070089486 21.5535311 21.5535311 21.9993956800003 23.0708240800002 25.5825410269357 29.2751856861129 30.8514201747114 29.8384759555346 28.6790961199997 27.1853691371812 26.1070622000001 26.0975636223448 26 26 26.1677229012975 26.9279648800001 27.3544675029437 27.9106892037674 29.8380312600004 31.2500638491733 31.5535311000001 31.1090433129399 30.6095930478831 30.5535311000001 31.0018510390595 31.2448880303536 32.9808856600002 34.9955587280011 36.3776250143549 37.7488627600001 39.8917195600004 41.4619061694153
11.3750405 11.7916950695099 12.9840914476403 13.20782142479 13 13.7358600381795 15.8178128637614 17.6309157266107 18.8030113800001 19.3279503323112 19.9661698048388 18.9827034199998 18.0554495191386 18.6249595 18.5670828131241 18.5644095905879 19.3744385800001 20.2786488048875 21.3362615979632 22 22.2475838036634 22.3750405 22.8768885906364 23 23 22.6249595 22.6249595 22.6249595 22.6249595 22.6249595 22.6249595 22.7921767750156 23.5172929800002 25.7661641400005 28.5678824635668 30.1066186800001 30.0738805107335 29.6720514678832 28.67909612 27.6141528378169 26.9667263393326 26.6249595 26.7696857336324 27.363558289218 28.2333992279321 29.249919 30.2845001600004 32.0594314406189 33.0375248765313 33.249919 32.4469148199998 32.249919 31.0676693897394 31.0280945422805 32.8578400794308 35.4701264834203 36.7118093462706 37.1893645908795 38.139817811971 39.6130752548214 40.6983246623288
11 11.5140268742604 12.8100727122639 13 13.3602399146891 15.2838220481654 16.7936376367171 17.73158298 18.8030113800001 19 19.9458681800001 19.6911364490234 19.4197137775004 19.584859024024 18.9296889694524 18.9993980800003 20.0708264800002 20.8317585101186 21.5172953800002 22 22 22.5094638637871 23.4993968800001 23.6963879 23.6963879 23.6963879 23.6963879 23.8079151046452 24.3927758000001 24.181764848402 23.6963879 23.6963879 24.2136808800002 25.2326167034902 26.9275237600005 28.33880238 29.1664282659324 29.912558039409 29.05413662 27.9947500063614 27.6963879 27.6963879 27.9279648800002 28.6963879 29.4452554600002 31.3173739544398 32.4032750586082 33.6950836541726 34.1334858847025 34.5094605211251 33.8933837199998 33.6963879 31.1459797984459 31.0345787600005 33.2043713514939 35.5752821419832 36.8387342645402 36.6066150800002 37.67804348 38.7494718800002 39.8209002800001
12.5356326000001 12.9089997619715 13.7678163000001 13.7678163000001 14.6823037474384 16.3977440255187 17.506877447044 17.9376779431534 18.8030113800001 19 19.9458681800001 20.7545357039417 20 19.9628149956641 19.7678163000001 19.8381703247302 20.3744385800001 21 21.5172953800002 22 22.5068756042848 22.9376773859126 23.8030089800001 25.3428145473873 26.2618837634964 26.3034489000002 26.3034489000002 26.3406333470952 26.3578221772921 25.4648085199998 24.4803180976864 24.6846841842337 24.861367634241 24.2321836999999 25.5524832600005 26.96376188 28.03519028 28.4352132490658 28.9710026614742 28.7678163000001 28.7678163000001 28.7678163000001 28.9993932800002 30.000468769752 30.9970038004456 31.9748601612851 33.0265519783212 34.4932262310368 34.8467245387663 34.3759604628615 34.0457392183721 33.3285964118246 31.120848237978 31.0213036922194 32.4777382175847 35.1973295126133 36.1784158571895 35.8377017260147 35.8387987799999 37.2525655865987 38.7494718800001
14.8728451956691 15.5664449782017 15.3642417920722 15.2134382140575 15.8448061196265 16.5887261800001 17.6601545800004 18 18.1290883352953 18.8946242508345 20.7396830369638 20.1579747830931 20 20 20 20 20.3744385800001 21 21.5172953800002 22.494083312129 24.0534260982591 25.292464524388 25.6468220494826 26.6934972233536 27.78511048 27.8392447 27.8392447 27.8392447 27.6076653199998 26.5362369199997 25.7790520995533 25.8218395886346 25.8336848236243 25.1844081020582 26.1595442600006 26.9568497697994 27.1290875636699 27.8946202224599 28.94586338 29.0145120347188 29.8392447 29.9736485469776 30.715716626893 31.1422500800003 32.2136784800001 32.8392447 33.4396924823753 34.5887189800001 35 34.2684242199999 33.326082997857 33.0201856282723 31.9020868544018 31.8565340800003 33.0309421133399 35.0257443472098 34.77205982216 33.1792629199998 32.8566972800001 34.7481709173087 37.2729301434379
17.7527059968886 17.2694553888642 15.9665523480237 15.9505012295204 16.471089172936 16.9632621846083 17.0589695621522 17.7555598403038 18.73128086276 19.7851128800005 20.0796560446561 20 20 20.14584737504 20.9106731000001 20.9106731000001 20.9441205375918 21.4060390648645 22.4279684800003 24.0355317897765 25.5404677277681 26.6422536800002 26.9106731000001 27.7851104800004 28.8565388800001 29.8213462000001 29.8213462000001 29.5296558211507 27.9793137318807 27.6076653199998 26.9106731000001 26.9106731000001 26.439588298295 25.9474113441609 26.6297920133834 26.3337714309269 26.820603391529 27.8744349800004 28.0844910435589 29.9279648800003 30.9106731000001 31.0708216800001 32.1215640262654 33.1243515800004 33.8547932088228 33.9106731000001 34.4279636800002 35.4993920800002 35.9106731 34.5128709365423 33.9282701259136 33.9106731000001 33.8261822708257 33.8228906067184 34.0073157642627 34.7083183636125 32.5046158993492 30.2409143831057 30.55308518 32.5162331400005 35.6843105904743
19.7367638294456 18.6736654493366 17.5964639518807 16.5442125130977 16.0092588543153 16.5960873644673 17 17.73158298 18.0143726991849 19.7511268995985 20.9289385583804 21.9472160028371 21.069238435946 21.9670695052721 21.7546646864892 21.2975867522936 21.9821015000001 22.4279684800004 23.4993968800003 24.5813625525764 25.6601521800003 27.4500669649892 27.9821015000001 28.8565388800005 30.8569034813369 31.9642030000002 31.7899338421957 29.8369825576844 28.7546670435328 27.9945766152497 27.9821015000001 27.5442172271849 26.9907412315975 26.9821015000001 26.9939171908374 26.9869058479453 26.9964741132721 27.8744349800004 28.9289338442932 30.9993932800004 32.0692337218587 33.1243515800002 33.9683478805767 33.987524841794 34.3677319769888 34.9821015000001 35.4993920800003 35.9926386866636 36 35.9738117818035 35.9642030000002 35.9642030000002 35.0352715127506 35.9642030000002 35.9657909151855 35.6618091400001 33.5148075023793 31.9642030000002 32.3386343800002 33.426023222545 -9999
18.7272825979968 17.9837797668938 17.5920729082153 16.9761326566755 16.9464701 16.3892583735427 16.6601545800004 17.73158298 19.56303764113 19.9932787739794 20.8952359509115 21 21.0887249800004 22.0085729944161 22.272715130475 23 23.0200436597435 23.4755296651476 24.0276907699619 24.610739354929 26.2849664798205 27.7172121152895 28.8030089800001 29.8744373800004 31.9929957612337 35.0198672957257 32.9201160183289 30.8484218859442 29.8219505199998 29.0535299 28.6991372512718 28.083192713619 27.9981486170198 27.9464701 27.9818078517084 28 28.0429848619267 28.8811564629644 29.9964953521451 32.0708216800003 33.2262210776373 35 34.7932156051633 34.3938453323094 35.4279636800001 36.0773968579092 36.5689693539635 36.4427950881274 36.0888675232367 36.7994744016542 37.096514633455 37.1070598 38.0022889363267 39.0553808975649 39.2588055877836 40.2762221090007 40.29638707178 39.9273363392188 39.2676494999999 39.6896424505627 -9999
17.8750416999999 17.6098930568751 16.9532104916888 16.4291723199996 15.9396823511826 16 16.5776627859463 17.6066246799999 18.7783960169256 19.8744397800004 20 21.0021613512326 21.2025963573321 22.1601533799999 23 23.0378636369756 23.4993968800002 24.1249583000001 24.5776133287176 25.0735659227184 25.7851104800004 27.5881194600003 28.8276246429746 29.9837055884617 33.6720338602062 35.8577475199998 34.5423246255353 31.1049461057959 30.7973583856397 30.0870949629244 30 29.4984209400527 27.9697358427651 27.1249583000001 27.7851080800004 28.1249583000001 28.9279648800001 29.1249583000001 31.0166850600001 33.1422500800004 34.2025921571319 35.0200118943042 35.3854727457402 36.2499166000001 36.5775617713888 37.5151062999533 37.5473491714827 37.1985236229187 37.8275730856461 38.1249583000001 38.9279624800003 39.2342259086616 39.2499166000001 40.2823349084678 42.391111640001 45.2450812911915 45.4408297058394 44 44 -9999 43.1550213915827
17 17 16.699094248407 15.6629545038304 15.4157073760686 15.9192312916938 16 16.8752561472184 18.6447087050196 20.0461681227435 20.3821426305054 21.2068896434652 21.8210377060298 22.1601533799999 23.0909591631088 23.6957835800005 24.6936772229213 25.1088243551588 25.1015899326035 25.6694929596343 26.7897972881284 28.3722024682196 28.9613135836526 30.5771468885858 32.69534486 34.5933287669392 33.6610160094027 32.03623572 31.1509075897738 30.7564989179883 30.1228524142492 29.2833945870258 28.2911839387247 28.1963867000001 28.7268918432003 29.1436722245623 29.8416934676756 30.1717274000869 32.0881134600001 34.2136784800003 35.1963867000001 35.387986331136 36.8104487211023 38.1963867000001 38.1963867000001 38.2839481021852 38.3927734000001 38.8658758022906 39.1963867000001 39.3400584532343 40.0380782390038 41.2425462087592 41.3927734000001 42.4066673757171 43.4451170479554 45.8713043998078 44.9193339524296 44 -9999 -9999 44.3879136386191
17 17.0811513444141 17.1675341514972 16.3470823451828 15.3970900433195 15.8565412800001 16.4446144648583 17.802867191053 19.0708264800001 20.782506482876 21.9458681800001 22.2551508053022 21.6005932906091 22.4708599734799 23.9367726624315 25.5708252800003 26.2678151 25.9413580298352 25.7758465521516 26.1576691180131 27.2345220157966 28.1240415523816 28.8557661497205 29.8744373800004 31.6384144215428 32.7368165425462 32.9762387533649 32.6149247707237 31.8304410748125 31.1866650410985 30.7258434829904 30.2678151 29.8890609911679 29.5356302 29.5356302 30.0712806965656 30.4828723875234 31.4100651800004 33.42735696 35.0219227797902 36.3153363077576 37.0808522520325 38.7051873679437 39.3489645161453 39.5356302 39.9814923800004 40.5356302 40.5356302 40.5356302 41.0712789393218 41.4828717447672 42.8161228622886 43 44 -9999 -9999 -9999 -9999 -9999 -9999 -9999
17.0785634277679 17.6422560800004 17.9648025200001 17.6417600780284 17.50043272 17.4067351501554 18.3386415800005 19.1618852093245 19.8698384889091 20.5777917684938 21.60662468 23 23.0300993727528 23.7138812531679 25.9100687800004 26.8787029460015 27.2122176455858 27 26.8336828104901 27.0674900643397 27.3392435000001 28.3060367470177 28.9331720769066 29.8744373800004 30.94586578 32.0114272418473 32.6021324785679 32 32 31.7997856398143 31.3392435000001 31.3392435000001 31.3392435000001 31.5389634014762 31.6784870000002 31.6784870000002 32.4814935800002 33.5529219800005 35.2493357564471 36.0523140600008 38.165073115617 39.7843062152009 40.4178044852148 40.9814923800004 41.6784870000002 42.1243491800006 42.8539744668765 42.8180114127085 42.454536292293 42.3392435000001 -9999 -9999 -9999 -9999 -9999 -9999 -9999 -9999 -9999 -9999 -9999
17.2315841800003 18.1785738280477 18.6762042860834 19.3468705091276 19.6951418821783 19.6524451989204 20.210391444338 20.4106719 20.0808976908537 20.3591078458884 21.3565400800001 22.5964313193721 23.1251618361146 24.8253615471438 27.2315817800002 28.1244377663401 28.0362333199999 27.4106719000001 27.7155286034343 28.2417723133078 28.4106719000001 28.1102323132083 28.8030089800001 29.8744373800004 30.5574252829824 31.1857584337595 31.6257639705016 32 32.0951031439855 32.4106719 32.4106719 32.4106719 32.4106719000001 32.9993932800002 33.6817768644374 34.1217824011793 35.0350222800002 36.4655565546638 37.5885509800002 39.6701699118537 41.2843009951114 41.887112321631 42.4635926800003 43.4105852848855 43.8213438000001 44.2672059800005 45.1261976746595 44.8219529199999 43.479420541175 -9999 -9999 -9999 -9999 -9999 -9999 -9999 -9999 -9999 -9999 -9999 -9999
16.7494838800003 17.8100646114439 19.23098226 20.4821003 20.4821003 20.7870014120042 21 21 20.5841206472013 20.9349723997303 21.9458681800001 22.0172965800002 23.1346756205251 24.8382064599999 26.7494814800002 27.8209098800003 28.3239780717495 28 27.7506117421133 28.10662348 28.1996401359762 28.0096092541844 28.8030089800001 29.452870856771 29.5178997 30.0172941800001 31.0887225800004 32.0772088355033 32.6020351914283 33.1460801416405 33.4821003 33.6970517477775 33.9642006 34.5529219800001 35.6243503800003 36.6957787800001 38.15433689312 40.6167362261893 42.330265599257 43.4552563076746 44.0069726253942 44.60644948 45.4545912169378 45.6281792845997 45.9642006 46.1951124892635 46.7314862438052 45.8078384262523 -9999 -9999 -9999 -9999 -9999 -9999 -9999 -9999 -9999 -9999 -9999 -9999 -9999
16.2315841800003 17.6060251600007 19.5416181311139 20.6932727982813 21 21 21 20.5950478241384 20.8909611452567 21 21.4223029959532 22.0172965800002 23.0396131571633 23.8554275522317 26.103394618373 26.5817566489779 27.1002051004172 27.4464712999999 27.2155137592073 27.2628482713975 27.1517322979974 27.7315805800001 28.8030089800001 28.5159738138169 28.9700351555779 29.4733383049731 31.0887225800004 32.0715028162369 32.5746571331583 33.4707312825538 34.7607898719484 35.5529219800004 36.3933939107388 36.9234332998666 37.4017953304715 39.0950059178479 41.7110864483192 44.8374197400013 47.1058415600003 47.204543303496 46.7493062800005 47.7320878447059 48.0036649246894 47.7958693059159 48.1070574000001 48.1070574000001 48.6243479800003 -9999 -9999 -9999 -9999 -9999 -9999 -9999 -9999 -9999 -9999 -9999 -9999 -9999 -9999
16.2315841800003 17.4166552967401 18.74948388 19.8209122800003 20.6983318204254 21 20.5874317081312 20.1006678975901 20.8030113800001 21 21 22.0172965800002 23 23.3803711480798 25.3750429 25.3750429 25.7494814800001 26.3750429 26.3750429 26.7429700062498 27.4125667919717 28.3565376800002 28.4242737531704 28.0470913691363 28.94586578 29.6379292188408 30.4637654800003 31.575217884046 32.8565364800002 34.0416057965342 35.6084427291878 37.0708216800003 38.4655360006315 38.8819885936471 39.0375223920747 42.3590586955927 44.9051588129647 47.8732191400011 49.5505169250391 49.6292785613654 49.9081451735959 50.2499142000001 50.2499142000001 50.2499142000001 50.2499142000001 50.2499142000001 50.7672047800002 -9999 -9999 -9999 -9999 -9999 -9999 -9999 -9999 -9999 -9999 -9999 -9999 -9999 -9999
16.2315841800003 17.3030125800003 18.37444098 19.1353724088741 19.8209122800003 20.3036145 20.1031819972705 20 20.243805898633 20.3036145 20.9623033854634 21.3209110800002 22.3654012895601 23.097249776784 23.7684991936563 24.5146263957046 25.1136849822475 25.614109799801 26 26.58872378 27.6601521800003 28.7315805800001 28.1969910199999 28 28.94586578 29.3156579161865 30.1505076982352 31.9051606397173 33.3928479023313 35.2104035043797 37.1416433599999 38.8386355800003 40.4273569600004 42.0339807177162 43.1420772800003 45.1019766533267 47.0585942187167 49.407132099236 50.64224888 51.3980210351389 51.6963855 51.6963855 51.6963855 51.9073940530542 52.392771 52.392771 52.9100615800002 -9999 -9999 -9999 -9999 -9999 -9999 -9999 -9999 -9999 -9999 -9999 -9999 -9999 -9999
16.0537706275759 16.5351986800003 17.6066270799999 18.5745308075486 19.5172977800003 20 20 20 20 20 20.2196174438282 21.0172965800002 22.0206007070789 22.2321860999999 22.4637678800001 23.3025408519545 23.7518713464202 24.6780530800002 25.6293726831699 26.1366934784554 26.8923382800003 27.4020489417058 27.8944861333377 28.6714051750439 28.9874307865817 29.0040154682069 29.3415088298325 30.8704554770853 33.6409686269179 36.1411758747083 37.7488723599999 40.130546624084 42.9673985004172 44.5768275424179 45.9348358571666 47.8289218755411 49.9094548600004 50.7095049954198 50.987430229335 52.01327686904 52.7678139000001 52.8907782057894 53.5356278000002 53.6059814374614 54.0553093609137 54.5356278000002 54.6557354823371 -9999 -9999 -9999 -9999 -9999 -9999 -9999 -9999 -9999 -9999 -9999 -9999 -9999 -9999
15.549468179734 17.6508568291372 18.9494277521917 18.0716769360293 19.1121936586726 20 20 20 20 20 20 20.1780542800002 21.235219456283 21.8655925090161 21.1979862543147 21.5758143603869 22.5351962800001 23.6066246800003 25.112189244491 26 27.2141798138938 27.2252689314054 27.8030089800001 29.6083022179979 29.0454317273015 29 29.1631823221018 31.1852897631977 33.6947381400006 36.5573047262056 38.5881146599999 40.8026476243928 43.5518789400006 45.988159770021 47.4447585402887 48.074455951174 49.0928537708857 50.7892410476319 51.793808558517 52.8420220867818 53.1489154558398 54.7042297173791 54.8392423 55.0935372320238 56.0529183800001 56.3042981985735 55.8392423 55.7446011908289 -9999 -9999 -9999 -9999 -9999 -9999 -9999 -9999 -9999 -9999 -9999 -9999 -9999
15.4631683600005 17.0812037049879 17.5420832280958 18 18.5635076285792 19.625464982449 20 20 19.2687210644673 19.0893293 18.2279548624116 18.1959551800001 19.3481828196448 20.9291759200001 20.0893293 20.3923394800003 21.8047581237559 23.4458669800003 24.5635050141889 25.6254627968393 27.3203043600007 28.6008774177902 28.8930736300771 29.8632209590497 30.7768787239574 30.8055920969934 30.0881158600008 32.2309726600001 34.6054088400006 37.5166862600006 40.0005311181458 42.7130705600005 44.9021367797988 46.5519821487706 47.0589707177426 47.7555561132854 48.0717320156868 49.8381992600007 51.896562746369 52.1208235347942 53.9265213231506 54.2351719194526 55.2108903704806 55.9377379584917 57.0564055250728 57.9694455964352 56.9106707 56.9106707 -9999 -9999 -9999 -9999 -9999 -9999 -9999 -9999 -9999 -9999 -9999 -9999 -9999
16.2178288452481 17 17.37444098 18.4378879168159 19.4993968800004 20.5708252800002 20.3337618811208 20 19.1969886199999 18.1412134790573 18.0009690082966 18.0003096243489 18.1082141369948 19.1902214007197 20 20.8981822301387 22.9776037751536 24.3216380995563 25.973458252868 25.4144526910268 26.3382052600006 29.1864507383914 29.9820991000001 30.8565364800005 31.9279648800001 32.9469040200001 32.0545089940329 33.4596851933224 36.431502439324 38.5881146600007 41.1054076399999 43.8738282600006 46.0166850600005 46.9926377425513 47.6483325048036 47.9951950078424 48 48.8900881531338 50.9096276599999 52.0006190768492 52.12293380893 53.3353312562843 55.2315769800002 56.2975813109934 57.3699382833049 58.0019382314041 57.9820991000001 57.403918719589 56.3398526199997 -9999 -9999 -9999 -9999 -9999 -9999 -9999 -9999 -9999 -9999 -9999 -9999
16.2315841800002 17.016219505876 17.42796848 18.4993968800003 20.0881230600005 21.0850405406 21.071718575719 20.32194452 20.010544308357 18.2979270153231 18.002897540995 17.0881206600003 19.2404759127348 21.463744039904 23.0907154811869 24.106921162591 26.2006680221819 27.5575061504569 29.1328929715471 27.9611203521339 27.8560709758153 28.8673712210082 30.6700898968232 31.100333946858 32.9481567294611 35.0345883600003 37.0094981958019 37.2672059800001 38.3386343800002 39.7130705600006 41.8559273599999 44.3969167073888 46.5172929800002 47.5887213800002 47.964663832651 47.90731294897 47.892945 49.6886212783927 49.9464725 51.0163661942463 52.0351926800004 52.9550448531159 53.4507582232034 55.5200450190446 56.8594600041589 56.892945 56.892945 -9999 -9999 -9999 -9999 -9999 -9999 -9999 -9999 -9999 -9999 -9999 -9999 -9999 -9999
16.2315841800002 17.3030125800003 18.4212295896528 19.5708252800003 21.2241908696685 22.7650731703246 22.4648013199997 21.39337292 20.3219445199999 19.2505161199996 18.2972795297133 18.2866662697213 20.7186809102733 24.269923909736 25.0117380205137 27.7688391697518 29.9052123404831 31.5015806897665 31.7369387395474 30.7861439200001 31.6126821502119 31.6097465297964 32.2782173898042 33.1557287603773 34.077586070181 35.1595442600003 37.3024010600008 39.3051186898419 40.4814911800003 41.8559273600007 43.99878416 45.5843495602562 46.5172929800002 47.5887213800002 47.4223398298945 46.3933777199999 46.1249559 48.5297292201662 48.8750441 50.8772048099325 51.0776340700602 52.03519268 53.1066210800001 53.8750441 54.2494778800001 54.819330990022 -9999 -9999 -9999 -9999 -9999 -9999 -9999 -9999 -9999 -9999 -9999 -9999 -9999 -9999 -9999
16.2315841800003 17.3030125800003 18.74888196 20.620992872166 22.843072777584 24.3120008787511 23.862258015085 22.713898508581 21.5897572200001 20.5183288199997 20.5785222604218 20.637645863245 23.6415193469115 26.4194408988479 27.7752556542424 29.2422926979089 31.1963843000001 32.0881182600006 33.6120909889057 33.6425084348574 33.7936337324747 34 35.7637163164313 35.3219469199997 35.3821374890994 36.6237412600005 38.7491743382334 40.7130705600003 42.6698265344362 44.1951684600008 46.2644918728961 46.8593432165617 46.7136772800003 47.6694900438938 47.7407138951189 47.0193236887744 46.9613135851087 47.7027096785574 47.9893684177769 49.6245231800001 50.6072313999998 50.7673799799999 51.83880838 52.6072313999998 52.9081322642182 53.0525452521152 -9999 -9999 -9999 -9999 -9999 -9999 -9999 -9999 -9999 -9999 -9999 -9999 -9999 -9999 -9999
16.0257926645234 17.3030125800003 18.74888196 21.3376081400009 24.0345955600005 25.5887261800001 26.1767977804872 25.0005739531478 23.7326140199998 22.6611856199995 23.7348090911299 24.1012117162096 25.9571263835494 27.9731944308878 30.3298332417726 31.0604957855672 32.368092107094 33.3079505202458 34.4063509724154 34.809013769848 34.87023923321 34.9993646703973 37.0501657338841 37.1295588914372 38.01711658 40.1012075589601 41.8921606800003 43.1237400600001 45.2045769609782 47.0604916283177 48.441691351313 47.9598663370037 47.5172929800002 47.6846658753489 46.497668029972 46 46.8030065800001 47 47.6925491543711 47.7494790800003 48.7321873 48.935225703611 50.1075384674568 50.5455232889324 50.832465421593 51 -9999 -9999 -9999 -9999 -9999 -9999 -9999 -9999 -9999 -9999 -9999 -9999 -9999 -9999 -9999
15.4631683600005 17.3030125800003 18.74888196 21.1863509210733 23.6953544600005 25.4492051969021 26.6601545800004 26.5166000348765 25.8086441838637 25.1006883328509 26.588582298162 28.0291521691748 28.7371080201877 29.6052172512 31.3101438377875 32.7450447867749 33.9258958242386 34.7851080800003 36.0320243337365 36.0897584200001 36.77483580829 38.0708216800002 39.4146637296853 40.849564678673 41.9635890800002 43.7016432766471 45.1365442256347 46.622936565379 48.0921801927832 48.4366634948086 48.413346861583 47.5541354199998 47.166318900885 46.5435120170892 46 45.7518186134807 46.46376548 46.6607588999999 46.6607588999999 47.0172917800003 48 48.2116391991148 49.1685012494297 48.9637642800002 50.1622160074044 51 -9999 -9999 -9999 -9999 -9999 -9999 -9999 -9999 -9999 -9999 -9999 -9999 -9999 -9999 -9999
