catData/variables/futureClimate2070/rcp85/bcc_csm1_1_m_2070_rcp85/bio17.asc
NCOLS 409 
NROWS 350 
XLLCORNER 60.897278365 
YLLCORNER 5.843756025 
CELLSIZE 0.0892857 
NODATA_value -9999 
[rows 108 to 134 of 350, columns 183 to 243 of 409]
12.2820202161196 11.17921252 11.7781877076652 13.5857839694736 16.0703925600002 18.1263945362526 19.6780530800003 20.7494814800001 21.3750309 21.6983320277021 22.1471475611288 21.8373559865729 20.7105235874213 20.8768941991519 21 20.4088556151234 21.0173061800001 22.0554563706017 22.6850351665361 23.2315913800003 24.1136417808113 24.3750309 23.9291543199998 23.3750309 22.7862975199999 22.1274498335008 22 22.8030185800002 23 23.3547324950493 23.3923346800003 24.4304857706759 25.0600651664619 25.5197668564007 26 26.3744457800001 27 26.6767018721496 26.0070922292873 25.0899024199998 24.7500618000001 24.4489059193 24.3750309 23.7838895149752 23.7500618000001 23.80551517075 24.5952533463878 25.8369139235255 26.3144676993374 26.7500618000001 27.0287178850622 27.5690344520757 27.5292703907869 26.9624531863505 26.2928435434882 25.8239377193742 25.7500618000001 25.7500618000001 26.7435741479615 26.397207261648 26.5048423673728
11.2510964399992 9.39541122734837 10.3382196600003 12.4192802489709 13.9275357600001 16.0703925600004 18.121251068597 19.9388195277857 21.3105090069747 21.8534533138365 22.58873578 22.7995725045415 21.7426915837304 21.0773723741608 20.3910356378912 20.0164316412975 21.0052541995135 21.3923370800003 22.4151395988646 23.2315913800003 23.7889777827573 23.0428377235684 22.1613284199997 21.607205 21.0184716199998 21.0669400131878 20.7941249276234 21.9694437115659 22.9125651907548 23 23.7016509708675 24.0269393116785 24.4151379275105 25.0703109933005 25.3036025 25.4172851749224 25.607205 25.0899024199998 24.4284648026445 23.6434431199997 23.3036025 22.7443840397883 22.607205 22.3200355985895 22.3036025 22.3923322800003 23.46376068 24.3036025 24.6066174800004 25.3036025 25.4389702870875 25.607205 26.0171941112906 25.1837138495198 23.8756196199998 23.0479882111423 23.5197668480468 23.607205 23.9228544664246 24.6959323800004 25.607205
12.6903490649847 10.64389144 11.556978983984 12.8565628800004 13.8421984059054 14.8731853625634 17.8387126380793 20.5167270600003 22.5560623091101 23.1384497953747 22.4524685197186 22.7390652556565 22.2684074199999 21.1969790199998 20.1255506199996 20 20.2454622332341 21.0887345800003 22.0371856957348 22.2859436202193 22.1613284199997 21.0899000199999 19.6761160336721 18.6965222999999 19.4639231320758 20.153272467126 20.6240516967794 21.1407061321896 21.4351980405792 21.4643481999999 22.477634490452 23.2321741 23.39233468 24.2321741 24.2321741 24.2321741 24.2321741 24.1120698390608 24 23.8467280900919 23.2060938543925 22.813560441123 22.096404703361 21.2737342278458 21.2454585476699 21.9524717336292 21.6245063799999 22.8199845484332 24.0703522302681 24.2321741 24.2321741 24.6293705762787 24.6846464764115 23.6509198673093 22.5005887199998 21.4291603199998 21.4351969261436 21.4643481999999 22.2494730800002 23.3209014800004 24.3551458559186
13.9648025199996 13.5351619566994 13.6812908798081 13.9279912800003 15.1080932677523 17.0181781642821 19.3332624724402 21.5881554600002 22.9826005575108 23.0775907630867 22.9053632549288 22.3913272264579 22.0431453386131 20.5230402095444 20.0201817222973 19.2061680058606 20.0173061800001 20.9397928243524 20.4559088696659 20.9663816384918 20.0184716199998 18.6327859748077 16.5904839399997 15.9163875288766 17.4989581600003 18.8755350125611 19.2783456755973 19.9954281962451 20.1607457 20.9545756799291 21.1780494800003 22.1607457 22.1864908245445 22.5158534472979 22.9064370608601 22.3214914000001 22.3214914000001 22.7556398146663 23.1607457 23.1607457 22.42915792 22.1607457 22.0201824938766 21.8479549857188 21.8420354224391 21.985737069403 21.8649990387548 22.0744530938255 22.3214914000001 22.3214914000001 22.3214914000001 22.8387915800002 23.2268558122979 22.5005887199996 20.8151741440176 19.5184776199999 19.3214914000001 19.3214914000001 21.1780446800002 22.2494730800005 23.4553129070348
15.8325790280302 14.9599686838011 14.9264453243677 15.9101023800004 17.1416961600002 19.0736445111267 20.5167270600006 22.3185781947892 23 23.4711028815485 23.374531210283 22.9410359178857 21.5781852878911 20.9458699684461 20.114336777608 19.9155167505604 20.0015457412709 20.0005827199996 19.1036226249335 19.157949483235 18.7862975199997 17.3404209399998 15.1975641399995 14.6066222800001 16.2667840600003 17.7494790800004 18.7555638204159 19.8030185800002 20 20.084483035078 20.0908628269094 20.2594414612595 21.0893173 21.3209062800003 22.0622526057653 22 22 22.0462040697286 22.0893173 22.6905130266089 23.6009008895549 23.0900724570538 22.9106827 22.9106827 21.0893173 21.0893173 21.0893173 21.0893173 21.0893173 21.0893173 21.0893173 20.6644248307341 20.2679518999999 19.0066013790289 18.2265827382777 17.3756208199998 18.7713133309534 19 21.033052861814 22.9994100800005 24.085143161849
16.1233023004469 15.983079244048 16.9645318314568 17.0708480800004 18.3024418600001 20.4411557020294 22.2726651134761 22.9888096089806 23 22.5012007399799 22.0252459645051 22.0178889 21.2732089334955 20.2113441820089 20.0022459624861 20 19.0178889 19.0163015359718 19 19 18.3993811305419 16.6367422539527 15.5461471784478 14.9913651170567 15.5992651725616 16.6780506800004 17.7494790800001 18.0322540190757 18.0357777999999 18.0357778 18.0357777999999 18.1245099800003 19.1930732834004 20.2494778800003 21.0178889 21.0178889 21.4557868813817 22 22.578199230372 22.9939206251329 23.73158778 23.9856349238576 22.2645076432934 21.0889365471519 21 21 20.8427068736662 20.0178889 20.0178889 19.6501439001804 18.5978821756849 18.0444127688099 18.6139746733053 17.6975749399992 17.0178889 17.0035238667909 17.0312856174276 19.8226277873441 21.9997195397235 23.0887273800004 24.0028650107328
16.0468177110753 16.9487777281029 18 17.9065120864589 17.1066258800001 18.6288424248163 21.4827417039945 22.859429396828 22.4709141576495 21.4291531199998 20.9464605 20.9111156398849 20.1613284199999 19.0899000199998 18.8929210000001 18.8929210000001 17.962840115776 18.9024226100919 19.16016298 19.7932071933787 18.4848159124881 16.6790913199999 15.6076629199998 15.0535395 15.6422728800001 16.6783565483801 17 17.7600253667363 17.8996430459143 16.9976873149076 16.9291567199998 16.0304420034492 17.061656497373 18.6288282818062 20.9253677980331 21.3543981401618 21.9464605 21.4568540414818 21.5887309800001 23.284974156875 23.9856293439473 23.1969838199998 22.1255554199995 20.1082540400001 19.0173013800002 20 19.9914252111219 19.7272729496997 19 19 18.9761282478347 18.9741564929871 19 18.9646555253693 18.2540438354523 18 18.8744421800004 20.8917411599999 22.0182251587399 23.1375164604389 24.0085746603833
16.8744517800004 17 17.8771951168946 17.8447045880852 16.3900856488087 17.4723883066416 18.9659865254884 20.1713090826365 20.8193115402152 20.2974036369329 19.8014590259185 19.0899000199997 17.9270460316217 16.8220753199998 16.6250963 16.6250963 16.7522269169716 17.0414122858807 18.9302424112684 20.0776819915836 19.9546080966945 17.7037257172865 16.6098436798616 16.1249679 16.7137012800001 17.0424688686931 16.9085747115448 16.8750321 16.1098629227517 16 15.9826962199997 15.0110886741971 15.4252741286546 17.4631779600006 19.5681673143583 20.9218258027905 21 21 21.5887309800001 22.6601593800002 23.5487378029355 23.1477505113611 22.0162779171705 20.1014898999774 19.1401071628745 20 19.83984182 19 18.9621328542808 18.8750321 18.4848799800156 18.5173001800001 19 18.4223414514606 18.1249679 18.2253188457577 19.0151007770944 20.8985055999455 22.1574040427976 24 24.1601557799999
16.3345772917593 16.4108110999999 16.6279153210704 17.8210313145452 18.0314558880201 17.6877245785046 16.6060443600006 18.6753604515553 19.3577247199997 18.8036037 18.0992423911303 16.9470432199996 15.1440222399997 13.8041864199997 13.6072073999999 13.6072073999999 14.6245135800001 15.7133691231944 17.0924742433311 18.6526910901439 18.8036037 18.2017878141873 17.1088277894313 17 17.4731083224816 17.1434419199995 16.2156951244683 16 16 16 15.7896983183678 15.0887321800003 16.16016058 17.4176947412078 19.1066210800002 20.1045097142574 20.6947754392176 20.8036037 21.3923346800001 22.3341102203579 22.1629818862344 22.4875973668158 21.0300559200662 19.85773072 20 20 19.83984182 19 18.6969850199996 18 18.0875675678665 18.6121006386588 19 19 19.1436806617661 19.8417011447591 20.171737208716 20.9565013978091 22.824300135666 24.0174257291408 24.35655208
14.1255482199996 13.7466699245555 14.7667924600003 16.8209122800004 17.8923406800001 18.2234735639507 17.0605369355486 18.4417010514934 18.4057137240546 17.8614523061437 16.55470374 14.8952028465404 13.1971040032606 11.9291543199998 11.4979761571362 11.4643506 12.4862918024668 13.8858791477325 15.6674091820697 16.9637666800003 17.8133314816726 18 17.5541234199998 17 17 16.5166458506796 16.0718867795185 16 16 15.7466712101141 15 15.1124968494893 16.3850903207097 17.1695637309084 18.0351926800002 18.6318894713052 18.9102247800004 19.6028970082978 20.1632295819009 20.6411575879008 21.2678258022979 20.8764019875035 20.0919285773048 19.5607833142132 19.7368090369082 20 19.8827361365111 19.2058000936874 18.7781399161137 18.1675395140845 18.4458717800003 19 19 19.1768063451215 19.9994100800002 20.2678247 20.6738724509485 20.9855028043273 22.0299648658715 23.8209026800004 24.89233108
14.0829555971653 12.7332270367064 13.6894920705786 15.3801264844506 16.1967426816778 17.4000627078058 17.8609678660664 18.0740767400617 17.5094810738101 16.9796845523177 15.48327534 13.3404185399994 11.6809592692979 10.5184728199998 9.74370408295784 9.6607469 10.3561061600002 12.4403318613427 13.9267370725298 15.6316532735987 16.8609662802739 17.5755592117088 17.5541234199998 17 17 17 16.2684098199999 16 16 14.7332334651213 14.6724876220136 15.4866147928658 17 17 17.2002177944813 17.4133330116469 17.2946099822253 18.1780494800001 18.6607469 19.0969451638411 19.3214938 19.3214938 19.9148098690867 20.6249826393287 19.0114318332009 19.6908487529274 20.0543341590554 20.0291000548162 19 18.62555662 18.2946083964327 18.6607469 18.8604748958236 19.6601569800004 20.4833927719204 20.9331718142078 20.4222150403355 20.9642341535362 21.6780458800002 22.7494742800004 23.8752360248478
13.6408788313118 12.0860136311426 12.6066270800002 13.625761136052 14.2545538014936 15.8209122800002 16.5893185 16.5893185 16.3265537683247 16 15.0643113332341 12.8192359243106 10.5368148399998 9.19697901999977 9 8.61154549449294 9.0275050320385 10.7667876600007 12.74948148 14.0525012600007 15.7137631177802 16.5951174197655 17.5096684453785 17.1982339148561 17 16.7288837699468 16.1581788725076 16 16 14.10824924 14.0275012176743 15.6780506800003 16.6550934872353 17 17 17 17 17.5173025800001 17.7582190780371 17.5893185 17.8897680668721 18 19.7488891600009 20 19 19.0522901008551 19.8152506815997 20.6319351640538 19.286238853491 18.62555662 17.8168887085818 17.8017641138727 18.5887285800001 19.3890427212184 19.8897670812366 20.8030137800001 21 21 21.0172989800002 22.0887273800004 23.2545385440358
12.1613284199996 12.0019364179836 12.0089639422271 12.6066270800004 13.6008381646648 14.3790276341167 15.6639800928977 16 16 16 15.6950995680222 13.5016173599991 11.0189247399998 9.67908891999979 9.06052919685297 8.05412221999999 9.00896269929087 9.65257944051018 11.2731593382715 12.9810728600007 14.8209098800002 16.0728634546151 17.230915066604 17.2499829721772 16.7161658090415 16.1759988497394 16 16 16 14.5642651248643 14.0173037800003 15.0887321800003 16.0829455787923 16.5178901 16.5178901 16.6984141175512 17 17.2679058848865 16.9291591199999 16.836159472676 17.378882068543 17.5178901 19.2667792600009 19.9739048278005 19 19 19.3203163599999 20.7684134199997 19.6969850199996 18.8060794804874 18.0362381199997 17.5006190039004 18.1066186800001 19.1544265312246 20.2136952800002 20.8979827868257 21 20.5439864292633 21.0172989800002 22.0887273800004 23.16015578
11.056052471733 11.94588018 12 12.0887369800004 13 13.4631875600004 15.3030221800003 16 16 16 16 14.7503597758356 12.2389269269739 10.7505173199998 9.67908891999964 8.60766051999999 9.5535383 9.59315489143574 10.2316696163279 11.9096444600007 13.917214533888 15.7488963600002 17 16.7136518807892 16.1836147943184 16 16 16 16 15.05412462 14.5708420800002 15.544037159855 15.4464617 15.4464617 15.6141934253958 16.1671756994967 16.4464617 16.4464617 16.1836158658265 16.2947358790659 16.4464617 16.8909619111498 18.2648505937433 19.39233468 19 18.9508846684193 18.5894706866234 19.3641826035921 19.3111771169036 19 18.800935327119 18.0362381199999 17.8163830626654 18.9548917875582 20.1780470800002 20.8909605826579 20.5159627622343 20.0241667128732 20.4637606800002 21.5843030830893 23.16015578
11.6249667 11.97970326531 12 12.0887369800004 13 13.4631875600004 15.3030221800003 16 16 16 16 15.3398358199997 13.719664260934 12.4469124199997 11.3754840199996 10.30405562 10.6249667 10.6249667 10.78512968 12.0881494600007 14.2310062600005 16.1398454166245 17 16.8059934062441 16.2570279423215 15.587420870887 15.8322528005471 16 16 15.05412462 15.006489493716 15.2863011199997 14.3750333 14.5197687005872 15.1136416079788 15.6090494434556 15.72134348511 15.6983301863242 16 16 16 16.8030161800002 17.8744445800005 18.3547338650702 18.3750333 18.3417566777982 17.8999064707674 17.6066198800003 18.5644075721014 19 19 18.4826998199999 18 18.6601569800004 19.7315853800002 20.8030137800001 20.1255578199996 20 20.0064876935561 20.4970364021224 22.0103144093125
12.0874311652215 11.3412936774608 12.0120536103001 12.7233360819393 13 13.4631875600004 15.0919990186568 15.5643704491042 15.6894920631348 15.3036049 15.3036049 14.6434407199997 13.5720123199999 12.5005839199997 12.0381177834299 11.05412222 11 11.0617943267128 11.8565580800001 12.9982987577662 14.6060395600005 16.3744481800001 17 16.6397513467223 15.3048804789613 14.4067814487991 15.03519508 14.7443866956789 14.6072097999999 14.9787403796853 14.3036049 14.2148727199996 13.3036049 13.5351938800003 14.514624718647 15.1136835735923 15.1682353141684 15.1570555980707 15.3036049 15.3036049 15.8130790452119 16.8030161800002 17.2654856592666 17.9623062084944 17.9879514037446 17.3036049 17.0319133482231 15.8387963800002 16.9102247800003 18.1287308701189 19 18.8429451305811 18.6963951 19.3565520800004 20.4279804800002 20.380979156751 20.0381199693852 20 20 20.0269380673323 20.5123847595712
11.4541235936984 11.0125653503882 12.0173085800001 13 13 13.1075412665244 13.9296881016508 15.0869386250874 14.7862975199997 14.2321764999999 14.2321764999999 13.5720123199996 13.0623178953496 12.1969790199998 12 11.05412222 11.0132880916993 11.8565580800004 12.9279864800001 13.9994148800004 15.1411973519515 16.0869380678638 16.2321764999999 16.112070440311 15.2745765643983 14.2609357715139 13.6081259148534 13.2779109566605 12.5607555592516 12.6839630351644 13.245462748923 13.9793984730102 13.5218733858048 12.285946018815 12.5347065147275 13.2715460387196 14.2321764999999 14.2321764999999 14.2321764999999 14.7390623857096 15.1698574902031 16.6517673738845 17 17.2196094779409 17.2281595261463 17 16.67968364 15.0537689615914 15.7678535024966 17.4613803334166 18.574527330671 19 19 19.6601569800004 20.1698569329796 20.0457355711078 20 20 19.9867174366298 19.2321764999999 19.2693609084551
11.8796151756466 12.6330836382374 12.8420342213487 13 13 13 13.3517324196932 13.8464897392788 13.249822001135 13.1607481 13.1607481 13.0546279623769 12.386009537209 12.0316640032048 11.2661166963809 11.0087000440328 11.8565580800001 12.8535158151394 13.16016298 14.0372278743114 14.7180778061031 16 16 15.5658508126554 14.5720147199999 13.5005863199996 12.4291579199999 11.4868132309995 11.9148117988287 12 12.1780518800003 13.1607481 12.84042694 10.9663866085157 10.3214962 10.7561334276881 11.8564450527263 13.18979054628 14 14.1061193660322 14.7747345343818 15.9320995052045 16.8946273752101 17.7938256956236 16.9854797839622 16.1607481 16.1092578537311 15.8392519 16.190975962307 17.37444338 18.4458717800003 19.4341451589354 20.3333434793494 20.7846227802368 20.8392519 20.8392519 20.1053746389945 20 19.9827010199998 19 19
11.8856657093463 12.0844857339135 13.8791551343459 12.1701307195678 12.8541405436919 12.0893197 12.1163855502109 12.1451935865295 11.6832664967296 11.6497410400107 12.0893197 12.0893197 11.3577271199998 11.0893197 11.0112141437132 11 12.0173061800001 13.0808088339351 13.9249860093247 14 14.0541312716873 14.5196419808969 14.6832686823624 14.1324338743778 14.0367342111184 12.7386418921402 11.3577295199999 9.55500791865957 9.2567447419194 10.1293491748209 11.0908652684384 11.1786393999999 11.0041733250425 9.64682719821626 7.90268744147607 7.64240487999992 9.11988211200522 11.2132445600002 12.7147851054857 13.6905138422264 13.3991026220664 14.7129465957075 15.9637642800004 17.0351926799999 16.1035303718578 16.9106803 16.9106803 16.6997789638494 16.3030149800004 17.37444338 18.4458717800003 19.0462050968875 19.67804828 20.6905116565938 21 20.2687111699253 20.011214786815 20 19.9669471797035 18.0893197 18.0893197
11.7511497808692 12 13.0002730470024 12.0015876199303 12.0150257331367 12 11.7023992807287 11.0178912999999 11.0099139454051 10.5012032230553 10.6139851315392 11.0178912999999 11.0048021576734 11 11 11 12.0173061800001 13.0887345800004 14 13.7725520908566 13.0178912999999 13.0245906647227 13.4657045566886 14 13.4217998255214 12.994268995091 12.25051852 9.58742000631978 9 9.01692294018612 9.03578259999984 9.03578259999983 9.0329171190149 8.5547133399993 6.71487391999969 6.39233707999998 7.90963966000064 10.0524964600002 11.60662228 12.0297024095153 12.0226935435516 12.0466253067623 13.7869181096866 14.9816555799998 16.00030954418 16.1921758777747 17.9821087000001 17.7505221199998 17.5827173280892 18.9709166788447 18.9900859257776 19.5080450072897 19.9926418196434 20.6601569800004 21 20.1969862199999 20 20 19.9654020399996 18 17.8427096151068
11.7020879476097 12.0477422635694 13.0009266511783 13.048786379428 12.8398346199999 12 11.6969778199997 10.9799530018535 10.5244549875399 10 10 10.6601641800003 11.7315925800001 12 11.1723661039017 11.9487753267044 10.9464629 10.9417123079171 10.8929258 10.8929258 10.8929258 11.2673739800001 12.3388023800002 12.8929258 12.8929258 12.8929258 12.1613356199999 9.56985263203807 9 9 9 9 9.00857453298752 8.83434672238085 7.82027949177455 7.51501033883159 8.52907756943825 10.115837139956 11.6327672813014 11.3044976012568 10.1365409437267 9.88237985753031 11.641814960001 13.8353110563175 14.9646905457114 16.0887297800003 17.1687325844984 18.5043117861084 19.745652649857 19.53505468 20.1606113 20.7056062314668 21.2141484 20.4126198589837 20.6924184203526 20.1434491199999 19.9932779984349 19.9493608321715 18.930090057222 18 17.8484184960095
10.858762583914 12.7735579703662 12.8901801046461 13.683510142148 12.8398346199999 11.9710587674854 11.6098796382345 10.6255494199999 10 9.93535442460455 9.94860616111556 10.6601641800003 11.7315925800001 12.1003499182763 12.2342415039966 12.0135268205668 9.87287182456313 9.67242318115656 8.87503449999993 8.84609356740249 8.75006899999987 9.12451717999996 10.1959455800001 10.7500689999999 10.7500689999999 10.6675715530812 10.0763603852774 9.17236553835881 8.89072429592071 8.87503449999993 8.75439375103911 9 9.18017512696001 10.1539061326803 10.2877977184006 10.3281036958796 10.305649889841 11.7328693133175 12.3376979587186 10.5547157399994 7.77169439272143 7.80301618000017 9.63961375583884 12.8308549298821 14.0346027600004 16.0998179413229 17.4252676129572 19.2605269127633 20.7688618784841 22.6711668842036 23.3748965000002 24.2802075087127 24.977823977272 21.7392432941666 19.8506967015867 19.147753257049 19.7651670757555 19.047365109965 18.1228037243148 17.9889121385946 17.8750344999999
10.5525096600007 11.74948628 11.8070053995296 12.0713095784239 12.6434407199999 11.6174959256697 10.9404882922832 10.5026953297633 10 9.58428863385686 9.66950556409628 10.9194686159015 11.8370197400056 12.6453125579561 13.6780554800003 11.9118505399999 8.78629991999982 7.80360609999993 7.80360609999993 7.5720147199996 6.80360609999993 7.17805428000002 8.24948268000015 8.70201055748824 8.49158855544142 7.88030826660463 8.33880237999994 8.76492015069862 8.10089517274515 7.81423584520776 7.03120920316151 8.8210325588857 9.35177572093248 11.4279828800004 12.4994112800003 12.8954869870728 12.6635280417613 13 11.9381612132129 9.87607513999957 7.87689771730657 8.1958039800003 9.26723238000061 12.8047523531062 14.0346027600004 16.194885547541 18.35655208 19.6595670600006 22.0459285463205 24.6753483642727 25.8036060999999 25.702011500179 24.4297550399997 21.6267412599987 18.5561349659606 18.4489128719921 18.7789473100547 18.8036060999999 18.5933106341479 17.7323042361946 17
9.5483304860832 10.6780578800001 11.0126729562948 11.7084119579213 11.347085880452 10.7321777 10.5914677143971 10.2678223 10.2678223 10.1292758476814 10.3153531413837 12.1625237618703 12.4643442274384 12.0527553741881 12.6402523358151 10.84042214 8.25051611999985 7.24405720069474 7.04289521767846 7.09825625605149 6.53564459999993 6.80980720720159 7.59428318882841 7.48269501999983 6.41126661999986 6 6.92752634466509 7.8557745969618 7.76580359858829 7.03962883978499 7.01730378000025 8.11249663653202 9.70540946509505 12.2315889800003 13.3030173800002 14 13.5541258199996 13 12.4112690199999 11.2100974505542 10.2678146418913 10.4441740994704 11.1758934213622 12.9062423829885 14.0346027600004 16.2899531537591 19.4279804799999 20.6689714094957 22.4437216222445 23.7385144927487 24.0771186943753 23.272866096002 21.48343134 19.0340270814885 17.3211669773537 17 17.6402470641357 17.7321777 17 17 17
9 9.62498966681882 11.0058719478811 11.2505137199997 10.2849144827193 10.1571367039615 10.8787230933198 11.3392507000001 11.3392507000001 11.1729371015604 11.7957656090401 12.7754537198203 13 12.4694044495796 11.7459355714406 10.4107731379589 9.32194451999998 8.28061938837907 7.78432897692109 8.41781823777918 8.67850140000017 8.67850140000017 8.52723745812145 7.82194571999992 6.75051731999994 6.33925070000008 7.55423857932202 8 7.71886652015581 7.03672363044449 7.02317409947798 8.48661260582309 10.2659865711226 12.049471727155 13.4366703634458 13.787780292977 13.7053889476767 13.1637554376232 12.4112690199999 12.6601593800002 13.496383332953 12.87548522 12.3818454641237 12.9642356094239 14.3738534600005 16.6339665400494 19.8209074799999 20.8137699706245 21.4242966440755 21.4066889424491 20.5363761199994 19.1231419881747 17.3437680228747 16.2245510375746 16.7315853800002 17 17 17 17 17 17
9 9 11.0173085800001 11.9841478661662 11.66119282 11.0943243097283 12 12.1537790271889 12.4106791 12.7155391507584 13 13 13 13 11.9693374087476 11.0444537291992 10.4004802064268 9.78491676254667 9.41067910000005 9.64227048000038 10.4106791 10.4106791 10.1479147125854 9.51649956361194 8.64330392 7.96092265433513 8.25249958330887 8.41067910000005 8.56689188251179 7.08602138977058 7.43818035920345 9.08873218000032 10.2917097856998 12.2307988783717 13.5351893298055 13.6313478240709 14.1831112069558 13.8933765199999 13.0637276290085 13.4815175800003 14.9840859489387 14.6076629199999 13.5362345199996 13.0222288358593 14.6239236600004 16.7303409938068 18.3387999799999 19.1786417999999 19.4816567800003 19.7373071805986 18.5541282199997 17.4826998199999 16.4112714199999 16.2711126744053 16.8418176545686 17 17 17 17 17 17
9 9.91203185775871 11.4994160800001 12.5280637164148 12.9170515509383 12.4821075 12.4821075 12.8565580800001 13.2671458996495 13 13.2838339350563 13.4821075 13.4821075 13.4821075 13.4821075 12.0463667118213 11.4821075 11.4361525265271 10.8869992261196 10.6020469387668 11.1460881085865 11.4821075 11.4821075 11.4821075 11.1772068979982 10.3040532199995 9.61150988729559 9.09496621994255 8.12555301999967 7.51013823476334 8.01730378000025 9.13151062946983 10.8853746231776 13.1116507841755 13.7851248800002 14.4821075 14.7130223937658 14.7320928735873 14.4821075 14.8239990917068 15.3788838243537 14.7148763199998 14.0650242103521 13.05412702 14.026261634942 15.6493995724118 17.16015818 18 18.3030149800004 18.8194780381766 18.0720207199997 17.2499866165293 16.4112714199999 16.3418903487649 16.5178925 16.9050314659414 17 17 17.4737675319995 17 17.0772123027063
