catData/variables/futureClimate2070/rcp85/bcc_csm1_1_m_2070_rcp85/bio15.asc
NCOLS 409 
NROWS 350 
XLLCORNER 60.897278365 
YLLCORNER 5.843756025 
CELLSIZE 0.0892857 
NODATA_value -9999 
[rows 270 to 296 of 350, columns 180 to 239 of 409]
99.4122400599992 97.5174815869368 96.2356568991717 94.953832211406 93.8577499199999 92.1617527399998 90.1250581918887 90.0334013200004 93.8104493125813 95.8024142600007 97.1963699000001 96.3046119399996 94.2633387384796 92.2152682400002 89.9427750659893 88.3211145582246 86.3939580399995 85.1255506199996 84.05412222 82.9653876399998 80.8225308399993 78.7111252283663 76.9193009438682 75.6969802199997 74.6990821716617 74.5546897405733 75.5173049800002 76 76 75.8563377095123 75.9613187782528 76.171715066018 77.1422452800001 79.2448832984526 82.1600400306872 83.9952413970785 85.2315889800003 -9999 -9999 -9999 -9999 -9999 -9999 -9999 -9999 -9999 -9999 -9999 -9999 -9999 -9999 -9999 -9999 -9999 -9999 -9999 -9999 -9999 -9999 -9999
101.287298559999 98.8046083399998 96.6617515399999 94.5188947399993 93.32191812 92.9700180482992 91.2677983 91.8226757870345 94.9637954800002 96.3382460600006 97.7322017 96.9598493728493 95.4826926199998 93.82252844 91.0195074599991 88.5368148399998 86.3939580399995 85.1255506199996 84.3074266814918 82.9653876399998 80.8225308399993 78.83983702 77.5988370178581 75.9647785199998 75.1675217139579 75.1194049901339 75.6465698857746 76 76 75.4643284265007 76.0708168800002 77.1422452800004 78.21367368 80.0299736371329 81.8446962069597 83.32032116 85.2315889800003 -9999 -9999 -9999 -9999 -9999 -9999 -9999 -9999 -9999 -9999 -9999 -9999 -9999 -9999 -9999 -9999 -9999 -9999 -9999 -9999 -9999 -9999 -9999
102.134780829615 99.7849865908018 97.7331799399999 95.5903231399993 94.39334652 93.3219181199999 92.3392267000001 92.5508927133768 93.8923670800001 95.1640244458522 96.4485702345664 96.3661483749846 95.3072081445967 93.4833017399999 90.680280759999 88.1975881399997 86.5995436541521 85.7614138974943 85.3575864020873 82.9653876399998 80.8526319787487 79.1247321608324 77.7684086199997 76.799772620004 75.96477852 75.7851032800003 76.3392267000001 76.3392267000001 76.3392267000001 76.3392267000001 77.1422452800003 78.2136736800004 79.28510208 80.3565304800003 81.4865907353954 83.2659904149765 84.6235399754417 -9999 -9999 -9999 -9999 -9999 -9999 -9999 -9999 -9999 -9999 -9999 -9999 -9999 -9999 -9999 -9999 -9999 -9999 -9999 -9999 -9999 -9999 -9999
102.219779352925 100.568838229671 98.8046083399999 97.3799477063219 95.8976546000942 94.8111094766508 94.1590847132087 93.3448823698596 93.1364886131148 93.8923670800002 94.96379548 95.5893448999999 94.5547301399995 92.4118733399999 89.8799521473535 87.5368148399998 86.6702353391559 86.948441997589 85.6656926856662 82.9653876399998 80.9112654199997 79.6796740399999 77.8635128013129 77.2862184819421 76.7793208748027 76.6734301884526 77.2124339282925 77.4106551000001 77.4106551000001 77.4106551000001 78.2136736800003 79.6441981920172 80.3787570312386 81.0173037800002 82.0887321800003 83.16016058 84 -9999 -9999 -9999 -9999 -9999 -9999 -9999 -9999 -9999 -9999 -9999 -9999 -9999 -9999 -9999 -9999 -9999 -9999 -9999 -9999 -9999 -9999 -9999
102.337755675469 101.4820835 100.263161061612 100.807284549368 99.492566867755 97.429562138347 96.3046095399993 94.3219181199999 93.3704359599593 93.3030221800003 94.3744505800001 94.7850491007451 93.7326870923259 91.82252844 89.6796716399994 87.8895035515403 86.6790625199998 86.5134176446336 84.1701688692453 82.4916471638259 80.868487943102 79.3520143999376 78.3704371169596 77.8430610561115 77.4820835 77.4820835 77.7500042846743 78 78 78 79.1901405876117 80.8094209993177 81.4559909137542 81.4993872800002 82.5708156800003 83.5650333070316 -9999 -9999 -9999 -9999 -9999 -9999 -9999 -9999 -9999 -9999 -9999 -9999 -9999 -9999 -9999 -9999 -9999 -9999 -9999 -9999 -9999 -9999 -9999 -9999
103.233178739999 102.14856537259 102.085942613617 104.339946826207 103.71465552 100.62591854 98.4339447655992 95.858204976202 94.3219181199999 93.5210813148121 93.82093868 94.2474084413897 93.1963568292118 91.2690165399999 89.4915684695833 88.2684074199999 86.7524973516199 85.5720387199996 83.1324093671755 81.4291819199998 80.3181345859709 79.0886521153695 79.3219205199998 78.5535119000001 78.3462503764366 78 78 78.3258709317574 78.5535119000001 78.5535119000001 79.7150687200492 80.8744469800003 81.94587538 82.0173037800002 83.0887321800003 84 -9999 -9999 -9999 -9999 -9999 -9999 -9999 -9999 -9999 -9999 -9999 -9999 -9999 -9999 -9999 -9999 -9999 -9999 -9999 -9999 -9999 -9999 -9999 -9999
104.304607139999 103.35054850628 103.551062307996 107.341255955459 106.92894072 103.21526344 100.983669659999 97.92954984 95.728822247297 93.1288655037716 91.7336389378004 93.028767143525 92.01715871075 89.9405725549739 89.1274587206983 88.2684074199999 86.3939580399995 84.5790719621274 82.4833041399999 80.3793841786421 80.5916595350455 80.2098589784599 79.9131394064945 79.4355710277807 78.8595595779436 78.6249403 78.6249403 78.8457504648829 79.412561700842 79.6249403 80.4279588800002 80.9529101219848 81.94587538 82.6422440800003 83.6582201648113 -9999 -9999 -9999 -9999 -9999 -9999 -9999 -9999 -9999 -9999 -9999 -9999 -9999 -9999 -9999 -9999 -9999 -9999 -9999 -9999 -9999 -9999 -9999 -9999 -9999
105.599105526196 104.883277554851 104.6963687 105.414982504493 105.889639022605 102.60880490006 102.430157759999 99.3760379399999 97.0015873599994 93.6952951415569 91.6201272327824 91.82488664868 90.0553404599994 88.4285039897621 87.8439136281866 86.8756700199999 85.560419315915 84.1636717179659 82.10824444 81.3979920979315 81.6345767158801 80.8398370199999 80 79.9079937102728 79.6963687 79.6963687 79.6963687 79.6963687 80.3565304800005 80.6963687 80.9401902753696 81 81.94587538 83.0173037800002 -9999 -9999 -9999 -9999 -9999 -9999 -9999 -9999 -9999 -9999 -9999 -9999 -9999 -9999 -9999 -9999 -9999 -9999 -9999 -9999 -9999 -9999 -9999 -9999 -9999 -9999
106 105.830121524019 107.617474167189 107.868138160774 107.332377561697 102.745237247413 101.198194859999 98.1440750399997 96.1252585253236 94.0909334599991 91.4249958611651 90.0185268199996 88.309670766172 87.2322028999999 86.5720387199996 85.5006103199998 84.4291819199997 84.0291532180607 82.8344866564385 81.9734247303677 80.4438013731934 80.1950125915713 80 80.2326577083269 80.4802968732957 80 80 80.4520277818374 81.9348291802158 81.9738813814076 81.7677971000001 81.096399244652 81.94587538 83.0173037800002 -9999 -9999 -9999 -9999 -9999 -9999 -9999 -9999 -9999 -9999 -9999 -9999 -9999 -9999 -9999 -9999 -9999 -9999 -9999 -9999 -9999 -9999 -9999 -9999 -9999 -9999
106.570393743632 106.613973162888 107.900460244816 108.894636732297 108.05411982 104.629308038295 101.49854422359 97.5452543688866 94.5404619083647 92.0818648410427 90.4118733399997 88.7148955199997 87.1261597399996 85.6666924206616 84.6613848199996 84.2039275687467 83.3577535199997 83.1607745 82.21489672 81.1406859275634 80 79.865587143028 79.3551318916764 80.0487178536196 80.1005727810846 80 80.4341355304932 81.4279588800002 83.1595490600009 83.7216044546056 82.3306236613801 81.859411224014 81.9912981412818 -9999 -9999 -9999 -9999 -9999 -9999 -9999 -9999 -9999 -9999 -9999 -9999 -9999 -9999 -9999 -9999 -9999 -9999 -9999 -9999 -9999 -9999 -9999 -9999 -9999 -9999 -9999
109.721099169273 108.797326858243 108.161778434424 108.87445178 108.91548929485 104.916550008238 99.9853616338215 97.0819381761737 91.9950605179452 90.5103755899959 88.7707859210341 87.2374256879344 85.6151654230955 83.4283412517468 82.8102362903148 83.0893461 82.2863251199997 82.0893461 81.14346832 79.177145960311 79.0893461 79.0750361623726 79.0206917865966 79.0893461 79.0893460999999 79.0893461 79.6066510800001 81.2142118285575 83.3203235600009 84 83.1252348416493 82.1143353473195 82 -9999 -9999 -9999 -9999 -9999 -9999 -9999 -9999 -9999 -9999 -9999 -9999 -9999 -9999 -9999 -9999 -9999 -9999 -9999 -9999 -9999 -9999 -9999 -9999 -9999 -9999 -9999
111.001582559999 107.826622858119 103.078271828062 108.134659672052 106.213203451903 101.036123250168 98.5790026877576 93.4252696895409 89.5767974678713 87.4477087399991 86.0470438068424 85.1440774399993 84.0265664415572 83.4080843378294 82.3455753674556 82.0179176999999 81.2148967199997 79.300355183311 79.0368051457011 78.0009216069412 77.1229800604161 78.0179176999999 78.0179176999999 78.0179176999999 78.0179176999999 78.4558051972027 79.5173049800002 81.1774667600003 82.6719903607259 83.0179176999999 83.0035294539891 82.9843319213466 82.9820823000001 -9999 -9999 -9999 -9999 -9999 -9999 -9999 -9999 -9999 -9999 -9999 -9999 -9999 -9999 -9999 -9999 -9999 -9999 -9999 -9999 -9999 -9999 -9999 -9999 -9999 -9999 -9999
110.572645439999 105.542556879496 97.69418363272 104.671087265684 104.896483709452 99.9100197515361 97.49401673583 93.1456623999997 88.2517079599994 85.3566598689668 83.9799628873488 83.5006103199998 82.4291819199998 80.1487782962972 78.9283044473868 79.6780818800001 78.4263877695085 78.0535107 77.9522815357555 76.9647215458063 78 77.83983702 77 77 77.3544111957746 77.9703484679094 78.5173049800002 80.1774667600003 82.2849978410398 83.0247851052899 83.899499366329 84.1538136700127 85.4275018089103 -9999 -9999 -9999 -9999 -9999 -9999 -9999 -9999 -9999 -9999 -9999 -9999 -9999 -9999 -9999 -9999 -9999 -9999 -9999 -9999 -9999 -9999 -9999 -9999 -9999 -9999 -9999
108.179910439999 104.025078336731 99.5380282799996 103.231633918389 101.98330054 98.5559483799993 94.4477087399991 91.8643776368563 87.2092146784382 84.6591185015504 83.5006103199998 82.4291819199997 81.4223854384804 78.9392813539641 78.077440261499 79.0150053614883 79.2498782000001 79.0313723629344 76.8718902029135 76.0346123600002 78 77.83983702 76.971065181415 76.9129199185954 77 77.3901691613839 78.4569974986269 80.1774667600003 81.7426417986481 83.5881194600002 85.831304678669 87.1243251800004 -9999 -9999 -9999 -9999 -9999 -9999 -9999 -9999 -9999 -9999 -9999 -9999 -9999 -9999 -9999 -9999 -9999 -9999 -9999 -9999 -9999 -9999 -9999 -9999 -9999 -9999 -9999 -9999
103.434729600897 101.057994491705 97.9872424478606 101.780876130456 100.333397013753 95.3450620225823 91.4123659810788 88.9933039105139 86.3404449399995 84.2570918479306 82.6255494199999 81.5541210199997 81 81 81 81 81.1576872222903 79.9626090558813 76.3734381899288 77.0062547460972 78.3578858247237 77.83983702 76.8138856403119 76.4398840433511 77 77.0875556693232 78.02781368868 79.9810992600002 82.2535903783351 84.6068408946714 87.763109991009 89.2671819800005 -9999 -9999 -9999 -9999 -9999 -9999 -9999 -9999 -9999 -9999 -9999 -9999 -9999 -9999 -9999 -9999 -9999 -9999 -9999 -9999 -9999 -9999 -9999 -9999 -9999 -9999 -9999 -9999
97.2582056406463 97.6603263361046 98.1051347424638 98.6027148771368 95.8233799599999 91.8861609935173 89.2457240588438 86.796942987914 85.3930562694987 83.8836256225866 82.6255494199999 81.67352558274 81.2677959 80.9524738438654 80.7322041 80.9281215933945 81.5879752539422 82.3724795212787 81.3325592141553 81.2458551959512 79.8462935967116 78.10763292 77.2677959 77.2677959 77.1675202126335 77.3264726599701 78.0092684053873 79.4452626600003 82.2482812400013 85.4625664400002 89.4798702200008 91.1422428800003 -9999 -9999 -9999 -9999 -9999 -9999 -9999 -9999 -9999 -9999 -9999 -9999 -9999 -9999 -9999 -9999 -9999 -9999 -9999 -9999 -9999 -9999 -9999 -9999 -9999 -9999 -9999 -9999
92.7001462678733 96.05314638 95.790933063964 94.4896886270451 91.4839108599997 88.6493386109343 87.9112630199996 86.7340012289146 85.2606620620951 84.4967481268945 82.96477372 82.3392243000001 82.1637410661346 81.4216688885665 80.7937291681545 80.6655192374929 81.2055841596518 81.042589821184 81.6250130521939 81.6320340167959 79.9112654199997 78.83983702 77.9214385762333 77.6607756999999 77.4133494417467 77 77.8591275402732 80.0379551287174 82.9804853400013 86.4429437066977 90.5512986200009 92.5103049446782 -9999 -9999 -9999 -9999 -9999 -9999 -9999 -9999 -9999 -9999 -9999 -9999 -9999 -9999 -9999 -9999 -9999 -9999 -9999 -9999 -9999 -9999 -9999 -9999 -9999 -9999 -9999 -9999
90.9696928203163 94.8418162261567 94.6702362808398 92.8404437399991 90.5285632595869 88.4106527000001 88.3219157199997 87.1847149742565 85.8635108310601 84.9831936436228 83.7793185616935 83.2275512929897 82.9075599646539 83.1682752423565 81.6660957081579 79.0044262717225 80.6229566271877 79.9451502210889 79.7680418999998 81.3862396904563 79.8748263251391 78.4291843199999 77.3577559199996 76.4649114091894 76.332462756127 76.5893472999999 77.3190849667606 79.7662001400004 82.9804853400013 86.9263607200003 91.2120743200008 94.1079879733447 96.8598525613394 -9999 -9999 -9999 -9999 -9999 -9999 -9999 -9999 -9999 -9999 -9999 -9999 -9999 -9999 -9999 -9999 -9999 -9999 -9999 -9999 -9999 -9999 -9999 -9999 -9999 -9999 -9999
94.262216924653 95.1293929872871 94.1969766199999 92.2510964399992 91.05411982 89.9558180607141 89.3933441199996 88.2389630425722 86.8525152157844 86.0221180058584 84.7836466524979 84.2511519491452 84.2320854692116 84.1982627075683 81.3356844481488 76.3586366371265 79.4092854320857 79.5762933780091 77.6222840974081 79.5883540691647 79.3832270039339 77.7626254744223 76.2863275199996 75.360979228864 75.1939337894926 75.7328675721507 77.0346099600003 79.7662001400004 82.9804853400013 86.9263607200003 91.5991944003677 95.5269764020112 97.3999243163467 -9999 -9999 -9999 -9999 -9999 -9999 -9999 -9999 -9999 -9999 -9999 -9999 -9999 -9999 -9999 -9999 -9999 -9999 -9999 -9999 -9999 -9999 -9999 -9999 -9999 -9999 -9999
95.8482676063877 94.8634602484174 94.0879481895521 92.2510964399992 91.05411982 90.9922718834614 90.5138892814312 89.858200560599 88.3219157199999 87.4182129753407 86.9398303733107 86.4137302487198 85.8206844507499 85.61651541444 82.9492216696195 77.6471917694783 81.8351848600019 83.2140380000004 81.0011838912073 78.6664034548842 78.8621499869909 77.2148162709782 75.7684086199997 75 75 75.4458765800002 77.3209431808278 80.3197096400005 83.5339948400014 87.8848123347372 93.1221119000012 97.1207922093249 99.0229358886463 -9999 -9999 -9999 -9999 -9999 -9999 -9999 -9999 -9999 -9999 -9999 -9999 -9999 -9999 -9999 -9999 -9999 -9999 -9999 -9999 -9999 -9999 -9999 -9999 -9999 -9999 -9999
96.8251262323112 96.2438872704516 95.3729739552519 93.5009722399993 92.30399562 92.2390590123628 91.6249379 91.4047005562298 90.1630137505262 89.8748137000001 89.8748137000001 89.4289347199998 88.3575063199999 88.095626177992 86.599301365217 84.6520568024032 85.8558199008234 85.7033992408063 84.0879452465101 81.8358769444274 79.4474687399993 77.364683003621 75.7684086199997 75 75.2340068592681 76.0708144800002 77.8535693521397 81.1341219421576 84.6054232400013 88.8256903692505 93.5132561549547 98.0913531586865 100.51668866 -9999 -9999 -9999 -9999 -9999 -9999 -9999 -9999 -9999 -9999 -9999 -9999 -9999 -9999 -9999 -9999 -9999 -9999 -9999 -9999 -9999 -9999 -9999 -9999 -9999 -9999 -9999
97.5434023773976 99.4931455879638 98.98244182 97.6455003905667 95.8772722388101 95.0717903199999 94.0273054575641 93.23256722 92.3927326000001 92.3927326000001 92.3927326 91.9468536199998 91.2356606461733 90.6791231432039 89.7325684199998 88.8832761819579 87.8933453199998 86.2129798407115 84.10824444 82.9601329005335 80.5806889111562 78.9608745382204 76.4647749199997 75.4853535369744 75.3744481800001 76.7563700042716 78.7309762600004 82.0512998200006 86.1365660561417 89.8096385732374 93.9084406200008 99.0686012000017 102.246792798632 -9999 -9999 -9999 -9999 -9999 -9999 -9999 -9999 -9999 -9999 -9999 -9999 -9999 -9999 -9999 -9999 -9999 -9999 -9999 -9999 -9999 -9999 -9999 -9999 -9999 -9999 -9999
95.5832323224838 99.4893153081908 100.66229611028 101.23614180418 100.137865529039 98.2727860840116 96.3787206370615 94.60762932 93.7677947000001 93.7677947000001 94.0552958707362 94.08971042 93.5355894000002 92.9468536200002 91.3685546614658 89.4744892145165 87.5804237675667 85.4833065399992 83.3404497399999 81.4563734265622 80.9793953602307 80.4102780471803 77.9483687517399 75.6969802199997 75.3744481800001 76.8917531600004 79.0346099600003 82.3549335200006 87.1475158358288 90.9625652400003 95.5964224297266 100.907824300002 104.37321554 -9999 -9999 -9999 -9999 -9999 -9999 -9999 -9999 -9999 -9999 -9999 -9999 -9999 -9999 -9999 -9999 -9999 -9999 -9999 -9999 -9999 -9999 -9999 -9999 -9999 -9999 -9999
88.5160456675705 95.776108868241 100.307101391009 102.608311913613 102.687147416888 100.629303279835 97.5872790165587 94.8398346199999 94 94.2543032132686 94.8994261034556 94.9283129598204 94.8392231 94.25048732 91.9648697103506 89.5368148399998 86.7200442837987 83.6780200205223 81.42979824 80.1462531539712 79.3960219093051 79.9748634125808 78.305225859999 75.4426790208666 74.5352250800001 76.4267199856856 79.0346099600003 82.3549335200006 87.3008089000022 91.8087379187895 96.854316000001 102.945314105343 106.51607234 -9999 -9999 -9999 -9999 -9999 -9999 -9999 -9999 -9999 -9999 -9999 -9999 -9999 -9999 -9999 -9999 -9999 -9999 -9999 -9999 -9999 -9999 -9999 -9999 -9999 -9999 -9999
80.6150602673479 89.8346370577894 97.8526593565966 102.520242210271 103.861367204737 101.85872576 98.6444405599989 95.6046312764549 94 94.0270745772497 94.4303424823529 95.8120807239114 96.3502162584418 95.3219157200001 92.3289794592356 88.2043630792678 84.0383618000305 79.8483787204273 77.4656384399998 77.2664992187761 77.1866253016211 77.1078825199998 75.7841703975832 73.8486028571863 73.46379668 75.4269782400006 78.5950430159949 82.8910644555978 88.2114604000023 93.5032359148027 98.8363959000011 105.067984880002 108.65892914 -9999 -9999 -9999 -9999 -9999 -9999 -9999 -9999 -9999 -9999 -9999 -9999 -9999 -9999 -9999 -9999 -9999 -9999 -9999 -9999 -9999 -9999 -9999 -9999 -9999 -9999 -9999
76.7193178356512 83.6870655752016 94.0945836221845 102.127911969974 105.803740005173 103.895235651484 99.715868959999 96.66174914 94.7546363036969 94.2975919922325 95.3565304800002 96.8738378600006 98.4808468800398 97.2011327681026 93.3414231799989 87.618744844385 82.0172054162623 76.6792635203324 74.1620047399996 74.0537602999996 74.0537602999996 73.8935973199996 72.8180187793105 71.7328204199995 71.7780264111695 74.3555498400005 78.5859046860566 84.5039300189581 90.2649687000025 94.9036306891851 99.9971728000011 106.228761780002 108.890780841397 -9999 -9999 -9999 -9999 -9999 -9999 -9999 -9999 -9999 -9999 -9999 -9999 -9999 -9999 -9999 -9999 -9999 -9999 -9999 -9999 -9999 -9999 -9999 -9999 -9999 -9999 -9999
74.6625263571741 79.6426659253277 91.4546758918491 101.756331548183 104.78474376 102.771166932691 98.7107612750523 96.5277145172026 94.6737818094582 94.2332996782862 95.2674339800001 96.7847413600005 97.8653031615188 97.870977350737 93.9319983199982 86.0793890352476 79.974355087503 76.4234421597588 74.16175274 72.9282594957286 71.8042488199997 70.8929834 70.6737840810381 69.9627057732942 70.7488963600002 73.7835063200009 78.0692199200007 83.5008981576838 89.2473006000022 94.6044426000004 99.961584600001 106.146383408662 108.78473416 -9999 -9999 -9999 -9999 -9999 -9999 -9999 -9999 -9999 -9999 -9999 -9999 -9999 -9999 -9999 -9999 -9999 -9999 -9999 -9999 -9999 -9999 -9999 -9999 -9999 -9999 -9999
