catData/variables/futureClimate2070/rcp85/bcc_csm1_1_m_2070_rcp85/bio10.asc
NCOLS 409 
NROWS 350 
XLLCORNER 60.897278365 
YLLCORNER 5.843756025 
CELLSIZE 0.0892857 
NODATA_value -9999 
[rows 156 to 181 of 350, columns 290 to 347 of 409]
34.9456868874516 34.9 34.833985262 34.726842422 34.6154009159335 34.507203512 34.394997260626 34.198271062 34.0822564439999 33.8688280633352 33.6590383139999 33.5037311853574 33.4645612792963 33.4475524180499 33.5 33.5 33.5 33.5 33.5 33.4953189741275 33.400060912 33.298271302 33.191128462 33.083985622 32.976842782 32.869699942 32.762557102 32.655414262 32.548271422 32.441128582 32.333985742 32.2307591697173 32.201054589629 32.1172382350247 32.1002898443215 32.1 32.1 32.1 32.0987603537066 32.09464677 32.09464677 32.09464677 32.042918432 31.935775592 31.828632752 31.7254061668695 31.619700302 31.595318999823 31.5051247648307 31.49464677 31.4867254882763 31.4205098672081 31.4549261574456 31.3037312239006 31.3020043787531 31.260767972 31.257081328 31.2401792985714
34.906031970702 34.9 34.833985262 34.726842422 34.5494335604435 34.41412584127 34.2226473490164 34.1859910413027 34.0833650675891 33.8944802541245 33.7565788561618 33.582195772 33.5078171492653 33.5 33.5 33.4926433564062 33.4957531478802 33.4908582078334 33.48750393 33.400060912 33.3047375870258 33.2859912513121 33.191128462 33.083985622 32.976842782 32.869699942 32.7578782112559 32.6484896570305 32.548271422 32.4337719683967 32.3297388598896 32.2908582378239 32.2172383284624 32.1890730892512 32.1165572820704 32.1 32.1 32.1 32.076843022 32 32 32 31.948271662 31.841128822 31.733985982 31.6908582678145 31.607204232 31.5109882727582 31.4881805449554 31.4 31.4077625243826 31.48750393 31.4701345563804 31.3784102355234 31.337442418 31.355414742 31.351728098 31.2160306323779
34.9293111682889 34.9 34.833985262 34.726842422 34.6354697088206 34.4447523939999 34.325052812 34.1385987308445 34.091128222 33.9711158604159 33.7919335796651 33.669699702 33.562556862 33.5 33.4898410239889 33.4330511839301 33.4530499701509 33.407203752 33.38036109 33.3100909276063 33.2814243684746 33.1996605025556 33.1714895519999 33.064346712 32.957203872 32.850061032 32.7128286710396 32.5912438470413 32.528632512 32.3857416635935 32.3066744292842 32.226842902 32.2 32.1297300304729 32.195648943608 32.1 32.1 32.1 32.076843022 32 32 31.9912438941747 31.9387916337443 31.841128822 31.733985982 31.626843142 31.519700302 31.4828272386605 31.4043512492586 31.3807004931776 31.4 31.4 31.4186090070653 31.4257124408537 31.337442418 31.3641708006919 31.3510493387781 31.144877338
34.824947308 34.8889851745426 34.8163053599057 34.719653551646 34.6784941428023 34.4983317339999 34.378632152 34.2706864537056 34.1155339545954 33.983985382 33.8598870565079 33.6883665019404 33.562556862 33.5 33.448271182 33.4 33.3823201621819 33.3196537273698 33.3 33.3 33.205414142 33.1719525275766 33.091128462 32.983985622 32.876842782 32.769699942 32.662557102 32.555414262 32.448271422 32.3842332040098 32.307203992 32.2196539030936 32.2 32.2 32.2 32.1 32.1 32.1 32.0830448659555 32.0186669284928 32 31.9673552786106 31.9129279958377 -9999 31.733985982 31.626843142 31.5412059663691 31.439339212 31.4014501305275 31.3275842739516 31.3755940745759 31.4 31.4 31.3453561503069 31.2871803723481 31.4 31.3621255918861 31.091297998
34.785653648 34.8728244379783 34.7679705239999 34.6751815916096 34.6130165795748 34.4547782507591 34.339338492 34.1994134648721 34.1513415683122 33.983985382 33.868986469319 33.7157540658652 33.562556862 33.484874389766 33.4318953814183 33.3800280313973 33.322456059787 33.3 33.3 33.2703353146599 33.2035774165245 33.0994135462912 33.057203872 32.950061032 32.8507741832619 32.769699942 32.662557102 32.555414262 32.448271422 32.341128582 32.256380808368 32.2091063444476 32.2 32.2 32.2 32.1005863722898 32.13392459 32.13392459 32.13392459 32.1139038610272 32.0551469117884 -9999 31.9307230354197 31.8271760377647 31.733985982 31.626843142 31.6 31.512557462 31.4375023236865 31.3988580728708 31.3397861779449 31.4 31.4 31.2993597032164 31.1795122916222 31.3963261419539 31.43392459 31.2383842866913
34.8304852633162 34.8831097455008 34.7679705239999 34.626842422 34.5670226820481 34.5074000107688 34.405413902 34.239338492 34.1285522407801 33.983985382 33.8536850839999 33.669699702 33.562556862 33.455414022 33.378756303878 33.300060912 33.25893257 33.25893257 33.25893257 33.171489552 33.1200885889759 33.057203872 32.9500610319999 32.842918192 32.75893257 32.728632512 32.6368665079261 32.555414262 32.448271422 32.341128582 32.2728896408058 32.2158192120112 32.2 32.2 32.1611561175378 32.1010186247208 32.15893257 32.1655091649132 32.2 32.2 32.162557342 32.055414502 31.9177868229983 31.8168905501847 -9999 31.626843142 31.5670229777336 31.5074004350833 31.5 31.4 -9999 -9999 -9999 31.3642873599709 31.2580707227902 31.343655695239 31.5 31.4064349052535
34.8 34.8304895970201 34.7834120208592 34.6397832261207 34.519699582 34.5 34.405413902 34.298271062 34.1822564439999 33.9762646914227 33.8166390870269 33.669699702 33.5445054240737 33.407203752 33.300060912 33.192918072 33.119963962275 33.10357946 33.10357946 33.0582929570739 32.957203872 32.950061032 32.8471951844229 32.783985622 32.6888358426777 32.621489672 32.55178973 32.507203992 32.4249996391209 32.341128582 32.233985742 32.2 32.2 32.2 32.105414382 32.1 32.1042768767183 32.156503948832 32.1888359583823 32.15178973 32.132398278517 32.055414502 31.9233332905837 31.792918552 31.7176012483156 -9999 31.558413003215 31.5060539863353 31.4544001338857 31.4 31.4 31.3922796565367 -9999 -9999 31.3057238368123 31.2835619554761 31.4767279857117 31.4695109001613
34.7732805323767 34.7348251470819 34.7258349905414 34.6388267286237 34.519699582 34.5 34.405413902 34.297314041047 34.1269033339999 33.9214822431176 33.7640241688 33.614346592 33.4904865553646 33.330734296553 33.192918072 33.085775232 33.0151734696939 32.9595051382238 32.94464689 32.94464689 32.850061032 32.842918192 32.74464689 32.728632512 32.6343079123525 32.569699942 32.5 32.455414262 32.3713666233182 32.285775472 32.2151735768464 32.1595052710712 32.14464689 32.14464689 32.1024173531757 32.1 32.1039607586597 32.14464689 32.134308019505 32.0832281084126 32.04464689 32.000061392 31.8698234578343 31.741128822 31.7 31.626843142 -9999 -9999 31.405414622 -9999 -9999 31.3374971825752 31.3103387633425 31.3614186487399 -9999 31.295164972191 31.396374988 31.4772337850692
34.7194004917769 34.6565528059381 34.5835016626938 34.5475710453681 34.5073881410831 34.5 34.405413902 34.2340461739999 34.0253049959429 33.873976894342 33.7056616073729 33.550763242912 33.400060912 33.2761965245179 33.148271182 33.041128342 32.9587436123371 32.9100670853778 32.8498156409072 32.83750405 32.8020305225227 32.7368557182377 32.6944556480473 32.621489672 32.53750405 32.507203992 32.43750405 32.392918312 32.285775472 32.2154248839576 32.1587437623274 32.1100671753875 32.0498157908975 32.0921522448175 32.0408878194675 32.03750405 32.03750405 32.03750405 32.03750405 32.007204232 31.93750405 31.892918552 31.8181038282523 31.741128822 31.6587439123177 31.6100672653972 -9999 -9999 31.4020307025422 -9999 -9999 -9999 31.3 -9999 -9999 31.2721360194529 31.289232148 31.396374988
34.7 34.641128102 34.533985262 34.398107895775 34.36072242 34.36072242 34.266136322 34.1269033339999 33.9153112331493 33.7398455701983 33.607203752 33.469760614 33.292918072 33.185775232 33.078632392 32.971489552 32.864346712 32.83036121 32.750061032 32.73036121 32.73036121 32.62915736563 32.5580289137176 32.5254990510652 32.4838735935871 32.4211617457605 32.3739252188919 32.3168244404558 32.248271422 32.159002656849 32.1103184824987 32.1 32.019700062 32.0265486854584 32.0016438718892 32 32 31.9888479480679 31.93036121 31.9211618186274 31.873925386025 31.8168245133227 31.7639770113297 31.671490032 31.564347192 31.53036121 -9999 -9999 31.4 -9999 -9999 -9999 -9999 -9999 -9999 31.255414742 31.251728098 31.3178739291151
34.6602815860839 34.6095492748963 34.533985262 34.353684844 34.2383440301628 34.22321837 34.128632272 33.9443063707781 33.8054748139999 33.607203752 33.482280238281 33.3091012066992 33.185775232 33.078632392 32.971489552 32.864346712 32.7572038719999 32.72321837 32.642918192 32.62321837 32.5505938064781 32.5228169945022 32.4931882885175 32.42321837 32.417841641443 32.3767351215766 32.285775472 32.22321837 32.171489792 32.1095493863445 32.0493131766752 32.02321837 31.942918432 31.92321837 31.92321837 31.92321837 31.92321837 31.9195001481868 31.8822196948328 31.82321837 31.785775712 31.72321837 31.671490032 31.6095494420686 31.533985982 31.5 31.4383445829905 -9999 31.3273758050299 -9999 -9999 -9999 -9999 -9999 -9999 -9999 31.2120104211876 31.2684204357927
34.396497532 34.2988186616245 34.2536899009884 34.286102762804 34.1523078817857 34.0426892391727 33.937564962 33.814346592 33.6983319739999 33.500060912 33.3697606139999 33.185775232 33.078632392 32.971489552 32.864346712 32.757203872 32.650061032 32.61607553 32.6031668507956 32.5266139105915 32.5008703520214 32.41607553 32.407203992 32.31607553 32.2966409575267 32.2272801650862 32.2100563856991 32.1625816556879 32.064346952 32.01607553 32.0054633881509 31.9386032932361 31.9031668893768 31.9 31.8206195213973 31.8985494007843 31.81607553 31.8026357495584 31.7284284530545 31.71607553 31.7100564242804 31.6625818571066 31.6077599255063 31.5505926758807 31.5054634267322 31.5 -9999 31.3266143134289 31.300870429184 -9999 -9999 -9999 -9999 -9999 -9999 -9999 31.1594880620876 31.2094638152995
34.3043118936089 34.1875150481454 34.10893269 34.0488449913085 34.0124520951827 33.921489432 33.814346592 33.707203752 33.5911891339999 33.392918072 33.2626177739999 33.078632392 32.971489552 32.8237434611982 32.7132446050474 -9999 32.542918192 32.50893269 32.50893269 32.421489672 32.40893269 32.3984257212333 32.3081402230122 32.2854161367422 32.2068641275034 32.1724065522509 32.10893269 32.064346952 32.0043119364858 32 31.9398825910229 31.9023977932227 31.9 31.8203682142861 31.8004836499595 31.8087782922051 31.7919211475493 31.7075021966963 31.7 31.6724067708125 31.60893269 31.6049500056787 31.5528923940757 31.5036739101699 31.5 -9999 -9999 -9999 -9999 -9999 -9999 -9999 -9999 -9999 -9999 -9999 31.151728098 31.1463878203916
34.20178985 34.1418642333336 34.0351668267881 33.928632272 33.90178985 33.8143465919999 33.707203752 33.5983629193967 33.3945491304814 33.2700472516403 33.0800077582379 32.9417315838837 32.766136562 32.7019836557455 -9999 32.542918192 32.435775352 32.40178985 32.40178985 32.314346832 32.30178985 32.3017589088988 32.2912872492228 32.2015032166554 32.1772572614663 32.1012475244119 32.0632272737098 32.0009918321684 31.9491972859533 31.90178985 31.9006082938032 31.8281523043185 31.80178985 31.714347072 31.70178985 31.70178985 31.7016310670727 31.7 31.6772574971707 31.6012475287075 31.5632275094142 31.50178985 31.450061512 31.40178985 -9999 -9999 -9999 -9999 -9999 -9999 -9999 -9999 -9999 -9999 -9999 -9999 -9999 31.1007361485162
34.0972309486982 34.035775112 33.9321660343236 33.826842422 33.7957015266545 33.707203752 33.505474814 33.392918072 33.2769034539999 33.078632392 32.9483320939999 32.764346712 32.6592081994328 32.5952266341125 -9999 32.435775352 32.39464701 32.321489672 32.29464701 32.2899661939908 32.1997713335202 32.1930108490311 32.099525107458 32.09464701 32.071489792 -9999 31.9592084265856 31.8976133299034 31.89464701 31.835775592 -9999 -9999 31.7186455196511 31.7 -9999 -9999 31.5995251203052 31.5794901072057 31.5 -9999 -9999 -9999 -9999 -9999 -9999 -9999 -9999 -9999 -9999 -9999 -9999 -9999 -9999 -9999 -9999 -9999 31.0730950490869 31.097798365424
34.048270942 33.941128102 33.8917509105646 33.814346592 33.707203752 33.600060912 33.398331974 33.2855591868467 33.1583733862968 32.971489552 32.8440829705839 32.669699702 32.6 -9999 32.38750417 32.3359890143018 32.2917509405546 32.214346832 -9999 32.1109878828761 32.1 -9999 32.0797412043068 31.9979988705496 31.967240638594 -9999 -9999 31.8484897900247 31.7935360848317 31.7359892243119 -9999 31.68750417 -9999 -9999 -9999 -9999 -9999 -9999 -9999 -9999 -9999 -9999 -9999 -9999 -9999 -9999 -9999 -9999 -9999 -9999 -9999 -9999 -9999 -9999 -9999 -9999 -9999 31.0515145256681
34.028632272 33.909927774229 33.8076723385472 33.707203752 33.600060912 33.492918072 33.291189134 33.1772429944283 32.991128222 32.883985382 32.776842542 32.669699702 -9999 -9999 32.3 32.2884383893618 32.214346832 32.1215711201906 -9999 32.0828273542569 32.08036133 31.9996605067045 -9999 31.964346952 31.88036133 31.88036133 -9999 -9999 -9999 -9999 -9999 -9999 -9999 -9999 -9999 -9999 -9999 -9999 -9999 -9999 -9999 -9999 -9999 -9999 -9999 -9999 -9999 -9999 -9999 -9999 -9999 -9999 -9999 -9999 -9999 -9999 30.9898412895365 30.9687998607603
33.9085617448412 33.77124147725 33.6823202563411 33.600060912 33.492918072 33.385775232 33.2093778792945 33.098271062 -9999 -9999 -9999 -9999 -9999 -9999 -9999 32.241128342 -9999 -9999 -9999 32.00919403261 -9999 -9999 -9999 -9999 31.8 -9999 -9999 -9999 -9999 -9999 -9999 -9999 -9999 -9999 -9999 -9999 -9999 -9999 -9999 -9999 -9999 -9999 -9999 -9999 -9999 -9999 -9999 -9999 -9999 -9999 -9999 -9999 -9999 -9999 -9999 -9999 -9999 30.8301140781476
33.76607565 33.707203752 33.600060912 33.5177363048122 -9999 -9999 -9999 -9999 -9999 -9999 -9999 -9999 -9999 -9999 -9999 -9999 -9999 -9999 -9999 -9999 -9999 -9999 -9999 -9999 -9999 -9999 -9999 -9999 -9999 -9999 -9999 -9999 -9999 -9999 -9999 -9999 -9999 -9999 -9999 -9999 -9999 -9999 -9999 -9999 -9999 -9999 -9999 -9999 -9999 -9999 -9999 -9999 -9999 -9999 -9999 -9999 -9999 30.8
33.7198235194659 33.641128102 33.533985262 -9999 -9999 -9999 -9999 -9999 -9999 -9999 -9999 -9999 -9999 -9999 -9999 -9999 -9999 -9999 -9999 -9999 -9999 -9999 -9999 -9999 -9999 -9999 -9999 -9999 -9999 -9999 -9999 -9999 -9999 -9999 -9999 -9999 -9999 -9999 -9999 -9999 -9999 -9999 -9999 -9999 -9999 -9999 -9999 -9999 -9999 -9999 -9999 -9999 -9999 -9999 -9999 -9999 -9999 30.7758233600368
33.700060912 33.6213002316874 -9999 -9999 -9999 -9999 -9999 -9999 -9999 -9999 -9999 -9999 -9999 -9999 -9999 -9999 -9999 -9999 -9999 -9999 -9999 -9999 -9999 -9999 -9999 -9999 -9999 -9999 -9999 -9999 -9999 -9999 -9999 -9999 -9999 -9999 -9999 -9999 -9999 -9999 -9999 -9999 -9999 -9999 -9999 -9999 -9999 -9999 -9999 -9999 -9999 -9999 -9999 -9999 -9999 -9999 -9999 -9999
33.648270942 -9999 -9999 -9999 -9999 -9999 -9999 -9999 -9999 -9999 -9999 -9999 -9999 -9999 -9999 -9999 -9999 -9999 -9999 -9999 -9999 -9999 -9999 -9999 -9999 -9999 -9999 -9999 -9999 -9999 -9999 -9999 -9999 -9999 -9999 -9999 -9999 -9999 -9999 -9999 -9999 -9999 -9999 -9999 -9999 -9999 -9999 -9999 -9999 -9999 -9999 -9999 -9999 -9999 -9999 -9999 -9999 -9999
33.585775232 -9999 -9999 -9999 -9999 -9999 -9999 -9999 -9999 -9999 -9999 -9999 -9999 -9999 -9999 -9999 -9999 -9999 -9999 -9999 -9999 -9999 -9999 -9999 -9999 -9999 -9999 -9999 -9999 -9999 -9999 -9999 -9999 -9999 -9999 -9999 -9999 -9999 -9999 -9999 -9999 -9999 -9999 -9999 -9999 -9999 -9999 -9999 -9999 -9999 -9999 -9999 -9999 -9999 -9999 -9999 -9999 -9999
33.548270942 -9999 -9999 -9999 -9999 -9999 -9999 -9999 -9999 -9999 -9999 -9999 -9999 -9999 -9999 -9999 -9999 -9999 -9999 -9999 -9999 -9999 -9999 -9999 -9999 -9999 -9999 -9999 -9999 -9999 -9999 -9999 -9999 -9999 -9999 -9999 -9999 -9999 -9999 -9999 -9999 -9999 -9999 -9999 -9999 -9999 -9999 -9999 -9999 -9999 -9999 -9999 -9999 -9999 -9999 -9999 -9999 -9999
33.471489552 -9999 -9999 -9999 -9999 -9999 -9999 -9999 -9999 -9999 -9999 -9999 -9999 -9999 -9999 -9999 -9999 -9999 -9999 -9999 -9999 -9999 -9999 -9999 -9999 -9999 -9999 -9999 -9999 -9999 -9999 -9999 -9999 -9999 -9999 -9999 -9999 -9999 -9999 -9999 -9999 -9999 -9999 -9999 -9999 -9999 -9999 -9999 -9999 -9999 -9999 -9999 -9999 -9999 -9999 -9999 -9999 -9999
33.364346712 33.257203872 -9999 -9999 -9999 -9999 -9999 -9999 -9999 -9999 -9999 -9999 -9999 -9999 -9999 -9999 -9999 -9999 -9999 -9999 -9999 -9999 -9999 -9999 -9999 -9999 -9999 -9999 -9999 -9999 -9999 -9999 -9999 -9999 -9999 -9999 -9999 -9999 -9999 -9999 -9999 -9999 -9999 -9999 -9999 -9999 -9999 -9999 -9999 -9999 -9999 -9999 -9999 -9999 -9999 -9999 -9999 -9999
