catData/variables/futureClimate2070/rcp85/bcc_csm1_1_m_2070_rcp85/bio10.asc
NCOLS 409 
NROWS 350 
XLLCORNER 60.897278365 
YLLCORNER 5.843756025 
CELLSIZE 0.0892857 
NODATA_value -9999 
[rows 182 to 207 of 350, columns 174 to 231 of 409]
36.732092548 36.80893293 36.80893293 36.853521068 36.90893293 36.90893293 36.9690523661526 37 37 37 37 36.9998453836665 36.9749050364614 36.807502183872 36.7917247558993 36.7918636220776 36.8586802908196 36.8762172971504 36.942797808 37.0551997835112 37.1542220171831 37.0292803586943 36.9875478704057 36.9988784651001 37.0861383180027 37.0906032853165 37.0650609397917 37.0746319346889 37.0842029295861 36.9974542815166 36.7513791607611 36.7039829842778 36.756042378825 36.8 36.8719133569695 36.982091948 37.0748881704723 37.0988784436611 37.1 37 36.9903341436473 36.8779124184998 36.7225036424412 36.3367060068669 36.071488352 36.0495373851613 36.156351285736 36.2625469353668 36.3058971575304 36.1691505964276 36.11786586 36.205310318 36.2955543237615 36.30893293 36.300059952 36.224948748 36.287843018708 36.2454605463947
36.5039947580058 36.50537027 36.57892025693 36.746378228 36.750985143064 36.8192200273428 36.8363468571863 36.8754300571423 36.90179009 36.90179009 36.90179009 36.90179009 36.9014723956389 36.89820991 36.9209547142904 36.9969622569742 37.0349846677613 37.09641982 37.0973458467679 37.157083488 37.264226328 37.151891394 37.177074528174 37.19641982 37.1052184547104 37.19820991 37.19820991 37.1824803181489 37.0772554314134 37.0001627919661 36.958975002 36.8526303212071 36.7991359324716 36.8578194522638 36.8993916590008 36.9013096122653 36.982091948 37.0876694492056 37.1 37.09820991 37.089336692 36.9664644958527 36.7528530737655 36.5055146059999 36.2222009556463 36.0990080649109 36.151730258 36.20105388144 36.1369558967045 36.0291117940309 36.00179009 35.9174763009964 36.0928516682372 36.2000909230273 36.1034213457081 36.1020767875564 36.103165619179 36.132091588
36.1894093973575 36.3121354876412 36.464185096 36.6362693295568 36.6974162799249 36.752571081414 36.7928282066611 36.721487752 36.774949588 36.7899665282346 36.694706482 36.691025358 36.7888195131303 36.7856564004756 36.840966006 37.024949468 37.132092308 37.239235148 37.2974162670783 37.3 37.3035336938145 37.2361095241826 37.2107055 37.2887890201624 37.2104752692869 37.20535275 37.2132762599538 37.2634719663912 37.1 37.0713200111274 36.930463114 36.80535275 36.8081217542317 36.8107055 36.8001044570963 36.729320270672 36.8616581082959 36.987444698 37.094587538 37.0930094948084 36.991126782 36.9 36.8756014640873 36.7356657502808 36.41277711 36.050639275966 35.9892945 35.9335727317532 35.8981809181213 35.826841222 35.7068033474275 35.6058586584511 35.8834721655937 35.8859268339617 35.7030452796701 35.790151786698 35.8165662829339 35.8876725365658
35.5272665910892 35.9272932467349 36.2467618478247 36.4711091350869 36.6202757070861 36.6109960429146 36.6327763070846 36.5984954429161 36.6452769070831 36.5859948429176 36.4686014710816 36.4765233970808 36.5569659947597 36.5300317150793 36.7309292650786 36.905311038 37.0077748970771 37.1015296070763 37.1952843170755 37.2522352518504 37.336778788926 37.37500882 37.3850430409275 37.3219129938564 37.31249559 37.3002162509297 37.303622132 37.196479292 37.11249559 37.1049227681345 37.021972675867 36.8957811171971 36.9396673798701 37 36.8266987988095 36.8015041370627 36.8852246561239 36.9765179670612 37.082091948 37.0122793690597 36.9922355429411 36.9104942890582 36.8565760449425 36.682193852 36.4346305418882 35.9925815941102 35.7866395862175 35.7845828528391 35.8742650189472 35.8301951910521 35.448691045154 35.4827377908483 35.8547107100997 35.6734948729509 35.5886131409517 35.6140145470476 35.6846105990468 35.644707322
35.0302019940001 35.4306360339949 35.971227472 36.266034418 36.32144628 36.3098843864637 36.3147724851696 36.3358136568031 36.34108471 36.34108471 36.2076354791099 36.3003399133367 36.3356431710299 36.5191619346036 36.642797808 36.749940648 36.81963843 36.7933693405884 36.7404049304587 36.839193436 37.0275499399251 37.0821694199999 37.2097817319128 37.3628752738754 37.38036157 37.320689315591 37.371488112 37.2674906214713 37.1954519088953 37.1257084467381 37 36.857480709995 36.8253940063617 36.9838467385436 37 37 36.919698142 36.9 36.9760120305611 37.098269622 36.9982574392943 36.964345512 36.8526546280275 36.7363721876059 36.568027836 36.1749370177453 35.7431944295184 35.7204877575814 35.9387058122271 35.853682444 35.3325085362387 35.4817448186341 35.6345111847735 35.4417642538801 35.4874920344266 35.5638683952068 35.557202912 35.4381585950526
34.857073974345 35.1514165258129 35.5125711329209 35.7690605176258 35.8670208057837 35.8497682581579 35.885672848 35.95362960262 36.0091056219122 36.0430751192222 36.141025478 36.248168318 36.355311158 36.4827599682865 36.708782859105 36.857083488 36.92678127 36.8049587813506 36.5639552126167 36.5665567822343 36.6621413402978 36.6215648747551 36.878196548638 37.1619345441059 37.2688703446396 37.3987328634792 37.317907812 37.22678127 37.203622132 37.0883640374564 37 36.8574727912269 36.7422425529748 36.8862126207844 36.9817974017477 37 36.919698142 36.9 36.9253317439381 37.0719517692042 36.991126782 36.883983942 36.7660866980048 36.637332159463 36.487666266 36.1662377459999 35.948269742 35.9157669633328 35.9751173014012 35.853682444 35.7412041751309 35.6393368119999 35.437606674 35.149897736 35.34643746 35.3581640385387 35.4089018974547 35.2985444879868
34.8310163122859 34.9739693476308 35.103521188 35.240126037018 35.4180644621192 35.49822767 35.564244328 35.5747055891539 35.6721968590486 35.7560078496256 35.8909797212731 36.1034923925156 36.3106460280001 36.4389550080614 36.6798324053959 36.8727337557668 36.991481695331 36.9750004091284 36.8675907844629 36.8157241026384 36.8890142014793 36.7392649631591 36.8012106439422 36.8620392140869 37.0214869765789 37.299401863508 37.3602126736527 37.3 37.276840862 37.1496757203489 37.0212212887524 36.9705383081463 36.882193612 36.8139518540562 36.887241554315 36.9817888714825 36.94693983264 36.93392411 36.9964236675626 37 36.991126782 36.883983942 36.7842870999354 36.6612687090689 36.4240021554892 36.1662377459999 35.9307207123728 35.924948988 35.9884712094247 35.8040455153532 35.7593933892221 35.6786314319999 35.4448133949805 34.7630568364086 34.801940916451 34.9164159048628 35.0613944766145 35.1134430349736
34.8558301847443 35.04106695 35.063134606193 35.1628991263384 35.2715535931302 35.3 35.3389056300675 35.4020481735361 35.4508438209953 35.4948441175267 35.7280204500581 35.9830117714106 36.3555383693625 36.5881045953044 36.7505778001836 36.8178499425701 36.9595125727537 37.0772439397777 37.1212442363091 37.082193372 37.04106695 36.894748434 36.9543466704347 36.894688962 36.787546122 36.9406148600575 37.2215101585601 37.2655104550915 37.2863516136229 37.1983208738457 37.062555182 37 36.948269502 36.841126662 36.7186675075664 36.8531613633426 37.0167986716218 37.04106695 37.0022227330633 37 36.991126782 36.8774066354692 36.6840832948133 36.3572709855935 36.2075538422499 36.1434814886563 35.9177835231877 35.899940048 35.9799721557495 35.6472767304362 35.6641225686265 35.612555542 35.393926342752 34.4137473465556 33.8851987768062 34.0092188401193 34.3105772430092 34.5502499049669
34.8583136507975 35.0663989613667 35.1180522995307 35.2158902183053 35.3249393958588 35.3765927340228 35.39641958 35.39641958 35.4380083294851 35.4513406946421 35.735554264 35.947318614979 36.126938809658 36.4361869553299 36.6638154804974 36.8663988456632 36.937445058 37.044587898 37.1267914578448 37.1496822886386 37.1163834135167 37.0242213332947 37.0408833575658 37.0486593139509 36.8168203045816 36.658712682 37.060663668 37.167806508 37.25179021 37.2204032939193 37.110764972 37.0267141737123 36.9233303375482 36.8496822972316 36.7456400383394 36.8065067871684 37.0504020068921 37.1 37.005412462 37 36.9868490222359 36.8274794019281 36.5842055099998 36.1540049282561 36.1050469935798 36.1323206645842 35.996479532 36.007082888 35.9845574998473 35.6186466217211 35.6986111925956 35.6607653319999 35.4168214788026 34.8221413244137 33.7304638339999 33.5173250211017 33.4624867112798 33.8135624164212
34.9313855806781 35.0135292505424 35.082092668 35.164554800949 35.2696601748477 35.403521188 35.5177312828822 35.55535263 35.5998020860345 35.523260082 35.6897554027443 36.1601430071229 36.430215875115 36.426721798 36.5777041223708 36.830302218 36.916718233592 36.989235268 37.0732816940014 37.1262855042019 37.1517145991896 37.1148570566085 37.019697902 37.1358480109849 36.8817151635631 36.6069224720001 37.008873458 37.1071508558284 37.1574665619683 37.2 37.162555182 37.0800927833584 36.9232574428449 36.858873338 36.9365416907485 36.9958480705452 37.0824105953163 37.1 37.005412462 37 36.9822535639999 36.7751186326747 36.5544909982439 36.2082780830813 36.137444578 36.1307322734878 36.0215511703088 36.058873098 35.8948850081956 35.4888277906022 35.6725398884867 35.6088001047077 35.210945548 35.0231132528853 33.7871654706823 33.6267500639161 33.4614650291729 33.4983658998553
35.18748641 35.18748641 35.178128478044 35.16249547 35.2336279081633 35.358873818 35.4907758953047 35.4917831578752 35.555311398 35.6515117069503 35.757083488 35.9608358256843 36.5849899603574 36.703502948 36.8048580417397 36.9117352015596 37.02499094 37.069578838 37.1443923101524 37.16249547 37.1872546172938 37.2182831862712 36.9941333213051 37.1670435309944 37.1290505968473 36.791164208441 37.0144189672824 37.1524860092883 37.108685725859 37.1564418935704 37.162555182 37.1278652664291 37.0396331938584 36.9470711087122 36.9872545272829 37.1188800901465 37.1123104464242 37.1 37.0645253884345 36.9989185921361 36.9142127347067 36.642976944 36.4344788903038 36.2583337375812 36.199940048 36.1733206339999 36.06249547 36.010989510104 35.2983756007196 34.5842604699999 35.2028565651071 34.9393896089195 34.792259990227 34.7971582233735 33.9050275433917 33.7 33.6392095718371 33.5170445895922
35.2626176231553 35.3907404296397 35.4279075947017 35.3778645042363 35.391007598 35.498150438 35.605293278 35.6170641600117 35.5773748858526 35.6836333218644 35.8604575151977 35.7364509947015 36.1396887006088 36.7686855207674 36.96963831 36.9669368884769 36.8564189577211 36.726758038 36.78217014 36.78217014 36.9200882934533 37.1151911988798 37.1191201077087 37.3103545669963 37.33927662 37.1790786848723 37.2081238674307 37.1951371812518 37.16963831 37.1577367172485 37.092916872 37.1059994394998 37.1685874931236 37.13927662 37.0473315186284 37.0953713322522 37.1619015456196 37.16963831 37.1037691470662 36.998269622 36.8795595050577 36.6264528818802 36.3929685671818 36.3604381902438 36.2984938840825 36.1722367783678 36.1360240774299 35.9698956530163 35.136000475769 34.3108662767683 34.4318477598658 34.0132953794794 33.7081358389907 34.3493361949109 34.1637590202222 33.7 33.6466513240498 33.5394413528882
35.269753722892 35.276740158 35.432690491276 35.60066358224 35.6423547881854 35.5768241344721 35.589235508 35.7355642577973 35.7581358705933 35.7738660647121 35.965957186 35.9311472206455 36.0000774423966 36.2750650319334 36.533660097045 36.8324198978237 36.8845024103011 36.6722260454643 36.4808416333803 36.4148603602345 36.2896697994954 36.5799782444955 37.0430238452742 37.2309674969868 37.2464377 37.1464377 37.1375642419999 37.0341402022081 36.9518746975135 36.8625734219999 36.8129317057516 36.935613016 37.0861569712651 37.1684224759598 37.0679676439999 37.073159018 37.180301858 37.2671410447385 37.1095682125669 37.1491747137445 36.8822535639999 36.6642491395171 36.4589994817883 36.4 36.2963604663989 36.1813356288872 36.1464162100385 35.8109453079999 35.00160646162 34.3822337082974 34.215124644231 34.0984820123183 33.7055565580001 34.123620568147 34.1000126065475 33.6478131084846 33.7482453179369 33.6676336187368
35.4641248374944 35.482074428 35.538405511404 35.560664148 35.7029054116073 35.8144041253928 35.7909049910835 35.7913702364289 35.8673929261129 35.88392399 35.914335948465 36.0014526050949 36.092797688 36.1621901950021 36.0825567197697 36.2873627140001 36.5158421041943 36.5713120631762 36.5750512841581 36.610645548 36.3323026859592 36.4840071912641 36.8667250406095 36.9462096769774 36.8688461926501 36.5081748589682 36.2220988019816 35.8359308746638 35.9086251273185 35.9558887509865 35.9507037226862 36.2744538658471 36.8462774319055 37.1243582022958 37.0679676439999 37.1345569849504 37.264225848 37.2979816083949 37.1902065599324 37.1977132705193 37.0426547854129 36.751891874 36.5802009632416 36.4661262697241 36.2769432054813 36.2912686451056 36.0174711394491 35.4484336693653 34.6310270884109 34.3129449925985 33.8827367726991 34.0005406845625 33.7331842625148 33.4344160833685 33.7422788215082 33.548107646 33.7123530218241 33.6745697738486
35.68213366 35.6848406300873 35.755922269618 35.8682504541674 35.8824429224148 35.949940648 35.7446923388622 35.5512423043275 35.607101848 35.8657001647775 35.9861383095524 36.0912214504876 36.108873698 36.1971384308647 36.1842025266077 36.2267829452955 36.2781781733755 36.2307826227278 36.3770613096967 36.567806748 36.1586129616955 35.7530698222151 35.930237994 36.2282316990963 35.9095301390239 35.671001562856 35.6730255522079 35.980283618 36.0663361651681 35.9904153376242 35.8681996175038 36.2576257905765 36.6184846933127 36.753479356 37.1245322081425 37.2862713288965 37.2982403314883 37.3 37.2915503344316 37.289336452 37.1563666176483 36.767967884 36.6 36.589172376926 36.4686585250426 36.2197583339999 36.1846667746686 35.6287670077143 34.7831765700626 33.7070965501125 33.6388033715131 33.3252702067095 33.2461164276137 33.3916850546751 33.481776612121 34.0055071272442 33.79106683 33.7331707183288
35.7227449844111 35.79820967 35.8363253624037 35.9 35.9508048227816 35.9992637056258 35.9304375939005 35.8933192135595 35.894276356848 35.8134460610211 35.8034837676626 36.00009046007 35.912454358 36.0350402382305 36.2227447487079 36.2987521796995 36.2993296098931 36.29820967 36.2501835356865 36.090785927987 36.0024685978453 35.9224308277125 35.8200776022045 36.0641251440001 36.0950165965366 35.9894394115465 35.7796256090836 35.7018253850601 36.2891877220187 36.6191803063892 36.7220022338102 36.87804574087 36.9420343286249 36.6654598201932 36.9002861505607 37.175429890153 37.20179033 37.2876694793383 37.3 37.396479292 37.2714311561161 36.9486579062912 36.69820967 36.69820967 36.585875936 36.3966131461586 36.3456771789842 36.1149485241166 35.2654115577138 34.374658862699 33.7164539615753 33.1645680399998 33.10179033 33.5067054841018 34.0252264987613 34.3151233919888 33.8754656284018 33.709638002809
35.7165674871306 35.8179754959053 35.88795099664 35.939235628 36.0001853015411 36.0610751010042 36.033983342 36.0692436285536 36.1032438713434 36.10535251 36.10535251 35.5281228306099 35.6389474397089 35.999959008 36.08394247 36.08394247 36.0505059129479 36.0344622446015 35.8964017684716 35.5510917342996 35.6679124489994 35.935613496 36.0064876913026 36.1075109561019 36.405173374 36.4160329229969 36.0490657667265 35.4117711602396 35.4368528511774 35.7174773184028 36.2935458311163 36.9646796608533 37.194832740157 37.1474290646076 37.239203853471 37.2400251795087 37.21605753 37.2894607693853 37.3 37.398084384689 37.255701867523 36.862656846 36.6326243356687 36.70535251 36.667907932 36.5137911279927 36.394462265535 35.9372173267465 34.9058352510488 34.3023279123667 33.5865390424007 32.985531823282 33.0802078684949 33.6702402030473 33.5709838240002 34.235936728 33.8987604305147 33.7144603927104
35.61249535 35.6087089518143 35.6702116749563 35.8376642319016 35.9969979892405 36.0948611396175 36.0422323544754 36.01249535 36.1530319096174 36.1984312310492 36.2118191039072 36.0200144027651 35.7330508515078 35.705522510481 35.8057876906778 35.8325634363937 35.8827475669452 35.892898152 35.973286453688 36.0631958008859 35.789918342973 35.753946233933 36.0786109573927 36.4232799650605 36.8053726535916 36.82883296 36.2953329983419 35.7863606449843 35.4221818797991 35.662491572544 36.1512792731979 36.6937287882284 37.0470156892182 37.2184658769194 37.3492744304978 37.460663668 37.4975386482136 37.346963646143 37.301352612141 37.3687370820628 37.0158587689361 37.0119767385165 36.800920208555 36.7738728746575 36.7578765909229 36.56488510387 36.302570957207 36.082253804 35.5131171085443 34.7229409678995 34.1134486417752 33.389457652917 32.9807458777033 33.1810644611944 33.5948658143437 34.2524345430289 33.9114336366276 33.6659106535391
35.7241863197861 35.708973922 35.6693680992327 35.8000581627422 35.9415719502515 36.0507973802391 36.1 36.1143672012203 36.11963819 36.1899107177986 36.294588018 36.196538284 35.9662478416731 35.6485259078362 35.8417706733456 36.0409662460001 36.1950688732713 36.1838065481262 36.13927638 36.2223384206777 36.2131511219902 35.9290171902659 35.8704597922624 36.1939873058605 36.9402526213187 37.112344548204 36.7284570223753 37.0069540411611 36.6699674077051 35.9881487238526 35.9242146489601 36.4172529929838 36.6226130514852 36.9274168199758 37.2320323560001 37.373159018 37.480301858 37.5 37.3294002044288 37.1868366058385 36.4676385734101 36.7878014220995 36.8148048692618 36.5105664026453 36.7005413387447 36.546656420137 36.3150121496464 36.0545390348441 35.8082426666694 35.0598857091266 34.4148683535796 33.7538444964519 33.7119872081088 33.3060042804249 34.0017248854956 34.4276498233867 34.0734748326644 33.6135240842503
35.8169572337556 35.8591471327354 35.82678103 35.871369168 35.92678103 36.0287616511393 36.082320059016 36.146378468 36.17321897 36.1498002506463 36.241025958 36.1974653672005 36.0316939014469 35.8188512641533 35.88489550809 35.9606044360001 36.174890116 36.3 36.313854024463 36.2994413531725 36.4253527138715 36.4660263476655 36.335969321912 36.4585953409208 36.902618817595 37.1991963366515 37.160059114551 37.258813626 37.42678103 37.130237497825 36.2729826745797 36.1435762096737 36.5330226971312 36.9857239236883 37.259336008695 37.373159018 37.480301858 37.5 37.4560754958561 37.1919347972564 36.7480109694291 36.908891938 36.8001499162102 36.2126547272912 36.4124140493404 36.4692040737907 36.1662979379999 35.8985790499627 35.780422002 35.478607421419 35.2570302711858 35.2033625034697 35.0614883093071 34.613458066116 34.9554730139999 34.6493816270233 33.7638611434394 32.9478828769206
35.7400088987028 35.796378588 35.86607613 35.910664268 35.96607613 36.0049776705176 35.9885310072382 36.0144170950058 36.03215226 35.974371870506 36.060664148 36.2 36.1941366037737 36.13392387 36.103318228571 36.0418166759172 36.1961111732027 36.3151259405533 36.3681055396909 36.4389013819349 36.488471453821 36.573159258 36.6272415793328 36.721368808 36.9855993691554 37.1344699706005 37.2600556892871 37.2193942897753 37.361806553473 37.4768925664966 37.1794611078005 36.6258844508641 36.8629895419733 37.3172928473523 37.401831562 37.3913700176808 37.4530603600845 37.46607613 37.560663668 37.297693187267 37.0156897621215 36.5468440481703 36.7943255009019 36.4666019699998 35.9294468244096 36.197246695156 36.0264051689491 35.7283579007695 35.5437411610135 35.5726832562269 35.3590951459999 35.0938973649834 35.1284798640201 34.8666630597659 34.8792439864781 34.5702649598333 33.8668658499324 33.0685145672103
35.5094703811612 35.6357248154503 35.67679987 35.721388008 35.7980440807154 35.793689039896 35.7225781310149 35.7547548477622 35.8097773982697 35.8537774376583 35.953521308 36.1185773864354 36.1625774258239 36.2065774652125 36.24106671 36.24106671 36.2631343146218 36.3262771152333 36.35893329 36.35893329 36.424949708 36.502048447679 36.6311461077096 36.7104674689019 36.8681980475133 36.921327816 37.1037637012638 36.9655106566524 37.0831258559592 37.4498392240001 37.6301757184543 37.5558564462066 37.5139576591904 37.6094215350487 37.5890065696276 37.4378636902391 37.4329773311495 37.4769773705381 37.4990329781468 37.4927693286302 37.0382405875185 36.6601157674463 37.0452044130383 36.8803551786941 36.2803803747101 35.9252675764741 35.8158271840702 35.6790229736947 35.4640576801877 35.5114780443976 35.3180284359999 34.7498898760439 34.7494427919005 34.5163947002652 34.7200457464308 34.494870018 33.955878206762 33.1555135866185
35.008852386 35.1771418286407 35.2468471193239 35.3087584566336 35.3874129497044 35.4568440374512 35.4506433689874 35.4887189516958 35.583883238 35.7331830048106 35.8919789258317 36.0008964191471 36.060664148 36.1600854871046 36.2147459319166 36.2663990129378 36.281947906041 36.25179045 36.2268512939985 36.2035809 36.269597318 36.3388506490652 36.4736813659137 36.4192672777848 36.5929502622576 36.70620781285 36.8507757461712 36.8273185831925 37.0212678640001 37.3280879367652 37.541025718 37.668067427832 37.7750010077014 37.8 37.731619848682 37.5148314306378 37.4897982436166 37.587444698 37.505412462 37.495643073447 37.2261853755316 37.016016058 37.076841102 36.941566673872 36.688123801532 36.3523017842976 36.0574008770218 35.9715383923832 35.6674864394476 35.4294609646814 35.2788151920415 34.8468812425085 34.3754692269393 33.5824541442094 34.3071618 34.243098528 33.7450511939998 33.1600819534871
34.4120902739221 34.553540508 34.7395823807712 34.9633964921185 35.0748276233067 35.1709333626527 35.2847867379989 35.260783332 35.314245168 35.508833186 35.8278323232333 36 36.0039618940756 36.04464761 36.0806262572322 36.213529216114 36.207202552 36.0952866756124 36.0394804916953 35.9794717449969 36.0730425783108 36.217806868 36.2805005775368 36.0660024808829 36.2653495682291 36.4337575711504 36.42323805 36.473001453465 36.8034202440001 37.0442281788792 37.1467836813883 37.412353414 37.6072245070019 37.6665306296558 37.7258367523097 37.6466563508906 37.5218067847652 37.5390419677287 37.3977036090748 37.3343132963161 37.3385558124658 37.1643426862264 37.132193492 36.8502817570271 36.308394314061 36.3192977025161 36.4490106232493 36.3236465595699 35.7932408239998 35.2470543055288 35.13394283 34.8622487191487 34.2759649863177 32.5810007616667 33.9290314246128 33.8499877201642 33.6148026181695 33.3321143400001
34.223159618 34.330302458 34.5029781417814 34.7363203566042 34.864245288 34.91251431 34.978530968 35.0307972050839 35.117807108 35.3123951260001 35.5976308431969 35.8157594210642 36.0055456379746 36.06249523 36.0798669729047 36.1185673291658 36.0609658571207 35.9204636645927 35.8590695216938 35.8565507919803 35.9155350294663 36.048168798 36.1251945208399 35.7112232106204 35.602743238348 35.9847116783004 35.8361195959721 36.0240936942726 36.4819917240001 36.7200869136913 36.8264379988678 37.0809073545813 37.2965739017053 37.3602968220164 37.416035258 37.4957399765648 37.4522802557027 37.3828560048621 37.3040598628489 37.2012979485781 37.266136322 37.169002754284 37.0853994588588 36.7723586539996 36.1925548045691 35.7792346531286 36.0198868214334 36.2323737160161 35.9816772654487 35.4567489985763 35.31247615 34.7441038574023 34.1659209391282 32.0358715031106 33.3813863520448 33.6250551514774 33.9366923149101 34.1378358217371
34.3301799360109 34.3514045049138 34.4663001175012 34.4432113604957 34.473178698 34.6444434917716 34.8423513145097 35.0241063604289 35.2058614063481 35.4141664960001 35.5625829058136 35.7039872378944 35.939235628 36.041515537944 36.0838722561368 35.9789578322176 35.86072386 35.6648598627583 35.524909196 35.562574142 35.6334366973784 35.764245048 35.7595462255666 35.3489299562716 35.4971248523305 35.8709975098971 35.9597579611066 36.1140200067494 36.3694774140001 36.630301978 36.774889636 36.9581253315106 37.133822926 37.2534851046556 37.1977370712591 37.1829363498338 37.3029271181707 37.3038120320045 37.1023931922288 37.13036193 37.121488712 37.0192086563187 36.9396293948014 36.872339230559 36.6572227003165 36.0295049665677 35.4632301541188 35.6387140503749 35.9733047444624 35.9398842762087 35.805987426092 35.200785881746 34.6161734007924 33.2209931264808 33.1416708826309 33.6608702665499 34.2319107720001 34.5365750008351
