catData/variables/futureClimate2070/rcp85/bcc_csm1_1_m_2070_rcp85/bio15.asc
NCOLS 409 
NROWS 350 
XLLCORNER 60.897278365 
YLLCORNER 5.843756025 
CELLSIZE 0.0892857 
NODATA_value -9999 
[rows 135 to 161 of 350, columns 300 to 359 of 409]
109.896610263557 109.385812872763 108.418307409083 106.801543934596 105.196374241724 103.26903094 101.78631912 100.71489072 100.087952632994 99.5159715033263 99.024172200353 98.9904310359673 98.4464640999999 98.4464640999999 98.4464640999999 98.7494646800001 99.6537239824304 100 100.28633624979 100.227661466531 100 99.26842902 98.5555110154921 97.5720363199995 97.4464640999999 97.4464640999999 97.4464640999999 97.4464640999999 97.5746462865852 98 98 98.1990582423763 98.4464640999999 98.4464640999999 98.4464640999999 98.4464640999999 98.8909517560216 99 99.4222897566192 99.4464640999999 99.4464640999999 99.4464640999999 99.4464640999999 99.6141831417786 100 100 100 99.41129062 97.9744522598231 96.3882798838556 94.7525190924644 93.5720411199995 91.9770500251053 91.7781415985738 91.2506841199994 90.2678970659331 90.0211077296128 90.5817397667077 90.8929281999999 90.8929281999999
110.6249643 110.132595274706 108.25113724 106.275493774694 104.34045934 102.565529385318 100.927287974675 100.10066956533 99.4981525546634 99.0470931653425 98.4088721546513 98.3685524653547 97.9445560546388 97.3750357 97.5197600453733 98.3030005800002 99.37442898 100 100.51728578 100.41128582 99.5874344545898 98.6434647199999 98.0738822654221 97.1255722199996 96.4088736545656 96.3750357 96.4304781454469 97 97.0868469345412 97.3750357 97.3750357 97.3750357 97.3750357 97.7429595454895 98 98 98.3011525344922 98.3750357 98.3750357 98.3750357 98.3750357 98.3750357 98.3750357 98.4886699344494 98.9840731455567 99.3750357 99.3750357 98.7863263199999 97.0547601399993 95.6434695199998 93.7690465399998 92.5006127199996 90.4833329399999 89.3750357 89.3417669656178 89 89.2315649800002 90.1893600456365 90.8589645456426 91.2499286000001
110.3036073 109.69760134 107.55474454 105.41188774 103.26903094 101.71489072 100.443037485013 99.4905376386536 99.0598100976789 99 98.05414142 97.9879614733228 97.2766726630096 97 97.070307004325 97.6066078800002 98.67803628 99.6140991246733 100.157051738994 99.7148931199999 99.103183193671 98.26842902 97.4407970936634 97.0381246426691 96.0541438200001 96 96.0269339083329 96.3036073 96.3036073 96.3036073 96.564355236998 97 97 97.178737194004 97.3036073 97.3036073 97.3036073 97.3036073 97.3036073 97.3036073 97.3036073 97.3036073 97.3036073 97.3036073 97.4172852143445 97.6072146 97.6072146 97.01850522 95.7466541709857 94.0625837726809 92.5604250036514 91.4291843199996 89.4119045399999 88.9879664873503 88.3653830289825 89 89.2315649800002 90.3029933800003 91.3744217800001 92
109.054371051252 107.858351839999 105.71549504 103.572638239999 101.826966219384 100.64346232 99.5720339199995 99.0623229973623 98.3834382899783 98.2321788999999 98.01257049534 97.9959863279992 97.6997035593412 97 97 97.3030005800002 98.0869345087045 98.6780362800003 99.2321788999999 98.6434647199998 98.2321788999999 97.5006079199999 97.0457393872509 96.3285959000894 96.0125710525694 96 96 96 96 96 96.0869339514751 96.2321788999999 96.2321788999999 96.2321788999999 96.2321788999999 96.2321788999999 96.2321788999999 96.2321788999999 96.2321788999999 95.4643577999998 95.4643577999998 95.4643577999998 95.4643577999998 95.4643577999998 95.4643577999998 95.4643577999998 95.4643577999998 94.8756484199998 93.8042200199995 92.5629373890501 91.4291843199998 90.3577559199995 88.3404761399998 88.2281668996872 88.0205961676535 88.3551351450057 89.2315649800002 90.0703486696757 90.60660068 91.2321788999999
107.92917592 106.55474454 104.41188774 102.26903094 100.64346232 99.5720339199999 98.5006055199996 98.1607505 98.0316675623641 98 98 98 97.9857389583072 97.7048489127069 97 97.0487074947353 97.4749898342505 98.0716717967637 98.1607505 97.5720363199999 97.1607505 97.0431500991795 96.3260831718346 96.020185797151 95.2061906738631 95.1607505 95.1607505 95.1607505 95.1607505 95.4150415710662 96 96 95.5658701819766 95.1607505 95.1607505 95.1607505 95.1607505 95.1607505 94.3669431880619 94.1607505 94.1607505 94.1607505 94.1607505 94.1607505 94.1607505 94.1607505 93.7266226961753 93.2268656728103 92.5006127199997 91.4291843199998 90.3577559199999 88.5524684712457 87.2236035377393 86.321501 86.3959492957112 87.3208870799999 88.3923154800002 89.4150375426685 90.0601884883459 90.1607505
106.85774752 105.48331614 103.34045934 101.19760254 99.5720339199998 98.5006055199999 97.4291771199996 97.0893221 97.8205980747068 98 98.8613725053314 98.9106779 98.8298867640435 97.9856956212684 97.6997902334189 97 97.0334447827944 97.0893221 97.0893221 96.5006079199999 96.0893221 96.0893221 95.2863227199998 95.0893221 95.0048362397044 95 95 95 95 95.0270644337338 95.0893221 95.0893221 95.0431172622033 94.4638731924843 94.0893221 94.0893221 94.0893221 94.0893221 93.1434683200001 93.07358360061 92.1786442 92.1786442 92.1786442 92.1786442 92.1786442 92.1786442 92.1324395765763 91.5531974781112 90.5185064199996 90.1132991725134 89.2863275199999 87.3404761399992 86.14347072 85.105058413763 86.0079236009248 86.2494586799999 87.3208870800002 88.3923154800003 89.0893221 89.0893221
107.523100866062 105.691575175577 103.865512122784 101.10828044 99.4827118199998 98.4112834199999 97.3398550199996 97 97.0143686729507 97.8766770886884 98.94585858 99.9651286480339 98.9112846199995 98 97.7684278199997 97 96.6322709398394 96.0178936999999 96.0178936999999 95.4291795199998 95.0178936999999 95.0178936999999 95.0035250699941 95 94.0710686867281 94.0178936999999 94.0178936999999 94.0178936999999 94.0178936999999 94.0178936999999 94.0178936999999 94.0178936999999 94.0178936999999 94.0073594680222 94 93.2815218886997 93.0178936999999 92.1591150254215 92.0188625762167 92.0006115199997 91.0178936999999 90.8606201988662 90.0357873999998 90.3333614644116 90.6501693539496 90.0357873999998 90.0357873999998 89.4470780199998 89.0239750926059 89.0178936999999 88.2148991199998 87.1278240575224 86.0541486199999 85.0172797800001 86 86.1601365799999 87.0041435542826 87.3208870800002 88.0178936999999 88.4557659706343
107.834357395668 106.80406642 105.378251711599 102.823024759999 100.09833487247 98.4868360545046 97.3580490565388 97 97 97 97.9458585799999 99.876569073288 98.8624992712532 97.83985622 97 96.6969994199998 95.62557102 94.9761311589189 94.9187725609534 94.335733057012 93.9464653 93.9464653 93.9464653 93.9464653 93.9464653 93.9464653 93.9464653 93.9550384207359 93.9876029812986 93.9464653 93.9464653 93.5244790325975 93 93 92.9646595935057 92.2540610244596 91.9570117975748 91.1188520203903 90.9493640016438 89.9464653 89.8577547199996 88.9464653 88.9464653 88.9464653 88.9464653 88.9703338841145 88.97230751792 88.35775592 87.9464653 87.2540632959763 86.9570119260581 86.118854291907 85.05414862 85.9827202199998 85.0887081800004 86 86.2315649800002 87 87.3744217800001 87.9761315443687
109.2499262 108.98478741169 108.00045792 106.093025980274 102.883345925434 100.050320442283 97.8046731399992 97.0335434225577 97 97 97.8276611596815 98 97.9889138510975 97.7349051831945 96.9710620225134 96.5720363199998 95.5006079199999 94.4291795199996 93.3577511199997 92.8750369 92.8750369 92.9664562775308 93 93 93 93 93 93.1401296167169 93.6724047975749 93 93 93 92.9353586652567 92.8750369 92.297389883327 91.9085809223806 91.1723849119113 90.8907290937964 89.9291831200001 88.9978403652124 88.7974118690792 88 87.9710626223363 87.8750369 87.9218261062477 88.3901374594604 88.4223969548316 87.41129062 86.917507136584 86.8750369 86.1723870119999 86 85.1723451405841 85.9827202199998 85.0776229308322 85.9150592269203 86.327591002248 86.9621370079557 87.2494586800001 87.4849015406281
111.090958558256 111.511797419494 111.558204900731 110.199066369016 106.811213778397 102.315080747779 99.1392376771595 97.66120962 97.2350802759231 97.0246608453045 97 97.8036085 97.7148931199995 96.8036085 96.6175151277882 95.6374926815927 94.4291795199999 93.3577511199996 92.2863227199997 91.8036085 91.8036085 92.53517948 92.8036085 92.8036085 92.9893666139745 93 93 93 93 93 93 92.9124378716952 92.3879151789232 92 91.8703540798394 91.2157137707789 90.8422982186023 89.9291831199995 89.0435123626349 88.9827178199998 88 88 87.7684326199998 87 87.37442418 88 88 87.41129062 86.3398622199997 86 86 86 86 85.7931159238276 85.1789699674675 85.3202731599998 87 86.6970066199997 86.3744217800001 87
111.525169440859 114.036126315607 116.478731604246 116.388750181693 112.011218262722 106.080176568832 101.64622479747 99.6081365105257 98.4648181199998 97.3933897199997 97.0145001496903 96.9953702027451 96.6672244641997 95.9571103088548 95.6701604619095 94.9395086250352 93.2574715880192 92.0185028199996 91.0856138458708 90.8898494728162 91 91.5356417132935 91.9472393136517 92 92.692537072458 92.7321801 92.7559392014324 93 93 92.9188510577321 92.7321801 92.4057339561579 92 91.8423312699515 91.2488385969933 91 90.1970030199999 89.1255746199996 89 88.9873463317193 88.2440614413354 88 87.7684326199998 87 87.37442418 88 88 87.41129062 86.5166602542256 86.071891918829 86 86.2341878750614 86.2678199 85.2804718110485 85.9112918199996 85.2773853971579 86.7941978097871 86.7781542767321 86.5419640763227 87.1194075506227
111.355475440001 114.975556865861 119.49772552 121.259537612403 116.718231039999 109.417953338946 104.037916679998 100.96716481451 99.2638295312378 98.1255698199997 97.0541414200001 96.6434647199997 95.6607516999999 95.50060792 94.4291795199997 93.3577511199997 92.0389181349356 90.5541426199997 90 90.3889938952491 90.6607516999999 90.9089359112943 91.530583205434 91.6607516999999 91.9816318011095 92 92.0586172523474 92.6607516999999 92.6607516999999 92.4605451374678 92 92 92 91.4112882199999 91 91 90.1970030199999 89.4222219436416 89.0183690130865 89.3392483000001 89.2505377199996 88.3392483000001 88.1862397600004 87.5757057967278 87.5866497134561 88.1512547298157 88.1637616069126 87.41129062 87 86.5166164029025 86.0668337538258 86.8744229800004 87 86.3333861640106 85.9413859192608 85.4993848799999 86.4922552541956 87 87.127021952348 87.6338445643805
109.462693640001 113.158548536084 117.701248476485 119.50075672 115.962913848133 110.129891484619 105.359420079998 102.105720001506 99.8046731399997 98.1771384192968 97.0541414200001 95.9827130199998 94.9635666605022 94.42917952 93.3577511199997 92.2863227199998 91.3686635778907 90.5541426199997 90 90 90 90.73157098 91 91 91.5574150853229 92 92 92 92 92 92 92 92 91.4112882199999 91 91 90.5267751698563 90.4106767 89.853263029053 90.4106767 90.3219661199996 89.4106767 89.4106767 89.1076809199997 88.4106767 88.6734280137593 88.4827190199998 87.6530598454374 87.1395734949641 87.3004371846341 86.2779109557676 87.2335281238311 87.0222375765711 87.3933969199999 86.3742463173745 86.2259009422235 87.2204800163559 86.7137556214203 87.6819543820373 88.4551528387662
105.766303340001 109.283591520001 112.833843184204 113.876460893823 112.019096319495 108.482641645672 105.031728403194 102.184157982478 99.9118913399997 98.1906017893714 97.0541414200001 95.9827130199998 94.9112846199995 93.83985622 92.7684278199997 91.6969994199998 91 90.5541426199997 90 90 90 90.73157098 91 91 91 91.5178949 91.5606638800944 92 92 92 92 92 92 91.695109171568 91.4821051 91.4821051 91.4821051 91.4821051 91.4821051 91.4821051 91.3933945199996 90.4049012810332 90 89.6970042199997 89 89 88.7321028185909 88.4821051 87.8219673199997 87.8609794936346 86.7811386222902 87.8093872817854 87.51014839414 87.9827202199998 86.9112918199996 86.3974758219143 88.0189751399996 86.6390238262359 88.4842866393786 89.8575631943854
102.034123240001 105.383689119971 108.16029738 108.785866 108.037625976784 105.899124109035 103.572643039999 101.508113607076 99.3939964399997 98.1255698199997 96.5305770097076 95.4291795199997 94.3577511199995 93.3749676670466 92.7684278199997 91.6969994199998 91 90.5541426199997 90 90 90 90.73157098 91 91 91 91 91.0396073736854 91.4464664999999 91.4464664999999 91.4464664999999 91.4464664999999 91.693262167572 92 92 92 92 92.444485728829 92.5535335000001 92.5535335000001 92.5439672344169 91.9603936978343 91.39339452 90.5535335000001 90.2505377199998 89.5535335000001 89.5535335000001 89.5535335000001 89.2276631364058 88.7052705958455 88.5535335000001 87.75053892 87.9439340674004 88 87.9922851571026 87.5630312187082 87.9637283167891 88.9622245661427 87.1677169861084 88.8038774049215 90.0489684812215
100.549998450492 103.094681721914 105.12450758 105.7500762 105.23278802 103.940568472398 102.054748139999 100.64346472 98.7690345399997 97.5006079199997 96.0744465152882 94.9827130199998 93.9112846199995 92.899916238978 92.2881897095998 91.6969994199998 91 90.5541426199997 90 90 90 90.73157098 91 91 91 91 91 91 91 91 91 91.4458549800003 92 92.3679224325812 92.6249619 92.6249619 92.926116361685 93.5464825468933 93.6249619 93.6076797199998 92.6249619 92.4648229199999 91.480241110217 90.8863650383607 90.6249619 90.6249619 90.3016809959052 89.7792115526726 89.6249619 89.1677609101714 88.6988464384065 88.0784808530153 88.5911210755625 89.2283253917191 88.144147412719 89.5849399574074 88.8250624498738 87.4923526984527 89.6078048070305 90.5254342443914
100.998273168762 102.394997623857 103.417290698952 103.6072194 103.08993122 102.01850282 100.746648000665 99.5720363199999 98.2568087904745 97.1255698199997 95.3954546797163 94.2983612051882 93.9112846199995 92.83985622 91.8387353800979 91.2116157848063 90.7392512902891 90.1682430746153 90 90 90 90.73157098 91 91 91 91 91 91 91 91 91.2607470383742 91.8317561967214 92.3602311281833 92.8751289069123 93.4597152179925 93.6963903 93.6963903 93.9618743272943 94.6586833976103 94.6911432625148 94.3310034125804 93.424732087676 91.7684326199998 91.2110033221332 91.6963903 91.6963903 91.1791093199998 90.6963903 90.2366767533442 89.77788941156 89.6963903 88.8219673199996 88.9835599537264 89.977473911178 88.7502556278349 89.3665082419743 89.3945199458915 88.9987673600006 91.5160459400004 92.1905944993941
101.23157458 102.0703516258 102.2321813 102.2321813 101.71489312 100.64346472 99.5720363199995 98.5006079199999 97.4291795199997 96.3577511199996 95.0667120452795 93.9867267334893 93.2115832477414 92.83985622 91.7684278199997 91 90.62557102 90 90 90 90 90.1698571011786 90.8487392400525 91 91 91 91 91 91 91 91.37442658 92.3423357911324 93.2851020800002 93.7678187000001 94.4279588800005 94.7678187000001 94.7678187000001 94.7678187000001 94.9874282602503 95.0132695809809 95.6109944777875 93.8026797434428 92.5362513199998 92.0708144800004 92.7678187000001 92.4254847516326 91.8798970295983 91.7678187000001 91.1076809199998 90.7678187000001 90.1512644454773 89.7969753357537 89.7678187000001 90.0092556964319 90.5356374000002 90.6957739800001 91.6596722638186 91.9793296105796 92.3161079512576 92.921627076807
101.876473385301 102 101.685759550186 100.786566372628 99.8042176199999 98.7327892199999 97.6613608199996 97.2039032576022 96.3577511199998 96.0201857127174 94.260332349725 93.9827130199997 93 92.83985622 91.7684278199997 91 90.62557102 90 90 90 90 90 90.1290844790332 90.1607529 90.1607529 90.1607529 90.1607529 90.295151088755 91 91.2542903438706 91.8994372585721 92.4458549800003 93.5172833800001 94.4940746541009 94.9453665483416 95.6139668092162 95.8392471 95.8392471 95.8392471 95.8420252605533 95.8970289370038 94.8135042945619 94.4469268199997 93.7272016503228 93.8392471 93.3933945199997 92.8392471 92.3451744600922 91.8938809374654 91.8392471 91.0362525199999 90.8392471 90.8392471 90.8420248747464 91.0744480828116 91.8649895196311 92.4259052179269 93.5362537199997 93.2136688800001 93.4650686294003
102 102 101.62556862 100.55414022 99.0116301480341 97.5006079199998 97.0303573797339 96.3337740463817 95.2863227199998 94.2930023586131 94.0096723105416 93.0877803491549 93 92.83985622 91.7684278199997 91 90.62557102 90 90 90 90 90 90 90 90 90 90 90.0143045486978 90.3002094251866 91.0270651609294 91.4303056129548 92.4458549800003 93.9883606807234 95.4993872800001 95.9106755 95.9760224976242 96.7312696762601 96.9106755 96.9106755000001 96.9106755 96.8219649199996 95.9106755 95.6791081199998 94.9106755 94.9106755 94.4648229199997 93.9106755 93.32196612 92.9106755 92.9106755 92.10768092 91.9106755 91.9106755000001 91.9264117722915 92.7484904476486 92 92.2522494060562 93.3381884156566 93.9441205382876 93.5541498199997
102 102 101.257838101419 99.5720363199997 98.4913504790017 97.4112834199999 96.3516690405761 95.2863227199998 95.0035254998449 94.1255698199997 93.0710685997335 93.9821039000001 93.8949761793117 92.83985622 91.7684278199997 91 90.62557102 90 90 90 90 90 90 90 90 90 90 90 90.2315697800002 91 91.37442658 92.4458549800003 94.0345667600002 95.5887117800001 96 96.7184763555357 97.7851008800002 97.9821039000001 97.9821039000001 97.9821039000001 97.9805163265894 97.8069346832001 96.9779597470109 96.6666344627783 95.6143804525678 94.9920209776431 94.9821039000001 94.3933945200001 93.9821039000001 93.9821039000001 93.17910932 92.9821039000001 92.9821039000001 92.9993836800003 93.8933957199997 93.1393746597507 93.9683519100388 93.9875262998279 94 93.9920210205938
100.9464677 100.64346472 99.5519921470364 98.4709435195007 97.4291795199999 96.9464677 96.3216617991125 95.26842662 95 95.0936205174496 95.1070646 95.1061391882005 94.9648169199995 93.89338852 92.8219601199997 91.7505317199998 91.0334882555139 90.578010391023 90.0535323 90.0535323 90.0535323 90.0143696228273 90 90 90 90 90 90 90 90.3029981800004 91.37442658 92.4458549800003 93.5172833800001 94.5887117800001 96.3202803600007 97.0391625486951 97.8565292800001 98.9279576800004 99.0535323 99.0535323 99.0487834186182 98.848433627919 97.8219649199997 97.0373122390063 96.645619607531 96.0535323 95.5362513199997 95.0535323 95.0535323 95.0535323 95.0535323 94.1791093199996 94.0535323 94.0535323 94.0535323 94.0535323 94.2850972800002 95.0373123674838 95 95.4458501800002
99.8750393 99.5341728555168 98.0480050473466 96.8750392999999 96.4223918130744 96 96 95.26842662 95.1003436645301 96.7645516526066 97.1181951502579 96.9827130199998 95.9112846199995 94.83985622 93.7684278199997 92.6969994199998 91.6723599274411 91.069246049695 91 91 91 90.26842902 90 90 90 90 90 90 90 90.3029981800003 91.37442658 92.4458549800003 93.5172833800001 94.5887117800001 96.3202803600007 97.7315685800002 98.8029969800001 99.9836941875831 100.1249607 100.12280110669 99.9223747561739 99.1249607 98.8933933199998 97.8219649199997 97.1249607000001 97.0692466495064 96.5473588133573 96.1249607 96.1249607000001 96.0335436780509 96.1003427648131 95.2505377199997 95.1249607000001 95.1249607 95.1249607000001 95.1249607000001 95.3565256800002 95.8219673199998 95.1249607 95.5150971294123
98.8036108999999 98.257111422539 96.5520343782699 95.8036108999999 95.9052006601108 96 96 95.26842662 95.8030017800002 96.8744301800003 97.7601022647464 96.9861079944437 96.1076737199996 95.0362453200001 93.9648169199998 92.8933885199999 92.1228553296039 91.6417041495863 91.1963891000001 91.0807720520326 91 90.4121015863484 90.1963891000001 90.1963891000001 90.0106332560804 90 90 90 90.0454777806815 90.4398817401285 91.37442658 92.4458549800003 93.5172833800001 94.5887117800001 96.1906360241765 97.6788515750146 98.8029969800001 100.577123146605 100.989366272586 100.986111851776 100.178967309033 100 99.8139099293474 98.8933933199998 98.1963891000001 97.8380971069188 97.2911898538908 97.1963891000001 97.1963891000001 96.46482292 96.841684297129 96.1255770199996 96.1857549012521 96.1929955395577 96 96 96.2315649800002 96.6970066199997 96 96
97.9379802749208 97.4291795199998 96.1838782922262 95.2678175 95.646566852853 96 96.1767983781813 95.5362441199999 95.855761350785 96.8744301800003 97 97 96.9112846199995 95.8827455268002 95.0362453199997 93.9648169199998 92.8933885199999 92.1484090911318 92 91.5689537799021 91.0910197645808 91 91 91 90.3074606574872 90.2678175 90.2678175 90.2678175 90.437368840445 91 91.37442658 92.4458549800003 93.5172833800001 -9999 95.8369372726576 97.5350277918261 98.8029969800001 99.8744253800004 100.692537585275 101 100.935047665759 100.2678175 100.2678175 99.9648217199997 99.2678175 99.2678175 98.889073418861 98.3779683256218 98.2678175 97.732177545412 97.3205789990708 96.3933945199996 96.9603533280369 96.9827202199998 96 96 96.169547825969 96.5914829790962 96.2678175 96.2678175
97.7684254199997 96.6969970199998 96 96 96 96 96.6601449800004 96.26842662 96 96.5777833265989 96.9816327452448 97 96.9413809489316 96.2849177792245 95.7684278199997 94.6969994199998 93.62557102 92.7053979081495 92.1637588200066 92 91.5638080836802 91.3392459 91.0668316526324 91 91 91 91 91 91 91.1027908902726 91.586649797884 -9999 93.5172833800001 94.5887117800001 96.0963305105103 97.3923226800001 98.4637510800001 99.5351794800004 99.9816311168645 100.666617008708 101 101 101 100.799794296082 100.3392459 100.3392459 100.3392459 99.75053652 99.3392459 99.3392459 98.5362513199999 97.4648229199996 97.0183696973257 96.6493364145178 96 96 96.0785574700487 96.5394500181081 97 97
97.7684254199997 96.6969970199998 96 96 96 96 96.3890404024402 96.1581907057301 96 96 96.94585858 97 97 96.83985622 95.7684278199997 94.6969994199998 93.7793393792612 93.2275721325686 92.6951501956013 92.1689045162284 92 92 91.5267718282819 91.4106743000001 91.4106743000001 91.4106743000001 91.4106743000001 91.4106743000001 91.4106743000001 91.7136724800004 92.4106743000001 92.6734280981872 93.5172833800001 94.5887117800001 -9999 96.7315685800002 97.8029969800001 98.8744253800004 99.9458537799999 100.420859132826 -9999 -9999 -9999 101.4106743 101.4106743 101.593774496195 101.608914595635 101.063732732535 100.550246979295 100.110238871125 99.8565438940907 98.5878225747841 97.46482292 96.0070963615557 96.4106743000001 96.3449103221042 96.2315649800002 97 97 97
