catData/variables/futureClimate2070/rcp85/bcc_csm1_1_m_2070_rcp85/bio11.asc
NCOLS 409 
NROWS 350 
XLLCORNER 60.897278365 
YLLCORNER 5.843756025 
CELLSIZE 0.0892857 
NODATA_value -9999 
[rows 104 to 129 of 350, columns 0 to 58 of 409]
-9999 -9999 -9999 -9999 -9999 -9999 -9999 -9999 -9999 -9999 -9999 -9999 -9999 -9999 -9999 -9999 -9999 -9999 -9999 -9999 -9999 18.694602898 18.7770022189301 18.8579417946858 18.983882518 19.071051195803 19.0546014619526 19.0321489 18.9790878274639 18.9082937852195 18.805409342 18.6988546007307 18.625049212 18.517906372 18.43392555 18.4236444602468 18.3752566395088 18.33392555 18.3163747169799 18.3 18.3 18.226838102 18.0652076139148 18.0024818282018 17.8411328335538 17.2252158679999 16.8199461425447 16.550215007538 15.569133380576 14.52377277 13.6402469702625 13.3166369502745 13.6112563612037 14.0576999547088 14.14428092956 13.9400840740594 13.8194204543487 14.3599039852464 14.753435735735
-9999 -9999 -9999 -9999 -9999 -9999 -9999 -9999 -9999 -9999 -9999 -9999 -9999 -9999 -9999 -9999 -9999 -9999 -9999 -9999 -9999 18.3195457438365 18.4399318927752 18.547663671387 18.6662138939987 18.7430172767793 18.8039078927779 18.81786322 18.81786322 18.7819498090573 18.721051032331 18.6185751397193 18.650055272 18.5494912504958 18.5 18.469695142 18.3846208333393 18.35893161 18.2859521665628 18.169504190349 18.0001616189311 17.6769441103878 17.5079592509516 17.6173483962716 17.4245957366994 16.7177568887587 15.9376449703698 15.1484749215219 14.3337522825597 13.641394344833 13.0542427126757 13.2669798385761 13.7692469088731 14.2418201082614 14.3336001785985 14.3136167858484 14.7433624552786 15.0681677471133 15.289180356
-9999 -9999 -9999 -9999 -9999 -9999 -9999 -9999 -9999 -9999 -9999 -9999 -9999 -9999 -9999 -9999 -9999 -9999 -9999 -9999 -9999 18.034966815003 18.10715508 18.151745858 18.20715508 18.2965229314178 18.4567918636032 18.50715508 18.468439062355 18.5401347066639 18.55178877 18.4044752972922 18.446489972 18.35536631 18.3441996162294 18.276850222 18.169707382 18.0211644926663 17.6611956168739 17.1937505484988 16.861245569481 16.6843877350057 16.7349664421239 16.7288491174509 15.9362522721806 14.9315582990059 14.0725701643489 13.9530739743419 13.8843946378089 13.5730356683384 13.3126800512613 13.6129496150118 14.0215560249682 14.4795343895051 14.9061379605678 14.8782161992102 15.1285995923822 14.1850450424546 14.9581827083678
-9999 -9999 -9999 -9999 -9999 -9999 -9999 -9999 -9999 -9999 -9999 -9999 -9999 -9999 -9999 -9999 -9999 -9999 -9999 -9999 -9999 17.62322965 17.62322965 17.6431376175323 17.66787558 17.726752038 17.899914176 18.089370243246 18.0980848857356 18.3032293876108 18.33393779 18.2942426298217 17.9688260706999 17.9608491859929 17.8575346816571 17.8096997643107 17.741136022 17.5002215679999 17.0078993473574 16.5324582937002 16.267137643264 16.1310386594453 15.5239381384839 14.8091191984605 14.2302160027022 13.6582009261592 13.8571691884991 14.2359712387698 14.1073528879999 13.6890662456171 13.6325257977181 14.1633263723188 14.1354234794697 14.3821817940754 15.1441894729157 15.201196501235 14.9223868898196 13.1954264308273 15.1815724074323
-9999 -9999 -9999 -9999 -9999 -9999 -9999 -9999 -9999 -9999 -9999 -9999 -9999 -9999 -9999 -9999 -9999 -9999 -9999 -9999 -9999 16.875407309645 16.9391178258913 16.95576043679 16.9603547146376 16.958901178 17.1320633160001 17.2823389073802 17.563474639131 17.8545663601125 17.6510504964054 17.9157009346848 17.3908443510289 17.4130031665148 17.2921101778254 17.0810851201701 16.9532728037677 16.7456426716095 16.5719850213773 16.1857839291256 15.4881546271721 14.7528572164527 14.2839137235039 14.1468965651984 14.232068788 14.3920161871537 14.6344561141286 14.4009190867352 13.9198621579999 13.7829568272342 14.3902911947645 14.4991796143118 13.741318733304 14.2964503457875 15.2143139551204 15.0722943404453 14.673859349682 14.6764434634359 16.2127387241434
-9999 -9999 -9999 -9999 -9999 -9999 -9999 -9999 -9999 -9999 -9999 -9999 -9999 -9999 -9999 -9999 -9999 -9999 -9999 -9999 -9999 15.8220039070311 15.7747177611933 15.5589605243887 15.3373503517588 15.2250800398399 15.9672876090266 17.1071309499678 17.7330789540833 17.7756897448217 17.3254044202454 16.9937278063264 16.4277812904076 16.4201015775563 16.6360036494301 16.4362735513962 16.422298922732 16.0358170540656 15.5389596562597 14.9662739770739 14.609862996379 14.5277245926246 14.6314432072187 14.7976641845995 14.912428918 14.9356583903858 14.6763119806291 14.119435148631 14.2420893981267 14.8153865036498 14.9841068869395 14.1109872415881 13.342379849585 14.7789588735573 15.1794820606857 15.0480612295435 15.5950158273975 16.3716661801759 16.7903699441299
-9999 -9999 -9999 -9999 -9999 -9999 -9999 -9999 -9999 -9999 -9999 -9999 -9999 -9999 -9999 -9999 -9999 -9999 -9999 -9999 -9999 -9999 14.744641969302 14.6148500357469 14.94873567221 15.544339954174 16.4639716216707 17.382893319898 17.3046174919266 16.5872655670877 16.2396301513313 16.24221371862 16.4118849864271 16.4669917914094 16.3949451513666 15.927929700186 15.4480940931604 14.9473491799426 14.699024533706 14.7725834285956 15.0280968832521 15.2213952136449 15.2176801625418 15.1602889074387 15.0302686795033 14.7644524559999 14.5097490130301 14.9903282224607 15.4232987126541 15.57465680505 15.0370853294337 14.053993020931 14.5905846848935 15.9148668600943 15.0418657542608 15.6780917584901 16.8627761865493 16.7635605459705 16.599921222338
-9999 -9999 -9999 -9999 -9999 -9999 -9999 -9999 -9999 -9999 -9999 -9999 -9999 -9999 -9999 -9999 -9999 -9999 -9999 -9999 -9999 -9999 -9999 -9999 -9999 -9999 -9999 17.8872935034315 17.8582496405874 17.4191787244105 17.169700134 17.1024003867956 16.7998810289915 16.3354649778862 15.7127864699999 15.3502352710991 15.3010263782864 15.1890441097791 15.35047970794 15.477110695503 15.5907961973831 15.524659305522 15.2688284986462 14.9818454802778 14.6002720439094 14.9640322467543 15.6926437169313 16.0655731396082 16.1683984926535 15.930557818 15.2458737698494 15.2287063567046 16.3446435440631 15.7796245490454 14.2815890004369 16.4423786353608 17.3210948989299 16.3349726453595 16.1660374912486
-9999 -9999 -9999 -9999 -9999 -9999 -9999 -9999 -9999 -9999 -9999 -9999 -9999 -9999 -9999 -9999 -9999 -9999 -9999 -9999 -9999 -9999 -9999 -9999 -9999 -9999 17.8338072383358 17.8154663746284 17.964128168377 17.889120373016 17.684023494 17.3841342779999 16.9547701074559 16.5283558470913 16.2149725263588 16.1436943060935 16.2129249754469 16.1691085513791 16.0906748389285 15.9481062436519 15.6987342120364 15.3959806591922 14.9306849747506 14.891932171766 15.5553406151004 16.0989478735487 16.4487879873237 16.489223748 16.526881254 16.1415947726292 15.8108592308724 16.6299077352123 16.578212855307 14.6488582063386 15.0913208168012 17.3819608033655 17.357700000696 16.1595636739998 16.9564897556397
-9999 -9999 -9999 -9999 -9999 -9999 -9999 -9999 -9999 -9999 -9999 -9999 -9999 -9999 -9999 -9999 -9999 -9999 -9999 -9999 -9999 -9999 -9999 -9999 -9999 -9999 17.80060787738 17.8 17.960609956 18.0843191274572 18.0001394391781 17.7893154232552 17.5711964081543 17.337631346 17.0397791870238 16.7987316782971 16.5210777302495 16.3098277096752 16.0466507724514 15.7280023567761 15.3424714463266 15.2032292023686 15.588946945724 16.0289972790658 16.2778668671714 16.2983041282371 16.2948604656295 16.3157798689201 16.7345725776522 16.1397158463144 16.6227522876859 17.376383867492 15.6714104691885 14.9808366560663 17.3412784958007 18.1676836424273 16.9825674928054 16.6042894084678 17.2581663629409
-9999 -9999 -9999 -9999 -9999 -9999 -9999 -9999 -9999 -9999 -9999 -9999 -9999 -9999 -9999 -9999 -9999 -9999 -9999 -9999 -9999 -9999 -9999 -9999 -9999 -9999 17.4427841882053 17.5556634022875 17.9008585736304 18.1581617484518 18.009949843602 17.8983593126162 17.7960023773016 17.6510848072195 17.3032380608626 16.8246608797796 16.2421970341082 15.8138346962184 15.6969635404257 15.7311732434528 15.7821849259326 15.9452805416861 16.1466565749597 16.1792562503977 16.083993782 15.8989163263668 15.8859820195113 16.3965265042758 16.4832039879736 16.7947741638128 17.5956225242241 17.0524362356363 15.4481337867873 16.9486872080625 18.6769985793928 17.7512599327037 16.3605855287305 17.3363147584945 17.7150811885051
-9999 -9999 -9999 -9999 -9999 -9999 -9999 -9999 -9999 -9999 -9999 -9999 -9999 -9999 -9999 -9999 -9999 -9999 -9999 -9999 -9999 -9999 -9999 -9999 -9999 16.996341148 17.1612529929695 17.3530063385093 17.6208181650796 17.9045396834749 18.0202602321101 17.9247769483953 17.8958533713195 17.6669225171031 17.292997896 16.9942999650719 16.7860033914633 16.6219751466376 16.4150874923914 16.194770034 15.9969848800764 15.8826399295062 15.8825806589358 15.843768192731 15.8729283768734 16.1090485783256 16.5916819626545 16.1918954007895 15.904838454597 16.68597188198 18.2236055954402 17.7282150327185 17.6594806764651 18.9405792993647 18.9320473486782 16.8614869905648 16.5185458019025 17.560348814667 18.2202338336211
-9999 -9999 -9999 -9999 -9999 -9999 -9999 -9999 -9999 -9999 -9999 -9999 -9999 -9999 -9999 -9999 -9999 -9999 -9999 -9999 -9999 18.8756290637633 18.6588600695342 18.3426614836266 18.0845706228392 18.0258718594917 18.1119722421442 18.13927926 18.2038126374492 18.21963963 18.21963963 18.117906132 18.0090200120592 17.8776886074235 17.6775878820927 17.2686788940335 16.8127317979999 16.3029333240691 15.8556409680771 15.6909052522392 15.7089806348828 15.7657312797955 15.9215945925844 16.2709829162895 17.1690540694467 17.5992193663745 17.6428513096113 17.3965593373782 17.1606094214985 18.3393619232151 18.632432292 18.4888258995432 19.1509131399847 19.8406319869524 18.9951361687564 17.3360977499961 17.3995743083168 17.8484247682318 18.6919764190733
-9999 -9999 -9999 -9999 -9999 -9999 -9999 -9999 -9999 -9999 -9999 -9999 -9999 -9999 -9999 -9999 -9999 19.7484873394388 19.4789266747614 19.6254680223599 19.3413844947993 19.0307104435606 18.7191955007605 18.4292069502594 18.2730346196038 18.2244072594018 18.2641166586811 18.2340282746776 18.1766372767173 18.212929021243 18.2703200192033 18.2241204248364 18.0578421565619 17.8562327975421 17.5188271646111 17.0275640090143 16.6016871034476 16.392973854388 16.3959399364428 16.5655292748851 16.8152600711781 16.7803426207666 16.7568241909097 17.0745946959078 17.5166037290288 17.7369108646962 18.0529375956804 18.5785125043208 18.96314928629 19.5934329323266 19.432591903023 19.3488721020763 19.5932744678351 20.1417680942902 19.7334191888762 19.2390661597375 19.160126259487 19.0373042149343 19.2849276754504
-9999 -9999 -9999 -9999 -9999 -9999 -9999 -9999 -9999 -9999 -9999 -9999 -9999 -9999 -9999 -9999 -9999 19.2911089479733 19.3529179150194 18.9618848746004 18.8760242789769 18.5616595788846 18.4142049569449 18.1312737936679 18.1778219165614 18.4448306568935 18.5622538249874 18.3772131697617 18.1719615467319 18.3438156793448 18.4660892041274 18.4995275551406 18.2685487923663 18.2126492997959 18.0343008191825 17.8847657559569 17.8381422149031 17.8981792195057 17.9880344402801 17.944675642 17.7054946859999 17.4794498565081 17.1915849400664 16.751139198304 17.2386199939047 17.4831249611969 18.0847326110888 19.5851379948744 20.03374866906 20.1144398164033 20.0575874244272 20.0366852775207 20.0717212391961 20.6331203996879 20.7412180019834 20.7756487556118 20.4087111301095 19.8913229399739 19.5213284009284
-9999 -9999 -9999 -9999 -9999 -9999 -9999 -9999 -9999 -9999 -9999 -9999 -9999 -9999 -9999 -9999 19.7829323575079 18.8415798575102 18.9770138611037 19.0999983795465 19.6529105717177 19.7338816048957 19.686679049399 19.5129485295952 19.623491202478 19.8370018856555 19.8539114063316 19.571283734577 19.4935884284675 19.5091095965242 19.2607043087463 19.1864554675589 19.1337761901956 19.1648790919502 18.9769228459999 18.685799184 18.6059252192138 18.70534075 18.5473776656145 18.1235094202968 17.6509910586958 17.261557662054 17.0337684720715 16.8188241840529 18.2167259077493 19.0283721110329 19.7724516397961 20.2581039010275 20.4137688214634 20.3962592319772 20.5248251668869 20.4796257168085 20.7760108301406 21.226207990164 21.4691975287956 21.3599043736502 20.6202955818275 19.6509437278815 20.1522185540493
-9999 -9999 -9999 -9999 -9999 -9999 -9999 -9999 -9999 -9999 -9999 -9999 -9999 20.8935754905173 21.5820327237169 21.4845194830145 20.7269335706298 20.5233374274924 20.3266766153404 20.3378973719799 20.639168476 20.8074543477663 20.8591089716444 20.88926594 20.9160582685994 20.882178492 20.8728835071569 20.7755960991049 20.7783613912608 20.4816341267912 20.0557298253386 19.8875944669051 19.7800058487234 19.6316186426073 19.4528136396364 19.1314320901797 19.112237752062 19.0586428107355 18.4917416998345 17.7576089657235 17.3713177121533 17.4911246046287 18.0797219984471 18.5581939538304 19.6274356395559 20.0947012506358 20.192076667685 20.1653674409864 20.5076216223771 20.7253171885859 20.7946404898531 20.9855465361099 21.3965024120971 21.663856351732 21.810651788 21.6225302572444 20.4612541934988 19.7919578676491 20.7355569177171
-9999 -9999 -9999 -9999 -9999 -9999 -9999 -9999 -9999 -9999 21.8568723521902 22.033830318 21.9935971821565 22.024885148 22.3127519740602 21.8520808019999 21.2936861882512 21.2463138544592 20.7122223018959 20.4947290917799 20.569555366 20.7703109804283 20.936761485939 21.03393851 20.9766654320789 20.864354392 20.8527059380179 20.86787702 21.054283328022 20.6924393964566 20.1930878799244 19.9236020841439 19.9327573351402 19.81070766 19.7590028903414 19.5003573709466 19.1134413841915 18.6481359486005 18.2372785095593 18.4232058794659 18.9816524607976 19.3976377301378 19.8993505866099 20.1153104530043 20.15409713812 20.0176598932528 19.710530479778 19.922714915125 20.6434075863428 20.9367944489195 21.1919337542407 21.4775787002373 21.5413966350487 21.9069883690919 22.1143462494325 21.7618954450275 21.0072420389684 20.9113073144481 21.2574469233854
-9999 -9999 -9999 -9999 -9999 -9999 -9999 -9999 -9999 -9999 22.8762805289749 22.934564072344 23.016006218 23.0774250080572 23.0473267043449 22.840701087378 22.5996082902385 22.6035444895494 22.07661935834 21.8113923891966 21.6922999761064 21.6779658563683 21.5405451575327 21.5595956186229 21.2921723099179 20.9425119106721 20.5199077775409 20.3042894200492 20.8396053512828 20.2863638292869 19.0879285995702 18.8285136160001 19.0749733610115 19.5975281028114 19.6934397898644 19.6935532361965 19.2829065946582 19.2112616356956 19.390903486 19.8259945892807 20.2770451591078 20.4149281580412 20.4049225037955 20.1267408787717 19.7801040912219 19.985323091195 19.90685052 20.4866178663613 21.1548495660744 21.3412759582124 21.6374866660028 21.3755397838207 21.399201665219 21.8427609805606 21.6939629107065 21.3372432938008 21.5912806951022 21.7405713474927 21.6317552572059
-9999 -9999 -9999 -9999 -9999 -9999 -9999 -9999 -9999 -9999 22.8190270595694 22.75180245 22.6339192569301 22.6241943315435 22.5554166570411 22.4730669909042 22.5960711557436 23.1241659411831 23.2951995439678 23.4786191508002 23.54459265 23.4774844470089 23.2709935689434 23.1703336913044 22.9872176243219 22.6144385691435 22.1641529041632 21.7846158587739 21.8408326153368 21.2706174738826 20.3578640366329 19.9699864379478 19.9170442973978 20.1597424338696 20.1317219806348 20.1113947364696 20.0494941992131 20.1726808254914 20.3459979250544 20.4036676368348 20.3280930125065 20.29108147 20.210776732 20.0583339041303 20.1220234732151 20.5256054798913 21.0042338288457 21.4639056262784 21.8339668087065 21.9545837100697 21.918341477224 20.9773432636523 20.0567491772159 20.6398751611513 21.2725416436299 21.5208644626954 21.9502942594243 21.6738916338525 21.1029009216634
-9999 -9999 -9999 -9999 -9999 -9999 -9999 -9999 -9999 -9999 22.8898194559181 22.7851401376732 22.7582714969422 22.6091533054229 22.392954264 22.1318272940765 22.2165526816295 22.7037991663378 23.365539607188 23.832038836 23.9822154739945 23.8696435855858 23.7290462376459 23.7 23.4773659010787 23.0341471179999 22.4181392137103 21.6122146036667 21.0132242256229 20.7289532404205 20.2069144320928 19.8559202155047 19.926633965462 20.3427160233191 20.2467026068165 19.9463330357268 19.753046232364 19.7220247139081 19.9937011347255 20.147625119543 20.0883058181802 20.158786149178 20.4896544519866 20.694982710813 20.8527725623696 21.1657703031043 21.4958843686327 21.978403864 22.2179405130996 21.9744009894108 21.0254967575909 20.4527695156158 21.3237887231287 22.245836811592 22.2342338411685 21.8219353788864 21.5941730596793 21.1721277642576 20.8170998116879
-9999 -9999 -9999 -9999 -9999 -9999 -9999 -9999 -9999 -9999 23.2434594506208 23.2262364426622 23.3410525107036 23.4296706649801 23.4808303843593 23.5222470913112 23.621319128 23.8608287156258 23.97853598524 24.0569257520132 24.060762932 23.8724477718476 23.5532183037648 23.410801534841 23.1490486872004 22.712718598 22.1308836885662 21.3804184946491 20.9716797434638 21.1991318690368 20.9250693888975 20.6883964435295 20.5031161256215 20.0380407409894 19.3159538446995 18.4202870150328 18.464499071457 19.4226070164313 20.1098851855598 20.542812911464 20.7322705117254 20.7174467202877 20.9702830221091 21.2839864619869 21.2554459919434 21.4771354562789 22.0255837836667 22.2863884598475 22.4058114696122 22.2578901450586 22.4264447552567 22.6464647328194 22.9877262418891 22.9009596727931 22.4523119593267 22.1680353544183 21.6091296458997 21.4276972162658 22.0242954600783
-9999 -9999 -9999 -9999 -9999 -9999 -9999 -9999 -9999 23.2297901976496 23.4381810353236 23.5357539089977 23.705243166 23.846366468 23.953509308 23.9810149243062 23.9905848906321 24.010510851042 24.1 24.1 24.076837742 23.9615743752145 23.798308214 23.5880053689137 23.3694271615207 23.1896191793032 22.9217278443253 22.698309240695 22.5696106854566 22.4201257512165 22.2041182048047 21.8919666840852 21.3003851943055 20.880419773134 20.5678225765059 20.1712964886997 20.3555587217554 20.9790290948622 20.9153810598325 20.8014741382578 20.8969648324548 20.826838102 21.0409142140001 21.362342734 21.8222593634482 21.9594259223384 22.208820226 22.4376940372635 22.7181156006879 22.8759012261651 23.114061952 23.1692001742818 21.843211868423 20.9131716831547 21.847950860656 22.0935845806881 22.33331314596 22.331043731996 22.8179094589657
-9999 -9999 -9999 -9999 -9999 -9999 -9999 -9999 23.4863154728259 23.4301947940001 23.6989638700264 23.853509308 23.9618333233602 23.9977307100535 23.9996476347468 24.0858834985599 24.0053123261334 24.001733738 24.09128223552 23.9703235104265 23.782205132 23.7048251924001 23.7022382754137 23.6546114350135 23.5455516703203 23.437545282 23.3280400998674 23.1478281697596 23.0931958495471 22.917947844 22.703662164 22.4857608124017 22.150181608 21.6749857335968 21.0929750155495 21.0869338966941 21.1639322959962 21.6911607558451 22.1783443656852 22.1174469482374 21.8840167663172 21.5670300589314 21.491786358477 21.8410692411478 22.1782102950911 22.1033796337612 22.4228912290679 22.742689424 23.0182087823188 23.096963929012 23.0273358562319 22.7735791992027 22.380848949254 22.2891258760002 22.5836043237419 22.6170639076565 22.6753167254603 22.608974402 22.6048834462582
-9999 -9999 -9999 -9999 -9999 -9999 -9999 -9999 23.553509308 23.7450596364205 23.90535371 23.9022016223315 23.9 23.9614116733583 23.8864364180536 23.7516673948702 23.2087230709225 22.9421534107814 23.520059224244 23.632080548 23.6722166942455 23.4407205971864 23.343144369991 23.4517930763548 23.482052396 23.5848893096392 23.5268077637589 23.4985631786983 23.3479886352753 23.135811784 22.9958603239344 22.6869672741018 21.9145788915805 21.583902167331 21.7271368367262 22.0125243817868 22.2545119605422 22.6503004538162 22.8234873940626 22.6637898560879 22.3237091467195 21.8845007338494 21.8631891807888 22.1415999142719 22.3728300926675 22.4843100444275 22.50535371 22.413528119428 21.6202575122493 20.727447921814 21.7483558958004 23.1629724781599 22.6979388691012 22.4090855627822 22.6535767680611 22.4946758390026 22.2330655156392 23.2422142139324 22.9571439867302
-9999 -9999 -9999 -9999 -9999 -9999 -9999 -9999 23.8530818174243 23.9390186791401 23.98750345 23.928626752 23.88750345 23.7594642402959 23.3310412234399 22.778369243752 22.9016507460001 23.4879377218955 23.5336327040241 23.7860795638007 23.9807958663042 24 23.8829764857038 23.414374166077 23.1719816185599 23.3581630879634 23.4249931 23.4890124948438 23.5024611982717 23.3360323243003 22.8986461043615 22.7760629156671 22.8385988860164 22.8439762449418 22.8530040796793 23.0139936462676 23.0749793 23.1920340773708 23.3310247625516 23.1042032200409 22.2320084453323 21.6795403086582 21.7830861477367 21.9889051256916 22.2489304484778 22.3555920472846 22.6727608879508 22.6259600036135 22.4247194270119 22.1560357772221 21.9018127874397 22.2745448796144 23.226712438 23.1719422760575 23.0999724000001 23.2920293244816 23.5732903687656 23.3954347869505 23.5280220882223
