catData/variables/futureClimate2070/rcp85/bcc_csm1_1_m_2070_rcp85/bio10.asc
NCOLS 409 
NROWS 350 
XLLCORNER 60.897278365 
YLLCORNER 5.843756025 
CELLSIZE 0.0892857 
NODATA_value -9999 
[rows 104 to 129 of 350, columns 290 to 347 of 409]
7.30410462025439 6.53387099507114 7.22757614526613 8.90056162626527 10.8889897250828 15.3894141322161 18.7419619671912 17.4885705682728 11.2964547912556 8.7401211333166 9.41663303681295 9.40817948757093 9.10308744859388 7.54533077440285 5.65259139957955 4.52807933167787 6.46706750421106 9.04977797492666 11.0021585489628 13.3493294458972 11.8251595622669 11.871483064913 11.5851728353994 -9999 -9999 -9999 -9999 9.92602488340911 10.2111756839708 10.3399449046986 10.5057438275739 12.5415780313471 18.3256971905463 18.0171843777294 16.2287167674209 17.2537958051249 17.8362648299982 13.9294305616843 12.2911477622528 11.4905799675276 12.8044516399335 13.982622737915 12.837287594413 13.9536666757924 13.8544356119995 13.8749951215139 15.191993626155 20.0628727606462 22.2230280505944 19.2977778105343 19.0574359024337 17.069055316325 18.0828221763991 15.3711715645691 15.7840892568775 16.7373095660402 13.4185328795016 12.9266037384401
9.9287039556961 9.55462474396066 10.7622243151698 12.6534013343995 14.9678533320307 18.9866100741907 22.4711042867279 16.1309380740098 10.7379258011698 10.3616048491279 11.3220694059733 12.6417704307685 10.8561959998533 8.54783424731189 4.39641366040612 4.19942698674873 8.26226724992445 12.0903896383571 13.2765034695761 13.8922742460995 15.841060283559 14.0411435739885 11.7514522781456 -9999 -9999 -9999 10.8124102960471 11.7729226139614 11.6770102155274 10.7535766530855 11.4991206484141 13.3189554213444 18.2212697605272 21.487792351069 21.968989174778 20.9648877527235 16.9918721485591 14.7457577113508 15.6665063417011 13.5437842774045 15.5215417331171 16.5773856164033 15.3123791064096 16.3550478730641 15.9333227963663 16.4146324215105 15.743220688561 18.8321930065573 21.8022182660795 23.2460982272171 20.3836971093922 18.6477658583758 20.2946994252684 18.4412560587321 18.0734050957607 18.2082743159812 15.1427637949438 15.1749287376579
16.024906362938 14.354049112042 15.4347640640679 17.7964748264319 21.2551171894078 23.0449632988793 21.5869400042405 14.2666862056468 13.0962331401542 15.050204554824 14.3718177446782 16.6787770035291 13.570994271435 9.71148242438746 6.81731997106854 6.71347865717011 9.42709478836448 15.5515545939406 18.9727905989256 18.1975779005495 19.5268609730066 15.86476073143 10.5729844869227 -9999 -9999 10.4707468687798 10.5104966313469 12.9141607625832 13.615332988583 12.8692264593625 12.5778448580129 15.3279864072279 17.7555694410339 21.709950047902 23.9532691672952 21.1371460920981 18.8769778863511 17.7073210142373 17.2125344364572 16.4362955226535 18.1167655161675 18.7671838220495 17.0311203458662 17.4837552969122 17.8598663414061 17.9539259910789 16.3151159143681 19.1977901098098 21.3046289017412 23.6839827639151 19.3032851951641 18.6294568364426 21.2673261872241 20.5140843767613 21.0536519055572 20.7236766632179 18.9911814362734 18.8925782943298
19.3350619679975 16.7616243956866 20.0021803536787 24.1838592402666 25.2543911103392 25.5056529663849 21.797509188972 14.6302808246529 17.0083605686581 20.4352222351648 19.4730468149843 18.404280441614 16.451258162655 12.7135312485531 10.5605222783779 11.1805656075898 12.1588898942998 15.8382276857541 20.4284071094946 23.0811636708465 20.2671583650991 15.2785386182049 -9999 -9999 13.1065057113083 11.1719563999998 11.3140595094723 14.0169708928348 16.0596937670827 16.4665020637573 15.2754239013322 17.2154532221304 17.5484479850951 19.5517867918554 23.2523176931622 21.206213631636 19.3633732219605 17.5673336490693 17.01780588082 17.6378584877779 19.5362521506425 19.9271563890903 17.4840267617363 16.8195401161206 18.0578279984018 18.099096899484 16.2072172738369 19.5696335895303 22.6443548637392 23.1992707520022 18.7520174611015 19.5362251438147 20.8878619774523 22.9354118553108 22.7061036194518 21.3774028527693 19.6621417546572 18.1732555660714
20.7256149316194 18.8510944175664 22.4372827768988 27.4268656948727 28.1659921667161 27.8563037549333 23.0365715165108 17.0040412633821 21.8214327504322 24.7125165696779 22.0173622033812 20.6324141055036 20.1503872079753 15.8852868061483 14.1818589751249 16.8278686254732 19.1154862168044 19.2249478880283 21.7774626078985 23.377508521135 21.5261127255036 15.6499863434981 11.4395717185796 -9999 14.2474788679994 12.4844654299998 12.4661405189755 14.6143309717105 16.5733620185661 17.8284381641883 17.6063198248184 17.7871106793039 16.4092118842168 18.0908576765598 22.2773577583365 20.4184676810435 18.5351667194105 17.4943422234979 16.5074027497114 15.5299859043454 17.8754820043311 21.3082994592545 20.5756109774666 17.2923899898168 15.8128357880779 17.3637632784208 16.6426431658824 18.1613488611825 21.8773992047415 24.0997988198722 20.6904294122692 22.026199962112 21.829494500001 25.0185503241319 23.8383359627028 21.8521667662614 19.2244081415192 16.8174261274817
22.3350922333424 20.0643293622506 20.8693716932655 26.2900561188844 29.7179843558511 28.9692898386843 24.705702652367 19.7110548691422 21.2904974581987 24.9090514613378 25.3800535815665 24.2037490658122 22.7997174428208 18.580010294385 18.0115495435973 21.6321647965758 24.1802738827426 22.4656241792318 24.4985015732094 23.9916115288295 23.559389973419 19.0133227203445 14.253002043387 12.9471909474763 14.2502152866638 15.0136299007177 14.0056212545611 14.8965994140009 16.0990533504312 16.5533141475669 17.9752666835383 16.8029973695207 13.8326410794127 15.8733703400013 20.0993809079108 22.9487475177515 22.9618431600162 21.3164721909895 18.9943323139333 16.409173556716 15.9471418383299 20.7286349380009 22.3983931814448 19.5487024261748 17.4866042405023 18.080531770257 19.1436984100147 19.2198718691472 23.8042739765329 25.5088519119155 22.472397087523 24.6758548689088 24.6598854095647 23.9662835468156 21.6600506228193 19.4520263275024 17.1591908396814 15.7504300246419
23.5105974443345 22.084851398263 22.2119751377284 24.6597195260077 28.6198324668191 28.6712308344548 23.7846652413376 19.9522086911641 22.6312993585244 25.266802363773 26.7600082979994 24.6458561959392 21.9255637202671 18.4535995368516 18.0998634211589 21.3250238460003 24.979880648159 23.8480945155657 25.3269407100134 25.8499669938696 25.4070293307233 22.8633186391713 18.8821396894773 18.7898066239765 17.2600651957154 18.8215062365978 18.3762907463127 16.5023878756842 15.9674755215856 17.0602211141622 18.4909180498284 15.6663338328013 14.051762377603 17.1632026074489 19.3259468299627 22.1563691169455 25.0667498664518 23.8237870896904 21.1740894115683 17.9945032481553 18.1826728964553 21.3837780264551 23.6643836975252 23.3865493797254 21.9304276422478 20.1295354582942 22.2291054140723 19.7371198899113 23.7684283180614 26.5322838979994 23.4305618760011 25.6748696959579 24.0531881332158 21.6413370937365 19.8426252148776 18.6418839048039 18.213970924869 18.6665071700001
23.3940657378546 22.3127916056395 25.4002462593854 26.5823229940619 28.6032767340345 29.4559860153902 23.193524717466 23.6065724234912 26.3242942616488 27.4335467996128 26.9526009387419 23.4440710535092 19.9072364139999 17.503311833905 19.686009284094 24.2212842723742 26.9070603139709 26.2119681293956 26.4706300427776 25.8449661693546 24.0497391793605 21.1789317168858 21.2658828803542 23.4474533728201 20.1341751050445 21.0315888155682 21.7694122737546 19.9088306220217 18.952178303767 17.913224721856 18.2680247311029 15.9422941317921 17.070298725431 19.678473588073 20.7808062381259 20.4888791298985 24.9774953289928 23.9588182644045 21.0231584472295 19.6423282005519 21.0703594416714 22.1555324873739 23.7926048521969 25.7795418163247 25.1771048231986 21.9592909501875 23.6925519486595 21.8147586543676 23.022497945873 26.3535225545322 25.0141353609965 26.6592955382686 24.8176230975829 23.3296001724934 22.3217737915131 20.2856929840267 20.3760614353873 22.5261760408152
26.2878762914841 23.9482015496871 24.216689149643 27.1712816130233 28.8087618168204 26.0297365371403 24.2437624745463 25.9903248796307 28.6924304992571 26.2660908365669 23.7886757510116 21.2055767982554 20.5669861404848 20.0859162969744 20.0892299473908 22.9047365749301 23.720077224444 24.9053976895022 27.0322343645847 25.7510989241723 23.6172145700001 23.4406915900002 24.2021561491066 26.6541192819008 24.0344346062389 20.9705181763713 22.4937021992527 23.2143485099921 21.2893093376042 21.0332008332795 19.6670875345814 18.318106681801 16.8470945006161 18.954497854153 22.2945086095165 22.4434192352283 25.7318709353061 25.2710161115682 22.5914120864798 22.7740945058691 24.0700811564696 24.4797217889016 23.719642384764 23.1447588873352 24.885622881055 25.6801156396453 25.4602609784309 24.0927655912077 25.2023529002526 27.4725920434065 26.7976715946662 26.0736172050544 24.0873052530156 23.7264689689728 22.1322700039126 20.7666115038984 20.957035540618 23.3818575764632
27.4021588496193 26.4573546381238 27.1694206363733 29.1014445397623 29.2111225442133 28.5234951236627 28.8902085425209 28.9320699619594 27.710593917144 24.3558927113007 23.9699170845791 25.2768047810042 24.3694515413084 23.8221355076941 22.1521246832219 23.2443679432031 22.4346444925709 24.8629310704065 27.7734290998546 26.6103749271901 28.207935671793 28.8122256630115 29.1501679054597 29.4103589215406 28.3725667458161 26.4690763986413 24.3538545325794 25.4226243874901 25.7528310844615 24.4195078674567 21.5576988418176 21.1570873977918 20.3113740001954 20.8505169191164 23.4405623092946 25.3780611313975 26.7608770118315 24.2487934596143 23.3449968975433 25.5187127672431 26.4731929278941 26.8393738499395 25.4645925187876 23.574860198929 25.1424178621676 27.679218987376 26.9113507599429 26.1290312626376 27.3884174919999 28.4378873382982 25.7333908738774 24.900097599402 25.2083850659928 25.2449972406156 25.8313606169579 25.8085275404508 26.2693237872681 26.0455949316204
30.3763324361985 30.505375502 30.4053014541302 30.3057145421473 29.8788071599999 28.6763185741814 26.1243815531203 25.6499610037122 24.462189134 24.8342337519211 25.9959254801038 27.8454461352426 27.0931152157913 26.0321222216908 24.7346010908459 25.6480280622671 25.969518929372 27.2135204093409 29.2699295323997 29.8957973430756 30.2006890353668 30.2159692963734 30.2107079 30.1955509237909 30.047830021873 29.3290263133737 27.3398397027868 26.6333422223253 28.2793126757802 27.5599048831119 24.4624045143649 24.3264606274809 22.4293274641604 23.9006173585554 25.7989726559998 26.2716104110187 27.3865334257775 26.507137429761 28.4535106939056 29.2346757651538 29.942447012812 29.9555890138104 28.4422069616374 27.0392735322618 25.9074044322667 27.1511615812203 28.1304675090432 28.2311594690529 28.5226689378453 28.4068291976377 26.6626041839808 27.7647897077241 28.1005959842637 27.425135689231 28.5786864415371 30.0190823368413 30.31231156048 30.3566805335103
31.5844968542528 31.6455629118483 31.6745088716462 31.6908576511083 31.3361759930328 30.7799656136069 29.6128743223988 28.998194022 28.9254296065342 29.3115446001924 30.0927271481486 30.5060529758313 30.1769668015779 29.2652210424009 28.4468658407746 29.2103352331349 30.1477774260771 30.3905139882011 30.4274554253857 30.4905814573418 30.5 30.498271302 30.4011086574736 30.41249679 30.3719701718066 30.1579497998544 29.8766895269989 29.8350847519045 30.1685341949495 29.9695326688648 27.8970196813838 26.5417420065571 26.9695905062682 26.4237601557257 27.7791585273283 29.0427963389643 28.0435738527432 29.3885742332344 30.1136703361781 30.3590799026259 30.5076965556593 30.5859798380555 30.0783864259331 29.2820052789111 29.0331918532 29.5129679803407 30.2094101974813 30.643524800622 31.0421787698812 30.9538092928386 29.8186893471099 30.5810185991845 30.9184003670813 31.0889970533665 31.14998716 31.1834289658736 31.2314579317781 31.2890043305071
31.5201281824063 31.7008479151765 31.7469503122886 31.646482052 31.6038689250163 31.5297302743311 31.3676201533573 31.176829582 31.0945596916265 31.242904272 31.0890292533429 30.911766769584 31.0976562984728 31.153612172 31.046469332 30.9162021403879 30.7799393888464 30.7105435989979 30.6354704798485 30.532196612 30.5010633174565 30.498610811891 30.4267688307615 30.5 30.5045479919335 30.525590449281 30.53927926 30.5751085240241 30.61963963 30.5838924693419 30.3868060280368 29.6515156890253 29.5432927345732 30.0668401995738 30.4415148203663 30.3174983172441 30.3124561657933 30.45891889 30.482075868 30.6076169817083 30.757082288 30.81963963 30.7882298003767 30.7116097935358 30.744572538 30.9836613577692 31.2525062932651 31.3171733909258 31.4716579494534 31.5 31.4928711849682 31.41963963 31.4382484703367 31.5059507250108 31.51963963 31.4838107517057 31.4706889438935 31.5115620344007
31.8397106205599 31.8110151215797 31.7823196225996 31.700059952 31.6144235473607 31.5765805356591 31.598550023321 31.5255165843012 31.4600606367187 31.5150569622615 31.4705202587584 31.557082768 31.62678247 31.594137718182 31.4879818668378 31.2659347801423 31.0038556308774 30.780467794 30.7052760989172 30.612556982 30.5307465710431 30.4995370119768 30.4755935470034 30.5042890459835 30.5437376130363 30.6384151619439 30.72678247 30.7387236319041 30.75356494 30.7966691381356 30.7784484608446 30.75356494 30.75356494 30.730145604215 30.72678247 30.7987344657453 30.72678247 30.72678247 30.7437374373143 30.8081150396659 30.8541970593539 30.9 30.951728338 31.0157671555865 31.092796488 31.2339097589064 31.2947237725269 31.387442538 31.4 31.4736803894674 31.5 31.5 31.5062019464078 31.5489670726121 31.6 31.6 31.5621259643284 31.5698863166914
31.982196252 31.875053412 31.767910572 31.660767732 31.6066831442622 31.512556742 31.594586098 31.6 31.6 31.6054330088018 31.63392531 31.6539461379726 31.7 31.684874068747 31.5977153777317 31.416181994 31.1358818159999 30.887610634 30.753625132 30.646482292 30.6018367644573 30.532196612 30.4427968480001 30.5445067606189 30.6078561579939 30.6842460373934 30.8127026192195 30.8633851981677 30.9175490804451 30.93392531 30.93392531 30.9091065377165 30.9 30.8422224555091 30.8018368458781 30.8 30.8 30.8 30.8 30.8200205108141 30.86607469 30.8812004584115 30.9341793389757 31.024945868 31.132088708 31.1908933808628 31.280299698 31.3577773859117 31.3981630727012 31.401728218 31.5 31.5 31.523156738 31.6 31.6 31.6 31.6 31.6
32.048270942 31.941128102 31.833985262 31.726842422 31.619699582 31.5484680703603 31.5968094873942 31.64106815 31.64106815 31.6505058606578 31.7 31.7 31.7 31.673724658324 31.6198240814305 31.482256684 31.2290674390603 30.994753474 30.860767972 30.7177139022032 30.6442588040422 30.5989812462877 30.5462963114669 30.6065768087786 30.664225368 30.7589245347305 30.837442898 30.9183105377605 30.9715527579941 31 31 30.9568871687423 30.9080904510122 30.9 30.805414382 30.75893185 30.75893185 30.75893185 30.75893185 30.75893185 30.7896858639029 30.8124118912124 30.8405271643271 30.958871178 31.066014018 31.173156858 31.2473220975758 31.2948428826697 31.3557409130849 31.401728218 31.5 31.5 31.523156738 31.6 31.6 31.6 31.6 31.6
32.096481932 31.989339092 31.882196252 31.775053412 31.667910572 31.64821099 31.64821099 31.7 31.7 31.7 31.7111644397606 31.74821099 31.7301592824831 31.7 31.648271182 31.482256684 31.2679710039999 31.0889552009074 30.967910812 30.8154820986636 30.7508212014582 30.6955885575801 30.64821099 30.664225368 30.7602038839458 30.8146079579324 30.885653888 30.9713015023114 31.0249388595667 31.04821099 31.016384862677 31 30.919700062 30.8578429710427 30.757203392 30.65178901 30.6560659505917 30.7 30.7 30.7 30.7568338398959 30.7610227359644 30.7784572601397 30.958871178 31.0341880063834 31.124945868 31.15178901 31.239231548 31.297389557129 31.353517228 31.45178901 31.4595094687634 31.523156738 31.6 31.5819486396023 31.5732840042759 31.6 31.5716177379679
32.203624772 32.096481932 31.989339092 31.882196252 31.775053412 31.75535383 31.75535383 31.75535383 31.75535383 31.75535383 31.7656927480664 31.8 31.762556862 31.7 31.648271182 31.5148444014875 31.3233248339999 31.182196492 31.075053652 30.967910812 30.860767972 30.853625132 30.75535383 30.771368208 30.85535383 30.885653888 30.972070649894 31.0246799136168 31.0784486588725 31.1 31.033985742 31 30.919700062 30.812557222 30.705414382 30.599043232297 30.553517468 30.64464617 30.6574644442353 30.7 30.737442658 30.7800942827676 30.8301768897217 30.9262837262109 30.9811874572999 31.0326617351893 31.0890951283214 31.187442538 31.242228748657 31.301728218 31.4 31.416013898 31.5103385966139 31.5614181468969 31.562557582 31.5199056100816 31.4301122362833 31.264359912
32.373264282 32.2293284661842 32.096481932 31.989339092 31.9323813392461 31.8703442156105 31.86249667 31.8614161413236 31.8 31.8 31.8 31.8 31.762556862 31.6721352484631 31.6181033006804 31.541128342 31.4092278669672 31.289339332 31.1320115547459 31.0672059563975 30.967910812 30.960767972 30.86249667 30.878511048 30.96249667 30.9738602007419 31.0234005644015 31.0792178064551 31.1 31.1 31.033985742 30.9542792498814 30.857203392 30.750060552 30.642917712 30.5993517706923 30.5658237021642 30.6 30.6086846378774 30.6564397072661 30.7140422435905 30.73750333 30.789231668 30.8742958558398 30.9247574550168 30.9832239301266 31.080299698 31.1327938635865 31.1966160415569 31.239231548 31.33750333 31.353517228 31.4519755201306 31.511363350726 31.4766606475825 31.37500666 31.2004226067043 31.1258018953911
32.517910452 32.3928938152949 32.273264282 32.166121442 32.0833582023768 31.982196252 31.96963951 31.8994750859514 31.86963951 31.86963951 31.8535127697203 31.8 31.762556862 31.6864634786079 31.633615814616 31.541128342 31.433985502 31.326842662 31.1953202944883 31.16963951 31.075053652 31.0691146688166 31.03927902 31.0441410636313 31.06963951 31.06963951 31.081007357303 31.1 31.1 31.1 31.033985742 30.926842902 30.819700062 30.712557222 30.605414382 30.53036049 30.53036049 30.5415126572339 30.6 30.6091991732139 30.63036049 30.5372131229852 30.5812403813431 30.789231668 30.8763323286665 30.9222107805574 31.010660188 31.0912550449948 31.1287165842291 31.2005246954531 31.236538251323 31.316013898 31.4070304991248 31.2404561911384 30.5722717654359 30.2789147056103 30.5997340157953 30.762707120222
32.701835642 32.549489575226 32.410767612 32.303624772 32.196481932 32.089339092 32.07678235 31.97678235 31.9699703903648 31.9 31.8946233824527 31.87678235 31.839339212 31.7425481883211 31.6879897840876 31.617910692 31.510767852 31.403625012 31.296482172 31.27678235 31.182196492 31.1754550150512 31.1 31.1 31.1 31.1232650965838 31.17678235 31.17678235 31.17678235 31.1315794917813 31.033985742 30.926842902 30.819700062 30.712557222 30.605414382 30.5 30.5 30.5037181065114 30.52321765 30.4534229130815 30.2353718945702 30.2451859578653 30.4248227678706 30.5737268019411 30.712449318 30.8026068547586 30.7802053576654 30.9913763591522 31.02321765 31.1218906836065 31.0348721375931 30.956693842422 31.0096303614221 30.1826508699711 29.5760292956838 29.7652885563081 29.6921973456887 29.2949154050096
32.916121322 32.750106584 32.601835642 32.494692802 32.387549962 32.280407122 32.1884688175399 32.08392519 32.075053412 31.98392519 31.98392519 31.9584956073329 31.8939810867085 31.839339212 31.78392519 31.725053532 31.617910692 31.510767852 31.4710170889568 31.3944636610017 31.289339332 31.282196492 31.18392519 31.18392519 31.18392519 31.214225248 31.28392519 31.2465065246706 31.2 31.141128582 31.033985742 30.926842902 30.819700062 30.712557222 30.6847955416192 30.5824745783394 30.492554746298 30.4026349142566 30.3127150822152 30.1318957961737 29.9779568552053 30.0842631246373 30.110613367851 30.0040377400578 30.1322968681327 29.8009576193291 29.7469226643478 30.4060821047869 30.6552107763974 30.426870262 30.3555266776892 30.6398722310313 30.4719634079998 29.6045231620283 29.1358231264233 28.8860924255575 28.5722555601195 28.0020959602861
33.0832983679418 32.9269377117322 32.816121322 32.6423553169197 32.510767612 32.403624772 32.296481932 32.19106803 32.182196252 32.09106803 32.0699789892013 31.9972935864727 31.99106803 31.946482052 31.8439596145051 31.7947416011689 31.725053532 31.617910692 31.59106803 31.503625012 31.396482172 31.389339332 31.29106803 31.29106803 31.29106803 31.2937744220905 31.3 31.2960176152576 31.2439598330684 31.141128582 31.033985742 30.926842902 30.8928276336278 30.803625252 30.7049307710241 30.59669746935 30.3919817556759 30.2164335619981 30.1435977846557 29.8607835326923 29.7905060199595 30.0366582241658 29.9986332554216 29.3805335238727 29.2723585485672 29.0616229035619 28.4471130684189 28.4671625068298 28.5906050855872 28.0325880106069 28.5962596920001 29.0045260843044 29.0677456782175 28.3922109487827 27.8925621686291 27.6804618470482 27.7590675939999 27.1379436825208
33.292963624 33.137549842 32.9655733534819 32.8237444078247 32.6372575828685 32.510767612 32.403624772 32.2965128649484 32.1998412723583 32.182482774335 32.0995856829717 32.09821087 32.0614376384149 31.9992022988918 31.946482052 31.89821087 31.832196372 31.7969019901187 31.7175582365747 31.610767852 31.5965186060388 31.3999690713455 31.39821087 31.3824830100411 31.3 31.3 31.336772995879 31.3544228288143 31.2990745084924 31.239339452 31.132196612 31.025053772 30.9193476022807 30.898435535026 30.803625252 30.6964514876394 30.5438288282154 29.9878506357472 29.8131537864404 29.2977683096686 29.0748512868646 29.6409130140001 29.752651720359 29.4042733942791 29.0054661456013 28.183441167761 27.2769303819866 26.5200983494405 25.7854338669871 25.2500974962666 25.4543087590397 25.5403268910932 25.8406398617065 25.4515055046403 25.846995787936 26.6506556322265 26.7144351039999 26.3771411599347
33.558978362 33.392963624 33.1786779439999 32.964392264 32.8261079504915 32.6304671939999 32.510767612 32.398271062 32.2916031912659 32.2044963337947 32.2 32.171321892084 32.10535371 32.10535371 32.053624892 32.00535371 31.939339212 31.90535371 31.8293525706596 31.806025974401 31.710767852 31.6037175614777 31.5102324635829 31.50535371 31.482196492 31.40535371 31.40535371 31.360767972 31.30535371 31.246482292 31.20535371 31.1361132308713 31.1064083941893 31.02259236475 31.01070742 30.9020818672575 30.6381192222722 29.7699900159699 29.1890519662965 28.3226670299311 28.3680790079768 28.9892389603849 29.066732056387 29.0632750137126 28.843012326166 27.898148769955 26.8056010459235 25.9986096539997 25.1388329154785 24.17347703822 23.5342298699998 23.2275787504381 23.9444756943919 23.6173142156866 23.567792918663 24.1450076054162 24.6125748455121 24.8096345450636
33.773264042 33.607249304 33.392963624 33.1695357706864 32.951895714 32.7376100339999 32.6060904529704 32.410767612 32.31249655 32.2984832067457 32.2220992166823 32.21249655 32.21249655 32.21249655 32.1672320496058 32.1176361738222 32.0547315867498 32.0158509566782 32.01249655 31.925053532 31.817910692 31.7122805223901 31.6922370981819 31.61249655 31.589339332 31.51249655 31.51249655 31.467910812 31.41249655 31.3609820281861 31.3167435952419 31.31249655 31.2422313339021 31.2140657695258 31.2006766109538 31.0122805523818 30.9600779347607 30.429877955049 29.2355234579967 27.3321996574995 27.6790862284782 28.8041868384467 29.2534799928243 29.1823475177493 29.0719467635328 28.0522877126614 27.1278176593729 26.33164128207 25.1497432557823 23.924528253494 23.1453653123968 22.6664560407705 22.442362251315 22.5227267741709 22.537564482 22.7035171145899 22.8840605770449 23.1848863435947
