catData/variables/futureClimate2070/rcp85/bcc_csm1_1_m_2070_rcp85/bio16.asc
NCOLS 409 
NROWS 350 
XLLCORNER 60.897278365 
YLLCORNER 5.843756025 
CELLSIZE 0.0892857 
NODATA_value -9999 
[rows 150 to 174 of 350, columns 112 to 167 of 409]
487.929517755742 500.259004872851 515.701753131984 528.071907957417 540.159594082328 551.141653539484 561.863200615041 571.980962953796 583.103460145477 594.654572180003 608.315547622632 629.578340786375 656.994616980851 680.357712008365 696.766707946381 709.008943820736 722.315657826894 737.694213147876 758.181741279916 788.181879282835 832.801796097955 890.216818404086 958.138444678765 1012.35265715415 1034.14407768723 1031.79625320423 1010.21061746193 999.728847758397 987.581703844474 981.361952403161 956.519688107804 895.955881474746 840.721257917131 810.925004882033 823.713209483 851.26428966366 891.403694612099 968.530351950855 1069.5956920163 1146.02914797393 1151.01838706011 1154.89571615774 1168.55917256874 1174.04407135444 1146.24103233716 1105.16041057139 1061.56341106274 1030.16540062016 1034.65950594313 1051.52609006566 1061.8372515915 1070.54667905134 1073.72400461128 1079.97495620258 1081.39706765957 1072.8429444968
499.388186040002 507.881636517721 519.482382064009 531.988149463906 544.396386351194 555.54751238 566.960983477233 577.51171778 589.558202288426 602.711075339992 618.444206096468 638.667887810588 663.771917200001 688.93753363179 711.744565051413 732.60935433654 754.103464185966 770.770252757175 782.448463597709 799.955569806755 827.534473141703 869.478045109427 924.36097802912 972.426628123992 998.939025594485 1001.84943945477 992.2485112746 991.14173264 992.103772988946 979.244443380119 943.915196087353 901.619481113511 865.213482978398 845.875852643393 836.596542701439 856.054261248468 913.724871346536 1005.52637352248 1112.73213299324 1192.44516546512 1201.13676678 1198.38943656055 1206.23866490482 1191.313243118 1164.25240449492 1120.31491522042 1070.57554224276 1042.5461166603 1050.16350492619 1067.81153134196 1075.41778487117 1081.8381795434 1081.00768102733 1084.60313556 1082.1417317979 1069.59465740212
501.970583684579 513.478394673784 524.2980153 537.033641394785 549.026907726451 560.601044680001 572.510813797826 584.940782190144 597.923619931376 612.152842020004 628.704797760001 650.041478565206 676.225124516301 704.22537205259 731.41815971505 758.077201979962 784.910130104893 803.177127397551 811.943458854207 820.582497225924 833.495062627797 857.145411601946 895.628907128078 935.479833030163 961.496935906782 968.306509224536 965.066625958794 970.189785618116 983.570392595976 980.37863289563 968.72433231066 937.497187377511 910.490083660002 889.482603429887 861.781465832353 861.269650595412 917.790524475069 1010.66523816313 1101.17462275541 1170.6007702837 1187.7706294646 1202.22160527199 1222.33328185201 1204.95658826338 1177.82786722862 1142.94440984924 1100.26207284893 1079.17947652123 1083.9743091763 1093.98978045597 1089.82761043997 1087.92025222707 1084.10381107446 1086.43695673323 1083.05847918 1072.56630742617
504.681734452277 517.011306660001 528.770500368978 541.547514780003 553.33322718 565.253367981651 578.169879339209 591.926213316766 606.371276508648 621.421484908122 637.942565049439 660.588527707 689.219204513663 720.505527026334 751.328640379013 782.617247488908 815.658829108706 837.833699740001 845.5573109909 843.272508040679 840.207071934865 850.69124670398 876.637790919741 912.698701044631 939.901683471474 951.844229545608 946.482945637832 947.710448240407 958.886258158097 968.096731579443 977.213736788873 972.052478642983 963.067046577168 939.689663399381 915.304052703284 912.055628234858 950.621753466879 1011.64311590409 1095.77201923475 1169.08304237723 1186.32137951916 1189.06280427686 1200.53623088717 1195.18613319029 1175.05359680479 1159.49653415121 1134.13881722151 1114.47838794371 1113.99198299034 1113.67530693813 1098.54429420953 1089.41728905349 1081.46711101942 1077.39521973583 1074.9021318958 1071.83883073673
511.0639343586 523.071941119917 534.007466146032 545.817454952151 556.789086801737 569.56483056 582.653577140001 596.58214634 610.236599008183 622.489072266531 637.49039784 664.061702972482 699.305724356859 734.964331000081 769.231320801741 803.308026008926 844.462496646771 877.759985682234 885.199453390509 868.354019140015 849.344221089517 849.213796597767 873.424082876699 909.62543420215 943.407661694779 962.105781373218 959.541659401564 956.118006812492 960.46296523026 969.501618931161 987.077238419076 1002.72926295558 1016.3547082053 1019.95323734816 1002.60263042259 987.017750162101 999.223075214664 1031.43692755959 1112.17468273442 1175.58876397549 1196.72578832194 1195.25653165639 1184.12255806661 1170.78667823746 1159.01384637394 1152.71886647186 1141.76592326872 1130.30173240124 1124.80084495775 1112.24102837305 1093.48780167591 1080.95082417435 1075.87164589182 1069.10868143588 1064.85202758811 1069.0925283383
518.511151860003 528.776200302508 539.369441300001 549.102506890835 558.942034840622 570.746921630411 582.7834142002 595.659729389989 607.058298519112 610.435528613938 621.226100504503 660.157002842821 708.553990110654 749.365221362553 784.446509960008 819.5910306917 862.496111741908 912.651221428482 922.802736409718 891.491455414598 859.957562084231 851.234801110734 882.438466059039 923.249268826776 960.765987014378 989.47540125947 995.727557000082 995.043260828457 988.27597249788 997.857966618597 1023.00970373401 1052.67281822112 1085.39646732562 1106.58584044568 1069.11628811456 1030.03047615766 1029.52358426287 1067.28170921069 1160.19492310473 1206.39141373302 1199.07135926764 1186.85203939694 1168.20814886306 1149.4831731896 1142.54385883905 1133.25221963208 1127.90235745761 1123.34518432156 1115.47621117673 1096.90867082454 1076.67849393629 1067.23458623857 1065.62578517798 1066.97097393677 1066.31745023008 1080.15754716166
528.332344460002 539.34693358518 547.108828992105 553.512363529517 562.189679851912 572.903314434238 584.161641649904 589.688851337222 584.532803227314 572.936008858249 589.143649831262 651.61097576836 717.717269074568 762.929904934437 797.504777687191 826.925161357473 857.631641790601 895.816807572049 916.079306476525 905.833539726882 887.125979547523 885.579642051842 910.598902958369 946.468160590157 980.39630322562 1006.21869234556 1018.88887796 1021.88177063786 1020.97387225309 1036.02984056455 1065.66197692 1093.25289844294 1119.9110410596 1127.40308279925 1098.33577989482 1074.34920516642 1082.77482819784 1099.55737839566 1139.74183989192 1169.81370057497 1163.83110796 1148.17771004684 1140.01133743792 1124.71528310373 1116.54685162515 1114.40346860948 1110.24317251795 1102.69935640375 1095.25117672932 1072.48175674639 1054.82977723548 1051.70871290138 1056.79887833732 1070.75401760291 1084.14935424221 1104.20815186872
542.459712870375 551.635886433928 556.999351953188 561.107943309195 567.73805474134 574.932564647182 588.112517841571 588.534340549769 570.914173467757 559.547843915936 577.645607188151 639.838792097024 712.246723585459 769.183951966159 810.707672806262 835.566182918505 845.928128613557 867.69185755726 894.092968032834 908.776155411075 915.641381428772 927.937913923353 947.924537765424 971.685515351193 995.493113252802 1012.74176752519 1022.82411920369 1024.95116804534 1032.0773866834 1056.82947932243 1087.31929722175 1107.87963527204 1115.76023531146 1118.69785244685 1104.77262446 1094.11804890832 1083.5172947275 1080.84183813744 1083.30495987148 1094.65553914589 1091.61831797094 1085.92324932754 1095.79158303143 1096.18993972713 1100.01382038142 1102.90916952833 1090.42574236969 1087.61437555562 1079.10898199729 1056.58746706354 1037.56524545439 1037.64856747707 1050.2384739364 1076.65518247498 1106.66159285645 1130.62212038289
558.604614824457 565.772920541054 567.516028090365 569.385241133765 570.124584795384 572.104048454006 576.759971421043 579.121628169155 564.075117234418 554.08696519652 574.092356074902 632.099649840086 705.212332600003 774.476745615243 832.860001624263 866.635367508065 864.931947881851 866.143340376815 880.468181622924 907.621361023625 943.665832631627 970.411105817095 986.099171418492 989.427173718354 989.92638004931 998.682094855306 1014.21455666847 1026.98564558319 1038.58376631727 1058.6339923438 1086.54958638874 1115.0467566418 1119.41350130144 1112.73765875871 1092.83175985946 1074.78418526327 1047.43124672555 1025.59337171932 1015.90444316391 1017.41051744794 1018.93547176316 1025.1423650847 1045.99334617699 1067.62199343691 1085.72950721903 1087.12193345293 1080.17503033153 1083.2916446825 1075.28045446 1050.98919743466 1032.33062512959 1030.52260481445 1045.5538873531 1075.6239748 1114.30273774732 1145.0803367751
575.905910540002 580.10501884 577.390624481083 576.852763165565 575.606905 575.349515167191 573.226648035074 568.561270486009 561.191008284229 558.498418797971 581.185203678628 636.067238054307 705.849407961393 781.335798199207 857.507606776346 914.001584113402 904.634490696898 884.223557476723 891.532180162216 928.120272416237 983.153610569348 1020.29731580992 1032.17947055966 1010.45156382541 980.668799933886 977.157757849344 998.96971096868 1022.64653909526 1042.56901441888 1063.28797414726 1092.11579323375 1129.34006596019 1138.99648522885 1127.34823264062 1088.52454143261 1052.88344985609 1020.01998706309 976.488440211824 959.062328035059 963.712642400001 965.368266188621 971.890214627759 1002.85131675477 1046.58246916672 1074.86310895369 1073.60478690304 1075.10299943501 1081.19181728873 1073.96365053429 1054.36550111643 1040.53608538373 1033.13245022375 1043.0872527114 1071.92127036057 1113.64961342321 1148.23542527605
586.981724959342 591.573691444127 590.177246943443 586.363803668498 583.581166262029 580.857053042249 572.900108717437 566.096272589375 566.164046704653 576.453625460876 602.189102385378 647.833994305515 708.174124141261 778.841368335578 855.514075545447 916.8706904838 898.155595876602 883.581528442137 908.491893374041 960.434858940991 1022.25755858511 1069.53044574083 1085.17052483377 1046.59408610639 996.375280313209 979.844776449529 995.70982379848 1023.87732004 1052.0273170792 1081.04227025684 1118.26253836421 1159.24445553371 1179.11103719293 1170.23508488895 1120.62791650228 1069.8583832746 1027.03292892588 972.203668166266 946.997233596698 946.394814157624 943.703659803774 946.824659056776 981.751273823511 1034.51305078305 1060.20023217336 1064.75265295272 1072.5463923401 1078.28490882313 1075.70044630453 1065.14885666222 1054.32220917439 1047.16879026424 1054.41437014868 1080.503834769 1121.02293846183 1153.08197933354
595.845505407445 600.762639299274 602.06518943331 600.276596697067 596.123460673815 588.028514166593 577.58140054631 571.873954119496 576.617453740002 593.404484786093 619.559665957227 658.14050884301 708.380770103422 765.225912217242 821.702577668177 857.765082253803 853.205694761965 867.454023803049 914.332918677714 974.899964092212 1040.24360796809 1094.83989598219 1114.47442503529 1075.14607708609 1023.81413675184 1004.17259765043 1014.27940578498 1039.7401438137 1070.98228946265 1109.10161332644 1156.3968022566 1204.17278131418 1230.47444405 1225.36944831086 1175.03754391033 1112.88571713787 1061.42542210673 1011.6772331491 979.720442103746 961.74683894332 952.518080283193 953.453566157406 978.406464507285 1021.91896512129 1051.67747380387 1056.50550574085 1068.81819245677 1077.87091802621 1079.08881615667 1079.83980400446 1075.15496254957 1073.82065813693 1085.0771469 1106.57947226099 1132.65774893765 1159.11828392766
618.492624994257 616.697737229757 615.741665493887 615.162878163232 610.251486931359 598.445185556884 589.626880512505 584.75225747637 590.472716519134 606.791018809277 631.325064800279 664.455365393863 704.347127431465 747.435092403145 786.636565765842 814.528485724688 830.052497932605 859.448204598674 911.336441654167 974.59192446 1038.94434499036 1086.61813091285 1096.72608438382 1067.32012216316 1026.4797537897 1018.31066103276 1038.94609122531 1068.86008867043 1104.47754495561 1150.47376386239 1206.16945081917 1256.02315467426 1278.12826621455 1266.31047683284 1222.97351729333 1161.26551249594 1105.40318877839 1053.10777680364 1012.62943405311 983.819889102375 968.172729437152 963.575393153713 975.232530152428 997.95811931248 1019.84061109802 1037.31983681071 1055.1559869213 1064.0814854499 1072.4909974022 1084.62473622123 1095.037825907 1103.32445048802 1117.29383690512 1135.72045560322 1146.01239486114 1162.25739294126
647.319385893238 643.492633616644 640.725734444494 634.976031543597 622.38157426 609.219594074614 601.005940593018 596.577486188029 600.092693024736 614.486976564644 637.645254649075 667.259994067432 699.076096843128 729.87185194481 758.10384314747 785.023257 811.166884342411 846.93828455756 896.938121879756 956.844986128512 1018.58523736523 1060.27673649644 1064.63579345341 1046.50867609946 1022.58155199976 1030.10632983344 1062.99771605455 1103.20886611458 1153.66976984591 1213.06926389547 1268.02882714458 1312.229039327 1324.3981847143 1310.03029691319 1273.56641933131 1213.18037317309 1147.5904664188 1084.24165394771 1031.89461289446 993.988018561274 970.387306738717 956.352094559185 952.860003118322 955.950436284221 967.881409505827 992.42498410862 1010.5793877694 1015.84626059107 1037.90413479262 1072.69201479382 1102.93620693518 1119.3844145753 1142.43221128078 1165.18157443914 1163.45787879303 1145.92174149952
676.178725313895 670.501870926265 669.046383299334 652.840848301012 635.706625296332 623.197369449368 612.186150265204 605.825455371153 604.950378406173 617.307920031751 641.93715094213 668.990822010714 692.826370801718 712.462301247369 733.086212591682 758.316003553186 789.279607775854 826.611875955555 872.857729166946 927.86601471376 985.394544577194 1025.36878996627 1042.91532205902 1053.40930830846 1059.22241070557 1071.12343827376 1096.06589966992 1141.47193328089 1202.00214372001 1267.07475089928 1326.29886350873 1365.13184380547 1364.99135043508 1355.67540297266 1328.68494230733 1264.38458314266 1182.11651398952 1107.94893287533 1047.27606468992 999.265561611131 963.022775137727 941.419849020001 927.79053561127 919.270767268888 925.115881907524 939.474776273461 952.737125703037 962.485334388783 990.392057550704 1040.8234205475 1078.71130196243 1078.20620879897 1126.64059996819 1167.1581084839 1144.45776450596 1102.32951232403
699.494059390478 685.580122092338 683.592355442287 668.036008954331 643.74750910419 631.613217497143 622.919275519334 618.656318372477 616.744051720571 627.869545243197 649.933317856658 667.406788578276 681.433720934659 692.73976215742 707.59355793771 732.795304268099 769.257898665152 804.746106867003 847.269858675521 900.096314299999 957.374636280028 1004.92963460833 1044.94190114121 1090.05999134698 1128.92716532673 1143.01743135187 1151.0124450388 1188.87604081387 1246.47937660304 1308.80151739457 1361.42721110088 1384.00784208033 1379.54011482462 1380.58102094611 1365.34738109969 1294.18603788278 1198.40624059295 1119.74983951999 1054.11645955596 998.225354467622 953.840516336161 925.558318744524 903.249454336708 888.09508675861 888.224231550816 898.561485893362 912.775529070918 920.424564048264 928.642090508156 957.627711457127 991.529460334541 992.268620735611 1021.1138737087 1042.49046126769 1030.25740511322 1011.73869105311
710.026718108479 692.914902311912 685.535560716921 674.121173034591 649.678195866905 639.353058573022 636.173229584467 641.471993037196 651.025177569964 660.893978240796 664.832081863683 667.194154275127 670.982238376869 675.598167731606 684.257910051111 710.858314383853 754.49329929761 788.015040087133 835.380373757227 884.639521058015 940.364227350908 996.468414781529 1057.37071969791 1132.75791129125 1201.92778271973 1220.42388134687 1217.3633816453 1239.35430472053 1282.78284693789 1338.18893408886 1377.57617070839 1377.22196276187 1371.65704546033 1371.27633124942 1351.83063446523 1286.9233759442 1197.73214363141 1116.62225564304 1048.82663512649 988.707621950331 940.685911267278 908.00697437152 875.695115374397 854.776097981164 850.48326438329 860.684781376862 880.002694920699 886.10390041533 874.470602062627 880.984022629988 906.307890276503 928.601183007033 948.682212340036 958.98305302277 959.442042394391 958.32924200061
709.882050659997 693.189515432706 681.364170044654 668.149320749385 659.355992977809 647.5355360111 643.135361326709 653.083089317936 667.755316808775 675.893854978257 671.752448232766 667.262290011996 667.587234479869 670.51632434 679.093656784782 700.488283391843 746.492858689297 -9999 835.285418532368 880.759286586075 936.886235321677 992.019701203517 1054.3374997 1136.77423565513 1217.16361020316 1253.13867167518 1260.50162507566 1274.36293117926 1302.98340692337 1338.23657664469 1357.63240542122 1350.57254119659 1345.35219223456 1340.5563481515 1312.43327268493 1254.04315148888 1175.72452503239 1099.92839186672 1031.825658261 969.768130354368 920.254205468237 885.39468476423 848.372602347948 820.302238008981 809.704296222353 814.507605287983 830.925182800001 839.196779585283 835.610107407133 845.878102228457 872.696881873897 896.920915544098 915.26639714938 926.49915825432 935.274114293265 947.124786788086
696.990487041082 677.870104195887 659.945351937041 646.094102890259 647.598200974953 639.722261478361 639.366485225398 646.12919849168 657.520007027187 664.567753045093 665.188013300848 665.361174989654 669.123966425161 674.925590872528 685.225668933301 698.571264578207 745.41237643642 827.435991003996 827.757900915615 877.284182676737 936.112014248047 984.003622736739 1027.25999564821 1111.21596897865 1202.25565175645 1256.41196824599 1279.85965501049 1296.2768216 1314.0120649678 1326.88520942707 1322.45783449549 1306.94370598062 1312.91491329003 1310.74216468004 1278.92860488063 1216.8045252395 1147.63817226997 1084.78440799829 1014.13497552858 946.745959589394 897.207638002836 854.42006754427 815.69833736413 786.907719399995 769.226425031139 767.127016982256 779.336738503783 791.962329649568 806.001458852065 827.666687941481 853.197928916567 874.098901683312 889.8142014 901.711852969084 918.239031895406 945.974222983945
678.659995426241 660.424985560065 643.135171068815 636.042054631608 630.29156671105 630.472840455492 633.261274503947 639.232427189082 646.060208673952 650.57035344 655.779842232616 664.892668682879 674.84062546657 682.982847935425 692.112854991587 699.23328656206 -9999 818.933207035557 819.1367841 869.742219232481 932.569885813818 979.820519891571 1015.26535604872 1093.30425130701 1185.15317762813 1249.6176691898 1285.09397019639 1311.31531158543 1328.19614066851 1330.04937556054 1309.37380165379 1292.43713493458 1306.68486132147 1306.62393473169 1257.81885406167 1185.90058393136 1114.96172752287 1044.9381709055 986.813529069608 937.518015423768 913.683948339649 868.074646731915 801.614785156623 761.431224167673 766.448235819821 749.049945761231 738.814299295249 754.142288706295 778.025044351265 803.684313020001 826.44986690733 844.530940436655 860.192831428213 873.137894673643 896.201128753071 928.006495784295
665.021309047173 653.153338937393 641.78613453045 634.116754937826 619.445278084269 620.452174466064 628.560322648786 632.25623479324 634.414782613233 636.599105720431 647.857230406795 668.316744268523 685.384196534694 695.905128640034 701.623457498607 706.620026848874 -9999 -9999 810.827255971182 877.391835542576 926.004190317723 981.44251672088 1025.00120034813 1086.98421007123 1168.14816869862 1243.55319534898 1294.22037002708 1332.75393977601 1360.84123008618 1364.23627735616 1351.93758097529 1330.96073252648 1334.46936966583 1298.24179234438 1239.24646519502 1170.16085733388 1085.90416357702 1012.0731183281 967.619654498488 991.450687864282 986.451179631813 894.033075893921 804.020789886791 759.697250046403 750.327885472873 738.415907117003 759.36096470993 745.104111055884 767.246938702349 791.190698972128 806.206257648587 816.393076479366 824.497057360001 841.637512010615 870.395481820004 905.543191023269
659.768620728149 649.98884728736 646.03703156 643.239942869735 636.277057744986 643.018454363454 642.545058945533 640.056256175975 637.345025374105 637.061003265003 653.720367060566 682.622425916571 703.60881452793 717.619668087878 715.052118767951 714.170480337304 -9999 -9999 800.337552009951 854.746405211642 922.046534024654 985.253931748224 1025.15302312743 1075.88517968423 1155.07973986611 1245.96222688182 1325.76730415642 1405.26337792689 1459.22309106139 1447.80608785877 1496.1953214352 1455.34207205035 1379.16164051541 1335.65603198589 1272.04463889172 1168.63616055826 1062.87467268974 994.268583565804 964.460985956612 909.491492103823 860.833506346575 843.545051603367 821.153733455813 795.593315109399 785.767646198431 758.357456581066 765.808114656068 778.568379194879 780.846022307113 804.565690592555 814.26379129808 808.746230843901 805.672514307091 826.411967200002 857.234701472375 886.411793495112
666.890026725644 656.495677735905 651.997814928642 659.940348972394 689.214844151727 679.224811252928 665.358733534176 656.059134050391 657.855519870362 668.240309880005 692.006721574117 720.397117532712 737.625328112682 746.105034107515 739.384597704533 740.129154537741 -9999 -9999 800.984664651406 848.895309874894 921.862314228073 987.566276146193 1027.47316050838 1075.77582305551 1162.93637903645 1268.21094225393 1377.12912830897 1474.24764333941 1518.0061482753 1522.44391979389 1522.9960414495 1495.70393848218 1433.58477070006 1345.44793082225 1298.54103435528 1229.60711003923 1112.51118562325 1006.05271303917 907.904317554932 822.236267884848 773.198787399992 744.909020159545 731.336776162829 741.038571451842 775.955114967815 778.276228210259 787.88903358674 800.253987320734 821.260904728946 856.425681071973 862.021374010874 834.503755017235 816.163212032401 833.949147921353 862.420383728496 888.907400913695
675.161083812218 658.674537116564 652.084619546328 660.58682756001 696.963410129139 694.814241637915 681.002154460525 676.42493928156 679.988149346765 689.489018055616 710.28676114216 737.368542995758 763.348013833287 778.457287081259 768.512248029207 760.290359146484 -9999 -9999 -9999 883.007871893728 943.76378882064 1009.99325089635 1057.69791794382 1125.65622448998 1229.39169676603 1341.0840440431 1443.54348688548 1531.75733468199 1585.33414314526 1600.11758875321 1577.92929951758 1532.89850227736 1452.62339060837 1346.04888049553 1231.48593567998 1121.95671420371 1017.74510294678 922.126812997362 845.190045548173 784.648112940121 740.788288299994 715.046024872964 706.279917390965 715.993990111348 753.057608087823 783.742715890559 799.100170747644 808.505359558831 828.278970736867 860.492041639983 876.686953155121 857.59824961471 847.518251068167 857.183807651173 902.39816653537 926.329252873201
684.428475579993 661.679169626598 656.857915733767 671.284298729835 703.345097981613 697.994909595059 684.820134113717 681.164770804157 684.279730603874 696.803232600173 711.271962864043 729.628161444888 763.091075494561 787.699535935027 787.28085945876 773.764218267505 -9999 -9999 -9999 912.910458527727 975.468144968715 1035.60969997483 1106.22507061112 1199.47069100492 1325.35077857843 1445.76134012982 1547.88165922991 1632.12940132114 1685.04346032175 1686.48482730521 1644.69008765429 1562.10588555536 1451.0214367213 1333.13963588022 1215.05606353881 1097.55400646326 985.465091542757 883.069417183369 801.571152545672 744.525934771349 704.679134845951 683.109860399864 681.602991631144 699.717540204785 724.038528080911 750.690243336748 774.430236172045 796.476923370492 820.902861004135 852.907776501312 877.994572659672 887.406474634171 903.552145492363 908.453000794565 964.553537902413 969.800354062177
