catData/variables/futureClimate2070/rcp85/IPSL_CM5A_LR_2070_rcp85/bio11.asc
NCOLS 409 
NROWS 350 
XLLCORNER 60.897278365 
YLLCORNER 5.843756025 
CELLSIZE 0.0892857 
NODATA_value -9999 
[rows 130 to 155 of 350, columns 58 to 115 of 409]
24.7 -9999 -9999 24.683981302 24.6 24.5756472169825 24.482192172 24.3217020586081 23.9829083824035 23.4271061819999 22.953992888047 23.247707325579 23.5602533919239 22.9894470289004 22.6923407832983 22.3592584770293 22.4194494155322 22.871315696 23.0760862909299 23.3140083529123 23.6097780422105 23.7839304557428 23.949438758462 24.0651063773334 24.3373337940001 24.512439958 24.53927878 24.364385064 24.22611224231 24.1165145738947 23.930403402 23.823260562 23.7347300894913 23.689335492 23.5895469629181 23.5305216588772 23.51963939 23.4723268735321 23.4263132282632 23.41963939 23.41963939 23.3493667543508 23.396714652889 23.41963939 23.428514528 23.5325115348305 23.6 23.6059514535789 23.6497316242165 23.7 23.751732178 23.8115626943976 23.8726917433977 23.973160698 23.9512387120232 23.9736266504326 24.3197609411581 24.5231035060001
-9999 -9999 -9999 -9999 -9999 -9999 24.5725819820534 24.3810698441092 23.9690459574561 23.4003100319999 23.4046639362081 23.7481797850399 23.6016519007679 22.7016188765733 22.624270038496 22.682079468 22.8022193671467 23.058819146 23.3132243098987 23.5615797380613 23.633034817776 24.0011217836134 24.178514888 24.301425899288 24.5339382908747 24.6803492130373 24.7 24.5485265026373 24.3629360644746 24.225049692 24.117906852 24.010764012 23.903621172 23.796478332 23.72678223 23.682192652 23.62678223 23.6110141229893 23.551663020848 23.52678223 23.5482893725226 23.53014430564 23.4575259381973 23.52678223 23.533280408128 23.6 23.6062029835466 23.648969892616 23.7100290072213 23.72678223 23.778514408 23.885657248 23.92678223 24.019536994408 24.133867998 24.3050371259174 24.515960666 24.630246346
-9999 -9999 -9999 -9999 -9999 -9999 -9999 24.4216397679999 24.044801306 23.6665873839771 23.8100744928021 23.8933899531915 23.4917969157394 22.9643168796284 22.807185272 22.969582918 23.0797368176195 23.2283778529106 23.4216190608812 23.590795224147 23.7187484995019 24.1016195940001 24.2844821171213 24.417750996 24.632036676 24.7 24.7 24.612553142 24.505410302 24.332192532 24.225049692 24.117906852 24.010764012 23.903621172 23.8212212379208 23.7705374675492 23.7163748109808 23.6610982144892 23.63392507 23.63392507 23.6869857351009 23.612553382 23.6 23.6 23.6030108967791 23.63392507 23.6492285642809 23.7102805371891 23.758667817341 23.815126964129 23.868107070401 23.958875018 24.022396604539 24.180246466 24.314228608 24.421371448 24.623103506 24.7373891860001
-9999 -9999 -9999 -9999 -9999 -9999 -9999 24.4810198828883 24.084445886018 23.9967161403747 24.1149714454111 23.9516295212989 23.6268773488032 23.3378430415042 23.210749612 23.224936508 23.3300198735635 23.4225969039148 23.583252930035 23.8016708678799 24.057029776 24.2975931676746 24.410580773428 24.499886816 24.6870601443667 24.74106791 24.7080887281614 24.612553142 24.505410302 24.398267462 24.291124622 24.183981782 24.076838942 23.9821412795571 23.903621172 23.84106791 23.789335492 23.74106791 23.74106791 23.74106791 23.7080888267243 23.6484658803783 23.64106791 23.64106791 23.6462982143138 23.7 23.7095116638915 23.7589264890059 23.8 23.844589338 23.9212453243021 23.999942928 24.107085768 24.287389306 24.421371448 24.528514288 24.730246346 24.8445320260001
-9999 -9999 -9999 -9999 -9999 -9999 -9999 24.6144405759999 24.3391911687352 24.3310560277108 24.2985748704068 24.1724312506569 23.984023734 23.811896955799 23.7438555805343 23.5912342369214 23.491124382 23.4552047722207 23.8029499085245 24.0716396282109 24.3014727370539 24.4641040503186 24.5731514524167 24.6574038576959 24.766018338 24.8 24.719695982 24.612553142 24.505410302 24.398267462 24.2954035082991 24.232192532 24.125049692 24.033601013495 23.9806066152403 23.9267137800244 23.8732081687109 23.84821075 23.8163829298185 23.8 23.719696222 23.7 23.7 23.7 23.7 23.7 23.723160818 23.8 23.8180532375345 23.892800088 23.999942928 24.107085768 24.214228608 24.394532146 24.528514288 24.635657128 24.837389186 24.9516748660001
-9999 -9999 -9999 -9999 -9999 -9999 -9999 24.8016192038861 24.6605216354919 24.596477852 24.4598600869899 24.3702097086421 24.2836476534517 24.2270187800938 24.1166965070765 23.9064680008297 23.6768370447908 23.8321002537375 24.112383366 24.3234243273969 24.5135288146695 24.655296998 24.7338039545946 24.75535359 24.7848284078587 24.7595026614907 24.7087935488772 24.612553142 24.505410302 24.398267462 24.3 24.283981782 24.176838942 24.0864703974529 24.0346254761791 23.9800923541888 23.95535359 23.9227640210752 23.8705252892927 23.8148563843393 23.719696222 23.7 23.7 23.7009588891325 23.75535359 23.75535359 23.778514408 23.85535359 23.892800088 23.999942928 24.107085768 24.214228608 24.321371448 24.4611779131879 24.6247544291801 24.742799968 24.944532026 25.0588177060001
-9999 -9999 -9999 -9999 -9999 -9999 25.062552782 24.9386870783849 24.8754259607711 24.8654087863862 24.8252263963868 24.6478741832252 24.537301995612 24.52499286 24.3949283183892 24.309016594 24.1280151152192 24.3135187123911 24.4818333316084 24.5988544236077 24.6530807672142 24.744589818 24.8 24.8 24.8 24.726838822 24.7 24.612553142 24.505410302 24.3993502363984 24.356949635601 24.283981782 24.1913137764002 24.1435575755992 24.062553262 24 24 23.9779196764033 23.9212374755961 23.826839062 23.7698832164051 23.76249643 23.76249643 23.763146103593 23.8055466444076 23.86249643 23.8711825635912 23.9189387044094 23.999942928 24.107085768 24.214228608 24.321371448 24.428514288 24.5813799524131 24.7354130915863 24.849942808 25.051674866 25.1659605460001
-9999 -9999 -9999 -9999 -9999 -9999 -9999 24.9939970211162 24.951732898 25.123001902451 25.1629429542164 24.9707433634168 24.828613552 24.80891781 24.714327872 24.7066589479499 24.5812517824168 24.6297995887835 24.7463104791503 24.76963927 24.76963927 24.7831770642505 24.8 24.8 24.7540253113507 24.7081484622826 24.6440768680841 24.6038112255491 24.505410302 24.3987934731843 24.3276661004489 24.283981782 24.2 24.169696102 24.088630896982 24.0385874133847 24 23.9589997001182 23.9103171535151 23.826839062 23.8 23.8 23.8 23.86963927 23.8723338266853 23.9 23.9161290245812 23.999942928 24.0810083001522 24.175641027481 24.321371448 24.428514288 24.535657128 24.6650120899859 24.8362263356474 24.957085648 25.158817706 25.2731033860001
-9999 -9999 -9999 -9999 -9999 -9999 -9999 -9999 -9999 -9999 -9999 -9999 25.073259962 24.9864204930218 24.9548203222441 24.95316190551 24.9235314432241 24.8572833679581 24.87678211 24.87678211 24.87678211 24.87678211 24.8370606836285 24.8 24.7846719349033 24.7206074138307 24.6813551014352 24.6096385672989 24.505410302 24.398267462 24.3 24.283981782 24.2 24.1929640742966 24.1480297144374 24.0896472408285 24.0370608679056 23.941124742 23.9 23.8830135738922 23.87678211 23.87678211 23.87678211 23.9 23.9 23.9122989414877 23.999942928 24.107085768 24.2055343212855 24.2742696268971 24.3914532358174 24.535657128 24.642799968 24.749942808 24.9373891860001 25.131371662147 25.2701150585871 25.3789163153212
-9999 -9999 -9999 -9999 -9999 -9999 -9999 -9999 -9999 -9999 -9999 -9999 -9999 25.096477852 25.08392495 25.0824707169299 24.9985732399687 24.98392495 24.9644868422341 24.9 24.9 24.9 24.8916839493602 24.8345137177412 24.8 24.726838822 24.7 24.612553142 24.505410302 24.482192412 24.3764762934512 24.283981782 24.2 24.2 24.1939804181431 24.1465031689583 24.048267582 23.941124742 23.9 23.9 23.9 23.9 23.9 23.9 23.9074484551289 23.999942928 24.0876480630739 24.130303658 24.2688734527233 24.4213465296218 24.5278980514796 24.642799968 24.749942808 24.9184857272162 25.0610622718853 25.258817706 25.378514168 25.4842033791895
-9999 -9999 -9999 -9999 -9999 -9999 -9999 -9999 -9999 -9999 -9999 -9999 -9999 25.203620692 25.19106779 25.0998452246302 25.09106779 25.0764801343073 24.9979311842239 24.99106779 24.99106779 24.9504608281824 24.9 24.841124502 24.8 24.7934650899426 24.7179366955262 24.612553142 24.505410302 24.498267462 24.391124622 24.29856921913 24.2699755263388 24.2 24.2 24.155410422 24.048267582 23.9947411383174 23.9309465671514 23.9 23.9 23.9 23.9 23.99106779 23.999942928 24.107085768 24.19106779 24.2489683196298 24.422926877839 24.535657128 24.642799968 24.749942808 24.857085648 25.037389186 25.171371328 25.2863250621204 25.394589218 25.5015773469421
-9999 -9999 -9999 -9999 -9999 -9999 -9999 -9999 -9999 -9999 -9999 -9999 -9999 -9999 25.2053132559736 25.1965088578097 25.1 25.0997133705181 25.09821063 25.0684487451541 25 24.955410182 24.9 24.8989464995014 24.8333736043347 24.8 24.719695982 24.612553142 24.5983074403209 24.498267462 24.3998411866487 24.3824790371874 24.2995855629765 24.2684489808596 24.2 24.155410422 24.099074315632 24.0403888682041 23.9988186919598 23.99821063 23.99821063 23.99821063 23.99821063 24.0017013007793 24.107085768 24.1984972508929 24.2454927705419 24.3975057491303 24.4742229395988 24.642799968 24.749942808 24.857085648 24.8993919337457 24.9744698135818 25.1609595185821 25.287446378 25.394589218 25.501732058
-9999 -9999 -9999 -9999 -9999 -9999 -9999 -9999 -9999 -9999 -9999 -9999 -9999 -9999 25.3002896260462 25.20535347 25.2048783164531 25.1848390853435 25.10535347 25.075049332 25.00535347 25.0029663674703 24.9510368343262 24.90535347 24.839335132 24.8014368082841 24.8 24.712553142 24.6104741331055 24.5052607190979 24.4915997626986 24.4044959395048 24.3780788622917 24.3037311599117 24.2645579618848 24.2029663803186 24.148267582 24.1 24.037516161071 24.00535347 24.0813582093359 24.1 24.1050638182572 24.107085768 24.2137534801497 24.3008575176468 24.328514288 24.4643384887601 24.637446498 24.744589338 24.7510372886296 24.6433265955739 24.7355699622227 24.951674866 25.165960546 25.292799848 25.399942688 25.601732058
-9999 -9999 -9999 -9999 -9999 -9999 -9999 -9999 -9999 -9999 -9999 -9999 -9999 -9999 25.3172303138813 25.3 25.2922335067397 25.2104945938311 25.2 25.1734827610273 25.1078168195435 25.0609822638857 25.0060316366851 25 24.933981662 24.826838822 24.8 24.712553142 24.7 24.5984839653193 24.5113872152514 24.4859834681777 24.409602032393 24.369696102 24.3 24.2609824738946 24.160763892 24.11249631 24.11249631 24.1033538923886 24.1100350090406 24.11249631 24.195265576101 24.201732298 24.3011090647574 24.3265126318134 24.423160818 24.530303658 24.637446498 24.744589338 24.8064646133326 24.7168178882855 24.831539221618 25.0621716283798 25.2630684069506 25.387446378 25.494589218 25.601732058
-9999 -9999 -9999 -9999 -9999 -9999 -9999 -9999 -9999 -9999 -9999 -9999 -9999 -9999 -9999 25.3192988471294 25.3 25.2871274309943 25.2150904679438 25.2 25.162553022 25.1 25.0584271963036 25.0080765026345 24.9469471024273 24.846477972 24.8038681234489 24.7297269616129 24.7010625373252 24.6192988942634 24.5928676707985 24.5164933081397 24.476838942 24.3756475299841 24.3122849289541 24.3 24.248267582 24.2 24.1870346067066 24.1215680983552 24.1645327985829 24.1975346224789 24.2 24.201732298 24.308875138 24.4 24.423160818 24.530303658 24.637446498 24.744589338 24.851732178 24.958875018 25.0789832041594 25.192799848 25.299942688 25.389911802655 25.494589218 25.601732058
-9999 -9999 -9999 -9999 -9999 -9999 -9999 -9999 -9999 -9999 -9999 -9999 -9999 -9999 25.4280380987362 25.425049212 25.32678199 25.3224919281803 25.2830417585142 25.2186659387913 25.1725820679033 25.1148399494022 25.1 25.0568925319868 25.0091009653187 24.926838822 24.8412029960704 24.8033619812351 24.7307433054594 24.6987314701539 24.6244049871516 24.583981782 24.4830419342374 24.418666003068 24.3725822436265 24.314840013679 24.2621225530155 24.21101402429 24.133981902 24.1 24.1 24.187446618 24.2 24.201732298 24.308875138 24.4042899332662 24.449942808 24.557085648 24.6541995706503 24.744589338 24.851732178 24.9746429194333 25.1411368098722 25.273160698 25.380303538 25.4 25.494589218 25.601732058
-9999 -9999 -9999 -9999 -9999 -9999 -9999 -9999 -9999 -9999 -9999 -9999 -9999 -9999 -9999 25.4649302339908 25.4 25.383981542 25.3 25.2799764892995 25.23392483 25.189335012 25.116374613719 25.1 25.0563782709353 24.960763652 24.9066818284103 24.8422193399168 24.801835435756 24.7333370694288 24.6941355788983 24.617906612 24.5260674804473 24.4799766478799 24.421221087793 24.355410422 24.3 24.241124742 24.1563784295157 24.13392483 24.1066819098299 24.0391160355137 24.0945544756488 24.201732298 24.308875138 24.416017978 24.523160818 24.630303658 24.7127036607875 24.778514168 24.8681069545582 25.017750036 25.166017858 25.273160698 25.380303538 25.4296660350777 25.528514048 25.635656888
-9999 -9999 -9999 -9999 -9999 -9999 -9999 -9999 -9999 -9999 -9999 -9999 -9999 -9999 -9999 -9999 25.4 25.3905599494705 25.3315558645696 25.3 25.28462139865 25.2326545113098 25.1695127392697 25.1168888747705 25.1 25.0568844131492 24.960763652 24.9051552829312 24.8442560870286 24.7989789749885 24.7374227590517 24.6905600909081 24.617906612 24.5286225651722 24.4779317647876 24.396478092 24.3198223712927 24.241124742 24.2 24.1699545074133 24.1116074425466 23.750213528 23.7337961701351 24.1613760424261 24.308875138 24.4094397676543 24.4535583230834 24.4784779842654 24.6603787006756 24.844589338 24.9 24.945214241686 25.0699268440645 25.2210707520243 25.3722146599842 25.487446378 25.5557436300962 25.6613757038637
-9999 -9999 -9999 -9999 -9999 -9999 -9999 -9999 -9999 -9999 -9999 -9999 -9999 -9999 -9999 -9999 -9999 25.4 -9999 25.3 25.2806064010734 25.2267135313341 25.2249405782584 25.189335012 25.14821051 25.1129391329642 25.019695982 24.9547117182208 24.9026083341867 24.7991647345942 24.7471929769982 24.7 24.6880050061832 24.617906612 24.5301572466318 24.455410422 24.3732080445531 24.289335252 24.2163828482619 24.126839062 24.1 23.8345304490311 23.6984462242161 24.1508399562995 24.308875138 24.4077223488855 24.4353867194339 24.4388398079296 24.6402580790112 24.844589338 24.9249403468479 24.9461033848808 25.0448396999671 25.2074712703746 25.408817586 25.4934985431897 25.5456019444028 25.6508395920047
-9999 -9999 -9999 -9999 -9999 -9999 -9999 -9999 -9999 -9999 -9999 -9999 -9999 -9999 -9999 -9999 -9999 -9999 -9999 -9999 -9999 -9999 -9999 25.241124502 25.2 25.1673359849225 25.075049332 25.0069485846272 24.905410302 24.798267462 24.6852615428555 24.53393995 24.5467603714984 24.5925378474472 24.562553262 24.455410422 24.4 24.341124742 24.233981902 24.126839062 24.1 24.0219160290494 24.0107067 24.201732298 24.308875138 24.4248844654253 24.5656938793496 24.630303658 24.737446498 24.844589338 24.951732178 25.058875018 25.166017858 25.273160698 25.460607076 25.5484044996767 25.649942568 25.7561266558731
-9999 -9999 -9999 -9999 -9999 -9999 -9999 -9999 -9999 -9999 -9999 -9999 -9999 -9999 -9999 -9999 -9999 -9999 -9999 -9999 -9999 -9999 -9999 25.2779194450935 25.2212372440487 25.2 -9999 25.012553142 24.8462953446175 24.735771272 24.6164244490981 24.3899892240441 24.360664868 24.467807708 24.5468626410586 24.517906612 24.4301653997551 24.3779195351027 24.296478092 24.189335252 24.1123093883239 24.1 24.1 24.264228488 24.371371328 24.484521520035 24.6144746288228 24.692799848 24.799942688 24.8792188906038 24.951732178 25.0220803748882 25.103521668 25.210664508 25.398110886 25.579600842543 25.694589218 25.8010824702586
-9999 -9999 -9999 -9999 -9999 -9999 -9999 -9999 -9999 -9999 -9999 -9999 -9999 -9999 -9999 -9999 -9999 -9999 -9999 -9999 -9999 -9999 -9999 -9999 25.233981662 -9999 25.189335012 25.0212950283233 24.810820604 24.6298349546576 24.588429971148 24.453620812 24.3766709518711 24.430303898 24.5113691928902 24.5478748912006 24.517906612 24.46963903 24.403620932 24.296478092 24.189335252 24.108742053457 24.1658711810335 24.301732298 24.408875138 24.5271727425048 24.6766708790047 24.7092004845143 24.7156527120477 24.7221344924666 24.812454118 24.86072194 24.972713993938 25.1544700684284 25.360607076 25.574892756 25.694589218 25.801732058
-9999 -9999 -9999 -9999 -9999 -9999 -9999 -9999 -9999 -9999 -9999 -9999 -9999 -9999 -9999 -9999 -9999 -9999 -9999 -9999 -9999 -9999 -9999 -9999 -9999 -9999 25.296477852 25.1690314868286 24.964384344 24.8290153349252 24.758317724396 24.7665110873579 24.5002132596674 24.353522028 24.4519704356904 24.476116154373 24.4344249599366 24.42321813 24.4078899621828 24.3830133983059 24.3581368344291 24.3332602705522 24.3523075133248 24.4539659472016 24.485657008 24.5965189229554 24.7177833091677 24.7302464394184 24.585771632 24.4993344129259 24.521386568 24.7052704093497 24.9827254619064 25.2792774180295 25.4525122578475 25.5845316617243 25.7672165883988 25.8771840214781
-9999 -9999 -9999 -9999 -9999 -9999 -9999 -9999 -9999 -9999 -9999 -9999 -9999 -9999 -9999 -9999 -9999 -9999 -9999 -9999 -9999 -9999 -9999 -9999 -9999 -9999 -9999 25.2859426639806 25.1741294437364 25.0675709094921 25.0457522375042 24.9493132990036 24.7178040967594 24.5057806524544 24.3745926054581 24.3624043500535 24.3565837182175 24.3654861795383 24.289189005412 24.3549507900996 24.4 24.2532213588774 24.3115345083171 24.4189829421457 24.592799848 24.6864996464156 24.723160818 24.7902571981918 24.730402922 24.6981030272148 24.787431018 24.9629132058811 25.1944224081253 25.4259316103695 25.564228248 25.671371088 25.7937194191022 25.9014536246535
-9999 -9999 -9999 -9999 -9999 -9999 -9999 -9999 -9999 -9999 -9999 -9999 -9999 -9999 -9999 -9999 -9999 -9999 -9999 -9999 -9999 -9999 -9999 -9999 -9999 -9999 -9999 -9999 -9999 25.2805573200906 25.1741095827021 24.9825509626863 24.844745434 24.630459754 24.3854171582969 24.1723087555201 24.2163992688851 24.2516427479664 24.2661918972156 24.3707635522064 24.4731306831821 24.316174314 24.2133764040822 24.312397046 24.517807588 24.60893245 24.632093268 24.764126047802 24.9218242685788 24.9771855703222 25.0809785050662 25.2373366495454 25.3540499701569 25.537388946 25.671371088 25.778513928 25.885656768 25.901732058
-9999 -9999 -9999 -9999 -9999 -9999 -9999 -9999 -9999 -9999 -9999 -9999 -9999 -9999 -9999 -9999 -9999 -9999 -9999 -9999 -9999 -9999 -9999 -9999 -9999 -9999 -9999 -9999 25.3983072133056 25.298267462 25.1909657873478 25.082192172 24.9746348393899 24.835812984 24.6208571534321 24.3624583950937 24.2000620070515 24.2007359724953 24.266018098 24.373160938 24.4014371244415 24.3127780385796 24.2983072176007 24.4981840793783 24.607085528 24.7296730273278 24.917791988 25.025477145294 25.0970909262729 25.1420017527482 25.2490787622307 25.4149067927904 25.562438638 25.6708907691675 25.778513928 25.7997753391253 25.894589218 25.999942448
