catData/variables/futureClimate2070/rcp85/IPSL_CM5A_LR_2070_rcp85/bio17.asc
NCOLS 409 
NROWS 350 
XLLCORNER 60.897278365 
YLLCORNER 5.843756025 
CELLSIZE 0.0892857 
NODATA_value -9999 
[rows 168 to 195 of 350, columns 126 to 188 of 409]
1.73130053329905 1.98878602424513 2 2 2 2 2 2 2 2 2 1.41125461999989 1 1 1 1.87445898000017 2 1.98423098494829 1.08932689999995 1.23519175996353 2 2 2.37445778000003 3 3 3 3 3 3 3 3 2.99845344943606 2.82985834810781 2 2 2 2.3410064417163 2.91067310000005 3.38177538662851 3.92652694183125 4 4 4.73129397645266 5.70701499890902 5.8213462000001 5.82289253617947 6.08815186000086 8.23100866000022 9.9313608688113 10 10 9.96017079855688 10.4741925589873 10.4638519765308 10.0893269 10.7555707683811 11.8030233800001 12.8744517800004 12.05411982 12 11.9191896193384 11.0893268999999 11.5318269055736
1.99647458579255 2 -9999 2 2 2 2 2 2 2 1.49194221796651 1.00736084081603 1 1 1.7886575371641 1.99775300405354 2 1.98268421999978 1 1.00286684892312 1.2453541698596 2.29760560864206 2.98880373257538 3 3 3 3 3 3 3 3 3 2.99841165525068 2.82479812596685 2 2.5952065031972 4.33865838000017 5.40210612916402 5.44751054410754 4.98210150000008 4.98210150000008 5.70060438429428 6.76722878000028 6.97985441814083 7.91105420064193 7.9812041394248 9.12378326000106 10.9520380260209 10.9821015000001 10.6845006054449 10 10 10.0092590690973 10.5855616193707 10.3337509115318 11.4500955072508 12.7851248800002 12.9977528751843 12.05411982 11.983001217619 11.0163102411634 11 11.4631875600004
2 2 -9999 -9999 2 2 2 2 1.97995518401062 1.52444989109835 1 1 1 1 1 1.87445898000017 1.94936674313735 1.93008123197163 1 1 1.01239757729931 1.3403381475915 2.37445778000003 2.97613175737321 2.94647010000001 2.42075782569013 2.67836237204589 3 3 3 3 3.00092678350007 3.05352989999999 3.05352989999999 3.06592734882754 3.68067175212678 5 5.44588378000015 5.48268781999991 5.03151522437334 5.67836010051762 6.03916233459166 6.81356979029928 7.92126362481041 8.94877948008076 10.0346219600003 12.0887393800004 12.8312584547533 11.2764762007109 9.05352989999999 9.03348546942589 9 9.02769154079243 10.1994911640988 11 11.6924327738802 11.9464701 11.9464701 11.1018556628947 12 11.9207631833311 11.4188169232252 13.5043202681163
2 2 -9999 -9999 2 2 2 1.96213366392521 1.5473734275104 1 0.935356949618035 0.875041699999933 0.957535893253375 1 1 1.76518807243956 1.04735079899631 1 1 1 1.20266051526102 1.9129077361748 2.32766617238943 2.4848726990461 2.06464275048206 2.64013295808237 3 3 3 3 3 3.14443513053233 4.24991660000013 4.24991660000013 4.45257501516105 5.12495830000007 5.17174960771075 5.58436662170744 5.54733027058205 5.64013085798226 6.0824935934536 6.76513651511083 7.10034473632504 8.76459635224009 9.11819587919647 10.0324588093682 11.9526923579324 12.4497621335033 10.672385384939 10 9.67233802781078 9.12495830000007 9.57762592931805 10.5151704578822 10.7925484064462 10.9329211299787 11.1003444364251 11.2342283078609 12.1957967800002 12.3748749000002 12.4636118800006 13.5350402800003 14.577529114961
2 2 -9999 -9999 2 2 1.95451617649289 1.56009293126929 1 1 0.482683020000026 0 0.530524429919381 0.947290237842979 1 1 1 1 1 1 1.04548335217902 1.43990514005877 2 2.08756611546587 2.61210757677204 3 3 3 3 3 3 4.22761334243636 6 6 6 6 6.37445538 6.55411621999985 6 6.11562081966234 6.72690727257556 7.14367599518691 7.84170889705098 8.87445418000041 9.9458825799999 10.2102980337642 11 10.8398322199999 10 10 10 9.91243482719027 9.80361329999993 9.91923364833422 9.59912929219286 10.8559633600004 12.1957967800002 13.438955879384 14.5350402800002 15.3927734000001 15.4640836173303 16.3250977295677 17.0909638763896
1.94724925784205 2 -9999 -9999 -9999 1.9571027217138 1.56260840237487 1 1 1.11941569464162 0.611952821269639 0 0.176804506908134 0.803483169003052 1 1 1 1 1 1.04289663552995 1.43738984038135 2 2 2.32647112811481 2.87072955597419 3 3 2.80406653175934 2.94724797232955 3 3 4.75413506459627 6 6 6 6.08115520095143 6.44170086991953 6.52512993825809 6.26781510000001 6.69888206269329 7.35360644279128 8.07129475451562 8.48287752957332 9.41008438000043 9.97486950449804 11 10.9762342540713 10.6149124700174 10 10 10 9.55411861999973 9 9.5887381800002 10.6601665800003 12.267257777272 14.1803936404513 16.5187251509068 16.9893624950159 16.7368203990836 17 17.0428947072613 17.6689783486503
1.53060926124943 1.95741183916603 -9999 -9999 -9999 1.55491984082756 1 1 1 1.29462377751087 0.801618962904633 0.199728043320118 0.775457616264724 1 1 1 1 1 1.03010588622789 1.44507857335682 2 2 2 2 2.51731458000012 3 2.77604115044886 2.17734718996646 2.53060608961819 2.66075649999991 2.98164183121259 3.69538326000029 5.6908615720434 6 6 6.09742711342072 6.32815228111502 6.63386410587972 7 7 8.544295995367 9.09105384421797 9.80302578000011 10.8744541800004 10.3750019370284 10.9941273625563 10.6021213778587 10 10 10 10 9.70538097993589 9.33924350000009 9.72825607923334 10.6601665800003 12.2279726631956 15.3457395959742 18.3267032575725 17.0898798428438 16.0173085800001 17.0301034436748 17.4450738159101 18.0744604109892
1.08088882034067 -9999 -9999 -9999 -9999 1 1 1 1 1 0.695130567078903 0.757636096179264 1 1 1 1 1 1.00711110427267 1.46297133898559 2 2 2 2.15377928798241 2.59378482472449 2.91376525706746 3 2.61094245495016 2.41067190000005 2.41067190000005 2.41067190000005 2.57966011616382 3.02751664134027 4.64162612459804 5.24443359214383 5.68443912888593 5.82141768562781 6.00580435763021 7 7 7.48355842519151 8.98851219198725 8.85773071999988 9.39235388000006 10.1046685204366 10.5671035963054 10.1684543530473 9.58932809999995 9.65510450653138 10 10 10 10 10.4248891804826 10.8213438000001 11.7526222437257 13.8259096390662 15.357160385582 16.6200061120984 16.5989969413858 16.4208723325652 17.0158534116463 17.1786561999999 16.9470624199997
-9999 -9999 -9999 -9999 1 1 1 1 1 1 1 1 1 1 1 1 1 1.01731578000022 2 2 2 2.14609055500679 2.85655808000001 3.71302461885623 3.48268541999988 3 3 3 3 3 2.51012645262353 3.01731338000019 4 4.08295208817092 4.63784453510253 5.18188879796617 6.07288013103462 7 7 7.89364914975992 8.51789970000002 8.13900563637718 8.41588681055434 8.51789970000002 9.00777200441721 8.52624532865139 9 9.16016778000009 10 10.1460882409255 10.4821003 10.6970598470625 11.7494249598694 12.4821003 13.4841669537325 14.7315949800001 15.387137812405 15.9036737654737 15.9980625429159 16.0274549283894 15.5077422446789 15.1130151777477 15.2863059199998
-9999 -9999 -9999 -9999 1 1 1 1 1 1 1 1 1 1.40496280361259 1.10902822699227 1 1 1.55167491761426 1.49559375058799 2 2 2.30302937999996 3.37445778000003 4 3.76903388695843 3.22764256364645 3 3 3 3 3 3.01731338000019 4 4 4 4.1352928496957 5.19538205999994 6.69328076909454 7 6.93697096423063 7.25836507727972 7.44647129999994 7.44647129999994 7.44647129999994 7.97004445485999 8.56125755574501 9 9.24882524304543 10.5535287000001 11.024286081836 11.8997869287696 11.7526019393745 11.9446181599585 12.2188260794158 12.7412167311892 13.219578761794 14.1424372799999 14.7298315230038 14.363576846391 13.8947956115724 14 14.0715092454236 14.2148775199997
-9999 -9999 -9999 -9999 1 1 1 1 1 1 1 1 1 1.27438220323348 1.07387198248805 1 1.59113903393139 1.99350583965296 1.65823997462541 2 2 2.30302937999996 3.37445778000003 4 4 3.41125701999992 3 3 3 3.54649784831284 3.62495710000003 3.6314503602441 4 4 4 4 4.74891076 6.44588378000015 7 6.77919702552912 6.45997149749844 6.83225987697243 7 7.54649634841596 7.97970364586265 9.63577571985909 10.3053725055809 10.9950108773957 11.6249571 11.6628741717635 11.6096498684671 11.096386165811 10.5560724399103 10.5958449743679 10.337510008646 10.5823441770754 11.55310918 11.7500857999999 11.7500857999999 12.3815343600381 12.8055426056837 13.3750429 13.2881852971267
-9999 -9999 -9999 -9999 -9999 1 1 1 1 1 1 1 1 1 1 1 1.94588737999994 2 2 2 2 2.092004113694 2.93883924835424 4 4 3.82124909449877 3.6963855 3.6963855 3.6963855 3.96188319730845 4 4 4 4 4 4.21102359498086 5.44529626 6.83176228092286 7 7 6.79956312522175 7.42798288000007 7.6963855 7.35292525726706 7.96231341341452 8.62453998000016 9.75776519751168 11.3036145 11.3036145 11.0005899199997 10.3036145 9.85773311999972 9.3036145 9.3036145 9.10317835389649 9.22212284405525 9.54742404200703 9.60722899999999 10.9246234841788 11.3156679441377 12.0269418338143 12.3036145 12.4648930502823
-9999 -9999 -9999 -9999 -9999 -9999 1 1 1 1 1 1 1 1 1 1.67142175982402 1.98743580180141 2 2.06813901494823 2.64483116667723 2 2 2.74891556000006 4 4 4 4 4 4 4.67141991707064 4.04155026455485 4 4 4 4 4.30302698000011 5.74891076 7 7 7 7 7.73159738000007 7.38342564405751 8.37198614295197 8.7552485873082 8.78512488000024 9.80902200111749 10.2321860999999 10.410008866191 10.6969754199997 9.71248979705957 9.12865864131507 8.60280236030984 8.68422745806482 9 8.43827120518562 8.84875861318903 8.32858376843589 9.39768651006139 10.2494946800001 11.1640526133116 10.7103266101255 12.2315937800002
-9999 -9999 -9999 -9999 -9999 -9999 -9999 1 1 1 1 1 1 1 1.67393723092968 1.97981831436917 2 2 2.01426631026521 2.13500872443613 2 2 2.43465475145993 3.16075769999999 3.59490997794282 4 4 4 4 4.87445658000014 4.84794170615068 4.82471217914788 4 4.13442159025457 4.83924230000001 4.88795622034277 5.43465196564142 6.53496222906001 7 7 7 7.11760991213483 8.37953152769967 9.69351402273268 9.83924230000001 9.01731098000016 9.92552615862788 9.29517727607316 10.2315961800002 10.4426643745237 9.10056150017705 9.37420251487861 9.75608076957968 9.77312879571904 9.28520258101739 8.26840501999987 8.12909219161503 7.2863059199996 8.10663788000003 10.0027824875111 10.1464925471902 10.1859131981085 11.9754413697794
-9999 -9999 -9999 -9999 -9999 -9999 -9999 1 1 1 1 1 1 1 1.80303058000017 2 2 2.89490172650618 2 2 2 2 2.37445778000003 3 3.04621134931119 3.08932929999998 3.08932929999998 3.75557578377237 4 4.87445658000014 5 4.99845340788395 4.91067070000002 4.92497859006029 5 5 5.37445538 6.44588378000015 7 7 7 7.66624429816284 8.78543021080948 9.87445418000041 10 9.89645247545131 9.08140227330211 9.16016778000009 10.0206883246421 9.75923574638545 9.34100335741367 9.95050097155847 10 10 9.94102778152519 9.17907571999989 8.91067070000002 8.83255653460885 8.9058362143633 10 10.0808101676928 11.0708360800001 12.2043288107555
-9999 -9999 -9999 -9999 -9999 -9999 -9999 1 1 1 1 1 1 1.71850584253607 1.99647407010954 2 2 2.0175909319537 2 2 2 2 2.00670313127397 2.45580531608056 3 3 3 3.01309629450173 3.80655415285275 4.01565355979284 4.94685368756142 5 5 5 5 5 5.00670308831181 5.46378468000005 6.52595272639708 7 7 7.73159738000007 9.59167667581509 9.99775261683078 10 9.98268901999984 8.91284913476703 8.02076804741289 8.26325219994148 9.0124764872958 9.37445297999997 10 10 10.5781992367139 10.9820991000001 10.25050412 9.9820991000001 9.9820991000001 9.9820991000001 9.03489964084032 10.0887369800004 11.1601653800001 12.0041457370964
-9999 -9999 -9999 -9999 -9999 -9999 -9999 -9999 1 1 1 1 1 1 1.80303058000017 1.12554101999983 1.89525639326699 2 2 2 2 2 2 2.42201900750022 2.45684847618084 2 2 2.73159977999993 3 3 3.89525412173296 3.94739924194796 4.08399165437117 4.9464725 4.9464725 4.9464725 4.9464725 4.97033954403396 6.00693393228522 6.97798631139595 7 7.03916057875796 8.61659509756127 9.92126152612039 10.104158229801 9.21318338651806 9.15583250283704 8.94688721999992 8.08226147095008 8.28680443179435 8.96651603188695 8.97613308443203 8.97416279924896 9.55722449707024 9.98180956661097 10 10 10.046807217654 10.8981464773301 10.0163820949842 10.951222368697 11.1601653800001 12
-9999 -9999 -9999 -9999 -9999 -9999 -9999 -9999 1 1 1 1 1 1 1.80303058000017 1.12554101999983 1 2 2 2 2 2 2 2 2 2 2 2.73159977999993 3 3 3 3.01514997102022 3.87504409999996 3.87504409999996 3.87504409999996 3.87504409999996 3.92183450901772 4.44588378000015 5.45267097096719 6.39021807095956 6.91507221809597 7.64017997094449 8.67806988000007 10.7332206690715 11.9458825799999 12.9848521290856 12.0362165199996 10.96478812 9.6907028491081 8.212047090884 8.40582866175282 8.48487822913088 8.45266887086147 8.87504409999996 9.53521068000029 9.96646120916139 10 10.6559159616472 10.0405946383681 9.8772069091916 10.0776487708011 11.0552230892068 12
-9999 -9999 -9999 -9999 -9999 -9999 -9999 1 1 1 1 1 1 1 1.64532798166817 1.27261674933199 1.19638430000008 2 2 2 2 2.05951021267075 2.19638430000008 2.19638430000008 2.09479183832692 2 2 2.73159977999993 3 3 3 3 3 3 3 3 3.37445538 4.44588378000015 5 5 6.06104431396208 6.75090563935304 7.60664148000003 10.0835200959581 11.5424861683552 12.6072313999998 12.5359190410232 11.6119934826419 10.4665989273837 9.81599396005205 8.94477893363995 8.19638430000008 8.19638430000008 8.19638430000008 8.85655088000041 9.78430551196931 10.157701184365 9.3219325199997 9.95650846296686 9.01390944663281 9.82104224970141 10.257422827929 11.6072313999998
-9999 -9999 -9999 -9999 -9999 -9999 -9999 1 1 1 1 1 0.823197077508957 0.928119655151679 1 1.87445898000017 2 2 2 2 2 2.30302937999996 3 3 2.62122883441907 2.11013985292012 2 2.53566806759876 2.94724844506193 3 3 3 2.97623382429536 2.77508290836529 3.06202504102601 3.26781269999998 3.54198417365266 4.44588378000015 5 5 5 5.33973524069861 6.26740038000015 7.33882878000045 9.10282039236712 10.4643746 10.4881401329543 10.4547467056147 9.23159618000022 10.3030245800003 10.5519438307905 9.68402540374235 9.3970832710817 9.26781269999998 9.75117828576067 10.1959304269003 10.8557762204391 10.1255482199996 10 9.26317724245698 9.06497208979663 9.68929297713568 9.46437460000004
-9999 -9999 -9999 -9999 -9999 -9999 1 1 1 1 1 0.80027336966881 0.224543199318214 0.731602179999955 1 1.87445898000017 2 2 2 2 2.07856857121636 2.5394704597965 3 3 3 2.41125701999992 2 2 2.80302818000014 3 3.3208830610887 3 2.94136307906308 2.44507497194961 3.23159858000017 4 4.12703065501214 4.63386277600077 5 5 5 4.26840261999993 4.53060643106447 5.23856228207737 6.58828262690984 8.32739039589722 8.71939423511569 9.27002100774339 9.15302923714114 10.0665818718466 11.2474231391665 11.3661388098205 10.6581829588078 10.1395169122048 10.2239556367826 11.0708360800002 11.0668225652431 10.1255482199996 10 9.64345031999981 8.66075889999994 8.55492819969303 8
-9999 -9999 -9999 -9999 -9999 -9999 1 1 1 1 1 0.411254619999889 0 0.431155478540417 0.589330499999936 1.46378948000011 1.97777759740088 2.0071110627148 2.37422497197149 2.06577799334231 2.54715902134406 3.12444492396991 3.25689111071632 3 3 2.6530358052251 2.13955724946105 2.30044571585273 2.88391849883358 3 3.94588497999991 3.40355942289208 3 3.0657770077355 3.54715760695084 4.12444393836317 4.63134747632313 5 5 5 5 3.96795788975394 3.58933049999994 3.94844216087367 5.50332003381247 6.6066414800001 7.62577305681502 8.16016778000009 9 9.48160620724417 10.7431069180701 11 10.7875566513022 10.2423691340114 10.3890563006748 11.6213692246393 11.1969766199999 10.1255482199996 10 9.39336091999993 8.37422792879179 7.93422496347806 7.68443900183574
-9999 -9999 -9999 -9999 -9999 -9999 1.4820979 1.33600691522874 1 1 0.750602570307672 0.212989631332645 0 0 0 0.874458980000171 1.94588737999994 2.01731578000022 2.95403920281514 2.64227047999997 3.4820979 3.63903745226368 3.62554221999997 3 3 3 2.65809585593802 2.8609949624215 3 3 3.94588497999991 3.99103336413981 3.52488012578032 4.04714827257935 4.4820979 4.7851248800001 5.6626220523417 5.9641958 5.71480068437753 5.19826730273719 5 3.88950680054339 3.4820979 3.93497955617599 4.9458825799999 5.53521308000017 6.64942254874591 8.16016778000009 9 9.30302458000032 10.1939299846932 10.5179021 10.2499862785873 10 10 10.7577891529831 11.0070525902978 10.5471195867891 10.0260910515704 9.50893795006991 8.91126301999962 7.91705001335067 7.60204080500904
-9999 -9999 -9999 -9999 -9999 -9999 2.42532773800104 1.86470427996584 1.34625274206728 1 0.769031573866625 0.227640248166475 0 0 0.444498545734407 0.943949236298912 1.42231383833181 2.01731578000022 3 3.07151284443112 3.57467093353582 3.8322652684973 3.27928814946955 3 3 2.67411527662954 2.44647369999992 2.85143341930415 3 3 3.42231276679491 3.45605711117192 4.03962087086123 4.53513210710564 5.25639181014553 6.41007958000026 7.27423707899363 7.55352630000008 7.03621411999999 5.96478572000002 5.18810540712578 4.67336101084112 4.10903041119194 4 4.9458825799999 5.01731098000017 6.12835917932489 7.60664148000001 8.70286285321927 9.68881880542374 10 10 10 10 10 10 10.3585288196551 9.96244164168783 9.47063677627863 8.43689294575419 7.90244692442505 8 7.87180675185346
-9999 -9999 -9999 -9999 -9999 2.16017498 2.76839661999978 2 1.62553981999994 1 0.676700321959187 0.154239112334225 0 0 0.803030580000166 1 1 1.40318265809547 3 3 3.08686085902446 3.26139555526907 3 3 3 2.41125701999992 2 2.73159977999993 3.50185623532357 2.53196320076594 2.37504529999995 3.01731338000019 4 4.26026928679077 6.08815186000038 7.92798168000015 8.62495470000005 8.34629753603517 7.80598449825824 6.6682779274482 5.33983101999987 5 4.19697421999989 4 4.35474881598079 5.6314471016875 6.03328128739406 6.63531068689967 8.17371811761405 9.12884387097338 10 10 10 10 10 10 10 9.12554821999962 9 8.61846319842132 8.22773319457038 8 7.76840621999981
-9999 -9999 -9999 -9999 -9999 2.04863183088516 2.2332981997348 2 1.62553981999994 0.68949072840485 0.146550722215038 0 0 0.509475394075139 0.940196755304856 1 1 1.02257314344496 2.30361689999998 2.30361689999998 2.30361689999998 2.51464143903544 3 3 3 2.41125701999992 2 2.22212605724425 2.54742982662425 2.07623420799151 2 3.00525663476418 3.36541517585599 4.20880055352397 5.92809539709644 8.30302698000011 9 8.55411621999985 7.27950508084754 5.8397416301961 5.10317844081619 5 4.7561878020563 4.69638310000002 4.69638310000002 5.31567197391654 6.06179660453676 6.79364238968703 7.4648965657767 8.39502796360381 9.30361689999998 9.61412115763686 10.3602457882569 10.6963831 10.6963831 10.6963831 10.6963831 9.21297787864243 9 8.98794659740291 8.27667485321691 7.88846353616288 7.3945791089143
-9999 -9999 -9999 -9999 -9999 -9999 2 2 1.62553981999994 0.554111419999793 0 0 0.506889020282677 0.937681112770945 1 1 1 1.01731578000022 2.0681388019622 2.76781150000009 2.58998560414465 2.30302937999996 3 3 3 2.86330065058831 2.26092432246504 2 2 2 2.72626136532129 3 3.08874178000012 4.0371896738389 4.74916018689259 6.76740397999992 7.46437699999981 7.36084791394729 6.19756413999973 5.09548970784062 4.49311466521257 4.23218849999991 4.23218849999991 4.23218849999991 4.23218849999991 5.00401941047977 5.3890629964675 7 7.23159618000022 8.30302458000032 9 9.44588138000027 10.5173097800002 11.4520399450933 11.7678115000001 11.7678115000001 11.1512409140671 9.25109643999923 9 8.98269141999986 8.06813327371957 8.73062294066597 8.58939641238774
-9999 -9999 -9999 -9999 -9999 -9999 2.83923989999999 2.58492353925597 1.62553981999994 0.554111419999793 0 0.494098613836747 0.945369502890203 1 1 1 1.7938264302024 1.8420235865244 2.01426652325124 2.29518332002193 2.7683990199998 2.04871503343174 2.47502000984146 3 3 3 2.33982861999984 2 2 2 2.94588497999991 2.16076010000001 2.24950188000014 3.29518130584615 4.46319716000034 6.04871464760752 6.16076010000002 5.41235318212213 4.31595398442396 4.16076010000001 4.05463126875829 4 4 4 4 4.17528816512425 5.17747876000081 7 7.23159618000022 8.30302458000032 9.31425588148987 10.2851212800003 11.7906966880366 13.2672179800002 13.6784798 12.4505124042884 11.1969766199999 9.98497126440156 9.04541951232478 8.17250362189679 8.92797688000036 9.83923989999999 9.83923989999998
