catData/variables/futureClimate2070/rcp85/IPSL_CM5A_LR_2070_rcp85/bio15.asc
NCOLS 409 
NROWS 350 
XLLCORNER 60.897278365 
YLLCORNER 5.843756025 
CELLSIZE 0.0892857 
NODATA_value -9999 
[rows 104 to 129 of 350, columns 0 to 59 of 409]
-9999 -9999 -9999 -9999 -9999 -9999 -9999 -9999 -9999 -9999 -9999 -9999 -9999 -9999 -9999 -9999 -9999 -9999 -9999 -9999 -9999 79.8971882882546 79.2862651199999 78.5094678331421 78.321489 77.7327244199999 77.1092442190527 77 76.4693892746387 76.042583967805 76 75.6434095199998 74.6607445 74.5548986624197 74 73.8971891024678 73.6607445 73.5094686473553 72.9796635502008 72.0719823199998 70.3403633399995 69.1773312828694 70.0754856204259 70.9170605620182 71 70.649292093094 69.9714643213008 69.9445446317934 71.6494508857631 73.078983193362 74.1270425608752 74.1879804615686 73.3071611040124 72.2717247135437 72 71.7517950513438 71.3883070737875 68.4013989562308 65.1613335239746 64.9766620377618
-9999 -9999 -9999 -9999 -9999 -9999 -9999 -9999 -9999 -9999 -9999 -9999 -9999 -9999 -9999 -9999 -9999 -9999 -9999 -9999 -9999 79.28626512 78.368629372248 77.5540922199998 76.7875383599865 76.0005515199999 75.9783784522211 75.8781670783383 75.7679483000001 74.89347012 74.3794796966901 73.7577325171928 73.1786322000001 73.1786322000001 73.1786322000001 73.0000407927239 72.5893161 72.1434107199998 71.5893161 71.0005539199999 70.0823238664128 69.8213677999999 70.7678653001938 71 70.6115323823313 70.4178021115515 70.91012878 71.915769980683 72.6836760736008 73.7137722870825 74.2206838990348 74.1434131199998 72.7671130087308 72 71.7288713435036 70.8576995200001 69.456473475738 66.7581350944333 65.46478212 63.4280140800002
-9999 -9999 -9999 -9999 -9999 -9999 -9999 -9999 -9999 -9999 -9999 -9999 -9999 -9999 -9999 -9999 -9999 -9999 -9999 -9999 -9999 77.73272442 77.0357754 76.5898676199998 75.51843922 74.7308614658223 74.5178877 73.78626632 73.5178877 73.0650062066595 72.05409342 72.4737548929216 72.0427939172876 72.4048818725031 72 71.8538965520845 71.5178877 71.286958788334 71 70.6950873087527 71.1423028800002 71.1293897908286 71 71 70.9661598995988 71.9732009299914 72.5280805197819 73 73.1116657806368 73.639056189154 73.8194611989447 73.0719847199998 72.499379962948 71.63056730495 70.3755872199998 69.656880172102 68.298955602311 69.6550928551237 67.5786793718105 64.5245077588182
-9999 -9999 -9999 -9999 -9999 -9999 -9999 -9999 -9999 -9999 -9999 -9999 -9999 -9999 -9999 -9999 -9999 -9999 -9999 -9999 -9999 75.7576186716048 75.4464593 75.0005515199998 73.9291231199999 73.1205541422515 73.2583622842843 73.1198201308202 73 73 72.5776912104278 72.9826650199998 71.9904950930009 71.8213994900354 71.4464593 71.3111604431072 71 71 71 71.3259038292508 71.4828465684268 71.1198212023225 71.4445194088585 71.5535407 71.9758484180699 72.4464593 72.3973264849981 72.0702612830755 73.2316177800002 74 73.4182384988545 72.2473817676812 72.51733138 71.8855256615059 70.0814521927108 69.5535407 69.6395318807214 72.5808191793109 68.1692026131354 65.6324543799693
-9999 -9999 -9999 -9999 -9999 -9999 -9999 -9999 -9999 -9999 -9999 -9999 -9999 -9999 -9999 -9999 -9999 -9999 -9999 -9999 -9999 74.1856334017753 73.7500618 73.5828326039496 72.85769472 72.1542259896745 72.2475927674632 71.9177901446007 71.7500618000001 71.7500618000001 71.7500618000001 71.7435606468491 71.3417418897116 71 71 71 71 71 71 71.2208040102514 71.127439032611 71 71.3011675816641 71.3750309 71.3750309 71.3858632269234 71.9667118897857 71.8452344473518 73.0868638244895 72.996241903254 71.844213622471 71.9323820681961 73.1423004799999 72.3002959803542 70.8798489653703 70.6249691 71.9298923784103 71.2662907536371 67.2231601724053 67.9723890269986
-9999 -9999 -9999 -9999 -9999 -9999 -9999 -9999 -9999 -9999 -9999 -9999 -9999 -9999 -9999 -9999 -9999 -9999 -9999 -9999 -9999 73.0005515199999 72.0428159959664 71.607205 71.4501404424115 70.8935883183994 71.5267184815793 71.26837862 71 71 70.3412730224544 70.3036025 70.3036025 70.3036025 70.3036025 70.3036025 70.0428176673204 69.607205 69.2469350489424 69.3208200102466 70.0669600694357 69.7941048713754 69.607205 68.9982222529974 68.9108074999999 70.3209350800002 71.3654154245695 72.0486338962415 71.9810064141046 70.5157557421365 70.1287713226511 71.8918059600004 73.1570631002964 71.127312321107 70.986465194245 71.6963975 70.506294877702 68.1999709356481 67.0492730645127 69.1039810800013
-9999 -9999 -9999 -9999 -9999 -9999 -9999 -9999 -9999 -9999 -9999 -9999 -9999 -9999 -9999 -9999 -9999 -9999 -9999 -9999 -9999 -9999 70.57015975302 69.4643481999999 69.861572318011 70.0954782135266 70.3065594219157 70.8562425091155 70.3833975799266 69.560727104411 69.9710247622088 69.2321741 69.2321741 69.2321741 69.4100180731668 69.7673114513178 69.1452302441977 69 68.8798884952289 68.9045212292556 69.15327915374 69.0623111217756 68.3833994227087 68.0291434728067 68.7262897283223 69.2361982761622 69.4849562006466 69.6965222999999 69.4111288703841 68.3939887259 69.2686545414158 71.5494301030691 71.0405128026598 69.3819173118491 71.4874741234786 69.959055105033 67.1361601945085 68.3047920901231 68.5356518000001 72.1087518747223
-9999 -9999 -9999 -9999 -9999 -9999 -9999 -9999 -9999 -9999 -9999 -9999 -9999 -9999 -9999 -9999 -9999 -9999 -9999 -9999 -9999 -9999 -9999 -9999 -9999 -9999 -9999 70.1176049908631 70.031658900979 69.1255218199999 69.1520504153367 69.8247058434944 69.0744950483476 69.7048126598103 69.0372319479683 68.85769712 68.1607457 68.1607457 68.1607457 68.6548668912425 69 69 68.1969526199998 68.7339075586108 68.991304329547 68.9854535577047 68.1607457 68.2951853259794 68.7683822199998 68 69.1234237400001 69.9489990066083 68.3935064155699 69.6431032310964 72.2111297822521 68.1138923785678 66.0633193451168 70.0912312288018 71.4723607362425 73.8420400519152
-9999 -9999 -9999 -9999 -9999 -9999 -9999 -9999 -9999 -9999 -9999 -9999 -9999 -9999 -9999 -9999 -9999 -9999 -9999 -9999 -9999 -9999 -9999 -9999 -9999 -9999 69.0893173 69.0893173 69.8206408418849 69.1255218199999 69.8614207582222 69.9984516863908 69.7569402563214 68.1643267027281 68.300249790897 68.69695142 68 68 68 68.5887621800001 69 68.3337272519223 68.7489126324928 68.988788515585 69 68.9984519007523 68.829849611079 68.0143076829103 68.0686298252584 68.2759789134271 68.6699963536169 67.3363190897639 68.0631335517324 71.5876447400004 70.5344100343764 66.2347648273176 67.283274811824 70.6009967424475 67.638819845274 69.478151090228
-9999 -9999 -9999 -9999 -9999 -9999 -9999 -9999 -9999 -9999 -9999 -9999 -9999 -9999 -9999 -9999 -9999 -9999 -9999 -9999 -9999 -9999 -9999 -9999 -9999 -9999 68.3516171461998 67.2993554217046 67.8388275800001 68.8789690745717 69.0169212282189 69.0178889 69.014713141543 68.9821111 68.7587777804759 68.3100950685145 68.6143331012475 68.437928623248 68.9821111 68.9926434077618 69 68.9869121412287 68.9964767342761 69 69 69 68.9984121637049 68.6674635635998 67.2453632926956 68.0054211628094 67.6434143199999 67.0019354723621 68.5433597293236 69.4533692793136 67.0791810196662 66.0013154366482 68.3912460400005 69.0290412005424 68.0391125929434 71.9129130114277
-9999 -9999 -9999 -9999 -9999 -9999 -9999 -9999 -9999 -9999 -9999 -9999 -9999 -9999 -9999 -9999 -9999 -9999 -9999 -9999 -9999 -9999 -9999 -9999 -9999 -9999 67.9282674020528 67.9464605 67.2294004873925 67.881198555482 68 68.9628673738385 69.8976733469836 69.7948453078053 69 69 69 69 69 69 69 69.6532779512406 69.892921 69.8929210000001 69.0483032936903 69.9455325223331 69.8089122384888 68.7948475793105 68 67.69695382 67.3744745800001 68.4220295574025 69.408396553161 68.2307116812062 67.0717328549368 67.8243264658848 70.3872300598803 68.369859227528 68.0506431083503 72.8972535075157
-9999 -9999 -9999 -9999 -9999 -9999 -9999 -9999 -9999 -9999 -9999 -9999 -9999 -9999 -9999 -9999 -9999 -9999 -9999 -9999 -9999 -9999 -9999 -9999 -9999 66.073576673157 66.7026579496948 67.0914291874537 67.8276622353981 68 68.1182079588988 68.1249679 68.2026387068045 68.9799811696561 68.8750321 68.8750321 68.8750321 68.8750321 68.8750321 68.8750321 68.8750321 68.2348420075308 68 68 68.94590418 68.984833436124 68.1249679 68.1249679 68.0960231124307 67.7348248647176 67.4994424800001 68.1249679 67.7369361523254 68.4788471866891 68.4247429590809 69.4632331599999 69.8996451552438 68.4539286457132 69.1958375799999 72.0021657162012
-9999 -9999 -9999 -9999 -9999 -9999 -9999 -9999 -9999 -9999 -9999 -9999 -9999 -9999 -9999 -9999 -9999 -9999 -9999 -9999 -9999 66.5005527199999 65.8036037 65.8036037 65.9052066116081 66.473133394917 66.8036037 67.53522508 67.9613197055078 68 68.5743614750846 68.8036037 68.8036037 68.6748729928824 68 68 68 68 68 68.115630713732 68.1963963 68.1963963 68.1963963 68.3681401076317 69.1529246988935 69.1929922454185 69 69 68.9048488450186 68.5296717515189 68.693721758044 69.1963963 69.6121257110941 70.7043900223809 69.475148791711 69.621361692008 69.5123851456111 70.2672659800002 71.7102375995108 72.7995117967699
-9999 -9999 -9999 -9999 -9999 -9999 -9999 -9999 -9999 -9999 -9999 -9999 -9999 -9999 -9999 -9999 -9999 71.4216252171941 68.9112342199999 67.7969018617997 66.5625869680016 65.7781135578032 65.1675298723953 64.8805748825938 65.24951148 65.7321753 65.5553593131894 66.0000257033879 66.9995756800001 67.6649396124302 67.292943012033 68 68 68 68.0620336052225 68.3489885950239 68.5356494 68.5356494 68.5356494 68.9667265257702 69.2678247 69.4637703338328 69.3205734763657 69.9080942665643 70 69.9873095130385 69.2915970828402 69.5356494 69.9368519975572 70.96477852 70.2678247 70.3872485318476 70.5356494 72.0285377829014 72.4111106199998 71.731572202107 72.4099931800001 73.0130104386871 75.148996558626 77.6115896502595
-9999 -9999 -9999 -9999 -9999 -9999 -9999 -9999 -9999 -9999 -9999 -9999 -9999 -9999 -9999 -9999 -9999 69.6434095199998 68.5719811199999 67.4490512843338 66.2606744217049 65.897189015577 65.28626752 64.2148391199998 64.0025751771929 64.5212340089352 64.2245264350631 64.2482048211913 65.1423028800001 67.0882094600003 67.9642579404246 68.3392531 68.3392531 68.3392531 68.4922954159126 69.30304858 70 70.1512747824718 70.3392531 70.3392531 70.3392531 70.8226680730161 70.4693889331117 69.7459158615201 69.981647825368 70.3451332314961 70.737154742376 71.3392531 71.49229383012 71.9025725320163 71.6785062 72.1244091800002 72.8540124743923 75.1730598394801 76.6902306799451 77.4278820799999 77.6820039832867 76.8040328199998 77.320306422321 84.0587280972888
-9999 -9999 -9999 -9999 -9999 -9999 -9999 -9999 -9999 -9999 -9999 -9999 -9999 -9999 -9999 -9999 71.5507403787698 69.3933441199998 68.2854612563208 66.9342112138663 66.3576959199998 65.1618100889571 63.80415762 63.0989813719041 63 63.5887645800001 64.5422580866318 65.55298438 66.6244127800001 68.2111873493205 68.4106815 69.4106815 69.4106815 69.4106815 69.5058036229527 69.9999551345927 70.4106815 70.8565868800002 71.4106815 71.1688877647743 70.7288719423197 70.5893185 70.5893185 69.5586289900881 70.7450510274986 71.8315774100468 72.4106815 72.4106815 72.5058026373171 73.12440918 73.6675732177737 73.8565844800002 75.5653881614063 77.92541984082 80.1417393600003 81.2525181855007 79.4747958230457 78.1255266199998 81.445661007452 90.0951850443181
-9999 -9999 -9999 -9999 -9999 -9999 -9999 -9999 -9999 -9999 -9999 -9999 -9999 78.3977630525865 77.168214452389 74.3720671500483 72.10818204 69.9826626199998 68.8224684399999 66.6853434197991 64.9158251588814 64.0578920176626 62.8060608364438 62.9280176800002 63.4821099 64.0708744800001 65.8024958600003 67.21373128 68.2851596800001 69.7781826679122 69.9642198 70.4821099 70.4821099 70.4821099 70.6020636981823 71.1461027205989 71.3015708406199 71.2309299818388 71.2684783630576 71.0147141714472 70.9763782490095 70.9642198 70.9642198 71.3858132308483 72.8821082903706 73.4737536915894 73 73.0772288859729 73.7137276800002 74.78515608 75.4687111246327 75.8922326800002 78.0168340602426 80.35471659866 82.2845961600004 82.9642198 80.5550848599995 79.932930967569 84.6917930548684 95.4541849886538
-9999 -9999 -9999 -9999 -9999 -9999 -9999 -9999 -9999 -9999 87.8931093219022 84.8943139599997 82.7056675683129 80.7509056399999 78.8805927844142 75.0556159799997 72.138123491256 69.9634688122963 67.7153918399999 65.5896880881341 63.8717880308251 63.3111610442825 63 63.1990807455021 63.7328270896057 64.9146683247135 66.1430400603579 67.5830635349289 69.2475685900368 70.8184374948559 70.476404479748 71.0095955753598 71.5535383 71.4648660144248 71.128210640683 71.5210888884188 71.2792720708983 71 70.7690302811138 71.7941053124433 73.3208054800002 73.2556357735631 73.5515940815447 74.0510348433476 74.5293865882399 73.9826674199998 73.0491326019755 73.8023986370832 75.2104850678091 75.85658448 77.1352989024065 78.3061552024859 79.3018383273781 81.5034206477299 83.508475217163 84 83.3689296722108 84.5726810881607 87.5041128934635 98.6073844967524
-9999 -9999 -9999 -9999 -9999 -9999 -9999 -9999 -9999 -9999 90.6979176599998 87.11567270344 84.552171192006 82.5367524399999 80.092724330862 77.2200868645931 74.0371731599999 71.8228879599993 68.6973685399998 66.6145898919661 64.8735544205316 63.6249667 63.6249667 63.903644213771 64.76726958 66.0595043033606 66.6249667 67.630970460492 70.1079789309427 70.9529251376234 68.8717731923783 69.1424348800002 70.236048213359 71.4150705762275 71.711831980452 71.8863466909823 71.8590023424166 72.8072854277019 73.8231831852851 74.7872497698419 75.4975268518464 75.3505852195879 75.0492250379555 75 74.4088413861092 74.618466405325 74.33869438 75.4701991318063 76.7697200996281 77.55297958 78.530814275007 79 79.840646265365 81.6553355264015 82.6226258517665 83.6645385993357 86.3086740933069 88.6238468600003 89.5843894320585 95.9769795762164
-9999 -9999 -9999 -9999 -9999 -9999 -9999 -9999 -9999 -9999 90.0310450556938 86.3757756598273 83.523457312325 81.1439622399999 79.0011054399996 76.2492646490425 73.7318141387179 72.9721351929573 71.2770746942397 69.8803553820005 68.3223352399997 66.5745371824779 65.828399694717 65.8386979800002 66.9101263800001 67.5715420114345 68.6159054126531 69.8208066800001 71.3798547763041 72.3053774196091 71.5312445821094 71.4993104800003 72.4740591113258 72.5529819800001 73.5540893584133 74.0891853000001 74.4636622800002 75.3599434166089 75.8534601705435 76 76 75.490504127261 75.6190340409998 75.6963951 76.0679369920431 76.4048605237826 77.1779462800001 78.137819580696 78.4631104929352 78.99944128 79.4356128374134 78.6894753496524 78.6177335837834 80.3195933317384 82.2231085272601 84.6691224613907 87.4864969416972 89.1399677830878 89.3036049 93.4128475075672
-9999 -9999 -9999 -9999 -9999 -9999 -9999 -9999 -9999 -9999 91.3461788191806 87.2217982934637 84.2941508873553 81.5106415085571 79.1617191399997 75.4729350203821 73.8344731837051 72.2414632155849 72.6109012681201 70.9628066759672 70.4824236000545 68.7672166917159 66.9130546882295 67.2137312800002 68.2851596800001 68.7678235000001 69.074386090842 69.9637978799999 71.0352262800001 71.4352097831587 72.1906423009285 71.48168798 72.5118988382068 73.2831907931909 74.8216002627218 75 75.0869447545469 75.5745531295406 76.3972210336279 76.7678235 76.2609136581972 75.8301352658901 76.5708708800003 77.439266554065 77.7552637218478 77.0173325800002 78.020608213673 78.3551736704144 79 78.8376742228215 78.3774088026765 78.8133978802924 80.7273045725545 83.1533332450617 84.8847623609742 85.8130630306591 86.9894931527991 88.1066498800001 88.9584621153758 94.5864020021478
-9999 -9999 -9999 -9999 -9999 -9999 -9999 -9999 -9999 -9999 93.2040749662081 90.3116834932443 88.5906870670361 86.0013881599999 82.9161920721354 80.326904256556 79.08960242 77.0091974926816 75.4147209895199 74.222564330066 73.0917434296517 70.7693508599999 68.0499387376483 67.4459077800002 68.51733618 69 69.5540682128318 71.1848879132456 72.4815535800001 74.1463187481473 74.5090602855125 75.1990460650986 75.2967813093691 74.5955635928118 73.771972747713 72.4822443 73.1108053339427 75.3551073547711 77.35658568 78.3333716782133 78.5723794186271 77.9037430809589 77.807592140545 78.71372768 78.0454000197171 76.1926270806973 78 78.16018938 79 79.2056179847055 80.3070608055335 81.8745886368196 83.2014071528107 84.0285359319829 85.3750004644229 86.6140106048365 87.6422968800002 88.7137252800002 90.5790035460783 94.1808640735079
-9999 -9999 -9999 -9999 -9999 -9999 -9999 -9999 -9999 96.5142612564953 94.3586645599999 92.2693248299765 91.16116522 89.2927646234576 86.3228843599997 83.98307974 81.0632905726418 78.8760055399996 76.9027517671602 76.66116642 75.5690495606411 73.82288796 71.3241131341224 70.6825495491374 70.7782492123968 71.8937132086878 73.9041389210848 76.6829174378251 78.9984531945659 80.3273484086946 80.4640818000003 80.5218282504261 78.6432775200001 77.7177326182681 77.6013447100171 77.4640818000003 78.2130357600005 79.9896434495405 80.2178036160591 79.873948661289 79.3094577445482 78.26838102 78 78.0781079143268 78.0048318224137 77.8402413208462 78.9106803 79.07086968 79.9106803 80.21372648 81.6596294600001 82.9505082204027 82.5750843873243 82.7148113330784 85.6121367996384 87.64229688 89.4450425233003 89.8994682999597 92.6638979767808 93.1066498800002
-9999 -9999 -9999 -9999 -9999 -9999 -9999 -9999 100.237636508259 98.9562394871968 98.4104758005276 96.7435433466694 94.6198557936023 91.0460103810702 88.3616366925318 86.21525624 83.1264904600001 81.9116513399998 79.7719708103995 77.6645864221326 75.9958559709345 75.6682137680031 74.9396261770689 75.3663647101362 76.9267042264061 79.0522900600007 80.5467655906638 82.3689846175964 84.5166430600007 85.7850216800006 86.8395265816057 85.9099232093451 85.6116469445216 82.4385662775808 80.1916935938739 80.9463261000002 80.9597258599847 82.7417967392255 84.4111010200003 83.3502063407912 82.28613552 80.4961777546571 78.3868577631792 78.8588302714774 78.9821087000001 78.9824188023886 79.0871729306785 79.9849746962545 80.2274738368129 81.2851548800001 81.9955083741063 82.4558164960141 83.4988199181621 85.1312032821485 86.6419491543548 88.4501435882822 89.7995211986509 90 91.9087269725163 93.0003100594494
-9999 -9999 -9999 -9999 -9999 -9999 -9999 -9999 101.057214628504 99.1902756621023 98.5878791054173 97.40172836663 96.2862675199999 93.7515915599999 90.4943132751336 87.2226669057403 83.2583176746125 80.2840946869533 81.1253826199999 80.2141484 79.7633036412273 77.9646345199999 77.97654717997 79.5587738611829 81.1159061388023 83.316124108196 85.4456524424107 87.6094858469832 89.0066540363769 89.2141483999999 90.0081316945076 89.0587815182305 86.1436958399999 84.3212225999999 84.7844629600003 86.6080468378676 87.2676854999999 88.0878788172416 87.6381625109397 85.5528408411723 84.9121583435979 83.4153194984942 81.3298238678874 80.9464629 80.9971038666751 80.9309861921372 80.0535371 80.0535371 79.8343194642494 79.3938961663567 81.1368642739263 83.862141212431 84.5380614636484 85.2215527775645 86.6955327406117 88.4776016299948 89.8460376793989 90.8811937112078 91 92.0164023724205
-9999 -9999 -9999 -9999 -9999 -9999 -9999 -9999 104.422799242879 102.748297431401 100.637599234319 97.557205620039 95.3846945369623 92.8630186229591 89.1134644143991 85.20481388876 84.6315870113601 85.114132628198 84.4335575401609 83.8101252374023 83.9512325830419 83.1475873544826 82.5780304970389 82.221123486045 83.3621178655987 86.3689362197565 88.1600549800004 90.6032987084378 92.9809960600005 93.4841761030031 91.8444602174464 91.6356636566709 92.0945889603269 90.5599173376511 91.2801097967931 92.6248275000003 92.5312340939119 91.92899112 91.3102476255156 88.526844980614 84.0665662259245 82.1096011516456 81.0717111200003 80.7654791969148 81.4592864023887 80.6356621564225 81.2499310000001 81.2499310000001 81.2788752316868 81.3748965000002 81.7493710800002 83.6011604623063 85.64229688 86.1985401602877 87.4053058679848 88.6401897482719 90.4811244600003 90.9843135031684 91.1182050888886 92
