catData/variables/futureClimate2070/rcp85/IPSL_CM5A_LR_2070_rcp85/bio10.asc
NCOLS 409 
NROWS 350 
XLLCORNER 60.897278365 
YLLCORNER 5.843756025 
CELLSIZE 0.0892857 
NODATA_value -9999 
[rows 130 to 155 of 350, columns 174 to 231 of 409]
38.4045484077015 38.389336932 38.282194092 38.0858749759999 37.7644464559999 37.3841441179999 37.0215894159999 37.0372222277315 37.7543210926779 37.5870323775435 37.2369382162517 37.119299460047 37.1 37.132033076 37.3649297734331 37.640965046 37.892695784 38.1782931971811 38.3933018746143 38.5276717764096 38.507670023795 38.553519868 38.660662708 38.767805548 38.8935248506138 38.976899374 38.764356387023 38.583983702 38.5 38.5 38.4926460661582 38.4445296960465 38.3898404457488 38.321487272 38.2273096066605 38.1856320151348 38.1961314050699 38.2 38.294587538 38.3807004456839 38.4071305721115 38.4995221240932 38.623158898 38.6940489234974 38.6502699187073 38.6 38.548269742 38.4526892193213 38.41963939 38.4052714522693 38.4 38.32972910014 38.3010630216553 38.217909252 38.11963939 38.1164939810413 38.0813895611634 37.995288921368
38.423159618 38.469697542 38.362554702 38.1662355859999 37.8448070659999 37.4802724493465 37.111051522816 37 37.8030233800001 37.7610842346958 37.348430158 37.2245878096294 37.1023765742079 37.158815306 37.373100986 37.5711554465603 37.7755243224428 38.0801992340001 38.298166278 38.34643554 38.3641162089065 38.4659707087439 38.580302098 38.687444938 38.8385101234883 38.8166555720932 38.637562082 38.530419242 38.4526380736052 38.47321777 38.4458015092798 38.3880584308828 38.321487272 38.2301120247918 38.1823193953708 38.100058752 38.1320129996962 38.14643554 38.241023078 38.274948148 38.3779706613063 38.4545248885095 38.623158898 38.6778137431651 38.6167537369975 38.6 38.5621242586771 38.52678223 38.5091016896482 38.426841222 38.4 38.4 38.3307452897011 38.325052092 38.22678223 38.210766412 38.1205798249495 38.1
38.4492277713818 38.469697542 38.362554702 38.1662355859999 37.8623568364981 37.557303616 37.1922546354381 36.9933919072755 37.7146130612438 37.8123319475443 37.421647928 37.2971254787881 37.142798768 37.2605245242719 37.438461920802 37.5763549786681 37.6494835917239 37.850787078392 38.049955528 38.138170595096 38.254487464018 38.421499186512 38.546377028 38.653519868 38.66607493 38.530419242 38.4232764019999 38.3270006426158 38.323159138 38.4 38.3872968192821 38.321487272 38.1967948243421 38.13214986 38.0885297165978 37.992915912 37.9388324684622 37.9618155350078 38.0927513564778 38.2023174099478 38.3486612605823 38.5105825991123 38.589233828 38.6763548158277 38.662555422 38.6 38.6 38.5600545205846 38.4885298751776 38.4177353186476 38.3727576198824 38.36607493 38.36607493 38.364344792 38.2630647660024 38.216134042 38.108991202 38.0424296644075
38.45893209 38.4410742181792 38.3471767007181 38.1434790923844 37.896538044 37.6233785459999 37.3290616876924 37.0516344927951 37.4596620645114 37.8078890760016 37.540406482206 37.3796941347943 37.2462973656917 37.316016538 37.4136483054864 37.489234308 37.55893209 37.648107886 37.8319075609242 38.0419253040268 38.2731007460001 38.3841821897679 38.480302098 38.5515331295626 38.55893209 38.3564907433573 38.2126348657453 38.174948388 38.282091228 38.3464877009467 38.3111749703118 38.255412342 38.096539004 37.9758219505362 37.9318206254335 37.8747500416691 37.8445868215435 37.928512608 38.0913978610229 38.2020394958406 38.3303814431824 38.465509550285 38.523158898 38.6178574475097 38.6522429231858 38.6227567893044 38.5787554642018 38.441185894 38.35893209 38.2988425277877 38.196494652 38.2127078813114 38.21786418 38.133998222 38.0341432752387 38.015003085444 37.9958628956493 37.9999931260727
38.4 38.4 38.3431620630055 38.1375381982591 37.8715981515238 37.6035513052114 37.3679666839999 37.188951746682 37.272974685748 37.7829623661528 37.662613214 37.4973727436232 37.3439326736414 37.3082948449062 37.35178925 37.3674825414356 37.4035785 37.5142504560351 37.8051302795407 38.0680646969887 38.315649096241 38.4 38.4415878542885 38.45178925 38.45178925 38.296538764 38.0957220393473 38.075527125388 38.2119939438767 38.2360960828586 38.2193923904061 38.207201592 38.0732679150645 37.9127433842001 37.785773072 37.75178925 37.832091108 37.939233948 38.046376788 38.2008342282116 38.2616793410531 38.416016058 38.523158898 38.6 38.6193922661119 38.5427140461296 38.2806081059238 38.016395391906 37.9461407788294 37.9220183806939 37.9042834065999 37.9488653289648 37.95536775 37.9481488370117 37.953505228 38.060648068 38.1566259452883 38.1818129205529
38.3871803200067 38.3614199083613 38.362554702 38.1909167210971 37.9001606559999 37.6050171821669 37.3679666839999 37.226840502 37.1555497730631 37.5725093873904 37.6018367850185 37.3885200540408 37.3406846224087 37.2911342712233 37.24464641 37.2614197755126 37.3207271838806 37.4150742772544 37.7534854132331 38.0914622169845 38.2803179292952 38.3041501342796 38.28929282 38.3376967324563 38.34464641 38.1867895431922 38.035772952 37.9589478141438 38.0723974728882 38.2 38.179272948968 38.100058752 38.0215505997679 37.882253324 37.733983822 37.6595038571282 37.7693982292397 37.9358484776077 38.049941128 38.2580417943436 38.4146687532885 38.471369648 38.5528739251051 38.5111002103692 38.3924853936333 38.2436053242051 37.8518217132421 37.4671430925744 37.455308758 37.4814595779537 37.5144374296089 37.571635696759 37.57858564 37.6734393719799 38.0079888217259 38.2248811482309 38.3297152928023 38.1975719450332
38.3913143164516 38.3549229790955 38.3234602464529 38.210823724 37.977137080454 37.6858749759999 37.4304631139999 37.289336932 37.1320079975435 37.1765301397143 37.3412200024577 37.1760888644584 37.243049314459 37.283983462 37.2 37.2113644135392 37.2983504524614 37.4835975333862 37.8332139890748 38.1434497015367 38.2247585135361 38.164344312 38.1876895144651 38.2327949735343 38.23750357 38.159684237533 37.991126542 37.9300288434045 38.0990721661249 38.1185659155306 38.037562322 37.9861508709412 38 37.8454595895281 37.671487392 37.6100663264731 37.7104179215264 37.9670427804744 38.094587538 38.2409643260001 38.43750357 38.4335006990465 38.3748783275226 38.1136607860881 37.725139404 37.6278941044792 37.4297314419191 37.153637612 37.178526648 37.139351932 37.1626963544822 37.2078019335172 37.21251071 37.2836578300001 37.7905354850307 37.9620272870294 37.9208107660562 37.4954953495133
38.29297783782 38.3907999525432 38.3435626378235 38.2418745778098 38.066177314 37.8340171130763 37.6072452239999 37.4151713016571 37.209034594 37.0212979083905 37.0574352255147 37.101730858 37.2026941194908 37.2254979921425 37.2 37.221102243409 37.3184529209577 37.5337636940001 37.8348731353824 38.0605941679421 38.0843873784246 38.0385097752086 38.1665846228419 38.1391039835248 38.1962309681084 38.1281046837417 37.991126542 37.9368952609918 38.107201592 38.000058752 37.918992209908 37.944587658 37.9639752588254 37.7947396788078 37.5880106375588 37.5813081360744 37.7362234857077 37.9101816653182 38.0908183389742 38.2022557333926 38.3118229972778 38.0161991350082 37.482521714029 37.4665849577025 37.2683452955476 37.2128474431859 37.1079405640806 37.0944840190208 37.2512674953069 37.3376535098802 37.3725765074266 37.37855708 37.37855708 37.4115442226341 37.5572362837871 37.5102896212603 37.3934893038649 37.1301972480062
38.1517546826317 38.2231689133657 38.1897109518004 38.2128654651661 38.096538044 37.9274569236979 37.7447487939999 37.5866365202298 37.2696438850085 37.0922518967616 36.9315287579448 37.024948748 37.12321789 37.12321789 37.1410001490913 37.2535689003573 37.414227168 37.576310275111 37.6445816673801 37.8462318422627 38.0585790693737 38.0206088880472 38.0989465507813 38.1029150204846 38.1219612862495 38.0228160770164 37.991126542 37.9074372929034 37.9232766419999 37.816133802 37.8039376226921 37.944587658 37.948269502 37.6918449417123 37.5157806528195 37.573159018 37.760603716 37.9545865822076 38.0933308785265 38.041523054303 37.7086533999785 37.1219294734409 36.9571897949257 36.985836135803 37.055905881207 37.2581180630048 37.3580552392017 37.4112487322665 37.5116897758674 37.626722998 37.65356422 37.65356422 37.65356422 37.5754536735377 37.491127022 37.3962814649942 37.353623452 37.239445243526
38.1487744745199 38.0272789647253 38.053520348 38.1534956225224 38.139953241421 37.9756413096804 37.7679666839999 37.626840502 37.2113969509846 37.028629872 36.985664907625 37.0842031862889 37.0925527533903 37.01607505 37.0586709244069 37.2606044360001 37.468870804204 37.5982600037949 37.6428585620034 37.8139889273009 38.0374957137984 38.026840742 38.0129086024046 38.01607505 38.0954577953926 38 37.9836794968102 37.81607505 37.8512247969608 37.9629788418855 37.9638133964318 37.9536722686346 37.8209297574187 37.4966567479999 37.4429581887569 37.511760348723 37.4744988834733 37.6391895960001 37.758887738 37.4895287879999 37.0715719928493 36.8563994560054 37.1067220871342 37.2611305184657 37.4005331406358 37.5500346994744 37.619580158 37.6678499 37.6230581520829 37.6117603101429 37.6834681427557 37.7 37.6206176574471 37.598269862 37.491127022 37.4 37.376841342 37.2442679849542
38.1469767831402 38.1628202547348 37.9122769026525 37.962452558 37.966133442 37.8537318689412 37.7971387169449 37.717908292 37.4358152290698 37.2061238009338 37.0098571448052 37.1 37.091126302 37.0291718143822 37.228454336 37.4151444557465 37.4977571324304 37.5495374233161 37.6988407778473 37.8552000796215 37.9117934501805 37.977954200882 37.9268706540277 37.9885663825035 38.0084487789653 37.90893221 37.8992661560971 37.8145856886284 37.8952050356807 37.90893221 37.90893221 37.864344552 37.6583613927154 37.3896003636316 37.2516739329588 37.2934209308783 37.3838208168191 37.4952554420593 37.517380967528 36.9487702570228 37.2047923616725 37.4563517638686 37.5594761528061 37.5483148617436 37.4977570466811 37.5495369861907 37.6046206552781 37.60893221 37.6631547835688 37.69106779 37.6982404991532 37.7 37.605412702 37.5103532688811 37.5741143870282 37.385414748497 37.285773552 37.1483292139999
38.146319236 38.2978311076292 38.1825167307865 37.9114278942947 37.8534584007979 37.7833058344371 37.70178937 37.7004802758906 37.459092986 37.1392291837815 37.0055088223823 37.1 37.0998412167101 37.114513763126 37.246318756 37.4005422187982 37.40178937 37.4901673235296 37.703461476 37.8010534661426 37.8666245100213 37.7576087534446 37.703931208349 37.876903902513 37.90178937 37.8983003491593 37.8016305910046 37.816016298 37.8772552646676 37.7720296065037 37.70357874 37.658991082 37.397582398012 37.0298015578481 36.9059762063157 37.1940769254389 36.9859770547824 36.9105115591925 37.3752113048564 37.5892667137297 37.6915294741028 37.6809783750741 37.5772555003731 37.5012471597907 37.4632254440453 37.3587976197629 37.1021496608702 36.9125255899999 37.3675495396614 37.6736390667741 37.3056763753099 37.4665861093058 37.5018862232658 37.501730138 37.5909682515935 37.4507363404851 37.178630712 37.0709456660852
38.217806148 38.2930242970017 38.3307476035897 38.2288084857741 37.9070596492241 37.740176067631 37.760663188 37.7985631017776 37.5633919475741 37.2383365846292 37.010823964 37.10535347 37.0960047212396 37.0168739785569 37.1723519432932 37.4281931883 37.580243586 37.792142266257 37.9489613484604 37.9914947506638 37.9268108111327 37.8254038309292 37.5719905521773 37.5847799939106 37.7686309010433 37.78929306 37.797691480088 37.8847970177085 37.8648941044949 37.78393959 37.671605136 37.4369649451052 37.2317027560738 37.0883429970243 37.0874737462844 36.9664743004855 36.9386096235099 37.3613259473041 37.6899853475883 37.7930087872671 37.7 37.6982851702796 37.666134162 37.5525025441867 37.2886746269994 36.8579177800463 36.591186014 36.7301389220001 37.3602922394362 37.6692422447674 37.5383422170291 37.4078742291743 37.4537879096443 37.3771338492563 37.2713526815073 37.0632950539881 37.3132030229579 37.5935112735801
38.1135574056601 38.169697542 38.2076566134815 38.3540592958954 38.1185013247538 37.7535104211938 37.6827596317647 37.785655808 37.651891634 37.2627155979998 37.0115002620478 37.18750369 37.171974063621 37.0465308622398 37.251046065669 37.4208222658038 37.6827071754727 37.844587898 37.9 37.841126422 37.7917503837558 37.7966458976734 37.8 37.5485925765317 37.429728513961 37.56251107 37.5636199248194 37.5890222317514 37.6190868316777 37.467434121786 37.3517179676086 37.0983283739999 36.98750369 36.9065419881191 36.9407501767592 37.2618258866356 37.6335151364429 37.787444698 37.7881800480302 37.6868549898028 37.6489059351717 37.6074877502574 37.4326438773733 37.250004883811 36.8922826381845 36.6858325439999 36.5038687310174 36.6876952516654 37.332862160167 37.5384387892356 37.4647900002406 37.3188351661979 36.815215665851 37.0657256225922 37.2810419726517 37.6120130454674 37.651848722 37.465161095374
38.0417708838816 38.1560095371803 38.174890596 38.327074675392 38.2775787927317 37.9760670454277 37.8066740395104 37.8587915944485 37.7512975672266 37.3526849483247 37.034812228737 37.1 37.1017427188608 37.167688764 37.4614096010155 37.630302218 37.737445058 37.844587898 37.9 37.8526886922938 37.753622732 37.7784305515825 37.8 37.6251101239999 37.5814237643969 37.300339878665 37.3267699362732 37.3937090704227 37.3421108198505 37.2376100467371 37.1245706120515 37.0370945951083 36.9995551703919 37.2025318408402 37.5300395471134 37.7424929081494 37.7158295943454 37.787444698 37.6496838965926 37.4783332921239 37.2570763557785 37.203623092 37.142798048 37.2742916222216 37.1298585633611 36.5543554043913 36.5856689228921 37.0543451578707 37.326737638 37.1542931608975 37.158858218 37.3362721677268 37.4349286066648 37.5200101504119 37.5428251274589 37.5478512525207 37.457202192 37.350059352
38.0169570114232 38.0813336112713 38.1849191919658 38.2702522613396 38.1861454146451 38.0438992961481 37.8698667472561 37.7875948511232 37.7947245741329 37.3861936688273 37.137605954 37.100927116433 37.157684572178 37.2437600663945 37.5025799303 37.6384177549946 37.764227048 37.8594283616165 37.8861454789219 37.87321801 37.8248821024671 37.8 37.7569870002877 37.5715461439999 37.451848242 37.3548311040603 37.4244055013658 37.3765463706575 37.25356398 37.2919814307178 37.3355417362368 37.305279598 37.5121961047948 37.7397757530084 37.7823195538096 37.7392458737697 37.72678199 37.7205489669044 37.2906390280632 37.028512368 37.1397755772852 37.2614913710519 37.2293613117465 37.348968319559 37.2401932848645 36.78928328681 36.8156559179019 37.1282044652191 37.246361908 37.4070701493919 37.5123592266974 37.5908070820029 37.5746676393084 37.4895350875445 37.3064966179194 37.3775073647752 37.376841342 37.2615831578357
37.9400072010351 37.996377628 38.1657078103105 38.2732269640333 38.148269022 38.060054314658 37.9449091019963 37.7785002393253 37.7869847363475 37.4798849159796 37.244748794 37.137386546 37.3280615189612 37.2944491527116 37.4723868063845 37.660604436 37.837445058 37.9 37.848269262 37.7800272387486 37.7884711275786 37.7751808460942 37.5509862735341 37.4123322736803 37.3695897077746 37.4654880607855 37.4262871875416 37.36607517 37.3896452645879 37.5181737214769 37.671369648 37.7633862008225 37.8 37.8 37.733983822 37.7483399455138 37.7388329011866 37.5588126414215 36.966399602 37.101730378 37.196989775878 37.1715085904492 37.2463177960001 37.3897201868964 37.2423673271536 37.0802867380001 37.221610433915 37.3795754891756 37.499940768 37.5822646169334 37.5727578126062 37.56607517 37.5035764520481 37.2005562452495 37.2351604827024 37.282090988 37.342916512 37.2157519056839
37.8136485025065 37.889234788 38.0184450145868 38.154487278746 38.1270243146672 37.9653627992926 37.8186654902426 37.7637272944246 37.7919106291721 37.5376644659999 37.2719788689082 37.203461716 37.4036442210114 37.4636618269713 37.605294718 37.7178509462182 37.8220672451493 37.85893233 37.807201592 37.7242367587302 37.73890501331 37.685773072 37.4036803392194 37.3926010094305 37.4557427814706 37.357201712 37.262576452449 37.3065775204089 37.3915232472627 37.6016786243285 37.737444818 37.8 37.8 37.7516441836643 37.6789597881276 37.6288876259125 37.6035190060946 37.6 37.1101645679339 37.0592414561464 37.067923772 36.992813048 37.1326256058063 37.3124513575322 37.3153776157259 37.3673440743143 37.4304858463544 37.45893233 37.4978370604348 37.5479092655251 37.478630712 37.4230209285552 37.41786466 37.280405202 37.1800765420274 37.168370824716 37.2042167232438 37.1410749512037
37.7888346300481 37.782091948 37.9072873571368 38.0246877698121 38.0267258189653 37.941126182 37.7019500259999 37.6026183638015 37.7225954846917 37.5316117222841 37.2618373118767 37.3464243350617 37.4528061529384 37.5243114213459 37.6861141222467 37.8 37.7819475465684 37.7732855430241 37.748269262 37.6716167477909 37.65178949 37.578630232 37.391185294 37.35178949 37.35178949 37.2035170415279 37.208873458 37.3082947590511 37.3861137665415 37.575212694134 37.7495506525473 37.7732854273189 37.7750604630886 37.6624259505038 37.6 37.5973816533776 37.5992950074375 37.5156849302524 37.0340265590675 36.9483906638825 36.7251061337438 36.4843819407059 36.9324312068363 37.230301738 37.3013401339577 37.30357898 37.3285184012061 37.3801725107986 37.3681733796089 37.3896780480164 37.2845635424239 37.167924012 37.2921715262831 37.3974357536465 37.2297658260539 36.9958576724615 36.9776982842619 37.0371809832765
37.776840382 37.730302458 37.8541633691395 37.900058512 37.8677427986892 37.8630081125359 37.683139107761 37.5673367349862 37.6715079917887 37.4767058085634 37.3078282506616 37.5009580878868 37.55535335 37.571369888 37.6760331228757 37.74464665 37.7279286860124 37.7199070027624 37.692915912 37.585773072 37.54464665 37.4309912918618 37.2286891039999 37.2376970025884 37.1399316423729 37.101730618 37.2039617017362 37.262377764978 37.4144909847142 37.6512931541822 37.7279287931644 37.6705453708313 37.6108440156147 37.5955966916796 37.636542166065 37.6475204334198 37.564344792 37.1761429750383 36.7651375058621 36.7879334547626 36.6918487559106 36.5642506415135 36.9520653885357 37.119595038 37.151848722 37.0646126704585 37.1429390695333 37.3361079799918 37.333984062 37.2190083311159 37.028690064 36.8534454051076 37.2224163202349 37.3421440633426 37.1782925565677 36.9304722402071 36.8206791299639 36.8757646962432
37.776840382 37.7113645762737 37.774949108 37.792915672 37.7051739197002 37.67500762 37.5842322000153 37.5832257088731 37.5297446328072 37.3048258005886 37.298647416893 37.3756567576957 37.4236028763243 37.553520348 37.6519775388777 37.7 37.6765982654067 37.63750381 37.5211135913822 37.4640190815 37.3762267619265 37.3033581606468 37.0892100522599 37.0702989934021 37.0040595789113 37.039234428 37.1485949563425 37.304538362029 37.5655226362264 37.6810624182553 37.63750381 37.5761940814602 37.5 37.5956669311758 37.6459971759327 37.6100663908914 37.3189557350031 36.8892958658209 36.7665559489296 36.7653079883226 36.9283201748196 36.9584933959236 36.93750381 36.9109932527386 36.7891692273884 36.7543933818775 37.0250240243272 37.2441593096301 37.208991682 37.1201329618011 36.8892113122416 36.7172643486161 37.113823032526 37.235773672 37.1253031271895 36.967968364 36.7710534421897 36.6560703382371
37.707201352 37.63036097 37.667806268 37.685772832 37.578629992 37.4893618142208 37.4866520025392 37.5222119332399 37.4256780632505 37.2860056177409 37.2324866915371 37.3 37.3177473960001 37.516016538 37.623159378 37.7 37.6886313171741 37.6385884503354 37.4087830018449 37.266110148709 37.1849800422718 37.1525728303736 36.9757372481168 36.8694651633927 36.7948519289022 36.9357071447646 37.2508455859214 37.3953807348618 37.5051367108213 37.4544479126501 37.5042847619595 37.4782351070618 37.5360246170214 37.5643892414645 37.494705762 37.3588274790145 37.0876988949495 36.7680268759999 37.0597101898204 37.0784018206364 37.06963903 37.053622972 36.9535113980741 36.8182946875836 36.6336999367204 36.7730403140001 36.9660768425615 36.99108291 36.9710398308686 37.0626160667181 36.8590951459999 36.7734510143399 37.0162488683392 37.0614015046417 37.0787689103773 36.828690304 36.5982771592077 36.360781412
37.600058512 37.52321813 37.560663428 37.578629992 37.4317671397223 37.3779712788016 37.466016658 37.443826769353 37.2812581552298 37.1589910819999 37.1971011400327 37.3013289851394 37.3877158747375 37.5037187406143 37.546377508 37.5999515203681 37.575187275755 37.5443948101219 37.2395133079999 37.04643626 37.0817971224948 36.9876539072589 36.8474895164936 36.735773192 36.628630352 36.9042648702741 37.1689361319722 37.3791234586725 37.2766821716968 37.3140711052892 37.3952439364355 37.4871342903984 37.5120108542753 37.3739366923043 37.3050151239419 36.8398629214357 36.3786086575656 36.5837624707221 37.1687819004634 37.1228163685864 37.1 37.083983942 36.9946229369558 36.9324091381578 36.72403695199 36.6801985140001 36.794706002 36.7012323944286 36.568277846611 36.662408206 36.9067853835846 36.95356374 36.9974865436263 36.924948268 37.0170377112992 36.9092348594438 36.6606508480379 36.576825982
37.4734790297564 37.3575818299994 37.453520588 37.471487152 37.3560284072666 37.358873818 37.4106123692218 37.342915792 37.155470614 37.028630112 37.110663308 37.216353530443 37.2261298273744 37.2046266592056 37.439234668 37.485773072 37.453520348 37.5017400221832 37.2335868861525 37 36.9552082432822 36.9700281493439 37.1731958234817 37.0587907013738 36.7823460252361 36.9859335298623 37.1042793023196 37.1834014322462 37.391008558 37.4424185728392 37.3645379812504 37.3695706426723 37.41607529 37.239455276 37.1266875820604 36.6082769296953 36.5666195681578 37.0407717500002 37.1153972692615 37.0985477852816 37.01607529 36.9866178017701 36.8515866179857 36.885773552 36.6348717245028 36.4659128340001 36.4501769149737 36.1720942752355 36.0752272330406 36.5176101773802 36.8703453819364 36.91607529 36.7573110589133 36.6528600345983 36.91607529 36.9083515224319 36.8095419103008 36.5603433476778
37.3837041107019 37.330302458 37.4033447825212 37.364344312 37.257201472 37.267806268 37.2488126969675 37.144705402 37.0303895958093 36.921487272 37.003520468 37.10893245 37.116220870726 37.2245312952486 37.4020686998602 37.3510347444717 37.3235105518334 37.4593948936949 37.244498591387 37.0374528249181 37.3548203232927 37.8105051395764 37.9321943342584 37.762582974 37.6259870600481 37.4554923365876 37.4561893591991 37.3774945934321 37.4020686784223 37.3510352030338 37.1463200036454 37.111989895743 37.2649745971314 36.9714689164405 36.7357298 36.9564820522633 37.1321205546299 37.1943925196325 37.105412462 37.007202072 36.8766099610448 36.5272155656272 36.458888698 36.505428062 36.2826067697924 36.0793502656383 35.9377412179999 35.5196874780845 35.9035990261153 36.0280074786546 35.6932905392621 36.4213895551142 35.8297251946012 36.1545794468648 36.7178649 36.732450113065 36.7816365209069 36.6580593858419
37.278629992 37.232092068 37.30178961 37.257201472 37.2008638272446 37.2010536117343 37.135772952 37.028630112 36.921487272 36.90022468235 36.9016927566289 37.1033997647843 37.3052944780001 37.3812641426971 37.2562997790892 37.1935640263823 37.5087559540001 37.6080429334814 37.4446280950794 37.5092175036823 37.8556908848365 38.0699286141913 38.09821039 38.009200528645 37.8089379763339 37.6016096833745 37.785757712 37.69463117 37.6491418104991 37.3185676709138 36.8672538957926 36.8489648231863 36.9062946041652 37.1321157605582 37.354097085877 37.3208600175102 37.2189931021619 37.1141202210598 37.007202072 36.801848842 36.6855151920066 36.4525250759511 36.1585047858634 36.0084057670665 35.9677035262629 35.9025875508913 35.7982671642596 35.5223271071508 35.0846706895924 34.7037885959998 34.5386520546422 34.9629429638242 35.8493531883564 35.2281864932774 35.9666019977906 36.519595038 36.6031647703405 36.6012473313616
