catData/variables/futureClimate2070/rcp85/IPSL_CM5A_LR_2070_rcp85/bio10.asc
NCOLS 409 
NROWS 350 
XLLCORNER 60.897278365 
YLLCORNER 5.843756025 
CELLSIZE 0.0892857 
NODATA_value -9999 
[rows 182 to 207 of 350, columns 116 to 173 of 409]
32.917749796 -9999 -9999 -9999 -9999 -9999 -9999 -9999 -9999 -9999 -9999 -9999 -9999 -9999 -9999 -9999 -9999 34.739236108 34.846378948 34.953521788 35.1077751696298 35.2105184425347 35.283883238 35.3844907269382 35.394586098082 35.0490949588561 34.7415824232603 34.1711540786987 34.1512193433564 33.8791075246704 32.6668301359732 33.1879002632815 33.9106826748633 34.3110261660339 34.5912354338623 34.9423243433133 35.530721806549 36.1152597407544 36.41244368052 36.8752029511657 37.1164591916856 37.3246365527885 37.70893293 37.70893293 37.755252646 37.9641244883991 38.1352025753953 38.119756174 38.0514219210158 38.1604594847786 38.20893293 38.062613454 37.928630352 38.0838237660001 38.2119706908753 38.31786586 38.326739798 38.432451870433
-9999 -9999 -9999 -9999 -9999 -9999 -9999 -9999 -9999 -9999 -9999 -9999 -9999 -9999 -9999 -9999 -9999 34.7005424541591 34.739236108 34.846378948 34.9544478319527 35.0614008107827 34.9733006454454 34.8366194094927 34.7318749790109 34.7062691888979 34.5144995704599 34.3793244992414 33.397438286899 32.1665019979951 31.9961530676069 32.9073147502743 33.6786925853822 34.1590802456484 34.9040304490306 35.3098520489211 35.5307827469282 36.0394403285498 36.5183362865706 36.8618875059586 37.089176996 37.3018243155252 37.414085592227 37.5350407779249 37.746319716 37.9308451435666 38.0024603988312 37.9581936299042 37.9027161253603 37.9046340786248 37.9702054061106 38.0009609296921 37.761967242837 37.7067108833661 37.9875387041047 38.10358018 38.1037390314767 38.1371171112587
-9999 -9999 -9999 -9999 -9999 -9999 -9999 -9999 -9999 -9999 -9999 -9999 -9999 -9999 -9999 -9999 -9999 -9999 34.626740518 34.733883358 34.7920635684647 34.79464725 34.6555450035982 34.364461096 34.1276340559371 33.8363183266103 33.9587988839602 33.7255629060827 33.0989262969139 32.6596146377776 33.0111780462915 33.5323961539448 34.1611489986457 34.51297495325 34.9805767891458 35.546202692 35.8462735083543 36.0545460645552 36.4222656129096 36.6842528109172 36.9894079081733 37.2087227518052 37.4172733434371 37.610664268 37.7153277294018 37.8158664756672 37.8852857679294 37.7798654263864 37.5916015681425 37.5367170122792 37.607136648 37.7064473722484 37.5827042827317 37.3715816639999 37.5305859430199 37.6306922340446 37.6394985608651 37.6310932739156
-9999 -9999 -9999 -9999 -9999 -9999 -9999 -9999 -9999 -9999 -9999 -9999 -9999 -9999 -9999 -9999 -9999 -9999 34.4171339388806 34.532093268 34.639236108 34.6801476891171 34.4026900471163 34.043032576 33.8922445128851 33.7438553984564 33.38212977066 32.5439568115495 32.2510286862238 32.8450822046668 33.3398802144414 33.8609951057808 34.3449457851088 34.9032030631081 35.2759032128927 35.7031493211066 36.0688138748943 36.2024341326849 36.4433697331043 36.8279289302071 37.0523664251027 37.264460908898 37.383882998 37.487022996201 37.5123879774986 37.4292125814949 37.4220964185893 37.00484425561 36.4413962192262 36.317783396 36.4743013789048 36.4759380956222 36.5227472461874 36.3517043930928 36.419614718 36.3674902130915 36.6755306030908 36.985572384
-9999 -9999 -9999 -9999 -9999 -9999 -9999 -9999 -9999 -9999 -9999 -9999 -9999 -9999 -9999 -9999 -9999 34.110664748 34.2478997959673 34.4140685496661 34.5117746814009 34.4359620322681 34.1102327593981 33.8039834705994 33.7077363403336 33.2799435114665 33.0321709764999 32.2592553447335 32.3053374101659 32.6704636099982 33.1846644763663 33.4866708625341 34.028375554796 34.4471398132033 34.9123891585019 35.3819162896014 35.7725501025659 36.150022726135 36.401690346 36.615976026 36.7542489039678 36.9631657931964 37.1054537802961 37.0922751424517 36.7106518445069 36.2698597308089 35.9242191294508 35.4784949914017 35.471856956965 35.6651014653315 35.8583459736981 36.1103827961294 36.1631396542749 35.8965790359999 35.8977766014933 36.103802156469 36.3356436038977 36.5417594465284
-9999 -9999 -9999 -9999 -9999 -9999 -9999 -9999 -9999 -9999 -9999 -9999 -9999 -9999 -9999 -9999 -9999 33.976740638 34.0939119971848 34.2504549835491 34.2669969505661 33.8985022299999 33.6881711290036 33.6661566044848 33.5198686327812 33.2296427361892 32.6760066226268 32.4768052623178 32.6785994375365 32.6649772451116 32.710628988 32.9671274094251 33.3455660736391 33.5605880467692 34.2584342982324 34.918780979416 35.344488874 35.7926441787599 36.1017679405062 36.2510716026833 36.3286106408084 36.3171331506088 36.2632577942819 36.0164474698558 35.1615413043078 35.2454610013687 35.585555344 35.7525130198016 35.7923667651669 35.8966693775671 35.992798168 36.1195341149651 36.3299521233066 36.227977443486 35.9926166272367 36.130583733912 36.3576879512955 36.4935250045615
-9999 -9999 -9999 -9999 -9999 -9999 -9999 -9999 -9999 -9999 -9999 -9999 -9999 -9999 -9999 -9999 33.6384637374605 33.7860989845618 33.907043816 34.076740638 34.0120557222688 33.6455726360662 33.3817751256592 33.2891275048306 33.1638477242707 33.078138284744 32.5950004354198 32.4086578900001 32.9237699706484 33.1892991902229 33.3327892851217 33.5163252519797 33.776663886 33.9614872398178 34.1899739618505 34.6461812879238 35.0175635209721 35.4139141234126 35.7985299203114 35.776857902 35.5447146782177 35.1029163269924 35.1886070619064 35.3488553940252 35.0548583903699 35.1109308713975 35.478412504 35.710664268 35.8870876812987 36.0399450003948 36.1114694729039 36.280243586 36.3611660448936 36.5130739762078 36.3464240100731 36.2672609604103 36.2516719860001 36.4605241166128
-9999 -9999 -9999 -9999 -9999 -9999 -9999 -9999 -9999 -9999 -9999 -9999 -9999 -9999 -9999 -9999 33.5535596547211 33.5606213819153 33.692758136 33.862454958 33.8448897714482 33.6727094672495 33.6507007851563 33.5566204694162 33.5168153173866 33.1993288511651 32.5303218437401 32.4065245711857 32.8195857276058 33.3107009640027 33.6379652418657 33.871362233603 34.0416476170716 34.2485553714598 34.433865358 34.5757046174775 34.707084088 34.9566439820736 35.356943472 35.420109071296 35.4786560467177 35.4649788077108 35.5210242212735 35.6492453961323 35.3949062858295 35.214108944 35.5047819832646 35.7039664148991 35.9160831205696 36.1346372860382 36.2271111264932 36.3573419529754 36.447324758444 36.546378468 36.6366220752375 36.5221806611501 36.4637943975926 36.4815274302129
-9999 -9999 -9999 -9999 -9999 -9999 -9999 -9999 -9999 -9999 -9999 -9999 -9999 -9999 -9999 -9999 33.3349286433738 33.1969853929542 33.4423671627177 33.5302535031948 33.4305479110308 33.2823579688667 33.4193019670812 33.1368183530773 32.934778108997 32.3510692282105 32.2949732973948 32.5954675258825 32.7850408631555 33.28008629 33.7694802940001 34.0595209035473 34.233865358 34.4086893548983 34.6248808752658 34.755293878 34.862436718 34.9316898517578 35.1109853623125 35.2813932360859 35.53816457775 35.749941128 35.843931567422 35.6890278270318 35.1406567967183 35.3134805698597 35.4567113375317 35.548127806 35.8372320206868 36.062454478 36.169597318 36.276740158 36.3422941242184 36.4813928803825 36.6435757154535 36.74820979 36.7258660828744 36.5130098259229
-9999 -9999 -9999 -9999 -9999 -9999 -9999 -9999 -9999 -9999 -9999 -9999 -9999 -9999 -9999 -9999 33.2161052989994 33.1587552020171 33.2861020815865 33.38003373559 33.255510166 32.8888876960832 33.09350402302 33.0016125911069 32.3206852917062 31.7116790071102 32.0449817651659 32.5851134278176 32.9918003315205 33.4195462593294 33.7310211239393 33.9583978703005 34.3235475938939 34.544529866 34.758815546 34.9468154003371 35.076722398 35.183865238 35.2551549817271 35.3925457344762 35.599882256 35.8561256268828 35.8862137310861 35.6536892522635 35.194964361971 35.285655328 35.2764529117987 35.3078666456921 35.7693613500001 36.069579318 36.1401800687126 36.2690082070841 36.2576590713576 36.4195382060001 36.539235628 36.7465637865418 36.8474286701351 36.7571921821358
-9999 -9999 -9999 -9999 -9999 -9999 -9999 -9999 -9999 -9999 -9999 -9999 -9999 -9999 -9999 33.0220247853427 33.160664868 33.2450775790321 33.337387506 33.4792183116253 33.4094648416082 32.9717437119999 32.8900463473489 32.8744104460921 32.0144054609569 31.6813288978033 31.9107866223802 32.4707206223811 32.9707844015223 33.3045078633271 33.3059537462927 33.6204707735269 34.124850924 34.4574225587713 34.773297263815 35.0545423652443 35.228512608 35.335655448 35.4929839115324 35.5577870230383 35.751672466 35.96249547 35.9558390324995 35.8694650880373 35.7807606862169 35.7734530173867 35.6937477958685 35.7460725380177 36.0439786343484 36.3206586172552 36.38748641 36.533805886 36.4770667275432 36.6248727160001 36.6854567615981 36.6398848681688 36.7861006785213 36.9040027433799
-9999 -9999 -9999 -9999 -9999 -9999 -9999 -9999 -9999 -9999 -9999 -9999 -9999 -9999 -9999 33.016017498 33.123160338 33.2092005569645 33.2791769519025 33.4849270886381 33.659595082443 33.5303021784175 33.2628952362724 33.105393022 32.3629846794084 32.0656764789369 32.2660877654065 32.713429558689 32.9468216062597 32.7139597573386 32.8231836556832 33.342541008 33.8991373209656 34.2776654019725 34.6519426670896 34.9659855178485 35.2186869564272 35.4241073502756 35.630243946 35.66963831 35.7929454745384 36.0012056745236 36.0758181375856 36.13927662 36.1140520768712 35.9275517204567 35.8328363673344 36.1317394957913 36.3280838380424 36.5160258369804 36.6156113620816 36.7346488908564 36.8011784484113 36.9229102547324 37.0051462843296 36.8058239984334 36.6481095660001 36.8575322815157
-9999 -9999 -9999 -9999 -9999 -9999 -9999 -9999 -9999 -9999 -9999 -9999 -9999 -9999 -9999 -9999 33.0875947902794 33.1395062142198 33.391008318 33.5634460561115 33.7914518906389 33.8631111593336 33.6908705920565 33.3654446118313 33.0043023545054 32.494008389551 32.4016419635793 32.4923499794953 32.3500210580377 31.3091235871268 32.0959004983422 32.9211788222801 33.542658512 33.9951125613391 34.4136435236358 34.7778138721177 35.121270264 35.369538806 35.583824486 35.757502413675 35.871369648 36.0030606792268 36.185655328 36.27678115 36.2660262446215 36.1789329380163 36.0466567870994 36.112395606 36.326681286 36.482092908 36.6399242814787 36.8293326261734 36.957083728 37.0642265680001 37.171369408 37.1291376268561 37.05799424106 37.025483406976
-9999 -9999 -9999 -9999 -9999 -9999 -9999 -9999 -9999 -9999 -9999 -9999 -9999 -9999 -9999 -9999 33.076839662 33.0703494398512 33.269598038 33.5335919821872 33.8439720809436 33.9 33.767965244 33.5915560501149 33.5933464450968 33.1522566386928 31.7227569036762 31.4721981133048 31.2024838764729 31.2529666379956 32.1151626186592 33.1223850913431 33.6387031000317 33.8946054380657 34.2307614976388 34.651573202 34.9587232077066 35.178471976 35.4601509849481 35.690967326 35.8900469496026 36.08593365807 36.208874178 36.3134421205846 36.38392399 36.3790525252393 36.3558084831331 36.3500320242122 36.4278955137788 36.4933885894515 36.5766297811242 36.762395486 36.896378588 37.003521428 37.110664268 37.28392399 37.2824974148397 37.265273121167
-9999 -9999 -9999 -9999 -9999 -9999 -9999 -9999 -9999 -9999 -9999 -9999 -9999 -9999 -9999 -9999 33.1190224332678 33.2151438724061 33.1921092417847 33.2497438000001 33.6727520429475 33.8625483454338 33.767965244 33.8267138560611 34.0266329973137 33.9455746590945 32.8373598854017 31.4864002851615 31.7786100806143 32.404922766 33.0788337014122 33.4908930979331 33.8911258989935 34.162377726 34.4330161230867 34.7104009382533 34.9921539908334 35.237386786 35.4588460532468 35.5952573272868 35.798110166 35.9211743526332 36.1258887805932 36.316017018 36.4210909485131 36.49106683 36.5251672944331 36.622738882393 36.677821727647 36.735748398313 36.7790978917271 36.8618288817671 36.8982403958071 36.9078116478472 36.9173828998872 37.1210192521456 37.3080812140328 37.39106683
-9999 -9999 -9999 -9999 -9999 -9999 -9999 -9999 -9999 -9999 -9999 -9999 -9999 -9999 -9999 -9999 33.123160338 33.1707818757734 33.1383450488238 33.2879919191043 33.6585964837824 33.7836227395485 33.8308877003059 34.3301414106763 34.4132680312149 34.307183112 34.5546869162577 31.5897997876832 31.1832098912645 31.9896114635502 32.482012604 32.6849419849494 32.8073720440054 33.4260322089768 33.913340729812 34.2441310835612 34.7348831607465 35.1217507889658 35.4412610985585 35.587445658 35.6962819442562 35.707043336 35.921329016 36.1510581990432 36.4004146378857 36.4613106894138 36.635655208 36.742798048 36.79820967 36.857083728 36.9630446476701 36.9977291407373 37.0770745668553 37.010539483552 36.9053148539595 37.1017620903668 37.210664268 37.3332503796369
-9999 -9999 -9999 -9999 -9999 -9999 -9999 -9999 -9999 -9999 -9999 -9999 -9999 -9999 -9999 -9999 33.1603405095925 33.1962694706328 33.0976834552902 33.1449335938334 33.6174464333827 34.0376993964661 34.2624837912408 34.3717236159845 34.560606116 34.6921264484351 34.7002896383397 34.2460688148261 31.7647287839958 30.6566860459829 31.7239301252626 32.4440536055735 32.8849130010601 33.3691518325763 33.9008793374626 34.2323459393122 34.5337489138264 34.9594047145846 35.249900616 35.450144683233 35.5779516656286 35.5982028360396 35.8261475427352 36.1258242135098 36.28929498 36.3482784210593 36.523392284166 36.6362699553913 36.7953410073834 36.948169038 36.9928285410671 37.0717231102924 37.1760043744823 37.199328014743 37.2050628459683 37.2054451671936 37.2191039795812 37.3348141670676
-9999 -9999 -9999 -9999 -9999 -9999 -9999 -9999 -9999 -9999 -9999 -9999 -9999 -9999 -9999 -9999 33.1 33.1151572253911 33.2295896470102 33.5129951256044 33.803463396 34.0619104548321 34.1915075048838 34.3371788107001 34.5380766178422 34.662487727874 34.3322546906525 32.0808678164374 31.7299499227687 32.1195737524475 32.4689167492217 32.3817917006929 33.0153306357868 33.4920812553963 33.7862535972628 34.1163638931903 34.514087152 34.796338556 34.9905559996621 34.926655600973 35.1608405523454 35.480203314 35.7916487963993 35.9805323504586 36.0779032053166 36.1026616353018 36.2170932770325 36.4447668298904 36.614245168 36.7140314883937 36.8325335829285 37.021328776 37.0750093 37.162454718 37.269597558 37.301731098 37.4011088296119 37.3984799244698
-9999 -9999 -9999 -9999 -9999 -9999 -9999 -9999 -9999 -9999 -9999 -9999 -9999 -9999 -9999 -9999 -9999 33.026943453015 32.971252624 33.3826654947358 33.7743461851434 33.8698649861956 34.072355134748 34.253522028 34.3764349351059 33.5146959884743 31.4738254187834 30.6948797133791 31.6799220732048 32.3733198584411 32.8789165161977 32.9327772361601 32.7907844599388 32.8031091107879 33.1754746539881 33.55690416 34.052530363986 34.3768635969671 34.4726254699484 34.3226432384648 34.1699717173122 35.1094921208919 35.4500259300633 35.5615812308543 35.7993370587533 35.8543427516334 35.812336614 36.1162524332209 36.3226139128802 36.4034854087415 36.6047243601387 36.8319522276481 36.9119017556851 37.0070836080001 37.0956510261763 37.2824328643143 37.408873938 37.5
-9999 -9999 -9999 -9999 -9999 -9999 -9999 -9999 -9999 -9999 -9999 -9999 -9999 -9999 -9999 -9999 -9999 33.0813344731911 33.2023096246856 33.417807828 33.628414064 33.5419151107365 33.7316807759262 34.1424374874452 34.3013632017844 32.0757122248853 30.6252358192017 31.060147997271 31.5066449303594 32.33364835 32.8399999392067 33.2095744050833 33.2929980303193 32.9804823859999 32.7828543942815 32.9690978329517 33.4803995989342 33.9783277576561 34.3395052031177 34.3593920378053 33.8181014441297 34.2532399494034 34.6511968013622 34.8201289524172 35.164936730519 35.5475247019266 35.7755272832346 36.0149087717774 36.1896082829881 36.390967086 36.605252766 36.746378708 36.9123182684951 37.0104645743718 37.0703203295029 37.176681166 37.382092908 37.4775084281212
-9999 -9999 -9999 -9999 -9999 -9999 -9999 -9999 -9999 -9999 -9999 -9999 -9999 -9999 -9999 -9999 -9999 -9999 33.1875951744665 33.3633864617776 33.5376457000217 33.5672565485315 33.3437979845098 33.997202813738 33.8875347739843 31.9005404467574 31.0661038426239 31.3460849480002 31.9618470737699 32.3159006137814 32.8494984170748 33.2235979238799 33.546261204 33.6606627552205 33.3636099976831 33.1114736390492 33.3112923339272 33.7270392825137 34.2612571308308 34.5128516906812 34.408923032193 34.2725253617048 34.4697961215669 34.7854708329074 34.7686589692794 35.138227267752 35.526492620368 35.7490196806122 35.9832864602875 36.182052636 36.396338316 36.487827029177 36.5495176158326 36.6515275197698 36.8855690336791 36.9683539714351 37.210112711191 37.3536025489469
-9999 -9999 -9999 -9999 -9999 -9999 -9999 -9999 -9999 -9999 -9999 -9999 -9999 -9999 -9999 -9999 -9999 -9999 33.1815823587628 33.3361777570072 33.4411521796043 33.4863099807058 33.3475482015186 33.7147221675785 32.6067462046998 31.2861250487866 31.2187556754542 31.6918117858844 32.243598908034 32.2999263290719 32.5557115994373 33.02831456 33.5352704511755 33.8812107748942 33.9211593196713 33.7359994204484 33.7631184741618 33.9394756899987 34.1714337904405 34.5161146087785 34.675466442501 34.6880384375556 35.0247856421117 34.993015656 34.651329909951 34.4980829646705 34.867845148 35.037887345887 35.326659974 35.6375697133282 35.804300631842 35.8173284668824 35.8455106568298 36.1518469502185 36.4007426527861 36.3773705189955 36.7412136091522 37.067766716
-9999 -9999 -9999 -9999 -9999 -9999 -9999 -9999 -9999 -9999 -9999 -9999 -9999 -9999 -9999 -9999 -9999 -9999 33.0289224815414 33.2393714835839 33.3251223915605 33.3950550644969 33.618085654278 33.1278172272318 31.4551960227762 31.3977827177578 31.7214268358809 31.9524517540384 32.4407911900001 32.8709593080207 32.773451006924 33.0005261598603 33.4187268947966 33.815850781911 34.055129362441 34.1461013202629 34.1128020848473 34.2048491741739 34.1672013956098 34.371520707351 34.7329470832375 34.9016751114825 35.19968222456 35.1638115106025 34.8745509159346 34.4561332392507 34.433864638 34.5656966648417 34.7571053291854 35.0341017451429 35.1565882508995 35.193261107529 35.287464378 35.5304723444598 35.6115208344653 35.6650420874442 36.0593904755773 36.5755425728034
-9999 -9999 -9999 -9999 -9999 -9999 -9999 -9999 -9999 -9999 -9999 -9999 -9999 -9999 -9999 -9999 -9999 32.643832822731 32.8155311321543 33.0923904025768 33.0999276303082 33.0210034416534 33.3828399134617 32.5018681376156 31.3818496632303 31.5888260955001 32.023002562 32.3273774021924 32.6956926526153 33.0337491282309 33.2235244477694 33.3434364464232 33.6130197609229 33.8058726745381 34.0050090252303 34.2686985700775 34.3624193793852 34.4313855333071 34.3836458120007 34.4050995663458 34.5796307947676 34.949068622962 35.2137862476159 35.3482011742697 35.2772045989236 35.0648634827324 34.8695598780001 34.8580721413443 34.7891539224609 34.928452896 35.076721678 35.11070478 35.191007358 35.2497470691915 35.3077092514624 35.5130234616513 35.6782434909197 36.032103719424
-9999 -9999 -9999 -9999 -9999 -9999 -9999 -9999 -9999 -9999 -9999 -9999 -9999 -9999 -9999 -9999 -9999 -9999 32.6906420678501 32.7697672439156 32.887504109184 32.7329653025891 33.2191598297687 32.0618140179393 31.1134639563823 31.2529988718387 31.7841057007344 32.5073590413075 32.9371932080598 33.110547004 33.385655328 33.553404044 33.837386786 34.0182267487459 34.1586189123406 34.328026098108 34.5072747002325 34.608216726519 34.62499046 34.6796398250921 34.68748569 34.7802035540001 35.1038497719035 35.4100098722382 35.439335372 35.3208275748113 35.262435998 35.1633597166156 34.9301656863291 34.9809546380426 35.103521668 35.228947463061 35.342797808 35.4171444451036 35.519578718 35.6635770836766 35.7316467600737 35.816016778
-9999 -9999 -9999 -9999 -9999 -9999 -9999 -9999 -9999 -9999 -9999 -9999 -9999 -9999 -9999 -9999 -9999 -9999 32.688630666227 32.5589728272687 32.7207426382617 32.9747455078769 33.2436075890582 31.7593481398231 31.1191191267109 31.4055972773228 31.8181134632583 32.4378139825003 32.8943181716758 33.2761738046619 33.492798168 33.6394445028235 33.874891556 34.089177236 34.2877562469341 34.4695112928533 34.6253373552276 34.742798048 34.8255594026108 34.86582632947 34.86963807 34.8420588132633 35.0231370994249 35.2990487624135 35.4929682201259 35.4815398000903 35.4942070480714 35.3844360156505 35.1907964401973 35.0037932371125 34.996378828 35.176681406 35.310664508 35.4787026493987 35.594588258 35.701731098 35.8061796391562 35.885654848
