catData/variables/futureClimate2070/rcp85/IPSL_CM5A_LR_2070_rcp85/bio15.asc
NCOLS 409 
NROWS 350 
XLLCORNER 60.897278365 
YLLCORNER 5.843756025 
CELLSIZE 0.0892857 
NODATA_value -9999 
[rows 234 to 259 of 350, columns 120 to 179 of 409]
-9999 -9999 -9999 -9999 -9999 -9999 -9999 -9999 -9999 -9999 -9999 -9999 -9999 -9999 -9999 -9999 -9999 -9999 -9999 -9999 138 139.74891796 142.246532186587 142.431326966844 146.190659034015 152.800510172484 156.681536493448 154.299178053458 148.488249213466 139.360174700425 128.511793400453 116.559611739999 102.052181125988 90.3575163529777 83.3578511464788 80.2824595129406 79.7636280729228 79.7262981935472 78.4637942800001 79.4751504535655 80.3763355335748 81.7385985264165 82.37445538 83.4458837800001 84.5173121800001 85.5887405800001 86 86.2743874263624 86.3750525 86.9215404536558 87.9458825799999 89.0173109800002 90.1774787600008 92.2202391063086 93.6066486800002 94.9811016600006 96.7495054799999 98.2668152600005 100.40967206 101.96379068
-9999 -9999 -9999 -9999 -9999 -9999 -9999 -9999 -9999 -9999 -9999 -9999 -9999 -9999 -9999 -9999 -9999 -9999 -9999 -9999 138 139.74891796 140.574388408908 141.348770636237 144.338774070697 148.941421735447 151.256172087996 154.302528937224 150.161085660678 143.386656469894 133.769426973768 122.434198362565 109.521398714507 96.4229799342891 86.1232484337074 81.1604315720911 78.4331079115122 78.2983673405795 78.0887417800001 79.0486315267493 79.7668212600003 81.7256654718437 83.07083128 84.1422596800002 84.8534443450716 85.58874058 86 86 86.5592078002708 86.9618812633939 87.2871927470581 89.0173109800002 90.1156827943876 91.4637918800001 92.6964982782844 94.3950301453808 95.9388371109551 97.5812617127096 99.3382436600004 101.302345359962
-9999 -9999 -9999 -9999 -9999 -9999 -9999 -9999 -9999 -9999 -9999 -9999 -9999 -9999 -9999 -9999 -9999 -9999 -9999 -9999 -9999 138.98111366 140.684708495359 141.047926690342 143.829622350988 144.870526371332 149.03063206833 154.85871616 151.26997318 145.885421512628 137.527463458976 127.047083811638 115.577136319999 102.889949816965 93.4262494688753 85.0553547685629 79.0547985951523 78 78.0206054597264 78.2321956999999 78.5175704744022 79.8377799417399 81.3585509309219 82.91027518 84.2587804324928 85.58874058 86 86.5617236142329 86.9542634331052 87.6714096795574 87.7678043000001 89.0173109800002 90.0887393800004 91.1601677800001 92.2853718171327 93.5352202800002 94.9811016599999 96.6780770800002 98.2668152600004 100.861707766179
-9999 -9999 -9999 -9999 -9999 -9999 -9999 -9999 -9999 -9999 -9999 -9999 -9999 -9999 -9999 -9999 -9999 -9999 -9999 -9999 -9999 -9999 140.097955140187 141.876648071199 143.925522982209 144.044551240338 150.179772872697 154.505991324757 151.816426093745 147.538117882733 140.456781491722 130.136175939288 117.862542810298 105.060035340001 96.8919629476767 86.3406110666662 80.1185077256553 79.6494054907127 77.9255249963677 77.2951873526208 78.2315985800002 79.0487168294018 79.595422860413 81.1416186285758 83.1953916600001 84.74950788 85.7148026955417 86.7315973800001 87.6739254935191 87.9798163374924 88.7938155914963 89.0173109800002 90.0887393800004 91.0257497415376 91.3923634800002 92.4637918800003 93.9096732599999 95.6066486800002 97.1953868600004 99.9269818400006
-9999 -9999 -9999 -9999 -9999 -9999 -9999 -9999 -9999 -9999 -9999 -9999 -9999 -9999 -9999 -9999 -9999 -9999 -9999 -9999 -9999 -9999 -9999 141.108201652738 142.170749492577 142.466922628429 144.992660367169 145.922034271477 145.498048730707 147.16740049746 142.714340988937 133.791955849783 122.321780235098 108.441629219172 95.5260950656196 86.0379950931339 80.2705751000005 78.1598176616752 77.0814108069907 77.014309427694 77.1100296623787 77.7305875658731 79.37445538 80.8917675600003 83.0346243600002 84.58874058 86.2613591895129 87.6422584800001 88.7136868800002 88.9106611 88.9951652092264 89.9122076439112 90.0887393800004 91 91.2315961800002 92.3030245800003 93.4079061973349 94.5352202800002 96.5950523532962 99.7662145400006
-9999 -9999 -9999 -9999 -9999 -9999 -9999 -9999 -9999 -9999 -9999 -9999 -9999 -9999 -9999 -9999 -9999 -9999 -9999 -9999 -9999 -9999 -9999 140.03522628 141.0179105 140.866344232982 140.307391069352 143.454086055184 149.661572738207 149.178695868853 144.386251237215 137.81134409657 128.296909700498 114.650140080002 101.256198839999 90.1792951091512 82.3410456858694 78.9477728312922 76.9128476296505 76.0179104999999 76.245361033633 77.3084543447254 78.7601145769164 80.4538697814418 82.5605817202003 85.1669365218421 86.6540824365165 87.7315973800001 88.8030257800001 89.8587922684096 89.9820895000001 90 90.0887393800004 91 91.0041480033818 91.3209350800002 92.0246171400981 92.9195978015439 95.061795336815 98.3802291248277
-9999 -9999 -9999 -9999 -9999 -9999 -9999 -9999 -9999 -9999 -9999 -9999 -9999 -9999 -9999 -9999 -9999 -9999 -9999 -9999 -9999 -9999 -9999 138.9464821 138.9464821 138.937909999881 139.12456518 141.040211735776 143.324475014024 145.033430075979 146.451762819844 142.1633209 134.860995745896 123.459663707733 109.068171361832 97.5297425201957 87.6533811244585 80.1067604085203 76.960026846292 75.9914280283238 76.1780806800002 77.2495090800001 78.32093748 79.8143868964507 81.9275885600002 84.0704453600002 85.5884640374549 87.4096768600002 89.5525336600003 90.8209362800004 90.9971037493282 91 91 91.0085718432333 91.0411233587983 90.98378276083 90.9464821 91.3923634800003 92.9534163269254 95.6276707089572
-9999 -9999 -9999 -9999 -9999 -9999 -9999 -9999 -9999 -9999 -9999 -9999 -9999 -9999 -9999 -9999 -9999 -9999 -9999 -9999 -9999 -9999 -9999 -9999 137.8750537 137.734894091232 137.202663294473 137.8750537 138.015415042352 141.872693868414 146.762880394586 144.254792657002 137.628692939999 128.025305485593 114.835137160112 102.521610105817 90.9565811769543 83.2839455144562 77.9363747829334 75.83982982 75.2026611943439 76.1780806800001 77.2495090799999 78.3209374800001 79.8450418171641 81.92758856 84.0704453600002 86.21330216 88.3561589600001 89.7338213943109 90.8209362799999 90.8750536999999 90.8750537 91.03522148 91.6434575199997 90.5720291199996 89.828267185625 90.2517000086701 91.3277275370353 92.9275837600003
-9999 -9999 -9999 -9999 -9999 -9999 -9999 -9999 -9999 -9999 -9999 -9999 -9999 -9999 -9999 -9999 -9999 -9999 -9999 -9999 -9999 -9999 -9999 -9999 136.624677711724 136.8036253 136.849105872967 137 137.902771237369 143.33629075517 148.103536601812 145.760642306074 139.704815996695 130.521016005366 116.915299897937 103.874616888559 94.0655324591831 86.0785809498023 79.0916707791498 75.8083764489536 74.8036252999999 75.10665228 76.1780806799999 77.2495090800001 78.32093748 79.98110646 82.1239632600002 84.26682006 86.4096768600001 88.3808129827393 89.5531331799997 89.8036252999999 89.8036252999999 89.9323401802528 90.3756544199996 89.3042260199995 88.3798638032231 88.8042029377674 89.8036252999999 90.8654883765242
-9999 -9999 -9999 -9999 -9999 -9999 -9999 -9999 -9999 -9999 -9999 -9999 -9999 -9999 -9999 -9999 -9999 -9999 -9999 -9999 -9999 -9999 -9999 -9999 -9999 135.7321969 135.901774419593 136.545546007355 136.832477854303 140.805908842504 146.949011491801 146.50157416 141.306774819999 131.416130209044 118.096239859998 106.384948185877 97.7574434898881 88.2212254894923 81.0443666524323 75.6796596400001 74 74.2218754153724 75.10665228 76.1780806800002 77.2495090800001 78.9096780600001 80.8757395606324 82.9275885600001 85.0704453600002 86.3388479800004 87.6635866671599 88.7321969 88.7321969 88.6893034719959 88.294819794952 87.4291723199997 87.10664988 88.1780782800003 88.7321969 89.3209350800002
-9999 -9999 -9999 -9999 -9999 -9999 -9999 -9999 -9999 -9999 -9999 -9999 -9999 -9999 -9999 -9999 -9999 -9999 -9999 -9999 -9999 -9999 -9999 -9999 -9999 134.945664415428 134.739334847847 135.30302938 136.247429905604 141.119630300002 147.870887060946 147.43349122422 142.602154147494 134.107010272308 122.07402852213 112.140385997318 104.111014659408 94.2129268361313 84.3539885257153 76.8735813287504 74.2606659663087 74 74.37445538 75.4458837800001 76.3418235932103 77.83824966 79.3209374800001 81.1239632600001 82.994408420112 84.4926335831631 86.2316604935624 87.3274094297118 87.6607684999999 87.5006007199998 86.5822037804642 86.1213079028099 85.908195233915 86.7674183800001 87.497024772634 88.2495066800001
-9999 -9999 -9999 -9999 -9999 -9999 -9999 -9999 -9999 -9999 -9999 -9999 -9999 -9999 -9999 -9999 -9999 -9999 -9999 -9999 -9999 -9999 -9999 -9999 -9999 134.131552911371 135.05292078 135.999907165112 136.4106599 141.235736848182 148.359042732618 148.23317394 144.380908912893 138.30099872499 129.931443688383 121.648730811696 113.128859260001 102.515695389099 91.4501604894985 81.942217459797 76.631484420594 75.1075386706959 74.8882275621895 75.4458837800001 76 76.9357090122913 78.5206140073101 80.162757053089 81.3923658800001 83.3382484600008 84.5352226799999 85.5995421546843 86.1786801999999 86.0842869045179 85.452851184119 84.8755599562795 84.5893401 84.6690102741547 85.710206845048 87.1780782800002
-9999 -9999 -9999 -9999 -9999 -9999 -9999 -9999 -9999 -9999 -9999 -9999 -9999 -9999 -9999 -9999 -9999 -9999 -9999 -9999 -9999 -9999 -9999 -9999 -9999 -9999 135.861164802727 137.438260755963 139.168351758328 144.005600175924 149.284617586438 149.106340142365 145.841402779999 141.176785094221 137.081659970741 130.674987326075 122.289626560001 112.148347519998 100.40859552614 89.5810828004268 81.8627811628555 77.8510663967152 76.10763292 75.7130167265023 76.2493901494256 76.7870039346468 78.0020782187192 79.6022036172088 80.8030257800001 82.3273442309365 83.4637942799999 84.5179117 84.5179117 84.5179117 84.5179117 84.3609717246302 83.6389611988837 83.0198504129717 84.0531513551733 85.9083853683416
-9999 -9999 -9999 -9999 -9999 -9999 -9999 -9999 -9999 -9999 -9999 -9999 -9999 -9999 -9999 -9999 -9999 -9999 -9999 -9999 -9999 -9999 -9999 -9999 -9999 -9999 -9999 135.913074395158 138.522978985325 142.215639073071 146.01903903755 147.523069291437 144.333348496307 143.504108343517 143.409044828201 138.07436072 129.754020360001 120.130653019998 108.344940619999 96.790911710529 87.2497983382731 81.1372553660194 78.0788274137654 76.8602292815109 76.7844879492567 77 77.6601689800001 79.4631947600001 80.8030257800001 81.8744541800004 82.9458825799999 83.4464832999999 83.4464832999999 83.4464832999999 83.4464832999999 83.2787541344592 82.5585925955894 82.4458813800003 84.0899889846072 85.6327569308851
-9999 -9999 -9999 -9999 -9999 -9999 -9999 -9999 -9999 -9999 -9999 -9999 -9999 -9999 -9999 -9999 -9999 -9999 -9999 -9999 -9999 -9999 -9999 -9999 -9999 -9999 -9999 133.924275927626 134.405452030464 136.83787814 140.763499288071 142.507342459489 143.900322929095 145.207201616295 146.378751952506 143.017667684501 135.523826743415 125.923458408002 113.523620819999 101.998176169158 92.3587990422608 85.0982972536808 80.8919104851004 78.5253535365193 77.3016533879386 77.3679305406422 77.8725447107771 79.0059865621962 80.1780806800001 81.2495090800004 82.9120621635462 83 82.9445427592917 82.3750549 82.3750549 82.0720303199997 81.6090674550314 82.7245327636127 84.8535842278075 86
-9999 -9999 -9999 -9999 -9999 -9999 -9999 -9999 -9999 -9999 -9999 -9999 -9999 -9999 -9999 -9999 -9999 -9999 -9999 -9999 -9999 -9999 -9999 -9999 -9999 -9999 -9999 133.907992249953 134.592356229722 137.737282359769 140.413775661298 144.101122106248 145.371850906115 143.44767994 146.194558492916 144.985578649212 139.392557108241 130.601846598053 119.140283996064 107.040335880001 97.6290788599988 89.7557126413425 84.1406062528712 80.1904777915278 78.1790613199999 77.8751307417134 78 78.7315973800001 79.8030257800001 80.8744541800004 82.8917651599998 83.6843185922689 82.9112606199996 81.8884634024541 81.3036265 81.2116202073605 81.37445298 82.8917627600005 84.6743787379175 85.3036265
-9999 -9999 -9999 -9999 -9999 -9999 -9999 -9999 -9999 -9999 -9999 -9999 -9999 -9999 -9999 -9999 -9999 -9999 -9999 -9999 -9999 -9999 -9999 -9999 -9999 -9999 -9999 -9999 134.260845155139 135.110729995249 138.405752521952 141.189564053443 141.062409139337 144.521106150112 148.004450712928 146.115281216408 141.764629284826 134.924660292118 125.678182254586 114.577904611474 104.344002830238 95.0906554470139 87.1436212477711 82.1979524599998 79.2239050706056 78 78 78.7315973800001 79.8030257800001 80.2030465991331 82.1239632599997 82.4603766233346 82.2115929845686 81.9628093458028 81.7678019000001 81.7678019000001 81.8547491704954 82.8917627600006 84.5173097800002 85
-9999 -9999 -9999 -9999 -9999 -9999 -9999 -9999 -9999 -9999 -9999 -9999 -9999 -9999 -9999 -9999 -9999 -9999 -9999 -9999 -9999 -9999 -9999 -9999 -9999 -9999 -9999 -9999 -9999 134 135.450471709161 138.59090822637 142.161509155867 148.478119659999 149.94120081877 147.94973101797 144.688736015531 140.07217437309 132.296913581303 123.112140600001 112.046361542679 100.214599256665 90.795934619106 84.0574420246356 79.4480634599997 78 78 78.7315973800001 79.1291022137429 79.894638143818 81.0979518386217 81.1607697 81.1607697 81.2951873540598 82.1943625316205 83.093537709181 83.9927128867413 85.0352564956985 85.7616283381377 85.345143380577
-9999 -9999 -9999 -9999 -9999 -9999 -9999 -9999 -9999 -9999 -9999 -9999 -9999 -9999 -9999 -9999 -9999 -9999 -9999 -9999 -9999 -9999 -9999 -9999 -9999 -9999 -9999 -9999 -9999 -9999 134.092435114172 137.605942353602 142.640685520001 149.121198459999 150.928256418462 149.958077032349 148.706419232473 145.447866420122 138.673204485989 128.659870964206 115.741885878213 102.791047599999 92.8591286904413 85.2353560199991 80.3587221599998 78.3745169687799 78 78.0653618610058 78.8206237128814 79.0781248732316 80.0352238799998 80.1051056945426 81 81.3060259623169 83.3531599562043 85.4002939500916 87.447427943978 88.6824704221352 88.2608834482478 86.6964396743605
-9999 -9999 -9999 -9999 -9999 -9999 -9999 -9999 -9999 -9999 -9999 -9999 -9999 -9999 -9999 -9999 -9999 -9999 -9999 -9999 -9999 -9999 -9999 -9999 -9999 -9999 -9999 -9999 -9999 -9999 -9999 134.815780122379 138.71233712 144.474355353698 150.821426199088 151.966423046728 151.947230656942 149.841471367155 143.937455165261 131.709617004836 117.198755537794 104.636305511989 93.6186962617764 85.3246973199991 80.9561090786507 79.39334652 78.9820871000001 78.2635947507082 78.8030257800001 79 79.0169435000672 80.0003100898536 80.1050627003603 81.3203355600002 83.9180876015755 87.8678198910021 90.6951672600002 91.5083669485717 89.9388211583579 88.3828029118554
-9999 -9999 -9999 -9999 -9999 -9999 -9999 -9999 -9999 -9999 -9999 -9999 -9999 -9999 -9999 -9999 -9999 -9999 -9999 -9999 -9999 -9999 -9999 -9999 -9999 -9999 -9999 -9999 -9999 -9999 -9999 135.208992834946 141.228898335542 146.858520048026 152.004599854567 153.968050542214 154.056411492353 152.842604219999 145.979823041454 133.676677561804 118.178492232382 105.060544559651 94.7034562468884 86.4317283199991 82.0170382000622 80.4112594199999 79.375160293049 79.0535155 79.8565412800001 80.1003123526698 80.05641162079 80.0699000742499 80.9952510677096 81.2668200600002 83.4220708453713 86.1958818080903 90.0698434399999 91.9703460649914 91.5103743115314 89.8760391399996
-9999 -9999 -9999 -9999 -9999 -9999 -9999 -9999 -9999 -9999 -9999 -9999 -9999 -9999 -9999 -9999 -9999 -9999 -9999 -9999 -9999 -9999 -9999 -9999 -9999 -9999 -9999 -9999 -9999 -9999 -9999 135.839788784019 140.26083202623 145.533055 151.592891707382 155.591997970972 155.172297578353 151.769012618779 144.984699412257 135.262938600859 122.083670559637 107.378505247313 96.6758623755535 88.7958084278995 82.991060178713 80.4112594199999 80 80.091408629887 81.028302852754 82.0150842643799 81.1790613200002 81 80.9112606199996 80.3003235729126 82.5987811699549 85.9090737400009 89.0765733243121 91.3766476385548 92 90.8960828842878
-9999 -9999 -9999 -9999 -9999 -9999 -9999 -9999 -9999 -9999 -9999 -9999 -9999 -9999 -9999 -9999 -9999 -9999 -9999 -9999 -9999 -9999 -9999 -9999 -9999 -9999 -9999 -9999 -9999 -9999 -9999 137.357517353817 139.717408912285 144.605292531478 150.172833390672 155.396936150136 155.814254390942 150.88220620825 143.681348047444 136.982665966639 126.805733089155 113.81564242995 102.18938281891 92.4667691668211 83.9009702173951 80.6883916782021 80.3260112009914 80.9806765198156 82.6447318406223 83 82.0541174200001 81.1929729030422 80.9112606199996 80.1916202953446 82.0317988709252 85.7127014400009 88.6260658529244 90.8917627600005 92 91.4112618199998
-9999 -9999 -9999 -9999 -9999 -9999 -9999 -9999 -9999 -9999 -9999 -9999 -9999 -9999 -9999 -9999 -9999 -9999 -9999 -9999 -9999 -9999 -9999 -9999 -9999 -9999 -9999 -9999 -9999 -9999 -9999 -9999 137.397906689265 142.390948613592 150.396175549791 155.263646235757 154.78631432 150.632955555282 144.580056210803 139.11512031897 131.280436421842 121.258927454724 107.280860927117 95.5938501799987 87.364394556077 82.8461920611151 82.2867773650378 82.5356014 82.908525447996 82.765820558478 81.7863167200001 81.7195242125616 80.9350250880813 80.5452432163987 82.5252139791218 85.0957242453597 88.1233589399999 90.7723554143195 91.8707352212009 91.4112618199998
-9999 -9999 -9999 -9999 -9999 -9999 -9999 -9999 -9999 -9999 -9999 -9999 -9999 -9999 -9999 -9999 -9999 -9999 -9999 -9999 -9999 -9999 -9999 -9999 -9999 -9999 -9999 -9999 -9999 -9999 -9999 -9999 133.552101313833 135.99976098507 148.769528273554 154.28414064 153.71488592 149.58595040463 145.044469568323 141.216836400001 135.475062217854 127.028979349103 114.633709921548 102.247108519817 93.0749602399998 87.1414652429133 85.1329678710669 84.5213290584406 83.2637936073737 82.1255458199996 81.0541174200001 81.3392291000001 81.3693320800122 81.8386259800003 83.216118412591 85.6060491600007 87.9963335926022 90.1066522800002 91.1780806800001 91.2717498429369
-9999 -9999 -9999 -9999 -9999 -9999 -9999 -9999 -9999 -9999 -9999 -9999 -9999 -9999 -9999 -9999 -9999 -9999 -9999 -9999 -9999 -9999 -9999 -9999 -9999 -9999 -9999 -9999 -9999 -9999 -9999 -9999 132 133.593925466689 145.048518611031 150.33810974 152.48789834822 149.76937486 146.64383144 144.152014271387 139.253038519999 132.039827482039 121.867368760425 109.523997139999 99.0409791134413 92.2784713652686 88.8509118341913 86.1679058378452 83.145068821499 81.7148883199995 81.4203274711928 82.4106575000001 82.4993968800005 83.5708252800002 84.6422536800003 85.8922673435392 87.5951340353656 89.0352238800002 89.8942151390197 90.1786849999999
