catData/variables/futureClimate2070/rcp85/IPSL_CM5A_LR_2070_rcp85/bio16.asc
NCOLS 409 
NROWS 350 
XLLCORNER 60.897278365 
YLLCORNER 5.843756025 
CELLSIZE 0.0892857 
NODATA_value -9999 
[rows 50 to 74 of 350, columns 168 to 223 of 409]
1231.73414174915 1240.65583846263 1332.97717648808 1124.94415610061 691.776683862492 422.415110050545 355.583095854983 240.24777880388 207.301127265939 204.848318597098 201.556374676087 193.748194018546 184.736694979997 176.962065414635 173.181200453129 172.287868919104 175.593140751338 171.216376587144 170.431006977204 170.97157639732 169.200225413242 169.700547974982 168.0914644644 166.981160177984 164.87661358614 164.149177149961 162.181218585281 161.114962670609 156.306434019998 145.115292510377 141.043486830463 147.970206041917 149.649791664577 140.766275657045 132.118051143852 138.100262400714 145.769412291938 151.324344274295 149.308482037879 140.53784077759 119.222544115028 -9999 -9999 -9999 -9999 -9999 -9999 -9999 -9999 -9999 -9999 -9999 -9999 -9999 -9999 -9999
1373.56059008979 1343.18646847638 1285.49798392335 1231.68740908231 1065.03770976159 888.122422653365 760.183271041399 463.734331801995 332.097628213507 233.579013193529 206.854252128702 204.206202599198 202.882922455679 197.689568963286 191.481559323845 187.586244849689 188.040729745194 186.126919579999 182.048792754299 180.126512645851 178.573339066397 179.664359049479 177.199234734471 176.571664118856 176.056849026173 176.78761361708 177.903026340558 177.25036012 171.719314315613 -9999 -9999 -9999 163.3032545 161.21824525065 150.210796472741 154.141275119503 162.720082466771 156.65283523529 -9999 -9999 -9999 -9999 -9999 -9999 -9999 -9999 -9999 -9999 -9999 -9999 -9999 -9999 -9999 -9999 -9999 -9999
1453.68995693943 1577.17553648137 1284.33734273757 953.730484414195 781.076455620689 796.583051121415 856.791231219282 585.742294562696 322.16232078696 252.861877869268 234.477460379421 226.82576892197 217.760882037623 221.035207691486 213.713594875693 206.783675506644 201.986467943235 200.077123767654 197.108469559999 194.29458416391 193.700929562685 191.685354836254 187.579012896486 186.472764478889 187.073178293853 188.331534002428 186.029147035987 181.939403101687 180.397563221531 -9999 -9999 -9999 -9999 172.259629392342 169.002227943565 -9999 -9999 -9999 -9999 -9999 -9999 -9999 -9999 -9999 -9999 -9999 -9999 -9999 -9999 -9999 -9999 -9999 -9999 -9999 -9999 -9999
1427.32628749964 1669.98429558496 1712.33757947081 1428.87536352361 935.465397714588 507.763105454851 532.068856588623 589.809852449896 460.451287383383 363.26250224143 277.624868374486 249.574705676726 232.140373620965 293.612671831629 385.118320821726 249.75270522382 220.648263066898 217.488656821997 214.510912697094 210.856517748775 208.823387412707 206.263257175218 202.687534137488 198.993307132587 197.489830083057 197.731542782784 193.387192775762 187.726373067019 191.217237787685 190.842044971403 -9999 -9999 -9999 -9999 -9999 -9999 -9999 -9999 -9999 -9999 -9999 -9999 -9999 -9999 -9999 -9999 -9999 -9999 -9999 -9999 -9999 -9999 -9999 -9999 -9999 -9999
1391.11795440285 1590.73564927031 1820.73082974907 1944.26185442987 1847.97862979975 1374.54638461634 793.797550240094 540.009789156291 424.680587194611 359.505255329381 282.27871095534 267.863160876184 255.574721439997 336.493328321888 643.53210271382 309.373532176775 236.830371250495 232.14881011782 228.295648790219 226.269200859999 223.286509439999 220.910981452907 218.259674393278 215.476722120903 211.688503798447 209.666492815991 204.67177455323 202.658112206763 205.975833797245 197.552647226241 -9999 -9999 -9999 -9999 -9999 -9999 -9999 -9999 -9999 -9999 -9999 -9999 -9999 -9999 -9999 -9999 -9999 -9999 -9999 -9999 -9999 -9999 -9999 -9999 -9999 -9999
1331.35206716237 1482.24043405955 1702.63552081022 1921.98519444646 2042.30737369739 2016.54992633985 1766.63320207861 1390.16406479806 1016.48177766628 665.378604199126 468.584126855537 371.449454180978 451.461455956927 714.559087234614 723.958489928254 343.186812185431 267.193968049603 255.825204381873 246.484908400453 241.134777438536 237.641611439018 235.840628059999 233.060981165872 231.249545175048 228.358992879999 222.874858499246 219.649853490429 212.134682073373 214.622640717828 203.632555979995 196.19958062 -9999 -9999 -9999 -9999 -9999 -9999 -9999 -9999 -9999 -9999 -9999 -9999 -9999 -9999 -9999 -9999 -9999 -9999 -9999 -9999 -9999 -9999 -9999 -9999 -9999
1241.29726943284 1314.02672064028 1519.68037062229 1734.07393526771 1924.87571300295 2013.64458956979 1936.62178631354 1766.24549186368 1535.54858179341 1240.46852283016 972.749545653397 690.80351199987 601.593719432669 853.502035135234 641.365865800624 621.756851677512 547.957022241193 378.398967584875 273.916405422647 257.457307114878 254.895403586956 251.778840720554 256.30935721981 255.509311412364 250.463369836902 241.484224115259 232.070911180841 225.836473274745 212.64090310261 196.675815962889 182.237273732103 -9999 -9999 -9999 -9999 -9999 -9999 -9999 -9999 -9999 -9999 -9999 -9999 -9999 -9999 -9999 -9999 -9999 -9999 -9999 -9999 -9999 -9999 -9999 -9999 -9999
1133.5012938847 1202.47724785416 1241.15584639585 1505.41396640523 1825.87655300394 1888.49450288924 1808.44677264689 1724.17094687342 1583.54221578332 1389.10384664424 1232.17785876931 1061.31629916354 1001.19847512068 951.254856377376 897.693397137672 719.079351538653 482.907226937294 411.939461344688 315.773126229821 297.729377993179 280.394118941375 266.454251615703 265.863660514255 269.792091671437 269.514966781516 257.670154207263 250.698377619458 246.71604368 242.243683190899 224.857983051193 201.807482200736 236.680029134305 -9999 -9999 -9999 -9999 -9999 -9999 -9999 -9999 -9999 -9999 -9999 -9999 -9999 -9999 -9999 -9999 -9999 -9999 -9999 -9999 -9999 -9999 -9999 -9999
1188.51902796217 1604.82588319559 1636.85823857722 1270.49810987987 1452.42992287322 1689.35137062646 1609.31016289809 1595.60597751038 1553.58573770272 1400.58435622749 1183.75245755078 1087.36919177108 1040.81661063821 869.712970903184 834.493098204627 838.897280550619 559.189551577181 357.772289321352 316.31572578336 300.30035915029 297.876019135153 291.961369375128 283.652033076893 288.545248324857 282.385559660088 272.221048593881 272.058865155411 266.08372104845 257.277234346435 240.058770237186 200.052937714907 230.815974336553 -9999 -9999 -9999 -9999 -9999 -9999 -9999 -9999 -9999 -9999 -9999 -9999 -9999 -9999 -9999 -9999 -9999 -9999 -9999 -9999 -9999 -9999 -9999 -9999
1155.09909226979 1399.53268783635 1722.98687204816 1548.94344186786 1269.26609574473 1354.3205816404 1393.41478953696 1421.30252119116 1428.15992225846 1343.1646789545 1193.97119459751 1020.28934514928 985.798735799763 992.155716001933 845.559815468698 854.970803674739 884.787824946687 619.393260398413 416.622362214881 358.523073720924 321.280763652798 311.794539652993 307.011746592087 305.357914039552 296.667216627481 297.61274630378 288.239105436861 275.665213466664 240.828110767736 244.353117941835 205.917189307245 -9999 -9999 -9999 -9999 -9999 -9999 -9999 -9999 -9999 -9999 -9999 -9999 -9999 -9999 -9999 -9999 -9999 -9999 -9999 -9999 -9999 -9999 -9999 -9999 -9999
996.10489800501 1076.69489630319 1158.25688534396 1302.7094787957 1301.99387754851 1199.17369721956 1213.04029382984 1243.73662461717 1251.63813821095 1222.8691571829 1177.15344777275 1039.37305799384 937.036955119759 917.044938308293 856.46550523514 897.320558177998 802.170037631419 612.877182703696 431.967263022191 368.757227120191 365.800322253333 384.331506585821 379.989949724929 349.320213457292 322.228339395634 314.473217270469 303.804281784914 281.793338441402 233.987921161144 218.82973610118 262.14213990986 276.493895768282 -9999 -9999 -9999 -9999 -9999 -9999 -9999 -9999 -9999 -9999 -9999 -9999 -9999 -9999 -9999 -9999 -9999 -9999 -9999 -9999 -9999 -9999 -9999 -9999
841.237821127271 965.664936629578 946.22549496444 1002.20139757686 1119.72908558771 1113.29365285341 1079.19098089021 1047.35492699222 998.583567882222 1051.39764454661 1107.91690141597 1013.7023874412 962.686134576741 925.515459656106 890.722243936243 852.10909520488 815.509130922391 788.12507938242 576.044764110044 481.767032729335 535.147596835103 566.790890222151 533.778080224386 400.277456595047 347.213126119547 333.923342807799 281.901377566873 245.231482756704 232.346375726979 277.993743851508 298.435978725071 294.154057257211 290.572211039999 -9999 -9999 -9999 -9999 -9999 -9999 -9999 -9999 -9999 -9999 -9999 -9999 -9999 -9999 -9999 -9999 -9999 -9999 -9999 -9999 -9999 -9999 -9999
747.467767697079 822.025713462709 884.865407796655 854.814788431511 906.064958351334 972.520579526672 986.59866240273 943.362459854631 890.197935008215 948.082829069897 1018.61371307942 993.657500542573 954.997772246105 914.702526224896 894.096580699501 817.178688127217 792.026720175403 704.962758862752 812.620512094437 705.166760713556 776.076473644544 653.83165915449 505.035139462762 439.988915497895 373.720634220177 325.602418865977 283.000688957148 295.809337528264 290.940733129975 314.892626093127 317.250938420975 311.054850367819 -9999 -9999 -9999 -9999 -9999 -9999 -9999 -9999 -9999 -9999 -9999 -9999 -9999 -9999 -9999 -9999 -9999 -9999 -9999 -9999 -9999 -9999 -9999 -9999
678.788102558172 717.949844605515 796.137779582464 818.70264376741 807.643150425654 870.645044354654 886.684755827841 883.711663660873 881.205040282545 904.331359165872 948.388621983761 961.654357010591 910.083986871984 837.860540620914 792.374860089684 803.735105814935 747.769027382932 782.698642309901 727.69883646817 729.578381572711 726.414210668844 585.387674648516 439.218408727147 410.329980248964 382.961885147904 352.730446823509 334.229069919018 341.592854745681 341.970149243988 342.713040277868 338.925269102198 332.169938802301 -9999 -9999 322.64730054323 318.35509128031 -9999 -9999 -9999 -9999 -9999 -9999 -9999 -9999 -9999 -9999 -9999 -9999 -9999 -9999 -9999 -9999 -9999 -9999 -9999 -9999
615.669415955085 651.696989120014 702.229847759844 785.344544336213 764.678148637982 786.356367889839 829.943159402133 855.779742069977 863.850051437455 872.654959380231 888.68987184496 899.038333345414 857.365381277045 776.968989947272 715.508674309074 705.902115201046 668.397467262579 729.54743606954 715.176364072865 701.403313284948 702.346971282641 568.49441417317 470.046805702927 426.191246598437 404.115581535296 402.049744076 380.926995672688 365.395607289293 367.925048400001 363.335471674971 355.94778807529 348.946728238362 337.176133320001 -9999 338.24418577835 339.384155543415 339.919173560236 -9999 -9999 -9999 -9999 -9999 -9999 -9999 -9999 -9999 -9999 -9999 -9999 -9999 -9999 -9999 -9999 -9999 -9999 -9999
569.912101747487 606.640952845028 642.172531349357 703.426010188414 731.430487168929 744.972379364268 777.564505270051 817.804484158247 847.319051513475 866.506233876779 885.912064677115 885.543597707798 822.582761843845 763.839411232494 722.847414539547 728.769376491169 747.902635766209 759.757560513447 754.427785691834 751.609359939998 703.107360472066 626.349303058466 541.819448008286 454.525630365156 417.868101089072 408.085988939784 413.959505580323 404.987430834201 395.608107180165 377.329881194753 369.943825253878 369.815072138383 356.180395164584 364.401833775266 361.581776031431 368.081546399431 359.397261222186 348.175668557409 -9999 -9999 -9999 -9999 -9999 -9999 -9999 -9999 -9999 -9999 -9999 -9999 -9999 -9999 -9999 -9999 -9999 -9999
551.342793456059 590.043230091758 622.876572199997 651.791498550951 684.852611132532 712.56448391305 739.675027536338 780.125426808188 822.449613464784 853.485893414235 872.73477183677 856.200655858691 810.900490685869 773.180126739307 773.255955819211 761.711497322576 763.416521217596 727.987785504917 748.477948410196 744.426493238189 715.343041920715 654.240526006747 555.618556044097 505.482711777732 491.164938321762 461.030431735283 425.857538637885 417.612631286385 420.959558427986 399.653615054139 398.981874216768 407.534745412341 395.096651524774 394.651835898594 408.203898437824 405.578858315338 388.177025870389 373.459998885044 -9999 -9999 -9999 -9999 -9999 -9999 -9999 -9999 -9999 -9999 -9999 -9999 -9999 -9999 -9999 -9999 -9999 -9999
551.476500985872 585.484796053807 614.600868528197 633.5399877095 651.806634860402 674.666646719124 704.659702680008 749.334790167658 800.774794546406 833.259008841937 856.293065964443 854.018211626155 834.268084541804 794.207533964037 784.796954769989 792.775728222202 726.647635283878 739.754650028585 750.668984242043 718.854627581584 694.830853736334 691.464405968107 648.226205812338 658.255663958432 648.308267125131 537.688243765489 460.950072108117 452.770047291199 453.974074183235 423.986957265971 430.694642332941 440.34221923673 441.978778401244 447.179367858481 441.239310416854 401.677755315935 387.438030587208 383.201071189821 378.084796218215 -9999 -9999 -9999 -9999 -9999 -9999 -9999 -9999 -9999 -9999 -9999 -9999 -9999 -9999 -9999 -9999 -9999
554.508232441741 577.615674997798 599.611053778173 617.698273333127 631.025982213817 644.956416383551 669.653754782709 719.822821872105 774.988763969749 812.928950442385 854.139852445029 884.476933435136 879.580147358185 857.169406150323 824.2480070141 832.248950839249 779.341224520222 782.699170481915 784.733209964451 771.448665710477 768.685899888365 807.085515774949 862.023386599044 833.42418070461 786.346227607989 652.405990952505 534.208434160834 505.598613574979 486.190557931226 468.10968640715 477.294280615886 487.165172925909 457.475415115977 463.455509938528 468.528558990883 439.05806915844 399.878683016902 390.945295796807 396.705809855901 403.486577179823 392.776997187136 384.397221341611 392.066794862032 398.356088757197 -9999 -9999 -9999 -9999 -9999 -9999 -9999 -9999 -9999 -9999 -9999 -9999
547.15114213471 561.245482832489 580.865062019999 602.443542320961 614.461686225173 628.324968956474 652.887550603219 695.416916277444 743.740085189674 787.563494178021 841.427405515434 917.213100731854 940.453191299993 926.223763800918 959.495093156254 883.5653862271 859.465257606167 779.235685910318 828.126827202917 861.384567776552 938.551435129097 978.097286640052 919.102502856761 879.475684973742 903.855866239181 872.016176866822 796.972351898978 633.819329114608 579.760000681771 536.257106940003 567.59012643162 548.397409854167 480.863432224074 440.295378071733 444.273356232423 450.133182161381 437.621124958052 415.357522985308 425.613889621253 456.550099606766 442.089477002567 410.536388691104 419.620592585854 455.739183691905 452.77443150142 445.933266047283 -9999 -9999 -9999 -9999 -9999 -9999 -9999 -9999 -9999 -9999
525.766736256286 532.769442921569 550.700356207805 579.260318014646 592.352950988399 610.102663759104 635.058441785974 667.405764462059 705.511261706176 749.824683858739 812.378164693639 911.405045231158 1013.18872277634 1028.33463026659 1007.85957959494 1065.76695060522 985.38828514599 923.366126352771 923.970155592756 1045.94525002636 1120.54175783213 1009.73809190514 924.846069330197 942.166576204119 1071.06172864233 1058.64872757361 933.126179046575 857.264800982502 827.281639632598 690.175636885088 715.426648381766 605.429677956667 547.803506722622 501.64816811312 515.311397221763 466.470250094271 462.20540411839 451.242849394687 481.820609134169 558.374806442753 542.505176105135 476.042502784043 481.447580251599 549.368574788715 510.728008871016 476.516583100528 489.837304616192 458.318331213486 -9999 -9999 -9999 -9999 -9999 -9999 -9999 -9999
501.408027396541 498.087711353103 504.415209733837 531.303193113737 559.950722739325 588.213814275618 613.914625953652 640.327848342433 670.559121495113 709.840559891229 763.840109214407 870.614392211219 1023.94185506044 1172.76333373326 1142.14581720092 1174.42704606943 1247.48092741182 1114.50052877642 1048.91876424696 1142.77431999217 1300.14178726546 1235.92092797524 1173.16976712449 1265.17061341635 1257.32007521568 1139.71528058986 1110.57730769251 1142.52850338523 1026.915269633 864.171300966645 708.375700786229 662.118355107833 611.960617032347 638.895547189774 630.369192824774 638.117259896798 600.172941830507 542.308303703033 520.797505523988 641.163531448725 697.851650125511 687.26327813719 532.776271072542 588.011810606043 744.449827705451 595.809669842064 585.848319884457 513.298425756416 478.545056211929 -9999 -9999 -9999 -9999 -9999 -9999 -9999
482.837386801068 479.154012822559 478.881315362986 492.596854973184 532.581192691383 567.820150927545 593.525644267036 622.013715014178 654.828460724152 692.757833023521 739.723776040011 805.397918939469 908.934706547667 1101.89130209783 1267.23057570406 1396.4480990766 1433.20172674388 1472.86165504695 1305.05041254831 1380.65750843765 1469.09591295513 1506.18299080875 1413.83011623308 1466.26007825037 1381.53033468303 1270.04193892452 1319.90920652705 1221.89990451596 1052.59278985679 954.829209897201 892.374494281886 825.13465344719 754.97768528062 758.100210745751 769.753387701429 771.649082250446 774.416550880281 728.675677703678 609.178179457911 687.896669929949 816.583128522118 797.23229419261 638.601855569659 743.639456975392 685.112309670058 492.388670201586 508.42219833901 512.787819871745 481.069100377679 -9999 -9999 -9999 -9999 -9999 -9999 -9999
472.7500498 472.640764801409 477.236087410166 492.878911409809 523.662951512447 548.137685720588 567.09344711274 604.754234090961 650.917770483448 691.195147690064 737.188687608118 793.286262410817 864.322738639092 961.029868453816 1095.00674887956 1327.31251388422 1496.04294732674 1549.41704027307 1588.1696133577 1590.38798875011 1554.90903805481 1599.57399105671 1656.21564020279 1678.65550069795 1544.40839706097 1382.02905188468 1370.27502770999 1344.80018095927 1194.26027808552 1092.11928503737 1044.53200026441 947.564074617932 896.044239145204 839.16842600454 835.294514041247 809.821102769227 812.040097134966 809.928330983106 817.788491711685 828.049377000665 832.308781920999 844.465476250781 808.06083434367 805.246998156769 566.93622504645 517.648641026022 533.67091511576 538.857481105348 533.878766450088 501.957478110465 502.215286516802 504.026196027889 495.149347424974 -9999 -9999 -9999
469.586489073782 467.548500289208 477.469284730698 501.053927473548 526.807849812304 540.409310332578 541.019257432555 578.553893171432 641.002974439286 688.765665036394 730.497955686246 775.960674248653 832.688277423489 904.858166280194 1008.45862837311 1156.93876484226 1285.88906789866 1427.46927693678 1500.65714277736 1518.62971414171 1490.96025530603 1503.0425913277 1650.49635760414 1739.48150792708 1710.44163990197 1592.20060603277 1450.18687672836 1415.32052343241 1289.72636332233 1173.63288855694 1092.76879322595 1024.6109288062 965.032384103741 917.126787836143 879.982429852026 852.04275651608 853.274519741558 858.517786067756 855.846461666739 865.012875600773 904.20755374023 887.63163755163 850.545629215273 738.676651558713 587.137899232797 559.753108819102 562.092908302179 667.183983624187 593.630837250901 543.473783314287 570.541833685133 550.547298226818 524.513376090952 520.349459975211 -9999 -9999
