catData/variables/futureClimate2070/rcp85/IPSL_CM5A_LR_2070_rcp85/bio16.asc
NCOLS 409 
NROWS 350 
XLLCORNER 60.897278365 
YLLCORNER 5.843756025 
CELLSIZE 0.0892857 
NODATA_value -9999 
[rows 150 to 174 of 350, columns 224 to 279 of 409]
1313.62262459208 1290.46530542454 1258.42093695578 1235.47573815668 1227.01110136431 1228.7266961 1240.65679199811 1258.01868055764 1278.39528528759 1296.43497537043 1304.79332401345 1306.22061620359 1304.22907220311 1303.94739888549 1304.04862194465 1301.15725341752 1303.70511547551 1312.42602064 1315.47392509993 1316.61901342339 1317.625090656 1323.11614742 1338.39689015779 1350.74496426099 1357.72783418 1365.55465168797 1374.28032224 1380.19978901081 1384.18478590893 1380.72062051269 1374.80372742508 1370.2125622625 1367.34815436415 1357.61259487575 1350.02349016617 1361.29352028407 1378.88310994249 1387.50349594427 1388.08020735745 1354.12574922487 1306.74097951963 1277.48143673008 1256.72043016142 1244.16250258712 1252.80665354017 1272.69869042155 1292.54373413736 1306.42317964673 1298.20402744686 1280.28351814759 1271.82963810759 1278.0981951506 1314.70326706911 1359.94966004432 1373.72181984317 1377.99363573006
1330.47115239505 1297.74948673279 1261.54153553509 1234.36716738754 1220.89091975245 1224.23116290302 1237.56492267169 1256.9132178487 1274.54658680681 1291.09673082528 1302.74870618524 1309.28254578489 1314.56655617615 1318.04197077775 1319.53491254148 1319.48397507206 1320.67890056303 1332.96281309123 1340.15958126645 1341.99313270832 1343.37367586683 1345.77720152001 1361.11825086082 1374.7133249104 1386.00269282963 1396.70789194111 1404.18655050197 1407.59324874725 1406.35691454507 1400.60319273782 1390.86995889185 1385.25136176839 1378.49592564456 1367.57411339174 1353.6194486095 1370.12951445446 1388.79011850803 1396.44282701854 1423.16692477681 1384.35380576686 1317.67936261322 1272.40215632503 1243.85870351103 1236.93912113267 1259.35819890582 1293.0235045776 1316.59588414667 1325.72319749801 1325.94932687039 1330.24733313397 1345.08420635675 1353.24256050398 1363.47761011703 1394.4268396741 1412.45486524004 1413.75713963176
1336.8300008283 1295.91180977679 1257.32909323813 1227.5142067045 1207.94390431834 1209.43289316225 1225.34882027962 1244.4229490721 1263.87196486776 1282.59106399146 1296.40107814828 1304.25313011295 1310.38588231746 1316.03188350164 1325.78137432306 1331.86757184724 1335.57064763731 1344.31152290034 1354.27160184627 1358.1789840572 1359.94158917223 1366.36589139475 1382.26824295245 1397.0663471214 1408.43353331105 1421.47537713055 1430.43872366283 1432.82968998736 1429.06339872612 1417.97464694935 1392.31388026956 1388.86564330243 1379.27553660037 1355.99902560026 1341.83194956632 1361.16678559507 1379.62232585725 1387.13432742549 1416.3314097305 1369.54404556806 1295.92254823728 1258.70445949761 1227.26832837999 1233.46766010984 1271.88397121004 1317.12800559923 1342.7647375472 1330.53990613465 1326.41819043646 1362.20749343676 1386.76508710559 1390.72135577534 1384.89751420866 1382.06008053988 1388.10862693765 1397.33134098539
1340.66197456031 1296.78589962423 1258.42088807543 1222.07640075812 1189.8650250611 1192.24324367621 1211.54802101965 1235.64546824967 1257.12893477844 1276.29273085668 1292.60114124768 1300.21085811964 1302.72765717596 1308.28951638857 1317.19481450938 1327.11118013474 1339.21387779116 1352.9305209564 1366.12214017814 1376.09940784957 1381.6213571 1387.87678516583 1398.97108968707 1414.34636043315 1429.53884736341 1444.67707673852 1454.36973254319 1457.07741509437 1451.93977645613 1439.25647195999 1407.6605094459 1391.98635808632 1368.92003404864 1345.80648713916 1332.27872212628 1335.49860120846 1338.72163197325 1330.89816196158 1378.43676531571 1333.36977629603 1274.68865409054 1258.33667013963 1227.36629087548 1247.21027483416 1292.25968788571 1342.72776607289 1373.92695730826 1347.80769263367 1333.85898719543 1377.6194790168 1395.4907930252 1380.53986659454 1362.12680442663 1354.51711528349 1346.11138739452 1356.24612338791
1371.17369121352 1312.29837436258 1294.03986977395 1239.21406312793 1182.52742653677 1186.22583919065 1205.98245052187 1228.29160106001 1250.67280178461 1268.88796378907 1282.15866195986 1290.98264251582 1294.37475298 1299.16945677828 1305.76546078878 1317.31965743899 1336.26852502026 1356.15651404083 1376.49528808459 1390.94556612503 1397.69647986109 1402.95986956 1413.08095522 1430.55703380284 1450.09380652891 1468.60023055334 1482.22188588888 1484.23179289169 1475.22067668005 1459.36747570838 1434.01540906204 1401.67588550836 1375.08253060894 1350.38903676237 1331.88695077366 1322.7984835267 1316.01872978318 1303.65848226044 1332.75590215567 1339.85500130731 1320.02226428805 1290.13658007229 1266.39619568549 1280.61012058276 1317.86869598293 1362.07103041399 1394.48390821863 1378.79312134136 1357.26919627316 1370.3771377429 1383.2733777544 1356.05888616433 1288.03272054109 1249.94929390035 1266.91068312883 1305.58361359721
1400.23638656428 1356.61835455467 1290.64297219649 1288.20485491663 1232.24665890152 1204.61952546166 1213.78834044979 1231.47580760469 1248.39683571235 1265.29589322 1276.70256252725 1282.49389875662 1285.46956462467 1289.81418822512 1291.24728978945 1307.77329918713 1337.40414167513 1355.4997908658 1384.72847503562 1404.73115154386 1410.48414379365 1414.62664112344 1424.06321272 1443.05209677097 1468.1176941304 1493.70829090446 1511.43292797525 1510.44329075084 1495.02342087175 1458.81133401841 1423.02817672382 1401.70439087072 1381.76322387999 1357.0069964391 1337.72697731346 1323.36903284096 1321.13050501511 1311.79589160109 1313.6582254555 1332.97791289335 1336.79975756457 1321.58277113486 1309.85249492795 1317.99236713038 1342.29543902303 1371.13910905075 1386.98722574652 1380.84823846409 1354.23083484904 1337.37256594569 1330.81392524052 1289.83600655952 1215.64045319719 1184.25174724317 1213.21513821523 1263.07995608613
1403.59599400168 1378.57978553753 1348.70710012902 1299.79550315339 1296.87797304571 1238.88427382365 1236.03981560358 1248.93748590101 1256.67528718973 1265.64875072678 1272.95937476315 1275.62627842533 1276.216842308 1274.6346663557 1273.26584686915 1289.56391961667 1316.6232583353 1346.81201615094 1375.00666381784 1401.61529019809 1414.8199922428 1424.88272208068 1437.54026801437 1453.80890179954 1478.00626102037 1504.94768914812 1519.60230244512 1517.65614717648 1504.61752825732 1461.60845169262 1414.08548698675 1404.97774192567 1392.22177875347 1365.75946812973 1349.18020397064 1326.97881927256 1315.15759559754 1316.62713971894 1318.69883032618 1326.65225138972 1350.69447690364 1356.25742749299 1351.74676302714 1353.12917914258 1356.51995403027 1362.28380669384 1357.88400859738 1353.74680711215 1337.72194482528 1311.96768114366 1284.3179986187 1240.25600336328 1187.38254130407 1175.38165619141 1204.3388830872 1247.67021597135
1393.90210038414 1370.66771761709 1347.67835032185 1311.79869999344 1293.30510147038 1297.47862352687 1316.86709044869 1310.31714266462 1287.84663171375 1280.91272581809 1281.10310007699 1277.53977836 1268.5560903217 1257.30365046686 1254.05011233941 1268.53837261462 1297.9374994885 1334.41810715796 1367.43513009758 1393.29835021513 1414.57891668373 1429.98057361232 1445.89716046606 1462.49352104984 1479.92751736922 1498.67768279776 1512.64177940945 1517.22276457484 1504.07357383704 1464.45892229645 1433.47260667833 1416.92150533981 1410.43785118735 1384.35534112139 1360.55970694801 1339.809828843 1331.1031619223 1346.47526089037 1363.78783297817 1360.05692525483 1378.01350733555 1395.36941346 1390.92487459027 1382.48794561333 1370.85859570025 1350.32722083729 1339.75743045289 1331.16468362 1323.31762581001 1308.01598219423 1289.28953569115 1261.15993334043 1215.48440747717 1199.994331866 1218.88235583051 1247.7917336075
1390.69863931999 1354.20378118845 1322.58578360744 1302.9271953384 1295.09123639637 1292.03697842828 1316.06554924035 1343.86252674238 1347.73230246717 1316.59880815276 1297.38275283728 1288.73867770418 1270.7235703187 1245.44332812167 1230.5267283052 1247.53326013094 1285.23166411922 1326.40536554446 1363.16226132001 1393.43290602 1417.66254018606 1436.21053172426 1453.02773012 1468.65677482124 1483.32104992009 1495.0815068319 1500.01254572345 1501.49991675431 1517.06766833728 1505.5766192572 1491.61961210766 1480.42514295492 1467.47140007259 1424.94352781609 1391.35409814691 1368.39442472151 1364.61895160024 1373.56381721016 1401.01019429412 1417.62193911982 1426.04180629009 1438.47684224536 1428.48593576039 1403.67645128876 1378.49591580266 1346.29623879777 1327.47508644364 1314.57467179269 1308.0321086122 1298.72843725372 1273.35006378639 1245.57118876817 1234.03526640055 1240.42290654684 1247.43039512116 1254.48752689685
1388.02418644893 1355.77533301477 1320.6744759555 1292.99605878427 1269.36298767716 1271.55093782872 1297.9458869289 1336.15357740729 1353.50751457785 1347.35622855968 1324.14942572957 1302.91539489878 1275.69358114008 1237.51971315003 1213.20050016185 1233.46676434835 1278.67893651782 1326.47934561831 1367.4953420102 1398.21120369939 1422.71220130388 1442.41991120001 1457.51520513703 1470.70588457197 1477.07667876527 1472.19457736288 1460.72563484306 1468.54429162949 1511.15439336053 1508.82201247138 1500.69104271665 1480.93901199097 1485.78777053595 1485.7204900976 1457.50195660757 1395.35804353582 1380.81891181361 1394.48280928042 1419.04975423481 1437.9673960238 1443.68242368527 1464.25590308413 1452.411682145 1413.060146933 1371.30100028025 1340.33444804 1317.06559895612 1297.79461670353 1286.83781425879 1289.40259525672 1279.33807077766 1264.99771518569 1257.88469788397 1247.84986467181 1243.52519906072 1239.99349677633
1383.74951481999 1348.47418288582 1319.00123542576 1296.51640060681 1270.81771684447 1257.03448915042 1259.88469891345 1295.01435794962 1328.31272459592 1344.35128550671 1334.1964599154 1312.64575761395 1281.58825103877 1248.6185770693 1225.28435423257 1246.55222822344 1290.51023139239 1337.83924759569 1379.16612048013 1410.62701256482 1433.56735190357 1451.84236957046 1461.04039896566 1467.1396891636 1467.99368512944 1461.48230378363 1456.88168612779 1463.98731023698 1496.35676834222 1503.20891898887 1487.45332432005 1471.10027668921 1462.69673620046 1474.62760424188 1465.88673986758 1418.64340050934 1384.9243918048 1389.17784552072 1406.19367465027 1425.28260503457 1438.68805174309 1458.02155682457 1449.67698250064 1411.86858798401 1364.66919270437 1330.46726009091 1297.62661475554 1288.00302438342 1268.40495043038 1271.18302148483 1268.54161486674 1265.53228845296 1256.2622311641 1235.39153994777 1213.02362313747 1191.76073631619
1378.80424500477 1338.54216590952 1304.6091185716 1283.98453682665 1279.75113286145 1254.86263792538 1255.14988337664 1286.504529892 1313.51036514224 1323.6698838057 1316.58682279586 1301.10344632726 1287.41448354129 1275.35320292408 1266.64905528988 1282.43142476985 1319.51731803002 1361.50810743606 1406.93950230796 1433.91535471147 1451.36093959861 1459.40307361183 1463.02739331265 1461.76859219343 1464.74314013477 1469.77409409833 1472.2585828399 1470.20697553539 1472.64847643253 1467.94484786636 1460.03433441628 1450.61318022176 1436.00805291513 1426.52088524164 1406.61341482157 1375.09447498573 1350.21303395815 1352.88478877866 1370.97038246193 1397.51468106245 1422.1761962074 1442.55789509157 1435.01910862773 1397.40015065891 1349.69627085419 1325.6266131369 1283.31480398282 1283.12582985803 1267.73098118403 1264.09656237232 1258.41091227786 1261.23626299428 1249.4320477056 1211.10138682375 1159.13777631932 1128.78310696483
1371.34420408034 1328.26414443205 1295.3226308974 1268.82879818592 1275.69300305478 1268.34780411101 1265.74870591792 1278.74004724001 1290.10846691101 1287.7058773679 1288.53749570744 1281.00252087597 1279.63235131256 1284.04052908885 1291.85355160918 1311.7827878639 1339.45915534047 1391.78136118967 1455.97778341248 1479.43225405644 1464.70571177552 1451.3905082882 1458.82124127214 1460.8810842914 1464.0413081627 1459.81645905437 1455.18726574913 1449.50292426027 1440.32614499671 1432.73452089677 1426.30414276631 1416.81328330416 1401.41118803033 1380.08115522309 1352.33232189295 1322.68768370629 1307.96884613201 1324.5825456847 1349.23297559638 1380.64240902389 1410.4374492129 1425.60605291557 1414.26048524 1383.13210940817 1342.54113299013 1312.23620627744 1293.6396917602 1285.60335531986 1269.29182040765 1249.94405557597 1240.43968840664 1245.13594458148 1227.42553344818 1187.71594022523 1125.71653117548 1089.59741465329
1363.77623954113 1320.60741023947 1286.9757934154 1267.71579560339 1252.75876880911 1254.12500173484 1250.70687272623 1248.2908552704 1260.93265970825 1263.67373367895 1270.02538437899 1271.96893361582 1272.91066572138 1282.71140478122 1300.01908340384 1325.94235354892 1359.42830890344 1434.54991914002 1504.33170670726 1529.22756931105 1492.71675752589 1464.00791957803 1456.21969471473 1458.04819599959 1456.61058105242 1445.45136655994 1436.85354342748 1428.33235352834 1418.98128210993 1410.94224724677 1401.42235985174 1387.98061341514 1369.79407885577 1347.440984003 1322.00742633938 1298.44541452071 1294.19390578558 1310.79582066011 1337.03522981857 1367.10811080768 1391.09812911055 1400.99694147044 1392.51098383608 1373.99728812832 1345.1773377909 1321.35959172704 1311.3057458673 1297.81009462813 1279.03638994576 1244.15550713295 1219.20659395512 1212.85982587142 1198.66452672241 1164.46873037145 1118.35556444108 1086.22573721586
1356.39675134965 1313.78757356247 1283.57302366929 1247.65032024923 1212.83632302422 1206.72262986437 1212.99105635731 1226.74275032883 1240.17142617737 1245.01199609408 1253.64337308369 1262.70336765899 1272.026566266 1289.72300762646 1314.89871913398 1346.96626877797 1385.51670218474 1441.79238925462 1495.77310733631 1512.56946093144 1494.47744839351 1476.46641845833 1463.64354165236 1457.39408229773 1447.14617031612 1432.94983080182 1421.39410960752 1412.12352991339 1405.75999561162 1396.88044698 1384.51833528548 1368.28184007403 1347.03167891913 1326.61300377773 1308.33320944094 1294.27284501294 1293.21521061358 1307.54713575422 1334.20824937186 1359.80478990163 1378.56997835832 1386.73444170697 1384.96406729445 1374.19374747114 1356.55138413429 1342.29382371374 1329.33784846305 1313.94242288361 1291.58645764403 1244.6939426241 1212.02775158949 1192.87128419514 1178.43941896213 1154.42718448854 1123.43787942216 1097.16400793433
1344.55443870874 1302.71806325998 1267.42600933612 1211.07543613999 1173.85522883483 1165.86861616136 1173.80497523886 1190.29917109441 1204.12305059254 1213.79899228272 1228.25322150816 1243.45513183647 1263.00085674973 1288.2580318858 1317.39522214 1348.722673473 1381.4978728181 1419.83100311363 1451.65009818319 1460.05614893115 1456.96321075489 1460.57712231686 1458.43972399094 1452.14532970242 1438.85902385062 1424.00669385633 1408.54233750686 1400.45469877071 1398.45368091438 1390.95343966207 1376.2971676489 1357.76205652 1335.19236206999 1313.04896127598 1299.96080685343 1296.9608336205 1301.06901790203 1316.09998660048 1340.81554876993 1363.82793456317 1380.76030574 1389.85515802758 1391.32729995726 1385.5678553537 1374.42924391265 1360.86920822923 1343.50459620181 1318.22484641277 1276.11142166806 1236.51737836958 1207.32874512508 1184.68095672144 1167.82655850797 1152.93161539704 1137.47314086265 1113.39115667281
1329.61536510433 1291.37874176984 1235.10142501389 1173.71846213999 1135.72190551482 1119.34450861645 1125.09948776394 1141.52868988 1157.77546300354 1174.58363864237 1196.46868943138 1221.66100658 1249.07934458942 1278.16305433922 1306.18870533178 1333.72071996238 1358.3477151969 1389.36215472473 1413.01282281173 1425.6192890995 1434.38580969645 1444.62441326 1447.85702313049 1447.9429477129 1436.35260888743 1421.03121872552 1402.06095261886 1398.19152323477 1403.61940548655 1398.35405387645 1378.90043856247 1360.97164413182 1336.03059065999 1312.70614950434 1300.6053039164 1304.21487545162 1314.15874291015 1330.21615782513 1352.56773461065 1373.31639147104 1389.99920064429 1400.36094655409 1403.06254268389 1400.85583052108 1391.0585867 1371.67590554711 1341.75784629794 1299.41187616452 1255.20555204061 1226.42051100237 1193.59096548694 1172.09634814788 1155.28554906384 1144.39177172344 1137.25470800762 1126.47280013789
1309.65374406691 1271.62456188078 1201.73942066662 1133.49759052293 1097.22172941038 1081.46448596 1086.26648145044 1101.47467518001 1121.69983204327 1147.64654044123 1174.33783788875 1202.1344244195 1232.37993359991 1262.28174098724 1287.62565412333 1310.2460503749 1332.72140938 1357.20323656 1380.7350181707 1403.72474766401 1424.10228094433 1433.7985211582 1438.48563029171 1445.28286363246 1440.52385922112 1428.45996173263 1418.94773177158 1425.34694475003 1436.17716859412 1426.79389278416 1396.5821457934 1375.96924909072 1347.19934883698 1317.35790172606 1308.50399914889 1316.17738383717 1328.02523612993 1347.3470366804 1366.19802847601 1381.86421986723 1394.22223714697 1405.53381471317 1407.13822468845 1412.42903930647 1407.74209811388 1377.32906092625 1323.71806007473 1272.64487300582 1230.44029365599 1197.68035922847 1171.88799982447 1147.34653338841 1133.40669855181 1123.90964823794 1119.18316680814 1119.68700765221
1284.77980395605 1242.31672415419 1174.74040391452 1093.77832650679 1062.99648513052 1054.75586545254 1061.60851634618 1082.96061223894 1114.34450409364 1141.10731799172 1165.9542564629 1191.85995281799 1219.20390268616 1246.58158470817 1271.00620666 1292.03241612918 1310.84699700685 1329.56648891277 1351.18829604561 1384.51201478917 1416.68227911067 1426.59046333011 1437.80083743605 1445.08891995808 1440.46515212587 1438.51347936627 1448.35266661911 1471.04516546395 1472.57936707032 1462.26335122086 1430.69510364 1407.59577388936 1373.74897433999 1342.52048576496 1331.63209716254 1334.70628683981 1348.55648583519 1366.11027734541 1380.02097375608 1386.81006726224 1384.38141365205 1386.56855915187 1400.34279560575 1407.9638268412 1414.23245366468 1383.79789173671 1340.62058236332 1273.54238523359 1200.86561548751 1167.29556315096 1140.49849363113 1118.812785443 1103.38296434 1092.98588637168 1090.19340714647 1092.00568188185
1255.15336517999 1208.83709062524 1128.13992950546 1063.96421809999 1034.12039973016 1032.1354408417 1047.93060263878 1079.43468489363 1110.79592535484 1136.88077316001 1158.94659190636 1181.71238119849 1207.69472531972 1234.486518 1257.28590458428 1276.98829094337 1293.47249702915 1309.61687491159 1329.28279736599 1365.40522609177 1398.02389709667 1400.16831109729 1404.84402078812 1415.32624566141 1418.43452537116 1436.13179933168 1467.50211124876 1516.02658651488 1533.9511853106 1500.38223661206 1466.08840479838 1437.11613291446 1411.86500238377 1383.10105793691 1364.1308363984 1358.71320097083 1370.37522255108 1387.87424957015 1398.78283752544 1408.67293663424 1407.61690084759 1367.27461495563 1387.74634757806 1409.9441252881 1422.26521126535 1413.43251361725 1347.28426864742 1254.46252940778 1168.89483545999 1133.27265417324 1101.05691420597 1078.66256086718 1062.99855995159 1054.12674026076 1050.35949351251 1048.28726174822
1226.80611681255 1167.28340402736 1102.58557762223 1043.94450693657 1011.48911824625 1016.99768332447 1047.62803215295 1085.95179661528 1115.24135283988 1136.44285032102 1153.24355539166 1172.43439367194 1197.18169971138 1225.7201259134 1250.80580355469 1267.9963695853 1278.94368959708 1289.39652421132 1305.76204636222 1329.6883554769 1349.65794754 1354.92867682621 1351.98305784606 1350.61389340343 1359.14619127844 1396.12102206252 1461.35746002272 1535.74637135982 1553.74179577967 1524.00883180151 1486.67957017268 1469.72291511457 1442.78882159098 1419.35308475208 1404.9086258562 1396.9689962522 1405.21990276257 1414.92377599089 1421.06360720015 1424.35065920479 1399.10257274413 1357.43459521528 1385.95675472167 1430.76165238842 1449.57078412617 1437.13478355314 1326.06184757485 1199.45510911622 1128.82678508315 1091.52591433534 1058.80279848983 1033.47591944171 1016.10909392149 1007.2112345596 1006.57039059025 1007.86845580045
1198.46168046946 1144.9977403363 1088.96698753516 1035.90941278548 1003.31694311235 1020.02589259733 1066.05035450399 1104.33945872903 1128.45900631074 1143.30618596142 1153.45712156459 1166.69879091245 1191.93932211583 1226.6812856939 1255.34739169366 1266.79231382913 1269.52361212273 1272.87367728207 1280.96264150459 1294.30810163799 1307.60375764 1313.48593555687 1308.89756024493 1297.7922236 1300.78641705527 1343.55988784073 1410.29202686326 1471.26734901412 1499.37906241233 1494.22597439049 1479.28579053594 1472.05781492849 1460.27060606935 1450.19787303873 1442.30277939662 1438.55943081512 1438.54531020112 1439.13781984031 1439.32287969589 1436.97602548563 1423.32559798091 1389.26802122881 1384.42084261836 1407.39369022001 1433.20227992 1428.39482835465 1336.25823259711 1169.23782311069 1093.15631690051 1055.87724258631 1016.84961279149 983.841672900309 963.789991468291 959.495546196909 965.907437514034 972.009522448448
1176.9536454178 1122.67804539458 1078.81783284478 1040.2835930557 1024.43293418687 1047.67933944486 1096.90367546317 1130.18561694001 1146.85022448 1156.85244976 1163.3085023963 1174.06046311813 1201.53520856315 1244.13531914001 1275.60929872215 1276.68919747115 1268.98091250533 1264.58947263202 1265.19346850529 1272.88180938464 1283.47796654 1289.6252931 1286.92390617363 1278.30239736467 1279.00694420462 1309.42918682951 1357.98084447361 1404.00561476781 1435.41109730996 1447.89229183566 1454.77591122808 1464.33613163401 1469.42290397839 1471.71217498413 1471.14468970311 1467.91855924547 1460.65749867213 1455.02389920548 1448.12078221917 1429.14120317707 1402.56615971497 1368.49181888903 1368.4428800412 1370.2320380316 1388.21949074057 1364.87787598489 1278.30173947041 1164.05253083289 1065.44885415909 1020.47304889998 975.62869652 940.958327829175 920.712920020866 920.968634487112 934.921997647203 948.020300616497
1148.4072611145 1090.36861229998 1058.82188398762 1043.00029804222 1045.37805004943 1076.16777660806 1118.06193105693 1149.07381077586 1166.97257865378 1178.07446043674 1188.32086471606 1205.70194864116 1238.29622509524 1283.34635301023 1313.31530314213 1301.97480768178 1282.41732109649 1269.59505629582 1265.38963019645 1271.95939724 1280.65486792065 1287.2137812 1285.91657917701 1281.55183733037 1279.08884088315 1292.98535284615 1317.16018879256 1346.29289364369 1375.46732571393 1398.69999028276 1420.77879810728 1443.00211837498 1469.92672437027 1487.31392258176 1496.14001659028 1493.26751236497 1476.87029481081 1458.46356835411 1443.74291009569 1418.70765873603 1386.3487879505 1362.49962553618 1340.80986146804 1331.29429633863 1326.0260979816 1299.87676035855 1235.56514346035 1143.36513219994 1050.31418219042 995.764179275365 948.005677331031 919.520669959105 900.936122726491 894.512653076919 910.257804220006 930.131425877174
1109.11190792484 1051.40274111898 1038.97877654697 1045.60610534495 1061.53013318113 1095.58552355693 1131.89950030196 1164.12993698948 1186.85670025113 1202.4188547728 1218.44811532723 1241.2170325 1276.80873720446 1325.68574512001 1362.94271273583 1343.79361760568 1309.57275497726 1284.31878987391 1276.90650260082 1286.2966961253 1294.60434144447 1302.07552464455 1302.2900413772 1300.11784337296 1292.21053729513 1288.88443079264 1293.2073894661 1305.44553103986 1327.61636026236 1356.60411260357 1387.94461721498 1414.80615147664 1463.51168252029 1497.41444659019 1519.71119712 1518.62403162601 1495.9478412 1455.38317048095 1417.20684158347 1392.54285941415 1375.98331824695 1351.13256666386 1322.03619828928 1313.63894654301 1293.8753517162 1252.04883792923 1203.19425169554 1124.17507623524 1066.71988074196 1000.56816747998 942.048064594947 910.4267170729 894.493754781055 882.999712627379 895.380994776222 917.454101817695
