catData/variables/futureClimate2070/rcp85/IPSL_CM5A_LR_2070_rcp85/bio16.asc
NCOLS 409 
NROWS 350 
XLLCORNER 60.897278365 
YLLCORNER 5.843756025 
CELLSIZE 0.0892857 
NODATA_value -9999 
[rows 100 to 124 of 350, columns 336 to 391 of 409]
-9999 -9999 -9999 339.007434598559 295.753444150961 -9999 -9999 -9999 -9999 -9999 -9999 -9999 -9999 -9999 -9999 -9999 -9999 -9999 -9999 286.881414210258 292.545860356985 308.084876046601 316.829185554519 353.308725739215 558.418696837992 992.39172395063 1351.8666023373 1482.64807741908 1280.54438899703 1464.92404773825 1610.42453755162 1477.10549269852 1504.31062151226 1170.48627792534 1412.25424196501 1802.63396390047 1839.40608424053 1618.21845686314 1483.00808215886 1688.24031745201 1917.573363316 2060.32810385196 2158.51800272809 2292.8061098015 2152.24636765518 1879.18480747769 2142.56121705512 2230.88597888858 2180.49576479992 2683.80518193353 2817.85963133446 2697.47182186621 2513.97158373199 2355.65424263826 2249.5451086825 2122.59835951689
321.537889142763 413.818371133101 527.32068613748 391.363713565151 298.484305022692 297.300945208641 286.54265584536 291.969053380577 -9999 -9999 -9999 -9999 -9999 -9999 -9999 -9999 -9999 -9999 -9999 -9999 305.142834915143 352.548118793804 462.357031941931 537.98115001042 733.639946816887 946.196019545365 1066.06137941119 1336.41006894971 1571.83808256227 1509.21700041712 1768.83605351029 1641.25375119341 1597.24014692537 1452.93180944856 1578.22469863749 1775.34286851131 1991.43285540029 2055.9499979338 1894.61455103661 1924.86178976199 2094.00449035348 2017.76707229209 2068.90195285336 2044.46112957888 2000.73909595187 1993.4081865558 1796.3889080433 1981.65254352965 2299.95671172203 2631.03429043096 2625.90598908462 2498.87573056867 2334.60925242403 2197.56576604939 2113.48400578174 2076.05269090475
355.866001817725 468.434058052787 732.450951774139 428.094204628042 363.596857235061 368.006930336895 326.085964326752 315.799829317289 325.154406999024 -9999 -9999 -9999 -9999 -9999 -9999 -9999 -9999 -9999 -9999 309.594786853778 332.612640723579 380.63091433547 556.675901501172 910.477675200455 1190.24522869512 1288.17768470373 1254.16046332902 1144.96134151898 1333.62869569646 1629.41662505454 1388.618128181 1509.82457687304 1543.66039896876 1683.55945318639 1349.73568453661 1466.38262796329 1827.68253069387 2132.80156514729 2116.07831435693 2060.43229400724 2017.76310692787 1976.03269732816 2008.90223198047 1871.18273658903 1984.67432301792 2253.36996910795 2247.26327243194 2329.92940952347 2418.20459913711 2415.96725217869 2355.36862115626 2239.09747274242 2100.82766572554 1997.02000065653 1953.28186361163 1949.85536198259
445.035776854674 716.563818186673 1130.36155523165 515.266050065148 510.411866111443 446.093729542379 464.706421952458 364.436178301061 382.495718087191 462.394447362509 -9999 -9999 -9999 -9999 310.613406348386 306.503991043652 308.534188859318 312.433285178967 366.432458667537 374.3959966266 449.942664480338 584.36259885771 722.043959356939 899.575797958881 1011.55386543881 984.905820840712 1155.91648671006 1317.3744655195 1532.43923644981 1574.761398188 1457.71332169595 1373.18026823504 1395.97448106472 1838.27525372353 1879.1929079842 1572.735566961 1693.95997395292 1951.07622874956 2076.68201513778 2014.19892816599 1894.73264067403 1855.94877675731 1951.79199632824 2070.51710819445 2166.09216621133 2193.15918380172 2215.61606106924 2229.98593185387 2227.97491240851 2192.74315881813 2123.46629311154 2015.87041924687 1888.93161024559 1804.44131221999 1800.93998011726 1837.33008988203
514.8766395693 1012.29458641782 1309.21548656693 913.682164428616 826.767170279123 623.180842740576 711.785151501654 502.125541995846 516.508517574033 576.85052114937 389.973971680063 357.039887634269 365.625487337036 350.740339068186 343.90862668906 327.761853437126 320.684912725829 336.76216532568 530.866139951848 663.826428703718 758.939869481839 866.384860836376 1027.36888995585 1182.24453464492 1184.86244406308 1143.12949532307 1116.22112052553 1218.12935518731 1430.29637384735 1571.31719544938 1692.06273185834 1583.89522468998 1648.84043244629 1853.45956481427 1948.75536331877 1791.6787926377 1865.481825957 1980.77132712309 2071.55611933695 2081.6471539563 2089.94215552045 2087.31847411753 2060.87995477991 2077.58661786649 2134.36699635082 2117.04631675672 2106.40845813512 2094.54688236 2077.84370501393 2044.52483842201 1983.24206993637 1888.80735665162 1776.67071724098 1700.46845279184 1700.49908385056 1751.83036416032
565.43505467884 874.758247393738 1303.28279864231 1511.57603777774 1021.11519078568 786.99906546255 975.41592465339 760.948259030637 732.239470770549 730.111878980701 469.774873348767 478.998556860197 505.670517073284 442.574760743322 381.545975529636 373.553484051164 348.507876552558 432.388570998643 635.444702335264 1044.53314714452 1179.67672819245 1036.26040220837 1189.03247418494 1526.04535523738 1599.136263268 1281.51932501997 1082.07907206033 1130.77206402987 1196.3806464863 1260.68947195998 1602.42251031041 1512.53376234879 1425.79070965455 1535.8704362312 1588.72592819033 1497.48722177655 1733.11603581885 2046.45244130191 2175.26076742512 2205.70255574629 2143.92972015909 2164.23051122521 2173.92138005605 2130.14711525907 2078.69502835986 2022.86103665841 1986.87329391012 1969.90558742355 1956.87211501369 1932.98083933872 1888.57112675374 1813.81941115398 1722.43450106668 1663.27150671943 1653.48329260111 1698.70647888513
633.296204664839 971.716277326901 1263.4278124003 1633.83770179287 905.665314073315 815.617091164269 1132.53444613872 1014.30603741225 1065.73521610625 1052.04559857886 821.732912933358 767.584867051994 595.977417479088 456.806161304188 437.122235718848 530.25137316453 493.947724324487 683.544753878034 813.878462603215 980.831515819766 1277.97857383113 1432.43281190458 1542.46884843973 1660.97654086594 1613.75051638872 1276.49855211154 896.131793205435 889.246573625248 1133.30348163919 1230.26741010144 1521.29707509437 1466.80145089091 1406.75054001139 1298.16186387249 1199.63317784918 1454.47468326755 1960.85056194882 2261.50537885191 2292.564266841 2303.72697652121 2280.85775356905 2224.23685423131 2161.40787983496 2079.64202152107 1992.79421412804 1909.12119417727 1864.22182698659 1855.32123494607 1851.13902391871 1842.2653566259 1824.56692518409 1776.32509460232 1690.80436597832 1633.80345215798 1627.82697179667 1671.9781004146
657.996855822878 1070.00317615892 1540.43925148 1601.82966586017 864.609116076987 948.595692775787 1119.53078506162 1401.19788404894 1339.20485158544 1129.49532870303 895.132190201308 736.95886987144 550.094610581493 570.994863366104 745.931579156696 866.320858637285 755.666977302411 1018.89862531024 1083.82840621207 944.144730096337 1191.45256530845 1539.29751932145 1554.68222663768 1656.70512779085 1628.01492465219 1329.8559284164 958.956629691181 866.22356264352 1177.04731875373 1412.16404015979 1664.03551029364 1698.2117587744 1531.72617168531 1286.41761318244 1316.95481743166 1782.54981239559 2262.05357554086 2414.87665130504 2422.02134728278 2377.50635032895 2307.69959587575 2211.86838810432 2112.42718013577 2016.58234238562 1922.31496363597 1819.74794093929 1766.23609643577 1761.29002144962 1759.55080837174 1757.19564774133 1757.63791211481 1731.09523974108 1654.04689229408 1603.94079205936 1608.58379487017 1663.21750383857
755.146358593145 910.425960732368 1459.42658760583 1811.2797550883 1196.1700176544 1382.54067211026 1308.91386178254 1756.60470624158 1538.33036831425 1225.32593363686 881.59242818753 639.212355078877 557.171202486051 747.072745872392 1045.18790745719 1167.07462743586 1038.75852709568 1207.90795301376 1378.44114467078 1207.90795807516 1302.54830499438 1605.89756715943 1488.48153265483 1672.20688063933 1633.71073724155 1281.51831088106 1045.21138758155 923.46923022972 1140.98796445444 1428.94408874449 1493.21809376969 1731.62711717546 1704.84985966005 1681.5660811034 1903.56364390042 2211.29695710928 2434.45711568235 2471.81725376134 2445.91289714066 2379.77110402165 2275.12179996335 2160.1331406357 2051.47937743954 1953.72573304295 1863.75995085505 1771.4064598461 1714.52126590868 1694.97014327244 1683.10880844981 1671.8361806774 1662.78791402573 1639.48381853754 1589.77199470456 1571.46855186488 1604.42061808289 1672.04678306
1171.28774844429 1114.0069020778 1862.64812030635 2104.93756709868 1523.70418740869 1853.68747322553 1790.92171723026 1641.87337103267 1268.03357775012 986.959421464058 726.91451343954 598.571411005109 559.416586345551 697.613376949888 918.126166588284 1038.49761675674 1125.69011754063 1230.78826470822 1444.24133483012 1506.18394502043 1585.15865789869 1688.17807711366 1704.08196879779 1753.52309089624 1651.29158842554 1383.35375465239 1199.90156059655 1187.27992545722 1314.51360245265 1429.22277887751 1403.58594304297 1587.62440474601 1840.67897633651 2069.72238888524 2298.76175340005 2415.95788027967 2448.24922435633 2430.89914628376 2404.10657708561 2334.20471255148 2211.81191992279 2086.62945792386 1977.51222502127 1883.99342028701 1801.99727606956 1729.90945337595 1679.37679999169 1648.7790610499 1625.57613049548 1600.89631336503 1579.90635310181 1568.39797516857 1554.50871594343 1571.02331175992 1632.57151569173 1714.61414835253
1750.99458995146 1232.39404257456 1915.91256256981 2307.30837587429 1745.83661445283 2044.64999593455 1744.91872837534 1328.49125594936 1048.11272121315 909.918474809355 852.141493810167 873.881601995199 847.825744811177 840.550986795597 966.583812331768 1096.31828588802 1205.98105486103 1288.7707458486 1391.44836558045 1545.87659657321 1657.82252015037 1692.91266458171 1724.03440897689 1654.18692062841 1564.92973350176 1405.44722838899 1365.53141281084 1436.69561422208 1469.76699585015 1545.77997368153 1674.89426445187 1852.69787703552 2075.98292167669 2229.37044086877 2330.05519299864 2376.09910223618 2372.25411212435 2331.43821972116 2285.57582804319 2209.23138356368 2096.4026013892 1983.45926218505 1888.1923029483 1807.65412749843 1738.87875228015 1684.32147899065 1644.11626677773 1614.36796693619 1590.42306191445 1567.73951570779 1552.65021322929 1564.74474740798 1599.29271708403 1662.45379709715 1738.18092307272 1798.08662835114
2064.29547242662 1662.49665644904 1846.48927498935 2320.22375905883 2061.15525974183 2208.72265193254 1904.16564187147 1618.86042319165 1429.12255905461 1123.00398008419 1099.70961923318 1324.36992565167 1278.7652627312 1303.48838719991 1130.15077577054 1083.55000729424 1090.58282625132 1079.32559953184 1435.96824698554 1717.50231472442 1748.6120963265 1730.0714795334 1687.2358756918 1663.39578427115 1565.74494078561 1475.62495237204 1514.53332459376 1548.80602915623 1592.66347477472 1658.32665999617 1871.45896032247 2065.65983836588 2132.51395224333 2185.83994093261 2219.75411700935 2240.19545089479 2225.75099105868 2178.34036964791 2118.04604851812 2040.05722563175 1946.23847976274 1856.99714410533 1786.10431941159 1727.41726185125 1678.2721458693 1640.12815353372 1611.93423390471 1589.95424523452 1573.29746261096 1562.18520841785 1564.23680310779 1618.03787681795 1713.76212776913 1765.83257484117 1799.51977198173 1833.36066026464
2447.21597098513 2170.80592921964 2280.55866310484 2483.67174418298 2311.67272743019 2171.62919577244 1832.62057955399 1715.97284032553 1430.31175532571 1218.36849457373 1203.9978150132 1454.11344991863 1449.94230061513 1520.08953328546 1375.77477824776 1269.01970896008 1503.50916631579 1506.31482414712 1676.64179285805 1765.14453141217 1784.61111087091 1780.96950108601 1750.23925265685 1744.78820860038 1726.60127140096 1716.36121628648 1763.37930168928 1838.90320154089 1880.97120465132 1909.84004073393 1972.80103176115 2001.33759592 2040.95009036139 2055.71748823931 2064.97002982853 2065.00684015883 2044.07403519146 2000.72259086014 1941.22353698473 1869.37677848774 1788.96653947499 1718.49945399681 1676.88737068676 1646.85080682728 1620.07124546794 1599.15096720514 1584.35598853597 1573.48539251766 1569.9747386387 1577.78474883914 1602.25056569208 1665.39499321575 1711.12843849906 1763.10957778527 1721.14791082424 1750.55702182521
2692.77517983205 2555.68838031295 2586.71680290167 2561.37506817975 2287.45859400692 2084.82262769405 2034.28248628476 1971.66546319516 1951.91140385692 1866.97450191953 1827.18816556406 1753.53447185109 1740.81895492617 1736.96009763867 1704.53009017157 1706.99215043403 1738.98105073169 1733.44441936852 1720.80821272913 1713.79733109985 1715.14880552554 1727.11805550451 1751.33158022343 1781.49912417501 1814.3012833312 1852.70170847735 1865.24939175216 1881.54613006085 1904.12082644043 1913.59964268165 1923.54916413709 1921.18127651286 1914.6072187989 1908.35492050498 1900.43944929788 1887.5070428367 1863.4028274183 1825.19803372917 1774.35466954514 1714.41945165429 1650.67174455411 1601.38981541258 1581.73321735024 1573.95895331177 1566.27112996184 1560.62301705532 1559.50058211516 1562.89177516922 1584.14950909431 1618.58661497461 1659.98363245583 1690.17037890954 1698.97623455831 1718.95830562995 1629.16472457861 1778.25278304305
2742.58360269621 2705.69304611787 2652.12127397865 2568.87848682641 2406.74047465645 2338.60340726297 2260.32872019316 2117.85411386153 2051.71439683659 1992.36880210329 1890.61968134524 1814.71882838694 1769.38918272663 1711.16790515222 1691.199362658 1695.21354333241 1694.44441851968 1671.08489154453 1639.52578212198 1620.8120364103 1615.88615815351 1626.61489774001 1656.5197022149 1699.85832998286 1751.43342926268 1808.09769822943 1856.52965931997 1873.13317813301 1860.96773932197 1839.88346561549 1818.05335142975 1796.23866457942 1775.45870635513 1756.03435358856 1738.50697573049 1720.42153083672 1697.69573170477 1666.29912087217 1626.29680190843 1581.32768176405 1540.41036113428 1515.96125604807 1510.26923449592 1513.87398801719 1518.87181230861 1527.91647350755 1540.89529258455 1567.88018817346 1635.68564273006 1670.08456627753 1665.19482614153 1595.73198599103 1563.46625710902 -9999 -9999 -9999
2730.55150659702 2683.4650252862 2605.19392415823 2491.54853872514 2392.89246279864 2286.11522418484 2175.54614131779 2078.50664415103 1982.27671792271 1866.59041092922 1744.10289484656 1651.38120729071 1589.81517605622 1562.19860095387 1569.04538641825 1605.30962154694 1616.27647562268 1580.37478362909 1542.48809590502 1518.62163602731 1509.36128297221 1518.42307553283 1549.04362515425 1594.97496512001 1650.83733390858 1711.03774478994 1765.98309725339 1777.22458906372 1754.60135785805 1726.11291694719 1697.09753617925 1667.50928977052 1636.99506459468 1608.56095871903 1583.76914703868 1565.58439099191 1548.43622211274 1526.66475990786 1498.69625349728 1468.02623722591 1445.11282585007 1439.55993934883 1449.26235884445 1463.21214049677 1487.10187512289 1509.70724698001 1554.7113825732 1608.60899860638 1646.08741829502 1677.23639468184 1631.83121344635 1526.3067328702 -9999 -9999 -9999 -9999
2585.06260054529 2529.52485629481 2448.9525958964 2327.1579519793 2215.42774743806 2122.62763606525 2032.85834293978 1953.67139950944 1878.82761190567 1767.53445414405 1626.61308339689 1516.95375460797 1451.46431515523 1418.01854006276 1423.17288737363 1473.90893356211 1493.77899311625 1466.12339892799 1435.26521574998 1410.77154397639 1395.75466715246 1402.20926861503 1436.34891727339 1485.1194654943 1537.74176907065 1588.59693824078 1627.9384485787 1639.79276895842 1626.92215831156 1602.98847506588 1574.09514518009 1539.83409231948 1503.86310288602 1468.75710301954 1440.71295855571 1427.13326182664 1419.7803516088 1409.0286372979 1393.1011857583 1375.65762770218 1367.1644554234 1377.23838928698 1405.66975295806 1437.9214766634 1498.22815059206 1536.17103120156 1581.4008763155 1616.31934313791 1637.96778961353 1624.15194188011 1565.57231022719 -9999 -9999 -9999 -9999 -9999
2387.71451819449 2310.66568009363 2234.52994702873 2144.30117000553 2053.69449216053 1971.13985672276 1890.19779212406 1812.89280552118 1731.77701780528 1627.11792512311 1505.81046716238 1403.17718647851 1329.93027747998 1282.27482315268 1267.48607295253 1309.58033279106 1343.72607194419 1342.89998648652 1327.35287103017 1308.63168430599 1291.92407092909 1295.72249958661 1334.6268729364 1390.87810071237 1446.27926686657 1473.9049267215 1491.93991351871 1503.88977579928 1494.82358232289 1477.09186454853 1452.04607545794 1418.46682864734 1380.77370419999 1344.33170843231 1318.76091277483 1313.74710792161 1315.77861313249 1315.50126911547 1311.05347755726 1314.55021938883 1334.57921893597 1350.33473492435 1398.40691074488 1462.94810143289 1487.88644838852 1525.33263074635 1573.82859917645 1558.72235795197 -9999 -9999 -9999 -9999 -9999 -9999 -9999 -9999
2153.31853468781 2054.26464191378 1989.74765584725 1937.29594150674 1880.66169296533 1818.07033977935 1746.42413813694 1666.53076332937 1578.52331208756 1481.12692143887 1380.24872760448 1290.60768695515 1222.60781195119 1180.4790761563 1167.66842046439 1194.53094435987 1226.57611892878 1241.17695637466 1238.15105238578 1229.00780812377 1222.50940275048 1233.00585439179 1268.91387247556 1330.1450315148 1403.24314896915 1419.56321377093 1415.63852889831 1417.64669625234 1388.46388084832 1373.7723222569 1346.11353476526 1307.23010898362 1273.66345580852 1242.48333413849 1231.49163189244 1238.81128775542 1247.56109237975 1255.06748178896 1264.34177839912 1301.65660362749 1335.68870276418 1361.48011008831 1415.18751394774 1474.68493984523 1499.74556802485 1521.54173954445 1516.72911385856 -9999 -9999 -9999 -9999 -9999 -9999 -9999 -9999 -9999
1902.84424223879 1792.50611129997 1756.84735822435 1745.58183471978 1725.54607074337 1685.2293814756 1621.32036168514 1537.41061473285 1446.77832460388 1356.38103374231 1271.03925832059 1194.65966925491 1138.09810829696 1109.78998330536 1105.53615653721 1127.8081497885 1160.40584539516 1185.35999309761 1191.48002607473 1190.43454046033 1192.06796724 1201.26216722212 1246.94027842526 1337.68456587141 1386.3955880564 1412.98157914677 1405.2215542963 1376.66179934948 1322.51298103346 1303.13511480181 1288.28815182855 1248.11217233591 1189.90297966462 1173.91787426622 1180.6265155908 1192.93840742062 1210.65784531129 1231.86724578618 1261.62009663269 1317.26954064021 1355.09157321343 1394.23883768086 1422.24468959135 1460.65384283695 1502.83367601102 1531.10449162986 1441.49001331691 -9999 -9999 -9999 -9999 -9999 -9999 -9999 -9999 -9999
1677.79106271712 1559.56873363247 1566.53393461419 1597.75304058215 1611.81323615049 1592.2094921829 1531.29270474224 1438.84659242722 1346.18955319944 1266.4717225717 1193.19215476308 1136.11383740802 1093.8544182328 1075.56166344306 1078.97177776331 1107.06480687546 1149.08119065959 1190.24222271399 1201.974048216 1188.3877713086 1174.58062278389 1185.76998064115 1261.04063719729 1346.13822347176 1334.01683276237 1316.8485298112 1324.72212249185 1341.23116493539 1305.02554580238 1281.31053408116 1254.58128554371 1204.09805886475 1132.72053215362 1128.38268880753 1140.58302148915 1160.70039750779 1193.43323670835 1230.17071641221 1276.44616792378 1334.63539080904 1377.79908009108 1401.36621541502 1424.28926775239 1435.68179336705 1463.46811125821 1440.75712083937 1403.2919554349 1462.82250435559 -9999 -9999 -9999 -9999 -9999 -9999 -9999 -9999
1551.15303746248 1428.511759365 1448.05359767855 1508.73664933321 1557.62809358207 1560.86362085376 1499.1641218996 1385.35176475782 1277.7193667944 1209.73586718162 1192.97216050365 1190.12307828798 1125.76297867181 1089.17784060462 1092.93563420222 1118.3432304112 1163.36699692 1222.99896449986 1229.73500608539 1188.88307780557 1168.90566474709 1227.38559254527 1259.61232150654 1189.65888965898 1143.81647279658 1156.03260769448 1245.81074167665 1304.28245540365 1297.15909710498 1309.18170525086 1239.76449580578 1126.30774439067 1082.20035632658 1089.06246544708 1107.82773667004 1140.25482954803 1183.70565146581 1223.60133753581 1274.55662445463 1332.9747149131 1368.62152569561 1385.9386070458 1378.23588842247 1390.9756739667 1366.14257963596 1362.78006717192 1426.14197125295 1414.82816375562 -9999 -9999 -9999 -9999 -9999 -9999 -9999 -9999
1490.21959900407 1367.66219686064 1389.96083661353 1477.85290537214 1566.44256579128 1609.48910545616 1556.93407932772 1408.30971249611 1296.06930421466 1253.19589609512 1265.3834203735 1253.06119937853 1188.84114896977 1148.50194551038 1143.25908535444 1137.65975810926 1219.15466199979 1258.26105334 1233.34531209109 1182.2892667001 1152.4492179705 1183.49570956976 1157.11686432375 1073.13910973222 1046.69975374849 1064.52372130472 1138.57844845056 1178.68533643566 1248.11949520611 1306.7529953745 1211.55249744636 1051.09933660533 1036.64836371159 1054.22373931016 1082.2407178752 1127.9499038949 1173.47665232372 1243.21024170423 1274.65431054205 1303.49652538366 1350.2555648203 1367.66426095849 1331.63526035648 1387.73678613125 1357.98807428816 1441.75765759385 1449.28169813711 -9999 -9999 -9999 -9999 -9999 -9999 -9999 -9999 -9999
1412.25617173623 1296.47280148918 1363.84345816708 1492.66239846614 1630.61018846032 1738.98698654127 1748.43029431757 1662.17002223096 1714.37946989779 1713.46831975041 1533.64870784878 1428.27502273384 1445.58127792879 1437.85582501694 1323.55403251731 1309.50429220018 1454.33295988983 1379.59684943134 1251.47896825152 1172.41477967036 1127.24244667683 1094.29932696637 1052.65897767945 1009.83094005244 981.876134903971 970.465778885815 990.763554797291 1019.7406442 1101.41778796244 1145.90339227721 1065.75558866565 986.858435233274 999.862762822141 1023.55417730124 1063.43780476663 1117.47002008803 1169.98103218465 1266.57422636253 1277.78700699388 1290.70222051571 1337.49128040216 1337.10392142704 1309.5442691924 1385.37726158871 1435.05496466806 1470.01082834856 1416.40124626887 1257.68960939604 -9999 -9999 -9999 -9999 -9999 -9999 -9999 -9999
1437.00313468223 1309.57174019802 1402.46651663741 1561.20158608402 1766.74924711399 1953.07471806626 2023.38643691996 2148.80587244885 2197.7804346675 2023.90290131982 1962.4747316396 2001.22787531869 2018.36252321941 1946.31990188795 1817.50022625844 1763.80792230234 1659.3307504455 1511.07223260551 1310.66791756194 1215.29630850799 1118.14126995894 1063.2691115449 1011.46159585765 963.454132103155 925.994437751138 902.653866319997 895.94406377136 897.315329139009 920.15643380382 942.041858610203 940.933396052252 946.464934070295 968.025197572357 997.348483086229 1049.2571587313 1131.29391412197 1200.46832438708 1268.26606091292 1254.89232561977 1289.83907290623 1325.4404489401 1321.98178478364 1313.6080649535 1362.31568197304 1450.01546388189 1458.89904721783 1252.2561365057 -9999 -9999 -9999 -9999 -9999 -9999 -9999 -9999 -9999
