catData/variables/futureClimate2070/rcp85/IPSL_CM5A_LR_2070_rcp85/bio10.asc
NCOLS 409 
NROWS 350 
XLLCORNER 60.897278365 
YLLCORNER 5.843756025 
CELLSIZE 0.0892857 
NODATA_value -9999 
[rows 182 to 207 of 350, columns 232 to 289 of 409]
37.81786586 37.8584700966003 37.8618239182969 37.81786586 37.6316130381826 37.4560379810114 37.5730550142285 37.4340444939999 37.3227952676802 37.5075120931548 37.4429590750508 37.6263791683718 37.5768466267308 37.1895361095062 37.4866205816982 37.6485288718034 37.6464907137105 37.7425919275102 37.725051612 37.7041374290991 37.7820608235533 37.7203673313439 37.6835848072765 37.5984248511384 37.500060432 37.392917592 37.285774752 37.1510376627272 36.980422002 36.9138829614783 36.8950700397434 36.6624217129482 35.8122509980661 35.5202204798895 35.6765735539692 35.3357241142851 35.1774545120213 35.652848276902 36.126738118 36.2164352425062 36.1646857363909 35.9821515874236 35.8150783274438 35.5513904672478 35.348270702 35.187514730877 34.8507700897741 34.7244009966715 34.8730537028626 34.6622249689317 34.62679879 34.8194405717397 34.9008534431575 34.8164352639453 34.785775232 34.678632392 34.571489552 34.464346712
37.7385641406499 37.7132200958439 37.553640252 37.4475512891437 37.3387811811833 37.3022705763271 37.3046650238749 37.302239609596 37.207203032 36.9141074358067 37.1318296540044 37.4038668732602 37.3573952079008 37.2598972655787 37.4399044710539 37.5465708253631 37.600926009583 37.6028439628475 37.6672321657758 37.5563026027533 37.5050176426412 37.5896835961885 37.60179009 37.4983617364348 37.2947076819999 37.171836192964 36.9822120919999 36.8447682339999 36.667926412 36.386427490111 36.3683383835661 36.6589733052433 36.5537537976569 35.6194370500457 35.14872821738 35.1903576699522 34.9197235408741 34.926273099584 35.7247460545968 35.90537027 35.8363110039323 35.5768595819999 35.4690464675385 35.4029758568219 35.2974674049905 35.0262275402551 34.6395202679999 34.50358018 34.8219079039024 34.7235476866866 34.5124235951558 34.7018210438425 34.703421362893 34.6860619123716 34.6031656363638 34.571489552 34.464346712 34.3572038719999
37.446497412 37.2947673939999 37.132211732 37.1459659249066 37.3213258960001 37.3814625127144 37.2308812400327 36.7761488415158 36.282016921782 35.7010776740002 37.0169295649 37.406419130743 37.3620229442195 37.3498970160001 37.4933030779114 37.5023866273238 37.453622972 37.45792275988 37.560662708 37.5254049327962 37.4239971811643 37.4834354129353 37.4051234279005 37.3804610414627 36.8313769741796 36.270682115024 35.9121150097627 35.8003335437407 35.4216661333455 35.2334487799085 34.9054905013813 35.7395991975732 36.0627891340925 36.2626787316976 35.7352079039061 35.7354260025711 35.2402883625389 34.274732710312 34.0246343063092 34.7563451585763 35.0969015394737 35.2275251962607 35.1525109217875 35.0976133983694 35.1029540699961 34.9992637807336 34.8624632554698 34.8321165 34.9798229355867 34.6709648898391 34.7953947653781 34.6052601914246 34.607922224113 34.6581220193116 34.471489552 34.364346712 34.257203872 34.150061032
37.1422433729547 37.0039014849554 36.8418060110438 36.905250126 37.1112867550423 37.028691744 37.0452760670408 36.96414234104 35.5430309809608 35.2972813330388 36.6534580119249 37.5134302428891 37.1220973990362 37.1693117850355 37.3702093350347 37.532091348 37.535774632 37.4433447539351 37.4702620270317 37.5091415609691 37.5024614890302 37.412556022 37.3763616380573 37.1495411001115 36.3149333919995 35.31253087 35.2285794109229 34.7379105139998 34.2266102749276 33.9032543788829 33.9379812702717 34.7415885000875 34.711704548852 35.1593784480815 35.1667334681175 35.0250607116984 35.3672036000362 35.6771272918612 35.0630696379668 34.73238482 34.3240433640603 34.5253513130717 34.974887236 35.0665562239744 35.1607874310362 35.2948608309887 35.366014978 35.4 35.319699342 35.0485960869916 34.894271010015 34.673279642 34.566136802 34.458993962 34.351851122 34.2484945129962 34.150061032 34.042918192
36.9337312298929 36.8856153237405 36.7579426007478 36.763422170978 36.887461978 36.7607620157258 36.6702679901848 36.5219878970818 35.1590136248257 35.1207587760002 36.4029879231181 37.4381276082239 37.296480012 37.2558903793415 37.3620140920503 37.4358307633917 37.4387907082417 37.4357493022498 37.4996163385255 37.5640624457161 37.500060432 37.3585723431824 37.0961849758735 36.7638225373509 35.6273336406175 34.6324166915184 34.4517232868483 34.1563958608366 33.8202020035279 33.8842398965238 33.6581367215472 33.7615278197714 34.1233952965155 34.5745251119807 34.055784966 34.9662704348944 35.2902362670901 35.523175698 35.6143163941767 35.4767347890508 35.0788987568871 34.9029039009231 35.0117425098688 35.1358303776562 35.1498851040683 35.1687568543893 35.2937514384881 35.3554517568774 35.280422482 35.0686636138556 34.7759009677777 34.478632392 34.371489552 34.264346712 34.157203872 34.0744110200552 34.023279762 33.9161369219999
36.662555662 36.6 36.5861460442084 36.5301127710577 36.5306560133525 36.3661474171796 36.139397244 36.076581327878 34.6797444753881 34.8852868098496 36.4643187261601 37.342796848 37.4098249704523 37.3979349325633 37.4725839069844 37.42678127 37.42678127 37.367908652 37.4894680879027 37.500060432 37.3714119274191 37.0606869181529 36.394732793322 35.8310043855161 34.9933765168059 34.2658933216448 33.5119193034681 33.1368681334433 33.0935449871625 33.2771975898528 33.2341899397924 33.561467585614 34.3431351136216 34.7412306117616 34.351273579058 35.0100125584285 35.1889112811621 35.1444615971679 35.0416917134804 35.1521795199085 35.196498252 35.11965619 35.082212572 35.01965619 34.8644682959999 34.7511896024651 34.9182247155042 35.0856253307647 35.039355532 34.7807441752967 34.557264784 34.371026456171 34.237565442 34.130422602 34.023279762 33.916136922 33.8190218941593 33.728632512
36.4463083435881 36.4079086399318 36.3950245937906 36.33037945 36.2867589900067 36.191145022 36.0581838596084 36.0040369074059 34.9003959112119 34.6433251994968 36.7577042470046 37.3373010734043 37.36430356 37.3951418562859 37.46607589 37.46607589 37.46607589 37.4271752836902 37.3764348316443 37.3159635634876 37.1648668403863 36.7823758679998 35.7237845181837 34.3556432532475 33.9703233919625 33.97380733352 33.5210429462212 32.9219253206127 32.7144499135762 32.8866108425754 32.8763642967471 33.5464861658213 34.1860010032238 33.9648134958604 33.9994363210315 34.6723726642658 34.6680405957021 34.8551310823233 34.3603836383099 34.6747640945379 34.8672136076391 34.7745828292596 34.7734864661583 34.7170262209429 34.5956858878672 34.5778005782911 34.6545467737532 34.7379371100442 34.684002902 34.5190809924493 34.3411425673481 34.1953559222467 34.023279762 33.916136922 33.816850124943 33.735775352 33.6787782227404 33.655413782
35.7222654264357 35.6319835576173 35.7099562671352 35.7608859243168 35.8759971510695 35.9047955224424 35.9 36.1669975844199 35.8151334827074 35.9923607738398 37.0014645882439 37.183984422 37.0714686321774 37.0925905289446 37.3281787519928 37.31342014107 37.3376892079336 37.3178661 37.146930261129 37.0288891683395 36.8716105056162 36.3782245638299 35.6774145400372 34.3029482772838 33.8419324885084 33.6228240553951 33.5337126187602 32.8717133318229 32.4390694137853 32.3991114060513 32.365599992517 32.9928407142225 34.1375739031373 34.1095006769001 34.0775458276313 34.3427133686994 34.2484147067759 34.4740505332253 34.3303819237568 34.4515017722713 34.4042565092779 34.407099928 34.47679915 34.432212692 34.37679915 34.4009761414764 34.4296604019844 34.362574382 34.2884085730705 34.1893556519999 34.082212812 33.916136922 33.808994082 33.7084280557274 33.6494228897412 33.6124525755804 -9999 -9999
35.2273510794334 35.0769082068807 35.1285830448657 35.2645611735824 35.5052079340001 35.6097802229263 35.7268806371027 36.1957225902703 36.4413519381159 36.707936133807 36.9685208963571 37.0798437654789 36.9417184994256 36.9310604872068 36.9178013429868 36.937686422709 37.1285796693413 37.0751980544947 36.8915138003306 36.6987330801666 36.3406216160051 35.6082670658382 35.0515474060471 34.8861627359999 34.0030378673853 33.0320439715472 33.0579050889815 32.5008039414171 32.0680349737873 31.9551410466312 31.938893844189 33.2882082498199 34.524196738376 34.5244579387792 34.4467991688243 34.189009429084 34.246376788 34.202684750786 34.16525742905 34.2472408731141 33.9646129061656 34.0666775008844 34.20358042 34.158993962 34.10358042 34.1056882898034 34.041145862 33.934003022 33.90716084 33.819717342 33.7581743769185 33.6544750850825 33.594708402 33.50358042 33.5027512771493 -9999 -9999 -9999
35.1279294578691 35.0753198243342 35.04464737 35.0120596947408 35.0411761337766 35.0352208568525 35.264140984 35.7698190708921 36.4740724632131 36.7122499679214 36.8128341821641 36.9214812576327 36.8334980425706 36.870516139226 36.6705728780911 36.6421317198053 36.7537855978485 36.7098944071742 36.3886491837903 36.0810725819937 35.566577108197 34.6608220528003 33.6327102818109 34.5025239707719 33.8333331189686 32.7113508921361 32.2435716120815 32.0283225895189 31.6349326567648 31.8753358035438 32.4568866753098 33.9231099456351 34.721367848 34.6743628116801 34.484045574 34.1916772355065 34.09287073235 33.7659696633066 33.6513181335698 33.5785348877602 33.5278292352103 33.6862640915335 33.93394211 33.9140354291268 33.8606612130764 33.7424826952797 33.6125745019999 33.5459264383136 33.4894935838897 33.439548257907 33.43394211 33.33394211 33.329980987297 -9999 -9999 -9999 -9999 -9999
35.1 35.0275478555491 34.9051756121198 34.8529290713095 34.771488832 34.73750453 34.978408664 35.5075211629733 36.4262925819999 36.7385856378856 36.8033276786851 36.8415069734886 36.8711809258264 36.877271311206 36.8156333079353 36.6216522479999 36.4582030303269 36.1519321393979 35.4296910542509 35.013804618179 34.919908694476 33.8741282348861 32.8027971349342 33.7006843132754 33.6487795499996 32.5373157069793 31.4122690621545 31.2004304961388 31.4138837973027 32.4609632506167 33.7585939567847 33.9705809093744 34.3461217440852 34.5408634205699 34.376902734 34.0533203039025 33.823340434 33.0019814435368 33.1224928706836 33.2510147487661 33.4193296238046 33.5893842111258 33.7141039649459 33.6471445435165 33.5284558240871 33.3690662633421 33.246498612 33.1667932677991 33.069717462 33.1046663450595 33.11251359 33.0760897179182 -9999 -9999 -9999 -9999 -9999 -9999
35.1 35.0108256439999 34.8842938922979 34.8286402466401 34.733984302 34.7 34.8849836114541 35.2457934287843 35.7471556199804 36.4879962810723 36.3310683043819 36.5597682937118 36.744596249082 36.71218635398 36.6972038449581 36.4437869081038 36.0806046641701 35.4825487822279 34.4041428208397 34.2648699228157 34.8812285710699 34.2984047753315 33.4768390610759 34.0150706996002 33.2507261546756 32.0998452052399 31.5080773218599 31.5512975357601 32.0382212474602 33.2792757474203 34.2418914941021 34.2142839705761 34.2374965025779 34.35257371278 34.200121584 33.932737110688 33.5132213607819 33.050971129064 33.2293532134701 33.460154172408 33.5766694513459 33.5880988785679 33.523279762 33.3850876661599 33.223649882902 33.0608536800359 32.925070092 32.817927252 32.7667044331501 32.9699552264243 33 -9999 -9999 -9999 -9999 -9999 -9999 -9999
35.0712498066737 34.9682790420209 34.8602810972844 34.764345992 34.606515539895 34.6026096667996 34.7221652845057 34.8744890016222 34.8861364504657 35.0948436983127 35.1965891667292 36.2300002289675 36.5410605816622 36.5302544536431 36.2415494315877 35.3245527760301 34.5592904099997 34.1318463396774 33.7012058021316 33.8730439229503 34.511972229561 34.7189136592274 34.3587351104353 34.7403326106964 33.4569985560051 32.1632815121567 32.0703503493505 31.5463444598357 31.8023899216698 32.9814208293574 34.0309601583323 34.228692944 34.1971249435554 34.1670472517499 34.0474918569447 33.8483313739999 33.35028596 33.0521507190861 33.3604645573831 33.2457802272541 33.5054379188873 33.416136922 33.280244441498 33.1147176291966 32.994708402 32.8738961285859 32.8078909312806 -9999 -9999 -9999 -9999 -9999 -9999 -9999 -9999 -9999 -9999 -9999
34.978631672 34.8340694931939 34.680422002 34.573279162 34.5109266395759 34.3889658456542 34.5633136488852 34.6301335512301 34.537564962 34.0332415768491 34.44903343276 36.0532564978417 36.2676634984065 36.33215202 35.3606439998389 33.5464929911073 33.2239940148629 33.026938854 33.643695269556 33.0682298780462 33.5438305631252 34.8142672528761 34.7634685576796 34.7201057120416 33.9547315703395 32.9535839060763 32.0891036418669 32.1107898839999 31.899869706634 32.4794316939421 33.4064403499129 33.5900555871274 33.9126030828585 34.0203911232801 33.8683833943926 33.6572645439999 33.4767424510482 33.3339052524637 33.2278731047501 33.194222345024 33.225070092 33.117927252 33.0361891504519 32.971489552 -9999 -9999 -9999 -9999 -9999 -9999 -9999 -9999 -9999 -9999 -9999 -9999 -9999 -9999
34.962555662 34.851429773591 34.739336812 34.578580326489 34.560118403471 34.444749754 34.4857151252182 34.5885658473509 34.4192755066891 34.0794465376458 34.0461081878466 35.3910057911446 36.041024758 35.9798943644462 34.7471491133534 32.9216898818771 32.501869242 32.7111477726543 33.9296223387323 33.0272427805178 32.9445463130169 34.4370796295816 34.274284610499 34.7838391714208 34.3103004086701 33.5727452110431 33.0568294010482 32.8216774208992 32.4396576525103 31.944695836243 31.8052724821513 32.3625211391706 33.2230335401014 33.6779112986203 33.6393251962701 33.5226111042301 33.3282095938099 33.214407504 33.02594602411 33.09434872793 33.01579760203 33.0062263499899 -9999 -9999 -9999 -9999 -9999 -9999 -9999 -9999 -9999 -9999 -9999 -9999 -9999 -9999 -9999 -9999
34.839684243567 34.8116239016238 34.7516680719375 34.7382827935614 34.632767439692 34.453682924 34.4014376596607 34.489234548 34.4055098515245 34.1964488011171 34.0984844067731 34.3264624855118 35.5476194274752 35.552696385123 33.9887725288027 32.8334704486727 32.1434483564066 32.10510507 33.6911571252547 34.0882007386948 33.8226063615478 33.8107259323412 33.3430819661786 34.1175045178975 34.3378925139997 33.61992331 32.9717350824653 32.2419112169222 32.1930394159999 31.8668214018181 31.7500630657507 32.7332082795496 33.3957059325242 33.548106446 33.4426261850671 33.3161369219999 33.114407504 33.0001218239999 32.8037395026966 32.8208126417919 -9999 -9999 -9999 -9999 -9999 -9999 -9999 -9999 -9999 -9999 -9999 -9999 -9999 -9999 -9999 -9999 -9999 -9999
34.6728844640641 34.7970340231612 34.7972311456135 34.735774632 34.628631792 34.4522462320623 34.4 34.3953195394871 34.205473374 34.198270102 34.091127262 34.0597761349299 34.434035807525 34.2293929245099 33.0285304058203 32.3259669232604 31.8908175878382 32.5924033081715 33.5426722160272 34.2884727229465 34.4304844742078 33.7711865503318 33.056984385137 34.101587746235 34.7220471233704 33.7452413220001 32.5836305410334 31.646386130037 31.2993399512685 31.3736953610618 32.0476148780003 33.1641625900804 33.4553408985798 33.2744999235569 33.0281976983598 33.0800750024625 32.905474334 32.79464749 32.7951223784967 -9999 -9999 -9999 -9999 -9999 -9999 -9999 -9999 -9999 -9999 -9999 -9999 -9999 -9999 -9999 -9999 -9999 -9999 -9999
34.6421231390883 34.7515112040538 34.748269982 34.6337707723379 34.521488952 34.414346112 34.38750465 34.3109868930938 34.1226448679518 34.1980539451902 34.0786319119999 33.971489072 33.7948709779999 33.3700971383093 32.7770766312983 32.1650632558721 31.7904858992611 32.0622006016733 32.6602790115938 33.8906565556651 34.5810689190117 33.3820971835793 33.4246325115926 33.9767469110748 34.7431421599998 34.1193406221472 32.9016881615786 31.6776333047366 31.2752291971151 31.0417416919056 31.6186112943473 32.7115125101066 33.2362769534577 32.4220760892023 32.5315987967088 32.9435553975354 32.8101504179741 -9999 -9999 -9999 -9999 -9999 -9999 -9999 -9999 -9999 -9999 -9999 -9999 -9999 -9999 -9999 -9999 -9999 -9999 -9999 -9999 -9999
34.5914045064813 34.7323293152687 34.6900349004437 34.5661010314249 34.433984302 34.326841462 34.3 34.2828275383251 34.185774752 34.138305075312 33.9714890719999 33.8612010623628 33.6544462656164 32.9928458513812 32.0942729875451 31.7986805452011 31.7789404365413 32.270194977096 32.9723569726431 33.94631228781 34.2726248101052 32.7063702059992 33.5596782088987 34.405188974 34.6573799080148 34.0918052114722 33.148515894015 32.0004863359997 31.0383653379771 30.505048784468 31.2188479167101 32.5449165127542 33.2263550398193 32.9864061121517 32.9273143721581 32.9049316451769 -9999 -9999 -9999 -9999 -9999 -9999 -9999 -9999 -9999 -9999 -9999 -9999 -9999 -9999 -9999 -9999 -9999 -9999 -9999 -9999 -9999 -9999
34.1327445074623 34.2473070495817 34.3593863629188 34.44643794 34.380422242 34.273279402 34.24643794 34.1824121842558 34.0533005236209 33.8455113709953 33.7887555632512 33.6929611002558 33.2690300526162 32.5163669649672 31.8228431617628 31.5540212653069 31.5462329320001 31.9390767490698 32.3744781529512 33.5849704085303 34.1123157741419 32.5958647339806 33.1991690078954 34.3253091042279 34.596691069893 33.8935677040001 32.5383790899997 31.2894122609758 30.6632881674674 30.0225246783914 30.7413767240032 32.1336602213529 32.9831943880116 33.14643794 33.066137042 32.9183871314138 -9999 -9999 -9999 -9999 -9999 -9999 -9999 -9999 -9999 -9999 -9999 -9999 -9999 -9999 -9999 -9999 -9999 -9999 -9999 -9999 -9999 -9999
33.7661518714545 33.6407523646029 34.0893712479427 34.2461041781868 34.1885316415691 34.092917592 34.0933174650809 34.0406710743263 33.8750657345928 33.7310509223486 33.5526406691634 33.284347734 32.6038231079999 32.2060898261167 31.8731936088718 31.3386501524203 31.2461354378402 31.6183975647715 32.4647806030896 33.450176945384 33.9880053309728 32.7889507839363 33.2657468464737 34.0390708920001 34.3554668587487 33.3702306615569 32.010119650597 31.3106606056854 31.6609876045781 30.4183701790662 30.0206281677728 31.5142944288077 32.8536751623275 33.0091058255096 32.9469402742464 -9999 -9999 -9999 -9999 -9999 -9999 -9999 -9999 -9999 -9999 -9999 -9999 -9999 -9999 -9999 -9999 -9999 -9999 -9999 -9999 -9999 -9999 -9999
33.8139112596979 33.603616498395 33.931989924 34.1146355954543 34.1139562347478 34.0869290712814 34.0964805299415 33.8173801737464 33.7210566048064 33.716136682 33.5411824476655 32.6809531198325 32.1978559276392 31.8037445725015 31.4962693597244 31.0712498635789 31.753820128724 32.7903947487862 33.5248344306924 33.6042630918388 34.2326139535926 33.7822663240038 33.6996102790445 33.7341280283817 33.6698577985152 33.7316238935882 32.4130281302047 32.1407276717311 32.6049990769319 31.6572389897635 31.1312149361288 32.1947257401594 33.1010100097362 33.0979522595205 -9999 -9999 -9999 -9999 -9999 -9999 -9999 -9999 -9999 -9999 -9999 -9999 -9999 -9999 -9999 -9999 -9999 -9999 -9999 -9999 -9999 -9999 -9999 -9999
34.0187240005508 33.9882799785866 34.2322813506437 34.0734973450327 33.9247624229351 34.156667347782 34.0130564400896 33.6024631879975 33.55179045 33.4976811217936 33.0649330319995 32.046517572 31.9025639055245 31.5834609257476 31.082497212 30.662574862 31.4016323862044 32.8851249686425 33.9977200220003 34.2225634255208 34.6000948969013 34.5219807625917 33.834311374 33.0547783670149 32.5740896247985 34.1279477089502 33.3867111591959 33.1751686523072 33.2949772414444 32.9392216166029 32.8193834704607 33.0636442499352 33.15179045 33.1870596205505 -9999 -9999 -9999 -9999 -9999 -9999 -9999 -9999 -9999 -9999 -9999 -9999 -9999 -9999 -9999 -9999 -9999 -9999 -9999 -9999 -9999 -9999 -9999 -9999
34.3779520000027 34.7333385100004 35.2754456825522 34.3433225504282 33.4807524002907 34.333271878537 33.8859212526664 33.7173773534789 33.4596285738316 33.2168606627868 32.1881661623311 31.573279642 31.4764764821508 31.3327539515091 30.7717043962153 30.1539711761891 30.8419405823649 33.0097589131188 34.3213911218207 34.5015939467211 34.6627109958396 34.612556022 34.1473165315518 32.7602811011255 32.5545919819565 33.8497071660974 33.9544939300068 33.6017917197133 33.3415245130663 33.141170717581 33.2691459595242 33.2701949022728 33.21070478 -9999 -9999 -9999 -9999 -9999 -9999 -9999 -9999 -9999 -9999 -9999 -9999 -9999 -9999 -9999 -9999 -9999 -9999 -9999 -9999 -9999 -9999 -9999 -9999 -9999
35.2718145823102 35.454670715584 35.7336264722719 35.1523536302347 34.5926261281084 35.0587111768331 34.6777914676169 34.198627987231 33.3814836327634 32.3362173958707 31.5400359800611 31.4014712473862 31.2038287985934 31.1144070239999 30.5865252371665 30.1827074074369 31.9358615739175 33.9865806814515 34.4585119733747 34.5597425683967 34.5799323762286 34.5422138771722 34.4310810643763 33.7671500890187 33.3183038515541 33.3701310592734 33.9015799527901 33.5106155406742 33.2922790658898 33.3310333301421 33.4603334724979 33.3779200500376 -9999 -9999 -9999 -9999 -9999 -9999 -9999 -9999 -9999 -9999 -9999 -9999 -9999 -9999 -9999 -9999 -9999 -9999 -9999 -9999 -9999 -9999 -9999 -9999 -9999 -9999
35.619957296615 35.8006877202267 35.7829347995624 35.5589914061951 35.321403606063 35.3116700539034 35.2012984556452 34.4700843259997 32.6992128717293 31.6188215679008 31.4572804630012 31.282315196 30.9335994779735 30.6574370502846 30.5166596158805 30.616882556191 32.5276008968703 34.1209292117347 34.3799564328529 34.4872209104559 34.5059809546912 34.4391057013895 34.3644934954704 34.295644554244 33.9949553619998 33.5365645305641 33.932589834619 33.6575121478744 33.53927614 33.5663509040722 33.5325643758831 -9999 -9999 -9999 -9999 -9999 -9999 -9999 -9999 -9999 -9999 -9999 -9999 -9999 -9999 -9999 -9999 -9999 -9999 -9999 -9999 -9999 -9999 -9999 -9999 -9999 -9999 -9999
