catData/variables/futureClimate2070/rcp85/IPSL_CM5A_LR_2070_rcp85/bio15.asc
NCOLS 409 
NROWS 350 
XLLCORNER 60.897278365 
YLLCORNER 5.843756025 
CELLSIZE 0.0892857 
NODATA_value -9999 
[rows 78 to 103 of 350, columns 120 to 179 of 409]
95.2668080600002 96.0719919199997 96.03520228 95.9291351199999 95.5178829 95.5178829 95.1307269684779 96.3318199645876 97.4637726799999 97.5435504707192 99.17749316 101 101.119943430084 101.967011482981 103.554993836047 105.37389426 106.731524462178 106.9642342 106.62234148831 106.093633378625 105.16120362 105.83869318 107.399980479428 108.01731578 109.17748836 111.403295800231 114.101027047166 116.7879202059 118.89234068 119.96376908 121.03519748 121.801725958163 122 122 120.78109725736 120.4821171 119.53623212 120.508396783443 122.17748356 124.32034036 126.239881888493 126.272779348819 125.086262318115 126.911585969902 126.946873556032 124.19801246 121.64389624 122.42742896 125.789184859722 126.4821171 124.10049552641 122.53405004 125.70555246746 128 128 127.853906668262 127.323960104804 127 127.249403890935 127.4821171
95.3024706600002 96.1076545199998 95.4981452502764 94.8577067199999 94.0810169463538 93.892909 93.5343913124305 94.7113230981773 95.83879878 97.0250499593932 98.62394766 100.623782778783 101.5535455 101.991867181824 103.74892036 105.89177716 107.803675466353 108.879442855745 109.472527225137 108.119084130942 107.639542847843 108.051042646686 108.529386677294 108.561276207902 109.12836441851 110.76679966 112.90965646 115.187802090333 117.681925618118 119.692704468451 121.07086008 121.816392452764 122 121.59502623398 121.087938955412 121 120.05411502 121.01731338 122.079238334038 123.124587877627 124.467563851766 124.454594261157 124.02818797055 126.33765134 128.055399478668 126.666763958726 124.34029854 124.718858822489 126.627145726194 127 126.155412931375 124.702987024921 127.235448475529 128.5535455 128.425346476744 127.69697542 127 127 127.51730978 128.325893370217
96.1398697209735 96.5541090199998 95.1593695095358 93.7862783199999 92.71484992 91.9177923323796 92.2519268533394 92.7029719409421 94.2870984047767 97.0173181800002 98.1220288637858 99.69537606 101.519772167652 102.30303178 103.74892036 105.89177716 108.03463396 109.58874538 110.247582398036 109.551916363049 110.05297838 110.796461839121 110.283766775161 110.239125889442 109.658255283723 110.32034516 112.46320196 114.795444213433 117.74834724 120.23807903513 121.51731458 122.367948996308 122.6249739 121.89337412 121.6249739 121.078461360817 120.645268444902 121.006492969379 121.3750261 121.435094097942 121.836907712223 122.200819226992 123.12393686 125.71267744 128.215644890652 127.82251884 126.092250422089 125.899342012192 126.301155626473 126.921537139246 127.591151924965 127.273750849317 128.71371328 129.524873217879 128.62366225216 127.261383973558 127 127.278664224996 128.14228368 129.581658076434
96.5493116760481 95.8577067199997 94.26895894 92.7148499199998 91.6434215199999 91.0814842322025 91.8030329800002 92 93.8917795599999 97.0173181800003 98.1505499024291 99.7936598110511 100.69649020652 102.30303178 103.74892036 105.581259327345 106.977970925299 108.605944416747 109.763344238792 110.509489440837 112.058665222883 112.658288335072 112.409233066973 111.67908652 110.758203951064 111.601605206891 113.320891715155 116.0908623828 118.81977564 121.14228848 122.21371688 122.875143314619 123 122.777887989472 122.137171628483 121.12554342 121 120.315654777653 120.938200020302 120.192054818257 119.768481183789 120.60662468 122.05250846 124.330734550076 126.28156236803 126.553312528031 125.64342872 125.3035977 125.862826700151 126.87445418 127.94588258 128.71371328 129.723343371668 129.728291009622 127.84040534 126.3035977 126.564367616514 127.44588138 128.877565500605 131.28387728265
97.3933681199999 96.3219397199998 94.73319194 92.7270242999589 91.8467273584127 91.2060822432154 92.4196263551568 92.7678307 93.9333270480997 96.2760823405449 98.94532386 100.7678307 101.053205274613 102.30303178 103.74892036 105.103521639497 106.146698138875 108.17749076 109.153272084381 109.96377148 111.83823046 113.57504220147 113.7678307 112.763810507478 112.55626507415 113.050988704222 115.052633997406 117.606564720966 120.65903474 123.32391267771 124.423596663918 124.5356614 124.028761547174 123.206085928803 122.19697182 121.12554342 121 120.004019635315 120.14342752 119.07199912 118.2859393802 118.76736558 120.21324936 122.35610616 123.584442606712 124.14856099166 123.80416962 123.4643386 124.883952226776 127.449489010296 129.439990963519 129.771849778109 129.931863179737 128.788852001365 126.00114624 124.4643386 125.12630807375 127.020412092123 129.431825890495 132.534045240001
97.9398085478745 97.3933681199997 95.80462034 94.1558754719696 93.1244593333317 92.10765452 92.7713723239351 93.7338996707636 93.991302274538 96.8766791998401 99.17749316 101.134428309557 102.07086248 103.396613058954 104.484631219042 104.534956948351 105.60047097695 107.33823166 108.1607409 108.278339292855 109.92754296 112.07039976 113.11532639124 113.8392591 113.913738460637 114.99886336 117.336093390034 120.42686544 123.326883540569 125.94450459413 127.083616331172 126.184410296474 125.17908772 124.10765932 123.03623092 121.96480252 121.045416522982 119.985469588283 119.07199912 118.00057072 117.355112115812 118.048708829489 118.595386574791 120.21324936 121.755640754606 122.74948148 122.50057192 122.774740658701 124.60605156 129.091149796198 131.57028336 131.64946140501 129.762309955612 126.84097846 123.85828944 122.830114072578 124.434642889013 126.052503660001 128.712670240001 132.421059315083
100.960713218352 98.9694166781509 96.87604874 95.3219397199999 94.25051132 93.8453460659488 94.6244079800003 94.8994753320013 96.6335074980476 97.9453238600005 100.007360258926 101.306044332099 103.14229088 104.240783805851 104.966556025174 105.35657608 105.956890372776 106.641327701751 107.0893125 107.0893125 108.69537366 110.83823046 112.896607693374 114.015769264399 114.99943168 116.23103266 118.394574322527 120.90908814 123.74891556 125.931595569452 127.043109841574 126.41125702 125.33982862 124.26840022 123.19697182 122.12554342 121.05411502 119.087766198749 118.91125822 117.985694800799 117.931372148176 118 118.033443546126 118.575019275101 120.167046915924 121.141894393051 121.720871295948 122.73159738 125.337357100024 129.486603908953 132.753168602073 131.981142933099 130.644469359999 127.43018416 124.44749514 123.240775962802 124.37445298 125.891762760001 128.080821789727 131.444265220001
104.565188193773 102.16084839775 98.4215254515238 96.3933681199999 95.32193972 95.7006363905308 96.7672647800002 96.9642318 97.9270379674145 99.9818597000632 101.07086248 102.14515546536 103.459064741992 104.987535350657 105.367763296695 105.990090215954 106 106.01052918125 106.0178841 106.0178841 106.835276159196 109.643506228156 110.980687824493 113.03519988 114.193785350211 116.477653197562 119.44531786 121.593594067735 123.381154620383 125.347568366969 127 126.989470861671 126.32194452 125.25051612 124.967754463726 123.230957508922 121.107262241571 119.965112154219 118.91125822 118 118 118 118 118.44588378 119.526563842758 120.0178841 121.326415531945 123.450110799296 125.602528853352 129.497816720002 131.908681418649 132.96480492 131.803050116053 129.48372846 126.728493730757 125.654161763782 125.35656888 125.998064274376 127.05250366 129.794627692486
106.605487083278 103.7886255612 100.07244984 98.4868167322432 97.4287167914347 97.8778664351128 98.9206680412091 99.1070886 100.05297838 102.12440678 103.200587053503 104.1606329 104.611438619141 106.1070886 106.1070886 106.1070886 106.1070886 106.69583398 107.142437142928 107.813888826787 108.0535443 108.974825573963 111.792810107077 113.03463156 115.186991849995 117.579030011325 120.504345347647 122.60605876 124 124.867897696613 126.46377028 126.420760381488 126.018195885578 125.3075732181 124.25051612 124.0535443 122.16177434 120.966300272812 118.960050903509 117.848406020169 117.272742096153 118 118.394505331203 119.0535443 119.543157361441 120.620264282238 121.678364994084 123.46319476 125.60605156 128.576540503051 131.78410344 134.001853808613 134.013597732015 132.581617031662 129.412300059999 126.80406402 126.1070886 126.55296998 127.1070886 128.28456496
106.172899739671 104.163942239676 102.219635539362 100.19742254 99.4574220996903 100.78023876061 101.2499454 101.2499454 102.077624780291 104.14229088 105.30246586 107.144990199723 107.510492879728 108.337047400268 108.203148100263 108.1249727 108.254273699493 109.037240579751 109.995057180489 109.51834322 109.2499454 110.88957986023 111.1249727 113.16176825978 115.593831520217 119.44531786 121.35657368 122.693161060202 124 124.44588618 125.581964779812 126.566562080367 126.297359319821 126.091429999826 125.32194452 125.1249727 123.23320274 121.105495620155 119.833606739849 118.104955800146 118 118.037870099863 118.827086760132 120.055723299873 120.1249727 121.228877360118 122.082503099887 123.496737760109 125.505695260104 127.623935660001 130.71267504 133.90748586009 135.594755839829 133.67966444 131.363097859848 128.94692082 128.2499454 128.69582678 129.314594999943 130.55239446
105.895483382621 104.94691122 104.291200104717 103.250166963229 103.119720152054 103.3928022 103.3928022 103.3928022 103.578575993271 105.21371928 106.37389426 108.35657608 109.614120701405 110.756483994927 109.82194092 109.283974107589 110.325834536079 112.258261619748 112.599143933166 111.804887492914 111.431487210754 112.439005885577 112.774976621908 114.441348701761 117.46263364 120.51674626 122.382515392767 123.30302938 124 124.44588618 125.933028007442 126.330485688889 126 126.73159978 126.19697182 126 124.10823004 121.96537324 119.91125822 118.808372220461 117.894571331741 118.558942912202 119.76725758 120.83868598 121.3928022 121.865913482473 122.85657008 123.784311949811 124.64531063348 126.552507260001 129.64124664 132.627908675514 133.8035989 133.514720468176 131.813889564508 130.952890880839 130.3928022 130.926255173502 132.208113289833 133.847451933836
107.2678295 106.82193852 105.889063510886 105.535659 105.358844343799 105.2678295 105.482905421517 105.535659 106.48154878 106.82080668 107.957212707852 109.610034810388 110.23160338 111.081160850121 110.993660802779 110.862125464563 111.78514648 112.85657488 114.104817293411 114.535659 113.947703698726 115.318200548616 116.48154638 116.83812006 119.022184421286 121.545275717985 123.062029574673 123.57085888 124.368120339988 124.862123707354 125.646591974696 126.157682737962 126.09101612938 126.535655776722 126.144216955935 126 124.361565941251 122.237839773908 120.423149553433 119.033285738449 118.204656728118 120.06055339546 121.742575077198 122.98154278 123.674210462513 123.645806404829 124.019015252171 124.2678295 124.052755506855 125.748908360001 128.83764774 131.029985568882 132.7321705 132.614900376433 132 132.081158921749 132.468408608814 133.69525126 135.83810806 137.54990813238
108.424437022961 107.705381057504 107.514762586488 107.478778464527 106.903051704457 106.6785158 107.48154878 107.6785158 108.62440558 109.35657608 110.42800448 111.287764174695 111.092230527337 111.539483754684 112 112.30254244657 113.19583278 114.26726118 115.774894189762 116.587459719222 116.406081331793 117.21371688 118.606045046175 119.37388946 121.42800208 122.553770293128 123.831544317887 124.64228728 125.586677919919 126 126.17550305805 126.92800088 126.67908652 126.091056894997 126 126 125.375013971956 123.66120242 122.531138589925 120.963434701091 120.91011438 122.084347076878 123.639647514138 125.275669174847 126.53508588 126.42903312 125.7938061582 125.430315609216 124.808664959769 126.427424160001 129.195265402262 131.01731098 132 132 132.078570833675 132.64228248 134.215199991643 136.721547340629 139.227894689613 141.334773881404
110.123121094406 109.82586651678 110.145838915819 109.885101767401 109.371619887288 108.931598921977 109.294610936666 109.769815608645 110.378798406044 110.831578440733 111.462985875422 112.094393310111 112.4528266552 112.124451000511 112.564471965822 113.530029428868 114.715548283557 115.830535041754 117.07086008 117.841829487624 117.856556735374 118.69583158 120.324684371691 121.26669046 123.32080308 124.420842691517 125.4106863 125.71371568 126.256901619826 126.183119345485 126.715546869204 127.58874298 127.33982862 126.26840022 126 126 126 125.39337292 124.358389553284 123.726982118595 123.368543116095 124.302977530784 125.938925374527 127.71314016 129.126231754851 128.82194572 127.75051732 126.979545941082 126.8213726 128.570280960001 130.324676742985 131.42799728 132.447130347637 132.755593887053 132.452055723483 133.141234367139 135.68782794888 139.525251488383 143.194674540001 145.473270084813
112.640272765582 113.195149783945 113.214202597693 112.68038544067 112.140219160968 111.23262482 110.577075395757 110.93498539412 111.456027367518 112 112.042786030793 112.4821147 112.593774094068 113.121165104295 113.676042122657 114.44588858 115.249406120618 116.65960546 118.14228848 118.83483086553 120.154412827168 121.742392608805 122.418319969557 124.46427927584 125.57085888 126.559336255355 126.852571163007 126.63904916137 126.806073820267 126.713032598095 127.249404963542 127.78701603482 127.658106946817 126.75051492 126.094963009908 126.42158837173 126.4821147 126.473148355005 125.9642294 125.88700900172 125.593771779917 126.26725638 127.532609716808 129.158915135171 130.249403806467 130.177214608104 129.30406042 128.9642294 129.351379933017 130.773665245346 131.91011198 132.98154038 134.010186220433 134.32194692 133.362174442842 133.873303140001 137.642570606117 142.675751000001 146.748870790609 149.14170576
114.5535431 114.306723224669 114 113.737149491259 113.5535431 112.82193852 112.195023485151 112.1070862 113.05297598 112.563129459044 113.146707722992 113.642206854972 114.33868958 114.9393450491 114.5535431 114.99943168 116.357217324792 117.958681017244 119.21371688 120.690118618684 122.71314736 124.85600416 125.1070862 126.56312813054 127.146706651496 127.71371568 128.32194212 127.5535431 127.5535431 127.5535431 127.784501763712 127.674105385748 127.811890212217 127.673372230181 126.75051492 126.943950273891 127.523588104073 128.1070862 128.1070862 127.94691602 127.210484984071 127.85657008 128.92799848 129.752610990179 130.803666767785 131.5535431 131.258806103713 131.1070862 131.465602600359 132.42799728 134.023012455569 135.67794028 136.6606293 136.50046152 135.6606293 136.569703040001 140.5328942 145.396407077366 148.301809400719 149.525692445509
115.6249715 115.457749674607 115.249943 115.249943 114.837351702521 113.89336692 113.6249715 114.171484940351 114.604678625359 114.245614442136 114.055464083222 114.685041682487 115.23160338 115.69696822 115.46805388077 116.69583158 117.637960222068 118.58874538 120.072763577548 122.545406371838 124.354132933872 125.827377519581 127.182305309419 128.256436911 128.680434083291 129.310012282419 129.538114531872 129.249943 129.015917559547 128.346305345256 127.676693130965 127.154233103325 127.66017138 128 127.698841546197 127.078461059512 127.354733825222 129 129.055461083359 129.46480132 128.769714011941 129.363586753769 129.765402939478 130.278664654812 131.336290490897 132.367946083393 132.6249715 132.6249715 132.6249715 134.045934620557 135.550558505153 138.278072849137 139.8749145 139.71474672 139.019655512009 140.408959740001 143.90410601882 147.030260830239 147.870702041657 146.646223249614
116 116.310518433883 116.6963999 116.286396004883 115.799570445734 114.455305963648 113.440767913031 114.787036297586 115 115.00680257764 115.419743270563 115.6963999 115.605426138657 115.422630922578 116.184546228094 117.44588858 118.36025949314 119.28514528 121.01674746 123.381718755008 125.362260995609 126.57085888 129.246890536843 130.404858507461 131.054341003845 130.6963999 130.6963999 130.485370270071 129.886314580546 129.25051372 128.17908532 127.6963999 127.43708471397 127.813086113632 128.559228744249 127.212971845133 127.658714205483 129.012057036101 129.723341913282 129.951372317335 129.766713252048 130.211027958569 130.957170589186 131.83868358 132.91011198 133.571541498962 133.6963999 133.6963999 134.25562697289 135.532738356494 136.64228248 139.046677324741 141.6963999 141.647772945975 141.62439598 143.301873540001 146.255389722173 147.521257783112 146.426035840939 144.250982869678
117.5356566 117.296812153682 117.397212460102 117.631137727046 117.5356566 117.195940841867 115.035097324245 114.270270775537 114.958452641765 115.01731818 116 116 115.94622824954 115.838183703517 116.086939056573 116.67806028 118.146699297314 120.040800744258 122.08817586 124.23103266 126.37388946 128.313721632033 130.647039641023 132.53967683408 132.610943827135 131.122985039808 131.589998513248 130.929645153695 130.480309019361 129.55411382 128.879894194527 128.31577477853 127.33982862 127.73159978 128.80302818 127.922519349245 127.987436023811 129.030607083133 130.7678283 130.89081149702 131.5356566 131.606010889093 132.14228368 133.21371208 134.28514048 134.7678283 134.7678283 134.7678283 134.954268160486 135.87445418 137.672157993401 139.038641079656 141.300308307289 142.122981354232 142.99942448 144.444231191881 146.74890596 147.55411862 145.568175351049 143.05469534
118.8392567 119.141799704869 119.16676196859 118.8392567 118.8392567 118.8392567 117.778059377572 116.64330872 115.875971209347 115.842040481403 116.074481161867 116.8392567 117.033631388408 117.6785134 117.364245185052 116.910930301782 117.600472218511 119.33823406 121.48109086 123.62394766 126.44075325457 129.482813517841 130.143346817779 131.336018984381 132.057734087651 131.16017258 131.962771694192 131.8392567 131.46479892 130.39337052 129.8392567 129.25051372 128.17908532 128.57085648 129.64228488 128.96480012 128.8392567 129.03462676 131.074477133435 131.99942688 133.033627359976 133.6785134 134.05296878 134.750186230214 135.35656888 135.8392567 135.8392567 135.8392567 135.8392567 136.71371088 137.143345274643 138.19536526 140.32395779922 142.16016778 143.23159618 144.606049160001 146.74890596 147.92832755557 146.287327359999 143.167677877889
121.391037807886 120.86119490829 120.864480771307 120.285206369096 119.9106851 119.9106851 119.10765212 118.832582669291 118.736888148888 117.8213702 117.829296591918 117.764816132321 117.23160338 118 117.966555126469 117.9106851 117.956889214337 119.17749076 121.32034756 123.46320436 125.67778375595 129.509048603648 130 131.01731578 132.072891824876 132.835675997965 132.699769538368 132 131.966555340825 131.870860820422 131.8213702 131.23262722 130.762407059212 131.46365508 131.072471883188 130.03622852 129.9106851 129.94531186 132.080242696794 133.83567578361 134.353197055988 135.545408044416 134.944129544819 135.406059714778 135.956888785626 135.463842726029 135.0893149 135.0893149 135.820618512762 136.87445418 137 138.03462196 140.177478760001 142.306030190746 144.14228128 145.516734260001 147.318582310463 148 146.448070659999 144.306095636654
123.58976442 122.964227 122.964227 122.37547922 121.964227 121.24570826532 120.967750050603 120.105406673473 120.91108462245 119.964227 119.877067785703 118.82193852 118.21371688 118.684501897933 118 118.437913193914 118.474049510163 118.599275974239 120.33823406 122.48109086 124.62394766 127.656904450546 129.893710530755 131.034321841301 132.896543965551 132.175194153148 132.76839902 132.297609244995 132.9821135 133.420024336842 133.964227 133.37548402 133.612590224612 134.67794028 134.14331232 133.930699532382 132.999487591695 132.997970964229 136.018783059848 136.9463405 136.954625476002 136.381479632078 135 135.007975300231 134.509827224307 134.025242491616 134.0178865 134.736398163463 135.80302578 136.87445418 138.857928102466 138.999734112844 140.351783046161 144.441865499003 147.17793668 148.254785129151 148.970924653227 148.544207377303 146.448070659999 144.41126182
125.140576261988 125.083209949738 124.53622252 124.0535419 123.428712807012 123.067912300738 122.25050892 121.17908052 121.104186636012 121.054469148262 121.191078719488 121.89336692 120.834339005011 119.820276917262 118.78616552 118.136751978238 118.569004511977 119 120.285000601489 122.488005201523 124.702598843012 127.683640544739 129.94531666 131.07085768 132.14228608 133.0535419 133.0535419 133.35657128 134.42799968 135.077415493261 135.62439838 136.1070838 136.76725518 137.146255042261 137.96365388 138.207445766761 138.315456558021 139.39117968874 140.311748592979 140.04542160424 138.916626891989 137.787832179739 136.32468019251 135.1070838 135.07938592299 134.46480132 134.67836417849 135.73159738 136.84602130601 138.849270198261 140.99884896 142.21255864 145.338104460001 147.48096126 149.818213941471 152.30302458 152.25109404 149.662355859999 146.993078188509 144.87606554
128.00044832 126.92901992 125.792941961886 125.2499406 125.2499406 124.609764863844 123.57187792 122.50044952 123.084384420853 122.14228848 123.113879613273 122.859842135303 122.09602675612 122 121.672336221033 120.734804549609 119.73262362 119.2499406 119.827612264661 122.959950476085 126.409091740001 128.858199361069 131.134952889645 132.14228608 133.21371448 134.144987115374 134.278883843951 134.640070607473 135.577602278896 136.57085648 137.64228488 138.198545686834 138.91011198 139.98154038 140.952614107437 142.10870798114 144.259918089716 146.497717541707 146.186337253131 143.92960024 141.78674344 139.681756012599 138.00045552 137.319188670248 136.73262842 135.587624933095 135.1249703 135.85656768 137.73102186 140.748332840001 143.134942689787 145.301873540001 148.41632957306 150.405273428966 151.817144411813 151.85237553466 151.766629043739 149.579581049468 147.60766052 145.94749394
130.895480083911 129.94690642 128.459759493717 127.35793750276 127.326056443523 127.249111211574 126.551080353329 125.346592941768 124.064737396865 123.210315611962 123.928683132941 123.1963987 123.010281922747 122.3927974 122.319253907446 122.283970637457 121.97708080236 121.704824927263 121.915252072166 123.889428605861 126.99828784 130.040830433125 132.858917436443 133.21371448 134.302572121585 135.55296998 136.62439838 137.3927974 137.466340421197 137.9475108139 138.91011198 139.865912024094 140.85657008 141.92799848 142.354112390615 143.969968424482 147.03405364 149.98268662 148.751203430227 145.87605834 143.73320154 141.952885824937 141.01834202 139.94691362 138.87548522 137.21531624 136.263141070548 136.92799608 138.644737040742 141.623362540001 144.651877630935 147.05193294 150.08873938 150.937086512452 150.098525051323 148.10777932 147.78525688 148.585944946773 148.387890488289 147.053778466384
132.60289884628 131.941357808089 131.01833482 129.35815864 128.842204236443 128.464338953008 128.052753105762 126.485281695467 124.37604754 124.2678271 124.2678271 124.2678271 124.329856761616 124.5356542 124.261484604075 124.368790925305 124.932756893466 125.549908647764 126.73148218 127.80291058 130.265326788548 132.55239926 133.496034406088 134.55296998 135.689374463629 137.470898237601 138.70522616117 139.2678271 139.54199493871 140.11942040252 140.646590816251 141.157681324979 141.751186693792 142.73159978 143.80302818 145.108659749897 147.852148408873 149.71485952 148.55468934 146.41183254 144.331004116045 143.081158837275 142.993661018505 142.08977042 141.01834202 139.35817304 137.698674076576 137.803482875347 139.018097845883 141.656987112889 143.89176516 147.05193294 150.064972569199 150.41183734 148.09941209326 145.615817225509 145.00633722428 146.356108560001 147.741444956358 148.315360078817
