catData/variables/futureClimate2070/rcp85/IPSL_CM5A_LR_2070_rcp85/bio17.asc
NCOLS 409 
NROWS 350 
XLLCORNER 60.897278365 
YLLCORNER 5.843756025 
CELLSIZE 0.0892857 
NODATA_value -9999 
[rows 112 to 139 of 350, columns 63 to 125 of 409]
10.607547604423 11.1399671240428 11.8611920358741 12.42801168 12.9632689195367 13.058966011368 13.0239714968007 13 12.1255290199999 12 11.0877696294754 11 11 10.7890740660184 9.78627591999986 8.71484751999997 7.64341911999982 7.04311108665614 6.41124501999995 6 5.33373380883771 5.01759191933087 4.2036365925003 4.00483233566824 3 2.91124621999991 2 2 1.69696101999992 1 1 1.47111818101776 1.96326849081365 2 2 2 1.12553381999992 1 1.92800568000016 2.91860973363291 3 2.97931338270448 2.63471252912681 2.71548375904207 3.9505086927895 4.47111599537925 4.96326827645214 5.60121321171665 5.24442088011475 5 5 5 4.08777027255991 3.99207318072865 3.91068270000003 3.72044972586794 3.36528528523468 4 4 4 4.58874778000014 5 5
12.0713542196278 10.39236108 11.4558128091146 12.0092544463903 11.439663741895 11.6841535826003 12.0178889 12.0178889 11.1434179199998 11.0178889 11 11 10.6853618918664 9.03163449856203 8.71484751999987 7.64341911999998 7.00991227204778 6.49192782345686 6.00735672103827 6 5.26838821999993 4.21132532547587 4.00224561901923 3.07102407648545 3 2.99841229250496 2.82479440299974 2 1.69696101999992 1 1.43791919498129 1.99136546052362 2 2 2 2 1.98435676195262 2.91108466644791 2.98242098905695 3 3 3 3.29219459784814 3.97761973316148 4 4.51732178000003 5.57821808690518 5.99392096859977 5.26839301999999 5 5 4.07102879061878 4 4 4 3.99585682736216 3.98753204814262 4 4 4 4.01053205016163 4.01788889999997 4.01788889999997
10.6596415324592 10.37447218 11 11 11.0315217757465 11.0181934834317 11 11 11 11 10.9817444993225 9.86245628149902 9 8.76838701999983 7.98377531603549 7.57199072000003 6.94646050000003 6.45683132642984 6 5.33981661999987 4.96082987110471 4.18641468971701 4 3.05410301999995 3 3 3 3.01240031464791 2.7505005199999 2.40795808370861 3 3 3 3 3 3 3 3 3 3 3 3.23160818000011 4.30303658000005 4.6656323555933 4.52909947138154 5.54316413055971 5.9684786097379 5.32162755108385 5.69243710809432 5.94646050000003 5.07199671999997 4.05121091437112 4 4 4 4 4 4.33436550139627 4.49477558024724 4 4 4 4
10.1249679 10.405846076114 11.0422018772742 11.1206367675205 11.5887573800001 11.3398142199998 11 11 11 11 10.7197394725562 9 8.97998206942503 8.64341911999984 7.5719907199999 6.54735902202007 6 6 5.92642452653485 5.29735045061339 4.26838821999993 4 4 3.05410301999995 3 3.01109137350367 3.1249679 3.32763459219974 3.69696101999992 3 3 3 3 3 3 3 3 3 3 3 3.02001733072907 3.32763249212267 4.30303658000005 5.37446498000011 6 5.93535138352914 5.35985679361908 5 5 4.89964635493567 4.10984822221261 4 4 4 4 4 4 3.62553741999992 3.39016892060066 3.9396804165479 4 4 4
11.66655184574 10.9447754693951 11.4465248159207 12.1685450351097 11.634660666911 11.2730759645045 11 11 11 10.8142288615957 9 9 8.83981542000006 7.76838701999983 6.6969586199999 5.92645552074618 5.80360369999997 5.80360369999997 5.33047801967852 4.87034242684646 4.21567776662835 4 4.1717423935783 3.25049931999998 3.19639630000003 3.26771916599709 4 4 3.75647675442772 3.12285229209729 3 3 3 3 3 3 3 3 3 3 3.16017978000006 4 4.30303658000005 5.37446498000011 6 5.48267821999997 5 5 4.8563150960738 4.15828149740091 4 4 4 4 4 4 3.94048520827445 3.50268418520037 3 3.41571976784969 3.80360369999997 3.93325985910013 4
14.2072503494651 12.3513485392668 12.040202670932 13.1385534788698 12.0903099399998 11.0910106415272 11 11 11 10.0541006200001 9 9 8.83981542000006 7.76838701999983 6.77812058668601 5.79306266351243 5 5 4.84231687410798 4.42561875138691 4.26782469999999 4.26782469999999 4.90808899490215 4.30743759489936 4 4 4 4 4 3.62553261999986 3 3 3 3 3 3 3 3 3 3.0237698117231 3.38510437847547 4 4.22187589887251 5.20693125092915 5.88057873926949 5.35340507053195 4.84231815966651 4.73217530000001 4.1965107399364 4 4 4 4 4 4 3.93797025145321 3.51030115834824 3 3 3 3 3.48336469264439 3.73217530000001
13.8305922363983 12.4133155679287 12.2946274259433 13.1780758799999 12.8827076726256 11.4550972475589 11 10.727565315303 10.9574138908251 9.73320132304705 9 8.9698891907908 8.55490543533724 7.84696244146513 7.23644537240668 6.37810047372132 5.3392531 5.3392531 4.75049811999994 4.77546722176661 5 5 5 5 4.33337541112627 4 4 4 4 3.75257183951378 3.18798157435804 3 3 3 3 3 3 3 3 3.08875138000007 4 4 4 4.49485314938727 5.02687113143442 4.6607469 4.27173204369045 4 4 4 4 4 4 4.03010836658685 4.28491242728511 3.76839421999992 3 3 3 3 3 3 3
14.2153231341357 12.4106815 12.4106815 12.7155530385001 13 11.6796284399997 11 10.5267521513182 10.5668943724543 9.08598311622762 9 8.91124381999988 8 8 7.8214121085004 7.03621171999999 6.41068149999998 6.19822504413569 5.65303579831883 5.41068149999998 5.41068149999998 5.08088775431728 5 5 4.98267461999984 4 4 4 4 4 3.73722536777399 3.1982260297713 3 3 3 3 3 3 3.00711422741092 3.46298433013455 4 4 4 4 4 4 4 4 4 4 4 4 4 4.08874898000004 4.83982261999997 3.86351042913902 3.28623096840631 3 3 3 3 3 3.30045646632125
14.8760223399997 13.3015731547474 13 13 12.7161542384039 11.8340827407543 11.1293914608416 11 10.1255290199999 9.05410062000009 9 8.91124381999988 8 8 8 7.80606580818883 7.26713797302995 6.48267341999991 6 6 6 5.58411344087573 5.060519940343 5 4.99102735721918 4.43932082399954 4 4 4 4 4 3.48267581999994 3 3 3 3 3 3 3.01732298000013 4 4 4 4 4 4 4 4 4 4 4 4 4 4 4.04596221812712 4.43493582065404 4 3.84306159821637 3.48210990000001 3.26714144422119 3 3.2838411333411 3.48210990000001 3.50828685819331
15.9474507399997 14.17906612 13.3067152509777 13 12.4112426199999 12 11.2683858199999 11 10.1255290199999 9.05410062000009 9 8.96037376499164 8.46486999990062 8 8 8 7.80092354053023 7.32257179563797 7.1070766 7.1070766 6.29712631807758 6 5.60958327117656 5.02994809371564 5 4.96037483649973 4.46487132839246 4 4 4 4 3.76903456714607 3.22764119774617 3 3 3 3 3 3.56127234709992 4 4 4 4 4 4 4 4 4 4 4 4 4 4 4 4 4 4 4 3.80092675505443 3.5535383 3.81639163473009 3.63456719962228 3.11982827548542
16.5833047111419 15.0164618774235 13.5540994199998 13 12.7791963768792 12.2123725716864 11.2683858199999 11 9.57901377738342 9.02028953405068 9 9 8.83981542000006 8 8 8 8 8 8 8 6.99400943982762 6.12309332873792 6 5.64525713413053 5 5 4.83981781999991 4 4 4 4 4 3.41124741999997 3 3 3 3 3.59115261421048 4 4 4 4 4 4 4 4 4 4 4 4 4 4 4 4 4 4 4 4 4 4 3.632052242801 3.12744524863319 3
16.6969562199999 15.5118362312383 13.9399715410006 13 13 12.3398142199998 11.2683858199999 11 9.86003534556404 9.03767540667503 9 9 8.83981542000006 8 8 8 8 8 8 7.54025152906645 7.08148397869425 6.75619306645511 6.69639510000003 6.03767707802317 5.68432979026228 5 4.9513679052593 4.53510262697977 4 4 4 4 3.82125183182437 3.23664830041474 3 3 3.6089739628678 3.98357332937145 4 4 4 4 4 4 4 4 4 4 4 4 4 4 4 4 4 4 4 4 4 4 3.41125221999986 3 3
16.6969562199999 15.62552782 14.4505717839874 13.370606151925 13 12.3398142199998 11.2683858199999 10.3834050355752 9.3577055199998 9.01256089259945 9 8.93185091922567 8.19498540486159 8 8 8 8 8 7.54794009061389 7.07889743347338 7 7 7 6.78038494982308 5.98267461999984 5 5 4.76838941999986 4 4 4 4 4 3.3398190199999 3 3.61659127887207 3.9708539970408 4 4 4 4 4 4 4 4 4 4 4 4 4 3.32856615981707 3.95845474427022 4 4 4 4 4 4 4 4 3.41125221999986 3 3
16.6969562199999 15.62552782 14.9283223289761 13.88775359061 13 12.3398142199998 11.2683858199999 10.1969574199999 9.12552901999986 9 9 8.98573261270172 8.70481668688434 8 8 8 8 8 7.41124501999995 7 7 7 7 7 5.9972149780832 5.76476512150274 5 4.76838941999986 4 4 4 4 4 3.89387716180884 3.8392519 3.96833869736326 4 4 4 4 4 4 4 4 4 4 4 4 4 3.32605103156759 3.02017970884617 3.94589217999999 4 4 4 4 4 4 4 3.56583872742818 3.06610801298576 3 3
16.0622519204835 15.62552782 14.5939271260352 13.5257830507051 13 12.3398142199998 10.6021191990731 10.0175921776672 9.12552901999986 9 9 8.91917149537063 8.07501206136974 8 8 8 8 7.52888087492752 7.03673228181287 7 7 7 7 7 6.89490241774389 5.91124621999991 5 4.97931261247757 4.63470867078187 4 4 4 4.53616537618023 4.30946648707923 4 4 4 4 4 4 4 4 4 4 4 4 4 4 3.33373993597146 3.01759282076899 3 3.0844868057499 4 4.08082194773113 4.7648099155284 4 4 4 4 3.48268062 3 3 3
16 15.62552782 14.5540994199998 13.4826710200001 12.4217762549127 12.0060797181543 10.5367716399998 10 9.12552901999986 9 9 8.91124381999988 8 8 8 8 7.56207951810765 7.00863565495921 7 7 7 7 7 7 6.98267461999984 5.99841207949589 5.98210870000008 5.75464193436988 4.99457823869715 5.34987637176446 5.96421740000017 5.4561488221017 4.99264224903459 4.3398190199999 4 4 4 4 4 4 4 4 4 4 4 4 4 3.35163287302823 3.0048019000387 3.78866803310609 3.98210870000008 3.98210870000008 4.96509800769277 4.08874898000004 4.99713421844122 4.7546466484917 4 4 4 3.48268062 3 3 3
15.6434191199999 14.57199072 13.5244345439414 12.4826710200001 12 11.3044697878774 10.254017221516 10 9.12552901999986 9 9 8.91124381999988 8 8 8 7.97995197394117 7.50056471999986 6.45683248484604 6 6 6 6 6.8276520681858 6.94646290000001 6.93006507060146 6 6 6 6 6 6 6 5.41124741999998 4.3398190199999 4 4 4 4 4 4 4 4 4 4 4 3.97230409213197 3.38923269726152 3 3.03916811604895 3.81358029455761 3.95318374516377 3.89582257577014 3.99907270637647 3.95121426301717 4 4 4 3.97995235940828 3.52444362998514 3 3 2.96465608183373 2.94646290000001
14.6969562199999 13.62552782 12.94427781107 12.4223537946502 12 10.6796284399997 10 10 9.12552901999986 9 8.99783462530839 8.79736978041162 8 8 8 7.57873441670739 6.48485820901262 6 6 6 6 6 6 6 6 6 6 6 6 6 6 6 5.48482118053601 4.38228467374372 4 4 4 4 4 4 4 4 4 4 4 3.48267821999997 3 3 3.73160698000001 4 3.12553621999994 2.05410782000001 3.86204286987971 3.1915333586797 3.87503449999993 3.87503449999993 3.87503449999993 3.54736682354087 3 3 2.92642683929835 2.29735756642173 2
14.6969562199999 13.62552782 12.5540994199998 12 12 10.6796284399997 10 9.84228733584766 9.1008758861989 9 8.98267221999982 8 8 8 7.94048452152038 7.1282101205263 6 6 6 6 6.1436840907602 6.03868170719309 6 6 6 6 6 6 6 6 6 6 5.88437258467869 4.61289965736781 4 4 4 4 4 4 4 4 4 4 3.91242926011757 3.38788316192909 3 3.12965504602272 3.7843177319306 4 3.12553621999994 2.05410782000001 2.8209266800002 3.73228687830313 3 3 3 3 3 2.89840162941618 2.3304847926304 2 2
-9999 13.62552782 12.6735215389068 12.1292700627197 12 10.6796284399997 10 9.19695741999987 9 9 8.98267221999981 8 8 8 7.6157973806131 6.45799927776012 6 6 6 6 6.53566983037338 6.14420958799994 6 6 6 6 6 6 6 6 6 5.86144904826679 5.30110619010653 4.51663020847976 4.07188099314681 4 4 4 4 4.02376959871979 4.26782229999996 4.20579246453353 4 3.89970992778693 3.40570451058633 3 3 3.66017858000007 4 4 3.12553621999994 2.05410782000001 2.01732058000027 3 3 3 3 3 2.8805804521871 2.21485832000003 1.73217770000004 1.73217770000004 1.73217770000004
-9999 -9999 13 12.4826710200001 12 10.6796284399997 10 9.19695741999987 9 9 8.64929998149424 8 8 7.92142513440584 7.15747354029373 6 6 6 6 6 6 5.72756805680677 5.66074929999992 5.66074929999992 6 6 6 6 6 6 6 5.48267581999994 5 5 4.5165896142916 4.06681957100849 4 4.32089539839129 4.33925070000008 4.39789311220915 5 4.84696505719067 4.13363995621879 3.41332182659036 3 3 3.19973391069023 3.77546323461007 4 4 3.12553621999994 2.37500240418961 2.35069526111086 3 3 3 3 2.87296330761113 2.21485831999968 1.31893088178852 1 1 1
-9999 -9999 13 12.4826710200001 12 10.6796284399997 10 9.19695741999986 9 9 8 8 8 7.67326840982504 6.41073228120106 6 6 6 6 6 5.69954233264014 5.11607253838616 5 5 6 6 6 6 6 6 6 5.48267581999994 5 5 5 4.52675305275629 4.41067910000005 4.96811454519074 5 5 5 5 4.51837762994142 3.25689415903207 3 3 3.58875018000017 4 4 4 3.12553621999994 3 3 3 3 2.90488434671476 2.46487109568829 1.95796317533795 1.32654802636435 1 1 1 1
-9999 -9999 13 12.7320792012254 12.1982631514216 10.9979089559311 10.4821075 9.67906491999985 9.48210749999998 8.5700571293134 8 8 7.92277381259768 7.16632889475511 6 6 6 6 6 5.6817206411266 5.13899624622632 5 5 5 6 6 6 6 6 6 6 5.73208168710931 5.19826546553763 5 5 5 5 5 5 5 5 4.8883399593606 4.36095212799234 3.62553501999989 3 3 3.58875018000017 4 4 4 3.12553621999994 3 3 3 2.92277728377164 2.28628671999993 1.36095337093435 1 1 1 1 1 1
-9999 -9999 12.6932860788609 13 12.7371409662199 11.5279135901003 10.5950252864208 10.0879344172585 10 8.63179050461793 8 8 7.75114750434366 6.34305721933586 6 6 6 6 5.67410298226615 5.15171592141326 5 5 5 5 6 6 6 6 6 6 6 6 5.73714310924765 5.18810202707278 5 5 5 5 5 5 4.91133474131586 4.34305936236357 4 3.62553501999989 3 3 3.58875018000017 4 4 4 3.12553621999994 3 3 3 2.751158689802 1.34306043387742 1 1 1 1 1 1 1
-9999 12 12.1672286361508 12.3750357 12.3750357 11.8798492277352 10.4361173761261 10 10 9.05410062000009 8 7.94453055609555 7.15477618391055 6 6 6 6 5.67668935605884 5.15423156394718 5 5 5 5 5 5.385863443984 6 6 6 6 6 6 6 6 5.752408564039 5.62496430000003 5.62496430000003 5.62496430000003 5.03381395593649 5 4.94453355592422 4.31496256408181 4 4 3.62553501999989 3 3 3.22080233588147 3.78762374412473 4 3.4981315558629 3.04708056414303 3 3 2.94453505583856 2.15478608416747 1 1.1893855441798 1.85899004418599 1.97126265580789 1.30165815580188 1 1 1
-9999 -9999 12 12 11.1799873169936 10.6072146 10.1629677883369 10 10 9.05410062000009 8 7.84943466416791 6.25497409216458 6 6 6 5.68947976250461 5.14654317382794 5 5 5 5 5 5 5.01732538000016 6 6 6 6 6 6 6 6 6 6 6 6 5.71281950048156 5 4.91124861999993 4 4 4 3.62553501999989 3 3 3 3.66017858000007 4 3.19696461999978 3 3 3 2.84944687819549 1.25497627813712 1.16128857446986 1.78839608919752 2.37446258000008 2.86462424346778 2.17907332 1.2863930438667 1 1
-9999 -9999 -9999 -9999 -9999 -9999 -9999 9.23217889999992 9.23217889999992 9.01256102244094 8.75451646489978 7.82248763999976 6 6 6 5.71247420160361 5.12865075105552 5 5 5 5 5 5 5 5.01732538000016 6 6 6 6 6 6 6 6 6 6 6 6 6 5.7545201504411 4.91124861999993 4 4 3.7673221198041 3.145236032855 3 3 3 3.15327953650793 3.79392217615127 3.19696461999978 3 3 2.98670089321155 2.12282427944736 1.12298757210675 1.82159507523412 2 2.37446258000008 3 2.48268062 1.41125221999986 1 1
-9999 -9999 -9999 -9999 -9999 -9999 -9999 -9999 9 8.20615441828476 8.98267221999981 7.82248763999976 6 6 6 5.62553022 5 5 5 5 5 5 5 5 5.01732538000016 6 5.86556718552601 5.16075049999999 5.16075049999999 5.47502206143142 6 6 6 6 6 6 6 5.20615844668226 5.15796582230348 4.9857331712893 4.70481869972485 4 3.95128671824671 3.5249799527674 3 3 3 3 3.11760618783848 3.03166216114727 3 3 2.96814313189479 1.14648405709049 1.16017738000003 2 2 2.0601950469663 2.16075049999999 1.64343111999999 1.06610899999108 1 1
