catData/variables/futureClimate2070/rcp85/IPSL_CM5A_LR_2070_rcp85/bio17.asc
NCOLS 409 
NROWS 350 
XLLCORNER 60.897278365 
YLLCORNER 5.843756025 
CELLSIZE 0.0892857 
NODATA_value -9999 
[rows 112 to 139 of 350, columns 126 to 188 of 409]
5 5 4.13859454124719 4.01731818000024 5 5 5 5 5 5 5.51731697999997 6 6.05896493956039 6.75557474860824 7 7.07810431505434 7.86623646622863 7 6.91918221054817 6.07501111762034 5.74771304578884 4.91068270000003 4.56967047787359 4.03982534970492 4.08931729999997 4.67806028000005 5.14828202519883 5.8448898629697 6.82062117113861 7 7 7.9842330043553 7.00057551999984 6.08931729999997 6.3002301201507 7 7.37445538 8.40605864465676 9.42799488000012 9.96326741900605 10.5422399583254 10.1551123226687 9.1793810144999 9 7.27720219632539 7.2117103900063 9.17013071817507 10 10 10.0270653373193 10.0893173 10.0494923790181 10 10 10 10.7315949800001 11.7312994998616 12.7851344800004 12.0492859838011 12.8949200756323 12.0808112325366 13.0708480800001 14.1422764800002
4.01788889999997 4.01788889999997 4.00096797231456 4.01731818000024 5 5 5 5 5 5 5.00925423172351 5.59610227277182 6 6.73160217999996 7 7 7.01692088475205 6.98299398025663 6.01630136423837 6 5.99585691322888 5.68450258227594 4.62554221999997 4 4 4.01053196429491 4.01788889999997 5.46800094469541 6.01436529080918 6.87670241368617 7 7.01757918267649 6.91125821999988 6 6.23159858000017 7 7.37445538 8.44588378000015 9.51731218000009 10.5782086586385 11.6422800800002 10.532003812371 9.19697421999989 9 7.1082348400002 7.01762065439029 8.10662828000038 9.01788889999997 9.24534207909579 10 9.63224557191394 9.01788889999997 9.01788889999997 9.01788889999997 9.66624582606735 11.4501025305626 11.9964763049425 12.8744517800004 12.983079244048 12.9996903685432 12.9836985069616 13.1601653800001 14.2315937800002
4 4 4 4.06993047330209 5 5 5 5 5 5 5 5.58874538000011 6 6 6.76003672426227 6.94646050000003 6.94646050000003 6 6 6 6 5.69697062000004 4.64559050231227 4.05353949999997 4.54315731604419 5 5 5 5.80302818000014 6 6.94588497999991 7 7 7 7 7 7.37445538 8.44588378000015 9.48961554453899 10.5352010800001 11.5712843628955 10.5080649558529 9.19697421999989 7.25109163999917 7 7.01731098000016 8.08873938000041 9.16016778000009 10 10 10.0400960506454 9.66119761999967 9.56899576606756 10 10.0353449886099 11.4383910011368 12.7494838800001 12.9932782110753 13 12.9464605 12.8577235199996 12.0894755312751 13.0833746951846
4 4 4 5 5 5 5 5 5 5 5.06464801662494 5.64013900622679 6 6 6 6 6 6 6 6 5.97105731189143 5.60987166525693 5 5 5 5 5 5 5.7026754347047 5.9843111024438 6.82767972040778 6.87719571674053 7 7 6.9710576118144 6.8750321 7.24948748 8.32091588000015 8.8750321 9.53734635392745 10 10 9.19697421999989 7.25109163999917 7 7.1401155631826 8.08873938000041 9.16016778000009 10 10 10.6553167548813 11.3599036797075 10.4223694368559 10 10.5776669488475 10.8750321 11.7784076254496 12.7651733774025 12.8750321 11.9978369831054 11.7973843940426 10.8398346199999 10.405303983321
4 4 4.18576925299983 5 5 5 5 5 5 5.08757086732431 5.61211413920082 6 6 6 6 6 6 6 6 6 5.7683990199998 5 5 5 5 5 5 5.14368348987282 5.19639630000003 5.89911284317746 6 6.01731338000019 7 6.96854316927767 6.6174902241971 6 6.37445538 7.44588378000015 8 8.94622821685635 9.86651689009358 10 9.35468551199655 7.61922750547084 7.20702476105359 8.00339981242141 8.28513568000043 9.32510772062888 10 10 10.073541179796 10.1088268467291 10 10.1156260002208 10.0667420263043 10 11.4483359393546 11.9753427941205 12 11.9826914199999 11 10.8712905080201 10.150912138505
3.94724736695866 4.23420235676009 4.96038183343841 5 5 5 5 5.08115939556896 5.26782469999999 5.59429330482822 6 6 6 6 6 6 6 6 6 6 5.7683990199998 5 5 5 5 5 5 5.73159977999993 6 6 5.74666863899703 6.01267642919565 6.75594254060601 6.83982982000005 6 6 6.37445538 7.44588378000015 8 8 9.14352840098243 9.92811514881931 10 9.12554581999959 8.30744813822379 8.28049937197491 9.08873938000041 10 9.9379728225703 9.73217530000001 10.2069160370326 10.6735366668339 10.2678247 10.6988842535631 10.3398334199997 10 10.8030233800001 11.8744517800004 12 11.9873270852458 11.2915906550475 11.4498569103022 10.9544858239511
3.80303298000019 4.57779764600474 4.6607469 5 5 5 5.07857216463555 5.53948040923648 6 6 6 6 6 6 6 6 6.32089522591586 6.3392531 6.30914636182799 6 5.7683990199998 5 5 5 4.82449942505976 4.86047978106827 5.22396518719633 5.82265538667563 6 5.70333789441956 4.71486192000009 5.33324103567309 6.05863585603556 6.60925318018514 6.26068256377934 6 6.37445538 7.29461632539538 7.6607469 7.86047896686082 8.66016898000013 9.73159738000007 10 9.42220711137268 9.01835950249904 9.00587280362909 9.39788737024319 9.94566258411485 9.50772044201301 9.1028020281413 9.96112472573072 11 11 10.8002687473466 10.2245438787812 10.2481958649095 10.8698483089626 11.8744517800004 12 12 12.0887369800004 12.7883424433553 11.9845559443888
3.88392369122424 4 4 4.58931850000002 4.58931850000002 4.65509940104888 5.23160338000022 6 6 6 6.21245251332185 6.41068149999998 6.41068149999998 6.41068149999998 6.41068149999998 6.41068149999998 6.96811043195049 7 6.94770141295858 6.41068149999998 6.08396628213184 5 5 5 4.48268541999988 4.34695712985919 5.5206100525957 5.69954550494997 5.58931850000002 4.35573878004056 3.62120948241394 4.02751647513183 5.66220771464625 6.50507275022229 6.76840141999983 6 6.37445538 7 7 7.58874058000006 8.66016898000013 9.43114387058558 9.58931850000002 9.58931850000002 9.42034887355654 9.42088318076721 10 9.83983221999991 9.09511226659676 9.7137060800003 10.6313535684941 11 11 10.6530456988695 10.4106815 11.1422764800001 11.4106815 11.9260121113122 12 12.0071083135973 12.4629758439483 13 13.0951112809611
3.51789009999999 3.51789009999999 3.9739129272468 4 4 4.0829530364097 4.74949348000021 5.66398472115261 6.18053095993381 6.48210990000001 6.75002324250389 7 7 7 7 7 7 7 7 7 6.64845516530741 5.33601643591116 5 5 4.73208790043229 4.19827108078646 5.00206760200557 5.13900181677586 3.83855649332883 3.06950966301434 3 4.01731338000019 5.13470026931857 6.59510972946275 6.76840141999983 6 6.19392673419373 6.51789009999999 6.76729142336862 7.58874058000006 8.34189497906916 8.51789009999999 8.51789009999999 8.51789009999999 9.46377267999989 10 10 9.91705069239898 9.71370608000023 10.6390433300388 11 11 11 11.2838365050861 11.4821099 11.8609956973518 12 11.5784181397892 11.9739082989918 12.0089639422271 12.5606710765543 13 13.3432474341167
3 3 3.94588977999996 4 4 4 4.23160338000022 5.30303177999999 6.16718212854513 6.69327810656273 7 7 7 7 7 7 7 7 7 6.9113383423602 6.34306073274745 5.86470898785527 5.34626157703701 5 5 4.41125701999992 4.29474123660622 4.04149320149847 2.8173594208277 2.94394967128305 3 4.56126806106763 5.03961980595988 5.69529220914781 6.89660010425554 6.38580126063661 6 6 6.51731218000009 7.26285012020581 7.81189051490201 8 8 8.48404388022532 8.97583864466714 9.4464617 9.49558234554848 10 10.2315961800002 11 11.2072740659791 11.800350721087 12.1070766 12.0440365173954 12 12 11.5554958033745 11.056052471733 11.94588018 12 12.0887369800004 13 13.4631875600004
3 3 3.94588977999997 4 4 4 4.23160338000022 5.30303177999999 6 6.1672230655898 6.69833918584456 7 7 7 7 7 7 7 6.9445378426811 6.31496324875311 6 5.81061672837838 5.23459916305593 5 4.67669561407545 4.15423507735874 3.58741487120686 3.10065902022736 3 3 3.59114661453009 5 5 5.32034035999989 7 6.88635479170152 6.62496669999998 6.62496669999998 6.81897599399562 7 7.66016898000013 8.45722400030728 8.62496669999998 8.95291613682435 9.59114511461001 9.62496669999998 9.65824692252149 10.100099528913 10.7118229796529 11 11.6084736232157 12.79218706535 12.6766986139155 11.7862951199998 11.3750333 11.8322558003873 11.6988394918214 11.6249667 11.38855965062 12 12.0887369800004 13 13.4631875600004
3 3 3.94588977999997 4 4 4 4.23160338000022 5.09200193326371 5.56437713449714 6 6.15705996998118 6.7136042977797 7 7.50948417330131 6.57794197787543 6.30360489999997 6.96231623658379 6.98794137565517 6.21486071999982 5.30360489999997 5.30360489999997 5.21160369538803 4.73922943685109 4.30360489999997 4.14654565867051 4 3.33982861999984 3 3 3.60896727747488 4.64228007999994 5 5.06179934075737 6.01673545999992 7.69639510000003 7.48536859596015 7.26076889180065 7.38588382043843 7 7.40999605508321 8.35656408000016 8.91851164939519 9 9 9.28717458611258 10 10 10.27170783717 11.6963951 11.4853702673082 11.2273715190952 11.6072097999999 11.8104040119482 11.8212562037349 11.6963951 11.9185109207434 12.5592215470175 12.0874311652215 11.05411982 12.0120536103001 12.7233360819393 13 13.4631875600004
3 3 3.94588977999997 4 4 4.12298611375604 4.82159636215667 5 5.08694085398176 5.57454023010575 6 6.13669284171956 6.73907344236795 7.16986083354471 6.85928684108522 6.76782350000006 6.26116176256512 6.22815618280472 5.91125581999985 5 5 4.76732692084558 4.14523620324178 4 4 3.09589860899174 2.31107671959131 2.23217649999994 2.84876040776632 3.87445658000014 4.94588497999991 5.01329362002857 5.78842725588426 6.32034035999989 8 7.92964425637802 7.85476323953461 7.89647626455282 7.76782350000006 8.35656408000012 9.4279924800002 9.76782350000006 9.1512414350101 9 9 9.98670822274784 9.30031268133969 10.1973549745733 11.4100014895144 11.6969754199997 11 11.3423582017767 11.8879306741362 11.5479529900486 11.7390679140389 12 12.8030233800001 11.4541235936984 11.0125653503882 12.0173085800001 13 13 13.1075412665244
3 3 3.15204998494441 4 4 4.16017498 5 5 5 5.07167574204673 5.1607481 5.1607481 5.82092188000019 6.1607481 6.83469304002324 7 6.05411262000006 6 5.91125581999985 5 5 4.69697062000004 4 4 4 2.82251403999983 2 2 2.80302818000014 3.87445658000014 4.94588497999991 5.01731338000019 6.07447670747449 7.15959225999989 8.8392519 8.8392519 8.8392519 8.8392519 8.40509667004178 8.58874058000006 9.66016898000013 9.38600550879992 9.03166323161397 8.26611266797171 8.1607481 8.33324176571184 9.08873938000041 10.0257466663162 10.1979767459023 10.5270995290236 11 11.0716745846604 11.1607481 11.5602091923352 11.9453724234186 12 12.1290844825906 11.8796151756466 12.6330836382374 12.8420342213487 13 13 13
3 3 3 4 4.08081976209839 4.92498708116115 5 5 5 5 4.52888961745851 4.08931969999995 4.1482862239774 4.84489509276295 5.89235028000012 6.88567226624424 6.05411262000006 6 5.91125581999985 5 5 4.97293350668723 4.91068030000005 4.50462053983161 4 3.35867067364923 2.30947522961006 2.6662535071303 3.71370848000019 3.98878649938864 4.94588497999991 5.91222672590765 6.16955717083318 8.08515683242653 9 9 9 9 8.95379383127607 9.4994208800001 9.36844351048569 8.35772231999988 8.08931969999995 8.01121371497861 7.13860336828087 7.10663068000012 8.09724587479977 8.32450104194073 9.30022977868142 10.3030245800003 11 11 11.4711038256436 11.9632662176162 12 12 12 12 12.0844857339135 12.9842374171729 12.1701307195678 12.8541405436919 12.0893197
3 3 3 4 4.00158779168675 4.17520054138026 5 5 4.63223939941835 4.01789129999992 4.00863582671569 4 4 4.73160217999996 5.80303058000017 6.0156452079488 6.0009681451182 6 5.99841225125237 5.82480181568065 5 5.29760779045359 5.61435045647934 4.9920225165878 4.47404955034508 3.98946662272197 3.97029737578914 3.97730667114402 3.99647591807685 4 5.87484684805722 6.99911232112467 8.0545468858088 8.9849743527415 8.77254501967417 8.31549673339277 9 9 9.5080567925941 9.41443478867784 8.35772231999978 8.00480207179518 8 7.14119094207016 6.07200872000002 6.0011997518727 5.22797733426178 7.17805908000001 8.24948748000014 9.61851895633242 11 11.8758079649326 12.973472744467 12.9821087000001 12.9821087000001 12.9821087000001 11.404796204397 11.8766980008689 12 12.9826914199999 12.0015876199303 12.0150257331367 12
2.98945495695357 3 3.05064019574083 4 4 4 4.01239937331541 4.34034543729095 5 5 4.51037867088998 4.6107627597165 4.37517000967705 4.05353709999999 5.6166063315358 6 6 6.00092703664545 6.13753017396106 7 6.98760075517364 6.65965683422004 5.64558960361361 5.02966564699271 5 5 4.37517228118804 4.05353709999999 4.05353709999999 4.92799368000013 6.94530705999981 8.06992357184377 9 8.84840486694373 8.27273656366283 9 9 9 9 9 8.37517455269903 8.01436949790719 8 7.0787300791195 6.05122013027381 5.98268901999983 5 5.47192842154562 8.17805908000023 9.55251206000064 10.9464629 11.3923442800003 11.9464629 12.5352010800002 12.9464629 12.2148679199999 11.1434395199999 11.8209146800004 12.0477422635694 13.0009266511783 13.048786379428 12.8398346199999 12
2.70268156213793 2.98431200358239 3.94588977999997 3.87503449999993 3.88612476074293 4.0200163464632 4.32762644781686 5 5 5 5 5 5 5 5.80303058000017 6 6 6.14011740489466 7 6.979983953454 6.67237565226597 6 6 5.55411381999982 5 5 5 5 5 5.98373348374821 7.89853247053164 9 9 9 9 9 9 9 9 9 8.91750165332975 8.23486155239031 8 6.36036824383007 6.00676281044903 5.98268901999984 5 5.30032011328857 7.13557221243199 8.53031392369653 9.79686270387208 10.2651960904078 10.8147148753125 11.4637726800001 11.8750344999999 11.2348636524731 10.1969766199999 10.8744517800004 12.7735579703662 12.8901801046461 13.683510142148 12.8398346199999 11.9710587674854
2 2.70272249918238 3.5637288971355 3 3.08874658000001 4.12871759099537 4.80360609999993 4.86311969309809 5 5 5 5 5 5 5.80303058000017 6 6 7 6.98257118438746 6.67489043765923 6 6 6 5.64168314584619 5.09479647210695 5 5 5 5.15770983608018 6.7735691218734 7.94588497999991 9 9 9 9 9 9 9 9 9 8.46948418064116 8.05271263731202 8 7.12554581999959 6.0541174200001 5.98268901999983 5 5.16016778000009 6.41770828298508 7.86311827906208 8.30091269889113 8.8911744831556 9.51730978000023 10.473113592751 10.9332587892959 11 10.0392677266105 10.6780578800003 11.74948628 11.8070053995296 12.0538821768474 12.478502323623 11.6174959256697
1.73217770000004 1.96637795805279 2 3 3.08874658000001 4 4 4.22187311170731 4.83246648666605 5 5 5 5 5 5.80303058000017 6 6 7 6.9350234903991 6.26782229999996 6.26782229999997 6.26782229999996 6.16753415610748 6 5.62123380063903 5.42550079901242 5.35883598261413 5.46376103575901 6.12360392586764 6.90807990749437 7.94588497999991 9 9 9 9 9 8.89971249888104 8.73217770000003 8.73217770000003 8.73217770000004 8.9089856746123 8.4643407129855 8.05275408864107 7.12554581999959 6.30744586810557 5.98268901999984 5 5.16016778000009 6.16956955840136 7.03520228000035 7.83246455834547 8.32646440328144 9.24948748000026 9.88985491346548 10.4833592481615 10.7321777 9.55626607717061 9.67387870608282 10.6780578800001 11.0126729562948 11.6434407199997 10.6892818395481 10.4643554000001
1 1.57779974471198 1.98164306998783 2.66662450468773 3.05863924061239 3.71508877408742 4 4 4.37446018000006 5 5 5 4.77603558301323 4.66074929999992 5.73620856638661 6 6 7 7 7 7 6.89719707071442 6.28629151999989 5.66074929999992 5.66074929999992 6.04976081191483 6.10925442556982 6.73159977999993 7 7 7.94588497999991 9 9 9 9.07856998038408 9.13364646983219 8.41332816978371 8 8 8 8.43620619141675 8.90894422328317 8.19697421999989 7.12554581999959 7 5.98268901999983 5 5.16016778000009 6 6.20022327911798 6.90816884441778 7.32149859999983 7.83880838000006 9.10996661968187 9.88471127438169 10 10 9.12554821999962 9.62498966681882 11.0058719478811 11.2204096374187 9.83983461999994 9.07856835198073
1 1 1.55743261645034 1.61375129457633 3 3.09439446337108 3.68443556765541 4 4.22067721029178 4.77243802073474 5 4.75821457721237 4.20026669381387 4.30045372484046 5.6869523841334 6.35912202689343 6.41067910000005 6.99288877105371 6.58932089999995 6.58932089999995 6.68443458202556 6.69697062000004 5.62554221999997 5.18311613510493 5.41067910000005 5.41067910000005 5.79973189181595 6.43114704078932 6.91910779023708 7.35912104126358 8.35656407999996 8.99288975668357 8.58932089999995 8.58932089999995 8.72580678360436 8.82148153484404 8 8.18311514947508 8.41067910000005 8.16889564847212 8 8.43114562641925 7.78629511999984 7.07398677563339 6.61154579333992 6.39336811999988 5.41067910000005 5.50506932026069 6 6 6 6 6.30486146512851 7.76679726000035 9.52060409692493 10 10 9.12554821999962 9 10.6137377520568 11.8589684630825 10.25051372 9.54716215486415
0.61285177759457 0.517892500000017 0.973913057111334 1.02628713553602 2.56067789181737 3 3.11994565347677 3.51789250000002 3.69842256122939 4.23092235141776 4.76729489593535 4.69509318328828 4.48210749999998 5.21370967999994 6.67228514534757 7.41709074729972 7.02608809994668 6.50892478740626 6 6 6.11994441053476 6.36095585681838 5.62554221999997 5.44588618000018 6 6 6 6 6.41588227171074 7.39234908000016 8.46377747999993 8.50057911999983 7.51789250000002 7.59511174505434 8 8 7.81947225288666 7.74881236553375 8.28518508181942 8.21298816917233 8 8 7.19697421999989 6.57841908141547 5.57200992000012 6.50892727329028 6 6 6 6 5.81947340994467 5.73285525740849 6 7.1774763600004 9.32033316000066 10 10 9.12554821999962 9.91203185775871 10.9821429675354 11.9540437835852 11.3219421199999 10.4821075
0.196967019999806 0 0.945889779999965 1.01731818000024 2.03962216196778 2.53512670171173 3 3 3.16718302724954 3.6932794364301 4.23096345989037 4.77235580378918 5 5.73160217999996 7.16155490517237 6.96241966149241 6.47062344218691 6 6 6 6 6 5.62554221999997 5.19907217205619 5.73281629162346 6 6 6 6.44450492634179 7.4279924800002 7.97583958629918 7.96351946523892 5.89292819999988 6.14175832473927 7.44646409999994 7.44646409999994 7.2792832157781 7 7.23096131686275 7.77235314681683 8 7.59503458582398 7.08794191785544 5.64150403846424 5.02416148521466 5.45604634889421 6 6 6 5.83226501638739 5.27928428729196 5.44588138000028 6 7.1774763600004 8.95490725799021 9.85142818568984 10.8890045387389 10.2326200199997 11.4752535232717 12 12.0491191040878 12.4820278077672 12.1070718000001
0.698833964222566 0.62496430000003 1.57085408 1.63145923575915 1.9445365557529 1.53521067999997 2.37503569999997 2.56441974426543 2.76597575572838 2.54225983572234 3.07337604428375 4.3317259242901 5.41258504429619 6.35656647999999 6.42426399138335 6.04708236431435 5.40885415567948 5.37503569999997 5.3195737556671 4.75007139999994 4.89481374434508 5.37503569999997 5.00057791999994 4.65369864436347 5.19401143563053 5.37503569999997 5.78761924438182 6 7.30489212439422 7.95291673559996 7.40885565559381 7.35555629323676 6.24992860000006 6.37006767115086 7 7 7 7 7 7.22079873553871 6.96245365553245 6.47569626447347 6.87689814447972 5.25109163999917 5 5.63145653550208 6 6 5.85526065548348 5.26139066452235 4.76598025547139 5.09957702453516 6 7.54541670454751 8.87255033544704 10.6460364691188 11.8522534708694 12.2185505091431 12.6046674354225 13.2499286000001 13.2832081354104 13.6249643 13.6249643
1 1 1.94588977999997 1.3036073 1.27666319046196 1.04863029320535 1.3036073 1.60663907999999 2.18991845579267 2 3.23782851691603 5.16027817520942 5.89682627887665 6.73160217999996 6.75619405378872 6.08742584987843 5.71282168645415 5.01205858278696 5.66944931911944 5.16969936909571 4.07031574821521 4.5146347481175 4.36477255554975 3.74949348000018 4.3036073 4.3036073 4.96377868000016 5.3036073 6.35044069755389 7.21617977877906 7.01642971511167 7 7 7 7 7 7 7 7 7 6.33983101999987 5.49052092522883 5.54741178889623 5.07623325487272 5.6587057237691 5.98794475989804 5.3036073 5.19206762723273 4.53690030909982 4.3036073 4.45068696353048 4.96713838380431 6.02410880886153 8.05261426923717 9.4597351870962 11.3817002365717 12.5592196197614 13.5708444800004 13.6963927 14 14 14 14
1 1.67142989869921 1.26116261728323 1 1 1 1.53348988598653 2.9084724960365 2 2.34236265997323 3.9225651473677 5.58874538000011 6 6.16986258938993 6.23217889999992 6.02914797592843 6 5.78513688000029 6.76782110000008 6.44747594000013 4.76782110000008 4.83817812811613 4.25108443999994 3.10352536279761 3.23217889999992 3.68422818252091 3.64638434963957 3.46435779999984 4.88396796049875 6.10663548000007 6.958449345817 7 7 7 7 7 7 7 6.60279679290889 6.68422633975025 6.8467226924095 5.47448781493118 5 5 5.9458825799999 5.98268901999984 5 4.96281242102415 4.58999666631649 4.2326686663429 4.85476118099816 5.34235713166136 6.40523929567996 8.62952195698019 10.4279876800004 11.6692769977021 13.4196016749575 14.6422728800005 15.494087860276 15.522352307065 14.7678211000001 14.7678211000001 14.5899985090872
1 1.14057010406568 0.214860720000023 1 1 1.40328031563254 4.01818561913721 4.56379690030183 2.31426551883496 3.28513808000022 4.87388345999996 5.93389061420771 6 5.38600323623612 5.16075049999999 6.62852902347132 6.04541398927874 6.84203302029294 7 6.67965484000005 5 4.74568274434972 3.72609844463607 3 3 3.0946407284065 3.05462762057928 3 4.60605636000028 5.1405693324633 6.1066354799999 7 6.92552350550578 6.16075049999999 6.16075049999999 6.16075049999999 6.16075049999999 6.16075049999999 6.07759230840889 6.09464034260529 6.16075049999999 5.31154847536623 5.67393898435221 5.83924950000001 6.78513207999991 6.82193851999985 5.76477501970436 5 4.96277079826688 4.88796085274735 5 5.82008710522482 7.35655928000024 9.11136581680452 11.2142110521823 12.5708444800001 15.1192332301536 16.5529507800004 16.0367202437502 15.9972176371107 15.7647770339032 15 14.7684062199998
