catData/variables/futureClimate2070/rcp85/IPSL_CM5A_LR_2070_rcp85/bio11.asc
NCOLS 409 
NROWS 350 
XLLCORNER 60.897278365 
YLLCORNER 5.843756025 
CELLSIZE 0.0892857 
NODATA_value -9999 
[rows 0 to 25 of 350, columns 116 to 173 of 409]
-9999 -9999 -9999 -9999 -9999 -9999 -9999 -9999 -9999 -9999 -9999 -9999 -9999 -9999 -9999 -9999 -9999 -9999 -9999 -9999 -9999 -9999 -9999 -9999 -9999 -9999 -9999 -9999 -9999 -9999 -9999 -9999 -9999 -9999 -9999 -14.0666484705972 -15.0583548101834 -14.63332019878 -13.9376141246398 -14.5142814117749 -13.5720005120002 -12.5401960077355 -14.2788999261245 -15.0168876969256 -15.1977144387327 -9999 -9999 -9999 -9999 -9999 -9999 -9999 -9999 -9999 -9999 -9999 -9999 -9999
-9999 -9999 -9999 -9999 -9999 -9999 -9999 -9999 -9999 -9999 -9999 -9999 -9999 -9999 -9999 -9999 -9999 -9999 -9999 -9999 -9999 -9999 -9999 -9999 -9999 -9999 -9999 -9999 -9999 -9999 -9999 -9999 -9999 -9999 -14.2217733983502 -13.6165327729453 -14.7893390616875 -15.0816915202823 -12.913981415336 -12.9563907233496 -14.5928424196839 -14.4513318057383 -13.7568009468113 -15.124277853759 -14.758395379997 -15.2716251905715 -9999 -9999 -9999 -9999 -9999 -9999 -9999 -9999 -9999 -9999 -9999 -9999
-9999 -9999 -9999 -9999 -9999 -9999 -9999 -9999 -9999 -9999 -9999 -9999 -9999 -9999 -14.2963746479103 -13.1306568544354 -12.3052990181034 -12.4421333997671 -12.4329846614333 -12.5964273849243 -11.4253405452282 -12.1822922241675 -12.154060334374 -8.08856436092048 -7.71887576903751 -10.5421595968432 -11.7909349712096 -12.4577596913324 -11.6270866514567 -11.8823114903903 -11.0108777377041 -12.424311884 -13.0328130131902 -13.1002675016284 -13.5367229155689 -12.7552585731147 -11.6665897182669 -10.9703333781768 -10.566118040616 -13.5649015400277 -13.7216616560003 -11.1354418762019 -10.4202615881215 -11.70594647069 -13.0894176908738 -15.7544556191092 -15.7412027477464 -9999 -9999 -9999 -9999 -9999 -9999 -9999 -9999 -9999 -9999 -9999
-9999 -9999 -9999 -9999 -9999 -9999 -9999 -9999 -9999 -9999 -9999 -12.3244510377658 -13.9516741786077 -14.7877479552655 -11.5742889535336 -8.03804150861249 -10.1510471683754 -9.79091918003276 -9.3553348894616 -6.67025106640609 -7.78157765448957 -8.87995237090641 -8.42432305049034 -9.40804777907597 -10.3494436242973 -9.85191688271872 -11.0394154337789 -12.1522044910485 -13.0795730333102 -13.2481579275286 -9.47028573764137 -10.9575986042628 -11.9892434323856 -11.1549547488065 -9.46878606519472 -9.84366052908218 -10.2833358135471 -9.05649791508261 -7.41266628009599 -8.18217916434639 -8.4793865501015 -9.16719131462403 -12.4635728926223 -14.4821249847178 -14.7243434124146 -14.1871215859395 -14.8368309703796 -15.81600583206 -15.8154759889925 -14.718415926028 -14.8142087100956 -9999 -9999 -9999 -9999 -9999 -9999 -9999
-9999 -9999 -9999 -9999 -9999 -9999 -9999 -9999 -9999 -9999 -13.7936341440145 -12.3533945391432 -8.10328365355001 -10.9204950417635 -7.08807360623711 -5.3879400408237 -9.08717393652622 -9.14156120483085 -6.57743648427261 -9.12126301600782 -12.3495378647871 -13.1038378869075 -12.9786078644795 -10.0078911999646 -8.51692532801296 -11.2070078500233 -12.6513266013431 -12.035893144 -11.9303207085187 -12.5011097396186 -9.85406405662189 -8.58105091634384 -12.2286465465928 -12.9625272100105 -13.2827191423363 -13.8754094943871 -13.2141981635841 -12.2668695106956 -9.97065263648574 -6.01083033147135 -7.59348874478035 -12.9358979761849 -13.2487023423267 -12.4128267578377 -13.522261130691 -14.1439850187345 -15.4992428944142 -16.3021488935041 -16.1240326316379 -14.5035381950947 -13.2048595339416 -13.6787253752178 -9999 -9999 -9999 -9999 -9999 -9999
-9999 -9999 -9999 -9999 -9999 -9999 -9999 -9999 -11.3563948183917 -14.3510493011196 -12.4218763123472 -9.37713021219526 -5.32832903617154 -3.9943574676538 -4.42220327693078 -8.28153386522776 -9.3832234437064 -7.19763343116957 -6.07084237550767 -8.41156369078179 -8.75908326155687 -7.5899889664671 -8.39271149982617 -7.90200383548169 -4.50547857802231 -8.65765036487546 -9.7932376172021 -7.38474822762684 -6.24588316036519 -7.09025073419932 -8.65549562349781 -5.8691406071011 -9.53618820371393 -12.8413777863492 -14.6930585435611 -14.166799196337 -12.2789498857286 -10.8380443208794 -11.5247500095606 -6.97601356437974 -4.87384385198402 -10.4593151704174 -13.2813122491341 -13.8193197727273 -13.5586556694511 -14.6610262736897 -14.2970286354513 -15.5828657424872 -16.4548150178087 -16.9029214091249 -16.5359629588523 -13.2892245001354 -10.3529327225683 -9999 -9999 -9999 -9999 -9999
-9999 -9999 -9999 -9999 -9999 -9999 -9999 -12.3504416534533 -11.0528795420806 -12.108938667349 -10.5286943617838 -7.32224317300007 -4.36849578274055 0.000580055750714437 -5.47964992353724 -6.71882444842575 -5.03730695562341 -4.92283002787128 -9.05830790589222 -10.0586622165351 -8.94651419792084 -6.46977373294296 -5.82898277281784 -4.83160804854267 -4.48731222040598 -9.38405881908038 -9.19554433190051 -7.37183706123884 -3.05480753134716 -3.58586473072446 -5.83664167073495 -8.3983521322873 -11.4567806949505 -10.0845584234672 -10.4896778587603 -12.9880559541331 -15.2355872499894 -12.830020854602 -9.86537794321984 -5.30518513535387 -3.2601317161796 -8.24312723296259 -7.78140427921245 -11.2657965970958 -11.9528078179607 -13.3812553923263 -13.5513433228317 -14.1586399915731 -14.8408864143152 -16.282450085204 -16.6007595003498 -14.7943048441517 -11.2922949680037 -9999 -9999 -9999 -9999 -9999
-9999 -9999 -9999 -9999 -9.66813457441126 -12.088933936957 -14.0517624817875 -11.5757497441472 -8.5497804328793 -6.6980918817073 -6.49198173372195 -3.66207162693385 0.969427020522955 -2.24009628075714 -5.13418187914985 -2.44899519869761 -5.14107302399149 -9.03006633865778 -10.8949130423421 -9.71233343090489 -8.72046196638429 -7.14253820196869 -3.98119759013979 -0.536852207363682 -4.37506682159382 -8.15883687181647 -9.13397860382976 -8.87261717354814 -2.73729333136901 -1.4465223501251 -7.76682152018083 -11.3655522226591 -10.4730559353589 -6.83524800250957 -7.29681508659378 -10.4175092661958 -10.671281427107 -13.0881277517579 -13.4547586096823 -8.72089626029519 -1.89722784289235 -9.94147948945737 -11.7705726466505 -12.2472105395317 -10.7903016712901 -10.8780892391704 -9.95663730798914 -11.8418226554683 -13.9992124896668 -15.2422487625295 -14.7900187502849 -14.4178771445599 -13.2342292388452 -11.551062360534 -9999 -9999 -9999 -9999
-9999 -9999 -9999 -7.18946058070547 -6.759552996616 -10.7290598696261 -13.8049371841425 -11.07227995481 -6.79633063326869 -4.47408264590143 0.621768420211777 0.986109068499153 2.06897812785105 -2.75473575721841 -2.04999903467054 -3.38247760545549 -8.46932024457859 -9.47653280010281 -8.66059364863083 -9.40627258438171 -9.43757588794637 -7.85329313788669 -5.6263674839869 -1.57527200015098 -6.06772870605142 -7.06456518075417 -4.00414580599524 -6.22750661699773 0.0278856314800333 -3.01314734953538 -9.12255035077258 -10.4132592289013 -8.4197430723596 -4.61438446920038 -3.74180614920324 -8.12422914570186 -6.33010600807164 -3.70083585952548 -5.68732958816693 -6.379068616399 -4.91327339474218 -14.181237261613 -16.6322504580476 -16.4102486042321 -16.5365886567846 -14.1313733917725 -11.2361981586929 -11.8723271632234 -14.311511343984 -14.6917237578755 -12.6484125646768 -12.7383519922964 -14.9100657104942 -14.8531522326792 -9999 -9999 -9999 -9999
-9999 -9999 -8.23852601799986 -6.36406699985719 -4.57286973230062 -6.96971338814398 -11.7863807781247 -8.51958442923996 -4.6336406045438 0.21925113642109 2.78731014820628 0.000657421059693064 -2.42374178799962 -2.42322123265451 -3.69876389929133 -6.43806970212246 -7.08309699916135 -7.8289187800524 -6.98992662960427 -6.68061880086152 -7.33249917741582 -6.01599729731063 -4.47106653161116 -2.33603834530036 -2.76412106268438 -2.25547121100702 -2.94351302823307 0.811615762935075 1.70025481429441 -5.88810881668385 -8.63938354779787 -8.51698620702918 -7.48993069244371 -3.05841930228503 0.0841648284483951 -3.04237580152247 -3.02277524692179 -3.69274603982536 -4.95725049812465 -2.71667599979273 -6.28812493118329 -10.9678214124852 -14.6268005078824 -14.5091320903629 -17.9159455485086 -16.2419056724887 -14.9107415428458 -13.434849698935 -14.3039253192848 -14.7808278958826 -14.1379019835705 -13.7109118572826 -16.0727531637517 -17.3225549504146 -9999 -9999 -9999 -9999
-8.55789010531637 -8.12504635279663 -7.64153237394228 -5.21175565873299 -2.87253364282592 -4.58434014488372 -7.34054873549436 -4.64648156131844 0.33430164326048 2.47311686993332 -1.86943417602049 -7.53304480614612 -8.16381491145604 -2.16963641243643 -7.41990316388818 -6.25055368004918 -6.22418824883663 -5.71366846132253 -5.25616244066226 -4.78445614011288 -5.45331489750582 -5.24898473842686 -3.15781347937065 -4.92939144225499 -5.45764742586706 -4.14280834295446 -7.86489916018228 -1.68655234140171 0.494179936174651 0.067821593526747 -2.36879861292609 -3.33871395117866 -5.81234101245078 -0.853037384467627 -0.64580256884165 -7.17362516954742 -8.72475674611581 -10.4054410007558 -11.1401085962368 -8.55930522377154 -7.90369155266061 -11.1225506434924 -10.9597974283722 -11.1395297423176 -13.7487854639202 -14.6886903997115 -15.7356518039845 -15.7809362477692 -16.0013521198399 -16.4520830206289 -16.3667215219413 -14.8444176558137 -16.8270433288532 -9999 -9999 -9999 -9999 -9999
-6.72842835177441 -4.40471980037489 -5.35473645628435 -2.78498290487704 0.0597584492131609 1.36367419556491 -0.578664389633439 -0.412472144148463 3.22442858936895 -0.3664236444331 -5.42412045729761 -10.3632887530172 -8.7393779724763 -2.23532593677713 -7.27264308612689 -6.24288269002774 -6.88691844616131 -7.93192090688217 -8.09617551808164 -5.95641599774705 -5.98681188927164 -7.90226653915482 -7.10893976133226 -5.65069116743147 -7.41736763857407 -8.3458960338982 -9.36673956513533 -7.76518736712598 -3.50210036717045 -1.88486037417246 -1.58051335290148 0.565385887532913 1.14938962355837 2.84641411699739 -0.422920147778059 -7.35433344392395 -7.21587470905143 -7.76542018553563 -11.0231243619883 -13.25838186994 -13.3637221210407 -14.7022041143302 -12.5360397741396 -12.8334197289146 -12.4590107655425 -12.9956179063318 -13.9506001966561 -15.0403915667422 -15.3839649164258 -16.2379782319144 -16.7420678476177 -15.4463562078195 -16.2792116315564 -9999 -9999 -9999 -9999 -9999
-5.31549643762511 -5.43572566156489 -2.35124442811781 -0.0299182718554981 -1.25082709049491 2.51127621933333 4.40068757600597 4.54567447648451 2.38356675904711 -2.48836778300997 -7.42833957172623 -9.90128557515336 -7.18601101096912 -5.88997556610146 -9.43229703439692 -7.69738310612239 -7.46131083696017 -10.4791439795769 -9.17307068086906 -7.55153951918205 -8.46650968463067 -8.20455982389059 -8.46274802711333 -7.8094859283295 -6.57403195885909 -7.16336927175779 -7.22972344404907 -8.69485487232073 -5.86862816956111 -6.97331295458621 -6.94837982179176 -4.46228672624583 0.758736206691675 5.37568137529969 4.86249863666399 0.0870863286667831 -1.67344500739367 -7.35438322827455 -7.9197765498806 -7.60563852903041 -12.2697369623562 -15.293193166576 -12.12233776933 -10.9363528416181 -12.1773713672528 -10.7151885106435 -11.3877612529783 -11.9953301335954 -13.3912224284137 -14.6036865433095 -15.549617136412 -14.3358829077283 -14.2672333107662 -13.7865578088413 -16.5935566014954 -9999 -9999 -9999
-9999 -9999 -5.45203493366359 -4.33925583998623 -2.18225771358937 4.78764689336919 4.58360638125178 -0.410251832410402 -3.05260574120986 -4.55427756013506 -8.15806907904776 -7.78938490838965 -9.43358137645 -8.32624420126656 -9.2265351675446 -9.23722308965707 -8.63053733836463 -9.65061647380201 -9.12244507521941 -8.60690098177504 -9.27879371051197 -8.52803738053839 -6.91174890823216 -5.13424216371779 -6.41931970233564 -7.30461075599019 -6.16542982335588 -7.44084517192947 -7.44958287709252 -7.73398267981548 -7.6796409621506 -6.55497255633968 -4.0599964411116 0.108555907905506 2.99376682901378 5.82596676748395 4.38634599673451 -3.56754934230304 -0.609571129724329 -2.67448690089418 -9.49170993734606 -14.1053876405886 -12.882341933843 -11.2434947817005 -8.36508842848454 -7.58613939876336 -8.40180485724523 -11.5802690289747 -12.7115735778817 -12.3932418066541 -12.8184886604429 -14.363507373692 -11.9125222123675 -14.1842897437424 -16.9011027312249 -9999 -9999 -9999
-9999 -9999 -6.49048936639128 -3.61190661740015 2.15596686231416 6.34815225417417 3.88255178101114 -3.57216070930884 -2.42382549843818 -4.49013350801846 -7.93477886994624 -10.3039474446019 -9.60855670828526 -7.32879364042665 -7.33750005669527 -5.65338288737413 -7.72404296268979 -7.21621550578792 -7.4637686870006 -6.90893267129738 -6.73731532856318 -7.4920015685546 -5.07448946036838 -0.904972777187844 -5.07202027599483 -6.2422812909004 -3.85862854957558 -1.74012303703569 -6.99194173929189 -5.2475205451842 -5.44960725275386 -7.68645428151488 -7.85091696010271 -7.0071709706986 -5.47109454074355 -3.12413628749121 3.09875545616489 6.03586438230733 3.19515041545423 -1.97202193505403 -10.5053567771832 -12.7351255452638 -8.92951935550583 -11.8151155236364 -11.7682846264028 -10.2722617476404 -8.31144777600001 -11.7665238986976 -10.7874236647881 -12.2255359684831 -12.1424126239922 -12.5061458375499 -10.9329490810326 -14.895862690501 -14.59503277294 -14.4310722898338 -13.8646937948034 -15.067467055419
-9999 -9999 -9999 -4.02284686318605 4.16819761977517 7.76526390200812 3.20373192667784 1.70307093785091 0.288543055889399 -3.85202823847125 -4.44185379659344 -7.24649539501661 -4.66255970012713 -5.17161064795995 -6.76131188207812 -3.41022689819418 -4.83691565557423 -5.30954418681884 -2.96608783693507 -3.78858968095411 -6.11392348504202 -7.0582755666752 -3.65234728263138 0.658030557660378 -0.153780247295986 -2.66172584432573 3.49674072846971 -3.17112793036977 -3.42405329540127 -0.517146364844369 0.232861077497042 -6.07962308554421 -8.14978311200001 -8.03532213360226 -6.3054833462291 -5.60207806834859 -1.82142996658964 7.28938478568856 2.37108592770333 0.112508203415796 -0.370640761798982 -7.72675384818666 -4.76292892990531 -10.5355771886955 -9.28410468291313 -8.99852041392762 -5.78537048597682 -5.09052623254546 -5.7842309464697 -7.04863958640381 -8.9480016010685 -8.30249516921936 -8.2492532945762 -13.3999886544722 -11.5036942880874 -10.1021358561559 -11.6438600700932 -12.8638784240001
-9999 -9999 -9999 -1.83825836756224 2.70330987335573 7.66567463489146 8.47706452015122 2.87510818728391 -2.83325498986911 -3.33212707166679 -2.39892330614068 -4.08885696681316 -2.45348675863515 -4.2609677454196 -3.2781578350763 -3.93165988625099 -2.07033013577051 -4.96054268011706 -1.97194400129553 -3.71646917526142 -5.48199473623531 -5.28026865125861 -3.96832510397184 -2.63555357516801 4.6963665954309 5.11927027515852 5.22906103956574 3.39564845817851 4.55352736440742 6.84094242104486 2.85888857006887 -0.587696299039626 -4.10070951512489 -6.86213810501153 -8.62979344820428 -8.10426410190613 -5.08191149832393 5.11772009367296 -0.407767491795534 -9.63741168210761 -8.0810700902563 -1.13489228217171 -0.0400246180648879 -3.77281437024107 -3.86925281309105 -5.30281255336697 -7.2119840147472 -3.9947697256626 -6.66131746980978 -12.654578661486 -12.2028626884838 -10.8281283692974 -11.2159916508745 -9.32019503535933 -12.4521189589761 -15.3176951627391 -15.9090554531419 -13.9659894090437
-9999 -9999 -9999 -9999 3.76968690087788 8.97657307179245 6.20032990823237 0.562998523294325 -0.387695994436308 -1.65321333400472 1.9957836632202 -0.549447895490474 0.214459343372652 -0.0399120891393957 2.63811914390287 1.63467032833405 -2.80171516415109 -1.58789092328923 2.64388826585143 -1.63911537271666 -0.176138231365359 0.998494372556727 3.18183613461101 6.14453556154673 8.01997357983924 9.38698999275582 9.06462913403073 9.1857732545998 10.3624772667415 8.59557996976465 6.59556955889549 5.6969034953055 3.3550121399776 -0.205692275528231 -4.26345161020682 -5.37270593242769 -0.622073162280069 5.4512922063009 1.82836216510927 -4.74832143229158 -9.76902091183875 -9.47211076301309 -8.48901103190025 -7.16372626863704 -6.06580759279144 -4.88217135638793 -5.89596422333999 -7.33259857888441 -2.40799738399996 -4.43557324238613 -8.99973795965882 -12.2729305675301 -14.0816473140318 -13.005549071994 -13.3800409203971 -13.6822446941306 -12.3932786507862 -9.91444073444604
-9999 -9999 -9999 -9999 7.77021136403203 8.49794486506771 2.54790772394167 0.168528803574896 4.12589977382019 3.46525136694905 5.48936092016276 3.58939057809551 -0.893431250867187 0.985118462904164 0.459066882282718 2.20741410691055 -5.33266422030948 -1.26126384069153 4.05248806761019 5.8969958680972 6.69022440275924 9.31282501013993 9.29130297665444 7.01409679737441 1.28122582374601 -0.129021076091305 3.27380594697738 1.53215606208773 7.93469192429684 9.2779087321084 9.58338509673574 9.24450555583382 7.82931762735548 6.70844593839498 5.65322704269885 5.02685850226753 2.87632211997564 0.0591012106746769 -6.49360521871913 -1.94742227138524 -6.41794147601682 -9.96339061595636 -11.5167685908155 -11.6590734668929 -12.1682099601915 -7.61250760426212 -3.78364224960543 -3.92981545692978 -5.32997045760209 -1.72537711675783 -4.06878830022972 -9.10597253326601 -12.5869512728685 -11.8510564591916 -11.9392808121537 -14.1519008311929 -10.9788881325631 -9.27123116305743
-9999 -9999 -9999 10.8569205304228 8.68788148360333 4.95213217751689 1.86853213997592 4.62936595874685 8.14438793869535 7.02849744563569 3.36725948212057 -0.582131612095217 -3.15086172396042 -3.13383938642008 -1.50580949105682 3.43768279702266 -4.29581278960358 -5.66397293316466 -1.1433948507536 -0.0288357830900045 2.0203618683135 8.32853807717598 6.05342710506051 -1.71186869723344 -5.65562067365862 -6.246388548 -4.07490150635419 -3.80278325085164 3.53527108599954 1.60011980825808 3.08520699685785 5.92073404946951 6.10886854337592 4.54504842741842 3.96587535953069 0.245076854805346 -6.45104575295817 -10.0078696842274 -10.6665671217678 -6.34602758807136 -1.82939437925211 -7.74698908899265 -9.90445131018384 -12.0703949889868 -12.5909564248932 -10.6434168830225 -7.46708823051668 -2.7966310381556 -0.193692076650915 -0.181614712354136 -2.70765909228733 -7.25189994037883 -11.2708467111981 -12.3790013273838 -8.71289364147486 -11.762703137558 -11.1512245918905 -7.66734335631102
-9999 -9999 -9999 -9999 5.98162962738245 3.54429629206056 5.69527003575286 8.33857256470752 9.06254311694416 4.61820522678473 1.26935165281724 -1.80912103174305 -0.949549858071043 0.00738401635695069 4.12996836478076 4.32054225606001 -3.07035025681059 -3.03882022022867 -1.14192002460467 -0.181979556472588 4.27590573961357 9.49488308791103 6.22558158611983 0.71793048939674 -2.72669150165177 -4.09421781367694 -5.7105372708834 -5.58662248444959 -2.83176330422232 -3.87961001775764 -2.26125713430477 -1.10399468999351 -0.393218831266307 -1.64480820494929 -2.35070073091338 -8.01312026690489 -12.1428139633138 -13.3580966725767 -9.7082907029015 -5.54605678996598 -2.97056038448731 -9.3481558027142 -10.3175874232744 -11.1330214813321 -11.661477608615 -10.9177724798817 -10.6804685885384 -7.51524446270734 -2.42276594705652 -3.45214633441883 -5.96483666903413 -4.35787265524023 -6.56233470784631 -9.70509209245872 -7.20407477164789 -5.99281393863987 -8.44574395642848 -5.04743434449223
-9999 -9999 -9999 -9999 6.20833185211754 7.11565822683938 9.95316774821538 11.4091917714249 10.4526534288263 7.58054535463907 5.43932920880987 2.31792033992578 3.89220705536635 5.93094664016251 9.18847882190727 3.74445944197699 -1.674525649761 0.447891896851479 5.17332440025902 7.13426472387073 8.38872393239355 6.09556973768111 3.57712241338618 0.402124435006144 -0.900296488702664 -3.40889646155431 -4.68963362540206 -5.36451548171827 -5.64626785810805 -6.40428207484368 -6.36845585004555 -5.17105471209435 -5.53921376379924 -5.61850652862673 -7.55048376042969 -11.5056948661589 -12.6151535217457 -10.8616271658529 -7.55596253616057 -3.33524007101206 -6.61849888107899 -6.87626721962715 -8.27368203473328 -10.6212956912996 -11.8052760209266 -11.9735486364599 -11.743421999996 -11.0298532695765 -9.16700593771226 -10.134738194661 -10.2215837164588 -6.10168012500141 -3.08608413189319 -5.30410991527819 -6.49469344309826 -6.50480744188509 -6.35418377747523 -3.83004878210964
-9999 -9999 -9999 6.78402911665275 8.86292172128094 10.1468572165783 10.1512184650814 11.1854250900508 11.9869185464722 10.1216054973021 6.65293387987151 7.72720315889188 9.07990169726321 10.6032187004618 9.35542231442486 4.71966975661577 2.89435366194682 4.26271466512171 9.94941477350292 10.7425644408199 8.67512533810638 4.06210947087631 0.431413172870064 -2.93826002721978 -3.52368796906029 -6.46552738938827 -4.83441392229125 -5.40477910809131 -5.31466232908209 -6.61638227217788 -6.01023350478821 -6.98035708301755 -7.35806185625648 -7.91787331125393 -9.05312139736571 -10.2702181487422 -10.8218178630587 -10.2140729815306 -8.33478136171119 -5.09659286177239 -7.93058770329369 -9.11903113848849 -8.21482108028909 -9.9232087685149 -11.1287502369899 -10.8175616124243 -10.3101027943284 -10.3592242801741 -10.5796956861625 -11.2134633345983 -10.9007188031853 -9.39897994371217 -5.53232024840355 -5.8274388809939 -7.72750932023425 -10.8158855504175 -10.9418646244206 -8.66237270117277
-9999 -9999 -9999 9.21662296167482 11.6422579598165 11.8593953904093 11.0619944924512 11.0782588210695 12.7219802116051 11.1502086569807 8.91013283695073 10.4956508406872 12.212371709284 13.5501831135471 9.93430338970304 7.1518477552716 8.0397193078294 10.018023482332 11.9104332185474 8.45078727723894 4.913673262358 1.89989449044883 1.18393888447858 -1.08964427373237 -3.60634321196467 -6.01237798807693 -4.89480374374281 -3.02313366848739 -4.35967909271731 -5.58526447190961 -5.40077571417838 -6.62317144100094 -5.63923368397056 -6.10270101562615 -7.18866483021614 -6.50328864750078 -8.06884385599151 -8.64899518044008 -8.26617448617224 -7.44018027257733 -5.99936824661532 -8.680363923554 -9.27560307547062 -9.34462047398612 -10.2356069240446 -9.65899378204323 -9.29492537306428 -10.0378743526396 -11.2027567893408 -12.0141654345549 -12.3827695848704 -11.784406438 -9.31583824463635 -7.96068580347719 -6.55922642197556 -7.12499111341589 -10.5542932491103 -12.0029582098016
-9999 11.2485137032318 11.695105312306 12.9325235524482 13.8031182212265 13.6592962861712 13.6099056145176 13.4990320511837 12.838367367872 10.517378540127 11.2982630990869 12.5275647741127 13.5722376284264 13.8073603817244 11.2466091220907 9.92011486353536 10.8828972408958 12.3662683750487 12.7366259412699 10.4674883296007 6.52113352838482 1.68129435041696 0.413911587726793 -1.45635920612787 -4.40302123700956 -2.8263759480095 -1.17719021921519 -2.85339169884138 -3.23413669493292 -5.18504874606947 -5.72001231669957 -5.8401664727303 -3.03800136508002 -3.21929500275715 -4.55883940597611 -4.16067791578763 -7.13778429996771 -7.63637020178607 -8.99090955101429 -8.22727471018974 -6.5963579024775 -8.453287223488 -9.35000660000001 -9.398057654 -9.66737420067408 -9.61893525702189 -9.40775803500687 -10.0031405260408 -11.2181908747397 -12.0120180184842 -12.4353130700289 -12.3488052491432 -11.9838733798618 -11.2129135487948 -7.64819764710667 -4.82837075224344 -10.1594048592502 -11.8208934432485
11.007356595471 13.4012872385828 14.1485881388293 14.926715318 14.9328876223183 14.9183279439471 14.6958727314686 13.6136394998821 12.8056405835456 12.3367968776981 13.0205175568974 14.7169004657959 14.8206357746717 13.493672216067 9.74431595374935 10.501133546 11.7847808970266 12.914826371301 13.995348091971 12.9406256243082 8.63145631075535 4.3055546041823 1.10896573872564 -1.5434587012512 -2.22419167646757 1.11172937026669 -0.898699195204789 -5.33127213887458 -5.23498174159399 -6.42505002093722 -4.27591685362399 -3.06066855046228 0.326749420516849 0.80067802698705 0.199066918555804 -0.170967809642069 -2.23824067535051 -3.12262308750774 -5.47604972858788 -6.13458191385618 -7.54685775958191 -7.91969483666356 -7.17256513161936 -7.98908055725256 -8.94783485114599 -9.30466035429696 -10.3629730111812 -11.0246302487955 -10.8509904373158 -10.5626229304451 -11.3413101910513 -11.4710519651355 -12.2733538379586 -11.1637886538254 -7.91429524318649 -4.94612907628089 -9.95756290227753 -11.7613515707932
