catData/variables/futureClimate2070/rcp85/IPSL_CM5A_LR_2070_rcp85/bio11.asc
NCOLS 409 
NROWS 350 
XLLCORNER 60.897278365 
YLLCORNER 5.843756025 
CELLSIZE 0.0892857 
NODATA_value -9999 
[rows 104 to 129 of 350, columns 290 to 347 of 409]
-3.27174071261835 -4.36330640735303 -3.49087650199597 -1.60346152432833 0.860192980918185 7.03702000493017 11.116801433341 9.8108042993695 1.02955272414294 -2.4987880804989 -1.64012076124683 -1.53903688865859 -2.01950287239861 -3.84554562863468 -5.74328590636042 -6.84328392917523 -4.97655121226273 -2.41629647507334 -0.169957466074623 2.8052066350698 0.828796306107943 0.738795646608667 0.285231267219388 -9999 -9999 -9999 -9999 -1.68033787175279 -1.35607162521662 -1.2989540609521 -1.09431636442606 1.14533697962605 8.38411278216274 7.90029547030583 5.59844107393054 6.86711127169852 7.52072094799779 2.7679865156269 0.970721247353536 0.111138727338655 1.62273859691687 2.947161488248 1.65458305275776 2.93205685979245 2.77939298863218 2.78337727083162 4.33992616137567 10.1357445927952 12.772545656243 9.20195287322577 8.76228246799889 6.48129195735208 7.60315210058465 4.42695434414812 4.87726008559691 5.95296731406293 2.21507668350155 1.60663144893346
0.232317534261461 -0.346359479368317 1.16669704275459 3.59387044453268 6.57650695068732 11.5137662975013 15.2624998851155 8.2239346260148 0.394749361004384 -0.0569460001991688 1.1667542936289 3.10997452132208 0.505258628664138 -2.52116833467928 -6.77684687031246 -7.0118820031444 -2.90688671960917 1.70996119867658 3.02776620058693 3.6105775355793 6.16354564842804 3.63914074831298 0.589591471444763 -9999 -9999 -9999 -0.871635517952916 0.358094414260193 0.252850242909317 -0.84642334691446 -0.00775410065482122 2.083403120941 8.21627795915907 12.4734717040281 13.0615206211987 11.6617007184682 6.44117686064448 3.74779877270181 4.90966958758915 2.38110112083009 4.76691672793089 5.98255792020102 4.46944939440959 5.73700335706412 5.20171956873304 5.75046899175537 5.01665146598709 8.7009792154941 12.3405054346393 14.0578233019838 10.498273429392 8.37818516488491 10.3115509623221 8.03243795617752 7.61429217501164 7.71634921106704 4.08659547407489 4.08664548607236
7.77479636084243 5.98353605914112 7.16178298192329 9.98557631270381 13.801233553769 15.7741148046455 14.3385350897309 5.81713447709158 4.03143196415441 6.61004767314154 5.66628540729329 8.71160659388839 4.46017983653287 -0.949122605218028 -4.25767718319823 -4.40637081594353 -1.5053396744201 6.3707883429706 10.6702506790694 9.4188237699262 11.1831557858581 6.03799683486085 -0.767307353538954 -9999 -9999 -1.13283067122023 -1.05429847599996 1.7445661160553 2.57095665429811 1.64364174357121 1.25733787219823 4.61381855267464 7.58989802724457 12.8413040199026 15.7265846606588 11.9650223801307 8.93381046270273 7.52035189429665 6.84249879170346 5.86906107181691 7.93797183813403 8.72445256308696 6.5277269018328 7.11215760091222 7.60457007770746 7.66494675172312 5.69391712236805 9.19107383026225 11.723446900143 14.6177179864503 9.18746921604306 8.39033825604919 11.5591520083124 10.5609379399998 11.1819201455572 10.8016705274615 8.67335671106781 8.48456734771815
11.6314369559975 9.02741860657433 12.4038637571131 16.6355297274573 17.8575284175192 18.2377421543849 14.4999262758692 6.39305297800076 9.33734794143208 13.1654065400285 12.0923311003574 10.9956327544396 8.44554049102929 3.27538710541288 0.171330990629688 0.948882083487253 2.13900700516611 6.85932121654101 12.7343849735728 15.9445608258157 12.2016227668146 5.34399892900859 -9999 -9999 2.22495436396995 -0.101590195946275 0.0283984893170154 3.15286659785468 5.67520490622463 6.1899592162493 4.61042732108191 7.07706360870906 7.37591653742365 10.0473083884151 14.8827293135457 12.1313240459334 9.73638580644575 7.39218241749504 6.66820058757197 7.37242937257157 9.76040355440413 10.2552806404084 7.16435680645718 6.35374494088078 7.88170335813542 7.86476755387105 5.58601848183687 9.6956559658364 13.414284540087 14.0250913440049 8.52701349772184 9.53816412734555 11.1371635401125 13.5707807965425 13.2874374422188 11.6282860309232 9.52102202150396 7.70124323653176
12.8221823224416 11.0996868317831 14.7867979101096 19.7012779445536 20.4938406708148 20.40305804144 15.6706910850503 9.51911943407886 14.5072178035443 17.6295050600847 14.8576293341193 13.4217913773576 12.93341841869 7.67459545666729 5.22493117678392 8.48406362016787 11.2472047094024 11.355110380081 14.4194690519496 16.4039021678314 13.9501258669735 5.88030999033104 0.557602898743307 -9999 3.72786818030733 1.53749567597791 1.44724312191766 3.98032908046416 6.41734781019681 8.02269202054339 7.69600421422771 7.90842441973853 6.03216343427096 8.14674037563272 13.6208333232276 11.1466802558841 8.70633335617169 7.33129356960591 6.06964709231257 4.91067538243174 7.82486979650606 12.0683933810681 11.1453721666221 7.0272555699883 5.20435771157688 7.07468203945176 6.19662302387172 7.99863135897808 12.5688786769887 15.1368246112643 11.0258889242694 12.6641228718503 12.3359174462943 16.1041560421666 14.6775446066578 12.2875010868267 9.04505990326022 6.12901461634372
14.304934586011 12.2820731582506 13.1693716932655 18.5168985408844 21.8061423351627 21.3532353789475 17.3623880447309 12.3414151191422 13.941294758179 17.793505425031 18.4050996274241 17.3402061024829 15.8968489802115 11.0401951900704 10.2812463851305 14.5532865747677 17.4841690473718 15.4258254885216 17.686299454792 17.2358233485741 16.7125199645587 10.5685519046205 4.13730424984939 2.41340935585352 3.88866924132979 4.8283264000766 3.4872959186414 4.44797908000118 5.89423824084013 6.46214294030033 8.31910705189398 6.80082791028508 3.01168257541258 5.47256370001707 10.9165698239108 14.4830043907318 14.3879535127692 12.347541133986 9.33738140193326 6.1916419466479 5.56703915663169 11.4378091513446 13.5155634475436 9.93669564889977 7.32730595160245 8.00366785708557 9.3198031375184 9.35138786257655 14.9338352773085 16.9746345505261 13.2595163847503 15.9412566101035 15.8480212801484 14.9425040837046 12.1075526476627 9.44024416308612 6.63149203256997 4.9183824207336
15.3519383488496 14.1806092361965 14.4090977833466 16.922123924347 20.7360142208191 20.9635040599093 16.3190152895132 12.5508811677881 15.1858842863795 18.179332369294 19.8831657559994 17.8063604331928 14.8454433982671 10.924204436222 10.5420061949222 14.279485430212 18.3676103001789 17.0946520233486 18.6783934891274 19.2296649898642 18.8564373922695 15.7843732408548 10.4654914546712 10.2225845355671 7.9615605582109 10.0148533277252 9.33800480717997 6.63338452998588 5.84265278741986 7.29319813571295 9.1631538334584 5.53679747234832 3.38739229875649 7.30747637403108 10.0025472732836 13.6080192735013 17.1984530791937 15.6273964855356 12.2176933472491 8.18677269241205 8.3906439013008 12.3855900379401 15.2053332362466 14.8065326211168 12.9612127486808 10.663956708284 13.2611416056187 10.0818716695295 14.9594597830716 18.1978946850818 14.5073245659086 17.1706734600917 15.1356504780198 12.1685918984837 9.9294714743727 8.47503712050492 7.93089963728192 8.39460597304641
15.1199587785776 14.2728465165482 17.2876038319257 18.581176663976 20.5582920791328 21.4896345411078 15.6690659918661 16.209196541444 19.0817749523082 20.2816506056128 19.9918329667419 16.4741153721214 12.5896130019998 9.86937398317358 12.4373317837366 17.5548956960003 20.3298052694266 19.5927635168748 19.864296719423 19.3183530982161 17.3901057032234 13.6231699121044 13.7479259648392 16.3624461888201 11.9565321563492 13.0741340134353 13.9696987072075 11.3909294776975 10.0184300246504 8.5156625260056 9.00387369865432 5.93657469686412 7.33177032999345 10.680515668871 12.0574554841259 11.5570108093254 17.1597527329927 15.83585356805 12.1171883893984 10.3700057998263 12.1206115352918 13.4644874137174 15.451246542197 17.7405044400201 16.9826153491985 13.0279511088853 15.048775350154 12.6896927844837 14.2001614394475 18.0489549040835 16.4718571502804 18.3034706765373 16.1569755195233 14.2945751101167 13.0413519579686 10.5075571050403 10.5733042727421 13.0668211282613
17.6716385784447 15.6646017458358 16.1107928914846 18.9421716763893 20.6746411932466 18.3357120443094 16.7364143521099 18.5874846999267 21.1766336677143 19.2510881414475 16.7485659198819 13.9966590086422 13.3307382265467 12.81546431132 12.8970716995266 16.156501881852 17.1231127177218 18.4386439336915 20.4681149387616 19.3181747859008 17.0191111240001 16.560614825276 17.3621314060327 20.0120088418511 16.9842761201114 13.1101860640753 14.901210216182 15.7842368618852 13.3169291460854 12.8961760228678 10.9816483192999 9.12196417757824 7.17462844740098 9.87414669248239 14.1906431933677 14.2727566236405 18.1124227545363 17.5363436844323 14.2853027942264 14.4425017279351 16.0874524107044 16.4716469635027 15.4536126696004 14.6910022366687 16.6619959761058 17.512376352348 17.3139765917279 15.6712806630097 16.8513123894175 19.3528460056409 18.5643823635123 17.6978386694499 15.3058272537558 14.804457756467 12.8685601165501 11.1763237673052 11.3510133847605 14.2015667487713
18.6082693696737 17.8800467846122 18.6765761963732 20.6059826825681 20.8753011602133 20.4925312050589 20.9919502005209 21.2424688019645 20.3341075901925 17.2734097354008 17.0145749547775 18.4988654410024 17.7336044773084 17.2214326175922 15.3925004934835 16.6184582864059 15.6735213175838 18.2583096837991 21.0357539377088 20.0747175017855 21.520552845793 22.1087389995171 22.341772473628 22.5311670103274 21.5697988070882 19.5310713360563 17.2572306046437 18.514648489405 18.7333357631795 17.1296356383662 13.5522292122772 12.9142763557502 11.7694123930736 12.4991998486734 15.7023219179419 17.9673910402468 19.4206599408825 16.4859528469878 15.3333504023609 17.8386584769001 18.8678262578942 19.2332095944243 17.5479922938532 15.2538574541612 17.0695181440012 19.8474893696589 19.0271208652105 18.1348824430015 19.4758473099999 20.5291867361361 17.5158074513468 16.4847267073223 16.7030183959928 16.737462466132 17.2807261652865 17.1472384187852 17.6041501715851 17.3198607535571
21.3227075441985 21.5620454219829 21.6337965340651 21.6774349902946 21.4308095075409 20.5138954432464 18.4705422931203 18.2302741417122 17.1580418994418 17.7369209939999 19.0067789641037 20.791893166438 20.2843774906782 19.42543566666 18.2537032279999 19.1140044257331 19.3642072145877 20.5068022286387 22.3141022239198 22.8850894430757 23.1950452149112 23.2159692963734 23.2107079 23.1955509237909 23.0697474139999 22.4539724213737 20.5324810787493 19.780435682445 21.3222301477802 20.5545509331119 17.2106653841957 17.0131999365842 14.6883302658742 16.4579269428792 18.5045560573049 18.9786002782416 20.1776621277775 19.2062800408195 21.1481567439056 21.9006442342596 22.505004354812 22.4555890138104 20.8932481329897 19.4446274822618 18.1253194008168 19.4071407524237 20.4315222533621 20.4437169310529 20.7176048839999 20.5982038674929 18.6595620279905 19.6897967535401 20.0555223084378 19.230489639231 20.3840403915371 21.8220492144206 22.11231156048 22.1535286129252
22.4301935940001 22.6559496103862 22.8280268196462 23.0155336682165 22.7111824130328 22.1440444332855 21.4010335382538 21.1001647017511 21.1479325420001 21.6245518685539 22.3051068888353 22.6465836526105 22.5050043269274 21.8643655562806 21.3438847150197 21.9991628284837 22.8060399592617 23.071308256 23.1952588133857 23.2890122376709 23.394585858 23.4984873337588 23.41249679 23.41249679 23.3719701718066 23.1806767886181 22.9189322093319 22.8170161758567 23.0982764487121 22.8570358788648 20.8505371493839 19.4652304074642 19.9398555296462 19.3238205877256 20.6666617373283 21.8427963389642 20.8347025547432 22.0745613484306 22.7261671261781 22.967790188 23.074933028 23.0984766280555 22.5908832159331 21.7871450614259 21.5331918532 21.9398111223407 22.5291104994813 22.8670097729665 23.1482700458219 23.0535933210644 21.9061925571099 22.6545091343884 22.8952436290813 22.9889970533665 23.0453080596516 23.03749037 23.03749037 23.03749037
22.2843070384064 22.6204405531765 22.76072074 22.76072074 22.76072074 22.6201812886622 22.5425666213573 22.560647828 22.6891788488793 23.0031452117211 22.9683594122744 22.852847879584 23.0387374084728 23.13927926 23.13927926 23.1277170841939 23.11963963 23.251586475499 23.3 23.317173485196 23.3956491754565 23.5 23.5 23.5 23.5045479919335 23.495290391281 23.43927926 23.43927926 23.4291199586765 23.3838924693419 23.2398553300184 22.5175082756594 22.4197840852866 22.8597577915738 23.2404514557747 23.0978586872441 23.0856875278966 23.15891889 23.1775279232016 23.269579078 23.3693683185066 23.4283960568409 23.387550922 23.2446610670717 23.244572538 23.3961367635384 23.5683375288434 23.6171733909258 23.61963963 23.617911412 23.510768572 23.41963963 23.41963963 23.41963963 23.382197212 23.31963963 23.31963963 23.31963963
22.4163862665599 22.5431045495797 22.57321753 22.57321753 22.57321753 22.57321753 22.693136121321 22.801728938 22.908871778 23.0117255077385 23.1025771272417 23.2221851297783 23.2832457272019 23.3 23.3 23.2568956261423 23.2091021568775 23.273157338 23.3 23.387443018 23.4 23.5 23.5 23.5042890459835 23.5437376130363 23.6 23.6 23.6 23.5621256128843 23.585653888 23.5784484608445 23.480407842 23.5123585711951 23.439339692 23.4960357232348 23.4991973894906 23.45356494 23.45356494 23.45356494 23.4757497183341 23.52678247 23.5594268703738 23.5759799152127 23.55356494 23.6018987734334 23.62678247 23.62678247 23.6908057364929 23.7 23.698271782 23.5935048304475 23.52678247 23.5205805235922 23.5 23.4725855863681 23.42678247 23.42678247 23.4110153786914
22.4341798147134 22.46607469 22.46607469 22.46607469 22.46607469 22.46607469 22.655246886 22.767803628 22.874946468 22.9715076988018 23.0384586765854 23.1763541600274 23.2247404373598 23.26607469 23.2836238518658 23.3 23.233985502 23.273157338 23.3 23.3577777030702 23.3981632355427 23.4666611561555 23.5 23.516014378 23.6 23.6 23.6 23.6151258498323 23.63392531 23.6728244169421 23.7 23.6516616742835 23.63392531 23.546482532 23.53392531 23.5350673832653 23.6 23.6 23.6078560765731 23.6236460028141 23.6 23.6151257684116 23.6681046489757 23.7199722296372 23.71152984975 23.7 23.7 23.7 23.7 23.698858085314 23.6309157760732 23.6 23.576843262 23.5 23.5 23.5 23.5 23.4611012102164
22.4 22.4 22.4 22.3699555361306 22.3919097461149 22.4359113283603 22.5913955853942 22.701728938 22.808871778 22.916014618 23.023157458 23.1178565261669 23.1743090540785 23.2 23.2304847494305 23.2831093508149 23.2610964350604 23.2841811226942 23.3 23.3 23.394585858 23.401728698 23.5 23.516014378 23.6 23.6 23.615377105515 23.6673433502396 23.7 23.7 23.7 23.7 23.6670223010122 23.6074002032332 23.6 23.6 23.6 23.606576710215 23.645204843079 23.6410756067059 23.6153770069514 23.6307223304093 23.6815953143271 23.7757620243122 23.7610967179332 23.74106815 23.74106815 23.74106815 23.7022236850849 23.7 23.691128942 23.6 23.5863533058969 23.5286246738576 23.5 23.5 23.5 23.5
22.4 22.4 22.4 22.3621124146138 22.3897977815081 22.487443258 22.5489852037518 22.653517948 22.760660788 22.867803628 22.974946468 23.0663970836388 23.1193914304831 23.173284351395 23.2 23.2304890488488 23.25178901 23.2870588869074 23.3 23.3 23.394585858 23.401728698 23.5 23.516014378 23.6 23.6 23.637442898 23.7 23.7249388595667 23.74821099 23.74821099 23.7129412287989 23.6584134570792 23.6060539610427 23.6 23.5526223167135 23.6042769405917 23.6565045535302 23.6880072303479 23.64821099 23.685653648 23.6805351039822 23.7017295062793 23.8283823777385 23.84821099 23.8129413445053 23.8 23.8 23.7510151691291 23.7 23.6954057668853 23.6404905312366 23.6 23.5843081485196 23.5121082692045 23.4732840042759 23.5 23.5
22.3732801848259 22.4 22.4 22.4 22.4 22.4390400656202 22.4970031978906 22.601728938 22.708871778 22.816014618 22.923157458 23.0135279225556 23.04464617 23.089232148 23.1732800519767 23.2 23.2 23.232661949491 23.2890953940198 23.3 23.394585858 23.401728698 23.5 23.5071498064263 23.5574645770845 23.6 23.637442898 23.7 23.7230948288725 23.74464617 23.74464617 23.7119843276599 23.7 23.612557222 23.6 23.5561255202971 23.608871298 23.7088644387245 23.75535383 23.7721259397461 23.8274243727432 23.8354481127676 23.8338023817217 23.8816375562109 23.9 23.8673382648107 23.8109048716786 23.8484027938322 23.802997200657 23.75535383 23.7504433596355 23.683986102 23.6 23.5832280231031 23.5112129588152 23.4752594400816 23.3854660662833 23.2459973610601
22.3818967893276 22.4 22.4 22.4 22.4 22.4546491243895 22.4979696064671 22.601728938 22.708871778 22.8060060150368 22.860660788 22.9564400072501 23 23.044585978 23.1194000293196 23.1742961558238 23.2 23.2457209001106 23.2926119107459 23.3 23.394585858 23.401728698 23.5 23.5 23.523157218 23.6 23.6140423335985 23.6653679315449 23.7 23.7 23.7 23.7 23.7 23.6672060464055 23.6033838084511 23.6 23.608871298 23.716014138 23.8144723401226 23.892796488 23.96249667 23.96249667 23.96249667 23.96249667 23.96249667 23.96249667 23.882196972 23.8952905335865 23.8645273335569 23.7989199212996 23.7341763878438 23.683986102 23.6 23.569700422 23.4765997355825 23.4096390284391 23.2327509454086 23.1882985653911
22.46963951 22.46963951 22.423667169929 22.4 22.4 22.487443258 22.5 22.6005249140486 22.639232268 22.7415129915036 22.8070307177204 22.860660788 22.9564357078318 23.044585978 23.1 23.158871658 23.2 23.273157338 23.3 23.3608948892644 23.3983562399595 23.4701643511834 23.5 23.5111523343687 23.5766701548552 23.6 23.626075050697 23.6831759585269 23.7 23.7 23.7 23.7 23.7 23.7 23.605414382 23.6012036896818 23.678510808 23.785653648 23.892796488 23.9788386832139 24 23.9068526329852 23.899151553343 24 24 24 23.919700302 23.9 23.9 23.7994753045469 23.763461748677 23.6951381020991 23.6535132711248 23.4008966007896 22.7750679198632 22.5432479776103 22.7883342558362 22.8913491974664
22.5 22.5 22.4846729291827 22.47678235 22.47678235 22.497084619591 22.5 22.6 22.608871778 22.716014618 22.8 22.830300298 22.937443138 23.0103518163211 23.0629362520876 23.158871658 23.2 23.2169854146862 23.2848740137226 23.387443018 23.4 23.5 23.5 23.5037181622337 23.540998306175 23.6 23.6086933610075 23.6574516274013 23.7 23.7452028582187 23.77678235 23.77678235 23.77678235 23.7096417301463 23.6780394422624 23.678510808 23.785653648 23.892796488 23.9821588561026 23.9534701753877 23.8176859472851 23.807065421618 23.889595013403 23.9684203239411 24 23.9438284452414 23.842917952 23.8903580855761 23.9 23.7973460672129 23.6307528351977 23.481948797211 23.3988165486616 22.6362626479997 22.0717960263722 22.1974856483081 22.0569696469434 21.634811656673
22.58392519 22.5345168377469 22.5 22.5 22.5 22.5 22.5 22.6 22.608871778 22.716014618 22.8 22.830300298 22.937443138 23 23.051728818 23.158871658 23.2 23.2613974349154 23.2968332910432 23.387443018 23.4793813610396 23.5 23.5074454551225 23.58392519 23.5876476687948 23.6 23.631424023288 23.6910922626706 23.7 23.758871418 23.8 23.8 23.8673918755364 23.8698689295778 23.86785038 23.869578838 23.969276424298 23.9864994322566 23.9805654622152 23.8300459941737 23.7518260713378 23.8538542464552 23.8189758319007 23.6624246900495 23.6626560300995 23.2452883474782 23.1152317502319 23.5095862826295 23.6436801981987 23.376917614 23.1998571954076 23.3756948150313 23.0629705259998 22.3026731200283 21.8662310884233 21.5093575475574 21.1401059401195 20.5699463402861
22.69106803 22.632196132 22.59106803 22.5244448649197 22.5 22.5 22.5861376961025 22.6 22.608871778 22.7014304208754 22.7300210107987 22.830300298 22.937443138 23 23.051728818 23.158871658 23.2 23.273157338 23.3731277901911 23.3988784141349 23.494585858 23.5 23.508871538 23.6 23.6 23.6 23.6033443884165 23.6495353232576 23.7471081969316 23.7963264073943 23.8601178842798 23.89106803 23.8982403963722 23.9796324153019 23.99106803 24.0807163727 23.9919210836759 23.90893197 23.8646863883278 23.6821513806923 23.6815740499595 23.8871231194715 23.7940128957899 23.2252143759152 23.0825842382836 22.7682044841714 22.1220767834835 22.0373033763069 22.0513598575873 21.3951319126069 21.8435820562393 22.0602859197392 22.0340861511086 21.3405281592169 20.814383925543 20.5684777629171 20.5412036539999 19.8664671390417
22.79821087 22.739338972 22.633377221482 22.5986911158247 22.5193471308685 22.5 22.594586098 22.5034871350516 22.6001587276417 22.617517225665 22.723157458 22.830300298 22.937443138 23 23.051728818 23.158871658 23.2 23.273157338 23.380300178 23.4858785487321 23.4999031339612 23.59821087 23.5983695933478 23.6157278599589 23.69821087 23.6684529194277 23.636772995879 23.6990085668143 23.751728578 23.8 23.866014258 23.9718482224126 24.0770741377193 24.097986204974 24.1911042283327 24.1981799456394 24.1614127051616 23.80178913 23.7099898348809 23.2262789976687 23.0730621568646 23.594538386 23.6000597395727 23.2631445722791 22.9042850690011 22.0803431664675 21.1733521219867 20.2431994741206 19.4819524816137 18.7465801482666 18.8434898562797 18.8364621216399 19.0897876039996 18.5194167966403 18.882649075936 19.7472711257736 19.7074624838393 19.1586634315478
22.90535371 22.8433299813096 22.733985262 22.626842422 22.6 22.512556742 22.5 22.5947388523266 22.600474969266 22.6205109517947 22.723157458 22.830300298 22.937443138 23 23.051728818 23.158871658 23.266014498 23.3039166317202 23.385653888 23.4881152824011 23.5050638525383 23.6000925494777 23.60535371 23.60535371 23.6272711577042 23.7016221772352 23.70535371 23.7475524568862 23.851728578 23.9031518049926 23.971367968 24.0745941891287 24.1085980516214 24.19346876525 24.299939328 24.3054462466288 24.2584295191361 23.655643586985 23.1080949917434 22.3529668479311 22.4306363499768 22.9868519821199 23.0124193935913 23.0189943995689 22.8411928152491 21.898148769955 20.8099000588853 19.9165208259997 18.8550158694785 17.67537431222 16.8134453367189 16.2811838384864 17.1779871229898 16.5832990767612 16.2584300917096 16.8289464754162 17.2909749708012 17.4860177743584
23.0185287524025 22.894752754 22.746481812 22.6301967986864 22.5899652181144 22.5109875824576 22.5 22.501728938 22.608871778 22.7 22.723157458 22.830300298 22.937443138 23.0055717090338 23.0577610503942 23.158871658 23.266014498 23.373157338 23.480300178 23.5 23.594585858 23.601728698 23.7 23.7 23.702893853326 23.739010146102 23.80467907047 23.81249655 23.864225128 23.971367968 24.0702613032419 24.1091421133301 24.2630617040979 24.3109273304742 24.3952622289538 24.4015124603818 24.4575612889509 24.0599050162868 23.0693408639967 21.3500029254995 21.7338260609565 22.765172989497 23.159512285202 23.0749906515549 23.0172147567664 22.0455787793382 21.1880479735521 20.3519875455173 18.9848889588368 17.546064917494 16.5537248725952 15.857905181541 15.3662979199724 15.2996172681709 15.100169296 15.1242919074141 15.1999970639367 15.4738900953921
