catData/rasterBestHybridModels/Pviverrinus/RD_RM1_H/Pviverrinus_min.asc
ncols         409
nrows         350
xllcorner     60.897278365
yllcorner     5.843756025
cellsize      0.0892857
NODATA_value  -9999
[rows 87 to 115 of 350, columns 264 to 329 of 409]
-9999 -9999 -9999 -9999 -9999 -9999 -9999 -9999 -9999 -9999 -9999 -9999 -9999 -9999 -9999 -9999 -9999 -9999 -9999 -9999 -9999 -9999 -9999 -9999 -9999 -9999 -9999 -9999 -9999 -9999 -9999 -9999 -9999 -9999 -9999 -9999 -9999 -9999 -9999 -9999 -9999 -9999 -9999 -9999 -9999 -9999 -9999 -9999 -9999 -9999 -9999 -9999 -9999 -9999 -9999 -9999 -9999 -9999 -9999 -9999 -9999 -9999 -9999 -9999 -9999 -9999
-9999 -9999 -9999 -9999 -9999 -9999 -9999 -9999 -9999 -9999 -9999 -9999 -9999 -9999 -9999 -9999 -9999 -9999 -9999 -9999 -9999 -9999 -9999 -9999 -9999 -9999 -9999 -9999 -9999 -9999 -9999 -9999 -9999 -9999 -9999 -9999 -9999 -9999 -9999 -9999 -9999 -9999 -9999 -9999 -9999 -9999 -9999 -9999 -9999 -9999 -9999 -9999 -9999 -9999 -9999 -9999 -9999 -9999 -9999 -9999 -9999 -9999 -9999 -9999 -9999 -9999
-9999 -9999 -9999 -9999 -9999 -9999 -9999 -9999 -9999 -9999 -9999 -9999 -9999 -9999 -9999 -9999 -9999 -9999 -9999 -9999 -9999 -9999 -9999 -9999 -9999 -9999 -9999 -9999 -9999 -9999 -9999 -9999 -9999 -9999 -9999 -9999 -9999 -9999 -9999 -9999 -9999 -9999 -9999 -9999 -9999 -9999 -9999 -9999 -9999 -9999 -9999 -9999 -9999 -9999 -9999 -9999 -9999 -9999 -9999 -9999 -9999 -9999 -9999 -9999 -9999 -9999
-9999 -9999 -9999 -9999 -9999 -9999 -9999 -9999 -9999 -9999 -9999 -9999 -9999 -9999 -9999 -9999 -9999 -9999 -9999 -9999 -9999 -9999 -9999 -9999 -9999 -9999 -9999 -9999 -9999 -9999 -9999 -9999 -9999 -9999 -9999 -9999 -9999 -9999 -9999 -9999 -9999 -9999 -9999 -9999 -9999 -9999 -9999 -9999 -9999 -9999 -9999 -9999 -9999 -9999 -9999 -9999 -9999 -9999 -9999 -9999 -9999 -9999 -9999 -9999 -9999 -9999
-9999 -9999 -9999 -9999 -9999 -9999 -9999 -9999 -9999 -9999 -9999 -9999 -9999 -9999 -9999 -9999 -9999 -9999 -9999 -9999 -9999 -9999 -9999 -9999 -9999 -9999 -9999 -9999 -9999 -9999 -9999 -9999 -9999 -9999 -9999 -9999 -9999 -9999 -9999 -9999 -9999 -9999 -9999 -9999 -9999 -9999 -9999 -9999 -9999 -9999 -9999 -9999 -9999 -9999 -9999 -9999 -9999 -9999 -9999 -9999 -9999 -9999 -9999 -9999 -9999 -9999
-9999 -9999 -9999 -9999 -9999 -9999 -9999 -9999 -9999 -9999 -9999 -9999 -9999 -9999 -9999 -9999 -9999 -9999 -9999 -9999 -9999 -9999 -9999 -9999 -9999 -9999 -9999 -9999 -9999 -9999 -9999 -9999 -9999 -9999 -9999 -9999 -9999 -9999 -9999 -9999 -9999 -9999 -9999 -9999 -9999 -9999 -9999 -9999 -9999 -9999 -9999 -9999 -9999 -9999 -9999 -9999 -9999 -9999 -9999 -9999 -9999 -9999 -9999 -9999 -9999 -9999
-9999 7.52955E-9 -9999 -9999 -9999 -9999 -9999 -9999 -9999 -9999 -9999 -9999 -9999 -9999 -9999 -9999 -9999 -9999 -9999 -9999 -9999 -9999 -9999 -9999 -9999 -9999 -9999 -9999 -9999 -9999 -9999 -9999 -9999 -9999 -9999 -9999 -9999 -9999 -9999 -9999 -9999 -9999 -9999 -9999 -9999 -9999 -9999 -9999 -9999 -9999 -9999 -9999 -9999 -9999 -9999 -9999 -9999 -9999 -9999 -9999 -9999 -9999 -9999 -9999 -9999 -9999
3.05813E-9 1.48764E-8 -9999 -9999 -9999 -9999 1.10839E-8 9.98415E-9 -9999 -9999 -9999 -9999 -9999 -9999 -9999 -9999 -9999 -9999 -9999 -9999 -9999 -9999 -9999 -9999 -9999 -9999 -9999 -9999 -9999 -9999 -9999 -9999 -9999 -9999 -9999 -9999 -9999 -9999 -9999 -9999 -9999 -9999 -9999 -9999 -9999 -9999 -9999 -9999 -9999 -9999 -9999 -9999 -9999 -9999 -9999 -9999 -9999 -9999 -9999 -9999 -9999 -9999 -9999 -9999 -9999 -9999
3.87827E-9 1.91573E-8 2.72483E-8 8.19362E-8 3.94254E-8 1.28492E-8 1.21488E-8 1.17891E-8 -9999 -9999 -9999 -9999 -9999 -9999 -9999 -9999 -9999 -9999 -9999 -9999 -9999 -9999 -9999 -9999 -9999 -9999 -9999 -9999 -9999 -9999 -9999 -9999 -9999 -9999 -9999 -9999 -9999 -9999 -9999 -9999 -9999 -9999 -9999 -9999 -9999 -9999 -9999 -9999 -9999 -9999 -9999 -9999 -9999 -9999 -9999 -9999 -9999 -9999 -9999 -9999 -9999 -9999 -9999 -9999 -9999 -9999
7.89372E-9 3.70891E-8 1.78018E-8 5.05903E-8 1.7972E-7 8.28865E-8 3.4546E-8 6.31451E-9 -9999 -9999 -9999 -9999 -9999 -9999 -9999 -9999 -9999 -9999 -9999 -9999 -9999 -9999 -9999 -9999 -9999 -9999 -9999 -9999 -9999 -9999 -9999 -9999 -9999 -9999 -9999 -9999 -9999 -9999 -9999 -9999 -9999 -9999 -9999 -9999 -9999 -9999 -9999 -9999 -9999 -9999 -9999 -9999 -9999 -9999 -9999 -9999 -9999 -9999 -9999 -9999 -9999 -9999 -9999 -9999 -9999 -9999
2.15344E-7 5.00455E-8 1.64611E-8 1.87889E-8 2.78014E-7 8.02248E-8 1.7109E-8 -9999 -9999 -9999 -9999 -9999 -9999 -9999 -9999 -9999 -9999 -9999 -9999 -9999 -9999 -9999 -9999 -9999 -9999 -9999 -9999 -9999 -9999 -9999 -9999 -9999 -9999 -9999 -9999 -9999 -9999 -9999 -9999 -9999 -9999 -9999 -9999 -9999 -9999 -9999 -9999 -9999 -9999 -9999 -9999 -9999 -9999 -9999 -9999 -9999 -9999 -9999 -9999 -9999 -9999 -9999 -9999 -9999 -9999 -9999
9.36669E-7 3.62508E-7 1.61101E-7 1.80757E-7 3.55846E-7 2.39525E-7 6.40162E-8 2.60516E-8 3.12814E-9 -9999 -9999 6.89098E-9 -9999 -9999 -9999 -9999 -9999 -9999 -9999 -9999 -9999 -9999 -9999 -9999 -9999 -9999 -9999 -9999 -9999 -9999 -9999 -9999 -9999 -9999 -9999 -9999 -9999 -9999 -9999 -9999 -9999 -9999 -9999 -9999 -9999 -9999 -9999 -9999 -9999 -9999 -9999 -9999 -9999 -9999 -9999 -9999 -9999 -9999 -9999 -9999 -9999 -9999 1.16867E-8 -9999 1.0868E-8 -9999
2.73767E-6 1.82514E-6 8.81005E-7 5.72112E-7 8.05274E-7 5.78429E-7 3.65316E-6 2.16722E-6 3.16766E-8 1.27624E-7 5.53791E-8 4.47662E-9 3.20754E-9 3.40022E-9 -9999 -9999 -9999 -9999 -9999 -9999 -9999 -9999 -9999 -9999 -9999 -9999 -9999 -9999 -9999 -9999 -9999 -9999 -9999 -9999 -9999 -9999 -9999 -9999 -9999 -9999 -9999 -9999 -9999 -9999 -9999 -9999 -9999 -9999 -9999 -9999 -9999 -9999 -9999 -9999 -9999 -9999 -9999 -9999 -9999 -9999 1.18202E-8 1.15846E-8 1.16327E-8 1.18365E-8 1.18634E-8 -9999
6.83403E-6 3.64163E-6 2.29931E-6 1.54612E-6 3.22006E-6 3.32299E-6 6.92605E-6 1.41309E-6 1.76385E-7 2.20772E-7 4.88009E-8 9.83524E-9 1.91443E-8 2.28336E-8 3.6825E-8 2.69879E-8 -9999 -9999 -9999 -9999 -9999 -9999 -9999 -9999 -9999 -9999 -9999 -9999 -9999 -9999 -9999 -9999 -9999 -9999 -9999 -9999 -9999 -9999 -9999 -9999 -9999 -9999 -9999 -9999 -9999 -9999 -9999 -9999 -9999 -9999 -9999 -9999 -9999 -9999 -9999 -9999 -9999 1.25386E-8 1.5284E-8 1.27454E-8 1.22397E-8 1.23361E-8 1.24945E-8 1.2919E-8 1.27853E-8 1.50935E-8
7.9772E-6 5.31156E-6 4.24852E-6 6.52738E-6 2.84559E-5 2.53929E-5 2.23433E-5 8.72281E-6 4.61843E-7 2.17183E-7 5.5843E-7 1.93505E-6 1.41363E-6 8.73355E-7 9.57087E-7 1.30996E-7 -9999 -9999 1.53335E-8 4.38621E-7 -9999 -9999 -9999 -9999 -9999 -9999 -9999 -9999 -9999 -9999 -9999 -9999 -9999 -9999 -9999 -9999 -9999 -9999 -9999 -9999 -9999 -9999 -9999 -9999 -9999 -9999 1.15278E-8 1.12551E-8 -9999 -9999 -9999 -9999 -9999 -9999 -9999 -9999 1.2918E-8 1.31816E-8 1.49963E-8 1.37667E-8 1.2815E-8 1.38173E-8 1.43743E-8 1.4086E-8 1.40743E-8 1.6594E-8
9.79652E-6 5.81373E-6 5.1121E-6 2.33346E-5 2.74819E-5 2.35149E-5 3.05089E-5 6.83821E-5 5.58339E-5 5.44257E-5 2.81942E-5 1.36488E-5 6.41146E-6 2.7E-6 3.36237E-6 2.28187E-6 2.6651E-6 -9999 -9999 8.13908E-7 4.2247E-8 -9999 -9999 4.20753E-9 4.22221E-9 4.53052E-9 5.40568E-9 -9999 -9999 -9999 -9999 -9999 -9999 -9999 -9999 -9999 -9999 -9999 -9999 -9999 -9999 -9999 -9999 -9999 -9999 1.23988E-8 1.18343E-8 1.15987E-8 1.14041E-8 -9999 -9999 -9999 -9999 -9999 2.83018E-8 6.008E-8 6.17578E-8 1.46889E-8 1.69145E-8 1.69614E-8 1.35844E-8 1.44596E-8 1.70915E-8 1.76763E-8 1.75641E-8 1.49229E-8
4.98352E-5 4.74497E-5 4.68364E-6 2.17593E-5 3.72963E-5 2.78919E-5 7.80499E-5 7.95897E-5 6.69295E-5 4.38555E-5 4.33421E-5 1.09787E-5 6.12774E-6 7.75553E-6 4.83609E-6 7.23097E-6 4.13228E-6 1.21665E-6 1.49442E-6 2.1081E-6 8.35943E-7 2.37606E-8 1.65083E-8 4.95506E-9 7.13456E-9 8.99419E-9 5.74267E-9 5.56364E-9 7.95027E-9 1.0247E-8 -9999 -9999 -9999 -9999 -9999 -9999 -9999 -9999 -9999 3.09045E-8 -9999 -9999 -9999 -9999 1.31865E-8 1.46477E-8 1.25113E-8 1.28297E-8 1.22747E-8 -9999 -9999 -9999 -9999 -9999 -9999 5.68753E-8 6.4873E-8 1.95097E-8 2.63369E-8 1.96194E-8 1.6076E-8 1.72637E-8 2.57804E-8 2.27454E-8 1.87624E-8 1.86976E-8
7.24209E-5 4.45314E-5 3.22866E-5 3.49148E-5 2.84423E-5 2.74389E-5 3.13162E-5 4.54455E-5 6.20559E-5 1.59961E-4 1.68096E-4 9.90984E-5 5.85172E-5 7.89254E-6 7.45643E-6 5.82193E-6 6.9829E-6 2.61314E-6 3.9471E-6 3.63064E-6 1.52125E-6 9.16852E-8 1.15251E-7 4.128E-8 2.20447E-8 3.70845E-8 6.31011E-9 6.17803E-9 9.28207E-9 1.28351E-8 2.36574E-8 3.15931E-7 7.51417E-7 4.87983E-7 2.69703E-8 1.58967E-8 2.12945E-8 2.51426E-8 2.57715E-8 2.89432E-8 3.19538E-8 -9999 -9999 -9999 1.49207E-8 1.41356E-8 1.56303E-8 1.49114E-8 1.45967E-8 -9999 -9999 -9999 -9999 2.8364E-8 3.28081E-8 3.03807E-8 6.62233E-8 4.13211E-8 3.70821E-8 4.03464E-8 6.9431E-8 7.86319E-8 4.18409E-8 2.68032E-8 2.36155E-8 2.17411E-8
1.87976E-4 1.28565E-4 5.15233E-5 3.5401E-5 2.17038E-5 1.89776E-5 1.72504E-5 1.95852E-5 1.18629E-4 1.51672E-4 1.3031E-4 9.11718E-5 5.79596E-5 4.93111E-5 1.14915E-5 1.00419E-5 3.35794E-6 5.26587E-6 4.32538E-6 3.00187E-6 1.8431E-6 1.47826E-6 9.95722E-7 3.2188E-8 1.54355E-7 1.86271E-7 2.13471E-8 1.59084E-8 2.69354E-8 6.84342E-8 2.53304E-7 9.96014E-7 1.74835E-6 3.77883E-7 2.46988E-8 2.89468E-8 3.42228E-8 5.84281E-8 3.60442E-8 3.05746E-8 3.74985E-8 -9999 -9999 2.15785E-8 2.21111E-8 1.6114E-8 2.82845E-8 1.82348E-8 1.77374E-8 -9999 -9999 -9999 -9999 3.76748E-8 3.21787E-8 3.42769E-8 7.15252E-8 8.95889E-8 1.65338E-7 3.16012E-7 2.5055E-7 1.50322E-7 4.61807E-8 3.45653E-8 3.85496E-8 2.87921E-8
1.90844E-4 1.61508E-4 1.37034E-4 2.76362E-5 2.15107E-5 1.76946E-5 1.5451E-5 1.52275E-5 5.17193E-5 1.00714E-4 5.63684E-5 5.84457E-5 5.59999E-5 4.78482E-5 5.56799E-5 4.22949E-5 6.01491E-6 3.74215E-6 4.99731E-6 4.57585E-6 4.87395E-6 3.99575E-6 3.43771E-7 3.34797E-7 4.87673E-7 7.48523E-7 3.33203E-7 2.38687E-7 4.70872E-7 8.70995E-7 1.37029E-6 1.81918E-6 1.885E-6 1.68073E-7 8.69744E-8 2.2378E-7 1.47747E-7 3.88788E-7 8.78587E-8 3.28408E-8 4.72022E-8 4.71988E-8 3.04881E-8 7.87071E-8 1.42445E-7 1.07204E-7 1.16131E-7 2.33416E-8 -9999 -9999 -9999 1.85708E-8 1.93673E-8 3.17846E-8 4.56692E-8 3.97601E-8 3.94354E-8 1.30086E-7 1.82358E-7 4.01004E-7 5.21076E-7 1.52073E-7 8.16978E-8 7.03309E-8 5.88091E-8 5.3336E-8
8.95891E-5 8.68798E-5 1.03542E-4 4.99861E-5 3.94128E-5 2.57101E-5 1.28588E-5 1.72589E-5 1.24421E-5 6.16085E-5 5.84292E-5 3.48446E-5 4.17688E-5 4.80619E-5 4.44946E-5 1.43143E-5 1.53129E-5 8.88207E-6 9.19604E-6 1.16333E-5 1.10631E-5 1.66389E-6 5.02307E-7 4.37576E-7 8.12111E-7 1.31006E-6 6.35904E-7 5.8835E-7 1.68997E-6 1.78508E-6 1.93368E-6 1.94346E-6 1.64251E-6 2.90019E-7 7.82732E-7 1.09973E-6 9.99722E-7 8.42843E-7 3.67145E-7 7.71516E-8 6.42705E-8 8.34671E-8 9.65207E-8 3.8661E-7 4.94523E-7 7.74089E-7 3.31923E-7 4.1329E-8 -9999 -9999 -9999 2.05526E-8 2.10489E-8 2.83439E-8 6.64468E-8 7.06543E-8 6.11333E-8 2.05992E-7 2.62327E-7 3.56372E-7 4.24642E-7 1.21654E-7 9.74388E-8 7.25632E-8 7.32662E-8 8.64217E-8
8.8367E-5 1.99289E-4 9.33258E-5 8.89804E-5 1.37256E-4 4.00862E-5 3.88952E-5 2.67268E-5 2.29934E-5 5.46714E-5 5.1719E-5 4.30046E-5 4.48877E-5 4.11532E-5 2.70405E-5 9.20972E-6 1.23957E-5 1.36464E-5 1.39008E-5 1.55345E-5 6.31286E-6 7.04843E-6 2.83411E-6 6.72882E-7 1.41866E-6 2.2751E-6 3.15522E-6 4.06733E-6 7.70348E-6 9.14595E-6 1.98636E-6 1.7994E-6 1.10171E-6 8.82229E-7 1.28319E-6 1.40401E-6 1.13725E-6 2.13316E-6 7.68663E-7 3.02373E-7 2.39019E-7 9.0657E-7 1.27598E-6 2.22975E-6 1.89333E-6 1.37922E-5 1.20824E-5 3.36926E-6 3.02625E-7 -9999 -9999 2.83133E-8 2.94417E-8 3.09446E-8 6.78198E-8 1.47504E-7 1.15523E-7 2.84835E-7 2.27581E-7 1.42043E-7 2.07467E-7 1.32803E-7 1.06701E-7 1.17158E-7 9.14723E-8 7.66951E-8
2.68581E-4 2.36731E-4 2.6557E-4 2.45273E-4 9.72406E-5 1.88332E-4 1.97151E-4 6.29904E-5 6.28543E-5 4.64679E-5 5.59255E-5 1.99419E-5 1.60946E-5 1.76612E-5 5.99804E-6 5.00525E-6 4.06593E-6 1.02976E-5 9.32495E-6 1.20319E-5 1.06241E-5 1.60438E-5 1.35575E-5 1.20745E-5 1.1504E-5 1.25155E-5 9.56383E-6 5.67174E-6 1.03296E-5 1.0863E-5 1.41596E-5 2.20636E-6 1.10501E-6 1.34722E-6 1.91122E-6 1.51899E-6 2.14594E-6 2.13513E-6 1.69226E-6 1.32145E-6 2.38109E-6 2.95299E-6 3.47979E-6 5.54752E-6 8.54414E-6 4.41757E-5 4.43538E-5 3.65463E-5 3.21336E-6 7.61008E-7 -9999 4.65053E-8 3.76778E-8 4.25171E-8 6.55618E-8 1.22222E-7 2.10004E-7 3.61572E-7 5.63677E-8 7.96633E-8 1.61975E-7 2.25705E-7 2.30829E-7 1.57945E-7 1.30456E-7 8.32102E-8
2.08269E-4 2.36272E-4 2.68202E-4 2.77794E-4 2.98661E-4 2.45655E-4 2.73097E-4 2.73375E-4 2.41062E-4 5.06156E-5 4.69555E-5 4.66913E-5 2.57925E-5 2.34754E-5 1.95012E-5 1.44485E-5 8.04252E-6 3.70596E-6 3.61268E-6 3.68259E-6 8.33645E-6 1.44347E-5 1.51798E-5 1.68993E-5 1.71547E-5 1.47261E-5 1.46211E-5 7.36897E-6 1.02556E-5 1.14938E-5 1.21164E-5 2.12723E-6 1.33318E-6 2.10849E-6 1.75748E-5 2.00324E-5 2.75533E-5 2.90366E-5 2.17151E-5 1.68199E-5 5.04117E-6 8.4775E-6 8.38553E-6 4.16928E-5 4.06145E-5 4.18248E-5 1.92148E-5 1.26258E-5 3.85705E-6 9.26702E-6 1.14806E-5 2.22078E-7 1.87173E-7 9.41832E-8 8.43716E-8 2.27106E-7 2.40024E-7 1.38295E-7 2.29835E-7 3.38309E-7 3.70159E-7 2.91832E-7 1.08711E-6 3.12048E-7 2.06615E-7 1.45889E-7
2.24963E-4 2.06652E-4 2.4362E-4 2.25057E-4 2.01099E-4 2.71282E-4 2.949E-4 2.9784E-4 3.15694E-4 2.75915E-4 2.75523E-4 2.6793E-4 1.40099E-4 1.94089E-4 9.03226E-5 7.34768E-5 2.5802E-5 1.23749E-5 4.70782E-6 2.43043E-6 4.23971E-6 9.00376E-6 1.59865E-5 1.5619E-5 1.35954E-5 7.8215E-6 6.71968E-6 6.74462E-6 1.1925E-5 1.10262E-5 1.17491E-5 2.69847E-5 1.54868E-5 1.5904E-5 1.43353E-5 2.48141E-5 2.57113E-5 2.59769E-5 2.18356E-5 3.81104E-5 3.93268E-5 2.12734E-5 1.78009E-5 4.35809E-5 4.5213E-5 2.19757E-5 4.14251E-5 3.11799E-5 1.48441E-5 3.3632E-5 3.72236E-5 6.5019E-6 1.34152E-6 3.2637E-7 2.50988E-7 1.82167E-7 1.9359E-7 1.37164E-7 4.27536E-7 6.52516E-7 5.62416E-7 4.44391E-7 1.17078E-6 2.49853E-5 1.16718E-5 2.24218E-6
2.22941E-4 2.01669E-4 1.97813E-4 1.99149E-4 2.01749E-4 1.9113E-4 2.09877E-4 2.12107E-4 3.01733E-4 3.0076E-4 2.99669E-4 3.21472E-4 2.97899E-4 2.97649E-4 2.0781E-4 1.92072E-4 2.04752E-4 4.81598E-5 2.12387E-5 1.38882E-5 6.85894E-6 1.23544E-5 1.28624E-5 7.14976E-6 6.31135E-6 9.43378E-6 6.69587E-6 8.38481E-6 7.57463E-6 8.74704E-6 1.332E-5 3.10574E-5 2.86939E-5 2.0366E-5 3.2742E-5 2.50416E-5 2.45191E-5 2.48218E-5 2.29232E-5 3.04939E-5 4.33184E-5 4.35549E-5 4.23007E-5 4.31951E-5 2.52277E-5 3.69643E-5 4.13198E-5 1.19348E-5 8.07064E-6 2.9614E-5 3.37331E-5 3.42051E-5 3.28117E-5 6.86439E-6 2.89203E-6 4.31124E-7 2.76978E-7 2.05657E-7 1.71373E-7 6.81656E-7 8.73632E-7 9.73251E-7 2.55414E-6 4.25671E-5 3.1787E-5 6.30014E-6
2.89246E-4 2.12075E-4 2.09605E-4 2.36388E-4 2.33853E-4 2.96092E-4 2.59423E-4 2.65922E-4 2.27391E-4 2.93708E-4 3.02063E-4 2.96202E-4 2.44007E-4 2.76527E-4 2.21525E-4 2.20499E-4 2.48308E-4 1.99752E-4 2.26696E-4 1.98406E-4 2.53931E-5 2.81914E-5 1.94897E-5 1.02538E-5 1.28216E-5 1.12329E-5 1.09506E-5 9.30463E-6 7.44732E-6 1.29315E-5 2.17323E-5 3.43004E-5 4.62026E-5 4.67134E-5 2.55668E-5 2.42554E-5 2.35059E-5 2.19989E-5 2.15094E-5 2.22325E-5 3.02669E-5 4.75539E-5 4.70091E-5 4.24997E-5 6.12138E-5 1.95037E-5 3.78261E-5 2.32659E-5 8.17269E-5 6.41559E-5 5.47631E-5 3.73931E-5 3.0381E-5 3.33839E-5 3.2633E-6 7.99638E-7 5.93757E-7 5.41205E-7 3.0577E-7 4.61111E-7 5.26994E-6 6.83373E-6 4.10916E-6 4.18948E-5 3.02755E-5 1.14415E-5
2.43177E-4 2.27733E-4 2.61123E-4 2.51221E-4 2.44456E-4 2.39856E-4 2.53504E-4 2.32231E-4 2.12658E-4 2.16208E-4 2.63988E-4 1.92847E-4 2.56064E-4 2.28375E-4 2.27221E-4 2.57595E-4 2.16001E-4 2.2725E-4 2.34287E-4 2.73082E-4 2.07168E-4 1.25886E-4 6.30369E-5 1.11311E-4 1.90282E-5 1.8364E-5 2.362E-5 1.80031E-5 1.7018E-5 2.7232E-5 7.45255E-5 7.85935E-5 3.03894E-5 3.68112E-5 3.74347E-5 2.689E-5 2.42472E-5 2.78531E-5 2.35445E-5 2.22481E-5 2.14861E-5 4.55464E-5 4.27754E-5 5.26592E-5 1.46815E-4 1.58217E-4 2.00103E-4 2.51753E-4 2.67752E-4 1.03387E-4 1.44001E-4 1.31661E-4 4.53639E-5 4.00052E-5 1.4539E-4 7.30402E-6 7.9198E-7 8.0198E-7 8.13363E-7 2.45924E-6 4.00077E-5 4.14771E-5 4.20177E-5 3.12711E-5 4.11432E-5 1.18107E-4
4.1121E-4 2.53779E-4 2.98201E-4 2.74919E-4 2.89308E-4 2.54673E-4 2.21114E-4 2.9637E-4 2.61655E-4 2.7846E-4 2.01256E-4 2.35227E-4 1.7744E-4 2.86039E-4 6.3846E-5 2.13947E-4 1.71717E-4 2.11189E-4 2.67062E-4 2.54969E-4 2.06021E-4 2.03457E-4 1.88249E-4 1.5852E-4 3.5492E-5 4.50386E-5 5.06296E-5 6.00865E-5 6.1039E-5 2.79028E-4 3.1264E-4 2.7116E-4 1.82608E-4 7.18982E-5 6.93705E-5 1.58527E-4 5.38186E-5 8.21987E-5 6.08838E-5 5.5116E-5 9.23615E-5 1.8402E-4 2.49049E-4 2.27773E-4 2.19451E-4 2.50058E-4 2.08666E-4 2.21383E-4 2.16102E-4 1.44447E-4 1.35578E-4 2.0196E-4 2.03867E-4 1.93019E-4 2.51809E-4 2.09317E-4 5.9671E-5 4.39921E-5 6.59373E-6 1.17338E-5 2.32199E-5 4.33869E-5 2.07971E-5 5.57108E-5 1.27706E-4 2.05929E-4
