catData/rasterBestHybridModels/Pviverrinus/RD_RM1_H/Pviverrinus_avg.asc
ncols         409
nrows         350
xllcorner     60.897278365
yllcorner     5.843756025
cellsize      0.0892857
NODATA_value  -9999
[rows 87 to 115 of 350, columns 132 to 197 of 409]
3.35558E-7 9.28133E-7 1.08359E-6 1.07922E-6 1.00373E-6 2.25951E-7 2.19797E-7 2.33845E-7 2.74156E-7 9.81656E-7 9.91164E-7 2.43426E-7 2.39002E-7 2.47607E-7 2.67413E-7 3.48588E-7 3.03523E-7 4.02475E-7 1.76953E-6 4.45731E-7 5.2256E-7 6.2773E-7 9.30422E-7 6.69367E-7 7.49184E-7 1.8357E-6 4.51861E-6 4.88892E-6 5.56065E-6 5.65272E-6 5.36917E-6 5.90643E-6 7.69012E-6 9.20309E-6 9.65866E-6 9.783E-6 1.01033E-5 3.19176E-6 3.37168E-6 3.94174E-6 1.46914E-5 1.29235E-5 1.47465E-5 8.91434E-6 5.20234E-6 5.56341E-6 6.00887E-6 7.2763E-6 7.64942E-6 2.78348E-5 4.24486E-5 5.73443E-5 5.98607E-5 7.02435E-5 6.48643E-5 7.60419E-5 9.63235E-5 1.12545E-4 1.16471E-4 9.87893E-5 8.97473E-5 8.34972E-5 1.03371E-4 1.42584E-4 1.57536E-4 1.40697E-4
1.02045E-6 1.01451E-6 1.11616E-6 1.18759E-6 2.68361E-7 2.23995E-7 2.19889E-7 2.24837E-7 3.12459E-7 8.78771E-7 2.46893E-7 2.12311E-7 2.26485E-7 2.31529E-7 2.40149E-7 2.59993E-7 1.98238E-7 2.0261E-7 2.48546E-7 3.19454E-7 3.19525E-7 2.95629E-7 3.1782E-7 6.41381E-7 7.61457E-7 8.41036E-7 1.22668E-6 2.3653E-6 2.15887E-6 2.37466E-6 5.5112E-6 6.5511E-6 7.30662E-6 8.38912E-6 1.02099E-5 9.65187E-6 8.93822E-6 3.33805E-6 3.71139E-6 3.83048E-6 1.01196E-5 1.10106E-5 4.21463E-6 8.64735E-6 1.48113E-5 1.6866E-5 1.70406E-5 6.31543E-6 6.63292E-6 2.80194E-5 4.82126E-5 5.17975E-5 5.74478E-5 6.29236E-5 6.28494E-5 9.26551E-5 1.04156E-4 9.61847E-5 1.13521E-4 8.60935E-5 1.26412E-4 7.78324E-5 1.03767E-4 1.24581E-4 1.28847E-4 1.44857E-4
8.50718E-7 8.66265E-7 6.5454E-7 3.49237E-7 2.09821E-7 2.10199E-7 2E-7 2.20003E-7 3.99535E-7 8.6119E-7 3.20062E-7 2.04675E-7 2.24576E-7 2.23418E-7 2.1464E-7 2.21063E-7 1.55523E-7 1.8564E-7 2.08765E-7 2.43141E-7 2.57278E-7 2.47404E-7 5.02761E-7 6.15595E-7 6.91821E-7 7.52933E-7 1.07411E-6 1.73675E-6 1.92559E-6 2.06599E-6 6.29535E-6 6.86369E-6 7.14656E-6 7.81255E-6 9.38661E-6 1.00547E-5 1.03869E-5 8.90751E-6 9.54282E-6 1.03873E-5 3.68771E-6 3.80709E-6 1.17207E-5 1.29483E-5 1.49502E-5 1.4848E-5 5.72109E-6 1.75142E-5 1.12458E-5 2.44417E-5 4.07075E-5 4.71799E-5 4.90584E-5 5.68676E-5 8.63741E-5 7.59585E-5 7.44723E-5 8.05723E-5 9.63941E-5 7.82909E-5 7.0012E-5 6.96251E-5 7.3392E-5 1.05977E-4 1.14431E-4 1.22313E-4
8.5206E-7 8.23707E-7 5.77615E-7 2.2071E-7 2.29521E-7 2.03176E-7 1.76574E-7 1.64897E-7 3.31097E-7 4.85785E-7 1.59876E-7 1.2746E-7 1.93783E-7 2.11228E-7 1.80397E-7 1.63828E-7 1.56053E-7 1.67227E-7 1.96633E-7 2.10941E-7 2.35447E-7 3.37755E-7 5.69715E-7 6.28497E-7 6.62925E-7 1.00275E-6 1.30957E-6 1.48233E-6 1.58658E-6 1.73495E-6 2.55461E-6 6.09254E-6 6.87807E-6 8.23703E-6 9.24108E-6 9.71078E-6 9.25801E-6 8.87228E-6 3.30186E-6 1.05123E-5 3.52984E-6 1.12884E-5 1.16836E-5 1.44053E-5 1.5124E-5 1.5732E-5 1.79693E-5 1.6835E-5 1.99177E-5 2.15526E-5 2.60545E-5 3.21398E-5 3.67654E-5 5.97565E-5 1.03777E-4 7.5539E-5 6.48721E-5 6.48033E-5 7.00598E-5 6.82356E-5 6.85121E-5 6.33582E-5 7.32766E-5 8.70545E-5 1.18648E-4 1.44513E-4
3.38502E-7 2.40807E-7 2.53967E-7 2.50436E-7 2.40409E-7 2.05826E-7 6.763E-8 5.90132E-8 6.46577E-8 6.14617E-8 7.45993E-8 7.98679E-8 1.07269E-7 1.03941E-7 9.47022E-8 9.63991E-8 1.3871E-7 1.7674E-7 2.13631E-7 2.75967E-7 4.49607E-7 4.95214E-7 5.41795E-7 5.91925E-7 5.15809E-7 9.638E-7 9.44281E-7 1.38571E-6 1.49493E-6 1.46131E-6 1.71042E-6 1.86133E-6 2.43059E-6 7.05703E-6 7.82912E-6 8.379E-6 9.55272E-6 9.56595E-6 1.00195E-5 1.07697E-5 6.36114E-6 1.24785E-5 1.34567E-5 1.41124E-5 1.572E-5 1.6242E-5 1.54783E-5 1.60125E-5 1.71355E-5 1.83106E-5 2.27313E-5 2.62199E-5 3.09199E-5 5.10693E-5 8.83724E-5 7.10787E-5 1.05543E-4 7.0979E-5 6.02617E-5 6.39892E-5 1.03674E-4 5.92108E-5 5.75266E-5 7.72944E-5 9.64658E-5 9.42657E-5
2.39557E-7 2.44866E-7 2.42156E-7 2.37257E-7 2.28902E-7 1.0975E-7 3.94348E-8 6.38083E-8 6.14004E-8 6.74331E-8 8.00962E-8 8.08821E-8 8.20143E-8 8.66142E-8 9.02537E-8 9.82735E-8 1.48145E-7 1.86316E-7 2.16621E-7 2.27138E-7 4.04394E-7 4.23496E-7 3.83182E-7 4.63089E-7 4.19286E-7 4.58675E-7 5.54455E-7 6.73926E-7 1.31318E-6 1.40916E-6 1.51297E-6 1.64682E-6 2.11254E-6 2.94785E-6 6.58421E-6 7.0394E-6 7.99121E-6 9.02169E-6 9.66712E-6 1.01414E-5 9.8835E-6 1.25682E-5 1.37858E-5 1.44727E-5 1.53464E-5 1.39037E-5 1.5526E-5 1.61922E-5 2.07259E-5 2.27107E-5 2.43571E-5 3.43303E-5 3.13957E-5 4.1728E-5 4.67334E-5 5.43749E-5 6.31086E-5 7.56637E-5 5.39368E-5 6.76298E-5 6.9406E-5 5.60262E-5 4.87596E-5 5.85599E-5 8.79698E-5 8.11628E-5
6.22811E-8 7.30191E-8 1.21395E-7 1.53329E-7 7.8508E-8 6.21674E-8 6.34268E-8 5.98575E-8 6.7654E-8 7.87375E-8 8.19765E-8 8.17463E-8 8.27545E-8 8.82305E-8 9.44901E-8 1.01589E-7 1.23847E-7 2.11309E-7 2.36393E-7 2.34046E-7 2.53426E-7 2.74252E-7 2.89605E-7 3.50419E-7 4.12676E-7 4.41455E-7 4.77384E-7 5.53278E-7 1.06814E-6 1.44949E-6 1.54986E-6 1.76571E-6 2.15633E-6 3.20135E-6 6.75879E-6 6.79372E-6 7.48588E-6 8.83074E-6 8.93404E-6 9.63433E-6 8.80088E-6 1.03004E-5 1.12365E-5 1.30119E-5 1.31513E-5 1.47842E-5 1.46616E-5 1.6904E-5 3.48259E-5 7.20729E-5 8.52937E-5 9.4434E-5 7.98877E-5 7.58915E-5 6.91894E-5 4.71553E-5 5.15969E-5 5.62772E-5 6.08429E-5 6.38034E-5 6.40291E-5 8.46108E-5 4.79667E-5 4.40973E-5 6.28E-5 8.01392E-5
4.94539E-8 5.15668E-8 5.09698E-8 5.46808E-8 5.85665E-8 6.00444E-8 5.6848E-8 6.19874E-8 7.85804E-8 8.32272E-8 8.18271E-8 8.99292E-8 9.53444E-8 1.01697E-7 1.09047E-7 1.18035E-7 1.79833E-7 2.11875E-7 2.31356E-7 2.47384E-7 2.62814E-7 2.79121E-7 2.94237E-7 3.61581E-7 4.02821E-7 4.31346E-7 4.91544E-7 5.4756E-7 1.05534E-6 1.44815E-6 1.69447E-6 1.95665E-6 2.59036E-6 4.07907E-6 4.9078E-6 6.94755E-6 7.72175E-6 7.56851E-6 8.20442E-6 8.37407E-6 8.62066E-6 9.46924E-6 1.13111E-5 1.17535E-5 1.21686E-5 1.32493E-5 1.43525E-5 2.2996E-5 6.91641E-5 7.4536E-5 9.14595E-5 8.36239E-5 8.40253E-5 5.60581E-5 5.67745E-5 6.10258E-5 4.35723E-5 4.36739E-5 5.25376E-5 5.41575E-5 3.37613E-5 8.39342E-5 4.11989E-5 3.75428E-5 5.07059E-5 6.63747E-5
5.12443E-8 5.14447E-8 4.99969E-8 5.67881E-8 6.08882E-8 5.80246E-8 5.89911E-8 6.42655E-8 8.20051E-8 8.30175E-8 9.17644E-8 9.64196E-8 9.95433E-8 9.72445E-8 1.09982E-7 1.22974E-7 2.01133E-7 2.24886E-7 2.46719E-7 2.63304E-7 2.81086E-7 2.98611E-7 3.15302E-7 3.57563E-7 6.05564E-7 6.62885E-7 7.11305E-7 5.65282E-7 8.30713E-7 1.4952E-6 1.63243E-6 1.92333E-6 2.23367E-6 4.26254E-6 4.89865E-6 8.03835E-6 8.34319E-6 8.59903E-6 8.32198E-6 7.8199E-6 8.3817E-6 9.06388E-6 1.0064E-5 1.06848E-5 1.10075E-5 1.10551E-5 1.84537E-5 3.57692E-5 3.12632E-5 6.86997E-5 8.96253E-5 7.77078E-5 2.61147E-5 2.74665E-5 3.05019E-5 3.67218E-5 3.87331E-5 4.52677E-5 4.5928E-5 4.4288E-5 5.31973E-5 7.54683E-5 3.98944E-5 3.74446E-5 4.05005E-5 5.00777E-5
4.67066E-8 4.95998E-8 5.19032E-8 5.69558E-8 6.01496E-8 6.27379E-8 6.27002E-8 6.58809E-8 7.48531E-8 9.20595E-8 9.08602E-8 1.0117E-7 9.20195E-8 9.72037E-8 1.03479E-7 1.22781E-7 2.17568E-7 2.40582E-7 2.684E-7 2.9651E-7 3.33632E-7 3.27381E-7 3.49418E-7 7.27204E-7 1.71717E-6 1.81331E-6 1.11359E-6 1.42243E-6 6.84086E-7 1.70632E-6 1.65667E-6 1.81833E-6 3.56595E-6 7.35688E-6 5.72581E-6 7.0949E-6 9.06169E-6 9.61348E-6 8.03485E-6 8.14456E-6 8.72654E-6 8.81032E-6 9.66215E-6 9.63253E-6 1.06192E-5 1.10541E-5 1.35924E-5 1.47721E-5 2.6254E-5 2.15483E-5 4.46962E-5 4.90169E-5 5.22372E-5 1.81352E-5 1.95947E-5 2.5647E-5 2.96831E-5 3.53253E-5 3.51019E-5 3.34393E-5 3.62874E-5 4.71776E-5 6.45501E-5 3.59951E-5 3.44358E-5 3.4509E-5
5.00234E-8 5.51123E-8 5.08968E-8 5.43178E-8 5.93694E-8 6.22736E-8 6.33884E-8 6.0891E-8 7.06925E-8 1.02038E-7 1.41478E-7 1.45564E-7 1.03203E-7 9.86784E-8 1.06451E-7 1.60378E-7 2.34149E-7 2.58637E-7 2.93819E-7 3.1619E-7 3.2933E-7 3.50402E-7 3.8419E-7 9.28767E-7 1.87432E-6 2.11785E-6 2.13875E-6 3.20279E-6 4.51847E-6 5.02437E-6 2.08654E-6 2.32477E-6 6.41044E-6 7.13158E-6 7.24705E-6 7.20408E-6 8.95972E-6 9.12775E-6 8.46593E-6 8.50921E-6 8.45245E-6 7.9153E-6 8.76354E-6 8.43515E-6 9.58712E-6 1.12136E-5 1.29892E-5 1.44654E-5 1.42804E-5 1.54894E-5 2.69279E-5 5.2721E-5 2.80274E-5 2.80194E-5 1.73903E-5 1.89745E-5 2.47594E-5 3.43314E-5 3.33089E-5 3.27325E-5 3.43175E-5 4.11994E-5 6.77956E-5 3.54513E-5 2.81449E-5 3.23403E-5
5.21018E-8 5.45132E-8 5.50118E-8 5.67259E-8 5.85543E-8 6.02155E-8 6.051E-8 6.17495E-8 1.30116E-7 1.35782E-6 1.43312E-6 1.48008E-6 1.79041E-7 1.16716E-7 1.39926E-7 1.68558E-7 1.93679E-7 2.39936E-7 2.78133E-7 3.16671E-7 3.33363E-7 3.71126E-7 4.9317E-7 1.87454E-6 1.97978E-6 2.13435E-6 2.49236E-6 4.37137E-6 5.75971E-6 5.76072E-6 6.11363E-6 6.7272E-6 7.07101E-6 7.34268E-6 7.27885E-6 7.29801E-6 8.25758E-6 8.96738E-6 8.25813E-6 8.40835E-6 7.46793E-6 9.35442E-6 7.92834E-6 9.1319E-6 9.36976E-6 1.03357E-5 1.21654E-5 1.38552E-5 1.41194E-5 1.25417E-5 1.49378E-5 1.713E-5 2.0788E-5 2.09456E-5 1.62038E-5 1.89106E-5 1.91923E-5 2.39424E-5 2.90139E-5 2.80723E-5 3.07473E-5 3.30654E-5 6.09489E-5 3.7448E-5 2.75216E-5 3.02634E-5
5.56558E-8 5.51592E-8 5.64128E-8 5.76765E-8 5.98585E-8 6.45838E-8 6.56642E-8 6.63143E-8 1.31332E-6 1.40728E-6 1.51767E-6 1.28193E-6 1.44458E-7 1.49125E-7 1.58099E-7 1.77127E-7 2.11372E-7 2.26723E-7 2.402E-7 4.98941E-7 5.67716E-7 8.74352E-7 1.58974E-6 1.86625E-6 2.06367E-6 3.03503E-6 4.37115E-6 5.35394E-6 5.94318E-6 6.17535E-6 6.62299E-6 6.68294E-6 7.32017E-6 7.72089E-6 7.03661E-6 7.13686E-6 7.58439E-6 7.92701E-6 8.18082E-6 8.83122E-6 5.27611E-6 1.03581E-5 9.28362E-6 1.72296E-5 9.68194E-6 9.61524E-6 2.03954E-5 1.16927E-5 1.2006E-5 1.08435E-5 1.1171E-5 1.2711E-5 1.50573E-5 2.26534E-5 1.61035E-5 1.73916E-5 1.80765E-5 2.0328E-5 2.2283E-5 2.44782E-5 2.48022E-5 2.64724E-5 3.66302E-5 4.00869E-5 3.07893E-5 2.47705E-5
5.88838E-8 5.81099E-8 6.07903E-8 6.08841E-8 6.53871E-8 6.29617E-8 6.5996E-8 8.89801E-7 1.37524E-6 1.47796E-6 1.48056E-6 1.70525E-7 1.50169E-7 1.56982E-7 1.67881E-7 1.88347E-7 2.17508E-7 2.41836E-7 2.66396E-7 7.62789E-7 1.48235E-6 1.58073E-6 1.72047E-6 2.12637E-6 4.1304E-6 4.82669E-6 5.34027E-6 5.66059E-6 6.02353E-6 6.52203E-6 6.9293E-6 8.18621E-6 7.91798E-6 7.95997E-6 7.2125E-6 7.33204E-6 7.66979E-6 8.41436E-6 9.06363E-6 9.44936E-6 9.79188E-6 1.0085E-5 1.0015E-5 9.41317E-6 9.90002E-6 9.27546E-6 1.09052E-5 7.93543E-6 1.01833E-5 9.39616E-6 1.10418E-5 1.22201E-5 1.42145E-5 1.49662E-5 1.42564E-5 1.49876E-5 1.59011E-5 1.64176E-5 1.62889E-5 2.12733E-5 2.18103E-5 2.37878E-5 2.61553E-5 2.89383E-5 4.43804E-5 2.72866E-5
6.24364E-8 6.36756E-8 7.15198E-8 7.58624E-8 7.26493E-8 3.05735E-7 2.73853E-6 2.96087E-6 1.55974E-6 1.61409E-6 1.75829E-6 2.47792E-7 1.98048E-7 1.91073E-7 1.87313E-7 2.08962E-7 2.29257E-7 2.52866E-7 4.85053E-7 1.46079E-6 1.55128E-6 1.66934E-6 1.83424E-6 2.41866E-6 4.80598E-6 5.07412E-6 5.76823E-6 6.15513E-6 5.77239E-6 6.52726E-6 8.02161E-6 8.68328E-6 8.70992E-6 1.06045E-5 4.95889E-6 9.66574E-6 7.97616E-6 8.6007E-6 9.06949E-6 1.05524E-5 9.81083E-6 1.05391E-5 1.0054E-5 1.10874E-5 9.65586E-6 9.35638E-6 1.10935E-5 2.4786E-6 9.40632E-6 9.67343E-6 1.00276E-5 1.15371E-5 1.25482E-5 1.28955E-5 1.22462E-5 1.30256E-5 1.36745E-5 1.4849E-5 1.34198E-5 1.60143E-5 2.04489E-5 2.50096E-5 2.34044E-5 2.06819E-5 2.25195E-5 4.0104E-5
6.82096E-8 7.51354E-8 8.87333E-8 9.65633E-8 9.55485E-8 1.56036E-6 1.50816E-6 1.62758E-6 1.81331E-6 1.88044E-6 2.01872E-6 3.25111E-7 2.67082E-7 2.27016E-7 2.26715E-7 2.45868E-7 2.53839E-7 2.68225E-7 6.27592E-7 1.04415E-6 1.27997E-6 1.62655E-6 1.95443E-6 2.35508E-6 4.36172E-6 4.46269E-6 5.15413E-6 5.59624E-6 6.87956E-6 8.8932E-6 9.40865E-6 8.94834E-6 9.43052E-6 1.25553E-5 2.79881E-6 4.63066E-6 9.06063E-6 8.76014E-6 9.4603E-6 1.08003E-5 1.10163E-5 1.13006E-5 1.12223E-5 1.0935E-5 1.01128E-5 9.44998E-6 1.16473E-5 1.1294E-5 8.76535E-6 9.28382E-6 1.03153E-5 1.04977E-5 1.15285E-5 1.20426E-5 1.16767E-5 1.23343E-5 1.31215E-5 1.36232E-5 1.35067E-5 1.68319E-5 1.9602E-5 2.49512E-5 1.97653E-5 1.71932E-5 1.60413E-5 1.74191E-5
8.19783E-8 9.03216E-8 1.03556E-7 1.22106E-7 1.37143E-7 2.06995E-6 2.03442E-6 1.79864E-6 8.41728E-7 9.20182E-7 2.64232E-7 2.71871E-7 3.13396E-7 2.36872E-7 2.43198E-7 2.68034E-7 2.85137E-7 3.39701E-7 9.5234E-7 1.04435E-6 1.10187E-6 1.20968E-6 1.38841E-6 3.36799E-6 3.39113E-6 3.62814E-6 4.51003E-6 6.4643E-6 9.0055E-6 1.01082E-5 1.10442E-5 1.13121E-5 7.85241E-6 1.1263E-5 7.26995E-6 1.22881E-5 7.91073E-6 1.06602E-5 1.03774E-5 1.20902E-5 1.16854E-5 1.15608E-5 1.1961E-5 1.28979E-5 1.1877E-5 1.24736E-5 1.26396E-5 7.45782E-6 9.10636E-6 8.57174E-6 1.02979E-5 1.0459E-5 1.03825E-5 1.16774E-5 1.07422E-5 1.05014E-5 1.24586E-5 1.28416E-5 1.34929E-5 1.74355E-5 1.87688E-5 2.19302E-5 2.41459E-5 1.91736E-5 1.50885E-5 1.52242E-5
9.66375E-8 1.07346E-7 1.2031E-7 1.3235E-7 1.89762E-7 2.4904E-7 2.38763E-7 2.349E-7 2.43545E-7 2.51495E-7 2.4592E-7 2.54412E-7 2.87795E-7 3.13736E-7 3.02006E-7 5.42528E-7 3.16797E-7 4.14669E-7 9.8061E-7 1.05555E-6 1.11406E-6 1.23353E-6 1.36489E-6 2.38529E-6 4.47182E-6 5.0553E-6 6.47607E-6 9.20989E-6 1.06603E-5 1.17103E-5 1.29224E-5 4.33336E-6 5.96325E-6 1.10211E-5 1.1192E-5 6.70824E-6 9.83625E-6 1.14898E-5 1.14662E-5 1.15399E-5 1.1636E-5 1.26065E-5 1.47395E-5 1.405E-5 6.15959E-6 5.50494E-6 1.24477E-5 1.08921E-5 9.52979E-6 8.50566E-6 9.0387E-6 9.69763E-6 1.0494E-5 1.04906E-5 1.08789E-5 1.3429E-5 1.45865E-5 1.22925E-5 1.19631E-5 1.39689E-5 1.73029E-5 1.97668E-5 1.93955E-5 1.84666E-5 1.46634E-5 1.56997E-5
1.04102E-7 1.11688E-7 1.20439E-7 1.26529E-7 2.187E-7 2.66824E-7 2.65904E-7 2.64066E-7 2.56984E-7 2.50673E-7 2.50751E-7 2.63928E-7 2.83006E-7 7.05826E-7 8.55504E-7 9.94041E-7 8.64055E-7 1.08865E-6 1.15485E-6 1.37823E-6 1.29018E-6 1.62113E-6 1.72581E-6 4.86763E-6 5.72334E-6 7.09086E-6 8.19493E-6 9.8662E-6 1.18857E-5 9.83742E-6 1.17656E-5 2.92156E-6 1.17849E-5 1.19462E-5 9.59099E-6 1.21364E-5 3.56898E-6 1.34589E-5 1.15408E-5 1.21293E-5 1.37216E-5 1.64938E-5 7.6069E-6 1.18603E-5 3.21093E-6 1.27701E-5 1.08856E-5 1.01336E-5 9.40982E-6 8.34306E-6 9.08954E-6 9.30564E-6 9.8444E-6 1.00944E-5 1.01195E-5 1.07524E-5 1.00748E-5 1.07699E-5 1.10394E-5 1.15986E-5 1.36623E-5 1.48087E-5 1.49668E-5 1.33147E-5 1.21588E-5 1.34356E-5
9.79049E-8 1.18917E-7 1.14407E-7 1.18657E-7 2.07171E-7 2.74746E-7 2.8924E-7 2.87131E-7 2.75352E-7 2.62672E-7 2.66687E-7 2.68836E-7 2.84563E-7 6.30298E-7 8.25834E-7 9.64711E-7 1.07695E-6 1.15824E-6 1.69956E-6 1.47948E-6 1.60526E-6 1.89931E-6 2.25338E-6 4.84883E-6 7.13632E-6 8.69235E-6 8.99314E-6 7.16333E-6 1.27776E-5 9.59916E-6 4.22737E-6 5.7856E-6 1.26446E-5 1.45635E-5 1.7882E-5 1.07315E-5 1.57789E-5 1.37245E-5 1.31079E-5 1.51443E-5 1.52886E-5 4.21115E-6 1.0718E-5 1.00802E-5 1.35614E-5 1.13046E-5 1.03189E-5 1.18774E-5 1.04421E-5 8.85032E-6 8.82326E-6 8.25257E-6 9.89344E-6 1.01912E-5 1.05075E-5 1.09496E-5 9.54347E-6 1.04139E-5 1.09237E-5 1.25871E-5 1.44017E-5 1.32011E-5 1.25094E-5 1.17522E-5 1.15531E-5 1.14505E-5
1.43083E-7 1.28332E-7 1.12222E-7 1.27728E-7 2.51589E-7 2.75495E-7 2.81673E-7 2.76771E-7 2.72088E-7 3.6481E-7 3.97669E-7 3.57471E-7 3.47987E-7 4.63707E-7 5.37028E-7 5.42728E-7 9.72358E-7 1.28433E-6 1.40555E-6 1.48691E-6 1.94523E-6 2.03067E-6 2.93024E-6 6.04906E-6 8.32107E-6 9.47309E-6 1.04158E-5 1.22095E-5 7.62125E-6 1.09636E-5 1.19609E-5 1.36906E-5 1.48666E-5 1.5573E-5 1.7691E-5 1.63496E-5 3.65931E-6 3.03464E-6 1.02468E-5 3.97553E-6 1.16004E-5 4.50826E-6 5.04955E-6 1.09049E-5 1.19854E-5 1.07202E-5 1.03343E-5 1.14222E-5 1.35341E-5 8.52227E-6 8.66994E-6 7.65388E-6 8.90908E-6 1.07397E-5 1.07273E-5 1.01935E-5 1.75215E-5 1.10439E-5 1.11401E-5 1.11236E-5 1.25155E-5 1.20475E-5 1.13836E-5 1.17246E-5 1.17745E-5 1.11442E-5
1.61104E-7 1.75922E-7 1.73084E-7 1.53243E-7 2.294E-7 2.97633E-7 2.79116E-7 2.90436E-7 2.72721E-7 6.30366E-7 6.61426E-7 4.79483E-7 3.74332E-7 3.95142E-7 4.3597E-7 4.63884E-7 5.15473E-7 1.28971E-6 1.25569E-6 1.86162E-6 2.32085E-6 2.78938E-6 3.39898E-6 4.66057E-6 7.62206E-6 9.2071E-6 1.06583E-5 8.0271E-6 7.17615E-6 1.05236E-5 1.12797E-5 1.37331E-5 1.42328E-5 1.58017E-5 1.7363E-5 1.85856E-5 1.63268E-5 1.1618E-5 4.13121E-6 8.73127E-6 1.1502E-5 5.65564E-6 5.96379E-6 1.41358E-5 1.20185E-5 1.09439E-5 1.0271E-5 9.06807E-6 1.00294E-5 9.22147E-6 8.74339E-6 7.9043E-6 8.72181E-6 8.92412E-6 1.02847E-5 1.07227E-5 9.68704E-6 1.08265E-5 1.05678E-5 1.07321E-5 1.14813E-5 1.15917E-5 1.13126E-5 1.10209E-5 1.10383E-5 1.12824E-5
1.81547E-7 1.90816E-7 1.98845E-7 2.08032E-7 2.18825E-7 2.89382E-7 2.89132E-7 2.83822E-7 3.7327E-7 6.99334E-7 7.08154E-7 7.07637E-7 6.08265E-7 4.04716E-7 4.36581E-7 4.59446E-7 4.4616E-7 5.37355E-7 1.43093E-6 1.93251E-6 2.61084E-6 3.17181E-6 2.57954E-6 4.60494E-6 7.21314E-6 8.26827E-6 9.94264E-6 6.56529E-6 9.45192E-6 9.65697E-6 1.09155E-5 1.27537E-5 1.34666E-5 1.63943E-5 1.78838E-5 2.05623E-5 1.78472E-5 1.94091E-5 1.36643E-5 4.27485E-6 7.84162E-6 5.8834E-6 6.00683E-6 1.73243E-5 1.12769E-5 1.04591E-5 1.03814E-5 9.48485E-6 9.43723E-6 9.45747E-6 8.82195E-6 8.10532E-6 8.26831E-6 8.64837E-6 8.91833E-6 1.01247E-5 1.02412E-5 1.03896E-5 1.04229E-5 1.13817E-5 1.17935E-5 1.24008E-5 1.1872E-5 1.53894E-5 1.61981E-5 1.12288E-5
2.0664E-7 2.08799E-7 2.12283E-7 2.18359E-7 2.8269E-7 3.54667E-7 3.38231E-7 3.51568E-7 3.80243E-7 7.3669E-7 7.45047E-7 7.177E-7 6.42E-7 4.81188E-7 4.85831E-7 4.11712E-7 4.09056E-7 4.50809E-7 9.70896E-7 2.05936E-6 2.45423E-6 3.32834E-6 3.96347E-6 5.07957E-6 6.94781E-6 8.28182E-6 9.48559E-6 8.66997E-6 8.38593E-6 8.80794E-6 9.91615E-6 1.11275E-5 1.28635E-5 1.71779E-5 2.12402E-5 2.10658E-5 1.71115E-5 1.31163E-5 5.50966E-6 3.54783E-6 4.34491E-6 6.21312E-6 1.86775E-5 3.3396E-6 8.13519E-6 1.038E-5 9.85776E-6 9.26215E-6 9.3255E-6 9.31695E-6 9.05755E-6 8.61137E-6 8.27447E-6 8.97012E-6 9.39529E-6 9.61532E-6 9.93122E-6 1.09721E-5 3.10344E-5 5.13504E-5 1.35767E-5 1.32467E-5 1.34149E-5 1.60538E-5 1.49657E-5 1.10361E-5
2.31491E-7 2.44108E-7 2.42182E-7 2.39687E-7 2.76132E-7 3.69674E-7 3.70059E-7 3.80908E-7 4.93646E-7 8.23764E-7 8.55761E-7 8.01152E-7 8.53749E-7 9.20738E-7 6.03005E-7 4.58339E-7 5.0021E-7 5.33276E-7 1.10319E-6 2.56873E-6 2.95819E-6 3.27939E-6 4.08826E-6 5.72156E-6 6.17507E-6 7.38331E-6 7.79747E-6 6.59311E-6 7.36525E-6 7.51383E-6 9.1862E-6 1.0984E-5 1.28884E-5 1.6812E-5 1.98024E-5 2.00386E-5 7.21152E-6 4.08651E-6 4.09941E-6 2.68566E-6 3.88991E-6 3.73236E-6 4.06413E-6 1.10331E-5 1.0774E-5 9.59135E-6 9.07833E-6 9.24649E-6 9.16187E-6 8.39864E-6 9.00159E-6 8.33473E-6 8.55726E-6 8.97684E-6 9.78934E-6 9.64482E-6 1.05643E-5 1.14151E-5 2.97557E-5 3.46815E-5 3.49726E-5 2.48932E-5 1.2651E-5 1.61813E-5 1.54873E-5 1.12834E-5
2.83412E-7 3.11505E-7 3.34788E-7 3.55332E-7 3.66512E-7 4.03643E-7 4.15328E-7 4.19377E-7 5.01403E-7 1.00937E-6 9.73269E-7 9.12899E-7 9.67192E-7 8.96461E-7 9.18973E-7 8.65751E-7 6.8362E-7 8.25185E-7 1.56243E-6 2.85771E-6 3.01284E-6 3.13117E-6 3.93187E-6 5.30496E-6 5.44569E-6 6.17209E-6 6.13908E-6 5.79762E-6 6.7055E-6 7.97752E-6 9.07739E-6 1.17847E-5 2.74085E-5 1.91756E-5 1.74115E-5 1.13098E-5 1.15732E-5 5.94956E-6 1.04496E-5 2.73676E-6 3.71083E-6 3.11865E-6 8.22751E-6 7.50272E-6 9.78506E-6 9.62644E-6 9.1288E-6 8.72102E-6 9.08102E-6 8.94133E-6 8.65612E-6 8.43816E-6 8.06133E-6 8.63094E-6 8.95177E-6 9.36002E-6 1.12362E-5 1.19007E-5 1.63834E-5 1.7182E-5 1.4026E-5 1.1262E-5 1.26962E-5 1.68552E-5 1.54194E-5 1.22365E-5
4.11473E-7 4.15214E-7 4.08055E-7 4.02704E-7 4.06699E-7 4.44793E-7 4.51988E-7 4.66866E-7 5.22679E-7 9.77867E-7 9.09278E-7 9.93672E-7 1.19139E-6 7.33784E-7 9.16732E-7 7.34481E-7 8.95492E-7 8.26345E-7 1.58461E-6 2.66167E-6 2.83228E-6 7.60983E-7 1.13978E-6 6.64804E-6 4.40802E-6 4.86463E-6 5.77208E-6 6.69658E-6 6.43073E-6 6.61699E-6 8.34842E-6 2.49416E-5 6.58134E-5 7.1639E-5 7.45899E-5 4.49688E-5 1.43479E-5 2.66874E-6 1.05053E-5 3.24811E-6 1.04306E-5 1.06253E-5 1.17309E-5 1.16281E-5 1.00943E-5 9.27857E-6 9.18971E-6 8.40673E-6 8.4296E-6 1.02015E-5 1.08993E-5 8.8643E-6 9.00801E-6 9.55529E-6 8.45607E-6 8.99856E-6 9.56414E-6 1.10427E-5 1.19284E-5 1.21466E-5 1.13517E-5 1.11955E-5 1.13293E-5 1.08022E-5 1.14736E-5 1.57223E-5
4.4749E-7 4.4887E-7 4.40349E-7 4.26382E-7 4.2245E-7 4.29157E-7 4.86457E-7 6.85578E-7 8.42229E-7 1.10169E-6 9.64809E-7 1.15263E-6 1.47253E-6 1.37484E-6 1.00861E-6 6.96977E-7 7.25749E-7 7.42754E-7 7.84487E-7 4.12477E-7 6.84681E-7 1.32086E-6 1.46636E-6 5.84558E-6 3.0274E-6 4.1847E-6 6.21497E-6 6.67646E-6 6.97218E-6 7.32071E-6 4.95862E-6 9.93199E-6 1.68701E-5 2.39429E-5 2.41809E-5 1.70416E-5 8.17963E-6 1.33612E-5 1.28242E-5 1.13104E-5 4.49088E-6 3.31942E-6 7.09253E-6 3.07345E-6 7.15438E-6 1.01932E-5 5.81633E-6 7.79013E-6 7.90762E-6 8.41628E-6 8.66095E-6 9.52655E-6 9.88007E-6 9.5909E-6 9.04396E-6 8.92987E-6 1.0106E-5 1.11039E-5 1.10701E-5 1.07918E-5 1.01699E-5 1.07553E-5 1.0608E-5 1.07785E-5 1.12506E-5 1.17008E-5
4.43586E-7 4.82562E-7 4.78967E-7 4.48868E-7 4.43195E-7 4.42027E-7 4.90534E-7 7.95684E-7 1.17985E-6 1.32578E-6 1.31101E-6 1.21831E-6 1.36239E-6 1.26549E-6 1.20994E-6 8.64885E-7 6.97391E-7 7.40828E-7 2.79208E-7 2.63833E-7 1.11974E-6 1.40689E-6 1.59709E-6 1.1006E-6 7.27587E-7 2.30342E-6 2.06231E-6 5.26795E-6 6.35723E-6 2.89052E-6 2.23593E-6 2.46815E-6 1.30107E-6 3.71038E-6 4.31012E-6 4.37955E-6 1.10576E-5 2.37892E-6 3.36728E-6 1.07096E-5 1.08557E-5 3.73688E-6 2.79708E-6 8.20533E-6 8.59633E-6 8.25837E-6 4.97993E-6 7.86403E-6 8.43659E-6 8.22624E-6 9.71035E-6 1.06463E-5 8.72626E-6 8.49963E-6 6.52068E-6 6.45064E-6 9.45945E-6 9.96512E-6 9.76523E-6 1.00613E-5 1.02398E-5 9.80738E-6 1.06745E-5 1.09025E-5 1.08136E-5 1.04183E-5
