catData/rasterBestHybridModels/Pviverrinus/RD_RM1_H/Pviverrinus_avg.asc
ncols         409
nrows         350
xllcorner     60.897278365
yllcorner     5.843756025
cellsize      0.0892857
NODATA_value  -9999
[rows 58 to 86 of 350, columns 66 to 131 of 409]
-9999 -9999 -9999 -9999 -9999 -9999 -9999 -9999 -9999 -9999 -9999 -9999 -9999 -9999 -9999 -9999 -9999 -9999 -9999 -9999 -9999 -9999 -9999 -9999 -9999 -9999 -9999 3.17654E-7 4.53339E-7 3.75363E-7 4.81846E-7 3.84914E-7 5.21733E-7 4.37673E-7 5.06828E-7 1.13555E-6 1.03649E-6 5.39517E-7 3.16656E-7 2.83241E-7 2.63455E-7 3.19866E-7 3.46323E-7 3.96154E-7 6.27092E-7 6.83469E-7 2.92226E-6 1.01504E-6 6.32584E-7 5.30957E-7 4.98762E-7 3.52913E-7 3.55441E-7 3.26704E-7 3.76643E-7 3.99761E-7 4.05937E-7 3.95251E-7 4.08773E-7 4.38125E-7 7.18297E-7 4.44789E-6 4.81629E-6 5.215E-6 6.34187E-6 6.67998E-6
-9999 -9999 -9999 -9999 -9999 -9999 -9999 -9999 -9999 -9999 -9999 -9999 -9999 -9999 -9999 2.94004E-7 -9999 -9999 -9999 2.58072E-7 2.57861E-7 -9999 -9999 -9999 -9999 -9999 2.39475E-7 2.42376E-7 3.15259E-7 4.76974E-7 4.51179E-7 4.98713E-7 5.18448E-7 3.19984E-7 2.77329E-7 1.03843E-6 2.10107E-6 6.28501E-7 3.54065E-7 2.99822E-7 2.69555E-7 2.88087E-7 3.15622E-7 4.69634E-7 8.14952E-7 6.25049E-7 1.5041E-6 3.3065E-7 5.67801E-7 5.11276E-7 4.85192E-7 4.26617E-7 3.49295E-7 2.76497E-7 3.67112E-7 3.91221E-7 2.92258E-7 3.00203E-7 3.7681E-7 4.07116E-7 1.7202E-6 4.48572E-6 4.64474E-6 5.23151E-6 5.37558E-6 6.00195E-6
-9999 -9999 -9999 -9999 -9999 -9999 -9999 -9999 -9999 -9999 -9999 -9999 -9999 -9999 3.02106E-7 3.02267E-7 2.90001E-7 2.78835E-7 2.71474E-7 2.68521E-7 2.68052E-7 3.51175E-7 -9999 -9999 -9999 -9999 2.00856E-7 2.06086E-7 3.43311E-7 4.60936E-7 4.92787E-7 4.89136E-7 3.31974E-7 2.80071E-7 3.38256E-7 9.38045E-7 3.15203E-6 7.79878E-7 5.04411E-7 3.34189E-7 3.21667E-7 2.87753E-7 3.36125E-7 5.35013E-7 8.46776E-7 8.37671E-7 1.81105E-6 1.04935E-6 5.30213E-7 4.77929E-7 3.93987E-7 3.72208E-7 2.71503E-7 2.65836E-7 3.4014E-7 3.28393E-7 2.37413E-7 2.8443E-7 3.65035E-7 8.40442E-7 3.29539E-6 3.88498E-6 4.08179E-6 5.12161E-6 5.1732E-6 5.9976E-6
-9999 -9999 -9999 -9999 -9999 -9999 -9999 -9999 -9999 -9999 -9999 -9999 -9999 3.05319E-7 3.0829E-7 3.10139E-7 2.98389E-7 2.9107E-7 2.82401E-7 2.69033E-7 2.62877E-7 2.86605E-7 2.65986E-7 -9999 2.31213E-7 2.21151E-7 2.62228E-7 2.32491E-7 3.45661E-7 3.86523E-7 4.73013E-7 4.1242E-7 2.86978E-7 3.23023E-7 3.02465E-7 9.59019E-7 2.0611E-6 1.38836E-6 7.66144E-7 3.99823E-7 3.03733E-7 2.84986E-7 3.48543E-7 5.57488E-7 9.1313E-7 2.49876E-6 1.42484E-6 7.12337E-7 4.46667E-7 4.52707E-7 3.50364E-7 3.25941E-7 2.48004E-7 2.7785E-7 3.20678E-7 3.2342E-7 2.97109E-7 3.2331E-7 5.6154E-7 2.79255E-6 2.93428E-6 3.52118E-6 4.12457E-6 4.64136E-6 5.04794E-6 5.76296E-6
-9999 -9999 -9999 -9999 -9999 -9999 -9999 -9999 -9999 -9999 -9999 3.07744E-7 3.06238E-7 3.07672E-7 3.05407E-7 2.94011E-7 2.87667E-7 2.8163E-7 2.7087E-7 2.73796E-7 2.62431E-7 2.64385E-7 3.44627E-7 2.91469E-7 1.99328E-7 2.04031E-7 2.19594E-7 2.52915E-7 2.92758E-7 3.67941E-7 4.67444E-7 3.71429E-7 2.24448E-7 2.48699E-7 2.68922E-7 7.41112E-7 1.76977E-6 1.91152E-6 7.91968E-7 4.88197E-7 2.95813E-7 2.59469E-7 3.36688E-7 4.87063E-7 9.70211E-7 2.28498E-6 2.72763E-7 5.51275E-7 4.26528E-7 4.17132E-7 2.78513E-7 2.34239E-7 2.56271E-7 2.63448E-7 2.86217E-7 3.12854E-7 3.33465E-7 3.57822E-7 1.34244E-6 3.48562E-6 3.00248E-6 3.47669E-6 4.27316E-6 4.66202E-6 4.70737E-6 4.94276E-6
-9999 -9999 -9999 -9999 -9999 -9999 -9999 -9999 -9999 3.10129E-7 3.07205E-7 3.04763E-7 3.02445E-7 3.01663E-7 2.92498E-7 2.78051E-7 2.66344E-7 2.65159E-7 2.72003E-7 2.74889E-7 2.65678E-7 2.47291E-7 2.30198E-7 1.97628E-7 2.02383E-7 2.02954E-7 2.12208E-7 2.69242E-7 3.71487E-7 4.69399E-7 4.53921E-7 3.01682E-7 2.34749E-7 2.54272E-7 2.68858E-7 3.3328E-7 9.0942E-7 1.13164E-6 2.62988E-7 4.47645E-7 2.86944E-7 2.4171E-7 3.20808E-7 4.49213E-7 1.75953E-6 9.85436E-7 5.55952E-7 4.42387E-7 4.03034E-7 3.81669E-7 2.41218E-7 2.39482E-7 2.5664E-7 2.51595E-7 2.49506E-7 2.61456E-7 2.81765E-7 3.18812E-7 1.3616E-6 3.61014E-6 2.99722E-6 3.67222E-6 3.82571E-6 4.67098E-6 4.23161E-6 5.04751E-6
-9999 -9999 -9999 -9999 -9999 -9999 -9999 -9999 -9999 -9999 -9999 3.07644E-7 3.02065E-7 2.94413E-7 2.8089E-7 2.68672E-7 2.5788E-7 2.54532E-7 2.61439E-7 2.5294E-7 2.28776E-7 2.23351E-7 2.00006E-7 2.00246E-7 2.12106E-7 2.11254E-7 2.62937E-7 3.4389E-7 6.38579E-7 4.50038E-7 3.40183E-7 2.83823E-7 2.5373E-7 2.71459E-7 3.42601E-7 3.55598E-7 3.65931E-7 9.40151E-7 3.36745E-7 5.20449E-7 2.79877E-7 2.35506E-7 2.7575E-7 4.18097E-7 1.7486E-6 1.6273E-6 1.04071E-6 7.40129E-7 5.86252E-7 4.24322E-7 2.94943E-7 2.12674E-7 2.28987E-7 2.23696E-7 2.2603E-7 2.27704E-7 2.35329E-7 2.55576E-7 1.30479E-6 2.53783E-6 2.98174E-6 3.26148E-6 3.36594E-6 4.08326E-6 4.01188E-6 4.52929E-6
7.93295E-7 1.07307E-6 8.92293E-7 -9999 -9999 -9999 -9999 -9999 3.45111E-7 3.12288E-7 3.75407E-7 3.11106E-7 2.9886E-7 2.83701E-7 2.70953E-7 2.58448E-7 2.45034E-7 2.37987E-7 2.31969E-7 2.22369E-7 2.13225E-7 2.02329E-7 1.99223E-7 2.06104E-7 2.10307E-7 2.49693E-7 3.12721E-7 3.75052E-7 4.0714E-7 3.27278E-7 2.61362E-7 2.65125E-7 2.52879E-7 3.10729E-7 4.31462E-7 3.11976E-7 3.37975E-7 9.37338E-7 3.1726E-7 6.09959E-7 3.02292E-7 2.14131E-7 2.25058E-7 2.97896E-7 1.53548E-6 1.89419E-6 3.16934E-7 9.0384E-7 8.66583E-7 7.35736E-7 3.35534E-7 1.99121E-7 2.29684E-7 2.61594E-7 2.14474E-7 2.36078E-7 6.44139E-7 7.4026E-7 1.51781E-6 3.79415E-6 3.00373E-6 3.01988E-6 3.37343E-6 3.61429E-6 3.98619E-6 4.87111E-6
1.0325E-6 1.03773E-6 9.91069E-7 9.7671E-7 9.6525E-7 8.55023E-7 5.3671E-7 5.34455E-7 5.29007E-7 4.67288E-7 4.11603E-7 5.23614E-7 4.18008E-7 2.81708E-7 2.71567E-7 2.57521E-7 2.46303E-7 2.3639E-7 2.26853E-7 2.14537E-7 2.18813E-7 2.28129E-7 2.20231E-7 1.96551E-7 1.92608E-7 2.36542E-7 3.24009E-7 4.46022E-7 3.84454E-7 2.84575E-7 2.68917E-7 2.66775E-7 2.56172E-7 3.42195E-7 5.26968E-7 3.89334E-7 4.42581E-7 8.57733E-7 6.0778E-7 4.81319E-7 2.85251E-7 2.04513E-7 2.07027E-7 2.93492E-7 1.09989E-6 2.13429E-6 3.27076E-7 9.4942E-7 8.72578E-7 8.93813E-7 4.60021E-7 2.21451E-7 4.07164E-7 4.57606E-7 3.94355E-7 7.94522E-7 9.58593E-7 1.20765E-6 2.03319E-6 2.97603E-6 3.15565E-6 3.03786E-6 2.98477E-6 3.4139E-6 4.00349E-6 4.89158E-6
9.62166E-7 9.6308E-7 9.6285E-7 9.61947E-7 9.52744E-7 5.55015E-7 5.34581E-7 5.32646E-7 5.30006E-7 5.28161E-7 4.99539E-7 2.98472E-7 3.29839E-7 2.69922E-7 2.58971E-7 2.47317E-7 2.36752E-7 2.2828E-7 2.19241E-7 2.21547E-7 2.19483E-7 2.32902E-7 2.03498E-7 2.00233E-7 2.18384E-7 2.76669E-7 4.15682E-7 4.48532E-7 3.57812E-7 2.7203E-7 2.93424E-7 2.70944E-7 2.61813E-7 3.44146E-7 5.80848E-7 3.81755E-7 4.22699E-7 7.58045E-7 3.66051E-7 5.43225E-7 3.19466E-7 1.81809E-7 1.79647E-7 2.56592E-7 9.819E-7 2.83343E-6 3.66662E-7 9.03352E-7 9.00954E-7 9.41507E-7 7.54211E-7 4.00786E-7 4.01027E-7 4.40775E-7 4.66747E-7 6.11301E-7 1.03159E-6 1.70548E-6 2.25858E-6 4.39752E-6 3.18609E-6 2.72442E-6 2.82183E-6 3.37515E-6 3.68566E-6 4.10408E-6
9.53185E-7 9.52526E-7 7.91464E-7 9.46371E-7 6.52836E-7 5.3156E-7 5.30372E-7 5.28336E-7 5.25549E-7 6.02453E-7 3.55523E-7 2.88224E-7 2.74914E-7 2.64151E-7 2.63458E-7 2.57863E-7 2.36176E-7 2.20483E-7 2.1087E-7 2.12344E-7 2.03164E-7 2.33225E-7 2.37065E-7 2.23364E-7 2.73435E-7 3.71278E-7 4.05838E-7 3.78138E-7 3.16007E-7 2.83259E-7 2.69083E-7 2.53964E-7 2.83163E-7 4.0425E-7 5.723E-7 3.72892E-7 3.7541E-7 7.43101E-7 7.35366E-7 7.79902E-7 3.77364E-7 2.00533E-7 1.84467E-7 2.39603E-7 7.71989E-7 3.20621E-6 1.08768E-6 2.53162E-7 8.78059E-7 8.66505E-7 8.46943E-7 5.41303E-7 4.0709E-7 4.92796E-7 5.3544E-7 7.62155E-7 1.59323E-6 1.95191E-6 2.33258E-6 3.04142E-6 3.03452E-6 2.59728E-6 2.84756E-6 3.16885E-6 3.68235E-6 3.97822E-6
7.94822E-7 6.28747E-7 5.35011E-7 5.3263E-7 5.32774E-7 5.30832E-7 5.30266E-7 5.10469E-7 6.19863E-7 4.43302E-7 4.15732E-7 2.81303E-7 2.92768E-7 3.01217E-7 3.17863E-7 3.25098E-7 3.18907E-7 3.01845E-7 2.71494E-7 2.69633E-7 2.88942E-7 3.38869E-7 3.13994E-7 3.10207E-7 3.5681E-7 3.89907E-7 3.59978E-7 3.05648E-7 2.7675E-7 2.64806E-7 3.5499E-7 2.90426E-7 3.51413E-7 5.02858E-7 5.83476E-7 4.81478E-7 3.90876E-7 7.85441E-7 9.19747E-7 9.27699E-7 3.83851E-7 2.06846E-7 1.83229E-7 2.36122E-7 5.73662E-7 3.90095E-6 1.0141E-6 7.65483E-7 7.84944E-7 8.28625E-7 8.20447E-7 6.64713E-7 4.43598E-7 4.76293E-7 5.20772E-7 7.16819E-7 1.72653E-6 2.16763E-6 2.63625E-6 2.63444E-6 2.62912E-6 2.516E-6 2.77135E-6 3.11464E-6 3.44661E-6 3.86929E-6
8.15166E-7 7.99885E-7 7.86447E-7 7.3269E-7 6.76264E-7 7.56121E-7 5.18029E-7 4.30457E-7 3.63737E-7 2.82337E-7 3.4063E-7 3.26101E-7 2.9925E-7 2.9776E-7 3.07409E-7 3.16286E-7 3.17393E-7 3.37309E-7 3.58382E-7 3.4808E-7 3.37655E-7 3.39957E-7 3.45856E-7 3.66105E-7 3.39679E-7 3.23648E-7 3.11696E-7 2.82232E-7 2.68307E-7 3.06769E-7 3.55051E-7 3.84221E-7 4.38436E-7 5.09714E-7 7.00926E-7 4.97478E-7 3.73646E-7 6.75449E-7 1.57992E-6 9.0999E-7 4.6684E-7 2.13314E-7 1.8252E-7 2.41482E-7 1.99892E-6 2.27672E-6 9.59515E-7 6.76258E-7 7.26945E-7 8.17757E-7 7.99364E-7 7.6235E-7 5.56643E-7 4.03254E-7 5.20811E-7 1.31797E-6 1.88428E-6 2.395E-6 2.31283E-6 2.44025E-6 2.57039E-6 2.55026E-6 2.67521E-6 2.9044E-6 3.44259E-6 3.8207E-6
1.22896E-6 1.60881E-6 1.02927E-6 8.99385E-7 7.06032E-7 5.43077E-7 5.82851E-7 4.51662E-7 3.43792E-7 2.84745E-7 2.65906E-7 2.58456E-7 2.48272E-7 2.37247E-7 2.32019E-7 2.96098E-7 3.11521E-7 2.9935E-7 4.59529E-7 3.13606E-7 3.35226E-7 3.24867E-7 4.62003E-7 2.98749E-7 2.63531E-7 2.84125E-7 3.19838E-7 3.28588E-7 3.45845E-7 3.67425E-7 3.92996E-7 4.274E-7 5.17414E-7 5.7508E-7 7.65589E-7 7.19637E-7 4.67445E-7 1.63172E-6 1.29581E-6 8.5686E-7 5.09774E-7 2.75177E-7 2.20983E-7 2.57863E-7 6.77811E-7 1.98115E-6 1.00437E-6 7.20805E-7 8.51174E-7 1.13433E-6 1.19405E-6 9.20029E-7 6.04513E-7 4.76076E-7 1.07511E-6 5.43309E-7 2.17599E-6 2.06244E-6 2.21268E-6 2.18019E-6 2.56895E-6 2.67029E-6 2.93715E-6 3.58647E-6 3.72645E-6 4.53087E-6
1.09605E-6 1.18108E-6 1.1792E-6 9.52128E-7 6.17652E-7 6.3037E-7 5.44795E-7 4.95865E-7 4.56944E-7 4.40557E-7 4.21837E-7 2.85891E-7 2.83713E-7 2.52696E-7 2.58364E-7 2.50616E-7 2.32505E-7 2.51812E-7 2.38438E-7 2.50213E-7 2.65004E-7 2.59234E-7 2.5226E-7 2.70619E-7 3.02885E-7 3.46263E-7 4.07421E-7 3.93211E-7 3.80377E-7 3.97107E-7 4.41161E-7 5.19791E-7 6.40606E-7 6.52575E-7 7.50962E-7 8.01551E-7 6.12765E-7 2.13503E-6 1.17008E-6 5.81939E-7 5.04515E-7 3.57492E-7 2.24481E-7 2.33131E-7 7.11783E-7 3.13228E-6 1.93863E-6 1.32135E-6 1.19443E-6 1.10511E-6 1.01296E-6 9.41371E-7 9.35956E-7 7.43329E-7 1.59368E-6 2.04011E-6 3.27095E-6 3.39603E-6 2.58281E-6 2.70354E-6 2.83664E-6 3.36125E-6 3.33601E-6 3.65151E-6 5.26689E-6 4.35946E-6
1.03172E-6 9.95236E-7 1.04451E-6 7.33002E-7 6.15589E-7 4.56585E-7 4.34841E-7 3.5332E-7 3.63041E-7 3.48926E-7 3.43675E-7 3.3274E-7 2.79857E-7 2.65977E-7 2.53635E-7 2.67862E-7 2.67553E-7 2.66177E-7 2.60383E-7 2.60965E-7 2.69211E-7 2.74788E-7 2.94157E-7 3.61597E-7 4.34021E-7 4.46095E-7 4.45261E-7 4.8425E-7 5.01855E-7 4.71706E-7 5.09652E-7 6.26165E-7 6.44144E-7 6.10564E-7 6.0729E-7 6.56685E-7 8.67975E-7 2.62314E-6 1.21185E-6 6.32856E-7 5.45001E-7 3.65483E-7 2.27981E-7 2.31082E-7 4.23764E-7 3.57633E-6 2.26222E-6 1.50808E-6 1.19216E-6 1.05614E-6 7.69713E-7 8.21845E-7 1.01591E-6 2.14977E-6 1.98069E-6 2.12899E-6 2.10764E-6 2.4518E-6 2.70238E-6 2.59571E-6 2.92928E-6 3.24851E-6 3.28264E-6 1.90032E-6 3.12127E-6 3.94628E-6
1.45032E-6 4.7057E-6 1.30998E-6 6.93144E-7 1.27082E-6 3.03811E-7 4.08919E-7 3.41401E-7 3.27767E-7 3.29149E-7 3.24366E-7 3.34384E-7 3.27009E-7 2.6334E-7 2.50135E-7 2.39288E-7 2.62853E-7 3.96085E-7 2.93148E-7 2.98112E-7 3.02822E-7 3.36057E-7 4.95003E-7 5.6113E-7 5.81628E-7 5.92809E-7 7.9805E-7 5.35144E-7 7.83929E-7 5.59216E-7 5.91123E-7 6.57552E-7 6.28808E-7 7.04591E-7 6.03814E-7 7.74436E-7 1.98509E-6 2.10652E-6 2.05852E-6 8.19594E-7 5.38534E-7 3.41747E-7 2.20487E-7 2.28834E-7 3.13483E-7 3.39125E-6 2.54038E-6 1.83533E-6 1.41815E-6 1.1418E-6 8.13667E-7 8.7317E-7 1.26887E-6 1.89379E-6 2.28727E-6 2.13137E-6 2.37869E-6 2.37483E-6 2.27615E-6 2.18894E-6 1.59293E-6 2.8519E-6 5.53929E-6 2.50007E-6 2.58922E-6 9.787E-7
8.57892E-6 1.43892E-5 6.07102E-6 5.84024E-6 5.57665E-6 4.79584E-7 3.04304E-7 2.44686E-7 2.43033E-7 3.18572E-7 2.97769E-7 3.09665E-7 2.9887E-7 3.07122E-7 2.81867E-7 2.31321E-7 2.54485E-7 3.56334E-7 3.00016E-7 3.34448E-7 3.56347E-7 3.9991E-7 6.89795E-7 5.36247E-7 5.68525E-7 5.73687E-7 5.49387E-7 6.31564E-7 6.87863E-7 6.66437E-7 6.22859E-7 6.37133E-7 6.15055E-7 5.53963E-7 7.36613E-7 9.35755E-7 1.78841E-6 1.3793E-6 2.25939E-6 7.80148E-7 4.66252E-7 2.72524E-7 2.07215E-7 2.76533E-7 8.92331E-7 4.38554E-6 3.12033E-6 2.03574E-6 1.73088E-6 1.38127E-6 1.10503E-6 1.34146E-6 2.00178E-6 2.51252E-6 2.41401E-6 2.34751E-6 2.22342E-6 2.18024E-6 2.32634E-6 2.20964E-6 2.35815E-6 2.35174E-6 2.46942E-6 2.28741E-6 2.27896E-6 2.6993E-6
1.02464E-5 9.07422E-6 5.95857E-6 6.02548E-6 5.4485E-6 9.52619E-7 3.26381E-7 3.04307E-7 2.80915E-7 2.82822E-7 2.71554E-7 2.50811E-7 2.46361E-7 2.6501E-7 2.65132E-7 2.23612E-7 2.60675E-7 2.86788E-7 3.43352E-7 4.14741E-7 4.23481E-7 4.51438E-7 4.90613E-7 5.5057E-7 5.7521E-7 6.89309E-7 7.03686E-7 7.11131E-7 6.95567E-7 6.60567E-7 6.13298E-7 6.27492E-7 5.5877E-7 5.20866E-7 7.17369E-7 1.11847E-6 1.19624E-6 1.53268E-6 1.39265E-6 6.97183E-7 4.30266E-7 2.31262E-7 2.398E-7 3.39435E-7 8.21408E-7 5.22312E-6 2.90342E-6 1.85255E-6 1.56926E-6 1.23781E-6 1.30679E-6 1.84629E-6 2.47726E-6 2.37513E-6 2.25363E-6 2.14114E-6 2.20639E-6 1.93963E-6 1.92611E-6 2.05225E-6 2.07737E-6 2.1858E-6 2.39308E-6 2.45338E-6 2.69159E-6 2.6134E-6
7.60466E-6 8.12904E-6 6.00214E-6 2.50829E-6 3.62124E-7 3.19436E-7 2.76759E-7 3.00119E-7 3.79416E-7 4.81639E-7 5.34365E-7 4.408E-7 4.28145E-7 3.20029E-7 2.4232E-7 2.40584E-7 2.54667E-7 3.30644E-7 4.29093E-7 1.02565E-6 6.91487E-7 4.43683E-7 4.29024E-7 4.57601E-7 7.50855E-7 8.08011E-7 7.50004E-7 6.70086E-7 6.8714E-7 7.33672E-7 6.21693E-7 5.16061E-7 5.47876E-7 5.26653E-7 6.72933E-7 9.27313E-7 1.2469E-6 1.96069E-6 8.86075E-7 4.45185E-7 2.95512E-7 1.99179E-7 2.50124E-7 3.08691E-7 5.56002E-7 2.22486E-6 2.0255E-6 4.97941E-7 1.25622E-6 1.27741E-6 1.66452E-6 2.17139E-6 4.10569E-6 2.07665E-6 1.82094E-6 2.2163E-6 1.86426E-6 1.8325E-6 1.86838E-6 1.93815E-6 2.01141E-6 2.21935E-6 2.40655E-6 2.34949E-6 2.62539E-6 2.65571E-6
4.73943E-6 5.8079E-6 4.63359E-6 2.64867E-7 2.53817E-7 2.34833E-7 2.30738E-7 3.71949E-7 5.36358E-7 3.59913E-7 4.31273E-7 4.58916E-7 6.91988E-7 8.72139E-7 5.19581E-7 3.35748E-7 2.55434E-7 2.48165E-7 4.18263E-7 6.26928E-7 4.68135E-7 2.08185E-7 1.69358E-7 3.39868E-7 3.93948E-7 6.67491E-7 9.88157E-7 7.1462E-7 6.52803E-7 5.60561E-7 5.58223E-7 4.88396E-7 5.1783E-7 6.27795E-7 9.21008E-7 1.35459E-6 1.46448E-6 2.85936E-6 7.56735E-7 3.09247E-7 1.8947E-7 1.61319E-7 2.24867E-7 2.94262E-7 5.64485E-7 1.97945E-6 5.33516E-7 4.44586E-7 1.20217E-6 1.59954E-6 2.06559E-6 2.11717E-6 1.22409E-6 6.25393E-7 2.1516E-6 2.1618E-6 1.89857E-6 1.95442E-6 1.89595E-6 1.99116E-6 2.23754E-6 2.08555E-6 2.16312E-6 2.49109E-6 2.51206E-6 2.59555E-6
4.41275E-7 3.18089E-7 2.81387E-7 2.77108E-7 2.37253E-7 2.83905E-7 2.68179E-7 4.57522E-7 5.17439E-7 1.30287E-7 1.25938E-7 1.64396E-7 4.60248E-7 2.99923E-7 3.11963E-7 5.94304E-7 4.59805E-7 3.17949E-7 4.49331E-7 8.21118E-7 3.30251E-7 1.85167E-7 1.88227E-7 5.6554E-7 6.4625E-7 6.17523E-7 5.31536E-7 4.99071E-7 5.09084E-7 5.38491E-7 5.93787E-7 6.05172E-7 6.55679E-7 7.06557E-7 9.72567E-7 1.54878E-6 1.77816E-6 1.15338E-6 4.54965E-7 2.30175E-7 1.26379E-7 1.41712E-7 2.20936E-7 2.7019E-7 5.56676E-7 1.70118E-6 5.0459E-7 4.3089E-7 4.21242E-7 1.75512E-6 1.74459E-6 1.79921E-6 6.66863E-7 2.14837E-6 2.21184E-6 1.87794E-6 1.94015E-6 1.75528E-6 1.87373E-6 2.07249E-6 2.34516E-6 2.29513E-6 2.18543E-6 2.52395E-6 2.8035E-6 2.8806E-6
4.66916E-7 3.69683E-7 3.02821E-7 2.58918E-7 3.12766E-7 4.19632E-7 4.11713E-7 7.21968E-7 3.47928E-7 9.46679E-8 7.42517E-8 5.32094E-8 7.08363E-8 9.17339E-8 1.30281E-7 3.76222E-7 6.49456E-7 5.08831E-7 5.77339E-7 6.30564E-7 4.02318E-7 1.85545E-7 3.60374E-7 5.33268E-7 4.50913E-7 4.99245E-7 5.06422E-7 5.56446E-7 5.75457E-7 5.62709E-7 8.28274E-7 8.81251E-7 7.51991E-7 7.73894E-7 1.18544E-6 1.62799E-6 2.24739E-6 5.19026E-7 2.54888E-7 1.60125E-7 1.12436E-7 1.71999E-7 2.72671E-7 2.64401E-7 5.58716E-7 4.18707E-7 5.10807E-7 1.29295E-6 4.88051E-7 2.41951E-6 1.90593E-6 1.94203E-6 1.95949E-6 1.96428E-6 1.74568E-6 1.52554E-6 5.69341E-7 6.02962E-7 1.18702E-6 2.22094E-6 2.58303E-6 2.29657E-6 2.37395E-6 2.30036E-6 2.60006E-6 3.83572E-6
4.95166E-7 3.12655E-7 3.2031E-7 2.58261E-7 3.34661E-7 5.7106E-7 2.0942E-7 2.01166E-7 1.63493E-7 6.21024E-8 3.79648E-8 3.18094E-8 2.83761E-8 3.30545E-8 4.94373E-8 1.0602E-7 2.79234E-7 7.01088E-7 5.94235E-7 4.86529E-7 5.89328E-7 6.20987E-7 6.06284E-7 5.32172E-7 5.16496E-7 6.51967E-7 5.94366E-7 6.54595E-7 6.89921E-7 9.53202E-7 1.06141E-6 8.12882E-7 9.58363E-7 1.21939E-6 2.33769E-6 2.01237E-6 1.02412E-6 3.09061E-7 1.52968E-7 1.21768E-7 1.36168E-7 2.1079E-7 2.89097E-7 1.6663E-7 5.33514E-7 1.71249E-6 5.34475E-7 4.90561E-7 1.61811E-6 1.85347E-6 1.93487E-6 1.96884E-6 1.84204E-6 1.71225E-6 1.47021E-6 1.65759E-6 1.42617E-6 1.71417E-6 2.03904E-6 2.099E-6 2.33348E-6 2.94946E-6 1.33386E-6 6.97095E-7 2.1474E-6 2.34802E-6
3.65284E-7 3.16776E-7 2.96461E-7 2.961E-7 2.89773E-7 4.28272E-7 6.49096E-8 5.10645E-8 6.44892E-8 3.26289E-8 1.99672E-8 1.98752E-8 1.84758E-8 2.39769E-8 3.56315E-8 3.95581E-8 7.28492E-8 2.15869E-7 7.23432E-7 5.33232E-7 5.30028E-7 5.93553E-7 6.57971E-7 6.78461E-7 6.00722E-7 7.18442E-7 8.1711E-7 9.05633E-7 9.96759E-7 9.96196E-7 8.82945E-7 7.63256E-7 1.26541E-6 2.56363E-6 2.18555E-6 2.80246E-6 2.23271E-7 2.60434E-7 1.63133E-7 2.10621E-7 1.55192E-7 2.50083E-7 6.11676E-7 4.41988E-7 1.27804E-6 5.76514E-7 5.12066E-7 4.89335E-7 1.74608E-6 1.97711E-6 1.86327E-6 1.82963E-6 1.65387E-6 1.68589E-6 1.6941E-6 1.82921E-6 1.83625E-6 1.9863E-6 1.34936E-6 2.516E-6 2.27379E-6 1.34717E-6 3.89457E-7 3.77131E-7 3.17561E-7 3.82963E-7
3.35905E-7 2.69254E-7 3.11371E-7 2.98589E-7 2.85094E-7 2.31137E-7 1.29041E-7 3.47275E-8 4.00476E-8 2.08198E-8 1.30042E-8 1.29237E-8 1.21362E-8 1.45064E-8 1.53521E-8 1.96275E-8 3.48737E-8 6.23927E-8 2.26945E-7 3.13357E-7 4.48623E-7 5.0591E-7 4.29979E-7 7.00759E-7 5.10245E-7 3.50134E-7 5.06758E-7 7.32723E-7 7.77739E-7 5.43721E-7 4.43445E-7 1.69015E-6 2.56099E-6 2.76435E-6 2.42996E-6 1.71375E-6 1.50732E-7 2.28489E-7 2.27414E-7 3.42073E-7 3.08787E-7 3.43145E-7 7.03455E-7 1.07802E-6 1.96686E-6 5.33058E-7 9.31479E-7 1.66996E-6 2.39239E-6 1.90222E-6 1.90637E-6 1.92647E-6 1.74999E-6 1.8948E-6 1.88058E-6 1.87324E-6 1.93929E-6 2.12209E-6 2.11366E-6 2.06023E-6 1.81693E-6 2.79644E-7 2.56403E-7 2.34078E-7 2.12852E-7 2.13944E-7
2.73916E-7 3.04893E-7 2.44037E-7 2.24904E-7 2.79311E-7 3.25942E-7 3.85843E-7 7.51681E-8 5.1E-8 1.68998E-8 1.20243E-8 1.17837E-8 1.00573E-8 1.09047E-8 1.12526E-8 1.14538E-8 2.82122E-8 1.26455E-7 1.82584E-7 3.49346E-7 6.62638E-7 6.23746E-7 3.66208E-7 3.19512E-7 2.22934E-7 1.8654E-7 2.53439E-7 3.83803E-7 5.8085E-7 4.09976E-7 2.5054E-7 7.70601E-7 1.15286E-6 1.24136E-6 2.64283E-6 4.22884E-7 1.20141E-7 3.27792E-7 3.88899E-7 2.96469E-7 5.09957E-7 6.35016E-7 6.10181E-7 2.45107E-6 1.06077E-6 1.46312E-6 1.59801E-6 2.28383E-6 1.79037E-6 1.8254E-6 1.91108E-6 1.9403E-6 1.69102E-6 1.54622E-6 1.73503E-6 1.76262E-6 1.59245E-6 1.80591E-6 2.41044E-6 1.62413E-6 2.69227E-7 1.90917E-7 1.59609E-7 1.64767E-7 1.90635E-7 2.14859E-7
3.18632E-7 2.92655E-7 2.35453E-7 2.20788E-7 2.63259E-7 2.78761E-7 4.60893E-7 6.75171E-8 2.69157E-8 1.36324E-8 1.21213E-8 1.07272E-8 9.45003E-9 9.51258E-9 1.01129E-8 9.86573E-9 1.88008E-8 5.41791E-8 3.15908E-8 5.72532E-8 3.9837E-7 6.26821E-7 3.53057E-7 2.92207E-7 1.76687E-7 1.08316E-7 1.4445E-7 3.20511E-7 4.87898E-7 2.56202E-7 2.16276E-7 5.14898E-7 4.4445E-7 1.48608E-6 2.74834E-6 2.01151E-7 1.01153E-7 2.74188E-7 3.67611E-7 3.75114E-7 6.30849E-7 6.79926E-7 6.90125E-7 2.78083E-6 1.80191E-6 1.61762E-6 1.5355E-6 1.76297E-6 1.74446E-6 1.88842E-6 1.83287E-6 1.8032E-6 1.66765E-6 1.6948E-6 1.78624E-6 1.4008E-6 6.65437E-7 6.29985E-7 1.86623E-7 1.94847E-7 1.42587E-7 1.39865E-7 1.40283E-7 1.4806E-7 1.71933E-7 1.93061E-7
2.617E-7 3.09857E-7 3.77174E-7 3.12118E-7 3.25765E-7 2.90746E-7 4.75112E-7 3.96366E-8 1.57652E-8 1.12814E-8 1.14261E-8 1.16338E-8 9.25642E-9 9.89398E-9 9.98595E-9 1.15201E-8 1.35576E-8 1.82905E-8 1.99295E-8 3.40276E-8 2.05723E-7 3.98208E-7 2.73126E-7 2.92088E-7 2.70294E-7 2.36335E-7 3.21169E-7 3.7617E-7 2.72576E-7 2.7362E-7 4.49171E-7 3.0977E-7 5.59106E-7 8.17096E-7 5.31616E-7 1.97165E-7 1.05222E-7 2.09724E-7 2.17154E-7 5.761E-7 6.2818E-7 6.55096E-7 4.3799E-7 2.2407E-6 1.81966E-6 1.60205E-6 1.45561E-6 2.42987E-6 1.67857E-6 3.34728E-7 1.40988E-6 1.72036E-6 2.01069E-6 4.88786E-7 4.6289E-7 2.71627E-7 2.502E-7 1.06778E-7 1.94299E-7 1.37434E-7 1.32414E-7 1.41704E-7 1.43427E-7 1.4979E-7 1.52887E-7 1.55824E-7
