catData/rasterBestHybridModels/Pviverrinus/RD_RM1_H/Pviverrinus_median.asc
ncols         409
nrows         350
xllcorner     60.897278365
yllcorner     5.843756025
cellsize      0.0892857
NODATA_value  -9999
[rows 87 to 115 of 350, columns 132 to 197 of 409]
3.51778E-7 1.0771E-6 1.25607E-6 1.22948E-6 1.15569E-6 2.22942E-7 2.24432E-7 2.34334E-7 2.79615E-7 1.12581E-6 1.14121E-6 2.62925E-7 2.49864E-7 2.60627E-7 2.89518E-7 3.82091E-7 3.33365E-7 4.53158E-7 2.00599E-6 5.33654E-7 6.27348E-7 7.23095E-7 1.20905E-6 8.53112E-7 9.60358E-7 2.24669E-6 5.2801E-6 5.58738E-6 6.31863E-6 6.30543E-6 5.69512E-6 5.79637E-6 8.14961E-6 9.84006E-6 9.92106E-6 1.05936E-5 1.00098E-5 3.79303E-6 4.01501E-6 4.78191E-6 1.48425E-5 1.34821E-5 1.43101E-5 9.62854E-6 6.10365E-6 6.40546E-6 6.705E-6 8.0481E-6 8.08304E-6 2.75359E-5 4.35071E-5 5.70752E-5 5.93432E-5 6.86542E-5 6.48224E-5 7.58896E-5 9.04767E-5 1.05245E-4 1.1127E-4 9.28643E-5 8.70041E-5 7.76119E-5 9.52536E-5 1.3329E-4 1.49352E-4 1.4652E-4
1.15701E-6 1.09335E-6 1.1957E-6 1.2841E-6 2.67591E-7 2.19694E-7 2.17686E-7 2.25129E-7 3.26344E-7 1.00187E-6 2.5275E-7 2.16019E-7 2.33761E-7 2.49711E-7 2.56297E-7 2.72962E-7 2.06173E-7 2.18108E-7 2.72777E-7 3.73115E-7 3.64335E-7 3.24081E-7 3.72932E-7 8.27057E-7 9.76139E-7 1.0496E-6 1.47675E-6 2.63474E-6 2.41252E-6 2.58995E-6 5.53485E-6 7.34475E-6 7.76579E-6 9.11275E-6 1.19844E-5 9.8759E-6 8.86531E-6 3.99573E-6 4.38497E-6 4.54047E-6 1.05756E-5 1.08413E-5 4.92795E-6 9.36938E-6 1.42703E-5 1.62155E-5 1.68876E-5 6.95245E-6 6.78956E-6 2.79247E-5 4.70773E-5 5.16031E-5 5.70035E-5 6.17729E-5 6.2393E-5 9.32312E-5 9.96312E-5 9.62648E-5 1.02403E-4 8.74249E-5 1.4429E-4 7.74089E-5 1.02342E-4 1.18042E-4 1.19434E-4 1.35372E-4
1.00214E-6 1.02696E-6 6.76471E-7 3.98368E-7 2.04636E-7 2.14003E-7 2.18122E-7 2.17693E-7 4.22679E-7 9.51017E-7 3.41362E-7 2.08213E-7 2.284E-7 2.39468E-7 2.41237E-7 2.51934E-7 1.68445E-7 1.97735E-7 2.33432E-7 2.69627E-7 2.73767E-7 2.82693E-7 6.20447E-7 7.81259E-7 8.89464E-7 9.69725E-7 1.3561E-6 2.08651E-6 2.33398E-6 2.41853E-6 7.25283E-6 8.04254E-6 7.48571E-6 9.15739E-6 9.42441E-6 9.98269E-6 1.02664E-5 9.44097E-6 1.01069E-5 1.04697E-5 4.38694E-6 4.43724E-6 1.15767E-5 1.4056E-5 1.43219E-5 1.49052E-5 6.65774E-6 1.77878E-5 1.06522E-5 2.47996E-5 3.85323E-5 4.54581E-5 4.97732E-5 5.88484E-5 9.01579E-5 7.9869E-5 7.95177E-5 8.50187E-5 8.87941E-5 8.08153E-5 7.05499E-5 6.89749E-5 7.57442E-5 1.02485E-4 1.11384E-4 1.22529E-4
1.00326E-6 9.94439E-7 6.45231E-7 2.15386E-7 2.25123E-7 1.96547E-7 1.72062E-7 1.56686E-7 3.39224E-7 5.41275E-7 1.61064E-7 1.33374E-7 2.02626E-7 2.37772E-7 2.01351E-7 1.79007E-7 1.69496E-7 1.83455E-7 2.02741E-7 2.23155E-7 2.70319E-7 4.06435E-7 6.71924E-7 7.54126E-7 8.50729E-7 1.33315E-6 1.77856E-6 2.00492E-6 2.12606E-6 2.29655E-6 2.96173E-6 6.67891E-6 7.48758E-6 9.42971E-6 1.06235E-5 1.06159E-5 9.80213E-6 8.7413E-6 3.90337E-6 1.0891E-5 4.20606E-6 1.12678E-5 1.15081E-5 1.38763E-5 1.45369E-5 1.50594E-5 1.73241E-5 1.70702E-5 2.02963E-5 2.47457E-5 2.94656E-5 3.62886E-5 3.87387E-5 6.09523E-5 1.10504E-4 7.76266E-5 6.35012E-5 5.46321E-5 7.30938E-5 7.34943E-5 6.92613E-5 6.4736E-5 7.3225E-5 8.3165E-5 1.17093E-4 1.4226E-4
3.39963E-7 2.43565E-7 2.52222E-7 2.46311E-7 2.37461E-7 2.06676E-7 7.34062E-8 6.15858E-8 6.90622E-8 5.86368E-8 7.32101E-8 7.97177E-8 1.10614E-7 1.03122E-7 9.81895E-8 9.86204E-8 1.49151E-7 1.93789E-7 2.41078E-7 3.03129E-7 5.53655E-7 6.18016E-7 6.84903E-7 7.46675E-7 6.42974E-7 1.27113E-6 1.22535E-6 1.87379E-6 2.02508E-6 1.97212E-6 2.28662E-6 2.23363E-6 2.78486E-6 7.90327E-6 8.43819E-6 9.20202E-6 1.0679E-5 9.87795E-6 1.02833E-5 1.07169E-5 7.07321E-6 1.22339E-5 1.32805E-5 1.41324E-5 1.66649E-5 1.63733E-5 1.53581E-5 1.702E-5 1.93558E-5 2.16823E-5 2.64425E-5 2.9475E-5 3.4864E-5 5.3252E-5 9.78811E-5 7.25836E-5 1.13734E-4 8.17547E-5 6.47455E-5 6.84781E-5 1.16086E-4 5.99803E-5 5.94912E-5 7.61901E-5 9.63635E-5 9.30147E-5
2.36251E-7 2.40622E-7 2.381E-7 2.25677E-7 2.23247E-7 1.07263E-7 3.77658E-8 6.81867E-8 5.8179E-8 6.53086E-8 7.9679E-8 8.07071E-8 8.20345E-8 8.7516E-8 9.27337E-8 1.01398E-7 1.58291E-7 2.04383E-7 2.28882E-7 2.54248E-7 4.91237E-7 5.19282E-7 4.65995E-7 5.7684E-7 5.16872E-7 5.66658E-7 6.90033E-7 8.53269E-7 1.76633E-6 1.88409E-6 2.01112E-6 2.1742E-6 2.40323E-6 3.20392E-6 6.98398E-6 7.41661E-6 9.18176E-6 9.79181E-6 1.03096E-5 1.01831E-5 9.63898E-6 1.21061E-5 1.35593E-5 1.4402E-5 1.56242E-5 1.57476E-5 1.53691E-5 1.87194E-5 2.45476E-5 2.81001E-5 2.88274E-5 3.7999E-5 3.18575E-5 4.59467E-5 5.04693E-5 6.17174E-5 7.255E-5 8.8485E-5 5.38266E-5 6.99421E-5 6.88192E-5 5.56006E-5 4.94781E-5 5.96039E-5 8.94971E-5 7.80589E-5
6.10767E-8 7.65516E-8 1.20031E-7 1.45537E-7 8.68995E-8 6.55878E-8 6.5413E-8 5.61053E-8 6.50025E-8 7.76629E-8 8.16119E-8 8.1336E-8 8.31954E-8 8.92797E-8 9.59727E-8 1.03948E-7 1.28229E-7 2.20826E-7 2.45339E-7 2.63161E-7 2.87621E-7 3.16332E-7 3.36813E-7 4.22651E-7 5.05378E-7 5.24118E-7 5.61701E-7 6.88838E-7 1.31125E-6 1.90493E-6 2.0352E-6 2.1673E-6 2.40605E-6 3.51859E-6 7.0853E-6 7.20629E-6 8.30936E-6 9.957E-6 9.61676E-6 9.7344E-6 1.03008E-5 1.13032E-5 1.31726E-5 1.33842E-5 1.50432E-5 1.49119E-5 1.4983E-5 1.91059E-5 3.58982E-5 6.76351E-5 7.8962E-5 9.36451E-5 7.02074E-5 7.35847E-5 7.21975E-5 5.14711E-5 5.69484E-5 6.15743E-5 6.20471E-5 6.41315E-5 6.33479E-5 9.02479E-5 4.79866E-5 4.69176E-5 6.40538E-5 8.37393E-5
4.88757E-8 5.32505E-8 5.23392E-8 5.73458E-8 6.13875E-8 6.13194E-8 5.28368E-8 5.86044E-8 7.68958E-8 8.16092E-8 8.13109E-8 8.94298E-8 1.00643E-7 1.08153E-7 1.17188E-7 1.25631E-7 1.97242E-7 2.37863E-7 2.6229E-7 2.80226E-7 3.00533E-7 3.23009E-7 3.43213E-7 4.33571E-7 4.73136E-7 4.97143E-7 5.83973E-7 6.63812E-7 1.31955E-6 1.84151E-6 2.02248E-6 2.32099E-6 2.82374E-6 4.00092E-6 4.7005E-6 7.3375E-6 8.73592E-6 9.15259E-6 9.73783E-6 9.81856E-6 1.0272E-5 1.11856E-5 1.23433E-5 1.32992E-5 1.41184E-5 1.48797E-5 1.46671E-5 2.29057E-5 6.21883E-5 8.01649E-5 1.01408E-4 9.25618E-5 7.47446E-5 5.62786E-5 5.73321E-5 6.28443E-5 4.78435E-5 4.63713E-5 5.59465E-5 5.49295E-5 3.01908E-5 8.3321E-5 4.31885E-5 3.87253E-5 5.35461E-5 6.76092E-5
5.25755E-8 5.1475E-8 4.85258E-8 5.61072E-8 6.15829E-8 5.34457E-8 5.47883E-8 6.04496E-8 7.92779E-8 8.14878E-8 9.18385E-8 1.0014E-7 1.02854E-7 9.98459E-8 1.16685E-7 1.30987E-7 2.25488E-7 2.55214E-7 2.82437E-7 3.02746E-7 3.25902E-7 3.48915E-7 3.71225E-7 4.27894E-7 7.31329E-7 7.96421E-7 8.36307E-7 6.61626E-7 9.8754E-7 1.82279E-6 1.99633E-6 2.07383E-6 2.46879E-6 4.28542E-6 4.80756E-6 9.55299E-6 9.90118E-6 1.00248E-5 1.01534E-5 9.49932E-6 1.01846E-5 1.08697E-5 1.20937E-5 1.26758E-5 1.30776E-5 1.31548E-5 1.94549E-5 3.52316E-5 3.29465E-5 6.26139E-5 9.52842E-5 8.00701E-5 2.74628E-5 2.91019E-5 3.50283E-5 4.09867E-5 4.35711E-5 4.8416E-5 4.88057E-5 4.7499E-5 5.44489E-5 7.6639E-5 4.14731E-5 3.92621E-5 4.354E-5 5.24692E-5
4.62403E-8 4.92274E-8 5.13181E-8 5.63547E-8 5.58614E-8 5.82222E-8 5.86931E-8 6.16565E-8 7.09019E-8 9.14062E-8 9.03575E-8 1.05621E-7 9.29104E-8 9.91567E-8 1.06729E-7 1.28954E-7 2.46597E-7 2.75449E-7 3.12296E-7 3.49019E-7 3.71171E-7 3.87051E-7 4.06741E-7 8.71688E-7 2.06844E-6 2.16373E-6 1.29602E-6 1.64036E-6 7.73642E-7 1.8914E-6 1.81287E-6 1.85402E-6 3.75025E-6 8.22199E-6 5.59905E-6 7.2027E-6 1.07165E-5 1.04627E-5 9.71826E-6 1.00272E-5 1.06411E-5 1.07524E-5 1.15649E-5 1.15256E-5 1.18982E-5 1.2836E-5 1.39773E-5 1.53355E-5 2.58554E-5 2.34228E-5 4.66688E-5 4.74598E-5 4.92822E-5 2.00008E-5 2.24173E-5 2.9298E-5 3.32357E-5 3.79642E-5 3.67444E-5 3.60145E-5 4.0955E-5 4.87657E-5 6.73596E-5 3.73466E-5 3.7627E-5 3.80093E-5
5.16681E-8 5.7692E-8 4.56633E-8 4.93957E-8 5.45166E-8 5.7458E-8 5.8638E-8 5.61854E-8 6.73303E-8 1.00997E-7 1.48809E-7 1.54745E-7 1.05572E-7 1.00466E-7 1.10188E-7 1.74333E-7 2.6718E-7 2.99333E-7 3.44388E-7 3.66272E-7 3.78562E-7 4.02642E-7 4.34129E-7 1.10175E-6 2.21278E-6 2.29903E-6 2.39548E-6 3.33633E-6 4.82313E-6 6.27252E-6 2.06457E-6 2.34154E-6 8.12998E-6 8.40201E-6 8.64511E-6 7.94873E-6 1.03685E-5 1.11046E-5 9.89429E-6 1.04705E-5 1.02089E-5 7.3152E-6 1.05994E-5 1.02702E-5 1.18201E-5 1.2182E-5 1.38365E-5 1.4512E-5 1.53591E-5 1.66916E-5 3.04223E-5 5.05997E-5 2.88773E-5 3.03432E-5 1.97032E-5 2.09236E-5 2.76753E-5 3.54589E-5 3.645E-5 3.71377E-5 3.81455E-5 4.36526E-5 7.02806E-5 3.71051E-5 3.01672E-5 3.51589E-5
5.22996E-8 4.97046E-8 4.96065E-8 5.12705E-8 5.32184E-8 5.49403E-8 5.51261E-8 5.66166E-8 1.25094E-7 1.57165E-6 1.67688E-6 1.6755E-6 1.94767E-7 1.20491E-7 1.48775E-7 1.83718E-7 2.16075E-7 2.5547E-7 3.1096E-7 3.546E-7 3.63503E-7 4.03688E-7 5.36433E-7 2.13105E-6 2.2134E-6 2.13491E-6 2.50336E-6 4.5995E-6 6.72103E-6 6.50199E-6 7.04224E-6 7.96078E-6 8.70046E-6 8.67967E-6 8.63024E-6 9.27681E-6 1.03012E-5 1.09094E-5 1.01236E-5 1.00716E-5 6.50874E-6 1.11638E-5 7.93005E-6 1.14323E-5 1.12213E-5 1.24459E-5 1.38045E-5 1.60218E-5 1.55071E-5 1.43973E-5 1.67395E-5 1.87131E-5 2.22758E-5 2.33801E-5 1.85248E-5 2.15618E-5 2.18504E-5 2.69102E-5 3.28075E-5 3.20244E-5 3.19581E-5 3.65516E-5 6.0406E-5 3.92681E-5 3.03127E-5 3.25102E-5
5.4441E-8 5.02523E-8 5.08459E-8 5.20345E-8 5.42387E-8 6.40227E-8 6.60122E-8 6.14943E-8 1.52345E-6 1.5973E-6 1.76919E-6 1.56419E-6 1.52436E-7 1.58094E-7 1.69995E-7 1.95135E-7 2.28208E-7 2.41248E-7 2.56032E-7 5.48955E-7 6.08517E-7 9.49062E-7 1.71724E-6 1.99423E-6 2.19038E-6 3.344E-6 5.29436E-6 6.15956E-6 6.82463E-6 7.42576E-6 7.33786E-6 8.0931E-6 9.0719E-6 8.92094E-6 8.67691E-6 8.75299E-6 9.44724E-6 9.8089E-6 1.0008E-5 1.05362E-5 5.18957E-6 1.14179E-5 1.06471E-5 1.52746E-5 1.14804E-5 1.18678E-5 1.82135E-5 1.37393E-5 1.42429E-5 1.24634E-5 1.26634E-5 1.43708E-5 1.73264E-5 2.24359E-5 1.81002E-5 1.97273E-5 2.06797E-5 2.23431E-5 2.44299E-5 2.76714E-5 2.67605E-5 2.91548E-5 3.91341E-5 4.34009E-5 3.33353E-5 2.73797E-5
5.45766E-8 5.30662E-8 5.56503E-8 5.55026E-8 6.45513E-8 5.76547E-8 5.98116E-8 1.05768E-6 1.5626E-6 1.66177E-6 1.81528E-6 1.82203E-7 1.58765E-7 1.68017E-7 1.82142E-7 2.00726E-7 2.26081E-7 2.50482E-7 2.74755E-7 8.22088E-7 1.58352E-6 1.65981E-6 1.75138E-6 2.14381E-6 5.28682E-6 5.77087E-6 6.27092E-6 6.60411E-6 6.99077E-6 7.47638E-6 8.26525E-6 9.14442E-6 9.83857E-6 9.13598E-6 8.17746E-6 8.38777E-6 9.1081E-6 1.00937E-5 1.12508E-5 1.14536E-5 1.1857E-5 1.17556E-5 1.13491E-5 1.14009E-5 1.16899E-5 1.11842E-5 1.30813E-5 9.16392E-6 1.17109E-5 1.10338E-5 1.29902E-5 1.39755E-5 1.6517E-5 1.7226E-5 1.61911E-5 1.75235E-5 1.85516E-5 1.90632E-5 1.87694E-5 2.28652E-5 2.40393E-5 2.61459E-5 2.82076E-5 3.12675E-5 4.48979E-5 2.97086E-5
5.73921E-8 5.93064E-8 6.77914E-8 7.23691E-8 6.87329E-8 3.35647E-7 2.21893E-6 2.37955E-6 1.74231E-6 1.81288E-6 2.00235E-6 2.80156E-7 2.22006E-7 2.0714E-7 1.9714E-7 2.14221E-7 2.28888E-7 2.50568E-7 4.9413E-7 1.51864E-6 1.59963E-6 1.67896E-6 1.7721E-6 2.48007E-6 5.87538E-6 6.23095E-6 7.03168E-6 7.32557E-6 6.81292E-6 7.66876E-6 9.79466E-6 9.77619E-6 1.08045E-5 1.14956E-5 5.12996E-6 1.11857E-5 9.6297E-6 1.01936E-5 1.12722E-5 1.26629E-5 1.20452E-5 1.22963E-5 1.22356E-5 1.28784E-5 1.15205E-5 1.10485E-5 1.31551E-5 2.93647E-6 1.14019E-5 1.10629E-5 1.17495E-5 1.33752E-5 1.45798E-5 1.4822E-5 1.40022E-5 1.55035E-5 1.58612E-5 1.60588E-5 1.5539E-5 1.67657E-5 2.11511E-5 2.61486E-5 2.47764E-5 2.20993E-5 2.36129E-5 3.99602E-5
6.41791E-8 7.19576E-8 8.73683E-8 9.63827E-8 9.48221E-8 1.77693E-6 1.74997E-6 1.79688E-6 1.9662E-6 2.10916E-6 2.25133E-6 3.80789E-7 2.90836E-7 2.34758E-7 2.3078E-7 2.44087E-7 2.4609E-7 2.57418E-7 6.31496E-7 1.0446E-6 1.25548E-6 1.57963E-6 1.9149E-6 2.40186E-6 5.4797E-6 5.59127E-6 6.55382E-6 7.34168E-6 8.20861E-6 1.04121E-5 1.09781E-5 1.11436E-5 1.14227E-5 1.2837E-5 3.42487E-6 4.92859E-6 1.10103E-5 1.06063E-5 1.13886E-5 1.31777E-5 1.32155E-5 1.35029E-5 1.33341E-5 1.32092E-5 1.20342E-5 9.61078E-6 1.38008E-5 1.32564E-5 1.0491E-5 1.05918E-5 1.19925E-5 1.20832E-5 1.35534E-5 1.44482E-5 1.30138E-5 1.35875E-5 1.49506E-5 1.58255E-5 1.58422E-5 1.7377E-5 2.00867E-5 2.53228E-5 2.17656E-5 1.82203E-5 1.71952E-5 1.83295E-5
8.04056E-8 8.99037E-8 1.05402E-7 1.25658E-7 1.41439E-7 2.24165E-6 2.22663E-6 2.01161E-6 1.04741E-6 1.17595E-6 3.04598E-7 3.01935E-7 3.35188E-7 2.38365E-7 2.3943E-7 2.5851E-7 2.69011E-7 3.21559E-7 9.38901E-7 1.01474E-6 1.07625E-6 1.1913E-6 1.38669E-6 3.97787E-6 4.50716E-6 4.83877E-6 5.9207E-6 7.714E-6 1.11796E-5 1.18723E-5 1.26825E-5 1.33337E-5 8.86031E-6 1.3447E-5 8.04375E-6 1.2687E-5 8.77406E-6 1.16875E-5 1.25183E-5 1.36829E-5 1.40591E-5 1.37493E-5 1.43412E-5 1.44891E-5 1.40557E-5 1.46237E-5 1.49843E-5 9.13757E-6 1.05799E-5 1.0235E-5 1.17872E-5 1.18637E-5 1.19486E-5 1.32481E-5 1.19096E-5 1.17919E-5 1.38024E-5 1.53403E-5 1.58972E-5 1.85743E-5 1.92526E-5 2.26516E-5 2.47365E-5 2.03331E-5 1.67407E-5 1.69944E-5
9.79865E-8 1.10545E-7 1.21705E-7 1.34053E-7 2.06229E-7 2.77938E-7 2.64569E-7 2.609E-7 2.74769E-7 2.88001E-7 2.72936E-7 2.73357E-7 2.95665E-7 3.15128E-7 2.93816E-7 5.33446E-7 2.96926E-7 3.94882E-7 9.53295E-7 1.02688E-6 1.09914E-6 1.22254E-6 1.3756E-6 2.53738E-6 5.83809E-6 6.52274E-6 8.7316E-6 1.08748E-5 1.24965E-5 1.3057E-5 1.42644E-5 5.21009E-6 6.0181E-6 1.26788E-5 1.27354E-5 7.23402E-6 1.03727E-5 1.40306E-5 1.39284E-5 1.42948E-5 1.40313E-5 1.5044E-5 1.62705E-5 1.64545E-5 6.95343E-6 6.47909E-6 1.4427E-5 1.245E-5 1.07505E-5 1.05093E-5 1.05013E-5 1.08724E-5 1.18504E-5 1.21189E-5 1.26232E-5 1.33839E-5 1.43622E-5 1.35408E-5 1.40449E-5 1.50234E-5 1.722E-5 1.9799E-5 2.05358E-5 1.90816E-5 1.51904E-5 1.66077E-5
1.06999E-7 1.15964E-7 1.26525E-7 1.33587E-7 2.44246E-7 3.04729E-7 3.03982E-7 3.04124E-7 2.92535E-7 2.72367E-7 2.63123E-7 2.63958E-7 2.77421E-7 7.18844E-7 8.58209E-7 9.86732E-7 8.40997E-7 1.05614E-6 1.11661E-6 1.33562E-6 1.2795E-6 1.61552E-6 1.7451E-6 5.81938E-6 7.21746E-6 8.91385E-6 9.8102E-6 1.11313E-5 1.34217E-5 9.91342E-6 1.18038E-5 3.71556E-6 1.34191E-5 1.41567E-5 1.01357E-5 1.24506E-5 3.99194E-6 1.55555E-5 1.40897E-5 1.4802E-5 1.59626E-5 1.95532E-5 8.56066E-6 1.2592E-5 3.71926E-6 1.51808E-5 1.28441E-5 1.13635E-5 1.04979E-5 1.01686E-5 1.00883E-5 1.03695E-5 1.12432E-5 1.13743E-5 1.15232E-5 1.15764E-5 1.07086E-5 1.21225E-5 1.24725E-5 1.32967E-5 1.41781E-5 1.52468E-5 1.54461E-5 1.37214E-5 1.2432E-5 1.35016E-5
9.92041E-8 1.2463E-7 1.19708E-7 1.24652E-7 2.3083E-7 3.19514E-7 3.32971E-7 3.18725E-7 2.93788E-7 2.66294E-7 2.60926E-7 2.56697E-7 2.73086E-7 6.12992E-7 8.01041E-7 9.29024E-7 1.03567E-6 1.12013E-6 1.67554E-6 1.43844E-6 1.58482E-6 1.88152E-6 2.25234E-6 5.54879E-6 8.65021E-6 1.01777E-5 1.03747E-5 7.81611E-6 1.35721E-5 9.71477E-6 4.8004E-6 5.87034E-6 1.43919E-5 1.69713E-5 1.96954E-5 1.11797E-5 1.70872E-5 1.66126E-5 1.58306E-5 1.82416E-5 1.85246E-5 4.85391E-6 1.18523E-5 9.98116E-6 1.51181E-5 1.25798E-5 1.13808E-5 1.32235E-5 1.15954E-5 1.02441E-5 1.00192E-5 9.51086E-6 1.09697E-5 1.13321E-5 1.15801E-5 1.16828E-5 1.0039E-5 1.13949E-5 1.20268E-5 1.36739E-5 1.46719E-5 1.45231E-5 1.30685E-5 1.19645E-5 1.1697E-5 1.14615E-5
1.5149E-7 1.36142E-7 1.17814E-7 1.27082E-7 2.71435E-7 3.13076E-7 3.06439E-7 2.89813E-7 2.71799E-7 3.57665E-7 3.83737E-7 3.48588E-7 3.40991E-7 4.58639E-7 5.30245E-7 5.34373E-7 9.5563E-7 1.25462E-6 1.37345E-6 1.46847E-6 2.01409E-6 1.99476E-6 3.11022E-6 7.3145E-6 9.98681E-6 1.09091E-5 1.14508E-5 1.32649E-5 8.02179E-6 1.27529E-5 1.40464E-5 1.61876E-5 1.60901E-5 1.78715E-5 1.9973E-5 1.88537E-5 3.93262E-6 3.35332E-6 1.23033E-5 4.78006E-6 1.36759E-5 5.37532E-6 6.09037E-6 1.21108E-5 1.33663E-5 1.19092E-5 1.13061E-5 1.27093E-5 1.48279E-5 1.02232E-5 9.63968E-6 8.99315E-6 1.02567E-5 1.17745E-5 1.19764E-5 1.09091E-5 1.86217E-5 1.12614E-5 1.12362E-5 1.18816E-5 1.2716E-5 1.27193E-5 1.17535E-5 1.13727E-5 1.14347E-5 1.11118E-5
1.7638E-7 1.95252E-7 1.91829E-7 1.66917E-7 2.52334E-7 3.06308E-7 2.90416E-7 2.97721E-7 2.60085E-7 6.12019E-7 6.46391E-7 4.77792E-7 3.75555E-7 3.99839E-7 4.39969E-7 4.65212E-7 5.16543E-7 1.2994E-6 1.27231E-6 2.07739E-6 2.54972E-6 2.99754E-6 3.71128E-6 4.84672E-6 7.87367E-6 1.04069E-5 1.24587E-5 8.81658E-6 7.92407E-6 1.149E-5 1.3924E-5 1.67407E-5 1.65806E-5 1.83342E-5 1.91589E-5 2.10156E-5 1.88939E-5 1.28178E-5 4.64905E-6 1.01002E-5 1.24345E-5 6.452E-6 7.1314E-6 1.66764E-5 1.3317E-5 1.21968E-5 1.11421E-5 1.07877E-5 1.10073E-5 1.0088E-5 9.74825E-6 8.8814E-6 9.61347E-6 1.07176E-5 1.11909E-5 1.12939E-5 1.06797E-5 1.11737E-5 1.11317E-5 1.11014E-5 1.12225E-5 1.18789E-5 1.16625E-5 1.11283E-5 1.09872E-5 1.09328E-5
2.05333E-7 2.14731E-7 2.21935E-7 2.25552E-7 2.30522E-7 2.99435E-7 2.85212E-7 2.69791E-7 3.60024E-7 6.85812E-7 7.04859E-7 7.12937E-7 6.20943E-7 4.14716E-7 4.47074E-7 4.68718E-7 4.52656E-7 5.45163E-7 1.58614E-6 2.20922E-6 2.77066E-6 3.44577E-6 2.75306E-6 4.90035E-6 7.5894E-6 8.33674E-6 1.0555E-5 7.45357E-6 1.06885E-5 1.04792E-5 1.34516E-5 1.53983E-5 1.63121E-5 1.87292E-5 2.03599E-5 2.24838E-5 2.07445E-5 2.28391E-5 1.65811E-5 4.94991E-6 8.36352E-6 6.68162E-6 7.11483E-6 1.99043E-5 1.33037E-5 1.22579E-5 1.13312E-5 1.04394E-5 1.03615E-5 1.065E-5 1.00678E-5 8.86684E-6 9.19624E-6 9.36209E-6 1.01275E-5 1.09118E-5 1.13105E-5 1.16581E-5 1.13137E-5 1.17172E-5 1.19593E-5 1.20421E-5 1.19575E-5 1.56667E-5 1.57969E-5 1.11934E-5
2.26737E-7 2.2438E-7 2.23482E-7 2.23728E-7 2.86642E-7 3.52631E-7 3.23829E-7 3.39343E-7 3.72223E-7 7.32809E-7 7.54587E-7 7.33415E-7 6.63025E-7 5.29449E-7 5.19736E-7 4.23675E-7 4.20763E-7 4.61455E-7 9.82286E-7 2.35191E-6 2.80195E-6 3.42186E-6 4.2627E-6 5.31409E-6 7.0013E-6 8.48957E-6 9.97523E-6 1.01487E-5 9.55097E-6 1.01689E-5 1.28317E-5 1.35657E-5 1.58306E-5 2.073E-5 2.43973E-5 2.38233E-5 2.06037E-5 1.51409E-5 5.25009E-6 4.0269E-6 4.60686E-6 7.89954E-6 2.18555E-5 3.84955E-6 9.97724E-6 1.19041E-5 1.14571E-5 1.01956E-5 1.02678E-5 1.02197E-5 9.9688E-6 9.77041E-6 9.23111E-6 9.66957E-6 1.0417E-5 1.06045E-5 1.0897E-5 1.12726E-5 3.0761E-5 4.28011E-5 1.34696E-5 1.28398E-5 1.2874E-5 1.57044E-5 1.49399E-5 1.15828E-5
2.42499E-7 2.56164E-7 2.46228E-7 2.34626E-7 2.68085E-7 3.55458E-7 3.56977E-7 3.72381E-7 4.90905E-7 8.26424E-7 8.67197E-7 8.0268E-7 9.43088E-7 9.43637E-7 6.04783E-7 4.58556E-7 5.09704E-7 5.51741E-7 1.12203E-6 2.88068E-6 3.14923E-6 3.54998E-6 4.45634E-6 6.1261E-6 6.48604E-6 7.46438E-6 7.87495E-6 7.19058E-6 7.94283E-6 8.94163E-6 1.18252E-5 1.35982E-5 1.60215E-5 2.03477E-5 2.33976E-5 2.32813E-5 8.49837E-6 3.94475E-6 3.93488E-6 2.90337E-6 4.32543E-6 3.70389E-6 4.40939E-6 1.30229E-5 1.2187E-5 1.08232E-5 1.04547E-5 1.0399E-5 1.03316E-5 9.83232E-6 1.02668E-5 9.17602E-6 9.36164E-6 9.68214E-6 1.08506E-5 1.03899E-5 1.11924E-5 1.20426E-5 2.81361E-5 3.14394E-5 3.31972E-5 2.38994E-5 1.26787E-5 1.5648E-5 1.51208E-5 1.19509E-5
2.8974E-7 3.17467E-7 3.32028E-7 3.49415E-7 3.51393E-7 3.89058E-7 4.04964E-7 4.13895E-7 5.11635E-7 1.0029E-6 9.97732E-7 9.75904E-7 1.06414E-6 9.34825E-7 9.75127E-7 9.47142E-7 6.85398E-7 8.57585E-7 1.60896E-6 3.23676E-6 3.36446E-6 3.44025E-6 4.14337E-6 5.73579E-6 6.01811E-6 6.35542E-6 6.35881E-6 6.21389E-6 8.37843E-6 1.00529E-5 1.16661E-5 1.45806E-5 2.91064E-5 1.91904E-5 1.98151E-5 1.29548E-5 1.2952E-5 6.5371E-6 1.1535E-5 2.5809E-6 4.87631E-6 3.15204E-6 9.94167E-6 8.95501E-6 1.13277E-5 1.07306E-5 1.05692E-5 1.0359E-5 1.03E-5 1.02185E-5 9.51446E-6 9.43563E-6 8.77066E-6 9.63438E-6 1.01578E-5 9.9753E-6 1.25235E-5 1.27338E-5 1.69719E-5 1.73314E-5 1.40181E-5 1.11581E-5 1.2539E-5 1.6728E-5 1.5484E-5 1.37546E-5
4.21713E-7 4.17064E-7 4.06061E-7 3.90465E-7 3.89006E-7 4.32942E-7 4.46475E-7 5.27151E-7 5.99927E-7 1.01891E-6 9.33457E-7 1.11248E-6 1.30001E-6 9.0632E-7 1.04418E-6 7.75346E-7 9.91412E-7 8.64092E-7 1.64119E-6 3.1978E-6 3.34298E-6 8.14447E-7 1.48673E-6 8.33223E-6 5.04703E-6 5.47627E-6 6.35406E-6 7.38905E-6 8.17972E-6 8.46577E-6 1.04332E-5 2.59851E-5 6.8136E-5 7.61411E-5 7.4484E-5 4.4682E-5 1.76229E-5 3.03687E-6 1.13084E-5 4.25101E-6 1.17587E-5 1.18809E-5 1.29964E-5 1.31728E-5 1.15071E-5 1.02189E-5 1.01844E-5 9.51116E-6 9.62027E-6 1.16485E-5 1.24596E-5 1.00225E-5 1.03701E-5 1.09409E-5 8.99504E-6 1.03855E-5 1.05021E-5 1.22858E-5 1.31017E-5 1.3029E-5 1.14092E-5 1.17916E-5 1.19703E-5 1.10195E-5 1.17315E-5 1.68188E-5
4.47011E-7 4.4329E-7 4.26748E-7 4.06217E-7 4.07064E-7 4.21501E-7 5.61897E-7 7.27448E-7 8.3893E-7 1.16526E-6 1.00819E-6 1.1997E-6 1.60578E-6 1.57903E-6 1.06815E-6 7.39296E-7 7.70683E-7 7.89535E-7 8.38234E-7 4.54426E-7 8.31111E-7 1.5187E-6 1.72426E-6 6.85702E-6 3.26499E-6 4.69635E-6 8.37969E-6 8.55215E-6 8.72309E-6 8.94083E-6 5.60311E-6 1.30035E-5 2.05987E-5 2.31482E-5 2.43153E-5 1.52174E-5 1.02501E-5 1.57613E-5 1.4931E-5 1.28342E-5 5.74317E-6 4.37871E-6 8.61987E-6 3.5028E-6 8.68696E-6 1.1495E-5 7.15645E-6 8.99985E-6 8.95991E-6 9.64033E-6 9.6694E-6 1.10138E-5 1.15129E-5 1.13177E-5 1.03069E-5 1.03451E-5 1.17969E-5 1.27595E-5 1.2574E-5 1.13019E-5 1.0329E-5 1.18257E-5 1.16049E-5 1.18196E-5 1.22617E-5 1.2828E-5
4.47915E-7 4.82487E-7 4.64612E-7 4.29874E-7 4.28952E-7 4.39327E-7 5.19232E-7 8.0341E-7 1.20211E-6 1.35709E-6 1.36963E-6 1.21356E-6 1.5262E-6 1.5111E-6 1.30369E-6 9.18391E-7 7.54246E-7 7.95742E-7 3.31245E-7 3.13808E-7 1.3018E-6 1.59652E-6 1.89602E-6 1.2128E-6 8.72634E-7 2.44756E-6 2.2716E-6 6.00543E-6 7.62321E-6 3.36582E-6 2.70462E-6 2.93716E-6 1.54453E-6 4.20744E-6 4.70812E-6 4.97999E-6 1.28794E-5 3.1367E-6 3.67111E-6 1.22629E-5 1.2234E-5 4.93377E-6 3.30573E-6 9.9747E-6 9.96665E-6 9.45774E-6 6.22555E-6 8.79771E-6 9.63798E-6 9.59466E-6 1.13415E-5 1.26338E-5 1.06148E-5 1.02422E-5 6.64924E-6 6.86442E-6 1.10773E-5 1.09485E-5 1.04607E-5 1.04642E-5 1.14688E-5 1.11245E-5 1.13975E-5 1.22394E-5 1.22136E-5 1.12436E-5
