catData/rasterBestHybridModels/Pviverrinus/RD_RM1_H/Pviverrinus_median.asc
ncols         409
nrows         350
xllcorner     60.897278365
yllcorner     5.843756025
cellsize      0.0892857
NODATA_value  -9999
[rows 116 to 144 of 350, columns 132 to 197 of 409]
4.39257E-7 4.63992E-7 4.86984E-7 4.9089E-7 6.15529E-7 5.40835E-7 4.90179E-7 1.16303E-6 1.28863E-6 1.4214E-6 1.42362E-6 1.20426E-6 1.26209E-6 1.6305E-6 1.30986E-6 4.22551E-7 8.55819E-7 8.44583E-7 2.53572E-7 2.99998E-7 3.55352E-7 1.77501E-6 2.46552E-6 1.14191E-6 8.87761E-7 7.04253E-7 1.92217E-6 1.84787E-6 1.85717E-6 1.90066E-6 2.02154E-6 2.09351E-6 2.23996E-6 2.38923E-6 1.29694E-6 6.99738E-6 9.32556E-6 1.1207E-5 2.4613E-6 1.18698E-5 1.31655E-5 3.56511E-6 3.94754E-6 1.85869E-6 5.50577E-6 5.2687E-6 5.42572E-6 9.54717E-6 1.05936E-5 1.09377E-5 1.25729E-5 1.1378E-5 6.49054E-6 5.46996E-6 9.04938E-6 1.1309E-5 1.10937E-5 1.24875E-5 1.21137E-5 1.12344E-5 1.10974E-5 1.07034E-5 1.10246E-5 1.10278E-5 1.25321E-5 8.05126E-6
5.09132E-7 6.00316E-7 6.36572E-7 6.3381E-7 5.18976E-7 5.58125E-7 5.49577E-7 1.25459E-6 1.35682E-6 1.42707E-6 3.09595E-7 1.23947E-6 1.35207E-6 1.54266E-6 1.44317E-6 1.43141E-6 1.21251E-6 2.3815E-7 2.72494E-7 3.49396E-7 4.84113E-7 3.49654E-6 3.18268E-6 2.51974E-6 2.10595E-6 1.21408E-6 2.07703E-6 1.89789E-6 1.8358E-6 1.86883E-6 1.3356E-6 1.78564E-6 1.39135E-6 5.22961E-7 2.67059E-6 8.73581E-6 8.98484E-6 9.11552E-6 8.63203E-6 1.09791E-5 9.04661E-6 3.10868E-6 1.77979E-6 4.57536E-6 4.68766E-6 5.60908E-6 9.48851E-6 1.07432E-5 5.21352E-6 1.16019E-5 1.20108E-5 1.00668E-5 6.34499E-6 5.70073E-6 9.9765E-6 1.18569E-5 1.17314E-5 1.03859E-5 1.07191E-5 1.02616E-5 1.07185E-5 1.16424E-5 1.07515E-5 1.11087E-5 1.2297E-5 1.07114E-5
4.46863E-7 5.96946E-7 8.83927E-7 2.3323E-6 1.24689E-6 2.34105E-6 1.43548E-6 1.34719E-6 1.22052E-6 7.85551E-7 2.6411E-7 1.37337E-6 1.68531E-6 7.22555E-7 4.89369E-7 1.38082E-6 9.0796E-7 4.06659E-7 1.22338E-6 7.43359E-6 3.93041E-6 4.14229E-6 3.15094E-6 2.76731E-6 9.22526E-7 1.59121E-6 1.45739E-6 1.81879E-6 1.86397E-6 1.91803E-6 1.95962E-6 2.05162E-6 2.16744E-6 1.03862E-6 3.22112E-6 4.71276E-6 8.47861E-6 5.27389E-6 7.42318E-6 6.87335E-6 5.20611E-6 3.80973E-6 2.59967E-6 1.8642E-6 8.69787E-6 6.76739E-6 2.15246E-6 2.65829E-6 3.94755E-6 2.22684E-6 1.24043E-6 1.27125E-6 1.20686E-6 1.26349E-6 1.70461E-6 2.13151E-6 1.88903E-6 2.20608E-6 1.11345E-5 1.10317E-5 1.09728E-5 1.1043E-5 4.92056E-6 1.15978E-5 2.96433E-6 1.09705E-5
2.01725E-6 4.97711E-6 5.52567E-6 5.45014E-6 4.55573E-6 3.95379E-6 4.10553E-6 3.16149E-6 1.10153E-6 7.48759E-7 4.29389E-7 3.03766E-7 1.24896E-6 6.37228E-7 1.44603E-6 2.86527E-7 3.01276E-7 5.53086E-7 3.64613E-7 4.90007E-7 2.872E-6 5.96489E-6 3.65642E-6 1.85838E-6 4.04547E-6 3.38304E-6 3.25522E-6 1.02064E-6 1.18396E-6 1.98474E-6 2.08747E-6 2.07988E-6 2.16409E-6 1.95259E-6 4.38403E-6 6.30522E-6 6.47505E-6 1.85332E-6 1.7539E-6 2.5506E-6 4.1479E-6 9.89019E-6 4.91537E-6 4.51866E-6 1.98995E-6 2.27832E-6 7.23039E-7 2.82971E-6 2.35371E-6 1.15112E-6 3.60013E-7 4.30144E-7 8.74896E-7 1.49405E-6 1.7054E-6 1.76051E-6 3.26821E-6 8.66959E-6 9.47021E-6 2.63985E-6 1.1901E-5 4.20664E-6 2.52305E-6 2.39785E-6 2.30361E-6 1.04441E-5
3.95866E-6 4.55487E-6 5.57624E-6 8.02871E-6 4.18674E-6 3.34941E-6 3.57222E-6 3.55324E-6 1.08851E-6 1.12627E-6 5.67709E-7 3.70516E-7 7.5506E-7 4.85553E-7 3.07676E-7 3.07896E-7 3.46326E-7 5.77955E-7 4.49678E-7 4.81942E-7 5.41196E-7 2.67095E-6 2.39162E-6 1.99355E-6 4.07619E-6 3.64393E-6 3.33052E-6 3.46494E-6 5.95952E-7 4.19386E-7 9.30376E-7 1.44968E-6 6.13087E-7 1.87802E-6 2.24429E-6 3.21853E-6 3.90524E-6 2.4913E-6 5.56822E-6 9.21858E-7 3.67165E-6 3.38792E-6 3.32855E-6 1.44815E-6 1.94336E-6 4.97553E-7 1.14908E-6 2.49814E-6 5.83712E-7 4.11215E-7 3.19469E-7 2.79622E-7 1.62077E-6 1.82462E-6 2.79293E-6 8.82287E-6 5.38223E-6 2.45201E-6 2.022E-6 2.5457E-6 2.65958E-6 2.8641E-6 3.12168E-6 2.55856E-6 4.60812E-6 9.57141E-6
3.70343E-6 4.22434E-6 5.09671E-6 5.15788E-6 4.00012E-6 3.20605E-6 3.30287E-6 3.63968E-6 1.12342E-6 2.9304E-7 2.64219E-7 1.72888E-6 1.61334E-6 1.36841E-6 2.85597E-7 2.78362E-7 3.94613E-7 6.79196E-7 1.1306E-6 8.37682E-7 5.35127E-7 7.98806E-7 2.00964E-6 1.78551E-6 2.59251E-6 1.33016E-6 2.24745E-6 2.08736E-6 1.32276E-6 4.71923E-7 6.32977E-7 8.8838E-7 1.27551E-6 1.82838E-6 1.35578E-6 4.77301E-7 9.23828E-7 2.03033E-6 3.93048E-6 1.06673E-6 2.46482E-6 6.33626E-7 1.1889E-6 2.46733E-6 9.17433E-7 4.99843E-7 5.71221E-7 6.74822E-7 4.48008E-7 3.29757E-7 2.86393E-7 1.57927E-6 2.11215E-6 2.17038E-6 6.15049E-6 2.07423E-6 1.85122E-6 2.29393E-6 2.66073E-6 2.8122E-6 4.31701E-6 1.38491E-5 3.58749E-6 2.84686E-6 1.03606E-5 9.41714E-6
3.20955E-6 2.81135E-6 3.39113E-6 3.80124E-6 3.9328E-6 3.92574E-6 4.04527E-6 4.02805E-6 1.11344E-6 1.12567E-6 9.98878E-7 1.76367E-6 1.44748E-6 2.67394E-7 3.10539E-7 6.2221E-7 7.60702E-7 1.30277E-6 2.25782E-6 1.56042E-6 5.34947E-6 5.79073E-6 4.06715E-7 2.82952E-7 3.33409E-7 4.78438E-7 4.51063E-7 4.72668E-7 3.19084E-7 9.01627E-7 5.50531E-7 1.0901E-6 7.39358E-7 7.24823E-6 7.84456E-6 2.04926E-6 7.96282E-6 1.85835E-6 1.82073E-6 6.27389E-7 2.80071E-6 9.2542E-7 2.02725E-6 5.31616E-7 3.89033E-7 4.77444E-7 5.20545E-7 3.83266E-7 2.80621E-7 1.7444E-7 1.7389E-6 1.88277E-6 1.96739E-6 1.876E-6 1.68926E-6 2.01657E-6 2.04962E-6 2.48362E-6 2.71782E-6 2.95303E-6 3.33625E-6 3.25965E-6 3.18523E-6 9.62763E-6 2.60565E-6 2.66557E-6
7.31025E-7 7.66319E-7 7.70174E-7 9.43335E-7 1.03312E-6 9.77078E-7 4.25092E-6 3.86687E-6 1.23531E-7 1.93916E-7 3.77974E-7 4.48873E-7 1.26023E-7 1.20274E-7 6.41709E-7 7.78414E-7 1.52107E-6 1.90782E-6 8.44133E-6 6.46821E-6 2.38396E-6 1.3448E-6 1.122E-6 3.65525E-7 2.50904E-7 2.67354E-7 5.16422E-7 2.52521E-6 6.96015E-7 1.73304E-6 7.79113E-7 3.77848E-7 7.32195E-7 2.48816E-6 3.81213E-6 1.78022E-6 1.59014E-6 1.05507E-6 2.53341E-6 1.25989E-6 1.26699E-6 3.85048E-6 3.02313E-6 3.89325E-7 3.1868E-7 3.18378E-7 3.38662E-7 2.38351E-7 1.56805E-7 1.85819E-7 2.63621E-7 2.35607E-7 1.63686E-7 3.96378E-7 1.86213E-6 1.06872E-6 2.32837E-6 3.00149E-6 2.97456E-6 3.18597E-6 3.34277E-6 3.23086E-6 3.34545E-6 2.93295E-6 2.51618E-6 3.57283E-6
6.60128E-7 7.5611E-7 8.23292E-7 8.92717E-7 3.67061E-7 3.6077E-7 4.66751E-7 3.65158E-7 1.70021E-7 1.68923E-7 1.05629E-7 2.68123E-7 1.11168E-7 1.13426E-7 1.57435E-7 8.36634E-7 1.88631E-6 3.56251E-6 3.2937E-6 3.54784E-6 1.63453E-6 1.199E-6 5.21625E-7 2.20247E-7 2.63954E-7 2.18084E-7 4.68128E-7 6.20027E-7 6.84549E-7 5.61323E-7 3.32163E-6 4.90156E-7 8.68097E-7 1.53193E-6 3.82216E-6 6.65993E-7 2.07769E-6 1.46527E-6 1.04037E-6 2.57171E-6 2.42493E-6 2.9587E-6 2.77817E-6 3.79942E-7 5.59263E-7 2.80079E-7 2.16416E-7 1.708E-7 2.72239E-7 8.79823E-7 2.40341E-7 1.77863E-7 1.46348E-7 1.70706E-7 2.47374E-7 5.84969E-7 3.13647E-6 3.15156E-6 3.15102E-6 6.71774E-6 2.20221E-6 6.44372E-6 1.03955E-5 6.60384E-6 1.17978E-5 3.48773E-6
4.33224E-7 7.51719E-7 5.66633E-7 3.20678E-7 3.19682E-7 3.21998E-7 3.52589E-7 2.21109E-7 5.28466E-7 3.64925E-7 1.38108E-7 1.1041E-7 1.54682E-7 1.69078E-7 3.49258E-7 5.10629E-7 2.66817E-6 2.28977E-6 3.52871E-6 2.55253E-6 7.20824E-7 7.49059E-7 2.00569E-6 6.6199E-7 3.12715E-7 2.98942E-7 5.64255E-7 6.96499E-7 7.45094E-7 5.27711E-7 1.50011E-6 1.09106E-6 4.77888E-7 5.28536E-7 7.12374E-7 2.09933E-6 1.44424E-6 2.21456E-6 1.49027E-6 1.039E-6 4.75508E-6 2.41832E-6 5.35377E-7 8.60248E-7 1.19557E-6 7.16295E-7 9.02893E-7 1.67956E-7 1.98968E-7 2.42632E-7 1.97418E-7 1.51085E-7 1.81768E-7 2.63168E-7 3.34339E-7 3.73464E-7 2.93297E-6 2.95994E-6 2.86495E-6 2.27263E-6 7.01377E-6 9.90522E-6 1.5175E-5 2.94707E-6 2.71416E-6 1.167E-5
3.65487E-7 3.39116E-7 2.76261E-7 3.09402E-7 2.43388E-7 3.77886E-7 1.02757E-7 4.25326E-7 3.9789E-7 2.19296E-7 5.3076E-7 2.13675E-7 3.25983E-7 3.44503E-7 2.77314E-6 3.36095E-6 1.87507E-6 9.01998E-7 1.37601E-6 2.57027E-6 2.91272E-6 6.90681E-7 7.27934E-7 5.97043E-7 5.52718E-7 6.63376E-7 6.70115E-7 8.06348E-7 7.73636E-7 8.54752E-7 2.48897E-6 4.90734E-7 6.94099E-7 4.60869E-7 5.45019E-7 7.17123E-7 2.53489E-6 2.82007E-6 6.63627E-7 4.52113E-7 8.85568E-7 4.11467E-6 1.12282E-6 2.75152E-6 9.96848E-7 1.58569E-6 4.39558E-7 1.67201E-7 2.50645E-7 2.92375E-7 2.11803E-7 1.89636E-7 2.59987E-7 4.97491E-7 3.91754E-7 6.71462E-7 7.33461E-7 2.46896E-6 3.46352E-6 2.89812E-6 1.75688E-6 2.09572E-6 2.30074E-6 2.5749E-6 2.77077E-6 2.06434E-6
3.62199E-7 4.30742E-7 3.76527E-7 2.8252E-7 3.31064E-7 8.78171E-7 1.98012E-6 6.16028E-7 4.6528E-7 3.57898E-7 2.45951E-7 2.59916E-7 3.71084E-7 1.22642E-6 4.80229E-6 1.92777E-6 1.90623E-6 1.29702E-6 7.74432E-7 2.80533E-6 1.40623E-6 7.2268E-7 6.7318E-7 6.28389E-7 5.77505E-7 7.66666E-7 6.8993E-7 8.84364E-7 8.4939E-7 8.4706E-7 8.53582E-7 4.15261E-7 4.27111E-7 1.0484E-6 1.06576E-6 1.09704E-6 2.52484E-6 2.57531E-6 5.0017E-6 1.82948E-6 4.46738E-7 1.63371E-6 9.13962E-7 1.18732E-6 1.30751E-6 9.27866E-7 1.9213E-7 1.69971E-7 2.14636E-7 2.92449E-7 2.24436E-7 2.30968E-7 4.67927E-7 4.66621E-7 4.72684E-7 7.58845E-7 7.01287E-7 6.67519E-7 6.78608E-7 7.47922E-7 8.66803E-7 7.02898E-7 1.76657E-6 1.80407E-6 1.65777E-6 1.52707E-6
3.81026E-7 4.78351E-7 2.3593E-7 4.38821E-7 8.39516E-7 3.92686E-7 4.78455E-7 4.72998E-7 6.4491E-7 4.25213E-7 2.70064E-7 3.26478E-7 5.08234E-7 2.59071E-6 2.25502E-6 1.43964E-6 8.70464E-7 1.72419E-6 3.28782E-6 2.03301E-6 6.62961E-7 7.07614E-7 7.21809E-7 6.63142E-7 7.23562E-7 8.24142E-7 7.30829E-7 8.60343E-7 1.04728E-6 1.01767E-6 7.29364E-7 4.20082E-7 8.8341E-7 8.18903E-7 5.69375E-7 5.27223E-7 5.53094E-7 7.0218E-7 1.15426E-6 1.63252E-6 1.02895E-6 1.4119E-6 1.15359E-6 3.74327E-6 9.16787E-7 1.086E-6 5.10482E-7 1.66832E-7 2.45782E-7 2.54599E-7 1.58066E-7 6.62897E-7 4.8881E-7 4.90805E-7 5.0284E-7 8.19674E-7 6.79977E-7 6.97741E-7 5.09633E-7 4.0675E-7 3.95573E-7 3.84674E-7 3.63322E-7 1.19656E-6 1.27246E-6 1.38115E-6
4.29977E-7 4.59639E-7 4.90227E-7 5.63312E-7 2.86888E-7 4.03397E-7 4.74087E-7 4.50482E-7 1.44642E-6 5.1355E-7 3.27709E-7 3.98926E-7 7.70469E-7 2.9155E-6 2.07951E-6 1.62187E-6 9.00812E-7 3.49935E-6 3.26812E-6 2.98267E-6 7.21821E-7 7.44949E-7 7.73529E-7 6.89799E-7 6.39691E-7 5.95482E-7 6.07322E-7 2.72345E-6 9.64212E-7 9.51403E-7 1.0352E-6 8.98316E-7 1.63984E-6 4.38694E-7 4.49628E-7 4.53306E-7 1.3087E-6 1.12696E-6 1.22078E-6 3.28432E-6 5.18257E-7 1.11568E-6 4.07377E-7 1.49218E-6 3.63067E-6 1.22433E-6 4.63217E-7 1.62047E-7 2.4328E-7 2.36087E-7 1.57595E-7 6.31175E-7 4.90361E-7 5.30213E-7 7.51886E-7 9.16001E-7 7.94057E-7 7.84645E-7 6.71883E-7 3.96121E-7 3.52573E-7 4.17125E-7 7.19205E-7 1.04804E-6 1.39008E-6 1.69207E-6
1.07358E-7 3.2378E-7 3.47707E-7 2.20649E-7 2.69215E-7 3.33504E-7 4.40526E-7 4.87253E-7 7.2863E-7 1.07992E-6 1.24201E-6 1.25652E-6 3.3863E-6 2.79655E-6 1.82949E-6 1.11388E-6 7.92679E-7 1.22371E-6 7.33158E-7 7.09874E-7 7.74316E-7 1.57433E-6 2.15694E-6 2.1238E-6 6.63684E-7 5.88248E-7 6.30475E-7 9.34541E-7 1.00205E-6 1.04542E-6 1.11479E-6 1.1191E-6 1.50658E-6 1.55817E-6 7.95032E-7 8.59862E-7 1.13727E-6 2.3148E-6 1.24666E-6 6.08634E-7 4.58782E-7 1.58654E-6 1.62856E-6 1.2876E-6 3.42736E-6 7.00406E-7 1.71922E-7 1.67045E-7 2.36766E-7 2.62821E-7 3.06212E-7 3.30632E-7 4.55301E-7 5.21727E-7 9.23439E-7 9.13888E-7 8.66213E-7 7.7024E-7 8.2404E-7 1.18604E-6 7.93978E-7 1.13168E-6 1.12312E-6 1.50196E-6 1.34164E-6 1.96341E-6
1.25096E-7 2.79374E-7 1.51795E-7 2.88927E-7 3.49108E-7 3.63197E-7 1.19677E-6 6.22096E-7 1.16829E-6 1.34872E-6 2.09557E-6 2.23217E-6 1.07381E-6 2.56771E-6 4.78518E-6 9.19335E-7 7.47504E-7 3.19078E-6 7.11075E-7 7.8894E-7 2.22741E-6 2.33744E-6 2.30449E-6 2.15289E-6 7.33069E-7 6.54026E-7 7.09956E-7 7.68421E-7 1.69318E-6 1.83187E-6 2.0932E-6 3.46326E-6 1.13456E-6 3.05296E-6 8.35458E-7 7.55362E-7 1.14968E-6 1.18527E-6 9.11803E-7 5.58621E-7 9.27092E-7 3.68365E-6 3.76698E-6 3.76498E-6 3.18718E-7 1.36526E-7 1.20891E-7 1.67006E-7 3.54997E-7 5.822E-7 3.04117E-7 2.15468E-7 4.56869E-7 6.39576E-7 8.53545E-7 8.37955E-7 7.35758E-7 6.78159E-7 5.59056E-7 9.18531E-7 1.0824E-6 1.16711E-6 1.20002E-6 1.47067E-6 1.36887E-6 1.17653E-6
2.68436E-7 3.50003E-7 2.2436E-7 2.81553E-7 3.91878E-7 4.21705E-7 4.46072E-7 5.05049E-7 1.33049E-6 2.12451E-6 3.6975E-6 1.72651E-6 8.1844E-7 3.27137E-6 2.93021E-6 9.72107E-7 1.13226E-6 1.26528E-6 1.25287E-6 2.65128E-6 2.46965E-6 2.45495E-6 4.12382E-6 2.35761E-6 7.49086E-7 6.78737E-7 7.81589E-7 8.77812E-7 8.73681E-7 8.71687E-7 3.96531E-6 3.54033E-6 3.15437E-6 2.63893E-6 3.85995E-6 4.788E-6 6.66176E-6 5.21568E-6 2.34043E-6 1.02054E-6 7.58066E-7 3.6194E-6 4.08037E-6 1.07722E-6 3.54583E-7 2.2532E-7 2.46281E-7 3.17975E-7 3.47318E-7 4.18763E-7 2.45506E-7 1.90471E-7 3.54069E-7 6.16682E-7 7.02256E-7 6.46915E-7 6.18963E-7 5.57678E-7 3.95297E-7 3.5891E-7 3.23771E-7 3.01245E-7 2.82422E-7 1.52373E-6 1.33913E-6 1.33918E-6
3.96828E-7 2.29822E-7 3.10801E-7 3.8399E-7 4.81767E-7 5.04223E-7 5.56755E-7 7.27501E-7 1.14582E-6 4.27456E-6 3.65384E-6 1.66221E-6 7.35844E-7 1.14142E-6 2.60748E-6 6.172E-6 1.46848E-6 1.34962E-6 1.17382E-6 2.04479E-6 4.51074E-6 2.53179E-6 2.1514E-6 6.80127E-7 5.45115E-7 9.43456E-7 9.30994E-7 9.82149E-7 1.63084E-6 3.44131E-6 1.10759E-6 1.85302E-6 6.02984E-6 1.09675E-6 5.64849E-6 1.12317E-5 7.01619E-6 7.00706E-6 6.3648E-7 8.54027E-7 3.36066E-6 3.97688E-6 7.87882E-6 6.25625E-6 4.82727E-7 3.71799E-7 4.11296E-7 3.13099E-7 3.95084E-7 3.98617E-7 2.73671E-7 1.95146E-7 2.51499E-7 5.58967E-7 6.56063E-7 6.66054E-7 6.09571E-7 5.57475E-7 4.21856E-7 3.84047E-7 3.40054E-7 3.43219E-7 3.98909E-7 3.31813E-7 1.55245E-6 1.73249E-6
2.08479E-7 2.54301E-7 3.67405E-7 4.19381E-7 3.75132E-7 6.03474E-7 7.39585E-7 1.2072E-6 2.43328E-6 1.30605E-6 1.5657E-6 5.0858E-6 5.07703E-6 3.91248E-6 3.02427E-6 2.81289E-6 2.75174E-6 2.18566E-6 8.02472E-7 8.88922E-7 5.21316E-7 5.28095E-7 4.83536E-7 4.84996E-7 1.80919E-6 6.95162E-7 1.872E-6 6.52762E-7 9.52969E-7 9.86913E-7 1.23019E-6 2.18024E-6 1.97919E-6 2.53566E-6 2.43745E-6 1.81889E-6 1.59175E-6 8.36346E-6 1.66835E-6 8.2867E-7 3.74119E-6 6.3437E-6 9.23849E-6 1.71774E-6 6.21755E-7 2.65785E-7 2.99014E-7 3.76203E-7 4.59287E-7 4.87509E-7 6.4571E-7 4.50241E-7 3.98628E-7 5.37601E-7 5.81324E-7 6.33464E-7 6.45681E-7 6.27134E-7 6.2308E-7 4.93245E-7 5.43448E-7 9.26102E-7 2.11473E-6 6.14056E-6 1.59985E-6 1.45818E-6
2.7933E-7 3.97248E-7 5.65217E-7 5.45226E-7 1.99748E-6 8.07624E-7 5.15477E-6 1.48615E-5 4.02058E-6 1.32263E-6 5.91202E-6 5.92519E-6 4.30172E-6 3.60418E-6 3.1728E-6 2.83286E-6 2.88115E-6 2.78494E-6 1.00754E-6 1.3794E-6 6.09463E-7 5.73516E-7 1.36184E-6 5.19952E-6 2.55202E-6 6.44453E-7 5.97539E-7 6.37776E-7 9.41533E-7 7.20754E-7 4.66482E-7 5.13646E-7 1.29756E-6 3.42021E-6 3.18854E-6 2.50692E-6 1.99568E-6 1.54829E-6 6.4545E-7 8.04303E-7 1.08056E-6 5.85342E-6 8.88535E-6 4.23578E-6 1.51553E-6 9.67683E-7 3.38811E-7 6.24341E-7 7.09981E-7 7.68323E-7 7.80447E-7 5.74468E-7 5.15543E-7 5.30835E-7 5.98187E-7 6.7585E-7 7.03201E-7 6.77579E-7 1.13085E-6 2.57327E-6 2.09669E-6 1.82253E-6 2.13144E-6 2.63541E-6 2.03018E-6 2.1683E-6
4.68654E-7 5.98292E-7 9.16248E-7 2.06188E-6 1.31761E-6 1.25223E-6 6.78169E-6 7.83591E-6 6.01953E-6 2.92814E-6 5.13504E-6 6.67143E-6 4.36672E-6 3.1424E-6 2.64067E-6 1.73326E-6 2.31354E-6 2.7859E-6 2.88435E-6 3.40635E-6 4.76832E-6 2.96067E-6 6.00803E-6 1.96621E-5 5.66334E-6 2.60922E-6 1.58876E-6 8.17269E-7 8.54484E-7 1.2082E-6 6.98916E-7 5.0365E-7 1.02434E-6 1.87014E-6 3.465E-6 2.75589E-6 2.48226E-6 1.69831E-6 6.85536E-7 8.54212E-7 7.09229E-7 1.97944E-6 8.28077E-7 1.78652E-6 7.24198E-7 7.08861E-7 1.2385E-6 5.10017E-7 7.58853E-7 7.46329E-7 8.03113E-7 7.92871E-7 7.22361E-7 6.45939E-7 5.66801E-7 6.95739E-7 7.43358E-7 1.61624E-6 4.74629E-7 1.20968E-6 2.10803E-6 2.06434E-6 2.14055E-6 2.10224E-6 2.06552E-6 2.44785E-6
7.13286E-7 8.89542E-7 2.3886E-6 2.76908E-6 3.76053E-6 5.12851E-6 7.56682E-6 2.525E-6 1.41995E-5 7.00372E-6 1.1837E-5 9.58817E-6 4.02123E-6 1.96694E-6 1.69778E-6 1.73716E-6 1.67254E-6 5.22797E-6 2.90385E-6 3.62517E-6 3.12109E-6 3.46409E-6 4.64374E-6 4.88828E-6 2.3862E-6 9.94211E-7 9.0528E-7 9.2451E-7 1.75247E-6 7.11174E-7 6.45077E-7 8.92276E-7 2.02705E-6 7.28677E-7 1.83227E-6 7.94934E-6 2.29796E-6 1.92654E-6 7.05524E-7 7.80301E-7 8.92865E-7 1.21241E-6 6.38674E-7 6.76006E-7 2.94988E-6 9.23888E-7 1.16568E-6 6.61034E-7 7.67744E-7 7.00483E-7 7.68642E-7 8.22516E-7 8.2498E-7 8.2635E-7 1.01546E-6 5.36162E-7 5.69946E-7 8.4444E-7 4.94797E-7 4.98254E-7 6.20305E-7 7.23312E-7 2.82922E-6 2.44492E-6 4.62995E-6 2.52637E-6
1.06288E-6 2.84832E-6 3.94867E-6 3.25757E-6 5.23866E-6 4.33472E-6 3.73606E-6 4.9913E-6 8.9109E-6 8.74734E-6 1.30389E-5 1.03931E-5 4.67109E-6 2.02724E-6 2.85846E-6 1.84031E-6 6.66449E-6 2.82656E-6 2.30149E-6 8.27526E-6 2.62146E-6 3.20469E-6 2.44922E-6 3.80343E-6 3.04756E-6 2.91856E-6 1.0859E-6 1.02935E-6 6.58891E-7 5.14606E-7 1.08325E-6 2.52027E-6 6.36935E-7 6.20865E-7 1.01178E-6 2.63487E-6 2.13349E-6 2.06576E-6 1.85919E-6 1.101E-6 3.58168E-6 1.75005E-6 2.32755E-6 6.97079E-7 2.02557E-6 2.11207E-6 8.69932E-7 7.62775E-7 7.5487E-7 1.1406E-6 8.80345E-7 8.27692E-7 8.50174E-7 8.31162E-7 8.83271E-7 1.61908E-6 5.20468E-7 4.56274E-7 4.41527E-7 4.91791E-7 5.67287E-7 1.08081E-6 1.53019E-5 4.64587E-6 3.38704E-6 3.22589E-6
2.02819E-5 1.17959E-5 3.30817E-6 3.39482E-6 6.00045E-6 6.91526E-7 1.09495E-6 5.66954E-6 1.67657E-6 9.57304E-6 1.08174E-5 3.56705E-5 6.07443E-6 3.30754E-6 3.44358E-6 4.72248E-6 4.02132E-6 1.98861E-6 2.40363E-6 5.54031E-6 2.35253E-6 2.29788E-6 2.32045E-6 3.70607E-6 1.29857E-6 1.7227E-6 1.19186E-6 1.61564E-6 1.48834E-6 1.32182E-6 1.90701E-6 1.206E-6 1.71232E-6 1.47808E-6 1.07296E-6 2.05186E-6 2.39921E-6 2.07781E-6 1.8276E-6 1.36797E-6 1.30929E-6 2.76268E-6 1.48243E-6 8.56005E-7 1.14527E-6 1.0009E-6 8.89372E-7 9.89057E-7 1.11818E-6 9.49869E-7 9.90201E-7 8.41746E-7 9.23832E-7 9.06194E-7 2.16243E-6 2.6209E-6 5.20003E-7 4.32238E-7 4.18014E-7 4.95301E-7 5.4137E-7 7.04305E-7 3.38499E-6 4.13384E-6 3.44363E-6 2.53788E-6
4.51385E-5 6.00532E-6 2.15576E-6 2.53482E-6 3.79239E-6 5.33276E-7 3.23215E-6 1.31636E-6 2.74215E-6 4.57417E-6 1.09688E-5 7.146E-6 6.40292E-6 3.83329E-6 3.26586E-6 5.93149E-6 3.43096E-6 3.41382E-6 2.17927E-6 1.10109E-5 3.31042E-6 2.60458E-6 2.74519E-6 1.88402E-6 3.06396E-6 3.30061E-6 4.99457E-6 1.37826E-6 1.46868E-6 1.51642E-6 1.50008E-6 1.39068E-6 -9999 1.68749E-6 1.09122E-6 8.31165E-7 1.97474E-6 2.05054E-6 1.5706E-6 1.65457E-6 1.95062E-6 1.29818E-6 9.40518E-7 7.73416E-7 8.40892E-7 7.76842E-7 7.57868E-7 1.02559E-6 1.14749E-6 1.92657E-6 9.47794E-7 9.2499E-7 8.77093E-7 9.38082E-7 2.59836E-6 3.20586E-6 1.45436E-6 7.46941E-7 4.99084E-7 4.9518E-7 5.10296E-7 5.61859E-7 2.94784E-6 3.22379E-6 2.68422E-6 2.50154E-6
1.78162E-6 2.68551E-6 4.32075E-6 5.35003E-6 2.69637E-6 5.38131E-7 8.18649E-6 1.40068E-6 2.82239E-6 3.98702E-6 1.05819E-5 6.19486E-6 4.39757E-6 3.21003E-6 2.51694E-6 3.01985E-6 3.16332E-6 1.09388E-6 2.16964E-6 3.83873E-6 4.43012E-6 2.19603E-6 2.48897E-6 4.72033E-6 7.01194E-6 1.92761E-5 1.8419E-5 7.84078E-6 1.23947E-6 1.78004E-6 1.69118E-6 2.36593E-6 3.95087E-6 1.13885E-6 1.07499E-6 8.46084E-7 1.56947E-6 1.40456E-6 1.44389E-6 1.38392E-6 1.74693E-6 1.43142E-6 3.15515E-7 3.19563E-7 6.72002E-7 6.90299E-7 5.6703E-7 5.97795E-7 7.76811E-7 6.0554E-7 1.03865E-6 1.2109E-6 1.26919E-6 1.30844E-6 2.39951E-6 2.93822E-6 2.81556E-6 7.77292E-6 9.48504E-6 2.18608E-6 1.78445E-6 1.77016E-6 2.63537E-6 3.37691E-6 3.38166E-6 1.74032E-6
1.64936E-6 4.19757E-6 4.0556E-6 9.1704E-6 1.72311E-6 8.62857E-7 5.38009E-6 1.93806E-6 2.38167E-6 3.24858E-6 3.44028E-6 3.70244E-6 5.14262E-6 4.53616E-6 3.77211E-6 2.42374E-6 5.45732E-7 7.20745E-7 1.88065E-6 1.7414E-5 1.12847E-5 1.93407E-6 2.85183E-6 4.46535E-6 5.29311E-6 1.98532E-5 1.82688E-5 8.61151E-6 1.34933E-6 1.30851E-6 1.44258E-6 3.00636E-6 2.64638E-6 1.82392E-6 1.74067E-6 1.65369E-6 1.27806E-6 1.16854E-6 1.03049E-6 1.3193E-6 1.69469E-6 1.56788E-6 5.72125E-7 2.6785E-7 2.74257E-7 2.88406E-7 3.65233E-7 5.35361E-7 5.51755E-7 5.9116E-7 1.19082E-6 1.3195E-6 1.76665E-6 1.78397E-6 1.66292E-6 2.07829E-6 2.37219E-6 2.54513E-6 2.42407E-6 2.36646E-6 2.3864E-6 2.40476E-6 2.58799E-6 3.03276E-6 3.56097E-6 1.90249E-6
1.33744E-6 4.78882E-6 3.47213E-6 2.13594E-6 1.48286E-6 7.97261E-7 5.21241E-6 2.48257E-6 3.73657E-6 3.5374E-6 5.58302E-6 4.92579E-6 3.01379E-6 2.51916E-6 4.50213E-6 2.31525E-6 6.06247E-7 7.3178E-7 4.82615E-6 1.64753E-5 6.43705E-6 1.86389E-6 2.03577E-6 6.44962E-6 6.61728E-6 2.03883E-5 1.76837E-5 5.7812E-6 2.63692E-6 2.58056E-6 2.89075E-6 3.0419E-6 2.96264E-6 2.95163E-6 2.48943E-6 1.81677E-6 1.27465E-6 1.16473E-6 1.1271E-6 1.3865E-6 1.69764E-6 1.57966E-6 4.20383E-7 2.83362E-7 3.19793E-7 2.93819E-7 3.63514E-7 5.46342E-7 5.48374E-7 5.60046E-7 9.62715E-7 1.16888E-6 6.06158E-7 1.57864E-6 1.60979E-6 1.28039E-6 1.34831E-6 1.09419E-6 1.75009E-6 2.44153E-6 2.39438E-6 2.55464E-6 2.64933E-6 2.86341E-6 1.86526E-6 1.83889E-6
2.89574E-6 3.37401E-6 2.47412E-6 2.25656E-6 3.25654E-6 3.31827E-6 8.57011E-6 2.83816E-6 7.08322E-6 7.92631E-6 3.41994E-6 4.03595E-6 2.92964E-6 2.15023E-6 2.12046E-6 2.40825E-6 2.02647E-6 3.42898E-6 6.38595E-7 2.28467E-6 5.42756E-6 1.41546E-6 1.52301E-6 1.89049E-6 4.43682E-6 1.39542E-5 1.62439E-5 3.18735E-6 9.15156E-6 2.48135E-6 2.63398E-6 3.11809E-6 3.15404E-6 2.82465E-6 2.51707E-6 1.83144E-6 1.37355E-6 1.125E-6 1.11609E-6 9.34582E-7 8.5782E-7 8.08556E-7 4.87692E-7 2.92715E-7 5.04352E-7 8.14689E-7 4.84419E-7 2.72239E-6 2.53363E-6 2.45764E-6 9.90323E-7 1.14188E-6 7.33358E-7 5.21905E-7 8.80344E-7 1.03495E-6 9.24973E-7 8.85381E-7 8.57757E-7 2.44118E-6 2.54601E-6 2.83769E-6 2.9398E-6 1.58037E-6 1.65329E-6 1.77969E-6
