catData/rasterBestHybridModels/Pviverrinus/RD_RM1_H/Pviverrinus_avg.asc
ncols         409
nrows         350
xllcorner     60.897278365
yllcorner     5.843756025
cellsize      0.0892857
NODATA_value  -9999
[rows 116 to 144 of 350, columns 330 to 395 of 409]
2.62249E-4 2.65968E-4 2.12151E-4 1.65381E-4 8.69705E-5 8.47033E-5 2.78675E-4 3.11941E-4 3.14694E-4 3.15202E-4 3.28237E-4 3.31445E-4 3.36247E-4 3.96602E-4 3.65756E-4 3.40136E-4 3.52382E-4 4.03359E-4 3.92479E-4 3.64518E-4 3.63946E-4 3.58639E-4 3.56632E-4 3.50064E-4 3.52538E-4 3.36064E-4 3.42317E-4 4.0956E-4 3.47008E-4 3.53278E-4 3.52161E-4 3.34374E-4 3.72398E-4 2.26376E-4 2.16251E-4 2.40981E-4 3.38989E-4 1.87893E-4 3.24624E-4 3.34265E-4 3.26E-4 3.47009E-4 3.30876E-4 3.49839E-4 2.94816E-4 3.06684E-4 2.72249E-4 2.67806E-4 1.90622E-4 6.27562E-5 3.45E-5 4.56476E-5 2.44414E-5 5.98842E-5 6.93101E-6 3.42151E-6 -9999 -9999 -9999 -9999 -9999 -9999 -9999 -9999 -9999 -9999
2.91494E-4 3.62254E-4 2.51561E-4 1.71427E-4 9.19934E-5 1.02549E-4 2.9864E-4 3.16486E-4 3.3855E-4 3.29851E-4 3.28662E-4 3.27954E-4 3.28295E-4 3.65573E-4 3.75063E-4 3.49041E-4 3.57526E-4 3.6541E-4 3.79608E-4 3.77098E-4 3.76502E-4 3.7161E-4 3.39248E-4 3.39535E-4 3.16165E-4 3.76286E-4 3.963E-4 3.68891E-4 3.96453E-4 3.79877E-4 3.78856E-4 3.45785E-4 3.73867E-4 1.77632E-4 1.7063E-4 1.22301E-4 1.49849E-4 2.47478E-4 3.24173E-4 3.11613E-4 2.98323E-4 2.97769E-4 3.19845E-4 3.22034E-4 2.92266E-4 1.25823E-4 1.94062E-5 3.67022E-5 9.95009E-5 1.17204E-4 4.80433E-5 1.71142E-5 2.24143E-5 4.39231E-6 -9999 -9999 -9999 -9999 -9999 -9999 -9999 -9999 -9999 -9999 -9999 -9999
3.05556E-4 4.46332E-4 3.26683E-4 1.68754E-4 8.65403E-5 2.00817E-4 3.06929E-4 3.34914E-4 3.47019E-4 3.45897E-4 3.77268E-4 3.73061E-4 4.1819E-4 4.11782E-4 3.66316E-4 3.46828E-4 3.44591E-4 3.52316E-4 3.55678E-4 3.62595E-4 3.63742E-4 3.45736E-4 3.33624E-4 4.18711E-4 3.98094E-4 4.26785E-4 4.30131E-4 4.18479E-4 3.59157E-4 3.37588E-4 2.76121E-4 2.51067E-4 4.40296E-5 1.45485E-5 1.61539E-5 1.40505E-5 1.49033E-5 4.06894E-5 2.96126E-4 3.2021E-4 3.1832E-4 2.94328E-4 3.2143E-4 3.12468E-4 2.68692E-4 2.21666E-5 1.54584E-5 5.26585E-5 8.41982E-5 8.38133E-5 1.20832E-4 4.01789E-5 1.21279E-5 -9999 -9999 -9999 -9999 -9999 -9999 -9999 -9999 -9999 -9999 -9999 -9999 -9999
3.01757E-4 3.59936E-4 2.96572E-4 3.13786E-4 3.15297E-4 1.16084E-4 3.60053E-4 3.75191E-4 3.82158E-4 3.48476E-4 3.6663E-4 3.90944E-4 3.98723E-4 4.18289E-4 3.50692E-4 3.52812E-4 3.58353E-4 3.50387E-4 3.45263E-4 2.95138E-4 3.12497E-4 3.26075E-4 3.91018E-4 4.18267E-4 4.16366E-4 4.30724E-4 4.11468E-4 4.02066E-4 3.7549E-4 2.96514E-4 6.29053E-5 1.99548E-5 1.80003E-5 1.71476E-5 1.50518E-5 1.1787E-5 1.13185E-5 1.5699E-5 2.81315E-4 3.05271E-4 3.23235E-4 3.09161E-4 3.13554E-4 1.96535E-5 3.89803E-5 1.76843E-5 8.45913E-6 2.57325E-5 2.25319E-5 1.77119E-5 6.18297E-5 2.15267E-5 1.04738E-5 -9999 -9999 -9999 -9999 -9999 -9999 -9999 -9999 -9999 -9999 -9999 -9999 -9999
3.11667E-4 3.14474E-4 3.21806E-4 3.49026E-4 1.1972E-4 3.70904E-4 4.01472E-4 4.5002E-4 3.97442E-4 3.82612E-4 3.72469E-4 3.69625E-4 4.00079E-4 3.37024E-4 3.10792E-4 3.45671E-4 3.78773E-4 3.50164E-4 3.14831E-4 2.51533E-4 2.70434E-4 3.05304E-4 3.36348E-4 3.84676E-4 3.88749E-4 4.08818E-4 4.18335E-4 3.91007E-4 2.90745E-4 2.59791E-5 2.49082E-5 2.27869E-5 1.93569E-5 1.45988E-5 1.51351E-5 1.2239E-5 9.72102E-6 1.19938E-5 2.04716E-5 1.21122E-4 3.03792E-4 3.2612E-4 6.49959E-5 1.0056E-5 1.36998E-5 6.95817E-6 8.77402E-5 1.02228E-4 1.07535E-5 1.17906E-5 1.66699E-5 1.08491E-5 9.41165E-6 3.73426E-6 -9999 -9999 -9999 -9999 -9999 -9999 -9999 -9999 -9999 -9999 -9999 -9999
3.8369E-4 3.75614E-4 2.47374E-4 2.82492E-4 1.45842E-4 4.38E-4 1.72446E-4 1.04753E-4 1.08476E-4 4.12518E-4 8.94777E-5 1.71478E-4 2.35552E-5 1.09934E-4 2.00378E-4 4.10138E-4 3.29978E-4 3.28937E-4 2.91391E-4 2.827E-4 2.88009E-4 2.76682E-4 3.1035E-4 3.467E-4 3.75686E-4 3.56338E-4 4.13439E-4 3.34669E-4 2.93494E-5 3.34988E-5 3.79099E-5 3.64795E-5 1.99618E-5 1.28094E-5 1.23906E-5 8.51923E-6 8.24396E-6 1.33635E-5 1.71249E-5 2.46704E-4 2.85996E-4 9.02203E-5 2.11339E-5 2.66436E-5 1.80703E-5 6.45435E-6 5.03866E-6 1.38189E-5 9.10131E-6 1.76917E-5 9.04161E-6 3.61521E-6 3.90124E-6 2.58752E-6 -9999 -9999 -9999 -9999 -9999 -9999 -9999 -9999 -9999 -9999 -9999 -9999
1.78603E-4 3.24142E-4 2.16903E-4 9.31347E-5 8.32669E-5 6.80672E-5 8.54392E-5 6.97185E-5 9.4588E-5 9.94931E-5 9.20796E-5 7.21671E-5 9.76981E-5 3.03369E-4 9.39492E-4 1.07117E-3 1.6239E-4 3.27344E-4 3.00781E-4 2.90388E-4 2.95415E-4 2.99116E-4 3.59991E-4 3.24807E-4 3.45519E-4 3.75565E-4 3.43656E-4 3.60528E-4 3.37696E-4 3.1301E-5 3.02234E-5 3.13377E-5 2.1418E-5 1.68579E-5 1.20515E-5 9.50695E-6 1.00825E-5 1.56626E-5 2.02382E-5 2.50818E-4 1.82479E-4 2.65177E-5 1.62636E-4 9.62551E-6 9.76124E-6 1.06936E-5 7.12832E-6 1.11365E-5 1.0233E-5 1.56552E-5 6.76236E-6 6.13507E-6 3.67184E-6 -9999 -9999 -9999 -9999 -9999 -9999 -9999 -9999 -9999 -9999 -9999 -9999 -9999
3.23047E-4 3.09435E-4 3.1745E-4 3.32627E-4 2.23603E-4 8.69934E-5 8.23203E-5 3.6588E-4 2.54725E-4 1.57117E-4 8.48677E-5 1.12362E-4 3.46844E-4 3.65723E-4 3.07927E-4 2.98375E-4 4.62231E-5 2.9355E-4 2.70609E-4 2.43181E-4 2.98615E-4 2.90922E-4 3.037E-5 2.67857E-5 4.62998E-5 3.4335E-4 3.13858E-4 3.2736E-4 2.89199E-4 2.27197E-4 9.08678E-5 2.52599E-5 2.22776E-5 1.89047E-5 1.69729E-5 1.60878E-5 2.04499E-5 2.99775E-5 6.75753E-5 2.4288E-4 3.7946E-5 1.26021E-5 1.71462E-5 7.82607E-5 6.43659E-6 1.18003E-5 2.25723E-5 1.29282E-5 1.03502E-5 9.74528E-6 6.99893E-6 3.40571E-6 3.63809E-6 2.13134E-6 -9999 -9999 -9999 -9999 -9999 -9999 -9999 -9999 -9999 -9999 -9999 -9999
8.4627E-5 9.10596E-5 2.9621E-4 3.26903E-4 3.25349E-4 3.22183E-4 3.35532E-4 3.51567E-4 1.33217E-4 1.2838E-4 3.1691E-4 3.41429E-4 3.37181E-4 2.51815E-4 4.12261E-5 1.43031E-4 2.05927E-5 1.90257E-5 1.53426E-5 1.84805E-5 1.87377E-5 1.78957E-5 1.70372E-5 2.15243E-5 1.96167E-4 7.77251E-5 3.38167E-5 2.99096E-4 2.64656E-4 2.06663E-4 1.89792E-4 3.96973E-5 2.2072E-5 2.39278E-5 2.30175E-5 2.18921E-5 2.51053E-5 2.54234E-5 9.61356E-5 2.39905E-4 3.59644E-5 1.40779E-5 1.21477E-5 1.79073E-5 1.12532E-5 7.86167E-6 4.96222E-5 1.11478E-5 1.21095E-5 1.44211E-5 4.60625E-6 4.06156E-6 2.35342E-6 -9999 -9999 -9999 -9999 -9999 -9999 -9999 -9999 -9999 -9999 -9999 -9999 -9999
7.70429E-5 6.93818E-5 8.87418E-5 6.83007E-5 7.15386E-5 3.59669E-5 3.57732E-5 5.74181E-5 1.03826E-4 9.35249E-5 3.05287E-4 2.92252E-4 2.82162E-4 2.53464E-5 2.59212E-5 1.57346E-5 1.26835E-5 1.20011E-5 1.31438E-5 1.26487E-5 1.32863E-5 1.2528E-5 1.42743E-5 1.60003E-5 1.92555E-5 2.57512E-5 3.71602E-5 1.36267E-4 2.37832E-4 2.05066E-4 1.73558E-4 1.69774E-4 1.78006E-5 1.98104E-5 2.21965E-5 2.24905E-5 2.47429E-5 2.46997E-4 2.21622E-4 2.19452E-4 1.81512E-4 2.45673E-5 2.09418E-5 1.33946E-5 7.48063E-6 4.61828E-6 5.78799E-6 1.18442E-5 1.3157E-5 3.06519E-5 4.08509E-6 2.78332E-6 -9999 -9999 -9999 -9999 -9999 -9999 -9999 -9999 -9999 -9999 -9999 -9999 -9999 -9999
4.01004E-5 3.83594E-5 3.29424E-5 2.99243E-5 1.778E-5 3.08208E-5 1.95572E-5 1.30475E-5 1.29167E-5 1.49961E-5 1.53347E-4 2.32558E-5 1.84756E-5 1.47056E-5 1.17611E-5 1.09292E-5 1.22387E-5 1.263E-5 1.03167E-5 1.05534E-5 1.02948E-5 1.16828E-5 1.16034E-5 1.22033E-5 1.50153E-5 2.11123E-5 3.16959E-5 2.95202E-5 2.16753E-5 1.37364E-4 1.6448E-4 1.51995E-4 1.82225E-5 1.64913E-5 1.731E-5 2.16005E-5 2.6753E-5 2.29129E-4 1.54289E-4 3.1845E-5 8.1711E-6 5.41109E-6 5.03276E-6 9.30184E-6 5.96124E-6 6.25355E-6 4.87509E-6 4.55707E-6 9.9249E-6 1.09457E-5 5.6758E-6 4.19951E-6 2.44786E-6 -9999 -9999 -9999 -9999 -9999 -9999 -9999 -9999 -9999 -9999 -9999 -9999 -9999
6.47027E-5 3.61882E-5 2.05397E-5 1.6959E-5 2.06335E-5 1.80489E-5 1.34798E-5 6.56333E-6 4.75953E-6 5.70113E-6 5.47607E-6 6.4822E-6 9.38762E-6 8.40532E-6 1.03513E-5 1.06688E-5 1.49983E-5 1.00874E-5 1.31711E-5 1.05377E-5 1.37565E-5 1.39344E-5 1.59226E-5 1.51062E-5 1.22926E-5 1.58034E-5 2.40351E-5 2.6347E-5 1.21052E-5 9.46948E-6 7.94841E-6 1.3805E-4 1.75069E-5 1.58999E-5 1.66853E-5 2.17321E-5 2.24207E-5 1.5466E-4 1.73217E-5 1.20997E-5 4.14933E-6 5.49119E-5 5.57381E-6 1.64127E-5 9.7902E-6 8.1521E-6 6.24614E-6 4.25364E-6 5.49671E-6 2.87283E-6 5.0874E-6 2.79998E-6 -9999 -9999 -9999 -9999 -9999 -9999 -9999 -9999 -9999 -9999 -9999 -9999 -9999 -9999
4.7802E-5 2.04644E-5 1.49816E-5 1.55761E-5 2.07647E-5 1.76716E-5 8.72861E-6 5.67604E-6 4.95859E-6 5.45047E-6 8.19415E-6 7.99231E-6 6.71445E-6 1.28468E-5 8.34236E-6 7.51211E-6 2.13009E-5 7.12682E-5 6.88282E-5 2.08901E-5 1.55836E-5 1.57971E-5 1.83727E-5 2.16566E-5 1.56729E-5 1.30821E-5 2.00308E-5 1.6592E-5 1.43551E-5 1.07484E-5 8.63095E-6 1.45368E-5 1.6166E-5 1.61433E-5 1.57198E-5 1.37912E-5 1.87504E-5 1.67431E-5 6.82703E-6 3.44695E-6 3.02301E-6 6.74133E-5 1.14376E-5 2.32053E-5 2.1161E-5 9.43372E-6 5.46867E-6 4.27346E-6 2.43877E-6 2.81247E-6 3.50309E-6 -9999 -9999 -9999 -9999 -9999 -9999 -9999 -9999 -9999 -9999 -9999 -9999 -9999 -9999 -9999
3.40528E-5 1.57614E-5 1.70198E-5 1.81854E-5 1.69982E-5 9.46307E-6 7.62106E-6 6.22651E-6 4.76024E-6 6.7281E-6 8.14398E-6 8.73429E-6 8.66151E-6 9.08681E-6 1.23699E-5 2.37347E-5 1.9899E-4 1.21042E-4 3.73591E-5 3.07336E-5 1.67853E-5 1.77257E-5 1.86481E-5 2.0653E-5 2.39296E-5 1.65301E-5 8.97487E-6 1.43724E-5 1.47371E-5 1.24469E-5 8.5181E-6 8.26549E-6 9.96032E-6 1.07348E-5 6.84088E-6 7.65241E-6 5.54069E-6 7.83736E-6 6.29297E-6 5.8257E-6 6.77597E-6 1.04516E-5 1.981E-5 3.57194E-5 1.73599E-5 1.3203E-5 4.37901E-6 3.03601E-6 1.93846E-6 2.42743E-6 -9999 -9999 -9999 -9999 -9999 -9999 -9999 -9999 -9999 -9999 -9999 -9999 -9999 -9999 -9999 -9999
9.64236E-6 1.05736E-5 1.44503E-5 2.32928E-5 2.24794E-5 9.50658E-6 7.71404E-6 8.27184E-6 9.90985E-6 6.91503E-6 8.78206E-6 7.24906E-6 1.06054E-5 1.18612E-5 1.43801E-5 1.69613E-5 1.18269E-4 3.26665E-5 8.91934E-6 7.07904E-6 1.38523E-5 1.08188E-5 5.44196E-6 6.49666E-6 1.06413E-5 6.80181E-6 7.2702E-6 8.64479E-6 1.16916E-5 1.34573E-5 1.0502E-5 8.22953E-6 7.80762E-6 7.69921E-6 6.66422E-6 7.57847E-6 6.73046E-6 4.90985E-6 4.77561E-6 1.02777E-5 1.38983E-5 1.37397E-5 1.64847E-5 1.44267E-5 2.18372E-5 4.23078E-6 3.9258E-6 2.56212E-6 -9999 -9999 -9999 -9999 -9999 -9999 -9999 -9999 -9999 -9999 -9999 -9999 -9999 -9999 -9999 -9999 -9999 -9999
2.22833E-5 2.03451E-5 2.21532E-5 1.99768E-5 1.24613E-5 8.194E-6 8.64575E-6 8.28383E-6 1.01579E-5 9.428E-6 8.53937E-6 7.69713E-6 9.82521E-6 9.60028E-6 9.56258E-6 1.42564E-5 1.19737E-5 1.36427E-5 7.88017E-6 7.93707E-6 7.11887E-6 5.48117E-6 5.91416E-6 5.22249E-6 5.59916E-6 7.36527E-6 5.88064E-6 7.08289E-6 1.03137E-5 1.37034E-5 1.07419E-5 8.88195E-6 9.02638E-6 6.50618E-6 4.37385E-6 5.71065E-6 1.07528E-5 5.97293E-6 2.75822E-6 3.3999E-6 1.41284E-5 1.29501E-5 1.98911E-5 3.21567E-5 2.85323E-5 3.42762E-6 3.66836E-6 3.1581E-6 -9999 -9999 -9999 -9999 -9999 -9999 -9999 -9999 -9999 -9999 -9999 -9999 -9999 -9999 -9999 -9999 -9999 -9999
2.68263E-5 2.69043E-5 2.84303E-5 2.13787E-5 1.09584E-5 8.43833E-6 1.01512E-5 1.54514E-5 1.28035E-5 1.32754E-5 1.00169E-5 1.02557E-5 1.31615E-5 1.19775E-5 1.60061E-5 1.90513E-5 1.89146E-5 2.41264E-5 1.73412E-5 1.30105E-5 9.9932E-6 5.45932E-6 5.88674E-6 6.48256E-6 5.67953E-6 4.68324E-6 5.07522E-6 6.25153E-6 8.62789E-6 1.08093E-5 1.13077E-5 8.03227E-6 5.78916E-6 4.59981E-6 3.73363E-6 4.76489E-6 1.12648E-5 4.02139E-6 3.12265E-6 5.71774E-6 1.1374E-5 1.39123E-5 1.96853E-5 2.85909E-5 9.84469E-6 4.12609E-6 3.49387E-6 -9999 -9999 -9999 -9999 -9999 -9999 -9999 -9999 -9999 -9999 -9999 -9999 -9999 -9999 -9999 -9999 -9999 -9999 -9999
2.13873E-4 3.20806E-4 3.1581E-4 3.01726E-4 3.52904E-4 1.75956E-4 2.8791E-4 3.23127E-4 1.2402E-4 2.91591E-4 3.03564E-4 2.9066E-4 6.32369E-5 1.64029E-4 4.66123E-5 2.2469E-4 2.34647E-4 2.09938E-4 2.28189E-4 2.33572E-4 2.43221E-5 9.59758E-6 8.66169E-6 9.1493E-6 7.58592E-6 4.77029E-6 5.53304E-6 6.85063E-6 8.48524E-6 8.39046E-6 8.086E-6 7.48614E-6 6.0349E-6 5.77907E-6 4.1862E-6 4.38341E-6 5.3938E-6 3.40027E-6 8.60894E-6 1.38362E-5 1.50309E-5 1.02539E-5 9.7996E-6 5.6507E-6 6.64417E-6 3.94379E-6 5.46629E-6 -9999 -9999 -9999 -9999 -9999 -9999 -9999 -9999 -9999 -9999 -9999 -9999 -9999 -9999 -9999 -9999 -9999 -9999 -9999
1.14729E-3 1.13202E-3 1.18995E-3 1.18153E-3 1.33692E-3 1.62199E-3 1.62302E-3 1.51904E-3 1.20353E-3 1.43352E-3 1.38678E-3 1.33605E-3 1.32755E-3 1.23915E-3 1.17863E-3 1.33329E-3 1.3436E-3 1.16692E-3 1.1513E-3 9.30867E-4 2.83046E-4 2.57452E-4 2.64102E-5 2.16461E-5 1.28299E-4 1.09393E-4 1.02989E-4 9.1066E-5 4.3988E-5 3.93894E-5 7.94903E-6 8.24034E-6 8.94032E-6 6.83133E-6 5.86324E-6 4.54565E-6 3.72711E-6 3.48981E-6 7.59898E-6 1.13998E-5 1.16245E-5 8.85186E-6 6.36041E-6 7.91413E-6 6.1766E-6 4.87217E-6 5.47522E-6 3.82487E-6 3.20837E-6 -9999 -9999 -9999 -9999 -9999 -9999 -9999 -9999 -9999 -9999 -9999 -9999 -9999 -9999 -9999 -9999 -9999
1.0613E-3 1.30859E-3 1.41442E-3 1.47266E-3 1.46349E-3 1.64871E-3 1.65621E-3 1.42824E-3 1.30388E-3 1.39655E-3 1.53015E-3 1.57051E-3 1.60575E-3 1.48552E-3 1.41007E-3 1.39607E-3 1.18117E-3 9.47193E-4 9.67342E-4 1.04784E-3 1.04634E-3 9.20273E-4 3.51455E-4 3.12689E-4 2.99486E-4 2.7504E-4 3.20496E-4 2.72924E-4 2.56822E-4 2.21773E-4 1.31962E-4 8.7434E-5 1.92942E-5 8.82178E-6 7.37771E-6 6.82407E-6 6.29262E-6 4.46224E-6 7.21983E-6 3.22259E-5 1.49343E-5 1.16838E-5 7.01957E-6 6.89716E-6 5.75914E-6 3.65731E-6 3.44581E-6 3.32944E-6 2.98083E-6 -9999 -9999 -9999 -9999 -9999 -9999 -9999 -9999 -9999 -9999 -9999 -9999 -9999 -9999 -9999 -9999 -9999
4.1068E-4 1.36641E-3 1.52394E-3 1.69938E-3 1.6915E-3 1.64537E-3 1.64989E-3 1.54985E-3 8.08488E-4 1.25488E-3 1.57861E-3 1.60988E-3 1.69002E-3 1.51829E-3 1.47529E-3 1.46498E-3 1.37555E-3 1.12138E-3 1.11764E-3 1.05066E-3 1.0446E-3 1.11033E-3 1.10368E-3 1.03768E-3 7.05849E-4 4.5109E-4 3.96646E-4 3.31206E-4 3.20597E-4 2.82663E-4 3.10035E-4 2.56043E-4 2.01326E-5 8.32157E-6 8.39812E-6 8.34073E-6 8.10408E-6 5.99754E-6 1.50918E-5 1.00476E-4 4.83257E-5 2.79199E-5 6.08753E-6 3.97605E-6 3.67256E-6 1.69268E-6 3.47557E-6 4.52703E-6 -9999 -9999 -9999 -9999 -9999 -9999 -9999 -9999 -9999 -9999 -9999 -9999 -9999 -9999 -9999 -9999 -9999 -9999
1.64581E-3 4.32164E-4 1.35046E-3 1.57896E-3 1.76415E-3 1.58567E-3 1.55286E-3 1.57074E-3 1.35855E-3 3.99948E-4 1.56602E-3 1.55323E-3 1.69416E-3 1.57429E-3 1.43487E-3 1.50451E-3 1.46472E-3 1.52546E-3 1.21197E-3 1.1989E-3 1.14373E-3 7.93627E-4 1.37717E-3 9.74433E-4 5.35442E-4 7.30582E-4 6.81321E-4 6.7728E-4 5.2181E-4 3.139E-4 2.59048E-4 2.36228E-4 9.91508E-6 7.48156E-6 7.90037E-6 8.76884E-6 7.536E-6 6.4904E-6 6.43493E-5 2.35916E-4 1.54571E-4 4.51079E-5 7.12868E-6 3.79685E-6 3.66297E-6 3.77081E-6 4.20182E-6 5.10331E-6 -9999 -9999 -9999 -9999 -9999 -9999 -9999 -9999 -9999 -9999 -9999 -9999 -9999 -9999 -9999 -9999 -9999 -9999
1.81491E-3 1.65207E-3 1.42158E-3 1.61429E-3 1.85072E-3 1.70307E-3 1.53345E-3 1.55917E-3 3.88009E-4 1.19717E-3 1.42048E-3 1.49727E-3 1.63252E-3 1.58977E-3 1.49476E-3 1.54219E-3 1.40916E-3 1.49599E-3 1.41155E-3 1.37854E-3 7.47688E-4 3.7796E-4 7.03107E-4 7.48958E-4 4.69575E-4 6.72495E-4 6.49899E-4 6.50751E-4 5.64074E-4 3.11684E-4 2.34398E-4 2.15851E-5 8.02704E-6 7.09512E-6 7.28389E-6 6.64778E-6 5.89828E-6 8.35414E-6 1.13932E-4 1.46232E-4 1.55923E-4 3.17872E-5 9.70213E-6 3.87706E-6 4.53139E-6 5.04814E-6 6.62338E-6 -9999 -9999 -9999 -9999 -9999 -9999 -9999 -9999 -9999 -9999 -9999 -9999 -9999 -9999 -9999 -9999 -9999 -9999 -9999
1.65938E-3 1.62288E-3 1.70965E-3 1.82147E-3 1.76406E-3 1.7582E-3 1.7845E-3 1.25042E-3 4.19392E-4 4.21745E-4 1.40587E-3 1.54645E-3 1.63665E-3 1.61108E-3 1.44159E-3 1.54643E-3 1.47192E-3 9.01337E-4 1.0334E-3 9.03823E-4 4.60347E-4 3.49486E-4 4.33531E-4 7.20881E-4 4.91258E-4 4.84655E-4 3.81112E-4 3.44801E-4 3.87018E-4 3.04645E-4 2.21177E-4 1.36096E-5 8.06822E-6 6.98285E-6 6.69319E-6 4.68446E-6 6.1258E-6 1.23489E-5 1.4112E-4 1.59619E-4 1.31736E-4 1.02715E-4 6.37091E-6 4.02694E-6 5.11247E-6 6.39224E-6 8.28078E-6 -9999 -9999 -9999 -9999 -9999 -9999 -9999 -9999 -9999 -9999 -9999 -9999 -9999 -9999 -9999 -9999 -9999 -9999 -9999
1.68823E-3 1.69637E-3 1.73016E-3 1.87536E-3 1.93762E-3 1.96189E-3 2.12457E-3 1.0794E-3 4.32715E-4 1.14178E-3 1.51767E-3 1.55768E-3 1.63846E-3 1.67316E-3 1.5599E-3 1.58942E-3 1.2327E-3 8.09116E-4 9.38504E-4 8.82706E-4 4.1326E-4 3.99975E-4 3.49434E-4 4.4327E-4 3.29931E-4 3.24374E-4 3.15932E-4 3.3851E-4 3.38201E-4 2.95127E-4 3.41541E-5 1.35024E-5 1.0293E-5 8.09827E-6 7.34404E-6 4.80859E-6 4.86968E-6 9.49669E-5 8.457E-5 1.41768E-4 1.40028E-4 9.76506E-5 4.88856E-6 5.39705E-6 6.43137E-6 7.72242E-6 -9999 -9999 -9999 -9999 -9999 -9999 -9999 -9999 -9999 -9999 -9999 -9999 -9999 -9999 -9999 -9999 -9999 -9999 -9999 -9999
1.52776E-3 1.62224E-3 1.5914E-3 1.76147E-3 2.22255E-3 2.06839E-3 2.16996E-3 4.23735E-4 4.4329E-4 4.34483E-4 1.49492E-3 1.73885E-3 1.67696E-3 1.54944E-3 1.28474E-3 1.30247E-3 9.59664E-4 8.88581E-4 4.80881E-4 3.96095E-4 4.21741E-4 3.45347E-4 3.09086E-4 2.94424E-4 2.90829E-4 1.387E-4 2.6349E-4 2.88568E-4 2.65739E-4 2.43258E-4 1.07224E-5 9.84715E-6 9.1434E-6 9.0586E-6 6.17324E-6 5.23651E-6 4.07717E-6 9.39246E-5 1.30821E-4 1.23958E-4 1.06616E-4 6.55695E-6 5.32293E-6 6.04965E-6 8.31118E-6 -9999 -9999 -9999 -9999 -9999 -9999 -9999 -9999 -9999 -9999 -9999 -9999 -9999 -9999 -9999 -9999 -9999 -9999 -9999 -9999 -9999
1.32189E-3 1.5633E-3 1.73079E-3 1.69769E-3 1.98369E-3 2.52349E-3 1.8863E-3 4.13862E-4 4.47328E-4 4.51036E-4 1.56292E-3 1.84889E-3 1.8611E-3 1.06817E-3 5.4169E-4 6.75414E-4 4.98711E-4 5.67868E-4 3.84383E-4 3.82219E-4 3.28004E-4 3.38762E-4 2.90157E-4 3.03182E-4 1.89674E-4 1.31096E-4 2.44621E-5 3.14535E-5 3.34457E-5 3.03242E-5 9.0231E-6 8.3336E-6 8.40548E-6 7.34814E-6 4.48105E-6 4.43223E-6 1.15081E-5 8.51909E-5 1.05697E-4 1.16298E-4 5.2994E-6 4.74044E-6 4.61477E-6 6.59769E-6 1.15559E-5 -9999 -9999 -9999 -9999 -9999 -9999 -9999 -9999 -9999 -9999 -9999 -9999 -9999 -9999 -9999 -9999 -9999 -9999 -9999 -9999 -9999
1.17946E-3 1.35739E-3 1.64597E-3 1.61376E-3 1.85942E-3 2.09201E-3 1.75526E-3 4.80599E-4 1.4715E-3 1.5403E-3 1.66833E-3 1.5365E-3 1.65053E-3 8.70618E-4 5.47517E-4 4.96175E-4 3.25251E-4 3.59755E-4 3.56343E-4 3.45063E-4 3.44092E-4 2.96319E-4 3.12687E-4 2.77597E-4 1.45809E-4 3.18564E-5 1.66408E-5 1.46139E-5 8.84626E-6 7.91015E-6 7.54333E-6 5.7027E-6 5.69239E-6 4.61437E-6 3.62425E-6 4.89496E-6 3.76607E-5 6.40979E-5 6.13965E-5 1.01221E-4 4.62031E-6 4.70263E-6 5.67644E-6 8.99946E-6 -9999 -9999 -9999 -9999 -9999 -9999 -9999 -9999 -9999 -9999 -9999 -9999 -9999 -9999 -9999 -9999 -9999 -9999 -9999 -9999 -9999 -9999
1.17973E-3 1.2462E-3 1.39399E-3 1.5063E-3 1.96672E-3 2.16074E-3 1.50302E-3 1.59883E-3 1.72266E-3 1.74911E-3 1.79591E-3 7.26699E-4 7.02856E-4 7.69988E-4 3.93574E-4 3.79289E-4 3.52157E-4 3.02584E-4 3.32929E-4 3.14247E-4 3.45114E-5 2.71451E-5 1.30655E-5 1.00502E-4 4.63792E-5 1.71219E-5 1.33802E-5 1.28592E-5 1.02531E-5 7.52951E-6 6.45867E-6 4.22587E-6 3.63268E-6 3.92525E-6 4.41353E-6 4.99552E-6 5.75675E-6 8.32581E-6 5.00265E-5 8.00535E-6 4.60611E-6 4.63078E-6 6.66433E-6 8.33199E-6 -9999 -9999 -9999 -9999 -9999 -9999 -9999 -9999 -9999 -9999 -9999 -9999 -9999 -9999 -9999 -9999 -9999 -9999 -9999 -9999 -9999 -9999
