catData/rasterBestHybridModels/Pviverrinus/RD_RM1_H/Pviverrinus_max.asc
ncols         409
nrows         350
xllcorner     60.897278365
yllcorner     5.843756025
cellsize      0.0892857
NODATA_value  -9999
[rows 145 to 173 of 350, columns 66 to 131 of 409]
-9999 -9999 -9999 -9999 -9999 -9999 -9999 1.05088E-5 1.23326E-5 1.75993E-5 1.68026E-5 1.81663E-5 2.12341E-5 2.29361E-5 2.19406E-5 2.4369E-5 2.36106E-5 2.05374E-5 1.76542E-5 1.9847E-5 2.07581E-5 -9999 -9999 -9999 -9999 -9999 7.28578E-6 5.65459E-6 4.64438E-6 4.16884E-6 4.01837E-6 3.43021E-6 2.53153E-6 2.28369E-6 1.96871E-6 1.56063E-6 -9999 -9999 -9999 -9999 -9999 -9999 -9999 -9999 -9999 -9999 -9999 -9999 -9999 -9999 2.1607E-6 3.07838E-6 6.68713E-7 5.34391E-6 7.77514E-6 1.00946E-5 1.1948E-5 1.29195E-5 1.42923E-5 1.53851E-5 1.63085E-5 1.54714E-5 6.42066E-6 2.06898E-5 2.66978E-5 1.6952E-5
-9999 -9999 -9999 -9999 -9999 -9999 -9999 9.38383E-6 1.28913E-5 1.4862E-5 2.20279E-5 2.42605E-5 2.17861E-5 1.95459E-5 1.69911E-5 1.74288E-5 2.14276E-5 1.97754E-5 -9999 -9999 -9999 7.0157E-6 -9999 -9999 -9999 -9999 -9999 5.50771E-6 4.80121E-6 4.10761E-6 3.43937E-6 3.13326E-6 3.86096E-6 1.55005E-6 2.34043E-6 2.12124E-6 -9999 -9999 -9999 -9999 -9999 -9999 -9999 -9999 -9999 -9999 -9999 -9999 -9999 -9999 2.36329E-6 3.17963E-6 1.98065E-6 7.65117E-6 7.41582E-6 8.54258E-6 1.03323E-5 3.46307E-6 7.83102E-6 7.98202E-6 4.7473E-6 8.17216E-6 1.42199E-5 1.58666E-5 5.26198E-6 9.15717E-6
-9999 -9999 -9999 -9999 -9999 -9999 -9999 -9999 -9999 -9999 2.27903E-5 2.55676E-5 2.16944E-5 1.97385E-5 -9999 1.79219E-5 1.62331E-5 1.09353E-5 1.15096E-5 1.06621E-5 6.17554E-6 6.96132E-6 -9999 -9999 -9999 -9999 -9999 -9999 -9999 -9999 -9999 -9999 5.49241E-6 1.00512E-6 1.2767E-6 3.07746E-6 -9999 3.10124E-6 3.29585E-6 1.65716E-6 3.29351E-6 2.91022E-6 5.68682E-6 2.45759E-6 2.59332E-6 2.48453E-6 -9999 -9999 3.24268E-6 3.17843E-6 3.53188E-6 2.79103E-6 2.59908E-6 4.61332E-6 5.80434E-6 7.93229E-6 3.59199E-6 2.92779E-6 1.00155E-5 1.09499E-5 4.47978E-6 7.84203E-6 5.6429E-6 1.54593E-5 1.68868E-5 1.86159E-5
-9999 -9999 -9999 -9999 -9999 -9999 -9999 -9999 -9999 -9999 -9999 -9999 -9999 2.47947E-5 1.91005E-5 1.8959E-5 -9999 1.03398E-5 -9999 8.59386E-6 -9999 1.88053E-5 1.40381E-5 1.25256E-5 -9999 -9999 4.12099E-6 3.13266E-6 -9999 2.65232E-6 2.8737E-6 3.28988E-6 4.48658E-6 8.96362E-7 1.01285E-6 2.19827E-6 -9999 2.45369E-6 2.73435E-6 9.9652E-7 2.71465E-6 -9999 6.43582E-6 2.31205E-6 2.0523E-6 2.43791E-6 3.28076E-6 1.94713E-6 2.9033E-6 2.64218E-6 3.8853E-6 3.48192E-6 3.77821E-6 8.51229E-6 6.80066E-6 8.02304E-6 2.99999E-6 2.33346E-6 2.64911E-6 1.02886E-5 3.30033E-6 3.62863E-6 3.73847E-6 9.47987E-6 1.44588E-5 6.81465E-6
-9999 -9999 -9999 -9999 -9999 -9999 -9999 -9999 -9999 -9999 -9999 -9999 -9999 -9999 -9999 -9999 9.5408E-6 9.89891E-6 -9999 -9999 1.53848E-5 8.14594E-6 3.75231E-6 3.10441E-6 2.75066E-6 8.09885E-6 5.11979E-6 3.56101E-6 2.91622E-6 2.81651E-6 2.91699E-6 3.19427E-6 3.50855E-6 1.74269E-6 1.82647E-6 7.72236E-6 -9999 -9999 -9999 2.71064E-6 2.9977E-6 2.76355E-6 6.69453E-6 5.44901E-6 4.50319E-6 3.81298E-6 3.97754E-6 2.9482E-6 4.73445E-6 4.08686E-6 5.10826E-6 4.60799E-6 8.09737E-6 7.99304E-6 3.73421E-6 2.16992E-6 9.11973E-7 1.89038E-6 2.69655E-6 2.95163E-6 6.52633E-6 3.36597E-6 3.66304E-6 4.03358E-6 1.00916E-5 1.65177E-5
-9999 -9999 -9999 -9999 -9999 -9999 -9999 -9999 -9999 -9999 -9999 -9999 -9999 -9999 -9999 -9999 -9999 9.92992E-6 -9999 1.49063E-5 5.98532E-6 3.67356E-6 3.31505E-6 3.94796E-6 3.42408E-6 2.30487E-6 6.07335E-6 5.34786E-6 4.10543E-6 3.49704E-6 3.14552E-6 2.97007E-6 3.18595E-6 3.11738E-6 2.23026E-6 -9999 -9999 -9999 -9999 -9999 -9999 6.49635E-6 3.98628E-6 2.32207E-6 1.83423E-6 1.50857E-6 2.78953E-6 5.79168E-6 6.70205E-6 1.94134E-6 3.99359E-6 5.24889E-6 5.8609E-6 4.29026E-6 3.00233E-6 2.12347E-6 2.36012E-6 9.63744E-7 2.66105E-6 2.90246E-6 3.08198E-6 6.86222E-6 5.22089E-6 4.00424E-6 1.70021E-5 1.78338E-5
-9999 -9999 -9999 -9999 -9999 -9999 -9999 -9999 -9999 -9999 -9999 -9999 -9999 -9999 -9999 -9999 -9999 -9999 -9999 1.14944E-5 5.05419E-6 4.2935E-6 3.95467E-6 4.23368E-6 6.24287E-6 5.49398E-6 4.16956E-6 9.1457E-6 7.65425E-6 4.89602E-6 3.72929E-6 3.06301E-6 3.46065E-6 3.00725E-6 2.26562E-6 2.09986E-6 2.45926E-6 -9999 -9999 5.56443E-6 2.53125E-6 2.07918E-6 3.05524E-6 2.18364E-6 1.95775E-6 1.5845E-6 1.43732E-6 4.03329E-6 2.28015E-6 -9999 -9999 3.83288E-6 5.52741E-6 5.27486E-6 3.6452E-6 2.62662E-6 1.96589E-6 1.74927E-6 2.03351E-6 3.00425E-6 3.09764E-6 3.41245E-6 5.72249E-6 1.64068E-5 1.80996E-5 1.73109E-5
-9999 -9999 -9999 -9999 -9999 -9999 -9999 -9999 -9999 -9999 -9999 -9999 -9999 -9999 -9999 -9999 -9999 -9999 -9999 1.87061E-5 5.25987E-6 5.02131E-6 4.18627E-6 4.32786E-6 8.57832E-6 7.74651E-6 5.74869E-6 4.19742E-6 3.21711E-6 2.14855E-6 3.07491E-6 4.38279E-6 3.76221E-6 3.91875E-6 3.73783E-6 3.94292E-6 3.76644E-6 4.38432E-6 4.09843E-6 4.31094E-6 2.42264E-6 2.99278E-6 3.3238E-6 2.87062E-6 2.16365E-6 1.67193E-6 3.23471E-6 5.80158E-6 2.27227E-6 1.67928E-6 1.96937E-6 -9999 4.19027E-6 5.79381E-6 4.10067E-6 3.22875E-6 2.60882E-6 5.25761E-7 9.68888E-7 1.89303E-6 3.15506E-6 1.33336E-5 1.57972E-5 1.7198E-5 1.86032E-5 2.14517E-5
-9999 -9999 -9999 -9999 -9999 -9999 -9999 -9999 -9999 -9999 -9999 -9999 -9999 -9999 -9999 -9999 -9999 -9999 -9999 -9999 2.21823E-5 1.18395E-5 9.73266E-6 5.67262E-6 5.856E-6 8.77033E-6 8.18936E-6 6.49275E-6 4.43552E-6 3.61901E-6 2.70467E-6 1.42487E-6 1.19296E-6 1.28942E-6 1.2987E-6 1.34084E-6 3.53578E-6 1.10744E-5 9.0368E-6 4.72623E-6 2.29401E-6 2.70481E-6 3.18818E-6 2.85586E-6 2.21568E-6 4.65115E-6 5.87612E-6 -9999 1.30498E-6 -9999 1.74286E-6 -9999 -9999 3.71026E-6 3.85539E-6 2.7105E-6 6.95089E-7 6.4783E-7 8.39992E-7 1.21918E-6 4.63485E-6 1.29431E-5 1.5453E-5 1.61426E-5 1.81573E-5 2.21129E-5
-9999 -9999 -9999 -9999 -9999 -9999 -9999 -9999 -9999 -9999 -9999 -9999 -9999 -9999 -9999 -9999 -9999 -9999 -9999 -9999 -9999 3.45382E-5 1.70418E-5 7.16345E-6 5.73196E-6 5.36384E-6 7.40462E-6 9.59663E-6 7.95094E-6 3.92415E-6 2.45415E-6 2.07438E-6 1.83829E-6 2.23578E-6 2.17844E-6 3.68154E-6 3.91997E-6 4.41479E-6 4.53912E-6 3.50695E-6 4.81195E-6 3.18126E-6 2.96267E-6 4.10056E-6 1.01252E-5 9.07444E-6 -9999 1.9496E-6 1.62941E-6 -9999 -9999 -9999 -9999 6.34173E-7 1.69378E-6 1.13698E-6 8.81703E-7 1.39886E-6 1.1223E-6 1.47034E-6 2.50616E-6 1.42354E-5 1.60875E-5 1.67373E-5 1.91214E-5 2.03065E-5
-9999 -9999 -9999 -9999 -9999 -9999 -9999 -9999 -9999 -9999 -9999 -9999 -9999 -9999 -9999 -9999 -9999 -9999 -9999 -9999 2.00345E-5 3.69931E-5 1.93554E-5 7.69637E-6 6.37421E-6 5.92161E-6 6.76672E-6 1.01129E-5 1.46013E-5 5.92484E-6 3.99788E-6 3.44517E-6 4.4061E-6 3.36509E-6 4.41633E-6 5.2155E-6 5.21159E-6 4.73972E-6 1.49991E-5 3.87641E-5 4.55415E-5 2.64185E-5 2.32014E-5 3.51577E-5 1.07876E-5 6.6651E-6 3.91993E-6 3.22469E-6 9.84167E-7 2.18632E-6 1.71317E-6 -9999 -9999 -9999 1.91088E-6 1.55376E-6 1.36282E-6 1.57046E-6 1.79541E-6 2.0656E-6 4.21697E-6 4.43787E-6 1.12554E-5 1.97264E-5 1.36952E-5 2.27193E-5
-9999 -9999 -9999 -9999 -9999 -9999 -9999 -9999 -9999 -9999 -9999 -9999 -9999 -9999 -9999 -9999 -9999 -9999 -9999 -9999 -9999 -9999 3.21398E-5 1.39779E-5 6.82206E-6 6.54602E-6 8.08904E-6 1.21822E-5 1.50819E-5 7.78451E-6 5.40733E-6 6.55076E-6 7.35099E-6 5.30061E-6 5.15322E-6 8.23023E-6 6.10368E-6 1.28106E-5 4.89091E-5 3.29067E-5 3.42139E-5 3.81178E-5 3.45692E-5 2.03772E-5 2.00937E-6 1.75414E-6 1.877E-6 1.42678E-6 1.87482E-6 1.96624E-6 1.51964E-6 1.42613E-6 1.90212E-6 9.49671E-7 1.02206E-6 1.45177E-6 1.61921E-6 3.40414E-6 3.12453E-6 2.86785E-6 5.78556E-6 5.61135E-6 4.96435E-6 5.36934E-6 1.56342E-5 5.24456E-5
-9999 -9999 -9999 -9999 -9999 -9999 -9999 -9999 -9999 -9999 -9999 -9999 -9999 -9999 -9999 -9999 -9999 -9999 -9999 -9999 -9999 -9999 -9999 2.38714E-5 1.41972E-5 1.04025E-5 1.3941E-5 1.6949E-5 1.56831E-5 1.24514E-5 1.08756E-5 5.89315E-6 4.57124E-6 5.1476E-6 8.05231E-6 7.41426E-6 8.11691E-6 3.27545E-5 5.02241E-5 4.89183E-5 3.99031E-5 3.41778E-5 1.02645E-5 3.80174E-6 2.76155E-6 4.3062E-6 1.35436E-6 8.89167E-7 1.10604E-6 6.68443E-7 6.38691E-7 7.54577E-7 6.97864E-7 8.58476E-7 6.09431E-7 7.10138E-7 1.16362E-6 2.00909E-6 2.49183E-6 3.8646E-6 1.11344E-5 7.64762E-6 6.65447E-6 7.46015E-6 1.5508E-4 1.58125E-4
-9999 -9999 -9999 -9999 -9999 -9999 -9999 -9999 -9999 -9999 -9999 -9999 -9999 -9999 -9999 -9999 -9999 -9999 -9999 -9999 -9999 -9999 -9999 -9999 -9999 5.17245E-5 2.52522E-5 1.57043E-5 1.42413E-5 1.73095E-5 1.33274E-5 9.82663E-6 9.78927E-6 9.53203E-6 1.26347E-5 1.34176E-5 3.51928E-5 -9999 4.61835E-5 3.87884E-5 4.3242E-5 4.45604E-5 7.99511E-6 1.95161E-6 1.1899E-5 8.00021E-6 5.88449E-6 2.56155E-6 2.25524E-6 7.87637E-7 5.97368E-7 8.62488E-7 7.43334E-7 1.09597E-6 7.27358E-7 3.87094E-7 6.77145E-7 1.46241E-6 4.55797E-6 6.17084E-6 7.16423E-6 7.59571E-6 7.50057E-6 2.34463E-5 8.35962E-5 1.49639E-4
-9999 -9999 -9999 -9999 -9999 -9999 -9999 -9999 -9999 -9999 -9999 -9999 -9999 -9999 -9999 -9999 -9999 -9999 -9999 -9999 -9999 -9999 -9999 -9999 -9999 -9999 -9999 6.39655E-5 4.96065E-5 4.51698E-5 3.96291E-5 3.59205E-5 3.40708E-5 3.42912E-5 -9999 -9999 -9999 -9999 -9999 -9999 5.2573E-5 2.82988E-5 5.80326E-6 1.1509E-5 7.81239E-6 6.32353E-6 6.04479E-6 1.75768E-6 1.11132E-6 6.81466E-7 1.72925E-6 8.21954E-7 7.37846E-7 6.66991E-7 5.88369E-7 3.68921E-7 5.31054E-7 1.29549E-6 5.8E-6 8.6829E-6 1.04168E-5 1.17445E-5 2.8504E-5 2.39943E-5 3.16863E-5 1.36698E-5
-9999 -9999 -9999 -9999 -9999 -9999 -9999 -9999 -9999 -9999 -9999 -9999 -9999 -9999 -9999 -9999 -9999 -9999 -9999 -9999 -9999 -9999 -9999 -9999 -9999 -9999 -9999 -9999 -9999 -9999 -9999 6.84864E-5 6.77687E-5 -9999 -9999 -9999 -9999 -9999 -9999 8.5977E-5 1.58723E-5 1.0614E-5 3.00304E-6 8.67611E-6 7.07409E-6 6.97465E-6 6.34537E-6 1.28106E-6 2.19478E-6 1.54361E-6 1.48166E-6 1.11017E-6 1.45706E-6 2.78397E-6 2.85757E-6 5.12359E-7 5.27546E-7 1.46768E-6 5.04262E-6 2.79142E-5 2.00225E-5 1.66672E-5 1.59867E-5 1.94358E-5 2.48501E-5 6.62757E-5
-9999 -9999 -9999 -9999 -9999 -9999 -9999 -9999 -9999 -9999 -9999 -9999 -9999 -9999 -9999 -9999 -9999 -9999 -9999 -9999 -9999 -9999 -9999 -9999 -9999 -9999 -9999 -9999 -9999 -9999 -9999 -9999 -9999 -9999 -9999 -9999 -9999 -9999 -9999 2.0292E-5 5.56112E-6 2.59808E-6 1.64784E-6 5.34341E-6 1.6613E-6 6.28695E-6 2.3364E-6 1.34817E-6 1.30901E-6 3.85025E-6 1.15514E-6 1.62694E-6 2.72121E-6 2.72007E-6 2.82941E-6 2.98407E-6 7.14231E-7 1.98057E-6 4.91813E-6 1.76778E-5 2.01306E-5 7.75853E-5 1.69524E-5 2.38346E-5 6.27999E-5 8.7841E-5
-9999 -9999 -9999 -9999 -9999 -9999 -9999 -9999 -9999 -9999 -9999 -9999 -9999 -9999 -9999 -9999 -9999 -9999 -9999 -9999 -9999 -9999 -9999 -9999 -9999 -9999 -9999 -9999 -9999 -9999 -9999 -9999 -9999 -9999 -9999 -9999 -9999 -9999 2.74267E-5 5.9198E-6 2.6608E-6 1.51769E-6 1.45948E-6 1.57101E-6 1.46719E-6 1.86518E-6 1.70471E-6 1.25906E-6 1.23787E-6 2.13749E-6 1.66645E-6 7.15812E-7 6.81021E-7 2.64915E-6 2.76972E-6 2.06452E-6 7.79317E-7 1.79842E-6 3.71874E-6 1.64653E-5 2.7479E-5 8.31239E-5 3.05882E-5 3.56994E-5 3.50786E-5 4.22822E-5
-9999 -9999 -9999 -9999 -9999 -9999 -9999 -9999 -9999 -9999 -9999 -9999 -9999 -9999 -9999 -9999 -9999 -9999 -9999 -9999 -9999 -9999 -9999 -9999 -9999 -9999 -9999 -9999 -9999 -9999 -9999 -9999 -9999 -9999 -9999 2.60817E-4 9.23537E-5 9.0575E-5 3.65687E-5 1.51027E-5 2.18486E-6 1.51761E-6 1.48196E-6 1.72789E-6 1.624E-6 1.88158E-6 1.69468E-6 1.52316E-6 1.35552E-6 1.73082E-6 1.78584E-6 6.66986E-7 9.23737E-7 1.27436E-5 5.08376E-6 6.72962E-7 7.30439E-7 1.75166E-6 2.91026E-6 2.11542E-5 2.71961E-5 1.00511E-4 3.2842E-5 3.87034E-5 8.55955E-5 3.51578E-5
-9999 -9999 -9999 -9999 -9999 -9999 -9999 -9999 -9999 -9999 -9999 -9999 -9999 -9999 -9999 -9999 -9999 -9999 -9999 -9999 -9999 -9999 -9999 -9999 -9999 3.70722E-4 -9999 -9999 -9999 -9999 2.49561E-4 -9999 6.09699E-5 2.49906E-4 5.28771E-5 5.48582E-5 2.70677E-5 2.05704E-5 1.50661E-5 1.28623E-5 1.9341E-6 1.65743E-6 1.47317E-6 1.34522E-6 6.46042E-6 6.32549E-6 5.91101E-6 5.58536E-6 1.72947E-6 1.35788E-6 8.33043E-7 7.04749E-7 1.94843E-6 7.89079E-6 4.40235E-6 4.51912E-6 4.63921E-6 2.255E-6 2.26745E-6 1.48181E-5 7.14583E-6 1.33915E-5 4.43909E-5 4.81386E-5 4.40179E-5 3.97906E-5
-9999 -9999 -9999 -9999 -9999 -9999 -9999 -9999 -9999 -9999 -9999 -9999 -9999 -9999 -9999 -9999 -9999 -9999 -9999 -9999 -9999 -9999 -9999 -9999 2.85485E-4 1.96901E-4 -9999 -9999 1.50624E-4 2.62969E-4 2.18899E-4 4.29643E-5 2.9016E-5 2.44449E-5 1.55692E-5 2.09669E-5 1.56237E-5 1.50852E-5 4.19173E-6 1.44566E-5 1.73335E-6 1.49923E-6 1.33303E-6 7.21147E-6 8.05008E-6 7.04853E-6 8.06177E-6 5.7491E-6 1.71108E-6 1.44749E-6 1.03766E-6 7.45834E-7 1.39051E-6 3.23676E-6 4.185E-6 2.73943E-6 9.57218E-7 1.17027E-6 2.41955E-6 4.21283E-6 2.24005E-5 2.98946E-5 2.48867E-4 2.64394E-4 1.01405E-4 7.06584E-5
-9999 -9999 -9999 -9999 -9999 -9999 -9999 -9999 -9999 -9999 -9999 -9999 -9999 -9999 -9999 -9999 -9999 -9999 -9999 -9999 -9999 -9999 -9999 -9999 -9999 1.86262E-4 7.518E-5 4.54486E-5 6.27109E-5 2.47773E-5 1.62329E-5 3.89709E-5 1.97223E-5 1.58902E-5 1.24217E-5 9.94795E-6 2.15526E-6 2.16001E-6 2.15949E-6 1.80594E-6 1.55799E-6 1.31026E-6 1.086E-6 2.05164E-6 7.80231E-6 7.2996E-6 7.73228E-6 5.97505E-6 4.83479E-6 3.38366E-6 3.25292E-6 5.35686E-6 1.37649E-5 4.2619E-6 1.98392E-6 1.37888E-6 1.04149E-6 2.35651E-6 3.91355E-6 5.9463E-6 2.41282E-5 3.85751E-5 3.16944E-4 -9999 -9999 9.92115E-5
-9999 -9999 -9999 -9999 -9999 -9999 -9999 -9999 -9999 -9999 -9999 -9999 -9999 -9999 -9999 -9999 -9999 -9999 -9999 -9999 -9999 -9999 -9999 -9999 -9999 2.28998E-4 8.2373E-5 4.95717E-5 9.09501E-6 1.03595E-5 1.15107E-5 1.11152E-5 2.03624E-5 3.13034E-5 4.44078E-6 2.61094E-6 7.09279E-6 2.20208E-6 2.19566E-6 1.85708E-6 1.37456E-6 1.31329E-6 1.02918E-6 9.19866E-7 6.24916E-6 6.64612E-6 5.90988E-6 5.20952E-6 3.84886E-6 2.79023E-6 2.86187E-6 2.74857E-6 8.56235E-6 9.14706E-6 1.30768E-5 1.07996E-5 1.73973E-6 3.47769E-6 3.58899E-5 3.33908E-5 3.32456E-5 5.63952E-5 -9999 -9999 -9999 5.25431E-5
-9999 -9999 -9999 -9999 -9999 -9999 -9999 -9999 -9999 -9999 -9999 -9999 -9999 -9999 -9999 -9999 -9999 -9999 -9999 -9999 -9999 -9999 -9999 -9999 -9999 -9999 2.4881E-4 5.62476E-5 1.73939E-5 8.50034E-6 7.95566E-6 9.2401E-6 9.03548E-6 7.40408E-6 2.30451E-6 2.55383E-6 2.10919E-6 1.70696E-6 2.10421E-6 1.52422E-6 1.1899E-6 1.12037E-6 1.32409E-6 1.5088E-6 6.16282E-6 2.1576E-6 5.15744E-6 6.56418E-6 1.24674E-5 2.75564E-6 2.74332E-6 2.48168E-6 3.2466E-6 8.56035E-6 4.62584E-6 4.33967E-6 1.28363E-5 7.59668E-6 3.75413E-5 1.96069E-4 2.38863E-5 7.57105E-5 -9999 -9999 2.41514E-5 2.73331E-5
-9999 -9999 -9999 -9999 -9999 -9999 -9999 -9999 -9999 -9999 -9999 -9999 -9999 -9999 -9999 -9999 -9999 -9999 -9999 -9999 -9999 -9999 -9999 -9999 -9999 -9999 -9999 5.41473E-5 5.39234E-5 7.21193E-5 2.12268E-5 6.71103E-5 2.53065E-5 1.46266E-5 3.76403E-6 2.46096E-6 1.56382E-6 1.65457E-6 3.87908E-6 1.59497E-6 1.14134E-6 1.24797E-6 5.70857E-6 5.22165E-6 4.8413E-6 1.00352E-5 1.40512E-6 1.51996E-6 1.8626E-6 1.32235E-6 1.46487E-6 1.85111E-6 3.71143E-6 6.03725E-6 1.21949E-5 9.23418E-6 1.70556E-5 1.25029E-5 6.95481E-5 2.73922E-4 3.8229E-4 -9999 -9999 -9999 3.58939E-5 3.26483E-5
-9999 -9999 -9999 -9999 -9999 -9999 -9999 -9999 -9999 -9999 -9999 -9999 -9999 -9999 -9999 -9999 -9999 -9999 -9999 -9999 -9999 -9999 -9999 -9999 -9999 -9999 -9999 -9999 1.17794E-4 5.41873E-4 4.53492E-4 1.6037E-4 1.82806E-5 9.23313E-6 2.32341E-6 2.02736E-6 1.81502E-6 9.65039E-6 9.62194E-6 3.17113E-6 1.07404E-6 1.03022E-6 6.03942E-6 8.96214E-6 4.99694E-6 4.03445E-6 1.62E-6 1.73499E-6 9.72419E-7 8.49139E-7 8.28501E-7 8.96815E-7 3.00661E-6 3.10694E-6 4.24179E-6 7.38843E-6 4.00118E-6 1.76584E-5 1.7109E-4 2.3543E-4 6.9606E-4 -9999 -9999 -9999 1.87824E-4 2.97952E-5
-9999 -9999 -9999 -9999 -9999 -9999 -9999 -9999 -9999 -9999 -9999 -9999 -9999 -9999 -9999 -9999 -9999 -9999 -9999 -9999 -9999 -9999 -9999 -9999 -9999 -9999 -9999 -9999 -9999 4.46317E-4 1.72791E-4 2.57643E-4 2.44213E-5 1.51704E-5 3.15045E-6 4.59407E-6 1.00892E-5 1.44668E-5 1.00288E-5 9.42409E-6 7.85082E-6 7.09057E-6 5.51872E-6 5.29994E-6 5.87471E-6 4.95327E-6 1.08641E-5 1.39386E-5 9.31733E-7 8.62902E-7 8.23786E-7 8.85716E-7 3.18609E-6 1.12214E-5 3.58202E-6 9.78954E-6 5.25421E-6 1.24685E-5 2.04661E-5 2.97427E-5 9.71115E-5 -9999 -9999 -9999 -9999 1.34859E-5
-9999 -9999 -9999 -9999 -9999 -9999 -9999 -9999 -9999 -9999 -9999 -9999 -9999 -9999 -9999 -9999 -9999 -9999 -9999 -9999 -9999 -9999 -9999 -9999 -9999 -9999 -9999 -9999 -9999 -9999 -9999 2.07459E-4 1.96089E-5 2.78975E-5 1.31807E-5 6.1956E-6 4.19047E-6 1.76495E-5 1.55024E-5 1.37588E-5 3.84879E-5 9.4165E-6 7.29602E-6 5.65675E-6 4.97594E-6 1.15138E-6 1.82125E-6 5.43977E-6 1.23648E-6 4.35165E-6 3.16258E-6 4.74879E-6 4.24096E-6 3.3871E-6 4.85656E-6 4.42246E-6 5.10464E-6 6.37295E-6 6.88322E-6 9.0397E-6 1.93489E-5 -9999 -9999 -9999 3.67601E-5 1.48578E-5
-9999 -9999 -9999 -9999 -9999 -9999 -9999 -9999 -9999 -9999 -9999 -9999 -9999 -9999 -9999 -9999 -9999 -9999 -9999 -9999 -9999 -9999 -9999 -9999 -9999 -9999 -9999 -9999 -9999 -9999 -9999 -9999 -9999 1.41017E-4 6.46294E-5 2.33649E-5 2.14707E-5 2.30927E-5 1.80314E-5 1.59115E-5 1.49689E-5 1.76497E-5 1.28275E-5 3.23919E-6 1.2563E-6 1.35707E-6 1.32453E-6 1.23873E-6 4.49876E-6 3.85726E-6 5.39873E-6 3.6187E-6 3.58556E-6 3.9413E-6 4.3587E-6 6.31474E-6 6.88374E-6 6.78968E-6 8.29819E-6 9.46895E-6 9.12086E-6 3.58526E-5 -9999 -9999 -9999 1.56244E-4
