catData/rasterBestHybridModels/Pviverrinus/RD_RM1_H/Pviverrinus_max.asc
ncols         409
nrows         350
xllcorner     60.897278365
yllcorner     5.843756025
cellsize      0.0892857
NODATA_value  -9999
[rows 87 to 115 of 350, columns 330 to 395 of 409]
-9999 -9999 -9999 -9999 -9999 -9999 -9999 -9999 -9999 -9999 -9999 -9999 -9999 -9999 -9999 -9999 -9999 -9999 -9999 -9999 -9999 -9999 -9999 -9999 -9999 -9999 -9999 -9999 -9999 -9999 -9999 -9999 -9999 -9999 -9999 -9999 -9999 -9999 -9999 -9999 -9999 -9999 -9999 -9999 -9999 -9999 -9999 7.22536E-7 7.25612E-7 -9999 -9999 -9999 -9999 -9999 -9999 -9999 -9999 -9999 -9999 -9999 8.35606E-7 8.48111E-7 8.99071E-7 7.92134E-7 8.05803E-7 -9999
-9999 -9999 -9999 -9999 -9999 -9999 -9999 -9999 -9999 -9999 -9999 -9999 -9999 -9999 -9999 -9999 -9999 -9999 -9999 -9999 -9999 -9999 -9999 -9999 -9999 -9999 -9999 -9999 -9999 -9999 -9999 -9999 -9999 -9999 -9999 -9999 -9999 -9999 -9999 -9999 -9999 -9999 -9999 -9999 -9999 7.53856E-7 7.19339E-7 7.38377E-7 7.97012E-7 8.06183E-7 -9999 -9999 -9999 -9999 -9999 -9999 -9999 -9999 8.72757E-7 8.73388E-7 8.79327E-7 1.09434E-6 9.88294E-7 8.91263E-7 9.41801E-7 8.2143E-7
-9999 -9999 -9999 -9999 -9999 -9999 -9999 -9999 -9999 -9999 -9999 -9999 -9999 -9999 -9999 -9999 -9999 -9999 -9999 -9999 -9999 -9999 -9999 -9999 -9999 -9999 -9999 -9999 -9999 -9999 -9999 -9999 -9999 -9999 -9999 -9999 -9999 -9999 -9999 -9999 -9999 -9999 -9999 7.1622E-7 7.36315E-7 8.45905E-7 8.36378E-7 1.20022E-6 8.63752E-7 1.03302E-6 1.4773E-6 3.14373E-6 2.50181E-6 1.48431E-6 -9999 -9999 -9999 9.43078E-7 9.45891E-7 1.03809E-6 1.0598E-6 1.19821E-6 1.09312E-6 1.02893E-6 1.50884E-6 -9999
-9999 -9999 -9999 -9999 -9999 -9999 -9999 -9999 -9999 -9999 -9999 -9999 -9999 -9999 -9999 -9999 -9999 -9999 -9999 -9999 -9999 -9999 -9999 -9999 -9999 -9999 -9999 -9999 -9999 -9999 -9999 -9999 -9999 -9999 -9999 -9999 -9999 -9999 -9999 -9999 -9999 -9999 7.39925E-7 7.28955E-7 7.22688E-7 8.82469E-7 1.07726E-6 9.47574E-7 1.11804E-6 2.00869E-6 3.57503E-6 3.10086E-6 2.09407E-6 1.41951E-6 9.38772E-7 9.26367E-7 -9999 1.04448E-6 1.06499E-6 1.27229E-6 1.64328E-6 1.24385E-6 1.25043E-6 1.11955E-6 9.39004E-7 -9999
-9999 -9999 -9999 -9999 -9999 -9999 -9999 -9999 -9999 -9999 -9999 -9999 -9999 -9999 -9999 -9999 -9999 -9999 -9999 -9999 -9999 -9999 -9999 -9999 -9999 -9999 -9999 -9999 -9999 -9999 -9999 -9999 -9999 -9999 -9999 -9999 -9999 -9999 -9999 -9999 -9999 -9999 8.30974E-7 8.65057E-7 8.20446E-7 8.48251E-7 1.38683E-6 1.52493E-6 2.21686E-6 3.71956E-6 4.01157E-6 3.14697E-6 2.66635E-6 1.61239E-6 1.01806E-6 9.18634E-7 1.19253E-6 1.29899E-6 1.13881E-6 1.31423E-6 2.15847E-6 1.71706E-6 1.76083E-6 1.24433E-6 9.79957E-7 -9999
-9999 -9999 -9999 -9999 -9999 -9999 -9999 -9999 -9999 -9999 -9999 -9999 -9999 -9999 -9999 -9999 -9999 -9999 -9999 -9999 -9999 -9999 -9999 -9999 -9999 -9999 -9999 -9999 -9999 -9999 -9999 -9999 -9999 -9999 -9999 -9999 -9999 -9999 -9999 -9999 -9999 7.35088E-7 9.30789E-7 2.10933E-6 1.01819E-6 8.28898E-7 1.17525E-6 2.09675E-6 2.81033E-6 4.99482E-6 3.54175E-6 2.96826E-6 2.26856E-6 1.92431E-6 1.44322E-6 1.09003E-6 1.1905E-6 1.50884E-6 1.4604E-6 1.48335E-6 1.82098E-6 2.69911E-6 2.32192E-6 1.33349E-6 9.33988E-7 1.07596E-6
-9999 -9999 -9999 -9999 -9999 -9999 -9999 -9999 -9999 -9999 -9999 -9999 -9999 -9999 -9999 -9999 -9999 -9999 -9999 -9999 -9999 -9999 -9999 -9999 -9999 -9999 -9999 -9999 -9999 -9999 -9999 -9999 -9999 -9999 -9999 -9999 -9999 -9999 -9999 -9999 -9999 1.2193E-6 8.50023E-7 1.23825E-6 2.20817E-6 9.19266E-7 1.0245E-6 2.11466E-6 2.6258E-6 3.73542E-6 3.94926E-6 4.15708E-6 2.5275E-6 1.72008E-6 1.51539E-6 1.25518E-6 1.13807E-6 1.3938E-6 1.81658E-6 1.67219E-6 1.75118E-6 3.1944E-6 2.10779E-6 1.53546E-6 1.42614E-6 1.61621E-6
-9999 -9999 -9999 -9999 -9999 -9999 -9999 -9999 -9999 -9999 -9999 -9999 -9999 -9999 -9999 -9999 -9999 -9999 -9999 -9999 -9999 -9999 -9999 -9999 -9999 -9999 -9999 -9999 -9999 -9999 -9999 -9999 -9999 -9999 9.47104E-7 6.17329E-7 1.08185E-6 1.03266E-6 1.0476E-6 1.0878E-6 9.74476E-7 1.78668E-6 1.88046E-6 1.12062E-6 1.543E-6 1.14827E-6 1.17502E-6 2.9508E-6 2.97019E-6 3.3296E-6 3.51359E-6 4.01593E-6 4.56798E-6 2.90012E-6 2.14147E-6 1.79743E-6 1.39025E-6 1.70831E-6 1.76569E-6 2.1919E-6 2.63499E-6 3.63558E-6 2.99065E-6 2.43818E-6 1.92936E-6 1.69041E-6
-9999 -9999 -9999 -9999 -9999 -9999 -9999 -9999 -9999 -9999 -9999 -9999 -9999 -9999 -9999 -9999 -9999 -9999 -9999 -9999 -9999 -9999 -9999 -9999 -9999 -9999 -9999 -9999 -9999 -9999 -9999 -9999 -9999 6.0187E-7 6.85652E-7 9.13252E-7 7.84976E-7 7.89924E-7 1.24387E-6 1.07714E-6 8.79755E-7 1.18817E-6 2.39015E-6 1.59606E-6 2.07783E-6 1.95779E-6 2.69401E-6 3.77698E-6 3.23087E-6 2.83944E-6 3.10726E-6 3.58349E-6 5.01889E-6 4.17646E-6 3.60056E-6 2.24971E-6 1.6724E-6 2.00115E-6 2.65682E-6 3.18924E-6 3.36234E-6 3.30402E-6 2.2895E-6 1.65335E-6 1.24334E-6 1.1658E-6
-9999 -9999 -9999 -9999 -9999 -9999 -9999 -9999 -9999 -9999 -9999 -9999 -9999 -9999 -9999 -9999 -9999 -9999 -9999 -9999 -9999 -9999 -9999 -9999 -9999 -9999 -9999 -9999 -9999 -9999 -9999 -9999 6.99499E-7 7.17568E-7 1.44691E-6 6.60319E-7 7.84704E-7 1.40932E-6 1.51878E-6 1.10758E-6 1.15626E-6 1.42542E-6 1.09998E-6 1.08979E-6 1.44579E-6 2.13173E-6 2.28416E-6 3.81438E-6 3.62074E-6 3.67106E-6 3.86634E-6 3.68192E-6 5.53922E-6 5.63075E-6 3.88505E-6 3.25291E-6 2.38394E-6 2.86221E-6 3.09886E-6 3.19185E-6 3.51738E-6 3.40885E-6 2.47157E-6 1.7678E-6 1.16597E-6 1.62901E-6
-9999 -9999 -9999 -9999 -9999 -9999 -9999 -9999 -9999 -9999 -9999 -9999 -9999 -9999 -9999 -9999 -9999 -9999 -9999 -9999 -9999 -9999 -9999 -9999 -9999 -9999 -9999 -9999 -9999 -9999 -9999 -9999 6.71597E-7 7.91259E-7 1.14989E-6 1.39311E-6 1.55801E-6 1.88594E-6 2.3927E-6 3.2235E-6 3.2667E-6 2.83414E-6 1.46636E-6 1.85653E-6 1.65093E-6 1.40508E-6 2.60428E-6 5.64581E-6 6.60776E-6 4.02232E-6 4.6532E-6 5.11147E-6 1.21608E-5 4.43681E-6 4.11214E-6 3.65184E-6 3.51046E-6 3.59164E-6 3.62713E-6 3.52968E-6 3.55369E-6 4.03251E-6 3.54044E-6 2.62017E-6 2.55693E-6 2.47252E-6
-9999 -9999 -9999 -9999 -9999 -9999 -9999 -9999 -9999 -9999 -9999 -9999 -9999 -9999 -9999 -9999 -9999 -9999 -9999 -9999 -9999 -9999 -9999 -9999 -9999 -9999 -9999 -9999 -9999 -9999 6.19157E-7 6.87213E-7 1.04222E-6 7.07437E-7 6.92715E-7 8.14381E-7 1.32753E-6 1.20524E-6 1.18562E-6 1.74668E-6 2.14719E-6 4.04819E-6 3.38169E-6 2.58993E-6 1.75181E-6 1.83282E-6 3.96753E-6 6.10282E-6 8.91134E-6 1.30644E-5 1.28131E-5 8.1306E-6 5.47718E-6 4.18859E-6 3.84257E-6 3.50152E-6 3.63824E-6 3.9287E-6 1.1216E-5 1.33754E-5 6.45872E-6 4.4501E-6 4.85246E-6 4.26913E-6 3.08308E-6 1.88745E-6
5.14505E-7 -9999 -9999 -9999 -9999 -9999 -9999 -9999 -9999 -9999 -9999 -9999 -9999 -9999 -9999 -9999 -9999 -9999 -9999 -9999 -9999 -9999 -9999 -9999 -9999 -9999 -9999 -9999 -9999 6.36377E-7 7.8189E-7 1.23109E-6 1.17577E-6 1.21652E-6 1.21714E-6 1.57038E-6 2.91076E-6 2.04259E-6 1.83355E-6 2.08313E-6 3.70045E-6 3.76236E-6 5.39422E-6 3.46885E-6 2.02398E-6 2.21692E-6 3.4788E-6 6.98596E-6 1.50143E-5 2.74445E-5 2.12626E-5 5.8809E-6 1.13543E-5 4.17093E-6 5.20662E-6 4.2781E-6 6.48258E-6 1.42234E-5 1.7816E-5 2.2455E-5 1.96932E-5 5.0538E-6 4.07046E-6 3.62427E-6 3.62341E-6 2.77376E-6
5.21652E-7 -9999 -9999 -9999 -9999 -9999 -9999 -9999 -9999 -9999 -9999 -9999 -9999 -9999 -9999 -9999 -9999 -9999 -9999 -9999 -9999 -9999 -9999 -9999 -9999 -9999 8.02093E-7 5.45386E-7 5.53007E-7 5.8476E-7 1.22574E-6 1.49764E-6 2.68945E-6 3.21705E-6 2.34449E-6 3.64901E-6 3.42346E-6 3.26509E-6 3.21201E-6 2.24338E-6 3.44684E-6 4.26595E-6 4.76668E-6 4.00978E-6 4.15735E-6 4.1169E-6 5.1097E-6 6.70738E-6 1.65371E-5 2.65294E-5 2.1908E-5 4.69333E-6 5.86026E-6 6.46727E-6 1.62309E-5 2.15263E-5 2.29244E-5 2.14358E-5 2.41365E-5 2.95625E-5 3.12735E-5 1.98481E-5 4.61126E-6 3.75187E-6 4.38553E-6 4.92255E-6
6.18049E-7 6.29543E-7 6.01206E-7 6.26401E-7 6.23029E-7 -9999 -9999 -9999 -9999 -9999 9.2695E-7 8.85639E-7 -9999 -9999 -9999 -9999 -9999 -9999 -9999 -9999 -9999 -9999 -9999 -9999 -9999 -9999 -9999 5.77664E-7 6.61047E-7 7.30295E-7 9.52742E-7 1.37665E-6 1.58667E-6 2.62976E-6 3.50619E-6 3.51078E-6 4.02469E-6 3.57222E-6 3.48138E-6 3.42115E-6 3.69E-6 4.95073E-6 1.0515E-5 7.94487E-6 5.10088E-6 5.28721E-6 8.11944E-6 6.95053E-6 8.36631E-6 7.79067E-6 7.16488E-6 5.16273E-6 4.8939E-6 5.11485E-6 2.81591E-5 5.15977E-5 4.08921E-5 2.65577E-5 2.45688E-5 3.15314E-5 3.39711E-5 2.77555E-5 1.9797E-5 1.09016E-5 1.22413E-5 5.75026E-6
6.37664E-7 6.50207E-7 -9999 6.62778E-7 6.8427E-7 7.20625E-7 7.44384E-7 8.33139E-7 1.02188E-6 7.66685E-7 9.39366E-7 1.06273E-6 9.86241E-7 -9999 -9999 -9999 -9999 -9999 -9999 -9999 -9999 -9999 -9999 -9999 -9999 -9999 -9999 6.00343E-7 7.45753E-7 1.20176E-6 1.87631E-6 2.41792E-6 2.29136E-6 2.03128E-6 2.92203E-6 3.6638E-6 3.325E-6 3.58227E-6 3.65625E-6 3.56614E-6 3.3712E-6 6.60541E-6 1.05397E-5 9.20474E-6 7.24982E-6 6.3169E-6 5.97871E-6 7.48734E-6 8.30831E-6 6.29558E-6 6.91502E-6 9.34519E-6 8.87927E-6 1.20886E-5 2.57819E-5 4.29032E-5 4.2321E-5 2.40091E-5 2.93517E-5 6.18854E-5 5.89888E-5 6.70898E-5 4.13246E-5 2.39676E-5 2.91557E-5 2.35678E-5
7.3222E-7 7.14509E-7 7.05971E-7 7.21007E-7 7.15248E-7 7.70304E-7 1.2198E-6 1.02037E-6 2.36206E-6 1.17555E-6 8.18439E-7 8.20924E-7 1.16123E-6 9.9763E-7 -9999 -9999 -9999 -9999 -9999 -9999 -9999 -9999 -9999 -9999 -9999 5.61828E-7 6.5798E-7 7.84615E-7 9.43931E-7 1.2953E-6 1.45395E-6 1.52199E-6 2.23614E-6 3.19749E-6 3.94668E-6 4.40949E-6 3.92725E-6 3.45623E-6 3.55982E-6 5.38381E-6 4.32294E-6 4.85277E-6 4.21044E-6 5.41671E-6 6.49136E-6 5.77656E-6 4.55141E-6 4.63427E-6 5.34658E-6 1.22079E-5 1.00521E-5 1.12555E-5 1.47757E-5 3.1446E-5 5.3764E-5 8.50749E-5 5.07357E-5 6.99035E-5 6.29896E-5 6.49149E-5 6.21973E-5 6.15638E-5 2.62878E-5 3.02783E-5 3.22328E-5 2.05475E-5
8.61581E-7 8.69715E-7 7.87594E-7 8.31322E-7 8.12193E-7 8.5792E-7 9.05899E-7 1.34799E-6 2.18676E-6 1.08491E-6 1.40088E-6 1.48014E-6 1.58105E-6 1.54528E-6 9.57315E-7 6.99884E-7 -9999 -9999 -9999 5.06099E-7 4.80955E-7 4.73814E-7 -9999 5.0839E-7 7.08782E-7 8.34656E-7 1.00024E-6 1.20232E-6 1.54495E-6 1.98667E-6 2.16769E-6 2.02531E-6 2.02123E-6 2.51223E-6 3.65454E-6 4.14683E-6 4.27162E-6 4.16629E-6 4.31698E-6 4.8176E-6 4.93192E-6 4.41084E-6 4.70545E-6 5.71315E-6 6.61808E-6 7.10221E-6 7.42447E-6 7.91183E-6 8.23696E-6 9.33475E-6 2.35725E-5 3.64984E-5 7.38357E-5 9.32254E-5 8.90161E-5 8.19126E-5 9.84069E-5 1.17797E-4 4.09601E-4 4.18432E-4 9.25929E-5 4.62287E-5 4.53378E-5 3.36451E-5 2.87142E-5 2.42048E-5
1.1686E-6 1.23487E-6 9.88668E-7 1.03592E-6 9.82511E-7 1.63568E-6 9.92088E-7 1.23974E-6 2.43099E-6 2.25903E-6 2.08363E-6 2.59339E-6 2.80886E-6 1.67737E-6 9.68994E-7 1.13687E-6 8.79642E-7 1.04981E-6 9.21906E-7 7.66406E-7 6.66029E-7 5.09995E-7 4.88821E-7 6.0704E-7 8.79836E-7 1.49568E-6 1.90385E-6 1.63307E-6 2.02755E-6 3.402E-6 3.58418E-6 2.61254E-6 1.91811E-6 2.19266E-6 2.55458E-6 2.9916E-6 4.20871E-6 4.08372E-6 4.05562E-6 5.91912E-6 3.66955E-6 3.57977E-6 3.89807E-6 5.99689E-6 8.12899E-6 9.2871E-6 8.70095E-6 1.16657E-5 3.7023E-5 5.95479E-5 3.6326E-4 1.21422E-4 9.40687E-5 8.87273E-5 9.12673E-5 3.33068E-4 3.49604E-4 3.28672E-4 3.25745E-4 3.33899E-4 3.38851E-4 1.64382E-4 6.00715E-5 2.14492E-5 1.68055E-5 1.5825E-5
1.72892E-6 2.42625E-6 1.2444E-6 1.87655E-6 1.19857E-6 1.18743E-6 1.10608E-6 1.37104E-6 1.51183E-6 1.47404E-6 2.14446E-6 1.9798E-6 3.51976E-6 2.18022E-6 2.21415E-6 1.45679E-6 1.50732E-6 2.50548E-6 1.22579E-6 6.57111E-7 5.61082E-7 7.76965E-7 1.04183E-6 1.01281E-6 1.15561E-6 1.43052E-6 2.20527E-6 3.33288E-6 4.36218E-6 3.97102E-6 4.25729E-6 2.74709E-6 1.43137E-6 1.42492E-6 2.21959E-6 2.78098E-6 4.19638E-6 4.25468E-6 5.91368E-6 7.37282E-6 5.04186E-6 3.39455E-6 5.17592E-6 3.766E-5 2.59936E-5 4.69125E-5 4.66381E-5 3.38461E-4 3.72788E-4 3.57244E-4 4.54143E-4 4.54485E-4 4.20326E-4 4.06402E-4 3.44211E-4 3.32101E-4 4.16685E-4 3.19371E-4 4.01018E-4 3.31997E-4 3.41748E-4 3.48024E-4 4.77124E-5 4.31343E-5 5.47791E-5 3.44213E-5
2.37445E-6 3.2687E-6 1.45006E-6 1.28615E-6 1.32371E-6 1.971E-6 1.6921E-6 1.65122E-6 1.59942E-6 1.64631E-6 2.31945E-6 2.57352E-6 3.85949E-6 2.71892E-6 3.45797E-6 1.53616E-6 1.18868E-6 1.02772E-6 8.23768E-7 8.60712E-7 1.1307E-6 1.33765E-6 1.19442E-6 1.53358E-6 1.67424E-6 1.44327E-6 2.10715E-6 3.42347E-6 4.12563E-6 4.45119E-6 3.66025E-6 3.32376E-6 1.61051E-6 1.36002E-6 2.43702E-6 3.39314E-6 3.88877E-6 5.75717E-6 5.19416E-6 6.87509E-6 3.61254E-6 4.45338E-6 1.03838E-5 6.73921E-5 2.48614E-4 3.05218E-4 3.84023E-4 3.82957E-4 3.62063E-4 4.42933E-4 3.37583E-4 3.56995E-4 3.39226E-4 3.22244E-4 3.26493E-4 3.2648E-4 3.2511E-4 3.36621E-4 3.43743E-4 3.31408E-4 3.4705E-4 3.60034E-4 9.5786E-5 6.03585E-5 5.44328E-5 2.29391E-5
3.06078E-6 7.85682E-6 2.0549E-6 1.46858E-6 1.28635E-6 1.39072E-6 1.36673E-6 1.54659E-6 1.82175E-6 2.08208E-6 3.18109E-6 3.09172E-6 3.10538E-6 9.13244E-6 5.08574E-6 3.21642E-6 2.2479E-6 2.15351E-6 1.46128E-6 1.23874E-6 1.86964E-6 2.15839E-6 1.9421E-6 2.0612E-6 4.41023E-6 2.18697E-6 2.85564E-6 3.61632E-6 4.02144E-6 5.88314E-6 4.58981E-6 3.62241E-6 2.2345E-6 1.94988E-6 2.3739E-6 3.47479E-6 4.02314E-6 4.83674E-6 4.59945E-6 4.3552E-6 5.79114E-6 1.25443E-5 1.41594E-4 2.2919E-4 2.3815E-4 2.64963E-4 3.69405E-4 3.62983E-4 4.55348E-4 1.50148E-4 2.08895E-4 3.45946E-4 3.55449E-4 3.38913E-4 3.32325E-4 4.63583E-4 4.6147E-4 3.28746E-4 3.48143E-4 3.3769E-4 3.42591E-4 3.54794E-4 3.16882E-4 7.26375E-5 2.16754E-5 1.0496E-5
1.94817E-6 2.93996E-6 2.73442E-6 2.29856E-6 1.7245E-6 1.70152E-6 1.72969E-6 2.34176E-6 1.73954E-6 4.32325E-6 5.77614E-6 6.79918E-6 3.59322E-6 3.71599E-6 3.73518E-6 2.78872E-6 2.57339E-6 2.0837E-6 1.95795E-6 1.49612E-6 1.57975E-6 1.87432E-6 2.89358E-6 4.80965E-6 4.96043E-6 5.09239E-6 3.93523E-6 4.79577E-6 6.0899E-6 8.26082E-6 5.72227E-6 4.52455E-6 2.72419E-6 2.67149E-6 3.78501E-6 3.94509E-6 3.56759E-6 4.02072E-6 5.93187E-6 8.58033E-6 4.22773E-5 2.20891E-4 2.23342E-4 2.3373E-4 3.66687E-4 3.69245E-4 3.64851E-4 3.61525E-4 1.91164E-4 1.50621E-4 1.79917E-4 3.51386E-4 3.51989E-4 3.46603E-4 4.9095E-4 3.29939E-4 3.23358E-4 3.23783E-4 3.30971E-4 3.4502E-4 3.79348E-4 3.48007E-4 2.81566E-4 1.88959E-5 1.38319E-5 7.47597E-6
3.2858E-6 3.95836E-6 4.33003E-6 3.75257E-6 3.15757E-6 3.00688E-6 5.06826E-6 5.80082E-6 5.58212E-6 5.93207E-6 7.55591E-6 8.42671E-6 5.53963E-6 5.50206E-6 4.6035E-6 3.53552E-6 3.07167E-6 4.65464E-6 2.96279E-6 1.53989E-6 1.88645E-6 3.11884E-6 4.04063E-6 6.53943E-6 5.54744E-6 3.6587E-6 4.63896E-6 5.33645E-6 6.3708E-6 6.23939E-6 7.12533E-6 3.43265E-6 3.47244E-6 3.56347E-6 4.00942E-6 4.34856E-6 4.58395E-6 6.95663E-6 2.71874E-5 1.36892E-4 3.71951E-4 3.6333E-4 2.97538E-4 3.35973E-4 3.87506E-4 2.1354E-4 1.90932E-4 1.84804E-4 3.56152E-4 3.53445E-4 3.55984E-4 3.52155E-4 3.44738E-4 3.42087E-4 3.41639E-4 3.37468E-4 3.36687E-4 2.99459E-4 5.96347E-5 8.20856E-5 1.41777E-5 1.3127E-5 8.88759E-6 5.47494E-6 -9999 -9999
4.43112E-6 4.62176E-6 4.97515E-6 6.49832E-6 5.60511E-6 4.44108E-6 4.12728E-6 8.34128E-6 8.54033E-6 8.98861E-6 1.05837E-5 1.08623E-5 7.50865E-6 7.48425E-6 7.73015E-6 6.76791E-6 5.29614E-6 9.38939E-6 5.524E-6 3.12108E-6 2.51632E-6 2.79671E-6 3.31869E-6 2.4651E-6 3.73442E-6 6.38398E-6 7.05273E-6 6.63076E-6 5.06419E-6 4.57226E-6 3.65859E-6 3.59889E-6 3.76413E-6 3.86315E-6 4.52425E-6 3.43756E-5 7.03194E-5 1.28276E-4 2.26645E-4 3.85741E-4 3.71765E-4 3.68508E-4 3.90369E-4 3.89302E-4 1.94108E-4 1.98725E-4 1.72611E-4 3.63344E-4 3.59405E-4 3.61111E-4 3.61968E-4 3.61145E-4 3.56678E-4 3.53905E-4 3.51251E-4 3.55711E-4 3.25481E-4 2.02642E-5 1.05274E-5 8.99195E-6 8.63927E-6 6.88969E-6 5.26433E-6 -9999 -9999 -9999
1.2123E-5 5.62098E-6 7.44565E-6 4.81575E-6 5.10699E-6 5.16E-6 5.16698E-6 1.00671E-5 1.13089E-5 1.59996E-5 2.49136E-5 2.47558E-5 7.40735E-6 7.40532E-6 7.07754E-6 7.12931E-6 7.84994E-6 8.30643E-6 7.82695E-6 4.46211E-6 3.51137E-6 3.37777E-6 4.27516E-6 3.90109E-6 5.99276E-6 1.59669E-5 3.76863E-5 1.87487E-5 8.85713E-6 7.51019E-6 6.7724E-6 6.37034E-6 7.28299E-6 9.8126E-6 1.13801E-5 1.2967E-5 3.42103E-5 3.4836E-5 2.60485E-4 4.04549E-4 3.82466E-4 4.82899E-4 3.9315E-4 3.7031E-4 1.48486E-4 1.25726E-4 2.09305E-4 3.64716E-4 3.73601E-4 3.7133E-4 5.1162E-4 3.656E-4 3.63282E-4 3.66227E-4 3.7526E-4 7.45536E-5 2.39742E-5 1.81561E-5 9.18877E-6 6.03974E-6 4.2527E-6 5.27707E-6 -9999 -9999 -9999 -9999
4.3479E-5 3.10659E-5 2.58503E-5 5.29737E-6 5.7178E-6 8.88346E-6 7.53025E-6 8.13404E-6 2.11242E-5 4.83907E-5 2.56584E-5 1.21072E-5 7.64288E-6 8.19519E-6 8.50145E-6 8.51913E-6 8.76971E-6 8.84199E-6 9.01877E-6 1.76146E-5 5.02499E-6 1.25991E-5 1.86743E-5 5.74231E-5 1.77075E-4 4.06627E-4 4.20574E-4 3.89964E-4 1.96453E-4 2.69594E-5 1.44355E-5 3.40629E-5 6.96872E-5 7.71956E-5 4.15778E-5 4.03269E-5 6.01761E-5 3.87851E-4 3.83496E-4 3.79539E-4 3.83968E-4 3.92111E-4 2.93907E-4 1.08166E-4 1.0493E-4 3.60249E-4 3.63889E-4 3.75891E-4 3.78339E-4 3.75464E-4 3.67706E-4 3.63104E-4 3.61747E-4 2.48843E-5 1.64848E-5 2.29832E-5 1.55431E-5 8.62994E-6 6.37214E-6 4.9844E-6 -9999 -9999 -9999 -9999 -9999 -9999
2.31247E-4 1.10475E-4 2.70048E-5 7.54983E-6 6.29461E-6 7.70677E-6 1.57758E-5 1.04831E-5 2.28407E-5 2.55228E-5 2.07588E-5 1.46614E-5 1.61874E-5 1.32298E-5 2.48334E-5 3.44391E-5 8.1442E-5 2.95389E-4 1.77357E-4 4.01201E-4 3.86919E-4 4.22468E-4 4.3864E-4 4.23824E-4 4.02407E-4 3.98381E-4 3.95159E-4 4.29306E-4 3.87984E-4 3.97626E-4 4.01671E-4 3.99451E-4 3.96799E-4 3.95388E-4 3.91803E-4 3.90832E-4 3.87819E-4 3.81265E-4 3.72749E-4 4.00511E-4 3.38187E-4 1.0384E-4 1.28022E-4 4.57504E-4 3.87624E-4 3.66055E-4 3.73735E-4 3.7647E-4 3.80465E-4 3.74889E-4 5.06007E-5 7.38942E-5 5.92643E-5 1.92673E-5 9.01875E-6 3.24448E-5 8.2879E-6 5.28001E-6 4.463E-6 -9999 -9999 -9999 -9999 -9999 -9999 -9999
3.25742E-4 2.78566E-4 1.79013E-4 7.68521E-5 6.01996E-5 6.94466E-5 1.33324E-4 3.37359E-4 3.56031E-4 3.38089E-4 2.32242E-4 3.44045E-4 3.82716E-4 4.03947E-4 4.05543E-4 3.90233E-4 3.87938E-4 4.17333E-4 4.11245E-4 4.00906E-4 5.05155E-4 4.04147E-4 4.04442E-4 4.01614E-4 3.99146E-4 3.97273E-4 3.96573E-4 3.94751E-4 3.93797E-4 3.94402E-4 3.9393E-4 3.92482E-4 3.89076E-4 3.8896E-4 3.88421E-4 3.86527E-4 4.19336E-4 4.09988E-4 3.46118E-4 1.08163E-4 3.55283E-4 3.68348E-4 3.82009E-4 4.16886E-4 3.72869E-4 3.70528E-4 3.68871E-4 3.724E-4 5.27947E-4 3.53679E-4 2.23338E-5 6.85694E-5 6.63019E-5 1.63956E-5 8.46626E-6 7.69301E-6 6.54872E-6 -9999 -9999 -9999 -9999 -9999 -9999 -9999 -9999 -9999
