catData/rasterBestHybridModels/Pviverrinus/RD_RM1_H/Pviverrinus_max.asc
ncols         409
nrows         350
xllcorner     60.897278365
yllcorner     5.843756025
cellsize      0.0892857
NODATA_value  -9999
[rows 232 to 260 of 350, columns 132 to 197 of 409]
-9999 -9999 -9999 -9999 -9999 -9999 -9999 -9999 3.93415E-5 3.62479E-5 1.28915E-4 1.75098E-4 1.44749E-4 7.65947E-5 6.64945E-5 3.26767E-5 4.15862E-5 4.89958E-5 4.8593E-5 3.80539E-5 2.58857E-5 2.28927E-5 2.01523E-5 2.22416E-5 2.29217E-5 1.08119E-4 2.95587E-5 1.65751E-5 1.59965E-5 1.80601E-5 2.19083E-5 1.8312E-5 1.10942E-5 1.05078E-5 5.09598E-5 1.71586E-5 1.08661E-5 1.10197E-5 1.63963E-5 8.84665E-6 1.32092E-5 2.03227E-5 1.80296E-5 1.44342E-5 9.62087E-6 6.56346E-6 7.85982E-6 8.30857E-6 4.92191E-6 2.24645E-6 1.85526E-6 7.71976E-6 6.80903E-6 1.47088E-5 2.30601E-5 1.86481E-5 1.69768E-5 1.69337E-5 1.98993E-5 1.63085E-5 1.30079E-5 1.36775E-5 1.03433E-5 5.50021E-6 7.9923E-6 7.57524E-6
-9999 -9999 -9999 -9999 -9999 -9999 -9999 -9999 4.14757E-5 4.28874E-5 1.22793E-4 1.68963E-4 1.58273E-4 9.68654E-5 2.11568E-5 2.79773E-5 3.04464E-5 3.69688E-5 4.51125E-5 4.40201E-5 3.98536E-5 2.81431E-5 3.34031E-5 2.35562E-5 2.79991E-5 1.98312E-5 2.00532E-5 1.76953E-5 1.74818E-5 1.9786E-5 1.94036E-5 1.71191E-5 1.41957E-5 1.42081E-5 1.72134E-5 2.59853E-5 1.57261E-5 1.9624E-5 1.15558E-5 1.28866E-5 1.47242E-5 1.62308E-5 1.43212E-5 1.3365E-5 8.2867E-6 6.31154E-6 8.51834E-6 1.01603E-5 1.13844E-5 8.10683E-6 1.11315E-5 8.50069E-6 1.28709E-5 1.67308E-5 5.16626E-5 1.00205E-5 1.26206E-5 1.30539E-5 2.28057E-5 1.42567E-5 1.09837E-5 5.09926E-6 4.79495E-6 4.2937E-6 3.4145E-6 5.68654E-6
-9999 -9999 -9999 -9999 -9999 -9999 -9999 -9999 -9999 5.48444E-5 1.3302E-4 1.22441E-4 9.53319E-5 5.56859E-5 4.15967E-5 2.96872E-5 4.29137E-5 3.36519E-5 4.04091E-5 4.30784E-5 4.36836E-5 1.04863E-4 3.94792E-5 2.67854E-5 2.26196E-5 2.44393E-5 1.88298E-5 2.07123E-5 1.93251E-5 1.98322E-5 1.9843E-5 2.23047E-5 1.98583E-5 2.26881E-5 1.91555E-5 1.77197E-5 9.92809E-6 1.14966E-5 1.48027E-5 1.99247E-5 1.79141E-5 1.29083E-5 1.50684E-5 1.22126E-5 8.08028E-6 1.1048E-5 1.00492E-5 4.61398E-5 3.45058E-5 1.1158E-5 1.09711E-5 8.98104E-6 1.19449E-5 9.91558E-5 6.73284E-5 1.15924E-5 5.88862E-6 6.04108E-6 9.78537E-6 1.68349E-5 7.55747E-6 4.35845E-6 1.7369E-6 2.63827E-6 2.46081E-6 1.59252E-5
-9999 -9999 -9999 -9999 -9999 -9999 -9999 -9999 -9999 4.20265E-5 5.35913E-5 1.4472E-4 1.04711E-4 4.6176E-5 6.40331E-5 8.16473E-5 8.76814E-5 2.84055E-5 3.57876E-5 4.45499E-5 4.13067E-5 4.21531E-5 3.65063E-5 2.68283E-5 2.81717E-5 1.90148E-5 1.82681E-5 1.39596E-5 1.34413E-5 1.61414E-5 1.56377E-5 2.22089E-5 2.09972E-5 2.08866E-5 1.78134E-5 2.21933E-5 1.36002E-5 9.69023E-6 9.50564E-6 2.01377E-5 1.75834E-5 1.10667E-5 1.08492E-5 1.28186E-5 1.0131E-5 1.96122E-5 2.60723E-5 2.89099E-5 8.49558E-5 1.60328E-5 3.63526E-6 6.18656E-6 6.97107E-6 1.77564E-5 1.28091E-5 2.6491E-5 3.65532E-6 1.29194E-6 1.96255E-6 2.86783E-6 5.56726E-6 4.98111E-6 2.16659E-6 2.6199E-6 2.81838E-6 3.97068E-6
-9999 -9999 -9999 -9999 -9999 -9999 -9999 -9999 -9999 6.28017E-5 3.96232E-5 4.2086E-5 3.06111E-5 9.46652E-5 6.05428E-5 1.89927E-5 3.75752E-5 2.47364E-5 3.389E-5 3.87502E-5 5.31229E-5 4.86112E-5 4.03697E-5 4.11652E-5 2.49434E-5 2.4743E-5 2.00419E-5 1.40861E-5 1.37362E-5 1.41014E-5 1.97168E-5 2.19006E-5 2.20073E-5 1.62231E-5 2.03501E-5 2.13228E-5 1.73035E-5 1.65234E-5 1.91506E-5 3.57059E-5 4.17225E-5 1.02636E-5 1.09459E-5 1.1333E-5 2.08543E-5 1.03239E-4 2.37631E-5 3.04679E-5 1.59779E-5 1.89415E-5 9.56874E-6 9.40591E-6 9.97774E-6 9.4749E-6 1.54997E-5 6.75978E-6 5.44163E-6 2.72799E-6 1.23799E-6 9.77393E-7 1.47475E-6 3.19147E-6 8.64308E-6 1.20973E-5 1.2596E-6 1.32232E-6
-9999 -9999 -9999 -9999 -9999 -9999 -9999 -9999 -9999 -9999 1.23899E-4 5.7289E-5 3.14432E-5 9.04652E-5 5.05686E-5 2.42644E-5 3.60186E-5 2.06044E-5 3.02483E-5 4.38865E-5 8.78978E-5 5.58202E-5 4.35575E-5 3.96075E-5 2.86814E-5 2.47461E-5 2.20977E-5 2.29076E-5 1.24159E-5 1.57363E-5 1.91403E-5 1.76885E-5 2.1852E-5 2.505E-5 1.9571E-5 1.69558E-5 1.81641E-5 1.13227E-5 1.23565E-5 1.11243E-5 1.42553E-5 1.16628E-5 1.14631E-5 1.69317E-5 3.05728E-5 3.08728E-5 2.68332E-5 1.45525E-5 9.98097E-6 1.72856E-5 2.18462E-5 1.57543E-5 1.09732E-5 3.79976E-6 8.60265E-6 1.12855E-5 7.45604E-6 1.42254E-5 7.32532E-6 5.86779E-6 3.9582E-6 3.99572E-6 6.4094E-6 3.76152E-6 1.67592E-6 6.48945E-7
-9999 -9999 -9999 -9999 -9999 -9999 -9999 -9999 -9999 -9999 -9999 5.07833E-5 3.18001E-5 1.01295E-4 4.06363E-5 3.38725E-5 2.77418E-5 4.66317E-5 3.18291E-5 4.26864E-5 5.75553E-5 4.68024E-5 3.93667E-5 4.21898E-5 3.04668E-5 2.00547E-5 2.40613E-5 2.63104E-5 1.74013E-5 1.41064E-5 1.6175E-5 1.82306E-5 1.93539E-5 2.07096E-5 2.19962E-5 2.21079E-5 1.15459E-5 1.04856E-5 1.07802E-5 1.30332E-5 1.65334E-5 1.14364E-5 1.87529E-5 3.07911E-5 9.56038E-5 7.08882E-5 3.29754E-5 2.53236E-5 1.09138E-5 1.14171E-5 2.7042E-5 2.59311E-5 1.32664E-5 1.85472E-5 1.84018E-5 9.32965E-6 6.75173E-6 6.47167E-6 5.49226E-6 6.36949E-6 8.69867E-6 5.7131E-6 3.54445E-6 8.96736E-7 1.18201E-6 2.53979E-6
-9999 -9999 -9999 -9999 -9999 -9999 -9999 -9999 -9999 -9999 -9999 -9999 9.35518E-5 1.40012E-4 5.50346E-5 2.9714E-5 2.81271E-5 2.64656E-5 3.4945E-5 1.14875E-4 4.47908E-5 5.82046E-5 5.58349E-5 4.43057E-5 2.86206E-5 2.14749E-5 1.65677E-5 1.80354E-5 1.68246E-5 1.59577E-5 1.98755E-5 1.73804E-5 2.87921E-5 2.93764E-5 1.91538E-5 1.82983E-5 1.71569E-5 1.12719E-5 6.24829E-6 7.14021E-6 7.85315E-6 1.56821E-5 2.16418E-5 4.42918E-5 9.46635E-5 1.04846E-4 2.30168E-5 2.47427E-5 1.16684E-5 1.37296E-5 2.25388E-5 3.72094E-5 3.53563E-5 3.57878E-5 2.84322E-5 2.31294E-5 1.39966E-5 6.2788E-6 6.88792E-6 8.0564E-6 6.83442E-6 1.8317E-6 8.79109E-7 1.08367E-6 2.28092E-6 8.23877E-6
-9999 -9999 -9999 -9999 -9999 -9999 -9999 -9999 -9999 -9999 -9999 -9999 1.5111E-4 1.41406E-4 1.3881E-4 3.86512E-5 3.53099E-5 3.06419E-5 3.01831E-5 4.84832E-5 1.4797E-5 1.69063E-5 9.56224E-5 4.82217E-5 3.3424E-5 1.9133E-5 1.46624E-5 1.37385E-5 1.52336E-5 1.08282E-5 1.11038E-5 1.03438E-5 1.662E-5 1.62646E-5 1.60763E-5 1.66486E-5 1.09328E-5 8.87398E-6 6.1219E-6 6.20604E-6 1.23805E-5 2.55636E-5 2.65985E-5 2.42906E-5 4.83731E-5 2.32272E-5 3.24194E-5 2.64234E-5 2.59791E-5 3.04229E-5 3.53686E-5 2.46554E-5 2.73617E-5 2.36068E-5 7.98361E-6 1.04602E-5 9.58172E-6 9.37304E-6 1.00631E-5 8.24827E-6 2.23961E-6 1.4355E-6 1.49329E-6 1.53412E-6 1.11627E-6 2.14446E-6
-9999 -9999 -9999 -9999 -9999 -9999 -9999 -9999 -9999 -9999 -9999 -9999 2.6298E-4 2.31296E-4 1.10521E-4 2.22527E-5 4.7917E-5 3.51285E-5 3.18217E-5 3.60486E-5 4.83324E-5 1.49831E-5 2.26081E-5 6.42933E-5 3.14049E-5 1.86376E-5 1.42075E-5 1.09228E-5 1.14743E-5 8.9666E-6 8.58816E-6 1.58045E-5 1.66591E-5 1.57422E-5 1.54743E-5 1.21273E-5 8.19679E-6 9.6998E-6 9.38001E-6 9.27247E-6 2.25607E-5 2.28058E-5 2.32392E-5 9.64744E-5 1.08453E-4 2.53517E-5 2.60884E-5 2.55582E-5 2.54531E-5 1.43235E-5 2.58065E-5 1.61872E-5 8.1538E-6 6.95702E-6 6.43929E-6 7.63503E-6 2.17518E-5 2.05676E-6 2.45644E-6 3.39735E-6 9.34989E-6 2.83478E-6 1.49699E-6 1.12004E-6 3.78993E-6 1.03579E-5
-9999 -9999 -9999 -9999 -9999 -9999 -9999 -9999 -9999 -9999 -9999 -9999 -9999 1.14048E-4 7.63589E-5 9.30639E-5 4.35659E-5 1.70893E-5 8.31002E-6 1.99882E-5 4.38868E-5 5.92051E-5 2.40335E-5 5.00065E-5 3.0673E-5 2.42535E-5 1.49038E-5 1.17425E-5 9.29828E-6 8.41786E-6 8.15233E-6 1.72513E-5 1.84254E-5 3.35115E-5 2.30731E-5 6.59648E-6 8.4926E-6 1.11078E-5 1.97091E-5 1.77472E-5 1.63215E-5 1.80248E-5 2.25004E-5 4.76171E-5 1.1434E-4 3.1522E-5 2.41801E-5 3.08888E-5 2.43116E-5 1.57777E-5 9.87871E-6 7.17623E-6 5.86078E-6 2.00052E-5 1.67106E-5 5.55696E-6 5.79009E-6 8.55799E-6 5.61499E-6 6.16884E-6 1.20964E-5 3.57568E-6 1.49806E-6 4.09111E-7 5.70173E-6 1.03441E-5
-9999 -9999 -9999 -9999 -9999 -9999 -9999 -9999 -9999 -9999 -9999 -9999 -9999 1.47332E-4 8.24814E-5 2.58891E-4 1.39913E-5 1.43223E-5 9.10626E-6 8.32246E-6 1.00096E-5 4.28497E-5 2.03282E-5 1.72387E-5 3.06287E-5 1.84134E-5 1.46034E-5 1.52762E-5 8.93057E-6 8.94354E-6 1.03281E-5 1.32726E-5 1.57828E-5 1.10622E-5 4.88082E-6 2.63008E-5 1.87772E-5 1.22567E-5 2.30674E-5 1.90044E-5 2.03256E-5 2.14743E-5 2.3288E-5 2.45278E-5 2.71368E-5 2.73161E-5 2.76259E-5 2.76604E-5 2.93785E-5 1.42388E-5 6.26526E-6 4.64983E-6 3.51622E-6 8.9696E-6 5.57686E-6 5.76491E-6 1.2336E-5 1.29949E-5 1.0846E-5 8.98865E-6 8.54274E-6 2.23635E-6 1.19149E-6 9.17004E-7 7.27604E-6 6.38716E-6
-9999 -9999 -9999 -9999 -9999 -9999 -9999 -9999 -9999 -9999 -9999 -9999 -9999 -9999 2.10427E-4 1.97999E-4 1.79284E-5 2.06371E-5 8.75422E-6 8.72106E-6 8.10245E-6 4.9028E-5 7.00611E-5 1.58696E-5 1.65488E-5 2.57416E-5 1.57339E-5 1.18629E-5 1.1633E-5 1.32585E-5 1.2252E-5 1.40969E-5 1.37083E-5 5.06367E-6 4.25007E-6 5.2716E-6 2.68527E-5 1.99858E-5 2.12485E-5 1.78142E-5 1.82108E-5 3.24609E-5 2.77235E-5 2.06076E-5 2.87656E-5 4.47119E-5 2.86449E-5 2.28708E-5 2.83025E-5 2.40613E-5 3.99203E-6 2.39416E-6 3.54241E-6 5.77652E-6 6.26627E-6 6.59882E-6 6.79098E-6 8.88401E-6 5.40107E-6 2.76833E-6 1.54582E-6 8.77999E-7 1.00082E-6 1.38804E-6 5.49372E-6 3.65197E-6
-9999 -9999 -9999 -9999 -9999 -9999 -9999 -9999 -9999 -9999 -9999 -9999 -9999 -9999 8.57947E-5 1.06659E-4 4.83559E-5 2.06555E-5 6.46616E-6 8.38996E-6 8.21247E-6 1.47326E-5 6.9738E-5 8.02733E-5 2.90933E-5 2.13802E-5 1.83526E-5 1.56446E-5 1.20248E-5 1.39594E-5 1.10403E-5 1.00022E-5 1.10878E-5 9.82596E-6 4.13133E-6 7.67759E-6 1.62277E-5 1.65465E-5 2.28175E-5 1.81709E-5 1.60268E-5 2.41475E-5 1.08357E-5 1.05226E-5 9.16963E-6 1.95539E-5 1.86178E-5 2.20128E-5 2.59539E-5 1.51845E-5 2.43369E-6 2.19269E-6 1.74537E-5 2.55881E-5 2.04147E-5 1.8035E-5 1.01877E-5 4.91022E-6 4.053E-6 1.95975E-6 1.14048E-6 4.06979E-7 5.15883E-7 1.26477E-6 7.80368E-6 5.28643E-7
-9999 -9999 -9999 -9999 -9999 -9999 -9999 -9999 -9999 -9999 -9999 -9999 -9999 -9999 -9999 2.22833E-4 8.15366E-5 1.40121E-5 6.19021E-6 7.2769E-6 9.44583E-6 1.25051E-5 3.4086E-5 2.79083E-5 9.38773E-5 3.12953E-5 1.97806E-5 2.33715E-5 1.57854E-5 1.47696E-5 1.18671E-5 1.14419E-5 1.23117E-5 1.34784E-5 4.82103E-6 7.37119E-6 1.42942E-5 1.2605E-5 1.48555E-5 1.51942E-5 1.48688E-5 2.05241E-5 1.25918E-5 4.64169E-6 5.69697E-6 7.29102E-6 1.90997E-5 1.86238E-5 1.37388E-5 7.92041E-6 2.30931E-6 3.40199E-6 8.88857E-6 1.71137E-5 1.05227E-5 8.30431E-6 4.19745E-6 3.12227E-6 2.10352E-6 2.24762E-6 1.12634E-6 5.56745E-7 4.65027E-7 5.52173E-7 1.95781E-6 8.39848E-7
-9999 -9999 -9999 -9999 -9999 -9999 -9999 -9999 -9999 -9999 -9999 -9999 -9999 -9999 -9999 3.70425E-5 5.09561E-5 4.61426E-5 9.06329E-6 7.99344E-6 1.13159E-5 1.78758E-5 1.71766E-5 1.5582E-5 4.00219E-5 4.75356E-5 3.08672E-5 2.58301E-5 2.13445E-5 1.2978E-5 1.49062E-5 1.40482E-5 1.31903E-5 1.46471E-5 1.13392E-5 1.00534E-5 8.66771E-6 9.35241E-6 1.30538E-5 1.3951E-5 1.72692E-5 1.36157E-5 5.01963E-6 4.19674E-6 4.56119E-6 6.17797E-6 2.88811E-6 4.20706E-6 8.42379E-6 3.25669E-6 3.21963E-6 2.6147E-6 2.50724E-6 8.9731E-6 5.16762E-6 2.62804E-6 1.71766E-6 1.88023E-6 1.58328E-6 5.26243E-6 2.0998E-6 9.85023E-7 4.34418E-7 4.07685E-7 3.55329E-7 6.19009E-7
-9999 -9999 -9999 -9999 -9999 -9999 -9999 -9999 -9999 -9999 -9999 -9999 -9999 -9999 -9999 4.76146E-5 6.96412E-5 6.88459E-5 1.28611E-4 3.73565E-5 1.89737E-5 1.85639E-5 1.70901E-5 1.44614E-5 2.7518E-5 1.26009E-4 3.91746E-5 2.57818E-5 2.04478E-5 1.61903E-5 1.37857E-5 1.38304E-5 1.42118E-5 1.38306E-5 9.58008E-6 8.21095E-6 8.45135E-6 9.27355E-6 1.09161E-5 1.4928E-5 1.07625E-5 9.57222E-6 5.10022E-6 6.11058E-6 5.37421E-6 1.13801E-5 9.66819E-6 3.82935E-6 1.00261E-5 6.91201E-6 5.58684E-6 6.15765E-6 2.66945E-6 3.76063E-6 3.32731E-6 2.16045E-6 1.93043E-6 1.63355E-6 2.6747E-6 4.29086E-6 3.30483E-6 7.98936E-7 7.95056E-7 3.8376E-7 4.44474E-7 7.20393E-7
-9999 -9999 -9999 -9999 -9999 -9999 -9999 -9999 -9999 -9999 -9999 -9999 -9999 -9999 -9999 -9999 2.23171E-4 2.1402E-4 1.3694E-4 1.48569E-4 1.87992E-5 2.442E-5 3.228E-5 1.64075E-5 1.9784E-5 8.02104E-5 5.04975E-5 3.31562E-5 3.55961E-5 2.46608E-5 1.4817E-5 1.66328E-5 1.75721E-5 1.36103E-5 7.72364E-6 1.05206E-5 1.03331E-5 1.02018E-5 1.40199E-5 1.07638E-5 1.34354E-5 8.4814E-6 6.64215E-6 7.05866E-6 8.39496E-6 8.64457E-6 8.0543E-6 3.46004E-6 8.78088E-6 7.38823E-6 4.30522E-6 3.87406E-6 1.8163E-6 2.24134E-6 3.31711E-6 1.9539E-6 2.68341E-6 1.29282E-6 1.34423E-6 5.74961E-7 1.08626E-6 7.29837E-7 2.3146E-6 3.08233E-6 1.52016E-6 2.48813E-6
-9999 -9999 -9999 -9999 -9999 -9999 -9999 -9999 -9999 -9999 -9999 -9999 -9999 -9999 -9999 -9999 -9999 -9999 4.41132E-5 4.46382E-5 5.56376E-5 5.22672E-5 4.84828E-5 4.45542E-5 3.92015E-5 8.67953E-5 5.38725E-5 4.85665E-5 4.48354E-5 2.46182E-5 2.07138E-5 1.56498E-5 1.66067E-5 1.68213E-5 1.49607E-5 1.08116E-5 9.83646E-6 1.04105E-5 1.23891E-5 1.21711E-5 7.56985E-6 8.21025E-6 7.05633E-6 7.99631E-6 7.74191E-6 8.25865E-6 1.31644E-5 1.59483E-5 1.62581E-5 3.92963E-6 2.69581E-6 2.40495E-6 1.60497E-6 1.45699E-6 1.1572E-5 6.29608E-6 3.84792E-6 3.38431E-6 9.0758E-7 5.53545E-7 3.92618E-7 5.55619E-7 4.99236E-7 6.93301E-7 1.99596E-6 2.67473E-6
-9999 -9999 -9999 -9999 -9999 -9999 -9999 -9999 -9999 -9999 -9999 -9999 -9999 -9999 -9999 -9999 -9999 -9999 2.62538E-5 5.45925E-5 4.52118E-5 5.03897E-5 3.8715E-5 4.9653E-5 5.66735E-5 7.84023E-5 4.69901E-5 5.00565E-5 4.56847E-5 3.46878E-5 2.36702E-5 1.60157E-5 2.29556E-5 1.67672E-5 1.58614E-5 1.81727E-5 1.07088E-5 9.75346E-6 9.53447E-6 4.89251E-6 7.71779E-6 4.98072E-6 9.07077E-6 8.06065E-6 9.85772E-6 1.02526E-5 8.39402E-6 1.25829E-5 1.55209E-5 5.3956E-6 4.89382E-6 3.8298E-6 2.36036E-6 7.39172E-6 6.75E-6 5.86763E-6 5.25831E-6 2.57545E-6 1.55387E-6 7.96667E-7 4.23886E-7 3.96169E-7 4.27544E-7 3.27112E-7 3.27673E-7 1.90345E-6
-9999 -9999 -9999 -9999 -9999 -9999 -9999 -9999 -9999 -9999 -9999 -9999 -9999 -9999 -9999 -9999 -9999 -9999 -9999 1.17058E-4 1.75993E-4 4.39254E-5 4.33547E-5 4.49992E-5 4.74917E-5 2.09522E-5 2.64945E-5 3.81544E-5 4.05268E-5 4.33631E-5 1.82563E-5 1.66439E-5 1.42473E-5 1.37827E-5 1.54367E-5 2.3538E-5 2.14226E-5 1.04475E-5 1.0918E-5 5.76659E-6 4.22691E-6 6.06696E-6 7.88687E-6 7.61954E-6 7.77958E-6 1.75136E-5 7.9747E-6 6.25837E-6 4.49088E-6 6.83911E-6 8.75831E-6 8.68089E-6 2.55584E-6 1.29932E-6 1.03722E-6 5.98148E-6 6.42209E-6 1.52112E-6 1.41104E-6 8.73273E-7 5.009E-7 3.09086E-7 2.87493E-7 2.55281E-7 3.02312E-7 3.52537E-7
-9999 -9999 -9999 -9999 -9999 -9999 -9999 -9999 -9999 -9999 -9999 -9999 -9999 -9999 -9999 -9999 -9999 -9999 -9999 7.17095E-5 2.13014E-4 1.96974E-4 4.64541E-5 3.11969E-5 4.07928E-5 2.95108E-5 6.08035E-5 8.74751E-5 6.37564E-5 7.12577E-5 1.91189E-5 1.46334E-5 1.85953E-5 2.33852E-5 4.91767E-5 2.3893E-5 4.08799E-5 1.99792E-5 1.41881E-5 8.5294E-6 6.08369E-6 4.82563E-6 8.4043E-6 9.74499E-6 8.78124E-6 8.3516E-6 1.02005E-5 8.8478E-6 3.90633E-6 6.39974E-6 4.94133E-6 3.49171E-6 2.25557E-6 1.25607E-6 9.9236E-7 5.05543E-6 5.3486E-6 2.38582E-6 1.17817E-6 8.99273E-7 6.63962E-7 6.96737E-7 1.78853E-6 3.4405E-7 4.78025E-7 3.73904E-7
-9999 -9999 -9999 -9999 -9999 -9999 -9999 -9999 -9999 -9999 -9999 -9999 -9999 -9999 -9999 -9999 -9999 -9999 -9999 1.00396E-4 2.00144E-4 1.66808E-4 3.43934E-5 3.05086E-5 4.15115E-5 2.56112E-5 1.00062E-4 3.45027E-5 6.16184E-5 6.80703E-5 2.39041E-5 2.03762E-5 1.4746E-5 2.29206E-5 2.94081E-5 7.74191E-5 2.24212E-5 2.00987E-5 1.37265E-5 1.11326E-5 1.37465E-5 1.0884E-5 1.20958E-5 8.17539E-6 7.13766E-6 1.05741E-5 8.65446E-6 6.52854E-6 4.77496E-6 5.64325E-6 3.22864E-6 3.41564E-6 2.12098E-6 1.32476E-6 1.29989E-6 3.44688E-6 6.60475E-6 6.65473E-6 9.28357E-7 7.72249E-7 1.11293E-6 4.51105E-6 1.40442E-6 4.43027E-7 1.10747E-6 1.53794E-6
-9999 -9999 -9999 -9999 -9999 -9999 -9999 -9999 -9999 -9999 -9999 -9999 -9999 -9999 -9999 -9999 -9999 -9999 -9999 1.30461E-4 2.73093E-4 1.98736E-4 1.19964E-4 2.39044E-5 1.18057E-5 1.37342E-5 7.57037E-5 9.40891E-5 1.24817E-4 1.50476E-4 3.11959E-5 2.08826E-5 1.2445E-5 1.68569E-5 1.92462E-5 5.40863E-5 7.12042E-5 2.23831E-5 1.37341E-5 9.06407E-6 9.2699E-6 1.07085E-5 1.28465E-5 9.28711E-6 9.67179E-6 1.01671E-5 9.22744E-6 7.82424E-6 5.97626E-6 6.47868E-6 1.22259E-5 8.84704E-6 5.99682E-6 5.9587E-6 2.35475E-6 2.17904E-6 3.35832E-6 7.76047E-6 2.41841E-6 1.99639E-6 7.33453E-6 1.77307E-6 1.54298E-6 1.30895E-6 1.25404E-6 1.45161E-6
-9999 -9999 -9999 -9999 -9999 -9999 -9999 -9999 -9999 -9999 -9999 -9999 -9999 -9999 -9999 -9999 -9999 -9999 -9999 -9999 9.56706E-5 2.09105E-4 1.58417E-4 2.8178E-5 6.94802E-6 1.05364E-5 1.50913E-5 4.59087E-5 5.67485E-5 1.40076E-4 8.49127E-5 1.93587E-5 1.695E-5 2.15966E-5 1.50607E-5 5.9939E-5 1.82889E-5 1.65151E-5 6.92311E-6 7.42577E-6 1.164E-5 9.50152E-6 1.03435E-5 1.24791E-5 9.66806E-6 8.43941E-6 1.05801E-5 1.3679E-5 1.41964E-5 8.73076E-6 1.03302E-5 1.17038E-5 1.32579E-5 1.45743E-5 6.08303E-6 4.95106E-6 4.0888E-6 6.57942E-6 5.4931E-6 8.6069E-6 1.57365E-5 1.34887E-5 1.9972E-6 7.68207E-7 4.60483E-7 4.57458E-7
-9999 -9999 -9999 -9999 -9999 -9999 -9999 -9999 -9999 -9999 -9999 -9999 -9999 -9999 -9999 -9999 -9999 -9999 -9999 -9999 6.74454E-5 2.13395E-4 2.83342E-5 2.12979E-5 4.87353E-5 3.00151E-5 2.29176E-5 2.70619E-5 4.42483E-5 2.00723E-4 8.4655E-5 2.50227E-5 1.96451E-5 2.18063E-5 1.79091E-5 1.73908E-5 1.11099E-5 1.29281E-5 7.48371E-6 6.98331E-6 1.05304E-5 8.6531E-6 4.59792E-6 6.31372E-6 5.72703E-6 9.38175E-6 6.87416E-6 6.41044E-6 1.37546E-5 9.24093E-6 9.41966E-6 1.09483E-5 9.56304E-6 8.20284E-6 8.3211E-6 9.60191E-6 7.70213E-6 1.59609E-5 1.33588E-5 1.05839E-5 2.54378E-5 1.86592E-5 6.81116E-6 1.06917E-6 7.93914E-7 1.2388E-6
-9999 -9999 -9999 -9999 -9999 -9999 -9999 -9999 -9999 -9999 -9999 -9999 -9999 -9999 -9999 -9999 -9999 -9999 -9999 -9999 1.22681E-4 2.31643E-4 4.11139E-5 3.24592E-5 4.14804E-5 3.95109E-5 1.56207E-5 1.73059E-5 3.15354E-5 5.26312E-5 7.12916E-5 3.48617E-5 2.76607E-5 3.15833E-5 4.50002E-5 1.12103E-5 1.15593E-5 1.08278E-5 6.97324E-6 6.95239E-6 5.9602E-6 6.91656E-6 4.46264E-6 7.34081E-6 1.04614E-5 7.85346E-6 7.52392E-6 1.30178E-5 1.2074E-5 9.86388E-6 1.08509E-5 1.002E-5 7.21298E-6 9.82729E-6 7.5535E-6 1.03032E-5 1.22696E-5 1.19956E-5 1.05231E-5 8.90572E-6 7.93127E-6 1.39965E-5 3.82874E-6 3.27534E-6 1.38774E-6 2.40501E-6
-9999 -9999 -9999 -9999 -9999 -9999 -9999 -9999 -9999 -9999 -9999 -9999 -9999 -9999 -9999 -9999 -9999 -9999 -9999 -9999 -9999 1.37753E-4 1.18357E-4 4.96813E-5 2.44281E-5 2.9732E-5 1.60484E-5 1.56413E-5 1.56518E-5 2.15792E-5 1.88753E-4 4.45193E-5 3.45938E-5 9.73455E-5 9.01993E-5 4.61649E-5 8.60463E-6 7.86623E-6 4.95346E-6 5.48212E-6 5.10736E-6 5.09575E-6 5.71766E-6 6.97079E-6 7.5043E-6 8.36069E-6 1.16447E-5 1.14411E-5 1.07756E-5 1.20904E-5 8.66201E-6 1.25072E-5 1.29338E-5 1.83961E-5 1.79999E-5 1.26183E-5 1.44705E-5 7.09533E-6 8.30165E-6 2.06768E-6 2.15981E-6 3.53196E-6 3.65888E-6 2.76458E-6 3.19777E-6 3.77788E-6
-9999 -9999 -9999 -9999 -9999 -9999 -9999 -9999 -9999 -9999 -9999 -9999 -9999 -9999 -9999 -9999 -9999 -9999 -9999 -9999 -9999 -9999 2.5731E-4 4.61205E-4 1.47693E-4 2.20548E-5 1.85418E-5 1.60047E-5 2.25385E-5 2.77395E-5 9.89533E-5 2.10804E-4 6.92115E-5 1.18427E-4 9.8152E-5 6.17587E-5 8.47803E-6 8.16469E-6 3.64346E-6 5.33103E-6 5.76187E-6 3.53179E-6 3.72208E-6 6.5729E-6 5.09086E-6 8.92844E-6 1.12825E-5 1.30539E-5 1.14875E-5 1.04569E-5 1.04701E-5 1.18232E-5 1.40934E-5 2.04225E-5 1.96019E-5 1.37275E-5 1.14963E-5 5.5113E-6 7.25839E-6 6.35468E-6 5.97904E-6 5.16063E-6 4.2684E-6 4.18465E-6 3.42066E-6 4.66402E-6
