catData/rasterBestHybridModels/Pviverrinus/RD_RM1_H/Pviverrinus_min.asc
ncols         409
nrows         350
xllcorner     60.897278365
yllcorner     5.843756025
cellsize      0.0892857
NODATA_value  -9999
[rows 145 to 173 of 350, columns 264 to 329 of 409]
3.19599E-6 5.46737E-6 2.66632E-6 4.14767E-6 1.15238E-5 1.74081E-5 4.92115E-6 4.72792E-6 3.75087E-5 1.27391E-5 1.24704E-5 8.5751E-6 4.61E-5 2.78865E-5 4.68368E-6 4.9414E-6 3.80961E-6 5.66958E-6 4.18115E-6 6.32821E-6 5.5981E-6 6.00813E-6 4.80934E-6 4.60447E-5 2.26789E-5 5.90972E-5 6.53351E-6 7.77433E-5 8.95633E-5 8.97724E-5 1.5861E-4 2.56396E-4 2.39714E-4 1.58098E-4 1.92453E-4 1.62426E-4 2.59102E-4 3.65948E-4 5.27186E-4 5.77433E-4 8.19196E-4 7.559E-4 1.04944E-3 4.20372E-4 1.00154E-3 9.44388E-4 5.02586E-4 1.2938E-3 7.28094E-4 1.18694E-3 6.15926E-4 1.3235E-3 1.13296E-3 1.02261E-3 1.22561E-3 1.27771E-3 1.36806E-3 1.48071E-3 1.43246E-4 1.47941E-4 9.53878E-4 9.01997E-4 1.44075E-3 1.41579E-3 1.30042E-3 1.19843E-3
3.31633E-6 7.52326E-7 5.56377E-6 2.25003E-6 9.31961E-6 3.89057E-6 2.52301E-5 4.1417E-5 8.73352E-5 1.07135E-5 1.66667E-5 1.3668E-5 9.31553E-6 2.44485E-5 5.31162E-6 4.29295E-6 5.60737E-6 3.85529E-6 1.29509E-4 1.47534E-5 3.46854E-6 4.52441E-6 5.3211E-6 5.13092E-6 5.77862E-6 2.58681E-5 4.70879E-6 3.42877E-5 5.98692E-6 8.76079E-6 5.47091E-5 3.85365E-5 2.39245E-5 3.36637E-5 1.72128E-4 1.97197E-4 2.54558E-4 3.13505E-4 3.83377E-4 5.16926E-4 9.45452E-4 1.04587E-3 1.10476E-3 9.7529E-4 3.04233E-4 9.92132E-4 4.97374E-4 1.01172E-3 1.27742E-3 1.10852E-3 1.23342E-3 3.75628E-4 1.30214E-4 6.23619E-4 1.14524E-3 1.43108E-3 1.31844E-3 1.40301E-3 2.25271E-3 1.33732E-3 1.40225E-3 1.53163E-3 1.36879E-3 1.40527E-3 1.57119E-3 1.60538E-3
3.19441E-5 1.2677E-5 1.95611E-6 2.61871E-6 1.00328E-5 4.41316E-6 6.83276E-6 7.83816E-6 9.50523E-6 1.00953E-5 1.61341E-5 5.32395E-5 5.04071E-5 1.14596E-5 5.99953E-6 4.15398E-6 2.2206E-5 5.24074E-6 1.14481E-4 5.62685E-5 4.57319E-5 8.06348E-5 3.55663E-5 4.60831E-6 4.60734E-6 5.73642E-6 8.70848E-6 5.56228E-6 1.59376E-5 9.44159E-6 5.41441E-5 9.58499E-5 1.10335E-4 1.91945E-4 2.11738E-4 2.41733E-4 2.63028E-4 2.95514E-4 4.11781E-4 6.15384E-4 7.35901E-4 1.08801E-3 1.10562E-3 9.23595E-4 1.04226E-3 9.90362E-4 6.74675E-4 1.04644E-3 1.06981E-3 1.15853E-3 1.17566E-3 8.6072E-4 3.81144E-4 2.27782E-4 4.68432E-4 1.51198E-3 1.55176E-3 1.58338E-3 1.05261E-3 3.36599E-4 1.3071E-3 1.56228E-3 1.3872E-3 1.49371E-3 1.77254E-3 1.99797E-3
3.44025E-6 2.46441E-6 3.04551E-6 2.14988E-6 2.11464E-6 3.53318E-6 4.96985E-6 9.89594E-6 9.73315E-6 7.22441E-6 6.89066E-6 7.2641E-6 1.18552E-5 1.43507E-4 2.90598E-5 2.99487E-5 9.90805E-5 5.39618E-6 3.79566E-6 9.73866E-5 9.29014E-5 1.05555E-4 1.05214E-4 5.41987E-5 2.18359E-5 4.69344E-5 1.23694E-4 7.09031E-6 5.19635E-6 5.5647E-6 7.80065E-5 9.57605E-5 2.45044E-5 1.21589E-4 1.63844E-4 1.52302E-4 2.5345E-4 2.61192E-4 3.91084E-4 4.76877E-4 6.34236E-4 7.11515E-4 6.36227E-4 9.587E-4 9.47926E-4 9.53835E-4 1.02467E-3 1.11141E-3 1.10092E-3 1.13118E-3 1.17281E-3 1.35465E-3 9.68825E-4 2.99711E-4 1.0604E-3 8.88794E-4 1.78502E-3 2.1484E-4 2.185E-3 1.19186E-3 1.47734E-3 1.6335E-3 1.7651E-3 1.56265E-3 1.79433E-3 2.99253E-3
5.96331E-6 2.67363E-6 3.26966E-6 2.04846E-6 2.24372E-6 3.54857E-6 1.06364E-5 5.5818E-6 7.98437E-6 1.21264E-5 5.30886E-6 5.44027E-6 5.10039E-6 5.29687E-6 1.19254E-5 4.03874E-6 5.71588E-6 3.97513E-6 3.07476E-5 2.64775E-5 5.58702E-5 1.32056E-4 1.52531E-4 6.51768E-5 5.72732E-5 7.89414E-5 1.11321E-4 7.55297E-5 1.02702E-4 9.33139E-5 1.26223E-4 1.86444E-5 1.62264E-4 1.74743E-4 2.00764E-4 2.08269E-4 2.29714E-4 2.63465E-4 3.27906E-4 5.65503E-4 6.10569E-4 6.83312E-4 8.38533E-4 9.94574E-4 8.3923E-4 7.87022E-4 1.09817E-3 1.07433E-3 1.09837E-3 1.16478E-3 1.1451E-3 1.33968E-3 1.34274E-3 1.39414E-3 7.36327E-4 8.46116E-4 1.30143E-3 1.33771E-3 9.46906E-4 1.51667E-4 1.17393E-3 1.13089E-3 1.54209E-4 2.05298E-3 3.069E-3 4.22059E-3
8.22856E-6 4.87264E-6 3.33975E-6 2.45185E-6 6.51646E-6 7.36054E-6 6.70424E-6 7.85982E-6 8.73888E-6 1.29217E-5 5.93266E-6 5.2437E-6 5.70857E-6 4.46473E-6 4.50792E-6 4.76463E-6 2.0754E-5 2.4703E-5 4.66378E-5 4.23354E-5 3.17127E-5 6.33916E-5 1.08612E-4 4.24152E-5 4.06988E-5 8.4638E-5 8.0249E-5 1.00107E-4 8.84187E-5 1.06097E-4 9.48388E-5 1.48885E-4 1.48836E-4 1.8205E-4 1.9832E-4 1.83999E-4 1.75183E-4 2.4972E-4 3.71333E-4 4.51876E-4 6.16894E-4 7.03776E-4 7.84347E-4 8.80298E-4 8.07223E-4 7.34397E-4 1.0463E-3 1.2486E-3 1.31533E-3 1.3283E-3 1.19801E-3 1.25334E-3 1.28686E-3 1.39983E-3 1.46307E-3 1.51481E-3 1.42632E-3 1.53816E-3 1.39716E-3 1.74075E-3 1.19379E-3 9.8385E-4 1.51765E-4 2.24776E-3 2.21743E-3 2.81757E-3
1.12743E-5 8.28109E-6 6.98591E-6 7.73872E-6 2.47595E-5 6.59987E-5 9.2521E-6 9.02769E-6 2.22529E-5 2.33095E-5 1.38267E-4 1.62875E-4 1.68009E-5 5.66676E-6 5.00377E-6 1.16888E-5 5.59157E-6 4.92186E-6 2.73852E-5 6.79901E-5 4.84331E-6 4.91462E-6 5.39736E-6 1.81189E-5 3.59544E-6 6.18097E-5 6.47805E-5 6.7341E-5 6.17162E-5 7.37499E-5 9.8476E-5 1.20455E-4 1.49836E-4 1.67719E-4 1.51608E-4 1.57269E-4 1.20405E-4 1.9976E-4 3.12802E-4 4.7568E-4 6.05237E-4 7.12178E-4 9.6086E-4 8.11942E-4 9.32057E-4 8.49679E-4 9.30333E-4 1.18287E-3 1.32375E-3 1.46677E-3 1.43808E-3 1.2693E-3 1.32164E-3 1.41474E-3 1.4922E-3 1.50719E-3 1.45991E-3 1.32692E-3 1.36326E-3 1.4578E-3 5.20981E-4 1.59794E-3 1.82946E-3 3.06835E-4 2.27291E-3 1.57368E-3
4.82092E-6 1.53835E-6 8.08604E-6 1.30612E-5 8.60676E-6 1.43336E-5 1.31864E-5 1.63289E-5 2.7068E-5 3.54794E-5 2.33379E-5 1.5802E-5 6.2033E-5 7.32666E-6 5.64141E-5 6.1073E-5 1.17098E-4 5.52144E-5 5.001E-6 5.33784E-6 6.42852E-6 5.31836E-6 5.79597E-6 3.29585E-5 5.07229E-5 1.03605E-5 3.59613E-5 3.87611E-5 6.55678E-5 4.72003E-5 9.03404E-5 1.15445E-4 1.4114E-4 1.73082E-4 1.71879E-4 1.2385E-4 1.16355E-4 1.9869E-4 2.79424E-4 3.95267E-4 5.99356E-4 7.65295E-4 8.2389E-4 9.58157E-4 8.52664E-4 8.60911E-4 8.74336E-4 1.22386E-3 1.34433E-3 1.34599E-3 1.325E-3 1.42888E-3 1.54244E-3 1.70715E-3 1.80398E-3 1.68632E-3 1.56359E-3 1.36729E-3 1.28813E-3 1.50083E-3 1.72592E-3 1.6549E-3 1.81799E-3 3.73435E-4 2.03096E-4 1.60067E-3
7.71223E-6 1.96762E-6 1.05428E-5 1.04722E-5 1.37713E-5 8.76722E-6 8.60198E-6 1.64149E-5 2.10743E-5 6.68415E-5 3.49117E-5 1.70544E-5 1.33446E-4 1.44267E-4 1.07493E-4 5.92623E-5 5.0188E-5 4.8639E-5 7.12077E-6 5.08217E-5 4.62063E-6 5.39805E-6 1.92622E-5 3.41445E-5 3.20219E-5 5.40898E-6 3.48515E-6 3.73532E-5 7.04308E-5 5.08065E-5 8.90114E-5 1.11872E-4 1.46127E-4 1.79858E-4 1.78237E-4 2.12793E-4 1.7688E-4 2.5013E-4 2.89876E-4 1.68949E-4 5.52492E-4 7.55694E-4 9.26976E-4 9.86275E-4 8.07611E-4 8.78593E-4 1.1026E-3 1.20082E-3 1.33682E-3 1.45433E-3 1.41089E-3 1.42426E-3 1.60712E-3 1.71755E-3 1.7906E-3 1.72441E-3 1.58708E-3 1.62727E-3 1.62591E-3 1.36635E-3 1.36849E-3 1.62648E-3 1.99766E-3 2.08075E-3 1.10704E-3 1.49746E-4
4.63597E-6 5.89838E-6 5.96761E-6 5.78457E-6 8.90152E-6 8.67103E-6 8.5946E-6 1.35261E-5 1.01009E-5 1.16441E-5 9.02164E-6 5.08462E-5 8.72052E-5 5.10457E-5 2.68844E-5 2.26458E-5 1.02782E-4 1.31394E-4 6.06955E-6 6.41465E-6 4.36198E-6 4.3223E-6 4.4551E-6 1.5503E-5 4.0439E-5 3.5743E-5 5.79989E-6 1.81026E-5 3.82753E-5 4.84228E-5 9.39664E-5 1.23891E-4 1.39631E-4 1.52805E-4 2.10092E-4 9.06573E-5 8.55667E-5 2.19862E-4 2.91805E-4 2.94527E-4 5.50815E-4 6.68656E-4 8.72285E-4 9.52253E-4 9.44671E-4 1.00286E-3 1.30476E-3 1.42945E-3 1.28372E-3 1.4062E-3 1.36015E-3 1.55992E-3 1.71275E-3 1.66027E-3 1.7831E-3 1.66696E-3 1.71564E-3 1.69078E-3 1.82228E-3 1.65141E-3 1.66655E-3 1.50042E-3 1.45839E-3 2.15624E-3 2.37588E-3 2.04054E-3
1.91929E-5 4.8342E-6 1.3265E-5 1.21413E-5 5.81324E-6 1.15138E-5 8.36013E-6 6.8626E-6 7.33697E-6 8.9234E-6 6.96637E-5 1.3244E-4 6.96769E-5 4.63533E-6 5.12285E-6 4.21467E-6 1.61415E-5 1.01692E-4 3.90654E-5 1.31316E-5 6.34486E-6 3.93082E-6 4.38743E-6 3.82521E-6 4.22331E-5 4.25526E-5 4.04765E-6 1.13841E-5 6.52448E-6 7.79828E-5 1.15181E-4 1.07254E-4 1.26871E-4 1.51895E-4 1.73192E-4 1.8943E-4 1.62284E-4 2.61707E-4 2.83356E-4 3.7847E-4 4.40599E-4 5.46413E-4 7.53794E-4 9.10191E-4 1.28545E-3 1.12164E-3 1.89269E-3 1.68163E-3 1.45297E-3 1.48924E-3 1.59215E-3 1.65251E-3 2.08885E-3 2.07572E-3 1.75482E-3 1.65458E-3 1.83359E-3 1.68645E-3 1.84098E-3 1.38864E-3 1.01699E-3 9.79565E-4 1.60303E-3 1.83668E-3 1.98764E-3 2.01648E-3
4.06923E-5 1.47209E-5 1.29305E-5 8.80077E-6 5.59426E-6 5.02526E-6 6.80245E-6 7.37992E-6 6.92359E-6 2.17859E-5 1.04943E-4 7.10613E-5 7.27111E-6 6.02543E-6 5.58039E-6 4.22317E-6 4.07356E-6 4.47118E-6 1.23494E-5 5.49792E-6 7.02601E-6 6.75809E-6 8.20815E-6 5.04174E-6 5.15981E-6 1.36682E-5 5.05171E-5 5.15804E-5 3.4738E-5 9.02907E-5 6.62934E-5 1.14048E-4 9.9233E-5 1.24106E-4 1.42022E-4 1.60776E-4 1.91835E-4 2.13052E-4 3.02239E-4 4.14292E-4 4.7981E-4 5.57896E-4 7.97142E-4 1.10602E-3 1.4899E-3 1.40832E-3 1.5972E-3 1.76131E-3 1.7883E-3 1.60468E-3 1.5895E-3 1.62511E-3 1.98929E-3 2.14418E-3 1.15035E-3 1.70119E-3 1.57496E-3 1.57923E-3 1.63217E-3 1.29538E-3 9.24286E-4 9.49087E-4 9.53965E-4 1.27698E-3 1.55991E-3 1.40655E-3
1.39014E-5 9.67807E-6 4.54144E-5 6.60431E-6 4.29784E-6 6.00933E-6 6.43109E-6 5.22523E-6 6.48927E-6 1.20685E-5 4.86834E-5 7.62726E-5 1.27696E-5 6.64127E-6 4.61058E-6 4.59953E-6 1.19026E-5 1.01951E-5 5.11969E-6 6.63585E-5 5.36792E-5 3.16949E-5 5.3777E-5 4.62878E-6 5.279E-5 5.5884E-5 8.99114E-5 8.51969E-5 8.74826E-5 1.03572E-4 4.40317E-5 1.21849E-4 1.64951E-4 1.65272E-4 1.4363E-4 2.29929E-4 2.7596E-4 2.72134E-4 3.96275E-4 5.69443E-4 2.89327E-4 2.15531E-4 2.56609E-4 1.2846E-3 1.67128E-3 1.72164E-3 1.0603E-3 1.8536E-3 1.97365E-3 1.73606E-3 1.7038E-3 1.66372E-3 1.98457E-3 1.99924E-3 1.73362E-3 1.77927E-3 1.13488E-3 1.00989E-3 1.52238E-3 1.53402E-3 1.24261E-3 8.08428E-4 8.4053E-4 9.77324E-4 1.5349E-3 1.59218E-3
4.30964E-6 3.71737E-6 2.88297E-6 5.2653E-6 3.89651E-6 4.28247E-6 6.31956E-6 5.66162E-6 6.80463E-6 9.08736E-5 4.9792E-5 8.69548E-6 2.72461E-5 9.85236E-5 3.9886E-5 1.27063E-4 9.44685E-5 2.26589E-5 3.99294E-5 1.16622E-4 4.47293E-5 2.53016E-5 5.07442E-5 2.40726E-5 6.6477E-5 2.67261E-5 8.97605E-5 8.90338E-5 9.34839E-5 9.64997E-5 1.11478E-4 1.18891E-4 1.34986E-4 5.58149E-5 5.45679E-5 1.39813E-4 3.60316E-4 4.63978E-4 5.50579E-4 7.62181E-4 2.70751E-4 4.79156E-4 1.01525E-3 1.14548E-3 1.30783E-3 1.07389E-3 1.81889E-3 1.64316E-3 2.17201E-3 1.7309E-3 1.60386E-3 1.83408E-3 1.92635E-3 1.71527E-3 1.22578E-3 1.43432E-3 2.0139E-3 7.96134E-4 9.63026E-4 2.61086E-4 1.20482E-3 9.64111E-4 1.18652E-3 1.29059E-3 1.96245E-3 2.0647E-3
1.13294E-5 2.2217E-6 2.10853E-6 4.85871E-6 3.09273E-6 3.54679E-6 3.82879E-6 4.17107E-6 1.19805E-5 1.86983E-5 3.54519E-5 2.52484E-5 2.5577E-5 1.59934E-5 1.12041E-5 5.71473E-5 8.5131E-5 6.5828E-5 6.3928E-6 1.65705E-4 2.17323E-5 6.23713E-5 6.60497E-5 7.38144E-5 1.02175E-4 7.92015E-5 6.7034E-5 9.47923E-5 7.48885E-5 1.13189E-4 3.85365E-5 1.28827E-4 1.3918E-4 1.38233E-4 1.94085E-4 3.40292E-4 2.75361E-4 7.5785E-4 9.34736E-4 3.62536E-4 6.26921E-4 1.1914E-3 1.25603E-3 2.16403E-3 1.69739E-3 1.82944E-3 1.85712E-3 1.96672E-3 1.99239E-3 1.25663E-3 1.39226E-3 1.66036E-3 1.80909E-3 1.52172E-3 1.10267E-3 6.83492E-4 3.48626E-3 1.45858E-3 1.15519E-3 1.1012E-3 1.35539E-3 1.11635E-3 1.32743E-3 1.45873E-3 1.84869E-3 1.71184E-3
4.949E-6 2.26545E-6 2.22841E-6 3.69665E-6 3.77745E-6 6.7769E-6 7.09787E-6 4.66819E-6 2.09276E-6 1.85095E-5 7.91023E-5 8.36295E-5 9.99669E-5 1.65563E-5 1.40843E-5 4.15463E-5 6.36882E-5 6.69869E-5 8.67584E-5 1.98932E-4 3.28311E-5 6.18321E-5 7.34737E-5 1.23758E-4 1.23672E-4 8.19341E-5 9.88316E-5 5.83763E-5 1.14732E-4 1.21097E-4 1.21892E-4 1.25383E-4 5.70613E-5 2.08667E-5 3.10768E-4 2.09697E-4 9.47262E-4 1.15634E-3 5.56536E-4 4.39621E-4 8.29375E-4 7.83927E-4 1.01724E-3 3.59057E-3 2.01178E-3 1.48145E-3 2.16224E-3 1.87486E-3 1.67292E-3 1.17191E-3 1.16141E-3 1.2636E-3 1.29705E-3 1.29734E-3 5.84249E-4 6.55221E-4 8.66875E-4 1.67893E-3 9.23367E-4 1.0929E-3 1.32921E-3 1.05758E-3 1.48039E-3 1.86571E-3 1.77084E-3 2.32627E-3
2.23905E-6 9.34946E-6 2.6731E-6 8.10473E-6 2.74852E-6 1.10386E-5 1.81585E-6 7.18738E-6 1.88603E-6 4.55139E-6 1.97493E-5 3.09999E-5 7.62861E-5 1.74214E-5 3.76874E-5 2.10115E-5 6.23184E-6 2.56604E-5 8.34674E-5 1.14164E-4 7.11913E-5 7.43656E-5 4.66813E-5 1.26882E-4 1.20319E-4 1.58508E-5 2.94217E-5 5.3907E-5 3.96536E-5 1.30731E-4 1.33108E-4 1.11974E-4 6.06537E-5 1.41448E-4 3.75086E-4 8.41699E-4 1.15068E-3 1.23364E-3 1.5308E-3 1.11081E-3 2.30788E-3 2.11505E-3 3.03735E-3 4.82877E-3 4.43224E-3 1.69803E-3 1.52378E-3 1.57798E-3 1.58497E-3 1.82571E-3 1.30434E-3 1.299E-3 1.06199E-3 1.13009E-3 9.43444E-4 7.4923E-4 1.01617E-3 1.27027E-3 1.42475E-3 1.4636E-3 1.58376E-3 1.4219E-3 1.6327E-3 1.71877E-3 1.67761E-3 2.0266E-3
1.68516E-6 3.39393E-6 9.74139E-6 5.18509E-6 4.44952E-6 1.21512E-5 1.66852E-6 2.27195E-6 1.1137E-6 1.97593E-6 1.53643E-6 5.51455E-6 5.25333E-5 8.61949E-5 1.61984E-5 8.25024E-5 8.34695E-5 1.19989E-5 8.03286E-5 2.86031E-5 7.65254E-5 8.26326E-5 2.25855E-5 5.51577E-5 4.72787E-5 6.60437E-5 8.02768E-5 2.51848E-5 2.0329E-5 1.22723E-4 1.14537E-4 1.05976E-4 1.45912E-4 4.67789E-4 7.76102E-4 1.16643E-3 1.44208E-3 1.65219E-3 1.45926E-3 1.6423E-3 2.30421E-3 3.16218E-3 5.61745E-3 2.45979E-3 1.62252E-3 6.53748E-4 5.7222E-4 1.19837E-3 1.20969E-3 1.75533E-3 1.2231E-3 8.71585E-4 1.00961E-3 1.02597E-3 9.29061E-4 9.0331E-4 7.9629E-4 1.14473E-3 1.0423E-3 1.2165E-3 1.47482E-3 1.68471E-3 1.57246E-3 1.6101E-3 1.53687E-3 1.43699E-3
1.09305E-6 1.14508E-6 1.50362E-6 7.92265E-6 1.42581E-6 9.88508E-7 1.47982E-6 5.54539E-7 9.33295E-7 3.49953E-6 2.23583E-6 4.16577E-6 9.61943E-6 1.99584E-6 8.52818E-6 3.65517E-5 1.926E-5 1.11107E-4 1.496E-5 1.41231E-4 1.37663E-4 1.01067E-4 2.63534E-5 2.92599E-5 8.669E-6 1.33114E-5 9.92732E-6 3.0366E-5 4.6643E-5 7.96246E-6 5.64118E-5 1.14617E-4 1.58468E-4 5.02686E-4 7.91683E-4 1.12382E-3 1.49398E-3 1.72881E-3 2.15204E-3 1.74579E-3 2.18968E-3 3.76635E-3 4.52471E-3 3.66715E-3 1.13221E-3 1.21639E-3 8.68778E-4 8.17024E-4 8.61894E-4 -9999 8.3567E-4 8.52353E-4 9.02124E-4 6.15439E-4 6.63488E-4 1.20063E-3 8.50762E-4 3.20726E-4 5.07836E-4 1.10309E-3 9.5817E-4 1.67052E-3 1.65401E-3 1.31875E-3 1.14165E-3 1.09088E-3
2.39782E-6 1.83545E-6 1.88054E-6 2.83783E-6 2.0202E-6 2.06822E-6 2.20949E-6 6.94251E-7 4.07913E-7 3.93114E-6 1.02284E-5 7.40738E-6 4.51275E-6 8.69543E-6 4.49091E-6 5.32674E-6 3.57813E-5 8.15907E-6 1.08881E-4 8.72534E-5 1.35346E-4 6.05524E-5 6.33973E-5 9.50155E-6 6.35928E-6 9.59161E-6 3.32357E-5 3.1757E-5 9.39222E-5 1.94828E-5 4.10848E-5 8.30363E-5 1.7204E-4 4.4615E-4 6.93507E-4 1.22937E-3 1.44099E-3 9.80537E-4 -9999 1.29654E-3 2.09505E-3 2.35497E-3 2.24916E-3 2.92112E-3 1.53777E-3 1.1746E-3 1.11865E-3 1.04322E-3 5.95806E-4 -9999 6.92762E-4 8.20618E-4 -9999 5.52564E-4 1.90205E-4 -9999 9.80748E-4 9.27799E-4 1.56414E-4 8.55691E-4 5.50594E-4 1.52708E-3 1.33274E-3 1.22235E-3 1.178E-3 1.21116E-3
1.84311E-6 5.34777E-6 1.67787E-6 1.1256E-6 2.17724E-6 2.6992E-6 4.53542E-6 2.77068E-6 2.50887E-6 7.39575E-6 3.32461E-6 1.0244E-5 3.39228E-5 1.14376E-5 7.98401E-6 1.22001E-5 1.5237E-5 8.48956E-6 7.50553E-5 4.88627E-5 1.52644E-4 1.30879E-4 5.80344E-5 4.84833E-5 5.19009E-5 6.12547E-6 3.7602E-5 9.00007E-5 7.7481E-5 1.46543E-5 5.93147E-5 2.08169E-4 2.6582E-4 4.62628E-4 6.75721E-4 1.11406E-3 1.22868E-3 9.50255E-4 -9999 8.83567E-4 1.12208E-3 1.78884E-3 1.82455E-3 2.32177E-3 1.9605E-3 1.33724E-3 7.71962E-4 4.46172E-4 7.04769E-4 6.41515E-4 -9999 3.3082E-4 2.2689E-4 4.05438E-4 1.85397E-4 2.13664E-4 8.63777E-4 -9999 1.42757E-4 5.18713E-4 -9999 1.23778E-3 1.16449E-3 -9999 1.27651E-3 1.32528E-3
2.00831E-6 1.91526E-6 3.80714E-6 2.58272E-6 2.81216E-5 1.02819E-5 1.34374E-4 7.14168E-6 4.84301E-6 1.24478E-5 2.52588E-5 9.42057E-6 9.09935E-6 9.69825E-6 8.59917E-6 4.55677E-5 6.63421E-6 6.014E-5 1.50278E-4 1.23467E-4 3.63786E-5 1.61454E-4 8.49375E-5 5.62583E-6 7.37888E-5 5.26757E-5 8.77537E-5 8.2336E-5 9.9606E-5 1.10213E-4 1.18855E-4 1.26303E-4 2.45035E-4 4.77529E-4 7.9062E-4 8.88517E-4 1.49961E-3 1.46304E-3 1.39099E-3 -9999 1.07613E-3 1.12598E-3 1.61202E-3 1.76108E-3 2.01259E-3 1.17972E-3 8.25666E-4 7.9587E-4 7.34862E-4 -9999 3.24842E-4 5.53192E-4 2.85727E-4 3.40908E-4 1.81057E-4 2.12116E-4 8.98984E-4 1.61073E-4 1.42501E-4 6.49926E-4 1.26028E-3 5.59033E-4 1.22105E-3 1.05181E-3 1.19416E-3 1.26516E-3
6.76932E-6 2.06392E-5 2.60279E-5 1.8791E-6 4.17205E-6 2.06571E-5 7.53992E-5 7.85792E-6 7.39452E-6 2.21912E-5 4.64834E-5 4.52605E-5 1.12839E-5 9.70503E-6 7.06886E-6 7.3723E-6 1.62042E-5 1.04393E-5 8.59563E-5 2.39625E-5 6.43085E-5 2.07213E-4 1.53347E-5 6.93993E-6 2.69587E-5 1.04354E-5 1.02459E-5 1.11882E-4 1.2623E-4 6.90172E-5 1.24875E-4 1.91331E-4 4.45603E-4 6.92749E-4 1.12761E-3 1.02024E-3 1.21319E-3 1.62969E-3 1.70597E-3 1.77057E-3 1.44082E-3 -9999 1.19841E-3 1.16376E-3 1.63204E-3 1.23032E-3 6.02E-4 8.48853E-4 2.76729E-4 2.83241E-4 3.77123E-4 8.38706E-4 3.95389E-4 -9999 1.85545E-4 2.08801E-4 6.11897E-4 1.5928E-4 1.47824E-4 7.27039E-4 7.20636E-4 1.14422E-3 -9999 1.10469E-3 1.07978E-3 1.10428E-3
2.67195E-5 4.55704E-5 4.00663E-6 1.38072E-6 7.81279E-7 2.42016E-6 1.43706E-6 3.63129E-6 1.41102E-5 4.37141E-5 2.9986E-5 1.14255E-5 9.85449E-6 1.01063E-5 1.012E-5 8.40786E-6 5.05979E-5 1.23274E-5 4.40157E-5 4.37184E-5 4.7275E-5 7.85877E-5 6.50906E-5 2.43228E-5 1.01009E-5 1.05768E-5 1.1274E-5 9.7734E-5 1.66288E-4 1.65393E-4 1.73277E-4 3.1854E-4 5.92692E-4 9.83587E-4 1.00315E-3 6.24919E-4 1.02136E-3 1.37999E-3 1.88994E-3 -9999 1.47212E-3 -9999 9.69779E-4 3.03144E-4 9.78459E-4 1.12367E-3 8.88953E-4 4.72663E-4 3.5069E-4 2.97758E-4 3.06053E-4 3.89545E-4 4.7087E-4 3.73005E-4 -9999 2.05493E-4 -9999 1.45871E-4 -9999 3.43077E-4 -9999 1.29121E-3 1.29951E-3 9.45299E-4 1.1259E-3 9.24786E-4
7.27489E-7 8.3388E-6 2.19162E-6 2.22488E-6 9.74169E-7 5.32451E-7 1.11933E-6 2.96421E-6 4.67137E-6 4.19686E-5 7.47265E-5 8.48846E-5 1.07081E-5 1.06957E-5 9.86445E-6 9.24687E-6 5.43649E-6 3.24338E-6 6.86112E-6 1.28095E-5 2.14068E-5 6.44025E-5 6.08018E-5 1.66176E-4 8.52884E-5 8.08639E-5 1.15224E-4 1.80199E-4 1.03446E-4 1.91453E-4 2.24928E-4 4.66613E-4 8.85772E-4 1.5302E-3 1.40608E-3 6.71233E-4 1.06446E-3 1.71706E-3 1.65002E-3 2.18776E-3 -9999 1.46768E-3 5.72684E-4 1.0334E-3 9.48436E-4 8.8762E-4 -9999 7.11199E-4 1.69481E-4 1.82276E-4 1.49859E-4 -9999 4.81802E-4 4.39457E-4 -9999 2.04517E-4 -9999 1.56577E-4 -9999 4.03887E-4 4.81788E-4 7.38641E-4 -9999 1.10815E-3 1.09969E-3 -9999
6.55338E-6 4.79181E-6 4.37685E-6 5.84895E-7 2.53811E-7 2.34955E-7 4.02717E-6 5.33225E-6 4.2415E-6 5.07869E-6 7.26737E-5 3.2641E-5 1.12622E-5 1.18279E-5 1.05034E-5 2.80253E-6 3.18775E-6 3.23302E-6 4.32944E-6 1.21051E-5 1.34807E-5 4.07749E-5 5.2723E-5 1.49055E-4 2.06294E-4 1.83414E-4 2.01766E-4 2.14805E-4 2.30629E-4 2.30649E-4 4.72711E-4 7.92174E-4 1.09738E-3 1.76186E-3 1.74954E-3 1.05426E-3 9.42429E-4 8.09923E-4 1.17556E-3 -9999 -9999 1.39976E-3 1.16503E-3 1.17912E-3 -9999 6.64357E-4 4.97212E-4 -9999 2.16217E-4 2.27712E-4 2.93125E-4 -9999 -9999 -9999 5.0253E-4 2.02604E-4 -9999 -9999 1.45242E-4 7.25098E-4 -9999 -9999 -9999 -9999 1.086E-3 -9999
2.01347E-6 2.23168E-6 7.41042E-7 8.27532E-7 2.91545E-7 3.28012E-7 7.68017E-7 8.20138E-6 1.38294E-6 2.03898E-6 1.82703E-5 5.46111E-5 1.22637E-5 1.39002E-5 8.1671E-6 5.43916E-6 4.68191E-6 5.20354E-6 2.20987E-5 9.73707E-6 4.01823E-5 4.15843E-5 9.78259E-5 2.94383E-4 1.89545E-4 2.23164E-4 2.12691E-4 2.44252E-4 3.42236E-4 5.41447E-4 6.90474E-4 1.29654E-3 1.80813E-3 1.84529E-3 1.69807E-3 1.38235E-3 1.25002E-3 1.20879E-3 -9999 -9999 1.33956E-3 -9999 8.69212E-4 8.08261E-4 -9999 -9999 -9999 -9999 2.49967E-4 2.35105E-4 -9999 -9999 -9999 -9999 -9999 1.83184E-4 -9999 -9999 -9999 -9999 -9999 -9999 -9999 -9999 -9999 -9999
2.43986E-6 2.98561E-6 1.36402E-6 8.78248E-7 4.06159E-7 2.53832E-7 2.34609E-6 6.77496E-6 3.46693E-6 1.86564E-6 2.48801E-6 5.42046E-5 2.20063E-5 1.29751E-5 7.31705E-6 1.65689E-4 1.34925E-5 2.54171E-5 3.3033E-6 9.74339E-6 8.94705E-6 4.32033E-5 1.58285E-4 2.18975E-4 2.03313E-4 2.43906E-4 3.6317E-4 4.12759E-4 8.70948E-4 1.30955E-3 1.43252E-3 1.39265E-3 1.54314E-3 1.69571E-3 1.65585E-3 1.3817E-3 1.30448E-3 -9999 -9999 -9999 9.3068E-4 6.77808E-4 8.17154E-4 8.88861E-4 -9999 9.13823E-4 -9999 -9999 -9999 -9999 3.72463E-4 -9999 -9999 -9999 -9999 -9999 -9999 -9999 -9999 -9999 -9999 -9999 -9999 -9999 -9999 -9999
2.30076E-6 9.87403E-7 2.1123E-6 3.2075E-6 1.65597E-6 5.55403E-7 3.69527E-6 4.1524E-6 1.13225E-5 1.26854E-6 1.55738E-6 1.98922E-5 1.33073E-4 1.62696E-5 8.74606E-6 7.6351E-6 1.31974E-5 1.36737E-5 7.37072E-6 2.18002E-5 1.04823E-5 1.40214E-4 3.00707E-4 1.85445E-4 2.36064E-4 3.3814E-4 6.32796E-4 7.98398E-4 1.33257E-3 7.81804E-4 1.02211E-3 9.12394E-4 1.22178E-3 -9999 -9999 -9999 -9999 -9999 -9999 -9999 -9999 -9999 -9999 -9999 -9999 9.14063E-4 -9999 -9999 -9999 -9999 -9999 -9999 -9999 -9999 -9999 -9999 -9999 -9999 -9999 -9999 -9999 -9999 -9999 -9999 -9999 -9999
