catData/rasterBestHybridModels/Pviverrinus/RD_RM1_H/Pviverrinus_stddev.asc
ncols         409
nrows         350
xllcorner     60.897278365
yllcorner     5.843756025
cellsize      0.0892857
NODATA_value  -9999
[rows 87 to 115 of 350, columns 325 to 389 of 409]
-9999 -9999 -9999 -9999 -9999 -9999 -9999 -9999 -9999 -9999 -9999 -9999 -9999 -9999 -9999 -9999 -9999 -9999 -9999 -9999 -9999 -9999 -9999 -9999 -9999 -9999 -9999 -9999 -9999 -9999 -9999 -9999 -9999 -9999 -9999 -9999 -9999 -9999 -9999 -9999 -9999 -9999 -9999 -9999 -9999 -9999 -9999 -9999 -9999 -9999 -9999 -9999 2.0738E-7 2.08329E-7 -9999 -9999 -9999 -9999 -9999 -9999 -9999 -9999 -9999 -9999 -9999
-9999 -9999 -9999 -9999 -9999 -9999 -9999 -9999 -9999 -9999 -9999 -9999 -9999 -9999 -9999 -9999 -9999 -9999 -9999 -9999 -9999 -9999 -9999 -9999 -9999 -9999 -9999 -9999 -9999 -9999 -9999 -9999 -9999 -9999 -9999 -9999 -9999 -9999 -9999 -9999 -9999 -9999 -9999 -9999 -9999 -9999 -9999 -9999 -9999 -9999 2.16191E-7 2.06418E-7 2.11909E-7 2.28745E-7 2.31574E-7 -9999 -9999 -9999 -9999 -9999 -9999 -9999 -9999 2.51669E-7 2.51919E-7
-9999 -9999 -9999 -9999 -9999 -9999 -9999 -9999 -9999 -9999 -9999 -9999 -9999 -9999 -9999 -9999 -9999 -9999 -9999 -9999 -9999 -9999 -9999 -9999 -9999 -9999 -9999 -9999 -9999 -9999 -9999 -9999 -9999 -9999 -9999 -9999 -9999 -9999 -9999 -9999 -9999 -9999 -9999 -9999 -9999 -9999 -9999 -9999 2.05038E-7 2.11021E-7 2.42604E-7 2.40065E-7 3.32418E-7 2.48137E-7 2.97555E-7 4.28763E-7 9.53127E-7 7.40834E-7 4.33429E-7 -9999 -9999 -9999 2.72678E-7 2.7331E-7 3.00503E-7
-9999 -9999 -9999 -9999 -9999 -9999 -9999 -9999 -9999 -9999 -9999 -9999 -9999 -9999 -9999 -9999 -9999 -9999 -9999 -9999 -9999 -9999 -9999 -9999 -9999 -9999 -9999 -9999 -9999 -9999 -9999 -9999 -9999 -9999 -9999 -9999 -9999 -9999 -9999 -9999 -9999 -9999 -9999 -9999 -9999 -9999 -9999 2.11655E-7 2.08703E-7 2.07159E-7 2.53272E-7 3.10253E-7 2.72635E-7 3.22459E-7 5.89437E-7 1.10454E-6 9.31595E-7 6.19012E-7 4.14005E-7 2.70817E-7 2.67419E-7 -9999 3.023E-7 3.07693E-7 3.69908E-7
-9999 -9999 -9999 -9999 -9999 -9999 -9999 -9999 -9999 -9999 -9999 -9999 -9999 -9999 -9999 -9999 -9999 -9999 -9999 -9999 -9999 -9999 -9999 -9999 -9999 -9999 -9999 -9999 -9999 -9999 -9999 -9999 -9999 -9999 -9999 -9999 -9999 -9999 -9999 -9999 -9999 -9999 -9999 -9999 -9999 -9999 -9999 2.37906E-7 2.47848E-7 2.35242E-7 2.43445E-7 4.01405E-7 4.43906E-7 6.53182E-7 1.09811E-6 1.21367E-6 9.42831E-7 7.9926E-7 4.7253E-7 2.94329E-7 2.65156E-7 3.44933E-7 3.78497E-7 3.3063E-7 3.82544E-7
-9999 -9999 -9999 -9999 -9999 -9999 -9999 -9999 -9999 -9999 -9999 -9999 -9999 -9999 -9999 -9999 -9999 -9999 -9999 -9999 -9999 -9999 -9999 -9999 -9999 -9999 -9999 -9999 -9999 -9999 -9999 -9999 -9999 -9999 -9999 -9999 -9999 -9999 -9999 -9999 -9999 -9999 -9999 -9999 -9999 -9999 2.10209E-7 2.66806E-7 5.64869E-7 2.92826E-7 2.37815E-7 3.38938E-7 6.16175E-7 8.39808E-7 1.43411E-6 1.03368E-6 8.86632E-7 6.63694E-7 5.66908E-7 4.21613E-7 3.15889E-7 3.44511E-7 4.41632E-7 4.27239E-7 4.31329E-7
-9999 -9999 -9999 -9999 -9999 -9999 -9999 -9999 -9999 -9999 -9999 -9999 -9999 -9999 -9999 -9999 -9999 -9999 -9999 -9999 -9999 -9999 -9999 -9999 -9999 -9999 -9999 -9999 -9999 -9999 -9999 -9999 -9999 -9999 -9999 -9999 -9999 -9999 -9999 -9999 -9999 -9999 -9999 -9999 -9999 -9999 3.33692E-7 2.43468E-7 3.56993E-7 5.94599E-7 2.64169E-7 2.9504E-7 6.22502E-7 7.84047E-7 1.0916E-6 1.14766E-6 1.19191E-6 7.38749E-7 4.99902E-7 4.42817E-7 3.65073E-7 3.30366E-7 4.06862E-7 5.32107E-7 4.92558E-7
-9999 -9999 -9999 -9999 -9999 -9999 -9999 -9999 -9999 -9999 -9999 -9999 -9999 -9999 -9999 -9999 -9999 -9999 -9999 -9999 -9999 -9999 -9999 -9999 -9999 -9999 -9999 -9999 -9999 -9999 -9999 -9999 -9999 -9999 -9999 -9999 -9999 -9999 -9999 2.60124E-7 1.76319E-7 2.97539E-7 2.83775E-7 2.89461E-7 3.00075E-7 2.78581E-7 4.882E-7 5.0743E-7 3.22505E-7 4.47228E-7 3.31999E-7 3.39256E-7 8.83264E-7 8.86867E-7 9.7519E-7 1.02161E-6 1.1628E-6 1.3435E-6 8.39464E-7 6.29567E-7 5.27061E-7 4.03863E-7 4.99873E-7 5.20783E-7 6.53873E-7
-9999 -9999 -9999 -9999 -9999 -9999 -9999 -9999 -9999 -9999 -9999 -9999 -9999 -9999 -9999 -9999 -9999 -9999 -9999 -9999 -9999 -9999 -9999 -9999 -9999 -9999 -9999 -9999 -9999 -9999 -9999 -9999 -9999 -9999 -9999 -9999 -9999 -9999 1.71828E-7 1.95772E-7 2.53094E-7 2.24158E-7 2.25631E-7 3.4222E-7 2.97565E-7 2.51328E-7 3.40573E-7 6.38801E-7 4.6145E-7 6.07942E-7 5.77526E-7 8.0378E-7 1.1092E-6 9.4387E-7 8.51683E-7 9.18936E-7 1.04835E-6 1.45572E-6 1.18068E-6 1.04229E-6 6.66393E-7 4.84976E-7 5.90875E-7 7.95422E-7 9.28898E-7
-9999 -9999 -9999 -9999 -9999 -9999 -9999 -9999 -9999 -9999 -9999 -9999 -9999 -9999 -9999 -9999 -9999 -9999 -9999 -9999 -9999 -9999 -9999 -9999 -9999 -9999 -9999 -9999 -9999 -9999 -9999 -9999 -9999 -9999 -9999 -9999 -9999 1.99894E-7 2.04908E-7 3.92427E-7 1.88725E-7 2.24469E-7 4.0747E-7 4.41154E-7 3.18615E-7 3.32134E-7 4.10542E-7 3.15584E-7 3.13258E-7 4.18567E-7 6.22458E-7 6.74916E-7 1.12359E-6 1.04686E-6 1.0582E-6 1.10364E-6 1.06908E-6 1.63489E-6 1.72446E-6 1.09938E-6 9.35323E-7 7.10138E-7 8.42181E-7 9.09648E-7 9.27685E-7
-9999 -9999 -9999 -9999 -9999 -9999 -9999 -9999 -9999 -9999 -9999 -9999 -9999 -9999 -9999 -9999 -9999 -9999 -9999 -9999 -9999 -9999 -9999 -9999 -9999 -9999 -9999 -9999 -9999 -9999 -9999 -9999 -9999 -9999 -9999 -9999 -9999 1.91613E-7 2.26227E-7 3.3046E-7 4.02709E-7 4.52756E-7 5.52587E-7 7.08829E-7 9.4879E-7 9.56448E-7 8.28361E-7 4.23363E-7 5.11192E-7 4.54519E-7 4.06746E-7 7.64763E-7 1.60507E-6 1.95213E-6 1.13391E-6 1.35224E-6 1.58423E-6 3.00768E-6 1.25653E-6 1.16765E-6 1.04329E-6 1.00999E-6 1.01956E-6 1.031E-6 1.00617E-6
-9999 1.51384E-7 -9999 1.46868E-7 -9999 -9999 -9999 -9999 -9999 -9999 -9999 -9999 -9999 -9999 -9999 -9999 -9999 -9999 -9999 -9999 -9999 -9999 -9999 -9999 -9999 -9999 -9999 -9999 -9999 -9999 -9999 -9999 -9999 -9999 -9999 1.76696E-7 1.96014E-7 2.87362E-7 2.02007E-7 1.97945E-7 2.32989E-7 3.83267E-7 3.48048E-7 3.41547E-7 5.1093E-7 6.31749E-7 1.17811E-6 9.86509E-7 7.70006E-7 5.10529E-7 5.36283E-7 1.18392E-6 1.87259E-6 2.53067E-6 3.21296E-6 3.13813E-6 2.28277E-6 1.64767E-6 1.22852E-6 1.09617E-6 1.01775E-6 1.04605E-6 1.14055E-6 2.78026E-6 3.26351E-6
1.50798E-7 1.51098E-7 1.53118E-7 1.53931E-7 -9999 1.46519E-7 -9999 -9999 -9999 -9999 -9999 -9999 -9999 -9999 -9999 -9999 -9999 -9999 -9999 -9999 -9999 -9999 -9999 -9999 -9999 -9999 -9999 -9999 -9999 -9999 -9999 -9999 -9999 -9999 1.81741E-7 2.23107E-7 3.5458E-7 3.38391E-7 3.50384E-7 3.50797E-7 4.5481E-7 8.69048E-7 6.0175E-7 5.3727E-7 6.10287E-7 1.08607E-6 1.07944E-6 1.69608E-6 1.00821E-6 5.92491E-7 6.50486E-7 1.00387E-6 2.01502E-6 3.88819E-6 5.99652E-6 4.76252E-6 1.81733E-6 2.82968E-6 1.21836E-6 1.52838E-6 1.23476E-6 1.9017E-6 3.42111E-6 4.21505E-6 5.21113E-6
1.5704E-7 1.58589E-7 1.62577E-7 1.6209E-7 1.74656E-7 1.48572E-7 -9999 -9999 -9999 -9999 -9999 -9999 -9999 -9999 -9999 -9999 -9999 -9999 -9999 -9999 -9999 -9999 -9999 -9999 -9999 -9999 -9999 -9999 -9999 -9999 -9999 2.23677E-7 1.56403E-7 1.58616E-7 1.67335E-7 3.34151E-7 4.336E-7 8.01833E-7 9.45649E-7 6.95989E-7 1.08093E-6 9.78286E-7 9.50719E-7 9.32565E-7 6.60694E-7 1.00517E-6 1.25164E-6 1.40177E-6 1.12439E-6 1.18123E-6 1.16125E-6 1.52514E-6 2.04885E-6 3.94019E-6 5.79132E-6 5.03734E-6 1.36189E-6 1.79448E-6 1.91297E-6 3.70719E-6 4.93883E-6 5.24092E-6 4.99104E-6 5.47002E-6 6.49175E-6
1.69362E-7 1.74114E-7 1.72221E-7 1.70456E-7 1.83045E-7 1.7417E-7 1.77445E-7 1.6994E-7 1.76731E-7 1.75999E-7 -9999 -9999 -9999 -9999 -9999 2.57147E-7 2.46141E-7 -9999 -9999 -9999 -9999 -9999 -9999 -9999 -9999 -9999 -9999 -9999 -9999 -9999 -9999 -9999 1.65804E-7 1.89017E-7 2.08779E-7 2.73023E-7 3.977E-7 4.61376E-7 7.81526E-7 1.00427E-6 1.00993E-6 1.17361E-6 1.01491E-6 9.88211E-7 9.90406E-7 1.04875E-6 1.40417E-6 2.87151E-6 2.35025E-6 1.47935E-6 1.62884E-6 2.37388E-6 2.04584E-6 2.36514E-6 2.17769E-6 2.00392E-6 1.61255E-6 1.42318E-6 1.54838E-6 6.21463E-6 1.00169E-5 8.39847E-6 6.00507E-6 5.6372E-6 6.87178E-6
1.7488E-7 1.97574E-7 2.56125E-7 1.90356E-7 1.75118E-7 1.79654E-7 1.83192E-7 -9999 1.87142E-7 1.92981E-7 2.03106E-7 2.10074E-7 2.3501E-7 2.88253E-7 2.16109E-7 2.6087E-7 2.94459E-7 2.74318E-7 -9999 -9999 -9999 -9999 -9999 -9999 -9999 -9999 -9999 -9999 -9999 -9999 -9999 -9999 1.72276E-7 2.13477E-7 3.46571E-7 5.47962E-7 7.13601E-7 6.76002E-7 5.94804E-7 8.6622E-7 1.03823E-6 9.73112E-7 1.02298E-6 1.04109E-6 1.01206E-6 9.78335E-7 1.66077E-6 2.49874E-6 2.58244E-6 2.17826E-6 1.93947E-6 1.79238E-6 2.1632E-6 2.35253E-6 1.81576E-6 2.02463E-6 2.5981E-6 2.4875E-6 3.29072E-6 5.77236E-6 8.79508E-6 8.66531E-6 5.57815E-6 6.55955E-6 1.13282E-5
1.96695E-7 2.60031E-7 2.28559E-7 1.99148E-7 1.98567E-7 2.05299E-7 2.01375E-7 1.99286E-7 2.03823E-7 2.02489E-7 2.17276E-7 3.33665E-7 2.8744E-7 6.25838E-7 3.25595E-7 2.30565E-7 2.30036E-7 3.21981E-7 2.78278E-7 -9999 -9999 -9999 -9999 -9999 -9999 -9999 -9999 -9999 -9999 -9999 1.60722E-7 1.88917E-7 2.24888E-7 2.70772E-7 3.73924E-7 4.21896E-7 4.40991E-7 6.50661E-7 9.18569E-7 1.11658E-6 1.22777E-6 1.12239E-6 1.00703E-6 1.03256E-6 1.64464E-6 1.26629E-6 1.33336E-6 1.19174E-6 1.718E-6 1.98095E-6 1.81593E-6 1.35514E-6 1.40995E-6 1.69696E-6 3.01506E-6 2.7791E-6 3.07851E-6 3.97433E-6 6.83933E-6 1.07024E-5 1.47572E-5 1.03409E-5 1.26493E-5 1.16175E-5 1.18496E-5
4.45369E-7 3.41072E-7 2.55824E-7 2.351E-7 2.20849E-7 2.41468E-7 2.4531E-7 2.22618E-7 2.3519E-7 2.30101E-7 2.42136E-7 2.55535E-7 3.78857E-7 5.88466E-7 3.05498E-7 3.89934E-7 4.07935E-7 4.3703E-7 4.26464E-7 2.67148E-7 1.99686E-7 -9999 -9999 -9999 1.44525E-7 1.37338E-7 1.35368E-7 -9999 1.45043E-7 2.0281E-7 2.39916E-7 2.87566E-7 3.46638E-7 4.47963E-7 5.82939E-7 6.3715E-7 5.92916E-7 5.8919E-7 7.39277E-7 1.05354E-6 1.1595E-6 1.20115E-6 1.16855E-6 1.20773E-6 1.44716E-6 1.50919E-6 1.27252E-6 1.40669E-6 1.80678E-6 2.01095E-6 2.11767E-6 2.18375E-6 2.28535E-6 2.37198E-6 2.61271E-6 5.37694E-6 7.77756E-6 1.35856E-5 1.58614E-5 1.53269E-5 1.39137E-5 1.64177E-5 1.913E-5 5.83261E-5 5.90569E-5
6.36063E-7 3.70229E-7 3.04613E-7 3.3422E-7 2.69702E-7 3.28421E-7 3.48442E-7 2.80203E-7 2.93818E-7 2.78955E-7 4.43176E-7 2.80335E-7 3.50136E-7 6.41392E-7 5.96172E-7 5.68123E-7 6.85776E-7 7.43506E-7 4.66441E-7 2.74052E-7 3.22541E-7 2.46558E-7 2.93059E-7 2.62068E-7 2.20639E-7 1.92999E-7 1.45562E-7 1.39542E-7 1.72873E-7 2.51709E-7 4.33696E-7 5.55053E-7 4.74221E-7 5.95564E-7 9.83573E-7 1.0168E-6 7.7065E-7 5.59469E-7 6.4241E-7 7.53396E-7 8.68302E-7 1.17425E-6 1.14628E-6 1.15233E-6 1.53809E-6 1.03712E-6 1.01727E-6 1.15436E-6 1.85406E-6 2.32884E-6 2.60499E-6 2.46821E-6 3.17974E-6 7.71247E-6 1.14029E-5 6.14719E-5 1.85151E-5 1.53634E-5 1.51101E-5 1.50706E-5 3.49623E-5 3.929E-5 3.18131E-5 3.82731E-5 3.24031E-5
9.99261E-7 6.77802E-7 6.60041E-7 4.47351E-7 4.16335E-7 4.90159E-7 6.57531E-7 3.54802E-7 5.10924E-7 3.41322E-7 3.38039E-7 3.13378E-7 3.88539E-7 4.2467E-7 4.09156E-7 5.90902E-7 5.45861E-7 9.20647E-7 5.98522E-7 5.98496E-7 4.05919E-7 4.21585E-7 6.61871E-7 3.43172E-7 1.86505E-7 1.60209E-7 2.2048E-7 2.91805E-7 2.88264E-7 3.32525E-7 4.14295E-7 6.49792E-7 9.75014E-7 1.29514E-6 1.13686E-6 1.26605E-6 8.04591E-7 4.139E-7 4.11981E-7 6.54299E-7 8.17246E-7 1.17122E-6 1.19279E-6 1.5291E-6 1.79029E-6 1.29094E-6 9.72395E-7 1.63164E-6 7.64807E-6 5.77664E-6 9.24843E-6 9.38983E-6 6.25416E-5 5.35842E-5 4.93555E-5 6.30365E-5 6.22773E-5 6.67113E-5 6.14457E-5 3.68488E-5 3.38057E-5 5.91501E-5 3.82805E-5 8.57343E-5 4.01089E-5
9.3566E-7 8.10322E-7 5.24422E-7 5.29765E-7 5.81299E-7 6.72238E-7 8.77365E-7 4.16185E-7 3.67753E-7 3.78472E-7 5.38529E-7 4.67175E-7 4.66705E-7 4.49303E-7 4.55606E-7 6.33742E-7 6.93101E-7 1.00032E-6 7.28851E-7 9.0186E-7 4.36311E-7 3.41316E-7 2.92581E-7 2.32851E-7 2.44112E-7 3.20352E-7 3.82646E-7 3.41063E-7 4.4507E-7 4.8744E-7 4.18088E-7 6.19358E-7 9.83828E-7 1.15913E-6 1.27273E-6 1.04736E-6 9.5825E-7 4.68401E-7 3.93735E-7 7.22481E-7 9.76699E-7 1.11671E-6 1.6207E-6 1.45161E-6 1.69716E-6 1.04939E-6 1.32494E-6 2.81577E-6 1.24779E-5 4.2281E-5 5.27709E-5 4.21316E-5 3.83715E-5 4.79274E-5 7.93515E-5 3.1153E-5 2.62671E-5 3.4516E-5 3.5648E-5 3.90862E-5 3.3877E-5 3.91472E-5 3.90884E-5 4.3695E-5 6.64631E-5
7.32672E-7 6.73415E-7 6.64976E-7 8.2572E-7 6.70277E-7 8.258E-7 1.96501E-6 5.8736E-7 4.22241E-7 3.66803E-7 3.98903E-7 3.90822E-7 4.4222E-7 5.18454E-7 5.65087E-7 8.38688E-7 8.30803E-7 8.23583E-7 2.22495E-6 1.28153E-6 8.58929E-7 6.23124E-7 5.88326E-7 4.03483E-7 3.51466E-7 5.35876E-7 6.23258E-7 5.58662E-7 6.0371E-7 1.30588E-6 6.44467E-7 8.48993E-7 1.03044E-6 1.13743E-6 1.77206E-6 1.28023E-6 1.04641E-6 6.49048E-7 5.59032E-7 7.01043E-7 9.9463E-7 1.12751E-6 1.419E-6 1.33439E-6 1.24764E-6 1.79535E-6 3.36381E-6 2.34763E-5 3.43903E-5 3.5835E-5 4.00525E-5 3.24629E-5 3.11334E-5 7.6623E-5 2.0295E-5 2.97262E-5 3.76839E-5 6.87444E-5 3.20791E-5 3.86118E-5 1.03638E-4 1.03696E-4 4.089E-5 4.83413E-5 7.10706E-5
9.24778E-7 9.74944E-7 8.19902E-7 7.96977E-7 6.06083E-7 5.60527E-7 8.24162E-7 7.76192E-7 6.52348E-7 4.99268E-7 4.93386E-7 4.96462E-7 6.60034E-7 4.90188E-7 1.17446E-6 1.36817E-6 1.65717E-6 9.6035E-7 9.68511E-7 9.66548E-7 7.41511E-7 7.01665E-7 5.73915E-7 5.32946E-7 4.22011E-7 4.56037E-7 5.4465E-7 8.01689E-7 1.21351E-6 1.32791E-6 1.49402E-6 1.12072E-6 1.41504E-6 1.86415E-6 2.35522E-6 1.55077E-6 1.23833E-6 7.95799E-7 7.8603E-7 1.08781E-6 1.113E-6 1.01825E-6 1.14547E-6 1.79581E-6 2.44942E-6 9.07038E-6 3.6284E-5 3.36641E-5 3.44344E-5 4.6796E-5 3.20045E-5 3.04532E-5 3.13156E-5 2.81106E-5 2.16931E-5 2.61587E-5 3.40803E-5 2.84887E-5 2.89705E-5 7.92528E-5 2.99749E-5 3.39703E-5 6.69341E-5 5.13372E-5 5.38466E-5
1.1246E-6 1.70466E-6 1.15895E-6 1.04281E-6 9.02687E-7 8.94987E-7 1.0702E-6 1.17242E-6 1.02095E-6 8.69316E-7 8.24573E-7 1.24534E-6 1.38418E-6 1.32892E-6 1.45335E-6 1.70335E-6 2.01235E-6 1.38156E-6 1.36831E-6 1.16366E-6 9.18986E-7 8.08715E-7 1.21032E-6 7.82422E-7 4.459E-7 5.48944E-7 8.82884E-7 1.09638E-6 1.79918E-6 1.62183E-6 1.03829E-6 1.37155E-6 1.65055E-6 1.92776E-6 1.72043E-6 1.79233E-6 9.85323E-7 1.00198E-6 1.01228E-6 1.12233E-6 1.21526E-6 1.36064E-6 2.08153E-6 6.20564E-6 2.74147E-5 3.7145E-5 2.98306E-5 4.74034E-5 5.45076E-5 5.26833E-5 2.99687E-5 2.68903E-5 2.60591E-5 4.33759E-5 3.18344E-5 2.92536E-5 3.87834E-5 3.9182E-5 6.75562E-5 3.06726E-5 3.26893E-5 4.01278E-5 6.77681E-5 1.21732E-5 1.56708E-5
1.34163E-6 1.72805E-6 9.37395E-6 8.85281E-6 3.73823E-6 1.19715E-6 1.24336E-6 1.33973E-6 1.83991E-6 1.54607E-6 1.1781E-6 1.13104E-6 1.91941E-6 1.9183E-6 1.99855E-6 2.32002E-6 2.59922E-6 1.81873E-6 1.82081E-6 1.86584E-6 1.81807E-6 1.32197E-6 2.35468E-6 1.39658E-6 8.99673E-7 7.34693E-7 7.90572E-7 9.01478E-7 7.18295E-7 1.06495E-6 1.92767E-6 2.05644E-6 1.97993E-6 1.62157E-6 1.39124E-6 1.05003E-6 1.01718E-6 1.07042E-6 1.10455E-6 1.29634E-6 5.84487E-6 1.26411E-5 2.04354E-5 3.82366E-5 3.25269E-5 2.83825E-5 2.91608E-5 3.45963E-5 4.07169E-5 2.82057E-5 2.76015E-5 2.42716E-5 3.07598E-5 2.79812E-5 3.04473E-5 3.98492E-5 3.98888E-5 3.68648E-5 3.81111E-5 3.49124E-5 4.34705E-5 6.40332E-5 4.82891E-6 2.76618E-6 2.44233E-6
1.5789E-6 2.41821E-6 1.23256E-5 1.02531E-5 3.81628E-6 2.7216E-6 1.5049E-6 1.79789E-6 1.30664E-6 1.3929E-6 1.41217E-6 1.39531E-6 2.24535E-6 2.40758E-6 3.7556E-6 4.47799E-6 3.73787E-6 1.80296E-6 1.80068E-6 1.75283E-6 1.75447E-6 1.88021E-6 1.96758E-6 1.8886E-6 1.28233E-6 1.01239E-6 9.64672E-7 1.18778E-6 1.10511E-6 1.85648E-6 3.90476E-6 8.07459E-6 4.63608E-6 2.48654E-6 2.16654E-6 2.02952E-6 1.94442E-6 2.14467E-6 2.70932E-6 3.11403E-6 3.47192E-6 7.57712E-6 7.64245E-6 3.93476E-5 3.39959E-5 2.56255E-5 6.10229E-5 3.44738E-5 4.3715E-5 2.19522E-5 1.95684E-5 2.85089E-5 2.75228E-5 2.85514E-5 2.82164E-5 7.69296E-5 3.06541E-5 3.43656E-5 3.48264E-5 4.70431E-5 1.52819E-5 5.55383E-6 4.21618E-6 2.54596E-6 1.78931E-6
3.41931E-6 4.02089E-6 1.23341E-5 7.63424E-6 3.99729E-6 8.81481E-6 5.71192E-6 3.95946E-6 1.45388E-6 1.57661E-6 2.35286E-6 2.13554E-6 2.12657E-6 4.53169E-6 8.6992E-6 3.92439E-6 2.49399E-6 1.88007E-6 1.96949E-6 2.03864E-6 2.03394E-6 2.17452E-6 2.14766E-6 2.19463E-6 4.17868E-6 1.60655E-6 3.11988E-6 4.36701E-6 1.0994E-5 2.84946E-5 7.72257E-5 6.69686E-5 5.75065E-5 3.07668E-5 6.1942E-6 3.94087E-6 7.47141E-6 1.2836E-5 1.39978E-5 8.80469E-6 8.76817E-6 1.20098E-5 6.23154E-5 3.15143E-5 2.85904E-5 2.50587E-5 3.58474E-5 4.50413E-5 1.74469E-5 1.72961E-5 4.33791E-5 2.77883E-5 2.82626E-5 2.87015E-5 3.01682E-5 2.90417E-5 7.11934E-5 5.31214E-5 6.27922E-6 4.16688E-6 5.09329E-6 3.6746E-6 2.28902E-6 1.69933E-6 1.39294E-6
1.55326E-5 2.04888E-5 1.14447E-5 1.52673E-5 4.09091E-5 4.32231E-5 1.96728E-5 5.95858E-6 2.02883E-6 1.74214E-6 2.11344E-6 3.72364E-6 2.59327E-6 4.48316E-6 4.95621E-6 4.03466E-6 3.36402E-6 3.58801E-6 3.15586E-6 5.46045E-6 7.13806E-6 1.44563E-5 2.94368E-5 2.96681E-5 5.90347E-5 5.36932E-5 5.28192E-5 5.28195E-5 4.53472E-5 3.27262E-5 4.51789E-5 4.64954E-5 5.27659E-5 2.8901E-5 3.60146E-5 3.65792E-5 3.58628E-5 3.41531E-5 3.52737E-5 3.22572E-5 3.433E-5 2.91023E-5 3.28435E-5 2.80985E-5 5.0463E-5 5.3157E-5 1.57698E-5 1.81917E-5 5.68246E-5 3.5504E-5 2.83567E-5 2.92607E-5 3.90979E-5 3.50804E-5 2.76344E-5 1.02254E-5 1.51158E-5 1.12301E-5 4.70197E-6 2.4952E-6 6.34999E-6 2.37284E-6 1.43721E-6 1.23949E-6 -9999
1.52735E-5 1.04165E-5 1.90426E-5 5.82742E-5 5.22626E-5 5.1899E-5 5.3366E-5 3.12552E-5 1.24235E-5 1.08058E-5 1.2506E-5 2.16331E-5 6.30499E-5 4.13795E-5 4.48947E-5 2.37527E-5 4.40755E-5 4.51752E-5 4.38848E-5 4.28016E-5 4.85831E-5 4.5988E-5 3.72332E-5 3.28029E-5 3.37384E-5 6.20682E-5 3.19754E-5 3.12255E-5 2.99825E-5 2.66513E-5 3.96693E-5 4.41736E-5 4.22281E-5 3.25987E-5 3.06338E-5 3.39403E-5 3.99692E-5 2.92695E-5 2.83281E-5 3.37594E-5 2.84501E-5 3.81391E-5 6.13652E-5 5.51432E-5 1.75172E-5 3.23906E-5 2.58885E-5 2.51507E-5 2.23444E-5 7.23709E-5 3.49765E-5 7.10705E-5 3.95766E-5 1.14681E-4 7.86667E-5 5.61243E-6 1.29074E-5 1.2106E-5 3.84964E-6 2.30715E-6 2.22102E-6 1.77715E-6 -9999 -9999 -9999
