catData/rasterBestHybridModels/Pviverrinus/RD_RM1_H/Pviverrinus_stddev.asc
ncols         409
nrows         350
xllcorner     60.897278365
yllcorner     5.843756025
cellsize      0.0892857
NODATA_value  -9999
[rows 174 to 202 of 350, columns 130 to 194 of 409]
-9999 -9999 1.96715E-5 5.61096E-5 9.36163E-5 3.84696E-5 3.14165E-5 2.09274E-5 6.92407E-6 7.00898E-6 5.77429E-6 9.43681E-6 3.96092E-6 2.57848E-6 4.10015E-6 7.65653E-6 7.66315E-6 7.65776E-6 6.0273E-6 5.08318E-6 1.70646E-6 2.34146E-6 9.41682E-7 3.29636E-6 9.43049E-7 2.31956E-6 1.31992E-6 5.92626E-7 2.0278E-6 1.0741E-6 1.68529E-6 5.32546E-7 5.9327E-7 6.19655E-7 1.10929E-6 6.61768E-7 1.19434E-6 1.09613E-6 7.06953E-7 5.8982E-7 4.59513E-7 3.35937E-7 2.86737E-7 2.38035E-7 5.10301E-7 3.30685E-7 1.02164E-6 1.58756E-6 4.85009E-7 3.32652E-7 6.44085E-7 5.61083E-7 6.42766E-7 3.81173E-6 4.57622E-6 2.31264E-6 2.11301E-6 1.12379E-6 8.86236E-7 7.63736E-7 5.72789E-7 6.50094E-7 7.5285E-7 1.58772E-6 1.65697E-6
-9999 -9999 -9999 1.15304E-4 1.23018E-4 1.06988E-4 2.68874E-5 7.75389E-6 6.61217E-6 7.2762E-6 1.82549E-5 1.38518E-5 5.59441E-6 3.50717E-6 5.19244E-6 1.03086E-5 3.9923E-6 1.91518E-6 5.98708E-6 4.46922E-6 3.77892E-6 2.04248E-6 1.78176E-6 3.37548E-6 3.01141E-6 1.91502E-6 7.65128E-7 4.4688E-7 4.36986E-7 7.10738E-7 1.16297E-6 1.44426E-6 1.40132E-6 1.38714E-6 3.03169E-6 1.34169E-6 1.23251E-6 8.62797E-7 2.86672E-6 4.89669E-7 4.66352E-7 5.82441E-7 3.0456E-7 2.15875E-7 5.10427E-7 1.05177E-6 1.22467E-6 1.20302E-6 4.28864E-7 5.62165E-7 2.71164E-6 2.4776E-6 3.86737E-6 4.96131E-6 1.92631E-6 3.82771E-6 8.98208E-6 2.96474E-6 4.50852E-7 6.06637E-7 1.33682E-6 1.61586E-6 1.34372E-6 1.34382E-6 1.32405E-6
-9999 6.84828E-5 2.04829E-4 1.90917E-4 1.12485E-4 9.72997E-5 5.4321E-5 1.17587E-5 1.00819E-5 3.3591E-5 3.79418E-5 2.14668E-5 3.13922E-5 1.91521E-5 1.40536E-5 1.585E-6 6.33495E-6 1.71628E-6 1.67372E-6 1.44262E-6 1.31123E-6 9.3868E-7 6.62376E-7 7.64878E-7 1.22202E-6 5.55841E-7 2.1643E-6 5.17678E-7 5.01928E-7 4.78948E-7 1.04191E-6 1.02006E-6 1.27293E-6 8.93014E-6 1.55278E-5 2.05396E-5 1.36709E-5 1.65944E-6 3.39717E-6 5.04456E-6 1.03782E-6 7.76534E-7 4.43531E-7 4.75115E-7 1.06322E-6 1.93257E-6 1.41601E-6 4.45749E-7 2.29812E-6 3.61495E-6 4.57078E-6 4.77651E-6 4.4038E-6 3.51625E-6 1.03444E-6 2.31933E-6 3.03304E-6 1.44027E-6 1.40013E-6 1.09006E-6 2.61758E-6 1.41579E-6 2.97122E-6 1.01408E-6 6.97471E-7
-9999 -9999 4.26013E-4 4.73164E-4 2.62824E-4 4.95516E-5 3.6112E-5 7.23811E-5 5.89948E-5 5.30419E-5 3.61235E-5 6.03778E-6 1.01185E-5 2.1319E-5 2.8203E-6 2.38366E-6 1.77686E-6 1.61394E-6 2.22206E-6 1.87882E-6 1.50107E-6 1.11293E-6 7.46332E-7 5.80824E-7 5.23247E-7 5.94994E-7 8.78286E-7 5.00758E-7 8.7928E-7 3.28908E-6 3.57254E-6 8.81591E-7 1.17023E-6 1.43403E-6 1.5294E-6 3.5214E-6 1.12943E-6 1.21568E-6 2.74433E-6 1.28582E-6 1.0628E-6 9.89293E-7 8.52838E-7 8.36618E-7 1.15133E-6 3.84276E-6 1.47328E-5 4.22165E-6 1.44355E-6 1.87735E-6 3.09513E-6 1.09648E-6 3.57975E-6 8.60246E-7 1.33232E-6 1.31159E-6 4.10585E-6 3.87455E-6 2.43319E-6 9.50005E-7 5.89007E-7 6.03307E-7 3.72618E-7 3.33776E-7 5.11614E-7
-9999 -9999 1.04256E-3 7.23681E-4 3.32698E-4 2.14346E-4 1.40992E-4 6.70137E-5 7.15542E-5 5.67036E-5 2.95519E-5 4.60145E-6 5.68604E-6 5.53859E-6 3.80451E-6 2.67703E-6 2.61193E-6 2.89981E-6 2.16146E-6 1.58867E-6 1.07609E-6 6.26245E-7 8.23649E-7 6.10177E-7 5.51109E-7 4.75491E-7 5.98363E-7 6.1533E-7 2.95895E-6 3.21222E-6 3.34047E-6 9.4764E-7 1.75657E-6 1.17229E-6 1.00746E-6 8.98723E-7 9.89143E-7 8.66226E-7 1.79451E-6 5.81498E-6 8.85544E-7 9.24967E-7 1.00567E-6 1.39893E-6 7.6995E-6 1.96141E-6 8.3009E-7 5.34138E-7 1.07666E-6 3.27496E-6 1.33541E-6 1.20586E-6 2.11432E-6 8.1614E-7 8.60638E-7 7.88654E-7 7.4956E-7 6.72527E-7 7.22501E-7 6.97161E-7 1.82859E-6 1.21523E-6 5.16602E-7 2.83887E-7 5.59427E-7
-9999 -9999 -9999 2.31881E-4 4.12074E-4 1.65091E-4 1.59991E-4 9.32581E-5 7.1399E-5 5.57688E-5 2.75546E-5 2.36275E-5 7.55126E-6 2.91485E-5 2.49748E-6 4.26057E-6 3.97601E-6 3.77438E-6 2.71356E-6 1.78993E-6 1.20126E-6 7.37464E-7 1.11577E-6 8.7242E-7 8.13511E-7 6.7782E-7 2.53547E-6 2.03542E-6 6.14999E-7 1.52884E-6 1.66181E-6 7.76933E-7 3.18216E-6 3.39037E-6 2.14323E-6 3.1773E-6 1.94213E-6 1.00081E-6 1.15792E-6 2.54252E-6 6.6911E-7 6.52686E-7 6.71754E-7 8.45161E-7 9.06096E-7 2.0462E-6 8.58267E-7 1.76397E-6 3.30522E-6 2.85747E-6 1.9245E-6 1.57857E-6 2.16533E-6 6.25722E-7 5.9458E-7 5.25901E-7 5.94771E-7 2.94079E-7 7.77675E-7 8.72514E-7 8.28441E-7 6.41515E-7 2.93529E-7 2.7421E-7 3.24649E-7
-9999 -9999 -9999 1.72397E-4 1.44105E-4 2.86498E-4 1.65535E-4 8.17602E-5 7.27003E-5 4.90414E-5 3.68495E-5 3.79218E-5 1.6114E-5 1.21335E-5 1.6546E-5 6.11235E-6 3.74809E-6 3.05117E-6 2.33096E-6 1.49964E-6 1.11291E-6 1.34565E-6 1.3565E-6 1.05795E-6 8.59465E-7 7.55664E-7 1.58016E-6 3.04556E-7 8.61509E-7 2.31372E-7 6.52338E-7 2.82551E-6 7.35196E-7 1.93582E-6 8.54609E-7 8.36771E-7 4.64462E-6 9.41768E-7 2.82705E-6 5.48264E-7 1.72878E-6 1.65791E-6 2.3461E-6 2.35177E-6 2.62367E-6 2.30801E-6 1.02324E-6 1.05085E-6 2.35513E-6 2.02503E-6 2.20485E-6 2.36805E-6 1.70566E-6 3.3088E-7 4.36789E-7 3.11435E-7 2.68849E-7 6.20475E-7 8.27634E-7 9.82193E-7 9.27416E-7 1.11192E-6 3.20774E-7 4.01403E-7 2.75589E-7
-9999 -9999 -9999 1.76905E-4 3.79753E-4 1.73515E-4 1.68978E-4 8.34854E-5 7.33442E-5 4.4437E-5 2.77928E-5 1.50516E-5 1.03467E-5 1.04408E-5 1.03086E-5 1.07426E-5 1.18539E-5 2.74799E-6 2.72809E-6 2.53109E-6 1.65997E-6 1.9618E-6 1.44078E-6 1.01769E-6 8.72863E-7 8.02279E-7 7.22033E-7 6.37877E-7 2.31656E-7 2.25641E-7 6.98794E-7 3.51782E-6 7.54957E-7 1.25413E-6 9.03562E-7 7.9623E-7 1.35759E-6 2.66641E-6 2.96466E-7 1.2751E-6 2.39368E-6 2.51871E-6 2.51794E-6 1.52643E-6 2.44909E-6 1.97446E-6 1.13366E-6 2.02532E-6 2.41916E-6 9.82599E-7 5.74389E-7 5.70041E-7 1.95201E-6 3.65038E-7 2.88204E-7 4.08168E-7 2.72014E-7 3.02763E-7 1.57643E-6 1.11997E-6 8.98946E-7 1.12866E-6 3.69707E-7 4.03086E-7 2.73621E-7
-9999 -9999 -9999 1.55392E-4 1.68E-4 3.09605E-4 1.62148E-4 7.94533E-5 5.70752E-5 3.00265E-5 3.28018E-5 2.18364E-5 1.07337E-5 1.45528E-5 1.43641E-5 1.03679E-5 1.0712E-5 3.78549E-6 4.42928E-6 4.3839E-6 4.73726E-6 3.52999E-6 2.15095E-6 1.82568E-6 1.17749E-6 1.0299E-6 8.27023E-7 6.39558E-7 2.6969E-7 4.1536E-7 1.06025E-6 8.14926E-7 3.29376E-6 1.52801E-6 8.44894E-7 6.95153E-7 6.94762E-7 5.86939E-7 2.62904E-6 1.18204E-6 2.89766E-6 1.82724E-6 2.89579E-6 5.73158E-7 2.09625E-6 4.9407E-7 1.82948E-6 2.24908E-6 1.53384E-6 2.50538E-6 1.01085E-6 5.70169E-7 2.39883E-6 6.23648E-7 4.92273E-7 1.8795E-6 4.44237E-7 5.09803E-7 6.38431E-7 7.715E-7 2.57131E-7 2.30363E-7 3.87453E-7 4.96919E-7 4.90234E-7
-9999 -9999 -9999 -9999 1.24501E-4 2.54422E-4 1.31427E-4 7.46452E-5 5.59332E-5 5.13981E-5 4.99516E-5 1.12656E-5 1.25177E-5 1.4081E-5 1.03028E-5 1.04949E-5 1.40549E-5 3.89012E-6 5.48352E-6 4.53746E-6 2.89632E-6 2.72369E-6 2.26047E-6 1.53502E-6 1.14585E-6 9.54121E-7 1.19935E-6 7.70176E-7 5.26684E-7 8.16312E-7 2.25275E-6 9.48226E-7 3.54767E-6 1.0913E-6 1.02247E-6 6.00386E-7 6.01009E-7 6.68202E-7 6.31338E-7 5.46075E-7 5.28209E-7 6.4881E-7 5.84672E-7 4.11642E-7 3.73323E-7 3.50267E-7 3.66097E-7 1.40052E-6 1.0413E-6 1.90472E-6 1.41268E-6 7.1453E-7 7.33888E-7 1.57457E-6 4.72085E-7 4.60042E-7 4.47674E-7 3.92143E-7 3.4397E-7 3.15846E-7 3.67359E-7 2.1666E-7 4.03601E-7 4.62056E-7 4.80044E-7
-9999 -9999 -9999 -9999 7.64007E-5 1.59491E-4 8.74032E-5 1.793E-5 1.34686E-5 1.41272E-5 1.08433E-5 4.73006E-6 1.21323E-5 3.00266E-6 3.81406E-6 5.68177E-6 4.37087E-6 4.50875E-6 5.23129E-6 4.29976E-6 3.07522E-6 2.40473E-6 1.89117E-6 1.35047E-6 1.07927E-6 9.47023E-7 9.6767E-7 8.79552E-7 1.06287E-6 1.23669E-6 9.88939E-7 2.25629E-6 9.15388E-7 9.68787E-7 5.57191E-7 1.86694E-6 2.70146E-6 3.55719E-6 3.53242E-6 3.0516E-6 2.89402E-6 2.74541E-6 2.58357E-6 2.97705E-6 2.19871E-6 5.00277E-7 3.86701E-7 7.89573E-7 6.05656E-7 2.87234E-6 6.37738E-7 5.82435E-7 6.99428E-7 7.12693E-7 6.33656E-7 5.15655E-7 4.90675E-7 4.45836E-7 3.52329E-7 3.31122E-7 2.2271E-7 2.35308E-7 3.26557E-7 3.37033E-7 4.79739E-7
-9999 -9999 -9999 -9999 7.12422E-5 8.80698E-5 3.01128E-5 1.82369E-5 1.65786E-5 1.50123E-5 1.44159E-5 5.36508E-6 5.84393E-6 3.41276E-6 3.42164E-6 4.7596E-6 3.93753E-6 3.72709E-6 5.6414E-6 4.98571E-6 2.91636E-6 2.15983E-6 3.20254E-6 1.6328E-6 1.68683E-6 1.51543E-6 1.2758E-6 1.25389E-6 1.21515E-6 1.03481E-6 1.10957E-6 3.61018E-7 5.47518E-7 8.51417E-7 1.80806E-6 6.57425E-6 1.60908E-6 1.75196E-6 1.73663E-6 2.88114E-6 2.69914E-6 3.50013E-6 4.62002E-6 8.7232E-6 9.187E-7 5.17072E-7 4.05073E-7 3.40354E-7 2.21655E-7 7.23833E-7 3.33537E-7 2.85449E-7 2.83963E-7 5.39485E-7 4.74873E-7 6.07261E-7 6.01958E-7 5.46182E-7 2.87437E-7 2.65512E-7 2.91101E-7 4.7481E-7 3.04322E-7 2.98767E-7 2.06845E-7
-9999 -9999 -9999 -9999 8.21525E-5 1.1517E-4 2.30231E-5 1.27459E-5 1.36986E-5 1.62838E-5 6.80578E-6 5.41972E-6 3.78969E-6 3.14208E-6 4.0374E-6 3.62552E-6 3.72753E-6 2.97643E-6 3.40822E-6 3.55698E-6 4.12714E-6 1.12593E-5 2.71415E-6 1.9687E-6 3.07839E-6 1.71096E-6 1.52026E-6 1.37174E-6 3.56957E-6 1.08196E-6 1.58139E-6 1.47809E-6 4.56846E-6 1.3352E-5 9.71738E-6 6.51665E-6 3.27657E-6 2.25786E-6 3.01654E-6 4.30034E-6 4.40524E-6 3.71411E-6 3.02566E-6 2.76935E-6 5.05471E-6 4.68515E-6 9.38809E-7 6.17204E-7 3.04914E-7 3.25958E-7 3.28718E-7 3.97184E-7 4.10854E-7 3.94927E-7 6.27277E-7 6.89776E-7 7.40833E-7 5.15504E-7 3.23643E-7 2.98999E-7 3.12026E-7 9.39427E-7 1.01623E-6 8.04475E-7 2.12593E-7
-9999 -9999 -9999 6.0711E-5 7.85147E-5 3.99312E-5 1.75441E-5 1.17593E-5 1.63985E-5 1.80617E-5 5.26537E-6 1.01673E-5 5.66459E-6 8.36314E-6 6.95623E-6 4.59361E-6 3.43568E-6 3.21523E-6 2.68267E-6 3.00405E-6 2.9744E-6 3.39761E-6 2.85039E-6 2.1509E-6 1.61294E-6 1.63303E-6 1.90399E-6 2.18127E-6 3.22225E-6 4.08292E-6 2.70437E-6 2.78737E-6 3.45131E-6 1.78406E-5 1.69799E-5 1.02981E-5 2.53558E-6 1.76511E-6 2.94389E-6 3.24132E-6 3.19789E-6 3.38772E-6 3.46522E-6 2.72369E-6 2.14458E-6 3.84833E-6 2.17858E-6 1.78511E-6 5.41711E-7 1.63297E-6 9.02033E-7 5.11885E-7 5.11909E-7 5.57659E-7 5.04175E-7 4.401E-7 7.20992E-7 9.51806E-7 8.70556E-7 6.93004E-7 7.99884E-7 1.01368E-6 1.21594E-6 1.24941E-6 3.19255E-7
-9999 -9999 -9999 5.36941E-5 2.99521E-5 2.15952E-5 1.73241E-5 1.45986E-5 1.69027E-5 1.4906E-5 4.81804E-6 5.66533E-6 5.43742E-6 7.99957E-6 1.08189E-5 5.37461E-6 3.72335E-6 3.76271E-6 3.05661E-6 2.89875E-6 2.89536E-6 3.26121E-6 2.9327E-6 2.2576E-6 1.97484E-6 2.08506E-6 3.01182E-6 2.786E-6 3.15109E-6 3.45722E-6 2.54802E-6 3.19048E-6 4.46364E-6 1.15569E-5 3.49972E-6 8.77583E-6 1.65555E-6 1.5135E-6 1.85499E-6 1.8924E-6 1.7325E-6 7.11004E-7 7.2386E-7 1.9182E-6 2.27901E-6 1.94435E-6 2.13172E-6 2.26674E-6 1.06094E-6 6.76287E-7 6.14961E-7 7.91013E-7 6.49689E-7 6.45529E-7 5.68578E-7 5.37793E-7 5.2727E-7 8.74411E-7 8.97722E-7 8.33531E-7 9.147E-7 1.80123E-6 1.13706E-6 1.15926E-6 1.24502E-6
-9999 -9999 -9999 3.04517E-5 1.4421E-5 1.37724E-5 1.54786E-5 1.55594E-5 9.14558E-6 1.02191E-5 2.62977E-5 2.32396E-5 7.60301E-6 8.22907E-6 6.04924E-6 4.58156E-6 4.73505E-6 5.25642E-6 4.49284E-6 3.96255E-6 3.24016E-6 3.27168E-6 3.36746E-6 3.08777E-6 2.31362E-6 1.00511E-6 2.97445E-6 1.77947E-6 2.23641E-6 2.29528E-6 2.57113E-6 2.21055E-6 3.30441E-6 2.87054E-6 2.5558E-6 1.96848E-6 1.50297E-6 1.37672E-6 1.38825E-6 1.76517E-6 1.0378E-6 5.44012E-7 6.16826E-7 9.84572E-7 2.0985E-6 1.81582E-6 1.51079E-6 1.2847E-6 8.73039E-7 7.63575E-7 8.213E-7 1.68488E-6 1.79285E-6 1.34941E-6 2.19265E-6 6.63912E-7 5.67522E-7 5.67431E-7 1.15728E-6 1.10514E-6 3.39949E-7 7.67984E-7 1.00044E-6 9.50321E-7 4.01386E-7
-9999 -9999 -9999 2.54478E-5 1.46017E-5 1.2894E-5 1.51802E-5 9.30781E-6 6.38702E-6 1.71281E-5 2.35674E-5 8.35288E-6 1.85639E-5 1.79384E-5 1.53814E-5 6.5014E-6 6.02269E-6 5.48105E-6 4.4306E-6 4.30113E-6 3.5617E-6 2.95584E-6 2.89909E-6 2.97426E-6 2.68329E-6 9.91722E-7 9.05696E-7 1.1775E-6 1.36316E-6 1.90888E-6 2.06559E-6 2.24094E-6 3.75511E-6 3.20928E-6 2.35943E-6 1.6371E-6 1.45987E-6 1.33112E-6 1.70512E-6 1.268E-6 5.85192E-7 5.37351E-7 6.56317E-7 8.67191E-7 1.22447E-6 1.12638E-6 1.34435E-6 1.58858E-6 1.51964E-6 1.15683E-6 1.89062E-6 2.00725E-6 1.86428E-6 1.55373E-6 3.98973E-6 1.27604E-6 8.21304E-7 6.75301E-7 1.30377E-6 1.17814E-6 3.51718E-7 3.48954E-7 2.54212E-7 1.61195E-7 1.73322E-7
-9999 -9999 -9999 2.67966E-5 1.61633E-5 1.517E-5 1.74318E-5 7.35239E-6 1.40936E-5 8.72826E-6 7.56249E-6 7.36002E-6 1.45891E-5 2.42428E-5 7.75478E-5 2.27094E-5 6.82159E-6 4.57541E-6 5.0488E-6 4.87224E-6 4.12671E-6 3.42776E-6 3.0496E-6 4.82269E-6 1.70556E-6 8.89357E-7 1.0992E-6 8.43219E-7 1.9719E-6 2.89829E-6 3.64058E-6 5.0417E-6 7.90453E-6 6.64543E-6 4.8013E-6 2.86845E-6 1.11225E-6 1.08952E-6 2.57958E-6 7.82551E-7 5.33687E-7 6.9144E-7 7.25168E-7 6.97691E-7 8.40967E-7 9.8277E-7 1.1792E-6 1.56114E-6 1.57534E-6 1.6061E-6 1.43169E-6 1.75575E-6 1.66236E-6 1.68592E-6 1.70089E-6 1.26991E-6 1.26475E-6 1.02903E-6 8.40188E-7 9.92811E-7 3.4105E-7 3.44404E-7 2.52779E-7 1.55122E-7 1.60411E-7
-9999 -9999 9.22904E-5 2.87504E-5 2.02861E-5 1.42033E-5 7.77115E-6 5.76243E-6 6.1621E-6 2.53277E-5 7.69273E-6 7.14167E-6 1.19053E-5 3.12838E-5 2.27066E-5 1.48799E-5 4.84202E-6 3.8322E-6 4.14643E-6 4.08884E-6 4.94846E-6 3.84245E-6 3.84265E-6 2.62409E-6 9.88248E-7 9.69715E-7 9.35936E-7 1.10994E-6 1.98918E-6 2.32558E-6 4.21617E-6 1.26196E-5 6.1374E-6 5.83188E-6 3.98442E-6 2.40932E-6 8.67536E-7 1.89216E-6 1.91755E-6 1.76024E-6 7.23679E-7 6.88672E-7 7.6717E-7 8.09931E-7 8.86927E-7 7.79726E-7 1.17212E-6 1.33775E-6 9.16222E-7 9.03974E-7 9.53289E-7 1.66672E-6 1.72463E-6 1.64236E-6 1.87537E-6 1.66222E-6 1.24605E-6 6.84266E-7 3.26738E-7 2.88435E-7 2.96951E-7 3.45662E-7 2.1881E-7 1.55703E-7 1.62667E-7
-9999 -9999 8.53691E-5 2.5568E-5 2.64068E-5 8.92776E-6 4.89845E-6 6.82213E-6 9.29141E-6 1.50652E-5 8.30327E-6 1.14999E-5 1.32647E-5 1.32297E-5 1.67868E-5 8.34715E-6 4.47365E-6 3.86408E-6 3.36203E-6 3.25731E-6 3.39262E-6 3.94712E-6 3.32805E-6 2.40753E-6 1.03598E-6 7.75035E-7 8.8712E-7 1.65123E-6 1.62611E-6 1.66772E-6 2.76319E-6 6.80958E-6 6.51093E-6 5.22969E-6 3.37617E-6 1.88056E-6 7.08432E-7 1.83368E-6 1.57133E-6 1.42719E-6 1.40515E-6 1.73297E-6 1.78314E-6 8.90699E-7 8.235E-7 7.68545E-7 9.92635E-7 1.04239E-6 7.94287E-7 8.69375E-7 1.45061E-6 1.56978E-6 1.65845E-6 8.26173E-6 6.32229E-6 2.54652E-6 1.34517E-6 4.86451E-7 3.65424E-7 3.3007E-7 4.11575E-7 4.61488E-7 4.45206E-7 2.97118E-7 2.42176E-7
-9999 -9999 -9999 2.39059E-5 1.61198E-5 5.36749E-6 4.64446E-6 4.50729E-6 8.93805E-6 8.4041E-6 6.55222E-6 1.16328E-5 9.80824E-6 1.40801E-5 1.04951E-5 4.93725E-6 3.63079E-6 2.94619E-6 3.10612E-6 3.60022E-6 3.30369E-6 3.54733E-6 3.98795E-6 3.34257E-6 2.5692E-6 1.03662E-6 8.9798E-7 1.74069E-6 1.48305E-6 1.48253E-6 1.59208E-6 1.68443E-6 3.38641E-6 3.42401E-6 2.29855E-6 7.84771E-7 6.84495E-7 1.64005E-6 1.41683E-6 1.28873E-6 1.38889E-6 1.30837E-6 7.58871E-7 7.62902E-7 7.04547E-7 6.15144E-7 7.61877E-7 1.04183E-6 9.0144E-7 1.20289E-6 1.35997E-6 1.41053E-6 1.44809E-6 8.5526E-7 1.30331E-6 2.34401E-6 1.05215E-6 7.95169E-7 4.46399E-7 3.77862E-7 4.24622E-7 4.87957E-7 4.17532E-7 3.66459E-7 4.21498E-7
-9999 -9999 -9999 2.42329E-5 2.21753E-5 1.36263E-5 4.71541E-6 4.80709E-6 6.2428E-6 6.03738E-6 5.72411E-6 2.10461E-5 7.97216E-6 8.13788E-6 5.78611E-6 3.04463E-6 2.8022E-6 3.26584E-6 4.1978E-6 3.50213E-6 3.61471E-6 3.35839E-6 3.94297E-6 3.88448E-6 3.53276E-6 2.84997E-6 2.57975E-6 2.85132E-6 2.96933E-6 2.9222E-6 2.32174E-6 1.40421E-6 1.44691E-6 1.40334E-6 1.1125E-6 7.2362E-7 7.32254E-7 7.10376E-7 5.59422E-7 6.01541E-7 5.12595E-7 4.21684E-7 4.75749E-7 6.93648E-7 7.05489E-7 5.79315E-7 5.3285E-7 6.08767E-7 1.03907E-6 9.81591E-7 7.11581E-7 7.23513E-7 8.01266E-7 7.98627E-7 8.07419E-7 1.02426E-6 1.24729E-6 1.10713E-6 8.16113E-7 6.80397E-7 8.4965E-7 6.5085E-7 7.03093E-7 4.2044E-7 7.82801E-7
-9999 -9999 -9999 6.0282E-5 2.87539E-5 1.9728E-5 5.48845E-6 1.04174E-5 8.45799E-6 4.94349E-6 5.87467E-6 6.45757E-6 6.59024E-6 7.37217E-6 5.26491E-6 5.33485E-6 4.13342E-6 4.63383E-6 4.8064E-6 4.26164E-6 4.56732E-6 6.73482E-6 5.37045E-6 5.72428E-6 5.18906E-6 3.15853E-6 2.45326E-6 2.21228E-6 2.61796E-6 3.60954E-6 7.63658E-6 4.235E-6 2.26542E-6 1.2648E-6 1.10998E-6 7.36074E-7 6.91309E-7 7.05198E-7 6.40968E-7 6.27472E-7 5.92865E-7 4.72812E-7 4.82681E-7 5.83918E-7 7.11341E-7 7.32537E-7 5.94503E-7 5.35595E-7 4.95486E-7 5.94856E-7 6.78517E-7 7.72711E-7 1.18805E-6 1.13607E-6 7.57706E-7 1.13558E-6 1.33436E-6 1.4113E-6 1.21383E-6 8.00441E-7 7.68552E-7 1.06904E-6 7.82145E-7 7.08002E-7 4.42588E-7
-9999 -9999 -9999 6.66133E-5 2.85763E-5 2.51186E-5 1.38557E-5 1.50009E-5 1.40029E-5 3.65175E-6 3.52967E-6 4.8506E-6 5.20915E-6 5.68352E-6 5.35825E-6 3.44303E-6 2.91847E-6 3.56724E-6 3.11172E-6 3.27748E-6 3.53067E-6 3.65172E-6 3.88826E-6 4.4843E-6 1.66705E-5 1.53598E-5 3.24385E-6 3.11681E-6 2.93905E-6 3.72694E-6 1.06794E-5 5.06089E-6 3.50151E-6 1.50105E-6 1.28566E-6 9.24738E-7 7.98527E-7 8.21432E-7 8.03444E-7 7.36068E-7 6.27643E-7 5.65737E-7 4.91012E-7 6.84152E-7 7.26046E-7 7.81054E-7 5.49049E-7 8.0414E-7 8.24696E-7 9.28099E-7 8.34314E-7 1.06324E-6 1.53695E-6 1.52664E-6 8.46255E-7 1.06254E-6 1.18825E-6 1.27303E-6 1.40871E-6 9.39723E-7 1.2061E-6 5.68617E-7 4.74531E-7 4.49344E-7 4.5324E-7
-9999 -9999 -9999 1.32012E-4 3.62645E-5 2.4648E-5 1.46552E-5 1.55228E-5 1.45689E-5 9.13048E-6 3.59695E-6 4.45326E-6 7.90984E-6 1.81119E-5 9.20827E-6 5.83656E-6 2.20825E-6 2.46367E-6 3.34409E-6 3.10252E-6 3.76453E-6 3.79836E-6 4.32839E-6 4.8474E-6 4.69549E-6 6.12023E-6 5.64322E-6 3.5057E-6 3.21716E-6 2.58395E-6 1.82527E-6 1.74459E-6 1.84161E-6 1.39991E-6 1.0138E-6 9.82191E-7 6.77246E-7 6.72486E-7 8.5251E-7 8.28146E-7 6.48928E-7 5.73586E-7 7.14532E-7 7.09657E-7 9.09501E-7 1.00523E-6 1.37122E-6 1.44109E-6 1.48097E-6 1.62153E-6 2.0097E-6 2.01311E-6 2.07146E-6 2.15438E-6 1.6578E-6 1.49425E-6 1.39669E-6 1.25137E-6 1.18362E-6 1.27509E-6 1.27336E-6 4.09108E-7 7.30591E-7 9.76921E-7 5.89664E-7
-9999 -9999 -9999 3.1154E-4 6.45282E-5 1.42127E-4 6.57702E-5 3.45379E-5 2.69614E-5 2.98293E-5 7.83279E-6 2.02581E-5 2.72838E-5 9.4962E-6 8.6618E-6 7.30243E-6 4.15289E-6 1.79529E-6 3.10488E-6 2.19807E-6 1.07288E-6 9.16243E-7 9.08712E-6 4.4798E-6 4.10228E-6 4.55777E-6 2.87097E-6 2.18685E-6 2.37833E-6 1.99682E-6 1.40357E-6 1.44387E-6 1.5829E-6 1.05354E-6 6.25239E-7 7.69442E-7 6.95779E-7 7.45357E-7 7.45955E-7 7.32054E-7 1.4641E-6 8.53015E-7 8.23463E-7 8.10788E-7 7.74248E-7 1.18643E-6 1.59779E-6 2.90219E-6 1.73138E-6 1.98149E-6 1.93196E-6 2.19335E-6 2.11182E-6 2.19024E-6 3.64941E-6 3.61977E-6 2.34459E-6 1.09095E-6 1.31499E-6 1.23748E-6 6.62983E-7 5.0547E-7 4.19313E-7 5.00482E-7 9.23021E-7
-9999 -9999 -9999 2.0978E-4 2.29192E-4 1.9174E-4 9.83663E-5 4.955E-5 2.31798E-5 2.17779E-5 9.83399E-6 1.34275E-5 6.88361E-6 7.31308E-6 8.90142E-6 5.24314E-6 3.48534E-6 3.26717E-6 2.77733E-6 2.49852E-6 7.54702E-7 8.90633E-7 2.23944E-6 4.04018E-6 4.12699E-6 4.03363E-6 3.25322E-6 2.30686E-6 1.92514E-6 2.42561E-6 2.05182E-6 2.14642E-6 1.61232E-6 7.62733E-7 6.86302E-7 6.75507E-7 6.08829E-7 6.2315E-7 5.64981E-7 1.10363E-6 2.24588E-6 1.99439E-6 1.60221E-6 8.46414E-7 8.13196E-7 1.38409E-6 1.89008E-6 1.89118E-6 1.97678E-6 1.96702E-6 1.74635E-6 1.68314E-6 3.97635E-6 7.98655E-6 1.02646E-5 2.7987E-6 2.05325E-6 1.29447E-6 7.35844E-7 6.52353E-7 4.76644E-7 1.01925E-6 4.36904E-7 5.02988E-7 7.51741E-7
-9999 -9999 -9999 3.30594E-4 4.06327E-4 1.48165E-4 3.45499E-5 3.14846E-5 2.83273E-5 1.33591E-5 1.63549E-5 9.73911E-6 5.47603E-6 7.11195E-6 4.95618E-6 4.3486E-6 4.37329E-6 3.58506E-6 3.33593E-6 6.26558E-7 8.00141E-7 5.56925E-7 6.64537E-7 3.00589E-6 4.60984E-6 4.81668E-6 4.24872E-6 2.20027E-6 1.56929E-6 3.55999E-6 2.39464E-6 2.90619E-6 2.64524E-6 1.7894E-6 1.28335E-6 1.02215E-6 1.31017E-6 6.68439E-7 1.26924E-6 1.73257E-6 2.57316E-6 2.48089E-6 1.74788E-6 1.58909E-6 7.48878E-7 8.96178E-7 1.90082E-6 8.41593E-6 1.9287E-6 1.31625E-6 1.4941E-6 1.48132E-6 3.51116E-6 3.53592E-6 3.30137E-6 2.05322E-6 1.65738E-6 6.10659E-7 6.06234E-7 5.95986E-7 1.33897E-6 1.51421E-6 1.11333E-6 4.85532E-7 6.04237E-7
-9999 -9999 -9999 -9999 8.04034E-4 7.28104E-5 3.14247E-5 2.40409E-5 2.1256E-5 1.36901E-5 1.9183E-5 1.06845E-5 7.76711E-6 8.43726E-6 4.87003E-6 2.72861E-6 2.51534E-6 2.34624E-6 2.44739E-6 1.19351E-6 6.51663E-7 5.86085E-7 1.13216E-6 5.43942E-6 3.45255E-6 4.34961E-6 3.96953E-6 2.85253E-6 1.0913E-6 1.96471E-6 1.30426E-6 2.60007E-6 2.71856E-6 2.29218E-6 1.90262E-6 2.23478E-6 2.00239E-6 1.88955E-6 1.58704E-6 9.47858E-7 1.05176E-6 1.59872E-6 1.6551E-6 2.34244E-6 8.82781E-7 5.25605E-7 6.57285E-7 1.23827E-6 1.026E-6 5.55418E-7 5.16216E-7 1.32485E-6 1.29539E-6 1.43374E-6 1.33703E-6 1.52727E-6 1.21741E-6 4.85666E-7 5.24808E-7 7.99308E-7 6.89766E-7 9.79007E-7 4.32028E-7 1.41322E-6 6.48654E-7
