catData/rasterBestHybridModels/Pviverrinus/RD_RM1_H/Pviverrinus_min.asc
ncols         409
nrows         350
xllcorner     60.897278365
yllcorner     5.843756025
cellsize      0.0892857
NODATA_value  -9999
[rows 116 to 144 of 350, columns 330 to 395 of 409]
1.84012E-4 1.64376E-4 1.33987E-4 1.04634E-4 6.34103E-5 6.07046E-5 1.78617E-4 2.59515E-4 2.71712E-4 2.71749E-4 2.63284E-4 2.70244E-4 2.76346E-4 3.30249E-4 3.16744E-4 2.96278E-4 3.04203E-4 3.62464E-4 3.45391E-4 3.22658E-4 3.15966E-4 3.12436E-4 3.08334E-4 2.99289E-4 3.17805E-4 2.8526E-4 2.78899E-4 3.38705E-4 2.97015E-4 3.17641E-4 3.17788E-4 2.74488E-4 2.77728E-4 1.55451E-4 1.57338E-4 1.66299E-4 2.38565E-4 1.38476E-4 2.74331E-4 2.83125E-4 2.50016E-4 3.0145E-4 2.51314E-4 2.96889E-4 9.97303E-5 2.18092E-4 8.54692E-5 8.17309E-5 7.03745E-5 3.46687E-5 1.99368E-5 2.95102E-5 1.23623E-5 3.79369E-5 2.28301E-6 8.90335E-7 -9999 -9999 -9999 -9999 -9999 -9999 -9999 -9999 -9999 -9999
2.13652E-4 2.70841E-4 1.51336E-4 1.14904E-4 6.53466E-5 7.42312E-5 2.36204E-4 2.71112E-4 2.89174E-4 2.90442E-4 2.9527E-4 2.93855E-4 2.96921E-4 3.22709E-4 3.33649E-4 3.10645E-4 3.17231E-4 3.26831E-4 3.56037E-4 3.5649E-4 3.46869E-4 3.43721E-4 2.97897E-4 3.10225E-4 2.62471E-4 2.87066E-4 3.23244E-4 3.47023E-4 3.09667E-4 2.77765E-4 2.73871E-4 2.90574E-4 2.69926E-4 1.20485E-4 1.17614E-4 8.64145E-5 1.0746E-4 1.63362E-4 2.72279E-4 2.32329E-4 1.08121E-4 1.07771E-4 2.44084E-4 2.51467E-4 9.67994E-5 5.17149E-5 7.46803E-6 1.91451E-5 4.82268E-5 5.45887E-5 3.02343E-5 6.99429E-6 1.10707E-5 1.25007E-6 -9999 -9999 -9999 -9999 -9999 -9999 -9999 -9999 -9999 -9999 -9999 -9999
2.44254E-4 3.51766E-4 2.67197E-4 1.13435E-4 5.78E-5 1.36969E-4 2.41467E-4 2.92132E-4 3.07097E-4 2.80608E-4 3.34335E-4 3.4195E-4 3.75778E-4 3.13869E-4 3.37245E-4 3.07016E-4 3.03612E-4 3.17017E-4 3.12608E-4 3.07432E-4 3.09351E-4 2.8946E-4 2.8143E-4 3.61227E-4 3.44062E-4 3.71696E-4 3.73099E-4 3.80379E-4 3.24426E-4 1.22064E-4 9.9233E-5 9.26395E-5 2.43239E-5 4.93174E-6 5.37533E-6 4.65504E-6 4.70385E-6 2.10901E-5 1.0891E-4 2.67047E-4 2.49676E-4 1.07535E-4 2.68799E-4 2.08185E-4 8.50985E-5 8.70488E-6 5.60389E-6 3.11373E-5 4.48565E-5 4.74878E-5 5.65309E-5 3.08874E-5 6.20647E-6 -9999 -9999 -9999 -9999 -9999 -9999 -9999 -9999 -9999 -9999 -9999 -9999 -9999
2.49019E-4 2.94149E-4 2.51769E-4 2.61804E-4 2.67583E-4 7.37676E-5 3.24632E-4 3.45172E-4 3.45561E-4 2.96624E-4 3.15325E-4 3.63244E-4 3.45751E-4 3.71776E-4 2.94401E-4 3.1615E-4 3.16719E-4 3.03969E-4 2.97844E-4 2.51871E-4 2.73294E-4 2.84552E-4 3.50029E-4 3.50455E-4 3.28564E-4 3.76817E-4 3.56051E-4 3.57167E-4 3.43516E-4 1.04809E-4 3.598E-5 8.35429E-6 7.32401E-6 6.83006E-6 5.35778E-6 3.70478E-6 3.46441E-6 5.10011E-6 9.68785E-5 2.23127E-4 2.72624E-4 2.28587E-4 2.3756E-4 7.24498E-6 1.86736E-5 7.25569E-6 2.5089E-6 1.43515E-5 1.08101E-5 9.51999E-6 3.93458E-5 1.27806E-5 5.04554E-6 -9999 -9999 -9999 -9999 -9999 -9999 -9999 -9999 -9999 -9999 -9999 -9999 -9999
2.62174E-4 2.64231E-4 2.68934E-4 3.00164E-4 7.54237E-5 3.05182E-4 3.62399E-4 3.87697E-4 3.17701E-4 3.48794E-4 3.44674E-4 3.10581E-4 3.53951E-4 2.76708E-4 2.53646E-4 3.08499E-4 3.24738E-4 2.93234E-4 2.64098E-4 2.10714E-4 2.21645E-4 2.68523E-4 2.9269E-4 3.26111E-4 3.38624E-4 3.45837E-4 3.51713E-4 3.372E-4 1.74328E-4 1.1994E-5 1.13471E-5 1.00352E-5 8.0562E-6 5.81101E-6 6.11627E-6 4.36351E-6 2.94701E-6 3.68233E-6 7.74518E-6 9.37317E-5 2.50076E-4 2.65234E-4 4.02493E-5 2.98528E-6 4.9719E-6 2.11013E-6 5.03249E-5 5.74484E-5 4.47069E-6 6.24962E-6 9.66044E-6 4.96198E-6 4.08083E-6 8.35131E-7 -9999 -9999 -9999 -9999 -9999 -9999 -9999 -9999 -9999 -9999 -9999 -9999
3.09267E-4 3.0861E-4 1.90037E-4 2.2089E-4 8.64288E-5 3.5211E-4 1.2123E-4 2.88595E-5 2.89677E-5 3.45022E-4 2.26361E-5 1.09657E-4 7.8352E-6 7.29267E-5 1.38762E-4 3.40895E-4 2.75098E-4 2.69099E-4 2.3684E-4 2.42696E-4 2.54695E-4 2.44587E-4 2.71714E-4 2.95624E-4 3.19882E-4 3.03944E-4 3.46594E-4 2.46251E-4 1.38417E-5 1.68018E-5 1.82207E-5 1.70673E-5 8.65806E-6 5.15257E-6 4.82895E-6 2.66777E-6 2.43695E-6 4.46132E-6 5.7439E-6 1.72218E-4 2.41349E-4 5.85603E-5 8.85091E-6 1.34928E-5 7.97955E-6 1.84856E-6 1.32647E-6 7.53351E-6 3.68523E-6 1.09431E-5 3.46569E-6 7.62905E-7 9.62998E-7 4.50454E-7 -9999 -9999 -9999 -9999 -9999 -9999 -9999 -9999 -9999 -9999 -9999 -9999
1.07825E-4 2.83535E-4 1.92427E-4 4.28287E-5 2.64645E-5 2.68123E-5 2.90467E-5 2.49595E-5 2.84367E-5 3.91375E-5 2.17488E-5 2.03738E-5 3.24503E-5 2.05618E-4 5.78251E-4 6.88912E-4 1.13981E-4 2.71056E-4 2.15073E-4 2.44406E-4 2.60418E-4 2.61624E-4 3.02878E-4 2.69051E-4 3.00222E-4 3.197E-4 3.00221E-4 3.0035E-4 2.82891E-4 1.46369E-5 1.38502E-5 1.46801E-5 9.7608E-6 7.01991E-6 4.81794E-6 3.57975E-6 3.30451E-6 5.48906E-6 7.58949E-6 2.13872E-4 1.22051E-4 1.17974E-5 6.45047E-5 3.38706E-6 3.30391E-6 3.84412E-6 2.47802E-6 4.96093E-6 4.46394E-6 9.30371E-6 2.23052E-6 2.01141E-6 8.23064E-7 -9999 -9999 -9999 -9999 -9999 -9999 -9999 -9999 -9999 -9999 -9999 -9999 -9999
2.93219E-4 2.49533E-4 2.65469E-4 2.94871E-4 1.97331E-4 2.80528E-5 2.36819E-5 3.26282E-4 2.12221E-4 1.16238E-4 2.15082E-5 6.16731E-5 3.04038E-4 2.92518E-4 2.1976E-4 1.94089E-4 2.8004E-5 1.62955E-4 9.33185E-5 9.0289E-5 2.14719E-4 2.12899E-4 1.51671E-5 1.24196E-5 2.57849E-5 2.95791E-4 2.71179E-4 2.85746E-4 2.42844E-4 9.92818E-5 6.81295E-5 1.11662E-5 1.01325E-5 8.22093E-6 6.56148E-6 6.26709E-6 8.22294E-6 1.36086E-5 4.32565E-5 2.04403E-4 1.94152E-5 3.86322E-6 7.22165E-6 4.28456E-5 1.69071E-6 4.57701E-6 1.44351E-5 5.88812E-6 4.01221E-6 4.43384E-6 2.85497E-6 8.30397E-7 1.01928E-6 2.73657E-7 -9999 -9999 -9999 -9999 -9999 -9999 -9999 -9999 -9999 -9999 -9999 -9999
4.94756E-5 5.14481E-5 2.24042E-4 2.82142E-4 2.87683E-4 2.72481E-4 3.00966E-4 3.22259E-4 1.05725E-4 9.95744E-5 2.64379E-4 2.75047E-4 2.81921E-4 1.88252E-4 2.55547E-5 5.84817E-5 8.16988E-6 8.2668E-6 6.22304E-6 8.25876E-6 8.22461E-6 6.45781E-6 6.90145E-6 8.60154E-6 8.06715E-5 4.57573E-5 1.63704E-5 2.69588E-4 2.32924E-4 8.96377E-5 7.86407E-5 2.28326E-5 9.74446E-6 1.03339E-5 9.74831E-6 9.40405E-6 1.08231E-5 1.17384E-5 6.91621E-5 1.86926E-4 1.96609E-5 5.35387E-6 5.12809E-6 9.35614E-6 4.06544E-6 2.64514E-6 3.09251E-5 5.65189E-6 5.35389E-6 7.9601E-6 1.32739E-6 1.18715E-6 3.17126E-7 -9999 -9999 -9999 -9999 -9999 -9999 -9999 -9999 -9999 -9999 -9999 -9999 -9999
4.37413E-5 4.11147E-5 4.90519E-5 3.90594E-5 4.70472E-5 1.99423E-5 1.83014E-5 3.54499E-5 5.73013E-5 4.95956E-5 1.01449E-4 1.03336E-4 9.46682E-5 1.11442E-5 1.22141E-5 6.75678E-6 5.20214E-6 4.4056E-6 5.4001E-6 5.06497E-6 5.39268E-6 4.89309E-6 5.91841E-6 6.37916E-6 8.02516E-6 1.18667E-5 1.82501E-5 1.09041E-4 2.15129E-4 1.71944E-4 6.89539E-5 5.43771E-5 8.16881E-6 8.69176E-6 9.02721E-6 9.42594E-6 1.16744E-5 2.06354E-4 1.83197E-4 1.55026E-4 1.44348E-4 1.52736E-5 1.30213E-5 6.69836E-6 2.35939E-6 1.22364E-6 1.87611E-6 4.92182E-6 6.98924E-6 1.90625E-5 1.0675E-6 4.651E-7 -9999 -9999 -9999 -9999 -9999 -9999 -9999 -9999 -9999 -9999 -9999 -9999 -9999 -9999
1.93182E-5 2.13674E-5 1.68063E-5 1.43927E-5 7.19026E-6 1.29808E-5 9.39489E-6 4.47593E-6 3.72598E-6 5.65388E-6 5.70876E-5 1.03806E-5 7.46163E-6 5.66529E-6 4.87803E-6 4.28811E-6 5.11992E-6 4.62294E-6 3.9688E-6 4.03884E-6 3.47203E-6 3.96319E-6 4.27845E-6 4.23621E-6 6.17074E-6 8.52526E-6 1.59078E-5 1.41112E-5 9.66223E-6 5.66422E-5 6.04879E-5 5.29598E-5 8.58403E-6 7.46469E-6 7.83412E-6 8.89589E-6 1.17786E-5 1.80157E-4 6.22089E-5 1.83238E-5 2.82276E-6 1.42646E-6 1.4673E-6 3.45124E-6 1.73773E-6 2.08248E-6 1.31099E-6 1.03341E-6 4.87629E-6 3.97154E-6 2.00498E-6 1.06807E-6 2.96898E-7 -9999 -9999 -9999 -9999 -9999 -9999 -9999 -9999 -9999 -9999 -9999 -9999 -9999
3.15805E-5 1.63243E-5 8.16235E-6 6.77038E-6 9.39516E-6 8.61274E-6 5.70427E-6 1.15452E-6 1.00654E-6 1.53772E-6 1.55089E-6 2.06875E-6 2.60665E-6 3.44027E-6 3.44027E-6 3.86904E-6 4.04102E-6 3.76406E-6 3.84503E-6 3.99759E-6 4.18058E-6 5.28204E-6 6.53906E-6 4.98601E-6 4.63908E-6 6.48414E-6 1.07346E-5 1.28937E-5 3.91936E-6 2.76919E-6 2.22634E-6 4.82434E-5 8.17188E-6 7.14545E-6 7.46702E-6 9.93891E-6 1.01374E-5 1.14151E-4 7.18454E-6 4.28833E-6 1.19032E-6 3.37899E-5 1.7998E-6 8.76784E-6 3.76019E-6 3.10231E-6 2.24195E-6 1.24829E-6 1.4428E-6 6.34675E-7 1.44936E-6 4.69749E-7 -9999 -9999 -9999 -9999 -9999 -9999 -9999 -9999 -9999 -9999 -9999 -9999 -9999 -9999
2.20026E-5 6.72911E-6 5.88414E-6 5.41492E-6 9.83021E-6 7.00393E-6 1.77795E-6 1.02791E-6 1.00654E-6 1.2159E-6 2.06113E-6 2.36701E-6 2.64135E-6 3.44027E-6 3.45938E-6 3.53546E-6 1.6751E-5 5.40446E-5 4.06325E-5 1.26771E-5 8.29008E-6 8.40687E-6 8.83527E-6 1.02715E-5 6.14866E-6 5.15542E-6 7.97315E-6 5.97114E-6 4.95659E-6 3.36056E-6 2.42753E-6 5.35726E-6 6.21741E-6 6.63233E-6 6.53887E-6 5.23165E-6 7.99445E-6 6.96416E-6 1.88032E-6 6.93633E-7 4.93293E-7 4.4942E-5 5.58062E-6 1.44684E-5 1.38482E-5 4.2958E-6 1.64101E-6 1.01464E-6 4.09792E-7 6.86346E-7 8.89634E-7 -9999 -9999 -9999 -9999 -9999 -9999 -9999 -9999 -9999 -9999 -9999 -9999 -9999 -9999 -9999
1.10446E-5 5.4781E-6 7.08802E-6 6.79083E-6 6.21905E-6 2.06344E-6 1.49459E-6 1.13586E-6 1.00674E-6 2.11185E-6 2.38695E-6 2.73327E-6 2.75081E-6 4.07165E-6 7.03503E-6 1.31087E-5 6.21209E-5 9.31388E-5 2.54488E-5 1.87623E-5 8.25275E-6 9.19816E-6 1.18774E-5 1.20915E-5 1.23636E-5 6.68926E-6 2.79342E-6 4.3262E-6 5.05877E-6 4.06713E-6 2.54674E-6 2.48979E-6 3.08653E-6 3.33411E-6 1.72494E-6 1.8327E-6 1.39593E-6 2.76271E-6 2.34196E-6 1.75743E-6 2.19587E-6 3.76531E-6 1.31229E-5 2.63037E-5 9.58668E-6 7.20261E-6 1.12366E-6 6.40046E-7 2.53048E-7 4.72052E-7 -9999 -9999 -9999 -9999 -9999 -9999 -9999 -9999 -9999 -9999 -9999 -9999 -9999 -9999 -9999 -9999
3.07861E-6 3.76162E-6 4.73545E-6 8.36933E-6 8.18812E-6 2.65081E-6 2.28027E-6 1.86272E-6 2.3394E-6 2.47075E-6 2.93589E-6 2.63268E-6 3.00777E-6 5.18635E-6 7.8952E-6 9.74834E-6 7.15033E-5 2.15386E-5 3.69568E-6 3.21202E-6 8.09273E-6 5.82734E-6 1.98216E-6 2.14182E-6 2.8074E-6 1.83395E-6 2.06042E-6 2.69181E-6 3.47901E-6 4.37789E-6 3.10711E-6 2.42454E-6 2.1979E-6 2.0066E-6 1.67503E-6 2.21054E-6 2.61959E-6 1.32139E-6 1.4063E-6 4.73026E-6 7.86585E-6 7.89339E-6 8.60165E-6 6.73024E-6 1.29376E-5 1.10563E-6 1.11464E-6 4.32404E-7 -9999 -9999 -9999 -9999 -9999 -9999 -9999 -9999 -9999 -9999 -9999 -9999 -9999 -9999 -9999 -9999 -9999 -9999
1.02086E-5 9.00462E-6 7.73066E-6 6.48151E-6 3.26022E-6 2.46193E-6 2.60747E-6 2.46561E-6 3.32046E-6 2.58597E-6 3.01493E-6 2.6597E-6 3.03488E-6 2.87196E-6 2.55533E-6 4.34671E-6 5.48086E-6 5.37143E-6 3.04389E-6 3.01411E-6 3.06544E-6 1.63958E-6 1.67096E-6 1.5035E-6 1.53805E-6 1.80004E-6 1.57769E-6 1.91476E-6 3.36122E-6 4.27366E-6 3.05805E-6 2.50082E-6 2.22383E-6 1.71447E-6 1.20294E-6 1.95052E-6 3.9914E-6 1.63811E-6 5.73984E-7 7.51966E-7 8.07881E-6 7.46899E-6 1.1956E-5 2.51338E-5 2.11573E-5 9.069E-7 1.07861E-6 7.43538E-7 -9999 -9999 -9999 -9999 -9999 -9999 -9999 -9999 -9999 -9999 -9999 -9999 -9999 -9999 -9999 -9999 -9999 -9999
1.08383E-5 1.0435E-5 1.02792E-5 8.02881E-6 3.59953E-6 2.50496E-6 3.22507E-6 5.14102E-6 4.52317E-6 3.84154E-6 2.78333E-6 2.81653E-6 3.66295E-6 3.06249E-6 4.54975E-6 5.40275E-6 7.23789E-6 1.09972E-5 7.60916E-6 4.73075E-6 3.49427E-6 1.44192E-6 1.56755E-6 1.83277E-6 1.53628E-6 1.55073E-6 1.56952E-6 1.75149E-6 2.75967E-6 3.41809E-6 3.21111E-6 2.08276E-6 1.38479E-6 1.2455E-6 1.12717E-6 1.37474E-6 4.11899E-6 9.89219E-7 7.8515E-7 1.93533E-6 5.7427E-6 7.85002E-6 1.2513E-5 2.1368E-5 4.01828E-6 1.07442E-6 9.57732E-7 -9999 -9999 -9999 -9999 -9999 -9999 -9999 -9999 -9999 -9999 -9999 -9999 -9999 -9999 -9999 -9999 -9999 -9999 -9999
1.45275E-4 2.59309E-4 2.77659E-4 2.31867E-4 2.73104E-4 1.12681E-4 1.73811E-4 2.13884E-4 8.9356E-5 2.49359E-4 2.43201E-4 1.78543E-4 4.55565E-5 9.9506E-5 2.87495E-5 1.67097E-4 1.81165E-4 1.15452E-4 1.25464E-4 1.48726E-4 1.18722E-5 3.25603E-6 2.88627E-6 3.08428E-6 2.34239E-6 1.5599E-6 1.91673E-6 1.78511E-6 2.47746E-6 2.65028E-6 2.4781E-6 2.04494E-6 1.78449E-6 1.49189E-6 9.5676E-7 1.10076E-6 1.45641E-6 9.7329E-7 3.86414E-6 7.76492E-6 8.03117E-6 5.22197E-6 4.70389E-6 1.80484E-6 2.60796E-6 7.27969E-7 1.94744E-6 -9999 -9999 -9999 -9999 -9999 -9999 -9999 -9999 -9999 -9999 -9999 -9999 -9999 -9999 -9999 -9999 -9999 -9999 -9999
9.53376E-4 9.33665E-4 9.83627E-4 9.8578E-4 1.12387E-3 1.39349E-3 1.44352E-3 1.28702E-3 9.51663E-4 1.26645E-3 1.19831E-3 1.16768E-3 1.16364E-3 1.10724E-3 1.06019E-3 1.16391E-3 1.16417E-3 1.00628E-3 9.94093E-4 8.04247E-4 1.22052E-4 1.5343E-4 1.18411E-5 9.6246E-6 5.62947E-5 5.10022E-5 4.9864E-5 4.63432E-5 2.72983E-5 2.73771E-5 2.2541E-6 2.49868E-6 2.68214E-6 1.76544E-6 1.53333E-6 1.07688E-6 9.59346E-7 9.6483E-7 3.12262E-6 5.90015E-6 5.65445E-6 3.32085E-6 2.36532E-6 3.01002E-6 1.96761E-6 1.32594E-6 1.80479E-6 9.09387E-7 6.54973E-7 -9999 -9999 -9999 -9999 -9999 -9999 -9999 -9999 -9999 -9999 -9999 -9999 -9999 -9999 -9999 -9999 -9999
5.57221E-4 1.07568E-3 1.17109E-3 1.22775E-3 1.22524E-3 1.42426E-3 1.4731E-3 1.19678E-3 1.02187E-3 1.21692E-3 1.21966E-3 1.27743E-3 1.3749E-3 1.32071E-3 1.23755E-3 1.21666E-3 1.05599E-3 8.25396E-4 8.60707E-4 9.12246E-4 9.03221E-4 7.94054E-4 3.07163E-4 2.57755E-4 2.2478E-4 9.32477E-5 9.30636E-5 9.25952E-5 7.92686E-5 6.70433E-5 5.18005E-5 3.9755E-5 7.05677E-6 2.26784E-6 2.02071E-6 1.76475E-6 1.58744E-6 1.37817E-6 2.91278E-6 2.35019E-5 6.64604E-6 4.08984E-6 2.48195E-6 2.60692E-6 1.96969E-6 8.8072E-7 8.90659E-7 7.8149E-7 6.59925E-7 -9999 -9999 -9999 -9999 -9999 -9999 -9999 -9999 -9999 -9999 -9999 -9999 -9999 -9999 -9999 -9999 -9999
3.18868E-4 1.0159E-3 1.28403E-3 1.44985E-3 1.45007E-3 1.41652E-3 1.43573E-3 1.36127E-3 4.54338E-4 7.41811E-4 1.30496E-3 1.29813E-3 1.3795E-3 1.35477E-3 1.31217E-3 1.24879E-3 1.21057E-3 9.78892E-4 9.79034E-4 9.12124E-4 9.08355E-4 9.41413E-4 9.35352E-4 8.90336E-4 6.02682E-4 3.63814E-4 3.3111E-4 2.87159E-4 1.01267E-4 9.30297E-5 1.94147E-4 8.58264E-5 7.58301E-6 2.19126E-6 2.54477E-6 2.43766E-6 2.3672E-6 2.0197E-6 7.62478E-6 8.02365E-5 3.16733E-5 1.37893E-5 2.16131E-6 1.08892E-6 9.34052E-7 4.41481E-7 8.28193E-7 9.80999E-7 -9999 -9999 -9999 -9999 -9999 -9999 -9999 -9999 -9999 -9999 -9999 -9999 -9999 -9999 -9999 -9999 -9999 -9999
1.45763E-3 3.35719E-4 9.18564E-4 1.33184E-3 1.52977E-3 1.34916E-3 1.33184E-3 1.39174E-3 6.73277E-4 2.92009E-4 1.24522E-3 1.27954E-3 1.39375E-3 1.41037E-3 1.26987E-3 1.27855E-3 1.24125E-3 1.28902E-3 1.02067E-3 1.07688E-3 1.0093E-3 6.71658E-4 1.21492E-3 8.35411E-4 4.10109E-4 6.5396E-4 5.14994E-4 6.0003E-4 4.00571E-4 2.26009E-4 9.38198E-5 8.21627E-5 3.01535E-6 1.98115E-6 2.34321E-6 2.70526E-6 2.13552E-6 2.31076E-6 4.1473E-5 1.72571E-4 1.13715E-4 2.98272E-5 2.43342E-6 9.27352E-7 8.92251E-7 8.90475E-7 8.63065E-7 1.14838E-6 -9999 -9999 -9999 -9999 -9999 -9999 -9999 -9999 -9999 -9999 -9999 -9999 -9999 -9999 -9999 -9999 -9999 -9999
1.58763E-3 1.37008E-3 1.19912E-3 1.37335E-3 1.62221E-3 1.44518E-3 1.31048E-3 1.29418E-3 2.74733E-4 5.49673E-4 1.04941E-3 1.28109E-3 1.38317E-3 1.3786E-3 1.31135E-3 1.38965E-3 1.22958E-3 1.31793E-3 1.19226E-3 1.23796E-3 6.18834E-4 2.94337E-4 6.08073E-4 6.57604E-4 3.7998E-4 5.84495E-4 4.8535E-4 5.54109E-4 4.50831E-4 2.41298E-4 8.49903E-5 8.35753E-6 2.12954E-6 1.95687E-6 2.18186E-6 1.76366E-6 1.44218E-6 3.48938E-6 9.0535E-5 1.07818E-4 1.24769E-4 1.83165E-5 3.40842E-6 9.59726E-7 9.47935E-7 1.10866E-6 1.57145E-6 -9999 -9999 -9999 -9999 -9999 -9999 -9999 -9999 -9999 -9999 -9999 -9999 -9999 -9999 -9999 -9999 -9999 -9999 -9999
1.44193E-3 1.39884E-3 1.48484E-3 1.57082E-3 1.50699E-3 1.50697E-3 1.57645E-3 5.19377E-4 3.1989E-4 3.29879E-4 1.18937E-3 1.26598E-3 1.42291E-3 1.4376E-3 1.19882E-3 1.40294E-3 1.27069E-3 7.92043E-4 8.63363E-4 8.17324E-4 3.69824E-4 3.03791E-4 3.24841E-4 6.17026E-4 4.16366E-4 4.0673E-4 2.76713E-4 2.73575E-4 2.72432E-4 2.13117E-4 7.53677E-5 4.26742E-6 2.24906E-6 1.91886E-6 1.78458E-6 1.17241E-6 1.3909E-6 5.14675E-6 1.08309E-4 1.30712E-4 1.07845E-4 8.65921E-5 2.1111E-6 9.72924E-7 1.12849E-6 1.58739E-6 2.1605E-6 -9999 -9999 -9999 -9999 -9999 -9999 -9999 -9999 -9999 -9999 -9999 -9999 -9999 -9999 -9999 -9999 -9999 -9999 -9999
1.43038E-3 1.45358E-3 1.48587E-3 1.61255E-3 1.68583E-3 1.7195E-3 1.8687E-3 4.62891E-4 3.41702E-4 5.34199E-4 1.27682E-3 1.32558E-3 1.30769E-3 1.46826E-3 1.36598E-3 1.38888E-3 1.06507E-3 6.86087E-4 8.33331E-4 7.53886E-4 3.1203E-4 2.96098E-4 2.62342E-4 3.51582E-4 2.65441E-4 2.52209E-4 2.72038E-4 2.43502E-4 2.37595E-4 1.96332E-4 1.64275E-5 4.23945E-6 3.01476E-6 2.26272E-6 2.10406E-6 1.15455E-6 1.14867E-6 7.71067E-5 7.45158E-5 1.17707E-4 9.75971E-5 8.09675E-5 1.36622E-6 1.3543E-6 1.6526E-6 2.09979E-6 -9999 -9999 -9999 -9999 -9999 -9999 -9999 -9999 -9999 -9999 -9999 -9999 -9999 -9999 -9999 -9999 -9999 -9999 -9999 -9999
1.24949E-3 1.34601E-3 1.33324E-3 1.46777E-3 1.93482E-3 1.83015E-3 1.8977E-3 3.12289E-4 3.56099E-4 3.3906E-4 1.21753E-3 1.50013E-3 1.39001E-3 1.33656E-3 1.13823E-3 1.14323E-3 8.49659E-4 7.77646E-4 4.22418E-4 3.52108E-4 3.55019E-4 2.57902E-4 2.46019E-4 2.46725E-4 1.91872E-4 1.07504E-4 8.25649E-5 1.99181E-4 8.11145E-5 7.69191E-5 3.07738E-6 2.72386E-6 2.52697E-6 2.58525E-6 1.59136E-6 1.19882E-6 1.15651E-6 7.5348E-5 1.07182E-4 1.0115E-4 8.56315E-5 1.54928E-6 1.46416E-6 1.47202E-6 2.24793E-6 -9999 -9999 -9999 -9999 -9999 -9999 -9999 -9999 -9999 -9999 -9999 -9999 -9999 -9999 -9999 -9999 -9999 -9999 -9999 -9999 -9999
1.06346E-3 1.27067E-3 1.44168E-3 1.43747E-3 1.72486E-3 2.27027E-3 1.3578E-3 3.02146E-4 3.59749E-4 3.65056E-4 1.30598E-3 1.59036E-3 1.6266E-3 8.37363E-4 4.73788E-4 5.35062E-4 4.12801E-4 4.89977E-4 3.07919E-4 3.04009E-4 2.82281E-4 2.51443E-4 2.39524E-4 2.23566E-4 1.32789E-4 5.34546E-5 9.7979E-6 1.41045E-5 1.70562E-5 1.53096E-5 2.52315E-6 2.31859E-6 2.38786E-6 2.11665E-6 1.09739E-6 1.17693E-6 4.77881E-6 5.67334E-5 8.2327E-5 8.88527E-5 1.55483E-6 1.326E-6 1.15562E-6 1.6968E-6 3.48843E-6 -9999 -9999 -9999 -9999 -9999 -9999 -9999 -9999 -9999 -9999 -9999 -9999 -9999 -9999 -9999 -9999 -9999 -9999 -9999 -9999 -9999
9.91054E-4 1.10976E-3 1.36815E-3 1.35579E-3 1.58785E-3 1.84582E-3 1.51295E-3 3.94113E-4 1.08643E-3 1.22839E-3 1.37735E-3 1.30509E-3 1.45969E-3 6.54539E-4 4.61747E-4 3.7536E-4 2.81849E-4 2.64502E-4 2.70123E-4 2.55629E-4 2.54218E-4 2.31932E-4 2.00706E-4 1.6754E-4 1.00982E-4 1.4528E-5 5.57594E-6 4.71999E-6 2.39702E-6 2.12278E-6 2.12064E-6 1.48261E-6 1.49631E-6 1.01417E-6 8.1311E-7 1.19319E-6 2.58883E-5 4.3253E-5 4.34144E-5 8.25619E-5 1.3485E-6 1.34548E-6 1.29363E-6 2.4101E-6 -9999 -9999 -9999 -9999 -9999 -9999 -9999 -9999 -9999 -9999 -9999 -9999 -9999 -9999 -9999 -9999 -9999 -9999 -9999 -9999 -9999 -9999
9.84174E-4 1.046E-3 1.17195E-3 1.25601E-3 1.71219E-3 1.93614E-3 1.32135E-3 8.61834E-4 1.45533E-3 1.46899E-3 1.53937E-3 5.94853E-4 6.0325E-4 5.95317E-4 3.06542E-4 2.68724E-4 2.637E-4 1.11085E-4 2.98034E-4 2.36099E-4 1.44491E-5 1.04451E-5 3.74628E-6 7.52023E-5 2.5866E-5 5.88211E-6 4.30745E-6 4.151E-6 2.97094E-6 2.04248E-6 1.79531E-6 9.47961E-7 7.65816E-7 8.02273E-7 1.10049E-6 1.14321E-6 1.26778E-6 3.70571E-6 3.45318E-5 2.57096E-6 1.36522E-6 1.35433E-6 1.69706E-6 2.35929E-6 -9999 -9999 -9999 -9999 -9999 -9999 -9999 -9999 -9999 -9999 -9999 -9999 -9999 -9999 -9999 -9999 -9999 -9999 -9999 -9999 -9999 -9999
