catData/rasterBestHybridModels/Pviverrinus/RD_RM1_H/Pviverrinus_stddev.asc
ncols         409
nrows         350
xllcorner     60.897278365
yllcorner     5.843756025
cellsize      0.0892857
NODATA_value  -9999
[rows 145 to 173 of 350, columns 65 to 129 of 409]
-9999 -9999 -9999 -9999 -9999 -9999 -9999 -9999 3.2219E-6 3.76847E-6 5.10332E-6 4.65E-6 5.09923E-6 6.03954E-6 6.38894E-6 6.05382E-6 6.64337E-6 6.26453E-6 5.67444E-6 4.92294E-6 5.91057E-6 5.95948E-6 -9999 -9999 -9999 -9999 -9999 2.03148E-6 1.50105E-6 1.21572E-6 1.09536E-6 1.05549E-6 8.9074E-7 6.6762E-7 6.05385E-7 5.19671E-7 4.03187E-7 -9999 -9999 -9999 -9999 -9999 -9999 -9999 -9999 -9999 -9999 -9999 -9999 -9999 -9999 6.69265E-7 9.19152E-7 2.04346E-7 1.64475E-6 2.18094E-6 3.21319E-6 3.85188E-6 4.20067E-6 4.36425E-6 4.84109E-6 5.1515E-6 4.85463E-6 2.07307E-6 5.62805E-6
-9999 -9999 -9999 -9999 -9999 -9999 -9999 -9999 2.93557E-6 3.78281E-6 4.35273E-6 6.18042E-6 6.96513E-6 6.09051E-6 5.46806E-6 4.78833E-6 4.90686E-6 5.96791E-6 5.80069E-6 -9999 -9999 -9999 2.06609E-6 -9999 -9999 -9999 -9999 -9999 1.4988E-6 1.25722E-6 1.06361E-6 8.85851E-7 8.07608E-7 1.00585E-6 4.68926E-7 6.96738E-7 5.53145E-7 -9999 -9999 -9999 -9999 -9999 -9999 -9999 -9999 -9999 -9999 -9999 -9999 -9999 -9999 7.3458E-7 9.57134E-7 5.97263E-7 2.23816E-6 2.02617E-6 2.72869E-6 3.31565E-6 1.15997E-6 2.53666E-6 2.5886E-6 1.62283E-6 2.6335E-6 4.54855E-6 4.84643E-6
-9999 -9999 -9999 -9999 -9999 -9999 -9999 -9999 -9999 -9999 -9999 6.50907E-6 7.31045E-6 6.04681E-6 5.50627E-6 -9999 5.07533E-6 4.77867E-6 3.14677E-6 3.46648E-6 3.18029E-6 1.81958E-6 2.04671E-6 -9999 -9999 -9999 -9999 -9999 -9999 -9999 -9999 -9999 -9999 1.64305E-6 3.06199E-7 3.83451E-7 9.0015E-7 -9999 8.15614E-7 9.64412E-7 4.91961E-7 9.63394E-7 7.69104E-7 1.64636E-6 7.33303E-7 7.80256E-7 7.6403E-7 -9999 -9999 9.92677E-7 9.58394E-7 1.0623E-6 8.43615E-7 7.92005E-7 1.52183E-6 1.69249E-6 2.51356E-6 1.20001E-6 9.75569E-7 3.31113E-6 3.49255E-6 1.49658E-6 2.53857E-6 1.82438E-6 4.86108E-6
-9999 -9999 -9999 -9999 -9999 -9999 -9999 -9999 -9999 -9999 -9999 -9999 -9999 -9999 7.03823E-6 5.36384E-6 5.33203E-6 -9999 3.09054E-6 -9999 2.50298E-6 -9999 5.73432E-6 3.89758E-6 3.48314E-6 -9999 -9999 1.06751E-6 8.07268E-7 -9999 6.8685E-7 7.41329E-7 8.51179E-7 1.35618E-6 2.7583E-7 3.06521E-7 6.45887E-7 -9999 6.40054E-7 8.02798E-7 3.04073E-7 7.95099E-7 -9999 1.96021E-6 6.8953E-7 6.18114E-7 7.38481E-7 9.02748E-7 5.07556E-7 8.91033E-7 8.03529E-7 1.17709E-6 1.05292E-6 1.15569E-6 2.58362E-6 2.08453E-6 2.22956E-6 8.88788E-7 7.07812E-7 8.37854E-7 3.23635E-6 1.05689E-6 1.115E-6 1.27977E-6 2.8272E-6
-9999 -9999 -9999 -9999 -9999 -9999 -9999 -9999 -9999 -9999 -9999 -9999 -9999 -9999 -9999 -9999 -9999 2.89072E-6 2.99791E-6 -9999 -9999 4.2721E-6 2.26623E-6 1.07445E-6 9.11936E-7 8.09458E-7 2.28609E-6 1.3054E-6 9.12775E-7 7.47777E-7 7.23132E-7 7.5885E-7 8.36666E-7 9.3562E-7 5.22954E-7 5.44539E-7 2.05578E-6 -9999 -9999 -9999 7.07691E-7 7.7791E-7 7.11986E-7 1.74731E-6 1.59184E-6 1.33399E-6 1.14219E-6 1.24906E-6 7.80985E-7 1.43281E-6 1.22819E-6 1.52372E-6 1.39302E-6 2.49131E-6 2.40222E-6 1.18764E-6 6.69355E-7 2.95946E-7 5.61943E-7 9.21039E-7 1.01613E-6 2.19378E-6 1.03736E-6 1.17616E-6 1.31378E-6
-9999 -9999 -9999 -9999 -9999 -9999 -9999 -9999 -9999 -9999 -9999 -9999 -9999 -9999 -9999 -9999 -9999 -9999 3.00588E-6 -9999 4.15177E-6 1.66891E-6 1.07405E-6 9.71762E-7 1.14331E-6 9.92126E-7 6.81568E-7 1.75781E-6 1.38407E-6 1.06032E-6 9.17401E-7 8.42153E-7 7.97546E-7 8.73795E-7 8.56479E-7 5.83314E-7 -9999 -9999 -9999 -9999 -9999 -9999 1.84541E-6 1.16215E-6 6.83656E-7 5.46845E-7 4.5713E-7 8.43538E-7 1.73171E-6 1.95924E-6 5.00455E-7 1.06448E-6 1.59837E-6 1.79961E-6 1.311E-6 9.16689E-7 6.48293E-7 7.6784E-7 3.15312E-7 8.26109E-7 9.6418E-7 9.8212E-7 2.27382E-6 1.71021E-6 1.38428E-6
-9999 -9999 -9999 -9999 -9999 -9999 -9999 -9999 -9999 -9999 -9999 -9999 -9999 -9999 -9999 -9999 -9999 -9999 -9999 -9999 3.20352E-6 1.48204E-6 1.24626E-6 1.14404E-6 1.22268E-6 1.83013E-6 1.61158E-6 1.23031E-6 2.53854E-6 2.27197E-6 1.52038E-6 1.01517E-6 8.31237E-7 9.78373E-7 8.28373E-7 5.97892E-7 5.47956E-7 6.46095E-7 -9999 -9999 1.58523E-6 7.33537E-7 6.13112E-7 8.37866E-7 6.36412E-7 5.74349E-7 4.75026E-7 4.39502E-7 1.21052E-6 6.01273E-7 -9999 -9999 1.03518E-6 1.67251E-6 1.60706E-6 1.1101E-6 8.0063E-7 6.12679E-7 5.78569E-7 6.20055E-7 8.65667E-7 9.96585E-7 1.09741E-6 1.86978E-6 5.14153E-6
-9999 -9999 -9999 -9999 -9999 -9999 -9999 -9999 -9999 -9999 -9999 -9999 -9999 -9999 -9999 -9999 -9999 -9999 -9999 -9999 5.31731E-6 1.54445E-6 1.462E-6 1.2248E-6 1.25531E-6 2.51487E-6 2.26496E-6 1.69842E-6 1.22507E-6 9.43398E-7 6.44977E-7 9.15152E-7 1.25714E-6 1.09195E-6 1.17661E-6 1.11688E-6 1.06861E-6 9.9686E-7 1.14145E-6 1.06396E-6 1.25571E-6 7.12949E-7 8.6926E-7 9.53832E-7 8.25204E-7 6.34727E-7 5.01613E-7 9.58519E-7 1.68881E-6 5.66431E-7 4.25705E-7 5.1241E-7 -9999 1.17907E-6 1.76702E-6 1.24766E-6 9.84884E-7 8.02619E-7 1.72143E-7 3.27422E-7 5.86516E-7 1.07102E-6 4.31622E-6 4.96506E-6 5.36168E-6
-9999 -9999 -9999 -9999 -9999 -9999 -9999 -9999 -9999 -9999 -9999 -9999 -9999 -9999 -9999 -9999 -9999 -9999 -9999 -9999 -9999 6.24672E-6 3.26855E-6 2.69464E-6 1.65304E-6 1.69498E-6 2.56286E-6 2.40806E-6 1.94203E-6 1.31225E-6 1.08812E-6 7.95465E-7 4.27722E-7 3.61354E-7 3.88614E-7 3.92527E-7 4.04982E-7 1.03631E-6 2.98646E-6 2.47753E-6 1.38062E-6 6.92159E-7 7.86365E-7 9.15024E-7 8.22038E-7 6.51667E-7 1.35616E-6 1.77997E-6 -9999 3.20745E-7 -9999 4.44693E-7 -9999 -9999 1.13056E-6 1.18418E-6 8.38115E-7 2.20738E-7 2.10019E-7 2.8374E-7 4.06837E-7 1.56972E-6 3.93096E-6 4.94981E-6 4.83183E-6
-9999 -9999 -9999 -9999 -9999 -9999 -9999 -9999 -9999 -9999 -9999 -9999 -9999 -9999 -9999 -9999 -9999 -9999 -9999 -9999 -9999 -9999 9.55401E-6 4.69513E-6 2.03099E-6 1.68047E-6 1.55261E-6 2.17397E-6 2.83696E-6 2.35269E-6 1.14157E-6 7.15989E-7 6.09218E-7 5.44209E-7 6.58412E-7 6.44935E-7 1.02147E-6 1.07988E-6 1.18573E-6 1.19953E-6 9.83497E-7 1.39301E-6 9.34025E-7 8.59329E-7 1.15759E-6 2.88711E-6 2.67286E-6 -9999 4.84645E-7 4.0321E-7 -9999 -9999 -9999 -9999 1.87772E-7 5.35663E-7 3.45788E-7 2.78455E-7 4.44495E-7 3.64286E-7 4.70304E-7 7.57094E-7 4.61493E-6 5.14226E-6 5.00565E-6
-9999 -9999 -9999 -9999 -9999 -9999 -9999 -9999 -9999 -9999 -9999 -9999 -9999 -9999 -9999 -9999 -9999 -9999 -9999 -9999 -9999 5.74266E-6 1.12951E-5 5.42286E-6 2.2058E-6 1.87533E-6 1.72087E-6 2.03329E-6 2.98913E-6 4.28742E-6 1.72708E-6 1.16341E-6 1.00248E-6 1.31484E-6 9.8663E-7 1.27864E-6 1.43034E-6 1.39484E-6 1.27101E-6 4.03373E-6 1.13323E-5 1.22482E-5 7.38595E-6 6.57186E-6 1.05658E-5 2.88803E-6 1.74644E-6 1.01074E-6 8.19798E-7 2.84375E-7 5.50868E-7 4.34079E-7 -9999 -9999 -9999 5.17206E-7 4.77017E-7 4.15103E-7 4.69777E-7 5.48881E-7 6.65855E-7 1.2769E-6 1.45892E-6 3.43753E-6 5.88267E-6
-9999 -9999 -9999 -9999 -9999 -9999 -9999 -9999 -9999 -9999 -9999 -9999 -9999 -9999 -9999 -9999 -9999 -9999 -9999 -9999 -9999 -9999 -9999 9.10364E-6 3.85223E-6 2.0005E-6 1.90378E-6 2.35527E-6 3.62652E-6 4.36506E-6 2.33267E-6 1.57457E-6 1.99733E-6 2.24727E-6 1.565E-6 1.54727E-6 2.27529E-6 1.63178E-6 3.45797E-6 1.48788E-5 8.7181E-6 9.18579E-6 1.04182E-5 9.5337E-6 5.33855E-6 5.76627E-7 5.11842E-7 6.14454E-7 4.48742E-7 5.65835E-7 5.84075E-7 4.73053E-7 4.38865E-7 5.84951E-7 3.00807E-7 3.10827E-7 4.26867E-7 5.0123E-7 9.92984E-7 1.01405E-6 9.44436E-7 1.77534E-6 1.82548E-6 1.64084E-6 1.71401E-6
-9999 -9999 -9999 -9999 -9999 -9999 -9999 -9999 -9999 -9999 -9999 -9999 -9999 -9999 -9999 -9999 -9999 -9999 -9999 -9999 -9999 -9999 -9999 -9999 6.56585E-6 3.89852E-6 2.99171E-6 4.10637E-6 4.94075E-6 4.48283E-6 3.7063E-6 3.22229E-6 1.77244E-6 1.34195E-6 1.53694E-6 2.20962E-6 2.01166E-6 2.19416E-6 9.25666E-6 1.34157E-5 1.32324E-5 1.07517E-5 9.5902E-6 2.9988E-6 1.22968E-6 8.51997E-7 1.25333E-6 3.88963E-7 2.89944E-7 3.53915E-7 2.22805E-7 2.07263E-7 2.67491E-7 2.44643E-7 2.8219E-7 1.9619E-7 2.21641E-7 3.62238E-7 5.94976E-7 7.39829E-7 1.22297E-6 3.35036E-6 2.21546E-6 1.9183E-6 2.23329E-6
-9999 -9999 -9999 -9999 -9999 -9999 -9999 -9999 -9999 -9999 -9999 -9999 -9999 -9999 -9999 -9999 -9999 -9999 -9999 -9999 -9999 -9999 -9999 -9999 -9999 -9999 1.43577E-5 7.00777E-6 4.60907E-6 4.17607E-6 4.72375E-6 3.72568E-6 2.96748E-6 2.91669E-6 2.71503E-6 3.42869E-6 3.71794E-6 9.9848E-6 -9999 1.2278E-5 1.03263E-5 1.15614E-5 1.21984E-5 2.38527E-6 6.21249E-7 3.85382E-6 2.54363E-6 1.87824E-6 7.61229E-7 6.8931E-7 2.57503E-7 1.93732E-7 3.02544E-7 2.55413E-7 3.65001E-7 2.32208E-7 1.20988E-7 2.12255E-7 4.36723E-7 1.30028E-6 1.67577E-6 2.1361E-6 2.41429E-6 2.34686E-6 7.17254E-6
-9999 -9999 -9999 -9999 -9999 -9999 -9999 -9999 -9999 -9999 -9999 -9999 -9999 -9999 -9999 -9999 -9999 -9999 -9999 -9999 -9999 -9999 -9999 -9999 -9999 -9999 -9999 -9999 1.7909E-5 1.36417E-5 1.23147E-5 1.07439E-5 9.73622E-6 9.39486E-6 9.42244E-6 -9999 -9999 -9999 -9999 -9999 -9999 1.4573E-5 8.64202E-6 1.83954E-6 3.65265E-6 2.63078E-6 2.10448E-6 1.93585E-6 4.92117E-7 3.5083E-7 2.30943E-7 5.37038E-7 2.98505E-7 2.57336E-7 2.29121E-7 1.80625E-7 1.06757E-7 1.66836E-7 3.98285E-7 1.5865E-6 2.41439E-6 3.08947E-6 3.50449E-6 7.38097E-6 6.71855E-6
-9999 -9999 -9999 -9999 -9999 -9999 -9999 -9999 -9999 -9999 -9999 -9999 -9999 -9999 -9999 -9999 -9999 -9999 -9999 -9999 -9999 -9999 -9999 -9999 -9999 -9999 -9999 -9999 -9999 -9999 -9999 -9999 1.79652E-5 1.77308E-5 -9999 -9999 -9999 -9999 -9999 -9999 2.28044E-5 5.23047E-6 3.20352E-6 9.14347E-7 2.69312E-6 2.3297E-6 2.25002E-6 2.03792E-6 4.34461E-7 6.63658E-7 4.56863E-7 4.44346E-7 3.52025E-7 4.21949E-7 8.93491E-7 9.11478E-7 1.49208E-7 1.60567E-7 4.52064E-7 1.42869E-6 7.75939E-6 5.89549E-6 5.60311E-6 5.37253E-6 4.75296E-6
-9999 -9999 -9999 -9999 -9999 -9999 -9999 -9999 -9999 -9999 -9999 -9999 -9999 -9999 -9999 -9999 -9999 -9999 -9999 -9999 -9999 -9999 -9999 -9999 -9999 -9999 -9999 -9999 -9999 -9999 -9999 -9999 -9999 -9999 -9999 -9999 -9999 -9999 -9999 -9999 5.68367E-6 1.71191E-6 7.9724E-7 5.34686E-7 1.77997E-6 5.72392E-7 1.70858E-6 8.03136E-7 4.70056E-7 4.53043E-7 1.13655E-6 3.66194E-7 5.03379E-7 8.76579E-7 8.86468E-7 9.22118E-7 9.53869E-7 2.1455E-7 5.89142E-7 1.39751E-6 4.81213E-6 6.61578E-6 1.93359E-5 4.84536E-6 5.93989E-6
-9999 -9999 -9999 -9999 -9999 -9999 -9999 -9999 -9999 -9999 -9999 -9999 -9999 -9999 -9999 -9999 -9999 -9999 -9999 -9999 -9999 -9999 -9999 -9999 -9999 -9999 -9999 -9999 -9999 -9999 -9999 -9999 -9999 -9999 -9999 -9999 -9999 -9999 -9999 7.15244E-6 1.80713E-6 8.34404E-7 5.21914E-7 5.06985E-7 5.46323E-7 5.04911E-7 5.97198E-7 5.83308E-7 4.46931E-7 4.28479E-7 5.87852E-7 4.56562E-7 2.49104E-7 2.28767E-7 8.80639E-7 9.26463E-7 6.55341E-7 2.36773E-7 5.3758E-7 1.05497E-6 4.35055E-6 7.92513E-6 2.01816E-5 7.25506E-6 1.03639E-5
-9999 -9999 -9999 -9999 -9999 -9999 -9999 -9999 -9999 -9999 -9999 -9999 -9999 -9999 -9999 -9999 -9999 -9999 -9999 -9999 -9999 -9999 -9999 -9999 -9999 -9999 -9999 -9999 -9999 -9999 -9999 -9999 -9999 -9999 -9999 -9999 6.95807E-5 2.97742E-5 2.62654E-5 1.1839E-5 5.09992E-6 7.11682E-7 5.46084E-7 5.28492E-7 5.88319E-7 5.53796E-7 6.33453E-7 5.70072E-7 5.04807E-7 4.59544E-7 5.10996E-7 5.23523E-7 2.25644E-7 2.88317E-7 3.60601E-6 1.47483E-6 2.07262E-7 2.32125E-7 5.24328E-7 8.60502E-7 6.01506E-6 6.7812E-6 2.17576E-5 8.51158E-6 1.12136E-5
-9999 -9999 -9999 -9999 -9999 -9999 -9999 -9999 -9999 -9999 -9999 -9999 -9999 -9999 -9999 -9999 -9999 -9999 -9999 -9999 -9999 -9999 -9999 -9999 -9999 -9999 8.42597E-5 -9999 -9999 -9999 -9999 6.4523E-5 -9999 1.75476E-5 5.52446E-5 1.67662E-5 1.82747E-5 8.95731E-6 6.80431E-6 5.27328E-6 4.47833E-6 6.77684E-7 5.66925E-7 5.28667E-7 4.61799E-7 2.08232E-6 2.18943E-6 2.07096E-6 1.7673E-6 5.34352E-7 4.41746E-7 2.83601E-7 2.40608E-7 5.9388E-7 2.37574E-6 1.30484E-6 1.35102E-6 1.36073E-6 6.7314E-7 6.9814E-7 4.1166E-6 2.15771E-6 3.88885E-6 1.24075E-5 1.3203E-5
-9999 -9999 -9999 -9999 -9999 -9999 -9999 -9999 -9999 -9999 -9999 -9999 -9999 -9999 -9999 -9999 -9999 -9999 -9999 -9999 -9999 -9999 -9999 -9999 -9999 6.32931E-5 4.66108E-5 -9999 -9999 3.83063E-5 6.15197E-5 5.2185E-5 1.37307E-5 7.45844E-6 6.85092E-6 4.25987E-6 7.03462E-6 5.30452E-6 5.26614E-6 1.33941E-6 4.82688E-6 5.66885E-7 5.0865E-7 4.53798E-7 2.1969E-6 2.62964E-6 2.34599E-6 2.47793E-6 1.89959E-6 5.38538E-7 4.65029E-7 3.46679E-7 2.56486E-7 4.29772E-7 8.75837E-7 1.21547E-6 8.20934E-7 3.02141E-7 3.60089E-7 7.29115E-7 1.23909E-6 6.46028E-6 7.68984E-6 5.51422E-5 5.38805E-5
-9999 -9999 -9999 -9999 -9999 -9999 -9999 -9999 -9999 -9999 -9999 -9999 -9999 -9999 -9999 -9999 -9999 -9999 -9999 -9999 -9999 -9999 -9999 -9999 -9999 -9999 4.50306E-5 2.02007E-5 1.29712E-5 1.75634E-5 8.42813E-6 5.32112E-6 9.75893E-6 4.95654E-6 4.60354E-6 3.64013E-6 2.88984E-6 7.36426E-7 7.28863E-7 7.27302E-7 6.11823E-7 5.16017E-7 4.41615E-7 3.6355E-7 6.84459E-7 2.69063E-6 2.50232E-6 2.40137E-6 2.0418E-6 1.68068E-6 8.6896E-7 9.05561E-7 1.53783E-6 4.21068E-6 1.25827E-6 5.33829E-7 4.09512E-7 3.4657E-7 6.89499E-7 1.12977E-6 1.67689E-6 6.93481E-6 9.94301E-6 6.82307E-5 -9999
-9999 -9999 -9999 -9999 -9999 -9999 -9999 -9999 -9999 -9999 -9999 -9999 -9999 -9999 -9999 -9999 -9999 -9999 -9999 -9999 -9999 -9999 -9999 -9999 -9999 -9999 5.28453E-5 2.32212E-5 1.4251E-5 2.73883E-6 3.59146E-6 3.8246E-6 3.55304E-6 4.78993E-6 8.20561E-6 1.28156E-6 8.83681E-7 2.14224E-6 7.31188E-7 7.37744E-7 6.27551E-7 4.6351E-7 4.2836E-7 3.50309E-7 3.13938E-7 2.04715E-6 2.28316E-6 2.10311E-6 1.87825E-6 1.13942E-6 8.55043E-7 8.8988E-7 8.61784E-7 2.35256E-6 2.74019E-6 4.00557E-6 3.16598E-6 5.67632E-7 9.95381E-7 1.00994E-5 9.44083E-6 8.49957E-6 1.5294E-5 -9999 -9999
-9999 -9999 -9999 -9999 -9999 -9999 -9999 -9999 -9999 -9999 -9999 -9999 -9999 -9999 -9999 -9999 -9999 -9999 -9999 -9999 -9999 -9999 -9999 -9999 -9999 -9999 -9999 5.89792E-5 1.4602E-5 4.79272E-6 2.57229E-6 2.52719E-6 3.04926E-6 2.9772E-6 2.32796E-6 7.91533E-7 8.64368E-7 7.29711E-7 5.9367E-7 6.95647E-7 5.11791E-7 4.00207E-7 3.76952E-7 4.45889E-7 5.20134E-7 1.85334E-6 6.96497E-7 1.72105E-6 2.00164E-6 3.61122E-6 8.5361E-7 8.78977E-7 8.23791E-7 9.3422E-7 2.21242E-6 1.25609E-6 1.30952E-6 3.78754E-6 2.11744E-6 9.53577E-6 5.03337E-5 6.23032E-6 1.83833E-5 -9999 -9999
-9999 -9999 -9999 -9999 -9999 -9999 -9999 -9999 -9999 -9999 -9999 -9999 -9999 -9999 -9999 -9999 -9999 -9999 -9999 -9999 -9999 -9999 -9999 -9999 -9999 -9999 -9999 -9999 1.58199E-5 1.55067E-5 2.00022E-5 5.95516E-6 1.9396E-5 7.55499E-6 3.53091E-6 1.31707E-6 7.44473E-7 5.285E-7 5.53211E-7 1.28627E-6 5.17971E-7 3.80949E-7 4.18542E-7 1.78914E-6 1.70245E-6 1.60751E-6 3.07605E-6 4.64651E-7 4.99425E-7 5.91272E-7 4.15255E-7 4.69723E-7 6.01826E-7 1.13942E-6 1.53619E-6 3.36893E-6 2.58345E-6 4.50735E-6 3.36817E-6 1.56031E-5 6.92344E-5 8.96551E-5 -9999 -9999 -9999
-9999 -9999 -9999 -9999 -9999 -9999 -9999 -9999 -9999 -9999 -9999 -9999 -9999 -9999 -9999 -9999 -9999 -9999 -9999 -9999 -9999 -9999 -9999 -9999 -9999 -9999 -9999 -9999 -9999 3.18616E-5 1.34256E-4 1.25037E-4 4.13196E-5 6.05883E-6 2.89164E-6 7.80122E-7 6.82094E-7 6.03634E-7 2.7326E-6 2.95417E-6 1.06857E-6 3.57839E-7 3.5054E-7 1.90951E-6 2.64312E-6 1.66331E-6 1.23485E-6 5.53897E-7 5.47134E-7 3.14976E-7 2.73607E-7 2.7579E-7 2.8465E-7 9.02515E-7 9.42278E-7 1.0258E-6 2.11196E-6 1.14118E-6 5.00465E-6 4.2768E-5 6.05795E-5 1.60183E-4 -9999 -9999 -9999
-9999 -9999 -9999 -9999 -9999 -9999 -9999 -9999 -9999 -9999 -9999 -9999 -9999 -9999 -9999 -9999 -9999 -9999 -9999 -9999 -9999 -9999 -9999 -9999 -9999 -9999 -9999 -9999 -9999 -9999 9.86058E-5 3.68187E-5 6.7572E-5 7.94307E-6 5.07546E-6 1.07468E-6 1.50538E-6 3.05569E-6 4.64973E-6 3.22113E-6 3.02846E-6 2.34839E-6 2.13732E-6 1.82868E-6 1.77643E-6 2.00101E-6 1.61048E-6 3.00685E-6 3.89158E-6 3.04636E-7 2.74751E-7 2.56178E-7 2.5535E-7 9.4018E-7 3.02536E-6 8.60237E-7 2.76793E-6 1.55875E-6 3.94706E-6 5.96409E-6 7.84974E-6 2.16829E-5 -9999 -9999 -9999
-9999 -9999 -9999 -9999 -9999 -9999 -9999 -9999 -9999 -9999 -9999 -9999 -9999 -9999 -9999 -9999 -9999 -9999 -9999 -9999 -9999 -9999 -9999 -9999 -9999 -9999 -9999 -9999 -9999 -9999 -9999 -9999 4.39884E-5 6.69221E-6 8.69533E-6 4.25317E-6 2.0548E-6 1.35306E-6 5.12854E-6 4.78911E-6 4.54297E-6 1.14241E-5 3.06106E-6 2.40525E-6 1.87674E-6 1.58445E-6 3.75218E-7 4.72403E-7 1.57347E-6 3.52665E-7 1.30275E-6 7.37121E-7 1.13622E-6 1.11047E-6 9.98292E-7 1.1809E-6 1.42451E-6 1.63554E-6 2.07894E-6 2.28976E-6 2.83741E-6 5.53983E-6 -9999 -9999 -9999
-9999 -9999 -9999 -9999 -9999 -9999 -9999 -9999 -9999 -9999 -9999 -9999 -9999 -9999 -9999 -9999 -9999 -9999 -9999 -9999 -9999 -9999 -9999 -9999 -9999 -9999 -9999 -9999 -9999 -9999 -9999 -9999 -9999 -9999 4.08131E-5 1.77757E-5 6.60726E-6 6.07289E-6 7.28789E-6 4.95882E-6 5.0846E-6 4.9277E-6 5.86785E-6 4.05248E-6 1.12237E-6 4.29813E-7 4.28259E-7 4.15766E-7 3.88151E-7 1.36813E-6 1.25829E-6 1.48132E-6 1.07081E-6 1.06117E-6 1.15592E-6 1.32078E-6 1.83456E-6 2.03759E-6 2.17099E-6 2.64348E-6 3.0114E-6 3.07544E-6 9.20754E-6 -9999 -9999
