catData/rasterBestHybridModels/Pviverrinus/RD_RM1_H/Pviverrinus_median.asc
ncols         409
nrows         350
xllcorner     60.897278365
yllcorner     5.843756025
cellsize      0.0892857
NODATA_value  -9999
[rows 203 to 231 of 350, columns 198 to 263 of 409]
1.88528E-5 6.57802E-6 9.71868E-6 5.20598E-6 1.9844E-6 3.64331E-6 9.07984E-6 3.59193E-6 2.76102E-6 2.87765E-6 2.86664E-6 5.31312E-7 6.63838E-7 3.10795E-7 1.89521E-7 1.77663E-7 3.57836E-7 5.22744E-7 2.9802E-7 3.04384E-7 2.66514E-6 3.52349E-6 3.44717E-6 2.68128E-6 1.10443E-6 8.79331E-7 5.23206E-6 5.14643E-6 4.47592E-6 1.25212E-5 1.29694E-5 4.85343E-6 1.22331E-5 6.97853E-5 1.00487E-5 7.21556E-6 1.07734E-5 8.24515E-6 8.23389E-6 3.81023E-5 4.21132E-5 4.0898E-5 1.4508E-5 1.5747E-5 1.45397E-5 6.14157E-5 2.88068E-5 6.01631E-6 2.09523E-5 1.78962E-5 2.15854E-5 3.17432E-5 4.05965E-5 6.81014E-5 2.31218E-4 1.72914E-5 7.47139E-6 4.33931E-5 1.73732E-4 3.43466E-4 2.25432E-4 2.15599E-4 2.1569E-4 2.1225E-4 1.65498E-4 2.86557E-4
3.88105E-6 4.38594E-6 4.6103E-6 1.90325E-5 6.16872E-6 1.56532E-5 2.69329E-6 2.94355E-6 6.87401E-6 2.64087E-6 2.08716E-6 4.25455E-7 5.31922E-7 5.48819E-7 1.60896E-7 2.34377E-7 2.44203E-7 4.50292E-7 1.63268E-6 2.52901E-7 3.01546E-7 5.78895E-7 2.72721E-6 5.29504E-7 1.48237E-6 2.69634E-6 5.23309E-6 7.76569E-6 1.19404E-5 1.56336E-5 3.44084E-6 5.02582E-6 8.06872E-6 2.56917E-5 1.90297E-5 4.78636E-5 6.21948E-5 3.87955E-5 4.02647E-5 4.08502E-5 7.86283E-5 1.60374E-5 1.19594E-5 1.38105E-5 4.89796E-5 4.2183E-6 6.99779E-6 6.13706E-6 1.69E-5 2.04333E-5 2.30266E-5 2.45964E-5 5.47031E-5 2.79392E-4 8.73275E-5 1.4208E-4 2.27248E-4 2.93201E-5 2.6794E-4 6.9536E-5 3.21396E-4 2.99008E-4 2.89639E-4 2.87808E-4 3.10466E-4 2.82936E-4
4.80015E-6 4.10703E-6 4.21512E-6 1.66907E-5 1.79864E-5 1.52894E-5 2.21112E-5 9.10861E-6 4.35253E-6 3.48627E-6 3.84486E-6 4.49629E-7 4.22617E-7 4.87906E-7 2.40724E-7 2.14695E-7 2.35587E-7 2.43376E-7 2.92237E-7 3.09992E-7 1.39317E-6 7.05473E-7 3.90335E-7 6.64446E-7 5.46909E-7 5.66937E-6 2.69111E-6 8.03121E-6 1.20433E-5 1.12188E-5 2.35974E-5 2.15151E-5 3.92876E-5 2.40735E-5 3.04728E-5 2.8324E-5 2.54828E-5 1.96474E-5 4.55286E-5 5.90265E-5 7.29296E-5 7.49376E-5 1.41959E-5 1.29426E-5 2.9164E-5 4.66054E-6 4.48204E-6 5.89755E-6 6.23039E-6 1.975E-5 2.32384E-5 2.14805E-4 2.57502E-4 3.34129E-5 2.22624E-5 4.54535E-5 9.69278E-5 4.36829E-5 2.13532E-4 1.51923E-4 7.46978E-5 2.51264E-4 9.38733E-5 1.85237E-4 2.51117E-4 2.41524E-4
3.43057E-6 4.11721E-6 5.74742E-6 1.48923E-5 5.81517E-6 4.05226E-6 6.30468E-6 3.48542E-6 1.16976E-5 1.16519E-5 3.86394E-6 1.74977E-6 7.09705E-7 8.62127E-7 4.15848E-7 2.78509E-7 1.75315E-7 2.15556E-7 2.35819E-7 3.25456E-7 4.02153E-7 1.77284E-6 3.13905E-7 3.57991E-7 1.79808E-6 4.63117E-6 5.74582E-6 9.20668E-6 1.40642E-5 1.00498E-5 2.25495E-5 2.61799E-5 8.76729E-6 1.36141E-5 1.27859E-5 1.82462E-5 1.1547E-5 1.18258E-5 4.45931E-5 4.19385E-5 1.92344E-5 8.86433E-5 9.508E-5 1.23937E-5 2.33407E-5 7.31245E-6 7.23393E-6 7.37302E-6 8.31241E-6 3.25124E-5 1.43458E-4 7.71055E-5 1.33183E-4 6.44769E-5 1.60822E-5 4.02015E-5 7.93154E-5 2.27873E-4 7.44815E-5 2.31077E-4 1.5484E-4 2.56169E-4 2.83559E-4 2.44147E-4 2.01572E-4 -9999
2.62235E-6 3.8619E-6 1.10657E-5 3.6085E-6 3.15154E-6 3.39405E-6 4.26925E-6 1.44811E-5 9.10566E-6 6.38424E-6 3.31942E-6 3.06619E-6 1.42606E-6 7.35644E-7 3.60625E-7 2.61259E-7 1.37499E-7 3.02684E-7 2.16341E-7 4.67534E-7 1.48476E-7 6.1991E-7 3.67213E-7 9.61014E-7 4.95366E-7 5.39559E-7 6.25437E-7 5.47745E-6 1.15249E-5 1.92364E-5 2.6448E-5 2.65682E-5 2.51319E-6 6.58673E-6 7.32352E-6 6.36961E-6 3.81292E-6 3.94809E-6 2.35906E-5 1.44019E-5 2.44734E-5 9.3287E-5 3.34456E-5 2.65338E-5 4.78521E-6 5.79739E-6 5.95116E-6 3.10069E-5 1.33419E-5 3.65022E-5 1.50597E-4 1.61313E-4 1.07869E-4 5.60131E-5 1.56365E-5 1.6091E-5 1.71327E-5 9.70248E-5 7.73395E-5 1.86615E-4 9.75992E-5 1.03911E-4 4.50267E-5 1.8892E-4 -9999 -9999
8.36172E-6 4.17153E-6 3.49774E-6 2.95706E-6 2.94745E-6 5.26004E-6 5.53526E-6 5.46142E-6 5.25745E-6 1.95053E-5 2.65497E-6 1.86839E-6 6.11458E-7 3.04434E-7 6.60569E-7 7.51755E-7 4.3564E-7 1.52332E-7 2.65958E-7 2.35158E-7 1.34051E-7 1.60143E-7 2.09843E-6 3.88032E-6 3.30695E-6 3.44807E-7 3.30089E-7 5.86387E-7 5.244E-6 1.91616E-6 1.43384E-5 6.21349E-6 1.27746E-6 5.64217E-6 6.54073E-6 6.43542E-6 8.43304E-6 2.00671E-5 3.03452E-5 1.87054E-5 2.00644E-5 2.55955E-5 2.08048E-5 1.60587E-5 7.75542E-6 3.82657E-6 1.14433E-5 2.49695E-5 3.47894E-5 3.97562E-5 8.68493E-5 8.77523E-5 9.62015E-5 7.07653E-5 7.25766E-5 2.62746E-5 6.01449E-5 7.42931E-5 5.57749E-5 1.00488E-4 6.3708E-5 4.65678E-5 2.41461E-4 -9999 -9999 -9999
3.17104E-6 2.59301E-6 3.13627E-6 3.18086E-6 2.75721E-6 4.70804E-6 6.20857E-6 4.124E-6 2.04842E-5 3.6992E-6 9.78995E-6 8.39462E-6 1.27717E-6 7.68573E-7 1.11595E-6 1.06063E-6 2.39839E-7 1.90087E-7 8.11615E-7 2.08144E-7 2.39561E-7 1.05835E-7 2.7495E-7 1.75693E-6 3.59229E-6 6.03814E-7 2.07202E-6 4.81534E-7 5.75041E-7 9.09427E-7 1.09546E-5 1.26427E-5 1.36015E-6 3.27621E-6 5.8038E-6 7.0807E-6 1.31212E-5 3.72174E-5 2.28852E-5 1.90414E-5 2.22807E-5 2.33352E-5 2.15198E-5 6.05299E-6 2.78364E-6 3.18015E-6 1.06861E-5 8.93319E-6 2.55699E-5 3.52999E-5 3.18976E-5 1.90208E-4 1.18102E-4 7.10186E-5 8.54135E-5 1.07979E-4 9.30756E-5 7.11761E-5 1.19539E-4 1.58094E-4 9.7024E-5 4.39223E-4 -9999 -9999 -9999 -9999
5.024E-6 6.34201E-6 4.3714E-6 2.41038E-6 1.65307E-6 2.77136E-6 3.30383E-6 3.7284E-6 2.16751E-5 6.16627E-6 2.06661E-5 1.62822E-5 3.73939E-6 2.80321E-6 3.97983E-6 5.5153E-7 3.48108E-7 2.31828E-7 1.27195E-7 2.59569E-7 2.40046E-7 4.21827E-7 2.28518E-7 7.92637E-7 6.98257E-7 2.19813E-6 1.26666E-6 1.89631E-6 1.43558E-6 2.03794E-6 1.45232E-5 3.34716E-6 6.73574E-6 3.83519E-6 1.4393E-6 3.63202E-6 9.87083E-6 1.65932E-5 1.47328E-5 1.5867E-5 2.99139E-5 2.42396E-5 1.77702E-5 6.18278E-6 2.50594E-6 2.63364E-6 1.14148E-5 1.53352E-5 1.76122E-5 1.14638E-5 9.34167E-6 5.02116E-5 5.49789E-5 2.12144E-5 1.69003E-5 1.87587E-5 4.54654E-5 8.33129E-5 1.12041E-4 1.06483E-4 1.34337E-4 -9999 -9999 -9999 -9999 -9999
6.28922E-6 1.31999E-5 2.57552E-5 4.40499E-6 3.10044E-6 2.49452E-6 3.25046E-6 3.52524E-6 4.71801E-6 2.66749E-5 1.67443E-5 2.22785E-5 3.9735E-6 3.53432E-6 8.89398E-7 8.74049E-7 6.5238E-7 7.42673E-7 1.92807E-7 2.53406E-7 2.52367E-6 4.42237E-7 4.09305E-7 1.95715E-7 3.34848E-7 1.83447E-6 1.79951E-6 2.04781E-6 5.93336E-7 7.32566E-7 7.26173E-7 7.21356E-7 1.17173E-6 6.4225E-6 3.71136E-6 1.08063E-5 1.21793E-5 1.13501E-5 9.7399E-6 2.69375E-5 2.73524E-5 7.90636E-6 1.53493E-5 1.53418E-6 1.30741E-6 1.11494E-5 1.16552E-5 1.12933E-5 1.30831E-5 8.50703E-6 1.17555E-5 7.64494E-5 1.11538E-4 7.92531E-5 2.2448E-5 1.5874E-5 3.24642E-5 5.59871E-5 2.12498E-4 3.85493E-4 -9999 -9999 -9999 -9999 -9999 -9999
6.59225E-6 6.70517E-6 6.46846E-6 5.07711E-6 3.98359E-6 2.81902E-6 3.56212E-6 4.22811E-6 4.05381E-6 4.75179E-6 1.67943E-5 2.77975E-5 5.00722E-6 4.23904E-6 1.92076E-6 1.6423E-6 1.42667E-6 9.57992E-7 2.91296E-7 1.60477E-6 7.02503E-7 5.79511E-7 4.72641E-7 6.01689E-7 4.46005E-7 6.29522E-7 7.68198E-7 1.11684E-6 5.22809E-7 5.17229E-7 4.9877E-7 4.55435E-7 5.16837E-7 1.08531E-6 1.25871E-6 6.45808E-6 5.66726E-6 1.86105E-5 4.96744E-6 9.40633E-6 1.68129E-5 7.0745E-6 7.03818E-6 6.02271E-6 5.60348E-6 8.42028E-6 1.33785E-5 1.64835E-5 8.10548E-6 7.3507E-6 4.311E-5 1.22923E-4 1.57408E-5 3.99771E-5 2.14364E-5 4.1767E-5 4.96021E-5 5.41741E-5 -9999 -9999 -9999 -9999 -9999 -9999 -9999 -9999
7.46168E-6 6.74024E-6 6.49015E-6 5.8394E-6 4.61531E-6 4.25475E-6 4.69325E-6 4.32397E-6 4.37565E-6 4.25818E-6 6.40244E-6 2.71701E-5 4.5571E-6 4.75809E-6 2.75829E-6 2.55698E-6 5.39603E-7 4.39945E-7 2.63833E-7 3.53865E-7 1.16496E-6 1.04853E-6 1.12566E-6 9.45981E-7 1.45214E-6 5.61306E-7 6.73682E-7 5.45003E-7 7.95276E-7 7.3136E-7 5.54848E-7 3.72953E-7 5.39891E-7 8.75817E-7 1.70937E-6 2.38607E-6 1.89497E-5 5.37513E-6 2.09493E-5 1.33315E-5 9.94032E-6 8.25852E-6 1.22522E-5 3.84563E-6 4.63407E-6 7.51356E-6 2.02782E-5 2.21288E-5 1.23189E-5 2.55724E-4 1.26584E-4 7.22107E-5 6.50779E-5 3.06621E-5 1.04175E-4 1.94841E-4 -9999 -9999 -9999 -9999 -9999 -9999 -9999 -9999 -9999 -9999
8.68979E-6 8.47202E-6 3.9257E-6 3.91076E-6 4.08846E-6 3.35746E-6 3.54843E-6 4.53377E-6 4.27408E-6 3.91572E-6 4.20152E-6 4.00323E-6 4.84285E-6 5.19393E-6 6.368E-6 2.40896E-6 4.1386E-7 3.1178E-7 4.07073E-7 3.35055E-7 3.08637E-7 5.77675E-7 6.88565E-6 5.03816E-6 3.38143E-6 2.52878E-6 1.02202E-6 4.26393E-7 2.95157E-6 6.84854E-6 5.46141E-7 3.386E-7 5.92884E-7 1.38086E-6 1.52245E-6 1.37508E-5 1.40772E-5 5.31078E-6 8.51885E-6 7.0641E-6 4.09865E-6 5.34881E-6 8.948E-6 7.85809E-6 6.77157E-6 9.58147E-6 7.70929E-5 1.70792E-4 1.37569E-4 7.97705E-5 1.92372E-5 8.6963E-5 9.83302E-5 2.63549E-5 4.44889E-5 -9999 -9999 -9999 -9999 -9999 -9999 -9999 -9999 -9999 -9999 -9999
9.15949E-6 8.29222E-6 5.1272E-6 5.00759E-6 4.5294E-6 4.17178E-6 4.31555E-6 4.56849E-6 4.23099E-6 4.28505E-6 3.7303E-6 4.22295E-6 4.55731E-6 5.29218E-6 1.43842E-5 3.42327E-6 3.52955E-7 3.81523E-7 9.4464E-7 5.06117E-7 2.71926E-7 1.01666E-6 2.24048E-6 4.34333E-6 3.47666E-6 3.43102E-6 1.21207E-6 4.6533E-7 8.7346E-7 9.29968E-7 5.92301E-7 3.84589E-7 5.21272E-7 1.08074E-6 1.39623E-5 7.29026E-6 4.71985E-6 3.30674E-6 4.60045E-6 3.81873E-6 5.49537E-6 4.54256E-6 7.22768E-6 1.08154E-5 1.29508E-5 1.79544E-5 1.27913E-4 8.19227E-5 8.7511E-5 9.82665E-5 1.03758E-4 9.73391E-5 5.39363E-5 1.34325E-4 -9999 -9999 -9999 -9999 -9999 -9999 -9999 -9999 -9999 -9999 -9999 -9999
1.02315E-5 8.70525E-6 4.0375E-6 3.6817E-6 3.84257E-6 4.70728E-6 4.63245E-6 3.10201E-6 2.93248E-6 3.75976E-6 3.87462E-6 4.20533E-6 5.13701E-6 5.34308E-6 4.72827E-6 3.15305E-6 1.3816E-6 8.63775E-7 8.9296E-7 9.88705E-7 3.56253E-7 2.82095E-7 3.45994E-7 8.54508E-7 2.97743E-6 2.63334E-6 1.19533E-6 1.62761E-6 7.02187E-7 4.85725E-7 4.6486E-7 2.8626E-7 4.4478E-7 7.5073E-6 7.81613E-6 3.14993E-6 2.97306E-6 4.19886E-6 6.18705E-6 5.22415E-6 6.68477E-6 6.91755E-6 7.20705E-6 8.19215E-6 3.44579E-5 1.73336E-4 1.27865E-4 3.03755E-5 8.24717E-5 1.03251E-4 5.19703E-5 7.84566E-5 1.55275E-4 1.15578E-4 -9999 -9999 -9999 -9999 -9999 -9999 -9999 -9999 -9999 -9999 -9999 -9999
9.29682E-6 2.07681E-5 2.44005E-6 2.02616E-6 3.85652E-6 3.92768E-6 3.67406E-6 2.78235E-6 2.27603E-6 2.99672E-6 3.66636E-6 3.78079E-6 3.92082E-6 5.72922E-6 4.47376E-6 4.27795E-6 4.42717E-6 1.22968E-6 9.80593E-7 8.29507E-6 4.15163E-6 1.41446E-6 5.64066E-6 2.75062E-6 6.442E-7 8.37032E-7 2.76857E-6 3.44082E-6 1.66348E-6 2.53305E-6 1.2211E-6 3.63537E-7 1.87935E-6 9.41563E-6 4.96382E-6 4.16912E-6 3.56706E-6 4.71179E-6 1.14652E-5 8.56471E-6 1.11451E-5 9.61003E-6 2.84482E-5 1.63154E-4 1.68898E-4 9.31722E-5 8.40561E-5 1.2446E-4 1.07173E-4 1.20008E-4 4.79214E-5 3.26438E-4 2.4776E-4 -9999 -9999 -9999 -9999 -9999 -9999 -9999 -9999 -9999 -9999 -9999 -9999 -9999
9.33012E-6 1.73607E-5 5.38961E-6 4.33516E-6 3.38768E-6 2.954E-6 2.74912E-6 1.85805E-6 1.6009E-6 2.62081E-6 3.02406E-6 3.35863E-6 3.59893E-6 4.87418E-6 3.89881E-6 4.10556E-6 4.44874E-6 7.80964E-7 2.29037E-6 4.58342E-6 4.09782E-6 1.2908E-6 5.78418E-6 5.521E-6 5.38255E-7 4.69354E-7 1.15248E-6 1.36433E-6 1.35558E-6 1.15523E-6 5.13916E-7 3.45883E-6 1.62204E-5 7.10998E-6 5.43094E-6 4.96285E-6 6.72274E-6 9.52045E-6 1.87196E-5 1.56333E-5 2.51652E-5 1.52183E-5 3.45075E-5 1.01132E-4 1.45966E-4 1.07772E-4 1.21507E-4 1.11395E-4 1.06129E-4 1.30405E-4 -9999 -9999 -9999 -9999 -9999 -9999 -9999 -9999 -9999 -9999 -9999 -9999 -9999 -9999 -9999 -9999
1.83855E-5 3.85778E-5 1.03702E-5 1.16696E-5 3.15511E-6 2.5332E-6 1.53124E-6 1.39968E-6 2.01585E-6 2.64018E-6 3.04188E-6 3.15976E-6 3.38868E-6 3.43397E-6 3.42008E-6 3.79725E-6 4.03469E-6 7.20185E-6 2.73833E-6 3.46289E-6 3.03988E-6 2.42579E-6 3.39905E-6 5.23099E-6 6.58027E-7 9.90912E-7 1.124E-5 1.44769E-5 1.406E-6 4.95934E-7 6.90988E-7 2.66003E-6 1.58982E-5 1.46338E-5 7.03548E-6 9.02715E-6 1.70231E-5 1.56911E-5 2.40129E-5 1.93655E-5 2.67785E-5 2.0158E-5 1.31501E-4 8.58974E-5 1.0753E-4 1.4736E-4 1.37405E-4 1.03242E-4 1.83824E-4 -9999 -9999 -9999 -9999 -9999 -9999 -9999 -9999 -9999 -9999 -9999 -9999 -9999 -9999 -9999 -9999 -9999
8.30322E-6 4.13037E-5 8.62581E-6 1.48218E-5 3.17991E-6 1.37207E-6 1.60886E-6 4.53179E-6 1.90531E-6 2.37783E-6 2.65691E-6 2.74717E-6 2.60935E-6 2.9262E-6 3.22283E-6 3.21617E-6 4.38899E-6 2.11269E-5 3.63498E-6 3.56561E-6 1.70275E-6 7.8562E-7 2.07547E-6 5.34927E-6 1.54237E-6 1.95524E-6 1.38339E-5 1.43345E-5 7.64174E-6 3.08301E-6 7.14963E-6 1.87603E-5 2.00067E-5 9.28511E-6 2.85379E-5 2.37794E-5 1.03089E-5 3.78939E-6 2.0343E-5 2.19918E-5 2.46708E-5 1.11112E-4 9.54215E-5 1.68603E-4 1.27197E-4 1.06912E-4 7.31415E-5 -9999 -9999 -9999 -9999 -9999 -9999 -9999 -9999 -9999 -9999 -9999 -9999 -9999 -9999 -9999 -9999 -9999 -9999 -9999
5.59108E-6 5.07467E-6 4.13889E-6 5.38316E-6 2.36064E-6 2.49857E-6 2.49243E-6 2.72728E-6 1.99067E-6 2.27032E-6 2.40996E-6 2.52348E-6 2.23617E-6 2.57772E-6 2.7577E-6 2.70793E-6 3.02114E-6 5.46968E-6 5.41629E-6 4.91918E-6 2.467E-6 2.36863E-6 2.10424E-6 3.11297E-6 1.46893E-5 6.89879E-6 2.73327E-6 2.49659E-6 1.78853E-6 6.79424E-6 5.98686E-6 3.50323E-5 2.49959E-5 2.20291E-5 1.14306E-5 1.40459E-5 3.00507E-6 2.73435E-6 1.22146E-5 1.49675E-4 1.65466E-4 2.02975E-4 1.14432E-4 1.27688E-4 1.29714E-4 1.16648E-4 -9999 -9999 -9999 -9999 -9999 -9999 -9999 -9999 -9999 -9999 -9999 -9999 -9999 -9999 -9999 -9999 -9999 -9999 -9999 -9999
7.20296E-6 2.89781E-5 4.54679E-6 8.05983E-6 2.89363E-6 3.05135E-6 2.36001E-6 2.70876E-6 2.35421E-6 2.60283E-6 3.64154E-6 3.13209E-6 2.34116E-6 2.2133E-6 3.34956E-6 2.02136E-6 5.6451E-6 3.40945E-6 4.4989E-6 4.28959E-6 5.94996E-6 6.05547E-6 8.51796E-6 1.93365E-5 2.81294E-5 1.82512E-5 3.15965E-6 2.67956E-6 1.91063E-6 2.34659E-6 2.72909E-6 2.84396E-6 3.64245E-6 4.10293E-6 2.2119E-5 6.63345E-6 1.83865E-5 6.13149E-5 2.76708E-5 3.45842E-5 7.86004E-5 9.0416E-5 4.97177E-5 3.00468E-4 -9999 -9999 -9999 -9999 -9999 -9999 -9999 -9999 -9999 -9999 -9999 -9999 -9999 -9999 -9999 -9999 -9999 -9999 -9999 -9999 -9999 -9999
2.47517E-5 1.3525E-5 3.74221E-6 9.7703E-7 6.44724E-7 1.56922E-6 7.26553E-6 2.18504E-6 3.86136E-6 3.63149E-6 2.58716E-6 3.73704E-6 2.54311E-6 2.16673E-6 3.50769E-6 1.29222E-5 1.48331E-5 1.87141E-5 3.46361E-6 1.7526E-5 1.5717E-5 7.08923E-6 6.86138E-6 1.23824E-5 2.26529E-5 1.43368E-5 8.7286E-6 1.17618E-5 5.40462E-6 1.28479E-5 1.75076E-5 4.24577E-5 2.66586E-5 3.03388E-5 1.25823E-4 3.19757E-5 4.52894E-5 7.38489E-5 3.11749E-5 3.36448E-5 2.50806E-4 3.89142E-4 1.93361E-4 -9999 -9999 -9999 -9999 -9999 -9999 -9999 -9999 -9999 -9999 -9999 -9999 -9999 -9999 -9999 -9999 -9999 -9999 -9999 -9999 -9999 -9999 -9999
8.62132E-6 2.37357E-6 1.98426E-6 1.25385E-6 1.1915E-6 9.78997E-7 2.37293E-6 8.58111E-6 5.35505E-6 1.32638E-6 1.85145E-6 3.22613E-6 2.37718E-6 2.50172E-6 2.32096E-5 2.40229E-5 2.00869E-5 1.25922E-5 4.78667E-6 2.81081E-6 3.7954E-6 4.32218E-6 5.79062E-6 5.7353E-6 1.4E-5 4.89931E-6 5.88981E-6 1.17735E-5 5.90729E-6 6.65181E-6 2.26986E-5 2.0432E-5 1.70021E-5 1.32427E-5 6.61014E-5 1.29877E-4 5.20802E-5 6.80934E-5 4.1806E-5 3.75026E-5 1.84085E-4 4.46045E-4 -9999 -9999 -9999 -9999 -9999 -9999 -9999 -9999 -9999 -9999 -9999 -9999 -9999 -9999 -9999 -9999 -9999 -9999 -9999 -9999 -9999 -9999 -9999 -9999
3.91826E-6 2.9644E-6 1.29667E-6 8.78393E-7 1.15506E-6 2.85204E-6 3.19654E-6 8.89684E-6 1.66318E-6 1.27304E-6 2.83451E-6 2.07901E-5 4.77861E-6 2.24952E-5 2.42795E-5 2.02266E-5 1.07576E-5 1.10289E-5 7.28353E-6 3.08144E-6 2.84787E-6 3.31126E-6 5.0501E-6 5.00652E-6 6.6664E-6 9.14932E-6 8.20882E-6 8.203E-6 1.41693E-5 1.32182E-5 4.72897E-5 2.58463E-5 1.82535E-5 2.14689E-5 1.13814E-4 3.40029E-4 1.71012E-4 1.2427E-4 2.45131E-4 1.5038E-4 5.52821E-4 -9999 -9999 -9999 -9999 -9999 -9999 -9999 -9999 -9999 -9999 -9999 -9999 -9999 -9999 -9999 -9999 -9999 -9999 -9999 -9999 -9999 -9999 -9999 -9999 -9999
2.3657E-6 1.19976E-6 6.82162E-7 6.86648E-7 5.50984E-7 4.99788E-7 3.98093E-7 8.94883E-7 1.84841E-6 3.10846E-6 5.88573E-6 2.06112E-5 1.87847E-5 1.81154E-5 1.26491E-5 7.71629E-6 1.85378E-6 2.51769E-6 7.04435E-6 3.35182E-6 2.94009E-6 2.04415E-6 5.39798E-6 8.13135E-6 8.14048E-6 9.79591E-6 1.00465E-5 1.1532E-5 2.49228E-5 1.1936E-5 1.07061E-5 1.18037E-5 1.5005E-5 1.15582E-4 2.75141E-4 1.75077E-4 3.35081E-4 4.33476E-4 3.14103E-4 1.53527E-4 4.31527E-4 -9999 -9999 -9999 -9999 -9999 -9999 -9999 -9999 -9999 -9999 -9999 -9999 -9999 -9999 -9999 -9999 -9999 -9999 -9999 -9999 -9999 -9999 -9999 -9999 -9999
2.22546E-6 1.10269E-6 6.32536E-7 2.27916E-6 5.67121E-7 4.18585E-7 4.72486E-7 1.06721E-6 2.50612E-6 1.6734E-5 1.64045E-5 2.64036E-6 2.13515E-6 3.31248E-6 1.46095E-6 6.00916E-7 6.41962E-7 2.00587E-6 3.78045E-6 2.96519E-6 2.89258E-6 4.34896E-6 7.55032E-6 7.69751E-6 7.43887E-6 7.95206E-6 6.93225E-6 8.21047E-6 6.89515E-5 1.65611E-4 3.06948E-4 1.955E-4 9.12781E-5 1.75243E-4 3.56508E-4 2.96881E-4 2.15124E-4 4.19603E-4 3.27799E-4 1.86066E-4 4.34441E-4 7.25157E-4 -9999 -9999 -9999 -9999 -9999 -9999 -9999 -9999 -9999 -9999 -9999 -9999 -9999 -9999 -9999 -9999 -9999 -9999 -9999 -9999 -9999 -9999 -9999 -9999
1.02334E-6 6.19203E-7 1.70337E-6 1.81699E-6 1.71243E-6 7.0834E-7 8.4684E-7 1.23337E-6 1.27696E-6 8.94114E-7 5.64466E-7 5.17018E-7 1.05755E-6 2.5897E-6 8.3117E-7 4.7451E-7 4.78609E-7 1.52847E-6 1.19134E-6 2.79733E-6 4.27256E-6 6.90999E-6 5.67389E-6 5.58586E-6 6.69288E-6 6.61838E-6 7.50499E-6 4.19655E-5 2.70105E-4 3.54213E-4 3.59291E-4 3.56913E-4 9.88346E-5 1.09357E-4 2.37207E-4 4.17201E-4 4.53304E-4 5.69761E-4 6.33311E-4 8.26951E-4 6.77162E-4 1.7657E-4 -9999 -9999 -9999 -9999 -9999 -9999 -9999 -9999 -9999 -9999 -9999 -9999 -9999 -9999 -9999 -9999 -9999 -9999 -9999 -9999 -9999 -9999 -9999 -9999
1.04482E-6 1.26272E-6 6.08551E-7 5.51925E-7 3.32448E-7 7.67691E-7 8.3033E-7 3.68288E-6 1.07789E-6 6.81991E-7 1.15671E-6 1.23641E-6 1.43496E-6 1.96149E-6 1.15458E-6 3.20333E-7 9.91044E-7 1.88143E-6 2.88168E-6 3.38694E-6 3.49532E-6 5.88752E-6 5.87447E-6 5.97301E-6 5.89016E-6 7.51949E-6 1.08057E-4 2.78179E-4 2.81489E-4 1.07676E-4 3.83181E-4 3.24644E-4 1.00698E-4 1.16732E-4 3.88362E-4 4.42356E-4 6.11901E-4 6.56238E-4 8.75164E-4 7.75968E-4 5.80843E-4 3.8153E-4 -9999 -9999 -9999 -9999 -9999 -9999 -9999 -9999 -9999 -9999 -9999 -9999 -9999 -9999 -9999 -9999 -9999 -9999 -9999 -9999 -9999 -9999 -9999 -9999
1.25535E-6 1.12345E-6 7.99232E-7 5.50472E-7 4.67544E-7 3.93144E-7 8.58713E-7 6.70343E-6 2.41555E-6 1.41825E-6 7.48922E-6 6.6435E-6 7.29413E-6 1.17137E-5 4.99769E-6 2.40655E-6 3.51959E-6 2.552E-6 2.80042E-6 8.8188E-6 2.82013E-6 7.88857E-6 4.60461E-5 1.68862E-4 8.57424E-5 7.83802E-5 2.00402E-4 1.3809E-4 2.78369E-4 3.04635E-4 2.88657E-4 3.49863E-4 4.65332E-4 2.97046E-4 3.47388E-4 5.93783E-4 8.44256E-4 8.66722E-4 8.03395E-4 4.33427E-4 5.83241E-4 -9999 -9999 -9999 -9999 -9999 -9999 -9999 -9999 -9999 -9999 -9999 -9999 -9999 -9999 -9999 -9999 -9999 -9999 -9999 -9999 -9999 -9999 -9999 -9999 -9999
1.72378E-6 1.89698E-6 7.64874E-7 4.9542E-7 8.19342E-7 3.98595E-7 3.62345E-7 2.72612E-7 2.33417E-7 8.24026E-7 1.22134E-6 1.25142E-6 3.0024E-6 1.90879E-5 1.30051E-5 2.19821E-5 4.33644E-6 7.34187E-6 1.6146E-5 1.536E-5 1.5111E-5 7.7311E-6 1.56546E-5 3.13712E-5 3.36248E-5 3.08707E-5 1.24378E-4 1.71475E-4 6.67392E-5 1.27004E-4 2.11869E-4 3.4723E-4 3.50424E-4 2.17403E-4 4.29873E-4 4.87517E-4 7.64472E-4 3.53854E-4 3.46172E-4 -9999 -9999 -9999 -9999 -9999 -9999 -9999 -9999 -9999 -9999 -9999 -9999 -9999 -9999 -9999 -9999 -9999 -9999 -9999 -9999 -9999 -9999 -9999 -9999 -9999 -9999 -9999
