catData/rasterBestHybridModels/Pviverrinus/RD_RM1_H/Pviverrinus_stddev.asc
ncols         409
nrows         350
xllcorner     60.897278365
yllcorner     5.843756025
cellsize      0.0892857
NODATA_value  -9999
[rows 29 to 57 of 350, columns 130 to 194 of 409]
1.39115E-5 1.31042E-5 1.28591E-5 1.24812E-5 6.15203E-6 5.60193E-6 7.16187E-6 1.03999E-5 6.78843E-6 4.9586E-6 6.5554E-7 3.91481E-7 3.00217E-7 2.87914E-7 2.5483E-7 2.1199E-7 2.40908E-6 2.44697E-6 2.61258E-6 2.18018E-6 2.36779E-6 1.69662E-6 8.12212E-7 8.57556E-7 8.17778E-7 6.6932E-7 2.88623E-7 1.08389E-7 9.66714E-8 9.19732E-8 9.95481E-8 7.86791E-8 7.63933E-8 7.97975E-8 7.81716E-8 9.17975E-8 1.02413E-7 9.41139E-8 9.22579E-8 1.00128E-7 1.02063E-7 8.87341E-8 9.33217E-8 6.42936E-8 7.60788E-8 8.35677E-8 7.85049E-8 6.56046E-8 6.00287E-8 7.99542E-8 8.84344E-8 9.72667E-8 1.02844E-7 1.06525E-7 9.13846E-8 9.05698E-8 1.11317E-7 8.15954E-8 6.34627E-8 9.62876E-8 1.10096E-7 1.1113E-7 -9999 1.09658E-7 1.07341E-7
1.47555E-5 7.93058E-6 7.28945E-6 9.89478E-6 6.29973E-6 4.75392E-6 8.91225E-6 1.25279E-5 1.09549E-5 7.57875E-6 1.08727E-6 3.8342E-7 3.57323E-7 2.7799E-7 1.87542E-7 1.88466E-7 2.14484E-6 2.07581E-6 2.21784E-6 2.10304E-6 2.20326E-6 5.40665E-6 5.29527E-6 2.63869E-6 1.15861E-6 7.21268E-7 4.30433E-7 3.27875E-7 2.09821E-7 9.48398E-8 1.23917E-7 1.02075E-7 7.10026E-8 7.38929E-8 8.54881E-8 8.59728E-8 8.06737E-8 7.47216E-8 9.59304E-8 8.60188E-8 7.06521E-8 6.65847E-8 9.02681E-8 8.51507E-8 7.74373E-8 7.0951E-8 5.62089E-8 6.46722E-8 6.52521E-8 5.54818E-8 6.07409E-8 7.07534E-8 8.04375E-8 9.55231E-8 9.77835E-8 1.02869E-7 1.11332E-7 8.84986E-8 8.06765E-8 6.74511E-8 1.02863E-7 1.09997E-7 1.104E-7 1.10352E-7 1.07644E-7
1.94766E-5 1.10714E-5 9.10164E-6 1.94883E-5 1.4438E-5 1.78139E-5 1.89414E-5 1.21586E-5 7.81234E-6 6.67081E-6 6.01383E-6 5.70764E-7 3.2152E-7 2.73374E-7 2.10019E-7 1.93099E-7 2.47043E-7 2.13161E-6 2.1253E-6 2.23197E-6 4.0689E-6 5.4909E-6 5.41981E-6 3.26673E-6 2.5228E-6 2.85702E-6 2.62549E-6 4.77384E-7 2.90179E-7 3.34364E-7 3.28102E-7 2.98177E-7 1.94803E-7 9.41273E-8 7.53792E-8 6.6777E-8 6.61619E-8 7.17746E-8 1.11127E-7 7.70315E-8 6.24923E-8 6.25387E-8 6.28243E-8 6.35913E-8 6.52496E-8 6.28926E-8 5.99373E-8 5.85993E-8 6.24392E-8 6.19393E-8 6.26714E-8 5.65095E-8 5.30477E-8 5.83336E-8 6.83095E-8 8.91029E-8 9.23312E-8 9.64364E-8 9.71917E-8 7.28745E-8 7.64065E-8 8.42174E-8 9.51073E-8 1.10638E-7 1.08616E-7
1.38098E-5 3.13544E-5 2.39255E-5 2.2175E-5 2.64291E-5 2.69917E-5 1.45089E-5 9.62173E-6 7.41548E-6 7.13137E-6 4.3203E-6 5.14072E-7 3.05932E-7 1.93785E-7 1.78116E-7 1.85209E-7 1.99353E-7 2.00483E-7 4.36872E-7 1.59015E-6 2.77418E-6 4.823E-6 3.5101E-6 2.99739E-6 2.39263E-6 4.09166E-6 4.69476E-6 3.48867E-6 5.30309E-7 2.79374E-7 2.53472E-7 2.1946E-7 1.99399E-7 1.7214E-7 9.60913E-8 7.4384E-8 6.79499E-8 6.67763E-8 9.84766E-8 7.32401E-8 7.32879E-8 6.693E-8 6.62792E-8 7.32816E-8 6.66083E-8 6.77408E-8 6.5026E-8 6.12631E-8 5.87304E-8 6.00299E-8 6.17395E-8 5.72616E-8 5.50741E-8 5.73068E-8 5.37875E-8 5.68906E-8 5.94398E-8 6.81141E-8 9.41003E-8 9.38668E-8 1.09812E-7 1.10698E-7 9.52635E-8 9.28954E-8 1.08067E-7
1.31633E-5 2.14163E-5 2.73004E-5 2.40926E-5 2.47024E-5 2.71383E-5 1.91061E-5 1.08745E-5 7.72402E-6 7.38519E-6 4.66117E-6 4.8816E-7 2.70474E-7 2.52507E-7 2.60326E-7 2.30371E-7 3.40487E-7 7.06792E-7 7.77255E-7 2.31272E-6 2.64201E-6 3.23511E-6 3.08324E-6 2.93116E-6 2.96711E-6 1.03499E-5 1.56193E-5 4.39859E-6 8.5431E-6 1.70186E-6 2.72054E-7 2.69102E-7 2.15613E-7 1.87701E-7 1.01271E-7 8.68642E-8 7.08137E-8 7.17978E-8 9.31167E-8 7.53138E-8 7.5805E-8 7.33437E-8 7.44832E-8 7.83481E-8 8.03886E-8 7.85197E-8 8.42284E-8 7.87589E-8 6.37475E-8 5.93731E-8 6.87488E-8 6.42639E-8 5.51148E-8 5.57943E-8 5.7306E-8 5.69379E-8 5.46989E-8 5.42966E-8 6.64859E-8 9.66885E-8 1.10735E-7 1.08401E-7 8.66292E-8 7.72861E-8 1.08659E-7
1.21165E-5 2.1521E-5 1.94586E-5 2.54942E-5 3.35825E-5 3.08254E-5 2.09998E-5 1.3861E-5 7.55889E-6 7.39984E-6 6.73665E-6 3.46681E-6 3.3985E-7 2.55944E-7 2.49944E-7 4.79179E-7 8.55253E-7 7.61407E-7 8.7113E-7 9.25464E-7 1.38902E-6 1.01764E-6 1.88419E-6 2.68492E-6 3.94242E-6 5.2051E-6 6.73603E-6 1.09328E-5 7.97378E-6 2.93662E-6 5.13889E-7 3.77694E-7 2.40574E-7 1.50612E-7 1.14028E-7 9.48126E-8 7.84947E-8 6.80978E-8 7.52452E-8 7.98084E-8 7.05666E-8 7.11169E-8 6.74806E-8 6.85252E-8 7.94783E-8 8.10688E-8 7.76015E-8 8.17032E-8 7.33065E-8 6.66173E-8 6.76241E-8 6.29557E-8 5.66704E-8 5.81009E-8 6.92772E-8 7.62789E-8 5.9966E-8 5.51506E-8 5.34617E-8 6.74158E-8 9.86859E-8 1.11057E-7 9.78702E-8 8.74239E-8 1.053E-7
6.48675E-6 1.81696E-5 1.57255E-5 2.63432E-5 2.62715E-5 2.59884E-5 1.66919E-5 1.08297E-5 8.08231E-6 6.97366E-6 6.26306E-6 6.02595E-6 5.4461E-7 2.84092E-7 2.3348E-7 2.41471E-7 3.52821E-7 1.01545E-6 2.03765E-6 2.18888E-6 2.48806E-6 2.69279E-6 3.26475E-6 4.092E-6 4.00637E-6 2.80312E-6 5.46184E-6 4.69341E-6 2.99716E-6 3.10662E-6 1.10185E-6 3.88274E-7 1.77621E-7 1.31926E-7 1.27129E-7 9.63063E-8 9.10146E-8 8.15766E-8 8.29598E-8 8.78707E-8 7.25576E-8 8.04756E-8 7.11057E-8 7.38472E-8 8.43684E-8 8.33407E-8 6.38492E-8 6.65715E-8 6.98013E-8 6.40244E-8 5.99254E-8 5.68777E-8 5.65791E-8 5.79484E-8 6.2664E-8 7.99167E-8 7.92434E-8 6.31493E-8 5.29159E-8 5.80626E-8 8.68738E-8 1.11562E-7 1.10715E-7 1.07514E-7 1.07911E-7
4.73606E-6 8.41492E-6 1.65279E-5 2.40223E-5 2.09804E-5 1.96828E-5 1.35858E-5 1.47012E-5 1.58259E-5 8.65269E-6 6.40346E-6 7.97892E-6 4.53933E-7 2.55416E-7 2.3432E-7 2.41319E-7 2.50894E-7 1.22931E-6 1.96613E-6 2.10606E-6 2.04307E-6 2.60709E-6 2.91143E-6 3.63124E-6 5.44397E-6 5.29358E-6 5.22395E-6 5.17211E-6 3.1874E-6 3.61222E-6 2.08149E-6 2.61464E-6 2.10249E-6 1.40655E-7 1.44081E-7 1.13916E-7 1.0461E-7 1.01499E-7 9.22682E-8 8.66619E-8 8.35221E-8 8.25112E-8 7.87833E-8 7.59777E-8 7.84338E-8 8.48183E-8 7.05373E-8 6.0759E-8 6.00749E-8 5.95476E-8 6.6666E-8 6.6124E-8 5.88778E-8 6.30731E-8 6.77078E-8 6.60385E-8 8.11258E-8 7.88371E-8 5.80409E-8 5.48915E-8 7.00028E-8 1.03279E-7 1.12166E-7 1.11944E-7 1.1014E-7
5.30954E-6 8.73422E-6 1.53978E-5 3.59987E-5 2.30359E-5 2.62174E-5 3.10139E-5 2.35548E-5 2.87244E-5 2.05941E-5 9.07546E-6 9.07922E-6 1.88406E-6 2.93999E-7 2.27847E-7 2.68015E-7 7.57881E-7 1.60659E-6 1.89641E-6 6.61199E-7 5.43274E-7 6.98023E-7 2.57652E-6 2.71455E-6 4.07886E-6 5.9309E-6 5.98015E-6 5.27402E-6 3.97625E-6 3.84578E-6 3.3508E-6 4.44551E-6 2.9233E-6 2.0626E-7 1.50825E-7 1.56322E-7 1.23077E-7 1.26086E-7 9.67836E-8 8.86331E-8 9.28543E-8 -9999 -9999 7.65699E-8 6.73511E-8 7.50223E-8 7.17046E-8 6.85448E-8 6.48717E-8 6.13419E-8 7.45656E-8 8.00822E-8 6.58194E-8 6.18232E-8 7.53419E-8 7.71981E-8 1.00775E-7 9.46611E-8 6.25295E-8 6.07666E-8 6.43911E-8 7.42279E-8 1.11874E-7 1.1292E-7 1.12868E-7
7.01557E-6 9.30949E-6 1.11438E-5 2.6025E-5 2.52682E-5 3.57968E-5 5.2085E-5 3.2371E-5 3.09759E-5 3.04417E-5 2.01586E-5 1.78063E-5 2.94527E-6 6.09723E-7 7.13412E-7 6.40992E-7 3.74732E-6 2.56021E-6 1.6337E-6 5.78101E-7 5.42957E-7 5.88821E-7 2.42101E-6 2.63476E-6 3.14515E-6 5.51322E-6 6.01291E-6 4.06306E-6 3.93769E-6 4.0142E-6 3.45694E-6 6.14536E-6 3.40629E-6 1.57694E-6 1.3393E-7 1.78127E-7 1.64793E-7 1.34232E-7 1.02174E-7 9.1148E-8 9.00315E-8 9.05729E-8 -9999 7.45801E-8 6.83262E-8 7.29388E-8 6.69114E-8 7.26862E-8 7.43147E-8 6.54535E-8 6.48571E-8 7.04676E-8 8.34948E-8 6.81123E-8 6.67437E-8 7.13803E-8 1.03072E-7 1.06887E-7 6.64047E-8 7.2855E-8 8.76977E-8 7.35001E-8 8.20518E-8 1.11994E-7 1.13298E-7
7.41022E-6 9.38383E-6 1.11786E-5 1.57899E-5 2.48077E-5 2.74416E-5 3.20368E-5 2.87353E-5 3.57469E-5 3.00336E-5 2.35435E-5 2.42086E-5 2.86263E-5 1.99258E-6 1.35856E-6 9.7217E-7 1.62831E-6 2.23175E-6 1.67561E-6 5.7151E-7 7.17671E-7 6.40848E-7 2.85137E-6 2.74452E-6 2.62448E-6 2.68972E-6 3.07065E-6 4.1595E-6 4.31181E-6 4.50747E-6 4.80892E-6 6.14864E-6 3.22953E-6 2.11263E-6 1.54297E-7 1.59303E-7 1.85964E-7 1.69364E-7 1.33272E-7 1.0248E-7 9.34214E-8 7.8408E-8 7.49289E-8 -9999 7.65478E-8 8.03934E-8 6.83331E-8 6.82851E-8 6.92855E-8 6.77024E-8 6.45123E-8 7.3516E-8 8.63291E-8 7.83556E-8 7.68176E-8 6.718E-8 7.52927E-8 1.17616E-7 9.13321E-8 8.56681E-8 9.90599E-8 8.87316E-8 7.27565E-8 9.20528E-8 1.13408E-7
7.16643E-6 9.38537E-6 1.22574E-5 2.42196E-5 2.37692E-5 2.4783E-5 2.79382E-5 3.37429E-5 2.80216E-5 2.66407E-5 2.39931E-5 3.53106E-5 2.93915E-5 2.91314E-6 3.93298E-6 2.13648E-6 1.15972E-6 3.41746E-6 2.39321E-6 1.58106E-6 1.43562E-6 1.48518E-6 9.11098E-7 2.63325E-6 1.62106E-6 2.55732E-6 2.48477E-6 2.49488E-6 2.35875E-6 2.53157E-6 4.91476E-6 4.81311E-6 2.90675E-6 3.12339E-7 2.207E-7 2.04427E-7 2.02207E-7 1.9368E-7 1.45154E-7 1.0281E-7 -9999 9.20423E-8 9.58558E-8 9.5275E-8 9.27244E-8 8.41056E-8 8.58249E-8 7.55743E-8 6.81031E-8 6.84865E-8 7.61567E-8 7.77473E-8 7.07753E-8 8.35891E-8 8.88902E-8 7.64551E-8 6.89603E-8 1.08102E-7 1.11776E-7 8.80336E-8 9.29415E-8 9.34533E-8 7.85264E-8 7.8194E-8 1.12804E-7
7.57041E-6 7.31578E-6 1.39715E-5 1.59727E-5 1.77265E-5 2.07874E-5 2.54711E-5 3.06055E-5 3.18661E-5 3.26503E-5 2.79921E-5 3.48336E-5 4.73561E-6 3.90999E-6 3.28557E-6 3.02541E-6 2.36007E-6 3.58723E-6 3.10661E-6 1.99417E-6 3.08651E-6 1.74078E-6 1.47216E-6 1.51027E-6 1.60749E-6 9.61201E-7 8.12499E-7 7.92738E-7 9.43491E-7 1.26388E-6 1.52529E-6 2.94492E-6 2.46615E-6 3.27782E-7 2.23185E-7 2.48493E-7 2.1388E-7 2.15926E-7 1.86291E-7 1.63527E-7 1.20776E-7 1.18804E-7 1.26288E-7 1.02726E-7 9.44443E-8 9.70555E-8 8.93601E-8 8.89355E-8 8.05843E-8 6.72881E-8 7.79922E-8 8.73462E-8 7.19926E-8 6.90554E-8 7.78452E-8 7.27367E-8 8.18719E-8 7.68497E-8 7.90918E-8 7.95044E-8 8.20785E-8 7.78828E-8 9.87621E-8 1.00157E-7 8.02793E-8
6.64514E-6 9.9267E-6 1.12714E-5 1.27721E-5 2.09204E-5 2.63093E-5 2.39799E-5 2.92203E-5 2.83739E-5 2.70562E-5 2.71609E-5 2.99401E-5 2.23446E-5 5.18762E-6 5.57877E-6 2.45527E-6 1.70479E-6 1.36678E-6 1.60618E-6 1.17845E-6 2.96091E-6 1.10001E-6 7.4015E-7 6.31796E-7 1.21059E-6 9.89174E-7 9.53585E-7 9.35751E-7 1.01466E-6 6.04416E-7 1.04339E-6 1.11702E-6 1.44658E-6 9.36496E-7 2.00061E-7 2.15247E-7 2.15572E-7 1.80864E-7 1.5469E-7 1.59513E-7 1.75426E-7 1.54359E-7 1.00121E-7 9.51371E-8 9.2618E-8 9.5212E-8 1.11472E-7 9.6404E-8 8.90637E-8 7.37879E-8 6.68753E-8 7.70716E-8 6.85067E-8 6.62267E-8 6.74754E-8 6.72003E-8 6.99429E-8 6.89042E-8 6.92629E-8 9.18047E-8 7.93406E-8 6.65424E-8 8.54758E-8 1.16827E-7 1.15307E-7
3.08639E-6 8.95788E-6 8.98278E-6 1.59594E-5 1.64125E-5 2.10684E-5 2.49832E-5 2.69814E-5 2.47737E-5 2.25001E-5 2.11724E-5 2.3006E-5 4.41697E-5 8.77414E-6 8.62635E-6 4.40852E-6 2.90977E-6 2.96869E-6 2.91346E-6 1.8909E-6 1.95791E-6 2.50087E-6 1.86409E-6 7.71748E-7 9.50782E-7 2.77181E-6 1.20038E-6 1.06975E-6 1.01013E-6 9.599E-7 6.37377E-7 5.82695E-7 5.71445E-7 1.96733E-6 1.36463E-6 2.48597E-7 2.1727E-7 1.99867E-7 1.57775E-7 1.12044E-7 1.15741E-7 1.59542E-7 1.22953E-7 1.06785E-7 9.61377E-8 9.57353E-8 9.91886E-8 1.04647E-7 -9999 8.70859E-8 8.10884E-8 6.95482E-8 7.48696E-8 7.56645E-8 7.38135E-8 6.56914E-8 8.11761E-8 6.66162E-8 6.98325E-8 8.01399E-8 1.02046E-7 9.62365E-8 1.11124E-7 1.17632E-7 9.20271E-8
2.49655E-6 2.99007E-6 4.2755E-6 4.42655E-6 7.34612E-6 1.77572E-5 2.11094E-5 2.17332E-5 2.94718E-5 2.16436E-5 1.97836E-5 2.10144E-5 1.71187E-5 3.14377E-6 3.6018E-6 3.64444E-6 4.37294E-6 2.57858E-6 2.92335E-6 3.89203E-6 5.31054E-6 5.19831E-6 3.81409E-6 2.89758E-6 2.01197E-6 5.8035E-6 5.77775E-6 1.64913E-6 1.72021E-6 8.29406E-7 5.70339E-7 5.74418E-7 6.2029E-7 2.05659E-6 2.18213E-6 1.11709E-6 5.1402E-7 2.7283E-7 2.57044E-7 1.78406E-7 1.17182E-7 1.15459E-7 1.48315E-7 1.20286E-7 9.28784E-8 8.43924E-8 8.86333E-8 -9999 -9999 -9999 1.06539E-7 9.30898E-8 7.1722E-8 8.59713E-8 8.8255E-8 6.94284E-8 7.09791E-8 8.84185E-8 8.51687E-8 7.38231E-8 1.00658E-7 1.20917E-7 1.20065E-7 1.19755E-7 1.01491E-7
3.35938E-6 6.08743E-6 4.74395E-6 4.86014E-6 6.89546E-6 7.53687E-6 6.36173E-6 8.82686E-6 1.84425E-5 1.67468E-5 1.51777E-5 1.47103E-5 1.36753E-5 1.21256E-5 1.01922E-5 1.97446E-5 3.92433E-6 4.76718E-6 5.81714E-6 6.30172E-6 4.86057E-6 6.80436E-6 7.29637E-6 8.06842E-6 1.50683E-5 1.81008E-5 8.9779E-6 1.40348E-6 1.09312E-6 5.31371E-6 4.3616E-6 9.51551E-7 9.28018E-7 2.23535E-6 2.22312E-6 1.84184E-6 1.81425E-6 1.31096E-6 7.8563E-7 4.15985E-7 1.39435E-7 1.18291E-7 1.04615E-7 1.17404E-7 1.10221E-7 8.80592E-8 8.81472E-8 8.51631E-8 8.49669E-8 9.42677E-8 9.40207E-8 8.70035E-8 7.71073E-8 9.53421E-8 8.84557E-8 9.07957E-8 7.08581E-8 7.51192E-8 9.54037E-8 8.39769E-8 9.52991E-8 1.08438E-7 1.21547E-7 1.20943E-7 1.1265E-7
2.94464E-6 4.46749E-6 5.32219E-6 8.66899E-6 6.49191E-6 5.68928E-6 6.66595E-6 1.25178E-5 1.36992E-5 1.27539E-5 1.28443E-5 1.30109E-5 1.09393E-5 1.13659E-5 1.29049E-5 1.57758E-5 2.26414E-5 2.29162E-5 3.8391E-6 1.61379E-5 2.3074E-5 2.45832E-5 2.54634E-5 2.49457E-5 4.64353E-5 2.97059E-5 6.33302E-5 9.86881E-6 3.1639E-5 3.07731E-5 9.49652E-6 2.24254E-6 1.83493E-6 2.4238E-6 2.68417E-6 2.63269E-6 2.34155E-6 8.44803E-7 8.28713E-7 6.026E-7 3.41827E-7 2.92321E-7 1.62847E-7 1.087E-7 1.3582E-7 1.01641E-7 8.99804E-8 9.44849E-8 8.38319E-8 8.54692E-8 9.87745E-8 1.08682E-7 9.59084E-8 9.99195E-8 8.61344E-8 7.81999E-8 7.06956E-8 7.29855E-8 8.55951E-8 9.36226E-8 1.05111E-7 9.79326E-8 1.10351E-7 1.21921E-7 9.56271E-8
3.5361E-6 5.01643E-6 6.01844E-6 1.06442E-5 6.32931E-6 6.33028E-6 8.80937E-6 1.84321E-5 1.30189E-5 1.27916E-5 1.35809E-5 9.74367E-6 1.00851E-5 1.16649E-5 1.34873E-5 1.51144E-5 1.60274E-5 1.78825E-5 2.1133E-5 2.84343E-5 1.39538E-5 1.43266E-5 1.81867E-5 2.12763E-5 4.02668E-5 5.02774E-5 1.17485E-4 1.01653E-4 6.73398E-5 6.63867E-5 3.52283E-5 3.10435E-6 1.99571E-6 1.99232E-6 1.71244E-6 1.5831E-6 1.0195E-6 1.83769E-6 1.05295E-6 5.84005E-7 7.42253E-7 6.19599E-7 3.08127E-7 1.17368E-7 1.32508E-7 9.75172E-8 9.21742E-8 8.59122E-8 8.15804E-8 9.27444E-8 9.06628E-8 9.04868E-8 9.5504E-8 9.43554E-8 9.90366E-8 9.06321E-8 7.92269E-8 8.39407E-8 8.19559E-8 9.69014E-8 1.03787E-7 1.0056E-7 9.58254E-8 1.10264E-7 1.0832E-7
5.99935E-6 5.07044E-6 5.20853E-6 5.30279E-6 5.72418E-6 5.99468E-6 7.11222E-6 1.13016E-5 9.29144E-6 1.83464E-5 1.03808E-5 1.04984E-5 1.05168E-5 1.13766E-5 1.17107E-5 1.18075E-5 1.29963E-5 1.47718E-5 1.636E-5 1.81146E-5 1.54827E-5 2.64914E-5 2.91632E-5 2.0108E-5 1.71267E-5 2.57615E-5 8.81657E-5 8.3519E-5 9.7173E-5 6.68414E-5 1.34681E-5 7.76796E-6 3.16732E-6 3.21669E-6 3.08296E-6 1.31556E-6 1.23324E-6 1.36497E-6 3.30292E-6 2.88119E-6 1.46811E-6 8.70717E-7 4.77369E-7 2.00974E-7 1.31174E-7 1.13633E-7 9.56344E-8 9.2131E-8 8.83996E-8 9.30403E-8 9.70182E-8 8.09112E-8 8.39337E-8 7.72485E-8 9.98402E-8 9.31395E-8 1.1005E-7 9.59203E-8 9.04812E-8 9.29825E-8 1.00347E-7 9.73406E-8 1.01196E-7 9.80513E-8 9.0664E-8
7.55033E-6 4.92543E-6 8.98188E-6 6.59505E-6 9.98435E-6 1.59674E-5 1.09948E-5 1.03019E-5 1.03384E-5 7.45861E-6 7.78538E-6 1.51221E-5 8.64839E-6 7.18187E-6 8.57093E-6 1.04401E-5 1.1527E-5 1.21139E-5 9.83351E-6 1.0636E-5 1.51566E-5 2.01641E-5 1.62234E-5 1.37554E-5 1.40385E-5 1.57006E-5 3.97226E-5 6.16913E-5 7.78389E-5 8.2162E-5 2.02587E-5 1.10534E-5 7.58824E-6 1.70136E-5 1.38994E-5 3.88558E-6 2.34988E-6 2.25857E-6 4.11725E-6 4.76773E-6 4.20097E-6 3.17373E-6 7.87291E-7 2.50267E-7 1.24305E-7 1.12979E-7 9.76968E-8 9.46953E-8 8.95677E-8 8.89976E-8 9.22745E-8 8.16121E-8 7.76474E-8 7.90433E-8 1.06714E-7 9.44566E-8 1.09203E-7 1.18757E-7 1.08763E-7 1.0977E-7 1.02106E-7 1.2211E-7 1.23504E-7 1.20529E-7 1.10719E-7
3.03065E-6 7.70136E-6 5.30077E-6 4.76659E-6 5.6825E-6 1.0448E-5 5.50918E-6 5.47717E-6 6.2033E-6 6.29644E-6 6.53405E-6 7.06151E-6 7.68064E-6 6.31875E-6 6.77394E-6 7.3512E-6 8.08041E-6 1.08418E-5 1.08376E-5 1.15611E-5 1.04333E-5 1.08724E-5 1.48608E-5 1.13796E-5 4.67745E-6 4.93877E-6 1.53319E-5 2.93785E-5 3.92065E-5 4.67255E-5 8.92961E-5 7.18825E-5 4.73865E-5 5.01665E-5 3.26258E-5 5.4183E-6 3.80776E-6 4.68264E-6 1.16469E-5 1.07708E-5 4.27702E-6 3.7632E-6 2.80222E-6 6.35203E-7 1.91904E-7 1.29285E-7 1.04755E-7 9.50405E-8 9.26961E-8 9.11299E-8 8.83879E-8 8.06819E-8 8.15118E-8 7.91239E-8 1.09224E-7 9.70831E-8 9.30559E-8 1.1462E-7 1.09507E-7 1.20033E-7 1.23014E-7 1.27363E-7 1.24798E-7 1.29999E-7 1.28533E-7
1.00181E-6 3.4617E-6 3.79614E-6 4.13583E-6 4.65853E-6 4.13945E-6 4.54765E-6 4.83305E-6 5.17569E-6 5.72961E-6 5.33038E-6 5.56737E-6 6.07904E-6 6.38522E-6 6.36712E-6 6.87456E-6 7.93685E-6 9.23335E-6 9.67802E-6 8.48792E-6 8.98485E-6 9.17044E-6 1.50084E-5 1.17171E-5 1.35025E-5 1.31897E-5 1.74528E-5 1.58312E-5 2.60513E-5 3.12465E-5 3.58382E-5 5.46472E-5 7.29675E-5 8.48393E-5 1.24283E-5 1.04732E-5 1.0269E-5 2.62143E-5 1.0184E-5 7.67168E-6 4.59693E-6 4.35371E-6 3.8965E-6 1.53449E-6 7.17424E-7 2.95298E-7 1.83628E-7 1.17686E-7 1.03205E-7 9.1511E-8 9.22261E-8 9.05059E-8 8.4143E-8 8.0678E-8 9.98388E-8 1.11113E-7 8.44009E-8 8.61122E-8 8.61036E-8 9.64431E-8 9.87308E-8 1.11242E-7 1.24254E-7 1.34377E-7 1.34911E-7
5.22029E-6 3.73147E-6 3.71838E-6 4.43603E-6 4.45703E-6 4.07356E-6 4.34996E-6 4.80694E-6 4.81771E-6 4.78383E-6 4.95387E-6 5.03392E-6 5.29453E-6 8.06703E-6 7.42877E-6 8.25594E-6 8.71586E-6 8.3577E-6 7.89983E-6 7.99705E-6 8.62931E-6 8.9593E-6 9.53595E-6 1.06268E-5 1.50945E-5 1.50185E-5 1.40563E-5 1.34269E-5 2.00091E-5 2.32193E-5 2.33324E-5 1.59356E-5 2.23275E-5 4.8705E-5 7.06596E-5 3.83644E-5 7.40895E-5 6.91331E-5 1.53775E-5 3.50791E-6 4.08292E-6 3.41868E-6 3.3202E-6 9.51887E-7 1.031E-6 5.23358E-7 1.73012E-7 1.25604E-7 1.07316E-7 9.86393E-8 9.14052E-8 9.83257E-8 8.65071E-8 8.31396E-8 9.035E-8 1.18632E-7 1.03498E-7 8.12413E-8 1.03678E-7 9.97785E-8 8.16222E-8 8.50624E-8 1.10131E-7 1.37981E-7 1.36847E-7
2.83769E-6 3.23754E-6 3.44966E-6 3.55022E-6 3.76623E-6 4.49591E-6 4.31238E-6 4.53288E-6 4.38923E-6 4.28844E-6 4.5679E-6 4.94756E-6 5.89556E-6 9.50955E-6 8.57163E-6 7.0058E-6 6.07885E-6 2.62956E-6 7.34351E-6 7.68267E-6 9.39496E-6 8.55696E-6 1.10658E-5 1.00957E-5 1.14121E-5 1.02592E-5 1.07448E-5 1.15507E-5 1.32557E-5 1.3196E-5 1.71039E-5 1.40545E-5 1.40363E-5 1.96498E-5 2.40994E-5 4.72899E-5 9.79513E-5 8.26345E-5 5.36153E-5 1.41625E-5 2.74994E-6 1.13454E-5 1.25644E-5 5.00014E-7 4.09992E-7 4.56071E-7 3.41346E-7 2.50954E-7 1.3226E-7 1.03823E-7 1.19179E-7 1.85541E-7 1.88337E-7 1.36384E-7 8.33738E-8 9.11868E-8 9.36172E-8 9.3749E-8 1.3381E-7 1.07974E-7 8.52222E-8 7.34844E-8 8.4429E-8 1.23002E-7 1.11684E-7
2.42592E-6 2.7767E-6 3.16154E-6 3.5776E-6 4.07896E-6 4.09593E-6 4.43438E-6 4.50425E-6 4.02623E-6 4.13028E-6 4.9905E-6 4.93511E-6 4.75227E-6 6.04332E-6 6.36465E-6 5.33986E-6 7.72217E-6 6.86454E-6 1.54629E-5 8.33643E-6 7.93569E-6 8.49823E-6 9.13568E-6 1.10139E-5 1.12782E-5 1.0117E-5 1.05648E-5 1.13623E-5 1.14558E-5 1.15835E-5 1.06935E-5 1.08539E-5 1.30677E-5 1.23566E-5 1.74079E-5 4.67198E-5 7.69216E-5 7.82806E-5 6.61051E-5 5.4696E-5 2.03099E-5 2.20256E-5 9.57692E-6 1.07809E-5 1.22381E-5 5.58404E-7 3.2857E-7 2.2503E-7 1.19302E-7 1.05416E-7 1.15117E-7 1.97067E-7 2.6125E-7 1.73336E-7 1.14528E-7 9.97026E-8 1.06619E-7 1.08156E-7 -9999 1.45091E-7 1.11671E-7 7.94805E-8 7.6797E-8 9.41641E-8 9.07065E-8
2.33124E-6 2.52295E-6 2.78514E-6 3.38738E-6 3.59798E-6 4.55854E-6 4.16232E-6 4.36075E-6 4.35394E-6 4.14553E-6 4.21285E-6 3.24752E-6 4.28578E-6 4.80958E-6 5.77039E-6 2.21973E-6 7.31461E-6 6.63736E-6 1.50516E-5 7.83621E-6 2.82789E-6 1.08543E-5 1.15164E-5 8.59569E-6 8.92595E-6 8.51873E-6 9.74293E-6 8.57779E-6 9.85124E-6 1.00373E-5 1.51443E-5 1.05491E-5 1.04875E-5 1.60867E-5 2.23675E-5 3.27222E-5 6.60816E-5 8.87797E-5 7.89179E-5 7.31558E-5 2.12025E-5 3.77898E-5 2.83074E-5 1.33324E-5 1.05045E-5 1.02427E-5 1.04247E-5 3.19326E-6 1.91511E-7 1.38487E-7 2.83158E-7 3.80423E-7 3.26365E-7 2.07467E-7 2.00622E-7 2.02639E-7 1.44349E-7 1.28138E-7 -9999 1.59824E-7 1.22438E-7 1.00594E-7 8.51539E-8 7.76772E-8 9.30394E-8
2.13719E-6 2.59726E-6 2.63322E-6 3.09229E-6 3.47785E-6 3.89678E-6 4.1046E-6 4.18539E-6 3.68942E-6 3.34506E-6 1.19426E-6 1.27878E-6 4.63077E-6 4.27082E-6 1.71978E-6 4.84155E-6 5.0952E-6 5.45341E-6 7.16479E-6 6.20295E-6 1.00295E-5 7.8194E-6 7.7782E-6 7.62604E-6 8.45091E-6 9.74448E-6 1.19802E-5 1.16793E-5 9.68215E-6 8.81171E-6 8.14326E-6 3.39448E-6 1.06072E-5 1.7359E-5 1.60523E-5 1.86009E-5 2.96556E-5 4.92204E-5 7.23518E-5 7.9425E-5 6.40806E-5 6.14807E-5 5.28194E-5 3.59159E-5 2.6826E-5 1.84055E-5 1.0774E-5 1.00849E-5 1.50602E-6 5.00988E-7 4.83288E-7 6.83061E-7 3.82635E-7 3.28523E-7 2.59201E-7 2.13105E-7 2.10801E-7 2.66763E-7 2.76305E-7 1.33405E-7 9.83927E-8 9.37748E-8 8.31754E-8 8.09874E-8 8.0445E-8
2.08388E-6 2.42739E-6 2.52831E-6 3.04802E-6 2.95517E-6 3.35486E-6 3.3779E-6 3.90952E-6 3.05982E-6 3.04265E-6 3.25607E-6 3.51575E-6 3.78409E-6 5.06684E-6 4.8979E-6 6.8808E-6 7.01946E-6 2.17814E-6 5.264E-6 6.86253E-6 9.63233E-6 7.01284E-6 6.82391E-6 8.00203E-6 1.09534E-5 7.47659E-6 7.12025E-6 2.3512E-6 2.61807E-6 2.80922E-6 3.14226E-6 3.5263E-6 1.12328E-5 1.11184E-5 1.27783E-5 1.89207E-5 2.32854E-5 5.63574E-5 7.89133E-5 4.24934E-5 7.84238E-5 7.77059E-5 4.74141E-5 3.59595E-5 3.83901E-5 3.01697E-5 2.69178E-5 1.91081E-5 9.58653E-6 3.52584E-6 1.19875E-6 9.24177E-7 6.96529E-7 4.04346E-7 2.5225E-7 2.2586E-7 2.15437E-7 2.13303E-7 2.46332E-7 1.45161E-7 1.65318E-7 1.05265E-7 9.64509E-8 1.15134E-7 1.24542E-7
