catData/rasterBestHybridModels/Prubiginosus/RD_RM2_L/Prubiginosus_max.asc
ncols         409
nrows         350
xllcorner     60.897278365
yllcorner     5.843756025
cellsize      0.0892857
NODATA_value  -9999
[rows 87 to 115 of 350, columns 0 to 64 of 409]
-9999 -9999 -9999 -9999 -9999 1.0996E-5 1.29778E-5 1.78474E-5 1.70547E-5 1.63603E-5 1.62215E-5 1.60937E-5 1.5822E-5 1.5887E-5 1.61327E-5 1.64439E-5 1.18291E-5 1.69182E-5 1.71799E-5 1.74445E-5 1.76092E-5 1.75944E-5 1.7433E-5 1.73682E-5 1.75726E-5 1.80838E-5 1.90655E-5 2.02008E-5 1.44855E-5 2.03136E-5 2.03966E-5 1.47478E-5 1.4914E-5 2.05744E-5 2.05301E-5 2.04551E-5 2.04862E-5 2.07389E-5 2.11748E-5 2.14222E-5 2.14815E-5 2.87109E-5 2.47627E-5 2.5256E-5 2.5648E-5 1.83173E-5 1.81851E-5 1.80795E-5 1.80384E-5 1.97514E-5 2.84519E-5 2.12747E-5 2.25284E-5 2.24483E-5 2.19574E-5 3.55523E-5 3.65268E-5 3.50926E-5 3.58007E-5 1.60225E-5 2.35155E-5 3.95121E-5 2.35952E-5 2.2563E-5 2.3273E-5
-9999 -9999 -9999 -9999 -9999 2.11944E-5 1.28721E-5 1.72859E-5 1.68629E-5 1.66542E-5 1.63156E-5 1.60449E-5 1.5935E-5 1.61236E-5 1.16065E-5 1.64161E-5 1.67003E-5 1.73822E-5 1.75502E-5 1.28177E-5 1.25192E-5 1.25287E-5 1.23733E-5 1.20593E-5 1.25999E-5 1.8153E-5 1.91645E-5 1.46665E-5 1.41664E-5 1.49585E-5 2.10929E-5 1.54373E-5 1.299E-5 2.27884E-5 2.41739E-5 3.12373E-5 3.10522E-5 3.07551E-5 3.07144E-5 2.33659E-5 1.39236E-5 1.44711E-5 1.62732E-5 1.3259E-5 1.33506E-5 1.85849E-5 1.8648E-5 2.90036E-5 2.96379E-5 2.03703E-5 2.08016E-5 1.50917E-5 2.10722E-5 1.93809E-5 3.46985E-5 3.71793E-5 3.58163E-5 2.78991E-5 3.56566E-5 2.27799E-5 3.76485E-5 3.11017E-5 2.87218E-5 2.84468E-5 2.04281E-5
-9999 -9999 -9999 -9999 -9999 -9999 2.27498E-5 1.32219E-5 1.77378E-5 1.25833E-5 1.1611E-5 1.12285E-5 1.17654E-5 1.67685E-5 1.66313E-5 1.69695E-5 1.75871E-5 1.8287E-5 1.32119E-5 1.14107E-5 1.11138E-5 1.15852E-5 1.10785E-5 1.00361E-5 1.08995E-5 1.2684E-5 1.87682E-5 2.03391E-5 3.16147E-5 3.16987E-5 3.21586E-5 2.45235E-5 1.96872E-5 1.90076E-5 2.19157E-5 2.47948E-5 3.13894E-5 3.0807E-5 3.02207E-5 2.99104E-5 2.19372E-5 1.39432E-5 2.00183E-5 1.96034E-5 1.9563E-5 3.00982E-5 2.32651E-5 2.32387E-5 1.42285E-5 1.51422E-5 2.10841E-5 2.07638E-5 2.21873E-5 2.26835E-5 3.45431E-5 3.5645E-5 3.61511E-5 3.58615E-5 3.62002E-5 3.72045E-5 3.51746E-5 3.7571E-5 3.3911E-5 2.79366E-5 1.84514E-5
-9999 -9999 -9999 -9999 -9999 -9999 -9999 1.48088E-5 1.97006E-5 1.35858E-5 1.26053E-5 1.23615E-5 1.08071E-5 1.22129E-5 1.1638E-5 1.2073E-5 1.38036E-5 1.93566E-5 1.9708E-5 1.46635E-5 1.3471E-5 1.62834E-5 1.66809E-5 2.50716E-5 2.06978E-5 1.84006E-5 1.94878E-5 2.92096E-5 2.95933E-5 3.0636E-5 2.10418E-5 2.15939E-5 2.34176E-5 2.11262E-5 2.10385E-5 2.43217E-5 3.14453E-5 3.11374E-5 2.36269E-5 3.00025E-5 2.88896E-5 2.90003E-5 2.31382E-5 3.07077E-5 2.35841E-5 2.27632E-5 2.32038E-5 2.06339E-5 2.14684E-5 2.21613E-5 2.2716E-5 1.66893E-5 1.72326E-5 2.40206E-5 2.44052E-5 2.52423E-5 3.74821E-5 2.85058E-5 2.92906E-5 3.85962E-5 3.22532E-5 3.41364E-5 3.00012E-5 1.6953E-5 1.44863E-5
-9999 -9999 -9999 -9999 -9999 -9999 -9999 1.45417E-5 2.01261E-5 1.95449E-5 1.91663E-5 1.89668E-5 1.38335E-5 1.30475E-5 1.08778E-5 1.24082E-5 1.31529E-5 1.38245E-5 3.01494E-5 3.18574E-5 2.64843E-5 3.65384E-5 3.78055E-5 3.68528E-5 3.25207E-5 2.95016E-5 2.92516E-5 2.91738E-5 2.06249E-5 3.03705E-5 3.30294E-5 3.37055E-5 3.29257E-5 2.50905E-5 2.46121E-5 3.19429E-5 3.1839E-5 3.11328E-5 3.03346E-5 2.97698E-5 2.88196E-5 3.1655E-5 3.2196E-5 3.26629E-5 3.08461E-5 3.04003E-5 2.06509E-5 2.08379E-5 1.58399E-5 1.6216E-5 1.68129E-5 1.49533E-5 1.78832E-5 2.52437E-5 2.99182E-5 2.63391E-5 3.84288E-5 3.78926E-5 3.87813E-5 3.88591E-5 3.66782E-5 3.41095E-5 3.15581E-5 1.88081E-5 1.08802E-5
-9999 -9999 -9999 -9999 -9999 -9999 -9999 -9999 2.34722E-5 1.41435E-5 1.47412E-5 1.96386E-5 1.93928E-5 1.94201E-5 1.37023E-5 1.8806E-5 2.92747E-5 3.00107E-5 2.98545E-5 3.17936E-5 3.44371E-5 3.59597E-5 2.78128E-5 2.62619E-5 2.33063E-5 2.08774E-5 2.03556E-5 2.02999E-5 2.02452E-5 2.14586E-5 2.4758E-5 2.60282E-5 3.26784E-5 3.26872E-5 3.20648E-5 3.17636E-5 3.07091E-5 2.94704E-5 2.88547E-5 3.12659E-5 3.1429E-5 3.22189E-5 3.29052E-5 3.19539E-5 3.2172E-5 2.61637E-5 2.37846E-5 1.47054E-5 1.3189E-5 1.3428E-5 1.54703E-5 1.87818E-5 2.61256E-5 3.82223E-5 3.00109E-5 4.07476E-5 3.03778E-5 3.86981E-5 3.88113E-5 3.79087E-5 3.81052E-5 3.81081E-5 3.23859E-5 1.75623E-5 1.59097E-5
-9999 -9999 -9999 -9999 -9999 -9999 -9999 -9999 -9999 3.00225E-5 1.54704E-5 1.46025E-5 1.46427E-5 1.95853E-5 2.96369E-5 2.88579E-5 2.13518E-5 2.15411E-5 2.33496E-5 3.22475E-5 3.29146E-5 3.38553E-5 3.48695E-5 3.53159E-5 3.40973E-5 3.19131E-5 3.04215E-5 2.98338E-5 2.94588E-5 2.96996E-5 3.12201E-5 3.19175E-5 3.19487E-5 3.18574E-5 3.14982E-5 3.15976E-5 3.07786E-5 3.23533E-5 3.22859E-5 3.24536E-5 3.28361E-5 3.25684E-5 3.36675E-5 3.55604E-5 2.83043E-5 2.79584E-5 2.5714E-5 2.13105E-5 1.34978E-5 1.36017E-5 1.90438E-5 2.73091E-5 4.00421E-5 2.90034E-5 3.99887E-5 4.15129E-5 3.09012E-5 3.94217E-5 3.8687E-5 3.03934E-5 3.99787E-5 3.80916E-5 2.20736E-5 1.45642E-5 2.13172E-5
-9999 -9999 -9999 -9999 -9999 -9999 -9999 -9999 -9999 -9999 3.18089E-5 1.64507E-5 1.35779E-5 2.40679E-5 2.28346E-5 2.12407E-5 1.86943E-5 1.7502E-5 2.18946E-5 2.41901E-5 3.39961E-5 2.51603E-5 2.5578E-5 2.64283E-5 2.60827E-5 2.51594E-5 3.31877E-5 2.28085E-5 2.187E-5 2.21658E-5 2.33663E-5 2.4366E-5 2.59119E-5 3.48471E-5 2.61334E-5 3.51093E-5 3.43248E-5 2.62177E-5 2.54386E-5 2.67364E-5 3.47403E-5 3.59204E-5 2.81613E-5 3.64246E-5 3.71396E-5 3.7305E-5 2.88238E-5 2.68384E-5 2.6715E-5 2.65795E-5 2.8262E-5 4.16999E-5 2.83201E-5 4.15971E-5 4.15401E-5 3.25931E-5 3.13367E-5 3.95499E-5 3.92901E-5 3.11986E-5 3.95417E-5 2.68079E-5 2.18219E-5 1.80973E-5 2.78926E-5
-9999 -9999 -9999 -9999 -9999 -9999 -9999 -9999 -9999 -9999 -9999 3.36778E-5 2.71547E-5 2.60137E-5 2.48116E-5 2.141E-5 1.83683E-5 1.79555E-5 2.01249E-5 2.50643E-5 3.58499E-5 2.53239E-5 2.12948E-5 2.20415E-5 2.76291E-5 3.78724E-5 3.6268E-5 3.56316E-5 3.50142E-5 3.47634E-5 3.57418E-5 2.62248E-5 2.73979E-5 3.75544E-5 3.66911E-5 3.55693E-5 2.78697E-5 2.57747E-5 2.42152E-5 2.84968E-5 3.7168E-5 3.69809E-5 3.6397E-5 3.62053E-5 2.77073E-5 3.64027E-5 3.79223E-5 3.92492E-5 4.06217E-5 4.14123E-5 4.21556E-5 4.19808E-5 4.24268E-5 4.28992E-5 4.24529E-5 3.26594E-5 3.16733E-5 3.99798E-5 3.94702E-5 3.96631E-5 3.72808E-5 2.16644E-5 2.0525E-5 2.06734E-5 3.48239E-5
-9999 -9999 -9999 -9999 -9999 -9999 -9999 -9999 -9999 -9999 -9999 -9999 -9999 3.82668E-5 3.76098E-5 2.50897E-5 2.34064E-5 2.12458E-5 2.02073E-5 2.53963E-5 3.85283E-5 2.62113E-5 2.17352E-5 2.15467E-5 2.63263E-5 4.01895E-5 2.67649E-5 2.53912E-5 2.45716E-5 2.47955E-5 3.76333E-5 3.76648E-5 3.77582E-5 3.86578E-5 3.82011E-5 2.98692E-5 2.79127E-5 2.50851E-5 2.80795E-5 3.07952E-5 4.04375E-5 3.95166E-5 3.87814E-5 3.86542E-5 3.80333E-5 3.80635E-5 3.92038E-5 2.55393E-5 2.58387E-5 4.17171E-5 4.21718E-5 4.30779E-5 4.42272E-5 4.46899E-5 4.38282E-5 3.25516E-5 3.1937E-5 4.02519E-5 3.07879E-5 3.78477E-5 3.52956E-5 2.98587E-5 3.3058E-5 3.91139E-5 3.83185E-5
-9999 -9999 -9999 -9999 -9999 -9999 -9999 -9999 -9999 -9999 -9999 -9999 -9999 -9999 -9999 -9999 -9999 2.452E-5 2.19157E-5 2.55833E-5 4.0983E-5 2.67929E-5 2.18876E-5 2.05257E-5 2.29716E-5 4.00474E-5 2.71995E-5 2.56273E-5 2.48056E-5 2.48542E-5 3.90036E-5 3.87578E-5 3.87947E-5 4.03392E-5 3.08423E-5 2.9781E-5 2.90518E-5 2.81655E-5 2.80459E-5 4.14962E-5 4.0918E-5 2.48664E-5 2.30401E-5 2.381E-5 4.00911E-5 4.03789E-5 2.50333E-5 2.53956E-5 4.1821E-5 4.19751E-5 2.53426E-5 2.61137E-5 2.85894E-5 4.62487E-5 4.43335E-5 3.23521E-5 3.2455E-5 3.94478E-5 3.69051E-5 3.71074E-5 4.02548E-5 3.27046E-5 4.07528E-5 4.3731E-5 2.88167E-5
-9999 -9999 -9999 -9999 -9999 -9999 -9999 -9999 -9999 -9999 -9999 -9999 -9999 -9999 -9999 -9999 -9999 -9999 2.50839E-5 2.70495E-5 4.5517E-5 2.78001E-5 2.2261E-5 1.99002E-5 2.09741E-5 3.64519E-5 3.8625E-5 4.19326E-5 4.25313E-5 4.08756E-5 3.89691E-5 3.84646E-5 3.8532E-5 3.83855E-5 3.9432E-5 3.92259E-5 3.90314E-5 3.83247E-5 3.8029E-5 3.87905E-5 2.33786E-5 2.13636E-5 2.03088E-5 2.145E-5 2.40506E-5 4.16794E-5 4.17274E-5 4.24436E-5 4.39038E-5 2.62145E-5 2.48755E-5 2.47418E-5 2.98727E-5 4.65984E-5 3.30571E-5 3.34981E-5 3.97052E-5 3.93204E-5 3.06309E-5 4.29773E-5 4.32331E-5 4.20217E-5 4.30905E-5 4.63764E-5 4.7225E-5
-9999 -9999 -9999 -9999 -9999 -9999 -9999 -9999 -9999 -9999 -9999 -9999 -9999 -9999 -9999 -9999 -9999 -9999 -9999 -9999 -9999 4.52785E-5 2.26104E-5 2.0098E-5 2.03313E-5 3.7438E-5 3.92594E-5 2.67766E-5 2.72874E-5 2.64604E-5 2.51369E-5 2.36913E-5 2.30955E-5 2.27951E-5 2.26693E-5 2.24904E-5 2.2753E-5 2.37429E-5 2.46553E-5 2.44803E-5 2.30976E-5 2.14192E-5 2.23923E-5 2.36652E-5 4.20532E-5 4.25595E-5 4.38552E-5 2.63965E-5 2.67055E-5 2.57414E-5 2.61883E-5 2.84722E-5 3.1163E-5 4.66179E-5 4.68632E-5 4.50466E-5 4.11742E-5 4.08406E-5 4.13688E-5 4.2808E-5 4.42513E-5 3.43669E-5 3.38998E-5 3.67077E-5 5.07173E-5
-9999 -9999 -9999 -9999 -9999 -9999 -9999 -9999 -9999 -9999 -9999 -9999 -9999 -9999 -9999 -9999 -9999 -9999 -9999 -9999 -9999 4.56314E-5 2.38204E-5 2.16896E-5 3.72339E-5 3.73687E-5 4.18619E-5 2.78653E-5 2.48922E-5 2.36392E-5 2.34052E-5 2.33777E-5 2.31653E-5 2.28243E-5 2.2464E-5 2.21819E-5 2.24034E-5 2.28626E-5 2.31844E-5 2.31029E-5 2.27482E-5 2.37037E-5 2.40439E-5 4.36964E-5 4.5312E-5 2.63343E-5 4.75075E-5 2.83697E-5 2.615E-5 2.60059E-5 2.95887E-5 5.05341E-5 4.84769E-5 4.67142E-5 4.71143E-5 4.58921E-5 3.36294E-5 4.29884E-5 4.386E-5 4.40502E-5 4.34672E-5 4.6355E-5 3.60708E-5 3.64094E-5 3.83563E-5
-9999 -9999 -9999 -9999 -9999 -9999 -9999 -9999 -9999 -9999 -9999 -9999 -9999 -9999 -9999 -9999 -9999 -9999 -9999 -9999 -9999 2.63555E-5 2.48918E-5 4.16874E-5 4.02613E-5 2.2299E-5 2.28346E-5 2.49064E-5 2.51062E-5 2.27281E-5 2.20865E-5 2.2219E-5 2.2316E-5 2.24152E-5 2.25607E-5 2.24917E-5 2.21823E-5 2.17312E-5 2.16807E-5 2.21536E-5 2.34439E-5 2.50253E-5 4.6386E-5 4.75768E-5 2.70561E-5 2.66614E-5 2.73714E-5 2.74982E-5 2.82148E-5 2.98068E-5 3.09266E-5 5.09565E-5 3.27686E-5 3.36148E-5 4.76502E-5 4.59524E-5 3.63448E-5 3.40708E-5 4.56506E-5 3.52706E-5 3.4554E-5 4.24331E-5 5.19949E-5 3.56336E-5 4.32002E-5
-9999 -9999 -9999 -9999 -9999 -9999 -9999 -9999 -9999 -9999 -9999 -9999 -9999 -9999 -9999 -9999 -9999 -9999 -9999 -9999 -9999 2.72029E-5 4.86723E-5 4.6605E-5 2.46981E-5 2.40566E-5 2.32613E-5 2.32136E-5 2.37306E-5 2.15319E-5 2.13101E-5 2.14174E-5 2.13663E-5 2.1451E-5 2.15652E-5 2.16083E-5 2.14231E-5 2.13037E-5 2.18905E-5 2.31483E-5 2.4757E-5 2.68087E-5 5.0703E-5 5.20541E-5 2.90309E-5 2.75811E-5 2.69459E-5 2.81943E-5 3.06101E-5 5.30256E-5 5.12977E-5 5.0171E-5 4.85386E-5 4.87341E-5 4.89633E-5 4.79183E-5 3.56434E-5 3.61868E-5 4.83102E-5 3.61063E-5 3.22894E-5 3.72373E-5 5.21996E-5 3.85079E-5 4.0241E-5
-9999 -9999 -9999 -9999 -9999 -9999 -9999 -9999 -9999 -9999 -9999 -9999 -9999 -9999 -9999 -9999 -9999 -9999 -9999 -9999 -9999 2.75917E-5 5.06652E-5 5.10514E-5 5.09337E-5 2.73506E-5 2.53723E-5 2.36958E-5 2.30379E-5 2.22184E-5 2.13089E-5 2.07126E-5 2.08988E-5 2.0894E-5 2.06837E-5 2.0699E-5 2.1073E-5 2.18054E-5 2.30306E-5 2.44986E-5 2.61746E-5 2.81129E-5 2.97184E-5 5.60611E-5 3.03722E-5 2.83468E-5 2.80613E-5 3.05802E-5 5.37059E-5 5.17542E-5 3.24877E-5 3.40302E-5 4.83571E-5 5.05077E-5 3.36826E-5 4.97933E-5 3.77273E-5 3.9418E-5 5.49229E-5 3.76687E-5 3.82225E-5 3.82515E-5 3.89429E-5 6.06883E-5 6.04488E-5
-9999 -9999 -9999 -9999 -9999 -9999 -9999 -9999 -9999 -9999 -9999 -9999 -9999 -9999 -9999 -9999 -9999 -9999 -9999 -9999 -9999 5.18475E-5 5.17949E-5 2.80957E-5 5.25969E-5 2.83342E-5 2.70244E-5 2.56992E-5 2.42515E-5 2.21123E-5 2.18492E-5 2.04062E-5 2.09599E-5 2.16986E-5 2.17202E-5 2.21343E-5 2.30004E-5 2.41929E-5 2.51937E-5 2.61368E-5 2.7477E-5 2.9341E-5 3.09922E-5 5.82675E-5 3.06407E-5 2.80306E-5 2.76952E-5 3.09844E-5 5.28908E-5 3.29498E-5 3.52666E-5 4.88637E-5 5.00455E-5 5.28692E-5 3.58021E-5 5.21658E-5 5.44899E-5 5.85572E-5 5.94192E-5 3.74901E-5 6.01262E-5 5.97615E-5 5.54542E-5 6.16568E-5 4.95039E-5
-9999 -9999 -9999 -9999 -9999 -9999 -9999 -9999 -9999 -9999 -9999 -9999 -9999 -9999 -9999 -9999 -9999 -9999 -9999 -9999 -9999 5.36193E-5 2.88109E-5 2.84649E-5 5.35001E-5 5.3829E-5 2.89934E-5 2.73097E-5 2.54675E-5 2.42967E-5 2.32626E-5 2.203E-5 2.27524E-5 2.35576E-5 2.33832E-5 2.38399E-5 2.47143E-5 2.61089E-5 2.76987E-5 2.81141E-5 2.93216E-5 3.02717E-5 5.80841E-5 5.90997E-5 3.13696E-5 2.79174E-5 2.80434E-5 3.17327E-5 5.16901E-5 3.54703E-5 4.94534E-5 5.06206E-5 5.2702E-5 5.55938E-5 3.73952E-5 5.53134E-5 5.75653E-5 6.05455E-5 6.2213E-5 5.21177E-5 6.35489E-5 4.15901E-5 4.16877E-5 6.10508E-5 6.30207E-5
-9999 -9999 -9999 -9999 -9999 -9999 -9999 -9999 -9999 -9999 -9999 -9999 -9999 -9999 -9999 -9999 -9999 -9999 -9999 -9999 -9999 2.96334E-5 2.83108E-5 2.81372E-5 2.93586E-5 5.55457E-5 3.0101E-5 2.93667E-5 2.82238E-5 2.71474E-5 2.59667E-5 2.54836E-5 2.63303E-5 2.65609E-5 2.66996E-5 2.71573E-5 2.78206E-5 2.84079E-5 2.98496E-5 3.04902E-5 3.08852E-5 5.65178E-5 5.76503E-5 3.17059E-5 3.01827E-5 2.75342E-5 3.06074E-5 3.45716E-5 5.10648E-5 5.11951E-5 5.2E-5 3.86145E-5 5.6038E-5 3.80752E-5 3.70698E-5 5.927E-5 3.52124E-5 3.73412E-5 3.81098E-5 6.6848E-5 3.98185E-5 4.16161E-5 5.95164E-5 5.97062E-5 6.27093E-5
-9999 -9999 -9999 -9999 -9999 -9999 -9999 -9999 -9999 -9999 -9999 -9999 -9999 -9999 -9999 -9999 -9999 -9999 -9999 -9999 -9999 2.73686E-5 2.70352E-5 2.79882E-5 3.08199E-5 5.7152E-5 5.85922E-5 3.13927E-5 3.10819E-5 2.88411E-5 2.85129E-5 2.84412E-5 2.9124E-5 2.96281E-5 2.97823E-5 2.95805E-5 3.09483E-5 3.18579E-5 3.22108E-5 5.69859E-5 5.59024E-5 5.60691E-5 3.20224E-5 3.07886E-5 2.82114E-5 3.18061E-5 3.55694E-5 5.29038E-5 5.3007E-5 5.34348E-5 3.94346E-5 5.80115E-5 5.89804E-5 4.04275E-5 6.25142E-5 6.19207E-5 3.62984E-5 3.73516E-5 3.82169E-5 6.92886E-5 4.03061E-5 4.06999E-5 5.22956E-5 3.94682E-5 6.16916E-5
-9999 -9999 -9999 -9999 -9999 -9999 -9999 -9999 -9999 -9999 -9999 -9999 -9999 -9999 -9999 -9999 -9999 -9999 -9999 -9999 -9999 2.80881E-5 2.7539E-5 2.78991E-5 2.99665E-5 3.17407E-5 5.86463E-5 6.03735E-5 3.31352E-5 3.09403E-5 2.91161E-5 2.95997E-5 2.99815E-5 3.12106E-5 3.15588E-5 3.14399E-5 3.21973E-5 5.97794E-5 5.88294E-5 5.73987E-5 3.20111E-5 3.21611E-5 3.11507E-5 3.45507E-5 3.44144E-5 3.48968E-5 5.56015E-5 5.55112E-5 5.57427E-5 3.95628E-5 5.97477E-5 6.10755E-5 4.34206E-5 4.21922E-5 6.51835E-5 3.91686E-5 3.60953E-5 4.12378E-5 6.90119E-5 6.84673E-5 3.96505E-5 5.18059E-5 5.97736E-5 3.258E-5 5.40911E-5
-9999 -9999 -9999 -9999 -9999 -9999 -9999 -9999 -9999 -9999 -9999 -9999 -9999 -9999 -9999 -9999 -9999 -9999 -9999 -9999 -9999 3.20036E-5 3.05032E-5 2.85436E-5 3.14489E-5 5.38723E-5 5.78947E-5 3.42761E-5 3.25288E-5 3.03738E-5 2.96231E-5 2.86043E-5 3.02818E-5 3.21889E-5 5.93835E-5 5.92954E-5 5.90593E-5 5.79276E-5 3.19149E-5 3.21721E-5 3.33862E-5 3.40627E-5 3.49727E-5 5.81243E-5 5.80659E-5 5.8467E-5 5.87574E-5 5.92152E-5 4.06681E-5 6.28265E-5 6.39025E-5 4.28943E-5 4.65936E-5 6.56588E-5 6.73697E-5 4.17695E-5 3.79507E-5 4.12129E-5 7.27128E-5 6.83583E-5 3.69679E-5 3.78335E-5 6.04998E-5 2.62405E-5 6.14907E-5
-9999 -9999 -9999 -9999 -9999 -9999 -9999 -9999 -9999 -9999 -9999 -9999 -9999 -9999 -9999 -9999 -9999 -9999 -9999 -9999 -9999 -9999 3.46636E-5 2.9434E-5 2.98119E-5 3.41767E-5 6.2579E-5 6.9319E-5 3.56614E-5 3.39981E-5 3.33595E-5 3.29565E-5 2.70923E-5 6.09348E-5 6.06267E-5 3.25875E-5 3.22194E-5 3.25387E-5 3.15997E-5 3.47404E-5 5.93947E-5 5.99686E-5 6.03436E-5 6.05338E-5 6.0733E-5 6.14482E-5 6.30103E-5 3.96515E-5 6.69456E-5 6.79442E-5 4.14983E-5 4.06991E-5 4.45156E-5 7.14933E-5 4.37708E-5 3.85577E-5 4.28141E-5 8.10358E-5 7.37777E-5 3.91671E-5 6.39492E-5 6.4295E-5 3.94175E-5 3.27286E-5 6.07667E-5
-9999 -9999 -9999 -9999 -9999 -9999 -9999 -9999 -9999 -9999 -9999 -9999 -9999 -9999 -9999 -9999 -9999 -9999 -9999 -9999 -9999 -9999 -9999 -9999 -9999 -9999 -9999 7.45092E-5 7.28173E-5 7.06613E-5 6.88767E-5 4.08646E-5 4.04024E-5 6.31412E-5 3.36628E-5 3.2017E-5 3.35478E-5 3.38558E-5 3.43234E-5 6.22963E-5 6.25073E-5 6.25499E-5 6.27725E-5 6.30839E-5 3.99937E-5 3.93421E-5 3.81974E-5 6.97844E-5 7.19755E-5 4.04078E-5 3.86009E-5 4.45979E-5 5.99716E-5 7.47224E-5 4.84008E-5 4.30412E-5 8.5962E-5 8.11453E-5 7.34423E-5 4.03223E-5 6.51589E-5 6.7622E-5 6.34021E-5 3.47458E-5 6.40426E-5
-9999 -9999 -9999 -9999 -9999 -9999 -9999 -9999 -9999 -9999 -9999 -9999 -9999 -9999 -9999 -9999 -9999 -9999 -9999 -9999 -9999 -9999 -9999 -9999 -9999 -9999 3.97874E-5 4.06279E-5 7.73725E-5 7.53473E-5 7.51447E-5 4.63111E-5 4.47295E-5 3.61462E-5 3.57371E-5 3.60083E-5 6.61621E-5 6.51639E-5 6.50518E-5 6.48708E-5 3.47491E-5 6.52007E-5 3.89955E-5 3.94254E-5 3.51837E-5 3.72524E-5 7.20149E-5 7.39786E-5 7.70942E-5 4.25119E-5 4.62654E-5 7.4039E-5 7.52998E-5 4.99378E-5 4.8718E-5 8.7978E-5 8.82673E-5 4.9259E-5 7.04411E-5 3.73067E-5 6.68219E-5 6.93218E-5 6.64282E-5 3.82639E-5 6.57103E-5
-9999 -9999 -9999 -9999 -9999 -9999 -9999 -9999 -9999 -9999 -9999 -9999 -9999 -9999 -9999 -9999 -9999 -9999 -9999 -9999 -9999 -9999 -9999 -9999 -9999 -9999 3.94705E-5 3.96431E-5 4.03522E-5 3.93332E-5 7.31823E-5 4.23272E-5 7.13032E-5 7.15898E-5 7.08716E-5 5.47226E-5 5.36244E-5 6.74617E-5 6.73336E-5 3.5854E-5 3.69979E-5 3.83112E-5 3.52636E-5 3.22918E-5 3.24083E-5 3.54268E-5 3.87203E-5 4.2303E-5 8.31547E-5 4.69046E-5 8.75332E-5 9.19031E-5 4.91798E-5 4.60861E-5 4.82629E-5 9.84265E-5 4.94057E-5 4.92519E-5 7.15847E-5 4.07795E-5 3.88665E-5 4.05635E-5 6.67835E-5 6.72058E-5 6.39467E-5
-9999 -9999 -9999 -9999 -9999 -9999 -9999 -9999 -9999 -9999 -9999 -9999 -9999 -9999 -9999 -9999 -9999 -9999 -9999 -9999 -9999 -9999 -9999 -9999 -9999 -9999 4.49172E-5 3.92154E-5 3.88185E-5 3.74608E-5 3.55844E-5 3.40834E-5 3.57457E-5 7.13066E-5 7.3152E-5 3.77723E-5 3.6559E-5 3.84156E-5 7.17776E-5 7.23137E-5 7.17125E-5 7.16878E-5 3.73625E-5 3.70197E-5 3.64321E-5 3.42929E-5 3.59127E-5 4.46025E-5 8.60513E-5 9.03858E-5 9.8728E-5 5.09955E-5 4.78514E-5 5.28732E-5 1.07737E-4 1.01441E-4 5.50524E-5 5.04752E-5 7.92225E-5 4.25112E-5 4.22453E-5 4.48546E-5 7.05912E-5 3.91988E-5 6.54646E-5
-9999 -9999 -9999 -9999 -9999 -9999 -9999 -9999 -9999 -9999 -9999 -9999 -9999 -9999 -9999 -9999 -9999 -9999 -9999 -9999 -9999 -9999 -9999 -9999 -9999 4.6695E-5 4.65869E-5 4.5282E-5 4.26476E-5 4.21076E-5 7.65103E-5 7.30755E-5 7.31226E-5 7.56692E-5 7.99202E-5 4.23032E-5 3.83016E-5 3.81828E-5 3.78354E-5 3.72712E-5 3.90707E-5 7.45954E-5 7.58372E-5 7.88172E-5 4.7924E-5 4.85079E-5 4.93629E-5 4.6094E-5 5.16144E-5 5.40643E-5 1.11346E-4 5.99374E-5 6.10594E-5 1.17523E-4 1.16999E-4 9.76272E-5 9.03492E-5 5.21723E-5 8.37805E-5 6.76928E-5 8.21474E-5 5.32639E-5 8.24433E-5 4.05015E-5 4.14986E-5
