catData/rasterBestHybridModels/Prubiginosus/RD_RM2_L/Prubiginosus_avg.asc
ncols         409
nrows         350
xllcorner     60.897278365
yllcorner     5.843756025
cellsize      0.0892857
NODATA_value  -9999
[rows 0 to 28 of 350, columns 132 to 197 of 409]
-9999 -9999 -9999 -9999 -9999 -9999 -9999 -9999 -9999 -9999 -9999 -9999 -9999 -9999 -9999 -9999 -9999 -9999 -9999 -9999 -9999 1.3559E-6 1.15753E-6 1.08862E-6 8.6636E-7 -9999 1.59251E-6 1.33915E-6 -9999 -9999 -9999 -9999 -9999 -9999 -9999 -9999 -9999 -9999 -9999 -9999 -9999 -9999 -9999 -9999 -9999 -9999 -9999 -9999 -9999 -9999 -9999 -9999 -9999 -9999 -9999 -9999 -9999 -9999 -9999 -9999 -9999 -9999 -9999 -9999 -9999 -9999
-9999 -9999 -9999 -9999 -9999 -9999 -9999 -9999 -9999 -9999 -9999 -9999 -9999 -9999 -9999 -9999 -9999 -9999 1.36912E-6 1.75728E-6 1.84288E-6 1.60962E-6 1.63247E-6 1.31239E-6 1.08084E-6 1.65975E-6 2.07244E-6 1.74062E-6 1.93021E-6 1.76087E-6 -9999 -9999 -9999 -9999 -9999 -9999 -9999 -9999 -9999 -9999 -9999 -9999 -9999 -9999 -9999 -9999 -9999 -9999 -9999 -9999 -9999 -9999 -9999 -9999 -9999 -9999 -9999 -9999 -9999 -9999 -9999 -9999 -9999 -9999 -9999 -9999
2.19755E-6 2.82595E-6 3.14957E-6 2.93743E-6 2.58328E-6 3.18966E-6 2.42319E-6 2.99837E-6 3.11329E-6 2.8628E-6 2.425E-6 1.96171E-6 2.32976E-6 2.46516E-6 2.52927E-6 2.02758E-6 2.78417E-6 2.8205E-6 2.97412E-6 3.54266E-6 3.65272E-6 3.16142E-6 2.69315E-6 1.95202E-6 2.02922E-6 3.70176E-6 4.20361E-6 3.66775E-6 3.03571E-6 2.25521E-6 2.13612E-6 -9999 -9999 -9999 -9999 -9999 -9999 -9999 -9999 -9999 -9999 -9999 -9999 -9999 -9999 -9999 -9999 -9999 -9999 -9999 -9999 -9999 -9999 -9999 -9999 -9999 -9999 -9999 -9999 -9999 -9999 -9999 -9999 -9999 -9999 -9999
2.84651E-6 2.8174E-6 3.16901E-6 3.60238E-6 3.04641E-6 2.85141E-6 2.87005E-6 2.8379E-6 2.19091E-6 1.8513E-6 1.68807E-6 1.3376E-6 1.1624E-6 1.22816E-6 2.44486E-6 2.50714E-6 2.36629E-6 1.97661E-6 3.6036E-6 3.60132E-6 3.35839E-6 4.44803E-6 6.6965E-6 6.30929E-6 5.65191E-6 4.95338E-6 2.83909E-6 1.9625E-6 1.83411E-6 2.64532E-6 1.67696E-6 1.06143E-6 9.69952E-7 1.23034E-6 1.83889E-6 -9999 -9999 -9999 -9999 -9999 -9999 -9999 -9999 -9999 -9999 -9999 -9999 -9999 -9999 -9999 -9999 -9999 -9999 -9999 -9999 -9999 -9999 -9999 -9999 -9999 -9999 -9999 -9999 -9999 -9999 -9999
2.27079E-6 2.35107E-6 3.69268E-6 1.89705E-6 1.22211E-6 1.14384E-6 1.24776E-6 1.61502E-6 1.93806E-6 1.48164E-6 1.07124E-6 1.0075E-6 1.07456E-6 1.19889E-6 2.22889E-6 2.04629E-6 1.05149E-6 1.01861E-6 1.18343E-6 1.0066E-6 1.24852E-6 1.91751E-6 4.1722E-6 6.83451E-6 6.1501E-6 2.39735E-6 1.92235E-6 1.65031E-6 1.81164E-6 1.88791E-6 1.38484E-6 9.16385E-7 8.91444E-7 1.23539E-6 1.94378E-6 3.40505E-6 -9999 -9999 -9999 -9999 -9999 -9999 -9999 -9999 -9999 -9999 -9999 -9999 -9999 -9999 -9999 -9999 -9999 -9999 -9999 -9999 -9999 -9999 -9999 -9999 -9999 -9999 -9999 -9999 -9999 -9999
2.40308E-6 3.49952E-6 3.59686E-6 1.86978E-6 1.39261E-6 1.48034E-6 2.03871E-6 2.46855E-6 3.29303E-6 2.26014E-6 1.68046E-6 2.02458E-6 2.6264E-6 2.81298E-6 2.58301E-6 3.04934E-6 1.7056E-6 9.94896E-7 6.47684E-7 7.13767E-7 9.66351E-7 1.28552E-6 1.86671E-6 4.89719E-6 6.702E-6 3.21673E-6 2.24868E-6 2.14217E-6 2.27182E-6 1.80027E-6 1.79249E-6 1.44627E-6 1.10427E-6 1.07595E-6 1.32484E-6 3.2134E-6 4.7696E-6 -9999 -9999 -9999 -9999 -9999 -9999 -9999 -9999 -9999 -9999 -9999 -9999 -9999 -9999 -9999 -9999 -9999 -9999 -9999 -9999 -9999 -9999 -9999 -9999 -9999 -9999 -9999 -9999 -9999
5.23131E-6 4.50391E-6 2.30766E-6 1.61027E-6 1.60318E-6 2.28092E-6 3.68423E-6 6.02316E-6 4.75497E-6 2.36556E-6 1.70632E-6 2.32616E-6 5.8953E-6 7.92785E-6 5.06437E-6 2.77509E-6 1.77666E-6 1.77719E-6 1.28882E-6 8.9558E-7 6.68931E-7 8.13875E-7 1.40828E-6 4.91093E-6 6.30739E-6 5.11521E-6 5.32144E-6 4.50891E-6 4.22945E-6 2.59072E-6 2.5577E-6 2.76848E-6 2.31652E-6 1.4346E-6 1.49089E-6 2.39975E-6 4.81589E-6 -9999 -9999 -9999 -9999 -9999 -9999 -9999 -9999 -9999 -9999 -9999 -9999 -9999 -9999 -9999 -9999 -9999 -9999 -9999 -9999 -9999 -9999 -9999 -9999 -9999 -9999 -9999 -9999 -9999
4.75956E-6 2.55186E-6 1.85163E-6 1.48403E-6 1.39471E-6 2.03459E-6 3.76782E-6 8.20027E-6 4.05846E-6 2.15811E-6 1.90007E-6 2.5074E-6 7.65648E-6 8.49739E-6 4.06081E-6 2.61899E-6 2.21505E-6 2.76307E-6 2.31479E-6 1.17462E-6 1.36048E-6 1.77347E-6 1.13438E-6 2.68908E-6 7.52875E-6 2.72282E-6 1.66275E-6 1.70837E-6 2.51461E-6 3.91685E-6 4.74451E-6 3.54941E-6 2.66564E-6 2.34656E-6 2.84939E-6 3.25792E-6 3.83E-6 3.82084E-6 -9999 -9999 -9999 -9999 -9999 -9999 -9999 -9999 -9999 -9999 -9999 -9999 -9999 -9999 -9999 -9999 -9999 -9999 -9999 -9999 -9999 -9999 -9999 -9999 -9999 -9999 -9999 -9999
2.66253E-6 1.9132E-6 1.63067E-6 1.46056E-6 1.56243E-6 2.14044E-6 3.06718E-6 6.80419E-6 4.99833E-6 3.36465E-6 3.8312E-6 3.96788E-6 9.54559E-6 5.67271E-6 2.94746E-6 2.85549E-6 2.63415E-6 3.9867E-6 5.24342E-6 3.75248E-6 3.96675E-6 5.94862E-6 4.5804E-6 5.53591E-6 6.14062E-6 1.71383E-6 6.24933E-7 6.69968E-7 6.64586E-7 1.505E-6 2.21566E-6 2.32683E-6 1.76328E-6 1.83534E-6 3.39157E-6 3.51475E-6 1.86135E-6 1.62662E-6 -9999 -9999 -9999 -9999 -9999 -9999 -9999 -9999 -9999 -9999 -9999 -9999 -9999 -9999 -9999 -9999 -9999 -9999 -9999 -9999 -9999 -9999 -9999 -9999 -9999 -9999 -9999 -9999
2.23422E-6 2.28422E-6 2.51291E-6 2.66435E-6 2.69682E-6 3.24796E-6 4.92092E-6 6.05238E-6 6.38799E-6 7.17826E-6 6.5704E-6 9.90262E-6 1.12323E-5 4.38324E-6 2.51894E-6 2.92343E-6 3.27652E-6 4.57613E-6 9.94507E-6 8.09129E-6 6.71625E-6 5.55028E-6 5.75403E-6 7.29048E-6 5.87153E-6 3.4789E-6 1.16555E-6 9.28319E-7 5.45701E-7 7.44333E-7 7.60968E-7 1.1595E-6 1.08691E-6 1.23426E-6 1.8288E-6 2.62763E-6 1.48543E-6 1.10457E-6 -9999 -9999 -9999 -9999 -9999 -9999 -9999 -9999 -9999 -9999 -9999 -9999 -9999 -9999 -9999 -9999 -9999 -9999 -9999 -9999 -9999 -9999 -9999 -9999 -9999 -9999 -9999 -9999
3.04632E-6 3.46351E-6 4.06025E-6 4.26134E-6 4.46947E-6 4.71445E-6 5.68894E-6 3.87991E-6 3.00357E-6 3.54814E-6 2.84315E-6 6.81924E-6 9.27658E-6 9.00653E-6 4.54557E-6 3.57626E-6 4.52148E-6 7.65617E-6 8.70594E-6 3.18421E-6 1.64403E-6 1.37065E-6 1.481E-6 2.43045E-6 2.8275E-6 3.19049E-6 2.98182E-6 2.62302E-6 1.49429E-6 9.582E-7 7.48416E-7 9.20265E-7 7.8433E-7 6.64385E-7 1.02073E-6 1.75444E-6 1.36464E-6 -9999 -9999 -9999 -9999 -9999 -9999 -9999 -9999 -9999 -9999 -9999 -9999 -9999 -9999 -9999 -9999 -9999 -9999 -9999 -9999 -9999 -9999 -9999 -9999 -9999 -9999 -9999 -9999 -9999
2.1377E-6 2.06542E-6 2.18799E-6 2.49407E-6 2.57376E-6 2.34747E-6 2.47827E-6 2.77788E-6 2.01786E-6 1.72304E-6 1.85116E-6 2.53051E-6 5.34939E-6 7.71366E-6 7.07867E-6 8.21987E-6 8.62061E-6 1.20196E-5 7.51881E-6 3.52954E-6 3.07356E-6 2.48552E-6 1.38727E-6 1.03573E-6 1.02112E-6 1.02744E-6 1.49023E-6 1.64922E-6 2.11254E-6 1.85198E-6 1.50942E-6 1.20444E-6 6.70856E-7 5.35926E-7 8.85435E-7 1.15036E-6 7.8998E-7 -9999 -9999 -9999 -9999 -9999 -9999 -9999 -9999 -9999 -9999 -9999 -9999 -9999 -9999 -9999 -9999 -9999 -9999 -9999 -9999 -9999 -9999 -9999 -9999 -9999 -9999 -9999 -9999 -9999
1.67747E-6 1.30103E-6 1.33701E-6 1.47402E-6 1.67964E-6 1.9519E-6 2.66311E-6 2.85564E-6 2.08813E-6 1.63529E-6 1.75468E-6 2.04379E-6 3.09934E-6 3.53237E-6 2.61444E-6 5.02098E-6 9.12987E-6 1.52052E-5 1.60009E-5 9.73038E-6 1.01511E-5 4.7927E-6 4.62465E-6 2.98598E-6 1.49759E-6 7.34498E-7 8.10357E-7 1.35871E-6 1.65481E-6 1.74793E-6 1.73931E-6 1.69123E-6 1.25058E-6 1.08534E-6 8.40473E-7 8.24459E-7 1.05596E-6 9.77544E-7 4.54763E-7 -9999 -9999 -9999 -9999 -9999 -9999 -9999 -9999 -9999 -9999 -9999 -9999 -9999 -9999 -9999 -9999 -9999 -9999 -9999 -9999 -9999 -9999 -9999 -9999 -9999 -9999 -9999
1.51184E-6 1.56977E-6 1.58686E-6 1.64081E-6 1.35036E-6 1.6113E-6 2.09131E-6 3.61011E-6 2.35932E-6 1.65893E-6 2.35754E-6 2.999E-6 2.68208E-6 1.58195E-6 2.67713E-6 3.18309E-6 5.19664E-6 6.62827E-6 8.20008E-6 1.14399E-5 8.79252E-6 8.19509E-6 1.15096E-5 6.44847E-6 1.52428E-6 8.76529E-7 1.16582E-6 1.31204E-6 1.60002E-6 1.83572E-6 2.02096E-6 1.50981E-6 1.35257E-6 1.29536E-6 1.16451E-6 1.02817E-6 1.22546E-6 6.86173E-7 3.33706E-7 -9999 -9999 -9999 2.60918E-7 2.75834E-7 -9999 -9999 -9999 -9999 -9999 -9999 -9999 -9999 -9999 -9999 -9999 -9999 -9999 -9999 -9999 -9999 -9999 -9999 -9999 -9999 -9999 -9999
2.00683E-6 2.63821E-6 1.54323E-6 2.14729E-6 1.66362E-6 1.58376E-6 2.42348E-6 5.21494E-6 3.18002E-6 2.03859E-6 3.92506E-6 5.31983E-6 2.8173E-6 1.94644E-6 3.17654E-6 2.77673E-6 2.75873E-6 3.16563E-6 4.51715E-6 3.80803E-6 5.7954E-6 8.51562E-6 1.26806E-5 7.82986E-6 2.78739E-6 1.74665E-6 2.82991E-6 2.40521E-6 1.76008E-6 2.12487E-6 3.43121E-6 1.8545E-6 1.87827E-6 1.52126E-6 1.26913E-6 1.18484E-6 1.21895E-6 6.4861E-7 4.25749E-7 4.64107E-7 6.41471E-7 6.79634E-7 5.83142E-7 5.00466E-7 -9999 -9999 -9999 -9999 -9999 -9999 -9999 -9999 -9999 -9999 -9999 -9999 -9999 -9999 -9999 -9999 -9999 -9999 -9999 -9999 -9999 -9999
2.01422E-6 1.69288E-6 3.77216E-6 2.73641E-6 1.6892E-6 1.64808E-6 2.65887E-6 5.22895E-6 5.86395E-6 4.53791E-6 9.51424E-6 5.64144E-6 3.86876E-6 4.65863E-6 8.47791E-6 3.69185E-6 2.53469E-6 1.97887E-6 3.48006E-6 2.78894E-6 3.9663E-6 7.38015E-6 1.04606E-5 9.50966E-6 8.53179E-6 5.28517E-6 6.12557E-6 3.40944E-6 2.60211E-6 3.12086E-6 5.01715E-6 6.49687E-6 4.43533E-6 3.06093E-6 2.28511E-6 2.04469E-6 1.72818E-6 9.81492E-7 9.77058E-7 1.10303E-6 6.30928E-7 5.79554E-7 6.75635E-7 7.38704E-7 5.20457E-7 4.90994E-7 -9999 -9999 -9999 -9999 -9999 -9999 -9999 -9999 -9999 -9999 -9999 -9999 -9999 -9999 -9999 -9999 -9999 -9999 -9999 -9999
2.772E-6 2.74247E-6 4.40829E-6 2.57221E-6 1.90941E-6 1.72492E-6 2.64744E-6 3.58985E-6 8.39732E-6 1.30186E-5 1.26984E-5 8.58462E-6 9.94775E-6 1.7053E-5 1.34953E-5 6.20402E-6 5.15326E-6 2.58065E-6 1.53812E-6 1.65852E-6 2.58533E-6 6.43214E-6 7.53915E-6 2.3332E-6 4.05169E-6 7.15746E-6 8.73326E-6 7.49371E-6 6.31817E-6 5.73018E-6 3.10249E-6 5.65829E-6 5.52164E-6 2.22202E-6 1.59575E-6 1.32764E-6 1.2153E-6 1.71036E-6 1.31159E-6 7.74541E-7 5.21482E-7 6.2076E-7 5.53402E-7 5.04681E-7 6.5825E-7 6.72984E-7 7.00069E-7 8.06034E-7 6.14355E-7 4.86482E-7 -9999 -9999 -9999 -9999 -9999 -9999 -9999 -9999 -9999 -9999 -9999 -9999 -9999 -9999 -9999 -9999
1.93649E-6 3.4315E-6 2.74919E-6 4.39784E-6 4.00445E-6 4.58203E-6 7.63507E-6 1.00183E-5 1.27198E-5 1.54609E-5 1.57374E-5 1.65679E-5 1.69989E-5 1.8133E-5 1.6628E-5 1.10623E-5 1.25849E-5 6.33081E-6 3.13779E-6 2.62602E-6 3.51452E-6 9.56634E-6 8.80003E-6 4.93889E-6 2.78549E-6 3.02793E-6 2.77501E-6 3.12616E-6 3.55862E-6 5.43889E-6 4.06734E-6 2.72735E-6 6.58461E-6 6.30266E-6 2.51307E-6 1.53442E-6 1.3585E-6 1.56859E-6 1.44019E-6 1.06971E-6 1.23864E-6 1.19807E-6 9.73933E-7 8.77361E-7 1.33979E-6 8.92856E-7 4.07917E-7 6.82115E-7 8.14045E-7 5.72587E-7 4.92342E-7 3.14654E-7 3.14763E-7 -9999 7.27987E-7 -9999 1.54718E-6 -9999 -9999 -9999 -9999 -9999 -9999 -9999 -9999 -9999
1.50747E-6 2.62884E-6 6.38927E-6 7.00961E-6 9.24947E-6 1.26627E-5 1.05986E-5 7.21552E-6 4.6827E-6 5.3624E-6 6.18655E-6 7.43577E-6 1.43783E-5 1.43418E-5 1.53689E-5 1.61803E-5 1.54592E-5 7.94679E-6 7.34276E-6 6.48398E-6 8.40229E-6 6.49566E-6 3.41753E-6 5.7181E-6 4.59912E-6 2.18689E-6 1.65494E-6 1.42053E-6 1.94404E-6 4.07053E-6 5.71708E-6 4.93962E-6 4.10851E-6 7.64499E-6 5.43866E-6 3.08023E-6 2.03645E-6 1.93096E-6 2.23009E-6 1.34193E-6 1.57906E-6 2.07017E-6 1.23058E-6 9.8691E-7 1.71376E-6 1.37004E-6 5.94807E-7 5.30505E-7 8.67427E-7 9.86213E-7 8.09239E-7 3.99986E-7 3.42276E-7 4.08767E-7 6.98798E-7 9.89049E-7 1.27563E-6 1.99705E-6 2.15958E-6 1.58231E-6 -9999 -9999 -9999 -9999 -9999 -9999
2.9184E-6 2.29305E-6 4.02146E-6 3.1861E-6 4.97835E-6 1.30577E-5 1.12521E-5 4.91056E-6 2.34116E-6 1.6384E-6 1.80667E-6 3.03419E-6 7.87687E-6 5.76182E-6 6.97631E-6 1.25896E-5 1.08647E-5 4.34026E-6 5.67487E-6 2.78936E-6 2.44785E-6 1.39618E-6 1.52999E-6 3.05798E-6 5.98745E-6 2.26917E-6 1.53747E-6 1.27431E-6 1.41863E-6 1.74922E-6 2.25023E-6 5.91825E-6 1.07597E-5 7.79182E-6 8.15911E-6 5.58485E-6 3.06727E-6 2.2484E-6 3.29748E-6 2.66873E-6 2.35266E-6 4.86977E-6 1.6365E-6 1.34365E-6 2.15747E-6 1.60181E-6 9.3929E-7 5.17884E-7 5.18856E-7 8.75265E-7 1.53179E-6 7.97328E-7 4.27473E-7 4.3163E-7 8.1413E-7 1.45928E-6 2.28868E-6 2.23632E-6 2.09259E-6 2.12883E-6 -9999 -9999 -9999 -9999 -9999 -9999
3.15021E-6 2.91789E-6 5.34228E-6 5.45853E-6 8.01185E-6 1.33269E-5 1.65069E-5 9.0394E-6 3.32654E-6 2.27539E-6 2.05901E-6 2.25973E-6 3.64645E-6 2.92537E-6 3.77419E-6 7.28113E-6 5.49089E-6 5.09082E-6 3.30214E-6 2.5977E-6 1.12837E-6 1.12761E-6 2.58111E-6 4.58253E-6 5.14397E-6 3.26258E-6 1.80118E-6 1.51561E-6 1.17019E-6 1.23539E-6 1.54653E-6 2.45419E-6 5.5912E-6 5.19255E-6 4.4956E-6 7.07238E-6 6.10465E-6 3.02466E-6 3.72422E-6 7.27873E-6 5.8332E-6 8.29902E-6 4.32181E-6 1.73912E-6 2.62032E-6 2.24981E-6 1.29444E-6 7.46757E-7 5.52929E-7 1.07257E-6 2.17773E-6 1.45528E-6 6.61581E-7 3.93643E-7 5.28875E-7 1.02408E-6 1.89274E-6 1.26583E-6 1.17026E-6 1.32248E-6 -9999 -9999 -9999 -9999 -9999 -9999
3.27867E-6 4.39326E-6 1.05495E-5 9.4727E-6 1.36093E-5 1.08431E-5 7.07137E-6 5.0475E-6 2.72898E-6 2.58451E-6 2.61433E-6 2.96072E-6 2.71871E-6 1.88559E-6 2.80181E-6 3.6903E-6 2.97791E-6 2.8268E-6 3.23775E-6 1.77189E-6 1.09645E-6 1.32171E-6 2.27766E-6 4.75208E-6 3.24116E-6 3.47757E-6 2.50459E-6 1.6855E-6 1.40094E-6 1.36892E-6 1.51125E-6 1.60805E-6 2.14093E-6 2.11301E-6 2.25464E-6 5.72645E-6 8.57049E-6 7.36704E-6 5.66615E-6 4.58231E-6 4.94329E-6 7.88369E-6 6.54383E-6 3.15355E-6 2.73242E-6 2.23339E-6 1.99796E-6 1.19562E-6 7.81541E-7 9.84251E-7 2.15173E-6 1.5236E-6 8.78875E-7 5.04917E-7 4.22197E-7 8.67807E-7 1.6637E-6 1.16609E-6 1.00148E-6 8.85514E-7 8.546E-7 -9999 -9999 -9999 -9999 -9999
3.81571E-6 5.65735E-6 7.6425E-6 8.40492E-6 7.39947E-6 6.71785E-6 4.3606E-6 2.59532E-6 2.05708E-6 2.11969E-6 2.89881E-6 2.7827E-6 1.98842E-6 2.53348E-6 2.63899E-6 2.54748E-6 2.61658E-6 1.96731E-6 2.46413E-6 1.74225E-6 1.58441E-6 1.75442E-6 2.54674E-6 3.72621E-6 2.74491E-6 1.7375E-6 2.4342E-6 2.32704E-6 1.51863E-6 1.4085E-6 1.70273E-6 1.81007E-6 1.61045E-6 2.2711E-6 2.47059E-6 3.39437E-6 6.07266E-6 6.37144E-6 3.40345E-6 2.02556E-6 1.78942E-6 2.68455E-6 4.77941E-6 2.29176E-6 1.62712E-6 1.79823E-6 2.12692E-6 1.51794E-6 8.50236E-7 7.71411E-7 1.56786E-6 2.22329E-6 1.99278E-6 7.52539E-7 6.49342E-7 7.90654E-7 1.42829E-6 2.04093E-6 1.45893E-6 1.19115E-6 1.09423E-6 -9999 -9999 -9999 -9999 -9999
7.5031E-6 8.68428E-6 7.92443E-6 7.44784E-6 7.22471E-6 4.56747E-6 3.60302E-6 2.89578E-6 2.32354E-6 2.11378E-6 3.01171E-6 3.54413E-6 2.38257E-6 2.87547E-6 2.80447E-6 1.99436E-6 3.14652E-6 3.23362E-6 2.14964E-6 3.03583E-6 2.73487E-6 2.37122E-6 2.39051E-6 2.05792E-6 2.84931E-6 1.79783E-6 2.34134E-6 2.28408E-6 1.92712E-6 1.47928E-6 1.286E-6 1.51024E-6 1.89241E-6 2.0353E-6 1.60375E-6 1.67249E-6 2.48149E-6 3.93147E-6 5.1793E-6 4.83761E-6 2.13938E-6 1.76467E-6 3.68984E-6 4.25786E-6 2.19902E-6 1.93546E-6 1.80181E-6 1.54261E-6 1.25117E-6 9.23031E-7 9.2122E-7 1.19557E-6 2.69572E-6 2.21078E-6 1.59753E-6 1.04983E-6 1.2442E-6 2.11008E-6 2.23E-6 2.29125E-6 1.53217E-6 -9999 -9999 -9999 -9999 -9999
1.552E-5 8.41199E-6 7.79133E-6 8.58189E-6 6.31043E-6 2.83182E-6 3.85674E-6 3.31172E-6 2.45974E-6 2.7828E-6 4.35489E-6 4.14548E-6 3.56929E-6 2.82947E-6 2.13934E-6 2.39385E-6 4.81042E-6 4.65622E-6 2.99972E-6 4.65307E-6 2.80713E-6 1.95424E-6 1.74472E-6 1.87699E-6 2.50358E-6 1.77713E-6 2.38001E-6 2.28781E-6 1.86956E-6 1.10418E-6 1.31413E-6 1.6061E-6 2.00044E-6 2.02666E-6 2.06558E-6 2.13709E-6 1.69029E-6 1.71813E-6 2.74098E-6 6.70959E-6 2.51909E-6 1.42412E-6 1.99855E-6 3.5612E-6 3.48799E-6 3.71317E-6 3.29876E-6 2.36256E-6 1.66437E-6 1.61307E-6 1.25687E-6 8.53906E-7 1.41593E-6 2.94703E-6 2.08712E-6 7.25621E-7 6.59095E-7 7.96135E-7 9.91708E-7 1.81627E-6 2.40457E-6 2.30392E-6 -9999 -9999 -9999 -9999
1.60651E-5 1.09209E-5 9.03209E-6 1.15422E-5 1.0514E-5 7.34281E-6 3.79792E-6 3.99975E-6 4.38126E-6 6.54024E-6 6.01739E-6 2.66181E-6 2.23828E-6 2.13172E-6 3.24144E-6 4.33085E-6 7.34308E-6 6.60567E-6 6.11635E-6 6.51897E-6 5.46072E-6 4.9928E-6 3.50085E-6 3.25602E-6 3.14483E-6 3.06681E-6 3.22137E-6 2.45073E-6 2.13558E-6 1.95549E-6 1.46475E-6 1.52617E-6 2.15949E-6 2.21289E-6 2.2187E-6 2.21679E-6 2.11032E-6 1.70998E-6 2.69573E-6 6.78994E-6 2.81403E-6 1.37768E-6 1.29443E-6 1.45766E-6 1.51163E-6 1.75602E-6 2.60463E-6 2.9599E-6 3.07557E-6 3.98391E-6 2.77521E-6 1.5665E-6 1.39411E-6 2.55379E-6 3.74687E-6 1.06879E-6 5.15011E-7 3.5735E-7 5.75242E-7 9.63144E-7 1.64458E-6 2.68677E-6 -9999 -9999 -9999 -9999
6.15798E-6 1.01098E-5 1.90814E-5 9.5233E-6 9.67182E-6 1.66003E-5 1.45687E-5 8.26345E-6 4.89648E-6 1.29272E-5 7.74394E-6 3.15952E-6 2.9551E-6 4.01686E-6 4.95501E-6 8.26949E-6 8.03346E-6 5.63477E-6 4.92358E-6 4.85302E-6 4.37294E-6 5.52097E-6 5.701E-6 4.07979E-6 4.99062E-6 4.94291E-6 3.53909E-6 1.79001E-6 1.69262E-6 2.17901E-6 2.22478E-6 2.24358E-6 1.72715E-6 2.26059E-6 2.26159E-6 2.29603E-6 2.21937E-6 1.7324E-6 4.24241E-6 5.66016E-6 4.86181E-6 2.28205E-6 1.86733E-6 1.33592E-6 1.09521E-6 1.16478E-6 1.33991E-6 1.53393E-6 1.51057E-6 2.84662E-6 4.0037E-6 5.47885E-6 3.97655E-6 3.28011E-6 6.28926E-6 2.01622E-6 7.57004E-7 4.21079E-7 5.96871E-7 9.68005E-7 1.66492E-6 2.56652E-6 -9999 -9999 -9999 -9999
1.17794E-5 8.04468E-6 8.91789E-6 1.39989E-5 1.41328E-5 1.29818E-5 1.30863E-5 1.87384E-5 1.67495E-5 6.13836E-6 4.21268E-6 3.42775E-6 6.19528E-6 9.0145E-6 9.19082E-6 3.91174E-6 5.43552E-6 6.10266E-6 3.94899E-6 5.37416E-6 2.78056E-6 5.33248E-6 4.81451E-6 4.81128E-6 5.38553E-6 5.5604E-6 4.63258E-6 2.06779E-6 1.65923E-6 1.61497E-6 1.70359E-6 2.24204E-6 2.20883E-6 2.18704E-6 2.23429E-6 2.37723E-6 2.80799E-6 3.52669E-6 5.39996E-6 2.79709E-6 3.23714E-6 4.59622E-6 4.65296E-6 2.6613E-6 1.90014E-6 1.17548E-6 9.15964E-7 9.02577E-7 1.07724E-6 1.4979E-6 1.66609E-6 3.24015E-6 3.71282E-6 6.11951E-6 8.22826E-6 4.91364E-6 1.41787E-6 7.29864E-7 4.87834E-7 6.72651E-7 1.2757E-6 2.46567E-6 1.51931E-6 1.10247E-6 -9999 -9999
1.73847E-5 6.87147E-6 9.09759E-6 1.01775E-5 1.06721E-5 1.49455E-5 1.40304E-5 1.44662E-5 1.30193E-5 1.11181E-5 7.47877E-6 3.1531E-6 6.45902E-6 7.08194E-6 4.18755E-6 1.41541E-5 1.73522E-5 1.20243E-5 9.35245E-6 8.66168E-6 5.60703E-6 4.08071E-6 4.24301E-6 3.67794E-6 2.4276E-6 2.83797E-6 4.1242E-6 4.00173E-6 3.19774E-6 2.47449E-6 1.71843E-6 1.6039E-6 1.57794E-6 1.55068E-6 1.55361E-6 1.67176E-6 2.43835E-6 2.41926E-6 4.55668E-6 5.41864E-6 3.27939E-6 2.99698E-6 6.09127E-6 6.28987E-6 4.8362E-6 1.88067E-6 1.1457E-6 8.13001E-7 8.09933E-7 1.13707E-6 1.36662E-6 1.99972E-6 1.56612E-6 4.36839E-6 5.61425E-6 5.99633E-6 3.81386E-6 1.22413E-6 6.72789E-7 5.64033E-7 8.9282E-7 2.22202E-6 1.92088E-6 9.77371E-7 6.09317E-7 7.61977E-7
