catData/rasterBestHybridModels/Prubiginosus/RD_RM2_L/Prubiginosus_median.asc
ncols         409
nrows         350
xllcorner     60.897278365
yllcorner     5.843756025
cellsize      0.0892857
NODATA_value  -9999
[rows 116 to 144 of 350, columns 195 to 259 of 409]
6.24091E-5 4.64328E-5 3.57632E-5 2.65298E-5 1.32191E-4 5.79761E-5 1.8191E-5 2.26075E-5 5.59224E-6 1.82157E-6 5.20914E-6 3.84452E-6 2.00034E-5 1.3846E-5 1.38156E-5 1.41352E-5 1.48645E-5 1.64763E-5 1.98857E-5 7.12163E-6 1.26474E-5 8.28643E-6 1.20963E-5 5.32062E-6 1.07437E-5 5.11576E-6 8.05199E-6 1.14367E-5 1.40217E-5 1.59692E-5 1.59601E-5 3.8288E-6 3.66529E-6 9.386E-6 2.49946E-6 3.03062E-6 3.26122E-6 3.44101E-6 3.60668E-6 3.22795E-6 9.40276E-6 1.72867E-6 1.26454E-6 1.38852E-6 2.94396E-6 1.95256E-5 2.5497E-5 1.65897E-5 7.0362E-6 9.89996E-6 7.82442E-6 2.17121E-6 2.03444E-6 2.53784E-6 1.35742E-6 6.59392E-6 9.66272E-6 2.06735E-6 1.5264E-6 1.12095E-6 1.11851E-6 1.34739E-6 2.48185E-6 1.60033E-6 1.74757E-6
2.13105E-5 3.09655E-5 6.55108E-5 3.62999E-5 6.84948E-5 6.46391E-5 2.98201E-5 2.28642E-5 2.2095E-5 1.3867E-5 3.26395E-6 2.29384E-6 7.47536E-6 1.00696E-5 1.39296E-5 8.10118E-6 1.32322E-5 1.1834E-5 2.06429E-5 1.68468E-5 7.83649E-6 1.51459E-5 9.73269E-6 2.70301E-6 1.50557E-5 6.65907E-6 6.24843E-6 1.28992E-5 1.58178E-5 1.25062E-5 9.48192E-6 4.51622E-6 3.22989E-6 1.97159E-6 1.47591E-6 1.96206E-6 1.09404E-6 4.75688E-6 4.93159E-6 2.64351E-6 6.21566E-6 1.53105E-5 7.65505E-6 1.0084E-6 9.54628E-7 1.44279E-6 2.30939E-6 6.05641E-6 2.09397E-5 1.36029E-5 1.48736E-5 5.71892E-6 2.8419E-6 2.3621E-6 7.04885E-7 2.31474E-6 2.84354E-6 7.85657E-6 1.95174E-6 1.37601E-6 1.09753E-6 6.36958E-7 1.25488E-6 6.055E-7 6.29609E-7
2.54739E-5 2.64445E-5 6.46353E-5 1.87714E-4 5.57351E-5 6.00015E-5 2.25715E-4 1.62461E-4 4.60988E-5 2.69716E-5 2.49904E-5 9.07463E-6 1.67417E-5 1.00819E-5 2.34236E-5 5.73241E-6 3.90852E-6 2.38958E-5 1.94322E-5 9.52433E-6 8.37943E-6 7.14187E-6 2.40529E-5 1.23122E-5 2.02202E-5 1.90304E-5 1.2191E-5 5.3506E-6 6.55614E-6 5.8201E-6 3.00648E-6 5.35238E-6 3.65391E-6 1.03675E-5 4.79961E-6 5.49265E-6 5.65874E-6 3.39155E-6 2.76069E-6 3.49812E-6 4.7911E-6 7.7244E-6 5.58569E-6 4.02108E-6 3.74996E-6 1.82007E-6 1.2811E-6 9.32766E-7 1.71454E-6 1.71145E-6 2.34011E-6 4.56868E-6 6.76122E-6 3.52123E-6 2.4442E-6 2.68814E-6 2.57716E-6 6.31137E-6 1.33437E-6 1.22001E-6 1.59429E-6 2.03454E-6 8.23845E-7 1.10814E-6 7.84319E-7
2.10733E-5 6.68428E-5 1.24618E-4 1.99179E-4 2.80483E-5 2.7074E-5 5.25509E-5 5.18871E-5 6.47003E-5 4.67891E-5 3.49188E-5 3.23067E-5 3.12937E-5 2.88635E-5 1.72512E-5 1.677E-5 1.31246E-5 7.86082E-6 5.68214E-6 1.25696E-5 3.69261E-6 9.87101E-6 2.77226E-5 1.95566E-5 1.58512E-5 1.36755E-5 6.52392E-6 8.59348E-6 3.98016E-6 1.5304E-5 8.85425E-6 6.93359E-6 5.49963E-6 1.11978E-5 1.15616E-5 6.43483E-6 4.36332E-6 7.81346E-6 2.98899E-6 1.67957E-6 2.14395E-6 3.11734E-6 2.3748E-6 5.75059E-6 6.19731E-6 3.36078E-6 1.46788E-6 1.3786E-6 1.36531E-6 1.34344E-6 1.61365E-6 2.0723E-6 2.20001E-6 5.99658E-6 1.73693E-6 3.15502E-6 5.18473E-6 1.89903E-6 2.96148E-6 1.748E-6 1.68185E-6 1.92783E-6 1.64508E-6 1.67975E-6 1.45507E-6
4.50423E-5 1.51727E-4 1.56446E-4 1.66542E-4 9.49053E-5 3.67378E-5 1.05958E-4 1.10627E-4 4.09964E-5 3.11465E-5 5.85519E-5 5.74837E-5 8.73762E-5 3.18044E-5 2.43328E-5 1.36865E-5 6.73043E-6 1.4489E-5 5.06026E-6 2.6629E-6 2.67481E-6 5.21611E-6 5.00283E-6 5.9432E-6 1.40175E-5 1.3973E-5 1.28088E-5 1.56602E-5 5.403E-6 1.92305E-5 1.33972E-5 1.39519E-5 9.00415E-6 5.33822E-6 8.63827E-6 7.34963E-6 7.10578E-6 4.12803E-6 4.66324E-6 6.37071E-6 3.99677E-6 1.63519E-6 4.53331E-6 4.07588E-6 2.42254E-6 2.7244E-6 3.80486E-6 2.17802E-6 1.43798E-6 1.42866E-6 1.42328E-6 1.61166E-6 1.44083E-6 3.22074E-6 1.22322E-5 9.98451E-6 1.35016E-5 1.94183E-6 5.17092E-6 1.12395E-5 1.92555E-6 1.04707E-6 2.58252E-6 4.89888E-6 3.19581E-6
1.16834E-4 2.29054E-4 1.28584E-4 1.63402E-4 1.33894E-4 4.39402E-5 1.00595E-4 2.555E-4 1.01384E-4 8.60475E-5 5.33324E-5 3.50959E-5 3.9295E-5 4.31712E-5 3.29805E-5 1.52393E-5 8.25963E-6 7.94334E-6 1.1691E-5 6.70226E-6 1.76085E-6 5.43323E-6 5.73048E-6 8.70785E-6 2.77568E-5 1.59836E-5 1.25078E-5 1.54501E-5 1.67958E-5 1.32586E-5 1.71139E-5 1.53191E-5 1.53711E-5 9.33603E-6 9.31448E-6 6.34032E-6 5.75531E-6 7.66664E-6 9.48832E-6 1.11513E-5 1.04571E-5 3.16238E-6 6.38468E-6 3.07796E-6 3.99129E-6 2.49474E-6 2.19663E-6 4.008E-6 4.89917E-6 2.73762E-6 3.37257E-6 3.50062E-6 2.0915E-6 2.30626E-6 2.39453E-6 1.48912E-6 1.92494E-6 6.76931E-6 6.82405E-6 1.85622E-5 1.13744E-5 6.19397E-6 1.46054E-6 3.54908E-6 3.92904E-6
1.36788E-4 8.02103E-5 4.41454E-5 8.69627E-5 3.02093E-5 5.51398E-5 8.61227E-5 5.08147E-5 5.28031E-5 3.8117E-5 3.51181E-5 3.50761E-5 2.81178E-5 3.53364E-5 3.19884E-5 1.98926E-5 1.66258E-5 1.86489E-5 3.15214E-5 2.39784E-5 1.56617E-5 6.86046E-6 2.02783E-5 3.25941E-6 7.06734E-6 2.15601E-5 2.86421E-5 1.67835E-5 2.76825E-5 1.42607E-5 8.56373E-6 1.00377E-5 8.28444E-6 6.34153E-6 6.97646E-6 9.29592E-6 1.15984E-5 7.24543E-6 7.95523E-6 4.04438E-6 3.5382E-6 1.09755E-5 8.21747E-6 3.59297E-6 2.84533E-6 3.2676E-6 3.4898E-6 1.81639E-6 1.03706E-5 2.43569E-6 8.35539E-6 1.07367E-5 5.39791E-6 3.33605E-6 4.78982E-6 2.88446E-6 4.95712E-6 2.15639E-6 2.17903E-6 2.37185E-6 3.15212E-6 2.46121E-6 6.20143E-6 8.44424E-6 1.02349E-5
6.23459E-5 7.43259E-5 7.6158E-5 2.91522E-5 2.79801E-5 5.81193E-5 3.24905E-5 4.81463E-5 4.14581E-5 3.46676E-5 3.49526E-5 3.48088E-5 2.97115E-5 5.59272E-5 3.21924E-5 3.98904E-5 3.66511E-5 2.10943E-5 3.122E-5 1.85496E-5 1.67128E-5 1.73828E-5 2.05375E-5 1.7395E-5 6.64149E-6 3.63967E-6 5.70468E-6 1.07303E-5 2.65252E-5 1.60029E-5 1.15142E-5 1.11306E-5 6.26303E-6 4.53841E-6 3.5029E-6 3.02524E-6 4.24414E-6 4.92878E-6 2.76025E-6 2.2237E-6 2.22061E-6 1.05921E-5 5.56439E-6 4.04136E-6 2.68963E-6 2.22229E-6 4.31411E-6 6.54622E-6 3.79568E-6 2.91286E-6 2.83616E-6 6.15559E-6 2.94104E-6 2.23642E-6 2.41392E-6 3.79723E-6 1.9938E-6 1.4792E-6 1.92395E-6 2.30957E-6 1.39177E-6 1.4331E-6 1.89214E-6 2.24055E-6 8.70785E-6
2.62245E-5 1.26402E-4 8.16656E-5 2.25513E-5 1.2576E-4 9.43234E-5 5.1409E-5 4.14879E-5 2.75553E-5 3.76069E-5 3.50053E-5 3.45194E-5 3.67933E-5 3.47155E-5 4.19578E-5 3.40304E-5 3.58318E-5 3.19133E-5 3.60926E-5 2.08154E-5 2.89011E-5 1.45758E-5 1.66455E-5 1.01797E-5 4.66097E-6 1.08103E-5 5.91668E-6 2.0054E-6 7.87227E-6 8.92583E-6 8.6279E-6 8.63156E-6 4.03307E-6 5.36781E-6 1.81504E-5 5.36095E-6 5.61898E-6 4.93144E-6 1.79887E-6 1.77443E-6 2.0301E-6 5.82326E-6 7.05372E-6 5.13816E-6 3.04781E-6 3.22962E-6 1.79174E-6 2.96316E-6 3.34503E-6 6.5829E-6 5.91211E-6 1.17815E-5 4.83126E-6 3.11115E-6 6.29336E-6 7.39449E-6 1.24079E-6 5.56693E-6 3.13545E-6 4.5994E-6 3.79761E-6 2.1655E-6 1.7311E-6 1.58556E-6 2.07386E-6
9.48724E-6 3.39899E-5 1.63567E-4 4.52594E-5 2.50174E-5 3.17382E-5 8.70509E-5 3.81595E-5 3.66881E-5 3.44596E-5 3.46382E-5 3.4755E-5 3.5385E-5 3.40851E-5 5.23505E-5 4.23605E-5 1.97982E-5 2.45094E-5 1.98341E-5 2.42778E-5 1.91519E-5 2.26664E-5 1.73295E-5 1.06892E-5 8.55982E-6 1.52343E-5 1.27587E-5 1.03234E-5 1.33579E-5 3.375E-6 2.73224E-6 5.38009E-6 1.27175E-5 5.08964E-6 7.68991E-6 1.42357E-5 8.16875E-6 7.54631E-6 4.93578E-6 6.02116E-6 5.50969E-6 4.53872E-6 2.22661E-6 5.51515E-6 5.34807E-6 5.46462E-6 2.33254E-6 3.51913E-6 4.54132E-6 5.24021E-6 4.17826E-6 4.79068E-6 9.72708E-6 8.65971E-6 5.98458E-6 6.00188E-6 9.84068E-6 6.78724E-6 7.38929E-6 2.12871E-6 2.42953E-6 1.5979E-6 4.27576E-6 1.91126E-6 1.73297E-6
2.79545E-5 2.64088E-5 1.08069E-4 2.31439E-5 4.64291E-5 5.35703E-5 4.43974E-5 4.84365E-5 1.00457E-4 5.019E-5 6.11132E-5 4.91611E-5 4.52314E-5 6.81622E-5 8.17926E-5 8.35932E-5 7.35436E-5 1.75112E-5 2.88951E-5 3.12244E-5 2.76647E-5 2.52988E-5 6.90799E-6 1.35494E-5 3.08559E-5 1.80682E-5 9.23536E-6 1.06978E-5 1.45962E-5 4.97823E-6 2.03636E-6 5.31754E-6 7.23942E-6 9.30875E-6 1.3317E-5 5.9852E-6 1.27505E-5 9.97384E-6 9.14289E-6 3.31133E-6 6.3216E-6 2.57757E-6 2.49377E-6 2.89825E-6 2.93287E-6 2.81012E-6 1.98824E-6 4.44488E-6 3.23563E-6 4.02808E-6 1.04762E-5 6.83621E-6 8.2854E-6 7.35027E-6 9.45621E-6 5.22393E-6 3.61911E-6 5.81999E-6 3.45882E-6 2.4523E-6 5.40138E-6 3.60276E-6 6.55661E-6 6.13458E-6 3.80999E-6
4.59703E-5 3.76193E-5 3.65359E-5 2.70785E-5 4.90453E-5 3.97717E-5 3.07673E-5 5.32679E-5 5.90983E-5 1.44786E-4 5.38023E-5 3.86554E-5 6.62642E-5 2.54912E-4 5.53007E-5 4.76394E-5 2.99464E-5 2.22479E-5 3.80414E-5 3.65077E-5 3.83673E-5 2.80504E-5 6.23074E-6 1.72819E-5 2.72757E-5 1.51168E-5 9.30938E-6 1.65641E-5 1.51767E-5 1.26019E-5 1.10821E-5 7.39889E-6 1.60408E-5 5.32406E-6 1.44741E-5 5.12869E-6 7.06195E-6 4.92021E-6 3.44701E-6 3.44629E-6 7.97235E-6 6.3038E-6 9.16758E-6 1.24879E-5 8.45274E-6 6.99595E-6 7.1794E-6 2.74302E-6 1.83221E-6 3.17115E-6 4.21653E-6 3.62722E-6 7.09929E-6 1.15725E-5 5.94275E-6 1.14918E-5 3.46795E-6 1.94919E-6 2.78058E-6 2.52495E-6 1.37027E-6 3.38189E-6 5.62087E-6 2.96609E-6 1.60984E-5
2.06051E-5 2.39467E-5 2.71267E-5 2.39886E-5 5.05779E-5 4.7252E-5 5.55844E-5 7.32765E-5 3.77277E-5 5.22704E-5 6.69507E-5 7.5951E-5 4.64691E-5 7.97188E-5 5.25426E-5 6.65684E-5 3.79967E-5 3.33225E-5 3.58592E-5 5.5988E-5 4.1112E-5 2.86733E-5 1.3015E-5 3.71923E-5 3.59317E-5 1.21827E-5 1.39166E-5 2.47192E-5 7.08827E-6 1.31702E-5 1.6518E-5 1.90075E-5 9.45428E-6 5.19761E-6 9.20852E-6 1.39316E-5 9.18745E-6 4.54669E-6 2.24237E-6 2.54152E-6 1.9645E-6 4.75848E-6 5.95088E-6 1.04273E-5 1.61432E-5 9.23533E-6 6.75239E-6 3.73376E-6 3.34911E-6 2.16918E-6 1.97622E-6 2.73392E-6 3.94466E-6 5.23941E-6 3.94868E-6 4.16099E-6 2.8706E-6 1.83891E-6 1.92211E-6 4.04782E-6 7.80833E-6 5.67902E-6 4.64973E-6 9.15296E-6 1.00113E-5
1.66906E-5 1.65675E-5 1.73484E-5 2.20736E-5 2.20517E-5 5.14638E-5 4.78103E-5 4.43407E-5 7.32678E-5 7.20234E-5 8.49331E-5 2.10414E-4 8.43349E-5 5.27302E-5 7.72559E-5 2.83684E-5 4.10395E-5 2.98172E-5 2.9845E-5 3.72245E-5 4.81471E-5 3.90929E-5 1.63539E-5 2.06322E-5 2.76554E-5 1.61801E-5 1.33376E-5 2.60465E-5 2.72086E-5 1.20332E-5 9.12412E-6 1.02226E-5 1.3739E-5 6.73031E-6 4.56398E-6 4.25207E-6 7.40069E-6 1.11978E-5 7.18044E-6 8.75205E-6 5.21522E-6 2.64043E-6 8.0531E-6 3.85429E-6 3.28945E-6 3.44162E-6 2.1678E-6 5.47818E-6 3.52876E-6 5.43592E-6 1.05006E-5 5.63686E-6 4.99737E-6 2.77213E-6 5.4923E-6 5.16922E-6 6.27062E-6 3.88993E-6 1.23331E-5 4.38574E-6 7.55757E-6 1.24784E-5 6.32443E-6 5.20943E-6 3.50376E-6
2.13827E-5 2.36695E-5 2.3924E-5 2.25637E-5 3.80341E-5 2.55043E-5 2.16318E-5 8.45297E-5 5.10458E-5 8.58209E-5 7.14739E-5 6.7659E-5 4.91007E-5 6.24292E-5 6.07677E-5 5.23403E-5 4.72856E-5 3.40798E-5 2.60057E-5 3.6949E-5 3.84334E-5 3.61176E-5 1.60455E-5 1.60967E-5 3.44331E-5 2.03353E-5 2.5413E-5 1.75259E-5 1.41021E-5 1.27299E-5 2.08089E-5 2.01632E-5 1.63144E-5 4.42525E-6 2.9812E-6 1.02285E-5 4.87466E-6 6.12905E-6 1.79643E-5 3.31826E-5 1.02052E-5 2.06108E-6 1.69376E-6 1.78433E-6 2.30233E-6 3.20045E-6 2.90913E-6 5.18631E-6 3.49463E-6 5.11976E-6 2.55724E-6 2.41305E-6 1.64698E-6 2.24361E-6 5.86359E-6 3.20635E-6 4.28011E-6 4.73965E-6 6.56649E-6 1.76477E-6 1.88286E-6 2.95184E-6 2.57257E-6 2.2656E-6 1.54272E-6
4.3805E-5 2.29373E-5 2.58299E-5 3.64488E-5 2.32341E-5 3.42508E-5 5.22512E-5 5.39866E-5 3.07555E-5 5.13684E-5 5.44056E-5 6.32016E-5 6.52547E-5 1.26767E-4 9.25931E-5 3.10346E-5 1.49934E-4 7.63785E-5 6.42052E-5 5.76971E-5 3.05344E-5 7.92008E-5 1.71058E-5 2.18621E-5 2.62221E-5 2.96064E-5 2.64453E-5 1.18821E-5 1.30234E-5 2.41392E-5 2.4211E-5 2.25952E-5 1.44004E-5 1.43643E-5 5.78947E-6 5.42029E-6 1.01391E-5 9.06839E-6 8.7194E-6 9.46877E-6 1.68712E-5 1.27317E-5 9.63683E-6 8.21263E-6 3.50976E-6 3.22738E-6 3.30738E-6 7.67717E-6 9.81089E-6 4.73386E-6 2.26781E-6 3.57654E-6 1.27235E-5 7.98839E-6 4.65311E-6 1.71489E-6 1.09546E-6 1.25792E-6 2.64312E-6 2.38759E-6 3.05742E-6 3.81587E-6 1.57686E-6 1.08773E-6 1.59938E-6
3.1972E-5 3.00091E-5 1.55026E-5 4.16218E-5 4.07092E-5 2.31199E-5 2.59804E-5 2.63955E-5 3.1549E-5 4.39103E-5 5.28651E-5 1.05017E-4 1.35936E-4 7.14943E-5 6.97348E-5 5.72139E-5 1.03063E-4 7.76024E-5 5.04407E-5 4.49013E-5 2.76351E-5 5.58506E-5 2.92952E-5 3.07093E-5 3.14363E-5 1.77056E-5 1.10438E-5 3.83661E-6 7.46463E-6 2.58144E-5 2.13778E-5 2.4277E-5 5.87957E-6 1.65239E-5 1.52011E-5 2.42464E-5 2.79896E-5 1.98255E-5 1.12157E-5 6.07292E-6 2.90613E-6 5.00126E-6 1.0405E-5 1.00054E-5 1.08861E-5 1.31991E-5 4.00968E-6 5.8752E-6 1.03656E-5 2.53343E-6 2.45043E-6 5.61289E-6 2.03334E-5 8.11353E-6 3.00272E-6 4.27119E-6 4.12795E-6 5.21951E-6 7.21349E-6 4.85066E-6 1.81077E-6 1.20121E-6 1.62148E-6 1.66388E-6 1.53275E-6
2.45664E-5 2.18483E-5 2.41977E-5 2.85416E-5 2.27667E-5 4.10793E-5 2.56213E-5 2.32696E-5 3.59842E-5 4.84022E-5 9.93452E-5 5.33946E-5 7.12484E-5 7.30703E-5 1.55732E-4 1.13496E-4 4.76386E-5 5.7624E-5 4.85517E-5 3.30471E-5 3.53666E-5 6.30613E-5 7.68172E-5 4.23045E-5 2.0681E-5 1.33947E-5 1.25031E-5 2.17674E-5 1.35414E-5 1.72573E-5 1.95214E-5 2.03922E-5 1.15515E-5 2.64195E-5 3.7341E-5 3.43076E-5 2.36258E-5 2.41458E-5 2.0026E-5 7.25682E-6 1.17341E-5 9.68583E-6 9.46151E-6 8.01364E-6 1.25998E-5 2.02392E-5 3.74861E-5 2.66227E-5 9.4026E-6 1.59507E-5 1.46697E-5 1.32211E-5 9.81316E-6 1.38878E-6 1.72375E-6 2.17963E-6 3.90938E-6 3.8388E-6 6.27356E-6 3.2986E-6 1.63102E-6 1.55974E-6 1.55358E-6 1.08634E-6 1.0769E-6
1.72951E-5 2.22973E-5 3.24544E-5 2.67833E-5 4.48615E-5 2.81899E-5 4.23987E-5 2.80931E-5 3.38444E-5 3.56742E-5 2.80766E-5 7.40862E-5 3.09228E-5 5.12992E-5 7.14346E-5 4.58011E-5 4.59718E-5 4.85342E-5 7.4911E-5 5.43043E-5 4.77497E-5 4.63952E-5 2.91125E-5 8.76472E-6 1.61796E-5 1.07258E-5 1.93265E-5 6.92457E-5 2.28599E-4 2.53403E-5 2.74554E-5 3.44616E-5 3.53552E-5 5.27849E-5 4.26646E-5 3.53378E-5 2.454E-5 5.00296E-5 5.20819E-5 1.90365E-5 3.00813E-5 2.19703E-5 3.76355E-5 2.1388E-5 2.1858E-5 3.92025E-5 2.53543E-5 1.97332E-5 2.78125E-5 2.59847E-5 4.57146E-5 1.85764E-5 2.48958E-6 2.81767E-6 3.69976E-6 2.42875E-6 2.86627E-6 6.94458E-6 9.90552E-6 6.62078E-6 4.85694E-6 2.95805E-6 1.56732E-6 1.56732E-6 1.55164E-6
2.56763E-5 2.49684E-5 3.30851E-5 2.69463E-5 1.86258E-5 3.33535E-5 4.79805E-5 4.96043E-5 2.72138E-5 2.76265E-5 3.28829E-5 3.43537E-5 9.21004E-5 4.62551E-5 4.35799E-5 3.6566E-5 3.10651E-5 4.30485E-5 2.99584E-5 4.58768E-5 4.497E-5 2.09718E-5 2.64532E-5 1.10356E-5 2.99398E-5 5.4658E-5 3.11211E-5 3.3798E-5 4.03525E-5 6.76373E-5 4.03682E-5 5.72542E-5 1.05544E-4 4.44189E-5 2.91621E-5 2.59971E-5 3.31882E-5 2.16401E-5 1.46672E-5 1.96066E-5 1.53625E-5 4.19043E-6 1.73137E-5 3.51197E-5 4.36996E-5 2.42758E-5 1.81171E-5 2.91417E-5 2.27026E-5 1.48794E-5 2.89176E-5 4.29704E-5 2.30104E-5 1.924E-5 1.35313E-5 1.5503E-5 2.40603E-5 9.39522E-6 4.68046E-6 3.07841E-6 1.80671E-6 3.75013E-6 2.12922E-6 1.67377E-6 2.01921E-6
2.4652E-5 3.54575E-5 4.17145E-5 4.11141E-5 2.62029E-5 2.3093E-5 3.61739E-5 4.5885E-5 3.45266E-5 3.33368E-5 2.89427E-5 2.35013E-5 4.08546E-5 4.35407E-5 5.47052E-5 3.15342E-5 3.22562E-5 2.5316E-5 3.30117E-5 4.57776E-5 4.12167E-5 2.58725E-5 2.20541E-5 4.43035E-5 6.56542E-5 5.87909E-5 5.104E-5 8.99045E-5 1.08415E-4 1.03524E-4 7.09447E-5 6.78299E-5 1.56922E-4 1.09666E-4 4.04139E-5 3.30438E-5 2.26953E-5 3.04044E-5 3.21593E-5 2.49074E-5 9.16005E-6 2.12811E-5 1.84355E-5 2.67678E-5 2.18916E-5 2.12126E-5 3.85571E-5 4.19649E-5 2.40669E-5 1.50494E-5 2.51479E-5 1.0474E-5 2.40412E-5 1.78229E-5 2.388E-5 1.01086E-5 1.53465E-5 9.55838E-6 1.01854E-5 1.60304E-5 9.23946E-6 9.62046E-6 2.38569E-6 7.10686E-6 1.93395E-5
2.98968E-5 3.13982E-5 4.36011E-5 2.77896E-5 1.65131E-5 3.10708E-5 3.53349E-5 3.05288E-5 7.06489E-6 1.17828E-5 2.16102E-5 2.93809E-5 4.75349E-5 4.46515E-5 3.86873E-5 3.37661E-5 4.03693E-5 2.22588E-5 2.9846E-5 4.13938E-5 3.06839E-5 1.03591E-4 2.11916E-5 4.35029E-5 4.35846E-5 4.81286E-5 6.30078E-5 6.54695E-5 3.01636E-5 3.32135E-5 3.19495E-5 3.06053E-5 2.44918E-5 4.44412E-5 4.31999E-5 3.15964E-5 3.12652E-5 4.06501E-5 9.00086E-5 1.79023E-5 2.41948E-5 3.14826E-5 3.03946E-5 3.1584E-5 2.53216E-5 3.68199E-5 2.99984E-5 2.73584E-5 2.73611E-5 2.38354E-5 2.01711E-5 1.9295E-5 1.51863E-5 2.19334E-5 1.21963E-5 1.28606E-5 3.13074E-5 1.60038E-5 1.1884E-5 1.2373E-5 1.46003E-5 1.00388E-5 1.35629E-5 7.24357E-6 9.22819E-6
3.18004E-5 3.21127E-5 4.20447E-5 9.96487E-5 3.84847E-5 2.18935E-5 4.29068E-5 3.83813E-5 2.87498E-5 3.35614E-5 4.26264E-5 4.64779E-5 5.8154E-5 3.41024E-5 4.1548E-5 3.69698E-5 2.86963E-5 3.12958E-5 3.33679E-5 1.43071E-5 4.61112E-5 5.67406E-5 3.46012E-5 4.89403E-5 4.45296E-5 3.94451E-5 4.45507E-5 2.65688E-5 4.46594E-5 5.75496E-5 1.30393E-5 2.55844E-5 2.36006E-5 1.91322E-5 4.44412E-5 4.21035E-5 8.70011E-5 5.26947E-5 5.04168E-5 3.41469E-5 1.62579E-5 2.36677E-5 4.66316E-5 3.46575E-5 3.04405E-5 4.7852E-5 4.56693E-5 2.93154E-5 4.47083E-5 2.91615E-5 2.10517E-5 2.0957E-5 1.92225E-5 1.93365E-5 1.10803E-5 1.17566E-5 2.90291E-5 3.09842E-5 2.05218E-5 7.70002E-6 6.82734E-6 8.14816E-6 3.74155E-6 2.60055E-5 2.38508E-5
9.4719E-5 1.5175E-4 2.17475E-4 5.4344E-5 1.45475E-4 3.92669E-5 3.64643E-5 2.79489E-5 3.70799E-5 3.19367E-5 4.0569E-5 2.7331E-5 3.39844E-5 2.73076E-5 5.86589E-5 4.57943E-5 9.06061E-5 4.28386E-5 6.26967E-5 4.31287E-5 1.0404E-4 5.16956E-5 4.68421E-5 6.36856E-5 7.11645E-5 5.6951E-5 3.34356E-5 7.31962E-5 4.08163E-5 2.83611E-5 1.17075E-5 2.73754E-5 3.6409E-5 3.4557E-5 1.02235E-4 4.56219E-5 7.78447E-5 3.12679E-5 6.01697E-5 3.27338E-5 4.21359E-5 4.01281E-5 5.12518E-5 5.14835E-5 3.33886E-5 4.77034E-5 5.62589E-5 6.04716E-5 3.88282E-5 6.37037E-5 5.3909E-5 2.14389E-5 2.5374E-5 2.307E-5 6.28408E-6 2.4696E-5 1.49849E-5 1.15842E-5 1.70022E-5 3.44312E-6 3.29141E-6 8.27378E-6 3.79426E-5 2.66684E-5 7.25216E-6
2.50072E-4 3.23391E-4 3.72476E-4 6.31322E-5 8.34163E-5 1.2839E-4 7.78106E-5 5.50301E-5 3.22164E-5 3.80921E-5 2.89146E-5 2.35112E-5 7.34468E-5 6.3351E-5 9.29771E-5 9.73398E-5 9.11924E-5 4.82685E-5 1.09078E-4 8.4373E-5 5.70081E-5 6.06458E-5 1.27817E-4 1.60073E-4 9.24732E-5 4.89386E-5 8.53596E-5 3.43807E-5 3.99704E-5 2.07566E-5 3.03686E-5 4.29741E-5 4.26586E-5 3.15333E-5 3.71991E-5 3.4744E-5 4.76875E-5 2.76359E-5 6.75474E-5 6.0158E-5 4.08573E-5 3.14613E-5 4.31898E-5 4.46218E-5 4.6795E-5 4.05603E-5 4.87662E-5 4.33007E-5 3.65802E-5 2.3718E-5 2.06332E-5 2.22176E-5 4.6532E-5 2.37737E-5 8.98422E-6 1.29165E-5 2.01204E-5 1.94314E-5 2.57275E-5 2.16806E-5 3.198E-5 2.94214E-5 2.9866E-5 2.35541E-5 5.78852E-6
8.33045E-5 6.70953E-5 1.58216E-4 8.9454E-5 6.27464E-5 1.23468E-4 4.92794E-5 4.52976E-5 2.45893E-5 3.04582E-5 5.76486E-5 6.37714E-5 1.30866E-4 1.36961E-4 8.60801E-5 1.75942E-4 1.23467E-4 5.53696E-5 5.17649E-5 6.73498E-5 1.208E-4 1.2024E-4 9.73647E-5 1.0665E-4 5.22611E-5 3.42244E-5 8.98905E-5 3.91904E-5 3.59124E-5 7.97712E-5 3.38507E-5 3.34751E-5 3.9824E-5 4.54809E-5 3.41193E-5 3.05553E-5 4.93926E-5 4.56279E-5 4.74705E-5 4.1857E-5 3.06542E-5 3.37777E-5 2.99694E-5 4.49264E-5 3.44564E-5 3.45581E-5 3.01437E-5 1.25873E-5 7.94459E-5 4.38192E-5 1.74756E-5 3.97777E-5 5.57552E-5 2.94934E-5 2.92669E-5 1.94239E-5 3.59753E-5 3.39788E-5 2.96987E-5 1.34879E-5 3.87664E-5 2.56733E-5 2.54535E-5 1.42735E-5 2.51721E-5
7.95198E-5 6.04089E-5 8.78871E-5 1.68077E-4 9.18205E-5 1.79998E-4 6.70742E-5 2.71966E-5 1.65211E-5 4.04519E-5 1.50804E-4 8.9156E-5 7.22964E-5 5.6025E-5 9.28334E-5 1.3385E-4 5.57633E-5 5.95502E-5 4.68352E-5 1.05941E-4 1.00391E-4 5.98573E-5 4.41463E-5 5.48158E-5 4.6542E-5 1.39803E-4 2.6171E-4 4.169E-5 4.45314E-5 4.19885E-5 4.52695E-5 4.79562E-5 3.47345E-5 5.19364E-5 4.21465E-5 1.85937E-5 1.90233E-5 6.3321E-5 4.65851E-5 2.52517E-5 2.11366E-5 2.46461E-5 2.6851E-5 4.4104E-5 2.36856E-5 1.54678E-5 3.36187E-5 2.35933E-5 5.87764E-5 4.64749E-5 5.33589E-5 4.1109E-5 2.03687E-5 2.8562E-5 5.41685E-6 3.02096E-5 5.22458E-5 3.05697E-5 2.64042E-5 1.403E-5 2.74251E-5 3.81552E-5 2.18304E-5 1.33779E-5 8.22622E-6
1.07281E-4 2.32757E-4 6.83984E-5 1.52576E-4 8.47975E-5 1.00586E-4 4.0509E-5 7.01899E-5 8.86654E-5 7.05512E-5 1.05458E-4 7.20956E-5 1.45787E-4 1.41666E-4 7.22407E-5 5.14623E-5 9.71067E-6 5.50414E-5 6.96659E-5 3.92347E-5 1.01686E-4 3.6657E-5 5.50127E-5 4.84703E-5 1.71152E-4 9.5801E-5 1.05802E-4 3.15822E-5 4.13999E-5 4.3202E-5 5.92343E-5 3.66488E-5 3.35192E-5 4.81549E-5 2.25246E-5 3.42884E-5 3.50996E-5 3.33407E-5 8.78154E-5 4.68771E-5 2.39048E-5 3.60364E-5 2.21584E-5 1.67827E-5 4.19665E-5 2.95123E-5 3.94586E-5 3.90408E-5 2.27037E-5 5.29705E-5 5.04572E-5 1.01971E-5 6.80976E-6 6.47316E-6 7.31031E-6 1.67629E-5 2.30254E-5 2.03545E-5 2.29016E-5 2.92293E-5 3.00674E-5 2.73133E-5 4.18582E-5 1.66863E-5 8.80881E-6
1.51765E-4 6.63642E-5 1.58941E-4 1.87443E-4 5.92474E-5 2.68584E-4 1.46619E-4 7.38524E-5 1.07964E-4 1.2785E-4 7.24802E-5 1.45029E-4 1.5426E-4 6.13131E-5 4.94529E-5 9.98332E-5 6.98553E-5 6.32798E-5 7.93994E-5 1.59422E-4 1.36653E-4 7.90413E-5 2.54312E-5 7.55063E-5 2.40935E-4 5.38067E-4 1.00437E-4 4.15652E-5 3.62314E-5 3.39897E-5 4.70435E-5 5.09512E-5 5.28863E-5 4.8498E-5 2.18231E-5 2.82339E-5 1.90344E-5 3.43644E-5 4.74442E-5 3.23302E-5 3.89228E-5 5.6708E-5 1.61228E-4 4.87889E-5 4.29588E-5 3.51178E-5 3.07622E-5 2.9507E-5 4.05579E-5 6.56327E-5 3.73866E-5 1.38092E-5 1.42827E-5 1.13877E-5 1.92389E-5 3.90986E-5 2.41179E-5 9.94805E-6 8.63552E-6 2.89126E-5 2.65033E-5 3.28814E-5 4.07389E-5 2.09859E-5 1.79259E-5
