catData/rasterBestHybridModels/Prubiginosus/RD_RM2_L/Prubiginosus_stddev.asc
ncols         409
nrows         350
xllcorner     60.897278365
yllcorner     5.843756025
cellsize      0.0892857
NODATA_value  -9999
[rows 145 to 173 of 350, columns 130 to 194 of 409]
8.0421E-6 7.8217E-6 1.08984E-5 1.6463E-5 2.23875E-5 1.95368E-5 2.39925E-5 3.18763E-4 5.7696E-4 1.28879E-4 6.85504E-6 1.7108E-5 1.58118E-5 3.23343E-5 2.50969E-5 2.74096E-5 2.64593E-5 8.93544E-6 1.73405E-5 3.87396E-5 2.89472E-5 3.90895E-5 7.52618E-5 1.63791E-4 4.52557E-5 2.76162E-5 9.31202E-6 1.26003E-5 2.28112E-5 6.83076E-6 6.53308E-6 1.18893E-5 8.60338E-6 8.90884E-6 8.35829E-6 1.01738E-5 8.22543E-6 8.22416E-6 1.05312E-5 9.52797E-6 1.91643E-5 9.12287E-6 9.69217E-6 9.93331E-6 1.61976E-5 1.61722E-5 1.345E-5 1.40147E-5 1.47811E-5 1.02506E-5 1.19682E-5 8.22453E-6 7.64764E-6 1.75168E-5 1.82359E-5 1.79237E-5 1.866E-5 1.33945E-5 4.34777E-5 9.24897E-5 2.06492E-5 1.65539E-5 1.57712E-5 1.3383E-5 1.52036E-5
5.70783E-6 9.46248E-6 8.91473E-6 1.03423E-5 1.4195E-5 1.67209E-5 3.37609E-5 1.10694E-4 2.76345E-4 6.39392E-5 7.39497E-6 1.71113E-5 3.13357E-5 2.85315E-5 2.46418E-5 2.73998E-5 1.94147E-5 2.03045E-5 3.91073E-5 2.15468E-5 5.30984E-5 1.63412E-5 1.92795E-4 7.04341E-5 4.46912E-5 2.67566E-5 7.33819E-6 1.2456E-5 7.52243E-6 6.612E-6 2.06824E-5 1.32269E-5 8.59751E-6 1.40942E-5 7.06565E-6 6.37611E-6 9.04043E-6 1.32395E-5 1.39832E-5 9.51421E-6 1.15361E-5 1.04464E-5 9.41078E-6 8.93817E-6 1.1625E-5 1.76382E-5 1.32625E-5 1.91872E-5 1.33315E-5 5.80143E-6 1.08906E-5 1.03496E-5 7.54446E-6 1.26189E-5 3.33328E-5 2.31114E-5 1.05636E-5 1.16865E-5 1.63882E-5 2.59967E-5 1.18931E-5 9.18166E-6 1.55274E-5 1.17579E-5 2.17358E-5
1.07019E-5 9.79515E-6 5.2482E-6 1.06218E-5 2.67127E-5 5.81351E-5 5.38315E-5 2.14828E-4 2.33388E-4 3.86616E-5 1.77063E-5 1.60846E-5 3.12128E-5 3.15889E-5 2.484E-5 2.82947E-5 2.53569E-5 2.0597E-5 9.64018E-6 1.31057E-5 1.89632E-5 3.61131E-5 2.00124E-5 3.45325E-4 1.3714E-5 3.11419E-5 8.1571E-6 4.52566E-6 3.80071E-6 3.7479E-6 1.15529E-5 1.14901E-5 1.42648E-5 1.07867E-5 1.07471E-5 1.00132E-5 1.02997E-5 1.35435E-5 1.42564E-5 9.42682E-6 5.32267E-6 6.2568E-6 1.28255E-5 9.74625E-6 4.58007E-6 7.49484E-6 8.0815E-6 1.22663E-5 8.70734E-6 5.59851E-6 7.3093E-6 1.19687E-5 9.88918E-6 1.85822E-5 3.32076E-5 2.19461E-5 1.19684E-5 1.21868E-5 3.2213E-5 3.65398E-5 1.4878E-5 1.82657E-5 1.86475E-5 1.71127E-5 4.48354E-5
1.79916E-5 2.39194E-5 1.55612E-5 1.58941E-4 6.08673E-5 6.09836E-5 1.54374E-4 1.39603E-4 7.61399E-5 6.57566E-5 1.33073E-5 1.00648E-5 6.80615E-6 1.513E-5 3.28696E-5 2.58128E-5 3.75465E-5 4.75391E-5 2.61282E-5 8.71862E-6 1.19295E-5 4.44653E-5 2.71108E-5 1.6512E-4 9.18185E-6 3.2759E-5 8.82687E-6 1.06897E-5 4.04866E-6 4.57727E-6 1.30416E-5 1.02952E-5 2.27402E-5 1.1811E-5 7.44826E-6 7.44254E-6 7.23883E-6 1.3556E-5 7.24393E-6 1.32487E-5 1.29845E-5 7.53311E-6 1.87432E-5 1.37601E-5 8.90981E-6 1.00215E-5 4.50028E-6 1.25183E-5 1.1476E-5 6.23902E-6 6.64601E-6 7.28119E-6 7.88251E-6 1.64086E-5 3.4216E-5 1.58284E-5 1.75284E-5 2.08088E-5 3.70191E-5 2.71182E-5 2.83754E-5 4.78912E-5 2.13939E-5 1.76462E-5 2.89133E-5
1.79378E-5 1.10735E-5 2.03689E-5 3.04795E-5 6.69232E-5 5.03875E-5 2.6316E-5 5.10428E-5 3.38111E-5 5.26638E-5 3.37567E-5 2.54059E-5 1.30047E-5 1.24956E-5 6.10857E-6 8.41505E-6 3.73108E-5 3.54478E-5 4.39319E-5 4.19132E-5 4.82565E-5 6.06679E-5 4.73108E-5 5.32063E-5 2.54126E-5 4.11094E-5 2.11454E-5 9.84988E-6 7.81471E-6 1.30416E-5 1.03149E-5 9.44708E-6 1.89058E-5 2.03813E-5 1.48569E-5 1.23329E-5 9.88327E-6 8.50466E-6 9.40459E-6 9.96098E-6 8.84224E-6 8.20113E-6 8.15429E-6 9.12166E-6 8.23036E-6 1.23228E-5 1.20153E-5 6.65387E-6 6.20981E-6 5.65606E-6 1.16971E-5 1.16699E-5 1.35425E-5 1.73571E-5 1.32049E-5 1.32298E-5 3.67594E-5 6.87689E-5 2.35705E-5 1.71498E-5 1.8328E-5 2.09895E-5 1.78244E-5 1.73095E-5 5.36607E-5
1.07284E-5 6.57682E-6 2.00015E-5 1.72457E-5 4.63802E-5 4.14867E-5 2.93289E-5 1.77633E-5 2.49875E-5 2.09107E-5 2.88515E-5 1.72347E-5 9.85101E-6 1.23938E-5 5.96611E-6 7.71772E-6 3.17784E-5 3.26111E-5 5.52007E-5 6.58123E-5 3.19426E-5 7.07977E-5 1.14739E-5 1.32537E-5 3.55585E-5 5.14241E-5 1.30774E-5 9.14555E-6 1.25148E-5 1.43998E-5 1.08514E-5 2.63778E-5 4.89995E-5 2.01715E-5 2.60531E-5 9.14164E-6 1.0288E-5 6.07486E-6 1.09257E-5 1.46391E-5 1.08516E-5 6.36768E-6 5.24997E-6 2.58152E-5 1.02913E-5 1.24888E-5 7.29324E-6 5.83553E-6 8.13981E-6 4.14208E-6 9.2503E-6 1.21398E-5 1.05601E-5 1.15719E-5 1.37079E-5 1.52758E-5 6.24029E-5 1.82729E-5 1.55863E-5 1.5253E-5 1.25053E-5 1.73019E-5 1.79846E-5 4.2056E-5 6.39735E-5
5.32849E-6 9.33888E-6 1.11462E-5 2.02067E-5 2.27413E-5 1.44421E-5 2.68401E-5 2.67607E-5 2.62477E-5 3.69502E-5 1.62018E-5 1.00129E-5 1.46864E-5 1.23926E-5 2.13466E-5 2.08344E-5 3.6455E-5 3.73829E-5 7.91297E-5 6.41422E-5 2.32993E-5 3.69002E-5 4.74057E-5 3.74214E-5 3.33861E-5 3.22033E-5 1.68809E-5 8.5665E-6 9.183E-6 2.82821E-5 1.48103E-5 1.46512E-5 2.64555E-5 1.97714E-5 7.47058E-6 1.04955E-5 2.25642E-5 3.58089E-5 7.40353E-6 9.90574E-6 9.63622E-6 5.22376E-6 8.45212E-6 1.07544E-5 1.08299E-5 2.19311E-5 5.67997E-6 5.29936E-6 1.05165E-5 7.43967E-6 1.01372E-5 9.54406E-6 1.87757E-5 1.20942E-5 3.1588E-5 1.54471E-5 2.07021E-5 6.01751E-6 9.69629E-6 1.37223E-5 1.13369E-5 1.82494E-5 2.34736E-5 2.89837E-5 1.99028E-5
1.67571E-5 9.70972E-6 2.09796E-5 2.16486E-5 8.25545E-6 9.65945E-6 9.40196E-6 1.60569E-5 2.62843E-5 2.65475E-5 7.66992E-5 5.98726E-5 3.75505E-5 3.48598E-5 1.33152E-5 9.98865E-6 3.19211E-5 1.52349E-5 4.25802E-5 4.02838E-5 3.23683E-5 5.60599E-5 3.81935E-5 2.91332E-5 3.18843E-5 3.73074E-5 5.07623E-5 6.7472E-5 3.17425E-5 2.13236E-5 4.75792E-5 6.50731E-6 1.34196E-5 1.39087E-5 8.64366E-6 1.28694E-5 2.34646E-5 9.45534E-5 2.17862E-5 1.43979E-5 1.1829E-5 5.93542E-6 2.67391E-5 3.1072E-5 4.117E-5 1.11398E-4 3.27814E-5 6.33107E-6 1.11203E-5 8.12959E-6 9.30383E-6 2.29362E-5 2.71624E-5 1.19183E-5 1.72118E-5 2.12412E-5 2.02612E-5 8.1202E-6 1.24022E-5 1.8464E-5 1.28882E-5 1.24071E-5 1.05509E-4 2.26469E-5 4.0422E-5
6.46645E-6 3.64303E-6 9.69241E-6 9.99023E-6 6.08509E-6 2.33651E-5 7.44536E-6 8.44806E-6 2.69269E-5 2.68915E-5 6.60992E-5 9.40122E-5 8.39219E-5 5.04366E-5 1.64245E-5 1.62807E-5 2.57104E-5 7.08451E-6 1.20075E-5 1.34373E-5 4.17988E-5 1.64571E-5 3.64485E-5 8.43561E-6 2.5869E-5 2.90746E-5 2.87588E-5 2.28095E-5 1.39548E-5 1.01111E-5 2.35255E-5 1.60017E-5 8.49611E-6 1.26201E-5 4.71861E-5 2.44751E-5 5.31858E-6 4.74314E-6 4.81221E-5 4.83616E-5 9.41829E-6 9.3999E-6 1.08397E-5 1.08875E-5 9.6295E-6 1.07244E-5 2.08133E-5 8.68946E-6 2.06812E-5 1.03536E-5 1.5853E-5 5.10669E-5 1.80003E-5 1.83066E-5 3.94455E-5 1.64621E-5 2.91369E-5 2.03877E-5 1.88193E-5 2.42012E-5 2.33427E-5 1.84949E-5 4.31094E-5 2.22176E-5 2.20814E-5
1.24958E-5 1.15127E-5 1.17391E-5 1.84789E-5 1.02788E-5 1.48869E-5 6.71087E-6 1.72071E-5 1.63581E-5 1.70952E-5 4.58182E-5 5.5244E-5 7.26706E-5 2.01049E-5 3.46261E-5 3.251E-5 1.29618E-5 1.0276E-5 7.94046E-6 3.02448E-5 2.9444E-5 7.86522E-6 2.40216E-5 3.03297E-5 1.66233E-5 1.09871E-5 1.61055E-5 2.71732E-5 1.58071E-5 9.42065E-6 1.50588E-5 3.0224E-5 2.04796E-5 6.84028E-5 4.71106E-5 1.37593E-5 1.30808E-5 9.79824E-6 1.80386E-5 1.57996E-4 5.10869E-5 1.0879E-5 9.69852E-6 1.32697E-5 2.59537E-5 6.94215E-6 7.87097E-6 5.61387E-6 1.42615E-5 7.63246E-5 1.01166E-5 7.86745E-5 2.37158E-5 2.18053E-5 2.03838E-5 1.01293E-5 3.37069E-5 2.59024E-5 1.31769E-5 2.13418E-5 2.56105E-5 1.57186E-5 2.6411E-5 4.31209E-5 9.10764E-5
2.29725E-5 1.82859E-5 1.13639E-5 9.44542E-6 8.63954E-6 5.91788E-6 6.92967E-6 1.40597E-5 1.87004E-5 3.15258E-5 3.90052E-5 4.49923E-5 6.34306E-5 2.00285E-5 7.63287E-5 6.14914E-5 4.05362E-5 2.47717E-5 2.95865E-5 4.52246E-5 2.86286E-5 2.66822E-5 1.73054E-5 3.21564E-5 3.11127E-5 2.76383E-5 1.9136E-5 2.58133E-5 5.84578E-5 3.35334E-5 5.19442E-6 6.3838E-6 2.19169E-5 3.66586E-5 4.16814E-5 1.54798E-5 6.28025E-6 1.86431E-5 8.9172E-6 3.74125E-5 5.26451E-5 1.22306E-5 3.06503E-5 2.44078E-5 2.57858E-5 7.24332E-6 5.64915E-6 7.24882E-6 1.11674E-5 1.67819E-5 6.64063E-6 1.50479E-5 3.70596E-5 3.55564E-5 1.73364E-5 7.82493E-6 5.76872E-6 1.27237E-5 1.25222E-5 3.08648E-5 1.08476E-4 3.49194E-5 4.63199E-5 7.81829E-5 4.13139E-5
4.20536E-5 2.20867E-5 1.82388E-5 6.4715E-6 5.33651E-6 5.41253E-6 5.1125E-6 2.08334E-5 2.4069E-5 2.50661E-5 1.26891E-4 4.42166E-5 1.02385E-4 3.40723E-4 5.73773E-5 5.74707E-5 8.33761E-5 2.01391E-5 2.53448E-5 2.80287E-5 9.21277E-6 3.39288E-5 3.53173E-5 3.13481E-5 3.74346E-5 2.59094E-5 9.09418E-6 2.90666E-5 2.72152E-5 7.43857E-6 3.06161E-6 5.64996E-6 3.63086E-5 5.40593E-5 1.17825E-5 4.32232E-5 3.04224E-5 4.97946E-5 2.62814E-5 2.09821E-5 2.18937E-5 3.45406E-6 1.32083E-5 1.34668E-5 1.43162E-5 1.58371E-5 1.18213E-5 1.4373E-5 1.96612E-5 9.07608E-6 1.6153E-5 1.29069E-5 3.61461E-5 2.41771E-5 1.23195E-5 7.93956E-6 9.36175E-6 7.68352E-6 3.11802E-5 8.6115E-5 1.95713E-5 1.13569E-5 2.13821E-5 6.08047E-5 2.19825E-5
2.89707E-5 3.04867E-5 1.22325E-5 7.2824E-6 5.26066E-6 1.05582E-5 1.10148E-5 5.64953E-5 2.63437E-5 2.64375E-5 1.62906E-5 1.64069E-5 1.74705E-4 2.3047E-5 3.73505E-5 7.15036E-5 2.54807E-5 7.48798E-6 2.66179E-5 3.42433E-5 1.64968E-5 2.00575E-5 3.3804E-5 3.59728E-5 3.37552E-5 1.17853E-5 9.53996E-6 1.3682E-5 2.71676E-5 6.87623E-6 3.87271E-6 1.91037E-6 9.5775E-6 3.60994E-5 3.51687E-6 9.14005E-6 2.01596E-4 1.32232E-4 1.54958E-5 1.85808E-5 3.37163E-6 7.22449E-6 2.49555E-5 2.64841E-5 1.26345E-5 1.92449E-5 1.05202E-5 3.34985E-5 2.66874E-5 1.00557E-5 1.03185E-5 1.24137E-5 1.99868E-5 5.23764E-5 2.06815E-5 1.29457E-5 1.0227E-5 9.8774E-6 1.45634E-5 6.25527E-5 1.29132E-4 4.03108E-5 1.45289E-5 2.1961E-5 8.64992E-6
9.91386E-6 1.16823E-5 5.71533E-6 4.86475E-6 7.82183E-6 5.98311E-6 1.85816E-5 3.20523E-5 5.65976E-5 4.19485E-5 1.03765E-5 6.1123E-5 6.304E-5 4.82269E-5 3.75E-5 8.53502E-5 3.45194E-5 3.23081E-5 3.05456E-5 3.63143E-5 3.04276E-5 3.19448E-5 4.39115E-5 3.70069E-5 3.44019E-5 2.88301E-5 2.8317E-5 3.57887E-5 1.2144E-5 8.93084E-6 3.17064E-6 7.10173E-6 5.08523E-6 1.63722E-5 3.03393E-6 2.0783E-5 4.29584E-6 1.0968E-5 3.1661E-5 3.81683E-5 1.33692E-5 1.29468E-5 1.45209E-5 2.80583E-5 3.48381E-5 1.91686E-5 2.19715E-5 2.69327E-5 1.73148E-5 1.09363E-5 1.00642E-5 1.66031E-5 8.74312E-5 6.77192E-5 8.45342E-5 8.79139E-5 1.87229E-5 3.76426E-5 6.38167E-5 5.50185E-5 2.75297E-5 1.12207E-5 7.82969E-6 2.37462E-5 5.67292E-5
6.43564E-6 2.54108E-5 1.11999E-5 7.04315E-6 1.34847E-5 1.29112E-5 3.28531E-5 2.46012E-5 9.03192E-5 3.47688E-5 8.89363E-6 1.61918E-5 2.10654E-4 1.41988E-4 5.98254E-5 4.94747E-5 6.39876E-5 3.95961E-5 8.79356E-6 2.46949E-5 3.60186E-5 3.65551E-5 3.67575E-5 1.90621E-5 1.90373E-5 7.78967E-5 1.88022E-5 2.43115E-5 1.66316E-5 9.95489E-6 2.28942E-6 1.44019E-5 2.80978E-6 9.58171E-6 3.02723E-6 5.59265E-5 1.79392E-5 2.15121E-5 1.52711E-5 2.42818E-5 8.5598E-6 2.88729E-5 1.73785E-5 2.76041E-5 1.21375E-5 2.46067E-5 2.9413E-5 3.0371E-5 2.07349E-4 9.39265E-5 2.88152E-4 3.2294E-4 8.18807E-5 8.91685E-5 6.35309E-5 2.01893E-4 1.83498E-4 1.22139E-4 2.1919E-5 1.62854E-5 8.6599E-6 4.60888E-6 7.94129E-6 2.72979E-5 2.12854E-5
7.35569E-6 1.46305E-5 1.0839E-5 8.45313E-6 2.67929E-5 1.56556E-5 3.69394E-5 4.35341E-5 1.81692E-5 5.04352E-5 5.96197E-5 1.00718E-4 6.33802E-5 1.1504E-4 5.13296E-5 7.13279E-5 2.22916E-5 1.97428E-5 3.91991E-5 2.73434E-5 2.67373E-5 3.68642E-5 3.80383E-5 3.77853E-5 4.44016E-5 7.37071E-5 2.78378E-5 1.26822E-5 2.35361E-5 7.55411E-6 3.11081E-6 3.68931E-6 3.03699E-5 1.1678E-5 9.01123E-6 2.21012E-5 6.26946E-5 3.45687E-5 1.52385E-5 1.43789E-5 2.27504E-5 1.2552E-4 4.91786E-5 3.15803E-5 7.96437E-5 2.73904E-5 7.89877E-5 3.93019E-5 3.63829E-5 2.06815E-5 3.24629E-5 4.90196E-5 5.88926E-5 1.83352E-4 6.25121E-5 3.14396E-5 2.08955E-5 8.48004E-6 9.44716E-6 7.03074E-6 4.82832E-6 8.88055E-6 2.11169E-5 6.12968E-6 4.06615E-6
1.5083E-5 4.74974E-5 2.79627E-6 4.99429E-6 4.52718E-6 3.62617E-6 1.14355E-5 2.98583E-5 6.30407E-5 6.6742E-5 1.41528E-5 6.33617E-5 1.18772E-4 2.11997E-4 1.97474E-4 9.86393E-5 8.58367E-5 8.52688E-5 1.36902E-4 3.12848E-5 2.58747E-5 3.76317E-5 3.85086E-5 3.15856E-5 1.05855E-5 2.30916E-5 2.76973E-5 2.73832E-5 2.18775E-5 3.30645E-6 1.90093E-6 2.15065E-6 4.82844E-6 1.25159E-5 8.22415E-6 1.33292E-5 1.69471E-5 1.87648E-5 1.13158E-5 1.33084E-5 6.98218E-5 1.35442E-4 3.45936E-5 8.73333E-5 2.44726E-4 3.28098E-5 2.51632E-5 1.75488E-5 2.29103E-5 1.98834E-5 1.04161E-5 5.20709E-5 5.68107E-5 2.19527E-4 1.18943E-5 2.94324E-5 3.3413E-5 7.05624E-6 2.10083E-6 3.75627E-6 6.39412E-6 6.82648E-6 1.66723E-5 1.48498E-5 1.39733E-5
1.60167E-5 4.6263E-5 3.45363E-6 4.66355E-6 4.23054E-6 1.7496E-5 2.52675E-5 3.15952E-5 6.102E-5 3.22047E-5 1.00568E-4 2.29751E-4 9.85292E-5 7.10489E-5 5.96287E-5 2.53006E-4 2.82299E-4 1.61124E-4 1.14999E-4 1.26101E-4 1.3316E-4 1.41293E-5 4.48548E-5 9.44497E-6 1.70571E-5 1.276E-4 6.00997E-5 5.82226E-5 1.28285E-5 4.05779E-6 4.42284E-6 8.10128E-6 4.27547E-6 4.1042E-6 1.91878E-5 3.09081E-5 3.88583E-5 4.08344E-5 3.27102E-5 3.42695E-5 2.55043E-4 3.28147E-4 1.5419E-4 7.64106E-5 8.83352E-5 1.3762E-5 2.59984E-5 1.63556E-5 1.83626E-5 1.00762E-5 2.12365E-5 2.52038E-5 4.12456E-5 2.18239E-5 1.88146E-5 2.07826E-5 4.31958E-6 2.58233E-6 3.0651E-6 9.83235E-6 1.83126E-5 4.16544E-5 5.30466E-5 3.97517E-5 2.27214E-5
9.29951E-6 3.85533E-5 7.8581E-6 6.76141E-6 4.91249E-6 1.20684E-5 2.24143E-5 3.56032E-5 3.65081E-5 4.16146E-5 8.4895E-5 1.17167E-4 6.65564E-5 2.06245E-5 2.07787E-5 1.87777E-4 5.41614E-4 2.53492E-4 1.85122E-4 9.80205E-5 2.78859E-4 2.25426E-4 1.33535E-4 5.07281E-5 3.78826E-5 4.17604E-5 5.23715E-5 1.63624E-5 9.95711E-5 6.26119E-5 4.59746E-5 1.95005E-5 7.5002E-6 9.59442E-6 2.0228E-5 1.23477E-4 5.04742E-5 2.63832E-4 2.56939E-4 1.8923E-4 1.17967E-4 3.0492E-4 2.04192E-4 1.37015E-4 3.56836E-4 1.61295E-4 1.07192E-4 3.29431E-5 3.193E-5 1.71292E-5 1.86595E-5 4.9196E-5 2.86595E-6 9.11401E-6 4.6756E-6 2.03754E-6 3.32394E-6 8.04002E-6 1.7759E-5 4.54745E-5 2.77902E-5 4.00544E-5 3.6823E-5 2.02792E-5 1.5545E-5
1.12993E-5 9.62956E-6 3.70514E-6 1.33469E-5 5.80439E-6 7.11848E-6 6.75066E-6 5.24864E-5 1.34512E-5 5.58241E-5 7.97535E-5 8.9353E-5 1.04357E-4 1.04404E-4 1.20999E-5 5.07887E-5 3.68325E-4 2.6378E-4 2.25072E-4 3.46089E-4 2.38203E-4 1.42135E-4 7.64821E-5 6.13496E-5 8.44288E-5 3.51813E-5 3.10964E-5 1.23241E-5 2.01494E-5 4.55866E-5 1.38385E-4 5.07693E-5 4.01299E-5 4.65827E-5 1.0792E-4 1.4313E-4 1.15217E-4 3.69603E-4 1.47431E-4 9.09152E-5 8.13559E-5 4.29605E-4 2.42659E-4 1.63107E-4 1.96781E-4 3.2679E-4 1.23645E-4 7.66441E-5 5.17645E-5 2.62392E-5 6.25934E-6 5.78799E-6 4.15191E-6 4.19468E-6 4.02714E-6 2.61201E-6 1.18686E-5 4.44822E-5 3.16778E-5 3.08041E-5 2.42808E-5 3.31163E-5 3.29518E-5 3.20258E-5 2.41683E-5
6.05676E-6 7.28422E-6 5.18096E-6 5.64171E-6 5.91195E-6 1.11451E-5 1.21979E-5 2.84325E-5 3.80108E-5 8.99685E-5 4.49833E-5 9.06463E-5 5.93364E-5 7.93637E-5 1.00091E-5 3.95289E-5 2.57747E-4 2.84706E-4 2.17536E-4 5.46766E-4 2.08583E-4 6.01259E-5 8.77798E-6 1.0114E-5 3.13625E-5 3.14154E-5 1.0693E-5 1.63976E-5 1.80876E-5 1.19999E-5 1.33105E-5 1.71937E-5 5.0865E-5 1.80747E-5 8.30735E-5 3.38529E-5 2.22665E-5 4.11103E-5 7.22976E-5 8.64784E-5 4.87774E-4 4.38776E-4 8.56667E-5 1.37566E-4 2.19056E-4 2.85763E-4 9.16658E-5 6.96839E-5 1.43889E-4 4.23116E-5 4.04187E-5 2.72495E-5 3.65869E-6 1.27808E-5 4.41367E-5 2.06557E-4 1.48269E-4 1.34922E-4 7.24095E-5 3.1555E-5 1.99296E-5 2.35419E-5 2.13547E-5 3.62268E-5 4.24116E-5
-9999 -9999 9.96013E-6 7.54085E-6 3.16925E-5 1.7307E-5 2.86366E-5 1.44428E-5 3.15158E-5 7.11487E-5 7.26376E-5 1.0937E-4 1.01909E-4 1.49472E-5 2.43901E-5 1.42952E-4 1.33021E-4 1.01531E-4 5.99436E-4 1.58231E-4 8.9526E-5 3.6282E-5 4.29788E-5 3.45532E-5 3.33836E-5 2.97871E-5 1.27647E-5 1.74328E-5 2.13909E-5 1.05721E-5 1.23729E-5 8.16876E-6 2.09682E-5 1.23905E-5 2.28434E-5 1.67246E-5 1.21436E-4 7.04112E-5 1.19477E-4 3.12731E-5 4.40182E-5 1.20776E-4 5.05453E-5 2.6787E-5 9.36546E-5 2.12079E-4 1.01796E-4 1.78794E-5 1.67215E-5 1.86554E-5 4.91947E-6 5.57007E-6 1.78777E-5 5.40361E-5 4.54462E-4 2.44939E-4 2.20635E-4 3.69642E-4 1.34639E-4 1.29658E-4 5.43127E-5 3.74888E-5 2.64916E-5 6.86409E-5 2.73562E-5
1.39154E-5 6.94131E-6 8.91267E-6 4.9195E-5 2.2581E-5 4.09073E-5 3.89754E-5 1.35049E-4 3.22525E-4 1.8099E-4 6.73665E-5 9.50991E-5 2.66198E-4 8.98664E-5 1.39329E-4 3.66261E-5 7.19173E-5 6.99217E-5 4.83313E-5 3.95461E-5 3.09605E-5 1.99607E-5 1.96639E-5 1.56722E-5 1.5974E-5 3.32376E-5 1.75186E-5 1.53957E-5 1.60483E-5 1.85473E-5 3.21507E-5 2.28934E-5 2.83644E-5 2.48009E-5 2.2823E-5 2.27203E-5 1.24711E-5 1.87972E-5 3.04247E-5 2.31596E-5 2.50138E-5 9.53829E-6 5.66433E-6 6.13797E-6 1.02228E-5 2.24399E-5 2.22172E-5 1.18E-5 1.40341E-5 2.05205E-5 2.17207E-5 4.1364E-5 3.8215E-5 1.24397E-4 2.42123E-4 2.6684E-4 2.00021E-4 1.14159E-4 1.22662E-4 2.11003E-4 9.47801E-5 5.88425E-5 7.09668E-5 3.47938E-5 3.47391E-5
3.3258E-5 2.83102E-5 2.93601E-5 6.84355E-5 3.67004E-5 2.30988E-4 1.19171E-4 1.98207E-4 4.21915E-4 4.65392E-4 1.65378E-4 3.82158E-5 4.59681E-5 1.12923E-5 1.25128E-5 2.41336E-5 3.23788E-5 4.60598E-5 4.34144E-5 5.9727E-5 5.59853E-5 3.18933E-5 2.03385E-5 2.34405E-5 1.91361E-5 9.48262E-6 2.05304E-5 2.07476E-5 2.00898E-5 3.42553E-5 3.32116E-5 3.87456E-5 3.75944E-5 1.36513E-5 1.48376E-5 7.17066E-6 1.3465E-5 1.0369E-5 8.55767E-6 1.19872E-5 1.05302E-5 1.1759E-5 2.83448E-5 3.0105E-5 1.14489E-5 9.92368E-6 2.04419E-5 1.71871E-5 9.72149E-6 2.76037E-5 4.1834E-5 3.26899E-4 3.02548E-4 5.39298E-5 2.51322E-4 4.96243E-4 8.76971E-5 3.06282E-5 2.89742E-5 3.40856E-5 6.77789E-5 4.65444E-5 4.17136E-5 3.0842E-5 2.07361E-5
8.46798E-6 9.58538E-6 -9999 3.41193E-5 7.70747E-5 5.12625E-4 1.61041E-4 1.4227E-4 9.51575E-5 2.0214E-4 6.1901E-5 3.5537E-5 9.66029E-6 6.25175E-6 2.50846E-5 6.54161E-5 9.0911E-5 6.63333E-5 2.35716E-5 2.88893E-5 3.69774E-5 3.96279E-5 1.25943E-5 2.62059E-5 4.16055E-5 4.31576E-5 4.73851E-5 1.13285E-5 4.97094E-5 4.2915E-5 3.30841E-5 3.62348E-5 1.38837E-5 1.1441E-5 1.96014E-5 9.02417E-6 1.14616E-5 1.19397E-5 1.23767E-5 2.32703E-5 8.22922E-6 9.33252E-6 1.28558E-5 1.07018E-5 6.52281E-6 2.6583E-5 5.09359E-5 3.17795E-5 2.74924E-5 1.95651E-4 1.80555E-4 3.39338E-4 1.18394E-4 2.73615E-4 5.38928E-4 3.39214E-4 8.2311E-5 4.13423E-5 3.05833E-5 2.17046E-5 5.79156E-5 7.61506E-5 2.20136E-5 1.57462E-5 2.47187E-5
-9999 -9999 1.64748E-5 2.71235E-5 5.81213E-5 1.72043E-4 2.78546E-4 1.33754E-4 2.86101E-5 5.72513E-5 2.62389E-5 1.33431E-5 1.30643E-5 2.59771E-5 1.96806E-4 6.81908E-5 1.23741E-4 9.40262E-5 5.02401E-5 3.88934E-5 4.10089E-5 3.29981E-4 1.15208E-4 3.81921E-5 3.42853E-5 3.4292E-5 3.4041E-5 4.7306E-5 4.3235E-5 3.19715E-5 2.59672E-5 3.14113E-5 1.39819E-5 1.26578E-5 1.27426E-5 1.26408E-5 1.71093E-5 2.28098E-5 2.1049E-5 1.90202E-5 1.15852E-5 1.04347E-5 9.66654E-6 1.27515E-5 2.10959E-5 3.71579E-5 2.64748E-5 2.65459E-5 7.14672E-5 1.14309E-4 1.39985E-4 2.05266E-4 2.68819E-4 4.0974E-4 3.92097E-4 1.20079E-4 7.31197E-5 3.98416E-5 8.04421E-5 5.02384E-5 4.188E-5 4.84007E-5 3.62415E-5 2.46195E-5 2.64788E-5
-9999 2.73244E-5 7.56298E-6 2.85803E-5 1.16792E-4 3.10136E-4 2.03332E-4 3.88689E-5 5.60854E-5 1.74129E-4 1.61726E-4 1.16712E-4 2.7464E-4 3.14455E-4 3.6782E-4 7.37799E-4 7.36861E-4 4.67592E-5 3.38176E-5 5.2904E-5 1.10214E-4 4.10807E-5 4.47989E-5 7.39659E-5 1.01479E-4 2.44786E-5 9.90814E-6 4.3677E-5 1.61535E-5 2.96934E-5 1.85463E-5 2.55576E-5 1.36703E-5 3.14877E-5 2.00489E-5 1.12866E-5 1.02745E-5 9.72854E-6 1.33319E-5 1.18186E-5 3.5224E-5 1.46455E-5 1.98806E-5 1.38887E-5 1.28016E-5 1.45282E-5 1.92668E-5 3.59647E-5 2.49325E-4 4.98128E-4 5.00153E-4 8.84336E-5 2.26831E-4 2.05944E-4 3.84822E-4 3.32257E-4 7.42076E-5 2.44075E-4 7.15677E-5 5.36552E-5 4.33138E-5 2.22616E-5 2.50326E-5 3.02475E-5 3.04161E-5
2.89014E-5 3.22255E-5 1.35358E-5 6.93774E-5 5.12325E-5 -9999 1.50719E-5 4.18995E-5 5.40506E-5 1.92688E-4 1.33362E-4 2.74593E-4 2.95651E-4 3.41747E-4 3.28465E-4 7.10464E-4 7.14728E-4 1.82191E-4 1.96595E-4 5.11127E-5 3.17965E-5 2.81978E-5 2.54616E-5 7.06406E-5 4.54202E-5 6.3246E-5 2.67591E-5 3.68996E-5 4.51757E-5 3.18667E-5 1.36668E-5 7.32343E-5 4.82926E-5 3.02648E-5 1.49227E-5 2.85721E-5 1.17453E-5 1.28819E-5 1.81164E-5 1.28308E-5 2.24674E-5 1.55864E-5 1.67628E-5 1.05386E-5 1.93966E-5 2.21006E-5 2.93471E-5 2.70798E-4 4.27002E-4 4.62481E-4 6.58794E-5 9.59751E-5 1.52618E-4 2.60897E-4 3.18344E-4 3.32371E-4 3.72067E-4 4.89598E-5 3.19049E-5 4.50328E-5 3.94609E-5 2.23325E-5 3.47512E-5 6.06939E-5 2.69943E-5
-9999 1.83879E-5 -9999 1.51898E-5 5.59706E-6 1.20936E-5 3.9445E-5 3.29907E-5 3.16886E-5 3.59489E-5 5.51549E-5 1.14627E-4 1.30316E-4 1.80822E-4 4.7849E-4 7.12346E-5 1.33313E-4 5.18849E-5 2.83004E-5 2.07782E-5 5.10061E-5 4.84588E-5 2.87837E-5 1.30934E-5 2.05091E-5 5.87548E-5 7.74385E-5 1.65471E-5 4.53788E-5 1.68704E-5 1.79262E-5 1.97988E-5 1.72301E-5 3.16093E-5 4.00977E-5 4.64218E-5 2.60053E-5 2.14745E-5 1.01017E-5 2.70427E-5 3.75611E-5 2.4589E-5 2.69679E-5 2.11677E-5 4.77984E-5 1.91581E-5 1.68851E-4 1.33551E-4 4.4009E-5 5.73698E-5 3.47536E-4 3.12751E-4 1.77328E-4 1.94549E-4 1.17982E-4 1.7873E-4 3.46371E-5 2.89225E-5 3.65678E-5 3.38782E-5 3.4079E-5 3.48696E-5 5.45843E-5 5.24191E-5 1.03531E-4
