catData/rasterBestHybridModels/Prubiginosus/RD_RM2_L/Prubiginosus_min.asc
ncols         409
nrows         350
xllcorner     60.897278365
yllcorner     5.843756025
cellsize      0.0892857
NODATA_value  -9999
[rows 87 to 115 of 350, columns 130 to 194 of 409]
1.26459E-5 1.05374E-5 1.17545E-5 9.3985E-6 4.95317E-6 4.5588E-7 1.29328E-6 6.75033E-6 9.79211E-6 4.89252E-6 3.80755E-6 1.74528E-6 6.47478E-7 2.57908E-6 3.01555E-6 3.22247E-6 2.80883E-6 2.4313E-6 3.28845E-6 2.9702E-6 2.12209E-6 1.24E-6 1.45798E-7 1.55024E-6 1.19462E-5 1.18555E-5 1.2069E-5 1.05183E-5 8.20081E-7 4.25062E-7 3.28351E-7 1.76225E-7 7.0902E-9 6.51508E-9 2.74366E-8 1.00137E-7 4.50795E-8 7.72954E-8 1.30922E-8 2.87239E-9 2.88868E-9 3.31937E-9 1.49564E-8 4.79704E-9 5.3269E-9 2.67582E-9 2.98421E-9 3.41741E-9 4.42171E-9 4.45363E-9 3.47721E-9 2.70032E-8 5.06108E-7 3.24019E-8 8.02304E-7 3.31597E-7 9.7132E-7 2.33409E-8 2.87928E-6 9.20619E-6 7.581E-8 1.69144E-7 6.44675E-7 1.89321E-6 6.07369E-6
1.09323E-5 1.1454E-5 8.1408E-6 6.79706E-6 3.28902E-6 7.27265E-6 2.28574E-6 1.12688E-6 2.11294E-6 1.39209E-6 1.85737E-6 1.8009E-6 2.60575E-6 2.41709E-6 9.5668E-6 1.13532E-5 1.11778E-5 3.23759E-6 3.36395E-6 3.22567E-6 3.72484E-6 2.21945E-6 3.11374E-6 3.7865E-6 3.97338E-6 1.22506E-5 1.14446E-5 1.02165E-5 8.61204E-6 2.21382E-6 1.2703E-6 3.3977E-7 4.00937E-8 1.61522E-8 1.63294E-8 2.74649E-7 8.01533E-7 7.73514E-9 5.44104E-9 3.19974E-9 3.21361E-9 3.23894E-9 3.89984E-9 4.66907E-9 3.28669E-9 3.61181E-9 5.86565E-9 2.20517E-8 8.34964E-9 3.50716E-9 3.09313E-9 2.98796E-8 8.63875E-8 2.29893E-8 4.78685E-8 4.78221E-7 1.97958E-7 3.43041E-8 2.04088E-6 2.25004E-7 1.2063E-6 2.44081E-7 4.28618E-6 7.10629E-8 1.352E-6
6.0204E-6 5.92002E-6 5.86145E-6 5.95929E-6 6.28343E-6 1.21071E-5 7.55603E-6 1.22612E-7 2.05192E-8 2.50319E-6 2.9311E-6 2.10049E-6 2.53296E-6 2.56569E-6 3.13778E-6 3.93394E-6 1.2326E-5 1.3389E-5 1.37551E-5 1.07405E-5 5.2853E-6 3.39839E-6 3.65917E-6 4.16955E-6 4.14188E-6 4.12811E-6 1.22507E-5 1.16812E-5 1.13873E-5 9.87337E-6 3.35477E-6 2.45411E-6 1.049E-6 6.49855E-7 1.83522E-8 2.59188E-8 2.84287E-8 2.83962E-8 2.78667E-8 5.15935E-9 5.1838E-9 6.22842E-9 4.39304E-9 4.40516E-9 6.34205E-9 2.02678E-8 3.17401E-8 8.40662E-9 4.52673E-9 4.63767E-9 3.77409E-9 5.63356E-8 8.83279E-7 1.06875E-6 1.07241E-6 8.34031E-6 1.39236E-8 1.08344E-8 1.30738E-8 4.14026E-8 2.71637E-6 9.43297E-8 1.21473E-5 4.27925E-8 6.0687E-8
4.01866E-6 5.78954E-6 6.12418E-6 5.9279E-6 5.6614E-6 3.63751E-6 9.78636E-7 2.83799E-6 6.04258E-6 2.47333E-6 1.73044E-6 2.81828E-6 3.24307E-6 4.2323E-6 3.7514E-6 4.1094E-6 3.35458E-6 1.36149E-5 1.39729E-5 1.42504E-5 1.39291E-5 1.4064E-5 1.41233E-5 4.41681E-6 3.92141E-6 4.24847E-6 4.34377E-6 1.26802E-5 1.31595E-5 1.28166E-5 1.27892E-5 3.31707E-6 3.80151E-6 2.87155E-6 1.93985E-6 5.99555E-7 5.07269E-7 3.19981E-7 1.16162E-8 6.82481E-9 4.37997E-9 8.20969E-9 4.44522E-9 6.3672E-9 6.4161E-9 1.46044E-8 1.75322E-8 2.69721E-8 6.59165E-8 6.61455E-9 1.97784E-7 1.06414E-6 3.10889E-6 8.93453E-6 1.07593E-5 4.8562E-6 6.43728E-9 2.09736E-7 2.11314E-7 4.64725E-9 2.20611E-8 2.29721E-8 7.19528E-6 2.98622E-8 3.28514E-8
6.0705E-6 6.534E-6 5.42554E-6 6.43408E-6 1.28751E-6 4.11652E-6 3.42093E-6 4.0953E-6 3.30702E-6 2.98472E-6 2.91363E-6 4.46446E-6 4.48882E-6 4.45106E-6 4.33249E-6 4.01611E-6 3.41443E-6 4.41722E-6 4.51427E-6 1.4503E-5 1.12721E-5 1.47025E-5 1.47864E-5 1.45851E-5 3.64225E-6 4.57322E-6 4.53174E-6 1.32504E-5 1.36425E-5 1.26925E-5 1.3088E-5 1.30858E-5 4.29684E-6 4.07458E-6 2.64755E-6 4.3767E-6 1.52045E-6 1.38113E-6 8.53043E-7 4.489E-8 1.1853E-8 9.25758E-9 4.92011E-9 2.4536E-8 9.30785E-9 4.73364E-7 1.95114E-7 1.93392E-7 8.71006E-8 2.32178E-8 1.38381E-8 2.86809E-7 1.54542E-6 1.16967E-5 5.45283E-6 1.31981E-6 6.51489E-8 6.15234E-7 2.55814E-6 3.89657E-8 1.11678E-8 3.89898E-8 4.78931E-6 4.30856E-8 1.94579E-8
6.6409E-6 5.05364E-6 1.83782E-6 3.41408E-6 6.34228E-6 2.63642E-6 1.52597E-6 2.75748E-6 3.32003E-6 2.40126E-6 3.50647E-6 3.49712E-6 3.61698E-6 4.47089E-6 1.3398E-5 1.32967E-5 1.36758E-5 1.40931E-5 1.37262E-5 1.48282E-5 1.26622E-5 1.47963E-5 1.55439E-5 1.53464E-5 1.43719E-5 4.81992E-6 4.73638E-6 4.64549E-6 1.42343E-5 1.39106E-5 1.37075E-5 1.33503E-5 1.33177E-5 4.28047E-6 1.21031E-6 3.7183E-6 4.38857E-6 6.316E-6 4.37587E-6 4.67859E-7 2.77187E-7 1.45417E-8 7.11658E-9 2.48573E-8 1.12501E-8 6.7647E-8 2.15301E-7 1.14812E-7 1.39257E-6 2.34652E-8 9.07521E-8 1.31667E-7 1.02877E-6 5.06596E-6 9.47985E-6 5.04222E-7 3.61499E-7 1.94276E-8 3.82552E-8 1.78546E-8 6.61958E-9 1.03879E-8 2.80962E-7 4.80922E-7 6.24284E-8
7.88801E-6 5.93855E-6 6.17751E-6 5.26087E-6 1.41966E-6 1.56587E-6 1.09909E-6 2.72632E-6 4.08165E-6 8.7084E-6 3.78658E-6 1.39882E-5 1.45266E-5 1.42475E-5 1.39101E-5 1.34714E-5 1.30591E-5 1.42396E-5 1.47512E-5 1.40134E-5 1.38892E-5 1.2485E-5 1.25332E-5 1.56038E-5 1.56886E-5 1.58306E-5 3.91805E-6 3.70027E-6 1.40434E-5 1.45337E-5 1.35868E-5 1.40196E-5 1.28863E-5 3.26036E-6 1.04024E-5 1.00488E-5 1.15061E-6 9.05028E-6 9.59167E-6 4.47975E-6 9.83925E-7 3.05204E-7 1.75681E-8 1.75747E-8 2.11286E-8 2.78052E-8 1.96905E-7 1.97537E-7 2.392E-7 2.03011E-7 3.24723E-6 2.51937E-6 1.29724E-5 1.13652E-6 3.33384E-7 1.05056E-6 4.0363E-6 4.07688E-6 9.78438E-8 6.79997E-8 1.04735E-8 4.36896E-8 6.85497E-8 7.01396E-6 1.17232E-7
7.2443E-6 8.86871E-6 7.51256E-6 2.17346E-6 2.46459E-6 2.65095E-6 3.78806E-6 4.32183E-6 4.88278E-6 3.85308E-6 1.40723E-5 1.43066E-5 1.47902E-5 1.31945E-5 1.20166E-5 1.05759E-5 8.7803E-6 1.18477E-5 1.50482E-5 1.5514E-5 1.55418E-5 1.55245E-5 1.5534E-5 1.55719E-5 1.56829E-5 1.27436E-5 1.54715E-5 1.51508E-5 1.48971E-5 1.37792E-5 1.36729E-5 1.43839E-5 1.24137E-5 3.12659E-6 4.23604E-7 1.25634E-7 5.62958E-7 4.76354E-7 8.81874E-7 1.65336E-7 1.41513E-6 1.1592E-7 4.75391E-8 4.79522E-8 2.81909E-7 6.24628E-8 3.70795E-7 1.09922E-6 2.93357E-7 1.74755E-6 7.37294E-6 1.34851E-5 1.35357E-5 1.35151E-5 4.44022E-6 3.3723E-6 1.28146E-7 5.57015E-8 7.61947E-7 4.79195E-8 5.23877E-8 5.74331E-8 5.70872E-9 4.48068E-7 1.18015E-7
7.04546E-6 6.95641E-6 3.83226E-6 4.28296E-6 4.72131E-6 4.79537E-6 4.55699E-6 1.55056E-5 1.55759E-5 4.91523E-6 1.43255E-5 1.50846E-5 1.43855E-5 1.03038E-5 1.09978E-5 1.29752E-5 1.2194E-5 1.35501E-5 1.54626E-5 1.49516E-5 1.54743E-5 1.53799E-5 1.45922E-5 1.46846E-5 1.56724E-5 1.59092E-5 1.55507E-5 1.25012E-5 1.49737E-5 1.47448E-5 1.36363E-5 1.36135E-5 1.42811E-5 3.86825E-6 2.327E-6 9.31866E-6 2.3678E-6 4.8927E-6 5.73814E-6 1.09616E-5 5.29429E-7 1.40529E-7 3.72907E-7 6.24101E-8 8.27511E-7 6.40619E-6 1.55385E-6 5.90582E-7 6.03851E-7 3.62973E-6 2.55592E-6 1.33495E-5 1.40018E-5 1.36795E-5 7.48968E-6 5.79512E-6 1.81711E-7 1.06706E-7 2.01232E-6 5.37615E-6 4.5837E-6 4.14097E-6 1.68865E-7 2.21608E-7 1.20367E-6
5.02217E-6 3.14473E-6 4.04603E-6 4.27538E-6 4.64057E-6 1.53373E-5 1.56794E-5 1.56842E-5 1.48101E-5 5.00496E-6 1.51788E-5 1.48322E-5 1.49036E-5 1.03581E-5 1.43844E-5 1.48753E-5 1.51641E-5 1.56238E-5 1.52099E-5 1.51226E-5 1.48079E-5 1.53335E-5 1.49184E-5 1.46775E-5 1.49991E-5 1.61365E-5 1.57775E-5 1.28622E-5 1.26958E-5 1.4847E-5 1.47806E-5 1.4761E-5 1.48348E-5 1.37065E-5 1.98081E-6 2.23357E-7 3.44409E-7 9.09111E-7 1.01731E-5 5.08455E-6 2.47395E-7 3.13626E-7 5.34262E-7 4.07497E-7 5.39724E-6 1.55857E-6 9.29503E-6 2.06141E-6 3.2428E-6 5.1076E-7 3.37925E-6 1.26005E-5 1.39179E-5 1.33669E-5 6.42452E-6 1.6745E-6 3.40766E-7 8.97386E-8 2.03119E-6 1.1905E-5 1.28567E-5 1.27396E-5 4.82667E-6 1.30907E-7 2.85234E-6
3.30863E-6 3.47057E-6 1.7039E-6 2.63139E-6 1.58308E-5 1.49172E-5 1.5544E-5 1.45597E-5 1.54191E-5 5.00293E-6 4.96921E-6 1.40907E-5 1.46407E-5 1.50347E-5 1.55267E-5 1.57808E-5 1.5143E-5 1.62756E-5 1.66496E-5 1.63315E-5 1.58025E-5 1.54815E-5 1.52488E-5 1.56585E-5 1.60693E-5 1.62213E-5 1.59185E-5 1.36845E-5 1.28017E-5 1.25867E-5 1.86759E-5 2.11363E-5 1.21149E-5 9.80321E-7 2.55462E-7 3.2613E-8 4.58277E-8 9.30056E-8 1.58837E-7 7.51626E-7 8.12316E-7 2.41528E-7 1.67022E-8 6.86197E-9 1.172E-8 7.64203E-8 5.45105E-7 1.32109E-7 9.34124E-8 2.55468E-7 2.22726E-6 4.43075E-6 1.12497E-5 1.30679E-5 1.30735E-6 1.09013E-6 9.80826E-8 2.83102E-8 3.47507E-6 4.99795E-6 1.04797E-5 3.89389E-6 3.01935E-6 9.23835E-8 2.75846E-6
3.04411E-6 4.23436E-6 3.3453E-6 1.59409E-5 1.58681E-5 1.50919E-5 1.58692E-5 1.44989E-5 1.51613E-5 4.92094E-6 3.73474E-6 1.49245E-5 1.54348E-5 1.56434E-5 1.56447E-5 1.53362E-5 1.62512E-5 1.63207E-5 1.64206E-5 1.54526E-5 1.59172E-5 1.49967E-5 1.55988E-5 1.59761E-5 1.53571E-5 1.6052E-5 1.60275E-5 1.53089E-5 1.47432E-5 1.89761E-5 1.00689E-5 4.73773E-5 1.80777E-5 8.65371E-6 3.11673E-7 4.36557E-8 5.6496E-8 3.05445E-7 6.90073E-7 2.06659E-6 7.8389E-8 1.29982E-8 6.35868E-9 9.24754E-8 7.66799E-9 4.22035E-7 3.5039E-8 1.21104E-8 2.08829E-8 5.28666E-7 7.18862E-6 1.19857E-5 8.46554E-6 1.08019E-6 5.3867E-7 4.05845E-7 8.29125E-7 5.86498E-7 2.42433E-7 1.58243E-6 2.90544E-6 4.08872E-6 3.24081E-6 2.95963E-6 6.05837E-7
4.0982E-6 1.25427E-5 1.4192E-5 1.60177E-5 1.59665E-5 1.61708E-5 1.61792E-5 1.5354E-5 4.64556E-6 4.88301E-6 4.96142E-6 1.56859E-5 1.59452E-5 1.62388E-5 1.53212E-5 1.53078E-5 1.6221E-5 1.61847E-5 1.51871E-5 1.61691E-5 1.64415E-5 1.5332E-5 1.50373E-5 1.61093E-5 1.52765E-5 1.58868E-5 1.60232E-5 1.3472E-5 1.19452E-5 1.929E-5 2.16178E-5 2.13767E-5 4.56227E-5 1.73512E-5 4.5532E-7 9.89003E-8 8.37366E-8 9.2782E-7 8.25234E-8 1.29683E-7 2.69701E-8 9.06042E-9 4.20901E-9 4.78562E-7 3.32506E-7 1.10756E-5 8.9932E-6 1.49446E-7 1.07983E-6 2.17945E-8 1.19604E-6 1.12752E-5 4.46759E-6 3.75672E-6 2.88387E-6 1.15235E-5 3.21124E-6 6.44964E-7 7.10151E-7 2.91068E-6 3.18434E-6 4.16386E-6 2.83924E-6 4.23852E-6 3.02651E-6
1.02326E-5 1.30787E-5 1.64991E-5 1.63497E-5 1.61721E-5 1.60372E-5 1.57648E-5 1.64479E-5 5.40791E-6 4.13725E-6 9.57086E-6 5.37419E-6 5.25237E-6 5.25998E-6 5.366E-6 5.47162E-6 4.31222E-6 5.4517E-6 5.36403E-6 5.42419E-6 5.46283E-6 5.51972E-6 4.35308E-6 1.62439E-5 1.5326E-5 1.34428E-5 1.37985E-5 1.23838E-5 9.84422E-6 1.27224E-5 1.39088E-5 2.14309E-5 4.75399E-5 2.82631E-6 3.26303E-7 2.28662E-7 1.41455E-6 5.00159E-6 8.05884E-6 3.43705E-7 2.60498E-7 1.94087E-8 2.76628E-8 2.61215E-7 1.18277E-6 1.25402E-5 2.57618E-7 8.8765E-9 5.69925E-8 3.30209E-6 8.4914E-6 1.30823E-5 5.31128E-7 1.08781E-6 1.01094E-5 1.0078E-5 7.68218E-7 4.54876E-7 2.45796E-7 1.45265E-7 1.22095E-7 6.73846E-7 7.28276E-7 4.27373E-6 3.93861E-6
6.68566E-6 1.62384E-5 1.73261E-5 1.72017E-5 1.63358E-5 1.6181E-5 5.50403E-6 5.48562E-6 1.01187E-5 9.85119E-6 9.76677E-6 9.89206E-6 5.26297E-6 5.19084E-6 5.20536E-6 5.29913E-6 5.4151E-6 5.40992E-6 5.47886E-6 4.33881E-6 1.52945E-5 1.63435E-5 1.65573E-5 1.67124E-5 1.58301E-5 1.57692E-5 1.61515E-5 1.58645E-5 1.57935E-5 1.02094E-5 1.2341E-5 1.34279E-5 1.42553E-5 5.31116E-6 7.42225E-7 3.69609E-7 1.15887E-5 8.10457E-6 1.99495E-7 3.31081E-7 2.44807E-7 1.85798E-7 6.93672E-8 4.96914E-7 1.22375E-5 2.20965E-6 2.38529E-8 1.03679E-8 2.16214E-8 5.17839E-6 1.45395E-5 8.57888E-6 1.22257E-5 1.00088E-6 1.43826E-6 1.46082E-6 1.01113E-6 2.05385E-7 3.22415E-7 8.77067E-7 7.21769E-8 2.30611E-6 3.33072E-6 3.55646E-6 3.79958E-6
1.52775E-5 1.65568E-5 5.67855E-6 4.53902E-6 4.66205E-6 5.62829E-6 5.39597E-6 5.46968E-6 9.96532E-6 9.76037E-6 9.43084E-6 9.72339E-6 5.28706E-6 5.41306E-6 5.33776E-6 1.63157E-5 1.66562E-5 1.67723E-5 1.70189E-5 1.61833E-5 1.62522E-5 1.7342E-5 1.61658E-5 1.60508E-5 1.60383E-5 1.68001E-5 1.79104E-5 1.75814E-5 1.66315E-5 1.61184E-5 1.51855E-5 1.03098E-6 2.0326E-6 7.6644E-6 2.64298E-6 2.10446E-6 1.63738E-5 4.45418E-6 2.47746E-6 1.1013E-6 4.69016E-7 1.36506E-6 6.08844E-6 4.26817E-6 1.10093E-5 6.02009E-7 3.81437E-8 9.06353E-9 2.68366E-8 4.69857E-6 1.46988E-5 1.12767E-5 9.35689E-7 2.45815E-6 3.82166E-7 2.05349E-7 3.53298E-6 9.52482E-7 3.24479E-7 1.12438E-7 3.25418E-8 1.6407E-6 3.97368E-6 6.28526E-7 1.51907E-7
1.76437E-5 1.7689E-5 1.76591E-5 1.74821E-5 1.70132E-5 1.43794E-5 1.55949E-5 5.10118E-6 4.7268E-6 5.52224E-6 4.44399E-6 4.33659E-6 1.58376E-5 1.59887E-5 1.70407E-5 1.73907E-5 1.76774E-5 1.66889E-5 1.77279E-5 1.80592E-5 1.7991E-5 1.78805E-5 1.65003E-5 1.6402E-5 1.69569E-5 1.75415E-5 1.85711E-5 1.69386E-5 1.731E-5 1.63816E-5 6.16239E-6 5.63558E-7 1.24961E-6 4.86958E-6 1.29684E-5 8.37576E-6 1.20568E-5 7.00606E-6 7.65079E-6 4.35756E-6 9.03862E-6 1.05744E-6 4.30565E-6 2.10697E-6 7.98102E-7 1.79947E-6 1.25076E-6 7.41417E-6 1.27668E-6 2.55346E-6 1.32587E-5 1.47471E-5 1.16399E-5 1.10627E-5 1.33829E-6 1.60812E-6 1.98808E-6 4.30795E-6 7.28006E-7 4.25183E-8 2.29421E-8 4.74867E-7 3.09748E-6 2.37493E-6 5.24883E-7
1.8473E-5 1.85772E-5 1.87108E-5 1.83664E-5 1.66421E-5 1.65599E-5 1.79598E-5 6.08903E-6 5.92799E-6 5.68854E-6 5.69978E-6 5.90512E-6 1.80989E-5 1.81537E-5 1.81183E-5 1.74177E-5 1.84237E-5 1.8184E-5 1.81359E-5 1.84656E-5 1.85416E-5 1.79183E-5 1.67916E-5 1.71956E-5 1.87157E-5 1.89283E-5 1.85633E-5 1.68751E-5 1.67528E-5 1.41727E-5 2.86387E-6 2.48564E-6 2.54269E-6 3.40234E-6 4.80386E-6 1.52542E-5 1.31784E-5 7.37629E-6 5.05488E-6 8.05553E-7 2.62852E-6 8.07397E-7 1.0757E-6 1.40828E-6 2.41523E-6 4.88641E-7 2.84874E-7 1.17955E-7 2.87406E-6 4.77702E-6 4.71735E-6 1.56806E-5 1.32908E-5 6.16967E-6 4.74428E-6 6.65995E-7 2.99393E-7 1.24631E-6 2.99092E-6 3.35328E-7 2.52115E-8 3.06651E-7 1.54807E-6 6.37841E-7 6.9082E-7
2.05036E-5 2.00676E-5 1.97365E-5 1.79893E-5 1.88394E-5 1.89068E-5 1.89875E-5 5.04203E-6 6.10674E-6 5.96435E-6 5.85152E-6 4.7816E-6 6.27228E-6 1.86295E-5 1.90765E-5 1.96126E-5 1.94526E-5 1.87913E-5 1.84834E-5 1.79685E-5 1.79728E-5 1.83941E-5 6.4041E-6 6.43347E-6 6.58321E-6 5.25383E-6 6.36244E-6 4.73933E-6 5.7744E-6 5.45295E-6 3.25642E-6 3.6902E-6 3.72162E-6 6.28372E-6 5.84998E-6 1.02963E-5 1.13553E-5 1.00405E-5 3.73202E-6 1.181E-6 1.6788E-7 3.09927E-7 2.0318E-6 5.53105E-6 1.0484E-6 4.25932E-7 9.27673E-7 4.49854E-7 4.01294E-7 2.15142E-6 2.16004E-6 1.60421E-5 1.16476E-5 1.24297E-5 4.34206E-7 8.88426E-7 6.17681E-7 2.41732E-6 2.7586E-6 8.88328E-8 6.17803E-8 5.20391E-8 1.55801E-6 1.37449E-6 2.24719E-6
2.18382E-5 2.13452E-5 2.00137E-5 1.92938E-5 1.91499E-5 1.82714E-5 6.63798E-6 6.6034E-6 6.43267E-6 5.00084E-6 6.13078E-6 6.25969E-6 6.39719E-6 1.79205E-5 1.94698E-5 1.88704E-5 2.01058E-5 6.57446E-6 6.53017E-6 5.26615E-6 5.56144E-6 6.49831E-6 5.11014E-6 5.0112E-6 5.13864E-6 5.33429E-6 6.1251E-6 5.46975E-6 5.90533E-6 4.41904E-6 3.78609E-6 5.81953E-6 5.28531E-6 6.52281E-6 8.54892E-6 3.505E-6 2.75399E-6 1.44762E-5 1.29502E-5 8.91691E-7 4.53827E-7 3.23291E-6 4.37726E-6 3.50564E-6 1.5908E-6 4.00573E-7 6.50392E-6 4.46104E-6 4.42776E-6 1.3838E-6 4.78154E-6 1.52586E-5 1.32135E-5 3.78688E-6 2.74313E-6 1.5256E-6 2.54763E-6 2.77671E-6 3.36366E-6 2.81529E-7 8.89084E-8 8.16945E-8 6.35526E-7 3.42752E-8 2.57617E-7
2.13419E-5 2.15113E-5 2.07178E-5 1.88444E-5 1.97026E-5 1.83881E-5 6.51755E-6 6.55427E-6 6.51976E-6 5.10607E-6 4.82072E-6 4.95468E-6 6.46951E-6 1.92752E-5 6.68544E-6 6.77603E-6 6.86671E-6 6.98094E-6 6.91442E-6 6.94717E-6 6.92333E-6 6.81435E-6 6.66415E-6 5.31342E-6 6.85178E-6 6.77057E-6 5.05906E-6 5.09803E-6 5.60221E-6 4.11831E-6 5.67618E-6 5.58083E-6 5.78422E-6 4.31695E-6 9.02818E-6 4.01703E-6 8.10062E-6 8.32196E-6 1.46243E-5 5.42599E-6 3.49056E-6 3.51114E-6 1.41964E-6 3.4527E-6 1.47661E-6 3.96938E-7 3.07793E-6 1.29035E-6 3.71856E-6 1.51571E-6 1.16843E-5 5.22156E-6 3.48614E-6 5.16537E-6 3.75189E-6 2.43784E-6 4.43296E-7 2.67946E-6 3.04663E-6 3.56517E-6 2.70612E-6 1.82715E-7 4.88792E-7 1.29224E-7 1.38193E-7
2.07319E-5 2.07973E-5 1.90948E-5 1.90804E-5 2.06453E-5 1.94194E-5 6.75947E-6 6.54764E-6 6.65631E-6 6.40839E-6 1.18301E-5 1.16362E-5 1.1846E-5 6.54599E-6 5.26416E-6 5.41747E-6 6.9641E-6 7.23101E-6 7.28136E-6 7.29977E-6 5.63065E-6 5.46655E-6 6.8378E-6 6.83038E-6 6.15169E-6 3.88126E-6 5.11242E-6 4.2495E-6 3.32212E-6 3.60659E-6 4.92488E-6 2.96783E-6 5.62743E-6 3.99049E-6 1.02466E-5 4.33913E-6 6.30229E-6 1.16877E-5 1.52582E-5 4.63733E-6 5.7554E-6 4.33266E-6 3.99524E-6 2.77189E-6 3.02787E-6 1.246E-7 3.42557E-6 1.09608E-6 3.35424E-6 5.18961E-6 7.29002E-7 7.3858E-6 3.00686E-6 4.91459E-6 2.85387E-6 3.82826E-6 2.71107E-6 2.63947E-6 4.8201E-6 3.99683E-6 4.89975E-6 4.96945E-6 2.86502E-6 2.21633E-7 1.16276E-7
1.89563E-5 1.82539E-5 1.83327E-5 1.98893E-5 2.06752E-5 7.0273E-6 1.26678E-5 1.25785E-5 1.25387E-5 1.24021E-5 9.83673E-6 1.20699E-5 1.20149E-5 9.47094E-6 5.48966E-6 7.3503E-6 7.22871E-6 7.42967E-6 5.92583E-6 7.43549E-6 7.19597E-6 7.07052E-6 6.3792E-6 4.95295E-6 4.19341E-6 3.625E-6 4.55525E-6 4.43113E-6 3.47348E-6 4.01221E-6 5.09993E-6 1.92195E-6 1.03252E-5 7.63797E-6 1.07865E-5 5.8748E-6 5.07543E-6 4.33937E-6 1.44035E-5 3.97181E-6 3.71861E-6 5.82545E-6 1.40287E-6 4.12584E-6 3.38767E-6 2.69267E-6 5.48482E-8 1.44528E-7 2.19363E-6 6.25241E-6 7.33121E-6 2.13988E-6 5.22522E-7 8.10233E-6 2.34711E-6 4.78962E-6 6.79223E-6 5.68205E-6 6.63739E-6 6.94623E-6 7.11462E-6 7.01172E-6 6.72183E-6 2.43307E-6 3.11724E-7
1.71717E-5 1.75122E-5 1.81063E-5 1.97668E-5 2.03515E-5 1.01276E-5 1.31151E-5 1.03625E-5 1.31645E-5 1.02846E-5 8.33517E-6 1.00857E-5 1.31505E-5 1.33038E-5 7.36154E-6 5.73664E-6 4.74243E-6 6.12678E-6 7.70503E-6 7.65995E-6 7.3745E-6 5.58499E-6 5.26062E-6 5.18892E-6 5.07753E-6 5.47335E-6 5.73027E-6 4.29389E-6 4.31768E-6 6.65572E-6 4.465E-6 3.61756E-6 8.99203E-6 1.07329E-5 1.08827E-5 4.43579E-6 3.80633E-6 4.0528E-6 4.21021E-6 5.8129E-6 3.99565E-6 5.7034E-6 3.9313E-6 3.42584E-6 3.94242E-6 1.05222E-6 3.14166E-7 2.24736E-7 1.85411E-7 6.35845E-6 7.75975E-6 7.54217E-6 7.53211E-6 2.3655E-6 7.0295E-6 7.34488E-6 8.15076E-6 8.14025E-6 8.36902E-6 9.92347E-7 6.62838E-6 8.70449E-6 7.07494E-6 6.44471E-6 1.10723E-5
1.88998E-5 1.87096E-5 1.94344E-5 2.01866E-5 6.94744E-6 1.29591E-5 1.33898E-5 1.07087E-5 1.04687E-5 8.65458E-6 8.63755E-6 1.08598E-5 1.36442E-5 1.36414E-5 5.14525E-6 7.2039E-6 7.48113E-6 7.52883E-6 6.82244E-6 5.96325E-6 7.49832E-6 5.83693E-6 5.73843E-6 7.30169E-6 6.42251E-6 4.88808E-6 5.57137E-6 5.97068E-6 6.59144E-6 7.31729E-6 5.30436E-6 8.23293E-6 4.44411E-6 1.09488E-5 8.7847E-6 4.645E-6 4.40169E-6 3.84816E-6 4.47391E-6 2.15673E-6 3.62741E-6 2.49531E-6 7.39151E-7 1.18909E-6 3.38182E-6 1.5739E-7 3.44241E-7 5.56658E-7 3.16853E-7 2.22914E-6 3.4466E-6 9.51995E-6 5.32617E-6 8.61346E-6 8.4086E-6 7.72558E-6 1.16935E-6 8.06657E-6 7.72996E-6 8.26546E-6 7.13823E-6 8.29645E-6 5.39304E-6 7.85047E-6 1.39383E-5
1.91127E-5 1.83744E-5 1.93088E-5 5.5734E-6 5.54595E-6 1.0542E-5 1.34713E-5 1.09111E-5 8.89696E-6 1.0347E-5 1.01285E-5 1.37579E-5 1.442E-5 9.17127E-6 5.85476E-6 8.12409E-6 6.68332E-6 4.71484E-6 6.83679E-6 7.38377E-6 7.53344E-6 7.6859E-6 7.69971E-6 7.68145E-6 7.81692E-6 7.75662E-6 7.39647E-6 6.69986E-6 6.73694E-6 6.68471E-6 1.27832E-5 7.21378E-6 1.12001E-5 1.07029E-5 5.86737E-6 5.92559E-6 6.04658E-6 4.96723E-6 4.31064E-6 2.66272E-6 1.00242E-6 2.06652E-6 4.61797E-6 4.77908E-6 2.69208E-6 8.25694E-6 2.54386E-7 3.00631E-6 1.87292E-7 8.33041E-8 1.70563E-6 1.1938E-6 8.0744E-6 7.53809E-6 8.91865E-6 7.62028E-6 2.87599E-6 8.70489E-6 2.23068E-6 7.47215E-6 8.89278E-6 8.56842E-6 7.27293E-6 8.48141E-6 8.06407E-6
2.09619E-5 2.02321E-5 7.21661E-6 7.18721E-6 5.75913E-6 1.32912E-5 1.32275E-5 1.06149E-5 1.08551E-5 1.11365E-5 2.61586E-6 1.28089E-5 1.22973E-5 3.63017E-6 4.00178E-6 9.28952E-7 9.57663E-7 7.05806E-6 5.20125E-6 7.55099E-6 6.14143E-6 7.8195E-6 6.29676E-6 7.38679E-6 1.03689E-5 7.98059E-6 8.08054E-6 6.06746E-6 5.96118E-6 1.418E-5 1.18541E-5 9.88523E-6 7.27366E-6 1.1379E-5 5.48601E-6 5.16049E-6 7.53504E-6 5.91201E-6 5.05613E-6 9.14719E-6 1.00472E-6 1.17436E-6 1.0604E-6 3.24942E-6 2.17925E-6 8.55098E-6 8.99887E-6 8.43465E-6 1.22684E-6 1.22499E-6 1.12787E-6 3.57655E-6 6.28098E-6 7.5647E-6 3.81007E-6 1.00697E-6 8.86056E-6 5.44696E-6 8.23052E-6 7.5619E-6 4.5618E-6 4.57379E-6 8.33444E-6 7.19877E-6 4.39689E-6
2.07668E-5 2.04031E-5 5.95313E-6 7.56838E-6 7.32574E-6 1.32608E-5 1.04872E-5 1.04112E-5 4.8648E-6 1.11603E-5 1.08249E-5 1.00277E-5 1.60569E-5 7.58637E-6 3.02408E-6 4.67153E-7 5.48047E-6 7.48773E-6 7.56639E-6 8.02164E-6 8.2271E-6 7.77968E-6 9.94513E-6 1.13671E-5 9.90959E-6 8.21249E-6 8.15729E-6 7.89018E-6 1.49243E-5 1.00265E-5 1.10664E-5 4.98884E-6 9.22079E-6 5.77325E-6 6.26312E-6 6.56333E-6 7.67047E-6 7.29476E-6 5.65581E-6 4.2786E-6 6.11609E-6 2.06382E-6 3.98698E-6 2.04502E-6 3.86521E-7 1.00812E-5 2.01587E-6 1.19668E-6 1.6016E-7 3.59278E-7 5.09446E-6 5.16839E-6 8.28245E-6 5.64884E-6 9.49561E-7 9.72864E-7 7.91309E-6 7.72028E-6 4.65308E-6 7.17855E-6 3.56817E-6 6.69137E-6 7.22795E-6 4.21438E-7 3.34839E-6
2.07517E-5 6.14093E-6 5.71152E-6 6.41678E-6 1.44064E-5 1.40197E-5 1.37414E-5 1.41401E-5 1.43253E-5 1.4804E-5 1.5505E-5 1.40144E-5 1.35432E-5 8.34623E-6 4.66973E-6 2.53183E-7 5.95523E-6 8.10871E-6 6.59948E-6 6.90575E-6 8.37339E-6 6.12425E-6 5.54336E-6 1.10357E-5 6.37841E-6 7.68262E-6 8.1379E-6 1.21619E-5 1.38371E-5 1.13818E-5 9.13765E-6 6.43947E-6 4.00902E-6 6.14133E-6 6.54124E-6 5.71365E-6 4.75956E-6 6.34997E-6 3.94561E-6 9.70835E-6 1.47396E-5 1.43112E-6 2.22942E-6 4.63933E-6 1.62444E-5 4.74666E-6 7.32738E-7 4.68025E-7 2.21809E-7 1.63779E-6 5.6399E-6 9.98347E-6 5.32764E-6 6.3912E-7 5.46895E-8 5.92497E-7 2.96047E-7 7.81017E-6 4.24356E-6 8.79337E-6 7.55826E-6 6.55989E-6 2.19443E-6 5.53825E-6 2.84581E-5
