catData/rasterBestHybridModels/Prubiginosus/RD_RM2_L/Prubiginosus_avg.asc
ncols         409
nrows         350
xllcorner     60.897278365
yllcorner     5.843756025
cellsize      0.0892857
NODATA_value  -9999
[rows 116 to 144 of 350, columns 198 to 263 of 409]
2.59175E-5 1.25376E-4 6.48488E-5 1.87602E-5 2.2106E-5 5.09087E-6 1.72632E-6 4.60927E-6 3.5376E-6 2.09234E-5 1.35929E-5 1.28132E-5 1.32935E-5 1.43656E-5 1.68389E-5 2.07337E-5 6.66587E-6 1.14104E-5 7.61845E-6 1.08159E-5 4.71478E-6 9.59179E-6 4.65829E-6 7.11876E-6 1.02471E-5 1.32804E-5 1.67897E-5 1.6788E-5 3.50857E-6 3.34646E-6 8.32736E-6 2.29712E-6 2.74563E-6 3.00186E-6 3.1614E-6 3.39587E-6 3.09075E-6 7.98973E-6 1.68327E-6 1.26795E-6 1.37904E-6 2.80806E-6 1.97655E-5 2.71891E-5 1.61662E-5 6.34262E-6 8.49738E-6 6.87376E-6 2.28936E-6 1.61669E-6 2.20113E-6 1.3874E-6 5.76985E-6 9.39214E-6 1.63069E-6 1.08271E-6 7.91432E-7 7.90139E-7 9.53321E-7 2.02943E-6 1.13551E-6 1.26339E-6 1.5106E-6 3.07331E-6 7.04267E-6 5.22067E-6
3.72598E-5 6.50344E-5 6.06107E-5 2.98015E-5 2.24556E-5 2.25089E-5 1.26632E-5 2.96793E-6 2.13027E-6 6.58461E-6 8.96698E-6 1.31095E-5 7.48776E-6 1.29665E-5 1.12197E-5 2.1505E-5 1.78104E-5 6.92691E-6 1.51558E-5 9.04609E-6 2.52487E-6 1.50924E-5 5.88118E-6 5.52071E-6 1.15864E-5 1.56571E-5 1.12064E-5 8.41579E-6 4.11944E-6 2.95069E-6 1.85257E-6 1.42608E-6 1.84264E-6 1.11104E-6 4.32631E-6 4.5441E-6 2.49411E-6 5.70675E-6 1.48978E-5 6.64001E-6 1.05373E-6 1.00408E-6 1.42823E-6 2.19821E-6 5.57592E-6 2.12144E-5 1.29742E-5 1.4258E-5 5.24084E-6 2.57834E-6 2.21533E-6 7.13561E-7 1.89628E-6 2.5506E-6 7.21689E-6 1.48664E-6 9.73559E-7 7.74675E-7 6.4543E-7 1.3371E-6 6.42371E-7 6.3842E-7 2.09476E-6 3.06884E-6 1.15794E-6 6.74471E-6
1.75178E-4 5.46159E-5 5.759E-5 2.06508E-4 1.53465E-4 4.68986E-5 2.67538E-5 2.4833E-5 7.97313E-6 1.73533E-5 8.92766E-6 2.42559E-5 5.24307E-6 3.5964E-6 2.48201E-5 2.04168E-5 8.90064E-6 7.75645E-6 6.30771E-6 2.49168E-5 1.10787E-5 2.11445E-5 1.99353E-5 1.08961E-5 4.72249E-6 5.75472E-6 5.13205E-6 2.73575E-6 4.74103E-6 3.33638E-6 9.18416E-6 4.25324E-6 4.85961E-6 5.00247E-6 3.14501E-6 2.51756E-6 3.32481E-6 4.41711E-6 6.83359E-6 5.16853E-6 3.8261E-6 3.49586E-6 1.76783E-6 1.284E-6 9.8459E-7 1.67375E-6 1.70066E-6 2.22561E-6 4.30414E-6 6.16885E-6 3.19332E-6 2.24517E-6 2.45307E-6 2.36098E-6 5.52883E-6 1.36099E-6 8.61763E-7 1.13127E-6 1.57025E-6 8.33307E-7 1.1766E-6 7.93385E-7 2.87637E-6 2.29313E-6 1.21082E-6 4.02405E-6
2.25329E-4 2.69377E-5 2.66557E-5 5.28103E-5 5.67319E-5 6.34108E-5 4.76933E-5 3.41793E-5 3.22584E-5 3.12771E-5 2.90634E-5 1.81347E-5 1.73773E-5 1.17871E-5 6.9204E-6 5.01592E-6 1.12665E-5 3.39263E-6 8.7744E-6 2.83077E-5 2.05221E-5 1.63693E-5 1.27629E-5 5.98511E-6 7.57406E-6 3.57517E-6 1.50643E-5 7.80726E-6 6.12095E-6 5.00388E-6 9.93486E-6 1.02744E-5 5.66117E-6 3.88009E-6 6.89911E-6 2.71603E-6 1.64674E-6 2.05774E-6 2.94176E-6 2.26608E-6 5.29927E-6 5.69896E-6 3.21709E-6 1.45382E-6 1.37364E-6 1.36019E-6 1.34074E-6 1.58231E-6 1.9878E-6 2.09886E-6 5.45157E-6 1.67735E-6 2.84731E-6 4.55978E-6 1.79042E-6 2.74143E-6 1.66255E-6 1.63544E-6 1.81877E-6 1.17141E-6 1.20601E-6 1.02996E-6 1.06254E-6 2.16035E-6 1.34412E-6 3.33544E-6
1.87669E-4 9.28502E-5 3.80858E-5 1.02422E-4 1.06931E-4 4.41226E-5 3.02174E-5 5.62018E-5 6.3883E-5 8.40875E-5 3.21711E-5 2.50085E-5 1.23033E-5 6.14204E-6 1.38109E-5 4.49394E-6 2.44753E-6 2.50946E-6 4.62707E-6 4.43234E-6 5.25634E-6 1.3263E-5 1.30298E-5 1.15519E-5 1.58909E-5 4.78731E-6 2.0141E-5 1.21595E-5 1.32308E-5 7.97468E-6 4.71744E-6 7.60797E-6 6.46213E-6 6.24713E-6 3.77152E-6 4.13522E-6 5.80533E-6 3.72398E-6 1.63741E-6 4.20495E-6 3.77898E-6 2.30075E-6 2.57004E-6 3.55248E-6 2.09101E-6 1.42889E-6 1.41953E-6 1.41452E-6 1.58242E-6 1.43044E-6 3.00249E-6 1.14314E-5 9.1286E-6 1.2018E-5 1.83056E-6 4.56754E-6 9.94188E-6 1.8167E-6 1.07473E-6 2.37683E-6 4.34681E-6 2.91617E-6 1.66811E-6 2.45013E-6 1.71236E-6 2.42699E-6
1.81854E-4 1.39818E-4 4.73131E-5 1.13415E-4 2.34664E-4 9.84586E-5 8.34482E-5 5.39302E-5 3.65767E-5 4.05651E-5 4.66078E-5 3.29432E-5 1.46754E-5 7.3054E-6 7.03782E-6 1.10463E-5 6.1583E-6 1.7095E-6 4.81608E-6 5.05893E-6 8.02343E-6 2.83377E-5 1.58687E-5 1.18176E-5 1.51529E-5 1.78213E-5 1.20231E-5 1.81196E-5 1.50844E-5 1.53936E-5 8.27567E-6 8.25654E-6 5.59913E-6 5.08904E-6 6.76794E-6 8.377E-6 9.90445E-6 8.80867E-6 3.01875E-6 5.81409E-6 2.88839E-6 3.70242E-6 2.36831E-6 2.10389E-6 3.81592E-6 4.53765E-6 2.58684E-6 3.17723E-6 3.31347E-6 2.01261E-6 2.20438E-6 2.28332E-6 1.48034E-6 1.819E-6 5.9505E-6 6.0162E-6 1.9471E-5 1.01353E-5 5.64851E-6 1.41839E-6 3.28174E-6 3.60525E-6 1.22936E-5 9.03846E-6 2.36E-6 5.17392E-6
8.49019E-5 3.19531E-5 5.38103E-5 8.257E-5 4.98371E-5 5.84997E-5 3.94147E-5 3.65956E-5 3.65522E-5 2.71479E-5 3.85475E-5 3.38283E-5 1.96511E-5 1.67087E-5 1.95255E-5 3.14451E-5 2.47121E-5 1.55599E-5 6.06062E-6 2.12154E-5 3.01835E-6 6.24113E-6 2.24978E-5 2.9052E-5 1.71493E-5 2.78472E-5 1.34494E-5 7.57389E-6 8.91861E-6 7.32167E-6 5.58462E-6 6.13533E-6 8.19807E-6 1.03258E-5 6.39424E-6 7.02494E-6 3.62999E-6 3.38182E-6 9.62064E-6 7.124E-6 3.43373E-6 2.68864E-6 3.09876E-6 3.33548E-6 1.80313E-6 8.76999E-6 2.3212E-6 7.39861E-6 9.07824E-6 4.96814E-6 3.12667E-6 4.4265E-6 2.72645E-6 4.57676E-6 2.0191E-6 2.04017E-6 2.20189E-6 2.8606E-6 2.27748E-6 5.47149E-6 7.41983E-6 9.02912E-6 1.06278E-5 3.15866E-6 4.69709E-6 5.89536E-6
3.08584E-5 2.90905E-5 5.73699E-5 3.21775E-5 4.84125E-5 4.25509E-5 3.60732E-5 3.64052E-5 3.62481E-5 2.87345E-5 5.34352E-5 3.22382E-5 3.9532E-5 3.68083E-5 2.10646E-5 3.17735E-5 1.82376E-5 1.70383E-5 1.82778E-5 2.15106E-5 1.79725E-5 5.85021E-6 3.38357E-6 5.05214E-6 1.00343E-5 2.72283E-5 1.59058E-5 1.02927E-5 9.93354E-6 5.72738E-6 4.04606E-6 3.23209E-6 2.74942E-6 3.78101E-6 4.36577E-6 2.5258E-6 2.07155E-6 2.13448E-6 9.04742E-6 5.29698E-6 3.8495E-6 2.55155E-6 2.1347E-6 3.99583E-6 6.03185E-6 3.60288E-6 2.75304E-6 2.68552E-6 5.69317E-6 2.83565E-6 2.15453E-6 2.3154E-6 3.65365E-6 1.94033E-6 1.477E-6 1.82274E-6 2.15051E-6 1.3625E-6 1.39762E-6 1.79189E-6 2.08715E-6 7.6192E-6 1.71648E-5 3.78473E-6 3.47573E-6 1.10663E-5
2.40549E-5 1.20755E-4 9.03211E-5 4.96778E-5 4.21541E-5 2.64358E-5 3.88334E-5 3.6463E-5 3.60482E-5 3.81329E-5 3.62018E-5 4.3157E-5 3.51063E-5 3.53027E-5 3.28435E-5 3.77504E-5 2.12025E-5 2.93737E-5 1.31735E-5 1.63685E-5 9.40001E-6 4.25369E-6 9.58304E-6 5.23666E-6 1.89446E-6 6.92902E-6 7.86331E-6 7.9341E-6 8.05705E-6 3.70776E-6 4.7603E-6 1.91833E-5 4.73514E-6 4.94491E-6 4.35899E-6 1.74048E-6 1.71872E-6 1.90681E-6 5.38823E-6 6.45059E-6 4.73358E-6 2.86621E-6 3.07775E-6 1.78555E-6 2.79045E-6 3.20645E-6 6.03574E-6 5.62945E-6 1.03817E-5 4.48101E-6 2.93652E-6 5.79751E-6 6.81541E-6 1.28703E-6 5.15117E-6 2.9585E-6 4.09957E-6 3.5089E-6 2.02714E-6 1.65515E-6 1.55607E-6 1.94507E-6 3.50208E-6 1.65892E-5 6.78455E-6 4.31127E-6
4.61359E-5 2.52578E-5 3.17705E-5 8.27542E-5 3.94336E-5 3.79783E-5 3.60829E-5 3.6254E-5 3.6367E-5 3.69116E-5 3.36977E-5 5.31219E-5 4.18715E-5 2.0821E-5 2.44657E-5 1.98104E-5 2.4687E-5 2.03863E-5 2.38253E-5 1.64347E-5 9.88764E-6 7.8671E-6 1.37585E-5 1.14064E-5 9.1741E-6 1.20457E-5 3.13187E-6 2.57639E-6 4.8991E-6 1.13664E-5 4.52261E-6 6.79007E-6 1.29996E-5 7.48267E-6 6.609E-6 4.36572E-6 5.30571E-6 4.87673E-6 4.21423E-6 2.13847E-6 5.07628E-6 5.07619E-6 5.03871E-6 2.23647E-6 3.37573E-6 4.20248E-6 5.0064E-6 3.98027E-6 4.42835E-6 8.47237E-6 7.74068E-6 5.50479E-6 5.52063E-6 8.57425E-6 6.51506E-6 6.70547E-6 2.09903E-6 2.25601E-6 1.5432E-6 3.84343E-6 1.84327E-6 1.65638E-6 3.3429E-6 3.43579E-6 5.61021E-6 7.20401E-6
2.18176E-5 4.57723E-5 5.22467E-5 4.5365E-5 4.87771E-5 9.24914E-5 5.40684E-5 6.07107E-5 5.00589E-5 4.63834E-5 7.59701E-5 7.91015E-5 9.51903E-5 7.33885E-5 1.68041E-5 2.96036E-5 3.19493E-5 2.84834E-5 2.62123E-5 6.08142E-6 1.20287E-5 3.09003E-5 1.65997E-5 8.12788E-6 9.46764E-6 1.32229E-5 4.43052E-6 1.92424E-6 4.72211E-6 6.3717E-6 8.2069E-6 1.20046E-5 5.29473E-6 1.13944E-5 8.79059E-6 8.02514E-6 2.99787E-6 5.58338E-6 2.37741E-6 2.38245E-6 2.73666E-6 2.76411E-6 2.65775E-6 1.97668E-6 4.1287E-6 3.0542E-6 3.80271E-6 8.9511E-6 6.29562E-6 7.5121E-6 6.99015E-6 8.38036E-6 4.82359E-6 3.47462E-6 5.38423E-6 3.24221E-6 2.34588E-6 4.77481E-6 3.29493E-6 5.78375E-6 5.41663E-6 3.51528E-6 6.73927E-6 2.23295E-6 5.69831E-6 7.58674E-6
2.86483E-5 4.98127E-5 4.10235E-5 3.2027E-5 5.19089E-5 5.73755E-5 1.38366E-4 5.46592E-5 3.89626E-5 6.64384E-5 2.39642E-4 5.63902E-5 5.07054E-5 2.91749E-5 2.3197E-5 3.97811E-5 3.82363E-5 3.99747E-5 2.70577E-5 5.66028E-6 1.54814E-5 2.80493E-5 1.41644E-5 8.51808E-6 1.54696E-5 1.44891E-5 1.12237E-5 9.82212E-6 6.53427E-6 1.56148E-5 4.72641E-6 1.31901E-5 4.55629E-6 6.23481E-6 4.36778E-6 3.12878E-6 3.18413E-6 7.03786E-6 5.73689E-6 7.88119E-6 1.14137E-5 7.50674E-6 6.43556E-6 6.60372E-6 2.59937E-6 1.79242E-6 2.9874E-6 3.9501E-6 3.51429E-6 6.54194E-6 9.79679E-6 5.47694E-6 9.68266E-6 3.28124E-6 1.90203E-6 2.64012E-6 2.41308E-6 1.40739E-6 3.06732E-6 4.97483E-6 2.71261E-6 1.58895E-5 1.15985E-5 8.98135E-6 1.25525E-5 8.75856E-6
2.50889E-5 5.12439E-5 4.80417E-5 5.5376E-5 7.11884E-5 3.83798E-5 5.31705E-5 6.71374E-5 7.57081E-5 4.8867E-5 7.94672E-5 5.38262E-5 6.72676E-5 3.80896E-5 3.36744E-5 3.61858E-5 5.6873E-5 4.26821E-5 2.8873E-5 1.22754E-5 3.85168E-5 3.69477E-5 1.07228E-5 1.22982E-5 2.5627E-5 6.42844E-6 1.16791E-5 1.57292E-5 1.97874E-5 8.33681E-6 4.61976E-6 8.14746E-6 1.25873E-5 8.12692E-6 4.0593E-6 2.09844E-6 2.35223E-6 1.85914E-6 4.22755E-6 5.4864E-6 8.76501E-6 1.57762E-5 8.07973E-6 6.22212E-6 3.58913E-6 3.17889E-6 2.09535E-6 1.92354E-6 2.60004E-6 3.76604E-6 5.00552E-6 3.76276E-6 3.94504E-6 2.77944E-6 1.83865E-6 1.88188E-6 3.87256E-6 7.0481E-6 5.25356E-6 4.13757E-6 8.04448E-6 8.81553E-6 4.64623E-6 7.93446E-6 4.35586E-6 7.17213E-6
2.22638E-5 2.35285E-5 4.9568E-5 4.58821E-5 4.4637E-5 7.29544E-5 6.99134E-5 9.65551E-5 1.99489E-4 8.36952E-5 5.2164E-5 7.56846E-5 2.89823E-5 4.27377E-5 2.87748E-5 2.86695E-5 3.90476E-5 4.93503E-5 3.93157E-5 1.57227E-5 2.08493E-5 2.88137E-5 1.45317E-5 1.18165E-5 2.69853E-5 2.801E-5 1.05878E-5 8.32782E-6 9.40614E-6 1.22805E-5 5.92846E-6 4.07026E-6 3.86085E-6 6.53263E-6 9.97065E-6 6.33711E-6 7.73205E-6 4.63201E-6 2.43714E-6 7.10809E-6 3.69531E-6 3.09695E-6 3.28727E-6 2.13727E-6 5.07138E-6 3.35004E-6 5.01409E-6 8.82755E-6 5.19657E-6 4.61747E-6 2.69409E-6 5.08524E-6 4.79144E-6 5.79938E-6 3.75659E-6 1.0601E-5 4.12634E-6 6.96279E-6 1.09037E-5 5.84699E-6 4.62682E-6 3.19428E-6 3.94915E-6 3.00399E-6 2.74041E-6 2.73417E-6
2.33588E-5 3.99964E-5 2.49629E-5 2.21271E-5 8.2375E-5 5.45328E-5 8.45098E-5 7.13859E-5 6.7879E-5 5.04235E-5 6.19825E-5 6.78112E-5 5.71108E-5 4.86358E-5 3.41842E-5 2.67858E-5 3.89518E-5 4.02321E-5 3.62688E-5 1.45921E-5 1.46413E-5 3.4661E-5 2.05968E-5 2.65137E-5 1.60919E-5 1.2547E-5 1.12646E-5 2.19139E-5 2.11338E-5 1.50578E-5 3.97075E-6 2.73107E-6 9.02901E-6 4.33427E-6 5.42184E-6 1.85133E-5 3.44653E-5 9.0428E-6 1.94517E-6 1.62862E-6 1.75235E-6 2.2131E-6 3.01729E-6 2.7573E-6 4.80619E-6 3.34908E-6 4.72797E-6 2.44229E-6 2.31497E-6 1.6309E-6 2.16868E-6 5.40623E-6 3.02196E-6 4.08037E-6 4.51006E-6 6.04831E-6 1.7431E-6 1.84897E-6 2.80251E-6 2.46063E-6 2.12413E-6 1.50429E-6 1.46149E-6 1.45837E-6 1.14925E-6 1.49225E-6
3.83821E-5 2.45208E-5 3.5405E-5 5.14268E-5 5.39963E-5 3.08617E-5 5.23944E-5 6.01496E-5 6.35593E-5 6.55118E-5 1.21225E-4 8.9334E-5 3.19181E-5 1.41293E-4 7.3498E-5 6.2512E-5 5.63962E-5 3.06163E-5 7.83739E-5 1.64965E-5 2.23665E-5 2.69355E-5 2.97311E-5 2.77695E-5 1.05353E-5 1.15966E-5 2.53382E-5 2.53001E-5 2.36371E-5 1.28203E-5 1.35096E-5 5.25346E-6 4.79145E-6 8.93011E-6 8.33552E-6 8.00344E-6 8.37605E-6 1.64017E-5 1.20667E-5 8.52963E-6 7.24918E-6 3.3443E-6 3.0431E-6 3.10774E-6 6.91993E-6 8.41375E-6 4.39509E-6 2.18609E-6 3.40303E-6 1.08193E-5 7.27219E-6 4.45123E-6 1.70033E-6 1.15934E-6 1.31263E-6 2.53287E-6 2.35042E-6 2.89434E-6 3.59275E-6 1.57591E-6 1.1523E-6 1.55709E-6 1.11545E-6 1.48008E-6 1.10021E-6 8.50991E-7
4.44193E-5 4.34552E-5 2.30401E-5 2.65717E-5 2.81989E-5 3.1892E-5 4.36089E-5 5.20506E-5 9.86249E-5 1.45756E-4 6.8925E-5 6.85003E-5 6.45436E-5 9.9118E-5 7.61317E-5 5.55673E-5 4.4119E-5 2.56086E-5 5.64851E-5 3.05016E-5 3.14144E-5 3.16297E-5 1.63783E-5 9.81637E-6 3.57191E-6 6.85686E-6 2.73028E-5 2.27567E-5 2.53537E-5 5.20495E-6 1.50852E-5 1.36782E-5 2.53613E-5 2.72299E-5 2.07048E-5 9.97531E-6 5.37706E-6 2.67194E-6 4.45312E-6 9.22783E-6 8.82326E-6 1.0105E-5 1.19362E-5 3.84577E-6 5.4386E-6 8.85306E-6 2.42662E-6 2.35219E-6 5.20011E-6 2.02082E-5 7.42161E-6 2.85483E-6 4.07483E-6 3.97482E-6 4.84459E-6 6.67367E-6 4.50908E-6 1.79111E-6 1.26228E-6 1.61805E-6 1.65507E-6 1.53881E-6 1.49731E-6 1.47219E-6 8.6568E-7 8.68529E-7
2.89113E-5 2.10585E-5 4.33393E-5 2.57414E-5 2.17155E-5 3.72486E-5 4.97877E-5 9.57614E-5 5.42199E-5 7.0112E-5 7.29685E-5 1.42748E-4 1.08579E-4 4.91508E-5 5.88065E-5 5.02747E-5 3.38875E-5 3.67668E-5 6.22996E-5 7.48581E-5 4.28759E-5 2.03679E-5 1.26788E-5 1.11236E-5 2.23126E-5 1.21597E-5 1.56709E-5 1.79264E-5 1.96637E-5 1.07836E-5 2.67542E-5 3.85338E-5 3.47773E-5 2.37815E-5 2.55018E-5 2.09335E-5 6.61658E-6 1.03938E-5 8.53654E-6 8.37016E-6 7.07557E-6 1.07034E-5 2.02314E-5 3.8164E-5 2.79631E-5 8.42647E-6 1.53039E-5 1.37134E-5 1.15418E-5 8.57618E-6 1.43613E-6 1.71083E-6 2.16106E-6 3.66717E-6 3.60007E-6 5.80914E-6 3.12622E-6 1.63631E-6 1.57009E-6 1.56088E-6 1.15623E-6 1.14851E-6 1.52892E-6 1.5422E-6 8.9904E-7 1.718E-6
2.81288E-5 4.7314E-5 2.66866E-5 4.41091E-5 2.68214E-5 3.39022E-5 3.72007E-5 2.61762E-5 7.44982E-5 3.12928E-5 5.08997E-5 7.05695E-5 4.66767E-5 4.5822E-5 4.78766E-5 7.60465E-5 5.52998E-5 4.9928E-5 4.77891E-5 2.98085E-5 7.69148E-6 1.44556E-5 9.9207E-6 1.75384E-5 6.06517E-5 2.13917E-4 2.56695E-5 2.78921E-5 3.49937E-5 3.7254E-5 5.25525E-5 4.51073E-5 3.61409E-5 2.4449E-5 5.08528E-5 5.10022E-5 1.82643E-5 3.11522E-5 2.33077E-5 3.93039E-5 2.23452E-5 2.318E-5 4.01808E-5 2.57605E-5 1.94366E-5 2.92182E-5 2.69082E-5 4.42328E-5 1.81313E-5 2.40857E-6 2.75473E-6 3.48102E-6 2.3545E-6 2.74288E-6 6.396E-6 9.02464E-6 6.11108E-6 4.61712E-6 2.83074E-6 1.57997E-6 1.5806E-6 1.57103E-6 1.57662E-6 7.1391E-7 1.29306E-6 4.35957E-6
2.73162E-5 1.79629E-5 3.29895E-5 5.09822E-5 5.04009E-5 2.54601E-5 2.63425E-5 3.48369E-5 3.60817E-5 8.98979E-5 4.634E-5 4.53665E-5 3.68106E-5 3.1139E-5 4.49994E-5 3.16867E-5 4.77358E-5 4.67353E-5 1.99569E-5 2.77185E-5 1.01081E-5 2.75202E-5 5.64198E-5 2.98844E-5 3.20793E-5 4.27281E-5 7.57015E-5 4.33478E-5 5.72705E-5 1.02319E-4 4.688E-5 3.04881E-5 2.7351E-5 3.3151E-5 2.11026E-5 1.30314E-5 1.82845E-5 1.36537E-5 3.77361E-6 1.55984E-5 3.56655E-5 4.34639E-5 2.42172E-5 1.54489E-5 2.93236E-5 2.21804E-5 1.3955E-5 2.71361E-5 4.25413E-5 2.27544E-5 1.70988E-5 1.22063E-5 1.38261E-5 2.35187E-5 8.64973E-6 4.38553E-6 2.95446E-6 1.81766E-6 3.55274E-6 2.09879E-6 1.69379E-6 2.01491E-6 1.31037E-6 1.65881E-6 2.89206E-6 1.05604E-6
4.24461E-5 2.5841E-5 2.34105E-5 3.66567E-5 4.76301E-5 3.59912E-5 3.33644E-5 2.896E-5 2.2593E-5 4.05856E-5 4.50115E-5 5.58003E-5 3.1514E-5 3.20581E-5 2.38893E-5 3.44288E-5 4.8659E-5 4.20164E-5 2.43871E-5 1.98365E-5 4.31795E-5 5.91346E-5 5.38749E-5 4.89291E-5 8.01247E-5 1.01433E-4 1.03728E-4 7.5049E-5 7.32491E-5 1.5131E-4 1.08477E-4 4.14356E-5 3.42779E-5 2.22414E-5 2.97439E-5 3.36316E-5 2.34323E-5 8.30164E-6 2.01664E-5 1.6509E-5 2.8268E-5 2.08388E-5 1.94516E-5 4.04616E-5 4.34743E-5 2.33081E-5 1.31002E-5 2.56356E-5 9.64702E-6 2.34249E-5 1.52684E-5 2.17795E-5 9.84529E-6 1.42995E-5 9.18506E-6 9.59959E-6 1.47037E-5 8.90748E-6 8.89441E-6 2.34702E-6 6.61906E-6 1.8421E-5 5.05583E-6 9.26906E-6 1.09375E-6 1.03071E-6
2.59761E-5 1.47782E-5 3.15356E-5 3.34202E-5 2.84408E-5 6.46915E-6 1.03539E-5 2.05414E-5 2.94867E-5 4.93574E-5 4.7351E-5 3.83514E-5 3.5596E-5 4.09301E-5 2.00571E-5 2.72973E-5 4.22022E-5 2.77864E-5 8.94059E-5 1.90932E-5 4.17452E-5 4.17672E-5 4.67386E-5 6.83668E-5 6.50868E-5 3.23167E-5 3.33639E-5 3.26602E-5 3.1452E-5 2.27643E-5 4.47655E-5 4.49272E-5 3.19344E-5 3.10983E-5 4.04553E-5 8.82712E-5 1.69849E-5 2.3352E-5 3.26705E-5 2.82716E-5 2.93667E-5 2.36121E-5 3.78054E-5 2.92171E-5 2.74804E-5 2.77972E-5 2.20289E-5 1.76593E-5 1.7009E-5 1.29357E-5 2.03207E-5 1.12037E-5 1.19403E-5 3.17488E-5 1.58701E-5 1.13023E-5 1.17853E-5 1.3796E-5 9.39422E-6 1.3382E-5 7.1224E-6 8.94806E-6 2.65631E-5 3.21607E-6 1.16728E-6 1.19482E-6
9.81071E-5 3.76028E-5 1.98288E-5 4.35376E-5 3.8439E-5 2.63163E-5 3.14203E-5 4.2242E-5 4.70519E-5 5.94285E-5 3.23722E-5 4.16833E-5 3.8197E-5 2.79895E-5 3.04449E-5 3.03475E-5 1.26156E-5 4.26721E-5 5.39736E-5 3.2097E-5 5.06648E-5 4.51337E-5 3.8745E-5 4.69345E-5 2.52449E-5 4.72411E-5 5.67709E-5 1.22653E-5 2.39788E-5 2.17328E-5 1.84958E-5 4.60153E-5 4.23112E-5 8.93072E-5 5.22758E-5 5.23037E-5 3.42616E-5 1.4391E-5 2.15347E-5 4.95571E-5 3.45281E-5 2.79938E-5 5.04071E-5 4.81623E-5 2.87773E-5 4.25672E-5 2.72489E-5 1.85379E-5 1.87878E-5 1.65658E-5 1.66412E-5 1.02577E-5 1.09902E-5 2.80793E-5 2.99657E-5 1.87352E-5 7.43046E-6 6.89135E-6 8.38599E-6 3.86032E-6 2.45582E-5 2.36934E-5 4.77651E-6 2.03685E-6 6.38494E-6 5.07885E-6
5.634E-5 1.42286E-4 3.68553E-5 3.69068E-5 2.69037E-5 3.47304E-5 3.10518E-5 4.26001E-5 2.47611E-5 3.10113E-5 2.45983E-5 5.68342E-5 4.27043E-5 9.06219E-5 3.94518E-5 5.79903E-5 4.08353E-5 9.51371E-5 4.88517E-5 4.6646E-5 6.40674E-5 7.6007E-5 5.89847E-5 3.47534E-5 7.1764E-5 4.27399E-5 2.9181E-5 1.09277E-5 2.61194E-5 3.61297E-5 3.43383E-5 1.04059E-4 4.59439E-5 7.66269E-5 2.8957E-5 6.2135E-5 3.14737E-5 4.17786E-5 3.9705E-5 5.47324E-5 5.50522E-5 3.07908E-5 5.04172E-5 5.62E-5 6.21824E-5 3.74462E-5 6.33235E-5 5.4227E-5 2.08497E-5 2.6186E-5 2.10154E-5 6.09967E-6 2.18776E-5 1.40992E-5 1.12839E-5 1.70476E-5 3.42671E-6 3.29922E-6 8.09013E-6 3.51796E-5 2.61661E-5 6.75347E-6 5.41558E-6 3.31104E-6 2.37691E-6 8.62079E-6
6.49643E-5 8.43758E-5 1.26872E-4 7.88505E-5 5.66432E-5 2.97076E-5 3.57267E-5 2.63168E-5 2.09305E-5 6.80001E-5 5.91905E-5 8.59168E-5 8.76279E-5 8.22545E-5 4.72919E-5 1.03542E-4 7.74984E-5 5.77856E-5 6.1725E-5 1.33743E-4 1.56544E-4 9.27406E-5 5.05837E-5 8.43329E-5 3.5455E-5 4.18373E-5 2.08713E-5 3.08632E-5 4.48866E-5 4.38879E-5 3.10267E-5 3.78414E-5 3.56616E-5 4.82685E-5 2.55463E-5 6.69103E-5 6.35898E-5 4.13949E-5 3.07342E-5 4.35595E-5 4.62644E-5 4.7027E-5 4.03654E-5 5.09383E-5 4.5203E-5 3.7162E-5 2.15362E-5 1.75167E-5 1.96211E-5 4.58465E-5 1.96843E-5 8.90943E-6 1.28229E-5 1.86825E-5 1.79807E-5 2.29944E-5 2.02814E-5 2.90188E-5 2.6137E-5 3.05338E-5 2.28886E-5 5.65338E-6 1.10754E-5 1.43345E-5 1.46649E-5 1.49022E-5
9.01784E-5 6.48358E-5 1.22598E-4 5.24165E-5 4.63344E-5 2.21491E-5 2.85107E-5 5.45642E-5 6.03324E-5 1.18933E-4 1.22758E-4 7.86932E-5 1.5519E-4 1.2134E-4 5.6145E-5 5.3201E-5 6.95513E-5 1.20625E-4 1.19902E-4 9.82226E-5 1.06958E-4 5.62595E-5 3.24719E-5 8.43882E-5 3.97848E-5 3.66076E-5 7.3641E-5 3.51817E-5 3.43276E-5 3.98836E-5 4.66293E-5 3.37338E-5 2.84845E-5 4.8549E-5 4.30911E-5 4.78102E-5 4.17587E-5 2.94512E-5 3.53118E-5 2.82183E-5 4.63337E-5 3.49324E-5 3.21238E-5 2.56029E-5 1.2583E-5 7.32875E-5 3.79632E-5 1.55744E-5 4.05279E-5 5.21201E-5 2.98241E-5 2.5807E-5 1.70222E-5 3.75742E-5 3.52104E-5 2.84313E-5 1.32478E-5 4.04515E-5 2.64065E-5 2.55831E-5 1.28987E-5 2.41811E-5 1.31032E-5 2.51794E-5 1.13293E-5 3.79767E-6
1.60153E-4 9.32679E-5 1.77185E-4 6.90131E-5 2.6863E-5 1.46413E-5 3.80444E-5 1.39352E-4 9.47886E-5 6.85326E-5 5.24887E-5 9.81824E-5 1.32954E-4 5.39851E-5 6.01814E-5 4.45516E-5 1.05466E-4 1.00049E-4 6.26684E-5 4.61692E-5 5.38403E-5 4.41248E-5 1.30963E-4 2.45914E-4 4.09377E-5 4.72269E-5 4.39574E-5 4.67533E-5 4.9653E-5 3.22803E-5 4.96158E-5 4.06611E-5 1.66981E-5 1.70494E-5 6.60943E-5 4.73095E-5 2.31823E-5 1.91336E-5 2.27182E-5 2.47226E-5 4.44784E-5 2.1749E-5 1.40071E-5 2.84659E-5 2.28373E-5 5.49162E-5 4.36438E-5 5.06579E-5 4.13435E-5 1.96576E-5 2.94779E-5 5.11182E-6 2.9927E-5 5.00451E-5 2.86033E-5 2.25256E-5 1.34226E-5 2.72951E-5 3.90358E-5 2.00313E-5 1.28359E-5 7.81067E-6 2.09219E-5 3.62911E-5 2.33832E-5 4.57022E-6
1.4133E-4 7.83712E-5 1.10452E-4 3.76099E-5 6.71229E-5 8.75457E-5 6.96986E-5 1.01753E-4 7.07744E-5 1.29444E-4 1.43977E-4 7.14753E-5 5.34043E-5 8.89923E-6 5.3053E-5 6.60982E-5 3.77078E-5 9.99934E-5 3.4204E-5 5.26705E-5 4.71227E-5 1.65333E-4 1.05841E-4 9.96536E-5 3.07515E-5 4.30988E-5 4.46878E-5 6.22211E-5 3.77235E-5 3.13772E-5 4.73956E-5 2.04904E-5 3.4034E-5 3.59583E-5 3.28372E-5 7.93095E-5 4.48366E-5 2.36235E-5 3.42809E-5 2.02835E-5 1.56358E-5 3.99296E-5 2.76027E-5 3.86774E-5 3.47566E-5 1.97902E-5 5.29938E-5 4.82559E-5 1.00024E-5 6.65384E-6 6.15993E-6 7.15032E-6 1.60666E-5 1.96788E-5 1.72776E-5 1.91094E-5 2.66129E-5 3.00412E-5 2.62983E-5 4.40641E-5 1.50046E-5 8.24299E-6 7.16945E-6 6.14974E-5 5.63481E-5 9.61541E-5
1.79728E-4 5.69811E-5 3.17628E-4 1.33222E-4 7.44049E-5 1.10391E-4 1.25026E-4 7.28516E-5 1.4004E-4 1.46293E-4 6.26875E-5 5.07892E-5 1.01732E-4 7.01021E-5 6.40437E-5 8.20466E-5 1.73631E-4 1.29629E-4 7.48439E-5 2.33115E-5 7.19168E-5 2.38161E-4 5.09928E-4 9.16307E-5 4.09875E-5 3.45396E-5 3.45836E-5 4.91276E-5 5.31998E-5 5.30777E-5 5.19098E-5 2.16865E-5 2.62941E-5 1.71053E-5 3.36391E-5 5.09292E-5 3.07653E-5 3.84986E-5 5.35524E-5 1.53332E-4 4.95137E-5 4.19813E-5 3.511E-5 2.79265E-5 2.79117E-5 4.06091E-5 6.02718E-5 3.7634E-5 1.30016E-5 1.30144E-5 1.08015E-5 1.66035E-5 3.96097E-5 2.15236E-5 9.84867E-6 8.2142E-6 2.8668E-5 2.47761E-5 3.43837E-5 4.24789E-5 2.0869E-5 1.81824E-5 1.6573E-5 3.1035E-5 2.38433E-5 3.41996E-5
