catData/rasterBestHybridModels/Prubiginosus/RD_RM2_L/Prubiginosus_avg.asc
ncols         409
nrows         350
xllcorner     60.897278365
yllcorner     5.843756025
cellsize      0.0892857
NODATA_value  -9999
[rows 174 to 202 of 350, columns 198 to 263 of 409]
2.92768E-4 2.83575E-4 3.17418E-4 8.36785E-5 1.08064E-4 1.69561E-4 1.9822E-4 4.21542E-4 1.94243E-4 2.97176E-4 3.62699E-4 4.66898E-4 1.49489E-4 1.88426E-4 2.18256E-5 3.64234E-5 1.56971E-5 6.3994E-5 1.99131E-5 9.29912E-6 8.17526E-6 8.60848E-6 7.84993E-5 9.84945E-5 9.96842E-5 5.95185E-4 4.92346E-5 1.10733E-5 3.95709E-5 7.4955E-5 6.42116E-5 3.35931E-5 7.17568E-5 4.30232E-5 2.65028E-5 4.41596E-5 5.63461E-5 4.35826E-5 1.72281E-5 1.24643E-5 1.77008E-5 1.20786E-5 2.89986E-5 1.05215E-4 5.05843E-5 9.02039E-5 4.67766E-5 7.28038E-5 2.43209E-5 6.81131E-5 5.13769E-5 9.97262E-6 6.61443E-6 6.61593E-6 3.90298E-5 7.84579E-5 9.53447E-5 6.67646E-5 5.44304E-5 3.84425E-5 1.79903E-5 4.72492E-6 6.74612E-6 1.15348E-4 6.24065E-5 3.7484E-5
6.02513E-5 2.09878E-4 6.7665E-5 2.82324E-5 1.68067E-4 4.9041E-5 2.62581E-5 3.82584E-5 6.00583E-5 1.09351E-4 9.95662E-5 4.02987E-5 3.9208E-5 4.57186E-5 2.05514E-5 2.73573E-5 8.04513E-5 7.81691E-5 4.56737E-5 9.65484E-6 6.29789E-6 5.60995E-6 4.13389E-5 5.99764E-5 1.49301E-4 5.57556E-5 2.6184E-5 2.05352E-5 2.31134E-5 5.10749E-5 4.42209E-5 3.63097E-5 4.55622E-5 6.03916E-5 4.21478E-5 2.2988E-5 5.88625E-5 6.2824E-5 9.79397E-6 2.11873E-5 4.54966E-5 4.12976E-5 1.34566E-4 8.46953E-5 7.83337E-5 5.206E-5 2.68011E-5 1.89332E-5 1.88345E-5 3.71439E-5 1.91311E-5 1.14262E-4 1.89609E-5 1.82556E-5 5.63294E-5 6.68094E-5 2.48183E-5 6.97967E-6 4.48767E-6 7.72898E-6 6.89334E-6 8.71868E-6 1.09947E-5 4.70849E-5 5.9442E-5 5.26575E-5
1.90486E-5 1.71412E-4 6.93269E-5 4.99949E-5 2.35041E-5 8.55524E-6 7.84733E-6 1.28431E-5 7.09593E-6 6.98118E-6 6.8538E-6 4.97216E-6 3.54081E-5 3.29995E-5 1.48144E-5 1.63605E-5 1.49359E-4 1.08962E-4 9.03295E-5 4.32396E-5 5.79275E-6 1.3022E-5 1.16985E-4 1.43793E-4 4.09726E-4 1.12894E-4 9.45824E-5 5.90365E-5 6.1046E-5 6.08178E-5 3.61694E-5 7.64215E-5 4.74861E-5 4.48302E-5 7.23335E-5 2.80233E-5 1.61752E-5 7.31481E-6 1.15109E-5 2.45312E-5 3.29857E-5 1.39046E-4 1.45317E-4 4.45545E-5 4.76735E-5 3.82517E-5 2.18151E-5 4.27505E-5 3.88695E-5 3.22101E-5 2.10027E-5 2.85103E-5 7.28798E-6 1.80766E-5 4.89372E-5 5.42538E-5 8.43985E-6 4.11784E-6 4.08659E-6 4.79948E-6 6.55517E-5 8.27629E-5 7.88892E-5 1.73201E-4 4.15818E-5 5.02897E-5
1.30592E-4 2.25089E-4 4.35952E-5 7.65193E-6 3.85464E-5 3.43057E-5 5.83605E-5 3.71358E-5 2.33368E-5 1.21614E-5 3.9253E-6 3.47547E-6 1.91149E-5 2.72287E-5 3.96573E-5 1.00775E-4 7.32086E-5 1.01709E-4 2.40808E-4 8.2552E-5 2.26118E-5 6.80155E-5 3.08537E-4 2.51652E-4 1.23539E-4 5.63104E-5 7.59404E-5 7.34557E-5 8.78229E-5 4.14996E-5 2.37359E-5 7.15022E-5 6.35942E-5 5.81201E-5 7.05836E-5 3.143E-5 2.34857E-5 3.6996E-6 9.53579E-6 1.30281E-5 2.63658E-5 6.73245E-5 3.99839E-5 3.49516E-5 2.06091E-5 3.89036E-5 4.3333E-5 4.3606E-5 3.36621E-5 2.09612E-5 1.31993E-5 5.68027E-5 3.01537E-5 2.00939E-5 4.69716E-5 4.17725E-5 4.69046E-6 5.42537E-6 3.5422E-6 1.18799E-5 4.6861E-5 1.13806E-4 9.2253E-5 6.1996E-5 4.14462E-5 4.86976E-5
3.89193E-4 3.72619E-4 2.65627E-4 1.51041E-4 9.40891E-5 1.02611E-4 6.11127E-5 3.71434E-5 6.69343E-5 2.38807E-5 5.36634E-6 1.5353E-5 4.50183E-5 1.69541E-4 1.26233E-4 6.7976E-5 5.20485E-5 9.60087E-6 1.50154E-4 2.11935E-4 6.02528E-5 1.44269E-4 1.0107E-4 7.91859E-5 1.12104E-4 3.27086E-5 6.4753E-5 7.17626E-5 6.73019E-5 1.69824E-5 2.9406E-5 5.08349E-5 1.36111E-5 1.66761E-5 7.89488E-6 3.08348E-5 2.68811E-5 1.06892E-5 1.64187E-5 1.26065E-5 8.30909E-5 3.88373E-5 4.58629E-5 4.20034E-5 2.72868E-5 1.40588E-5 8.21568E-6 1.85055E-5 3.64913E-5 3.18096E-5 3.04014E-5 1.39281E-4 2.95633E-5 4.25137E-5 4.46606E-5 4.50427E-5 5.60184E-6 4.47293E-6 4.15671E-6 2.6895E-5 9.21033E-5 2.8687E-4 8.68308E-5 5.17104E-5 4.49106E-5 5.10706E-5
3.73823E-4 4.55782E-4 3.61224E-4 1.73582E-4 3.30009E-5 9.55521E-5 8.31623E-5 4.35524E-5 1.50027E-5 4.13815E-5 5.32692E-5 4.59311E-5 6.99462E-5 4.33681E-5 3.47328E-5 5.77944E-5 1.67473E-5 3.63159E-5 1.83523E-4 2.47972E-4 1.54112E-4 1.60768E-4 5.03015E-5 6.85557E-5 2.70813E-5 3.82713E-5 5.607E-5 2.57547E-5 1.5148E-5 9.37211E-6 9.2702E-6 3.93546E-6 5.52398E-6 1.78466E-5 8.77527E-6 9.90136E-6 1.12256E-5 1.56939E-5 1.64383E-5 1.3383E-5 1.50905E-5 2.78311E-5 2.41038E-5 2.96863E-5 3.55014E-5 3.24199E-5 1.2706E-5 1.0291E-5 5.00656E-5 2.57157E-5 4.80934E-5 3.34422E-5 3.3915E-5 4.58872E-5 2.21355E-5 3.34521E-6 3.66282E-6 3.91331E-6 8.50801E-6 6.69813E-5 9.58846E-5 1.20008E-4 1.65593E-4 5.60619E-5 8.50783E-5 9.50933E-5
4.08055E-3 9.65741E-4 2.3146E-3 3.87986E-4 6.4774E-5 1.36945E-4 7.4242E-5 9.7174E-5 8.25481E-5 9.21154E-5 8.73885E-5 3.76929E-5 3.08083E-5 2.71897E-4 3.47857E-5 3.59481E-5 9.14727E-5 8.69009E-5 1.29003E-4 2.78758E-4 1.06686E-4 2.86696E-4 6.20341E-5 8.9341E-5 3.21988E-5 4.74827E-5 4.3827E-5 2.12888E-5 4.91593E-5 2.50755E-5 8.6855E-6 9.82762E-6 1.00364E-5 1.44431E-5 9.59103E-6 7.15702E-6 1.30416E-5 7.32388E-6 1.64465E-5 3.34083E-5 6.96655E-5 6.39124E-5 2.23738E-5 3.85542E-5 2.80436E-5 1.52363E-5 7.19584E-6 1.61786E-5 9.4354E-6 2.63952E-5 1.86787E-5 2.55775E-5 2.13897E-5 4.07139E-5 2.19654E-5 7.83368E-6 1.60967E-5 1.10976E-5 2.72007E-5 3.09236E-5 1.30303E-5 2.09356E-5 5.76082E-5 2.39704E-5 2.95766E-5 3.39033E-5
9.16537E-5 1.35234E-5 1.00716E-4 6.81624E-5 3.09957E-5 1.33076E-4 4.12242E-4 1.1805E-4 7.56919E-5 8.29367E-5 5.56062E-5 6.55259E-5 2.14313E-5 3.91885E-5 1.76276E-5 7.94621E-5 1.95683E-5 8.38447E-5 1.20268E-4 2.43637E-4 1.20356E-4 7.78189E-5 7.32916E-5 6.37076E-5 2.47387E-5 6.70833E-5 5.15668E-5 1.12671E-5 3.10563E-5 2.04164E-5 5.24266E-6 5.36294E-6 6.318E-6 7.36469E-6 9.0052E-6 5.55811E-6 1.32169E-5 8.43604E-6 6.32033E-6 1.01476E-4 2.62895E-5 9.18782E-5 8.9026E-5 3.88922E-5 3.90691E-5 1.17181E-5 1.21479E-5 3.10285E-5 2.48868E-5 1.62034E-5 2.76278E-5 3.60903E-5 2.49865E-5 9.52789E-6 6.73495E-6 5.81914E-6 2.0365E-5 1.77316E-5 2.63765E-5 1.86301E-5 1.3121E-5 1.35278E-5 1.50683E-5 2.17974E-5 5.74813E-5 3.24288E-5
3.38681E-5 3.63713E-5 1.53153E-5 3.83515E-5 1.54066E-4 1.70846E-4 1.05196E-3 6.11282E-4 1.33348E-4 9.10697E-5 4.43898E-5 6.16585E-5 6.80021E-6 6.3865E-6 1.90102E-5 1.06037E-4 2.65581E-5 5.95958E-5 1.76686E-4 1.24233E-4 2.48318E-4 5.59069E-5 2.47671E-5 2.53567E-5 3.06529E-5 5.36536E-5 1.16609E-4 8.00608E-5 3.67008E-5 4.11047E-6 2.69073E-6 6.02373E-6 5.74296E-6 3.39974E-6 2.46392E-6 9.93576E-6 8.17583E-6 1.87837E-5 1.88761E-5 1.49648E-4 9.43834E-5 3.84687E-5 1.78825E-4 1.52004E-5 3.6308E-5 2.01032E-5 1.66141E-5 2.87014E-5 7.70502E-6 1.06337E-5 2.10059E-5 1.47294E-5 2.05034E-5 1.46125E-5 2.85268E-5 1.72206E-5 1.15112E-5 4.00328E-5 4.28484E-5 3.05773E-5 5.97111E-5 3.29483E-5 9.61636E-6 5.08154E-6 1.91627E-5 3.94413E-5
4.76114E-5 2.72516E-5 5.67311E-5 5.46857E-5 1.76444E-4 1.19687E-4 1.35296E-4 1.9533E-4 1.72963E-4 7.74837E-5 9.87417E-5 9.44954E-5 1.0895E-4 2.16935E-5 1.06901E-5 2.69551E-5 1.02645E-5 8.58601E-5 1.58778E-4 9.78382E-5 1.80293E-4 5.34438E-5 8.61515E-5 5.35184E-5 2.88176E-5 5.60779E-5 9.43007E-5 1.23167E-4 5.7898E-5 1.73085E-5 7.48556E-6 5.3294E-6 4.64335E-6 6.58405E-6 9.23738E-6 5.54636E-5 1.40875E-4 1.96626E-4 1.19629E-4 6.24305E-5 1.24121E-4 5.12117E-5 7.60854E-5 1.05203E-4 1.21455E-4 2.42735E-5 2.51161E-5 5.29457E-5 2.50135E-5 1.67717E-5 1.64982E-5 2.01042E-5 2.63621E-5 9.58921E-6 3.96028E-5 1.17649E-5 1.98082E-5 3.46065E-5 6.47606E-5 3.23611E-5 2.59226E-5 3.51961E-5 4.43453E-5 2.85922E-5 2.55282E-5 2.94047E-5
7.91472E-5 8.08516E-5 6.85316E-5 1.565E-4 1.39186E-4 1.73927E-4 2.82785E-4 3.49099E-4 2.08793E-4 9.35702E-5 8.50689E-5 1.98958E-4 3.75381E-5 7.00624E-5 4.08157E-5 2.2617E-5 3.37833E-5 3.26062E-4 1.55365E-4 9.53373E-5 1.4779E-4 1.52031E-4 3.59146E-4 2.66885E-4 7.2478E-5 5.57622E-5 2.59514E-4 1.32801E-4 1.08922E-4 2.5765E-4 3.33826E-4 2.38146E-4 1.10815E-4 2.58999E-5 2.0734E-4 7.53153E-4 7.17078E-4 5.96103E-4 2.61309E-4 1.77005E-4 2.14482E-4 2.71858E-4 8.44228E-5 3.58534E-4 7.42562E-5 3.18034E-5 2.339E-5 1.86951E-4 2.29318E-5 1.62882E-5 1.561E-5 2.77793E-5 1.64489E-5 1.86979E-5 8.7412E-5 1.16573E-5 1.67108E-5 4.87027E-5 1.15759E-4 7.47923E-5 1.18187E-4 9.36415E-5 9.4789E-5 1.11057E-4 5.98444E-5 4.55282E-5
1.37921E-4 7.04943E-5 1.17888E-4 1.46542E-4 1.1646E-4 1.62023E-4 2.04131E-4 4.65781E-4 3.42418E-4 1.19016E-4 2.0328E-4 4.83162E-4 3.40584E-4 1.72103E-4 8.21545E-5 9.31097E-5 1.85496E-4 4.56903E-4 4.70541E-4 5.21575E-4 2.20165E-4 9.25461E-5 1.26573E-4 4.83081E-4 4.65882E-4 7.8465E-5 1.56133E-4 2.16726E-4 7.56457E-5 8.73338E-4 4.4066E-4 1.39468E-4 2.48187E-4 1.58235E-4 2.80065E-4 3.47248E-4 6.15102E-4 2.14279E-4 6.29611E-4 7.62325E-4 3.75908E-4 2.89347E-4 8.67996E-5 1.84423E-4 6.83844E-5 2.75866E-5 1.45155E-4 1.59799E-4 8.64596E-6 1.79482E-5 1.83159E-5 5.80675E-5 7.03773E-5 5.50744E-5 1.11294E-5 2.24275E-5 1.79869E-5 5.40565E-5 9.34496E-5 9.61545E-5 4.64768E-5 5.15362E-5 4.3035E-5 8.06491E-5 7.85711E-5 9.92565E-5
1.01029E-4 9.67009E-5 9.77173E-5 1.4243E-4 1.53617E-4 1.24795E-4 1.50864E-4 5.11744E-4 3.06697E-4 1.34585E-4 1.94963E-4 1.39967E-4 1.78701E-4 9.85688E-4 5.59837E-4 9.42623E-5 3.27992E-4 2.53237E-4 5.94034E-4 4.45357E-4 3.87386E-4 9.4205E-5 2.11604E-4 1.05363E-4 3.99704E-4 2.91486E-4 1.98282E-4 2.31351E-4 2.12446E-4 6.73024E-4 3.7117E-4 1.16184E-4 9.20134E-5 3.54613E-4 7.39431E-4 7.72565E-4 5.98303E-4 2.6401E-4 5.55614E-4 7.97795E-4 2.5651E-4 2.43703E-4 1.90638E-4 2.85227E-4 1.68425E-4 5.73431E-5 1.54925E-4 2.87607E-4 7.87026E-6 1.86936E-5 4.55411E-5 1.01694E-4 2.6655E-5 2.01844E-5 1.48159E-5 2.82321E-5 2.57804E-5 3.74458E-5 6.4643E-5 8.493E-5 6.41944E-5 8.17499E-5 9.48707E-5 2.12087E-4 1.28146E-4 6.48508E-5
1.43514E-4 1.38747E-4 1.36375E-4 1.37199E-4 1.49657E-4 1.51953E-4 1.55777E-4 3.16272E-4 2.1035E-3 8.84888E-4 1.00966E-3 1.01553E-4 2.43523E-4 1.43701E-3 1.14874E-3 1.90092E-4 6.71182E-4 7.03178E-4 7.42136E-4 9.09391E-4 1.95366E-4 3.47528E-4 8.1218E-4 7.1516E-4 4.66459E-4 3.69468E-4 2.26917E-4 2.53054E-4 4.22168E-4 2.90461E-4 1.31277E-4 1.18103E-4 9.40258E-5 9.27801E-5 4.29202E-4 2.65393E-4 2.79926E-4 1.47563E-4 8.18262E-5 3.33552E-4 1.2412E-4 4.99861E-4 1.8427E-4 2.56806E-4 4.63742E-4 8.30105E-5 5.58401E-5 2.94111E-5 1.98739E-5 2.0708E-5 3.97476E-5 5.77523E-5 8.60109E-5 2.53039E-5 8.52829E-6 2.61345E-5 8.35725E-5 5.12519E-5 5.01523E-5 6.98942E-5 7.50092E-5 1.10573E-4 1.87656E-4 8.00833E-5 1.14514E-4 8.41542E-5
1.34692E-4 1.52711E-4 1.01978E-4 1.37141E-4 1.38969E-4 1.93207E-4 1.8806E-4 2.311E-4 1.63553E-3 2.29692E-3 2.30142E-3 1.50422E-4 4.68395E-4 7.38249E-4 6.93079E-4 1.31713E-4 5.49523E-4 2.30198E-4 1.35803E-3 6.63308E-4 1.9885E-4 5.16306E-4 7.80768E-4 8.15916E-4 4.9889E-4 3.40691E-4 3.92594E-4 2.55363E-4 2.83376E-4 3.2439E-4 3.40075E-4 3.02471E-4 1.56425E-4 1.38865E-4 1.00357E-4 1.40194E-4 8.92436E-5 3.68144E-5 1.2968E-4 3.01273E-4 2.04082E-4 1.74702E-4 1.56707E-4 2.36003E-4 3.62254E-4 6.98103E-5 7.9622E-5 6.38103E-5 6.41865E-5 6.94179E-5 2.26198E-4 7.79638E-5 5.39024E-5 5.79689E-5 1.88648E-5 7.56842E-5 4.06841E-5 3.76553E-5 5.80646E-5 6.66326E-5 7.57937E-5 5.25504E-5 1.7428E-4 6.25334E-5 6.87514E-5 1.05983E-4
2.00765E-4 1.7764E-4 1.57306E-4 1.71057E-4 1.33954E-4 1.37705E-4 1.58553E-4 3.1712E-4 5.29796E-4 3.45712E-3 1.46026E-3 2.02374E-3 2.29633E-4 6.5818E-4 2.24378E-4 9.98149E-5 2.75746E-4 1.14703E-3 8.1534E-4 1.48185E-4 4.84754E-4 6.57305E-4 4.35373E-4 3.49267E-4 6.30006E-4 3.96024E-4 6.43855E-4 8.47402E-4 6.50767E-4 1.5736E-4 2.49264E-4 3.57212E-4 8.16649E-4 7.25019E-4 4.57141E-4 2.38963E-4 2.20699E-4 1.10553E-4 1.03954E-4 2.45832E-4 1.57819E-4 2.33816E-4 1.64929E-4 3.73957E-4 2.00891E-4 3.81918E-5 2.32109E-4 1.32461E-4 3.73221E-5 1.90475E-4 6.48309E-5 3.98141E-5 3.96595E-5 1.29355E-5 1.24392E-5 8.81565E-5 5.43162E-5 3.6838E-5 7.09803E-5 6.63878E-5 8.61923E-5 5.80323E-5 6.86075E-5 1.06849E-4 1.03857E-4 6.06781E-5
1.89187E-4 1.66505E-4 1.58171E-4 1.42405E-4 1.34794E-4 9.73775E-5 1.57323E-4 2.11216E-4 1.7477E-3 1.2588E-3 9.94735E-4 2.20982E-3 1.2235E-4 1.29322E-4 1.24688E-4 1.01455E-4 3.79876E-4 1.07664E-3 7.2616E-4 3.36908E-4 7.14171E-4 8.18031E-4 2.00779E-4 6.35118E-5 6.17505E-4 1.05591E-4 1.05966E-3 1.69821E-3 1.07592E-3 1.78482E-4 1.603E-4 2.11459E-4 5.2502E-4 4.85418E-4 2.54912E-4 1.56126E-4 1.59994E-4 9.85846E-5 1.49726E-4 4.38861E-4 2.27822E-4 4.48905E-4 3.62127E-4 6.51902E-4 1.33284E-4 8.44176E-5 9.50799E-5 4.67323E-5 4.61741E-5 1.03374E-4 7.98216E-5 2.93216E-5 2.67553E-5 9.20732E-6 4.2753E-5 5.90473E-5 6.4569E-5 6.36865E-5 7.12565E-5 5.2069E-5 7.51872E-5 5.33199E-5 8.26422E-5 1.37371E-4 5.45435E-5 6.1292E-5
2.92432E-4 4.28849E-4 1.72229E-4 2.62182E-4 1.37205E-4 1.23894E-4 1.35792E-4 1.22656E-4 7.04547E-4 9.39143E-4 8.1073E-4 5.46686E-4 1.34707E-4 1.21597E-4 1.28527E-4 1.5798E-4 7.84069E-4 1.13864E-3 2.47661E-4 2.27551E-4 1.19708E-3 5.79346E-4 2.88917E-4 1.5011E-4 4.18039E-4 2.2555E-4 1.35186E-3 8.80926E-4 2.67639E-4 4.43043E-4 1.66428E-4 3.18544E-4 2.40879E-4 2.46306E-4 1.16175E-4 7.16661E-5 8.12659E-5 4.84996E-5 2.01752E-4 3.43355E-4 3.03503E-4 2.57976E-4 1.88124E-4 1.21452E-4 1.04837E-4 7.62366E-5 2.53396E-4 3.28196E-5 8.60647E-5 6.85803E-5 1.35101E-4 1.4597E-5 1.75546E-5 7.37698E-5 6.35312E-5 4.1128E-5 3.73859E-5 6.76429E-5 7.14969E-5 7.38104E-5 5.89107E-5 6.8403E-5 6.58749E-5 1.02241E-4 4.27499E-5 5.69794E-5
3.31015E-4 1.66983E-4 2.97522E-4 1.71669E-4 1.60758E-4 1.72491E-4 1.49412E-4 1.433E-4 2.99667E-4 1.20204E-3 1.00958E-3 2.3798E-4 2.31048E-4 2.78174E-4 6.2588E-5 4.33398E-4 1.09539E-3 2.35039E-4 1.74952E-4 6.25981E-4 5.62363E-4 6.24305E-4 7.19513E-4 1.24634E-3 1.72364E-4 9.33917E-5 5.76927E-4 4.0599E-4 3.20148E-4 3.38693E-4 1.40743E-4 6.88495E-4 2.70564E-4 2.44608E-4 1.24543E-4 1.20305E-4 3.02964E-4 1.19354E-4 6.48867E-5 6.8395E-5 2.12819E-4 5.97453E-4 1.557E-4 6.40332E-5 6.69997E-5 7.37797E-5 5.6961E-5 3.6887E-5 2.11627E-5 7.33229E-5 5.66394E-5 2.78964E-5 5.65644E-5 7.54433E-5 1.06493E-4 5.52994E-5 3.64229E-5 6.74622E-5 5.39438E-5 7.07894E-5 5.25344E-5 6.61315E-5 6.18878E-5 4.05011E-5 6.74639E-5 6.07208E-5
1.66098E-4 1.61357E-4 1.8009E-4 1.05198E-4 1.45587E-4 1.41471E-4 1.44493E-4 1.71412E-4 1.44723E-4 1.36323E-4 3.57079E-4 7.66062E-4 1.84774E-4 4.86233E-4 5.75354E-4 9.20581E-4 2.87626E-4 2.83434E-4 2.15854E-4 9.43529E-4 1.16356E-3 4.74683E-4 4.33228E-4 8.1086E-4 1.28371E-4 2.0116E-4 1.59423E-4 1.44978E-4 6.05044E-5 1.21164E-4 1.43898E-4 5.77599E-4 4.63933E-4 2.24599E-4 1.79931E-4 1.3858E-4 8.96308E-5 1.90202E-4 1.12819E-4 8.06459E-5 3.65856E-4 3.57648E-4 7.56499E-4 1.02339E-4 9.73812E-5 4.81957E-5 5.33742E-5 1.0179E-5 1.57012E-5 4.46959E-5 6.43476E-5 1.3045E-4 3.69178E-5 1.3868E-4 1.73092E-4 5.24306E-5 3.79189E-5 7.78465E-5 7.33091E-5 7.20636E-5 3.81779E-5 5.86308E-5 4.43553E-5 4.30769E-5 6.02632E-5 5.20355E-5
3.09205E-4 3.60232E-4 2.01881E-4 1.81889E-4 1.64437E-4 5.25373E-4 2.9638E-4 2.18343E-4 1.80441E-4 2.87258E-4 5.68099E-4 5.71522E-4 4.89683E-4 4.69845E-4 9.32576E-4 2.54416E-4 1.02737E-4 4.63218E-4 5.55017E-4 5.21577E-4 6.98582E-4 4.22762E-4 8.46968E-4 2.65056E-4 3.54595E-4 1.55095E-4 7.76938E-5 8.5035E-5 8.0765E-5 1.72061E-4 9.51336E-4 1.42287E-3 1.05742E-3 2.01791E-4 7.97911E-5 1.34767E-4 1.02551E-4 1.01773E-4 1.58905E-4 7.08556E-5 1.13767E-4 3.21474E-4 2.3082E-4 4.51571E-4 1.54708E-4 1.21237E-4 6.02511E-5 9.10692E-6 2.70422E-5 7.311E-5 6.04033E-5 4.02394E-5 8.41123E-5 1.43137E-4 2.31848E-4 1.32051E-4 5.20484E-5 1.02602E-4 5.63627E-5 7.56254E-5 7.28689E-5 5.21731E-5 3.98294E-5 3.77479E-5 5.15345E-5 6.70558E-6
3.30278E-4 7.50346E-4 1.15598E-3 1.0007E-3 5.9718E-4 1.01E-3 1.22713E-3 3.29709E-4 3.49214E-4 2.31717E-4 6.8509E-4 7.36652E-4 4.02859E-4 3.64378E-4 5.73367E-4 3.48317E-4 1.63232E-4 2.31959E-4 8.14719E-4 7.09182E-4 1.35182E-4 1.34535E-3 3.75353E-4 9.69228E-5 5.6707E-5 5.87272E-5 5.78505E-5 7.12842E-5 9.23015E-5 1.4056E-4 3.36558E-4 1.28226E-3 9.13299E-4 6.15339E-4 2.08592E-4 1.4127E-4 1.10337E-4 1.18889E-4 2.17647E-4 1.23808E-4 6.09966E-5 5.34782E-5 6.34895E-5 3.56777E-4 1.58073E-4 7.88402E-5 6.8364E-5 9.2097E-6 6.73107E-5 6.03074E-5 7.03908E-5 7.20284E-5 1.2044E-4 5.20961E-5 8.17608E-5 6.55603E-5 1.65161E-4 7.70672E-5 5.81655E-5 7.52665E-5 5.69856E-5 4.04551E-5 5.33307E-5 4.21448E-5 5.77101E-5 9.88653E-6
6.33405E-4 7.4031E-4 4.79117E-4 6.96168E-4 9.8251E-4 4.34468E-4 1.13811E-3 1.12154E-3 8.76767E-4 1.05251E-3 5.57794E-4 3.1366E-4 2.92664E-4 2.87791E-4 3.04706E-4 3.5565E-4 2.06894E-4 1.19663E-4 2.5181E-4 5.18736E-4 2.19828E-4 1.84452E-4 2.08619E-4 1.02259E-4 6.20731E-5 6.13489E-5 8.00872E-5 1.44367E-4 2.67742E-4 1.03868E-4 8.05798E-5 4.00775E-4 9.91092E-4 4.02663E-4 1.47885E-4 1.65971E-4 1.52871E-4 1.04494E-4 1.67684E-4 2.65042E-4 1.28051E-4 8.1552E-5 9.02808E-5 1.97898E-4 1.37807E-4 2.47853E-4 3.78459E-5 1.08782E-5 1.16601E-4 2.59055E-4 2.25938E-4 6.92591E-5 1.62585E-4 9.12862E-5 4.63378E-5 6.01333E-5 5.60741E-5 7.46426E-5 9.69989E-5 9.1269E-5 8.20078E-5 3.9977E-5 5.07683E-5 4.08331E-5 6.85253E-5 5.56043E-5
1.89262E-4 2.44482E-4 1.54152E-4 2.96649E-4 8.99172E-4 5.14162E-4 8.57095E-4 6.79143E-4 4.88252E-4 7.34602E-4 6.24023E-4 5.03366E-4 4.65013E-4 2.8265E-4 2.55417E-4 2.41018E-4 2.88988E-4 1.09578E-4 2.08424E-4 1.86403E-4 1.86691E-4 1.11835E-4 6.75436E-4 3.35302E-4 1.03662E-4 8.34455E-5 1.09912E-4 6.17587E-5 8.71252E-5 1.1202E-4 1.48899E-4 7.8872E-4 2.38906E-4 3.05453E-4 2.13252E-4 1.72258E-4 2.14257E-4 2.98497E-4 2.93441E-4 2.62154E-4 2.69798E-4 7.04278E-5 1.17981E-4 1.01223E-4 8.48873E-5 1.22581E-4 9.03422E-5 1.60166E-5 3.53495E-4 6.57237E-4 8.99282E-4 2.66813E-4 1.81497E-4 2.85144E-4 8.95765E-5 1.43411E-4 6.40971E-5 6.18382E-5 7.81479E-5 8.06493E-5 7.8811E-5 5.57088E-5 7.16444E-5 5.61472E-5 1.23423E-4 6.95295E-5
2.17168E-3 1.60445E-3 9.76228E-4 8.44544E-4 9.67644E-4 2.98291E-3 2.79804E-3 5.40023E-4 3.4025E-4 5.13897E-4 1.75877E-4 4.65936E-4 4.30863E-4 2.40542E-4 2.11357E-4 2.65713E-4 2.29582E-4 7.77474E-5 8.23218E-5 1.92568E-4 1.85731E-4 1.65055E-4 2.71846E-4 6.12846E-4 6.46687E-5 6.42269E-5 8.69892E-5 7.85401E-5 9.68655E-5 9.00191E-5 8.15628E-5 3.97759E-4 4.72429E-4 2.48463E-4 3.34691E-4 1.95796E-4 3.41859E-4 1.36607E-4 2.45423E-4 7.82154E-5 1.10176E-4 1.00758E-4 7.56784E-5 6.77668E-5 1.24549E-4 5.77591E-5 2.32168E-4 2.31714E-4 2.04177E-4 3.79042E-4 4.62768E-4 1.90829E-4 3.79843E-4 1.73818E-4 9.16147E-5 1.79913E-4 1.08229E-4 6.89608E-5 4.10659E-5 4.2837E-5 4.07985E-5 7.08312E-5 7.89199E-5 1.78962E-4 1.82392E-4 5.74056E-5
2.02009E-3 1.52079E-3 7.28273E-4 1.19249E-3 8.0054E-4 3.14074E-3 3.41464E-3 9.54452E-4 5.63185E-4 3.09377E-4 2.40218E-4 3.27047E-4 4.15428E-4 2.71402E-4 4.55435E-4 3.59714E-4 3.43241E-4 2.55502E-4 1.58449E-4 2.23967E-4 5.45167E-4 1.28128E-4 1.2255E-4 3.47279E-4 1.21473E-4 8.52546E-5 8.99618E-5 7.85854E-5 7.61057E-5 5.70438E-5 6.18326E-5 1.76804E-4 3.10293E-4 1.94599E-4 4.70475E-4 2.55337E-4 9.69606E-5 1.22377E-4 8.82876E-5 7.82197E-5 7.07436E-5 9.18718E-5 8.07403E-5 4.89073E-5 8.18258E-5 7.38352E-5 1.16389E-4 1.33383E-4 1.7883E-4 6.71631E-4 3.0049E-4 1.30003E-4 7.09785E-5 6.20458E-5 2.85377E-5 1.00828E-4 9.55386E-5 4.18925E-5 6.22331E-6 2.35139E-5 5.01588E-5 8.68886E-5 9.34461E-5 5.12121E-4 9.84709E-5 5.7325E-5
2.08215E-3 1.60453E-3 6.60938E-4 4.38083E-3 9.92968E-4 1.79578E-3 2.46874E-3 8.19533E-4 1.11992E-3 5.68311E-4 3.97517E-4 3.39579E-4 2.45739E-4 1.94986E-4 1.95469E-4 2.37029E-4 1.26524E-4 2.18557E-4 1.07539E-4 1.13829E-4 1.63944E-4 8.79461E-5 8.45608E-5 1.36113E-4 3.082E-4 6.69308E-5 6.06314E-5 6.35773E-5 1.1543E-4 6.49675E-5 1.70633E-4 3.01655E-4 3.76451E-4 2.01522E-4 1.81675E-4 1.25504E-4 1.20365E-4 8.4802E-5 8.56869E-5 1.72377E-4 8.05544E-5 6.18948E-5 6.35886E-5 7.83313E-5 7.35601E-5 8.50767E-5 8.83504E-5 7.70653E-5 1.75038E-4 4.7677E-4 3.39316E-4 3.51347E-4 1.56297E-4 1.97976E-4 1.0774E-4 1.18776E-4 5.49532E-4 3.35744E-4 1.20184E-5 3.25691E-5 1.18646E-4 1.11121E-4 1.13887E-4 1.84401E-4 1.10226E-4 4.74857E-5
3.89411E-3 1.21561E-3 6.50432E-4 9.19587E-4 7.51755E-5 4.94177E-4 1.40169E-3 1.77699E-3 8.64899E-4 5.11101E-4 3.14058E-4 3.84116E-4 2.66819E-4 2.28485E-4 1.61992E-4 2.43856E-4 2.94579E-4 1.90273E-4 2.06198E-4 1.13887E-4 9.68322E-5 7.47438E-5 9.27519E-5 2.59649E-4 2.91842E-4 4.14556E-4 1.09169E-4 1.85772E-4 3.40758E-4 1.49271E-4 6.81981E-4 6.48365E-4 2.20696E-4 3.74634E-4 7.68782E-5 8.05332E-5 7.12847E-5 6.93803E-5 7.34055E-5 8.9449E-5 1.22819E-4 7.34776E-5 4.59944E-5 6.84726E-5 4.62145E-5 4.57234E-5 8.98067E-5 9.12456E-5 6.02143E-4 5.61473E-4 3.91039E-4 5.11425E-4 2.83252E-4 8.26379E-5 7.60399E-4 5.72441E-4 3.79346E-4 3.82861E-4 8.52807E-5 3.76799E-4 1.74147E-4 1.61581E-4 1.06519E-4 1.53236E-4 9.73429E-5 8.43355E-5
3.0548E-4 1.86002E-4 9.81652E-4 9.46799E-4 2.09508E-4 2.01857E-4 5.5925E-5 1.35725E-3 1.27632E-3 7.60495E-4 4.46318E-4 3.98045E-4 3.09317E-4 2.64997E-4 1.6789E-4 1.50762E-4 3.96685E-4 2.43571E-4 1.75621E-4 1.71594E-4 1.40128E-4 1.37572E-4 8.6153E-5 2.22695E-4 1.64241E-4 6.8262E-4 3.11743E-4 2.23669E-4 8.06072E-4 6.48794E-4 6.57745E-4 4.74241E-4 4.34295E-4 4.05261E-4 3.27842E-4 1.16928E-4 9.48163E-5 6.47206E-5 5.25643E-5 1.02204E-4 9.13292E-5 2.00032E-4 3.84568E-5 2.02264E-5 6.56041E-5 9.09162E-5 8.43873E-5 9.66636E-5 6.92989E-4 1.2653E-3 9.32828E-4 3.08636E-4 7.01851E-5 1.50832E-4 6.02251E-4 3.63047E-4 2.52341E-4 8.72318E-4 9.68407E-5 1.66551E-4 1.67856E-4 2.0161E-4 2.17042E-4 2.01969E-4 9.88149E-5 9.65797E-5
