catData/rasterBestHybridModels/Prubiginosus/RD_RM2_L/Prubiginosus_max.asc
ncols         409
nrows         350
xllcorner     60.897278365
yllcorner     5.843756025
cellsize      0.0892857
NODATA_value  -9999
[rows 87 to 115 of 350, columns 260 to 324 of 409]
-9999 -9999 -9999 -9999 -9999 -9999 -9999 -9999 -9999 -9999 -9999 -9999 -9999 -9999 -9999 -9999 -9999 -9999 -9999 -9999 -9999 -9999 -9999 -9999 -9999 -9999 -9999 -9999 -9999 -9999 -9999 -9999 -9999 -9999 -9999 -9999 -9999 -9999 -9999 -9999 -9999 -9999 -9999 -9999 -9999 -9999 -9999 -9999 -9999 -9999 -9999 -9999 -9999 -9999 -9999 -9999 -9999 -9999 -9999 -9999 -9999 -9999 -9999 -9999 -9999
3.44906E-5 -9999 -9999 -9999 -9999 -9999 -9999 -9999 -9999 -9999 -9999 -9999 -9999 -9999 -9999 -9999 -9999 -9999 -9999 -9999 -9999 -9999 -9999 -9999 -9999 -9999 -9999 -9999 -9999 -9999 -9999 -9999 -9999 -9999 -9999 -9999 -9999 -9999 -9999 -9999 -9999 -9999 -9999 -9999 -9999 -9999 -9999 -9999 -9999 -9999 -9999 -9999 -9999 -9999 -9999 -9999 -9999 -9999 -9999 -9999 -9999 -9999 -9999 -9999 -9999
3.12447E-5 -9999 -9999 -9999 -9999 -9999 -9999 -9999 -9999 -9999 -9999 -9999 -9999 -9999 -9999 -9999 -9999 -9999 -9999 -9999 -9999 -9999 -9999 -9999 -9999 -9999 -9999 -9999 -9999 -9999 -9999 -9999 -9999 -9999 -9999 -9999 -9999 -9999 -9999 -9999 -9999 -9999 -9999 -9999 -9999 -9999 -9999 -9999 -9999 -9999 -9999 -9999 -9999 -9999 -9999 -9999 -9999 -9999 -9999 -9999 -9999 -9999 -9999 -9999 -9999
-9999 -9999 -9999 -9999 -9999 -9999 -9999 -9999 -9999 -9999 -9999 -9999 -9999 -9999 -9999 -9999 -9999 -9999 -9999 -9999 -9999 -9999 -9999 -9999 -9999 -9999 -9999 -9999 -9999 -9999 -9999 -9999 -9999 -9999 -9999 -9999 -9999 -9999 -9999 -9999 -9999 -9999 -9999 -9999 -9999 -9999 -9999 -9999 -9999 -9999 -9999 -9999 -9999 -9999 -9999 -9999 -9999 -9999 -9999 -9999 -9999 -9999 -9999 -9999 -9999
6.80129E-6 6.33151E-6 -9999 -9999 -9999 -9999 -9999 -9999 -9999 -9999 -9999 -9999 -9999 -9999 -9999 -9999 -9999 -9999 -9999 -9999 -9999 -9999 -9999 -9999 -9999 -9999 -9999 -9999 -9999 -9999 -9999 -9999 -9999 -9999 -9999 -9999 -9999 -9999 -9999 -9999 -9999 -9999 -9999 -9999 -9999 -9999 -9999 -9999 -9999 -9999 -9999 -9999 -9999 -9999 -9999 -9999 -9999 -9999 -9999 -9999 -9999 -9999 -9999 -9999 -9999
8.87737E-6 1.25698E-5 1.26245E-5 -9999 -9999 -9999 -9999 -9999 -9999 -9999 -9999 -9999 -9999 -9999 -9999 -9999 -9999 -9999 -9999 -9999 -9999 -9999 -9999 -9999 -9999 -9999 -9999 -9999 -9999 -9999 -9999 -9999 -9999 -9999 -9999 -9999 -9999 -9999 -9999 -9999 -9999 -9999 -9999 -9999 -9999 -9999 -9999 -9999 -9999 -9999 -9999 -9999 -9999 -9999 -9999 -9999 -9999 -9999 -9999 -9999 -9999 -9999 -9999 -9999 -9999
2.07865E-5 3.35807E-5 1.33976E-5 7.1804E-6 8.52868E-6 1.89038E-5 -9999 -9999 -9999 -9999 -9999 -9999 -9999 -9999 -9999 -9999 -9999 -9999 -9999 -9999 -9999 -9999 -9999 -9999 -9999 -9999 -9999 -9999 -9999 -9999 -9999 -9999 -9999 -9999 -9999 -9999 -9999 -9999 -9999 -9999 -9999 -9999 -9999 -9999 -9999 -9999 -9999 -9999 -9999 -9999 -9999 -9999 -9999 -9999 -9999 -9999 -9999 -9999 -9999 -9999 -9999 -9999 -9999 -9999 -9999
2.29382E-5 2.10704E-5 1.80313E-5 2.1413E-5 1.61163E-5 2.25276E-5 8.75328E-6 -9999 -9999 -9999 1.1115E-5 1.64816E-5 -9999 -9999 -9999 -9999 -9999 -9999 -9999 -9999 -9999 -9999 -9999 -9999 -9999 -9999 -9999 -9999 -9999 -9999 -9999 -9999 -9999 -9999 -9999 -9999 -9999 -9999 -9999 -9999 -9999 -9999 -9999 -9999 -9999 -9999 -9999 -9999 -9999 -9999 -9999 -9999 -9999 -9999 -9999 -9999 -9999 -9999 -9999 -9999 -9999 -9999 -9999 -9999 -9999
1.47483E-5 4.06056E-5 2.85363E-5 2.24365E-5 5.99692E-6 1.56993E-5 1.32987E-5 1.66468E-5 1.66856E-5 7.01652E-6 1.51424E-5 2.22102E-5 -9999 -9999 -9999 -9999 -9999 -9999 -9999 -9999 -9999 -9999 -9999 -9999 -9999 -9999 -9999 -9999 -9999 -9999 -9999 -9999 -9999 -9999 -9999 -9999 -9999 -9999 -9999 -9999 -9999 -9999 -9999 -9999 -9999 -9999 -9999 -9999 -9999 -9999 -9999 -9999 -9999 -9999 -9999 -9999 -9999 -9999 -9999 -9999 -9999 -9999 -9999 -9999 -9999
1.16686E-5 2.44164E-5 3.3151E-5 5.15111E-5 1.22142E-5 8.2168E-6 1.28909E-5 1.834E-5 1.44196E-5 1.63085E-5 2.30531E-5 1.20788E-5 -9999 -9999 -9999 -9999 -9999 -9999 -9999 -9999 -9999 -9999 -9999 -9999 -9999 -9999 -9999 -9999 -9999 -9999 -9999 -9999 -9999 -9999 -9999 -9999 -9999 -9999 -9999 -9999 -9999 -9999 -9999 -9999 -9999 -9999 -9999 -9999 -9999 -9999 -9999 -9999 -9999 -9999 -9999 -9999 -9999 -9999 -9999 -9999 -9999 -9999 -9999 -9999 -9999
2.86388E-5 3.5178E-5 4.51935E-5 4.81295E-5 2.67826E-5 2.67031E-5 1.41549E-5 2.62373E-5 4.71531E-5 1.42072E-5 2.81259E-6 -9999 -9999 -9999 -9999 -9999 -9999 -9999 -9999 -9999 -9999 -9999 -9999 -9999 -9999 -9999 -9999 -9999 -9999 -9999 -9999 -9999 -9999 -9999 -9999 -9999 -9999 -9999 -9999 -9999 -9999 -9999 -9999 -9999 -9999 -9999 -9999 -9999 -9999 -9999 -9999 -9999 -9999 -9999 -9999 -9999 -9999 -9999 -9999 -9999 -9999 -9999 -9999 -9999 -9999
4.48005E-5 4.45066E-5 4.34411E-5 3.83687E-5 4.20389E-5 4.02974E-5 1.08851E-4 1.17811E-4 6.69951E-5 3.73694E-5 1.11712E-5 1.29089E-5 1.19312E-5 -9999 -9999 2.57943E-5 -9999 -9999 -9999 -9999 -9999 -9999 -9999 -9999 -9999 -9999 -9999 -9999 -9999 -9999 -9999 -9999 -9999 -9999 -9999 -9999 -9999 -9999 -9999 -9999 -9999 -9999 -9999 -9999 -9999 -9999 -9999 -9999 -9999 -9999 -9999 -9999 -9999 -9999 -9999 -9999 -9999 -9999 -9999 -9999 -9999 -9999 -9999 -9999 -9999
5.3608E-5 3.16338E-5 6.62268E-5 6.59151E-5 3.50531E-5 3.60357E-5 6.29047E-5 6.52916E-5 6.53159E-5 7.0308E-5 6.07939E-5 7.06842E-5 4.0555E-5 6.36512E-5 3.36926E-5 5.32191E-5 3.36121E-5 1.52115E-5 -9999 -9999 -9999 -9999 -9999 -9999 -9999 -9999 -9999 -9999 -9999 -9999 -9999 -9999 -9999 -9999 -9999 -9999 -9999 -9999 -9999 -9999 -9999 -9999 -9999 -9999 -9999 -9999 -9999 -9999 -9999 -9999 -9999 -9999 -9999 -9999 -9999 -9999 -9999 -9999 -9999 -9999 -9999 -9999 -9999 -9999 3.99025E-6
8.70333E-5 6.84551E-5 7.63006E-5 7.56528E-5 1.41918E-4 4.60884E-5 4.60272E-5 5.54601E-5 6.36006E-5 3.94296E-5 4.42171E-5 5.15424E-5 5.08026E-5 4.68586E-5 4.68776E-5 2.83186E-5 3.68811E-5 2.83934E-5 2.05375E-5 1.69551E-5 2.14414E-5 -9999 3.94985E-5 -9999 -9999 -9999 -9999 -9999 4.6105E-6 -9999 -9999 -9999 -9999 -9999 -9999 -9999 -9999 -9999 -9999 -9999 -9999 -9999 -9999 -9999 -9999 -9999 -9999 -9999 -9999 -9999 3.78074E-5 -9999 -9999 -9999 -9999 -9999 -9999 -9999 -9999 -9999 -9999 1.33257E-5 1.09078E-5 8.08234E-6 3.9652E-6
3.43834E-5 4.90727E-5 5.53413E-5 5.5931E-5 5.10139E-5 3.17106E-5 8.55994E-5 1.33099E-4 1.09874E-4 6.46528E-5 4.01317E-5 4.19497E-5 5.58292E-5 4.08372E-5 5.78679E-5 1.43238E-4 7.47186E-5 6.16301E-5 4.48899E-5 4.9422E-5 6.64437E-5 -9999 3.81292E-5 6.6532E-5 -9999 -9999 -9999 1.16857E-5 9.65086E-6 9.89372E-6 1.23254E-5 -9999 -9999 -9999 -9999 -9999 -9999 -9999 -9999 -9999 -9999 -9999 -9999 -9999 -9999 -9999 -9999 -9999 3.67778E-5 2.14717E-5 4.0795E-5 2.82252E-5 -9999 -9999 -9999 -9999 -9999 -9999 -9999 2.32923E-5 1.90117E-5 1.57763E-5 1.29415E-5 1.0484E-5 6.23604E-6
5.583E-5 8.75233E-4 3.47552E-5 4.88663E-5 4.43216E-5 4.95707E-5 5.18869E-5 1.39612E-4 4.80608E-5 4.58501E-5 4.4829E-5 5.98975E-5 2.58376E-5 3.04254E-5 4.07015E-5 5.25877E-5 6.06373E-5 5.58894E-5 6.06458E-5 4.18067E-5 7.0547E-5 4.57804E-5 3.7325E-5 6.42314E-5 5.68403E-5 3.24582E-5 1.3493E-5 1.64671E-5 4.39197E-5 2.15475E-5 1.39037E-5 6.90255E-6 7.06781E-6 1.97778E-6 -9999 -9999 -9999 -9999 -9999 -9999 -9999 -9999 -9999 1.24674E-5 -9999 1.17902E-5 2.09153E-5 1.26548E-5 1.56446E-5 1.58571E-5 1.20101E-5 8.36194E-6 9.56574E-6 -9999 -9999 -9999 -9999 -9999 3.23469E-5 2.68273E-5 2.18622E-5 1.77146E-5 1.46686E-5 1.20484E-5 7.3017E-6
1.55583E-4 4.91393E-5 5.25788E-5 5.04205E-5 5.00915E-5 4.92029E-4 7.20326E-5 7.55091E-5 7.277E-5 6.91943E-5 4.38764E-5 2.80474E-5 4.41298E-5 4.36849E-5 6.11095E-5 1.18041E-4 5.48509E-5 5.95074E-5 1.23208E-4 1.11728E-4 1.3352E-4 6.47478E-5 1.17527E-4 5.16243E-5 4.22118E-5 3.39566E-5 1.51963E-5 1.57982E-5 4.77036E-5 5.62277E-5 3.54937E-5 1.39791E-5 7.7818E-6 6.88853E-6 2.03415E-5 6.36532E-5 7.75747E-5 7.25001E-5 4.83268E-5 4.31127E-5 3.63051E-5 3.25303E-5 2.31285E-5 1.19052E-5 8.53203E-6 7.61877E-6 1.87009E-5 3.12612E-5 3.8703E-5 4.67383E-5 2.45185E-5 3.25254E-5 1.18899E-5 1.34545E-5 -9999 -9999 -9999 -9999 3.16508E-5 2.77289E-5 2.23706E-5 1.78864E-5 1.70104E-5 1.30294E-5 9.45513E-6
7.73447E-5 8.69935E-5 8.99347E-5 1.09881E-4 1.09132E-4 4.74499E-4 9.98978E-5 1.00123E-4 2.93171E-5 4.48041E-5 3.34574E-5 2.44996E-5 5.1681E-5 9.19794E-5 3.32988E-5 4.20836E-5 1.10484E-4 4.539E-5 1.37195E-4 4.56506E-5 1.21745E-4 1.17739E-4 6.79873E-5 7.02985E-5 6.34399E-5 8.52072E-5 5.48615E-5 4.42348E-5 6.4608E-5 4.76412E-5 2.47759E-5 1.8128E-5 1.45668E-5 1.78277E-5 3.4764E-5 5.62145E-5 5.62626E-5 7.53676E-5 6.24024E-5 3.524E-5 2.99086E-5 3.7952E-5 1.68964E-5 1.06542E-5 6.15822E-6 3.05123E-6 8.2894E-6 1.25464E-5 2.84695E-5 3.62854E-5 2.73351E-5 3.48366E-5 2.22538E-5 -9999 -9999 -9999 -9999 2.72933E-5 2.75835E-5 2.6512E-5 2.15354E-5 1.72272E-5 1.85222E-5 1.52868E-5 1.29946E-5
5.4954E-5 6.38711E-5 7.39802E-5 1.18991E-4 4.73994E-5 1.48654E-4 1.04149E-4 8.72005E-4 9.43712E-5 8.23937E-5 4.59402E-5 4.61391E-5 2.85112E-5 2.28306E-5 8.86078E-6 2.69514E-5 3.83325E-5 1.01373E-4 1.05414E-4 4.65636E-5 6.05672E-5 1.10939E-4 4.9316E-5 7.00129E-5 6.37465E-5 6.24753E-5 1.1716E-4 1.01538E-4 1.01965E-4 1.23845E-4 7.83834E-5 9.58788E-5 4.06567E-5 4.26033E-5 5.23338E-5 5.75535E-5 1.42122E-4 5.82081E-5 4.25637E-5 2.85443E-5 5.61867E-5 5.97853E-5 9.9918E-5 1.98486E-5 3.41116E-6 4.24492E-6 1.34754E-5 4.05135E-5 5.3049E-4 6.33483E-4 1.022E-4 4.95236E-5 4.59157E-5 -9999 -9999 -9999 3.61366E-5 2.93023E-5 2.62474E-5 2.20242E-5 1.83366E-5 1.09689E-5 1.68196E-5 2.87599E-5 2.13282E-5
4.45254E-5 8.05675E-5 5.96803E-5 8.30723E-5 1.2649E-4 1.39838E-4 7.81945E-5 1.40638E-4 1.18463E-4 1.16001E-4 9.51478E-5 9.33874E-5 7.08458E-4 2.05726E-5 3.74873E-5 4.40818E-5 4.0718E-5 3.49382E-5 2.85038E-5 1.97129E-5 4.47758E-5 3.73211E-5 3.85536E-5 1.38921E-4 1.40846E-4 7.37073E-5 1.55252E-4 7.53711E-5 7.45235E-5 6.93892E-5 5.50472E-5 6.65756E-5 5.71534E-5 1.19154E-4 1.27849E-4 9.93203E-4 9.47536E-4 8.37766E-4 1.25999E-4 6.42729E-5 4.91391E-5 6.59754E-5 5.83983E-5 3.83081E-4 1.81896E-5 6.1599E-5 7.15402E-4 4.65985E-4 6.56425E-4 4.19776E-5 5.46476E-5 6.5696E-4 3.58357E-5 -9999 -9999 4.33293E-5 3.29825E-5 2.90964E-5 1.89161E-5 1.71231E-5 1.60668E-5 1.92253E-5 2.27159E-5 3.87985E-5 2.47894E-5
3.89574E-5 5.55213E-5 5.05196E-5 5.65141E-5 1.5116E-4 9.07506E-5 8.5108E-5 1.27175E-4 1.12576E-4 1.14877E-4 1.20992E-4 1.08245E-4 4.56389E-5 4.65203E-5 3.78759E-5 3.78854E-5 2.90915E-5 3.15614E-5 3.26342E-5 4.26574E-5 3.96002E-5 3.77264E-5 3.64188E-5 4.56314E-5 4.60336E-5 7.41371E-5 1.58031E-4 1.23946E-4 6.75408E-4 9.14496E-4 7.11027E-4 8.78993E-4 6.63413E-4 4.63441E-5 5.89737E-5 4.6843E-5 6.14196E-5 7.08388E-5 5.78127E-5 6.77193E-5 7.06338E-5 7.10426E-5 6.31171E-5 6.4887E-4 4.49374E-5 4.80872E-5 6.3448E-5 4.62022E-5 6.39097E-5 5.9824E-5 5.73773E-5 5.11459E-4 -9999 -9999 2.50613E-5 3.32409E-5 2.9821E-5 1.3685E-5 2.64293E-5 3.12329E-5 2.39453E-5 2.81483E-5 2.71308E-5 3.10514E-5 3.62855E-5
3.04986E-5 7.88263E-5 5.07902E-5 5.0566E-5 8.05172E-5 7.66368E-5 9.02361E-5 3.70653E-5 3.50541E-5 4.47769E-5 8.30817E-5 1.11244E-4 7.13268E-5 1.36812E-4 1.02971E-4 4.85413E-5 3.74151E-5 3.52889E-5 3.08281E-5 3.76609E-5 4.43911E-5 3.65655E-5 5.09555E-5 5.2953E-5 4.29927E-5 5.56136E-5 7.08879E-5 7.137E-5 4.3979E-5 5.5911E-5 5.21469E-5 9.21415E-4 5.21371E-5 6.30268E-5 6.53832E-5 4.92993E-5 5.01616E-5 7.28416E-5 5.27321E-5 6.069E-5 6.51217E-5 6.82585E-5 5.07668E-5 6.14313E-5 5.60486E-5 5.55116E-5 5.52811E-5 6.10771E-5 6.07502E-5 6.25128E-5 6.03789E-5 5.28964E-5 9.55472E-5 -9999 1.84846E-5 3.33774E-5 1.96929E-5 2.47062E-5 3.3433E-5 3.04501E-5 5.03147E-5 4.88163E-5 3.67325E-5 3.94642E-5 1.22439E-4
2.12231E-5 2.51083E-5 2.03989E-5 2.10286E-5 3.92711E-5 1.90849E-5 6.02603E-5 1.24745E-4 3.77578E-5 4.68787E-5 4.21709E-5 9.18882E-5 2.57932E-5 5.09568E-5 6.09941E-5 7.7687E-5 1.07777E-4 9.69779E-5 9.61645E-4 4.00088E-5 5.26139E-5 5.06295E-5 5.48687E-5 5.22152E-5 5.62478E-5 5.70755E-5 5.89565E-5 5.46251E-5 6.06606E-5 5.57536E-5 5.85256E-5 6.99482E-5 6.69182E-5 6.28731E-5 6.99029E-5 7.29282E-5 6.0375E-5 7.71719E-5 7.5816E-5 5.90127E-5 6.53673E-5 6.30826E-5 6.21548E-5 6.58545E-5 6.37937E-5 5.8983E-5 6.26591E-5 4.86354E-5 6.29184E-5 4.89622E-5 6.38765E-5 5.02167E-5 5.46735E-5 1.05188E-4 3.35073E-5 2.96295E-5 2.97752E-5 3.0365E-5 2.84468E-5 4.76493E-5 5.59905E-5 4.48589E-5 2.91649E-5 3.1797E-5 3.04175E-5
4.8286E-6 1.38627E-5 2.88507E-5 8.7894E-6 4.20062E-6 4.20874E-6 1.17007E-5 2.36356E-5 5.03144E-5 1.25347E-4 3.37847E-5 7.09573E-5 3.58793E-5 5.15681E-5 5.33152E-5 2.74718E-5 7.21758E-5 7.13321E-5 8.23865E-5 9.32614E-4 8.86539E-4 4.19806E-5 5.06828E-4 3.65954E-5 4.22836E-5 5.26107E-5 5.40618E-5 2.91563E-5 4.47606E-5 4.65045E-5 4.40132E-5 4.47385E-5 5.79757E-5 5.88925E-5 6.67871E-5 6.91487E-5 6.12895E-5 7.41342E-5 6.02002E-5 5.2948E-5 7.90995E-5 7.13728E-5 4.82428E-5 6.63908E-5 6.5383E-5 6.35042E-5 7.19867E-5 7.08623E-5 7.23139E-5 7.26113E-5 7.07503E-5 6.33312E-5 6.94573E-5 6.21606E-5 6.48755E-4 4.50875E-5 7.73198E-5 6.03086E-5 7.24933E-5 4.25228E-5 6.0458E-5 4.00911E-5 5.80194E-5 6.32531E-5 7.43514E-5
4.09577E-6 3.75184E-6 4.56398E-6 2.91832E-6 3.9046E-6 1.08539E-5 1.06638E-5 7.55991E-6 2.60648E-6 1.45534E-5 2.30673E-5 1.05017E-4 1.03154E-4 1.09607E-4 3.94257E-5 2.96971E-5 6.23864E-5 5.05771E-5 5.17159E-5 3.68536E-5 8.98342E-5 8.89733E-5 4.40654E-4 3.55513E-5 4.09882E-5 5.46254E-5 3.86054E-5 3.13658E-5 3.95088E-5 4.76872E-5 5.63918E-5 5.54313E-5 6.52657E-5 7.63349E-5 5.82782E-5 3.40622E-5 4.59991E-5 6.40907E-5 7.9914E-5 6.59889E-5 8.04289E-5 6.64737E-5 6.78396E-5 6.81537E-5 4.72876E-5 5.36958E-5 8.16195E-5 8.54071E-5 8.53576E-5 7.18615E-5 6.31971E-5 5.12657E-5 5.14159E-5 6.74756E-5 5.29872E-5 9.3972E-5 4.00949E-5 3.97363E-5 3.96897E-5 4.92751E-5 5.82891E-5 8.02004E-5 7.56143E-5 4.10273E-5 4.16063E-5
7.53043E-6 3.08161E-6 3.84665E-6 5.07134E-6 9.32625E-6 3.06086E-5 7.29207E-5 5.43339E-5 2.08989E-5 7.18657E-6 1.37585E-5 4.8708E-6 2.17404E-5 1.75421E-5 2.97367E-5 5.23594E-5 2.95619E-5 2.60275E-5 6.01514E-5 4.31125E-5 5.05739E-5 4.45164E-5 4.92131E-5 3.32175E-5 5.52217E-4 5.68124E-5 4.75158E-5 4.08414E-5 4.02805E-5 5.15316E-5 6.59194E-5 4.84252E-5 5.84351E-5 7.13889E-5 7.43808E-5 6.60152E-5 6.69141E-5 7.88882E-5 2.88423E-5 6.41166E-5 6.29406E-5 6.04697E-5 6.53753E-5 6.72894E-5 6.58283E-5 6.41273E-5 6.40144E-5 7.18269E-5 8.52324E-5 7.68792E-5 6.71189E-5 7.15232E-5 7.30072E-5 8.31267E-5 5.64061E-5 4.71345E-5 6.01398E-4 1.0765E-4 9.8912E-5 1.03666E-4 1.22314E-4 5.63449E-5 4.3284E-5 4.2852E-5 1.18232E-4
1.19783E-5 8.74419E-6 2.63768E-6 2.56667E-6 5.97483E-6 1.2597E-5 1.7054E-5 2.6833E-5 1.30728E-5 8.52869E-6 7.99289E-6 1.17394E-5 2.01556E-5 1.33095E-5 1.08108E-5 1.8851E-5 8.31877E-6 1.79492E-5 2.32938E-5 3.1757E-5 3.87427E-5 6.48783E-5 7.32338E-5 6.87513E-5 6.36715E-5 5.27069E-5 5.27905E-4 6.35342E-5 5.03416E-5 5.38228E-5 6.91118E-5 6.89409E-5 7.13012E-5 5.59791E-5 5.79525E-5 8.02821E-5 7.59446E-5 5.2208E-5 6.44296E-5 4.94461E-5 4.76755E-5 7.33058E-5 7.01749E-5 6.55214E-5 6.1092E-5 6.2848E-5 6.35969E-5 6.96391E-5 8.65453E-5 7.03233E-5 6.64504E-5 8.17292E-5 8.27386E-5 7.94355E-5 8.32695E-5 7.64435E-5 6.74133E-5 1.39389E-4 1.36144E-4 5.22382E-5 6.50205E-5 5.93737E-5 1.19665E-4 1.16786E-4 1.06997E-4
3.28459E-6 1.7217E-5 3.36666E-6 4.35865E-6 2.69539E-6 4.00412E-6 5.99872E-6 1.52049E-5 1.57296E-5 1.60074E-5 7.22896E-6 3.59287E-6 1.40246E-5 2.12915E-5 7.57185E-6 9.41429E-6 9.22039E-6 5.15816E-6 7.93393E-6 8.26294E-6 1.6452E-5 2.95466E-5 3.4793E-5 4.16385E-5 5.61088E-5 1.43196E-4 3.72992E-5 1.16586E-4 4.11452E-5 4.72738E-5 4.78377E-5 1.29437E-4 1.32287E-4 1.19103E-3 6.69961E-5 1.15699E-3 1.02559E-3 6.75087E-5 6.36868E-5 6.33632E-5 7.18913E-5 9.07352E-5 9.04948E-5 7.89467E-5 5.34312E-5 7.71348E-5 8.18258E-5 6.56864E-5 6.19876E-5 5.98795E-5 4.17974E-5 5.03809E-5 3.98787E-5 4.84476E-5 5.29713E-5 5.97449E-5 1.35501E-3 7.60583E-4 4.96139E-5 1.61655E-4 8.31772E-5 7.73556E-5 6.29938E-5 6.0951E-5 8.27409E-5
2.53366E-6 6.90043E-6 1.61282E-5 6.26204E-6 9.57959E-6 8.10336E-6 9.41768E-6 3.47029E-6 4.5223E-6 1.45597E-5 9.3834E-6 6.80142E-6 8.17181E-6 1.47245E-5 3.94278E-6 6.86003E-6 5.94701E-6 6.5363E-6 3.9726E-6 5.18203E-6 7.62815E-6 2.39491E-6 9.42544E-6 7.35872E-6 1.38474E-5 3.3651E-5 3.9393E-5 1.48837E-4 8.58131E-5 9.41787E-5 9.59549E-5 7.50028E-5 8.26027E-5 9.19052E-5 7.52682E-4 1.03304E-4 1.22157E-4 5.75068E-5 6.47263E-4 2.99464E-5 5.20228E-5 3.46111E-5 6.85827E-5 4.33539E-5 5.76024E-5 4.14305E-5 4.56504E-5 3.49085E-5 5.0404E-5 3.07032E-5 3.05762E-5 2.09851E-5 3.95158E-5 5.50281E-5 6.00739E-4 1.08712E-4 4.63193E-5 6.75199E-5 1.23497E-3 1.81911E-4 1.52927E-4 1.03148E-4 6.24605E-5 8.30864E-5 1.29901E-4
