catData/rasterBestHybridModels/Prubiginosus/RD_RM2_L/Prubiginosus_median.asc
ncols         409
nrows         350
xllcorner     60.897278365
yllcorner     5.843756025
cellsize      0.0892857
NODATA_value  -9999
[rows 87 to 115 of 350, columns 195 to 259 of 409]
2.22109E-5 1.89925E-5 2.7059E-5 1.09582E-5 2.27205E-6 2.1217E-6 1.49105E-5 7.06982E-6 1.3057E-5 1.73979E-5 3.64585E-5 2.73898E-5 3.75395E-5 3.84718E-5 4.09801E-5 2.54969E-5 4.90755E-5 9.74873E-5 4.34527E-5 9.70643E-5 9.56499E-5 2.85286E-5 4.20362E-5 4.28545E-5 4.88183E-5 4.92375E-5 4.63612E-5 2.7606E-5 2.65616E-5 4.15216E-5 4.45973E-5 4.45877E-5 2.79849E-5 1.65736E-5 1.95688E-5 2.10389E-5 3.71793E-5 3.77472E-5 2.71418E-5 3.95549E-5 3.84161E-5 3.54362E-5 3.83248E-5 3.77178E-5 3.86278E-5 4.45598E-5 2.36775E-5 3.98962E-6 3.63912E-6 3.99693E-6 2.99127E-6 3.28921E-6 4.31172E-6 7.49921E-6 7.80876E-6 8.97728E-6 5.91072E-6 2.80328E-6 -9999 -9999 1.67022E-6 2.92022E-6 7.11547E-6 2.23498E-5 2.40033E-5
4.98651E-6 8.3154E-6 1.30339E-5 1.92776E-5 3.30577E-6 5.83553E-7 1.32122E-6 5.53555E-6 2.88034E-6 2.10168E-6 1.01734E-5 3.52065E-5 2.14734E-5 8.47658E-6 2.31079E-5 3.96535E-5 4.21519E-5 4.32306E-5 4.30656E-5 7.82573E-5 3.92747E-5 2.53692E-5 3.73905E-5 8.81154E-5 7.24727E-5 7.47746E-5 5.26932E-5 5.25767E-5 4.23482E-5 4.20932E-5 4.39137E-5 4.66563E-5 3.91997E-5 3.89676E-5 4.25853E-5 2.26265E-5 2.24577E-5 2.17502E-5 2.76908E-5 3.9078E-5 3.79082E-5 3.74965E-5 3.78222E-5 2.54447E-5 3.34216E-5 4.34737E-5 3.37242E-5 9.04317E-6 5.68255E-6 3.1971E-6 6.09504E-6 8.41355E-6 8.15448E-6 6.74565E-6 7.12576E-6 7.65346E-6 6.07105E-6 3.20956E-6 3.35075E-6 2.43004E-6 1.99457E-6 3.54979E-6 1.87635E-5 3.27699E-5 1.91781E-5
7.13359E-6 2.43068E-6 3.02583E-6 2.61306E-5 6.23857E-6 1.68131E-6 2.73653E-6 3.9134E-6 2.06133E-6 3.38775E-6 5.90944E-6 9.40853E-6 3.61584E-5 1.67754E-5 3.40199E-5 3.76687E-5 3.91893E-5 3.90156E-5 3.84541E-5 3.71578E-5 3.29098E-5 6.30649E-5 2.20547E-5 8.54831E-5 4.38955E-5 4.56379E-5 9.66393E-5 9.84584E-5 3.93664E-5 3.95002E-5 4.27236E-5 2.81306E-5 2.75725E-5 4.6529E-5 4.10133E-5 4.27855E-5 3.08698E-5 2.20666E-5 2.29085E-5 2.58785E-5 4.17593E-5 3.17371E-5 2.43901E-5 1.8244E-5 2.66978E-5 2.99923E-5 3.29451E-5 3.38452E-5 2.66519E-5 1.57324E-5 1.58313E-5 2.1654E-5 8.14208E-6 5.01807E-6 8.79605E-6 5.40954E-6 7.40618E-6 7.30845E-6 4.86791E-6 3.17505E-6 2.11716E-6 5.82575E-6 2.96998E-5 3.41167E-5 1.71249E-5
7.91486E-6 4.6877E-6 7.2363E-6 5.02113E-6 1.11073E-5 2.20664E-5 6.50405E-6 2.20825E-6 7.34099E-6 1.79113E-6 2.79137E-6 4.04151E-6 1.32178E-5 6.91289E-6 1.52638E-5 6.2022E-6 1.61398E-5 1.49983E-5 7.39525E-6 2.07063E-5 9.74155E-6 2.13569E-5 3.31732E-5 3.29473E-5 6.23654E-5 6.30315E-5 6.57559E-5 3.57842E-5 4.34248E-5 4.43994E-5 4.26867E-5 2.78183E-5 2.75003E-5 4.2825E-5 2.1382E-5 4.51549E-5 2.86755E-5 2.7645E-5 1.89635E-5 2.18175E-5 2.05456E-5 2.56298E-5 2.6037E-5 2.59703E-5 3.76563E-5 2.97984E-5 2.63937E-5 3.06327E-5 2.11472E-5 2.88843E-5 2.4098E-5 3.08907E-5 1.24094E-5 1.38989E-5 1.01814E-5 6.22641E-6 9.43559E-6 6.81183E-6 4.92365E-6 4.05074E-6 4.90697E-6 1.32334E-5 3.63615E-5 2.88714E-5 1.12215E-5
2.07321E-6 2.7701E-6 3.37527E-6 1.57407E-6 6.31857E-6 2.93442E-5 1.19823E-5 9.64616E-6 6.01454E-6 1.79323E-6 2.02292E-6 5.73828E-6 4.24167E-6 4.17755E-6 2.38073E-5 9.40918E-6 2.77469E-6 6.70576E-6 3.11794E-6 1.68475E-5 1.84423E-5 1.09768E-5 9.08469E-6 1.63159E-5 1.33008E-5 3.25419E-5 6.50357E-5 9.16144E-5 9.23808E-5 4.31963E-5 4.12122E-5 4.16816E-5 4.23682E-5 4.27568E-5 4.24094E-5 4.29035E-5 4.583E-5 3.30022E-5 2.73119E-5 2.00703E-5 1.74351E-5 1.5785E-5 1.90455E-5 3.46972E-5 3.533E-5 2.47125E-5 2.73326E-5 2.41404E-5 2.07121E-5 1.74732E-5 1.99524E-5 2.28092E-5 2.53818E-5 1.99906E-5 1.70052E-5 1.40099E-5 1.50869E-5 4.28176E-6 4.00962E-6 7.01298E-6 1.44394E-5 3.0354E-5 2.26807E-5 1.16406E-5 5.2436E-6
1.61231E-6 6.12917E-6 1.21668E-5 6.77582E-6 1.22022E-5 2.49084E-5 2.72959E-5 2.25363E-5 1.2528E-5 9.19033E-6 1.60938E-6 2.94547E-6 2.33826E-6 6.90567E-7 5.84754E-7 5.72713E-6 3.24674E-6 3.66234E-6 2.91676E-5 2.01651E-5 3.28046E-5 2.03479E-5 1.43894E-5 6.69661E-6 5.93211E-6 6.67707E-6 2.46337E-5 3.94479E-5 6.75076E-5 3.27809E-5 3.20627E-5 2.35113E-5 2.59723E-5 3.43982E-5 3.37933E-5 4.40124E-5 4.38391E-5 3.98994E-5 4.63422E-5 4.846E-5 2.92929E-5 2.20552E-5 2.21805E-5 2.6692E-5 2.15056E-5 2.09765E-5 2.47363E-5 2.21615E-5 2.0335E-5 2.21099E-5 2.41498E-5 2.29817E-5 1.55685E-5 8.0085E-6 6.80374E-6 1.14535E-5 9.04637E-6 3.11568E-6 2.51053E-6 4.11827E-6 1.70406E-5 2.13655E-5 1.42022E-5 6.31274E-6 3.62025E-6
1.80611E-6 1.81193E-6 1.38152E-5 1.73458E-5 2.6816E-5 1.68493E-5 1.94833E-5 1.60485E-5 2.54578E-5 1.01101E-5 8.78699E-7 8.25776E-7 1.14421E-6 8.79716E-7 4.51331E-7 8.54629E-7 1.51744E-6 2.40496E-6 1.39956E-5 3.93439E-5 1.94667E-5 1.47988E-5 8.69165E-6 5.86945E-6 8.43939E-6 1.92458E-6 5.9446E-6 7.48692E-6 1.27649E-5 7.65874E-6 2.23893E-5 3.16396E-5 1.47507E-5 1.33373E-5 1.5779E-5 4.4218E-5 4.36604E-5 4.49088E-5 4.28996E-5 4.14545E-5 4.11876E-5 4.39281E-5 2.15199E-5 3.03336E-5 3.14815E-5 2.88397E-5 2.23947E-5 1.78445E-5 3.50745E-5 2.21773E-5 2.04792E-5 2.22328E-5 1.93275E-5 6.38793E-6 3.04549E-6 2.52645E-6 3.77065E-6 4.12406E-6 3.11172E-6 1.49608E-5 1.66569E-5 6.78324E-6 6.22051E-6 5.48945E-6 3.59735E-6
3.66154E-6 3.61582E-6 8.23793E-6 2.05665E-5 5.94346E-6 8.38009E-6 1.19396E-5 3.18601E-5 1.61859E-5 7.20628E-6 2.98196E-6 3.37011E-6 1.54617E-6 1.41239E-6 6.94439E-7 6.9621E-7 3.40382E-6 1.17328E-6 2.48809E-5 1.26445E-5 1.33512E-5 1.14184E-5 9.8397E-6 1.04825E-5 7.27965E-6 4.27306E-6 4.7803E-6 6.07689E-6 1.01699E-5 3.4307E-6 2.27995E-6 1.29427E-5 3.19006E-5 3.90517E-5 3.23208E-5 4.28177E-5 4.44901E-5 3.52321E-5 4.30697E-5 3.25779E-5 4.47475E-5 4.43878E-5 4.13836E-5 3.52811E-5 2.08681E-5 3.01171E-5 2.95125E-5 2.67316E-5 2.56197E-5 1.12892E-5 1.374E-5 1.50253E-5 1.77882E-5 1.47717E-5 1.00729E-5 7.25619E-6 1.07937E-5 1.14713E-5 9.25388E-6 2.07747E-5 7.73825E-6 3.17239E-6 2.1045E-6 5.25267E-6 8.50828E-6
8.52003E-6 1.6054E-6 1.41498E-5 1.38134E-5 1.45137E-6 2.02087E-6 1.68192E-6 2.51675E-6 5.42905E-6 4.36871E-6 2.10084E-6 2.085E-6 1.05194E-6 1.05552E-6 1.60665E-6 1.43211E-6 4.20965E-6 1.54364E-6 1.53896E-5 3.29263E-6 5.64261E-6 1.27244E-5 2.05727E-5 1.79558E-6 6.46617E-6 2.73092E-5 8.38819E-6 2.66055E-6 1.18331E-5 9.23756E-6 2.13562E-6 7.93437E-6 4.77547E-6 3.93146E-5 4.06141E-5 4.08453E-5 2.3665E-5 1.80988E-5 4.37046E-5 4.61121E-5 4.12667E-5 3.41228E-5 4.46506E-5 4.55565E-5 4.58928E-5 2.10544E-5 2.08255E-5 2.6976E-5 2.58963E-5 2.45033E-5 4.10067E-5 1.68614E-5 1.79405E-5 1.90626E-5 1.9323E-5 1.25628E-5 1.61797E-5 1.60214E-5 3.17822E-5 1.80331E-5 7.76402E-6 1.64528E-6 2.15962E-6 2.93049E-6 3.67653E-6
6.21705E-6 8.17653E-6 6.33536E-6 1.97587E-6 1.80344E-6 6.06096E-6 2.23602E-6 3.49439E-6 5.75846E-6 1.42125E-5 1.11648E-5 1.55034E-6 5.86825E-7 6.47589E-7 4.4688E-7 6.5515E-7 4.40361E-6 1.09602E-6 3.93478E-6 8.15212E-6 7.99447E-6 1.1981E-5 1.89689E-5 5.53844E-6 1.72617E-6 3.89609E-6 3.45646E-5 1.84666E-5 1.31677E-5 5.24751E-6 3.09799E-6 5.70482E-6 8.78652E-6 1.30855E-5 2.37641E-5 3.19461E-5 3.95656E-5 4.01498E-5 2.65196E-5 2.51192E-5 4.30983E-5 4.3906E-5 4.11298E-5 4.42016E-5 4.48871E-5 4.64705E-5 4.61068E-5 2.06475E-5 1.74276E-5 2.29682E-5 4.13201E-5 4.32939E-5 4.11988E-5 3.88311E-5 2.2473E-5 2.09361E-5 1.94404E-5 1.78331E-5 2.10768E-5 2.06133E-5 3.67164E-5 6.57177E-6 6.89911E-6 5.56346E-6 7.12287E-6
5.67707E-6 5.54278E-6 7.98317E-6 3.80563E-6 1.72091E-6 2.96836E-6 2.34008E-6 6.85232E-6 7.46162E-6 4.36212E-6 7.36235E-6 5.98576E-6 5.37195E-6 2.12744E-6 4.69354E-7 6.87138E-7 2.47369E-6 8.02041E-7 5.9536E-6 6.13095E-6 5.82833E-6 7.80066E-6 7.0848E-6 3.78498E-5 1.51032E-5 4.30973E-6 4.98889E-6 3.90372E-5 1.64216E-5 2.48241E-6 1.03524E-5 1.35351E-5 1.20234E-5 6.08022E-6 1.47782E-5 2.19425E-5 2.27154E-5 3.22939E-5 3.97732E-5 2.6779E-5 4.08424E-5 4.47432E-5 4.30561E-5 4.17226E-5 4.75198E-5 3.68218E-5 4.52602E-5 4.49117E-5 1.96912E-5 2.25324E-5 1.61032E-5 2.88162E-5 4.42253E-5 4.35615E-5 4.36029E-5 4.39292E-5 2.54027E-5 1.99495E-5 1.58372E-5 2.66502E-5 2.49049E-5 3.93781E-5 2.60263E-5 1.54802E-5 1.28841E-5
6.50247E-6 2.32324E-6 6.0117E-6 1.37692E-5 1.16968E-5 8.10009E-6 1.05948E-5 1.68745E-5 1.89046E-5 4.4659E-6 1.18803E-6 7.58594E-6 5.51027E-6 2.40588E-6 1.75893E-6 8.68389E-7 2.64099E-6 8.07376E-7 9.86696E-7 7.45554E-7 8.54265E-7 5.86453E-6 1.88097E-6 2.98375E-5 7.16722E-6 3.67909E-6 8.86806E-6 2.19436E-6 3.06306E-6 2.14134E-6 4.82408E-6 1.4524E-5 1.37082E-5 2.83621E-6 4.6152E-6 1.06187E-5 1.52289E-5 2.25307E-5 3.21053E-5 3.10278E-5 3.90145E-5 3.96828E-5 4.13624E-5 4.48984E-5 4.50267E-5 4.08887E-5 4.07339E-5 2.45996E-5 3.84297E-5 3.63557E-5 3.83055E-5 2.05126E-5 2.05126E-5 4.56244E-5 4.32402E-5 2.97454E-5 3.75404E-5 3.76433E-5 3.63004E-5 2.5983E-5 2.75912E-5 3.64319E-5 3.922E-5 3.5051E-5 4.3276E-5
4.25461E-6 9.69466E-6 2.25822E-6 3.04736E-6 2.51987E-6 5.01181E-6 1.27699E-5 5.8521E-6 5.49546E-6 5.76781E-6 3.05616E-6 3.19085E-6 3.17773E-6 3.77707E-6 1.41306E-6 1.7736E-6 1.03681E-6 6.29097E-7 4.20611E-7 4.85297E-7 1.51053E-6 9.52669E-7 2.86857E-6 4.98177E-6 7.90931E-6 2.36594E-6 2.53139E-6 7.97996E-6 1.05329E-6 1.56563E-6 3.09486E-6 1.21128E-5 9.40221E-6 6.96413E-6 2.07E-6 3.04614E-6 1.19633E-6 2.27383E-6 3.10535E-5 2.25403E-5 1.98247E-5 2.16049E-5 3.97533E-5 4.0386E-5 3.96632E-5 3.83645E-5 4.09205E-5 3.89349E-5 2.40821E-5 3.60882E-5 3.88989E-5 3.77126E-5 3.7184E-5 2.35077E-5 3.48821E-5 3.58262E-5 3.78057E-5 3.89489E-5 3.87963E-5 3.65049E-5 3.79752E-5 2.28251E-5 3.72123E-5 1.6381E-5 3.33966E-5
1.14063E-5 2.10084E-5 4.11535E-6 9.42133E-6 5.7506E-6 1.20177E-5 4.01533E-6 3.72389E-6 2.12203E-6 4.40727E-6 6.96383E-6 9.18414E-7 1.03393E-6 3.20104E-6 2.27689E-6 3.97776E-6 9.06522E-7 5.46754E-7 5.67473E-7 6.9076E-7 5.59265E-6 2.84519E-6 2.10931E-6 7.482E-7 6.39969E-6 1.05337E-6 3.72177E-6 3.64098E-6 7.77222E-6 1.71711E-6 8.32839E-7 1.2669E-5 1.93992E-6 5.33296E-6 1.50332E-6 6.4831E-6 8.19915E-6 6.66851E-6 2.38127E-5 2.64324E-5 3.15933E-5 2.18781E-5 1.87216E-5 4.24716E-6 4.22578E-6 9.9186E-6 2.8375E-5 3.74567E-5 3.61821E-5 2.60457E-5 3.0326E-5 3.56346E-5 5.72884E-5 3.56382E-5 3.60271E-5 3.67884E-5 3.85617E-5 6.48505E-5 5.99587E-5 3.63316E-5 2.20745E-5 3.61386E-5 3.99403E-5 8.62965E-5 3.56262E-5
2.36047E-5 4.66941E-6 3.7361E-6 9.64287E-6 5.14251E-6 6.84185E-6 9.14109E-6 6.96787E-6 3.63935E-6 7.79363E-6 3.09464E-6 1.86543E-6 1.3359E-6 5.51139E-6 2.87082E-6 2.61074E-6 2.63611E-6 8.96043E-7 2.37385E-6 8.82414E-7 8.61921E-7 1.11526E-6 1.77125E-6 7.49998E-7 8.93715E-7 4.90739E-7 7.70192E-7 1.98717E-6 7.90034E-7 3.69203E-6 2.69328E-6 3.17341E-6 6.18258E-6 2.74706E-6 2.53257E-6 6.02397E-6 4.68625E-6 6.53232E-6 6.91126E-6 1.73394E-5 1.44945E-5 3.17501E-5 2.57252E-5 1.96207E-5 2.361E-6 1.30539E-6 2.93963E-6 2.69354E-5 2.40313E-5 3.55821E-5 3.47629E-5 2.37808E-5 2.33566E-5 3.51631E-5 3.71303E-5 7.2653E-5 3.61336E-5 3.06263E-5 3.78434E-5 7.39612E-5 5.72584E-5 7.50305E-5 6.42271E-5 2.85782E-5 7.24599E-5
1.06749E-5 2.73943E-6 1.94375E-6 4.22265E-6 1.25297E-5 1.22725E-5 9.97641E-6 1.12849E-5 6.10503E-6 6.79482E-6 5.06242E-6 2.61656E-6 1.53307E-6 2.59761E-6 1.45386E-6 7.92519E-6 3.71041E-6 5.6384E-6 9.17337E-6 7.69401E-7 1.10949E-6 1.82339E-6 8.65967E-7 1.54287E-6 7.60575E-7 7.59041E-7 7.38874E-7 1.50087E-6 1.21977E-6 1.46853E-6 3.45976E-6 7.72952E-7 6.41981E-6 1.45777E-6 2.653E-6 2.12714E-6 1.17989E-6 2.4976E-6 4.31855E-6 1.40131E-5 2.34227E-5 2.30887E-5 3.24555E-5 2.38975E-5 3.0201E-5 2.92771E-5 1.79299E-5 1.9372E-5 2.0962E-5 2.963E-5 2.59717E-5 2.83827E-5 3.6338E-5 2.33749E-5 2.32355E-5 3.60936E-5 7.34564E-5 7.49142E-5 3.32626E-5 3.92881E-5 3.65886E-5 7.73106E-5 6.81628E-5 8.86194E-5 7.75962E-5
4.94711E-6 1.87573E-6 1.76143E-6 5.58469E-6 7.75662E-6 4.61282E-6 3.87872E-6 1.11914E-5 1.23726E-5 1.05576E-5 6.79281E-6 5.13561E-6 2.18559E-6 3.2803E-6 1.52044E-6 6.38257E-6 6.40378E-6 3.94372E-6 1.13203E-5 1.24852E-6 5.88E-7 9.76697E-7 1.62194E-6 4.09077E-6 1.73261E-6 5.25582E-7 8.3765E-7 9.12246E-7 1.38268E-6 2.36099E-6 9.00742E-6 1.60665E-6 1.71896E-6 9.16785E-6 6.07895E-6 5.05088E-6 1.79814E-6 1.16508E-6 3.65465E-6 1.88567E-6 2.59851E-6 3.62881E-6 1.48381E-5 2.28679E-5 2.16029E-5 1.25571E-5 1.17475E-5 6.93269E-6 7.79499E-6 2.13199E-5 3.16587E-5 2.1798E-5 3.80153E-5 3.67001E-5 3.65752E-5 3.60279E-5 3.658E-5 3.63698E-5 6.91164E-5 4.62458E-5 7.64052E-5 5.9537E-5 4.56385E-5 3.77118E-5 5.64906E-5
7.06217E-6 5.36883E-6 2.98703E-6 5.39845E-6 4.19279E-6 8.87784E-6 1.00738E-5 6.54838E-6 9.25783E-6 8.49505E-6 1.30783E-5 2.36517E-6 1.38708E-6 3.51227E-6 2.83823E-6 2.88985E-6 6.15508E-6 4.42033E-6 1.01741E-6 8.80663E-6 2.96062E-6 3.65825E-6 1.8486E-5 1.218E-5 1.55904E-6 6.38031E-7 6.33589E-7 9.48638E-7 2.2942E-6 2.26952E-6 3.81651E-6 3.38586E-6 6.82327E-6 2.40046E-5 2.51187E-6 1.2147E-6 1.28457E-6 1.38834E-6 1.55296E-6 1.42833E-6 2.46461E-6 8.62852E-7 1.63905E-6 1.30058E-5 1.87021E-5 2.1166E-5 2.0293E-5 8.856E-6 1.57793E-5 2.73105E-5 1.92783E-5 2.26837E-5 3.20325E-5 3.23698E-5 3.28217E-5 4.05518E-5 3.16265E-5 3.92043E-5 4.0673E-5 3.81342E-5 3.79765E-5 6.33495E-5 8.83288E-5 8.85163E-5 4.46413E-5
8.46309E-6 1.10301E-5 1.27544E-5 8.37367E-6 4.64138E-6 7.55796E-6 1.35378E-5 7.12676E-6 1.15351E-5 5.70581E-6 1.25214E-5 8.58623E-6 3.81597E-6 7.65507E-6 6.43361E-6 7.96726E-6 6.05998E-6 7.39706E-6 5.03124E-6 3.50029E-6 1.51109E-6 3.16178E-6 7.21387E-6 6.61193E-6 1.7694E-6 9.69016E-7 8.13329E-7 1.19686E-6 1.4873E-6 3.06164E-6 6.31611E-7 5.01488E-7 1.81951E-6 1.14482E-5 3.89243E-6 1.80588E-6 3.73594E-6 1.51305E-6 6.9195E-7 3.77173E-6 1.53576E-6 7.68254E-7 5.91487E-7 2.23947E-6 2.93526E-6 8.44926E-6 1.52379E-5 1.26532E-5 1.79686E-5 2.96056E-5 2.65147E-6 1.61831E-5 9.31936E-6 1.21287E-5 3.37082E-6 2.19733E-5 2.1491E-6 8.0109E-6 3.27279E-5 3.27254E-5 4.22514E-5 4.59685E-5 3.83446E-5 2.75775E-5 3.87671E-5
4.85491E-6 4.27743E-6 1.25409E-5 1.22523E-5 6.32359E-6 8.3463E-6 1.2259E-5 1.2185E-5 7.00274E-6 1.06923E-5 9.48997E-6 1.12171E-5 1.12482E-5 8.43556E-6 1.74024E-6 8.14873E-6 1.50328E-5 8.76197E-6 6.1088E-6 4.49838E-6 6.74121E-6 8.1575E-6 5.94326E-6 1.1041E-5 3.24177E-6 1.84672E-6 5.93783E-6 6.47979E-6 1.83424E-6 1.06164E-6 5.13788E-7 4.97457E-7 7.81762E-7 7.07269E-6 6.00232E-6 1.89E-6 6.68333E-6 1.56738E-5 5.10102E-6 5.14571E-6 2.31833E-6 1.16528E-6 2.33114E-6 2.13986E-6 1.51975E-6 1.26121E-6 1.2117E-6 8.8971E-7 1.16738E-6 4.40176E-6 1.50513E-6 2.16325E-6 4.85491E-6 2.86169E-6 1.14622E-6 2.12853E-6 1.07873E-6 1.45061E-6 5.68348E-6 8.37586E-6 6.5171E-6 3.60797E-5 3.83581E-5 3.25871E-5 3.02318E-5
4.9581E-6 5.39464E-6 1.14724E-5 4.59846E-6 1.63011E-5 8.41258E-6 1.25685E-5 6.62317E-6 1.31993E-5 7.16992E-6 1.12333E-5 1.07965E-5 3.2554E-6 1.00193E-5 7.15258E-6 6.07486E-6 8.80268E-6 4.06115E-6 4.20284E-6 4.51489E-6 5.09819E-6 1.25077E-6 5.01572E-6 1.46529E-5 2.56102E-6 1.98932E-6 7.01768E-6 1.27867E-5 4.1518E-6 1.3473E-6 1.19453E-6 7.6215E-7 7.79731E-7 3.02356E-6 4.85109E-6 2.06201E-6 3.98983E-6 4.00555E-6 1.49641E-5 9.28274E-6 2.74198E-6 1.58985E-6 6.08488E-6 5.40127E-6 1.40454E-6 1.41958E-6 1.07861E-6 1.10419E-6 8.73483E-7 9.1367E-7 1.41478E-6 2.9641E-6 1.80225E-5 1.31719E-5 1.58754E-5 1.14325E-5 1.29867E-6 1.41369E-6 5.96404E-6 2.73691E-6 4.0892E-6 8.34281E-6 1.70636E-5 2.41131E-5 3.04173E-5
4.62195E-6 6.863E-6 9.76347E-6 1.04316E-5 1.70487E-5 1.42693E-5 7.66022E-6 1.26787E-5 5.76893E-6 7.16626E-6 1.3429E-5 1.68708E-5 1.09077E-5 5.06651E-6 1.0866E-5 7.68266E-6 5.69234E-6 1.28685E-5 4.11225E-6 3.27871E-6 7.87302E-6 4.87885E-6 6.16298E-6 1.46346E-5 4.4011E-6 3.25579E-6 5.3363E-6 7.89191E-6 8.0813E-6 3.44077E-6 1.63885E-6 8.98075E-7 6.60804E-7 2.07004E-6 1.71456E-5 4.8482E-6 9.56174E-6 3.51026E-6 6.65709E-6 1.17664E-5 5.75911E-6 6.90084E-7 1.185E-6 2.34459E-6 2.0422E-6 4.79913E-6 3.95115E-6 4.43402E-6 2.66313E-6 5.41367E-6 2.89641E-6 1.55993E-6 1.10122E-6 1.50334E-6 1.04051E-6 3.94247E-6 7.97239E-7 3.12192E-6 3.10046E-6 1.5595E-6 3.36208E-6 1.87368E-6 1.34798E-5 2.28125E-5 3.35693E-5
1.99945E-6 2.81089E-6 1.11055E-5 8.02869E-6 1.36152E-5 6.3249E-6 1.41728E-5 1.67421E-5 1.47977E-5 9.60474E-6 1.13427E-5 7.94596E-6 1.57998E-5 1.39738E-5 1.3668E-5 9.41645E-6 1.79987E-6 3.58553E-6 8.95709E-6 4.16462E-6 4.55683E-6 3.89414E-6 9.39153E-6 5.99451E-6 1.4334E-5 1.25461E-5 5.17967E-6 9.80547E-6 7.4628E-6 6.29101E-6 3.05795E-6 2.08106E-6 1.81394E-6 1.51769E-6 3.1501E-6 1.32825E-5 2.29998E-5 4.03523E-6 2.30413E-6 4.9851E-6 3.17787E-6 2.4401E-6 1.65489E-6 7.69083E-7 1.63294E-6 1.44243E-6 2.78406E-6 2.04406E-6 1.22476E-6 1.30112E-6 2.97055E-6 6.36218E-6 1.30857E-6 2.31249E-6 1.59789E-6 9.26194E-7 1.33855E-6 1.4166E-6 1.04187E-5 1.26621E-5 2.53501E-6 5.14752E-6 1.10798E-5 1.34206E-6 6.64794E-6
6.96615E-6 1.90269E-6 3.28699E-6 9.71047E-6 8.8589E-6 2.20356E-5 1.1457E-5 8.82162E-6 8.88175E-6 9.63667E-6 3.69343E-6 8.79245E-6 1.50988E-5 1.27675E-5 1.10457E-5 1.59376E-5 8.46193E-6 1.52413E-6 6.53413E-6 3.89872E-6 4.53645E-6 4.39775E-6 8.54358E-6 4.34631E-6 6.08801E-6 4.97192E-6 7.4948E-6 1.36954E-5 8.50945E-6 9.99667E-6 3.1079E-6 2.99574E-6 1.35094E-6 1.83089E-6 4.50072E-6 4.24216E-6 4.90655E-6 5.36503E-6 2.25474E-6 1.92804E-6 8.87447E-6 1.42925E-6 2.34889E-6 8.20226E-6 2.17957E-6 7.67375E-6 2.64256E-6 3.48982E-6 1.86119E-6 1.22876E-6 1.61797E-6 6.98353E-6 5.60052E-6 4.32328E-6 2.0842E-6 1.49608E-6 1.50712E-6 3.33418E-6 1.46134E-5 1.11522E-5 2.5936E-6 4.76825E-6 5.67578E-6 4.72125E-6 1.28803E-6
1.36388E-5 8.10572E-6 4.30045E-6 1.05247E-5 1.57367E-5 1.02597E-5 1.33389E-5 1.31278E-5 1.59993E-5 1.51952E-5 1.24993E-5 7.1057E-6 1.06404E-5 1.30001E-5 1.44909E-5 1.90246E-5 1.60684E-5 8.09776E-6 8.22745E-6 7.29452E-6 3.10271E-6 3.91854E-6 5.80159E-6 6.62269E-6 4.1257E-6 8.94531E-6 5.85783E-6 7.02242E-6 5.36436E-6 2.36074E-6 2.39743E-6 1.5754E-6 2.05117E-6 1.63473E-6 2.72803E-6 1.23692E-5 2.08978E-6 5.96011E-6 4.05178E-6 1.81072E-6 4.14993E-6 3.24066E-6 1.735E-6 6.33238E-6 1.40903E-6 1.46009E-6 2.40346E-6 2.76983E-6 1.02827E-6 6.08654E-7 9.37011E-7 1.4465E-6 1.41638E-6 2.66888E-6 4.60418E-6 2.47756E-6 1.34125E-6 2.59927E-6 8.75064E-6 8.32637E-6 1.63644E-6 9.29121E-7 8.95302E-7 8.10505E-6 2.81531E-6
2.94966E-5 7.58721E-6 1.70502E-6 9.03158E-6 1.00078E-5 1.89585E-5 6.34924E-6 4.51601E-6 2.0425E-5 1.3481E-5 1.89256E-5 1.33042E-5 1.19692E-5 1.57839E-5 1.89089E-5 2.46525E-5 1.8369E-5 2.6938E-5 2.08115E-5 2.05106E-6 6.75989E-6 2.73346E-6 2.18243E-6 1.2144E-5 1.07466E-5 8.85734E-6 5.36186E-6 1.16313E-5 4.42428E-6 3.36803E-6 6.3599E-6 1.93791E-6 1.53376E-6 1.59185E-6 2.73477E-6 8.03995E-6 5.29192E-6 2.43475E-6 3.78088E-6 1.31063E-5 3.74815E-6 3.60772E-6 4.1351E-6 2.47086E-6 1.96698E-6 1.67706E-6 1.2668E-6 2.07122E-6 2.53792E-6 1.34152E-6 2.38945E-6 2.05153E-6 1.22459E-6 7.13541E-7 4.01714E-6 2.6764E-6 1.87016E-6 1.88887E-6 8.37752E-6 6.58296E-6 1.28846E-6 6.0872E-7 1.14964E-6 1.88801E-6 1.4829E-5
3.12294E-5 2.34653E-5 1.65858E-5 1.22708E-5 6.05311E-6 1.95894E-5 7.24129E-6 4.49435E-6 3.76326E-6 1.03494E-5 8.03332E-6 2.06893E-5 3.15206E-5 2.4943E-5 5.71166E-6 6.90961E-6 2.11998E-5 3.2127E-5 3.15434E-5 7.01695E-6 3.61161E-6 5.96729E-6 8.97182E-6 9.67262E-6 4.34639E-6 8.88054E-6 8.19999E-6 9.4976E-6 7.68097E-6 1.70192E-5 4.74926E-6 2.97709E-6 5.10795E-6 1.50516E-6 4.88346E-6 1.48155E-6 7.32633E-6 1.12982E-5 3.83529E-6 4.85832E-6 8.16412E-6 3.56557E-6 8.05483E-6 2.72665E-6 3.59716E-6 1.92223E-6 1.44176E-6 1.39756E-6 2.14238E-6 1.32587E-6 1.48255E-6 1.87398E-6 2.72149E-6 1.60035E-6 3.30376E-6 1.60172E-6 1.83641E-6 1.75674E-6 1.4444E-6 1.1891E-6 1.37488E-6 1.11257E-6 1.62047E-6 1.86756E-6 1.17326E-6
1.48309E-5 1.4328E-5 8.39521E-6 1.84774E-5 3.25341E-5 2.55829E-5 6.69967E-6 9.84719E-6 5.15694E-6 1.95356E-6 4.24104E-6 7.89241E-6 9.3369E-6 1.84011E-5 3.37245E-5 2.10086E-5 2.83459E-5 1.23573E-5 2.10707E-5 2.2754E-5 5.76114E-6 4.94261E-6 8.52335E-6 7.19474E-6 4.5288E-6 8.79963E-6 6.1488E-6 4.22931E-6 2.1827E-5 3.29586E-5 2.0081E-5 4.79124E-6 5.74706E-6 2.12002E-6 5.21284E-6 4.0306E-6 2.5768E-6 2.19082E-6 8.24239E-6 6.92687E-6 1.28129E-5 1.12748E-5 9.29104E-6 1.5529E-5 1.63421E-5 4.71208E-6 2.32588E-6 2.50621E-6 8.05457E-7 2.37174E-6 6.7858E-7 5.48287E-7 1.08142E-6 2.95405E-6 3.28596E-6 6.26175E-6 1.80409E-6 1.08258E-6 1.06647E-6 1.07904E-6 1.66993E-6 1.11016E-6 1.44108E-6 1.9357E-6 1.32067E-6
3.18805E-5 2.08264E-5 1.8871E-5 2.85E-5 3.47119E-5 2.1778E-5 1.97637E-5 1.32433E-5 6.31743E-6 4.32475E-6 3.8898E-6 8.46576E-6 1.59158E-5 2.67198E-5 1.1377E-5 1.44009E-5 2.01139E-5 2.11233E-5 1.67577E-5 1.64527E-5 1.37681E-5 2.20617E-6 6.61705E-6 1.56446E-5 7.23542E-6 1.30064E-5 5.97027E-6 1.37432E-5 2.92018E-5 2.19094E-5 6.42243E-6 2.78411E-6 1.26997E-5 3.32698E-6 1.92789E-6 2.73611E-6 8.08099E-6 1.36145E-6 1.64487E-6 4.55857E-6 6.20291E-6 8.16146E-6 1.09386E-5 2.225E-5 2.89132E-5 2.99525E-5 9.81542E-6 2.67333E-6 1.50031E-5 1.10665E-5 1.60964E-6 2.27268E-6 3.64924E-6 5.65512E-6 2.41695E-6 7.55732E-6 1.22527E-5 2.58871E-6 1.14157E-6 1.16995E-6 1.14986E-6 1.30066E-6 1.59584E-6 1.50127E-6 2.04136E-6
