catData/rasterBestHybridModels/Prubiginosus/RD_RM2_L/Prubiginosus_min.asc
ncols         409
nrows         350
xllcorner     60.897278365
yllcorner     5.843756025
cellsize      0.0892857
NODATA_value  -9999
[rows 232 to 260 of 350, columns 130 to 194 of 409]
-9999 -9999 -9999 -9999 -9999 -9999 -9999 -9999 -9999 -9999 3.41485E-5 6.12174E-5 1.22024E-4 1.11169E-5 1.16175E-4 1.60449E-4 2.00623E-4 2.5649E-4 1.41656E-5 1.21855E-4 3.00803E-4 6.39823E-4 2.77254E-4 2.05848E-4 1.71984E-4 1.61313E-4 1.95657E-4 4.37461E-4 3.95545E-4 4.20246E-4 7.36548E-4 4.18367E-4 3.23275E-5 2.86725E-4 2.76217E-4 1.51631E-4 1.18625E-4 1.36229E-4 1.46238E-4 1.2775E-4 1.08467E-4 1.56636E-4 1.00415E-4 1.20851E-4 1.08586E-4 9.58109E-5 1.42421E-4 1.20543E-4 1.29591E-4 1.26512E-4 1.61987E-4 1.58522E-4 1.61957E-4 1.74029E-4 1.3942E-4 9.54119E-5 9.43035E-5 1.13583E-4 1.25977E-4 8.51234E-5 7.90777E-5 9.65314E-5 6.60634E-5 1.02675E-4 1.33609E-4
-9999 -9999 -9999 -9999 -9999 -9999 -9999 -9999 -9999 -9999 4.27493E-5 3.10387E-5 2.21072E-4 6.0759E-5 7.50755E-6 1.31315E-4 2.06426E-4 1.24539E-3 1.39299E-4 9.88033E-5 6.1189E-4 1.88599E-3 9.04658E-4 4.16178E-4 1.33419E-4 1.6033E-4 2.49479E-4 4.03216E-4 1.34429E-4 1.44477E-4 2.07383E-4 1.75742E-4 7.47907E-5 1.02894E-4 1.35082E-4 1.21544E-4 1.57809E-4 2.76216E-4 1.40662E-4 1.47108E-4 1.50905E-4 1.53632E-4 1.41076E-4 1.03359E-4 9.84864E-5 1.54559E-4 1.61997E-4 2.05016E-4 1.46715E-4 1.19521E-4 1.68884E-4 8.65517E-5 1.24445E-4 4.92391E-4 3.38447E-4 1.74243E-4 8.49729E-5 1.35094E-4 1.38235E-4 5.79592E-5 4.59167E-5 1.13969E-4 1.19852E-4 1.48572E-4 1.40545E-4
-9999 -9999 -9999 -9999 -9999 -9999 -9999 -9999 -9999 -9999 -9999 9.71368E-5 1.5685E-4 2.50878E-4 1.26608E-4 1.45068E-4 8.85974E-4 5.52368E-4 5.45631E-4 4.10199E-4 4.04261E-4 3.31106E-4 4.17647E-4 3.90257E-4 1.10468E-4 1.18736E-4 2.3506E-4 1.19631E-4 9.5258E-5 9.42499E-5 1.03989E-4 1.2428E-4 1.33698E-4 1.01418E-4 1.61703E-4 1.24212E-4 2.74496E-4 2.19325E-4 1.38859E-4 1.40113E-4 1.45756E-4 1.11372E-4 1.38357E-4 1.6415E-4 1.18647E-4 1.91421E-4 1.89709E-4 1.68285E-4 1.97097E-4 1.24724E-4 5.2158E-7 1.25017E-5 1.20957E-5 9.00865E-6 2.30624E-4 1.90487E-4 1.58262E-4 1.93155E-4 3.14883E-4 1.59287E-4 1.2709E-4 2.00377E-4 1.36249E-4 1.37967E-4 1.4164E-4
-9999 -9999 -9999 -9999 -9999 -9999 -9999 -9999 -9999 -9999 -9999 3.42657E-5 4.4454E-5 2.44261E-4 1.96903E-4 2.21213E-4 1.27365E-4 7.37629E-4 8.41303E-4 1.95867E-4 1.30555E-4 1.60443E-4 3.66267E-4 1.66385E-4 9.15817E-4 2.92244E-4 1.04921E-4 1.29812E-4 1.38675E-4 1.4234E-4 1.42048E-4 1.40866E-4 1.0032E-4 1.03402E-4 1.43297E-4 1.37008E-4 1.5275E-4 1.41205E-4 1.74631E-4 1.72985E-4 1.49873E-4 1.67198E-4 1.06087E-4 1.27571E-4 1.76642E-4 2.20305E-4 1.96257E-4 1.0192E-4 1.70257E-5 3.10273E-7 2.44767E-7 5.61155E-6 2.20879E-4 2.95747E-4 3.73655E-4 2.18251E-4 2.00105E-4 3.29293E-4 3.69179E-4 2.14632E-4 1.84612E-4 1.20351E-4 1.2426E-4 1.4028E-4 3.30309E-4
-9999 -9999 -9999 -9999 -9999 -9999 -9999 -9999 -9999 -9999 -9999 1.23301E-4 7.82293E-5 6.39283E-5 2.73728E-4 1.80137E-4 1.80171E-4 9.0159E-4 1.61995E-3 5.55772E-4 6.7713E-5 3.52907E-4 1.39701E-4 2.69414E-4 4.37769E-4 1.64496E-4 2.20011E-4 2.34941E-4 1.17512E-4 1.29871E-4 1.22282E-4 1.16819E-4 8.16847E-5 1.27653E-4 1.54667E-4 1.51784E-4 7.81586E-5 1.05807E-4 1.826E-4 1.29417E-4 1.95207E-4 1.88202E-4 2.1151E-4 1.61706E-4 1.57908E-4 1.62387E-4 1.9977E-4 3.63845E-7 1.97527E-6 1.52309E-6 7.87738E-5 4.17172E-5 1.08019E-4 1.55326E-4 3.05481E-4 1.10943E-4 3.0635E-4 3.88308E-4 3.75073E-4 2.39841E-4 1.38604E-4 2.67388E-4 1.3353E-4 1.25521E-4 1.68371E-4
-9999 -9999 -9999 -9999 -9999 -9999 -9999 -9999 -9999 -9999 -9999 -9999 1.50534E-4 1.93671E-4 2.33743E-4 1.77059E-4 1.48062E-4 9.3655E-4 9.2691E-4 6.59764E-4 2.12193E-4 3.54192E-5 1.6458E-4 9.23589E-5 2.8138E-4 8.56366E-4 2.452E-4 2.28514E-4 1.08587E-4 2.28697E-5 9.14121E-5 1.17658E-4 2.73915E-5 7.19879E-5 8.24416E-5 9.62879E-5 1.46984E-4 9.45413E-5 7.43328E-5 1.56025E-4 2.52071E-4 2.03944E-4 1.69813E-4 1.67039E-4 1.55132E-4 1.59676E-4 1.0681E-5 1.24117E-6 4.7308E-6 8.29055E-5 2.02331E-4 1.53351E-4 8.90227E-5 3.50426E-4 3.15417E-4 3.9792E-4 2.85046E-4 1.07153E-4 1.53099E-4 1.33182E-4 1.39554E-4 8.02996E-5 4.1407E-5 7.07736E-5 2.88144E-5
-9999 -9999 -9999 -9999 -9999 -9999 -9999 -9999 -9999 -9999 -9999 -9999 -9999 1.46177E-4 3.25302E-4 2.66758E-4 1.55415E-4 1.75998E-4 3.15273E-4 4.94232E-4 2.94162E-4 3.75952E-5 8.33361E-5 3.20707E-4 8.088E-4 7.03221E-4 3.55199E-4 1.83584E-4 1.62644E-4 9.28501E-5 9.30046E-5 9.41401E-5 9.86883E-5 7.911E-5 6.03387E-5 1.35329E-4 1.59321E-4 6.17855E-5 8.64059E-5 2.04422E-4 9.17568E-5 2.11559E-4 2.14818E-4 1.56447E-4 1.69977E-4 9.87256E-5 7.13745E-8 3.45651E-7 2.50531E-6 9.86243E-5 1.74895E-4 1.38446E-4 1.87616E-4 2.35724E-4 9.68912E-5 4.56051E-5 1.16203E-4 1.7989E-4 1.60238E-4 2.85126E-4 7.49445E-4 1.15232E-4 9.9683E-5 2.12049E-4 1.08187E-3
-9999 -9999 -9999 -9999 -9999 -9999 -9999 -9999 -9999 -9999 -9999 -9999 -9999 1.72435E-4 1.44582E-4 2.69993E-4 2.12473E-4 1.90018E-4 1.20598E-4 5.00592E-4 3.94559E-4 3.58463E-4 1.41803E-4 1.82406E-4 4.6222E-4 3.99326E-4 3.98115E-4 2.76249E-4 1.6673E-4 9.10937E-5 5.76415E-5 3.32699E-5 1.41467E-4 1.13888E-4 1.32592E-4 1.68794E-4 1.58893E-4 1.54377E-4 1.67186E-4 1.92421E-4 1.37618E-4 4.05938E-4 2.43687E-4 2.91309E-4 1.59541E-4 1.46064E-4 5.0002E-8 1.52122E-7 4.83577E-6 2.64907E-5 2.57108E-4 3.90046E-5 1.4108E-4 1.03503E-4 1.03194E-4 1.0298E-4 1.46695E-4 9.85571E-5 1.69892E-4 1.77517E-4 2.59585E-4 2.02994E-4 2.98039E-4 4.28856E-4 3.81027E-4
-9999 -9999 -9999 -9999 -9999 -9999 -9999 -9999 -9999 -9999 -9999 -9999 -9999 -9999 1.67724E-4 9.29424E-5 2.99138E-4 1.85952E-4 1.29387E-4 1.73285E-4 7.81902E-5 2.24674E-4 5.38309E-5 2.85809E-5 1.34874E-4 7.35599E-5 4.17548E-4 6.39775E-4 3.07371E-4 1.252E-4 8.04347E-5 1.01806E-4 1.31758E-4 1.32363E-4 1.57697E-4 1.68831E-4 1.43427E-4 1.41377E-4 1.30364E-4 1.9347E-4 2.57333E-4 2.03908E-4 1.99934E-4 1.25431E-4 1.82976E-4 3.65252E-5 3.25718E-7 5.48351E-6 1.46432E-5 4.99633E-5 1.01334E-4 8.46227E-5 1.06731E-4 2.30389E-4 1.62663E-4 1.65475E-4 1.64811E-4 1.64288E-4 1.634E-4 1.47095E-4 2.43483E-4 3.06153E-4 1.58958E-4 3.60206E-4 1.9656E-4
-9999 -9999 -9999 -9999 -9999 -9999 -9999 -9999 -9999 -9999 -9999 -9999 -9999 -9999 1.22589E-4 1.1906E-4 1.55028E-4 1.9494E-4 1.28573E-4 2.73143E-4 2.52246E-4 1.32482E-4 5.12043E-4 3.53822E-4 1.34978E-4 6.30182E-4 2.85601E-4 2.82173E-4 1.00184E-3 1.29082E-4 1.32451E-4 2.24825E-4 4.04164E-4 1.1563E-4 1.45895E-4 1.16863E-4 1.55861E-4 1.43957E-4 1.45896E-4 2.57522E-4 2.4631E-4 3.50758E-4 1.55454E-4 1.90126E-5 1.11723E-4 1.3239E-7 4.18067E-7 1.65671E-5 1.72506E-5 3.24604E-5 9.5222E-5 2.05149E-4 1.71967E-4 2.08015E-4 1.65521E-4 1.734E-4 1.6796E-4 1.51369E-4 1.53099E-4 1.60169E-4 1.55047E-4 1.62725E-4 5.84581E-4 4.23043E-4 3.13747E-4
-9999 -9999 -9999 -9999 -9999 -9999 -9999 -9999 -9999 -9999 -9999 -9999 -9999 -9999 -9999 1.68918E-4 1.72361E-4 1.65124E-4 1.09806E-4 1.22949E-4 2.53679E-4 1.19058E-4 1.90094E-4 4.09026E-4 1.6796E-4 4.34152E-4 1.05241E-3 1.05171E-4 5.68115E-4 1.45261E-4 1.29158E-4 3.26979E-4 8.05188E-4 4.44359E-4 5.03858E-4 2.12848E-4 1.32891E-4 1.3446E-4 1.50432E-4 4.13579E-4 2.07857E-4 1.57589E-4 3.43086E-4 1.39744E-4 1.70054E-5 6.25501E-7 6.61081E-7 1.22019E-5 9.1373E-5 1.9792E-5 8.17793E-5 1.92281E-4 2.03539E-4 2.11329E-4 1.5853E-4 1.76139E-4 1.57932E-4 1.45993E-4 1.46339E-4 1.39647E-4 1.51195E-4 1.3649E-4 2.49528E-4 3.2942E-4 3.39925E-4
-9999 -9999 -9999 -9999 -9999 -9999 -9999 -9999 -9999 -9999 -9999 -9999 -9999 -9999 -9999 1.41133E-4 1.33326E-4 1.53134E-4 1.77455E-4 1.54714E-4 2.59804E-4 1.0692E-4 1.03036E-4 2.48935E-4 4.40926E-4 3.9885E-4 1.76436E-3 1.80267E-4 1.37076E-4 1.39948E-4 1.46662E-4 2.25384E-4 9.56533E-4 5.96782E-4 3.39497E-4 2.00786E-4 1.46919E-4 1.41072E-4 1.38375E-4 1.62851E-4 2.70978E-4 1.89637E-4 1.92106E-4 4.71868E-5 2.47598E-5 1.642E-4 7.14143E-6 3.04549E-5 4.20646E-5 1.56366E-4 4.69676E-5 1.31451E-4 2.24983E-4 2.0555E-4 1.53462E-4 3.25189E-4 1.8703E-4 1.32684E-4 1.41155E-4 1.40596E-4 2.22115E-4 4.66775E-4 3.75488E-4 3.88104E-4 2.7967E-4
-9999 -9999 -9999 -9999 -9999 -9999 -9999 -9999 -9999 -9999 -9999 -9999 -9999 -9999 -9999 -9999 1.71318E-4 1.22881E-4 1.4613E-4 1.15644E-4 1.11399E-4 1.53813E-4 1.03306E-4 1.20713E-4 5.86094E-4 4.76911E-4 1.21586E-3 2.52821E-4 1.35642E-4 1.60918E-4 1.50022E-4 4.08865E-4 5.37257E-4 4.86126E-4 6.99595E-4 7.9022E-4 3.14763E-4 1.5942E-4 2.01976E-4 1.87426E-4 1.60696E-4 1.34387E-4 9.57945E-5 9.73522E-5 9.01158E-5 9.32216E-5 2.85822E-5 6.12802E-5 1.03165E-4 1.3265E-4 1.02239E-4 6.90769E-5 1.75809E-4 2.12358E-4 1.50741E-4 1.4921E-4 1.53036E-4 1.51639E-4 1.43278E-4 1.67525E-4 8.67253E-4 3.29209E-4 3.15604E-4 2.8441E-4 1.29535E-4
-9999 -9999 -9999 -9999 -9999 -9999 -9999 -9999 -9999 -9999 -9999 -9999 -9999 -9999 -9999 -9999 1.65597E-4 1.36833E-4 1.43586E-4 9.20325E-5 1.12563E-4 2.523E-4 1.03811E-4 1.00758E-4 3.72914E-4 4.7582E-4 1.09403E-3 4.64708E-4 1.29376E-4 3.52778E-4 1.62541E-4 2.01439E-4 7.31264E-4 4.58165E-4 2.42651E-4 1.98368E-4 2.26167E-4 2.79006E-4 2.43027E-4 2.23819E-4 1.18603E-4 1.16644E-4 1.44897E-4 2.14655E-4 6.12262E-4 2.07316E-4 1.42908E-4 2.2291E-4 1.29872E-4 8.57676E-5 1.11272E-4 1.36686E-4 1.50727E-4 1.6606E-4 1.39296E-4 1.49132E-4 1.7681E-4 1.53439E-4 1.53843E-4 2.30316E-4 2.32236E-4 2.0149E-4 3.00531E-4 5.79038E-5 8.07114E-6
-9999 -9999 -9999 -9999 -9999 -9999 -9999 -9999 -9999 -9999 -9999 -9999 -9999 -9999 -9999 -9999 1.51774E-4 1.29933E-4 1.66369E-4 1.34516E-4 1.16005E-4 1.07291E-4 1.04509E-4 1.02706E-4 3.46941E-4 2.38403E-3 4.14958E-3 7.61715E-4 7.66214E-4 2.39853E-4 5.80622E-4 2.57388E-4 4.0713E-4 1.71124E-4 3.27389E-4 4.33563E-4 1.99532E-4 1.66311E-4 8.979E-5 1.3103E-4 1.85417E-4 9.68953E-5 1.46676E-4 1.67268E-4 3.05632E-4 3.14127E-4 1.89347E-4 3.15989E-4 1.76477E-4 1.50331E-4 1.71821E-4 1.35627E-4 2.02444E-4 1.95568E-4 1.58259E-4 1.50805E-4 1.69473E-4 2.27145E-4 1.71259E-4 5.08216E-4 5.30593E-4 2.33265E-4 4.09492E-4 4.05406E-4 1.54323E-4
-9999 -9999 -9999 -9999 -9999 -9999 -9999 -9999 -9999 -9999 -9999 -9999 -9999 -9999 -9999 -9999 -9999 2.59167E-4 1.48944E-4 1.21727E-4 1.26548E-4 2.62409E-4 1.56667E-4 1.06988E-4 1.14479E-4 3.56379E-4 1.70035E-3 1.18814E-3 5.46821E-4 5.07072E-4 8.60618E-4 1.10159E-3 3.99199E-4 1.7264E-4 1.17231E-4 3.05576E-4 3.66273E-4 1.93231E-4 1.48217E-4 3.44842E-4 1.75765E-4 1.55149E-4 7.1172E-5 1.96334E-4 2.17758E-4 4.40972E-4 3.15678E-4 1.64375E-4 2.07797E-4 1.42801E-4 1.74669E-4 2.48866E-4 1.92406E-4 1.58577E-4 1.53329E-4 2.09949E-4 1.67082E-4 3.60482E-4 5.30105E-4 3.59782E-4 5.05783E-4 3.0643E-4 3.72614E-4 6.27648E-4 1.08943E-3
-9999 -9999 -9999 -9999 -9999 -9999 -9999 -9999 -9999 -9999 -9999 -9999 -9999 -9999 -9999 -9999 -9999 -9999 1.82535E-4 1.60143E-4 1.76047E-4 1.40575E-4 1.14693E-4 1.60095E-4 1.11449E-4 2.51834E-4 2.50432E-4 6.7638E-4 2.8254E-4 2.07011E-4 6.73012E-4 9.08529E-4 6.3262E-4 4.24536E-4 1.72549E-4 2.19001E-4 3.22458E-4 1.74043E-4 1.6631E-4 1.60132E-4 1.79682E-4 1.83742E-4 2.41988E-4 1.69611E-4 1.6795E-4 1.82673E-4 1.38385E-4 1.44443E-4 1.87566E-4 1.32854E-4 8.40936E-5 1.04784E-4 1.65076E-4 2.48181E-4 3.10805E-4 4.39653E-4 6.95776E-4 6.12932E-4 4.99249E-4 1.83898E-4 2.86361E-4 3.40738E-4 3.74406E-4 2.15316E-4 3.339E-4
-9999 -9999 -9999 -9999 -9999 -9999 -9999 -9999 -9999 -9999 -9999 -9999 -9999 -9999 -9999 -9999 -9999 -9999 1.75326E-4 1.88746E-4 1.31973E-4 1.41352E-4 1.21704E-4 1.62907E-4 1.5783E-4 2.56751E-4 2.53142E-4 4.17131E-4 3.92714E-4 1.00081E-4 1.1425E-4 5.53988E-4 5.58942E-4 8.10527E-4 6.96025E-4 2.61275E-4 2.25724E-4 1.83867E-4 1.50367E-4 2.78598E-4 2.41553E-4 2.25127E-4 1.12079E-4 1.58393E-4 2.1591E-4 1.84729E-4 2.23446E-4 1.6339E-4 1.79493E-4 1.42392E-4 1.04721E-4 5.47641E-5 1.58274E-4 1.5795E-4 1.5599E-4 4.58628E-4 3.29948E-4 5.79007E-4 3.47851E-4 3.82311E-4 1.46651E-4 3.39011E-4 1.93519E-3 3.11511E-4 3.23454E-4
-9999 -9999 -9999 -9999 -9999 -9999 -9999 -9999 -9999 -9999 -9999 -9999 -9999 -9999 -9999 -9999 -9999 -9999 -9999 -9999 1.49135E-4 1.53745E-4 3.05125E-4 1.64483E-4 1.57743E-4 1.19611E-4 2.56637E-4 3.26987E-4 2.52589E-4 4.57746E-5 4.66235E-6 2.88933E-4 7.60774E-4 8.01475E-4 3.43054E-4 2.09888E-4 1.36196E-4 2.0001E-4 1.51748E-4 1.92293E-4 1.32124E-4 2.05464E-4 1.79222E-4 1.37256E-4 1.99721E-4 1.74576E-4 1.74916E-4 1.67801E-4 1.44729E-4 1.4906E-4 1.71484E-4 1.53112E-4 3.27092E-4 3.59887E-4 3.29585E-4 3.78205E-4 6.53784E-4 1.56265E-4 2.52625E-4 4.17352E-4 2.32692E-4 3.65436E-4 2.19935E-4 3.71946E-4 3.419E-4
-9999 -9999 -9999 -9999 -9999 -9999 -9999 -9999 -9999 -9999 -9999 -9999 -9999 -9999 -9999 -9999 -9999 -9999 -9999 -9999 1.89252E-4 2.67849E-4 1.5796E-4 9.96544E-5 9.60204E-5 1.58029E-4 2.55961E-4 2.29355E-4 3.13427E-4 2.49747E-4 7.86762E-6 2.89229E-5 1.02301E-4 8.51901E-4 2.9532E-4 2.01137E-4 1.11166E-4 1.05715E-4 1.6331E-4 1.82075E-4 1.85069E-4 1.56625E-4 1.69776E-4 2.68319E-4 2.47676E-4 1.704E-4 1.64315E-4 1.87273E-4 1.84185E-4 3.07937E-4 3.25213E-4 3.68178E-4 2.97859E-4 6.09191E-4 3.68614E-4 3.26711E-4 4.56838E-4 3.53847E-4 2.13226E-4 5.0933E-4 3.57884E-4 2.11537E-4 4.59786E-4 8.21146E-4 3.58099E-4
-9999 -9999 -9999 -9999 -9999 -9999 -9999 -9999 -9999 -9999 -9999 -9999 -9999 -9999 -9999 -9999 -9999 -9999 -9999 -9999 1.54849E-4 2.55507E-4 1.56983E-4 1.29284E-4 1.60002E-4 1.74053E-4 1.17627E-4 2.88644E-4 1.83943E-4 7.39885E-5 6.02785E-6 6.28746E-5 2.02945E-4 4.19841E-4 3.19379E-4 1.80417E-4 1.07402E-4 1.6606E-6 3.55565E-6 1.70045E-4 1.25861E-4 1.29308E-4 1.75143E-4 2.16053E-4 1.08748E-4 2.8704E-4 2.02085E-4 2.31786E-4 4.48443E-4 3.09012E-4 4.17595E-4 3.87098E-4 5.12976E-4 1.86255E-4 5.51025E-4 3.27629E-4 5.49844E-4 4.26342E-4 5.00485E-4 4.29936E-4 5.14941E-4 3.25818E-4 3.76425E-4 3.38098E-4 3.50355E-4
-9999 -9999 -9999 -9999 -9999 -9999 -9999 -9999 -9999 -9999 -9999 -9999 -9999 -9999 -9999 -9999 -9999 -9999 -9999 -9999 -9999 2.26296E-4 1.66083E-4 3.38826E-4 1.63197E-4 1.58454E-4 1.62052E-4 2.04344E-4 1.6053E-4 3.50007E-5 1.05322E-5 1.6512E-5 2.13669E-4 1.97615E-4 2.5067E-4 6.37284E-7 4.36267E-7 1.53991E-7 5.46879E-5 1.19558E-4 1.48192E-4 1.4884E-4 1.84315E-4 1.51495E-4 3.19093E-4 2.71232E-4 2.27304E-4 3.60741E-4 4.98188E-4 5.63837E-4 5.18622E-4 4.5075E-4 5.45124E-4 4.98426E-4 3.52858E-4 3.23721E-4 3.39132E-4 6.63578E-4 3.65671E-4 6.66388E-4 5.01788E-4 2.40044E-4 3.53683E-4 3.38834E-4 3.37202E-4
-9999 -9999 -9999 -9999 -9999 -9999 -9999 -9999 -9999 -9999 -9999 -9999 -9999 -9999 -9999 -9999 -9999 -9999 -9999 -9999 -9999 2.71663E-4 1.41256E-4 3.07279E-4 1.64483E-4 1.64442E-4 2.63593E-4 2.20654E-4 1.3303E-4 3.5103E-5 2.6785E-5 2.65697E-5 1.16202E-4 2.33072E-4 3.06163E-4 3.5432E-6 1.01828E-7 2.387E-7 3.19637E-7 1.02561E-4 3.48801E-4 1.99486E-4 1.8473E-4 2.36673E-4 1.85541E-4 2.10174E-4 6.86029E-4 2.84965E-4 3.99801E-4 2.41888E-4 6.43488E-4 2.03987E-4 4.64947E-4 6.00082E-4 3.84966E-4 4.14428E-4 2.22569E-4 4.10302E-4 4.31304E-4 2.15662E-4 7.53479E-4 1.18212E-3 3.96693E-4 2.77163E-4 4.83824E-4
-9999 -9999 -9999 -9999 -9999 -9999 -9999 -9999 -9999 -9999 -9999 -9999 -9999 -9999 -9999 -9999 -9999 -9999 -9999 -9999 -9999 1.47654E-4 1.35496E-4 1.32684E-4 2.82109E-4 1.1256E-4 2.61075E-4 1.23613E-4 2.78201E-4 1.52063E-4 9.32433E-5 3.45612E-6 1.26641E-5 3.88245E-4 3.83122E-4 8.53371E-5 7.93362E-6 3.84746E-8 5.08935E-8 1.25723E-5 3.57662E-4 6.89211E-4 1.32317E-4 2.7263E-4 1.37178E-4 2.89431E-4 2.79054E-4 3.77274E-4 5.63465E-4 3.56962E-4 4.66915E-4 4.02024E-4 3.89245E-4 4.87487E-4 4.29495E-4 3.03443E-4 3.62687E-4 4.59364E-4 3.24175E-4 5.2011E-4 6.24084E-4 6.97611E-4 4.1125E-4 4.43868E-4 3.36338E-4
-9999 -9999 -9999 -9999 -9999 -9999 -9999 -9999 -9999 -9999 -9999 -9999 -9999 -9999 -9999 -9999 -9999 -9999 -9999 -9999 -9999 -9999 6.71481E-5 1.27277E-4 1.34198E-4 1.13189E-4 1.54275E-4 1.71919E-4 3.04197E-4 2.13803E-4 1.31772E-4 4.80749E-5 4.00487E-4 2.88608E-4 1.37535E-4 1.05744E-6 4.78397E-4 3.68727E-7 1.82681E-6 7.27956E-5 1.94422E-4 1.96149E-4 2.04902E-4 2.23952E-4 1.49239E-4 1.83771E-4 1.69424E-4 2.78375E-4 1.86139E-4 2.77644E-4 3.0821E-4 3.34776E-4 4.03985E-4 4.00846E-4 4.52545E-4 1.12059E-4 4.09983E-4 3.65371E-4 4.25105E-4 7.69762E-4 6.0984E-4 8.60955E-4 3.98424E-4 6.18476E-4 3.06813E-4
-9999 -9999 -9999 -9999 -9999 -9999 -9999 -9999 -9999 -9999 -9999 -9999 -9999 -9999 -9999 -9999 -9999 -9999 -9999 -9999 -9999 -9999 6.51543E-5 5.55165E-5 1.22085E-4 2.71166E-4 1.12674E-4 1.5282E-4 3.51346E-4 3.04145E-4 4.44391E-4 1.83221E-4 2.20549E-4 1.76839E-5 2.24166E-4 1.3422E-5 1.07066E-5 5.55229E-4 1.10137E-4 1.0233E-4 1.08748E-4 1.41555E-4 8.45959E-5 4.92839E-4 2.42767E-4 1.66299E-4 2.05827E-4 2.65762E-4 2.93009E-4 3.52641E-4 3.34232E-4 3.51064E-4 3.33097E-4 3.71608E-4 2.6742E-4 2.10414E-4 3.29553E-4 2.86899E-4 4.34013E-4 4.43787E-4 1.13035E-4 3.0439E-4 3.22678E-4 2.90223E-4 3.06103E-4
-9999 -9999 -9999 -9999 -9999 -9999 -9999 -9999 -9999 -9999 -9999 -9999 -9999 -9999 -9999 -9999 -9999 -9999 -9999 -9999 -9999 -9999 4.53749E-5 6.90489E-5 5.67725E-5 3.29785E-4 1.40847E-4 1.57453E-4 1.90134E-4 8.12902E-5 4.08194E-4 1.77098E-4 3.33613E-6 2.97707E-5 1.25374E-4 7.0789E-6 6.06027E-5 1.60169E-4 8.34804E-5 4.31317E-4 1.65441E-4 1.11931E-4 2.34147E-4 2.34579E-4 1.6856E-4 1.39262E-4 9.86602E-5 1.05107E-4 3.13753E-4 2.35242E-4 3.05839E-4 3.45173E-4 3.69158E-4 3.5107E-4 3.03834E-4 2.81713E-4 4.11264E-4 2.75264E-4 2.83915E-4 3.2498E-4 3.24464E-4 2.67247E-4 4.19351E-4 3.12736E-4 2.2237E-4
-9999 -9999 -9999 -9999 -9999 -9999 -9999 -9999 -9999 -9999 -9999 -9999 -9999 -9999 -9999 -9999 -9999 -9999 -9999 -9999 -9999 -9999 -9999 7.41187E-5 4.47221E-5 5.77187E-5 1.36499E-4 2.76926E-4 3.55543E-4 1.21198E-4 1.14178E-4 1.12686E-4 7.6816E-5 7.72813E-5 1.09599E-5 2.56846E-6 1.63549E-4 1.6572E-4 3.44332E-4 1.72027E-4 1.01854E-4 2.14049E-4 1.64609E-4 1.90431E-4 1.07621E-4 1.26257E-4 1.57841E-4 2.33648E-4 3.32574E-4 2.95426E-4 1.80801E-4 2.36891E-4 4.25576E-4 2.91309E-4 2.76057E-4 2.50478E-4 2.86017E-4 2.92757E-4 2.77653E-4 2.77704E-4 3.18276E-4 2.73846E-4 5.50306E-4 2.78859E-4 3.49383E-4
-9999 -9999 -9999 -9999 -9999 -9999 -9999 -9999 -9999 -9999 -9999 -9999 -9999 -9999 -9999 -9999 -9999 -9999 -9999 -9999 -9999 -9999 -9999 -9999 9.14333E-5 5.76696E-5 2.93912E-4 1.097E-4 2.92929E-4 1.52637E-4 4.15792E-4 1.14284E-4 7.66529E-5 9.80379E-5 2.96934E-5 2.62464E-6 4.41918E-4 1.27071E-4 1.06325E-4 1.52868E-4 1.27743E-4 1.35767E-4 1.22272E-4 1.46615E-4 2.15127E-4 2.00902E-4 1.59591E-4 2.42137E-4 3.55818E-4 3.01615E-4 3.26452E-4 3.72708E-4 3.49457E-4 1.67242E-4 3.04459E-4 2.47744E-4 3.35543E-4 3.037E-4 2.63022E-4 2.73199E-4 3.51676E-4 2.7524E-4 2.92239E-4 2.74357E-4 2.87682E-4
