catData/rasterBestHybridModels/Prubiginosus/RD_RM2_L/Prubiginosus_max.asc
ncols         409
nrows         350
xllcorner     60.897278365
yllcorner     5.843756025
cellsize      0.0892857
NODATA_value  -9999
[rows 116 to 144 of 350, columns 130 to 194 of 409]
8.85199E-5 5.85645E-5 4.62674E-5 6.1721E-5 4.1182E-5 2.94945E-5 2.56031E-5 3.95013E-5 4.47793E-5 4.43128E-5 3.0024E-5 3.88685E-5 3.30233E-5 5.03982E-5 4.66021E-5 8.94938E-6 3.80049E-5 6.46986E-5 5.49367E-5 6.53288E-5 6.18568E-5 6.51988E-5 4.85398E-5 6.5556E-5 4.89617E-5 6.78475E-5 6.8069E-5 2.97638E-5 2.38848E-5 2.85465E-5 1.51748E-5 8.58483E-6 1.04854E-5 2.0909E-5 2.65834E-5 3.59444E-5 1.56754E-5 1.17345E-5 3.20831E-5 3.54573E-5 2.9874E-5 2.19179E-5 2.52195E-5 3.38183E-5 2.94713E-5 2.78207E-5 3.09738E-5 1.55709E-5 9.31186E-6 7.85886E-6 4.78379E-6 1.7023E-5 1.83316E-5 3.10396E-5 2.04443E-5 1.07827E-5 1.21194E-5 9.71556E-6 6.46393E-6 1.67106E-5 1.76661E-5 1.45043E-5 1.77334E-5 7.5774E-5 9.38013E-5
4.78562E-5 5.71004E-5 4.79238E-5 3.51051E-5 2.1236E-5 1.514E-5 3.9939E-5 2.31822E-5 4.425E-5 3.01284E-5 4.17152E-5 4.39345E-5 4.35488E-5 4.51404E-5 4.03834E-5 1.18096E-5 3.09963E-5 3.13976E-5 6.45146E-5 5.75381E-5 4.82676E-5 7.30216E-5 4.20666E-5 4.52737E-5 3.28859E-5 6.08905E-5 4.23186E-5 4.48833E-5 4.21544E-5 1.18194E-5 7.741E-6 1.22909E-5 1.60687E-5 6.14056E-5 4.2589E-5 2.71284E-5 2.71608E-5 2.05733E-5 3.13715E-5 3.64552E-5 1.83824E-5 1.5819E-5 1.89024E-5 4.74421E-5 1.87987E-5 3.75563E-5 4.12189E-5 4.17379E-5 1.65575E-5 4.66875E-6 1.15294E-5 2.82887E-5 1.6307E-5 7.21508E-6 2.23331E-5 1.22847E-5 1.22203E-5 8.31273E-6 2.05788E-5 4.05655E-5 3.26706E-5 3.51875E-5 4.58313E-5 4.44716E-5 3.04021E-5
6.93515E-5 4.96643E-5 6.37079E-5 5.00445E-5 1.52119E-5 2.58392E-5 3.65525E-5 4.5365E-5 4.59596E-5 4.25345E-5 4.43223E-5 3.19841E-5 4.38697E-5 3.97332E-5 1.59729E-5 2.14931E-5 3.03373E-5 3.45063E-5 5.50947E-5 2.75877E-5 3.78213E-5 2.49873E-5 3.16671E-5 5.66646E-5 6.77521E-5 4.30667E-5 3.04986E-5 3.0214E-5 2.85977E-5 7.82689E-6 1.2635E-5 1.41325E-5 1.27362E-5 1.08237E-5 1.43501E-5 2.56564E-5 2.56561E-5 2.67042E-5 3.69128E-5 2.01086E-5 3.02433E-5 1.72781E-5 1.00103E-5 1.61722E-5 2.16035E-5 2.02178E-5 1.74015E-5 2.97185E-5 4.23445E-5 2.29083E-5 2.41497E-5 3.8341E-5 3.05082E-5 3.32891E-5 3.20901E-5 3.16601E-5 3.71593E-5 6.45341E-5 5.47668E-5 6.4144E-5 1.17936E-4 8.59519E-5 8.16266E-5 3.79598E-5 1.69143E-5
7.06499E-5 7.02431E-5 7.03176E-5 5.05699E-5 3.22647E-5 2.96378E-5 4.4698E-5 3.22987E-5 4.48905E-5 4.51721E-5 3.26002E-5 4.57218E-5 3.6632E-5 6.6036E-5 2.94993E-5 4.24889E-5 2.78391E-5 6.50935E-5 6.84738E-5 5.20762E-5 6.60061E-5 3.81499E-5 6.08484E-5 4.09291E-5 2.66095E-5 2.9721E-5 2.64572E-5 3.19722E-5 4.51832E-5 4.27369E-5 4.05163E-5 2.3483E-5 2.89796E-5 2.68042E-5 1.33356E-5 1.54118E-5 2.21924E-5 2.25781E-5 5.09935E-5 4.84673E-5 3.56941E-5 2.50573E-5 2.34247E-5 2.07699E-5 2.33344E-5 1.42031E-5 4.61126E-5 3.94804E-5 3.39388E-5 4.05973E-5 4.61209E-5 4.28737E-5 4.69172E-5 4.81801E-5 9.01626E-5 4.94067E-5 8.51379E-5 4.15157E-5 5.98344E-5 1.38238E-4 2.06544E-4 8.46129E-5 1.69759E-4 4.79403E-5 1.33381E-5
7.1839E-5 7.20524E-5 7.23976E-5 7.27904E-5 4.72889E-5 3.28719E-5 3.15864E-5 2.71369E-5 3.29003E-5 4.8665E-5 3.43303E-5 4.66443E-5 7.43185E-5 3.36276E-5 3.42265E-5 2.70587E-5 5.17059E-5 6.38287E-5 7.41116E-5 7.13875E-5 3.25256E-5 3.62529E-5 5.39486E-5 3.22244E-5 4.31577E-5 3.03728E-5 2.39168E-5 3.30254E-5 4.78919E-5 2.7278E-5 4.07588E-5 3.2868E-5 3.56301E-5 2.7712E-5 1.91609E-5 2.01449E-5 2.33407E-5 2.96825E-5 5.64562E-5 4.12523E-5 2.96144E-5 2.95905E-5 3.10954E-5 9.02978E-6 3.53024E-5 3.42725E-5 1.92417E-5 2.29844E-5 2.53172E-5 7.00868E-5 3.74382E-5 7.00703E-5 8.28183E-5 6.08846E-5 3.55071E-5 4.7582E-5 4.86313E-5 5.87133E-5 7.72813E-5 9.1166E-5 9.67767E-5 4.70714E-5 4.55306E-5 5.37463E-5 3.71223E-5
7.48164E-5 7.51346E-5 7.43254E-5 7.5145E-5 4.99459E-5 4.91282E-5 4.34396E-5 3.4098E-5 4.99739E-5 5.04389E-5 4.95931E-5 4.80591E-5 7.78129E-5 2.38754E-5 1.4302E-5 3.51627E-5 6.14035E-5 8.37764E-5 7.38375E-5 5.25848E-5 4.7318E-5 7.13158E-5 5.56084E-5 3.92899E-5 6.95623E-5 4.95472E-5 2.45709E-5 3.34022E-5 5.08365E-5 2.96055E-5 1.97919E-5 1.52772E-5 4.24556E-5 1.44555E-5 1.67099E-5 8.75821E-6 1.59155E-5 3.11528E-5 2.84971E-5 3.13077E-5 2.34195E-5 2.65281E-5 1.8835E-5 1.00647E-5 3.00115E-5 4.77475E-5 1.65649E-5 5.34797E-5 5.22285E-5 5.06168E-5 3.66622E-5 7.4356E-5 6.18429E-5 6.60774E-5 1.77675E-4 1.07146E-4 1.33628E-4 2.1817E-4 5.82329E-5 7.24178E-5 5.87307E-5 5.4072E-5 6.17582E-5 2.4978E-5 8.68391E-5
7.7938E-5 7.70456E-5 7.63649E-5 7.66788E-5 4.96207E-5 3.40264E-5 4.93547E-5 5.10841E-5 5.24121E-5 5.2613E-5 3.58847E-5 5.00226E-5 4.16732E-5 9.19901E-6 2.33362E-5 7.5857E-5 5.99967E-5 3.72686E-5 4.94888E-5 3.63989E-5 6.23483E-5 4.91864E-5 7.17322E-5 5.47734E-5 4.38698E-5 3.01481E-5 3.01537E-5 3.67165E-5 5.86493E-5 3.69063E-5 4.39576E-5 3.70643E-5 1.88597E-5 9.30518E-6 1.79335E-5 1.39491E-5 3.15733E-5 4.48456E-5 2.98693E-5 1.97741E-5 1.7779E-5 3.17006E-5 1.88347E-5 2.48629E-5 1.89201E-5 6.24105E-5 5.51969E-5 4.27822E-5 4.66972E-5 4.31511E-5 4.68432E-5 1.03788E-4 7.16341E-5 7.89809E-5 4.58238E-5 4.09634E-5 4.76231E-5 7.44087E-5 4.02204E-5 3.7995E-5 7.34832E-5 5.6053E-5 6.00247E-5 4.75095E-5 5.94917E-5
7.90791E-5 7.8531E-5 7.88594E-5 5.16121E-5 5.09167E-5 5.02313E-5 5.15686E-5 3.68749E-5 5.37464E-5 5.47796E-5 2.61094E-5 3.45581E-5 8.06547E-5 4.76372E-5 7.93787E-5 8.96402E-5 3.89071E-5 4.01588E-5 5.9442E-5 7.37412E-5 6.63509E-5 7.29726E-5 4.31499E-5 4.55952E-5 4.5586E-5 4.59746E-5 3.13784E-5 3.08735E-5 5.70509E-5 3.68096E-5 3.70675E-5 3.62348E-5 3.84509E-5 3.26596E-5 1.06645E-5 1.84361E-5 3.62652E-5 3.16181E-5 3.4899E-5 2.42174E-5 1.63697E-5 7.54331E-6 6.42964E-6 6.47593E-5 9.12817E-5 1.16211E-4 6.03477E-5 4.81837E-5 4.76959E-5 3.31864E-5 7.75828E-5 2.29705E-4 7.11552E-5 9.38416E-5 5.15894E-5 3.42063E-5 3.60506E-5 8.6053E-5 7.01646E-5 9.25731E-5 6.46965E-5 1.58884E-4 1.4602E-4 6.70896E-5 5.19917E-5
8.05863E-5 6.22717E-5 6.20407E-5 5.20415E-5 5.0719E-5 3.58831E-5 5.13431E-5 5.22928E-5 3.73013E-5 4.28066E-5 3.6087E-5 3.72504E-5 8.24176E-5 8.84317E-5 8.21225E-5 8.422E-5 6.53346E-5 5.32588E-5 8.46278E-5 7.44533E-5 4.68322E-5 4.72079E-5 4.66947E-5 4.5906E-5 4.58326E-5 4.76827E-5 3.32519E-5 5.35616E-5 4.28071E-5 5.64509E-5 4.64803E-5 4.68424E-5 1.95889E-5 3.85883E-5 3.36044E-5 1.53638E-5 3.73552E-5 3.66594E-5 3.4316E-5 2.31032E-5 7.87326E-6 7.45569E-6 1.61716E-5 1.19898E-4 7.33114E-5 8.12837E-5 4.70475E-5 3.48917E-5 2.40499E-5 8.15103E-5 3.32114E-4 3.28961E-4 3.44994E-4 9.97162E-5 8.53308E-5 1.12525E-4 1.28835E-4 1.23204E-4 4.6226E-5 9.60153E-5 1.02076E-4 1.0327E-4 1.15813E-4 4.44421E-5 3.3057E-5
8.12409E-5 6.25292E-5 3.74841E-5 5.04805E-5 3.3512E-5 3.70003E-5 5.19115E-5 5.22235E-5 4.33867E-5 3.22161E-5 3.7032E-5 8.23669E-5 7.67072E-5 8.24963E-5 4.43856E-5 3.76001E-5 1.05548E-4 2.8141E-4 7.81944E-5 3.95007E-5 4.71928E-5 4.72606E-5 4.57357E-5 4.5326E-5 3.19899E-5 4.57817E-5 4.54159E-5 3.88517E-5 3.70738E-5 4.85505E-5 3.92034E-5 5.45285E-5 3.90195E-5 3.257E-5 3.78373E-5 3.76139E-5 2.28031E-5 3.38565E-5 1.77635E-5 1.4726E-5 3.12157E-5 7.36436E-6 4.36307E-5 9.31316E-5 2.62816E-5 2.81064E-5 3.28214E-5 5.61161E-5 4.31247E-5 1.55756E-4 1.10812E-4 2.59461E-4 2.36433E-4 7.06403E-5 2.08866E-4 1.09891E-4 7.75397E-5 1.05148E-4 6.93722E-5 1.11218E-4 9.42293E-5 5.62637E-5 2.8916E-5 2.34341E-5 1.51149E-5
4.62375E-5 4.15893E-5 6.31866E-5 5.37694E-5 5.49602E-5 5.37644E-5 4.95175E-5 3.09288E-5 3.59861E-5 5.08907E-5 6.89122E-5 1.12917E-4 1.09528E-4 7.16061E-5 7.24723E-5 7.16452E-5 3.05738E-4 7.13807E-5 3.65535E-5 7.85254E-5 4.97991E-5 4.84165E-5 4.79359E-5 5.00835E-5 3.36914E-5 2.94466E-5 5.22859E-5 3.78734E-5 6.38405E-5 4.04235E-5 5.32693E-5 3.16185E-5 2.81443E-5 3.6219E-5 5.21132E-5 3.78441E-5 2.78347E-5 3.24725E-5 2.07597E-5 7.09882E-6 4.26091E-5 1.83533E-5 6.30964E-5 5.09697E-5 3.12998E-5 2.1321E-5 2.13086E-5 2.24128E-5 1.34387E-4 2.83789E-4 2.12795E-4 4.18576E-4 1.32096E-4 1.20713E-4 3.22098E-4 6.83561E-5 5.73275E-5 1.52151E-4 8.17939E-5 3.13387E-4 2.61182E-4 3.28135E-5 3.07449E-5 2.69075E-5 3.29421E-5
8.49977E-5 6.56399E-5 1.1866E-4 1.18551E-4 9.15305E-5 1.20804E-4 1.21511E-4 7.20066E-5 2.09017E-5 3.04518E-5 5.33689E-5 7.03052E-5 1.14667E-4 7.20556E-5 6.99397E-5 2.45921E-4 1.14788E-4 4.93046E-5 5.28551E-5 5.12422E-5 4.78989E-5 3.47194E-5 4.8432E-5 4.8359E-5 4.82098E-5 4.97793E-5 6.89378E-5 5.13449E-5 4.88439E-5 5.88922E-5 6.47184E-5 5.50676E-5 7.35311E-5 7.25994E-5 4.06767E-5 2.4805E-5 3.92763E-5 3.4522E-5 2.9753E-5 8.37662E-6 3.03274E-5 4.68251E-5 2.2601E-5 3.22111E-5 2.90357E-5 8.07794E-6 1.79469E-5 3.38343E-5 2.60947E-4 2.25678E-4 1.49821E-4 1.79101E-4 2.42763E-4 3.69261E-4 9.16441E-5 6.65158E-5 5.76982E-5 9.15261E-5 9.56093E-5 1.58707E-4 6.79686E-5 1.69096E-5 3.64988E-5 4.16384E-5 6.34677E-5
8.79165E-5 8.58167E-5 1.20085E-4 7.64478E-5 1.23347E-4 7.74676E-5 7.72915E-5 1.07267E-4 5.1389E-5 7.54473E-5 7.34734E-5 6.71128E-5 1.06549E-4 5.4728E-5 6.59536E-5 7.60948E-5 4.50026E-5 4.85434E-5 3.52389E-5 5.21202E-5 3.59365E-5 3.57777E-5 3.43738E-5 4.81831E-5 3.48394E-5 5.4764E-5 4.70917E-5 4.52349E-5 9.84483E-5 1.18987E-4 6.5985E-5 4.5508E-5 6.87277E-5 6.23192E-5 3.88285E-5 2.20555E-5 3.47814E-5 4.35703E-5 4.8315E-5 6.57572E-5 8.17296E-5 6.20737E-5 4.37071E-5 4.65564E-6 4.20072E-5 9.20055E-6 1.11977E-5 2.77029E-5 2.56527E-4 4.21606E-4 1.40238E-4 1.38539E-4 2.004E-4 2.44524E-4 7.23606E-5 6.14268E-5 5.1678E-5 9.34566E-5 1.55415E-4 7.66043E-5 5.95304E-5 2.93874E-5 2.44773E-5 7.38371E-5 6.7863E-5
1.08689E-4 6.69965E-5 7.17435E-5 7.73826E-5 1.25814E-4 7.78509E-5 6.58141E-5 7.4365E-5 5.77918E-5 8.14789E-5 7.11223E-5 7.39034E-5 1.27993E-4 5.80095E-5 1.01702E-4 3.85781E-5 3.75074E-5 3.98044E-5 5.12696E-5 5.25024E-5 5.22855E-5 5.25805E-5 5.00522E-5 4.95562E-5 4.57448E-5 4.86512E-5 4.5777E-5 9.58762E-5 6.32604E-5 1.07147E-4 5.84662E-5 9.15537E-5 5.33511E-5 1.37667E-5 9.09668E-6 7.05571E-5 1.57795E-4 1.04427E-4 5.06747E-5 4.99466E-5 3.91618E-5 2.97894E-5 3.69534E-5 1.61578E-5 2.15542E-5 1.60516E-5 4.18472E-6 1.87692E-5 3.07931E-4 1.69645E-4 1.86645E-4 2.35675E-4 1.34165E-4 9.97708E-5 6.85202E-5 4.76178E-5 3.07202E-5 5.57383E-5 8.99011E-5 8.88142E-5 2.58214E-5 3.09672E-5 4.00238E-5 3.03741E-5 3.19649E-5
1.00372E-4 8.70112E-5 7.52903E-5 7.61032E-5 1.22255E-4 1.20409E-4 5.54557E-5 1.19758E-4 9.11913E-5 9.29352E-5 1.21239E-4 7.45275E-5 1.00781E-4 8.11801E-5 1.49573E-4 5.01011E-5 4.99314E-5 4.97157E-5 5.09541E-5 5.27477E-5 3.83106E-5 3.48419E-5 3.10379E-5 4.7916E-5 4.11134E-5 1.70736E-5 5.46281E-5 6.67417E-5 6.58795E-5 6.49187E-5 6.43274E-5 7.94112E-5 7.61995E-5 1.84413E-4 8.94375E-5 4.98992E-5 1.12128E-5 1.11175E-5 2.33966E-5 5.10069E-6 1.38123E-5 2.14663E-5 3.35536E-5 1.01902E-5 3.97099E-6 2.04706E-5 1.62871E-5 7.27685E-5 1.82248E-4 1.8956E-4 1.33484E-4 5.7105E-5 8.83835E-5 1.18095E-4 6.69067E-5 5.59019E-5 5.27154E-5 4.36773E-5 6.5225E-5 4.65978E-5 4.03785E-5 6.33198E-5 4.58239E-5 3.61384E-5 3.80572E-5
1.38569E-4 1.21674E-4 1.20585E-4 1.08513E-4 9.23313E-5 9.15813E-5 5.88599E-5 8.73468E-5 9.25684E-5 9.4188E-5 1.22165E-4 1.23831E-4 1.53508E-4 1.29316E-4 6.12494E-5 3.36532E-5 3.47691E-5 5.0763E-5 5.20591E-5 5.80449E-5 6.75722E-5 6.42233E-5 6.15727E-5 5.38305E-5 3.23801E-5 2.00308E-5 4.44018E-5 4.24102E-5 4.46519E-5 4.85626E-5 6.98648E-5 8.59372E-5 1.27981E-4 4.57278E-5 1.32551E-5 5.8711E-6 1.56033E-5 4.34663E-6 5.47716E-6 1.09114E-5 3.31241E-5 1.04965E-5 2.19704E-5 6.27937E-6 6.06247E-6 3.12473E-5 6.16844E-5 9.70119E-5 1.49996E-4 1.74866E-4 2.67906E-4 1.00988E-4 6.26259E-5 1.28505E-4 1.09601E-4 6.45848E-5 5.60587E-5 4.40809E-5 1.01035E-4 8.15726E-5 5.41312E-5 4.26222E-5 3.55364E-5 2.39953E-5 2.2808E-5
1.09504E-4 1.40409E-4 7.50063E-5 7.08008E-5 5.64954E-5 9.15762E-5 6.98178E-5 9.10586E-5 9.36649E-5 9.38488E-5 9.16983E-5 7.84432E-5 6.28066E-4 5.32925E-5 5.09477E-5 3.53451E-5 3.83676E-5 5.21346E-5 4.41428E-5 5.78E-5 3.94974E-5 5.40158E-5 6.04234E-5 5.37945E-5 2.41216E-5 3.60011E-5 5.43832E-5 6.62157E-5 3.86041E-5 6.57506E-5 9.45178E-5 1.07867E-4 7.9317E-5 6.85051E-5 3.5202E-5 1.82603E-5 7.3337E-6 6.11673E-6 6.13732E-6 6.17499E-6 4.71238E-6 3.16594E-5 2.59015E-5 7.18823E-6 5.16661E-6 4.18955E-5 4.62913E-5 8.75138E-5 9.55566E-5 7.28656E-5 1.19202E-4 1.13529E-4 9.03014E-5 6.14419E-5 1.14531E-4 7.10494E-5 5.09728E-5 5.02569E-5 1.08684E-4 1.00969E-4 6.97766E-5 4.78155E-5 4.10763E-5 5.04151E-5 7.91992E-5
8.55041E-5 5.96823E-5 8.92888E-5 6.78513E-5 6.05823E-5 7.72329E-5 8.12654E-5 8.95715E-5 9.35477E-5 4.05358E-5 7.43546E-5 4.96166E-4 2.48271E-4 6.90949E-5 5.23262E-5 5.16329E-5 6.98642E-5 4.76086E-5 9.01621E-5 7.97265E-5 8.06093E-5 9.80232E-5 4.21106E-5 5.5191E-5 4.97194E-5 5.56007E-5 6.58258E-5 3.98913E-5 7.85875E-5 8.07034E-5 9.45487E-5 7.51382E-5 9.48289E-5 7.71253E-5 8.03942E-5 1.00844E-4 6.63721E-5 6.33506E-5 9.35262E-6 6.14654E-6 4.88182E-6 4.44266E-5 8.84837E-6 7.29779E-6 6.17277E-6 4.73373E-5 3.00169E-5 7.16502E-5 8.87018E-5 4.82576E-5 4.47417E-5 9.59667E-5 6.34934E-5 6.15523E-5 7.89597E-5 8.12041E-5 1.16422E-4 3.76988E-5 8.30489E-5 1.10394E-4 5.55269E-5 5.26458E-5 4.81298E-5 4.0171E-5 4.12271E-5
1.36441E-4 1.35578E-4 8.74306E-5 5.59252E-5 6.23638E-5 1.05633E-4 1.26728E-4 8.54593E-5 1.02123E-4 2.20271E-4 9.70312E-4 8.47208E-4 2.63881E-4 9.00534E-5 6.78323E-5 5.46276E-5 7.93588E-5 5.97054E-5 7.49435E-5 8.04929E-5 7.1784E-5 4.06925E-5 4.5218E-5 4.74093E-5 4.09179E-5 4.91566E-5 6.35927E-5 7.55205E-5 8.2527E-5 8.56067E-5 8.33138E-5 1.08798E-4 1.19492E-4 1.10727E-4 1.19455E-4 1.34314E-4 9.74271E-5 7.85914E-5 1.28134E-5 6.52463E-6 7.16136E-6 2.07017E-5 1.34113E-5 9.65517E-6 1.05865E-5 1.26137E-5 4.49256E-5 5.98573E-5 8.3969E-5 3.32841E-5 1.0129E-4 9.03638E-5 6.02724E-5 6.63517E-5 5.09455E-5 4.7085E-5 8.58108E-5 8.13756E-5 6.30464E-5 5.04744E-5 3.30332E-5 5.71798E-5 4.99924E-5 4.61327E-5 4.35212E-5
1.37444E-4 9.67047E-5 6.05518E-5 6.16071E-5 1.02293E-4 1.12197E-4 9.26646E-5 1.14934E-4 3.65992E-4 1.56628E-3 2.58843E-4 3.86987E-4 2.39324E-4 6.17281E-5 1.10538E-4 1.10202E-4 8.82246E-5 7.62456E-5 5.11297E-5 1.34161E-4 6.66206E-5 4.38476E-5 2.15749E-5 3.35473E-5 5.16556E-5 7.98326E-5 1.57319E-4 3.07929E-5 7.86666E-5 1.10688E-4 1.34948E-4 1.01211E-4 1.9046E-4 1.14264E-4 9.61172E-5 2.15256E-4 1.26145E-4 8.26121E-5 8.00113E-5 1.94218E-5 1.0476E-5 9.36219E-6 3.53997E-5 1.27085E-5 6.27793E-6 8.41821E-6 2.75291E-5 1.35662E-4 1.38351E-4 8.84978E-5 7.16726E-5 8.03099E-5 8.31307E-5 7.17274E-5 6.43081E-5 6.14772E-5 5.72036E-5 1.28462E-4 2.78788E-4 9.8335E-5 5.8239E-5 4.35258E-5 5.68694E-5 3.55711E-5 5.76987E-5
1.39498E-4 1.43561E-4 1.01615E-4 1.00532E-4 1.47248E-4 9.96539E-5 1.61862E-4 1.4594E-4 1.0187E-4 6.86503E-4 2.77469E-4 8.6491E-5 5.08846E-5 1.41986E-4 9.07474E-5 1.13237E-4 1.11774E-4 7.21707E-5 1.09192E-4 1.25642E-4 5.49531E-5 4.3627E-5 3.10485E-5 4.70038E-5 8.59096E-5 1.02366E-4 2.02708E-4 1.37611E-4 3.55396E-5 1.50226E-4 6.76546E-5 2.14133E-4 2.05537E-4 1.53905E-4 1.16314E-4 8.6757E-5 1.26041E-4 1.32206E-4 1.73449E-4 8.5512E-5 1.37359E-5 1.32417E-5 1.65413E-5 8.30832E-6 6.23297E-5 3.49925E-5 6.78626E-5 1.43836E-4 8.25808E-5 1.1469E-4 8.68798E-5 1.06602E-4 8.83144E-5 4.13418E-5 6.25446E-5 6.04699E-5 4.39181E-5 4.2738E-5 2.24571E-4 1.9303E-4 1.0514E-4 7.46366E-5 7.17123E-5 2.67103E-5 4.29253E-5
1.04213E-4 9.9688E-5 5.03387E-5 9.67E-5 1.66597E-4 1.56542E-4 5.36637E-5 6.87792E-5 9.94323E-5 3.17897E-4 2.52857E-4 4.02497E-4 6.92379E-5 2.14135E-4 1.18815E-4 1.13732E-4 1.11387E-4 7.45309E-5 5.49432E-5 1.24914E-4 7.80855E-5 7.53698E-5 5.26616E-5 5.46073E-5 6.49423E-5 1.33437E-4 9.78603E-5 1.08292E-4 1.52696E-4 7.69829E-5 1.40668E-4 1.59604E-4 3.65783E-4 1.47651E-4 6.29572E-5 5.95129E-5 7.54048E-5 6.74038E-5 1.28866E-4 1.50927E-4 6.83185E-5 6.68076E-5 1.51817E-5 7.56377E-5 3.76734E-5 4.78673E-5 4.78656E-5 7.19769E-5 6.41005E-5 3.78784E-5 6.46618E-5 8.95392E-5 8.12808E-5 7.38895E-5 1.0491E-4 7.75735E-5 6.62426E-5 1.87676E-4 1.97612E-4 3.85249E-4 8.48187E-5 3.70028E-5 3.74279E-5 4.62975E-5 4.57786E-5
1.04855E-4 9.8604E-5 1.05267E-4 1.58002E-4 1.14509E-4 2.27863E-4 5.8351E-5 1.81325E-4 2.28003E-4 9.6568E-4 1.84036E-4 6.4781E-5 1.85398E-4 4.71244E-4 7.93219E-5 1.04384E-4 1.18457E-4 1.07499E-4 5.67913E-5 7.08151E-5 1.49245E-4 1.39034E-4 4.96062E-5 5.8576E-5 3.07978E-5 1.91017E-4 1.66415E-4 7.43065E-5 8.43331E-5 7.91148E-5 7.34742E-5 6.81186E-5 9.29108E-5 7.17987E-5 8.05099E-5 6.57296E-5 7.67231E-5 4.72358E-5 9.155E-5 1.36378E-4 1.1768E-4 3.7496E-5 1.59874E-5 3.048E-5 6.96784E-5 9.99976E-5 3.72209E-5 7.1683E-5 5.4544E-5 4.70391E-5 2.27649E-5 6.20313E-5 7.4822E-5 5.89789E-5 1.22716E-4 8.25389E-5 1.41056E-4 4.32802E-4 1.67915E-4 1.08478E-4 8.8229E-5 4.84445E-5 3.78301E-5 4.88109E-5 4.46075E-5
8.53219E-5 6.95382E-5 1.00571E-3 6.08522E-4 9.0955E-5 2.10772E-4 1.71836E-4 2.99522E-4 8.24677E-4 5.53073E-4 4.26046E-4 1.63715E-4 9.43765E-5 1.72676E-4 1.14113E-4 6.53341E-5 1.8152E-4 1.10784E-4 1.10615E-4 8.81242E-5 1.17035E-4 1.59982E-4 4.71495E-5 1.07574E-4 5.02401E-5 8.77258E-5 1.4068E-4 3.21305E-5 1.14659E-4 6.29429E-5 7.9301E-5 1.86209E-4 1.28747E-4 1.51999E-4 7.67845E-5 1.58201E-4 1.08285E-4 6.13325E-5 3.08737E-5 7.58717E-5 1.2076E-4 1.1312E-4 7.65119E-6 2.05E-5 4.76481E-5 9.73602E-5 5.06659E-5 7.29176E-5 4.11443E-5 5.00061E-5 6.12412E-5 5.59039E-5 7.07074E-5 6.58552E-5 1.10063E-4 7.28477E-5 1.20838E-4 3.96654E-4 2.2857E-4 1.46612E-4 2.7865E-4 5.48132E-5 7.43246E-5 3.4095E-5 2.79438E-5
7.90692E-5 1.46418E-4 1.28502E-3 1.57319E-4 1.41599E-4 1.38369E-4 8.94257E-5 2.95796E-4 3.59762E-3 5.89884E-4 7.1823E-4 1.00906E-4 8.82093E-5 1.23199E-4 8.1974E-5 1.30494E-4 1.34266E-4 5.42635E-5 6.21524E-5 4.66888E-5 5.81892E-5 1.55993E-4 9.27135E-5 9.16298E-5 1.12973E-4 1.02281E-4 1.50654E-4 1.69511E-4 1.55235E-4 2.18392E-4 1.94433E-4 2.55297E-4 1.70704E-4 1.13837E-4 4.80802E-5 9.83635E-5 1.43278E-4 4.11469E-5 3.08191E-5 4.0136E-5 5.37056E-5 6.94968E-5 7.00231E-5 3.84449E-5 6.64419E-5 9.01864E-5 1.1187E-4 8.99153E-5 6.30717E-5 9.60738E-5 6.75706E-5 4.82707E-5 1.12274E-4 1.94924E-4 9.24732E-5 6.00026E-5 1.81328E-4 1.00005E-4 8.23355E-5 8.96148E-5 2.02053E-4 1.9929E-4 1.31942E-4 5.30533E-5 4.52172E-5
1.6467E-4 9.77525E-5 2.33018E-4 1.2372E-4 1.18067E-4 1.10414E-4 9.9156E-5 4.32426E-4 9.22582E-4 5.09692E-4 1.96131E-4 1.02996E-4 1.1023E-4 4.52712E-4 6.13294E-5 7.88923E-5 1.30243E-4 8.46235E-5 1.02487E-4 5.01807E-5 8.06178E-5 1.19126E-4 1.67687E-4 1.20486E-4 7.71583E-5 1.42556E-4 1.26676E-4 7.764E-5 6.6389E-5 6.27873E-5 6.35367E-5 8.44461E-5 1.21037E-4 7.66414E-5 4.5934E-5 4.80814E-5 1.07398E-5 1.24105E-5 2.03565E-5 1.63065E-5 1.35492E-5 2.38408E-5 3.92677E-5 7.90922E-5 1.09438E-4 5.78643E-5 7.61137E-5 7.49609E-5 6.37516E-5 5.20792E-5 6.11047E-5 5.44042E-5 1.02484E-4 1.71278E-4 5.90706E-5 1.33477E-4 1.23398E-4 7.19869E-5 8.36099E-5 1.87521E-4 1.35199E-4 9.9076E-5 1.34719E-4 1.02194E-4 1.22427E-4
9.49415E-5 1.40612E-4 1.8491E-4 5.41335E-4 2.03015E-4 9.85575E-5 1.24793E-4 1.27996E-4 1.13615E-3 5.38791E-4 1.51704E-4 1.34155E-4 1.15215E-4 1.99402E-4 8.18354E-5 3.47519E-5 5.69799E-5 5.02134E-5 4.99355E-5 2.88837E-5 5.48777E-5 1.11285E-4 3.24735E-4 2.45125E-4 1.0706E-4 9.75762E-5 5.62424E-5 6.53009E-5 5.04752E-5 6.90071E-5 2.76802E-5 5.2344E-5 6.29425E-5 4.6048E-5 7.50025E-5 3.8216E-5 2.11259E-5 2.70781E-5 7.33286E-6 1.14589E-5 2.21886E-5 9.23503E-6 2.96003E-5 5.03477E-5 4.80766E-5 6.68087E-5 4.76423E-5 4.74455E-5 5.86829E-5 3.25336E-5 3.03846E-5 4.00728E-5 5.02943E-5 2.25817E-4 6.76784E-5 6.79535E-5 9.31648E-5 5.48488E-5 5.40797E-5 8.31594E-5 5.20191E-5 9.89323E-5 2.87077E-4 1.67051E-4 1.25151E-4
1.26151E-4 1.1619E-4 1.2294E-4 3.20758E-4 2.83684E-4 1.47331E-4 1.14543E-4 5.60207E-4 1.17218E-3 4.58226E-4 4.36124E-4 4.9647E-5 3.81653E-5 4.35629E-5 4.59346E-5 7.69765E-5 4.62851E-5 1.28991E-4 4.45778E-5 1.9009E-5 2.04912E-4 9.1123E-4 9.41463E-4 2.56344E-4 2.3107E-4 1.54306E-4 6.76295E-5 3.80655E-5 1.16101E-4 3.25109E-5 4.89598E-5 3.03485E-5 2.10682E-5 2.93875E-5 3.65441E-5 2.52784E-5 2.78155E-5 2.91609E-5 1.31589E-5 2.61813E-5 1.86661E-5 2.26578E-5 8.32701E-5 6.64691E-5 1.37824E-4 9.60109E-5 5.01156E-5 2.91592E-5 7.61585E-5 4.87474E-5 7.03088E-5 5.27725E-5 6.35107E-5 1.02926E-4 1.33947E-4 6.88146E-5 1.17556E-4 2.18079E-4 5.8321E-5 1.2383E-4 1.87389E-4 1.32814E-4 1.14957E-4 9.32286E-5 2.41318E-4
1.02621E-4 3.04958E-4 9.79274E-5 1.4193E-4 2.36069E-4 1.06128E-4 1.12135E-4 3.20269E-3 4.8067E-3 4.07467E-4 1.16741E-4 6.24035E-5 5.66014E-5 1.35552E-4 1.41573E-4 7.65915E-5 5.13921E-5 5.03179E-5 3.42897E-5 2.73749E-4 3.77851E-4 1.93567E-3 1.99575E-3 6.74368E-4 2.49017E-4 1.36665E-4 5.43703E-5 3.54969E-5 6.31647E-5 2.93392E-5 3.43976E-5 2.46894E-5 3.65864E-5 1.90106E-5 1.90201E-5 4.17299E-5 3.17944E-5 3.12941E-5 3.32291E-5 3.32749E-5 7.81635E-5 5.05915E-5 7.48281E-5 4.60637E-5 9.09756E-5 8.11043E-5 9.72759E-5 1.51694E-4 9.34306E-5 1.03298E-4 9.90676E-5 3.92719E-5 6.26136E-5 6.2365E-5 1.18441E-4 1.88339E-4 1.79092E-4 1.10587E-4 7.33413E-5 1.63717E-4 3.27965E-4 1.16118E-4 6.46375E-5 1.20215E-4 1.94905E-4
