catData/rasterBestHybridModels/Prubiginosus/RD_RM2_L/Prubiginosus_median.asc
ncols         409
nrows         350
xllcorner     60.897278365
yllcorner     5.843756025
cellsize      0.0892857
NODATA_value  -9999
[rows 58 to 86 of 350, columns 130 to 194 of 409]
2.6035E-6 3.28311E-6 7.78464E-6 2.89525E-6 2.27305E-6 4.90818E-6 4.58682E-6 2.0319E-6 1.98399E-6 3.74417E-6 1.44073E-6 1.75087E-6 7.83586E-7 4.54563E-7 7.58205E-7 4.54468E-7 3.25451E-7 2.7488E-7 3.16336E-7 4.29886E-7 1.03213E-6 1.35433E-6 1.81586E-6 1.03348E-6 3.50762E-7 5.87414E-7 5.34101E-7 7.35969E-7 7.58718E-7 7.66389E-7 9.16794E-7 7.6369E-7 6.261E-7 6.99815E-7 1.2296E-6 8.72614E-7 5.38673E-6 3.16009E-5 5.79128E-5 6.60641E-5 4.591E-5 2.85196E-5 3.14745E-5 2.00245E-5 2.93924E-5 2.70157E-5 2.76524E-5 3.43459E-5 3.90468E-5 4.39685E-5 1.69585E-5 2.28503E-5 2.90943E-5 1.71561E-5 2.10383E-5 5.84498E-6 1.30751E-6 1.11E-6 1.7236E-6 1.5085E-6 1.57752E-6 1.76123E-6 1.39404E-6 1.06078E-6 1.56285E-6
7.22409E-6 6.40754E-6 3.13731E-6 3.18119E-6 2.07231E-6 4.7867E-6 7.89318E-7 1.02861E-6 1.90628E-6 3.04904E-6 1.81712E-6 9.31451E-7 1.33146E-6 9.82937E-7 7.9836E-7 7.99316E-7 8.90787E-7 3.98904E-7 3.35558E-7 7.00686E-7 3.96818E-6 2.97978E-6 2.96632E-6 3.51507E-7 2.96437E-7 3.30205E-7 7.46325E-7 7.39345E-7 5.36352E-7 7.54028E-7 8.11566E-7 6.24158E-7 6.36454E-7 8.24337E-7 1.08047E-6 1.26493E-6 2.52792E-6 2.88249E-5 7.36013E-5 2.84715E-5 1.2391E-4 7.90944E-5 3.86754E-5 3.35424E-5 3.14611E-5 1.95549E-5 1.80077E-5 1.89446E-5 2.8273E-5 3.87164E-5 1.95854E-5 1.27809E-5 2.43014E-5 2.31762E-5 2.50821E-5 1.00143E-5 3.22275E-6 1.65522E-6 1.15776E-6 1.68803E-6 1.63995E-6 1.46375E-6 1.11678E-6 1.11795E-6 1.527E-6
8.80924E-6 5.27434E-6 2.2978E-6 4.59567E-6 4.3572E-6 3.50817E-6 5.31736E-7 1.32391E-6 1.49237E-6 2.48214E-6 2.77766E-6 7.36533E-7 8.12514E-7 6.0947E-7 7.29585E-7 1.03025E-6 3.05953E-6 1.64675E-6 1.54473E-6 3.29613E-6 6.38099E-6 4.96439E-6 1.69729E-6 4.70825E-7 4.73091E-7 1.15682E-6 2.32326E-6 3.84793E-7 2.95812E-7 3.06106E-7 6.20863E-7 6.31023E-7 6.82593E-7 1.73828E-6 6.74508E-7 7.73664E-7 7.76021E-7 2.44939E-6 4.47883E-5 4.12813E-5 7.78631E-5 1.10108E-4 1.06388E-4 4.80744E-5 4.24448E-5 2.84813E-5 1.94569E-5 1.89333E-5 2.04742E-5 3.83773E-5 3.98122E-5 1.93266E-5 1.57948E-5 1.61611E-5 1.2667E-5 8.32267E-6 3.22728E-6 1.53655E-6 2.32501E-6 2.555E-6 2.20323E-6 2.17459E-6 1.38008E-6 1.272E-6 2.27463E-6
6.84094E-6 4.95941E-6 7.83687E-6 4.09095E-6 1.76193E-6 1.99879E-6 6.92031E-7 2.22288E-6 6.90979E-7 4.73488E-6 3.29081E-6 3.13833E-6 2.3501E-6 1.30177E-6 1.45513E-6 2.36648E-6 1.04001E-6 6.32381E-7 2.14265E-6 8.30682E-6 1.72843E-5 1.31123E-5 1.49351E-6 5.56905E-7 4.97589E-7 1.50668E-6 3.4044E-6 4.42283E-7 5.29993E-7 4.73238E-7 4.9036E-7 5.8004E-7 9.00218E-7 3.83449E-7 3.1783E-7 4.91294E-7 1.02158E-6 1.26332E-6 6.21127E-6 6.16075E-5 3.15122E-5 6.6619E-5 2.23876E-4 8.79026E-5 1.08901E-4 8.1479E-5 3.36628E-5 3.09695E-5 3.10144E-5 3.07443E-5 2.32143E-5 3.11322E-5 1.71863E-5 1.5511E-5 1.51324E-5 1.09831E-5 6.61126E-6 6.84188E-6 1.81062E-5 2.46713E-5 1.66769E-5 8.37102E-6 3.62958E-6 2.34908E-6 7.54596E-6
3.50134E-6 1.45011E-6 3.26653E-6 3.06588E-6 4.75411E-7 3.4787E-7 3.58372E-6 1.49195E-6 4.42503E-6 5.03438E-6 5.4993E-6 3.24174E-6 1.08908E-6 1.37209E-6 2.02813E-6 1.90123E-6 1.12591E-6 1.13618E-6 4.6317E-6 1.77032E-5 1.70776E-5 6.82472E-6 3.57346E-7 3.16353E-7 3.00903E-7 4.78375E-7 4.66185E-7 6.95362E-7 4.86732E-7 4.75696E-7 6.04048E-7 1.93553E-6 5.03438E-7 5.61395E-7 6.12224E-7 9.36413E-7 1.1348E-6 3.07732E-6 5.66051E-6 1.86472E-5 8.71861E-5 2.64005E-5 1.27193E-4 9.9343E-5 6.20387E-5 7.82642E-5 4.45429E-5 2.47716E-5 3.83949E-5 3.39814E-5 2.90337E-5 2.06651E-5 1.53931E-5 1.25217E-5 1.68096E-5 1.58249E-5 1.54619E-5 1.48335E-5 3.22422E-5 2.63869E-5 1.7118E-5 1.39559E-5 1.35408E-5 1.06585E-5 9.76985E-6
1.3586E-6 1.14645E-6 2.64442E-6 1.66169E-6 3.58494E-7 5.23779E-6 1.92567E-5 5.94069E-6 6.07468E-6 2.58375E-6 6.73415E-7 1.38662E-6 5.85515E-7 1.49493E-6 2.8367E-6 6.07946E-6 1.99624E-6 4.7486E-6 3.93135E-6 1.26296E-5 9.27908E-6 1.19009E-6 3.83841E-7 4.93019E-7 4.9111E-7 4.7877E-7 8.65478E-7 1.17373E-6 4.86842E-7 5.98187E-7 7.90024E-7 3.25958E-7 1.3129E-6 3.36018E-6 1.35676E-6 1.55486E-6 4.06687E-6 1.7237E-6 2.10325E-6 3.58815E-6 7.45205E-5 3.62361E-5 2.77704E-5 6.89619E-5 4.05932E-5 4.02824E-5 3.36004E-5 4.02831E-5 3.46784E-5 3.28451E-5 4.22607E-5 2.36149E-5 2.90768E-5 1.41579E-5 1.85308E-5 2.65286E-5 2.82633E-5 2.71262E-5 2.42801E-5 1.88912E-5 8.96343E-6 3.34961E-6 4.39375E-6 7.92847E-6 5.67662E-6
2.1657E-6 2.21039E-6 2.2496E-6 1.79719E-6 2.26186E-6 1.15047E-6 2.03411E-6 2.93069E-6 2.78214E-6 1.00198E-6 1.94832E-6 1.38355E-6 6.46165E-7 1.16842E-6 1.0825E-6 2.26672E-6 1.33997E-6 1.77345E-6 3.59596E-6 3.62174E-6 2.21554E-6 7.61786E-7 4.3388E-7 4.82427E-7 5.39818E-7 8.80871E-7 6.91221E-7 9.55454E-7 7.69934E-7 1.69736E-6 3.25845E-7 9.78433E-7 6.21381E-6 6.96123E-6 2.30894E-5 1.85432E-6 9.81266E-7 1.89064E-6 3.11445E-6 6.59581E-6 1.34751E-5 4.16707E-5 1.14451E-5 4.76006E-6 1.04382E-4 4.48722E-5 3.14506E-5 4.55246E-5 3.36289E-5 2.54349E-5 3.20878E-5 5.49372E-5 5.21819E-5 4.07393E-5 3.73771E-5 2.46929E-5 1.6139E-5 1.3368E-5 1.21923E-5 1.165E-5 1.68278E-5 6.91643E-6 7.50154E-6 4.88087E-6 2.33006E-6
4.84514E-6 1.73043E-6 1.29275E-6 1.46381E-6 1.50817E-6 7.81496E-7 6.59532E-7 3.12634E-6 8.55408E-7 4.84778E-7 4.65575E-7 4.36518E-7 7.85486E-7 9.69154E-7 1.20924E-6 1.90138E-6 7.57416E-7 1.2846E-6 3.14309E-6 2.75582E-6 3.35949E-6 3.6662E-7 3.39974E-7 5.57125E-7 1.31362E-6 1.08015E-6 1.21936E-6 9.17665E-7 1.4247E-6 1.0522E-6 6.87726E-7 2.8457E-6 2.20934E-6 6.14425E-6 7.03278E-6 1.21568E-6 1.88858E-6 9.47925E-7 9.79048E-7 1.55537E-6 2.60124E-6 3.74864E-5 6.73491E-5 6.8407E-6 2.18575E-6 4.10671E-5 4.6153E-5 6.06014E-5 4.23819E-5 3.97575E-5 3.26471E-5 7.19374E-5 4.23217E-5 3.09674E-5 2.63147E-5 1.81615E-5 1.74689E-5 1.55125E-5 2.30191E-5 2.04438E-5 1.54185E-5 1.88399E-5 1.69158E-5 5.8179E-6 2.73957E-6
7.58077E-6 4.9216E-6 1.13865E-5 2.61118E-6 4.47911E-7 7.27048E-7 8.69003E-7 2.40795E-6 7.70728E-7 4.80355E-7 1.0609E-6 1.40214E-6 2.7997E-6 3.31179E-6 8.90517E-7 1.05381E-6 4.069E-7 8.00123E-7 4.89596E-7 8.70823E-7 6.79803E-7 1.46906E-6 8.03402E-7 8.40015E-7 8.89326E-7 1.77912E-6 2.46339E-6 5.55287E-6 3.4072E-6 1.06861E-6 1.25837E-6 2.51883E-6 1.14962E-6 1.36379E-6 9.24653E-7 9.57227E-7 9.62829E-7 7.4624E-7 1.00328E-6 1.0051E-6 1.05823E-6 1.27845E-6 9.01328E-6 1.02581E-4 2.54414E-6 2.07046E-6 2.07183E-5 6.27849E-5 1.89177E-5 2.74304E-5 4.65733E-5 4.02122E-5 5.99598E-5 3.76384E-5 5.39882E-5 4.9381E-5 1.85375E-5 1.87818E-5 1.92661E-5 1.63717E-5 1.16581E-5 1.44608E-5 1.40029E-5 1.05724E-5 6.68378E-6
1.28794E-6 4.65033E-6 1.1013E-6 7.80354E-7 1.40486E-6 8.22322E-7 6.93771E-7 3.75414E-7 6.39761E-7 2.64993E-6 2.81928E-6 1.33092E-6 6.3903E-7 9.00375E-7 5.37921E-7 1.20864E-6 7.45931E-7 1.53864E-6 2.38066E-6 5.30488E-6 5.24581E-6 1.29865E-5 9.23606E-6 3.49663E-6 3.45681E-6 9.57086E-7 9.40291E-7 9.4616E-7 1.23769E-6 1.48754E-6 1.68197E-6 2.19659E-6 4.15337E-7 5.30675E-7 4.92061E-7 9.63983E-7 1.01828E-6 9.78858E-7 9.90078E-7 9.87445E-7 9.82873E-7 1.06733E-6 3.28675E-6 2.91549E-5 5.28948E-5 3.77453E-6 1.69426E-5 6.87338E-5 1.89867E-5 5.21477E-5 3.40574E-5 3.75508E-5 4.50185E-5 3.77126E-5 5.29528E-5 4.72127E-5 2.64784E-5 3.6057E-5 1.79943E-5 1.99436E-5 1.93558E-5 2.23869E-5 2.29204E-5 1.52285E-5 9.88299E-6
8.08229E-6 1.35944E-6 9.00816E-7 7.28158E-7 1.15881E-6 5.60615E-7 5.63776E-7 5.78407E-7 2.66191E-6 1.06742E-6 8.65385E-7 6.11152E-7 9.55344E-7 8.75269E-7 1.14562E-6 9.48125E-7 5.17264E-6 2.98072E-6 7.41647E-7 2.28665E-6 5.79326E-6 8.68678E-6 5.25028E-6 3.31609E-6 8.93889E-7 8.99105E-7 1.09219E-6 1.2039E-6 1.24543E-6 9.57835E-7 9.36817E-7 1.31191E-6 1.59227E-6 9.18604E-7 1.31116E-6 1.50755E-6 2.98917E-6 7.47439E-6 2.75689E-6 1.85961E-6 1.49429E-6 1.253E-6 1.43949E-6 2.22809E-6 6.14345E-6 7.58263E-6 5.59244E-5 4.50606E-5 2.26076E-5 9.50298E-6 2.91805E-5 3.73501E-5 3.87497E-5 6.69412E-5 3.65405E-5 3.08289E-5 2.85166E-5 3.65837E-5 2.29433E-5 4.0037E-5 2.63209E-5 1.98776E-5 2.69247E-5 1.5248E-5 1.34458E-5
1.29811E-6 1.44213E-6 6.23876E-7 4.9259E-7 5.22148E-7 7.81191E-7 1.24636E-6 2.2032E-6 6.78115E-7 8.47213E-7 9.84201E-7 1.05463E-6 7.63187E-7 1.00607E-6 2.97343E-6 1.28405E-6 7.87356E-7 5.75971E-7 8.08926E-7 9.19414E-7 4.6764E-6 1.925E-6 9.08607E-7 1.32483E-6 9.17185E-7 8.98535E-7 1.0603E-6 1.23022E-6 1.68663E-6 1.67749E-6 1.9039E-6 1.038E-6 9.47409E-7 9.57647E-7 7.56828E-7 4.93327E-7 2.92941E-6 1.60379E-5 6.2417E-6 8.47014E-7 1.00171E-6 1.02986E-6 1.03779E-6 1.12058E-6 1.02043E-6 1.1103E-6 6.34126E-6 4.14612E-5 2.32535E-5 1.99253E-5 3.24475E-5 3.94255E-5 3.64978E-5 4.23083E-5 2.65475E-5 1.72661E-5 2.80277E-5 3.59854E-5 2.57577E-5 7.45011E-5 4.35237E-5 2.8341E-5 2.65695E-5 1.7123E-5 2.92039E-5
1.50876E-6 1.09074E-6 8.95796E-7 1.12068E-6 1.04803E-6 3.79116E-6 5.88174E-6 6.83791E-7 4.03728E-7 2.68502E-6 3.68973E-6 2.3871E-6 2.65127E-6 2.27062E-6 7.26212E-7 5.0558E-7 3.51266E-7 5.70223E-7 6.00003E-7 4.34601E-6 1.51459E-6 8.88884E-7 7.06474E-7 1.27175E-6 1.16136E-6 1.06797E-6 1.22451E-6 5.09362E-6 2.82116E-6 3.69767E-6 1.39841E-6 9.94413E-7 9.30795E-7 1.05108E-6 9.41635E-7 9.42997E-7 7.53244E-7 9.65441E-7 1.05462E-6 1.03018E-6 9.71419E-7 1.19237E-6 1.01416E-6 1.01121E-6 9.82619E-7 1.2985E-6 1.23641E-6 5.71932E-6 1.36822E-4 4.94187E-5 1.90326E-5 2.33378E-5 3.82964E-5 5.26743E-5 3.03801E-5 3.27278E-5 2.75702E-5 5.61141E-5 4.19254E-5 3.47865E-5 3.87972E-5 3.94266E-5 4.61224E-5 5.72454E-5 3.08626E-5
6.02888E-7 1.2812E-6 1.8969E-6 4.75573E-6 3.13592E-6 6.51829E-6 5.99448E-6 1.41365E-6 6.09649E-7 3.29506E-6 1.35179E-6 1.18234E-6 8.88295E-7 1.33941E-6 8.49185E-7 3.43727E-7 3.95829E-7 6.02822E-7 8.3242E-6 2.47985E-6 8.7217E-7 9.84241E-7 1.34808E-6 1.19613E-6 1.40941E-6 1.74882E-6 1.22894E-6 1.07559E-6 1.38748E-6 1.27711E-6 1.14447E-6 1.15523E-6 7.43716E-7 9.70668E-7 9.76836E-7 1.00609E-6 8.01516E-7 9.85934E-7 9.98017E-7 3.28559E-7 9.8967E-7 2.41896E-6 1.86679E-6 9.88988E-7 1.04511E-6 7.80468E-7 2.0223E-6 1.56015E-5 3.11845E-5 6.78834E-5 5.67101E-5 9.29727E-6 1.46776E-5 3.05933E-5 3.05306E-5 8.71105E-5 2.01977E-5 4.0531E-5 5.19592E-5 4.82703E-5 4.08897E-5 3.05766E-5 4.01387E-5 5.01353E-5 5.42119E-5
2.95984E-6 1.53959E-6 4.13898E-6 1.38893E-6 1.90676E-6 4.18687E-6 3.38054E-6 1.09518E-6 2.63197E-6 4.08274E-6 1.45837E-6 8.2902E-7 1.08061E-6 2.30098E-6 6.68753E-7 3.58551E-7 6.89908E-7 3.11014E-6 2.13013E-6 1.31093E-6 1.11471E-6 1.4183E-6 2.19029E-6 2.197E-6 1.11697E-6 1.42923E-6 1.05695E-6 5.92662E-7 9.08681E-7 1.09948E-6 1.10476E-6 1.01266E-6 1.0974E-6 1.00671E-6 1.05716E-6 1.00469E-6 9.87257E-7 9.66155E-7 7.65528E-7 7.79977E-7 1.02056E-6 1.11224E-6 6.83476E-7 9.97305E-7 7.7174E-7 7.87065E-7 1.09502E-6 1.03695E-6 3.71362E-6 1.34957E-5 1.43902E-5 1.1532E-4 8.3894E-5 4.02278E-5 2.913E-5 8.355E-5 4.28982E-5 9.44235E-5 8.40032E-5 7.14637E-5 5.04006E-5 7.29452E-5 4.37744E-5 4.23827E-5 1.31613E-4
8.87674E-7 1.03203E-6 1.23479E-6 9.18597E-7 7.1578E-7 9.96763E-7 2.28957E-6 3.00491E-6 2.85586E-6 2.77981E-6 7.24816E-7 1.34244E-6 7.71256E-7 7.38432E-7 6.79849E-7 7.42245E-7 2.67384E-6 1.58731E-6 1.25562E-6 1.30982E-6 1.18839E-6 2.02445E-6 3.27985E-6 1.45821E-6 7.16337E-7 1.01009E-6 9.86375E-7 9.2553E-7 1.09576E-6 1.14847E-6 9.62708E-7 1.0207E-6 1.26409E-6 1.08216E-6 1.11507E-6 7.73768E-7 7.5845E-7 1.5184E-6 1.0668E-6 1.03522E-6 1.04844E-6 1.32066E-6 7.73838E-7 1.02462E-6 9.87965E-7 1.17711E-6 1.00228E-6 1.29492E-6 8.88036E-6 1.72696E-6 8.97985E-6 7.68062E-6 1.04837E-4 1.01434E-4 3.98802E-5 2.53603E-5 1.82414E-5 4.04408E-5 1.90683E-5 4.52529E-5 4.2106E-5 4.47021E-5 2.75732E-5 5.36911E-5 5.2429E-5
8.4469E-7 7.84423E-7 1.38409E-6 1.60523E-6 2.06395E-6 3.91943E-6 5.48012E-6 1.42682E-6 6.02927E-7 8.39843E-7 8.65058E-7 7.68806E-7 8.21153E-7 9.74833E-7 8.14677E-7 1.80931E-6 1.3005E-6 2.71209E-6 2.78799E-6 2.29497E-6 1.02692E-6 9.04505E-7 1.362E-6 7.9918E-7 6.96443E-7 1.10135E-6 2.37763E-6 1.72923E-6 1.54849E-6 1.07984E-6 8.90681E-7 7.75559E-7 1.20555E-6 1.64295E-6 1.39054E-6 8.74586E-7 8.11222E-7 9.65789E-7 9.99728E-7 1.0148E-6 1.1905E-6 1.20866E-6 7.75293E-7 7.75742E-7 9.89293E-7 1.35402E-6 7.46443E-7 1.11045E-6 2.01412E-6 1.28885E-6 4.72494E-6 1.63592E-6 2.11936E-6 2.73938E-5 6.15923E-5 5.17787E-5 9.43982E-6 1.36397E-5 3.14206E-6 7.62148E-6 3.78702E-5 2.58196E-5 3.90995E-5 3.98859E-5 3.9461E-5
8.54925E-7 1.5601E-6 4.30272E-6 1.67104E-6 1.10326E-6 1.02375E-6 9.6013E-7 9.04964E-7 8.69352E-7 2.04013E-6 1.11021E-6 1.40869E-6 2.00996E-6 5.7291E-6 5.44684E-6 7.42993E-6 3.29193E-6 1.7503E-6 2.37149E-6 1.68659E-6 9.71964E-7 1.02773E-6 1.37584E-6 1.10315E-6 1.12149E-6 1.51212E-6 1.01743E-6 1.92906E-6 1.88707E-6 1.15887E-6 1.40481E-6 9.67961E-7 1.06776E-6 1.97167E-6 1.60113E-6 1.17135E-6 9.72617E-7 1.11148E-6 7.49701E-7 7.55425E-7 1.32032E-6 1.07174E-6 1.13074E-6 1.37048E-5 1.46395E-6 7.75027E-7 7.72743E-7 1.60401E-6 1.12087E-5 1.07303E-6 1.37048E-6 1.69042E-6 1.62379E-6 9.48354E-6 2.09998E-6 1.03532E-5 7.39707E-5 1.24516E-4 3.6083E-5 1.48229E-5 1.9966E-5 3.53598E-5 3.90026E-5 3.40862E-5 3.93436E-5
3.09002E-6 2.20497E-6 1.73624E-6 2.80372E-6 1.21978E-6 1.08007E-6 1.30928E-6 8.24202E-7 6.77251E-7 1.5494E-6 6.87232E-6 1.06489E-5 3.64932E-6 2.40623E-6 3.073E-6 9.82873E-6 2.61204E-6 2.39735E-6 1.29429E-6 1.01229E-6 1.45119E-6 1.94049E-6 1.62564E-6 1.21818E-6 1.55793E-6 1.64797E-6 1.32928E-6 4.85672E-6 2.73396E-6 1.54034E-6 1.2211E-6 1.62362E-6 1.02133E-6 1.33715E-6 1.40657E-6 1.29178E-6 1.26191E-6 2.16695E-6 1.03512E-6 1.14987E-6 1.15131E-6 1.02246E-6 1.13981E-6 1.17558E-6 1.08982E-6 7.9238E-7 7.93979E-7 1.03811E-6 1.01805E-6 7.9912E-7 1.20522E-6 1.24422E-6 1.08867E-6 1.10369E-6 1.74652E-6 1.88577E-6 1.44125E-5 2.29985E-5 8.95426E-5 9.25092E-5 3.45026E-5 1.97499E-5 2.22203E-5 4.46711E-5 4.11114E-5
5.41265E-6 5.1751E-6 4.12381E-6 1.38525E-6 8.87169E-7 9.2623E-7 1.36449E-6 1.57789E-6 4.42988E-6 2.03839E-5 7.65566E-6 2.62389E-6 3.29108E-6 3.30114E-6 6.54174E-6 8.85469E-6 2.34684E-6 5.23534E-7 9.10039E-7 3.54109E-6 9.95921E-7 2.09517E-6 2.81405E-6 1.79404E-6 1.30664E-6 1.66191E-6 1.80151E-6 7.43257E-6 1.55752E-6 1.02378E-6 1.32615E-6 7.80854E-7 7.57463E-7 9.99597E-7 1.11594E-6 1.49509E-6 1.05069E-6 1.05687E-6 1.37845E-6 1.09737E-6 1.06394E-6 1.09956E-6 1.05481E-6 1.06103E-6 1.06784E-6 8.1516E-7 1.07665E-6 1.08098E-6 1.30077E-6 1.36734E-6 1.04307E-6 1.05579E-6 1.12319E-6 7.0393E-6 1.98468E-6 5.95824E-6 1.93294E-6 6.04529E-6 1.74636E-5 4.40785E-5 1.32308E-4 5.47834E-5 3.97116E-5 4.24543E-5 3.682E-5
1.34959E-6 9.72169E-7 1.5549E-6 8.68558E-7 1.71671E-6 2.72545E-6 2.83443E-6 8.10622E-6 7.58584E-6 3.71966E-6 2.34559E-6 3.564E-6 5.02715E-6 1.09331E-5 4.61164E-6 3.10394E-6 1.48578E-6 6.11944E-7 6.63843E-7 1.01579E-6 1.80101E-6 1.41377E-6 1.47117E-6 1.25684E-6 1.36978E-6 3.68742E-6 3.57036E-6 2.99371E-6 1.75153E-6 1.74938E-6 1.44041E-6 9.67727E-7 1.06344E-6 9.98496E-7 1.24976E-6 1.20052E-6 1.10776E-6 2.9269E-6 1.28978E-6 1.27025E-6 8.20993E-7 1.08215E-6 1.16395E-6 1.0881E-6 1.08311E-6 1.08035E-6 1.07305E-6 8.04674E-7 1.03946E-6 1.06702E-6 1.08309E-6 8.21481E-7 1.09825E-6 3.3745E-6 7.69947E-6 1.21315E-6 9.80851E-7 1.27581E-6 4.22099E-6 1.48591E-5 4.09746E-5 2.5063E-4 3.77634E-5 3.8802E-5 2.39372E-5
5.51614E-6 4.47341E-6 8.58073E-6 4.36442E-6 5.91453E-6 7.86612E-6 4.97493E-6 5.13735E-6 5.1626E-6 4.94579E-6 3.29392E-6 8.47707E-6 1.19337E-5 5.45546E-6 2.93621E-6 3.77559E-6 2.13044E-6 3.74724E-6 1.29764E-6 2.3089E-6 2.22035E-6 7.8986E-7 1.02867E-6 9.10939E-7 3.10532E-6 1.58152E-6 1.73787E-6 1.97318E-6 1.08506E-6 1.37704E-6 1.31706E-6 1.2289E-6 1.38923E-6 7.5179E-7 1.0081E-6 1.01185E-6 8.32723E-7 1.37492E-6 1.00724E-6 1.12979E-6 1.13868E-6 8.21037E-7 1.07682E-6 1.44917E-6 1.05073E-6 1.18159E-6 1.05964E-6 1.04203E-6 2.64143E-6 1.38865E-6 1.09917E-6 1.13225E-6 1.45228E-6 2.47251E-6 1.53585E-6 1.18481E-6 4.04243E-6 1.39816E-6 1.38339E-6 4.95553E-6 1.10752E-5 2.99977E-5 1.13697E-4 4.78694E-5 4.74783E-5
2.29905E-6 4.89079E-6 9.26829E-6 8.94376E-6 8.96352E-6 2.82361E-6 5.31725E-6 7.39062E-6 7.04534E-6 9.0883E-6 5.20663E-6 2.26649E-6 2.09884E-6 2.50561E-6 3.51438E-6 6.44412E-6 8.57063E-6 5.77136E-6 6.19889E-6 4.64376E-6 5.28554E-6 1.89473E-6 9.64117E-7 6.52057E-7 1.98348E-6 3.5956E-6 2.09723E-6 2.24612E-6 1.54528E-6 1.42478E-6 1.78684E-6 1.01895E-6 1.01679E-6 9.94309E-7 1.04114E-6 1.04086E-6 9.93233E-7 1.04369E-6 7.83287E-7 8.02381E-7 1.07478E-6 1.0785E-6 8.06062E-7 1.04875E-6 1.04603E-6 1.03169E-6 1.04169E-6 1.04853E-6 1.05339E-6 1.11146E-6 1.09481E-6 8.48261E-7 2.08753E-6 1.14512E-6 1.16957E-6 1.20683E-6 2.33704E-6 1.13742E-6 8.52347E-7 1.74524E-6 3.34075E-6 2.51839E-6 4.51805E-6 7.04249E-5 1.76479E-4
5.53242E-6 5.15406E-6 5.90708E-6 9.71022E-6 8.23908E-6 5.32435E-6 6.22633E-6 5.69399E-6 4.88939E-6 6.11821E-6 1.42397E-6 9.3509E-7 1.09644E-6 1.43219E-6 1.49818E-6 1.53161E-6 8.0287E-6 4.39704E-6 7.52687E-6 7.35003E-6 7.97118E-6 3.99926E-6 7.37553E-7 6.00549E-7 9.29485E-7 3.15511E-6 2.1728E-6 1.57406E-6 7.98174E-7 1.27894E-6 1.84272E-6 9.31008E-7 1.04049E-6 1.15271E-6 7.97975E-7 1.02594E-6 1.20108E-6 1.02961E-6 7.89483E-7 7.93339E-7 1.05476E-6 1.21553E-6 9.9869E-7 1.60303E-6 1.02953E-6 1.04066E-6 1.07731E-6 1.09058E-6 8.22828E-7 1.09828E-6 1.10898E-6 8.76728E-7 2.24481E-6 1.22129E-6 1.23466E-6 1.13353E-6 8.95839E-7 1.93685E-6 1.23926E-6 1.2397E-6 2.72363E-6 1.30218E-6 3.68357E-6 2.09228E-5 5.80342E-5
5.10835E-6 2.08152E-6 2.33285E-6 3.25353E-6 5.74521E-6 1.14474E-6 2.03136E-6 4.54775E-6 3.96644E-6 3.64621E-6 3.39386E-6 1.29524E-6 1.92746E-6 1.69407E-6 2.35138E-6 6.2483E-6 7.39295E-6 5.32313E-6 9.78032E-6 1.09665E-5 3.15713E-6 3.98596E-6 4.26172E-6 1.18162E-6 3.57309E-6 8.53179E-7 1.51005E-6 9.07271E-7 9.74659E-7 1.05144E-6 2.05805E-6 9.12192E-7 8.84127E-7 1.07141E-6 1.07396E-6 1.04116E-6 1.03948E-6 1.06377E-6 1.53699E-6 1.04983E-6 7.98175E-7 1.03142E-6 8.63617E-7 1.03583E-6 8.06213E-7 1.13278E-6 1.10276E-6 1.128E-6 1.11099E-6 1.19587E-6 2.34247E-6 1.20332E-6 1.81285E-6 1.30494E-6 1.33369E-6 1.22459E-6 1.26197E-6 1.19267E-5 5.31545E-6 1.80323E-6 2.27845E-6 3.01891E-6 6.63847E-6 1.57103E-5 3.17117E-5
1.93311E-5 1.42988E-5 1.06731E-5 3.76849E-6 1.05519E-6 1.78855E-6 2.70075E-6 5.31434E-6 4.23352E-6 7.88466E-6 1.97747E-6 1.20945E-6 1.72959E-6 4.30104E-6 3.26735E-6 6.1437E-6 2.12337E-6 4.38169E-6 1.86204E-6 1.61357E-6 3.16497E-6 2.10851E-6 1.40886E-6 1.4797E-6 1.41185E-6 1.46541E-6 1.01498E-6 6.17032E-7 5.29406E-7 5.43371E-7 1.08215E-6 1.05856E-6 1.16087E-6 1.10152E-6 1.13675E-6 1.09828E-6 1.16251E-6 7.96202E-7 8.16104E-7 1.03668E-6 1.06815E-6 1.09226E-6 1.09764E-6 1.08079E-6 1.20537E-6 8.44784E-7 8.55535E-7 1.13965E-6 1.12131E-6 1.10091E-6 1.2144E-6 1.71932E-6 4.41333E-6 1.27239E-6 1.14177E-6 1.32299E-6 1.03359E-6 1.33415E-5 5.12946E-6 1.17585E-5 4.67241E-6 4.81268E-6 1.56032E-5 3.26075E-5 1.70087E-5
1.98303E-5 1.29174E-5 9.21464E-6 5.31376E-6 4.85877E-6 2.37175E-6 2.12016E-6 2.45458E-6 6.61149E-6 2.2785E-5 3.61279E-6 1.14946E-6 9.72684E-7 6.8354E-6 2.3098E-5 8.03802E-6 3.30766E-6 1.72804E-6 1.181E-6 2.71176E-6 6.9976E-6 1.76307E-6 1.23078E-6 1.32304E-6 1.65117E-6 6.21368E-7 5.53553E-7 6.6501E-7 2.43087E-6 5.74519E-7 7.85341E-7 1.07654E-6 1.33903E-6 1.66677E-6 1.00264E-6 1.36157E-6 1.48868E-6 8.06455E-7 6.92849E-7 8.29938E-7 1.05482E-6 1.0838E-6 1.12795E-6 1.50414E-6 1.13184E-6 1.13642E-6 1.14465E-6 1.1474E-6 1.12857E-6 1.1597E-6 8.82576E-7 2.19398E-6 3.10486E-6 1.22621E-6 1.20537E-6 1.24635E-6 1.40965E-6 4.73347E-6 3.47759E-6 5.44099E-6 9.30225E-6 1.31056E-5 8.21404E-6 1.6565E-5 2.51272E-5
2.48146E-5 1.22131E-5 8.31046E-6 2.00901E-5 2.79035E-6 2.01576E-6 2.76078E-6 6.30511E-6 1.25499E-5 1.78874E-5 5.28042E-6 1.09245E-5 7.74997E-6 8.87522E-6 6.54518E-6 6.77578E-6 2.73637E-6 1.67664E-6 3.47895E-6 2.32877E-6 7.42512E-6 3.57359E-6 2.12695E-6 1.34278E-6 2.51482E-6 9.04507E-7 4.02733E-7 1.17723E-6 1.74479E-6 4.07115E-6 9.67535E-7 8.34055E-7 3.77357E-7 7.97946E-7 8.14226E-7 9.0751E-7 1.2835E-6 1.0541E-6 8.33087E-7 7.02592E-7 8.23326E-7 1.09804E-6 8.45112E-7 8.07575E-7 8.09516E-7 1.25545E-6 1.12821E-6 1.13522E-6 1.19375E-6 1.15961E-6 1.01722E-6 2.46892E-6 1.54785E-6 1.53083E-6 1.24827E-6 1.20212E-6 1.2542E-6 1.82115E-6 5.46297E-6 1.38225E-6 1.45164E-5 1.03512E-5 1.33054E-5 1.86548E-5 2.66306E-5
2.65922E-5 2.65669E-5 2.24252E-5 1.53301E-5 6.81752E-6 3.37219E-6 3.8571E-6 8.81735E-6 2.47804E-6 6.74937E-6 3.36849E-6 6.80025E-6 9.21649E-6 7.38669E-6 6.02329E-6 9.12526E-6 4.19497E-6 1.08621E-5 9.84502E-6 3.87878E-6 1.88127E-6 3.96617E-6 4.55366E-6 7.44482E-6 1.60806E-5 1.35554E-5 1.43154E-5 5.50868E-6 2.26192E-6 1.15628E-6 4.91394E-7 3.19046E-7 5.67205E-7 5.58617E-7 1.15798E-6 3.07582E-6 2.81735E-6 4.41524E-6 2.23836E-6 1.00393E-6 1.02558E-6 1.08321E-6 1.6116E-6 8.64078E-7 6.17403E-7 7.07607E-7 8.7607E-7 1.11717E-6 1.18381E-6 2.58825E-6 2.24115E-6 1.82103E-6 2.61763E-6 1.2793E-6 1.55565E-6 1.03271E-6 1.2519E-6 1.70769E-6 2.95389E-6 5.27508E-6 3.57346E-6 3.08092E-6 1.34847E-5 1.40954E-5 2.23506E-5
