catData/rasterBestHybridModels/Prubiginosus/RD_RM2_L/Prubiginosus_stddev.asc
ncols         409
nrows         350
xllcorner     60.897278365
yllcorner     5.843756025
cellsize      0.0892857
NODATA_value  -9999
[rows 145 to 173 of 350, columns 195 to 259 of 409]
1.44899E-5 1.91682E-5 1.24029E-5 2.22985E-5 1.50187E-5 2.49764E-5 1.35958E-5 1.86207E-5 1.99791E-5 2.08891E-5 1.69048E-5 1.22937E-5 1.15224E-5 1.07585E-5 2.50645E-5 5.96848E-5 7.76776E-6 2.94592E-5 3.38422E-5 9.19906E-6 1.07971E-5 9.73003E-6 1.18776E-5 1.29858E-5 4.76544E-5 1.14206E-5 9.91831E-6 8.78486E-6 1.09063E-5 8.73831E-6 1.31905E-5 1.62325E-5 1.13731E-5 1.08848E-5 8.27959E-6 9.77999E-6 1.00538E-5 1.18045E-5 1.19738E-5 8.46732E-6 7.89514E-6 6.55966E-6 1.14008E-5 1.36975E-5 1.33353E-5 8.92642E-6 1.65794E-5 7.59516E-6 1.32982E-5 1.51262E-5 9.79733E-6 9.21535E-6 7.754E-6 8.48212E-6 4.23016E-6 4.56504E-6 5.18456E-6 3.86322E-6 6.56067E-6 8.92471E-6 8.66477E-6 6.87369E-6 6.83128E-6 6.82343E-6 1.09936E-5
1.85973E-5 1.91384E-5 8.55539E-6 1.46125E-5 1.31217E-5 9.68457E-6 1.01536E-5 1.26164E-5 1.4573E-5 1.0023E-5 1.02302E-5 1.1623E-5 1.08799E-5 2.33778E-5 1.78322E-5 1.04348E-5 1.32718E-5 1.15434E-4 1.33918E-5 7.4704E-6 4.68723E-6 5.66686E-6 1.48555E-5 1.57775E-5 1.01576E-5 1.06037E-5 1.03978E-5 9.43247E-6 8.24501E-6 1.47615E-5 1.44417E-5 1.43664E-5 1.65035E-5 8.89471E-6 1.24054E-5 9.28579E-6 3.60362E-5 7.22739E-5 2.4519E-5 1.75585E-5 1.39685E-5 1.17492E-5 1.32761E-5 9.16061E-6 1.30976E-5 1.89909E-5 4.07148E-6 9.04091E-6 5.21954E-6 5.41297E-6 7.13309E-6 5.88645E-6 4.2048E-6 7.12043E-6 3.35891E-6 8.34972E-6 8.41633E-6 9.0698E-6 1.78464E-5 1.12764E-5 1.69138E-5 7.53437E-6 1.56046E-5 1.25648E-5 8.85638E-6
1.64712E-5 2.51726E-5 6.67586E-5 1.62097E-5 1.59608E-5 1.51107E-5 9.61658E-6 1.0364E-5 1.52987E-5 9.85277E-6 7.94587E-6 1.63266E-5 1.61252E-5 1.96987E-5 1.00153E-5 1.41302E-5 1.28167E-5 2.91907E-5 1.06632E-5 1.23508E-5 1.32096E-5 1.1107E-5 1.14335E-5 9.68726E-6 1.07028E-5 8.84193E-6 8.67725E-6 9.9693E-6 1.16687E-5 1.1776E-5 1.29917E-5 1.46506E-5 1.31583E-5 1.33968E-5 1.10044E-5 1.07723E-5 9.88301E-6 3.71683E-5 1.60248E-5 1.55786E-5 1.59229E-5 9.67374E-6 9.81945E-6 1.33683E-5 1.02738E-5 1.13889E-5 5.42469E-6 8.03844E-6 7.90431E-6 6.52843E-6 1.65378E-5 7.39203E-6 9.8896E-6 1.02605E-5 1.07556E-5 6.02671E-6 1.22956E-5 2.16618E-5 8.98391E-6 1.34388E-5 1.67133E-5 5.53974E-6 4.90498E-6 2.05595E-5 9.77879E-6
3.24585E-5 2.26236E-5 3.04906E-5 2.70172E-5 1.23118E-5 1.35498E-5 9.53188E-6 1.95694E-5 1.38567E-5 9.45209E-6 2.2102E-5 3.49831E-5 2.13806E-5 1.4491E-5 1.18048E-5 1.39435E-5 1.12015E-5 7.0898E-5 1.05512E-5 3.36334E-5 5.39765E-5 9.21213E-6 1.4571E-5 1.14195E-5 9.66784E-6 9.27535E-6 8.67196E-6 8.90335E-6 1.30863E-5 2.03188E-5 3.95672E-5 1.60274E-5 1.22653E-5 1.54664E-5 1.35513E-5 1.7475E-5 1.70545E-5 1.47373E-5 1.89139E-5 1.29428E-5 1.56473E-5 8.64912E-6 1.11958E-5 1.3534E-5 9.94388E-6 1.16275E-5 9.97412E-6 9.56362E-6 8.73554E-6 6.25976E-6 7.44544E-6 7.16745E-6 8.86609E-6 1.22097E-5 1.03284E-5 8.53014E-6 1.32993E-5 9.01081E-6 1.74865E-5 1.18351E-5 1.11248E-5 1.82544E-5 1.01221E-5 1.30811E-5 1.03015E-5
2.78662E-5 1.72427E-5 1.61238E-5 2.10372E-5 1.54349E-5 2.34815E-5 1.36868E-5 1.62225E-5 1.08078E-5 1.32135E-5 2.96413E-5 1.11365E-5 1.04598E-5 1.1063E-5 9.39313E-6 8.37249E-6 1.972E-5 5.87249E-5 1.37837E-5 1.71003E-5 2.55312E-5 1.09597E-5 8.83756E-6 7.87043E-6 7.09571E-6 8.66627E-6 1.04476E-5 9.35539E-6 9.57414E-6 3.64206E-5 1.74707E-5 1.40423E-5 1.27773E-5 7.01471E-6 1.24886E-5 1.97812E-5 1.62286E-5 1.10659E-5 1.35291E-5 2.26601E-5 3.1914E-5 2.02497E-5 1.49682E-5 2.36119E-5 3.73631E-5 1.55522E-5 1.1015E-5 1.28245E-5 2.11535E-5 1.4304E-5 1.50579E-5 2.62792E-5 3.02524E-5 2.35876E-5 1.70769E-5 1.55419E-5 1.33378E-5 1.27441E-5 1.74742E-5 1.00495E-5 9.07892E-6 1.2775E-5 1.278E-5 1.44075E-5 8.24165E-6
4.19368E-5 2.71168E-5 1.93027E-5 1.5013E-5 1.4892E-5 2.16233E-5 1.81166E-5 1.49083E-5 8.48538E-6 6.68212E-6 1.96129E-5 2.63696E-5 1.07946E-5 1.55381E-5 1.03198E-5 9.85391E-6 3.84524E-5 4.642E-5 2.40037E-5 8.55251E-6 6.61192E-6 8.52029E-6 5.73211E-6 5.55434E-6 1.41289E-5 1.22079E-5 8.35965E-6 1.47678E-5 1.38331E-5 1.6903E-5 1.56808E-5 1.64904E-5 1.11924E-5 3.30836E-5 1.69091E-5 1.77127E-5 1.47649E-5 1.45726E-5 2.03413E-5 2.56353E-5 2.23268E-5 1.8948E-5 2.02959E-5 1.76673E-5 1.44256E-5 1.79587E-5 1.25281E-5 1.62215E-5 9.55219E-6 2.83831E-5 1.67489E-5 1.28527E-5 1.01847E-5 1.37239E-5 1.00498E-5 9.49482E-6 1.36262E-5 1.43581E-5 2.71421E-5 1.7424E-5 1.24548E-5 1.22855E-5 6.40522E-6 8.33254E-6 9.08089E-6
2.06912E-5 1.71123E-5 2.05812E-5 1.45162E-5 2.11018E-5 1.92314E-5 1.24265E-5 1.31121E-5 1.72015E-5 1.3051E-5 6.38697E-5 1.55697E-5 1.2075E-5 1.2364E-5 1.40939E-5 1.37443E-5 1.81001E-5 1.27202E-5 1.57344E-5 1.01032E-5 4.63585E-6 7.95628E-6 1.4166E-5 2.02873E-5 2.35527E-5 1.11771E-5 1.30201E-5 1.16955E-5 9.18292E-6 3.4351E-5 1.76753E-5 2.97966E-5 5.97214E-5 1.96507E-5 1.62711E-5 2.41609E-5 5.59687E-5 3.65589E-5 1.45519E-5 2.00744E-5 1.04718E-5 9.45329E-6 1.9892E-5 1.63708E-5 1.51643E-5 2.3938E-5 1.36625E-5 1.812E-5 3.26875E-5 8.22584E-6 1.46175E-5 7.21404E-6 1.18574E-5 1.81675E-5 1.41934E-5 8.7971E-6 8.83006E-6 1.56495E-5 1.80479E-5 1.37327E-5 8.77584E-6 1.14402E-5 1.07171E-5 9.25143E-6 1.09378E-5
1.62089E-5 1.37101E-5 2.08579E-5 2.23372E-5 2.41297E-5 2.19046E-5 1.59219E-5 2.56875E-5 7.75623E-6 1.58591E-5 3.61802E-5 1.72555E-5 1.63164E-5 2.7089E-5 5.31636E-5 5.86286E-5 3.81641E-5 1.41846E-5 2.20076E-5 2.90829E-5 1.50471E-5 1.48603E-5 1.27615E-5 1.32292E-5 2.36379E-5 1.12316E-5 9.58822E-6 1.64649E-5 1.24671E-5 1.74389E-5 1.66411E-5 5.5318E-5 8.67201E-5 1.67751E-5 1.82161E-5 1.2092E-5 1.60391E-5 1.75972E-5 1.39942E-5 1.5854E-5 8.62593E-6 7.12451E-6 6.69008E-6 1.34232E-5 1.11928E-5 1.40891E-5 1.35237E-5 2.09305E-5 4.11053E-5 9.20523E-6 1.07564E-5 9.69719E-6 1.58818E-5 9.4816E-6 8.93036E-6 1.10643E-5 1.61952E-5 1.5974E-5 1.4632E-5 1.48621E-5 1.20405E-5 1.32714E-5 1.60787E-5 2.16088E-5 7.02423E-6
2.01097E-5 2.82479E-5 4.71936E-5 1.94484E-5 2.6853E-5 2.44864E-5 2.09373E-5 1.74728E-5 1.14027E-5 9.6513E-6 5.11638E-5 1.91211E-5 2.31136E-5 1.254E-5 1.38049E-5 7.83681E-6 1.20324E-5 1.50926E-5 3.7338E-5 1.04865E-5 7.98882E-6 1.36679E-5 1.6025E-5 2.12429E-5 1.79321E-5 1.49093E-5 1.74944E-5 1.30075E-5 1.1666E-5 1.36804E-5 1.73949E-5 2.38569E-5 2.65324E-5 1.74346E-5 1.54883E-5 1.05944E-5 1.55588E-5 1.09073E-5 1.24333E-5 1.424E-5 1.28353E-5 1.01204E-5 1.12704E-5 1.63302E-5 2.67242E-5 3.47231E-5 1.92169E-5 1.43384E-5 1.56708E-5 1.06818E-5 1.04616E-5 9.54125E-6 1.54806E-5 9.28954E-6 1.06241E-5 6.79141E-6 1.22631E-5 1.55315E-5 1.99685E-5 1.41044E-5 1.18808E-5 1.11566E-5 1.02448E-5 7.97147E-6 9.86202E-6
4.36656E-5 3.63086E-5 6.81162E-5 4.02681E-5 3.42539E-5 2.74105E-5 1.27739E-5 2.5457E-5 2.90529E-5 2.60255E-5 1.13514E-4 1.50532E-5 2.30064E-5 3.03152E-5 1.37118E-5 1.11449E-5 9.88364E-6 1.11741E-5 2.13222E-5 6.07397E-6 4.75036E-5 1.72153E-5 3.41704E-5 2.43138E-5 1.95399E-5 1.58726E-5 2.69876E-5 1.6997E-5 1.10269E-5 1.81017E-5 1.149E-5 2.43067E-5 2.17957E-5 1.20753E-5 1.27576E-5 8.50116E-6 8.53851E-6 1.11145E-5 7.60214E-6 1.0281E-5 9.24964E-6 1.10166E-5 7.34793E-6 8.21311E-6 1.21099E-5 9.17523E-6 6.69216E-6 8.42358E-6 5.96267E-6 8.5821E-6 1.54817E-5 1.60459E-5 9.17445E-6 7.68051E-6 7.88108E-6 7.19639E-6 1.11184E-5 9.48822E-6 8.97144E-6 1.00931E-5 1.21883E-5 8.9404E-6 1.11478E-5 9.99061E-6 1.26388E-5
2.43736E-5 2.66154E-5 2.96001E-5 2.99022E-5 5.86042E-5 1.31044E-5 2.35021E-5 2.69984E-5 3.27982E-5 6.98286E-5 1.9041E-4 5.98885E-5 3.14328E-5 8.52699E-6 9.98617E-6 2.85674E-5 3.51808E-5 9.26665E-6 8.09757E-6 1.09307E-5 6.86969E-6 1.53382E-5 2.6456E-5 1.73497E-5 1.77148E-5 2.73928E-5 1.39626E-5 1.5781E-5 1.89421E-5 2.16078E-5 1.73051E-5 2.2455E-5 4.17622E-5 2.01094E-5 9.32472E-6 1.06015E-5 9.25146E-6 1.09349E-5 7.40117E-6 6.36247E-6 1.08412E-5 1.09773E-5 1.1051E-5 7.69113E-6 9.91537E-6 6.37996E-6 5.20087E-6 6.0268E-6 6.84798E-6 1.64736E-5 1.33914E-5 9.26151E-6 8.97613E-6 6.68658E-6 6.65809E-6 5.07149E-6 3.80766E-6 7.23287E-6 1.23646E-5 1.31024E-5 3.52019E-5 2.39377E-5 1.63573E-5 1.70832E-5 2.08184E-5
2.72734E-5 3.81828E-5 3.2096E-5 3.88674E-5 1.59582E-5 8.12792E-5 3.82462E-5 2.21107E-5 1.1213E-5 2.86021E-5 3.11514E-5 1.89339E-5 1.17231E-5 8.06684E-6 8.44968E-6 1.1547E-5 7.50362E-6 6.61849E-6 6.04801E-6 8.62663E-6 7.12586E-6 9.95278E-6 1.00992E-5 1.43085E-5 1.64028E-5 1.13396E-5 1.12015E-5 1.79696E-5 2.0199E-5 1.32814E-5 1.02077E-5 1.92855E-5 2.97951E-5 3.36476E-5 1.20315E-5 6.47874E-6 6.92281E-6 8.115E-6 7.64221E-6 9.99087E-6 1.07589E-5 1.09185E-5 1.12309E-5 8.62343E-6 8.77158E-6 7.49542E-6 9.27062E-6 8.22648E-6 5.62514E-6 6.92101E-6 1.07936E-5 6.78065E-6 1.03888E-5 9.7173E-6 6.64392E-6 1.1357E-5 5.82186E-6 1.12517E-5 1.17522E-5 1.23269E-5 2.06832E-5 2.03973E-5 4.24951E-5 2.07155E-5 1.41369E-5
2.45142E-5 2.89598E-5 3.45376E-5 2.18981E-5 1.65521E-5 2.05678E-5 1.29115E-5 8.31127E-6 1.02052E-5 1.09467E-5 9.16679E-6 1.26814E-5 1.22354E-5 6.40292E-6 9.01695E-6 8.59415E-6 1.80392E-5 1.09564E-5 8.07368E-6 1.62469E-5 1.16384E-5 1.62774E-5 2.05148E-5 1.15916E-5 1.36958E-5 1.46221E-5 1.18333E-5 2.16568E-5 1.37313E-5 1.13183E-5 1.306E-5 1.30492E-5 1.51415E-5 1.46732E-5 1.88543E-5 2.11597E-5 9.2098E-6 2.17716E-5 7.62029E-6 9.38232E-6 1.12441E-5 9.8516E-6 8.40056E-6 7.28109E-6 1.03673E-5 8.44585E-6 7.82193E-6 5.27238E-6 8.9775E-6 1.15026E-5 8.09827E-6 7.17097E-6 7.22637E-6 8.30694E-6 6.63179E-6 8.89129E-6 7.52777E-6 1.21591E-5 1.29812E-5 2.00361E-5 3.37817E-5 2.80026E-5 2.66994E-5 2.19263E-5 3.29786E-5
1.70252E-5 1.57404E-5 1.0426E-5 2.02346E-5 5.47643E-6 8.54754E-6 1.77469E-5 8.26446E-6 7.09876E-6 4.00332E-6 6.45568E-6 2.38361E-5 2.07817E-5 7.90545E-6 1.44058E-5 2.23158E-5 4.46089E-5 8.97484E-6 8.20515E-6 2.22053E-5 2.5926E-5 2.69136E-5 2.05698E-5 1.10002E-5 1.06268E-5 1.81703E-5 1.69452E-5 2.06524E-5 2.59948E-5 1.27814E-5 1.44617E-5 1.17283E-5 1.44048E-5 2.02991E-5 1.74274E-5 1.7644E-5 1.89237E-5 1.26624E-5 1.63052E-5 7.64676E-6 7.90107E-6 5.65315E-6 1.18262E-5 8.46201E-6 1.15487E-5 8.13378E-6 8.16819E-6 7.52821E-6 8.05077E-6 9.94634E-6 9.52736E-6 1.04588E-5 1.12047E-5 1.53621E-5 1.41015E-5 1.61563E-5 2.5123E-5 1.27873E-5 1.5823E-5 1.31639E-5 1.5498E-5 2.10239E-5 1.41244E-5 1.99454E-5 2.4126E-5
8.80334E-6 1.82102E-5 1.36333E-5 5.87944E-6 7.52455E-6 6.55155E-6 1.11674E-5 6.56282E-6 8.71816E-6 8.46187E-6 8.58509E-6 2.34036E-5 1.3158E-5 5.27593E-5 3.28768E-5 3.68146E-5 8.68997E-5 2.18167E-5 1.21085E-5 1.24015E-5 5.16955E-5 9.4231E-6 1.18153E-5 3.35619E-5 1.66474E-5 4.56753E-5 1.83274E-5 4.35221E-5 3.27556E-5 1.69865E-5 2.08468E-5 1.36536E-5 1.58137E-5 1.19815E-5 1.16075E-5 1.36914E-5 1.07895E-5 1.11526E-5 1.27339E-5 2.00704E-5 1.73046E-5 1.45362E-5 9.3977E-6 8.29864E-6 2.97417E-5 1.50832E-5 8.64889E-6 1.7381E-5 3.89526E-5 3.45009E-5 1.13321E-5 3.57969E-5 1.5525E-5 1.44583E-5 2.77879E-5 1.88779E-5 1.87215E-5 1.33008E-5 1.41269E-5 1.57054E-5 3.03175E-5 2.46489E-5 1.63743E-5 1.70328E-5 3.37643E-5
4.43815E-6 8.02322E-6 4.8316E-6 9.60844E-6 1.77508E-5 1.01452E-5 3.60584E-5 2.3504E-5 2.5022E-5 8.38973E-5 1.40216E-4 5.72415E-5 2.37872E-5 7.9294E-5 6.08989E-5 2.59902E-5 3.30331E-5 3.05876E-5 2.51018E-5 1.28855E-5 1.34184E-5 1.23681E-5 1.16153E-5 4.38543E-5 1.60576E-5 1.57021E-5 1.24998E-5 2.63846E-5 2.08279E-5 2.05071E-5 1.71862E-5 1.7896E-5 1.53204E-5 1.33368E-5 1.35741E-5 1.20492E-5 1.06414E-5 1.25153E-5 2.00752E-5 1.59042E-5 2.25419E-5 1.53638E-5 1.17916E-5 2.04554E-5 6.44013E-5 9.76217E-6 1.78941E-5 1.24841E-5 3.78163E-5 3.1302E-5 2.0064E-5 2.14574E-5 1.8338E-5 1.93099E-5 2.01884E-5 1.02594E-5 1.64172E-5 1.62E-5 1.57303E-5 1.85497E-5 2.38853E-5 1.85021E-5 1.60607E-5 1.78502E-5 2.22957E-5
1.55285E-5 6.65994E-5 1.14012E-4 5.93461E-5 4.00714E-5 2.41687E-5 2.98815E-5 7.38104E-5 2.31347E-4 7.55311E-5 1.31458E-4 8.4285E-5 8.43891E-5 1.27531E-4 2.0529E-5 1.43521E-5 1.76584E-5 1.46588E-5 1.58175E-5 3.47108E-5 1.65901E-5 5.57035E-5 2.4087E-5 1.4036E-5 9.1204E-6 2.78557E-5 2.00472E-5 3.32237E-5 2.20468E-5 3.19471E-5 2.26615E-5 1.78377E-5 2.23085E-5 1.85051E-5 1.26882E-5 1.95883E-5 1.16706E-5 9.60805E-6 1.23556E-5 1.7807E-5 1.07643E-5 8.78901E-6 2.07931E-5 1.93197E-5 1.52853E-5 9.1019E-6 1.18113E-5 1.2898E-5 1.40877E-5 1.74078E-5 2.51387E-5 2.96368E-5 1.14634E-5 1.67212E-5 2.27705E-5 1.35276E-5 1.52784E-5 2.09873E-5 1.52577E-5 1.52063E-5 2.12545E-5 2.21505E-5 1.77545E-5 3.77922E-5 2.80666E-5
2.42854E-5 4.83461E-5 7.66463E-5 6.3942E-5 2.59671E-5 3.55346E-5 5.0083E-5 2.3437E-4 2.2752E-4 9.45919E-5 5.01625E-5 4.30526E-5 2.95986E-5 3.14185E-5 2.99454E-5 2.75425E-5 3.47812E-5 3.10166E-5 2.47955E-5 1.28381E-5 1.17744E-5 3.92119E-5 1.44087E-5 5.82296E-6 1.96977E-5 3.91654E-5 5.90173E-5 2.58069E-5 2.79537E-5 1.72804E-5 3.2699E-5 3.88881E-5 1.78496E-5 1.07714E-5 1.14987E-5 2.30802E-5 2.0691E-5 9.68566E-6 1.1454E-5 2.29042E-5 1.62516E-5 2.77259E-5 1.18424E-5 1.12026E-5 1.11499E-5 1.23892E-5 9.28093E-6 1.05507E-5 8.83792E-6 9.72094E-6 9.50795E-6 9.52518E-6 1.91639E-5 4.44828E-5 6.87448E-5 2.44862E-5 1.30449E-5 1.38828E-5 1.16294E-5 1.75506E-5 1.69471E-5 1.85322E-5 1.61181E-5 2.08766E-5 2.28894E-5
1.52743E-5 2.23203E-5 7.58228E-5 1.49676E-4 3.17311E-5 3.00629E-5 2.17983E-5 3.00102E-5 6.86928E-5 3.43181E-5 6.49042E-5 3.87E-5 3.40902E-5 5.02902E-5 5.92135E-5 6.03554E-5 6.77183E-5 2.5544E-5 3.43828E-5 2.59435E-5 1.28506E-5 1.76844E-5 1.02294E-5 6.86E-6 8.381E-6 1.76447E-5 2.1968E-5 2.55112E-5 5.80665E-5 6.89271E-5 4.63628E-5 4.33096E-5 3.29664E-5 3.17329E-5 3.10227E-5 2.93723E-5 1.21308E-5 9.00016E-6 9.92634E-6 9.74346E-6 1.29921E-5 7.905E-6 1.11277E-5 1.28611E-5 1.2274E-5 9.18463E-6 9.2385E-6 8.93642E-6 1.29263E-5 1.82056E-5 1.06375E-5 9.21297E-6 1.74905E-5 5.59558E-5 2.02816E-5 2.0623E-5 3.07633E-5 1.66643E-5 7.52432E-6 9.83026E-6 1.38015E-5 2.02537E-5 1.24662E-5 1.10697E-5 1.38833E-5
2.10463E-5 1.44372E-5 1.92423E-5 2.58615E-5 2.49054E-5 2.18403E-5 2.60192E-5 3.54165E-5 4.74201E-5 2.49063E-5 4.00112E-5 4.59318E-5 1.46648E-4 7.20562E-5 5.66163E-5 3.64884E-5 3.42249E-5 2.90498E-5 2.66957E-5 3.313E-5 3.41603E-5 2.49137E-5 3.636E-5 3.12379E-5 6.85044E-5 2.33718E-5 2.69833E-5 3.03566E-5 5.92426E-5 5.43001E-5 3.17875E-5 2.13752E-5 7.09989E-5 1.94057E-4 1.17513E-4 2.89433E-5 2.26665E-5 2.49247E-5 1.26972E-5 1.03752E-5 1.25585E-5 1.29358E-5 1.88983E-5 2.00502E-5 7.86993E-6 1.23115E-5 1.06895E-5 9.39398E-6 1.47352E-5 1.34732E-5 4.81315E-5 2.01294E-5 4.18574E-5 2.35516E-5 2.98181E-5 4.38872E-5 4.58591E-5 3.09263E-5 2.07559E-5 1.7547E-5 1.35227E-5 1.84298E-5 1.80014E-5 1.87925E-5 1.93808E-5
2.33162E-5 1.54139E-5 2.39368E-5 2.36829E-5 1.83867E-5 4.93056E-5 3.27063E-5 6.25747E-5 4.5528E-5 2.45143E-5 2.71863E-5 8.09085E-5 7.82816E-5 5.44651E-5 3.71469E-5 4.45749E-5 2.7853E-5 3.07711E-5 3.03812E-5 6.10196E-5 1.45347E-4 2.66619E-4 3.42715E-4 9.14945E-5 3.58186E-5 2.51684E-5 2.37219E-5 3.28995E-5 4.0411E-5 4.68711E-5 2.46368E-5 3.27126E-5 1.64461E-4 2.37234E-4 1.03552E-4 4.80556E-5 1.16761E-5 9.30282E-6 1.13507E-5 1.17436E-5 1.62439E-5 6.92256E-6 1.63008E-5 8.99752E-6 9.75703E-6 2.26395E-5 8.33644E-6 1.16104E-5 1.41788E-5 1.06524E-5 9.06391E-6 2.54503E-5 1.37041E-5 2.45671E-5 2.71128E-5 2.17851E-5 2.54849E-5 5.79546E-5 4.01513E-5 1.1478E-5 1.76984E-5 1.86752E-5 7.98195E-6 1.62284E-5 1.3358E-5
2.89178E-5 5.30126E-5 3.96184E-5 3.36593E-5 3.89688E-5 4.15605E-5 3.58075E-5 3.49808E-5 2.99299E-5 3.30745E-5 2.43747E-5 9.83988E-6 3.2119E-5 3.22126E-5 1.41514E-5 3.23934E-5 3.12103E-5 5.37498E-5 6.72544E-5 1.79902E-5 4.57402E-5 1.01214E-4 3.23649E-5 7.09551E-5 2.33726E-5 2.82395E-5 2.48549E-5 4.10937E-5 3.36309E-5 2.23845E-5 2.14929E-5 4.58669E-5 1.50429E-4 4.74841E-5 1.07025E-5 8.73574E-6 1.01727E-5 9.6233E-6 5.77375E-6 5.91595E-6 5.29885E-6 8.69626E-6 9.2004E-6 3.53897E-6 6.0395E-6 1.58435E-5 1.25775E-5 7.65595E-6 8.98159E-6 8.46097E-6 1.19017E-5 1.15177E-5 1.32388E-5 1.11072E-5 1.19574E-5 1.6728E-5 1.43361E-5 1.88104E-5 2.18951E-5 2.2015E-5 3.92971E-5 2.039E-5 1.9485E-5 1.5819E-5 1.4457E-5
4.57587E-5 5.01443E-5 6.1072E-5 4.1596E-5 2.68031E-5 3.60915E-5 5.1815E-5 2.09312E-5 2.2518E-5 2.94235E-5 3.04986E-5 2.84588E-5 3.18027E-5 3.17553E-5 1.79736E-5 1.17766E-5 1.00012E-5 1.61497E-4 7.5678E-5 2.71074E-5 5.46285E-5 2.73228E-5 1.75098E-5 2.75426E-5 3.13066E-5 3.27083E-5 3.29927E-5 2.40613E-5 2.80598E-5 2.69641E-5 2.48403E-5 6.61901E-5 1.866E-5 1.059E-5 1.1054E-5 6.68049E-6 6.7331E-6 1.2329E-5 1.30062E-5 8.72538E-6 6.69591E-6 1.01638E-5 8.79063E-6 5.29436E-6 3.78333E-6 6.78299E-6 7.10365E-6 5.93155E-6 6.84958E-6 8.96658E-6 1.24207E-5 1.22208E-5 9.37449E-6 9.57193E-6 2.79315E-5 1.61382E-5 1.52672E-5 7.89059E-6 1.32467E-5 2.07308E-5 3.83609E-5 1.56867E-5 2.32247E-5 1.75792E-5 1.41211E-5
3.7945E-5 2.3165E-5 5.04782E-5 4.22559E-5 2.31018E-5 2.16484E-5 1.90431E-5 3.22093E-5 5.70732E-5 3.37841E-5 3.39929E-5 3.40816E-5 2.47324E-5 2.45805E-5 2.93538E-5 1.02998E-5 8.67422E-6 8.3389E-5 4.46182E-5 3.61393E-5 1.91614E-5 1.72363E-5 2.50409E-5 2.42043E-5 1.23133E-5 2.71911E-5 2.05067E-5 2.00397E-5 3.51386E-5 4.01721E-5 5.48942E-5 4.97685E-5 1.38505E-5 9.80007E-6 5.48366E-6 7.86419E-6 5.73328E-6 5.85593E-6 1.17222E-5 1.08032E-5 7.0374E-6 7.08429E-6 7.66678E-6 8.54599E-6 2.77632E-6 3.54949E-6 5.48024E-6 2.83418E-6 5.57244E-6 2.70511E-6 2.48467E-6 2.39349E-6 2.88026E-6 8.95304E-6 1.22019E-5 1.32445E-5 4.13477E-5 1.55357E-5 1.01345E-5 1.08909E-5 2.04533E-5 2.75036E-5 1.32326E-5 2.0034E-5 1.56435E-5
2.82207E-5 4.68816E-5 5.80043E-5 5.9272E-5 6.19946E-5 3.0546E-5 2.74644E-5 2.90211E-5 2.6345E-5 2.38025E-5 3.76423E-5 2.54221E-5 2.44079E-5 2.13836E-5 2.84042E-5 2.47812E-5 1.39399E-5 2.62112E-5 4.41932E-5 2.80235E-6 1.48659E-5 2.23535E-5 1.80522E-5 1.43664E-5 1.33703E-5 2.25908E-5 3.54644E-5 3.3681E-5 2.51805E-5 3.8473E-5 5.32951E-5 3.84603E-5 1.12418E-5 7.11231E-6 3.14046E-6 4.7312E-6 5.26166E-6 5.48825E-6 6.75402E-6 8.96921E-6 8.60435E-6 9.03899E-6 1.30127E-5 7.84097E-6 2.45597E-6 2.65875E-6 4.23667E-6 2.25073E-6 3.11882E-6 3.24186E-6 3.34562E-6 3.6313E-6 1.76874E-6 2.21638E-6 7.58172E-6 8.52215E-6 1.69961E-5 2.13942E-5 4.1988E-5 2.67357E-5 2.84281E-5 4.76872E-5 1.45728E-5 7.36473E-6 1.31718E-5
3.1694E-5 5.03743E-5 4.98201E-5 1.82393E-4 1.44995E-4 1.364E-4 3.30107E-5 3.90903E-5 2.94627E-5 2.79429E-5 4.05637E-5 4.36793E-5 3.87763E-5 1.45148E-4 1.02334E-4 5.49021E-5 6.77676E-5 5.69943E-5 1.90234E-5 6.09569E-6 4.85396E-6 1.2537E-5 1.48053E-5 1.14245E-5 2.32651E-5 3.09364E-5 6.3492E-5 1.49843E-5 2.06692E-5 1.3984E-4 1.58688E-4 2.63435E-5 1.09498E-5 6.56174E-6 5.09596E-6 8.15958E-6 6.91868E-6 7.41374E-6 5.65859E-6 7.96943E-6 7.80707E-6 8.3741E-6 9.12771E-6 9.61842E-6 4.64271E-6 2.47863E-6 2.26034E-6 3.4452E-6 1.85407E-6 4.54721E-6 2.78582E-6 3.13312E-6 1.83325E-6 1.93029E-6 2.11512E-6 3.59811E-6 5.71905E-6 1.41733E-5 1.24077E-5 3.92622E-5 5.02644E-5 6.00537E-5 1.78095E-5 2.02874E-5 1.2725E-5
3.10405E-5 3.6981E-5 5.47731E-5 2.73155E-4 1.51147E-4 6.17589E-5 8.02258E-5 6.58072E-5 9.39516E-5 5.6773E-5 3.89227E-5 1.28199E-4 1.02314E-4 1.27453E-4 1.00366E-4 4.85573E-5 9.90897E-6 7.14434E-6 1.69621E-5 8.96853E-6 1.06398E-5 6.22119E-6 6.95569E-6 1.80116E-5 1.98173E-5 1.57392E-5 8.61665E-5 2.89889E-5 3.22166E-5 1.44962E-4 2.94332E-5 1.27577E-5 2.10816E-5 6.7591E-6 6.95662E-6 6.14966E-6 9.28119E-6 6.75155E-6 8.78778E-6 5.30073E-6 7.53382E-6 9.25972E-6 9.12863E-6 9.35947E-6 9.81293E-6 3.83296E-6 2.95108E-6 2.97101E-6 3.18021E-6 4.88392E-6 3.56137E-6 6.72831E-6 5.07749E-6 3.53619E-6 2.14274E-6 3.51404E-6 6.28697E-6 1.23528E-5 1.0175E-5 8.8023E-6 1.69024E-5 1.42951E-5 1.42357E-5 1.45844E-5 1.4844E-5
3.40092E-5 4.15658E-5 3.70964E-5 1.5771E-4 4.89024E-4 1.05653E-4 4.95935E-5 1.16804E-4 5.32517E-5 4.7113E-5 3.36687E-5 4.00218E-5 1.31107E-4 4.02505E-5 7.81503E-5 4.35192E-5 1.33718E-5 1.87032E-5 2.18795E-5 1.09845E-5 9.57906E-6 1.01155E-5 1.16931E-5 2.74432E-5 2.2025E-5 1.36328E-5 3.93029E-5 5.13903E-5 7.61696E-5 4.85121E-5 6.47515E-5 1.05681E-5 1.15232E-5 9.34562E-6 9.26793E-6 7.31416E-6 1.05908E-5 8.29753E-6 9.21592E-6 1.06863E-5 1.01073E-5 9.43652E-6 7.25531E-6 9.20878E-6 5.4403E-6 6.26249E-6 1.13336E-5 7.76373E-6 7.32244E-6 1.00183E-5 8.66433E-6 7.74509E-6 3.02364E-6 6.24087E-6 5.6744E-6 5.05812E-6 8.16479E-6 1.38253E-5 1.55184E-5 1.97213E-5 1.97646E-5 8.90981E-6 1.39962E-5 1.55579E-5 1.24522E-5
8.19634E-5 4.35265E-5 3.37379E-5 1.23922E-4 2.11999E-5 3.75186E-5 2.05529E-5 1.001E-4 1.50002E-4 2.82045E-5 6.15462E-5 3.39947E-5 8.55704E-5 1.28243E-4 7.36194E-5 1.58473E-5 2.35339E-5 5.40812E-5 9.51457E-6 1.07009E-5 1.23804E-5 7.72866E-6 1.01817E-5 1.47506E-5 2.00368E-5 1.33241E-5 1.69115E-5 1.61182E-5 1.40585E-4 8.68447E-5 1.59034E-5 8.71013E-6 8.50625E-6 8.06639E-6 8.5028E-6 8.0834E-6 9.30262E-6 9.93059E-6 9.99459E-6 1.22216E-5 1.18917E-5 1.13931E-5 6.04177E-6 3.88591E-6 6.08613E-6 1.04789E-5 7.99144E-6 1.65842E-5 2.23513E-5 1.57507E-5 1.05714E-5 1.06864E-5 3.01127E-6 3.26694E-6 4.81008E-6 4.47184E-6 2.19222E-6 5.039E-6 3.92017E-5 4.16364E-5 2.93483E-5 1.45786E-5 1.31033E-5 7.38001E-6 1.12202E-5
