catData/rasterBestHybridModels/Prubiginosus/RD_RM2_L/Prubiginosus_min.asc
ncols         409
nrows         350
xllcorner     60.897278365
yllcorner     5.843756025
cellsize      0.0892857
NODATA_value  -9999
[rows 145 to 173 of 350, columns 130 to 194 of 409]
4.02184E-6 2.29316E-6 1.23624E-5 7.02745E-5 7.74303E-5 5.82999E-5 3.97125E-5 4.51029E-4 8.8031E-4 2.71534E-4 4.13924E-5 2.14934E-5 1.51828E-5 5.04685E-5 1.49172E-5 1.74263E-5 1.70299E-5 1.30011E-5 2.48073E-5 3.83999E-5 5.53956E-5 6.72585E-5 1.34421E-4 3.67073E-4 1.01758E-4 5.51048E-5 1.60079E-5 1.37957E-5 1.63161E-5 7.67191E-6 1.97001E-6 1.27358E-5 2.10422E-5 2.04749E-5 1.96262E-5 2.65229E-5 1.90591E-5 8.52787E-6 2.51556E-5 2.24596E-5 5.80839E-5 1.30497E-5 1.13689E-5 2.45046E-5 4.03451E-5 3.76778E-5 3.01981E-5 3.14636E-5 3.73802E-5 2.62216E-5 2.98963E-5 1.99987E-5 1.69516E-5 5.65072E-5 5.88809E-5 5.77275E-5 5.89019E-5 3.7987E-5 1.27808E-4 2.22643E-4 6.32605E-5 4.96286E-5 4.39653E-5 5.13246E-5 3.88528E-5
2.66162E-6 7.95211E-6 6.15162E-6 3.11791E-5 2.49184E-5 4.88442E-5 7.36331E-5 2.85301E-4 7.72088E-4 1.56467E-4 2.02158E-5 2.13252E-5 5.03518E-5 1.84727E-5 1.43538E-5 1.77881E-5 1.69926E-5 1.83214E-5 4.17574E-5 2.78277E-5 1.11678E-4 4.50084E-5 3.8435E-4 1.67142E-4 1.02929E-4 5.28035E-5 3.99527E-5 1.36913E-5 1.12162E-5 8.86838E-6 2.848E-5 1.73926E-5 1.70006E-5 3.75683E-5 1.66127E-5 1.28511E-5 1.83819E-5 3.55494E-5 3.04806E-5 2.10194E-5 2.91594E-5 2.49716E-5 6.14934E-6 9.9926E-6 2.67041E-5 4.50244E-5 2.85047E-5 5.56311E-5 3.52961E-5 2.08579E-6 2.73106E-5 2.75447E-5 1.64984E-5 3.68186E-5 6.93655E-5 7.42295E-5 2.41906E-5 3.10313E-5 5.3377E-5 8.15696E-5 3.31328E-5 2.27351E-5 3.96407E-5 4.05097E-5 1.04306E-4
3.34134E-5 2.08115E-5 3.61114E-5 3.34136E-5 6.5693E-5 1.43077E-4 1.27169E-4 3.36144E-4 3.41966E-4 8.63243E-5 2.17125E-5 5.24301E-5 4.96271E-5 2.13423E-5 1.48314E-5 1.88864E-5 1.55952E-5 1.88735E-5 1.33171E-5 2.80235E-5 8.02713E-5 6.9582E-5 8.63476E-5 5.43912E-4 7.32998E-5 6.18819E-5 3.49699E-5 8.04429E-7 7.66118E-7 7.16225E-7 6.92716E-6 1.63984E-5 1.96617E-5 2.95961E-5 2.66301E-5 2.53861E-5 2.6073E-5 3.61297E-5 3.07578E-5 2.16522E-5 1.09775E-6 6.16758E-6 2.97471E-5 2.25933E-5 3.42281E-7 1.53558E-5 1.15191E-5 2.67558E-5 1.87714E-5 1.58495E-6 8.78171E-6 2.94759E-5 2.6526E-5 5.88906E-5 5.22675E-5 4.45758E-5 3.0461E-5 3.54677E-5 5.94773E-5 1.1224E-4 4.45014E-5 7.07641E-5 5.95847E-5 8.82006E-5 2.43215E-4
4.23359E-5 4.80602E-5 4.12904E-5 1.56091E-4 1.92763E-4 1.48903E-4 3.363E-4 3.13963E-4 1.9912E-4 1.68395E-4 1.10882E-5 1.61172E-5 3.8213E-5 4.68734E-5 4.92605E-5 1.88209E-5 3.20129E-5 8.43751E-5 4.49901E-5 2.56919E-5 1.97203E-5 8.95076E-5 4.77218E-5 3.98481E-4 5.43903E-5 7.12674E-5 3.96289E-5 7.68115E-6 5.72098E-7 6.41239E-7 1.34091E-5 1.21535E-5 1.87767E-5 1.46217E-5 1.76698E-5 1.62318E-5 1.50097E-5 3.53862E-5 7.15716E-6 3.45902E-5 2.06031E-5 3.38271E-6 5.61521E-5 3.72633E-5 4.22631E-6 7.34905E-6 8.62549E-7 2.69737E-5 2.87516E-5 3.04556E-6 3.37188E-6 1.7333E-5 1.93814E-5 5.15829E-5 6.04704E-5 4.69488E-5 5.47051E-5 4.25055E-5 5.68028E-5 8.53146E-5 1.6474E-4 1.34499E-4 8.14384E-5 7.89934E-5 1.69919E-4
3.99841E-5 3.45685E-5 2.99397E-5 3.2265E-5 2.03393E-4 1.17576E-4 6.16522E-5 1.99196E-4 1.21387E-4 2.09003E-4 7.72239E-5 5.88784E-5 4.90982E-5 3.96776E-5 1.7254E-5 3.07993E-5 6.84885E-5 5.83159E-5 8.36878E-5 7.8212E-5 9.10214E-5 1.3158E-4 9.56935E-5 1.19397E-4 4.89466E-5 9.73746E-5 4.13483E-5 1.5874E-5 9.62386E-6 7.80226E-6 3.72376E-6 1.507E-5 2.27406E-5 2.75771E-5 2.1497E-5 3.08091E-5 2.48599E-5 1.26672E-5 1.64875E-5 2.05972E-5 1.06697E-5 5.19129E-6 1.19901E-5 2.08454E-5 1.91649E-5 2.10901E-5 3.22302E-5 6.14651E-6 2.88315E-6 4.64631E-6 3.35108E-5 2.40192E-5 2.00172E-5 5.48229E-5 3.66784E-5 3.57247E-5 1.13936E-4 1.90341E-4 4.67078E-5 4.61215E-5 5.32795E-5 8.16237E-5 6.4068E-5 8.30673E-5 2.79264E-4
3.30522E-5 1.20359E-5 9.43876E-6 8.31029E-6 1.55563E-4 7.81144E-5 7.72493E-5 8.19558E-5 1.0034E-4 8.19536E-5 7.82988E-5 6.29514E-5 4.65782E-5 3.77116E-5 4.02834E-5 2.84919E-5 5.71648E-5 5.56621E-5 1.23282E-4 1.35772E-4 5.31151E-5 1.47896E-4 6.53633E-5 6.00359E-5 6.45346E-5 1.27975E-4 1.45469E-5 1.48788E-5 1.96305E-5 1.82475E-5 1.27276E-5 3.7573E-5 4.37375E-5 2.13421E-5 3.55362E-5 1.43959E-5 1.16001E-5 6.34095E-6 2.37717E-5 4.13476E-5 2.77822E-5 1.90357E-6 1.09987E-6 4.03044E-5 5.79967E-6 6.87608E-6 5.54492E-6 1.97927E-6 3.36225E-6 6.21095E-7 9.17459E-6 3.07033E-5 2.40619E-5 2.9742E-5 3.77E-5 4.61974E-5 8.58773E-5 5.06333E-5 3.45176E-5 3.33768E-5 3.90644E-5 4.17155E-5 7.05397E-5 2.35683E-4 1.59332E-4
3.61327E-6 4.9917E-7 6.59296E-7 9.57147E-6 9.24095E-6 8.25752E-6 6.02461E-5 7.36737E-5 7.10338E-5 1.21801E-4 7.66221E-5 1.14447E-5 4.69447E-5 2.84047E-5 6.65714E-5 6.088E-5 1.41405E-4 1.02444E-4 1.63022E-4 1.03499E-4 2.45704E-5 3.19979E-5 8.9093E-5 6.35006E-5 6.14764E-5 2.80274E-5 2.6768E-5 1.39664E-5 1.10108E-5 2.7366E-5 1.65321E-5 1.04975E-5 1.38806E-5 2.83012E-5 1.21216E-5 1.25821E-5 2.35294E-5 3.43937E-5 2.84449E-6 1.78917E-5 2.04207E-5 1.46183E-6 9.10132E-6 9.3503E-6 5.7118E-6 1.16075E-5 2.27859E-6 1.25056E-6 6.62287E-6 1.62695E-5 8.85439E-6 2.26738E-5 3.85017E-5 3.31642E-5 1.04847E-4 3.39204E-5 5.04894E-5 1.52067E-5 1.68325E-5 3.56377E-5 3.08905E-5 4.82992E-5 8.72847E-5 1.16432E-4 8.47236E-5
1.90697E-5 3.47534E-7 1.48372E-5 1.65617E-5 1.63353E-7 2.45962E-6 4.13979E-5 4.51421E-5 9.9039E-5 9.44998E-5 1.5126E-4 1.21881E-4 6.6449E-5 5.25835E-5 2.68454E-5 6.71569E-5 9.96136E-5 2.57067E-5 8.16806E-5 1.46444E-4 1.85079E-5 3.13236E-5 7.67102E-5 5.57061E-5 6.36302E-5 3.06653E-5 4.72293E-5 6.81124E-5 2.65769E-5 2.24958E-5 5.75579E-5 3.72325E-6 2.1183E-5 9.47229E-6 1.15364E-5 1.93035E-5 3.31426E-5 9.98628E-5 2.91136E-5 2.21736E-5 2.1741E-5 2.81662E-6 1.22523E-5 4.58619E-5 2.95266E-5 9.98873E-5 4.49741E-5 2.62291E-6 1.05681E-5 1.94568E-6 3.57627E-6 3.47459E-5 7.74702E-5 2.66199E-5 3.43409E-5 5.11732E-5 3.13133E-5 2.97982E-5 3.77609E-5 6.2888E-5 3.83834E-5 3.44049E-5 2.24135E-4 1.15121E-4 2.31792E-4
6.37087E-7 4.38604E-8 1.89722E-6 2.07075E-6 2.98089E-7 7.10174E-5 2.31317E-6 3.96841E-6 1.05979E-4 8.8027E-5 1.22878E-4 1.83193E-4 1.65193E-4 8.82099E-5 7.61036E-5 5.06438E-5 8.06021E-5 4.19162E-5 4.88404E-5 6.66389E-5 5.26327E-5 8.60868E-5 6.23449E-5 5.46068E-5 1.94282E-5 2.09805E-5 2.86901E-5 3.62189E-5 1.3425E-5 1.3919E-6 8.58013E-6 2.30936E-5 7.43046E-6 1.43538E-5 5.92305E-5 2.2161E-5 6.35694E-7 2.82695E-7 2.01327E-5 3.97596E-5 1.02511E-5 1.57152E-5 1.72566E-5 1.28279E-5 1.13411E-5 2.71944E-6 6.4452E-5 7.33536E-6 1.66989E-5 8.67321E-7 5.22067E-6 4.19598E-5 4.39851E-5 5.80245E-5 9.41931E-5 3.88539E-5 3.77675E-5 6.38257E-5 8.0572E-5 9.77279E-5 8.3718E-5 4.69135E-5 2.58118E-4 1.07798E-4 5.89743E-5
1.66947E-5 2.70019E-6 3.59392E-6 2.49488E-5 1.40985E-5 3.56924E-5 1.28668E-6 3.26978E-5 4.66767E-5 1.84595E-5 7.79968E-5 1.04143E-4 1.31688E-4 6.61825E-5 1.15357E-4 5.53162E-5 1.85561E-5 3.44596E-5 3.96878E-5 5.65461E-5 5.37584E-5 5.11056E-5 4.7308E-5 2.46683E-5 2.52314E-5 1.82815E-5 2.70385E-5 3.39776E-5 2.59612E-5 2.6E-6 6.62542E-6 3.34623E-5 2.20145E-5 7.66597E-5 5.39749E-5 1.59991E-5 1.50534E-5 9.64478E-7 3.36062E-6 1.46923E-4 6.38765E-5 1.80934E-5 1.64392E-5 2.16085E-5 1.97431E-5 6.59155E-6 9.33094E-6 3.23131E-6 2.08687E-5 6.22607E-5 5.99428E-6 8.48202E-5 3.5934E-5 1.04922E-4 7.45351E-5 3.68311E-5 4.05254E-5 4.84674E-5 1.66977E-5 8.59345E-5 8.16327E-5 5.82558E-5 1.21573E-4 2.3215E-4 2.75121E-4
4.73406E-5 2.01853E-5 3.5854E-6 1.75007E-6 5.68351E-6 5.87192E-6 2.52836E-5 3.92454E-5 5.26114E-5 1.15517E-4 1.29611E-4 1.39538E-4 1.15082E-4 6.19248E-5 1.44393E-4 1.25752E-4 6.52785E-5 1.08655E-4 5.78725E-5 8.91078E-5 5.27198E-5 5.30766E-5 2.14001E-5 2.64194E-5 2.42858E-5 1.86396E-5 1.67521E-5 1.80253E-5 4.8409E-5 4.98325E-5 5.25551E-7 4.6882E-7 4.44623E-6 4.37523E-5 3.95534E-5 2.33055E-5 4.24584E-6 2.55646E-5 7.6762E-7 2.42568E-5 6.24088E-5 1.46881E-5 2.29684E-5 1.95012E-5 1.99283E-5 1.07553E-5 3.42871E-6 8.99364E-6 1.7459E-5 2.5287E-5 2.94701E-6 4.19643E-5 9.97414E-5 8.20279E-5 4.88856E-5 1.74416E-5 1.13872E-6 6.74428E-6 1.38431E-5 6.57996E-5 1.40291E-4 6.99587E-5 5.80353E-5 2.67851E-4 1.08385E-4
9.35642E-5 4.52732E-5 2.36475E-5 1.26782E-6 8.03481E-7 2.57323E-6 2.87808E-5 6.68137E-5 8.82854E-5 9.5372E-5 2.56001E-4 6.31316E-5 1.29564E-4 6.16218E-4 1.02116E-4 1.05264E-4 1.72852E-4 1.34643E-5 3.64572E-5 4.56647E-5 5.23812E-5 2.4596E-5 2.57048E-5 2.01713E-5 2.78561E-5 2.25007E-5 1.17567E-5 1.56703E-5 2.39288E-5 2.51447E-6 1.72652E-7 2.52482E-7 2.72405E-5 6.7346E-5 1.16209E-6 2.59329E-5 1.47411E-5 4.42507E-5 1.0271E-5 3.55375E-6 8.61422E-6 1.20055E-7 8.75965E-6 1.17212E-5 1.38085E-5 1.98988E-5 1.37742E-5 1.65287E-5 2.95327E-5 7.1429E-6 7.02999E-6 3.22154E-5 3.02456E-5 4.14723E-5 2.37816E-5 3.85129E-6 2.05175E-5 2.98762E-6 1.74692E-5 4.14156E-5 2.54031E-5 2.09873E-5 3.93783E-5 1.41622E-4 4.44835E-5
5.51869E-5 5.70625E-5 3.26785E-5 1.98031E-6 9.23161E-7 1.20947E-5 7.58413E-6 1.97085E-4 9.15123E-5 4.25615E-5 1.08099E-5 1.12905E-5 3.28802E-4 8.92243E-5 6.34713E-5 1.37469E-4 1.09735E-4 4.53563E-5 5.18226E-5 5.62105E-5 5.59121E-5 7.43473E-5 2.65064E-5 2.47175E-5 2.15556E-5 1.80078E-5 1.24594E-5 1.54268E-5 2.36844E-5 3.4278E-6 2.5452E-7 2.83304E-8 1.4128E-6 4.82164E-5 8.15747E-8 5.24952E-7 1.04648E-4 4.66704E-5 1.39664E-6 2.1888E-6 2.51631E-7 2.77491E-6 2.21112E-5 2.43598E-5 1.52863E-5 2.62606E-5 1.83611E-5 4.69241E-5 4.37662E-5 2.2904E-5 7.07473E-6 2.77929E-5 2.86481E-5 3.37872E-5 1.94852E-5 2.80089E-5 2.81019E-5 2.31447E-5 1.20876E-5 3.10119E-5 1.48832E-4 1.2994E-4 7.11774E-6 2.40871E-5 5.76235E-6
6.18786E-6 2.91628E-5 5.27088E-6 3.95977E-7 2.65104E-6 9.88304E-7 6.27072E-5 8.56324E-5 9.45882E-5 7.84486E-5 2.07605E-5 1.0513E-4 1.22243E-4 1.55173E-4 4.82416E-5 1.65718E-4 1.24492E-4 6.27595E-5 5.35175E-5 5.78669E-5 5.48197E-5 5.88749E-5 8.10848E-5 6.38729E-5 2.47028E-5 2.4553E-5 2.4456E-5 2.72388E-5 2.12647E-5 1.57314E-5 1.92266E-7 2.6217E-6 2.72787E-7 4.53325E-6 6.3094E-8 3.6898E-6 1.11385E-7 2.26754E-6 5.29853E-6 2.21929E-5 1.62877E-5 1.6003E-5 1.79229E-5 3.53722E-5 3.01124E-5 3.15963E-5 1.77993E-5 2.21656E-5 2.82269E-5 2.11953E-5 2.16893E-6 3.52405E-5 8.09816E-5 3.70985E-5 7.04768E-5 1.00922E-4 4.105E-5 4.69672E-5 3.51476E-5 2.54515E-5 4.58918E-5 4.7843E-6 4.62167E-6 2.96512E-5 4.73964E-5
7.90646E-6 3.67554E-5 4.32963E-6 1.94639E-6 1.74551E-5 4.30938E-6 1.08849E-4 5.8095E-5 1.57424E-4 6.27126E-5 1.51136E-5 2.40354E-5 4.0479E-4 3.25355E-4 1.17129E-4 8.34077E-5 1.19628E-4 7.5561E-5 4.70629E-5 4.72546E-5 5.59947E-5 5.71522E-5 5.78118E-5 6.61594E-5 7.14124E-5 6.17024E-5 2.52697E-5 2.03344E-5 1.82127E-5 1.84961E-5 3.67131E-8 4.03976E-6 1.09434E-7 5.49687E-6 1.15126E-7 3.03804E-5 3.48546E-6 5.14259E-6 3.21804E-6 6.785E-6 1.73326E-6 4.22171E-5 2.90242E-5 2.30121E-5 8.15109E-5 2.43433E-5 2.71732E-5 3.24905E-5 2.02728E-4 1.17925E-4 2.56666E-4 5.62833E-4 1.15775E-4 7.5482E-5 9.41214E-5 3.96467E-4 2.24197E-4 1.34635E-4 1.81613E-5 2.18483E-5 6.82772E-6 9.65065E-7 3.21207E-6 2.8492E-5 2.69123E-5
7.57634E-6 1.04612E-5 3.91844E-6 2.71766E-5 2.79349E-5 7.0776E-5 1.23014E-4 3.29829E-5 1.39875E-5 7.78208E-5 9.80721E-5 1.89438E-4 1.29622E-4 2.83081E-4 1.0281E-4 1.52809E-4 7.9407E-5 8.01804E-5 8.01216E-5 5.41273E-5 4.98383E-5 6.01256E-5 6.31385E-5 6.29705E-5 9.17562E-5 1.92648E-4 6.16331E-5 1.65996E-5 2.05544E-5 5.78275E-6 5.53391E-8 8.32627E-8 2.27769E-5 3.52572E-6 7.70958E-6 1.20704E-5 8.07349E-5 3.29237E-5 1.80184E-5 1.71864E-6 1.99413E-5 2.32524E-4 1.18923E-4 3.3314E-5 7.04313E-5 3.08512E-5 7.18865E-5 5.8558E-5 5.42646E-5 3.31367E-5 4.09716E-5 4.53097E-5 5.52479E-5 1.19132E-4 2.82009E-5 2.1982E-5 1.4169E-5 1.59925E-5 7.41039E-6 1.23663E-5 6.95073E-7 4.15595E-6 1.68991E-5 3.22724E-6 1.01309E-6
1.14927E-5 8.00496E-5 6.74196E-8 2.28064E-7 1.29078E-7 1.71315E-7 7.58772E-6 9.26166E-5 1.20054E-4 1.11137E-4 3.14306E-5 1.22544E-4 2.37116E-4 4.41115E-4 4.22544E-4 2.0142E-4 2.53634E-4 1.89077E-4 3.33777E-4 6.30461E-5 5.18964E-5 6.42543E-5 6.66937E-5 6.19507E-5 6.51476E-5 1.16454E-4 5.98903E-5 5.67853E-5 2.51202E-5 1.32517E-7 1.88488E-8 3.19682E-8 3.25839E-7 7.12394E-6 1.48997E-5 2.3752E-5 1.26361E-5 2.39902E-5 1.08436E-5 1.30959E-6 5.13588E-5 1.13495E-4 5.51068E-5 1.1335E-4 2.44492E-4 5.19207E-5 3.60016E-5 2.78236E-5 3.42662E-5 2.09625E-5 1.62677E-5 4.59384E-5 5.34012E-5 1.7814E-4 1.58224E-5 3.70608E-5 2.73614E-5 2.07569E-6 4.35843E-8 5.51112E-7 3.4562E-6 5.13196E-7 9.46817E-6 4.75188E-5 5.1587E-5
4.80532E-5 8.30954E-5 1.79611E-7 1.30103E-7 1.06988E-7 1.65792E-5 1.41565E-5 3.37244E-5 4.47767E-5 9.80596E-5 1.95095E-4 4.40768E-4 1.45905E-4 2.25627E-4 2.02675E-4 5.52268E-4 6.15853E-4 3.79632E-4 3.18235E-4 3.30467E-4 3.50028E-4 7.4345E-5 8.85621E-5 3.14641E-5 1.04491E-4 3.58572E-4 1.63255E-4 1.47849E-4 2.58684E-5 2.60042E-7 4.00189E-7 7.56436E-6 3.82939E-7 4.06073E-7 2.1563E-5 3.44934E-5 5.78618E-5 6.20251E-5 5.21663E-5 3.15406E-5 1.41071E-4 2.09094E-4 1.26789E-4 1.02743E-4 1.04422E-4 1.93873E-5 3.53059E-5 1.88071E-5 2.6571E-5 1.56511E-5 2.03058E-5 1.56474E-5 3.48757E-5 2.935E-5 1.90794E-5 9.65684E-6 6.23436E-7 1.34062E-7 2.79955E-7 5.15546E-6 3.94463E-6 8.96321E-5 1.49705E-4 9.06412E-5 8.20474E-5
3.78132E-5 5.90213E-5 1.08806E-6 6.34019E-7 8.41592E-7 5.03236E-6 2.52956E-5 2.65254E-5 2.37609E-5 2.84909E-5 6.63087E-5 2.27499E-4 1.19574E-4 6.55322E-5 7.72596E-5 3.8882E-4 9.37909E-4 5.86243E-4 4.55453E-4 2.46902E-4 6.72617E-4 5.88777E-4 3.61004E-4 1.07718E-4 7.52984E-5 7.78665E-5 1.26246E-4 1.03219E-4 3.28835E-4 1.58122E-4 3.7915E-5 2.40731E-5 4.2312E-6 1.75846E-5 1.80038E-5 1.28556E-4 5.93071E-5 4.50502E-4 2.36001E-4 1.37502E-4 8.52117E-5 2.48197E-4 1.84035E-4 1.4555E-4 2.13468E-4 1.10552E-4 1.01836E-4 2.50161E-5 2.33566E-5 1.98447E-5 2.46244E-5 4.07215E-5 6.83241E-8 1.51658E-6 5.64861E-7 6.32433E-8 3.99177E-7 3.57439E-6 5.8482E-5 1.28605E-4 8.25667E-5 1.10197E-4 9.98693E-5 6.32836E-5 4.71184E-5
4.53705E-5 2.23183E-5 5.4092E-8 7.19283E-6 1.90094E-6 6.20964E-6 5.59583E-6 3.20724E-5 1.3505E-5 4.72578E-5 5.08468E-5 7.30405E-5 8.49318E-5 8.81178E-5 6.05963E-5 1.72036E-4 7.32287E-4 5.78752E-4 5.19914E-4 7.5141E-4 6.01054E-4 3.78048E-4 1.87054E-4 1.40085E-4 2.16699E-4 6.99922E-5 3.73894E-5 1.76119E-5 5.10479E-6 1.0678E-4 3.93316E-4 2.33633E-4 9.97054E-5 1.08793E-4 2.77513E-4 4.09878E-4 9.97334E-5 2.43685E-4 1.42239E-4 6.58324E-5 5.8817E-5 2.38983E-4 2.05603E-4 1.47867E-4 1.69744E-4 2.55618E-4 8.54592E-5 7.44367E-5 3.81122E-5 2.13256E-5 1.31554E-6 1.78801E-6 8.97325E-7 5.43356E-7 5.34781E-7 1.2145E-7 1.21476E-5 1.57115E-4 1.85534E-4 1.53478E-4 1.13618E-4 1.63151E-4 1.76939E-4 1.40536E-4 7.29169E-5
3.25825E-6 1.47158E-5 8.12335E-7 1.39338E-6 2.56452E-6 1.11312E-5 6.9133E-6 1.84149E-5 2.40845E-5 6.9332E-5 4.027E-5 7.3185E-5 4.68733E-5 8.09151E-5 1.46459E-5 4.60433E-5 5.32968E-4 6.21546E-4 4.4948E-4 1.01021E-3 5.3508E-4 1.46587E-4 6.21424E-5 7.00067E-5 6.17522E-5 6.07767E-5 6.44076E-7 3.46651E-6 5.33186E-6 6.66193E-6 2.35295E-5 2.75552E-5 1.83553E-4 2.05986E-5 1.53373E-4 1.66054E-5 1.64855E-5 1.08918E-4 8.37339E-5 7.55034E-5 3.4336E-4 3.1153E-4 7.97204E-5 9.5212E-5 1.3997E-4 2.33376E-4 8.48204E-5 6.3066E-5 9.71592E-5 3.16843E-5 3.95974E-5 1.21558E-5 4.87726E-7 1.31141E-5 4.09058E-5 3.21472E-4 3.52678E-4 4.13543E-4 4.10248E-4 1.19625E-4 6.84069E-5 9.65295E-5 8.49649E-5 1.88079E-4 2.50827E-4
-9999 -9999 1.80378E-5 3.71425E-5 2.73642E-5 1.79818E-5 3.36869E-5 1.8504E-5 2.07907E-5 4.41648E-5 5.57968E-5 8.52569E-5 8.57926E-5 2.09149E-5 2.03441E-5 9.74526E-5 1.14088E-4 9.1389E-5 1.06024E-3 4.08833E-4 2.31873E-4 6.79423E-5 7.50516E-5 6.80576E-5 6.46086E-5 3.64824E-5 9.55409E-6 4.11422E-6 8.64384E-6 5.14199E-6 2.32253E-5 2.20874E-6 6.78503E-6 1.78906E-6 4.21614E-6 3.09825E-6 1.17686E-4 1.28804E-4 2.62962E-4 4.28811E-5 4.45387E-5 3.05799E-4 5.7408E-5 1.96228E-5 2.71396E-4 4.11064E-4 1.97714E-4 1.03526E-5 1.05786E-5 1.3577E-5 9.00246E-8 1.33275E-7 1.15625E-5 1.44796E-4 3.96464E-4 3.99796E-4 5.75045E-4 8.08308E-4 2.74953E-4 2.5649E-4 1.63943E-4 1.11395E-4 6.5278E-5 2.10982E-4 8.36657E-5
4.85634E-5 3.34739E-6 1.64703E-5 3.50781E-5 2.80288E-5 3.92356E-5 2.63601E-5 1.02868E-4 2.05324E-4 1.0077E-4 5.71229E-5 6.02204E-5 1.40628E-4 6.40548E-5 9.27685E-5 4.03729E-5 7.16183E-5 6.80019E-5 3.50767E-5 2.84925E-5 7.41757E-5 7.14522E-5 7.3363E-5 7.66022E-5 7.75328E-5 2.14837E-5 2.82243E-6 4.37503E-6 1.12921E-5 1.91326E-5 3.30513E-5 1.54008E-5 3.85503E-5 1.96098E-5 2.1475E-5 9.21675E-6 8.01524E-6 1.249E-5 6.87886E-5 8.6454E-6 9.78464E-6 1.29638E-6 2.249E-7 5.10848E-7 2.97533E-6 1.34079E-5 2.83335E-6 6.80439E-7 5.00232E-6 2.13481E-5 1.96505E-5 8.90361E-5 1.48513E-4 2.85653E-4 3.44499E-4 5.86811E-4 4.3098E-4 2.38843E-4 1.64938E-4 3.55726E-4 2.9992E-4 1.78955E-4 2.29662E-4 6.98998E-5 2.66522E-5
4.96527E-5 4.32344E-5 3.46762E-5 6.48906E-5 3.82284E-5 1.25829E-4 9.64773E-5 1.36179E-4 2.48611E-4 2.13212E-4 9.22716E-5 2.23562E-5 2.91504E-5 1.27519E-5 1.85041E-5 3.42781E-5 2.25656E-5 8.55003E-5 8.12679E-5 1.46306E-4 1.25623E-4 7.84149E-5 8.49454E-5 6.58815E-5 7.87901E-5 3.67799E-5 5.5168E-5 5.83901E-5 7.40226E-6 3.71275E-5 5.76691E-5 7.33086E-5 5.05269E-5 2.85671E-5 2.96382E-6 5.14786E-7 1.22562E-5 2.59206E-5 3.49625E-6 3.95536E-6 1.04182E-6 2.02621E-6 9.44313E-6 2.24207E-5 1.84033E-6 6.45666E-7 3.35136E-6 4.80438E-6 4.56042E-6 1.40694E-5 4.59678E-5 4.84893E-4 9.80927E-4 3.95045E-4 2.19621E-4 8.6632E-4 3.28147E-4 8.33374E-5 9.00915E-5 8.60672E-5 2.10895E-4 1.0122E-4 1.18217E-4 7.0812E-5 2.27187E-5
4.17567E-5 4.27617E-5 -9999 2.01543E-5 5.83294E-5 2.96147E-4 1.18517E-4 1.0383E-4 8.40361E-5 1.10704E-4 4.24362E-5 2.46332E-5 1.12137E-5 2.46629E-6 2.67722E-5 5.70976E-5 2.21547E-4 1.47249E-4 1.09596E-4 1.27954E-4 1.47722E-4 1.55942E-4 3.47952E-5 1.02456E-4 1.091E-4 1.12577E-4 9.14208E-5 9.00245E-5 1.0415E-4 8.2838E-5 4.31981E-5 7.2225E-5 5.04343E-6 5.70943E-6 4.5896E-6 2.0671E-6 7.89107E-6 3.40192E-5 7.02083E-6 1.62392E-5 3.848E-7 6.20503E-7 9.36942E-6 3.91339E-6 4.68253E-7 1.74136E-5 3.53146E-5 1.27156E-5 1.41372E-5 5.06031E-4 3.57497E-4 4.7953E-4 6.37337E-4 7.2756E-4 6.66581E-4 5.0214E-4 2.39925E-4 1.27774E-4 7.24977E-5 4.73559E-5 9.46404E-5 1.29466E-4 2.73775E-5 1.13562E-5 5.6935E-5
-9999 -9999 9.60549E-6 1.65383E-5 3.55085E-5 9.8561E-5 1.87021E-4 1.00411E-4 2.58388E-5 6.18648E-5 3.40869E-5 8.83535E-6 1.95251E-5 3.60112E-5 1.27411E-4 2.28321E-4 3.43891E-4 2.5398E-4 1.14296E-4 1.64039E-4 3.42329E-4 1.20073E-3 2.9253E-4 1.60146E-4 9.13908E-5 8.90356E-5 8.94242E-5 9.02971E-5 8.85525E-5 3.2334E-5 1.71173E-5 4.56048E-5 1.42279E-6 7.14589E-6 1.17748E-6 3.53739E-6 4.08093E-6 4.29498E-6 1.2308E-5 1.00346E-5 1.29236E-6 1.0407E-6 6.5998E-6 2.16667E-6 6.14812E-6 1.94146E-5 1.27104E-5 2.67178E-5 2.13461E-4 2.64936E-4 2.07154E-4 3.82438E-4 9.65861E-4 6.16829E-4 5.97104E-4 1.45075E-4 1.62147E-4 1.1457E-4 2.11424E-4 1.2336E-4 1.06309E-5 1.59581E-5 1.01132E-4 5.30109E-5 6.60016E-5
-9999 1.4719E-5 7.60347E-6 2.15383E-5 7.20126E-5 2.14091E-4 1.5729E-4 4.58536E-5 6.06909E-5 1.46211E-4 1.05539E-4 1.01813E-4 2.46314E-4 2.09421E-4 2.28615E-4 1.31025E-3 1.38196E-3 1.02531E-4 9.50884E-5 4.4575E-4 7.16631E-4 2.20601E-4 3.22549E-4 6.00583E-4 3.46415E-4 1.19422E-4 5.38416E-5 8.78434E-5 9.88555E-5 3.68894E-5 3.91018E-6 1.03626E-5 1.19948E-6 7.44031E-6 7.51689E-6 6.96833E-7 2.8586E-6 4.49409E-7 1.858E-6 4.78084E-5 6.574E-5 4.23592E-6 6.80733E-6 4.11146E-6 1.40075E-6 2.92582E-6 1.08963E-5 2.74478E-5 4.2941E-4 4.44105E-4 6.38787E-4 5.16674E-4 5.3504E-4 5.35159E-4 6.5763E-4 4.78586E-4 1.56548E-4 4.17465E-4 2.52829E-4 1.50154E-4 1.30123E-4 6.68648E-5 6.14726E-5 6.95569E-5 6.79236E-5
1.73436E-5 1.93341E-5 1.63202E-5 7.22179E-5 5.9531E-5 -9999 1.59248E-5 3.7603E-5 4.03864E-5 1.55852E-4 8.9434E-5 1.6856E-4 2.5053E-4 3.0291E-4 3.10295E-4 1.29919E-3 9.32414E-4 4.41132E-4 9.12398E-4 4.06478E-4 1.1459E-4 1.16009E-4 8.38691E-6 1.62627E-4 3.07795E-4 1.66975E-4 9.60052E-5 8.04348E-5 8.86031E-5 4.70047E-5 1.0743E-4 3.04397E-4 8.31686E-5 9.69611E-6 2.2989E-6 1.57886E-5 3.95715E-6 1.27254E-5 5.64572E-6 1.45867E-6 1.79309E-5 5.1149E-6 5.82594E-6 6.99722E-6 1.12505E-5 9.27218E-6 1.15578E-4 9.43696E-4 1.2339E-3 6.06651E-4 4.01476E-4 2.89083E-4 3.15171E-4 4.19647E-4 5.18043E-4 7.87646E-4 8.09503E-4 1.06413E-4 7.74669E-5 1.34443E-4 1.11759E-4 6.8986E-5 9.87853E-5 2.02525E-4 6.37283E-5
-9999 5.56829E-5 -9999 5.80974E-6 1.49218E-7 1.35033E-5 2.36109E-5 2.87392E-5 2.46341E-5 4.75306E-5 4.41387E-5 1.04631E-4 1.23125E-4 1.78511E-4 3.08277E-4 2.53987E-4 3.29955E-4 9.48882E-5 1.09886E-4 6.72253E-6 1.20384E-4 1.77324E-4 1.45837E-4 5.74733E-5 3.59301E-5 1.49604E-4 2.29502E-4 1.24278E-4 9.02606E-5 9.21926E-5 8.54969E-5 8.9054E-5 1.05439E-4 6.50123E-5 8.43854E-5 1.14413E-4 1.25399E-4 8.74308E-5 1.65188E-6 4.47469E-5 6.88796E-5 2.83829E-5 5.6953E-5 5.95396E-5 9.6223E-5 8.33975E-5 3.35282E-4 3.01296E-4 2.03172E-4 3.44885E-4 8.14706E-4 4.9674E-4 3.34043E-4 3.70514E-4 4.07961E-4 2.68929E-4 1.0838E-4 7.23918E-5 1.013E-4 8.73156E-5 8.78134E-5 9.14316E-5 1.81294E-4 7.19445E-5 1.83247E-4
