catData/rasterBestHybridModels/Prubiginosus/RD_RM2_L/Prubiginosus_stddev.asc
ncols         409
nrows         350
xllcorner     60.897278365
yllcorner     5.843756025
cellsize      0.0892857
NODATA_value  -9999
[rows 174 to 202 of 350, columns 195 to 259 of 409]
5.47E-5 5.13302E-5 7.27361E-5 6.68729E-5 7.76652E-5 1.15806E-4 4.28539E-5 5.47898E-5 3.84555E-5 4.92585E-5 1.21627E-4 5.73448E-5 8.21511E-5 1.1001E-4 1.43218E-4 5.92567E-5 7.01416E-5 1.1795E-5 1.53186E-5 7.55971E-6 1.31702E-5 6.51367E-6 4.82881E-6 4.84291E-6 5.19657E-6 2.3243E-5 2.21996E-5 2.1946E-5 1.98131E-4 2.11881E-5 6.04393E-6 1.35582E-5 2.69364E-5 2.02465E-5 8.71943E-6 2.47167E-5 1.06114E-5 9.07475E-6 1.143E-5 1.61039E-5 1.15187E-5 8.09479E-6 6.59974E-6 8.2268E-6 6.83164E-6 1.40655E-5 3.9001E-5 2.38554E-5 2.60441E-5 1.88598E-5 3.14099E-5 1.11271E-5 3.75928E-5 2.50918E-5 6.42606E-6 4.47875E-6 4.57737E-6 1.7959E-5 2.14242E-5 2.00056E-5 1.46168E-5 1.36345E-5 1.27493E-5 9.36447E-6 3.68449E-6
3.00564E-5 1.85558E-5 1.36312E-5 2.40279E-5 6.22233E-5 3.1915E-5 1.68208E-5 8.02596E-5 2.2464E-5 1.58672E-5 1.95875E-5 2.14686E-5 3.61409E-5 3.58984E-5 2.17874E-5 1.88058E-5 1.91369E-5 8.70059E-6 1.01889E-5 1.92815E-5 1.72803E-5 1.15023E-5 5.47795E-6 4.02053E-6 3.69539E-6 1.42938E-5 1.45779E-5 2.33801E-5 2.30352E-5 1.2703E-5 7.33641E-6 8.69666E-6 1.28834E-5 1.08972E-5 9.10388E-6 1.69504E-5 1.82219E-5 1.04901E-5 8.54691E-6 1.63873E-5 1.57401E-5 5.65674E-6 8.76619E-6 1.22893E-5 1.75722E-5 3.70591E-5 2.08604E-5 1.94588E-5 1.75587E-5 1.17875E-5 8.94087E-6 9.22703E-6 1.41405E-5 9.91036E-6 5.22124E-5 1.06485E-5 9.03058E-6 1.46569E-5 1.50941E-5 1.13824E-5 4.80097E-6 3.58782E-6 5.40456E-6 5.10793E-6 5.88043E-6
1.94301E-5 2.79067E-5 1.29949E-5 1.2002E-5 5.58613E-5 2.91866E-5 2.79623E-5 1.49705E-5 5.45637E-6 4.84824E-6 6.73625E-6 4.43793E-6 4.35509E-6 4.30925E-6 3.38759E-6 1.10299E-5 1.10519E-5 7.20434E-6 8.41437E-6 2.43159E-5 1.84426E-5 2.26738E-5 1.15449E-5 3.79257E-6 6.83755E-6 2.0927E-5 2.78671E-5 1.16201E-4 4.03077E-5 2.69124E-5 1.68241E-5 1.8401E-5 1.84861E-5 9.10542E-6 3.03967E-5 1.19289E-5 1.10228E-5 2.72879E-5 9.75299E-6 7.27524E-6 4.56963E-6 6.18027E-6 9.21979E-6 1.32306E-5 5.79311E-5 4.31658E-5 1.80738E-5 1.42392E-5 1.18399E-5 9.60528E-6 1.24296E-5 1.23056E-5 1.19901E-5 1.0089E-5 1.30562E-5 4.84003E-6 8.35028E-6 1.30649E-5 1.36992E-5 5.79045E-6 3.3532E-6 3.31911E-6 3.76777E-6 2.71205E-5 1.80055E-5
1.46329E-4 1.45992E-4 1.61389E-4 3.92155E-5 7.81732E-5 2.37584E-5 6.04513E-6 1.6826E-5 1.24626E-5 1.34262E-5 1.12354E-5 6.41922E-6 6.33178E-6 2.79511E-6 2.50876E-6 8.47529E-6 1.17374E-5 1.15591E-5 2.11628E-5 1.05627E-5 3.52491E-5 4.6155E-5 2.04771E-5 1.02762E-5 2.39961E-5 6.24083E-5 3.6967E-5 3.75948E-5 2.05325E-5 2.95309E-5 2.71285E-5 3.51901E-5 1.53547E-5 7.44252E-6 2.57324E-5 2.07105E-5 1.73113E-5 2.53636E-5 1.08188E-5 8.66652E-6 2.70575E-6 5.45482E-6 6.73909E-6 1.34034E-5 2.22302E-5 1.38369E-5 1.16643E-5 8.84022E-6 1.12741E-5 1.20262E-5 1.25118E-5 1.16503E-5 9.95084E-6 8.27468E-6 2.22017E-5 1.4541E-5 8.81107E-6 1.24783E-5 1.3322E-5 3.7316E-6 4.15371E-6 2.98505E-6 7.56447E-6 1.69359E-5 2.43575E-5
6.212E-5 4.60956E-5 4.91296E-5 8.24338E-5 1.30023E-4 9.59559E-5 3.67689E-5 2.61544E-5 2.47458E-5 1.33276E-5 1.15339E-5 1.37441E-5 9.70808E-6 3.607E-6 7.47601E-6 1.23984E-5 3.95006E-5 2.64862E-5 2.17387E-5 1.65347E-5 5.51523E-6 3.592E-5 3.2842E-5 2.05934E-5 3.20961E-5 2.85762E-5 1.72068E-5 3.281E-5 1.13354E-5 2.2134E-5 2.7125E-5 2.03887E-5 7.40172E-6 8.04982E-6 2.11515E-5 6.58444E-6 6.51444E-6 4.30019E-6 8.30834E-6 8.00907E-6 5.82367E-6 7.46334E-6 6.5676E-6 3.05747E-5 1.13765E-5 1.20022E-5 1.11367E-5 1.14851E-5 8.60417E-6 5.21939E-6 8.82148E-6 1.19511E-5 1.55828E-5 1.63899E-5 4.62871E-5 1.42773E-5 1.15749E-5 1.18055E-5 1.34632E-5 4.27968E-6 3.59223E-6 3.39342E-6 1.31368E-5 2.30688E-5 7.65358E-5
2.33679E-4 5.83029E-4 4.95189E-4 1.00909E-4 1.64951E-4 7.70624E-5 5.84921E-5 1.66924E-5 2.04204E-5 2.08667E-5 5.96404E-6 6.27238E-6 1.31822E-5 1.50184E-5 1.36431E-5 2.10424E-5 1.56364E-5 1.23654E-5 2.01833E-5 8.17322E-6 1.35408E-5 3.28301E-5 4.5164E-5 3.98078E-5 2.4323E-5 1.69624E-5 1.3582E-5 1.27269E-5 9.58274E-6 1.67201E-5 7.56874E-6 6.14974E-6 5.29042E-6 4.63373E-6 3.00351E-6 3.81453E-6 6.75937E-6 4.56298E-6 4.93924E-6 5.39031E-6 6.35335E-6 7.21442E-6 6.89545E-6 7.23013E-6 1.1541E-5 1.05923E-5 9.49535E-6 1.06724E-5 1.02081E-5 7.55163E-6 6.21282E-6 2.71437E-5 1.10396E-5 1.62206E-5 1.30808E-5 1.09217E-5 1.2236E-5 9.10486E-6 2.45663E-6 3.0819E-6 3.26649E-6 5.96727E-6 2.51558E-5 2.15795E-5 3.49722E-5
5.61084E-5 1.61144E-4 7.43688E-4 1.14185E-3 2.83272E-4 5.62166E-4 1.34367E-4 2.83402E-5 4.08893E-5 1.82694E-5 1.31413E-5 1.68112E-5 2.06386E-5 1.64752E-5 1.24257E-5 1.22075E-5 4.75195E-5 1.28203E-5 1.39918E-5 2.72638E-5 1.3796E-5 2.63303E-5 6.64039E-5 2.70431E-5 4.96305E-5 1.40933E-5 2.56196E-5 1.09538E-5 1.18686E-5 1.09075E-5 7.09051E-6 1.29132E-5 7.59381E-6 4.45402E-6 4.86351E-6 4.98075E-6 6.09541E-6 4.80486E-6 3.98124E-6 5.71475E-6 4.07883E-6 6.54756E-6 1.51443E-5 2.74434E-5 2.20758E-5 9.57116E-6 1.10581E-5 9.89968E-6 7.52668E-6 5.07074E-6 8.79959E-6 5.86327E-6 1.1689E-5 8.81115E-6 9.9086E-6 9.0356E-6 1.12251E-5 9.22033E-6 5.05436E-6 1.01052E-5 7.58531E-6 1.46175E-5 1.52369E-5 8.7803E-6 9.99643E-6
1.59017E-4 5.80112E-5 4.14463E-5 4.92499E-5 9.26375E-6 5.31619E-5 3.08041E-5 1.52132E-5 4.50655E-5 1.04087E-4 2.20127E-5 1.53967E-5 2.20818E-5 1.89925E-5 1.38221E-5 9.5067E-6 1.46204E-5 8.32251E-6 2.38935E-5 8.80174E-6 2.44762E-5 2.03556E-5 3.91566E-5 3.29567E-5 2.77193E-5 1.48243E-5 7.27404E-6 8.14862E-6 1.74715E-5 1.27358E-5 5.47319E-6 1.06862E-5 7.97293E-6 3.19875E-6 3.27837E-6 3.67827E-6 4.06194E-6 4.62756E-6 3.35777E-6 5.8165E-6 4.49614E-6 3.7583E-6 4.15423E-5 1.29892E-5 2.85012E-5 2.41122E-5 1.36004E-5 1.05014E-5 6.73811E-6 6.56153E-6 1.24745E-5 9.31228E-6 8.53023E-6 1.15425E-5 1.78242E-5 1.23167E-5 5.60375E-6 4.35109E-6 3.77997E-6 1.16911E-5 1.04368E-5 1.25889E-5 1.0482E-5 8.27594E-6 8.55687E-6
4.13934E-5 3.22611E-5 3.04341E-5 1.8259E-5 2.19931E-5 9.34938E-6 1.73626E-5 3.85605E-5 4.77849E-5 3.32352E-4 1.59279E-4 2.37049E-5 1.52239E-5 1.17973E-5 2.00677E-5 4.33917E-6 4.1327E-6 1.00264E-5 3.18847E-5 1.25962E-5 1.72529E-5 3.11279E-5 2.31898E-5 3.46311E-5 2.29104E-5 1.08471E-5 8.42311E-6 8.55385E-6 1.58384E-5 3.02591E-5 1.99633E-5 1.09185E-5 2.69511E-6 1.96437E-6 3.54169E-6 3.44312E-6 2.67956E-6 2.10229E-6 4.89569E-6 4.40438E-6 7.06444E-6 8.58094E-6 4.10622E-5 2.59407E-5 1.60646E-5 5.59581E-5 8.20979E-6 1.50406E-5 9.61441E-6 8.46814E-6 1.18972E-5 5.02521E-6 6.13314E-6 1.06932E-5 7.69643E-6 1.22232E-5 8.12207E-6 9.54873E-6 7.65477E-6 6.12748E-6 1.41736E-5 1.53755E-5 1.38751E-5 1.79731E-5 1.46085E-5
3.24438E-5 3.10803E-5 1.9709E-5 2.03332E-5 1.57124E-5 2.96805E-5 2.27203E-5 4.44865E-5 2.45791E-5 3.33792E-5 5.11066E-5 2.80162E-5 1.98559E-5 2.52507E-5 2.73348E-5 3.26885E-5 8.01922E-6 5.99755E-6 1.21512E-5 6.26761E-6 3.01986E-5 3.24356E-5 1.44275E-5 2.80175E-5 2.08906E-5 3.32163E-5 2.78911E-5 9.7234E-6 1.71731E-5 3.95746E-5 5.24509E-5 1.59351E-5 7.18345E-6 4.18613E-6 3.29262E-6 2.97131E-6 3.78635E-6 5.36337E-6 2.15936E-5 4.13359E-5 5.54157E-5 3.32895E-5 1.57025E-5 3.04809E-5 2.26663E-5 2.39537E-5 3.57757E-5 4.04183E-5 1.36222E-5 1.08293E-5 2.18974E-5 1.20513E-5 8.11197E-6 8.26947E-6 9.00686E-6 9.71654E-6 6.16472E-6 1.37806E-5 6.21834E-6 8.46163E-6 1.39217E-5 2.01068E-5 1.43518E-5 1.35296E-5 1.66177E-5
4.35062E-5 3.1692E-5 2.72797E-5 2.39237E-5 3.08164E-5 2.41187E-5 3.92854E-5 3.65524E-5 4.76527E-5 7.19506E-5 1.06742E-4 5.46756E-5 1.72466E-5 1.8236E-5 4.27298E-5 1.50084E-5 1.69122E-5 1.17312E-5 1.04467E-5 1.68925E-5 6.89567E-5 4.03969E-5 3.3097E-5 2.87923E-5 2.58355E-5 1.35196E-4 1.01176E-4 2.86797E-5 1.38181E-5 8.93198E-5 4.85799E-5 3.66433E-5 7.90164E-5 1.26414E-4 8.7519E-5 4.05314E-5 1.04063E-5 7.59417E-5 3.04694E-4 2.75478E-4 2.18748E-4 8.53195E-5 5.56028E-5 8.84449E-5 1.08883E-4 2.70649E-5 1.58419E-4 3.2315E-5 1.49793E-5 1.2676E-5 6.48195E-5 1.28122E-5 8.68597E-6 8.1196E-6 1.57166E-5 1.02644E-5 8.59774E-6 3.18298E-5 6.95429E-6 8.60576E-6 1.83033E-5 2.62769E-5 1.26848E-5 2.53475E-5 2.36106E-5
2.98374E-5 3.24655E-5 3.768E-5 3.62596E-5 1.5862E-5 3.00632E-5 3.58969E-5 2.94342E-5 3.97134E-5 4.83946E-5 1.14491E-4 8.0869E-5 3.05844E-5 2.96096E-5 1.05628E-4 6.14552E-5 3.72374E-5 1.28132E-5 2.17294E-5 4.68103E-5 8.93118E-5 1.31402E-4 9.67387E-5 3.53632E-5 1.40191E-5 3.94572E-5 2.43582E-4 1.70038E-4 3.18402E-5 4.77489E-5 6.5201E-5 2.33831E-5 3.66523E-4 1.51027E-4 4.26808E-5 1.07651E-4 6.71075E-5 9.0099E-5 1.12608E-4 2.25146E-4 6.78026E-5 2.51236E-4 3.02438E-4 1.23403E-4 7.86448E-5 2.81495E-5 7.15717E-5 2.83587E-5 1.03306E-5 6.18021E-5 5.72969E-5 5.56424E-6 9.16108E-6 9.23034E-6 1.92185E-5 3.41126E-5 1.76512E-5 6.32465E-6 1.01965E-5 9.90733E-6 2.2417E-5 2.2589E-5 2.20019E-5 1.38952E-5 1.43981E-5
3.84957E-5 3.82237E-5 3.77597E-5 2.14965E-5 2.15643E-5 2.17114E-5 3.75274E-5 3.93002E-5 2.633E-5 3.84582E-5 1.27412E-4 7.30717E-5 3.46126E-5 3.41218E-5 3.02904E-5 2.82665E-5 2.45089E-4 1.04689E-4 2.08496E-5 5.12435E-5 3.91934E-5 1.17411E-4 7.15545E-5 1.10434E-4 1.41854E-5 6.43399E-5 4.21809E-5 1.32264E-4 9.32981E-5 6.44467E-5 1.01152E-4 7.0481E-5 2.56724E-4 1.2307E-4 4.11991E-5 3.48346E-5 1.14689E-4 2.81319E-4 2.99299E-4 2.17458E-4 8.12399E-5 2.03218E-4 3.16901E-4 7.83656E-5 7.45236E-5 5.92862E-5 8.78326E-5 4.0436E-5 1.74562E-5 6.28139E-5 7.85034E-5 5.19321E-6 8.72751E-6 1.65074E-5 2.90493E-5 1.30403E-5 9.53552E-6 8.17746E-6 1.30629E-5 1.10833E-5 1.4136E-5 1.57527E-5 2.22128E-5 1.67561E-5 2.8908E-5
4.09893E-5 3.98822E-5 4.22464E-5 3.70436E-5 3.65359E-5 3.6291E-5 3.66011E-5 3.89383E-5 3.70873E-5 3.96236E-5 7.68952E-5 4.54823E-4 2.67383E-4 3.21063E-4 2.66594E-5 4.20415E-5 4.32836E-4 3.23552E-4 3.3807E-5 1.31616E-4 1.35716E-4 1.465E-4 2.07766E-4 5.3534E-5 9.37615E-5 3.21858E-4 2.73232E-4 1.58975E-4 1.73056E-4 7.25698E-5 8.15239E-5 1.41822E-4 9.32488E-5 4.53146E-5 3.88523E-5 3.24908E-5 3.93435E-5 1.39965E-4 7.79367E-5 8.20217E-5 4.48766E-5 3.58829E-5 1.03586E-4 5.00763E-5 1.68459E-4 5.65764E-5 7.79252E-5 1.5434E-4 3.06162E-5 1.96421E-5 1.24363E-5 8.89658E-6 8.99908E-6 1.25171E-5 1.44597E-5 2.34915E-5 1.1379E-5 5.4927E-6 1.1471E-5 2.19017E-5 1.34152E-5 1.39342E-5 2.61898E-5 2.73345E-5 3.17299E-5
4.66898E-5 4.77553E-5 2.56395E-5 2.67618E-5 3.88609E-5 2.21715E-5 3.64832E-5 3.70758E-5 4.72214E-5 4.624E-5 4.8857E-5 2.97816E-4 1.02223E-3 1.03564E-3 4.12365E-5 1.20918E-4 1.61329E-4 1.35962E-4 3.02959E-5 9.49813E-5 4.32882E-5 3.77751E-4 2.146E-4 3.67057E-5 1.56985E-4 3.03783E-4 3.23211E-4 1.72293E-4 1.0923E-4 1.2878E-4 7.60933E-5 9.0221E-5 1.02841E-4 1.07448E-4 9.38476E-5 4.5244E-5 3.88206E-5 2.6802E-5 3.54374E-5 2.20797E-5 1.50593E-5 4.7867E-5 9.10739E-5 6.03322E-5 4.57358E-5 6.40508E-5 7.07377E-5 1.19488E-4 1.68674E-5 2.52916E-5 1.92669E-5 1.65625E-5 1.95614E-5 3.44711E-5 1.70585E-5 2.06064E-5 1.88791E-5 8.65833E-6 2.23842E-5 1.23753E-5 1.1767E-5 1.51106E-5 1.73484E-5 1.94941E-5 1.5291E-5
4.84564E-5 3.92272E-5 5.07309E-5 4.44546E-5 4.23084E-5 3.98058E-5 4.31951E-5 3.6252E-5 3.68947E-5 4.06266E-5 5.43509E-5 6.12167E-5 1.03443E-3 2.40229E-4 4.31828E-4 3.79669E-5 1.55257E-4 3.76789E-5 2.18267E-5 4.29356E-5 2.94692E-4 2.59205E-4 2.32209E-5 1.41963E-4 2.53136E-4 1.44936E-4 1.09645E-4 2.33068E-4 1.28743E-4 2.36845E-4 4.84953E-4 2.43214E-4 5.05292E-5 7.5483E-5 1.61976E-4 3.05381E-4 2.6479E-4 2.18647E-4 7.0288E-5 6.48738E-5 3.56416E-5 3.36524E-5 7.15153E-5 4.09945E-5 6.37394E-5 6.12689E-5 1.11011E-4 5.38003E-5 1.44488E-5 8.86674E-5 4.71755E-5 1.54346E-5 5.89844E-5 2.00551E-5 1.44285E-5 1.27969E-5 7.72487E-6 6.78014E-6 2.12824E-5 1.47542E-5 1.15031E-5 2.70812E-5 1.76386E-5 2.44333E-5 1.58623E-5
4.41581E-5 3.97505E-5 3.78767E-5 4.381E-5 4.00761E-5 3.97162E-5 3.76655E-5 3.54192E-5 2.23147E-5 3.99432E-5 4.82003E-5 3.2296E-4 4.41858E-4 1.12819E-4 4.64256E-4 3.45288E-5 2.21259E-5 2.17184E-5 2.00154E-5 9.36603E-5 3.75903E-4 2.23056E-4 8.82821E-5 2.10351E-4 3.39421E-4 5.6445E-5 2.45082E-5 2.28813E-4 4.29021E-5 4.54895E-4 6.53945E-4 3.74133E-4 4.85143E-5 4.17993E-5 5.48303E-5 2.56255E-4 1.53628E-4 6.98786E-5 3.93161E-5 4.96664E-5 2.77931E-5 3.94674E-5 1.63914E-4 6.35273E-5 1.47301E-4 1.09035E-4 2.29467E-4 3.88863E-5 2.24564E-5 2.52338E-5 1.62927E-5 1.68065E-5 3.35741E-5 2.03741E-5 1.0362E-5 1.07887E-5 5.66529E-6 1.58625E-5 1.58593E-5 1.67368E-5 1.64908E-5 2.73394E-5 1.44053E-5 1.92614E-5 1.485E-5
2.95474E-5 4.57072E-5 4.18137E-5 6.1661E-5 8.92229E-5 4.20182E-5 6.17275E-5 3.64928E-5 2.66026E-5 3.53688E-5 3.14007E-5 6.577E-5 1.01967E-4 9.03981E-5 5.94073E-5 3.55937E-5 3.30125E-5 3.61267E-5 4.05836E-5 2.20278E-4 2.91358E-4 4.73064E-5 3.61116E-5 4.10853E-4 2.0559E-4 8.63429E-5 3.87699E-5 1.10584E-4 4.14574E-5 6.03975E-4 2.73725E-4 6.73241E-5 1.21861E-4 2.23951E-5 8.56465E-5 6.39031E-5 6.48693E-5 3.71261E-5 3.30345E-5 2.86471E-5 1.56586E-5 6.27656E-5 1.62144E-4 1.40855E-4 1.10015E-4 4.97136E-5 3.1669E-5 2.73197E-5 2.05962E-5 1.03427E-4 1.27931E-5 2.18633E-5 2.44463E-5 3.43416E-5 7.51312E-6 8.82579E-6 1.91947E-5 1.69402E-5 1.30099E-5 1.2098E-5 1.72749E-5 2.75303E-5 2.78691E-5 1.59456E-5 1.80873E-5
4.97421E-5 2.10418E-4 9.27552E-5 7.07341E-5 3.29224E-5 6.58882E-5 4.26182E-5 4.09325E-5 4.42313E-5 3.94005E-5 3.79173E-5 7.58837E-5 1.76146E-4 1.18105E-4 5.25197E-5 4.14438E-5 4.9398E-5 2.76799E-5 1.12777E-4 2.71206E-4 3.8566E-5 3.20881E-5 1.10974E-4 9.18841E-5 3.35284E-4 2.74621E-4 4.26708E-4 2.49838E-5 1.19704E-5 1.77591E-4 1.02048E-4 7.9107E-5 8.29511E-5 1.73519E-5 1.71081E-4 7.32401E-5 1.02139E-4 3.47398E-5 4.38036E-5 1.1135E-4 3.26052E-5 1.88412E-5 2.06526E-5 6.63724E-5 2.15048E-4 4.11719E-5 1.82607E-5 1.93284E-5 2.03354E-5 1.58941E-5 1.24207E-5 1.01857E-5 2.26521E-5 1.92878E-5 1.21506E-5 1.71782E-5 1.86885E-5 2.50548E-5 1.73026E-5 1.19776E-5 1.72694E-5 2.45629E-5 2.7247E-5 1.47224E-5 1.76968E-5
4.42833E-5 5.13845E-5 6.5676E-5 4.03864E-5 3.19959E-5 4.37619E-5 2.14155E-5 3.78852E-5 3.74223E-5 3.80504E-5 4.35297E-5 3.8822E-5 3.03928E-5 4.81424E-5 8.21159E-5 4.01643E-5 6.29695E-5 1.51983E-4 2.0488E-4 4.55923E-5 4.36134E-5 3.57742E-5 2.09701E-4 2.81638E-4 1.42492E-4 1.20556E-4 2.43192E-4 3.69927E-5 4.9229E-5 2.13454E-5 3.78752E-5 2.55461E-5 3.80331E-5 1.75811E-5 1.58375E-4 1.152E-4 5.76733E-5 5.22455E-5 4.92566E-5 3.59404E-5 5.50794E-5 3.97865E-5 2.33345E-5 1.22853E-4 1.70736E-4 2.8678E-4 2.75185E-5 3.18717E-5 1.54275E-5 1.52817E-5 6.27883E-6 8.99433E-6 1.5722E-5 1.94893E-5 4.60519E-5 1.34074E-5 4.85733E-5 4.4799E-5 1.62723E-5 1.22085E-5 1.92494E-5 2.89579E-5 2.81861E-5 1.25162E-5 1.56736E-5
8.65662E-5 5.8522E-5 6.22018E-5 6.99754E-5 8.04918E-5 4.76751E-5 4.36172E-5 4.06133E-5 1.2261E-4 6.68144E-5 5.16705E-5 4.52984E-5 7.22029E-5 6.10952E-5 6.45167E-5 6.45713E-5 6.24448E-5 1.18887E-4 4.25921E-5 1.90546E-5 7.18381E-5 8.99386E-5 8.36676E-5 1.28212E-4 1.13108E-4 2.58504E-4 7.01615E-5 7.88504E-5 4.10731E-5 2.65713E-5 2.84355E-5 2.78441E-5 4.34573E-5 2.67841E-4 4.39626E-4 2.98689E-4 5.79685E-5 2.5953E-5 4.35584E-5 3.59899E-5 2.64621E-5 6.57838E-5 1.94585E-5 4.08658E-5 9.44005E-5 6.76363E-5 1.45865E-4 5.72317E-5 3.16567E-5 1.71336E-5 5.8344E-6 1.33671E-5 1.90355E-5 1.64017E-5 1.28467E-5 2.71042E-5 3.35878E-5 5.80289E-5 5.6912E-5 1.4498E-5 2.41844E-5 2.60681E-5 2.93725E-5 2.77882E-5 1.46536E-5
2.27012E-4 1.08682E-4 6.5571E-5 7.13651E-5 1.77761E-4 3.04772E-4 2.41077E-4 1.25562E-4 2.51246E-4 3.27984E-4 6.97988E-5 7.98799E-5 5.73536E-5 6.78579E-5 7.76892E-5 8.75433E-5 6.00648E-5 1.52142E-4 8.91811E-5 2.78715E-5 3.85547E-5 1.76185E-4 1.26373E-4 2.04268E-5 4.71283E-4 9.95927E-5 1.2262E-5 2.57313E-5 2.42818E-5 2.42385E-5 2.92549E-5 3.67696E-5 4.26272E-5 9.79287E-5 3.85097E-4 2.46812E-4 2.11831E-4 5.83628E-5 4.04786E-5 2.89453E-5 3.01377E-5 5.80589E-5 3.20152E-5 1.87106E-5 1.49749E-5 2.0587E-5 1.21345E-4 4.07217E-5 2.22634E-5 1.96911E-5 5.97656E-6 2.10151E-5 1.66625E-5 1.85221E-5 1.88725E-5 2.86057E-5 1.47367E-5 1.97097E-5 2.15758E-5 3.9127E-5 1.92015E-5 2.64165E-5 2.91307E-5 2.57636E-5 1.15626E-5
2.89026E-4 2.66835E-4 1.06184E-4 1.34111E-4 1.61271E-4 9.53374E-5 1.49887E-4 2.35135E-4 1.04968E-4 2.85855E-4 3.81977E-4 2.25766E-4 9.84058E-5 5.83128E-5 4.64027E-5 5.32872E-5 5.76201E-5 7.39389E-5 8.74126E-5 3.42112E-5 2.79624E-5 3.78893E-5 8.19855E-5 3.76426E-5 5.23493E-5 6.10376E-5 3.97253E-5 2.57808E-5 2.57177E-5 2.82947E-5 4.37111E-5 7.68414E-5 3.43818E-5 3.33124E-5 1.23479E-4 3.88429E-4 1.23615E-4 4.53293E-5 4.62046E-5 5.59211E-5 2.62545E-5 4.21609E-5 7.49749E-5 4.49482E-5 2.13151E-5 2.34618E-5 5.30229E-5 5.09913E-5 6.68907E-5 1.29638E-5 6.64979E-6 3.16041E-5 7.13779E-5 6.00558E-5 1.84981E-5 3.86058E-5 2.23474E-5 1.4517E-5 3.24038E-5 1.70859E-5 1.87347E-5 3.52962E-5 3.33834E-5 3.03765E-5 1.23608E-5
4.86007E-5 6.0079E-5 4.24816E-5 4.25418E-5 5.05702E-5 3.09823E-5 6.29157E-5 2.10612E-4 1.10256E-4 2.09334E-4 7.12999E-5 6.58025E-5 1.93061E-4 1.57215E-4 5.80888E-5 6.13582E-5 5.83555E-5 6.2594E-5 5.84611E-5 7.0234E-5 2.69513E-5 3.64146E-5 3.48113E-5 3.4956E-5 3.59026E-5 2.53048E-4 1.0371E-4 3.42079E-5 2.96364E-5 3.60958E-5 2.66942E-5 3.61425E-5 3.70823E-5 4.62493E-5 2.96817E-4 1.015E-4 9.20597E-5 5.54017E-5 4.45483E-5 8.3734E-5 8.18828E-5 8.01698E-5 7.2482E-5 7.2373E-5 1.85543E-5 2.98705E-5 2.84131E-5 2.61881E-5 3.12247E-5 2.99568E-5 9.24638E-6 1.04327E-4 2.35562E-4 3.54422E-4 7.27067E-5 6.64596E-5 1.04891E-4 2.23892E-5 4.09525E-5 1.99582E-5 1.64717E-5 1.94887E-5 3.05588E-5 2.99276E-5 1.56529E-5
3.68999E-5 4.52521E-5 6.29647E-5 3.74382E-4 2.23353E-4 1.0279E-4 9.2856E-5 1.06575E-4 1.31207E-3 1.19618E-3 6.94988E-5 6.39939E-5 1.19272E-4 4.05619E-5 5.28646E-5 6.03919E-5 5.69486E-5 5.07556E-5 6.27405E-5 5.63174E-5 1.59207E-5 1.57498E-5 5.48331E-5 5.36278E-5 4.96805E-5 8.17709E-5 2.18975E-4 2.72444E-5 2.76658E-5 3.15417E-5 2.94569E-5 3.41312E-5 3.21803E-5 3.45809E-5 1.2762E-4 2.28317E-4 6.52951E-5 9.4618E-5 4.94596E-5 9.98811E-5 3.41599E-5 6.31854E-5 2.53173E-5 2.73955E-5 2.56264E-5 1.98742E-5 1.87045E-5 3.10298E-5 1.86908E-5 6.05574E-5 6.54444E-5 5.41797E-5 1.16098E-4 1.5574E-4 4.79862E-5 1.08606E-4 4.56115E-5 4.02634E-5 5.86353E-5 2.64055E-5 1.76263E-5 2.33211E-5 1.26813E-5 1.30413E-5 1.86511E-5
5.36199E-5 7.0914E-5 4.37922E-4 3.58762E-4 2.27461E-4 8.25649E-5 1.51412E-4 8.69252E-5 7.41545E-4 8.34665E-4 8.6537E-5 6.47122E-5 5.64078E-5 5.66419E-5 6.70279E-5 6.95176E-5 6.31297E-5 1.09938E-4 8.19099E-5 7.92044E-5 6.96714E-5 4.62796E-5 6.25141E-5 1.63258E-4 4.01119E-5 3.89271E-5 1.09154E-4 3.94302E-5 3.09162E-5 3.24212E-5 2.99656E-5 2.94309E-5 2.61925E-5 2.79257E-5 5.58014E-5 1.38631E-4 4.82028E-5 2.2253E-4 6.61392E-5 2.49147E-5 2.98771E-5 2.87233E-5 2.05031E-5 1.96103E-5 2.37007E-5 2.15659E-5 1.61233E-5 2.18308E-5 2.02539E-5 2.96841E-5 3.35402E-5 4.61736E-5 2.43574E-4 8.91319E-5 3.24096E-5 2.2887E-5 1.86785E-5 1.88402E-5 3.23194E-5 2.31709E-5 1.23942E-5 4.49133E-6 1.44943E-5 1.7802E-5 2.1793E-5
1.86148E-4 2.37155E-4 7.2896E-4 5.0175E-4 2.54865E-4 8.4598E-5 1.32925E-3 1.46067E-4 2.8765E-4 4.95522E-4 7.28812E-5 1.07447E-4 6.26732E-5 6.86042E-5 6.95431E-5 5.64896E-5 4.78534E-5 4.83372E-5 4.23994E-5 2.23139E-5 5.95833E-5 1.47754E-5 1.61636E-5 2.69759E-5 3.01643E-5 2.96177E-5 4.30467E-5 9.5162E-5 2.88991E-5 2.74028E-5 2.8991E-5 4.08092E-5 3.00056E-5 7.1824E-5 9.53656E-5 1.21097E-4 4.96404E-5 4.49448E-5 3.13481E-5 3.00608E-5 2.26044E-5 2.26805E-5 4.14719E-5 2.04002E-5 2.02028E-5 1.65894E-5 2.53969E-5 2.02502E-5 2.25986E-5 2.24895E-5 2.05619E-5 6.7636E-5 1.56732E-4 1.03592E-4 1.57586E-4 3.73136E-5 5.14955E-5 5.1906E-5 4.2367E-5 1.75064E-4 9.77713E-5 7.33998E-6 1.90248E-5 2.55225E-5 2.75209E-5
4.66629E-5 7.75708E-5 1.0312E-3 1.13015E-3 3.44834E-4 1.88253E-4 2.93921E-4 3.67241E-5 1.62766E-4 2.37065E-4 2.61712E-4 7.28967E-5 6.68813E-5 4.62464E-5 5.46276E-5 5.98008E-5 3.89749E-5 3.13376E-5 4.14675E-5 4.42774E-5 3.59857E-5 5.75503E-5 1.54251E-5 1.35691E-5 2.9802E-5 3.19014E-5 7.87928E-5 8.99409E-5 1.33887E-4 4.55469E-5 7.82817E-5 1.09456E-4 6.33718E-5 2.52368E-4 2.34531E-4 7.14733E-5 1.05215E-4 2.17407E-5 2.16319E-5 2.05143E-5 1.98207E-5 1.88476E-5 2.22878E-5 2.94E-5 1.95158E-5 1.61202E-5 2.04366E-5 1.25032E-5 1.53164E-5 2.24896E-5 2.34948E-5 2.08527E-4 1.92718E-4 1.1979E-4 1.66035E-4 7.52443E-5 2.5823E-5 1.91492E-4 1.77914E-4 5.06153E-5 1.05651E-4 3.21367E-5 5.18719E-5 3.33511E-5 3.36073E-5
2.26904E-5 2.02094E-5 7.39644E-5 8.72783E-5 4.49444E-5 1.72323E-4 3.01581E-4 9.19841E-5 6.30681E-5 3.26692E-5 2.3319E-4 4.01859E-4 6.98706E-5 6.11808E-5 5.23658E-5 7.18846E-5 4.0228E-5 3.2398E-5 3.19988E-5 5.70947E-5 4.19415E-5 3.49489E-5 4.93749E-5 4.17683E-5 4.15529E-5 3.04599E-5 6.71621E-5 5.16378E-5 2.4929E-4 9.79065E-5 7.12777E-5 3.09895E-4 2.36081E-4 2.42008E-4 1.59348E-4 1.42901E-4 1.30783E-4 8.78871E-5 3.05026E-5 2.53284E-5 1.87342E-5 1.65973E-5 3.6133E-5 4.1085E-5 6.53403E-5 2.05549E-5 1.10179E-5 2.79954E-5 2.25286E-5 2.18896E-5 3.28975E-5 1.412E-4 3.06475E-4 2.10798E-4 5.19374E-5 2.95519E-5 3.36291E-5 9.00482E-5 9.51811E-5 4.39359E-5 1.69946E-4 4.28338E-5 3.46045E-5 3.65333E-5 3.70681E-5
