catData/variables/futureClimate2070/rcp85/GFDL_CM3_2070_rcp85/bio11.asc
NCOLS 409 
NROWS 350 
XLLCORNER 60.897278365 
YLLCORNER 5.843756025 
CELLSIZE 0.0892857 
NODATA_value -9999 
[rows 156 to 181 of 350, columns 118 to 176 of 409]
25.3958866090097 25.430303418 25.5354416736829 25.59464677 25.5974160996246 25.6 25.6 25.6039164475858 25.60535323 25.6881181751067 25.610474587547 25.6983608902007 25.6137528071455 25.7008574535082 25.682192892 25.60535323 25.60535323 25.60535323 25.60535323 25.546478692 25.4428699140843 25.414622894738 25.5723669986083 25.688789997909 25.6949364473008 25.5984538127059 25.5013569739933 25.4044957893396 25.3731204620575 25.1995202398716 25.0782402273784 25.244588618 25.1503442338581 24.892957864 24.6857402824731 24.6867400542194 24.6218060529119 24.687445658 24.6949364601485 24.5913694590104 24.396003996841 24.2528063738127 23.9809535715336 23.9 23.8979954542261 23.8524453104276 23.748268782 23.6968483362649 23.69464677 23.6985631790425 23.619697422 23.6 23.6895247309963 23.7019164373149 23.8359031470665 24.078629992 23.9958865576187 23.9983778397276 23.9966513029261
25.3202664159607 25.417807348 25.4921832406121 25.5 25.551731938 25.6073570334712 25.61249607 25.676514345956 25.7 25.7 25.7118199049032 25.7002164091896 25.71249607 25.7265120102377 25.7797337940487 25.71249607 25.7078167893785 25.7055718549079 25.7060316408057 25.6484824654807 25.61249607 25.685656288 25.7827644016602 25.7234814026262 25.617907332 25.601731578 25.6844690709707 25.5069733542283 25.3169615759418 25.030302938 25.1327665273691 25.232092548 25.2487012704074 25.1094614209802 25.0292386622235 24.9426900399372 24.671587616 24.6780871867287 24.581095587078 24.4877202792084 24.4811427205052 24.2534683962188 24.0344762881351 23.9 23.862554462 23.7944282050733 23.7422370812131 23.641125942 23.6 23.6640176459277 23.6172360183587 23.5890727593549 23.5993237449315 23.7172567255644 23.9886128235042 23.9819817542094 23.907769505923 23.9484920183634 23.924949228
25.28036109 25.310664508 25.417807348 25.489117902826 25.551731938 25.658874778 25.7 25.7143679165022 25.71963891 25.71963891 25.7956516437407 25.7210306178216 25.8 25.8031456620165 25.8150904720645 25.8 25.7699079717736 25.764227768 25.767907212 25.7312012275308 25.73927782 25.7980701686312 25.81963891 25.81963891 25.725050172 25.621030424955 25.7 25.6711110988831 25.4174835924063 25.0850539111153 25.1 25.1533453365593 25.2612108735217 25.3 25.233982862 25.0680478662355 24.7945010541545 24.6003120397794 24.391184094 24.4010513061768 24.4358424378306 24.1354556037497 23.9 23.8940488804122 23.8502694475068 23.755411622 23.6898405526551 23.621487032 23.567396090817 23.575089955102 23.58036109 23.5100889989401 23.594588258 23.782092188 23.889235028 23.9514730546163 23.7954517034646 23.7863121624544 23.8300914496265
25.185623866197 25.2489693823498 25.337446258 25.444589098 25.551731938 25.658874778 25.7176806734087 25.7803485570396 25.8 25.8 25.8 25.8004638111672 25.82678175 25.8385094817294 25.8830424058223 25.82678175 25.82678175 25.8594289315226 25.8621229560291 25.8698886564192 25.9176806091325 25.92678175 25.9052751857641 25.9 25.805411262 25.7 25.7 25.6796930400056 25.5331007335461 25.3009755289022 25.0832468846495 25.189177236 25.2861454102471 25.27321825 25.2248816568563 25.126840022 24.9178878640403 24.5000161404885 24.3079244141262 24.3719505946148 24.282251644 24.067965964 23.9 23.869697302 23.8 23.743470074075 23.621487032 23.5301116950284 23.4163026214199 23.446377988 23.47321825 23.5200570764705 23.5707052264262 23.6490948346773 23.808873938 23.883983222 23.7830429329937 23.7651997365455 23.8736205121942
25.1723886148719 25.3102803103125 25.371370848 25.4633870193188 25.551731938 25.658874778 25.766017618 25.8 25.8 25.8 25.8320889229717 25.835068895844 25.9 25.9 25.9 25.9 25.9 25.9 25.9 25.9 25.966017378 26 25.9469394251839 25.9042589276317 25.8375001035527 25.733337159263 25.7 25.6733992731057 25.5029075237099 25.278788248 25.0120391246824 25.121328056 25.180419362 25.1521236842119 25.1436793666038 25.0838100645806 24.8524093577649 24.3627717099999 24.2358224797327 24.299412650682 24.2453165254976 24.0109841993735 23.8921431131289 23.8460527780554 23.7872967547602 23.7071515028483 23.5646437683915 23.4800272172071 23.334041614 23.339235148 23.3933177303459 23.5452253364698 23.5356645094293 23.471268704 23.774949348 23.8554922582677 23.8314272218083 24.0168632452729 24.278438136
25.223160578 25.3178585830252 25.4117570437918 25.5 25.551731938 25.658874778 25.766017618 25.8 25.8 25.8 25.894588978 25.9 25.9036445939619 25.9344894552211 25.9 25.9 25.9153781172299 25.94106743 25.94106743 25.94106743 26.007084808 26.04106743 26.008089027868 25.948465884949 25.902222266234 25.798268422 25.6963555045999 25.6560710644341 25.6042584910341 25.3733677458511 25.0396224559957 24.9525544370298 24.966133682 25.0009175991191 24.992915432 24.95893257 24.7653486304298 24.3524602187743 24.110823004 24.2564902159788 24.0985313996764 23.9 23.8673289835277 23.75893257 23.7368649521063 23.7 23.5752928822597 23.400058512 23.2811216607486 23.2541375196173 23.339235148 23.4822895738254 23.6722781912847 23.6062649392438 23.6714508062764 23.8328883954671 24.0884645620897 24.4730351112727 24.7827150644556
25.1861160851874 25.314609359637 25.4050498439133 25.5 25.551731938 25.658874778 25.7341903461146 25.787060584335 25.8 25.8421580192344 25.897197646316 25.9008349141337 25.9528064314166 25.991704581033 25.94821027 25.94821027 25.967603461618 25.9785035911683 25.9767297212814 26 26.0341902218193 26.0870604686304 26.05841126308 26.0060523664703 25.9510127479794 25.846478692 25.7265007093638 25.5273186813284 25.6062985404438 25.3352421195445 24.999429091387 24.9 24.9230881687302 24.9488455738944 24.9175996324761 24.8647293770743 24.6883096867508 24.5123466594752 24.3492654542748 24.244747594 24.0436143571741 23.99642054 23.9612662540734 23.8154127849538 23.7301576750273 23.7 23.5697461058721 23.3609528696782 23.3 23.2621107692211 23.4059410273415 23.7459946623614 24.1186276485701 24.3777439730197 24.1437826965306 24.3312996623236 24.6252445308937 24.8063203903632 24.985655568
25.1760340655661 25.2917241922993 25.437446258 25.5 25.551731938 25.658874778 25.7 25.773160458 25.8 25.887446138 25.9 25.9561263128775 26 26 26 26 26 25.9800924616165 25.9784497043012 26.0325888877811 26.05535311 26.128513328 26.0664526299438 25.957200992 25.9970046981927 25.7904376488252 25.844416769787 25.7464210751206 25.7775718150441 25.5309248258132 25.2527141572533 25.152084363231 25.138970443446 25.135370778801 25.084869900984 25.0333956750983 24.9855597291807 24.97676555 24.882177052 24.6296143334276 24.49238390351 24.5250930448155 24.3576799953016 24.0165538524862 23.8040090016785 23.81070622 23.6499741079922 23.3496632619138 23.3177317023371 23.5578340612543 23.9619263426664 24.3832444531692 24.810471692 25.0645135671603 24.9807274873376 25.0285634332552 25.0532397611729 25.0242353250906 25.1135255449918
25.1664528964932 25.2852259680769 25.3983527026766 25.5 25.551731938 25.658874778 25.7 25.773160458 25.8 25.887446138 25.9 26 26 26.0100102875413 26.06249595 26.06249595 26.06249595 26.06249595 26.0301657338838 26.058874538 26.1412581875462 26.235656168 26.2022621519523 26.1546920966911 26.0672301467817 25.953446956 26.1533120661639 26.177477712449 26.0873576787339 25.920828182981 25.736056660696 25.515033151589 25.373260442 25.3470721461591 25.3789948871118 25.2960438034582 25.3126819589859 25.4342918894017 25.355395302 25.2118304281308 25.1727578743084 25.1079397764392 24.8006365065514 24.3344550810278 24.0794471615286 24.3653375804207 23.9990632311859 23.4851636278506 23.643295308697 24.14077439 24.7768603079913 24.9983543198683 25.2134912907233 25.3249919 25.3194460481445 25.2725057875705 25.2873584587145 25.1814337590005 25.2530789065691
25.1837024534476 25.2514641436238 25.3488153950285 25.4614125183191 25.551731938 25.658874778 25.7 25.773160458 25.8 25.887446138 25.9 26.0012060171002 26.06963879 26.0745018962045 26.1161285791431 26.16963879 26.16963879 26.16963879 26.117907092 26.128513328 26.281629871229 26.3614899074234 26.36963879 26.36963879 26.312202219239 26.3099678260658 26.3634587526853 26.283982742 26.153679804 25.9274918632847 25.685830864 25.5025961580529 25.4506800748011 25.5516374874964 25.6289599719042 25.492957624 25.5755023087911 25.7229115878613 25.7105593674864 25.607710687166 25.5427631423633 25.5528122210586 25.3806096557538 25.1294011628982 24.9560322297113 25.201698698 25.0640230884072 24.8481096772302 24.9233546551864 25.1369515247586 25.422975484052 25.47855516 25.3755330629402 25.53927758 25.530403642 25.4441404676038 25.4394476317438 25.369580038 25.4653540324391
25.12321837 25.1767892462861 25.337446258 25.444589098 25.551731938 25.658874778 25.7 25.7169866658321 25.7848765511482 25.887446138 25.9726269591087 26.001731818 26.1068141070693 26.17678163 26.199941968 26.27678163 26.27678163 26.27678163 26.2647703729511 26.312437798 26.4349087970884 26.532955237892 26.55356326 26.55356326 26.55356326 26.47678163 26.4610932892066 26.283982742 26.171462504754 26.0324069954686 25.7691988978563 25.5238831173898 25.5655744613248 25.694530226 25.77678163 25.574288250384 25.7839212611927 26.0081511195767 25.9577182994431 25.8531612715372 25.8324053294825 25.8498443694978 25.807185032 25.7325044178335 25.7548598971227 25.7942608445811 25.755395302 25.70712652 25.70712652 25.7241130186599 25.7489898396796 25.75356326 25.637013150281 25.7522340947387 25.6610941377583 25.5 25.4946227142022 25.5303508091825 25.6335063376745
25.1194373923354 25.2190993230516 25.337446258 25.444589098 25.551731938 25.658874778 25.7 25.7 25.780303298 25.814057430148 25.910664508 -9999 26.1853511183092 26.2134426003038 26.307084808 26.4093562515297 26.46784894 26.46784894 26.46784894 26.526723478 26.5784615834056 26.5956853627927 26.6673939158203 26.68392447 26.6045413729538 26.5824712523408 26.4896989722721 26.367907212 26.241327382502 26.0188339017781 25.7077745114477 25.4697470953263 25.6926431716987 26.053446476 25.969484280473 25.6030454122114 25.7538175575985 26.1377434560291 26.1687188676275 26.1503203937596 26.06784894 26.06784894 26.0641258700792 26.0312133506156 25.98392447 25.9465039100819 25.891683932531 25.88392447 25.828520138243 25.8 25.8 25.8 25.7847944362087 25.7157972468217 25.6896995294346 25.5704824739524 25.5194365866605 25.6190982087266 25.6939804698864
25.214227888 25.321370728 25.428513568 25.4950503158981 25.551731938 25.6052591014069 25.6690531588387 25.7 25.780303298 25.8 25.894588978 26.2 26.2080819123123 26.3216715125579 26.505294958 26.612437798 26.68213462 26.68213462 26.68213462 26.6873936999685 26.69106731 26.7576923525227 26.7893078432317 26.79106731 26.696478572 26.689335732 26.5660295044984 26.2491559740109 25.8894105639999 25.7000140869751 25.4032254578005 24.9594691770212 25.3524266768976 25.935613976 25.9400540294311 25.8738593838448 26.0320480777933 26.1840813366428 26.113860799302 26.198268662 26.1 26.0854137325652 25.9878416303196 25.915158533926 25.8748320458284 25.8138824384172 25.80893269 25.8625477109084 25.833983102 25.6667507892007 25.61786538 25.5382311901091 25.6990760342729 25.7 25.6830448053723 25.5075019608733 25.523159618 25.6578980913645 25.79106731
25.223160578 25.330303418 25.437446258 25.5 25.551731938 25.6 25.6011816163358 25.6736408455425 25.7014373085793 25.787670833299 -9999 26.2508349120555 26.307084808 26.430245146 26.621370488 26.728513328 26.8349859404468 26.8964203 26.8964203 26.8964203 26.8964203 26.8977297581619 26.89821015 26.89821015 26.8965171534729 26.7930774012976 26.4577354375411 25.941300518 25.6272860549578 25.7887393054568 25.841717041485 25.7628269557245 25.5305310725192 25.0568159368682 24.6925392409778 24.8124599965349 25.5516972440722 25.794605058 25.3409888789258 25.5175990105872 25.814084893525 25.9032930194033 25.9013753232816 25.8702396748401 25.8011196310381 25.7124193741672 25.7051903135893 25.858874058 25.833983102 25.7255308124294 25.5404795853846 25.5002247081859 25.5962812459358 25.60178985 25.5927570818207 25.515730101699 25.621369768 25.7290549765446 25.7632249166662
25.323160578 25.430303418 25.5020044944461 25.547555238043 25.6 25.6 25.6 25.5960837279993 25.674950308 25.6993279930225 -9999 -9999 26.3270990335553 26.621370488 26.7297530985771 26.871312336 27.048151998 27.11070598 27.1134751726208 27.1097558737366 27.1018190863574 27.0111747453859 26.9699908106711 26.894479072526 26.8282444474511 26.7226801519717 26.2642920071676 26.0396525942479 25.7455821855692 25.2301100492408 25.2354787505106 25.2418559825853 24.9888715201886 23.9308150186986 23.4892275535908 24.1434877143238 25.0069793412793 25.419513054 25.3727142076782 25.4791177294 25.2389495665564 25.6016728267437 25.6934072651172 25.6876719196063 25.6859454859046 25.694067642831 25.751731218 25.8525710131253 25.8928278979483 25.8254035054592 25.639394844 25.512554582 25.405411742 25.407084088 25.514226928 25.621369768 25.7272728759644 25.8 25.7979955569426
25.335656408 25.4390125844025 25.5280878165179 25.57500834 25.5814726750282 25.5801472778282 25.57500834 25.5109898884589 25.5778420316025 25.6983732587461 -9999 -9999 26.517749316 26.7180190173203 26.858816506 27.073102186 27.2546210387511 27.32499166 27.3637947479236 27.282250924 27.1174837833493 26.7183492264689 26.4469671212249 26.5655334444879 25.6297655872975 25.5194227196545 25.8670452073073 25.2458372313483 24.4375285762086 24.5284630239999 24.821804087522 24.7172861588554 24.3284084815302 24.4560001827672 24.6577010286648 24.559401386958 24.5626284171326 24.7498621078716 24.7986457705422 25.1769560230532 25.28750417 25.3275493866386 25.5056789425482 25.3697306619999 25.3515162903131 25.5434126697439 25.726739558 25.716134282 25.741025238 25.77500834 25.634472131265 25.512554582 25.405411742 25.501731098 25.608873938 25.716016778 25.8 25.8 25.762554702
25.4186121485165 25.48036133 25.450269019036 25.4 25.4314130088231 25.4134101053646 25.38036133 25.38036133 25.5567384256934 25.774892276 -9999 -9999 26.5194921807982 26.751673666 26.965959346 27.180245026 27.3871768060969 27.5 27.448268302 27.2938131002318 27.034551471008 26.6610041617843 26.5273751048789 26.4852922473265 26.157734288339 25.6134237593323 25.2643686250037 25.124748684625 24.0888460366148 23.817008460006 24.1695490347705 24.6287239953605 25.2158708017405 25.8552870932078 26.0655897921248 26.0445483633485 25.8629012985723 25.4167567084078 24.8488216740397 24.9245679842436 25.1070349615979 25.1478511713089 24.992270186085 24.6577952082773 24.7178586176375 25.1945466555863 25.52261320119 25.5099251900338 25.4878450357726 25.50180665 25.5491177248847 25.4732772419999 25.366134402 25.4824323926236 25.608873938 25.716016778 25.8 25.8 25.762554702
25.42678151 25.42678151 25.42678151 25.42678151 25.3889041661487 25.3377954654425 25.3091009950336 25.3195934753753 25.5676914040001 25.801673786 -9999 -9999 -9999 26.832034996 27.046320676 27.2524907073536 27.410664508 27.47321849 27.435341321873 27.341125462 27.167965244 26.880519346 26.6178875124914 26.4217460259174 26.2800789696737 25.8267642811465 25.4155127997206 25.371302928 25.5400730401907 25.8657528272585 26.1049012661018 26.399201775623 26.5043670568052 26.4836746380063 26.3698654955848 26.2340281851759 25.959091546 25.637663026 25.1152061103551 24.8686190810808 24.9313680585261 25.0942572421679 24.9510993763137 24.5847453457145 24.496854679496 24.9115202674355 25.1762832473218 25.215301889192 24.9279767211626 24.8837765201938 25.1319309210427 25.1217217053662 25.1699341546506 25.403462196 25.6112505125929 25.742798288 25.82678151 25.82678151 25.8093930444568
25.53392435 25.53392435 25.5212209503742 25.4848734383326 25.5011750974178 25.5149953435009 25.458151479792 25.4840386481665 25.715440572125 25.8834099081668 -9999 -9999 -9999 26.8605255139172 27.046320676 27.230303178 27.3247426997926 27.3812021302489 27.4 27.341125462 27.1455692776264 26.8714141244151 26.5318485355433 26.3489642995018 26.2392396676191 26.3046794811625 26.4902238267545 26.7069228066714 26.73392435 26.7236442752526 26.7 26.6848736011695 26.649443313744 26.63392435 26.5242859589551 26.3463477909967 26.0881068050382 25.8326911681595 25.7714575668788 25.8012274168372 25.6547265575913 25.4700230037377 25.2187634992874 24.7864942419869 24.512806719777 24.5306037523518 24.4849957361857 24.5832313750097 24.1802977336832 24.3083525331564 24.5672873783803 24.6593305793226 25.0124361831887 25.3718869009775 25.722531351786 25.951714178 26.0356974 26.0356974 26.060439624048
25.5904886014276 25.55893281 25.5522428038415 25.496478092 25.5232862127309 25.7072312118867 25.8092459606176 25.82320157 25.9508298580341 -9999 -9999 -9999 -9999 26.916017498 27.046320676 27.230303178 27.3 27.3262774669663 27.35893281 27.2758801536179 27.1011479321688 26.9247915997305 26.5609221479999 26.2713310109211 26.2191211177408 26.5059058444273 26.8426526597971 26.8363377142243 26.7083544185501 26.658940057124 26.6024876912017 26.532209812 26.528529888 26.6009764498208 26.60607124899 26.5869295163384 26.4874849656868 26.376823102 26.269680262 26.2361824902679 25.950532153701 25.8445355423568 25.6906098217772 25.4696268756884 25.256134233763 24.9007052539111 24.4884491340731 24.2096593682213 24.1367052054702 24.645450865216 24.9418181102822 25.1085841700438 25.1842810383695 25.6771476447811 26.1210249330633 26.2718405953874 26.2273766243273 26.2713771780015 26.2692445366485
25.432209332 25.3699791969088 25.441026198 25.5019836770451 25.6016119036588 25.8162772977276 25.9978447314431 26.0834807087499 -9999 -9999 -9999 -9999 26.9 26.916017498 27.046320676 27.2156940067952 27.2698427065116 27.3 27.3 27.2390177888643 27.164593062261 27.1103203750459 26.8913502130581 26.6208701496595 26.400082704 26.6964272549069 26.8868472224199 26.727477378887 26.5656744118061 26.407962803498 26.269714102 26.1195788897712 26.0874110294213 26.2745907814562 26.4850408120699 26.624949948 26.65178997 26.648659467911 26.5992226752624 26.4377047379999 26.058100202124 26.1715344335487 26.0290556664897 25.9746512402034 25.7745560206896 25.3180665479999 24.8857912948686 24.6240631541441 24.8449513173383 25.3557562141737 25.7308730698892 25.9610205225029 26.0312812675583 26.3946331902697 26.492141931828 26.4078813894788 26.1860839016429 26.1090483075373 25.9539016133994
25.442898032 25.4131358395711 25.558857738 25.666000578 25.8193370692208 25.969580518 26.1061983297314 26.1880169147919 -9999 -9999 -9999 -9999 26.9504750489057 26.9625042231548 27.0335007642153 27.1614208087242 27.237446018 27.3 27.3286349795427 27.3227641235178 27.233982622 27.2 27.0752468946992 26.9665629624805 26.8185329751798 26.9543943918807 26.882251164 26.6751167300017 26.4598675971865 25.9702648848587 25.4743999648168 25.4361108447816 25.5839682593917 25.9431528976354 26.2142609128503 26.3922446455143 26.5228412189078 26.632092788 26.64464713 26.6522608990896 26.4758143035762 26.46605861 26.46605861 26.4525293250304 26.3003741518497 25.9938651587284 25.818041431698 25.8275113344231 25.9526583908162 26.1039992913326 26.3306839271791 26.5422935069071 26.608289552514 26.65535287 26.6415669526349 26.4591006976955 26.1598693542678 25.7406054078163 25.4272444462461
25.7788009196612 25.7916513397666 25.924933388 26.0042099546223 26.0443931160501 26.121370488 26.228513328 -9999 -9999 -9999 -9999 -9999 27 27.0100102490993 27.085656048 27.1738607017563 27.237446018 27.3 27.3194016060398 27.3154238125323 27.233982622 27.1542780023233 27.0270841402488 26.890700130358 26.7213059386069 26.6879541959306 26.7003101645374 26.5029336675615 25.9513289792726 25.2045797737777 24.8359148748261 25.0199177627966 25.3745958900296 25.7362075714574 26.0235414762296 26.246319956 26.3602340034818 26.462454238 26.5932360868069 26.7 26.6966718025478 26.66249571 26.66249571 26.66249571 26.6484520268364 26.6082688654086 26.58748713 26.58748713 26.58748713 26.660646868 26.7176040417306 26.812436838 26.7658778165863 26.5706811320564 26.3017320334418 26.0445090933906 25.9355354439167 25.8874767301964 25.9482998128467
26.0554057906908 26.1181162071044 26.1506463268995 26.2006897513053 26.2392771 26.2161527945702 -9999 -9999 -9999 -9999 -9999 -9999 -9999 27.0745016946465 27.123160338 27.2 27.237446018 27.3 27.3 27.3 27.233982622 27.126839782 27.019696942 26.825108204 26.610822524 26.1487154447547 25.9890986960646 25.9887785846743 25.0223052065546 24.6875135957836 24.807084328 24.9548404208793 25.179892236755 25.5087064514499 25.858774314 26.0560953081405 26.1470060680643 26.3699603345383 26.589176996 26.6315671286788 26.7 26.7 26.7 26.7 26.7 26.7 26.7 26.7409990403174 26.8156117605222 26.861489457273 26.86963855 26.957083968 26.9409201833415 26.8436793810925 26.5732073995021 26.4379008019559 26.5104486916785 26.5847091969034 26.6709306208592
26.2589403442796 26.27678139 26.2480296326046 26.244589098 -9999 -9999 -9999 -9999 -9999 -9999 -9999 -9999 -9999 -9999 27.1053775085549 27.1464858112826 27.2086944448799 27.2574545549575 27.3 27.2547953113675 27.157201232 27.1062318243074 26.9580391378551 26.6811846380175 26.3846331961801 25.9908166770279 25.4622095765259 25.2550331506614 24.571306116679 24.6909572210072 25.0197599468447 25.2091685486822 25.3708683434804 25.5754323532858 25.8241439278054 25.973159978 26.080302818 26.362336974 26.5165506324555 26.526279293382 26.7 26.6877019109431 26.6410010708944 26.7 26.7 26.7 26.7 26.8040783780818 26.8414209041614 26.8793916737568 26.9616574355942 26.9299431931366 27.0684709685384 27.1527589062133 27.1050651549442 27.0876258232184 27.10712556 27.0838589115434 27.03034417
26.3 -9999 -9999 -9999 -9999 -9999 -9999 -9999 -9999 -9999 -9999 -9999 -9999 -9999 -9999 27.188795699198 27.2 27.244588858 27.2565845707876 27.2066112346826 27.133982622 27.0386008503772 26.788075930907 26.3964255494368 26.1438439660332 25.91004594251 25.535204050053 25.0475521126692 24.271387408 24.4185760472322 24.655270406 24.869556086 25.0755255357943 25.3808712785288 25.7195901907346 25.9506346962047 26.1476963396748 26.3728731088551 26.4152058293849 26.503462676 26.6925524144447 26.6135009110255 26.623159858 26.7 26.7628517588717 26.830428007094 26.7405092036239 26.8671577158463 26.9733115053164 26.918210704427 26.9129092577434 27.0487940331804 27.1776425088031 27.28392423 27.28392423 27.28392423 27.28392423 27.2790528765476 27.2364227819823
