catData/variables/futureClimate2070/rcp85/GFDL_CM3_2070_rcp85/bio15.asc
NCOLS 409 
NROWS 350 
XLLCORNER 60.897278365 
YLLCORNER 5.843756025 
CELLSIZE 0.0892857 
NODATA_value -9999 
[rows 104 to 129 of 350, columns 0 to 58 of 409]
-9999 -9999 -9999 -9999 -9999 -9999 -9999 -9999 -9999 -9999 -9999 -9999 -9999 -9999 -9999 -9999 -9999 -9999 -9999 -9999 -9999 73.37546002 72.4244226213968 72.4459077800002 72.824490855586 72.6607445 71.7883067390526 70.8558406970826 70.9509500546389 71.8767082634152 71.05409342 70.6087395599994 67.5735581345907 66.678511 66.8315527600242 67.1336337049356 66.6607445 66.2148391199998 64.4505686097992 62.1439646399997 61.1092449906263 60.5165867828694 61.4147411204259 61.6629746260546 61.6607445 60.0058801730943 60.3693681506504 61.15907914 63.9887063857632 65.4182386933621 66.3392555 66.4826084031373 65.8015892559876 64.0222204335436 63.3392555 63.0910505513438 62.4551251475751 59.9947387637681 56.198039761325
-9999 -9999 -9999 -9999 -9999 -9999 -9999 -9999 -9999 -9999 -9999 -9999 -9999 -9999 -9999 -9999 -9999 -9999 -9999 -9999 -9999 74.28626512 73.1479426444959 72.6734645338693 72.2702021799865 71.3475199661038 71.1786322000001 71.1786322000001 70.9922831333665 70.07210232 69.3891425233102 68.3266170515783 66.6416257889245 67.3102085699168 67.9048773211588 67.2321332854477 66.2568922333933 65.5540946199998 63.6604593143721 61.7167498365096 61.8922422800001 61.9315875639795 62.7678653001938 61.9693146875718 61.0444325646626 60.8458185915517 62.3208126799999 63.5810454413659 65.7787977668006 67.1244561870825 67.2568932190347 66.5540970199998 65.6951282887308 64.8219241199998 64.1395552435036 63.5688465703791 61.1449986514759 59.5586336162889 56.9614451920275
-9999 -9999 -9999 -9999 -9999 -9999 -9999 -9999 -9999 -9999 -9999 -9999 -9999 -9999 -9999 -9999 -9999 -9999 -9999 -9999 -9999 72.73272442 71.8552342848056 71.3386854745962 70.535706711226 69.7308614658223 69.5178877 69.165164033759 68.2039961929004 67.1255218199998 66.5439668031311 66.4904697070783 66.9642246 67.1301473050062 67.6567128822935 66.3717842520845 65.6612984199999 64.8048464883341 64.2314590756305 63.9642246 63.9878431820757 63.6211035291715 63.0949532806191 63 62.9323197991976 63.9464018599828 65.0101928197819 65.5650724095726 66.343283560637 67.492953898308 67.3239519210553 66.5540970199998 66.249411821474 65.6095041883165 63.7032421362144 63.0357754 60.9850690669333 62.5900841626032 59.6327775918105
-9999 -9999 -9999 -9999 -9999 -9999 -9999 -9999 -9999 -9999 -9999 -9999 -9999 -9999 -9999 -9999 -9999 -9999 -9999 -9999 -9999 70.5898676199999 69.7257287981407 69.2473796246766 68.7136333687874 67.794648984503 68.0702652685687 68.1198201308202 68 67.1255218199998 67.6248867912835 67.5420888291088 66.8437844565004 66.2507052299645 65.5790192331424 64.7576197431072 64.279270569643 64 64.51733378 65 64.3398094199998 64 64.0859914377168 64.1070814000001 64.9516968361397 65.4464593 65.3973264849981 65.1589326246133 66.7603565238529 67.3111615146095 66.7927130788545 66.2473817676812 66.51733138 65.8224804399998 63.7503175145775 63.1070814000001 63.1930725807215 66.1343598793109 60.7768415331355
-9999 -9999 -9999 -9999 -9999 -9999 -9999 -9999 -9999 -9999 -9999 -9999 -9999 -9999 -9999 -9999 -9999 -9999 -9999 -9999 -9999 69.2613774182247 69 69 68.48266382 67.9263498490234 67.9574926223892 67.5427592446007 67.3750309 67.0470745611242 67.7094883920267 66.1120903936982 65.3417418897116 64.939923132574 64.4802136445634 64 64 63.7213229159761 63.5690470531138 64.1180199697488 63.7148403199998 63.8322701554735 64.3011675816641 63.8285105588016 63.7500618000001 63.7608941269235 64.3417427897858 64.48056814 67 66.621211003254 65.6096222612355 65.6537064840981 66.8406475069603 65.711536200354 64.1274399326852 64 65.3049232784103 64.0948028123645 59.0273201924054
-9999 -9999 -9999 -9999 -9999 -9999 -9999 -9999 -9999 -9999 -9999 -9999 -9999 -9999 -9999 -9999 -9999 -9999 -9999 -9999 -9999 68.7889560551554 68.3036025 68.3036025 67.78626632 67.4823528983995 67.8665255015791 67.26837862 67 67 65.6825460449089 64.9879279632653 64.3036025 64.3036025 64.0719823199998 63.5146447734906 63.2176455019612 61.7754295118684 61.607205 62.1959671800001 62.4067694894355 62.5257238513754 62.0479648121863 61.6453144670025 61.607205 62.3209350800002 63.3654154245695 64.2574571724829 65.4459069570523 64.5157557421365 64.3895544839768 66.1423004800002 67.3707919802964 64.8249392022143 63.986465194245 64.6963975 62.9470563612423 60.2380811312966 58.1033712845128
-9999 -9999 -9999 -9999 -9999 -9999 -9999 -9999 -9999 -9999 -9999 -9999 -9999 -9999 -9999 -9999 -9999 -9999 -9999 -9999 -9999 -9999 67.71246503302 66.8897945575043 66.7414602560221 67 67.1532797109578 67.6240684091155 66.5346210598532 66.2321741 65.0666525111044 64.2281493666199 63.8636903557289 62.5873475976511 63.1783978931666 62.6049829339533 61.7232238567911 62.1102035997136 62.1384295247711 61.9045212292556 62 62 61.1969526199998 61 61.7262897283223 61.2495066800002 62.1846291212932 61.610716570262 61.1070948503843 61.0910236318 63.1628345028314 66.4459029800002 64.7367883528728 62.257115075736 65.5012932904346 62.8094444280528 58.5652893145083 59.536966190123 60.2744998910802
-9999 -9999 -9999 -9999 -9999 -9999 -9999 -9999 -9999 -9999 -9999 -9999 -9999 -9999 -9999 -9999 -9999 -9999 -9999 -9999 -9999 -9999 -9999 -9999 -9999 -9999 -9999 67.3428429017261 66.2286091209789 64.5321808543575 62.5817286553368 64 63.8969682883475 62.8650044398103 62.8056117679681 62.0633181877478 61.899449864284 62.0716773724419 62.0775865194003 62 62 62 61.1969526199998 61.7339075586109 61.991304329547 61.8274939954096 60.9974916858628 59.4301812719587 60 60.0487133703364 62.0331186000003 62.9870667265644 59.7870128311398 62.3808470651608 67.3707604422524 59.3022474957029 56.7643883227923 62.5590423176031 64.3029189799998
-9999 -9999 -9999 -9999 -9999 -9999 -9999 -9999 -9999 -9999 -9999 -9999 -9999 -9999 -9999 -9999 -9999 -9999 -9999 -9999 -9999 -9999 -9999 -9999 -9999 -9999 66.1482839544525 66.7795630874322 66.9282737618848 65.1617263399997 63.8802902982222 64 63.91123662 62.7082322345435 61.1579469108968 61.3652983990656 61.3179405855313 60.5847129154031 61.0893173 61.6254928317404 62 61.3337272519223 61.7489126324928 61.988788515585 61.1385814274163 61.0719847199997 59.992628428921 59.16018938 60 60.2759789134271 60.3958629488295 57.6726381795279 58.1840176275986 64.3539240800007 64.0511205315647 55.047671229757 56.7993185424323 64.0319963600012 58.9652533844385
-9999 -9999 -9999 -9999 -9999 -9999 -9999 -9999 -9999 -9999 -9999 -9999 -9999 -9999 -9999 -9999 -9999 -9999 -9999 -9999 -9999 -9999 -9999 -9999 -9999 -9999 65.3516171461998 64.3124433234093 65.6310349055813 65.1277672672856 64.9830787717811 64.9310364711706 62.0341899207715 61.8548314652667 61 61.0054212057428 60.6367129387524 60.4459053800002 61.508079247743 61.9926434077618 61.3516195032663 61.7233321624574 61.207794988552 60.1590565297808 59.08987362 59.0354677392096 59.1034742074097 59.5130054071995 57.5086154853911 59.0233100628094 57.551277356628 55.9155012770868 60.0682104799999 61.8709607586272 55.2128799413309 51.3294820774583 58.2021969459733 60.932555781085 56.3082044152958
-9999 -9999 -9999 -9999 -9999 -9999 -9999 -9999 -9999 -9999 -9999 -9999 -9999 -9999 -9999 -9999 -9999 -9999 -9999 -9999 -9999 -9999 -9999 -9999 -9999 -9999 65.2680744220526 64.9856311428745 64.9570051163037 64.118801444518 63.05409342 63.0164068738385 63.8624494669835 62.6967696156106 61.1070789999999 61.3776774411022 62.3544276697294 62.9464605 62.9464605 62.3576983199999 61.9464605 62.6389089656203 62.806931489597 60.2560526520466 59.9435642368451 59.0690161246664 59.7784429769774 58.0535395 57.8343224201321 56.7229081152294 55.5050052835518 56.6584521522077 59.6820164429026 55.4399598096884 50.678583075189 53.2150281353091 61.1722350529343 55.0627588150556 53.8958173916498
-9999 -9999 -9999 -9999 -9999 -9999 -9999 -9999 -9999 -9999 -9999 -9999 -9999 -9999 -9999 -9999 -9999 -9999 -9999 -9999 -9999 -9999 -9999 -9999 -9999 64.6097799931569 64.0024270090839 64.6980826674537 64.1969502199999 63.8907182982496 63.1655414377976 63.1249679 63.1138753268045 62.9799811696561 62.8750321 62.57198352 61.8750321 61.8193082410627 61.7500642 61.3084547664679 60.9174973696176 60.8750321 59.4696476293579 58.25049212 59.07087208 59.9826674199998 59 58.9799814695791 58.8171425248614 56.9583033988706 53.4526451781341 54.2787323029571 53.2024017923255 50.8446646866219 50.7851560800002 58.0754193495684 59.6213416304875 53.8002523495214 51.9358908609472
-9999 -9999 -9999 -9999 -9999 -9999 -9999 -9999 -9999 -9999 -9999 -9999 -9999 -9999 -9999 -9999 -9999 -9999 -9999 -9999 -9999 66.6374309288166 65.0546449399999 64.1619368418669 65.0229406683918 65.526442285083 64.0156068356735 64.2285758639013 64.1195896310155 63.1255218199999 63.7601340275423 63.8070082259326 63.9286694194075 63.03620452 62.1509069536427 61.7564690398322 61.1963963 60.7504909199998 60.1963963 60.5538970525362 60.2730721072067 60 60 59.2972680276316 59.7707563177869 59.7828670654182 58.5897750719436 58.2820823215312 57.1894607150058 55.19751134 53.8036037 53.0869451308616 51.6790649200001 51.1963963 51.7269259641444 55.5275787440157 54.8856324484162 53.0053510125607 51.283343359511
-9999 -9999 -9999 -9999 -9999 -9999 -9999 -9999 -9999 -9999 -9999 -9999 -9999 -9999 -9999 -9999 -9999 73.6848065385967 70.8874605516012 69.4546908982002 67.8304116680016 66.7428872778031 64.6863958123952 63.0289744651876 62.7321753 63.1632541829909 63.4643506 62.73272922 63.0523238135866 63.0246682886451 63 63.2805169441821 64 63.83980822 62.8304134252223 62.3489885950239 62.5356494 62.0897440199997 61.3970946355716 60.6790625199999 60.2678247 60.2678247 60.0527487763657 60 59.05409582 58.9699769330383 57.17906372 56.2678247 55.9741739575565 54.4750708922447 53.1675311579539 53 52.48266862 52.3153688229012 52.1820199974958 52.1959449910535 52.2678247 52.0336191293435 52
-9999 -9999 -9999 -9999 -9999 -9999 -9999 -9999 -9999 -9999 -9999 -9999 -9999 -9999 -9999 -9999 -9999 72.9653252399996 70.8525825060388 69.124712547833 67.8428426434099 67.01844282 65.4521422411021 63.1081844399997 62 61.8002597910648 61.8847194150633 61.5165834411913 61.6116902273194 63.4274625600003 63.6785062 64.6785062 64.6785062 64.51831442 63.6785062 63.7759344395688 63.8729575236563 63.3661163024715 62.6581733085997 61.7504909199999 61.1152813991441 60.7517959930162 60.1301358331118 60 58.7331948946321 58.6434143199998 57.57198592 56.6064021562479 56.0154123397599 54.69695382 53.7525670821362 53.3392531 52.9974279943923 53.6562871794799 53.4668185132965 53.7493758799999 53.472888302191 52.4647797199998 52.3392531
-9999 -9999 -9999 -9999 -9999 -9999 -9999 -9999 -9999 -9999 -9999 -9999 -9999 -9999 -9999 -9999 75.6048313987698 73.368886598775 70.8747797563208 69.3347189261336 67.631877948588 65.9831730889571 64.4717288665025 63.0637550919039 62.1982211015933 61.8948248617225 62.4815559800001 63.1218263657704 63.705296591775 64.8520553386408 65 66.4106815 66.4106815 66.2504897199999 65.4106815 64.9831764745927 63.9331045557237 63.6382379096834 63.4106815 62.3383318495484 61.2002559776802 60.26838102 60 59.6408689749559 58.4744408349974 58.3933489199997 57.32192052 56.25049212 55.3155603626828 54.8214092797717 54.1031019355474 53.5893185 54.0142353542709 54.75764853041 55.5422541440895 55.9520567910014 54.0641143230458 52.7148451199999 54.1431759474521
-9999 -9999 -9999 -9999 -9999 -9999 -9999 -9999 -9999 -9999 -9999 -9999 -9999 83.9083378474133 82.5770603938054 79.8586681599998 76.6443829599999 73.9563463825375 71.3045783399999 69.1674533197991 67.3979350588814 66.5400019176626 64.5526109235561 63 62.7320767140062 63.0708744800001 64.1423028800002 64.8610093696503 65.7743164982618 65.9642198 65.9642198 67.9558624345256 67.4393161957445 66.9170382630366 66.3704435181821 65.5400055605989 64.6760478206199 64.3391192218384 63.2684783630576 62.1210378871705 61.1638254854952 60.6211017732859 60.0949528079328 59.5471176508482 59.4821099 58.5005575199997 57.42912912 56.4349296059728 55.7683822199998 55 54.6121266446326 53.9642198 54.7494719801213 55.7659568186599 56.9663129025593 56.3977737237779 53.9780209950029 53.4508210675689 56.7739082074342
-9999 -9999 -9999 -9999 -9999 -9999 -9999 -9999 -9999 -9999 95.8931093219022 92.0426850732048 89.5539578199999 86.6143000765791 83.9685224429427 80.9300965599998 77.192214511256 74.5092666361478 71.7733331810405 69.1432263881341 67.2971143616501 66.14341072 64.7376009187805 63.3067112655019 63.2863653896057 64.1423028800001 64.4828470803577 65.2564226098577 67.1596378600003 67.5535383 66.506347259496 68.4291267199998 67.4068322504674 67 66.8965904606828 66.25048972 65.1389635982032 63.8014766460057 63.0553943422275 63.7588814324431 63.5539626199998 62.8091740735631 62.3020850015446 62.2141532 60.6433706247198 58.5170172262639 56.4068333219755 56.0886709570833 56.3219205199998 55.5535383 55.7608243224064 55.8602522224858 55.7845069473781 56.5887597800001 57.2947487371628 56.3882063379451 55.7274584991581 56.5350882800002 58.9747273767317
-9999 -9999 -9999 -9999 -9999 -9999 -9999 -9999 -9999 -9999 99.6028596046238 94.5269057234399 91.9647713199999 89.155712079428 86.8445386017245 83.8764250599997 80.3073924937308 78.0619860748339 74.1780938034002 70.6145898919661 68.6419318405314 66.32191572 65.2504873199999 64.1790589199998 64.4656207652052 65.83869798 64.7645431638521 65.46324276 67.6060995600003 67.4534802576233 66.0743802538109 66.1185987052451 65.861014913359 67 67.1447548995481 67.1325228490177 65.9531529672497 65.9863467477017 66.3188508947148 66.5735208898418 66.3773732481536 65.061076920412 63.6212109579553 62.8285150575435 59.9123540600001 58.9696668306497 57.2499334 57.3100097518063 57.5381023196278 57.4393271710622 57.5472722525105 56.2754225060689 55.3750333 55.5958378232007 55.7500666 55.4756860196679 57.6837073933069 58.5778900374636 59.9256131460292
-9999 -9999 -9999 -9999 -9999 -9999 -9999 -9999 -9999 -9999 100.19957342 95.5898133197411 92.3533243369758 89.6182327754354 87.0784646136069 83.9837680599997 80.7694828599999 79.9789451459151 78.615965442719 76.4428188979995 73.4835028599996 70.4532331849556 67.6287442041509 65.2504873199998 65.0105266983906 65.89236948 66.1620465853056 67.5524280600001 69.6952848600004 69.823689439609 68.8396738200001 69.1662986048694 68.5358734942173 69.0891853000001 69.3208054800003 69.694129686174 68.6384895121305 68.5281692583045 67.975857681087 67.1248538172173 66.5402465150217 65.349862812739 63.3939052399996 62.7345048682607 61.8348516680647 61.0718527199998 60.1509980115433 60.562470201392 59.3927902000001 59.2737566303486 57.9902685774133 55.101274289652 53.6072097999999 54.0172192258691 55.2231085272601 56.2058893013908 58.4864969416972 59 59.9459017799999
-9999 -9999 -9999 -9999 -9999 -9999 -9999 -9999 -9999 -9999 102.596663739181 97.5375526701956 94.1408690347108 91.2784650085572 88.1264904599996 83.5693117807644 81.6148553474102 80.0133120477926 80.6109012681201 78.6424183159671 76.0729557599995 72.3932912317158 68.5968611846883 67.08973922 66.5356470000001 67.5764788604919 67.949840110842 68.6693101713336 69.3728985744923 69.4643529999999 69.2447357209286 69.4603282250159 69.3684857182069 70.8908225131909 71.2337369281652 69.9291279199999 68.8576995199999 68.2321764999999 68.3891720408835 68.0835815622847 66.600723078197 65.26838102 65.2437011899325 65.3034705000002 64.5771830418479 61.2414606444793 61.720278947346 61.0347949104144 59.644316850996 57.9286208414106 55.8606361426763 54.4961432070561 54.9328661908516 56.3442938749393 57.3778543619478 57.7055111768864 58.140719845598 58.9036177112885 59.2196161646241
-9999 -9999 -9999 -9999 -9999 -9999 -9999 -9999 -9999 -9999 105.960165672416 102.895544119866 100.55437254 96.4518586650994 94.135029095728 90.2362698882777 88.76810622 85.0237479217878 84.1794760399999 81.9021759700659 78.8228879599994 75.2568369107617 71.0396806264724 68.7675730715898 68.6785038 69.3619111675824 69.7331271328316 71.0241398132456 72.1917167536597 73.0909150740736 73.9901133944875 74.0209629850984 73.0758069187383 71.5961199128118 69.6638681638562 66.9248616234427 66.5256374878852 68.7484538747708 70.19583758 70.0897416199999 69.4662550372541 68.011376000959 67.646844040545 66.944598340131 64.3056439594342 61.0173325800002 61.8367461988891 60.00055872 58.6975125399996 57.0633199047055 57.3474167510669 58.6421624800002 58.4110768492162 57.3736700679742 57.7148122844227 58.6140106048365 58.8392519 59.7137252800002 61.4269516321566
-9999 -9999 -9999 -9999 -9999 -9999 -9999 -9999 -9999 110.880514309486 108.237765053528 104.73314634 103.191516466717 100.495792426915 98.1083452198018 95.0304908169385 91.1125501989627 89.5938061991604 86.7246662871602 85.25145836 82.0371731599996 79.0718020947634 76.7375459682447 74.5626032382745 72.6111457647936 73.393158088688 75.7558509821692 78.5042780378252 81.5511354091315 82.9812811800006 82.3298726039076 81.325853870426 78.3758747400001 76.2330179400002 74.280404830017 73.0446453117493 73.067844531511 74.4544183695403 72.7151068701474 71.4835860574223 70.6189154890965 67.8704910478079 67.0893196999999 65.4184760543267 64.925175767241 62.8071243016915 61.9033109158947 60.8963722326353 60.5690547893756 59.4560627138839 59.2292831371434 59.5444331608052 57.5835334436622 56.6622234861567 58.8626289196383 59.8867083734407 61.3733147866002 61.8101485999597 63.71316416
-9999 -9999 -9999 -9999 -9999 -9999 -9999 -9999 117.464081682388 114.9284348 113.865990060791 112.275460113331 109.899906967205 105.979246780535 101.727070074936 99.1817193455992 96.0737843186665 92.9283683434664 91.5602447855993 87.3263067621326 83.7421980618688 82.3402241400001 81.3007057112062 81.8766964602719 81.8383579664063 83.5873807400011 85.493091690664 87.3153107175967 89.4773367645298 89.8904064514623 89.8757287016058 88.8738304640176 88.3820343767824 82.9250743767744 77.9421821138738 77.923012866941 77.5561661599771 78.7159276123004 79.8394730922843 77.7109464023733 74.9417834277237 71.7335778600004 68.5623953447689 67.0919874114774 66.0352366754557 63.9647761199998 62.8933477200001 61.9821087000001 61.9779647568128 61.3635469301204 59.2532590511593 58.0278048160138 57.482048458162 58.1490945821484 60.2964053847853 61.7006357082823 62.7816298986509 62.9821087000001 63.015955525033
-9999 -9999 -9999 -9999 -9999 -9999 -9999 -9999 121.3952766 117.797902582102 116.641416205417 114.898019363315 113.357996773921 110.765959644528 106.691261095133 102.301369171481 97.2082303709594 91.3893125008597 92.0413691024403 90.116067651834 88.8579774399995 86.4445186012425 85.491589319955 87.196067671774 88.1694432388023 90.3381404600001 91.8208042800001 92.9314015669832 93.2571413563768 94.0953466542296 94.0622251145076 93.0259676873457 88.1715109279026 85.5182185933098 85.2090768927384 84.7524337957353 85.354711288474 85.6955105372413 83.7124251515661 80.6819315214654 78.6281620053964 74.9129127800001 69.9531302836625 68.9531831027186 68.8958219333249 66.8972489682055 64.0135612145376 62.581545034856 59.1930032242487 55.85756512 56.9126945017787 60.3569087372919 59.5310951254727 59.2750898775645 60.0181925393885 61.4632331599999 62.8460376793989 63.8343769424154 63.1018427963721
-9999 -9999 -9999 -9999 -9999 -9999 -9999 -9999 126.221185705757 122.246663862802 119.577283208638 116.557205620039 113.724499156962 110.131394842959 105.410766051599 99.69009813168 97.1079060400005 98.2044233681976 95.5474303800803 94.8301439832031 94.8445755030418 93.2346819372414 92.5780304970389 91.4407541034079 91.6120488655988 93.9565273796346 95.2025191341582 96.9631047600003 98.3029117800004 98.718421206006 96.2666903261696 95.7584628822277 96.1722599801635 95.1546051694182 93.9707794683967 93.5717099200004 92.3130947078235 90.5388085287642 89.370564251031 85.9380828006138 78.5908059977738 73.2561023432911 70.6435602400003 69.1566206138293 67.8174090423889 66.6161636018962 65.9474435400001 63.7845685940337 61.3919793550592 59.109720637407 58.2189802262542 59.3105149646122 61.2499310000001 61.2499310000001 60.5897428199999 61.4388836648159 63.5814773774485 63.2348056231683 63.9526621911114
