catData/variables/futureClimate2070/rcp85/GFDL_CM3_2070_rcp85/bio16.asc
NCOLS 409 
NROWS 350 
XLLCORNER 60.897278365 
YLLCORNER 5.843756025 
CELLSIZE 0.0892857 
NODATA_value -9999 
[rows 100 to 124 of 350, columns 56 to 111 of 409]
70.2188471540155 68.5439264937349 68.0086895644563 70.0188815399996 68.1613096920582 70.3804416447353 78.1042940225449 86.8478201592942 96.0796412798568 106.036979584266 111.626268433028 112.192148888764 115.267663292901 110.176502653471 111.374425075142 103.382537186706 83.8474844501841 72.1566176864155 68.7201560145137 66.4744809467641 63.5367740399997 61.1071012712635 59.3478123859449 64.6726315727104 77.3485968439737 92.2453741986824 109.279640452407 126.321575401892 138.144261926879 136.427433961472 119.983552604539 100.193897636342 84.7855451160791 72.4327843695791 61.9549147746188 57.839349757237 61.0163183400004 63.8085818672634 66.0365034990264 68.23104706 70.3739038600002 73.2483700400001 75.7026136285135 77.8560161600002 78.1070838 76.0724378399997 74.1910832624872 74.9019384497627 74.1070838 74.4263455342628 75.8895060934876 77.1787057362879 78.7642780579749 81.8638306334754 83.7844149110251 86.35544664
73.5683292800009 71.6892986825619 68.5304448892174 70.9675053977932 69.5354866408902 74.7912557397865 82.9134899540952 94.6667171869043 101.3751485 105.61125698299 113.009111060463 115.441603007188 114.842205914911 107.241455355588 114.361862937971 105.709785362134 98.3311399450197 76.822157801349 66.6613032199998 65.4296902400001 63.2868334399996 61.1061054678287 58.5484773607475 60.0943487227048 69.6821687483984 80.3435392540918 90.5222363397864 98.9634206345889 101.478070335586 96.1604252184322 82.2515126093583 70.7498928076157 63.1593535390756 57.7143637056243 54.7131617600003 56.8938894322425 59.4515157391816 62.531904210605 66.1296168620284 69.17750516 71.4028649751251 74.3197984400001 77.5340836400008 79.5460557574367 79.986476858862 78.0903243399998 76.1471528731681 76.3548931848395 76.3078288874742 77.0680837876866 78.7493758800002 80.6568676105337 82.8319122380432 84.0372373666199 86.4804169400003 89.6032729962274
71.8569515898874 72.6565091299668 71.0869467998395 71.1994902689366 71.4825797810966 74.1910658999996 85.6540261642145 96.9524384842671 98.8912704559562 100.198275397277 109.404346459999 115.070166056189 116.96255084 117.25037932 115.074935288703 107.408197472936 105.445923857186 87.7270818106774 65.0727793232619 63.5146921832722 61.5822625281748 59.3467914930779 56.5703124620187 56.629696128463 61.3208740854886 67.2216507419291 72.8892805496267 75.2491462775039 74.3463511252009 68.4502332984224 57.9473759808824 56.5579480221086 54.7681636729878 54.8781008880849 56.7650425263637 58.9091169400002 61.7489347600003 63.9793649115277 66.6467694435696 69.2931354013337 72.1769416400003 75.2475397088603 78.4091133400007 78.4690218618918 80.098814094151 78.9755606722562 77.7318375486896 79.0991371211165 78.9614373690774 80.5589512703645 81.8408068152676 83.3934099798295 85.5290422850737 87.7666964600002 90.5697318400001 93.1960967197828
72.1734745755118 71.016845570607 70.2254966387555 71.7909748488894 75.1140968115705 76.7305770429332 87.4413050821646 98.4702948464617 108.871530062001 106.087281140001 112.710534675865 118.474666913244 120.364306225407 120.784915732445 113.447525998487 112.425842706253 108.566169763512 101.960181170661 66.0253298702962 63.332567848474 62.0362141199999 60.7429070339852 58.5125380152151 56.6840576835553 56.5356542 57.6711809843843 59.4310825597329 60.1246370613632 58.8627777729642 59.0040669676452 60.0172053800001 59.5183288199999 58.4231297524885 57.3422070225179 57.980299259883 59.6314361887999 62.3848814724304 65.1411686400004 67.6995762251109 70.1442280438812 73.2483700400003 75.7310458600001 78.4618651601928 79.6402604389626 80.4247312777329 79.0219625434969 80.2678271 80.4280068800001 81.3918889943714 82.4095544600002 84.5524112600003 86.3687970108748 88.4847209478959 91.1386649133343 93.8750304254367 96.9983022400001
71.7887776813629 69.6554832637681 67.7505878213249 69.3040303966428 69.7953937364379 76.2540764140591 86.6092916338031 98.6077857982136 112.072309719958 115.017386791564 118.031216141774 118.854481440669 117.65526591066 117.295492553342 111.735994219987 113.544930753113 108.578284001773 88.4906997733512 66.4832321399997 64.4490623395604 63.0290665426634 61.6969586199999 60.3781013724488 58.7420839099948 57.8244941124388 57.2717278851173 57.4479416853473 58.65832610023 60.6238468600003 63.3600402106848 64.9630752328986 64.0242186590908 62.0768401079567 58.911927005567 59.2834643200007 62.9630999600003 65.4804241400005 68.3921641484168 70.1958351800001 71.6562786090959 74.3197984400003 76.8024742600001 78.1280261092818 78.618156461129 78.6607445 80.034781711276 81.0602187875952 81.8930326513539 83.4809828600003 85.521032833534 87.4274409600003 89.8728413231575 92.567169819135 94.8633178299274 97.2228373742474 100.21258744
69.2075620872142 68.4555300925783 67.8532487520273 65.645328137731 69.4268227195867 76.1519110926485 79.9256979573257 88.4759615099142 102.777199029353 108.705309958414 111.358927353821 113.649991655778 115.38107332171 114.876316268426 117.203027798621 111.972480184954 95.3323299425282 74.4547148008048 66.6074047058482 64.4106839 64.0425776619167 62.5183264199998 61.4468980199999 60.112694643565 58.9271828174479 58.6427355999999 59.4208489895729 61.5850525390964 64.4977234059584 68.5512938200003 72.4990721029784 74.4797772692541 71.8792675170194 66.9629057728207 66.3790554386216 68.4808652599999 70.5368262678765 72.08863138 73.3725164918066 74.4003808743104 75.8099014412835 77.5734424665451 77.5267569073376 78.2851500800001 78.7991475751032 81.996905557972 81.9624217971313 83.7310434600001 85.8739002600002 87.9626249690342 89.9809816600001 92.8325039877177 96.1608774138347 97.8942643400963 99.9414627260693 102.715729532186
68.759384791556 75.2544161302481 72.1274065554312 65.6272488505763 74.2674258179609 78.8797143733578 81.6590707400006 85.9936374884594 93.462832203986 99.910751648391 103.890216153213 108.518513030773 112.56999584 116.110827445098 121.409415835726 106.835488307291 83.3236224143417 73.9043872558687 68.2586342060787 65.9642246 65.8442750864976 65.1432955199999 64.2524036069163 63.6975240171255 63.161151992665 62.9284492 62.6101666722464 64.6411722400002 69.0456531681727 74.6910996951452 81.5061965485911 86.8181388928013 88.3230062799995 84.1974748599997 80.6647746540024 77.3249179814501 77.0137154403063 76.6414854399439 77.4642808594692 78.2480694604747 78.7646182706841 78.2491870564265 78.3871543911028 78.934987578688 80.8579494030427 82.0256746017309 83.5708636800001 84.8024718600001 87.0569898123589 89.8733343400001 92.5326203872229 95.0347631229869 97.99886816 100.14172496 102.28458176 104.42743856
72.7972213210826 83.1435884855191 72.898853879406 66.7519099000341 78.1870215530087 80.67631235304 83.9708426212724 84.4643084494405 86.2280739400001 93.214975280817 98.551763345719 103.913227192256 107.76639454 112.038929874673 118.409077808138 100.830809941598 80.0346859945451 74.4860850629406 70.5322398980064 69.1254941154577 68.5324148889217 67.9717857576142 67.45333783585 67.1070814000001 66.8761161372218 66.6606221000001 66.0004387199999 68.6654112336593 74.2274198233661 81.4425242600009 89.9897080128748 98.0876738059471 104.028705557053 102.397641223732 94.9796512948378 86.8725551126505 83.5723094399999 82.0744227378118 81.7677035000001 81.05286201896 80.8482846382042 80.0200985649953 79.5746316902647 80.0375933214036 82.9447651400001 82.5785976855249 84.0887513800001 85.3203595600001 87.6948245400003 91.076852820619 94.3425688943097 97.4441956200005 100.69526566 103.164019646763 105.169084246702 107.12383606
76.5852089215904 76.3758971596393 67.3823403572158 69.6688467260071 79.1833857208406 78.9406476945554 82.8424624114338 86.3444913846575 83.6074808508326 87.937430904173 92.9574682259309 97.8260171301036 101.193177927241 106.298412686866 110.685902786064 92.683433881344 77.230488656838 74.3447062141429 72.5362129199998 71.5648949327965 71.1630761756588 70.8749072999999 70.7344695613837 69.9425312315072 69.5732513271087 69.8749072999999 70.039912345667 73.3256696443042 78.816242181442 86.5427032014216 95.421792835717 104.017840614293 112.30235306 112.382879141387 101.223331311465 92.9846814999995 88.7509416399996 86.7753095356793 85.551595672817 83.8516326300451 82.8749072999999 83.3321405557701 81.6930910227342 81.0313756970099 82.6553739712851 82.4031802072202 84.1996851201649 86.4701903470552 88.3197936400003 92.0265039186699 96.8413912230646 101.28344992 104.857830087257 107.523145369881 109.985237405964 111.755796804156
72.2388293083231 67.4380520669447 65.0985461290254 71.1801090080553 81.1265192599996 78.936276584809 83.5268773220338 86.1271013860858 79.9784316499147 84.7613584983222 90.0126518116502 92.7322070173845 94.8383840600002 103.186783189584 102.572953554049 88.8493465586489 76.3079294034846 74.6911367426725 74.3658484018615 74.2007446410505 74.6242952997604 74.0891925000001 74.0891925000001 73.5079185178064 72.9426516430045 73.4991999961846 74.4457733800002 78.2215297345629 84.0564235737522 90.9561781741197 98.0353252557412 105.816129866045 112.722904649493 112.434823218785 103.327391946656 97.4814306880743 93.4722745927361 90.5832777335472 87.8513417887168 85.9288981648305 84.4732982319608 84.73160938 83.7093536647947 83.1273048815866 83.3763684592245 83.4153772800356 84.9626516400002 87.9681260783427 89.9263281824687 93.4226143167208 99.2651199000006 104.486887555099 109.361681028575 112.65948786 115.002776527335 116.51719698
63.3767963309807 65.306106480246 67.9466895566203 74.9100024305 78.8668740697135 78.7499263079131 82.3205196171936 83.1531391818244 78.3083638881992 81.0500004600011 87.6723391089934 90.8209314800001 93.566361141392 104.670700692424 102.682179639999 85.4382942020583 77.1136935765483 76.5223470817264 75.7678259 75.8050166106954 76.1240639096405 76.5356518000001 76.2481242041487 76.0066720627338 76.7006944468826 77.6600585800002 79.2383928779139 82.9354379265713 88.272949631056 93.8788495555404 98.7584652800487 105.322823504509 110.416807077986 109.016215039567 103.429794404076 99.7883511575534 96.4122496599996 93.1979644599997 90.3808941641002 88.2626656403842 87.2290979502628 86.6794157187062 85.1160208138371 86.1107014633563 86.3034777000001 86.3074996472909 86.5974691153259 87.9215042112211 92.3545376785122 96.4241644104575 101.407976700001 106.765118700001 112.519473761318 117.385093333668 120.15948666 122.132483267865
60.7302813130258 69.0217167576036 72.2401247037571 78.5524232600003 79.9963257605108 74.7202309046931 75.6256818363895 76.788069881813 76.7797027637724 81.0513647017259 86.6698033090201 91.2318545684655 92.5489329466807 100.268794233977 104.917448161829 84.9319834792359 78.0643532220327 77.8364689338744 77.7529976057166 78.5177628999999 78.7493758800001 79.5177628999999 79.77184386617 80.2679477150727 80.4401752232306 81.1065178799999 82.8381296600002 85.2161933554088 89.8544552000005 94.4776956840206 98.7835879200002 104.232832200337 108.307224611506 107.494268383348 103.49954843519 100.675810592967 97.1908712188744 94.8757869107166 93.0780267825589 91.3402577399998 89.9637031737566 87.7188865838292 87.4157831697824 88.5327957582305 90.2662007872233 89.503224514546 88.6040236227039 88.3712900617241 92.0871784200005 96.6272167728225 102.186596244665 108.442939136507 113.914110223303 119.343222960382 123.552923472033 126.594981163875
62.2619568836484 72.4767819000018 66.148271403603 68.1853794355704 73.923080136716 67.0062974229022 69.4209907992404 73.4341090589434 77.7495967559575 82.6447943558748 86.5550824954105 90.4443468200003 90.2266919827355 97.9166304536025 102.107536665092 85.3517936456875 79.9884993813071 79.8371455094756 80.8208042800002 81.7320481000001 81.9636610800003 82.7320481000001 83.1065178800001 83.7320481000001 84.2031684666564 84.6953168051753 86.0524148600004 88.8615378511625 92.9266169006697 95.6371956050012 98.8328586043319 102.247936120001 106.097808067994 104.918973460348 102.837019888343 101.615761149535 99.6420923753194 97.335643412849 95.7436057389823 93.1076934508136 91.2505017199999 89.3821185655237 88.8930905663076 90.5815101018613 90.9903348999405 89.9984527581984 89.82193132 89.3912220400002 92.6261938572959 96.5151829000002 101.905771100959 107.764677580001 114.100836410759 119.907019176453 123.98053574 128.527344579771
65.5790773946312 68.9437080816274 63.3632703929436 77.6351906035673 68.0946310531058 68.1272747488665 69.9085726200008 73.5990408997524 77.2580230846193 82.7836023200007 86.5519869399998 91.5114798362104 92.6320406425999 92.8219129819506 93.9461537799999 86.9752667969436 81.2506785988382 81.9645321749237 82.0708672800002 83.1394301540668 84.1958351800002 85.2618425030575 85.9530321524475 86.402143752048 87.4636598800002 89.6810017031151 91.5646599344668 92.6683427399427 95.3698193454764 98.5719846590197 100.855048316486 102.018255175971 103.13924506501 103.69752454 102.013745641495 101.994578965991 100.85870896 98.5362153199999 96.4393929205235 94.3901831479433 93.3040412199999 91.50100344 90.9642222 91.8543316180475 91.9821111 90.9821111 90.8933597199999 90.3053361000666 92.6948245400003 95.919951722152 99.9081027000005 105.273221242086 112.17373230482 118.961639800001 127.537005619802 141.735894858955
68.996369779521 62.1414665675269 60.098948545051 79.3562912625459 64.3733547400004 67.5876399399998 71.0335405200007 75.3192541200005 79.60496772 83.8668080258977 88.1505529549244 92.3360214170143 94.5177607634319 99.4249178669511 92.4025941146341 85.7548863828981 84.16117962 84.1244067800001 85.191083218501 86.2137240799999 87.2975529231429 88.4101203800001 89.1271279247863 89.582643514392 90.6521029864299 93.5786817145035 96.6587560361471 98.0280480222093 98.1817087605657 99.8627370494613 101.948230108639 103.03465076 104.91124622 103.83981782 103.219210265352 103.372831650939 100.970234952583 98.6669766457732 97.563912597935 96.5183264199999 94.751371280421 92.6294907404004 91.3040412199997 91.9347266979559 92.0535395 93.0362165199998 91.9647881199999 91.3653231146688 93.2564085523063 94.9999643130252 98.5513994200004 103.681153962764 110.595410109441 118.741522830263 131.331385251085 148.231038684755
67.9432645504874 60.2855545914256 61.023532000947 72.1462070696085 66.5162115400004 69.710478509502 73.0803739076471 77.4242401752059 81.6228566200001 85.4626696400005 89.7116127999997 92.0513921266119 92 100.047755980001 96.4753048151657 88.097825863962 86.0608614608702 86.2672635800002 87.2721191468533 87.6800741105749 89.0880654600003 90.9278808800001 91.99930928 92.6248395 93.6594926600002 98.01021843307 102.933135489387 103.51832402 101.54350119509 101.780875475883 102.939135839207 103.15528842729 104.797369693504 103.859835450652 103.1249679 103.1249679 102.75050052 100.843003219245 99.1852868836062 98.4626401464578 96.1844599213808 94.51832642 93.4468980199997 93.2499358 93.368142259284 94.1098097364322 93.1611844199999 92.390098249271 93.8197924400003 96.7310410600001 99.5760317178263 103.839295879323 110.26354214 119.497294393621 132.822609976931 144.151672244168
63.5350699196384 61.2533150414021 62.3174449995108 67.024137346461 68.6416364832952 71.51677026 74.3089847963459 79.0281646942605 82.9642262706051 86.6641709677609 90.3834419048902 92.9434881882377 92.5300875774768 99.5257206901032 95.6178899458167 89.096659849858 86.5009938400002 88.4101203800002 89.5528735746461 91.5167654599999 93.6596222600004 95.618470091558 97.0372031592539 97.8731579527289 98.8134326075929 101.712950220643 104.917631293693 105.215677766628 102.906307700206 101.690066413578 103.109441525894 103.807006340528 104 103.968540812522 103.8036037 103.8036037 103.502680327903 102.195780721377 100.67907212 99.1345199683275 97.73261162 96.5174978447227 95.3933585199998 95.0246543777728 95.94589458 95.1963963 95.1250753626519 94.3927926 94.9966431607969 97.6655884230768 100.31979124 104.513435010027 111.328166672997 120.656245086049 131.480201888647 140.13926736
58.6242102208555 61.2509770306568 64.3733547399998 67.0566319902601 70.4691136000613 72.8560233599999 75.5241432396647 80.3186930000006 85.5755421007333 88.6550725890684 89.6626936456509 94.5856522600006 95.0474919923632 97.2134374386292 96.3848094426811 91.4400692684904 88.6583401223215 90.2851524800002 91.3803519772818 92.8560185599999 95.060907036885 97.7125982400003 100.55241366 102.129949733711 102.5356494 103.555476234108 104.751194664307 105 104.19695982 103.765795714902 103.7321753 103.55297478 104.488108490995 103.925619308608 103.5356494 103.373326752186 103 102.67352612351 101.75050052 100.67907212 99.6076437199999 98.0005490027156 96.7326116199997 95.8953868623186 96.4960347478799 96.5356494 96.5356494 96.5785495015246 97.0971126713262 98.818087177745 101.759335310929 106.23999185854 112.094652278936 119.284494899668 127.392154979731 134.462122800191
59.6850682221917 63.259341045033 66.5162115399998 68.7597069027122 72.6533997634171 75.853607671366 77.6794306286555 82.823644525403 88.3886071720713 91.275679934057 91.1586068001849 92.8804119294973 96.4347481795278 96.8476146871552 101.235090643486 95.3612445599989 91.1984149630472 91.6958339800002 92.825907750791 94.7139653753371 97.2947697185352 100.24837724 102.834112592557 103.812019239849 104 104.58875498 105 104.503596871277 103.790887490489 103.082944496618 102.679101517254 104.672194591126 105.204206230003 104.10583987887 104.6607469 104.260282766772 103.3392531 103.187981574358 102.48267582 101.610983557898 100.903040564026 99.9468968199999 99.1479014762819 98.7210939375898 98.9994038685382 98.6785062 98.7086153807943 99.17793908 100.40240186695 101.98154278 104.17636612 108.310809008566 112.40854022 118.260769036311 124.289168590545 128.660468684053
61.3465671769542 65.3192565200006 67.8821396162737 73.7018337243183 77.3355388064559 80.07185752 79.831770488319 84.1212587658649 90.6878868365907 93.7131641600003 94.5164914614999 93.1597035920909 95.7942851351374 96.7126771420456 101.98909106341 99.2345385901823 95.2475918562277 96.2600825879072 94.9101191800001 96.1703470528173 98.4632259600003 100.7846706515 102.743106310955 103.44589818 104 104.346964201681 104.5893185 103.727013786456 103.4106815 103.051553431863 102.05410302 103.5893185 103.625768035501 104 104 104.124452502865 104.56446832532 104.558588367774 103.71472032 102.990254707317 102.279114769724 101.568849057592 101.4106815 101.254469485003 101.401016270087 101.2320445 101.284347330135 102.04732565232 103.558769874775 105.070214097229 107.089909900949 110.342163302139 114.088877135407 118.870286465906 122.98053574 126.19482094
63.0811527699937 66.9800034200007 69.3400689051311 77.9977603200009 82.1059567600004 83.7682526200001 83.2800062923101 86.1293349405865 92.0394989557579 95.9081846919327 96.7315193228149 96.6171764679803 95.1252624777364 95.9715155616834 98.9557508641213 102.083217000325 99.1526041044985 105.210580728584 98.0171957800002 98.9341710363094 99.3157828493738 101.380391158816 103.279192715434 103.44589818 104.249408265751 104.198265295468 104 103.647282717905 103.130736479124 102.582901579657 102.028019418438 102.526242837219 103.045964704 103.5178901 103.741213607126 104.78514888 105.676042848875 106 105.48267582 104.695090867469 103.48002772625 103.316935925031 103.4463297 103.899207077407 103.930375502749 104.4463297 104.531905537873 105.576460544564 106.90954606 109.05240286 110.82079468 113.22990322 116.99829504 120.801330420001 124.42686544 127.993865607967
65.1365934391586 69.1585084200007 73.0219131032679 81.1859902383769 85.7890007865166 87.0355592485913 86.8922302800002 88.36955100358 92.6213052600002 97.2468230490223 97.4981444717401 99.2757759784756 100.176114314763 97.4736471243749 98.1596234600003 103.800364180001 102.864306919105 106.582225119071 101.834522064893 107.990202018708 101.466896235207 103.87278042 105.497108609155 103.99943648 104.498144728724 104.183605150746 104 103.673363360961 102.75049812 102.069486448823 102.523590206284 102.57086368 103.6026669165 104.195743571608 104.86742540657 105.688833598177 106.207282036931 106.306717907962 106.055393314292 106.1070766 105.44689562 105.433712167531 105.998050467577 106.591127122685 107.082920602208 107.1166655329 107.739863083984 108.730869586231 110.12383126 112.26668806 114.242360588439 116.750907656454 120.21258024 124.015615620001 128.00658476887 132.950526087955
67.3390229911029 71.7478269200006 75.442383406029 81.4616842000011 86.4637918800002 87.4751448282736 88.3763672797082 89.7386182088579 92.3872726174238 97.3782799080218 98.430951105445 98.7651941356038 100.693063111687 100.951178937478 100.348385875272 102.764183066919 106.080877970253 108.889273041604 104.200371161517 118.032072751647 105.634024560849 106.840880462445 108.065863109375 103.888555151819 103.556051905525 103.3750333 103.3750333 103.3750333 102.57199312 102.047078462696 102.94589698 103.01732538 104.033285623001 104.635324008434 106.144748899868 106.6249667 106.99943408 107.736410948341 108.068913894395 108.2499334 108.002343548473 107.8749001 108.67793788 109.202854037224 109.84108601421 110.506363494355 110.930366757079 111.82022636 113.818335760052 115.48097326 118.091886345633 121.18384512575 124.375141025685 128.111884962881 132.965760377107 138.224982080025
68.2895419216974 72.4978935200007 75.1789839753265 80.3661184951325 84.0613843201951 85.8789502079557 87.7668356600004 89.7256813069551 91.9001058150468 96.1800853769983 100.44106146704 99.1467842473955 97.7044761754367 103.672104950298 108.653374582428 103.532461818793 106.767172306675 112.600779985428 108.211781773841 117.534378266076 110.161060295631 109.485360515742 109.70063686 103.939975612349 103 103 103 103 102.19695982 102 102.94589698 103.725785789738 105.454597897499 106.297999574741 107.62440078 108.3927902 108.506480331458 109.14229088 110.056657124064 110.802794611824 111.0891853 110.579696112654 111.19582798 112.001764162868 112.376363529372 113.40485383839 114.23974270615 115.994391546089 117.482084281672 119.39165356 122.283440320001 125.987885124955 129.191002267285 132.961833680477 137.983301851764 143.221495835998
68.4091349400005 72.4978935200007 75.6180891753757 79.2708605205372 81.6418701600002 83.7847269599998 85.7497440282747 87.535301195813 90.2132973599999 93.7973835360131 99.9574974642246 101.27570272865 98.0436693750003 99.2603867569648 103.674654051151 101.852186016608 108.879369382997 109.224618146869 112.935825213032 113.742750524308 112.784336115796 112.887871554818 110.866821851372 105.726931937577 102.973392489403 102.684236409386 102.493095686526 102.2321765 102.045729441648 102 102.94589698 104.03465076 106.156901017998 108.050997322085 109.76725758 110.76832745026 111.590995354348 112.51718978 113.191404517478 113.440165013391 113.535647 113.927531369569 114.87433178 115.274324497041 115.3034705 117.08861698 118.24879676 120.23147378 121.712344563397 124.212512052517 126.28163090843 129.64115064 132.85543584 136.658471220001 141.604363400001 147.523250432008
