catData/variables/futureClimate2070/rcp85/GFDL_CM3_2070_rcp85/bio10.asc
NCOLS 409 
NROWS 350 
XLLCORNER 60.897278365 
YLLCORNER 5.843756025 
CELLSIZE 0.0892857 
NODATA_value -9999 
[rows 104 to 129 of 350, columns 348 to 405 of 409]
14.53689651154 13.7843943135704 13.7797189832266 12.0073671161158 10.0439258191457 11.349438696709 18.7362756623724 20.0196753431387 21.6409093241022 22.966914577246 24.2031781878285 25.3265728852045 25.2139992566594 24.8659045405012 24.6762784540915 25.3540363388241 26.8309040454909 27.6729225791376 28.3024061744494 27.5675997967141 27.8501391147497 28.9731035545212 29.4269243501136 28.4446237652262 28.8728061629573 29.547360579528 30.0715271749008 30.1506625186879 30.221257373384 30.3348456528042 30.3229772055162 30.6588736369407 31.6834573187894 32.0420445892091 32.31935973114 32.510580619291 32.56607445 32.56607445 32.56607445 32.56607445 32.56607445 32.5461024047573 32.5321489 32.5569674407539 32.4040503464713 32.3346327637348 32.235787832 32.0918696124471 31.4405106549349 28.0967840207668 25.5309720102589 23.1175025092118 21.4806052378005 20.8676233168353 19.7296343652488 18.537984828858 20.8246921079638 -9999
17.7988196563392 16.5071271116175 15.0123364206201 14.5440670628011 12.7725221434233 15.5997979289316 19.94440399428 24.1980036808104 25.2683015814523 24.1228792265945 25.2897147244908 27.8206946090743 28.3227281650685 25.8319133719453 24.0999162345567 24.3619732546271 24.8537807082584 25.3428633266314 27.6549790135836 26.99940892018 26.3017485389075 26.8768567357384 27.0270681387585 26.4271389142609 27.9957167777919 29.9011388803551 30.7327690846124 31.0062896608622 30.7383650047213 31.2356839014978 31.823788919451 32.0137456423214 32.3798845561791 32.4582221543841 32.41786322 32.4244395743924 32.45893161 32.45893161 32.4435549074427 32.41786322 32.41786322 32.3831700527221 32.35893161 32.4020435585014 32.1956004646607 31.8740725706239 31.4692319383558 31.4438675623104 30.889431911559 27.5354235976058 25.9019827345155 23.7565248481849 21.4134307058075 19.2386553405161 17.6610639323204 17.4390006186853 -9999 -9999
18.6668663238655 16.3251039035492 15.6762738219526 17.7714676434677 16.9737041478429 20.1600453026251 21.8632816350263 23.3997764365099 25.86171682494 27.0992189961268 27.9410116136579 28.7550504606327 28.3391965370778 25.6529444156923 22.260710951727 22.0942513632581 24.2067172242078 24.9798729679117 27.0721646409597 26.5920706527048 26.0670843051425 25.080402940126 24.14211282574 26.0121463833715 29.3682993425501 31.2273059867992 31.5518081233375 31.8749931641832 32.1139381229294 32.2466007122485 32.4584835201726 32.4578432240078 32.357204112 32.350061272 32.25178877 32.2600817979241 32.3147413410968 32.35178877 32.3323981751387 32.2785052458404 32.25178877 32.25178877 32.25178877 32.25178877 32.171490032 31.8379226034259 31.2185708212246 30.7526832956729 30.6342447604836 28.5785721887962 26.7062648602376 25.358570712356 23.2673425434095 21.475718093547 19.9010008303167 20.4170877710768 -9999 -9999
17.5687006475361 17.5738552988679 19.8689971248547 21.7683791588875 20.9427372095132 23.4963489992416 24.0721193307783 22.92645076374 25.0382234823381 27.7790823554448 27.9038431292232 28.6641335351491 28.4074565340097 25.9640338301412 22.615793400271 21.5807501374352 24.3295809773654 26.2901881818329 27.9157021907583 28.0214047444709 26.8248340926219 24.8332662734916 24.9615019762129 28.2440500968381 31.2684009788602 32.3233688462124 32.580396802 32.6046702793468 32.6848263208158 32.626843862 32.519701022 32.412558182 32.305415342 32.242918432 32.1495560231058 32.2 32.2103382195871 32.24464593 32.2239204262799 32.1693866783737 32.14464593 32.14464593 32.1081050156655 32.1297866269881 32.064347192 31.957204352 31.7233772328465 30.7934982031566 29.7818648032319 29.3730616696436 28.9169749453104 28.4013982149849 27.1026389269627 25.0003762611407 22.243141017692 21.4569149541823 -9999 -9999
17.4772014594241 19.986983799132 23.1180531559742 24.3057693471322 23.3713225708461 24.8769863885434 26.2838071525663 24.9444138174364 25.7733261311434 28.2958632819944 27.3167573734336 28.7935048642817 28.406786810534 25.4665538477452 23.2952243740429 22.0256825825894 23.9254451879381 26.3300243105159 26.5882629838904 28.2590895927095 28.0114570470705 27.6755218226122 29.0994322616193 31.0839318958193 32.5277625430588 32.8930679602589 32.8806005448666 32.803626452 32.7212406385609 32.626843862 32.519701022 32.412558182 32.2463028534159 32.198272502 32.1033266508435 32.13750309 32.13750309 32.13750309 32.100061392 32.03750309 32.005175077126 31.97500618 31.991505364893 31.9817155465345 31.844523211981 31.3971779861684 31.4202804077745 30.4982458275106 28.864133244032 27.7770843189005 27.8850557393175 27.0724527296819 26.2472958370895 25.8261939751644 24.5472351443397 21.6220808314419 -9999 -9999
16.9407486356829 19.0453509136292 21.6266250719746 22.9283225297218 23.7796732453685 24.823079468204 26.6943569839104 27.3278069871469 28.1649159480461 29.1300678275154 29.2261462104625 29.5271146241111 28.5900511617969 26.2317031103582 24.523472668829 24.3574108852239 25.4092343073273 26.3394836383816 26.0119437485248 27.3795369175103 29.0809865294281 30.5888550562617 32.0022092203753 32.679187437105 32.8923746819633 32.9168241999373 32.9 32.841129542 32.733986702 32.626843862 32.519701022 32.412558182 32.2766992033696 32.1994755272884 32.16963975 32.1584882128737 32.1 32.1 32.036483997117 31.93036025 31.9146556887207 31.8590029273603 31.7584593223243 31.4954483485676 31.1400845932072 31.0091980708373 30.6622220181268 29.5938551858365 28.9440818606473 27.8851211921189 27.1071878648118 25.6574812708002 25.4680408389511 26.5685399483362 26.6181705097802 24.2171992816061 21.6936943499154 -9999
20.1512992180003 20.3526723822959 21.8960720063918 23.2836601623203 24.3389240790198 25.1754765171068 26.1334672581859 27.6052425641967 29.0355603178354 29.3635000941232 29.5215019017918 28.7660353164275 27.8450624273715 26.3301725127548 25.9215756285408 26.5085601004429 26.7695779900287 27.3422323726454 28.227007402499 29.5313994500762 31.2090650401731 32.2457675391208 32.8875769568026 32.97678259 32.97678259 32.9425492427058 32.9 32.841129542 32.7846734219488 32.703626452 32.596483612 32.489340772 32.382197932 32.2754561722934 32.2 32.183986822 32.1 32.0534715041743 31.871551424 31.4725695158723 31.0924564794325 30.7253088232856 30.3626698539999 30.3952693305551 29.864357344905 28.154289279542 28.6684284777828 -9999 -9999 -9999 -9999 -9999 -9999 -9999 26.4549479376357 25.7584842114741 24.1533178986315 22.8115140979239
23.9184386052677 24.3204334023692 23.1884178691905 22.9470616462211 23.0823789337393 23.0907880729383 26.6285144599278 29.861462141301 30.221269016 30.0227462042229 29.3034341742059 29.0453129396394 27.9149674239997 26.965642537524 27.3460177552497 27.6841166543375 28.0115275759589 28.4829666264681 30.2299385525309 31.9709499614507 32.4890701403502 32.8620114903432 33 33 33 32.992833188651 32.9405128041647 32.8905368270195 32.8285234857963 32.7882404653879 32.703626452 32.5230976902436 32.4847959229405 32.382197932 32.276480960691 32.183986822 32.0805662123226 31.9046199602767 31.5104941019084 30.6243544241594 29.3665302122719 29.0850269335829 28.9893924112173 28.1300201025302 27.6120444229065 27.069528515376 -9999 -9999 -9999 -9999 -9999 -9999 -9999 -9999 -9999 25.8294451097422 24.6785536876157 22.5452538934537
25.1684083799997 26.1061603744189 25.0865327513198 24.3950265378894 26.8461350067579 27.0117618892712 29.5066550327394 31.6019846971302 32.2465901738789 31.9861793917519 30.8703119436761 30.3699296348615 30.0361694309432 29.7576409434388 30.1136156978659 30.7275966247143 31.1515630526879 31.2454249941081 31.9272458282318 32.3099034773203 32.8836599801528 32.9924985452595 33 33 33 33 32.948272382 32.9 32.8941038704586 32.89106827 32.7376424019077 32.6047481149091 32.504931658274 32.398272502 32.291129662 32.1548209736467 31.768180732039 31.1778510538103 30.7786578113727 30.0423178041083 28.2379422978242 27.5017686383114 26.3556173682107 26.1183319816544 25.9272032694146 -9999 -9999 -9999 -9999 -9999 -9999 -9999 -9999 -9999 -9999 -9999 -9999 -9999
27.8113403049154 29.2686051576952 29.0684359352837 29.9509351416055 31.1689262213532 31.7287571612618 32.1915111588182 32.6001300250862 32.717789828 32.788671089897 32.6579404103538 32.288878699571 32.0666891686472 32.1783858160001 32.0060375446393 32.0278117316521 32.2459348906809 32.4574445115374 32.8638347315637 32.9893600446616 33.0965809048828 33.09821111 33.0754690919837 33 33 33 32.9990746498144 32.9403937797361 32.9 32.9 32.8182645616125 32.6248917119379 32.505415342 32.301757986961 32.2737063471788 31.7825443275391 30.5066470086191 30.0882949055182 29.1302252830355 27.2050411083414 26.4754127204769 26.3191583275422 25.0000596960264 26.269541932213 -9999 -9999 -9999 -9999 -9999 -9999 -9999 -9999 -9999 -9999 -9999 -9999 -9999 -9999
31.5999483613344 32.1966767620048 32.5027700151684 32.6869371621725 32.7107079 32.7140713409219 32.90535395 32.9205102447575 33 33 32.964562457489 32.90535395 32.90535395 32.90535395 32.9088882818178 32.9799475221001 33.00535395 33.00535395 33.0948748198535 33.1 33.091129422 33 33 33 33 32.9976129532783 32.99464605 32.935775592 32.89464605 32.821489912 32.714347072 32.5931594583555 32.185053522109 31.8264022404834 31.8154004334609 30.6073044806306 28.9654947390057 28.9399363337528 28.1336090444197 25.426014295233 24.5737851477266 -9999 -9999 -9999 -9999 -9999 -9999 -9999 -9999 -9999 -9999 -9999 -9999 -9999 -9999 -9999 -9999 -9999
32.7952545447923 32.8890079690774 32.91249679 32.91249679 32.91249679 32.9137928844362 32.9886117774967 32.9979988067884 32.98750321 32.9912896546412 33 33 33 33.0073569475006 33.0702607547846 33.1 33.1 33.1 33.1 33.0997840882104 33.0797411695044 33 33 33 32.9953209596362 32.942918432 32.88750321 32.828632752 32.7627545803306 32.676856702 32.4894355047775 32.1221260887352 31.2829189870927 30.3950590677972 30.0404489805846 29.0537948181349 27.8290701379891 27.9970291348067 26.7143619769157 24.4461653978127 -9999 -9999 -9999 -9999 -9999 -9999 -9999 -9999 -9999 -9999 -9999 -9999 -9999 -9999 -9999 -9999 -9999 -9999
33.0129648617482 33.01963963 33.01963963 33.01963963 33.0010634588618 32.9986113904857 32.9267682521669 32.9871313651807 32.9150917794718 32.930299338 32.9926464947768 32.9891167025706 33.0101591599181 33.0669483407344 33.1 33.0856323580394 33.08036037 33.0631870733444 33.0792968640031 33.0596716447011 33 33 33 32.9940493692595 32.950271890088 32.855415222 32.779681774434 32.6440405813474 32.2866940911318 32.1289990513019 31.4636342166919 30.9723589683156 29.6683471808312 29.833343865569 29.5403891380518 28.7766315598208 27.6533712665792 26.5234346276594 25.2502470604708 -9999 -9999 -9999 -9999 -9999 -9999 -9999 -9999 -9999 -9999 -9999 -9999 -9999 -9999 -9999 -9999 -9999 -9999 -9999
33.0751161277113 33.1 33.1 33.1 33.0307470982093 33.0263196748105 33 32.9957111468502 32.9562629141299 32.92218442689 32.9458032920902 32.8729392035779 32.807909049697 32.9205136032758 32.9489323659568 32.7022147370634 32.7110698758844 32.6213140990487 32.6493133841372 32.8490882598231 33 32.9957112111282 32.97321753 32.9510332788321 32.8899721241877 32.7808691328303 32.5903402815451 32.0560611027309 31.2618155601297 31.258714024713 30.7728917724547 29.693734380673 30.3291225792276 29.5134324977024 29.1259594875437 26.6788805560963 -9999 -9999 -9999 -9999 -9999 -9999 -9999 -9999 -9999 -9999 -9999 -9999 -9999 -9999 -9999 -9999 -9999 -9999 -9999 -9999 -9999 -9999
33.1 33.1 33.1 33.1 33.1 33.0649329338932 33 32.9894190251188 32.93392531 32.9236461656555 32.9 32.7224517267101 32.225587803817 32.0982455660867 31.9476855654084 31.4117484021488 31.6636690479023 31.4986437462593 31.4945148814387 32.6379187344725 32.96607469 32.9554938736981 32.9 32.8897209370763 32.777823577854 32.4679516565972 32.1081358971409 31.1954309459998 30.7302772478896 30.6616040963915 30.0969748830533 28.8264482695643 29.954619903561 27.3261886522405 26.4899719109544 -9999 -9999 -9999 -9999 -9999 -9999 -9999 -9999 -9999 -9999 -9999 -9999 -9999 -9999 -9999 -9999 -9999 -9999 -9999 -9999 -9999 -9999 -9999
33.1 33.1 33.0670224981394 33.0948427841061 33.1 33 33 33 33 32.969700662 32.7308550919326 32.2309086195115 31.7778681978913 31.1046671613641 30.7724347964492 30.7390238930516 31.1533893628119 31.0371865732551 30.9006527661201 31.7776179524684 32.7466563468368 32.8655082645244 32.9 32.869700902 32.5512834649571 32.0545223349876 31.4880425379999 30.3366291619941 29.7827221213908 29.4183485987848 29.5456119848655 27.8739661840414 28.7769581155512 27.6302453653487 24.8929591774228 -9999 -9999 -9999 -9999 -9999 -9999 -9999 -9999 -9999 -9999 -9999 -9999 -9999 -9999 -9999 -9999 -9999 -9999 -9999 -9999 -9999 -9999 -9999
33.05178901 33.0870585397883 33.019700542 33.0452855004555 33.05178901 33 33 33 32.9888360230649 32.8338440071204 32.2770178248394 31.6781682594032 31.6015584073428 31.37702235 30.928579486331 30.2039979806069 30.4184540838004 30.4438614706473 30.5453132611769 31.1566685980561 32.4826773374726 32.8082931906494 32.85178901 32.6754149609311 31.96880392597 31.2678624674106 30.4811043677762 29.3576421426192 28.6739228604565 28.7719540077466 28.155661135941 26.5692786733174 27.0417307279207 25.7404341296482 24.4111974778153 24.9838502082295 -9999 -9999 -9999 -9999 -9999 -9999 -9999 -9999 -9999 -9999 -9999 -9999 -9999 -9999 -9999 -9999 -9999 -9999 -9999 -9999 -9999 -9999
32.9059366222536 33.073156618 33.019700542 33 33 33 33 33 32.8742994337049 32.2115303059045 31.8697552200516 32.3964911969309 32.6853936828401 32.3520669156371 31.0510137495935 29.8572080835718 29.7179015625234 29.2403073553307 30.0613696363554 31.6166910114662 32.5868131880017 32.8 32.7230927458738 32.1849020755951 31.3132960374185 30.8005344130999 30.0006839039998 28.963058952966 28.2420793549535 27.4283331760537 25.8848125237738 25.373378746554 24.7401597504782 24.1372700247361 24.9839333533355 24.4104288919326 -9999 -9999 -9999 -9999 -9999 -9999 -9999 -9999 -9999 -9999 -9999 -9999 -9999 -9999 -9999 -9999 -9999 -9999 -9999 -9999 -9999 -9999
32.8325170920529 32.948163278 32.8445227147219 32.921807038843 32.5828279606106 32.6304196235417 32.9430472958518 33 32.8784237588316 32.3537745962562 32.3885428421708 32.9626459492933 33.0120648205753 32.5437481697115 31.4740695609923 30.7765536357147 29.7390611105672 28.7036767771407 29.8525676130103 32.1728369182695 32.7658234321403 32.7899921469968 32.4972625509734 31.6091212743202 30.9787906656654 29.7288964936157 29.5285151404911 29.4010048168174 27.2671904958697 25.8720798219578 24.503101376588 25.5787388954373 24.6281049527426 25.9231877628218 25.556692846263 -9999 -9999 -9999 -9999 -9999 -9999 -9999 -9999 -9999 -9999 -9999 -9999 -9999 -9999 -9999 -9999 -9999 -9999 -9999 -9999 -9999 -9999 -9999
32.0233439458731 31.8659511673844 32.1421696266708 32.0829360867002 31.1674719188198 31.5789825470606 32.4584598131293 32.9415123229643 32.9789087212211 32.9208198130329 33.0050356935374 33.1 33.048272142 32.8338887077247 32.3276432691904 31.8628651863459 30.872686995643 30.2053501450757 31.1932669014917 32.5724163474455 32.73036049 32.6920437403411 32.173924211394 31.1847423901449 30.5340619805808 28.6669803273376 28.957893297451 29.1863540524858 26.8188311495709 25.2344565596568 24.2797764416994 26.0237199960007 26.7745394864267 26.8079030159997 25.2368482322427 22.2025725018322 -9999 -9999 -9999 -9999 -9999 -9999 -9999 -9999 -9999 -9999 -9999 -9999 -9999 -9999 -9999 -9999 -9999 -9999 -9999 -9999 -9999 -9999
30.3385357400719 30.2338861729618 30.3601266326619 30.1923840072982 30.3585362410214 30.911477162116 32.0045037859016 32.4646068485334 33 33.030299338 33.1 33.0657665754317 32.9317719270229 32.787564602 32.6191145931781 32.6149514970165 32.4080285008962 32.2236892100416 32.330318957705 32.601727738 32.7 32.6396642673443 31.8923505236126 30.3673059682142 29.3646534375279 28.3045627135231 29.0170161376071 28.0672637453771 26.3218209728206 25.2637954877769 24.776531415672 25.8323002030829 27.636256758063 26.9535066200141 22.4986265350183 -9999 -9999 -9999 -9999 -9999 -9999 -9999 -9999 -9999 -9999 -9999 -9999 -9999 -9999 -9999 -9999 -9999 -9999 -9999 -9999 -9999 -9999 -9999
29.095049173838 28.9336394160378 29.2298550834774 29.4311835329475 29.9363545012218 30.1374547762625 30.7049588583056 31.5157363498048 32.464637424607 32.946374148 33.01607481 33.008907853068 32.896544284 32.6917219568492 32.6054632591922 32.5621228682991 32.60270775455 32.4552468386835 32.4169452773578 32.6002777306008 32.6011855111187 32.303535009108 31.1398499305696 29.3143818876574 27.8965076764866 27.938475408943 28.6737252015551 26.7866346121566 26.1872568387511 24.8810167153629 25.9197090300731 27.7882321051682 27.3344472799422 24.2922764651918 -9999 -9999 -9999 -9999 -9999 -9999 -9999 -9999 -9999 -9999 -9999 -9999 -9999 -9999 -9999 -9999 -9999 -9999 -9999 -9999 -9999 -9999 -9999 -9999
28.0560402233871 28.0850498881361 28.1163263029923 28.8394920832276 29.0730382526024 29.0161790306641 30.0905374656052 30.8428950457429 32.0189115325457 32.7122812684394 32.9430298238937 33 32.896544284 32.5750338341683 32.41786394 32.411329634264 32.416104272062 32.4818751028362 32.5772046332861 32.4979180512788 31.8133233008287 30.9684828041503 29.4447546278581 28.3460174475942 27.7884431466259 28.5466675399734 27.6452670850008 26.3964218630454 25.6306905692272 24.5400452986122 27.0208774837475 28.4704536735125 26.4134835473259 22.9433085716181 20.8925925667233 -9999 -9999 -9999 -9999 -9999 -9999 -9999 -9999 -9999 -9999 -9999 -9999 -9999 -9999 -9999 -9999 -9999 -9999 -9999 -9999 -9999 -9999 -9999
27.8993275355494 28.0721960919993 28.4140145235355 28.419256615862 28.3177450141589 28.615889836864 29.2849621630681 30.1714443703186 31.2905338165895 32.3575690209082 32.7042481492392 32.617792721865 32.4562923133741 32.4029434267235 32.4 32.2563049694114 32.20357826 32.3768979239078 32.2176960743567 31.7073093535633 31.2555634758276 30.10494965504 27.0337565697361 27.1982676662355 27.4676746553825 27.6594139553267 25.5975895480079 25.8055531745212 26.9392157850671 26.9818992531176 28.3426358718918 26.1200923063374 27.6620116758747 23.0618099656296 -9999 -9999 -9999 -9999 -9999 -9999 -9999 -9999 -9999 -9999 -9999 -9999 -9999 -9999 -9999 -9999 -9999 -9999 -9999 -9999 -9999 -9999 -9999 -9999
26.9173525382345 27.5294243115207 27.2439109001129 27.2339051980001 27.9034950520084 28.352201899586 28.7337097394816 29.4878772719513 30.7730261922512 31.9529180453771 32.4220409748834 32.3728259988358 32.1151897644934 31.8362972695541 31.5020642858441 31.7447618587016 32.0926341676801 32.059020842 31.5769748874311 30.8253680249027 28.8441017722134 25.5296982209809 22.6599648817934 23.4077397824822 26.1715496378944 25.9958928177455 25.1007423986036 26.4611318495821 27.572764887855 28.1078972100585 26.2722388056603 25.8129959827089 26.5321349172319 -9999 -9999 -9999 -9999 -9999 -9999 -9999 -9999 -9999 -9999 -9999 -9999 -9999 -9999 -9999 -9999 -9999 -9999 -9999 -9999 -9999 -9999 -9999 -9999 -9999
25.5021469009017 26.3188329193067 26.2189684156747 26.237456098 26.8057047489373 27.3789259025392 28.3967705451733 29.3666013368847 30.1846145992985 31.3147802663088 32.0153874449691 32.4239805422676 32.4202551712777 32.052020658 31.5079210515657 31.3673688812901 31.196801118219 30.8768086535168 28.7330649958578 28.2409423410025 27.5353578133541 25.4753730845933 24.0508888463854 22.0172177073785 24.4831655629308 24.7635771249243 24.7142955750609 26.7102718689314 27.7005994988353 26.4884224346365 24.3590203380646 23.9735134283907 -9999 -9999 -9999 -9999 -9999 -9999 -9999 -9999 -9999 -9999 -9999 -9999 -9999 -9999 -9999 -9999 -9999 -9999 -9999 -9999 -9999 -9999 -9999 -9999 -9999 -9999
