catData/variables/futureClimate2070/rcp85/GFDL_CM3_2070_rcp85/bio10.asc
NCOLS 409 
NROWS 350 
XLLCORNER 60.897278365 
YLLCORNER 5.843756025 
CELLSIZE 0.0892857 
NODATA_value -9999 
[rows 78 to 103 of 350, columns 58 to 115 of 409]
-9999 37.7550283861857 35.9100948356759 35.9504868309021 36.173261882 35.5991108338065 34.0380881531618 33.0679685635123 31.531354912067 31.6443796043897 31.1784826054856 29.9202376802389 29.7490793744309 30.09159102405 32.2506323427139 34.341531290852 36.1391800666807 37.5734154704478 37.1726831614721 37.2053653042582 37.0080175236826 36.7374617800542 35.1965103640552 33.1603275070045 32.0901595414648 31.7983070069017 33.2737044027008 34.6527357467493 35.5987443148897 35.9919000498038 36.1459723914917 36.1632411752373 35.942948144 35.8249933737755 35.699187132187 34.9998560117864 34.614250448 34.3134779234051 33.3316661615526 32.6918000177855 33.0667575725474 34.0238065648753 34.7645412084554 34.5758240218569 32.6470515778934 35.6958682997733 38.2623586444079 39.4016743057144 40.2008115349373 40.6604824416725 40.851732178 40.8695096349406 40.8163833717528 40.8 40.7612842911397 40.7065013061669 40.7 40.60089700322
-9999 -9999 35.7739889834909 35.9443151181937 36.374726596867 35.6460216638553 34.1898023141142 33.315477338049 31.7321860055682 31.8584744657604 31.8141082078293 31.1935371720947 30.9197493722282 30.7854698931017 31.9690517661654 35.4436905798581 38.0485283484219 39.3034849113999 39.1080308774359 38.9964245149914 38.308768259432 38.5718306858006 38.4790041120778 37.1157667276504 34.7806132419171 32.9504488319961 33.6641079813088 35.1657480834702 35.9323451736287 36.299814460773 36.2312862664729 35.520476837605 34.9339176311557 34.871693408 34.4845789946191 34.1093210649855 33.948241365188 33.6174054542545 33.4494440569304 33.6460635300398 33.9215463457164 34.2110183666953 34.56051403353 33.3621020030137 33.307734438211 37.4028088887181 38.8801930496792 39.8377624079223 40.4397667515414 40.744533226 40.8498144993258 40.84464545 40.8151714802155 40.7595022248452 40.708793574094 40.7 40.7 40.6
-9999 -9999 35.9221887183605 36.2060566753521 36.4102508537984 35.6465708997514 34.6171153923672 34.2471502178431 33.2602340079146 32.3053957633216 32.1313151008256 31.7527948491589 32.4181706652356 34.548737020184 34.7302609412418 36.6631616342408 37.6355256007531 39.9850614890095 40.3752521294803 40.5264807058719 40.0893199661161 39.826640486 39.5365408518342 37.6832618924103 35.4616874513708 34.776818709892 35.5128316997816 35.5906881289378 35.8351318270823 36.4749317216923 35.6870766304105 34.7042709959999 33.7254161742392 34.1302975705461 34.0782791762197 33.5294314035317 33.1064914828983 33.4215961549038 34.3719244548883 34.5213655722562 34.447530102607 34.3953377061067 34.4584392010697 32.6042368897036 34.623009732738 38.5191931374577 39.6648686469895 40.2200714646755 40.6139311901036 40.8238088935317 40.848267822 40.8 40.8 40.726839302 40.7 40.7 40.6408842075286 40.6
37.7135804210334 36.9050295165576 36.2017020161487 36.4490069397396 36.1099865883091 34.5157756696176 34.0336634099504 34.1902609489482 33.5425505974586 32.0957041339276 31.5439652713142 31.5030818272993 33.3661591355072 36.3825955707717 38.8020944491212 39.064434408 38.8078330434287 40.2492549830317 40.5856238943965 41.0963190904163 41.3278629664653 41.1543110196939 40.6166752520979 39.6638233248462 38.4341314321269 36.7781493258428 36.8233370008212 36.8388604145457 35.1020417519382 35.4115366933764 35.1020328713051 34.5390142099994 34.2921029795686 34.3309468778707 34.0977301224706 34.0877219128808 34.4244589415191 34.8481412902414 35.0226160782235 34.7114884789601 35.2728418672812 35.2264400901952 34.1424452422887 34.0172901214268 37.3174066076158 39.3998547278384 40.2085859281499 40.4879282477408 40.7184553986659 40.844589338 40.848267822 40.7589993020522 40.73035977 40.7081483503568 40.6440764314386 40.63035977 40.6016427009704 40.53035977
38.7533109408031 38.0763317794554 36.827972580955 36.6565513214094 35.6889603942571 33.6991967939552 33.3068345354101 33.1614165788135 32.4554616101658 30.9566022965802 31.3260656875051 31.633970862 32.8877344932372 36.1000482677629 40.2759996683046 41.0917286772764 40.3808324860545 41.1300607261906 41.8022226057812 41.6959799075197 41.9099974660081 41.4017753958251 40.866651325045 40.889381284 39.9441852732823 38.5919807658146 36.1567145505571 36.4406173015276 34.7277531242812 35.0686016366533 35.8838347377025 35.3543074939839 34.7546766557689 35.146615108 34.8417487511538 35.1963058584463 35.7668014065487 35.7880761111859 35.5955837884 35.5926435409488 35.8264816311818 35.0772896327073 34.1753740794876 35.1306396311022 39.1883588248844 40.1686138124381 40.4821041889025 40.6141223070653 40.737446498 40.8103522753909 40.771484752 40.7095479582834 40.7 40.6438249700422 40.604572913795 40.6 40.5273714945306 40.5
39.8715256879427 38.9603102157457 37.3720812556127 36.6533753413335 34.9396594796821 33.3660292600254 33.2823643574285 32.4420586250254 31.0760997204954 30.5980784541715 31.5507820902223 32.117771421127 33.3693947938859 37.9636247570072 39.8709496757771 41.825925636819 41.3544567606986 42.2757648648442 42.6948421210288 42.9007790588317 42.828901858838 42.4587963437622 42.1059187480505 41.5101396342917 40.6707729254669 39.9606979548064 37.9239384902226 37.2536658665134 36.885324381004 36.4429698503262 36.3566862839804 35.4032467975566 35.6538820172315 36.0425642444859 35.6249839436817 35.2321833693901 35.6218445682861 35.9614556442067 36.0411659215112 35.9364215840759 35.3608345883928 35.2941451008901 35.9267946628585 36.1018386879776 39.7316539720001 40.5703704521999 40.691012638 40.7727228572602 40.7899450937904 40.8 40.748267822 40.7 40.644593911911 40.6043141735588 40.6 40.5266098315015 40.5008697339684 40.4985463545618
39.9507603318179 38.61219324851 36.7586105166618 36.2975544418257 34.4225444721978 33.332224237763 32.2409308828203 32.0193850193305 30.5140016072843 29.8006624475516 30.619816170762 31.5729084885647 32.373094698341 37.1519235750606 38.3144001315128 40.8284934760328 42.1100716012654 42.8888113145301 43.0936420782829 43.19106875 43.1128303107774 42.9295828257597 42.709077026 42.2972231005093 40.9329904945639 38.5552872762023 37.608539814455 36.6206701470306 35.5333062460261 35.0793866337983 36.1342955094309 36.1691040310952 36.4599853459706 36.4787763397802 36.2145906059114 36.0285067207405 35.5836864765741 35.6982980815994 36.6101498162239 36.8399236257249 36.5339155101369 36.4894614782104 34.9321698850934 38.4178839515726 40.2858763558132 40.6924993556601 40.7020685505576 40.70893125 40.7430333076474 40.7593930472501 40.7043109198524 40.6463832570451 40.6030350300574 40.5333734668401 40.50893125 40.5011211953649 40.4138587815326 40.4087765555699
39.1947773614167 37.3987457251964 36.0669861169282 35.1241692619691 32.9431487489802 33.3600767507389 31.1799803399143 30.2400032122248 29.0738581424677 28.897291274414 30.2572705331939 30.3624820558504 32.977918935966 33.5878716694938 35.8131302697063 41.1137016743503 42.35871123844 42.9987845414094 43.024949708 43.1315505857656 43.125106044 42.9116178127641 42.6973979019711 42.3066754452938 41.4309789229722 39.7583241414121 40.136059491852 39.300337722353 36.7159671462699 35.89099548418 36.3947934981477 36.444477834 36.7423310813227 36.8632469561155 36.6065030648282 35.8149032322471 35.6641708504752 36.7283733549952 37.255183246398 37.1496213115313 37.3287175492233 35.9256865830364 35.2194653374385 39.2051080667254 40.1477937861445 40.60178841 40.6245350176148 40.7 40.7006696969149 40.657199072 40.60178841 40.6007354832906 40.5351628119742 40.5004799967609 40.4211326185039 40.40178841 40.4000967669664 40.4
37.3806533734717 35.2975548465859 35.2826255719822 33.4140019636559 33.4604889372175 33.8143303854138 32.9422231335515 31.5249039683917 30.5117161261896 31.7469747576837 32.8171540709201 32.5229936022243 33.0341759510859 32.6365147901033 36.6853089182066 41.7137989083853 42.8172759972471 42.9963609642414 43.049196715023 43.164341432 43.0592036642241 42.955410182 42.7475720149597 42.3761573326551 41.5040011947813 40.9480676493049 40.670676197259 39.9294732475975 37.8946561436661 36.7848917783279 37.4171321247292 37.0216693505401 36.5424923521728 36.5259247689716 36.2261067054939 36.2146265477414 36.7477677077818 36.8230731083846 36.2073083259131 36.5792168535122 37.1104249240983 36.8762906495336 37.583777517684 39.0301071833677 39.8869972637936 40.5365327145806 40.7 40.6983774118449 40.6592041185229 40.6 40.548267822 40.4968475783737 40.49464557 40.49464557 40.414342032 40.3118814470975 40.3 40.2999072581668
36.2213733345774 35.3033775586138 34.5633878001215 32.4246970699395 32.9768050844197 31.851158178238 30.8728453258818 30.3254734257073 30.6887694906974 30.8828957775565 32.5992470097144 33.7024730313195 33.2276439020876 32.0256184439998 37.2665687691146 41.6449216762196 42.7872087078369 42.9405304461078 43.08750273 43.057198592 42.98750273 42.942912912 42.784037414 42.569751734 42.0666268137468 40.9354663657993 39.4155245866955 38.5238359423445 37.6334714110249 36.4762616564829 36.6176665025261 37.2624591176685 36.8899837099062 36.3355902137215 35.89997816 36.1229357883639 36.5228715542251 36.8141265656437 36.8962250918678 36.9390174163925 36.9725264316118 37.4122167100001 38.1252887260422 39.3914406401671 40.3505108040413 40.6265134380408 40.7 40.669696342 40.5953202100394 40.58750273 40.535770552 40.435985481962 40.3917495700375 40.38750273 40.3172349419634 40.3 40.2881789300357 40.2859871319648
36.2292025649244 35.856633238226 34.1059006560418 32.2029015383689 32.6570421703268 31.0396947569558 29.8229085364214 29.3629827592326 29.2724642431743 28.1714299585539 29.0143489077545 30.6592297242181 32.8447153852121 32.9749054322773 39.3303499141731 41.8145428630107 42.6712963297233 43 42.9954510955954 42.9560075180377 42.8926453723291 42.835770072 42.676894574 42.4741721065702 42.2549972497966 41.5219092879999 39.4433591508618 38.0792636143355 38.5950781839055 38.1388830431069 37.3841764339894 37.1038690425657 36.953046297853 36.5417369574925 36.4256626416039 36.4521570535096 36.3967772068052 36.8649313019621 37.3776083601342 36.9899004301007 37.2236946289998 37.9493928316313 38.7925917039961 40.0268735470692 40.5535443222683 40.7 40.7 40.669696342 40.562553502 40.4912426049685 40.4387879686646 40.3884368817023 40.3273080119308 40.285631158436 40.28035989 40.28035989 40.2043480984633 40.2
36.0048567777642 34.2619272726219 31.9234487083065 32.2563572476121 32.266028016291 30.9748096720754 29.6588046873067 28.2315813710607 27.7356338874831 29.3516868309415 29.8431172309382 30.4559186840334 31.8884537198157 35.4102387262776 40.1232070248142 42.0551257065427 42.8665628313377 42.9957097844031 42.9562590308627 42.8918836578715 42.835770072 42.728627232 42.5836072659258 42.441124502 42.201944986 41.5591177283388 40.8788735919999 40.596751762217 40.2320341848771 39.9400915339313 39.5324837323122 38.8565452471317 37.6840789786687 36.8297813898492 36.4523475939634 36.7058127109524 37.126469101413 37.4286867430875 37.805118942 37.5504295107796 36.82349763329 38.2200194418539 39.8531424890344 40.5561025749856 40.7 40.7 40.6937968496955 40.6510296055703 40.562553502 40.455410662 40.3861445966323 40.3301104986334 40.2823184701008 40.219650945165 40.1784923435692 40.1966377696966 40.1746662170377 40.17321705
34.6504670845957 32.0970886352305 30.4693253661389 31.9586346832463 30.9112358451983 29.6813933301534 28.4970967486047 26.8082162698174 27.350554584373 30.2060313549924 32.5993499229322 33.7494156666052 33.1959846990917 37.4919158213721 40.1237730711808 42.7051983340001 42.9969888764761 42.950055752 42.8582165566792 42.8121252002192 42.7413314151176 42.6402827339839 42.514341552 42.407198712 42.1904164387113 41.9053369736098 41.3793454545082 40.7743917236267 39.5296632260334 38.7839896316106 38.9082497551218 39.1197166169995 38.7830602489102 38.3103416851621 38.2587716174359 38.2025698917825 38.2386560029852 38.4091307323911 38.6126243729737 38.2576073998791 37.8733346222951 39.2354836742589 40.3176096289343 40.73392579 40.7309148293199 40.7 40.676839182 40.5897192446246 40.5413317322738 40.455410662 40.348267822 40.2800261850308 40.200056352 40.16607421 40.1130142816644 40.1281126288742 40.0696493414613 40.0666618243598
33.6312702066575 31.7228963255005 31.7189754223119 31.6675628970622 30.3797236672515 29.095344921376 27.5321305950856 26.3957442871153 27.7213360375777 30.7156242380245 34.4234454988315 34.9653379217739 34.8389474935536 38.2798243609035 40.3624843691831 42.744843707629 42.950055752 42.842912912 42.7452820997788 42.7 42.684621039159 42.5880641613721 42.448267342 42.341124502 42.167963324 41.9837239374964 41.6055080600551 41.1890388628827 39.8150787545255 38.1483664004458 37.7875319215693 38.1374653608792 38.1701026445692 37.7003245000769 38.1297440006187 38.7083906624222 38.9484536553231 39.181968924 39.188627041202 39.2317561729318 39.6668458086859 40.1655944820061 40.601563722 40.8403571989439 40.7947697595872 40.7344902658817 40.676839182 40.569696342 40.5 40.4370984317573 40.307199192 40.200056352 40.1200261418359 40.069953903633 40.05893137 40.0073980214292 40.0388464959603 40.0010207255086
33.0325639805789 31.7579341214532 31.885825344 31.5516859282194 30.3281198901664 28.6482659409733 27.8299678995347 28.1569468730498 29.1539254478101 29.811825807974 32.6631514836586 34.6693048443627 36.6149153773952 39.0989601064008 41.0196032360557 42.753521308 42.842912912 42.7434928060731 42.7 42.6853899295994 42.614341552 42.507198712 42.4249969468919 42.341124502 42.167963324 42.026838822 41.7978036935468 41.3952960114212 40.966275618 40.3750366724572 39.5316699928074 39.243608336344 39.67853764 39.5394601274654 39.2971674505726 39.542210544897 39.6358098416313 39.5955868299114 39.6636565910237 39.842744816 40.0957461278394 40.4522615819969 40.7835748356663 40.898267702 40.8 40.783982022 40.676839182 40.569696342 40.4819464928507 40.384107029313 40.248267822 40.1127404703594 40.05178853 40.0138996799681 40 39.9578408157044 40.046377748 40
32.0295637020437 31.7151339561561 31.938484874095 31.4064969325112 29.6898640881808 28.2020109379999 28.3545200016239 29.6506637337207 29.7120288772292 29.8314064557101 32.3734598307057 33.0421051042764 35.8662804881674 39.3771050068235 42.2783402684904 42.7007736106943 42.7406831091021 42.6911330931015 42.64464569 42.614341552 42.507198712 42.4247382580841 42.3713637441194 42.285770192 42.1491530094734 42.026838822 41.8838436990662 41.593013736 41.281714467318 40.862597854 40.648312174 40.46606293 40.4532422861554 40.333326310359 40.1760826934374 40.2353908732338 40.1053258479396 39.8439085216532 39.7884675381309 40.0678150732583 40.3625226617842 40.7214539460123 40.8505231623827 40.898267702 40.8 40.783982022 40.676839182 40.569696342 40.462553502 40.355410662 40.2196318318201 40.026895654 39.94464569 39.94464569 39.94464569 39.9056046511619 39.994589218 40
31.8963126351497 32.0530214802821 32.1340192851194 30.869637610283 28.8103669454382 27.6795570783009 28.4175638360172 30.1817147640001 29.5321442016881 30.3302785032064 32.3592435298254 33.3261135074323 36.5287634831578 40.4761345239234 42.5100554064483 42.63750285 42.63750285 42.6314954717239 42.585524848847 42.507198712 42.4234591660111 42.3721326345598 42.285770192 42.2154228602983 42.133981662 42.026838822 41.9698837045855 41.8094601640291 41.5391961885564 41.184026374 40.9752875523017 40.8299667405384 40.7307832443197 40.659076906 40.4406290499641 40.469583878 40.4150584886282 40.253610492 40.2289865114684 40.4203907353469 40.648099006 40.8733229899359 40.9 40.8368531888795 40.7944532916914 40.721484872 40.614342032 40.5261381145958 40.462553502 40.355410662 40.2288667808829 40.007951905688 39.9 39.9 39.9 39.9 39.9354736525427 40
32.385806963502 32.4058254937524 32.0257430918927 29.655580000112 27.9256503932527 27.3797352694105 29.6258807540934 31.8198527559324 31.544184535927 31.8320229705539 33.6961864348165 35.0350016184189 37.1265563747033 41.007077676723 42.4087444712715 42.53036001 42.53036001 42.5192047574507 42.4536882476111 42.400055872 42.33036001 42.285770192 42.178627352 42.13036001 42.1103168359814 42.026838822 41.9440762898952 41.9038111351665 41.7479754184564 41.505454894 41.300044592 41.1991937048268 41.1229729325747 40.9905755490736 40.8671911265985 40.8306851726795 40.793214002722 40.8016861495673 40.8378830411546 40.8704116180929 40.8713968870935 40.8961887919695 40.9 40.8 40.791124862 40.683982022 40.576839182 40.4788965355992 40.4189912494625 40.355410662 40.248267822 40.0643755026477 39.9236651602906 39.9 39.9 39.9 39.9 39.931566215018
32.6344383871409 32.6350600033517 31.359719463918 28.9220186465355 28.6230968245256 30.4916925081696 32.5329520972166 32.9526934329828 32.8625576638779 32.5784496181626 33.7132066348587 35.9988540622135 37.2896632689711 40.5891889232223 42.0358701245832 42.42321717 42.42321717 42.407198712 42.32321717 42.292913032 42.22321717 42.178627352 42.1112063108466 42.054793726459 42.02321717 41.950055992 41.9045728496241 41.8328558276815 41.728627472 41.5978652157072 41.467907452 41.37678283 41.3482444297903 41.2465299524847 41.2015958248209 41.108976082 41.05356566 41.0672348287378 41.07678283 41.0206077913491 40.9813557353453 40.9096388419603 40.9 40.8 40.791124862 40.683982022 40.576839182 40.4929643482059 40.4480303490997 40.355410662 40.248267822 40.1274558689834 40.010764972 39.9206079756278 39.9 39.9 39.9 39.901732058
33.2000756494372 32.7701231178062 31.9071165826001 31.0826367277306 31.5562983241028 33.203298115725 33.1559276421914 32.837403106 33.0886288480553 32.2524114146567 33.342787774754 34.9612302965261 38.6013352702968 40.3485559810226 41.4414757287808 42.31607433 42.31607433 42.3134994702002 42.2805617254728 42.185770192 42.11607433 42.071484512 42.01607433 41.957198832 41.91607433 41.842913152 41.81607433 41.728627472 41.621484632 41.5157958361245 41.491124622 41.3865566032214 41.3123513451056 41.2745672505674 41.178627592 41.1463289561733 41.1405088915863 41.0505885452593 41.01607433 41.0043141993948 41 40.912553382 40.9 40.8 40.791124862 40.683982022 40.576839182 40.5 40.462553502 40.355410662 40.248267822 40.141124982 40.033982142 39.9882399079732 39.9165303876998 39.9 39.9 39.9827504454374
33.3147799328672 31.7060943896944 31.6722334183032 31.98594923759 32.2510630716555 32.7860173435844 32.5465009723713 31.3111834688562 31.5650794195536 32.3702337910951 33.50729946646 34.7744565476049 37.7006716199116 38.0712187361315 41.6485091815419 42.2984219848938 42.20893149 42.20893149 42.185770192 42.078627352 42.00893149 42.0049489548643 41.952887839176 41.9036730307837 41.8398780832566 41.735770312 41.70893149 41.621484632 41.514341792 41.40893149 41.400056112 41.292913272 41.20893149 41.178627592 41.1055869383402 41.1039825137001 41.057199072 41.0036730522192 41 40.9333734238614 40.90893149 40.901121204058 40.9 40.8 40.791124862 40.683982022 40.576839182 40.5 40.462553502 40.355410662 40.248267822 40.141124982 40.033982142 40 39.919696462 39.9 39.9 39.9087767914129
33.0322215344376 32.1790559777586 31.6267863320342 31.933826046 32.1940205231506 32.4442695973138 32.5608135847163 32.1351428091584 31.9693427316792 33.6599841655614 33.3784311903847 34.8017629441574 37.5879379185539 36.8072875277019 40.8712434782954 42.1035463066663 42.10178865 42.10178865 42.078627352 42.0012466150357 41.963222817372 41.90178865 41.850055992 41.743966228595 41.7023964629974 41.628627472 41.5229209898179 41.416130442 41.4018854213667 41.3000871010409 41.2034185505514 41.185770432 41.10178865 41.071484752 41.00178865 41.00178865 40.950056232 40.90178865 40.90178865 40.9004800568825 40.9 40.9 40.9 40.8 40.791124862 40.683982022 40.576839182 40.4702383683788 40.4011188632135 40.3116188711941 40.150056472 40.1007355819905 40.033982142 40 39.919696462 39.9 39.9 39.9
33.112932028366 32.489322062153 32.7718200784116 32.5517826849471 32.6718539132486 32.8533436919765 33.1588265479785 34.1189665447209 34.6021996941657 33.1318532105169 32.9596795613186 35.6212225314097 35.8964318809717 37.5342009426587 40.3415839089731 41.7665428833584 41.99464581 41.9937881513236 41.9673704219014 41.8930232688736 41.8538496243514 41.750055992 41.69464581 41.635770312 41.5911110627486 41.516130442 41.4132872317013 41.307198952 41.200056112 41.1876518453763 41.0941706053987 41.0741310478263 40.99464581 40.9930232817237 40.9538498515013 40.89464581 40.89464581 40.89464581 40.89464581 40.89464581 40.8989454268513 40.9 40.9 40.798267702 40.6995248082487 40.678627832 40.571484992 40.464342152 40.357199312 40.250056472 40.1456834711013 40.0968477196737 40.0321626735512 39.926839302 39.9 39.9 39.9 39.9
33.1736238683131 32.245506452662 32.737723978178 33.1130028449893 33.0934349484663 33.2412926378504 32.9364185257971 32.8194380995232 33.719508713178 33.7489317837797 34.7338400300639 36.7892063957295 35.5257270184058 37.2518208572885 38.3192508885692 40.9662798676516 41.88750297 41.871484512 41.78750297 41.7609859492171 41.6953202399252 41.642913152 41.5810379242099 41.5234881306477 41.421484632 41.323484766363 41.2899643827793 41.200056112 41.092913272 40.9872864542064 40.9672397206513 40.88750297 40.88750297 40.8609861592242 40.7953202699181 40.7930753429395 40.7935349842028 40.78750297 40.7957532715125 40.8 40.8602326035444 40.8859341700854 40.88750297 40.785770672 40.678627832 40.573486763516 40.476839182 40.3659092847686 40.254736172089 40.155410662 40.0935350141957 40.035985580662 39.9917497284804 39.914342272 39.88750297 39.8984311700926 39.9 39.9
32.7317730880401 32.5576205712481 32.4820583998904 32.5100001226289 32.8941740585149 33.0620071944265 31.959991662397 31.2794249474553 32.3836057398288 34.5592108059291 34.5149364544196 34.5756158355319 35.5483184463944 36.9323393516085 37.2725006014251 39.3725550663584 41.7624634198369 41.764341672 41.68036013 41.6744084366922 41.6306278197981 41.535770312 41.428627472 41.38036013 41.314341792 41.2659913697503 41.19618784674 41.092913272 40.985770432 40.878627592 40.78036013 40.7772141728085 40.76072026 40.76072026 40.7379825033249 40.7358322428473 40.728627712 40.6919231541334 40.7530522293763 40.78036013 40.7158279096043 40.7702722159054 40.78036013 40.6789680530752 40.591124862 40.4968540899442 40.457199312 40.3257044130364 40.1926455564732 40.135770792 40.028627952 39.98036013 39.914342272 39.8215680979783 39.8 39.8702720230411 39.88036013 39.9003401739395
33.2312878771867 32.9191512734073 32.0968303774593 32.4029297008444 33.150980353554 33.106637990646 32.9511700620001 31.9931904515378 32.7391392191272 33.879327300311 33.5120717141721 33.0716519575111 35.5065026216981 36.1361602347494 36.6375871787837 37.3946031193072 41.5576873290297 41.657198832 41.57321729 41.542913152 41.47321729 41.428627472 41.321484632 41.27321729 41.207198952 41.100056112 41.0517096977407 40.9824083603822 40.878627592 40.771484752 40.6708402232489 40.6347064748741 40.57321729 40.57321729 40.600634776757 40.64643458 40.6224128489779 40.6431068683881 40.67321729 40.67321729 40.67321729 40.67321729 40.67321729 40.57321729 40.564342152 40.457199312 40.350056472 40.242913632 40.135770792 40.028627952 39.921485112 39.87321729 39.8248808034563 39.8 39.7784925362977 39.7966377998252 39.8 39.9012681659288
