catData/variables/futureClimate2070/rcp85/GFDL_CM3_2070_rcp85/bio17.asc
NCOLS 409 
NROWS 350 
XLLCORNER 60.897278365 
YLLCORNER 5.843756025 
CELLSIZE 0.0892857 
NODATA_value -9999 
[rows 216 to 242 of 350, columns 183 to 243 of 409]
8 8 7.98269141999986 6.91126301999962 5.89416853089926 5.10764251999985 4.2364401768388 4 3.55412101999975 3.17548944155398 3.7282515323152 4.6601641800003 5.97977533994683 7.41467114607795 8.25627700779179 8.6601123783395 8.66703730447035 8.07634148939911 8.62413950326789 8.26067209713682 8.20022447100614 8.66076369999996 9.40125933874445 11.3561373600002 13.1099805135178 13.6607637 13.1773554657795 13.5306055280896 13.9574078580415 13.6791247358277 12.6378962806061 11.2790339471315 10.554935402565 9.92143661130391 9.46054081482671 9 8.70538252708852 7.8219337199999 7.33923630000004 7.33923630000004 7.82264294838763 7.46939605774326 6.76143506387402 6.67847260000009 6.67847260000009 6.64837223773297 6.39356776839798 7.06308318547169 8.5394575993405 9.24741859320931 9.8120195929217 10.5173001800001 11 11.2239492113145 11.0910559825547 10.7418090671525 10.9751151297074 13.2303236958381 12.4144042360629 15.8844556438013 18.2116502515383
8.41066470000005 8.41066470000005 7.98269141999986 6.91126301999962 6 5.76840621999981 4.82141833264289 4.25689106489946 3.73722777755788 3.92797208000025 4.41066470000005 5.34193500493096 7.28451456000031 8.76782662030947 9.35910549230308 9.96810386523964 10 10 9.90561030213279 9.17907331999972 8.28622517295216 8 8.44587658000022 9.82217106558004 11.5250300431225 12.4497757393353 12.8897735617927 13 13.5153424732925 13.0318975491651 12.3964525967547 11.4847492881597 10.3448924034625 9.76841101999969 9 9 9 8.69513532882487 8.65243573128253 8.55022524626008 8.41066470000005 8.41066470000005 8.41066470000005 8.02222805643022 8 7.9477084084846 7.57082288000003 8.54714684660048 9.12443755585737 9.41066470000005 9.67343267922806 10.5173001800001 11.2417700456872 11.7997185118556 11.568850910602 12.2136784800002 13.2851068800005 15.4714051240507 15.0203897991362 16.2309607771107 16.8337762253468
8.57843283057907 8.06190459179517 7.50059831999984 6.42916991999959 5.59512152455688 5.88005598334082 5.33600819787492 4.80606946090895 4.6970482796932 5.23210326152306 5.76591855726116 6.96625396395534 8.94527826000024 9.8692239736134 10.8386355800004 10.9641862000001 10.9641862000001 10.9641862000001 10.8869727324666 10.2505017199997 9.32515706510142 8.78366731611444 8.71301565733053 9.51730498000017 10.3049090797624 11.4963281190224 12.3788956021943 12.5179069 12.939471755374 13 12.9737344729415 11.4393159282739 10.83983942 9.88005846929388 9.33601051192183 9 9 9 9.58873098000011 9.65809890199817 9.12939967921767 9 9 8.51012585713449 8.96418620000006 8.96418620000006 9.04713322651348 9.48209310000003 9.63902664894557 10 10.2149517086229 10.9993932800001 11.7869996938093 12 12 12.8030137800001 13.8744421800004 14.4898728998889 14.0358137999999 14.0358137999999 14.1959695799999
8.12554821999962 7.05411981999996 6.98269141999986 5.91126301999962 5.07151039861435 5.57467063649633 5.86470711160676 5.3462550532825 5.44587898000025 6 6.91461369204931 8.21368568000036 10.0167066600003 12.690010612144 13.1204823150168 13.1070430000001 12.563100842713 13.1070430000001 12.9468800200001 11.8754516199998 10.7715870736893 9.83281693826585 9.55352150000006 9.78448705151304 10.3258765835978 11.5084313212924 12 12 12.39042177596 12.9700408591507 12.9826962199997 11.9112678199997 10.9284917444825 10.4253320204068 9.86470925470359 9.55352150000006 9.55352150000006 9.55352150000006 9.81637722485401 10 9.67336178536729 9.55352150000006 9.06949762441128 9 10 10 10.0886509960309 10.5535215000001 10.5535215000001 10.5535215000001 10.9993932800004 11.7844849084162 12 12 12 12.8030137800001 13.3904196328633 13.4464784999999 12.4464784999999 12.4464784999999 12.6066342799999
7.42213697246564 6.42916991999993 5.74360861534003 5.34176928677713 5 5.08685927034844 5.56442378108894 5.85956227252591 5.79217685603701 6.3232911954004 7.43449109316259 9.07273371827509 10.6309263502884 14.2120839200009 14.672037672586 14.0338236759768 13.6422560800001 14.6249499 14.46478692 13.1038925004555 11.1477549024178 10.3909385473538 10 10 10.5887333800001 11.6601617800004 12 12.5018463812693 12.0784643472935 12.94587538 12.9826962199997 11.9667209870177 11.6249499 11.3933609199997 10.6249499 10.3909400472336 10 10 10 10 10.4572057099523 10.6249499 10.2969893728264 9.65877657573636 10.010812495701 10.6804015671382 11.3099671414249 11.6249499 11.8143190814498 12.2498998000001 12.4171240556764 12.6249499 12.2570240328018 12 12 12.8030137800001 13 12.4088782756161 11.9891890041788 11.3750501 11.5352058799999
6.39105075601132 6.01643195175208 4.30362169999995 4.30362169999995 4.30362169999995 4.30362169999995 4.81766195057115 6 6 6.15706574613818 6.89235747999995 8.62395006000056 10.0352142800001 12.397292850167 13.5198126726806 13.3200543804441 13.332979528208 15.0617928359719 15.4246812962646 13.4665010714983 11.4853619007371 10.8863094070265 10.6963783 10.6963783 10.8751305296824 11.6601617800004 12 12.2438138663912 12.6470665227452 12.9835665908637 12.9826962199997 12 12 11.9296845601911 11.485363572045 10.8863101357186 11.0068754034826 11.3927566000001 10.9827771209903 10.6963783 11.4279660800001 11.6963783 11.6963783 11.4091907378284 11.3980096744081 11.7851080800003 12.6963783 12.6963783 13.2104063366476 14.3927566000001 14.0822611678255 13.3361416800618 12.8212492277018 12.2366593045342 12 12.243812409007 12.912564258757 12.7128131665205 11.9947476542841 11.6345904779519 11.1601557799999
6.12554821999962 5.27374686039868 4 4 4 4 4.14071943989487 4.75189226414284 5.57454216823331 6 6.58873578 7.81344987949631 8.96378588000002 10.8382352600004 11.4352345872251 11.4643865999998 11.4989989600001 13.6212521850462 15.0348415491359 13.7146346532259 12.6974475373166 12.5356134000002 12.1932663745029 11.7678067000001 11.3157732663223 11.1532851422321 11.2321932999999 11.8487563459486 12.2030407299612 12.958442754129 12.9826962199997 12 12 12 11.6969826199998 11 11.4458741800004 12 11.4112690199999 11.5068747950321 12.4993944800001 12.7678067000001 12.7678067000001 12.7678067000001 12 12.0206024604265 12.4781343473275 13.9456204277544 14.9089864281562 16.3428069718695 16.1728616399495 13.8533199758846 13 12.8467159722957 12.2060905436138 12.6165593604765 13.6422488800005 13.7678067000001 13.5223311272528 -9999 -9999
6.12554821999962 5.84793566745033 5.67847020000003 5.60399901171571 4.70481869129912 4 4 4.37445058000011 5.44587898000025 6 6.58873578 7.10613122838132 7.89235748000009 9.76680686000044 10.1607649 10.1607649 11.0200884062972 12.2637648858806 13.1613668199999 12.4786576499071 13.2543048353705 13.5249850442128 12.9283186962039 12.8392351 12.2505017199999 11.2852041625452 11 11.8030185800002 12 12.94587538 12.1579830595386 11.9255328400442 11.2951772803723 12 11.951285441206 11.8392351 11.9109160179603 12 11.9053527228734 11.9453655567098 12.1176136362929 12.8346842641241 13 13 12.8392351 12.8392351 13.0251410937919 14.2315865800003 15.0487141729583 15.5954056325414 15.7322969557505 13.9653996399998 12.5059183112908 12.7147918091263 13.4963588790858 14.4814839800002 14.8190498096236 14.8392351 -9999 -9999 -9999
6.92187953855601 6.04928494470053 6 5.91126301999962 4.83983461999994 4 4.2759512390167 4.94411560424019 5.03983326749678 5.5604294492468 6.05259559400996 6.6905239227337 7.73159258000011 8.87476006378 9.88566563296395 10 10.1066426800001 11.1780710800003 12.0750280999372 12.2315913800003 12.7511216731517 12.8272136905024 13.9106635 13.9106635 13.3219301199999 11.6493164828581 11 11.0717388693722 11.8856634473715 12.0845011958853 11.9842420791417 11.0814094776014 11.0143081856552 11.3002361310885 12 12 12 12 12 12 11.3337697117079 11.8923526800001 12.8856612617793 13 13.0157557352658 13.9106635 13.9249714712476 14.0206891345042 14.0893365 14.46377988 14.6434647199996 13.0547361399998 11.5006079199999 11.7494934800004 13.4871499827 16.2655644588865 17.6176495761869 16.8706206870703 -9999 -9999 -9999
7 6.98306108314863 6.96509328378146 5.91126301999962 4.99713174235844 4.75464552457151 4.30302218000029 5 5 5.00926399229173 5.59610074077814 6.6601641800003 7.7315925800001 8.80302098000023 9.0156597269419 9.0179080999999 9.03521428000001 10.019497167732 10.1931109653377 11.0220554615921 11.3279829629557 12.3811538354523 13.0179080999999 13.0179080999999 12.4291747199998 11.9942636136552 11.9820919000001 11.9820919000001 11.1389642879247 11.0179080999999 11.0006043199996 10.0179080999999 10.1752005083172 11.0041473186127 11.3154990144574 12.3677401675273 12.9820919000001 12.4740532263328 11.4218120732628 10.3695709201926 9.30422841999975 10.6274680659472 11.8923526800004 12.9468422920868 13.9824017348433 14 14.1572900512967 14.7546525956331 14 13.6389677589867 12.5899444199995 11.5092521566463 10.4291795199998 10.6780650800003 13.9180470117136 17.3911332400005 18.8565340800005 -9999 -9999 -9999 -9999
7.07874729839846 6.94647969999999 6 5.91126301999962 4.84840671918716 4.04112533141626 4.30302218000029 5 5.02386357677331 5.05352030000001 5.05352030000001 5.67835229503743 6.73159258000011 7.76004305624432 7.99328049315243 8.89525411745107 8.93009975194535 8.07923637731636 8.90153137073849 9.17807108000033 10.2332817704687 10.9330405578561 11.4458765800002 12.5173049800002 12.4427758071175 12.6783500234863 13 12.9570222046928 12.1188333847034 12 11.0371426234965 10.1910238071071 11.1965371954205 11.727285431686 10.9675648378343 10.5385540704793 10.3923538800004 10.4568633092722 9.9684909413311 9.94647969999999 10.0247892949239 10.8135588131417 11.8744445800005 12 13.0154494299042 13.8977082444445 14.0980661661589 15.1121513967627 15.2982789505357 13.6991172420306 12.6611688199997 12.1070406 11.5498209502201 11.8207178800004 14.9694384129611 17.5630500215905 18.8209218800004 -9999 -9999 -9999 -9999
6.23540935312296 6 5.99783731543014 5.79740189029256 5 4.79734356173893 4.39010865253811 5.04678711318527 5.51511568109191 6 6 6 6.73159258000011 7 7.87444938000036 8 7.99783761530702 7.78631671999961 7.03521427999999 8.10664268000029 8.95077515517062 9.82705824669182 11.4458765800002 12.4526683952456 12.9486127704776 13 13 12.2973175476467 12.01568768663 12 12 12 11.83983942 10.9710632580146 10.3068781677079 9 9.39016278084573 9.87505129999996 9.35988149060061 9.08248605632386 10.4967133179532 11 11.9837052934936 12.0067631007839 12.8577499199997 11.9526944093379 12.7701141563853 12.9039877421085 13.5681686321692 14.9218375135546 14.6098393192774 14.0603127149992 14 14.5776712235534 15.6980473221702 16.8030137800001 17.7651817663842 18.8209218799999 -9999 -9999 -9999
6.10089342464592 6 5.59333622874524 4.80362289999992 4.83507571284474 5 5 5.30091706100634 5.80362289999992 5.905210223093 6 6 6.73159258000011 7 7.87444938000036 8 7.97929528255939 6.73231375948976 6.12871063846025 7.03521428000025 8.46916860563955 10.3744481800001 11.4458765800002 12 12.4731196261625 12.6739822441125 12.6072457999998 12.7649402599865 12.2726186440722 12.1963771000001 12.1963771000001 12.1789521318149 11.83983942 10.7684110199997 9.75648829433384 9.19637710000008 9.1088176215667 9.10158638048299 9.19637710000008 9.59725611083573 10.6788777666319 11 12.5771682692697 12.0434977127808 11.7829239251692 10.6246702968799 10.9952324789296 12.1861082790209 13.1066378800003 14.1045341749213 14.6072457999998 14.1915315291777 13.6880100887723 13.7368855132771 15.1231270446734 16.41025958 16.7789662194261 17.9352408014756 -9999 -9999 -9999
5.73219449999998 5.47888258545495 4 4 4.16016538000006 5 5 4.89972007519777 4.73219449999998 5.24950188000017 5.88986117993078 6 6.73159258000011 7 7.64026702656465 7.73219449999998 7.70221683018778 6 6.0857850538808 6.7051809346837 8.01456411261507 10.2069219620691 11.326468379555 11.8707316188214 11.8423339628024 11.2488276755735 11.19592387395 11.855771287674 12.8744469800003 13 13 12.9350307858308 12.0647530357928 10.8304318225832 10.1866557790404 10 9.67353337771174 9.64657160391192 9.84233460553557 9.07203511999973 9.99944682878325 10.8944932991861 11.6402635120311 11.4788845136546 10.6975917399995 8.82092428000027 10.0096196185259 11.5264091598502 11.9540604017739 12.5646669966026 12.7321945 12.7321945 12.3011306717311 12.6601569800004 13.5356627915165 14.75025978686 15.8744421800004 -9999 -9999 -9999 -9999
4.70335631230848 4.03576054239407 4.33923390000006 4.3091313082003 4.16016538000006 5 5 4.62554941999989 3.84874273468647 4.00258527998386 4.91026797999988 5.54548226942173 6.14417767587551 6.59394413882723 6.36412322646979 6.64240600823269 6.64933076293537 6.03010177763839 6.55089443531804 7.73932974704385 8.30301978000026 9.62187084355082 10.8120225511521 11.3418175941453 11.2717510405575 11.2239492552605 11.822643890037 12 12.8744469800003 13 13.3392339000001 13.3392339000001 13.0732446381797 11.521342134235 10.799776387585 10.2122091977121 10.1512556369909 10.1637473283065 9.21155151360359 8.00060671999969 8.39235387999999 9.99438814949567 10.3215321999999 9.69653139990999 9.63790176922521 8.39786353068471 9.16015817999998 10.1530245612791 10.7635590534239 11.37444338 12 12 12 12.6601569800004 13 14.6060275600003 -9999 -9999 -9999 -9999 -9999
4.07399029921366 4 5 4.94770395230164 4.50505379666892 5 5 4.62554941999989 3.55412101999975 3 3.34696419049287 4.24950188000024 4.58933769999993 5.39235868000016 5.07399171362415 5.55744143534625 6.00710699568306 6.46295693328793 7.06577289774168 7.54714783122927 8.30301978000026 9.37444818000009 10.4458765800002 11.2124376528884 11.4106623000001 12.0708240800005 12.1102257940238 12.3297694570057 13.2851092800004 13.4106623000001 14 14 13.83983942 12.631926903181 11.4106623000001 11.03621652 10.4903290474612 10.0720351199998 8.65364535832785 7.61094318935727 7.84181455961335 8.80301618000017 9 9 9 9 9.16015817999998 10 10.4274518086218 11.7851056800001 12.22755956932 12 12 12.6601569800004 -9999 -9999 -9999 -9999 -9999 -9999 -9999
4 4 5 5.04277927280427 5.4820907 5.4820907 5.4820907 5.10764011999988 3.82125761041615 3 3 3.34190516834903 3.87060327900706 4.41589203363723 4.93947321371894 5.45599888107465 6.49105373156953 7 7.08294989685773 7.62955735049833 8.30301978000026 9.55496616521005 10.7130143274343 11.5173049800002 12.2838228872776 13.1422524800004 13.1031933419893 13.3800721906549 14.3565376800003 14.026092975943 13.991658008587 13.5179093 13.35774872 12.3979672134803 11.8539181391635 11.3239803481922 10.5541258199996 9.48269741999986 8.41126901999989 8 8.35269166497167 9.28510688000017 9.90365229968363 10.4201779670393 9.95584056560472 9.43931489824881 9.16015817999997 10 10.6060299600007 12.37444338 12.7690788585303 -9999 -9999 -9999 -9999 -9999 -9999 -9999 -9999 -9999 -9999
4.48402576225928 5.07708184594161 5.54393847037612 5.08873698000038 6 6.12819158067132 6.38579053564626 5.62554941999989 4.35504457171819 3.26717958459897 3 2.63458651723394 3.17807348000003 3.44648089999992 4.8049547138137 5.94587778000001 7 7 7.08865326854295 7.65692022777485 8.30301978000026 9.74889636000017 11.2468012032728 12.0708240800002 12.8163773093625 13.6601617800004 14 14 14.3904238746328 13.5006055199999 13.438755092732 12.9508850435852 12.374972260097 11.8718110762203 11.1434635199997 10.4464808999999 10.2474065948266 9.48269741999986 8.41126901999989 8 8.73158778000005 9.80301618000017 11.3584663569223 13.022950840604 12.070583531427 -9999 -9999 -9999 -9999 -9999 -9999 -9999 -9999 -9999 -9999 -9999 -9999 -9999 -9999 -9999 -9999
4.79599073378217 5.94588018000004 5.9935083737995 5.65822852619164 6 6.08685982617351 6.26140327383541 5.62554941999989 4.55412101999975 3.4826926199998 3 2.3398358199997 2.73159258000011 3 4.74889876000071 5.35475382608341 6.37505249999995 6.43050695393473 7.16016298000003 8 8.49239123396199 10.1398334060296 11.4458765800002 12.5173049800002 13.3679274539977 13.8725428259936 14.4572054540156 14.6249475 14.0784640459663 13.05412462 12.3642385459482 11.7168257740603 11.2749605459304 10.6632469740784 10.2614050740874 9.7659910459034 9.37505249999995 8.85774991999981 8.15424747412349 8 8.27438382585843 8.67622572584943 10.4989941600008 12.6418509599998 -9999 -9999 -9999 -9999 -9999 -9999 -9999 -9999 -9999 -9999 -9999 -9999 -9999 -9999 -9999 -9999 -9999
4.74890356000077 5.28719201836033 6 5.87641141137791 4.71878351064635 5.30362409999998 5.51464144331765 5.62554941999989 4.55412101999975 3.4826926199998 3 2.3398358199997 2.2221291386692 2.86282855766653 4.13995328599851 4.30362409999998 5.31567570667312 6.08873458000035 7.27169661934424 8.85765055568 9.57676001596958 10.3744481800001 11.4458765800002 12.8775437010223 13.8751295426425 14.4597207536934 14.9185043099714 15.5592027863644 14.2129851172997 12.3954398009647 10.6019943553708 10.3036241 10.14346352 9.30362409999998 9.09261009928667 8.49355743704865 8.6141201333845 8.84293446971979 8.28639783394455 8 7.49053990127345 6.74442298493779 7.74719522860294 9.14393511226669 -9999 -9999 -9999 -9999 -9999 -9999 -9999 -9999 -9999 -9999 -9999 -9999 -9999 -9999 -9999 -9999 -9999
4.1738921863468 4.9584465694888 5.23219569999991 5.12285437481246 4.03718971252486 4.41001440013733 5.07036044720066 4.85774511999979 4.1286645181235 3.87988345078574 3.76780430000009 3.10764011999979 2.76780430000009 2.33769935713139 3.10664508000026 3.95844472675846 5.03059393942077 6.85653888000045 7.84218261051045 8.46378708000024 9.46485559006919 10.3744481800001 11.4458765800002 12.6374209719447 14.1362597414353 14.9210910266205 15 15.8030185800002 14.2511060399993 12.10824924 10.7545183833096 10 9.83983942 9 8.69698261999977 8 8.10353006733707 8.2321956999999 7.64346471999979 7.23219569999991 6.50060791999986 4.81262024402596 5.33883598000028 6.41026437999977 -9999 -9999 -9999 -9999 -9999 -9999 -9999 -9999 -9999 -9999 -9999 -9999 -9999 -9999 -9999 -9999 -9999
3.16076729999997 4.10664748000001 4.16076729999997 4.14650129531516 4 4.03723270670742 4.16076729999997 4.10056789126993 4 4 4 3.89386718722466 3.22525628378655 2.87090048520203 2.97981556580933 3.15206621682057 4.20990357216837 7.08873458000035 8.13441401014548 8.87646502086595 9.55732388812329 11.2136808800001 11.9109150738999 12.9514442350892 14.5226151559227 15 15.613974402055 15.9683318289565 15.7188350400644 13.7867146400001 11.8364508180096 11.6039984530015 10.813484115987 10.4841083550241 9.28191322603527 8 7.625807808058 6.72663005906947 5.73280361999983 4.76750726109199 3.75071411999986 3.22410441377008 3.30134939412626 -9999 -9999 -9999 -9999 -9999 -9999 -9999 -9999 -9999 -9999 -9999 -9999 -9999 -9999 -9999 -9999 -9999 -9999
2.08933889999996 2.17384279481294 3.08933889999996 3.17014821581779 4 4 4 4 4 3.52890829229088 3.08933889999996 3.08933889999996 3.02397922365462 3 3 3 4.94681957508466 7.08873458000035 8.01430878445392 8.30024016086159 9.33009123382371 10.8047824714919 12 12.5635204378779 13.6780722800001 14.6905225527531 15.7315901800001 16 16 15.8309930680275 15.626886520671 14.6432511199998 13.5861312900407 12.3788341447248 10.5805724805897 9.13933578818962 7.55412581999964 6.48269741999986 -9999 -9999 3.02397965248134 2.26872440220322 2.88566156311226 -9999 -9999 -9999 -9999 -9999 -9999 -9999 -9999 -9999 -9999 -9999 -9999 -9999 -9999 -9999 -9999 -9999 -9999
1.87670041139467 2 3 3.08873698000038 3.84270326203841 3.24535631960341 4 3.63225601711293 3.01791049999989 2.50060311999969 2.01791049999989 2.01791049999989 2.01791049999989 2.80654897273791 3.85878755437996 3.98208950000011 5.99970564233711 7.08873458000035 8 8.23159138000033 9.30301978000026 10.3811547341279 11.4558012075141 13.0253447691561 14.5708228800003 14.9939133275607 16.4500772140813 16.9820895000001 16.9820895000001 16.9820895000001 16.9817795806484 16.8754468199999 15.8040184200002 14.2735599344256 11.3814819327841 -9999 -9999 -9999 -9999 -9999 -9999 2.19698381999983 -9999 -9999 -9999 -9999 -9999 -9999 -9999 -9999 -9999 -9999 -9999 -9999 -9999 -9999 -9999 -9999 -9999 -9999 -9999
1.87445178000038 2.94588018000004 3.06990016114653 4 4 3.76840621999981 3.28680506927326 3.61211113739067 3.05351789999998 3.02583269536788 2.44277212260045 2.05351789999998 2.74595718146291 3.04297599650554 3.92796728000033 4.05351789999998 7 7 7.15159139365269 7.95887638431574 8.30301978000026 9.37444818000009 10.8917531600004 13.0346099600003 14.6202411541576 15.7136796800004 17.4775450899059 17.9570241319374 17.1188336860306 17.0506212639993 17.9653924399995 15.8177868800633 13.78632152 12.9588762558728 -9999 -9999 -9999 -9999 -9999 -9999 -9999 -9999 -9999 -9999 -9999 -9999 -9999 -9999 -9999 -9999 -9999 -9999 -9999 -9999 -9999 -9999 -9999 -9999 -9999 -9999 -9999
1.99939808000044 3.0708264800001 4 4 4 3.76840621999981 3.03786150020899 3.45261066549628 4.05571092879883 3.60763891999986 3.12494630000005 3.12494630000005 3.12494630000005 3.92796728000028 4.89013646543203 5.11818392886327 6.99783765684185 6.87505369999995 6.89506547174793 7.23159138000034 8.30301978000026 9.37444818000009 10.8917531600004 13.0346099600003 15.1039067024827 16.6177002518129 17.6401806938927 17.1723693204021 16.8907410853027 17.8209290799999 17.7154998399994 15.4839108599989 12.6099582918767 11.7881953961716 -9999 -9999 -9999 -9999 -9999 -9999 -9999 -9999 -9999 -9999 -9999 -9999 -9999 -9999 -9999 -9999 -9999 -9999 -9999 -9999 -9999 -9999 -9999 -9999 -9999 -9999 -9999
2.89910627403836 3.94588018000004 4 4.01742569782649 4.1963747000001 4.01026007906933 3.63626569030955 4.1963747000001 4.46713497813255 4.38790400155508 3.88438718782318 3.93326484279827 4.14366627341982 4.84170267595899 5 5.94587778000001 6.78971761590546 6 6.1287110228514 7.03521668000024 8.10664508000016 9.17807347999999 10.782937339635 13.0346099600003 14.5887333800001 16.1906844885018 16.9472911021204 16.842307467258 16.1008975833631 16.760129386015 15.7690177399994 13.5548535152269 11 -9999 -9999 -9999 -9999 -9999 -9999 -9999 -9999 -9999 -9999 -9999 -9999 -9999 -9999 -9999 -9999 -9999 -9999 -9999 -9999 -9999 -9999 -9999 -9999 -9999 -9999 -9999 -9999
