catData/variables/futureClimate2070/rcp85/GFDL_CM3_2070_rcp85/bio17.asc
NCOLS 409 
NROWS 350 
XLLCORNER 60.897278365 
YLLCORNER 5.843756025 
CELLSIZE 0.0892857 
NODATA_value -9999 
[rows 135 to 161 of 350, columns 61 to 121 of 409]
-9999 -9999 -9999 -9999 12.8923646800001 13.4464640999999 13.4464640999999 14.1066498800001 14.0414893864208 13.8929281999999 13.5025083009381 12.50056472 12.9025197482973 13.397334368023 12.8214115356563 12.3182580006639 11.925375386031 11.62553022 11 11 11 10.3398166199999 10 10 8.73511259245191 8.02994796386839 8 8 8 8 8 7.79271886179096 7.44646409999994 7.21549742556801 6.73714310924765 6.18810202707278 6 6 6 5.57769202764547 5.55353590000006 5.59316020499554 6 6 6 5.62553501999989 5 4.48267821999997 4 4 4 4 3.12553621999994 3 3 3 2.751158689802 1.34306043387742 1 1 1
-9999 -9999 -9999 12 12.1672286361508 12.3750357 12.3750357 12.6226289361324 12.4756899638737 12.3750357 11.8285225561138 11.9864787077842 11.9956692922034 11.7722541078087 11.8998903560895 11.2881725639165 11.1136513360773 11.2345961639288 11 10.6766893560588 10.7429865439472 10.3398166199999 10 10 9.12553141999989 8.05410301999995 8 8 7.89989185600377 7.37503569999997 7.37503569999997 7.23459706401446 7 7 7 6.752408564039 6.62496430000003 6.62496430000003 6.62496430000003 6.03381395593649 6 6 6 6 6 5.62553501999989 5 4.48267821999997 4 4 4 3.4981315558629 3.04708056414303 3 3 2.94453505583856 2.15478608416747 1 1.1893855441798 1.85899004418599 1.97126265580789
-9999 -9999 -9999 -9999 12 12 11.1799873169936 10.6072146 10.6072146 10.6072146 10.3417188268338 10.5907892568334 10.6140206989985 10.9651378683362 10.6701327643291 10.8387064115026 10.3036073 10.5643853211626 10.6894797625046 10.1465431738279 10.1787503098394 10.1031708064933 10 9.44076868084124 8.42913871999989 8.01642607182403 8 8 7.83981781999991 7 7 7 7 7 7 7 7 7 6.39102813585105 6.01642680048156 6 5.93819418685303 5.41515532947964 6 6 5.62553501999989 5 4.48267821999997 4 4 4 3.19696461999978 3 3 3 2.84944687819549 1.25497627813712 1.16128857446986 1.78839608919752 2.37446258000008 2.86462424346778
-9999 -9999 -9999 -9999 -9999 -9999 -9999 -9999 -9999 9.23217889999992 9.23217889999992 9.23217889999992 9.99071850979958 9.44375048775922 9.39236347999986 10.1784032530778 10 10.0869439816036 10.1286507510555 10 9.54794150362584 8.72527617096645 8.46435779999984 8.27790881435168 8.029145747011 8 8 7.93185297501116 7.07199671999984 6.23217889999992 6.46485862296648 7 7 7 7 7 7 6.38341064841859 6.02914630424037 6 5.98669905044102 5.21157270221803 5.16017978000006 6 5.7673221198041 5.145236032855 5 4.48267821999997 4 4 4 3.19696461999978 3 3 2.98670089321155 2.12282427944736 1.12298757210675 1.82159507523412 2 2.37446258000008 3
-9999 -9999 -9999 -9999 -9999 -9999 -9999 -9999 -9999 -9999 9 8.20615441828476 9.15796505070107 9 9.02574975132728 9.16075049999999 9.41507782664439 9.68572642436989 9.16075049999999 8.7265844263982 8.22685834258749 8.05462569157328 8 8 8 7.20615643248344 7.16075049999999 7.14648328548808 6.83981781999991 6 6.0487136675545 6.16075049999999 6.5349683104172 7 7 7 6.38599719363965 6.03166177534607 6 5.20615844668226 5.15796582230348 5 5.0257489797249 5.35512754926099 5.95128671824671 5.5249799527674 5 4.48267821999997 4 4 4 3.19696461999978 3 3 2.96814313189479 1.14648405709049 1.16017738000003 2 2 2.0601950469663 2.16075049999999
-9999 -9999 -9999 -9999 -9999 -9999 -9999 -9999 -9999 -9999 8.08932209999998 8.00483238098971 9 8.91917170838546 8.08932209999998 8.30024692223928 9.0270682924485 8.71485231999998 8.08932209999998 8.04311340348857 8 8 7.33373732057426 7.08932209999998 6.29296288994948 6.09415469536272 6.08932209999998 6.00849599401243 5.16433639129978 4.87839946338767 4.17864419999996 4.519663367237 5.5352178800001 6.08932209999998 6.08932209999998 6.08932209999998 6.02397321379869 6 5.20364297557648 5.00483280973578 4.08932209999998 4.08932209999998 4.08932209999998 4.32093028000009 5.08932209999998 5.05587410160992 5 4.95379173223467 4.37451612245283 4 4 3.19696461999978 3 3 2.96535883999946 1 1.16017738000003 2 2 1.65898520401693 1.08932209999998
-9999 -9999 -9999 -9999 -9999 -9999 -9999 -9999 -9999 -9999 -9999 8 8.9829822780968 8.01630552354184 8 8.23161298000017 8.70238115154118 8.01119305009755 8 8 8 7.35162974334651 6.28628191999984 6.0178936999999 6.00224622157004 6 5.98298463515195 4.92913991999981 4.0178936999999 4.01374932976458 4 4.00670060695747 4.46378948000002 5.0178936999999 5.0178936999999 5.0178936999999 5.0178936999999 4.22922523712357 4.02013996451482 4.0178936999999 4 4 4 4.00414432729045 4.31550783434843 5 5 5 4.98946508090419 4.9821063000001 4.26359047581804 3.19696461999978 3 3 2.96535883999946 1 1.00286616598449 1.24535519565442 2 1.62553741999992 1
-9999 -9999 -9999 -9999 -9999 -9999 -9999 -9999 -9999 -9999 -9999 7.99710373953848 8 8 8 8 8 8 7.97612897470314 7.91877037673766 7.30417561999994 6.26808993919316 5.2540201371587 4.95700948487575 4.9464653 4.9464653 3.9464653 3.86246292698607 3 3 3.28681587911747 3.9464653 3.9464653 3.97416009477905 4 4 4 4 4 4 4 4 4 4 4 4.37446498000011 5 5 5.55723161573891 5.32162918222665 4.26839301999999 3.19696461999978 3 3 1.98267941999973 1 1 1 1 1 1
-9999 -9999 -9999 -9999 -9999 -9999 -9999 -9999 -9999 -9999 -9999 7.94589937999991 8 7.98890875260302 7.87503689999996 7.87503689999996 7.87503689999996 7.87503689999996 7.42913871999981 6.4223570531491 5.41124501999995 5 4.90857552397465 4.17234711031726 4 3.88179778109852 3 2.98890905251447 2.87503689999996 2.87503689999996 2.91290559036162 3 3 3.45267774676227 3.87503689999996 3.87503689999996 3.87503689999996 3.87503689999996 3.87503689999996 3.87503689999996 3.87503689999996 3.87503689999996 3.87503689999996 3.90397937615814 4 4.32767067525785 4.93075711903427 5 5 4.91750203808957 4.14342991999995 3.17235131049428 3 3 1.98267941999973 1 1 1 1 1 0.944280080877116
-9999 -9999 -9999 -9999 -9999 -9999 -9999 -9999 -9999 -9999 -9999 -9999 7.80020547129405 7.5358917793243 6.80360849999996 6.80360849999996 6.86312325118026 7 6.55410181999985 5.89840145696389 5.33047999365461 4.87034559572668 4.2156790548918 4 3.82826180387087 2.85771151999991 2.80360849999996 2.73228520798476 2 2 2.24352470015938 2.87715071045927 3 3 3 3 3 3 3 3 3 3 3 3.18612230211761 3.80360849999996 3.80360849999996 4.16193221026175 4.60721699999992 4.60721699999992 4.07669188159396 3.21568291221265 2.84229067716866 2.80360849999996 2.61784331593146 1.78968953468681 1 1 1 1 0.926458732219899 0.44528671839846
-9999 -9999 -9999 -9999 -9999 -9999 -9999 -9999 -9999 -9999 -9999 7.43923802527659 6.71949304430666 6 6 6 6.22188086791261 6.63188964096735 6.13788242597764 5.35340387292287 4.84231970013187 4.24880696681316 4 3.78492985929637 2.85771151999987 2.03961315459386 2 1.97622997151575 1.73218009999998 1.79421002237456 2 2.27417756373523 2.73218009999998 2.73218009999998 2.73218009999998 2.73218009999998 2.53624054900929 2.46436019999996 2.69855964488098 2.73218009999998 2.73218009999998 2.73218009999998 2.73218009999998 2.73218009999998 2.73218009999998 2.73218009999998 2.73218009999998 2.87072916738742 3 2.82319103872222 2.73218009999998 2.14421357516789 1.76580119788674 1.03961666905839 1 1 1 1 0.918841416215806 0.458006050729267 0
-9999 -9999 -9999 -9999 -9999 -9999 -9999 -9999 -9999 -9999 -9999 -9999 6 6 6 5.921425690277 5.66075169999994 5.41332015626634 5 4.82449783719013 4.27173084608148 4 3.75180194737496 2.85771151999984 1.78628311999983 1.66075169999994 1.66075169999994 1.57199791999985 0.660751699999944 0.813788784473009 1.32150339999989 1.32150339999989 1.32150339999989 1.49700474861383 1.66075169999994 1.66075169999994 1.17733955842901 1 1.87446618000008 2 2 2 2 2 2 2 2 2.51732178000003 2.80026750231022 2.22453758096135 2 1.72757161249503 1.08294827077653 1 1 1 1 1 0.69696581999998 0 0
-9999 -9999 -9999 -9999 -9999 -9999 -9999 -9999 -9999 -9999 -9999 -9999 -9999 5.96354990489294 5.58932329999998 5.45282837430345 5 5 4.81688000690152 4.28445069269663 4 4 2.96793230850836 1.78628311999987 1.07397859068802 1 0.589323299999979 0.537018629482852 0 0 0 0 0 0.304871192927417 0.589323299999979 0.589323299999979 0.589323299999979 0.589323299999979 1.82291236506412 2 2 2 2 2 2 2 2 2.51732178000003 2.65303580104672 1.86843677870976 1.58932329999998 1.11607583984151 1 1 0.596436458636577 1 1 1 0.8214148970296 0.410676700000021 0.410676700000021
-9999 -9999 -9999 -9999 -9999 -9999 -9999 -9999 -9999 -9999 -9999 -9999 -9999 -9999 5 -9999 5 4.81946620926612 4.28696650665864 4 4 3.3634444511334 1.92528001035798 1.10200448628286 1 1 0 0 0 0 0 0 0 0 0 0 0 0 1.32734775484461 1.97391550108037 2 2 2 2 2 1.81946852337055 1.5178949 1.78581321152094 2.03578980000001 1.35198356065744 1 1 1 1 0.0089702400471826 0.560681235877819 1 1 1 1 1
-9999 -9999 -9999 -9999 -9999 -9999 -9999 -9999 -9999 -9999 -9999 -9999 -9999 -9999 -9999 -9999 -9999 -9999 -9999 -9999 3.34820879055619 1.93799985697294 1.11982634922458 1 1 0.476414334021072 0 0 0 0 0 0 0 0 0 0.365432288492936 0.553533500000074 0.553533500000075 1.42799968000016 1.97584374250158 2 2 2 1.87179711349589 1.44646649999993 1.27928043100673 1 1 1 1 1 1 1 1 0.553533500000075 0.593156946479255 1 1 1 1 1
-9999 -9999 -9999 -9999 -9999 -9999 -9999 -9999 -9999 -9999 -9999 -9999 -9999 -9999 -9999 -9999 -9999 -9999 -9999 -9999 2.4545406090646 1.12744417951317 1 -9999 1 0.0541030199999507 0 0 0 0 0 0 0 0 0.367947931026719 0.872554920395377 1.45722798818265 1.6249619 1.95292003466149 2 2 2 2 1.76839181999989 1 1 1 1 1 1 1 1 1 1 1 1 1 1 1 1.23402484547576 1.6249619
-9999 -9999 -9999 -9999 -9999 -9999 -9999 -9999 -9999 -9999 -9999 -9999 -9999 -9999 -9999 -9999 -9999 -9999 -9999 -9999 -9999 1 -9999 1 1 0.0541030199999507 0 0 0 0 0 0 0 0 0.588752580000025 1.45974363071658 1.918514004379 2.55922772052572 2.69639030000002 2.03767848966541 2 2 1.88845235495182 1.23329120995261 1 1 1 1 1 1 1 1 1 1 1 1 1 1.161288018616 1.69639030000002 1.81008077157506 2
-9999 -9999 -9999 -9999 -9999 -9999 -9999 -9999 -9999 -9999 -9999 -9999 -9999 -9999 -9999 -9999 -9999 -9999 -9999 -9999 -9999 -9999 -9999 1 1 0.0541030199999507 0 0 0 0 0 0 0 0 1.04080782059735 1.92110037817173 2 2.80303778000025 3 2.05410541999998 2 1.93185503078514 1.07200151999985 0.41001439167698 1 1 1 1 1 1 1 1 1 1 1 1.06814312644996 1.76781870000009 1.821593231088 2 2 2
-9999 -9999 -9999 -9999 -9999 -9999 -9999 -9999 -9999 -9999 -9999 -9999 -9999 -9999 -9999 -9999 -9999 -9999 -9999 -9999 -9999 -9999 -9999 -9999 1 0.0541030199999507 0 0 0 0 0 0 0 0.868325635649836 1.86778156923496 2.55405497294023 3.4532481504978 3.80758485194458 3.83924709999998 2.89335251999996 2.82470883927152 1.91124861999993 0.839820219999942 0.0372316865987435 0.160752900000016 0.475021548516662 1 1 1 1 1 1.67394511386257 1.83924709999998 1.83924709999998 1.83924709999998 1.85351375590703 2 2 2.25432055676589 2.83924709999998 2.83924709999998
-9999 -9999 -9999 -9999 -9999 -9999 -9999 -9999 -9999 -9999 -9999 -9999 -9999 -9999 -9999 -9999 -9999 -9999 -9999 -9999 -9999 -9999 -9999 -9999 -9999 -9999 0 0 0 0 0 0.341018268515331 1.31674186239955 1.91377044743286 2 3.26139162405221 3.97602614206382 4.73130683182065 4.91067550000003 3.10337790041117 2.98267701999987 1.99207232735719 1.60462391875853 0 0 0.374464980000113 1 1 1 1 1 1.80303538000022 2 2 2 2.08082152173603 2.91067550000003 2.91067550000003 2.93774387661144 3 3
-9999 -9999 -9999 -9999 -9999 -9999 -9999 -9999 -9999 -9999 -9999 -9999 -9999 -9999 -9999 -9999 -9999 -9999 -9999 -9999 -9999 -9999 -9999 -9999 -9999 0.983072133056326 0 0 0.157315543688604 0.982103900000111 0.982103900000111 0.98880540567929 1.44589578000012 2 2.57821620495315 3.65409954483632 4.7185164253747 4.99647514441468 4.14118335420372 3.05507369600683 2.98267701999987 2 1.67964043999988 0 0 0.374464980000113 1 1 1 1 1 1.01437120146393 1.87671038874678 2 2 2.08874898000004 3 3 3 3 2.5620887295669
-9999 -9999 -9999 -9999 -9999 -9999 -9999 -9999 -9999 -9999 -9999 -9999 -9999 -9999 -9999 -9999 -9999 -9999 -9999 -9999 -9999 -9999 -9999 -9999 -9999 -9999 1 1 1 1 1 1 1.42202595333643 1.97416125320103 2.58875258000003 3.62483997372446 3.98563243281298 4 3.9531878141124 3.05120903242492 1.93007205896216 0.995248934500425 0.79486271203686 0 0 0.374464980000113 1 1 1 1 1 1 1.87446378000006 2 2.07085288000025 3.05353229999998 3.0449576364406 3 2.98377788336599 2.59205096317127 2
-9999 -9999 -9999 -9999 -9999 -9999 -9999 -9999 -9999 -9999 -9999 -9999 -9999 -9999 -9999 -9999 -9999 -9999 -9999 -9999 -9999 -9999 -9999 -9999 -9999 -9999 -9999 -9999 1 1 1 1 1.05571944879588 1.57763968834035 2.51518164547639 2.87503929999995 3.51522625974858 3.7500785999999 2.98488632597899 2.75683965115689 0.997835308293097 0.797378354570661 0 0 0 0.374464980000113 1 1 1.07357063461798 1.12496070000005 1.12496070000005 1.12496070000005 1.89015087392661 2.11819934893737 3.01732058000027 4 3.85983849752895 3.09601907960718 2.69696581999998 2 1.94428115101546
-9999 -9999 -9999 -9999 -9999 -9999 -9999 -9999 -9999 -9999 -9999 -9999 -9999 -9999 -9999 -9999 -9999 -9999 -9999 -9999 -9999 -9999 -9999 -9999 -9999 -9999 -9999 -9999 -9999 -9999 1 1.07354131173762 1.55471580907215 2 2 2 2 2 1.82826437392926 1.04347970526106 0.982677019999871 0 -9999 0 0.0595130812133165 0.497313239596433 1 1 1.58875018000017 2 2 2 2 2.94589217999999 3.01732058000027 4 4 3.81387907068895 2.95286752987955 2.24569746186033 1.55410901999976
-9999 -9999 -9999 -9999 -9999 -9999 -9999 -9999 -9999 -9999 -9999 -9999 -9999 -9999 -9999 -9999 -9999 -9999 -9999 -9999 -9999 -9999 -9999 -9999 -9999 -9999 -9999 -9999 -9999 -9999 -9999 -9999 2 2 2 2 2 2 1.35973116616208 1.01449037832084 -9999 -9999 -9999 -9999 1 1 1 1 1.58875018000017 2 2 1.7849330721168 1.73218250000001 2.67807468 2.74950308000028 3.75595102995117 4 4 3.91884214349785 3.08354497201901 1.67352642753597
-9999 -9999 -9999 -9999 -9999 -9999 -9999 -9999 -9999 -9999 -9999 -9999 -9999 -9999 -9999 -9999 -9999 -9999 -9999 -9999 -9999 -9999 -9999 -9999 -9999 -9999 -9999 -9999 -9999 -9999 -9999 -9999 -9999 -9999 2 2 2 2 -9999 -9999 -9999 -9999 -9999 -9999 1 1 1 1 1.38901909531083 1.66075409999997 1.66075409999997 1.13014518021979 1 1.94589217999999 2.01144464424956 2.74950308000001 3.66075409999997 3.66075409999997 3.35771991999995 2.41332641496835 2
-9999 -9999 -9999 -9999 -9999 -9999 -9999 -9999 -9999 -9999 -9999 -9999 -9999 -9999 -9999 -9999 -9999 -9999 -9999 -9999 -9999 -9999 -9999 -9999 -9999 -9999 -9999 -9999 -9999 -9999 -9999 -9999 -9999 -9999 -9999 -9999 -9999 -9999 -9999 -9999 -9999 -9999 -9999 1.09511552719584 1.41067430000008 1.25689115646399 1 1 1 1 1 1 1 1.94589217999999 2 2.0523020547628 2.58932569999992 2.58932569999992 2.41073986974751 2 2
