catData/variables/futureClimate2070/rcp85/GFDL_CM3_2070_rcp85/bio15.asc
NCOLS 409 
NROWS 350 
XLLCORNER 60.897278365 
YLLCORNER 5.843756025 
CELLSIZE 0.0892857 
NODATA_value -9999 
[rows 78 to 103 of 350, columns 0 to 58 of 409]
-9999 -9999 -9999 -9999 -9999 -9999 -9999 -9999 -9999 -9999 -9999 -9999 -9999 -9999 -9999 -9999 -9999 -9999 -9999 -9999 -9999 -9999 -9999 -9999 -9999 -9999 -9999 -9999 -9999 -9999 -9999 -9999 -9999 -9999 -9999 -9999 -9999 -9999 -9999 -9999 -9999 -9999 -9999 -9999 -9999 -9999 -9999 -9999 -9999 -9999 -9999 -9999 -9999 -9999 -9999 -9999 -9999 -9999 -9999
-9999 -9999 -9999 -9999 -9999 -9999 -9999 -9999 -9999 -9999 -9999 -9999 -9999 -9999 -9999 -9999 -9999 -9999 -9999 -9999 -9999 -9999 -9999 -9999 -9999 -9999 -9999 -9999 -9999 -9999 -9999 -9999 -9999 -9999 -9999 -9999 -9999 -9999 -9999 -9999 -9999 -9999 -9999 -9999 -9999 -9999 -9999 -9999 -9999 -9999 -9999 -9999 -9999 -9999 -9999 -9999 -9999 -9999 -9999
-9999 -9999 -9999 -9999 -9999 -9999 -9999 -9999 -9999 -9999 -9999 -9999 -9999 -9999 -9999 -9999 -9999 -9999 -9999 -9999 -9999 -9999 -9999 -9999 -9999 -9999 -9999 -9999 -9999 -9999 -9999 -9999 -9999 -9999 -9999 -9999 -9999 -9999 -9999 -9999 -9999 -9999 -9999 -9999 -9999 -9999 -9999 -9999 -9999 -9999 -9999 -9999 -9999 -9999 -9999 -9999 -9999 -9999 -9999
74.3035977 74.8345797428343 -9999 -9999 -9999 -9999 -9999 -9999 -9999 -9999 -9999 -9999 -9999 -9999 -9999 -9999 -9999 -9999 -9999 -9999 -9999 -9999 -9999 -9999 -9999 -9999 -9999 -9999 -9999 -9999 -9999 -9999 -9999 -9999 -9999 -9999 -9999 -9999 -9999 -9999 -9999 -9999 -9999 -9999 -9999 -9999 -9999 -9999 -9999 -9999 -9999 -9999 -9999 -9999 -9999 -9999 -9999 -9999 81.5740888000003
74 74 74.4392231659133 76.7231359308309 78.1909508075742 -9999 -9999 -9999 -9999 -9999 -9999 -9999 -9999 -9999 -9999 -9999 -9999 -9999 -9999 -9999 -9999 -9999 -9999 -9999 -9999 -9999 -9999 -9999 -9999 -9999 -9999 -9999 -9999 -9999 -9999 -9999 -9999 -9999 -9999 -9999 -9999 -9999 -9999 -9999 -9999 -9999 -9999 -9999 -9999 -9999 -9999 -9999 -9999 -9999 -9999 86.9829277369879 87.848771889125 85.5796057325028 81.2289528258689
-9999 -9999 74.0453943665415 74.3561613600005 76.3959813028555 77.0834904726616 76.4014262787382 76.342669766951 78.5020654150525 -9999 -9999 -9999 -9999 -9999 -9999 -9999 -9999 -9999 -9999 -9999 -9999 -9999 -9999 -9999 -9999 -9999 -9999 -9999 -9999 -9999 -9999 -9999 -9999 -9999 -9999 -9999 -9999 -9999 -9999 -9999 -9999 -9999 -9999 -9999 -9999 -9999 -9999 -9999 -9999 -9999 -9999 85.2515437326355 83.8041504200001 83.226844023079 85.1413054400006 88.0027885174275 87.4596747584768 86.0051402437453 80.467938626858
-9999 -9999 -9999 73.1082009391015 74.4290733238477 77.1458890229487 78.7130653838431 80.3520641650087 78 77.6735658788536 77.2679374999999 -9999 -9999 -9999 -9999 -9999 -9999 -9999 -9999 -9999 -9999 -9999 -9999 -9999 -9999 -9999 -9999 -9999 -9999 -9999 -9999 -9999 -9999 -9999 -9999 -9999 -9999 -9999 -9999 77.0525838222012 77.7495030800002 78.8209314799999 79.0893124999999 79.0112108818987 78.3075390212286 81.2290747239494 -9999 82.8582462399999 81.4309291429764 82.0460887558536 82.1844883772211 82.7822098100984 82.6035480622474 83 83.7781142936526 85.707200665801 86.1244935904474 86.0112110962487 79.4631683927266
-9999 -9999 -9999 74.9475122327188 74.0047626170238 74.5285120966872 78.1718665956959 81.978320652187 80.4573255584066 77.9920252977499 78.4902023451015 78.3859943875469 78.0057299003909 79.4026250629367 -9999 -9999 -9999 -9999 -9999 -9999 -9999 -9999 -9999 -9999 -9999 -9999 -9999 76.736421090078 77.0143618225705 76.1746844304377 74.1787558278674 72.0712263794842 -9999 -9999 -9999 -9999 -9999 75.4459053800002 76.0092520490549 76.0178841 76.6780746800002 78.4680377129998 79 78.1411634322971 78.0009674550545 78.0716048351882 79.2621802292728 81.0300385142183 80.7766667710784 80.0303484918123 80.0312783816724 80.483606133031 80.0109773583992 79.0715364 78.4349619628597 79.5705377599999 81.6846710865467 82.0715364 76.3792091179767
-9999 -9999 -9999 -9999 73.0975825398792 73.32039316 75.9016955251673 80.0888981389056 83.2539516095458 82.6803530053526 80.0447109078708 78.9904940683856 78.2862603199999 79.4097032600001 79.9464557 76.6358271820784 75.1134278516043 74.0352786021238 73.0792599768919 73.8929114 73.9053134689103 73.9464557 74.3610375525331 75.0774201199446 75.0516877927544 74.379710432699 75.2314920890213 75.9712597093143 73.6338493983348 73.9280224800001 73.3102293427659 70.1587765212607 70.1375549069523 71.16019178 72.2192182395962 72.9464557 73.3409837877603 74.4220296885619 74.9464557 74.9464557 75.5712968375275 75.9712594523016 76.0859972196579 78.4963999724648 77.9441106971852 75.0863533382739 77.0399693245414 78.1516121517805 79.1656716681026 79.9253641911516 80.3143216422384 80.4412152458639 79.4568244666102 78.3797154897116 77.2862675199998 76.9856295976445 78.6060899600003 78.8127077399971 72.2658056373582
-9999 -9999 -9999 -9999 -9999 73.4253456608666 75.5211435582764 78.045485342572 80.9048726417053 82.5693553008478 81.1420530574701 78.9182327374842 77.6722564191661 78.4724336633168 78.8750273 78.9843134991802 76.0440602608151 74.7175465391891 72.8195414175826 72.2299255008011 72.3276487807966 72.9621269007918 73.9048660415742 76.1267159792178 75.8446880384445 73.9696298384538 73.8276322807685 75.313917362291 74.3446736384818 74.8744781800001 77.4830822422489 73.4695536385098 71.6943712037014 71.2251056822068 71.7790007992691 71.8750273 72.6239812600001 73.8750273 73.9396798992878 74 73.9174942007028 75.0639680620944 77.1062039600003 76.1883000372448 75.8817878006841 75.8728612006794 75.92757656 77.7700738993299 77.9039731993346 78.5303473613214 79.0947036386878 78.3901772806515 78.8103750006467 77.7196928387158 76.3398118199998 76.73161658 78.3050138618841 75.1271883799993 70.2502086981445
-9999 -9999 -9999 -9999 -9999 75.016350941887 76.077409619141 79 79.3744817800001 79.7292443197063 79.1895904676311 79.5887669800001 79.6110107034592 78.2349325703563 77.9613192315094 78.0157358407968 74.6059137083437 73.1790637199998 72.3390652663314 73.6748670331656 72.8180362820125 72.1494228033123 72.4480275421593 74.0006398815098 75 74.7687319776939 74.7368604274843 74.5030512514465 74.5505220601468 74.9484360505661 75 76.8035989 76.3946484509433 71.844555698197 70.1861297218659 70.8035989 71.4790051692034 72.6071978 73.12453158 73.6071978 73.0766693761215 72.5030522373586 73.6834581824321 75.4054555497693 74.8470702414466 74.5966734955555 74.1600892058909 75.96378828 77.0352166800002 77.7440802968972 77.5336505805659 77.3232208642347 77.0018775762896 76.8035989 76.4027340895179 76.6406370778195 75.6851160851568 72.2563982475048 69.9117953400001
-9999 -9999 -9999 -9999 -9999 -9999 77.5800849322574 79.4301627704774 79.9773757442069 80.4748838788914 79.836051873212 79.74645614587 78.9945225541105 77.9472466376288 78.3914596161567 74.8035249834985 72.6293538691588 73.9873060818166 73.2678294999999 73.2678295 72.5274452593696 70.8181389551042 73.0840245097886 74.3264805222366 74.7321705 73.8700183861581 73.7512033242632 75.46324276 76.8030497800001 75.7194657474203 76.0423423727361 75.7275276809741 75.2455977633674 72.5194246599999 69.9379652830007 69.8945011993142 70.64230648 71.1484028850272 71.3787765323695 71.7321705 71.7321705 72.6075610231884 73.3588415565236 73.6985514109196 74.2388525871546 73.280519903765 74.0649881711071 74.89235988 75.7776860573746 75.7879652337327 75.2904570990482 74.7929489643637 75.2932085503205 75.8423127625025 76.0387229396895 75.072997914374 72.6818758309415 70.9159842762572 69.0937073407866
-9999 -9999 -9999 -9999 -9999 -9999 -9999 81.31544070014 81.6255182199999 80.8566469225108 80.5121996204796 81.1350778615519 81.890758183583 80.7849615871928 80.0668161038227 76.2209459903228 73.7698855375621 73.6607421 73.6908565921147 74.054347141099 74.1862151100833 73.7759419018646 74 73.8487222629635 73.3097213279583 73.3817123700104 73.8847177839896 74.9668260940522 76.3969749619584 76.9574157309427 78.250000600146 75.6435377332656 73.6020923978957 72.57377098688 69.9504797682709 69.0612160103024 70.35670328 70.8388747656349 70.6607421 70.6607421 70.4367672302293 70.0862802575099 71.0612144245216 71.8992871632763 73.2322237285838 72.9939867293849 73.6607421 73.7665859673389 74.1725612865817 73.98156198 74.7989034607717 74.9920746542044 74.8067175424171 74.0542086199998 73.2067542755515 71.0355832645361 70.6081966340814 70.3818437974953 69.3933561200001
-9999 -9999 -9999 -9999 -9999 -9999 -9999 83.3938593486652 82.0362045199999 82.0397256819567 82.9137834454651 83 82.6109378178892 81.3785946567997 80.526750348511 77.4281073661777 73.2163640799999 73.417806524444 73.8007737107356 73.6179287698685 74.0533137611302 75.0703256770627 75.3858524509985 75.1968374199998 73.6080728399999 73.0948817192063 74.0708792800002 73.8097525448938 75.5252148028643 76.5153419718251 76.5893137 75.302153357593 72.1786274 71.9898209788372 70.4002626947291 68.5351442000405 68.8882644492973 69.2627781493378 69.8017755959732 70 69.6109406465949 69.5413734961881 69.919114257217 69.6408647774722 69.9777835878387 71.0275469068507 72.6986724553817 73.8213726 74.0943636618354 75.1785892656067 75.0610475402957 73.4699476850149 71.859521409674 70.5898676199999 69.907497159052 69.2061026587766 71.0793353684306 71.0739745568806 70.0540982200001
-9999 -9999 -9999 -9999 -9999 -9999 -9999 -9999 84.3734338489797 84.1231846073425 84.1974742857048 83.7659679159326 83.3276496048597 81.8894790192075 81.0949514391549 77.9236776224822 73.2424421558799 75.4386056627274 74.8652637273949 73.4763844580649 74.1412118400005 76.9063407276926 77.7970827381653 77.2869562155823 75.7159122627801 73.9291207199999 74.1780782800002 74.1128188063968 75.5990545324607 74.7352036437781 75.0096913670448 73.4474447399996 71.3537323090409 69.8813089760857 69.0549708143786 69.1569444047679 69.1434083199999 68.5178853 69.2846333001446 70 70 68.915656754943 69.3209326800002 69.4866047766639 70.4280188799999 71.9815619800002 73.1021334202668 74.4406556451181 74.1474369365195 74.2256792636863 72.8047067399999 71.1077529199999 69.0201670138616 67.2845164647068 67.0479258726885 68.1201102879817 70.1239752600003 70.0962888287433 69.5459019728942
-9999 -9999 -9999 -9999 -9999 -9999 -9999 -9999 -9999 86.1192174665648 84.125410538677 84.1334965785739 84.0450558372507 82.416934024785 81.1969478199998 78.8606209511428 75.3948023673211 78.0724114399996 75.9691847349648 74.6250628970009 75.6948677400006 78.1352992010728 78.1120790937825 77.3067139251446 75.1616235871805 73.1835988907833 73.6601929800002 73.921653446577 73.8069182506489 72.6145771479185 72.8687634193964 72.3238920571351 71.2784354730633 69.3218325944957 68.4421148075405 69.5535431 69.1790661199999 68.5535431 69.0154775713682 69.4464569 69.4464569 69.1981668546241 69.465612243828 69.9439588458639 70.94590418 72.9981439198716 72.8437807719717 72.17918132 71.3145676320873 70.62619214 68.2760475201154 66.2328384199997 64.7548767432499 63.8929138 64.5531019800002 66.7611282697045 69.0525468600003 69.5401009312654 69.5535431
-9999 -9999 -9999 -9999 -9999 -9999 -9999 -9999 -9999 -9999 85.6895651017524 85.3083544441535 84.3398046199999 83.4512404624445 79.937467192435 78.4691752196069 77.6655428481881 78.3620244767692 77.6693442707011 77.6242735151705 75.2605952062308 76.5038819510942 77.3750285 76.6504410658714 74.6506733852566 73.9929325827095 74.497534183 72.9788650974186 71.0700954944185 70.750057 70.1588923458375 69.7717247369064 70.91123662 69.7396929229657 68.4618926686752 68.9394537256155 69.234588959906 69 69 69 68.5873997029314 69.10664748 69.3750285 68.8285060600597 69.69596118 71.1185852885214 70.66129602 69.58986762 68.228930197213 65.89402164 63.8447621399488 62.3041540199998 62.0733743685557 62.0070704171537 62.8228439771372 65.5698782399999 67.9811184600003 69.7960228200089 70.5911616542992
-9999 -9999 -9999 -9999 -9999 -9999 -9999 -9999 -9999 -9999 -9999 87.8737681239812 85.7461242301623 83.6773944455407 80.1630233935397 78.174823423072 79.3174618381622 78.0120737496984 78.8121149796847 79.7568251546628 78.1593956169002 76.6400782991654 76.1287750055682 76.1081844399996 75.2032095480368 76.3915799746357 74.3306497484831 72.2444393276096 71.512388012974 72.0017863171043 71.8020223677213 69.7189977816617 70.91123662 69.5680589004271 67.4649003701901 68.0920055791929 68.5643858314243 68.6894715379584 68.3036001 68.3036001 67.6434095199998 68.03521908 68.3036001 67.42912432 67.5907767036384 67.2144004 67.1874525575959 66.639055051787 64.6808456588297 62.9378319283421 62.3647413599354 61.4787507013635 60.7726531948046 60.1420650238321 62.543486425067 66.4007473531502 68.9988897600003 69.9237802112308 70.2871758749982
-9999 -9999 -9999 -9999 -9999 -9999 -9999 -9999 -9999 -9999 -9999 -9999 -9999 84.3045807399999 82.5918841403612 80.5545237399999 80.7427114918638 79.4997454559522 77.6212660579557 79.1091700751006 78.3567909836859 77.7889204163602 77.1898360628087 76.450565052674 75.8879391203821 74.9171786271917 72.7342748875263 72 71.3833956526071 71.4352007856635 71.4643434 69.2628169682243 70.7749265496646 68.4757671884455 68.589432250945 68.7678283 68.5672372341149 68.1286450898862 68 68 67.8467224307174 66.8141740070166 66.4643434 66.2613148715486 65.5058797015077 66.0133084454362 66.6996751076203 65.67962124 64.2481351850689 64.4436096471565 61.6759864796906 59.2254925258032 58.9655793561682 60.040826200986 63.4085810200008 66.5707827902534 68.8382616600003 69.2321717 68.5058815442957
-9999 -9999 -9999 -9999 -9999 -9999 -9999 -9999 -9999 -9999 -9999 -9999 -9999 -9999 -9999 -9999 -9999 82.5094094969762 81.8405853820212 79.5446184811339 77.8056091978636 76.1433930383736 74.6863744347074 75.3406044280526 73.4531308895651 72.359053315463 72.0546217017579 72 71.8709151282985 72.5731683715689 71.0907965303218 69.8448296637813 70.1179389441389 69.4353791060502 68.1607433 68.1607433 68.1005486344608 68.3742290777312 67.536729176996 66.3214866 66.8755559675421 66.9255376016243 68.1871824881652 67.7838604426473 64.3510399581311 62.6893987477872 65.3072188671636 65.1092445608677 64.7193319388875 63.6666815969744 61.2914055804892 59.3933537199998 58.9224142532147 60.1775195600002 62.5326180133488 66.012747993192 67.9321290801338 65.9590203705897 65.490925826407
-9999 -9999 -9999 -9999 -9999 -9999 -9999 -9999 -9999 -9999 -9999 -9999 -9999 -9999 -9999 -9999 -9999 -9999 82.0655305797076 81.2092089343344 77.5574421875701 75.4290790040527 74.0110248651303 73.2868142399996 72.0862181416338 72 72 73.3325533792149 73.0900447307956 71.3960405335964 70.1482396683979 70.926471807995 71.6596992248167 69.6796164399999 67.7890669532145 67.3652967263822 67.6589693940209 67.1291408944242 67.040012955518 66.9106851 66.3684242312671 67.4218639079264 67.3228100093197 63.9150378305292 62.2472203082612 62.9311137952992 64.0084815980526 63.0327477184557 62.247257781141 62.1244967214758 61.2510508399999 59.5540970199998 59.9422519590568 60.9265402417495 61.7191528212781 65.0157812199998 64.6983965862523 63.326579215025 63.1786298
-9999 -9999 -9999 -9999 -9999 -9999 -9999 -9999 -9999 -9999 -9999 -9999 -9999 -9999 -9999 -9999 -9999 -9999 -9999 80.8490963803982 79.5009818399996 78.2510164159388 77.8072237362911 75.5103434904929 74.9463405 74.9463405 74.2979560617367 73.2718640574401 71.4261506898897 72.722163944134 72.9473080419569 70.9662602263589 68.9633084538036 68.3446954789082 69.9600841256505 69.9517609784262 69.5897500199999 68.5262973065792 68.490193989344 67.8077644294649 66.3398094199998 63.8705735744289 62.2863851199997 61.168032786883 61.0188540848844 60.0539695191921 60.3314784469249 62.9971347726546 62.9821135 62.3868620109972 61.0044904208496 60.0982831836514 59.5265846277283 60.0178865 60.6780746800002 62.5072917799162 63.0249321719304 61.284581008111 61.964755907812
-9999 -9999 -9999 -9999 -9999 -9999 -9999 -9999 -9999 -9999 -9999 -9999 -9999 -9999 -9999 -9999 -9999 -9999 -9999 -9999 79.9875984869839 79.0859829357981 77.461512842484 77.5837593702338 76.9446016759681 76.8298690514682 75.5007944265155 74.10775292 73.0793213310156 71.2376022865312 70.1047390555157 68.9455299522343 68.9769270199844 69.67918252 69.0585930954846 69.48278382 67.7025018780307 65.4708854412652 64.4568233535154 63.9369531084693 63.2680734780151 62.9464581 62.8604647349695 61.1840649295303 60.00055392 59.0535419 59.2215589969699 61.26683686 62.7272415760148 62.0162256682649 62.3879163189702 62.0546521399996 61.5468861950444 62.0755604827352 61.9474987114557 62.0104326252941 63.6166353059857 61.3765798599995 60.0034528414855
-9999 -9999 -9999 -9999 -9999 -9999 -9999 -9999 -9999 -9999 -9999 -9999 -9999 -9999 -9999 -9999 -9999 -9999 -9999 -9999 -9999 78.8371573281141 78.6564617990751 77.6640284690385 75.6550683976153 73.7196864123838 72.3398070199999 71.26837862 70.7992852561568 70.6407755995019 70.5068788709253 67.7348907776509 66.8750297 66.7748955644124 66.1920493132387 65.7348234919572 64.7972918205337 64.1942156708898 64.1249703 62.9474459399997 61.9599618703204 61.7835990565837 60.3446787839853 60 59.1723057491459 60.1249703 60.1249703 60.3852923153738 61.7790047434519 62.2159476520284 62.6723236206049 61.4003382275442 62.3752535467259 63.4626330336653 61.0194354599994 62.1034193965123 63.6780746800001 61.3608927606401 58.989986810783
-9999 -9999 -9999 -9999 -9999 -9999 -9999 -9999 -9999 -9999 -9999 -9999 -9999 -9999 -9999 -9999 -9999 -9999 -9999 -9999 -9999 77.30415162 75.9317911034088 74.270117811688 73.08986642 72.491570001882 71.7506109199999 70.8228720079243 69.3165389056544 68.4690145754606 67.6326656426334 66.5891960999999 66.5717630875603 66.5558736732866 67.0840332467371 66.0595183471488 66.1963987 65.7504933199997 65.0947950181419 63.9381077667609 61.8760175399995 60.46477972 60.1963987 60.1963987 60.1963987 60.9931918076406 60.6072026000001 60.4784742059859 60.1261979417781 61.80249106 63.269945020695 63.8387003800001 64.7069223589975 63.9381120954041 61.3454942603068 61.568653469579 62.8030449800002 60.9075623699664 57.9552711399199
-9999 -9999 -9999 -9999 -9999 -9999 -9999 -9999 -9999 -9999 -9999 -9999 -9999 -9999 -9999 -9999 -9999 -9999 -9999 -9999 -9999 74.8934677199999 73.9223350463551 72.9308088027543 71.8890475688145 71.1045767300441 69.9664707487261 69.3397061674966 69.2678271 70.3765142349629 70.2823147838077 69.521725867734 68.6196362813483 67.1124815596436 65.4994472800002 66.4897110576595 67 66.5540946199998 65.3441102139706 63.9857242527407 62.3207815684883 61.00055392 60.947250750948 61.2342083121777 61.2678271 60.7067920092735 59.2678271 59.3965362712886 60.6420947033489 63.14174656 64.8098343392149 65.7137300800002 65.6119403567556 64.2535543955258 62.7654291114071 62.2678271 62.8557948718372 59.736314149392 56.8693472787557
