catData/variables/futureClimate2070/rcp85/GFDL_CM3_2070_rcp85/bio17.asc
NCOLS 409 
NROWS 350 
XLLCORNER 60.897278365 
YLLCORNER 5.843756025 
CELLSIZE 0.0892857 
NODATA_value -9999 
[rows 216 to 242 of 350, columns 122 to 182 of 409]
-9999 -9999 -9999 -9999 -9999 -9999 -9999 -9999 -9999 -9999 -9999 -9999 -9999 -9999 0 0 0 0.731602179999955 1 1 3.5167828049919 4.03463156000043 6 6 6 6.30302937999996 6.87297032820656 6.66076369999996 6.31894100405516 5.80027700981377 5.22454641631697 4.26840022000007 4 3.4221908347098 3.33923630000004 3 3 3 3.15303193463565 3.66076369999996 3.66076369999996 4.10664748000011 5.35356694988823 6.58874058000005 7.66016898000013 8 7.74180520882366 7.08517939891426 7 7.01143846719553 7.779606698936 9 9 9 8.75257506345921 8.18797715040984 8.34181952427911 8.86048506185198 9 9 8.19697661999992
-9999 -9999 -9999 -9999 -9999 -9999 -9999 -9999 -9999 -9999 -9999 -9999 -9999 -9999 -9999 0 0 0.43115899023089 0.919111612226584 1 2.11488964571686 3.63107783959944 6.03644410205651 6.34488747548613 6 6.17858591057108 6.36865411188632 6 5.7875571631986 5.24236827925874 4.72889091828361 4.15817772417379 4 4 4 3.40355470599629 3 3 3 2.87555751616633 2.58933529999995 3.21832780874875 4.82218250879407 6.41985085366358 7.38906088387904 7.8897765185785 8.47325143896406 7.19953440349278 7 7.00710900840847 7.55170132913481 9 9 9 9.15377462069581 8.96478331999978 8.41066470000005 8.75762889193189 9 9 8.52674997544068
-9999 -9999 -9999 -9999 -9999 -9999 -9999 -9999 -9999 -9999 -9999 -9999 -9999 -9999 -9999 0 0 0 0.415895078293066 0.517906899999972 0.973912679275046 3.04359952194142 5.60665108000013 6.35773432 5.51790689999997 5.3718185268047 5.03581379999994 5.2507724507634 5.00059231999986 4.51790689999997 4.17599958711539 4 4 4 4 3.98268661999981 3 3 2.88834792261211 2.36096713617176 2 2.6768100662603 4.03521908000006 5.69538806000008 6.83616981009209 7.73159738000007 8 7.12554581999959 7 7.01731098000016 8.04595873720393 8.59512268158034 9 9.14608605914856 9.67602488206756 9.76907495671635 9.23270162449939 8.71617338571533 8.51790689999997 8.87060379185269 9
-9999 -9999 -9999 -9999 -9999 -9999 -9999 -9999 -9999 -9999 -9999 -9999 -9999 -9999 -9999 0 0 0 0 0 0.945887379999937 3.03463156000043 5.03962236837019 5.37496488674043 4.87180387814881 4.14344911999997 3.44647849999994 3.89236468000012 3.92916391999982 3.44647849999994 3.81189755251474 4 4 4 4 3.99226994806759 3.50440101682172 3 2.76840141999983 2 2 2.44588378000015 3.51731218000009 5.17748116000011 6.66016898000013 7.73159738000007 7.55550796571562 7.05605350939468 7 7.01731098000016 8 8.16016778000009 9 9.30302458000032 10.2072677751691 10.3067165697202 9.7690323053902 8.63890407949885 8 8.32664142927794 8.8909692058327
-9999 -9999 -9999 -9999 -9999 -9999 -9999 -9999 -9999 -9999 -9999 -9999 -9999 -9999 -9999 -9999 0 0 0 0 0.945887379999937 3.01298857004132 3.75010019999993 3.85020003785367 4.14344911999977 3.07202072 2.37505009999997 2.82093628000015 3.18103121503948 3 3.66017138000016 4 4 4 4 4 3.96671738653678 3.52485156202608 2.91313892941109 2.62494990000003 2.62494990000003 2.79217865627745 3.51731218000009 4.80954779340311 6.44779161803431 7.27438567052874 7.57572608181689 7.62494990000003 7.03382067621732 7.01731098000017 8.05545766665732 8.68502084190584 9 9.30302458000032 10.1404386275943 10.2078222438427 10.3232926952802 9.44747353999964 8.21237886184546 8 7.7993246179426
-9999 -9999 -9999 -9999 -9999 -9999 -9999 -9999 -9999 -9999 -9999 -9999 -9999 -9999 -9999 0 0 0 0 0 0.945887379999937 3.70843663343977 4.33095707879669 3.63346946206601 3.07202071999976 2.21161540449443 1.73923572774179 2.06001334002217 3 3 3.66017138000016 4.50947021107676 4.69637830000005 4.08742571339569 4 4 4 3.95136885765912 3.69637830000005 3.69637830000005 3.69637830000005 3.69637830000005 4.21369048000013 5.2851188800001 6.0972615559898 6.81309023976889 7.24381605246742 7.91257261529658 7.71280952306009 7.71368928000021 8.72332150141271 9 9 9.30302458000032 10 10 10.1570664748303 9.94611432586688 8.57648603930224 7.49053313153894 7.05980637622462
-9999 -9999 -9999 -9999 -9999 -9999 -9999 -9999 -9999 -9999 -9999 -9999 -9999 -9999 -9999 -9999 0 0 0 0.671415463719367 0.987435412190544 3.24950908000014 4.27972587198003 4.48465253991983 2.94622380417054 2.53513871173924 1.91305341235115 2.31722466355886 3 3.45204080462208 3.92109407128782 4.1698725671974 4.8487637168929 4.79695704098312 4.76780670000008 4 4.06813653325403 4.76780670000008 4.76780670000008 4.76780670000008 4.76780670000008 4.76780670000008 5.28511888000017 5.90450831811416 6 6.73159738000007 7.61656857415688 7.9708491017531 8.72625498233729 8.01731098000016 9 9 9 9.07036027721136 9.23219329999992 9.23219329999992 9.23219329999992 9.23219329999992 8.41874046323965 7.83012854733039 7.15123996857931
-9999 -9999 -9999 -9999 -9999 -9999 -9999 -9999 -9999 -9999 -9999 -9999 -9999 -9999 -9999 -9999 0 0 0.673931449109509 0.979817410473831 1 3.03184779036027 4.77902481844647 4.10926464238711 3.83923510000001 3.53620572000005 2.83923510000001 2.91091794713912 3.43414855327786 4.4279780800001 4.83923510000001 4.83923510000001 4.96833384505491 5 5.79381987577873 4.83923510000001 4.85350166338756 5 5 5 5.31425609827984 5.83923510000001 5.4882542017729 6.14894841906081 6.83923510000001 6.95685027963598 7.80302578000011 8.73387264119808 8.99129981838543 8.84201809796864 9 9 9 9 9 9 9 9 8.89386838578291 8.22525491380009 7.19697661999992
-9999 -9999 -9999 -9999 -9999 -9999 -9999 -9999 -9999 -9999 -9999 -9999 -9999 -9999 -9999 -9999 -9999 0 0.803030580000166 1 1 1.19753571118016 2.42171357669049 3.85413667769319 3.30024705905039 3.97292841579364 3.91066350000002 4.31671576928062 4.86754207397621 5.49940648000011 5.91066350000002 5.91066350000002 5.91066350000002 5.11432781025904 5.08450205351574 5 5 5 5 5 5.03345253305536 5.08933649999998 5.51421896086293 6.55200010282524 7.60119179391836 7.91066350000002 8.71368928000013 8.98878417585161 9 9 9 9 9.21090618786564 9.91066350000002 9.56966283864781 8.59395210190411 8.08933649999998 8.08933649999998 8.08933649999998 8.02397836506921 7.19697661999992
-9999 -9999 -9999 -9999 -9999 -9999 -9999 -9999 -9999 -9999 -9999 -9999 -9999 -9999 -9999 -9999 -9999 0 0.803030580000166 1 1 1.99940768000031 3.0724253196501 3.99713161342012 3.98623943351002 4.29760269956002 4.9820919000001 5.42797808000028 6.49014235877017 6.97472706816028 6.33374293509005 6 6 5.98434014411979 5.9820919000001 5 5 5 5.22745108946969 5.6844915574605 5 5.43789884867957 6.49940408000019 6.99263512518074 7.66016898000013 8 8.80302578000011 9 9 9.01700097323923 9.89494167369067 9 9.00414744755104 8.72031011448066 8.0291104585887 8.00992321165876 8 8 8 8 7.19697661999992
-9999 -9999 -9999 -9999 -9999 -9999 -9999 -9999 -9999 -9999 -9999 -9999 -9999 -9999 -9999 -9999 0 0 0.803030580000166 1 1 2.03463156000043 4.08874418000015 5.00857248453337 5.06591565392991 5.39385175667356 6.07356139272294 6.52906281788072 7.05352030000001 7.05352030000001 6.39334891999984 6.01436486029447 6 6 5.94937595210491 5 5.00474948668814 5.04494794391535 5.23159858000017 6.0162180948777 6.40793471572579 7.02386383367075 7.05352030000001 7.05352030000001 7.71368928000014 8.74596236874325 9.80302578000011 10.0468010500499 10.0535203 10.0525938111571 9.91600997823903 9.0535203 9.04112520296754 8.71319338642868 8.03347946417451 7.97613629477797 7.45685649461832 7 7 7.73159498000013 8
-9999 -9999 -9999 -9999 -9999 -9999 -9999 -9999 -9999 -9999 -9999 -9999 -9999 -9999 -9999 -9999 -9999 0 0.803030580000166 1 1 1.90968286000039 3.98597241984729 5.26510792435336 6.2316009800002 7.03786312709281 7.45261846718416 8 8 8 7.33982861999984 6.35981266143138 6.02461137284562 5.8907377871225 5.0473534186006 5.00216328432363 5.21369048000016 5.96477852000009 5.32760933850733 6.30302698000011 7 7.44588378000015 8 8.07356237010828 8.7026304241688 9 9.80302578000011 10.7651922669998 10.8750513 10.8599033044465 10 9.9799872441071 9.64345511999974 8.87505129999996 8.50059831999999 7.48488221878494 7 7 7 7.64018313832256 7.87505129999996
-9999 -9999 -9999 -9999 -9999 -9999 -9999 -9999 -9999 -9999 -9999 -9999 -9999 -9999 -9999 -9999 -9999 0 0.803030580000166 1 1 1.03463156000043 3.26623254000046 6.03145422675993 6.42797808000028 7.43989844914083 8.07353493290887 8.10881526504153 8 8 7.46947116110732 7.052707656843 6.19697181999986 5.12554341999986 5 5.01731338000019 6.07131492659485 6.67490647545485 5.95451934249543 6.10664988000002 6.80362289999992 7.33706804365357 8 8.58874058000006 9.12964206980244 9.05270812814801 9.80302578000011 10 9.81425032199902 9.80362289999992 9.78619651789963 9.47853130414961 8.61750690619924 7.9404929117508 7.50270391029873 7 6.89841220560187 6.91923759644768 6.87035840150256 6.80362289999992 6.80362289999992
-9999 -9999 -9999 -9999 -9999 -9999 -9999 -9999 -9999 -9999 -9999 -9999 -9999 -9999 -9999 -9999 -9999 0.267805500000024 1.07083608000019 1.03362057563157 1 1.29779979887961 3.26623254000046 6.16017257999997 7.16957696375075 7.81334743462556 8.27417592699822 8.40571909137785 8 8 8 7.26840022000007 6.19697181999986 5.12554341999986 5.25331320001139 5.27584564322493 5.7559600367638 6 5.83042479351607 5.4896801881077 6 6.8917675600003 8 8.58874058000005 9.48337209622669 9.19652292214953 9.58797105947427 9.73219449999998 9.03962447727826 8.99536402434557 8.66722001403027 8 7.93797726921694 7.51032156915894 7 7 6.48269021999977 6.43107085733614 6.24882416103994 6 5.78494592220737
-9999 -9999 -9999 -9999 -9999 -9999 -9999 -9999 -9999 -9999 -9999 -9999 -9999 -9999 -9999 -9999 -9999 1.24818426076993 1.86984928452746 1.42218715017536 1.33923390000006 2.01731578000022 3.26623254000046 6.16017257999997 7 7.30302937999996 8 8 8.17549064250033 8.33923390000006 8.11528138809418 7.51658366660863 6.26379133868853 5.42218873601402 5.96424262928312 5.98268661999981 5.08874178000012 6 6.07856608952793 6.23643687576938 6.1270279589334 6.92848367272792 7.66076609999994 8.24950668 8.88471779774445 9 9 9 9 8.64932759125806 8 7.94566565933622 7.50773519536631 7 7 7 6.30720120582213 5.66076609999994 5.43681521641673 5.32153219999988 5.06333432597711
-9999 -9999 -9999 -9999 -9999 -9999 -9999 -9999 -9999 -9999 -9999 -9999 -9999 -9999 -9999 -9999 -9999 2 2 2 1.61155971298819 2.01020484195903 2.89201412907087 6.16017257999997 7 7.17858663784159 7.74311339318766 8.18310864421712 8.92797688000018 9.16888775372434 8.33982861999984 8 6.72371703936345 6.05155594960702 5.61156069857772 5.58624422490305 5.46296117651924 6 6.23159858000017 6.69697301999989 6.37445538 7.18310765862758 7.41066230000007 7.51585575862773 8.24950668000007 8.58933769999993 8.58933769999993 8.94844306480358 9 8.40355333313794 8 7.83983221999991 7 7 7 6.81689332696188 5.76715776406691 4.75822742490327 4.20027664612572 4 4.47325195181542
-9999 -9999 -9999 -9999 -9999 -9999 -9999 -9999 -9999 -9999 -9999 -9999 -9999 -9999 -9999 -9999 -9999 2 2 1.57843145821043 1.0280254291454 1.52625707650135 2.26941123228621 5.35042660242596 7.11165267856898 7.33600305407525 7.37445778000003 8.44588618000018 9.51731458000012 9.41125701999992 8.33982861999984 7.64730254993999 7.10201353741586 5.70397603522798 5.02802667212773 5.01731338000019 6 6 6.11994705844888 6.36096880890703 6.37445538 7.44588378000015 8 7.41125941999995 7.66016898000013 8 8 8.45288795224609 8.5179093 8.5089437824658 8 7.83983221999991 7 6.85391466811044 6.5179093 6.07202791999973 5.00059951999978 4.21299632131282 3.68173983133104 3.5179093 3.90503940338061
-9999 -9999 -9999 -9999 -9999 -9999 -9999 -9999 -9999 -9999 -9999 -9999 -9999 -9999 -9999 -9999 -9999 -9999 1.55550723608577 1.05605166759643 1 1.0077311650387 1.5748476613563 3.46213812232604 6.54988631399128 7.09313006907337 7.72070734662646 8.19907966294401 8.96379548000004 8.85773791999984 8.15172698810326 7.26840022000007 6.55550856453162 5.18159615915046 5 5.01731338000019 6.04912027019807 6.55351910000008 6.55351910000008 6.38578787875468 6.37445538 7.19907859138983 7.44648089999992 7.18361947597502 7.66016898000013 8 8 8 8 8 8 7.83983221999991 6.87180709088282 6.31118621279928 6 5.55411861999973 4.48269021999977 3.67412217247061 3.1517291312115 3 3.80302338000008
-9999 -9999 -9999 -9999 -9999 -9999 -9999 -9999 -9999 -9999 -9999 -9999 -9999 -9999 -9999 -9999 -9999 -9999 0.399663336605391 0.921543453403651 1 1 1.19966508686145 3.59028695968137 5.51979095344864 6.41668130654239 7.37505249999995 7.93236340695132 9.14226208000016 9.03620451999996 8.21237504649737 7.26840022000007 6.19697181999986 5.67203287352954 5.62494750000005 5.63144092645257 6.03328282644349 6.47515045356548 7 6.88634897358352 6.76538792640748 7 7 7.36793195361961 7.87254552637152 8 8 7.45351204634415 7.96617945366448 8 7.94454254631719 7.21488471999986 6.28819177370043 6 6 5.55411861999972 4.48269021999977 3.4112618199998 2.58743054624521 2.37505249999995 3.17807588000004
-9999 -9999 -9999 -9999 -9999 -9999 -9999 -9999 -9999 -9999 -9999 -9999 -9999 -9999 -9999 -9999 -9999 -9999 0 0.265506820789454 0.303624099999982 1 1.08083461534835 2.07104487999992 3.62631730266571 6.51405173722389 7.95713927355955 8.66351538021 9.51731458000012 9.41125701999992 8.79955605890171 7.45530766476283 6.19697181999986 6.60895048790854 6.69637590000002 6.68431927942034 6.06179763691519 6.74500742674934 7 7.21102068592186 7.95713760225737 8.08224908140702 7.69637590000002 7.875131728736 7.54027423240031 7.30362409999998 7.30362409999998 7.6470675532127 7.98356864705815 7.9879450507225 7.2766806856128 6.83983221999991 6 6 5.73923996904483 4.85774271999971 4.14655638362622 3.4112618199998 2.33983341999967 2.50946511263309 2.94019315103149
-9999 -9999 -9999 -9999 -9999 -9999 -9999 -9999 -9999 -9999 -9999 -9999 -9999 -9999 -9999 -9999 -9999 -9999 -9999 0 0 0.245490830341926 1 1.16017257999997 3.10422814832918 7.14119579900969 8.08694748634752 8.57454902631466 9.51731458000011 9.86329641163885 9.26092187569898 8.66025135392628 7.73258042000005 7.73865365771285 7.04154974505066 7.00927319522317 7.4880777394528 7 7 7.07036156173998 7.6066510799999 8.12866340358417 8 7.54796245109141 7.07890730157055 7 7 7.20304450044304 7.23219569999991 7.22817616488108 7 6.83983221999991 6 6 5.62554702000003 4.55411861999973 4 3.4112618199998 2.84671215884028 2.93767750849764 3.61656480416467
-9999 -9999 -9999 -9999 -9999 -9999 -9999 -9999 -9999 -9999 -9999 -9999 -9999 -9999 -9999 -9999 -9999 -9999 -9999 -9999 0 0.00278381119802811 0.160767299999971 0.455361946779293 3.15800490000099 7.30302937999996 8 8.44588618000018 9.51731458000012 10 9.33982861999984 9 8.19697181999986 8 7.84793262565489 7.82748617071285 7.14650052363216 7 7 7 7.37445538 7.62579975142426 7.16076729999997 7.06611706655294 7 7 7 6.26612945749194 6.16076729999997 6.16076729999997 6.16076729999997 6.13501755846237 6 5.74569186355996 5.10056750542843 4.92831685441709 4.83923270000003 3.75640618760516 3 3 3.12909990063946
-9999 -9999 -9999 -9999 -9999 -9999 -9999 -9999 -9999 -9999 -9999 -9999 -9999 -9999 -9999 -9999 -9999 -9999 -9999 -9999 -9999 0 0 0.174482222107327 1.40370378716869 2.47376681147669 4.24105406919177 8.3473274783077 9.95687741553119 9.46385467021582 8.4291675199998 8.08933889999996 7.28631071999983 7.08933889999996 7.08933889999996 7.08779214167547 7 7 7 7.27595488293659 7.9441145317483 7.55411621999985 7 7 6.39880979048718 6.08933889999996 6.08933889999996 6.01121612545836 6 6 6 5.85414143328056 5.08933889999996 5.06226701734979 5 5 4.52890610670422 3.98414445722157 2.70828505214731 2.08933889999996 2.08933889999996
-9999 -9999 -9999 -9999 -9999 -9999 -9999 -9999 -9999 -9999 -9999 -9999 -9999 -9999 -9999 -9999 -9999 -9999 -9999 -9999 -9999 0 0 0.160172579999974 1.00414808935227 1.91071641686841 5.46871684606899 8.44394776885398 9.01791049999989 7.85096922114294 7.02399700049835 6.29941403785956 6.02143836378197 6.87670512542404 7 7.98208950000011 7.98208950000011 7.82478804800904 7 7.00542736472526 7.01791049999989 7.00992449855825 7 6.42180405815797 5.35774151999975 5.01791049999989 5.01791049999989 5.01791049999989 5.01791049999989 5.01791049999989 5.01791049999989 5.01504181497621 5 5 5 5 4.48269021999977 3.42180641517263 1.69757733999923 1.01791049999989 1.01791049999989
-9999 -9999 -9999 -9999 -9999 -9999 -9999 -9999 -9999 -9999 -9999 -9999 -9999 -9999 -9999 -9999 -9999 -9999 -9999 -9999 -9999 0 0 0.160172579999974 1 1.57362376788814 2.89296420000005 4.67650892000076 7.43796436996114 7.38924740792927 6.37515960589753 6.05351789999998 6.05351789999998 6.05351789999998 6.00289612222886 6.01731338000019 7.08399250629226 7.94648210000002 7.72727818964444 7.01621736761294 7.03347783441868 7 7 6.41125941999995 5.33983101999987 5 4.15399796660844 3.94648210000002 3.94648210000002 4.89296420000004 4.81372311052948 4 4.21920163879859 4.96269933917001 5.02003993713833 5.02965526489327 5 3.8225236399996 2.33983341999967 1.26840501999987 1
-9999 -9999 -9999 -9999 -9999 -9999 -9999 -9999 -9999 -9999 -9999 -9999 -9999 -9999 -9999 -9999 -9999 -9999 -9999 -9999 -9999 -9999 0 0.160172579999974 1 1 1.04678711411724 2.85277919158859 6.03462916000023 7 7 7 6.8996646001132 6.98431381418166 6.17229984847671 6.01731338000019 7 7 7.02893738565629 7.39011118004896 7.67233143424611 7.12494630000005 7.12494630000005 6.53620572 5.3822916485741 4.90858961427926 3.3693372400154 3 2.88181547139451 3 3.08873938000041 4 4 4.30302458000032 5.37445297999997 5.55411861999973 4.93536405703513 3.77113799725934 2.33983341999967 1.3598151058495 1.12494630000005
-9999 -9999 -9999 -9999 -9999 -9999 -9999 -9999 -9999 -9999 -9999 -9999 -9999 -9999 -9999 -9999 -9999 -9999 -9999 -9999 -9999 -9999 0 0.160172579999974 1 1 1.30092374578982 3.14128384000044 5.73666696454693 6.72286482607448 6.8036252999999 6.8036252999999 6.15829153793891 6.7027354314395 6.98937317918198 6.21028817019676 7.017426640425 7.1963747000001 7.38249317833229 7.94049316771054 7.8036252999999 7.89118559353234 7.89841297584609 7.33049847477524 5.67966203999973 4.26840261999993 3.19697421999989 2.82827932273859 2.0434901278828 2.8036252999999 2.89236468000031 3.8036252999999 3.8036252999999 4.10664988000022 5.17807827999987 5.53286356446599 4.67906491999987 3.6076365199999 2.53620811999977 2.1963747000001 2.1963747000001
