catData/variables/futureClimate2070/rcp85/GFDL_CM3_2070_rcp85/bio10.asc
NCOLS 409 
NROWS 350 
XLLCORNER 60.897278365 
YLLCORNER 5.843756025 
CELLSIZE 0.0892857 
NODATA_value -9999 
[rows 78 to 103 of 350, columns 174 to 231 of 409]
37.7 37.6853906668262 37.6323960104804 37.6 37.5750596109065 37.492914472 37.4175993917066 37.326840502 37.3 37.212554822 37.2 37.050057432 36.947192753546 36.8756887708526 36.7362178641592 36.6201259834657 36.2727842378614 35.5167233900786 35.1556298718334 35.6747415756118 35.3623543659969 33.6770560256436 32.74019854734 31.0931216332635 31.795343807628 28.514468264096 28.7194656036207 28.3720831970986 26.6943640278634 25.4546337273335 24.7781846524596 25.598790710752 26.3080741699394 26.4142107796131 26.2152344421324 25.9526069184179 24.9170857643855 24.4463039423114 24.6894425260668 25.3357595088185 24.1432729714808 24.5108108908535 25.8414821255462 26.2497406142469 21.8564713669848 20.0778840879897 23.5430561391394 22.6021266663065 21.0061212448352 22.1516893306664 20.9715055284359 17.4174114784353 14.2365949295313 16.7026796280363 16.4821955393615 17.9268875123697 18.4542658269067 19.9877901757537
37.64464545 37.6311167812648 37.6 37.5753184368567 37.492914472 37.4183609690217 37.363456776039 37.3119830629002 37.2555490021606 37.2056051567786 37.0952824565644 36.998269142 36.9 36.883983462 36.8 36.7561692204139 36.6219195207063 36.3176361123387 35.7733417807683 35.875262816292 35.4186265273396 33.0769033378028 32.0711496780923 30.9636434098549 30.6893509227986 30.078872720847 29.766360398074 27.9958046591609 25.8719081874854 25.8660949231258 25.5300872780355 26.3279170826129 26.7535451280905 26.4422339036024 26.8544287231502 27.5007705411647 26.7497640986875 26.597224817693 27.4465382321118 27.5329626871343 27.1682865679943 27.9808404523327 27.6109491841333 27.6168429433487 23.1370482342361 23.1963834362693 26.6726324520056 26.2177694697792 23.6869535168557 22.8144483315682 21.7974129350188 16.115543781932 13.7869248109518 16.0448471970614 15.7373636829568 16.440617122432 16.1606336083277 18.6875557311116
37.6 37.6 37.5765976660723 37.5207808944996 37.448269022 37.3632054003566 37.3127446402152 37.2542772232129 37.207387137359 37.1453490460691 37.0074416165027 36.998269142 36.9 36.883983462 36.7855259932098 36.7261384873621 36.7 36.6665567490117 36.4956625343109 36.2498856697519 35.6343522617717 33.5151937887599 31.3719852874252 30.1052643159368 30.010458355563 30.6519386178895 29.9268881994852 28.3201277222245 26.6234038632211 26.8060535827366 27.2847119149844 28.5092632543665 28.518090098168 27.387138386538 26.4132534648612 27.7924687075976 28.3425895885726 28.809030521434 28.7094687006643 28.0439539363485 27.9018643199548 29.8848910876162 29.3111549579584 28.3575622283539 25.8561471921602 26.1622223010419 27.959810209667 25.5980057494055 22.5318209932539 23.0521383202064 21.0328291459998 13.7870751644497 15.1548454269468 17.6534282334944 17.602606321748 14.8763907555573 14.3863687424728 16.7575520030482
37.6535118187577 37.5788972985531 37.5189914636514 37.4689487181441 37.378628792 37.271485952 37.23035977 37.157200272 37.13035977 37.1038116150831 37.005411982 36.9298342854922 36.9 36.883983462 36.7929688661058 36.7485376956897 36.7 36.7 36.6842946669239 36.5161453082569 36.1707865706658 35.1297623490623 33.3444778074199 31.6275826724271 31.3206215170935 31.2406508642643 28.786228653282 28.5105059858234 26.9081898893384 26.4575418538687 27.6002772708917 29.3506794667483 28.7451043451897 27.2186250039022 26.079644059607 26.7756365399859 27.3438778735781 29.1685447029607 28.4096927209855 28.315585663219 28.4278500482717 30.5918208745529 29.1985415954822 30.3062067587071 30.6180905841094 29.2511849963317 27.8899648103648 25.846655314817 25.264515666736 25.3810306113094 22.3563787215022 16.9557050999154 15.949681747809 18.0022727018984 20.0114833643046 16.500562064357 16.4177979932715 15.7021905604118
37.676840382 37.569697542 37.4712483506249 37.4128649332122 37.348269022 37.241126182 37.1493103832762 37.106231540561 37.1 37.0328569077646 37.0012564960725 36.9 36.9 36.883983462 36.7822175185787 36.7161816852585 36.7287514650957 36.7425471130671 36.7 36.582252844 36.3526401784444 36.0285525516897 35.4728510134256 34.5234414335156 33.5387095676545 32.8476118907591 31.1869539791808 29.7889410760857 28.1144429965675 27.689180308 28.1032676186944 29.1164964357632 29.2505439999626 28.2286220046229 26.9451218883488 26.6893352459865 26.4825622331239 27.5279185211744 29.0437907239559 29.3176392823305 28.068251189942 30.6147213871269 29.0227926159624 30.778052061698 31.9289057475565 30.2223864922307 30.0455772552831 29.7361155081454 27.9756897148002 25.3867399121566 20.8187057447977 18.8791930298899 18.0871412919234 20.874047844144 23.9515310274467 21.9136278183191 16.9689434636632 16.7153223458754
37.676840382 37.569697542 37.4939810090987 37.4465049094314 37.348269022 37.241126182 37.1893884229781 37.1225261355521 37.1 37.012554822 37 36.9824732716727 36.8925526682028 36.813499577267 36.7962773407368 36.7584944977933 36.737445058 36.755412102 36.6565845073838 36.498326934 36.3948510131118 36.237607394 36.1452024154868 35.5235890739997 34.3158544285647 34.3678236183358 33.8935137581243 32.8947612818447 31.176013270741 30.5132909464309 30.1009265464391 28.6184401330321 27.1284716528059 26.3684444319916 25.9980844301395 26.8160176588464 26.5320121547796 26.1434855723944 26.2846861576858 29.7346964954824 28.0775715634258 30.0735489444226 28.2621057439354 28.9107819854501 31.3749157506291 31.4018619939999 30.6361319861599 29.5046426927582 28.2027068062304 27.071605072353 24.0605306363263 21.6641727944566 24.3245494770453 26.0039191806028 27.0718595356116 23.5142252780134 19.1151095951774 18.1988638060373
37.676840382 37.569697542 37.5 37.455411862 37.348269022 37.2947418321299 37.2309482047676 37.1934659423349 37.1179384145626 37.0921900525399 37.0049286243576 36.9087766627449 36.891126302 36.8 36.7789090439476 36.7062248831549 36.7033443117426 36.7049489933599 36.648269262 36.5358682755649 36.4309484233326 36.3203067057699 36.29106875 36.0771292438743 35.6866183276964 35.0548800525396 34.9672283047174 34.2096321522336 33.2253515705628 32.2363786697697 31.4303547963066 28.9258855059739 27.6534094912816 27.4897985369994 27.0754816712832 26.5845511879025 25.7559052376924 25.9395056940989 26.9217096246609 29.5396157428315 30.262565056631 29.7281682279813 27.5913478269046 29.5678516976772 30.4212402721786 28.8172689386203 28.0895693059883 27.15939962913 26.7697332459858 28.4311933991964 25.9559186540604 26.4555512846408 26.9481446379472 28.5693493178049 25.3838084036753 23.3687115000766 24.2657324404253 22.0788470684829
37.676840382 37.569697542 37.5 37.455411862 37.3990748380163 37.3403906772485 37.2988193514867 37.2263604837782 37.119697662 37.1 37.005411982 36.9965116868375 36.8998413018976 36.8824814933672 36.776840622 36.7 36.7 36.7 36.648269262 36.541126422 36.433983582 36.326840742 36.3 36.1251101239999 36.1878213088779 36.1735288201814 35.6992226314303 34.7436517176997 34.3661694069407 33.9706808772095 33.4041352444343 30.4661945732255 26.4205323439779 25.6428678793665 25.3417158535733 24.6423037716123 24.5999203834134 25.0533191800002 27.6428934081864 29.8744620733167 28.8473559584099 29.2642555072048 30.7499774924775 30.5148977768778 28.299686735297 28.4688796962086 27.8175583154991 26.9587572595367 27.2527604307265 29.2164505800001 29.2005483988392 28.3731452572139 27.5353735655693 25.3258592065065 23.4880923798049 26.3496492784162 27.0999253652213 24.4452813835098
37.6780804475341 37.6037319060981 37.5645596842697 37.460766292 37.40535443 37.4022020726269 37.3375181577409 37.30535443 37.2207523595234 37.1172370128443 37.1002897807878 37.00526175242 36.991126302 36.8848410563156 36.8041143773166 36.769697782 36.7 36.7023874277869 36.653623692 36.5433285074775 36.433983582 36.326840742 36.3 36.2172372399937 36.2948775716384 36.101893194 35.8880826370971 35.695550143465 35.592904152 35.3694208946017 34.5968234599789 33.5200685708086 30.7485131663373 26.7026886740307 25.4375859376825 25.0402933207024 24.6537063188197 25.2303870119965 26.1135703885765 25.8034687559386 25.7597637200553 26.7553440184707 29.1307328118226 30.6551619210498 29.8110033739754 28.774756588054 27.3285312811739 28.4361431807153 30.0099598459455 29.7239731413411 27.6999841170204 25.0245342103387 22.578606592603 25.6695404653257 27.9722563764325 27.8016387050387 21.9472865649707 18.811883069504
37.7096029500076 37.6734845219929 37.6078176300066 37.5609841619938 37.5060323100057 37.4484838019947 37.41249727 37.4033543300043 37.2494309239962 37.2015690100033 37.1172329019971 37.0984854519976 37.003623572 36.9104956400015 36.876840622 36.769697782 36.7 36.744587898 36.748269262 36.582252844 36.4422338320018 36.339338012 36.3024616999973 36.3 36.3 36.1967550440041 36.003623812 35.91249727 35.889338132 35.759467154012 35.4643064600194 34.9687620500207 34.1046279560739 32.1686076621729 30.7667752640164 29.1290914859118 27.0063902879254 25.9675533618926 27.3528791500511 26.237954919979 27.6319762061559 27.2626014639536 29.0216682316747 30.4886660558738 28.1270647238307 27.5931186200135 27.6776560138325 28.6258539536395 30.1948829999407 30.7698933265069 30.3081501504906 28.8757567263904 27.2568263857151 29.9811668295002 29.237928112335 24.719921242309 21.883600700056 22.5449412722874
37.7813889564508 37.7136886739161 37.669908999717 37.6108829506498 37.548269022 37.5 37.5 37.4412091078826 37.339337772 37.232194932 37.21964011 37.1193001675849 37.0928691060482 37.003623572 36.896480732 36.789337892 36.71964011 36.7554708957861 36.748269262 36.5938156794801 36.5066744128867 36.4412093007464 36.339338012 36.3024658279874 36.3 36.217909492 36.110766652 36.0164944914549 35.9813893421782 35.91964011 35.8521046774445 35.6588619690776 35.4138887627107 35.0546298763438 34.6199822599078 32.8449953226933 30.3305159858914 28.3740060739994 29.5507350942437 29.1054807381462 30.1957779866547 30.946884030867 31.6447243142522 31.3002348862526 28.3134738299999 26.9493264850554 26.221352533106 25.318864110038 25.4733978869819 27.2141738642027 29.4159348296794 31.1670222595257 29.0246811730772 31.5821007241011 28.822421215673 26.3448075062698 25.2207014235287 26.3129338529082
37.8205801210909 37.7778134341749 37.72678295 37.682194812 37.575051972 37.52678295 37.52678295 37.52678295 37.446480612 37.339337772 37.3014494884331 37.225052092 37.1244063119015 37.083983462 36.98304338663 36.896480732 36.8167540588384 36.8119419544274 36.775052212 36.667909372 36.560766532 36.5071887425095 36.419697902 36.335975396022 36.3014495527122 36.298269382 36.191126542 36.0882733390852 36.02678295 36.0186671863832 35.9725840088825 35.8941371821483 35.7639598574141 35.5194968526798 35.3587967019456 35.3874796247886 34.7603906332491 33.5133289696303 32.796274966035 32.8378666962744 32.9445232110565 33.5705276546533 32.7099985386343 33.0917243946752 31.9028113408275 30.1352267268226 28.4482708690249 27.5107810039999 26.6987952403319 25.1525992019998 25.8674687832264 29.8865304525178 31.0515302302688 30.2617451820313 28.707304899441 27.8751370328513 28.3600214589808 27.5339158680036
37.876840382 37.8 37.8 37.7705387400628 37.682194812 37.63392579 37.63392579 37.6091058523435 37.546940864555 37.446480612 37.339337772 37.332194932 37.225052092 37.117909252 37.03392579 37.003623572 36.896480732 36.8633868913591 36.848269262 36.741126422 36.633983582 36.526840742 36.4469410231331 36.4042594039685 36.3375018729299 36.2988565078284 36.225052332 36.13392579 36.1260688694763 36.0799782074221 36.03392579 36.03392579 35.982195292 35.8561256040317 35.7793808600857 35.7430318051873 35.73392579 35.7635920946096 35.5803576745242 35.536259449187 35.576724798 35.3503770661007 33.5780992484071 33.0703583240006 32.1721439228106 30.7588604418257 29.4323381620024 28.648328014 28.6815763948938 28.3647250105071 28.629595896868 29.3921105145601 31.3572934486399 30.2045068105837 29.1389424887019 29.3753711093112 29.912135874875 26.9192301289393
37.917909012 37.84106863 37.84106863 37.8227568925809 37.7695142259502 37.74106863 37.7139564929876 37.6568861055435 37.64106863 37.553623452 37.446480612 37.398269142 37.291126302 37.19056123473 37.1315573907389 37.069697782 36.9779331143233 36.9227569911456 36.8695143673855 36.782195052 36.675052212 36.567909372 36.5080896584901 36.4484675000409 36.44106863 36.34106863 36.332195172 36.24106863 36.217909492 36.14106863 36.14106863 36.14106863 36.089338132 36.04106863 35.975052452 35.897955018414 35.8491583870548 35.8926009885238 35.9 35.7989802645384 35.7462977389305 35.7934224243994 35.7221246161316 35.5464283119883 34.9511178834898 33.5875695412493 31.6278889470724 30.058064396554 29.848618656362 30.5172053167119 30.8816323290544 32.0479246129925 32.0316195864262 30.5770813104995 30.440810734971 29.962154157641 30.4864777722679 30.0661692749805
37.9880059742842 37.9336022095521 37.9 37.8769084587754 37.84821147 37.84821147 37.782194812 37.74821147 37.74821147 37.660766292 37.553623452 37.446480612 37.339337772 37.2404896615871 37.1880060985766 37.117909252 37.04821147 37.003623572 36.94821147 36.889337892 36.782195052 36.675052212 36.567909372 36.5060529799496 36.5 36.44821147 36.439338012 36.34821147 36.325052332 36.24821147 36.24821147 36.24821147 36.196480972 36.1198277683121 36.0658111918516 36.0129404319846 35.9584128481791 35.9060530956571 35.8543979574934 35.7991657593296 35.7560664388341 35.783983942 35.676841102 35.5853910866746 35.4949519554891 35.2383618215698 34.5571045890653 33.6536270557443 32.7956782674406 32.1597845301529 31.2756469586987 32.1216822440459 32.6024210952009 33.4115857685909 32.7161019575188 32.1318507618709 31.0374541821836 30.6679690502037
38.0425344632574 37.9864712585389 37.95535431 37.95535431 37.95535431 37.9227651142754 37.8705264075209 37.85535431 37.85535431 37.767909132 37.660766292 37.553623452 37.446480612 37.3482036160958 37.2978889061078 37.225052092 37.134626856515 37.055412102 37 36.9737154848742 36.889337892 36.782195052 36.675052212 36.567909372 36.55535431 36.5 36.496038383449 36.4464885987546 36.3896604430418 36.35535431 36.35535431 36.3306731195689 36.2769045622275 36.2290699020239 36.1741658201797 36.082195292 36.0109037705869 35.9609597112095 35.860766772 35.7438731508023 35.6990498008026 35.6821409003951 35.6343062401915 35.5529249440121 35.4279282997843 35.4 35.3769046693771 35.3290700091735 35.1857461399398 34.8601193101306 34.2981859713155 33.657607199232 32.8710036570447 32.8889205410391 33.8717708372582 33.5998857081637 32.2048216465176 30.3095886478351
38.0913144832009 38.04355897737 38.023402244059 38.0346308345119 38 37.9779206403462 37.96249715 37.9167745487957 37.9 37.8672055660624 37.767909132 37.660766292 37.553623452 37.4524872702213 37.376840622 37.269697782 37.1859570360658 37.117909252 37.030166913076 37 36.9752419617821 36.8436154407888 36.719697902 36.6672056560692 36.6033824845017 36.56249715 36.5569514916435 36.4939934317855 36.46249715 36.46249715 36.46249715 36.4457755075017 36.3926642130692 36.3257029916401 36.233983822 36.172563283218 36.082195292 36.0078467059239 35.905412462 35.7614157130657 35.691126782 35.5899904202076 35.53750285 35.5147748193009 35.4390953559205 35.3721341344914 35.3698327869376 35.4 35.3752421417958 35.3167749987752 35.3501862226539 35.2969088221659 34.6608101646801 33.4296850615323 33.5902006904477 32.5466212299919 32.6719676344233 30.8749938798306
38.1535116343407 38.0908001707209 38.0810083862173 38.0864630368444 38.06963999 38.0286402690322 38 37.8758922349087 37.83036001 37.8912568232147 37.8712830682764 37.7667037626619 37.5973059443998 37.553623452 37.446480612 37.339337772 37.2435632553533 37.155412102 37.0842945427701 37.06963999 37.0236661631064 36.9555776839105 36.803055508983 36.7087433439213 36.6712831411404 36.6684347877979 36.5973060172638 36.56963999 36.56963999 36.56963999 36.56963999 36.5385891494276 36.4842946156341 36.410766652 36.3495974717576 36.2883320471807 36.133415926119 36.0734517809427 35.9091816999956 35.798269622 35.691126782 35.583983942 35.4838721457487 35.451462137313 35.4886318223747 35.4561032454364 35.3829353985055 35.3713592295599 35.4 35.3777889876833 35.394019569255 35.4 35.305412702 34.9510332936509 34.5135768169106 33.2693655598553 31.7746615769608 32.0095581100721
38.1178401621176 38.1 38.1 38.1 38.1 38.0863311655894 37.9754039134323 37.776898174 37.6615587623274 37.801022400367 37.8958445270613 37.873321114 37.6699693535499 37.583983462 37.4946230478388 37.446480612 37.339337772 37.232194932 37.17678283 37.1315780306893 37.084672856005 37.0206090813006 36.9010540273937 36.8564805900881 36.7809384872175 36.775052212 36.67678283 36.67678283 36.67678283 36.67678283 36.67678283 36.6664308376431 36.65356566 36.5494877069681 36.4260937402737 36.326840982 36.201054323115 36.1096403161906 35.9834519125037 35.798269622 35.6979398898925 35.660766772 35.553623932 35.4838180360244 35.5 35.5 35.4759793961174 35.4220298964938 35.4 35.3438266198582 35.3848750248362 35.4 35.305412702 35.1978681729193 35.0214849076135 34.3014024546254 33.3562753619514 32.5074761406701
38.1 38.1 38.1 38.1 38.0565844301159 37.9666640837889 37.9109251890762 37.753681004 37.7544862123843 37.9427416960001 37.9830557301538 37.8979909181732 37.775051972 37.667909132 37.5644890068456 37.4951291214814 37.446480612 37.339337772 37.28392567 37.225052092 37.1285209488835 37.0882401394435 37.0710176457705 36.9944625899024 36.889337892 36.882195052 36.78392567 36.78392567 36.78392567 36.78392567 36.78392567 36.78392567 36.78392567 36.666178994 36.517909492 36.410766652 36.303623812 36.123092423324 36.084795687003 35.882195292 35.7764787623429 35.6974255259841 35.660766772 35.5584947333618 35.5 35.5374202892922 35.5405107043808 35.4905365439462 35.4285213517267 35.3882402166003 35.3968336170727 35.4 35.305412702 35.198269862 35.0839956631772 34.8178153657501 34.0291804319997 33.1265534378976
38.1 38.1 38.1 38.0593942470866 37.957200512 37.7964421631672 37.7779833667924 37.9291135530083 38.053507868 38.0888258446571 38.0049286113689 37.898269142 37.7992074465505 37.775051972 37.667909132 37.5634727315704 37.4966555983892 37.446480612 37.3439580976914 37.2947417122683 37.225052092 37.19106851 37.19106851 37.103623572 36.996480732 36.989337892 36.89106851 36.89106851 36.8699778280945 36.8 36.8 36.8 36.8 36.7358683957039 36.625052332 36.517909492 36.410766652 36.2958136975426 36.1098580969954 35.989338132 35.882195292 35.7764829246187 35.676841102 35.569698262 35.5341002192604 35.5950508307799 35.5953797171798 35.59106851 35.5851723030991 35.5155124109412 35.49106851 35.4114341450218 35.305412702 35.1087769628975 35.0992075108572 35.0664699849015 34.8936367797659 34.6956807997911
38.0245340234927 38.070239546915 38.0385641826773 38.055411862 37.948269022 37.8400731354543 37.9290638590467 38.142741696 38.1189930175373 38.1 38.005411982 37.996480492 37.8894963713992 37.7997135201931 37.775051972 37.667909132 37.59821135 37.553623452 37.446480612 37.3403908142529 37.2988191973394 37.29821135 37.2193455754758 37.1984359161165 37.1965195057088 37.096480732 36.99821135 36.99821135 36.975052212 36.89821135 36.89821135 36.89821135 36.8474061295525 36.741126662 36.633983822 36.526840982 36.419698142 36.312555302 36.2037206220016 36.096480972 35.9806236248137 35.7997135287786 35.775052452 35.667909612 35.635655928 35.654421444852 35.6508049847403 35.69821135 35.633376206075 35.5986914455173 35.5193460468903 35.498435924702 35.403624052 35.1965121581133 35.1 35.0997135330713 35.0977971226637 35.1250982347681
37.926033788098 37.996268261176 38 37.955411862 37.796538044 37.762026034076 38.1319028226992 38.230757600526 38.201054650249 38.1172368029759 38.1002897677991 38.0052615165741 37.991126302 37.8848410178759 37.782194812 37.7037317516741 37.6645598215509 37.6029668692241 37.5510390240009 37.446480612 37.40535419 37.332194932 37.30535419 37.30535419 37.3002897806491 37.2037162325759 37.1102332781991 37.089337892 37.00535419 37.0037317645241 36.9645600487009 36.90535419 36.853623692 36.80535419 36.7358033803991 36.626840982 36.519698142 36.412555302 36.2158893205008 36.103623812 35.996480972 35.889338132 35.782195292 35.70535419 35.70535419 35.70535419 35.70535419 35.7085063675258 35.7731896992492 35.732195412 35.625052572 35.60535419 35.416179594 35.303624052 35.1969562881007 35.11070838 35.1326270794493 35.2675795857758
37.9672376164093 37.930302458 38 37.955411862 37.79007320816 37.8273230420929 38.1725604488896 38.3 38.219697662 38.2 38.1172326749859 38.0984854478435 38.003623332 37.9104954384412 37.876840622 37.7734846592741 37.7078175098682 37.6609842649894 37.6060322241529 37.5484838707047 37.5042469384376 37.43598347642 37.41249703 37.4015690098646 37.317232884993 37.3122807541494 37.2922354607083 37.196480732 37.11249703 37.082195052 37.0078175398611 37 36.9547342778542 36.9051396112881 36.7762177055694 36.639338012 36.532195172 36.425052332 36.317909492 36.210766652 36.103623812 35.996480972 35.889338132 35.8087102127116 35.8 35.8 35.8064647458613 35.864012739281 35.9082500315766 35.839338252 35.732195412 35.7015690698504 35.5226460070073 35.4109831078649 35.3238852012774 35.31249703 35.3153911744379 35.4045381921136
37.8758116111323 37.896974081358 37.98036013 37.9445290443386 37.7549669628289 37.9024462186809 38.2320333160001 38.2856315697001 38.2316003415803 38.2024657507195 38.2 38.1192999317389 38.0928690847514 38.003623332 37.896480492 37.81963987 37.782194812 37.71963987 37.667909132 37.61963987 37.553623452 37.51963987 37.51963987 37.432194932 37.4010629533649 37.3986092731254 37.3178971343843 37.287129282106 37.21963987 37.189337892 37.082195052 37.0108829119327 37 36.941126662 36.833983822 36.726840982 36.619698142 36.512555302 36.4239893314994 36.298269622 36.191126782 36.083983942 35.9813894794606 35.883386910049 35.8 35.8087569109316 35.8510506171563 35.8919227299122 35.966015938 35.9412095108928 35.839338252 35.7321954119999 35.625052572 35.51963987 35.5125095333443 35.43927974 35.4578900676751 35.51963987
37.7624632186521 37.771155987102 37.863188424428 37.8703184033899 37.8103930018179 37.9622779820001 38.2234539258724 38.2392459843736 38.2855779056902 38.2359750104327 38.22678271 38.198269142 38.1 38.0882731249246 38.003623332 37.9186669548295 37.8725837432935 37.8148408625836 37.7621241555394 37.7110147703376 37.6516645677853 37.62678271 37.62678271 37.539337772 37.432194932 37.42678271 37.417909252 37.32678271 37.32678271 37.296480732 37.199366629015 37.108977762 37.0397105907391 36.967909372 36.860766532 36.753623692 36.646480852 36.539338012 36.52678271 36.325052332 36.217909492 36.110766652 36.0205801295095 35.9475121506135 35.8167540372635 35.8326456991406 35.8353417969824 35.8431052868946 35.939233228 35.97321729 35.9144226214742 35.8125555419999 35.7307457437202 35.65356542 35.6511889960339 35.62678271 35.62678271 35.62678271
