catData/variables/futureClimate2070/rcp85/GFDL_CM3_2070_rcp85/bio11.asc
NCOLS 409 
NROWS 350 
XLLCORNER 60.897278365 
YLLCORNER 5.843756025 
CELLSIZE 0.0892857 
NODATA_value -9999 
[rows 78 to 103 of 350, columns 0 to 58 of 409]
-9999 -9999 -9999 -9999 -9999 -9999 -9999 -9999 -9999 -9999 -9999 -9999 -9999 -9999 -9999 -9999 -9999 -9999 -9999 -9999 -9999 -9999 -9999 -9999 -9999 -9999 -9999 -9999 -9999 -9999 -9999 -9999 -9999 -9999 -9999 -9999 -9999 -9999 -9999 -9999 -9999 -9999 -9999 -9999 -9999 -9999 -9999 -9999 -9999 -9999 -9999 -9999 -9999 -9999 -9999 -9999 -9999 -9999 -9999
-9999 -9999 -9999 -9999 -9999 -9999 -9999 -9999 -9999 -9999 -9999 -9999 -9999 -9999 -9999 -9999 -9999 -9999 -9999 -9999 -9999 -9999 -9999 -9999 -9999 -9999 -9999 -9999 -9999 -9999 -9999 -9999 -9999 -9999 -9999 -9999 -9999 -9999 -9999 -9999 -9999 -9999 -9999 -9999 -9999 -9999 -9999 -9999 -9999 -9999 -9999 -9999 -9999 -9999 -9999 -9999 -9999 -9999 -9999
-9999 -9999 -9999 -9999 -9999 -9999 -9999 -9999 -9999 -9999 -9999 -9999 -9999 -9999 -9999 -9999 -9999 -9999 -9999 -9999 -9999 -9999 -9999 -9999 -9999 -9999 -9999 -9999 -9999 -9999 -9999 -9999 -9999 -9999 -9999 -9999 -9999 -9999 -9999 -9999 -9999 -9999 -9999 -9999 -9999 -9999 -9999 -9999 -9999 -9999 -9999 -9999 -9999 -9999 -9999 -9999 -9999 -9999 -9999
14.1510824320777 15.2327834672915 -9999 -9999 -9999 -9999 -9999 -9999 -9999 -9999 -9999 -9999 -9999 -9999 -9999 -9999 -9999 -9999 -9999 -9999 -9999 -9999 -9999 -9999 -9999 -9999 -9999 -9999 -9999 -9999 -9999 -9999 -9999 -9999 -9999 -9999 -9999 -9999 -9999 -9999 -9999 -9999 -9999 -9999 -9999 -9999 -9999 -9999 -9999 -9999 -9999 -9999 -9999 -9999 -9999 -9999 -9999 -9999 13.8957085455168
13.0410916683 13.9680107207972 14.7171384208173 15.7020638586247 16.232093748 -9999 -9999 -9999 -9999 -9999 -9999 -9999 -9999 -9999 -9999 -9999 -9999 -9999 -9999 -9999 -9999 -9999 -9999 -9999 -9999 -9999 -9999 -9999 -9999 -9999 -9999 -9999 -9999 -9999 -9999 -9999 -9999 -9999 -9999 -9999 -9999 -9999 -9999 -9999 -9999 -9999 -9999 -9999 -9999 -9999 -9999 -9999 -9999 -9999 -9999 17.1705520309247 17.0778343329125 16.2196979345005 14.9412353022162
-9999 -9999 12.1658163005039 14.2792313625259 15.5672693391422 16.0206499492662 16.3197972507748 16.3830162413902 16.5 -9999 -9999 -9999 -9999 -9999 -9999 -9999 -9999 -9999 -9999 -9999 -9999 -9999 -9999 -9999 -9999 -9999 -9999 -9999 -9999 -9999 -9999 -9999 -9999 -9999 -9999 -9999 -9999 -9999 -9999 -9999 -9999 -9999 -9999 -9999 -9999 -9999 -9999 -9999 -9999 -9999 -9999 17.012442118 17.1279005891619 17.242801888 17.3393328037778 17.36785182 17.287547322 16.6135513625617 16.0652462862856
-9999 -9999 -9999 11.4053895112588 14.1511089047314 15.4614328388846 16.1111689395895 16.3964820410003 16.3748276623976 16.3138799647049 16.2100840141926 -9999 -9999 -9999 -9999 -9999 -9999 -9999 -9999 -9999 -9999 -9999 -9999 -9999 -9999 -9999 -9999 -9999 -9999 -9999 -9999 -9999 -9999 -9999 -9999 -9999 -9999 -9999 -9999 11.6428999999999 12.3101463668239 13.3460008479092 14.3012259912623 15.6506113711393 16.2486690622457 16.3752491112103 -9999 16.6835681914001 16.714230528 16.8489714048049 17.0229294840926 17.135659048 17.242801888 17.349944728 17.3969650556826 17.4 17.319695502 17.0064174244995 16.3274880098179
-9999 -9999 -9999 11.9813666730785 11.9879862542978 13.7859274335093 15.2997387122782 16.0279954672187 16.3011186830398 16.21241290445 16.000109104 15.844700122 15.7387379820195 15.7040567867156 -9999 -9999 -9999 -9999 -9999 -9999 -9999 -9999 -9999 -9999 -9999 -9999 -9999 12.4279956120156 11.8181974032852 11.4457006580875 11.3160430607867 11.2072705561031 -9999 -9999 -9999 -9999 -9999 11.0543300496407 11.7185781273231 12.4013392596594 12.9489720717409 14.4238627630998 15.4417561919299 16.0316406710674 16.2889873449891 16.499944848 16.6072464290242 16.7157324537109 16.8441209184461 17.0272697688188 17.135659048 17.242801888 17.349944728 17.457087568 17.49821159 17.49821159 17.4967754163273 17.062314323875 15.7804776472143
-9999 -9999 -9999 -9999 10.5958888379276 11.1866030382615 13.5716090845169 15.222449098219 15.9420865983864 16.08393671 15.9259650827871 15.660828884 15.5160977119485 15.4146917603163 15.38929114 15.384608794948 15.2842810085802 15.254189179575 14.4500513853784 14.1402873934768 14.074972388 14.1902285542942 14.3240507125066 14.3625719679834 14.160862436 13.7279859974601 13.1341913190978 12.1390953083971 11.2100499198334 11.5095127188054 11.57496202 10.8692363142521 10.8575414853048 10.9847249203274 11.1932737119596 11.2854710288164 11.4176832967761 11.7864306380068 12.3467534339068 13.5296965364823 14.2657568142474 15.1495129769246 15.8079326890172 16.1630148446493 16.2996551957185 16.5018260640864 16.6226313615459 16.816018938 16.9244019591898 17.0643410264424 17.237447458 17.3422027417068 17.400185599322 17.4673828810288 17.5731927466034 17.5936022607067 17.3311782534709 16.5402008769994 14.3699572186038
-9999 -9999 -9999 -9999 -9999 11.3332317526933 12.7898051481726 14.3219966982573 15.2965654365116 15.715387869576 15.543075488 15.2543314637484 15.1710014501668 15.1533648900829 15.1700828398351 15.087557402 14.8740023840815 14.5900527518378 13.9628803339999 13.2809656044806 13.0760896679204 13.3632971676041 14.0450158594491 14.5239693456871 14.5202160758445 14.2034935660773 13.7531377399231 13.0296135957709 12.3230534335445 12.9214151424527 12.9895089502249 12.2186886277765 11.8768892862221 12.0389899180736 12.1385320679269 12.2249727 12.5011545843608 13.1687212402152 13.68366143 14.2856097679293 14.9253555780704 15.4816607900698 15.9236803220694 16.174895156 16.389180836 16.503466516 16.708876098 16.816018938 16.9434289660666 17.117807348 17.2343100078688 17.3236424098697 17.4344928560647 17.6133149362568 17.6420032602549 17.3963881960633 16.7303158841255 15.2758335984983 13.5149356368248
-9999 -9999 -9999 -9999 -9999 12.534396403585 12.9740970218283 14.2620828140001 14.8423785612956 15.0595263550734 15.1463480143291 15.0900802562516 14.9813085242306 14.826837622 14.976382469151 14.8806673676478 14.5583693295828 13.8355067502012 13.4714510214675 12.8297282581006 12.0142629870063 12.2411378900797 13.6338771343753 14.8047001336982 15.1275077909644 14.8742581191153 14.4667297307484 14.0147774531446 13.816096122 13.972870315761 13.7515839945618 13.2746870310859 13.148244542 13.0602670641803 13.123085026 13.27676099 13.3743945458407 13.6179042152872 13.9561865653082 14.567567258042 15.1564092943879 15.5979186247547 15.9409142140001 16.174895156 16.3706031738553 16.483826406 16.6927225388218 16.838805185044 16.9669909966772 17.089224948 17.2639079820566 17.510945648847 17.5907704667421 17.3487743155722 17.0124461473313 16.6736994683271 15.7963312910312 14.0060777781299 13.6652952999496
-9999 -9999 -9999 -9999 -9999 -9999 13.7276867721287 14.5672559269523 15.0600621987896 14.9903780198891 15.0881875673576 15.293347362826 15.1778976472638 15.0339133151185 15.2121630412314 14.9109054679999 14.482334108 14.0017442499999 13.9987337807627 13.7778814297057 12.4334113517688 11.7329147223073 13.5230397238731 15.0935384724474 15.5727212070421 15.4730542283079 15.1803217215736 14.9607513528394 14.7909425377895 14.609223169371 14.492889992 14.1840136539999 13.978604312 13.9077902364341 14.0419772209002 14.1420312849657 14.178086201537 14.2636649994973 14.4614034344739 14.8431923639424 15.2554954794109 15.6122976585604 15.9194062361739 16.1246911649081 16.2916927267155 16.4574966336236 16.7022225822214 16.9545304818449 17.146323556 17.3221881473134 17.3678756943807 17.2992404639091 17.0356513124199 16.4047412939959 16.2324917429534 16.1555907408748 15.1205652666411 14.4072180446841 13.6957591117641
-9999 -9999 -9999 -9999 -9999 -9999 -9999 15.4830464406993 15.7229985697729 15.6579788993766 15.655288598 15.70355474 15.769574278 15.80355474 15.883859958 15.6427648415485 15.3232406462438 15.404743925687 15.3449343556344 14.9988060384396 14.5017568970583 14.3276593342797 15.0675857663636 15.7990152794819 16.1058456887958 16.0718503375005 15.871516144 15.7055717687026 15.428714016 15.282181132 15.175038292 14.8994996411088 14.6637639797896 14.619289197936 14.6864732495864 14.6454456930303 14.6558127367666 14.7097565437183 14.853510748 15.0584318019214 15.3446846699542 15.678709248249 15.928461056 16.0849664396724 16.3534580774292 16.6379495210616 16.8719390216323 16.9427328067339 16.9895414728482 16.8373691272442 16.481400023537 16.3344495511781 16.3719808730332 16.5930878793731 16.6569825588897 16.1936554886392 14.9839080218315 13.6774482539998 12.7396856382979
-9999 -9999 -9999 -9999 -9999 -9999 -9999 16.1356552662669 15.9934809900126 15.8946368087826 16.1565416481802 16.2884543732578 16.371362688 16.40534315 16.4196878622978 16.4075852707644 16.310752252 16.2453900644444 16.185894809951 16.1507367450131 16.0707797740753 16.2302208048625 16.5554086167005 16.7365141747381 16.725165491838 16.646466692 16.473304554 16.2289721862447 15.9563397402864 15.7819817111825 15.6308367746514 15.420141167639 15.2427663895892 15.1959028289419 15.1273871330541 15.033969662 15.001722218 15.0905523349338 15.1536930784027 15.299889696 15.5919872466811 15.846323796 16.0935895317217 16.2800502637472 16.2560989032968 16.2060623967401 16.077286666771 15.4562966470172 15.7400656538072 15.6140291484687 15.5658550578522 16.2981516824895 16.789069812 16.9579577024363 16.7548049458104 15.9234056528706 13.9299230150578 12.7092023498163 12.0490662746575
-9999 -9999 -9999 -9999 -9999 -9999 -9999 -9999 16.254714432408 16.0529454536712 16.353475065141 16.6440326627798 16.810653948 16.8799070679208 16.812540662 16.8381339437517 16.795647174412 16.84105735 16.849933928 16.9487805469032 17.046760201067 17.2834799527693 17.4086625566055 17.396466572 17.289323732 17.1537956861142 16.960807284 16.7086320082132 16.480447394 16.266161714 16.0974795807045 15.9358088002635 15.836460425032 15.7815457388043 15.7059000633594 15.5443535444768 15.4423968766261 15.4231366561493 15.3714815179855 15.4375788158218 15.6002093576581 15.7628398994943 15.8896268953222 15.7452201810008 15.2518938260062 14.5322420843214 14.1980995599467 12.8414923471654 13.5002949145145 15.6058857945254 16.4545543882057 16.8641500098568 17.0498958193861 17.1091619875293 16.7523075553655 15.5430815136056 13.3413330348092 12.1219090729945 11.7691804138683
-9999 -9999 -9999 -9999 -9999 -9999 -9999 -9999 -9999 16.6074428096641 16.479780825074 16.6573889619287 17.0202992071753 17.183870998 17.2193082006358 17.22141724 17.1690571010893 17.2670226287071 17.340120955007 17.5304104014002 17.5652613978074 17.7577888958927 17.86606293 17.8461550694855 17.7410468347181 17.5809006710783 17.389378644 17.175092964 16.960807284 16.7949277402639 16.682180892 16.5742641198567 16.4272124243468 16.3430177611009 16.091616211016 15.784035974 15.5864690771612 15.3706524880944 15.171495072 15.116923619544 15.2150832820244 15.0575481912544 14.9889934992344 14.5054586965864 14.0252853916301 13.34563587409 14.0301301068734 14.26726908579 14.8686119141534 16.7565255620796 17.314219008 17.37677155 17.4229647828375 17.3157205826223 16.8440702688258 15.2417789961773 13.2060424915334 11.8423392876896 11.134172158763
-9999 -9999 -9999 -9999 -9999 -9999 -9999 -9999 -9999 -9999 16.9206480573402 16.763194365623 16.9603206723069 17.1938924791222 17.4181850131026 17.5171496939804 17.4895200174094 17.591392261677 17.828020267465 17.971472032 17.8961779568744 17.985604496 18.1483981939838 18.18749145 18.084024214 17.928614992 17.755452854 17.5868914251291 17.389378644 17.262540782 17.0962814765838 17.0471717151547 16.8730676537256 16.6569137065931 16.1407631066024 15.5329591614385 15.2049047720281 14.7005543517409 14.2262994614538 14.1758446651112 14.4933438551206 14.4146662176795 14.417807588 14.5686443099283 14.303697396 14.2784844828873 15.3006394054376 16.5846182957103 17.3060403634428 17.6090781862948 17.724938908 17.843226780853 17.8154905394333 17.4747747494307 16.7388475731451 15.1147986308566 13.380265426287 12.0365532379972 11.1780543317198
-9999 -9999 -9999 -9999 -9999 -9999 -9999 -9999 -9999 -9999 -9999 17.2660583477986 17.2476105450163 17.373934443277 17.5939110782154 17.726728038 17.8051530719081 17.9117064340604 18.078516568 18.153620572 18.10190037831 18.2484256987833 18.376727918 18.43927998 18.3718400304018 18.2090419525364 18.0991930490505 18.005397822 17.817950004 17.6302134902896 17.4856115787721 17.4042457661661 17.1091643422089 16.6864368481281 15.9219139130189 15.1642839455964 14.4209672874302 13.7770905750207 13.5913892635952 14.0226370079656 14.8318378915573 14.870388186647 14.9796330910255 15.4905468934256 15.3392214236362 16.0299937680938 16.9740411621637 17.5464622962509 17.822983806234 17.8907441229447 17.976727438 18.0663552178637 17.9808275381299 17.4522564244251 16.1787033522265 14.2479047054249 12.6007771679998 11.858106237823 11.7505196860015
-9999 -9999 -9999 -9999 -9999 -9999 -9999 -9999 -9999 -9999 -9999 -9999 -9999 17.703510868 17.829298306982 18.0081588117125 18.124939388 18.1539681848988 18.185659408 18.2853637369799 18.3588883688157 18.5071398698787 18.639042841427 18.65356566 18.5621095060382 18.4494439353123 18.3796570046495 18.280403522 18.092955704 17.9458149334336 17.763128447872 17.6483651659999 17.3112448044832 16.7117294713666 15.6665157610944 14.8970194287996 14.6230251547081 14.8420578349659 15.002062877683 15.4847152564906 16.0692402966414 16.1766666410645 16.2693361630791 16.73541468 17.1174003529446 17.5022009245641 17.7433461455241 17.8805019740677 17.9177842686267 18.007087448 18.0854770699845 18.0657623072902 17.8800287265958 17.3206331580985 15.7995150304138 13.6894322834874 12.0221713679998 11.8401178275043 12.1880040471409
-9999 -9999 -9999 -9999 -9999 -9999 -9999 -9999 -9999 -9999 -9999 -9999 -9999 -9999 -9999 -9999 -9999 18.36785134 18.376727918 18.483870758 18.591013598 18.7030277794593 18.78392567 18.78392567 18.7238762195217 18.66785134 18.5464249038242 18.410763532 18.2907122048298 18.180403522 18.0580558674839 17.9480313658109 17.7062200422759 17.2945640743249 16.6545194987521 16.5041140960714 16.6927754544314 16.755252598 16.8790270257997 17.0395427682914 17.1495565249833 17.3556101992436 17.503487108 17.6668563970589 17.7635035696885 17.88392567 17.892801768 17.98392567 18.007087448 18.114230288 18.18392567 18.139335372 17.8853088733215 17.1396319769832 15.2722385066693 13.4176956199577 12.228791797933 12.5775511775684 12.7955354200779
-9999 -9999 -9999 -9999 -9999 -9999 -9999 -9999 -9999 -9999 -9999 -9999 -9999 -9999 -9999 -9999 -9999 -9999 18.6739983406764 18.698156438 18.805299278 18.8848437167974 18.89106851 18.89106851 18.839334892 18.7374505969586 18.6882069860021 18.5423472130393 18.410763532 18.303620692 18.2826201548398 18.1802486947995 18.0708271622775 18.0086496988754 17.8065476733571 17.7760506388089 17.7341349325979 17.6919227408848 17.6510316214827 17.6606010735231 17.66427404 17.7505048332074 17.789309429644 17.878516088 17.89106851 17.9015784522351 17.999944608 18.09106851 18.0931372018859 18.1027066539262 18.0748286479665 17.973272682 17.3340296443773 16.2005551199999 14.8119832708496 13.0847865825044 12.790570795499 13.2017684827463 13.0915071308672
-9999 -9999 -9999 -9999 -9999 -9999 -9999 -9999 -9999 -9999 -9999 -9999 -9999 -9999 -9999 -9999 -9999 -9999 -9999 18.912442118 18.9968369917277 18.99821135 18.99821135 18.9544181449507 18.8990746666416 18.839334892 18.7333729061737 18.6255292474187 18.439037768989 18.312552182 18.3 18.296477852 18.19821135 18.1819056449727 18.0736749694349 17.9976693021574 17.9596448102503 17.853620812 17.79821135 17.79821135 17.79821135 17.871373248 17.89821135 17.8997754811039 17.9928985264884 17.999944608 18.0983701123269 18.0842675847345 18.00178865 17.9720260755499 17.866129842 17.5400233338258 16.3376838278642 15.4531100553755 15.1294822221184 14.0311434720168 13.1325570280347 13.3480007020001 13.0232344124376
-9999 -9999 -9999 -9999 -9999 -9999 -9999 -9999 -9999 -9999 -9999 -9999 -9999 -9999 -9999 -9999 -9999 -9999 -9999 -9999 19.1012401513016 19.10535419 19.10535419 19.060763412 19.0025842737984 18.9442758994266 18.839334892 18.732192052 18.544744234 18.417906372 18.310763532 18.3052613752234 18.291123662 18.2 18.1780781204515 18.1037316103234 18.0645573229015 18.00535419 17.9563907153515 17.91070838 17.9731926521985 18.00535419 18.00535419 18.00535419 18.00535419 18 18.0084008548485 18.078626872 17.969003780797 17.850387678347 17.6548716518455 16.8050241549351 15.2482227539882 14.3478316952647 14.3479961448545 13.8008685684118 12.752985448394 13.1779899458795 13.3134557006631
-9999 -9999 -9999 -9999 -9999 -9999 -9999 -9999 -9999 -9999 -9999 -9999 -9999 -9999 -9999 -9999 -9999 -9999 -9999 -9999 -9999 19.1912902071886 19.2 19.1609817449039 19.060763412 19.01249703 18.946477732 18.839334892 18.6619228111921 18.5266178619502 18.417906372 18.3984831377651 18.303620692 18.21249703 18.21249703 18.182192172 18.11249703 18.11249703 18.11249703 18.11249703 18.11249703 18.11249703 18.11249703 18.11249703 18.1006760370854 18.0122804242278 18 17.9819791705125 17.8122285673095 17.4526591699858 16.956619731758 16.1933132559998 14.6700925559823 14.0231225266335 14.6216008129823 13.6202530544414 12.0832875924126 12.5885917694236 13.5158487132348
-9999 -9999 -9999 -9999 -9999 -9999 -9999 -9999 -9999 -9999 -9999 -9999 -9999 -9999 -9999 -9999 -9999 -9999 -9999 -9999 -9999 19.091025358 19.1680749863409 19.18036013 19.148947342643 19.1080766101882 19.0469468063021 18.946477732 18.839334892 18.661918871773 18.544689082 18.4385988264927 18.392866963244 18.31963987 18.31963987 18.289335012 18.21963987 18.21963987 18.21963987 18.21963987 18.21963987 18.2052709683433 18.2 18.2 18.1239870171277 18.117566202382 17.9947702376752 17.9121886125986 17.6039708821999 16.8296209108417 15.8775617420695 14.9163566525597 13.9536751307017 13.8132356282979 14.5358179960309 14.0774812590421 12.9348443890566 12.856810188505 13.3699903460321
-9999 -9999 -9999 -9999 -9999 -9999 -9999 -9999 -9999 -9999 -9999 -9999 -9999 -9999 -9999 -9999 -9999 -9999 -9999 -9999 -9999 18.849956968 18.957099808 19.0315944887585 19.098168198 19.1190955440088 19.1 19.026837862 18.919695022 18.812552182 18.705409342 18.6237799917422 18.4511880961348 18.42678271 18.4205792938889 18.377811604234 18.32678271 18.31484015552 18.3138556006029 18.32678271 18.3091010171511 18.2464328409718 18.2052749249052 18.2 18.1493322453185 17.9813433770725 17.7150536443466 17.4932526620326 16.9585766371626 15.6745757420444 14.6520168202355 13.8629991246043 13.6545182259466 13.9138686684474 14.3938283554372 14.0859545947734 13.4238993972651 13.7271824928179 14.0273269521244
