catData/variables/futureClimate2070/rcp85/GFDL_CM3_2070_rcp85/bio15.asc
NCOLS 409 
NROWS 350 
XLLCORNER 60.897278365 
YLLCORNER 5.843756025 
CELLSIZE 0.0892857 
NODATA_value -9999 
[rows 156 to 181 of 350, columns 177 to 235 of 409]
138.916804455799 139.46377748 139.9464677 140.60663428 141.67806268 141.186432008485 140.12554822 140 140.069914311903 141 141.16016538 142 142.286800705754 142.9464677 142.524457647321 142 141.442780600396 141.018192193067 140.26840742 140 139.12555062 139 139.016379740381 139.862483286157 138.991426107306 138.495682559231 136.69698022 135.62555182 134.55412342 133.972307474619 133.389250571918 132.964660021544 132.9464677 132.9464677 132.9464677 133.942977964605 136.03460756 138.172714322321 140.258215095783 141.673743910754 140.64345032 139.57202192 138.50059352 137.456857516903 136.41126902 134.715021089977 133.282780943485 132.19698382 131.12555542 130.05412702 129.930092502664 129.079229961596 129.884361764261 129.8394031 129.8394031 129.8394031 129.417399861888 128.8929354 129.48166398
137.44588138 138.452666387775 138.8750393 139.53520588 140.60663428 140.8750393 140.109859626545 140 141 141.011088635137 141.265111702 142 142 142 142 142 142 141.33983582 140.359827740912 140.024614636224 139.234822426639 139.006763150497 139 138.988911664769 138.71487632 137.64344792 136.57201952 135.50059112 134.42916272 133.35773432 132.801470764722 132.172411098142 131.8750393 131.8750393 131.8750393 133.76679006 135.907484567539 137.83881078 138.91023918 139.779018121053 139.57202192 138.547384526781 137.55412582 136.935357507491 136.28630832 135.21487992 133.5032834611 132.19698382 131.12555542 130.05412702 128.997838007444 128.78630952 127.71488112 126.846100078853 126.7500786 126.703287893125 126.680834349739 126.7500786 127.265239244533
137.358315137075 137.905204902115 138 138.66016658 139.587917700313 139.961315938877 140 140 140.807010116448 141.071310004361 141.835065634829 142 142 142 142 142 142 141.33983582 141 140.19697902 140 139.05412222 138.996601254885 138.71487632 137.64344792 136.57201952 135.50059112 134.42916272 133.35773432 132.28630592 131.21487752 130.673962322171 130.6072218 130.6072218 130.7789536554 132.509602045409 134.627923853781 135.89234308 136.96377148 138.03519988 138.50059352 137.8036109 137.35773672 136.28630832 135.330500267304 134.210192513505 133.07202312 132.00059472 130.929166319999 129.85773792 128.78630952 127.71488112 126.64345272 125.57202432 124.8036109 124.42916752 124.074353964821 124.4108327 124.52645257597
137.387232336488 137.914400167995 138.2678175 138.751179916961 139 139.80302338 140 140 140.01730858 141 141.117270288342 141.7321825 141.813337142692 142 142 142 142 141.33983582 141 140.19697902 139.765807153172 139.039627342345 138.71487632 137.64344792 136.57201952 135.50059112 134.34800872007 133.08991682 132.01848842 130.94706002 129.87563162 128.981006097515 128.536249846968 128.464365 129.33881198 130.41024038 132.498972560001 134.576861210618 135.935236886134 137.169565398349 137.42916512 136.7321825 136.405721228202 135.48269742 134.842327540764 133.588665974753 132.26841222 131.19698382 130.12555542 128.800805683179 127.71488112 126.64345272 125.57202432 124.50059592 123.651029785594 123.190204109923 122.28631072 121.593640459043 122.05309358
138.633863849949 139 139 139 139 139.80302338 139.703345818887 139.981640072956 140.3506826152 141 141 141 141.30302218 142 142 142 142 141.33983582 141 140.19697902 139.12555062 139 137.98856487061 137.220408477546 135.83983702 134.689842193859 133.054714539999 131.159275910172 129.87563162 128.80420322 127.73277482 127.3215082 126.58991802 126.3215082 127.19595518 128.26738358 130.35611576 132.468870531737 134.30258346 136.06082791195 136.01849082 135.3215082 135.3215082 134.979698399324 134.271747691168 133.33984062 132.26841222 130.924563873301 129.786309519999 128.089891670386 126.97682919777 125.602125534073 124.83984182 123.76841342 122.69698502 122 121.55412822 120.48269982 120.58872858
139.227562276385 139.212445831785 139.4106743 139.139560851875 139.300447256295 139.883916615535 139.484663092635 140.35655448 141 141 141 141 141.30302218 142 142 142 141.758221345664 141.200273982506 140.699553729323 139.78630472 139.073990207017 138.611552304813 137.5893257 137.448297551527 135.708287380605 133.715468639999 131.572611839999 129.42975504 127.549664767622 126.25067212 125.421021388718 124.907539923111 124.336832205058 124.508430493228 125.46377268 126.53520108 128.220365177739 130.67805788 131.843873025921 133.41024038 134.000075470419 133.5893257 133.5893257 133.5893257 133.5893257 133.20027681127 132.26841222 130.39396764 129.12555542 128.05412702 126.56182817212 124.963560959709 124.42916752 123.35773912 122.410751184801 121.846225727029 121.326562001141 120.907583598623 121.41007718
139.769079237178 139.750016038326 140 139.658101510668 139.860993764836 140.387139739661 140.4821027 140.971971491346 141.4821027 141.4821027 141.4821027 141.370450713359 141.156934368862 141.698420935635 141.785040539869 141.5178973 140.92916152 140.5178973 140.139007478118 139.19697902 138.578425592888 137.57201952 136.509553943895 135.94706002 134.632520665098 131.943063710404 129.429755039999 127.28689824 125.14404144 123.51848962 123.0357946 122.693898596575 122.5178973 123.32091588 124.39234428 125.46377268 127.043569140942 129.649407503555 131.082946731948 131.74948628 132.5178973 132.698418621542 133 133 133 133 132.26841222 130.781103908521 129.60765812 128.080221802485 125.98269862 124.91127022 123.83984182 122.880061935502 122.336018360001 121.98659694899 121.749249411008 121.99940288 123.638486555971
140.246809210741 140.5535311 140.227646207613 140 140.404960574034 140.912056065143 141.484036255681 141.5535311 142 142 141.911343481027 141.343069479796 141 141.167180538557 141.247397802266 140.71365427691 139.85773312 139.4464689 139.041509654441 138.534413906382 137.57201952 136.50059112 135.42916272 134.308616970324 132.57261184 130.198163659999 127.119167367854 124.59051034 122.694460093791 121.37563282 121.218820035438 121.4464689 121.851426817085 122.80301858 123.87444698 124.94587538 127.034607560001 129.177464360001 131.088653862024 131.656928377153 132.167729543671 132.720709495506 133 133 133 133 132.26841222 131.19698382 130.12555542 128.10825404 125.98269862 124.91127022 123.83984182 123.256380748746 124.139503650392 124.174035667962 123.66119042 123.338020642335 124.342078104534
140.44588138 141 140.779199338604 140.6249595 140.899337247097 141 141.87445178 142 142.614142338497 141.944542981347 141.314971995802 141 140.810623409898 140.3750405 140.096384195599 139.556069781551 138.78630472 137.962464624149 137.475704153 136.873184909849 135.87563162 135.39533852445 134.35773432 133.197571339999 130.954619164101 128.055306859999 124.6516465698 121.37622514 119.67924492 119.254405843297 119.96377388 120.787614875948 121.73159018 122.80301858 123.87444698 125.537009184547 127.659567060001 129.802423860001 131.78512008 132.6249595 132.92797688 133.390946052554 133.278653304596 133.301666338254 133 133 131.811199486805 130.57202432 129.50059592 127.48329454 126.618470781794 126.16118922 125.189853196094 125.193319426757 126.363561889607 126.016504172457 124.55412822 124 125.103794556978
140.831762882133 141 141 141 141.509473891773 141.6963879 141.961882041275 142 142.28630352 141.21487512 140.3036121 140.3036121 140.211610899584 139.73923714694 138.85773312 137.943365499987 137.01848842 136.406790366965 135.794139879558 135.363417313918 135.038118687394 135 133.958590191305 131.367961352175 128.43034736 125.216062159999 121.909776488252 118.85832784 117.471850675205 117.82091708 118.89234548 119.96377388 121.03520228 122.665843102588 124.483401276064 126.58813866 128.743045603017 131.570240160001 133.441402490031 133.535112136554 133.30301738 133.886313730398 133.831760696126 133.842940677351 132.876417638346 132.763339104304 131.53682444 130.19698382 129.12555542 127.10825404 126.987951528315 126.21488232 125.3036121 125.53519868 126.3036121 125.815483179067 124.864627932543 125.05662948602 126.338994621008
141 141.397198881234 141.7678163 141.7678163 141.937680729358 142 141.328581669752 141.2321837 140.460348629854 140.14344672 139.2321837 139.054362220737 138.4643674 138.377426078868 137.443951571328 135.94706002 134.87563162 134.4643674 134.294503527883 133.615611102314 133.4643674 132.738107022708 131.644632559999 128.430347359999 125.3390379067 122.769593259999 119.787971586306 117.770794756109 117 117.120109784285 118.272956165518 119.66016178 121.293317045124 123.990424214928 125.613111915271 128.385825594533 129.806441515665 132.177464360001 133.877026096059 133.356230307489 133.838171996453 134.28750557335 134.425466836847 134 132.82253804 132.153278247438 131.330733162365 130.19698382 128.454142618028 127.792951123547 126.969414338423 125.211582091379 124.877027938818 124.285954329015 124.4643674 124.377427750591 124.574531320394 125.51730018 126.58872858
140.534958884994 141.51730978 142.494095397253 142.8392447 142.8392447 142.165311584359 140.391669198229 140.1607553 139.14622916597 138.307245660159 138.026337353711 137.284280672418 136.906445541452 136.007254935323 134.964709510806 133.80420322 132.73277482 131.767471310805 131.4822659 130.67924492 129.748388892416 129.490966333713 128.444871479842 126.055306859999 123.00118464 120.82109829823 118.80902348436 117.62555182 117 117.434145462749 118.522620091122 119.66016178 121.46318036 125.082984827267 127.447566673397 128.928473740949 130.873852260001 132.942241048216 133.974253337914 134.07083368 134.8392447 134.899438843698 134.928323362432 134.405101251439 133.810716749382 133.12445413918 131.49367575305 130.19698382 128.251110839999 128 126.140672631467 124.851068004805 123.295764323727 122.966397490144 122.3215106 122.635760222115 123.60662708 125.112196914374 126.58872858
140.44588138 141.51730978 142.58873818 142.398804054075 141.423083031619 140.37563042 139.226089953293 138.227939264251 137.16134522 136.1786538 136.01848842 135.1786538 134.87563162 133.80420322 132.73277482 131.66134642 130.053772182146 128.60781652 128.2679807 127.46495972 127.189868847678 126.317268349866 125.23336834 123.163393350091 121.76900094 119.626144139999 118.062259082414 117.62555182 117.406047807326 118.42797808 119.49940648 120.57083488 123.04009295715 126.302133100394 128.659567060001 129.85654848 132.840195673026 133.99940528 135.056527031886 135.842033325658 135.634723323201 135 135 134.953790964167 134.9106731 134.25051372 133.113734851535 131.287044786009 129.161783939999 127.187910942194 125.07202552 123.992671163815 122.854148253729 122.068639988727 122 122.033447866361 122.941242116096 125.03460036 126.58872858
139.46377988 140.53520828 141.028436030315 141.023981008468 140.28630352 139.21487512 138.14344672 137.07201832 136.00058992 134.930749778836 133.87563162 133.035797 133.030373357511 132.64344792 131.134121104923 129.01044126614 126.87622394 125.393531319999 124.335197329793 124.057221128989 124.0536955 123.10781772 123.018181065337 121.92916392 120.69757254 119.00960822337 118.684505319532 117.99329793925 118.42797808 119.49940648 120.57083488 122.290609154382 124.440477726837 127.391157240001 129.730995460001 130.92797688 134.016399348294 135.965791172924 135.984968134141 136 135.994576443424 135.9821015 135.9821015 135.9821015 135.9821015 135.32194212 133.53202026388 131.39396764 129.251110839999 126.179310767533 124.00059712 122.92916872 122.015031908815 122 122 122.367741405163 123.873845060001 126.01670186 127.57083008
139.416219465684 140.489618239208 140.914955004098 140.303450922021 139.26840502 138.153990858771 137.07201832 135.949957048553 133.874705093443 132.661936339999 130.67924492 129.827013108116 129.7858804 129.765836097898 128.418581417211 125.75126564 123.60840884 121.500890562538 120.8394103 120.882395932757 120.8929402 120.943572942976 120.930090318085 119.91126542 119 118.76840862 118.286799161479 118.986558447261 119.49940648 120.57083488 121.64226328 123.373853460001 126.209138490824 128.563051655715 129.82091708 131.888853474504 134.050985070388 136.955969749444 137.21369048 138.0535299 137.463715630049 136.1070598 136.529066379732 136.53622732 136.610746169514 136.33984062 134.53682444 131.547966084186 128.323136359999 125.10885116 122.92916872 121.86249001625 121.16015818 122.243983386469 123.35654488 124.448017196687 125.55293158 127.14166016 128.69578838
138.836046180754 139.8750417 139.433438964236 139.620138292893 139.14344672 137.26899494 135.891319912139 133.85832304 131.59050794 129.447651139999 127.444945726396 126.23963345496 125.337343363525 124.92259032791 123.539166819346 121.530193890782 119.521220962218 118.08991922 117.7500834 118.55310438 118.859353107961 119.82091948 119.8750417 119.808483364536 119.1249583 118.89336692 118.1249583 118.87385466 120.515118900554 121.581946530883 122.71369168 124.362789166247 126.371762094811 127.778404116625 128.87444698 131.83762614 134.03460756 136.177464360001 138.16016058 139.02893896524 138.89766999335 138.328084791889 138.08276956136 137.422380370982 136.926433177582 136.21488232 134.32044817471 130.538018679999 127.126749659998 124.030659139597 121.98269862 121.011087522468 121.305129573904 122.684151094661 124.42797328 125.87384506 127.626545459647 129.219876008918 130.71368688
138.33705985281 139.101592760572 139.669504531666 139.080537547807 137.731956096141 135.80479314 133.661936339999 131.704837827145 128.76899614 126.626139339999 124.451828189567 122.098557101805 120.048308194042 119.2144532 118.856138921481 117.995124809244 117.134110697006 116.273096584768 116.143675052531 116.99940768 117.899105851945 118.760119964182 119 119.08873458 119.968546120896 119.617503386866 119.059509054629 119.871746417609 121.087564230154 122.23099666 123.78512008 124.72690148656 125.875264761203 127.644721691035 129.046176736728 131.848255495511 134.230994260001 136.338999419973 137.96377388 139.080683275539 140.422034546602 141.01832762 138.880023342348 137 136.29565008565 135.013807397887 132.41246326 128.552863577636 125.180279559999 122.91186734 121.986096380923 121.28511648 122.51670306 124.42797328 125.49940168 126.94527346 129.000566972503 130.51730018 131.58872858
137.356132560001 139.120222950462 139.574511925449 137.660672638638 135.073062757271 132.85832304 131.183849021811 130.307440814995 128.773463639083 126.798726027309 123.433714445477 119.95566139405 117.499462909121 115.7321849 115.7321849 115.7321849 116.047529563589 116.444617035883 117.071291240028 117.855774935939 117.76580925185 117.7321849 118.7321849 118.82091948 119.65781004901 119.205791431406 119.30301978 120.474731056772 121.71369168 123.163882975051 124.58873338 125.176801293127 126.535064562784 127.80301858 129.748893960001 132.145070469482 135.297788446429 137 137.117267158251 138.195362860001 140.641237040001 142.558303588031 140.277267876207 137.387820973421 135.664866993718 133.235065489629 130.26960646 127.055321259999 123.841036059999 122.079261973452 122.004633570815 122.35654488 123.545238681007 125.23158658 126.384166967171 127.916420268741 129.44587178 130.51730018 131.58872858
135.21327576 137.005144599297 137.054287819999 135.546650061181 133.035673401597 130.987886702013 130.957408582429 131.320883702844 130.965075950222 128.449847619997 122.34444779227 118.842866630989 117.315020889841 115.127029925336 115.3392435 115.690229832334 116.995477273418 118.114694773002 118.3392435 118.066823852171 117.12555062 116.67911711134 117.6607565 117.779593709491 119.16016298 119.846974490321 119.539465789264 120.74889636 122.44587658 123.692797331983 124.92797688 125.775449687187 126.73159018 127.80301858 129.748893960001 133.158508214475 136.35067708511 136.969898184694 136.606423064279 136.706125903864 138.89132164 141.35671528 140.947166794765 137.933357222201 134.55532006 131.564989638628 128.217806760955 124.912464459999 121.994828899874 121.6607565 122.01730138 123.08872978 124.16015818 125.23158658 126.606029960001 128.37444338 129.44587178 130.51730018 131.58872858
132.887308006501 133.7679843 133.421024346983 132.51848962 131.316357240934 131.516093168836 131.798913832098 131.213438337228 127.666714922304 124.523543972529 119.924100860919 118.22124959766 116.642841028805 116.19579438 117.37067370366 118.450643446114 119.16830233863 119.4106719 119.110227385145 118.19697902 116.766438831661 116.03189574508 116.596435261822 117.141028361436 118.74949108 119.5893281 119.71376980879 120.595121014468 122.218313662274 124.03460996 125.58873338 126.2711098925 127.14226208 128.21369048 130.518676662727 134.216400880532 137 136.874828007048 135.363394070306 134.505352266436 136.373939516823 138.39932762008 138.505218116661 136.321887513403 132.82313516 130.269009339999 126.963419523629 123.59095146 121.251110839999 121.388443453855 122.420868089403 123.08872978 124.16015818 125.23158658 126.606029960001 128.37444338 129.44587178 130.51730018 131.58872858
130.48168078 131.0357994 131.0357994 131.330432338804 131.129398140663 131.86051889038 129.089279692631 125.367447641458 120.580534391611 119.933728234037 118.434950097748 117.880057650816 117.4821003 118.037073616953 119.871920759957 120.73208666309 120.198270603841 119.681734650773 118.78630712 117.71487872 116.190573248432 115.543992038499 115.53520588 116.60663428 117.600848059293 118.147449673776 118.82091948 119.89234788 121.40965286 123.55250966 125.10663308 126.17806148 127.602189725255 128.80301858 131.623340940001 134.381619335539 136.5178997 136.383213150597 134.756892303666 133.833629143266 135.313865220394 136.216319822872 136.30294362406 134.48389166 131.553433842077 129.19758094 126.675835048214 124.365220142565 122.636881434351 122.93616823258 123.4821003 123.57083008 124.64225848 125.71368688 126.795963034475 128.072862345831 129.44587178 130.766690751968 132.07082888
127.845207698749 127.7858852 127.7858852 127.644533764756 126.030257783587 123.772696644797 120.047081547982 117.358965159173 116.8929426 116.942061065181 117.4464713 117.4464713 117.614202773367 118.74890116 120.44587898 121.286344481552 120.96479292 119.527944699658 118.26840742 117.19697902 116.12555062 115.05412222 115.01730618 116.039617443288 116.4464713 116.549870204497 117.19596238 118.474658594293 120.33822446 122.194738106917 123.807556802478 125.472051571874 127.058224198732 128.693983710664 131.623340940001 133.89175076 136.009578138849 136.513912328243 135.94689682 135.082264085933 135.167728816429 135.513441508352 135.00059712 133.180905384614 130.82253804 129.045098403404 127.495307972799 126.30404122 125.23261282 124.583489559016 124.5535287 124.593144000225 125.16015818 126.23158658 127.16772748796 128.095150302645 129.692674606751 131.58812906 132.81637911446
124.332946954189 123.801832280089 123.132235494368 121.554881339999 119.137645037075 116.592956622797 114.922719988518 114.39534015424 115.3750429 115.46377988 116.3750429 116.519779077127 117.30302218 118.51488561143 120.099577114292 121.51730738 121.41126422 119.679671639999 118.26840742 117.19697902 116.12555062 115.05412222 115.01730618 116 116 115.85526532277 115.67806268 117.357953308673 119.89175316 121.840598400117 123.434490754162 125.320323560001 127.188802657281 129.23099426 131.701806191276 134.482882294446 137.256403859832 137.6249571 137.46479652 136.39336812 135.738601616946 135.62555422 134.55412582 132.96539484 130.82253804 129.752411911663 128.89336932 128.323791583106 127.37546962 126.30404122 125.6249571 125.6249571 125.78511528 126.711812002564 127.30301498 128.37444338 129.891743560001 131.711309939678 132.3750429
120.9108435 120.7537807498 120.01849082 118.286895839999 116.653511175945 115.256781577993 114.12554822 114 115 115.026941833814 115.415151348234 116.23159378 117.30302218 118.37445058 119.891757960001 121.51730738 122.231238341046 121.072442639999 119.15170795538 117.89336452 116.82193612 115.75050772 115.701639907188 116 116.111535176909 116.46479412 116.210423861006 118.255355256947 120.58813866 122.73099546 124.28511888 126.016709060001 128.15956586 130.30242266 132.445279460001 135.53401164 138.012050101487 138.634593696464 137.83983942 136.929686227632 136.48536859032 135.886312831728 134.940011006223 133.325636855824 131.928907257873 130.933045580079 129.96479772 129.6963855 128.82194092 127.75051252 126.6963855 126.6963855 126.85654368 127.6963855 127.99940048 129.07082888 130.277630417549 130.796819491001 130.607229
119.2321861 118.83498846031 118.327675378065 117.418738016439 116.26840502 115.19697662 114.796964451564 114.7678139 115 115 115.16016538 116.23159378 117.30302218 118.086942219813 119.12394406 121.146689276937 122.58873578 122.186554873686 120.30462874 118.96479292 117.89336452 116.82193612 116.7678139 116.835945543935 117.69579078 118.481855500684 118.676818460942 120.28452416 122.427380960001 124.570237760001 126.12436118 127.349069969068 129.23099426 130.757282232318 132.748893960001 135.83762614 138.004017697194 138.211583721181 137.83983942 137 136.929643576306 136.48030922532 135.450600033055 134.25051132 133.17908292 132.10765452 131.03622612 130.151246915071 129.12555542 128.05412702 127.7678139 127.7678139 127.805000403197 128.177815395178 128.838169766448 129.37444338 130.44587178 130.879890088677 130.315779912949
117.3215154 117.23835386958 117.1607577 116.50059112 116.043148173684 115.19697662 115.733876923087 115.045419642212 115 115 115.16016538 116.23159378 117.048713148706 117.475012465996 118.517557459303 120.19537246 121.74949348 122.054631224801 120.53681484 119.19697902 118.859425528905 117.89336452 118.6784846 118.76721918 119.83864758 120.872845882412 121.566439662887 122.42738096 124.57023776 126.278950338784 127.42797568 128.49940408 129.688441234679 131.476945740022 133.588136260001 135.883049810575 138 138.074467798827 138.813495253529 138.6784846 138.169874594137 136.62555422 135.55412582 134.916839627035 134.25051132 133.17908292 131.493675108861 130.19698382 129.859426300542 128.099552704757 128 128.074465784646 128.8392423 128.682114371903 128.41506068875 129.37444338 130.44587178 131 130.41127142
