catData/variables/futureClimate2070/rcp85/GFDL_CM3_2070_rcp85/bio16.asc
NCOLS 409 
NROWS 350 
XLLCORNER 60.897278365 
YLLCORNER 5.843756025 
CELLSIZE 0.0892857 
NODATA_value -9999 
[rows 100 to 124 of 350, columns 112 to 167 of 409]
89.5697318400007 92.7371965877378 96.89065252 100.159045540001 103.37333074 106.579039738738 109.74835924 112.978869465762 115.876058398012 118.498298640001 121.684885577488 124.87332714 128.74778852 131.57029296 132.150079711512 134.78400984 137.001760523988 140.072714576524 141.33811886 143.623998494477 146.51674866 148.995087034523 153.0329266 158.81208345824 166.217921505988 176.004040792524 184.887883035535 190.9792623 193.970308343012 197.919449415262 205.944789632488 212.496930879763 220.04479292799 227.33582878 234.020800873024 242.528395668761 254.383320958989 267.832511260002 280.717350065512 293.631857177762 307.866707050013 322.153299939999 334.561804089023 348.02388200648 359.20264155802 364.017548322522 367.327560532979 370.587283288479 375.233861651991 381.60506573974 387.26745717251 391.56279015524 394.433086042062 397.183804921864 403.387021864532 412.091432109919
92.6836614676515 95.2174321618517 99.0470330609955 102.301902340001 105.51618754 108.57029536 110.973701783809 114.549177347615 118.37332834 121.643336669539 124.40954966 127.14115424 130.933113204733 133.71314976 135.253684124841 137.904701938006 139.19583038 141.297566623701 144.17749316 146.16017498 147.49215030388 150.602259227544 155.8723009 161.173720070392 167.366950043628 177.690033660001 189.391831130679 196.807326231746 201.060452229968 206.231398101069 213.49600376 220.136124681781 228.418347566799 235.020848326123 242.488025363953 252.757227434945 264.743196360001 277.544614630322 290.849822240002 304.851966826835 320.069771884593 334.635529839999 348.463744367439 361.05590918456 373.968470889715 383.083928041709 387.952206193131 389.049908044555 391.724720911957 396.889808200001 402.293746001176 406.948739399504 412.435418118329 424.41122296762 437.388633077408 440.542321307249
95.3916655600003 98.939962820822 101.470353754492 104.444759140001 107.641614155702 110.579670718403 113.51561922 117.49829864 120.71258384 124.285187611187 127.529037013717 130.35543944 133.440066896477 136.143378936852 138.721549840013 140.242603158232 141.524458703135 143.41011558 144.552860847059 146.388031837844 148.087607540001 151.545409472349 155.995156107446 160.608410445087 164.99058673528 173.816834450949 186.739867576501 197.445566808276 206.371100331835 213.915717807502 221.388799959999 228.888798760001 236.406226801585 244.405540219999 254.234510668611 264.554367296293 275.383937338803 287.672336280002 300.391077928998 314.813591320001 329.554275318384 343.832874585711 357.011129060001 372.491639600002 387.042836800842 399.42603792 403.287069319089 402.668445349738 403.918673600034 408.127982219748 414.62774562952 421.154142689487 427.468081122831 440.359124848156 455.283744787669 452.822919955331
99.4095520600005 101.55240886 104.387822280518 106.587615940001 109.736921541941 112.44419082 116.6678741156 120.44475674 123.85962439372 127.289559651911 130.35543944 133.412042029452 136.032819631779 139.533956086992 140.965802188476 142.82023116 144.709753043303 145.82079948 146.915996619156 148.39165836 150.766118540001 153.98040374 157.468858535925 160.69525846 163.216880733466 168.457207401182 181.45275025799 196.295170620892 210.888098894361 222.585756212684 231.002669907824 238.531654360002 246.09662924363 254.58417002 264.227025620002 274.09175111994 285.09411522129 297.047364780002 309.211840896252 322.801828770044 336.43800384621 350.261532777685 363.439819460002 378.451923660207 394.709435431126 409.858823842931 412.549963065654 407.854317249632 408.638853624183 415.668691206377 426.746334612524 437.88756853655 443.834227720965 445.393869149801 447.937262097117 454.257972319102
102.351403090641 104.42743856 106.57029536 109.063852137973 111.974866519585 115.65847602 119.71258384 123.029675052253 126.975257920382 130.721563927366 133.56972464 136.394997982478 139.113582139966 142.21258024 144.896265815147 147.10594476 148.30291178 149.707720392185 150.504407394629 152.501137188782 155.808915860485 159.18107864196 162.15891354 165.078580313153 167.40942246 170.54049485653 182.38038341672 199.401912379999 216.817199320936 229.951246798491 239.566877423954 247.495998960002 254.995997760001 262.762002291286 272.119941820002 281.76279742 292.656063221383 305.430805818941 317.053500747011 328.90071446595 341.606605125179 353.229710081672 365.091474706562 378.392760335726 393.191013089004 406.571604401834 405.904423533888 399.773196981506 405.324515652631 419.609668916136 436.97418582 452.531726753841 459.74453565718 449.821328957087 448.553155209579 467.670834579607
104.873306683393 106.621851064421 108.71315216 111.055981010035 114.550599842773 118.46207732 122.51618514 126.157955778876 130.35543944 133.569724640001 136.78400984 140.240084274407 142.96308796 145.537091117828 148.311357923945 151.288544979876 152.58862538 155.0534195 155.178612871586 157.133415729062 161.474033340649 164.962565533234 167.76611614 171.163520601 174.725414724648 180.196351095062 191.239343197354 207.223157779999 225.169042760002 238.651904435705 246.508555885462 254.578202547939 261.674628760001 269.33480014 278.137828320002 287.905133207592 299.024486977049 311.993369760002 323.298566820001 333.151759327505 343.059470285988 352.46257396911 362.468439355229 373.773367644037 383.807143034924 389.776673434317 385.628110399696 381.791255896047 397.845583616831 425.744768655132 450.252429690815 456.03621725198 454.811752948799 452.463274257344 460.435747485463 477.966565739293
106.986177505967 108.35657608 110.829922914452 113.00670163534 117.71258384 121.00982293492 124.770701935289 128.669314789003 132.786033055708 136.301897540001 140.014994812253 143.999597773665 147.084968316545 149.39165836 151.147363083037 154.101005245654 156.340052274765 158.498810915183 159.666615877801 162.40897414 165.623259340001 168.83754454 172.232361598638 176.624052557696 182.210775879057 189.871765430735 201.933427258953 216.986502350945 233.38274090032 246.065385680002 253.087821680625 260.032343880001 266.549658460001 274.20982984 283.012858020002 292.81264880864 303.384841778432 314.884924336446 325.655831220001 333.553520395607 340.362316212783 348.089523487384 357.334579820001 366.977435420001 374.762360473513 377.563068587262 373.885201480281 375.073364064514 394.803613094715 422.648130208496 448.204385294483 453.934833957668 457.245198604261 463.240859105382 475.545601020002 481.139525435634
108.82218009363 110.949647765812 114.05183934 117.273857474023 120.877742867487 123.58761354 127.03350452 131.01618394 134.60493172 138.938391950387 143.514402368271 147.42686544 151.006585024801 153.67737196 155.906218655745 157.586116995592 160.60537284 161.792753542521 163.578652228032 167.80176914 171.144256237089 174.78388024 178.37262562 183.303298903306 189.711502083231 197.584747940001 209.020918651094 221.915047974322 235.015979191878 246.581459444091 254.51413026 262.113479668984 269.223873475519 277.38846204 286.191490220002 295.83434582 305.437103956677 314.965229503607 324.262395145268 330.957199598731 336.086694100001 342.502065405658 351.459550120001 362.070500334827 370.061859447897 375.147269982908 378.176270216165 387.638578905106 399.943048039634 415.563159673605 435.425839146836 450.941453278201 462.23088627118 473.704666438316 486.600452621387 491.621856640904
112.92788088 115.201723998431 118.33755294 120.905219385412 122.747001689844 124.580638053019 128.406645764119 132.287876537488 136.74778852 141.200725015532 145.69424662 149.759161610194 154.303232633056 158.709807227755 161.657042741219 162.99930688 164.780211070988 166.549664562105 169.763052729769 174.23033954 177.531483164045 181.03394084 185.090738303361 190.604226600001 196.99600256 204.716799069733 213.773961540611 224.465302524007 235.079535982291 244.651570116567 252.37127346 260.892915914887 269.765415810306 278.90634974 287.854121376032 297.787818621108 306.386606798246 314.288424355384 321.543630657562 327.958934031026 332.850714373592 338.51469138 348.857949716789 361.165530721793 370.783197824653 379.265514037584 388.259131489622 399.906083339999 408.73808041169 419.840716284136 435.849702701829 453.228723609384 467.849903840001 481.557677130417 495.909597999837 504.465562932282
118.147857211044 118.403991889302 121.23047154 122.029382588611 123.8469510478 125.921957393012 129.39121484 133.000536154634 137.49785032 142.094081283746 147.125934942934 152.157788602123 157.3900734 163.2567030005 166.95088611969 168.35644888 169.42787728 171.575380894514 177.167965923555 180.65890994 183.711907125177 186.813143988025 191.599997313597 196.711430400001 202.74294810842 209.496806849232 216.910839370044 226.7088168 236.060841731666 242.865156197427 250.887130266713 260.167900685905 270.556896345093 280.562631855719 288.851120956532 298.635263942658 307.578373421848 314.582456196891 320.250431980226 326.711201720586 332.663341735811 339.801362195585 350.86270134302 362.973702083831 375.540607561437 386.792541778197 399.8385331501 405.843867214147 413.406868312117 424.56962518522 440.832669968519 457.16333435032 473.255270475488 489.348404976122 504.710372172752 515.489212039316
121.746660706478 121.332623958896 122.688593211177 122.789167870073 124.245641725443 127.125369699042 129.872650256474 133.97996262 138.553198287505 143.422740056981 148.751634018536 154.479390700001 159.8365327 165.92527928 171.794519301796 173.042156783886 175.469750723259 180.014342180002 186.10853091734 188.500145641824 190.837988060001 193.424588901586 197.33697022 201.726207599763 207.17520548 214.05582983127 221.460345960001 229.469921993098 236.726721084369 240.357998140006 248.263621339999 260.199748808728 272.49123367988 283.301701104606 290.442231389092 299.727764126425 310.106350803881 317.854848320001 321.983568481086 327.300283780001 335.24954423201 343.92410184 354.288027744968 365.251069669452 381.010981498194 396.139526758422 409.204417828712 410.431202142165 416.153521184384 428.989545289073 443.864965960842 459.352559934676 477.52157593057 498.382539794231 517.716029984885 524.484370752639
126.424897335717 127.664066475118 125.645295962394 124.681292808756 124.956535313829 126.615530014928 129.73204697323 133.118559681388 137.1938043 142.853487164594 148.235591251723 153.265230300001 158.6223723 164.71111888 172.487587043015 177.669477366745 186.590835296337 192.956077551868 195.432858064499 194.51662146 196.85385239256 199.690300415598 202.69411222 207.354039728087 212.705267180072 218.82338206823 225.424179976389 232.63897816 239.335946380001 243.734467778278 247.794170285096 259.383067402826 273.125143849332 285.63954408 292.336944321652 300.106591969426 309.380334502034 319.441137995504 324.635548154283 329.70507155756 337.351201981197 346.306050801243 358.73062495926 375.0780774145 383.472992875525 403.217008754164 413.5177629 413.863849927703 418.457691560002 431.617859340001 446.235147207823 462.580229479668 481.269104328494 500.904902826603 516.719489408852 526.533584990338
133.406192588325 133.645312051332 129.854329315609 126.78981829488 125.08874898 126.334661371103 128.362295885868 130.728990410469 135.620613606597 140.041850076857 144.897660529741 150.211690800001 156.170043826078 163.234521714247 172.244889382417 180.761377451753 192.913756817505 199.588049860001 201.45674031509 200.78444616 203.369823531429 206.704876660404 208.620922512235 212.782856400001 217.668886775898 224.783683776814 231.734612739562 236.586539114175 243.281537636778 249.733276049892 255.885968159343 265.58411485872 278.456134961098 289.45789988238 294.720509942634 299.845242046042 307.526328435747 316.835041340001 323.244799936928 328.674360113368 336.401040914802 349.004991634848 366.007312624556 384.94757593931 392.786970287476 405.947198213068 413.0893173 413.701386083964 419.900778480153 433.760716140001 448.779206136488 465.866188580002 482.6765505087 500.097907160001 516.81495846749 527.073235665338
148.15161457922 143.58098869557 136.268517551857 129.877670672246 125.896537363257 125.33824366 127.476957287362 129.919944436285 133.53362812 138.695170681697 144.5865969 148.787307440324 154.645201234334 160.702087002342 168.492295916677 179.643701323458 191.439597407685 200.068653113621 204.136952623915 206.23090546 208.609508769705 211.529087054791 214.03393604 218.139998400001 223.487886168277 230.613161647229 239.156516391803 244.78329752 249.900772367486 256.998236350754 265.408034970496 275.012777220516 285.502337103048 292.7471962 297.645279326772 301.78239848 307.495546508903 311.431207306427 317.24461108484 326.916857542821 340.171540881204 358.009112578781 378.838578727575 392.4959681442 398.639012341818 404.156971460001 411.122932087172 412.65856962 419.256125976165 433.939350740001 447.520258939389 462.643603489651 480.321407434145 497.466159001362 514.604560683136 522.282919829485
153.48179838 145.215035321295 138.375289514371 133.916179105577 129.067117943985 128.124230633673 128.67736956 131.07458764456 134.136830161396 137.260260659877 141.451820879055 146.225893881768 151.818632577411 158.999783303411 167.403172808467 177.791432025055 187.56654752 196.050369580002 202.47893998 208.444136816683 211.541546118327 214.10216217997 217.76553822 222.497140400001 228.39929627245 236.125763439818 244.798591114096 253.349042825083 258.736971675738 266.390612550322 275.938405257381 285.671140005391 293.72975322 297.838143120306 301.388502997995 305.999943098509 308.80245506 310.666533341939 317.063382852089 330.595159724779 348.882687474403 371.377262673577 391.048157741732 396.911231835805 400.155994648886 406.440576760584 413.494636911591 417.201353694056 425.141774902611 439.179596121014 446.86191092473 460.156349530724 479.502620466385 496.869117710264 510.063263619734 519.480882897927
147.202810134936 144.095865184425 138.8956354 133.844719973018 131.969651487315 130.715275490806 132.96308316 134.4998716 134.827538377749 136.210963600601 139.189916686904 143.870164326304 149.423415492534 157.011345352007 167.155297700002 178.634763477711 188.394802160562 195.106073296588 201.65744738 207.905826069117 212.926413520001 217.59089739036 222.934958529313 228.202137337907 234.676953810125 244.424548753775 254.85880668908 262.99599056 268.990281245219 274.372038100001 284.222205880969 295.713582316664 301.093693946189 304.80502851096 306.21300936 308.317997214743 310.420550262405 315.372618299555 324.853845103511 338.625055395403 356.965071471002 379.128035097028 400.357323982935 403.468780285337 407.512802598776 412.952687733039 417.874084758334 424.201296915851 432.266089875445 439.450938556002 444.138334627447 454.176450561849 473.72573103356 497.703324805348 519.920211263987 533.565208125794
141.860305322599 139.900953189124 135.638843897404 132.417614495652 132.855893613902 133.904782984776 137.097886978251 138.726070408275 138.662731965201 139.23147618 140.617024735699 143.863411605626 150.7409421809 158.51402466 168.107696987902 178.7446138 187.752887493 195.517421086477 203.104238880051 209.064950293425 213.697546607599 219.555510880375 227.419766652302 236.191375020002 243.552443142398 252.601256431453 263.045131403249 270.797810337552 277.5470661147 283.99856414087 291.759340895054 300.889479880001 307.016959682803 309.80750966622 312.581640186646 314.755172081954 316.228209017502 321.732245932082 334.143190067242 353.370279320463 376.885908747962 405.305951529872 420.474425099743 416.576777509531 421.441901508512 418.803915661138 419.08784754 422.493759750722 427.176011400001 433.198720737673 441.129769064588 451.087895586136 468.690080861905 498.979125132577 534.146511540566 559.591058519306
135.537264429738 133.472269458618 131.743967141318 128.977258997428 132.069729746832 136.219258378745 140.374231942907 142.045950558348 142.01040230815 143.24936508 143.8034741 146.589531802446 153.15688266 160.65688146 168.744841173043 178.77823614324 188.51300802 198.223758949091 207.270968747671 212.268694847898 219.243541063072 228.556991244431 236.393412150741 244.494718320002 252.964389695026 261.785989090451 272.409726046273 279.924666068755 286.816564935822 296.41878397204 301.576389088653 304.630268892834 310.207583596927 313.1399864 318.373071474024 321.662762225579 321.987750017409 325.507777215216 338.226076797808 364.940340859936 402.147828011021 440.081275151969 440.125726046397 429.536261537596 424.910934878937 413.414822186436 411.927104761818 416.279697760815 422.272777560628 429.156391140001 438.85118448 450.461641457682 467.756875197661 501.960045500002 546.137519460005 583.873700475279
129.915419842075 129.9822407 127.786357868662 126.43173206046 132.21100008 138.4793931 142.91011198 143.6785062 144.300393768901 146.087683874454 147.193261503355 149.512269010517 155.191058928778 162.46048516 169.960483960001 179.20940552 189.173157160123 202.190633541248 212.416777501897 218.086345057015 228.389728753909 240.924971343054 249.74522484 258.913809703022 267.017196990852 273.860305354174 281.789208338598 289.51374626 295.938283866341 301.972309301486 304.57028096 308.104781720001 312.537876941829 318.3341112671 322.294737789572 324.64228248 326.221854730736 329.631078488813 339.5921752906 369.383319612525 419.136267367018 469.936538286753 456.710337384377 431.054696335844 405.803879516084 396.331457355674 401.672154947753 410.64227868037 419.670676612443 428.866271782349 439.305655973907 454.631380027631 477.705840742933 512.979012465698 555.339059395061 592.655853467067
128.132827154412 129.128933693732 129.839993997283 130.778717254675 135.92368775154 141.312049126631 145.148084989139 146.480945563187 147.581654934048 149.618642763498 151.358273381042 153.40896934 157.9436069 164.163045127357 170.783012282449 179.87015242 191.23581666737 204.945683927722 212.782865797189 222.554674602098 235.211891923507 251.133454355748 264.743448887302 276.261834300002 283.32727083339 287.6932679 294.09963630177 300.558708317943 304.802808687439 307.415920356785 309.58790826 314.533352120001 318.65269074929 320.843883744587 322.927181673604 326.21150512129 331.924873876102 340.438580694769 344.570683807765 361.960309367607 422.408384985126 468.224904553647 454.578850595118 406.249412660523 378.940933182763 383.896641413555 395.349243032678 408.649013909777 420.643143552234 431.494416394688 444.131583891424 464.564592477984 492.765813804104 527.282573070991 563.867277451285 594.616311241173
130.921661666749 133.15947706 137.160274008621 139.410030193817 141.76554542 145.968304740654 149.35587096 151.352631981784 153.15947466 155.087363004222 156.42724918912 158.091220473318 162.2293205 167.233748689097 172.074344450316 179.991199243069 191.894654532753 204.217215810142 213.497932514428 226.004983247181 240.933288327118 260.367097086916 280.223011380001 293.830665105142 299.051419812488 302.693265500001 307.755752334826 311.524192312321 313.916317665242 316.957874157197 319.23076386 321.377247548286 321.34040174 319.832504253053 322.975086175924 331.342801533155 344.31134011417 355.285322344955 358.478572903891 361.838696998876 392.223937512199 417.258358843878 401.4527041244 366.597507433888 359.313210844955 378.388536323307 399.518234150683 412.660262301074 424.476023980002 436.396986321076 452.017609369031 476.163332095417 507.088090450109 541.894140077852 574.117676097211 598.583930102881
138.063868457256 140.73077226 144.664130501399 145.804187288817 148.22976402 152.51547762 156.466182329732 158.563599555161 159.416413880053 161.013938515055 162.336694679675 163.03054483473 165.784168499245 170.03349492 174.763718030594 181.297796694299 190.417519296765 201.665720507752 215.408156033072 231.187467192263 248.275232320004 269.509019647305 290.759054380001 304.183472199689 310.839321625011 316.0326482 320.434874111886 323.510633786993 326.160581457899 327.907331022791 328.40994138305 328.795920032575 323.996371532403 321.584440928199 328.793914290992 341.593773336434 359.046562118519 372.792676016143 377.580664634573 375.690762669716 380.886202135155 380.982809918439 363.102018549104 353.661905961018 359.598227582071 379.658425176802 406.274021110203 422.421482058295 434.297120580002 446.353412861275 462.425831762116 486.822214649583 518.570458820003 554.799214639384 586.101593245102 604.443013319962
144.819949451423 150.059804031425 153.46237684 153.062520125726 156.924231062841 160.64044312 164.839296840028 167.435314028538 167.140169537104 167.98788184567 168.426492814235 168.1248335 170.10536204 173.136794819865 176.886327256997 182.325225737064 190.21237807437 205.638867991613 221.933718265522 238.137774637346 256.735675719789 276.170279965375 295.491229680001 310.627526077643 320.750247251689 327.929286414558 333.552882148714 336.862146639852 338.603794188418 339.202584936984 338.30377962 338.173909885883 333.763685743912 333.905814539999 343.403645660002 357.169874599999 377.500670561392 401.077480579395 404.442238128904 396.577822575847 384.887389686551 368.352226342274 359.808530291661 358.858961675479 364.904933929228 389.624489217899 419.541358582603 437.596845746498 451.796984980002 463.961460923404 478.44387550432 498.016841178012 525.001924631967 557.766204012808 587.62697635113 606.583890981537
148.984763352484 155.94494027152 161.599400977841 163.71756645296 167.292002294802 171.077962134875 174.032689889677 176.26812662 175.310386894155 175.010140386394 175.021309901367 174.054763561744 174.083273669334 175.34651351535 177.54626580759 184.808189380685 195.328837663796 211.759066380004 228.971638353815 247.039160468786 265.66970571898 284.72212794 302.998146545504 318.367712340003 330.790467670056 340.601562555561 347.354005200001 351.025824833301 351.993335418938 350.226229453531 349.01806362 350.28747808 346.754490440529 352.454727539599 363.061970609494 374.054677773836 392.087017977959 412.990964690905 417.138020302717 401.94640051137 379.075192388381 372.633414277108 377.33718344571 381.985692492426 382.701879079058 406.297833335023 433.865351460002 452.093919085554 468.832226763723 480.266829131922 493.859885411801 508.730326603949 526.713921408746 551.703059714419 578.540273500003 600.270049571815
153.703060336097 160.960363960001 168.967027068541 174.730196740001 178.101374472446 182.889401216533 185.375202258141 184.909347025879 182.80752075759 183.142588000001 182.745378023031 180.293160177886 177.318421144567 176.705508390768 179.607064646639 187.502190922594 201.845540185975 219.446273491167 238.207531730332 256.756372273757 275.669265322161 293.899633696139 311.27918652602 327.281503270109 341.395314548386 353.648871996563 362.296368284738 366.712159040001 366.900766749458 364.12615206 359.898543385131 359.35868323122 358.910383713109 365.44013338 375.641899464666 380.614085426764 389.196873377856 403.227857123977 407.109485508665 391.351572799534 371.253569918362 371.405559967357 396.524825086394 410.525146271125 415.142985815648 427.384310939635 443.651198260003 462.148633668203 481.115531461456 495.082825780002 510.95400046419 522.613937453497 526.722589830879 546.017690487273 570.651320486373 592.525585720001
