catData/variables/futureClimate2070/rcp85/GFDL_CM3_2070_rcp85/bio11.asc
NCOLS 409 
NROWS 350 
XLLCORNER 60.897278365 
YLLCORNER 5.843756025 
CELLSIZE 0.0892857 
NODATA_value -9999 
[rows 130 to 155 of 350, columns 177 to 235 of 409]
21.2858749759999 21.016177434 20.743017936 20.4215894159999 20.3784308088658 20.9133558066779 20.7769432459999 20.4740912357483 20.417908532 20.3213821301577 20.3681663056377 20.565958146 20.749941608 20.931974564 21.2088151860001 21.4129412646143 21.5 21.5 21.5287360639995 21.6841121337956 21.807084328 21.9902384833862 22.0175688891816 21.891126542 21.7871292052278 21.71963939 21.71963939 21.7122854561582 21.6641690860465 21.6612103337489 21.6884376355442 21.68036061 21.6947285948652 21.7157707950699 21.7899104827255 21.894587538 22.001730378 22.108873218 22.216016058 22.3463177960001 22.4756493385026 22.4497300812927 22.5 22.5101595071166 22.51963939 22.51963939 22.51963939 22.51963939 22.51963939 22.51963939 22.517909252 22.41963939 22.4067689809587 22.3347305608366 22.295288921368 22.2319249404273 22.0946345057773 21.8773893020179 21.81963939
21.4049595136718 21.1362477944907 20.8501607759999 20.5464129891838 20.4339707149788 21.0692009340001 20.9878664646958 20.7390556434668 20.551833602 20.4600615837922 20.5470883540452 20.699883216 20.8757510682802 21.0290887824428 21.2772341626055 21.4388031532319 21.5 21.5176806689065 21.673100746 21.807084328 21.914227168 22.021370008 22.0702200320932 21.891126542 21.8 21.8 21.8 21.7725837392798 21.7148406608828 21.6861454190455 21.6458796175837 21.6091016253708 21.6535654015335 21.753519628 21.7966374101412 21.8692548860215 22.001730378 22.1112496636532 22.2470877454905 22.3936797866722 22.52678223 22.52678223 22.52678223 22.5646579713229 22.6157675285145 22.62678223 22.62678223 22.62678223 22.62678223 22.62678223 22.6255154615385 22.55356446 22.5492750667869 22.503623572 22.4186668131122 22.3725840907251 22.2376078739999 22.0371766463998 21.95356446
21.544748794 21.2962819064981 20.991228686 20.7358168239999 20.5698712310918 21.1218585252438 21.1505162496962 20.850161016 20.732194212 20.6369354782581 20.6944495942719 20.872386990802 21.0102800486681 21.0834086617239 21.2409157792161 21.402287167844 21.506020735096 21.599941488 21.780243586 21.8869846250421 22.017110694428 22.0643349082041 21.9649314253679 21.891126542 21.8 21.8078567537779 21.8236451027521 21.8 21.7705387361879 21.6646449643421 21.6389005168722 21.6224547865978 21.6 21.6530593964622 21.753519628 21.8302527069556 22.0362424799478 22.1825863305823 22.3550902682245 22.4970905003578 22.6102798858277 22.63392507 22.6490513827677 22.66785014 22.6867777585847 22.7223959531777 22.7091059033524 22.6727576198824 22.6957405235876 22.7320888070576 22.7 22.6969898360024 22.650059112 22.542916272 22.4460532364075 22.4 22.341078106695 22.216120122 22.16785014
21.6291351403845 21.437605954 21.1886247025898 20.9229908423075 20.7247939907951 21.0320358804091 21.2615118080016 21.0760624102061 20.921472872 20.8284331856917 20.8915747005891 20.9547162154864 21.0427467056163 21.14106791 21.2565202861785 21.4424894658484 21.599882976 21.748152238 21.8984093577679 21.9740463033348 22.0852020791253 22.04425744554 21.9396464527146 21.8537027757453 21.806577558848 21.8547160740494 21.8821424110532 21.84106791 21.8227566907414 21.7177836383612 21.5927118110723 21.55893209 21.5889769696691 21.6329782947718 21.728512608 21.930242986 22.1027501259203 22.2714493531824 22.406577460285 22.4778748306124 22.630301738 22.7153777055929 22.7673442073045 22.8 22.7169489510991 22.6978366619965 22.6747501831061 22.578630472 22.6822881593115 22.7168972451718 22.6171536484833 22.5752111852387 22.556070995444 22.5274200288246 22.48213582 22.4667582129701 22.44106791 22.389337892 22.3168900576621
21.7303370862591 21.544748794 21.330463114 21.0819879019466 20.8879912593179 20.9701010665827 21.3919386881528 21.3080211391121 21.146479892 21.04821075 21.04821075 21.04821075 21.0942062594356 21.2 21.289175796 21.5284012527704 21.765957906 21.946054178241 22.0343101310238 22.0897986042885 22.1 22.1456014771821 22.0455838579174 21.8878655786945 21.823737875388 21.94821075 21.94821075 21.9301583224061 21.855412342 21.748269502 21.6106366017998 21.5163838554648 21.573159018 21.680301858 21.8296024427411 21.9917844645237 22.149941128 22.2616793410531 22.4237375196822 22.571369648 22.678512488 22.7676030161119 22.7355122141296 22.6054886592825 22.441200054 22.3907730288294 22.4424273955646 22.4524941565999 22.5423629079296 22.5519829435411 22.5481488370117 22.553505228 22.6529267220236 22.6964215 22.6818129205529 22.6288186081823 22.5749256870823 22.496480732 22.389337892
21.921530904 21.6786102705348 21.437605954 21.2233202739999 21.049531002569 21.0021090641261 21.3888218446953 21.3601861013457 21.198269142 21.1049119104088 21.15535359 21.15535359 21.1688824424874 21.2414543677612 21.350520971503 21.6124618552331 21.8958656970156 22.0873864260001 22.1148573142796 22.1 22.1484039124563 22.1975836371758 22.098269382 21.9871648615601 21.8696549941438 21.9702852385921 22.05535359 21.997181720968 21.8800932113999 21.803623092 21.696480252 21.589337412 21.5880164651283 21.7247518192397 21.9302429860001 22.049941128 22.2580417943436 22.419580398 22.5338738329205 22.6528739251051 22.6581750481846 22.6685659018166 22.5742191856539 22.3106358192422 22.0813697805744 22.110662348 22.1368131679537 22.214240848 22.2823428767591 22.331522652873 22.3831888584849 22.6633424117259 22.8642189202309 22.8850688828023 22.769698502 22.617092858661 22.5080402731081 22.5501852361413 22.5290689724386
22.1011861484534 21.902129940454 21.6329476195453 21.4342175984553 21.2686077175441 21.144690522 21.2015229997143 21.2716248444578 21.1993508664584 21.171370128 21.26249643 21.26249643 21.26249643 21.337386546 21.5460939633862 21.8439796810748 22.083866438 22.1745098870723 22.1725626664645 22.16249643 22.249941368 22.26249643 22.223262242 22.1105738075324 21.9825156589363 22.1048602970625 22.1246211210612 22.00941728294 21.96249643 21.9430956464712 21.7925320530563 21.6752415764724 21.66249643 21.7729143515264 22.0295392104744 22.157083968 22.3034607560001 22.5033277735239 22.5435101635233 22.551848242 22.3992571220881 22.187576842 22.1528869644792 22.0258552534393 21.87500714 21.941023078 21.9475699864816 22.017805188 22.0702983635172 22.07500714 22.1444241220001 22.547486620546 22.6560207835147 22.6122538650281 22.2943487830269 22.0579589014614 22.0141957760001 22.3707279249302 22.6
22.2561019858098 22.135816584 21.9446556801526 21.7665669032903 21.562598814 21.3726935100239 21.1909371783905 21.1983568827573 21.2708446268759 21.3419726594908 21.36963927 21.36963927 21.390741513409 21.4880921909577 21.7034029640001 21.9888065756912 22.1998727079421 22.2236659184246 22.2509475732086 22.3255610648419 22.3658274615249 22.36963927 22.2994745717417 22.2580717653749 22.1601575029918 22.2535114153585 22.1604981202747 22.043562972092 22.0310505195413 22.0336145288254 21.8643789488078 21.7236660855589 21.7509474060744 21.9058627557077 22.0798209353182 22.2604576089742 22.3718950033926 22.4876415115185 22.2826471988822 21.8984707345218 21.945365064562 21.8754291435476 21.8824867131859 21.8293100920806 21.8819975913472 22.0512674953069 22.1598650489401 22.2029372374266 22.2698134922067 22.27855708 22.3110189401073 22.4241816528935 22.36072146 22.3003418687459 22.0301972480062 21.832194932 21.8277634407272 22.0099392776575 22.0305278529213
22.37678211 22.313040290432 22.194690402 22.021530904 21.807245224 21.5313017145043 21.3690340067616 21.2809375439724 21.378512968 21.4699686974406 21.4122978358254 21.4945643690913 21.6071331203573 21.7390402823769 21.8873279140001 22.0378658395351 22.1861694214209 22.3353611793737 22.3705502560473 22.457084208 22.47678211 22.47678211 22.37678211 22.367908652 22.2805007564517 22.276840862 22.169698022 22.1200570246921 22.163916533388 22.125051612 21.9138312428561 21.7846724364097 21.849941128 22.037385826 22.164226808 22.2933308785265 22.395087274303 22.0847169259892 21.7364950948985 21.6285359054629 21.72321789 21.789413205069 21.9581180630048 22.1097854972017 22.2112487322665 22.3116897758674 22.426722998 22.45356422 22.4738669780696 22.47678211 22.4754536735377 22.391127022 22.3 22.2714643902601 22.139445243526 21.9873693292081 21.8871343119422 21.8602806006762 21.7506759965897
22.5678499 22.559534119421 22.4434912096804 22.2358165839999 22.0829299761167 21.6760804419693 21.496479772 21.389336932 21.5681281362889 21.575051252 21.499941488 21.6265208244068 21.8030232146946 21.946776442408 22.0732774306924 22.1350992540023 22.2950610131003 22.5053456137983 22.5064510293031 22.4968335524046 22.5 22.5793827453926 22.48392495 22.475051492 22.3704832799116 22.3157134519739 22.3629788418855 22.3577941232159 22.3304297303173 22.1887796574187 21.923379986 21.8554040443784 21.895685298723 21.9258171276489 22.019594798 22.126737638 21.9749059568712 21.6511478593096 21.5429579873369 21.7459560351342 21.9772055684657 22.0791636126358 22.2035297177373 22.3278958228386 22.43333416806 22.4784619950415 22.4956852601429 22.5 22.5733877176543 22.5045426074472 22.4997218794514 22.4676053296499 22.3 22.276841342 22.169698502 22.0565364659443 21.9465051831571 21.848269982 21.6917181253599
22.7316732218788 22.68791506318 22.5358674489412 22.4792742969449 22.3334191339963 22.1000125836048 21.8086249898676 21.5924761344026 21.7805593258713 21.6902751726599 21.698152118 21.828454336 22.012437798 22.1229253092152 22.2316730033161 22.3809763578473 22.5373356596215 22.5939290301805 22.593465261441 22.59106779 22.6707019625035 22.6905843589653 22.6805595444341 22.582194332 22.5042228692568 22.5752719928404 22.5545402383091 22.4569676217779 22.355412342 22.196539004 21.9769946338158 21.8368450193058 21.8755565108783 21.9 21.987444698 22.008448757528 21.6310603980195 21.8885720826035 22.0638533859343 22.1615447542092 22.1572470717436 22.137444578 22.244587418 22.3046206552781 22.367805308 22.5291707215688 22.59106779 22.59106779 22.5988785126219 22.505412702 22.5 22.4822540439999 22.3 22.276841342 22.1421035974344 21.971487872 21.864345032 21.8043115761592 21.8967111267618
22.9078491542948 22.8489540021969 22.7201173768743 22.59821063 22.5955924417813 22.2762963498909 22.0217555562184 21.9001407123823 21.8981796585462 21.89642126 21.912437798 22.0427400160001 22.1969634787982 22.235655688 22.342798528 22.501672106 22.657084208 22.69821063 22.6263604618149 22.6 22.773325162513 22.79821063 22.6999690328407 22.689337172 22.614226928 22.6754658946676 22.569698022 22.462555182 22.355412342 22.145734156012 21.8262228178481 21.7023974663157 21.9186482529593 21.6827507874259 21.6069328191926 21.9787375478851 22.1910560837297 22.2844456261028 22.198497216537 22.2 22.1994577897908 22.1621060960907 22.1025872038815 21.9511649031526 21.8100003075536 22.2669414390512 22.5736390667741 22.2845411002479 22.4647967393058 22.407202072 22.5 22.4909682515935 22.3667521584851 22.178630712 22.1007049581705 22.2078635729966 22.4340446688261 22.4874744100001 22.4317619117776
23.3870700211827 23.1177665892241 22.9540347998155 22.91070694 22.91070694 22.6740988875741 22.2615983466292 22.0265946451672 22.11070694 22.101833242 22.026723478 22.157025696 22.34263137815 22.4889459160535 22.655294838 22.762437678 22.8632769593277 22.8410519202654 22.81070694 22.6587006414516 22.694814802433 22.7898137913622 22.8052608218846 22.8 22.8 22.7756010444949 22.664344552 22.519756894 22.305471214 22.0939549106912 21.9936964670243 21.9268110382843 21.7679112244046 21.7343106876324 22.068527779304 22.2951080550589 22.30535347 22.3048784449363 22.2991425851398 22.2934067253432 22.25412473864 22.0669126687495 21.7603047540927 21.545500378157 21.6744175776395 22.2621115660002 22.4960834667674 22.4186438350291 22.3906373743486 22.369038249511 22.3823946968376 22.2792756350766 22.137429698 22.2859306867663 22.49675563679 22.4478395791969 22.37858612 22.3240867510054 22.2269667551647
23.7984726639477 23.5559902547538 23.2351590595816 23.1292392837647 23.1341348576645 22.9668494249063 22.4986941505228 22.3310809000479 22.3247763266187 22.3047314968105 22.2430106342398 22.3838076860001 22.5943067069019 22.762437678 22.869580518 22.9702589246143 22.953622732 22.9702631117559 23.0091422076734 23.01249631 22.8376064339999 22.741548495922 22.8734930253902 22.7886125448194 22.7979985537514 22.7411854139999 22.557201712 22.4172932745362 22.210824684 22.048269502 21.9116813032953 21.8664844125061 22.0761705586356 22.3507517375543 22.4109273605407 22.4006763580302 22.3868549898028 22.3422503668282 22.246495012 22.1451401873733 21.9852297335793 21.7219100967296 21.630419962 21.5038687310174 21.6803382868327 22.2625994684288 22.3835643066178 22.3600494991203 22.2204041456484 21.8925703398723 22.139219068 22.2618902743259 22.5245093554674 22.564345032 22.4306872631246 22.1970253071079 22.0138491160337 21.9223973376493 22.011889944317
24.1414039873919 24.0263367183659 23.6680338448554 23.3995748315104 23.4033411408971 23.2102735292266 22.7919632483247 22.550102264 22.5182482177989 22.4392783 22.471311376 22.6810487510156 22.849941368 22.957084208 23.064227048 23.11963915 23.0723278422938 23.0392783 23.0980697015825 23.11963915 22.9619227165412 22.9967136067938 22.739618178665 22.7643055645464 22.8004773872113 22.6582299818505 22.5012392738248 22.4067649440515 22.2479771080722 22.1376652422939 22.2240193528402 22.391333057335 22.4837016994329 22.4354687443454 22.4899104525928 22.3682600850617 22.2172717605929 21.9838460991857 22.003623092 21.9382498372835 22.0362527417785 21.9096792756805 21.4880602622935 21.5755095399281 21.9873950858966 22.226737638 22.1130841767479 22.139219068 22.2463619080001 22.4109397633297 22.4203499348089 22.469594678 22.5478512525207 22.4617503555826 22.369698502 22.262555662 22.1283387295363 22.13257900017 22.2669498791081
24.3643877039999 24.1741238312902 23.9706812861481 23.730632079256 23.5608109125616 23.4679862161329 23.0163380899998 22.739055390478 22.6272455482165 22.651187427089 22.658815066 22.849941368 22.9651997449946 23.091009038 23.1862103516165 23.22678199 23.22678199 23.22678199 23.22678199 23.2052754901438 23.112555062 23.0307447112452 22.9816130940603 23.044690522 22.921531384 22.7366073200232 22.710647948 22.6880684508245 22.53390995 22.5958075755961 22.6966698665042 22.6430853658096 22.5464344228849 22.52678199 22.4565236991783 22.1120085560632 21.9004634296629 21.9397755772852 22.061491371052 22.012404827493 22.0898212306771 22.0334681011355 21.66941591932 21.7242160724265 22.0014224752191 22.119579918 22.299881536 22.4123592266974 22.4673877160058 22.47321801 22.4175838501584 22.3064966179194 22.37321801 22.37321801 22.342916512 22.2157169942825 22.1077126964467 22.1723107144955 22.2779706658845
24.5410766240333 24.3126567259999 24.127903974658 23.9467421039963 23.721530664 23.6406072283475 23.2263645679795 22.9161744303069 22.7701677086341 22.892900792 22.8283739827116 22.991009038 23.1181741200573 23.2586667157301 23.3151263685971 23.33392483 23.3139520687486 23.3223959575786 23.33392483 23.1991380315341 23.1379613251202 23.1660135728873 23.2333377207856 23.191126542 23.0734009058688 22.941781528196 22.9878717434769 22.996480012 22.93392483 22.882194332 22.8139521501682 22.6903635201589 22.6091057575138 22.5727577311866 22.363072006281 21.86098714 21.9350681802052 21.996989775878 21.9715085904492 22.0384611792237 22.1460532451035 22.0257752942921 21.9169006957579 22.021610433915 22.1795754891756 22.299940768 22.4306044038668 22.4388329826062 22.4040366494418 22.4 22.2005562452495 22.2381706254049 22.3054333390296 22.3260682946432 22.269698502 22.1003699140111 21.8590854033234 21.9037159033346 22.1299235390074
24.577243639373 24.4660517733328 24.1991419287073 23.979760335495 23.8316354664246 23.719697662 23.4220426822638 23.1152691138164 22.9841754098968 23.0984147440229 23.098151878 23.205294718 23.2999931431091 23.3564454828508 23.3901008163789 23.4 23.3653044287302 23.407084088 23.4110228673501 23.2250501072194 23.2336686794305 23.335655448 23.298269382 23.194770664449 23.125051372 23.0547158896313 23.1 23.0779328962883 23.0227565577518 22.948269502 22.8169487538322 22.692916152 22.585773312 22.5116085740473 22.412555302 22.0047521059339 21.9582217040732 21.908991442 21.833880718 21.9505343778063 22.0713765477661 22.1 22.144587418 22.2304858463544 22.25893233 22.2978370604348 22.3479092655251 22.278630712 22.3104653865553 22.31786466 22.280405202 22.1889495200274 22.268370824716 22.3137274444877 22.269698502 22.1404888411635 21.9073061359999 21.7807947667505 21.828382095914
24.5498063105414 24.4732673023218 24.2517619139142 23.9501605359999 23.7776693758015 23.7489154853834 23.5311623877157 23.2128506597534 23.24463153 23.2449491178767 23.264227048 23.371369888 23.44821051 23.4676031145684 23.4769081550241 23.4232708573834 23.4 23.4341895661985 23.413900683394 23.319697902 23.342157650579 23.3515957876571 23.2517275515279 23.24821051 23.232194212 23.14821051 23.1628192481339 23.1603163445472 23.055412342 22.948269502 22.782253324 22.6658105580963 22.6103218276888 22.5189931494374 22.3703977671262 21.9768246070675 21.8483906638825 21.6336617810463 21.4653601142185 21.8092723088363 22.030301738 22.1 22.1015957747727 22.1285184012061 22.1801725107986 22.1681733796089 22.1896780480164 22.161991181576 22.1096320708314 22.194781017522 22.350059352 22.242916512 22.1440681824615 22.137902545131 22.2360964987234 22.162555662 21.9877341719083 21.796480492 21.6041889367199
24.500058512 24.392915672 24.2594876445359 24.0019500259999 23.7941772369862 23.7912056537887 23.5860683014364 23.366177314 23.4009580878867 23.4513915411119 23.417857547663 23.478512728 23.5385800572127 23.5 23.5 23.448269262 23.4 23.363457701087 23.34464665 23.2198946506367 23.3251419405885 23.1977013681864 23.2561260129613 23.2950882437361 23.237495909489 23.2128193587141 23.2521090081215 23.1904839751644 23.0307315796104 22.892916152 22.7920767036796 22.75535335 22.6743614154198 22.5284927025152 22.1798998947787 21.765717001931 21.7432868047626 21.6502136716632 21.5392426747953 21.8417257164018 21.9581753609088 21.9892933 21.9447058819999 21.9696579887667 22.1361079799918 22.133984062 22.0595041655579 21.9557473786656 21.8464954919999 22.1278290222349 22.298269862 22.191127022 22.083984182 22.033498222982 22.14464665 22.1279290074683 22.0355061406934 21.903623332 21.6850381162875
24.392915672 24.285772832 24.178629992 23.9807117320152 23.826840502 23.7498140982691 23.5079635494112 23.4631733063395 23.4006491376957 23.4430495331621 23.5 23.523159378 23.5886355137355 23.5390944554067 23.5 23.4159395216911 23.3742975531667 23.2927258359755 23.2832255588823 23.139395804 23.1655903668043 23.1040595789113 23.1760891903135 23.2397214983425 23.26249619 23.285655328 23.3132566302553 23.162555182 23.010824684 22.848269502 22.8 22.7587424039664 22.6369073728914 22.3691413367523 21.9845871492139 21.8310820183944 21.764226568 21.86249619 21.8584933959236 21.83750381 21.8185663782462 21.7282047507768 21.6890241344082 21.8732937663272 22.0441593096301 22.0502491280428 22.0100664809006 21.839396764 21.7672049966161 22.081731924526 22.298269862 22.1966722951895 22.1364710959527 22.0086853790949 22.0185665282371 21.9282050507585 21.861158636957 21.823277602 21.5836753176118
24.355411862 24.2122440707113 24.071487152 23.9443010142696 23.8777880667601 23.7334149227495 23.4985604397409 23.4324866915371 23.4 23.408873698 23.5111537617028 23.5766704418068 23.6 23.5886313171741 23.5385884503354 23.3605137398449 23.2482355593545 23.2206354902719 23.2222118603736 23.0697567739999 23.03036097 22.9644909589022 23.0332967735882 23.208873458 23.3 23.2747757408213 23.1726829611 23.092916152 22.9722360665309 22.8842941190214 22.8286402084882 22.6880107959976 22.5062547215073 22.1954359429831 21.8680268759999 22.0279705018922 21.9398034195455 21.963459807055 21.8951373694354 21.8535113980741 21.7485964255836 21.6336999367204 21.7284528960001 21.8503710344492 21.9017205943782 21.93036097 21.9813080333591 21.839396764 21.8 22.0178922171696 22.1614015046417 22.1938209441887 22.098329334 21.8981060404155 21.8029847505654 21.8336999153194 21.7596649249456 21.5369433564919 21.3089479097334
24.2360837281546 24.1197561739999 24.0095487304008 23.933983342 23.843826769353 23.662613454 23.4483277739999 23.4012565610163 23.47678187 23.4788421767375 23.516016538 23.6 23.6 23.6 23.555412102 23.3050879579987 23.12321813 23.1739067702474 23.1438269536295 23.0242713864936 22.8657162827664 22.8244747467398 23.0021324351371 23.1389047949861 23.2754047737816 23.1356820224645 23.0767335746446 23.0145241434785 22.9896475796016 22.9370622262753 22.7055145124565 22.5389989459418 22.0960357835297 21.6367459377827 21.7701845363818 22.083762614 22 21.991126782 21.9 21.8946229369558 21.8394446350789 21.676005729192 21.6698461493252 21.771487872 21.6916834968573 21.568277846611 21.6454221058175 21.8405547037033 21.9439233600638 21.9974865436263 22.02627670031 22.2047526988662 22.221532104 22.0428097253586 22.0141629211976 22.010289022149 21.8772552050486 21.6778122363435 21.548254622
24.1625795344891 24.012613334 23.91607529 23.9054629207782 23.765441605466 23.555470614 23.3411849339999 23.3954580098012 23.41607529 23.4086280646872 23.3616089510686 23.5355117308243 23.5745689514199 23.5475009463358 23.5928323660916 23.3770017579999 23.1345152303969 23.0552082432822 23.0817887122293 23.2218778106113 23.1502721646261 22.9769338032361 23.0842029118623 23.1028528682131 23.1404428789477 23.18392471 23.153622732 23.0524992550835 22.9625799373277 22.864344792 22.6299912161838 22.4445961140604 21.9039621639999 21.7992264667067 22.0960146327932 22.1019321861494 21.9985477852816 21.9146488944742 21.8865585697701 21.81607529 21.8112041977415 21.6562410125028 21.5124176827471 21.4935913839825 21.305428062 21.2430766530406 21.6240613051042 21.9413613739682 21.9979816602124 21.9206178844567 21.9209875792992 22.2014263569451 22.2243673404319 22.2289777468672 22.1 22.062555662 21.9108256439999 21.748269982 21.7399448926904
24.064344312 23.9525806282556 23.9 23.8398802469675 23.662613454 23.5214571458093 23.3251096439999 23.3084490274138 23.3105086999746 23.399207361363 23.423100626 23.5931362498602 23.5421022944717 23.4804778049167 23.5593948936949 23.396229329387 23.1785792469181 23.3947007888223 23.7528132457176 23.8428862895056 23.6793263993643 23.5523009660241 23.37320265 23.3651218091991 23.2835657478107 23.2699770904223 23.1421027530338 22.9373875536454 22.813882129743 22.8043116491314 22.4625364664405 22.1607811719999 22.21430135167 22.333880081315 22.2195031236325 22.0192739085381 21.907202072 21.7846905832836 21.519713742 21.4779102820312 21.5902698495959 21.4111188977924 21.2664350668192 21.1716065759999 20.8606956760846 21.165495931423 21.2880965141237 21.0485543553851 21.6353251540914 21.201518377501 21.5440714025765 22.0259453036767 22.124948268 22.2258852013605 22.2821351 22.244690762 22.1335651946187 22.021472632 21.9784614386044
24.055411862 23.948269022 23.9 23.7691481247132 23.6273208423078 23.4408324226711 23.31277950435 23.3 23.498151638 23.6051356734133 23.6637446282628 23.4790446945446 23.4620144899058 23.671310896 23.751832882 23.6437642635397 23.6503439256823 23.8896744668365 24.0686193487942 24.017555776376 23.909200528645 23.7089379763339 23.5016096833745 23.685757712 23.5789015012707 23.427772282499 23.0501169716853 22.6672538957926 22.60357922 22.5527744961652 22.6146866808466 22.689870517877 22.5481813484081 22.3401283342428 22.1269002139999 22.0055093239612 21.800059232 21.6925988000067 21.5664648989756 21.3553400198179 21.2066161570665 21.1665840281753 21.146377028 21.0974033241298 20.9390197043018 20.5805182239363 20.3434280651929 20.2329307004281 20.6544443042946 21.3580015173314 20.9210875252774 21.5526777731937 22.0335346253195 22.2004144496594 22.2613080487234 22.360766052 22.253623212 22.2480888768498 22.2368119065541
