catData/variables/futureClimate2070/rcp85/GFDL_CM3_2070_rcp85/bio16.asc
NCOLS 409 
NROWS 350 
XLLCORNER 60.897278365 
YLLCORNER 5.843756025 
CELLSIZE 0.0892857 
NODATA_value -9999 
[rows 275 to 299 of 350, columns 168 to 223 of 409]
524.540718021749 374.434041843385 323.484750855809 318.36799373314 328.230511888491 340.534114871094 343.656173208627 342.361779211024 353.968839661261 377.99229078037 402.825065982355 412.925561105843 410.440042601986 403.131330282229 394.210961319149 381.797721982757 383.088473939999 395.008960869973 422.38498152081 451.66600587798 469.180075244333 476.172179076317 473.981179056017 465.95125036695 459.772393432365 453.053948639259 447.421614471249 447.222684842039 456.564004480004 474.564449435564 494.083457844124 507.51111811315 521.771443745979 539.714276093698 565.017607267569 588.483358415856 600.322766489311 599.890163832962 600.067876915283 604.062119481215 607.168963758846 607.89542838332 614.936178179856 630.633294480006 655.664242843759 684.091278283717 710.358276907378 730.992204733882 -9999 -9999 -9999 -9999 -9999 -9999 -9999 -9999
557.624167837441 403.28379273102 343.062596156836 326.947921165794 332.145225560969 342.204585935648 338.23457055379 334.193684780001 345.911470587028 369.75916800677 392.157066225366 403.165176883815 404.797694482775 399.836277126279 390.295605264008 375.258282999994 373.848225666187 390.046531932469 409.437605285499 438.733744135613 460.541964247977 486.832851337371 497.440456631202 492.525640634101 490.308483358499 482.684668015079 471.36201681441 468.355577680001 477.959056052151 496.863463620008 513.791852736405 532.626728749324 548.64013574019 568.781784230761 589.096703941554 601.760953318907 607.343447935888 607.332530863668 607.965291209393 610.147918724883 613.022548382527 617.108693313133 626.781427472293 642.31901782199 664.231189808781 687.893424261077 711.71398275925 -9999 -9999 -9999 -9999 -9999 -9999 -9999 -9999 -9999
675.498935950275 481.834071157949 379.78621984806 348.899111667232 336.767904139521 331.258855333778 323.74152827554 323.580125445687 334.543501645531 354.912260569172 377.925737392975 391.746218440001 397.075637609295 396.283148445745 391.176053916001 387.324323837271 382.029405712186 395.447830353174 407.783298882986 431.665637122545 451.838201920993 484.637041264681 504.053867028871 507.336315436601 513.4393696694 508.130409350238 492.238942192743 486.247312832272 494.100554932256 512.05839214204 529.203270780018 551.093114874482 572.027682395288 588.227410776806 599.080498458893 605.485197799455 609.331570872324 610.703231894375 612.12371606 615.496499355432 620.738291321059 628.266726510318 638.630431775372 653.167822893323 671.905160573802 692.790227795303 -9999 -9999 -9999 -9999 -9999 -9999 -9999 -9999 -9999 -9999
889.457911436497 639.929962077684 474.685176113747 397.750706152734 354.952052770355 327.725155109007 317.644968969249 317.655482552496 327.115852307869 344.621449848481 366.953331480004 385.868014745372 396.668162262566 398.33959342 388.693504656037 383.442310174581 380.028696735757 398.959423650118 411.450539080474 430.771404242854 450.34899408806 474.714171564808 495.587260384756 507.777406218978 519.103844280001 520.811555759154 510.125895631708 501.512384813473 505.591082480953 521.307463343885 540.687350829317 562.317485129636 586.551791913618 598.736777362144 603.695699730154 606.514560803347 609.556099713409 613.925387405411 617.641392560001 622.002477281839 629.856161280649 639.262282620002 650.324712136973 664.016627964658 681.031612086275 698.129131772108 -9999 -9999 -9999 -9999 -9999 -9999 -9999 -9999 -9999 -9999
1217.44696751411 904.364981693633 679.691777584079 526.887280901076 383.907863150078 337.207774443218 321.112616120082 318.064294206687 323.246686271899 337.598915027791 358.149701380004 381.259249620882 399.481082037291 402.850559357112 394.48416316796 384.511459438515 379.083721338998 391.004283382165 416.81349323383 450.181693562171 451.301295196734 468.813953736354 487.13716925613 501.906196630353 509.814264601463 515.631460914707 515.101840120424 508.192600871253 508.479365146197 520.789609425539 542.835415578578 565.196478669748 586.547138460004 598.257388276972 603.173446543354 607.114643412762 611.490490181085 618.315508967368 624.504098490494 629.901058845198 639.763309219808 652.432443158424 664.582361380003 678.116967740005 693.295557602564 -9999 -9999 -9999 -9999 -9999 -9999 -9999 -9999 -9999 -9999 -9999
1555.81773010472 1216.42566396067 892.204053137712 634.045040896029 426.662678970209 365.436794117862 336.613595625492 323.021898786562 322.291195433585 333.44197814237 353.220889780005 378.506772699093 400.795394612186 406.024347661757 410.205173244612 396.983645833262 385.030229050902 396.075247939974 436.746414765023 446.668421303246 453.573163063084 467.323532069994 482.577257817933 496.757440712068 505.805263109288 526.791331473164 522.18550975106 509.966880948564 506.039704636686 514.336264125255 539.880203017122 565.204284137201 577.949736351346 590.953142827118 599.216694393616 607.405209797739 615.286187990931 623.972197966498 632.900181530107 640.763805008559 651.880151379594 666.10474459062 681.596793086601 695.052608487324 707.228622408867 -9999 -9999 -9999 -9999 -9999 -9999 -9999 -9999 -9999 -9999 -9999
1695.80671768489 1427.8842442364 1067.0162269325 696.532227963456 492.042595018222 414.779444693477 367.886815257483 336.728136217584 329.493335373119 335.642456768807 355.843751537115 383.39190057183 404.830478500197 423.584381532542 453.136297711627 416.811112149056 405.900145616195 418.026798858995 441.765164903279 441.837058703854 453.551681207874 465.962635500518 480.278143520001 495.262162868403 508.126729007789 516.160005341472 520.032001380705 515.056351585482 522.334368335791 547.985421191861 550.848762086066 573.047026380002 583.528748712929 581.599856367772 592.588165205918 609.120389202396 626.051968168919 637.876337808395 644.390050330882 650.952505408085 662.409015259281 679.93701258653 699.160321901973 714.906320662699 721.490628067779 -9999 -9999 -9999 -9999 -9999 -9999 -9999 -9999 -9999 -9999 -9999
1869.56838914823 1579.19573589169 1178.89074007173 843.643091005559 684.089651840916 527.250332547336 424.376127057911 368.84850599213 347.452066382153 349.248254530481 366.471300700892 392.585086215105 412.812765095817 446.081673760509 493.044479048202 444.113618642935 427.542812432739 430.480886721944 458.765295338753 447.817675680011 452.150247465285 463.013879882069 477.971172167351 495.104412276339 509.477570080211 576.835089888844 607.363905818044 560.509415241406 591.355485914409 575.725937600949 570.319805793378 591.896455221936 567.491263963059 566.875908133175 584.431393147438 608.259296598382 633.335141258874 646.917251655366 649.941925181154 657.509628796387 670.633980557928 691.797104878516 724.573507218226 752.922624110223 780.122534369295 -9999 -9999 -9999 -9999 -9999 -9999 -9999 -9999 -9999 -9999 -9999
2028.0856519936 1703.59239933062 1417.28240485631 1169.23555663301 970.955313740406 719.540348056804 514.417970517061 413.026569426167 375.468563050121 377.135922720004 389.818004781671 407.963694198212 426.021103510138 458.716940848178 497.557172861628 458.278202792888 447.249800488015 454.204364625302 492.211512122707 467.517981830846 455.975114165277 463.981148969307 476.788968518461 494.108846652355 514.932411635446 605.617331731256 623.053907111562 580.083040886421 559.079486711919 554.141179762777 595.490865493386 597.547340072765 563.906677705741 557.832496498575 576.990992888498 602.064463748433 622.726369324183 636.290573114466 647.337158166269 662.154147887737 679.596758729189 707.22978765061 760.920147241344 807.648045823978 -9999 -9999 -9999 -9999 -9999 -9999 -9999 -9999 -9999 -9999 -9999 -9999
2205.18915638012 1939.10754483232 1683.40895432342 1500.8551456757 1266.63783261547 970.826830892242 677.115761318241 488.541578356504 420.372165000153 415.000789360571 425.670311137765 436.200725897199 454.917411310789 484.267766272539 511.714400347104 473.497030744986 460.664564642464 502.231056372761 492.356401550824 456.502000734856 468.983663020283 459.003980731725 469.101064204269 489.479810763031 514.528324763062 534.491680566558 536.308287398463 533.621723476187 534.37160570229 559.155376387465 620.567434136965 589.360604305124 565.319865975673 560.280422356026 578.520109098133 596.765330296758 612.247577745973 626.676391814588 645.669263393965 670.609088851987 697.044831811683 732.446503618689 786.343004973964 828.653735566561 -9999 -9999 -9999 -9999 -9999 -9999 -9999 -9999 -9999 -9999 -9999 -9999
2310.55661432455 2175.75913744534 1961.24665753779 1767.46005671616 1580.03862681273 1241.10918339457 874.844701383927 609.964565388745 499.106932198368 469.968124479955 478.795337920394 477.59715633957 485.400486247309 497.646702161805 487.648144342753 480.740172302862 479.605736975428 497.375481377659 457.184583210174 442.505541911656 444.18744856475 446.714683732937 458.119075969772 479.692567046305 505.948480435408 529.279683757144 537.166025645847 532.772696019633 532.658792133942 543.025044642561 555.478286632298 547.990159856438 549.35185867014 561.673438001249 577.423631551847 589.679612115894 603.3056530863 624.069375260245 651.414471181554 682.712275105361 713.893834220013 753.79641720274 804.97125520001 839.539014956021 -9999 -9999 -9999 -9999 -9999 -9999 -9999 -9999 -9999 -9999 -9999 -9999
2107.06251398439 2128.25058947848 2034.3443056316 1777.62706467863 1668.62574295474 1418.64192134772 1107.98917815283 794.332362270522 644.652436179691 585.787081524678 600.402018271978 577.016412341168 508.092729852156 478.351755565129 471.457745912071 465.936057202272 459.611880974166 448.229137009065 442.627379179998 438.659165753255 436.72487455257 436.93581214621 444.366145184115 462.569720075129 487.163271553869 514.145933100033 529.880295954765 532.134665263399 530.078978681741 536.27580944829 537.60420083806 534.752443836796 543.148304665791 557.654822569553 571.988088096236 581.478427731029 597.748887850483 627.276150893692 661.310694340825 695.375795800005 727.082428937721 770.980198786886 824.668131462761 862.516517737433 -9999 -9999 -9999 -9999 -9999 -9999 -9999 -9999 -9999 -9999 -9999 -9999
1751.33490540616 1807.59930613717 1962.40729255598 1607.72125210162 1364.94710711107 1318.97439610816 1164.48232630117 901.188909723612 795.020029323146 729.54161224104 706.525579962225 639.46120287873 525.886885732323 478.646722793841 469.914920139999 461.38420974895 452.401919510206 444.014471804888 437.323390399571 432.992325908717 430.104315688938 425.681722725361 429.940025140001 447.435626180004 471.155117410696 490.703215848217 517.806570179145 555.171104244196 534.871398562032 536.963332819302 541.833307346186 526.881655158175 537.672551509726 553.938616360532 570.834005492966 583.257421604867 604.418162343876 637.641759540008 670.994562952682 702.23173499585 734.307908717408 784.657575324399 845.33958240423 889.696432986702 928.075599790807 -9999 -9999 -9999 -9999 -9999 -9999 -9999 -9999 -9999 -9999 -9999
1694.34971601132 1692.32508657042 1903.24914176786 1518.00576158818 1239.91017222334 1125.59044872252 1087.0399772006 904.219953411575 781.425600383424 724.315090592809 644.720097389733 547.030087884668 490.586474645286 470.613725319998 462.427228834355 455.443745415997 446.568501637642 436.495928100713 428.656887879069 423.82143548 423.606648372646 419.176727563434 421.181633149993 436.826122492569 458.275340969215 478.471515652432 519.542572766665 601.034958913076 549.510592564412 543.600511455929 561.775950444623 540.683460750643 535.334198752136 552.156145965578 572.541719010552 591.931163075462 615.957750657973 646.531670379254 676.664088553798 704.88106236913 737.101518214175 793.270316194899 863.163719283315 910.334648720013 934.67250892904 -9999 -9999 -9999 -9999 -9999 -9999 -9999 -9999 -9999 -9999 -9999
1667.49638993114 1622.47584203813 1648.38475705444 1430.39683952462 1289.36462863699 1200.15980740221 1042.86434464123 870.651458947689 724.738925508266 635.53168690561 554.34959994123 498.523201407704 472.55596958638 458.203322219997 450.87720778955 446.493735290085 438.451373059999 428.433455359998 420.039502119997 414.466130201796 413.216614159998 410.943824630681 414.18120776669 427.243928388723 447.257543100003 468.160381234439 506.303160076341 580.109747337795 534.026613033056 525.634112014597 547.665941259136 544.730015151002 533.581755620005 549.897338023914 573.801492566852 597.712748833088 621.607211750227 648.297662971433 676.342910480004 703.548309842409 738.129141457385 797.482300020005 869.452455616481 918.932472062719 943.649304245939 -9999 -9999 -9999 -9999 -9999 -9999 -9999 -9999 -9999 -9999 -9999
1651.5390896308 1613.16235112132 1534.8126927766 1429.9883878797 1318.17080930287 1233.63762825376 1001.4749718528 811.93318226517 662.477085993649 585.35756622863 549.305979510747 495.493463633573 453.958076979993 439.453697219998 432.486125099999 430.298816499044 425.514720326704 418.01966482291 411.523530021931 406.10491710754 402.391314098947 398.860595145532 401.48048239912 414.177103286588 433.597017000004 456.129354906024 484.684317814571 515.147432347773 511.684805506871 520.586345678392 529.935308979531 530.73281802 530.715140309591 544.56943813638 571.38748664271 598.302908124977 621.519356521466 645.436165279312 670.730451616422 696.137238217846 734.63245289874 794.950424627755 862.115477254781 916.473765814756 946.265073628194 -9999 -9999 -9999 -9999 -9999 -9999 -9999 -9999 -9999 -9999 -9999
1606.1128168951 1579.12771058183 1507.52756666939 1425.43521766762 1318.47562455883 1236.25378975788 1067.93179533223 822.253774632942 684.234744739985 635.083479289728 553.413281690022 470.397165439527 432.75257819739 416.174205073391 410.508885579776 411.025038471701 409.641490522379 405.605273947251 403.10897158487 399.18114068 394.502559196317 389.308377105694 389.756105760291 400.156677888902 418.597019400003 442.611746253592 467.284856164521 487.611380410212 506.270362877334 523.156531778581 531.051565950089 529.934488057865 526.580603621905 533.786384691102 558.503970272411 588.487017238159 615.117621267298 637.071760114376 656.683850110638 682.179726638623 724.01104628002 786.308424367056 854.09078821217 914.159641520062 949.173338214526 -9999 -9999 -9999 -9999 -9999 -9999 -9999 -9999 -9999 -9999 -9999
1556.79871281569 1535.51357001836 1470.46672992 1384.8458586639 1310.55450962417 1257.41090188904 1174.99281426442 934.173362459644 708.44112714158 589.845054036395 490.351017486089 440.047084948656 414.231530641234 400.380053609141 395.285915429718 394.52116883373 394.263441109038 393.576818027965 394.93209037469 395.301902639775 392.020459096836 386.625615812426 384.761661158528 392.828783402317 410.109988235368 434.563654511584 462.525578495609 488.173234147419 510.607427497304 529.940753478772 539.270104172665 536.002676326875 527.976128199077 529.342453589739 547.452513949359 574.805703477847 601.86318234 623.384899480002 644.222531035424 673.507259568881 718.555943243328 784.470700188333 857.011545568642 923.371968320071 962.482182190875 -9999 -9999 -9999 -9999 -9999 -9999 -9999 -9999 -9999 -9999 -9999
1499.09350355528 1484.47596700972 1433.31149889638 1361.87432440269 1291.15974252241 1270.24725630341 1222.68170312543 1040.30971024058 777.825376216495 620.341050634031 518.544721363297 443.545290966782 406.00511836972 389.128351178818 379.989896908319 376.230258352775 376.687788696888 381.90484338115 390.192932177203 396.056550286865 396.232505449992 391.520227699999 389.15869034 396.831765340003 413.430042516907 436.021003780882 463.502879060008 491.464606905852 517.242074248607 539.08236677896 551.501437588258 548.710573441912 537.065825621389 534.317366341611 540.902598625579 559.366487282607 584.659761002411 611.570924713911 641.151492355849 677.042587097902 727.777188962076 795.044065161216 871.174606188275 946.981843413436 991.948565863086 -9999 -9999 -9999 -9999 -9999 -9999 -9999 -9999 -9999 -9999 -9999
1471.58705925301 1470.44458731768 1442.96410947692 1392.89964164777 1339.38501029283 1299.64597771248 1256.90121550524 1172.92167021827 1015.10684712085 780.834404844256 566.458043286911 458.388084573265 410.690942844066 385.313199864421 369.545560286806 361.084846359458 362.919493589474 374.802202810381 390.935852679717 402.367659134181 406.812843549443 405.703096613752 406.174084757648 411.247300430226 423.355003873771 442.753868697679 468.687162359245 497.907116340735 524.647064020006 545.270910820865 557.95791308 556.161675447341 537.675386339448 523.371539354129 522.708309440003 540.770858108753 570.713926397527 605.893514231143 645.241605423957 689.909381869187 743.617982804825 810.010090865204 888.56328756323 975.997055508118 1028.46621032166 -9999 -9999 -9999 -9999 -9999 -9999 -9999 -9999 -9999 -9999 -9999
1498.96740955564 1499.34113949081 1494.3069296403 1463.91527508 1410.55810383269 1346.62189842167 1271.63515724114 1165.64751735091 1008.61619368368 815.155567942203 613.915283861575 486.595758467051 429.97012447355 393.364531356807 367.552453993445 355.215034806681 355.069381214826 373.430844648127 398.026549864451 411.132221880749 418.726423201517 422.326382484467 424.076519071841 426.966643887732 434.469156119905 450.063719428103 475.705082051887 504.640669172197 532.742244447479 548.444053082012 552.937394935243 541.906302105424 519.467086282726 499.611347399997 499.105173957936 522.218242777171 563.217871054038 608.668945495503 656.630416870289 706.216830661051 758.423109610252 825.488950601638 904.760610580017 987.173307201311 1038.4921061014 -9999 -9999 -9999 -9999 -9999 -9999 -9999 -9999 -9999 -9999 -9999
-9999 1555.74376343679 1550.20028318428 1531.57683642555 1486.27265071334 1405.82528861935 1296.61928491573 1167.95194814795 1022.30266754202 870.90184716815 697.724110852054 552.634294885881 471.263800057266 416.378797524617 378.966498077061 364.399075440895 366.166660461306 387.467337187312 411.539430854847 428.289770082798 435.256858821084 439.925724240001 442.78559507397 444.96192396 452.250174321521 462.13780816 485.411098754024 522.09038887901 546.021080677491 549.207550901681 542.08386963186 526.358204709897 502.772907414842 478.313565511217 481.514116577931 515.13840682013 567.458215366705 617.091020491231 665.295167320131 718.550025176226 775.306327238315 841.427796965862 916.319185146425 992.513801980023 1040.20895698 -9999 -9999 -9999 -9999 -9999 -9999 -9999 -9999 -9999 -9999 -9999
-9999 1608.19287586381 1604.72413148814 1593.73113804685 1537.03260295824 1459.88133764327 1356.90246836551 1222.98347885072 1051.63928869067 874.898925314882 738.303898082219 629.669452678795 541.604272458119 468.709689403746 411.746988181922 391.315964117859 394.595143242011 409.738942321937 432.26238709456 451.494873852253 457.836595739092 460.320722431198 463.762433599337 466.876715356723 473.490645295289 483.281876809728 504.943138178936 537.510551571935 558.244955482549 554.581460840727 537.544733832508 521.893452301243 507.628777941609 495.522786048368 497.526287063415 527.880977886533 574.896995560493 622.675379805135 674.778233514199 733.262274102718 795.530757454287 859.336276574323 927.46967850859 1002.44384670003 1049.91833878282 -9999 -9999 -9999 -9999 -9999 -9999 -9999 -9999 -9999 -9999 -9999
-9999 -9999 1638.54002403928 1626.43002423405 1578.0227596073 1515.14186430546 1421.0593627327 1272.83531616386 1093.46770367492 937.207520327056 809.686335565782 731.435444161926 676.044973911316 638.549409836005 536.912413363108 456.839972088757 448.823231456809 447.242336412518 467.204045136617 497.933787313021 499.031914504243 486.322295096275 486.566735680002 492.36621333149 498.317715126216 510.686780959375 529.907878430452 557.427089119743 578.599163964966 571.0723122601 545.329431501141 524.935835299533 523.037904335974 519.572761618337 522.580752688992 546.610671309412 585.959100874489 634.614988521575 691.848178543498 752.742967910973 817.077546233974 879.823143461151 947.046765467541 1022.17598685401 1067.65950759284 -9999 -9999 -9999 -9999 -9999 -9999 -9999 -9999 -9999 -9999 -9999
-9999 -9999 1643.31784049988 1627.59069693845 1601.18651606651 1562.30225348944 1508.3675664754 1390.73737611462 1220.96519237602 1059.87718261991 908.066371077084 835.354156308697 873.077766051816 885.446284270953 661.208141272074 565.511695209556 602.26984699743 568.298478526931 590.140295845588 634.097427403321 579.380095951065 526.34913660223 509.903399774187 517.160999867371 525.547223420002 538.449077150203 558.11370410367 584.128587209714 603.936412180004 595.782472620168 563.384561697443 537.487606744806 533.223447932499 527.759681879939 535.111315717327 562.665907854564 608.051577244295 660.351127761044 711.013892743745 768.074236920008 832.78562311366 895.895146544608 963.334151999497 1033.8321322293 1076.86953528143 -9999 -9999 -9999 -9999 -9999 -9999 -9999 -9999 -9999 -9999 -9999
