catData/rasterBestHybridModels/Pviverrinus/RD_RM1.5_autofeature/Pviverrinus_min.asc
ncols         409
nrows         350
xllcorner     60.897278365
yllcorner     5.843756025
cellsize      0.0892857
NODATA_value  -9999
[rows 174 to 202 of 350, columns 198 to 263 of 409]
5.39992E-7 5.85138E-7 5.11509E-7 9.11376E-7 2.10927E-6 3.43951E-6 1.25064E-6 6.69957E-7 7.01299E-7 5.2209E-7 5.85245E-7 6.21179E-7 8.41494E-7 5.73729E-7 4.66285E-7 3.02301E-7 8.76413E-7 5.04056E-6 4.88558E-6 8.05428E-6 5.52451E-6 4.38279E-6 1.9678E-6 1.19994E-5 1.93317E-5 3.03304E-6 1.32318E-7 9.14232E-8 2.97717E-7 3.4103E-8 1.23916E-7 4.26996E-7 3.9868E-7 6.44799E-7 1.08572E-6 5.53491E-7 4.44231E-8 1.6256E-7 6.97155E-7 3.80568E-6 3.77903E-6 1.09832E-6 1.20125E-7 3.13074E-7 2.95233E-7 2.49539E-7 2.6758E-7 2.52998E-7 7.91383E-7 1.2094E-6 2.80667E-6 8.26246E-7 3.29042E-6 2.32816E-6 1.75013E-6 2.52737E-6 6.20565E-7 4.23709E-6 9.43443E-6 5.62329E-6 5.51503E-6 9.66948E-6 8.09022E-6 1.06851E-5 3.32179E-6 1.98533E-6
1.79176E-6 1.62284E-6 1.40728E-6 1.74395E-6 1.66781E-6 6.4512E-7 2.88884E-6 6.3321E-7 1.08899E-6 1.46169E-6 1.21858E-6 1.08721E-6 9.99343E-7 4.54244E-7 4.35571E-7 8.88165E-7 4.0403E-6 1.17373E-6 1.50773E-6 6.71346E-6 8.34818E-6 7.20713E-6 3.85715E-6 6.70543E-5 5.75649E-6 6.47932E-7 3.7983E-7 1.88525E-7 1.05988E-7 2.12662E-7 7.99107E-7 1.28837E-6 6.02101E-7 2.77782E-6 1.23728E-6 2.00274E-6 4.29616E-7 3.69441E-8 1.00205E-6 5.08181E-6 1.45852E-6 6.83734E-8 1.74423E-7 6.05009E-7 7.78159E-7 2.92566E-7 4.08348E-7 4.29241E-7 6.00621E-7 1.0988E-6 6.4928E-7 2.15037E-6 1.30053E-6 4.1594E-6 2.13886E-6 2.49447E-6 6.04131E-6 1.41382E-5 3.45632E-5 3.78577E-6 1.08131E-5 2.68757E-6 8.37215E-6 1.4256E-6 2.53585E-5 2.57722E-5
6.51486E-7 5.75998E-7 1.02328E-6 2.69357E-6 4.62733E-6 4.40534E-6 1.636E-6 1.65051E-6 3.09298E-6 4.05377E-6 4.33266E-6 4.10197E-6 4.12989E-6 4.80357E-7 4.40662E-6 2.19796E-6 2.35208E-6 1.51668E-6 3.58328E-6 1.60237E-6 4.70282E-6 1.87972E-6 2.27514E-6 9.72361E-6 1.34967E-5 9.25828E-7 4.66457E-7 9.04107E-7 6.86655E-7 9.51883E-8 2.66707E-6 1.02021E-6 4.47416E-6 1.0572E-5 1.23553E-6 6.23466E-6 1.78841E-6 2.11402E-6 5.79259E-6 5.88272E-6 5.06641E-7 2.75658E-7 3.45707E-7 3.23685E-7 5.03767E-7 1.91541E-6 9.72492E-7 3.22218E-6 2.10428E-6 1.90526E-6 4.95463E-7 7.88833E-7 2.74528E-6 4.70811E-6 5.82089E-6 9.18029E-6 2.20078E-5 5.1783E-5 5.10954E-5 1.85942E-5 6.94408E-6 1.66415E-6 1.2494E-6 3.77656E-6 1.40498E-6 1.78247E-6
1.45612E-6 2.83065E-6 1.63768E-6 7.29236E-6 1.31134E-6 2.47331E-6 1.01269E-6 3.8478E-7 3.29569E-6 4.33857E-6 3.38541E-6 4.15499E-6 8.89438E-7 1.17645E-6 2.04636E-6 8.91789E-6 1.41371E-5 1.59603E-6 9.52982E-7 9.23802E-7 1.43101E-6 2.19248E-7 4.5163E-7 2.04655E-6 1.40896E-6 3.26929E-7 1.97113E-6 6.14444E-7 1.13663E-6 2.00542E-6 2.00306E-5 6.31939E-6 1.4132E-6 6.60001E-7 1.73125E-6 1.83583E-6 1.49125E-6 7.26998E-6 6.83629E-6 3.876E-6 7.52315E-7 1.00461E-6 9.83172E-7 7.19615E-7 6.4987E-7 2.43621E-6 8.0421E-7 2.57293E-6 6.84843E-7 6.0104E-7 2.48373E-6 2.63962E-6 4.35075E-6 4.8054E-6 6.57456E-6 1.03168E-5 3.35333E-5 4.6583E-5 3.18076E-5 3.45754E-6 1.81937E-5 2.7989E-6 3.74376E-6 8.45162E-6 6.56954E-6 1.6598E-6
2.38416E-6 9.03395E-7 5.60723E-7 1.52625E-6 4.14907E-6 2.17611E-5 1.00478E-5 6.69311E-6 4.83012E-6 3.86161E-6 3.14644E-6 4.57918E-6 9.94023E-7 7.54681E-7 5.59571E-7 9.39115E-7 1.35469E-6 3.50943E-6 7.49413E-7 8.0789E-7 2.35875E-7 5.07784E-7 4.86186E-7 1.06938E-6 8.41061E-7 2.95063E-6 4.04069E-6 4.08789E-6 1.28965E-6 2.5041E-6 2.44248E-6 1.62168E-6 7.37619E-6 1.02854E-5 1.00092E-5 2.04939E-6 3.4452E-6 8.01009E-6 7.74667E-6 4.22133E-6 1.02403E-6 4.65229E-6 5.45676E-6 3.45059E-6 1.07178E-6 1.17778E-6 4.56597E-7 6.15784E-7 3.79553E-7 4.22494E-7 3.39121E-6 5.24914E-6 5.50513E-6 4.99488E-6 6.32303E-6 9.81296E-6 3.60754E-5 4.5045E-5 2.42076E-5 3.33964E-6 2.00503E-5 3.85357E-6 1.76141E-6 2.68535E-6 2.98203E-6 1.03938E-6
1.75047E-6 1.76868E-6 1.42788E-6 1.1553E-6 1.22793E-6 1.41751E-6 1.10037E-6 6.42621E-6 1.41141E-6 6.26793E-7 6.67898E-7 1.1127E-6 9.84955E-7 1.15837E-6 9.99396E-7 6.77939E-7 4.03116E-6 7.45581E-7 4.64317E-7 2.81306E-7 2.53508E-6 1.11592E-6 1.27037E-6 6.58137E-6 3.73823E-6 3.66671E-6 5.8695E-6 2.50057E-6 7.27948E-6 3.89892E-6 1.23384E-5 9.43342E-6 7.45592E-6 1.11373E-5 1.26643E-5 2.49129E-6 8.1841E-6 8.4984E-6 8.85941E-6 3.24957E-6 4.10995E-6 9.7191E-7 7.33701E-7 7.66704E-7 6.89663E-7 1.91589E-6 2.89293E-7 6.61418E-7 1.98107E-6 1.18082E-6 2.69757E-6 2.40387E-6 4.93014E-6 4.80462E-6 6.86209E-6 1.28381E-5 2.528E-5 2.20564E-5 3.57185E-6 1.30293E-6 2.22883E-6 3.46787E-7 3.4415E-7 5.24833E-7 7.2839E-7 8.21143E-7
3.2821E-6 1.86604E-6 3.06819E-6 8.13338E-7 4.07028E-8 5.85652E-8 2.95503E-8 7.32727E-8 6.73514E-7 9.60921E-7 1.01189E-6 1.04028E-6 1.12074E-6 7.16228E-7 9.0276E-7 9.91403E-7 5.12815E-7 5.75435E-7 4.32045E-6 3.21982E-7 3.21271E-7 1.82526E-6 1.53706E-6 7.32763E-6 6.35435E-6 8.88021E-7 2.28803E-6 4.40239E-6 1.70903E-6 1.45366E-6 7.81874E-6 8.03805E-6 7.20647E-6 1.04074E-5 1.05066E-5 1.10569E-5 1.65125E-5 1.04097E-5 1.03423E-5 1.49039E-6 5.35185E-7 4.77165E-7 1.03351E-7 3.8087E-6 3.41974E-7 4.04289E-7 1.29486E-7 2.34494E-6 5.38495E-7 6.99802E-7 3.8347E-6 3.53189E-6 3.78588E-6 5.14324E-6 5.04918E-6 6.40208E-6 6.4885E-6 1.05096E-5 5.71024E-6 8.21918E-7 1.00644E-6 1.64214E-6 5.37663E-7 4.41828E-7 3.18622E-7 9.10387E-7
1.92063E-7 4.88522E-7 2.42512E-6 1.26255E-7 7.21797E-8 3.60776E-7 4.72895E-8 1.07155E-7 9.31044E-7 6.56115E-7 6.14278E-7 5.98301E-7 1.8627E-6 1.88814E-6 4.66152E-6 5.14485E-7 1.56213E-6 5.28397E-7 7.99068E-7 3.83492E-7 3.93061E-7 4.76471E-7 2.76879E-6 8.03177E-6 7.97527E-6 1.99703E-6 6.61638E-7 1.09789E-6 4.18777E-6 1.91498E-6 8.16603E-6 8.20014E-6 9.96562E-6 1.26459E-5 1.26144E-5 1.25108E-5 1.44481E-5 1.3326E-5 3.42705E-6 9.09403E-7 2.4463E-7 4.36292E-8 1.16002E-7 4.05164E-7 6.26255E-7 4.56541E-7 2.07123E-6 2.45146E-6 2.12452E-6 5.30594E-7 5.82999E-7 5.98079E-7 1.19609E-6 3.32504E-6 2.52936E-6 5.38682E-6 1.58175E-6 4.34399E-6 5.63058E-6 4.01427E-6 3.5662E-6 3.26521E-6 3.74408E-6 1.02143E-6 4.12483E-7 9.25907E-7
8.56933E-7 4.97286E-7 7.57021E-7 1.19356E-8 2.51512E-7 1.94929E-7 4.94367E-7 2.08208E-7 1.04486E-7 1.61279E-6 3.66262E-7 5.28988E-7 6.74067E-7 3.4252E-6 6.8972E-7 3.09838E-7 4.68428E-7 1.76276E-6 2.23949E-6 6.6356E-7 1.47788E-7 2.80455E-7 1.25096E-6 1.78969E-6 1.15408E-6 1.59451E-6 4.73217E-6 9.32049E-7 9.91822E-7 1.187E-5 1.1175E-5 1.09726E-5 1.35552E-5 1.56627E-5 1.38435E-5 1.51925E-5 1.48806E-5 7.54551E-6 2.86222E-7 5.04478E-7 1.1161E-7 1.59279E-7 3.29278E-7 5.67759E-7 5.42563E-7 8.67628E-7 7.94956E-7 6.14184E-7 6.72801E-7 1.24868E-6 6.05867E-7 1.27867E-6 2.57827E-6 1.97694E-6 4.64459E-6 4.05531E-6 4.99673E-6 5.23112E-6 3.23918E-6 2.72083E-6 2.31021E-6 1.70006E-6 9.78274E-7 2.29685E-6 1.94164E-6 1.07885E-6
4.33067E-7 1.00896E-6 1.13081E-6 3.04083E-8 3.46485E-9 2.18578E-9 2.33994E-7 9.3039E-7 3.01286E-7 2.21958E-7 1.52289E-6 2.14948E-7 3.92457E-7 6.16758E-7 6.5561E-7 1.18689E-6 6.13759E-7 2.78781E-7 4.87824E-7 2.60311E-7 4.65922E-7 3.18253E-7 6.75459E-7 6.76904E-7 1.03918E-6 8.95639E-7 1.18122E-6 1.22349E-6 1.77894E-6 1.85594E-5 1.6733E-6 3.6986E-6 1.51276E-5 2.07008E-5 1.66258E-5 2.30924E-6 3.307E-6 1.65945E-6 6.21443E-7 1.15704E-6 3.09392E-7 8.94582E-8 7.71053E-8 1.07704E-6 1.07542E-6 1.00658E-6 4.60414E-7 3.91602E-7 6.61013E-7 1.38823E-6 1.19287E-6 2.76668E-6 7.02689E-6 7.91051E-6 1.93208E-6 6.03795E-6 2.33228E-6 5.26031E-6 7.63012E-7 4.8423E-7 4.23285E-7 2.73774E-7 1.18349E-7 4.62469E-7 2.17745E-6 3.86298E-6
1.12815E-10 5.05609E-9 2.94461E-9 7.99455E-9 5.31659E-11 2.19299E-9 3.43344E-8 2.07489E-7 2.96473E-7 3.29177E-7 1.28961E-7 1.37066E-7 1.62175E-6 1.84082E-6 1.71174E-6 8.89051E-7 3.28087E-6 1.50443E-6 3.4253E-7 1.21144E-6 2.73264E-6 3.2462E-6 5.28435E-7 3.11515E-7 3.2761E-7 7.19612E-7 2.90793E-7 2.18023E-6 9.80962E-6 2.23119E-5 1.03218E-5 4.53479E-6 1.61388E-5 2.11275E-5 2.39772E-6 3.24297E-6 9.34073E-6 1.85081E-5 1.731E-6 3.24348E-6 3.61108E-6 4.34479E-6 1.70332E-6 9.75959E-6 7.08765E-6 5.89306E-7 1.98043E-6 6.78747E-7 2.05725E-6 2.86176E-6 2.77313E-6 4.52161E-7 5.0544E-6 2.18865E-6 2.32309E-7 1.61382E-6 2.52922E-6 1.60835E-6 8.88573E-7 1.72102E-6 1.56942E-6 2.23788E-6 1.44748E-5 1.02813E-5 8.54513E-6 6.72646E-6
3.33525E-11 1.52561E-9 1.28922E-9 5.97668E-9 1.39628E-9 1.83359E-9 8.56943E-9 1.59037E-7 2.75812E-7 1.35368E-7 1.44423E-7 3.31732E-7 4.7527E-7 4.32314E-7 4.93908E-7 4.61639E-8 5.39203E-7 8.38868E-7 1.18286E-6 6.3767E-7 1.02034E-6 3.63635E-6 3.81579E-6 8.01449E-7 4.67845E-7 1.2836E-7 4.57875E-8 3.01919E-6 2.67339E-7 2.07389E-5 1.15762E-5 3.33519E-6 1.26307E-5 6.56152E-6 1.16158E-5 6.70115E-6 2.53566E-6 6.60619E-6 7.45632E-6 5.41266E-6 4.79579E-6 4.91487E-6 1.56701E-5 3.85936E-6 1.50631E-6 3.21063E-7 2.39181E-6 7.03269E-6 8.24655E-7 2.57946E-6 1.50255E-6 5.94421E-7 8.67858E-7 2.81627E-7 4.97611E-6 2.38952E-6 2.11032E-6 2.43387E-7 1.45797E-6 1.76078E-5 1.6739E-5 2.37421E-5 2.75615E-5 2.472E-5 2.60043E-5 3.20456E-5
1.25671E-10 2.9952E-10 8.00905E-11 1.71049E-9 4.56735E-10 3.84775E-9 1.49145E-8 4.44197E-7 3.80117E-7 2.05146E-7 2.31861E-8 5.07498E-7 1.50161E-6 2.38198E-6 1.24027E-6 5.78077E-8 1.56813E-7 1.73425E-7 2.2288E-7 3.97453E-7 1.0524E-6 2.66416E-6 3.86246E-6 1.26192E-6 2.1732E-7 1.99152E-7 1.05619E-6 1.09227E-6 1.05533E-6 3.50256E-6 9.7114E-6 1.36992E-6 1.33872E-6 9.88365E-7 1.20827E-6 6.85223E-6 7.24514E-6 9.4527E-6 8.48606E-6 1.07379E-6 8.36368E-6 1.13039E-5 4.90912E-6 2.24016E-5 1.58705E-5 4.72222E-7 2.6041E-6 1.7357E-6 3.97482E-7 2.7512E-7 5.93484E-7 9.26604E-7 1.63263E-6 7.37954E-7 1.30228E-6 1.86338E-6 9.53219E-7 1.16011E-6 1.68379E-5 2.40574E-5 6.54191E-6 2.58444E-5 2.42596E-5 2.16863E-5 7.56815E-6 2.6848E-5
8.25324E-12 9.04932E-11 1.37277E-9 2.7806E-10 9.95944E-10 9.3987E-9 5.28407E-8 4.12449E-7 1.54679E-6 1.06827E-6 2.67476E-7 7.2507E-8 4.28014E-7 5.23782E-6 4.46491E-6 2.20165E-7 5.67051E-7 5.85919E-7 9.10125E-7 1.10015E-6 1.61097E-6 2.39619E-6 3.19877E-6 4.47103E-7 3.06068E-7 4.31003E-7 2.56466E-7 8.16715E-7 6.97455E-7 7.55184E-7 1.75902E-6 1.12467E-6 2.98801E-7 2.55726E-7 6.13146E-7 2.44853E-6 2.72024E-6 8.57617E-6 8.92364E-6 9.97153E-6 5.40159E-6 2.12706E-6 6.00265E-6 1.57868E-5 1.29973E-5 7.94563E-7 2.86108E-7 8.19414E-7 1.10455E-6 5.47005E-7 5.28781E-7 3.97976E-7 4.8356E-7 7.2646E-7 6.88472E-7 5.80731E-7 4.0649E-6 9.03907E-7 1.49217E-5 2.47591E-5 2.00364E-5 1.8537E-5 1.93307E-5 2.04765E-5 2.26536E-5 1.3821E-5
3.65909E-10 1.12011E-11 3.21979E-11 5.46874E-11 8.78774E-9 8.5002E-9 1.50084E-9 2.24359E-8 3.16127E-7 2.2787E-6 1.26807E-6 3.34509E-7 1.59598E-6 1.84687E-6 6.1694E-7 1.3054E-7 1.62219E-7 1.81757E-7 5.5215E-7 1.11184E-6 1.23838E-6 2.09361E-6 2.98212E-6 1.69552E-6 2.31764E-6 2.9005E-6 7.76441E-7 2.75334E-7 3.77455E-6 1.49813E-6 2.12101E-6 1.78336E-6 1.04704E-6 1.20349E-7 2.33823E-7 1.99404E-6 6.87403E-7 4.47215E-6 1.10554E-5 1.45746E-5 5.57462E-6 3.25827E-6 1.25993E-5 7.68501E-6 2.11023E-6 7.57679E-7 2.99817E-7 3.51887E-8 1.53851E-6 4.63433E-6 1.71437E-6 1.23896E-6 3.82644E-7 2.19027E-7 1.17103E-6 1.07428E-6 2.32738E-5 4.52946E-5 1.53168E-5 1.61663E-5 1.73719E-5 1.76034E-5 1.78096E-5 1.06012E-5 2.69759E-5 3.29784E-5
8.30011E-10 2.91913E-10 2.27461E-10 3.58021E-11 1.19854E-9 5.80067E-10 4.31077E-10 5.52864E-8 4.27622E-7 2.46423E-6 6.96915E-6 1.99443E-6 2.52725E-6 2.75749E-6 4.59777E-7 8.8855E-9 1.25979E-7 3.27739E-7 4.68474E-7 1.35389E-6 2.15085E-6 2.29355E-6 5.67005E-7 9.08525E-7 2.62794E-6 4.12373E-6 3.20205E-6 3.26721E-6 4.11444E-6 1.34484E-5 1.03455E-5 1.84255E-5 1.80405E-5 2.51506E-6 1.18246E-5 1.87153E-5 1.29526E-5 1.61832E-5 1.73517E-5 1.89193E-5 1.29389E-5 1.0562E-5 2.31796E-6 4.73715E-6 1.04605E-6 2.89295E-7 7.95117E-7 7.59268E-7 8.72834E-7 3.4746E-6 1.56986E-6 9.37681E-7 1.26712E-6 1.50983E-6 2.70843E-6 3.2801E-6 2.47128E-5 3.80799E-5 1.70806E-5 1.47233E-5 1.49075E-5 1.23861E-5 1.8839E-5 2.46241E-5 2.4049E-5 3.40442E-5
1.38421E-10 4.7893E-10 2.66053E-8 9.75359E-10 1.11953E-10 3.43773E-9 2.32793E-9 5.67823E-7 1.91365E-6 1.23469E-6 5.29133E-6 5.15724E-6 4.05835E-7 9.38082E-7 4.70014E-7 6.15506E-8 3.05999E-7 1.01561E-6 6.36704E-7 1.67873E-6 1.4691E-6 7.49302E-7 1.46945E-6 4.21672E-7 1.06551E-6 5.2252E-6 2.43561E-6 2.47734E-6 3.50637E-6 7.23706E-6 6.00468E-6 3.4021E-6 5.19195E-6 1.33221E-5 3.96333E-6 1.6877E-6 3.18796E-6 1.17513E-5 2.40119E-5 1.44261E-5 1.24719E-5 8.82832E-6 9.92884E-7 1.86496E-6 2.11495E-7 3.55797E-8 3.34593E-8 2.388E-7 1.21758E-6 9.83039E-7 1.13884E-6 1.40218E-6 2.46293E-6 2.26338E-6 8.60356E-7 2.65887E-6 3.25977E-5 3.67943E-5 1.69064E-5 1.28586E-5 1.35879E-5 1.26965E-5 1.44199E-5 2.08977E-5 1.93207E-5 5.44957E-5
1.6561E-10 1.33775E-9 2.87659E-9 3.49883E-9 3.07436E-8 5.37574E-9 1.24429E-8 1.63203E-7 3.38844E-6 1.34022E-6 8.18797E-7 2.63608E-6 6.2641E-7 2.74646E-7 1.44875E-7 9.65371E-8 1.62097E-7 1.39375E-6 1.67461E-6 2.28048E-6 1.42279E-6 1.38572E-6 2.27585E-6 1.26689E-6 3.1757E-6 5.78439E-6 1.79564E-6 1.96548E-6 3.38344E-6 6.59806E-6 1.99701E-5 4.3523E-6 5.64114E-6 3.91949E-6 1.75871E-6 4.04381E-6 2.9551E-6 2.10821E-6 9.5988E-6 4.75442E-5 2.61308E-5 1.18062E-5 2.62727E-7 2.71458E-7 1.74554E-8 2.72554E-8 1.85925E-6 4.18301E-8 4.46537E-7 2.14104E-6 1.56315E-6 1.11555E-6 1.14319E-6 6.3059E-7 1.09858E-6 2.49401E-5 1.18318E-5 9.52364E-6 1.66419E-5 1.20977E-5 8.98918E-6 1.10766E-5 1.10703E-5 1.82966E-5 2.78444E-5 4.60727E-5
5.07033E-10 3.15678E-11 1.23006E-9 8.26557E-9 4.12384E-10 2.30008E-9 1.59178E-8 7.54974E-9 7.19683E-7 5.7888E-6 1.03163E-6 7.19602E-8 8.76795E-9 2.27637E-8 1.66838E-7 8.99732E-7 1.8423E-7 1.45588E-6 2.21132E-6 1.42968E-6 1.50144E-6 9.39156E-7 2.20973E-6 1.39606E-6 7.67374E-6 8.56017E-6 2.94194E-6 3.35206E-6 4.80462E-6 8.35351E-6 1.35095E-5 1.06413E-5 4.11469E-6 3.4824E-6 1.91004E-6 3.15595E-6 5.48573E-6 9.56004E-6 3.54181E-7 7.26895E-7 9.91617E-6 2.16925E-5 2.36552E-8 3.36482E-8 7.90409E-8 4.83471E-8 4.33029E-9 2.16005E-8 3.5556E-7 2.91954E-7 3.13049E-7 1.3872E-6 2.31989E-6 8.43383E-6 3.12332E-6 4.23766E-6 1.08705E-5 1.25005E-5 1.30474E-5 9.42414E-6 8.90065E-6 1.06883E-5 1.25539E-5 2.40693E-5 4.2366E-5 4.71514E-5
3.01133E-9 9.29144E-9 8.67541E-10 9.79184E-10 2.44027E-9 4.28131E-9 2.34874E-9 1.52752E-9 1.64027E-7 3.04444E-7 6.16874E-7 3.61583E-8 4.65102E-9 1.06931E-8 9.80093E-8 6.33254E-7 1.42763E-7 8.14169E-7 1.83415E-6 1.09044E-6 1.11733E-6 2.03886E-6 8.14168E-7 3.66934E-6 9.09644E-6 6.6177E-6 5.62281E-6 6.22163E-6 5.9192E-6 5.74071E-6 8.40791E-6 1.78213E-5 6.85875E-6 2.04324E-6 1.66165E-6 4.95188E-6 4.36191E-6 9.34035E-6 2.98587E-6 1.49073E-6 4.34966E-5 6.41506E-6 8.07308E-6 1.26047E-7 2.76394E-8 2.62097E-9 1.0129E-8 7.2917E-6 2.7952E-6 4.83913E-7 1.90441E-6 3.12301E-6 5.12628E-5 1.46792E-5 4.08182E-6 3.38323E-5 1.36462E-5 1.35718E-5 1.18409E-5 8.55071E-6 7.59855E-6 1.00591E-5 1.41876E-5 4.50775E-5 5.37902E-5 4.06447E-5
1.18365E-8 1.35969E-8 8.57443E-9 1.15291E-9 5.31217E-9 9.65796E-8 2.1007E-8 5.19353E-9 5.16886E-9 5.29979E-8 1.2432E-7 2.37844E-7 7.11304E-10 2.07066E-8 2.21487E-7 8.49126E-8 1.73616E-7 1.84415E-7 9.19234E-7 8.3943E-7 1.22223E-6 1.1719E-6 2.11366E-6 4.22935E-6 4.154E-6 6.65813E-6 5.53488E-6 6.29957E-6 5.86714E-6 9.745E-7 1.32483E-6 1.38178E-5 1.78971E-5 4.79865E-6 1.34116E-6 2.37232E-6 2.87846E-6 7.0516E-6 3.56732E-6 1.03495E-7 6.19497E-6 7.04487E-6 3.51868E-6 2.91915E-5 1.07538E-5 1.06535E-8 5.65313E-10 7.12374E-6 5.81592E-6 1.12706E-5 4.42266E-5 6.17157E-5 4.9768E-5 1.50099E-5 1.24733E-5 4.99273E-6 1.30345E-5 1.82589E-5 1.33905E-5 1.11325E-5 1.14658E-5 1.04717E-5 1.52138E-5 4.83161E-5 5.47321E-5 1.24948E-5
8.4994E-8 2.06042E-7 1.71574E-7 1.43385E-7 6.23776E-9 1.7467E-7 1.53002E-7 7.00159E-9 1.17896E-8 7.72128E-9 4.77641E-8 1.92074E-7 4.99864E-9 1.04564E-8 1.79726E-7 6.79019E-8 4.1751E-8 8.38282E-7 1.04825E-7 6.57164E-7 1.25983E-6 1.09042E-6 2.1995E-6 4.4848E-6 6.84206E-6 5.61644E-6 5.69359E-6 6.35071E-6 6.03749E-6 1.83156E-6 3.12332E-6 5.67617E-6 5.24256E-6 7.25585E-6 1.3248E-6 1.57563E-6 9.26773E-6 2.07291E-5 2.10876E-5 2.73596E-6 5.2251E-7 3.92444E-6 2.73385E-7 4.12088E-6 1.00098E-5 1.91487E-7 5.01752E-9 5.26991E-6 8.13762E-6 1.83407E-5 1.02475E-5 2.00753E-5 7.27325E-6 2.70264E-5 2.40779E-5 3.01242E-6 4.57891E-6 2.3692E-5 2.49741E-5 2.02846E-5 1.26437E-5 1.2979E-5 1.56175E-5 3.43444E-5 2.03008E-5 4.76482E-5
1.04407E-7 1.59591E-7 5.17536E-9 4.76703E-9 3.48638E-8 2.22493E-9 4.22721E-8 9.09706E-8 1.54081E-7 4.08443E-7 1.18581E-8 1.76842E-7 1.32073E-8 4.3472E-8 1.97281E-8 8.35515E-9 2.50351E-8 5.93716E-7 1.46815E-7 3.07369E-8 1.03011E-6 1.28792E-6 1.43917E-6 3.69322E-6 5.93623E-6 5.48947E-6 5.50713E-6 5.09537E-6 4.72827E-6 5.36308E-6 2.39843E-6 1.97207E-6 1.87846E-5 1.0421E-5 2.87306E-6 2.45819E-6 4.18195E-6 2.68031E-5 2.03039E-5 4.08528E-5 4.40802E-6 6.78299E-6 4.291E-6 3.20499E-6 2.24938E-5 3.91104E-6 1.46659E-8 1.87187E-5 1.6463E-5 1.31213E-6 9.34503E-6 1.129E-5 4.79304E-5 4.00813E-5 1.61381E-5 7.77669E-6 8.196E-6 2.64103E-5 2.59892E-5 2.92053E-5 1.76104E-5 1.70035E-5 7.63074E-6 2.19666E-5 2.17076E-5 4.3116E-5
2.94198E-9 4.53047E-10 1.3341E-9 3.12548E-9 2.10012E-8 7.98785E-9 5.58789E-8 2.92135E-9 4.19041E-9 1.11718E-6 2.05926E-7 1.35986E-8 4.06285E-9 2.02301E-8 2.81605E-8 6.66352E-9 1.63381E-8 1.45848E-7 8.84012E-7 1.03629E-7 9.3645E-7 1.16929E-6 1.02653E-6 1.50684E-6 4.5779E-6 7.11778E-6 5.71432E-6 4.8551E-6 4.79949E-6 5.58093E-6 2.97347E-6 5.23111E-6 7.87623E-6 2.2207E-5 3.4028E-6 1.23083E-6 3.42729E-6 5.55262E-6 4.86363E-6 3.16371E-5 1.06641E-5 8.46403E-6 2.12358E-6 2.82851E-6 1.44813E-5 1.40909E-5 1.70353E-6 1.38123E-5 6.60621E-6 1.85465E-6 5.62446E-6 8.27416E-6 5.78877E-5 2.68456E-5 2.65283E-5 2.21661E-5 2.35213E-5 2.33289E-5 2.27397E-5 2.41393E-5 1.75212E-5 1.75733E-5 5.95467E-6 1.7057E-5 1.91385E-5 1.79349E-4
4.53363E-8 8.85791E-8 1.19703E-7 4.5576E-9 3.14761E-9 3.89095E-7 3.53917E-7 7.79014E-8 5.05357E-8 4.00244E-7 2.45969E-7 9.85607E-8 7.87831E-8 6.88858E-9 1.39111E-8 1.82489E-8 2.91138E-8 2.82569E-7 9.10136E-7 1.60349E-7 8.93768E-7 2.17432E-7 5.58914E-7 2.42501E-6 5.5437E-6 6.8064E-6 5.88571E-6 4.18299E-6 4.84696E-6 5.27454E-6 5.86419E-6 7.31742E-6 1.54741E-5 2.2455E-5 5.46092E-6 1.71147E-6 6.65376E-6 5.92296E-6 6.28247E-6 4.53422E-6 9.53581E-6 8.68826E-6 2.69075E-6 7.96594E-6 6.97217E-6 9.02174E-6 1.09786E-5 6.14895E-6 2.21356E-6 2.75168E-6 5.45055E-6 1.45246E-5 2.26366E-5 1.01518E-5 3.89555E-5 2.63412E-5 2.12707E-5 2.69659E-5 7.62555E-6 2.50148E-5 1.87841E-5 1.28172E-5 1.41732E-5 1.5276E-5 2.01756E-5 1.91948E-4
4.84772E-7 8.47284E-7 2.62347E-6 5.93047E-7 3.53038E-9 4.21998E-7 2.71275E-7 9.96022E-8 1.20294E-7 2.73451E-8 2.09643E-8 1.05308E-7 2.16201E-8 2.45701E-8 6.63143E-8 6.64021E-9 6.42258E-9 2.56438E-8 5.53157E-7 3.33518E-7 1.26081E-7 9.20092E-7 1.25127E-6 2.10253E-6 3.95326E-6 6.74624E-6 6.35028E-6 5.49215E-6 4.79506E-6 5.24052E-6 5.84233E-6 2.46765E-5 1.31167E-5 5.90421E-6 4.82155E-6 2.06326E-6 5.11679E-6 1.43115E-6 3.03213E-6 6.53897E-6 1.94777E-5 1.70668E-5 2.41838E-6 1.16669E-5 9.09973E-6 1.20545E-5 1.44482E-5 2.48404E-5 2.90659E-6 1.59973E-5 2.48565E-6 1.46369E-5 2.69222E-5 7.51317E-5 4.09188E-5 5.56989E-5 3.50853E-5 2.30768E-5 5.26864E-6 1.7437E-5 2.74213E-5 1.83681E-5 1.39331E-5 1.41343E-5 1.7995E-5 1.57999E-4
1.95981E-7 1.46352E-7 1.00106E-6 1.03817E-6 1.10558E-6 2.92721E-6 8.38221E-7 4.17932E-8 1.30877E-7 3.65883E-8 9.0173E-10 6.31724E-10 7.64202E-10 3.04996E-8 5.65734E-8 2.14787E-8 2.19596E-7 1.94999E-7 1.81315E-7 2.01757E-7 1.59463E-7 9.31038E-7 1.58613E-6 2.67214E-6 3.54871E-6 4.64018E-6 8.06665E-6 6.72044E-6 6.661E-6 2.8857E-6 2.38721E-6 1.41165E-5 9.48595E-6 2.65717E-6 1.53775E-6 3.60377E-6 3.84108E-6 5.75292E-6 7.67102E-6 5.09519E-6 1.32467E-5 6.74342E-6 1.17385E-5 2.5029E-5 8.73367E-6 8.53856E-6 8.01785E-6 1.74084E-5 1.27497E-5 2.08483E-6 1.57365E-6 1.44442E-5 4.33686E-5 8.00898E-5 5.86677E-5 5.88988E-5 5.0039E-5 2.28779E-5 3.24224E-6 5.10346E-6 2.96597E-5 1.84525E-5 1.43695E-5 1.45549E-5 1.7504E-5 1.75884E-4
3.32548E-7 2.38637E-7 3.21528E-7 8.9822E-7 7.69787E-7 1.57687E-6 9.92723E-7 1.54011E-7 3.64092E-8 6.86446E-8 4.01822E-8 6.98541E-10 4.73945E-9 1.55887E-8 4.91832E-8 1.42818E-7 1.24624E-7 2.4234E-8 6.20673E-8 2.11975E-7 1.11712E-6 1.03348E-6 1.63027E-6 3.35816E-6 3.45071E-6 6.40358E-7 9.10406E-7 3.85809E-7 2.493E-7 1.82232E-6 6.05037E-6 3.7825E-6 2.29272E-5 5.8851E-6 2.41573E-6 3.96317E-6 2.05796E-6 5.3493E-6 1.86924E-6 5.49804E-6 5.26378E-6 1.30476E-5 2.29033E-6 2.19871E-6 4.6765E-6 4.15033E-6 4.38229E-6 1.95028E-5 1.68924E-5 7.36584E-6 1.9528E-6 1.96316E-5 4.19984E-5 7.4419E-5 6.92495E-5 5.12623E-5 5.00147E-5 5.35664E-6 2.68897E-6 6.8035E-6 2.77716E-5 1.54118E-5 1.32529E-5 1.28629E-5 1.73547E-5 1.72234E-4
5.19164E-7 3.96242E-7 3.76631E-7 4.02128E-7 1.51869E-6 1.20973E-6 8.9981E-7 2.66302E-6 2.68429E-7 7.51312E-9 3.69589E-9 2.07974E-9 5.73899E-9 1.11802E-8 3.11638E-9 6.40079E-8 4.47636E-8 1.5134E-6 1.76244E-7 1.26324E-7 2.38069E-6 1.59231E-6 1.71627E-6 1.59193E-6 3.70124E-6 3.54911E-7 3.09587E-7 2.18541E-7 5.63208E-7 7.42588E-6 1.09409E-5 1.08237E-5 3.76413E-6 6.28725E-6 6.10212E-6 1.99315E-6 3.0611E-6 3.5899E-6 6.98236E-7 6.06428E-6 8.12061E-6 9.69197E-6 3.8408E-6 1.62601E-6 6.83432E-6 3.58866E-6 3.69596E-5 1.88065E-5 3.06018E-6 1.50863E-5 1.49776E-5 1.72353E-5 4.31486E-5 6.24543E-5 8.55038E-5 4.30249E-5 4.46286E-5 2.81371E-5 1.63761E-5 4.52599E-5 5.53791E-5 3.97793E-5 4.41637E-5 3.01417E-5 1.8987E-5 1.5596E-4
