catData/rasterBestHybridModels/Pviverrinus/RD_RM1.5_autofeature/Pviverrinus_avg.asc
ncols         409
nrows         350
xllcorner     60.897278365
yllcorner     5.843756025
cellsize      0.0892857
NODATA_value  -9999
[rows 116 to 144 of 350, columns 198 to 263 of 409]
7.19712E-6 7.36843E-6 1.44834E-5 1.50105E-5 1.56998E-5 1.34207E-5 1.19704E-5 1.32945E-5 1.34103E-5 1.55644E-5 1.59137E-5 1.65823E-5 1.68128E-5 1.70863E-5 1.83325E-5 2.04639E-5 2.25163E-5 2.66256E-5 3.20746E-5 3.13051E-5 3.11359E-5 3.64604E-5 3.70692E-5 4.12906E-5 6.90388E-5 7.43496E-5 8.32948E-5 5.83919E-5 7.01231E-5 6.80489E-5 7.04757E-5 6.76872E-5 6.57151E-5 6.86946E-5 7.4603E-5 7.70008E-5 7.862E-5 9.32771E-5 8.75606E-5 6.87346E-5 1.21963E-4 1.27748E-4 1.71372E-4 1.56544E-4 1.64641E-4 1.68554E-4 1.64847E-4 1.69604E-4 1.4783E-4 1.3141E-4 1.28699E-4 1.25246E-4 1.78254E-4 2.98908E-4 3.34911E-4 2.57086E-4 2.22079E-4 2.0383E-4 3.37114E-4 3.89208E-4 3.61658E-4 3.79232E-4 3.75104E-4 4.0038E-4 4.9892E-4 4.22086E-4
7.11784E-6 1.00192E-5 1.44336E-5 1.45783E-5 1.47668E-5 1.38556E-5 1.2062E-5 1.27307E-5 1.22909E-5 1.43154E-5 2.06248E-5 1.55747E-5 1.54701E-5 1.60264E-5 1.64845E-5 1.82907E-5 1.97184E-5 2.25039E-5 2.47704E-5 2.87325E-5 2.34917E-5 3.10147E-5 3.26911E-5 3.31433E-5 3.68124E-5 3.87367E-5 3.98843E-5 4.76442E-5 6.16922E-5 5.97187E-5 5.92282E-5 5.44878E-5 5.90631E-5 5.58803E-5 6.76189E-5 6.67494E-5 6.54554E-5 7.52257E-5 8.65993E-5 1.00812E-4 9.70796E-5 1.05226E-4 1.13241E-4 1.33885E-4 1.86468E-4 1.78994E-4 1.76526E-4 1.56042E-4 1.34217E-4 1.19116E-4 1.20444E-4 1.03139E-4 1.22027E-4 1.63346E-4 2.03023E-4 1.98368E-4 2.05354E-4 1.49655E-4 2.35576E-4 2.8642E-4 2.77725E-4 2.46115E-4 3.34008E-4 3.55039E-4 3.0728E-4 4.25582E-4
1.25005E-5 1.25645E-5 1.36657E-5 1.39591E-5 5.61871E-6 4.54041E-6 1.35687E-5 1.49123E-5 1.45886E-5 1.54015E-5 1.51056E-5 9.57937E-6 1.39846E-5 1.36344E-5 1.59251E-5 1.59162E-5 1.66167E-5 2.00179E-5 3.7901E-5 3.71648E-5 1.48751E-5 2.73369E-5 3.34826E-5 2.07661E-5 3.06166E-5 2.93808E-5 3.2663E-5 3.99277E-5 5.28406E-5 5.53933E-5 6.22017E-5 5.73543E-5 6.15492E-5 6.29002E-5 5.52413E-5 2.09229E-5 5.6266E-5 6.24108E-5 6.74131E-5 7.43095E-5 8.75081E-5 8.84785E-5 9.08775E-5 6.31003E-5 9.79739E-5 1.42891E-4 1.87953E-4 1.66119E-4 1.38372E-4 1.39219E-4 1.19831E-4 9.63274E-5 9.70219E-5 1.07897E-4 4.26696E-5 1.41185E-4 1.43027E-4 1.70793E-4 1.93629E-4 2.25683E-4 2.21287E-4 2.26293E-4 3.13009E-4 3.08866E-4 2.84481E-4 3.77299E-4
1.20614E-5 1.11107E-5 4.81567E-6 2.41468E-6 7.3178E-6 3.32087E-6 4.9151E-6 5.6784E-6 5.31838E-6 5.94725E-6 1.549E-5 1.4547E-5 1.44977E-5 1.43501E-5 1.34921E-5 1.33364E-5 1.52758E-5 2.28246E-5 3.37513E-5 2.26118E-5 2.17715E-5 2.62083E-5 2.64442E-5 2.77257E-5 2.96256E-5 2.7493E-5 3.28553E-5 3.7312E-5 4.6244E-5 5.00642E-5 5.03652E-5 5.24833E-5 5.47062E-5 5.41083E-5 5.93798E-5 5.02314E-5 1.91456E-5 5.15319E-5 5.83035E-5 6.23951E-5 6.97377E-5 6.58464E-5 6.86257E-5 6.61842E-5 7.51641E-5 7.65443E-5 7.95685E-5 1.05993E-4 1.00562E-4 1.3418E-4 7.79957E-5 1.05946E-4 1.02221E-4 1.07736E-4 1.02855E-4 7.63717E-5 1.19582E-4 1.18728E-4 1.33262E-4 1.57081E-4 1.65173E-4 1.87765E-4 2.87048E-4 2.93603E-4 2.6637E-4 2.94262E-4
1.01851E-5 1.01483E-5 3.21191E-6 5.42349E-6 3.27535E-6 3.37388E-6 4.15426E-6 1.4334E-5 1.43002E-5 4.77368E-6 6.80673E-6 5.15893E-6 1.46362E-5 1.37194E-5 8.70513E-6 7.92801E-6 1.26528E-5 1.77136E-5 2.89947E-5 3.18207E-5 3.58476E-5 3.60703E-5 2.34151E-5 2.33673E-5 2.65456E-5 2.36867E-5 8.97344E-6 1.33572E-5 4.22019E-5 4.7876E-5 4.44141E-5 4.61619E-5 4.66626E-5 4.73604E-5 4.67965E-5 4.6795E-5 3.03011E-5 4.88905E-5 4.9525E-5 2.47577E-5 6.18765E-5 5.70686E-5 5.43788E-5 5.95955E-5 6.1488E-5 7.4055E-5 8.6383E-5 7.29115E-5 7.74493E-5 5.6188E-5 1.0743E-4 1.40145E-4 1.48212E-4 1.69134E-4 1.01449E-4 7.68683E-5 1.79345E-4 1.03292E-4 9.08908E-5 1.18768E-4 1.38498E-4 1.811E-4 2.0376E-4 2.42931E-4 2.99033E-4 3.16469E-4
3.66386E-6 9.74775E-6 3.30695E-6 3.54466E-6 3.76988E-6 3.60178E-6 4.75583E-6 1.44648E-5 1.45739E-5 4.49124E-6 4.06674E-6 4.72029E-6 1.02402E-5 1.38401E-5 1.31927E-5 4.96377E-6 1.41706E-5 1.25728E-5 2.1104E-5 2.32271E-5 3.0298E-5 3.90056E-5 3.03538E-5 2.33619E-5 2.43547E-5 2.41386E-5 8.94881E-6 1.83603E-5 3.7814E-5 1.76265E-5 2.80377E-5 4.26141E-5 4.1242E-5 4.15411E-5 4.31222E-5 4.49105E-5 1.58781E-5 1.49848E-5 4.68067E-5 1.14275E-5 1.80552E-5 5.14192E-5 4.74076E-5 5.07155E-5 6.40007E-5 7.0485E-5 7.05293E-5 7.3867E-5 7.83739E-5 7.7758E-5 8.25609E-5 8.90305E-5 7.93912E-5 1.11271E-4 1.36013E-4 1.42711E-4 1.01383E-4 1.61733E-4 1.57213E-4 9.29215E-5 1.27149E-4 1.53025E-4 2.32174E-4 2.67382E-4 1.42576E-4 3.18796E-4
3.94492E-6 3.13561E-6 1.95757E-6 2.53091E-6 2.60387E-6 4.21556E-6 2.66067E-6 5.01132E-6 1.49748E-5 5.16504E-6 1.37562E-5 3.33916E-6 4.80137E-6 1.41253E-5 8.77578E-6 8.86546E-6 1.49159E-5 1.51385E-5 1.52998E-5 1.83539E-5 1.91806E-5 2.55908E-5 2.38603E-5 2.29285E-5 1.5165E-5 5.0682E-6 2.70845E-6 9.5607E-6 3.37454E-5 3.59562E-5 4.22589E-5 3.83421E-5 3.60994E-5 3.69788E-5 3.56835E-5 3.93831E-5 3.80224E-5 4.16713E-5 3.00949E-5 2.85493E-5 4.49512E-5 4.1089E-5 4.62445E-5 5.19959E-5 5.37592E-5 6.29961E-5 5.17178E-5 6.27367E-5 7.21909E-5 7.2258E-5 6.45164E-5 6.65222E-5 7.10582E-5 9.62225E-5 1.15114E-4 1.15593E-4 9.71603E-5 1.10218E-4 1.05573E-4 1.157E-4 1.74067E-4 5.78058E-5 1.6493E-4 1.5298E-4 1.86315E-4 2.69164E-4
2.44435E-6 3.43642E-6 2.71099E-6 1.43976E-6 2.68199E-6 2.99313E-6 3.00534E-6 4.29039E-6 3.97043E-6 4.26064E-6 1.54473E-5 5.40753E-6 3.73707E-6 3.60824E-6 1.32104E-5 8.28653E-6 1.32668E-5 1.44849E-5 1.57179E-5 1.75954E-5 2.01573E-5 2.1373E-5 2.13391E-5 2.09749E-5 1.5451E-5 9.95991E-6 9.10157E-6 3.25818E-5 3.13648E-5 3.49426E-5 3.72812E-5 3.68586E-5 3.27678E-5 2.53206E-5 2.85297E-5 3.07843E-5 1.41969E-5 3.57302E-5 2.65469E-5 4.41817E-5 4.45222E-5 4.04462E-5 3.85172E-5 4.66297E-5 5.03415E-5 5.15421E-5 4.63183E-5 5.01779E-5 6.5081E-5 5.82762E-5 5.80824E-5 5.72047E-5 5.86577E-5 6.66889E-5 7.00511E-5 9.32242E-5 7.69395E-5 4.44933E-5 5.75739E-5 8.27869E-5 9.91393E-5 1.61001E-4 1.50632E-4 4.98072E-5 1.20834E-4 1.7578E-4
1.10154E-5 5.63035E-6 3.54383E-6 2.48465E-6 3.82089E-6 4.71243E-6 4.12391E-6 4.19934E-6 1.36022E-5 4.0235E-6 3.9623E-6 1.41935E-5 3.4913E-6 1.15911E-5 1.04913E-5 1.10779E-5 6.84133E-6 4.17932E-6 1.37358E-5 4.67817E-6 1.74255E-5 6.41248E-6 2.15414E-5 2.11889E-5 1.79976E-5 1.31413E-5 2.19729E-5 2.28974E-5 3.10041E-5 3.28065E-5 3.27168E-5 1.43406E-5 2.21861E-5 3.05841E-5 1.05917E-5 3.0211E-5 1.43861E-5 1.46221E-5 1.6576E-5 4.23103E-5 4.14463E-5 3.91043E-5 3.85986E-5 3.79836E-5 4.08323E-5 4.72894E-5 5.15356E-5 5.01143E-5 5.67713E-5 5.36206E-5 5.48362E-5 6.01423E-5 5.91697E-5 5.15125E-5 6.69093E-5 4.04914E-5 6.80435E-5 6.05074E-5 5.7362E-5 6.58658E-5 9.02826E-5 9.29172E-5 1.13086E-4 6.44054E-5 8.54692E-5 1.26403E-4
5.06212E-6 2.22775E-6 6.96253E-6 2.46616E-6 3.34026E-6 1.41285E-5 5.66221E-6 3.67326E-6 1.3135E-5 4.14153E-6 3.76302E-6 2.30638E-6 3.07614E-6 3.05789E-6 3.43008E-6 3.34272E-6 3.64478E-6 6.4875E-6 1.12621E-5 3.93138E-6 4.65296E-6 1.46377E-5 1.74513E-5 1.79125E-5 6.02704E-6 1.84087E-5 1.72466E-5 1.87067E-5 2.22936E-5 2.48038E-5 2.76347E-5 4.19355E-5 2.66364E-5 1.93024E-5 6.73236E-6 1.42174E-5 9.04572E-6 1.53233E-5 1.48988E-5 1.37645E-5 3.77534E-5 3.87825E-5 3.7034E-5 3.53124E-5 3.87074E-5 4.31738E-5 4.68539E-5 4.46974E-5 2.81337E-5 4.37448E-5 4.97062E-5 5.31178E-5 5.3631E-5 5.3706E-5 5.54057E-5 6.19904E-5 5.19826E-5 5.42712E-5 4.92443E-5 6.22509E-5 7.56668E-5 7.68782E-5 1.0508E-4 1.18664E-4 1.29112E-4 1.60067E-4
3.41012E-6 2.37784E-6 2.69867E-6 2.11979E-6 7.85797E-6 3.81664E-6 3.07596E-6 2.87297E-6 3.33473E-6 2.76715E-6 2.72058E-6 1.75065E-6 2.62422E-6 3.50087E-6 1.86902E-6 4.1479E-6 3.42189E-6 3.25226E-6 3.90799E-6 5.32347E-6 3.42093E-6 1.14102E-5 8.23655E-6 1.54413E-5 1.5794E-5 1.02017E-5 1.5995E-5 1.55943E-5 8.21472E-6 5.84252E-6 1.5256E-5 3.39093E-5 3.76154E-5 2.33127E-5 1.09679E-5 1.06459E-5 3.41223E-5 3.70586E-5 3.32526E-5 3.21145E-5 2.05266E-5 3.40465E-5 3.4485E-5 3.72104E-5 4.21667E-5 4.22508E-5 4.7257E-5 4.30369E-5 1.42747E-5 1.96523E-5 4.49231E-5 4.62421E-5 4.57598E-5 4.64229E-5 5.14559E-5 5.0281E-5 4.5226E-5 4.24699E-5 4.48193E-5 4.92928E-5 5.0495E-5 5.4452E-5 4.197E-5 6.31204E-5 3.92761E-5 3.44049E-5
7.29716E-6 1.13202E-6 2.66778E-6 3.48085E-6 3.55962E-6 8.35584E-7 8.4743E-7 4.45172E-6 1.31129E-6 1.38362E-6 2.71385E-6 2.31163E-6 1.30988E-6 8.40718E-6 4.04909E-6 3.66396E-6 7.55549E-6 4.6802E-6 3.3335E-6 2.08534E-6 2.26573E-6 3.30573E-6 1.14704E-5 4.24972E-6 9.96696E-6 6.11787E-6 1.49333E-5 1.70411E-5 6.50001E-6 6.48346E-6 2.16808E-5 9.00884E-6 3.47202E-5 3.54147E-5 1.05362E-5 1.97661E-5 3.61033E-5 1.34763E-5 3.85616E-5 3.77216E-5 3.83443E-5 1.34664E-5 3.80664E-5 4.17109E-5 3.78893E-5 2.28673E-5 1.71056E-5 3.96774E-5 3.86635E-5 3.71273E-5 2.16528E-5 3.77629E-5 4.4154E-5 4.33025E-5 4.07795E-5 4.34057E-5 4.04772E-5 3.73936E-5 3.57443E-5 3.40106E-5 3.13731E-5 5.02176E-5 5.49015E-5 5.82994E-5 5.88188E-5 8.12554E-5
2.03927E-6 2.11489E-6 1.41341E-6 1.06338E-6 7.7731E-7 5.33975E-7 8.17357E-7 9.17827E-7 1.52971E-6 9.31717E-7 1.31982E-6 2.1644E-6 1.72668E-6 3.5252E-6 4.71973E-6 2.53204E-6 4.03916E-6 2.34028E-6 4.34658E-6 2.24529E-6 8.72519E-6 9.51248E-6 9.5686E-6 2.7309E-6 3.93825E-6 2.81468E-6 6.94485E-6 5.09922E-6 1.87034E-5 2.00829E-5 2.11615E-5 1.01232E-5 3.08381E-5 1.75672E-5 3.00991E-5 3.19522E-5 3.44507E-5 2.95219E-5 3.16778E-5 3.23653E-5 2.3487E-5 1.30691E-5 3.52284E-5 3.57934E-5 3.47062E-5 3.62417E-5 3.70314E-5 3.61831E-5 3.76455E-5 3.92156E-5 3.90804E-5 3.77834E-5 3.82526E-5 3.76646E-5 3.55003E-5 3.49776E-5 3.5037E-5 3.27587E-5 3.00849E-5 2.71479E-5 1.90966E-5 3.0133E-5 1.90065E-5 3.39639E-5 3.55903E-5 3.60345E-5
1.81266E-6 5.41502E-6 2.55951E-6 1.88118E-6 9.25549E-7 2.98466E-6 3.22657E-6 1.15104E-6 1.57719E-6 1.11226E-6 1.70622E-6 2.91196E-6 2.33627E-6 4.4917E-6 3.83214E-6 6.28139E-6 6.12843E-6 6.29069E-6 4.45758E-6 1.91591E-6 9.05872E-6 3.08882E-6 2.80574E-6 3.35886E-6 3.01961E-6 2.35076E-6 3.24638E-6 3.519E-6 5.09846E-6 1.25802E-5 2.06167E-5 1.29481E-5 1.38835E-5 8.27717E-6 9.8097E-6 2.99643E-5 1.07229E-5 2.81017E-5 2.46511E-5 3.27263E-5 3.38711E-5 3.11006E-5 3.0292E-5 3.12675E-5 3.34314E-5 3.3534E-5 3.86046E-5 4.4724E-5 3.98965E-5 4.03368E-5 3.61613E-5 3.63343E-5 3.56011E-5 3.34364E-5 3.33777E-5 4.03513E-5 2.71272E-5 2.83228E-5 1.6969E-5 2.81658E-5 2.33182E-5 2.19372E-5 2.54972E-5 2.51612E-5 2.77695E-5 2.99122E-5
1.65413E-6 1.38204E-6 9.06853E-7 1.64306E-6 3.33794E-6 2.86079E-6 1.81369E-6 4.31165E-7 8.48538E-7 9.21243E-7 2.64689E-6 4.49893E-6 1.87122E-6 2.39844E-6 2.84906E-6 7.19829E-6 6.79024E-6 7.07406E-6 7.74784E-6 2.6643E-6 1.05257E-5 4.63391E-6 2.21386E-6 3.21794E-6 3.63537E-6 1.06334E-5 3.35803E-6 1.34607E-6 4.60024E-6 2.24366E-5 8.74732E-6 1.98017E-5 2.40448E-5 2.40146E-5 3.56689E-5 2.47162E-5 4.90181E-5 2.9605E-5 2.22961E-5 2.59474E-5 2.72222E-5 2.88663E-5 3.10243E-5 3.18686E-5 3.26239E-5 3.17611E-5 3.83233E-5 3.75095E-5 3.78768E-5 3.66863E-5 4.16584E-5 3.56871E-5 3.07852E-5 3.20411E-5 3.7297E-5 3.00524E-5 2.36678E-5 2.28594E-5 2.21016E-5 2.03336E-5 2.21761E-5 1.82572E-5 2.32384E-5 1.46731E-5 2.29268E-5 2.09474E-5
4.17156E-7 1.3631E-6 1.65837E-6 2.27766E-6 2.1629E-6 6.83842E-6 4.8977E-7 7.30127E-7 2.27852E-6 1.67574E-6 1.37539E-6 1.92566E-6 1.62559E-6 1.03763E-6 5.00195E-6 2.80483E-6 8.01088E-6 8.15557E-6 3.24841E-6 2.67643E-6 5.37628E-6 5.50675E-6 5.49337E-6 1.30653E-5 7.02945E-6 6.816E-6 3.08193E-6 6.58813E-6 4.35226E-6 1.56405E-5 1.88769E-5 1.9408E-5 2.11952E-5 2.31261E-5 2.80191E-5 2.50724E-5 1.20443E-5 8.51152E-6 9.82263E-6 1.11248E-5 2.81313E-5 2.82632E-5 3.14508E-5 3.23846E-5 3.41156E-5 3.63703E-5 5.56474E-5 5.46087E-5 4.81448E-5 6.1559E-5 5.76442E-5 3.74827E-5 2.63003E-5 2.44584E-5 2.53795E-5 2.53101E-5 2.34233E-5 2.12415E-5 2.21284E-5 1.74463E-5 1.46331E-5 1.69851E-5 1.39625E-5 1.56989E-5 1.47129E-5 1.50367E-5
3.70028E-7 9.12093E-7 1.40561E-6 1.61659E-6 2.25747E-6 7.40624E-6 1.89357E-6 2.40959E-6 2.92845E-6 6.89395E-6 2.50616E-6 3.07199E-6 2.48127E-6 1.44761E-6 3.17876E-6 2.96027E-6 2.28909E-6 3.19024E-6 1.19495E-6 1.30284E-6 1.3696E-5 1.55124E-5 1.33072E-5 3.30911E-6 2.38316E-6 3.93476E-6 3.39116E-6 3.34087E-6 2.62229E-6 2.75076E-6 2.70547E-6 6.46725E-6 4.4459E-6 1.69118E-6 3.00885E-6 8.5435E-6 2.21337E-5 1.97398E-5 1.31156E-5 2.7586E-5 2.76731E-5 1.84981E-5 3.16139E-5 2.98315E-5 3.32387E-5 3.5712E-5 4.5546E-5 5.06299E-5 7.22353E-5 4.45748E-5 1.856E-5 2.88925E-5 2.92475E-5 2.79748E-5 2.62084E-5 1.48889E-5 2.27216E-5 2.01385E-5 2.02984E-5 1.81538E-5 2.17747E-5 1.40557E-5 1.41164E-5 1.54822E-5 1.49769E-5 1.46719E-5
9.07844E-7 1.41975E-6 4.69669E-7 8.67816E-7 1.73009E-6 7.39554E-6 4.97884E-6 1.9293E-6 1.98296E-6 1.613E-6 1.99199E-6 4.01814E-6 5.25326E-6 1.24497E-5 6.31524E-6 2.04833E-6 1.77873E-6 1.6056E-6 3.71011E-6 1.32573E-6 1.53561E-6 5.4161E-6 7.00982E-6 6.38412E-6 3.8158E-6 7.08111E-6 4.26414E-6 2.62742E-6 4.04726E-6 2.86021E-6 3.2079E-6 1.82017E-6 1.52147E-6 2.37257E-6 3.56888E-6 5.37277E-6 5.64629E-6 4.75849E-6 4.44713E-6 5.4204E-6 7.63639E-6 9.57684E-6 8.00561E-6 7.51131E-6 1.22223E-5 3.49496E-5 3.34942E-5 4.29663E-5 3.98258E-5 3.22739E-5 2.53575E-5 2.38968E-5 2.45394E-5 2.34568E-5 2.21174E-5 1.49139E-5 2.42366E-5 2.14217E-5 1.50345E-5 1.4597E-5 1.52859E-5 1.47621E-5 1.46624E-5 1.90149E-5 1.54593E-5 1.461E-5
1.37192E-6 2.61178E-6 1.71693E-6 6.11942E-7 1.45592E-6 1.77837E-6 1.64411E-6 4.20592E-6 2.29705E-6 9.9368E-6 3.98228E-6 4.04972E-6 4.96497E-6 3.83156E-6 3.44018E-6 1.65553E-6 2.47569E-6 2.00698E-6 1.07575E-6 1.99852E-6 1.02075E-5 2.48429E-6 3.65104E-6 4.29838E-6 4.92933E-6 6.9909E-6 2.44414E-6 3.31451E-6 2.20871E-6 1.71632E-6 2.5022E-6 1.67567E-6 1.30996E-6 4.1383E-6 4.45171E-6 4.62777E-6 2.30124E-6 3.13845E-6 3.91707E-6 1.5969E-6 1.13158E-6 1.41556E-6 1.63266E-6 2.62423E-6 2.47212E-6 3.59326E-6 2.30899E-6 3.99991E-6 3.75365E-6 1.08626E-5 1.0503E-5 7.5393E-6 2.18576E-5 2.12939E-5 2.48403E-5 2.49385E-5 1.21596E-5 2.71981E-5 2.58029E-5 1.50807E-5 1.53699E-5 1.58859E-5 1.5544E-5 1.54837E-5 3.20238E-5 8.83345E-6
1.71619E-6 1.91199E-6 2.37579E-6 1.76472E-6 1.00684E-6 1.4981E-6 1.43782E-6 1.30617E-6 2.73844E-6 4.16117E-6 3.69965E-6 5.60702E-6 2.61344E-6 1.25273E-6 6.8021E-7 5.31778E-7 1.41252E-6 2.46456E-6 4.30286E-6 3.32754E-6 3.13482E-6 5.01386E-6 5.48219E-6 3.76941E-6 3.53111E-6 4.02697E-6 4.09795E-6 3.67291E-6 6.25875E-6 4.59357E-6 5.08473E-6 4.05052E-6 8.151E-6 5.80793E-6 9.26737E-6 5.14088E-6 4.69148E-6 3.54929E-6 1.22105E-5 4.71342E-6 2.11896E-6 2.36283E-6 1.32343E-6 1.72207E-6 2.06152E-6 4.98055E-6 5.8938E-6 2.33896E-6 2.83886E-6 8.04047E-6 1.12016E-5 1.01428E-5 7.66623E-6 1.11896E-5 1.72094E-5 1.04028E-5 2.45722E-5 2.26046E-5 2.6564E-5 2.46457E-5 2.03546E-5 2.42258E-5 1.75295E-5 2.56314E-5 1.01155E-5 2.35812E-5
2.65425E-6 2.66091E-6 2.7755E-6 1.70861E-6 1.10562E-6 2.0944E-6 3.98841E-6 1.36067E-6 3.06026E-6 2.69262E-6 4.79049E-6 3.84001E-6 6.23742E-7 8.28149E-7 1.13186E-6 3.78053E-7 9.97206E-7 1.92989E-6 2.39717E-6 2.95985E-6 3.54743E-6 5.14152E-6 5.88118E-6 4.8421E-6 4.42816E-6 7.43777E-6 7.27813E-6 8.00198E-6 7.17096E-6 6.86536E-6 7.76618E-6 3.91197E-6 4.4884E-6 3.63972E-6 3.2077E-6 3.42601E-6 3.82417E-6 3.99789E-6 4.64018E-6 3.46783E-6 4.70712E-6 1.53912E-6 6.5028E-7 1.26525E-6 2.44679E-6 4.92065E-6 9.53683E-6 6.60584E-6 1.41949E-5 1.18889E-5 1.44792E-5 1.14028E-5 1.3226E-5 2.37196E-5 1.73585E-5 1.45315E-5 5.70545E-6 3.31072E-5 8.79404E-6 2.63457E-5 2.17598E-5 1.11189E-5 4.45658E-5 2.49032E-5 2.15838E-5 2.38133E-5
1.20699E-6 4.01784E-6 3.17215E-6 1.28715E-6 1.39078E-6 2.47995E-6 2.36921E-6 1.36781E-6 3.16689E-6 1.50475E-6 2.34433E-6 2.83573E-6 1.38066E-6 3.81021E-7 8.89556E-7 1.04148E-6 4.09106E-7 1.90947E-6 2.11727E-6 1.48409E-6 9.3479E-7 1.42181E-6 3.89631E-6 3.93012E-6 3.36369E-6 2.75144E-6 4.81526E-6 4.53598E-6 4.4368E-6 3.85815E-6 4.40035E-6 5.25887E-6 3.6421E-6 6.25716E-6 2.35504E-6 3.78035E-6 2.80152E-6 1.62495E-6 2.16123E-6 2.33282E-6 1.83836E-6 1.94355E-6 6.68536E-7 1.26343E-6 4.79418E-6 4.46163E-6 7.24411E-6 1.01449E-5 4.03063E-5 1.43192E-5 1.67304E-5 1.88314E-5 1.48579E-5 1.3557E-5 1.77577E-5 5.52671E-6 2.59969E-6 8.13391E-6 2.83888E-5 1.50982E-5 1.46963E-5 4.21202E-5 1.66398E-5 2.54046E-5 2.53198E-5 1.96833E-5
1.96944E-6 1.63605E-6 3.76218E-6 2.306E-6 1.49204E-6 1.73268E-6 8.99377E-7 1.06087E-6 2.71647E-6 2.92975E-6 3.82353E-6 1.78831E-6 9.29567E-7 3.50716E-7 8.16388E-7 1.01518E-6 1.34026E-6 1.71227E-6 1.35785E-6 9.92519E-7 1.95804E-6 1.3996E-6 1.90783E-6 3.86092E-6 6.2647E-6 7.24875E-6 6.67126E-6 3.73601E-6 1.97258E-5 9.42218E-6 8.49135E-6 9.62501E-6 7.27935E-6 3.05928E-6 4.17833E-6 4.17865E-6 7.74991E-6 1.09872E-5 2.41462E-6 1.2014E-6 1.32843E-6 1.196E-6 5.08904E-7 5.4725E-7 3.54034E-6 2.51531E-6 4.31979E-6 5.89611E-6 4.05181E-5 3.92813E-5 3.77543E-5 2.45042E-5 2.52169E-5 1.06576E-5 9.5278E-6 1.70297E-6 2.5151E-6 2.09662E-6 4.98902E-6 1.55907E-5 1.08207E-5 9.1332E-6 1.11474E-5 2.8196E-5 3.51258E-5 3.58898E-5
5.36909E-7 5.28777E-7 3.499E-6 4.24002E-6 1.72812E-6 1.1874E-6 8.93614E-7 9.39561E-7 4.68659E-7 1.10854E-6 7.61011E-7 6.61121E-7 7.42568E-7 1.23994E-6 1.4134E-6 1.95463E-6 2.36994E-6 1.76256E-6 4.16251E-7 4.06296E-7 6.41113E-7 2.00231E-6 3.53882E-6 2.16634E-5 4.52856E-6 5.26427E-6 4.1465E-6 3.683E-6 4.55954E-6 8.24343E-6 7.53693E-6 6.81141E-6 9.35314E-6 6.06242E-6 6.75027E-6 3.804E-6 3.67118E-6 1.65094E-6 9.95493E-7 1.48787E-6 1.33025E-6 1.55168E-6 4.16411E-7 2.96465E-7 4.41335E-7 4.92298E-7 1.91336E-6 3.03999E-6 4.24435E-6 3.62556E-6 9.31631E-6 1.49258E-5 1.41969E-5 1.15825E-5 1.7931E-5 8.53598E-6 5.05559E-6 8.94691E-6 1.06268E-5 1.38418E-5 8.08699E-6 2.57189E-5 3.15214E-5 3.30792E-5 3.69213E-5 4.07506E-5
2.31088E-7 2.7589E-7 3.52787E-7 5.73943E-7 1.56814E-6 1.49382E-6 9.18021E-7 1.19135E-6 9.56648E-7 1.37128E-6 1.37695E-6 1.46005E-6 1.09947E-6 1.18873E-6 1.46481E-6 1.56468E-6 1.21795E-6 7.63717E-7 3.01515E-7 1.16104E-6 1.00468E-6 1.70668E-6 1.73099E-6 1.46736E-6 3.5877E-6 4.91809E-6 4.42579E-6 4.06356E-6 5.26415E-6 7.31088E-6 2.49116E-5 9.76795E-6 3.18871E-5 7.24097E-6 4.23944E-6 3.06116E-6 1.76669E-6 1.39137E-6 1.41303E-6 3.56437E-6 4.82547E-6 4.47127E-6 1.13722E-6 1.48687E-6 7.45543E-7 1.65108E-6 1.24493E-6 4.06158E-6 5.25478E-6 3.67383E-6 1.14025E-5 1.59709E-5 1.4178E-5 1.5268E-5 2.76151E-5 6.53178E-6 1.08121E-5 4.39467E-6 1.85971E-5 1.9801E-5 1.27E-5 3.26629E-5 3.87398E-5 4.38162E-5 5.21022E-5 5.26454E-5
3.51273E-7 2.06098E-7 3.33143E-7 1.41095E-6 2.40987E-6 1.77813E-6 1.63667E-6 2.07299E-6 1.22843E-6 1.34574E-6 1.22657E-6 1.55116E-6 1.27701E-6 1.04965E-6 5.90955E-7 4.63833E-7 9.7469E-7 7.42487E-7 1.09875E-6 6.52328E-7 5.74601E-7 2.41542E-6 4.57582E-6 8.81284E-6 3.63415E-6 2.11152E-6 4.67682E-6 3.63382E-6 4.73674E-6 6.69646E-6 1.96096E-5 7.23829E-6 5.66091E-6 2.25563E-6 3.09479E-6 1.30803E-6 2.27994E-6 2.37401E-6 2.04024E-6 3.60954E-6 1.98394E-6 2.10158E-6 2.30107E-6 1.84565E-6 1.42185E-6 1.70318E-6 4.35155E-6 5.41938E-6 4.17546E-6 4.40019E-6 5.88534E-6 6.60084E-6 8.29685E-6 6.7337E-6 3.38887E-6 8.67014E-6 9.80786E-6 1.02774E-5 3.40993E-5 3.68278E-5 2.42262E-5 1.45325E-5 2.79222E-5 3.08326E-5 2.0866E-5 4.64563E-5
9.94175E-7 6.97689E-7 9.47368E-7 9.28716E-7 8.25448E-7 3.75173E-6 8.59456E-7 1.58139E-6 1.3598E-6 3.08646E-6 1.13947E-6 1.32233E-6 6.81199E-7 2.34E-7 2.38937E-7 9.21532E-7 1.33229E-6 1.16433E-6 8.47326E-7 8.34E-7 9.14958E-7 5.67421E-6 7.56216E-6 2.33166E-5 5.31979E-6 2.82917E-6 2.61338E-6 2.72512E-6 6.37388E-6 4.76668E-6 7.09508E-6 7.90952E-6 5.46514E-6 6.39159E-6 2.13444E-6 1.63872E-6 2.93081E-6 4.28946E-6 1.84383E-6 3.64779E-6 3.70716E-6 3.52224E-6 1.78245E-6 1.92274E-6 1.30226E-6 2.69625E-7 8.32714E-7 3.9089E-6 2.52342E-6 6.2171E-6 6.24504E-6 8.19093E-6 4.20792E-6 1.97198E-6 5.0252E-6 1.05674E-5 1.35203E-5 9.15683E-6 4.48141E-5 1.72738E-5 4.75061E-5 4.51119E-5 1.31035E-5 1.50975E-5 1.69304E-5 1.50951E-5
2.4755E-6 2.07187E-6 1.80621E-6 1.83244E-6 1.71899E-6 1.51676E-6 1.16824E-6 5.33679E-7 7.38371E-7 1.67432E-6 1.74464E-6 3.59923E-7 3.8521E-7 6.62874E-7 3.92557E-7 4.70549E-7 7.16667E-7 6.25212E-7 5.68371E-7 7.9078E-7 6.48119E-7 1.56466E-6 5.52454E-6 1.66981E-5 6.52526E-6 6.82406E-6 2.97214E-6 3.43053E-6 5.28831E-6 8.36451E-6 6.69063E-6 6.17151E-6 4.37323E-6 3.94031E-6 6.60198E-6 5.6878E-6 5.63557E-6 4.45417E-6 2.72382E-6 1.62723E-6 2.20708E-6 2.48113E-6 4.69658E-6 3.29276E-6 1.30926E-6 1.37433E-6 1.19839E-6 2.17221E-6 5.53645E-6 9.77707E-6 7.68922E-6 7.69646E-6 7.74416E-6 7.1911E-6 9.99633E-6 1.39916E-5 1.36039E-5 1.49475E-5 1.41205E-5 2.24359E-5 1.64284E-5 4.79041E-5 1.18553E-5 1.1483E-5 1.85184E-5 5.71579E-5
9.78059E-7 2.07813E-6 3.38835E-6 2.26261E-6 1.4904E-6 3.1365E-7 5.15817E-7 4.94716E-7 7.98024E-7 8.22753E-7 4.84256E-7 1.18022E-6 7.80997E-7 2.88915E-7 3.36514E-7 4.10308E-7 6.19724E-7 8.33874E-7 4.07662E-7 5.54922E-7 1.04703E-6 2.15913E-6 2.53321E-6 7.08866E-6 5.99845E-6 3.66828E-6 3.12664E-6 4.16135E-6 3.8072E-6 1.17324E-5 3.48066E-6 1.17348E-6 1.34818E-6 7.87834E-6 2.51311E-6 3.16481E-6 5.18775E-6 2.13221E-6 2.97973E-6 3.03063E-6 2.18436E-6 1.4867E-6 1.93365E-6 1.94092E-6 1.02774E-6 1.75603E-6 9.53369E-6 1.57712E-5 1.68035E-5 1.45783E-5 1.78085E-5 2.77116E-5 7.11199E-6 8.10835E-6 6.41332E-6 4.18359E-5 1.15289E-5 1.58744E-5 4.02273E-5 4.97566E-5 1.34378E-5 1.61157E-5 2.98703E-5 3.81474E-5 2.193E-5 1.66225E-5
