catData/rasterBestHybridModels/Pviverrinus/RD_RM1.5_autofeature/Pviverrinus_stddev.asc
ncols         409
nrows         350
xllcorner     60.897278365
yllcorner     5.843756025
cellsize      0.0892857
NODATA_value  -9999
[rows 174 to 202 of 350, columns 198 to 263 of 409]
7.86493E-7 9.43074E-7 1.22599E-6 1.76482E-6 2.82872E-6 1.80136E-6 1.28661E-6 1.30956E-6 1.57638E-6 1.6031E-6 2.30257E-6 2.86997E-6 3.06186E-6 3.20329E-6 2.48074E-6 2.71798E-6 4.29439E-6 1.26306E-5 1.20423E-5 1.41893E-5 9.18445E-6 4.93305E-6 6.26369E-6 1.7064E-5 1.34146E-5 2.43214E-6 6.77686E-7 4.78123E-7 6.7145E-7 7.96057E-7 1.56614E-6 1.91774E-6 1.46742E-6 1.82564E-6 4.24801E-6 3.25932E-6 1.89364E-6 2.40683E-6 3.39795E-6 8.89966E-6 9.15412E-6 1.79709E-6 5.35124E-7 8.49088E-7 8.98575E-7 6.91198E-7 2.50499E-6 1.64328E-6 2.16521E-6 3.32082E-6 4.2029E-6 2.6593E-6 6.75859E-6 4.46205E-6 2.16682E-6 1.74365E-6 1.77631E-6 8.03021E-6 1.37387E-5 1.09321E-5 8.07526E-6 1.08289E-5 7.72426E-6 6.4034E-6 3.72288E-6 3.09524E-6
1.00164E-6 1.6283E-6 2.42584E-6 2.74053E-6 2.85281E-6 1.05474E-6 1.54663E-6 1.1241E-6 1.72285E-6 2.25232E-6 3.24349E-6 3.09787E-6 3.13532E-6 2.86403E-6 2.80677E-6 4.12333E-6 8.71473E-6 5.48313E-6 5.64172E-6 1.19079E-5 1.211E-5 1.0747E-5 8.7334E-6 5.12201E-5 5.69029E-6 1.69611E-6 1.10412E-6 8.21965E-7 6.79982E-7 1.71873E-6 2.60767E-6 3.28269E-6 1.99491E-6 4.43056E-6 5.00201E-6 5.74789E-6 3.30226E-6 1.97929E-6 4.18914E-6 1.07708E-5 4.45208E-6 4.68409E-7 6.19769E-7 1.23399E-6 1.49861E-6 8.1553E-7 1.4181E-6 1.45534E-6 1.65394E-6 1.84183E-6 1.95475E-6 3.82434E-6 3.10238E-6 8.23861E-6 2.81733E-6 2.84635E-6 7.13786E-6 1.18269E-5 1.9249E-5 7.30259E-6 1.07465E-5 5.91068E-6 6.98276E-6 2.75255E-6 1.45807E-5 1.80559E-5
8.62565E-7 1.66204E-6 2.43877E-6 3.06499E-6 4.2432E-6 3.99713E-6 1.23459E-6 1.39668E-6 2.92068E-6 5.46958E-6 6.81029E-6 6.58086E-6 8.92527E-6 2.72358E-6 9.05971E-6 5.41038E-6 7.41797E-6 5.78542E-6 8.0314E-6 6.14324E-6 7.39012E-6 3.74351E-6 7.14085E-6 9.60751E-6 1.09555E-5 1.85393E-6 1.27357E-6 3.13241E-6 2.68946E-6 1.9526E-6 5.60404E-6 4.11753E-6 9.7059E-6 1.38406E-5 5.32019E-6 8.3479E-6 5.68914E-6 5.35623E-6 1.1169E-5 1.18934E-5 2.92784E-6 8.41615E-7 9.55285E-7 9.528E-7 1.29814E-6 2.4737E-6 1.84407E-6 4.57834E-6 2.41025E-6 2.18563E-6 1.42777E-6 1.68901E-6 3.58376E-6 7.94822E-6 9.55224E-6 1.22955E-5 1.47785E-5 2.51727E-5 2.53334E-5 1.37574E-5 8.27672E-6 5.65749E-6 5.32282E-6 8.84243E-6 2.0123E-6 2.68164E-6
2.14525E-6 2.35378E-6 2.67693E-6 6.36788E-6 7.4392E-6 6.06441E-6 3.15969E-6 8.6977E-7 3.31829E-6 7.31049E-6 6.31624E-6 7.21297E-6 3.73182E-6 3.9289E-6 5.1749E-6 1.03125E-5 1.84775E-5 4.99273E-6 4.41558E-6 4.82713E-6 4.79771E-6 2.48502E-6 2.88681E-6 4.40004E-6 3.13291E-6 1.53013E-6 2.20562E-6 2.35565E-6 4.09428E-6 5.68077E-6 1.92337E-5 9.46771E-6 4.36868E-6 3.96009E-6 6.01829E-6 5.89313E-6 5.39843E-6 1.01595E-5 1.16373E-5 7.96868E-6 2.01961E-6 2.19695E-6 2.13533E-6 1.91905E-6 1.71127E-6 3.94798E-6 1.93468E-6 2.75121E-6 1.76077E-6 1.57379E-6 3.40309E-6 2.26733E-6 8.07314E-6 8.06428E-6 1.00027E-5 1.26184E-5 1.78142E-5 2.10342E-5 2.00074E-5 7.12699E-6 1.68333E-5 6.64245E-6 8.11919E-6 4.72438E-6 3.023E-6 1.5897E-6
2.50332E-6 1.89114E-6 1.84741E-6 3.24338E-6 9.87719E-6 3.07522E-5 8.65675E-6 8.34435E-6 6.15808E-6 8.28035E-6 6.4885E-6 8.6449E-6 4.05888E-6 3.80695E-6 3.60795E-6 4.02076E-6 4.49609E-6 6.60357E-6 2.88012E-6 2.87623E-6 9.38172E-7 2.13666E-6 1.98273E-6 2.5486E-6 2.3094E-6 4.63516E-6 7.57114E-6 5.98586E-6 3.99941E-6 6.1363E-6 7.27675E-6 6.14559E-6 1.0942E-5 1.27854E-5 1.23892E-5 6.15096E-6 7.03349E-6 1.2722E-5 1.27657E-5 4.78228E-6 2.34134E-6 5.5368E-6 6.05085E-6 4.7436E-6 1.90555E-6 1.79362E-6 1.21719E-6 1.48736E-6 1.16365E-6 1.1469E-6 3.9675E-6 4.89185E-6 8.39586E-6 8.7066E-6 9.82511E-6 1.21044E-5 1.72032E-5 2.18754E-5 1.63864E-5 6.13602E-6 1.94446E-5 6.54342E-6 3.48679E-6 1.70746E-6 1.63057E-6 1.47423E-6
1.99338E-6 2.77267E-6 2.7627E-6 2.66286E-6 4.7744E-6 3.68944E-6 3.17519E-6 9.11049E-6 4.04714E-6 1.82662E-6 2.09873E-6 4.15085E-6 3.91556E-6 4.59205E-6 4.14571E-6 3.27182E-6 8.98413E-6 2.74193E-6 2.68757E-6 9.9764E-7 1.57283E-6 4.85611E-6 4.48379E-6 1.15286E-5 7.78142E-6 5.22274E-6 1.09875E-5 4.63562E-6 1.05274E-5 7.16481E-6 1.34387E-5 1.04848E-5 9.72405E-6 1.36294E-5 1.37115E-5 6.19583E-6 1.21015E-5 1.31855E-5 1.45765E-5 4.40659E-6 4.91065E-6 2.12797E-6 1.95424E-6 1.92996E-6 1.78394E-6 2.00444E-6 8.84027E-7 1.13318E-6 2.08268E-6 2.36354E-6 3.59639E-6 3.14511E-6 8.5175E-6 8.78348E-6 9.71301E-6 1.05609E-5 1.79639E-5 1.20534E-5 5.93071E-6 2.70314E-6 3.33595E-6 8.30148E-7 8.35766E-7 9.86341E-7 1.13889E-6 1.32235E-6
2.24624E-6 2.57326E-6 3.92617E-6 2.26027E-6 1.07318E-6 1.31938E-6 5.39784E-7 8.05184E-7 1.55624E-6 1.73271E-6 1.71771E-6 2.612E-6 3.70336E-6 3.35013E-6 3.96184E-6 4.06445E-6 2.39717E-6 1.77211E-6 2.82835E-6 1.06117E-6 1.01864E-6 5.67359E-6 5.04529E-6 1.25344E-5 1.10393E-5 3.56538E-6 3.55688E-6 5.86025E-6 4.31469E-6 4.26751E-6 1.00327E-5 1.03933E-5 1.02115E-5 1.26898E-5 1.31023E-5 1.24631E-5 1.57043E-5 1.21777E-5 1.31081E-5 4.47434E-6 1.89043E-6 1.91411E-6 1.30039E-6 4.7323E-6 1.46934E-6 1.09608E-6 7.29119E-7 2.15528E-6 1.18857E-6 1.38739E-6 7.65259E-6 7.79169E-6 8.03612E-6 9.03306E-6 5.99883E-6 8.68596E-6 6.62132E-6 1.05381E-5 5.68165E-6 2.0405E-6 2.13999E-6 2.42821E-6 9.47799E-7 8.24121E-7 7.2153E-7 1.33515E-6
7.93835E-7 1.22236E-6 2.56726E-6 1.4156E-6 1.28341E-6 1.40136E-6 6.74041E-7 7.6437E-7 1.48988E-6 1.63167E-6 1.43965E-6 1.83073E-6 3.01579E-6 3.2912E-6 9.57598E-6 2.23669E-6 2.5405E-6 1.63987E-6 1.94493E-6 1.05044E-6 1.15552E-6 1.23521E-6 5.08781E-6 1.28334E-5 1.17712E-5 4.94381E-6 3.66088E-6 2.0681E-6 4.65633E-6 4.55224E-6 9.44361E-6 9.60458E-6 1.0848E-5 1.26734E-5 1.34175E-5 1.27457E-5 1.53296E-5 1.35267E-5 5.09102E-6 1.86548E-6 6.66437E-7 5.29636E-7 1.22367E-6 1.62512E-6 1.34046E-6 1.17605E-6 1.8811E-6 2.60864E-6 2.81575E-6 1.80286E-6 2.80098E-6 2.35041E-6 2.15141E-6 4.177E-6 4.19487E-6 7.6867E-6 3.96953E-6 4.73687E-6 9.25234E-6 3.70311E-6 4.53696E-6 4.35977E-6 2.71661E-6 1.60622E-6 1.06619E-6 1.42926E-6
2.01707E-6 1.14283E-6 1.2569E-6 5.67334E-7 1.95965E-6 8.87358E-7 1.17573E-6 9.19481E-7 6.70081E-7 1.96398E-6 1.00465E-6 2.00788E-6 2.11348E-6 5.70895E-6 2.57908E-6 2.27156E-6 1.49914E-6 2.25126E-6 2.10901E-6 1.35823E-6 7.25831E-7 7.93812E-7 2.16916E-6 2.92369E-6 2.73763E-6 4.47849E-6 7.53884E-6 2.15439E-6 2.22497E-6 1.15786E-5 1.0706E-5 1.09084E-5 1.2169E-5 1.29051E-5 1.25298E-5 1.5133E-5 1.42306E-5 8.19931E-6 8.75532E-7 9.17956E-7 5.25871E-7 5.67882E-7 8.92893E-7 1.38125E-6 1.28468E-6 1.44917E-6 1.52393E-6 1.56103E-6 1.37671E-6 1.51137E-6 1.24964E-6 1.47061E-6 3.27032E-6 4.29693E-6 6.02713E-6 5.65261E-6 8.59615E-6 9.20456E-6 4.83569E-6 3.88983E-6 2.61833E-6 1.68035E-6 1.33472E-6 1.85062E-6 1.79546E-6 1.50222E-6
1.83595E-6 2.66869E-6 1.86019E-6 3.04273E-7 1.99824E-7 2.59193E-7 8.90022E-7 1.14691E-6 8.19422E-7 6.941E-7 2.41556E-6 1.54886E-6 1.95373E-6 2.29905E-6 2.53019E-6 3.18704E-6 1.92732E-6 1.43113E-6 1.48434E-6 8.67449E-7 1.26098E-6 9.19372E-7 1.64268E-6 2.29499E-6 2.42232E-6 1.91088E-6 2.45087E-6 2.54296E-6 3.91275E-6 7.75017E-6 4.14525E-6 5.06863E-6 1.21487E-5 1.47626E-5 1.55178E-5 1.86665E-6 5.37768E-6 4.7696E-6 1.04135E-6 1.20342E-6 7.99624E-7 5.05165E-7 6.23263E-7 1.97728E-6 1.62202E-6 1.4306E-6 1.26795E-6 1.3299E-6 1.47974E-6 1.55671E-6 1.50098E-6 2.5007E-6 1.00613E-5 9.02526E-6 4.59873E-6 9.02131E-6 4.63721E-6 9.0172E-6 1.37114E-6 1.11484E-6 1.06453E-6 9.46201E-7 7.78183E-7 1.21164E-6 1.93322E-6 2.1885E-6
4.90742E-7 7.55539E-7 2.46929E-7 2.15864E-7 1.22466E-7 1.69294E-7 3.58677E-7 6.65854E-7 8.45635E-7 8.98331E-7 6.80906E-7 8.17511E-7 3.45287E-6 4.40855E-6 4.25836E-6 3.89605E-6 5.45232E-6 3.63686E-6 9.501E-7 1.32973E-6 2.08124E-6 2.5976E-6 1.16286E-6 9.20361E-7 8.43707E-7 1.18576E-6 8.87388E-7 5.28169E-6 7.06028E-6 1.93049E-5 6.90635E-6 5.96677E-6 1.49491E-5 1.69217E-5 5.4387E-6 2.34033E-6 9.09174E-6 1.93309E-5 1.9168E-6 2.0975E-6 2.14511E-6 2.386E-6 2.24664E-6 5.17113E-6 3.67734E-6 1.39846E-6 1.72797E-6 1.56981E-6 1.94777E-6 2.59053E-6 2.65355E-6 1.56936E-6 6.42639E-6 3.51105E-6 2.95363E-6 4.01708E-6 4.58202E-6 3.73068E-6 1.4427E-6 2.15704E-6 2.33223E-6 2.59983E-6 5.91572E-6 3.4208E-6 3.54169E-6 2.4434E-6
4.5135E-7 6.73341E-7 7.2731E-7 2.59394E-7 1.54175E-7 1.82612E-7 3.0505E-7 7.09527E-7 9.25798E-7 6.97114E-7 7.26238E-7 1.32146E-6 1.61569E-6 1.74296E-6 3.17217E-6 1.09989E-6 1.34244E-6 1.35582E-6 1.69822E-6 1.13822E-6 1.48563E-6 2.7988E-6 2.70025E-6 1.45793E-6 1.11511E-6 6.26588E-7 7.11852E-7 7.1748E-6 3.62913E-6 1.91235E-5 8.14122E-6 6.34503E-6 8.69234E-6 1.03717E-5 9.81025E-6 4.51702E-6 2.69565E-6 3.44316E-6 3.58446E-6 2.79593E-6 2.59973E-6 2.68493E-6 9.61301E-6 5.92516E-6 2.36598E-6 1.08406E-6 3.01827E-6 8.98122E-6 1.60688E-6 2.5892E-6 2.49278E-6 3.49208E-6 3.39395E-6 2.56784E-6 7.21447E-6 3.1863E-6 3.68691E-6 1.12409E-6 1.8736E-6 7.6592E-6 7.40228E-6 1.35525E-5 1.59718E-5 1.34005E-5 1.40635E-5 1.17108E-5
5.12991E-7 5.89527E-7 5.50081E-7 8.00952E-7 1.67711E-7 2.83778E-7 4.77641E-7 1.10229E-6 1.1056E-6 8.21256E-7 4.77863E-7 1.56543E-6 2.40671E-6 5.58376E-6 4.14402E-6 6.3744E-7 7.4207E-7 8.11652E-7 8.82868E-7 1.05845E-6 1.19905E-6 1.81916E-6 2.28301E-6 1.59954E-6 7.71672E-7 7.27512E-7 1.5377E-6 2.44456E-6 5.22715E-6 7.49966E-6 6.26153E-6 4.01648E-6 3.35552E-6 1.64231E-6 1.85807E-6 3.62396E-6 3.31739E-6 3.70096E-6 3.78266E-6 1.71239E-6 3.76886E-6 5.756E-6 4.90348E-6 1.73487E-5 7.54924E-6 1.19642E-6 3.69205E-6 3.8608E-6 2.12048E-6 2.27299E-6 3.38313E-6 4.16144E-6 3.9389E-6 3.31699E-6 2.96425E-6 3.32449E-6 1.90879E-6 1.50563E-6 6.43378E-6 1.58337E-5 7.34956E-6 1.5094E-5 1.32133E-5 1.09122E-5 6.10246E-6 1.38047E-5
1.46622E-7 5.26031E-7 7.37244E-7 2.30496E-7 2.82188E-7 4.46223E-7 7.16621E-7 1.28884E-6 1.7233E-6 1.52656E-6 1.02877E-6 7.22435E-7 1.52932E-6 1.27981E-5 1.14572E-5 1.4019E-6 9.50121E-7 1.05916E-6 9.74945E-7 1.22464E-6 1.50414E-6 1.83543E-6 1.77155E-6 1.16427E-6 9.45719E-7 1.03405E-6 8.39119E-7 1.23836E-6 1.40161E-6 1.37136E-6 2.93444E-6 2.84391E-6 1.49478E-6 1.11834E-6 1.36783E-6 2.22216E-6 2.06195E-6 3.46981E-6 3.81795E-6 5.23002E-6 3.47163E-6 2.95905E-6 4.55779E-6 1.15993E-5 4.69512E-6 2.03241E-6 1.43272E-6 2.20404E-6 2.83185E-6 2.56684E-6 3.18734E-6 3.58728E-6 3.47451E-6 3.09448E-6 1.36653E-6 1.45188E-6 4.64141E-6 2.00319E-6 8.52543E-6 1.37694E-5 9.67919E-6 8.52107E-6 8.99006E-6 9.9586E-6 8.12901E-6 8.0553E-6
2.00105E-7 1.74834E-7 2.28815E-7 1.91348E-7 4.02937E-7 4.21868E-7 3.06247E-7 4.92855E-7 1.14209E-6 2.90742E-6 1.94815E-6 1.20131E-6 2.5743E-6 1.86383E-6 1.74073E-6 8.38872E-7 7.65298E-7 8.38906E-7 1.13411E-6 1.25242E-6 1.37265E-6 2.0407E-6 2.51874E-6 1.70871E-6 2.04729E-6 2.27299E-6 1.44053E-6 9.09477E-7 2.57812E-6 2.16402E-6 3.18365E-6 2.84527E-6 2.17835E-6 1.31188E-6 1.17016E-6 2.46305E-6 1.42728E-6 2.56866E-6 5.15065E-6 7.48137E-6 4.04049E-6 3.27707E-6 8.527E-6 8.87594E-6 3.00586E-6 1.71753E-6 1.34922E-6 9.55968E-7 3.18974E-6 7.75409E-6 3.91616E-6 3.59628E-6 2.63808E-6 1.62715E-6 1.75428E-6 1.91428E-6 1.15388E-5 2.48839E-5 1.00888E-5 9.81398E-6 9.07094E-6 8.46186E-6 7.5637E-6 4.58257E-6 1.02475E-5 1.09612E-5
2.51727E-7 1.91333E-7 1.75416E-7 2.27625E-7 3.07685E-7 2.0652E-7 2.28968E-7 7.29667E-7 1.37595E-6 3.03216E-6 1.44393E-5 3.01452E-6 6.26551E-6 7.64992E-6 2.18503E-6 3.72945E-7 7.11305E-7 1.09732E-6 8.79098E-7 1.29062E-6 1.45717E-6 2.34376E-6 1.50236E-6 1.74001E-6 2.4677E-6 2.52817E-6 2.36597E-6 2.42051E-6 2.71461E-6 8.71541E-6 8.23309E-6 1.14463E-5 9.19702E-6 2.87019E-6 4.53617E-6 8.97098E-6 6.77914E-6 9.45331E-6 1.00746E-5 1.17516E-5 7.75475E-6 5.29072E-6 2.67077E-6 4.77986E-6 2.21798E-6 1.3894E-6 1.89884E-6 1.83881E-6 3.21267E-6 3.4335E-6 2.62063E-6 2.52713E-6 2.41586E-6 2.34413E-6 1.98145E-6 2.91773E-6 1.16323E-5 2.0164E-5 9.70479E-6 8.88772E-6 8.80058E-6 6.19747E-6 7.83175E-6 8.35175E-6 8.50607E-6 1.20766E-5
2.25396E-7 2.13743E-7 4.17836E-7 5.58706E-7 4.03354E-7 2.72202E-7 2.72787E-7 1.64701E-6 5.74646E-6 5.30427E-6 7.8053E-6 1.21977E-5 3.00371E-6 2.75761E-6 2.3235E-6 8.9104E-7 1.03604E-6 1.85023E-6 1.08862E-6 1.45894E-6 1.51323E-6 1.22059E-6 1.87958E-6 1.24986E-6 1.492E-6 3.09128E-6 1.79856E-6 1.92505E-6 2.36714E-6 4.5416E-6 6.83542E-6 4.63579E-6 6.3447E-6 9.25914E-6 5.11194E-6 3.50265E-6 4.09075E-6 8.46546E-6 1.34167E-5 8.97735E-6 7.32072E-6 4.33024E-6 1.4998E-6 2.77535E-6 1.42719E-6 9.5416E-7 9.58519E-7 3.0667E-6 4.4369E-6 2.99923E-6 2.32798E-6 2.21718E-6 2.097E-6 2.01252E-6 1.66538E-6 3.79647E-6 1.31657E-5 1.60661E-5 1.00832E-5 6.78459E-6 7.17179E-6 5.97241E-6 4.73461E-6 7.27788E-6 4.89954E-6 1.45905E-5
1.67341E-7 1.9447E-7 2.33609E-7 8.89008E-7 1.03851E-6 9.09022E-7 1.10469E-6 2.71591E-6 6.50905E-6 5.07742E-6 4.38639E-6 6.4991E-6 3.42533E-6 1.94871E-6 8.66081E-7 7.20309E-7 7.39403E-7 1.90167E-6 2.37239E-6 2.39901E-6 1.5022E-6 1.2329E-6 2.40496E-6 1.69612E-6 2.85585E-6 3.86011E-6 1.45788E-6 1.50066E-6 2.17875E-6 3.8606E-6 1.59993E-5 5.35845E-6 6.08502E-6 4.84153E-6 3.73837E-6 4.62043E-6 4.43256E-6 8.23433E-6 1.15479E-5 3.73305E-5 1.5305E-5 5.62541E-6 8.58546E-7 7.32441E-7 4.95118E-7 1.12515E-6 4.5317E-6 2.1347E-6 4.0165E-6 5.71576E-6 2.3765E-6 2.03204E-6 1.8888E-6 1.67893E-6 2.11362E-6 1.25167E-5 6.40349E-6 7.67517E-6 9.37596E-6 5.99916E-6 4.02574E-6 4.21823E-6 3.69873E-6 4.43786E-6 7.61478E-6 1.58112E-5
1.39348E-7 1.10148E-7 1.2963E-7 5.61425E-7 4.70282E-7 7.25583E-7 1.05629E-6 1.02315E-6 3.51659E-6 1.12294E-5 4.77032E-6 1.2765E-6 6.31297E-7 5.78018E-7 7.29183E-7 1.12533E-6 8.31274E-7 1.84492E-6 2.3593E-6 1.56655E-6 1.6496E-6 1.30937E-6 2.41257E-6 1.89482E-6 4.0778E-6 6.55799E-6 2.2444E-6 2.88399E-6 4.66769E-6 4.87539E-6 1.13126E-5 8.12087E-6 5.203E-6 4.69975E-6 4.01221E-6 4.38033E-6 5.7143E-6 1.05973E-5 6.38094E-6 7.18986E-6 1.11038E-5 8.06957E-6 5.41005E-7 6.67359E-7 1.37276E-6 2.36785E-6 1.78663E-6 2.64979E-6 3.80459E-6 3.78395E-6 2.11057E-6 2.40377E-6 4.67785E-6 7.73391E-6 3.77589E-6 4.71138E-6 5.03143E-6 6.12833E-6 6.56495E-6 4.12988E-6 4.11149E-6 4.49773E-6 4.75359E-6 6.87282E-6 1.48266E-5 1.70367E-5
2.41183E-7 2.02846E-7 1.08391E-7 1.087E-7 5.47631E-7 4.82245E-7 3.47709E-7 2.77857E-7 1.89351E-6 2.50685E-6 3.37254E-6 6.29178E-7 3.31821E-7 2.74881E-7 5.40216E-7 1.12379E-6 7.25635E-7 1.3048E-6 1.92734E-6 1.31552E-6 1.31856E-6 1.88802E-6 1.38455E-6 2.67684E-6 4.72208E-6 6.58322E-6 6.59169E-6 6.12122E-6 5.98681E-6 6.14316E-6 9.35503E-6 1.29123E-5 6.99955E-6 3.71156E-6 3.77844E-6 5.23745E-6 5.08988E-6 6.57354E-6 7.03126E-6 8.11477E-6 3.38021E-5 7.68595E-6 5.30684E-6 2.12002E-6 1.78764E-6 1.84049E-6 2.34745E-6 8.68403E-6 6.66141E-6 4.32918E-6 6.24015E-6 5.27346E-6 3.22083E-5 1.00652E-5 4.11747E-6 1.5873E-5 5.72362E-6 6.77536E-6 5.52204E-6 3.55227E-6 2.91738E-6 3.12302E-6 4.73164E-6 1.49726E-5 2.17666E-5 1.35488E-5
9.40191E-7 3.57175E-7 2.79082E-7 1.78438E-7 4.19036E-7 7.65732E-7 4.5975E-7 3.11887E-7 3.38985E-7 6.29029E-7 8.87175E-7 1.01562E-6 2.53163E-7 3.5741E-7 7.21118E-7 5.21979E-7 6.05323E-7 7.33878E-7 1.07533E-6 1.12491E-6 1.20896E-6 1.29989E-6 1.72173E-6 3.53205E-6 3.54342E-6 6.33658E-6 5.47163E-6 6.05938E-6 5.87507E-6 2.17075E-6 2.42477E-6 1.19931E-5 1.33762E-5 5.47291E-6 3.45688E-6 4.35609E-6 4.37625E-6 5.94005E-6 4.18705E-6 5.6927E-6 1.12894E-5 1.11507E-5 9.37845E-6 1.23857E-5 1.15189E-5 2.87657E-6 2.02097E-6 9.65641E-6 1.0814E-5 1.43311E-5 3.06826E-5 3.18982E-5 2.22293E-5 6.48055E-6 1.03014E-5 4.41547E-6 8.44969E-6 1.16265E-5 6.61513E-6 4.92687E-6 4.13088E-6 3.54336E-6 4.74457E-6 1.14916E-5 2.1749E-5 6.93531E-6
1.5307E-6 1.81636E-6 6.19391E-7 8.14721E-7 5.76519E-7 1.0756E-6 7.36455E-7 3.66246E-7 3.98315E-7 3.81409E-7 6.75454E-7 8.78267E-7 3.30991E-7 3.62979E-7 7.20552E-7 3.40946E-7 3.04969E-7 1.04419E-6 5.21487E-7 1.00887E-6 1.21998E-6 1.28523E-6 1.639E-6 2.97592E-6 6.7238E-6 5.40678E-6 5.06428E-6 6.29869E-6 6.18867E-6 2.72224E-6 4.38081E-6 6.20435E-6 5.76575E-6 7.27678E-6 3.61214E-6 3.56255E-6 6.68338E-6 1.13151E-5 1.18666E-5 8.5676E-6 7.02737E-6 1.05412E-5 5.56889E-6 7.4723E-6 2.20263E-5 4.42446E-6 2.53311E-6 9.11237E-6 1.08403E-5 9.07808E-6 5.47501E-6 7.82513E-6 8.10507E-6 8.42546E-6 9.38362E-6 2.9435E-6 4.18508E-6 1.01982E-5 1.14215E-5 6.95107E-6 4.47034E-6 4.26218E-6 5.89952E-6 1.10194E-5 1.21624E-5 1.93022E-5
2.16913E-6 3.42634E-6 3.68999E-7 2.80265E-7 4.81774E-7 2.07104E-7 3.1908E-7 3.73991E-7 5.08211E-7 9.51317E-7 3.82919E-7 7.06998E-7 4.13917E-7 5.84565E-7 3.02985E-7 1.79883E-7 2.58235E-7 8.16616E-7 5.46252E-7 2.73697E-7 1.09755E-6 1.4666E-6 1.47944E-6 2.39602E-6 6.35549E-6 4.77777E-6 5.01853E-6 4.90534E-6 4.71616E-6 5.15966E-6 3.12284E-6 3.58785E-6 1.39935E-5 7.71578E-6 4.49399E-6 4.26713E-6 4.76125E-6 1.41044E-5 1.05993E-5 2.71771E-5 6.94231E-6 8.79339E-6 7.60959E-6 6.10789E-6 2.24399E-5 1.15194E-5 3.05109E-6 1.14952E-5 1.12974E-5 1.91523E-6 4.6416E-6 5.07705E-6 1.69492E-5 1.44885E-5 5.19689E-6 4.85784E-6 6.92297E-6 1.15936E-5 1.22483E-5 1.2741E-5 7.29601E-6 6.77329E-6 4.86267E-6 7.96504E-6 8.09814E-6 1.14291E-5
6.33275E-7 2.42884E-7 2.87685E-7 3.07611E-7 3.16998E-7 1.78474E-7 2.73577E-7 1.3665E-7 1.40538E-7 1.90909E-6 6.18405E-7 2.78379E-7 2.83432E-7 2.80168E-7 2.58646E-7 1.56623E-7 2.15191E-7 5.19738E-7 1.04788E-6 4.92863E-7 1.05809E-6 1.14181E-6 1.20641E-6 1.48762E-6 3.31058E-6 6.71763E-6 5.34872E-6 4.43461E-6 4.32054E-6 5.41665E-6 4.30607E-6 5.88618E-6 7.36899E-6 1.40635E-5 4.64801E-6 3.87953E-6 5.89165E-6 7.65439E-6 8.51879E-6 2.0116E-5 1.33106E-5 1.1688E-5 6.48573E-6 6.23537E-6 2.19899E-5 2.72306E-5 8.8386E-6 1.30172E-5 5.22818E-6 2.57404E-6 2.71566E-6 3.52517E-6 2.27334E-5 1.21638E-5 1.28596E-5 9.97258E-6 1.04181E-5 1.11327E-5 1.28233E-5 1.07859E-5 7.36413E-6 7.20965E-6 5.11893E-6 6.96734E-6 7.68165E-6 5.40464E-5
4.68034E-7 4.68759E-7 5.36355E-7 5.02975E-7 2.96083E-7 6.17761E-7 6.00472E-7 5.00627E-7 3.88226E-7 1.77975E-6 1.64151E-6 1.53879E-6 9.60005E-7 1.60865E-7 2.04643E-7 2.11035E-7 2.52643E-7 6.50236E-7 1.03354E-6 5.22557E-7 1.02354E-6 6.89762E-7 9.72112E-7 1.67994E-6 4.66959E-6 7.35572E-6 5.4688E-6 3.79753E-6 4.33321E-6 5.32127E-6 5.61265E-6 8.68596E-6 1.1857E-5 1.41576E-5 6.1132E-6 4.47963E-6 8.52188E-6 7.86345E-6 7.97097E-6 6.93753E-6 2.10787E-5 2.37368E-5 1.71837E-5 1.7462E-5 2.06321E-5 2.37262E-5 2.00482E-5 7.86782E-6 2.48787E-6 2.67264E-6 2.69064E-6 5.24303E-6 8.79466E-6 7.88096E-6 1.20896E-5 1.45702E-5 8.99E-6 1.37023E-5 5.2958E-6 1.24706E-5 6.9531E-6 4.65383E-6 5.81465E-6 6.11265E-6 8.46995E-6 6.68386E-5
8.43127E-7 8.55947E-7 1.34114E-6 7.78815E-7 3.63976E-7 6.65948E-7 5.27621E-7 3.86112E-7 5.23023E-7 3.11715E-7 4.12264E-7 4.27825E-7 2.72655E-7 2.46946E-7 3.4903E-7 1.58374E-7 1.74464E-7 2.57007E-7 7.48742E-7 6.90204E-7 5.76039E-7 9.7758E-7 1.32765E-6 1.82756E-6 3.15803E-6 6.2845E-6 6.11799E-6 4.66302E-6 3.87196E-6 4.24486E-6 5.51437E-6 1.71436E-5 9.73144E-6 6.74937E-6 6.92938E-6 4.91313E-6 7.08405E-6 5.70167E-6 6.8438E-6 8.96495E-6 2.83601E-5 2.8358E-5 1.81105E-5 2.56559E-5 2.32137E-5 2.54386E-5 2.48175E-5 2.33069E-5 2.95203E-6 8.2774E-6 2.45152E-6 5.83091E-6 7.90653E-6 3.15004E-5 8.677E-6 2.10837E-5 1.36875E-5 1.17743E-5 4.73643E-6 7.45461E-6 1.10049E-5 6.62429E-6 5.1078E-6 5.72259E-6 6.21292E-6 5.3112E-5
5.63792E-7 4.22506E-7 7.82055E-7 8.82488E-7 9.48837E-7 1.35305E-6 8.74276E-7 2.31761E-7 5.02657E-7 4.38101E-7 2.18207E-7 1.33789E-7 1.32638E-7 3.06599E-7 3.86371E-7 2.49504E-7 5.69615E-7 5.4958E-7 5.6519E-7 7.09443E-7 5.41928E-7 9.53299E-7 1.28091E-6 1.74564E-6 2.09948E-6 4.03951E-6 7.59162E-6 6.23626E-6 6.05223E-6 3.19524E-6 3.66745E-6 1.1143E-5 7.97752E-6 6.00086E-6 4.47194E-6 5.36733E-6 5.91366E-6 7.28735E-6 9.16865E-6 7.74766E-6 1.56273E-5 1.59651E-5 2.12549E-5 2.87906E-5 1.5576E-5 2.04437E-5 1.49376E-5 1.92749E-5 5.5076E-6 2.25267E-6 2.04976E-6 5.11599E-6 1.71524E-5 3.30788E-5 1.44982E-5 1.86157E-5 1.54829E-5 1.0558E-5 3.50063E-6 4.4113E-6 1.28118E-5 6.32097E-6 4.52583E-6 5.68886E-6 5.69385E-6 4.99789E-5
7.32419E-7 5.81207E-7 5.68223E-7 8.13039E-7 8.77517E-7 9.55865E-7 8.85589E-7 3.59052E-7 3.20409E-7 1.34231E-6 1.15919E-6 1.35272E-7 1.47016E-7 2.16412E-7 2.87702E-7 4.49219E-7 4.356E-7 2.76952E-7 3.66288E-7 6.13762E-7 1.02124E-6 9.8282E-7 1.5466E-6 1.98799E-6 2.0246E-6 1.18215E-6 1.52745E-6 1.12613E-6 9.4154E-7 2.82031E-6 4.12769E-6 3.36832E-6 1.57898E-5 6.88278E-6 5.72447E-6 6.87396E-6 5.12992E-6 7.52014E-6 6.27888E-6 8.11733E-6 8.75004E-6 1.52973E-5 9.59989E-6 9.89007E-6 1.08553E-5 1.08482E-5 8.83709E-6 8.11884E-6 6.87874E-6 2.77845E-6 2.10709E-6 5.81364E-6 1.58169E-5 2.99261E-5 2.10057E-5 1.99605E-5 1.70526E-5 4.78002E-6 3.036E-6 5.86071E-6 1.04528E-5 4.97242E-6 4.11088E-6 5.07226E-6 5.32664E-6 4.57162E-5
8.50032E-7 6.78442E-7 7.12012E-7 7.12626E-7 1.39444E-6 1.81672E-6 1.37589E-6 1.185E-6 7.17748E-7 3.90101E-7 8.11048E-7 1.41232E-7 1.70035E-7 1.91862E-7 1.26875E-7 3.15738E-7 3.13689E-7 1.16637E-6 5.15463E-7 4.30671E-7 1.5159E-6 1.21009E-6 1.5147E-6 1.42698E-6 2.27126E-6 9.69022E-7 8.2926E-7 8.24743E-7 1.2865E-6 4.42593E-6 5.62617E-6 5.31473E-6 4.18317E-6 7.31119E-6 7.74059E-6 4.83664E-6 6.41848E-6 6.79606E-6 4.63617E-6 7.37312E-6 8.49552E-6 1.29109E-5 8.34668E-6 7.00557E-6 1.03422E-5 9.68596E-6 2.25368E-5 8.24341E-6 3.23469E-6 5.26415E-6 4.26937E-6 4.93725E-6 1.1008E-5 2.04329E-5 2.89681E-5 1.27277E-5 1.38934E-5 1.44332E-5 8.11248E-6 1.75674E-5 1.13378E-5 1.36615E-5 1.41175E-5 8.33008E-6 5.27997E-6 3.50215E-5
