catData/rasterBestHybridModels/Pviverrinus/RD_RM1.5_autofeature/Pviverrinus_stddev.asc
ncols         409
nrows         350
xllcorner     60.897278365
yllcorner     5.843756025
cellsize      0.0892857
NODATA_value  -9999
[rows 261 to 289 of 350, columns 132 to 197 of 409]
-9999 -9999 -9999 -9999 -9999 -9999 -9999 -9999 -9999 -9999 -9999 -9999 -9999 -9999 -9999 -9999 -9999 -9999 -9999 -9999 -9999 -9999 2.98329E-5 3.99095E-5 3.74307E-5 8.20576E-6 4.1374E-6 2.13398E-6 3.26665E-6 4.70147E-6 7.44963E-6 4.97786E-5 1.96964E-5 1.70829E-5 8.76169E-6 3.24369E-6 1.42317E-6 9.67737E-7 7.38592E-7 6.96705E-7 7.65718E-7 1.19498E-6 7.94436E-7 8.91289E-7 1.25429E-6 1.90228E-6 1.7367E-6 1.58119E-6 2.96718E-6 1.78585E-6 2.03715E-6 2.14698E-6 2.2325E-6 2.80929E-6 3.40467E-6 2.41782E-6 1.22568E-6 9.6328E-7 1.22781E-6 1.32314E-6 1.63604E-6 9.88715E-7 1.10527E-6 1.0319E-6 1.43303E-6 1.13017E-6
-9999 -9999 -9999 -9999 -9999 -9999 -9999 -9999 -9999 -9999 -9999 -9999 -9999 -9999 -9999 -9999 -9999 -9999 -9999 -9999 -9999 -9999 7.69062E-5 5.07146E-5 4.27845E-5 4.04203E-5 1.24204E-5 3.33992E-6 2.92832E-6 4.03564E-6 4.91678E-6 7.38252E-6 1.53479E-5 1.8482E-5 3.17746E-6 1.56377E-6 9.41544E-7 1.14314E-6 1.17245E-6 1.0743E-6 8.53299E-7 1.19257E-6 9.02045E-7 9.21288E-7 1.17614E-6 1.37547E-6 1.52954E-6 1.57341E-6 1.80087E-6 1.66848E-6 1.94121E-6 2.61708E-6 2.62466E-6 4.92401E-6 2.51288E-6 2.08755E-6 1.54812E-6 1.76393E-6 1.67097E-6 2.72954E-6 2.84969E-6 1.86058E-6 1.64163E-6 1.33462E-6 1.85409E-6 2.50627E-6
-9999 -9999 -9999 -9999 -9999 -9999 -9999 -9999 -9999 -9999 -9999 -9999 -9999 -9999 -9999 -9999 -9999 -9999 -9999 -9999 -9999 -9999 5.36386E-5 7.28786E-5 3.726E-5 4.41229E-5 4.46747E-6 2.69302E-6 4.03611E-6 4.38288E-6 4.80293E-6 5.15215E-6 8.05853E-6 1.36269E-5 6.31269E-6 1.93338E-6 1.3143E-6 1.10009E-6 1.18652E-6 1.20192E-6 1.01094E-6 1.04002E-6 9.32729E-7 1.00505E-6 1.08391E-6 1.58935E-6 1.45213E-6 1.33397E-6 1.56755E-6 1.98961E-6 2.44962E-6 1.92152E-6 2.88092E-6 4.32521E-6 3.81527E-6 1.75979E-6 1.8857E-6 1.82343E-6 2.11951E-6 2.09833E-6 2.00388E-6 3.35843E-6 1.54806E-6 1.71014E-6 4.45244E-6 3.60745E-6
-9999 -9999 -9999 -9999 -9999 -9999 -9999 -9999 -9999 -9999 -9999 -9999 -9999 -9999 -9999 -9999 -9999 -9999 -9999 -9999 -9999 -9999 1.22028E-4 9.27611E-5 4.26982E-5 2.56891E-5 8.42473E-6 1.91762E-6 3.58572E-6 5.55042E-6 4.90258E-6 4.16136E-6 1.51394E-5 2.08984E-5 1.00818E-5 7.70945E-6 1.51432E-6 1.07822E-6 1.04366E-6 1.18633E-6 1.69712E-6 1.60582E-6 9.747E-7 1.01244E-6 1.18702E-6 1.40283E-6 1.35335E-6 1.40126E-6 1.89462E-6 2.03457E-6 1.61337E-6 1.94599E-6 3.05471E-6 3.286E-6 2.80463E-6 3.05715E-6 1.82042E-6 2.72845E-6 1.72501E-6 1.56465E-6 1.61465E-6 1.73948E-6 1.29867E-6 1.68997E-6 7.1211E-6 4.28127E-6
-9999 -9999 -9999 -9999 -9999 -9999 -9999 -9999 -9999 -9999 -9999 -9999 -9999 -9999 -9999 -9999 -9999 -9999 -9999 -9999 -9999 -9999 -9999 7.81885E-5 5.31095E-5 5.06465E-5 8.95895E-6 2.09877E-6 1.4482E-6 3.45484E-6 4.48889E-6 6.03277E-6 1.3012E-5 9.42911E-6 5.86551E-6 2.55233E-6 1.87867E-6 1.57221E-6 1.68486E-6 1.4506E-6 2.57383E-6 1.76592E-6 1.6027E-6 9.61522E-7 9.20276E-7 1.27229E-6 1.37767E-6 1.71421E-6 3.10202E-6 3.37503E-6 4.62054E-6 2.19402E-6 2.29153E-6 3.99732E-6 3.16639E-6 3.13818E-6 3.01893E-6 3.38873E-6 2.70149E-6 2.15823E-6 3.05372E-6 2.74206E-6 1.95276E-6 1.76128E-6 1.56504E-6 3.16641E-6
-9999 -9999 -9999 -9999 -9999 -9999 -9999 -9999 -9999 -9999 -9999 -9999 -9999 -9999 -9999 -9999 -9999 -9999 -9999 -9999 -9999 -9999 -9999 8.80236E-5 5.32794E-5 3.91559E-5 1.72589E-5 1.89121E-6 9.28495E-7 2.03283E-6 2.6749E-6 6.6652E-6 1.18865E-5 1.23567E-5 5.17738E-6 2.30969E-6 1.57707E-6 2.13694E-6 2.69285E-6 1.51597E-6 1.57679E-6 2.58553E-6 1.78226E-6 1.59842E-6 1.92359E-6 1.98817E-6 1.65586E-6 1.70395E-6 2.75777E-6 3.93331E-6 3.77091E-6 1.78061E-6 2.67616E-6 4.45918E-6 4.4747E-6 3.72928E-6 3.59945E-6 4.18986E-6 2.72443E-6 2.64655E-6 3.31757E-6 2.71127E-6 4.7008E-6 2.15151E-6 1.92788E-6 2.82433E-6
-9999 -9999 -9999 -9999 -9999 -9999 -9999 -9999 -9999 -9999 -9999 -9999 -9999 -9999 -9999 -9999 -9999 -9999 -9999 -9999 -9999 -9999 -9999 9.72561E-5 5.45075E-5 2.58291E-5 2.02058E-5 7.08574E-6 2.44303E-6 1.50753E-6 1.97571E-6 2.95731E-6 5.72873E-6 1.09928E-5 2.24972E-5 5.91023E-6 3.06573E-6 1.87598E-6 1.64589E-6 1.66937E-6 1.87577E-6 2.2912E-6 1.77458E-6 2.46819E-6 1.65723E-6 2.05905E-6 1.73066E-6 1.62882E-6 3.88628E-6 3.60298E-6 4.283E-6 2.02615E-6 4.0724E-6 3.95205E-6 5.70987E-6 3.80146E-6 3.09089E-6 3.03134E-6 2.83731E-6 2.31016E-6 2.74344E-6 5.90407E-6 3.85726E-6 2.63438E-6 2.67518E-6 3.43796E-6
-9999 -9999 -9999 -9999 -9999 -9999 -9999 -9999 -9999 -9999 -9999 -9999 -9999 -9999 -9999 -9999 -9999 -9999 -9999 -9999 -9999 -9999 -9999 1.51299E-4 8.03243E-5 2.89805E-5 2.38599E-5 1.92824E-5 3.45013E-6 3.44274E-6 4.63984E-6 1.78397E-6 2.14743E-6 3.10968E-6 1.4686E-5 5.80076E-6 3.43087E-6 3.06589E-6 2.19542E-6 1.11014E-6 1.09042E-6 2.31176E-6 3.25272E-6 2.51958E-6 1.45572E-6 1.65591E-6 1.58368E-6 1.46421E-6 2.85376E-6 3.80624E-6 2.63922E-6 1.58264E-6 4.16166E-6 8.18395E-6 3.77297E-6 5.81491E-6 5.77698E-6 1.99413E-6 2.06094E-6 1.84807E-6 3.95943E-6 3.11685E-6 3.12051E-6 2.51411E-6 3.25919E-6 2.60857E-6
-9999 -9999 -9999 -9999 -9999 -9999 -9999 -9999 -9999 -9999 -9999 -9999 -9999 -9999 -9999 -9999 -9999 -9999 -9999 -9999 -9999 -9999 -9999 -9999 9.30474E-5 6.1085E-5 4.51199E-5 3.72437E-5 3.03982E-5 2.76214E-5 2.67007E-5 7.21643E-6 1.9151E-6 2.59905E-6 1.44432E-5 6.50253E-6 4.04502E-6 2.96504E-6 2.56387E-6 1.38668E-6 1.2244E-6 2.02054E-6 1.87777E-6 2.82507E-6 2.32574E-6 1.46482E-6 1.69593E-6 1.7639E-6 2.31328E-6 1.88619E-6 1.92489E-6 2.4657E-6 4.21756E-6 4.40818E-6 6.35412E-6 1.38221E-5 7.05918E-6 2.9328E-6 1.38608E-6 1.85202E-6 3.37944E-6 3.64466E-6 3.63223E-6 3.02032E-6 4.24175E-6 3.13257E-6
-9999 -9999 -9999 -9999 -9999 -9999 -9999 -9999 -9999 -9999 -9999 -9999 -9999 -9999 -9999 -9999 -9999 -9999 -9999 -9999 -9999 -9999 -9999 -9999 1.03468E-4 9.54572E-5 6.94342E-5 5.52404E-5 3.92055E-5 3.84794E-5 3.40508E-5 1.76274E-5 3.39869E-6 2.45458E-6 3.54452E-6 5.0474E-6 5.19016E-6 4.22855E-6 4.32268E-6 2.18747E-6 1.78591E-6 3.75561E-6 2.91973E-6 2.74398E-6 1.41345E-6 1.1979E-6 1.45989E-6 2.14677E-6 1.99672E-6 2.13881E-6 4.76545E-6 7.7077E-6 8.93385E-6 1.70008E-5 4.35792E-5 2.27467E-5 3.42076E-6 2.04172E-6 1.40169E-6 3.14853E-6 2.01704E-6 3.63246E-6 2.60306E-6 4.05643E-6 3.15855E-6 2.34397E-6
-9999 -9999 -9999 -9999 -9999 -9999 -9999 -9999 -9999 -9999 -9999 -9999 -9999 -9999 -9999 -9999 -9999 -9999 -9999 -9999 -9999 -9999 -9999 -9999 4.30942E-5 3.95044E-5 4.84826E-5 6.52627E-5 4.95326E-5 4.88175E-5 4.39358E-5 3.74769E-5 1.68257E-5 2.89465E-6 3.48642E-6 1.19287E-5 1.26939E-5 5.87533E-6 8.33947E-6 2.64039E-6 2.79517E-6 5.47906E-6 3.61953E-6 2.75857E-6 2.04153E-6 1.34534E-6 1.4224E-6 3.39792E-6 2.38214E-6 3.46054E-6 4.76032E-6 1.2209E-5 1.63801E-5 1.92606E-5 1.61397E-5 5.12469E-6 1.99868E-6 4.38035E-6 3.65625E-6 3.53127E-6 3.82952E-6 7.8692E-6 4.18137E-6 3.22608E-6 3.57957E-6 1.4741E-6
-9999 -9999 -9999 -9999 -9999 -9999 -9999 -9999 -9999 -9999 -9999 -9999 -9999 -9999 -9999 -9999 -9999 -9999 -9999 -9999 -9999 -9999 -9999 -9999 9.12126E-5 8.39281E-5 7.09848E-5 6.25723E-5 5.51014E-5 5.39462E-5 5.03534E-5 4.79473E-5 2.63778E-5 3.83563E-6 3.07628E-6 1.77955E-5 2.09486E-5 9.46371E-6 5.51363E-6 2.53072E-6 2.1654E-6 3.15236E-6 2.15294E-6 2.83502E-6 1.06871E-6 1.3456E-6 2.15453E-6 4.0667E-6 4.28464E-6 5.08672E-6 6.91632E-6 1.42656E-5 8.23726E-6 7.15763E-6 5.93646E-6 2.73256E-6 3.03472E-6 3.90672E-6 6.02346E-6 3.92681E-6 4.83096E-6 8.5223E-6 3.81331E-6 3.18662E-6 5.85926E-6 3.71111E-6
-9999 -9999 -9999 -9999 -9999 -9999 -9999 -9999 -9999 -9999 -9999 -9999 -9999 -9999 -9999 -9999 -9999 -9999 -9999 -9999 -9999 -9999 -9999 -9999 -9999 8.59004E-5 7.27433E-5 6.29984E-5 5.77733E-5 5.39556E-5 4.151E-5 4.41696E-5 4.0203E-5 9.64215E-6 4.95519E-6 1.36482E-5 1.91758E-5 1.02889E-5 4.09177E-6 2.95672E-6 2.00406E-6 3.54884E-6 3.28351E-6 2.74385E-6 2.57099E-6 3.56999E-6 3.00333E-6 1.74881E-5 8.74893E-6 6.62778E-6 1.78339E-5 1.25088E-5 6.25783E-6 2.64215E-6 2.42876E-6 7.19919E-6 3.65671E-6 4.21522E-6 3.41357E-6 4.55315E-6 3.31205E-6 5.05539E-6 4.82905E-6 5.64327E-6 1.21819E-5 5.12055E-6
-9999 -9999 -9999 -9999 -9999 -9999 -9999 -9999 -9999 -9999 -9999 -9999 -9999 -9999 -9999 -9999 -9999 -9999 -9999 -9999 -9999 -9999 -9999 -9999 -9999 -9999 9.35954E-5 6.42407E-5 5.63184E-5 4.38842E-5 3.11989E-5 2.7565E-5 2.48338E-5 6.29877E-6 9.72656E-6 1.72085E-5 1.96357E-5 8.33991E-6 3.81003E-6 3.54262E-6 2.2614E-6 4.31448E-6 3.81699E-6 2.54654E-6 2.70709E-6 4.98664E-6 6.94806E-6 1.68277E-5 1.84183E-5 1.02189E-5 1.12628E-5 1.23115E-5 4.41622E-6 2.78687E-6 1.92924E-6 1.93467E-6 1.20778E-6 1.96202E-6 5.19865E-6 1.55585E-5 4.74689E-6 6.62947E-6 9.24777E-6 3.99262E-6 4.2111E-6 1.04102E-5
-9999 -9999 -9999 -9999 -9999 -9999 -9999 -9999 -9999 -9999 -9999 -9999 -9999 -9999 -9999 -9999 -9999 -9999 -9999 -9999 -9999 -9999 -9999 -9999 -9999 -9999 3.92968E-5 4.3387E-5 5.19598E-5 3.91234E-5 2.93285E-5 1.38063E-5 7.57518E-6 2.8489E-6 6.88629E-6 1.95159E-5 2.59183E-5 8.82427E-6 6.26325E-6 2.47666E-6 4.13965E-6 1.20159E-5 4.47941E-6 2.41969E-6 3.88651E-6 3.99422E-6 7.13422E-6 9.81389E-6 1.66488E-5 1.27227E-5 5.8534E-6 5.41525E-6 2.57125E-6 2.95933E-6 2.58245E-6 1.49068E-6 1.56149E-6 9.17873E-7 1.99941E-6 2.69072E-6 3.21979E-6 6.79144E-6 6.68987E-6 4.77879E-6 8.3292E-6 1.25631E-5
-9999 -9999 -9999 -9999 -9999 -9999 -9999 -9999 -9999 -9999 -9999 -9999 -9999 -9999 -9999 -9999 -9999 -9999 -9999 -9999 -9999 -9999 -9999 -9999 -9999 -9999 -9999 3.39252E-5 5.03073E-5 3.33584E-5 7.52185E-6 2.72724E-6 2.30574E-6 2.24103E-6 4.39604E-6 2.14548E-5 2.18251E-5 6.76664E-6 4.79531E-6 4.9008E-6 3.24476E-6 3.27643E-6 6.33822E-6 1.09277E-5 1.02514E-5 7.09293E-6 7.19001E-6 7.53974E-6 7.352E-6 1.56135E-5 2.7734E-6 4.04874E-6 2.51743E-6 2.35401E-6 2.40183E-6 1.57459E-6 1.42642E-6 1.12517E-6 5.31657E-6 3.79564E-6 3.03736E-6 9.16698E-6 3.63403E-6 6.78693E-6 5.91288E-6 1.32199E-5
-9999 -9999 -9999 -9999 -9999 -9999 -9999 -9999 -9999 -9999 -9999 -9999 -9999 -9999 -9999 -9999 -9999 -9999 -9999 -9999 -9999 -9999 -9999 -9999 -9999 -9999 -9999 7.94036E-5 6.79171E-5 4.95253E-5 2.85488E-5 2.90732E-6 1.62337E-6 2.21111E-6 3.25648E-6 1.48465E-5 8.9614E-6 9.75998E-6 8.81244E-6 1.00208E-5 5.38628E-6 3.99702E-6 3.80058E-6 8.8267E-6 1.79075E-5 7.56019E-6 6.50696E-6 5.0338E-6 3.16487E-6 2.23346E-6 1.28664E-5 1.39126E-5 5.01466E-6 4.46643E-6 2.47384E-6 1.51387E-6 2.76801E-6 5.12697E-6 5.48686E-6 3.98972E-6 6.00513E-6 5.79198E-6 8.43722E-6 5.49318E-6 6.50439E-6 6.11222E-6
-9999 -9999 -9999 -9999 -9999 -9999 -9999 -9999 -9999 -9999 -9999 -9999 -9999 -9999 -9999 -9999 -9999 -9999 -9999 -9999 -9999 -9999 -9999 -9999 -9999 -9999 -9999 -9999 7.96102E-5 6.44156E-5 4.90298E-5 2.09859E-5 2.31483E-6 2.14711E-6 4.18633E-6 6.62949E-6 5.85243E-6 1.09589E-5 1.21169E-5 6.74405E-6 6.27151E-6 1.18115E-5 6.21455E-6 6.99536E-6 8.5519E-6 6.36432E-6 5.05912E-6 4.21452E-6 6.44857E-6 2.88284E-6 1.44828E-6 2.13484E-6 1.5298E-6 8.95827E-6 9.19539E-6 3.48272E-6 6.17319E-6 9.03197E-6 3.50383E-6 3.36623E-6 7.71305E-6 7.21017E-6 6.93473E-6 7.7207E-6 5.66758E-6 3.63279E-6
-9999 -9999 -9999 -9999 -9999 -9999 -9999 -9999 -9999 -9999 -9999 -9999 -9999 -9999 -9999 -9999 -9999 -9999 -9999 -9999 -9999 -9999 -9999 -9999 -9999 -9999 -9999 -9999 1.54495E-4 8.33984E-5 6.91206E-5 4.23937E-5 2.39967E-5 1.37971E-5 5.96191E-6 6.49824E-6 8.58657E-6 6.08363E-6 6.60655E-6 1.00329E-5 2.68799E-6 3.13166E-6 7.76503E-6 8.37514E-6 1.13935E-5 8.59551E-6 5.19374E-6 4.49096E-6 5.23118E-6 1.74799E-6 1.62102E-6 1.41592E-6 2.42842E-6 1.90346E-6 5.72068E-6 4.5199E-6 1.03923E-5 8.10204E-6 4.80988E-6 4.61282E-6 9.97256E-6 7.74472E-6 2.16057E-5 4.08154E-6 3.40802E-6 6.01841E-6
-9999 -9999 -9999 -9999 -9999 -9999 -9999 -9999 -9999 -9999 -9999 -9999 -9999 -9999 -9999 -9999 -9999 -9999 -9999 -9999 -9999 -9999 -9999 -9999 -9999 -9999 -9999 -9999 1.51389E-4 6.14397E-5 8.53141E-5 7.77617E-5 6.73814E-5 5.81799E-5 2.70355E-5 7.51062E-6 8.12728E-6 6.5313E-6 5.53519E-6 4.62601E-6 1.69579E-6 1.74224E-6 6.14861E-6 4.96177E-6 6.87338E-6 1.44161E-5 5.53689E-6 1.35186E-5 7.21419E-6 3.98728E-6 2.70145E-6 1.09239E-6 1.38799E-6 2.49384E-6 3.7069E-6 5.817E-6 4.92198E-6 2.05225E-6 6.47854E-6 1.22681E-5 1.57587E-5 8.98968E-6 7.48128E-6 1.19405E-5 3.80811E-6 3.58011E-6
-9999 -9999 -9999 -9999 -9999 -9999 -9999 -9999 -9999 -9999 -9999 -9999 -9999 -9999 -9999 -9999 -9999 -9999 -9999 -9999 -9999 -9999 -9999 -9999 -9999 -9999 -9999 -9999 -9999 1.83694E-4 1.20298E-4 8.8969E-5 8.13829E-5 7.62233E-5 5.89793E-5 1.98831E-5 1.40556E-5 1.36174E-5 2.58129E-5 4.92079E-6 3.28662E-6 1.99351E-6 2.13201E-6 4.7976E-6 2.20993E-6 3.02291E-6 3.88941E-6 4.35905E-6 6.4256E-6 4.2516E-6 2.37579E-6 3.06772E-6 2.30607E-6 8.48691E-6 6.63023E-6 1.35861E-5 8.22338E-6 4.83874E-6 3.41114E-6 2.05116E-5 8.71555E-6 5.59853E-6 6.02697E-6 1.06849E-5 5.09245E-6 6.81017E-6
-9999 -9999 -9999 -9999 -9999 -9999 -9999 -9999 -9999 -9999 -9999 -9999 -9999 -9999 -9999 -9999 -9999 -9999 -9999 -9999 -9999 -9999 -9999 -9999 -9999 -9999 -9999 -9999 -9999 -9999 2.31129E-4 1.16824E-4 8.85269E-5 7.15119E-5 4.33498E-5 2.28067E-5 1.38029E-5 1.74235E-5 2.59766E-5 2.36046E-5 1.20744E-5 3.08711E-6 1.80393E-6 4.79224E-6 1.20555E-6 1.05122E-6 2.41804E-6 4.25849E-6 6.53125E-6 6.17505E-6 1.64367E-6 2.43955E-6 4.27027E-6 1.41433E-5 1.01768E-5 2.16081E-5 9.68353E-6 2.01581E-5 1.27414E-5 1.18745E-5 6.24982E-6 5.10911E-6 2.69285E-6 8.55678E-6 9.35727E-6 1.06656E-5
-9999 -9999 -9999 -9999 -9999 -9999 -9999 -9999 -9999 -9999 -9999 -9999 -9999 -9999 -9999 -9999 -9999 -9999 -9999 -9999 -9999 -9999 -9999 -9999 -9999 -9999 -9999 -9999 -9999 -9999 -9999 1.70373E-4 8.89522E-5 6.41873E-5 2.56288E-5 1.27718E-5 1.43469E-5 1.83114E-5 1.98954E-5 1.88852E-5 1.77611E-5 9.25726E-6 6.61281E-6 2.45492E-6 2.50911E-6 1.58055E-6 2.51719E-6 1.83178E-6 1.17671E-6 6.16715E-6 2.0624E-6 2.52742E-6 3.16789E-6 1.40481E-5 7.68584E-6 1.49373E-5 1.27088E-5 1.11269E-5 7.50328E-6 1.10367E-5 6.94127E-6 2.61978E-6 1.24373E-6 7.16132E-6 1.44883E-5 1.63258E-5
-9999 -9999 -9999 -9999 -9999 -9999 -9999 -9999 -9999 -9999 -9999 -9999 -9999 -9999 -9999 -9999 -9999 -9999 -9999 -9999 -9999 -9999 -9999 -9999 -9999 -9999 -9999 -9999 -9999 -9999 -9999 -9999 2.08291E-4 9.30982E-5 5.20372E-5 1.30698E-5 1.14204E-5 1.57091E-5 1.82347E-5 1.63375E-5 1.47702E-5 1.7558E-5 7.91396E-6 7.086E-6 1.96941E-6 1.12022E-6 1.39641E-6 8.55387E-7 1.01479E-6 1.74898E-6 1.33587E-6 2.19061E-6 3.71155E-6 5.35878E-6 1.03264E-5 5.60294E-6 1.53671E-5 8.58531E-6 1.12708E-5 7.76239E-6 9.57408E-6 3.04601E-5 5.91976E-6 7.26489E-6 1.00723E-5 1.44014E-5
-9999 -9999 -9999 -9999 -9999 -9999 -9999 -9999 -9999 -9999 -9999 -9999 -9999 -9999 -9999 -9999 -9999 -9999 -9999 -9999 -9999 -9999 -9999 -9999 -9999 -9999 -9999 -9999 -9999 -9999 -9999 -9999 2.1125E-4 1.88541E-4 8.75901E-5 3.86773E-5 1.16538E-5 1.2423E-5 1.32088E-5 1.62958E-5 1.46727E-5 1.3988E-5 1.52602E-5 1.5869E-5 6.00846E-6 5.98771E-6 5.49238E-6 3.82893E-6 2.5119E-6 2.42893E-6 3.16893E-6 3.92271E-6 3.3055E-6 7.19861E-6 1.02587E-5 3.53897E-6 7.48302E-6 8.11362E-6 5.89795E-6 1.39267E-5 8.75605E-6 1.33412E-5 1.73708E-5 5.68365E-6 4.18868E-6 9.50218E-6
-9999 -9999 -9999 -9999 -9999 -9999 -9999 -9999 -9999 -9999 -9999 -9999 -9999 -9999 -9999 -9999 -9999 -9999 -9999 -9999 -9999 -9999 -9999 -9999 -9999 -9999 -9999 -9999 -9999 -9999 -9999 -9999 -9999 2.28467E-4 9.38644E-5 6.40894E-5 2.64002E-5 1.71521E-5 8.52932E-6 2.0135E-5 1.76234E-5 1.42228E-5 1.14817E-5 8.3216E-6 2.94948E-6 3.06913E-6 2.72103E-6 4.9066E-6 1.44125E-5 2.77163E-6 3.81699E-6 3.98727E-6 1.87173E-5 4.09422E-5 1.05958E-5 4.52224E-6 1.71829E-5 6.37305E-6 4.01426E-6 9.41546E-6 1.13182E-5 1.10929E-5 9.8252E-6 5.55505E-6 1.10368E-5 3.9095E-5
-9999 -9999 -9999 -9999 -9999 -9999 -9999 -9999 -9999 -9999 -9999 -9999 -9999 -9999 -9999 -9999 -9999 -9999 -9999 -9999 -9999 -9999 -9999 -9999 -9999 -9999 -9999 -9999 -9999 -9999 -9999 -9999 -9999 -9999 1.31697E-4 8.67494E-5 8.74775E-5 5.00114E-5 7.23972E-6 2.89897E-5 4.13886E-5 2.20246E-5 7.93249E-6 1.66206E-6 7.50034E-7 7.66444E-7 1.06281E-6 2.29746E-6 3.97888E-6 2.47312E-6 1.82711E-6 4.24293E-5 1.32387E-5 1.16405E-5 3.38221E-5 9.2245E-6 8.96627E-6 2.47982E-6 2.61741E-6 5.10144E-6 1.03054E-5 2.05536E-5 1.09336E-5 1.84516E-5 1.29579E-5 9.21361E-6
-9999 -9999 -9999 -9999 -9999 -9999 -9999 -9999 -9999 -9999 -9999 -9999 -9999 -9999 -9999 -9999 -9999 -9999 -9999 -9999 -9999 -9999 -9999 -9999 -9999 -9999 -9999 -9999 -9999 -9999 -9999 -9999 -9999 -9999 1.26589E-4 1.13117E-4 1.00162E-4 7.47345E-5 1.91015E-5 5.02672E-5 9.05927E-5 3.30848E-5 7.67862E-6 1.7749E-6 9.60475E-7 1.57739E-6 3.5808E-6 5.49352E-6 7.57596E-6 1.62793E-5 2.90325E-6 6.75419E-6 5.71204E-6 3.23743E-6 9.44731E-6 1.06332E-5 6.81463E-6 4.86367E-6 2.17486E-6 2.35289E-6 4.11737E-6 7.1045E-6 1.08869E-5 8.12204E-6 1.1497E-5 9.00981E-6
-9999 -9999 -9999 -9999 -9999 -9999 -9999 -9999 -9999 -9999 -9999 -9999 -9999 -9999 -9999 -9999 -9999 -9999 -9999 -9999 -9999 -9999 -9999 -9999 -9999 -9999 -9999 -9999 -9999 -9999 -9999 -9999 -9999 -9999 -9999 2.09839E-4 9.57713E-5 9.17338E-5 6.41515E-5 9.42081E-5 7.96215E-5 2.05649E-5 5.07871E-6 1.03882E-6 2.16867E-6 5.2202E-6 7.31901E-6 8.25475E-6 7.20059E-6 5.73662E-6 6.18016E-6 4.50884E-6 6.27062E-6 2.92777E-6 5.68088E-6 8.23239E-6 1.33539E-5 1.14819E-5 5.23117E-6 5.52196E-6 4.3467E-6 5.31102E-6 9.12298E-6 9.17041E-6 2.94266E-5 3.17714E-5
