catData/rasterBestHybridModels/Pviverrinus/RD_RM1.5_autofeature/Pviverrinus_avg.asc
ncols         409
nrows         350
xllcorner     60.897278365
yllcorner     5.843756025
cellsize      0.0892857
NODATA_value  -9999
[rows 58 to 86 of 350, columns 132 to 197 of 409]
8.33292E-6 9.08611E-6 9.52487E-6 1.18626E-5 1.16209E-5 1.1712E-5 1.13E-5 1.27921E-5 1.32828E-5 1.33412E-5 1.3969E-5 9.84505E-6 1.67932E-5 1.23135E-5 2.00503E-5 2.14642E-5 2.28579E-5 2.34604E-5 2.57468E-5 2.69601E-5 2.77308E-5 2.69295E-5 2.20622E-5 1.58441E-5 1.66501E-5 1.88823E-5 2.2417E-5 2.5182E-5 4.03791E-5 3.08229E-5 3.43102E-5 5.65058E-5 7.23659E-5 7.37935E-5 1.85276E-4 3.05738E-4 2.25724E-4 7.93514E-5 1.97422E-4 2.65876E-4 2.48555E-4 1.43255E-4 1.21087E-4 1.05065E-4 1.26041E-4 9.995E-5 5.67654E-5 1.17918E-5 1.88158E-6 1.1817E-6 7.63518E-7 2.1663E-7 3.28316E-8 3.70326E-9 1.64944E-9 1.20802E-9 1.42075E-9 1.05931E-9 5.34101E-10 7.38863E-10 7.47249E-10 6.42705E-10 9.36537E-10 1.1796E-9 7.8717E-10 1.82847E-9
8.32795E-6 1.00115E-5 9.45796E-6 1.17277E-5 1.1776E-5 1.18045E-5 1.12872E-5 1.24209E-5 1.3705E-5 1.26968E-5 1.37599E-5 1.39816E-5 1.5972E-5 1.72587E-5 1.84222E-5 1.9045E-5 2.09856E-5 2.34177E-5 2.80409E-5 2.5792E-5 3.28084E-5 1.9979E-5 1.44589E-5 1.53836E-5 1.70992E-5 3.09149E-5 3.26332E-5 2.53832E-5 4.05336E-5 2.99167E-5 3.38292E-5 5.7888E-5 6.1456E-5 6.21107E-5 8.45294E-5 2.70335E-4 2.43096E-4 1.45621E-4 9.10181E-5 1.84775E-4 2.28042E-4 1.98593E-4 1.34156E-4 1.16772E-4 1.10511E-4 9.12569E-5 5.47559E-5 7.05818E-5 3.28869E-5 5.56407E-6 2.12561E-6 4.11409E-7 1.5345E-7 2.81461E-8 7.58192E-9 3.07156E-9 1.34809E-9 1.24074E-9 7.21752E-10 7.94168E-10 7.74971E-10 9.58762E-10 8.16875E-10 1.19956E-9 3.39077E-9 2.8633E-9
8.59634E-6 1.23235E-5 1.00953E-5 1.13579E-5 1.06069E-5 1.20328E-5 1.2699E-5 1.24503E-5 1.2641E-5 1.14629E-5 1.30101E-5 8.85572E-6 1.39268E-5 1.53934E-5 1.90875E-5 1.9887E-5 2.276E-5 2.45393E-5 3.45553E-5 6.49553E-5 4.64315E-5 1.34416E-5 1.41351E-5 2.54099E-5 3.28578E-5 3.76611E-5 3.47024E-5 3.46957E-5 2.41973E-5 2.69209E-5 4.44634E-5 6.01586E-5 4.80373E-5 5.54172E-5 6.44899E-5 1.0621E-4 2.73079E-4 1.33316E-4 1.89544E-4 1.62446E-4 1.31897E-4 2.13092E-4 1.82951E-4 1.38094E-4 9.9049E-5 8.17044E-5 6.22194E-5 7.89979E-5 3.14219E-5 4.75778E-6 2.45226E-6 5.72308E-7 9.36706E-8 2.96302E-8 7.36423E-9 2.44722E-9 2.55191E-8 2.6525E-9 2.50664E-9 2.61171E-9 1.39212E-9 1.29504E-9 2.32738E-9 2.53539E-9 6.08218E-9 6.24812E-9
8.57209E-6 9.32193E-6 9.69456E-6 1.03767E-5 1.06443E-5 1.21538E-5 1.11738E-5 1.31138E-5 1.27855E-5 1.25266E-5 1.2988E-5 1.31677E-5 1.42095E-5 1.60225E-5 1.52006E-5 1.6754E-5 1.92846E-5 3.78328E-5 7.43488E-5 6.81488E-5 6.25485E-5 2.2691E-5 2.05273E-5 2.64064E-5 6.28088E-5 3.37731E-5 4.86618E-5 2.58067E-5 2.23006E-5 3.55611E-5 4.43054E-5 4.22535E-5 3.03436E-5 3.45291E-5 5.2685E-5 6.44048E-5 1.13434E-4 2.00606E-4 1.52873E-4 1.6516E-4 6.81678E-5 1.05406E-4 1.76591E-4 1.36598E-4 1.18833E-4 9.06442E-5 8.19342E-5 9.28279E-5 1.91851E-5 3.12889E-6 4.86379E-7 4.89756E-7 1.68054E-7 1.04546E-7 2.93842E-8 9.71889E-8 5.08096E-7 5.1056E-7 2.7932E-8 1.46334E-8 5.42507E-9 2.99332E-9 8.73241E-9 8.89444E-9 9.98296E-9 2.23932E-9
7.59912E-6 8.60983E-6 8.78953E-6 9.04085E-6 1.11865E-5 1.0146E-5 1.10018E-5 1.16505E-5 1.24946E-5 1.22973E-5 1.1663E-5 1.28E-5 1.42804E-5 1.53058E-5 1.64065E-5 1.63795E-5 2.10191E-5 6.18501E-5 6.16801E-5 7.49898E-5 5.53103E-5 3.04756E-5 1.37135E-5 1.44747E-5 1.53963E-5 1.67707E-5 1.84691E-5 1.9904E-5 3.12545E-5 3.84847E-5 2.9784E-5 4.1788E-5 5.35315E-5 3.54638E-5 4.73678E-5 5.09493E-5 6.61708E-5 1.52058E-4 1.78018E-4 2.10243E-4 2.39974E-4 6.17949E-5 1.30734E-4 1.21656E-4 1.33281E-4 1.16439E-4 9.31016E-5 6.83008E-5 7.61743E-6 9.37075E-7 4.37059E-7 2.78768E-7 3.53799E-7 1.37921E-7 2.06562E-7 1.52328E-7 2.2553E-6 1.24318E-6 2.44014E-8 1.89045E-8 1.69613E-8 1.36991E-8 1.51918E-8 4.08925E-9 2.55572E-9 1.51859E-9
6.66251E-6 7.11227E-6 7.89355E-6 1.37215E-5 1.39225E-5 1.07576E-5 1.04986E-5 1.05517E-5 1.11029E-5 1.17323E-5 1.17479E-5 1.13927E-5 1.32108E-5 1.55058E-5 1.53788E-5 1.98621E-5 3.47629E-5 6.38616E-5 6.57701E-5 5.87281E-5 4.93552E-5 2.13729E-5 1.29591E-5 1.37742E-5 1.48316E-5 2.46491E-5 1.64562E-5 2.59708E-5 3.16537E-5 2.55855E-5 3.46291E-5 5.51702E-5 5.10301E-5 4.30793E-5 5.08984E-5 4.54837E-5 5.14272E-5 7.22664E-5 1.76776E-4 1.66818E-4 1.84677E-4 1.93026E-4 1.30531E-4 1.29075E-4 1.42418E-4 1.40782E-4 9.95693E-5 5.29651E-6 1.3907E-6 5.89462E-7 8.04203E-7 1.55187E-6 2.29507E-6 8.35448E-7 8.69621E-7 4.86486E-6 2.45025E-6 6.8916E-7 8.32122E-8 5.40562E-9 5.02421E-9 6.32491E-9 5.07112E-9 1.99511E-9 1.11288E-9 1.55022E-9
6.21132E-6 6.95817E-6 7.52672E-6 8.05583E-6 9.17005E-6 9.90659E-6 1.06592E-5 1.05915E-5 1.24563E-5 1.20195E-5 1.08662E-5 1.12778E-5 1.18507E-5 1.40107E-5 1.77919E-5 3.6011E-5 4.40802E-5 4.89188E-5 4.91003E-5 4.36509E-5 2.14132E-5 1.13694E-5 1.77509E-5 1.30182E-5 1.38658E-5 2.20082E-5 2.21986E-5 2.77509E-5 2.24728E-5 2.84559E-5 3.56097E-5 4.42863E-5 6.71806E-5 3.73682E-5 3.10114E-5 4.30908E-5 4.72231E-5 5.87681E-5 7.97805E-5 1.95025E-4 1.11546E-4 1.13975E-4 9.35272E-5 2.03279E-4 1.76247E-4 1.62098E-4 1.14136E-4 1.27613E-5 3.48207E-6 5.72725E-6 7.45819E-6 5.93609E-6 5.16847E-6 1.58722E-6 2.64623E-6 3.20434E-6 1.94915E-6 7.71198E-7 2.08069E-7 1.75684E-8 9.54307E-9 4.21442E-9 2.54996E-9 2.11972E-9 1.64457E-9 1.21475E-9
5.97233E-6 6.33674E-6 7.46079E-6 7.62622E-6 8.50329E-6 1.00586E-5 9.78189E-6 1.0346E-5 1.05214E-5 1.01905E-5 9.88814E-6 1.10333E-5 1.16396E-5 1.32572E-5 1.25607E-5 1.57153E-5 2.19214E-5 2.26683E-5 2.53762E-5 1.71262E-5 1.57766E-5 1.58578E-5 1.82935E-5 1.90928E-5 2.06576E-5 1.84073E-5 3.19445E-5 2.26306E-5 2.51041E-5 3.08987E-5 2.91583E-5 4.1403E-5 3.98168E-5 3.22263E-5 3.6646E-5 2.46218E-5 2.57897E-5 4.46088E-5 5.69751E-5 9.47938E-5 1.1334E-4 1.00878E-4 1.05509E-4 2.11012E-4 1.41057E-4 1.13297E-4 7.73747E-5 3.23267E-5 1.55055E-5 1.58412E-5 1.30729E-5 5.09385E-6 1.69523E-6 8.06227E-7 5.71864E-7 5.33223E-7 7.64734E-7 4.03407E-7 9.72247E-8 4.06558E-8 2.11666E-8 1.00096E-8 3.49748E-9 2.05517E-9 1.53454E-9 1.07343E-9
6.17524E-6 7.2898E-6 7.19854E-6 7.77602E-6 8.66577E-6 9.5286E-6 9.06184E-6 8.93522E-6 8.68008E-6 1.14792E-5 1.01838E-5 1.17748E-5 1.09183E-5 1.172E-5 1.15647E-5 1.33574E-5 1.37267E-5 1.47696E-5 1.64742E-5 2.45468E-5 1.66652E-5 1.53896E-5 1.69051E-5 2.40009E-5 2.0938E-5 2.72958E-5 2.93883E-5 2.23196E-5 2.41958E-5 2.69624E-5 2.62916E-5 2.79177E-5 1.788E-5 1.96069E-5 2.69964E-5 2.28799E-5 3.64718E-5 4.1433E-5 4.90594E-5 5.71942E-5 8.52812E-5 1.16631E-4 1.15029E-4 9.58889E-5 2.03538E-4 1.43857E-4 3.24564E-5 2.97482E-5 2.16259E-5 1.17244E-5 1.69096E-5 2.74126E-6 1.58762E-6 1.07155E-6 6.83106E-7 5.25283E-7 1.17688E-6 5.07493E-7 1.23885E-7 4.59499E-8 6.75707E-8 5.66041E-8 2.52346E-8 8.57432E-9 3.95103E-9 1.47058E-9
5.42342E-6 6.71023E-6 7.07309E-6 7.66551E-6 7.69238E-6 7.69354E-6 8.02615E-6 1.04118E-5 9.78473E-6 9.18814E-6 8.44525E-6 9.69892E-6 9.26862E-6 1.04575E-5 1.14643E-5 1.25843E-5 1.39241E-5 1.60271E-5 1.72188E-5 1.99919E-5 2.07156E-5 2.31803E-5 1.89824E-5 1.66834E-5 1.75604E-5 1.95955E-5 2.28713E-5 2.39799E-5 3.03836E-5 2.5061E-5 2.38096E-5 2.37628E-5 1.83039E-5 2.46688E-5 3.05573E-5 2.30672E-5 2.62152E-5 2.95558E-5 4.08266E-5 5.22512E-5 6.64785E-5 9.4395E-5 1.17137E-4 9.38902E-5 1.31376E-4 1.57902E-4 2.54611E-5 3.24912E-5 1.90235E-5 8.97526E-6 1.43082E-5 1.99744E-6 3.6609E-6 1.6093E-6 6.79438E-7 3.91725E-7 4.06256E-7 5.46264E-7 2.05884E-7 2.62478E-7 3.34834E-7 1.37616E-7 4.14186E-8 1.105E-8 5.61017E-9 1.85955E-9
5.0226E-6 5.94367E-6 6.52637E-6 4.52932E-6 4.81462E-6 5.09592E-6 9.57098E-6 7.9591E-6 8.45379E-6 7.19171E-6 8.61612E-6 8.95528E-6 9.62534E-6 1.00885E-5 1.20282E-5 1.27482E-5 1.16889E-5 1.3532E-5 1.62002E-5 2.21623E-5 1.67698E-5 2.21908E-5 1.28461E-5 1.10697E-5 1.71976E-5 1.84014E-5 2.0463E-5 1.75852E-5 1.44435E-5 2.36469E-5 2.53239E-5 2.59609E-5 2.97236E-5 3.35798E-5 3.41599E-5 7.2478E-5 7.35345E-5 6.92732E-5 6.19327E-5 5.7288E-5 6.30048E-5 7.16997E-5 8.74276E-5 9.25786E-5 1.67599E-4 1.76782E-4 1.42208E-4 2.91783E-5 5.52525E-5 1.02528E-5 3.96574E-6 4.0744E-6 2.88456E-6 1.34181E-6 4.71264E-7 9.07504E-7 9.18716E-7 1.81419E-6 1.96028E-6 1.80484E-6 7.9851E-7 2.95505E-7 8.65863E-8 6.09142E-8 3.52167E-8 5.93575E-9
4.89221E-6 3.70295E-6 3.91713E-6 6.02017E-6 7.21018E-6 8.00861E-6 8.10195E-6 8.64815E-6 8.65788E-6 8.26561E-6 8.04229E-6 8.41836E-6 1.00089E-5 9.79348E-6 9.9251E-6 9.96434E-6 1.1672E-5 1.22755E-5 1.56713E-5 1.29522E-5 1.20059E-5 1.43536E-5 1.35126E-5 1.25107E-5 1.57029E-5 1.67185E-5 1.98224E-5 2.12522E-5 2.11443E-5 2.06978E-5 1.46933E-5 1.56728E-5 1.68216E-5 1.81784E-5 2.78805E-5 5.93541E-5 7.74408E-5 6.49891E-5 3.79565E-5 4.32742E-5 3.8026E-5 5.92623E-5 5.27807E-5 6.50656E-5 9.93818E-5 1.61898E-4 1.78595E-4 9.03247E-5 5.0194E-5 4.03598E-5 3.72037E-5 6.2582E-6 1.51356E-6 2.02176E-7 4.79962E-7 1.30155E-6 3.36299E-6 3.78161E-6 2.31676E-6 1.40289E-6 1.13983E-6 1.32546E-6 9.60737E-7 2.72994E-7 1.16909E-7 3.27512E-8
4.76321E-6 5.86835E-6 6.24138E-6 7.20525E-6 7.89272E-6 6.22051E-6 6.91736E-6 8.54997E-6 8.05481E-6 8.06051E-6 8.58667E-6 8.73695E-6 8.57422E-6 5.93378E-6 8.97837E-6 9.4664E-6 1.01897E-5 1.2796E-5 1.17529E-5 9.38718E-6 9.80454E-6 1.32324E-5 1.35716E-5 1.46703E-5 1.54129E-5 1.84593E-5 2.08187E-5 2.16195E-5 2.04399E-5 1.99841E-5 1.46482E-5 2.31549E-5 1.66091E-5 1.782E-5 1.87004E-5 2.76424E-5 4.66285E-5 4.4619E-5 2.98162E-5 4.81911E-5 3.52349E-5 3.74654E-5 3.89848E-5 6.32424E-5 7.33683E-5 1.64558E-4 2.37974E-4 1.69203E-4 1.129E-4 4.48545E-5 1.0802E-5 1.23117E-5 4.34147E-6 1.63553E-6 1.62164E-6 5.92963E-6 5.06925E-6 2.43449E-6 1.20702E-6 1.28048E-6 2.34235E-6 2.60842E-6 1.53824E-6 1.89017E-6 1.02157E-6 2.0012E-7
5.80879E-6 5.82734E-6 6.06716E-6 6.96202E-6 6.09539E-6 5.97733E-6 5.40511E-6 6.55266E-6 6.35704E-6 7.03726E-6 8.41657E-6 1.11254E-5 9.36787E-6 7.03449E-6 8.59597E-6 8.7857E-6 1.09634E-5 1.08131E-5 6.43582E-6 9.8409E-6 1.1629E-5 1.21388E-5 1.36046E-5 1.49734E-5 1.50865E-5 1.51573E-5 1.7045E-5 1.82478E-5 1.96277E-5 2.0921E-5 1.46178E-5 1.53105E-5 1.6407E-5 2.24645E-5 2.95289E-5 4.52792E-5 3.08421E-5 2.84732E-5 2.99243E-5 4.77901E-5 5.06401E-5 3.52968E-5 5.47332E-5 3.97667E-5 7.17875E-5 3.0839E-4 2.03329E-4 2.28533E-4 1.65957E-4 1.04637E-4 1.3295E-5 1.20585E-5 1.04263E-5 6.0852E-6 2.24849E-6 1.4218E-5 3.08533E-5 4.03347E-6 2.99286E-6 4.63047E-6 3.93972E-6 1.88012E-6 4.57073E-6 7.4845E-6 3.47402E-6 6.36045E-7
5.89258E-6 4.85587E-6 5.14831E-6 6.35638E-6 5.46931E-6 5.02294E-6 5.28573E-6 5.96808E-6 6.42429E-6 7.12869E-6 9.02333E-6 1.0496E-5 7.98249E-6 8.04019E-6 8.44502E-6 9.23761E-6 9.26913E-6 9.23051E-6 9.29615E-6 1.01804E-5 1.15783E-5 1.2473E-5 1.25694E-5 1.40021E-5 1.44432E-5 1.48197E-5 1.50964E-5 1.60101E-5 1.73671E-5 1.55403E-5 2.0246E-5 1.51697E-5 2.31484E-5 1.3946E-5 1.45466E-5 3.18272E-6 2.88575E-5 2.77271E-5 2.90244E-5 4.60784E-5 4.59136E-5 3.86635E-5 3.2454E-5 3.50933E-5 6.77696E-5 7.41644E-5 8.64875E-5 1.16873E-4 1.62867E-4 2.3198E-4 9.02145E-5 2.5908E-5 1.79343E-5 1.66047E-5 6.09694E-6 1.84927E-5 1.91138E-5 1.09969E-5 5.15159E-6 5.5396E-6 6.88621E-6 6.38855E-6 1.16247E-5 7.56243E-6 3.35907E-6 4.9319E-6
5.63066E-6 4.13934E-6 4.39569E-6 4.58725E-6 4.75556E-6 4.9469E-6 5.67172E-6 6.39497E-6 6.62793E-6 7.26942E-6 7.89338E-6 8.32779E-6 7.70478E-6 8.13832E-6 9.23052E-6 8.84825E-6 8.24178E-6 8.54311E-6 8.92197E-6 1.04457E-5 1.19881E-5 1.20818E-5 1.16922E-5 1.28007E-5 1.33453E-5 1.4197E-5 1.4455E-5 1.44291E-5 1.57516E-5 1.42139E-5 2.01084E-5 2.08771E-5 2.28145E-5 1.37E-5 3.42536E-6 3.33835E-6 1.10324E-5 3.02308E-6 2.69938E-5 4.46652E-5 2.88785E-5 3.03255E-5 3.04826E-5 4.84857E-5 3.63606E-5 6.58934E-5 8.33524E-5 8.63045E-5 1.18433E-4 1.46489E-4 2.1986E-4 7.46228E-5 5.08121E-5 7.693E-5 7.76131E-5 7.25306E-5 5.61893E-5 4.13396E-5 5.42217E-5 1.74494E-5 1.05148E-5 6.17938E-6 9.11941E-6 1.64633E-5 7.38143E-6 1.20754E-5
3.54969E-6 3.65806E-6 3.75805E-6 4.01915E-6 4.59168E-6 4.69135E-6 4.86284E-6 5.96256E-6 5.92097E-6 4.40271E-6 6.0408E-6 7.29803E-6 7.41183E-6 8.43993E-6 7.46266E-6 8.31029E-6 8.65935E-6 8.71665E-6 9.03011E-6 9.52886E-6 1.07997E-5 1.01974E-5 1.08756E-5 1.21354E-5 1.342E-5 1.36876E-5 1.322E-5 1.2475E-5 1.37896E-5 1.34591E-5 1.9115E-5 2.14765E-5 2.29478E-5 2.34901E-5 2.47279E-5 1.6101E-5 1.90871E-5 3.32233E-6 3.59479E-5 3.93432E-5 2.76582E-5 2.80058E-5 3.00673E-5 4.72177E-5 3.16945E-5 5.35496E-5 6.74554E-5 7.28643E-5 9.74026E-5 1.13253E-4 1.45473E-4 2.34828E-4 2.74539E-4 2.54633E-4 1.39827E-4 1.24336E-4 1.62325E-4 1.77264E-4 8.78823E-5 3.88664E-5 3.2004E-5 2.14065E-5 1.43959E-5 1.39661E-5 2.78627E-5 1.87703E-5
3.25998E-6 3.20634E-6 3.54655E-6 3.86066E-6 4.12729E-6 4.25749E-6 4.9787E-6 6.33376E-6 5.86443E-6 6.0507E-6 6.31782E-6 7.33527E-6 7.90465E-6 9.23183E-6 7.11752E-6 7.02406E-6 7.75765E-6 7.94587E-6 6.88308E-6 9.58244E-6 9.51402E-6 9.50441E-6 9.80111E-6 1.12231E-5 1.07129E-5 1.25281E-5 1.28567E-5 1.25308E-5 1.44444E-5 1.01056E-5 1.64992E-5 1.94696E-5 2.12572E-5 2.34709E-5 1.68334E-5 2.58348E-5 1.86204E-5 2.02919E-5 3.35236E-5 3.44972E-5 3.75209E-5 6.30029E-5 4.54449E-5 3.00445E-5 3.12951E-5 7.22597E-5 8.09963E-5 6.00814E-5 7.91796E-5 9.58542E-5 1.25232E-4 1.63039E-4 1.56217E-4 2.56368E-4 3.02616E-4 2.25206E-4 1.90393E-4 1.53241E-4 1.78029E-4 1.5373E-4 1.03971E-4 4.30218E-5 8.90143E-6 1.05869E-5 2.64421E-5 4.37824E-5
3.2946E-6 3.46267E-6 3.68624E-6 4.14976E-6 4.51639E-6 3.62803E-6 4.66179E-6 5.53117E-6 5.85491E-6 6.17707E-6 4.51564E-6 4.50472E-6 5.08318E-6 4.88812E-6 5.22532E-6 6.50619E-6 6.70569E-6 7.02754E-6 8.18522E-6 9.14752E-6 8.86899E-6 8.82409E-6 8.79951E-6 1.01776E-5 1.07787E-5 1.2648E-5 1.29675E-5 1.31447E-5 1.32059E-5 1.53223E-5 1.46118E-5 1.76271E-5 1.95788E-5 2.15865E-5 2.31909E-5 2.6739E-5 2.16463E-5 2.7412E-5 2.90187E-5 2.1353E-5 3.35808E-5 3.29798E-5 3.90525E-5 2.81367E-5 3.25962E-5 3.84001E-5 4.26346E-5 5.8886E-5 6.5698E-5 7.65895E-5 6.66657E-5 7.98111E-5 1.4486E-4 1.67813E-4 1.93966E-4 2.2296E-4 2.04388E-4 1.82367E-4 1.45496E-4 1.60938E-4 2.00627E-4 1.13406E-4 4.19433E-5 1.50722E-5 1.86684E-5 2.74283E-5
3.31647E-6 3.44798E-6 3.33914E-6 3.55681E-6 3.87305E-6 3.91977E-6 4.28884E-6 4.2612E-6 4.31611E-6 3.71753E-6 4.03851E-6 4.13218E-6 3.86027E-6 3.51193E-6 4.27721E-6 4.12684E-6 5.70232E-6 6.59525E-6 6.36245E-6 8.31287E-6 9.22299E-6 8.41478E-6 8.75329E-6 9.53232E-6 1.00794E-5 1.62551E-5 1.08633E-5 1.06921E-5 1.19263E-5 1.03837E-5 8.84247E-6 1.00661E-5 1.62002E-5 1.99809E-5 1.97723E-5 2.13454E-5 2.50106E-5 2.41714E-5 1.8116E-5 2.65012E-5 2.08975E-5 2.22012E-5 2.40844E-5 2.52796E-5 2.96669E-5 4.31141E-5 6.0305E-5 6.53734E-5 4.41112E-5 5.28567E-5 6.10391E-5 1.14562E-4 1.47951E-4 2.66023E-4 2.21048E-4 2.09429E-4 1.98098E-4 2.97919E-4 2.45668E-4 1.87176E-4 2.42392E-4 2.74882E-4 1.32546E-4 3.12672E-5 2.12665E-5 2.2183E-5
3.17126E-6 2.92072E-6 3.25685E-6 3.52847E-6 3.63616E-6 3.22621E-6 3.09912E-6 3.09961E-6 3.21882E-6 3.12173E-6 2.97758E-6 3.351E-6 3.15757E-6 3.61793E-6 3.74887E-6 4.37313E-6 4.8326E-6 5.41519E-6 5.92648E-6 7.47565E-6 8.15599E-6 8.1553E-6 8.74941E-6 9.72225E-6 1.04345E-5 1.11883E-5 1.06849E-5 1.1411E-5 1.03308E-5 7.20441E-6 1.08375E-5 8.04485E-6 1.37977E-5 1.72598E-5 1.78482E-5 2.13737E-5 2.15918E-5 2.28116E-5 1.60624E-5 1.6131E-5 2.50917E-5 1.87154E-5 2.05125E-5 2.24361E-5 2.51571E-5 2.90643E-5 3.31149E-5 3.63381E-5 4.06963E-5 4.80883E-5 5.42773E-5 9.83539E-5 1.74236E-4 2.04794E-4 2.01661E-4 2.44177E-4 2.00216E-4 2.17864E-4 2.73464E-4 2.50049E-4 2.57863E-4 3.59368E-4 2.79192E-4 3.88697E-5 2.75719E-5 2.413E-5
3.58045E-6 3.39621E-6 3.20773E-6 3.12874E-6 2.66146E-6 2.57033E-6 2.59359E-6 2.83684E-6 2.54783E-6 2.10816E-6 2.54565E-6 2.78584E-6 3.0122E-6 3.15652E-6 3.2693E-6 4.1501E-6 3.99615E-6 4.5683E-6 4.93346E-6 5.73165E-6 7.31782E-6 7.63168E-6 7.54931E-6 8.16091E-6 8.72539E-6 9.18292E-6 9.14382E-6 9.49834E-6 9.36025E-6 9.75219E-6 1.09407E-5 7.91196E-6 9.04151E-6 1.0013E-5 1.50914E-5 1.67812E-5 1.79738E-5 1.87132E-5 2.0353E-5 1.42893E-5 1.55948E-5 2.68225E-5 1.85886E-5 2.98019E-5 2.20998E-5 2.55227E-5 4.47909E-5 4.85302E-5 3.57439E-5 4.19819E-5 7.94357E-5 1.11349E-4 1.4568E-4 1.48375E-4 2.13028E-4 2.33928E-4 2.4732E-4 1.98789E-4 2.14622E-4 2.31489E-4 4.14531E-4 3.88985E-4 2.84513E-4 2.84312E-5 2.12798E-5 1.74932E-5
4.11248E-6 3.34365E-6 2.91307E-6 2.30922E-6 2.18107E-6 2.26165E-6 2.35152E-6 2.65981E-6 1.22058E-6 1.12371E-6 1.87446E-6 2.66662E-6 2.80142E-6 3.31038E-6 1.61978E-6 1.02154E-6 1.16223E-6 1.22577E-6 2.6255E-6 4.30245E-6 4.94509E-6 4.94541E-6 4.5404E-6 4.65193E-6 5.27137E-6 9.23053E-6 9.48368E-6 8.33817E-6 9.79999E-6 6.05238E-6 6.4822E-6 7.56082E-6 1.13989E-5 1.21999E-5 9.21597E-6 1.40202E-5 1.0807E-5 1.16182E-5 1.26734E-5 1.3268E-5 1.47357E-5 1.55245E-5 1.6903E-5 1.81632E-5 1.97738E-5 2.24995E-5 2.49703E-5 3.94111E-5 3.09132E-5 3.53684E-5 6.82487E-5 5.86626E-5 9.90608E-5 1.48405E-4 1.43532E-4 1.13437E-4 1.2685E-4 1.98327E-4 1.44437E-4 1.62042E-4 1.88668E-4 2.72725E-4 3.06452E-4 3.68716E-5 1.69901E-5 1.26282E-5
2.94464E-6 2.88076E-6 2.07032E-6 1.72864E-6 1.85273E-6 1.88492E-6 2.19472E-6 1.99527E-6 9.51244E-7 1.00698E-6 1.64837E-6 2.30084E-6 2.52763E-6 2.91864E-6 9.56481E-7 8.84668E-7 1.01494E-6 1.51348E-6 3.26274E-6 3.47453E-6 3.61188E-6 3.38988E-6 3.75076E-6 4.33227E-6 5.07927E-6 7.67324E-6 5.31986E-6 7.88608E-6 9.41242E-6 9.16664E-6 6.73561E-6 1.02695E-5 7.36882E-6 1.04393E-5 1.43965E-5 1.27598E-5 1.05836E-5 1.06181E-5 1.17002E-5 1.91635E-5 1.98384E-5 2.03681E-5 1.42804E-5 1.64802E-5 1.81518E-5 2.00302E-5 2.2086E-5 3.13746E-5 3.00925E-5 3.93822E-5 5.90648E-5 6.73271E-5 8.74864E-5 8.9074E-5 1.01101E-4 1.43274E-4 1.47903E-4 1.59037E-4 1.43166E-4 1.46563E-4 1.99676E-4 2.73721E-4 3.15514E-4 3.29969E-4 3.73772E-5 2.21728E-5
1.55797E-6 1.44652E-6 1.41243E-6 1.3444E-6 1.64453E-6 1.83615E-6 2.05497E-6 5.80002E-7 7.74012E-7 1.4926E-6 1.64815E-6 2.0512E-6 2.38414E-6 2.40974E-6 7.70854E-7 9.80342E-7 2.136E-6 4.33589E-6 3.96101E-6 3.5858E-6 2.97663E-6 2.74416E-6 3.27703E-6 3.30938E-6 3.89155E-6 6.67908E-6 7.36322E-6 5.37022E-6 9.32102E-6 9.00707E-6 9.63568E-6 7.13959E-6 9.82977E-6 9.06159E-6 1.01823E-5 1.42883E-5 1.62594E-5 1.2934E-5 1.05207E-5 1.07096E-5 1.55352E-5 1.12076E-5 1.29776E-5 2.14826E-5 1.70315E-5 1.99915E-5 2.22291E-5 3.39106E-5 4.45608E-5 4.55584E-5 5.11922E-5 5.96928E-5 7.96002E-5 1.05818E-4 1.02965E-4 1.53855E-4 1.52795E-4 1.69165E-4 1.75384E-4 1.58455E-4 2.15122E-4 2.85148E-4 2.3995E-4 3.61929E-4 4.02157E-4 2.01796E-4
5.90335E-7 1.10165E-6 9.92266E-7 1.33767E-6 1.63389E-6 1.99001E-6 1.90507E-6 4.9057E-7 4.56872E-7 1.41839E-6 1.54516E-6 1.71953E-6 2.02764E-6 9.10195E-7 8.14804E-7 1.07894E-6 3.15049E-6 5.39335E-6 4.73981E-6 4.67546E-6 2.6596E-6 4.26589E-6 4.81991E-6 5.06941E-6 5.51451E-6 6.50301E-6 4.88863E-6 5.36586E-6 8.82855E-6 6.28141E-6 9.55977E-6 7.11728E-6 1.1186E-5 1.0477E-5 1.25383E-5 8.62704E-6 8.51375E-6 8.42332E-6 1.12246E-5 1.37209E-5 1.26108E-5 1.07386E-5 1.77103E-5 1.36877E-5 1.52441E-5 1.79493E-5 2.00061E-5 2.04733E-5 3.34446E-5 4.03036E-5 5.53127E-5 6.72658E-5 6.02658E-5 8.99031E-5 9.80245E-5 1.44355E-4 1.34843E-4 1.932E-4 1.84627E-4 1.73002E-4 2.2326E-4 1.69137E-4 1.80337E-4 1.92238E-4 2.19624E-4 3.79854E-4
3.07978E-7 1.07414E-6 1.08696E-6 1.22327E-6 1.55997E-6 1.87779E-6 1.14812E-6 4.54477E-7 4.65115E-7 4.57662E-7 1.10625E-6 7.34439E-7 6.3039E-7 7.46851E-7 8.84359E-7 1.06684E-6 1.10025E-6 3.47798E-6 3.94481E-6 3.89485E-6 2.41764E-6 4.99384E-6 6.67975E-6 5.96908E-6 4.12753E-6 7.12898E-6 1.10756E-5 7.54805E-6 9.22007E-6 7.75897E-6 9.34703E-6 1.04278E-5 9.61108E-6 9.65906E-6 1.12491E-5 7.72924E-6 7.76927E-6 8.0411E-6 8.81659E-6 9.16621E-6 1.19446E-5 1.62406E-5 1.15418E-5 1.23706E-5 1.30984E-5 1.45857E-5 1.65211E-5 2.54112E-5 2.49137E-5 3.4905E-5 4.96175E-5 7.18168E-5 8.50734E-5 8.72535E-5 1.06921E-4 1.28302E-4 1.11714E-4 1.42127E-4 1.59346E-4 2.05017E-4 1.29405E-4 1.28958E-4 1.73523E-4 2.01277E-4 1.83623E-4 1.77949E-4
8.84979E-7 1.26449E-6 1.08211E-6 1.08868E-6 1.40159E-6 1.54596E-6 4.78599E-7 4.21944E-7 4.42184E-7 4.72453E-7 4.2788E-7 4.02953E-7 4.37584E-7 5.88744E-7 9.02846E-7 1.0642E-6 1.02389E-6 1.80484E-6 1.96877E-6 3.40745E-6 2.09017E-6 3.72184E-6 5.52288E-6 5.2992E-6 6.04807E-6 7.15882E-6 6.96021E-6 6.69855E-6 6.82094E-6 7.58828E-6 7.11491E-6 5.36705E-6 5.50663E-6 8.27065E-6 9.8118E-6 7.06069E-6 7.28359E-6 7.4651E-6 8.17419E-6 1.03948E-5 8.79215E-6 1.06502E-5 1.08945E-5 1.73175E-5 1.23488E-5 1.47924E-5 2.61771E-5 2.83288E-5 3.02655E-5 3.48709E-5 4.83803E-5 6.61574E-5 7.10686E-5 6.07597E-5 8.39159E-5 9.2189E-5 9.36614E-5 8.74356E-5 1.48144E-4 1.3302E-4 1.28803E-4 1.3285E-4 1.68319E-4 1.78793E-4 1.66081E-4 1.64615E-4
6.92941E-7 1.09276E-6 1.16282E-6 1.11804E-6 1.22805E-6 6.61689E-7 3.60081E-7 4.11999E-7 4.35465E-7 5.03911E-7 5.24931E-7 4.24236E-7 4.04751E-7 5.41918E-7 7.641E-7 1.07751E-6 1.07446E-6 1.08682E-6 3.02321E-6 3.40015E-6 2.04012E-6 2.52355E-6 3.81562E-6 3.85543E-6 2.43074E-6 4.78172E-6 5.33428E-6 5.52639E-6 5.73271E-6 5.67475E-6 6.56627E-6 4.45599E-6 6.99705E-6 1.00456E-5 1.07267E-5 1.14615E-5 1.13908E-5 1.08537E-5 1.09427E-5 7.76601E-6 1.38442E-5 1.31333E-5 1.32465E-5 1.09624E-5 1.50057E-5 1.44492E-5 2.43796E-5 2.7229E-5 2.99242E-5 3.09483E-5 4.56958E-5 5.73392E-5 7.13226E-5 7.59662E-5 5.22906E-5 9.05572E-5 9.84071E-5 1.41668E-4 1.3616E-4 1.37143E-4 9.49967E-5 9.88423E-5 1.42912E-4 1.80012E-4 1.66723E-4 1.76669E-4
