catData/rasterBestHybridModels/Pviverrinus/RD_RM1.5_autofeature/Pviverrinus_avg.asc
ncols         409
nrows         350
xllcorner     60.897278365
yllcorner     5.843756025
cellsize      0.0892857
NODATA_value  -9999
[rows 29 to 57 of 350, columns 132 to 197 of 409]
3.3663E-5 3.34082E-5 1.86081E-5 1.46777E-5 1.89443E-5 2.95958E-5 2.2806E-5 1.59167E-5 1.17065E-6 8.9549E-7 5.76722E-7 1.87142E-7 1.9424E-7 7.44732E-8 5.4338E-7 1.32512E-6 2.50113E-6 2.80533E-6 2.33348E-6 1.02207E-6 3.53124E-7 4.6983E-7 2.97823E-7 5.63868E-8 8.33025E-9 3.1715E-9 3.17603E-9 2.53649E-9 3.39041E-9 1.32384E-9 1.26409E-9 1.58315E-9 1.46653E-9 2.36265E-9 3.18788E-9 2.62152E-9 2.48934E-9 3.45921E-9 4.28593E-9 3.00125E-9 3.91578E-9 1.22061E-9 2.73753E-9 4.24533E-9 4.7535E-9 2.23771E-9 5.86918E-10 3.24464E-10 2.91363E-10 2.79858E-10 2.64333E-10 2.61093E-10 3.65865E-10 3.94395E-10 2.94629E-10 7.77408E-10 1.88969E-9 5.85618E-10 3.53534E-10 2.39855E-10 -9999 2.91788E-10 6.09101E-10 4.0169E-10 -9999 2.1742E-10
2.14158E-5 3.00901E-5 2.09114E-5 1.1286E-5 3.10429E-5 4.18119E-5 2.94921E-5 2.28225E-5 3.54E-6 6.4873E-7 1.64905E-7 3.43043E-7 2.40318E-7 6.18045E-8 1.31333E-7 3.33877E-7 1.43715E-6 2.54173E-6 3.1064E-6 4.31233E-6 4.67837E-6 4.19752E-6 7.0397E-7 9.35604E-8 1.63184E-8 2.46841E-8 8.37628E-9 2.32219E-9 2.88838E-9 1.84733E-9 8.13431E-10 9.81347E-10 1.82176E-9 1.86166E-9 1.62493E-9 1.33815E-9 2.93702E-9 2.04711E-9 1.25001E-9 1.11522E-9 3.22705E-9 3.06898E-9 2.66519E-9 2.02977E-9 1.0123E-9 2.60921E-9 3.18462E-9 1.39453E-9 7.25893E-10 4.7666E-10 3.73585E-10 3.03425E-10 3.07631E-10 2.82868E-10 2.82256E-10 5.1975E-10 8.13576E-10 1.52417E-9 4.86341E-10 3.54055E-10 2.87346E-10 2.69285E-10 6.61837E-10 4.17407E-10 -9999 1.75196E-10
2.02181E-5 5.52573E-5 4.50549E-5 4.90387E-5 5.29728E-5 3.57453E-5 1.54449E-5 7.86818E-6 1.78781E-5 1.87227E-6 4.88266E-7 1.36882E-7 8.54102E-8 7.02333E-8 2.89245E-8 1.55006E-7 5.21532E-7 1.59393E-6 4.21555E-6 5.80255E-6 6.11755E-6 4.78907E-6 1.79351E-6 1.70996E-6 1.23027E-6 8.85765E-8 1.43583E-8 2.38005E-8 1.98181E-8 1.30925E-8 4.99826E-9 2.03257E-9 1.13846E-9 6.13551E-10 4.80737E-10 8.98477E-10 4.5907E-9 1.24534E-9 7.0355E-10 6.97041E-10 7.91852E-10 7.22629E-10 1.1098E-9 1.07072E-9 1.14785E-9 1.36225E-9 2.42523E-9 2.60622E-9 2.9755E-9 2.41051E-9 1.85901E-9 1.21968E-9 6.57049E-10 3.80176E-10 3.7573E-10 3.70983E-10 4.40237E-10 1.16252E-9 1.0865E-9 8.91602E-10 6.29879E-10 2.89962E-10 5.83444E-10 5.49169E-10 3.89741E-10 4.04866E-10
7.37015E-5 8.38986E-5 1.04693E-4 7.74989E-5 4.18502E-5 2.5929E-5 1.33196E-5 5.64308E-6 7.38892E-6 1.46757E-6 7.87428E-7 3.82628E-7 2.15801E-7 9.74366E-8 4.69333E-8 3.87898E-8 1.19005E-7 6.32944E-7 2.59988E-6 4.62717E-6 4.55023E-6 4.38589E-6 4.35355E-6 4.88393E-6 2.02682E-6 8.76337E-7 6.33605E-8 1.13816E-8 7.72854E-9 5.80403E-9 4.19065E-9 2.77511E-9 1.27804E-9 6.67342E-10 6.11183E-10 6.27102E-10 2.58126E-9 9.99781E-10 9.44889E-10 7.60134E-10 5.71439E-10 4.66523E-10 6.72438E-10 6.45965E-10 6.66833E-10 7.0998E-10 1.3112E-9 9.45502E-10 6.34173E-10 9.28199E-10 2.06685E-9 3.5831E-9 2.60396E-9 1.83448E-9 1.69327E-9 8.75513E-10 3.98828E-10 4.53887E-10 3.95558E-10 3.19243E-10 6.51154E-10 7.16251E-10 6.11625E-10 3.07452E-10 2.50446E-10 2.07449E-10
8.64654E-5 8.16631E-5 1.08307E-4 1.05396E-4 5.40865E-5 3.07765E-5 1.56371E-5 6.49075E-6 7.14777E-6 1.3214E-6 5.22936E-7 3.75962E-7 2.75601E-7 2.45492E-7 2.4377E-7 5.17088E-7 4.03606E-7 6.57368E-7 6.76371E-7 1.85632E-6 3.22155E-6 3.97922E-6 4.33976E-6 8.3497E-6 8.46005E-6 1.69138E-6 6.84709E-7 5.70839E-8 1.35824E-8 1.24029E-8 5.52878E-9 3.78944E-9 2.02244E-9 9.87649E-10 5.04389E-10 8.16989E-10 2.50191E-9 4.81071E-10 3.58273E-10 4.18876E-10 4.37787E-10 4.2813E-10 3.91695E-10 4.34841E-10 3.89542E-10 3.60392E-10 6.75456E-10 7.67477E-10 5.10468E-10 6.41527E-10 1.34035E-9 1.19818E-9 1.40854E-9 2.3598E-9 3.87886E-9 3.06557E-9 1.02549E-9 3.90846E-10 3.22262E-10 4.03635E-10 7.17023E-10 9.47926E-10 4.84472E-10 3.24633E-10 4.68932E-10 3.19887E-10
7.75975E-5 9.75801E-5 1.26795E-4 1.12941E-4 6.28706E-5 3.91118E-5 1.49867E-5 6.67482E-6 8.88923E-6 1.0287E-5 8.86432E-7 4.65785E-7 2.9649E-7 2.40388E-7 2.8554E-7 3.44911E-7 2.3485E-7 1.12599E-7 8.98464E-8 1.46511E-7 9.53456E-7 2.56439E-6 3.94097E-6 5.44042E-6 6.04526E-6 8.14921E-6 3.53705E-6 4.75442E-7 3.87735E-8 4.71557E-8 9.34287E-9 3.88094E-9 3.1401E-9 1.598E-9 8.37133E-10 5.88422E-10 7.76754E-10 3.68324E-10 4.61328E-10 4.87774E-10 5.61863E-10 6.28114E-10 4.1128E-10 4.17943E-10 4.24131E-10 3.34498E-10 4.41325E-10 5.3175E-10 5.58897E-10 8.60891E-10 2.22368E-9 1.0181E-9 5.63686E-10 5.07687E-10 1.21058E-9 3.03329E-9 2.6265E-9 8.98028E-10 3.71463E-10 3.06356E-10 5.41559E-10 6.84073E-10 5.41964E-10 4.72182E-10 7.50627E-10 6.0436E-10
6.38851E-5 1.0096E-4 1.09158E-4 7.66991E-5 4.55242E-5 2.96101E-5 1.8876E-5 9.92715E-6 8.50851E-6 1.72938E-5 1.72382E-6 7.46508E-7 4.22768E-7 2.47683E-7 1.85614E-7 5.05943E-7 7.96775E-7 4.49203E-7 1.80223E-7 9.10829E-8 3.54695E-7 1.50404E-6 2.67345E-6 3.64766E-6 5.35839E-6 6.38115E-6 3.50866E-6 2.35001E-6 3.20909E-7 6.83833E-8 6.37379E-9 5.37659E-9 4.70388E-9 1.7127E-9 1.29392E-9 7.69617E-10 6.3497E-10 6.01869E-10 4.80408E-10 3.53057E-10 5.03803E-10 4.74448E-10 3.70409E-10 4.17763E-10 6.96927E-10 5.32265E-10 5.36245E-10 6.87244E-10 7.35032E-10 1.38673E-9 2.10977E-9 1.04958E-9 7.10634E-10 4.37617E-10 4.82973E-10 9.62298E-10 2.4268E-9 1.51512E-9 4.64727E-10 2.97193E-10 3.68289E-10 4.67444E-10 4.86575E-10 4.17759E-10 6.62284E-10 8.60739E-10
6.2814E-5 9.47851E-5 8.55618E-5 5.58612E-5 3.81726E-5 4.53974E-5 4.37745E-5 2.12028E-5 1.03921E-5 1.82135E-5 1.501E-6 5.03774E-7 3.34318E-7 4.07616E-7 4.4648E-7 1.99015E-6 2.07669E-6 1.11395E-6 3.30545E-7 8.45512E-8 1.27877E-7 5.42224E-7 1.74507E-6 3.07365E-6 5.22714E-6 5.82437E-6 5.40028E-6 4.03599E-6 1.79329E-6 8.13218E-7 1.05463E-7 6.8726E-9 7.80275E-9 3.29776E-9 2.46787E-9 1.93544E-9 1.38151E-9 9.21377E-10 5.98533E-10 3.49433E-10 4.02277E-10 4.61719E-10 4.52799E-10 3.91017E-10 6.44776E-10 8.84259E-10 1.04283E-9 9.78858E-10 5.28621E-10 5.8194E-10 8.16696E-10 6.47951E-10 6.14064E-10 6.45366E-10 4.14787E-10 4.9322E-10 1.21262E-9 1.65948E-9 7.47869E-10 3.54868E-10 2.71242E-10 2.69803E-10 3.91374E-10 4.18089E-10 3.43555E-10 6.37136E-10
5.94106E-5 1.19824E-4 9.02274E-5 9.84496E-5 8.88822E-5 8.93574E-5 1.04171E-4 5.63152E-5 2.20255E-5 2.01772E-5 5.63476E-6 7.22468E-7 3.96779E-7 6.50991E-7 2.13945E-6 3.80651E-6 2.86243E-6 7.28897E-7 1.95149E-7 4.25279E-8 6.13438E-8 1.59432E-7 8.08168E-7 2.42423E-6 3.82714E-6 4.97895E-6 5.43991E-6 5.53914E-6 4.91666E-6 2.78563E-6 3.43438E-7 9.88346E-9 9.35726E-9 1.11452E-8 4.53678E-9 4.86716E-9 1.38857E-9 6.71907E-10 5.18643E-10 -9999 -9999 4.30648E-10 7.19322E-10 5.44463E-10 4.87597E-10 5.78396E-10 8.77808E-10 9.8063E-10 4.56573E-10 3.78876E-10 5.49289E-10 5.66929E-10 4.31099E-10 4.39581E-10 2.96237E-10 3.56974E-10 7.72826E-10 9.2784E-10 8.54517E-10 5.85272E-10 3.25642E-10 2.37965E-10 2.33909E-10 3.57915E-10 3.33591E-10 2.46669E-10
3.80536E-5 8.44589E-5 1.0159E-4 1.45257E-4 1.64612E-4 1.46713E-4 1.30717E-4 9.25518E-5 5.39681E-5 4.54462E-5 7.97956E-6 1.9296E-6 1.47483E-6 1.32963E-6 9.93535E-6 5.68647E-6 3.37056E-6 9.90474E-7 3.81653E-7 1.1673E-7 9.07766E-8 1.09999E-7 3.13224E-7 1.154E-6 2.76737E-6 3.58724E-6 4.55686E-6 5.32704E-6 4.85367E-6 2.94062E-6 6.16692E-7 6.4023E-8 5.99301E-9 1.93391E-8 1.40146E-8 5.0007E-9 1.51803E-9 8.79426E-10 6.84215E-10 6.20677E-10 -9999 3.57727E-10 5.36077E-10 4.94084E-10 6.41568E-10 5.33532E-10 4.9367E-10 9.06918E-10 8.057E-10 5.25878E-10 3.70445E-10 4.96315E-10 5.14926E-10 4.79168E-10 2.77775E-10 2.94625E-10 6.24797E-10 5.25729E-10 4.30061E-10 5.84825E-10 4.90169E-10 3.21306E-10 2.30024E-10 2.15248E-10 2.67685E-10 2.75382E-10
3.28849E-5 4.69125E-5 1.02009E-4 1.15717E-4 1.09462E-4 1.24176E-4 1.24317E-4 1.01197E-4 7.52901E-5 7.81968E-5 8.96585E-5 6.73217E-6 4.37308E-6 3.42855E-6 3.98286E-6 5.24107E-6 3.32541E-6 9.23632E-7 7.47896E-7 1.94662E-7 1.18035E-7 6.5097E-8 8.82217E-8 1.66337E-7 4.33403E-7 1.24694E-6 1.28196E-6 2.27778E-6 2.89158E-6 2.19531E-6 5.21901E-7 1.10243E-7 1.09311E-8 1.20028E-8 2.47908E-8 1.30299E-8 4.56995E-9 1.67267E-9 1.02015E-9 6.01841E-10 6.11209E-10 -9999 3.46742E-10 3.4551E-10 5.45731E-10 7.74929E-10 8.59419E-10 1.32331E-9 9.83697E-10 4.72816E-10 3.44636E-10 4.06629E-10 4.28579E-10 5.19746E-10 4.17931E-10 2.53617E-10 3.74525E-10 4.08226E-10 3.60083E-10 4.28275E-10 5.75127E-10 4.33344E-10 2.57667E-10 1.95961E-10 2.03861E-10 2.79921E-10
3.58362E-5 7.58737E-5 7.70935E-5 8.23734E-5 9.42605E-5 1.16082E-4 1.19232E-4 1.11586E-4 9.65686E-5 1.07888E-4 1.02361E-4 1.02537E-5 9.81086E-6 7.278E-6 3.75715E-6 9.49898E-6 5.10309E-6 2.66818E-6 2.53907E-6 9.66246E-7 1.05155E-7 9.57157E-8 1.45748E-7 1.39857E-7 1.38345E-7 1.88856E-7 1.82124E-7 6.12176E-7 1.74785E-6 8.03374E-7 3.37491E-7 3.15834E-8 5.90538E-8 6.46326E-8 5.96115E-8 3.79326E-8 7.25569E-9 1.41848E-9 -9999 7.02346E-10 1.54319E-9 1.29604E-9 6.48823E-10 3.1424E-10 3.19379E-10 4.73704E-10 1.21924E-9 1.11383E-9 4.78321E-10 4.05868E-10 4.73179E-10 3.51422E-10 3.25193E-10 4.12933E-10 4.9271E-10 2.7846E-10 2.92415E-10 3.7124E-10 3.61899E-10 3.76392E-10 4.97867E-10 5.2576E-10 3.46518E-10 2.31555E-10 2.23401E-10 2.88094E-10
4.22976E-5 4.97664E-5 5.70172E-5 6.83011E-5 8.44794E-5 1.02275E-4 1.08267E-4 1.10125E-4 1.20299E-4 1.18444E-4 1.83884E-5 1.49872E-5 1.25854E-5 8.87385E-6 6.58162E-6 1.06998E-5 8.20451E-6 5.52278E-6 7.51807E-6 3.22062E-6 9.80127E-7 6.91009E-7 1.17901E-6 7.6259E-7 4.89783E-7 1.22334E-7 6.08543E-8 4.56372E-7 7.90583E-7 4.40345E-7 1.56E-7 2.74221E-8 6.81466E-8 2.0846E-7 1.3903E-7 8.53561E-8 3.61665E-8 1.27136E-8 3.32996E-9 3.45903E-9 4.95493E-9 2.0109E-9 1.09998E-9 4.81737E-10 3.30561E-10 3.12675E-10 4.4209E-10 7.77069E-10 4.62231E-10 3.45204E-10 4.8664E-10 5.20844E-10 4.00613E-10 4.44764E-10 3.68766E-10 4.22549E-10 4.02451E-10 4.24227E-10 4.19698E-10 4.69122E-10 3.78135E-10 3.95873E-10 5.16841E-10 4.82079E-10 3.13658E-10 2.84034E-10
3.38677E-5 3.92985E-5 5.70217E-5 7.39892E-5 7.78821E-5 9.54621E-5 9.36055E-5 8.99385E-5 9.14149E-5 1.00008E-4 7.98994E-5 1.68726E-5 1.88822E-5 8.31624E-6 5.54024E-6 4.40065E-6 3.41403E-6 3.97446E-6 9.53599E-6 3.30319E-6 1.90101E-6 9.15292E-7 1.13719E-6 1.40078E-6 1.56E-6 3.85691E-7 5.64173E-7 7.00421E-7 1.16949E-6 3.60644E-7 2.38972E-7 1.42136E-7 2.56416E-8 5.99199E-8 1.27736E-7 3.40832E-8 1.5412E-8 1.95972E-8 3.41014E-8 1.51313E-8 1.45614E-9 8.33088E-10 9.01204E-10 7.79065E-10 4.89202E-10 3.09494E-10 3.34131E-10 5.58262E-10 6.77911E-10 4.20587E-10 5.43821E-10 5.79163E-10 5.23786E-10 5.34891E-10 4.78984E-10 4.88806E-10 4.92455E-10 3.33932E-10 4.27786E-10 5.4556E-10 4.04188E-10 2.6829E-10 3.04831E-10 4.4957E-10 5.73564E-10 5.31391E-10
2.8013E-5 4.27342E-5 5.08784E-5 6.6275E-5 7.9454E-5 8.64425E-5 8.05961E-5 7.38077E-5 7.20073E-5 7.91469E-5 1.4608E-4 2.77775E-5 2.43832E-5 1.70506E-5 1.03345E-5 8.51886E-6 8.38881E-6 6.69743E-6 7.03742E-6 8.29046E-6 6.16584E-6 2.23659E-6 2.81796E-6 8.99355E-6 2.59619E-6 8.46669E-7 1.67312E-6 2.96486E-6 1.17794E-6 9.31284E-7 3.00049E-7 7.25681E-7 5.01226E-7 1.20027E-7 1.63574E-7 7.33869E-8 1.40636E-8 2.34257E-9 3.21745E-9 2.27475E-8 3.69615E-9 1.93317E-9 8.9743E-10 6.57573E-10 6.87386E-10 4.05109E-10 -9999 3.56669E-10 4.11566E-10 6.32996E-10 4.76575E-10 4.27047E-10 4.57335E-10 6.1513E-10 3.84854E-10 5.15245E-10 4.83646E-10 4.07921E-10 3.26235E-10 3.63758E-10 3.20313E-10 2.87724E-10 4.19598E-10 4.74859E-10 3.93535E-10 6.10197E-10
1.26419E-5 1.40912E-5 2.25017E-5 5.53918E-5 6.65403E-5 7.01288E-5 8.56433E-5 7.11088E-5 6.68891E-5 7.17411E-5 8.27866E-5 1.29033E-5 1.39009E-5 1.43902E-5 1.71237E-5 9.7434E-6 1.05778E-5 1.42404E-5 1.8269E-5 1.73907E-5 1.37665E-5 1.05552E-5 6.52376E-6 2.041E-5 1.48829E-5 5.07302E-6 4.27826E-6 1.63876E-6 4.34565E-7 8.61869E-7 1.20114E-6 3.30491E-6 3.30535E-6 1.87809E-6 6.93565E-7 2.8711E-7 1.03712E-7 1.89071E-8 3.16293E-9 3.05654E-9 1.32513E-8 9.44267E-9 2.17897E-9 7.55837E-10 6.00879E-10 -9999 -9999 -9999 2.72665E-10 3.24221E-10 5.52492E-10 3.64352E-10 3.52933E-10 5.29934E-10 4.76846E-10 3.55754E-10 3.68964E-10 4.57798E-10 3.27147E-10 2.61617E-10 2.64331E-10 2.56731E-10 3.7461E-10 3.48755E-10 1.96826E-10 4.6602E-10
1.40802E-5 1.51627E-5 2.13704E-5 2.36132E-5 2.05028E-5 2.74626E-5 5.99833E-5 5.57914E-5 5.12705E-5 5.02016E-5 6.13399E-5 5.3931E-5 3.65525E-5 6.72228E-5 1.51205E-5 1.89009E-5 1.94074E-5 2.09101E-5 1.92862E-5 2.62757E-5 2.26169E-5 2.66952E-5 5.3746E-5 6.37166E-5 3.27978E-5 2.77512E-6 1.55119E-6 1.00307E-5 5.72759E-6 1.26908E-6 5.95578E-7 7.2264E-7 8.72473E-7 1.26804E-6 5.89177E-7 4.4901E-7 2.85998E-7 5.62184E-8 6.68051E-9 2.50268E-9 2.73517E-9 6.08327E-9 5.60343E-9 1.55444E-9 1.27514E-9 5.97142E-10 5.05552E-10 3.76417E-10 3.37087E-10 3.68964E-10 4.53028E-10 3.21514E-10 3.48759E-10 3.43115E-10 4.94907E-10 4.39085E-10 3.35236E-10 3.9335E-10 3.45729E-10 3.09912E-10 2.65322E-10 2.6656E-10 4.32195E-10 3.6681E-10 1.89681E-10 3.23187E-10
1.58767E-5 2.19017E-5 1.98943E-5 1.79902E-5 2.08386E-5 3.90888E-5 4.4885E-5 4.24392E-5 4.32135E-5 4.41801E-5 4.80681E-5 5.2083E-5 5.92783E-5 7.035E-5 7.63749E-5 7.66663E-5 1.49406E-5 5.26574E-5 7.673E-5 7.96441E-5 7.66918E-5 9.49722E-5 1.39666E-4 9.0259E-5 2.07525E-4 3.34189E-5 1.09057E-4 1.06445E-4 2.53329E-5 2.16001E-6 1.16188E-6 4.30155E-7 2.71457E-7 5.31366E-7 4.70734E-7 1.50973E-7 1.59644E-7 6.20793E-8 4.74526E-8 3.04156E-8 6.61562E-9 3.52129E-9 1.30626E-8 2.81723E-9 9.73959E-10 5.29966E-10 6.4938E-10 5.27746E-10 3.38337E-10 2.90288E-10 3.29217E-10 3.05989E-10 3.70969E-10 4.20566E-10 5.02117E-10 4.84439E-10 3.71548E-10 3.444E-10 3.22508E-10 3.58184E-10 3.24705E-10 3.01998E-10 5.10118E-10 4.84284E-10 2.0137E-10 3.02512E-10
1.81377E-5 2.79792E-5 1.9468E-5 1.98238E-5 2.82369E-5 5.81346E-5 4.2401E-5 4.20662E-5 4.5049E-5 4.22909E-5 4.51479E-5 5.68869E-5 5.92296E-5 6.77465E-5 7.19029E-5 8.17835E-5 9.21216E-5 9.47392E-5 5.50622E-5 5.54015E-5 5.97038E-5 6.72198E-5 1.41683E-4 2.08936E-4 3.81966E-4 3.34781E-4 2.27455E-4 2.24656E-4 1.19199E-4 9.54293E-6 2.07795E-6 9.6609E-7 2.77906E-7 1.07959E-7 1.2443E-7 2.73532E-7 1.40078E-7 1.32792E-7 5.48806E-7 2.54946E-7 2.42216E-8 3.16431E-9 6.79895E-9 1.15853E-9 8.90716E-10 9.24437E-10 9.4423E-10 4.98388E-10 3.99534E-10 4.03846E-10 3.56757E-10 3.58116E-10 3.18848E-10 3.53349E-10 4.61151E-10 4.00887E-10 4.12127E-10 3.44675E-10 3.40788E-10 3.61439E-10 3.85737E-10 3.44194E-10 4.60155E-10 5.61829E-10 3.77748E-10 4.51281E-10
1.62598E-5 1.66809E-5 1.81593E-5 1.92995E-5 2.26621E-5 3.48623E-5 2.70928E-5 4.76451E-5 3.45231E-5 4.50143E-5 4.60386E-5 4.84959E-5 5.17712E-5 5.0805E-5 6.33017E-5 6.63444E-5 7.15679E-5 7.78326E-5 8.04797E-5 1.31449E-4 1.22686E-4 1.07668E-4 1.31091E-4 1.56867E-4 2.73638E-4 2.68946E-4 3.2222E-4 2.15309E-4 4.38589E-5 2.56515E-5 7.19905E-6 4.25255E-6 1.88366E-6 3.16378E-7 4.47669E-7 5.35497E-7 1.52084E-6 2.02031E-6 1.80562E-6 3.2879E-7 5.77695E-8 6.85295E-9 4.48968E-9 2.39259E-9 2.68241E-9 1.66141E-9 6.88431E-10 4.70678E-10 3.89773E-10 5.63622E-10 5.80944E-10 5.62779E-10 3.37979E-10 3.606E-10 3.08805E-10 3.54245E-10 3.75534E-10 3.75662E-10 3.4873E-10 3.69391E-10 3.7239E-10 3.98461E-10 4.43984E-10 5.3814E-10 5.05535E-10 7.20523E-10
2.63553E-5 2.00432E-5 2.84742E-5 4.73346E-5 3.40888E-5 3.10774E-5 3.15761E-5 3.07217E-5 3.28975E-5 5.21063E-5 3.75309E-5 3.38279E-5 3.64637E-5 4.84775E-5 5.06384E-5 5.97497E-5 5.18293E-5 5.74904E-5 6.85647E-5 9.73706E-5 1.21609E-4 1.01148E-4 1.01698E-4 1.01912E-4 2.02395E-4 2.50137E-4 2.39708E-4 2.10098E-4 6.83005E-5 3.67986E-5 2.76753E-5 5.76095E-5 3.34321E-5 6.12283E-6 2.75502E-6 3.23052E-6 7.62928E-6 1.62685E-5 9.02019E-6 1.21964E-6 1.26357E-7 7.96796E-9 2.91058E-9 2.23829E-9 2.47449E-9 2.6405E-9 1.72845E-9 9.73654E-10 5.50212E-10 6.84449E-10 1.24222E-9 6.27577E-10 3.22701E-10 3.72222E-10 3.20243E-10 3.03373E-10 3.21701E-10 3.28302E-10 3.51487E-10 3.17087E-10 3.21685E-10 3.40021E-10 3.85253E-10 4.40129E-10 4.45472E-10 7.06086E-10
1.60797E-5 1.47379E-5 1.77849E-5 2.69886E-5 2.13472E-5 2.22593E-5 2.53397E-5 2.61929E-5 2.71549E-5 2.8491E-5 3.30953E-5 2.7998E-5 3.06109E-5 3.44295E-5 3.89395E-5 5.11785E-5 5.45369E-5 5.86531E-5 6.16483E-5 7.00193E-5 9.56741E-5 7.81815E-5 4.80638E-5 4.75421E-5 8.11083E-5 1.31738E-4 1.61077E-4 1.85005E-4 2.74821E-4 2.252E-4 1.85733E-4 1.47225E-4 9.24527E-5 1.75895E-5 1.2945E-5 1.50518E-5 3.85047E-5 2.49315E-5 1.32425E-5 3.95373E-6 4.40224E-7 3.35889E-8 7.47114E-9 2.74988E-9 1.25564E-9 1.27433E-9 1.53947E-9 2.12174E-9 1.9375E-9 1.21184E-9 9.55732E-10 6.60765E-10 3.11125E-10 3.73477E-10 4.12001E-10 3.27425E-10 3.34125E-10 3.11431E-10 3.12732E-10 3.12417E-10 3.27851E-10 3.25464E-10 3.36735E-10 3.31163E-10 -9999 -9999
1.1768E-5 1.53859E-5 1.7388E-5 1.60729E-5 1.79078E-5 1.91283E-5 1.93028E-5 2.25731E-5 2.20831E-5 2.36098E-5 2.63458E-5 2.45197E-5 2.77989E-5 3.10231E-5 3.26937E-5 3.97495E-5 4.70069E-5 4.36703E-5 4.88591E-5 5.18494E-5 7.35485E-5 7.47049E-5 8.07806E-5 6.68599E-5 6.49784E-5 8.25561E-5 1.13711E-4 1.28467E-4 1.48494E-4 2.20882E-4 2.7888E-4 2.4698E-4 4.23635E-5 3.72766E-5 3.71431E-5 7.99774E-5 3.86107E-5 1.09567E-5 5.80684E-6 4.02631E-6 2.23703E-6 4.16942E-7 1.28795E-7 1.96365E-8 6.46053E-9 1.85925E-9 9.24999E-10 1.48962E-9 3.06132E-9 2.85668E-9 1.06307E-9 7.04405E-10 3.75102E-10 3.5047E-10 5.33098E-10 5.37386E-10 5.1544E-10 4.17828E-10 4.18485E-10 3.57628E-10 3.34862E-10 3.09672E-10 2.79071E-10 2.62349E-10 -9999 -9999
1.39009E-5 1.62411E-5 1.68054E-5 1.56418E-5 1.69453E-5 1.88541E-5 1.86289E-5 1.90231E-5 2.0172E-5 2.06806E-5 2.19372E-5 3.53257E-5 3.01339E-5 3.43619E-5 3.77244E-5 3.77249E-5 3.46822E-5 3.82015E-5 4.32598E-5 4.66681E-5 5.10557E-5 6.13026E-5 5.96499E-5 6.01915E-5 5.93646E-5 7.00989E-5 8.51588E-5 1.04675E-4 9.89172E-5 8.67901E-5 1.16907E-4 1.70034E-4 2.80648E-4 1.26263E-4 2.60778E-4 2.07332E-4 4.49505E-5 9.60646E-6 3.01387E-6 1.0571E-6 4.03025E-7 1.39338E-7 2.46147E-7 4.97757E-8 5.33856E-9 2.64068E-9 1.85201E-9 2.05194E-9 1.45928E-9 2.66406E-9 2.00595E-9 1.53588E-9 5.23885E-10 3.58895E-10 4.45669E-10 6.82152E-10 4.44289E-10 4.38811E-10 6.24816E-10 5.997E-10 3.91424E-10 3.16437E-10 3.19356E-10 3.60163E-10 3.67689E-10 -9999
1.29858E-5 1.3427E-5 1.40677E-5 1.68917E-5 1.59438E-5 1.75955E-5 1.70949E-5 1.65783E-5 1.73496E-5 2.01952E-5 2.33435E-5 4.09743E-5 3.40168E-5 2.9641E-5 2.35074E-5 1.92583E-5 3.23079E-5 3.48556E-5 4.01592E-5 4.13975E-5 4.39205E-5 5.30273E-5 6.06528E-5 5.11641E-5 5.22188E-5 5.68644E-5 6.99303E-5 7.27625E-5 7.60688E-5 7.83773E-5 7.56928E-5 1.21276E-4 1.39802E-4 2.14253E-4 2.94898E-4 2.49463E-4 1.35806E-4 4.19448E-5 6.0708E-6 1.00913E-5 2.37549E-6 2.58433E-8 2.62073E-8 4.13495E-8 2.01658E-8 1.08087E-8 4.05987E-9 1.91205E-9 1.02918E-9 4.56574E-9 1.18735E-8 3.21143E-9 9.62584E-10 7.02797E-10 5.8736E-10 5.49488E-10 3.50179E-10 4.29733E-10 6.49519E-10 9.73634E-10 6.75148E-10 3.8316E-10 4.36032E-10 5.54474E-10 3.7844E-10 -9999
1.17597E-5 1.32024E-5 1.52988E-5 1.5591E-5 1.62034E-5 1.6813E-5 1.56288E-5 1.5171E-5 1.96109E-5 1.98678E-5 1.96065E-5 2.37118E-5 2.50259E-5 2.02417E-5 2.5713E-5 2.89128E-5 5.01249E-5 3.64842E-5 3.57761E-5 3.91384E-5 4.21089E-5 4.24645E-5 4.87004E-5 4.6508E-5 4.903E-5 5.52164E-5 5.54596E-5 5.9866E-5 5.62204E-5 6.04473E-5 8.23854E-5 9.82931E-5 1.22674E-4 1.8859E-4 1.85773E-4 1.96825E-4 2.19557E-4 1.66889E-4 5.79965E-5 5.24357E-5 3.40576E-5 8.04237E-6 1.06069E-6 3.70283E-8 2.0626E-8 7.75043E-9 2.26392E-9 1.67089E-9 1.33453E-9 8.13247E-9 5.10349E-8 5.15323E-9 8.56487E-10 6.02369E-10 4.60999E-10 4.62531E-10 -9999 3.42036E-10 4.71262E-10 9.04273E-10 1.0037E-9 5.86579E-10 6.26981E-10 4.9592E-10 3.21307E-10 5.3019E-10
1.0174E-5 1.24493E-5 1.3467E-5 1.37857E-5 1.58947E-5 1.63826E-5 1.6483E-5 1.62469E-5 1.37479E-5 1.21826E-5 1.7247E-5 1.987E-5 2.12289E-5 1.52189E-5 2.40445E-5 2.75367E-5 4.78914E-5 3.40154E-5 2.16926E-5 3.46522E-5 3.48335E-5 3.89317E-5 3.8562E-5 3.35287E-5 4.22546E-5 3.4603E-5 4.4829E-5 4.88809E-5 6.6412E-5 5.59906E-5 4.8608E-5 6.72154E-5 1.22578E-4 1.41878E-4 1.94544E-4 2.29619E-4 3.02015E-4 3.32448E-4 6.48704E-5 1.66398E-4 1.14487E-4 6.83213E-5 2.73164E-5 1.23736E-5 4.86135E-6 2.78019E-7 1.22945E-8 5.22309E-9 1.46442E-8 9.66309E-8 8.46463E-8 6.69129E-9 2.58296E-9 1.75587E-9 7.02338E-10 4.3646E-10 -9999 3.22941E-10 4.38852E-10 5.98086E-10 9.29168E-10 1.31976E-9 7.53097E-10 7.23311E-10 4.61506E-10 7.94162E-10
9.42835E-6 1.10606E-5 1.27832E-5 1.43784E-5 1.5384E-5 1.57884E-5 1.41736E-5 1.26343E-5 8.27237E-6 8.96079E-6 1.44367E-5 1.6974E-5 1.2E-5 1.80255E-5 1.90849E-5 2.05959E-5 2.67417E-5 2.37658E-5 2.9701E-5 3.40207E-5 3.42949E-5 3.24475E-5 3.60954E-5 3.87778E-5 4.58858E-5 4.52368E-5 3.91227E-5 4.1178E-5 3.44577E-5 3.09249E-5 5.50356E-5 6.3768E-5 9.10118E-5 8.58258E-5 1.0687E-4 1.28045E-4 2.11282E-4 3.9113E-4 2.54797E-4 1.95071E-4 1.72586E-4 1.14207E-4 8.73564E-5 7.05153E-5 4.90293E-5 1.29861E-5 3.98744E-7 6.93907E-8 5.85302E-8 3.05326E-7 8.18297E-8 5.84504E-8 2.19514E-8 8.29175E-9 1.79656E-9 9.88231E-10 9.30688E-10 4.30461E-10 7.33688E-10 1.02641E-9 1.20986E-9 1.39275E-9 1.52067E-9 1.16617E-9 1.56557E-9 2.57288E-9
9.13331E-6 1.05768E-5 1.08825E-5 1.25235E-5 1.26862E-5 1.42733E-5 1.16263E-5 1.13816E-5 1.2256E-5 1.31936E-5 1.43385E-5 1.40741E-5 1.72849E-5 1.99205E-5 2.14042E-5 1.51361E-5 1.98305E-5 2.85509E-5 2.7023E-5 2.90781E-5 2.86114E-5 3.27384E-5 3.87496E-5 3.14026E-5 2.63891E-5 1.90234E-5 2.1724E-5 2.38543E-5 2.75664E-5 3.21787E-5 5.72736E-5 8.02102E-5 7.22072E-5 7.67873E-5 1.25726E-4 2.13663E-4 2.14634E-4 1.36288E-4 3.71978E-4 2.60997E-4 1.52595E-4 9.15835E-5 1.23259E-4 9.21712E-5 9.44866E-5 7.6201E-5 2.71104E-5 1.78132E-6 4.75762E-7 7.10275E-7 5.10471E-7 9.33652E-8 1.75724E-8 8.60478E-9 3.45682E-9 2.36241E-9 1.38469E-9 4.44113E-10 5.26781E-10 7.7388E-10 9.30416E-10 6.30395E-10 5.52879E-10 5.05242E-10 5.18055E-10 1.50279E-9
