catData/rasterBestHybridModels/Pviverrinus/RD_RM1.5_autofeature/Pviverrinus_median.asc
ncols         409
nrows         350
xllcorner     60.897278365
yllcorner     5.843756025
cellsize      0.0892857
NODATA_value  -9999
[rows 116 to 144 of 350, columns 132 to 197 of 409]
9.54367E-7 1.01424E-6 1.06484E-6 1.07809E-6 9.98279E-7 9.95465E-7 1.04453E-6 1.77308E-6 1.83907E-6 1.94472E-6 1.81114E-6 1.70087E-6 1.75696E-6 2.0017E-6 1.76349E-6 3.61668E-7 1.33236E-6 1.34583E-6 2.94971E-7 3.77624E-7 4.24247E-7 2.21721E-6 2.10746E-6 9.90137E-7 8.09429E-7 1.00202E-6 2.30302E-6 2.02651E-6 1.94606E-6 1.9894E-6 2.19873E-6 2.19982E-6 2.39988E-6 2.76796E-6 9.46512E-7 8.36873E-6 1.30281E-5 1.35378E-5 4.50156E-6 1.46533E-5 1.5817E-5 6.40293E-6 5.74477E-6 2.47764E-6 7.07098E-6 6.49455E-6 6.84521E-6 1.10458E-5 1.20867E-5 1.22954E-5 1.3426E-5 1.34047E-5 7.84281E-6 6.45549E-6 1.12622E-5 1.19421E-5 1.11188E-5 1.28936E-5 1.3675E-5 1.22558E-5 1.23076E-5 1.33069E-5 1.36954E-5 1.40409E-5 1.45807E-5 8.02673E-6
9.88243E-7 1.03917E-6 1.05465E-6 1.0423E-6 1.03367E-6 9.46183E-7 1.05888E-6 1.89389E-6 1.93518E-6 1.98945E-6 4.21166E-7 1.67488E-6 1.84683E-6 1.92084E-6 1.79561E-6 1.79337E-6 1.73043E-6 3.10972E-7 3.41563E-7 3.51083E-7 5.95527E-7 2.81813E-6 3.12843E-6 2.29375E-6 1.94043E-6 1.40578E-6 2.20269E-6 1.96103E-6 2.00663E-6 1.93819E-6 1.20826E-6 2.3148E-6 1.38273E-6 7.09946E-7 2.91587E-6 1.11409E-5 1.19715E-5 1.18382E-5 1.08178E-5 1.30462E-5 7.82341E-6 4.56767E-6 2.46343E-6 5.75852E-6 5.92383E-6 7.21441E-6 1.08517E-5 1.21267E-5 4.99328E-6 1.36008E-5 1.30203E-5 1.05854E-5 7.69169E-6 6.64747E-6 1.16307E-5 1.19829E-5 1.21462E-5 1.17886E-5 1.20512E-5 1.28729E-5 1.30659E-5 1.29846E-5 1.29607E-5 1.33872E-5 1.35065E-5 1.34819E-5
9.74256E-7 1.09425E-6 1.35079E-6 2.52611E-6 1.89624E-6 2.61147E-6 2.09211E-6 1.94314E-6 1.80345E-6 9.67617E-7 3.7879E-7 1.75968E-6 1.95773E-6 5.07376E-7 3.77445E-7 1.75997E-6 1.11091E-6 3.95113E-7 1.39933E-6 7.31093E-6 3.76982E-6 4.55714E-6 2.72371E-6 3.03859E-6 8.56825E-7 1.35337E-6 1.22103E-6 1.70068E-6 2.02867E-6 2.07214E-6 2.03277E-6 2.12937E-6 2.30487E-6 7.63462E-7 3.54636E-6 4.27019E-6 1.09604E-5 4.60154E-6 9.59012E-6 6.28828E-6 4.37815E-6 4.38781E-6 3.32261E-6 1.96019E-6 9.80126E-6 6.62558E-6 4.65699E-6 4.89134E-6 4.61651E-6 8.65867E-7 3.77381E-7 1.37109E-6 8.83744E-7 5.4525E-7 1.38059E-6 2.75153E-6 2.52318E-6 3.25878E-6 1.31517E-5 1.33435E-5 1.36846E-5 1.33621E-5 5.50186E-6 1.30688E-5 6.67753E-6 1.35768E-5
2.46279E-6 6.10919E-6 6.92812E-6 6.66842E-6 5.98724E-6 5.34127E-6 5.50929E-6 3.15343E-6 1.61196E-6 8.98737E-7 3.81009E-7 4.05949E-7 1.29402E-6 5.05173E-7 1.74525E-6 3.65719E-7 3.86925E-7 4.45799E-7 4.57309E-7 5.53624E-7 2.93821E-6 5.25477E-6 4.11478E-6 2.26181E-6 4.76056E-6 4.05195E-6 3.99823E-6 1.28713E-6 1.22078E-6 2.10129E-6 2.29523E-6 2.28714E-6 2.33733E-6 2.2163E-6 5.22879E-6 8.06502E-6 8.28384E-6 2.41404E-6 2.30138E-6 2.52111E-6 5.18402E-6 1.08094E-5 6.09395E-6 5.50236E-6 4.40179E-6 4.25412E-6 1.24045E-6 4.26083E-6 1.95128E-6 5.952E-7 8.34537E-8 1.28408E-7 3.65985E-7 7.78799E-7 1.4766E-6 1.61391E-6 3.57987E-6 8.40202E-6 9.07219E-6 6.16249E-6 1.42056E-5 6.43642E-6 5.40787E-6 4.1485E-6 4.1499E-6 1.28728E-5
4.33122E-6 6.13266E-6 7.19775E-6 8.45196E-6 5.58754E-6 4.56642E-6 4.90237E-6 3.45853E-6 1.60923E-6 1.68467E-6 4.80864E-7 3.74054E-7 5.47928E-7 3.64177E-7 3.56452E-7 3.453E-7 3.90966E-7 4.64988E-7 4.63414E-7 5.13787E-7 6.49732E-7 2.29793E-6 2.66773E-6 1.75607E-6 4.94827E-6 4.57424E-6 4.11098E-6 3.97053E-6 5.6382E-7 5.16018E-7 6.57863E-7 1.28855E-6 6.30789E-7 2.23533E-6 2.57414E-6 3.02105E-6 3.54109E-6 2.70509E-6 6.84455E-6 1.66314E-6 4.75138E-6 3.9107E-6 4.23123E-6 1.98796E-6 1.73396E-6 6.96426E-7 1.84268E-6 2.21047E-6 5.78139E-7 1.70462E-7 3.43397E-7 3.07188E-7 2.2387E-6 3.23745E-6 3.40439E-6 8.98157E-6 4.89523E-6 3.2046E-6 2.56232E-6 1.24324E-6 4.58246E-6 6.35839E-6 6.10449E-6 5.68529E-6 4.56875E-6 1.10185E-5
5.13368E-6 5.67867E-6 6.54938E-6 6.67039E-6 5.39625E-6 4.36544E-6 4.45786E-6 4.97169E-6 1.64145E-6 3.92023E-7 3.90706E-7 2.11679E-6 2.05073E-6 1.77903E-6 3.49199E-7 3.586E-7 4.84963E-7 7.97697E-7 1.04742E-6 7.15722E-7 3.94827E-7 7.64266E-7 1.72324E-6 1.5613E-6 2.66639E-6 1.06171E-6 2.73813E-6 2.44499E-6 1.16857E-6 5.31381E-7 6.47874E-7 6.26685E-7 1.15445E-6 2.08928E-6 1.24374E-6 7.41714E-7 1.34801E-6 2.30542E-6 4.77636E-6 1.74583E-6 2.42132E-6 1.02219E-6 1.18034E-6 3.43932E-6 7.40039E-7 7.40532E-7 9.25988E-7 5.49892E-7 3.01117E-7 3.90707E-7 2.93512E-7 1.96332E-6 4.77361E-6 2.39666E-6 5.71657E-6 3.16263E-6 1.74569E-6 2.6971E-6 1.08617E-6 1.60523E-6 8.12095E-6 1.46587E-5 7.60562E-6 6.21565E-6 1.24462E-5 1.08993E-5
4.74117E-6 2.86181E-6 3.32097E-6 5.21348E-6 5.33037E-6 5.35029E-6 5.44937E-6 5.43483E-6 1.68094E-6 1.67857E-6 1.47694E-6 2.14887E-6 1.80252E-6 3.53951E-7 2.94292E-7 7.49299E-7 8.89257E-7 1.43298E-6 2.09024E-6 1.94324E-6 6.14295E-6 6.63425E-6 4.84737E-7 3.60792E-7 4.15731E-7 4.91023E-7 6.20617E-7 7.0922E-7 4.26202E-7 6.35821E-7 4.79107E-7 9.57647E-7 5.42233E-7 8.59549E-6 9.08155E-6 3.86827E-6 9.55834E-6 1.76406E-6 1.69025E-6 1.10573E-6 3.58432E-6 1.44228E-6 2.37243E-6 7.90789E-7 6.1255E-7 7.02251E-7 7.59795E-7 7.02198E-7 4.14408E-7 2.79751E-7 1.68572E-6 2.62769E-6 1.87941E-6 1.71838E-6 7.5828E-7 1.05955E-6 1.26804E-6 3.28281E-6 2.01847E-6 1.9717E-6 5.5419E-6 6.54692E-6 5.19048E-6 1.1808E-5 4.85506E-6 2.7971E-6
1.22046E-6 1.25375E-6 1.23877E-6 1.48649E-6 1.64469E-6 1.61922E-6 5.80301E-6 4.78131E-6 1.76407E-7 1.99553E-7 5.15762E-7 5.83388E-7 2.01914E-7 2.11035E-7 7.91822E-7 9.12346E-7 1.4692E-6 1.99457E-6 1.02608E-5 7.20942E-6 2.07786E-6 1.4122E-6 1.75681E-6 3.45585E-7 3.17664E-7 3.38286E-7 6.06636E-7 2.50511E-6 1.0538E-6 1.53449E-6 5.96802E-7 5.09277E-7 5.22406E-7 2.72125E-6 3.67855E-6 3.62104E-6 2.15694E-6 9.4986E-7 3.21209E-6 1.24756E-6 1.26236E-6 6.52124E-6 4.03703E-6 3.98402E-7 5.63137E-7 4.07047E-7 5.62461E-7 3.51084E-7 2.61305E-7 3.05696E-7 3.24438E-7 2.90215E-7 2.65979E-7 1.66057E-7 7.7858E-7 7.39425E-7 1.71991E-6 2.01968E-6 4.50362E-6 6.25833E-6 7.2555E-6 6.09802E-6 6.95206E-6 5.6727E-6 5.00275E-6 4.20957E-6
1.09093E-6 1.23495E-6 1.32833E-6 1.46729E-6 7.95094E-7 7.76114E-7 8.48946E-7 4.52422E-7 1.88431E-7 1.88936E-7 1.832E-7 2.85706E-7 2.0627E-7 2.05853E-7 2.66549E-7 7.86819E-7 1.80971E-6 3.20503E-6 2.87608E-6 3.56681E-6 1.95515E-6 9.20546E-7 5.89139E-7 3.40573E-7 3.42654E-7 3.28741E-7 5.06224E-7 1.09605E-6 1.05377E-6 8.6414E-7 3.7625E-6 5.5535E-7 6.60354E-7 2.80368E-6 3.62519E-6 1.06223E-6 2.6871E-6 1.32406E-6 9.34752E-7 3.09497E-6 5.10093E-6 3.20449E-6 1.65756E-6 6.79135E-7 5.50263E-7 4.03395E-7 3.27188E-7 2.49208E-7 3.14953E-7 1.50179E-6 4.08846E-7 2.78309E-7 2.53427E-7 1.66111E-7 3.06353E-7 6.32243E-7 2.75094E-6 2.91867E-6 2.78549E-6 7.75438E-6 2.85567E-6 5.21258E-6 9.88904E-6 7.43858E-6 1.25647E-5 3.9641E-6
8.41652E-7 1.26761E-6 1.12679E-6 6.945E-7 6.73713E-7 6.63188E-7 6.74064E-7 2.14647E-7 1.00577E-6 4.97458E-7 1.94981E-7 1.94995E-7 2.06409E-7 2.25911E-7 4.19144E-7 5.96821E-7 2.49896E-6 2.21923E-6 4.29862E-6 3.30448E-6 1.00997E-6 1.09952E-6 2.32334E-6 5.67766E-7 3.94216E-7 3.56475E-7 5.8351E-7 9.43049E-7 1.34323E-6 8.50744E-7 1.20502E-6 8.27316E-7 7.62781E-7 8.08431E-7 8.3539E-7 2.56242E-6 1.30186E-6 2.69666E-6 1.46628E-6 1.26443E-6 5.78685E-6 5.38516E-6 9.23929E-7 9.96989E-7 1.25704E-6 1.1719E-6 1.50358E-6 2.66983E-7 2.80973E-7 3.76354E-7 3.30417E-7 1.10543E-7 3.14641E-7 4.12961E-7 3.64158E-7 4.21948E-7 2.55655E-6 3.43873E-6 3.27478E-6 2.35095E-6 8.34245E-6 1.1273E-5 1.34165E-5 4.71149E-6 3.75279E-6 1.28796E-5
7.55583E-7 7.20295E-7 5.96672E-7 6.46448E-7 3.63706E-7 7.16358E-7 1.50104E-7 3.79511E-7 5.74191E-7 2.9947E-7 4.5168E-7 2.74844E-7 3.33414E-7 4.12767E-7 2.60123E-6 3.06711E-6 1.50634E-6 1.16049E-6 1.15261E-6 3.24867E-6 3.46945E-6 1.00011E-6 9.16174E-7 6.1543E-7 7.19997E-7 8.98011E-7 1.13222E-6 1.15107E-6 8.07163E-7 1.46822E-6 2.72869E-6 6.94913E-7 8.47378E-7 8.02688E-7 8.47217E-7 1.07933E-6 3.31845E-6 3.16347E-6 1.22786E-6 7.00658E-7 1.53607E-6 5.05301E-6 1.77223E-6 3.28791E-6 1.5996E-6 1.96151E-6 8.94518E-7 2.89598E-7 3.43347E-7 4.32065E-7 2.85763E-7 2.90641E-7 4.10654E-7 4.85913E-7 5.46794E-7 5.60931E-7 8.91509E-7 3.06435E-6 6.51558E-6 3.10395E-6 2.47273E-6 2.79203E-6 2.89599E-6 2.60739E-6 1.556E-6 3.13333E-6
7.30988E-7 8.39146E-7 7.15056E-7 5.82524E-7 6.67756E-7 8.27045E-7 2.25698E-6 7.06205E-7 3.35733E-7 5.20898E-7 3.21969E-7 3.53619E-7 3.75886E-7 1.29233E-6 4.28368E-6 1.99454E-6 1.65558E-6 1.00867E-6 7.99946E-7 3.47003E-6 1.06256E-6 8.13711E-7 5.93388E-7 8.61615E-7 7.48521E-7 1.02449E-6 9.48594E-7 1.40731E-6 1.3676E-6 1.37896E-6 1.32869E-6 5.43508E-7 6.47023E-7 9.43559E-7 1.0383E-6 1.07295E-6 3.15789E-6 2.83735E-6 5.61595E-6 1.96143E-6 7.56024E-7 2.18831E-6 9.23745E-7 1.49495E-6 1.7293E-6 1.54852E-6 2.70202E-7 1.95852E-7 1.9929E-7 3.89375E-7 3.42175E-7 4.08233E-7 3.56161E-7 6.40741E-7 5.03122E-7 9.14185E-7 6.45706E-7 8.56834E-7 6.86499E-7 1.25801E-6 9.16529E-7 6.861E-7 1.84199E-6 1.95416E-6 1.87232E-6 2.53613E-6
7.4536E-7 9.22932E-7 2.43948E-7 8.43099E-7 9.33969E-7 5.52338E-7 6.57181E-7 6.26186E-7 7.92125E-7 5.47926E-7 3.26124E-7 3.58836E-7 5.18802E-7 3.08668E-6 3.03331E-6 1.76976E-6 5.41741E-7 1.43941E-6 4.02465E-6 2.45353E-6 6.89976E-7 5.95332E-7 6.50131E-7 5.86139E-7 9.02042E-7 1.08514E-6 1.25254E-6 1.62791E-6 1.69556E-6 1.04878E-6 1.17297E-6 6.30036E-7 7.75655E-7 6.89481E-7 7.22353E-7 8.88333E-7 9.64945E-7 1.2451E-6 1.64036E-6 2.18259E-6 1.48981E-6 1.56929E-6 1.26288E-6 3.91564E-6 1.32222E-6 1.6811E-6 4.78042E-7 2.87638E-7 3.80309E-7 3.91144E-7 2.63793E-7 6.20095E-7 7.03403E-7 4.27857E-7 4.64486E-7 1.12381E-6 8.81205E-7 6.69952E-7 3.50363E-7 9.94609E-8 4.50848E-7 7.25453E-7 4.69143E-7 7.8036E-7 5.49187E-7 4.38586E-7
8.31605E-7 8.75621E-7 9.14672E-7 1.03995E-6 4.42974E-7 6.12431E-7 4.41914E-7 4.90369E-7 1.53513E-6 5.72712E-7 4.00233E-7 2.73781E-7 9.11321E-7 2.38244E-6 1.32052E-6 1.14575E-6 1.2459E-6 4.29198E-6 3.96037E-6 3.635E-6 8.44224E-7 7.78898E-7 7.28584E-7 8.95103E-7 6.87489E-7 9.03481E-7 9.87102E-7 2.80083E-6 1.60583E-6 9.82586E-7 9.26583E-7 7.08843E-7 2.04239E-6 7.44603E-7 7.37663E-7 5.81793E-7 1.77684E-6 1.70827E-6 1.79523E-6 3.46379E-6 9.95716E-7 1.07829E-6 7.05953E-7 1.90484E-6 3.60452E-6 1.65709E-6 8.15949E-7 1.02857E-7 3.73732E-7 3.89447E-7 2.50458E-7 5.78766E-7 2.99985E-7 3.28864E-7 5.42099E-7 5.42367E-7 9.40842E-7 7.58891E-7 6.35296E-7 1.31459E-7 2.22188E-7 2.86652E-7 2.05115E-7 5.57208E-7 7.29292E-7 6.91077E-7
1.7042E-7 4.32003E-7 4.5378E-7 2.18103E-7 3.62489E-7 3.65648E-7 3.86842E-7 4.04186E-7 6.6077E-7 1.16963E-6 2.00023E-6 1.46296E-6 2.83446E-6 2.25999E-6 1.52533E-6 1.2002E-6 8.61718E-7 1.03831E-6 9.66918E-7 7.45857E-7 1.02207E-6 1.92745E-6 2.70492E-6 2.45742E-6 7.48441E-7 7.29296E-7 8.89746E-7 1.19659E-6 1.57814E-6 1.59809E-6 1.01853E-6 1.06993E-6 1.79883E-6 1.72868E-6 1.05768E-6 1.27877E-6 1.6303E-6 2.05521E-6 1.6113E-6 1.04672E-6 8.25526E-7 1.90958E-6 1.86587E-6 1.5317E-6 3.49041E-6 7.32188E-7 3.08213E-7 1.2649E-7 2.52774E-7 3.76363E-7 3.6734E-7 5.60252E-7 5.01434E-7 3.60163E-7 1.0718E-6 9.00582E-7 8.75267E-7 6.66642E-7 8.08348E-7 6.22518E-7 2.55589E-7 8.79426E-7 3.37278E-7 7.23609E-7 5.29512E-7 1.86295E-6
1.93723E-7 2.63871E-7 2.10393E-7 4.09993E-7 4.78218E-7 5.51896E-7 1.24894E-6 8.55145E-7 1.19397E-6 1.42638E-6 1.25626E-6 2.57092E-6 1.2294E-6 1.63333E-6 4.89106E-6 6.8226E-7 1.01307E-6 3.66358E-6 8.55205E-7 1.01029E-6 2.99536E-6 2.87185E-6 3.72805E-6 3.60205E-6 8.54716E-7 9.93439E-7 1.18741E-6 8.97171E-7 1.84895E-6 1.74502E-6 2.06521E-6 3.27934E-6 1.46851E-6 3.27796E-6 1.19326E-6 9.33048E-7 1.22247E-6 1.49341E-6 1.53828E-6 6.57724E-7 1.17041E-6 3.80445E-6 3.6983E-6 4.17417E-6 6.06704E-7 1.47846E-7 2.00421E-7 1.31646E-7 4.71696E-7 6.5711E-7 2.33455E-7 2.93927E-7 6.85807E-7 4.1064E-7 7.00787E-7 7.93334E-7 9.97121E-7 6.3902E-7 5.4675E-7 5.7346E-7 4.21893E-7 4.26878E-7 6.03E-7 1.89596E-6 1.7001E-6 9.64699E-7
3.82881E-7 3.48374E-7 2.76113E-7 4.10286E-7 3.32457E-7 3.78094E-7 4.94006E-7 3.65355E-7 3.76275E-7 1.67887E-6 3.85948E-6 3.04428E-6 5.58764E-7 1.09445E-6 3.23409E-6 1.25349E-6 1.10897E-6 1.75904E-6 9.57476E-7 1.56924E-6 2.72316E-6 2.9989E-6 4.48433E-6 4.14787E-6 1.00823E-6 1.1637E-6 1.24571E-6 1.41116E-6 1.44017E-6 1.30135E-6 5.33926E-6 3.33653E-6 3.06297E-6 2.74975E-6 3.57455E-6 4.65388E-6 6.97111E-6 4.83053E-6 2.35773E-6 1.12819E-6 1.20271E-6 3.71717E-6 3.90007E-6 1.61376E-6 4.56951E-7 3.0482E-7 3.60779E-7 5.78256E-7 4.61702E-7 4.19072E-7 2.34871E-7 9.83388E-8 4.06873E-7 5.05527E-7 7.09492E-7 6.61374E-7 7.28567E-7 4.51022E-7 4.53486E-7 1.35725E-7 4.35476E-7 3.354E-7 3.55349E-7 3.11895E-6 1.18774E-6 1.16219E-6
5.44603E-7 3.33041E-7 3.90849E-7 5.99537E-7 6.58218E-7 4.97952E-7 5.33896E-7 5.82342E-7 1.28792E-6 4.609E-6 4.45952E-6 2.79814E-6 9.92481E-7 4.39755E-7 1.68569E-6 5.38938E-6 1.65479E-6 1.40929E-6 1.0269E-6 3.17021E-6 4.14984E-6 3.49573E-6 2.90639E-6 1.01828E-6 7.85992E-7 1.3652E-6 1.48669E-6 1.66821E-6 2.1392E-6 3.09578E-6 1.78806E-6 2.17209E-6 6.26649E-6 1.73036E-6 7.33012E-6 9.08083E-6 8.24114E-6 6.76478E-6 7.78205E-7 1.16781E-6 3.42193E-6 3.95858E-6 6.87154E-6 6.4938E-6 5.03986E-7 5.44834E-7 5.90548E-7 5.59777E-7 4.56343E-7 3.90198E-7 3.058E-7 6.80759E-8 1.73886E-7 5.80284E-7 7.25317E-7 1.12868E-6 8.10165E-7 5.28318E-7 2.713E-7 1.94444E-7 4.12132E-7 3.16426E-7 4.63537E-7 3.69325E-7 1.45447E-6 1.07045E-6
2.46967E-7 3.36324E-7 4.21336E-7 5.39018E-7 6.09713E-7 8.18892E-7 7.01596E-7 1.43943E-6 3.79206E-6 2.25868E-6 2.23342E-6 5.45572E-6 6.27103E-6 2.38532E-6 3.01526E-6 3.06605E-6 2.93932E-6 1.68167E-6 1.00361E-6 1.08636E-6 6.55142E-7 6.80664E-7 7.3543E-7 6.87304E-7 1.69986E-6 8.93922E-7 1.74002E-6 1.05037E-6 1.40207E-6 1.96411E-6 1.58167E-6 1.93959E-6 2.22967E-6 2.78765E-6 1.55324E-6 2.55688E-6 3.21672E-6 7.75326E-6 1.61344E-6 1.23867E-6 3.81348E-6 5.95478E-6 9.53185E-6 3.06636E-6 9.99644E-7 4.20964E-7 5.72298E-7 6.68966E-7 6.93277E-7 4.56274E-7 3.9176E-7 1.87864E-7 3.19229E-7 5.72345E-7 6.08956E-7 1.22762E-6 1.0935E-6 4.34269E-7 7.38799E-7 5.64468E-7 3.63914E-7 5.7082E-7 1.93093E-6 5.03594E-6 2.27936E-6 1.39171E-6
3.75688E-7 4.49385E-7 5.78068E-7 7.52673E-7 1.9531E-6 1.10825E-6 5.86655E-6 1.84731E-5 4.5617E-6 2.27055E-6 5.15504E-6 3.21158E-6 2.92387E-6 2.40695E-6 2.19502E-6 1.37649E-6 2.09794E-6 3.55858E-6 1.34327E-6 1.81409E-6 6.90211E-7 7.80598E-7 9.83631E-7 5.89178E-6 2.33044E-6 8.47931E-7 7.21316E-7 5.1838E-7 1.49338E-6 1.23889E-6 6.9271E-7 7.56605E-7 1.46923E-6 2.82315E-6 3.08089E-6 2.07298E-6 3.21374E-6 2.59458E-6 9.00627E-7 1.04694E-6 1.5893E-6 5.6401E-6 7.57737E-6 4.01617E-6 2.00681E-6 1.57484E-6 7.46852E-7 1.14726E-6 1.27207E-6 7.52002E-7 7.74021E-7 7.78368E-7 5.57485E-7 6.70564E-7 1.04566E-6 9.02292E-7 1.35063E-6 1.07707E-6 1.07346E-6 1.77145E-6 1.98974E-6 1.3305E-6 1.06464E-6 3.50131E-6 1.66806E-6 2.38362E-6
6.7613E-7 5.86731E-7 1.36724E-6 2.96494E-6 1.49763E-6 1.6908E-6 5.86994E-6 1.07308E-5 9.47146E-6 4.41402E-6 6.11694E-6 5.53817E-6 4.06307E-6 2.13571E-6 1.02286E-6 1.28516E-6 1.76853E-6 3.62739E-6 3.71971E-6 4.80562E-6 5.21593E-6 5.04918E-6 7.11462E-6 1.90081E-5 6.57725E-6 2.33287E-6 1.11752E-6 1.12169E-6 1.27516E-6 1.09826E-6 7.76252E-7 7.27323E-7 8.97383E-7 2.58236E-6 6.84086E-6 5.3349E-6 5.55223E-6 1.56547E-6 9.98372E-7 1.13128E-6 9.31981E-7 1.90563E-6 1.36931E-6 2.1714E-6 1.21222E-6 9.74366E-7 1.75565E-6 1.16422E-6 1.13804E-6 6.53686E-7 7.25479E-7 8.29025E-7 6.48524E-7 7.05101E-7 8.28562E-7 1.13703E-6 1.43165E-6 1.67659E-6 7.25581E-7 1.36486E-6 1.98189E-6 1.65082E-6 1.63678E-6 2.47097E-6 2.14453E-6 2.67841E-6
1.17557E-6 9.24248E-7 2.00342E-6 2.4239E-6 4.47415E-6 5.5873E-6 5.96939E-6 4.39327E-6 1.13481E-5 1.04343E-5 1.28293E-5 9.7128E-6 1.62788E-6 1.31798E-6 9.47317E-7 1.83552E-6 1.64472E-6 4.13083E-6 4.24962E-6 4.16719E-6 5.48491E-6 3.72743E-6 7.40285E-6 7.09623E-6 2.41464E-6 1.35823E-6 1.13465E-6 1.44409E-6 1.53448E-6 1.04755E-6 9.84021E-7 1.51944E-6 2.61839E-6 1.2399E-6 1.92906E-6 6.42904E-6 4.84501E-6 1.38199E-6 5.47616E-7 1.33283E-6 1.26844E-6 1.70667E-6 9.73092E-7 1.18726E-6 3.08205E-6 1.34655E-6 1.62052E-6 1.26561E-6 7.41753E-7 8.04594E-7 7.34659E-7 9.8354E-7 9.67369E-7 1.40558E-6 9.4029E-7 9.38744E-7 9.44882E-7 1.02355E-6 5.24432E-7 5.15584E-7 6.05107E-7 7.17361E-7 3.60372E-6 3.14296E-6 4.1819E-6 3.59024E-6
1.70612E-6 4.75571E-6 4.9154E-6 3.02362E-6 6.49376E-6 4.36251E-6 3.89714E-6 5.64474E-6 1.31471E-5 1.24439E-5 1.61432E-5 1.36919E-5 2.49088E-6 9.55182E-7 1.20812E-6 2.31803E-6 7.23087E-6 3.32423E-6 2.93311E-6 1.08455E-5 3.33006E-6 2.6525E-6 2.24132E-6 4.20795E-6 3.01547E-6 2.62562E-6 1.64485E-6 1.9211E-6 9.13272E-7 8.02642E-7 9.47682E-7 3.60234E-6 1.04356E-6 1.07773E-6 1.09064E-6 3.28658E-6 3.13652E-6 2.21975E-6 1.28977E-6 1.37861E-6 3.50869E-6 2.04159E-6 2.67086E-6 1.26979E-6 2.38222E-6 2.41509E-6 1.45638E-6 1.10113E-6 1.28866E-6 1.64144E-6 1.00164E-6 5.91829E-7 8.90052E-7 1.06682E-6 1.0712E-6 1.89588E-6 4.51309E-7 6.66832E-7 7.13875E-7 5.11708E-7 7.48513E-7 1.67297E-6 1.23667E-5 5.35535E-6 4.07205E-6 3.73968E-6
2.79832E-5 2.60582E-5 3.70975E-6 3.80733E-6 6.40866E-6 9.16415E-7 2.21343E-6 6.47967E-6 3.52173E-6 1.38816E-5 1.18028E-5 2.3631E-5 4.4833E-6 3.00042E-6 3.86634E-6 4.11947E-6 4.14595E-6 2.32906E-6 3.11244E-6 5.81604E-6 2.80806E-6 2.0013E-6 2.09119E-6 4.02936E-6 1.8875E-6 2.34405E-6 1.58948E-6 1.97579E-6 1.77292E-6 1.99077E-6 2.4782E-6 1.29437E-6 3.18286E-6 2.02822E-6 1.17475E-6 2.51644E-6 3.4467E-6 1.81555E-6 1.80994E-6 1.96279E-6 1.59924E-6 3.00767E-6 2.083E-6 1.23108E-6 1.7281E-6 1.60841E-6 1.36904E-6 1.29626E-6 1.45286E-6 1.57499E-6 9.42411E-7 6.52351E-7 1.01735E-6 1.03374E-6 1.44115E-6 2.1999E-6 5.58145E-7 4.7126E-7 6.17874E-7 5.92654E-7 5.36411E-7 9.2205E-7 4.88138E-6 4.16621E-6 4.46185E-6 1.75622E-6
6.04059E-5 6.37394E-6 2.18978E-6 2.72334E-6 3.54662E-6 4.98058E-7 3.67125E-6 1.9818E-6 4.52224E-6 4.26112E-6 9.78233E-6 7.51657E-6 6.04937E-6 2.46446E-6 2.96664E-6 4.57029E-6 4.12831E-6 4.36855E-6 2.83038E-6 1.32729E-5 3.91783E-6 2.39376E-6 2.83306E-6 3.0018E-6 3.1763E-6 3.65641E-6 4.73911E-6 1.9269E-6 1.86018E-6 1.80004E-6 2.5671E-6 1.9175E-6 -9999 2.70482E-6 1.72608E-6 7.49409E-7 1.62642E-6 9.98166E-7 1.39057E-6 1.86207E-6 2.39056E-6 1.74442E-6 1.4743E-6 1.14666E-6 1.24785E-6 1.25278E-6 1.09749E-6 1.15397E-6 1.00195E-6 2.18348E-6 8.7317E-7 6.94451E-7 7.66459E-7 1.04658E-6 1.77534E-6 1.83345E-6 1.69637E-6 7.16365E-7 1.00821E-6 6.27336E-7 4.25899E-7 6.19845E-7 3.84816E-6 2.20564E-6 2.92447E-6 1.6939E-6
2.41526E-6 3.76056E-6 5.43799E-6 5.78945E-6 2.98287E-6 1.04439E-6 1.19327E-5 2.1176E-6 4.13316E-6 4.34852E-6 5.44107E-6 7.99318E-6 3.5409E-6 2.69139E-6 2.37162E-6 2.7964E-6 2.53909E-6 7.83623E-7 3.01238E-6 4.68422E-6 5.14599E-6 2.89678E-6 2.83406E-6 6.11012E-6 9.02501E-6 1.97268E-5 1.9428E-5 1.06542E-5 2.04503E-6 2.36017E-6 3.08203E-6 3.35687E-6 3.98614E-6 1.51508E-6 1.33119E-6 1.15144E-6 1.57608E-6 9.15759E-7 1.02685E-6 8.04095E-7 1.76706E-6 1.10873E-6 3.7963E-7 2.80423E-7 6.99818E-7 7.41605E-7 7.40464E-7 5.86018E-7 1.08647E-6 1.10643E-6 1.6255E-6 1.47879E-6 1.04666E-6 1.78044E-6 1.82495E-6 1.84905E-6 3.03015E-6 5.8098E-6 9.31118E-6 1.47642E-6 1.17349E-6 1.33252E-6 2.65071E-6 4.28741E-6 3.51553E-6 8.36983E-7
1.26488E-6 3.01015E-6 4.85456E-6 7.3985E-6 2.26458E-6 1.30121E-6 7.44295E-6 2.26528E-6 2.46292E-6 3.03083E-6 3.13997E-6 3.2348E-6 4.48985E-6 3.37087E-6 3.25708E-6 1.06568E-6 6.43248E-7 7.72314E-7 2.34908E-6 2.01042E-5 1.46759E-5 2.599E-6 3.4923E-6 5.66488E-6 8.84783E-6 2.04844E-5 1.95286E-5 1.17168E-5 1.81791E-6 1.58598E-6 2.63462E-6 3.06148E-6 2.65305E-6 2.31971E-6 1.12204E-6 8.0763E-7 9.20311E-7 9.6957E-7 8.21138E-7 1.56254E-6 9.16117E-7 1.15172E-6 2.85328E-7 2.13248E-7 1.51064E-7 4.34911E-7 2.18805E-7 9.75093E-7 5.06538E-7 6.84585E-7 1.03631E-6 2.17769E-6 1.7937E-6 2.30999E-6 2.37662E-6 1.43777E-6 1.38997E-6 1.62638E-6 1.35707E-6 7.80603E-7 1.6736E-6 1.49102E-6 1.7511E-6 3.5155E-6 4.8299E-6 2.77309E-6
1.16936E-6 2.46649E-6 4.1104E-6 2.34969E-6 2.32468E-6 1.11446E-6 7.18441E-6 2.88026E-6 5.23102E-6 3.98464E-6 4.61769E-6 4.58404E-6 3.56764E-6 3.37026E-6 3.68296E-6 2.08889E-6 4.28899E-7 8.20666E-7 5.32363E-6 1.83343E-5 6.56836E-6 1.69124E-6 1.79921E-6 8.79053E-6 5.65682E-6 2.11301E-5 1.84307E-5 5.0416E-6 3.28865E-6 2.44942E-6 3.5928E-6 3.63285E-6 2.01849E-6 1.8739E-6 1.3405E-6 9.23119E-7 9.16148E-7 1.08458E-6 1.55323E-6 1.25599E-6 1.15006E-6 1.15627E-6 7.98863E-7 4.67774E-7 3.24728E-7 4.71995E-7 4.79489E-7 6.72612E-7 5.83031E-7 5.929E-7 8.67432E-7 1.48993E-6 4.72138E-7 2.03748E-6 2.04937E-6 1.21536E-6 8.90391E-7 9.26338E-7 1.13987E-6 7.19576E-7 8.62655E-7 5.56309E-7 1.24857E-6 9.19076E-7 1.62046E-6 1.4429E-6
3.99044E-6 4.27745E-6 2.94659E-6 3.08741E-6 4.43787E-6 3.53651E-6 1.22189E-5 3.44433E-6 7.23409E-6 7.02874E-6 2.87829E-6 3.69449E-6 1.07873E-6 1.69938E-6 2.93509E-6 2.91575E-6 2.42402E-6 4.23053E-6 8.12795E-7 2.30713E-6 6.85337E-6 2.5632E-6 1.90936E-6 3.28322E-6 4.96029E-6 1.10098E-5 1.76397E-5 4.14513E-6 7.18881E-6 3.1207E-6 2.54875E-6 2.23594E-6 3.94473E-6 2.38378E-6 1.06524E-6 1.59575E-6 6.21489E-7 1.45736E-6 1.87814E-6 1.2652E-6 7.68715E-7 8.20324E-7 7.86553E-7 4.92588E-7 1.11957E-6 1.05042E-6 7.50257E-7 2.91683E-6 2.80493E-6 2.38385E-6 6.86618E-7 9.95662E-7 5.14674E-7 7.91622E-7 8.30931E-7 9.50423E-7 7.39359E-7 1.21276E-6 8.1533E-7 5.08946E-7 3.86712E-7 1.17713E-6 9.6797E-7 4.93112E-7 1.60865E-7 1.69223E-6
