catData/rasterBestHybridModels/Pviverrinus/RD_RM1.5_autofeature/Pviverrinus_median.asc
ncols         409
nrows         350
xllcorner     60.897278365
yllcorner     5.843756025
cellsize      0.0892857
NODATA_value  -9999
[rows 87 to 115 of 350, columns 132 to 197 of 409]
5.56177E-7 1.46949E-6 1.71887E-6 1.57774E-6 1.31113E-6 3.97023E-7 4.18961E-7 4.17788E-7 4.71462E-7 1.23349E-6 1.14467E-6 4.72877E-7 4.36815E-7 4.56134E-7 5.07418E-7 6.15665E-7 5.80556E-7 6.26113E-7 2.23712E-6 7.19794E-7 8.04019E-7 9.6706E-7 1.33274E-6 1.10059E-6 1.23475E-6 2.5365E-6 5.80874E-6 6.32982E-6 7.08724E-6 6.69056E-6 6.47987E-6 6.89196E-6 9.68635E-6 1.14926E-5 1.22315E-5 1.29103E-5 1.28211E-5 7.07087E-6 7.33863E-6 8.63064E-6 1.67571E-5 1.43753E-5 1.63344E-5 1.37262E-5 1.05451E-5 1.12216E-5 1.24575E-5 1.521E-5 1.58253E-5 3.32609E-5 4.74108E-5 6.59491E-5 6.21884E-5 7.36231E-5 6.57265E-5 8.15504E-5 1.03534E-4 1.27125E-4 1.14084E-4 9.77158E-5 9.25307E-5 9.45386E-5 1.20945E-4 1.63151E-4 1.7551E-4 1.62318E-4
1.65785E-6 1.67704E-6 1.82703E-6 1.91068E-6 4.15445E-7 3.41319E-7 3.71503E-7 3.61889E-7 4.80061E-7 1.06254E-6 4.19629E-7 3.81716E-7 4.06112E-7 4.46908E-7 4.53882E-7 4.65288E-7 3.8509E-7 4.43037E-7 5.35429E-7 5.51252E-7 6.46594E-7 6.28769E-7 6.2662E-7 1.08089E-6 1.2533E-6 1.51423E-6 1.92815E-6 3.09628E-6 2.84995E-6 2.92588E-6 5.36555E-6 7.3985E-6 9.61285E-6 1.0987E-5 1.19296E-5 1.16494E-5 1.06647E-5 7.32365E-6 8.02265E-6 8.26703E-6 1.27762E-5 1.1003E-5 8.85466E-6 1.32564E-5 1.66909E-5 2.02067E-5 1.90687E-5 1.31066E-5 1.42535E-5 3.34282E-5 5.5659E-5 5.98422E-5 6.59054E-5 6.76505E-5 6.76587E-5 9.13521E-5 1.11628E-4 1.02927E-4 1.16392E-4 8.99911E-5 1.223E-4 7.79743E-5 1.07376E-4 1.19558E-4 1.33907E-4 1.59097E-4
1.14573E-6 1.1581E-6 8.23898E-7 5.308E-7 3.72533E-7 3.20893E-7 3.09335E-7 3.79282E-7 6.29066E-7 1.06605E-6 5.32713E-7 3.69565E-7 3.9136E-7 4.29906E-7 3.85242E-7 4.05392E-7 3.20377E-7 3.59018E-7 3.81477E-7 4.79658E-7 5.29569E-7 5.11476E-7 8.50123E-7 1.01658E-6 1.14455E-6 1.24737E-6 1.78363E-6 2.39229E-6 2.64798E-6 2.72355E-6 7.71928E-6 8.49602E-6 9.34798E-6 1.09005E-5 1.22133E-5 1.29085E-5 1.31471E-5 1.12633E-5 1.20257E-5 1.25572E-5 7.90304E-6 8.06725E-6 1.39919E-5 1.70364E-5 1.8086E-5 1.68335E-5 1.17558E-5 1.89031E-5 1.69861E-5 3.01352E-5 4.62018E-5 5.27955E-5 5.24562E-5 6.09888E-5 8.13095E-5 7.1027E-5 6.82304E-5 8.4691E-5 1.05737E-4 8.38737E-5 9.34384E-5 7.23119E-5 7.65879E-5 1.05065E-4 1.0865E-4 1.27234E-4
1.14608E-6 1.0873E-6 8.96607E-7 3.76884E-7 3.39201E-7 3.43782E-7 3.32478E-7 2.97679E-7 4.77598E-7 7.5834E-7 3.1748E-7 2.56929E-7 3.73928E-7 3.79836E-7 3.47672E-7 3.27452E-7 3.24051E-7 3.50841E-7 4.10931E-7 4.54947E-7 4.8518E-7 6.39499E-7 1.0408E-6 1.17163E-6 1.0958E-6 1.48453E-6 1.83012E-6 2.04529E-6 2.18649E-6 2.39436E-6 3.26033E-6 7.85856E-6 8.88169E-6 1.00298E-5 1.10492E-5 1.17219E-5 1.13701E-5 1.08173E-5 7.27341E-6 1.23334E-5 7.67209E-6 1.33878E-5 1.38211E-5 1.67936E-5 1.80114E-5 1.93833E-5 2.20127E-5 1.80141E-5 2.36944E-5 2.68517E-5 3.09179E-5 3.62829E-5 4.4804E-5 6.26115E-5 9.25317E-5 6.70551E-5 5.67324E-5 5.96197E-5 7.58468E-5 7.29511E-5 8.04838E-5 6.89918E-5 7.60881E-5 9.14778E-5 1.12759E-4 1.35598E-4
5.28501E-7 4.3508E-7 4.03361E-7 4.24061E-7 4.16224E-7 3.87115E-7 1.37119E-7 1.25799E-7 1.34119E-7 1.55999E-7 1.79863E-7 1.90617E-7 2.33301E-7 2.32538E-7 2.26698E-7 2.29542E-7 3.036E-7 3.63831E-7 3.93368E-7 5.63351E-7 7.53548E-7 8.32294E-7 9.13172E-7 9.80308E-7 9.13194E-7 1.42845E-6 1.46509E-6 1.9085E-6 2.05959E-6 2.09523E-6 2.40365E-6 2.60059E-6 3.20576E-6 8.72226E-6 9.87577E-6 1.04796E-5 1.12029E-5 1.21295E-5 1.2076E-5 1.27323E-5 9.85584E-6 1.55646E-5 1.47104E-5 1.77492E-5 1.84526E-5 1.94653E-5 1.97399E-5 1.95835E-5 1.89774E-5 2.31925E-5 2.76362E-5 3.28211E-5 3.64009E-5 5.53372E-5 7.72958E-5 6.76952E-5 8.16847E-5 6.27923E-5 6.75654E-5 6.87501E-5 9.98921E-5 6.52404E-5 6.15933E-5 7.69799E-5 9.36456E-5 9.75318E-5
3.92942E-7 4.06583E-7 4.19114E-7 3.66618E-7 3.422E-7 2.18436E-7 6.78173E-8 1.3195E-7 1.55276E-7 1.67984E-7 1.91609E-7 1.93723E-7 1.96859E-7 2.08873E-7 2.21448E-7 2.37872E-7 3.16507E-7 3.79043E-7 4.22019E-7 4.48927E-7 7.02571E-7 7.5019E-7 7.1871E-7 8.44517E-7 8.12261E-7 8.76485E-7 1.03342E-6 1.202E-6 1.90469E-6 2.05809E-6 2.20359E-6 2.37179E-6 2.75324E-6 3.47111E-6 6.82531E-6 7.34685E-6 8.79169E-6 1.16807E-5 1.26796E-5 1.21962E-5 1.16166E-5 1.55159E-5 1.49772E-5 1.78929E-5 1.83529E-5 1.89732E-5 1.8823E-5 1.81566E-5 2.10285E-5 2.22076E-5 2.73192E-5 3.54892E-5 3.60444E-5 4.59866E-5 5.0507E-5 4.95261E-5 5.76948E-5 6.59469E-5 6.26638E-5 7.35896E-5 7.37383E-5 5.98039E-5 5.50103E-5 5.90666E-5 8.75852E-5 8.70607E-5
1.42859E-7 1.48282E-7 2.01904E-7 2.39601E-7 1.4534E-7 1.26378E-7 1.4319E-7 1.50233E-7 1.66276E-7 1.89065E-7 1.96538E-7 1.96158E-7 2.01931E-7 2.13986E-7 2.26348E-7 2.4216E-7 2.79503E-7 4.40995E-7 4.72217E-7 4.67437E-7 5.06087E-7 5.52518E-7 5.86089E-7 6.94765E-7 8.04492E-7 8.72808E-7 9.46403E-7 1.05716E-6 1.74687E-6 2.1271E-6 2.26257E-6 2.5063E-6 2.77012E-6 3.67433E-6 6.42158E-6 7.14482E-6 9.36034E-6 1.06037E-5 1.16393E-5 1.22827E-5 1.19863E-5 1.30447E-5 1.49183E-5 1.68256E-5 1.72229E-5 1.90829E-5 1.87216E-5 1.8503E-5 4.00617E-5 5.02977E-5 8.58985E-5 8.17401E-5 5.02298E-5 5.58921E-5 6.77109E-5 5.19133E-5 5.16867E-5 5.28039E-5 5.9626E-5 7.03266E-5 7.13381E-5 8.14159E-5 5.42989E-5 4.71024E-5 6.11957E-5 8.17756E-5
1.12114E-7 1.05845E-7 1.0662E-7 1.1184E-7 1.27804E-7 1.3782E-7 1.43627E-7 1.54811E-7 1.86454E-7 1.95474E-7 1.96992E-7 2.03329E-7 2.15199E-7 2.26739E-7 2.27733E-7 2.57756E-7 3.73546E-7 4.31438E-7 4.69413E-7 4.96254E-7 5.29842E-7 5.67338E-7 6.00722E-7 7.09467E-7 7.92912E-7 8.56275E-7 9.60353E-7 1.05801E-6 1.69696E-6 2.14539E-6 2.39463E-6 2.67028E-6 3.26897E-6 4.40896E-6 5.11999E-6 7.08069E-6 1.03938E-5 1.0551E-5 1.07908E-5 1.13159E-5 1.19616E-5 1.2884E-5 1.45194E-5 1.55836E-5 1.61583E-5 1.74458E-5 1.83194E-5 1.97009E-5 5.59004E-5 7.26904E-5 8.8985E-5 8.30296E-5 5.75868E-5 5.14498E-5 4.67191E-5 4.74166E-5 4.85312E-5 4.48895E-5 5.29594E-5 5.95786E-5 5.12946E-5 7.25926E-5 4.66155E-5 4.41493E-5 5.25001E-5 6.98276E-5
1.10643E-7 1.18438E-7 1.21765E-7 1.37288E-7 1.42958E-7 1.44481E-7 1.4641E-7 1.58706E-7 1.90203E-7 1.97012E-7 2.05076E-7 2.08765E-7 2.214E-7 2.35635E-7 2.44448E-7 2.73272E-7 4.17098E-7 4.6148E-7 5.04311E-7 5.36208E-7 5.7417E-7 6.11758E-7 6.48317E-7 7.27583E-7 1.06358E-6 1.15059E-6 1.2585E-6 1.10061E-6 1.46951E-6 2.24343E-6 2.43562E-6 2.5741E-6 2.94431E-6 4.56703E-6 5.00591E-6 1.0145E-5 1.08169E-5 1.13175E-5 1.13307E-5 1.12512E-5 1.17855E-5 1.27815E-5 1.36497E-5 1.40535E-5 1.45029E-5 1.48425E-5 1.87815E-5 2.80983E-5 2.73547E-5 5.30368E-5 7.29243E-5 8.2651E-5 2.92473E-5 3.25451E-5 3.21333E-5 3.64218E-5 4.36168E-5 5.11188E-5 5.17843E-5 5.04238E-5 6.02945E-5 6.42903E-5 4.62172E-5 4.22197E-5 4.14528E-5 5.53944E-5
1.06541E-7 1.15791E-7 1.26651E-7 1.38749E-7 1.51333E-7 1.53865E-7 1.55287E-7 1.61501E-7 1.78469E-7 2.0899E-7 2.15834E-7 2.11447E-7 2.20033E-7 2.33476E-7 2.50017E-7 2.93076E-7 4.50907E-7 4.96498E-7 5.55678E-7 6.13635E-7 7.24116E-7 6.75524E-7 7.26414E-7 1.22819E-6 2.22888E-6 2.35633E-6 1.77016E-6 2.12398E-6 1.33321E-6 2.41365E-6 2.41968E-6 2.49512E-6 3.90523E-6 9.82617E-6 5.60822E-6 6.59385E-6 1.17308E-5 1.18038E-5 1.08188E-5 1.11766E-5 1.18341E-5 1.22749E-5 1.28698E-5 1.29192E-5 1.34488E-5 1.49011E-5 1.61779E-5 1.66516E-5 2.10392E-5 2.38476E-5 5.35788E-5 5.15018E-5 3.99981E-5 2.21946E-5 2.40094E-5 2.73594E-5 3.46573E-5 4.24704E-5 4.18035E-5 4.21476E-5 4.82527E-5 5.29545E-5 5.85289E-5 4.37237E-5 4.21923E-5 3.99765E-5
1.03069E-7 1.13692E-7 1.31717E-7 1.39815E-7 1.49997E-7 1.54206E-7 1.55637E-7 1.49554E-7 1.73593E-7 2.27259E-7 2.96072E-7 3.05785E-7 2.43405E-7 2.35771E-7 2.56744E-7 3.59452E-7 4.86214E-7 5.40447E-7 6.11989E-7 6.59311E-7 6.8578E-7 7.27178E-7 7.96274E-7 1.48499E-6 2.43128E-6 2.54051E-6 2.71876E-6 3.38833E-6 4.80227E-6 6.25897E-6 2.75528E-6 2.95273E-6 8.84059E-6 1.00998E-5 1.01248E-5 8.02159E-6 1.18473E-5 1.18877E-5 1.10686E-5 1.18027E-5 1.14586E-5 9.95414E-6 1.11763E-5 1.23215E-5 1.33709E-5 1.47404E-5 1.57637E-5 1.75162E-5 1.81163E-5 1.90764E-5 2.66296E-5 3.97577E-5 2.60797E-5 2.81769E-5 2.1291E-5 2.24377E-5 3.00216E-5 3.81163E-5 3.87525E-5 3.96594E-5 4.26245E-5 4.45506E-5 6.08722E-5 4.15051E-5 3.58061E-5 3.77822E-5
1.20638E-7 1.42321E-7 1.40055E-7 1.42946E-7 1.47043E-7 1.50607E-7 1.50182E-7 1.51595E-7 2.82814E-7 2.09502E-6 2.23274E-6 2.34361E-6 3.63842E-7 2.72749E-7 3.21834E-7 3.78907E-7 4.36397E-7 5.37042E-7 6.02879E-7 6.62791E-7 7.02157E-7 7.81927E-7 9.79442E-7 2.42137E-6 2.53427E-6 2.54916E-6 2.86773E-6 4.86122E-6 7.41295E-6 8.04352E-6 8.44241E-6 8.88545E-6 9.83684E-6 1.03258E-5 1.02299E-5 1.03143E-5 1.10029E-5 1.16029E-5 1.17748E-5 1.14081E-5 9.54358E-6 1.2995E-5 1.02039E-5 1.28985E-5 1.24719E-5 1.2461E-5 1.45295E-5 1.82158E-5 1.77241E-5 1.63286E-5 1.91747E-5 1.90502E-5 2.22126E-5 2.27211E-5 2.01835E-5 2.40891E-5 2.41749E-5 2.85852E-5 3.43482E-5 3.64284E-5 3.63078E-5 4.07767E-5 5.13533E-5 4.41046E-5 3.38357E-5 3.6068E-5
1.36515E-7 1.43184E-7 1.4271E-7 1.44766E-7 1.50188E-7 1.51957E-7 1.54677E-7 1.63321E-7 1.67189E-6 2.14023E-6 2.34422E-6 1.52926E-6 3.19777E-7 3.31118E-7 3.54652E-7 4.02253E-7 4.86473E-7 5.22718E-7 5.4996E-7 9.33817E-7 1.04596E-6 1.45148E-6 2.17223E-6 2.41916E-6 2.60406E-6 3.64658E-6 5.1277E-6 7.54757E-6 8.32358E-6 8.39825E-6 8.79877E-6 8.42415E-6 9.9286E-6 1.05206E-5 9.78462E-6 9.71985E-6 1.05571E-5 1.10259E-5 1.14706E-5 1.18105E-5 8.31389E-6 1.37296E-5 1.28547E-5 1.5124E-5 1.30057E-5 1.3698E-5 1.67303E-5 1.50378E-5 1.55221E-5 1.42393E-5 1.46335E-5 1.67124E-5 1.92444E-5 2.36555E-5 2.00956E-5 2.13958E-5 2.26385E-5 2.52929E-5 2.76188E-5 3.16937E-5 3.05458E-5 3.32492E-5 4.1922E-5 4.78127E-5 3.87992E-5 3.04185E-5
1.51007E-7 1.45888E-7 1.52759E-7 1.52022E-7 1.52945E-7 1.5488E-7 1.57422E-7 9.88144E-7 2.06717E-6 2.2234E-6 1.76709E-6 3.54044E-7 3.32061E-7 3.50762E-7 3.78545E-7 4.30945E-7 5.04144E-7 5.59925E-7 6.16003E-7 1.30105E-6 2.01846E-6 2.12556E-6 2.28055E-6 2.63743E-6 5.03308E-6 6.66879E-6 7.26397E-6 7.8552E-6 8.3193E-6 8.87661E-6 9.12531E-6 1.0038E-5 1.05839E-5 1.02927E-5 9.03016E-6 9.18918E-6 1.00271E-5 1.14237E-5 1.22142E-5 1.27753E-5 1.31944E-5 1.36395E-5 1.30854E-5 1.28233E-5 1.35467E-5 1.16371E-5 1.48592E-5 8.08149E-6 1.33186E-5 1.29984E-5 1.50929E-5 1.6104E-5 1.82805E-5 1.9052E-5 1.81398E-5 1.95083E-5 2.04382E-5 1.98621E-5 1.93239E-5 2.67664E-5 2.6547E-5 3.01459E-5 3.24231E-5 3.58078E-5 4.30117E-5 3.37204E-5
1.51977E-7 1.57573E-7 1.76926E-7 1.8594E-7 1.81415E-7 4.78443E-7 2.2226E-6 2.48274E-6 2.33179E-6 2.41622E-6 2.64344E-6 4.86103E-7 4.48124E-7 4.36102E-7 4.29857E-7 4.84882E-7 5.36993E-7 5.93879E-7 9.58098E-7 1.98827E-6 2.08827E-6 2.21594E-6 2.3936E-6 2.98699E-6 6.59641E-6 6.88263E-6 7.64886E-6 8.20483E-6 7.91382E-6 9.44054E-6 9.43616E-6 1.01133E-5 1.03909E-5 1.28363E-5 3.7927E-6 1.18197E-5 1.06023E-5 1.14876E-5 1.21779E-5 1.41994E-5 1.33709E-5 1.39173E-5 1.31254E-5 1.41787E-5 1.30386E-5 1.22549E-5 1.47413E-5 3.58371E-6 1.29098E-5 1.28771E-5 1.3771E-5 1.56922E-5 1.66817E-5 1.68976E-5 1.62798E-5 1.71624E-5 1.78596E-5 1.85737E-5 1.63498E-5 2.05441E-5 2.48327E-5 2.93116E-5 2.88374E-5 2.64536E-5 2.77927E-5 3.58408E-5
1.66152E-7 1.8344E-7 2.17791E-7 2.38023E-7 2.35195E-7 1.86673E-6 2.29782E-6 2.41386E-6 2.59904E-6 2.7918E-6 3.00976E-6 6.27196E-7 6.01796E-7 5.2923E-7 5.28411E-7 5.78529E-7 6.01408E-7 6.37166E-7 1.16132E-6 1.6203E-6 1.85842E-6 2.19587E-6 2.57759E-6 2.98287E-6 5.92281E-6 6.05854E-6 6.43441E-6 6.94362E-6 9.78744E-6 1.14666E-5 1.17945E-5 9.6826E-6 1.00014E-5 1.4097E-5 3.56628E-6 3.4328E-6 1.13553E-5 1.12805E-5 1.2642E-5 1.34074E-5 1.3646E-5 1.39529E-5 1.38972E-5 1.39314E-5 1.37707E-5 1.20686E-5 1.52008E-5 1.42259E-5 1.21694E-5 1.24187E-5 1.41669E-5 1.41578E-5 1.4631E-5 1.53241E-5 1.53358E-5 1.58782E-5 1.64943E-5 1.6474E-5 1.52413E-5 2.15061E-5 2.51587E-5 3.15457E-5 2.61089E-5 2.09245E-5 2.13069E-5 2.19606E-5
2.0206E-7 2.23353E-7 2.57333E-7 2.77338E-7 3.11038E-7 2.84219E-6 2.75688E-6 2.37743E-6 1.0945E-6 1.23518E-6 5.43991E-7 5.68048E-7 6.67308E-7 5.54587E-7 5.73447E-7 6.3797E-7 6.84595E-7 7.76366E-7 1.51751E-6 1.62665E-6 1.69607E-6 1.835E-6 2.05862E-6 4.09885E-6 4.37418E-6 4.68723E-6 5.8496E-6 7.68712E-6 9.93297E-6 1.27788E-5 1.33264E-5 1.24424E-5 8.38638E-6 1.19846E-5 8.25941E-6 1.40839E-5 8.71043E-6 1.30826E-5 1.27515E-5 1.51939E-5 1.42024E-5 1.40941E-5 1.47389E-5 1.55226E-5 1.46816E-5 1.53001E-5 1.55825E-5 7.34805E-6 1.21828E-5 1.20407E-5 1.4037E-5 1.41287E-5 1.38736E-5 1.58328E-5 1.40738E-5 1.51405E-5 1.58747E-5 1.51067E-5 1.47373E-5 2.10974E-5 2.40407E-5 2.75191E-5 2.97637E-5 2.38979E-5 1.83249E-5 1.72879E-5
2.40739E-7 2.68198E-7 2.81145E-7 3.1035E-7 4.13473E-7 4.86963E-7 4.68656E-7 4.65785E-7 4.91366E-7 5.16248E-7 5.10025E-7 5.34059E-7 6.17273E-7 6.7597E-7 6.87741E-7 1.0609E-6 7.54337E-7 8.92632E-7 1.55243E-6 1.64048E-6 1.7097E-6 1.86185E-6 2.02272E-6 2.96162E-6 5.87023E-6 6.58098E-6 8.0484E-6 1.16335E-5 1.26595E-5 1.37505E-5 1.47447E-5 4.04774E-6 5.17954E-6 1.25131E-5 1.31174E-5 5.10583E-6 1.08932E-5 1.39676E-5 1.39103E-5 1.42932E-5 1.38931E-5 1.45873E-5 1.69247E-5 1.70363E-5 4.68521E-6 4.15446E-6 1.52748E-5 1.37528E-5 1.24062E-5 1.26104E-5 1.24945E-5 1.28172E-5 1.37757E-5 1.39503E-5 1.42116E-5 1.57421E-5 1.63181E-5 1.51777E-5 1.34138E-5 1.79468E-5 2.29717E-5 2.47991E-5 2.42854E-5 2.29398E-5 1.87153E-5 1.90775E-5
2.6037E-7 2.80219E-7 3.03452E-7 3.19176E-7 4.63288E-7 5.32156E-7 5.33147E-7 5.37736E-7 5.30658E-7 5.25564E-7 5.31618E-7 5.69662E-7 6.15667E-7 1.18037E-6 1.37923E-6 1.57118E-6 1.45807E-6 1.67372E-6 1.73336E-6 1.92806E-6 1.87175E-6 2.24723E-6 2.44258E-6 6.04871E-6 7.00435E-6 9.19065E-6 1.10828E-5 1.2321E-5 1.36377E-5 1.17058E-5 1.41298E-5 3.89413E-6 1.3432E-5 1.28188E-5 1.09417E-5 1.39396E-5 4.61728E-6 1.57609E-5 1.46335E-5 1.50968E-5 1.62472E-5 1.81759E-5 6.05093E-6 1.09015E-5 4.68943E-6 1.60754E-5 1.41195E-5 1.2927E-5 1.23422E-5 1.29725E-5 1.26151E-5 1.31587E-5 1.29388E-5 1.32514E-5 1.3523E-5 1.4721E-5 1.35466E-5 1.29041E-5 1.30434E-5 1.37778E-5 1.77537E-5 1.92138E-5 1.90435E-5 1.7073E-5 1.57697E-5 1.81181E-5
2.3999E-7 2.87824E-7 2.88339E-7 2.99364E-7 4.45019E-7 5.59876E-7 5.9723E-7 6.00077E-7 5.83083E-7 5.65454E-7 5.78452E-7 5.92015E-7 6.29635E-7 1.10917E-6 1.33546E-6 1.52368E-6 1.66698E-6 1.75383E-6 2.09416E-6 1.99625E-6 2.13616E-6 2.52036E-6 2.96733E-6 6.01672E-6 8.74337E-6 1.11552E-5 1.18991E-5 8.45177E-6 1.46835E-5 1.20935E-5 4.67882E-6 4.85476E-6 1.45025E-5 1.53231E-5 1.83311E-5 1.24626E-5 1.7353E-5 1.58576E-5 1.55699E-5 1.70679E-5 1.79788E-5 6.60293E-6 8.567E-6 8.74268E-6 1.68701E-5 1.40905E-5 1.31116E-5 1.43789E-5 1.36156E-5 1.30323E-5 1.28483E-5 1.2319E-5 1.33316E-5 1.3468E-5 1.38743E-5 1.44353E-5 1.29933E-5 1.28675E-5 1.28336E-5 1.46457E-5 1.80123E-5 1.48595E-5 1.59301E-5 1.5389E-5 1.52859E-5 1.5478E-5
3.12562E-7 3.0532E-7 2.82758E-7 3.02363E-7 5.47888E-7 5.72158E-7 5.94158E-7 5.90657E-7 5.90174E-7 7.28595E-7 7.78538E-7 7.34109E-7 7.2865E-7 9.07345E-7 1.01577E-6 1.04287E-6 1.53396E-6 1.83171E-6 1.91251E-6 1.99014E-6 2.41927E-6 2.635E-6 3.55535E-6 7.75483E-6 1.05472E-5 1.17294E-5 1.26998E-5 1.3982E-5 8.56135E-6 1.23627E-5 1.38781E-5 1.47252E-5 1.62298E-5 1.70869E-5 1.843E-5 1.71465E-5 5.12641E-6 4.67925E-6 1.10409E-5 6.0531E-6 1.01824E-5 6.06736E-6 5.22378E-6 9.71777E-6 1.50774E-5 1.35057E-5 1.35697E-5 1.42144E-5 1.72261E-5 1.29415E-5 1.23025E-5 1.17232E-5 1.29829E-5 1.42752E-5 1.31015E-5 1.30688E-5 1.53014E-5 1.50225E-5 1.50695E-5 1.32264E-5 1.54807E-5 1.41534E-5 1.402E-5 1.55419E-5 1.56705E-5 1.49456E-5
3.56558E-7 3.91615E-7 3.96628E-7 3.73958E-7 5.05642E-7 6.52294E-7 5.98178E-7 6.33938E-7 6.0014E-7 1.0694E-6 1.11308E-6 9.17347E-7 7.8107E-7 8.17984E-7 8.88802E-7 9.37957E-7 1.01194E-6 1.80339E-6 1.74461E-6 2.26371E-6 2.74966E-6 3.32406E-6 3.77716E-6 4.78823E-6 7.81027E-6 9.88105E-6 1.1401E-5 9.01374E-6 7.00943E-6 1.10249E-5 1.31368E-5 1.48546E-5 1.65762E-5 1.78477E-5 1.98456E-5 1.94853E-5 1.84101E-5 1.22813E-5 5.81903E-6 7.97795E-6 1.15775E-5 7.81023E-6 9.32233E-6 1.75582E-5 1.61117E-5 1.39204E-5 1.39471E-5 1.36565E-5 1.33897E-5 1.26364E-5 1.1775E-5 1.15696E-5 1.21484E-5 1.32585E-5 1.40721E-5 1.41525E-5 1.41615E-5 1.46174E-5 1.51047E-5 1.52794E-5 1.52016E-5 1.38496E-5 1.36874E-5 1.41633E-5 1.48784E-5 1.48558E-5
4.10853E-7 4.32186E-7 4.48828E-7 4.73042E-7 5.02216E-7 6.22416E-7 6.31218E-7 6.28993E-7 7.67407E-7 1.17228E-6 1.18323E-6 1.18208E-6 1.07198E-6 8.33268E-7 8.90357E-7 9.31611E-7 9.0879E-7 1.01558E-6 1.86644E-6 2.37257E-6 2.91551E-6 3.57742E-6 2.88991E-6 4.68647E-6 7.15981E-6 8.68073E-6 9.80792E-6 5.84358E-6 1.01292E-5 1.00505E-5 1.27465E-5 1.48426E-5 1.67782E-5 1.92218E-5 2.17551E-5 2.20857E-5 1.99775E-5 2.20428E-5 1.22642E-5 4.61931E-6 6.96694E-6 7.86836E-6 9.89492E-6 2.07725E-5 1.40609E-5 1.353E-5 1.38247E-5 1.3089E-5 1.27367E-5 1.24432E-5 1.1553E-5 1.14558E-5 1.12372E-5 1.20566E-5 1.29164E-5 1.39663E-5 1.47966E-5 1.56861E-5 1.5476E-5 1.62656E-5 1.65689E-5 1.6436E-5 1.45994E-5 1.58416E-5 1.77424E-5 1.50219E-5
4.75691E-7 4.81853E-7 4.91257E-7 5.08837E-7 6.23696E-7 7.44747E-7 7.34063E-7 7.57374E-7 8.04468E-7 1.22287E-6 1.23129E-6 1.19197E-6 1.10145E-6 8.69827E-7 9.07019E-7 8.47931E-7 8.39414E-7 9.0617E-7 1.50094E-6 2.53342E-6 2.91594E-6 3.74507E-6 4.43298E-6 5.41506E-6 7.51598E-6 8.65539E-6 9.76967E-6 9.99452E-6 9.04251E-6 9.50729E-6 1.11351E-5 1.32795E-5 1.61228E-5 1.86492E-5 2.20876E-5 2.17865E-5 1.89286E-5 1.73873E-5 5.69389E-6 4.00935E-6 5.4012E-6 8.11462E-6 2.21134E-5 5.66581E-6 7.76052E-6 1.37372E-5 1.2675E-5 1.27538E-5 1.27114E-5 1.28283E-5 1.24314E-5 1.13996E-5 1.12139E-5 1.2066E-5 1.30843E-5 1.35223E-5 1.4117E-5 1.42727E-5 2.74716E-5 4.02993E-5 1.79236E-5 1.78569E-5 1.80875E-5 1.85893E-5 1.49213E-5 1.44319E-5
5.42736E-7 5.68634E-7 5.68445E-7 5.68793E-7 6.35718E-7 7.8549E-7 7.91565E-7 8.17657E-7 9.68E-7 1.33619E-6 1.3824E-6 1.2302E-6 1.24428E-6 1.35691E-6 1.05743E-6 8.7943E-7 9.33342E-7 1.02868E-6 1.70038E-6 3.13974E-6 3.39658E-6 3.86099E-6 4.45921E-6 5.70657E-6 6.83378E-6 8.36587E-6 9.04411E-6 8.4582E-6 8.31221E-6 8.9316E-6 1.04089E-5 1.31709E-5 1.62027E-5 1.83984E-5 2.12019E-5 2.19302E-5 6.42E-6 4.5957E-6 4.59921E-6 3.22412E-6 5.50332E-6 5.90785E-6 6.7584E-6 1.43141E-5 1.40569E-5 1.27841E-5 1.1967E-5 1.22892E-5 1.23115E-5 1.24809E-5 1.19271E-5 1.16627E-5 1.15099E-5 1.20676E-5 1.2945E-5 1.32042E-5 1.43468E-5 1.56729E-5 3.07693E-5 3.16713E-5 3.0809E-5 2.84959E-5 1.80322E-5 2.12394E-5 2.01454E-5 1.53714E-5
6.55806E-7 7.06368E-7 7.44103E-7 7.74992E-7 7.99656E-7 8.62914E-7 8.80071E-7 8.88194E-7 9.49E-7 1.48234E-6 1.50442E-6 1.33687E-6 1.37425E-6 1.41235E-6 1.36406E-6 1.30098E-6 1.20208E-6 1.42142E-6 2.19317E-6 3.52549E-6 3.69286E-6 3.83578E-6 4.65012E-6 6.43202E-6 6.84187E-6 7.61613E-6 7.69564E-6 7.47684E-6 8.35315E-6 9.32114E-6 1.08238E-5 1.40277E-5 2.55393E-5 2.29461E-5 2.06202E-5 1.17709E-5 1.53618E-5 5.65752E-6 1.42653E-5 3.40154E-6 5.43529E-6 5.69504E-6 8.50642E-6 8.38117E-6 1.26951E-5 1.31689E-5 1.20762E-5 1.1649E-5 1.20913E-5 1.17235E-5 1.19126E-5 1.1349E-5 1.12625E-5 1.1521E-5 1.15725E-5 1.27507E-5 1.4518E-5 1.55269E-5 2.25122E-5 2.3579E-5 1.86026E-5 1.55324E-5 1.69325E-5 1.76688E-5 2.06868E-5 1.42362E-5
8.86219E-7 8.979E-7 8.81886E-7 8.75267E-7 8.82649E-7 9.34289E-7 9.40304E-7 8.84449E-7 9.57259E-7 1.41807E-6 1.44157E-6 1.38684E-6 1.65574E-6 9.1738E-7 1.43933E-6 1.29429E-6 1.38536E-6 1.42339E-6 2.17923E-6 3.39227E-6 3.6003E-6 1.22469E-6 1.68191E-6 7.89152E-6 5.75108E-6 6.46476E-6 7.4462E-6 8.0884E-6 8.00993E-6 8.29902E-6 9.69876E-6 2.25676E-5 5.33713E-5 5.82552E-5 6.09427E-5 3.79975E-5 1.73583E-5 2.52238E-6 1.33471E-5 4.4712E-6 1.39842E-5 1.45807E-5 1.47112E-5 1.51591E-5 1.42088E-5 1.30849E-5 1.19506E-5 1.11063E-5 1.10078E-5 1.36361E-5 1.46166E-5 1.1853E-5 1.17706E-5 1.22452E-5 1.14604E-5 1.14713E-5 1.26267E-5 1.4219E-5 1.53002E-5 1.57293E-5 1.54823E-5 1.49547E-5 1.52074E-5 1.51739E-5 1.55499E-5 1.68017E-5
9.54878E-7 9.59055E-7 9.44609E-7 9.21573E-7 9.18669E-7 9.20216E-7 9.1105E-7 1.13482E-6 1.34784E-6 1.53903E-6 1.47675E-6 1.60788E-6 1.98102E-6 1.94977E-6 1.58845E-6 1.23556E-6 1.27482E-6 1.29552E-6 1.33901E-6 6.14792E-7 1.04793E-6 1.3016E-6 1.67398E-6 7.49039E-6 3.79373E-6 5.35049E-6 7.92455E-6 8.49919E-6 8.48927E-6 8.65708E-6 6.81262E-6 1.22888E-5 2.04942E-5 2.41781E-5 2.45616E-5 1.33871E-5 7.86913E-6 1.6573E-5 1.63906E-5 1.4786E-5 4.89343E-6 4.74272E-6 7.12548E-6 5.82079E-6 7.64762E-6 1.36795E-5 5.90017E-6 1.01623E-5 1.05253E-5 1.10322E-5 1.17208E-5 1.2472E-5 1.25594E-5 1.16965E-5 1.14532E-5 1.13126E-5 1.27507E-5 1.411E-5 1.42548E-5 1.45246E-5 1.41115E-5 1.50078E-5 1.40374E-5 1.42858E-5 1.46096E-5 1.60267E-5
9.54398E-7 1.02472E-6 1.01268E-6 9.60769E-7 9.59213E-7 9.36573E-7 9.75629E-7 1.37303E-6 1.7542E-6 1.8273E-6 1.79703E-6 1.75359E-6 1.7977E-6 1.78955E-6 1.72177E-6 1.40335E-6 1.2015E-6 1.28885E-6 2.99779E-7 3.52908E-7 9.36116E-7 1.47518E-6 2.20365E-6 1.557E-6 1.10524E-6 3.04196E-6 2.78493E-6 6.89347E-6 7.32428E-6 3.31428E-6 2.76225E-6 3.16104E-6 1.28164E-6 4.41126E-6 4.95516E-6 5.67597E-6 1.44322E-5 4.5939E-6 5.56699E-6 1.40746E-5 1.46235E-5 5.49746E-6 5.51436E-6 8.9205E-6 1.21912E-5 1.0597E-5 5.16947E-6 1.02804E-5 1.08997E-5 1.15965E-5 1.24153E-5 1.32524E-5 1.16164E-5 1.0581E-5 7.79057E-6 8.58585E-6 1.17908E-5 1.30482E-5 1.36493E-5 1.36793E-5 1.38519E-5 1.29709E-5 1.46597E-5 1.43115E-5 1.43046E-5 1.39886E-5
