catData/rasterBestHybridModels/Pviverrinus/RD_RM1.5_autofeature/Pviverrinus_stddev.asc
ncols         409
nrows         350
xllcorner     60.897278365
yllcorner     5.843756025
cellsize      0.0892857
NODATA_value  -9999
[rows 116 to 144 of 350, columns 264 to 329 of 409]
8.68863E-5 8.64845E-5 9.37583E-5 7.01806E-5 5.54075E-5 6.93846E-5 5.313E-5 5.97923E-5 8.36978E-5 4.29471E-5 5.11788E-5 6.54457E-5 7.80588E-5 7.35127E-5 3.86186E-5 6.54776E-5 5.63774E-5 2.49514E-5 2.20441E-5 3.44103E-5 1.91424E-5 4.49255E-5 2.77545E-5 3.41751E-5 3.35821E-5 4.83523E-5 4.44583E-5 3.02797E-5 4.33241E-5 4.81256E-5 4.76366E-5 4.54736E-5 6.39558E-5 6.46539E-5 6.47439E-5 6.95549E-5 6.55439E-5 3.69212E-5 3.96825E-5 5.85172E-5 5.30137E-5 4.78925E-5 7.79784E-5 5.54887E-5 6.22766E-5 8.36212E-5 9.65019E-5 7.05792E-5 7.48131E-5 8.67347E-5 6.53093E-5 9.11348E-5 9.2569E-5 7.32754E-5 7.42218E-5 7.29729E-5 6.7671E-5 5.2961E-5 4.66855E-5 5.1953E-5 7.09288E-5 5.21165E-5 4.82025E-5 5.94141E-5 5.4506E-5 6.71898E-5
5.75505E-5 6.39298E-5 8.06893E-5 9.13592E-5 8.42389E-5 8.24436E-5 6.58775E-5 7.12748E-5 5.9155E-5 5.11785E-5 5.3137E-5 5.84256E-5 5.74161E-5 6.97697E-5 3.8897E-5 3.3333E-5 4.28123E-5 3.47823E-5 3.26465E-5 4.76724E-5 1.91819E-5 4.49164E-5 3.10771E-5 5.58754E-5 4.0762E-5 3.30713E-5 3.26872E-5 3.192E-5 5.03754E-5 5.08611E-5 4.13378E-5 7.59089E-5 5.78433E-5 4.49265E-5 7.15128E-5 7.54277E-5 6.45129E-5 6.98327E-5 6.46478E-5 7.34208E-5 6.27215E-5 5.99845E-5 6.71622E-5 4.87145E-5 4.77767E-5 7.20257E-5 9.70619E-5 9.7459E-5 5.02366E-5 6.36956E-5 8.96376E-5 7.35893E-5 7.61716E-5 9.59766E-5 7.86676E-5 7.45226E-5 7.91314E-5 7.67646E-5 5.12866E-5 7.09794E-5 5.35076E-5 5.90218E-5 5.55434E-5 6.64078E-5 6.55282E-5 7.51766E-5
6.89691E-5 7.04623E-5 5.6826E-5 5.12872E-5 4.49482E-5 5.66192E-5 6.61871E-5 3.74385E-5 4.03192E-5 4.19822E-5 4.53153E-5 5.2967E-5 5.43305E-5 5.7251E-5 4.40285E-5 4.72354E-5 3.98182E-5 3.81133E-5 5.11177E-5 2.76108E-5 3.19905E-5 4.26673E-5 3.49917E-5 5.19606E-5 4.77367E-5 3.14727E-5 3.91192E-5 4.03978E-5 4.7804E-5 5.09539E-5 2.47601E-5 3.88323E-5 5.14139E-5 5.01787E-5 5.81086E-5 7.09034E-5 6.99581E-5 8.31806E-5 6.90649E-5 7.07569E-5 4.26899E-5 4.29218E-5 7.89993E-5 4.87214E-5 4.72932E-5 5.49111E-5 7.13507E-5 6.20747E-5 6.66572E-5 5.19468E-5 8.64206E-5 7.66318E-5 8.06477E-5 8.8175E-5 9.20625E-5 9.62292E-5 6.75195E-5 7.34818E-5 6.5291E-5 6.91154E-5 6.89171E-5 7.06087E-5 6.9841E-5 7.38586E-5 6.77354E-5 7.72293E-5
7.30237E-5 7.91073E-5 6.22014E-5 5.95802E-5 3.89079E-5 4.97097E-5 3.81768E-5 3.69796E-5 3.63632E-5 4.9968E-5 4.71777E-5 5.68132E-5 6.32028E-5 4.86792E-5 3.38102E-5 3.97413E-5 4.83468E-5 4.51389E-5 4.51442E-5 4.14813E-5 5.27712E-5 1.84316E-5 5.04302E-5 7.17016E-5 6.16875E-5 4.84912E-5 3.87674E-5 4.28843E-5 2.77757E-5 3.59875E-5 3.74226E-5 5.58072E-5 4.63206E-5 5.38565E-5 6.90989E-5 7.67898E-5 8.81078E-5 8.37057E-5 5.5286E-5 5.29588E-5 5.89471E-5 4.4279E-5 4.03877E-5 7.53709E-5 4.83449E-5 6.31025E-5 4.98845E-5 5.25455E-5 3.12524E-5 4.98147E-5 7.20033E-5 8.91166E-5 8.38827E-5 8.58331E-5 4.69729E-5 6.39129E-5 7.83263E-5 8.0222E-5 7.71807E-5 6.62974E-5 7.02788E-5 6.90339E-5 6.91839E-5 6.82697E-5 6.55992E-5 6.84157E-5
5.81748E-5 6.92059E-5 5.05201E-5 6.19307E-5 5.21716E-5 6.09711E-5 4.48853E-5 3.88424E-5 4.34723E-5 4.96124E-5 6.63668E-5 4.52685E-5 3.94751E-5 4.26843E-5 4.00011E-5 4.61689E-5 4.77888E-5 4.35568E-5 3.48504E-5 4.74561E-5 4.63578E-5 1.91755E-5 5.1463E-5 4.63164E-5 4.11284E-5 4.1399E-5 5.44114E-5 6.76879E-5 5.8665E-5 7.72372E-5 6.21001E-5 5.04822E-5 3.85901E-5 4.14082E-5 4.50161E-5 8.60585E-5 8.69529E-5 8.70943E-5 8.60075E-5 8.56679E-5 5.5786E-5 3.94375E-5 4.9898E-5 4.54477E-5 6.27356E-5 6.00165E-5 4.66859E-5 4.78007E-5 5.05879E-5 2.72895E-5 6.68194E-5 7.25927E-5 5.61273E-5 7.81926E-5 7.93245E-5 5.73219E-5 8.19135E-5 7.98165E-5 7.75955E-5 7.42798E-5 7.24962E-5 4.8787E-5 5.45336E-5 8.06942E-5 6.85649E-5 5.20568E-5
4.02653E-5 5.33546E-5 5.50938E-5 4.52781E-5 7.42471E-5 5.16386E-5 5.69863E-5 3.53783E-5 3.64903E-5 3.83077E-5 4.24804E-5 3.60544E-5 4.50451E-5 3.73934E-5 4.11737E-5 5.34077E-5 4.31468E-5 8.32132E-5 7.52332E-5 6.62787E-5 6.19813E-5 4.65485E-5 4.55911E-5 4.9013E-5 4.07959E-5 4.59909E-5 2.28399E-5 7.07189E-5 5.74015E-5 6.35791E-5 7.06177E-5 5.86003E-5 4.80944E-5 3.43989E-5 6.41433E-5 7.72235E-5 8.46018E-5 8.09939E-5 8.52402E-5 8.68339E-5 6.44889E-5 4.09261E-5 4.30257E-5 5.81909E-5 6.14503E-5 4.57071E-5 4.01991E-5 5.63942E-5 7.03079E-5 6.80567E-5 3.99408E-5 5.05958E-5 7.34732E-5 8.10169E-5 7.73119E-5 8.0465E-5 7.94077E-5 8.46327E-5 8.27749E-5 7.70068E-5 5.80318E-5 5.10407E-5 5.17338E-5 6.12811E-5 6.61991E-5 6.45452E-5
4.09375E-5 6.45794E-5 5.69006E-5 4.68584E-5 7.0708E-5 6.91132E-5 4.09236E-5 4.81785E-5 4.88145E-5 7.89061E-5 6.11128E-5 3.35524E-5 3.9484E-5 4.54798E-5 4.46262E-5 6.33687E-5 7.85689E-5 5.70475E-5 6.2142E-5 6.13328E-5 4.32315E-5 4.01247E-5 6.05338E-5 3.93435E-5 5.25263E-5 4.83738E-5 5.81859E-5 6.1564E-5 7.17442E-5 8.60454E-5 5.23739E-5 7.90244E-5 6.18676E-5 6.59175E-5 4.97951E-5 4.73887E-5 5.20726E-5 4.9806E-5 5.31896E-5 4.44746E-5 5.16201E-5 4.79191E-5 6.75182E-5 4.95087E-5 7.42151E-5 6.18815E-5 4.14742E-5 6.96254E-5 7.50333E-5 7.15846E-5 4.56612E-5 6.87561E-5 8.05457E-5 5.81952E-5 7.75617E-5 7.50921E-5 6.14982E-5 7.90059E-5 8.2901E-5 9.73415E-5 7.15605E-5 4.98482E-5 4.81706E-5 7.6274E-5 7.13725E-5 8.43414E-5
4.50088E-5 4.39494E-5 5.69749E-5 5.51791E-5 6.17637E-5 5.12611E-5 5.7499E-5 4.27767E-5 3.83296E-5 4.59465E-5 8.97847E-5 9.78458E-5 4.08896E-5 5.1771E-5 5.28843E-5 4.72672E-5 5.50155E-5 4.10342E-5 3.42465E-5 3.49111E-5 4.71073E-5 5.13343E-5 5.89605E-5 5.10476E-5 3.36064E-5 3.56307E-5 4.18249E-5 3.07914E-5 5.4195E-5 5.43823E-5 3.61609E-5 7.97708E-5 4.90725E-5 5.44974E-5 8.13706E-5 6.34109E-5 7.53353E-5 5.69962E-5 4.40874E-5 6.62586E-5 6.11495E-5 5.27169E-5 8.21083E-5 6.6617E-5 5.25557E-5 5.78297E-5 4.14687E-5 4.25816E-5 5.236E-5 4.51942E-5 6.48205E-5 6.74718E-5 6.98312E-5 6.84847E-5 7.05915E-5 7.30631E-5 7.04587E-5 7.15178E-5 7.71065E-5 9.75659E-5 1.00726E-4 8.62409E-5 9.46681E-5 9.66559E-5 5.77747E-5 5.02615E-5
3.8507E-5 4.22624E-5 3.07648E-5 3.414E-5 3.30228E-5 5.31486E-5 6.74698E-5 4.04795E-5 3.67248E-5 4.65639E-5 5.19562E-5 7.83338E-5 3.60375E-5 4.71417E-5 4.42718E-5 3.86099E-5 4.44579E-5 4.22085E-5 4.05693E-5 3.48981E-5 4.61585E-5 6.55032E-5 4.99594E-5 4.06896E-5 4.9355E-5 4.84032E-5 2.97726E-5 4.13441E-5 5.06248E-5 2.69822E-5 3.34866E-5 6.27909E-5 5.03526E-5 4.85315E-5 5.06292E-5 7.7426E-5 6.51495E-5 5.58793E-5 5.53869E-5 2.95419E-5 4.17931E-5 5.27771E-5 3.919E-5 5.27805E-5 6.42577E-5 5.39368E-5 6.13562E-5 4.67756E-5 5.64414E-5 7.25279E-5 4.30479E-5 5.39918E-5 6.18516E-5 5.23601E-5 4.55134E-5 5.83424E-5 8.09161E-5 7.39232E-5 8.22943E-5 9.26946E-5 1.05658E-4 9.75064E-5 5.18739E-5 7.62415E-5 5.52748E-5 6.32123E-5
3.20191E-5 3.31011E-5 2.35795E-5 2.75596E-5 3.60986E-5 2.80144E-5 3.34395E-5 6.23982E-5 6.53453E-5 4.18316E-5 4.14645E-5 4.50859E-5 4.35692E-5 4.60641E-5 3.60725E-5 3.92095E-5 4.44207E-5 4.97885E-5 4.82172E-5 4.31104E-5 5.22875E-5 6.32983E-5 5.30711E-5 4.72045E-5 3.99286E-5 3.70286E-5 6.11219E-5 5.63276E-5 6.1203E-5 6.95403E-5 8.02451E-5 7.38957E-5 4.05407E-5 3.63152E-5 8.26731E-5 5.73486E-5 6.08055E-5 5.57893E-5 4.08958E-5 4.26524E-5 4.74559E-5 4.31253E-5 5.09151E-5 3.82579E-5 3.26265E-5 4.36823E-5 6.30928E-5 4.55689E-5 6.09124E-5 5.03052E-5 4.53557E-5 4.98379E-5 5.17356E-5 5.54331E-5 5.28131E-5 5.80742E-5 7.00653E-5 8.51686E-5 8.43609E-5 1.07163E-4 1.29207E-4 6.84356E-5 7.58722E-5 3.76576E-5 1.41196E-5 2.14269E-5
2.44815E-5 2.57158E-5 2.12409E-5 3.18116E-5 2.26682E-5 3.57768E-5 2.48977E-5 4.87819E-5 4.39624E-5 5.35125E-5 4.53977E-5 5.31893E-5 4.60166E-5 4.69069E-5 4.77158E-5 4.7187E-5 5.74169E-5 3.90693E-5 5.23374E-5 5.60615E-5 6.54424E-5 5.46605E-5 6.73332E-5 5.37623E-5 4.09584E-5 4.26679E-5 3.94551E-5 3.78626E-5 6.18903E-5 6.65111E-5 5.36493E-5 4.44998E-5 3.13892E-5 4.70909E-5 7.91907E-5 3.20251E-5 5.36143E-5 3.89178E-5 2.68698E-5 5.33594E-5 4.87575E-5 3.82846E-5 3.90163E-5 3.78817E-5 4.49191E-5 3.6758E-5 8.0131E-5 5.68189E-5 4.31468E-5 7.09515E-5 9.74254E-5 8.38539E-5 3.44439E-5 6.91937E-5 6.25399E-5 7.1395E-5 9.21944E-5 9.22098E-5 8.41425E-5 1.15742E-4 7.88706E-5 4.98587E-5 6.41589E-5 1.92473E-5 1.14551E-5 9.39109E-6
1.74115E-5 1.89338E-5 2.58157E-5 3.61501E-5 3.12336E-5 3.39858E-5 3.53604E-5 3.04689E-5 4.42579E-5 4.83172E-5 4.19929E-5 4.15723E-5 6.22426E-5 5.82261E-5 4.46128E-5 5.20224E-5 4.53817E-5 5.52108E-5 5.71774E-5 9.02677E-5 4.73332E-5 5.34856E-5 4.94417E-5 4.3929E-5 3.49658E-5 5.54524E-5 5.64891E-5 4.40713E-5 2.09428E-5 5.06089E-5 4.8377E-5 4.49721E-5 3.8273E-5 4.9316E-5 7.71065E-5 4.25481E-5 3.64749E-5 3.92228E-5 6.78082E-5 5.8748E-5 6.21751E-5 5.51619E-5 3.42571E-5 3.85994E-5 5.48829E-5 6.75368E-5 6.37682E-5 5.06417E-5 3.64353E-5 6.29422E-5 6.38774E-5 9.68807E-5 1.36156E-4 1.3634E-4 4.4622E-5 1.21475E-4 7.90912E-5 8.73365E-5 9.73538E-5 1.30191E-4 6.22059E-5 5.38062E-5 6.39872E-5 5.058E-5 1.7556E-5 6.58485E-6
9.99044E-6 1.36742E-5 1.34918E-5 1.47496E-5 1.60045E-5 1.82917E-5 3.27758E-5 6.29591E-5 5.02857E-5 3.04946E-5 2.45646E-5 3.6566E-5 3.45797E-5 3.97874E-5 3.75381E-5 3.66641E-5 3.11798E-5 3.1154E-5 3.98483E-5 4.13743E-5 3.93741E-5 3.45914E-5 5.64262E-5 6.6461E-5 2.96618E-5 4.57001E-5 4.25526E-5 4.86946E-5 4.80779E-5 6.58146E-5 6.076E-5 5.29237E-5 5.60992E-5 5.44128E-5 6.20976E-5 6.44037E-5 7.11797E-5 6.44057E-5 7.06888E-5 6.73014E-5 5.87088E-5 2.30457E-5 1.9868E-5 4.99575E-5 3.37002E-5 5.46325E-5 5.51912E-5 8.2821E-5 4.97892E-5 4.23735E-5 6.27284E-5 8.13399E-5 1.01851E-4 9.62846E-5 1.07897E-4 9.45155E-5 7.59724E-5 9.37703E-5 1.04694E-4 1.06547E-4 1.17197E-4 5.44685E-5 5.39132E-5 4.01502E-5 1.27198E-5 8.90603E-6
1.02598E-5 1.14225E-5 1.73395E-5 1.52296E-5 1.3336E-5 8.33986E-6 1.75585E-5 4.23849E-5 7.29851E-5 2.11795E-5 2.12863E-5 2.21278E-5 2.87034E-5 3.4036E-5 2.40773E-5 3.87039E-5 3.61007E-5 2.44319E-5 2.40157E-5 4.15136E-5 4.52133E-5 3.28126E-5 7.48489E-5 6.90899E-5 5.7049E-5 5.37963E-5 2.37223E-5 2.73894E-5 3.6763E-5 3.34668E-5 3.94105E-5 5.81134E-5 5.2884E-5 5.24301E-5 7.54345E-5 1.28897E-4 8.26703E-5 8.53181E-5 7.93889E-5 9.29388E-5 6.35267E-5 7.15698E-5 7.185E-5 1.02409E-4 8.58296E-5 7.55289E-5 9.56566E-5 9.59947E-5 6.04753E-5 7.34269E-5 5.68049E-5 7.98408E-5 1.12025E-4 9.284E-5 1.22502E-4 1.36584E-4 1.24988E-4 7.75217E-5 1.47973E-4 7.86988E-5 7.15897E-5 3.87304E-5 5.95959E-5 3.40692E-5 1.24568E-5 5.55497E-6
9.09625E-6 5.13664E-6 1.04371E-5 1.18923E-5 6.59865E-6 1.37349E-5 1.29439E-5 1.66654E-5 1.5483E-5 1.49027E-5 1.78398E-5 1.60659E-5 2.0056E-5 1.51438E-5 1.32287E-5 1.89869E-5 2.37922E-5 3.35531E-5 3.5906E-5 3.13259E-5 3.43532E-5 4.24759E-5 4.45734E-5 6.39057E-5 5.6058E-5 5.36262E-5 4.85343E-5 4.45379E-5 4.60878E-5 5.65468E-5 6.09041E-5 6.74243E-5 8.62E-5 8.30424E-5 6.21966E-5 5.90304E-5 4.7851E-5 4.88797E-5 7.71542E-5 1.33289E-4 7.37071E-5 7.48783E-5 8.70035E-5 2.75216E-5 9.40312E-5 9.90452E-5 3.4441E-5 3.14527E-5 6.66552E-5 7.74399E-5 7.36809E-5 9.83198E-5 9.46502E-5 1.08181E-4 1.07874E-4 1.50637E-4 4.79112E-5 1.31879E-4 1.61005E-4 1.20596E-4 2.5535E-5 1.7381E-5 1.91927E-5 1.37836E-5 1.59415E-5 3.2339E-6
4.67688E-6 4.80086E-6 1.10003E-5 1.01454E-5 1.03137E-5 1.09118E-5 1.1246E-5 1.37847E-5 1.27105E-5 1.26637E-5 1.25964E-5 1.30271E-5 1.25283E-5 1.19963E-5 1.21348E-5 1.48024E-5 1.55746E-5 2.27828E-5 2.80148E-5 2.71777E-5 2.15028E-5 2.01569E-5 2.91812E-5 5.07476E-5 6.9325E-5 5.64863E-5 5.86747E-5 6.02367E-5 3.51988E-5 4.58685E-5 6.39486E-5 7.04466E-5 5.32093E-5 7.6319E-5 9.21897E-5 6.64927E-5 7.75651E-5 7.06939E-5 8.29177E-5 8.08979E-5 8.86133E-5 8.50257E-5 9.75355E-5 1.13346E-4 8.39926E-5 9.33602E-5 8.98481E-5 6.20089E-5 7.32288E-5 1.15519E-4 6.35865E-5 8.2656E-5 7.53169E-5 9.77582E-5 8.88136E-5 1.45892E-4 1.71429E-4 1.13054E-4 1.44178E-4 9.29681E-5 1.93695E-5 1.83179E-5 1.48567E-5 1.22357E-5 1.2236E-5 1.14737E-5
7.96397E-6 1.20697E-5 9.90743E-6 8.22527E-6 8.24109E-6 9.63025E-6 1.02704E-5 9.33051E-6 1.09475E-5 8.323E-6 6.01637E-6 1.26498E-5 1.67931E-5 1.27078E-5 1.23413E-5 7.58652E-6 1.31794E-5 1.44134E-5 1.71875E-5 1.46417E-5 2.34778E-5 1.7407E-5 2.62383E-5 2.73074E-5 2.36059E-5 4.06552E-5 4.81223E-5 3.6522E-5 5.03545E-5 3.85752E-5 6.47484E-5 7.66674E-5 4.71319E-5 5.65297E-5 4.9759E-5 3.77528E-5 4.81109E-5 7.8758E-5 7.66616E-5 1.10409E-4 7.49118E-5 6.89177E-5 7.74107E-5 1.00743E-4 7.92037E-5 8.54694E-5 2.43027E-5 5.92502E-5 9.63344E-5 8.29669E-5 1.00181E-4 4.18273E-5 1.48417E-4 9.02101E-5 1.40726E-4 5.06018E-5 5.40681E-5 1.09449E-4 1.61852E-4 1.06618E-4 6.30053E-5 3.76361E-5 5.59609E-5 1.80814E-5 1.28497E-5 1.35923E-5
8.76801E-6 7.4389E-6 8.27942E-6 9.23258E-6 9.44631E-6 9.53281E-6 9.84791E-6 1.06162E-5 9.60653E-6 1.02652E-5 1.06902E-5 1.19139E-5 3.0599E-5 1.48042E-5 1.36861E-5 1.19206E-5 1.23021E-5 1.1803E-5 1.20539E-5 1.2859E-5 1.87746E-5 3.10551E-5 5.08848E-5 2.29605E-5 2.14912E-5 2.10839E-5 2.20344E-5 2.44583E-5 2.35733E-5 5.91063E-5 2.06069E-5 3.71449E-5 5.30109E-5 5.62767E-5 3.55969E-5 5.00035E-5 4.46735E-5 7.33349E-5 6.8197E-5 7.95458E-5 8.12224E-5 6.56641E-5 9.66071E-5 7.75775E-5 7.62814E-5 8.44935E-5 9.57171E-5 9.20252E-5 9.25928E-5 1.01894E-4 1.48294E-4 1.28257E-4 4.10743E-5 1.16642E-4 1.27965E-4 1.39286E-4 1.70574E-4 8.65208E-5 1.57131E-4 9.68469E-5 9.64294E-5 1.13738E-4 8.07045E-5 6.1902E-5 4.74434E-5 6.05363E-5
4.72733E-6 9.16511E-6 1.11929E-5 1.13669E-5 1.09272E-5 1.10958E-5 9.50472E-6 1.03956E-5 4.73818E-6 9.05709E-6 9.38826E-6 1.16472E-5 1.24603E-5 1.18941E-5 1.06655E-5 1.0054E-5 1.17506E-5 9.63785E-6 1.1092E-5 1.29245E-5 3.34554E-5 6.1278E-5 2.79685E-5 1.6422E-5 9.30098E-6 8.62372E-6 9.34304E-6 2.27211E-5 2.14341E-5 4.44624E-5 2.72402E-5 3.19993E-5 3.17591E-5 6.31527E-5 3.25412E-5 3.03032E-5 4.57074E-5 9.16772E-5 9.1006E-5 1.31019E-4 8.39833E-5 6.43985E-5 5.62385E-5 8.15968E-5 6.82286E-5 5.61823E-5 8.39248E-5 1.1267E-4 1.68747E-4 1.32813E-4 1.83212E-4 4.49515E-5 3.95533E-5 4.10195E-5 4.48984E-5 1.96036E-4 1.61734E-4 1.24006E-4 1.53465E-4 1.41025E-4 1.1848E-4 8.67345E-5 1.78035E-4 1.31463E-4 1.12614E-4 1.14105E-4
9.35244E-6 1.14366E-5 1.00878E-5 9.44364E-6 1.2299E-5 1.2327E-5 1.17449E-5 8.88648E-6 9.34039E-6 9.88553E-6 9.61612E-6 1.05044E-5 1.11415E-5 1.04887E-5 1.00637E-5 9.67862E-6 1.03548E-5 9.64916E-6 1.03432E-5 1.2121E-5 9.90304E-6 1.40416E-5 1.41002E-5 1.47776E-5 1.68085E-5 1.67507E-5 2.04948E-5 2.08915E-5 9.35786E-6 9.87414E-6 1.93271E-5 2.70514E-5 3.21297E-5 3.50042E-5 4.33889E-5 3.91286E-5 3.77905E-5 7.74967E-5 1.35111E-4 1.20628E-4 1.1819E-4 7.83782E-5 5.90099E-5 6.15698E-5 7.24127E-5 5.85533E-5 1.35382E-4 1.7549E-4 4.19151E-5 1.61537E-4 2.03293E-4 1.58266E-4 3.90392E-5 4.1898E-5 1.86433E-4 4.99012E-5 1.30053E-4 1.48058E-4 1.38648E-4 1.86704E-4 1.45289E-4 1.83423E-4 1.38234E-4 1.73429E-4 2.13163E-4 1.6249E-4
9.5701E-6 1.14439E-5 1.41982E-5 1.33186E-5 1.32618E-5 1.22833E-5 1.21752E-5 9.47658E-6 1.00004E-5 1.11219E-5 9.80162E-6 1.03717E-5 1.13612E-5 1.05237E-5 1.03313E-5 9.8916E-6 1.06918E-5 1.16744E-5 1.24889E-5 1.13263E-5 7.60388E-6 5.34164E-6 8.6568E-6 1.41015E-5 1.16067E-5 1.9336E-5 2.06591E-5 1.61618E-5 9.00865E-6 2.41765E-5 1.84318E-5 2.10798E-5 3.65421E-5 4.33657E-5 4.98309E-5 4.35731E-5 4.60941E-5 5.3087E-5 1.69079E-4 1.31305E-4 1.13092E-4 1.26781E-4 7.09268E-5 7.20391E-5 5.00764E-5 7.22844E-5 1.40354E-4 1.52702E-4 5.31167E-5 1.84803E-4 1.43134E-4 1.61807E-4 5.22914E-5 4.45016E-5 2.17879E-4 2.40151E-4 2.0698E-4 1.84842E-4 1.21759E-4 1.91978E-4 2.09599E-4 1.72875E-4 1.91589E-4 1.81244E-4 1.8019E-4 1.93244E-4
1.2713E-5 6.27096E-6 6.7091E-6 1.28526E-5 1.34437E-5 1.59102E-5 1.3893E-5 1.19866E-5 9.88107E-6 9.56794E-6 9.54597E-6 9.37289E-6 9.92488E-6 1.028E-5 7.90924E-6 1.0903E-5 1.25808E-5 1.34256E-5 1.00865E-5 7.31797E-6 8.3068E-6 7.19019E-6 7.77834E-6 1.10129E-5 6.43696E-6 6.00315E-6 1.08845E-5 1.54163E-5 8.91381E-6 1.79494E-5 1.79473E-5 1.95763E-5 1.84962E-5 1.66596E-5 5.19169E-5 5.5664E-5 5.34875E-5 7.72E-5 1.2922E-4 1.35428E-4 8.91098E-5 1.51858E-4 7.66434E-5 6.02483E-5 4.4058E-5 7.69557E-5 9.72186E-5 1.83897E-4 2.31109E-4 2.19148E-4 2.50937E-4 7.63425E-5 6.37857E-5 4.82631E-5 2.68713E-4 2.90744E-4 2.19926E-4 1.45763E-4 1.11835E-4 1.96484E-4 2.03232E-4 2.43536E-4 2.22776E-4 2.36242E-4 2.11469E-4 2.6488E-4
6.98094E-6 1.16117E-5 7.61114E-6 1.33798E-5 1.44348E-5 1.14735E-5 1.22722E-5 1.2203E-5 1.01172E-5 1.01629E-5 8.31808E-6 8.53259E-6 1.00766E-5 1.17389E-5 3.61171E-6 3.23708E-6 1.69975E-5 6.56528E-6 1.2575E-5 7.55017E-6 6.65102E-6 7.4111E-6 1.42473E-5 9.28488E-6 7.24773E-6 6.79867E-6 7.80059E-6 2.04243E-5 1.85933E-5 2.52476E-5 3.4708E-5 4.29699E-5 4.06457E-5 1.74127E-5 6.19794E-5 4.31618E-5 3.61437E-5 6.20296E-5 1.66985E-4 1.35838E-4 1.53939E-4 1.39309E-4 9.5083E-5 7.03529E-5 4.65674E-5 7.30128E-5 9.37861E-5 2.07261E-4 1.97982E-4 2.05495E-4 1.48621E-4 2.46936E-4 5.98212E-5 5.99748E-5 1.10868E-4 3.20272E-4 2.83907E-4 2.06416E-4 1.54478E-4 1.84846E-4 4.87633E-5 1.7254E-4 7.70407E-5 1.32766E-4 1.69442E-4 1.08648E-4
1.5725E-5 1.73906E-5 1.65897E-5 1.26322E-5 1.55672E-5 1.27218E-5 1.15466E-5 1.03879E-5 9.60469E-6 9.39397E-6 6.29966E-6 9.95122E-6 1.30501E-5 1.67033E-5 6.01713E-6 4.41533E-6 5.2541E-6 2.69504E-6 3.72841E-6 7.11903E-6 7.05436E-6 9.44284E-6 5.35032E-6 5.79564E-6 6.80311E-6 6.22027E-6 7.25046E-6 2.29943E-5 2.59582E-5 2.84E-5 3.26504E-5 5.05953E-5 4.44758E-5 1.50429E-5 3.0265E-5 1.33629E-5 1.96117E-5 3.53551E-5 8.29746E-5 2.36319E-4 1.4938E-4 1.52959E-4 1.20975E-4 4.8746E-5 5.62836E-5 7.18498E-5 9.96951E-5 1.61821E-4 1.60418E-4 1.46703E-4 1.69293E-4 1.54866E-4 2.1804E-4 5.85039E-5 5.77598E-5 2.34005E-4 2.61034E-4 2.05743E-4 1.88322E-4 1.68947E-4 2.38071E-4 4.31734E-5 9.82066E-5 8.23161E-5 1.1593E-4 1.3639E-4
1.36639E-5 1.66368E-5 1.13417E-5 1.03028E-5 1.14084E-5 1.30863E-5 1.19247E-5 9.34461E-6 1.10114E-5 9.97222E-6 1.32451E-5 1.37827E-5 1.58908E-5 1.23928E-5 1.51698E-5 6.63889E-6 4.43085E-6 4.29404E-6 6.89582E-6 9.51807E-6 6.11357E-6 7.16525E-6 6.15131E-6 8.69379E-6 2.01045E-5 2.04358E-5 2.47291E-5 2.6363E-5 3.0952E-5 4.2471E-5 4.85757E-5 4.73835E-5 5.70735E-5 2.0481E-5 1.50992E-5 3.57943E-5 4.08958E-5 3.4935E-5 6.88153E-5 1.0736E-4 1.20332E-4 1.25873E-4 1.43763E-4 6.99681E-5 6.66585E-5 7.65163E-5 1.07366E-4 1.35794E-4 1.3758E-4 1.71459E-4 1.63532E-4 1.77447E-4 1.85173E-4 2.26106E-4 6.04133E-5 2.05313E-4 2.43446E-4 2.03054E-4 2.55092E-4 1.61521E-4 2.15161E-4 2.72928E-4 8.55224E-5 8.23545E-5 1.23068E-4 1.46402E-4
7.17003E-6 1.86706E-5 1.75859E-5 9.44381E-6 7.43809E-6 1.06887E-5 1.27113E-5 7.74948E-6 1.18969E-5 9.75769E-6 7.55623E-6 8.69E-6 6.8162E-6 4.27179E-6 5.4522E-6 6.37563E-6 5.79776E-6 5.007E-6 5.18521E-6 8.47276E-6 4.85904E-6 4.03644E-6 5.63329E-6 1.0338E-5 1.59406E-5 1.28945E-5 2.7487E-5 3.11203E-5 3.06063E-5 3.43444E-5 3.51124E-5 5.43279E-5 4.00231E-5 2.08065E-5 9.64024E-6 3.06087E-5 3.06661E-5 7.08216E-5 9.61779E-5 9.27949E-5 1.14932E-4 1.56403E-4 1.82243E-4 7.98312E-5 1.14932E-4 1.56765E-4 2.01983E-4 1.33307E-4 1.31448E-4 2.72633E-4 2.75789E-4 1.61182E-4 1.68104E-4 1.72037E-4 1.70652E-4 2.34278E-4 2.55635E-4 2.53258E-4 3.21751E-4 1.56252E-4 2.17257E-4 2.15969E-4 7.22841E-5 8.09478E-5 1.23603E-4 2.07322E-4
9.67779E-6 7.81523E-6 1.22552E-5 1.78882E-5 1.70015E-5 1.3041E-5 9.81564E-6 8.5174E-6 7.17005E-6 3.85956E-6 3.48034E-6 3.15411E-6 3.34156E-6 4.1432E-6 3.51789E-6 4.24366E-6 4.35486E-6 3.76029E-6 4.47876E-6 4.76498E-6 4.55515E-6 8.34757E-6 5.41231E-6 7.12096E-6 7.09208E-6 1.31504E-5 2.77575E-5 3.0949E-5 3.39138E-5 3.43348E-5 3.56741E-5 4.53269E-5 3.803E-5 2.42719E-5 1.10824E-5 3.81982E-5 3.04946E-5 2.32473E-5 6.86276E-5 3.77572E-5 7.2699E-5 1.09157E-4 1.53891E-4 1.77085E-4 1.67304E-4 3.35328E-4 3.68857E-4 2.18592E-4 2.39634E-4 6.48595E-5 2.61764E-4 7.08286E-5 1.73824E-4 1.75947E-4 2.38994E-4 1.84258E-4 2.92176E-4 2.93939E-4 3.24597E-4 1.97305E-4 2.58798E-4 6.05609E-5 2.42862E-4 7.87432E-5 8.55614E-5 1.08042E-4
9.08429E-6 5.84473E-6 7.209E-6 1.01606E-5 1.40242E-5 8.4633E-6 5.43339E-6 8.24924E-6 4.84238E-6 4.53474E-6 4.05627E-6 6.1318E-6 6.84356E-6 4.47108E-6 4.7572E-6 3.66912E-6 3.81794E-6 3.88459E-6 4.414E-6 4.45713E-6 4.34854E-6 8.52594E-6 9.70805E-6 9.57575E-6 9.24312E-6 1.48779E-5 2.60083E-5 3.39863E-5 3.34997E-5 3.56857E-5 3.58406E-5 2.80082E-5 4.56243E-5 4.30889E-5 1.0658E-5 2.5853E-5 3.7721E-5 4.52625E-5 3.43061E-5 1.09218E-4 4.50606E-5 1.06683E-4 8.32936E-5 1.71217E-4 1.79757E-4 1.91961E-4 1.80898E-4 1.94854E-4 2.33009E-4 5.81206E-5 5.84746E-5 6.778E-5 1.87708E-4 1.76313E-4 3.16193E-4 1.62743E-4 2.90055E-4 2.89168E-4 5.55983E-4 3.00853E-4 2.90339E-4 3.17384E-4 2.53182E-4 7.41127E-5 1.02762E-4 9.94897E-5
8.9268E-6 4.21993E-6 3.11299E-6 8.70952E-6 9.21937E-6 8.07033E-6 6.48408E-6 8.06372E-6 1.04756E-5 1.03181E-5 1.25105E-5 1.20152E-5 7.05766E-6 5.88302E-6 5.71784E-6 4.14583E-6 4.73926E-6 3.91236E-6 4.88666E-6 8.45929E-6 6.9452E-6 6.79164E-6 1.06472E-5 2.22153E-5 8.74727E-6 1.13774E-5 1.84768E-5 3.4708E-5 3.82387E-5 2.87265E-5 1.7767E-5 6.0596E-5 3.65677E-5 3.78758E-5 5.02881E-5 3.2455E-5 2.89206E-5 3.49552E-5 7.85692E-5 6.15422E-5 7.68829E-5 1.01293E-4 1.87342E-4 1.60535E-4 1.74315E-4 2.00158E-4 2.42686E-4 2.3573E-4 2.03963E-4 1.75962E-4 2.44131E-4 2.4997E-4 2.16474E-4 2.05938E-4 1.46462E-4 1.53714E-4 2.60258E-4 1.00934E-4 3.39878E-4 2.16271E-4 2.97845E-4 2.76855E-4 2.41473E-4 9.47535E-5 1.17332E-4 1.05689E-4
