catData/rasterBestHybridModels/Pviverrinus/RD_RM1.5_autofeature/Pviverrinus_max.asc
ncols         409
nrows         350
xllcorner     60.897278365
yllcorner     5.843756025
cellsize      0.0892857
NODATA_value  -9999
[rows 145 to 173 of 350, columns 198 to 263 of 409]
3.99813E-6 4.34172E-6 4.23867E-6 2.45758E-6 2.32964E-6 4.33727E-6 2.4282E-6 2.51585E-6 1.35291E-6 1.06412E-6 1.31894E-6 1.06136E-6 1.65464E-6 6.11193E-7 1.2953E-6 2.31402E-6 7.87E-7 6.62532E-7 6.79319E-7 6.86512E-7 1.23965E-6 3.49881E-6 1.71646E-5 1.28967E-5 1.01468E-5 8.44791E-6 8.85041E-6 4.66993E-6 1.78806E-6 3.39673E-6 2.31874E-6 3.05487E-6 2.34652E-6 1.35155E-5 1.9204E-5 1.81153E-5 1.22954E-5 2.30863E-6 2.18309E-6 3.64002E-6 2.14511E-6 2.26839E-6 5.60807E-6 1.58316E-5 1.11685E-5 2.12186E-5 3.9179E-5 2.08502E-4 6.03931E-5 2.06789E-5 2.01459E-5 1.74649E-5 2.21495E-5 8.44317E-6 1.51741E-5 1.97303E-5 4.67622E-5 6.37106E-5 5.96691E-5 6.00578E-5 3.1662E-5 2.53959E-5 7.39274E-5 2.86539E-5 2.45926E-5 2.4756E-5
7.06709E-6 7.23868E-6 7.25553E-6 2.97002E-6 3.34947E-6 1.74622E-6 1.5079E-6 1.9109E-6 2.95446E-6 1.5418E-6 1.42207E-6 5.60919E-7 5.45087E-7 1.90949E-6 2.20727E-6 7.86572E-7 7.67158E-7 7.19222E-7 7.45163E-7 6.411E-7 7.42929E-6 1.20966E-5 7.54864E-6 5.4589E-6 7.44021E-6 6.27043E-6 1.93786E-6 1.08659E-6 9.23967E-7 2.52189E-6 3.01801E-6 9.68906E-7 1.68571E-6 5.47774E-6 4.90272E-6 9.70881E-6 4.92632E-6 1.92057E-6 3.22183E-6 2.10222E-6 3.19439E-6 1.54979E-5 2.49523E-5 1.16305E-5 7.6928E-6 1.15628E-5 3.32181E-5 3.20554E-5 1.93403E-5 2.04612E-5 1.66191E-5 1.85463E-5 1.74056E-5 8.26706E-6 5.66114E-6 7.35325E-6 1.20529E-5 1.47662E-5 1.64664E-5 7.02834E-5 6.71688E-5 1.7681E-5 1.81494E-5 3.5378E-5 2.47204E-5 3.43391E-5
1.26126E-5 1.41862E-5 1.29435E-5 1.11392E-5 3.28275E-6 1.3028E-6 1.82479E-6 3.59533E-6 1.94481E-6 2.18212E-6 3.61377E-6 9.15791E-7 1.71952E-6 1.43668E-6 1.85183E-6 1.09987E-6 3.20216E-6 2.38269E-6 2.99595E-6 1.02024E-6 6.79573E-6 7.44255E-6 7.91877E-6 6.98674E-6 4.97625E-6 2.73822E-6 2.88908E-6 2.55088E-6 2.25147E-6 1.51955E-6 1.81488E-6 9.53642E-7 2.05563E-6 1.44863E-6 2.95616E-6 4.14663E-6 6.69416E-6 3.32151E-6 5.34052E-6 4.56219E-6 2.45668E-6 1.4064E-5 4.82728E-5 2.02836E-5 1.02533E-5 1.26738E-5 1.25382E-5 1.28847E-5 1.44487E-5 2.16066E-5 1.90278E-5 1.79963E-5 1.24283E-5 6.21825E-6 6.06564E-6 6.54832E-6 1.73738E-5 1.0632E-5 1.98356E-5 3.64426E-5 9.13424E-5 9.0661E-5 7.50413E-5 3.12913E-5 3.36123E-5 2.99994E-5
1.39264E-5 1.22024E-5 8.9147E-6 6.98175E-6 5.31607E-6 1.10261E-6 1.15621E-6 2.07559E-6 1.85014E-6 8.54662E-6 6.21126E-6 5.95841E-6 1.24615E-6 1.91704E-6 2.68047E-6 2.45088E-6 1.14163E-5 1.61534E-5 6.6972E-6 7.42902E-6 1.04506E-5 1.05973E-5 7.88036E-6 8.41859E-6 1.02128E-5 1.15238E-5 3.78759E-6 1.24638E-5 2.41355E-6 1.06734E-6 2.45463E-6 3.54272E-6 4.7635E-6 3.71989E-6 2.51171E-6 2.50299E-6 1.11529E-5 1.2658E-5 2.15717E-5 2.01728E-5 4.96941E-6 1.14288E-5 4.66583E-5 9.92075E-5 3.04634E-5 1.47009E-5 7.17312E-6 5.29902E-6 9.87185E-6 7.70799E-6 4.631E-6 6.04601E-6 4.37657E-6 4.47913E-6 3.61463E-6 4.95263E-6 6.11127E-6 9.11713E-6 1.41991E-5 1.84074E-5 6.81881E-5 4.08174E-5 2.39756E-5 1.29322E-5 1.56151E-5 1.72631E-5
1.79298E-5 1.14912E-5 5.68741E-6 4.88898E-6 1.24092E-5 1.4593E-6 1.68068E-6 1.59723E-6 1.97429E-6 6.84493E-6 5.39375E-6 9.39265E-7 1.74393E-6 1.68009E-6 7.6808E-6 3.14346E-6 6.01703E-6 1.19585E-5 8.60625E-6 8.65891E-6 1.01847E-5 1.10368E-5 1.2285E-5 8.32759E-6 7.75309E-6 1.19274E-5 6.16401E-6 5.01856E-6 3.26999E-6 1.50952E-6 2.21439E-6 2.59212E-6 3.60201E-6 3.77602E-6 3.13801E-6 1.96721E-6 3.43762E-6 7.54978E-6 1.46902E-5 1.23613E-5 1.88322E-5 1.5637E-5 2.29325E-5 2.69597E-5 6.30301E-5 3.85415E-5 7.52194E-6 1.23092E-5 5.46609E-6 5.29759E-6 5.80244E-6 7.42089E-6 9.76301E-6 8.90818E-6 1.17879E-5 6.2273E-6 4.75082E-6 7.30957E-6 8.64893E-6 2.23835E-5 6.92166E-6 1.73153E-5 1.28031E-5 1.47933E-5 2.40857E-5 3.09873E-5
1.61836E-5 1.31111E-5 4.75901E-6 9.8683E-6 1.09017E-5 2.32558E-6 1.70336E-6 1.71037E-6 7.15637E-6 7.63756E-6 5.312E-6 6.9844E-7 1.03235E-6 2.74645E-6 3.73706E-6 4.67194E-6 6.36115E-6 9.76275E-6 9.73286E-6 1.45357E-5 1.67891E-5 1.47477E-5 1.09096E-5 4.38094E-6 4.66338E-6 2.64696E-5 9.49539E-6 2.03071E-5 4.23935E-6 4.43763E-6 6.42684E-6 4.16883E-6 3.69665E-6 4.53137E-6 2.28746E-6 8.33298E-6 4.43989E-6 1.26046E-5 1.66912E-5 2.46441E-5 2.43982E-5 2.61601E-5 2.49529E-5 1.52409E-5 2.7967E-5 7.49436E-5 5.13061E-5 1.91816E-5 2.83743E-5 1.90172E-5 6.73887E-6 5.61058E-6 5.47501E-6 8.54941E-6 1.034E-5 3.68909E-5 8.29093E-6 7.09607E-6 5.85562E-6 3.87652E-5 1.84623E-5 1.07618E-5 4.04982E-5 1.55301E-5 1.99361E-5 3.49543E-4
1.83542E-5 8.03912E-6 4.34805E-6 2.23014E-6 3.84297E-6 4.96696E-6 2.47252E-6 5.55189E-6 5.34631E-6 4.74965E-6 5.05236E-6 8.98618E-7 2.08098E-6 3.18825E-6 4.64266E-6 1.34332E-5 8.90143E-6 9.06737E-6 7.68754E-6 1.02164E-5 1.30732E-5 1.27032E-5 9.74961E-6 3.89752E-6 4.2703E-6 5.15258E-6 6.17379E-6 1.96307E-5 1.34062E-5 9.10614E-6 6.94668E-6 6.05437E-6 8.42628E-6 2.03529E-5 3.14771E-6 2.00852E-6 4.24015E-6 1.46378E-5 2.29583E-5 2.0599E-5 2.69362E-5 3.77491E-5 2.25773E-5 1.96727E-5 2.30571E-5 8.49755E-5 7.57799E-5 1.81932E-5 2.48148E-5 1.21464E-5 9.65375E-6 1.13753E-5 1.77016E-5 1.51608E-5 1.57896E-5 1.88083E-5 1.70411E-5 1.5717E-5 6.56574E-6 1.47413E-5 3.98293E-5 6.41454E-5 2.12561E-5 1.06656E-5 1.47311E-5 5.79257E-5
2.10675E-6 1.60482E-6 2.62449E-6 2.12166E-6 2.71616E-6 2.34221E-6 3.35172E-6 1.68807E-6 5.79771E-7 1.36629E-6 1.35939E-6 1.69963E-6 4.95322E-6 5.2729E-6 1.60339E-5 1.05715E-5 1.30691E-5 1.53403E-5 1.36204E-5 6.45982E-6 9.89254E-6 9.84334E-6 5.53019E-6 6.61694E-6 5.50127E-6 2.94619E-6 4.77964E-6 6.22368E-6 7.22544E-6 1.07633E-5 6.70903E-6 6.02755E-6 6.41435E-6 5.3925E-6 2.55209E-6 1.80934E-6 6.59895E-6 9.06373E-6 2.24325E-5 9.52002E-5 8.67272E-5 7.15164E-5 2.36613E-5 7.26697E-6 6.80904E-6 5.35914E-5 3.78043E-5 1.03976E-5 1.83335E-5 1.29164E-5 6.20084E-6 9.06454E-6 1.00043E-5 2.29679E-5 2.04536E-5 1.82901E-5 1.59391E-5 1.53271E-5 1.79017E-5 3.4064E-5 2.9603E-5 1.84206E-5 2.44653E-5 5.01914E-5 2.37472E-5 1.51337E-5
2.48491E-6 2.06128E-6 3.55664E-6 1.91573E-6 2.50054E-6 2.35576E-6 2.0226E-6 1.24611E-6 7.67933E-7 2.11192E-6 1.41394E-6 1.08027E-6 4.00335E-6 4.71384E-6 7.86118E-6 1.66033E-5 2.20973E-5 1.72891E-5 1.31055E-5 5.90716E-6 8.9954E-6 9.13638E-6 5.85559E-6 9.60064E-6 5.11296E-6 3.24995E-6 3.67795E-6 2.74849E-6 5.41474E-6 7.27576E-6 8.08013E-6 5.9023E-6 7.30187E-6 6.5575E-6 2.30433E-6 2.91525E-6 8.33597E-6 6.31615E-6 4.64149E-6 1.53277E-5 2.2141E-5 2.62312E-5 2.79368E-5 9.38679E-6 6.92843E-6 3.13689E-5 1.72166E-5 9.18676E-6 1.02072E-5 7.47774E-6 4.58765E-6 7.49016E-6 9.86701E-6 1.5931E-5 2.02928E-5 2.61271E-5 1.20516E-5 8.84704E-6 1.58994E-5 7.35323E-6 6.3124E-6 2.25191E-5 1.92711E-5 9.61488E-6 1.07323E-5 1.27053E-5
2.27478E-6 1.59447E-6 1.56015E-6 1.95447E-6 2.16521E-6 2.99565E-6 5.2525E-6 3.05733E-6 1.06315E-6 1.43334E-6 1.14034E-6 4.39771E-6 8.00766E-6 1.73918E-5 1.92545E-5 1.85804E-5 2.11432E-5 1.98006E-5 2.17094E-5 4.02345E-6 6.1735E-6 4.5352E-6 1.43601E-5 2.70573E-5 2.37268E-5 5.76994E-6 6.62276E-6 4.45984E-6 6.24368E-6 7.6491E-6 7.38873E-6 8.09112E-6 7.44411E-6 4.73152E-6 1.71297E-6 2.09014E-6 2.06319E-6 4.07521E-6 2.09394E-6 3.3475E-6 6.69E-6 7.14991E-6 1.71271E-5 3.21019E-5 3.22676E-5 3.73538E-5 9.55376E-6 3.65382E-6 6.61559E-6 1.03173E-5 8.94279E-6 6.71106E-6 1.1517E-5 1.91997E-5 3.16033E-5 1.81141E-5 1.31171E-5 8.11003E-6 7.08479E-6 7.75863E-6 7.16169E-6 1.10082E-5 2.91298E-5 8.06913E-6 1.16544E-5 3.61159E-5
1.25511E-6 3.15676E-6 4.20065E-6 3.16287E-6 3.43036E-6 7.51414E-6 7.27089E-6 7.87819E-6 2.82837E-6 5.00815E-6 1.04581E-5 7.13236E-6 2.22662E-5 2.13784E-5 2.30322E-5 3.64346E-5 2.99632E-5 2.30533E-5 4.54389E-6 2.40527E-6 3.38931E-6 1.27099E-5 1.65424E-5 1.28212E-5 2.16822E-5 9.05735E-6 5.83596E-6 1.72385E-5 5.65002E-6 8.28164E-6 8.58937E-6 6.17757E-6 7.48527E-6 1.02998E-5 3.6897E-6 1.30625E-5 1.48347E-5 1.96208E-6 2.67772E-6 5.67013E-6 8.51779E-6 7.24268E-6 2.5089E-5 1.85123E-5 2.06546E-5 1.34763E-5 6.32387E-6 3.78444E-6 6.07269E-6 9.83903E-6 1.38291E-5 2.59565E-5 2.10285E-5 1.9884E-5 4.29219E-5 2.80436E-5 8.32306E-6 1.1633E-5 1.03583E-5 8.95132E-6 1.00035E-5 1.9304E-5 2.68944E-5 1.59524E-5 2.29602E-5 6.10149E-5
4.83825E-6 3.64344E-6 6.04632E-6 9.79922E-7 1.08244E-6 2.36781E-6 5.6791E-6 8.02086E-6 5.6385E-6 1.05113E-5 6.67961E-6 1.04467E-5 1.3327E-5 2.4074E-5 2.51885E-5 2.49599E-5 1.41E-5 1.26299E-5 1.19877E-6 3.08644E-6 1.89674E-6 1.21854E-5 3.41033E-5 2.68239E-5 6.80044E-6 3.78789E-6 5.69783E-6 6.21102E-6 5.59338E-6 1.17305E-5 1.04845E-5 1.67074E-5 6.55673E-6 9.02966E-6 1.68538E-5 1.71034E-5 1.51167E-5 8.95072E-6 1.0487E-5 5.56096E-6 5.55927E-6 4.8221E-6 5.59901E-6 5.05197E-6 2.13801E-5 8.19268E-6 5.96072E-6 1.14553E-5 1.55603E-5 9.90812E-6 3.63943E-5 5.11249E-5 4.73927E-5 5.61623E-5 4.10183E-5 2.40954E-5 7.4346E-6 9.55018E-6 1.25849E-5 1.03389E-5 1.23645E-5 1.7137E-5 4.05312E-5 1.86164E-5 1.88924E-5 4.85539E-5
8.13755E-6 6.06323E-6 2.277E-6 1.56994E-6 1.43776E-6 1.2967E-5 5.07743E-6 2.06983E-6 2.34468E-6 2.93652E-6 5.46636E-6 9.11311E-6 1.19274E-5 1.76564E-5 1.85839E-5 1.84842E-5 1.69484E-5 2.0322E-5 2.29986E-6 2.74893E-6 2.77182E-6 4.26982E-6 2.41639E-5 2.79596E-5 3.57017E-6 1.45845E-6 1.51251E-6 6.02197E-6 5.78609E-6 6.42173E-6 6.52641E-6 1.18748E-5 1.04084E-5 9.00948E-6 3.73738E-5 1.87386E-5 2.21199E-5 1.40833E-5 4.30892E-6 6.20268E-6 5.24204E-6 5.82123E-6 4.63559E-6 4.08456E-6 5.11346E-6 5.82152E-6 7.65199E-6 1.46025E-5 2.61686E-5 2.47268E-5 3.00842E-5 3.35159E-5 7.67037E-5 3.86127E-5 4.06276E-5 1.77961E-5 8.91709E-6 1.58445E-5 1.24871E-5 3.65329E-5 1.46298E-5 1.26599E-5 5.47315E-5 2.67659E-5 2.0859E-5 1.02991E-4
1.03472E-5 1.23726E-5 9.28876E-6 6.32856E-6 3.96213E-6 3.67381E-6 5.89558E-6 2.11975E-6 5.38411E-6 4.43896E-6 3.74752E-6 1.12899E-5 1.45299E-5 1.72051E-5 1.88855E-5 3.99402E-5 2.80195E-6 2.52283E-6 3.58979E-6 3.66695E-6 4.42406E-6 3.91838E-6 4.29233E-6 2.84439E-6 3.18363E-6 2.35399E-6 1.41572E-6 2.48539E-6 1.26411E-6 4.96367E-6 1.29877E-5 9.64408E-6 7.43154E-6 7.97308E-6 1.34351E-5 5.48396E-5 2.37374E-5 1.52271E-5 1.04309E-5 8.68494E-6 5.67262E-6 1.73853E-6 8.81347E-7 7.31264E-7 1.24381E-6 8.01154E-6 7.02686E-6 1.92376E-5 3.66818E-5 3.2076E-5 6.53909E-5 5.87281E-5 6.88012E-5 3.18608E-5 4.39069E-5 2.59966E-5 2.09743E-5 1.9071E-5 2.28355E-5 2.04573E-5 2.77161E-5 1.48323E-5 1.70107E-5 4.77855E-5 1.86997E-5 3.82254E-5
7.21478E-6 1.69679E-5 1.2483E-5 1.7628E-5 1.34215E-5 8.7689E-6 3.4067E-6 2.234E-6 6.35474E-6 5.6234E-6 5.33165E-6 2.68739E-6 3.048E-6 2.2713E-5 2.41741E-5 4.44578E-5 2.55933E-6 2.57422E-6 3.09348E-6 2.12976E-6 3.89518E-6 4.44097E-6 5.31893E-6 4.23182E-6 7.21275E-6 6.85649E-6 1.85684E-6 6.84534E-6 2.82768E-6 3.1991E-6 2.43462E-6 5.70189E-6 5.25209E-6 1.12464E-5 8.64219E-6 1.12205E-5 1.16665E-5 1.26881E-5 1.37615E-5 9.80397E-6 2.36422E-6 1.42874E-6 8.78618E-7 6.44103E-7 1.51442E-6 1.09266E-5 4.81621E-5 3.26828E-5 8.33244E-5 4.98501E-5 8.48841E-5 4.45262E-5 1.90817E-5 2.45417E-5 3.48695E-5 3.87977E-5 2.98089E-5 2.75648E-5 1.48354E-5 2.57006E-5 4.93183E-5 1.8928E-5 2.87781E-5 2.50896E-5 2.39064E-5 3.5115E-5
4.22662E-6 1.66177E-5 1.84518E-5 2.27165E-5 2.13753E-5 1.21306E-5 5.25184E-6 5.77283E-6 3.36499E-6 2.26119E-6 2.62886E-6 3.39664E-6 2.25966E-6 2.53622E-6 3.72194E-6 4.6507E-6 4.59426E-6 2.6428E-6 1.84064E-6 2.21912E-6 4.886E-6 5.64536E-6 4.59267E-6 3.58441E-6 4.70747E-6 6.19591E-6 1.62285E-5 5.23364E-6 6.32461E-6 4.79465E-6 3.65688E-6 4.66377E-6 4.84534E-6 3.25539E-6 6.32637E-6 1.20178E-5 2.17564E-5 2.12347E-5 1.91426E-5 1.51578E-5 3.09842E-6 2.37093E-6 1.25442E-6 1.71843E-6 1.93353E-6 4.43061E-6 1.13251E-5 2.94123E-5 6.34546E-5 9.85768E-5 7.44942E-5 2.22841E-5 1.57499E-5 2.20721E-5 3.47765E-5 1.81796E-5 2.86989E-5 1.79122E-5 1.63327E-5 1.34762E-5 1.76461E-5 3.47978E-5 4.15639E-5 7.37492E-5 3.48299E-5 3.97742E-5
8.87554E-6 4.22817E-6 4.334E-5 2.52725E-5 1.05354E-5 3.8167E-6 2.33908E-6 2.999E-6 4.28929E-6 3.50221E-6 2.72953E-6 1.66294E-6 1.63216E-6 1.59192E-6 1.92718E-6 2.56889E-6 3.30625E-6 2.76445E-6 7.24861E-6 4.46729E-6 6.65634E-6 6.03359E-6 5.48056E-6 3.62119E-6 3.82445E-6 7.68257E-6 1.9847E-5 1.56817E-5 6.27599E-6 6.00701E-6 5.17606E-6 4.68228E-6 5.29358E-6 4.28225E-6 9.48681E-6 5.7143E-5 3.81502E-5 3.40867E-5 3.18959E-5 2.8184E-5 6.9746E-6 6.1006E-6 2.51582E-6 2.1606E-6 1.93087E-6 4.32237E-6 2.28343E-5 2.62847E-5 5.35191E-5 2.9564E-4 2.29592E-4 1.34275E-5 1.16876E-5 1.12499E-5 2.34895E-5 1.96902E-5 1.91092E-5 1.19119E-5 1.1328E-5 7.60655E-6 1.57273E-5 2.68059E-5 2.57123E-5 4.31878E-5 2.76201E-5 1.5508E-5
2.95166E-6 3.44086E-6 5.46971E-6 9.015E-6 7.60791E-6 4.00233E-6 3.02887E-6 1.99129E-6 2.7432E-6 1.7353E-6 1.63603E-6 1.80752E-6 1.91713E-6 2.00709E-6 1.53259E-6 2.41556E-6 2.54651E-6 1.99576E-6 3.87998E-6 5.20195E-6 1.10782E-5 8.58785E-6 1.02156E-5 7.94486E-6 3.07592E-6 3.01796E-6 1.14862E-5 1.82071E-5 4.7197E-5 2.27033E-5 6.06575E-6 8.70131E-6 6.12199E-6 1.96684E-5 4.52071E-5 3.91752E-5 4.65085E-5 2.60024E-5 2.63372E-5 2.86063E-5 3.53858E-5 1.46632E-4 1.0749E-5 5.39621E-6 1.30545E-6 6.26902E-6 4.80546E-5 2.18876E-4 2.19527E-4 6.7001E-5 1.4857E-5 4.09522E-6 5.44596E-6 7.47172E-6 1.54954E-5 9.12226E-5 8.2231E-5 1.22583E-5 6.36182E-6 6.89658E-6 1.27156E-5 2.54634E-5 2.03913E-5 1.9036E-5 1.7332E-5 1.09257E-5
9.52532E-6 4.8049E-6 7.71742E-6 1.1463E-5 7.50988E-6 5.16622E-6 4.28785E-6 4.4135E-6 2.11968E-6 2.60559E-6 2.29017E-6 2.9265E-6 3.15143E-6 2.97601E-6 2.97368E-6 3.12232E-6 3.07151E-6 2.44262E-6 3.91176E-6 6.40509E-6 4.67201E-6 9.65437E-6 6.40895E-6 1.06264E-5 2.52756E-6 7.8703E-6 1.23251E-5 2.16477E-5 2.70743E-5 9.03865E-6 2.6178E-5 1.81079E-5 5.38902E-5 4.87251E-5 7.87289E-5 6.49511E-5 6.86738E-5 5.7967E-5 2.31096E-5 8.15795E-6 3.67377E-5 6.20727E-5 1.27362E-5 1.90726E-6 7.57459E-7 2.03316E-6 1.92004E-5 1.87377E-4 2.71672E-4 3.81952E-5 6.73096E-6 2.03137E-6 4.7111E-6 6.44798E-6 3.47172E-5 4.56529E-5 2.44844E-5 2.13448E-5 1.85995E-5 8.51632E-6 1.33226E-5 1.64602E-5 1.59928E-5 1.8299E-5 9.6185E-6 1.27555E-5
5.33845E-6 1.33724E-5 8.38797E-6 6.71707E-6 1.14309E-5 9.74926E-6 7.74285E-6 3.43447E-6 2.35756E-6 4.05111E-6 3.62026E-6 4.1981E-6 2.71468E-6 2.4689E-6 1.74031E-6 3.55372E-6 3.97159E-6 6.99785E-6 9.76311E-6 4.59045E-6 5.23779E-6 9.51097E-6 3.90414E-5 9.43569E-6 9.56927E-6 1.52794E-5 2.83986E-5 2.7802E-5 2.2344E-5 2.55668E-5 4.77845E-5 1.47539E-5 1.17997E-5 9.77494E-6 1.62515E-5 4.73278E-5 6.16141E-5 4.74148E-5 1.12609E-5 5.71908E-6 8.06611E-6 8.99019E-6 8.4524E-6 4.22905E-6 8.72279E-7 1.61496E-6 9.86166E-6 1.29778E-5 2.06914E-5 1.50113E-5 5.81102E-6 2.41476E-6 2.89563E-6 4.51461E-6 9.51041E-6 2.02067E-5 1.6718E-5 1.9516E-5 3.75509E-5 1.566E-5 1.55433E-5 1.3151E-5 9.22489E-6 6.4849E-6 3.34983E-6 4.86435E-6
1.78883E-5 1.91062E-5 1.82611E-5 2.49395E-5 1.18317E-5 1.2433E-5 5.43059E-6 3.54448E-6 1.08032E-5 6.61345E-6 5.77906E-6 6.18588E-6 5.03967E-6 3.93669E-6 5.25899E-6 6.7407E-6 7.03483E-6 5.97213E-6 9.83511E-6 8.55393E-6 8.65706E-6 1.15831E-5 5.01882E-5 1.91345E-5 1.35793E-5 2.305E-5 1.4887E-5 4.35244E-5 6.7542E-5 2.6553E-5 9.27988E-6 7.17582E-6 5.00542E-6 1.61493E-6 4.40925E-6 8.64668E-6 1.33653E-5 5.45823E-6 5.2599E-6 7.3719E-6 2.1649E-5 1.56695E-5 1.56107E-5 2.5831E-6 4.51896E-7 4.03304E-7 3.7274E-6 7.8267E-6 9.10617E-6 9.04308E-6 2.64327E-6 2.95544E-6 3.09098E-6 3.91545E-6 7.18146E-6 1.18092E-5 1.3522E-5 1.26119E-5 2.9077E-5 1.73849E-5 7.32718E-6 1.04426E-5 1.63675E-5 2.9548E-5 3.02203E-5 1.83311E-5
2.51954E-5 4.0308E-5 3.84186E-5 4.6154E-5 5.72109E-6 5.94726E-6 4.34019E-6 4.20429E-6 7.06009E-6 4.77401E-6 3.96237E-6 6.0676E-6 7.12064E-6 4.12876E-6 8.04635E-6 7.97114E-6 7.33534E-6 8.30827E-6 2.44668E-5 1.58551E-5 1.25422E-5 1.4439E-5 4.79229E-5 5.69749E-5 1.61836E-5 2.20519E-5 5.95339E-5 6.06034E-5 2.24543E-5 6.3275E-6 2.11546E-6 3.19045E-6 5.50537E-6 1.27305E-6 2.65747E-6 4.87345E-6 9.89557E-6 1.10691E-5 1.20434E-5 2.52963E-5 5.09982E-5 1.60779E-5 1.64611E-5 1.17233E-5 3.12898E-6 9.64449E-6 7.13004E-6 1.05776E-5 1.10125E-5 1.10184E-5 2.24614E-6 4.05218E-6 6.09763E-6 4.50385E-6 5.9631E-6 9.40342E-6 1.90097E-5 1.14156E-5 7.32288E-6 6.72911E-6 9.55168E-6 1.71672E-5 2.55909E-5 2.21754E-5 1.94732E-5 6.15536E-5
5.0147E-5 5.97744E-5 4.34634E-5 3.41281E-5 2.41502E-5 4.1491E-6 2.7859E-6 5.30319E-6 6.73318E-6 5.51461E-6 6.44761E-6 1.04712E-5 8.92231E-6 6.18415E-6 1.0244E-5 6.97538E-6 5.10234E-6 7.33162E-6 4.77483E-5 6.69652E-5 5.87632E-5 1.6059E-5 4.28787E-5 4.87676E-5 3.82137E-5 2.21803E-5 5.18793E-5 3.49574E-5 3.82024E-5 4.04654E-6 1.05238E-6 1.24647E-6 3.48165E-6 5.87444E-6 6.67442E-6 1.21354E-5 7.16962E-6 8.12404E-6 1.30542E-5 2.24467E-5 4.76847E-5 3.24663E-5 1.81698E-5 1.79983E-5 1.75706E-5 1.04397E-5 1.01136E-5 1.1668E-5 1.32773E-5 3.53383E-6 3.32819E-6 2.18989E-6 4.98933E-6 4.61883E-6 3.75173E-6 5.1344E-6 1.37162E-5 6.6859E-6 5.90669E-6 9.44949E-6 8.00298E-6 2.32884E-5 3.8236E-5 1.87593E-5 1.91495E-5 1.1904E-5
3.29342E-5 3.1825E-5 2.98723E-5 2.47792E-5 1.48044E-5 8.50419E-6 4.73937E-6 5.04598E-6 7.45361E-6 4.87282E-6 1.24642E-5 1.05397E-5 1.09672E-5 9.56144E-6 1.19069E-5 1.98075E-5 1.30496E-5 6.53931E-6 1.81344E-5 6.51181E-5 7.06713E-5 7.07157E-5 4.50229E-5 1.47492E-5 1.61703E-5 3.33383E-5 4.87755E-5 2.59709E-5 1.09013E-5 5.30837E-6 2.40175E-6 1.7449E-6 1.88989E-6 8.22142E-6 4.78867E-6 6.9005E-6 6.8511E-6 5.33514E-6 8.56822E-6 1.01095E-5 1.13306E-5 2.79841E-5 1.1925E-5 4.07307E-5 3.74421E-5 3.32111E-5 2.38654E-5 2.33957E-5 2.29371E-5 1.06257E-5 3.44867E-6 3.51706E-6 4.59379E-6 4.39679E-6 8.10669E-6 1.34346E-5 1.31754E-5 7.28125E-6 1.06197E-5 1.09932E-5 4.5364E-6 5.91163E-5 6.60165E-5 2.17776E-5 1.03668E-5 1.73713E-5
2.28286E-5 3.28066E-5 2.35158E-5 1.87437E-5 1.12957E-5 9.94702E-6 4.55761E-6 4.36677E-6 3.60853E-6 7.18055E-6 1.21644E-5 1.27307E-5 1.42233E-5 1.09432E-5 2.0317E-5 4.12897E-5 5.99131E-5 2.23432E-5 1.36975E-5 7.83183E-5 6.97612E-5 5.41999E-5 1.73677E-5 1.2947E-5 1.15673E-5 1.78185E-5 5.12809E-5 7.44656E-5 4.15313E-6 3.01913E-6 1.27378E-6 2.12108E-6 3.65661E-6 3.05988E-6 4.11435E-6 4.42212E-6 2.99679E-6 3.10408E-6 8.94309E-6 1.28525E-5 3.43995E-5 2.60064E-5 3.17591E-5 3.83047E-5 3.56637E-5 3.47408E-5 2.57523E-5 2.42864E-5 2.91546E-5 1.72493E-5 1.37331E-5 4.31011E-6 5.27097E-6 1.17823E-5 1.34209E-5 2.87359E-5 1.61712E-5 6.46248E-6 6.86422E-6 9.47908E-6 5.22766E-6 6.19877E-5 2.24102E-5 1.8566E-5 2.58961E-5 7.02611E-6
9.1219E-6 2.78041E-5 3.23788E-5 1.45308E-5 1.90859E-5 4.26312E-6 3.95709E-6 4.44631E-6 3.13066E-6 4.05321E-6 6.97431E-6 1.3084E-5 2.03641E-5 1.32559E-5 2.09103E-5 4.04114E-5 5.65553E-5 2.44698E-5 6.46644E-6 2.60588E-5 4.58595E-5 6.05439E-5 1.4599E-5 8.30587E-6 1.10638E-5 1.46991E-5 1.90413E-5 1.85407E-5 5.69572E-6 4.38298E-6 2.79247E-6 3.21116E-6 3.6798E-6 3.12407E-6 2.05691E-6 2.45169E-6 4.7333E-6 5.17914E-6 8.72496E-6 1.02736E-5 1.68498E-5 8.18871E-6 2.75641E-5 2.7897E-5 2.8182E-5 3.16352E-5 3.30826E-5 2.23496E-5 2.61745E-5 1.85763E-5 2.12701E-5 2.1402E-5 2.81284E-5 7.67518E-6 1.22045E-5 1.4102E-5 6.79912E-6 8.26263E-6 5.32708E-6 6.43989E-5 1.62308E-5 5.98654E-5 4.63878E-5 4.88462E-5 2.12941E-5 8.61942E-6
4.48357E-6 1.51902E-5 8.97402E-6 1.1195E-5 8.81789E-6 6.59904E-6 8.95742E-6 8.32658E-6 4.73077E-6 3.96339E-6 3.66452E-6 3.58026E-6 7.59703E-6 1.50865E-5 1.60146E-5 1.73084E-5 2.11543E-5 1.44082E-5 9.91101E-6 9.73362E-6 1.83308E-5 2.20833E-5 2.35106E-5 5.78184E-6 8.63066E-6 1.11445E-5 7.23138E-6 4.86438E-6 6.6095E-6 3.0022E-6 2.57536E-6 4.0779E-6 3.89119E-6 4.04932E-6 4.57106E-6 4.45335E-6 6.36878E-6 1.06175E-5 1.17671E-5 9.38565E-6 1.02561E-5 3.61714E-5 2.81796E-5 2.55249E-5 2.44285E-5 2.7356E-5 3.13376E-5 2.45645E-5 2.97168E-5 2.80974E-5 2.53477E-5 2.38552E-5 2.99261E-5 2.97485E-5 1.73474E-5 2.58249E-5 2.12753E-5 2.1365E-5 1.66549E-5 1.86557E-5 1.68547E-5 5.35771E-5 2.2814E-5 2.4073E-5 1.11198E-5 7.01456E-6
2.55639E-6 1.13753E-5 3.90366E-6 5.15557E-6 5.03917E-6 5.84321E-6 1.10361E-5 3.37312E-5 4.65627E-6 2.19137E-6 1.64086E-6 1.10647E-6 2.79085E-6 7.11738E-6 1.87883E-5 1.31445E-5 4.92522E-5 1.40354E-5 1.59482E-5 2.71574E-6 1.13278E-5 5.62942E-5 5.22341E-5 7.8191E-5 1.17062E-5 1.15328E-5 6.17535E-6 3.6625E-6 2.25243E-6 2.9299E-6 6.21168E-6 2.00385E-6 3.28128E-6 5.38535E-6 5.69177E-6 8.30148E-6 1.03252E-5 1.22384E-5 1.09701E-5 7.20166E-6 6.92904E-6 1.91023E-5 1.89661E-5 5.89362E-6 4.4897E-6 1.78411E-5 3.02127E-5 3.05662E-5 3.74755E-5 2.50868E-5 3.55198E-5 3.69967E-5 3.43588E-5 3.66512E-5 3.46426E-5 4.88848E-5 1.06738E-5 4.42027E-5 1.82029E-5 1.70516E-5 1.35845E-5 1.81352E-5 1.78011E-5 9.86723E-6 8.27779E-6 8.86616E-6
3.21466E-6 4.08277E-6 4.07497E-6 5.88445E-6 1.24237E-5 1.33678E-5 6.38684E-6 8.55744E-6 5.58674E-6 4.7593E-6 1.52718E-6 3.36975E-6 5.20081E-6 6.36361E-6 4.53093E-6 1.6453E-5 2.21125E-5 9.21779E-6 1.23112E-5 1.04606E-5 2.03754E-5 2.17575E-5 3.42224E-5 1.29048E-5 1.74818E-5 9.85258E-6 3.8733E-6 2.23135E-6 1.05215E-6 2.21899E-6 3.0102E-6 2.59807E-6 3.85464E-6 3.97655E-6 6.00373E-6 1.03943E-5 1.0831E-5 7.79352E-6 8.0878E-6 1.04851E-5 2.00933E-5 2.10544E-5 5.52429E-6 2.88424E-6 2.23442E-6 1.26957E-5 1.69334E-5 1.04741E-5 3.47754E-5 7.87477E-6 1.2226E-5 9.42385E-6 1.14663E-5 2.9557E-5 8.52495E-6 6.09517E-6 1.63578E-5 1.69599E-5 -9999 4.43925E-5 2.01041E-5 1.64776E-5 1.60296E-5 6.65204E-6 5.06884E-6 9.16675E-6
