catData/rasterBestHybridModels/Pviverrinus/RD_RM1.5_autofeature/Pviverrinus_min.asc
ncols         409
nrows         350
xllcorner     60.897278365
yllcorner     5.843756025
cellsize      0.0892857
NODATA_value  -9999
[rows 87 to 115 of 350, columns 66 to 131 of 409]
1.7293E-8 1.80127E-8 3.60313E-8 4.28309E-8 4.80307E-8 2.54441E-8 6.6878E-8 1.20804E-8 2.6849E-9 1.65469E-9 1.6956E-9 2.17438E-9 1.67469E-9 1.66355E-9 2.049E-9 1.82883E-9 2.43507E-9 6.641E-9 1.47546E-8 2.38328E-8 4.50658E-8 8.16991E-8 7.06602E-8 5.09231E-8 6.83679E-8 9.05283E-8 1.08831E-7 9.84359E-8 6.90914E-8 5.15911E-8 4.79487E-8 4.43379E-8 5.4415E-8 1.77776E-7 1.06042E-7 4.08363E-8 2.74751E-8 2.87727E-8 4.82334E-8 7.1312E-8 1.56096E-7 1.75517E-7 2.22684E-7 9.40587E-7 5.75587E-7 4.81074E-7 2.17507E-7 1.28735E-7 1.17704E-7 1.09025E-7 1.18166E-7 1.14039E-7 1.06373E-7 1.16408E-7 8.87527E-8 5.98967E-8 6.04296E-8 7.92441E-8 4.18675E-8 3.27477E-8 3.34593E-8 4.10214E-8 1.03235E-7 5.08702E-8 1.08643E-7 1.62076E-7
1.17685E-8 8.45626E-9 1.04155E-8 1.80129E-8 3.18401E-8 3.35231E-8 3.94749E-8 6.99481E-9 5.04029E-9 1.67082E-9 1.78783E-9 2.14534E-9 1.76514E-9 1.65919E-9 1.79899E-9 1.82981E-9 2.0554E-9 4.70082E-9 2.17057E-8 3.9896E-8 3.20241E-8 3.88136E-8 5.69796E-8 6.29191E-8 7.26424E-8 8.74542E-8 9.37711E-8 9.22375E-8 8.98776E-8 5.79011E-8 3.89377E-8 4.67276E-8 4.96097E-8 1.42071E-7 5.17522E-8 2.88067E-8 2.42367E-8 2.62708E-8 5.26264E-8 1.11801E-7 1.49252E-7 1.61415E-7 4.25226E-7 7.36402E-7 6.21356E-7 6.47375E-7 1.36345E-7 1.23245E-7 1.2325E-7 1.21798E-7 1.22432E-7 1.10738E-7 1.1849E-7 1.06491E-7 8.732E-8 8.14393E-8 7.22839E-8 6.6509E-8 3.79993E-8 3.2616E-8 3.6567E-8 7.5764E-8 2.55961E-7 2.14788E-7 2.3031E-7 2.38304E-7
7.98837E-9 1.16859E-8 1.34999E-8 1.72347E-8 2.54659E-8 6.71696E-8 2.31612E-8 5.67291E-9 1.98172E-9 1.53044E-9 2.0328E-9 2.2441E-9 1.76629E-9 1.65218E-9 1.83991E-9 2.21151E-9 2.15486E-9 4.77476E-9 6.11764E-9 8.13713E-9 1.07071E-8 1.16298E-8 1.579E-8 2.27631E-8 4.02188E-8 6.32736E-8 7.67295E-8 7.25175E-8 6.4132E-8 5.34967E-8 3.99236E-8 4.58709E-8 2.84715E-7 1.11249E-7 3.10358E-8 2.63895E-8 2.81124E-8 3.20764E-8 5.19249E-8 1.17698E-7 1.73225E-7 1.68739E-7 6.14184E-7 7.74323E-7 5.98416E-7 5.94046E-7 4.34038E-7 2.51299E-7 9.19521E-8 7.1738E-8 1.00516E-7 9.89669E-8 1.00184E-7 8.77854E-8 7.89833E-8 7.53343E-8 5.24341E-8 3.25312E-8 2.93163E-8 3.31638E-8 3.48444E-8 4.72849E-8 5.51214E-8 9.8857E-8 1.44865E-7 1.68316E-7
7.56417E-9 1.62191E-8 3.13703E-8 4.56656E-8 4.08986E-8 5.85079E-8 2.08313E-8 1.77876E-9 1.25461E-9 1.59862E-9 1.61913E-9 1.80539E-9 1.66515E-9 1.52849E-9 1.62645E-9 1.75069E-9 2.76528E-9 3.42731E-9 2.67547E-9 4.50922E-9 1.43993E-8 2.24643E-8 1.90479E-8 1.64313E-8 2.15999E-8 2.81927E-8 2.77776E-8 2.86468E-8 2.96181E-8 2.43614E-8 2.17198E-8 1.13901E-7 1.60037E-7 4.70388E-8 2.94512E-8 2.15518E-8 3.06792E-8 3.8199E-8 6.47947E-8 1.49456E-7 1.46275E-7 5.21745E-7 7.66486E-7 6.05137E-7 6.47161E-7 5.41923E-7 6.11281E-7 2.83329E-7 4.51056E-8 4.15629E-8 6.03425E-8 6.87188E-8 6.49204E-8 6.80251E-8 5.36142E-8 3.89197E-8 2.25255E-8 2.21141E-8 2.37655E-8 2.52987E-8 2.58721E-8 3.01258E-8 3.20782E-8 4.03586E-8 1.32637E-7 1.5875E-7
8.56718E-9 1.89745E-8 6.92631E-8 8.67821E-8 6.73692E-8 3.31563E-8 1.79176E-8 1.90074E-9 1.25793E-9 1.32851E-9 1.53724E-9 1.92843E-9 1.64658E-9 1.53574E-9 1.61435E-9 1.72501E-9 2.68949E-9 2.97328E-9 2.1354E-9 3.74958E-9 1.42324E-8 3.36274E-8 3.92677E-8 3.32192E-8 3.1612E-8 3.70465E-8 2.88933E-8 2.07404E-8 1.83389E-8 1.4884E-8 3.27021E-8 3.40451E-8 2.25457E-8 1.51521E-8 1.96538E-8 2.06795E-8 3.26888E-8 5.98884E-8 9.74449E-8 1.62367E-7 4.73994E-7 9.89455E-7 6.69014E-7 5.88825E-7 5.7845E-7 5.02138E-7 4.90431E-7 4.55519E-7 3.90722E-8 2.52052E-8 3.01015E-8 3.49033E-8 3.18651E-8 2.62333E-8 2.75364E-8 2.14575E-8 2.00189E-8 2.18844E-8 2.25925E-8 2.30741E-8 2.45144E-8 2.60733E-8 2.85551E-8 2.96372E-8 1.37688E-7 1.53088E-7
1.20634E-8 1.43086E-8 3.17027E-8 5.93794E-8 4.70382E-8 2.2088E-8 1.02676E-8 1.92717E-9 1.24013E-9 1.19475E-9 1.29192E-9 1.54412E-9 1.63828E-9 1.55749E-9 2.03153E-9 2.31927E-9 2.56761E-9 2.66058E-9 1.96626E-9 2.73615E-9 5.19464E-9 9.30455E-9 1.40335E-8 1.45652E-8 1.03734E-8 1.15635E-8 1.35432E-8 1.27938E-8 1.21954E-8 1.22954E-8 1.7842E-8 2.2105E-8 1.35726E-8 1.22328E-8 1.86719E-8 2.68134E-8 5.85953E-8 9.38748E-8 2.06806E-7 2.87437E-7 5.8772E-7 6.86567E-7 6.41351E-7 6.48812E-7 6.61787E-7 5.8108E-7 4.58646E-7 1.71115E-7 3.23791E-8 2.20176E-8 2.22171E-8 1.88256E-8 1.69193E-8 1.64935E-8 1.72323E-8 1.9768E-8 2.06902E-8 2.18594E-8 2.23907E-8 2.25132E-8 2.45569E-8 2.54703E-8 2.73873E-8 3.04141E-8 3.24747E-8 2.51265E-8
1.26893E-8 1.32742E-8 2.75644E-8 3.6554E-8 6.245E-8 2.2044E-8 2.3693E-9 1.4207E-9 1.14553E-9 1.07927E-9 1.24619E-9 1.48241E-9 1.66747E-9 1.64412E-9 2.29226E-9 2.43959E-9 2.6743E-9 2.73958E-9 2.23055E-9 1.68231E-9 2.45205E-9 3.73257E-9 4.31755E-9 3.6876E-9 3.2785E-9 3.59526E-9 4.24262E-9 4.61356E-9 6.45931E-9 1.07447E-8 3.07307E-8 2.39759E-8 1.31124E-8 1.62898E-8 2.20131E-8 4.20159E-8 9.70876E-8 1.74533E-7 3.70707E-7 4.39083E-7 5.71025E-7 6.42381E-7 4.81041E-7 6.80147E-7 5.49425E-7 3.8647E-7 3.27909E-7 3.1024E-8 2.64724E-8 2.04027E-8 1.88124E-8 1.46708E-8 1.32608E-8 1.45008E-8 1.53731E-8 1.66116E-8 1.82057E-8 1.84162E-8 1.9305E-8 2.10212E-8 2.21996E-8 2.38713E-8 1.89975E-8 1.81276E-8 2.04028E-8 2.15411E-8
1.22548E-8 1.52661E-8 2.92455E-8 4.11431E-8 4.60159E-8 1.36835E-8 1.71101E-9 1.06622E-9 1.07651E-9 1.11084E-9 1.24249E-9 2.0373E-9 2.20327E-9 2.22276E-9 2.36386E-9 2.66142E-9 3.83016E-9 4.96808E-9 6.84899E-9 7.07828E-9 1.7954E-9 2.36876E-9 2.61734E-9 2.25473E-9 2.32047E-9 2.31539E-9 2.80287E-9 2.9869E-9 4.14133E-9 1.19479E-8 2.1141E-8 1.96299E-8 2.86168E-8 2.42098E-8 3.70559E-8 6.55297E-8 2.73039E-7 4.47506E-7 2.95363E-7 5.3938E-7 5.96018E-7 5.82314E-7 5.8552E-7 6.43601E-7 3.46222E-7 2.37034E-7 1.90712E-7 4.14261E-8 2.00667E-8 1.67428E-8 1.51134E-8 1.36143E-8 1.35448E-8 1.43869E-8 1.50814E-8 1.52375E-8 1.61332E-8 1.64319E-8 1.68831E-8 1.88452E-8 2.10167E-8 1.98505E-8 1.40429E-8 1.68439E-8 1.57862E-8 1.71102E-8
2.29995E-8 2.60481E-8 4.48873E-8 6.88802E-8 3.36015E-8 7.51214E-9 1.60589E-9 1.3146E-9 1.28984E-9 1.1647E-9 1.29999E-9 2.21038E-9 2.79203E-9 3.12016E-9 3.76847E-9 4.63478E-9 5.46413E-9 7.95624E-9 2.92199E-8 4.14256E-8 1.4416E-8 4.14379E-9 2.20897E-9 1.82634E-9 1.78966E-9 1.88358E-9 2.32284E-9 2.29783E-9 3.88092E-9 8.77822E-9 1.20264E-8 1.18706E-8 2.14623E-8 4.4675E-8 1.06363E-7 2.64211E-7 4.6501E-7 4.783E-7 5.14877E-7 5.48979E-7 3.90117E-7 5.39336E-7 4.62981E-7 3.16176E-7 1.87931E-7 1.30969E-7 8.11167E-8 1.88234E-8 1.47174E-8 1.29614E-8 1.28884E-8 1.31566E-8 1.35553E-8 1.42091E-8 1.51314E-8 1.54545E-8 1.56176E-8 1.62208E-8 1.66907E-8 1.82722E-8 2.12578E-8 1.61171E-8 1.38297E-8 1.53657E-8 1.66911E-8 1.74064E-8
3.79246E-8 3.52467E-8 4.79747E-8 5.31535E-8 2.96793E-8 8.45465E-9 2.03605E-9 1.26613E-9 1.313E-9 1.21926E-9 1.71253E-9 2.7948E-9 3.51991E-9 4.93582E-9 7.42507E-9 6.67032E-9 1.05293E-8 2.39438E-8 2.26828E-8 7.13904E-8 8.17927E-8 7.54427E-8 6.77243E-8 5.12312E-8 5.5115E-8 6.63475E-8 7.96245E-8 5.64308E-8 5.40037E-8 7.08156E-8 1.14196E-7 1.04544E-7 1.17898E-7 2.19673E-7 2.60507E-7 3.00803E-7 3.92052E-7 3.99834E-7 3.80897E-7 3.0542E-7 2.36085E-7 2.64898E-7 1.94735E-7 1.14894E-7 6.49952E-8 5.24576E-8 4.71739E-8 1.20892E-8 1.20263E-8 1.21841E-8 1.31672E-8 1.34979E-8 1.35587E-8 1.40767E-8 1.48512E-8 1.5428E-8 1.53256E-8 1.60684E-8 1.70734E-8 2.01081E-8 2.27163E-8 1.26297E-8 1.29216E-8 1.20829E-8 1.60872E-8 1.60988E-8
4.30041E-8 3.45533E-8 4.78326E-8 6.49568E-8 1.62923E-8 9.41136E-9 2.85772E-9 1.15069E-9 1.14375E-9 1.30623E-9 2.04677E-9 2.82435E-9 3.70132E-9 5.50547E-9 1.04802E-8 2.95209E-8 3.48209E-8 2.6187E-8 3.59503E-8 4.72794E-8 4.71185E-8 7.97181E-8 1.05004E-7 1.05593E-7 1.18431E-7 1.41789E-7 1.44769E-7 1.01149E-7 1.30118E-7 1.03835E-7 1.20064E-7 6.36106E-8 1.82639E-7 1.29353E-7 2.26027E-7 4.05707E-7 3.12854E-7 1.96728E-7 2.00629E-7 2.14242E-7 2.05125E-7 1.42937E-7 8.00559E-8 5.40305E-8 3.85516E-8 3.74634E-8 3.71811E-8 1.1232E-8 1.20716E-8 1.20991E-8 1.20964E-8 1.29241E-8 1.38233E-8 1.43388E-8 1.54257E-8 1.49691E-8 1.49423E-8 1.67276E-8 1.8872E-8 2.23286E-8 1.96068E-8 1.07421E-8 1.21141E-8 1.55649E-8 1.60524E-8 1.65465E-8
2.82669E-8 3.74894E-8 5.48888E-8 6.01367E-8 2.39072E-8 2.09204E-8 2.41364E-9 1.11332E-9 1.17637E-9 1.42523E-9 1.88823E-9 2.59862E-9 2.64646E-9 5.56141E-9 1.6325E-8 2.23393E-8 3.54485E-8 4.0569E-8 6.6556E-8 4.26215E-8 3.50461E-8 4.2046E-8 6.5265E-8 9.55114E-8 1.01955E-7 9.74301E-8 1.08595E-7 8.69693E-8 1.47924E-7 1.41219E-7 1.55343E-7 1.56878E-7 9.48052E-8 1.23492E-7 2.49395E-7 2.57281E-7 1.72231E-7 1.93698E-7 1.51197E-7 1.603E-7 1.10796E-7 5.85015E-8 3.46579E-8 3.0164E-8 3.24677E-8 3.75679E-8 3.99118E-8 1.19592E-8 1.24703E-8 1.25406E-8 1.23174E-8 1.27272E-8 1.4183E-8 1.54274E-8 1.63752E-8 1.56456E-8 1.55326E-8 1.66025E-8 1.84169E-8 1.58071E-8 1.01129E-8 1.07758E-8 1.22774E-8 1.39913E-8 1.76093E-8 1.82788E-8
3.47342E-8 5.97745E-8 5.86945E-8 5.28829E-8 2.48086E-8 3.33247E-8 4.31924E-9 1.21041E-9 1.3448E-9 1.54974E-9 2.95524E-9 6.79885E-9 1.34096E-8 1.83546E-8 3.03202E-8 4.63566E-8 3.46822E-8 4.09308E-8 4.35658E-8 6.26535E-8 4.6726E-8 3.71066E-8 3.17151E-8 7.36629E-8 9.97456E-8 1.22801E-7 1.43814E-7 1.35296E-7 8.18633E-8 2.16796E-7 1.09283E-7 3.35578E-8 7.95228E-8 1.42716E-7 1.68486E-7 1.05013E-7 9.17862E-8 9.61693E-8 1.22635E-7 1.14803E-7 6.56152E-8 3.59567E-8 3.05822E-8 3.18279E-8 3.64736E-8 4.26389E-8 4.54208E-8 1.7124E-8 1.24765E-8 1.29529E-8 1.31991E-8 1.37296E-8 1.52123E-8 1.6557E-8 1.74558E-8 1.7263E-8 1.68616E-8 1.81021E-8 1.14219E-8 9.07602E-9 1.26767E-8 1.27487E-8 1.43084E-8 1.83262E-8 1.86924E-8 2.01442E-8
4.72475E-8 5.65541E-8 5.63797E-8 4.13102E-8 3.98203E-8 2.4335E-8 8.76314E-9 1.9589E-9 1.42591E-9 2.29895E-9 1.14208E-8 1.7379E-8 1.96736E-8 2.39623E-8 2.86951E-8 3.16667E-8 5.81231E-8 6.88062E-8 8.12564E-8 8.46767E-8 6.50045E-8 5.42144E-8 6.81122E-8 8.77169E-8 8.6579E-8 1.70772E-7 2.69076E-7 1.61241E-7 1.077E-7 9.29063E-8 7.47872E-8 6.54183E-8 8.7184E-8 1.10978E-7 8.1908E-8 7.73385E-8 7.06704E-8 7.40158E-8 9.11636E-8 7.40433E-8 4.0848E-8 2.89292E-8 3.26701E-8 3.6909E-8 3.96991E-8 4.532E-8 4.83741E-8 4.34306E-8 1.40031E-8 1.49287E-8 1.49138E-8 1.60399E-8 1.82994E-8 1.89707E-8 1.86752E-8 1.87052E-8 1.97322E-8 1.46619E-8 9.73999E-9 1.06771E-8 1.39325E-8 1.54012E-8 1.69448E-8 1.77793E-8 2.13054E-8 2.74998E-8
6.76296E-8 7.34483E-8 5.61979E-8 3.28229E-8 4.57441E-8 2.67526E-8 2.03714E-8 5.32876E-9 1.48153E-9 1.8558E-9 1.61374E-8 1.96251E-8 1.88201E-8 3.08402E-8 3.41155E-8 3.535E-8 5.93251E-8 7.92254E-8 7.04031E-8 5.15107E-8 4.78727E-8 6.44431E-8 9.01906E-8 1.19139E-7 1.93422E-7 2.15942E-7 1.46356E-7 9.25514E-8 9.1489E-8 9.15322E-8 6.12176E-8 7.05151E-8 6.46729E-8 6.22662E-8 4.49523E-8 4.83909E-8 4.08174E-8 4.07353E-8 6.07068E-8 3.9432E-8 1.6435E-8 7.55758E-9 3.15237E-8 4.16857E-8 4.41197E-8 4.58877E-8 4.79446E-8 5.61207E-8 1.68021E-8 1.59029E-8 1.78756E-8 1.97719E-8 2.10159E-8 2.06607E-8 1.92342E-8 1.9268E-8 2.11531E-8 1.26087E-8 1.06589E-8 1.20994E-8 1.6014E-8 1.60914E-8 1.85788E-8 2.09956E-8 2.36994E-8 2.31099E-8
5.07621E-8 6.17587E-8 5.97791E-8 5.9501E-8 4.71991E-8 3.19883E-8 3.37744E-8 2.25101E-8 3.38247E-9 9.26191E-9 2.01114E-8 3.2139E-8 3.65501E-8 3.85504E-8 4.89835E-8 6.29328E-8 8.95654E-8 7.34939E-8 3.09461E-8 5.13554E-8 6.42288E-8 7.97631E-8 9.07513E-8 1.078E-7 8.92774E-8 6.31219E-8 3.19491E-8 7.62562E-8 8.22238E-8 7.33702E-8 7.01112E-8 7.15127E-8 5.73061E-8 3.75748E-8 2.65219E-8 1.63458E-8 2.18777E-8 3.39256E-8 3.21564E-8 4.42535E-9 2.77683E-9 3.12102E-9 3.73971E-9 3.46669E-8 4.93929E-8 5.02136E-8 5.0859E-8 5.6983E-8 3.55816E-8 1.69046E-8 1.99678E-8 2.31938E-8 2.39934E-8 2.25098E-8 2.14893E-8 2.08017E-8 1.41027E-8 1.09916E-8 1.12312E-8 1.24256E-8 1.65685E-8 1.86292E-8 2.11213E-8 2.09838E-8 2.43029E-8 2.24082E-8
6.06779E-8 8.12651E-8 8.09366E-8 7.25625E-8 4.30126E-8 3.85999E-8 2.20294E-7 1.15932E-6 2.85291E-8 2.55814E-8 2.41414E-8 3.20364E-8 4.19346E-8 4.42247E-8 6.01652E-8 6.69149E-8 5.27124E-8 6.56906E-8 5.60192E-8 5.87769E-8 7.91038E-8 6.56268E-8 6.06892E-8 8.80087E-8 9.28588E-8 8.20399E-8 5.30184E-8 4.82181E-8 5.13017E-8 4.84325E-8 5.70849E-8 5.81937E-8 3.43381E-8 1.7163E-8 1.05285E-8 1.14075E-8 1.16215E-8 1.17001E-8 2.6914E-9 2.8379E-9 3.00825E-9 3.43669E-9 3.84436E-9 1.65144E-8 5.51095E-8 5.91232E-8 5.72719E-8 5.98222E-8 4.79297E-8 1.615E-8 1.21834E-8 1.12747E-8 9.59123E-9 8.48286E-9 8.86571E-9 9.04841E-9 1.01223E-8 1.12685E-8 1.24894E-8 1.54964E-8 1.58808E-8 1.99384E-8 2.29996E-8 2.20655E-8 2.47943E-8 2.90465E-8
7.1988E-8 7.39177E-8 5.97329E-8 5.19718E-8 4.20325E-8 5.46715E-8 7.98758E-7 1.73152E-7 2.26661E-8 2.02777E-8 2.65331E-8 3.24506E-8 4.86002E-8 4.02816E-8 5.36257E-8 4.90783E-8 4.39113E-8 6.09797E-8 6.75622E-8 7.24301E-8 1.07535E-7 1.36713E-7 9.57036E-8 1.03765E-7 8.10994E-8 3.97375E-8 4.77613E-8 4.21735E-8 3.50994E-8 3.30763E-8 3.46645E-8 3.10546E-8 1.66824E-8 8.55492E-9 8.49719E-9 1.01075E-8 1.1562E-8 3.13397E-9 3.08062E-9 3.25742E-9 3.39684E-9 3.93896E-9 4.40793E-9 4.65115E-9 5.63094E-8 6.40722E-8 6.22474E-8 2.7565E-8 6.98337E-9 7.39146E-9 8.20999E-9 7.69185E-9 7.23486E-9 7.14407E-9 7.95253E-9 8.91662E-9 1.1602E-8 1.40511E-8 1.4213E-8 1.57494E-8 1.75647E-8 1.88406E-8 2.11832E-8 2.68377E-8 3.22866E-8 3.7597E-8
6.97951E-8 8.96913E-8 7.53853E-8 6.37472E-8 8.33043E-8 1.68266E-6 3.09737E-7 2.76764E-8 1.39532E-8 1.55224E-8 3.6247E-8 3.88823E-8 3.78577E-8 3.85385E-8 4.10602E-8 4.50916E-8 6.16048E-8 7.75455E-8 1.23098E-7 2.40279E-8 4.70209E-8 1.98286E-7 1.29541E-7 1.0241E-7 5.24248E-8 3.56702E-8 2.87899E-8 2.65539E-8 1.76193E-8 1.92535E-8 1.73438E-8 1.25045E-8 8.15262E-9 7.02436E-9 8.44652E-9 9.35902E-9 7.93023E-9 2.84901E-9 3.24764E-9 3.45968E-9 3.65693E-9 4.13053E-9 4.61019E-9 4.94415E-9 5.32287E-9 6.04972E-9 6.04836E-9 6.63676E-9 7.40052E-9 7.82752E-9 7.66931E-9 6.51145E-9 6.79335E-9 6.65807E-9 6.91255E-9 8.20156E-9 1.03534E-8 1.38528E-8 1.89458E-8 1.74403E-8 1.96536E-8 2.23029E-8 2.59122E-8 3.2643E-8 3.73908E-8 4.11059E-8
9.3519E-8 8.49317E-8 9.15008E-8 9.22963E-8 1.9779E-7 1.99178E-6 6.94738E-8 2.48607E-8 1.42222E-8 1.73561E-8 4.20213E-8 2.96909E-8 3.63252E-8 4.24505E-8 4.72489E-8 7.67396E-8 1.48796E-7 3.75471E-8 2.75017E-8 3.1267E-8 3.49062E-8 4.71264E-8 5.30692E-8 5.52432E-8 5.75711E-8 3.20615E-8 1.15267E-8 1.65507E-8 1.0735E-8 1.11272E-8 9.16295E-9 7.55971E-9 6.22195E-9 6.46066E-9 7.56545E-9 8.66215E-9 2.97364E-9 2.78565E-9 3.28202E-9 3.50811E-9 3.83469E-9 4.34048E-9 4.8866E-9 5.41811E-9 5.74947E-9 6.06118E-9 6.72547E-9 7.36735E-9 7.28393E-9 7.17117E-9 6.60158E-9 5.89121E-9 6.31707E-9 6.71934E-9 6.73735E-9 8.69969E-9 1.23461E-8 1.7261E-8 2.18645E-8 2.29069E-8 2.21103E-8 2.53758E-8 2.90746E-8 3.82282E-8 4.91216E-8 5.55027E-8
7.66277E-8 9.72975E-8 9.76794E-8 1.0555E-7 1.06338E-6 1.20144E-6 4.8674E-8 2.6145E-8 2.1351E-8 5.96959E-8 3.93074E-8 2.45383E-8 3.12329E-8 4.32037E-8 5.04832E-8 5.77439E-8 1.16067E-7 2.81276E-8 2.92823E-8 4.03516E-8 4.55395E-8 4.31529E-8 4.65966E-8 5.5831E-8 5.50595E-8 3.12545E-8 1.62225E-8 8.58835E-9 6.87327E-9 6.70091E-9 6.23339E-9 5.67717E-9 5.60743E-9 6.47453E-9 7.0196E-9 2.34109E-9 2.00383E-9 2.71132E-9 3.26213E-9 3.61417E-9 4.30173E-9 6.3356E-9 6.99744E-9 8.20345E-9 7.52454E-9 5.11547E-9 5.38604E-9 7.45606E-9 8.11802E-9 8.02674E-9 7.40666E-9 6.53726E-9 7.29901E-9 7.18163E-9 9.15971E-9 1.13357E-8 2.04144E-8 2.65165E-8 3.01364E-8 3.40177E-8 3.41288E-8 3.05653E-8 4.46699E-8 5.39685E-8 5.45733E-8 5.54193E-8
5.20268E-8 5.29143E-8 5.73702E-8 8.65264E-8 4.70111E-7 1.38594E-7 2.38017E-8 1.89628E-8 2.10866E-8 6.08699E-8 4.16571E-8 3.28542E-8 3.19489E-8 4.16479E-8 5.25753E-8 6.70089E-8 7.27362E-8 2.93988E-8 3.85268E-8 4.32441E-8 3.94649E-8 3.02637E-8 2.85865E-8 3.43884E-8 3.22595E-8 2.45413E-8 1.01399E-8 6.60601E-9 5.89626E-9 5.55989E-9 5.55637E-9 5.60402E-9 5.7135E-9 6.56792E-9 2.67925E-9 1.71542E-9 2.14865E-9 2.6054E-9 3.03028E-9 3.90102E-9 5.88544E-9 1.03598E-8 1.16643E-8 1.4138E-8 1.10135E-8 1.14966E-8 3.67666E-9 7.11433E-9 8.52195E-9 7.07169E-9 6.54971E-9 7.93906E-9 8.17247E-9 9.44907E-9 1.06229E-8 1.5741E-8 2.73892E-8 3.52396E-8 3.85412E-8 4.54522E-8 4.83419E-8 5.02356E-8 5.64397E-8 6.31656E-8 5.33884E-8 5.63354E-8
5.22063E-8 3.83439E-8 3.26826E-8 9.61834E-8 2.29403E-7 3.00207E-8 4.96778E-9 3.4404E-9 4.15323E-9 1.48801E-8 4.176E-8 5.046E-8 4.54472E-8 7.25505E-8 7.20139E-8 6.19719E-8 1.65747E-8 2.92245E-8 3.4231E-8 4.25407E-8 3.81342E-8 1.70078E-8 1.16302E-8 2.94562E-8 2.38551E-8 2.31522E-8 8.61064E-9 5.79096E-9 5.58208E-9 5.30462E-9 5.41639E-9 5.67457E-9 5.79063E-9 1.70434E-9 1.41874E-9 1.70475E-9 2.03811E-9 2.57399E-9 3.42452E-9 5.13421E-9 8.39581E-9 1.2811E-8 1.73594E-8 1.69449E-8 1.44412E-8 1.3279E-8 1.22863E-8 1.05943E-8 7.3639E-9 7.36025E-9 7.68494E-9 6.55213E-9 8.22527E-9 1.05306E-8 1.48151E-8 2.16644E-8 3.7285E-8 4.68334E-8 5.43119E-8 6.38695E-8 6.85389E-8 6.50595E-8 6.55254E-8 7.04892E-8 6.6245E-8 6.96186E-8
9.46135E-8 5.10597E-8 3.75686E-8 1.49821E-7 2.7238E-7 1.86058E-8 5.0768E-9 2.86834E-9 3.22291E-9 3.97506E-9 5.67586E-9 9.2355E-9 1.35745E-8 7.74837E-8 6.39533E-8 5.267E-8 2.22941E-8 3.14071E-8 3.64841E-8 3.53789E-8 3.2439E-8 1.38909E-8 7.96343E-9 8.35578E-9 1.62236E-8 2.06207E-8 8.55418E-9 5.23392E-9 5.32521E-9 5.31416E-9 5.38872E-9 5.60016E-9 1.17877E-9 1.32633E-9 1.41673E-9 1.68431E-9 1.92055E-9 2.30575E-9 3.65015E-9 6.21767E-9 9.61998E-9 1.45623E-8 1.75691E-8 1.75742E-8 1.63505E-8 1.38279E-8 1.14898E-8 9.23654E-9 9.16254E-9 8.83751E-9 7.94294E-9 8.29463E-9 9.13572E-9 1.32968E-8 1.84428E-8 2.89653E-8 4.7374E-8 6.13834E-8 6.60605E-8 7.01437E-8 8.15619E-8 7.32764E-8 7.6428E-8 8.63046E-8 8.06595E-8 8.29499E-8
1.10339E-7 8.56856E-8 4.92796E-8 9.14128E-8 3.47751E-7 1.75508E-8 4.31318E-9 3.06134E-9 3.37166E-9 4.00865E-9 6.13911E-9 1.00485E-8 1.22588E-8 1.79048E-8 8.30391E-8 1.02546E-7 8.89226E-8 1.42773E-7 6.5982E-8 2.56832E-8 2.71439E-8 8.24442E-9 4.44005E-9 4.72785E-9 9.08957E-9 8.17855E-9 3.23373E-9 2.57459E-9 2.72116E-9 3.93826E-9 5.83251E-9 1.21298E-9 1.22871E-9 1.29629E-9 1.27561E-9 1.63116E-9 2.00518E-9 2.471E-9 3.42706E-9 5.72475E-9 9.12361E-9 1.26396E-8 1.43617E-8 1.47095E-8 1.34767E-8 1.17442E-8 1.06651E-8 9.9326E-9 9.03653E-9 9.10422E-9 1.0048E-8 1.04934E-8 1.34677E-8 1.75208E-8 2.15345E-8 3.07803E-8 3.83296E-8 4.09446E-8 5.6774E-8 8.15531E-8 8.66799E-8 9.82003E-8 9.61186E-8 9.30014E-8 9.37335E-8 9.38947E-8
6.55775E-8 6.20229E-8 3.75079E-8 6.81974E-8 2.5591E-7 1.72749E-8 4.31014E-9 3.04639E-9 3.5698E-9 4.34339E-9 7.86174E-9 1.35098E-8 1.57878E-8 6.72454E-8 1.27429E-7 1.13638E-7 1.47367E-7 1.27137E-7 8.41067E-8 1.90828E-8 1.54477E-8 3.06764E-9 2.38914E-9 4.81255E-9 1.07084E-8 4.88189E-9 3.08264E-9 2.79191E-9 2.85378E-9 3.00936E-9 2.67134E-9 1.13538E-9 1.08935E-9 1.1652E-9 1.26832E-9 1.60408E-9 1.98629E-9 2.40275E-9 3.2839E-9 5.03385E-9 7.12416E-9 8.99371E-9 1.15556E-8 1.33232E-8 1.29619E-8 1.18514E-8 1.4107E-8 1.35802E-8 1.01539E-8 1.11319E-8 1.04855E-8 1.54931E-8 1.95664E-8 2.20544E-8 2.35438E-8 2.99632E-8 3.88796E-8 4.27458E-8 5.32992E-8 8.82708E-8 9.69272E-8 1.16693E-7 1.221E-7 1.19644E-7 1.16417E-7 1.13258E-7
5.99597E-8 7.91578E-8 5.96444E-8 4.78384E-8 1.30209E-7 1.77217E-8 4.33173E-9 3.91197E-9 3.99208E-9 5.11185E-9 8.71162E-9 1.60741E-8 2.74689E-8 1.182E-7 1.12304E-7 1.41584E-7 9.67619E-8 1.1099E-7 4.0057E-8 2.1396E-8 6.21077E-9 2.20727E-9 2.3797E-9 6.71051E-9 1.48754E-8 3.53669E-9 2.80761E-9 2.75157E-9 3.16057E-9 3.33289E-9 1.723E-9 1.12339E-9 1.14277E-9 1.25462E-9 1.3472E-9 1.43734E-9 2.01625E-9 2.56186E-9 3.3293E-9 4.82486E-9 6.86019E-9 8.29336E-9 1.09637E-8 1.23214E-8 1.30531E-8 1.86787E-8 1.93664E-8 1.50133E-8 1.51473E-8 1.76809E-8 1.62677E-8 2.13851E-8 2.37493E-8 3.13135E-8 2.90998E-8 3.33409E-8 4.28465E-8 4.78648E-8 5.10971E-8 1.07198E-7 1.1817E-7 1.16357E-7 1.32445E-7 1.44324E-7 1.58896E-7 1.75181E-7
8.28624E-8 7.71703E-8 6.85738E-8 8.12094E-8 1.11959E-7 1.26427E-8 6.30709E-9 4.77341E-9 4.65947E-9 4.59718E-9 6.31319E-9 1.40318E-8 7.38146E-8 1.10604E-7 1.12213E-7 1.74492E-7 1.14791E-7 6.33786E-8 2.14642E-8 8.70248E-9 3.14212E-9 2.20751E-9 2.63201E-9 8.17205E-9 6.79908E-9 3.53492E-9 2.73574E-9 2.91146E-9 3.12823E-9 3.49574E-9 1.63348E-9 1.32466E-9 1.404E-9 1.54907E-9 1.62744E-9 1.68975E-9 2.06051E-9 2.80251E-9 3.96728E-9 5.40788E-9 7.38477E-9 9.22312E-9 1.16993E-8 1.37846E-8 1.70311E-8 2.23108E-8 2.08956E-8 1.77122E-8 2.02144E-8 2.53558E-8 2.54282E-8 2.99087E-8 2.94244E-8 3.77455E-8 3.85111E-8 4.36179E-8 4.94266E-8 4.86774E-8 5.04131E-8 8.47709E-8 1.4044E-7 1.67118E-7 1.68667E-7 1.52939E-7 1.79895E-7 1.98432E-7
9.7899E-8 6.76761E-8 3.98439E-8 8.47644E-8 1.36898E-7 1.33189E-8 5.71053E-9 5.06746E-9 5.15978E-9 4.735E-9 5.59263E-9 1.02114E-8 8.40476E-8 9.54145E-8 1.76489E-7 1.98304E-7 1.32126E-7 1.71475E-8 8.13721E-9 3.86344E-9 2.60114E-9 2.46908E-9 2.99949E-9 1.17527E-8 7.24101E-9 4.20478E-9 3.63991E-9 3.81521E-9 3.96694E-9 3.96559E-9 1.86554E-9 1.67674E-9 1.80518E-9 1.95012E-9 1.9855E-9 2.09331E-9 2.37915E-9 3.41692E-9 4.89311E-9 6.50697E-9 8.65627E-9 1.07321E-8 1.37123E-8 1.95606E-8 2.68199E-8 3.2154E-8 2.92315E-8 2.74783E-8 3.01777E-8 3.41623E-8 3.75931E-8 4.02811E-8 4.38845E-8 5.60533E-8 5.45013E-8 5.41365E-8 5.27608E-8 5.06546E-8 5.4879E-8 1.58342E-7 1.54143E-7 1.662E-7 1.69262E-7 1.56778E-7 1.64968E-7 1.87049E-7
