catData/rasterBestHybridModels/Pviverrinus/RD_RM1.5_autofeature/Pviverrinus_max.asc
ncols         409
nrows         350
xllcorner     60.897278365
yllcorner     5.843756025
cellsize      0.0892857
NODATA_value  -9999
[rows 87 to 115 of 350, columns 132 to 197 of 409]
7.88029E-7 1.84398E-6 1.97306E-6 2.01373E-6 1.91402E-6 6.15689E-7 6.19666E-7 6.35273E-7 7.08866E-7 1.80489E-6 1.76891E-6 6.80181E-7 6.50553E-7 6.62885E-7 7.15529E-7 8.7789E-7 8.23677E-7 9.5767E-7 3.35855E-6 1.11694E-6 1.29696E-6 1.42167E-6 2.03827E-6 1.59337E-6 1.76509E-6 3.84886E-6 7.64512E-6 8.39131E-6 9.53686E-6 9.58239E-6 8.74566E-6 9.56537E-6 1.21398E-5 1.45949E-5 1.55692E-5 1.58899E-5 1.68598E-5 1.03474E-5 1.09525E-5 1.23407E-5 2.41327E-5 2.38119E-5 2.44023E-5 1.95553E-5 1.59084E-5 1.69426E-5 1.8231E-5 2.05662E-5 2.23052E-5 3.74988E-5 6.78811E-5 7.34997E-5 9.67085E-5 9.66572E-5 1.01568E-4 9.55564E-5 1.63693E-4 2.03179E-4 1.51627E-4 1.30411E-4 1.20857E-4 1.28402E-4 1.68657E-4 2.3062E-4 2.5558E-4 2.53374E-4
1.89764E-6 1.851E-6 2.02438E-6 2.2518E-6 6.88356E-7 6.0145E-7 6.06297E-7 6.18101E-7 7.81789E-7 1.59014E-6 6.49722E-7 5.78846E-7 6.09189E-7 6.35131E-7 6.40847E-7 6.82575E-7 5.7749E-7 6.2662E-7 7.53399E-7 8.5429E-7 9.08423E-7 8.47999E-7 9.22113E-7 1.57644E-6 1.79475E-6 1.9055E-6 2.614E-6 4.37612E-6 4.15484E-6 4.29337E-6 9.02957E-6 1.00259E-5 1.25417E-5 1.48421E-5 1.77922E-5 1.62679E-5 1.61895E-5 1.07999E-5 1.21271E-5 1.23944E-5 1.98734E-5 1.78308E-5 1.33935E-5 1.9008E-5 2.48048E-5 2.53087E-5 2.65163E-5 1.87485E-5 2.01315E-5 3.74341E-5 6.52402E-5 6.73441E-5 7.72959E-5 8.99279E-5 8.88581E-5 1.09357E-4 1.60062E-4 1.48145E-4 1.73581E-4 1.33941E-4 1.38256E-4 9.56717E-5 1.37376E-4 1.51317E-4 1.82632E-4 2.23955E-4
1.75382E-6 1.78021E-6 1.45963E-6 8.84447E-7 5.80526E-7 5.88341E-7 5.9508E-7 6.0111E-7 9.02425E-7 1.49581E-6 7.62066E-7 5.55783E-7 5.84023E-7 6.02909E-7 6.0827E-7 6.38395E-7 4.99706E-7 5.37514E-7 6.03776E-7 7.0029E-7 7.48328E-7 7.61353E-7 1.26263E-6 1.48915E-6 1.65468E-6 1.78956E-6 2.37522E-6 3.54864E-6 3.83404E-6 4.10248E-6 1.13145E-5 1.16993E-5 1.23265E-5 1.26959E-5 1.55147E-5 1.63214E-5 1.69931E-5 1.77639E-5 1.88935E-5 1.92364E-5 1.17839E-5 1.17148E-5 2.10303E-5 1.98282E-5 2.27775E-5 2.3684E-5 1.63584E-5 2.95033E-5 2.28392E-5 3.38993E-5 6.39729E-5 7.4716E-5 8.25371E-5 9.47191E-5 9.99775E-5 8.89083E-5 8.66418E-5 1.0841E-4 1.5594E-4 1.20108E-4 1.43056E-4 8.76588E-5 1.00659E-4 1.37682E-4 1.3048E-4 1.53288E-4
1.76648E-6 1.67573E-6 1.17403E-6 5.98834E-7 6.03442E-7 5.57582E-7 5.09735E-7 4.69575E-7 7.60892E-7 1.01926E-6 4.66646E-7 4.10905E-7 5.41329E-7 5.98335E-7 5.47286E-7 5.11989E-7 5.03314E-7 5.42623E-7 5.85379E-7 6.3867E-7 7.30989E-7 9.55013E-7 1.3326E-6 1.44727E-6 1.59075E-6 2.1723E-6 2.79688E-6 3.14991E-6 3.35688E-6 3.6717E-6 4.86597E-6 1.23125E-5 1.31731E-5 1.39978E-5 1.57276E-5 1.64712E-5 1.54713E-5 1.62758E-5 1.07105E-5 1.83051E-5 1.11759E-5 2.04675E-5 2.09403E-5 2.26883E-5 2.32672E-5 2.3422E-5 2.59263E-5 2.84102E-5 2.78493E-5 3.62867E-5 4.62028E-5 5.93436E-5 7.26739E-5 8.83015E-5 1.31379E-4 8.80881E-5 7.67396E-5 9.29243E-5 9.63757E-5 1.00481E-4 1.24212E-4 8.2457E-5 9.32646E-5 1.32056E-4 1.36519E-4 1.68995E-4
7.88958E-7 6.4831E-7 6.6455E-7 6.50386E-7 6.20475E-7 5.60621E-7 2.47815E-7 2.2724E-7 2.41204E-7 2.50729E-7 2.864E-7 3.01334E-7 3.67961E-7 3.54296E-7 3.54497E-7 3.55935E-7 4.68327E-7 5.5787E-7 5.86655E-7 7.63302E-7 1.13411E-6 1.2376E-6 1.3426E-6 1.42932E-6 1.32324E-6 2.06535E-6 2.1115E-6 2.88442E-6 3.12928E-6 3.10835E-6 3.62472E-6 3.8222E-6 4.41315E-6 1.22047E-5 1.50294E-5 1.62754E-5 1.53122E-5 1.52741E-5 1.6643E-5 1.78541E-5 1.43743E-5 1.96031E-5 2.19085E-5 2.31474E-5 2.25679E-5 2.35699E-5 2.25467E-5 2.40652E-5 2.60421E-5 2.90179E-5 3.94922E-5 5.34449E-5 5.62327E-5 7.40096E-5 1.0301E-4 8.11636E-5 1.10076E-4 8.65222E-5 8.03397E-5 9.55623E-5 1.18314E-4 7.86886E-5 7.382E-5 9.13411E-5 1.09009E-4 1.1998E-4
6.39313E-7 6.44446E-7 6.30647E-7 5.97216E-7 5.95845E-7 3.58616E-7 1.8312E-7 2.37578E-7 2.5038E-7 2.67535E-7 3.02896E-7 3.06028E-7 3.10427E-7 3.27888E-7 3.45756E-7 3.67954E-7 4.85124E-7 5.77265E-7 6.09349E-7 6.75468E-7 1.049E-6 1.10572E-6 1.0499E-6 1.22512E-6 1.16932E-6 1.25545E-6 1.47712E-6 1.70679E-6 2.77735E-6 2.99596E-6 3.22016E-6 3.46766E-6 3.89549E-6 5.42792E-6 1.188E-5 1.27654E-5 1.39414E-5 1.6085E-5 1.64164E-5 1.66681E-5 1.76137E-5 1.97046E-5 2.17646E-5 2.16148E-5 2.27473E-5 2.11545E-5 2.5924E-5 2.43788E-5 3.16233E-5 3.74892E-5 3.75992E-5 4.85994E-5 5.02496E-5 5.97383E-5 6.57487E-5 6.7473E-5 8.25999E-5 9.13014E-5 7.77167E-5 8.73918E-5 9.69869E-5 8.19194E-5 6.6535E-5 7.13222E-5 1.09524E-4 1.21483E-4
2.41108E-7 2.57531E-7 3.7761E-7 4.35485E-7 2.7558E-7 2.37533E-7 2.40766E-7 2.43362E-7 2.65788E-7 2.98807E-7 3.0938E-7 3.1004E-7 3.19158E-7 3.36249E-7 3.53011E-7 3.74545E-7 4.27006E-7 6.10617E-7 6.59329E-7 6.96567E-7 7.45731E-7 8.07012E-7 8.5206E-7 1.00673E-6 1.15679E-6 1.25185E-6 1.34976E-6 1.4841E-6 2.27242E-6 3.0737E-6 3.27542E-6 3.4967E-6 4.15612E-6 5.97497E-6 1.10544E-5 1.23034E-5 1.53285E-5 1.63221E-5 1.63365E-5 1.578E-5 1.35448E-5 1.63342E-5 1.69333E-5 1.99137E-5 2.20836E-5 2.21253E-5 2.20942E-5 2.45328E-5 7.2942E-5 1.02441E-4 1.25536E-4 1.30915E-4 1.15961E-4 9.23572E-5 9.07766E-5 7.2341E-5 6.82583E-5 6.75716E-5 7.46201E-5 8.34783E-5 8.50552E-5 1.00732E-4 6.84557E-5 5.80122E-5 7.50582E-5 1.12192E-4
2.00127E-7 2.04402E-7 2.02691E-7 2.13851E-7 2.23577E-7 2.3063E-7 2.34722E-7 2.48909E-7 2.96267E-7 3.07792E-7 3.11163E-7 3.21699E-7 3.40212E-7 3.59308E-7 3.68029E-7 3.94217E-7 5.70725E-7 6.5251E-7 7.0277E-7 7.35245E-7 7.77933E-7 8.27998E-7 8.72103E-7 1.02555E-6 1.14411E-6 1.23069E-6 1.36109E-6 1.48135E-6 2.35506E-6 3.07103E-6 3.32893E-6 3.53079E-6 4.48189E-6 6.885E-6 8.05019E-6 1.16229E-5 1.44276E-5 1.32008E-5 1.62797E-5 1.35669E-5 1.33477E-5 1.44748E-5 1.90715E-5 1.74665E-5 2.18534E-5 2.42078E-5 2.22295E-5 3.22115E-5 9.73833E-5 1.23533E-4 1.33067E-4 1.54382E-4 1.0179E-4 8.40857E-5 7.23596E-5 7.86278E-5 6.27937E-5 5.87734E-5 6.47114E-5 7.10963E-5 6.15377E-5 9.27546E-5 6.34854E-5 5.2735E-5 6.34741E-5 8.94765E-5
2.02008E-7 2.07421E-7 2.06487E-7 2.27141E-7 2.35963E-7 2.36245E-7 2.37673E-7 2.53888E-7 3.01226E-7 3.10845E-7 3.22389E-7 3.40099E-7 3.54795E-7 3.7287E-7 3.83089E-7 4.18159E-7 6.33141E-7 6.93868E-7 7.49889E-7 7.88636E-7 8.35268E-7 8.84929E-7 9.33069E-7 1.03747E-6 1.51787E-6 1.63621E-6 1.76893E-6 1.52858E-6 2.0227E-6 3.17175E-6 3.45136E-6 3.59885E-6 4.0657E-6 7.75066E-6 8.63683E-6 1.50208E-5 1.78558E-5 1.88733E-5 1.57425E-5 1.34753E-5 1.54796E-5 1.41043E-5 1.9444E-5 2.22868E-5 2.14942E-5 2.02983E-5 2.63298E-5 5.22896E-5 5.8137E-5 9.77901E-5 1.05762E-4 1.24755E-4 3.69613E-5 4.05669E-5 4.31861E-5 4.75283E-5 5.84047E-5 7.12004E-5 7.29356E-5 7.35501E-5 7.27652E-5 8.68057E-5 6.90155E-5 6.24915E-5 5.09102E-5 8.21811E-5
1.92582E-7 2.0273E-7 2.14322E-7 2.28535E-7 2.46524E-7 2.48615E-7 2.50026E-7 2.57666E-7 2.82143E-7 3.23281E-7 3.39754E-7 3.4703E-7 3.5289E-7 3.70952E-7 3.93161E-7 4.46634E-7 6.80279E-7 7.38721E-7 8.14356E-7 8.8574E-7 9.27422E-7 9.62033E-7 1.02644E-6 1.7249E-6 3.38761E-6 3.57868E-6 2.43993E-6 3.00404E-6 1.80719E-6 3.43403E-6 3.61181E-6 3.75047E-6 6.13951E-6 1.27669E-5 9.25728E-6 1.13315E-5 1.98869E-5 1.96773E-5 1.43812E-5 1.46071E-5 1.63235E-5 1.67818E-5 2.05328E-5 1.92744E-5 2.14743E-5 2.10082E-5 2.25564E-5 2.14576E-5 3.67428E-5 3.44689E-5 8.49984E-5 7.849E-5 7.19671E-5 3.20827E-5 3.08891E-5 3.48624E-5 4.76975E-5 6.28584E-5 6.21467E-5 6.22113E-5 7.78056E-5 6.46492E-5 7.82504E-5 6.27245E-5 5.76826E-5 5.38376E-5
2.0032E-7 2.17745E-7 2.19061E-7 2.30172E-7 2.43559E-7 2.49418E-7 2.51463E-7 2.45197E-7 2.78483E-7 3.60092E-7 4.71285E-7 4.84893E-7 3.84851E-7 3.77268E-7 4.06024E-7 5.45853E-7 7.25264E-7 7.93048E-7 8.83181E-7 9.3948E-7 9.71699E-7 1.0221E-6 1.10941E-6 2.05776E-6 3.68837E-6 3.89088E-6 4.25389E-6 5.63146E-6 7.96881E-6 1.05258E-5 4.24186E-6 4.13467E-6 1.123E-5 1.13162E-5 1.13265E-5 1.16359E-5 1.55164E-5 1.83051E-5 1.63832E-5 1.52934E-5 1.32045E-5 1.40694E-5 1.40401E-5 1.38678E-5 1.78327E-5 1.69885E-5 1.96059E-5 2.09032E-5 2.53677E-5 2.87983E-5 4.129E-5 6.51157E-5 3.74073E-5 4.02513E-5 2.59243E-5 2.72764E-5 4.24664E-5 5.00943E-5 5.5423E-5 5.84754E-5 5.96051E-5 5.53871E-5 7.89095E-5 5.82752E-5 4.84089E-5 5.25624E-5
2.10866E-7 2.35094E-7 2.31025E-7 2.353E-7 2.40777E-7 2.45753E-7 2.45857E-7 2.51426E-7 4.18536E-7 2.71803E-6 2.83991E-6 2.97777E-6 5.71576E-7 4.26615E-7 4.92551E-7 5.69013E-7 6.4458E-7 7.3688E-7 8.61496E-7 9.38891E-7 9.8888E-7 1.08678E-6 1.34926E-6 3.67868E-6 3.8917E-6 4.10289E-6 4.48947E-6 7.45756E-6 1.07035E-5 1.28601E-5 1.44651E-5 1.46698E-5 1.31912E-5 1.13965E-5 1.13034E-5 1.36652E-5 1.63849E-5 1.88496E-5 1.36565E-5 1.29515E-5 1.32226E-5 1.49655E-5 1.39522E-5 1.68131E-5 1.46765E-5 1.6466E-5 1.89593E-5 2.36784E-5 2.77995E-5 2.63637E-5 2.66249E-5 2.52375E-5 2.89408E-5 2.9304E-5 2.91849E-5 3.15519E-5 3.05166E-5 3.93846E-5 4.93192E-5 5.49934E-5 5.16598E-5 6.05277E-5 7.14669E-5 6.25583E-5 4.1061E-5 5.02171E-5
2.28418E-7 2.36935E-7 2.35298E-7 2.39169E-7 2.46778E-7 2.50181E-7 2.55203E-7 2.6846E-7 2.51769E-6 2.79322E-6 2.97463E-6 2.21853E-6 4.92453E-7 5.05257E-7 5.34962E-7 5.97582E-7 7.06079E-7 7.47746E-7 7.76265E-7 1.30825E-6 1.45678E-6 2.00283E-6 3.20101E-6 3.68898E-6 4.04404E-6 5.68734E-6 8.52548E-6 1.20243E-5 1.34891E-5 1.4358E-5 1.44422E-5 1.40973E-5 1.41665E-5 1.26784E-5 1.15598E-5 1.44169E-5 1.25653E-5 1.43681E-5 1.2456E-5 1.34084E-5 1.11309E-5 1.84224E-5 1.61122E-5 2.7318E-5 2.01894E-5 1.62455E-5 3.1225E-5 1.74613E-5 2.265E-5 2.28446E-5 2.23617E-5 2.40207E-5 2.80809E-5 3.27403E-5 3.04125E-5 2.84484E-5 3.06487E-5 3.61428E-5 3.95424E-5 4.7655E-5 4.34933E-5 5.18385E-5 6.03759E-5 6.29448E-5 5.69689E-5 3.67182E-5
2.48275E-7 2.41514E-7 2.49405E-7 2.49193E-7 2.50503E-7 2.51799E-7 2.55027E-7 1.57942E-6 2.73856E-6 2.89974E-6 2.71828E-6 5.44742E-7 5.04431E-7 5.26604E-7 5.61247E-7 6.29007E-7 7.20119E-7 7.84559E-7 8.51816E-7 1.79721E-6 2.95149E-6 3.14749E-6 3.43335E-6 4.16141E-6 8.3349E-6 1.09831E-5 1.21546E-5 1.29226E-5 1.38095E-5 1.50013E-5 1.63225E-5 1.46022E-5 1.54107E-5 1.44668E-5 1.41347E-5 1.53862E-5 1.68514E-5 1.52896E-5 1.72139E-5 1.42117E-5 1.45998E-5 1.74955E-5 1.88358E-5 2.14427E-5 1.70057E-5 1.43929E-5 1.68085E-5 1.70404E-5 2.14022E-5 2.09972E-5 1.93232E-5 2.13335E-5 2.84106E-5 2.9801E-5 2.43033E-5 2.56802E-5 2.59245E-5 2.46423E-5 2.45195E-5 3.28435E-5 3.60418E-5 4.77572E-5 5.05127E-5 5.21018E-5 6.27478E-5 4.44472E-5
2.47694E-7 2.53587E-7 2.78678E-7 2.92136E-7 2.86264E-7 7.59619E-7 5.55779E-6 5.99771E-6 3.03407E-6 3.1288E-6 3.47569E-6 7.27984E-7 6.48973E-7 6.34021E-7 6.2417E-7 6.92097E-7 7.55131E-7 8.24377E-7 1.32384E-6 2.92597E-6 3.09574E-6 3.33031E-6 3.67257E-6 4.70619E-6 1.10926E-5 1.17939E-5 1.35524E-5 1.43757E-5 1.33364E-5 1.51759E-5 1.63289E-5 1.63859E-5 1.5958E-5 1.97764E-5 1.22814E-5 2.11902E-5 1.39324E-5 1.54331E-5 1.67782E-5 1.86678E-5 1.55503E-5 1.91001E-5 2.262E-5 2.17963E-5 1.45402E-5 1.39965E-5 1.64248E-5 7.24662E-6 2.15671E-5 2.08701E-5 2.16988E-5 2.0746E-5 2.30568E-5 2.41079E-5 2.27367E-5 2.16006E-5 2.30876E-5 2.53324E-5 2.05184E-5 2.98667E-5 3.57659E-5 4.32282E-5 4.4443E-5 4.19139E-5 3.99981E-5 4.95337E-5
2.66627E-7 2.89278E-7 3.33645E-7 3.59913E-7 3.58519E-7 2.95171E-6 2.94072E-6 3.1586E-6 3.76078E-6 3.71507E-6 4.10153E-6 9.07822E-7 8.40001E-7 7.43489E-7 7.381E-7 7.98401E-7 8.29132E-7 8.75674E-7 1.60317E-6 2.30544E-6 2.68642E-6 3.29977E-6 3.94032E-6 4.62733E-6 1.0205E-5 1.04779E-5 1.19462E-5 1.16218E-5 1.62923E-5 1.82359E-5 1.982E-5 1.68144E-5 1.66665E-5 2.58063E-5 9.41163E-6 1.12349E-5 1.89686E-5 1.7361E-5 1.75102E-5 2.17074E-5 2.36203E-5 2.37315E-5 2.45375E-5 2.12364E-5 1.54614E-5 1.50216E-5 1.70956E-5 2.34817E-5 2.00834E-5 2.00702E-5 1.92578E-5 2.07441E-5 1.90677E-5 1.93601E-5 2.40426E-5 2.18751E-5 2.13602E-5 2.04325E-5 1.98884E-5 2.65276E-5 3.37047E-5 3.35213E-5 2.86379E-5 3.18864E-5 2.35399E-5 2.55071E-5
3.13887E-7 3.41329E-7 3.84283E-7 4.11737E-7 4.453E-7 4.26983E-6 4.09675E-6 3.53917E-6 1.61274E-6 1.81249E-6 7.76618E-7 8.08989E-7 9.29576E-7 7.67864E-7 7.88285E-7 8.6681E-7 9.25828E-7 1.05547E-6 2.1685E-6 2.3429E-6 2.47141E-6 2.68933E-6 3.0646E-6 6.14456E-6 6.55648E-6 7.05535E-6 8.80717E-6 1.24804E-5 1.79066E-5 2.04743E-5 2.33583E-5 2.29256E-5 1.5342E-5 2.13414E-5 1.56857E-5 2.61239E-5 1.86538E-5 2.20445E-5 2.27474E-5 2.31382E-5 2.47722E-5 2.35535E-5 2.32006E-5 2.45675E-5 2.32152E-5 2.60194E-5 2.47042E-5 1.58514E-5 2.03226E-5 1.97771E-5 2.11865E-5 2.15495E-5 2.04539E-5 2.24196E-5 2.17038E-5 2.26998E-5 2.15335E-5 1.92465E-5 2.05205E-5 2.69413E-5 2.95572E-5 3.28073E-5 3.25551E-5 2.94783E-5 2.17902E-5 2.25022E-5
3.61421E-7 3.93642E-7 4.04967E-7 4.38206E-7 5.81213E-7 6.94992E-7 6.76322E-7 6.75836E-7 7.08069E-7 7.37703E-7 7.30638E-7 7.61152E-7 8.65178E-7 9.36953E-7 9.38463E-7 1.46251E-6 1.01541E-6 1.21729E-6 2.2193E-6 2.38503E-6 2.52203E-6 2.75152E-6 3.0334E-6 4.62562E-6 8.83326E-6 1.0054E-5 1.44608E-5 2.32104E-5 2.49022E-5 2.6417E-5 2.91092E-5 9.1019E-6 1.29566E-5 2.39501E-5 2.59385E-5 1.6627E-5 2.27744E-5 2.29844E-5 2.38512E-5 2.26381E-5 2.37431E-5 2.41606E-5 2.77134E-5 2.58373E-5 1.14219E-5 1.0765E-5 2.5173E-5 2.25564E-5 1.99372E-5 2.03632E-5 2.06167E-5 2.08472E-5 2.25215E-5 2.02266E-5 1.90398E-5 2.06797E-5 2.24336E-5 2.02322E-5 1.83551E-5 2.12258E-5 2.59028E-5 2.70808E-5 2.95762E-5 3.0151E-5 2.54844E-5 2.34458E-5
3.83275E-7 4.04725E-7 4.30636E-7 4.47993E-7 6.47069E-7 7.45675E-7 7.52041E-7 7.60956E-7 7.54321E-7 7.50279E-7 7.57565E-7 8.07056E-7 8.64415E-7 1.65259E-6 1.9481E-6 2.24404E-6 2.07118E-6 2.40141E-6 2.49395E-6 2.83545E-6 2.80612E-6 3.37853E-6 3.63625E-6 9.71119E-6 1.14963E-5 1.75902E-5 2.02061E-5 2.5027E-5 2.81169E-5 2.45563E-5 2.9199E-5 9.59832E-6 2.70366E-5 2.46263E-5 2.3417E-5 2.93816E-5 1.1691E-5 2.74455E-5 2.05211E-5 2.23618E-5 2.74386E-5 3.30616E-5 1.62611E-5 2.11026E-5 8.5979E-6 2.31842E-5 1.97885E-5 2.02438E-5 1.89859E-5 2.00881E-5 1.98849E-5 2.03753E-5 1.84022E-5 2.01081E-5 1.93582E-5 2.13953E-5 1.99722E-5 1.62547E-5 1.68295E-5 1.83724E-5 2.33921E-5 2.46928E-5 2.62668E-5 2.46571E-5 2.29536E-5 2.45251E-5
3.62927E-7 4.23458E-7 4.19364E-7 4.31478E-7 6.28247E-7 7.79976E-7 8.25148E-7 8.29832E-7 8.1397E-7 7.97846E-7 8.17627E-7 8.37269E-7 8.85289E-7 1.55933E-6 1.91359E-6 2.20403E-6 2.41981E-6 2.52389E-6 3.18903E-6 2.98257E-6 3.25809E-6 3.88534E-6 4.62969E-6 9.62322E-6 1.69007E-5 2.21314E-5 2.2194E-5 1.80516E-5 2.93757E-5 2.51219E-5 1.49045E-5 1.47839E-5 2.97566E-5 3.02181E-5 3.70623E-5 2.71593E-5 3.59428E-5 2.78572E-5 2.54376E-5 3.32341E-5 3.20317E-5 1.05953E-5 2.19203E-5 2.29554E-5 2.60578E-5 2.27743E-5 2.11385E-5 2.06036E-5 2.07257E-5 2.02883E-5 2.0178E-5 1.96503E-5 2.1273E-5 2.02914E-5 2.07317E-5 2.02725E-5 1.94992E-5 1.68123E-5 1.68089E-5 1.92097E-5 2.08403E-5 2.0488E-5 1.90779E-5 2.16999E-5 2.0689E-5 2.16707E-5
4.70898E-7 4.51267E-7 4.19978E-7 4.43127E-7 7.07278E-7 8.00678E-7 8.26621E-7 8.22518E-7 8.26366E-7 1.0312E-6 1.10862E-6 1.04674E-6 1.03698E-6 1.29128E-6 1.45577E-6 1.49095E-6 2.25844E-6 2.71463E-6 2.82913E-6 2.974E-6 3.84491E-6 4.13121E-6 5.8266E-6 1.47016E-5 2.04418E-5 2.35474E-5 2.65884E-5 3.03082E-5 1.66492E-5 2.23025E-5 2.78802E-5 2.97196E-5 3.23493E-5 3.52946E-5 3.7402E-5 3.42916E-5 1.16083E-5 8.09295E-6 2.13827E-5 1.06909E-5 1.6871E-5 1.02822E-5 7.70107E-6 1.94162E-5 2.39527E-5 2.05569E-5 2.09126E-5 2.07758E-5 2.38243E-5 2.08206E-5 1.96563E-5 1.91336E-5 2.0877E-5 2.16717E-5 1.8033E-5 1.91515E-5 2.83738E-5 2.03094E-5 2.04065E-5 1.73969E-5 1.84759E-5 1.80762E-5 1.68134E-5 2.02637E-5 2.0459E-5 2.0439E-5
5.33203E-7 5.75504E-7 5.73306E-7 5.30887E-7 7.12034E-7 8.31194E-7 8.37088E-7 8.36112E-7 8.46735E-7 1.53504E-6 1.60991E-6 1.32431E-6 1.12409E-6 1.18639E-6 1.2941E-6 1.35843E-6 1.46817E-6 2.72128E-6 2.60121E-6 3.56624E-6 4.49288E-6 5.48747E-6 6.45014E-6 8.27686E-6 1.48522E-5 1.75088E-5 2.00663E-5 1.68238E-5 1.31635E-5 1.93719E-5 2.56684E-5 2.9986E-5 3.48375E-5 3.74208E-5 4.52581E-5 4.38644E-5 3.89112E-5 2.63188E-5 1.02881E-5 1.51378E-5 1.64204E-5 1.27385E-5 1.78173E-5 2.3502E-5 2.4565E-5 2.07241E-5 2.11358E-5 2.18066E-5 1.90195E-5 2.02971E-5 1.86882E-5 1.89117E-5 1.94244E-5 2.1517E-5 2.07296E-5 1.97952E-5 2.03863E-5 2.03129E-5 2.14839E-5 2.17618E-5 1.9875E-5 1.73778E-5 1.69403E-5 1.85385E-5 1.94862E-5 2.00244E-5
6.06648E-7 6.30698E-7 6.46372E-7 6.72911E-7 7.06825E-7 8.74158E-7 8.87753E-7 8.83882E-7 1.07815E-6 1.69419E-6 1.74268E-6 1.76417E-6 1.60063E-6 1.22141E-6 1.31478E-6 1.37251E-6 1.32294E-6 1.48306E-6 2.8334E-6 3.67996E-6 4.80065E-6 6.08161E-6 4.86026E-6 8.37582E-6 1.30008E-5 1.57077E-5 1.8213E-5 1.10707E-5 1.75652E-5 1.72941E-5 2.42903E-5 3.35172E-5 3.53647E-5 4.32341E-5 4.66843E-5 4.91258E-5 4.15182E-5 4.46837E-5 2.33327E-5 6.94366E-6 1.35062E-5 1.32102E-5 1.86E-5 3.47889E-5 1.76401E-5 1.76001E-5 2.11266E-5 2.08286E-5 2.05131E-5 1.97986E-5 1.78312E-5 1.88259E-5 1.78042E-5 1.89022E-5 2.02167E-5 2.01987E-5 2.13135E-5 2.23156E-5 2.20823E-5 2.29337E-5 2.32263E-5 2.14876E-5 1.8415E-5 2.42883E-5 2.45759E-5 2.10153E-5
6.87106E-7 6.92785E-7 7.02801E-7 7.23623E-7 8.78792E-7 1.04396E-6 1.02234E-6 1.05829E-6 1.12408E-6 1.80159E-6 1.84769E-6 1.79303E-6 1.65869E-6 1.28183E-6 1.30969E-6 1.24285E-6 1.22507E-6 1.32006E-6 2.24033E-6 3.93727E-6 4.85321E-6 6.29804E-6 7.68508E-6 9.66071E-6 1.30536E-5 1.55241E-5 1.75606E-5 1.74124E-5 1.52166E-5 1.64058E-5 2.20567E-5 2.93122E-5 3.36508E-5 4.20084E-5 4.96779E-5 4.80321E-5 3.91141E-5 2.2089E-5 1.13325E-5 7.25768E-6 1.05388E-5 1.29239E-5 3.75653E-5 8.38347E-6 1.38575E-5 1.83237E-5 1.78788E-5 2.05874E-5 2.07592E-5 2.10428E-5 2.05262E-5 1.84032E-5 1.82906E-5 1.92303E-5 2.05095E-5 2.06282E-5 2.13236E-5 1.99946E-5 4.40198E-5 6.75084E-5 2.3335E-5 2.31767E-5 2.2919E-5 2.41247E-5 2.38458E-5 1.64535E-5
7.68793E-7 7.94848E-7 7.97546E-7 8.00958E-7 8.89854E-7 1.10194E-6 1.10835E-6 1.14591E-6 1.39639E-6 1.98822E-6 2.09486E-6 1.92792E-6 1.89796E-6 2.14684E-6 1.59785E-6 1.31093E-6 1.40239E-6 1.5277E-6 2.53863E-6 4.9399E-6 5.47082E-6 6.4453E-6 7.76576E-6 1.04102E-5 1.11481E-5 1.3937E-5 1.46966E-5 1.27564E-5 1.35466E-5 1.48467E-5 2.04887E-5 2.89091E-5 3.37193E-5 4.10831E-5 4.73753E-5 4.68506E-5 1.85647E-5 9.17071E-6 9.14815E-6 6.41698E-6 9.43555E-6 1.07576E-5 1.08509E-5 2.00465E-5 1.90761E-5 1.81839E-5 1.63138E-5 1.9447E-5 1.98311E-5 2.11004E-5 1.96797E-5 1.94268E-5 1.93837E-5 1.93554E-5 1.89919E-5 2.09605E-5 2.21602E-5 2.38376E-5 4.935E-5 5.27072E-5 5.21863E-5 4.41827E-5 2.47654E-5 2.43698E-5 2.28094E-5 1.77545E-5
9.00599E-7 9.66347E-7 1.02983E-6 1.0743E-6 1.10998E-6 1.19992E-6 1.23578E-6 1.26526E-6 1.38401E-6 2.32631E-6 2.36769E-6 2.03793E-6 2.10131E-6 2.16435E-6 2.09873E-6 2.09519E-6 1.84533E-6 2.15866E-6 3.32858E-6 5.51733E-6 5.8339E-6 6.06013E-6 7.76072E-6 1.04058E-5 1.03761E-5 1.14556E-5 1.12131E-5 1.02673E-5 1.41673E-5 1.76968E-5 2.19128E-5 3.06744E-5 3.91609E-5 4.10004E-5 4.29352E-5 2.736E-5 1.82771E-5 1.11489E-5 1.56103E-5 6.77834E-6 8.57861E-6 9.72969E-6 1.73221E-5 1.6334E-5 1.8586E-5 2.08731E-5 1.66515E-5 1.5009E-5 1.92346E-5 1.85647E-5 1.98154E-5 1.88855E-5 1.91104E-5 1.90332E-5 1.86151E-5 2.13198E-5 2.22656E-5 2.40564E-5 2.99455E-5 2.95929E-5 2.41279E-5 2.25733E-5 2.21924E-5 2.5467E-5 2.31007E-5 1.9138E-5
1.18922E-6 1.20891E-6 1.1969E-6 1.19465E-6 1.21898E-6 1.31707E-6 1.34253E-6 1.27043E-6 1.36977E-6 2.23744E-6 2.17857E-6 2.20133E-6 2.47905E-6 2.00625E-6 2.19014E-6 2.01755E-6 2.1224E-6 2.16717E-6 3.34044E-6 5.15048E-6 5.49481E-6 2.68248E-6 2.77345E-6 1.35239E-5 8.44171E-6 9.30554E-6 1.09603E-5 1.19249E-5 1.47578E-5 1.56307E-5 1.8565E-5 3.53234E-5 9.23208E-5 9.66553E-5 1.07818E-4 5.56461E-5 3.13013E-5 4.7576E-6 1.50122E-5 7.6562E-6 2.13445E-5 2.28533E-5 2.27865E-5 2.45576E-5 2.29237E-5 2.10374E-5 1.85008E-5 1.7425E-5 1.7331E-5 2.20421E-5 2.37532E-5 1.97183E-5 1.94179E-5 1.85439E-5 1.96588E-5 1.86849E-5 2.09501E-5 2.28343E-5 2.35048E-5 2.35304E-5 2.37342E-5 2.17499E-5 2.13463E-5 2.40026E-5 2.34883E-5 2.46203E-5
1.28076E-6 1.29241E-6 1.28636E-6 1.26744E-6 1.2791E-6 1.30847E-6 1.31011E-6 1.67435E-6 2.01335E-6 2.45392E-6 2.32979E-6 2.56007E-6 2.99615E-6 2.99415E-6 2.51518E-6 1.90945E-6 1.9714E-6 1.99625E-6 2.06115E-6 1.64569E-6 2.08018E-6 1.83635E-6 2.61182E-6 1.18748E-5 6.02911E-6 7.60243E-6 1.5747E-5 1.50813E-5 1.57381E-5 1.57313E-5 8.55209E-6 2.38246E-5 3.28754E-5 3.41151E-5 3.50154E-5 2.71259E-5 1.88858E-5 2.81469E-5 2.67692E-5 2.26495E-5 1.04802E-5 8.29319E-6 1.41495E-5 9.13883E-6 1.55253E-5 2.12135E-5 1.12685E-5 1.54613E-5 1.73032E-5 1.83437E-5 1.95733E-5 2.07296E-5 1.98911E-5 1.86715E-5 1.94221E-5 1.88328E-5 2.0137E-5 2.19698E-5 2.15677E-5 2.33676E-5 2.30993E-5 1.86723E-5 2.03529E-5 2.12089E-5 2.17781E-5 2.01033E-5
1.27922E-6 1.36931E-6 1.3683E-6 1.32184E-6 1.33914E-6 1.37476E-6 1.3986E-6 2.02569E-6 2.67572E-6 2.84914E-6 2.78469E-6 2.71567E-6 2.9041E-6 2.9155E-6 2.63836E-6 2.18019E-6 1.92473E-6 1.99847E-6 1.20949E-6 9.94925E-7 2.93783E-6 2.39492E-6 4.30277E-6 3.45863E-6 2.42964E-6 4.90559E-6 4.51338E-6 8.88341E-6 1.32896E-5 5.36112E-6 4.40794E-6 5.03729E-6 3.65573E-6 6.82227E-6 7.63998E-6 8.32385E-6 2.28483E-5 6.7516E-6 1.03195E-5 2.17062E-5 2.22304E-5 9.67969E-6 8.19683E-6 1.82212E-5 1.35758E-5 1.47189E-5 9.71365E-6 1.61169E-5 1.80479E-5 2.00872E-5 2.06782E-5 1.92392E-5 1.41463E-5 1.62725E-5 1.20533E-5 1.38406E-5 1.96361E-5 2.20608E-5 2.30639E-5 2.29304E-5 1.99705E-5 2.00389E-5 2.21176E-5 2.17888E-5 2.22074E-5 2.28524E-5
