catData/rasterBestHybridModels/Pviverrinus/RD_RM1.5_autofeature/Pviverrinus_avg.asc
ncols         409
nrows         350
xllcorner     60.897278365
yllcorner     5.843756025
cellsize      0.0892857
NODATA_value  -9999
[rows 145 to 173 of 350, columns 198 to 263 of 409]
1.73377E-6 2.10669E-6 2.0942E-6 1.0256E-6 9.27981E-7 2.25623E-6 1.31059E-6 1.3445E-6 7.29969E-7 5.4318E-7 6.80029E-7 5.31358E-7 7.59477E-7 3.37304E-7 6.8425E-7 1.14143E-6 4.3158E-7 3.81603E-7 2.43707E-7 3.71362E-7 6.15185E-7 1.86777E-6 9.21827E-6 6.17598E-6 4.55044E-6 3.67891E-6 3.85278E-6 1.87983E-6 1.03467E-6 1.95362E-6 1.30649E-6 1.42442E-6 1.13766E-6 5.40496E-6 8.70191E-6 8.06047E-6 4.74502E-6 9.3724E-7 1.10567E-6 2.17006E-6 7.87429E-7 9.37566E-7 2.93473E-6 9.21183E-6 5.93896E-6 1.07164E-5 2.04071E-5 1.29048E-4 3.45864E-5 1.14603E-5 1.0502E-5 8.90237E-6 1.37167E-5 4.01546E-6 7.87405E-6 1.11886E-5 2.77052E-5 4.18498E-5 4.11508E-5 4.08961E-5 1.7304E-5 1.59441E-5 4.84755E-5 1.75153E-5 1.43549E-5 1.34398E-5
3.04518E-6 2.82463E-6 2.68224E-6 1.14339E-6 1.49582E-6 6.76122E-7 5.91594E-7 9.7911E-7 1.43132E-6 7.96745E-7 7.06279E-7 2.08993E-7 1.77859E-7 9.01008E-7 1.14321E-6 4.25703E-7 4.39315E-7 2.48375E-7 2.50331E-7 1.70889E-7 2.59816E-6 5.44169E-6 2.5979E-6 1.7901E-6 2.70044E-6 2.16429E-6 1.11069E-6 3.6458E-7 2.87231E-7 1.30948E-6 1.41249E-6 5.7435E-7 8.90759E-7 3.46799E-6 2.75626E-6 6.21968E-6 2.46032E-6 9.03313E-7 1.60661E-6 1.24386E-6 1.54945E-6 6.95867E-6 1.4802E-5 5.59405E-6 3.32544E-6 5.34089E-6 1.96224E-5 1.72441E-5 9.89534E-6 1.16996E-5 7.52321E-6 9.61725E-6 1.34673E-5 4.82145E-6 2.75814E-6 4.0237E-6 6.8243E-6 9.8632E-6 1.32126E-5 4.79713E-5 4.2897E-5 1.13246E-5 1.18545E-5 2.12485E-5 1.64498E-5 2.22076E-5
5.86639E-6 6.92035E-6 6.1097E-6 5.0546E-6 1.38678E-6 5.28693E-7 8.56689E-7 1.69433E-6 9.36258E-7 8.70706E-7 9.45075E-7 4.28748E-7 8.60549E-7 7.37868E-7 9.65352E-7 6.3803E-7 1.04495E-6 8.02997E-7 1.03612E-6 3.85112E-7 2.25812E-6 2.54775E-6 2.66684E-6 2.30977E-6 1.51288E-6 1.08936E-6 1.45516E-6 1.3136E-6 1.19048E-6 8.01511E-7 9.51974E-7 5.58672E-7 1.06817E-6 7.47496E-7 1.32876E-6 1.98136E-6 3.8636E-6 1.60535E-6 3.02331E-6 2.33308E-6 1.19518E-6 6.04903E-6 2.98123E-5 1.07463E-5 4.60598E-6 6.19715E-6 6.08693E-6 1.00048E-5 7.09783E-6 1.03941E-5 8.12832E-6 1.10888E-5 9.58996E-6 3.28388E-6 3.24742E-6 3.4651E-6 1.22089E-5 6.55645E-6 1.52582E-5 2.60709E-5 6.20674E-5 5.76679E-5 5.52463E-5 2.07733E-5 2.06975E-5 1.87433E-5
6.59058E-6 5.56508E-6 3.57801E-6 2.67378E-6 1.79666E-6 5.32108E-7 5.37425E-7 1.02692E-6 8.40845E-7 3.22849E-6 2.31299E-6 1.93682E-6 6.4898E-7 9.5535E-7 1.4311E-6 1.17695E-6 4.44165E-6 7.34593E-6 2.28703E-6 2.45576E-6 3.94265E-6 4.26867E-6 2.84166E-6 2.96084E-6 3.98092E-6 4.90738E-6 1.93126E-6 8.80252E-6 1.26828E-6 3.90668E-7 1.26382E-6 1.936E-6 2.52194E-6 2.11595E-6 1.13591E-6 1.15463E-6 6.83125E-6 8.12814E-6 1.31306E-5 1.25276E-5 2.69793E-6 5.84348E-6 2.6047E-5 6.51904E-5 1.49054E-5 8.24166E-6 3.34197E-6 2.47563E-6 5.67814E-6 4.07332E-6 2.55805E-6 3.26247E-6 2.50327E-6 2.42655E-6 1.93533E-6 2.74878E-6 3.27994E-6 4.88287E-6 8.81289E-6 1.26075E-5 4.36297E-5 2.91008E-5 1.74536E-5 7.82523E-6 9.14379E-6 1.02596E-5
7.9129E-6 5.15903E-6 2.0206E-6 1.74562E-6 5.9705E-6 7.72289E-7 9.14515E-7 7.60206E-7 9.66669E-7 2.57638E-6 1.90612E-6 4.26381E-7 8.11795E-7 9.48019E-7 3.59747E-6 1.09133E-6 2.15953E-6 4.63479E-6 3.05461E-6 3.1747E-6 3.75476E-6 4.60284E-6 5.32864E-6 2.97365E-6 2.83351E-6 5.1966E-6 3.26052E-6 2.88321E-6 1.66285E-6 8.80963E-7 1.17059E-6 1.35461E-6 2.07525E-6 2.11324E-6 1.71148E-6 8.87421E-7 1.6039E-6 3.80789E-6 8.35445E-6 6.32031E-6 1.09216E-5 9.1948E-6 1.376E-5 1.66636E-5 3.63449E-5 2.54598E-5 4.14891E-6 8.43536E-6 3.09386E-6 3.16584E-6 3.2958E-6 4.55183E-6 6.12075E-6 5.31953E-6 6.91532E-6 3.69559E-6 2.62821E-6 4.09693E-6 5.18364E-6 1.48038E-5 4.0564E-6 1.29807E-5 7.69305E-6 8.98955E-6 1.39788E-5 1.73847E-5
7.89428E-6 5.86859E-6 1.65437E-6 4.25882E-6 3.91471E-6 1.03562E-6 8.39286E-7 9.04562E-7 2.33166E-6 3.29939E-6 1.8727E-6 3.63289E-7 5.87859E-7 1.42703E-6 1.99209E-6 2.23444E-6 2.55049E-6 4.77962E-6 4.45476E-6 6.92106E-6 8.2223E-6 6.28928E-6 4.39463E-6 2.11107E-6 2.26663E-6 1.52612E-5 5.37992E-6 1.42233E-5 2.12981E-6 2.06678E-6 3.42317E-6 2.33139E-6 1.76173E-6 2.17291E-6 1.26619E-6 4.76523E-6 2.17994E-6 7.2985E-6 9.25054E-6 1.39399E-5 1.43934E-5 1.60546E-5 1.57464E-5 8.64801E-6 1.59566E-5 4.05013E-5 3.12475E-5 1.15262E-5 1.76238E-5 1.06616E-5 3.73473E-6 3.1785E-6 2.62165E-6 4.45919E-6 5.38455E-6 2.20943E-5 4.76128E-6 4.19206E-6 3.34286E-6 2.3363E-5 1.33011E-5 6.52177E-6 2.31192E-5 9.6524E-6 1.232E-5 1.91536E-4
9.27785E-6 2.60968E-6 1.44705E-6 8.25361E-7 1.78994E-6 2.40333E-6 9.67317E-7 2.26578E-6 1.8971E-6 1.64748E-6 1.52469E-6 4.98664E-7 1.0653E-6 1.69643E-6 2.45663E-6 5.96966E-6 3.90338E-6 4.59332E-6 3.35295E-6 5.45016E-6 7.43932E-6 6.02298E-6 4.56747E-6 2.02407E-6 2.16183E-6 2.50139E-6 3.56353E-6 1.31263E-5 9.0097E-6 6.37184E-6 3.67003E-6 2.68444E-6 4.00681E-6 1.30509E-5 1.51086E-6 1.08093E-6 2.13576E-6 7.63791E-6 1.41713E-5 1.27854E-5 1.50864E-5 2.10201E-5 1.34846E-5 1.13021E-5 1.43723E-5 4.99555E-5 4.3146E-5 1.13183E-5 1.49927E-5 6.71622E-6 5.24405E-6 6.03565E-6 9.24118E-6 6.95039E-6 8.28394E-6 9.80819E-6 9.80031E-6 8.52418E-6 3.49896E-6 7.92592E-6 2.30927E-5 3.74151E-5 1.41138E-5 6.48325E-6 8.81385E-6 3.52335E-5
9.2961E-7 7.29074E-7 1.38507E-6 1.00988E-6 1.18581E-6 9.52395E-7 1.48531E-6 7.68157E-7 3.38761E-7 7.44344E-7 6.69813E-7 9.52925E-7 2.69101E-6 2.94682E-6 8.42949E-6 4.35347E-6 5.33376E-6 7.2489E-6 5.01034E-6 2.82243E-6 5.431E-6 5.25379E-6 3.06239E-6 3.87888E-6 3.07933E-6 1.73872E-6 2.48399E-6 3.26846E-6 4.49411E-6 7.27084E-6 3.4888E-6 2.69579E-6 2.86506E-6 2.10235E-6 1.43234E-6 9.72111E-7 3.76978E-6 4.95963E-6 1.08807E-5 5.47281E-5 4.78234E-5 4.12609E-5 1.42279E-5 3.77479E-6 3.5102E-6 3.13881E-5 2.48214E-5 6.16016E-6 1.06531E-5 7.02228E-6 3.06984E-6 4.70414E-6 4.95051E-6 1.13132E-5 1.08369E-5 1.1184E-5 1.09824E-5 9.68683E-6 9.66148E-6 2.01082E-5 1.72737E-5 9.74192E-6 1.29338E-5 3.03325E-5 1.64715E-5 8.73836E-6
1.36955E-6 1.04562E-6 2.11203E-6 9.24715E-7 1.05091E-6 9.83355E-7 9.42253E-7 6.44612E-7 4.38303E-7 1.01263E-6 7.36917E-7 6.37681E-7 2.08425E-6 1.55435E-6 2.98741E-6 7.97116E-6 1.09684E-5 8.76572E-6 5.90876E-6 2.89731E-6 4.64116E-6 5.14069E-6 3.16304E-6 5.67391E-6 2.84219E-6 1.918E-6 1.99664E-6 1.52628E-6 2.88678E-6 4.15052E-6 4.14041E-6 2.65531E-6 3.65196E-6 3.13265E-6 1.39537E-6 1.64971E-6 4.91365E-6 3.43193E-6 2.05102E-6 9.21057E-6 1.27122E-5 1.38453E-5 1.51631E-5 4.76535E-6 3.55142E-6 1.71436E-5 9.7159E-6 5.14588E-6 4.98297E-6 3.17829E-6 2.13224E-6 3.83465E-6 5.0398E-6 7.76943E-6 1.03937E-5 1.39081E-5 6.66722E-6 4.51407E-6 1.10271E-5 4.98454E-6 3.53212E-6 1.64461E-5 1.01056E-5 5.57584E-6 6.83019E-6 8.95286E-6
1.1568E-6 8.71116E-7 8.0864E-7 8.62011E-7 8.93845E-7 1.35241E-6 2.84735E-6 1.52069E-6 6.00167E-7 7.78786E-7 6.91554E-7 1.93938E-6 2.88367E-6 8.13418E-6 9.77116E-6 8.90344E-6 1.15722E-5 8.92903E-6 1.06192E-5 2.22091E-6 3.35328E-6 2.33563E-6 6.72955E-6 1.4035E-5 1.15214E-5 3.13419E-6 3.64552E-6 2.69316E-6 3.52991E-6 4.49256E-6 3.58325E-6 3.31272E-6 3.61317E-6 1.94167E-6 8.03514E-7 1.10523E-6 9.88606E-7 2.22624E-6 7.9031E-7 1.60976E-6 3.94764E-6 4.29835E-6 1.01055E-5 1.74658E-5 1.45927E-5 1.9103E-5 3.77794E-6 1.48279E-6 2.78067E-6 4.7389E-6 4.58691E-6 3.07598E-6 5.44174E-6 9.88508E-6 1.58981E-5 9.41417E-6 7.04522E-6 3.76349E-6 3.41609E-6 3.97401E-6 3.68129E-6 5.62616E-6 1.88369E-5 5.04724E-6 7.06916E-6 1.95885E-5
7.10269E-7 1.65849E-6 2.1609E-6 1.61942E-6 1.78111E-6 3.94327E-6 4.17067E-6 4.69549E-6 1.4684E-6 2.5307E-6 4.11234E-6 2.51282E-6 1.1287E-5 1.13775E-5 1.25344E-5 1.93625E-5 1.50138E-5 1.23701E-5 2.54418E-6 1.36314E-6 1.84044E-6 5.72979E-6 7.78053E-6 5.42348E-6 9.16515E-6 4.35175E-6 2.72871E-6 7.54525E-6 3.04951E-6 4.69051E-6 5.49117E-6 2.71647E-6 3.40282E-6 5.2756E-6 1.37768E-6 5.9647E-6 7.37708E-6 5.48632E-7 1.24182E-6 2.49946E-6 5.29594E-6 4.05768E-6 1.32985E-5 9.89646E-6 9.5412E-6 5.90365E-6 2.623E-6 1.49485E-6 2.4039E-6 4.32947E-6 6.39188E-6 1.22718E-5 9.04931E-6 1.05606E-5 2.11296E-5 1.39306E-5 4.43573E-6 6.32256E-6 5.52405E-6 4.61253E-6 5.62224E-6 1.0989E-5 1.36504E-5 8.79461E-6 1.3177E-5 3.15018E-5
1.45126E-6 1.01174E-6 2.29716E-6 4.79635E-7 4.03038E-7 7.90151E-7 2.8303E-6 4.62664E-6 2.6465E-6 3.91854E-6 2.29299E-6 3.88156E-6 5.65399E-6 1.25021E-5 1.42418E-5 1.36689E-5 6.48551E-6 5.60489E-6 7.05402E-7 1.61283E-6 9.51587E-7 5.57656E-6 1.79222E-5 1.3845E-5 3.22168E-6 1.71481E-6 2.75171E-6 3.28541E-6 2.95799E-6 6.37269E-6 4.84388E-6 1.17876E-5 3.76219E-6 4.58261E-6 7.3527E-6 8.59102E-6 7.32912E-6 3.78632E-6 4.48376E-6 3.11199E-6 2.99199E-6 2.78646E-6 3.16807E-6 2.93337E-6 1.44648E-5 4.49139E-6 2.81556E-6 5.48346E-6 7.28634E-6 4.01029E-6 1.79034E-5 2.46488E-5 1.95682E-5 3.59661E-5 2.11041E-5 1.06794E-5 3.74891E-6 5.20969E-6 8.05762E-6 5.72898E-6 6.90346E-6 1.1001E-5 2.81348E-5 9.48857E-6 1.01401E-5 2.55462E-5
2.6622E-6 2.00686E-6 1.23745E-6 8.10695E-7 8.35723E-7 5.14645E-6 2.00352E-6 8.19973E-7 8.30693E-7 1.22459E-6 2.76851E-6 3.04659E-6 5.39169E-6 9.15338E-6 9.55288E-6 9.41522E-6 7.43467E-6 9.90512E-6 1.17574E-6 1.34557E-6 1.38435E-6 2.04062E-6 1.18638E-5 1.30837E-5 1.66307E-6 6.75957E-7 6.44057E-7 3.05058E-6 3.04706E-6 3.10782E-6 2.55185E-6 5.77875E-6 4.48547E-6 3.85352E-6 2.0359E-5 1.01274E-5 1.29311E-5 6.1092E-6 2.06472E-6 3.57026E-6 2.78842E-6 3.02236E-6 2.54825E-6 2.43385E-6 2.89996E-6 3.35329E-6 4.50268E-6 7.98446E-6 1.34117E-5 1.04228E-5 1.22419E-5 1.35896E-5 2.94433E-5 1.88445E-5 1.89383E-5 8.88154E-6 4.346E-6 1.0609E-5 6.50106E-6 2.06132E-5 7.8276E-6 7.10017E-6 3.21745E-5 1.75363E-5 1.12735E-5 5.88293E-5
3.46711E-6 5.76862E-6 3.46409E-6 2.04889E-6 1.23791E-6 1.16271E-6 2.33376E-6 9.61499E-7 2.8421E-6 2.16531E-6 1.83171E-6 4.8967E-6 6.59908E-6 8.48891E-6 9.56984E-6 2.26909E-5 1.44136E-6 1.26899E-6 1.73227E-6 1.75423E-6 2.07829E-6 1.91245E-6 2.07513E-6 1.44405E-6 1.45409E-6 1.09777E-6 6.05663E-7 1.18775E-6 4.10475E-7 1.91719E-6 6.14394E-6 4.02566E-6 2.7656E-6 3.24469E-6 6.29416E-6 2.80548E-5 1.29354E-5 8.47408E-6 6.46625E-6 5.18473E-6 2.83351E-6 8.00414E-7 3.86876E-7 3.47074E-7 6.02434E-7 4.49978E-6 3.80321E-6 8.55324E-6 1.80918E-5 1.37498E-5 3.20448E-5 2.40238E-5 3.25983E-5 1.61784E-5 2.55608E-5 1.33737E-5 1.2633E-5 9.45959E-6 1.17953E-5 1.22175E-5 1.76558E-5 7.87796E-6 1.11213E-5 2.85942E-5 1.01479E-5 1.99951E-5
3.01467E-6 8.31321E-6 5.3519E-6 9.12433E-6 6.13897E-6 3.11849E-6 1.20369E-6 9.7656E-7 3.68456E-6 3.26283E-6 3.15976E-6 1.6082E-6 1.84151E-6 1.31865E-5 1.40145E-5 2.69549E-5 1.37062E-6 1.31866E-6 1.52577E-6 1.08991E-6 1.88629E-6 2.15849E-6 2.79837E-6 2.03112E-6 3.8194E-6 3.11427E-6 7.30502E-7 3.11667E-6 1.10068E-6 1.18582E-6 8.55108E-7 1.95261E-6 1.83243E-6 5.67971E-6 3.66837E-6 4.03305E-6 4.13094E-6 6.16453E-6 7.3325E-6 6.15193E-6 1.0175E-6 6.51509E-7 4.01153E-7 3.0366E-7 7.80168E-7 5.90758E-6 2.7661E-5 1.91602E-5 5.25948E-5 2.1599E-5 4.05532E-5 2.09738E-5 9.77238E-6 1.22687E-5 1.53648E-5 1.76096E-5 1.39916E-5 1.63292E-5 7.0869E-6 1.31066E-5 2.32241E-5 8.23072E-6 1.93556E-5 1.29944E-5 1.05728E-5 1.62413E-5
2.35005E-6 7.98612E-6 1.00078E-5 1.30294E-5 1.25064E-5 6.87778E-6 2.96962E-6 3.41124E-6 1.88772E-6 1.14722E-6 1.54531E-6 1.98341E-6 1.11506E-6 1.37167E-6 2.2211E-6 2.64941E-6 2.43555E-6 1.36398E-6 1.04873E-6 1.14276E-6 2.42366E-6 3.05529E-6 2.56153E-6 2.06324E-6 2.49142E-6 2.89427E-6 7.36006E-6 2.22278E-6 3.35429E-6 2.47724E-6 1.63029E-6 2.16786E-6 1.67857E-6 9.68855E-7 2.45484E-6 5.77294E-6 7.94281E-6 1.08116E-5 1.04745E-5 8.68913E-6 1.56121E-6 1.17367E-6 5.39531E-7 7.56036E-7 8.89335E-7 1.96794E-6 5.90624E-6 1.87546E-5 3.59821E-5 5.90571E-5 3.75043E-5 1.1164E-5 7.63018E-6 1.06782E-5 1.51078E-5 6.6273E-6 1.31481E-5 9.09767E-6 8.04001E-6 7.43698E-6 8.72122E-6 1.42477E-5 1.97597E-5 4.47237E-5 1.39789E-5 1.7351E-5
5.18539E-6 2.38108E-6 2.26023E-5 1.27108E-5 5.28008E-6 2.1563E-6 1.40113E-6 1.6973E-6 2.26303E-6 2.15553E-6 1.44581E-6 6.58116E-7 4.85069E-7 6.088E-7 9.01526E-7 1.23521E-6 1.72609E-6 1.28856E-6 3.90724E-6 2.48264E-6 3.63337E-6 3.3628E-6 3.03369E-6 1.88992E-6 1.88344E-6 4.0505E-6 8.96072E-6 7.20903E-6 3.19121E-6 3.38564E-6 2.63688E-6 2.63867E-6 2.91096E-6 2.27452E-6 5.87567E-6 2.88095E-5 2.00383E-5 2.3049E-5 2.22827E-5 1.51517E-5 3.8362E-6 3.0188E-6 1.20947E-6 1.01506E-6 9.34263E-7 2.12366E-6 1.17187E-5 1.50354E-5 2.66911E-5 1.4384E-4 1.15995E-4 6.93061E-6 6.05759E-6 5.69512E-6 1.07332E-5 8.94357E-6 1.02085E-5 5.95096E-6 5.70673E-6 3.84312E-6 8.57388E-6 1.38554E-5 1.28097E-5 2.79113E-5 1.7359E-5 6.30082E-6
1.54399E-6 1.70509E-6 2.98385E-6 4.0019E-6 3.95446E-6 2.33178E-6 1.45867E-6 8.7416E-7 1.24571E-6 5.79234E-7 4.59646E-7 7.31396E-7 8.26019E-7 8.99606E-7 6.67945E-7 1.24822E-6 1.36459E-6 8.91436E-7 2.07776E-6 2.80159E-6 5.93263E-6 4.59075E-6 5.48234E-6 4.3432E-6 1.34958E-6 1.25745E-6 5.55194E-6 9.65921E-6 2.61128E-5 1.35623E-5 3.47112E-6 5.6277E-6 3.6305E-6 1.15443E-5 2.48035E-5 2.18363E-5 2.7996E-5 1.81989E-5 1.83426E-5 1.93139E-5 2.15327E-5 7.20538E-5 5.49859E-6 2.63023E-6 5.83565E-7 3.52576E-6 2.89528E-5 1.08528E-4 1.10319E-4 3.62605E-5 8.58063E-6 2.21482E-6 2.90976E-6 3.88631E-6 8.34256E-6 5.07496E-5 4.6206E-5 6.01223E-6 3.06674E-6 3.92733E-6 6.85066E-6 1.54955E-5 1.1087E-5 1.05406E-5 9.20999E-6 4.77019E-6
4.86076E-6 2.59491E-6 3.96519E-6 5.25463E-6 2.92794E-6 2.40486E-6 1.88409E-6 2.06513E-6 7.03911E-7 1.13738E-6 1.04576E-6 1.49403E-6 1.70831E-6 1.46214E-6 1.5326E-6 1.71279E-6 1.73125E-6 1.28628E-6 2.10159E-6 3.21079E-6 2.50697E-6 5.07191E-6 3.30203E-6 5.13347E-6 1.04495E-6 3.98709E-6 5.70556E-6 1.15536E-5 1.6168E-5 4.89534E-6 1.61384E-5 1.13749E-5 2.81805E-5 2.92809E-5 4.15591E-5 3.53952E-5 3.70065E-5 3.35991E-5 1.62886E-5 4.67212E-6 2.371E-5 3.64852E-5 7.11438E-6 8.67056E-7 3.38093E-7 9.73058E-7 1.12419E-5 9.2666E-5 1.29785E-4 1.90545E-5 3.98751E-6 1.05871E-6 2.67545E-6 3.43066E-6 1.99869E-5 2.99605E-5 1.27322E-5 1.12766E-5 1.17602E-5 4.79513E-6 8.44358E-6 8.93405E-6 7.99144E-6 1.15993E-5 5.69677E-6 7.56002E-6
2.63809E-6 6.76685E-6 3.70776E-6 2.59028E-6 4.91324E-6 3.87511E-6 3.2681E-6 1.3487E-6 9.13954E-7 2.12863E-6 1.79194E-6 1.78646E-6 1.37897E-6 1.30705E-6 8.68031E-7 1.93392E-6 2.36892E-6 3.60423E-6 4.99523E-6 2.4607E-6 2.73637E-6 4.80648E-6 2.21721E-5 4.61787E-6 4.84485E-6 7.16618E-6 1.76606E-5 1.71538E-5 1.0901E-5 1.11898E-5 2.79753E-5 1.0205E-5 7.57788E-6 6.44037E-6 1.1803E-5 2.69054E-5 3.37236E-5 2.68067E-5 7.36606E-6 3.02822E-6 4.64156E-6 5.0526E-6 4.59686E-6 2.35051E-6 3.74058E-7 9.32571E-7 4.93621E-6 6.10064E-6 1.12506E-5 7.4256E-6 2.89772E-6 1.19491E-6 1.58582E-6 2.47786E-6 5.04983E-6 9.54364E-6 9.21545E-6 1.1058E-5 2.3432E-5 9.90678E-6 9.63285E-6 7.59684E-6 4.9913E-6 3.73868E-6 1.60745E-6 2.51567E-6
7.3296E-6 8.92289E-6 1.02962E-5 8.63412E-6 4.60097E-6 5.59104E-6 1.96215E-6 1.4109E-6 5.05712E-6 3.19077E-6 2.77464E-6 2.6658E-6 2.46114E-6 2.30933E-6 2.92461E-6 4.20391E-6 4.05104E-6 3.23547E-6 6.53666E-6 4.87796E-6 4.35939E-6 6.05152E-6 2.72503E-5 1.00987E-5 6.04706E-6 1.09262E-5 7.12406E-6 2.51232E-5 3.42816E-5 1.68934E-5 6.27994E-6 4.62442E-6 2.9136E-6 9.59993E-7 2.1556E-6 4.9611E-6 9.80193E-6 3.19059E-6 2.53869E-6 4.28891E-6 1.36938E-5 8.05681E-6 7.98222E-6 1.28235E-6 2.10296E-7 1.96061E-7 1.32864E-6 3.64923E-6 3.93409E-6 4.17703E-6 1.44412E-6 1.65083E-6 1.65941E-6 2.08356E-6 4.20525E-6 6.21996E-6 7.40161E-6 7.94383E-6 1.84198E-5 1.15559E-5 4.43172E-6 6.37389E-6 9.65742E-6 1.6061E-5 1.635E-5 9.908E-6
9.96297E-6 1.52042E-5 1.37861E-5 1.97117E-5 2.31609E-6 2.71796E-6 1.95939E-6 1.98198E-6 3.14474E-6 1.99674E-6 1.70541E-6 2.71506E-6 3.56774E-6 2.1038E-6 4.51205E-6 4.97625E-6 3.99848E-6 4.28843E-6 1.39239E-5 8.20383E-6 6.30526E-6 7.16375E-6 2.73028E-5 2.91097E-5 8.05594E-6 1.0803E-5 3.0072E-5 3.08161E-5 1.09949E-5 3.73806E-6 1.2442E-6 1.80961E-6 2.70116E-6 7.44019E-7 1.44601E-6 2.49681E-6 4.07262E-6 5.61366E-6 5.71556E-6 1.55927E-5 2.82255E-5 8.92789E-6 8.27236E-6 4.84133E-6 1.54943E-6 4.03877E-6 2.43983E-6 4.27897E-6 4.70656E-6 4.74343E-6 1.06062E-6 2.32198E-6 3.49283E-6 2.44376E-6 3.44645E-6 5.76096E-6 8.58961E-6 6.36591E-6 4.30092E-6 4.09769E-6 5.69878E-6 1.1385E-5 1.51571E-5 1.15263E-5 1.06119E-5 3.47943E-5
2.00924E-5 2.32976E-5 1.62216E-5 1.42756E-5 1.1012E-5 1.85971E-6 1.17405E-6 2.75444E-6 3.04044E-6 2.25648E-6 2.77508E-6 5.40212E-6 5.12433E-6 3.20193E-6 6.07089E-6 4.19517E-6 2.83816E-6 3.92489E-6 2.55122E-5 3.72897E-5 3.21097E-5 8.72143E-6 2.47279E-5 2.81612E-5 2.24918E-5 1.23778E-5 2.77762E-5 2.07986E-5 2.32953E-5 2.08819E-6 6.43713E-7 3.89609E-7 1.79471E-6 2.49855E-6 2.77305E-6 6.29938E-6 2.84136E-6 3.57089E-6 6.881E-6 1.30927E-5 2.57251E-5 1.45926E-5 1.01791E-5 1.07899E-5 1.07121E-5 5.02193E-6 5.02905E-6 6.11493E-6 6.56563E-6 1.83071E-6 1.75419E-6 1.0636E-6 2.61578E-6 2.47367E-6 1.86059E-6 3.01786E-6 7.19212E-6 3.9278E-6 3.34521E-6 6.14653E-6 4.75988E-6 1.39058E-5 2.69982E-5 1.03564E-5 1.29395E-5 7.14684E-6
1.49133E-5 1.17712E-5 1.17642E-5 1.09391E-5 6.7014E-6 4.29224E-6 2.44022E-6 2.63951E-6 4.57245E-6 2.00033E-6 6.64749E-6 5.7939E-6 6.52288E-6 5.79541E-6 7.14284E-6 9.28216E-6 7.65957E-6 3.58368E-6 1.22059E-5 3.38193E-5 3.78123E-5 3.52489E-5 2.57742E-5 7.65605E-6 8.89495E-6 1.73919E-5 2.86392E-5 1.35478E-5 7.56636E-6 3.32007E-6 1.18156E-6 8.78998E-7 9.34691E-7 4.75478E-6 2.15799E-6 2.98426E-6 2.8079E-6 1.9669E-6 3.8419E-6 4.75499E-6 5.63328E-6 1.25299E-5 7.14704E-6 2.09614E-5 2.06234E-5 1.70199E-5 1.2028E-5 1.1894E-5 1.16894E-5 5.15221E-6 1.70281E-6 1.77276E-6 2.40322E-6 2.42459E-6 4.09818E-6 6.24105E-6 9.04665E-6 4.16327E-6 7.10649E-6 7.35889E-6 2.48764E-6 3.49919E-5 3.94293E-5 1.0898E-5 6.33555E-6 8.38721E-6
1.35562E-5 1.62561E-5 9.29695E-6 8.59201E-6 5.21969E-6 5.02746E-6 2.71339E-6 2.52073E-6 1.95235E-6 3.67089E-6 7.61054E-6 7.48816E-6 8.70077E-6 6.58006E-6 1.06042E-5 2.36949E-5 3.82237E-5 9.7989E-6 8.56338E-6 3.95949E-5 3.86249E-5 3.12833E-5 8.78198E-6 5.78329E-6 5.88594E-6 9.42374E-6 2.9678E-5 3.82899E-5 2.55716E-6 1.53431E-6 6.82233E-7 9.04316E-7 1.81209E-6 1.30851E-6 1.64949E-6 1.55011E-6 1.05587E-6 1.07707E-6 4.00575E-6 6.32429E-6 1.67717E-5 1.19899E-5 1.73497E-5 2.01159E-5 2.04636E-5 1.85096E-5 1.28129E-5 1.19611E-5 1.45587E-5 9.27802E-6 6.57718E-6 2.12135E-6 2.66085E-6 6.00228E-6 6.98075E-6 1.7807E-5 1.10248E-5 3.92302E-6 3.99063E-6 6.66654E-6 2.83472E-6 3.60733E-5 1.21803E-5 1.04788E-5 1.54505E-5 3.3367E-6
6.22816E-6 1.7285E-5 2.00788E-5 7.51952E-6 1.08689E-5 2.22229E-6 2.16397E-6 2.76087E-6 1.58013E-6 2.43301E-6 4.1254E-6 7.22197E-6 1.35383E-5 8.25162E-6 1.19462E-5 2.37489E-5 3.1236E-5 1.44158E-5 3.38821E-6 1.44295E-5 2.59639E-5 3.1883E-5 7.41838E-6 3.83746E-6 5.61962E-6 6.72052E-6 9.99375E-6 1.27092E-5 3.63374E-6 2.67549E-6 1.26707E-6 1.48624E-6 1.52128E-6 1.19077E-6 7.35003E-7 8.96508E-7 1.66188E-6 1.84552E-6 3.92601E-6 5.15482E-6 9.79517E-6 3.52899E-6 1.50223E-5 1.56573E-5 1.50132E-5 1.77137E-5 1.67467E-5 1.14699E-5 1.31159E-5 1.04165E-5 1.09542E-5 8.99474E-6 1.38937E-5 3.88118E-6 7.25559E-6 7.88296E-6 4.21548E-6 4.83126E-6 3.03962E-6 3.63043E-5 8.72384E-6 3.60718E-5 2.46927E-5 2.60123E-5 1.30266E-5 5.0548E-6
2.68891E-6 1.07135E-5 5.87412E-6 6.56828E-6 4.96107E-6 3.68094E-6 5.66457E-6 4.91242E-6 2.91727E-6 2.24833E-6 2.02534E-6 2.03213E-6 4.35235E-6 9.17805E-6 1.03459E-5 7.3309E-6 1.21699E-5 6.95537E-6 4.95939E-6 5.24611E-6 9.80033E-6 1.29619E-5 1.47189E-5 2.76644E-6 4.41324E-6 5.78779E-6 4.38669E-6 2.54752E-6 5.02104E-6 1.53708E-6 1.26279E-6 2.05311E-6 1.74082E-6 1.53706E-6 1.90447E-6 1.63455E-6 2.72663E-6 5.58662E-6 6.16037E-6 4.26913E-6 4.32922E-6 1.44681E-5 1.33773E-5 1.32014E-5 1.24601E-5 1.38936E-5 1.53775E-5 1.20129E-5 1.39824E-5 1.35451E-5 1.25919E-5 1.29287E-5 1.53459E-5 1.53078E-5 1.08851E-5 1.46879E-5 1.28059E-5 9.43163E-6 8.51561E-6 9.37635E-6 9.18429E-6 3.22861E-5 1.26798E-5 1.30104E-5 6.52041E-6 3.80558E-6
1.47838E-6 8.75889E-6 2.2851E-6 2.99703E-6 3.27121E-6 3.74818E-6 6.85069E-6 2.18583E-5 2.74347E-6 1.21328E-6 8.85556E-7 6.67394E-7 1.49295E-6 3.62414E-6 1.10312E-5 5.7574E-6 2.44044E-5 6.93819E-6 7.84651E-6 1.41882E-6 4.83078E-6 3.53615E-5 2.7326E-5 4.23345E-5 5.41217E-6 5.78454E-6 3.52775E-6 1.90099E-6 1.04961E-6 1.60042E-6 3.5104E-6 7.34577E-7 1.22242E-6 2.15032E-6 2.17531E-6 2.921E-6 4.03444E-6 6.46985E-6 5.44844E-6 3.34142E-6 3.16378E-6 8.64199E-6 8.41028E-6 4.14235E-6 2.75678E-6 7.78948E-6 1.27394E-5 1.25384E-5 1.63686E-5 1.08073E-5 1.45298E-5 1.75362E-5 1.67344E-5 1.8647E-5 1.73249E-5 2.68837E-5 7.39342E-6 2.41377E-5 1.04858E-5 9.2597E-6 6.01793E-6 8.46244E-6 8.76566E-6 5.63185E-6 4.73802E-6 4.82665E-6
1.82067E-6 2.10691E-6 2.21895E-6 3.1016E-6 7.88815E-6 9.0389E-6 4.42398E-6 5.52394E-6 3.5262E-6 2.84961E-6 8.88639E-7 1.92169E-6 2.81332E-6 3.59401E-6 2.39461E-6 8.36866E-6 1.22924E-5 3.88704E-6 6.44463E-6 4.3922E-6 1.19286E-5 1.20718E-5 1.90491E-5 6.95619E-6 9.00138E-6 5.46698E-6 2.04786E-6 1.06701E-6 5.60632E-7 1.02848E-6 1.19347E-6 1.27242E-6 2.03607E-6 2.03531E-6 3.08182E-6 3.96734E-6 4.09557E-6 2.55394E-6 2.75851E-6 5.83222E-6 9.22563E-6 9.46472E-6 3.08629E-6 1.25293E-6 1.00733E-6 5.0583E-6 8.1638E-6 4.36178E-6 1.36983E-5 3.58299E-6 6.47306E-6 4.60631E-6 5.89378E-6 1.45658E-5 5.73674E-6 3.52725E-6 1.12103E-5 1.00407E-5 -9999 2.90213E-5 1.13577E-5 9.52811E-6 8.58078E-6 4.04394E-6 2.84207E-6 5.04738E-6
