catData/rasterBestHybridModels/Pviverrinus/RD_RM1.5_autofeature/Pviverrinus_median.asc
ncols         409
nrows         350
xllcorner     60.897278365
yllcorner     5.843756025
cellsize      0.0892857
NODATA_value  -9999
[rows 145 to 173 of 350, columns 132 to 197 of 409]
4.30725E-6 7.5625E-6 3.7136E-6 3.57965E-6 3.48713E-6 1.63986E-6 1.4842E-5 5.67936E-6 1.94703E-5 5.60355E-6 2.28402E-6 9.00982E-7 1.53577E-6 4.39821E-7 8.19766E-7 2.5722E-6 4.22447E-6 4.86068E-7 3.61754E-7 4.83658E-7 7.15445E-7 1.77713E-6 2.47333E-6 3.65405E-6 3.97727E-6 9.91939E-6 9.17264E-6 7.16667E-6 2.00276E-5 2.55805E-6 5.31036E-6 3.54487E-6 3.24202E-6 1.70783E-6 1.36192E-6 3.71899E-6 1.63079E-6 1.15131E-6 1.16228E-6 1.70372E-6 8.92384E-7 1.06216E-6 6.7612E-7 4.02588E-7 5.16216E-7 6.38171E-7 5.32697E-7 1.92393E-6 2.09661E-6 2.00836E-6 1.71918E-6 1.12392E-6 6.70822E-7 2.26649E-7 3.31987E-7 6.39223E-7 9.42622E-7 1.58055E-6 3.43953E-7 5.25673E-7 2.68303E-7 4.36887E-7 1.5977E-7 1.25966E-7 4.4255E-7 2.30974E-6
2.14957E-6 5.0507E-6 3.94822E-6 4.26991E-6 3.0932E-6 5.39453E-6 1.59815E-5 6.95203E-6 8.72422E-6 2.49197E-6 1.64159E-6 1.95075E-6 5.81412E-7 9.3359E-7 7.61531E-7 2.20212E-6 3.39132E-6 6.76536E-7 5.65592E-7 5.68048E-7 1.56409E-6 1.23662E-6 3.24624E-6 4.17726E-6 4.34788E-6 4.77475E-6 6.49266E-6 7.98669E-6 1.29425E-5 5.24675E-6 1.26066E-5 3.03877E-6 4.76047E-6 2.93604E-6 1.58246E-6 9.87855E-7 1.15335E-6 8.99901E-7 1.61005E-6 1.0365E-6 1.18449E-6 1.81493E-6 9.64316E-7 5.23231E-7 3.99655E-7 1.0477E-6 1.6982E-6 1.13334E-6 1.18255E-6 1.87896E-6 1.4089E-6 1.0462E-6 9.29729E-7 8.87225E-7 4.80403E-7 8.86164E-7 1.35706E-6 8.5814E-7 1.3081E-7 1.14342E-7 2.35455E-7 2.70181E-7 1.38815E-6 3.05309E-7 1.20756E-6 5.5124E-6
1.17303E-5 1.47931E-5 7.42892E-6 3.47242E-6 1.86285E-6 5.43976E-6 5.57359E-6 4.16513E-6 3.13712E-6 1.43858E-6 1.90391E-6 9.14401E-7 1.30732E-6 5.29953E-7 8.12819E-7 2.38913E-6 3.49198E-6 5.35003E-6 1.54337E-6 8.22003E-7 1.62282E-6 2.25039E-6 1.4143E-6 3.18561E-6 5.43469E-6 6.96993E-6 1.40642E-5 2.61676E-5 2.43403E-5 1.82681E-5 3.21474E-6 2.8378E-6 1.95311E-6 1.07494E-6 6.78491E-7 1.3037E-6 1.95987E-6 1.05769E-6 1.4116E-6 1.39528E-6 1.32921E-6 2.26976E-6 1.51645E-6 3.51848E-6 1.05674E-6 4.41413E-7 1.05041E-6 1.06563E-6 3.64142E-6 2.13102E-6 1.08751E-6 7.18389E-7 7.92331E-7 5.92386E-7 1.00689E-6 1.49024E-6 1.02872E-6 4.87617E-7 2.52864E-7 6.33219E-7 4.64199E-7 2.09436E-6 2.03546E-6 8.04344E-7 6.27743E-6 7.45668E-6
8.27907E-6 5.22949E-6 1.7381E-6 3.72974E-6 4.33968E-6 6.4567E-6 3.50764E-6 3.36983E-6 3.98496E-6 2.36213E-6 2.21934E-6 1.83274E-6 1.09746E-6 1.23295E-6 1.23564E-6 2.30073E-6 4.28078E-6 1.1986E-5 2.29791E-6 1.87853E-6 7.57345E-6 2.08397E-6 1.77828E-6 2.30295E-6 6.74801E-6 1.22024E-5 3.39275E-5 2.91844E-5 7.42278E-6 2.79255E-6 4.37291E-6 4.62048E-6 2.38584E-6 1.2417E-6 1.51676E-6 2.17834E-6 2.00303E-6 1.8696E-6 1.01071E-6 1.50893E-6 3.05027E-6 2.06355E-6 1.05804E-6 7.51092E-7 1.50272E-6 1.7895E-6 2.98852E-6 1.75667E-6 2.27876E-6 1.58079E-6 1.81464E-6 1.11034E-6 1.63581E-6 7.00189E-7 9.75557E-7 1.23063E-6 7.94683E-7 3.82928E-7 1.91948E-6 1.49672E-6 1.6773E-6 2.49082E-6 1.02265E-6 3.18993E-6 3.7543E-6 2.63911E-6
1.50397E-5 8.29437E-6 3.25594E-6 3.48991E-6 8.49566E-6 4.40317E-6 5.96423E-6 4.11662E-6 3.55286E-6 1.17743E-6 1.70736E-6 3.0126E-6 1.77086E-6 1.586E-6 2.47695E-6 3.71051E-6 5.40637E-6 3.4352E-6 1.80634E-6 1.69704E-6 2.73497E-6 3.06917E-6 2.67152E-6 4.41041E-6 6.62379E-6 8.23169E-6 3.93227E-5 2.21514E-5 4.67461E-6 4.93215E-6 2.1285E-5 5.73395E-6 4.28355E-6 3.56398E-6 1.56363E-6 1.23274E-6 2.43477E-6 2.43197E-6 2.41498E-6 1.3844E-6 1.78814E-6 2.71238E-6 1.83689E-6 2.45065E-6 2.05075E-6 1.70115E-6 2.15303E-6 5.04764E-6 3.72973E-6 3.44365E-6 2.29914E-6 1.67297E-6 1.52438E-6 2.01526E-6 1.89784E-6 9.49808E-7 1.10555E-6 1.45566E-7 1.25844E-7 2.66658E-7 3.361E-7 1.62971E-6 1.32866E-6 4.10647E-6 3.32334E-6 2.19013E-6
1.50096E-5 1.50863E-5 4.83848E-6 6.29343E-6 7.98128E-6 4.30525E-6 8.80485E-6 9.4789E-6 1.96973E-5 2.87228E-6 3.41931E-6 2.847E-6 3.99372E-6 3.89335E-6 5.49319E-6 5.98596E-6 5.75741E-6 5.43622E-6 2.34353E-6 1.01476E-6 3.56264E-6 2.78982E-6 1.4839E-6 4.49328E-6 8.40005E-6 8.89822E-6 1.21431E-5 1.22809E-5 4.85328E-6 6.63611E-6 2.36079E-5 1.22961E-5 6.43001E-6 6.18178E-6 1.55349E-6 1.56372E-6 3.65864E-6 4.58067E-6 4.04797E-6 3.75856E-6 5.228E-6 4.68332E-6 1.93251E-6 1.60568E-6 1.55733E-6 1.38969E-6 2.99976E-6 3.00168E-6 2.71589E-6 1.99589E-6 1.29109E-6 1.22646E-6 7.88961E-7 1.42954E-6 2.04167E-6 2.86737E-7 4.75481E-7 2.96586E-7 6.72058E-8 5.57277E-8 2.01099E-7 1.06876E-6 1.13968E-6 2.07436E-6 3.80339E-6 8.5957E-6
1.39099E-5 5.30223E-6 6.00144E-6 1.59812E-5 1.70623E-5 1.30047E-5 8.23199E-6 5.03039E-6 1.93977E-5 7.69517E-6 1.29636E-5 7.75689E-6 5.19195E-6 5.64319E-6 6.77819E-6 1.62884E-5 8.16674E-6 3.59107E-6 4.20082E-6 3.77261E-6 4.66432E-6 6.72266E-6 5.00102E-6 3.0797E-6 2.29806E-5 1.85185E-5 8.21834E-6 9.3398E-6 6.86712E-6 1.51219E-5 2.19389E-5 7.87374E-6 5.67521E-6 4.1871E-6 3.40992E-6 2.81123E-6 2.89025E-6 3.56806E-6 3.38968E-6 3.33787E-6 2.60403E-6 6.13135E-6 2.7434E-6 2.99837E-6 2.1848E-6 9.19311E-7 1.71605E-6 6.0884E-7 1.88902E-6 4.05299E-6 3.44099E-6 2.30424E-6 1.44386E-6 1.92718E-6 3.81333E-6 2.78399E-6 4.4161E-6 1.74404E-6 4.85879E-8 6.80284E-8 3.74886E-7 1.13721E-6 1.2077E-6 1.78403E-6 4.06961E-6 9.53038E-6
1.8601E-5 6.42198E-6 1.7097E-5 9.54864E-6 1.64093E-5 7.85884E-6 1.3212E-5 8.24049E-6 9.56434E-6 9.56425E-6 1.40601E-5 5.18348E-6 4.59027E-6 3.10003E-6 2.43248E-6 4.96581E-6 1.02798E-5 6.92455E-6 1.43947E-5 8.79205E-6 8.90865E-6 5.93785E-6 2.69211E-6 2.54193E-6 7.79062E-6 2.09266E-5 1.21526E-5 1.18329E-5 2.08383E-5 3.39152E-5 1.56642E-5 9.75714E-6 8.78108E-6 3.81277E-6 1.47899E-5 7.88029E-6 3.17765E-6 2.3929E-6 5.52826E-6 2.73205E-6 5.44199E-6 5.3901E-6 7.12723E-6 8.48255E-6 2.25237E-6 8.71495E-7 3.90079E-6 3.17267E-6 2.94452E-6 3.9454E-6 3.44231E-6 4.29464E-6 2.89346E-6 9.87954E-6 4.89746E-6 2.06133E-6 1.13639E-6 2.23399E-6 2.91641E-7 1.8861E-7 1.13163E-6 1.80999E-6 1.16216E-6 2.41796E-6 2.68048E-6 1.93624E-6
2.33202E-5 6.87713E-6 1.78488E-5 1.06364E-5 1.68133E-5 7.46796E-6 6.53454E-6 8.34368E-6 2.12849E-6 1.34226E-5 4.15924E-6 5.43077E-6 6.35661E-6 4.21541E-6 7.32259E-6 5.50334E-6 9.77667E-6 6.89189E-6 1.15688E-5 7.65287E-6 4.62335E-6 1.59472E-6 2.14728E-6 2.99133E-6 6.03989E-6 1.3552E-5 5.8841E-5 1.57526E-5 3.86629E-5 1.45183E-5 1.23605E-5 1.19779E-5 7.24407E-6 9.92603E-7 2.14339E-6 8.19458E-6 5.21576E-6 6.94491E-6 6.15597E-6 4.72617E-6 6.14214E-6 3.35865E-6 5.15925E-6 6.56064E-6 1.13131E-6 1.26327E-6 4.84474E-6 5.12569E-6 3.50973E-6 7.29649E-6 5.98789E-6 5.93792E-6 9.88686E-6 9.16781E-6 4.99493E-6 1.38867E-6 1.28237E-6 5.7594E-7 9.49966E-7 3.85711E-7 2.07004E-6 1.08047E-6 6.06049E-7 2.65509E-6 1.81557E-6 2.18077E-6
2.52625E-5 2.04891E-5 1.76514E-5 1.82368E-5 7.27605E-6 6.28926E-6 6.28843E-6 4.94838E-6 1.12285E-6 2.19138E-6 1.80092E-6 1.87327E-6 1.9281E-6 7.74851E-6 1.16852E-5 1.07331E-5 8.32024E-6 4.57623E-6 9.42774E-6 9.21327E-6 6.50106E-6 3.75719E-6 1.79227E-6 2.27604E-6 4.17694E-6 8.4231E-6 2.06178E-5 1.90087E-5 1.94123E-5 1.39143E-5 1.12277E-5 1.43699E-5 2.70853E-6 1.06425E-6 1.28412E-6 5.06124E-6 8.22686E-6 9.11107E-6 8.48378E-6 4.66463E-6 8.24115E-6 4.19994E-6 2.71388E-6 2.93516E-6 1.77376E-6 2.15208E-6 4.24804E-6 6.87822E-6 8.352E-6 9.65309E-6 8.11288E-6 8.94693E-6 3.23364E-5 2.00383E-5 1.13431E-5 5.54755E-6 1.01715E-6 1.69629E-6 1.53836E-6 5.90626E-7 1.04422E-6 2.55044E-6 2.31023E-6 1.46262E-6 9.16495E-7 1.29226E-6
2.77584E-5 2.03114E-5 1.21904E-5 1.98127E-5 5.79057E-6 5.17841E-6 3.38023E-6 6.27071E-6 2.92985E-6 1.51289E-6 1.38649E-6 1.34674E-6 4.34486E-6 5.07377E-6 2.43826E-5 8.41633E-6 8.04868E-6 1.31431E-5 7.32867E-6 8.74432E-6 4.51286E-6 1.69251E-6 3.23582E-6 2.21941E-6 1.94182E-6 3.08546E-6 1.01022E-5 3.11979E-5 1.68454E-5 2.66111E-5 1.29535E-5 8.66148E-6 1.1991E-5 1.24323E-5 1.55798E-5 1.59151E-5 2.07168E-5 1.96732E-5 7.37444E-6 8.22438E-6 6.62101E-6 2.13485E-6 2.46204E-6 2.51458E-6 1.69301E-6 2.59034E-6 1.77385E-6 3.93825E-6 9.32639E-6 6.36765E-6 1.12711E-5 1.66439E-5 1.82742E-5 1.79998E-5 8.80865E-6 2.86057E-6 1.32191E-6 1.94758E-6 1.77852E-6 1.34093E-6 7.04369E-6 4.02556E-6 1.24005E-6 2.92181E-7 2.41821E-7 6.32029E-7
2.48028E-5 2.51921E-5 2.13706E-5 2.23015E-5 2.23446E-5 1.29109E-5 7.06416E-6 1.26437E-5 7.81371E-6 3.30213E-6 5.40188E-6 6.30574E-6 1.18718E-6 9.68809E-7 2.82409E-5 1.24305E-5 1.35037E-5 1.3812E-5 5.38278E-6 4.75112E-6 5.90911E-6 4.50667E-6 3.80559E-6 7.48489E-7 3.48721E-6 5.58978E-6 9.46623E-6 1.44289E-5 1.59015E-5 8.39337E-6 2.68809E-5 9.06042E-6 2.23446E-5 4.97164E-5 1.67279E-5 1.78978E-5 5.06695E-5 4.62095E-5 4.97316E-6 6.00249E-6 6.3367E-6 5.47962E-6 4.91009E-6 4.12075E-7 1.47286E-6 1.75972E-6 1.63181E-6 1.7051E-6 2.08469E-6 1.64502E-6 1.05605E-5 7.3832E-6 6.06516E-6 1.35323E-5 9.61558E-6 1.98706E-6 1.86251E-6 2.15778E-6 1.24859E-6 1.33854E-6 2.46837E-6 2.07313E-6 6.8041E-7 1.45199E-7 5.84244E-7 1.72932E-6
2.71921E-5 2.51156E-5 2.59772E-5 2.95005E-5 2.41216E-5 2.37267E-5 8.11471E-6 1.24418E-5 2.76852E-5 1.53869E-5 6.98827E-6 1.31158E-5 8.8853E-6 2.21757E-6 6.45745E-6 5.63986E-6 9.12412E-6 8.98839E-6 5.78447E-6 7.53023E-6 5.11482E-6 3.10789E-6 6.7559E-6 5.28625E-6 5.32603E-6 4.17709E-6 3.7752E-6 7.60551E-6 1.55347E-5 1.30648E-5 8.07994E-6 2.51617E-5 1.37819E-5 4.42226E-5 5.29169E-5 5.12829E-5 4.92991E-5 5.34762E-5 1.30544E-5 8.36607E-6 8.3061E-6 9.02302E-6 2.04541E-6 8.04443E-7 2.4401E-6 2.53227E-6 5.13076E-6 2.96461E-6 1.39463E-6 1.13315E-6 9.10428E-7 6.08888E-6 7.32179E-6 1.77983E-6 1.30296E-6 2.01106E-6 1.67706E-6 2.16651E-6 2.08862E-6 1.92878E-6 1.82759E-6 1.4409E-6 9.8422E-7 4.827E-7 8.28773E-7 3.53096E-6
2.77195E-5 3.08921E-5 3.43941E-5 3.29282E-5 1.97747E-5 2.494E-5 2.43189E-5 1.25104E-5 2.96635E-5 1.59315E-5 4.22505E-6 5.27478E-6 2.22098E-5 4.36657E-6 4.05866E-6 7.06535E-6 7.94665E-6 3.83251E-6 8.25457E-6 8.03682E-6 1.59791E-5 6.09801E-6 5.405E-6 4.80666E-6 4.60666E-6 1.47082E-6 2.6614E-6 2.28676E-5 1.47871E-5 8.63484E-6 2.36543E-5 7.36244E-6 1.45145E-5 1.90509E-5 3.21903E-5 3.83881E-5 4.73294E-5 2.94807E-5 1.81598E-5 1.45662E-5 6.10523E-6 7.36637E-6 1.41816E-6 3.4509E-6 1.2641E-6 4.58435E-6 5.16617E-6 6.50566E-6 2.01596E-6 7.58982E-7 1.88047E-6 5.98218E-6 6.3252E-6 3.56655E-6 1.70116E-6 2.59044E-6 2.78453E-6 2.47549E-6 8.72391E-7 1.34112E-6 1.23815E-6 1.58689E-6 1.82024E-6 2.05671E-6 3.12044E-6 2.4162E-6
4.1878E-5 4.28196E-5 4.10546E-5 3.67973E-5 1.57785E-5 3.03474E-5 3.13828E-5 2.22769E-5 2.22446E-5 9.09164E-6 1.29557E-5 1.0773E-5 2.33929E-5 6.7251E-6 1.20797E-5 1.46404E-5 1.17829E-5 8.8545E-6 9.72446E-6 6.24276E-6 2.66515E-5 5.76079E-6 6.81942E-6 1.1991E-5 4.51184E-6 1.91548E-6 5.0243E-6 7.86535E-6 2.80867E-5 3.32525E-5 2.42183E-5 1.96668E-5 6.88454E-6 1.133E-5 3.47624E-5 1.59775E-5 4.33936E-5 1.95395E-5 2.16221E-5 1.13114E-5 1.04946E-6 7.90814E-7 2.2832E-6 2.27885E-5 3.5599E-6 5.70324E-6 4.28617E-6 4.07324E-6 1.8519E-6 1.60024E-6 8.33387E-7 2.1733E-6 1.3734E-6 2.59352E-6 8.2991E-6 7.84929E-6 2.45924E-6 1.19212E-6 1.41618E-6 1.30677E-6 5.11365E-6 1.91187E-6 1.05986E-6 6.03027E-6 9.83922E-6 8.79939E-6
7.86808E-5 6.17306E-5 5.06039E-5 5.52088E-5 3.26398E-5 3.04107E-5 3.55663E-5 6.95488E-6 1.92247E-5 1.63941E-5 1.72766E-5 7.52051E-6 1.82556E-5 1.50202E-5 9.92944E-6 6.76998E-6 1.70216E-5 5.66251E-6 9.2858E-6 1.76338E-5 8.83965E-6 6.89279E-6 9.53421E-6 2.66933E-5 8.82504E-6 5.26513E-6 1.75288E-6 1.47378E-5 3.56263E-5 3.60011E-5 5.06313E-5 2.29108E-5 2.14454E-5 2.14841E-5 4.4225E-5 9.17721E-5 2.83624E-5 2.13449E-5 1.30648E-5 2.34768E-5 2.87052E-6 1.8308E-6 1.7561E-6 2.84305E-6 2.3706E-6 1.46737E-6 1.21185E-6 2.02241E-6 1.51596E-6 5.36218E-7 5.69479E-7 1.37123E-6 1.78352E-6 1.33039E-6 1.6015E-6 1.57459E-6 2.9931E-6 4.75769E-6 4.43019E-6 1.35367E-5 3.23488E-6 9.40121E-7 2.78406E-6 6.32198E-6 3.8099E-6 1.31309E-6
7.66298E-5 1.23818E-4 1.00504E-4 8.42157E-5 7.63006E-5 6.28347E-5 2.71836E-5 1.7199E-5 1.09708E-5 9.89955E-6 1.28036E-5 1.01999E-5 4.09598E-5 1.25038E-5 5.96531E-6 5.9884E-6 8.06492E-6 1.43982E-5 4.07956E-6 5.4744E-6 4.67423E-6 3.74741E-6 6.72693E-6 6.3777E-6 5.96968E-6 5.80516E-6 5.23994E-6 1.15849E-5 3.61036E-5 3.59293E-5 4.14987E-5 4.04106E-5 2.44037E-5 7.62243E-6 3.55598E-5 6.38691E-5 3.89916E-5 3.68834E-5 3.75779E-5 2.19584E-5 2.10549E-6 2.35088E-6 2.41544E-6 1.36156E-6 6.92414E-7 3.89797E-7 6.67002E-7 1.43524E-6 4.5224E-7 3.53932E-7 8.05403E-7 2.15147E-6 1.37922E-6 1.58776E-6 1.50129E-6 7.11863E-6 7.0993E-6 7.59024E-6 6.74441E-6 4.47228E-6 4.46687E-6 1.37975E-6 9.29992E-7 7.00256E-6 9.27355E-6 5.96614E-6
9.1966E-5 1.23728E-4 1.11691E-4 9.97646E-5 8.78709E-5 5.21112E-5 1.14669E-5 3.27534E-5 1.73225E-5 1.05155E-5 1.64267E-5 9.80823E-6 1.4107E-5 1.69108E-5 1.02877E-5 1.44124E-5 1.9502E-5 1.70824E-5 1.29435E-5 7.78966E-6 4.92817E-6 4.97852E-6 8.41233E-6 6.23679E-6 1.06317E-5 1.18889E-5 4.9571E-6 6.48492E-6 9.91603E-6 1.84474E-5 2.54203E-5 4.24592E-5 1.77475E-5 2.40796E-5 2.80171E-5 3.29386E-5 3.04501E-5 2.60889E-5 5.51168E-5 1.2977E-5 2.08262E-6 1.86076E-6 1.21272E-6 7.28071E-7 3.76388E-7 5.04626E-7 8.47484E-7 5.62408E-7 7.22448E-7 3.69906E-7 1.18071E-6 1.33433E-6 1.62896E-6 1.27093E-6 9.48077E-7 2.37485E-6 6.64415E-6 5.64628E-6 1.48197E-5 1.19735E-5 4.29012E-6 2.31731E-6 4.24819E-6 2.54256E-6 9.29338E-6 6.77154E-6
1.16942E-4 1.21431E-4 1.24073E-4 1.12547E-4 7.63329E-5 4.66254E-5 3.56181E-5 3.47953E-5 2.82507E-5 1.72098E-5 1.52116E-5 5.25777E-5 2.86133E-5 2.4622E-5 1.35156E-5 1.41268E-5 1.0429E-5 9.16711E-6 7.9461E-6 3.00804E-5 1.2609E-5 7.39496E-6 4.59361E-6 3.1648E-6 5.82813E-6 2.25118E-6 4.64178E-6 3.76692E-6 3.30745E-6 1.04669E-5 1.4099E-5 1.49721E-5 5.60599E-5 2.35395E-5 2.63075E-5 2.07333E-5 1.29014E-5 1.29556E-5 1.18027E-6 8.7803E-7 1.09117E-6 1.15287E-6 3.3016E-6 1.29892E-6 1.07527E-6 8.67657E-7 2.23137E-6 1.86423E-6 1.36612E-6 1.96655E-6 1.94249E-6 1.06072E-6 3.41517E-6 1.09033E-6 6.53287E-7 7.76928E-7 6.30449E-6 9.9483E-6 1.21032E-5 1.6207E-5 3.90043E-6 9.97685E-6 1.22621E-5 1.58203E-5 1.91804E-5 6.51793E-6
1.54393E-4 1.86254E-4 1.51787E-4 1.51036E-4 6.32854E-5 2.0511E-5 4.19959E-5 1.10785E-5 1.76861E-5 1.94123E-5 1.73426E-5 5.1945E-5 5.17587E-5 1.36666E-5 7.67376E-6 1.2635E-5 3.34116E-5 7.81736E-6 3.59997E-6 1.87247E-5 1.77413E-5 9.9557E-6 3.05228E-6 3.80446E-6 3.64009E-6 4.01699E-6 6.28363E-6 7.1331E-6 4.9422E-6 2.62168E-6 7.98815E-6 6.66934E-6 1.12583E-5 2.17293E-5 1.75088E-5 3.14194E-5 2.8731E-6 1.19529E-6 2.39142E-6 3.23722E-6 9.50082E-7 1.63006E-6 4.40048E-6 3.40162E-6 1.34776E-6 1.59622E-6 1.49375E-6 1.76768E-6 1.60411E-6 5.493E-6 2.50501E-6 1.23279E-6 9.82148E-7 1.07482E-6 1.43234E-6 2.02883E-6 1.87686E-6 8.68609E-6 8.88276E-6 1.34821E-5 2.66052E-6 3.48925E-6 8.71149E-6 3.92275E-5 9.90955E-6 2.60296E-6
2.47697E-4 2.36496E-4 7.55139E-5 1.95167E-4 1.73552E-4 1.45931E-4 4.30835E-5 3.30625E-5 3.89806E-5 4.09352E-5 4.39085E-5 4.75266E-5 2.72883E-5 4.36416E-5 3.83841E-5 3.14782E-5 2.79731E-5 2.22074E-5 1.83114E-5 2.76231E-6 2.78533E-6 3.05119E-6 1.70012E-6 1.12586E-6 1.98332E-6 2.33472E-6 7.26357E-6 1.37836E-5 1.17495E-5 1.11137E-5 4.24994E-6 3.72766E-6 6.36111E-6 6.92659E-6 4.09836E-6 1.65227E-6 2.06566E-6 1.11837E-6 4.0985E-6 3.49732E-6 1.2287E-6 4.4789E-6 1.30262E-5 3.06691E-6 1.46903E-6 5.79858E-6 1.74392E-6 1.29902E-6 1.76492E-6 2.11475E-6 3.89036E-6 2.12707E-6 1.55468E-6 3.24923E-6 1.10406E-5 3.53191E-6 3.02422E-6 6.10734E-6 6.30076E-6 4.88427E-6 8.07917E-6 7.53489E-6 9.7217E-6 1.27802E-5 9.75781E-6 1.309E-5
-9999 1.01117E-4 7.06262E-5 1.3783E-4 1.10234E-4 1.39407E-4 1.09632E-4 4.2472E-5 3.28854E-5 1.36045E-5 1.33671E-5 1.8999E-5 4.15509E-5 2.24626E-5 1.96074E-5 3.76779E-5 2.41162E-5 2.38202E-5 1.88849E-5 1.88236E-6 1.5113E-6 3.31215E-6 4.3825E-6 6.74003E-6 2.82192E-6 9.75345E-6 5.36476E-6 1.04558E-5 5.5902E-6 2.03722E-6 1.38668E-6 1.71658E-6 3.00389E-6 2.74614E-6 4.14708E-6 2.73114E-6 3.36616E-6 1.914E-6 3.03115E-6 1.09872E-5 9.01896E-6 9.28678E-6 5.56362E-6 3.99038E-6 4.75757E-6 3.82317E-6 7.85369E-7 4.6309E-7 1.76126E-6 2.48223E-6 2.80599E-6 2.61526E-6 4.20623E-6 9.73257E-6 1.80301E-5 1.18655E-5 2.0433E-5 5.38181E-6 2.47861E-6 3.40434E-6 2.90346E-6 5.46807E-6 1.30109E-5 1.2667E-5 1.44301E-5 1.30919E-5
4.01166E-5 2.68439E-5 5.20671E-5 3.84022E-5 1.09677E-4 1.23889E-4 1.15672E-4 4.84488E-5 4.71881E-5 1.73232E-5 3.66503E-5 3.87537E-5 3.91132E-5 1.70389E-5 2.29031E-5 1.4068E-5 6.50004E-6 4.36646E-6 3.62549E-6 2.47146E-6 2.39653E-6 3.51806E-6 6.59815E-6 3.15354E-6 2.95132E-6 5.34273E-6 4.07976E-6 4.31896E-6 4.97819E-6 2.29137E-6 1.71856E-6 1.13898E-6 1.79213E-6 1.17221E-6 1.46848E-6 1.10871E-6 7.04247E-7 4.99097E-7 7.66348E-7 1.91204E-6 6.54948E-6 6.82989E-6 2.85994E-6 1.18676E-6 1.90937E-6 7.89039E-7 3.55816E-7 5.64631E-7 2.29567E-6 3.03166E-6 2.78623E-6 1.16627E-5 9.68922E-6 1.33591E-5 7.94505E-6 6.86663E-6 7.64591E-6 8.6682E-6 5.917E-6 2.64445E-6 3.65142E-6 4.08628E-6 6.12126E-6 7.46943E-6 6.20878E-6 1.33811E-5
2.26167E-5 3.19421E-5 1.01294E-4 1.29316E-4 1.18403E-4 1.10194E-4 8.93601E-5 6.9102E-5 5.15379E-5 4.09329E-5 3.7548E-5 3.77192E-5 3.67171E-5 3.87066E-5 1.00869E-5 2.18799E-6 7.28531E-6 4.95296E-6 5.42202E-6 3.52161E-6 8.68618E-6 3.95345E-6 2.67033E-6 2.25686E-6 1.14515E-6 1.99329E-6 1.76891E-6 2.19136E-6 1.93724E-6 2.8392E-6 2.28449E-6 9.79429E-7 7.99338E-7 2.64584E-6 3.10834E-6 3.48295E-6 1.06219E-6 3.33318E-6 1.35795E-6 1.79488E-6 7.47088E-6 9.48115E-6 4.0565E-6 1.75181E-6 2.38582E-6 6.59992E-7 3.89008E-7 1.23845E-6 2.95386E-6 5.86596E-6 1.60974E-5 1.26893E-5 1.07322E-5 4.59834E-6 3.39248E-6 3.35706E-6 4.15618E-6 2.36043E-6 6.95739E-6 5.68092E-6 4.13172E-6 1.93016E-5 1.94011E-5 8.70197E-6 9.02664E-6 9.58154E-6
3.29068E-5 2.77719E-5 7.90385E-5 4.17423E-5 1.02109E-4 9.81199E-5 9.15963E-5 7.46847E-5 3.27492E-5 5.26921E-5 3.59922E-5 3.26846E-5 3.57413E-5 5.1803E-5 1.95828E-5 1.10245E-5 4.33109E-6 4.02883E-6 2.67532E-6 1.39217E-6 4.56113E-6 3.5726E-6 1.49187E-6 3.71327E-6 1.15151E-6 1.14453E-6 1.30379E-6 1.29232E-6 1.52696E-6 6.9939E-7 8.41963E-7 8.45081E-7 3.15141E-6 1.3696E-6 9.55051E-7 2.03213E-6 2.92692E-6 4.52576E-6 4.52122E-6 2.53089E-6 9.21042E-6 3.58533E-6 7.50067E-6 1.02939E-6 2.1158E-6 7.36659E-7 6.74096E-7 1.42987E-6 1.76463E-6 4.09283E-6 1.48679E-5 3.55676E-6 2.90797E-6 4.73121E-6 4.23751E-6 1.92591E-6 1.12998E-6 2.72404E-6 1.01625E-5 1.12629E-5 1.95765E-5 1.44172E-5 7.27654E-6 7.38161E-6 7.04515E-6 2.69904E-5
9.53994E-6 2.58545E-5 5.86367E-5 1.31069E-4 1.27625E-4 7.57698E-5 4.89862E-5 8.35789E-5 4.4444E-5 3.79045E-5 3.82046E-5 1.52629E-5 3.87634E-5 4.82325E-5 1.25666E-5 4.09802E-6 3.85382E-6 8.38029E-6 4.96685E-6 5.97148E-6 1.24943E-5 4.7715E-6 1.42828E-6 1.26894E-6 1.43528E-6 1.38102E-6 1.2833E-6 1.1608E-6 1.2507E-6 6.04947E-7 4.77337E-7 5.22564E-7 8.91098E-6 2.18657E-6 2.1763E-6 5.95006E-6 2.21638E-6 2.58271E-6 3.02218E-6 9.61028E-6 1.1241E-5 9.6344E-6 4.41532E-6 1.07403E-6 2.14821E-6 7.91719E-7 9.32017E-7 1.23353E-6 6.90912E-6 7.40565E-6 2.59067E-6 3.66306E-6 2.71226E-6 4.10313E-6 3.99663E-6 6.2571E-6 6.33406E-6 4.10621E-6 9.14607E-6 8.9961E-6 4.33836E-6 3.41395E-6 4.60183E-6 1.56244E-6 1.53452E-6 5.07929E-6
8.44252E-6 4.28028E-5 1.09705E-4 1.89419E-4 1.64326E-4 1.36677E-4 5.83969E-5 5.75546E-5 5.87625E-5 3.9047E-5 8.43058E-5 4.18051E-5 2.24112E-5 6.61303E-5 3.07841E-5 5.82324E-6 3.42634E-6 2.39176E-6 3.41348E-6 3.22625E-6 1.26477E-5 1.91053E-5 9.66817E-6 2.68949E-6 1.88585E-6 1.53326E-6 1.57123E-6 1.22748E-6 1.64334E-6 6.07785E-7 2.34704E-6 7.51494E-7 3.79829E-6 3.26233E-6 3.34016E-6 3.61358E-6 1.90484E-6 2.3E-6 2.60801E-6 8.05261E-6 3.78246E-6 1.11239E-6 3.10901E-6 3.02739E-6 2.3182E-6 8.88835E-7 1.38234E-6 5.01049E-6 2.0762E-6 1.61656E-6 1.9009E-6 1.86699E-6 2.01872E-6 4.54454E-6 8.90914E-6 9.30558E-6 5.87972E-6 4.76124E-6 3.51305E-6 1.68937E-6 2.25628E-6 9.07899E-7 6.34113E-7 6.5511E-7 1.58859E-6 2.38933E-6
1.25359E-5 1.74283E-4 2.87686E-4 1.38416E-4 1.98567E-4 5.24366E-5 4.4674E-5 1.77019E-5 5.74895E-5 3.26116E-5 3.74323E-5 4.25479E-5 2.2873E-5 5.16156E-5 5.13549E-5 1.039E-5 1.02528E-5 5.06342E-6 2.78782E-6 1.15906E-5 5.58663E-6 1.80542E-5 1.64011E-5 1.58115E-5 4.46984E-6 3.6214E-6 1.81736E-6 1.83454E-6 2.27733E-6 1.20063E-6 1.00515E-6 7.72714E-7 3.85698E-6 5.03212E-6 4.0931E-6 1.92896E-6 7.95328E-7 1.16681E-6 1.39699E-6 4.10339E-6 4.58134E-6 1.30616E-6 5.12198E-6 1.00281E-5 2.80479E-6 1.92189E-6 4.82285E-6 3.51853E-6 1.51854E-6 2.91448E-6 2.04438E-6 2.2995E-6 5.33129E-6 7.61132E-6 1.28632E-5 2.17102E-6 6.86944E-7 2.05316E-6 1.05686E-6 5.45696E-7 1.58716E-6 3.19466E-6 1.34901E-6 8.0931E-7 1.53347E-6 4.89459E-7
5.68927E-5 5.45893E-5 4.85371E-4 3.37767E-4 8.34943E-5 5.53099E-5 6.39508E-5 2.07204E-5 2.50508E-5 2.90855E-5 2.8159E-5 3.74251E-5 2.41754E-5 1.13796E-5 5.53205E-5 3.16223E-5 2.37481E-5 1.4058E-5 1.26907E-5 5.42814E-6 4.35745E-6 4.38789E-6 7.03564E-6 2.19958E-6 7.492E-6 5.84272E-6 3.67798E-6 1.59008E-6 2.23224E-6 1.98806E-5 8.00984E-6 1.26129E-6 1.17479E-6 1.06951E-6 2.32375E-6 2.51177E-6 1.56789E-6 1.68187E-6 2.09605E-6 1.22584E-6 1.1416E-6 1.47647E-6 3.32973E-6 4.291E-6 1.39406E-6 1.13804E-6 1.32606E-6 4.74835E-6 2.76486E-6 3.54212E-6 3.17738E-6 8.18101E-6 1.08669E-5 6.48204E-6 2.78258E-6 1.28446E-6 4.44964E-7 4.74207E-7 4.23284E-7 5.52854E-7 2.51151E-6 3.67316E-6 3.52506E-6 3.80807E-6 1.25757E-6 7.97714E-7
