catData/rasterBestHybridModels/Pviverrinus/RD_RM1.5_autofeature/Pviverrinus_min.asc
ncols         409
nrows         350
xllcorner     60.897278365
yllcorner     5.843756025
cellsize      0.0892857
NODATA_value  -9999
[rows 116 to 144 of 350, columns 198 to 263 of 409]
1.37746E-6 1.37757E-6 3.10634E-6 3.17395E-6 3.46547E-6 2.81261E-6 2.5165E-6 2.84236E-6 2.95474E-6 3.80759E-6 3.992E-6 4.37117E-6 4.4344E-6 4.56895E-6 5.09788E-6 6.00723E-6 6.87834E-6 8.78623E-6 1.19526E-5 1.08446E-5 1.06813E-5 1.36064E-5 1.36435E-5 1.553E-5 2.96469E-5 3.3704E-5 4.02722E-5 2.66119E-5 3.806E-5 3.61782E-5 3.11195E-5 3.25518E-5 2.9745E-5 2.93109E-5 3.12181E-5 3.13994E-5 3.14077E-5 3.79343E-5 3.44035E-5 3.29731E-5 5.65423E-5 5.70029E-5 1.2283E-4 6.8664E-5 7.56469E-5 9.26714E-5 9.17303E-5 9.39321E-5 6.70653E-5 6.78071E-5 5.51965E-5 5.22441E-5 9.38385E-5 1.48216E-4 2.18533E-4 1.66206E-4 1.65411E-4 1.68528E-4 2.55436E-4 2.94952E-4 2.62688E-4 2.83656E-4 2.9224E-4 3.33652E-4 3.45296E-4 3.38813E-4
1.17964E-6 1.8692E-6 2.99766E-6 3.13116E-6 3.21452E-6 3.58073E-6 2.6779E-6 2.79437E-6 2.67315E-6 3.3182E-6 6.30801E-6 3.92499E-6 3.90596E-6 4.17502E-6 4.34232E-6 5.04641E-6 5.54205E-6 6.84985E-6 7.66848E-6 9.18262E-6 7.02238E-6 1.03563E-5 1.14558E-5 1.14103E-5 1.35232E-5 1.48192E-5 1.52612E-5 1.94084E-5 3.01233E-5 2.49639E-5 2.75196E-5 2.47586E-5 2.51268E-5 2.32438E-5 2.75975E-5 2.61955E-5 2.52157E-5 2.9228E-5 3.04279E-5 4.11864E-5 4.32442E-5 4.89194E-5 5.0109E-5 6.24028E-5 1.41368E-4 8.58218E-5 1.01029E-4 7.37222E-5 7.05731E-5 6.069E-5 6.15964E-5 5.05585E-5 6.13734E-5 8.74136E-5 9.93008E-5 1.21604E-4 1.32201E-4 1.14059E-4 1.69708E-4 1.68482E-4 1.95474E-4 1.7746E-4 2.66727E-4 2.91616E-4 2.29311E-4 2.75074E-4
1.95942E-6 2.09627E-6 2.72064E-6 2.92772E-6 7.48577E-7 7.27705E-7 3.22927E-6 3.55647E-6 3.38867E-6 3.71714E-6 3.74179E-6 2.42612E-6 3.31969E-6 3.23329E-6 4.11663E-6 4.07256E-6 4.24834E-6 5.58111E-6 1.29999E-5 1.36141E-5 3.91666E-6 8.50985E-6 1.16808E-5 5.58834E-6 1.00351E-5 9.42347E-6 1.14165E-5 1.59621E-5 2.36766E-5 2.4563E-5 2.80413E-5 2.46081E-5 2.6006E-5 2.60567E-5 1.89434E-5 3.69697E-6 2.0935E-5 2.33012E-5 2.21959E-5 2.46632E-5 3.49017E-5 3.79599E-5 3.83262E-5 3.1517E-5 5.17845E-5 7.49908E-5 1.47099E-4 1.22973E-4 7.25491E-5 7.23234E-5 6.01411E-5 4.56353E-5 4.65426E-5 5.34951E-5 8.10916E-6 7.81346E-5 8.51987E-5 1.05214E-4 1.26749E-4 1.5088E-4 1.56886E-4 1.60126E-4 2.4063E-4 2.27245E-4 2.01316E-4 2.50403E-4
1.83175E-6 1.69869E-6 9.18701E-7 3.892E-7 1.35285E-6 2.58838E-7 8.14074E-7 1.04827E-6 6.2679E-7 1.23E-6 3.75244E-6 3.43896E-6 3.46777E-6 3.38394E-6 3.10181E-6 3.09669E-6 3.67533E-6 6.2966E-6 1.03165E-5 6.22679E-6 5.83882E-6 7.692E-6 7.64772E-6 8.1984E-6 9.16384E-6 8.67703E-6 1.1095E-5 1.31868E-5 1.86807E-5 1.82643E-5 1.81116E-5 1.87059E-5 2.20466E-5 2.14525E-5 2.37662E-5 1.89668E-5 3.68696E-6 1.83831E-5 2.10364E-5 2.26921E-5 2.6422E-5 2.23098E-5 2.7968E-5 2.85876E-5 3.55509E-5 4.07653E-5 4.51626E-5 5.35846E-5 4.87393E-5 8.82792E-5 3.04062E-5 5.04175E-5 4.90078E-5 5.28296E-5 4.96013E-5 3.07857E-5 6.31931E-5 6.47794E-5 7.77452E-5 9.97029E-5 1.09658E-4 1.32528E-4 1.95622E-4 1.93265E-4 1.85917E-4 2.05003E-4
1.41923E-6 1.47408E-6 3.08047E-7 1.13366E-6 4.12894E-7 3.99981E-7 4.5909E-7 3.13369E-6 2.93816E-6 4.95424E-7 1.61212E-6 6.60564E-7 3.4148E-6 3.07843E-6 1.95887E-6 1.71363E-6 2.83707E-6 4.34445E-6 7.76471E-6 8.79257E-6 1.0322E-5 1.05945E-5 5.98662E-6 6.02324E-6 7.47509E-6 6.53822E-6 1.24636E-6 2.4541E-6 1.48004E-5 1.68482E-5 1.48803E-5 1.55899E-5 1.55763E-5 1.58502E-5 1.54237E-5 1.5088E-5 7.39547E-6 1.49199E-5 1.68432E-5 4.79609E-6 2.2679E-5 2.07113E-5 2.10659E-5 2.43527E-5 2.26175E-5 3.42175E-5 4.30041E-5 3.69008E-5 3.60973E-5 2.88517E-5 5.12188E-5 5.99672E-5 7.54921E-5 1.14021E-4 4.72589E-5 2.98753E-5 1.2538E-4 5.23903E-5 5.1092E-5 7.13247E-5 7.51661E-5 1.30068E-4 1.257E-4 1.60484E-4 2.1951E-4 2.35856E-4
3.1146E-7 1.49711E-6 3.22702E-7 3.64038E-7 4.1936E-7 3.1194E-7 4.85927E-7 2.85887E-6 2.87346E-6 4.25707E-7 4.42337E-7 4.81776E-7 3.01161E-6 2.98764E-6 2.76027E-6 5.85424E-7 3.01084E-6 2.56407E-6 4.9983E-6 5.64238E-6 7.7556E-6 1.04897E-5 8.76776E-6 5.85828E-6 6.3046E-6 6.41564E-6 2.63701E-6 4.60858E-6 1.27663E-5 3.31349E-6 8.32374E-6 1.39715E-5 1.46286E-5 1.48846E-5 1.54958E-5 1.61662E-5 2.14063E-6 1.97148E-6 1.55645E-5 1.15993E-6 2.68211E-6 1.85537E-5 1.54634E-5 1.96698E-5 2.66765E-5 3.1288E-5 3.11995E-5 2.7607E-5 3.46761E-5 3.39077E-5 3.68547E-5 4.05627E-5 3.92884E-5 5.06048E-5 6.51415E-5 7.07477E-5 4.23832E-5 8.84651E-5 1.12041E-4 5.47016E-5 7.90163E-5 8.54915E-5 1.42823E-4 2.15357E-4 6.9004E-5 2.54238E-4
2.88359E-7 2.82018E-7 8.97388E-8 1.95923E-7 1.84503E-7 3.73583E-7 1.35224E-7 4.81006E-7 2.81047E-6 4.94322E-7 2.76585E-6 2.88799E-7 5.86227E-7 2.84455E-6 1.77571E-6 1.77209E-6 3.17142E-6 3.12712E-6 3.1348E-6 3.87707E-6 4.10194E-6 6.0578E-6 5.44448E-6 5.35167E-6 3.48722E-6 1.45376E-6 4.46858E-7 1.41366E-6 1.06844E-5 1.13979E-5 1.52819E-5 1.31368E-5 1.11865E-5 1.16326E-5 1.08745E-5 1.31067E-5 1.23947E-5 1.37608E-5 7.83062E-6 6.43573E-6 1.50487E-5 1.25751E-5 1.70294E-5 2.05466E-5 2.22057E-5 2.73454E-5 2.14598E-5 2.27817E-5 2.65535E-5 3.11149E-5 2.76315E-5 2.86822E-5 3.06488E-5 4.24402E-5 5.14945E-5 5.22542E-5 4.45074E-5 5.51506E-5 5.49136E-5 6.49899E-5 1.38909E-4 1.7373E-5 1.11263E-4 1.03165E-4 1.26379E-4 1.9301E-4
1.3869E-7 2.97517E-7 1.88974E-7 2.65972E-8 1.97522E-7 1.92273E-7 1.84365E-7 3.33152E-7 2.77568E-7 3.16406E-7 2.99272E-6 7.60243E-7 3.57836E-7 3.22483E-7 2.6017E-6 1.44504E-6 2.56345E-6 2.85147E-6 3.07368E-6 3.46908E-6 4.07364E-6 4.3807E-6 4.57511E-6 4.58121E-6 4.9944E-6 3.15005E-6 3.37369E-6 1.07874E-5 9.37593E-6 1.05845E-5 1.14506E-5 1.25956E-5 1.05387E-5 7.71512E-6 8.40499E-6 9.34E-6 2.44237E-6 1.11617E-5 5.91344E-6 1.26552E-5 1.49438E-5 1.38101E-5 1.31622E-5 1.76328E-5 1.78642E-5 2.11424E-5 1.83232E-5 2.01189E-5 2.73058E-5 2.08281E-5 2.34963E-5 2.2425E-5 2.06522E-5 2.66677E-5 3.10638E-5 3.99343E-5 3.35318E-5 2.23434E-5 2.83765E-5 4.32543E-5 5.57166E-5 1.25808E-4 8.13643E-5 1.69924E-5 7.36511E-5 9.80413E-5
1.80424E-6 1.00538E-6 3.28959E-7 1.66755E-7 3.03581E-7 4.13415E-7 3.39674E-7 3.22788E-7 2.17163E-6 2.84458E-7 2.68034E-7 2.42102E-6 2.77483E-7 2.18034E-6 1.92796E-6 1.87415E-6 1.26553E-6 3.81531E-7 2.50561E-6 3.89266E-7 3.19027E-6 5.87329E-7 4.29606E-6 4.59214E-6 3.95404E-6 2.61313E-6 5.4707E-6 5.77667E-6 9.60823E-6 1.06375E-5 1.01673E-5 1.86786E-6 4.95361E-6 9.23124E-6 3.24323E-6 8.87816E-6 2.41399E-6 2.45437E-6 2.87825E-6 1.35818E-5 1.34836E-5 1.29312E-5 1.29396E-5 1.31122E-5 1.48797E-5 1.87501E-5 2.08691E-5 1.80794E-5 2.06573E-5 2.08802E-5 2.16589E-5 2.21732E-5 2.13027E-5 1.83768E-5 2.58046E-5 1.29225E-5 2.8547E-5 2.2942E-5 2.61651E-5 3.3826E-5 4.97521E-5 5.16884E-5 6.63982E-5 2.31098E-5 4.09461E-5 7.95275E-5
8.20441E-7 2.13672E-7 1.02982E-6 1.48876E-7 2.26742E-7 2.31554E-6 6.02105E-7 2.32645E-7 1.98291E-6 2.84901E-7 2.38338E-7 7.71893E-8 2.97711E-7 2.92262E-7 3.40292E-7 3.10078E-7 3.6898E-7 1.15442E-6 1.87531E-6 3.16784E-7 4.24001E-7 2.37867E-6 3.14987E-6 3.43254E-6 5.83263E-7 3.88291E-6 3.64567E-6 4.20856E-6 5.22551E-6 6.16265E-6 7.71884E-6 1.39934E-5 7.36419E-6 5.6716E-6 1.9582E-6 4.18809E-6 1.00948E-6 2.34467E-6 2.51554E-6 2.24342E-6 1.15626E-5 1.12159E-5 1.10347E-5 1.15579E-5 1.33154E-5 1.57841E-5 1.64347E-5 1.66403E-5 9.94091E-6 1.61669E-5 1.87248E-5 1.99857E-5 1.86211E-5 1.85137E-5 1.90601E-5 2.41833E-5 2.02159E-5 2.31605E-5 2.2752E-5 3.10952E-5 4.10505E-5 4.21253E-5 6.00548E-5 5.85961E-5 7.695E-5 1.23129E-4
3.64672E-7 3.03176E-7 2.30437E-7 5.79534E-8 1.15222E-6 2.79962E-7 2.14593E-7 1.60707E-7 1.90549E-7 1.318E-7 1.65313E-7 5.40983E-8 2.01306E-7 4.02351E-7 1.03621E-7 5.1432E-7 3.09165E-7 3.10689E-7 4.54157E-7 7.71287E-7 2.98306E-7 1.72543E-6 1.22907E-6 2.80372E-6 2.91628E-6 1.74313E-6 3.17521E-6 3.15537E-6 1.15936E-6 5.4846E-7 3.03653E-6 9.62286E-6 1.22745E-5 6.34173E-6 1.57245E-6 1.41081E-6 1.06496E-5 1.06105E-5 9.8044E-6 9.20461E-6 4.76156E-6 1.01809E-5 1.05262E-5 1.18717E-5 1.44185E-5 1.47198E-5 1.75057E-5 1.51814E-5 5.20722E-6 6.60583E-6 1.62773E-5 1.66063E-5 1.61809E-5 1.64038E-5 1.88867E-5 1.90674E-5 1.71197E-5 1.5843E-5 1.88904E-5 2.19038E-5 2.21332E-5 2.58066E-5 1.75057E-5 3.15909E-5 1.3868E-5 9.31636E-6
8.96959E-7 3.52318E-8 2.05452E-7 2.31927E-7 2.37817E-7 7.04191E-9 2.04644E-8 4.91506E-7 8.46837E-8 2.99701E-8 1.82405E-7 1.38188E-7 2.74308E-8 1.32023E-6 5.16105E-7 4.35888E-7 1.09376E-6 7.27977E-7 3.3446E-7 1.33306E-7 1.39596E-7 2.52937E-7 1.709E-6 3.32489E-7 2.36598E-6 6.87387E-7 2.63265E-6 3.21931E-6 6.7295E-7 5.99732E-7 5.07809E-6 9.64668E-7 1.1117E-5 1.14446E-5 1.53153E-6 5.32381E-6 1.09602E-5 1.67512E-6 1.08936E-5 1.00969E-5 1.02635E-5 1.55949E-6 1.05563E-5 1.34438E-5 1.20738E-5 5.93875E-6 3.33881E-6 1.30219E-5 1.32225E-5 1.24912E-5 7.06707E-6 1.29393E-5 1.50289E-5 1.52951E-5 1.41663E-5 1.58875E-5 1.49374E-5 1.41035E-5 1.36665E-5 1.27552E-5 1.15996E-5 2.34456E-5 2.63953E-5 2.85216E-5 2.78693E-5 4.64279E-5
1.53145E-7 2.0142E-7 4.35566E-8 7.03978E-9 1.0611E-8 9.54434E-9 3.37334E-8 3.38528E-8 1.04914E-7 3.90586E-9 1.54614E-8 1.12665E-7 5.97595E-8 3.52175E-7 7.40057E-7 2.25316E-7 6.24756E-7 1.94232E-7 6.17498E-7 1.49093E-7 1.20204E-6 1.32814E-6 1.30561E-6 1.78045E-7 3.19572E-7 1.74952E-7 9.89054E-7 4.73668E-7 3.6905E-6 4.1989E-6 4.90752E-6 1.63082E-6 9.62348E-6 4.6794E-6 9.35918E-6 1.03919E-5 1.13278E-5 8.82497E-6 9.07633E-6 8.23586E-6 5.39032E-6 1.4878E-6 9.22717E-6 1.03367E-5 1.02004E-5 1.11374E-5 1.15528E-5 1.14356E-5 1.23241E-5 1.31875E-5 1.28477E-5 1.27528E-5 1.28896E-5 1.26619E-5 1.1833E-5 1.16948E-5 1.21255E-5 1.13044E-5 1.03524E-5 9.1605E-6 7.16461E-6 1.07514E-5 7.00919E-6 1.26158E-5 1.35345E-5 1.3295E-5
9.25101E-8 8.42703E-7 2.24798E-7 1.27305E-7 7.63658E-8 3.30069E-7 3.89607E-7 7.86223E-8 1.21408E-7 1.06096E-8 4.17568E-8 1.97697E-7 1.58849E-7 5.60793E-7 4.66726E-7 7.7676E-7 7.47341E-7 7.37081E-7 5.58821E-7 9.98251E-8 1.17684E-6 2.13163E-7 1.79955E-7 2.4285E-7 1.98457E-7 1.274E-7 2.34871E-7 2.20882E-7 3.96184E-7 2.14044E-6 4.5041E-6 2.85983E-6 3.322E-6 1.02796E-6 1.55537E-6 9.37594E-6 1.66134E-6 8.03619E-6 6.37653E-6 9.15524E-6 9.1127E-6 8.21692E-6 7.36116E-6 8.45594E-6 9.23502E-6 9.57115E-6 1.07965E-5 1.44978E-5 1.23062E-5 1.31536E-5 1.16123E-5 1.17235E-5 1.15137E-5 1.02726E-5 1.06908E-5 1.49712E-5 8.19847E-6 9.05062E-6 5.01495E-6 9.4741E-6 7.21356E-6 6.7105E-6 8.42196E-6 8.38935E-6 9.55083E-6 1.07101E-5
6.81982E-8 2.95509E-8 1.32567E-8 1.035E-7 4.18859E-7 3.08743E-7 2.2234E-7 3.62306E-9 1.62075E-8 4.57367E-9 1.62043E-7 4.55815E-7 1.92632E-7 3.4442E-7 4.99681E-7 9.92097E-7 8.20414E-7 8.19704E-7 9.48007E-7 1.63467E-7 1.39565E-6 4.5737E-7 1.03652E-7 2.07788E-7 2.56711E-7 1.491E-6 2.5764E-7 1.43955E-8 4.23065E-7 5.20425E-6 1.18854E-6 4.63426E-6 6.2939E-6 6.60815E-6 1.07875E-5 3.92969E-6 1.72588E-5 8.57763E-6 5.73055E-6 6.88858E-6 6.97929E-6 7.2794E-6 7.15547E-6 8.33508E-6 8.56955E-6 8.04305E-6 1.10735E-5 1.10882E-5 1.15108E-5 1.17085E-5 1.29693E-5 1.1071E-5 9.39021E-6 9.89156E-6 1.30772E-5 9.26328E-6 7.13808E-6 6.73998E-6 6.48795E-6 5.89685E-6 6.65886E-6 5.55528E-6 8.49001E-6 5.05036E-6 7.42555E-6 7.00075E-6
9.68715E-10 4.16947E-8 9.03404E-8 1.48846E-7 1.30631E-7 8.16891E-7 5.75324E-10 2.62414E-9 1.26176E-7 7.80247E-8 4.43177E-8 9.5494E-8 5.21749E-8 4.26086E-8 7.33522E-7 1.95136E-7 1.06605E-6 1.03266E-6 3.71185E-7 2.16396E-7 4.84824E-7 5.15702E-7 5.31648E-7 2.08368E-6 9.63054E-7 9.86013E-7 2.39246E-7 1.05798E-6 3.86005E-7 2.68586E-6 3.66219E-6 4.06786E-6 5.07608E-6 5.8613E-6 8.10913E-6 5.44828E-6 3.10808E-6 1.68773E-6 1.52641E-6 1.52923E-6 6.73958E-6 7.00334E-6 8.01299E-6 8.3474E-6 8.24379E-6 9.03143E-6 1.61836E-5 1.60784E-5 1.45554E-5 2.02251E-5 1.89088E-5 1.14564E-5 7.79078E-6 7.00941E-6 7.45475E-6 7.32742E-6 6.69226E-6 5.9636E-6 6.24792E-6 4.9336E-6 4.6784E-6 4.91846E-6 4.52051E-6 5.30371E-6 4.99058E-6 5.25511E-6
5.11106E-10 1.64892E-8 6.85728E-8 8.28741E-8 1.63423E-7 9.26744E-7 8.99619E-8 1.35022E-7 2.56266E-7 7.35447E-7 1.42111E-7 1.80228E-7 1.44623E-7 2.47342E-8 2.11913E-7 2.17922E-7 3.68186E-7 3.96673E-7 1.04303E-7 6.80276E-8 1.96147E-6 2.51553E-6 2.07363E-6 2.27621E-7 1.4255E-7 4.2303E-7 2.70455E-7 2.6019E-7 1.54481E-7 1.78756E-7 1.5174E-7 7.58642E-7 3.80208E-7 1.24735E-8 1.28356E-7 1.63277E-6 6.08238E-6 5.02526E-6 3.12949E-6 7.88875E-6 7.62235E-6 3.83156E-6 7.84717E-6 7.13561E-6 8.1935E-6 8.2715E-6 1.20953E-5 1.41502E-5 2.33596E-5 1.75303E-5 5.7178E-6 7.95349E-6 8.31241E-6 8.0131E-6 7.45829E-6 4.35794E-6 6.28075E-6 5.62125E-6 5.78243E-6 5.05086E-6 6.26537E-6 4.38675E-6 4.47651E-6 5.08159E-6 4.95768E-6 4.92769E-6
1.77658E-8 1.09437E-7 1.07374E-9 7.94585E-9 1.42923E-7 9.59042E-7 6.0683E-7 7.99321E-8 1.07994E-7 6.16859E-8 7.61027E-8 3.00188E-7 4.72244E-7 1.73419E-6 8.38106E-7 1.56493E-7 1.76158E-7 1.33512E-7 4.65553E-7 1.03211E-7 4.47484E-8 5.1918E-7 1.0909E-6 1.00925E-6 3.08303E-7 1.12074E-6 3.92405E-7 1.56998E-7 3.79035E-7 1.8417E-7 2.15896E-7 3.03082E-8 1.66199E-8 7.29389E-8 2.91973E-7 6.08161E-7 6.30092E-7 5.11382E-7 3.96217E-7 5.94498E-7 1.30406E-6 1.18651E-6 7.72158E-7 8.53863E-7 1.55889E-6 9.25676E-6 8.15546E-6 1.1299E-5 1.12466E-5 8.03233E-6 6.19944E-6 6.27709E-6 6.21759E-6 5.99162E-6 5.87641E-6 4.29404E-6 6.80915E-6 5.87437E-6 4.44556E-6 4.33116E-6 4.69046E-6 4.56686E-6 4.60562E-6 5.56705E-6 5.0378E-6 4.59848E-6
5.07455E-8 2.52924E-7 1.20308E-7 2.54541E-9 8.90449E-8 1.70499E-7 1.0145E-7 6.49962E-7 1.95235E-7 1.45693E-6 3.06347E-7 3.16984E-7 3.94073E-7 2.90115E-7 4.04136E-7 1.25989E-7 1.87195E-7 1.24487E-7 6.03387E-8 1.82216E-7 1.23719E-6 1.2634E-7 2.72041E-7 3.972E-7 4.90174E-7 8.65021E-7 9.27918E-8 2.44892E-7 7.0425E-8 2.33591E-8 7.44484E-8 2.01409E-8 8.10875E-9 3.8787E-7 4.36598E-7 4.8788E-7 7.44758E-8 2.47335E-7 3.71105E-7 1.24812E-8 2.07691E-9 4.78021E-9 6.30283E-9 3.5749E-8 1.67126E-8 5.27951E-8 8.50753E-9 6.83377E-8 6.6927E-8 1.59579E-6 1.45108E-6 8.23391E-7 5.44432E-6 5.23081E-6 6.65057E-6 6.59988E-6 2.32341E-6 7.30002E-6 7.04897E-6 4.4237E-6 4.66677E-6 4.90885E-6 4.80271E-6 4.79742E-6 1.0526E-5 1.48065E-6
7.38039E-8 8.71814E-8 1.75511E-7 7.50781E-8 9.94201E-9 5.90147E-8 9.97851E-8 7.92594E-8 2.72932E-7 3.43191E-7 2.80172E-7 6.01001E-7 1.67642E-7 1.16375E-7 3.01021E-8 1.55768E-8 3.54377E-8 1.75828E-7 5.94986E-7 2.24538E-7 2.9255E-7 4.39842E-7 5.34629E-7 2.26629E-7 2.1523E-7 3.09038E-7 3.32071E-7 2.52286E-7 6.95799E-7 3.43456E-7 4.23384E-7 3.18697E-7 1.41149E-6 7.64693E-7 1.85009E-6 5.91821E-7 5.58747E-7 3.75725E-7 2.50192E-6 5.56074E-7 4.25922E-8 4.97564E-8 8.78493E-8 1.50164E-7 3.13918E-8 2.25432E-7 3.72207E-7 8.09562E-9 1.6245E-8 6.89488E-7 1.36798E-6 1.28871E-6 8.14691E-7 1.58004E-6 4.31239E-6 2.00576E-6 6.58916E-6 5.95034E-6 7.20139E-6 6.64763E-6 5.6846E-6 6.93966E-6 4.57186E-6 7.67097E-6 2.12952E-6 7.28629E-6
1.94509E-7 1.87096E-7 2.22535E-7 7.00861E-8 2.09539E-8 1.86214E-7 7.53818E-7 5.49324E-8 3.22538E-7 1.40803E-7 3.55896E-7 2.06834E-7 7.38059E-9 4.93146E-8 1.01325E-7 2.77427E-9 1.97685E-8 1.10484E-7 1.92536E-7 2.8342E-7 4.20564E-7 5.93826E-7 6.51814E-7 3.77051E-7 3.47324E-7 8.95918E-7 7.14899E-7 7.75788E-7 6.9167E-7 6.32245E-7 1.00904E-6 2.55627E-7 3.58108E-7 2.15429E-7 9.53552E-8 1.46204E-7 3.5742E-7 4.28603E-7 5.42346E-7 3.19172E-7 4.79694E-7 1.06677E-7 5.46322E-9 1.48953E-8 2.82287E-8 2.36242E-7 1.28498E-6 8.30348E-7 2.46998E-6 1.39883E-6 1.98394E-6 1.42484E-6 2.1762E-6 6.54962E-6 4.09199E-6 3.24516E-6 1.20908E-6 9.85125E-6 1.00719E-6 7.36316E-6 6.71074E-6 1.89659E-6 1.42057E-5 6.75579E-6 6.34434E-6 7.16108E-6
9.48084E-8 6.45449E-7 3.74535E-7 1.8184E-8 3.93179E-8 3.27816E-7 2.77814E-7 4.41371E-8 2.85707E-7 1.24466E-8 4.25474E-8 7.61625E-8 2.10958E-8 1.78621E-9 5.17065E-8 8.16921E-8 2.05818E-9 1.89429E-7 2.38474E-7 1.48264E-7 4.08032E-8 1.65496E-7 5.29998E-7 1.79591E-7 1.23587E-7 6.10723E-8 4.11453E-7 5.14253E-7 2.99972E-7 1.98762E-7 3.05354E-7 3.59033E-7 1.38034E-7 5.42407E-7 1.3059E-8 1.2882E-7 8.26109E-8 3.60008E-8 3.99168E-8 3.50452E-8 2.35242E-7 2.73971E-7 6.09186E-9 2.17471E-8 5.17736E-7 3.18915E-7 9.3168E-7 1.42254E-6 1.46545E-5 2.29349E-6 2.49819E-6 4.07522E-6 2.56481E-6 1.98869E-6 3.20958E-6 2.28445E-6 6.38946E-7 1.84738E-6 9.56028E-6 2.7063E-6 2.43001E-6 1.54378E-5 4.57713E-6 7.38129E-6 7.8382E-6 6.07005E-6
2.34142E-7 1.86026E-7 4.4982E-7 1.29492E-7 3.30911E-8 7.02661E-8 5.98226E-9 1.25354E-8 1.94117E-7 1.41721E-7 2.44614E-7 1.11917E-8 3.16655E-8 9.95415E-10 2.32741E-8 5.35534E-8 1.32256E-7 1.98219E-7 1.22903E-7 4.95613E-8 2.27421E-7 1.09537E-8 2.25874E-8 2.08484E-7 6.95896E-7 7.95676E-7 6.89531E-7 5.59213E-7 4.80801E-6 1.33482E-6 9.61501E-7 1.01996E-6 6.49492E-7 3.926E-8 1.49506E-7 1.54088E-7 8.48553E-7 3.76452E-6 8.43658E-8 2.93577E-9 9.87469E-9 6.51087E-8 2.05334E-9 1.693E-9 3.85088E-7 2.36289E-8 1.54657E-7 4.08302E-7 1.51713E-5 1.45979E-5 1.37719E-5 8.9027E-6 9.31506E-6 1.89104E-6 1.62064E-6 2.55668E-7 6.11E-7 4.80025E-7 1.25268E-6 2.96138E-6 1.708E-6 1.70767E-6 2.51341E-6 8.7948E-6 1.14108E-5 1.23167E-5
2.10992E-9 1.35803E-9 3.26875E-7 5.02895E-7 4.65258E-8 1.35284E-8 5.90704E-9 1.01665E-8 1.73285E-8 3.27715E-8 3.70362E-8 2.56569E-8 3.9119E-8 1.00733E-7 1.22404E-7 2.25533E-7 3.23322E-7 2.00963E-7 1.67601E-9 1.71027E-9 5.74934E-9 5.48548E-8 3.9075E-7 5.83767E-6 3.48454E-7 5.00858E-7 4.02132E-7 5.15879E-7 6.62652E-7 8.48802E-7 6.02062E-7 5.6349E-7 9.2238E-7 4.1403E-7 6.21241E-7 9.71952E-8 9.8446E-8 3.48679E-9 1.27035E-9 9.58545E-9 5.16086E-9 3.61623E-8 3.12925E-10 5.20116E-10 1.29779E-9 3.01031E-9 8.06091E-8 5.70892E-8 1.73508E-7 6.44641E-8 1.5674E-6 5.57229E-6 3.15471E-6 2.11458E-6 4.93005E-6 1.69799E-6 1.72948E-6 3.88225E-6 4.14074E-6 3.63023E-6 1.56997E-6 7.82757E-6 1.05607E-5 1.11858E-5 1.29134E-5 1.42685E-5
3.18514E-11 8.66496E-11 3.05376E-10 4.19246E-9 2.41577E-8 4.05476E-8 4.76067E-9 1.08967E-8 2.72324E-8 1.69199E-7 1.75599E-7 1.89602E-7 1.23983E-7 1.36558E-7 1.54994E-7 1.41864E-7 6.31803E-8 3.04743E-8 3.74262E-10 8.45009E-8 4.17874E-8 2.35046E-8 3.02556E-8 1.67921E-8 3.53354E-7 4.56947E-7 7.39183E-7 5.45542E-7 6.88805E-7 6.10131E-7 1.01115E-5 1.03266E-6 8.73471E-6 5.96253E-7 1.27601E-7 3.89337E-8 4.30078E-9 3.81196E-9 3.36155E-8 2.34933E-7 4.90315E-7 5.16101E-7 4.33084E-8 3.59534E-7 3.09228E-8 4.43726E-7 9.46111E-8 5.90395E-7 5.14777E-7 1.64801E-7 2.3079E-6 4.03101E-6 3.1276E-6 4.10863E-6 1.20583E-5 1.60604E-6 5.82874E-6 1.36694E-6 6.32287E-6 1.01017E-5 3.87698E-6 1.16433E-5 1.42491E-5 1.63988E-5 2.13321E-5 2.10082E-5
3.77042E-10 1.61097E-11 2.58842E-10 8.88045E-8 1.83132E-7 4.47646E-8 2.85305E-8 6.32649E-8 3.53788E-8 1.64848E-7 1.3917E-7 2.29113E-7 1.52378E-7 9.75524E-8 1.49425E-8 1.20614E-9 2.79506E-8 1.04531E-8 3.36351E-8 3.47874E-9 1.17635E-9 8.40084E-8 6.40101E-7 2.25837E-6 4.46727E-7 9.72995E-8 8.22596E-7 4.42311E-7 6.15783E-7 7.09756E-7 3.74017E-6 6.2264E-7 3.88458E-7 8.28613E-9 1.09565E-7 2.05296E-8 2.02811E-7 2.57212E-7 1.68544E-7 2.20031E-7 2.32919E-8 1.01773E-7 4.81507E-7 3.7372E-7 2.26477E-7 2.76342E-7 8.03589E-7 8.18894E-7 3.26522E-7 2.99042E-7 7.14601E-7 1.12375E-6 2.7003E-6 1.20619E-6 1.65725E-7 1.4499E-6 1.49986E-6 1.55626E-6 1.18968E-5 1.35388E-5 9.46266E-6 2.80627E-6 9.3418E-6 1.03395E-5 5.028E-6 2.16073E-5
2.24453E-8 3.02068E-9 2.05881E-8 2.30794E-8 1.00732E-8 5.53548E-7 1.13488E-8 1.30457E-7 1.63371E-7 8.10658E-7 1.25344E-7 1.65128E-7 2.92932E-8 6.12384E-10 6.29264E-10 3.1809E-8 9.7113E-8 6.4534E-8 1.41447E-8 1.36573E-8 3.80121E-8 1.28739E-6 1.45347E-6 8.47196E-6 9.37723E-7 1.9874E-7 2.09937E-7 1.87947E-7 7.21707E-7 4.32944E-7 5.9196E-7 7.29257E-7 3.8751E-7 7.85589E-7 4.15069E-8 3.82026E-8 3.44825E-7 7.19843E-7 7.57079E-8 5.41466E-7 2.57687E-7 3.48512E-7 3.37587E-7 3.11134E-7 1.28097E-7 6.7064E-11 2.17741E-9 3.17653E-7 4.5088E-8 1.01259E-6 1.02722E-6 1.91543E-6 2.15079E-7 6.6034E-9 3.02473E-7 1.84279E-6 2.8593E-6 1.34406E-6 1.99635E-5 5.0954E-6 2.22333E-5 2.03705E-5 2.49791E-6 3.03239E-6 3.55698E-6 3.75664E-6
2.7131E-7 2.1928E-7 1.51775E-7 1.91483E-7 1.49697E-7 1.10825E-7 5.33781E-8 1.24498E-8 3.48584E-8 2.18546E-7 2.21212E-7 2.74395E-9 5.29587E-9 4.76513E-8 5.66844E-9 8.70659E-9 3.80089E-8 2.81859E-8 2.05075E-8 6.33763E-8 2.05494E-8 2.02941E-7 9.6419E-7 6.21619E-6 7.7743E-7 7.26293E-7 1.03173E-7 1.49254E-7 4.68222E-7 1.04816E-6 5.8151E-7 5.53358E-7 3.4691E-7 1.1636E-7 1.03217E-6 9.17222E-7 9.59907E-7 6.73831E-7 2.78269E-7 1.19634E-7 3.7347E-7 4.00208E-7 1.72384E-6 7.74595E-7 8.78071E-8 1.55143E-7 9.98817E-8 1.32629E-8 7.50389E-7 2.65488E-6 1.74055E-6 1.78866E-6 1.79101E-6 1.5316E-6 1.42484E-6 2.61027E-6 2.9385E-6 3.64474E-6 3.51915E-6 7.40066E-6 4.46114E-6 2.34361E-5 2.14493E-6 1.79442E-6 3.99325E-6 3.0286E-5
1.1814E-8 2.04458E-7 5.14155E-7 2.71236E-7 8.37659E-8 1.01592E-9 1.22704E-8 8.71494E-9 5.05025E-8 3.9719E-8 6.11471E-9 1.05821E-7 6.03013E-8 1.4338E-9 2.34324E-9 4.17564E-9 2.41539E-8 7.52786E-8 4.66044E-9 2.28164E-8 1.19822E-7 3.36872E-7 4.24517E-7 9.91003E-7 5.83124E-7 1.24149E-7 8.85353E-8 1.78476E-7 6.76522E-8 9.69813E-7 1.28622E-7 1.0482E-7 1.04286E-7 1.10306E-6 1.25104E-7 2.77103E-7 6.52479E-7 1.02227E-7 4.71406E-7 4.37776E-7 2.30532E-7 5.95964E-8 1.51067E-7 1.82089E-7 3.58725E-8 2.37031E-7 3.13543E-6 4.55351E-6 4.56927E-6 4.81894E-6 7.2207E-6 9.76475E-6 1.38633E-6 1.83024E-6 1.28268E-6 1.81082E-5 1.9758E-6 3.97706E-6 1.66195E-5 2.49882E-5 3.04416E-6 4.51692E-6 1.24357E-5 1.65413E-5 5.10472E-6 5.43973E-6
