catData/rasterBestHybridModels/Pviverrinus/RD_RM1.5_autofeature/Pviverrinus_max.asc
ncols         409
nrows         350
xllcorner     60.897278365
yllcorner     5.843756025
cellsize      0.0892857
NODATA_value  -9999
[rows 58 to 86 of 350, columns 66 to 131 of 409]
-9999 -9999 -9999 -9999 -9999 -9999 -9999 -9999 -9999 -9999 -9999 -9999 -9999 -9999 -9999 -9999 -9999 -9999 -9999 -9999 -9999 -9999 -9999 -9999 -9999 -9999 -9999 9.55753E-7 1.87385E-6 1.63086E-6 2.10425E-6 1.36614E-6 2.38749E-6 1.68857E-6 9.99521E-7 3.75819E-6 3.50524E-6 1.64586E-6 9.20286E-7 7.8125E-7 7.13795E-7 7.93249E-7 9.10476E-7 1.05406E-6 1.68168E-6 1.67446E-6 5.87428E-6 2.36357E-6 1.48342E-6 1.30623E-6 1.20282E-6 8.23276E-7 8.58906E-7 8.30841E-7 9.52146E-7 1.00884E-6 1.02144E-6 9.30768E-7 9.84252E-7 1.04543E-6 1.7001E-6 9.95114E-6 1.09063E-5 1.02316E-5 1.24908E-5 1.27689E-5
-9999 -9999 -9999 -9999 -9999 -9999 -9999 -9999 -9999 -9999 -9999 -9999 -9999 -9999 -9999 3.04305E-7 -9999 -9999 -9999 3.2552E-7 3.7343E-7 -9999 -9999 -9999 -9999 -9999 5.28659E-7 5.096E-7 8.6066E-7 1.96763E-6 1.77005E-6 2.09349E-6 2.30385E-6 7.73078E-7 5.56572E-7 1.48865E-6 7.74285E-6 2.00285E-6 1.03871E-6 8.26675E-7 7.52115E-7 7.41442E-7 8.17149E-7 1.30589E-6 2.0831E-6 1.51757E-6 4.29948E-6 1.62446E-6 1.40586E-6 1.25529E-6 1.17173E-6 1.01171E-6 8.41383E-7 7.13697E-7 9.48908E-7 9.92993E-7 7.30413E-7 7.28876E-7 9.34133E-7 1.01138E-6 3.08681E-6 8.90816E-6 1.01427E-5 1.06248E-5 1.10406E-5 1.20874E-5
-9999 -9999 -9999 -9999 -9999 -9999 -9999 -9999 -9999 -9999 -9999 -9999 -9999 -9999 3.26786E-7 3.31947E-7 2.90001E-7 3.04376E-7 3.42021E-7 3.65876E-7 3.90543E-7 4.49438E-7 -9999 -9999 -9999 -9999 3.43642E-7 3.3886E-7 9.96634E-7 1.80438E-6 2.04661E-6 1.91466E-6 8.39745E-7 5.52735E-7 8.07709E-7 7.02063E-7 1.0856E-5 2.55102E-6 1.49943E-6 9.12946E-7 8.39122E-7 8.01706E-7 8.77036E-7 1.43914E-6 2.08646E-6 2.32823E-6 4.98144E-6 2.43013E-6 1.30894E-6 1.10241E-6 9.40727E-7 8.83928E-7 7.07328E-7 6.87932E-7 9.03809E-7 8.30448E-7 5.7634E-7 6.91879E-7 9.09936E-7 1.92661E-6 7.29024E-6 8.74759E-6 8.57559E-6 1.01972E-5 1.05478E-5 1.21712E-5
-9999 -9999 -9999 -9999 -9999 -9999 -9999 -9999 -9999 -9999 -9999 -9999 -9999 3.30448E-7 3.45032E-7 3.56073E-7 3.50083E-7 3.67102E-7 3.8066E-7 3.85109E-7 3.88413E-7 4.79457E-7 4.96925E-7 -9999 4.21021E-7 3.98267E-7 2.83516E-7 4.48595E-7 1.02023E-6 1.18491E-6 1.68435E-6 1.27166E-6 3.11767E-7 3.40985E-7 6.16946E-7 3.00003E-7 6.52731E-6 4.71426E-6 2.44912E-6 1.16824E-6 8.26496E-7 7.44913E-7 9.25419E-7 1.54784E-6 2.5769E-6 4.79468E-6 3.46204E-6 1.70419E-6 1.08719E-6 1.043E-6 8.06291E-7 7.40487E-7 6.29894E-7 7.11293E-7 8.32811E-7 8.37592E-7 7.50193E-7 8.08206E-7 1.34226E-6 6.47153E-6 7.03115E-6 7.67487E-6 8.99102E-6 9.68634E-6 1.03925E-5 1.14097E-5
-9999 -9999 -9999 -9999 -9999 -9999 -9999 -9999 -9999 -9999 -9999 3.04394E-7 3.05239E-7 3.23447E-7 3.22454E-7 3.14169E-7 3.28695E-7 3.49507E-7 3.51522E-7 3.99819E-7 3.91176E-7 4.25066E-7 4.74866E-7 3.63289E-7 2.7223E-7 3.1806E-7 3.91601E-7 5.42536E-7 7.21442E-7 1.01795E-6 1.56555E-6 9.73207E-7 3.02691E-7 4.15005E-7 4.3799E-7 4.25627E-7 4.85879E-6 6.9045E-6 2.54299E-6 1.40968E-6 8.19808E-7 7.01843E-7 8.81999E-7 1.32497E-6 2.8243E-6 4.29472E-6 1.34859E-6 1.31994E-6 1.03136E-6 9.65574E-7 6.81728E-7 6.10915E-7 6.60726E-7 6.76675E-7 7.39845E-7 8.34124E-7 8.7081E-7 9.15475E-7 3.31806E-6 7.70874E-6 6.49203E-6 7.74301E-6 8.88412E-6 9.5385E-6 9.36638E-6 1.01314E-5
-9999 -9999 -9999 -9999 -9999 -9999 -9999 -9999 -9999 3.033E-7 2.59462E-7 2.39305E-7 2.51235E-7 2.86287E-7 2.85136E-7 2.66788E-7 2.79212E-7 3.23127E-7 3.71064E-7 4.16989E-7 3.96844E-7 3.84891E-7 3.66693E-7 2.34096E-7 2.99709E-7 3.12658E-7 3.42813E-7 6.00911E-7 1.07873E-6 1.59739E-6 1.39593E-6 6.22943E-7 3.16638E-7 3.99335E-7 4.2126E-7 3.12023E-7 1.87191E-6 4.60965E-6 9.02146E-7 1.30331E-6 7.85048E-7 6.42452E-7 8.29087E-7 1.25759E-6 3.56845E-6 2.5137E-6 1.4914E-6 1.08816E-6 9.80467E-7 9.30055E-7 6.01515E-7 6.04726E-7 6.7981E-7 6.57242E-7 6.51257E-7 6.76078E-7 6.91351E-7 7.64666E-7 3.25291E-6 8.08244E-6 6.39634E-6 7.55858E-6 8.22751E-6 9.36758E-6 8.81881E-6 1.07366E-5
-9999 -9999 -9999 -9999 -9999 -9999 -9999 -9999 -9999 -9999 -9999 2.38439E-7 2.4161E-7 2.60187E-7 2.72273E-7 2.73293E-7 2.81511E-7 3.18918E-7 3.64804E-7 3.63633E-7 3.02979E-7 3.31194E-7 2.55344E-7 2.73796E-7 3.35119E-7 3.40281E-7 5.29871E-7 9.45681E-7 1.51149E-6 1.39462E-6 7.93044E-7 5.27103E-7 4.03579E-7 3.74199E-7 6.83343E-7 4.94448E-7 4.20966E-7 4.03039E-6 1.16097E-6 1.49144E-6 7.56749E-7 6.11061E-7 7.49436E-7 1.13149E-6 3.34864E-6 3.55685E-6 2.0525E-6 1.65985E-6 1.36911E-6 1.02677E-6 7.07664E-7 5.68427E-7 6.06601E-7 5.93032E-7 5.99805E-7 6.02234E-7 6.20084E-7 6.32984E-7 3.11962E-6 5.75246E-6 6.3728E-6 7.08835E-6 7.23199E-6 8.47907E-6 8.07853E-6 8.85582E-6
9.01583E-7 1.1202E-6 9.04178E-7 -9999 -9999 -9999 -9999 -9999 2.66886E-7 2.11735E-7 2.15979E-7 2.10143E-7 2.11742E-7 2.23893E-7 2.3239E-7 2.44973E-7 2.48202E-7 2.24393E-7 2.05179E-7 2.22751E-7 2.44543E-7 2.46317E-7 2.68035E-7 3.10133E-7 3.25105E-7 4.73901E-7 7.81055E-7 1.07727E-6 1.21264E-6 7.66698E-7 4.73393E-7 4.55725E-7 3.38175E-7 5.44479E-7 1.04986E-6 3.91258E-7 4.68672E-7 4.03739E-6 1.09013E-6 1.76496E-6 8.42972E-7 5.55754E-7 6.41851E-7 8.09283E-7 2.98264E-6 4.06281E-6 1.30778E-6 1.98114E-6 1.88863E-6 1.59416E-6 7.969E-7 5.38858E-7 6.05163E-7 6.46562E-7 5.74296E-7 6.18933E-7 1.35809E-6 1.5259E-6 3.58019E-6 8.74949E-6 6.47195E-6 6.56985E-6 6.98513E-6 7.51747E-6 8.10233E-6 1.01273E-5
1.03854E-6 1.04178E-6 8.94472E-7 8.12828E-7 6.27289E-7 5.16824E-7 3.27652E-7 3.79872E-7 2.88041E-7 2.17E-7 1.85713E-7 1.61486E-7 1.42622E-7 1.78908E-7 1.91387E-7 2.00453E-7 2.04534E-7 1.97741E-7 2.00556E-7 2.3835E-7 3.08894E-7 3.67503E-7 3.60239E-7 2.93446E-7 2.73567E-7 4.43216E-7 8.52724E-7 1.17323E-6 1.02714E-6 5.64656E-7 4.68847E-7 4.46427E-7 3.20747E-7 6.75326E-7 1.62979E-6 8.11753E-7 1.08631E-6 3.64358E-6 2.00757E-6 1.46803E-6 7.98761E-7 5.20782E-7 5.69156E-7 7.37653E-7 2.41516E-6 4.80972E-6 1.35812E-6 1.98673E-6 1.98925E-6 1.92876E-6 1.0289E-6 5.66633E-7 9.35716E-7 1.03745E-6 9.22133E-7 1.7874E-6 2.5384E-6 3.00515E-6 4.85855E-6 7.11196E-6 7.02168E-6 6.62417E-6 6.34062E-6 7.3071E-6 7.95625E-6 9.64386E-6
6.21809E-7 5.94517E-7 5.57395E-7 4.97373E-7 4.84697E-7 3.05383E-7 3.0201E-7 2.9578E-7 2.32652E-7 2.25622E-7 2.81031E-7 2.00476E-7 2.27894E-7 2.55154E-7 2.25473E-7 2.10351E-7 2.02216E-7 2.36568E-7 2.6413E-7 3.2316E-7 3.51025E-7 4.22386E-7 2.89692E-7 2.94368E-7 3.80507E-7 6.34604E-7 1.07591E-6 1.16141E-6 7.05274E-7 4.95229E-7 5.4727E-7 4.55755E-7 3.04906E-7 6.82849E-7 1.93964E-6 7.40263E-7 9.34223E-7 2.86975E-6 1.3127E-6 1.69203E-6 9.0963E-7 4.95262E-7 5.00158E-7 6.79458E-7 2.26233E-6 6.64341E-6 1.54748E-6 1.81507E-6 1.88456E-6 2.13598E-6 1.66437E-6 8.40321E-7 8.97843E-7 1.00049E-6 1.06428E-6 1.33468E-6 2.70741E-6 4.02001E-6 5.85098E-6 1.01028E-5 6.97004E-6 5.8292E-6 6.20863E-6 7.37088E-6 8.642E-6 8.03391E-6
4.58045E-7 3.4897E-7 2.81644E-7 3.54353E-7 2.91319E-7 2.19649E-7 2.15775E-7 2.4236E-7 1.86901E-7 1.5823E-7 1.05245E-7 1.44284E-7 2.16079E-7 2.95931E-7 3.48765E-7 3.58266E-7 3.12962E-7 2.50574E-7 2.21221E-7 3.18688E-7 3.01447E-7 4.40376E-7 4.68073E-7 4.19254E-7 6.2691E-7 1.09897E-6 1.1816E-6 9.76678E-7 6.94334E-7 5.49019E-7 4.60367E-7 3.56711E-7 3.65598E-7 9.27916E-7 1.76332E-6 6.74019E-7 6.69028E-7 2.78558E-6 2.7456E-6 2.46599E-6 1.09443E-6 5.50925E-7 4.98644E-7 6.43174E-7 2.01156E-6 7.57708E-6 2.18836E-6 1.02111E-6 1.79816E-6 1.94142E-6 1.8825E-6 1.07178E-6 9.12685E-7 1.13212E-6 1.24232E-6 1.76057E-6 3.77332E-6 5.15143E-6 6.05114E-6 6.94623E-6 6.59639E-6 5.65636E-6 6.0129E-6 6.59917E-6 7.41462E-6 8.74862E-6
5.5685E-7 3.88579E-7 3.35191E-7 3.5738E-7 3.85694E-7 3.59704E-7 3.95149E-7 2.35123E-7 1.00421E-7 9.42598E-8 2.36595E-7 3.37707E-7 4.28404E-7 5.20615E-7 6.29031E-7 6.70468E-7 6.8566E-7 6.487E-7 5.74851E-7 5.72481E-7 6.79727E-7 8.97933E-7 8.44377E-7 8.3618E-7 1.05935E-6 1.17405E-6 9.62139E-7 6.59584E-7 5.31718E-7 4.60553E-7 4.60454E-7 4.82602E-7 6.81467E-7 1.33151E-6 1.78097E-6 1.13404E-6 6.96319E-7 2.35613E-6 3.4876E-6 2.98861E-6 1.14099E-6 5.67739E-7 4.862E-7 6.38426E-7 1.44186E-6 6.83655E-6 2.21033E-6 1.57152E-6 1.59888E-6 1.79923E-6 1.68101E-6 1.40808E-6 9.62438E-7 1.08938E-6 1.20523E-6 1.68204E-6 4.51016E-6 5.65109E-6 6.07194E-6 6.10017E-6 5.72279E-6 5.47596E-6 5.93425E-6 6.85429E-6 8.11662E-6 8.77359E-6
1.28241E-6 1.29236E-6 1.28015E-6 1.1028E-6 1.01186E-6 8.32598E-7 4.65091E-7 1.25795E-7 9.33697E-8 3.26419E-7 5.47572E-7 5.51825E-7 4.90443E-7 5.25429E-7 6.31633E-7 7.62902E-7 8.24806E-7 9.22946E-7 1.01394E-6 9.90471E-7 9.75043E-7 9.92261E-7 1.0241E-6 1.09592E-6 9.59643E-7 8.20569E-7 7.42115E-7 5.89393E-7 4.92133E-7 6.11674E-7 7.38792E-7 8.11911E-7 1.0469E-6 1.32543E-6 1.82128E-6 1.16751E-6 4.31767E-7 1.5835E-6 5.72742E-6 2.93099E-6 1.3801E-6 5.82658E-7 4.99506E-7 6.51603E-7 3.56314E-6 5.13469E-6 1.9175E-6 1.35511E-6 1.47046E-6 1.70899E-6 1.6173E-6 1.56673E-6 1.18864E-6 9.0282E-7 1.15382E-6 2.81446E-6 4.66939E-6 5.63206E-6 5.98076E-6 6.08593E-6 6.0087E-6 5.52175E-6 5.73238E-6 6.14539E-6 7.86485E-6 8.88119E-6
2.52449E-6 2.42552E-6 1.97857E-6 1.60733E-6 1.25099E-6 6.15032E-7 4.5923E-7 2.43203E-7 1.76182E-7 2.14049E-7 2.01581E-7 1.73176E-7 2.02507E-7 1.85012E-7 2.83892E-7 5.77722E-7 7.68162E-7 7.83507E-7 9.39655E-7 8.96329E-7 9.78477E-7 9.29925E-7 9.52743E-7 7.70966E-7 6.03483E-7 6.59373E-7 7.92762E-7 8.30879E-7 8.56799E-7 9.11054E-7 8.7858E-7 9.93117E-7 1.39601E-6 1.6767E-6 2.92394E-6 1.86528E-6 9.56992E-7 4.23923E-6 4.47234E-6 2.79958E-6 1.51763E-6 7.59025E-7 5.86883E-7 7.1401E-7 1.85315E-6 4.39076E-6 2.01809E-6 1.44272E-6 1.635E-6 2.92249E-6 3.07477E-6 1.9891E-6 1.30719E-6 1.09021E-6 2.25883E-6 2.39397E-6 5.0617E-6 4.88828E-6 5.5945E-6 5.05097E-6 5.81363E-6 5.75314E-6 6.85067E-6 8.42315E-6 9.52399E-6 1.02113E-5
3.09649E-6 2.8539E-6 2.45438E-6 1.65633E-6 9.05849E-7 6.61891E-7 5.01109E-7 2.90005E-7 1.74153E-7 1.01881E-7 7.47279E-8 1.16243E-7 1.71318E-7 2.05703E-7 3.25731E-7 3.76046E-7 3.68252E-7 4.47617E-7 4.71092E-7 5.20897E-7 5.78555E-7 5.64796E-7 5.78493E-7 6.52318E-7 6.98849E-7 8.68309E-7 1.1276E-6 1.08295E-6 9.91282E-7 1.04266E-6 1.1013E-6 1.46488E-6 2.08373E-6 2.18228E-6 2.83102E-6 3.15664E-6 1.91491E-6 7.27972E-6 3.86732E-6 1.80411E-6 1.502E-6 1.03638E-6 6.12824E-7 6.5744E-7 1.74642E-6 7.08082E-6 4.87166E-6 3.54317E-6 3.08941E-6 2.59841E-6 2.58216E-6 2.34673E-6 2.12122E-6 1.58467E-6 3.94118E-6 4.88488E-6 7.61787E-6 8.22442E-6 5.82511E-6 5.87775E-6 6.08446E-6 7.45886E-6 7.87137E-6 8.12905E-6 1.15003E-5 9.42188E-6
2.96187E-6 2.70515E-6 2.25509E-6 1.33878E-6 9.61544E-7 5.36459E-7 2.51264E-7 1.87432E-7 1.04355E-7 8.92488E-8 7.57049E-8 8.92431E-8 1.27435E-7 1.96727E-7 3.16306E-7 4.19823E-7 4.50181E-7 4.71572E-7 4.65901E-7 5.01333E-7 5.43125E-7 5.80156E-7 6.90763E-7 9.86021E-7 1.32397E-6 1.36867E-6 1.30999E-6 1.41884E-6 1.47539E-6 1.3294E-6 1.47983E-6 2.04078E-6 2.1163E-6 1.87143E-6 1.8524E-6 2.22849E-6 2.14898E-6 9.59222E-6 4.01949E-6 1.97347E-6 1.62102E-6 1.0296E-6 5.92354E-7 6.33958E-7 1.13837E-6 7.67597E-6 5.47881E-6 3.74623E-6 2.81531E-6 2.62354E-6 2.01741E-6 2.13157E-6 2.5045E-6 5.17916E-6 4.68754E-6 5.40975E-6 6.02913E-6 6.17285E-6 6.2539E-6 6.58965E-6 7.12948E-6 7.55775E-6 7.91399E-6 6.21122E-6 8.05186E-6 8.84598E-6
3.62707E-6 1.01979E-5 1.84704E-6 8.56717E-7 1.50862E-6 3.72976E-7 2.09852E-7 1.36789E-7 1.46447E-7 9.18092E-8 6.75021E-8 5.96661E-8 7.2898E-8 1.10051E-7 1.6934E-7 3.06704E-7 4.66329E-7 6.0754E-7 6.88647E-7 7.46492E-7 7.73054E-7 9.06778E-7 1.41585E-6 2.07023E-6 2.2119E-6 2.21041E-6 1.93261E-6 1.6869E-6 1.6987E-6 1.58442E-6 1.64161E-6 1.90661E-6 1.85726E-6 1.83567E-6 1.8747E-6 2.33313E-6 6.16447E-6 6.49194E-6 7.44005E-6 2.56773E-6 1.62788E-6 9.7494E-7 5.76407E-7 6.36809E-7 9.2024E-7 7.34456E-6 6.21648E-6 4.62702E-6 3.24632E-6 2.65688E-6 2.04871E-6 2.28917E-6 2.95985E-6 4.72308E-6 5.76348E-6 6.13883E-6 5.99994E-6 5.65855E-6 5.24426E-6 6.33087E-6 5.48799E-6 6.87776E-6 1.28367E-5 7.16351E-6 7.23688E-6 3.79296E-6
1.76894E-5 1.75257E-5 6.01213E-6 2.25096E-6 1.7191E-6 1.47541E-7 2.2767E-7 2.98999E-7 2.13581E-7 9.55415E-8 9.48411E-8 9.38185E-8 9.62998E-8 1.22683E-7 1.70287E-7 2.36242E-7 3.58038E-7 5.14627E-7 7.24753E-7 9.06367E-7 1.06067E-6 1.25464E-6 1.61835E-6 1.9362E-6 1.96643E-6 2.15115E-6 1.78517E-6 2.2081E-6 2.43516E-6 2.16767E-6 1.77961E-6 1.7562E-6 1.5543E-6 1.43624E-6 1.87239E-6 2.34974E-6 4.89872E-6 2.42609E-6 8.22729E-6 2.46366E-6 1.34735E-6 7.32589E-7 5.61768E-7 7.45183E-7 2.08584E-6 9.54488E-6 7.35723E-6 5.10708E-6 4.3233E-6 3.1502E-6 2.62687E-6 3.08191E-6 4.76964E-6 6.36051E-6 6.09905E-6 6.1561E-6 5.25972E-6 5.35547E-6 5.13361E-6 5.2572E-6 5.74408E-6 5.93027E-6 6.25108E-6 6.11584E-6 6.51822E-6 6.27553E-6
1.5699E-5 1.39772E-5 8.04171E-6 3.62326E-6 1.4101E-6 1.02891E-7 1.7613E-7 4.82025E-7 6.1317E-7 2.58806E-7 3.21766E-7 3.50769E-7 2.42576E-7 1.7627E-7 1.94935E-7 2.61248E-7 4.28831E-7 6.56077E-7 9.26354E-7 1.28421E-6 1.31923E-6 1.46756E-6 1.70524E-6 2.04098E-6 2.1265E-6 2.83214E-6 2.7514E-6 2.65376E-6 2.43806E-6 2.11116E-6 1.75284E-6 1.69411E-6 1.38295E-6 1.18122E-6 1.77579E-6 3.09092E-6 2.75846E-6 3.13825E-6 4.73805E-6 2.15556E-6 1.2165E-6 6.03081E-7 6.60857E-7 9.45401E-7 1.99183E-6 1.11007E-5 6.57125E-6 4.67043E-6 4.13409E-6 3.35936E-6 3.55297E-6 4.71768E-6 5.80822E-6 5.93039E-6 5.99316E-6 5.99288E-6 5.0587E-6 4.38951E-6 4.99086E-6 5.18273E-6 5.16211E-6 5.41201E-6 5.77835E-6 5.29192E-6 5.9273E-6 6.03892E-6
1.01709E-5 8.4581E-6 6.08442E-6 1.32821E-6 2.16234E-7 9.91571E-8 2.50543E-7 6.80966E-7 1.17178E-6 1.98649E-6 1.89103E-6 1.63329E-6 1.23096E-6 6.90641E-7 3.2632E-7 2.33924E-7 3.69706E-7 8.3874E-7 1.36958E-6 2.40052E-6 2.96746E-6 1.78028E-6 1.72452E-6 1.83563E-6 3.19254E-6 3.44306E-6 3.06363E-6 2.41176E-6 2.40281E-6 2.56159E-6 1.8664E-6 1.18422E-6 1.01108E-6 1.23018E-6 2.13238E-6 2.76278E-6 2.42848E-6 5.29236E-6 2.74933E-6 1.29361E-6 8.08063E-7 5.55385E-7 7.04612E-7 9.45069E-7 1.55136E-6 5.37798E-6 4.9862E-6 2.17369E-6 3.32938E-6 3.28857E-6 4.36266E-6 5.15098E-6 9.37534E-6 5.31177E-6 5.68533E-6 5.48873E-6 4.36937E-6 4.22691E-6 4.67928E-6 4.79462E-6 4.60251E-6 5.1917E-6 5.63501E-6 5.25334E-6 5.59099E-6 5.60484E-6
4.69526E-6 4.8521E-6 4.14904E-6 1.90156E-7 1.74901E-7 1.81912E-7 4.28507E-7 1.12866E-6 2.27203E-6 1.49942E-6 1.81468E-6 1.91433E-6 2.62532E-6 3.37051E-6 1.67091E-6 7.1606E-7 4.88188E-7 5.26315E-7 1.2391E-6 2.49056E-6 1.89504E-6 6.73689E-7 5.84389E-7 1.16642E-6 1.51221E-6 2.38469E-6 3.63339E-6 2.81881E-6 2.34575E-6 1.86081E-6 1.43979E-6 1.06496E-6 1.2367E-6 1.86762E-6 2.77248E-6 3.72934E-6 2.79787E-6 1.01435E-5 2.28417E-6 8.47898E-7 4.79881E-7 4.44345E-7 6.46046E-7 8.80082E-7 1.48282E-6 4.76331E-6 2.3219E-6 1.9656E-6 3.19645E-6 4.01789E-6 5.14598E-6 5.5027E-6 4.43069E-6 2.67417E-6 5.47761E-6 5.20115E-6 4.86743E-6 4.89577E-6 4.88509E-6 5.15389E-6 5.49206E-6 5.47584E-6 5.26381E-6 6.00469E-6 6.22252E-6 6.30611E-6
5.35852E-7 3.91204E-7 4.36878E-7 3.05609E-7 2.39839E-7 2.28351E-7 3.72026E-7 1.72759E-6 1.40118E-6 4.53604E-7 4.29074E-7 5.74655E-7 1.16038E-6 1.12833E-6 1.165E-6 2.52435E-6 1.71637E-6 8.6751E-7 1.26781E-6 3.08078E-6 1.25108E-6 6.41667E-7 6.74674E-7 2.42492E-6 2.70281E-6 2.49501E-6 1.97824E-6 1.7011E-6 1.59341E-6 1.55069E-6 1.60849E-6 1.72902E-6 1.96451E-6 2.31248E-6 2.86523E-6 3.76432E-6 4.02335E-6 3.77344E-6 1.31042E-6 5.49965E-7 3.58556E-7 3.96529E-7 6.81948E-7 8.4701E-7 1.50521E-6 3.51296E-6 2.19268E-6 1.91351E-6 1.89695E-6 4.45723E-6 5.27328E-6 5.62138E-6 2.94663E-6 5.5327E-6 5.23679E-6 4.99043E-6 5.21048E-6 5.32769E-6 5.29635E-6 5.57607E-6 5.97787E-6 5.81357E-6 6.21113E-6 6.38815E-6 5.8951E-6 5.97559E-6
7.64939E-7 4.89675E-7 5.1701E-7 4.15306E-7 5.21757E-7 1.22595E-6 1.21758E-6 2.92673E-6 1.50005E-6 2.99114E-7 2.25853E-7 1.54525E-7 2.17765E-7 2.88903E-7 4.32234E-7 1.5173E-6 2.40675E-6 1.9714E-6 2.47694E-6 2.78665E-6 1.6446E-6 6.73856E-7 1.45925E-6 2.14974E-6 1.51658E-6 1.79336E-6 1.76683E-6 1.41808E-6 1.30209E-6 1.56656E-6 2.40075E-6 2.69003E-6 2.65376E-6 2.72891E-6 3.92542E-6 3.31263E-6 7.06577E-6 1.51202E-6 6.19935E-7 4.16993E-7 3.34204E-7 4.8416E-7 8.28447E-7 8.89347E-7 1.53219E-6 1.21031E-6 2.20805E-6 3.93479E-6 2.16289E-6 6.46786E-6 4.68236E-6 4.90379E-6 4.81442E-6 5.19072E-6 4.71541E-6 4.76694E-6 2.60318E-6 2.75616E-6 4.44722E-6 5.93938E-6 6.14788E-6 6.01965E-6 6.05271E-6 5.19426E-6 6.2397E-6 8.65126E-6
1.0644E-6 4.97627E-7 4.06733E-7 3.9701E-7 8.10833E-7 2.51067E-6 8.01227E-7 7.47485E-7 6.10325E-7 1.95333E-7 1.19324E-7 1.0122E-7 9.98476E-8 1.14714E-7 1.58039E-7 3.16387E-7 1.05374E-6 3.06896E-6 2.48677E-6 1.99187E-6 2.51549E-6 2.70938E-6 2.5699E-6 2.10047E-6 1.94075E-6 2.04653E-6 2.08448E-6 2.19797E-6 2.41998E-6 2.89354E-6 3.26849E-6 3.07916E-6 3.79189E-6 4.05331E-6 6.08369E-6 5.75574E-6 3.18697E-6 7.89512E-7 3.95967E-7 3.51923E-7 4.0102E-7 6.60569E-7 8.93106E-7 7.04328E-7 1.47779E-6 3.3647E-6 2.31437E-6 2.1739E-6 4.29684E-6 4.89717E-6 5.15679E-6 4.62884E-6 4.73377E-6 4.483E-6 4.51334E-6 4.461E-6 4.57588E-6 4.98824E-6 5.82435E-6 6.36884E-6 5.53067E-6 7.05265E-6 3.09525E-6 1.6651E-6 5.0786E-6 5.02603E-6
5.97206E-7 2.96447E-7 3.45998E-7 4.23225E-7 6.42629E-7 1.87854E-6 2.15392E-7 1.63167E-7 2.08532E-7 1.11351E-7 7.4693E-8 7.45429E-8 7.19896E-8 8.83981E-8 1.14582E-7 1.28159E-7 2.2722E-7 7.74541E-7 3.18213E-6 2.22714E-6 2.14294E-6 2.48597E-6 2.83193E-6 2.90799E-6 2.41619E-6 2.9729E-6 3.20472E-6 3.63348E-6 4.22825E-6 3.58849E-6 3.16724E-6 3.03683E-6 4.79086E-6 9.13839E-6 6.62693E-6 9.48822E-6 5.68969E-7 5.62478E-7 4.04536E-7 5.00652E-7 4.40529E-7 7.88824E-7 1.51781E-6 1.27818E-6 2.88476E-6 2.48522E-6 2.26208E-6 2.20179E-6 4.39581E-6 5.01255E-6 4.59005E-6 4.4958E-6 4.49578E-6 4.48589E-6 4.52959E-6 4.23769E-6 4.83342E-6 5.39352E-6 5.08639E-6 6.67494E-6 5.32367E-6 3.03104E-6 1.12142E-6 1.0664E-6 8.85692E-7 9.97929E-7
2.97319E-7 2.74039E-7 3.89526E-7 4.72854E-7 7.13441E-7 9.86675E-7 3.29337E-7 1.21327E-7 1.325E-7 7.88619E-8 5.57005E-8 5.65562E-8 5.51752E-8 6.01923E-8 6.51253E-8 7.82814E-8 1.22053E-7 1.95836E-7 8.55625E-7 1.23432E-6 1.84014E-6 2.11056E-6 1.7248E-6 3.01086E-6 2.06683E-6 1.35122E-6 2.07633E-6 3.06378E-6 2.7838E-6 1.88859E-6 1.70549E-6 6.07635E-6 9.58034E-6 1.01422E-5 7.75561E-6 5.60398E-6 4.02135E-7 5.15259E-7 5.2944E-7 7.4025E-7 8.88094E-7 1.04092E-6 1.68973E-6 2.29973E-6 5.05197E-6 2.34325E-6 3.40592E-6 4.14528E-6 6.04391E-6 4.90985E-6 4.44735E-6 4.46643E-6 3.99264E-6 4.47244E-6 4.53682E-6 4.79501E-6 5.20731E-6 5.58561E-6 5.66473E-6 5.45708E-6 4.35482E-6 8.56841E-7 7.24298E-7 6.4617E-7 6.18374E-7 5.93034E-7
2.36916E-7 1.88762E-7 2.6563E-7 3.46206E-7 5.1526E-7 1.48589E-6 9.81959E-7 2.48472E-7 1.76111E-7 6.84426E-8 5.29913E-8 6.1201E-8 4.60493E-8 5.01397E-8 5.39166E-8 5.32583E-8 1.04894E-7 4.44399E-7 6.75359E-7 1.4112E-6 2.88348E-6 2.62639E-6 1.43674E-6 1.21952E-6 8.12667E-7 6.62191E-7 9.33437E-7 1.49301E-6 2.37411E-6 1.5832E-6 8.95207E-7 2.55759E-6 3.82757E-6 4.14503E-6 9.22493E-6 1.18114E-6 3.47858E-7 7.27581E-7 8.13414E-7 7.78853E-7 1.33189E-6 1.51092E-6 1.51589E-6 4.03361E-6 3.83206E-6 4.27147E-6 4.15295E-6 5.80556E-6 4.89489E-6 4.32241E-6 4.46296E-6 4.46777E-6 4.36936E-6 3.99494E-6 4.33424E-6 4.69252E-6 4.88611E-6 4.89914E-6 6.16763E-6 3.97051E-6 7.26785E-7 5.52265E-7 4.93222E-7 4.74619E-7 5.46546E-7 5.81384E-7
1.36343E-7 1.32856E-7 2.34039E-7 2.67852E-7 6.26895E-7 7.9625E-7 2.03004E-6 2.19541E-7 1.00387E-7 5.88099E-8 5.46229E-8 5.06826E-8 4.5833E-8 4.75616E-8 5.00129E-8 4.69372E-8 7.61114E-8 1.70643E-7 1.10821E-7 1.81014E-7 1.60856E-6 2.67065E-6 1.38281E-6 1.11094E-6 6.26912E-7 3.57605E-7 4.94407E-7 1.21679E-6 1.9405E-6 9.27908E-7 7.76162E-7 1.5729E-6 1.29669E-6 5.09242E-6 9.8795E-6 5.11104E-7 3.00131E-7 6.12099E-7 8.63507E-7 9.79151E-7 1.47063E-6 1.6661E-6 1.73228E-6 5.52763E-6 4.74049E-6 3.76145E-6 4.08997E-6 4.36538E-6 4.76506E-6 4.74063E-6 4.54253E-6 4.79014E-6 4.28259E-6 3.92709E-6 4.11877E-6 3.24064E-6 1.54604E-6 1.48959E-6 6.37508E-7 5.60401E-7 4.54815E-7 4.41334E-7 4.37301E-7 4.52786E-7 5.21687E-7 5.45111E-7
2.64515E-7 4.39538E-7 7.46439E-7 6.95125E-7 7.56824E-7 6.24707E-7 2.32029E-6 1.40569E-7 6.54147E-8 5.06957E-8 5.25464E-8 5.50725E-8 4.7055E-8 4.91738E-8 5.02807E-8 5.35874E-8 5.80366E-8 7.21279E-8 7.79838E-8 1.1748E-7 7.63187E-7 1.58956E-6 1.04818E-6 1.12568E-6 1.01965E-6 8.72035E-7 1.23083E-6 1.45856E-6 1.00158E-6 1.00191E-6 1.74373E-6 1.13663E-6 1.69735E-6 2.57017E-6 1.55588E-6 5.05416E-7 3.05742E-7 4.98041E-7 6.39553E-7 1.39949E-6 1.58096E-6 1.60212E-6 1.80992E-6 5.22869E-6 4.36334E-6 3.98646E-6 4.17234E-6 5.92224E-6 3.78892E-6 1.01141E-6 3.14618E-6 3.8953E-6 4.73571E-6 1.24534E-6 1.19879E-6 7.81703E-7 7.22122E-7 4.54577E-7 5.66666E-7 4.30199E-7 4.17907E-7 4.38728E-7 4.41629E-7 4.58885E-7 4.66794E-7 4.76829E-7
