catData/variables/currentClimate/bio11.asc
NCOLS 409 
NROWS 350 
XLLCORNER 60.897278365 
YLLCORNER 5.843756025 
CELLSIZE 0.0892857 
NODATA_value -9999 
[rows 125 to 149 of 350, columns 112 to 167 of 409]
18.7345089165861 18.7015280728882 18.694012633078 18.7257934965809 18.7754322994876 18.8800208056822 18.9088485694927 18.8804307221531 18.9050096462609 18.9599050037066 19.0188404337881 19.0807278680501 19.1321873518282 19.1502165874919 19.171832316414 19.2010958794057 19.145228397575 19.1603840900414 19.2318544479042 19.1783859068908 19.1081797129583 19.0534593763065 19.0442159087746 19.0734731952823 19.0925721734358 19.0750122014103 18.960236281423 18.8562772114969 18.8513155192487 18.7938080594448 18.8010647215249 18.6364111566453 18.4719848326284 18.3726847453441 18.0604867627972 17.424851248122 17.1092750920563 17.063707203718 17.2710794630963 17.3470447606505 17.3776064241185 17.5022009448881 17.564530812727 17.5396147266532 17.5832418226407 17.6457531885708 17.7541071321447 17.7370527409591 17.6174465754506 17.5299864635922 17.4430972132738 17.2704642555339 17.2433729592897 17.4030153807935 17.5776856920977 17.3966809067391
18.8285695497229 18.7669486333711 18.8026970400859 18.7684247654814 18.8790997590503 18.989635973283 19.0080360473751 18.9596976530967 19.0189298523567 19.0654621403856 19.1623561462832 19.226096626107 19.25729403861 19.2691705224466 19.3406768087925 18.9618647594475 18.8805153675358 19.0179558318253 19.1204860780494 19.1587213073557 19.2021773548907 19.2471902719594 19.3163829746762 19.277944751888 19.2034667688623 19.1545126259004 19.0719935523211 19.0012691032316 18.8474517936208 18.7475201406366 18.7626135565231 18.7058403391903 18.4918899190191 18.2333805604892 17.5730339951501 17.101200331761 17.0609594646015 17.2439384019652 17.3767663940375 17.4499845462571 17.5849912593476 17.5895754368269 17.5780438779683 17.5169046837563 17.4632712384621 17.6060285259404 17.7110075022402 17.7627069426532 17.7402492042449 17.5017283956413 17.4750451254317 17.5833877975337 17.7809007484711 17.8064428282925 17.7248814257511 17.6496805061656
18.8545238196057 18.8498721219393 18.8194002493267 18.8439344648621 19.132775496106 19.1510749368598 19.0793519192983 19.0813525575692 19.1415755475825 19.1850503719761 19.2711987585321 19.3479757137825 19.4037996172271 19.478196567584 19.2993046541118 19.2383536252827 19.2578925363311 19.2930785545818 19.3591266195259 19.4181303863984 19.3617318666075 19.3133872845679 19.2562299236375 19.3836278493845 19.3754274242726 19.1442467186988 18.9618726458012 18.821206665119 18.8154278846417 18.7600123491825 18.767385096077 18.7198847215664 18.5818374089872 18.024184898147 16.9284272380449 16.9234280536293 17.2267879700576 17.3263750428287 17.3551757179329 17.4935100029133 17.6235102350723 17.6461049014705 17.7089617151408 17.8175148971682 17.78152191088 17.6233605739496 17.6976167429572 17.6833082405651 17.7933979431526 17.7058103081446 17.9486904518489 18.0786100362776 18.0652361085462 17.9911593347672 18.00704360007 17.7929523662237
18.9441280917441 18.9681186963281 18.9473821937652 18.9750843407544 19.2202330498389 19.2346386260501 19.2263914750543 19.2702990951757 19.3388724642608 19.3843046276192 19.4343873566192 19.4788059162437 19.4740972656935 19.3942013531883 19.1132115764074 19.2108661350812 19.1501495838449 19.1484462190331 19.4692046992169 19.4549015686148 19.4336315488349 19.4203206520804 19.3901203687422 19.4950350321556 19.4191811367351 19.2859692248408 19.1518679908627 19.0718684718909 18.9835713912374 18.8859869057811 18.7819592302607 18.7460353348454 18.4884584040473 17.1406515710068 16.80130470615 17.073566748344 17.2444129916105 17.3108811664506 17.4190476683139 17.5548760217663 17.6340315758161 17.7286713876276 17.8328980884767 17.8861643274895 17.8411714860856 17.8023502395424 17.9717737329341 18.0092605984643 18.0510508133716 18.0512215987474 18.0517917261907 18.00828575358 17.8509574911589 17.751418335044 17.8841128118816 17.9062930713381
19.0318726624533 19.1001038181465 19.175803202203 19.1930357459111 19.2696998773502 19.3262553182537 19.3875941614593 19.4549442053824 19.506399611414 19.5582452038135 19.5920488342553 19.5806384049787 19.4917425236147 19.2913995262494 19.0506146114099 19.0077359437942 18.8276182642393 19.0843314947869 19.2827399536027 19.4649716551063 19.4341566219937 19.5297309299529 19.5591709351243 19.4700359498003 19.3004256243437 19.1568233376279 19.1154650607483 19.1097957589566 18.9945627819086 18.9216623163177 18.7993134478078 18.7183468799273 18.1184633635027 16.8742421471871 16.8736681560415 17.0528836835311 17.2802092676657 17.4114104852469 17.5537843331979 17.6381820942372 17.6903145957143 17.7999660268931 17.8707617354797 17.8748314749817 17.8743584529191 18.0061103535889 17.9807775228694 18.0245748836548 18.1487198647206 18.0848999689408 17.9959455599166 17.7009520705559 17.5084609022628 17.7819295562164 17.983647957765 17.9623093580625
19.1633292922862 19.2162365600977 19.2714014965175 19.3258367573172 19.3664155509323 19.4428847138076 19.5090075123008 19.5495067814855 19.6128972843055 19.6626105755211 19.669422972287 19.6161818968468 19.4564532993038 19.2602458469388 19.0922643586558 19.1807261154913 19.1313001127806 19.1300192806728 19.2986640859626 19.4327418193792 19.4050795712651 19.4296864273265 19.4102786573499 19.2662521816488 19.113251253003 19.1515712141141 19.2043636055974 19.2046828744513 19.0711880806023 18.8978968164553 18.7799172248777 18.4595743433165 17.2526528842819 16.7561855382256 16.9652076743474 17.175940185712 17.349879817367 17.5100556225811 17.6201654511338 17.6644419790598 17.7233328723132 17.9156855738779 17.9637028938353 17.9385491837736 17.9423931250061 17.9932051047557 18.1183567377811 18.1490173457232 18.2054261570003 18.1800360125628 18.2045357547204 18.026165978398 17.9504441702471 17.9083800356653 17.7167298006906 17.6452594583437
19.2910979151339 19.35432529423 19.3880090846017 19.4545983046719 19.4982071634358 19.5655863176845 19.5941402022362 19.6557762938147 19.7161690130565 19.7091611874126 19.6746404666026 19.5868440885702 19.367205513887 19.1874729477711 19.0658072185982 19.0925914622143 19.1375483312014 19.2855779372633 19.4023069734646 19.4418216747903 19.340161704765 19.295357913787 19.20563051603 19.0562509244059 18.9314776787002 19.0181061271196 19.1812251511413 19.1649018513176 19.0345542763623 18.9007693801455 18.5452403802593 17.2714426989071 16.7445090669461 16.9149831854452 17.1551810982587 17.3322156834157 17.493855918992 17.6096440065922 17.6499051336413 17.7186732590216 17.8383755612483 18.0150616260796 17.940270481699 17.930592849625 17.9978288396795 18.0629640751194 18.0759101771444 17.9562853458096 18.3140401387263 18.4451959158131 18.4453808499755 18.2240107777539 17.9780530275712 17.7275144807906 17.5806860803463 17.5397044611769
19.3920505273537 19.4373906302542 19.4848469161112 19.5435202739184 19.6125410388806 19.6534901059163 19.7102494920561 19.7798516092865 19.8041267553414 19.743050418336 19.6716924457458 19.5870363317356 19.4186748570578 19.2392330687492 19.1323820575525 19.2100307276229 19.300191895131 19.4438571051804 19.4720822167607 19.4648974858991 19.4408811490389 19.4346317876759 19.172565206228 19.0628679071414 19.0774338120172 19.0862162934584 19.1422889466479 19.0595247910585 18.9586888607662 18.7638987213288 17.6969223698539 16.5843819825941 16.9359325964796 17.2031038920132 17.382907967089 17.552032031049 17.6561873579456 17.7376267524074 17.8117166893868 17.9363528959379 18.0379567631955 18.0569874445672 17.9872968053982 17.9549361013033 17.961093315266 17.8694129783095 17.7544160574765 17.8060261576906 18.2680890933615 18.3389862517072 18.5356976792103 18.8544082468587 18.8221889112574 18.4256507829182 17.9741259930465 17.7229313510998
19.5156172020143 19.5385346319292 19.5709129881938 19.6187054845688 19.6862577286587 19.7745206376522 19.8570916191131 19.8901423568678 19.8660068631132 19.7935818751395 19.7246175177074 19.6672817035582 19.5832452610765 19.4640002308679 19.4017128567149 19.5693548414254 19.5231530699964 19.4410293986641 19.4874011291537 19.5448757054386 19.5843946310625 19.5320872377118 19.2228203966167 19.1702207874163 19.1974278229725 19.1398463413646 19.0592678522359 18.9432647386726 18.6320388655231 17.7472134040618 16.8095895278313 16.5072492474106 17.0738747056618 17.3357361750127 17.5931658222041 17.8010076363315 17.8510849187293 17.8747338603042 17.9670847294207 18.0803527112232 18.0647616490005 18.0042628307428 17.998300890631 18.019607746835 17.9695419048112 17.8715436759921 17.8998002414274 18.102966406772 18.1605320774906 18.0420184620235 18.2774664663842 18.7083226484834 19.146877150227 19.2466835123961 19.0105874089689 18.4918965578576
19.6646397146562 19.6704541697865 19.7055646063734 19.7330981374194 19.7991168442335 19.9164284779255 19.9781448701616 19.9461989882312 19.8966191886491 19.8649202192148 19.8142293083905 19.7428589560308 19.6457467025345 19.5952047859248 19.6310210032194 19.7923342325461 19.7517573207279 19.7497583419912 19.6391130549399 19.6201310563657 19.5305001583834 19.423195549289 19.2314327591529 19.2085059086363 19.1834597985068 19.0874039485777 18.9448544401986 18.4564748536537 17.4310436667606 16.2826847696468 16.3433556949417 16.8487469036221 17.2947334518627 17.4706963238245 17.676357492841 17.9004456475625 17.9141214041137 17.9907263311944 18.1423211815495 18.1499104741454 18.118164307497 18.0822802921365 18.040277688603 18.0240486248662 17.9432529883695 18.0274821867418 18.1564746389462 18.1567796204651 18.1606037048369 18.1016852240718 18.2339666217028 18.4411922596998 18.7166270457693 19.0198108011994 19.2209433804081 18.9757587337817
19.8180359720765 19.8148181282998 19.8664553572089 19.8733912251009 19.9427721884496 20.0210045377241 20.0387139755439 20.009746554649 19.9676616441738 19.9321617460517 19.8464990074268 19.8003838441657 19.7512697926078 19.7495271130173 19.8339814992456 19.8826476685909 19.7585268182759 19.7693167928576 19.7471921993897 19.6899563751903 19.5237588250416 19.3882270932736 19.2692312161865 19.1804610847697 19.1388099391271 19.0400308519452 18.7622072633227 17.718925478107 16.5714458312982 16.2793564848762 16.6626187699017 17.3278339946129 17.4749760383527 17.5733050900627 17.6737575523937 17.9201507747361 18.0480453434349 18.1343756952772 18.1560707856431 18.0683429823797 18.0730782130951 18.1137681564228 18.0930863251782 18.1065212585396 18.078960855825 18.0805858101812 18.0343209996211 18.0631631011951 18.2705232438388 18.4265428124084 18.5689736050139 18.7190230420173 18.8301336485255 18.7795182295539 18.7745786321274 18.8534228391169
19.9682364655041 19.9627672127186 20.0089732562691 20.0294857803139 20.0757449487555 20.1060448961983 20.109776431084 20.122210577004 20.1040058974874 20.0601373731021 19.9924611547369 20.0157090369681 20.0209228368123 19.9792875873979 19.964557779153 19.819847774187 19.5608533012677 19.6074521726724 19.6798839035566 19.6307620101903 19.5516875116735 19.3892844189646 19.1220748771644 19.0504927627642 19.0674321753746 18.9720451644696 18.3231358190993 17.2452569120042 16.6845537722816 16.7573406229094 17.0973446991934 17.3631826818352 17.6272382115347 17.7518588316679 17.7623560121991 17.9298784711655 18.0893709677236 18.1497030892666 18.0911738708104 17.9801143836895 18.0004324488986 18.0644616708308 18.1192889003333 18.1634977606244 18.2538953989064 18.2656810477437 18.2001296629403 18.1957914899869 18.4261645249599 18.5715984578365 18.708142475651 18.8265838959738 18.9830130471247 18.9516400879492 18.7268209611885 18.6880481491099
20.1078693303309 20.1317826416103 20.1610586071694 20.1913539561013 20.2391269374151 20.2545175777228 20.2584305440266 20.2455051533923 20.2297717598985 20.1993012940659 20.1424098625687 20.0932508462527 20.0252651298526 19.9745453407793 19.886317702027 19.6895375997556 19.326691244338 19.4167278097082 19.6037362373212 19.5367988229914 19.4860852548467 19.2888998174981 19.0337773766011 19.0264160587261 18.87674716141 18.5632049345447 17.9894842227635 17.2010503099417 16.6779764693189 16.8134587887628 17.1529506377702 17.4461981316757 17.7593727458486 17.8272280853807 17.8562823061361 17.9188620457485 17.9986842956883 18.0276741535502 18.0149924782326 17.9973668445878 18.0076716776564 17.9437497695227 18.1044521260193 18.2322473631747 18.418547380836 18.5780752184149 18.7469909158475 18.7614600767191 18.7078057500983 18.6464781638157 18.6993488743548 18.8700382667741 18.9985133714954 19.0527868821374 18.832644203915 18.7030526380686
20.2377466574084 20.297742042887 20.3263135345629 20.3294975624671 20.3602348795961 20.3687448112885 20.3649845141484 20.3195259937765 20.2639344282164 20.1739006994826 20.0300285952028 19.9033602901159 19.8361232530134 19.8433503952733 19.772861860325 19.648970277466 19.4524160706838 19.2896772803486 19.6052070419383 19.5431444746677 19.170235651723 18.4833582084413 18.9512922616446 19.1751076348018 18.8270982183926 18.4860983896576 18.1538198942543 17.3147180716559 16.878506993848 17.021495816511 17.3692953398501 17.3901603628378 17.7896830179737 17.8463824129261 18.0136346419442 17.9621594126199 18.0658037777758 18.1222481232473 18.0561265573681 18.0800249401022 18.1616809809322 18.0520710780431 18.1138391826578 18.3107630338676 18.2043446721734 18.502822205456 18.8500900608726 18.9140743799982 19.0281915458174 19.1958885576876 19.3080579265728 19.4430417707727 19.5405794273325 19.4479148473089 18.9271143821131 18.7223023533878
20.3348350228644 20.3771988892883 20.2801513250576 20.3907459877466 20.421156099277 20.4135492833705 20.3859266518389 20.3455410267516 20.2788893828803 20.1494059972141 19.9376894914153 19.6977529579156 19.5637101700719 19.6288816105937 19.704850776589 19.6482720373514 19.6545565545707 19.6337719647376 19.6813069348251 19.2875634321986 17.7322143930759 17.6284754561728 19.3044667331463 19.3554415692657 19.0113948865906 18.7902629797257 18.2929645040066 17.871117339926 17.5377090298781 17.1985772144454 17.6447979777623 17.9017074488763 17.9202755875172 17.8443304329883 18.0162273357162 18.0749718484375 18.2061459671431 18.2995186448228 18.2421543332892 18.1418010777425 18.184822036929 18.1221100121474 18.0476569068637 18.1882608065121 18.271921181042 18.2767770271849 18.5077507871182 18.7086172489006 18.7735633374696 19.0373246702211 19.29554932324 19.5496069777732 19.2925135976357 18.8929847222219 18.693775548533 18.7089405980572
20.4219240180804 20.3418442854436 20.0948657720011 20.4144875751113 20.4860909784377 20.4665857271028 20.4507597111932 20.4066062819028 20.2994073442584 20.128937706408 19.8702470800183 19.6319766799135 19.428510264621 19.4953856748394 19.7024822430421 19.7083301721597 19.7508064874523 19.7732454626305 19.6895618393572 19.35879498952 18.3329132075153 19.0217718197312 19.4629172090541 19.2663810022783 19.2890474196891 19.1597962790264 18.3431608493779 18.0818842459538 17.9794822601101 17.6459026984286 17.8685385398112 18.0636890509608 18.0235424428675 18.3776211394292 18.6579498153193 18.5279778837438 18.4065794557614 18.4513655959168 18.42198996554 18.1985202492255 18.1454492257992 18.1839838146843 18.1059426966961 18.3696362908847 18.4065989733751 18.210665646416 18.4074910945356 18.61331234691 18.5929363687587 18.6642044553314 18.8720658313504 19.3448556183086 19.1653409184022 18.9452721716429 18.868788462048 18.7837410026422
20.4706212734294 20.4504802529606 20.3163094324584 20.2777013491773 20.4634551950226 20.5340523476258 20.486521255837 20.3660345277039 20.2366038435541 20.0904542207237 19.9446465842449 19.886386183087 19.8385377348599 19.8438682504594 19.8824900094178 19.9109639240821 19.9683786980395 19.7661102585398 19.5525782547435 19.6678899287728 19.7392199633033 19.5643522912538 19.2991992352016 19.3958584215668 19.5306732789333 19.3557863361124 18.4719299427838 18.2639678168248 18.3755209125608 17.8418877321849 18.4630145756567 18.7365137257787 18.9564098996681 19.1749327841415 19.4015700953094 19.3243667415455 19.2014241649684 18.8657654422504 18.4485254118678 18.2585654233951 18.4097937246787 18.5490875600677 18.5066275134087 18.6348471754438 18.6923204615126 18.7587805679891 18.7718098213853 18.6990390152633 18.8110140275241 19.0304579394445 19.1784566730299 19.2490434034073 19.2160530595659 19.0006833811956 18.8716669767356 18.8443789067275
20.4809351563074 20.4896104733435 20.3121072319131 20.0387955702979 20.3974417611287 20.5730742442002 20.5159079916481 20.4188451894693 20.271492363307 20.0935864155487 19.9907853371477 20.0260051887571 19.9714850077488 19.8737755506933 19.9801096223922 20.1158557384875 20.0828205497583 19.7946347928855 19.9002583589973 19.7558935510549 19.5682547470224 19.4796998083665 19.3335621263735 19.6193970893986 19.9094450068581 19.6757220744577 18.8913772835921 18.5441943284164 18.5154765569016 18.3362951406187 19.0477018917967 19.5749444600088 19.5950853125944 19.6664088370797 19.7711502662963 19.7559727667711 19.6496031419818 19.2723582316514 18.7682477719339 18.5757620963607 18.7046319820347 18.8449263528665 18.7277663528009 18.6895105622376 18.7335553759234 18.8760804887687 18.9167882968139 18.7939331475575 18.8317482555547 18.9710837394428 19.0289142037714 18.9376227961271 18.9672080276627 18.8808910294985 18.9456557690632 18.9240955104161
20.4983092716537 20.4617139604207 20.4565312272737 20.3865989322075 20.5376395570896 20.6008119950953 20.5655333811345 20.4950851997938 20.3273125803911 20.1628467208373 20.1549431447044 20.1911047636863 20.1245714205742 20.0702016413486 20.1367250806648 20.1184623959542 20.1075154710698 20.05288542308 19.9889655624894 19.8201320438101 19.6442318002555 19.5621171611302 19.7576161913361 20.1154368553426 20.0585034247666 19.615626306462 18.947800288751 18.5733755005187 18.2358116477447 18.3800988210007 19.19808959556 19.4483540808863 19.8850672398568 19.915598052022 19.9455383391737 19.9050130586283 19.8189763999169 19.5086951620678 19.2163556153482 19.1108873302414 19.032593836882 19.0875558081225 19.0950248793149 18.9096013430117 18.7494071837868 18.8175429358369 18.9785321843512 18.9719555709059 18.9437971549867 18.9799514081848 18.9942962173488 18.9479166998972 18.8492726849575 18.8545796316074 18.9163643996995 18.9430272426931
20.4219785182268 20.4642742364142 20.5001343083968 20.6045376576218 20.6399181868361 20.6472543757976 20.6039307059062 20.4917945997695 20.3330080856222 20.2300445619 20.2501352040604 20.2709054096943 20.2656666406364 20.2533643742916 20.2020218923012 20.1848043215211 20.1823060956561 20.0543409826417 19.9084917121549 19.7720521540677 19.8419805537279 19.8601726132342 20.0903691072621 20.2703888602059 20.1351503040773 19.4919617462976 18.7951462601031 18.6764310844112 18.8893462058975 18.9920420323603 19.5440902455549 19.7891216900161 20.0688086177779 20.149569185895 20.0847968559427 20.1280886417043 19.9373591492683 19.7010868632566 19.6957359499417 19.6645751233111 19.7115956212452 19.6065894493677 19.6592006651853 19.2981659778277 18.8346384264907 18.8926905967433 19.0325960655679 19.0817739038396 18.9652844415056 19.0141955608332 19.1452362979998 19.3449861142339 19.3089226277904 19.1808077506872 19.0595796361517 19.0046742007171
20.3520358060145 20.3983124448505 20.5268337680229 20.6258441851653 20.6835547876507 20.6793882175902 20.6228259934976 20.4834649168882 20.4134232247662 20.3585425524822 20.3444425703075 20.375586198871 20.3949932035672 20.3200643308874 20.2550757656397 20.2702529201492 20.2736831583367 20.179392105816 20.0472619390972 20.0853242891377 20.08347448415 20.0901637482437 20.2474322867105 20.3526077676242 20.2500995174969 19.8474355627542 19.1513304269651 19.1452008947104 19.5323519465048 19.7007070265851 19.9817557333532 20.1284566509905 20.154684021904 20.3013394675096 20.3307146467537 20.4137781985232 20.3050967633933 20.2038967776019 20.2071304760691 19.9936061557804 19.9436909865476 19.9921051904478 19.8580254796251 19.1808142495718 18.8429740269254 19.0522996609067 19.0389007171441 19.0806996986136 19.021461222286 19.1639135197931 19.2976899109572 19.4003737685339 19.5099776395653 19.5114284579237 19.3812225451807 19.342901685496
20.3650941294151 20.3745125795778 20.5526328244217 20.6515163373255 20.7076270945198 20.7141800403737 20.6867241393199 20.6320739918366 20.5790092825949 20.5172589032226 20.4850865749263 20.4888712604938 20.4884239313072 20.4704526043848 20.4411109559719 20.4025069471235 20.370428165345 20.3099663513335 20.2293630634438 20.208749364937 20.2301525351174 20.330158270774 20.2915687844571 20.2437776429047 20.1765826967706 19.983616680865 19.6539270881009 19.6128539480314 19.6975918332255 19.9310292765269 20.2201836840448 20.375725262326 20.4108830166103 20.4850811879423 20.5167275998462 20.5998976895711 20.7191071062847 20.755828742792 20.5636468291815 20.221658937691 20.1432853383384 20.092045396847 19.9032597440016 19.2334550424733 18.9423355667048 18.9700036065955 18.9554660044894 18.9658285212835 19.0750683599204 19.3017318427005 19.3264510271997 19.4669840235537 19.5597850278188 19.5242348252849 19.6412648227148 19.9436074968902
20.462718247816 20.5275563301993 20.6074300309353 20.701159321765 20.7431770353571 20.7376527015324 20.7268106357869 20.731993124632 20.7032467531836 20.6357953196471 20.5984217105263 20.5890288087187 20.5678570356496 20.542075710214 20.5123347546972 20.4932930350378 20.4550759257433 20.3641312662269 20.3162784999916 20.3105236894708 20.3464332478963 20.4300270154636 20.3488778975688 20.2618572286474 20.1827990315365 20.017697940048 19.8653789864419 19.8274622696951 19.8310092382058 19.9996493839472 20.2187036572211 20.4193581734761 20.4980348076251 20.5466247723505 20.6153981312006 20.6136583412306 20.681668072115 20.8928144940457 20.8893363194216 20.6260964259087 20.5163475536773 20.2340932983594 20.2426319361588 19.616812246746 19.052950258097 18.884813806152 18.9798250581065 19.0262112760307 19.1521007363645 19.3389481935312 19.4127338740035 19.5173849744737 19.5131491140151 19.5557636278388 19.6087214759115 19.86346096596
20.573419199065 20.6256187634614 20.6305888817993 20.7456866837663 20.7669360525224 20.767744749341 20.7561418899963 20.7804947805132 20.8004391854291 20.7812995503597 20.7515552498165 20.6932985730463 20.6306996763746 20.5898321239731 20.5582186124669 20.524774362566 20.4980890397023 20.4220149555109 20.3829286241441 20.3777328943937 20.4367291957501 20.5101193645024 20.4620321751267 20.3900893826533 20.2748183707749 20.2191498955693 20.1932282339193 20.0672622787315 20.0876702303621 20.0673844205695 20.1956571138584 20.3980175071923 20.5672349002003 20.6447567349114 20.769452831971 20.8068770340748 20.7507997298383 20.7932438978242 20.7464064555988 20.6079908147029 20.7300929908614 20.6019235231335 20.5449815966829 19.8176599091903 19.0303647754322 18.958992840141 19.0665571311544 19.1259610250618 19.3098798826615 19.4851885508228 19.4911260411985 19.4011993196141 19.410337323868 19.5955966584729 19.5933143095724 19.6805091793826
20.5838799535927 20.6518290622407 20.6730934599886 20.7499804706202 20.7730201213464 20.7914654309014 20.7972342622375 20.837571807007 20.8750222601313 20.8922321271831 20.8793205483245 20.8009705855521 20.7091586856117 20.666094881922 20.6386745928058 20.6092175735293 20.5798195130062 20.5094708684512 20.4801366443166 20.4552687373504 20.4881958637821 20.5485546061585 20.5588140098539 20.5247004632062 20.4490708936068 20.4368637248128 20.4567841963446 20.4282788912926 20.4069427440189 20.2652186980615 20.3155416289859 20.5056809381402 20.6934886798169 20.8434375635292 20.8813334808918 20.9171317543865 20.7913807307481 20.6692466127168 20.5174663231716 20.4974484761719 20.7824164824875 20.8334566691102 20.6597777558795 19.7096756234305 19.0466306823384 19.047941092772 19.1655183487441 19.2826200918546 19.4219473350646 19.50016087306 19.412073950263 19.3468188770004 19.3952239870546 19.5351355651926 19.5069068015522 19.5373986523046
