catData/variables/currentClimate/bio11.asc
NCOLS 409 
NROWS 350 
XLLCORNER 60.897278365 
YLLCORNER 5.843756025 
CELLSIZE 0.0892857 
NODATA_value -9999 
[rows 100 to 124 of 350, columns 280 to 335 of 409]
-9.91712225051363 -9999 -9.38677011089371 -9999 -9999 -9999 -9999 -9999 -18.5416478511043 -9999 -9999 -9999 -9999 -9999 -9999 -9999 -9999 -9999 -9999 -9999 -9999 -9999 -9999 -9999 -9999 -9999 -9999 -9999 -9999 -9999 -10.4345255037034 -9999 -9999 -9999 -9999 -9999 -9999 -9999 -9999 -9999 -9999 -8.35127901160158 -7.0156173388141 -9.38068777610502 -13.6490761509887 -13.7059920638725 -14.430434501387 -13.2246339948149 -15.7076315710623 -17.5105824956159 -18.4468478422855 -18.4959952794186 -14.8460529617313 -14.101425335836 -16.3724289401185 -9999
4.19669113216984 -9999 -7.1867422745065 2.40785872415683 -9999 -9999 -9999 -16.7343312504432 -17.5611234100822 -15.5959739856585 -16.8607950762163 -9999 -9999 -9999 -9999 -9999 -9999 -9999 -9999 -9999 -9999 -9999 -9999 -9999 -9999 -9999 -15.9045095023051 -13.3739952518867 -10.698091834609 -14.2342274741234 -10.8043663799122 -12.143028722385 -9999 -9999 -9999 -9999 -9999 -9999 -9999 -7.59788236367916 -8.25653363532469 -7.8044058078898 -4.66844586862272 -6.91801518318564 -10.7584238900455 -7.9129176728792 -6.88506113953751 -7.79182477477057 -10.9263303670147 -15.2434038899732 -15.1479208880611 -13.2705542726662 -14.3719327638935 -13.5896168230616 -15.6835499084659 -10.7746629682254
5.71812121476794 2.24125649808653 -4.18147491532805 3.02833956343616 -4.90372353185603 -7.55425971519154 -13.7871661445573 -14.6976232751874 -10.0851132592816 -10.8409464632677 -15.5403494070059 -18.8159013748697 -19.3807833346298 -19.98561781725 -9999 -9999 -9999 -9999 -9999 -9999 -9999 -9999 -9999 -18.5455530642874 -9999 -17.7199937520312 -15.5277824165673 -12.7288672211226 -10.3700155124386 -9.33562355640947 -11.9969693609486 -14.1232545827238 -15.2104316593682 -9999 -9999 -9999 -9999 -9999 -7.50133327643077 -7.36503753308519 -6.5832124118285 -6.14917942213699 -3.21803479738458 -3.0392262974506 -9.24055077151201 -8.01652721851253 -4.38747634427459 -9.24981341884583 -12.7146554129243 -14.8778749835424 -12.0526557444335 -10.6452579087159 -10.4729614980993 -9.50793479584189 -10.2547332519259 -8.98890638012094
7.19848134970506 3.12856480452409 3.56248639234994 6.54606553795269 2.02541228640494 -6.95906016693559 -13.1955384014568 -14.4820189937638 -7.54112475386167 -6.57598808940656 -10.9414345048555 -16.2116684685566 -18.6638508885559 -18.1273703818833 -9.0439828178209 -0.199511641121084 3.54566892161408 4.4433184612764 -4.15773506354564 -9.62635786258436 -10.1716702952812 -10.8192482390768 -12.2318495085112 -17.0931048200267 -18.109765333705 -19.0863195849714 -14.9195520830988 -10.4581412536384 -8.35074138481796 -5.17703097024516 -10.4246554160232 -9.16231454476077 -11.3847835315852 -14.8535000483195 -9999 -9999 -9999 -9999 -9.22169031234737 -7.09921383574963 -7.04740294068542 -4.23053138914228 1.82706058403662 -1.65073321750515 -5.89141944767302 -5.35013373009005 -0.0184175868932474 -5.39370124988937 -10.652746379342 -11.1118007446705 -8.54409217477275 -7.43019001082413 -7.74383947286323 -6.92940939188241 -7.14384672951182 -6.78002740884293
8.41990408701594 6.31557900574665 9.13723141282398 9.03238172571473 4.9361399616872 -3.37847177190026 -7.55825797308688 -11.1713937418154 -6.18979004785788 -4.07294413661606 -11.9494265054416 -14.0994705671639 -13.6798397672721 -10.2997199730756 -5.84479551505339 1.31508786946989 5.62396036109182 4.02319383545491 -4.71586487869478 -9.46109091790821 -8.71125170150486 -8.82095975493205 -9.8033541895162 -13.0263385940932 -18.5287215172466 -21.8364145457902 -17.4874924398081 -11.5631698812827 -6.68902417879502 -2.65677857160472 -4.83335534254872 -4.84741427923214 -5.00083064490911 -9999 -9999 -9999 -9999 -8.51711416968063 -8.3862463385434 -8.02623679504308 -7.78488668492832 -5.03134769166463 2.91233637651564 2.49310667315609 -0.00827423535150595 1.24275763075134 1.57505114911507 -3.87425889784932 -6.14039176904566 -7.23106194003752 -5.61880006538844 -4.15264727865981 -5.67632992577878 -4.33503442748689 -4.51254461168579 -4.59837424047392
7.96150657339478 8.78907935800797 10.3808504991599 8.4015195991358 5.75412267669977 2.07046326307386 0.844969400370585 -3.69570927947738 -0.691430197430751 0.152477426342597 -6.30934834421033 -7.18374691834947 -5.30157960553314 -2.30488979598529 0.987950411614155 6.10583011711781 9.70939248334418 2.58019573237664 -5.28001599008511 -6.39018823925905 -4.67103578444677 -2.65619584271626 -5.65199888254879 -11.3739709195132 -21.0495182607933 -20.9459440242555 -12.6561051442407 -6.71784910138094 -3.20628839008866 -1.54432559738074 0.993467500470552 -1.54984107255027 -4.48650260366061 -9999 -9999 -9999 -7.1353206167416 -5.91126442586209 -5.80472203536679 -7.07329415826675 -6.11311111066163 -3.74325845590054 3.21993658081203 8.15895234409932 8.61728367139752 7.29218425927821 0.900608977317396 -2.29889658971584 -1.24398680226888 -4.16460668766441 -1.53110483761256 -0.239120140716331 -2.02661564883313 -0.654279192084994 -1.22744206591661 -0.589354795619849
8.18471024643554 10.0055076944467 10.3271789550755 8.17296969421652 7.66978480330169 6.12980232696436 3.68098439438195 2.44258201171559 5.17574530247605 5.71429932146098 2.83133500194504 0.889731578094585 2.05376887103626 4.81544379308702 8.19243759895014 10.1208673954579 8.82286979819688 0.444849855834056 -1.42893023270427 1.10681880608982 0.198500213486909 3.2940531706676 -1.01608662659584 -7.69111120262613 -13.2536928739113 -12.3081310739018 -5.75722043125372 0.552789663656118 5.18002017222671 4.25369995265895 5.96518184745602 1.29014277584705 -5.75200001398722 -9999 -9999 -6.43471029139881 -7.26436224786156 -3.70398742907564 -2.73915876437843 -3.8568477763553 -4.40601031315626 -0.621989155236869 2.82507575308603 9.08005407022518 11.3541371518616 8.17897142966426 4.55511616525872 2.44407552904517 1.33613328751782 0.22057989076779 2.66177664015532 3.62001682578954 0.740265656215713 1.32782412660982 1.94376063323093 2.03438234935052
9.85129380684651 10.899128967377 11.4516274696858 8.8285685647092 8.7471561353844 6.90650354394421 4.60381972943284 6.22933769519245 8.18863074036792 9.43301356834342 7.02725968069826 4.37232993427864 7.35286351878937 10.9812427160603 11.7693692259625 12.0227930214831 9.03774552062375 1.22549390892043 4.15363523088781 7.75153367801006 6.7180447108413 5.87987695217167 3.15444717448838 -2.3011584328964 -5.62073374214652 -4.57571303145933 -2.37163396018934 2.03698598458987 7.88215098219471 10.6454509610731 7.29000956572924 0.956171084133726 -9999 -9999 -4.65080871503558 -5.14332714007097 -5.29266880505596 -1.55346184818137 1.2232181148885 1.75972500111037 -0.178779700848918 2.65083302965635 2.90349763074521 6.20644751803686 10.7422123405459 8.5950822175605 5.80891474860961 2.56690629186044 1.48938467729396 2.16126528512563 4.97743030442827 5.84150993966492 1.80004872068278 0.60545419217877 2.4017178693014 2.46819001315672
12.9512448043847 13.1851300103827 12.2542960229221 11.6154958961512 9.6169854046116 7.61499866075257 7.85220065127589 8.02599390882965 10.5448018479195 10.6652387532302 8.22591400333913 6.66005081585593 9.58865426024996 13.7531792520632 14.4993311618521 14.0549131228358 10.1882260832001 4.64485214703547 9.1504047231091 11.4233909449966 9.44756885187919 8.30245974502387 7.62590873964011 2.6612268345856 0.279250100170043 3.40412004637475 6.06303918278988 6.63199708172218 9.57470817451323 11.2775158916223 9.2534735177758 1.63709138116852 -2.93583330884576 -9999 -2.75545718037207 -3.05108668620901 -3.19000172842915 -0.294968438677627 2.38980023805827 4.26183563652977 3.74530335661333 3.97379500986551 1.47981907820198 3.7732974912403 9.75055063157454 7.66190597032613 4.52269887330812 2.67421761659201 1.00045025845817 -0.699501480881607 2.66692607637146 7.68973129934278 6.49493123725125 1.653590970427 -0.585120231326754 1.53470806823188
13.2574308906296 13.9399963066419 12.9271031565956 13.5559432173853 11.4040626461454 10.1474186922366 11.4470249595694 11.4008536541841 13.2872657073909 11.8493190136821 9.57327041409824 8.04834226986016 8.65561925589453 12.8520752398827 16.0158604850045 15.4115832615314 11.3127404908787 7.78771950304959 9.18688236322267 11.5676371492573 12.4744638859581 11.4833089487968 10.3286312557811 6.3019288349671 5.63864726445492 9.33598985675558 11.9693940371285 10.4466100639461 12.3870675254163 12.0854996845107 11.7289295505024 6.65813608012328 0.407837019420469 -0.977482469892851 -0.654678742044251 0.563357426450414 -0.819322818534313 0.142861921153012 1.7732648207675 2.50375641347764 4.52101019836427 2.49004593477082 -2.22153682553269 0.768110755846316 6.97842159497403 10.3595669459641 10.066125598566 8.22834425926668 5.16902574877298 0.752007402822987 0.0574363043339045 7.00137869321186 9.39245072802997 5.49577464861844 2.37100894372665 2.98485205492224
14.3097604902413 13.4327731488564 12.9971958089376 13.1763941438177 12.6438676929473 13.6641436053205 13.5149728577639 13.9794311802216 13.7878194327059 12.5899733865872 10.6542883744898 9.42291531320265 9.58182253624601 11.4054901117914 15.0016324391874 14.9729543130947 10.7698014391567 8.27880690311691 9.89213453027375 12.5239221416076 14.4782172972486 12.4636058096786 9.73381549443677 6.43859267597817 6.1063430209556 9.52539145480314 13.4072416166468 12.3885777254462 13.883991198196 14.4351150495485 14.0444484640181 11.1554004693331 7.12115832922195 6.53294140150787 4.70113466640948 6.45158958599153 5.66123585125721 2.83618292100347 1.76286960184554 3.15052656410742 5.29413260688879 1.0807528779127 -1.35131793596465 3.08095871315702 6.35277925105569 9.72224487600651 12.7277232352653 11.4944056587147 8.18357436391879 3.28816532584022 3.94758903890984 8.48966976836768 10.9320289996334 10.4280298819957 8.77952378643351 6.59007537470614
14.9906531599454 14.9067004303628 14.7584198383676 12.963573479762 11.2380552489041 14.0530429136159 14.9607699885636 14.7284563456588 14.7442032368642 13.9114438727537 10.4561292480069 9.53041024683088 12.4743014327079 13.9346302420583 15.3240430847622 15.6763558763342 10.2972770483385 10.9068362448074 13.864807748266 15.242226488749 14.7641912970422 11.2778732347536 8.18281471044751 5.68863671413969 7.76187640900099 12.5932578535954 15.7029249854403 15.3717340854437 15.7039410536947 14.5639587237928 12.4423893414106 9.7779808658941 9.87362717204593 12.0748770011863 8.53440493774799 9.32094352100522 9.9084184906214 7.83749090211234 6.49356369201448 5.01087975088638 5.15459553553026 1.6629834308395 3.17625443515945 7.2962242168262 8.7949117251196 8.38070831248695 12.7240361065864 11.7952811597116 8.41317252896972 6.49698793162506 8.4042290530289 9.77581167674583 11.2008317251179 13.0848254649406 12.4857814583615 9.22486186714171
15.3373086946015 15.4367034276791 15.3197983687199 15.1258436188963 14.402574394358 14.7554546155703 14.0897820529027 12.4834725856541 12.5639957562688 14.8669073829188 13.4137771195784 11.1121827567284 11.2590998125498 14.172172833337 15.6240186287844 12.9503930146507 11.5561235227476 13.5457869739195 15.8683982337731 14.2279562814331 11.3299197915042 9.16667112048084 8.93129065985381 8.64758724353732 8.76543325623745 11.2365794328109 12.0589559726232 13.6953296092176 16.3410688483827 14.8784701490129 12.4333325073839 12.3995640357701 13.1987489541595 15.9992454156537 12.989458563724 9.3015745068499 10.8446923759956 11.5792303371587 9.51794359704969 9.17254224741004 7.31906848412164 5.17466580509284 3.14778780778072 6.49897302775059 10.20106299027 10.3247177055317 13.5635968909882 13.3197077894559 10.2915193898149 10.2875521568444 11.7034980301553 12.0835950854037 11.1866071273731 10.6257640440409 12.2766793241188 12.9968710486714
15.706064707782 15.8659774707087 16.0337180836236 15.9923800082868 15.9850495783995 15.9256358397391 15.5316442779176 14.1639648462314 13.4330426512305 14.6946660453466 14.5657993783268 13.7600745191265 14.334788598145 15.8825478406194 16.0325797567283 15.689965835025 16.1281696271062 16.1714316401109 15.4977796490633 11.9492516953805 11.5138637204753 13.3291331463423 12.5969041615413 11.987002028661 10.389949757698 11.5486536345897 10.929777246829 13.5284961303956 17.0224801334219 16.3824124012548 17.5236273075197 17.8630267872797 18.1622402509212 18.2284255071833 17.5715577922694 15.451802582627 12.9580342021512 14.2906916295269 14.6271615926975 12.886742609196 9.84860820154283 8.97949012328397 8.16143367257509 9.19405817237048 11.236559033471 13.5825846550087 15.1209411608492 12.3168480967779 11.1203711220792 13.5400413095409 14.6305168764852 14.9291391172124 13.2975815055848 11.1469446136957 12.6646847184776 14.9766929388311
16.1070544539676 16.1049450056577 16.2866685467121 16.2129836826706 16.0092776255708 15.7674682828639 15.7873245889859 15.8530281969146 15.9328027534798 16.0667493374898 16.5138972255303 16.5872895057413 16.6805541262988 16.6078856071612 16.3523657886458 15.9434886882901 13.4715519049448 12.8793082562925 11.9152359732798 12.2410971106651 13.8422460182804 16.4935893625925 16.021077199396 14.7050006644639 13.202533595573 14.5420913786797 15.1315755761166 16.4605136649201 18.0143725074735 18.2152459111201 18.2005029823462 18.3398716797746 18.4173542249067 18.6412931148223 18.3255688680268 18.0248485704894 16.6821569717791 16.1128240657625 17.7482824646566 16.8387364044009 13.1629023229346 12.588636173561 10.6184543977048 11.9949713470722 14.2635242472753 14.8891641323126 16.1859270512821 15.3008342138345 17.4255170034028 18.2653886313534 18.7416671777007 18.3773500026167 16.7254479395594 14.9972213714387 13.5738647107719 14.5919228131372
16.4241148565488 16.4410813650011 16.4915350693036 16.5016812152618 16.4770435934882 16.4896803970953 16.5031021657245 16.5732286022202 16.6750983410289 16.9702321799903 17.1465377538349 17.1813022349665 17.325886140373 17.4955847481097 17.5148009213249 17.4882693706942 16.7898872840402 16.3037652335873 16.2974097156357 16.639896220024 17.3504228050503 17.6678516962902 17.6941381301254 17.3214866384906 16.9690745575917 17.4532977056964 18.0435058782984 18.2438608391167 18.3941824510306 18.4485392610703 18.4769877082098 18.5868622463014 18.7132416760987 18.8356556974347 18.6453339687562 18.6029496392925 18.4028821982764 18.5222165725017 18.5625065235468 18.4357362904371 17.1720540830875 15.920810515845 16.0876636176904 15.5759192672871 16.9915683806158 18.3097108458235 17.2511258250154 18.3918517379042 19.0255706940287 19.2144556360531 19.0655381654752 18.6464778804026 18.3279710709327 17.6880144220988 17.2393501247852 17.6029328376538
16.6055113658384 16.6536044717486 16.7322823008722 16.7094716234896 16.7530698314389 16.827145660316 16.8925544319245 16.8228747510823 16.7705770000152 17.0174251517018 17.2009058165006 17.3684688920599 17.4991135743514 17.7292253192403 17.8674880899875 17.9353327512961 17.9383988214161 17.8458516390035 17.9009573727584 17.8278336426224 17.633539339722 17.6202768172424 17.856160595158 17.9181582789552 17.9430605445857 18.0226812054972 18.2001395466724 18.2352763147626 18.3423795774573 18.6385200190641 18.5340433289419 18.6041467926887 18.8041811221531 18.7047733363029 18.8843896109942 18.8966684587109 18.7746073729651 18.8222973508155 18.9683509211026 19.0472166012634 19.1632287296402 18.803961756563 18.2368657912933 18.4044472187993 18.8482864729702 19.1370285294481 19.2401373430679 19.2971375727956 19.1887835735553 19.3150099769162 19.0212651145115 18.7663127901607 18.8351884352142 18.9813712135741 18.8851867201078 18.8746319565618
16.8290541128712 16.883761945942 16.9081259807925 16.9000128388586 16.9244183955179 16.9815536313693 17.0665646368197 17.1341585522701 17.166015996663 17.2340958885122 17.3907614846734 17.4997757681162 17.6569007826148 17.9325114509125 17.9639790537186 17.9845134200696 18.0196073551958 18.0321585437649 18.0108942716911 17.9514828161876 17.9179484359146 17.9467850908803 18.0069777965724 18.0731090153448 18.1447432087163 18.2102365162587 18.2980723259815 18.3460629226009 18.3643546936283 18.4967122377232 18.593242849863 18.5521277830801 18.6363716207834 18.7265711232611 18.8954255808523 18.9919279703225 18.9301298053546 18.983460834643 19.1808907562065 19.3368386847845 19.4719910344681 19.390355197773 18.9411225841088 18.7686581405352 18.828501883344 18.8320976055198 19.0523237918452 19.0927483956935 18.9772642479136 19.1442445788047 18.9794757828787 18.8486689904305 18.8239957551951 18.9640212037886 18.9569138157895 18.8984723925525
17.0578370201439 17.0986304343549 17.0821157882194 17.0539954867718 17.0581502311728 17.1111699544765 17.1955992131472 17.2854881899241 17.3780708941903 17.4930507673371 17.5992721384422 17.6459582214476 17.8260677137412 18.0583502357304 18.0753665067177 18.0535394642822 18.1141372156051 18.2056719291864 18.1701629225788 18.0663832947784 18.0327761378504 18.0699784717789 18.1303981140393 18.1959793326619 18.2421004245308 18.3046649273549 18.3939322624648 18.4268288227156 18.4075327287767 18.4948865526382 18.6177874388629 18.6125249867401 18.6111661310509 18.7810936294759 18.8567602686275 18.936767455771 18.9317451508959 18.9428250127861 18.9837861034306 19.0608018511131 19.0833041311755 18.956473661796 18.975185980873 18.8748424976523 18.808577335905 18.7227374422744 18.7992882512038 18.8634763943257 18.9568466651887 18.9404465347571 18.8883018227469 18.830286494037 18.7801768982097 18.8477340835857 18.8869656513606 18.8359762969111
17.1856908521819 17.1775715246233 17.1972178633974 17.2023247841748 17.1851894385154 17.2534651303179 17.3498512220529 17.4230500618419 17.5093262701031 17.5987451792541 17.7025916199526 17.8153683096569 17.9563209340199 18.1256953801848 18.1631160893188 18.1480852742637 18.2699347918797 18.3025083683676 18.2694200102225 18.1803792052594 18.1254660057621 18.1561554632435 18.2319602304428 18.2612659388341 18.2799724917188 18.3307711302251 18.4220763351592 18.4890768528354 18.4688905271513 18.4942432627277 18.5945763117752 18.648651346575 18.6463487984802 18.7332420617066 18.8174516511847 18.8809601670517 18.8308197883667 18.8248316721884 18.8867313796971 18.9429132195017 18.8942663146456 18.8180908978347 18.860381614484 18.7926364399762 18.7532289547779 19.0169912484901 18.9056620177372 18.8104014719442 18.9129919132013 18.8867026027029 18.7869020734707 18.733211605909 18.7594272873913 18.7847786112108 18.8304747524442 18.8258762905799
17.268054508852 17.2541131231885 17.2938289906055 17.3233241363532 17.3292290684068 17.391207319704 17.5010608846091 17.5776750940886 17.6344924628918 17.7343149971985 17.8833700561333 17.977273903209 18.0464522419583 18.1722042674332 18.2492704732359 18.2662607240227 18.3896544614411 18.4222028842172 18.4071979740067 18.333355645122 18.2397431154052 18.2321865058606 18.2419721404702 18.2370635369736 18.2847110751751 18.3543691567118 18.4565282607582 18.5133218562432 18.5076523413902 18.498980058446 18.5723877835938 18.6569742320897 18.7089813657369 18.6669789724329 18.7337717068902 18.835665081668 18.8350881174322 18.8089295728097 18.8347906313214 18.8296051065584 18.8125011020596 18.7765350716345 18.8090635720799 18.7456488447696 18.7858726429082 19.4372229236704 19.2623430268013 18.790322452162 18.7943224896824 18.8161061214517 18.7471816986461 18.6807407943081 18.7092727329704 18.7748606085238 18.7976571816632 18.7850027474777
17.3471144374882 17.3695521696 17.3969476214866 17.440387823215 17.4665862199881 17.5381787236749 17.6415194831295 17.6894761529091 17.7394921386167 17.8780065893414 17.9857639130503 18.0584946771971 18.1288123976699 18.2264539545517 18.298695392762 18.2770375735642 18.3739657708823 18.4380264593746 18.4844699948643 18.434565255653 18.3565608848777 18.3148336960704 18.2515433763991 18.2519424846656 18.3248498229217 18.4134547151055 18.4800809227495 18.5234320171152 18.5268140107699 18.541437098922 18.5384594417199 18.6017726355278 18.6804739524728 18.6782678505127 18.7039309806306 18.8005404536244 18.8495140005827 18.8147772819323 18.8049691045034 18.8465364885797 18.8356926825407 18.7531824014896 18.7328776353956 18.7064123812882 18.8609823140553 19.4316751190757 19.4029222416278 18.9198169571888 18.7292469266461 18.74003410965 18.7253689242881 18.7225970397488 18.7355624976974 18.7515998956049 18.7563923341046 18.7350854197136
17.4336666328313 17.4676103973807 17.4902147062755 17.546668271762 17.5967430277041 17.6815079670925 17.738485244723 17.7614585931233 17.8727907844378 17.9987037195603 18.0666573869219 18.1202564330256 18.2015277838159 18.277497772983 18.3364486746863 18.3019807293591 18.3214951172869 18.3367308563619 18.464910905981 18.4422368101347 18.4320192663848 18.4020284154018 18.2913000325456 18.3392970682038 18.4370852898671 18.4916176879802 18.5570182338321 18.602862074404 18.5764702448616 18.6036594129009 18.5350523517437 18.5464422826983 18.6457057337637 18.6886259741749 18.6905412263072 18.7299583177864 18.8013717529579 18.8562068666547 18.8340423770256 18.8684549501401 18.8826875014277 18.7783102293455 18.6994384345317 18.6658809872687 18.7950104693289 18.9645784710697 18.9435732103806 18.788750604839 18.7129414995655 18.7312450628608 18.7213153521566 18.7625064053421 18.8009640985403 18.735961017724 18.7061595763018 18.6968986491261
17.5113205449459 17.5501805204774 17.5861859894128 17.6328208181749 17.686975338475 17.7627902915097 17.7813847488874 17.8525678470108 17.9699705987083 18.0585712124167 18.1372503631661 18.1660516723671 18.2439775964306 18.3205145578062 18.3830888386798 18.3499105838617 18.3173801852836 18.336911254525 18.4302147063363 18.4824604904928 18.4434191820353 18.4231329549543 18.372459907654 18.4454265532049 18.5147279159536 18.5336217757079 18.611369568445 18.6288067294978 18.5787062431423 18.622791391452 18.5945322334006 18.586667714008 18.6960569851071 18.7411184812805 18.7091832437753 18.7051959911244 18.7285329827753 18.8126137168109 18.8751828136072 18.8364172159372 18.8182193774876 18.7562469097441 18.6840653380846 18.6417701405719 18.6313153117679 18.6814614807628 18.6799998369797 18.6885232937156 18.7152025120412 18.7084005234137 18.7239701356854 18.7283280548697 18.7465554451872 18.7408653204312 18.6927664793531 18.6968012498932
17.6126443180569 17.6346610933408 17.6706959817597 17.699099670081 17.7368505561903 17.8004537998443 17.8168907994363 17.9108310883783 17.9881656904134 18.0651491380384 18.1621351321397 18.2028410404578 18.2668662709246 18.3172148796176 18.3677965428858 18.3642918183643 18.3459870326817 18.346097870988 18.4014156538387 18.5009408916614 18.4536491341191 18.3957275046386 18.4336021951144 18.5193227369509 18.5480345235564 18.5247437561836 18.5679620088465 18.6099130536263 18.6010238632076 18.6146785220099 18.7015090156483 18.6162641151307 18.6904933944016 18.7458636987753 18.7485993190316 18.7431355128757 18.765651490413 18.7679528425223 18.8279013782768 18.8083033611275 18.7342735169282 18.7292521558884 18.6755601653927 18.6428573745011 18.6321596970635 18.7723948983915 18.6938228369265 18.7152196621635 18.8210692339872 18.7742428453851 18.6834868435031 18.7292116560364 18.788528552277 18.7446495542694 18.7040406792544 18.6896230332385
