catData/variables/currentClimate/bio11.asc
NCOLS 409 
NROWS 350 
XLLCORNER 60.897278365 
YLLCORNER 5.843756025 
CELLSIZE 0.0892857 
NODATA_value -9999 
[rows 175 to 199 of 350, columns 224 to 279 of 409]
20.7808861233482 20.9233519173446 21.0198118616641 21.0898996835695 21.1020274747682 21.162353470307 21.1778962821355 21.1138439438811 21.0688086876052 21.086295990752 21.1580889708294 21.1496440429315 21.0058549877746 20.9687312845465 21.1212565770814 21.0715287747768 20.6633167515451 20.1490256020266 20.1475319926368 20.7225437388684 20.9354527036218 20.9326182968116 21.0427057659448 21.097342489196 21.1599771807233 21.1372341827965 21.1466225156644 21.1983364988618 21.3416950401936 21.4074994690029 21.3113246094368 21.2152012268099 21.2208903775922 21.2428402490131 21.1778925404965 20.92924162357 20.8604938587442 20.4908449382782 19.7811632030639 19.4597044771047 19.9542866426013 20.6112324375633 20.8856315534319 20.9440548548497 21.3725162895273 21.5769669010322 21.4050235441906 21.0737843178255 20.6616738932336 20.5464539687969 20.3000758621879 19.2931338362509 19.1241661362817 19.5656877469874 19.8737867971014 20.1702777363603
20.8862852056345 20.9894546039506 21.0533144092142 21.1100553331412 21.0536224075089 21.1945627329262 21.1775357818685 21.2047734741075 21.2065607324567 21.0910653191661 21.0740811634721 21.0158893007472 20.980750833901 21.0935919105165 21.150115920095 20.8585733329722 20.490696239176 20.5048804906987 20.6972112781202 21.0196637839184 21.0740153982348 21.1195788154741 21.1956505207508 21.3286518606588 21.3786100001082 21.2180879659804 21.1639072245125 21.2952207088431 21.3885046070919 21.3882144763452 21.347426703395 21.2363842458718 21.2401614809366 21.2761722526545 21.0459026183101 20.7040485172464 20.6479250941699 20.4627449864202 20.2436664625469 19.9415418960809 20.0105286350568 20.614944104094 20.885631781708 20.8040682699538 21.0635949563967 21.4897449300157 21.4688217251319 21.1197763310612 20.8067325958892 20.6577429265218 20.7777509836512 20.0972286943177 19.5268190403888 19.559513447378 19.9699601171255 20.2177873642837
20.9123596672659 21.0232271339413 21.0952069456877 21.1236734950705 21.107306933119 21.2804777866259 21.1884077269897 21.216132609625 21.2683897343221 21.19927700615 21.1367498955104 20.9648918129826 21.0436088341115 21.1795208314907 21.1630526780276 20.9370416601543 20.8124730886877 20.9266644241163 21.0794582988746 21.0821032464804 21.0956041765739 21.1835068249455 21.329679190739 21.4870877382823 21.3815412315576 21.1078951251654 21.2064395723133 21.4132420635284 21.4083202062135 21.3708342785169 21.3088904669477 21.2891795580964 21.2783377346691 21.2851887537885 20.8235139072314 20.675960624 20.6245335233149 20.3435287822919 20.3128513310947 20.4940140973265 20.5811726436545 20.755561029834 20.9148874348483 20.9142604894358 21.0559638629032 21.2970942184271 21.5191941461692 21.3303251248229 21.2020280324514 21.0124597416301 20.8471460602393 20.5900297700484 20.188213580455 19.3151860881928 19.6980838115681 20.3552388026453
20.9250838851592 21.0101799087394 21.0714583238988 21.0522174859178 21.0354740974286 21.1882026875265 21.04691548507 21.0357923280724 21.1036214915078 21.2246016131897 21.2253360248904 21.0283134667826 21.1115810701275 21.2027151804641 21.0943620635723 21.0548639895791 21.0262528946153 21.0552716141286 21.0887965257883 21.0381240602937 21.0376629001372 21.2086277395967 21.4312230835157 21.485225843829 21.2003710783682 20.9339768806683 21.2748362687796 21.5288237433328 21.4738983118813 21.4162755641499 21.3470776730652 21.3193240917355 21.3208941227683 21.1434134862648 20.6827216543625 20.7392298341796 20.7377155634988 20.5483748360392 20.4439444188554 20.4663628587869 20.4112301325827 20.3869254856381 20.764160893339 21.17457711812 21.380206682134 21.4062519058513 21.4654605396798 21.4178343604598 21.2517553636441 21.1398654565894 21.0204585199235 21.008847763233 20.8129670868468 19.7808798280533 19.5389887409156 20.3267177037335
20.9190222776957 20.8950736763654 20.8705141148967 20.8909974388401 20.8544033094164 20.9098606609049 20.8835610868665 20.9203609793481 20.9742733772359 21.1379523165526 21.2063941412864 21.0922206817989 21.1317892288961 21.148296876361 21.0097052036223 20.8981853954961 20.9397558391138 21.0546309764283 21.0996424033059 21.08894865576 21.0656760134786 21.227818733602 21.2766833318331 21.4318928826432 21.3819993443911 21.3034815166092 21.4958322073723 21.6230006752277 21.5488934298485 21.4233783351985 21.38381374271 21.3419021219053 21.3708741559679 21.1143702971847 20.9045416114809 21.0156879156248 20.8961930242286 20.8739206884289 20.832809689591 20.7101695417323 20.3437335022892 20.0848008115687 20.2937465677119 20.8405205260323 21.3731409529917 21.4470777611106 21.5783296795208 21.5183083207887 21.3513204321954 21.1937358736783 21.0180097800601 21.0802347827415 21.1573374066571 20.9115615602778 20.6633451011814 20.6711505413565
20.8740569671724 20.7451000419736 20.810819416333 20.866635520994 20.8319448267496 20.8114723047435 20.8429344405967 20.8802804257582 20.9195527228153 20.9846374469719 21.08448613982 21.0634947215346 21.0952091412458 21.0320486314071 20.815034133537 20.6981881564429 20.7969960524753 21.0560662526858 21.1480702552035 21.1025465133882 21.0791420264928 21.0850281370683 20.9098026268636 21.1562131828281 21.3861797390355 21.4300832101326 21.5346574318794 21.638639309682 21.5290289304808 21.4973976978547 21.4237737970578 21.4363297245905 21.5592885623004 21.5396224273553 21.4148855976074 21.627410188549 21.5338402453652 21.2701922601285 21.2217595340795 21.3074523614575 21.1912495782123 20.8205418777611 20.5513258783566 20.5790154679515 20.9724822495445 21.2476951680896 21.5469193125158 21.7552485827333 21.8012309323385 21.6611160668089 21.3908728232758 21.3553427931952 21.5453076793829 21.6944807188977 21.7867490592558 21.8038832011323
20.840426966761 20.7476517305248 20.7615436114486 20.8425714784519 20.8169931748374 20.788417698082 20.8233779636883 20.8588752853854 20.9085899220581 20.9753153979212 21.0550346239249 21.0584278051462 21.0714386019689 20.9763473733255 20.8363355352582 20.6598893987797 20.6962689553901 20.9988252815396 21.1317702931859 21.1398752452831 20.9845304656605 20.4020590180512 20.2820284431366 20.9911484147613 21.0806569296843 21.1212635440727 21.2674630810344 21.4690119301747 21.5441186026973 21.5915180722824 21.4387310346288 21.4448217833735 21.7564946109622 21.9847561277208 21.8427915363032 21.9263946207999 21.9449093015761 21.7878313473337 21.6304020816964 21.3881686113451 21.0686615017085 20.9500372913236 20.8606254968972 20.4364005733011 20.7537712019916 21.3085447307684 21.5831157612915 21.690370838931 21.8572404500113 21.8481789884833 21.4883433395847 21.3564947263974 21.6776037277576 21.96884685785 21.8682673948307 21.9634817070917
20.7214648834751 20.8441237732117 20.8533142210269 20.7950953879248 20.7591239979939 20.7508492023274 20.839401852983 20.8428824834725 20.8651133577939 21.0055537561797 21.0763936575525 21.1229740863841 20.9971732738024 20.5830807400287 20.7024573765318 20.679944242374 20.6789839915668 20.9032943031945 20.96279602889 21.0957078497782 20.9898510636134 20.73351342077 20.9960917318019 21.1752974942548 21.2294200390434 21.3482916301156 21.358195959845 21.4551493450752 21.6139513143694 21.7034359061585 21.7946978520348 21.8270810781066 21.9691666692857 22.0247117155221 21.9463094941044 21.9312961864265 21.7848446639929 21.7016483963172 21.8476360901826 21.735107902589 20.8729557194624 20.4459859700897 20.5712259158183 20.511833522077 20.2708273822436 20.796919328139 21.527482472002 21.6469374872692 21.7164987412551 21.8387336261942 21.7788345544854 21.7802984392902 21.9851234267858 22.0032574686546 21.7193665356645 21.5237637644788
20.4978324169352 20.6083716174791 20.8907267523243 20.9408559023711 20.8503588594962 20.825234738141 20.8205771579643 20.9570653219709 21.0526289293349 21.0720508816475 20.9501082765379 20.8841121997823 20.7242267254775 20.4379971204211 20.4003041479761 20.6276173681818 20.5970941357086 20.5402706661825 20.7717277586992 21.0596797736131 21.0079329731084 20.8468684169339 21.0516449164864 21.2359283110416 21.3797040480373 21.4674172255378 21.4320821896786 21.2976225232245 21.4494403245825 21.6981415029897 21.8531668786402 21.9526671019234 21.8322364971862 21.7572291099869 21.7093887350433 21.4834854469486 21.305406691119 21.1432730069572 21.1880865160802 21.8105939570619 21.8850774331952 20.9330574769686 20.2337314151123 20.2487129989945 20.1186446291038 20.2270448317456 21.2467152424332 21.5824813357554 21.5873350198327 21.5516541837513 21.4896382294197 21.6422978425407 21.9145494137064 21.7303665391388 21.2372205086653 20.996367522254
20.3757606284867 20.4345400181763 20.6726649440299 20.6842332387069 20.6762973669556 20.7022445844639 20.8146496933267 20.9929275438207 20.9696052145838 20.7546934987577 20.4900824978048 20.3683671338364 20.4802274654257 20.5718183470688 20.4873230710235 20.359429082918 19.9309493840368 19.5695026945989 20.7317975480727 21.2172905912123 21.068996411875 20.9255310381548 21.1829476881518 21.3585045597578 21.3319472038765 21.2167461284076 21.2922803742969 21.3615950275609 21.307871827577 21.5550381976476 21.7565552710726 21.8787295733877 21.2432415576239 20.6969428186286 20.5452454446995 20.5044057207405 20.3280031970548 20.2703392526027 20.100191990434 20.9226665711295 21.2945872811943 21.6415487097992 21.1062158644075 20.7194526107671 20.3699832059102 19.9551312797164 19.88483788901 20.5636154623304 20.9180267828907 21.2228443024658 21.2430959444366 21.3259475794941 21.496331416112 21.3602144118721 21.1799096308096 21.2769207250211
20.2282124639227 20.3668135510951 20.6194228382137 20.3095325913111 20.4268693783459 20.6740408652119 20.8303638432466 20.7594613632464 20.637278929547 20.4515392172089 20.1798137637536 19.9474823439774 20.0187488797392 20.1013312913082 20.226545588607 20.3595863575585 19.3729267864067 19.1201522472451 20.3960827964959 21.3000738053493 21.0063237597264 21.046639537547 21.3223672293093 21.4736620107103 21.4197390574208 21.172780878016 21.180857884174 21.4109126290075 21.5971602996302 21.7161434691304 21.7122484910474 21.4865014100287 20.7203011352582 19.7994652144519 19.7979785658904 19.5553308909452 19.2699019752704 19.1125551961161 19.3034020806694 20.0792480425847 20.1856835492544 20.6015392455989 20.6197265190571 20.4506073039414 20.8319988669555 21.2623255364853 20.7427715328134 20.5499784651691 20.3473563671695 20.645156311439 21.2247755228476 21.5199293901553 21.7156303600732 21.7375772084226 21.811859861921 22.1337436497289
20.201445991383 20.3894671247733 20.471207645675 20.2666757755886 20.4550645546212 20.6919905603418 20.7411102653169 20.6156121261327 20.489453990189 20.3560506274934 20.1318415022211 19.9696511643123 19.9294715735567 20.0057299678763 20.0205792406706 20.182040636117 19.1968539748328 19.1637461205088 20.1945410607944 21.342638614626 21.2536288921653 21.2619019033369 21.4992916256215 21.5213896820199 21.4116283376536 21.2642728503343 21.2787390264639 21.5802244477651 21.7643050177876 21.8412732509471 21.5548616088053 21.3180776999582 20.2108263194416 19.328829788427 19.2765958186136 19.2296416935911 19.1064639640683 19.2215026374295 19.2248583511667 19.4673762204764 19.8608460985356 20.2437728455561 19.9301642568984 20.6133585594125 20.9774304576464 21.5312139634778 21.7656111085162 21.8690612352151 21.5805068794651 21.4402093071959 21.6554917072625 21.9965902878671 22.0077557976224 21.7608025891094 22.111327213193 22.4754299842143
20.5922754139124 20.5951841373997 20.4057797177175 20.3122743983473 20.4735889772483 20.5904866874555 20.691869957277 20.6340983898981 20.4818502072481 20.4512400700272 20.3596787600064 20.2807604965238 20.1354906449209 19.8785416004495 19.8190854529506 19.9001524037408 18.8788779221509 19.0680922181647 20.4516193414221 21.3721489740933 21.5650409133237 21.6176389528843 21.7471100058596 21.7363522241284 21.6505222304481 21.485114574429 21.5038074304488 21.8217040431553 21.8001964277106 21.4676153762304 20.7871806140767 20.4337714412452 19.6517989767479 19.0561957497951 18.6448405116559 18.6079041539441 18.7209298224409 18.9505357926382 19.0780998221915 19.5537628624477 20.2489749593155 20.5130956287262 20.2961901922009 20.9646738417412 21.3301590512199 21.4347484205546 21.3946772585765 21.887027996661 22.3924047711957 22.4787037274779 22.5070446824917 22.3759696941095 21.8109169355796 21.437555945207 21.8987044319715 22.2314057036306
20.621627545689 20.6284117504401 20.4517793372245 19.9928259855616 20.0848410441944 20.3001652589306 20.4799415795643 20.544042456163 20.3977627376778 20.3962663099641 20.3612109423483 20.1589211325954 20.0007115529296 19.8238442790583 19.7642852232922 19.8717499642124 19.1319935597746 19.0419814635765 20.8993498134511 21.4989748412328 21.5901680419662 21.7285091136138 21.9247176126081 22.030134200052 22.0523159087812 21.9476612945319 21.6893536146994 21.7041232548698 21.7998794154945 21.3008626889704 20.2638176924964 19.2472979522058 18.9564194020342 19.0227319175627 18.8521853406059 18.5498150244663 18.5573099424797 18.8029642362578 18.9670070802798 19.6890375874634 20.3410623900757 20.2047129566167 20.1856920273394 20.807451700407 21.0528116597286 21.2950659873523 21.0250277521658 21.49547965877 22.0709973605889 22.2280981408177 22.3333911661687 22.3327071672168 22.0275669959589 22.002015290664 22.3388910118999 22.389117196698
20.5421280009085 20.5832942281851 20.5103392889074 19.7372632870923 19.4398164211916 19.6643976283632 19.930684794966 20.0481002529518 19.7652140910805 19.7524473118711 19.6795318340021 19.4492199066394 19.4883943512258 19.7311899154961 19.6637026645583 19.9106754633917 19.9443919311931 20.2869848223104 21.2465171114662 21.5587849721342 21.4743155130217 21.5448477237786 21.8379454837289 21.9597522614369 22.0433747009613 21.981200538218 21.7386763118147 21.6714408599873 21.6637514238996 20.9748168828988 20.2200877088692 19.2528704436157 18.9695219191249 18.9182681962777 18.9932670947054 18.5773169002738 18.4403357638784 18.5848993074535 18.7006979459112 19.416404837746 20.5326693243117 20.56470143732 20.4477255603777 20.7876390288708 20.8896246977732 21.2382449418125 21.4255370035845 21.799642520185 21.9447778051654 22.1084466589148 22.3713945214216 22.4606351745851 22.4780460126166 22.5193518091349 22.4145004009472 22.1915812040375
20.527150152923 20.605520847331 20.5446425113967 20.1343326285315 19.3642192980921 19.3591105450179 19.3676139110769 19.5440889321169 19.4810113180749 19.4885241811153 19.4353048230966 19.3114707093302 19.3818674988459 19.6121074685017 19.6872291949022 20.0355178611353 20.5266500183743 20.9737534415132 21.3562582876594 21.6121174543545 21.5228657233215 21.5062626015458 21.4659054247111 21.5295691916941 21.8156392306496 21.8227881905362 21.7259791714093 21.5842484583748 21.2311436564309 20.4066650001295 19.9585888731044 19.8419802034366 19.2402171552419 18.6430889737398 18.7482161970658 18.4496353384197 18.2725136139192 18.3928405310954 18.5372338758651 19.8084282195522 21.0129615009663 21.14053235244 21.0625130074039 21.0207402861067 21.2771257298562 21.4881144388727 21.6316075780951 21.9612839709595 21.6608501114656 21.8905785684201 22.286794242902 22.4068117002285 22.5726635588209 22.5475034438181 22.2999277236596 22.1146329416766
20.5153060044947 20.5221710884853 20.3327476527119 20.306302125898 19.3703384091524 19.4601370523105 19.4192287764278 19.452071414297 19.5901372686573 19.6198472551163 19.6133491587893 19.5659438738872 19.5076106742805 19.4913235754432 19.6479921576358 20.0837958153898 20.8533614837244 21.2183266509692 21.440151793463 21.6207607453046 21.5582753729571 21.6265459163121 21.4049927923474 21.3600454610966 21.5932762728925 21.6842989739412 21.4245343793342 21.1127118057935 20.5926613091735 19.8248398846157 19.0697994947724 19.7248601155995 19.2634843110522 18.5531737931825 18.31304514141 18.2671538763857 18.0719067732598 18.4559195017202 19.0876489462809 20.4742163979423 21.4004665459812 21.5544901361576 21.5370182452306 21.4527008014316 21.5914144412155 21.4856366709555 21.3280159043834 21.3243834260114 21.2914102887067 21.7170465051508 22.2839334113597 22.5200699129347 22.6343996231859 22.503946680039 22.252381428972 22.1409174087999
20.1895716466129 20.0221504548342 19.9594472593396 20.0733851179746 19.3859757956337 19.4613993435814 19.5503023834122 19.5142303224676 19.6692587844266 19.6517058189969 19.539928019292 19.5499784938469 19.5795250347795 19.5535472438062 19.7275295716404 20.1370663688293 21.0344838349293 21.4780538704196 21.5951986625521 21.7245405143861 21.689698947481 21.6960984163875 21.6790839617241 21.5390642688642 21.4534632327389 21.2850397666479 20.6275532962172 20.227482507984 20.220611155387 19.3317098796814 18.4355891058111 19.2237983730459 19.2778300850321 18.4845491359458 17.826753972601 17.7520669463802 18.0767336170022 19.0981554931598 20.3240490221064 20.7767477674068 21.3667293564657 21.8477000346401 21.8996607815421 21.7009978162696 21.4900038023811 20.8846735834705 20.906876549524 21.1060733716936 21.4271549796896 21.9621064153138 22.4640092206483 22.5591791434468 22.5576007831245 22.4953114925418 22.3711946642115 22.3276054636018
19.4925915645169 19.1975716303743 19.0998103660085 19.7292661652024 19.6357282957763 19.5246309244136 19.6096858622276 19.5650800650552 19.724633268591 19.7094478042374 19.5045284315816 19.4032968339322 19.4955582631893 19.6102854751328 19.7670331436385 20.095877379498 20.5300791588673 21.1921876770087 21.1624449505456 21.4757604903101 21.6666624646915 21.6090193521387 21.6523008927168 21.466431290481 21.025058452988 20.5553015008186 19.7281265314431 19.7486538086756 20.4112908045795 19.9471701766678 19.1646931354423 19.6600699634441 19.2576636809867 18.401986749458 18.0496096479224 18.1731504495387 18.7735176152699 19.942830449422 20.9997753671662 21.3266495102989 21.6204876569326 22.0027513490793 22.0325562105633 21.894671570678 21.4589014728511 21.0757421463648 21.5104968775178 21.8931803263267 22.256634302506 22.453798852762 22.5382462744586 22.5232468318401 22.5301957574688 22.5638651509268 22.627725751335 22.48913854505
19.1530453311081 19.1679471829647 19.109612633852 19.7776025791926 19.8839577304454 19.6079064975291 19.6649969430365 19.594502596784 19.7898589684664 19.7629987697986 19.5121739153908 19.2897939382798 19.3984291763787 19.682215535948 19.8110197112654 19.9562337801717 19.98545198464 20.1420944474181 20.1357395289965 21.1602021833472 21.5673218521755 21.558775351109 21.2995401508483 20.472944077911 19.7416386066759 19.4495263950765 19.3111631845553 19.6047480299602 20.1667083648184 20.5154118469874 20.0855525726548 20.3725710405321 19.6659595643067 18.6940546367097 18.6254182145022 18.3268869296535 18.7324037652557 19.8999035662691 21.1267585043983 21.6808008506014 21.9326616136177 22.1147244433603 22.1537553442123 22.1334262391357 21.7129316915534 21.4943432548398 22.1274736924324 22.2928708586401 22.5857265286677 22.5948841934567 22.62053884853 22.7020154573953 22.6600710796694 22.593031946229 22.7118228308383 -9999
19.0111103148263 19.2489708003763 19.2136368271204 19.231754031353 19.6236525584461 19.5805160559234 19.7767635467739 19.744198990159 19.8234547888025 19.7937005252614 19.5143908845158 19.3217796454717 19.4038596443696 19.5421567564057 19.7862561768755 19.9405009993445 19.8725369927566 19.5109176849271 19.6270164539303 21.1185812855705 21.5380057756459 21.5361189676086 20.6408656888239 19.0736546500818 18.7879886509599 18.7936968099169 19.3801397160035 18.924293404535 19.4253871521253 20.7897441812047 20.6584992321853 20.6270724512953 20.2276688159469 19.4910038026794 18.9258766499773 19.0375966072269 19.0409602803037 19.6961804784291 20.7799441278189 21.2818972044356 21.83363047646 22.1995066733835 22.3482949024351 22.3164758983437 22.2426237427384 22.3107996262888 22.4572519833511 22.6314566329387 22.705136328297 22.8232196439758 22.7943617598483 22.7583877369773 -9999 -9999 -9999 -9999
19.0620939189883 18.9374807049711 19.021891208109 19.0243811981366 19.2369819717587 19.8756663976713 19.806226194888 19.8052527375879 19.8471912268676 19.8466192366516 19.6642253174088 19.4293164211893 19.4442700171691 19.590147018801 19.7649779452743 19.9696020272544 19.949140883504 19.7022320337616 19.5680330251234 20.6558688966635 21.5018721112141 21.3476367752298 20.228703021453 18.8135308470518 18.5653746763721 18.7499699057934 19.7755951102132 19.0534179230234 19.1513920324523 20.649955150993 20.4833677050027 20.7569300111864 20.6423965847599 20.2601316904849 19.9626390684074 19.7947841449982 19.6594633082872 19.4444157268531 19.5014508697673 20.2393657629502 21.3898566310352 22.1156325413153 22.2548187472213 22.4674831966791 22.5346645025923 22.5270246972047 22.5568227811541 22.7614870559714 22.81002065336 22.8657609169154 -9999 -9999 -9999 -9999 -9999 -9999
19.2764476194361 18.7395069204549 18.8108108130688 19.1427294335716 19.6380047628445 20.1188511055866 19.7867046964687 19.7996201744183 19.8931907022425 20.0460872335267 20.0608206034325 19.9892945952606 19.8851066140151 19.726080546126 19.8082118248792 20.0735208338279 19.9554783122175 19.8608988765809 19.9041592207595 20.0948454128338 21.1284247072423 21.1267939310751 19.8686864747433 19.0546158255434 18.6724749924124 18.7012724379658 19.9574599166658 20.2437082644388 20.1040062695365 20.2075653323512 19.9857555503211 20.5091320753732 20.8985120784696 20.504998348044 20.0681358967783 19.6408990838759 19.750148381957 19.5644199188755 19.6678671536963 20.8784231294973 21.8245767865374 22.2608784193733 22.4346440506057 22.5100345427473 22.6267748687271 22.7414612167321 22.6338504615512 22.8202839216997 -9999 -9999 -9999 -9999 -9999 -9999 -9999 -9999
19.3519756032569 18.7858537901618 18.8850930396518 19.2694511800834 19.3008300660316 19.8938355596111 19.8463450003124 19.8943751763291 19.9220674512983 20.1943497933597 20.1202420568389 20.036537275938 20.017250826344 20.0254976340387 20.0652311408718 20.1813216670184 20.0805286501805 20.0368683057674 19.9578586398696 20.0537716302473 20.4410454630111 20.2498642792478 19.3257733279613 18.7597616138135 18.5022811789571 19.0328956836303 19.8123862547625 20.5964694383279 20.8284107133535 20.3771720552073 19.9063418601726 20.7484023249695 21.4661887325208 20.8090652559872 19.9262189976028 19.2901852972615 19.1313146405074 19.3176677016882 20.0926054369667 21.5628808650541 22.3152489063837 22.392417320441 22.3696798541903 22.6040050722958 22.7205711803672 22.8263441321115 22.9785089492798 -9999 -9999 -9999 -9999 -9999 -9999 -9999 -9999 -9999
19.6838461314752 19.1231411841755 18.7760974726646 18.9179906460934 19.4651721396711 19.9228251963308 19.9255076480093 20.066131656396 20.1263700035403 20.3794495875549 20.4076528136153 20.266856528218 20.2516307902614 20.2994668493274 20.3340919284144 20.2443814143907 20.2010879950844 20.3119588271093 20.2151110861484 20.1951277975322 20.139424031526 19.7336823677819 19.2294117845309 18.864352032137 18.685968910863 18.8177182158225 19.2897698130583 20.4684601683596 21.1536653252217 20.1515733506449 20.3986830668814 20.9154114166133 21.8096840471833 21.4050126170757 20.4037686875927 19.5308614652356 19.2966735662084 19.1831989221971 19.9090127773411 21.2765982861681 22.1599759038038 21.6626529272671 21.9967477683359 22.6994136969028 22.8107046351886 -9999 -9999 -9999 -9999 -9999 -9999 -9999 -9999 -9999 -9999 -9999
