catData/rasterBestHybridModels/Pviverrinus/RD_RM2_LQ/Pviverrinus_min.asc
ncols         409
nrows         350
xllcorner     60.897278365
yllcorner     5.843756025
cellsize      0.0892857
NODATA_value  -9999
[rows 145 to 173 of 350, columns 66 to 131 of 409]
-9999 -9999 -9999 -9999 -9999 -9999 -9999 9.16136E-5 8.93993E-5 8.87727E-5 6.77216E-5 7.69081E-5 8.64023E-5 8.14691E-5 7.92635E-5 7.51591E-5 6.64581E-5 6.33248E-5 6.49612E-5 7.41626E-5 8.09347E-5 -9999 -9999 -9999 -9999 -9999 6.03099E-5 5.14039E-5 4.13136E-5 3.48563E-5 3.15171E-5 2.93801E-5 2.84086E-5 2.81465E-5 2.8242E-5 2.86727E-5 -9999 -9999 -9999 -9999 -9999 -9999 -9999 -9999 -9999 -9999 -9999 -9999 -9999 -9999 2.27531E-5 2.17119E-5 1.24067E-5 2.13225E-5 2.22502E-5 2.34186E-5 2.36881E-5 2.23011E-5 2.0794E-5 1.91728E-5 1.74679E-5 1.42272E-5 8.55739E-6 1.72419E-5 1.46494E-5 1.26488E-5
-9999 -9999 -9999 -9999 -9999 -9999 -9999 9.35122E-5 9.96102E-5 8.98362E-5 8.71071E-5 1.02012E-4 8.97256E-5 9.13261E-5 9.34424E-5 8.83673E-5 8.34573E-5 6.95062E-5 -9999 -9999 -9999 6.94415E-5 -9999 -9999 -9999 -9999 -9999 5.95948E-5 4.94876E-5 4.09273E-5 3.59498E-5 3.2283E-5 2.9383E-5 2.50707E-5 2.81559E-5 3.20399E-5 -9999 -9999 -9999 -9999 -9999 -9999 -9999 -9999 -9999 -9999 -9999 -9999 -9999 -9999 2.37683E-5 2.22196E-5 2.08616E-5 2.09944E-5 2.08356E-5 2.16937E-5 2.2781E-5 1.33256E-5 1.85936E-5 1.70501E-5 1.31484E-5 1.29422E-5 1.28335E-5 1.18359E-5 7.83358E-6 1.10024E-5
-9999 -9999 -9999 -9999 -9999 -9999 -9999 -9999 -9999 -9999 9.97184E-5 1.1792E-4 9.25265E-5 9.18958E-5 -9999 9.06615E-5 7.34353E-5 7.22366E-5 8.01736E-5 8.38412E-5 7.17265E-5 6.84533E-5 -9999 -9999 -9999 -9999 -9999 -9999 -9999 -9999 -9999 -9999 3.14366E-5 1.9334E-5 1.94018E-5 2.99278E-5 -9999 3.48135E-5 3.12678E-5 2.9016E-5 3.17987E-5 3.5401E-5 3.33298E-5 2.83959E-5 2.72515E-5 2.63617E-5 -9999 -9999 2.51423E-5 2.38355E-5 2.38319E-5 2.25745E-5 2.17832E-5 2.11091E-5 2.05371E-5 2.1545E-5 1.7259E-5 1.28933E-5 2.09789E-5 1.97666E-5 1.34118E-5 1.41187E-5 1.11936E-5 1.64691E-5 1.37252E-5 1.35366E-5
-9999 -9999 -9999 -9999 -9999 -9999 -9999 -9999 -9999 -9999 -9999 -9999 -9999 1.00721E-4 8.47398E-5 8.37468E-5 -9999 7.67694E-5 -9999 7.78763E-5 -9999 6.57171E-5 5.8545E-5 5.33741E-5 -9999 -9999 5.15981E-5 4.57361E-5 -9999 4.13714E-5 3.80258E-5 3.62501E-5 2.98209E-5 2.04394E-5 1.79904E-5 2.87569E-5 -9999 3.42332E-5 2.98605E-5 2.61779E-5 3.10362E-5 -9999 3.3803E-5 2.75219E-5 2.6959E-5 2.68582E-5 2.76472E-5 2.64088E-5 2.43115E-5 2.31558E-5 2.41523E-5 2.34239E-5 2.28514E-5 2.23707E-5 2.15606E-5 2.14541E-5 1.61117E-5 1.37971E-5 7.20235E-6 2.04187E-5 8.48149E-6 8.23196E-6 9.63011E-6 1.3314E-5 1.36731E-5 1.20541E-5
-9999 -9999 -9999 -9999 -9999 -9999 -9999 -9999 -9999 -9999 -9999 -9999 -9999 -9999 -9999 -9999 7.94335E-5 7.90984E-5 -9999 -9999 5.97988E-5 5.25802E-5 4.63212E-5 4.14593E-5 4.23632E-5 4.57207E-5 4.49277E-5 3.97782E-5 3.6369E-5 3.31493E-5 2.93417E-5 2.82826E-5 2.79303E-5 2.52163E-5 2.61827E-5 3.6517E-5 -9999 -9999 -9999 3.6573E-5 3.91471E-5 3.91592E-5 3.53077E-5 3.15485E-5 3.0475E-5 2.97204E-5 2.88676E-5 2.80299E-5 2.69523E-5 2.63654E-5 2.58602E-5 2.44125E-5 2.43251E-5 2.36951E-5 2.2516E-5 2.14539E-5 4.88452E-6 2.85505E-6 1.38445E-5 1.34648E-5 1.6644E-5 8.37853E-6 4.30979E-6 6.97884E-6 1.39946E-5 1.655E-5
-9999 -9999 -9999 -9999 -9999 -9999 -9999 -9999 -9999 -9999 -9999 -9999 -9999 -9999 -9999 -9999 -9999 8.20405E-5 -9999 6.16121E-5 5.26478E-5 4.4418E-5 3.84821E-5 3.34472E-5 3.27628E-5 3.67556E-5 4.04463E-5 3.99771E-5 3.62954E-5 3.17826E-5 2.85281E-5 2.82773E-5 2.86089E-5 2.90946E-5 2.99872E-5 -9999 -9999 -9999 -9999 -9999 -9999 3.63695E-5 3.24951E-5 3.0035E-5 2.88398E-5 2.71985E-5 2.80361E-5 2.94126E-5 2.92084E-5 2.82933E-5 2.66406E-5 2.54476E-5 2.50717E-5 2.43081E-5 2.27208E-5 2.15283E-5 2.11355E-5 6.11846E-7 4.17351E-7 1.2302E-5 9.13419E-6 1.66916E-5 1.46661E-5 9.73602E-6 2.12181E-5 2.25662E-5
-9999 -9999 -9999 -9999 -9999 -9999 -9999 -9999 -9999 -9999 -9999 -9999 -9999 -9999 -9999 -9999 -9999 -9999 -9999 6.12407E-5 4.68275E-5 3.7329E-5 3.38011E-5 3.1388E-5 3.07986E-5 3.50926E-5 3.77126E-5 3.93518E-5 3.62628E-5 3.20893E-5 3.03414E-5 3.05315E-5 3.04373E-5 3.08192E-5 3.04464E-5 3.25989E-5 3.60475E-5 -9999 -9999 3.57385E-5 3.32489E-5 2.91488E-5 2.87156E-5 2.5393E-5 2.45443E-5 2.46563E-5 2.67434E-5 2.95289E-5 2.91181E-5 -9999 -9999 2.59668E-5 2.61169E-5 2.5285E-5 2.35625E-5 2.24393E-5 2.17963E-5 1.93326E-5 8.715E-6 3.92812E-6 9.70605E-6 6.65868E-6 1.61563E-5 2.03695E-5 3.04176E-5 3.73682E-5
-9999 -9999 -9999 -9999 -9999 -9999 -9999 -9999 -9999 -9999 -9999 -9999 -9999 -9999 -9999 -9999 -9999 -9999 -9999 6.8636E-5 5.17485E-5 4.49295E-5 4.28957E-5 4.29205E-5 3.65628E-5 3.12142E-5 3.30458E-5 3.30491E-5 3.04613E-5 2.83923E-5 2.96896E-5 3.10695E-5 3.1274E-5 3.19799E-5 3.10895E-5 3.14819E-5 3.28749E-5 3.39525E-5 3.50598E-5 3.43685E-5 2.89723E-5 2.24277E-5 2.05679E-5 2.22274E-5 2.4907E-5 2.86471E-5 3.08613E-5 3.24527E-5 3.14235E-5 2.95991E-5 2.8405E-5 -9999 2.62656E-5 2.61644E-5 2.44298E-5 2.35714E-5 2.33701E-5 3.5899E-7 2.17756E-6 7.46194E-7 3.02608E-6 2.31776E-5 2.26202E-5 2.19246E-5 2.90133E-5 4.83638E-5
-9999 -9999 -9999 -9999 -9999 -9999 -9999 -9999 -9999 -9999 -9999 -9999 -9999 -9999 -9999 -9999 -9999 -9999 -9999 -9999 6.76067E-5 5.86763E-5 5.66009E-5 5.04428E-5 4.10584E-5 3.39469E-5 2.90709E-5 2.76632E-5 2.53681E-5 2.55145E-5 2.26325E-5 2.43605E-5 2.77398E-5 2.4244E-5 2.56048E-5 2.72297E-5 3.08855E-5 3.52787E-5 3.60958E-5 3.45253E-5 3.15366E-5 2.74478E-5 2.67342E-5 2.84998E-5 3.17339E-5 3.5834E-5 3.47879E-5 -9999 3.18782E-5 -9999 2.93556E-5 -9999 -9999 2.65068E-5 2.4545E-5 2.34784E-5 1.0694E-5 1.61843E-8 1.13076E-7 7.22346E-6 1.81011E-5 2.33798E-5 2.28372E-5 2.39122E-5 4.23518E-5 5.86058E-5
-9999 -9999 -9999 -9999 -9999 -9999 -9999 -9999 -9999 -9999 -9999 -9999 -9999 -9999 -9999 -9999 -9999 -9999 -9999 -9999 -9999 7.74556E-5 6.21974E-5 5.36416E-5 4.55835E-5 3.48648E-5 2.6507E-5 2.2119E-5 2.3145E-5 2.20364E-5 2.06354E-5 2.23739E-5 2.5793E-5 2.39046E-5 2.18906E-5 2.68775E-5 3.01491E-5 3.24222E-5 3.54175E-5 3.51217E-5 3.7731E-5 3.77138E-5 3.76089E-5 4.02236E-5 4.57637E-5 4.46678E-5 -9999 3.59417E-5 3.35852E-5 -9999 -9999 -9999 -9999 1.15126E-5 1.97083E-5 1.29905E-5 4.59375E-6 8.09925E-8 6.48975E-7 6.69716E-6 7.61219E-6 2.6265E-5 2.53924E-5 2.68266E-5 3.25744E-5 4.25657E-5
-9999 -9999 -9999 -9999 -9999 -9999 -9999 -9999 -9999 -9999 -9999 -9999 -9999 -9999 -9999 -9999 -9999 -9999 -9999 -9999 8.93028E-5 7.56222E-5 6.44384E-5 5.5664E-5 4.78034E-5 3.90536E-5 3.21788E-5 2.46738E-5 2.36976E-5 1.94708E-5 1.95345E-5 2.09924E-5 2.3039E-5 2.07521E-5 2.34028E-5 2.91374E-5 3.09022E-5 3.43699E-5 4.58943E-5 7.16702E-5 7.18484E-5 6.3595E-5 6.3052E-5 6.94743E-5 7.27984E-5 6.57825E-5 4.83198E-5 4.08573E-5 1.23365E-5 3.19636E-5 2.92213E-5 -9999 -9999 -9999 1.4416E-5 8.19839E-7 2.64251E-6 5.54828E-7 4.61793E-8 9.90339E-8 2.3407E-6 1.49399E-5 2.51672E-5 3.97771E-5 2.8357E-5 3.73593E-5
-9999 -9999 -9999 -9999 -9999 -9999 -9999 -9999 -9999 -9999 -9999 -9999 -9999 -9999 -9999 -9999 -9999 -9999 -9999 -9999 -9999 -9999 7.24876E-5 6.1453E-5 5.43073E-5 4.48802E-5 3.51342E-5 2.90032E-5 2.96658E-5 2.45208E-5 2.14278E-5 2.1753E-5 2.26387E-5 2.16341E-5 2.54222E-5 3.60449E-5 3.62206E-5 4.39812E-5 6.95039E-5 8.83666E-5 9.00608E-5 9.13555E-5 8.59838E-5 7.13773E-5 1.97295E-5 1.47582E-5 6.28185E-7 2.49055E-7 5.11343E-7 8.59589E-7 2.91713E-6 5.85679E-6 7.60582E-6 1.13476E-6 5.0046E-6 2.13241E-6 3.52377E-7 1.76178E-8 5.82583E-7 7.71358E-7 1.25026E-5 4.68552E-6 4.98722E-7 2.48018E-6 2.99252E-5 5.10631E-5
-9999 -9999 -9999 -9999 -9999 -9999 -9999 -9999 -9999 -9999 -9999 -9999 -9999 -9999 -9999 -9999 -9999 -9999 -9999 -9999 -9999 -9999 -9999 6.8543E-5 6.3498E-5 6.07289E-5 5.00247E-5 4.27803E-5 3.8696E-5 3.48855E-5 3.20685E-5 3.02335E-5 2.96393E-5 3.00006E-5 3.55586E-5 3.84978E-5 4.49655E-5 6.25518E-5 9.81406E-5 8.31958E-5 8.88167E-5 9.33379E-5 5.13863E-5 4.85979E-7 3.35372E-6 3.77477E-7 1.3529E-7 3.02899E-6 2.06785E-5 9.96125E-6 9.18267E-6 9.1598E-7 6.44826E-6 8.74036E-6 3.59976E-6 1.20039E-5 3.22708E-6 2.51369E-7 1.75269E-7 3.58724E-6 2.91932E-5 3.71653E-6 1.91584E-6 2.00518E-5 4.22958E-4 1.01222E-3
-9999 -9999 -9999 -9999 -9999 -9999 -9999 -9999 -9999 -9999 -9999 -9999 -9999 -9999 -9999 -9999 -9999 -9999 -9999 -9999 -9999 -9999 -9999 -9999 -9999 7.2819E-5 6.38666E-5 5.87225E-5 5.41225E-5 5.60203E-5 4.61319E-5 4.3595E-5 4.3796E-5 4.5241E-5 4.84148E-5 4.86738E-5 6.44633E-5 -9999 1.06146E-4 8.85544E-5 1.00583E-4 8.62133E-5 1.48442E-6 2.44846E-7 2.52601E-5 1.02669E-6 5.51581E-6 2.63928E-5 2.52025E-5 1.29452E-5 5.49103E-6 8.65481E-6 6.67384E-6 1.6954E-5 1.38707E-5 3.56819E-6 3.21192E-6 8.56978E-8 5.36946E-8 1.35145E-5 1.0315E-5 1.34846E-5 1.21524E-5 4.78411E-5 2.47353E-4 1.26345E-4
-9999 -9999 -9999 -9999 -9999 -9999 -9999 -9999 -9999 -9999 -9999 -9999 -9999 -9999 -9999 -9999 -9999 -9999 -9999 -9999 -9999 -9999 -9999 -9999 -9999 -9999 -9999 8.25654E-5 7.63855E-5 7.3665E-5 7.09359E-5 6.98271E-5 6.20426E-5 5.79275E-5 -9999 -9999 -9999 -9999 -9999 -9999 9.50339E-5 5.89575E-5 1.31715E-5 2.16743E-6 2.08558E-5 1.30166E-5 8.14319E-6 1.78411E-5 1.55031E-5 7.03455E-6 1.63493E-5 5.16095E-6 7.54096E-6 1.49927E-6 1.74673E-5 1.3015E-6 1.91425E-6 7.04519E-7 2.03141E-6 8.16875E-7 8.48831E-6 5.24737E-6 4.12006E-5 5.95188E-5 5.70396E-5 3.25649E-5
-9999 -9999 -9999 -9999 -9999 -9999 -9999 -9999 -9999 -9999 -9999 -9999 -9999 -9999 -9999 -9999 -9999 -9999 -9999 -9999 -9999 -9999 -9999 -9999 -9999 -9999 -9999 -9999 -9999 -9999 -9999 8.06041E-5 7.99785E-5 -9999 -9999 -9999 -9999 -9999 -9999 8.03814E-5 3.42166E-5 4.4278E-5 2.11462E-5 4.4999E-6 1.43998E-5 3.66745E-6 1.85072E-6 8.54692E-6 1.7639E-5 6.95634E-6 9.30918E-6 8.06779E-6 1.09814E-5 3.44346E-6 1.79882E-6 7.04424E-7 8.01803E-7 7.67177E-6 1.09471E-5 1.81355E-5 2.66315E-5 1.4269E-5 6.62317E-6 4.83093E-5 4.54431E-5 6.61135E-5
-9999 -9999 -9999 -9999 -9999 -9999 -9999 -9999 -9999 -9999 -9999 -9999 -9999 -9999 -9999 -9999 -9999 -9999 -9999 -9999 -9999 -9999 -9999 -9999 -9999 -9999 -9999 -9999 -9999 -9999 -9999 -9999 -9999 -9999 -9999 -9999 -9999 -9999 -9999 1.73432E-5 6.77257E-7 1.68387E-5 1.67756E-5 1.27164E-5 7.29078E-6 1.68221E-5 3.30752E-6 8.60738E-7 4.2212E-6 1.67937E-5 6.87257E-6 2.18106E-6 8.5864E-8 1.04717E-6 3.81386E-7 1.96223E-7 5.99812E-8 6.75822E-6 8.92961E-6 1.42738E-5 7.74474E-6 4.94469E-5 5.28165E-6 5.02081E-5 6.18417E-5 5.45175E-5
-9999 -9999 -9999 -9999 -9999 -9999 -9999 -9999 -9999 -9999 -9999 -9999 -9999 -9999 -9999 -9999 -9999 -9999 -9999 -9999 -9999 -9999 -9999 -9999 -9999 -9999 -9999 -9999 -9999 -9999 -9999 -9999 -9999 -9999 -9999 -9999 -9999 -9999 4.28105E-5 1.14781E-6 4.21753E-6 2.72168E-6 9.58473E-7 7.33874E-6 6.32573E-6 9.1977E-6 8.22035E-7 1.44447E-6 3.30648E-6 9.91955E-6 1.01956E-5 3.24712E-6 1.4042E-6 7.30435E-6 1.82722E-6 4.09183E-8 1.70321E-7 2.36625E-6 8.77155E-6 2.1371E-5 2.66027E-5 5.27987E-5 3.65234E-5 1.14624E-5 3.58593E-5 4.57005E-5
-9999 -9999 -9999 -9999 -9999 -9999 -9999 -9999 -9999 -9999 -9999 -9999 -9999 -9999 -9999 -9999 -9999 -9999 -9999 -9999 -9999 -9999 -9999 -9999 -9999 -9999 -9999 -9999 -9999 -9999 -9999 -9999 -9999 -9999 -9999 8.4027E-5 2.37449E-5 1.98453E-5 3.47103E-5 2.11095E-5 4.19875E-7 2.40093E-6 7.96119E-6 5.75365E-7 2.76934E-7 1.19109E-7 2.69286E-7 2.03797E-6 2.92747E-6 6.01143E-6 1.06107E-5 3.62767E-6 8.03866E-6 2.10202E-5 1.86432E-5 8.40011E-6 3.00111E-6 4.55188E-6 1.70003E-5 4.75497E-5 3.16289E-5 5.74951E-5 2.37962E-5 2.26004E-5 5.23707E-5 3.79215E-5
-9999 -9999 -9999 -9999 -9999 -9999 -9999 -9999 -9999 -9999 -9999 -9999 -9999 -9999 -9999 -9999 -9999 -9999 -9999 -9999 -9999 -9999 -9999 -9999 -9999 8.50271E-5 -9999 -9999 -9999 -9999 1.09602E-4 -9999 8.14152E-5 7.52635E-5 2.60054E-5 8.10433E-6 5.26212E-6 1.09894E-5 5.72524E-6 3.89141E-6 3.91166E-6 1.10192E-6 4.08422E-6 4.13774E-6 4.81269E-7 8.83758E-7 2.70287E-7 4.11355E-6 1.81647E-7 3.59968E-7 1.52503E-6 1.74387E-6 1.51117E-5 1.85055E-5 1.86982E-5 2.18522E-5 2.84257E-5 3.35946E-7 5.25131E-6 4.65669E-5 1.11554E-5 2.0477E-5 8.8385E-6 3.26413E-5 3.1863E-5 3.2419E-5
-9999 -9999 -9999 -9999 -9999 -9999 -9999 -9999 -9999 -9999 -9999 -9999 -9999 -9999 -9999 -9999 -9999 -9999 -9999 -9999 -9999 -9999 -9999 -9999 7.86787E-5 7.40667E-5 -9999 -9999 8.82433E-5 8.67851E-5 8.40527E-5 1.9043E-5 4.07979E-5 6.20067E-5 5.54867E-5 2.51409E-5 1.681E-5 6.4731E-6 4.46039E-7 2.46836E-6 2.10666E-7 5.02523E-7 3.04914E-6 1.73587E-6 3.21724E-6 1.02261E-6 9.8501E-9 1.47218E-8 2.19724E-8 3.07333E-7 3.27755E-6 2.96348E-6 1.32925E-5 1.27419E-5 2.46815E-5 2.47692E-5 1.89467E-5 1.5114E-5 6.14249E-6 1.35279E-5 5.37907E-5 5.93874E-5 9.77952E-5 8.99039E-5 6.66581E-5 4.71586E-5
-9999 -9999 -9999 -9999 -9999 -9999 -9999 -9999 -9999 -9999 -9999 -9999 -9999 -9999 -9999 -9999 -9999 -9999 -9999 -9999 -9999 -9999 -9999 -9999 -9999 7.66445E-5 8.54757E-5 8.43769E-5 7.35293E-5 1.52678E-5 1.81443E-5 5.01822E-5 3.10282E-5 4.58939E-5 4.29072E-5 4.12405E-5 1.13571E-5 1.31697E-6 3.18945E-6 8.4966E-7 6.41358E-7 1.33225E-7 1.09791E-8 2.63453E-7 2.57745E-6 3.30099E-6 5.90598E-9 3.14133E-6 3.12161E-7 5.81567E-6 6.03002E-6 1.42921E-5 1.71112E-5 4.1616E-6 1.63709E-5 1.73083E-5 9.31059E-6 3.51973E-6 1.00983E-5 2.75715E-5 5.59834E-5 6.75813E-5 9.99538E-5 -9999 -9999 8.02527E-5
-9999 -9999 -9999 -9999 -9999 -9999 -9999 -9999 -9999 -9999 -9999 -9999 -9999 -9999 -9999 -9999 -9999 -9999 -9999 -9999 -9999 -9999 -9999 -9999 -9999 8.21943E-5 8.8371E-5 8.5205E-5 1.02843E-5 1.19111E-5 2.53924E-6 3.73558E-6 2.76904E-5 3.48487E-5 1.05867E-5 4.01708E-6 2.52679E-5 8.34052E-7 1.7883E-6 2.10426E-6 1.59943E-6 9.07688E-6 1.28831E-7 2.41873E-8 3.94384E-7 4.61584E-6 3.06137E-7 1.29657E-6 5.3275E-7 1.49465E-6 8.33582E-7 4.52146E-6 1.49401E-5 1.7928E-5 2.53668E-5 3.05401E-5 1.4927E-5 1.8382E-5 5.25917E-5 5.60431E-5 6.00838E-5 9.13127E-5 -9999 -9999 -9999 8.20653E-5
-9999 -9999 -9999 -9999 -9999 -9999 -9999 -9999 -9999 -9999 -9999 -9999 -9999 -9999 -9999 -9999 -9999 -9999 -9999 -9999 -9999 -9999 -9999 -9999 -9999 -9999 9.17009E-5 7.64272E-5 5.67784E-5 3.60829E-5 2.49037E-5 1.21223E-5 4.94512E-6 3.09228E-6 9.76151E-6 7.52812E-6 5.37843E-6 3.28436E-7 8.67445E-7 7.80521E-7 1.84827E-6 4.40294E-7 7.82993E-8 3.18542E-6 2.61646E-6 2.08509E-6 1.52079E-6 7.53499E-6 1.05755E-5 1.87245E-6 1.60465E-8 1.34229E-6 9.69723E-6 2.17773E-5 1.94583E-5 2.04288E-5 3.62673E-5 1.20455E-5 2.86829E-5 6.66806E-5 6.79385E-5 1.19829E-4 -9999 -9999 1.96235E-5 7.98467E-7
-9999 -9999 -9999 -9999 -9999 -9999 -9999 -9999 -9999 -9999 -9999 -9999 -9999 -9999 -9999 -9999 -9999 -9999 -9999 -9999 -9999 -9999 -9999 -9999 -9999 -9999 -9999 8.30514E-5 7.84672E-5 7.51793E-5 4.85922E-5 6.32337E-5 2.61741E-5 4.1161E-5 3.83273E-6 1.58451E-8 5.44915E-7 4.76778E-6 1.85529E-7 4.51551E-7 4.06842E-7 4.23432E-6 1.34626E-6 2.42289E-6 2.47657E-7 1.41542E-5 4.066E-6 2.61874E-6 4.25339E-6 2.4936E-6 1.63954E-6 3.36388E-6 1.71859E-6 1.96549E-5 3.01017E-5 3.53419E-5 4.2474E-5 8.44207E-6 5.03115E-5 7.97094E-5 1.24503E-4 -9999 -9999 -9999 6.14814E-5 1.80577E-5
-9999 -9999 -9999 -9999 -9999 -9999 -9999 -9999 -9999 -9999 -9999 -9999 -9999 -9999 -9999 -9999 -9999 -9999 -9999 -9999 -9999 -9999 -9999 -9999 -9999 -9999 -9999 -9999 9.30646E-5 9.38475E-5 1.01161E-4 7.75232E-5 5.76483E-6 4.32012E-6 1.30223E-5 1.99289E-6 3.29789E-6 1.86501E-5 4.26886E-6 4.91081E-6 1.70931E-6 1.82806E-6 8.46654E-7 1.70793E-5 1.21813E-6 4.7857E-7 5.58541E-7 4.36141E-8 3.15715E-7 3.9139E-6 5.68718E-7 8.44196E-7 9.43077E-6 9.99638E-6 2.21324E-5 3.73634E-5 1.38114E-5 2.41987E-5 6.69611E-5 7.44572E-5 1.45503E-4 -9999 -9999 -9999 1.10443E-4 6.96967E-5
-9999 -9999 -9999 -9999 -9999 -9999 -9999 -9999 -9999 -9999 -9999 -9999 -9999 -9999 -9999 -9999 -9999 -9999 -9999 -9999 -9999 -9999 -9999 -9999 -9999 -9999 -9999 -9999 -9999 9.86106E-5 6.69945E-5 8.2063E-5 3.33364E-6 2.49459E-6 3.72836E-6 6.00269E-6 1.21569E-5 1.34599E-6 8.09046E-7 2.5376E-6 4.40589E-6 7.06707E-6 2.58567E-6 1.28973E-5 1.06007E-5 3.27402E-6 1.67377E-5 1.75329E-5 5.17226E-7 1.26314E-6 3.50298E-6 6.6172E-7 1.96943E-6 2.73454E-5 2.16588E-5 3.78544E-5 1.73648E-5 1.55788E-5 7.5181E-6 1.85483E-5 3.61562E-5 -9999 -9999 -9999 -9999 1.1429E-6
-9999 -9999 -9999 -9999 -9999 -9999 -9999 -9999 -9999 -9999 -9999 -9999 -9999 -9999 -9999 -9999 -9999 -9999 -9999 -9999 -9999 -9999 -9999 -9999 -9999 -9999 -9999 -9999 -9999 -9999 -9999 9.76392E-5 3.33031E-5 1.86377E-6 8.44201E-7 4.34854E-6 1.20053E-6 8.37124E-6 5.38423E-6 2.69412E-5 3.5576E-5 4.03318E-6 2.02757E-6 3.08517E-6 1.8129E-6 3.84381E-6 1.01635E-5 1.6336E-5 6.8836E-6 9.67267E-6 1.34073E-5 1.50746E-5 1.57708E-5 9.44497E-6 1.97143E-5 8.5804E-6 1.24896E-5 2.04475E-5 9.30447E-6 1.74871E-6 9.07977E-7 -9999 -9999 -9999 3.83738E-5 1.93144E-6
-9999 -9999 -9999 -9999 -9999 -9999 -9999 -9999 -9999 -9999 -9999 -9999 -9999 -9999 -9999 -9999 -9999 -9999 -9999 -9999 -9999 -9999 -9999 -9999 -9999 -9999 -9999 -9999 -9999 -9999 -9999 -9999 -9999 3.17316E-5 5.15498E-6 1.94871E-5 1.35985E-5 2.43978E-6 3.2463E-5 5.47549E-6 2.5847E-6 1.87697E-6 1.00135E-5 2.00369E-6 5.16466E-6 8.73818E-7 4.08781E-6 4.8171E-6 9.44188E-6 1.90299E-6 1.61572E-5 7.93468E-6 1.66877E-6 8.00826E-6 1.23968E-5 2.01231E-5 1.93274E-5 6.23757E-6 6.26284E-6 8.81825E-6 4.53242E-6 4.07151E-5 -9999 -9999 -9999 1.44847E-4
