catData/rasterBestHybridModels/Pviverrinus/RD_RM2_LQ/Pviverrinus_min.asc
ncols         409
nrows         350
xllcorner     60.897278365
yllcorner     5.843756025
cellsize      0.0892857
NODATA_value  -9999
[rows 87 to 115 of 350, columns 66 to 131 of 409]
8.44991E-10 1.12583E-9 4.21305E-9 7.3792E-9 6.67625E-9 4.67991E-9 1.70354E-7 2.04566E-6 3.12989E-6 3.05916E-6 3.41338E-6 3.6092E-6 3.43804E-6 3.43205E-6 3.45147E-6 3.26187E-6 2.80516E-6 1.95502E-6 1.12823E-6 7.79564E-7 5.25938E-7 2.72984E-7 2.95891E-7 4.71216E-7 3.91356E-7 2.8689E-7 2.16037E-7 2.42574E-7 2.92287E-7 3.28581E-7 3.55634E-7 3.53876E-7 3.68044E-7 5.39591E-7 8.94066E-7 2.55699E-6 4.37759E-6 5.74533E-6 8.30768E-6 1.321E-5 1.64387E-5 1.69969E-5 1.84755E-5 1.93371E-5 1.66164E-5 1.60976E-5 1.46089E-5 1.56781E-5 1.33225E-5 1.47512E-5 1.37821E-5 1.4818E-5 1.5898E-5 1.21696E-5 1.00781E-5 8.60015E-6 7.45372E-6 8.88931E-6 6.925E-6 6.49668E-6 6.51241E-6 6.75678E-6 7.30054E-6 6.94825E-6 7.17341E-6 7.65872E-6
4.38054E-10 2.40929E-10 5.54733E-10 1.54022E-9 7.44151E-9 9.64044E-9 7.94474E-7 2.12694E-6 3.39574E-6 3.3841E-6 3.60043E-6 4.2786E-6 3.57827E-6 3.49494E-6 3.46007E-6 3.31943E-6 3.152E-6 2.84864E-6 1.44919E-6 6.7517E-7 1.0336E-6 7.648E-7 5.17879E-7 4.53763E-7 4.18421E-7 3.43584E-7 3.20257E-7 3.30218E-7 3.11349E-7 3.76866E-7 5.03944E-7 3.94023E-7 4.87933E-7 8.23006E-7 1.53843E-6 3.65813E-6 5.07415E-6 6.06588E-6 8.31786E-6 1.3856E-5 1.61794E-5 1.84753E-5 2.0769E-5 1.79476E-5 1.62854E-5 1.5577E-5 1.54989E-5 1.73728E-5 1.20168E-5 1.19353E-5 1.31593E-5 1.50542E-5 1.23868E-5 1.06191E-5 9.03588E-6 9.40106E-6 9.96541E-6 8.04485E-6 6.85827E-6 6.52446E-6 6.7435E-6 7.42276E-6 8.56599E-6 8.37222E-6 7.88983E-6 7.87634E-6
1.77657E-10 7.53739E-10 1.20984E-9 1.55553E-9 4.44981E-9 5.07649E-8 1.11732E-6 2.37729E-6 3.28479E-6 3.45615E-6 3.7402E-6 3.91126E-6 3.66536E-6 3.54568E-6 3.53949E-6 3.498E-6 3.30643E-6 2.75163E-6 2.13676E-6 2.01031E-6 1.84053E-6 1.70552E-6 1.61282E-6 1.31372E-6 6.55996E-7 3.96832E-7 3.09037E-7 3.81128E-7 5.37818E-7 6.5571E-7 8.28394E-7 6.93625E-7 4.08876E-7 1.04216E-6 3.16049E-6 4.81474E-6 5.96024E-6 6.78691E-6 8.26497E-6 1.21529E-5 1.60022E-5 1.94337E-5 1.9696E-5 1.96153E-5 1.74594E-5 1.56989E-5 1.74693E-5 1.54605E-5 9.9659E-6 1.02705E-5 1.14469E-5 1.43447E-5 1.23797E-5 1.3804E-5 1.31625E-5 1.14651E-5 9.10822E-6 6.64642E-6 6.44901E-6 6.63245E-6 6.71013E-6 7.21328E-6 7.13111E-6 6.70522E-6 7.08483E-6 7.34624E-6
1.63307E-10 1.36588E-9 6.18244E-9 1.19378E-8 9.75625E-9 2.17858E-7 1.04775E-6 2.97897E-6 3.34601E-6 3.52839E-6 3.67976E-6 3.77566E-6 3.67377E-6 3.53317E-6 3.51951E-6 3.4998E-6 3.44302E-6 3.20835E-6 2.54836E-6 2.0191E-6 1.42224E-6 1.14824E-6 1.2059E-6 1.36224E-6 1.24826E-6 1.00453E-6 9.88755E-7 9.76096E-7 1.06578E-6 1.13783E-6 1.2944E-6 1.09256E-6 8.92061E-7 2.23754E-6 4.17325E-6 5.27031E-6 6.36651E-6 7.21404E-6 8.70489E-6 1.6302E-5 2.03314E-5 2.08122E-5 1.95114E-5 2.19724E-5 1.86695E-5 1.97318E-5 1.56934E-5 1.38571E-5 8.41619E-6 7.80179E-6 1.20674E-5 1.20803E-5 8.36903E-6 9.22224E-6 8.47199E-6 7.10838E-6 6.17889E-6 6.08629E-6 6.17353E-6 6.25612E-6 6.27957E-6 6.56872E-6 6.70064E-6 6.49083E-6 7.03349E-6 7.33438E-6
2.41858E-10 2.19048E-9 2.21238E-8 2.75857E-8 2.89339E-8 3.48562E-7 1.19368E-6 3.37395E-6 3.50508E-6 3.54134E-6 3.67562E-6 3.79939E-6 3.7325E-6 3.61384E-6 3.62624E-6 3.59305E-6 3.55329E-6 3.41424E-6 2.93894E-6 2.77909E-6 1.82207E-6 8.4876E-7 6.9847E-7 9.05047E-7 9.41776E-7 6.98348E-7 8.96173E-7 1.35201E-6 1.63488E-6 1.80232E-6 1.82465E-6 1.89786E-6 2.5031E-6 3.30402E-6 4.55618E-6 5.67679E-6 6.69029E-6 7.91493E-6 1.11572E-5 1.88212E-5 1.8349E-5 2.1083E-5 2.20356E-5 2.32557E-5 2.17472E-5 2.13544E-5 1.65701E-5 1.37809E-5 8.25747E-6 7.21226E-6 7.34967E-6 7.2888E-6 7.07743E-6 6.71108E-6 6.49876E-6 6.22444E-6 6.06862E-6 6.18437E-6 6.204E-6 6.19422E-6 6.28321E-6 6.38548E-6 6.55343E-6 6.6189E-6 7.22331E-6 7.50567E-6
8.40408E-10 1.37703E-9 7.59353E-9 2.44027E-8 1.05364E-7 6.18496E-7 1.76133E-6 3.71582E-6 3.53173E-6 3.52572E-6 3.62384E-6 3.7726E-6 3.82128E-6 3.73721E-6 3.82933E-6 3.82407E-6 3.7334E-6 3.62022E-6 3.30557E-6 3.14136E-6 2.93219E-6 2.38331E-6 1.73424E-6 1.54689E-6 1.78416E-6 1.75939E-6 1.69622E-6 2.0133E-6 2.15466E-6 2.2172E-6 2.48644E-6 2.73517E-6 3.00407E-6 3.84083E-6 5.09766E-6 6.38413E-6 8.37029E-6 1.08994E-5 1.64257E-5 1.57765E-5 2.13749E-5 2.16926E-5 2.39772E-5 2.35468E-5 1.75913E-5 1.71869E-5 1.33455E-5 1.16106E-5 7.97506E-6 7.03551E-6 6.89025E-6 6.45305E-6 6.16735E-6 6.03962E-6 5.96802E-6 6.16746E-6 6.21741E-6 6.27395E-6 6.29111E-6 6.25394E-6 6.34115E-6 6.43138E-6 6.52386E-6 6.83245E-6 7.22232E-6 7.76574E-6
1.38406E-9 1.53253E-9 7.01084E-9 9.62023E-9 7.41332E-8 8.36533E-7 2.95205E-6 3.47554E-6 3.53287E-6 3.55609E-6 3.68389E-6 3.80801E-6 3.87701E-6 3.88409E-6 3.98771E-6 4.05349E-6 4.06449E-6 3.98309E-6 3.70469E-6 3.30642E-6 3.0644E-6 2.75421E-6 2.52225E-6 2.31841E-6 2.29817E-6 2.28712E-6 2.30109E-6 2.54657E-6 2.61435E-6 2.62078E-6 3.00771E-6 3.47238E-6 3.68633E-6 4.64316E-6 5.77346E-6 7.45645E-6 1.18426E-5 1.48342E-5 1.8637E-5 2.04948E-5 2.05514E-5 2.17313E-5 2.42788E-5 2.29443E-5 1.74068E-5 1.61449E-5 1.2413E-5 7.82411E-6 7.64516E-6 6.96588E-6 6.64721E-6 6.09985E-6 5.81839E-6 5.88682E-6 5.86337E-6 5.94339E-6 6.0812E-6 6.0647E-6 6.10089E-6 6.21392E-6 6.24371E-6 6.34965E-6 6.6115E-6 6.84943E-6 7.2332E-6 7.72668E-6
1.20805E-9 2.15744E-9 6.73884E-9 1.26816E-8 1.31101E-7 1.51986E-6 3.35661E-6 3.41033E-6 3.57877E-6 3.66706E-6 3.78763E-6 3.95817E-6 4.02361E-6 4.07153E-6 4.11388E-6 4.28203E-6 4.56926E-6 4.91121E-6 6.35269E-6 4.81079E-6 3.63004E-6 3.24668E-6 2.89558E-6 2.65133E-6 2.64235E-6 2.69857E-6 2.58156E-6 2.77238E-6 2.95422E-6 3.31706E-6 3.7755E-6 4.31868E-6 4.88172E-6 5.67063E-6 7.06578E-6 1.166E-5 1.6728E-5 1.69305E-5 1.97626E-5 1.88385E-5 1.82628E-5 2.18516E-5 2.29891E-5 1.8273E-5 1.38928E-5 1.03315E-5 9.93495E-6 8.54658E-6 7.1418E-6 6.65293E-6 6.33569E-6 5.99583E-6 5.86566E-6 5.89009E-6 5.89418E-6 5.85704E-6 5.91382E-6 5.92199E-6 5.94572E-6 6.08601E-6 6.26082E-6 6.36026E-6 6.46495E-6 7.04635E-6 6.84889E-6 7.01374E-6
3.65029E-9 4.62227E-9 1.66801E-8 4.20919E-8 1.9581E-7 1.93192E-6 3.40114E-6 3.58305E-6 3.71796E-6 3.78657E-6 3.93191E-6 4.14821E-6 4.39389E-6 4.37797E-6 4.59634E-6 5.97351E-6 8.47717E-6 9.72803E-6 1.1402E-5 8.5779E-6 5.20611E-6 4.21201E-6 3.7007E-6 3.4483E-6 3.45149E-6 3.46415E-6 3.4982E-6 3.45962E-6 3.73305E-6 4.37175E-6 4.89625E-6 5.19862E-6 5.58656E-6 7.60389E-6 1.22532E-5 1.44235E-5 1.87956E-5 1.88214E-5 1.85861E-5 1.78537E-5 2.11196E-5 1.66957E-5 1.89428E-5 1.96705E-5 1.03968E-5 8.61276E-6 8.21452E-6 7.17554E-6 6.5383E-6 6.11197E-6 6.00492E-6 5.93877E-6 5.89476E-6 5.87815E-6 5.92664E-6 5.90177E-6 5.86795E-6 5.89995E-6 5.95689E-6 6.08305E-6 6.33509E-6 6.44205E-6 6.50369E-6 6.57899E-6 6.69788E-6 6.83852E-6
6.49431E-9 6.45436E-9 1.7026E-8 9.31401E-8 2.29024E-7 1.6302E-6 3.05762E-6 3.54133E-6 3.87522E-6 3.92936E-6 4.29332E-6 5.86208E-6 7.18959E-6 8.21124E-6 9.00932E-6 1.00386E-5 1.04655E-5 1.00549E-5 9.47637E-6 1.05179E-5 9.59437E-6 7.59396E-6 7.24043E-6 7.14399E-6 6.89774E-6 6.69145E-6 8.09281E-6 6.46798E-6 6.05161E-6 8.15395E-6 1.14422E-5 9.31514E-6 9.65997E-6 1.36942E-5 1.56961E-5 1.8362E-5 1.58494E-5 1.68215E-5 1.46609E-5 1.41679E-5 1.85123E-5 1.61137E-5 1.18633E-5 1.04713E-5 7.37764E-6 6.90214E-6 6.63324E-6 6.1476E-6 6.05663E-6 5.965E-6 5.99539E-6 5.97072E-6 5.90002E-6 5.8526E-6 5.87503E-6 5.89754E-6 5.82935E-6 5.9007E-6 6.0199E-6 6.28834E-6 6.52113E-6 6.3733E-6 6.29946E-6 6.37733E-6 6.74163E-6 7.77852E-6
7.86785E-9 5.44743E-9 1.41613E-8 4.57756E-8 5.72394E-7 1.62108E-6 2.46087E-6 3.61141E-6 3.7783E-6 4.08094E-6 4.77961E-6 6.95962E-6 8.19222E-6 9.71728E-6 1.06585E-5 1.13376E-5 1.08181E-5 8.4035E-6 8.99085E-6 8.57179E-6 1.13654E-5 1.16636E-5 1.10103E-5 1.2807E-5 1.28804E-5 1.31839E-5 1.43222E-5 1.49115E-5 1.46239E-5 1.49542E-5 1.4241E-5 1.3857E-5 1.40554E-5 1.72837E-5 1.79118E-5 1.75205E-5 1.36704E-5 1.19459E-5 1.41397E-5 1.29156E-5 1.46114E-5 9.76782E-6 7.91585E-6 6.65701E-6 6.25338E-6 6.12809E-6 6.07412E-6 5.91947E-6 5.94895E-6 5.8814E-6 5.79644E-6 5.87648E-6 5.91405E-6 5.89006E-6 6.00494E-6 5.89297E-6 5.80922E-6 6.01274E-6 6.22792E-6 6.51377E-6 6.67885E-6 6.39509E-6 6.63512E-6 6.80981E-6 7.14352E-6 7.30449E-6
3.50122E-9 6.69889E-9 1.54494E-8 3.89662E-8 3.70573E-7 4.82367E-7 2.98203E-6 3.81082E-6 3.99993E-6 4.30714E-6 4.76837E-6 6.99568E-6 7.76809E-6 8.99399E-6 9.73859E-6 1.00057E-5 1.01438E-5 7.7604E-6 1.02971E-5 8.71336E-6 8.35651E-6 9.79027E-6 1.17793E-5 1.39E-5 1.32658E-5 1.2864E-5 1.20773E-5 1.43858E-5 1.43157E-5 1.41279E-5 1.32176E-5 1.27067E-5 1.36633E-5 1.54299E-5 1.40007E-5 1.4315E-5 1.10804E-5 1.19129E-5 1.31969E-5 1.26919E-5 9.11247E-6 6.83E-6 5.94956E-6 5.70216E-6 5.7698E-6 5.97208E-6 6.05445E-6 5.91221E-6 5.93423E-6 5.83268E-6 5.71773E-6 5.78852E-6 6.02141E-6 6.10659E-6 6.09849E-6 5.94059E-6 5.91661E-6 6.04169E-6 6.19277E-6 6.3117E-6 6.38673E-6 6.28306E-6 6.40764E-6 6.56174E-6 7.26397E-6 6.92358E-6
4.86158E-9 1.55049E-8 1.32156E-8 4.21157E-8 3.68227E-7 2.24501E-7 2.31767E-6 3.85093E-6 4.11181E-6 4.7038E-6 4.82465E-6 6.96813E-6 8.86099E-6 9.68656E-6 1.03815E-5 1.14912E-5 1.01944E-5 1.07872E-5 1.09651E-5 1.16905E-5 1.10396E-5 1.09453E-5 1.08158E-5 1.17752E-5 1.23774E-5 1.39365E-5 1.48734E-5 1.31698E-5 1.18142E-5 1.22067E-5 1.17022E-5 1.1994E-5 1.495E-5 1.35649E-5 1.01844E-5 1.08521E-5 1.08877E-5 1.04402E-5 1.16507E-5 8.81334E-6 6.8152E-6 5.87336E-6 5.56461E-6 5.64315E-6 5.82035E-6 6.00513E-6 6.04971E-6 5.95889E-6 5.78852E-6 5.82708E-6 5.82928E-6 5.86799E-6 6.09314E-6 6.14877E-6 6.09115E-6 6.0132E-6 6.0364E-6 6.23295E-6 6.1101E-6 6.11542E-6 6.93342E-6 6.43662E-6 6.53516E-6 6.59874E-6 7.07645E-6 7.16462E-6
2.69162E-8 1.16418E-8 1.20036E-8 8.93669E-8 1.21394E-7 3.93109E-7 2.1123E-6 3.80249E-6 4.18462E-6 6.39111E-6 7.61947E-6 8.94367E-6 1.00232E-5 1.05792E-5 1.11526E-5 1.146E-5 1.22063E-5 1.26553E-5 1.22528E-5 1.26147E-5 1.2878E-5 1.27369E-5 1.25269E-5 1.22321E-5 1.44258E-5 1.50793E-5 1.33097E-5 1.24545E-5 1.25164E-5 1.38818E-5 1.42278E-5 1.46921E-5 1.50195E-5 1.39116E-5 1.05292E-5 9.02855E-6 9.47953E-6 7.80064E-6 7.49707E-6 6.96001E-6 5.76993E-6 5.3953E-6 5.57764E-6 5.73019E-6 5.77759E-6 5.92409E-6 5.96984E-6 5.99373E-6 5.90212E-6 5.93407E-6 5.91686E-6 6.0299E-6 6.30483E-6 6.40257E-6 6.39717E-6 6.32801E-6 6.29706E-6 6.24823E-6 6.07987E-6 6.21545E-6 7.47868E-6 7.30036E-6 7.36598E-6 7.19279E-6 7.34318E-6 7.4008E-6
1.69574E-8 2.02748E-8 4.64583E-8 2.14535E-7 9.60391E-8 3.38822E-7 7.86886E-7 3.16144E-6 4.94642E-6 7.17176E-6 8.99996E-6 9.50331E-6 9.92133E-6 1.01875E-5 9.76025E-6 1.06811E-5 1.16765E-5 1.10561E-5 8.40718E-6 9.67016E-6 1.07867E-5 1.19719E-5 1.23099E-5 1.38688E-5 1.3431E-5 1.2188E-5 1.37551E-5 1.51122E-5 1.44339E-5 1.53162E-5 1.40718E-5 1.37661E-5 1.28893E-5 1.32831E-5 1.07803E-5 6.8879E-6 5.94344E-6 5.88231E-6 6.45287E-6 5.79834E-6 5.17595E-6 5.04567E-6 5.4428E-6 5.62461E-6 5.707E-6 5.73854E-6 5.81377E-6 5.99119E-6 5.88427E-6 5.91785E-6 6.29329E-6 6.45938E-6 6.56909E-6 6.61606E-6 6.41287E-6 6.22978E-6 6.2834E-6 6.2603E-6 6.00425E-6 6.21811E-6 7.32511E-6 7.98234E-6 7.57417E-6 7.05246E-6 7.45735E-6 6.18165E-6
7.88682E-9 4.23727E-8 4.39626E-8 4.73468E-8 1.02023E-7 3.00513E-7 4.2605E-7 1.91034E-6 6.48115E-6 9.76933E-6 1.02199E-5 1.0594E-5 1.05328E-5 1.05809E-5 1.1084E-5 1.25992E-5 1.35313E-5 1.21303E-5 8.35246E-6 1.14205E-5 1.10601E-5 1.29516E-5 1.33655E-5 1.35114E-5 1.19285E-5 1.27418E-5 1.26964E-5 1.40353E-5 1.38629E-5 1.37072E-5 1.34068E-5 1.42749E-5 1.27678E-5 8.83864E-6 7.03088E-6 5.66999E-6 5.60757E-6 5.67798E-6 5.43593E-6 4.91556E-6 4.79571E-6 4.88027E-6 4.96853E-6 5.42917E-6 5.54637E-6 5.54409E-6 5.65984E-6 5.89333E-6 6.07662E-6 6.04391E-6 6.45318E-6 6.79044E-6 6.9078E-6 6.67735E-6 6.41286E-6 6.13028E-6 6.05878E-6 6.11864E-6 5.84892E-6 5.87836E-6 6.89776E-6 7.73893E-6 7.47927E-6 7.46928E-6 6.21695E-6 5.85606E-6
1.12791E-8 2.73406E-8 2.41536E-8 1.96351E-8 1.01259E-7 1.69693E-7 3.0202E-7 5.64888E-7 6.43312E-6 9.95302E-6 8.96556E-6 8.48023E-6 1.0515E-5 1.29897E-5 1.35925E-5 1.33789E-5 1.34069E-5 1.41363E-5 1.29642E-5 1.34215E-5 1.32139E-5 1.34827E-5 1.30933E-5 1.18786E-5 1.42236E-5 1.4803E-5 1.26949E-5 1.313E-5 1.32227E-5 1.28491E-5 1.31688E-5 1.33059E-5 8.45518E-6 6.035E-6 5.05428E-6 5.14815E-6 5.08879E-6 5.04129E-6 4.77812E-6 4.76053E-6 4.70454E-6 4.76283E-6 4.79608E-6 5.0954E-6 5.45497E-6 5.57942E-6 5.63781E-6 5.83601E-6 6.16483E-6 6.31073E-6 6.64111E-6 6.75553E-6 6.39694E-6 6.10077E-6 6.01524E-6 5.83188E-6 5.88922E-6 6.01311E-6 5.93106E-6 5.93193E-6 7.77758E-6 7.35586E-6 6.15071E-6 5.97161E-6 5.85926E-6 5.71487E-6
2.91866E-8 3.1896E-8 4.90288E-8 5.67761E-8 1.5553E-7 1.46154E-7 3.0346E-7 1.71784E-6 5.29219E-6 8.63004E-6 7.22258E-6 1.01348E-5 1.21567E-5 1.26628E-5 1.23428E-5 1.19054E-5 1.26737E-5 1.38887E-5 1.40825E-5 1.30752E-5 1.05849E-5 1.28196E-5 1.31711E-5 1.3096E-5 1.27572E-5 1.25143E-5 1.1686E-5 1.18489E-5 1.17973E-5 1.07139E-5 1.12401E-5 9.19679E-6 6.45877E-6 4.83464E-6 4.78977E-6 4.89351E-6 4.86544E-6 4.80293E-6 4.85442E-6 4.77712E-6 4.65409E-6 4.70644E-6 4.75366E-6 4.77973E-6 5.38894E-6 5.60485E-6 5.69448E-6 5.77011E-6 5.84759E-6 6.28652E-6 6.52449E-6 6.23493E-6 5.73951E-6 5.536E-6 5.54922E-6 5.58211E-6 6.01494E-6 6.1777E-6 5.87961E-6 5.73048E-6 5.76513E-6 5.61743E-6 5.66012E-6 5.70778E-6 5.73604E-6 5.59304E-6
4.04157E-8 2.98514E-8 3.51353E-8 5.79266E-8 6.07827E-8 1.50278E-7 8.32109E-7 3.29578E-6 4.55638E-6 6.81737E-6 8.15616E-6 1.14601E-5 1.25239E-5 1.25215E-5 1.266E-5 1.2927E-5 1.40858E-5 1.48299E-5 1.15924E-5 1.11697E-5 1.2431E-5 1.53257E-5 1.26037E-5 1.17372E-5 1.06023E-5 1.05557E-5 9.21674E-6 9.22131E-6 6.58473E-6 6.2621E-6 7.09856E-6 5.49781E-6 4.80567E-6 4.56486E-6 4.79917E-6 4.71725E-6 4.76404E-6 4.73876E-6 4.75222E-6 4.65288E-6 4.58789E-6 4.63474E-6 4.70421E-6 4.84738E-6 5.04997E-6 5.23616E-6 5.40602E-6 5.79229E-6 6.12518E-6 6.32478E-6 6.20489E-6 5.59428E-6 5.21055E-6 5.08787E-6 5.08715E-6 5.26519E-6 5.50543E-6 5.73174E-6 6.13565E-6 5.60531E-6 5.59893E-6 5.55897E-6 5.65699E-6 5.50631E-6 5.35595E-6 5.19977E-6
2.86688E-8 2.09505E-8 2.28817E-8 2.48755E-8 1.7403E-8 2.07045E-7 2.04781E-6 3.58878E-6 4.47237E-6 7.18454E-6 9.98243E-6 1.17187E-5 1.23818E-5 1.29285E-5 1.32579E-5 1.27475E-5 1.30639E-5 1.00776E-5 1.16497E-5 1.52561E-5 1.63162E-5 1.59812E-5 1.4052E-5 1.14855E-5 7.9041E-6 9.41155E-6 5.82187E-6 6.15296E-6 5.32544E-6 5.21382E-6 5.03141E-6 4.74108E-6 4.44394E-6 4.45677E-6 4.62217E-6 4.59049E-6 4.51423E-6 4.63796E-6 4.63787E-6 4.55982E-6 4.56766E-6 4.71085E-6 4.86495E-6 5.04612E-6 5.22368E-6 5.37673E-6 5.62943E-6 5.92698E-6 5.98367E-6 5.90809E-6 5.32725E-6 4.93309E-6 4.81084E-6 4.75082E-6 4.75542E-6 5.14679E-6 5.46265E-6 5.51998E-6 5.6037E-6 5.55318E-6 5.7508E-6 5.84593E-6 5.8196E-6 5.61784E-6 5.3862E-6 5.14892E-6
4.56438E-8 3.82436E-8 4.13649E-8 3.85326E-8 1.71343E-8 3.67895E-7 2.5798E-6 3.8131E-6 4.87643E-6 8.93844E-6 1.06457E-5 1.10671E-5 1.18519E-5 1.30183E-5 1.35355E-5 1.39588E-5 1.36385E-5 1.06049E-5 1.41306E-5 1.5961E-5 1.5477E-5 1.1777E-5 1.18038E-5 8.72722E-6 8.20793E-6 9.32764E-6 6.02111E-6 5.06949E-6 4.71299E-6 4.64677E-6 4.54473E-6 4.39488E-6 4.31588E-6 4.44765E-6 4.53132E-6 4.3081E-6 4.38905E-6 4.56844E-6 4.68211E-6 4.67161E-6 4.77417E-6 5.07977E-6 5.35256E-6 5.58165E-6 5.44963E-6 5.1673E-6 5.38707E-6 5.7584E-6 5.64529E-6 5.23179E-6 4.69568E-6 4.69901E-6 4.72969E-6 4.56137E-6 4.73977E-6 5.05354E-6 5.36971E-6 5.33881E-6 5.32213E-6 5.43662E-6 5.70607E-6 5.9683E-6 6.04698E-6 6.01218E-6 5.62764E-6 5.11046E-6
7.76542E-8 9.83343E-8 1.12705E-7 8.92733E-8 5.50107E-8 7.90228E-7 3.04858E-6 4.13889E-6 5.14699E-6 7.78439E-6 1.0299E-5 1.11985E-5 1.19913E-5 1.29002E-5 1.37215E-5 1.34936E-5 1.18872E-5 1.38207E-5 1.58983E-5 1.42939E-5 1.33023E-5 1.18518E-5 9.64814E-6 6.9757E-6 8.38037E-6 7.38182E-6 5.47348E-6 4.77603E-6 4.57873E-6 4.45553E-6 4.42161E-6 4.35134E-6 4.30155E-6 4.4305E-6 4.37699E-6 4.42597E-6 4.46499E-6 4.46834E-6 4.53776E-6 4.7683E-6 5.07627E-6 5.50786E-6 5.54242E-6 5.59104E-6 5.32779E-6 5.641E-6 4.11383E-6 5.46455E-6 5.13692E-6 4.49614E-6 4.36843E-6 4.64686E-6 4.46537E-6 4.43756E-6 4.52113E-6 4.83537E-6 5.08545E-6 5.17809E-6 5.17523E-6 5.20843E-6 5.33095E-6 5.99043E-6 6.27461E-6 6.12365E-6 5.56554E-6 5.0448E-6
9.35146E-8 1.64612E-7 2.65039E-7 1.12852E-7 1.78331E-7 1.19584E-6 3.36007E-6 4.16628E-6 5.10802E-6 8.89634E-6 1.18367E-5 1.26809E-5 1.30831E-5 1.37736E-5 1.36526E-5 1.00218E-5 8.95008E-6 1.26821E-5 1.42242E-5 1.22048E-5 1.3683E-5 8.48986E-6 5.91865E-6 6.34432E-6 7.6353E-6 8.21651E-6 5.29216E-6 4.65884E-6 4.55885E-6 4.40088E-6 4.3552E-6 4.35558E-6 4.34356E-6 4.20342E-6 4.26604E-6 4.44325E-6 4.37204E-6 4.34839E-6 4.5562E-6 4.92082E-6 5.05914E-6 5.10824E-6 5.09663E-6 4.92009E-6 4.96839E-6 5.10471E-6 5.23595E-6 5.32513E-6 4.66459E-6 4.53848E-6 4.59953E-6 4.38369E-6 4.27489E-6 4.3478E-6 4.55675E-6 4.7644E-6 4.98982E-6 4.94504E-6 4.96034E-6 5.0095E-6 5.25501E-6 5.90478E-6 6.51983E-6 6.51871E-6 5.79641E-6 5.32549E-6
4.7192E-8 1.5579E-7 3.15882E-7 6.51402E-8 1.41081E-7 1.67077E-6 3.77977E-6 4.32153E-6 5.08826E-6 8.24613E-6 1.06025E-5 1.22748E-5 1.34704E-5 1.41845E-5 1.13491E-5 9.91713E-6 1.2949E-5 1.44381E-5 1.38605E-5 1.37646E-5 1.37686E-5 7.59922E-6 5.00745E-6 5.34255E-6 6.50968E-6 8.38468E-6 5.1427E-6 4.45404E-6 4.40405E-6 4.3511E-6 4.31221E-6 4.36964E-6 4.08044E-6 4.27133E-6 4.28793E-6 4.43555E-6 4.28136E-6 4.14007E-6 4.22001E-6 4.58515E-6 4.63274E-6 4.52798E-6 4.32099E-6 4.09814E-6 4.27533E-6 4.44296E-6 4.8184E-6 4.94458E-6 4.73138E-6 4.89308E-6 4.65236E-6 4.41399E-6 4.23977E-6 4.29601E-6 4.39078E-6 4.64486E-6 4.74599E-6 4.70469E-6 4.62952E-6 4.64704E-6 5.02566E-6 5.8089E-6 6.62992E-6 6.55735E-6 5.60818E-6 5.21562E-6
4.57648E-8 9.36932E-8 3.13911E-7 1.49365E-7 8.99547E-8 1.90259E-6 4.13134E-6 4.68203E-6 5.2412E-6 7.97889E-6 1.09252E-5 1.26631E-5 1.33201E-5 1.24172E-5 1.0318E-5 1.33158E-5 1.46006E-5 1.54418E-5 1.21779E-5 1.40917E-5 1.40753E-5 6.31906E-6 4.33193E-6 4.76479E-6 7.40803E-6 6.83988E-6 4.59902E-6 4.20208E-6 4.20265E-6 4.26575E-6 4.4102E-6 4.11482E-6 4.15504E-6 4.22979E-6 4.0978E-6 4.45138E-6 4.36088E-6 4.27236E-6 4.12957E-6 4.25391E-6 4.15045E-6 3.91383E-6 3.87033E-6 3.76287E-6 3.9162E-6 4.11325E-6 4.56136E-6 4.46982E-6 4.39338E-6 4.54493E-6 4.6175E-6 4.31125E-6 4.20046E-6 4.2961E-6 4.37427E-6 4.43246E-6 4.46294E-6 4.48694E-6 4.5623E-6 5.05324E-6 5.12538E-6 5.66087E-6 5.88563E-6 5.4598E-6 4.84559E-6 4.94368E-6
1.13518E-7 1.73665E-7 4.66819E-7 2.30269E-7 1.57112E-7 2.0624E-6 4.33654E-6 4.57633E-6 5.74912E-6 8.45416E-6 1.18263E-5 1.38858E-5 1.29515E-5 1.16104E-5 1.26817E-5 1.53924E-5 1.56732E-5 1.52512E-5 1.05761E-5 1.32745E-5 9.64088E-6 4.62204E-6 3.77333E-6 5.09958E-6 8.46663E-6 5.31934E-6 4.44118E-6 4.26851E-6 4.25744E-6 4.2961E-6 4.28369E-6 4.09987E-6 3.97519E-6 4.03595E-6 4.10507E-6 4.37195E-6 4.29702E-6 4.22592E-6 4.11013E-6 4.02442E-6 3.82768E-6 3.54146E-6 3.49524E-6 3.75595E-6 4.40624E-6 4.56941E-6 4.36407E-6 4.07135E-6 3.8793E-6 4.30998E-6 4.27624E-6 4.57486E-6 4.49838E-6 4.4992E-6 4.36401E-6 4.50834E-6 4.86719E-6 5.01064E-6 4.97173E-6 5.09418E-6 4.94792E-6 4.98541E-6 5.4799E-6 4.70454E-6 4.32184E-6 4.55983E-6
1.50738E-7 1.14756E-7 2.60245E-7 6.01336E-7 7.22821E-7 2.07212E-6 5.08656E-6 5.54301E-6 5.53025E-6 8.13555E-6 1.08853E-5 1.31458E-5 1.31708E-5 1.25545E-5 1.61432E-5 1.61744E-5 1.48676E-5 1.47894E-5 1.50434E-5 1.02212E-5 6.08808E-6 4.1949E-6 4.09639E-6 6.37385E-6 8.74858E-6 4.70252E-6 4.32661E-6 4.28411E-6 4.47226E-6 4.47118E-6 4.34094E-6 4.03362E-6 4.03365E-6 4.07237E-6 4.10508E-6 4.1262E-6 4.42314E-6 4.29604E-6 4.14095E-6 4.06117E-6 3.95708E-6 3.62619E-6 3.61512E-6 3.94225E-6 4.04755E-6 3.66222E-6 3.38273E-6 3.24779E-6 3.70809E-6 4.16128E-6 4.36676E-6 4.60748E-6 4.55129E-6 4.42652E-6 4.39546E-6 4.5179E-6 4.64977E-6 5.00949E-6 5.12879E-6 5.45644E-6 5.29149E-6 4.89666E-6 4.54173E-6 4.29636E-6 3.94588E-6 4.15131E-6
1.20951E-7 1.45931E-7 2.44073E-7 2.06963E-7 1.00117E-6 3.1883E-6 5.10052E-6 5.9657E-6 5.50396E-6 7.3347E-6 9.88734E-6 1.27264E-5 1.17631E-5 1.53878E-5 1.593E-5 1.67281E-5 1.54021E-5 1.53755E-5 1.01388E-5 7.50455E-6 4.95331E-6 4.21248E-6 4.3476E-6 6.27674E-6 6.77504E-6 4.71489E-6 4.29634E-6 4.37904E-6 4.42093E-6 4.56365E-6 4.40912E-6 4.23769E-6 4.3203E-6 4.48521E-6 4.40641E-6 4.25819E-6 4.30651E-6 4.41842E-6 4.48782E-6 4.33108E-6 4.09071E-6 3.74481E-6 3.66467E-6 3.75741E-6 3.51058E-6 3.19372E-6 2.98891E-6 3.26866E-6 3.67732E-6 3.77215E-6 4.1019E-6 4.44111E-6 3.83413E-6 3.84506E-6 3.97284E-6 4.48925E-6 4.74098E-6 4.86994E-6 5.01356E-6 5.24025E-6 5.30897E-6 5.19694E-6 4.85031E-6 4.47745E-6 4.23617E-6 3.93412E-6
1.35118E-7 2.45738E-7 6.04131E-7 2.36934E-7 6.56317E-7 3.30385E-6 5.63207E-6 6.12627E-6 5.98585E-6 8.15689E-6 9.05824E-6 1.08272E-5 1.19625E-5 1.53833E-5 1.71169E-5 1.82375E-5 1.58189E-5 1.16849E-5 6.91634E-6 5.38142E-6 4.58656E-6 4.32918E-6 4.56303E-6 7.098E-6 5.10405E-6 5.02518E-6 4.6989E-6 4.74556E-6 4.77734E-6 4.71224E-6 4.64157E-6 4.66893E-6 4.76726E-6 4.84549E-6 4.65072E-6 4.59122E-6 4.4938E-6 4.76356E-6 4.82815E-6 4.49107E-6 3.99641E-6 3.65566E-6 3.51488E-6 3.56545E-6 3.21405E-6 2.89487E-6 2.90298E-6 3.09266E-6 3.21971E-6 3.48867E-6 3.59767E-6 3.71982E-6 3.48947E-6 3.55638E-6 3.91871E-6 4.49419E-6 4.93323E-6 4.84724E-6 4.97312E-6 5.50916E-6 5.09674E-6 4.80822E-6 4.70443E-6 4.67122E-6 4.40288E-6 4.11603E-6
