catData/rasterBestHybridModels/Pviverrinus/RD_RM2_LQ/Pviverrinus_avg.asc
ncols         409
nrows         350
xllcorner     60.897278365
yllcorner     5.843756025
cellsize      0.0892857
NODATA_value  -9999
[rows 87 to 115 of 350, columns 132 to 197 of 409]
9.01254E-6 9.77926E-6 1.07188E-5 1.23544E-5 1.13703E-5 9.68071E-6 9.09637E-6 9.38536E-6 9.57533E-6 1.05725E-5 1.16429E-5 9.04216E-6 9.10772E-6 8.9463E-6 8.91149E-6 9.7107E-6 9.91818E-6 1.16453E-5 1.37956E-5 1.45068E-5 1.61737E-5 1.32657E-5 1.10518E-5 1.14914E-5 1.19932E-5 1.30962E-5 1.74623E-5 1.90182E-5 1.99556E-5 2.09958E-5 2.4187E-5 2.54768E-5 2.57828E-5 2.65363E-5 2.81598E-5 2.7672E-5 2.97671E-5 3.11851E-5 3.16453E-5 3.46772E-5 3.57779E-5 3.60991E-5 3.6005E-5 3.59765E-5 3.74228E-5 3.88114E-5 4.12653E-5 4.69195E-5 4.76461E-5 4.79171E-5 5.1086E-5 6.56692E-5 5.79275E-5 6.50599E-5 6.04879E-5 7.51471E-5 6.26522E-5 6.15444E-5 8.15842E-5 7.77453E-5 7.25197E-5 6.48283E-5 6.37341E-5 7.04883E-5 7.36337E-5 7.07838E-5
1.05068E-5 1.05175E-5 1.13987E-5 1.09962E-5 1.12371E-5 1.13012E-5 1.01304E-5 1.06191E-5 1.05732E-5 1.08784E-5 9.25269E-6 8.55929E-6 8.5352E-6 8.08353E-6 8.07771E-6 8.73322E-6 8.98354E-6 9.04143E-6 1.0203E-5 1.28413E-5 1.16023E-5 1.06508E-5 1.05346E-5 1.11798E-5 1.20011E-5 1.25083E-5 1.40207E-5 1.62232E-5 1.75508E-5 1.95263E-5 2.27671E-5 2.50394E-5 2.64201E-5 2.45518E-5 2.44846E-5 3.02685E-5 3.02057E-5 3.18152E-5 3.28288E-5 3.33675E-5 3.28613E-5 3.25486E-5 3.42109E-5 3.62129E-5 3.71133E-5 3.69148E-5 3.88574E-5 4.27698E-5 4.52779E-5 4.84681E-5 5.86283E-5 6.43027E-5 6.4586E-5 6.23442E-5 6.92729E-5 8.39308E-5 7.28289E-5 7.38739E-5 6.85036E-5 7.16739E-5 6.63342E-5 7.82064E-5 7.13895E-5 8.71246E-5 8.35263E-5 7.70736E-5
9.06487E-6 8.98769E-6 8.9711E-6 9.03067E-6 9.58521E-6 1.19762E-5 1.2887E-5 9.61266E-6 9.11611E-6 9.38264E-6 8.12699E-6 7.95928E-6 8.06161E-6 7.52721E-6 7.50681E-6 7.70596E-6 7.88517E-6 8.87895E-6 1.02584E-5 1.02627E-5 1.02488E-5 9.92155E-6 1.03681E-5 1.08147E-5 1.13091E-5 1.17992E-5 1.25093E-5 1.39312E-5 1.43125E-5 1.51276E-5 1.95006E-5 2.15389E-5 2.62005E-5 2.72731E-5 2.89404E-5 2.9339E-5 2.97667E-5 3.15332E-5 3.23074E-5 3.24294E-5 3.28515E-5 3.28919E-5 3.38755E-5 3.39475E-5 3.50301E-5 3.71443E-5 4.09414E-5 4.40795E-5 4.43295E-5 4.52431E-5 4.90605E-5 5.14605E-5 5.38535E-5 5.54181E-5 8.77446E-5 8.34301E-5 8.28791E-5 8.30792E-5 6.24293E-5 7.25994E-5 5.37234E-5 7.80738E-5 7.81941E-5 7.87941E-5 9.46189E-5 1.01659E-4
9.04803E-6 8.94004E-6 9.05589E-6 9.89726E-6 1.11615E-5 9.58888E-6 8.60693E-6 8.64218E-6 9.52268E-6 8.03485E-6 7.37398E-6 7.05022E-6 7.33793E-6 7.25551E-6 7.2877E-6 7.53857E-6 7.81242E-6 8.23001E-6 8.85905E-6 9.15477E-6 9.34251E-6 9.54499E-6 1.03684E-5 1.05958E-5 1.08637E-5 1.13222E-5 1.19132E-5 1.24523E-5 1.28785E-5 1.33818E-5 1.46177E-5 1.7292E-5 2.00757E-5 2.32189E-5 2.40755E-5 2.51175E-5 2.9204E-5 2.9936E-5 3.14893E-5 3.19152E-5 3.26317E-5 3.39665E-5 3.46674E-5 3.69242E-5 3.73424E-5 3.67373E-5 3.85244E-5 4.47659E-5 4.11896E-5 3.99799E-5 4.00015E-5 4.00659E-5 4.03155E-5 6.07072E-5 1.10882E-4 8.55909E-5 8.025E-5 1.02198E-4 7.24435E-5 7.44211E-5 5.79656E-5 7.60422E-5 7.78945E-5 7.30588E-5 9.48736E-5 9.76236E-5
9.818E-6 9.34865E-6 1.0627E-5 9.60066E-6 8.94762E-6 8.11551E-6 8.50986E-6 8.14379E-6 8.16337E-6 6.95843E-6 6.98846E-6 6.90738E-6 6.89547E-6 7.18236E-6 7.16328E-6 7.40052E-6 7.7057E-6 8.14667E-6 9.24377E-6 8.74579E-6 8.96348E-6 9.22096E-6 9.47858E-6 9.97802E-6 1.02882E-5 1.08717E-5 1.12166E-5 1.1862E-5 1.23441E-5 1.28888E-5 1.35527E-5 1.40899E-5 1.69595E-5 1.86193E-5 2.07236E-5 2.11759E-5 2.33291E-5 2.78641E-5 3.05589E-5 3.18702E-5 3.22272E-5 3.25433E-5 3.6412E-5 3.1612E-5 3.44605E-5 3.51437E-5 3.60291E-5 3.92904E-5 4.37183E-5 4.08899E-5 4.04084E-5 3.53025E-5 4.15149E-5 6.23506E-5 9.6297E-5 8.05374E-5 1.00727E-4 9.33739E-5 7.21946E-5 7.24285E-5 6.41447E-5 7.44813E-5 7.44157E-5 8.35959E-5 9.37372E-5 9.59714E-5
1.04227E-5 1.00596E-5 9.3794E-6 9.94098E-6 1.02276E-5 8.44431E-6 7.53026E-6 8.14218E-6 7.02047E-6 6.86751E-6 6.82139E-6 6.88817E-6 6.89595E-6 7.13719E-6 7.2434E-6 7.42483E-6 7.70573E-6 8.02901E-6 8.67738E-6 8.31916E-6 8.46211E-6 8.67185E-6 8.93017E-6 9.39075E-6 9.73806E-6 1.02742E-5 1.06911E-5 1.12246E-5 1.19423E-5 1.24797E-5 1.28754E-5 1.31452E-5 1.73134E-5 1.71823E-5 1.79289E-5 1.78297E-5 1.94877E-5 2.45105E-5 2.64451E-5 3.09554E-5 3.23977E-5 3.40087E-5 3.68787E-5 3.5185E-5 3.38573E-5 3.48404E-5 3.13865E-5 4.3288E-5 5.10359E-5 5.78501E-5 4.83961E-5 5.40677E-5 4.19287E-5 6.13938E-5 6.53157E-5 7.73668E-5 9.17345E-5 1.00323E-4 8.4075E-5 8.06086E-5 7.37315E-5 6.58219E-5 6.78142E-5 8.03677E-5 8.29258E-5 7.40085E-5
8.45627E-6 8.88475E-6 1.03945E-5 1.01182E-5 9.8782E-6 8.84839E-6 7.62149E-6 6.93914E-6 6.84681E-6 6.77005E-6 6.72174E-6 6.8808E-6 6.99904E-6 7.19114E-6 7.35886E-6 7.49633E-6 7.66228E-6 7.99414E-6 8.34801E-6 8.13616E-6 8.23136E-6 8.44877E-6 8.6447E-6 8.86802E-6 9.26206E-6 9.73966E-6 1.02036E-5 1.08805E-5 1.16064E-5 1.1918E-5 1.22967E-5 1.28843E-5 1.41246E-5 1.5087E-5 1.89398E-5 1.67108E-5 1.73668E-5 2.04003E-5 2.34645E-5 2.64116E-5 2.86711E-5 3.09115E-5 3.32114E-5 3.46417E-5 3.13852E-5 3.50575E-5 3.51286E-5 4.32057E-5 2.51296E-4 1.92704E-4 5.49555E-4 6.90489E-4 1.16076E-4 9.33636E-5 8.79436E-5 5.84463E-5 7.87676E-5 7.737E-5 8.59849E-5 7.60827E-5 7.64932E-5 6.12781E-5 6.64725E-5 6.9381E-5 8.46593E-5 7.06035E-5
8.36146E-6 9.3748E-6 8.91703E-6 9.13047E-6 7.99279E-6 7.4718E-6 6.8911E-6 6.769E-6 6.73273E-6 6.7278E-6 6.70941E-6 7.20398E-6 7.60136E-6 7.79319E-6 8.10273E-6 7.82301E-6 7.68753E-6 7.91723E-6 8.11833E-6 8.17703E-6 8.20359E-6 8.35416E-6 8.52535E-6 8.73109E-6 8.90326E-6 9.33073E-6 9.80209E-6 1.02608E-5 1.0763E-5 1.13108E-5 1.22078E-5 1.46347E-5 1.70989E-5 1.88649E-5 1.85308E-5 1.94979E-5 2.06528E-5 2.24502E-5 2.07625E-5 2.54902E-5 2.73413E-5 2.83191E-5 2.84434E-5 3.15171E-5 2.93962E-5 2.94525E-5 3.4334E-5 4.39763E-5 4.08351E-4 5.78685E-4 7.49576E-4 5.82113E-4 1.27826E-4 9.49223E-5 8.85449E-5 8.24866E-5 6.24027E-5 7.36971E-5 7.4421E-5 7.21256E-5 8.03756E-5 7.37651E-5 6.48214E-5 6.29148E-5 7.45489E-5 7.33944E-5
8.45646E-6 8.02874E-6 7.65928E-6 7.58478E-6 7.45725E-6 7.04028E-6 6.74941E-6 6.72316E-6 6.7844E-6 6.7276E-6 6.94181E-6 7.94972E-6 7.88257E-6 7.43742E-6 7.68194E-6 7.61686E-6 7.62179E-6 7.90813E-6 8.20567E-6 8.18123E-6 8.14563E-6 8.35E-6 8.53665E-6 8.62898E-6 8.90844E-6 9.13599E-6 9.50462E-6 9.83143E-6 1.02218E-5 1.08444E-5 1.13205E-5 1.33871E-5 1.46135E-5 1.38054E-5 1.60132E-5 1.60745E-5 1.68722E-5 1.59612E-5 2.06149E-5 2.33889E-5 2.34827E-5 2.72825E-5 2.5266E-5 2.29333E-5 2.57006E-5 2.79409E-5 4.37937E-5 7.19959E-5 7.8346E-5 1.14276E-4 1.91458E-4 4.64735E-4 5.18419E-5 5.02348E-5 6.33557E-5 6.8617E-5 5.72365E-5 5.7591E-5 5.73088E-5 5.50385E-5 6.93944E-5 7.52295E-5 5.69111E-5 5.24139E-5 7.13726E-5 6.11109E-5
8.32422E-6 7.94581E-6 7.62391E-6 7.51089E-6 7.24344E-6 6.99847E-6 6.7914E-6 6.71127E-6 6.7746E-6 6.82425E-6 7.04411E-6 7.9205E-6 7.08429E-6 7.13276E-6 7.18701E-6 7.37493E-6 7.59641E-6 7.81515E-6 8.01864E-6 8.12857E-6 8.16714E-6 8.1867E-6 8.28427E-6 8.47058E-6 8.86074E-6 8.96139E-6 9.25395E-6 9.70208E-6 9.94786E-6 1.0533E-5 1.06561E-5 1.08913E-5 1.36895E-5 1.75667E-5 1.69839E-5 1.71709E-5 1.50075E-5 1.58336E-5 2.02107E-5 2.19192E-5 2.24189E-5 2.36563E-5 2.13333E-5 2.36172E-5 2.20766E-5 2.63607E-5 2.85495E-5 3.4742E-5 3.72963E-5 3.41702E-5 1.54389E-4 1.1018E-4 6.89594E-5 3.92416E-5 4.50549E-5 5.60062E-5 4.95404E-5 4.78408E-5 4.81192E-5 4.5302E-5 4.50723E-5 6.9449E-5 6.08234E-5 5.59979E-5 5.51986E-5 5.75537E-5
9.54334E-6 9.29512E-6 7.47263E-6 7.42294E-6 7.36994E-6 7.17785E-6 7.03212E-6 6.84605E-6 6.85426E-6 7.20865E-6 7.50227E-6 7.20219E-6 6.99916E-6 7.07889E-6 7.1577E-6 7.364E-6 7.59449E-6 7.77634E-6 7.89004E-6 7.8181E-6 7.80328E-6 7.88213E-6 7.97442E-6 8.30481E-6 8.59601E-6 9.0468E-6 9.01216E-6 9.98115E-6 1.03543E-5 1.03606E-5 1.02806E-5 1.29964E-5 1.47252E-5 1.76704E-5 1.79488E-5 1.75806E-5 1.79059E-5 1.54917E-5 1.76573E-5 2.13326E-5 2.4833E-5 2.72407E-5 2.75364E-5 2.56377E-5 2.54598E-5 3.03743E-5 3.35304E-5 3.24305E-5 2.73217E-5 2.42806E-5 4.18311E-5 7.84443E-5 5.8703E-5 6.13534E-5 4.45802E-5 4.73827E-5 4.44399E-5 5.17157E-5 4.85851E-5 4.72266E-5 4.95895E-5 6.83465E-5 6.34992E-5 5.67698E-5 5.28527E-5 5.64984E-5
8.05402E-6 7.73546E-6 7.55874E-6 7.49285E-6 7.43313E-6 7.39263E-6 7.31925E-6 7.27443E-6 7.58564E-6 8.27088E-6 8.17692E-6 8.02466E-6 7.48075E-6 7.26963E-6 7.18446E-6 7.24065E-6 7.52713E-6 7.88018E-6 7.58288E-6 7.30577E-6 7.31146E-6 7.57003E-6 7.75591E-6 8.18621E-6 8.39877E-6 8.52864E-6 9.38917E-6 9.59144E-6 1.09494E-5 1.01775E-5 1.02175E-5 1.12232E-5 1.43257E-5 1.64E-5 1.68622E-5 1.60043E-5 1.45813E-5 1.37864E-5 2.00157E-5 2.22852E-5 2.34015E-5 2.31807E-5 2.65299E-5 2.35768E-5 2.78073E-5 3.08518E-5 3.23054E-5 2.61924E-5 2.19263E-5 2.18818E-5 3.1991E-5 4.24603E-5 4.70981E-5 4.99909E-5 3.88248E-5 4.13256E-5 4.52053E-5 4.67146E-5 4.7759E-5 4.18456E-5 4.65699E-5 4.77293E-5 7.065E-5 5.74561E-5 6.06213E-5 5.40457E-5
7.89929E-6 7.7208E-6 7.62439E-6 7.60634E-6 7.67868E-6 7.71072E-6 7.62868E-6 7.48054E-6 8.01131E-6 8.03575E-6 8.03067E-6 7.62298E-6 7.19556E-6 6.94071E-6 6.79968E-6 6.995E-6 7.38272E-6 7.19628E-6 6.9787E-6 7.04956E-6 7.07264E-6 7.46645E-6 7.75189E-6 7.86663E-6 8.12624E-6 8.50938E-6 8.87784E-6 9.33183E-6 9.66501E-6 9.69416E-6 9.75153E-6 9.7586E-6 1.2953E-5 1.49554E-5 1.50718E-5 1.37034E-5 1.61424E-5 1.62928E-5 1.92098E-5 2.12846E-5 2.23801E-5 1.94874E-5 2.20619E-5 2.1048E-5 1.95978E-5 2.51206E-5 2.62032E-5 2.68446E-5 2.45389E-5 2.41193E-5 2.79684E-5 3.17278E-5 3.46512E-5 3.68599E-5 3.58962E-5 4.12254E-5 4.2282E-5 4.03245E-5 4.13891E-5 4.06164E-5 4.52825E-5 4.29721E-5 5.35495E-5 6.77135E-5 5.12414E-5 5.99361E-5
7.55707E-6 7.46439E-6 7.54772E-6 7.53379E-6 7.48769E-6 7.14992E-6 6.98811E-6 7.2866E-6 7.76849E-6 7.81539E-6 7.56333E-6 7.05839E-6 6.77591E-6 6.5061E-6 6.38424E-6 6.54721E-6 6.70973E-6 6.65552E-6 6.76728E-6 7.01671E-6 7.11008E-6 7.23074E-6 7.51033E-6 7.79926E-6 8.23735E-6 8.621E-6 8.84748E-6 8.9085E-6 8.97941E-6 8.98214E-6 8.99818E-6 1.09805E-5 1.21802E-5 1.24574E-5 1.11027E-5 1.06445E-5 1.16879E-5 1.59345E-5 1.73404E-5 2.04012E-5 2.07643E-5 1.89834E-5 1.87687E-5 1.64922E-5 2.3056E-5 2.56316E-5 2.29315E-5 1.73956E-5 2.24895E-5 2.35914E-5 3.29791E-5 3.32498E-5 3.06525E-5 3.23967E-5 3.79528E-5 3.94622E-5 4.24527E-5 4.42477E-5 4.62921E-5 4.70958E-5 4.77571E-5 4.11084E-5 4.38805E-5 4.91854E-5 5.31478E-5 5.53336E-5
7.13776E-6 7.01556E-6 6.88841E-6 6.88432E-6 7.17494E-6 7.49954E-6 8.71146E-6 8.96884E-6 7.95858E-6 7.63842E-6 7.59534E-6 6.94525E-6 6.86873E-6 6.59666E-6 6.25342E-6 6.30021E-6 6.29629E-6 6.45685E-6 6.71276E-6 6.94371E-6 6.97551E-6 7.12511E-6 7.40486E-6 7.82237E-6 8.28997E-6 8.38408E-6 8.58094E-6 8.58435E-6 8.11949E-6 8.50516E-6 9.09014E-6 9.69428E-6 1.05348E-5 1.06095E-5 7.04609E-6 9.2866E-6 1.33588E-5 1.45185E-5 1.65633E-5 1.70065E-5 1.89239E-5 1.79701E-5 1.53766E-5 1.92903E-5 2.3718E-5 2.39969E-5 2.30515E-5 8.2985E-6 2.06274E-5 2.47583E-5 2.49287E-5 3.23764E-5 3.40903E-5 3.39071E-5 3.54762E-5 3.88551E-5 3.91242E-5 3.76291E-5 4.28514E-5 3.63843E-5 4.14772E-5 4.76605E-5 4.252E-5 3.95812E-5 4.59102E-5 5.70307E-5
7.076E-6 6.98802E-6 6.97154E-6 7.02352E-6 7.28796E-6 7.79595E-6 7.72414E-6 7.95017E-6 7.86784E-6 7.59179E-6 7.38595E-6 6.6955E-6 6.93923E-6 6.39769E-6 6.05071E-6 6.09083E-6 6.18129E-6 6.39905E-6 6.68387E-6 6.75923E-6 6.80986E-6 7.09746E-6 7.53382E-6 7.65943E-6 7.6011E-6 7.5228E-6 7.77475E-6 7.82653E-6 8.18317E-6 1.057E-5 1.01394E-5 8.66067E-6 9.25512E-6 8.89474E-6 3.02877E-6 7.81733E-6 1.10975E-5 1.22684E-5 1.50302E-5 1.42448E-5 1.50489E-5 1.57627E-5 1.56056E-5 1.92803E-5 2.2678E-5 2.42596E-5 2.29575E-5 1.95478E-5 2.07283E-5 2.40516E-5 3.13369E-5 2.96275E-5 3.60078E-5 3.78398E-5 2.98085E-5 3.44724E-5 3.86873E-5 4.18979E-5 4.50215E-5 4.43298E-5 4.35558E-5 5.84309E-5 5.24751E-5 3.86645E-5 4.77885E-5 4.89766E-5
7.09728E-6 7.08359E-6 7.10792E-6 7.41164E-6 7.09216E-6 7.67593E-6 7.61588E-6 6.92289E-6 6.65258E-6 6.53088E-6 6.21348E-6 6.22168E-6 6.33286E-6 5.97071E-6 5.8467E-6 6.03669E-6 6.23615E-6 6.38962E-6 6.67647E-6 6.76199E-6 6.82828E-6 7.02929E-6 7.30902E-6 7.17618E-6 6.65545E-6 6.66345E-6 6.93606E-6 7.47396E-6 8.67878E-6 1.02303E-5 9.41077E-6 7.11394E-6 6.69123E-6 7.65707E-6 7.16872E-6 9.14746E-6 8.66288E-6 1.12613E-5 1.19928E-5 1.45358E-5 1.50008E-5 1.61463E-5 1.7254E-5 1.74345E-5 1.86454E-5 1.77584E-5 1.93371E-5 1.88003E-5 2.05512E-5 2.18687E-5 2.70994E-5 2.76743E-5 3.10111E-5 3.19384E-5 3.08043E-5 2.79174E-5 3.66681E-5 4.33149E-5 4.69923E-5 5.18339E-5 4.59388E-5 5.26307E-5 5.92687E-5 5.1514E-5 5.04072E-5 5.18317E-5
6.87464E-6 6.64131E-6 6.51408E-6 6.40135E-6 6.16532E-6 6.12063E-6 6.18267E-6 6.18458E-6 6.08552E-6 5.86387E-6 5.67862E-6 5.63762E-6 5.78926E-6 5.80279E-6 5.95417E-6 6.31685E-6 6.28054E-6 6.12358E-6 6.36697E-6 6.74289E-6 6.79998E-6 6.93475E-6 7.0438E-6 6.89396E-6 6.97113E-6 7.03372E-6 7.18413E-6 7.57653E-6 7.80823E-6 7.76161E-6 7.55627E-6 5.0254E-6 4.68136E-6 6.39414E-6 7.2357E-6 6.15002E-6 7.80896E-6 1.16307E-5 1.27779E-5 1.5072E-5 1.44389E-5 1.47335E-5 1.50116E-5 1.764E-5 1.71215E-5 1.83806E-5 1.94735E-5 2.10145E-5 2.32306E-5 2.23817E-5 2.36011E-5 2.66626E-5 2.8227E-5 3.2564E-5 3.50101E-5 3.52396E-5 3.44213E-5 3.86173E-5 4.44056E-5 4.24444E-5 4.47092E-5 5.23968E-5 5.50702E-5 4.71734E-5 4.1273E-5 4.73725E-5
6.54337E-6 6.18166E-6 5.93881E-6 5.78863E-6 5.75901E-6 5.79084E-6 5.97314E-6 5.9627E-6 5.81614E-6 5.66377E-6 5.50852E-6 5.51854E-6 5.59819E-6 5.83817E-6 6.17756E-6 6.52971E-6 6.47426E-6 6.15895E-6 6.15651E-6 6.50292E-6 6.71778E-6 6.95484E-6 7.0086E-6 7.16965E-6 7.21545E-6 7.20155E-6 7.09628E-6 6.83926E-6 6.73783E-6 5.28269E-6 5.00333E-6 2.96793E-6 6.24516E-6 6.94686E-6 6.20892E-6 5.81802E-6 4.79139E-6 1.10995E-5 1.42061E-5 1.5108E-5 1.33548E-5 1.22954E-5 1.20417E-5 1.64064E-5 1.07843E-5 2.19234E-5 2.34325E-5 2.30238E-5 2.49614E-5 2.22825E-5 2.3349E-5 2.42997E-5 3.20407E-5 3.10964E-5 3.27492E-5 3.02073E-5 3.18211E-5 4.00245E-5 4.21399E-5 4.40424E-5 3.9244E-5 4.1516E-5 4.01257E-5 3.59443E-5 3.36563E-5 3.48891E-5
6.48614E-6 6.25602E-6 6.12807E-6 5.88836E-6 5.7753E-6 5.67499E-6 5.65E-6 5.52298E-6 5.47676E-6 5.41001E-6 5.37715E-6 5.44227E-6 5.57547E-6 5.86431E-6 6.10681E-6 6.39905E-6 6.44131E-6 6.27145E-6 6.49799E-6 6.21152E-6 6.50651E-6 6.81356E-6 6.88393E-6 6.88208E-6 7.13385E-6 7.23099E-6 6.47156E-6 5.98805E-6 6.52216E-6 4.84753E-6 3.13438E-6 4.51661E-6 5.85557E-6 6.71196E-6 6.63677E-6 5.75061E-6 7.3534E-6 1.1013E-5 1.29036E-5 1.07785E-5 1.10496E-5 5.19808E-6 1.11446E-5 1.66758E-5 2.08142E-5 2.13439E-5 2.19802E-5 2.91487E-5 2.64656E-5 2.22108E-5 2.16925E-5 2.21797E-5 2.7388E-5 3.12691E-5 3.17405E-5 3.30255E-5 2.96422E-5 3.78319E-5 4.32428E-5 4.79107E-5 4.57619E-5 5.11899E-5 4.24267E-5 3.45876E-5 3.60795E-5 3.33099E-5
6.53336E-6 6.36059E-6 6.19301E-6 5.95514E-6 5.90473E-6 5.76187E-6 5.58957E-6 5.39914E-6 5.36589E-6 5.48591E-6 5.58246E-6 5.71642E-6 5.78345E-6 5.97068E-6 6.17172E-6 6.28454E-6 6.41988E-6 6.3119E-6 6.03437E-6 6.08798E-6 6.35352E-6 6.59141E-6 6.68731E-6 6.88799E-6 7.40979E-6 6.91123E-6 6.01708E-6 5.60141E-6 5.16753E-6 5.75326E-6 5.60192E-6 6.08119E-6 5.89203E-6 5.65184E-6 5.91031E-6 6.36105E-6 4.7515E-6 4.69798E-6 8.48009E-6 4.53575E-6 1.07561E-5 5.09323E-6 2.14997E-6 1.9357E-5 2.15025E-5 2.31565E-5 2.27467E-5 2.89767E-5 3.24994E-5 2.16545E-5 2.23932E-5 2.19878E-5 2.47572E-5 3.05444E-5 3.66307E-5 3.28803E-5 3.679E-5 3.15402E-5 3.38743E-5 4.42959E-5 4.34624E-5 4.62867E-5 4.26043E-5 3.52101E-5 3.50384E-5 3.35715E-5
6.69741E-6 6.58341E-6 6.31852E-6 5.99815E-6 5.85664E-6 5.79971E-6 5.61631E-6 5.51734E-6 5.47548E-6 5.80566E-6 6.03533E-6 6.15675E-6 6.1142E-6 6.13749E-6 6.31364E-6 6.42376E-6 6.48765E-6 6.44126E-6 6.08809E-6 6.11933E-6 6.2798E-6 6.53346E-6 6.66416E-6 7.15114E-6 6.80589E-6 6.74929E-6 6.14105E-6 5.17903E-6 5.33172E-6 6.55851E-6 5.93254E-6 6.49022E-6 5.79574E-6 5.81353E-6 5.54408E-6 6.50967E-6 7.84647E-6 7.78882E-6 4.48929E-6 7.44196E-6 9.64279E-6 5.50485E-6 6.19098E-6 2.18978E-5 2.08095E-5 2.33633E-5 2.22202E-5 2.06469E-5 2.73621E-5 2.33381E-5 2.55223E-5 2.25254E-5 2.55514E-5 2.57963E-5 2.97027E-5 3.17733E-5 2.89747E-5 3.21604E-5 3.06558E-5 3.13143E-5 3.7144E-5 4.40764E-5 4.34286E-5 3.93226E-5 3.67743E-5 3.40719E-5
7.04594E-6 6.80384E-6 6.44761E-6 6.16356E-6 6.01345E-6 5.9507E-6 5.84289E-6 5.66089E-6 5.63156E-6 6.01959E-6 6.26474E-6 6.40608E-6 6.25522E-6 6.10811E-6 6.43548E-6 6.60121E-6 6.48393E-6 6.25737E-6 6.0761E-6 5.9627E-6 6.32687E-6 6.50935E-6 6.69428E-6 7.41692E-6 6.78872E-6 6.05322E-6 5.72604E-6 5.46925E-6 6.15054E-6 7.14719E-6 6.05097E-6 6.27502E-6 6.26583E-6 6.40468E-6 6.14209E-6 6.82976E-6 8.17782E-6 8.49116E-6 7.62223E-6 1.95994E-6 8.89067E-6 5.10524E-6 5.6582E-6 1.63256E-5 2.43433E-5 2.46427E-5 2.22039E-5 2.09934E-5 2.24616E-5 2.54326E-5 2.71993E-5 2.29445E-5 2.6568E-5 2.61549E-5 2.59222E-5 2.99884E-5 2.97774E-5 3.11849E-5 3.19041E-5 3.29604E-5 3.35071E-5 3.78479E-5 4.37404E-5 6.17496E-5 5.96235E-5 3.42521E-5
7.00568E-6 6.75288E-6 6.54223E-6 6.38811E-6 6.27525E-6 6.16756E-6 6.0162E-6 5.92035E-6 5.80874E-6 6.23591E-6 6.26254E-6 6.21459E-6 6.00937E-6 6.54234E-6 6.82136E-6 6.35316E-6 6.11137E-6 5.95833E-6 5.99739E-6 5.93168E-6 5.91597E-6 6.20545E-6 6.38629E-6 6.80126E-6 6.33771E-6 6.04932E-6 5.63128E-6 6.0357E-6 7.06833E-6 6.79198E-6 6.6872E-6 6.72131E-6 6.84583E-6 7.29772E-6 7.07597E-6 7.58334E-6 8.88103E-6 8.46761E-6 7.12664E-6 3.17481E-6 5.31621E-6 9.17021E-6 1.26203E-5 7.85626E-6 1.86015E-5 2.16278E-5 2.39326E-5 2.00628E-5 2.14832E-5 2.20211E-5 2.27271E-5 2.55058E-5 2.44741E-5 2.72086E-5 2.7614E-5 2.81604E-5 2.86157E-5 3.57984E-5 6.28624E-5 1.0953E-4 3.86964E-5 3.87934E-5 3.96425E-5 5.7661E-5 5.92903E-5 4.41135E-5
6.93184E-6 6.69136E-6 6.63284E-6 6.56807E-6 6.44067E-6 6.3936E-6 6.22592E-6 6.10135E-6 6.01935E-6 6.12708E-6 6.48914E-6 6.21611E-6 6.63092E-6 6.14608E-6 6.35082E-6 6.3148E-6 6.36738E-6 5.78059E-6 5.89724E-6 5.99092E-6 5.92461E-6 6.03253E-6 6.23331E-6 6.56405E-6 6.71099E-6 6.03918E-6 5.821E-6 6.25815E-6 7.20085E-6 6.73738E-6 7.29562E-6 7.10729E-6 7.21901E-6 7.70624E-6 7.86046E-6 7.88427E-6 7.47336E-6 7.77707E-6 7.79823E-6 4.83373E-6 5.79544E-6 9.93755E-6 9.47367E-6 1.91888E-5 1.93511E-5 2.04314E-5 2.23189E-5 2.10734E-5 2.14901E-5 2.00905E-5 2.3106E-5 2.22065E-5 2.48334E-5 2.69636E-5 3.28818E-5 2.84059E-5 3.04667E-5 3.20003E-5 8.03191E-5 8.48901E-5 9.1748E-5 7.66845E-5 3.8317E-5 5.12894E-5 5.18883E-5 4.42161E-5
6.51718E-6 6.50001E-6 6.63223E-6 6.5655E-6 6.56453E-6 6.4694E-6 6.32114E-6 6.4727E-6 6.43659E-6 6.39516E-6 6.29768E-6 6.37175E-6 6.25682E-6 5.82598E-6 6.54507E-6 7.06236E-6 6.67984E-6 6.12825E-6 6.03842E-6 6.16065E-6 6.03801E-6 5.6828E-6 5.50409E-6 5.3302E-6 5.94807E-6 6.4261E-6 6.70277E-6 6.87688E-6 6.74402E-6 7.21784E-6 6.98543E-6 7.53663E-6 1.01346E-5 9.47872E-6 7.52086E-6 7.82958E-6 9.5737E-6 8.5563E-6 1.19645E-5 1.04866E-5 1.01545E-5 9.94822E-6 1.68844E-5 1.7184E-5 2.12017E-5 1.86535E-5 2.32035E-5 2.50914E-5 2.2224E-5 2.32637E-5 2.12194E-5 2.24693E-5 2.27164E-5 2.53929E-5 2.86208E-5 2.76827E-5 3.41347E-5 3.33945E-5 4.64285E-5 4.92619E-5 4.13428E-5 3.36176E-5 3.83988E-5 3.83112E-5 5.32817E-5 5.50461E-5
6.41343E-6 6.50046E-6 6.60539E-6 6.61132E-6 6.77342E-6 6.64584E-6 6.38035E-6 6.74683E-6 7.61117E-6 6.65822E-6 6.06859E-6 7.22869E-6 7.1791E-6 7.57733E-6 8.84997E-6 6.81883E-6 7.1988E-6 6.27079E-6 6.21334E-6 6.04472E-6 5.59278E-6 3.39113E-6 1.64538E-6 5.11759E-6 5.79072E-6 7.14682E-6 7.3199E-6 7.41159E-6 6.84757E-6 6.52344E-6 7.59204E-6 1.29508E-5 4.45603E-5 4.42043E-5 3.09001E-5 2.01679E-5 1.16703E-5 2.23242E-6 1.27035E-5 1.08344E-5 1.52611E-5 1.57072E-5 1.91723E-5 1.83176E-5 1.68876E-5 1.68346E-5 2.02943E-5 2.06239E-5 2.04649E-5 1.78514E-5 1.85231E-5 2.22649E-5 2.50776E-5 2.76987E-5 2.40211E-5 2.82572E-5 2.91845E-5 3.22076E-5 3.51406E-5 3.59371E-5 3.36707E-5 3.48022E-5 3.7796E-5 3.30763E-5 3.5938E-5 4.03511E-5
6.30047E-6 6.45199E-6 6.63189E-6 6.83975E-6 7.21736E-6 7.10056E-6 7.32633E-6 6.81405E-6 6.77875E-6 6.73375E-6 5.92579E-6 5.9809E-6 7.68411E-6 9.21328E-6 6.81876E-6 6.51726E-6 6.42062E-6 6.224E-6 5.90834E-6 3.32975E-6 2.30516E-6 6.59342E-7 8.80425E-7 5.16824E-6 5.79657E-6 6.62572E-6 6.88972E-6 7.24135E-6 7.23294E-6 7.41102E-6 7.36473E-6 9.62228E-6 1.41088E-5 1.41922E-5 1.29273E-5 1.42894E-5 1.12311E-5 1.2046E-5 1.16177E-5 1.49552E-5 1.24365E-5 1.26253E-5 1.65799E-5 1.14306E-5 1.57753E-5 1.74445E-5 2.0063E-5 2.23125E-5 2.0253E-5 2.10838E-5 1.95327E-5 2.11569E-5 2.49301E-5 2.427E-5 2.48314E-5 2.66964E-5 3.06793E-5 3.30963E-5 3.47798E-5 3.26639E-5 3.04946E-5 3.97842E-5 3.76173E-5 3.69861E-5 3.70931E-5 4.19941E-5
6.75715E-6 6.67954E-6 6.53068E-6 6.8578E-6 7.54025E-6 7.36546E-6 6.9047E-6 6.68354E-6 6.78558E-6 7.1E-6 6.81352E-6 6.01706E-6 7.27289E-6 9.36788E-6 7.45937E-6 6.62109E-6 6.40374E-6 6.14705E-6 4.65514E-6 2.21696E-6 5.37901E-6 1.00949E-6 2.807E-6 3.99923E-6 2.72029E-6 6.05713E-6 6.50249E-6 7.00716E-6 7.55449E-6 7.50381E-6 8.69688E-6 8.81043E-6 7.47439E-6 9.40468E-6 1.04464E-5 1.02641E-5 1.24691E-5 4.01635E-6 8.64476E-6 1.58494E-5 1.58431E-5 1.13307E-5 5.61713E-6 1.25898E-5 1.65684E-5 1.92945E-5 2.01962E-5 2.11498E-5 2.10556E-5 1.94572E-5 1.97696E-5 1.85583E-5 2.34668E-5 2.5443E-5 2.79124E-5 2.40999E-5 2.77813E-5 2.91686E-5 3.0136E-5 3.06773E-5 3.50938E-5 3.58321E-5 3.35127E-5 3.588E-5 3.6856E-5 3.49885E-5
