catData/rasterBestHybridModels/Pviverrinus/RD_RM2_LQ/Pviverrinus_stddev.asc
ncols         409
nrows         350
xllcorner     60.897278365
yllcorner     5.843756025
cellsize      0.0892857
NODATA_value  -9999
[rows 174 to 202 of 350, columns 198 to 263 of 409]
1.59724E-6 1.24628E-6 1.32893E-6 2.51927E-6 3.78154E-6 4.24565E-6 4.06579E-6 2.39453E-6 1.80367E-6 1.52625E-6 1.63929E-6 1.77432E-6 2.68391E-6 2.40505E-6 4.00028E-6 2.49237E-6 6.86798E-6 9.61924E-6 1.08145E-5 1.41487E-5 1.54208E-5 1.38293E-5 4.39321E-6 5.43243E-6 4.18089E-6 4.37646E-6 1.4485E-6 1.70359E-6 3.29283E-6 6.22496E-7 1.16252E-6 2.72098E-6 3.25173E-6 5.75172E-6 5.91494E-6 3.02744E-6 7.08076E-7 1.39452E-6 4.18644E-6 8.78499E-6 8.67377E-6 8.7263E-6 3.12235E-6 4.71266E-6 4.54964E-6 3.75459E-6 1.9552E-6 1.98257E-6 5.75782E-6 5.5985E-6 7.57526E-6 5.96463E-6 1.06729E-5 1.14037E-5 1.01879E-5 9.25756E-6 3.02667E-6 5.14037E-6 1.61906E-5 1.32531E-5 1.7534E-5 2.64038E-5 2.26207E-5 1.32857E-5 8.0933E-6 4.56179E-6
2.84884E-6 2.38781E-6 2.01435E-6 4.10532E-6 4.08783E-6 3.52135E-6 7.0932E-6 4.38941E-6 3.70887E-6 3.49373E-6 3.0529E-6 4.54848E-6 4.76097E-6 2.83724E-6 3.26013E-6 7.01217E-6 8.36774E-6 7.06682E-6 8.36369E-6 1.34028E-5 1.59234E-5 1.54855E-5 7.73417E-6 5.63046E-6 4.25698E-6 3.52306E-6 3.07636E-6 2.07902E-6 1.52971E-6 1.53071E-6 3.24852E-6 5.20043E-6 3.94758E-6 7.69582E-6 5.96095E-6 7.98445E-6 2.28196E-6 5.94247E-7 6.92751E-6 9.00699E-6 7.38874E-6 1.9636E-6 2.23561E-6 6.06546E-6 5.5426E-6 4.88524E-6 4.01408E-6 3.13474E-6 5.54153E-6 6.36501E-6 4.2231E-6 6.34273E-6 5.52983E-6 9.15975E-6 9.71481E-6 1.15016E-5 1.42731E-5 1.92575E-5 3.16448E-5 1.95261E-5 2.50704E-5 1.46241E-5 1.82947E-5 5.70547E-6 1.03061E-5 8.47593E-6
2.005E-6 9.12932E-7 1.63665E-6 4.37097E-6 5.99732E-6 9.78998E-6 7.37894E-6 6.6528E-6 8.35589E-6 8.77555E-6 9.25756E-6 1.06194E-5 7.60688E-6 3.36561E-6 9.52287E-6 9.08039E-6 5.75161E-6 6.46536E-6 8.41484E-6 8.13404E-6 1.42007E-5 1.07262E-5 4.42898E-6 4.84813E-6 5.34114E-6 5.02759E-6 3.21843E-6 3.44253E-6 2.63362E-6 8.60373E-7 6.95439E-6 3.45885E-6 7.35945E-6 1.18164E-5 6.13853E-6 9.56923E-6 7.73706E-6 9.00428E-6 9.80585E-6 9.62788E-6 3.09354E-6 4.16982E-6 4.44792E-6 3.59257E-6 5.20069E-6 8.06303E-6 6.93594E-6 8.18852E-6 7.74159E-6 8.0974E-6 4.69372E-6 5.64375E-6 9.44145E-6 9.13897E-6 1.01638E-5 1.24429E-5 2.0619E-5 3.29733E-5 3.62673E-5 3.04165E-5 1.85482E-5 5.09644E-6 4.13015E-6 8.60888E-6 8.28104E-6 5.89582E-6
1.49679E-6 2.43247E-6 2.39927E-6 7.53579E-6 1.2104E-5 9.98855E-5 2.65179E-6 3.53802E-6 7.26674E-6 8.50024E-6 1.18546E-5 1.1647E-5 6.53513E-6 7.41294E-6 7.16728E-6 8.7474E-6 9.82825E-6 7.31035E-6 3.66543E-6 4.06523E-6 8.11031E-6 1.67116E-6 1.52533E-6 4.85747E-6 4.26735E-6 2.03857E-6 5.91839E-6 2.89828E-6 4.81292E-6 5.86537E-6 2.54453E-5 1.48326E-5 6.08205E-6 2.50168E-6 5.97372E-6 6.39739E-6 5.01508E-6 1.29752E-5 1.07944E-5 1.00406E-5 7.12136E-6 6.31897E-6 5.73151E-6 5.3713E-6 5.5664E-6 7.94725E-6 6.26886E-6 8.0088E-6 5.92993E-6 6.10721E-6 8.76189E-6 6.89052E-6 8.37659E-6 9.66909E-6 1.05169E-5 1.28911E-5 2.69883E-5 2.93253E-5 3.7327E-5 1.71842E-5 1.68456E-5 7.61572E-6 8.62618E-6 1.14114E-5 1.26931E-5 1.12835E-5
2.09028E-6 1.14547E-6 1.19962E-6 2.83984E-6 8.41513E-5 2.01604E-3 8.50138E-6 7.0853E-6 6.81454E-6 8.0828E-6 1.15696E-5 9.36431E-6 6.03409E-6 3.41712E-6 2.55479E-6 5.15773E-6 7.464E-6 1.37902E-5 4.21724E-6 4.47104E-6 3.29382E-6 2.60566E-6 2.38155E-6 5.79386E-6 5.70556E-6 7.38655E-6 7.1926E-6 6.61067E-6 4.82952E-6 6.22309E-6 7.01296E-6 4.53086E-6 8.47866E-6 9.9007E-6 1.15704E-5 6.80477E-6 8.79067E-6 1.01636E-5 9.96666E-6 1.09662E-5 6.63365E-6 8.36086E-6 8.00911E-6 7.72158E-6 6.82096E-6 7.5555E-6 6.75239E-6 7.08353E-6 4.09301E-6 4.67973E-6 8.06704E-6 7.2666E-6 9.14978E-6 1.03072E-5 1.11583E-5 1.27528E-5 2.50922E-5 3.16764E-5 3.22374E-5 1.49661E-5 1.64979E-5 9.97372E-6 6.94332E-6 1.35548E-5 1.3075E-5 1.00962E-5
1.46976E-6 2.22077E-6 1.6212E-6 2.09417E-6 6.02136E-6 4.34608E-6 3.89314E-6 7.21622E-6 5.88844E-6 4.81366E-6 5.00123E-6 6.76844E-6 4.59977E-6 7.22802E-6 7.55686E-6 5.04778E-6 1.23582E-5 7.26604E-6 2.64471E-6 3.17176E-6 9.32373E-6 3.66778E-6 5.04292E-6 7.71594E-6 8.33382E-6 7.40731E-6 8.02397E-6 7.25617E-6 8.80821E-6 1.02751E-5 1.32136E-5 1.09308E-5 9.56637E-6 9.46462E-6 1.11571E-5 8.32576E-6 9.60195E-6 9.82798E-6 1.08952E-5 9.25995E-6 8.89327E-6 3.92983E-6 3.67437E-6 4.66459E-6 4.74901E-6 7.3904E-6 4.1861E-6 7.71939E-6 8.47443E-6 7.6715E-6 8.60952E-6 8.1521E-6 1.01444E-5 1.10757E-5 1.30051E-5 2.05639E-5 3.05072E-5 3.03527E-5 1.8953E-5 9.96534E-6 1.14378E-5 9.56588E-6 9.16488E-6 1.08743E-5 1.23086E-5 9.48132E-6
3.72886E-6 2.97673E-6 3.56118E-6 2.07846E-6 7.74654E-7 7.75357E-7 7.66022E-7 1.13785E-6 5.74822E-6 6.89523E-6 7.37477E-6 7.33255E-6 6.61656E-6 3.78349E-6 8.05437E-6 9.54221E-6 4.66504E-6 4.83621E-6 8.04642E-6 4.37343E-6 3.73012E-6 5.63573E-6 5.23183E-6 7.805E-6 8.15283E-6 3.3331E-6 7.09202E-6 8.60504E-6 5.73887E-6 5.44889E-6 9.1993E-6 8.52441E-6 8.45068E-6 9.28671E-6 9.75695E-6 1.06665E-5 1.16279E-5 1.15977E-5 1.02991E-5 5.50602E-6 2.85E-6 2.11707E-6 9.87256E-7 7.52812E-6 2.56757E-6 4.75203E-6 2.79224E-6 9.75376E-6 4.42577E-6 5.95763E-6 1.06978E-5 1.05252E-5 1.13366E-5 1.14153E-5 1.18909E-5 1.54795E-5 1.63382E-5 2.02639E-5 1.65705E-5 9.31662E-6 1.15173E-5 1.41425E-5 1.09813E-5 1.08894E-5 8.75388E-6 1.11187E-5
1.83884E-6 3.91664E-6 4.93796E-6 1.22833E-6 1.16766E-6 2.48576E-6 7.95926E-7 1.54024E-6 6.74105E-6 5.14573E-6 6.2865E-6 5.7658E-6 1.0355E-5 1.02459E-5 1.32355E-5 5.37572E-6 1.20342E-5 5.82861E-6 4.78331E-6 3.93952E-6 3.95909E-6 5.90764E-6 6.42634E-6 7.95079E-6 9.00572E-6 5.7379E-6 2.07869E-6 6.9665E-6 7.51491E-6 6.25028E-6 1.0131E-5 9.56928E-6 9.8769E-6 1.02064E-5 9.92267E-6 1.13235E-5 1.05322E-5 1.14237E-5 9.85951E-6 6.32854E-6 3.67424E-6 8.04834E-7 9.20679E-7 2.35735E-6 4.68239E-6 5.85614E-6 8.36758E-6 5.61977E-6 3.2177E-6 3.09968E-6 2.83562E-6 3.4293E-6 6.63517E-6 1.08325E-5 1.2155E-5 1.54356E-5 1.07729E-5 1.47574E-5 1.58438E-5 1.91308E-5 1.9514E-5 1.96927E-5 2.01056E-5 1.75267E-5 6.8815E-6 1.00225E-5
4.14271E-6 4.69175E-6 6.33549E-6 7.74361E-7 1.91447E-6 2.45675E-6 4.64941E-6 2.40589E-6 1.7572E-6 8.41727E-6 6.99187E-6 5.24344E-6 9.74022E-6 1.72232E-5 7.84808E-6 3.41434E-6 7.68983E-6 1.16491E-5 1.16991E-5 7.05291E-6 1.62532E-6 4.31662E-6 7.14873E-6 7.24398E-6 6.23097E-6 4.33253E-6 7.28818E-6 3.96851E-6 4.6242E-6 1.19987E-5 1.28847E-5 9.74261E-6 1.03842E-5 1.13592E-5 1.25988E-5 9.98244E-6 1.09734E-5 9.43841E-6 4.11081E-6 4.32779E-6 1.5603E-6 1.90224E-6 2.33597E-6 3.63081E-6 3.58194E-6 6.68634E-6 6.65813E-6 2.36002E-6 5.08047E-6 8.03531E-6 4.83348E-6 8.78984E-6 9.16825E-6 9.73098E-6 1.10144E-5 1.20075E-5 1.37214E-5 1.4132E-5 1.37209E-5 1.53321E-5 1.55573E-5 1.5674E-5 1.5786E-5 2.04735E-5 1.60405E-5 1.23655E-5
2.60167E-6 6.14971E-6 7.4496E-6 1.70822E-6 5.02391E-7 3.45109E-7 3.14428E-6 7.38256E-6 5.70183E-6 4.44897E-6 8.93144E-6 3.04153E-6 4.39532E-6 7.88196E-6 7.80159E-6 1.20754E-5 1.17136E-5 4.27646E-6 6.93214E-6 3.07157E-6 5.49172E-6 5.33378E-6 5.18058E-6 3.16118E-6 5.83416E-6 4.8852E-6 3.84397E-6 3.34632E-6 4.00981E-6 1.01445E-5 4.77759E-6 8.44076E-6 1.09329E-5 1.06273E-5 9.31675E-6 7.12632E-6 6.0805E-6 3.6363E-6 3.98301E-6 6.2253E-6 2.07461E-6 1.3506E-6 8.77869E-7 3.22811E-6 4.1012E-6 6.57E-6 3.63858E-6 2.15569E-6 4.9714E-6 7.30855E-6 7.79632E-6 9.83701E-6 1.02169E-5 1.23593E-5 6.06099E-6 1.31621E-5 1.17324E-5 1.40959E-5 1.1095E-5 9.58108E-6 8.13435E-6 5.21743E-6 3.18867E-6 5.04261E-6 1.27463E-5 1.69627E-5
9.60404E-8 4.37292E-7 5.09607E-7 8.0577E-7 1.06127E-7 4.38771E-7 1.31714E-6 3.57825E-6 5.09002E-6 5.46888E-6 2.82294E-6 2.63205E-6 1.05452E-5 1.06883E-5 1.08057E-5 9.85439E-6 1.44374E-5 1.01293E-5 9.72899E-6 1.13189E-5 1.05456E-5 8.33681E-6 5.96546E-6 2.92708E-6 3.44921E-6 5.74587E-6 1.77608E-6 2.98714E-6 6.62155E-6 7.65954E-6 5.88788E-6 5.4855E-6 6.96964E-6 7.81331E-6 5.01238E-6 5.98977E-6 5.63635E-6 6.52334E-6 6.13803E-6 7.45613E-6 7.43074E-6 5.44886E-6 3.12948E-6 2.93167E-6 7.38777E-6 6.06533E-6 7.33428E-6 3.65245E-6 7.9914E-6 9.25515E-6 8.95158E-6 3.3278E-6 1.17175E-5 9.23741E-6 1.97515E-6 8.93297E-6 1.12199E-5 1.09672E-5 7.06877E-6 7.40634E-6 5.07372E-6 7.00617E-6 8.63792E-6 8.29162E-6 7.68572E-6 1.13683E-5
5.42221E-8 2.42433E-7 2.3837E-7 6.32851E-7 3.74877E-7 3.91102E-7 6.90831E-7 2.6461E-6 5.50755E-6 2.99996E-6 2.77375E-6 3.94071E-6 7.16711E-6 5.85626E-6 5.11333E-6 1.72049E-6 1.07171E-5 1.10594E-5 1.155E-5 1.00562E-5 9.59561E-6 8.63936E-6 7.84624E-6 6.02091E-6 5.70667E-6 1.39474E-6 4.59506E-7 3.13171E-6 9.04888E-7 6.82694E-6 5.82209E-6 5.00299E-6 6.85088E-6 5.14885E-6 5.71733E-6 5.54902E-6 4.52477E-6 6.03993E-6 7.00251E-6 6.68286E-6 6.92861E-6 6.45402E-6 3.29859E-6 1.59974E-6 3.74626E-6 2.79218E-6 5.69308E-6 7.19007E-6 7.05333E-6 9.30563E-6 6.64551E-6 2.74327E-6 4.09459E-6 2.64095E-6 1.3813E-5 1.09513E-5 1.16755E-5 3.918E-6 6.70043E-6 7.82128E-6 8.05857E-6 6.8792E-6 6.11511E-6 5.73907E-6 6.25797E-6 9.0964E-6
9.38269E-8 1.29141E-7 8.42641E-8 2.65552E-7 2.37785E-7 5.16098E-7 8.50706E-7 5.10804E-6 6.47677E-6 4.45201E-6 1.15664E-6 6.82383E-6 9.63612E-6 1.04126E-5 9.52113E-6 2.41564E-6 6.83108E-6 7.92943E-6 8.44041E-6 9.54787E-6 1.0898E-5 1.0148E-5 7.93857E-6 6.47924E-6 2.83472E-6 2.0226E-6 4.23919E-6 3.05301E-6 1.775E-6 3.72049E-6 5.82076E-6 2.34024E-6 2.39904E-6 4.0575E-6 4.28819E-6 5.61878E-6 5.6676E-6 6.33133E-6 6.61535E-6 4.12322E-6 6.23E-6 6.87833E-6 2.54131E-6 2.77802E-6 5.52171E-6 3.87088E-6 6.45092E-6 5.23698E-6 3.28232E-6 2.24743E-6 2.89202E-6 3.39061E-6 6.52728E-6 4.98913E-6 8.45925E-6 1.0008E-5 6.68319E-6 8.75178E-6 8.33449E-6 6.0518E-6 4.76468E-6 5.70097E-6 5.43573E-6 5.61519E-6 5.03049E-6 6.87865E-6
4.36252E-8 8.75758E-8 2.5335E-7 1.80241E-7 2.93251E-7 6.57296E-7 1.56513E-6 4.16376E-6 8.17359E-6 8.77865E-6 5.83766E-6 2.35164E-6 7.02086E-6 1.10257E-5 1.13593E-5 4.91836E-6 1.1364E-5 1.07101E-5 1.28923E-5 1.17599E-5 1.14694E-5 1.00486E-5 9.86701E-6 5.24488E-6 4.19917E-6 5.46524E-6 2.80464E-6 6.40877E-6 4.50642E-6 3.31254E-6 4.04099E-6 2.11922E-6 1.0589E-6 1.09744E-6 1.65273E-6 4.3774E-6 4.87582E-6 5.53165E-6 6.33729E-6 5.58822E-6 4.85391E-6 3.79254E-6 2.29205E-6 2.50339E-6 5.59678E-6 3.34548E-6 2.39695E-6 4.2599E-6 5.28971E-6 3.46668E-6 2.76954E-6 2.17073E-6 2.90263E-6 5.12303E-6 8.8491E-6 5.29713E-6 7.62998E-6 2.51283E-6 7.1219E-6 5.94004E-6 4.52048E-6 4.0383E-6 4.23004E-6 5.07373E-6 4.9158E-6 6.36333E-6
1.42884E-7 4.91297E-8 7.80392E-8 1.03528E-7 8.13381E-7 7.49253E-7 3.45573E-7 1.0959E-6 4.38573E-6 9.68323E-6 9.10822E-6 7.63523E-6 1.05903E-5 1.15848E-5 9.61513E-6 4.30573E-6 7.52313E-6 8.66519E-6 1.08917E-5 1.21937E-5 1.0585E-5 9.66029E-6 8.87057E-6 8.27355E-6 9.27716E-6 8.63853E-6 7.26465E-6 2.80515E-6 7.24812E-6 3.7876E-6 2.85092E-6 2.85139E-6 2.04326E-6 5.5611E-7 7.80732E-7 3.65537E-6 1.53309E-6 5.31577E-6 5.75934E-6 5.87975E-6 4.70714E-6 4.14352E-6 2.87052E-6 1.95958E-6 4.97332E-6 3.95964E-6 2.49596E-6 8.83179E-7 7.60855E-6 1.0069E-5 7.67718E-6 5.46381E-6 3.26833E-6 2.81736E-6 9.77251E-6 5.43662E-6 8.40259E-6 5.58535E-6 4.83495E-6 5.38662E-6 4.85319E-6 4.76127E-6 3.93575E-6 4.0232E-6 5.32276E-6 7.23097E-6
1.44192E-7 1.3209E-7 1.62827E-7 8.14705E-8 3.54824E-7 2.86745E-7 2.30504E-7 1.54269E-6 6.31329E-6 9.99686E-6 9.49141E-6 9.65951E-6 1.0757E-5 1.13743E-5 6.70956E-6 1.01648E-6 5.60237E-6 1.04711E-5 1.07071E-5 1.08349E-5 1.12071E-5 9.7731E-6 7.25068E-6 8.07822E-6 9.61455E-6 8.98028E-6 8.62685E-6 8.36747E-6 7.63731E-6 5.05131E-6 3.10798E-6 3.40189E-6 3.91192E-6 3.463E-6 3.64512E-6 3.53362E-6 3.90404E-6 4.67346E-6 5.30798E-6 5.94824E-6 5.21015E-6 5.88531E-6 3.45521E-6 4.05706E-6 3.83387E-6 2.27403E-6 3.97356E-6 3.42636E-6 4.25262E-6 9.29797E-6 8.53538E-6 5.76316E-6 6.00071E-6 8.46128E-6 1.12043E-5 8.97024E-6 9.05011E-6 5.50577E-6 5.06769E-6 4.95975E-6 5.35337E-6 4.3109E-6 3.98708E-6 4.28166E-6 4.78747E-6 7.39697E-6
8.02733E-8 1.26689E-7 1.08866E-6 2.39047E-7 1.15893E-7 6.03027E-7 4.51157E-7 5.72084E-6 8.67028E-6 7.42132E-6 9.19343E-6 9.75293E-6 3.66529E-6 9.7431E-6 7.94067E-6 2.40028E-6 1.0556E-5 1.21555E-5 1.06567E-5 1.03889E-5 9.85051E-6 9.33327E-6 8.93086E-6 7.87746E-6 9.04677E-6 9.54548E-6 9.29973E-6 8.99566E-6 8.20525E-6 6.33635E-6 3.20226E-6 1.70917E-6 2.02971E-6 3.55167E-6 1.99632E-6 7.24338E-7 1.60361E-6 3.11521E-6 4.25828E-6 4.41486E-6 4.95107E-6 5.88705E-6 4.29832E-6 5.04381E-6 1.43969E-6 8.09745E-7 6.97973E-7 1.45128E-6 2.91254E-6 3.3625E-6 6.39992E-6 7.89729E-6 9.04151E-6 1.01143E-5 4.06616E-6 3.73388E-6 7.845E-6 8.36761E-6 5.91369E-6 4.08337E-6 4.61605E-6 4.03674E-6 3.47427E-6 4.01282E-6 4.18018E-6 9.73742E-6
9.90452E-8 1.82898E-7 3.80596E-7 3.31438E-7 1.102E-6 5.47535E-7 6.99661E-7 1.93382E-6 8.95E-6 6.84208E-6 5.78155E-6 9.59047E-6 7.54958E-6 4.52033E-6 4.47558E-6 3.68697E-6 8.9356E-6 1.28494E-5 1.19001E-5 1.06282E-5 1.05174E-5 1.1058E-5 9.90474E-6 9.39698E-6 9.88637E-6 8.88609E-6 9.25989E-6 9.16674E-6 8.09699E-6 7.23135E-6 4.12189E-6 1.92365E-6 2.33835E-6 1.66943E-6 7.57722E-7 1.87078E-6 1.15633E-6 3.97917E-7 1.88729E-6 3.51655E-6 3.91557E-6 5.06558E-6 1.50163E-6 1.99989E-6 5.80373E-7 6.05476E-7 4.35094E-6 7.2641E-7 1.42599E-6 3.24192E-6 5.8439E-6 7.02136E-6 5.58618E-6 2.39601E-6 2.4419E-6 6.1093E-6 4.06477E-6 7.07612E-6 6.05663E-6 4.00501E-6 3.09339E-6 3.24597E-6 3.03787E-6 3.88895E-6 5.92673E-6 1.26811E-5
2.06787E-7 5.66407E-8 3.11623E-7 5.81643E-7 1.76894E-7 3.76321E-7 7.80178E-7 5.71574E-7 5.47098E-6 9.73227E-6 4.65204E-6 2.06637E-6 8.30491E-7 1.46292E-6 9.54649E-6 1.29236E-5 9.72029E-6 1.24096E-5 1.20942E-5 1.11336E-5 1.0997E-5 1.00344E-5 1.04555E-5 9.79402E-6 8.57471E-6 6.27088E-6 7.91615E-6 7.13683E-6 6.8504E-6 7.32645E-6 4.25005E-6 3.58426E-6 2.17271E-6 1.44495E-6 9.06187E-7 1.45576E-6 2.50654E-6 1.9241E-6 1.56963E-7 2.32167E-7 2.32506E-6 4.34178E-6 5.00333E-7 6.90288E-7 1.00388E-6 6.48345E-7 2.7832E-7 5.95292E-7 2.12706E-6 1.50753E-6 1.87494E-6 4.1414E-6 2.03858E-6 4.89844E-6 3.48779E-6 3.60708E-6 3.51222E-6 5.52189E-6 5.7685E-6 3.82291E-6 2.62926E-6 2.70028E-6 3.54574E-6 6.14429E-6 1.34202E-5 1.33476E-5
4.31533E-7 8.27997E-7 3.35917E-7 3.56269E-7 3.77983E-7 5.19076E-7 4.29382E-7 3.92915E-7 2.33408E-6 2.66942E-6 3.69019E-6 1.66719E-6 7.97849E-7 1.4044E-6 4.69568E-6 1.14069E-5 6.51527E-6 1.08546E-5 1.17593E-5 1.14532E-5 1.13486E-5 1.15672E-5 1.00375E-5 1.18098E-5 8.65104E-6 5.58436E-6 5.86957E-6 5.26872E-6 4.22259E-6 5.88955E-6 5.38239E-6 3.82291E-6 3.23203E-6 1.04437E-6 8.70133E-7 2.76428E-6 2.71971E-6 3.614E-6 7.73812E-7 3.61341E-7 3.67734E-6 2.91147E-6 4.989E-6 8.60392E-7 4.13756E-7 1.94636E-7 3.94402E-7 9.00514E-6 5.45436E-6 1.89468E-6 2.83865E-6 2.84159E-6 4.90936E-6 4.1946E-6 5.29615E-6 6.76812E-6 4.9946E-6 7.24516E-6 5.27123E-6 3.4474E-6 2.91283E-6 3.47815E-6 5.0599E-6 1.1609E-5 1.50479E-5 1.55547E-5
4.97784E-7 7.95828E-7 7.11749E-7 2.96281E-7 4.45906E-7 1.58386E-6 7.72653E-7 5.3147E-7 6.02688E-7 1.80194E-6 2.51859E-6 4.77897E-6 3.47077E-7 1.78196E-6 9.22816E-6 4.41624E-6 8.92123E-6 9.22407E-6 1.18788E-5 1.15634E-5 1.21436E-5 1.11711E-5 1.24472E-5 1.06791E-5 7.484E-6 6.34262E-6 5.79394E-6 5.74582E-6 4.56298E-6 1.93461E-6 3.25693E-6 3.80438E-6 4.11577E-6 3.29247E-6 7.83327E-7 1.38796E-6 1.84245E-6 3.79693E-6 2.40804E-6 1.07356E-7 1.12368E-6 1.52238E-6 7.7321E-7 4.60548E-6 4.28135E-6 2.59164E-7 1.2133E-7 7.54198E-6 4.66934E-6 3.61275E-6 5.11532E-6 5.14054E-6 4.11742E-6 4.42127E-6 6.31131E-6 6.14205E-6 7.91197E-6 1.16202E-5 6.21785E-6 4.52122E-6 4.54364E-6 3.88644E-6 5.0244E-6 1.04073E-5 1.52403E-5 1.93068E-5
7.52672E-7 1.06474E-6 1.19526E-6 6.52009E-7 1.51472E-7 7.48205E-7 8.23068E-7 2.85869E-7 6.0969E-7 7.1045E-7 1.48137E-6 4.29629E-6 8.10673E-7 1.2786E-6 9.79589E-6 5.52976E-6 4.16222E-6 1.30683E-5 6.67712E-6 1.14433E-5 1.22458E-5 1.23375E-5 1.23901E-5 1.02138E-5 7.18733E-6 6.49054E-6 5.28431E-6 5.40321E-6 4.6129E-6 3.04811E-6 3.99094E-6 3.77153E-6 3.8509E-6 3.83335E-6 7.87573E-7 9.30261E-7 3.79697E-6 4.34067E-6 4.32377E-6 5.47875E-7 2.48568E-7 7.84564E-7 2.038E-7 1.10011E-6 1.54424E-6 7.82878E-7 2.66315E-7 7.07831E-6 3.94613E-6 3.65932E-6 3.26407E-6 3.26954E-6 2.49591E-6 3.6701E-6 5.43809E-6 5.1575E-6 6.90542E-6 1.20379E-5 8.4998E-6 6.40209E-6 4.95546E-6 5.83945E-6 6.71013E-6 1.03567E-5 1.31241E-5 1.63535E-5
3.37511E-7 2.7515E-7 1.29113E-7 1.79836E-7 4.30924E-7 1.48681E-7 4.99248E-7 1.09738E-6 1.81576E-6 3.27548E-6 8.17214E-7 5.17617E-6 1.1365E-6 2.51755E-6 2.23306E-6 1.90122E-6 3.06968E-6 1.2367E-5 6.85138E-6 2.48719E-6 1.37505E-5 1.20209E-5 1.26877E-5 1.11276E-5 7.64456E-6 4.66975E-6 4.47153E-6 3.50525E-6 3.43126E-6 4.15513E-6 3.70537E-6 4.51656E-6 4.69419E-6 4.42452E-6 1.90134E-6 1.56863E-6 2.83824E-6 4.88448E-6 4.66199E-6 4.44143E-6 1.58887E-6 2.58371E-6 1.62513E-6 1.20977E-6 3.23277E-6 1.76544E-6 3.9854E-7 1.1641E-5 6.97925E-6 1.00919E-6 2.31709E-6 2.94942E-6 5.5058E-6 3.8958E-6 3.87601E-6 6.81325E-6 6.98003E-6 1.3367E-5 1.15409E-5 9.90351E-6 8.40501E-6 8.82967E-6 7.90232E-6 8.93656E-6 9.56151E-6 1.16959E-5
1.12628E-7 6.56206E-8 7.85208E-8 1.09743E-7 4.54409E-7 4.9953E-7 1.40073E-6 4.24074E-7 5.27061E-7 3.38996E-6 2.77016E-6 1.08565E-6 6.82165E-7 2.11566E-6 3.05217E-6 1.87829E-6 2.70388E-6 9.91827E-6 1.37374E-5 8.96914E-6 1.47813E-5 1.45623E-5 1.38467E-5 1.36211E-5 1.03152E-5 6.49295E-6 4.66919E-6 3.45689E-6 3.44559E-6 4.4495E-6 5.39931E-6 6.51035E-6 5.19357E-6 5.12432E-6 2.22472E-6 6.93446E-7 1.44776E-6 2.16404E-6 2.28871E-6 4.8336E-6 2.49707E-6 2.35712E-6 9.02911E-7 1.23249E-6 2.14564E-6 1.74891E-6 1.52981E-6 8.17348E-6 4.61244E-6 1.0452E-6 1.80895E-6 2.15646E-6 5.11693E-6 5.64345E-6 7.07787E-6 6.50474E-6 6.62002E-6 9.48918E-6 1.11576E-5 9.71318E-6 8.34789E-6 7.94007E-6 7.92159E-6 9.35772E-6 1.01261E-5 1.40594E-5
6.33738E-7 1.03961E-6 8.4496E-7 8.45185E-8 9.06169E-8 2.20593E-6 2.63047E-6 1.34944E-6 1.50056E-6 2.49465E-6 2.18766E-6 1.61614E-6 2.0065E-6 1.26581E-6 1.86094E-6 2.62764E-6 3.77596E-6 1.18999E-5 1.38056E-5 9.38484E-6 1.57225E-5 1.24877E-5 1.36519E-5 1.34699E-5 8.50722E-6 6.14734E-6 4.38704E-6 3.09368E-6 3.54242E-6 4.98017E-6 5.00175E-6 6.94622E-6 5.82833E-6 5.40704E-6 3.20172E-6 8.5356E-7 2.84169E-6 2.57942E-6 2.80982E-6 1.93464E-6 1.20697E-6 1.14014E-6 4.92456E-7 1.39554E-6 9.97121E-7 1.19833E-6 1.88651E-6 4.88677E-6 1.9961E-6 1.68425E-6 1.8429E-6 3.18801E-6 5.319E-6 3.70715E-6 8.27142E-6 9.34266E-6 6.47741E-6 1.18303E-5 1.1899E-5 1.06795E-5 7.80053E-6 5.97127E-6 6.67987E-6 8.01652E-6 1.22864E-5 1.38231E-5
4.07463E-6 5.75083E-6 5.05965E-6 2.31905E-6 8.61163E-8 1.77558E-6 1.88167E-6 1.33484E-6 1.81515E-6 1.12228E-6 1.12226E-6 4.06019E-6 2.02846E-6 2.38692E-6 4.65149E-6 1.60789E-6 1.25595E-6 2.78167E-6 1.30872E-5 1.31844E-5 1.22341E-5 1.65351E-5 1.51115E-5 1.44646E-5 1.13539E-5 8.29978E-6 5.98226E-6 4.35633E-6 3.5506E-6 4.06132E-6 5.12159E-6 7.61793E-6 6.07363E-6 3.82059E-6 2.76586E-6 9.83825E-7 2.49972E-6 6.10534E-7 1.21098E-6 2.6682E-6 2.73919E-6 2.42264E-6 4.87536E-7 1.60452E-6 1.2753E-6 1.70124E-6 2.07767E-6 4.87305E-6 2.76515E-6 2.88773E-6 1.49701E-6 2.9103E-6 4.13788E-6 7.38452E-6 9.75698E-6 7.28927E-6 8.26012E-6 1.03241E-5 1.87521E-5 1.1763E-5 1.08529E-5 7.37045E-6 6.61728E-6 7.42E-6 1.01455E-5 1.60157E-5
2.4178E-6 2.9923E-6 5.48406E-6 6.34601E-6 4.62619E-6 3.54635E-6 3.57343E-6 8.13035E-7 1.3173E-6 9.11735E-7 3.00707E-7 3.60403E-7 4.6963E-7 2.6338E-6 3.24407E-6 2.23839E-6 4.77342E-6 8.12768E-6 8.98727E-6 9.64665E-6 1.19372E-5 1.62977E-5 1.58317E-5 1.51434E-5 1.41221E-5 9.42348E-6 7.65957E-6 5.29956E-6 5.35386E-6 3.90003E-6 3.77197E-6 8.80309E-6 6.37454E-6 1.16985E-6 6.55176E-7 2.07732E-6 2.06276E-6 2.84949E-6 3.2965E-6 2.41753E-6 4.0546E-6 1.56123E-6 2.09439E-6 4.2519E-6 2.0402E-6 1.22576E-6 1.88259E-6 3.38109E-6 2.60158E-6 1.20771E-6 9.57933E-7 3.34908E-6 5.78114E-6 8.96442E-6 8.56703E-6 5.90141E-6 8.85627E-6 1.45545E-5 1.27715E-5 9.82023E-6 1.2977E-5 8.25321E-6 6.26264E-6 6.27038E-6 8.8919E-6 1.47246E-5
4.23166E-6 4.91582E-6 5.55079E-6 6.62505E-6 6.8008E-6 6.17957E-6 3.63442E-6 1.14063E-6 6.68211E-7 7.92152E-7 9.62177E-7 3.46302E-7 9.44211E-7 1.79157E-6 3.88948E-6 6.37276E-6 3.83277E-6 2.0858E-6 3.44561E-6 5.09195E-6 1.42796E-5 1.55758E-5 1.40832E-5 1.44493E-5 1.4217E-5 9.6052E-6 9.12697E-6 5.09786E-6 2.38265E-6 4.59965E-6 8.89118E-6 7.43891E-6 5.72187E-6 1.92835E-6 7.06442E-7 1.28655E-6 8.60913E-7 2.34E-6 8.60083E-7 2.78501E-6 2.53352E-6 3.84641E-6 8.77545E-7 7.72758E-7 1.35313E-6 1.11594E-6 1.35842E-6 3.72275E-6 2.45619E-6 2.02915E-6 1.35515E-6 3.24036E-6 4.42558E-6 1.08597E-5 9.32031E-6 6.03408E-6 9.52661E-6 1.16033E-5 1.05135E-5 9.93868E-6 1.11337E-5 6.44603E-6 5.5541E-6 5.27814E-6 7.82283E-6 1.67856E-5
5.52348E-6 5.15325E-6 4.01537E-6 4.05546E-6 6.16997E-6 5.00435E-6 4.99571E-6 4.63259E-6 1.8513E-6 5.56018E-7 4.13202E-7 5.67432E-7 9.99449E-7 1.54491E-6 1.0781E-6 3.75306E-6 2.60808E-6 1.12034E-5 6.56018E-6 4.83403E-6 1.11709E-5 1.38256E-5 1.30643E-5 1.2085E-5 1.23881E-5 7.95114E-6 3.78137E-6 2.41044E-6 6.9723E-6 9.25508E-6 9.09215E-6 7.66393E-6 4.5002E-6 2.31575E-6 2.19288E-6 5.69529E-7 1.01429E-6 1.52524E-6 4.94329E-7 3.65832E-6 5.57848E-6 3.2889E-6 1.61188E-6 8.81968E-7 2.38951E-6 1.05741E-6 4.08086E-6 3.26359E-6 1.85045E-6 2.17426E-6 2.3031E-6 3.086E-6 5.36147E-6 8.31215E-6 1.04627E-5 6.79625E-6 8.96312E-6 1.46823E-5 1.2404E-5 1.43485E-5 9.76343E-6 8.32832E-6 1.10211E-5 6.11972E-6 5.75971E-6 1.27604E-5
