catData/rasterBestHybridModels/Pviverrinus/RD_RM2_LQ/Pviverrinus_stddev.asc
ncols         409
nrows         350
xllcorner     60.897278365
yllcorner     5.843756025
cellsize      0.0892857
NODATA_value  -9999
[rows 116 to 144 of 350, columns 132 to 197 of 409]
1.61851E-6 1.61681E-6 1.61252E-6 1.6897E-6 1.66243E-6 1.77844E-6 1.80691E-6 1.80934E-6 1.80229E-6 1.82743E-6 1.73183E-6 1.71237E-6 1.72723E-6 1.84473E-6 1.87883E-6 1.45557E-6 1.75114E-6 1.69291E-6 2.74357E-7 7.11115E-7 4.58417E-7 6.14125E-7 3.87225E-7 3.33818E-7 3.47578E-7 9.6184E-7 1.84847E-6 1.98622E-6 2.15368E-6 2.33279E-6 2.53642E-6 2.55144E-6 2.70498E-6 2.84379E-6 2.66458E-6 3.49134E-6 3.60629E-6 3.78377E-6 2.71881E-6 4.19101E-6 4.19499E-6 2.48364E-6 1.44292E-6 3.19746E-6 4.3351E-6 4.69115E-6 4.91218E-6 5.46839E-6 5.99028E-6 5.57566E-6 5.17759E-6 4.72293E-6 5.1208E-6 6.15394E-6 6.67792E-6 7.01992E-6 7.62457E-6 8.0089E-6 8.49169E-6 8.23378E-6 8.2347E-6 8.23697E-6 8.15338E-6 8.54802E-6 8.76997E-6 8.44902E-6
1.69621E-6 1.65979E-6 1.62858E-6 1.6753E-6 1.97324E-6 1.8027E-6 1.95649E-6 1.97895E-6 1.9149E-6 1.8042E-6 1.12484E-6 1.79915E-6 1.86119E-6 1.88954E-6 1.88732E-6 1.83532E-6 1.78533E-6 7.21736E-7 5.46159E-7 2.42099E-7 1.06852E-6 4.83623E-7 8.68326E-7 5.52852E-7 4.19079E-7 1.4238E-6 1.76103E-6 2.09698E-6 2.3412E-6 2.38001E-6 2.36001E-6 2.60759E-6 2.61328E-6 2.08919E-6 3.26291E-6 3.54389E-6 3.77522E-6 3.96703E-6 4.08073E-6 4.35153E-6 4.02341E-6 1.44881E-6 3.0319E-6 4.38156E-6 4.44963E-6 4.56976E-6 5.083E-6 5.82296E-6 4.62558E-6 5.09385E-6 4.73353E-6 5.49149E-6 5.5097E-6 6.14922E-6 6.37173E-6 7.00861E-6 6.80354E-6 7.79542E-6 8.38527E-6 8.4717E-6 8.3771E-6 8.23157E-6 8.34085E-6 8.58574E-6 8.56299E-6 8.77161E-6
1.79179E-6 1.79316E-6 1.70522E-6 1.95051E-6 2.11229E-6 2.23233E-6 2.16165E-6 2.07302E-6 2.00187E-6 1.71204E-6 1.27535E-6 1.8935E-6 1.89818E-6 1.59627E-6 1.48295E-6 1.78344E-6 1.61927E-6 1.16834E-6 1.53253E-6 1.70374E-6 1.49114E-6 1.26594E-6 4.79672E-7 9.04066E-7 3.26128E-7 1.56703E-6 1.6745E-6 2.09123E-6 2.2951E-6 2.48307E-6 2.60929E-6 2.82075E-6 2.99819E-6 2.72885E-6 3.44372E-6 3.35664E-6 3.79934E-6 3.85358E-6 4.24358E-6 4.21188E-6 4.37796E-6 3.96951E-6 3.65342E-6 4.04674E-6 4.83254E-6 4.60807E-6 3.37223E-6 3.62255E-6 3.93855E-6 2.29573E-7 1.65814E-7 1.61828E-6 6.29528E-7 3.24753E-7 1.09257E-6 2.70166E-6 3.82541E-6 5.52317E-6 8.43284E-6 8.47381E-6 8.51791E-6 8.44692E-6 7.0838E-6 8.40806E-6 6.47861E-6 8.9496E-6
2.00542E-6 2.15549E-6 2.30081E-6 2.30164E-6 2.5026E-6 2.53243E-6 2.49148E-6 2.22932E-6 2.07314E-6 1.90719E-6 1.57052E-6 1.2604E-6 1.76641E-6 1.58368E-6 1.81049E-6 6.52314E-7 9.38184E-7 1.27915E-6 7.67463E-7 1.03765E-6 7.19168E-7 8.68847E-7 1.46854E-6 1.26406E-6 1.71121E-6 1.80241E-6 1.94965E-6 1.6642E-6 2.04754E-6 2.4096E-6 2.67171E-6 2.83366E-6 3.18252E-6 3.35391E-6 3.60806E-6 3.74066E-6 3.86865E-6 3.24938E-6 3.39282E-6 4.18007E-6 4.8633E-6 5.13574E-6 4.82654E-6 5.03309E-6 3.37097E-6 2.22314E-6 3.16563E-6 3.40861E-6 1.18846E-6 3.20319E-7 3.89475E-8 8.38408E-8 3.31694E-7 6.88994E-7 1.75953E-6 2.25943E-6 6.57074E-6 7.94126E-6 8.00682E-6 5.26151E-6 8.52746E-6 6.70582E-6 5.29572E-6 5.06679E-6 5.48572E-6 9.015E-6
2.25712E-6 2.4815E-6 2.4638E-6 3.08492E-6 2.54078E-6 2.53538E-6 2.48957E-6 2.30272E-6 2.22634E-6 2.20213E-6 1.79721E-6 1.00919E-6 1.65848E-6 1.51742E-6 9.29989E-7 4.01075E-7 5.4495E-7 1.20016E-6 5.74636E-7 5.80794E-7 6.82064E-7 5.09677E-7 8.55691E-7 1.43784E-6 1.82585E-6 1.88951E-6 1.93429E-6 2.12779E-6 1.82092E-6 1.36051E-6 2.28057E-6 2.6618E-6 2.49477E-6 3.43335E-6 3.7188E-6 3.59514E-6 3.7513E-6 3.69812E-6 4.46701E-6 3.0859E-6 4.84495E-6 5.74342E-6 5.07862E-6 4.06643E-6 1.4172E-6 3.18857E-6 3.15823E-6 5.87256E-7 4.47419E-7 1.24023E-7 6.30731E-7 7.30054E-7 2.23276E-6 2.99426E-6 5.74258E-6 7.45686E-6 7.01143E-6 5.52275E-6 3.4687E-6 4.38113E-7 2.92258E-6 4.88742E-6 6.17989E-6 4.79262E-6 7.15242E-6 8.48978E-6
2.50863E-6 2.59126E-6 2.57304E-6 2.67226E-6 2.66541E-6 2.62022E-6 2.61011E-6 2.55468E-6 2.33196E-6 1.63597E-6 1.46515E-6 2.05801E-6 1.9737E-6 1.90475E-6 1.16203E-6 8.32174E-7 8.75004E-7 7.75288E-7 1.13804E-6 2.51389E-7 1.66339E-7 3.86781E-7 1.39301E-6 1.47332E-6 1.69693E-6 1.68641E-6 2.02845E-6 2.21086E-6 2.24946E-6 1.99002E-6 2.20901E-6 2.58884E-6 3.0065E-6 3.70396E-6 3.59704E-6 2.82155E-6 3.39482E-6 3.85656E-6 5.03873E-6 3.86242E-6 5.0065E-6 4.1805E-6 4.63115E-6 5.37859E-6 4.56166E-6 1.89306E-6 2.92777E-6 3.68533E-7 2.50979E-7 7.88406E-7 6.78102E-7 2.16998E-6 3.97453E-6 1.61587E-6 6.5069E-6 3.55997E-6 1.90776E-6 1.31274E-6 2.68711E-7 4.90083E-7 4.98708E-6 8.88186E-6 6.22341E-6 4.84335E-6 8.23494E-6 7.94295E-6
2.53581E-6 2.4476E-6 2.47176E-6 2.75178E-6 2.8416E-6 2.85686E-6 2.86372E-6 2.70679E-6 2.42749E-6 2.31709E-6 2.16951E-6 2.09047E-6 1.91108E-6 1.29765E-6 3.13546E-7 1.14349E-6 8.04699E-7 1.04816E-6 1.08875E-6 6.18216E-7 1.41183E-6 1.53611E-6 1.1761E-6 8.78409E-7 7.11382E-7 4.0465E-7 9.64508E-7 1.37213E-6 1.58032E-6 2.29103E-6 2.34333E-6 2.99556E-6 2.84607E-6 3.84847E-6 4.10264E-6 3.22246E-6 4.66842E-6 4.42134E-6 4.86075E-6 2.43482E-6 5.72291E-6 4.46769E-6 4.93644E-6 1.79374E-6 2.8681E-6 1.30901E-6 1.23145E-6 2.7098E-6 1.49489E-6 1.19176E-6 9.42518E-7 1.47392E-6 8.69997E-7 1.13408E-6 4.25934E-7 4.76207E-7 5.86763E-7 1.42441E-6 5.80005E-7 5.59844E-7 2.6675E-6 3.83618E-6 2.97599E-6 7.30305E-6 3.81823E-6 1.23325E-6
2.38287E-6 2.4349E-6 2.47255E-6 2.62592E-6 2.75326E-6 2.79463E-6 2.86515E-6 2.68463E-6 1.62192E-6 1.82173E-6 2.04539E-6 1.81773E-6 1.40472E-6 6.55559E-7 1.17932E-6 1.10974E-6 4.04117E-7 6.72132E-7 1.33829E-6 1.32478E-6 1.21287E-6 1.19176E-6 1.56355E-6 1.34127E-6 5.68494E-7 8.09301E-7 9.0739E-7 2.50344E-6 1.89701E-6 2.6203E-6 2.48807E-6 2.24176E-6 2.89967E-6 3.16561E-6 3.44782E-6 2.35732E-6 2.85199E-6 4.21769E-6 5.23172E-6 5.07463E-6 5.60411E-6 4.76171E-6 1.53624E-6 6.2774E-7 3.35088E-6 1.50763E-6 2.89449E-6 2.60358E-6 2.86779E-6 2.72303E-6 6.01471E-7 6.49915E-7 1.77024E-6 1.85055E-7 2.36772E-7 4.49056E-7 8.60031E-7 4.45989E-7 1.72555E-6 2.92203E-6 4.35682E-6 4.54593E-6 4.93319E-6 3.98351E-6 4.04064E-6 5.73273E-6
2.38554E-6 2.51944E-6 2.62661E-6 2.77564E-6 2.80948E-6 2.80667E-6 2.54693E-6 2.31513E-6 1.97636E-6 1.87074E-6 8.45904E-7 1.72322E-6 1.32017E-6 8.05873E-7 1.01721E-6 4.04555E-7 3.4241E-7 1.11502E-6 1.05273E-6 1.21779E-6 1.16771E-6 3.05118E-7 5.67766E-7 6.31793E-7 1.19024E-6 6.06345E-7 4.49131E-7 1.74565E-6 1.13002E-6 1.76627E-6 3.64254E-6 1.36954E-6 2.83697E-6 2.57043E-6 3.29949E-6 2.01605E-6 4.25987E-6 4.50121E-6 4.6596E-6 5.69591E-6 4.20946E-6 9.78087E-7 5.13467E-7 2.88837E-6 4.92791E-6 2.36291E-6 3.5234E-6 3.14815E-6 3.99035E-6 5.02261E-6 1.61189E-6 9.54064E-7 9.45107E-7 3.35428E-7 4.54187E-7 6.32289E-7 6.37521E-7 7.2956E-7 6.67411E-7 4.69136E-6 4.75975E-6 6.44975E-6 7.0954E-6 7.0112E-6 8.46876E-6 6.53232E-6
2.36537E-6 2.68811E-6 2.7041E-6 2.76934E-6 2.81604E-6 2.77749E-6 2.6328E-6 2.19414E-6 2.58427E-6 2.21924E-6 1.24999E-6 6.32963E-7 6.66808E-7 9.08349E-7 3.4703E-7 3.96116E-7 4.08446E-7 3.08452E-7 1.23003E-6 1.38311E-6 1.02214E-6 1.12066E-6 1.64591E-6 1.62507E-6 8.45103E-7 3.81179E-7 4.67001E-7 9.15321E-7 2.01868E-6 1.92584E-6 3.21276E-6 2.94849E-6 2.39538E-6 2.45348E-6 2.85517E-6 3.83896E-6 3.9238E-6 4.86722E-6 4.41357E-6 2.43981E-6 4.77494E-6 3.85099E-6 2.77246E-6 5.6756E-6 5.87363E-6 4.84586E-6 4.15599E-6 1.22977E-6 5.90418E-7 2.04558E-6 8.51229E-7 2.22278E-7 2.20577E-6 7.82296E-7 4.17525E-7 5.06294E-7 5.66724E-7 9.30258E-7 9.13669E-7 2.02587E-6 6.76786E-6 7.38958E-6 8.40587E-6 4.07307E-6 3.64691E-6 8.59479E-6
2.57941E-6 2.67107E-6 2.71065E-6 2.7772E-6 2.60907E-6 2.73959E-6 1.83524E-6 2.36319E-6 1.96686E-6 1.30758E-6 2.00742E-6 5.14111E-7 1.2164E-6 5.66436E-7 6.05921E-7 4.37289E-7 2.08463E-7 7.73397E-7 1.11021E-6 1.39506E-6 1.51899E-6 1.05417E-6 6.76336E-7 4.76015E-7 7.95568E-7 1.54911E-6 1.54797E-6 1.28335E-6 7.36743E-7 2.27671E-6 3.4109E-6 1.43424E-6 2.51891E-6 2.06253E-6 1.92245E-6 2.8258E-6 4.07549E-6 5.02071E-6 2.80329E-6 2.451E-6 3.4531E-6 5.16165E-6 3.95669E-6 6.91627E-6 4.3939E-6 5.13917E-6 2.33045E-6 1.28127E-6 5.17111E-7 1.42384E-6 6.45466E-7 8.26475E-7 1.37298E-6 3.773E-7 1.17532E-6 3.36192E-7 9.36866E-7 1.51082E-6 3.79204E-6 5.12637E-6 4.18762E-6 4.57594E-6 2.41682E-6 1.71325E-6 7.44687E-7 4.23223E-6
2.61931E-6 2.70811E-6 2.61795E-6 2.77823E-6 2.84429E-6 2.55058E-6 2.77818E-6 1.51445E-6 3.79982E-7 1.24798E-6 9.38911E-7 1.26251E-6 1.27502E-6 7.24837E-7 2.24097E-7 3.59326E-7 9.49252E-7 9.54257E-7 6.2049E-7 1.41929E-6 1.34839E-6 4.74822E-7 3.02848E-7 8.48333E-7 7.19131E-7 1.87343E-6 1.34501E-6 1.81183E-6 1.77558E-6 1.77467E-6 1.40308E-6 7.46138E-7 1.30107E-6 3.12537E-6 3.2012E-6 3.50003E-6 4.30777E-6 5.26055E-6 4.74097E-6 4.58894E-6 3.6867E-6 6.13616E-6 5.58304E-6 6.2601E-6 5.74672E-6 4.10271E-6 1.47891E-6 3.04624E-7 2.16221E-7 4.77453E-7 1.30833E-6 2.59034E-6 2.37722E-7 7.70579E-7 4.61606E-7 7.74974E-7 4.6909E-7 1.08169E-6 6.8633E-7 2.75703E-6 1.38801E-6 9.03999E-7 2.23633E-6 1.85992E-6 1.3908E-6 3.89739E-6
2.67006E-6 2.64537E-6 2.24735E-6 2.79493E-6 2.65543E-6 1.13775E-6 1.7905E-6 1.32281E-6 2.17137E-6 8.6272E-7 4.85212E-7 1.03267E-6 1.34602E-6 7.24729E-7 6.07875E-7 5.48887E-7 1.05209E-7 1.03312E-6 1.3357E-6 1.36203E-6 3.69841E-7 2.65131E-7 3.14259E-7 3.41173E-7 1.16572E-6 1.98953E-6 1.53706E-6 2.10234E-6 2.42263E-6 9.58098E-7 1.51363E-6 1.29445E-6 3.09052E-6 3.35584E-6 3.22302E-6 2.09435E-6 2.09811E-6 2.45305E-6 2.41175E-6 4.2038E-6 4.32282E-6 8.26344E-6 5.48616E-6 7.64063E-6 4.40175E-6 4.28417E-6 4.79315E-7 8.64945E-7 7.09569E-7 8.37229E-7 9.91191E-7 3.28108E-6 8.75492E-7 2.72368E-7 3.19689E-7 1.00808E-6 9.92423E-7 7.32098E-7 3.34586E-7 6.46858E-8 8.29942E-7 2.90532E-6 9.12442E-7 6.25174E-7 2.55702E-7 1.60376E-7
2.7668E-6 2.75254E-6 2.77246E-6 2.86375E-6 1.48019E-6 1.31495E-6 6.12278E-7 5.95364E-7 2.50725E-6 7.08854E-7 1.19361E-6 2.68979E-7 8.29743E-7 2.03426E-7 1.0855E-7 1.55054E-7 7.84362E-7 1.26289E-6 1.40862E-6 1.52706E-6 5.43043E-7 3.74351E-7 3.54722E-7 7.02604E-7 5.39684E-7 1.10252E-6 1.50374E-6 3.00686E-6 1.92388E-6 8.28809E-7 3.00801E-6 3.40546E-6 4.27072E-6 2.41805E-6 1.71481E-6 9.21876E-7 3.62839E-6 3.30941E-6 3.13353E-6 5.22404E-6 3.70338E-6 5.77642E-6 4.25256E-6 6.01843E-6 9.26694E-6 4.95314E-6 1.57173E-6 1.21451E-7 5.6418E-7 1.52244E-6 6.31988E-7 3.1802E-6 1.21445E-7 1.0595E-7 1.80653E-7 1.52697E-7 7.99978E-7 6.95462E-7 7.82575E-7 8.34532E-8 2.64241E-7 4.09912E-7 9.79929E-8 3.6239E-7 2.71629E-7 2.58281E-7
2.08108E-6 2.6245E-6 2.67486E-6 2.35407E-6 1.39946E-6 5.889E-7 4.22689E-7 4.00249E-7 6.30347E-7 7.94121E-7 1.2887E-6 7.23306E-7 2.06907E-7 1.13945E-7 1.33119E-7 3.12381E-7 2.642E-7 1.063E-6 8.48349E-7 3.8002E-7 1.0438E-6 9.21797E-7 7.67832E-7 7.78736E-7 6.42208E-7 6.83844E-7 9.52302E-7 1.11879E-6 1.80284E-6 2.83289E-6 3.0613E-6 3.08982E-6 3.47229E-6 3.80976E-6 2.8522E-6 3.65513E-6 3.64015E-6 6.37355E-6 4.22068E-6 2.97896E-6 2.62555E-6 6.8228E-6 8.37615E-6 5.99239E-6 7.31836E-6 1.05709E-6 2.172E-6 1.62631E-7 2.92306E-7 5.82056E-7 5.74785E-7 1.29194E-6 4.25959E-7 1.45045E-7 6.71194E-7 4.11912E-7 6.19521E-7 4.4186E-7 7.68888E-7 2.83602E-7 1.00869E-7 7.49743E-7 1.1105E-7 2.14364E-7 1.83709E-7 1.08426E-6
1.52403E-6 2.52026E-6 1.68431E-6 2.24142E-6 1.17534E-6 1.27313E-6 2.72675E-6 1.15726E-6 7.73344E-7 6.5546E-7 2.70614E-7 4.44692E-7 9.95743E-8 7.68862E-8 9.20221E-7 1.23405E-7 7.68777E-7 1.44051E-6 6.33455E-7 7.00543E-7 8.53611E-7 7.17858E-7 1.5929E-6 1.7071E-6 9.15284E-7 1.19699E-6 2.0237E-6 9.87215E-7 2.86476E-6 3.20372E-6 3.19025E-6 3.86235E-6 3.97217E-6 6.38684E-6 3.36656E-6 4.3381E-6 4.93463E-6 4.09702E-6 3.51353E-6 2.31219E-6 4.64058E-6 6.84225E-6 8.13316E-6 6.32372E-6 3.08728E-6 3.26202E-7 6.15562E-7 1.73723E-7 8.33096E-7 6.04217E-7 2.82856E-7 5.50138E-7 1.24784E-6 1.38586E-7 2.10377E-7 3.86489E-7 8.51688E-7 4.7385E-7 3.64521E-7 3.04427E-7 1.65996E-7 1.47012E-7 2.9829E-7 1.1935E-6 8.35091E-7 4.47608E-7
1.56194E-6 2.47208E-6 1.06056E-6 1.6323E-6 3.73424E-7 4.25867E-7 6.27912E-7 3.0127E-7 1.27031E-7 5.54826E-7 5.19956E-7 5.64577E-7 5.59453E-8 4.51153E-8 4.26298E-7 6.10596E-7 4.39286E-7 7.58607E-7 2.54561E-7 1.71148E-7 5.34205E-7 6.76034E-7 2.21358E-6 1.80462E-6 1.18984E-6 1.42665E-6 2.28815E-6 1.91826E-6 1.56768E-6 1.20992E-6 3.22597E-6 3.54267E-6 4.106E-6 4.55499E-6 5.4504E-6 5.89006E-6 6.00496E-6 5.85911E-6 7.27629E-6 4.69801E-6 3.84497E-6 6.8737E-6 8.43281E-6 4.69215E-6 4.72883E-6 7.99805E-7 8.37802E-7 2.64023E-6 5.84342E-7 3.66211E-7 3.09334E-7 1.10777E-7 4.11972E-7 2.5409E-7 2.69219E-7 3.8889E-7 6.49167E-7 2.28363E-7 3.50343E-7 6.24421E-8 6.91203E-7 3.8857E-7 5.85578E-7 2.80654E-6 4.91552E-7 5.47722E-7
1.05811E-6 1.67514E-6 8.59958E-7 1.5814E-6 1.43914E-6 4.88348E-7 4.88491E-7 4.80957E-7 1.7324E-6 5.31962E-7 8.66008E-7 4.94397E-7 1.79052E-7 4.38868E-8 1.46755E-7 1.31341E-6 4.6314E-7 4.63425E-7 3.10668E-7 1.01954E-6 1.91229E-6 9.26286E-7 1.46462E-6 2.08474E-6 1.63613E-6 2.2984E-6 1.85378E-6 1.71723E-6 2.10264E-6 2.34366E-6 1.43021E-6 1.39868E-6 3.48975E-6 2.60904E-6 4.21798E-6 5.70144E-6 5.54424E-6 6.74899E-6 5.57364E-6 4.29121E-6 6.74779E-6 7.4317E-6 8.13397E-6 5.56045E-6 5.32133E-6 3.97145E-6 3.55631E-6 2.69769E-6 6.62814E-7 2.5695E-7 4.13258E-7 4.70871E-8 1.66566E-7 3.13774E-7 5.02557E-7 1.5072E-6 6.86827E-7 2.71276E-7 1.26493E-7 7.7195E-8 6.26978E-7 3.22748E-7 6.53647E-7 6.22356E-7 6.09804E-7 3.0908E-7
5.40939E-7 1.07034E-6 5.99131E-7 2.49692E-6 2.03983E-6 1.00039E-6 4.46727E-7 8.15763E-7 1.00984E-6 3.70346E-7 3.29708E-7 4.07945E-7 6.51488E-7 1.59351E-7 4.53461E-7 6.76474E-7 5.91806E-7 2.40385E-7 8.05558E-7 1.21827E-6 1.13221E-6 1.62075E-6 1.90214E-6 1.47829E-6 2.67645E-6 2.15832E-6 2.71969E-6 1.57703E-6 9.08072E-7 1.72443E-6 8.96507E-7 6.73602E-7 1.31299E-6 1.51758E-6 2.60812E-7 1.00305E-6 3.29463E-6 6.72293E-6 5.95945E-6 3.63851E-6 6.59956E-6 7.31148E-6 6.84216E-6 3.9178E-6 4.51016E-6 1.46841E-6 2.54307E-6 2.53761E-6 9.45823E-7 3.14947E-7 1.41492E-7 9.17777E-8 2.4635E-7 4.37122E-7 3.92405E-7 1.65889E-6 1.22044E-6 1.60811E-7 6.73983E-7 5.24639E-7 1.78467E-7 2.37779E-7 1.06863E-6 4.91589E-6 1.76596E-6 7.5004E-7
1.08232E-6 6.63248E-7 7.38255E-7 2.39431E-6 2.93699E-6 1.10343E-6 2.43142E-6 1.46953E-6 2.02017E-7 3.59565E-7 7.62377E-7 9.52002E-8 1.61061E-7 1.6516E-7 1.87904E-7 1.1034E-7 2.33455E-7 9.71702E-7 1.15036E-6 1.14576E-6 1.09545E-6 1.88302E-6 2.44816E-6 2.83439E-6 2.3685E-6 1.58128E-6 9.73692E-7 2.12565E-7 2.26929E-6 2.32217E-6 1.16922E-6 9.49488E-7 1.25808E-6 4.30133E-7 5.81499E-7 4.52468E-7 1.25809E-6 2.10167E-6 3.69696E-6 5.01637E-6 3.59262E-6 6.75617E-6 7.90655E-6 7.5683E-6 5.92154E-6 4.84335E-6 2.88067E-6 2.03705E-6 1.70886E-6 4.87933E-7 5.02854E-7 9.76068E-7 6.14391E-7 7.04772E-7 1.21354E-6 7.84621E-7 1.48174E-6 1.00467E-6 5.15718E-7 3.44382E-7 7.49495E-7 4.57569E-7 2.25317E-7 1.97075E-6 5.35011E-7 1.50128E-6
1.14139E-6 5.84054E-7 1.30819E-6 2.05957E-6 1.02307E-6 1.93275E-6 1.85773E-6 9.27758E-7 4.49774E-7 7.24348E-7 5.73609E-7 3.13464E-7 3.89263E-7 1.63745E-7 6.45907E-8 2.93821E-7 1.79525E-7 1.10907E-6 9.1479E-7 1.83818E-6 2.21614E-6 1.89464E-6 2.2434E-6 2.71056E-6 2.58264E-6 2.50709E-6 2.55881E-6 1.28762E-6 1.82425E-6 2.76724E-6 2.61826E-6 2.68895E-6 3.46028E-6 2.38351E-6 2.3413E-6 1.88959E-6 2.76474E-6 6.47887E-7 3.82634E-6 4.91848E-6 2.78085E-6 6.97272E-6 2.89605E-6 5.76535E-6 4.00264E-6 4.46476E-6 4.47295E-6 2.60831E-6 1.423E-6 3.18092E-7 3.30471E-7 5.88799E-7 4.295E-7 5.33962E-7 8.55336E-7 1.70177E-6 1.47862E-6 2.52365E-6 8.49702E-7 8.20375E-7 7.41597E-7 7.45028E-7 9.01234E-7 1.3792E-6 1.14087E-6 1.3081E-6
2.1988E-6 5.64943E-7 7.44365E-7 6.90303E-7 1.68086E-6 1.50409E-6 1.48763E-6 7.25386E-7 9.20763E-7 5.229E-7 6.23403E-7 9.5688E-7 7.41338E-8 1.58479E-7 1.11772E-7 5.70771E-7 6.44227E-7 1.7924E-6 1.53561E-6 2.03598E-6 1.97674E-6 7.41118E-7 2.17066E-6 1.35478E-6 6.51111E-7 8.97222E-7 8.15797E-7 2.1439E-6 2.7045E-6 1.34918E-6 1.50162E-6 2.86831E-6 4.70049E-6 2.91718E-6 3.39118E-6 3.68058E-6 2.77077E-6 5.58142E-7 4.93871E-7 2.75982E-6 4.71599E-6 4.19297E-6 1.90443E-6 3.38697E-6 5.43934E-6 4.33648E-6 4.27018E-6 2.88204E-6 7.22076E-7 7.53346E-7 3.05954E-7 6.4635E-7 6.78129E-7 1.49037E-6 4.64151E-7 1.25936E-6 1.58559E-6 2.12008E-6 2.86271E-7 3.3185E-7 6.66495E-7 8.27313E-7 2.78796E-6 2.46212E-6 4.14225E-6 2.73268E-6
1.58105E-6 1.25143E-6 2.03798E-6 9.71556E-7 1.8555E-6 2.03225E-6 1.64733E-6 1.19364E-6 1.13923E-6 7.85881E-7 6.54249E-7 7.25027E-7 1.09853E-7 9.45653E-8 1.03613E-7 8.25565E-7 1.91539E-6 7.82743E-7 1.25069E-6 2.57123E-6 1.9709E-6 7.99705E-7 9.92217E-7 1.01574E-6 4.20941E-7 3.58837E-7 1.01522E-6 1.80491E-6 1.09558E-6 2.32645E-6 3.23246E-6 3.91722E-6 1.7098E-6 2.4112E-6 8.47925E-7 2.28555E-6 2.23998E-6 1.17384E-6 5.64278E-7 2.02329E-6 7.19771E-6 5.5291E-6 4.7078E-6 2.65439E-6 4.71612E-6 4.76815E-6 3.10619E-6 1.61777E-6 2.39517E-6 3.03395E-6 8.8516E-7 1.77684E-7 4.67223E-7 6.85616E-7 7.01963E-7 9.72886E-7 1.63691E-7 7.27042E-7 1.1235E-6 4.59587E-7 9.42891E-7 1.39681E-6 5.55061E-6 3.88087E-6 3.25589E-6 3.46187E-6
2.76572E-6 1.78644E-6 1.9419E-6 1.75809E-6 2.38057E-6 4.2998E-7 9.53154E-7 1.58627E-6 8.17079E-7 4.5973E-7 5.40056E-7 1.78141E-6 2.9334E-7 5.63569E-7 9.08637E-7 1.49044E-6 1.52307E-6 9.12268E-7 1.65843E-6 2.3712E-6 1.45482E-6 5.725E-7 8.30907E-7 2.56381E-6 1.13409E-6 1.72203E-6 8.30115E-7 1.08027E-6 8.98733E-7 1.21877E-6 2.43151E-6 7.15375E-7 2.52811E-6 1.43102E-6 8.22962E-7 2.02307E-6 2.62402E-6 8.77271E-7 1.60325E-6 2.63343E-6 5.01167E-6 5.82044E-6 4.03916E-6 1.62429E-6 3.34625E-6 3.1944E-6 2.11441E-6 1.58324E-6 1.53229E-6 2.29081E-6 6.88653E-7 1.94149E-7 4.7939E-7 5.70251E-7 2.19127E-7 6.41986E-7 2.75802E-7 3.29912E-7 7.27729E-7 5.24601E-7 3.26445E-7 1.04389E-6 3.91262E-6 1.99607E-6 2.00763E-6 4.56352E-7
4.2029E-6 1.84011E-6 1.3399E-6 1.24492E-6 3.15128E-6 2.71031E-7 1.97887E-6 4.48696E-7 1.11705E-6 2.64225E-7 4.13446E-7 6.54139E-7 7.52526E-7 1.84295E-7 3.70853E-7 1.67716E-6 9.68997E-7 1.00298E-6 1.22372E-6 2.57208E-6 2.17121E-6 5.57857E-7 7.69465E-7 2.08141E-6 2.33232E-6 2.44626E-6 2.65474E-6 9.19668E-7 6.99521E-7 6.21916E-7 2.0415E-6 1.44825E-6 -9999 2.26996E-6 2.0017E-6 6.29098E-7 1.13539E-6 3.31271E-7 1.21033E-6 2.00036E-6 3.05516E-6 2.43371E-6 2.70228E-6 1.66064E-6 1.57033E-6 1.78972E-6 1.43011E-6 1.00316E-6 7.19337E-7 3.12527E-6 4.62476E-7 2.06665E-7 2.05465E-7 6.01546E-7 2.95455E-7 1.56852E-7 8.99383E-7 3.38622E-7 1.71456E-6 6.37663E-7 2.55732E-7 6.98458E-7 3.01911E-6 4.95306E-7 1.85807E-6 7.40632E-7
2.61822E-6 3.08832E-6 3.05397E-6 3.09364E-6 3.27009E-6 2.34495E-6 2.47399E-6 6.62463E-7 1.52388E-6 5.14652E-7 8.91954E-8 1.10016E-6 4.18924E-7 3.96009E-7 5.14394E-7 5.59088E-7 3.13261E-7 3.08225E-7 1.72254E-6 1.7665E-6 1.90876E-6 1.12821E-6 9.05415E-7 2.03948E-6 1.74706E-6 3.05827E-6 3.18027E-6 3.12773E-6 1.93983E-6 2.67625E-6 2.81158E-6 3.4184E-6 3.79022E-6 1.50185E-6 1.64953E-6 1.82672E-6 1.47658E-6 5.26005E-7 7.26653E-7 5.03721E-7 1.6898E-6 6.68783E-7 6.85135E-7 3.53431E-7 7.87136E-7 7.37942E-7 8.86272E-7 5.01153E-7 1.39544E-6 1.77706E-6 1.56089E-6 8.5858E-7 2.85089E-7 1.1936E-6 5.23225E-7 1.74656E-7 9.16589E-7 2.57883E-6 2.8282E-6 3.80469E-7 2.37893E-7 4.74329E-7 1.00333E-6 1.8106E-6 1.02631E-6 1.64068E-7
5.19375E-7 4.18311E-7 1.23158E-6 3.91781E-6 2.38504E-6 1.47661E-6 3.31736E-6 7.91395E-7 6.84514E-7 4.2253E-7 4.08037E-7 4.51688E-7 1.99433E-6 2.2537E-6 2.33481E-6 1.94481E-7 5.71512E-7 9.55302E-7 1.25115E-6 2.46872E-6 2.57536E-6 1.20906E-6 2.31695E-6 1.07136E-6 1.99028E-6 3.30355E-6 3.42725E-6 3.39546E-6 1.71654E-6 1.42453E-6 2.06363E-6 1.29937E-6 1.04E-6 2.009E-6 3.88936E-7 3.17179E-7 8.00355E-7 8.78558E-7 6.05581E-7 2.3415E-6 3.48285E-7 5.56867E-7 1.62159E-7 2.43882E-7 1.70339E-7 1.02767E-6 1.3115E-7 1.68114E-6 3.60026E-7 8.1233E-7 7.14596E-7 1.81484E-6 5.86898E-7 1.51981E-6 1.59239E-6 2.77361E-7 1.57107E-7 2.24164E-7 1.92004E-7 8.67466E-8 3.77141E-7 2.53929E-7 4.21008E-7 1.33332E-6 1.95661E-6 2.29841E-6
5.47199E-7 2.37116E-7 1.9015E-6 2.10054E-6 3.33814E-6 3.40539E-6 3.63546E-6 6.90933E-7 1.18073E-6 7.15452E-7 6.85724E-7 7.35148E-7 1.25846E-6 1.71817E-6 2.79414E-6 5.37176E-7 2.87781E-7 1.7784E-6 2.59831E-6 2.8345E-6 2.54563E-6 4.24704E-7 4.16616E-7 1.64256E-6 6.90234E-7 3.40056E-6 3.39393E-6 3.12743E-6 1.88706E-6 1.15639E-6 2.16363E-6 1.94086E-6 3.57495E-7 3.89891E-7 2.94984E-7 3.22972E-7 6.01418E-7 9.0824E-7 1.94884E-6 1.21815E-6 3.82218E-7 5.49206E-7 1.84316E-6 1.08388E-6 3.76765E-7 1.7566E-6 7.6265E-7 7.89249E-7 3.2656E-7 3.68868E-7 4.88022E-7 1.02563E-6 1.20855E-7 1.36395E-6 1.22031E-6 4.75386E-7 1.59792E-7 3.28005E-7 2.53365E-7 7.61706E-8 9.88147E-8 5.62559E-8 1.50903E-7 9.32005E-8 5.40039E-7 4.22871E-7
2.9328E-6 2.76196E-6 2.48846E-6 4.79084E-6 5.88979E-6 4.22454E-6 3.57422E-6 7.83482E-7 2.14656E-6 1.94218E-6 6.97132E-7 5.0986E-7 1.63284E-7 4.84275E-7 1.75444E-6 1.32467E-6 2.13244E-6 2.71631E-6 6.78446E-7 3.62807E-6 3.93381E-6 2.17664E-6 1.08083E-6 1.48781E-6 1.33928E-6 3.18984E-6 3.32379E-6 1.88202E-6 3.49545E-6 2.01078E-6 9.69228E-7 7.06336E-7 1.90929E-6 7.81563E-7 1.58619E-7 9.97817E-7 1.95656E-7 1.54721E-6 2.61709E-6 1.57868E-6 5.30637E-7 7.50695E-7 1.09225E-6 1.01583E-6 2.43374E-6 3.59373E-6 3.05972E-6 3.31239E-6 1.32145E-6 9.54308E-7 2.39104E-7 3.80304E-7 1.05681E-7 7.50117E-7 2.46292E-7 2.63387E-7 2.38265E-7 1.07362E-6 4.25089E-7 4.65978E-8 3.28918E-8 1.3183E-7 9.42737E-8 6.85752E-8 1.74844E-8 5.50612E-7
