catData/rasterBestHybridModels/Pviverrinus/RD_RM2_LQ/Pviverrinus_stddev.asc
ncols         409
nrows         350
xllcorner     60.897278365
yllcorner     5.843756025
cellsize      0.0892857
NODATA_value  -9999
[rows 116 to 144 of 350, columns 66 to 131 of 409]
1.9636E-7 2.18818E-7 3.4254E-7 2.51729E-7 4.19705E-7 9.05826E-7 1.47322E-6 1.54001E-6 1.61805E-6 3.0757E-6 3.95166E-6 3.91754E-6 3.42012E-6 5.41171E-6 6.10476E-6 5.76965E-6 5.82104E-6 2.13266E-6 1.25595E-6 1.17967E-6 1.19351E-6 1.20151E-6 1.30454E-6 1.43104E-6 1.2928E-6 1.38518E-6 1.38562E-6 1.36687E-6 1.35482E-6 1.34714E-6 1.35931E-6 1.3857E-6 1.35783E-6 1.37407E-6 1.35666E-6 1.37295E-6 1.33951E-6 1.39318E-6 1.39469E-6 1.40535E-6 1.39794E-6 1.3836E-6 1.40525E-6 1.41039E-6 1.33382E-6 1.31265E-6 1.28289E-6 1.25196E-6 1.24341E-6 1.2329E-6 1.1681E-6 1.124E-6 1.09138E-6 1.09773E-6 1.13307E-6 1.16511E-6 1.18252E-6 1.21115E-6 1.2669E-6 1.34888E-6 1.38203E-6 1.38077E-6 1.41075E-6 1.45808E-6 1.49254E-6 1.53166E-6
2.926E-7 2.36522E-7 3.40394E-7 3.87578E-7 4.88581E-7 8.51381E-7 1.48675E-6 1.59406E-6 1.97377E-6 2.47774E-6 3.79995E-6 2.55067E-6 3.04914E-6 5.33157E-6 5.65547E-6 5.71128E-6 4.97952E-6 3.04756E-6 1.40541E-6 1.26478E-6 1.23239E-6 1.26525E-6 1.42322E-6 1.37181E-6 1.43897E-6 1.46846E-6 1.47621E-6 1.46884E-6 1.46476E-6 1.44711E-6 1.45297E-6 1.47918E-6 1.50433E-6 1.51157E-6 1.46424E-6 1.45846E-6 1.42699E-6 1.45387E-6 1.45847E-6 1.46984E-6 1.46597E-6 1.43425E-6 1.4112E-6 1.39198E-6 1.33686E-6 1.28186E-6 1.25512E-6 1.232E-6 1.20528E-6 1.1794E-6 1.12726E-6 1.04858E-6 1.02977E-6 1.12991E-6 1.16087E-6 1.1749E-6 1.21509E-6 1.28737E-6 1.32714E-6 1.37816E-6 1.42658E-6 1.43854E-6 1.45931E-6 1.47269E-6 1.53215E-6 1.6453E-6
3.3148E-7 3.7446E-7 3.58168E-7 4.92214E-7 4.35406E-7 6.91488E-7 1.38213E-6 1.55598E-6 1.78834E-6 2.63124E-6 2.54029E-6 2.80358E-6 2.07709E-6 3.95344E-6 5.38107E-6 5.3431E-6 5.37843E-6 5.54771E-6 2.30632E-6 1.5083E-6 1.44883E-6 1.45267E-6 1.68343E-6 1.30512E-6 1.67639E-6 1.57924E-6 1.58111E-6 1.56663E-6 1.55907E-6 1.5744E-6 1.58084E-6 1.60123E-6 1.61997E-6 1.61314E-6 1.61216E-6 1.58754E-6 1.58255E-6 1.6351E-6 1.54954E-6 1.542E-6 1.53781E-6 1.49151E-6 1.44538E-6 1.39651E-6 1.34498E-6 1.32218E-6 1.26457E-6 1.20675E-6 1.17138E-6 1.13804E-6 1.10864E-6 1.04387E-6 1.12324E-6 1.19385E-6 1.23796E-6 1.24404E-6 1.26763E-6 1.3472E-6 1.36858E-6 1.44057E-6 1.46073E-6 1.48554E-6 1.50953E-6 1.51941E-6 1.6084E-6 1.71381E-6
3.20997E-7 4.84034E-7 4.59788E-7 5.70099E-7 4.84312E-7 6.81192E-7 1.1307E-6 1.10072E-6 1.69818E-6 3.01757E-6 3.44227E-6 2.50239E-6 2.12346E-6 2.85997E-6 4.98735E-6 5.1163E-6 5.90601E-6 6.18771E-6 5.55341E-6 2.39324E-6 1.63726E-6 1.71615E-6 1.96976E-6 2.13373E-6 1.86864E-6 1.76047E-6 1.71352E-6 1.6767E-6 1.66852E-6 1.69378E-6 1.71886E-6 1.74999E-6 1.72841E-6 1.71013E-6 1.68384E-6 1.67445E-6 1.69182E-6 1.74669E-6 1.61413E-6 1.59795E-6 1.57712E-6 1.52981E-6 1.47394E-6 1.42154E-6 1.4019E-6 1.35701E-6 1.2869E-6 1.22066E-6 1.16891E-6 1.15443E-6 1.13947E-6 1.14053E-6 1.18005E-6 1.239E-6 1.24187E-6 1.31648E-6 1.35533E-6 1.4024E-6 1.42075E-6 1.4972E-6 1.51205E-6 1.54027E-6 1.56919E-6 1.61925E-6 1.7244E-6 1.81872E-6
3.52573E-7 4.73502E-7 6.17029E-7 6.65698E-7 6.82812E-7 6.81263E-7 9.45503E-7 6.92093E-7 1.34491E-6 1.55164E-6 2.27097E-6 1.39677E-6 1.55937E-6 3.1226E-6 5.16149E-6 5.85063E-6 6.06437E-6 5.79272E-6 5.10952E-6 5.02258E-6 2.57295E-6 1.87516E-6 1.62154E-6 1.62654E-6 2.30941E-6 1.98194E-6 1.88949E-6 1.83759E-6 1.81843E-6 1.81005E-6 1.81522E-6 1.82298E-6 1.84067E-6 1.83048E-6 1.77902E-6 1.7499E-6 1.76769E-6 1.79936E-6 1.66528E-6 1.64346E-6 1.60129E-6 1.54724E-6 1.50823E-6 1.48364E-6 1.43431E-6 1.37532E-6 1.31693E-6 1.25383E-6 1.18547E-6 1.17911E-6 1.16719E-6 1.19129E-6 1.25469E-6 1.30857E-6 1.24239E-6 1.43192E-6 1.46914E-6 1.48578E-6 1.52185E-6 1.57667E-6 1.59759E-6 1.62086E-6 1.6626E-6 1.74972E-6 1.85579E-6 1.97217E-6
4.83139E-7 5.04289E-7 5.57904E-7 7.6075E-7 8.30197E-7 6.96449E-7 8.25294E-7 7.30679E-7 1.05065E-6 7.9435E-7 1.34303E-6 1.15579E-6 1.11279E-6 2.50871E-6 4.34448E-6 6.56915E-6 6.52292E-6 5.36213E-6 4.46811E-6 5.47509E-6 5.24118E-6 2.83805E-6 2.09045E-6 2.11918E-6 1.95326E-6 2.4371E-6 2.0947E-6 2.07617E-6 2.01599E-6 1.94104E-6 1.89957E-6 1.89421E-6 1.91099E-6 1.90975E-6 1.85758E-6 1.82125E-6 1.81706E-6 1.84975E-6 1.71695E-6 1.68751E-6 1.64706E-6 1.60511E-6 1.57418E-6 1.53885E-6 1.47636E-6 1.40043E-6 1.33576E-6 1.27787E-6 1.23768E-6 1.24174E-6 1.22331E-6 1.22831E-6 1.28164E-6 1.4136E-6 1.50197E-6 1.5391E-6 1.56221E-6 1.61073E-6 1.64138E-6 1.67791E-6 1.7166E-6 1.74244E-6 1.81844E-6 1.93231E-6 2.02358E-6 2.08151E-6
6.89421E-7 6.85015E-7 6.54359E-7 7.50645E-7 8.32929E-7 8.30061E-7 7.6555E-7 7.51425E-7 1.04464E-6 5.15974E-7 1.09254E-6 1.06294E-6 1.04198E-6 1.46103E-6 2.25118E-6 5.51496E-6 6.73248E-6 6.74533E-6 5.76019E-6 5.92036E-6 5.04876E-6 4.30573E-6 2.69576E-6 2.17017E-6 2.50749E-6 3.12657E-6 2.9122E-6 2.43482E-6 2.27957E-6 2.1478E-6 2.053E-6 2.01291E-6 2.01257E-6 1.98346E-6 2.00572E-6 1.95275E-6 1.91513E-6 1.84369E-6 1.76749E-6 1.74105E-6 1.71422E-6 1.67496E-6 1.65771E-6 1.62436E-6 1.55847E-6 1.46107E-6 1.36948E-6 1.32856E-6 1.3282E-6 1.36193E-6 1.39439E-6 1.43144E-6 1.45051E-6 1.54291E-6 1.62531E-6 1.6502E-6 1.6757E-6 1.73352E-6 1.75464E-6 1.78545E-6 1.8557E-6 1.90334E-6 1.99391E-6 2.05929E-6 2.073E-6 2.20002E-6
8.77155E-7 9.02493E-7 9.14386E-7 7.40738E-7 6.45373E-7 8.16866E-7 7.73689E-7 6.60004E-7 9.35155E-7 5.93365E-7 9.3432E-7 1.02252E-6 1.03753E-6 1.47472E-6 1.52847E-6 3.2314E-6 5.81564E-6 7.35139E-6 7.0539E-6 6.70899E-6 5.22872E-6 4.92118E-6 4.10597E-6 4.40724E-6 2.5051E-6 3.04045E-6 2.62837E-6 2.46911E-6 2.53183E-6 2.28802E-6 2.17087E-6 2.10381E-6 2.06635E-6 2.02614E-6 2.0561E-6 2.01701E-6 2.00044E-6 1.8344E-6 1.82324E-6 1.7994E-6 1.77047E-6 1.71661E-6 1.71105E-6 1.69283E-6 1.62089E-6 1.55108E-6 1.47395E-6 1.43636E-6 1.44955E-6 1.48895E-6 1.54005E-6 1.60421E-6 1.66841E-6 1.70266E-6 1.75997E-6 1.79098E-6 1.80625E-6 1.8562E-6 1.8949E-6 1.93593E-6 2.01038E-6 2.04068E-6 2.10835E-6 2.15968E-6 2.18395E-6 2.27411E-6
1.15936E-6 1.07493E-6 1.08724E-6 1.03159E-6 8.86506E-7 9.92234E-7 7.937E-7 8.68855E-7 7.87887E-7 7.90217E-7 8.82681E-7 9.55762E-7 1.07418E-6 1.42352E-6 1.61386E-6 1.81594E-6 2.58399E-6 7.52347E-6 6.9912E-6 7.32002E-6 5.69118E-6 5.83333E-6 5.65006E-6 4.85392E-6 2.58281E-6 2.17484E-6 2.39855E-6 2.553E-6 2.47022E-6 2.56013E-6 2.33019E-6 2.21738E-6 2.14688E-6 2.10043E-6 2.0752E-6 2.09053E-6 2.05425E-6 1.89979E-6 1.90485E-6 1.89442E-6 1.84312E-6 1.78832E-6 1.76035E-6 1.73135E-6 1.70138E-6 1.66578E-6 1.61852E-6 1.58453E-6 1.5658E-6 1.6029E-6 1.71118E-6 1.81789E-6 1.84065E-6 1.90426E-6 1.96684E-6 1.97103E-6 1.98523E-6 2.04816E-6 2.14068E-6 2.21064E-6 2.23584E-6 2.21529E-6 2.20862E-6 2.24255E-6 2.25125E-6 2.28533E-6
1.46907E-6 1.26791E-6 1.20637E-6 1.13248E-6 1.09747E-6 1.08712E-6 9.69674E-7 9.59625E-7 9.2954E-7 8.16706E-7 1.02448E-6 1.00602E-6 1.16737E-6 1.43405E-6 1.63075E-6 1.73737E-6 2.24446E-6 7.09115E-6 8.54983E-6 8.42019E-6 6.76304E-6 6.43136E-6 3.85469E-6 3.0897E-6 2.0999E-6 2.4212E-6 2.90603E-6 2.35015E-6 3.15808E-6 2.48911E-6 2.59223E-6 2.37505E-6 2.2521E-6 2.17562E-6 2.12146E-6 2.11511E-6 2.14439E-6 2.05238E-6 1.9849E-6 1.94703E-6 1.90354E-6 1.85858E-6 1.82938E-6 1.81091E-6 1.77904E-6 1.76056E-6 1.76146E-6 1.85317E-6 1.67547E-6 1.69635E-6 1.9393E-6 2.09742E-6 2.0904E-6 2.13926E-6 2.16858E-6 2.17473E-6 2.2043E-6 2.28092E-6 2.38342E-6 2.47737E-6 2.43863E-6 2.36817E-6 2.31992E-6 2.32275E-6 2.3214E-6 2.37708E-6
1.50104E-6 1.51751E-6 1.3688E-6 1.11972E-6 1.18426E-6 1.1021E-6 1.06315E-6 1.00929E-6 9.99872E-7 8.64941E-7 1.15176E-6 1.10851E-6 1.2341E-6 1.46205E-6 1.52336E-6 1.62276E-6 1.49145E-6 5.03781E-6 7.57524E-6 8.89782E-6 4.43341E-6 4.03247E-6 4.57401E-6 3.08527E-6 2.23633E-6 2.89648E-6 3.07662E-6 2.83065E-6 2.29733E-6 3.20514E-6 2.90162E-6 2.54963E-6 2.34643E-6 2.25775E-6 2.18744E-6 2.21591E-6 2.27721E-6 2.28597E-6 2.09366E-6 2.01975E-6 1.99196E-6 1.95994E-6 1.91581E-6 1.90631E-6 1.89819E-6 1.87465E-6 1.93846E-6 1.99217E-6 1.99729E-6 1.983E-6 2.05055E-6 2.26124E-6 2.43309E-6 2.39602E-6 2.36077E-6 2.3579E-6 2.42112E-6 2.49503E-6 2.57978E-6 2.52849E-6 2.49615E-6 1.82096E-6 2.0746E-6 2.09772E-6 2.32872E-6 2.36868E-6
1.5765E-6 1.67223E-6 1.55093E-6 1.39587E-6 1.30901E-6 1.17878E-6 1.10366E-6 9.80331E-7 1.04686E-6 1.18861E-6 1.31102E-6 1.32224E-6 1.32697E-6 1.50487E-6 1.45629E-6 1.44899E-6 1.70947E-6 2.6508E-6 3.51797E-6 7.78947E-6 6.2706E-6 4.09913E-6 4.62566E-6 2.99605E-6 2.56481E-6 2.59593E-6 2.80162E-6 2.62165E-6 2.64492E-6 3.05942E-6 2.18972E-6 2.59801E-6 2.46076E-6 2.3528E-6 2.33358E-6 2.3962E-6 2.33189E-6 2.3144E-6 2.18661E-6 2.08496E-6 2.07009E-6 2.04735E-6 2.05207E-6 2.11404E-6 2.1052E-6 2.07504E-6 2.03511E-6 2.0089E-6 2.07298E-6 2.09044E-6 2.38212E-6 2.51808E-6 2.70674E-6 2.67763E-6 2.60596E-6 2.59235E-6 2.64673E-6 2.67592E-6 2.6938E-6 2.70162E-6 2.52646E-6 2.46885E-6 2.09725E-6 2.29087E-6 2.39419E-6 2.55938E-6
1.98746E-6 1.69692E-6 1.752E-6 1.61496E-6 1.3649E-6 1.44511E-6 1.44663E-6 1.06064E-6 1.2356E-6 1.30018E-6 1.33605E-6 1.37787E-6 1.48943E-6 1.68453E-6 1.651E-6 1.59518E-6 1.87493E-6 4.4326E-6 7.11952E-6 7.15381E-6 5.73605E-6 6.76865E-6 4.1505E-6 3.92418E-6 3.13483E-6 3.57652E-6 3.17263E-6 2.59626E-6 2.66148E-6 2.94304E-6 2.39364E-6 2.8993E-6 2.62506E-6 2.59248E-6 2.5208E-6 2.49584E-6 2.3973E-6 2.37765E-6 2.2627E-6 2.23243E-6 2.23863E-6 2.22316E-6 2.21511E-6 2.18462E-6 2.18573E-6 2.18426E-6 2.16689E-6 2.16164E-6 2.08029E-6 2.12629E-6 2.59706E-6 2.78749E-6 2.80106E-6 2.76248E-6 2.79363E-6 2.76311E-6 2.74242E-6 2.85802E-6 2.87232E-6 2.77515E-6 2.77989E-6 2.43492E-6 2.35105E-6 1.81335E-6 2.49165E-6 2.56013E-6
2.61349E-6 1.83984E-6 1.8711E-6 1.65116E-6 1.61422E-6 1.95724E-6 2.00201E-6 1.2862E-6 1.3616E-6 1.44899E-6 1.50628E-6 1.5388E-6 1.68577E-6 1.82989E-6 1.76457E-6 1.75761E-6 2.03552E-6 3.56693E-6 1.02068E-5 5.823E-6 8.06951E-6 6.68221E-6 5.94646E-6 4.48094E-6 3.51581E-6 3.6839E-6 3.1813E-6 2.61676E-6 3.31502E-6 2.73764E-6 3.76035E-6 2.38066E-6 2.42715E-6 2.22601E-6 2.6679E-6 2.53894E-6 2.49039E-6 2.45363E-6 2.40736E-6 2.31981E-6 2.33275E-6 2.32057E-6 2.28271E-6 2.27754E-6 2.29211E-6 2.30293E-6 2.3234E-6 2.35678E-6 2.45808E-6 2.44662E-6 2.63468E-6 2.7768E-6 2.87173E-6 2.97647E-6 2.96756E-6 3.01697E-6 3.04604E-6 3.05203E-6 3.01508E-6 2.97231E-6 2.79816E-6 2.49706E-6 1.73107E-6 2.31749E-6 2.5965E-6 2.61737E-6
3.88071E-6 1.99485E-6 1.94287E-6 1.80881E-6 2.60926E-6 2.56118E-6 2.28046E-6 1.60505E-6 1.61241E-6 1.66559E-6 1.71087E-6 1.7558E-6 1.86727E-6 1.93388E-6 1.97836E-6 1.99037E-6 2.5664E-6 4.15305E-6 6.39714E-6 6.4511E-6 7.2541E-6 7.13444E-6 7.15079E-6 4.96017E-6 3.80452E-6 3.72682E-6 3.70581E-6 3.32423E-6 3.28223E-6 3.53117E-6 3.10521E-6 2.44769E-6 2.4167E-6 2.24638E-6 2.70371E-6 2.57476E-6 2.52037E-6 2.53195E-6 2.51493E-6 2.42767E-6 2.40122E-6 2.40034E-6 2.40363E-6 2.41581E-6 2.45253E-6 2.4497E-6 2.39777E-6 2.42198E-6 2.57982E-6 2.63354E-6 2.83049E-6 2.95142E-6 3.0485E-6 2.9028E-6 3.16232E-6 3.20387E-6 3.24135E-6 3.24855E-6 3.28619E-6 3.19434E-6 3.00871E-6 2.65262E-6 1.73075E-6 2.6205E-6 2.21308E-6 2.31689E-6
4.28715E-6 2.08454E-6 1.97043E-6 2.50447E-6 3.46692E-6 2.79308E-6 2.42332E-6 1.94627E-6 1.93135E-6 1.9284E-6 1.93021E-6 1.95043E-6 1.95095E-6 2.01165E-6 2.09705E-6 2.18143E-6 2.77288E-6 4.02589E-6 6.67395E-6 9.7806E-6 9.02795E-6 7.52018E-6 5.00977E-6 4.95817E-6 4.44456E-6 3.79611E-6 3.53959E-6 3.38251E-6 2.87322E-6 2.77596E-6 2.33844E-6 2.59317E-6 2.66776E-6 2.68806E-6 2.76041E-6 2.63925E-6 2.60717E-6 2.62186E-6 2.60626E-6 2.57121E-6 2.50672E-6 2.49797E-6 2.50577E-6 2.52624E-6 2.56675E-6 2.59532E-6 2.61638E-6 2.6824E-6 2.7736E-6 2.90547E-6 3.04617E-6 3.04543E-6 2.72914E-6 3.10852E-6 3.39028E-6 3.25417E-6 3.338E-6 3.43E-6 3.49306E-6 3.31313E-6 2.9657E-6 2.88208E-6 2.64114E-6 2.67172E-6 2.34916E-6 2.65203E-6
5.68482E-6 2.40074E-6 2.52667E-6 5.25763E-6 3.70259E-6 3.16336E-6 2.41996E-6 2.37114E-6 2.256E-6 2.21385E-6 2.21009E-6 2.18155E-6 2.1435E-6 2.15551E-6 2.19534E-6 2.2729E-6 3.0699E-6 3.91268E-6 9.08398E-6 1.12276E-5 9.68676E-6 5.27974E-6 4.81856E-6 5.66204E-6 4.27535E-6 3.87054E-6 3.94373E-6 3.84715E-6 3.40532E-6 3.0116E-6 2.79084E-6 2.70149E-6 2.73478E-6 3.10973E-6 2.7755E-6 2.6486E-6 2.64856E-6 2.67312E-6 2.66373E-6 2.59341E-6 2.59836E-6 2.6114E-6 2.64282E-6 2.67203E-6 2.71651E-6 2.75861E-6 2.81602E-6 2.92421E-6 3.00503E-6 3.10153E-6 3.25824E-6 3.11904E-6 3.25066E-6 3.52984E-6 3.39214E-6 3.32578E-6 3.5384E-6 3.66565E-6 3.62789E-6 3.13267E-6 2.2285E-6 2.69743E-6 1.9265E-6 3.13714E-6 2.77263E-6 2.8093E-6
5.70441E-6 3.68525E-6 5.43963E-6 1.56532E-5 3.68799E-6 3.26593E-6 2.77483E-6 2.83128E-6 2.69666E-6 2.58117E-6 2.57908E-6 2.52564E-6 2.393E-6 2.36126E-6 2.32102E-6 2.36123E-6 3.80643E-6 3.93234E-6 8.0259E-6 7.75829E-6 9.01195E-6 5.14219E-6 4.26786E-6 4.63408E-6 3.09905E-6 3.25511E-6 3.35636E-6 3.32676E-6 3.47581E-6 3.59076E-6 3.50766E-6 3.35481E-6 2.71205E-6 3.07135E-6 2.72444E-6 2.62968E-6 2.6308E-6 2.64685E-6 2.69389E-6 2.71116E-6 2.7179E-6 2.73517E-6 2.77715E-6 2.76977E-6 2.85125E-6 2.93398E-6 3.05584E-6 3.09419E-6 3.06334E-6 3.06395E-6 3.09865E-6 3.46698E-6 3.26636E-6 3.70101E-6 3.36556E-6 3.68397E-6 3.6965E-6 3.85518E-6 3.48009E-6 2.93055E-6 3.34317E-6 2.36727E-6 3.14088E-6 2.38527E-6 2.81055E-6 2.53936E-6
8.21247E-6 1.14206E-5 1.97368E-5 2.03586E-5 1.92661E-5 4.46447E-6 3.99286E-6 3.5514E-6 3.21726E-6 3.02611E-6 3.02303E-6 2.93947E-6 2.735E-6 2.7451E-6 3.02953E-6 2.82059E-6 5.83024E-6 9.72781E-6 1.2252E-5 1.20847E-5 1.16901E-5 6.74247E-6 6.37167E-6 3.24301E-6 3.41335E-6 3.1115E-6 4.13228E-6 3.39939E-6 4.0073E-6 4.0423E-6 3.53072E-6 3.00002E-6 2.60418E-6 2.90998E-6 2.77521E-6 2.76412E-6 2.743E-6 2.73752E-6 2.7957E-6 2.81129E-6 2.83171E-6 2.86477E-6 2.91846E-6 2.94874E-6 3.01827E-6 3.10847E-6 3.25814E-6 3.36368E-6 3.39239E-6 3.40356E-6 3.6704E-6 3.70278E-6 3.81389E-6 3.45524E-6 4.01852E-6 4.04939E-6 4.0647E-6 3.98297E-6 3.81532E-6 3.32605E-6 3.43916E-6 2.79514E-6 3.17807E-6 3.13522E-6 3.22028E-6 1.71777E-6
2.41842E-5 3.24453E-5 1.73752E-4 2.53608E-5 1.41054E-5 5.36991E-6 5.21082E-6 4.87027E-6 3.79576E-6 3.54932E-6 3.50483E-6 3.40136E-6 3.301E-6 3.99681E-6 5.06771E-6 4.45407E-6 5.60573E-6 8.94132E-6 1.58641E-5 1.56542E-5 1.16456E-5 5.69446E-6 5.41599E-6 4.52052E-6 3.23583E-6 2.2947E-6 2.9784E-6 4.42495E-6 4.06363E-6 4.12424E-6 2.97898E-6 2.87315E-6 2.96335E-6 3.00152E-6 2.91031E-6 2.89316E-6 2.86204E-6 2.86184E-6 2.86475E-6 2.92355E-6 2.96045E-6 3.00478E-6 3.07243E-6 3.12965E-6 3.20723E-6 3.28914E-6 3.46402E-6 3.5697E-6 3.55748E-6 3.63945E-6 3.84618E-6 3.62916E-6 4.10765E-6 4.2181E-6 4.04186E-6 4.22453E-6 3.76454E-6 3.89146E-6 3.59374E-6 3.62294E-6 2.76392E-6 2.66714E-6 1.27386E-6 2.53544E-6 3.16066E-6 2.13827E-6
4.85111E-5 4.62467E-5 5.51856E-4 3.1649E-4 3.12539E-4 7.42677E-6 6.25341E-6 5.6746E-6 4.38294E-6 4.17987E-6 3.99393E-6 4.055E-6 3.92089E-6 4.5539E-6 7.47728E-6 1.17352E-5 1.48472E-5 9.1131E-6 8.62444E-6 1.3043E-5 1.02902E-5 8.15311E-6 8.28747E-6 1.004E-5 7.46236E-6 4.41063E-6 3.76255E-6 3.47346E-6 4.33164E-6 4.30564E-6 3.08149E-6 3.04042E-6 3.1147E-6 3.07291E-6 3.01185E-6 3.01953E-6 3.02128E-6 3.01422E-6 2.98531E-6 3.04897E-6 3.10591E-6 3.14041E-6 3.22735E-6 3.3421E-6 3.46084E-6 3.53438E-6 3.6918E-6 3.87647E-6 3.74681E-6 3.63123E-6 4.09886E-6 4.02948E-6 4.13275E-6 4.46341E-6 4.39953E-6 3.99848E-6 3.4904E-6 3.94609E-6 3.74833E-6 3.56207E-6 3.44492E-6 1.96099E-6 6.67931E-7 1.77754E-6 3.34014E-6 3.45376E-6
-9999 -9999 -9999 3.61288E-4 -9999 1.68902E-5 1.05679E-5 9.04565E-6 6.94857E-6 5.02622E-6 5.15334E-6 7.32281E-6 7.11099E-6 8.76058E-6 1.15141E-5 1.45676E-5 1.63692E-5 9.50456E-6 1.18129E-5 1.32936E-5 1.12096E-5 6.69331E-6 1.02287E-5 1.22151E-5 7.28305E-6 4.53451E-6 4.78668E-6 3.35163E-6 3.64693E-6 3.38419E-6 3.2126E-6 3.59646E-6 3.22501E-6 3.25992E-6 3.14714E-6 3.19998E-6 3.12674E-6 3.16836E-6 3.13555E-6 3.20975E-6 3.26178E-6 3.27908E-6 3.44622E-6 3.557E-6 3.62417E-6 3.75628E-6 3.91837E-6 3.94243E-6 4.23454E-6 4.20051E-6 4.59587E-6 4.44394E-6 4.52646E-6 4.66464E-6 4.58621E-6 4.40374E-6 4.28631E-6 3.74805E-6 3.00663E-6 2.84273E-6 1.62317E-6 8.36548E-7 1.12909E-6 2.21138E-6 3.37275E-6 3.49925E-6
-9999 -9999 -9999 -9999 -9999 2.48199E-5 2.04766E-5 1.60343E-5 1.19985E-5 1.16518E-5 1.08289E-5 1.16726E-5 1.11021E-5 9.25805E-6 1.3267E-5 1.59978E-5 1.59937E-5 1.22307E-5 1.3749E-5 1.1905E-5 6.51228E-6 8.66786E-6 5.25602E-6 5.73268E-6 5.85555E-6 7.24658E-6 6.05145E-6 4.01006E-6 3.1922E-6 3.63758E-6 3.7365E-6 3.63455E-6 3.58156E-6 3.462E-6 3.39117E-6 3.37869E-6 3.28041E-6 3.29795E-6 3.32392E-6 3.42945E-6 3.53465E-6 3.54847E-6 3.70453E-6 3.87502E-6 3.97312E-6 4.14467E-6 4.27612E-6 4.27766E-6 4.59104E-6 5.02677E-6 5.08215E-6 4.79963E-6 4.87866E-6 4.90393E-6 4.92096E-6 4.63592E-6 4.25712E-6 4.30781E-6 1.59942E-6 1.57111E-6 1.17317E-6 6.31209E-7 1.82408E-6 1.088E-6 3.76253E-6 1.52054E-6
-9999 -9999 -9999 -9999 -9999 2.27627E-5 -9999 1.20927E-5 1.76031E-5 1.6961E-5 1.48037E-5 1.15392E-5 1.39723E-5 9.9786E-6 1.35285E-5 1.51606E-5 1.50981E-5 6.24978E-6 1.02111E-5 9.97118E-6 5.8447E-6 5.72909E-6 5.63221E-6 8.48214E-6 6.44015E-6 9.24975E-6 4.51228E-6 3.76245E-6 4.12572E-6 3.98283E-6 3.96994E-6 3.86861E-6 3.7815E-6 3.74114E-6 3.71021E-6 3.63229E-6 3.53009E-6 3.48028E-6 3.57158E-6 3.70129E-6 3.84209E-6 3.94659E-6 4.10235E-6 4.26404E-6 4.43833E-6 4.5562E-6 4.74895E-6 4.72746E-6 -9999 5.52078E-6 5.4689E-6 5.18646E-6 5.05268E-6 4.90363E-6 5.03409E-6 4.62011E-6 4.53938E-6 5.07726E-6 5.01366E-6 4.88767E-6 2.14342E-6 1.68468E-6 1.46173E-6 2.67613E-6 1.53196E-6 1.21381E-6
-9999 -9999 -9999 -9999 -9999 1.43875E-5 1.54439E-5 1.11417E-5 1.51217E-5 1.88607E-5 1.67485E-5 1.93915E-5 1.67926E-5 1.14749E-5 1.45056E-5 1.38215E-5 1.19083E-5 8.68418E-6 1.2199E-5 1.05107E-5 5.84635E-6 5.30119E-6 6.90464E-6 5.38573E-6 6.15985E-6 5.43013E-6 4.18553E-6 3.60756E-6 4.45727E-6 4.31789E-6 4.24321E-6 4.15465E-6 4.12626E-6 4.02764E-6 4.00879E-6 3.86805E-6 3.6675E-6 3.7309E-6 3.83255E-6 4.06829E-6 4.17979E-6 4.29855E-6 4.57737E-6 4.87827E-6 4.87916E-6 5.25896E-6 5.37509E-6 -9999 -9999 -9999 5.63757E-6 5.44826E-6 5.15135E-6 4.97753E-6 5.07488E-6 4.83523E-6 5.28239E-6 5.09522E-6 5.67669E-6 5.59699E-6 5.13588E-6 5.0595E-6 4.7251E-6 1.31099E-6 9.81923E-7 1.70403E-6
-9999 -9999 -9999 -9999 -9999 -9999 -9999 1.46657E-5 2.11253E-5 2.05353E-5 2.12811E-5 2.81673E-5 1.81515E-5 1.89942E-5 1.62904E-5 1.44681E-5 1.45846E-5 1.07337E-5 7.72244E-6 1.00424E-5 5.87262E-6 5.29678E-6 5.35859E-6 5.19325E-6 6.16369E-6 5.17834E-6 5.77978E-6 5.33224E-6 5.12342E-6 4.97712E-6 4.89712E-6 4.75259E-6 4.57026E-6 4.57093E-6 4.37009E-6 4.21231E-6 3.92017E-6 4.14387E-6 4.25335E-6 4.46242E-6 4.69318E-6 4.93906E-6 5.33342E-6 5.66692E-6 5.52007E-6 5.42236E-6 5.85558E-6 5.78274E-6 6.04607E-6 6.12555E-6 6.10624E-6 5.895E-6 5.41411E-6 5.06315E-6 5.65232E-6 5.92165E-6 6.01819E-6 5.8534E-6 5.83045E-6 5.71306E-6 5.42189E-6 3.09597E-6 3.71669E-6 3.86188E-6 3.38565E-6 4.21262E-6
-9999 -9999 -9999 -9999 -9999 -9999 1.67767E-5 2.13451E-5 1.50718E-5 2.13729E-5 3.52707E-5 4.51516E-5 2.64537E-5 2.59038E-5 1.97955E-5 1.50518E-5 1.26831E-5 7.76907E-6 7.09721E-6 7.77526E-6 9.26259E-6 9.81234E-6 8.31082E-6 5.46114E-6 5.54334E-6 5.11863E-6 6.67001E-6 6.34621E-6 6.03579E-6 5.92406E-6 5.7853E-6 5.58084E-6 5.54087E-6 5.29078E-6 5.08972E-6 4.72109E-6 4.74609E-6 4.95118E-6 5.16517E-6 5.90661E-6 6.3367E-6 6.39172E-6 5.9483E-6 5.59963E-6 5.55376E-6 5.70183E-6 5.98238E-6 5.79859E-6 6.439E-6 -9999 -9999 6.29028E-6 5.72864E-6 5.85302E-6 6.21371E-6 6.40615E-6 6.5897E-6 6.58043E-6 6.65043E-6 6.54848E-6 6.57994E-6 2.26095E-6 2.7066E-6 4.34353E-6 6.07587E-6 3.44616E-6
-9999 -9999 -9999 -9999 -9999 -9999 1.58599E-5 1.9741E-5 -9999 3.4632E-5 4.18285E-5 4.05001E-5 3.78881E-5 2.90646E-5 2.48759E-5 1.65461E-5 1.25623E-5 9.87054E-6 8.63927E-6 1.01191E-5 1.36386E-5 1.64153E-5 1.0873E-5 8.52629E-6 8.26892E-6 7.95708E-6 7.48763E-6 7.752E-6 7.43486E-6 7.34934E-6 7.26589E-6 7.16413E-6 6.61844E-6 5.94727E-6 5.87064E-6 5.74674E-6 6.27952E-6 5.94892E-6 5.8437E-6 -9999 -9999 -9999 5.95042E-6 5.73798E-6 5.74198E-6 6.36575E-6 -9999 -9999 -9999 -9999 6.71652E-6 6.15568E-6 5.94294E-6 6.02613E-6 5.24379E-6 7.11364E-6 7.14464E-6 6.50174E-6 6.58285E-6 7.37437E-6 7.60804E-6 7.25492E-6 5.55614E-6 3.65308E-6 4.52099E-6 5.21809E-6
-9999 -9999 -9999 -9999 -9999 -9999 -9999 2.23071E-5 3.63709E-5 3.53638E-5 5.72651E-5 4.19828E-5 3.76724E-5 3.0221E-5 2.48317E-5 1.88055E-5 1.64232E-5 1.32083E-5 1.22967E-5 1.24805E-5 1.44456E-5 1.58381E-5 1.34539E-5 1.09961E-5 1.05911E-5 9.69047E-6 9.06894E-6 8.36305E-6 7.9668E-6 7.59973E-6 7.39166E-6 7.04752E-6 6.86003E-6 6.22402E-6 6.42352E-6 6.27498E-6 6.28192E-6 -9999 -9999 -9999 -9999 -9999 -9999 6.14817E-6 6.24902E-6 6.45338E-6 -9999 -9999 -9999 6.57401E-6 7.00067E-6 6.3563E-6 6.32598E-6 5.96095E-6 7.08389E-6 7.58302E-6 7.51396E-6 7.48237E-6 7.57848E-6 7.30393E-6 7.94973E-6 7.52543E-6 6.72979E-6 5.99212E-6 7.06317E-6 3.14732E-6
