catData/rasterBestHybridModels/Pviverrinus/RD_RM2_LQ/Pviverrinus_median.asc
ncols         409
nrows         350
xllcorner     60.897278365
yllcorner     5.843756025
cellsize      0.0892857
NODATA_value  -9999
[rows 145 to 173 of 350, columns 66 to 131 of 409]
-9999 -9999 -9999 -9999 -9999 -9999 -9999 1.18154E-4 1.38022E-4 1.2565E-4 8.14848E-5 9.21947E-5 1.08993E-4 1.00943E-4 9.57986E-5 8.90294E-5 7.89078E-5 7.29506E-5 7.38383E-5 8.354E-5 9.22206E-5 -9999 -9999 -9999 -9999 -9999 7.19851E-5 6.40082E-5 5.43844E-5 4.78277E-5 4.42345E-5 4.19105E-5 4.05993E-5 3.98479E-5 3.9453E-5 3.94315E-5 -9999 -9999 -9999 -9999 -9999 -9999 -9999 -9999 -9999 -9999 -9999 -9999 -9999 -9999 3.50946E-5 3.44963E-5 2.52688E-5 3.54716E-5 3.75314E-5 4.02312E-5 4.13846E-5 4.01506E-5 3.91244E-5 3.77526E-5 3.57272E-5 3.29347E-5 2.36976E-5 3.55241E-5 3.28068E-5 3.03438E-5
-9999 -9999 -9999 -9999 -9999 -9999 -9999 1.17011E-4 1.25121E-4 1.11563E-4 1.07732E-4 1.31766E-4 1.10111E-4 1.1093E-4 1.11673E-4 1.03694E-4 9.65246E-5 8.1193E-5 -9999 -9999 -9999 7.79048E-5 -9999 -9999 -9999 -9999 -9999 7.20312E-5 6.27215E-5 5.42366E-5 4.89692E-5 4.50333E-5 4.17702E-5 3.5912E-5 3.90078E-5 4.28762E-5 -9999 -9999 -9999 -9999 -9999 -9999 -9999 -9999 -9999 -9999 -9999 -9999 -9999 -9999 3.73764E-5 3.57696E-5 3.44106E-5 3.54616E-5 3.54971E-5 3.7558E-5 3.97866E-5 2.80252E-5 3.65039E-5 3.46511E-5 2.90998E-5 3.00672E-5 2.98764E-5 2.83874E-5 2.22628E-5 2.71512E-5
-9999 -9999 -9999 -9999 -9999 -9999 -9999 -9999 -9999 -9999 1.27829E-4 1.58745E-4 1.13663E-4 1.11732E-4 -9999 1.06077E-4 8.55438E-5 8.53753E-5 9.45516E-5 9.71883E-5 8.30847E-5 7.69642E-5 -9999 -9999 -9999 -9999 -9999 -9999 -9999 -9999 -9999 -9999 4.3542E-5 2.92829E-5 2.90597E-5 4.05791E-5 -9999 4.65285E-5 4.23777E-5 4.05118E-5 4.42368E-5 4.86239E-5 4.73428E-5 4.26223E-5 4.20401E-5 4.05768E-5 -9999 -9999 3.9201E-5 3.77706E-5 3.80217E-5 3.68188E-5 3.60291E-5 3.54124E-5 3.5097E-5 3.71456E-5 3.39828E-5 2.76325E-5 3.88045E-5 3.74793E-5 2.9893E-5 3.27433E-5 2.80564E-5 3.44016E-5 3.04086E-5 2.98629E-5
-9999 -9999 -9999 -9999 -9999 -9999 -9999 -9999 -9999 -9999 -9999 -9999 -9999 1.27914E-4 9.79289E-5 9.65232E-5 -9999 8.94189E-5 -9999 9.02437E-5 -9999 7.45825E-5 7.00562E-5 6.72715E-5 -9999 -9999 6.72568E-5 6.0873E-5 -9999 5.47198E-5 5.06949E-5 4.83596E-5 4.15307E-5 3.0471E-5 2.72617E-5 3.9148E-5 -9999 4.51879E-5 4.11108E-5 3.77554E-5 4.37343E-5 -9999 4.87522E-5 4.23379E-5 4.2291E-5 4.18395E-5 4.21701E-5 4.04036E-5 3.94888E-5 3.78725E-5 3.90913E-5 3.83998E-5 3.7796E-5 3.75765E-5 3.64734E-5 3.65432E-5 3.17258E-5 2.89589E-5 2.03385E-5 3.86308E-5 2.27149E-5 2.24555E-5 2.58704E-5 3.15377E-5 3.00417E-5 2.80729E-5
-9999 -9999 -9999 -9999 -9999 -9999 -9999 -9999 -9999 -9999 -9999 -9999 -9999 -9999 -9999 -9999 9.10378E-5 9.01588E-5 -9999 -9999 7.08975E-5 6.50924E-5 6.06614E-5 5.67898E-5 5.81723E-5 6.23793E-5 6.18911E-5 5.53614E-5 5.07988E-5 4.67023E-5 4.17352E-5 3.9975E-5 3.90919E-5 3.5454E-5 3.56907E-5 4.73906E-5 -9999 -9999 -9999 4.87921E-5 5.2294E-5 5.31297E-5 5.09844E-5 4.75403E-5 4.69291E-5 4.59112E-5 4.43434E-5 4.33404E-5 4.31288E-5 4.21944E-5 4.18885E-5 4.02121E-5 4.03193E-5 3.94804E-5 3.7628E-5 3.61528E-5 1.56921E-5 1.1513E-5 3.02869E-5 3.01906E-5 3.51307E-5 2.2979E-5 1.62776E-5 2.23733E-5 3.33164E-5 3.50991E-5
-9999 -9999 -9999 -9999 -9999 -9999 -9999 -9999 -9999 -9999 -9999 -9999 -9999 -9999 -9999 -9999 -9999 9.23379E-5 -9999 7.22858E-5 6.54829E-5 5.94496E-5 5.45475E-5 5.08724E-5 5.01596E-5 5.32238E-5 5.71044E-5 5.60016E-5 5.09083E-5 4.48446E-5 4.02487E-5 3.87931E-5 3.78629E-5 3.73967E-5 3.83618E-5 -9999 -9999 -9999 -9999 -9999 -9999 5.08163E-5 4.7786E-5 4.57062E-5 4.51784E-5 4.3982E-5 4.46848E-5 4.63263E-5 4.62697E-5 4.45689E-5 4.27942E-5 4.1796E-5 4.13413E-5 4.01864E-5 3.79973E-5 3.6418E-5 3.6164E-5 4.92993E-6 4.04897E-6 2.85774E-5 2.43986E-5 3.62405E-5 3.583E-5 2.71754E-5 4.36198E-5 4.2702E-5
-9999 -9999 -9999 -9999 -9999 -9999 -9999 -9999 -9999 -9999 -9999 -9999 -9999 -9999 -9999 -9999 -9999 -9999 -9999 7.21631E-5 6.15411E-5 5.41272E-5 5.15229E-5 4.9621E-5 4.95018E-5 5.36557E-5 5.51158E-5 5.6117E-5 5.10529E-5 4.50272E-5 4.1939E-5 4.01595E-5 3.82733E-5 3.77501E-5 3.79422E-5 4.17964E-5 4.61097E-5 -9999 -9999 4.82918E-5 4.69053E-5 4.3198E-5 4.4626E-5 4.15065E-5 4.12355E-5 4.16995E-5 4.43043E-5 4.73888E-5 4.59871E-5 -9999 -9999 4.20126E-5 4.26907E-5 4.13915E-5 3.89858E-5 3.76381E-5 3.73581E-5 3.61222E-5 2.35142E-5 1.52936E-5 2.57836E-5 2.18949E-5 3.98344E-5 4.54304E-5 5.28518E-5 5.84209E-5
-9999 -9999 -9999 -9999 -9999 -9999 -9999 -9999 -9999 -9999 -9999 -9999 -9999 -9999 -9999 -9999 -9999 -9999 -9999 7.91298E-5 6.5892E-5 6.10126E-5 5.96848E-5 6.08033E-5 5.71012E-5 5.05197E-5 5.14623E-5 4.98331E-5 4.51675E-5 4.13474E-5 4.17774E-5 4.13824E-5 3.96896E-5 3.96688E-5 3.90762E-5 4.20385E-5 4.40489E-5 4.57476E-5 4.77595E-5 4.76609E-5 4.27843E-5 3.71571E-5 3.61569E-5 3.86003E-5 4.19124E-5 4.64005E-5 4.92829E-5 5.1729E-5 4.96185E-5 4.59442E-5 4.47392E-5 -9999 4.19165E-5 4.23107E-5 3.99614E-5 3.92281E-5 3.99038E-5 3.77906E-6 1.08592E-5 6.03404E-6 1.40523E-5 5.07062E-5 5.04556E-5 4.86408E-5 5.24455E-5 7.41108E-5
-9999 -9999 -9999 -9999 -9999 -9999 -9999 -9999 -9999 -9999 -9999 -9999 -9999 -9999 -9999 -9999 -9999 -9999 -9999 -9999 7.91275E-5 7.26526E-5 7.20767E-5 6.79205E-5 6.02626E-5 5.49219E-5 4.84967E-5 4.53378E-5 4.09404E-5 3.95536E-5 3.46553E-5 3.50715E-5 3.81964E-5 3.42012E-5 3.58741E-5 3.83281E-5 4.28782E-5 4.89813E-5 5.01444E-5 4.845E-5 4.60648E-5 4.26286E-5 4.30552E-5 4.55195E-5 4.9232E-5 5.42909E-5 5.30698E-5 -9999 4.93632E-5 -9999 4.57489E-5 -9999 -9999 4.24109E-5 3.9452E-5 3.89638E-5 2.58064E-5 5.86001E-7 1.91462E-6 2.22188E-5 3.8627E-5 4.44701E-5 4.58372E-5 4.94389E-5 6.67451E-5 8.35745E-5
-9999 -9999 -9999 -9999 -9999 -9999 -9999 -9999 -9999 -9999 -9999 -9999 -9999 -9999 -9999 -9999 -9999 -9999 -9999 -9999 -9999 8.86715E-5 7.59542E-5 7.07603E-5 6.45662E-5 5.4844E-5 4.6756E-5 4.04944E-5 3.98441E-5 3.66515E-5 3.34371E-5 3.43105E-5 3.73324E-5 3.51967E-5 3.32569E-5 4.02389E-5 4.3788E-5 4.68136E-5 5.2052E-5 5.02195E-5 5.28393E-5 5.33491E-5 5.37016E-5 5.68679E-5 6.41386E-5 6.28863E-5 -9999 5.45008E-5 5.13903E-5 -9999 -9999 -9999 -9999 2.54201E-5 3.52657E-5 2.83222E-5 1.63066E-5 1.52714E-6 5.55237E-6 2.1573E-5 2.3647E-5 4.97916E-5 4.96536E-5 5.33323E-5 6.12778E-5 7.10733E-5
-9999 -9999 -9999 -9999 -9999 -9999 -9999 -9999 -9999 -9999 -9999 -9999 -9999 -9999 -9999 -9999 -9999 -9999 -9999 -9999 9.94948E-5 8.79465E-5 7.95195E-5 7.29716E-5 6.67835E-5 5.93617E-5 5.41137E-5 4.52795E-5 4.57676E-5 3.55026E-5 3.39096E-5 3.48424E-5 3.7301E-5 3.41221E-5 3.73165E-5 4.43136E-5 4.61919E-5 4.97461E-5 6.31961E-5 9.29095E-5 8.70413E-5 7.79454E-5 7.87078E-5 8.61261E-5 8.89477E-5 8.35198E-5 6.66858E-5 5.99241E-5 2.85944E-5 4.95957E-5 4.56636E-5 -9999 -9999 -9999 3.02824E-5 6.02456E-6 1.21582E-5 5.03704E-6 1.14587E-6 1.81612E-6 1.25152E-5 3.64304E-5 5.12275E-5 6.86561E-5 6.05064E-5 7.16653E-5
-9999 -9999 -9999 -9999 -9999 -9999 -9999 -9999 -9999 -9999 -9999 -9999 -9999 -9999 -9999 -9999 -9999 -9999 -9999 -9999 -9999 -9999 8.47223E-5 7.62649E-5 7.15941E-5 6.37081E-5 5.62584E-5 5.05144E-5 5.34109E-5 4.24264E-5 3.80479E-5 3.88937E-5 3.98159E-5 3.68785E-5 4.10627E-5 5.66034E-5 5.33099E-5 6.12186E-5 8.68031E-5 1.06337E-4 1.04832E-4 1.04105E-4 9.89726E-5 8.74678E-5 3.776E-5 3.18886E-5 5.31144E-6 2.99676E-6 4.65825E-6 6.56733E-6 1.27015E-5 1.81573E-5 2.07594E-5 6.75158E-6 1.63293E-5 1.06675E-5 3.73473E-6 6.30306E-7 5.1924E-6 6.33229E-6 3.27557E-5 2.03099E-5 5.54043E-6 1.43972E-5 6.62301E-5 1.00215E-4
-9999 -9999 -9999 -9999 -9999 -9999 -9999 -9999 -9999 -9999 -9999 -9999 -9999 -9999 -9999 -9999 -9999 -9999 -9999 -9999 -9999 -9999 -9999 8.0393E-5 7.75625E-5 7.74696E-5 6.92379E-5 6.47999E-5 6.06348E-5 5.50421E-5 5.17303E-5 4.82572E-5 4.65728E-5 4.70175E-5 5.31053E-5 5.59233E-5 6.2769E-5 7.98915E-5 1.2484E-4 9.96199E-5 1.02788E-4 1.06005E-4 6.51677E-5 4.4679E-6 1.36761E-5 3.82071E-6 2.18815E-6 1.27037E-5 3.72409E-5 2.44572E-5 2.31584E-5 6.13922E-6 1.78595E-5 2.09853E-5 1.31047E-5 2.67238E-5 1.36189E-5 3.01791E-6 2.51619E-6 1.5884E-5 5.32639E-5 1.71906E-5 1.23134E-5 5.02993E-5 1.22841E-3 1.62918E-3
-9999 -9999 -9999 -9999 -9999 -9999 -9999 -9999 -9999 -9999 -9999 -9999 -9999 -9999 -9999 -9999 -9999 -9999 -9999 -9999 -9999 -9999 -9999 -9999 -9999 8.64345E-5 8.01684E-5 7.64089E-5 7.25156E-5 8.01944E-5 6.54992E-5 6.22628E-5 6.19214E-5 6.26092E-5 6.60277E-5 6.55979E-5 8.17246E-5 -9999 1.32404E-4 1.0538E-4 1.20557E-4 1.00002E-4 9.14349E-6 2.9259E-6 4.24575E-5 7.06952E-6 1.91476E-5 4.37853E-5 4.26182E-5 2.78335E-5 1.66848E-5 2.08652E-5 1.74727E-5 3.08069E-5 2.68278E-5 1.30624E-5 1.31304E-5 1.60514E-6 1.27105E-6 3.41093E-5 3.01312E-5 3.64765E-5 3.57077E-5 8.458E-5 7.55322E-4 2.93333E-4
-9999 -9999 -9999 -9999 -9999 -9999 -9999 -9999 -9999 -9999 -9999 -9999 -9999 -9999 -9999 -9999 -9999 -9999 -9999 -9999 -9999 -9999 -9999 -9999 -9999 -9999 -9999 1.03679E-4 9.86411E-5 9.67662E-5 9.3688E-5 9.23039E-5 7.97483E-5 7.51689E-5 -9999 -9999 -9999 -9999 -9999 -9999 1.10484E-4 7.3831E-5 3.28272E-5 1.0697E-5 3.92095E-5 2.92765E-5 2.20263E-5 3.37916E-5 3.08887E-5 1.9068E-5 3.06956E-5 1.47445E-5 1.75985E-5 7.2209E-6 2.98971E-5 7.12096E-6 9.22413E-6 5.50945E-6 1.11273E-5 6.69432E-6 2.73518E-5 2.17999E-5 7.21194E-5 9.45516E-5 9.20223E-5 6.90756E-5
-9999 -9999 -9999 -9999 -9999 -9999 -9999 -9999 -9999 -9999 -9999 -9999 -9999 -9999 -9999 -9999 -9999 -9999 -9999 -9999 -9999 -9999 -9999 -9999 -9999 -9999 -9999 -9999 -9999 -9999 -9999 9.73841E-5 9.74961E-5 -9999 -9999 -9999 -9999 -9999 -9999 9.67423E-5 5.47329E-5 6.10712E-5 3.90608E-5 1.69427E-5 3.08151E-5 1.45814E-5 9.52978E-6 2.20524E-5 3.27807E-5 1.92203E-5 2.15432E-5 1.82356E-5 2.18447E-5 1.14216E-5 8.0696E-6 4.83093E-6 5.4324E-6 2.22359E-5 2.94794E-5 4.38352E-5 5.24048E-5 3.84518E-5 2.61372E-5 8.34974E-5 8.09535E-5 1.01808E-4
-9999 -9999 -9999 -9999 -9999 -9999 -9999 -9999 -9999 -9999 -9999 -9999 -9999 -9999 -9999 -9999 -9999 -9999 -9999 -9999 -9999 -9999 -9999 -9999 -9999 -9999 -9999 -9999 -9999 -9999 -9999 -9999 -9999 -9999 -9999 -9999 -9999 -9999 -9999 4.2384E-5 5.94369E-6 3.55657E-5 3.4898E-5 2.92257E-5 2.11289E-5 3.29657E-5 1.37232E-5 5.97398E-6 1.41059E-5 3.11639E-5 1.69072E-5 8.94604E-6 1.22506E-6 5.61938E-6 3.1237E-6 2.15763E-6 1.13976E-6 2.04998E-5 2.5817E-5 3.52524E-5 2.69142E-5 7.83576E-5 2.26731E-5 8.32752E-5 9.6877E-5 9.30354E-5
-9999 -9999 -9999 -9999 -9999 -9999 -9999 -9999 -9999 -9999 -9999 -9999 -9999 -9999 -9999 -9999 -9999 -9999 -9999 -9999 -9999 -9999 -9999 -9999 -9999 -9999 -9999 -9999 -9999 -9999 -9999 -9999 -9999 -9999 -9999 -9999 -9999 -9999 6.29394E-5 8.12444E-6 1.79369E-5 1.3062E-5 7.11058E-6 2.15758E-5 1.95054E-5 2.32573E-5 6.00053E-6 7.76108E-6 1.19761E-5 2.12179E-5 2.09407E-5 1.02757E-5 6.49484E-6 1.73106E-5 8.13022E-6 8.6094E-7 2.13592E-6 1.10843E-5 2.49753E-5 4.35416E-5 5.22267E-5 8.04528E-5 6.72232E-5 3.67786E-5 7.14383E-5 8.46836E-5
-9999 -9999 -9999 -9999 -9999 -9999 -9999 -9999 -9999 -9999 -9999 -9999 -9999 -9999 -9999 -9999 -9999 -9999 -9999 -9999 -9999 -9999 -9999 -9999 -9999 -9999 -9999 -9999 -9999 -9999 -9999 -9999 -9999 -9999 -9999 1.18032E-4 5.72677E-5 5.18934E-5 6.48944E-5 4.36346E-5 4.86476E-6 1.23382E-5 2.35145E-5 5.34548E-6 3.41499E-6 2.00739E-6 3.09546E-6 9.32178E-6 1.07217E-5 1.53254E-5 2.14696E-5 1.10487E-5 1.78386E-5 3.48023E-5 3.32304E-5 2.0295E-5 1.19702E-5 1.61897E-5 3.62638E-5 6.87683E-5 5.68304E-5 8.24636E-5 5.17162E-5 5.17943E-5 8.69565E-5 7.6034E-5
-9999 -9999 -9999 -9999 -9999 -9999 -9999 -9999 -9999 -9999 -9999 -9999 -9999 -9999 -9999 -9999 -9999 -9999 -9999 -9999 -9999 -9999 -9999 -9999 -9999 1.04378E-4 -9999 -9999 -9999 -9999 1.24591E-4 -9999 9.82781E-5 9.56227E-5 5.48235E-5 3.02846E-5 2.24837E-5 3.66424E-5 2.35354E-5 1.78593E-5 1.74815E-5 8.1043E-6 1.64429E-5 1.58849E-5 4.64515E-6 6.34918E-6 3.13473E-6 1.33199E-5 2.21595E-6 3.06238E-6 6.56463E-6 7.3413E-6 2.65595E-5 3.21748E-5 3.33411E-5 3.78303E-5 4.49867E-5 3.39881E-6 1.89399E-5 6.67302E-5 3.10674E-5 4.41197E-5 3.11331E-5 6.25208E-5 6.49086E-5 6.76182E-5
-9999 -9999 -9999 -9999 -9999 -9999 -9999 -9999 -9999 -9999 -9999 -9999 -9999 -9999 -9999 -9999 -9999 -9999 -9999 -9999 -9999 -9999 -9999 -9999 9.45899E-5 8.75461E-5 -9999 -9999 1.00279E-4 1.00807E-4 1.00018E-4 4.76232E-5 6.49426E-5 8.25799E-5 7.87122E-5 5.0817E-5 4.08646E-5 2.63899E-5 5.243E-6 1.4008E-5 3.41019E-6 5.23889E-6 1.38341E-5 9.94475E-6 1.39509E-5 6.8942E-6 4.49862E-7 5.34387E-7 6.22518E-7 2.74871E-6 1.06108E-5 1.03354E-5 2.55694E-5 2.52645E-5 3.80844E-5 3.97971E-5 3.4207E-5 3.17097E-5 2.04078E-5 3.3024E-5 7.59115E-5 8.19674E-5 1.20022E-4 1.12965E-4 1.02411E-4 8.3871E-5
-9999 -9999 -9999 -9999 -9999 -9999 -9999 -9999 -9999 -9999 -9999 -9999 -9999 -9999 -9999 -9999 -9999 -9999 -9999 -9999 -9999 -9999 -9999 -9999 -9999 8.96668E-5 9.50047E-5 9.35182E-5 8.79983E-5 4.12403E-5 3.94758E-5 7.31809E-5 5.75403E-5 7.21859E-5 7.00286E-5 6.80133E-5 3.32951E-5 9.81277E-6 1.60923E-5 7.53889E-6 6.35687E-6 2.47651E-6 5.29182E-7 3.36296E-6 1.2513E-5 1.38352E-5 3.2389E-7 1.22842E-5 2.90201E-6 1.45673E-5 1.53558E-5 2.63404E-5 3.08217E-5 1.35983E-5 3.04809E-5 3.21055E-5 2.34137E-5 1.43525E-5 2.73463E-5 4.8811E-5 7.6959E-5 8.87176E-5 1.22312E-4 -9999 -9999 1.08748E-4
-9999 -9999 -9999 -9999 -9999 -9999 -9999 -9999 -9999 -9999 -9999 -9999 -9999 -9999 -9999 -9999 -9999 -9999 -9999 -9999 -9999 -9999 -9999 -9999 -9999 9.50055E-5 9.77006E-5 1.05819E-4 3.51256E-5 3.33872E-5 1.7764E-5 1.96521E-5 5.47297E-5 6.23412E-5 3.33697E-5 1.88712E-5 5.30507E-5 7.60155E-6 1.14634E-5 1.22287E-5 9.81474E-6 2.59401E-5 2.30208E-6 7.97835E-7 3.91957E-6 1.6861E-5 3.17367E-6 6.8435E-6 3.8866E-6 6.8735E-6 4.87745E-6 1.37104E-5 2.86268E-5 3.29333E-5 4.09725E-5 4.60684E-5 3.07027E-5 3.604E-5 7.11697E-5 7.52944E-5 8.04254E-5 1.09696E-4 -9999 -9999 -9999 1.09294E-4
-9999 -9999 -9999 -9999 -9999 -9999 -9999 -9999 -9999 -9999 -9999 -9999 -9999 -9999 -9999 -9999 -9999 -9999 -9999 -9999 -9999 -9999 -9999 -9999 -9999 -9999 1.01408E-4 8.98137E-5 7.63708E-5 6.23174E-5 5.18356E-5 3.48031E-5 2.14808E-5 1.70019E-5 3.0542E-5 2.69172E-5 2.20457E-5 4.49789E-6 7.61766E-6 7.00765E-6 1.04067E-5 4.74934E-6 1.65235E-6 1.29211E-5 1.10544E-5 9.13533E-6 7.47098E-6 2.12555E-5 2.38765E-5 8.04482E-6 5.07309E-7 6.96315E-6 2.17842E-5 3.68495E-5 3.49228E-5 3.59644E-5 5.43865E-5 2.97669E-5 5.16176E-5 8.68873E-5 8.57658E-5 1.34111E-4 -9999 -9999 4.71989E-5 8.01778E-6
-9999 -9999 -9999 -9999 -9999 -9999 -9999 -9999 -9999 -9999 -9999 -9999 -9999 -9999 -9999 -9999 -9999 -9999 -9999 -9999 -9999 -9999 -9999 -9999 -9999 -9999 -9999 9.62106E-5 9.54598E-5 9.79434E-5 7.64077E-5 1.00392E-4 5.59112E-5 7.19305E-5 1.84481E-5 8.20582E-7 6.12411E-6 2.04424E-5 3.19646E-6 5.15946E-6 4.58412E-6 1.63927E-5 8.31733E-6 1.0842E-5 2.88887E-6 2.85119E-5 1.25713E-5 9.46353E-6 1.24091E-5 9.40965E-6 7.17326E-6 1.17091E-5 8.23362E-6 3.48913E-5 4.50814E-5 5.01253E-5 5.72389E-5 2.33987E-5 7.22343E-5 1.03971E-4 1.43361E-4 -9999 -9999 -9999 9.0976E-5 4.86187E-5
-9999 -9999 -9999 -9999 -9999 -9999 -9999 -9999 -9999 -9999 -9999 -9999 -9999 -9999 -9999 -9999 -9999 -9999 -9999 -9999 -9999 -9999 -9999 -9999 -9999 -9999 -9999 -9999 1.11917E-4 1.17728E-4 1.40954E-4 1.19657E-4 2.67876E-5 2.19587E-5 3.80714E-5 1.31898E-5 1.7768E-5 4.64453E-5 1.9537E-5 2.01617E-5 1.027E-5 1.01575E-5 6.36679E-6 3.37944E-5 7.09797E-6 3.76111E-6 3.89168E-6 8.44624E-7 2.76212E-6 1.17507E-5 3.99821E-6 5.16185E-6 2.11308E-5 2.24253E-5 3.72626E-5 5.1194E-5 2.92934E-5 4.13088E-5 9.10472E-5 9.99671E-5 1.71438E-4 -9999 -9999 -9999 1.32984E-4 1.05765E-4
-9999 -9999 -9999 -9999 -9999 -9999 -9999 -9999 -9999 -9999 -9999 -9999 -9999 -9999 -9999 -9999 -9999 -9999 -9999 -9999 -9999 -9999 -9999 -9999 -9999 -9999 -9999 -9999 -9999 1.29475E-4 1.03265E-4 1.1969E-4 2.23652E-5 1.70947E-5 2.07606E-5 2.69575E-5 3.98858E-5 1.13704E-5 8.2753E-6 1.52628E-5 1.91643E-5 2.32044E-5 1.22728E-5 2.8332E-5 2.40834E-5 1.15128E-5 2.97226E-5 2.97423E-5 3.65485E-6 6.26534E-6 1.11611E-5 4.3145E-6 8.48556E-6 4.05461E-5 3.62097E-5 5.15622E-5 3.26231E-5 3.29908E-5 2.23908E-5 4.05685E-5 6.5308E-5 -9999 -9999 -9999 -9999 9.44382E-6
-9999 -9999 -9999 -9999 -9999 -9999 -9999 -9999 -9999 -9999 -9999 -9999 -9999 -9999 -9999 -9999 -9999 -9999 -9999 -9999 -9999 -9999 -9999 -9999 -9999 -9999 -9999 -9999 -9999 -9999 -9999 1.41075E-4 7.27665E-5 1.51878E-5 9.28934E-6 2.34815E-5 1.13779E-5 3.392E-5 2.61477E-5 6.23744E-5 6.77497E-5 1.88994E-5 1.1575E-5 1.32077E-5 8.84074E-6 1.24726E-5 2.06768E-5 2.75707E-5 1.64609E-5 2.01816E-5 2.50235E-5 2.743E-5 2.80973E-5 2.06858E-5 3.38765E-5 2.11006E-5 2.71387E-5 3.76303E-5 2.58252E-5 9.80574E-6 6.61426E-6 -9999 -9999 -9999 7.25078E-5 1.29774E-5
-9999 -9999 -9999 -9999 -9999 -9999 -9999 -9999 -9999 -9999 -9999 -9999 -9999 -9999 -9999 -9999 -9999 -9999 -9999 -9999 -9999 -9999 -9999 -9999 -9999 -9999 -9999 -9999 -9999 -9999 -9999 -9999 -9999 7.63902E-5 3.0781E-5 5.90642E-5 4.67861E-5 1.75079E-5 7.50688E-5 2.72905E-5 1.74349E-5 1.35865E-5 3.05534E-5 1.0393E-5 1.63784E-5 5.67539E-6 1.26425E-5 1.3597E-5 2.00206E-5 7.88946E-6 2.88448E-5 1.79984E-5 7.2359E-6 1.86548E-5 2.48971E-5 3.56347E-5 3.58255E-5 1.96165E-5 2.05838E-5 2.58067E-5 1.78272E-5 6.77151E-5 -9999 -9999 -9999 1.96021E-4
