catData/rasterBestHybridModels/Pviverrinus/RD_RM2_LQ/Pviverrinus_max.asc
ncols         409
nrows         350
xllcorner     60.897278365
yllcorner     5.843756025
cellsize      0.0892857
NODATA_value  -9999
[rows 116 to 144 of 350, columns 330 to 395 of 409]
4.4345E-4 8.23443E-4 8.50467E-4 4.25003E-4 4.52854E-4 5.44746E-4 7.87763E-4 6.65402E-4 9.02677E-4 8.80445E-4 6.20149E-4 6.73113E-4 7.19078E-4 8.72415E-4 7.88165E-4 6.86718E-4 5.17507E-4 6.90366E-4 6.85405E-4 5.27815E-4 5.73228E-4 5.49817E-4 5.70209E-4 4.84124E-4 5.13486E-4 5.0247E-4 5.02853E-4 7.61921E-4 5.23004E-4 5.9723E-4 5.61082E-4 5.63414E-4 8.70649E-4 5.94657E-4 7.74684E-4 7.61191E-4 7.38113E-4 7.31283E-4 5.40992E-4 5.13297E-4 4.94886E-4 5.28888E-4 4.91484E-4 5.01136E-4 4.67899E-4 4.13743E-4 3.34822E-4 3.59137E-4 2.16493E-4 1.46721E-4 6.47062E-5 7.19595E-5 6.09203E-5 3.62709E-5 1.54796E-5 4.55792E-6 -9999 -9999 -9999 -9999 -9999 -9999 -9999 -9999 -9999 -9999
5.74165E-4 9.90452E-4 5.6495E-4 6.52799E-4 6.07692E-4 7.23137E-4 8.75501E-4 8.92139E-4 9.45911E-4 9.75198E-4 9.23504E-4 8.77264E-4 8.85237E-4 9.31105E-4 8.45784E-4 6.90935E-4 6.70638E-4 6.10273E-4 5.33736E-4 5.00066E-4 5.84023E-4 5.30799E-4 6.32177E-4 5.35905E-4 5.73747E-4 8.12254E-4 8.22753E-4 5.59462E-4 7.97579E-4 7.28064E-4 6.68102E-4 4.71081E-4 6.66012E-4 3.99881E-4 3.95405E-4 3.39917E-4 3.34893E-4 4.19674E-4 5.51643E-4 4.46983E-4 4.47145E-4 4.54755E-4 4.59054E-4 4.32764E-4 4.09353E-4 3.10281E-4 1.43682E-4 1.5941E-4 1.17369E-4 5.72217E-5 9.60732E-5 6.01407E-5 4.83461E-5 1.02631E-5 -9999 -9999 -9999 -9999 -9999 -9999 -9999 -9999 -9999 -9999 -9999 -9999
6.46458E-4 1.4243E-3 7.43114E-4 8.16348E-4 9.48055E-4 7.9907E-4 1.01825E-3 9.65225E-4 7.47357E-4 6.933E-4 9.52177E-4 9.53429E-4 1.03559E-3 1.09017E-3 7.65764E-4 7.04398E-4 7.02876E-4 5.04359E-4 6.96438E-4 5.63412E-4 6.90329E-4 5.24037E-4 6.22105E-4 8.26383E-4 7.98141E-4 8.30289E-4 7.52544E-4 6.13563E-4 4.68123E-4 4.4351E-4 2.60126E-4 2.43094E-4 2.37112E-4 1.30365E-4 1.8523E-4 1.31508E-4 1.58071E-4 2.97119E-4 4.06927E-4 4.57285E-4 4.26382E-4 4.28602E-4 5.28144E-4 3.81885E-4 3.18552E-4 1.57445E-4 9.96195E-5 1.02038E-4 7.36261E-5 2.86363E-5 7.74608E-5 8.53339E-6 5.12999E-6 -9999 -9999 -9999 -9999 -9999 -9999 -9999 -9999 -9999 -9999 -9999 -9999 -9999
7.43832E-4 8.07562E-4 8.85824E-4 7.14995E-4 8.36573E-4 8.04768E-4 9.66483E-4 7.84027E-4 9.01646E-4 6.87376E-4 7.00628E-4 8.82807E-4 9.7079E-4 9.44905E-4 8.78881E-4 7.09723E-4 7.02698E-4 5.44363E-4 6.9733E-4 5.11409E-4 8.11011E-4 7.36049E-4 7.63928E-4 6.63716E-4 8.16939E-4 7.04966E-4 6.2944E-4 5.77713E-4 3.98401E-4 2.66993E-4 2.11932E-4 1.13184E-4 8.98734E-5 8.34622E-5 1.07978E-4 9.47963E-5 8.72351E-5 1.78159E-4 3.25862E-4 3.78401E-4 4.07556E-4 4.05073E-4 4.65199E-4 2.53483E-4 2.25465E-4 7.26226E-5 5.00381E-5 3.92049E-5 5.50108E-5 1.40089E-5 3.00954E-5 1.22944E-5 1.00732E-6 -9999 -9999 -9999 -9999 -9999 -9999 -9999 -9999 -9999 -9999 -9999 -9999 -9999
8.31366E-4 7.88012E-4 8.56523E-4 1.04159E-3 8.2901E-4 1.21222E-3 1.10685E-3 1.02738E-3 1.08039E-3 9.60077E-4 8.26048E-4 1.00042E-3 9.35695E-4 8.82712E-4 8.5511E-4 6.3978E-4 8.08681E-4 9.13638E-4 7.79469E-4 5.55449E-4 7.95652E-4 5.8398E-4 5.62287E-4 5.6462E-4 6.44682E-4 6.05794E-4 5.66981E-4 4.90506E-4 2.54607E-4 1.62579E-4 1.52995E-4 1.27276E-4 9.4395E-5 5.51563E-5 6.38317E-5 6.19765E-5 6.52848E-5 9.03248E-5 2.84853E-4 3.42327E-4 3.7414E-4 5.03385E-4 2.44989E-4 1.15323E-4 7.07602E-5 3.2766E-5 2.25869E-5 3.08905E-5 1.52336E-5 4.14742E-6 6.78869E-6 2.1028E-6 6.55151E-7 8.97926E-7 -9999 -9999 -9999 -9999 -9999 -9999 -9999 -9999 -9999 -9999 -9999 -9999
1.29157E-3 1.26084E-3 1.24508E-3 1.23891E-3 1.01377E-3 1.29413E-3 1.096E-3 7.95738E-4 7.95452E-4 1.06533E-3 5.37851E-4 8.05843E-4 4.20603E-4 9.37284E-4 6.85099E-4 8.90401E-4 5.21755E-4 5.64699E-4 5.60891E-4 5.90881E-4 5.91737E-4 6.02863E-4 5.19419E-4 4.51387E-4 5.37457E-4 5.06737E-4 5.23889E-4 2.70759E-4 2.09622E-4 2.55077E-4 3.06202E-4 2.43725E-4 9.39636E-5 4.35908E-5 4.09084E-5 2.78369E-5 4.51724E-5 1.2386E-4 3.05477E-4 3.38673E-4 3.68643E-4 2.12508E-4 1.1679E-4 8.36037E-5 5.13035E-5 2.46716E-5 1.48625E-5 7.96503E-6 2.17882E-6 1.58248E-6 8.20616E-7 4.86247E-7 1.08963E-6 6.63233E-7 -9999 -9999 -9999 -9999 -9999 -9999 -9999 -9999 -9999 -9999 -9999 -9999
1.02613E-3 7.54975E-4 7.24445E-4 5.6145E-4 7.11418E-4 3.62911E-4 4.60997E-4 2.13706E-4 5.41516E-4 4.89879E-4 5.51762E-4 2.29702E-4 6.27332E-4 6.33802E-4 4.19317E-3 4.69132E-3 4.39375E-4 4.60821E-4 5.10232E-4 6.0018E-4 5.12583E-4 4.45957E-4 3.73047E-4 3.44641E-4 4.82876E-4 5.04257E-4 3.89513E-4 2.61697E-4 2.58058E-4 3.30443E-4 3.66111E-4 2.44681E-4 1.1177E-4 7.50932E-5 3.81045E-5 1.81163E-5 3.701E-5 2.01031E-4 2.84149E-4 3.71459E-4 2.71778E-4 1.37422E-4 9.37152E-5 3.90067E-5 3.61226E-5 3.52194E-5 6.37398E-6 2.09846E-6 6.68506E-7 1.97076E-6 7.57573E-7 2.62864E-6 1.98145E-6 -9999 -9999 -9999 -9999 -9999 -9999 -9999 -9999 -9999 -9999 -9999 -9999 -9999
9.64881E-4 6.61035E-4 6.71236E-4 1.02682E-3 7.92858E-4 5.70316E-4 4.89953E-4 9.13857E-4 7.05039E-4 5.41893E-4 4.85511E-4 5.45681E-4 7.20617E-4 8.27003E-4 4.38524E-4 4.97359E-4 3.63984E-4 4.1448E-4 3.41886E-4 2.57076E-4 2.89223E-4 2.70394E-4 1.52389E-4 1.73783E-4 3.28104E-4 4.66605E-4 4.42111E-4 3.99768E-4 3.67723E-4 3.56704E-4 3.4046E-4 2.98054E-4 2.06584E-4 1.35617E-4 7.73898E-5 4.98638E-5 9.78797E-5 3.12949E-4 2.94349E-4 3.34836E-4 2.31401E-4 1.15938E-4 6.83457E-5 1.92856E-5 2.47619E-5 3.08279E-5 4.57031E-6 1.21696E-6 5.33558E-7 2.67291E-6 5.52836E-6 5.93677E-6 1.52165E-6 7.82091E-8 -9999 -9999 -9999 -9999 -9999 -9999 -9999 -9999 -9999 -9999 -9999 -9999
5.4173E-4 5.20516E-4 5.84349E-4 7.00471E-4 7.55054E-4 6.66955E-4 6.17712E-4 6.85793E-4 6.33721E-4 5.77197E-4 5.30228E-4 5.40091E-4 5.40129E-4 3.41993E-4 2.53026E-4 3.39256E-4 3.00116E-4 1.93279E-4 1.40769E-4 1.2163E-4 1.21544E-4 1.54262E-4 1.11978E-4 1.51539E-4 2.59825E-4 3.2197E-4 3.71541E-4 4.69496E-4 3.72905E-4 3.35716E-4 2.91759E-4 2.63797E-4 2.33564E-4 2.85633E-4 1.76981E-4 1.55466E-4 2.54722E-4 2.31839E-4 2.7381E-4 2.85366E-4 1.68798E-4 5.96347E-5 3.02609E-5 1.48412E-5 2.75793E-5 1.24562E-5 3.12269E-6 1.41556E-6 8.70687E-7 2.37982E-6 1.19323E-5 7.16231E-6 1.17154E-7 -9999 -9999 -9999 -9999 -9999 -9999 -9999 -9999 -9999 -9999 -9999 -9999 -9999
4.41519E-4 4.98864E-4 4.81161E-4 4.40269E-4 4.74163E-4 3.65786E-4 4.07469E-4 4.5664E-4 5.11253E-4 4.26325E-4 5.13301E-4 5.30134E-4 4.47661E-4 3.25868E-4 2.4535E-4 1.63219E-4 1.29851E-4 1.05931E-4 6.72608E-5 5.40276E-5 6.60166E-5 7.42557E-5 9.81652E-5 1.19972E-4 1.19611E-4 1.63527E-4 3.74444E-4 3.44815E-4 3.66323E-4 3.13112E-4 2.53367E-4 2.85257E-4 1.86713E-4 2.15096E-4 2.71611E-4 2.62548E-4 2.1517E-4 3.1513E-4 2.62549E-4 2.21322E-4 1.03363E-4 2.90386E-5 1.08049E-5 1.18519E-5 2.13376E-5 4.37569E-6 2.81742E-6 9.3147E-7 2.55306E-6 1.95589E-5 9.05309E-6 5.71404E-7 -9999 -9999 -9999 -9999 -9999 -9999 -9999 -9999 -9999 -9999 -9999 -9999 -9999 -9999
5.27173E-4 4.29769E-4 4.43034E-4 3.24586E-4 2.48803E-4 3.58715E-4 1.07448E-4 1.32153E-4 2.15209E-4 8.25426E-5 1.71771E-4 2.30064E-4 2.44426E-4 1.2894E-4 5.85713E-5 4.97601E-5 5.94719E-5 5.16391E-5 2.61049E-5 2.888E-5 3.78826E-5 6.56487E-5 5.77818E-5 6.21222E-5 9.15983E-5 1.46851E-4 2.40485E-4 3.17514E-4 2.9681E-4 4.09617E-4 2.75724E-4 2.09721E-4 1.6209E-4 1.67616E-4 1.72476E-4 2.67055E-4 2.06395E-4 2.71637E-4 1.46954E-4 8.19582E-5 3.17827E-5 1.49366E-5 1.01268E-5 1.88623E-5 9.07265E-6 3.43136E-6 1.80053E-6 6.92905E-7 6.60244E-6 2.47133E-5 4.27728E-6 1.94291E-7 2.34131E-8 -9999 -9999 -9999 -9999 -9999 -9999 -9999 -9999 -9999 -9999 -9999 -9999 -9999
2.32578E-4 4.40889E-4 3.78352E-4 2.3427E-4 1.80456E-4 7.98721E-5 2.66043E-5 1.6315E-5 4.23283E-6 2.01386E-6 2.46675E-6 3.51594E-6 8.26716E-6 4.38387E-6 1.08686E-5 1.85579E-5 5.51882E-5 1.69047E-5 5.21276E-5 2.77536E-5 8.00037E-5 5.02726E-5 4.2522E-5 7.05475E-5 6.16205E-5 9.3857E-5 1.40858E-4 2.55057E-4 2.51891E-4 2.1188E-4 1.69739E-4 1.6673E-4 1.59009E-4 1.5612E-4 1.58858E-4 2.13874E-4 1.86115E-4 1.3048E-4 9.5427E-5 4.62142E-5 5.51485E-6 6.68586E-6 8.0232E-6 9.5537E-6 1.71484E-6 3.06219E-6 5.97324E-6 6.65695E-6 2.02369E-5 3.26157E-6 1.20759E-5 2.02255E-7 -9999 -9999 -9999 -9999 -9999 -9999 -9999 -9999 -9999 -9999 -9999 -9999 -9999 -9999
1.05519E-4 2.12907E-4 1.36153E-4 2.02769E-4 1.48048E-4 7.02608E-5 2.58726E-5 6.95601E-6 6.7888E-6 7.15394E-7 7.715E-7 6.81029E-7 7.46325E-7 3.37962E-6 1.48467E-6 1.96819E-6 3.24057E-6 5.99359E-6 1.23507E-5 1.63981E-5 1.76694E-5 1.88578E-5 3.23803E-5 4.37997E-5 5.43841E-5 7.06934E-5 1.38584E-4 2.32427E-4 2.72013E-4 2.2815E-4 1.7792E-4 1.56481E-4 1.26803E-4 1.22791E-4 1.52244E-4 1.49123E-4 1.23057E-4 8.45942E-5 2.13081E-5 1.4859E-6 1.30557E-7 3.09457E-7 2.82961E-6 2.55857E-6 1.35388E-6 4.26394E-6 1.11389E-5 1.62268E-5 3.45408E-6 2.66779E-6 4.70998E-6 -9999 -9999 -9999 -9999 -9999 -9999 -9999 -9999 -9999 -9999 -9999 -9999 -9999 -9999 -9999
5.86775E-5 1.16822E-4 1.58471E-4 2.08109E-4 2.26509E-4 1.13229E-4 3.84472E-5 1.15933E-5 4.79701E-6 7.2491E-7 3.47657E-7 3.19717E-7 5.12045E-7 5.17487E-7 7.73674E-7 2.36964E-6 3.03308E-5 5.56249E-6 7.79439E-6 1.49613E-5 1.29215E-5 1.23558E-5 1.184E-5 2.10449E-5 4.0035E-5 8.23847E-5 9.8969E-5 2.14059E-4 2.32894E-4 2.51271E-4 2.00431E-4 1.5366E-4 1.09426E-4 1.09218E-4 9.50104E-5 1.06539E-4 2.28642E-5 1.69873E-5 9.34404E-6 1.56815E-6 4.6873E-7 7.79393E-8 7.86584E-7 9.43473E-7 9.07902E-7 5.4393E-6 1.21583E-5 4.26864E-6 7.07032E-7 6.41639E-7 -9999 -9999 -9999 -9999 -9999 -9999 -9999 -9999 -9999 -9999 -9999 -9999 -9999 -9999 -9999 -9999
1.62465E-5 2.93043E-5 9.11177E-5 3.77057E-4 5.25899E-4 1.66162E-4 9.34376E-5 5.92004E-5 1.21929E-5 3.87184E-6 2.90004E-7 9.74827E-8 3.3503E-7 4.00553E-7 5.18216E-7 9.36143E-7 7.54411E-6 2.47435E-6 3.09818E-6 3.10974E-6 5.21065E-6 5.37238E-6 7.92738E-6 1.87329E-5 6.62217E-5 5.55429E-5 6.69569E-5 8.67709E-5 1.31336E-4 1.94151E-4 2.13648E-4 1.4786E-4 1.15625E-4 1.01405E-4 6.46072E-5 2.72726E-5 8.01819E-6 1.69401E-5 1.34393E-5 2.05321E-6 3.74818E-6 1.51777E-6 1.82609E-6 6.91619E-7 1.44418E-6 4.59199E-6 5.95587E-6 1.79289E-6 -9999 -9999 -9999 -9999 -9999 -9999 -9999 -9999 -9999 -9999 -9999 -9999 -9999 -9999 -9999 -9999 -9999 -9999
3.46789E-4 2.84521E-4 4.27581E-4 3.28915E-4 3.29889E-4 1.08654E-4 1.27134E-4 9.96688E-5 3.86815E-5 1.47719E-5 0E0 1.15862E-6 9.53193E-7 7.54052E-7 1.20058E-6 1.32624E-6 1.94824E-6 6.89874E-6 5.99514E-6 5.30407E-6 4.87269E-6 7.16904E-6 1.21395E-5 2.02084E-5 2.59905E-5 4.02761E-5 2.73303E-5 3.73929E-5 8.45454E-5 1.47897E-4 1.69272E-4 1.09971E-4 1.18946E-4 5.64574E-5 1.41498E-5 1.05642E-5 2.43377E-5 3.46698E-5 2.59321E-6 3.43326E-7 2.61608E-6 5.22437E-6 2.57398E-6 1.2479E-6 2.97965E-6 2.75958E-6 2.70417E-6 9.68031E-7 -9999 -9999 -9999 -9999 -9999 -9999 -9999 -9999 -9999 -9999 -9999 -9999 -9999 -9999 -9999 -9999 -9999 -9999
6.21499E-4 6.93545E-4 8.57928E-4 5.74415E-4 2.258E-4 1.0533E-4 1.69326E-4 2.78611E-4 1.57163E-4 1.28182E-4 4.77134E-5 4.00388E-5 3.52684E-5 2.7145E-5 1.28403E-5 1.26756E-5 2.20952E-5 2.77119E-5 4.53044E-5 2.39565E-5 2.13707E-5 1.83004E-5 3.03095E-5 4.96599E-5 2.78017E-5 7.15731E-6 1.23794E-5 2.59168E-5 6.55898E-5 9.4303E-5 1.22511E-4 8.83138E-5 3.93585E-5 1.683E-5 6.37752E-6 1.31107E-5 4.51015E-5 1.58779E-5 1.86445E-6 1.3676E-6 1.57083E-6 4.89123E-6 3.17375E-6 2.49082E-6 2.81303E-6 2.2409E-6 1.94859E-6 -9999 -9999 -9999 -9999 -9999 -9999 -9999 -9999 -9999 -9999 -9999 -9999 -9999 -9999 -9999 -9999 -9999 -9999 -9999
7.93352E-4 8.48423E-4 8.05501E-4 7.69859E-4 1.11888E-3 6.75523E-4 7.50759E-4 1.04253E-3 5.50436E-4 8.31792E-4 8.64683E-4 8.08855E-4 3.36962E-4 3.58017E-4 2.71902E-4 2.33079E-4 3.02735E-4 2.63757E-4 3.32943E-4 2.95787E-4 1.84615E-4 1.14529E-4 1.18777E-4 1.53532E-4 8.72631E-5 9.22746E-6 9.35616E-6 3.66209E-5 7.24635E-5 6.30067E-5 5.5513E-5 4.46883E-5 2.14089E-5 2.95578E-5 2.35842E-5 1.88451E-5 2.20318E-5 8.14774E-6 6.64509E-6 2.10481E-6 3.9251E-6 7.43987E-6 7.89475E-6 3.5032E-6 1.5583E-6 9.57288E-7 6.73982E-7 -9999 -9999 -9999 -9999 -9999 -9999 -9999 -9999 -9999 -9999 -9999 -9999 -9999 -9999 -9999 -9999 -9999 -9999 -9999
1.38725E-3 1.48131E-3 1.28869E-3 1.50583E-3 1.38993E-3 1.38805E-3 1.64522E-3 1.33343E-3 1.93163E-3 1.68697E-3 1.32391E-3 1.50801E-3 1.25104E-3 1.22082E-3 1.29458E-3 1.58405E-3 1.657E-3 1.31098E-3 1.0973E-3 7.87876E-4 7.05436E-4 4.95052E-4 5.04977E-4 2.71303E-4 1.76264E-4 8.97628E-5 6.39514E-5 1.04991E-4 1.04709E-4 6.07733E-5 5.51451E-5 6.50944E-5 8.70879E-5 1.07848E-4 8.02982E-5 2.49096E-5 1.29657E-5 8.88643E-6 5.12383E-6 1.31593E-6 1.14934E-5 1.7527E-5 1.12043E-5 4.28869E-6 2.02006E-6 8.51697E-7 8.11876E-7 1.26476E-6 1.7225E-6 -9999 -9999 -9999 -9999 -9999 -9999 -9999 -9999 -9999 -9999 -9999 -9999 -9999 -9999 -9999 -9999 -9999
1.59722E-3 1.34473E-3 1.48348E-3 1.57384E-3 1.68709E-3 1.45904E-3 1.55025E-3 1.68318E-3 1.91033E-3 1.81058E-3 1.12075E-3 1.27638E-3 1.3625E-3 1.34091E-3 1.54629E-3 1.47505E-3 1.22351E-3 1.58673E-3 1.08353E-3 1.4288E-3 1.08177E-3 1.12145E-3 9.30739E-4 6.35092E-4 5.20458E-4 4.75887E-4 6.74524E-4 3.75929E-4 3.7682E-4 3.01455E-4 2.44372E-4 2.75074E-4 2.8782E-4 1.84611E-4 1.2285E-4 4.21956E-5 3.81478E-5 9.77414E-6 1.68446E-6 9.43528E-6 2.43672E-5 2.74924E-5 1.28885E-5 7.1968E-6 6.3081E-6 2.4806E-6 4.58168E-6 1.43343E-5 1.12818E-5 -9999 -9999 -9999 -9999 -9999 -9999 -9999 -9999 -9999 -9999 -9999 -9999 -9999 -9999 -9999 -9999 -9999
1.75277E-3 1.75608E-3 1.6649E-3 1.51183E-3 1.66689E-3 1.41689E-3 1.48769E-3 1.50651E-3 1.90733E-3 1.92641E-3 1.30628E-3 1.29925E-3 1.15737E-3 1.58989E-3 1.47935E-3 1.09939E-3 1.39069E-3 1.39012E-3 1.42935E-3 1.13183E-3 1.16419E-3 1.01141E-3 1.14836E-3 1.12919E-3 1.15304E-3 8.84409E-4 8.65255E-4 7.31134E-4 9.46332E-4 6.24212E-4 7.9703E-4 5.15735E-4 2.79214E-4 1.92223E-4 8.50155E-5 8.38715E-5 7.61797E-5 1.33452E-5 6.98312E-6 4.54691E-5 3.53594E-5 3.32347E-5 1.18688E-5 8.75648E-6 1.45274E-5 6.49062E-6 1.15135E-5 4.03484E-5 -9999 -9999 -9999 -9999 -9999 -9999 -9999 -9999 -9999 -9999 -9999 -9999 -9999 -9999 -9999 -9999 -9999 -9999
1.80975E-3 1.78544E-3 1.77962E-3 1.42563E-3 1.24419E-3 1.43367E-3 1.61604E-3 1.65342E-3 1.96009E-3 1.98512E-3 1.44118E-3 1.48793E-3 1.38658E-3 1.47113E-3 1.42296E-3 1.19013E-3 1.31292E-3 1.39166E-3 1.16474E-3 1.42002E-3 1.3413E-3 1.40453E-3 1.85399E-3 1.1169E-3 9.59419E-4 1.30114E-3 1.33418E-3 1.18905E-3 7.36236E-4 7.4273E-4 6.01557E-4 5.09016E-4 1.66314E-4 1.66388E-4 9.93829E-5 1.23378E-4 7.29935E-5 1.38636E-5 2.46631E-5 1.10919E-4 6.88211E-5 2.89916E-5 1.60147E-5 1.38316E-5 1.74077E-5 1.71157E-5 3.09564E-5 6.35941E-5 -9999 -9999 -9999 -9999 -9999 -9999 -9999 -9999 -9999 -9999 -9999 -9999 -9999 -9999 -9999 -9999 -9999 -9999
1.75227E-3 1.99979E-3 1.63349E-3 1.35124E-3 1.31335E-3 1.79914E-3 1.66901E-3 1.79769E-3 2.01448E-3 1.98794E-3 2.01715E-3 1.75673E-3 1.45124E-3 1.23028E-3 1.31174E-3 1.46416E-3 1.37149E-3 1.3602E-3 1.39362E-3 1.53697E-3 1.14834E-3 1.19967E-3 1.09782E-3 1.18963E-3 8.67273E-4 9.00035E-4 1.3125E-3 9.47641E-4 8.83443E-4 7.33794E-4 5.29394E-4 4.334E-4 1.83295E-4 1.11544E-4 1.03169E-4 8.25873E-5 5.77443E-5 1.05424E-5 5.96919E-5 7.72218E-5 5.92579E-5 3.30747E-5 1.44191E-5 1.40359E-5 3.20252E-5 4.93445E-5 1.20103E-4 -9999 -9999 -9999 -9999 -9999 -9999 -9999 -9999 -9999 -9999 -9999 -9999 -9999 -9999 -9999 -9999 -9999 -9999 -9999
1.37886E-3 1.72335E-3 1.51443E-3 1.30339E-3 1.64678E-3 1.75729E-3 1.4842E-3 2.0852E-3 2.14322E-3 2.14423E-3 1.84817E-3 1.32646E-3 1.42879E-3 1.49838E-3 1.80405E-3 1.48345E-3 1.32141E-3 1.64591E-3 1.20777E-3 1.25102E-3 1.59746E-3 9.11174E-4 1.26623E-3 1.0056E-3 9.576E-4 8.82606E-4 1.29196E-3 8.00365E-4 7.00306E-4 5.64836E-4 3.91071E-4 4.03634E-4 1.52351E-4 9.43474E-5 8.13116E-5 2.2246E-5 3.91251E-5 1.6906E-5 7.83307E-5 7.21989E-5 5.49374E-5 3.51621E-5 1.44352E-5 1.6752E-5 4.96573E-5 1.02877E-4 1.62652E-4 -9999 -9999 -9999 -9999 -9999 -9999 -9999 -9999 -9999 -9999 -9999 -9999 -9999 -9999 -9999 -9999 -9999 -9999 -9999
1.58047E-3 1.5353E-3 1.39235E-3 1.41097E-3 1.58545E-3 1.71373E-3 1.58255E-3 1.96506E-3 2.18535E-3 2.13689E-3 1.30078E-3 1.23078E-3 9.39494E-4 1.5141E-3 1.3885E-3 1.18249E-3 1.09824E-3 1.46758E-3 1.3857E-3 1.10453E-3 1.43138E-3 1.2929E-3 1.24253E-3 8.97664E-4 9.09309E-4 7.63836E-4 7.40814E-4 1.05018E-3 9.64831E-4 5.21822E-4 3.54659E-4 3.36112E-4 2.27925E-4 1.57281E-4 1.07689E-4 2.49803E-5 2.69336E-5 3.12656E-5 5.43144E-5 5.767E-5 1.03616E-4 3.1554E-5 1.54407E-5 2.57109E-5 8.49182E-5 1.28458E-4 -9999 -9999 -9999 -9999 -9999 -9999 -9999 -9999 -9999 -9999 -9999 -9999 -9999 -9999 -9999 -9999 -9999 -9999 -9999 -9999
1.54122E-3 1.55583E-3 1.72765E-3 1.86944E-3 2.10394E-3 1.85979E-3 1.91693E-3 2.23391E-3 2.27709E-3 2.22985E-3 1.8861E-3 1.28583E-3 1.20352E-3 1.34575E-3 1.17403E-3 1.14483E-3 9.89927E-4 1.01747E-3 1.02554E-3 1.10813E-3 1.21497E-3 1.28058E-3 9.65864E-4 8.94666E-4 1.04043E-3 6.93175E-4 7.24157E-4 7.48345E-4 6.07559E-4 4.8778E-4 3.36592E-4 2.62476E-4 2.02421E-4 1.97108E-4 5.46801E-5 3.22108E-5 8.84922E-6 2.59331E-5 5.88379E-5 5.87467E-5 4.85556E-5 2.82514E-5 1.34239E-5 2.64669E-5 1.31969E-4 -9999 -9999 -9999 -9999 -9999 -9999 -9999 -9999 -9999 -9999 -9999 -9999 -9999 -9999 -9999 -9999 -9999 -9999 -9999 -9999 -9999
1.47875E-3 1.48864E-3 1.70668E-3 1.80393E-3 2.01956E-3 1.84678E-3 2.19998E-3 2.36392E-3 2.34446E-3 2.33459E-3 1.82654E-3 1.40416E-3 1.29089E-3 1.36826E-3 1.06134E-3 1.33655E-3 8.56825E-4 9.27464E-4 1.30585E-3 1.3176E-3 1.03292E-3 1.19556E-3 8.24675E-4 8.05087E-4 8.11454E-4 8.00772E-4 5.20699E-4 5.33344E-4 3.47294E-4 2.97386E-4 2.5204E-4 1.93304E-4 1.86231E-4 1.2571E-4 1.82788E-5 1.43446E-5 9.65294E-6 2.92352E-5 3.82215E-5 5.25556E-5 1.6883E-5 1.45214E-5 1.90887E-5 8.5998E-5 1.97522E-4 -9999 -9999 -9999 -9999 -9999 -9999 -9999 -9999 -9999 -9999 -9999 -9999 -9999 -9999 -9999 -9999 -9999 -9999 -9999 -9999 -9999
1.19772E-3 1.58806E-3 1.52519E-3 1.79576E-3 1.86369E-3 1.86122E-3 1.77576E-3 2.38117E-3 2.18812E-3 2.07005E-3 1.4863E-3 1.56138E-3 1.46113E-3 1.27857E-3 8.40014E-4 1.3048E-3 8.21756E-4 1.25569E-3 1.19443E-3 1.18456E-3 1.17171E-3 8.32026E-4 1.10094E-3 6.33858E-4 7.23913E-4 5.38269E-4 4.71123E-4 3.89242E-4 2.57915E-4 2.02099E-4 1.74721E-4 7.21508E-5 6.87814E-5 2.61088E-5 1.55786E-5 2.02296E-5 2.18003E-5 2.59686E-5 2.66469E-5 3.65914E-5 1.51506E-5 1.26623E-5 3.83192E-5 1.5717E-4 -9999 -9999 -9999 -9999 -9999 -9999 -9999 -9999 -9999 -9999 -9999 -9999 -9999 -9999 -9999 -9999 -9999 -9999 -9999 -9999 -9999 -9999
1.03092E-3 1.28229E-3 1.20906E-3 1.55134E-3 1.86643E-3 1.51074E-3 1.48151E-3 2.43852E-3 1.83901E-3 1.40235E-3 1.06908E-3 1.05955E-3 9.71282E-4 1.23764E-3 1.25395E-3 1.20987E-3 1.22994E-3 8.49733E-4 8.17707E-4 1.08351E-3 8.21593E-4 7.42121E-4 5.67157E-4 6.90525E-4 5.41106E-4 4.94389E-4 3.10616E-4 2.82977E-4 2.81434E-4 1.69421E-4 1.20281E-4 3.49273E-5 2.05552E-5 1.97447E-5 2.75058E-5 3.23501E-5 2.28146E-5 9.19652E-6 1.85729E-5 2.62273E-5 9.88727E-6 1.0324E-5 6.25338E-5 1.38397E-4 -9999 -9999 -9999 -9999 -9999 -9999 -9999 -9999 -9999 -9999 -9999 -9999 -9999 -9999 -9999 -9999 -9999 -9999 -9999 -9999 -9999 -9999
