catData/rasterBestHybridModels/Pviverrinus/RD_RM2_LQ/Pviverrinus_max.asc
ncols         409
nrows         350
xllcorner     60.897278365
yllcorner     5.843756025
cellsize      0.0892857
NODATA_value  -9999
[rows 87 to 115 of 350, columns 198 to 263 of 409]
1.03433E-4 1.12108E-4 1.21393E-4 1.01804E-4 1.2308E-4 1.09548E-4 1.02384E-4 8.73134E-5 6.96361E-5 3.12491E-5 1.75229E-5 8.21854E-6 2.7541E-6 1.29528E-6 2.73289E-6 1.06096E-6 2.09913E-6 1.24157E-6 3.39604E-6 7.07159E-6 1.303E-6 7.74908E-7 7.15134E-7 1.26362E-6 3.47714E-6 5.02615E-6 3.35506E-6 1.09266E-6 3.16167E-7 2.00085E-6 9.88502E-7 2.7998E-8 2.12213E-9 3.07399E-9 1.55139E-8 2.77891E-8 3.41468E-9 1.55412E-9 1.34221E-9 7.53739E-10 1.61091E-9 1.00266E-9 2.88402E-10 7.66414E-12 1.80678E-13 4.29663E-13 1.559E-13 1.25382E-13 2.1386E-13 1.28361E-13 1.62505E-13 9.94842E-14 1.20945E-13 5.85333E-14 -9999 -9999 -9999 -9999 -9999 1.98604E-14 8.14316E-13 -9999 -9999 -9999 -9999 -9999
9.97254E-5 1.0884E-4 1.35948E-4 1.32134E-4 1.54589E-4 1.61255E-4 1.72089E-4 1.44819E-4 1.15059E-4 1.01385E-4 8.73254E-5 4.38236E-5 1.43159E-5 5.29105E-6 9.00866E-6 6.73959E-6 1.05845E-5 1.44665E-5 1.96874E-5 1.36477E-5 1.81893E-6 6.04578E-7 3.17293E-7 1.48004E-7 1.50702E-7 4.92696E-7 2.29779E-6 6.55341E-6 1.4249E-6 7.10477E-6 1.04018E-6 1.62148E-7 4.96756E-8 9.90947E-8 7.12723E-8 1.60026E-9 9.18775E-10 2.01878E-9 2.11943E-9 5.29393E-10 8.09058E-11 1.20484E-10 1.31445E-10 2.50814E-11 1.07964E-12 4.81259E-12 1.19131E-12 2.75227E-13 1.18746E-12 7.73853E-13 1.52647E-13 1.12152E-13 8.47029E-14 3.56933E-14 1.58272E-14 1.32113E-14 -9999 1.78934E-15 3.96659E-15 2.0178E-13 5.49197E-12 6.81367E-13 8.83843E-14 -9999 -9999 -9999
1.01447E-4 1.01786E-4 1.21426E-4 1.24586E-4 1.38697E-4 1.63703E-4 1.55347E-4 1.51723E-4 1.41099E-4 1.14201E-4 1.15157E-4 1.14218E-4 9.65052E-5 5.89882E-5 4.39019E-5 4.25192E-5 4.1975E-5 5.29937E-5 3.6706E-5 4.3208E-5 2.16359E-5 6.88357E-6 2.11793E-6 1.01412E-6 4.83518E-7 1.35817E-7 2.24013E-7 3.6444E-6 6.78987E-6 4.02791E-6 1.32126E-6 6.48797E-7 7.6116E-7 3.67756E-7 7.64764E-8 1.63567E-8 3.09769E-9 3.13031E-10 2.17719E-10 8.16567E-11 1.70836E-11 1.3918E-11 3.28018E-11 1.13271E-10 2.75971E-10 6.00359E-11 3.99237E-12 4.32393E-12 9.21298E-12 3.46103E-13 1.17702E-13 2.4786E-13 6.6137E-14 8.29395E-14 7.0504E-14 1.67883E-14 3.92766E-15 1.77269E-15 7.00053E-15 2.91751E-12 1.12609E-11 6.79322E-13 -9999 -9999 -9999 -9999
1.39483E-4 1.08381E-4 9.12933E-5 1.3044E-4 1.33694E-4 1.33424E-4 1.66119E-4 1.44089E-4 1.84889E-4 1.67035E-4 1.50359E-4 1.48542E-4 1.78822E-4 1.50892E-4 1.48808E-4 1.56345E-4 1.4947E-4 1.42555E-4 5.40344E-5 4.20769E-5 2.66557E-5 1.21507E-5 5.05642E-6 2.74981E-6 2.55366E-6 1.85696E-6 2.08241E-6 3.22986E-6 1.02678E-5 4.66229E-6 2.25387E-6 2.27204E-6 2.57821E-6 3.00249E-7 5.01883E-8 9.28489E-9 1.36077E-9 3.121E-10 1.1427E-10 8.62113E-11 4.82235E-10 1.12904E-9 4.81384E-11 1.87473E-10 4.51024E-9 7.19318E-10 5.40983E-10 4.91165E-10 6.08353E-11 1.76001E-12 4.72766E-13 2.48084E-13 6.17306E-14 1.07724E-13 5.07575E-14 1.66647E-14 4.9568E-15 5.92357E-15 1.59329E-13 2.60356E-11 7.20108E-12 1.31149E-13 -9999 -9999 -9999 -9999
1.38504E-4 1.26158E-4 1.08057E-4 1.24108E-4 1.27986E-4 1.51326E-4 1.56974E-4 1.39629E-4 1.26351E-4 1.29833E-4 1.46567E-4 1.33621E-4 1.46771E-4 1.76916E-4 1.53703E-4 1.74159E-4 1.59324E-4 1.63555E-4 1.48356E-4 1.43331E-4 1.03879E-4 5.59331E-5 1.89645E-5 7.66552E-6 6.376E-6 9.32693E-6 1.11588E-5 2.00021E-5 1.82091E-5 7.27983E-6 5.91023E-6 3.97022E-6 4.8791E-6 3.36398E-6 1.51665E-6 4.44984E-7 3.76901E-8 5.94858E-9 1.99428E-9 2.74779E-9 1.17374E-8 3.84958E-8 1.00699E-9 3.3911E-9 8.1835E-9 2.68092E-10 5.24725E-11 1.72078E-10 2.31818E-10 2.48942E-11 3.02741E-12 7.07468E-13 2.57571E-13 4.90612E-13 2.99932E-14 9.16533E-15 2.44256E-14 1.40956E-13 1.67061E-11 9.97461E-12 4.72181E-13 2.59567E-14 -9999 -9999 -9999 -9999
1.04056E-4 1.02345E-4 1.02371E-4 1.15346E-4 1.24053E-4 1.4576E-4 1.34912E-4 1.39829E-4 1.29805E-4 1.37881E-4 1.76346E-4 1.78291E-4 1.25685E-4 1.49136E-4 1.60414E-4 1.42321E-4 1.59115E-4 1.74281E-4 2.08116E-4 1.44705E-4 1.53455E-4 1.37998E-4 1.02956E-4 6.01161E-5 4.03881E-5 2.85158E-5 1.63593E-5 2.66695E-5 3.41667E-5 4.95729E-5 2.81157E-5 1.85684E-5 7.65767E-6 5.80373E-6 4.01033E-6 2.24874E-6 2.59632E-7 9.9668E-8 1.51801E-7 1.52E-7 6.75395E-8 2.40214E-7 1.18146E-7 4.22955E-8 2.56927E-9 1.58102E-11 1.22864E-11 1.12152E-11 1.74881E-11 8.1847E-12 1.01264E-12 2.41502E-13 3.32351E-13 2.26975E-13 2.13752E-14 7.86756E-15 1.13688E-13 1.81493E-11 8.56108E-11 9.45473E-13 2.54945E-14 8.08297E-15 5.30529E-15 9.8919E-15 9.13251E-15 -9999
7.90956E-5 7.88015E-5 9.86745E-5 1.14888E-4 1.34079E-4 1.32583E-4 1.13203E-4 1.52412E-4 1.56089E-4 1.49767E-4 1.63175E-4 1.74252E-4 1.65342E-4 1.51231E-4 1.56949E-4 1.56185E-4 1.53449E-4 1.74833E-4 2.02513E-4 1.73539E-4 1.50331E-4 1.45433E-4 1.84681E-4 1.7354E-4 1.80556E-4 1.51518E-4 1.18693E-4 7.371E-5 4.36948E-5 4.64309E-5 7.77175E-5 5.36572E-5 1.88372E-5 5.3467E-6 2.08172E-6 1.28831E-6 3.18119E-7 5.1028E-7 1.19345E-6 7.8725E-7 8.16897E-7 1.56175E-6 3.67954E-7 6.38492E-8 4.54138E-9 5.90743E-10 1.13436E-9 1.75702E-10 9.93149E-11 3.77247E-12 1.41761E-13 1.68962E-14 4.80459E-15 1.05972E-15 3.09506E-15 1.69121E-14 9.57944E-12 2.00967E-11 1.46747E-12 1.54173E-13 8.62979E-14 2.98206E-14 6.59693E-14 1.22419E-13 2.64546E-14 1.23807E-14
7.89539E-5 1.00689E-4 1.06325E-4 9.49798E-5 8.48079E-5 9.90654E-5 1.17025E-4 1.37152E-4 1.35599E-4 1.57388E-4 1.62933E-4 1.65961E-4 1.68707E-4 1.27272E-4 1.81176E-4 1.48894E-4 1.50279E-4 1.5784E-4 1.89415E-4 1.88117E-4 1.86204E-4 1.83769E-4 1.90963E-4 1.79062E-4 1.75696E-4 1.95503E-4 2.1465E-4 1.99937E-4 1.38666E-4 6.83602E-5 7.04043E-5 3.17289E-5 2.6928E-5 8.88955E-6 2.45472E-6 1.18337E-6 5.99642E-7 1.51769E-6 4.70862E-6 4.13099E-6 6.42696E-6 3.03581E-6 9.81965E-7 7.80567E-7 1.1763E-7 5.04452E-8 2.01428E-8 7.77647E-9 8.76061E-10 7.60894E-11 4.70232E-12 1.67875E-12 6.37365E-13 1.74104E-13 3.80164E-14 7.04604E-13 7.78907E-10 1.35531E-11 4.44088E-14 7.98647E-15 6.03823E-14 5.83064E-13 1.20479E-12 3.60816E-13 1.63602E-13 5.95572E-13
8.25081E-5 1.09083E-4 1.15335E-4 1.29834E-4 1.04564E-4 9.42796E-5 1.09567E-4 1.29039E-4 1.356E-4 1.96468E-4 1.58174E-4 1.53668E-4 1.67472E-4 1.3933E-4 1.90595E-4 1.48178E-4 1.5652E-4 1.51646E-4 1.64379E-4 1.73902E-4 2.49889E-4 2.81434E-4 1.83447E-4 1.91019E-4 1.99879E-4 1.96672E-4 2.06091E-4 2.24017E-4 1.9515E-4 2.29509E-4 1.40437E-4 5.94873E-5 1.96249E-5 2.16012E-5 1.75415E-5 6.55609E-6 1.31247E-6 2.33672E-6 8.21292E-6 6.31598E-6 5.91102E-6 2.86637E-6 8.94532E-7 4.43428E-7 1.82516E-7 1.07009E-7 3.4749E-8 4.98057E-9 5.06616E-10 1.11073E-10 4.08168E-11 7.5735E-11 6.90525E-10 4.00496E-9 2.62985E-10 2.76163E-10 6.4348E-9 6.51578E-10 1.19185E-12 1.22381E-13 7.84059E-14 1.05569E-13 4.27116E-14 5.93013E-13 1.32426E-11 1.11701E-11
9.07161E-5 1.0826E-4 9.74453E-5 1.01488E-4 8.78991E-5 9.09287E-5 8.95778E-5 9.79236E-5 1.44731E-4 1.97076E-4 1.62441E-4 1.57071E-4 1.55239E-4 1.37481E-4 1.87953E-4 1.82282E-4 1.69873E-4 1.46258E-4 1.45972E-4 1.88764E-4 2.10647E-4 2.65468E-4 2.29661E-4 1.84624E-4 2.02406E-4 2.13166E-4 2.28206E-4 2.43695E-4 2.70597E-4 2.64751E-4 1.98834E-4 1.26565E-4 6.61253E-5 3.39213E-5 2.23316E-5 2.58863E-5 1.14225E-5 6.14323E-6 7.46612E-6 2.87711E-6 1.63398E-6 1.73631E-6 3.96229E-7 2.63293E-7 2.55138E-7 3.3144E-8 8.65203E-9 4.60601E-9 1.03886E-9 9.27764E-10 9.3363E-10 1.98906E-9 7.04758E-9 1.30552E-7 1.8117E-8 3.11762E-8 1.40765E-7 1.66236E-9 5.91406E-11 9.73558E-11 6.89805E-12 7.63366E-12 1.76856E-12 1.17192E-12 1.05252E-10 7.86881E-11
8.29899E-5 9.82074E-5 8.51856E-5 9.74471E-5 8.98043E-5 9.06226E-5 1.00173E-4 1.08418E-4 1.43577E-4 1.65938E-4 1.86178E-4 1.73563E-4 1.55131E-4 1.43325E-4 1.81128E-4 1.70284E-4 1.59051E-4 1.54588E-4 1.43526E-4 1.83049E-4 1.68587E-4 2.10471E-4 2.10062E-4 2.1088E-4 1.77501E-4 1.98917E-4 2.36829E-4 2.62885E-4 2.04257E-4 2.62981E-4 2.41395E-4 1.78832E-4 1.08319E-4 5.72882E-5 4.09406E-5 2.08967E-5 1.6632E-5 5.30092E-6 1.42455E-6 1.43793E-6 2.71713E-6 1.42707E-6 1.6913E-7 1.9293E-7 7.00824E-7 2.96803E-7 7.17544E-8 1.37743E-7 1.71972E-8 1.49821E-8 1.00136E-7 1.30164E-7 2.35465E-8 7.33832E-8 3.0819E-7 1.20671E-6 1.66767E-7 6.24459E-9 3.65674E-8 5.36492E-8 1.74494E-8 4.75449E-9 2.36816E-9 3.71624E-10 7.46487E-9 1.02547E-8
5.44855E-5 6.32204E-5 7.12752E-5 7.31718E-5 7.83062E-5 7.86882E-5 9.99804E-5 1.26967E-4 1.21779E-4 1.64799E-4 1.42473E-4 1.37449E-4 1.60811E-4 1.351E-4 1.7504E-4 1.67698E-4 1.77506E-4 1.97673E-4 1.59024E-4 2.02257E-4 1.57722E-4 1.87222E-4 2.24148E-4 1.74839E-4 2.2385E-4 2.11129E-4 2.32404E-4 2.96309E-4 2.75716E-4 2.18802E-4 2.43466E-4 2.25447E-4 1.86025E-4 1.47142E-4 1.06128E-4 5.92726E-5 3.65007E-5 2.74316E-5 1.02297E-5 4.77006E-6 4.76787E-6 3.18002E-6 8.77696E-7 1.32175E-6 1.22959E-6 1.60141E-6 1.36301E-6 6.63835E-7 9.87185E-8 7.75899E-8 1.93094E-7 4.27139E-7 6.54948E-8 3.46314E-8 1.04999E-7 1.00779E-6 1.99515E-6 6.65876E-7 1.83057E-6 4.41544E-6 3.17911E-6 6.51772E-7 2.80902E-7 3.24724E-7 1.00932E-6 2.96699E-7
6.29479E-5 6.19188E-5 7.05507E-5 6.6086E-5 7.96009E-5 8.59627E-5 9.51836E-5 1.05087E-4 1.10898E-4 1.25302E-4 1.14396E-4 1.38499E-4 1.41095E-4 1.59698E-4 1.67006E-4 1.81662E-4 1.8266E-4 1.67235E-4 1.78876E-4 1.71155E-4 1.63644E-4 1.69637E-4 1.94389E-4 1.93784E-4 1.85888E-4 2.184E-4 2.40842E-4 2.26326E-4 2.35953E-4 2.01786E-4 2.18114E-4 2.24297E-4 2.03085E-4 1.93423E-4 1.96441E-4 1.40437E-4 7.22053E-5 4.53438E-5 3.24698E-5 1.92816E-5 7.56946E-6 5.286E-6 2.74597E-6 2.27085E-6 1.47369E-6 4.16474E-6 3.39667E-6 8.40208E-7 1.11557E-6 7.80512E-7 8.10692E-7 2.05719E-6 2.79294E-6 1.02951E-6 3.92564E-7 3.59529E-7 5.08953E-6 7.89296E-6 1.35388E-6 1.02703E-5 4.26043E-5 3.65048E-5 1.89871E-5 1.58683E-5 9.70955E-6 8.12416E-6
5.43617E-5 5.51291E-5 4.99384E-5 6.9622E-5 7.94977E-5 9.50832E-5 9.02095E-5 9.02114E-5 1.2261E-4 1.21435E-4 1.0817E-4 1.25405E-4 1.16846E-4 1.47169E-4 1.59751E-4 1.70587E-4 1.67215E-4 1.3001E-4 1.43275E-4 1.60081E-4 2.00412E-4 1.44525E-4 1.88218E-4 1.50117E-4 1.77698E-4 1.87923E-4 1.90339E-4 2.37974E-4 2.04405E-4 2.42608E-4 2.00957E-4 2.26126E-4 1.62195E-4 1.31742E-4 1.59844E-4 1.67289E-4 1.50899E-4 8.81138E-5 3.98229E-5 3.78139E-5 5.08781E-5 4.68231E-5 2.78733E-5 6.64288E-6 3.14698E-6 2.91282E-6 5.69788E-6 6.99538E-6 4.7378E-6 2.29175E-6 2.47796E-6 6.54566E-6 8.55269E-6 2.24736E-6 8.97577E-7 1.58021E-6 6.21693E-6 2.2224E-6 5.51419E-6 1.30417E-5 3.73823E-5 3.8666E-5 3.95855E-5 4.83594E-5 2.81196E-5 2.55664E-5
5.24864E-5 6.01829E-5 5.5654E-5 5.45784E-5 6.78952E-5 8.21901E-5 7.92278E-5 9.24409E-5 1.09593E-4 1.28809E-4 1.01886E-4 1.14676E-4 1.24186E-4 1.22092E-4 1.4827E-4 1.37721E-4 1.65308E-4 1.68576E-4 1.51484E-4 1.55636E-4 1.80254E-4 1.78381E-4 1.93528E-4 1.8356E-4 1.72466E-4 2.18048E-4 1.81723E-4 1.65821E-4 1.83703E-4 1.73537E-4 1.97126E-4 2.07173E-4 1.62756E-4 1.45808E-4 1.44002E-4 1.72369E-4 1.43176E-4 1.44488E-4 1.19775E-4 6.81174E-5 4.86823E-5 6.06047E-5 6.38692E-5 4.91149E-5 1.03099E-5 5.07445E-6 6.65558E-6 1.10083E-5 7.57486E-6 5.46129E-6 2.66112E-6 3.02395E-6 3.87531E-6 7.613E-6 3.65408E-6 5.70646E-6 1.09648E-5 8.01508E-6 1.31875E-5 1.45492E-5 2.54838E-5 4.91032E-5 5.16774E-5 6.77748E-5 5.55646E-5 6.10809E-5
5.54601E-5 5.46371E-5 6.03436E-5 5.8848E-5 6.02544E-5 7.16422E-5 7.38205E-5 7.72703E-5 8.08705E-5 9.63881E-5 9.00985E-5 1.09529E-4 9.19419E-5 1.19289E-4 1.19551E-4 1.06199E-4 1.63987E-4 1.59386E-4 1.48982E-4 1.69436E-4 1.55397E-4 1.77027E-4 1.85577E-4 1.887E-4 1.61757E-4 1.84806E-4 1.92588E-4 1.5259E-4 2.20426E-4 1.81133E-4 1.91129E-4 1.8309E-4 1.62248E-4 1.80347E-4 1.81365E-4 1.80891E-4 1.5535E-4 1.37015E-4 1.28316E-4 9.9092E-5 1.10379E-4 8.50339E-5 5.77597E-5 5.53719E-5 4.79625E-5 2.30678E-5 1.3986E-5 1.84999E-5 1.82589E-5 1.10583E-5 6.73834E-6 6.87457E-6 1.03494E-5 9.2086E-6 1.43648E-5 1.88975E-5 1.95322E-5 2.48665E-5 2.16719E-5 3.03069E-5 2.78751E-5 5.41235E-5 5.39367E-5 6.6791E-5 5.81374E-5 5.28537E-5
5.3086E-5 5.5329E-5 6.19609E-5 5.73637E-5 5.28293E-5 6.10695E-5 6.07645E-5 6.20577E-5 6.8328E-5 8.899E-5 8.78383E-5 1.00648E-4 9.99706E-5 1.09202E-4 1.14735E-4 1.46708E-4 1.52528E-4 1.61014E-4 1.45742E-4 1.37088E-4 1.25934E-4 1.54339E-4 1.77764E-4 1.66446E-4 1.76428E-4 1.71859E-4 1.73786E-4 1.63487E-4 1.95274E-4 1.86883E-4 1.22996E-4 1.33766E-4 1.32811E-4 1.62467E-4 1.91364E-4 1.65439E-4 2.22772E-4 2.12539E-4 2.14405E-4 1.6355E-4 1.06319E-4 9.70474E-5 1.23679E-4 1.3419E-4 1.26142E-4 8.64637E-5 6.10367E-5 5.78087E-5 3.34683E-5 1.5309E-5 7.93189E-6 7.20344E-6 6.27414E-6 5.65101E-6 6.64756E-6 9.9546E-6 1.48209E-5 1.09792E-5 3.09935E-5 5.42057E-5 5.21741E-5 5.59906E-5 5.74837E-5 5.0177E-5 5.02413E-5 4.5731E-5
5.25552E-5 5.72478E-5 5.45057E-5 5.56213E-5 5.4383E-5 6.13179E-5 5.41006E-5 5.58761E-5 7.11382E-5 8.42479E-5 8.14966E-5 9.10499E-5 1.00099E-4 1.01563E-4 1.10888E-4 1.42972E-4 1.04253E-4 1.2731E-4 1.25346E-4 1.02362E-4 1.12496E-4 1.53891E-4 1.69184E-4 1.77432E-4 1.757E-4 1.53503E-4 1.70219E-4 1.78968E-4 1.86179E-4 1.40532E-4 1.13474E-4 1.7584E-4 1.76501E-4 1.81376E-4 1.81428E-4 1.95887E-4 2.33534E-4 2.21388E-4 2.50132E-4 2.32967E-4 1.92817E-4 1.36281E-4 9.44726E-5 1.03258E-4 1.22144E-4 9.86095E-5 8.58754E-5 8.69544E-5 6.86672E-5 5.24978E-5 6.40085E-5 7.23474E-5 4.47553E-5 3.18674E-5 2.50875E-5 2.48923E-5 1.24107E-5 8.78251E-6 1.91484E-5 2.61843E-5 2.25493E-5 2.6948E-5 3.61205E-5 5.09369E-5 7.47474E-5 1.05204E-4
4.40455E-5 5.00138E-5 4.426E-5 4.38308E-5 4.99178E-5 4.82189E-5 6.39524E-5 5.71876E-5 6.333E-5 6.75107E-5 6.91997E-5 7.79463E-5 7.43725E-5 8.33963E-5 9.98301E-5 1.02711E-4 1.08721E-4 1.22468E-4 1.20254E-4 1.10608E-4 1.20579E-4 1.51778E-4 1.64481E-4 1.74563E-4 1.68568E-4 1.66402E-4 1.57588E-4 2.00185E-4 2.13534E-4 1.90113E-4 1.45764E-4 1.6274E-4 2.08674E-4 1.51162E-4 1.58429E-4 2.01138E-4 1.78504E-4 2.48432E-4 2.63293E-4 2.54751E-4 2.24574E-4 2.38967E-4 2.07148E-4 1.33534E-4 1.33441E-4 1.54419E-4 1.69912E-4 2.40328E-4 2.22155E-4 2.58821E-4 3.16359E-4 2.97744E-4 2.40605E-4 2.80849E-4 2.19588E-4 1.37072E-4 6.2313E-5 5.21309E-5 7.7065E-5 1.12536E-4 1.09192E-4 1.34563E-4 1.71715E-4 2.01447E-4 2.2516E-4 2.49254E-4
4.029E-5 4.75411E-5 4.58886E-5 4.2298E-5 4.34893E-5 4.9208E-5 4.91945E-5 5.86441E-5 6.44696E-5 6.69201E-5 6.60089E-5 8.85907E-5 7.42527E-5 6.44087E-5 7.62614E-5 8.97293E-5 1.02345E-4 9.95895E-5 1.06698E-4 1.06744E-4 1.05586E-4 1.31054E-4 1.62458E-4 1.49971E-4 1.43416E-4 1.57747E-4 1.80827E-4 1.98782E-4 2.05459E-4 2.0877E-4 1.32469E-4 1.45251E-4 2.04075E-4 1.73703E-4 1.51726E-4 1.41094E-4 1.56846E-4 1.89292E-4 2.45922E-4 2.21324E-4 2.2661E-4 2.57413E-4 3.0163E-4 2.94922E-4 3.06936E-4 3.04889E-4 2.72156E-4 3.05713E-4 2.93625E-4 2.8491E-4 3.0747E-4 3.37448E-4 3.83775E-4 4.09003E-4 4.27791E-4 3.48867E-4 3.0812E-4 2.15022E-4 1.50777E-4 1.99508E-4 2.2992E-4 2.43627E-4 3.71443E-4 2.8244E-4 2.72799E-4 2.43586E-4
4.20727E-5 4.02035E-5 4.65581E-5 4.30639E-5 4.80831E-5 4.42632E-5 5.15513E-5 5.12762E-5 5.7862E-5 7.15857E-5 6.13227E-5 7.37223E-5 7.26881E-5 6.21546E-5 7.11471E-5 8.31993E-5 1.06116E-4 1.06527E-4 1.41222E-4 1.10064E-4 1.01429E-4 1.42431E-4 1.5489E-4 1.28464E-4 1.28325E-4 1.24915E-4 1.65326E-4 1.79976E-4 2.00493E-4 2.05337E-4 1.53647E-4 1.53774E-4 1.88914E-4 1.74384E-4 1.7565E-4 1.44098E-4 1.54E-4 1.96435E-4 2.59311E-4 2.08643E-4 2.0679E-4 2.79194E-4 2.88728E-4 3.32656E-4 3.34725E-4 3.3586E-4 3.36418E-4 3.23998E-4 3.00816E-4 2.28723E-4 2.40369E-4 2.46978E-4 2.83965E-4 4.13016E-4 4.15849E-4 3.37975E-4 3.97717E-4 3.72255E-4 2.83687E-4 2.07234E-4 2.63374E-4 2.22302E-4 1.95175E-4 1.95848E-4 2.22775E-4 1.66673E-4
3.78525E-5 3.94639E-5 4.20165E-5 4.50457E-5 4.32965E-5 4.73364E-5 4.70407E-5 4.60231E-5 4.69558E-5 5.80111E-5 7.08604E-5 6.69698E-5 6.52071E-5 6.20689E-5 6.07378E-5 8.2813E-5 1.01779E-4 9.13203E-5 1.15594E-4 1.14026E-4 9.0902E-5 1.22231E-4 1.35215E-4 1.22277E-4 1.29646E-4 1.1989E-4 1.25909E-4 1.69398E-4 1.93195E-4 1.94428E-4 1.73674E-4 1.10457E-4 1.54853E-4 1.48876E-4 1.85084E-4 1.66446E-4 1.51976E-4 1.75893E-4 2.74608E-4 2.91296E-4 2.52118E-4 2.72512E-4 2.43264E-4 2.46202E-4 2.40652E-4 2.71414E-4 2.52256E-4 2.63049E-4 3.35219E-4 3.61867E-4 3.54027E-4 3.94196E-4 3.43871E-4 4.25843E-4 3.59908E-4 3.87449E-4 4.20508E-4 3.93356E-4 4.34414E-4 3.5512E-4 2.73047E-4 2.16339E-4 2.19538E-4 1.80396E-4 1.51029E-4 1.25467E-4
4.22709E-5 3.9862E-5 4.32889E-5 3.88665E-5 3.95834E-5 4.20579E-5 4.94938E-5 5.12517E-5 5.44068E-5 5.56648E-5 6.13031E-5 6.75564E-5 5.64357E-5 6.96371E-5 6.58029E-5 6.8007E-5 8.76588E-5 9.44716E-5 1.10918E-4 1.05253E-4 1.07318E-4 9.18334E-5 9.79652E-5 1.19341E-4 1.12974E-4 1.21137E-4 1.23039E-4 1.32448E-4 1.64493E-4 1.83883E-4 1.88408E-4 1.40436E-4 1.31889E-4 1.28461E-4 1.83478E-4 2.14594E-4 1.75111E-4 2.00831E-4 2.44292E-4 2.84049E-4 2.84113E-4 2.81254E-4 3.0073E-4 2.64853E-4 2.95279E-4 3.42045E-4 3.3553E-4 2.70369E-4 2.66652E-4 3.5541E-4 3.12667E-4 3.69211E-4 4.10313E-4 3.93454E-4 3.85728E-4 3.06754E-4 3.05231E-4 3.88515E-4 3.6897E-4 4.40648E-4 4.02176E-4 3.37674E-4 2.80324E-4 2.53287E-4 2.21412E-4 2.15543E-4
4.59203E-5 4.89544E-5 4.22489E-5 4.01593E-5 4.04457E-5 4.44438E-5 4.76713E-5 5.50253E-5 5.5665E-5 5.48824E-5 6.11667E-5 6.73701E-5 5.8777E-5 5.54501E-5 7.81397E-5 6.797E-5 7.98169E-5 8.46448E-5 9.69926E-5 9.64873E-5 1.0208E-4 1.03266E-4 1.05599E-4 9.92162E-5 9.63917E-5 1.14192E-4 1.069E-4 1.21379E-4 1.429E-4 2.08732E-4 1.91271E-4 1.52286E-4 1.33929E-4 1.53553E-4 1.61251E-4 1.87746E-4 2.04625E-4 1.82444E-4 2.56305E-4 2.40671E-4 2.13128E-4 2.45323E-4 2.05536E-4 2.44138E-4 2.61109E-4 3.03273E-4 2.9873E-4 3.11807E-4 2.76811E-4 2.58815E-4 2.92604E-4 3.43919E-4 3.87431E-4 3.86027E-4 3.33975E-4 2.56095E-4 2.69016E-4 3.65842E-4 3.541E-4 3.75334E-4 4.43929E-4 4.19073E-4 3.80904E-4 2.947E-4 2.61212E-4 3.40982E-4
4.91624E-5 4.55269E-5 4.89121E-5 4.25875E-5 4.23786E-5 4.13446E-5 4.25649E-5 4.78275E-5 5.41091E-5 5.57693E-5 5.28745E-5 5.57989E-5 5.67181E-5 5.65253E-5 6.13007E-5 7.59201E-5 6.81539E-5 8.65169E-5 9.15713E-5 9.01087E-5 9.50146E-5 9.91406E-5 1.0358E-4 1.11738E-4 1.05855E-4 1.23347E-4 1.19577E-4 1.33971E-4 1.73924E-4 1.83842E-4 2.03195E-4 1.74414E-4 1.54633E-4 1.8557E-4 1.4945E-4 1.70483E-4 2.12299E-4 1.84026E-4 2.03416E-4 2.43376E-4 2.0804E-4 2.82765E-4 2.59856E-4 2.42328E-4 2.57699E-4 3.32014E-4 3.271E-4 3.01594E-4 3.20638E-4 2.99971E-4 2.8702E-4 2.76733E-4 3.41751E-4 3.94194E-4 3.26374E-4 2.54224E-4 2.54738E-4 3.74998E-4 4.3679E-4 4.70877E-4 3.21158E-4 3.68654E-4 3.97777E-4 4.12593E-4 3.75621E-4 4.40106E-4
5.19358E-5 5.01911E-5 4.29495E-5 5.11518E-5 5.48755E-5 4.12312E-5 4.44913E-5 4.33281E-5 4.89047E-5 5.37271E-5 5.43139E-5 5.14062E-5 5.29962E-5 6.02816E-5 6.34972E-5 6.9112E-5 8.09559E-5 7.30047E-5 8.33088E-5 9.2985E-5 8.63435E-5 9.05843E-5 9.92559E-5 1.09257E-4 1.07949E-4 1.30191E-4 1.32319E-4 1.11982E-4 1.59025E-4 1.89737E-4 1.99677E-4 1.73392E-4 1.47204E-4 1.5423E-4 1.74337E-4 1.67714E-4 1.44545E-4 1.82581E-4 1.89345E-4 1.91179E-4 2.20862E-4 2.51795E-4 2.60661E-4 2.7508E-4 2.62137E-4 2.46991E-4 3.04927E-4 2.63221E-4 2.69992E-4 2.89255E-4 3.43719E-4 2.88829E-4 3.88336E-4 3.69182E-4 3.4042E-4 2.5013E-4 2.60027E-4 3.92032E-4 4.44323E-4 4.63907E-4 4.12353E-4 2.74221E-4 3.66598E-4 4.48891E-4 4.11277E-4 3.99792E-4
4.78458E-5 5.4659E-5 4.55699E-5 5.43369E-5 5.69714E-5 5.50124E-5 4.87509E-5 5.09789E-5 4.4665E-5 4.63922E-5 4.83088E-5 5.91905E-5 5.83511E-5 5.21069E-5 5.44634E-5 6.39983E-5 7.97395E-5 9.21429E-5 8.79575E-5 8.71541E-5 8.85172E-5 9.62038E-5 1.02806E-4 1.10963E-4 1.50037E-4 1.4058E-4 1.13874E-4 1.28002E-4 1.35301E-4 1.70295E-4 1.93805E-4 1.6093E-4 2.14292E-4 1.77325E-4 1.44576E-4 1.7127E-4 1.65058E-4 1.54614E-4 1.68933E-4 1.74761E-4 2.2705E-4 2.24919E-4 2.40698E-4 2.77633E-4 2.8295E-4 2.64824E-4 3.02768E-4 3.0131E-4 2.79442E-4 2.76361E-4 3.28864E-4 2.87994E-4 3.77783E-4 4.02841E-4 4.37863E-4 3.63384E-4 3.87724E-4 4.01839E-4 4.44221E-4 4.17023E-4 4.05451E-4 3.80761E-4 2.78088E-4 3.35851E-4 4.51124E-4 4.69331E-4
4.95099E-5 4.81559E-5 5.03981E-5 5.62395E-5 5.0885E-5 5.68424E-5 6.44269E-5 5.49271E-5 5.06007E-5 5.26582E-5 4.79385E-5 4.76004E-5 5.09222E-5 4.96342E-5 5.53268E-5 5.74387E-5 6.38694E-5 9.21401E-5 9.00481E-5 8.58625E-5 9.67277E-5 1.0356E-4 1.03755E-4 1.33413E-4 2.10397E-4 3.37704E-4 2.85258E-4 2.32088E-4 1.28131E-4 1.24118E-4 1.76061E-4 1.54929E-4 1.64922E-4 1.8191E-4 1.89374E-4 1.64076E-4 1.58063E-4 1.36838E-4 1.45696E-4 1.60902E-4 1.53078E-4 1.56263E-4 1.95876E-4 2.40877E-4 2.47428E-4 2.82523E-4 2.57254E-4 3.05372E-4 3.17152E-4 2.78238E-4 3.02561E-4 2.99788E-4 3.77872E-4 4.55805E-4 4.57177E-4 4.39118E-4 4.05761E-4 3.84209E-4 4.36374E-4 4.21496E-4 3.85873E-4 4.25648E-4 4.30622E-4 2.77356E-4 3.6926E-4 3.65912E-4
4.31588E-5 4.30006E-5 4.46047E-5 5.21476E-5 5.82796E-5 5.93957E-5 5.76853E-5 6.13222E-5 5.38649E-5 4.84912E-5 4.64847E-5 5.45129E-5 5.34993E-5 4.90733E-5 4.9818E-5 5.65322E-5 6.37318E-5 7.86052E-5 1.03927E-4 8.55891E-5 8.32758E-5 1.00605E-4 9.6522E-5 1.13674E-4 2.48975E-4 3.11633E-4 3.1056E-4 1.91096E-4 1.42523E-4 1.11987E-4 1.5382E-4 1.85406E-4 1.68308E-4 1.43126E-4 2.04751E-4 2.04532E-4 1.93512E-4 1.83216E-4 1.86764E-4 1.78156E-4 1.98067E-4 1.45358E-4 1.45511E-4 1.77721E-4 2.39229E-4 1.96992E-4 2.18152E-4 2.71483E-4 2.50889E-4 2.56138E-4 2.37167E-4 2.57059E-4 2.70014E-4 4.08955E-4 4.32601E-4 4.11691E-4 3.92293E-4 4.0091E-4 4.05918E-4 4.03882E-4 4.11172E-4 3.83683E-4 3.93089E-4 3.78122E-4 2.62425E-4 3.43767E-4
