catData/rasterBestHybridModels/Pviverrinus/RD_RM2_LQ/Pviverrinus_avg.asc
ncols         409
nrows         350
xllcorner     60.897278365
yllcorner     5.843756025
cellsize      0.0892857
NODATA_value  -9999
[rows 261 to 289 of 350, columns 132 to 197 of 409]
-9999 -9999 -9999 -9999 -9999 -9999 -9999 -9999 -9999 -9999 -9999 -9999 -9999 -9999 -9999 -9999 -9999 -9999 -9999 -9999 -9999 -9999 3.40505E-5 3.48388E-5 2.75811E-5 1.66373E-5 8.61031E-6 1.79283E-6 9.07281E-6 1.9517E-5 2.67462E-5 2.44359E-5 1.97738E-5 1.77334E-5 8.67787E-6 4.73028E-6 1.77422E-6 3.4807E-7 1.34331E-7 3.61077E-7 5.01125E-7 1.84649E-6 4.1785E-7 4.36797E-7 1.08076E-6 1.84415E-6 9.74229E-7 6.09666E-7 1.73258E-6 1.40992E-7 3.64269E-7 2.232E-7 2.27132E-7 3.13722E-7 6.5182E-7 1.59008E-7 7.9839E-8 2.17299E-7 1.25569E-6 1.21816E-6 2.34689E-6 3.01498E-7 6.19571E-7 1.17128E-6 2.99173E-6 1.54071E-6
-9999 -9999 -9999 -9999 -9999 -9999 -9999 -9999 -9999 -9999 -9999 -9999 -9999 -9999 -9999 -9999 -9999 -9999 -9999 -9999 -9999 -9999 5.06373E-5 2.66165E-5 3.33906E-5 3.49786E-5 0E0 4.83704E-6 5.70113E-6 1.52724E-5 2.26308E-5 2.73452E-5 1.98784E-5 1.34931E-5 5.44841E-6 1.57462E-6 2.97975E-7 3.61326E-7 3.38991E-7 4.28568E-7 5.48225E-7 1.89384E-6 7.6616E-7 1.27756E-7 1.91685E-7 3.08846E-7 3.20904E-7 8.38955E-7 2.73097E-7 1.57475E-7 4.03737E-7 8.68205E-7 4.11315E-7 2.19586E-6 2.70618E-7 3.09166E-7 7.67084E-8 3.37833E-7 1.1485E-6 2.22786E-6 6.58562E-7 9.25081E-7 1.39868E-6 8.64874E-7 2.0365E-6 6.85222E-7
-9999 -9999 -9999 -9999 -9999 -9999 -9999 -9999 -9999 -9999 -9999 -9999 -9999 -9999 -9999 -9999 -9999 -9999 -9999 -9999 -9999 -9999 4.19586E-5 3.26268E-5 1.59706E-5 3.30418E-5 2.23996E-6 1.83395E-6 2.84404E-6 9.29143E-6 1.59396E-5 2.07501E-5 1.67759E-5 8.40115E-6 3.40036E-6 1.23457E-6 7.97639E-7 3.90942E-7 3.44617E-7 1.2772E-7 1.02586E-7 5.87956E-7 2.06361E-7 2.70551E-7 2.10982E-7 4.33279E-7 2.51186E-7 2.88887E-7 7.92634E-8 4.39758E-7 6.62493E-7 1.66621E-7 5.88228E-7 1.99802E-6 9.3994E-7 1.22228E-7 2.60971E-7 2.07102E-7 3.53025E-7 2.57235E-7 1.25482E-7 1.07668E-6 4.30752E-7 1.42946E-6 2.00263E-6 1.52814E-6
-9999 -9999 -9999 -9999 -9999 -9999 -9999 -9999 -9999 -9999 -9999 -9999 -9999 -9999 -9999 -9999 -9999 -9999 -9999 -9999 -9999 -9999 6.85254E-5 4.16274E-5 2.22521E-5 1.24839E-5 4.59469E-6 7.25516E-7 1.65527E-6 3.82424E-6 9.13472E-6 1.39213E-5 1.54506E-5 8.43209E-6 2.72153E-6 2.80217E-6 1.09513E-6 2.34179E-7 1.24556E-7 5.1961E-8 3.34119E-7 3.02653E-7 1.78025E-7 2.71557E-7 6.72201E-7 5.47711E-7 2.01278E-7 3.09264E-7 7.58271E-8 2.22739E-7 8.5506E-8 2.49814E-7 8.65874E-7 9.91188E-7 8.18404E-7 1.12752E-6 3.1543E-7 7.71589E-7 1.81316E-7 7.69443E-8 6.04461E-8 1.38436E-7 2.32129E-7 1.31416E-6 3.46273E-6 2.53934E-6
-9999 -9999 -9999 -9999 -9999 -9999 -9999 -9999 -9999 -9999 -9999 -9999 -9999 -9999 -9999 -9999 -9999 -9999 -9999 -9999 -9999 -9999 -9999 4.66637E-5 3.09138E-5 3.44827E-5 3.99374E-6 8.6905E-7 4.77268E-7 1.59827E-6 7.51316E-6 1.34234E-5 7.27087E-6 3.25405E-6 2.41771E-6 1.93302E-6 1.81943E-6 1.51878E-6 8.14905E-7 2.22422E-7 1.53379E-6 3.12861E-7 2.0175E-7 2.5112E-7 2.45879E-7 3.92611E-7 2.1456E-7 8.23323E-7 8.15789E-7 1.16235E-6 1.7478E-6 5.62004E-7 3.62513E-7 1.82332E-6 1.21107E-6 1.43017E-6 9.83799E-7 1.45525E-6 8.55693E-7 4.30109E-7 1.10563E-6 2.87145E-6 1.95078E-6 1.58648E-6 2.18643E-6 2.79702E-6
-9999 -9999 -9999 -9999 -9999 -9999 -9999 -9999 -9999 -9999 -9999 -9999 -9999 -9999 -9999 -9999 -9999 -9999 -9999 -9999 -9999 -9999 -9999 6.82548E-5 5.63951E-5 4.13795E-5 2.05278E-5 1.1458E-6 1.6049E-7 1.96314E-7 2.28016E-6 9.86713E-6 8.63687E-6 5.14919E-6 3.00928E-6 3.06241E-7 1.40318E-6 2.56106E-6 2.23803E-6 4.13802E-7 3.32788E-7 1.13204E-6 2.98361E-7 2.788E-7 7.75912E-7 1.28649E-6 5.32556E-7 5.86561E-7 5.30452E-7 1.08622E-6 1.45627E-6 1.85545E-7 6.77874E-7 2.20125E-6 2.31742E-6 1.81094E-6 1.61107E-6 2.21646E-6 9.41436E-7 7.89447E-7 1.47203E-6 2.92019E-6 3.63564E-6 1.55113E-6 8.18699E-7 1.06931E-6
-9999 -9999 -9999 -9999 -9999 -9999 -9999 -9999 -9999 -9999 -9999 -9999 -9999 -9999 -9999 -9999 -9999 -9999 -9999 -9999 -9999 -9999 -9999 1.17562E-4 6.94607E-5 3.41027E-5 1.73247E-5 2.50154E-6 0E0 1.71148E-7 1.0587E-6 3.50837E-6 5.79209E-6 5.45916E-6 6.09677E-6 2.73979E-6 2.90632E-6 1.65116E-6 6.0114E-7 6.93008E-7 7.78696E-7 8.9527E-7 3.4349E-7 9.62931E-7 2.63036E-7 1.00515E-6 5.38634E-7 3.20293E-7 1.37637E-6 1.10455E-6 1.663E-6 3.13505E-7 2.10506E-6 1.44081E-6 2.91247E-6 1.78682E-6 1.19984E-6 1.26006E-6 9.43628E-7 4.82219E-7 8.31256E-7 3.41928E-6 2.50448E-6 1.06768E-6 1.18719E-6 2.28063E-6
-9999 -9999 -9999 -9999 -9999 -9999 -9999 -9999 -9999 -9999 -9999 -9999 -9999 -9999 -9999 -9999 -9999 -9999 -9999 -9999 -9999 -9999 -9999 2.12265E-4 1.69217E-4 5.05503E-5 2.65803E-5 1.26493E-5 5.57828E-7 3.42186E-7 2.36764E-6 1.22832E-6 2.88225E-6 5.22629E-6 5.9682E-6 5.25374E-6 2.60693E-6 1.58423E-6 9.8222E-7 1.88994E-7 1.4962E-7 1.12257E-6 2.06196E-6 1.33486E-6 1.90423E-7 2.71365E-7 7.92896E-8 8.02468E-8 7.71576E-7 1.57556E-6 8.03809E-7 7.2205E-8 1.57342E-6 5.09078E-6 9.09215E-7 2.6161E-6 3.42501E-6 3.46285E-7 4.24805E-7 2.58036E-7 2.22396E-6 1.31473E-6 1.47579E-6 1.02574E-6 2.13173E-6 1.23873E-6
-9999 -9999 -9999 -9999 -9999 -9999 -9999 -9999 -9999 -9999 -9999 -9999 -9999 -9999 -9999 -9999 -9999 -9999 -9999 -9999 -9999 -9999 -9999 -9999 2.88283E-4 9.58018E-5 7.2162E-5 3.99725E-5 2.93319E-5 2.5934E-5 3.43739E-5 6.09858E-6 1.95785E-6 3.90716E-6 7.05167E-6 5.67325E-6 5.64705E-6 8.87591E-7 1.24818E-6 3.57018E-7 2.45299E-7 8.44818E-7 5.70117E-7 1.7856E-6 2.34008E-6 3.63183E-7 1.14552E-7 6.95899E-8 8.55121E-7 1.80839E-7 2.69453E-7 5.47904E-7 1.86838E-6 1.28236E-6 3.32587E-6 5.81289E-6 3.66372E-6 1.076E-6 8.64158E-8 3.77233E-7 1.09992E-6 1.72053E-6 1.53689E-6 1.37828E-6 3.41198E-6 1.67931E-6
-9999 -9999 -9999 -9999 -9999 -9999 -9999 -9999 -9999 -9999 -9999 -9999 -9999 -9999 -9999 -9999 -9999 -9999 -9999 -9999 -9999 -9999 -9999 -9999 4.63378E-4 2.73111E-4 1.47668E-4 6.18792E-5 4.12504E-5 4.64598E-5 4.6165E-5 2.1934E-5 6.1056E-6 2.88225E-6 6.59125E-6 7.54723E-6 3.75653E-6 3.32776E-6 2.70748E-6 1.02348E-6 5.53278E-7 2.35922E-6 1.66512E-6 1.5844E-6 1.32433E-6 5.3469E-7 1.97215E-7 6.26962E-7 4.25485E-7 8.16991E-7 2.97972E-6 4.50159E-6 7.79024E-6 9.39601E-6 5.24507E-5 4.52775E-5 1.73036E-6 4.18955E-7 8.16731E-8 1.53304E-6 3.14141E-7 1.63088E-6 7.05017E-7 2.41306E-6 1.58775E-6 1.30284E-6
-9999 -9999 -9999 -9999 -9999 -9999 -9999 -9999 -9999 -9999 -9999 -9999 -9999 -9999 -9999 -9999 -9999 -9999 -9999 -9999 -9999 -9999 -9999 -9999 3.2883E-4 2.26843E-4 1.54679E-4 1.1073E-4 5.66513E-5 5.57301E-5 5.49629E-5 5.6068E-5 1.53381E-5 3.89286E-6 6.99278E-6 8.23236E-6 6.00856E-6 3.69854E-6 3.675E-6 1.51514E-6 1.60547E-6 3.20446E-6 1.75063E-6 1.71661E-6 2.4458E-6 9.67109E-7 7.597E-7 3.75531E-6 8.69987E-7 3.21465E-6 2.90989E-6 5.91617E-6 1.08423E-5 1.01489E-5 7.39733E-6 2.18488E-6 1.97374E-7 2.52205E-6 2.16785E-6 2.03356E-6 2.10738E-6 4.66181E-6 2.57815E-6 2.08627E-6 3.41788E-6 3.18149E-6
-9999 -9999 -9999 -9999 -9999 -9999 -9999 -9999 -9999 -9999 -9999 -9999 -9999 -9999 -9999 -9999 -9999 -9999 -9999 -9999 -9999 -9999 -9999 -9999 3.94558E-4 2.37329E-4 1.23491E-4 9.4562E-5 5.3377E-5 5.18514E-5 5.56609E-5 7.41167E-5 4.17723E-5 7.47714E-6 5.56599E-6 8.92819E-6 6.88904E-6 5.21473E-6 3.21601E-6 1.26544E-6 7.09138E-7 1.83555E-6 5.80655E-7 1.38168E-6 5.52229E-7 6.24773E-7 5.22841E-7 1.53726E-6 1.48829E-6 3.89669E-6 5.47263E-6 7.83062E-6 6.33222E-6 5.69909E-6 3.88219E-6 7.03851E-7 9.75506E-7 2.12096E-6 3.93371E-6 2.22041E-6 3.21298E-6 6.30885E-6 3.46638E-6 2.76276E-6 5.31861E-6 6.94246E-6
-9999 -9999 -9999 -9999 -9999 -9999 -9999 -9999 -9999 -9999 -9999 -9999 -9999 -9999 -9999 -9999 -9999 -9999 -9999 -9999 -9999 -9999 -9999 -9999 -9999 2.55997E-4 1.22165E-4 8.77896E-5 6.77149E-5 6.01363E-5 4.20846E-5 5.53822E-5 6.53283E-5 1.12147E-5 4.53799E-6 6.82426E-6 6.60545E-6 4.90069E-6 2.89777E-6 1.97991E-6 6.24996E-7 2.39497E-6 1.58372E-6 1.11668E-6 1.05249E-6 1.60875E-6 6.43842E-7 8.36213E-6 7.28597E-6 4.37854E-6 8.38268E-6 7.67524E-6 5.32642E-6 1.01518E-6 1.10842E-6 3.28854E-6 1.40779E-6 2.15645E-6 1.36861E-6 3.79008E-6 1.24154E-6 4.88537E-6 4.02197E-6 4.9029E-6 1.09636E-5 1.93247E-6
-9999 -9999 -9999 -9999 -9999 -9999 -9999 -9999 -9999 -9999 -9999 -9999 -9999 -9999 -9999 -9999 -9999 -9999 -9999 -9999 -9999 -9999 -9999 -9999 -9999 -9999 1.33147E-4 8.31048E-5 6.34096E-5 3.51063E-5 3.24566E-5 3.2906E-5 3.97877E-5 9.26276E-6 3.8674E-6 6.43216E-6 7.78196E-6 5.0003E-6 2.62821E-6 2.16443E-6 6.2181E-7 2.22455E-6 2.51659E-6 6.45126E-7 1.14829E-6 2.43892E-6 4.69647E-6 9.60535E-6 1.01948E-5 8.67008E-6 8.66408E-6 7.3601E-6 4.82146E-6 1.90863E-6 1.07297E-6 2.61872E-6 1.91565E-6 3.28918E-6 4.11865E-6 1.00499E-5 3.968E-6 7.93162E-6 1.17841E-5 1.99282E-6 2.90782E-6 8.80812E-6
-9999 -9999 -9999 -9999 -9999 -9999 -9999 -9999 -9999 -9999 -9999 -9999 -9999 -9999 -9999 -9999 -9999 -9999 -9999 -9999 -9999 -9999 -9999 -9999 -9999 -9999 1.5188E-4 8.00641E-5 4.1434E-5 2.37061E-5 1.37896E-5 1.30027E-5 1.30174E-5 5.02131E-6 4.87316E-6 8.81688E-6 8.75638E-6 5.10543E-6 4.08253E-6 1.00797E-6 3.03941E-6 7.77064E-6 2.94445E-6 6.7936E-7 1.78086E-6 2.24741E-6 5.25594E-6 9.02402E-6 1.0025E-5 9.92728E-6 3.46482E-6 4.83922E-6 1.31227E-6 2.44814E-6 2.25057E-6 2.39461E-6 2.58246E-6 1.09348E-6 3.1934E-6 4.50083E-6 1.23498E-6 6.70508E-6 6.66427E-6 2.16587E-6 1.02016E-5 1.59016E-5
-9999 -9999 -9999 -9999 -9999 -9999 -9999 -9999 -9999 -9999 -9999 -9999 -9999 -9999 -9999 -9999 -9999 -9999 -9999 -9999 -9999 -9999 -9999 -9999 -9999 -9999 -9999 8.8328E-5 3.29277E-5 1.3962E-5 3.35971E-6 1.62007E-6 1.90073E-6 3.04371E-6 6.00254E-6 1.03913E-5 1.08994E-5 5.67753E-6 4.2848E-6 3.45092E-6 2.01791E-6 2.45304E-6 5.15686E-6 1.37907E-5 6.90105E-6 5.61704E-6 6.19019E-6 7.16549E-6 7.55865E-6 8.95378E-6 4.92807E-6 4.55339E-6 1.10226E-6 5.69184E-7 8.6943E-7 2.97881E-6 2.90254E-6 1.75668E-6 3.59271E-6 2.80351E-6 4.61654E-7 1.32944E-5 1.20674E-6 4.2335E-6 2.98508E-6 2.09196E-5
-9999 -9999 -9999 -9999 -9999 -9999 -9999 -9999 -9999 -9999 -9999 -9999 -9999 -9999 -9999 -9999 -9999 -9999 -9999 -9999 -9999 -9999 -9999 -9999 -9999 -9999 -9999 1.30748E-4 8.05801E-5 3.16138E-5 1.18411E-5 1.81843E-6 8.45308E-7 3.01382E-6 7.18862E-6 1.14674E-5 1.11135E-5 7.33507E-6 5.54853E-6 5.61537E-6 4.66977E-6 3.39405E-6 2.34658E-6 4.75096E-5 1.09776E-5 5.8053E-6 5.8029E-6 4.89442E-6 5.24261E-6 2.88684E-6 1.02922E-5 1.03146E-5 6.5858E-6 6.09401E-6 3.95885E-6 3.52412E-6 7.78979E-6 5.10112E-6 4.78501E-6 2.27576E-6 4.35941E-6 5.11515E-6 1.08559E-5 3.07195E-6 2.98041E-6 5.67775E-6
-9999 -9999 -9999 -9999 -9999 -9999 -9999 -9999 -9999 -9999 -9999 -9999 -9999 -9999 -9999 -9999 -9999 -9999 -9999 -9999 -9999 -9999 -9999 -9999 -9999 -9999 -9999 -9999 1.08429E-4 5.31847E-5 3.29762E-5 8.02674E-6 1.43769E-6 2.4972E-6 8.15821E-6 1.10549E-5 1.18325E-5 1.09264E-5 8.95016E-6 5.75788E-6 6.42143E-6 8.33179E-6 8.14134E-6 9.44339E-6 1.18188E-5 5.33132E-6 3.33369E-6 6.52649E-6 7.19728E-6 5.13394E-6 4.13406E-6 5.90817E-6 4.57087E-6 1.42329E-5 1.24134E-5 1.10327E-5 1.51489E-5 1.19589E-5 1.1278E-5 9.77153E-6 8.72169E-6 5.48219E-6 4.01045E-6 8.00853E-6 3.07603E-6 1.20313E-6
-9999 -9999 -9999 -9999 -9999 -9999 -9999 -9999 -9999 -9999 -9999 -9999 -9999 -9999 -9999 -9999 -9999 -9999 -9999 -9999 -9999 -9999 -9999 -9999 -9999 -9999 -9999 -9999 1.75298E-4 1.0932E-4 6.6078E-5 2.6006E-5 1.08959E-5 9.93358E-6 1.23271E-5 1.35895E-5 1.59457E-5 1.3165E-5 1.0369E-5 9.01625E-6 7.70969E-6 7.90781E-6 9.44925E-6 1.00012E-5 1.01871E-5 8.30102E-6 4.99614E-6 6.24106E-6 6.94244E-6 5.17524E-6 4.33884E-6 3.78492E-6 6.70038E-6 6.08726E-6 8.19107E-6 5.49751E-6 1.88244E-5 2.38815E-5 1.65664E-5 6.37546E-6 1.0022E-5 7.1951E-6 1.97232E-5 9.36412E-6 1.32896E-5 1.31848E-5
-9999 -9999 -9999 -9999 -9999 -9999 -9999 -9999 -9999 -9999 -9999 -9999 -9999 -9999 -9999 -9999 -9999 -9999 -9999 -9999 -9999 -9999 -9999 -9999 -9999 -9999 -9999 -9999 2.80767E-4 2.08968E-4 1.18754E-4 9.89199E-5 6.81504E-5 4.37258E-5 3.25038E-5 1.74568E-5 1.535E-5 1.43204E-5 1.37026E-5 1.26595E-5 9.94798E-7 4.37196E-6 7.26078E-6 5.69966E-6 6.77451E-6 7.56236E-6 4.12131E-6 7.0135E-6 6.02467E-6 3.20131E-6 3.02459E-6 2.37791E-6 3.91756E-6 8.60434E-6 4.89634E-6 7.52496E-6 1.85989E-5 3.36468E-6 1.82051E-5 1.19581E-5 1.67028E-5 8.97373E-6 7.33303E-6 1.5718E-5 6.24365E-6 9.66549E-6
-9999 -9999 -9999 -9999 -9999 -9999 -9999 -9999 -9999 -9999 -9999 -9999 -9999 -9999 -9999 -9999 -9999 -9999 -9999 -9999 -9999 -9999 -9999 -9999 -9999 -9999 -9999 -9999 -9999 3.47373E-4 2.40553E-4 1.22594E-4 8.07376E-5 6.91046E-5 7.23663E-5 3.27798E-5 7.26892E-6 1.11143E-5 1.7874E-5 1.57608E-5 5.92283E-6 3.92419E-6 5.57607E-6 5.14473E-6 2.47468E-6 2.61609E-6 2.76082E-6 2.48763E-6 4.84438E-6 2.66146E-6 1.44987E-6 3.37326E-6 6.6132E-6 1.3348E-5 7.32881E-6 2.00019E-5 2.76369E-5 2.76872E-5 1.26259E-5 2.07042E-5 8.66341E-6 2.96787E-6 4.2674E-6 1.46194E-5 2.78967E-6 1.11185E-5
-9999 -9999 -9999 -9999 -9999 -9999 -9999 -9999 -9999 -9999 -9999 -9999 -9999 -9999 -9999 -9999 -9999 -9999 -9999 -9999 -9999 -9999 -9999 -9999 -9999 -9999 -9999 -9999 -9999 -9999 3.51522E-4 2.19053E-4 1.52342E-4 7.85616E-5 4.55366E-5 3.37312E-5 1.48316E-5 1.74776E-5 2.53112E-5 2.24505E-5 1.36642E-5 4.1067E-6 3.18317E-6 3.937E-6 2.09663E-6 1.03656E-6 9.76253E-7 2.50041E-6 4.11152E-6 2.57645E-6 9.85549E-7 2.41776E-6 4.99495E-6 1.09932E-5 4.79194E-6 1.57263E-5 2.12928E-5 4.40721E-5 2.89909E-5 1.71837E-5 3.31441E-6 4.72351E-6 3.73455E-6 1.1383E-5 6.28128E-6 1.04065E-5
-9999 -9999 -9999 -9999 -9999 -9999 -9999 -9999 -9999 -9999 -9999 -9999 -9999 -9999 -9999 -9999 -9999 -9999 -9999 -9999 -9999 -9999 -9999 -9999 -9999 -9999 -9999 -9999 -9999 -9999 -9999 2.61812E-4 1.78046E-4 7.58619E-5 2.66619E-5 1.06854E-5 1.45289E-5 2.00872E-5 2.24843E-5 2.14509E-5 1.37234E-5 1.34787E-5 8.90926E-6 4.75228E-6 4.25567E-6 2.91414E-6 2.67258E-6 7.95815E-7 8.43381E-7 2.94526E-6 1.34984E-6 3.03133E-6 4.69571E-6 6.78297E-6 3.3442E-6 9.04068E-6 1.75142E-5 1.6026E-5 9.70604E-6 2.63354E-5 2.98148E-6 5.68408E-6 3.52746E-6 7.58354E-6 1.39101E-5 1.85817E-5
-9999 -9999 -9999 -9999 -9999 -9999 -9999 -9999 -9999 -9999 -9999 -9999 -9999 -9999 -9999 -9999 -9999 -9999 -9999 -9999 -9999 -9999 -9999 -9999 -9999 -9999 -9999 -9999 -9999 -9999 -9999 -9999 3.39261E-4 2.24078E-4 7.99791E-5 1.12875E-5 7.88031E-6 1.55353E-5 1.94075E-5 1.75887E-5 1.52684E-5 1.83384E-5 9.6036E-6 5.67537E-6 3.39017E-6 1.43994E-6 1.8322E-6 1.46383E-6 2.47263E-6 2.2229E-6 1.66792E-6 3.06901E-6 5.35564E-6 2.68931E-6 5.81148E-6 7.56186E-6 1.9203E-5 9.12473E-6 3.31449E-5 2.61689E-5 3.1008E-5 4.17015E-5 2.69509E-6 5.32647E-6 1.18963E-5 2.00125E-5
-9999 -9999 -9999 -9999 -9999 -9999 -9999 -9999 -9999 -9999 -9999 -9999 -9999 -9999 -9999 -9999 -9999 -9999 -9999 -9999 -9999 -9999 -9999 -9999 -9999 -9999 -9999 -9999 -9999 -9999 -9999 -9999 4.14425E-4 3.0382E-4 2.97715E-4 6.52534E-5 7.35745E-6 9.27794E-6 1.04178E-5 1.59102E-5 1.3152E-5 1.59843E-5 1.19271E-5 7.93E-6 4.73011E-6 4.47463E-6 4.39331E-6 5.01832E-6 4.36293E-6 4.32926E-6 6.22948E-6 5.73707E-6 6.25904E-6 6.13766E-6 1.84228E-5 7.50474E-6 2.24531E-5 3.00682E-5 2.57877E-5 4.96728E-5 1.27274E-5 1.9824E-5 2.33361E-5 2.81104E-6 1.71901E-6 2.05992E-5
-9999 -9999 -9999 -9999 -9999 -9999 -9999 -9999 -9999 -9999 -9999 -9999 -9999 -9999 -9999 -9999 -9999 -9999 -9999 -9999 -9999 -9999 -9999 -9999 -9999 -9999 -9999 -9999 -9999 -9999 -9999 -9999 -9999 3.69893E-4 3.58814E-4 1.80662E-4 3.72131E-5 1.81818E-5 3.99616E-6 3.02015E-5 2.11564E-5 1.36825E-5 8.85596E-6 2.11106E-6 9.22682E-7 1.24678E-6 1.18815E-6 2.76624E-6 1.2379E-5 1.52285E-5 2.18344E-5 2.15002E-5 2.82787E-5 5.06364E-5 3.34192E-5 1.65007E-5 5.11685E-5 1.27926E-5 4.63094E-6 3.71697E-5 4.04065E-5 1.45319E-5 1.62133E-5 4.03484E-6 1.33932E-5 3.17087E-5
-9999 -9999 -9999 -9999 -9999 -9999 -9999 -9999 -9999 -9999 -9999 -9999 -9999 -9999 -9999 -9999 -9999 -9999 -9999 -9999 -9999 -9999 -9999 -9999 -9999 -9999 -9999 -9999 -9999 -9999 -9999 -9999 -9999 -9999 4.35947E-4 3.2694E-4 3.54893E-4 1.70161E-4 3.84048E-6 9.04722E-5 1.47741E-4 5.80599E-5 4.00965E-6 1.0985E-7 5.89834E-8 8.04233E-8 2.09438E-7 1.13218E-6 1.10022E-5 9.09497E-6 7.4777E-6 4.23979E-5 3.09171E-5 2.94522E-5 5.54217E-5 3.14725E-5 3.67905E-5 1.56216E-6 1.52376E-6 1.42964E-5 4.03187E-5 4.28544E-5 1.41379E-5 1.71885E-5 1.74479E-5 1.41817E-5
-9999 -9999 -9999 -9999 -9999 -9999 -9999 -9999 -9999 -9999 -9999 -9999 -9999 -9999 -9999 -9999 -9999 -9999 -9999 -9999 -9999 -9999 -9999 -9999 -9999 -9999 -9999 -9999 -9999 -9999 -9999 -9999 -9999 -9999 7.19412E-4 4.97162E-4 4.86204E-4 3.27817E-4 2.21814E-5 2.05294E-4 4.02634E-4 1.70975E-4 3.79133E-6 7.28852E-8 9.43465E-8 2.96083E-7 2.63149E-6 8.80921E-6 1.03408E-5 2.53938E-5 3.47487E-6 4.51818E-6 4.81319E-6 9.50457E-7 2.05868E-5 3.41756E-5 2.05803E-5 1.15318E-5 1.3449E-6 3.11667E-6 1.48237E-5 3.27204E-5 1.6131E-5 8.158E-6 2.19981E-5 1.49158E-5
-9999 -9999 -9999 -9999 -9999 -9999 -9999 -9999 -9999 -9999 -9999 -9999 -9999 -9999 -9999 -9999 -9999 -9999 -9999 -9999 -9999 -9999 -9999 -9999 -9999 -9999 -9999 -9999 -9999 -9999 -9999 -9999 -9999 -9999 -9999 5.43205E-4 4.56642E-4 4.68852E-4 2.62705E-4 4.20338E-4 3.48903E-4 6.48021E-5 1.04502E-6 1.6474E-7 9.37836E-7 6.63377E-6 1.45331E-5 1.54406E-5 8.42664E-6 3.72238E-6 3.58105E-6 9.16028E-7 5.02438E-6 1.03485E-6 6.91578E-6 1.87793E-5 7.46731E-5 8.47431E-5 1.49061E-5 2.31549E-5 1.84711E-5 2.28167E-5 1.1321E-5 9.89627E-6 3.86345E-5 4.79671E-5
