catData/rasterBestHybridModels/Pviverrinus/RD_RM2_LQ/Pviverrinus_max.asc
ncols         409
nrows         350
xllcorner     60.897278365
yllcorner     5.843756025
cellsize      0.0892857
NODATA_value  -9999
[rows 87 to 115 of 350, columns 264 to 329 of 409]
-9999 -9999 -9999 -9999 -9999 -9999 -9999 -9999 -9999 -9999 -9999 -9999 -9999 -9999 -9999 -9999 -9999 -9999 -9999 -9999 -9999 -9999 -9999 -9999 -9999 -9999 -9999 -9999 -9999 -9999 -9999 -9999 -9999 -9999 -9999 -9999 -9999 -9999 -9999 -9999 -9999 -9999 -9999 -9999 -9999 -9999 -9999 -9999 -9999 -9999 -9999 -9999 -9999 -9999 -9999 -9999 -9999 -9999 -9999 -9999 -9999 -9999 -9999 -9999 -9999 -9999
-9999 -9999 -9999 -9999 -9999 -9999 -9999 -9999 -9999 -9999 -9999 -9999 -9999 -9999 -9999 -9999 -9999 -9999 -9999 -9999 -9999 -9999 -9999 -9999 -9999 -9999 -9999 -9999 -9999 -9999 -9999 -9999 -9999 -9999 -9999 -9999 -9999 -9999 -9999 -9999 -9999 -9999 -9999 -9999 -9999 -9999 -9999 -9999 -9999 -9999 -9999 -9999 -9999 -9999 -9999 -9999 -9999 -9999 -9999 -9999 -9999 -9999 -9999 -9999 -9999 -9999
-9999 -9999 -9999 -9999 -9999 -9999 -9999 -9999 -9999 -9999 -9999 -9999 -9999 -9999 -9999 -9999 -9999 -9999 -9999 -9999 -9999 -9999 -9999 -9999 -9999 -9999 -9999 -9999 -9999 -9999 -9999 -9999 -9999 -9999 -9999 -9999 -9999 -9999 -9999 -9999 -9999 -9999 -9999 -9999 -9999 -9999 -9999 -9999 -9999 -9999 -9999 -9999 -9999 -9999 -9999 -9999 -9999 -9999 -9999 -9999 -9999 -9999 -9999 -9999 -9999 -9999
-9999 -9999 -9999 -9999 -9999 -9999 -9999 -9999 -9999 -9999 -9999 -9999 -9999 -9999 -9999 -9999 -9999 -9999 -9999 -9999 -9999 -9999 -9999 -9999 -9999 -9999 -9999 -9999 -9999 -9999 -9999 -9999 -9999 -9999 -9999 -9999 -9999 -9999 -9999 -9999 -9999 -9999 -9999 -9999 -9999 -9999 -9999 -9999 -9999 -9999 -9999 -9999 -9999 -9999 -9999 -9999 -9999 -9999 -9999 -9999 -9999 -9999 -9999 -9999 -9999 -9999
-9999 -9999 -9999 -9999 -9999 -9999 -9999 -9999 -9999 -9999 -9999 -9999 -9999 -9999 -9999 -9999 -9999 -9999 -9999 -9999 -9999 -9999 -9999 -9999 -9999 -9999 -9999 -9999 -9999 -9999 -9999 -9999 -9999 -9999 -9999 -9999 -9999 -9999 -9999 -9999 -9999 -9999 -9999 -9999 -9999 -9999 -9999 -9999 -9999 -9999 -9999 -9999 -9999 -9999 -9999 -9999 -9999 -9999 -9999 -9999 -9999 -9999 -9999 -9999 -9999 -9999
-9999 -9999 -9999 -9999 -9999 -9999 -9999 -9999 -9999 -9999 -9999 -9999 -9999 -9999 -9999 -9999 -9999 -9999 -9999 -9999 -9999 -9999 -9999 -9999 -9999 -9999 -9999 -9999 -9999 -9999 -9999 -9999 -9999 -9999 -9999 -9999 -9999 -9999 -9999 -9999 -9999 -9999 -9999 -9999 -9999 -9999 -9999 -9999 -9999 -9999 -9999 -9999 -9999 -9999 -9999 -9999 -9999 -9999 -9999 -9999 -9999 -9999 -9999 -9999 -9999 -9999
-9999 3.81545E-14 -9999 -9999 -9999 -9999 -9999 -9999 -9999 -9999 -9999 -9999 -9999 -9999 -9999 -9999 -9999 -9999 -9999 -9999 -9999 -9999 -9999 -9999 -9999 -9999 -9999 -9999 -9999 -9999 -9999 -9999 -9999 -9999 -9999 -9999 -9999 -9999 -9999 -9999 -9999 -9999 -9999 -9999 -9999 -9999 -9999 -9999 -9999 -9999 -9999 -9999 -9999 -9999 -9999 -9999 -9999 -9999 -9999 -9999 -9999 -9999 -9999 -9999 -9999 -9999
7.42689E-14 1.88137E-13 -9999 -9999 -9999 -9999 8.12359E-14 2.67642E-13 -9999 -9999 -9999 -9999 -9999 -9999 -9999 -9999 -9999 -9999 -9999 -9999 -9999 -9999 -9999 -9999 -9999 -9999 -9999 -9999 -9999 -9999 -9999 -9999 -9999 -9999 -9999 -9999 -9999 -9999 -9999 -9999 -9999 -9999 -9999 -9999 -9999 -9999 -9999 -9999 -9999 -9999 -9999 -9999 -9999 -9999 -9999 -9999 -9999 -9999 -9999 -9999 -9999 -9999 -9999 -9999 -9999 -9999
3.63474E-14 1.244E-13 6.72765E-12 1.70455E-10 4.75676E-11 8.72596E-14 7.27897E-14 2.92819E-13 -9999 -9999 -9999 -9999 -9999 -9999 -9999 -9999 -9999 -9999 -9999 -9999 -9999 -9999 -9999 -9999 -9999 -9999 -9999 -9999 -9999 -9999 -9999 -9999 -9999 -9999 -9999 -9999 -9999 -9999 -9999 -9999 -9999 -9999 -9999 -9999 -9999 -9999 -9999 -9999 -9999 -9999 -9999 -9999 -9999 -9999 -9999 -9999 -9999 -9999 -9999 -9999 -9999 -9999 -9999 -9999 -9999 -9999
7.13413E-13 1.81923E-14 1.4208E-13 2.21337E-11 2.11567E-9 1.05562E-10 1.1725E-12 2.03652E-13 -9999 -9999 -9999 -9999 -9999 -9999 -9999 -9999 -9999 -9999 -9999 -9999 -9999 -9999 -9999 -9999 -9999 -9999 -9999 -9999 -9999 -9999 -9999 -9999 -9999 -9999 -9999 -9999 -9999 -9999 -9999 -9999 -9999 -9999 -9999 -9999 -9999 -9999 -9999 -9999 -9999 -9999 -9999 -9999 -9999 -9999 -9999 -9999 -9999 -9999 -9999 -9999 -9999 -9999 -9999 -9999 -9999 -9999
1.44448E-10 1.0028E-12 2.00097E-13 1.65212E-12 5.25548E-9 6.17648E-10 1.62602E-12 -9999 -9999 -9999 -9999 -9999 -9999 -9999 -9999 -9999 -9999 -9999 -9999 -9999 -9999 -9999 -9999 -9999 -9999 -9999 -9999 -9999 -9999 -9999 -9999 -9999 -9999 -9999 -9999 -9999 -9999 -9999 -9999 -9999 -9999 -9999 -9999 -9999 -9999 -9999 -9999 -9999 -9999 -9999 -9999 -9999 -9999 -9999 -9999 -9999 -9999 -9999 -9999 -9999 -9999 -9999 -9999 -9999 -9999 -9999
1.61568E-8 3.21859E-10 1.42307E-10 1.73453E-10 2.318E-8 9.69167E-10 2.43008E-11 7.54958E-13 3.46291E-13 -9999 -9999 1.57576E-12 -9999 -9999 -9999 -9999 -9999 -9999 -9999 -9999 -9999 -9999 -9999 -9999 -9999 -9999 -9999 -9999 -9999 -9999 -9999 -9999 -9999 -9999 -9999 -9999 -9999 -9999 -9999 -9999 -9999 -9999 -9999 -9999 -9999 -9999 -9999 -9999 -9999 -9999 -9999 -9999 -9999 -9999 -9999 -9999 -9999 -9999 -9999 -9999 -9999 -9999 1.3168E-14 -9999 6.31545E-15 -9999
6.06145E-7 2.388E-7 2.58441E-7 2.97668E-8 4.10161E-7 2.28113E-9 1.21285E-8 8.8043E-10 4.52381E-11 3.89369E-9 2.5599E-10 1.54988E-12 4.35219E-13 7.60775E-14 -9999 -9999 -9999 -9999 -9999 -9999 -9999 -9999 -9999 -9999 -9999 -9999 -9999 -9999 -9999 -9999 -9999 -9999 -9999 -9999 -9999 -9999 -9999 -9999 -9999 -9999 -9999 -9999 -9999 -9999 -9999 -9999 -9999 -9999 -9999 -9999 -9999 -9999 -9999 -9999 -9999 -9999 -9999 -9999 -9999 -9999 1.39498E-14 8.17201E-16 1.45531E-15 3.01247E-15 5.24445E-16 -9999
1.60905E-5 6.07619E-6 4.89983E-6 6.43898E-7 1.25357E-6 4.30009E-8 1.33009E-7 1.25214E-9 1.05135E-8 2.06664E-8 1.02454E-10 7.33135E-13 4.73331E-13 5.298E-13 7.81976E-13 1.47694E-13 -9999 -9999 -9999 -9999 -9999 -9999 -9999 -9999 -9999 -9999 -9999 -9999 -9999 -9999 -9999 -9999 -9999 -9999 -9999 -9999 -9999 -9999 -9999 -9999 -9999 -9999 -9999 -9999 -9999 -9999 -9999 -9999 -9999 -9999 -9999 -9999 -9999 -9999 -9999 -9999 -9999 2.82034E-13 8.29027E-13 1.77031E-13 3.41045E-14 3.54437E-14 2.94713E-14 7.24222E-14 1.66048E-14 7.84516E-15
4.6216E-5 2.55913E-5 2.69412E-5 3.39972E-5 1.63013E-5 7.70337E-6 2.8237E-7 1.35797E-7 4.10904E-7 1.21676E-8 2.73012E-10 4.20629E-10 2.67593E-9 8.42415E-10 5.0781E-10 2.1808E-11 -9999 -9999 4.48512E-13 4.37509E-10 -9999 -9999 -9999 -9999 -9999 -9999 -9999 -9999 -9999 -9999 -9999 -9999 -9999 -9999 -9999 -9999 -9999 -9999 -9999 -9999 -9999 -9999 -9999 -9999 -9999 -9999 3.76953E-14 1.91375E-14 -9999 -9999 -9999 -9999 -9999 -9999 -9999 -9999 2.77123E-13 3.9476E-13 4.86548E-12 8.19677E-13 9.13007E-14 5.11878E-13 9.58439E-13 5.345E-13 1.03053E-13 1.7195E-14
6.06767E-5 2.84262E-5 2.83662E-5 3.07391E-5 1.65584E-5 7.08184E-6 2.51849E-6 1.38609E-5 1.24887E-5 3.51965E-6 4.04159E-7 1.37146E-7 2.9473E-7 3.44731E-8 3.99687E-8 7.65653E-9 1.84965E-8 -9999 -9999 8.68413E-10 1.43594E-12 -9999 -9999 1.6634E-14 7.83188E-14 6.1357E-14 9.51422E-15 -9999 -9999 -9999 -9999 -9999 -9999 -9999 -9999 -9999 -9999 -9999 -9999 -9999 -9999 -9999 -9999 -9999 -9999 1.70609E-13 4.55744E-14 2.42757E-14 9.3427E-15 -9999 -9999 -9999 -9999 -9999 4.13439E-13 5.04543E-13 1.00078E-12 1.41424E-12 1.37035E-11 1.60421E-11 2.22599E-13 5.72011E-13 6.32999E-12 2.32653E-13 6.96014E-14 1.91905E-14
3.1213E-5 2.3092E-5 2.05956E-5 2.62389E-5 2.55764E-5 1.17807E-5 2.10706E-5 1.93039E-5 1.28045E-5 6.62881E-6 1.75049E-6 1.26235E-6 2.52885E-6 6.76828E-7 6.42493E-7 7.27962E-7 6.06045E-8 1.1576E-9 2.23896E-9 3.28879E-8 6.39246E-10 5.78681E-13 3.48611E-14 2.2837E-14 5.7775E-13 7.86773E-13 7.32222E-14 6.96554E-15 2.57508E-15 6.92965E-15 -9999 -9999 -9999 -9999 -9999 -9999 -9999 -9999 -9999 3.95059E-15 -9999 -9999 -9999 -9999 3.23764E-13 2.47934E-12 1.22248E-13 3.07532E-13 9.27307E-14 -9999 -9999 -9999 -9999 -9999 -9999 7.17512E-13 7.22636E-13 6.62266E-12 6.56255E-10 4.75376E-11 1.91325E-12 3.03717E-12 1.61403E-10 3.60264E-12 1.35418E-13 9.40067E-14
7.65708E-5 1.57704E-5 1.80144E-5 2.56692E-5 1.54718E-5 1.27224E-5 1.39229E-5 3.67475E-6 2.3876E-6 6.90529E-6 4.26609E-4 2.80683E-6 5.36239E-6 5.46388E-6 4.34307E-6 2.03524E-6 2.18277E-7 2.1356E-8 4.04535E-7 2.96316E-7 6.68523E-9 7.03842E-12 6.1406E-13 8.85359E-14 3.24006E-12 1.11544E-11 4.47163E-14 1.65272E-14 3.86877E-14 2.41125E-13 2.39183E-12 5.07632E-10 1.24598E-8 4.09776E-9 2.66334E-12 1.11896E-13 2.50413E-13 2.74718E-13 1.81615E-13 3.07412E-14 4.23977E-15 -9999 -9999 -9999 1.331E-12 1.70107E-11 3.47869E-12 3.26835E-12 2.88954E-12 -9999 -9999 -9999 -9999 4.0336E-13 3.19759E-13 3.01772E-13 3.72869E-13 3.62151E-12 1.26254E-9 8.49426E-10 1.37549E-10 3.65284E-10 6.12666E-10 1.04686E-11 1.89883E-12 7.65284E-13
2.26994E-4 1.03817E-4 2.86858E-5 9.54909E-6 3.81385E-6 2.40364E-6 1.82087E-6 1.19783E-6 2.94844E-6 2.15674E-6 1.02462E-5 2.6638E-6 4.74078E-6 9.33909E-6 3.85932E-6 1.25439E-6 1.25697E-7 3.04083E-7 1.48593E-6 1.14788E-7 1.18583E-8 5.36011E-10 2.3376E-10 5.75518E-12 1.1337E-10 2.27872E-10 1.47997E-12 8.60605E-13 3.41324E-12 3.0471E-11 3.984E-10 2.00134E-8 3.1316E-7 1.2053E-9 1.73259E-12 1.17053E-12 3.53862E-12 1.75353E-11 1.98409E-12 1.24723E-13 1.56806E-15 -9999 -9999 6.45593E-12 2.22329E-11 3.84903E-11 3.3174E-10 4.10699E-11 4.08159E-12 -9999 -9999 -9999 -9999 2.67189E-12 2.20879E-12 6.90859E-13 1.57125E-12 1.05701E-11 1.37733E-9 3.31508E-8 5.36603E-8 1.7695E-8 3.28066E-10 3.16016E-11 7.96303E-11 7.87815E-12
2.27554E-4 1.95013E-4 1.36519E-4 3.89713E-5 2.13478E-5 6.08311E-6 1.21463E-6 7.96287E-7 1.30508E-6 5.46743E-6 8.22497E-7 8.3521E-7 2.7656E-6 5.336E-6 3.40233E-6 1.56978E-6 1.58612E-7 9.88129E-7 1.33668E-6 9.83351E-8 6.40099E-8 1.70794E-8 2.06187E-9 7.84628E-10 8.45098E-9 1.52743E-8 1.49324E-9 2.98311E-10 8.1247E-10 7.81677E-9 1.28882E-7 5.08459E-7 1.74733E-7 1.93935E-10 4.37405E-11 3.80706E-10 1.70223E-10 1.87259E-9 6.17575E-11 6.10942E-13 2.52406E-14 2.21269E-14 4.19992E-13 3.69454E-10 1.2715E-8 5.87756E-9 1.962E-8 3.46978E-10 -9999 -9999 -9999 1.09104E-12 6.37709E-13 1.20057E-11 2.13448E-11 9.08806E-12 6.4681E-12 1.08149E-10 1.10483E-9 4.75563E-8 4.31311E-7 2.4584E-8 2.66653E-9 8.88818E-10 4.88871E-10 2.05042E-10
1.23566E-4 1.17829E-4 1.2457E-4 9.57939E-5 6.84354E-5 2.64843E-5 1.28441E-5 3.67884E-6 2.45806E-6 3.42781E-6 1.19337E-6 5.5076E-7 8.98852E-7 1.86888E-6 4.89402E-6 2.43453E-6 7.8452E-7 2.16184E-6 4.24856E-6 2.31959E-7 2.34934E-7 2.86023E-8 4.17719E-9 1.54311E-8 1.03309E-7 3.45756E-7 3.57114E-8 4.3219E-9 5.95493E-8 1.1413E-6 2.66775E-6 2.94544E-6 1.9444E-7 3.66421E-10 3.80733E-9 6.3603E-8 2.71342E-8 1.27406E-8 1.74295E-9 2.82191E-11 2.08188E-12 4.1814E-12 1.16189E-11 6.34042E-10 7.05251E-8 8.50972E-7 5.30757E-8 2.72113E-10 -9999 -9999 -9999 3.31085E-12 2.98114E-12 4.51841E-11 3.15898E-10 4.51458E-10 1.36137E-10 8.88304E-10 1.21594E-9 7.69284E-9 2.70421E-7 3.25872E-8 5.58367E-9 9.93638E-10 5.31414E-10 8.74845E-10
1.09666E-4 1.16991E-4 1.27424E-4 1.19194E-4 8.89038E-5 6.60129E-5 5.89526E-5 3.23054E-5 2.76635E-5 3.31016E-5 2.18568E-5 8.88282E-6 5.73189E-6 3.14222E-6 2.45127E-6 3.73019E-6 7.17162E-6 8.5941E-6 4.30085E-6 3.13704E-6 4.55136E-7 5.69178E-8 7.03613E-8 7.6442E-8 9.71646E-7 1.50412E-6 1.03854E-7 2.61777E-8 4.07823E-7 8.90394E-6 1.2503E-5 1.04586E-5 4.51537E-7 5.11862E-9 1.93744E-7 1.42236E-6 2.40237E-7 1.12235E-7 5.55718E-8 1.12356E-9 1.76982E-10 2.76431E-9 2.51244E-8 2.75809E-8 3.21753E-7 1.49034E-6 2.68206E-7 4.98309E-10 1.45584E-11 -9999 -9999 1.6954E-11 1.54472E-11 1.11016E-10 6.81136E-10 2.27795E-9 1.73306E-9 1.94336E-9 4.97265E-10 2.58016E-9 1.23618E-7 2.00605E-8 3.27805E-9 1.21428E-9 4.05444E-10 1.24717E-10
2.36238E-4 2.38937E-4 2.23744E-4 2.05991E-4 1.45116E-4 1.1278E-4 1.25387E-4 1.05754E-4 1.63556E-4 1.01474E-4 1.32971E-4 8.99317E-5 4.95736E-5 2.7739E-5 9.3883E-6 7.37306E-6 6.12822E-6 1.22182E-5 4.251E-6 7.37169E-6 1.47129E-6 7.0301E-7 1.57009E-6 1.2265E-6 5.76964E-6 2.82564E-6 3.80842E-7 7.2205E-8 1.40029E-7 3.93555E-6 2.76633E-5 1.86604E-5 1.24311E-6 5.07456E-8 1.69008E-7 1.7476E-6 2.81422E-6 1.90947E-6 5.59374E-7 1.91087E-8 1.23574E-8 3.05279E-7 2.5808E-6 6.41558E-7 3.83492E-6 3.22902E-6 2.32574E-6 2.84949E-8 1.61826E-10 6.24038E-11 -9999 2.7007E-10 9.06222E-11 1.87985E-10 5.71641E-10 8.99586E-10 3.59233E-9 1.08896E-9 4.42533E-11 3.91993E-10 2.19047E-8 2.78731E-7 2.59666E-7 5.2626E-8 5.61255E-9 4.20403E-10
4.05666E-4 3.93115E-4 3.3984E-4 3.00782E-4 2.76688E-4 2.35657E-4 2.55259E-4 2.5025E-4 1.99959E-4 1.37503E-4 1.49142E-4 2.05499E-4 1.85518E-4 1.34156E-4 7.63969E-5 3.83046E-5 1.67126E-5 6.10094E-6 3.89979E-6 5.63505E-6 3.89697E-6 6.78099E-6 5.21732E-6 7.36612E-6 6.66392E-6 3.78279E-6 1.05977E-6 3.19073E-7 3.52591E-7 1.54288E-6 1.36993E-5 1.49638E-5 7.45145E-7 7.31469E-8 3.88927E-7 2.00716E-6 8.29509E-6 2.54912E-6 3.41421E-7 2.23371E-8 1.67803E-8 2.90428E-7 8.82497E-6 2.53768E-6 8.61148E-6 9.47376E-6 8.01375E-6 1.30114E-6 3.10071E-8 2.69772E-8 4.18338E-9 1.93519E-8 1.14052E-8 1.39749E-9 7.09681E-10 2.18438E-9 8.51298E-9 4.89885E-10 8.28953E-11 2.03581E-9 1.42386E-8 1.71446E-7 3.10436E-6 7.05733E-7 5.59314E-8 2.66685E-9
4.34018E-4 3.24996E-4 3.60263E-4 3.84729E-4 4.46458E-4 3.97333E-4 3.76163E-4 3.43955E-4 4.4967E-4 3.12291E-4 3.37135E-4 3.04653E-4 2.37924E-4 1.94722E-4 1.65763E-4 6.09719E-5 4.71631E-5 3.17714E-5 1.84804E-5 4.42932E-6 1.50293E-6 7.95595E-6 1.82499E-5 1.76973E-5 1.27913E-5 6.92382E-6 6.89899E-7 3.58041E-7 2.36685E-6 2.93494E-6 1.08138E-5 2.06583E-5 5.48798E-7 6.286E-7 2.38066E-6 6.8148E-6 6.02987E-6 9.34841E-7 8.31361E-8 1.23121E-8 1.43688E-7 5.09255E-6 1.96702E-5 1.29485E-5 1.46056E-5 9.79529E-6 9.06718E-6 3.26322E-7 3.51569E-7 2.54616E-6 1.11343E-7 2.40942E-7 4.08822E-7 6.38675E-8 2.30362E-8 7.29189E-9 9.81017E-9 8.69535E-10 2.71467E-9 2.91666E-8 6.82757E-8 4.8558E-8 3.15711E-6 1.14907E-6 6.57566E-8 1.69521E-8
3.84975E-4 2.77597E-4 2.67461E-4 2.7317E-4 3.03321E-4 3.67367E-4 3.72336E-4 5.01146E-4 4.12033E-4 4.52515E-4 4.26124E-4 4.3016E-4 4.11771E-4 5.44766E-4 2.7507E-4 1.96454E-4 1.45198E-4 1.01359E-4 7.7343E-5 5.00458E-5 1.93377E-5 1.99348E-5 8.92685E-6 2.54913E-6 3.027E-6 9.82869E-6 3.38492E-6 9.61602E-7 1.05685E-6 4.38415E-6 1.30766E-5 3.14753E-6 9.54771E-7 1.99578E-6 1.86588E-5 2.78491E-6 1.05289E-6 2.57592E-7 1.81908E-7 1.34594E-7 1.81329E-7 1.62936E-6 3.20714E-6 6.97326E-6 4.92874E-5 9.47562E-6 2.29865E-6 1.59457E-6 2.6135E-6 1.9054E-5 3.73523E-6 2.63968E-7 8.96429E-7 1.67083E-6 2.74759E-7 1.94535E-7 4.83593E-8 1.18593E-8 2.63362E-9 1.95641E-8 3.87458E-7 4.23097E-7 8.54182E-6 5.46163E-6 4.01052E-7 4.37642E-7
4.10239E-4 3.23521E-4 2.93979E-4 2.99032E-4 3.40576E-4 3.55845E-4 3.89551E-4 4.08716E-4 3.59014E-4 4.26801E-4 4.36208E-4 4.71573E-4 5.62927E-4 5.05879E-4 4.11594E-4 3.37221E-4 3.14439E-4 2.3932E-4 2.78261E-4 2.44381E-4 2.15769E-4 1.4099E-4 4.12284E-5 7.31435E-6 4.81275E-6 8.53443E-6 7.6355E-6 3.6832E-6 5.21606E-6 1.72326E-5 1.57928E-5 9.3287E-6 1.39271E-5 2.03466E-5 7.38191E-6 1.23503E-6 1.59797E-6 3.63151E-6 2.70023E-6 2.44079E-6 8.39519E-7 2.73582E-6 1.42696E-6 6.73956E-6 3.24399E-5 1.27098E-5 5.62269E-5 9.08575E-5 1.28306E-4 2.72462E-4 1.57371E-4 1.38032E-5 3.29657E-6 7.86961E-6 1.01548E-5 3.61223E-6 3.12541E-7 2.1705E-7 8.85342E-8 1.39407E-7 1.61729E-6 6.62968E-6 2.20257E-5 2.7946E-6 1.07893E-6 6.48627E-6
3.85417E-4 3.90651E-4 3.47623E-4 3.52563E-4 3.55956E-4 3.43142E-4 4.15936E-4 4.68273E-4 3.52793E-4 3.39679E-4 4.47317E-4 4.54629E-4 5.04656E-4 5.64142E-4 5.69248E-4 4.8096E-4 4.04855E-4 3.811E-4 3.86412E-4 3.4207E-4 2.20271E-4 1.19944E-4 8.83813E-5 4.90763E-5 3.7584E-5 3.0868E-5 4.99399E-5 5.01629E-5 4.66624E-5 5.04968E-5 3.54759E-5 1.24351E-5 2.52778E-6 2.11788E-6 1.81185E-6 2.23917E-6 6.11993E-6 1.99849E-5 1.49987E-5 1.05642E-5 5.34851E-6 1.1802E-5 1.26849E-5 3.06618E-5 1.1051E-4 1.74639E-4 2.73115E-4 5.39462E-4 5.66281E-4 2.34632E-4 5.4025E-4 1.744E-4 3.55559E-5 1.66001E-5 1.93339E-4 3.61466E-5 3.79363E-6 3.73066E-6 7.22474E-7 2.53112E-6 1.3853E-5 1.53527E-5 4.30235E-5 1.92367E-5 9.23858E-5 1.42677E-4
5.04875E-4 4.35209E-4 3.26541E-4 4.07256E-4 3.72101E-4 3.85094E-4 3.63264E-4 4.50372E-4 4.22912E-4 3.82093E-4 5.12847E-4 4.83312E-4 4.85888E-4 5.68985E-4 6.05205E-4 5.37717E-4 4.65854E-4 5.60307E-4 4.65144E-4 4.6649E-4 3.64244E-4 2.70594E-4 2.5649E-4 2.2087E-4 1.79506E-4 1.94833E-4 2.3544E-4 2.79354E-4 2.99352E-4 4.64768E-4 3.11091E-4 1.7268E-4 6.64285E-5 4.1183E-5 5.0704E-5 8.71306E-5 1.50792E-4 2.22034E-4 1.48216E-4 1.00973E-4 5.36709E-5 1.37955E-4 4.48737E-4 3.14169E-4 3.84711E-4 5.30034E-4 3.53553E-4 4.49307E-4 3.70839E-4 5.46683E-4 5.52498E-4 3.10326E-4 2.73858E-4 3.02302E-4 6.80282E-4 5.64173E-4 4.54559E-5 2.30119E-5 2.79422E-5 1.74834E-5 5.24823E-5 1.68033E-4 7.30013E-5 1.53542E-4 3.18038E-4 3.69242E-4
