catData/rasterBestHybridModels/Pviverrinus/RD_RM2_LQ/Pviverrinus_median.asc
ncols         409
nrows         350
xllcorner     60.897278365
yllcorner     5.843756025
cellsize      0.0892857
NODATA_value  -9999
[rows 174 to 202 of 350, columns 198 to 263 of 409]
5.57564E-6 4.17998E-6 4.43521E-6 9.57948E-6 1.60578E-5 1.54813E-5 1.47463E-5 8.16936E-6 5.86119E-6 4.67238E-6 5.00222E-6 5.43948E-6 8.86966E-6 7.40524E-6 1.26141E-5 6.6937E-6 2.17447E-5 3.1481E-5 3.44908E-5 4.46918E-5 4.56194E-5 3.93453E-5 1.21963E-5 1.50384E-5 1.10192E-5 1.29119E-5 3.82356E-6 4.87481E-6 1.16207E-5 1.8335E-6 3.49245E-6 9.33478E-6 1.08901E-5 2.07261E-5 2.15786E-5 9.82359E-6 2.06938E-6 3.59037E-6 1.40699E-5 3.23246E-5 3.17387E-5 3.00851E-5 9.70748E-6 1.43066E-5 1.39251E-5 1.0939E-5 5.42945E-6 5.68387E-6 1.99511E-5 1.93486E-5 2.6757E-5 2.09159E-5 3.6599E-5 3.83155E-5 3.65619E-5 3.13226E-5 9.19265E-6 1.66468E-5 5.54933E-5 4.72856E-5 7.24018E-5 8.33173E-5 7.10852E-5 4.34737E-5 2.61055E-5 1.45333E-5
1.10245E-5 9.03065E-6 7.52319E-6 1.74774E-5 1.80172E-5 1.45217E-5 2.54431E-5 1.74677E-5 1.31511E-5 1.17137E-5 1.08E-5 1.66613E-5 1.70529E-5 8.89289E-6 9.83191E-6 2.41212E-5 2.78429E-5 2.22122E-5 2.64155E-5 4.11555E-5 4.60996E-5 4.26793E-5 2.23382E-5 1.55981E-5 1.15906E-5 1.04679E-5 9.89742E-6 6.38635E-6 4.50272E-6 4.48716E-6 1.13329E-5 1.9286E-5 1.33211E-5 2.66328E-5 2.21405E-5 3.149E-5 6.71824E-6 1.59589E-6 2.47864E-5 3.30189E-5 2.48806E-5 5.32166E-6 6.59478E-6 1.81775E-5 1.64309E-5 1.4855E-5 1.25667E-5 9.87441E-6 1.94515E-5 2.18522E-5 1.38012E-5 2.14761E-5 1.99812E-5 3.38072E-5 3.59542E-5 4.27706E-5 5.70818E-5 8.34622E-5 1.09992E-4 7.54982E-5 8.81639E-5 5.50346E-5 6.78388E-5 1.8431E-5 3.21711E-5 2.53429E-5
7.29432E-6 2.84183E-6 5.58162E-6 1.91504E-5 2.47549E-5 3.05628E-5 2.67715E-5 2.60129E-5 2.91237E-5 3.05712E-5 3.18234E-5 3.29227E-5 2.85493E-5 1.09288E-5 3.36397E-5 3.1015E-5 1.67358E-5 1.89785E-5 2.49738E-5 2.47632E-5 4.06234E-5 3.29786E-5 1.23769E-5 1.3184E-5 1.52922E-5 1.608E-5 1.00999E-5 1.17462E-5 8.79852E-6 2.62365E-6 2.84437E-5 1.17727E-5 2.61391E-5 3.75429E-5 2.13785E-5 3.69384E-5 2.83262E-5 3.29026E-5 3.72504E-5 3.6256E-5 9.36093E-6 1.23363E-5 1.32518E-5 1.12741E-5 1.61451E-5 2.65405E-5 2.43126E-5 2.74862E-5 2.63337E-5 2.79355E-5 1.59792E-5 2.05431E-5 3.25081E-5 3.52692E-5 3.88795E-5 5.15318E-5 9.77493E-5 1.31718E-4 1.28469E-4 1.0539E-4 6.9663E-5 1.59226E-5 1.18951E-5 3.06652E-5 2.61086E-5 1.85387E-5
5.30711E-6 9.20499E-6 9.27333E-6 2.53342E-5 2.36466E-5 1.03058E-4 9.36125E-6 1.27894E-5 2.77791E-5 3.23826E-5 3.34292E-5 3.5148E-5 2.47203E-5 2.71378E-5 2.37786E-5 2.70426E-5 2.95572E-5 2.15691E-5 1.01556E-5 1.12064E-5 2.4437E-5 3.79989E-6 3.54942E-6 1.37495E-5 1.23495E-5 5.54954E-6 1.91385E-5 9.22474E-6 1.65707E-5 2.01918E-5 9.24735E-5 5.02013E-5 2.10793E-5 7.63482E-6 2.09441E-5 2.31774E-5 1.74111E-5 4.50318E-5 4.13895E-5 3.5471E-5 2.44347E-5 2.03193E-5 1.80912E-5 1.71446E-5 1.8285E-5 2.63876E-5 2.07363E-5 2.74921E-5 2.06705E-5 2.24102E-5 3.15668E-5 2.41105E-5 3.13911E-5 3.83846E-5 4.10664E-5 5.80534E-5 1.11654E-4 1.29223E-4 1.23271E-4 7.26085E-5 6.42522E-5 2.64287E-5 3.07954E-5 3.90556E-5 4.11716E-5 3.88138E-5
7.78733E-6 3.72261E-6 3.75803E-6 9.60494E-6 2.17687E-4 2.02593E-3 3.36215E-5 2.98339E-5 2.62998E-5 3.12916E-5 3.49854E-5 3.60381E-5 2.13995E-5 1.05623E-5 7.07818E-6 1.62394E-5 2.30684E-5 4.19285E-5 1.20067E-5 1.23527E-5 8.65572E-6 6.77012E-6 6.10844E-6 1.74755E-5 1.71412E-5 2.3383E-5 2.34828E-5 2.24029E-5 1.63842E-5 2.3919E-5 2.26277E-5 1.49282E-5 3.19468E-5 3.66862E-5 4.62586E-5 2.49518E-5 3.39869E-5 3.88612E-5 3.64132E-5 3.54171E-5 2.17706E-5 2.7005E-5 2.55328E-5 2.49901E-5 2.32494E-5 2.59554E-5 2.28533E-5 2.56018E-5 1.33895E-5 1.56742E-5 2.86097E-5 2.52195E-5 3.54896E-5 4.07132E-5 4.43816E-5 5.36501E-5 1.08986E-4 1.2243E-4 1.11585E-4 6.34107E-5 6.03482E-5 3.41985E-5 2.4402E-5 4.51535E-5 4.35983E-5 3.4368E-5
4.99799E-6 8.30746E-6 5.73547E-6 7.50762E-6 2.06102E-5 1.59149E-5 1.43053E-5 2.90163E-5 2.2839E-5 1.66248E-5 1.68697E-5 2.49308E-5 1.52357E-5 2.54835E-5 2.58915E-5 1.54776E-5 4.13093E-5 2.21832E-5 6.88429E-6 8.68729E-6 2.60956E-5 1.02958E-5 1.478E-5 2.37542E-5 2.6904E-5 2.41661E-5 2.64791E-5 2.59005E-5 3.2658E-5 4.33773E-5 5.51667E-5 4.23244E-5 3.37033E-5 3.59378E-5 4.35344E-5 3.05138E-5 3.62077E-5 3.77692E-5 3.58277E-5 3.18392E-5 3.03814E-5 1.209E-5 1.13864E-5 1.44828E-5 1.497E-5 2.42144E-5 1.31421E-5 2.66987E-5 2.91505E-5 2.83057E-5 3.21843E-5 3.06519E-5 4.02287E-5 4.42233E-5 5.39528E-5 8.1123E-5 1.02135E-4 1.04064E-4 7.68516E-5 3.73314E-5 4.02919E-5 3.34261E-5 3.15917E-5 4.00406E-5 4.45723E-5 3.23423E-5
1.37104E-5 1.14659E-5 1.3512E-5 7.50662E-6 2.11347E-6 2.2998E-6 2.24203E-6 3.27787E-6 1.96854E-5 2.33397E-5 2.48018E-5 2.54937E-5 2.21048E-5 1.17128E-5 2.77392E-5 3.29681E-5 1.38124E-5 1.41009E-5 2.25037E-5 1.19085E-5 1.03156E-5 1.66649E-5 1.54757E-5 2.42968E-5 2.58533E-5 9.95919E-6 2.3355E-5 2.98121E-5 1.92946E-5 1.92702E-5 3.35815E-5 3.12454E-5 3.15102E-5 3.52766E-5 3.7384E-5 3.85382E-5 4.22277E-5 4.13902E-5 3.76665E-5 1.79032E-5 8.43018E-6 5.8647E-6 2.65143E-6 2.41275E-5 7.52392E-6 1.52548E-5 7.63677E-6 3.44192E-5 1.40901E-5 2.10403E-5 4.09057E-5 4.16337E-5 4.4721E-5 4.67138E-5 5.07702E-5 6.76931E-5 7.19386E-5 8.46062E-5 7.34466E-5 3.61029E-5 4.36788E-5 5.9067E-5 3.98116E-5 4.19368E-5 3.3262E-5 4.52632E-5
6.10858E-6 1.39724E-5 2.01508E-5 4.11527E-6 3.48202E-6 8.25636E-6 2.35547E-6 4.29052E-6 2.26526E-5 1.65133E-5 2.05754E-5 1.83132E-5 3.61716E-5 3.52668E-5 4.55503E-5 1.67105E-5 3.89683E-5 1.74369E-5 1.39774E-5 1.12473E-5 1.08792E-5 1.75301E-5 1.98284E-5 2.48288E-5 2.95859E-5 1.79268E-5 5.63452E-6 2.36654E-5 2.5223E-5 2.27479E-5 3.4451E-5 3.25861E-5 3.54552E-5 3.82261E-5 3.77163E-5 4.01078E-5 4.04299E-5 4.18675E-5 3.34764E-5 2.10379E-5 1.10939E-5 2.16996E-6 2.31734E-6 6.85218E-6 1.44996E-5 1.98211E-5 2.97932E-5 1.78469E-5 9.56619E-6 9.33828E-6 8.61815E-6 1.08339E-5 2.48454E-5 4.32678E-5 4.95415E-5 6.29016E-5 4.6128E-5 6.24414E-5 6.86069E-5 7.73863E-5 8.27068E-5 8.35517E-5 8.38413E-5 7.22982E-5 2.60706E-5 4.29598E-5
1.7074E-5 1.8416E-5 2.40376E-5 1.87456E-6 5.87459E-6 7.95544E-6 1.53505E-5 7.31546E-6 4.88235E-6 2.71758E-5 2.34155E-5 1.67826E-5 2.95672E-5 5.1206E-5 2.46729E-5 9.14617E-6 2.35415E-5 3.65168E-5 3.239E-5 1.94116E-5 3.95716E-6 1.15315E-5 2.24215E-5 2.35539E-5 1.97262E-5 1.30164E-5 2.1717E-5 1.2252E-5 1.47242E-5 3.86643E-5 3.64738E-5 3.4774E-5 3.75649E-5 3.92895E-5 3.90381E-5 3.95132E-5 4.09806E-5 3.44691E-5 1.28053E-5 1.269E-5 4.13769E-6 5.13752E-6 6.90232E-6 1.10676E-5 1.09442E-5 2.31339E-5 2.34087E-5 6.86872E-6 1.61889E-5 2.87277E-5 1.63131E-5 3.30317E-5 3.6326E-5 4.04103E-5 4.60007E-5 5.24644E-5 5.90901E-5 5.97069E-5 5.78217E-5 6.60316E-5 6.31524E-5 6.64738E-5 6.85455E-5 8.45936E-5 8.1925E-5 5.65141E-5
9.34007E-6 2.56088E-5 2.90869E-5 5.5894E-6 1.19318E-6 7.12867E-7 1.00154E-5 2.43911E-5 1.79885E-5 1.33569E-5 2.8286E-5 8.65448E-6 1.36476E-5 2.55379E-5 2.38826E-5 4.07367E-5 3.58812E-5 1.19897E-5 2.00204E-5 8.43891E-6 1.51685E-5 1.48268E-5 1.48251E-5 8.75447E-6 1.8288E-5 1.48229E-5 1.13935E-5 9.995E-6 1.31092E-5 3.57894E-5 1.55436E-5 2.90802E-5 3.76589E-5 3.99009E-5 3.70918E-5 2.46978E-5 2.12555E-5 1.15765E-5 1.17722E-5 1.97466E-5 6.02062E-6 3.39438E-6 2.24118E-6 9.49271E-6 1.21707E-5 2.21243E-5 1.15614E-5 6.18947E-6 1.68747E-5 2.60795E-5 2.87343E-5 3.61196E-5 4.05547E-5 4.96426E-5 2.27987E-5 5.83697E-5 5.17248E-5 6.03786E-5 4.39555E-5 3.92495E-5 3.23433E-5 1.77787E-5 1.05298E-5 1.70044E-5 5.95064E-5 8.76262E-5
5.38787E-8 7.16802E-7 1.08507E-6 2.25633E-6 8.7049E-8 9.84661E-7 3.53925E-6 1.08984E-5 1.58769E-5 1.67854E-5 8.25201E-6 7.47335E-6 3.51277E-5 3.46996E-5 3.67622E-5 3.26231E-5 4.84958E-5 3.2304E-5 3.05895E-5 3.48143E-5 2.97973E-5 2.41223E-5 1.69977E-5 8.19067E-6 9.68784E-6 1.75752E-5 4.71136E-6 8.90822E-6 2.2617E-5 2.54599E-5 2.01569E-5 1.95005E-5 2.56761E-5 2.91106E-5 1.71918E-5 1.93717E-5 1.84147E-5 2.13814E-5 2.0243E-5 2.454E-5 2.4764E-5 1.67935E-5 8.94666E-6 8.40309E-6 2.27749E-5 2.12284E-5 2.52896E-5 1.14473E-5 2.91936E-5 3.33985E-5 3.3084E-5 1.04983E-5 4.49266E-5 3.70102E-5 6.07294E-6 3.70867E-5 4.88306E-5 4.6842E-5 2.43355E-5 2.64293E-5 1.66039E-5 2.38331E-5 3.099E-5 2.88409E-5 2.61701E-5 5.44434E-5
2.65812E-8 3.13273E-7 3.09058E-7 1.64402E-6 7.81111E-7 8.282E-7 1.79444E-6 8.14516E-6 1.73883E-5 9.13167E-6 8.21461E-6 1.2033E-5 2.24235E-5 1.76397E-5 1.54925E-5 4.75075E-6 3.39589E-5 3.31029E-5 3.40727E-5 2.8883E-5 2.77581E-5 2.47389E-5 2.31693E-5 1.7053E-5 1.65448E-5 3.42823E-6 1.1964E-6 9.30773E-6 2.43097E-6 2.26918E-5 1.9348E-5 1.67806E-5 2.18565E-5 1.61963E-5 1.93205E-5 1.81892E-5 1.43583E-5 1.96395E-5 2.31635E-5 2.15492E-5 2.23161E-5 2.04917E-5 9.27201E-6 4.431E-6 1.1455E-5 8.60857E-6 1.88564E-5 2.46309E-5 2.4639E-5 3.43306E-5 2.38646E-5 8.22705E-6 1.36363E-5 8.83896E-6 5.87017E-5 4.65027E-5 5.0733E-5 1.3109E-5 2.30161E-5 2.57321E-5 2.67085E-5 2.21142E-5 1.92271E-5 1.80998E-5 2.01457E-5 3.33543E-5
6.63288E-8 1.18157E-7 5.33837E-8 4.14126E-7 3.84059E-7 1.25436E-6 2.45741E-6 1.58966E-5 2.05781E-5 1.3457E-5 3.25101E-6 2.1237E-5 3.06598E-5 3.25281E-5 3.00495E-5 6.3034E-6 1.95879E-5 2.30566E-5 2.47045E-5 2.79235E-5 3.0639E-5 2.81523E-5 2.16625E-5 1.77775E-5 7.89253E-6 5.34044E-6 1.17244E-5 8.7344E-6 4.884E-6 1.1636E-5 1.90061E-5 7.2476E-6 7.61812E-6 1.31643E-5 1.39006E-5 1.88557E-5 1.87899E-5 2.05036E-5 2.19918E-5 1.30497E-5 1.94615E-5 2.01321E-5 7.14898E-6 7.98918E-6 1.68643E-5 1.27122E-5 2.2136E-5 1.74975E-5 9.42454E-6 6.92303E-6 8.88367E-6 1.10665E-5 2.48809E-5 1.7193E-5 3.43457E-5 4.29513E-5 2.59019E-5 3.42655E-5 2.83724E-5 1.89277E-5 1.52005E-5 1.78187E-5 1.70194E-5 1.94575E-5 1.68974E-5 2.45413E-5
2.05902E-8 5.96716E-8 3.77144E-7 2.32366E-7 5.31009E-7 1.73063E-6 4.22367E-6 1.28321E-5 2.67377E-5 2.87453E-5 1.81666E-5 6.55784E-6 2.19665E-5 3.54472E-5 3.63101E-5 1.45436E-5 3.15306E-5 3.13665E-5 3.49767E-5 3.27473E-5 3.18857E-5 2.76738E-5 2.59188E-5 1.45678E-5 1.16087E-5 1.55023E-5 7.85725E-6 1.8973E-5 1.31756E-5 9.68786E-6 1.27943E-5 6.47054E-6 2.77285E-6 3.00145E-6 5.05768E-6 1.46793E-5 1.59101E-5 1.90646E-5 2.2955E-5 1.80589E-5 1.48E-5 1.17694E-5 6.57215E-6 7.19777E-6 1.74414E-5 1.088E-5 7.32758E-6 1.48615E-5 1.86068E-5 1.13106E-5 8.61227E-6 6.66403E-6 9.16389E-6 1.83705E-5 3.43317E-5 1.96045E-5 2.76723E-5 7.72081E-6 2.32255E-5 1.87302E-5 1.39196E-5 1.24593E-5 1.3025E-5 1.68008E-5 1.71978E-5 2.26045E-5
1.93509E-7 2.51254E-8 5.17298E-8 8.55402E-8 2.29361E-6 2.04328E-6 6.56665E-7 3.25613E-6 1.38327E-5 3.21308E-5 3.00323E-5 2.5055E-5 3.4675E-5 3.40047E-5 2.95563E-5 1.28023E-5 2.1703E-5 2.53239E-5 3.15336E-5 3.40382E-5 2.99948E-5 2.77205E-5 2.514E-5 2.35355E-5 2.67567E-5 2.49652E-5 2.11884E-5 7.78316E-6 2.16584E-5 1.10488E-5 8.5346E-6 8.96125E-6 6.36645E-6 1.65359E-6 2.23173E-6 1.13381E-5 4.53768E-6 1.91826E-5 2.0637E-5 1.86833E-5 1.49524E-5 1.32481E-5 8.41773E-6 5.53616E-6 1.67831E-5 1.35097E-5 7.75076E-6 2.39613E-6 2.81713E-5 3.83536E-5 2.84119E-5 2.00102E-5 1.11698E-5 9.51617E-6 4.08227E-5 2.01544E-5 3.09853E-5 1.75202E-5 1.5094E-5 1.68312E-5 1.51362E-5 1.40035E-5 1.23209E-5 1.38334E-5 1.80946E-5 2.68861E-5
2.20998E-7 1.77104E-7 2.1101E-7 5.64123E-8 6.61713E-7 4.62075E-7 3.19505E-7 4.46099E-6 2.1065E-5 3.38448E-5 3.261E-5 3.14161E-5 3.53727E-5 3.70795E-5 2.03122E-5 2.81592E-6 1.61385E-5 3.07973E-5 3.05679E-5 2.96108E-5 2.94646E-5 2.77196E-5 2.02263E-5 2.30936E-5 2.78322E-5 2.49906E-5 2.49442E-5 2.43651E-5 2.24087E-5 1.41187E-5 8.98765E-6 1.01772E-5 1.24034E-5 1.1048E-5 1.13114E-5 1.14414E-5 1.25887E-5 1.47144E-5 1.67887E-5 1.77289E-5 1.61802E-5 1.8654E-5 1.04863E-5 1.2682E-5 1.28743E-5 6.77386E-6 1.34565E-5 1.16202E-5 1.52764E-5 3.57201E-5 3.30235E-5 2.16416E-5 2.12841E-5 3.49234E-5 4.87787E-5 3.50564E-5 3.46177E-5 1.86766E-5 1.58199E-5 1.58949E-5 1.75923E-5 1.34313E-5 1.27521E-5 1.37478E-5 1.59546E-5 2.60916E-5
7.71064E-8 1.86213E-7 3.08937E-6 3.64535E-7 9.14826E-8 1.46272E-6 9.18473E-7 1.69269E-5 3.21316E-5 2.6815E-5 3.21482E-5 3.42913E-5 1.14478E-5 3.25652E-5 2.4736E-5 6.13207E-6 3.139E-5 3.57314E-5 3.03945E-5 2.81844E-5 2.74339E-5 2.63708E-5 2.62462E-5 2.33116E-5 2.54627E-5 2.66062E-5 2.66446E-5 2.59929E-5 2.39627E-5 1.87616E-5 9.36099E-6 4.73421E-6 6.01571E-6 1.00419E-5 6.15738E-6 1.92653E-6 4.79783E-6 1.00823E-5 1.34785E-5 1.41246E-5 1.53632E-5 1.95309E-5 1.41692E-5 1.71285E-5 4.33629E-6 2.2007E-6 1.7781E-6 4.59422E-6 9.1531E-6 1.14689E-5 2.41901E-5 3.1261E-5 3.50957E-5 4.07033E-5 1.4735E-5 1.23694E-5 2.71698E-5 2.95333E-5 1.91052E-5 1.25441E-5 1.44754E-5 1.25207E-5 1.10266E-5 1.28375E-5 1.41405E-5 3.7414E-5
1.08246E-7 3.49553E-7 9.06089E-7 6.44846E-7 3.46938E-6 1.17279E-6 1.78118E-6 5.76718E-6 3.42472E-5 2.45746E-5 2.04987E-5 3.48472E-5 2.66169E-5 1.43968E-5 1.39892E-5 1.07002E-5 2.62029E-5 3.67329E-5 3.4547E-5 3.01476E-5 2.9393E-5 3.00179E-5 2.82523E-5 2.75481E-5 2.83469E-5 2.53857E-5 2.65105E-5 2.65058E-5 2.33816E-5 2.13656E-5 1.18286E-5 5.5153E-6 6.96421E-6 4.87506E-6 1.96194E-6 5.63565E-6 3.26894E-6 9.78856E-7 5.68125E-6 1.09162E-5 1.21675E-5 1.63998E-5 4.22521E-6 6.16565E-6 1.45953E-6 1.43677E-6 1.56565E-5 1.54042E-6 4.54237E-6 1.06817E-5 2.11954E-5 2.88573E-5 2.13996E-5 7.32476E-6 7.89322E-6 2.03274E-5 1.31777E-5 2.41716E-5 1.99115E-5 1.24062E-5 9.76199E-6 1.03815E-5 9.53654E-6 1.31084E-5 2.16277E-5 5.82056E-5
3.36235E-7 4.36228E-8 6.72323E-7 1.52547E-6 2.08427E-7 6.8791E-7 2.05171E-6 1.17243E-6 2.06111E-5 3.76932E-5 1.59735E-5 6.21852E-6 2.15507E-6 4.16163E-6 3.17135E-5 3.66005E-5 2.89182E-5 3.52435E-5 3.39721E-5 3.12706E-5 3.10177E-5 2.83406E-5 2.9787E-5 2.79721E-5 2.33507E-5 1.66319E-5 2.23144E-5 2.037E-5 1.989E-5 2.0955E-5 1.2499E-5 1.03324E-5 6.44492E-6 4.09246E-6 2.43936E-6 4.1848E-6 7.77721E-6 5.76953E-6 3.9988E-7 6.26961E-7 7.11729E-6 1.38076E-5 1.25278E-6 1.80241E-6 2.95222E-6 1.45204E-6 2.97581E-7 8.46111E-7 6.15821E-6 4.35221E-6 6.18878E-6 1.51431E-5 6.2417E-6 1.66137E-5 1.1612E-5 1.23767E-5 1.08026E-5 1.94248E-5 2.05728E-5 1.26442E-5 7.71104E-6 7.90465E-6 1.08816E-5 2.2329E-5 5.91506E-5 7.16811E-5
9.66651E-7 2.50327E-6 6.88906E-7 7.21783E-7 7.39719E-7 1.21756E-6 8.91903E-7 7.41712E-7 7.44577E-6 8.43316E-6 1.25586E-5 4.876E-6 2.05722E-6 4.00955E-6 1.41281E-5 3.4537E-5 1.86402E-5 3.15219E-5 3.28286E-5 3.23612E-5 3.19795E-5 3.18484E-5 2.81775E-5 3.30171E-5 2.34274E-5 1.48186E-5 1.6364E-5 1.43398E-5 1.15629E-5 1.65907E-5 1.51873E-5 1.11597E-5 9.77199E-6 2.8126E-6 2.24856E-6 8.60574E-6 8.13202E-6 1.13699E-5 1.98395E-6 8.98326E-7 1.12991E-5 9.27151E-6 1.62247E-5 2.46434E-6 8.50139E-7 1.7496E-7 4.66888E-7 4.00255E-5 2.08823E-5 5.79594E-6 9.24925E-6 9.52589E-6 1.67599E-5 1.42482E-5 1.98456E-5 2.38388E-5 1.76165E-5 2.78077E-5 1.87685E-5 1.12774E-5 9.08667E-6 1.1244E-5 1.74406E-5 4.6298E-5 9.75622E-5 1.07831E-4
1.19673E-6 2.38138E-6 2.05425E-6 5.64505E-7 1.06754E-6 4.89694E-6 2.33497E-6 1.31913E-6 1.43004E-6 5.63288E-6 8.09153E-6 1.59258E-5 5.724E-7 5.02098E-6 2.80622E-5 1.35443E-5 2.52407E-5 2.68048E-5 3.28197E-5 3.27764E-5 3.3381E-5 3.13356E-5 3.45758E-5 3.10129E-5 2.06735E-5 1.6998E-5 1.62196E-5 1.58076E-5 1.26258E-5 5.28856E-6 9.47761E-6 1.10327E-5 1.2189E-5 1.01526E-5 1.88781E-6 3.82621E-6 5.33991E-6 1.15402E-5 7.26212E-6 2.10088E-7 3.02533E-6 4.40751E-6 1.93765E-6 1.44937E-5 1.40486E-5 3.20944E-7 6.0722E-8 2.93714E-5 1.6492E-5 1.22174E-5 1.75044E-5 1.66943E-5 1.36347E-5 1.51138E-5 2.29513E-5 2.46164E-5 3.00669E-5 5.01571E-5 2.34775E-5 1.45691E-5 1.5617E-5 1.27845E-5 1.71977E-5 4.35955E-5 9.89932E-5 1.50143E-4
2.33711E-6 3.03172E-6 3.5298E-6 1.6497E-6 3.06023E-7 2.00798E-6 2.30495E-6 6.62219E-7 1.62288E-6 1.7597E-6 4.71072E-6 1.46943E-5 2.06438E-6 3.65162E-6 3.10135E-5 1.61157E-5 1.2456E-5 3.71254E-5 1.83967E-5 3.27697E-5 3.37578E-5 3.52312E-5 3.42657E-5 2.8164E-5 1.92544E-5 1.80635E-5 1.42735E-5 1.48763E-5 1.2825E-5 8.40647E-6 1.14377E-5 1.0992E-5 1.15043E-5 1.18082E-5 1.93245E-6 2.38486E-6 1.18007E-5 1.29894E-5 1.28746E-5 1.27313E-6 6.65868E-7 1.93281E-6 5.21403E-7 2.92926E-6 4.23139E-6 1.92686E-6 2.61457E-7 2.77847E-5 1.38229E-5 1.09936E-5 9.78438E-6 9.98184E-6 8.07585E-6 1.26229E-5 1.88874E-5 2.28389E-5 2.91603E-5 5.61986E-5 3.79241E-5 2.45618E-5 1.73892E-5 2.19255E-5 2.27751E-5 3.86462E-5 6.95466E-5 1.26789E-4
9.76895E-7 7.58575E-7 2.73361E-7 4.01215E-7 1.21758E-6 2.87526E-7 1.37484E-6 3.32747E-6 6.10636E-6 1.18755E-5 2.19282E-6 1.86053E-5 3.31018E-6 7.39654E-6 6.07456E-6 5.18702E-6 8.48206E-6 3.52402E-5 1.84128E-5 6.2445E-6 3.85047E-5 3.46974E-5 3.66193E-5 3.10804E-5 2.13813E-5 1.24015E-5 1.20128E-5 9.48131E-6 9.66784E-6 1.17306E-5 1.0919E-5 1.36551E-5 1.40673E-5 1.36681E-5 5.45674E-6 4.3561E-6 8.56459E-6 1.47444E-5 1.45559E-5 1.38205E-5 4.49206E-6 7.6535E-6 4.49762E-6 3.2305E-6 9.84386E-6 4.90343E-6 4.57485E-7 5.80502E-5 2.41557E-5 2.78089E-6 6.6861E-6 8.92437E-6 1.96978E-5 1.37772E-5 1.40182E-5 3.60441E-5 2.91511E-5 6.83118E-5 5.4743E-5 4.16444E-5 3.51889E-5 3.66579E-5 3.27667E-5 3.16504E-5 3.35556E-5 5.21707E-5
1.80935E-7 8.0333E-8 1.23375E-7 2.10636E-7 1.32437E-6 1.29731E-6 4.44776E-6 9.57315E-7 1.34482E-6 1.25572E-5 9.89458E-6 3.22009E-6 1.64919E-6 6.12507E-6 9.23881E-6 5.20837E-6 7.20164E-6 2.81812E-5 3.90436E-5 2.55064E-5 4.20576E-5 4.12394E-5 4.05236E-5 3.9919E-5 2.86991E-5 1.76438E-5 1.26461E-5 9.39034E-6 9.49674E-6 1.26323E-5 1.63879E-5 1.98048E-5 1.54608E-5 1.57008E-5 6.54514E-6 1.63464E-6 4.08053E-6 6.3617E-6 6.3422E-6 1.49573E-5 7.36226E-6 7.00594E-6 2.14162E-6 3.16186E-6 6.1541E-6 5.06005E-6 4.75127E-6 3.41635E-5 1.46784E-5 2.91734E-6 5.16336E-6 6.46986E-6 1.84931E-5 2.41207E-5 2.90707E-5 2.89359E-5 2.59583E-5 4.87849E-5 6.48063E-5 4.81042E-5 3.55842E-5 2.84324E-5 3.03214E-5 3.40384E-5 3.62675E-5 8.36487E-5
1.83208E-6 2.89947E-6 2.30848E-6 1.56948E-7 1.68025E-7 7.40174E-6 9.43431E-6 4.38853E-6 5.03413E-6 9.25013E-6 7.46816E-6 5.41526E-6 6.01366E-6 3.69495E-6 5.29808E-6 7.32774E-6 1.131E-5 3.45391E-5 3.95023E-5 2.6097E-5 4.53417E-5 3.69927E-5 4.03599E-5 3.81758E-5 2.33579E-5 1.66987E-5 1.19059E-5 8.65103E-6 9.83672E-6 1.48131E-5 1.45842E-5 2.12555E-5 1.79006E-5 1.66822E-5 9.65948E-6 2.13644E-6 8.59694E-6 7.74472E-6 8.42048E-6 5.56047E-6 3.21715E-6 2.98113E-6 1.27873E-6 3.72432E-6 2.51069E-6 3.18363E-6 5.60892E-6 1.44796E-5 5.80512E-6 4.71084E-6 5.2282E-6 1.01E-5 1.91169E-5 1.51247E-5 4.8058E-5 3.78909E-5 2.54253E-5 5.96482E-5 1.04545E-4 6.02795E-5 3.27939E-5 2.18216E-5 2.20976E-5 2.72923E-5 4.74637E-5 1.29074E-4
1.41077E-5 2.05497E-5 1.73465E-5 7.5268E-6 1.54168E-7 5.98745E-6 6.58481E-6 4.34091E-6 6.36119E-6 3.53158E-6 3.37236E-6 1.47285E-5 6.19595E-6 7.24787E-6 1.48435E-5 4.69646E-6 3.46566E-6 7.48662E-6 3.80048E-5 3.79325E-5 3.73096E-5 4.81726E-5 4.51687E-5 4.31911E-5 3.37144E-5 2.31505E-5 1.71647E-5 1.20936E-5 9.9069E-6 1.15581E-5 1.5538E-5 2.41986E-5 1.85578E-5 1.17112E-5 7.52716E-6 2.57206E-6 7.53214E-6 1.52544E-6 3.19789E-6 7.9008E-6 8.17558E-6 7.33987E-6 1.2599E-6 4.50885E-6 3.41428E-6 4.82645E-6 6.17023E-6 1.43767E-5 8.29684E-6 7.63763E-6 4.12825E-6 8.75735E-6 1.41234E-5 3.35355E-5 6.70815E-5 3.01455E-5 3.68384E-5 6.18863E-5 1.39715E-4 9.59322E-5 4.75962E-5 2.61689E-5 2.33683E-5 2.4865E-5 4.13242E-5 1.13221E-4
8.59786E-6 1.01943E-5 1.94152E-5 2.40892E-5 1.73361E-5 1.29971E-5 1.20738E-5 2.54845E-6 4.24413E-6 2.85438E-6 4.09782E-7 5.55968E-7 8.15292E-7 8.14829E-6 1.03594E-5 6.11479E-6 1.35979E-5 2.35982E-5 2.58896E-5 2.86131E-5 3.52216E-5 4.78834E-5 4.63002E-5 4.41424E-5 4.10836E-5 2.78133E-5 2.17425E-5 1.49491E-5 1.53066E-5 1.15114E-5 1.07212E-5 2.70617E-5 2.01844E-5 3.06745E-6 1.58083E-6 6.08829E-6 6.07187E-6 8.70029E-6 1.00162E-5 7.08853E-6 1.26132E-5 4.2027E-6 6.00027E-6 1.34019E-5 5.89734E-6 3.2391E-6 5.33401E-6 1.02927E-5 7.47995E-6 3.15281E-6 2.62764E-6 1.06068E-5 2.03559E-5 4.01982E-5 5.51586E-5 2.29083E-5 4.36125E-5 9.06606E-5 1.07097E-4 6.91588E-5 6.3652E-5 3.4258E-5 2.25469E-5 1.99156E-5 3.42867E-5 1.15809E-4
1.55604E-5 1.95676E-5 2.26605E-5 2.79517E-5 3.36258E-5 2.71688E-5 1.41441E-5 3.78693E-6 2.05613E-6 2.16141E-6 2.17748E-6 4.96351E-7 2.45799E-6 5.4072E-6 1.31699E-5 1.98091E-5 1.17227E-5 5.57249E-6 9.8972E-6 1.4297E-5 4.21342E-5 4.61457E-5 4.30963E-5 4.23644E-5 4.17653E-5 2.76257E-5 2.72749E-5 1.47219E-5 6.46492E-6 1.31827E-5 2.84336E-5 2.39486E-5 1.72128E-5 5.60575E-6 1.8063E-6 3.5514E-6 2.20241E-6 6.88718E-6 2.01351E-6 8.35535E-6 7.43272E-6 1.19832E-5 2.31777E-6 2.00012E-6 3.49988E-6 2.86136E-6 3.64111E-6 1.11881E-5 6.94025E-6 5.63958E-6 3.65941E-6 1.02065E-5 1.53795E-5 4.1035E-5 5.40258E-5 2.31094E-5 4.28854E-5 5.46557E-5 6.50282E-5 6.00002E-5 4.85384E-5 2.41341E-5 1.92292E-5 1.60555E-5 2.86001E-5 9.57837E-5
2.04919E-5 2.06436E-5 1.46381E-5 1.52342E-5 3.17237E-5 2.45236E-5 2.54177E-5 1.91718E-5 6.79507E-6 1.10995E-6 4.65844E-7 1.06641E-6 2.58176E-6 4.54183E-6 2.65954E-6 1.24183E-5 7.60656E-6 3.49545E-5 1.92563E-5 1.43029E-5 3.30095E-5 4.12099E-5 4.02342E-5 3.54768E-5 3.64645E-5 2.35634E-5 1.1225E-5 6.61275E-6 2.15032E-5 2.91721E-5 2.95347E-5 2.48131E-5 1.36904E-5 6.93219E-6 5.91604E-6 1.41931E-6 2.69226E-6 4.20687E-6 1.34089E-6 1.12233E-5 1.77291E-5 1.00854E-5 4.08278E-6 2.4234E-6 6.64616E-6 2.6295E-6 1.24215E-5 9.5884E-6 5.07893E-6 6.05162E-6 6.6193E-6 9.69296E-6 2.0219E-5 3.73103E-5 5.81649E-5 2.89509E-5 4.75339E-5 8.94194E-5 1.20718E-4 8.02722E-5 3.9876E-5 3.03094E-5 4.40583E-5 2.1436E-5 1.91458E-5 6.50399E-5
