catData/rasterBestHybridModels/Pviverrinus/RD_RM2_LQ/Pviverrinus_avg.asc
ncols         409
nrows         350
xllcorner     60.897278365
yllcorner     5.843756025
cellsize      0.0892857
NODATA_value  -9999
[rows 203 to 231 of 350, columns 132 to 197 of 409]
-9999 -9999 -9999 5.89188E-5 3.08231E-5 7.6004E-6 4.42529E-6 1.10786E-5 1.02885E-5 5.56369E-6 1.33463E-6 2.05778E-6 8.77194E-7 7.02814E-7 7.52533E-7 1.52552E-6 1.53411E-6 1.98755E-6 1.73263E-6 9.01425E-7 8.66892E-7 2.38478E-6 8.70721E-7 7.26298E-7 4.08577E-7 1.03239E-6 1.02278E-6 1.89254E-6 3.01729E-6 1.39896E-6 1.94765E-6 1.28446E-6 1.02611E-6 7.59429E-7 1.06591E-6 7.99446E-7 2.05363E-7 2.60395E-7 1.0927E-6 3.95903E-7 8.83567E-7 1.70595E-6 4.84336E-6 1.50356E-7 6.29056E-7 8.1589E-7 9.37654E-7 1.72701E-6 1.6902E-6 5.9604E-7 1.71798E-6 2.65749E-6 7.70569E-7 8.89134E-7 1.76574E-6 5.32568E-6 1.47175E-6 1.40342E-7 4.0584E-7 5.11659E-6 1.41569E-5 7.0149E-7 2.36382E-5 1.73043E-5 1.52732E-5 1.34056E-5
-9999 -9999 3.49415E-4 6.2367E-5 1.63787E-5 1.79433E-5 1.23923E-5 3.86122E-6 5.65651E-6 1.77711E-6 2.53129E-6 4.598E-7 9.49415E-7 1.31499E-6 1.73124E-6 9.44932E-7 6.3304E-7 2.29488E-6 1.87857E-6 1.90463E-6 1.85595E-6 3.53481E-6 1.86902E-6 1.72931E-6 2.05656E-6 1.1488E-6 1.09855E-6 1.79334E-6 3.23732E-6 1.94401E-6 2.33181E-6 1.16176E-6 6.41891E-7 7.07388E-7 7.55661E-7 1.06542E-6 2.18196E-7 4.85208E-8 1.79274E-7 1.43851E-7 4.52022E-7 8.79136E-7 1.82364E-6 2.6128E-6 4.5073E-7 2.09592E-7 1.88779E-6 1.53257E-6 7.67775E-7 2.85452E-7 1.83888E-6 5.88048E-6 5.29906E-6 6.75973E-7 3.29362E-6 1.48299E-6 3.61952E-7 1.12273E-7 2.8799E-6 2.02892E-6 1.54306E-5 3.00271E-6 5.26613E-6 1.65589E-6 8.04956E-6 2.57358E-6
-9999 -9999 1.19903E-4 2.6421E-6 9.17667E-6 3.07099E-6 4.2943E-6 2.56298E-6 1.4123E-6 3.52769E-6 4.66185E-6 5.81495E-6 2.27167E-6 1.07471E-6 1.77302E-6 1.7568E-6 1.1006E-6 6.28569E-7 9.05487E-7 2.76592E-6 4.03345E-6 4.58679E-6 2.59803E-6 2.03996E-6 2.38059E-6 2.57914E-6 3.2772E-7 4.46123E-7 3.71431E-6 2.80493E-6 1.09394E-6 8.77925E-7 1.18321E-6 1.01091E-6 3.68876E-7 1.40823E-6 2.64846E-6 7.79695E-7 1.80026E-7 2.30192E-7 3.45463E-7 2.33226E-7 5.9825E-7 6.2887E-7 9.37737E-8 5.53362E-7 4.50048E-7 3.33554E-6 2.02422E-6 1.66783E-6 3.89391E-6 5.18892E-6 1.69755E-6 3.41853E-6 4.62228E-6 6.88624E-7 1.69795E-7 2.48192E-7 1.61906E-6 1.16899E-5 2.03791E-5 2.52212E-6 1.41055E-6 2.0297E-6 3.8204E-6 6.37456E-6
-9999 -9999 1.36072E-4 3.4383E-5 6.64298E-6 2.73446E-6 2.7688E-6 4.16278E-6 7.47918E-6 1.33746E-6 8.2578E-6 3.49801E-6 2.97826E-5 5.75168E-6 4.88879E-6 1.64149E-6 9.22204E-7 1.78222E-6 9.46148E-7 1.30732E-6 3.68895E-6 4.02198E-6 3.12733E-6 9.49181E-7 1.78159E-6 2.74529E-6 4.69219E-6 8.5705E-7 2.11442E-6 2.80762E-6 2.25601E-6 6.42437E-7 4.41124E-7 4.50902E-7 2.59219E-7 3.59561E-7 2.8377E-7 2.53157E-7 1.32719E-7 8.88774E-8 9.03705E-8 4.65728E-7 1.17169E-7 9.78182E-7 1.16219E-6 5.39691E-7 3.62142E-7 8.90597E-7 1.00343E-6 4.50854E-7 7.57164E-7 3.25403E-6 1.10958E-6 1.9919E-6 9.69258E-7 8.88014E-6 1.98856E-6 8.07919E-6 1.83981E-5 1.90066E-5 1.27311E-5 1.58296E-5 1.6408E-6 5.54765E-6 1.22645E-5 6.88559E-6
-9999 -9999 1.78509E-4 1.79475E-5 1.11946E-5 1.85991E-6 1.14818E-5 2.17819E-6 8.78614E-6 2.51378E-6 9.75087E-7 3.27516E-6 2.13673E-5 4.22789E-4 1.23805E-5 5.22306E-6 4.70795E-6 3.9805E-6 3.66349E-6 7.18536E-6 3.4049E-6 3.95005E-6 6.58327E-7 1.18039E-6 1.62574E-6 2.6648E-6 2.26927E-6 3.85682E-6 9.12261E-7 1.44427E-6 2.42342E-6 3.9659E-6 2.87003E-6 1.20801E-6 1.25705E-6 3.29796E-7 1.34179E-7 1.70585E-7 1.05141E-6 7.80863E-7 8.60398E-7 3.7553E-6 8.87156E-7 5.02785E-7 6.24663E-7 4.88444E-7 6.54835E-7 9.83918E-7 1.68382E-6 1.27898E-7 2.12828E-6 3.29183E-6 1.70236E-6 5.56856E-7 7.54466E-7 5.45639E-7 6.81756E-6 1.61185E-5 1.74263E-5 1.57701E-5 1.91747E-5 1.45669E-5 3.68817E-6 4.77337E-6 1.01217E-5 6.43722E-6
-9999 -9999 1.255E-4 7.56448E-5 4.27853E-5 2.01902E-5 2.55038E-6 1.89671E-6 6.45858E-6 5.90047E-6 1.9474E-6 5.07608E-6 7.30715E-6 4.11534E-5 3.82971E-6 6.31527E-6 3.04182E-6 3.40283E-6 1.98274E-6 6.71079E-6 9.04355E-6 2.32287E-6 1.19953E-6 2.9563E-6 2.2634E-6 3.37636E-6 1.84322E-6 3.72888E-6 1.18044E-6 1.14971E-6 3.91257E-6 2.52208E-6 3.58502E-6 1.64805E-6 4.97175E-7 4.56136E-7 3.35573E-7 3.34336E-7 7.49083E-7 2.69522E-7 3.54057E-7 4.49718E-7 2.57173E-6 4.72444E-6 1.94044E-6 1.4573E-6 4.50556E-7 5.80877E-7 3.53935E-7 1.84086E-6 1.68765E-6 7.15379E-7 2.85597E-7 6.79815E-7 1.3506E-7 4.13539E-7 1.78088E-6 1.60063E-5 1.01342E-5 3.79577E-6 2.64855E-6 2.37401E-6 8.22237E-6 7.47561E-6 4.47292E-6 3.53433E-6
-9999 -9999 8.9584E-5 4.61356E-5 6.51081E-6 2.82326E-5 6.02324E-6 6.47304E-6 1.96273E-6 7.11203E-6 3.52125E-6 7.17123E-6 8.22513E-7 3.02274E-7 1.8078E-6 2.0055E-6 1.38102E-6 1.2237E-6 1.70856E-6 1.06204E-6 9.72222E-7 3.774E-7 6.85098E-7 4.21924E-6 2.11561E-6 4.03703E-6 1.06781E-6 1.07716E-6 1.16785E-6 9.93459E-7 1.04626E-6 2.97828E-6 2.01016E-6 2.68383E-6 1.85813E-6 9.55756E-7 3.50579E-7 3.24047E-7 1.31818E-6 5.67182E-7 3.70597E-7 1.51382E-7 2.01266E-7 1.37971E-6 4.04575E-6 1.85582E-6 9.93214E-7 2.34243E-7 4.83774E-7 7.78979E-7 4.42549E-6 2.11284E-6 8.80049E-7 1.77674E-6 2.33768E-7 2.80731E-7 7.97092E-7 5.40319E-6 1.63821E-5 1.04512E-5 1.72699E-6 6.05065E-7 2.36404E-6 3.06088E-6 1.46751E-6 8.75434E-6
-9999 -9999 -9999 6.29251E-5 1.86393E-5 5.82695E-6 1.03271E-5 4.00591E-6 1.57066E-6 1.36813E-6 6.8978E-7 1.85443E-6 3.52201E-7 3.47891E-7 5.88905E-7 1.44957E-6 2.05142E-6 9.08395E-7 3.08051E-6 2.29362E-6 3.93756E-6 1.81823E-6 3.5643E-6 4.65901E-6 2.95954E-6 1.84307E-6 2.33915E-6 1.15911E-6 1.93107E-6 1.68866E-6 1.17676E-6 1.46256E-6 7.32245E-7 2.11043E-6 3.18157E-6 4.2115E-6 1.77608E-6 1.2448E-6 1.22903E-6 4.05417E-7 3.51425E-7 4.40446E-7 9.91567E-7 6.6296E-7 1.21616E-6 6.28998E-7 1.78041E-6 1.06991E-6 5.84584E-7 1.09706E-6 2.90711E-7 7.56946E-7 1.47477E-7 6.88883E-7 1.05166E-6 2.21709E-6 1.00684E-6 4.38609E-7 1.76094E-5 1.3422E-5 1.01746E-5 1.99159E-6 4.58531E-7 2.14364E-6 5.63109E-7 1.17348E-6
-9999 -9999 -9999 -9999 2.64563E-5 4.4401E-6 2.72213E-5 6.99472E-6 3.91021E-6 7.71896E-6 2.39717E-6 5.8779E-6 3.07969E-6 2.10481E-7 1.5548E-6 1.66814E-6 1.19189E-6 5.6911E-7 2.5403E-6 2.14547E-6 3.40845E-6 1.25295E-6 1.06982E-6 1.78092E-6 3.28536E-6 3.57139E-6 8.78716E-6 3.33326E-6 4.45317E-7 7.80848E-7 1.3999E-6 1.2405E-6 4.5444E-6 2.41289E-6 8.95445E-7 1.3574E-6 2.13491E-6 1.35543E-6 9.21813E-7 6.61069E-7 5.65991E-7 1.5981E-7 5.61434E-7 4.72989E-7 4.28839E-7 3.70011E-7 1.77425E-6 1.04036E-6 2.67464E-7 3.13496E-7 3.99661E-7 7.40818E-8 1.00529E-6 8.66049E-7 6.48534E-6 9.45879E-7 1.53645E-6 3.26617E-6 1.01434E-5 1.21432E-5 7.66515E-6 9.81522E-6 2.56755E-6 4.04727E-6 1.64909E-6 7.90923E-7
-9999 -9999 -9999 7.53542E-5 3.08297E-5 1.6274E-5 1.01122E-5 9.16506E-6 1.40784E-6 3.33924E-5 1.83838E-5 3.16613E-6 2.59016E-7 4.22352E-7 2.07858E-6 2.70196E-6 1.58942E-6 3.79092E-6 3.86731E-6 2.53113E-6 4.68088E-6 5.23225E-6 4.57271E-6 2.8871E-6 1.44247E-6 1.44981E-6 2.76E-6 9.46141E-6 9.17715E-7 1.31673E-6 4.31061E-6 1.76648E-6 6.41036E-7 1.37916E-6 9.3976E-7 2.68851E-6 6.89436E-7 1.36591E-6 8.07854E-7 9.99607E-8 1.87478E-7 7.49091E-7 4.27662E-7 3.23861E-7 7.84078E-7 1.61519E-7 7.2617E-7 6.65332E-7 3.63601E-7 1.68477E-7 9.66349E-7 3.77362E-7 1.57242E-7 6.95355E-7 4.37703E-6 1.22937E-6 2.59008E-7 2.63082E-7 2.04505E-6 1.51736E-5 7.91928E-6 3.86188E-6 3.71729E-6 2.95343E-6 3.886E-7 7.68858E-7
-9999 -9999 -9999 -9999 5.94657E-5 1.79502E-5 2.97633E-6 5.10573E-6 6.97405E-6 3.79965E-6 6.20789E-6 2.60917E-6 1.60006E-7 1.74252E-7 6.5985E-7 1.52072E-6 1.16386E-6 1.03481E-6 3.20044E-6 3.53395E-6 7.05949E-6 7.30249E-6 7.35889E-6 2.2354E-6 2.08562E-6 9.8005E-7 3.61648E-6 3.37324E-6 1.30029E-6 2.35881E-6 2.35343E-6 1.13234E-6 5.80569E-7 3.37424E-6 3.25104E-7 1.72089E-6 3.34539E-6 2.79507E-6 1.86711E-6 1.32852E-6 3.88361E-7 1.17509E-6 1.41586E-6 3.96503E-7 6.97768E-7 1.38967E-6 1.6674E-6 1.57334E-6 4.1488E-7 3.10778E-7 1.51952E-7 1.50812E-6 4.59771E-7 3.30656E-7 4.71151E-7 2.01517E-6 1.71165E-6 1.31819E-7 2.82307E-7 9.87265E-7 2.7324E-7 4.37803E-6 1.32217E-6 1.07093E-6 2.4566E-6 7.43281E-7
-9999 -9999 -9999 -9999 6.36051E-5 2.11014E-5 3.14113E-6 1.36605E-6 1.86309E-6 8.55241E-6 4.98319E-6 1.3668E-6 2.00281E-6 8.93805E-7 4.6276E-7 1.0446E-6 1.71848E-6 1.96828E-6 2.11677E-6 1.09372E-6 1.38132E-6 8.15281E-7 2.54199E-6 7.59134E-7 8.13709E-7 9.2457E-7 2.44916E-6 5.29446E-6 2.29704E-6 5.07703E-7 2.75648E-7 9.3373E-7 9.42715E-7 2.89376E-7 2.52908E-6 1.91402E-6 2.06957E-6 5.01281E-6 1.55423E-6 2.74052E-6 1.97641E-6 1.04336E-6 4.12821E-7 4.74195E-7 3.57945E-7 6.38765E-7 3.51845E-7 2.54697E-7 1.05038E-6 4.41392E-7 9.91426E-8 1.47252E-6 3.07389E-7 8.59087E-7 2.9797E-7 2.3374E-6 1.95361E-6 5.34738E-7 1.82098E-7 1.43438E-7 4.25294E-7 2.81259E-6 1.4449E-6 2.79089E-7 6.75983E-7 5.98126E-7
-9999 -9999 -9999 -9999 6.82613E-5 4.86878E-5 1.66947E-6 1.07491E-6 1.97656E-6 1.62202E-5 7.85731E-6 2.95479E-6 7.4022E-7 1.24955E-6 2.42401E-6 3.51103E-7 6.80677E-7 8.71551E-7 1.40934E-6 7.97056E-7 4.031E-7 8.52672E-8 2.94886E-7 1.0569E-6 2.12975E-6 1.66493E-6 2.96217E-6 7.08621E-6 1.23971E-6 9.01733E-7 1.40794E-6 1.37533E-6 4.27993E-6 5.86164E-7 4.10407E-6 1.50681E-6 1.96095E-6 3.43429E-6 2.811E-6 4.89065E-6 2.45386E-6 6.14097E-7 2.03669E-7 9.28821E-7 1.73594E-6 2.71388E-7 2.18598E-7 5.12379E-7 3.76443E-7 2.68315E-7 6.33873E-7 2.13735E-6 9.51226E-7 6.1029E-7 9.58522E-8 1.52266E-7 5.33214E-7 1.8938E-6 3.11785E-7 2.48305E-7 4.33785E-7 1.9551E-6 3.69452E-6 3.64895E-6 8.73083E-8 9.06934E-8
-9999 -9999 -9999 -9999 -9999 7.07585E-5 4.58398E-6 9.29917E-7 3.45581E-6 1.3846E-5 1.13622E-5 1.01344E-5 1.45387E-6 1.62175E-6 3.56147E-6 1.98651E-6 1.08481E-6 8.21628E-7 6.55735E-7 4.77416E-7 8.82725E-7 6.62999E-7 1.46202E-6 1.10223E-6 2.28426E-6 1.75299E-6 1.20162E-6 2.12548E-6 2.86843E-6 2.85679E-6 2.16782E-6 6.28446E-6 2.94261E-6 1.32484E-6 2.5086E-6 5.80338E-6 1.39119E-6 2.86198E-6 1.9453E-6 4.10235E-6 1.006E-6 1.82455E-6 2.9491E-6 2.81215E-6 9.55099E-7 2.54089E-7 2.26619E-7 1.49984E-7 9.93295E-8 9.42938E-7 9.25141E-7 6.21111E-7 2.08411E-6 1.0212E-6 9.85159E-7 3.93303E-7 4.693E-7 6.58981E-7 5.03932E-6 2.64278E-7 3.55852E-7 3.08932E-6 1.2368E-6 4.85118E-6 6.00604E-7 8.429E-8
-9999 -9999 -9999 -9999 -9999 3.33067E-5 7.76947E-6 1.63614E-6 1.97658E-6 3.57773E-6 3.11493E-5 2.28734E-5 7.84889E-6 9.14928E-7 6.18151E-7 8.86282E-7 2.05466E-6 3.56397E-7 5.38763E-7 1.00894E-6 6.72266E-7 5.5272E-7 3.23188E-6 3.52745E-6 4.15675E-6 3.18281E-6 1.53761E-6 3.47645E-6 4.05722E-6 4.02904E-6 3.04231E-6 1.01437E-5 3.6678E-6 1.76684E-6 4.22774E-6 4.09594E-6 1.00866E-5 1.83883E-6 1.52387E-6 1.9564E-7 8.64806E-7 8.94404E-7 1.976E-7 6.4156E-7 1.5107E-6 5.79446E-7 4.49317E-7 3.04103E-7 3.10545E-7 7.14585E-7 8.61377E-7 8.19264E-7 4.23882E-7 2.21947E-6 6.65005E-7 1.10256E-6 3.20065E-7 1.00199E-6 2.85963E-7 8.0083E-7 9.86169E-7 3.05088E-7 6.30516E-7 1.0902E-6 5.47565E-8 2.62574E-7
-9999 -9999 -9999 -9999 -9999 4.67909E-5 1.70338E-5 1.17536E-5 1.60852E-5 1.0064E-5 9.97251E-6 2.89833E-5 9.10399E-6 5.61554E-6 1.59211E-6 9.75367E-7 5.41448E-6 6.16906E-7 8.30199E-7 5.65729E-7 9.00565E-7 1.62021E-6 1.96907E-6 2.56681E-6 2.46309E-6 3.75645E-6 2.32344E-6 1.64489E-6 2.24248E-6 3.70579E-7 3.19965E-6 2.17029E-6 1.7772E-6 3.27863E-6 4.62235E-6 4.41427E-6 2.84274E-6 5.98946E-7 1.80983E-6 1.76647E-7 6.51737E-7 2.98684E-6 9.16551E-7 4.45733E-7 4.3932E-6 2.25597E-7 2.26659E-7 1.94445E-7 4.94915E-7 2.32133E-7 6.99057E-7 2.65666E-7 2.5472E-6 1.58347E-6 2.66144E-6 7.46376E-7 2.01229E-6 2.30155E-7 3.82971E-7 1.41327E-6 2.11394E-6 5.47633E-6 5.01408E-7 1.33982E-6 1.44867E-6 9.27736E-8
-9999 -9999 -9999 -9999 -9999 -9999 2.63896E-5 2.48183E-5 4.74305E-6 5.44238E-6 1.59935E-5 2.20192E-5 1.11332E-5 2.01247E-6 6.18574E-7 4.99672E-6 1.55756E-6 4.93708E-7 8.63651E-7 6.18052E-7 1.36494E-6 1.0418E-6 1.68123E-6 2.83617E-6 3.55853E-6 4.38559E-6 3.75495E-6 3.71593E-6 2.31651E-6 3.7001E-6 4.27717E-6 1.1025E-6 2.30277E-6 1.59901E-6 6.00419E-6 1.45203E-6 9.70515E-7 6.89019E-7 3.18006E-7 6.55806E-7 6.02274E-7 1.44896E-6 1.49272E-6 2.47914E-7 3.82223E-7 1.0742E-6 2.29983E-6 1.39884E-6 3.42236E-6 4.76653E-7 8.37467E-8 4.72355E-7 2.75486E-6 4.49245E-7 1.66404E-6 1.28801E-6 3.1801E-7 3.81602E-7 1.93032E-7 3.13784E-7 9.01083E-7 7.51853E-7 7.59417E-7 7.28334E-6 4.41353E-5 1.23918E-5
-9999 -9999 -9999 -9999 -9999 -9999 1.22572E-5 3.95075E-5 1.65835E-5 1.76647E-5 4.43742E-5 1.33033E-5 1.0937E-5 8.99319E-7 7.16084E-6 8.63539E-6 2.04683E-6 7.95058E-7 4.39622E-7 1.17905E-6 1.62998E-6 2.34953E-6 1.63178E-6 3.35204E-6 4.07816E-6 4.72094E-6 4.14618E-6 4.59231E-6 1.12015E-6 6.35919E-6 6.42585E-6 1.30533E-6 5.33838E-6 1.4429E-6 1.18622E-6 2.83398E-6 9.21643E-7 1.16176E-6 3.32528E-7 9.31565E-7 9.1181E-7 8.26107E-7 7.38993E-7 7.98629E-7 3.15276E-7 4.42242E-7 1.21699E-6 7.78277E-7 2.00232E-6 3.31788E-6 7.64858E-7 3.34204E-7 1.34785E-6 1.11846E-6 1.86776E-6 5.55952E-7 6.17889E-7 2.13591E-7 1.37E-7 4.02058E-7 6.67371E-7 8.90277E-7 1.33925E-6 7.1979E-6 7.93856E-4 2.692E-4
-9999 -9999 -9999 -9999 -9999 -9999 8.72583E-5 3.94662E-5 4.34558E-5 1.07283E-5 2.91011E-5 8.57143E-6 7.90969E-6 8.34232E-7 3.7382E-6 1.60856E-5 1.17807E-5 1.21039E-6 1.79036E-7 4.8055E-7 4.02951E-8 4.46827E-7 1.10244E-6 9.79448E-7 4.17557E-6 4.52718E-6 6.7697E-6 5.88108E-6 2.11023E-6 4.87839E-6 3.56096E-6 4.60127E-6 1.75029E-6 3.02445E-6 1.50914E-6 1.48182E-6 1.13535E-6 2.90013E-7 2.08508E-6 1.32092E-6 4.58483E-6 4.36129E-6 9.98553E-7 4.18396E-7 4.32389E-7 3.77802E-7 8.66093E-7 1.00558E-6 6.63443E-7 1.66147E-6 6.27056E-6 4.32573E-6 2.13497E-6 2.71522E-6 8.42205E-7 1.17706E-6 2.20364E-7 2.23072E-7 2.73081E-7 5.99063E-7 4.38193E-7 1.09313E-6 2.2903E-6 3.31532E-6 8.44192E-5 1.55682E-5
-9999 -9999 -9999 -9999 -9999 -9999 1.343E-4 7.75141E-5 4.08972E-5 5.02335E-5 4.37747E-5 1.09305E-5 7.8431E-6 4.04877E-6 4.96355E-7 9.66577E-7 1.02696E-5 3.9416E-6 4.80687E-7 1.82739E-7 1.05948E-7 8.66142E-7 2.56378E-7 7.30149E-7 5.31367E-7 2.49963E-6 5.37918E-6 6.25333E-6 5.09665E-6 4.89253E-6 6.44446E-6 5.18662E-6 4.87174E-6 4.15151E-6 3.53416E-6 2.28094E-6 3.07156E-6 6.09745E-7 7.44123E-7 1.82572E-6 5.43476E-6 6.39888E-6 2.06375E-6 1.3211E-6 4.52514E-8 2.16362E-7 3.07232E-7 3.59425E-7 1.21575E-6 8.88752E-6 1.12705E-5 6.34388E-6 2.2995E-6 7.58353E-7 3.25131E-7 9.86909E-7 2.33532E-6 2.77479E-7 2.61351E-7 6.46142E-7 1.19699E-7 1.21191E-6 2.72823E-6 5.88848E-6 4.35468E-6 5.20063E-6
-9999 -9999 -9999 -9999 -9999 -9999 2.89091E-4 6.04856E-5 5.08684E-5 4.49484E-5 3.08557E-5 1.32494E-5 6.08936E-6 6.12356E-6 1.97113E-6 1.14429E-6 8.16127E-6 1.95257E-5 3.04006E-6 8.9357E-7 3.83133E-7 4.33363E-7 2.95706E-7 1.34626E-7 4.03724E-7 3.30685E-6 5.31908E-6 5.34781E-6 5.98585E-6 4.15695E-6 4.64176E-6 6.49466E-6 4.79544E-6 4.04939E-6 2.93462E-6 5.12772E-6 3.59524E-6 1.74438E-6 2.09078E-6 3.12665E-6 5.27732E-6 5.49007E-6 2.25841E-6 1.42592E-6 7.85509E-7 5.44041E-6 1.19711E-5 3.37843E-6 5.07194E-6 5.92541E-6 7.77181E-6 6.56419E-6 5.82835E-7 2.93506E-7 1.05691E-6 1.75372E-6 8.88037E-6 1.23494E-6 2.52008E-7 3.20198E-7 1.08969E-7 7.65191E-7 4.60505E-6 2.90687E-6 3.45988E-6 7.9607E-7
-9999 -9999 -9999 -9999 -9999 -9999 -9999 7.8049E-5 5.54159E-5 4.32482E-5 4.16866E-5 3.4845E-5 3.07063E-5 1.491E-5 1.96601E-6 1.50194E-6 1.83896E-6 7.14817E-6 6.20778E-6 2.33049E-6 7.57631E-7 3.42239E-7 3.57447E-7 3.88388E-7 1.51284E-7 4.33409E-6 5.24032E-6 5.40587E-6 5.10323E-6 2.73415E-6 5.69497E-6 6.92651E-6 5.8366E-6 4.34964E-6 2.10001E-6 4.93577E-6 1.2025E-6 2.49194E-6 1.1501E-6 1.43649E-6 2.05185E-6 5.001E-6 7.36916E-6 7.21803E-7 1.00353E-6 5.56688E-7 3.12317E-6 1.44195E-6 9.67441E-7 4.12871E-6 3.48687E-6 3.7384E-6 7.49775E-7 1.55668E-6 1.69657E-6 6.11935E-6 1.02417E-5 3.70701E-6 9.17949E-7 1.17394E-6 4.77635E-6 3.43148E-6 4.66884E-6 2.63243E-6 1.40603E-6 1.57879E-6
-9999 -9999 -9999 -9999 -9999 -9999 -9999 5.85994E-5 8.11574E-5 4.58733E-5 4.20055E-5 2.95328E-5 1.83691E-5 1.7166E-5 6.5926E-6 1.10899E-5 3.16467E-6 1.00208E-5 9.81629E-6 2.85742E-6 1.40018E-6 2.78564E-6 3.01958E-7 1.08164E-7 1.30511E-6 1.43322E-6 3.52131E-6 5.17927E-6 9.22021E-7 2.47657E-6 3.95719E-6 4.80294E-6 5.05547E-6 6.57075E-6 6.26443E-6 1.36197E-6 3.24202E-6 5.9332E-6 2.3735E-6 9.12993E-7 7.99536E-7 3.85384E-6 2.2766E-6 1.54052E-6 7.54488E-7 1.79052E-7 2.25993E-6 8.2762E-7 9.78694E-7 6.64941E-7 8.60904E-7 2.59051E-6 2.29184E-6 2.34844E-6 5.87103E-6 6.77542E-6 4.78863E-6 4.64974E-6 1.47986E-6 2.10609E-6 1.76238E-6 7.57573E-6 1.9304E-6 2.60814E-6 2.93068E-6 1.66952E-6
-9999 -9999 -9999 -9999 -9999 -9999 -9999 5.19214E-5 2.22624E-5 3.98211E-5 3.26778E-5 1.99546E-5 1.42934E-5 1.08628E-5 6.86294E-7 1.29744E-6 5.40783E-6 2.05514E-5 1.95599E-5 8.40263E-6 1.04007E-6 1.01558E-5 3.9921E-6 1.27045E-6 5.35194E-8 1.97328E-6 3.98557E-6 3.23299E-6 1.12089E-6 6.6241E-7 6.64939E-7 4.5838E-6 4.99795E-6 3.21445E-6 6.33035E-6 4.68432E-6 2.91463E-6 2.11135E-6 5.17558E-6 2.23832E-6 1.08028E-6 4.62935E-7 8.66023E-7 3.69287E-7 1.41524E-7 7.03981E-7 7.53212E-6 3.37282E-6 4.36168E-7 9.98611E-6 1.2205E-6 1.54942E-6 8.46483E-7 1.5572E-6 1.09855E-5 1.17781E-5 3.32755E-6 8.59238E-6 3.08258E-6 5.4752E-7 1.06595E-6 4.18961E-7 1.63073E-6 4.40296E-6 5.42313E-6 3.83686E-6
-9999 -9999 -9999 -9999 -9999 -9999 -9999 1.01102E-4 6.42353E-5 3.15354E-5 3.33328E-5 1.65271E-5 1.55341E-5 1.74679E-5 1.25289E-5 1.6162E-5 6.82314E-6 2.22967E-6 5.86612E-7 1.60096E-6 2.06396E-6 2.41106E-6 1.93431E-6 3.10989E-6 2.95271E-6 2.06776E-6 1.02695E-6 2.1767E-6 3.79425E-6 3.86798E-7 8.85433E-7 2.82133E-6 1.80667E-6 2.66739E-6 2.43217E-6 3.14113E-6 2.19596E-6 2.63717E-6 1.41669E-6 1.30166E-6 1.59417E-6 1.27644E-6 1.69022E-6 4.8429E-7 3.3725E-7 1.90407E-6 1.31709E-6 4.10284E-7 1.00914E-6 4.65327E-6 1.15034E-5 4.0821E-6 4.45073E-6 2.66318E-6 9.64351E-6 4.97695E-6 5.31222E-6 9.11181E-6 2.109E-6 1.83636E-6 3.00761E-7 1.0532E-6 2.84213E-6 4.7296E-6 2.89509E-6 3.1579E-6
-9999 -9999 -9999 -9999 -9999 -9999 -9999 6.21426E-5 5.57903E-5 2.81741E-5 2.60639E-5 2.52646E-5 1.67932E-5 1.31428E-5 1.69158E-5 1.465E-5 5.76093E-5 1.22352E-5 2.29616E-5 1.49068E-5 1.41509E-5 1.05855E-5 3.95239E-6 2.86113E-6 2.45661E-6 1.72688E-6 2.14216E-6 3.48883E-6 1.46374E-6 9.66483E-7 2.68202E-6 4.41562E-6 3.48006E-6 5.47516E-6 6.32607E-6 2.75525E-6 1.26814E-6 8.67346E-7 3.27471E-7 5.28367E-7 6.54277E-7 4.59773E-7 2.53338E-7 1.5074E-6 2.91081E-6 2.67554E-6 1.75638E-6 7.6291E-6 5.35412E-6 1.1786E-5 1.32452E-5 1.18891E-5 6.09885E-6 1.00141E-5 1.36906E-5 3.05958E-6 7.1508E-6 2.2021E-6 1.6064E-6 1.78165E-6 6.76928E-7 2.35935E-7 7.55199E-6 2.43402E-6 3.12342E-6 5.77305E-6
-9999 -9999 -9999 -9999 -9999 -9999 -9999 9.65174E-5 8.14801E-6 3.33347E-5 3.25908E-5 2.78883E-5 1.30246E-5 9.71712E-6 1.95634E-5 2.15254E-5 1.24243E-5 1.01585E-6 1.37275E-6 1.09925E-5 5.46397E-6 7.72948E-6 2.87995E-6 1.7417E-6 2.56319E-6 7.78516E-6 2.98067E-6 4.31292E-6 6.39486E-6 2.8892E-6 1.68153E-6 2.50701E-6 8.48412E-7 3.9787E-6 2.97137E-6 2.28285E-6 9.38258E-7 1.15834E-6 1.50676E-6 1.91704E-7 2.56203E-7 1.87765E-6 2.39969E-6 1.24197E-5 3.23862E-6 6.32244E-6 4.28201E-6 2.18422E-6 4.14578E-6 1.00086E-5 1.26702E-5 1.21043E-5 1.18795E-5 7.78299E-6 8.16074E-6 1.06493E-5 7.80475E-6 4.14775E-6 3.54974E-6 7.01602E-6 9.69578E-6 2.2291E-6 2.23694E-6 3.86983E-6 3.69977E-6 3.27003E-6
-9999 -9999 -9999 -9999 -9999 -9999 -9999 5.93532E-5 6.40932E-6 1.84971E-5 3.00575E-5 1.87372E-5 9.65989E-6 4.86911E-6 1.08951E-5 1.0715E-5 3.24493E-5 4.76613E-6 3.57894E-6 8.47004E-6 2.17528E-6 3.69173E-6 2.5615E-6 8.6999E-6 3.76623E-6 5.57788E-6 7.77641E-6 3.4149E-6 5.8383E-6 4.33116E-6 8.77784E-6 2.09003E-6 1.01097E-6 3.2604E-6 3.54503E-6 4.58873E-6 3.98865E-6 5.00242E-6 3.46288E-6 4.77007E-6 2.06915E-7 1.70068E-6 1.11362E-6 5.31944E-6 2.09318E-6 3.03025E-6 7.76832E-6 6.32559E-6 8.96876E-6 1.15021E-5 1.22538E-5 1.12918E-5 1.12771E-5 7.75541E-6 1.19364E-5 1.38594E-5 5.98793E-6 1.11484E-5 9.89701E-6 2.97973E-6 2.1275E-6 1.35406E-6 6.4936E-6 1.53438E-6 2.964E-6 4.76357E-6
-9999 -9999 -9999 -9999 -9999 -9999 -9999 -9999 1.39385E-5 1.57449E-5 2.29046E-5 1.96061E-5 1.09914E-5 2.64362E-6 7.52163E-6 2.86846E-5 6.96004E-6 7.46934E-6 4.35251E-6 8.03841E-7 5.95625E-7 1.18589E-6 3.09223E-6 2.37334E-6 2.15027E-6 7.70514E-6 9.74159E-6 7.28093E-6 4.31531E-6 2.46359E-6 3.30529E-6 6.12985E-6 2.49304E-6 4.64671E-6 5.84073E-6 6.66172E-6 9.47102E-7 4.77248E-6 1.80237E-6 6.25401E-7 1.18512E-6 2.36409E-6 1.01701E-5 4.79597E-6 2.53952E-6 5.28134E-6 5.14478E-6 3.51369E-6 3.05345E-6 4.0373E-6 8.18359E-6 7.14586E-6 8.11521E-6 1.53263E-5 1.67182E-5 1.22243E-5 8.77338E-6 1.33114E-5 3.39861E-6 1.72905E-5 2.84206E-6 6.85693E-7 7.61862E-6 7.16211E-6 4.59486E-6 4.34611E-6
