catData/rasterBestHybridModels/Pviverrinus/RD_RM2_LQ/Pviverrinus_min.asc
ncols         409
nrows         350
xllcorner     60.897278365
yllcorner     5.843756025
cellsize      0.0892857
NODATA_value  -9999
[rows 58 to 86 of 350, columns 66 to 131 of 409]
-9999 -9999 -9999 -9999 -9999 -9999 -9999 -9999 -9999 -9999 -9999 -9999 -9999 -9999 -9999 -9999 -9999 -9999 -9999 -9999 -9999 -9999 -9999 -9999 -9999 -9999 -9999 1.31714E-8 3.25179E-8 5.01189E-8 4.7556E-8 2.67165E-8 6.9975E-8 4.37205E-8 6.51045E-9 1.01099E-7 1.06394E-6 2.37151E-6 4.17392E-6 5.54769E-6 5.82733E-6 6.53595E-6 7.15072E-6 7.7387E-6 1.04057E-5 1.34588E-5 1.72632E-5 1.83829E-5 1.13643E-5 9.38922E-6 9.33919E-6 7.82218E-6 7.45879E-6 7.12461E-6 7.30914E-6 7.42089E-6 7.52133E-6 7.43371E-6 7.6994E-6 8.07739E-6 1.0163E-5 2.04066E-5 2.33099E-5 1.93277E-5 2.1166E-5 2.08514E-5
-9999 -9999 -9999 -9999 -9999 -9999 -9999 -9999 -9999 -9999 -9999 -9999 -9999 -9999 -9999 3.47751E-10 -9999 -9999 -9999 5.27215E-10 7.4356E-10 -9999 -9999 -9999 -9999 -9999 5.15277E-9 4.49158E-9 1.00332E-8 3.24481E-8 2.99815E-8 3.97011E-8 4.71392E-8 7.57113E-9 5.88247E-9 7.73075E-9 6.30953E-7 2.11043E-6 3.94575E-6 5.56924E-6 5.91971E-6 6.45248E-6 6.86333E-6 8.29544E-6 1.20064E-5 1.44443E-5 1.6053E-5 1.85912E-5 1.04737E-5 9.42639E-6 9.42048E-6 8.96408E-6 7.48195E-6 6.67408E-6 7.41412E-6 7.38587E-6 6.64211E-6 6.79759E-6 7.49948E-6 7.84671E-6 1.3632E-5 1.65754E-5 2.02659E-5 1.92784E-5 1.53602E-5 1.63807E-5
-9999 -9999 -9999 -9999 -9999 -9999 -9999 -9999 -9999 -9999 -9999 -9999 -9999 -9999 3.89902E-10 3.98734E-10 3.18348E-10 3.59808E-10 5.1232E-10 6.53868E-10 7.60615E-10 1.0046E-9 -9999 -9999 -9999 -9999 2.09012E-9 2.14976E-9 1.23944E-8 2.44165E-8 3.12837E-8 2.87171E-8 8.30132E-9 4.22893E-9 9.47497E-9 1.18639E-9 2.885E-7 2.14557E-6 3.27317E-6 5.31442E-6 6.22307E-6 6.43471E-6 7.18103E-6 9.09553E-6 1.57378E-5 1.22737E-5 1.62264E-5 1.83634E-5 1.06176E-5 1.01772E-5 1.00067E-5 8.35501E-6 6.69684E-6 6.59773E-6 7.25101E-6 7.03299E-6 6.15485E-6 6.68178E-6 7.40733E-6 8.13909E-6 1.56479E-5 1.89564E-5 1.82488E-5 1.78838E-5 1.60762E-5 1.72854E-5
-9999 -9999 -9999 -9999 -9999 -9999 -9999 -9999 -9999 -9999 -9999 -9999 -9999 3.90575E-10 3.95211E-10 4.2679E-10 4.44036E-10 4.97827E-10 6.224E-10 7.76873E-10 7.54392E-10 9.87316E-10 1.62266E-9 -9999 2.30313E-9 2.21567E-9 1.19536E-9 3.46948E-9 1.23021E-8 1.1605E-8 1.92088E-8 1.34671E-8 1.38548E-9 2.09967E-9 5.61588E-9 1.08208E-10 1.18607E-7 1.03997E-6 2.18853E-6 4.36432E-6 5.98554E-6 6.31384E-6 7.34781E-6 9.29248E-6 1.18826E-5 1.72327E-5 2.0022E-5 1.38433E-5 1.0188E-5 1.05016E-5 9.46429E-6 7.57968E-6 6.47666E-6 6.76636E-6 7.1551E-6 7.1966E-6 6.93707E-6 7.08007E-6 7.57361E-6 1.07766E-5 1.84721E-5 1.77441E-5 1.87596E-5 1.90037E-5 1.60125E-5 1.85173E-5
-9999 -9999 -9999 -9999 -9999 -9999 -9999 -9999 -9999 -9999 -9999 2.78852E-10 2.6226E-10 2.95093E-10 2.96501E-10 3.02425E-10 3.60508E-10 4.27633E-10 4.78795E-10 7.25238E-10 7.1181E-10 9.25971E-10 1.50452E-9 1.23787E-9 8.38439E-10 1.2665E-9 2.19615E-9 4.80674E-9 6.87635E-9 8.97328E-9 1.59929E-8 8.02169E-9 1.38079E-9 2.92816E-9 2.84607E-9 7.13548E-10 6.42942E-8 6.65402E-7 1.66527E-6 3.68314E-6 5.69074E-6 5.99454E-6 7.22071E-6 8.83964E-6 1.22424E-5 1.85722E-5 1.75974E-5 1.34637E-5 1.18167E-5 1.05287E-5 6.98376E-6 6.41158E-6 6.62631E-6 6.69263E-6 6.89028E-6 7.14351E-6 7.38718E-6 7.39653E-6 7.98365E-6 1.29438E-5 1.55499E-5 1.78722E-5 1.53422E-5 1.6491E-5 1.85628E-5 2.24676E-5
-9999 -9999 -9999 -9999 -9999 -9999 -9999 -9999 -9999 2.61225E-10 1.85355E-10 1.60969E-10 1.68838E-10 2.23721E-10 2.46689E-10 2.30891E-10 2.69524E-10 3.80296E-10 5.42658E-10 7.52168E-10 6.21397E-10 8.28046E-10 1.00009E-9 5.09647E-10 9.53105E-10 1.11917E-9 1.44041E-9 5.28223E-9 1.1494E-8 1.4625E-8 1.18274E-8 3.52648E-9 1.41915E-9 2.59466E-9 3.1176E-9 3.04237E-9 2.13094E-8 4.67067E-7 1.70463E-6 3.53433E-6 5.16865E-6 5.68812E-6 7.0349E-6 8.66816E-6 1.45026E-5 1.66921E-5 1.54461E-5 1.25675E-5 1.03002E-5 1.00014E-5 6.56651E-6 6.45276E-6 6.70736E-6 6.66046E-6 6.61668E-6 6.73534E-6 6.87033E-6 7.16549E-6 8.06605E-6 1.43856E-5 1.48837E-5 1.46773E-5 1.47951E-5 1.69415E-5 2.00409E-5 2.23939E-5
-9999 -9999 -9999 -9999 -9999 -9999 -9999 -9999 -9999 -9999 -9999 1.75212E-10 1.74865E-10 2.1308E-10 2.59522E-10 2.78711E-10 3.22891E-10 4.28168E-10 5.98241E-10 6.52547E-10 4.72197E-10 7.67334E-10 5.19045E-10 6.49356E-10 1.04882E-9 1.16166E-9 2.81512E-9 9.31035E-9 1.57097E-8 1.14489E-8 5.53994E-9 2.8984E-9 2.099E-9 2.00337E-9 6.87577E-9 6.20794E-9 3.78412E-9 3.13395E-7 1.28487E-6 2.82862E-6 4.59092E-6 5.58963E-6 6.937E-6 8.74518E-6 1.56015E-5 1.64717E-5 1.41046E-5 1.00284E-5 9.06972E-6 9.45184E-6 7.53836E-6 6.31862E-6 6.49444E-6 6.44179E-6 6.45162E-6 6.45326E-6 6.53619E-6 6.76009E-6 8.09337E-6 1.36549E-5 1.37292E-5 1.53738E-5 1.3534E-5 1.64961E-5 1.76131E-5 1.85184E-5
5.89948E-10 4.7632E-10 3.78247E-10 -9999 -9999 -9999 -9999 -9999 1.87076E-10 1.34911E-10 1.41223E-10 1.29957E-10 1.40265E-10 1.7097E-10 2.04696E-10 2.54082E-10 2.89121E-10 2.65229E-10 2.24656E-10 2.89932E-10 4.23757E-10 4.86069E-10 6.17837E-10 8.31E-10 9.32648E-10 1.96547E-9 5.18052E-9 9.6532E-9 9.87125E-9 5.08351E-9 2.42855E-9 2.50149E-9 1.80803E-9 4.03394E-9 1.28705E-8 2.77819E-9 5.35471E-9 2.70749E-7 1.10847E-6 2.24938E-6 4.25603E-6 5.97301E-6 6.89597E-6 8.32454E-6 1.45425E-5 1.68476E-5 1.36664E-5 9.5575E-6 9.47308E-6 1.08035E-5 8.88462E-6 6.23022E-6 6.45418E-6 6.37273E-6 6.37949E-6 6.47699E-6 7.0293E-6 7.05907E-6 9.81857E-6 1.58868E-5 1.43503E-5 1.31139E-5 1.39583E-5 1.40574E-5 1.50311E-5 2.04533E-5
4.58348E-10 4.2088E-10 2.94183E-10 2.46782E-10 1.4813E-10 1.30434E-10 1.22427E-10 1.67744E-10 9.87004E-11 7.11474E-11 6.2207E-11 5.83918E-11 6.272E-11 1.01887E-10 1.28701E-10 1.63535E-10 1.92457E-10 2.09871E-10 2.34775E-10 3.65897E-10 7.25723E-10 9.97326E-10 1.03575E-9 8.09816E-10 7.30711E-10 2.17018E-9 6.93899E-9 9.61901E-9 6.99143E-9 2.97938E-9 2.27505E-9 2.28709E-9 1.77706E-9 6.44376E-9 2.90978E-8 1.04022E-8 2.50744E-8 2.90365E-7 9.75396E-7 2.21006E-6 4.02933E-6 5.61397E-6 6.59103E-6 8.3913E-6 1.42653E-5 1.63752E-5 1.40678E-5 1.10811E-5 8.36017E-6 1.13271E-5 8.34691E-6 6.08941E-6 6.30441E-6 6.3675E-6 6.44256E-6 6.74635E-6 7.14418E-6 7.94064E-6 1.2821E-5 1.72699E-5 1.32926E-5 1.44807E-5 1.3413E-5 1.31576E-5 1.48958E-5 1.80089E-5
1.90647E-10 1.50908E-10 1.28449E-10 1.06409E-10 1.06063E-10 1.14273E-10 1.17684E-10 1.256E-10 8.82148E-11 7.59552E-11 1.06817E-10 1.4013E-10 1.93547E-10 2.43063E-10 2.06739E-10 1.97352E-10 2.08999E-10 3.46153E-10 5.02372E-10 8.6265E-10 1.20139E-9 1.64867E-9 6.73872E-10 8.83664E-10 1.81513E-9 4.89388E-9 9.87691E-9 8.55371E-9 3.72984E-9 2.49709E-9 3.09625E-9 2.5384E-9 1.64572E-9 7.40338E-9 4.18651E-8 7.15464E-9 1.83114E-8 1.28851E-7 8.26556E-7 1.60801E-6 3.29242E-6 4.90196E-6 6.11891E-6 8.65341E-6 1.47841E-5 1.70594E-5 1.51008E-5 1.33553E-5 1.04701E-5 8.90833E-6 8.26866E-6 6.15773E-6 6.09058E-6 6.33605E-6 6.47787E-6 6.80941E-6 7.44872E-6 1.02716E-5 1.70098E-5 1.72715E-5 1.47383E-5 1.37555E-5 1.20631E-5 1.65265E-5 2.05799E-5 1.73421E-5
1.31473E-10 6.75047E-11 5.73731E-11 7.20742E-11 9.82772E-11 7.997E-11 7.17952E-11 1.04928E-10 6.96354E-11 4.0619E-11 3.71058E-11 6.511E-11 1.54852E-10 3.77867E-10 6.13544E-10 6.68497E-10 6.23149E-10 5.51017E-10 5.19542E-10 1.10848E-9 1.07142E-9 2.39046E-9 2.66086E-9 2.3461E-9 5.27821E-9 9.00012E-9 7.97498E-9 5.70494E-9 4.34018E-9 3.26662E-9 2.46104E-9 1.96828E-9 2.23305E-9 1.24501E-8 3.21568E-8 6.71131E-9 9.40844E-9 1.17169E-7 5.30343E-7 1.02608E-6 2.82796E-6 4.66901E-6 6.11466E-6 8.74362E-6 1.4403E-5 1.79092E-5 1.44156E-5 1.28455E-5 1.16639E-5 8.65944E-6 9.02668E-6 8.18664E-6 6.22066E-6 6.70483E-6 6.88101E-6 7.39625E-6 9.89399E-6 1.5931E-5 1.75093E-5 1.53924E-5 1.34066E-5 1.22038E-5 1.2771E-5 1.28476E-5 1.47373E-5 2.03536E-5
2.05835E-10 1.66281E-10 1.70905E-10 1.94425E-10 2.38992E-10 2.16509E-10 2.7952E-10 1.04464E-10 2.86954E-11 4.92374E-11 2.87626E-10 4.77514E-10 9.03658E-10 1.68014E-9 2.38747E-9 2.26991E-9 2.36133E-9 2.7804E-9 2.97151E-9 3.06599E-9 3.62024E-9 5.21558E-9 7.48509E-9 9.18004E-9 9.58035E-9 9.84679E-9 6.64678E-9 3.88209E-9 2.92908E-9 2.3527E-9 2.81989E-9 3.25293E-9 6.38102E-9 1.88872E-8 3.17291E-8 1.53854E-8 8.2233E-9 7.4065E-8 3.86445E-7 8.68322E-7 2.64546E-6 4.50702E-6 6.42124E-6 8.60816E-6 1.49331E-5 1.66757E-5 1.27051E-5 1.2713E-5 1.2672E-5 9.78904E-6 1.12168E-5 9.19594E-6 6.4397E-6 6.6755E-6 6.89365E-6 7.7951E-6 1.45292E-5 1.66242E-5 1.39828E-5 1.5854E-5 1.31707E-5 1.27219E-5 1.27585E-5 1.54401E-5 1.99974E-5 2.10182E-5
9.5396E-10 1.15918E-9 1.27001E-9 1.05568E-9 1.24411E-9 1.02189E-9 3.10595E-10 3.40003E-11 4.22479E-11 5.92912E-10 1.13466E-9 1.41124E-9 1.31495E-9 1.67127E-9 2.91263E-9 5.23551E-9 6.72118E-9 6.47596E-9 6.2955E-9 7.25112E-9 8.24111E-9 9.36678E-9 9.55866E-9 9.07692E-9 8.01289E-9 6.47425E-9 6.14567E-9 4.09292E-9 2.61559E-9 4.20941E-9 5.58693E-9 6.64388E-9 1.11696E-8 1.69779E-8 2.91926E-8 1.39868E-8 3.42723E-9 2.55884E-8 4.50866E-7 8.54923E-7 2.06679E-6 4.74E-6 6.15938E-6 8.31859E-6 1.54505E-5 1.73855E-5 1.3636E-5 1.11152E-5 1.06878E-5 1.09296E-5 1.16119E-5 9.84657E-6 7.50589E-6 6.34418E-6 6.91749E-6 1.16271E-5 1.48826E-5 1.39525E-5 1.73524E-5 1.65215E-5 1.47869E-5 1.18631E-5 1.3127E-5 1.42816E-5 1.95143E-5 2.18997E-5
8.16376E-9 8.6748E-9 9.07692E-9 9.4057E-9 1.83808E-9 4.44887E-10 2.98916E-10 1.85399E-10 2.14209E-10 1.92846E-10 1.78153E-10 1.48518E-10 1.64029E-10 1.48005E-10 3.97258E-10 1.80598E-9 4.74051E-9 7.17061E-9 8.40135E-9 9.16931E-9 8.9659E-9 9.36309E-9 9.13629E-9 6.95392E-9 5.44772E-9 6.48571E-9 8.57268E-9 9.64255E-9 9.70843E-9 9.77322E-9 7.1764E-9 8.65703E-9 1.76823E-8 2.49245E-8 6.40038E-8 2.6189E-8 1.16991E-8 3.84997E-8 5.83909E-7 9.66829E-7 2.09772E-6 4.48627E-6 6.59323E-6 8.16903E-6 1.4006E-5 1.71546E-5 1.40463E-5 1.14459E-5 1.05835E-5 1.08229E-5 1.12574E-5 8.49636E-6 7.80387E-6 6.85491E-6 9.5343E-6 1.57406E-5 1.31917E-5 1.4218E-5 1.58155E-5 1.37324E-5 1.35425E-5 1.30526E-5 1.62469E-5 2.0263E-5 2.32561E-5 2.26612E-5
6.2007E-9 5.67252E-9 4.78856E-9 2.44506E-9 9.54278E-10 9.74054E-10 4.70368E-10 1.50863E-10 6.68974E-11 3.54218E-11 2.87129E-11 5.832E-11 1.02301E-10 1.65489E-10 4.51589E-10 8.68303E-10 1.10189E-9 1.81018E-9 2.60735E-9 3.20907E-9 3.7435E-9 3.91386E-9 5.4275E-9 7.64479E-9 6.91718E-9 1.0211E-8 1.70135E-8 1.51231E-8 1.19292E-8 1.26589E-8 1.12073E-8 1.7894E-8 3.34444E-8 3.64331E-8 6.5111E-8 9.0809E-8 5.06853E-8 1.02224E-7 6.00836E-7 1.39E-6 1.97228E-6 3.26362E-6 6.37026E-6 7.84827E-6 1.3509E-5 1.70276E-5 1.57964E-5 1.38435E-5 1.17107E-5 9.17998E-6 9.93591E-6 7.64231E-6 7.95258E-6 8.40551E-6 1.28188E-5 1.40465E-5 1.47995E-5 1.63552E-5 1.43435E-5 1.26887E-5 1.24014E-5 1.57143E-5 1.8491E-5 1.80556E-5 1.96606E-5 2.11209E-5
5.64215E-9 4.71552E-9 2.96489E-9 1.355E-9 1.08821E-9 5.04765E-10 2.42144E-10 1.82658E-10 8.61389E-11 7.79606E-11 4.75814E-11 5.47998E-11 1.38143E-10 3.03247E-10 6.17094E-10 1.11712E-9 1.41817E-9 1.76432E-9 1.85055E-9 2.52423E-9 3.49637E-9 4.5753E-9 7.30904E-9 1.32202E-8 1.99733E-8 2.31391E-8 2.05421E-8 2.25169E-8 2.15154E-8 1.73868E-8 1.82229E-8 2.48599E-8 3.08563E-8 2.85813E-8 3.01257E-8 4.92304E-8 2.60911E-8 1.32282E-7 5.71779E-7 1.08211E-6 1.59767E-6 3.30173E-6 6.15339E-6 8.67193E-6 1.36379E-5 1.62236E-5 1.61228E-5 1.27841E-5 1.0116E-5 9.84027E-6 7.0877E-6 7.24042E-6 7.90782E-6 1.23163E-5 1.35451E-5 1.67314E-5 1.84266E-5 1.74484E-5 1.49713E-5 1.81635E-5 1.80632E-5 1.73692E-5 1.93822E-5 1.98938E-5 2.0569E-5 2.1155E-5
3.82238E-9 3.5247E-9 2.97752E-9 1.17166E-9 6.98738E-10 5.2836E-10 3.11603E-10 2.32017E-10 3.17696E-10 1.03188E-10 4.04537E-11 2.60552E-11 3.61836E-11 1.21704E-10 4.18125E-10 1.01075E-9 1.96168E-9 3.76428E-9 6.53325E-9 9.79428E-9 1.12814E-8 1.34622E-8 2.24267E-8 2.77611E-8 3.03525E-8 3.68619E-8 3.68025E-8 2.90539E-8 2.50346E-8 1.92664E-8 1.79778E-8 2.00274E-8 2.18076E-8 2.80815E-8 3.48791E-8 3.34753E-8 5.66725E-8 6.74508E-8 2.88253E-7 8.13975E-7 1.45582E-6 3.39067E-6 5.99976E-6 9.15394E-6 1.40036E-5 1.65151E-5 1.82114E-5 1.57025E-5 1.091E-5 9.20702E-6 7.31212E-6 7.54172E-6 9.04909E-6 1.52517E-5 1.74893E-5 1.89252E-5 1.78782E-5 1.52544E-5 1.46103E-5 1.85614E-5 1.91172E-5 1.73582E-5 2.01751E-5 1.93796E-5 1.91796E-5 1.86927E-5
2.8201E-9 3.28714E-9 1.01165E-9 2.48326E-10 1.44223E-10 1.05216E-10 5.26275E-10 1.23325E-9 7.61006E-10 1.36247E-10 1.86553E-10 1.62462E-10 1.6642E-10 3.06208E-10 5.73143E-10 1.30092E-9 2.30105E-9 3.8289E-9 6.67725E-9 1.27801E-8 1.91149E-8 2.50228E-8 3.19507E-8 3.27876E-8 3.50579E-8 4.65298E-8 2.97206E-8 3.9199E-8 3.47566E-8 2.80579E-8 2.08698E-8 1.95806E-8 1.54308E-8 1.80646E-8 3.19229E-8 2.02492E-8 4.68499E-8 1.27882E-8 3.04083E-7 8.64099E-7 1.87397E-6 4.24373E-6 6.74637E-6 1.06488E-5 1.67015E-5 1.78031E-5 1.96231E-5 1.70954E-5 1.46748E-5 1.004E-5 8.90283E-6 1.03576E-5 1.51171E-5 1.8893E-5 1.85037E-5 1.85516E-5 1.56986E-5 1.53529E-5 1.31904E-5 1.52944E-5 1.53308E-5 1.69695E-5 1.7884E-5 1.81494E-5 1.84244E-5 1.72958E-5
1.84553E-9 2.91503E-9 2.39339E-9 8.82286E-10 1.53189E-10 1.28609E-11 4.53585E-10 2.14684E-9 5.15931E-9 1.88944E-9 4.66532E-9 6.28222E-9 2.19839E-9 1.24745E-9 1.25674E-9 2.04142E-9 4.32853E-9 7.7351E-9 1.26715E-8 2.05793E-8 2.12229E-8 2.52203E-8 3.7093E-8 4.802E-8 5.28525E-8 8.9989E-8 6.3263E-8 4.57327E-8 3.50063E-8 2.92479E-8 2.18821E-8 2.12395E-8 1.64681E-8 1.29484E-8 3.23686E-8 3.16649E-8 2.65166E-8 2.22117E-8 5.28732E-7 1.05909E-6 2.20388E-6 5.14555E-6 8.35831E-6 1.29514E-5 1.74056E-5 1.79462E-5 1.70826E-5 1.63681E-5 1.59313E-5 1.41781E-5 1.4812E-5 1.55181E-5 1.51682E-5 1.74487E-5 1.85892E-5 1.86302E-5 1.31753E-5 1.25813E-5 1.58437E-5 1.52393E-5 1.46909E-5 1.50126E-5 1.53955E-5 1.17623E-5 1.42677E-5 1.61112E-5
1.26618E-9 2.01349E-9 1.59522E-9 4.19643E-10 2.65377E-10 1.1981E-10 1.00875E-9 4.79279E-9 1.46447E-8 5.28359E-8 5.13779E-8 4.16844E-8 3.57568E-8 2.13431E-8 5.42851E-9 2.14009E-9 3.68004E-9 1.09019E-8 2.51276E-8 6.0978E-8 6.71262E-8 4.9974E-8 6.68486E-8 1.11939E-7 1.17491E-7 1.04759E-7 7.85814E-8 5.19535E-8 5.086E-8 5.14163E-8 3.08862E-8 1.49845E-8 1.25894E-8 1.78278E-8 4.35515E-8 6.32029E-8 1.49067E-8 4.6827E-8 8.63281E-7 1.86896E-6 3.31987E-6 5.88854E-6 9.60833E-6 1.53449E-5 1.82345E-5 1.68834E-5 1.64319E-5 1.58449E-5 1.43954E-5 1.2785E-5 1.59832E-5 1.39921E-5 1.41477E-5 1.65121E-5 1.85673E-5 1.52683E-5 1.29496E-5 1.2311E-5 1.38328E-5 1.34168E-5 1.24379E-5 1.30856E-5 1.41429E-5 1.39603E-5 1.36033E-5 1.37578E-5
7.5451E-10 1.37652E-9 8.58826E-10 3.53234E-10 3.56019E-10 6.10415E-10 3.31389E-9 1.4446E-8 5.50678E-8 1.6684E-7 1.32709E-7 1.52845E-7 1.68056E-7 1.6841E-7 6.0904E-8 1.57119E-8 8.11798E-9 6.28119E-9 1.95171E-8 5.10917E-8 9.21588E-8 8.8742E-8 9.84562E-8 1.29401E-7 1.14501E-7 1.28495E-7 1.29509E-7 7.80226E-8 5.73338E-8 4.24917E-8 1.97836E-8 1.31001E-8 1.8333E-8 3.74789E-8 6.51817E-8 5.88631E-8 1.26417E-8 1.43426E-7 1.10083E-6 2.64853E-6 4.59782E-6 6.63055E-6 9.73693E-6 1.41506E-5 1.62818E-5 1.56541E-5 1.65718E-5 1.51596E-5 1.35434E-5 1.42359E-5 1.6169E-5 1.77813E-5 1.89183E-5 1.83954E-5 1.58947E-5 1.35982E-5 1.46118E-5 1.39201E-5 1.45505E-5 1.50096E-5 1.4372E-5 1.631E-5 1.55043E-5 1.57363E-5 1.73036E-5 1.75446E-5
9.50383E-10 1.32521E-9 1.2743E-9 1.07546E-9 1.1689E-9 1.43792E-9 3.60797E-9 3.76097E-8 2.50252E-7 4.89771E-7 4.32141E-7 4.79681E-7 4.05685E-7 5.29393E-7 5.55127E-7 2.46358E-7 5.83423E-8 1.5233E-8 2.70275E-8 6.93932E-8 1.08151E-7 1.19583E-7 1.19009E-7 1.06481E-7 6.93517E-8 6.92152E-8 5.5664E-8 4.22044E-8 3.75216E-8 2.88975E-8 2.41245E-8 2.96806E-8 3.55333E-8 4.25714E-8 5.88818E-8 2.39176E-8 2.2456E-8 5.71431E-7 1.82319E-6 3.62658E-6 4.80132E-6 6.98745E-6 1.30694E-5 1.59948E-5 1.77179E-5 1.62744E-5 1.62272E-5 1.51054E-5 1.51104E-5 1.59401E-5 1.87122E-5 1.92031E-5 1.91447E-5 1.67151E-5 1.34615E-5 1.5986E-5 1.65477E-5 1.73397E-5 1.69204E-5 1.67173E-5 1.59805E-5 1.57149E-5 1.80603E-5 1.78675E-5 1.29928E-5 1.3762E-5
2.20249E-9 1.89558E-9 1.52686E-9 1.52218E-9 3.5251E-9 1.95053E-8 2.57437E-8 9.45692E-8 1.77683E-7 8.05829E-7 9.08116E-7 1.09141E-6 9.53512E-7 9.39873E-7 9.58418E-7 3.50999E-7 9.93136E-8 6.3805E-8 1.07068E-7 1.10091E-7 1.22679E-7 1.60825E-7 1.10081E-7 7.63873E-8 3.72797E-8 4.85255E-8 4.52228E-8 3.16876E-8 2.47929E-8 3.03117E-8 5.70131E-8 5.90513E-8 5.12431E-8 4.93875E-8 5.3475E-8 1.35532E-8 6.56683E-8 1.35226E-6 3.33011E-6 4.51727E-6 5.53289E-6 8.74492E-6 1.41967E-5 1.6738E-5 1.85151E-5 1.73724E-5 1.64361E-5 1.65057E-5 1.63357E-5 1.79049E-5 1.569E-5 1.67831E-5 1.53047E-5 1.6538E-5 1.61662E-5 1.6828E-5 1.71982E-5 1.74999E-5 1.76315E-5 1.69404E-5 1.39992E-5 1.68404E-5 1.64551E-5 1.33705E-5 1.60555E-5 1.59299E-5
1.71114E-9 1.20919E-9 1.06845E-9 1.23998E-9 5.55297E-9 5.27456E-8 3.06354E-7 4.28604E-7 3.63373E-7 8.08864E-7 9.31346E-7 1.33951E-6 1.61145E-6 1.6825E-6 1.56534E-6 1.13115E-6 6.98037E-7 2.69069E-7 2.82684E-7 2.92448E-7 9.14048E-8 1.07247E-7 9.73559E-8 7.21966E-8 5.96188E-8 6.48863E-8 4.96037E-8 5.38075E-8 7.25337E-8 1.08011E-7 1.15513E-7 6.75044E-8 1.02407E-7 1.01972E-7 4.42029E-8 4.46517E-8 5.43062E-7 2.61596E-6 4.53629E-6 5.21613E-6 7.08426E-6 1.22094E-5 1.53088E-5 1.67637E-5 1.84832E-5 1.80638E-5 1.70524E-5 1.65893E-5 1.67329E-5 1.6736E-5 1.71887E-5 1.36999E-5 1.47521E-5 1.48949E-5 1.65504E-5 1.48617E-5 1.63051E-5 1.64523E-5 1.74882E-5 1.83217E-5 1.37759E-5 1.339E-5 1.20438E-5 1.2848E-5 1.2066E-5 1.30993E-5
1.058E-9 7.09957E-10 1.16407E-9 1.50221E-9 4.11538E-9 4.45665E-8 6.99464E-7 1.21233E-6 9.03061E-7 1.26482E-6 1.65132E-6 1.62135E-6 1.94278E-6 1.7128E-6 1.56349E-6 1.84842E-6 1.41264E-6 8.14207E-7 1.86957E-7 2.22345E-7 7.31636E-8 1.05288E-7 1.78968E-7 1.25934E-7 8.52991E-8 1.06529E-7 9.12903E-8 1.17571E-7 1.73256E-7 1.79662E-7 1.46851E-7 1.37503E-7 1.62503E-7 9.11126E-8 4.65046E-8 9.88688E-8 2.01794E-6 4.00177E-6 4.74124E-6 5.67297E-6 8.89861E-6 1.37211E-5 1.59761E-5 1.67959E-5 1.51635E-5 1.79622E-5 1.70774E-5 1.68296E-5 1.52083E-5 1.53061E-5 1.47396E-5 1.47305E-5 1.63161E-5 1.54579E-5 1.52547E-5 1.14767E-5 1.47637E-5 1.61383E-5 1.86196E-5 1.74514E-5 1.29454E-5 1.16944E-5 1.52289E-5 1.42223E-5 1.11131E-5 1.23768E-5
6.40453E-10 5.67548E-10 1.43937E-9 2.34343E-9 6.72133E-9 1.6932E-7 6.50798E-7 1.68498E-6 1.41274E-6 2.1275E-6 2.45222E-6 2.82986E-6 2.90234E-6 2.68568E-6 2.43742E-6 2.02182E-6 1.68345E-6 1.54438E-6 5.86011E-7 3.91466E-7 3.3902E-7 2.60488E-7 2.26677E-7 1.27392E-7 1.32462E-7 1.61016E-7 1.29828E-7 1.04612E-7 1.52367E-7 1.76749E-7 1.73974E-7 1.84857E-7 1.22454E-7 1.17842E-7 2.04688E-7 2.05545E-7 2.92859E-6 5.15618E-6 5.84498E-6 8.52724E-6 1.47028E-5 1.56803E-5 1.675E-5 1.87473E-5 1.9148E-5 1.76478E-5 1.7187E-5 1.41655E-5 1.52578E-5 1.54411E-5 1.28832E-5 1.28968E-5 1.18083E-5 1.23521E-5 1.30181E-5 1.5012E-5 1.68291E-5 1.63046E-5 1.61986E-5 1.49508E-5 1.20469E-5 1.35306E-5 1.02653E-5 8.34894E-6 7.65505E-6 7.91428E-6
5.32561E-10 4.17006E-10 8.21897E-10 2.00655E-9 3.50073E-9 1.06872E-7 2.8219E-7 1.31786E-6 2.27232E-6 2.85327E-6 2.93801E-6 3.24212E-6 3.27125E-6 3.294E-6 3.12343E-6 2.77653E-6 1.94095E-6 7.23551E-7 4.26634E-7 2.48274E-7 1.35742E-7 9.89722E-8 1.78304E-7 1.83876E-7 1.96062E-7 1.85253E-7 1.6794E-7 1.75455E-7 1.36493E-7 1.30319E-7 2.52367E-7 3.49047E-7 2.90642E-7 2.75125E-7 9.42234E-8 1.26344E-6 4.21241E-6 6.95631E-6 8.28586E-6 9.10274E-6 1.63223E-5 1.80025E-5 1.81228E-5 1.75034E-5 1.89403E-5 1.82041E-5 1.60841E-5 1.51939E-5 1.78945E-5 1.2963E-5 1.28723E-5 1.23006E-5 1.50913E-5 1.58341E-5 1.40357E-5 1.63343E-5 1.70517E-5 1.60021E-5 1.37492E-5 1.10415E-5 9.2409E-6 7.53487E-6 6.95043E-6 6.9621E-6 7.32918E-6 8.06925E-6
2.52344E-10 2.65266E-10 7.24153E-10 8.08504E-10 5.71479E-9 9.57523E-9 5.57511E-8 1.55862E-6 2.60721E-6 3.06029E-6 2.98755E-6 3.16698E-6 3.19337E-6 3.13495E-6 3.03991E-6 2.67496E-6 2.2476E-6 1.31894E-6 1.37378E-6 1.03205E-6 2.89838E-7 1.7741E-7 2.2626E-7 2.18615E-7 2.36554E-7 2.15757E-7 1.94551E-7 1.3912E-7 1.43993E-7 2.89768E-7 4.48288E-7 4.40306E-7 4.21201E-7 1.75439E-7 1.1514E-7 2.13024E-6 3.8066E-6 6.35556E-6 7.93277E-6 1.04895E-5 1.75027E-5 1.78872E-5 1.83983E-5 1.9378E-5 1.91251E-5 1.33735E-5 1.65868E-5 1.42612E-5 1.71318E-5 1.43007E-5 1.48036E-5 1.67514E-5 1.50267E-5 1.26E-5 1.13244E-5 1.21095E-5 1.34847E-5 1.14628E-5 9.41745E-6 7.54057E-6 6.70298E-6 6.66454E-6 6.68933E-6 6.79963E-6 7.17677E-6 7.58144E-6
7.07863E-10 1.71144E-9 3.10292E-9 2.80337E-9 5.53202E-9 5.58615E-9 1.08124E-7 1.99657E-6 2.97072E-6 2.94792E-6 3.11167E-6 3.39551E-6 3.29162E-6 3.2866E-6 3.20078E-6 2.82801E-6 2.02004E-6 1.74922E-6 1.64245E-6 1.36044E-6 6.15841E-7 3.41706E-7 4.96602E-7 3.91415E-7 2.54746E-7 2.32044E-7 2.0571E-7 2.19984E-7 3.14435E-7 3.38325E-7 2.4199E-7 3.01053E-7 4.03833E-7 3.93433E-7 6.76549E-7 1.89345E-6 3.31526E-6 5.60591E-6 7.43146E-6 1.59667E-5 1.76935E-5 1.75415E-5 1.83775E-5 1.75128E-5 1.66897E-5 1.45393E-5 1.78386E-5 1.40555E-5 1.35024E-5 1.38487E-5 1.43208E-5 1.24028E-5 1.40065E-5 1.12599E-5 1.26131E-5 9.65283E-6 9.69643E-6 7.67562E-6 7.63332E-6 6.7099E-6 6.59626E-6 6.71954E-6 6.75462E-6 6.826E-6 6.88059E-6 6.95748E-6
