catData/rasterBestHybridModels/Pviverrinus/RD_RM2_LQ/Pviverrinus_median.asc
ncols         409
nrows         350
xllcorner     60.897278365
yllcorner     5.843756025
cellsize      0.0892857
NODATA_value  -9999
[rows 145 to 173 of 350, columns 264 to 329 of 409]
2.15693E-5 2.72517E-5 2.25779E-5 2.38481E-5 1.62954E-5 1.34347E-5 4.78457E-6 3.84031E-6 1.59359E-5 4.49416E-6 2.67014E-6 1.55802E-6 1.63139E-5 1.79659E-5 9.13879E-6 8.41033E-6 6.24166E-6 8.21905E-6 1.14978E-5 1.47965E-5 9.08499E-6 1.33991E-5 6.44322E-6 4.96773E-5 5.67444E-5 7.13827E-5 1.96458E-5 7.84778E-5 8.09268E-5 1.06367E-4 1.21195E-4 1.63885E-4 2.06502E-4 2.23744E-4 2.14853E-4 2.93246E-4 2.97E-4 4.11434E-4 4.58698E-4 4.59552E-4 4.02146E-4 4.67054E-4 5.90513E-4 6.99757E-4 6.2558E-4 6.46353E-4 6.46899E-4 5.61134E-4 4.88531E-4 4.99065E-4 6.92675E-4 9.36511E-4 9.75404E-4 7.05326E-4 7.42202E-4 7.71329E-4 8.80116E-4 1.04117E-3 6.39011E-4 5.34058E-4 9.68156E-4 1.1668E-3 1.19371E-3 1.20767E-3 9.66471E-4 9.878E-4
1.94864E-5 1.41856E-5 1.88015E-5 1.31924E-5 1.45872E-5 9.00535E-6 1.39672E-5 1.44425E-5 1.38259E-5 1.0455E-6 1.87361E-6 5.09658E-6 1.0421E-5 1.5896E-5 9.6189E-6 6.19864E-6 6.2421E-6 1.51975E-5 3.54318E-5 3.61462E-5 1.36064E-5 1.86106E-5 1.37603E-5 3.79637E-5 4.79253E-5 7.2039E-5 2.09635E-5 7.09429E-5 3.72437E-5 3.1166E-5 1.2331E-4 1.28595E-4 1.14867E-4 1.63892E-4 2.7329E-4 2.98368E-4 3.47996E-4 3.44978E-4 4.2659E-4 4.19665E-4 3.73537E-4 5.08845E-4 6.27766E-4 5.30974E-4 5.86466E-4 5.86065E-4 6.21107E-4 5.66682E-4 7.15238E-4 6.26121E-4 7.49302E-4 5.77139E-4 5.6876E-4 1.02889E-3 1.39704E-3 9.62423E-4 9.70282E-4 8.86246E-4 1.12491E-3 8.0059E-4 9.50757E-4 1.12448E-3 1.29341E-3 1.32122E-3 1.20865E-3 1.26912E-3
2.06687E-5 2.07541E-5 8.6771E-6 7.62759E-6 1.23168E-5 9.59798E-6 7.84791E-6 5.34776E-6 1.03503E-5 6.75637E-6 9.23535E-6 1.60438E-5 1.61515E-5 9.4735E-6 1.39325E-5 2.18048E-5 3.17729E-5 1.24777E-5 3.47708E-5 4.44823E-5 4.81949E-5 5.18262E-5 5.03484E-5 4.00628E-5 2.93234E-5 5.57087E-5 4.99563E-5 4.95269E-5 8.0464E-5 7.52209E-5 1.0941E-4 1.27736E-4 1.61407E-4 2.52385E-4 2.58268E-4 3.08732E-4 3.56573E-4 3.99593E-4 4.15186E-4 4.37846E-4 3.67467E-4 4.65832E-4 5.079E-4 4.50156E-4 5.23855E-4 5.47919E-4 5.99614E-4 5.9774E-4 5.50513E-4 5.939E-4 5.88186E-4 7.71271E-4 5.42062E-4 4.78936E-4 6.80127E-4 9.23323E-4 8.44658E-4 9.94056E-4 6.79571E-4 5.23269E-4 7.96871E-4 1.00342E-3 1.26022E-3 1.40166E-3 1.21147E-3 1.42764E-3
8.50787E-6 4.913E-6 5.54522E-6 1.51413E-6 4.35182E-6 3.2869E-6 3.63425E-6 6.54007E-6 6.553E-7 4.20657E-6 1.23261E-5 1.45022E-5 1.618E-5 2.43046E-5 2.93998E-5 5.06337E-5 5.37043E-5 2.93041E-5 2.46075E-5 9.89866E-5 9.60357E-5 1.13412E-4 1.17978E-4 7.32148E-5 7.82784E-5 1.06244E-4 1.4272E-4 4.79137E-5 5.16768E-5 7.21562E-5 1.52679E-4 1.66511E-4 1.24686E-4 2.02022E-4 2.71133E-4 2.92991E-4 3.13061E-4 3.82285E-4 3.79005E-4 3.45243E-4 4.10314E-4 3.50469E-4 3.78051E-4 3.83962E-4 3.98826E-4 4.92377E-4 5.5671E-4 5.70834E-4 5.63732E-4 5.76746E-4 5.33509E-4 7.80642E-4 8.23597E-4 7.1051E-4 8.76212E-4 6.97107E-4 8.68017E-4 6.83155E-4 1.10369E-3 9.84163E-4 8.705E-4 1.03814E-3 1.26779E-3 1.50084E-3 1.48603E-3 3.23378E-3
2.01444E-5 5.33973E-6 1.06213E-5 3.40608E-6 4.69542E-6 4.28578E-6 1.11731E-5 1.07552E-5 1.57751E-5 1.15152E-5 5.67613E-6 1.54384E-5 8.44486E-6 1.31704E-5 2.44526E-5 1.20215E-5 3.5692E-5 2.71359E-5 7.39206E-5 7.44356E-5 7.83269E-5 1.6316E-4 2.72633E-4 1.02994E-4 1.0951E-4 1.20295E-4 1.87221E-4 1.59147E-4 1.63145E-4 1.57706E-4 2.21711E-4 1.3815E-4 2.24797E-4 2.60705E-4 2.63684E-4 2.8701E-4 3.09462E-4 2.94842E-4 3.6077E-4 4.37348E-4 4.29347E-4 3.9013E-4 4.64443E-4 4.85682E-4 3.91379E-4 3.75822E-4 5.077E-4 4.71501E-4 4.76181E-4 5.72188E-4 5.115E-4 6.23192E-4 7.59959E-4 7.57474E-4 7.66892E-4 8.72132E-4 8.59306E-4 9.72815E-4 9.19406E-4 3.83458E-4 8.64035E-4 9.67837E-4 7.65295E-4 1.6564E-3 2.97672E-3 9.06477E-3
8.85239E-6 1.00099E-5 8.40807E-6 7.75187E-6 1.22665E-5 8.05978E-6 7.26528E-6 4.75677E-6 9.49456E-6 2.19602E-5 1.39327E-5 1.69658E-5 2.69967E-6 7.67145E-6 2.34612E-5 2.34969E-5 3.38341E-5 4.22108E-5 6.36407E-5 7.51097E-5 7.31706E-5 8.82348E-5 1.54138E-4 1.29649E-4 9.52337E-5 1.19077E-4 1.2773E-4 1.61665E-4 1.55225E-4 1.83343E-4 1.78537E-4 2.50864E-4 2.38865E-4 2.51026E-4 2.74582E-4 3.09541E-4 3.42822E-4 3.41807E-4 3.89713E-4 3.29157E-4 3.29594E-4 3.49979E-4 3.98592E-4 4.49194E-4 4.2752E-4 3.01917E-4 4.67566E-4 5.33817E-4 5.76767E-4 5.84488E-4 4.63539E-4 5.57156E-4 5.63129E-4 6.47993E-4 7.74999E-4 7.61373E-4 9.19875E-4 8.446E-4 1.05323E-3 1.01854E-3 7.90054E-4 6.97978E-4 5.94396E-4 1.38351E-3 1.2745E-3 2.90631E-3
9.47968E-6 7.30484E-6 2.17525E-6 4.31068E-6 1.0956E-5 1.12443E-5 8.01281E-6 4.51163E-6 6.0246E-6 1.8752E-5 2.44565E-5 2.69722E-5 8.62149E-6 2.67383E-6 5.54081E-6 8.81E-6 6.20659E-6 2.64218E-5 5.87796E-5 7.58045E-5 2.38131E-5 4.81604E-5 4.96161E-5 6.2606E-5 4.84273E-5 1.03634E-4 1.06777E-4 1.21368E-4 1.43717E-4 1.7256E-4 1.91014E-4 2.32176E-4 2.3721E-4 2.60698E-4 2.68906E-4 2.58465E-4 2.61279E-4 3.17736E-4 3.3116E-4 3.35542E-4 4.18065E-4 4.24442E-4 4.56913E-4 4.30358E-4 4.66999E-4 3.66912E-4 3.64296E-4 4.6799E-4 5.75662E-4 5.89448E-4 6.07101E-4 5.17639E-4 5.52065E-4 4.99761E-4 5.7904E-4 6.10996E-4 7.00939E-4 8.5715E-4 9.18972E-4 1.12355E-3 9.88003E-4 7.89446E-4 9.15549E-4 1.46373E-3 1.28171E-3 1.49748E-3
6.24653E-6 1.66506E-6 5.00588E-7 1.16288E-6 8.97256E-7 4.70466E-7 9.30994E-7 1.33174E-6 4.29952E-7 1.84957E-6 2.24826E-6 2.75688E-6 1.99087E-5 1.97283E-5 4.31267E-5 4.14014E-5 4.30796E-5 4.14608E-5 2.00872E-5 1.78762E-5 1.10101E-5 4.60001E-5 4.74155E-5 7.35434E-5 8.92142E-5 6.85502E-5 8.89169E-5 1.02252E-4 1.29168E-4 1.53287E-4 1.76344E-4 1.93587E-4 2.53125E-4 2.72453E-4 2.78914E-4 2.72564E-4 3.00002E-4 3.42655E-4 3.30573E-4 4.19133E-4 4.1356E-4 3.66845E-4 4.12837E-4 5.11578E-4 4.31897E-4 4.20114E-4 3.39557E-4 4.82772E-4 5.83587E-4 6.2269E-4 6.04665E-4 6.3769E-4 6.76274E-4 7.24667E-4 7.05582E-4 7.86397E-4 8.59036E-4 8.69989E-4 9.42812E-4 9.98554E-4 1.02647E-3 1.04635E-3 9.20997E-4 8.10652E-4 8.08927E-4 1.26506E-3
5.85741E-6 1.2837E-6 3.99432E-7 5.60421E-7 3.2323E-7 5.26507E-7 2.67058E-7 7.44349E-7 6.2821E-6 2.6549E-4 1.64982E-5 9.48094E-6 2.11002E-5 2.40998E-5 3.98659E-5 5.01085E-5 5.07859E-5 4.79936E-5 3.48414E-5 5.27363E-5 2.50449E-5 3.57801E-5 5.44776E-5 5.819E-5 6.98438E-5 1.93504E-5 1.08352E-5 1.04415E-4 1.4047E-4 1.54736E-4 1.83124E-4 2.15819E-4 2.46709E-4 3.1587E-4 3.21897E-4 3.44013E-4 3.05937E-4 3.20636E-4 4.03891E-4 4.36915E-4 4.57168E-4 4.33546E-4 3.95121E-4 5.09321E-4 4.63834E-4 4.09374E-4 3.94811E-4 4.65006E-4 4.52055E-4 6.05364E-4 6.23667E-4 5.53237E-4 6.84189E-4 7.59366E-4 7.83235E-4 6.92836E-4 9.04026E-4 7.75684E-4 8.0787E-4 1.01749E-3 1.06483E-3 1.13829E-3 1.20196E-3 1.08584E-3 9.51365E-4 5.26431E-4
6.29289E-6 3.09574E-6 3.56099E-6 6.70963E-6 9.65198E-7 8.73039E-7 2.19273E-6 4.61094E-6 5.93785E-6 8.88986E-6 6.37952E-6 1.54985E-5 2.89779E-5 4.04764E-5 4.47466E-5 4.75875E-5 5.74357E-5 4.03657E-5 2.47233E-5 5.74722E-6 1.00867E-5 2.14173E-5 2.27625E-5 5.20443E-5 7.00336E-5 7.76314E-5 6.29152E-5 8.37612E-5 1.01746E-4 1.54115E-4 2.03814E-4 2.18804E-4 2.48278E-4 2.81342E-4 3.83838E-4 3.79759E-4 3.73486E-4 3.83386E-4 4.06625E-4 4.40639E-4 4.80638E-4 4.52691E-4 4.31514E-4 4.37622E-4 4.72153E-4 4.52244E-4 4.61435E-4 4.35533E-4 3.94558E-4 4.61696E-4 5.56343E-4 6.94217E-4 6.93622E-4 6.67817E-4 6.96338E-4 6.32177E-4 7.55141E-4 7.45491E-4 9.37863E-4 8.38433E-4 1.06642E-3 1.11318E-3 1.23609E-3 1.19168E-3 1.37875E-3 1.1714E-3
9.13635E-6 1.0888E-6 1.30895E-7 4.80323E-8 5.8389E-7 1.01157E-6 2.40179E-6 6.62803E-6 5.94638E-6 8.56052E-6 1.60358E-5 2.31495E-5 3.82101E-5 2.53589E-5 1.66463E-5 1.25866E-5 5.70294E-5 5.13693E-5 2.09685E-5 2.32679E-5 4.97725E-6 5.57512E-6 1.4855E-5 1.77046E-5 7.18896E-5 8.05615E-5 4.01365E-5 7.43882E-5 7.90772E-5 1.77174E-4 2.33484E-4 2.3171E-4 2.46011E-4 2.61373E-4 3.01612E-4 3.04472E-4 2.7771E-4 3.77912E-4 3.67631E-4 3.92503E-4 3.99507E-4 4.09028E-4 4.6061E-4 4.43508E-4 5.39972E-4 5.14102E-4 7.81677E-4 5.45339E-4 4.44788E-4 5.28553E-4 5.68729E-4 7.17078E-4 8.31811E-4 9.30159E-4 7.05175E-4 6.15303E-4 8.00809E-4 7.69394E-4 9.60362E-4 7.76904E-4 8.0061E-4 1.0359E-3 1.15452E-3 1.20965E-3 1.31147E-3 1.25621E-3
9.76716E-6 5.04756E-7 3.74319E-6 3.25105E-6 6.66956E-6 6.37739E-6 7.22587E-6 9.46892E-6 8.46135E-6 1.25253E-5 2.32021E-5 2.86747E-5 2.34946E-5 2.33565E-5 1.85562E-5 1.93723E-5 2.19396E-5 3.40413E-5 3.71395E-5 6.05176E-6 5.96941E-6 4.49872E-5 5.27708E-5 4.63556E-5 5.48704E-5 7.1395E-5 1.0898E-4 1.3554E-4 1.32229E-4 1.66522E-4 1.93111E-4 2.30885E-4 2.26384E-4 2.72483E-4 2.99167E-4 2.48183E-4 2.60157E-4 2.66723E-4 3.07963E-4 3.98085E-4 4.14333E-4 4.67469E-4 4.8367E-4 5.19479E-4 5.98122E-4 5.42052E-4 6.58131E-4 5.32134E-4 6.46501E-4 4.79379E-4 4.8047E-4 5.94234E-4 7.74646E-4 9.50379E-4 1.02492E-3 7.49444E-4 8.69499E-4 9.58813E-4 8.26891E-4 1.02158E-3 8.58226E-4 1.00809E-3 9.13257E-4 1.21706E-3 1.31905E-3 1.26083E-3
7.72468E-6 7.40707E-6 1.3882E-5 4.66737E-6 5.32568E-6 5.85559E-6 9.8182E-6 9.00517E-6 5.92651E-6 1.12533E-5 1.64935E-5 2.32249E-5 3.48936E-5 2.20774E-5 2.7461E-5 3.61463E-5 5.02923E-5 4.48702E-5 4.23415E-5 5.82585E-5 5.89908E-5 6.00034E-5 7.33046E-5 4.7341E-5 8.91391E-5 1.05264E-4 1.35382E-4 1.50924E-4 1.89256E-4 1.96374E-4 2.34692E-4 2.38999E-4 2.28287E-4 3.00618E-4 3.52421E-4 3.42382E-4 3.26677E-4 2.93425E-4 3.67813E-4 4.43321E-4 5.03963E-4 5.25709E-4 5.42772E-4 7.08559E-4 6.39838E-4 6.3149E-4 7.28541E-4 6.82873E-4 6.76551E-4 5.71259E-4 5.22253E-4 7.56219E-4 7.64818E-4 8.27751E-4 9.02643E-4 1.02443E-3 1.03953E-3 9.39063E-4 9.58049E-4 8.74862E-4 1.04214E-3 1.12768E-3 1.08584E-3 1.04549E-3 1.34291E-3 1.28412E-3
7.89431E-6 9.44923E-6 9.87193E-6 5.21734E-6 3.09238E-6 4.31356E-6 6.77256E-6 8.88718E-6 1.17482E-5 1.80505E-5 2.11476E-5 2.52635E-5 3.20383E-5 3.40503E-5 3.16385E-5 4.22038E-5 6.52743E-5 7.02895E-5 6.29477E-5 5.2703E-5 5.6031E-5 5.33301E-5 6.53204E-5 6.93976E-5 9.91695E-5 9.36297E-5 1.44519E-4 1.52514E-4 1.80215E-4 2.03351E-4 2.30661E-4 2.52305E-4 2.8397E-4 3.22957E-4 3.68465E-4 3.87662E-4 3.3024E-4 3.75742E-4 3.54074E-4 5.30957E-4 5.76583E-4 5.27069E-4 5.19292E-4 5.56253E-4 5.92408E-4 6.72355E-4 7.16234E-4 8.15187E-4 7.88477E-4 6.32505E-4 5.86897E-4 6.75289E-4 8.2633E-4 9.01249E-4 9.50643E-4 1.00564E-3 2.30226E-3 1.06295E-3 9.54391E-4 7.93237E-4 1.03524E-3 9.29664E-4 1.09126E-3 1.20511E-3 1.30189E-3 1.31438E-3
1.21111E-5 5.97772E-6 8.46232E-6 7.13259E-6 3.54398E-6 9.94831E-6 6.57813E-6 1.18746E-5 1.84759E-5 1.97088E-5 1.86637E-5 2.10429E-5 2.40012E-5 3.45447E-5 4.01352E-5 3.85066E-5 5.9068E-5 9.38179E-5 4.20157E-5 7.22572E-5 6.85296E-5 6.58179E-5 8.13128E-5 9.2783E-5 1.0384E-4 1.00996E-4 1.37846E-4 1.80322E-4 1.89811E-4 2.33884E-4 1.98682E-4 2.44106E-4 2.93272E-4 3.06048E-4 3.88833E-4 4.58428E-4 4.34522E-4 4.5809E-4 4.99768E-4 7.03915E-4 6.37389E-4 5.72745E-4 5.55412E-4 1.47807E-3 6.06339E-4 6.61669E-4 7.66709E-4 8.64646E-4 7.6965E-4 7.71015E-4 6.05126E-4 7.03026E-4 7.78617E-4 8.49758E-4 8.37443E-4 8.89849E-4 6.07141E-3 1.12276E-3 9.36037E-4 9.53077E-4 1.02343E-3 1.03105E-3 1.11379E-3 1.23031E-3 1.11246E-3 1.32466E-3
1.247E-5 8.3235E-6 1.48837E-6 8.37686E-6 7.57596E-6 1.75786E-5 2.20539E-5 2.04998E-5 1.66557E-5 2.31946E-5 2.1249E-5 2.44996E-5 4.55596E-5 4.80218E-5 6.34292E-5 6.7841E-5 7.91901E-5 8.74944E-5 1.02025E-4 4.44016E-4 1.49636E-4 1.73945E-4 9.69906E-5 8.68616E-5 9.2126E-5 1.09532E-4 1.46623E-4 1.74728E-4 2.04645E-4 2.31777E-4 2.51761E-4 2.66951E-4 3.11859E-4 2.23056E-4 3.83881E-4 4.36534E-4 4.67529E-4 5.06143E-4 6.11887E-4 6.92352E-4 6.67688E-4 7.04002E-4 8.4006E-4 8.21475E-3 7.71884E-4 7.87453E-4 8.07255E-4 9.15736E-4 9.2065E-4 7.47828E-4 6.70977E-4 6.8965E-4 8.29721E-4 7.19557E-4 7.99498E-4 8.89127E-4 8.54762E-4 1.38922E-3 1.08041E-3 9.2404E-4 1.18544E-3 1.14575E-3 1.14566E-3 1.16025E-3 1.02927E-3 1.38515E-3
2.8553E-6 1.54378E-5 6.8076E-6 1.70421E-5 8.77279E-6 2.0797E-5 1.44602E-5 2.70522E-5 1.57703E-5 1.89363E-5 2.40788E-5 3.56247E-5 6.10476E-5 4.82906E-5 6.2598E-5 7.46969E-5 5.08537E-5 6.93588E-5 8.78439E-5 1.37872E-4 1.09338E-4 9.70511E-5 8.05877E-5 9.26918E-5 1.03481E-4 9.55302E-5 1.33777E-4 1.63216E-4 1.57148E-4 2.087E-4 2.39472E-4 2.80851E-4 2.63084E-4 3.42993E-4 4.42852E-4 4.5483E-4 4.39937E-4 4.65717E-4 6.04122E-4 8.48445E-4 1.16618E-3 8.60451E-4 1.73925E-3 4.67973E-3 5.77252E-3 7.67832E-4 8.61016E-4 9.45206E-4 8.95179E-4 1.06041E-3 6.21131E-4 7.38932E-4 8.29481E-4 8.44359E-4 8.28027E-4 8.03289E-4 9.02822E-4 9.96189E-4 1.05553E-3 1.13393E-3 8.85382E-4 8.25567E-4 1.04923E-3 1.01497E-3 1.14345E-3 2.5371E-3
2.70218E-6 1.12095E-5 2.04814E-5 1.88652E-5 2.13674E-5 3.14036E-5 2.21364E-5 2.66272E-5 1.79314E-5 1.4608E-5 1.92147E-5 4.22029E-5 4.15951E-5 4.44049E-5 5.48317E-5 8.60538E-5 7.48427E-5 5.58695E-5 7.76693E-5 7.27346E-5 7.55317E-5 7.39124E-5 9.00608E-5 1.00434E-4 1.00581E-4 1.27766E-4 1.6231E-4 1.51983E-4 1.60657E-4 2.04014E-4 2.41598E-4 2.70314E-4 3.48105E-4 4.24475E-4 4.23398E-4 4.75961E-4 6.28592E-4 7.16272E-4 5.95531E-4 7.05939E-4 1.1365E-3 1.53256E-3 4.09325E-3 9.31375E-3 1.14458E-2 9.11327E-4 7.67409E-4 7.53679E-4 7.17069E-4 1.08272E-3 7.29345E-4 5.31484E-4 7.14768E-4 8.74077E-4 8.58104E-4 9.47077E-4 7.84043E-4 8.32503E-4 1.03075E-3 1.11333E-3 8.87462E-4 9.36551E-4 8.52592E-4 1.02324E-3 1.07167E-3 1.15016E-3
1.66787E-5 1.72213E-5 1.96869E-5 3.06401E-5 2.43172E-5 1.82462E-5 2.27161E-5 1.71148E-5 2.62502E-5 3.43581E-5 2.37031E-5 2.55635E-5 3.29429E-5 2.7644E-5 4.32463E-5 6.96771E-5 5.66124E-5 6.86297E-5 4.72612E-5 8.1263E-5 5.26247E-5 7.58058E-5 1.02826E-4 1.0116E-4 9.04007E-5 9.56368E-5 1.18119E-4 1.61039E-4 1.89115E-4 1.1624E-4 2.03191E-4 2.34471E-4 3.42561E-4 3.82726E-4 4.47635E-4 5.50199E-4 6.3999E-4 1.28815E-3 7.54219E-4 8.30897E-4 9.55173E-4 2.50691E-3 8.17682E-3 1.00175E-2 5.67461E-3 1.06362E-3 1.02504E-3 8.44252E-4 7.99101E-4 -9999 8.18822E-4 7.38168E-4 6.51184E-4 8.98896E-4 8.63767E-4 7.00164E-4 7.99534E-4 7.90011E-4 8.89837E-4 1.16859E-3 9.08811E-4 9.64427E-4 9.08672E-4 9.35057E-4 9.13688E-4 1.03089E-3
3.01945E-5 1.23013E-5 2.2571E-5 2.52986E-5 2.45994E-5 1.4134E-5 2.63472E-5 2.93728E-5 1.35381E-5 3.43152E-5 3.50243E-5 2.92052E-5 2.54432E-5 3.44769E-5 2.35288E-5 3.39758E-5 5.93897E-5 3.79595E-5 6.98143E-5 5.4818E-5 4.72603E-5 8.72168E-5 9.73465E-5 7.52573E-5 9.46147E-5 1.05783E-4 1.49566E-4 1.53654E-4 1.81377E-4 1.70664E-4 2.02632E-4 2.69235E-4 3.04028E-4 4.19232E-4 4.83481E-4 5.4137E-4 6.3213E-4 1.28901E-3 -9999 8.49157E-4 1.15166E-3 1.1827E-3 1.06407E-3 2.59629E-3 8.26619E-4 8.7296E-4 9.35215E-4 1.05352E-3 6.57577E-4 -9999 8.27905E-4 9.00088E-4 -9999 7.01579E-4 7.11703E-4 -9999 5.12067E-4 7.52119E-4 7.14427E-4 8.79805E-4 7.3154E-4 8.77067E-4 8.4322E-4 9.28148E-4 8.67565E-4 9.53785E-4
2.11468E-5 3.51941E-5 3.66986E-5 3.74095E-5 2.48321E-5 3.15624E-5 2.14168E-5 1.29157E-5 2.87986E-5 2.95779E-5 2.30345E-5 2.864E-5 2.84475E-5 2.40737E-5 2.32053E-5 3.78967E-5 5.46649E-5 3.87945E-5 6.22663E-5 5.45909E-5 3.85273E-5 4.98236E-5 9.4195E-5 1.25755E-4 1.42049E-4 7.92458E-5 1.51885E-4 2.23426E-4 1.96362E-4 1.40319E-4 1.9525E-4 4.57401E-4 4.77484E-4 4.56062E-4 4.52667E-4 5.69081E-4 6.68642E-4 7.36683E-4 -9999 6.97921E-4 6.78681E-4 1.12272E-3 1.03012E-3 1.34942E-3 1.04376E-3 1.02641E-3 8.0793E-4 7.57598E-4 9.00863E-4 8.45139E-4 -9999 7.27628E-4 6.19954E-4 5.845E-4 7.40093E-4 6.01567E-4 5.152E-4 -9999 5.19062E-4 6.2782E-4 -9999 7.8615E-4 8.15117E-4 -9999 9.79764E-4 9.31104E-4
3.33198E-5 2.7777E-5 4.57232E-5 3.87272E-5 1.01937E-4 5.7654E-5 6.73918E-5 3.48531E-5 2.69187E-5 2.94471E-5 2.04495E-5 1.28944E-5 1.00692E-5 6.36676E-6 9.16747E-6 2.91813E-5 1.77596E-5 4.40968E-5 7.02494E-5 6.56285E-5 4.4246E-5 5.06966E-5 8.16041E-5 8.25293E-5 1.56926E-4 1.68199E-4 2.1237E-4 2.40796E-4 2.43024E-4 2.46538E-4 2.5449E-4 2.90348E-4 3.76727E-4 3.8211E-4 4.775E-4 5.81907E-4 6.73148E-4 7.34698E-4 8.33279E-4 -9999 7.43799E-4 6.15839E-4 7.41999E-4 8.78278E-4 1.12858E-3 1.05203E-3 8.16704E-4 8.12043E-4 8.53818E-4 -9999 7.32506E-4 6.26231E-4 6.66264E-4 6.69357E-4 5.5925E-4 5.45321E-4 5.29759E-4 5.27486E-4 5.39972E-4 5.74687E-4 8.19126E-4 7.68568E-4 8.64679E-4 7.6903E-4 9.05798E-4 1.03107E-3
3.30259E-5 4.38283E-5 3.84071E-5 3.76318E-5 2.41592E-5 5.16871E-5 3.5575E-5 2.68774E-5 2.37448E-5 2.05578E-5 1.88356E-5 1.83012E-5 1.00262E-5 7.6451E-6 1.79783E-5 9.92834E-6 2.48403E-5 2.36377E-5 5.85918E-5 4.37036E-5 5.21367E-5 6.49364E-5 6.51058E-5 9.96962E-5 1.36718E-4 9.10795E-5 8.18205E-5 2.05036E-4 1.93549E-4 2.15527E-4 2.6941E-4 3.33773E-4 3.74371E-4 3.68783E-4 5.11127E-4 4.6495E-4 5.50218E-4 5.47997E-4 6.91481E-4 6.67309E-4 6.15714E-4 -9999 8.85541E-4 9.82408E-4 1.03285E-3 1.15944E-3 7.05529E-4 8.14549E-4 7.16161E-4 6.80695E-4 4.87467E-4 6.67129E-4 5.35218E-4 -9999 5.23272E-4 5.30833E-4 5.2782E-4 5.24825E-4 5.46916E-4 5.69861E-4 5.70208E-4 7.65172E-4 -9999 8.01305E-4 8.11088E-4 1.04744E-3
2.59697E-5 2.49933E-5 1.63073E-5 2.09929E-5 1.53572E-5 4.46491E-5 2.73588E-5 2.62936E-5 1.93226E-5 1.60969E-5 1.64234E-5 1.79139E-5 1.36389E-5 1.24532E-5 1.77063E-5 1.25286E-5 3.48792E-5 3.62182E-5 3.35907E-5 3.85016E-5 2.67918E-5 6.10629E-5 1.0065E-4 1.27721E-4 1.26945E-4 1.26324E-4 1.3747E-4 2.21743E-4 2.40995E-4 2.38675E-4 2.56996E-4 3.67613E-4 4.09279E-4 3.96531E-4 5.71844E-4 6.90357E-4 6.59128E-4 5.14495E-4 7.27786E-4 -9999 5.35454E-4 -9999 9.46386E-4 1.02551E-3 8.87114E-4 9.46627E-4 6.98123E-4 5.50322E-4 6.53582E-4 5.36187E-4 4.92582E-4 6.69912E-4 6.39217E-4 5.54912E-4 -9999 5.40186E-4 -9999 5.187E-4 -9999 5.64579E-4 -9999 8.85936E-4 9.53485E-4 8.57329E-4 8.51617E-4 8.39821E-4
1.55554E-5 1.85438E-5 1.8534E-5 3.26197E-5 3.57981E-5 4.1064E-5 2.63206E-5 2.36009E-5 1.42259E-5 1.81246E-5 1.74319E-5 2.28653E-5 1.45068E-5 8.60073E-6 2.27927E-5 9.77971E-6 1.57424E-5 1.26999E-5 2.97517E-5 2.52185E-5 1.97047E-5 2.70745E-5 3.2247E-5 1.0033E-4 2.30592E-4 2.13206E-4 2.89709E-4 3.04938E-4 2.34901E-4 3.05104E-4 3.4928E-4 3.45932E-4 5.01202E-4 5.77258E-4 6.83129E-4 7.10424E-4 4.86505E-4 8.94451E-4 6.69096E-4 8.7946E-4 -9999 7.46726E-4 9.03151E-4 9.86527E-4 8.92177E-4 7.78295E-4 -9999 5.77484E-4 5.29376E-4 4.36413E-4 4.72965E-4 -9999 5.66427E-4 4.66228E-4 -9999 5.32056E-4 -9999 5.34742E-4 -9999 5.67855E-4 6.9365E-4 6.85579E-4 -9999 6.68226E-4 8.3962E-4 -9999
2.84704E-5 1.77784E-5 2.47811E-5 2.80665E-5 2.78034E-5 3.01577E-5 3.93996E-5 1.84872E-5 1.15282E-5 1.16405E-5 1.50753E-5 2.07501E-5 6.86301E-6 8.02784E-6 8.85812E-6 7.46129E-6 1.93302E-5 2.15659E-5 1.93469E-5 2.08225E-5 1.51462E-5 1.28552E-5 2.41422E-5 7.34039E-5 2.68606E-4 2.84524E-4 2.70842E-4 3.59743E-4 3.30431E-4 3.34222E-4 4.3246E-4 4.80594E-4 4.30435E-4 6.2027E-4 6.54552E-4 5.51014E-4 6.82588E-4 7.1474E-4 8.29514E-4 -9999 -9999 6.48498E-4 7.80608E-4 7.49421E-4 -9999 7.12036E-4 7.06885E-4 -9999 5.13037E-4 4.79398E-4 4.96116E-4 -9999 -9999 -9999 6.01139E-4 5.10229E-4 -9999 -9999 5.37391E-4 5.67651E-4 -9999 -9999 -9999 -9999 7.42652E-4 -9999
3.47792E-5 2.17587E-5 1.2826E-5 1.21925E-5 3.23333E-5 4.0436E-5 3.66766E-5 1.91201E-5 7.55013E-6 1.04285E-5 1.35327E-5 2.19192E-5 1.29259E-5 1.84493E-5 1.72989E-5 1.53844E-5 2.3721E-5 2.24988E-5 3.59617E-5 1.71631E-5 1.30707E-5 1.18405E-5 4.25951E-5 1.56035E-4 3.27483E-4 3.86557E-4 3.03342E-4 3.44668E-4 3.68004E-4 3.87048E-4 4.83576E-4 4.29522E-4 6.17519E-4 6.46139E-4 6.72671E-4 5.46052E-4 7.46811E-4 7.0207E-4 -9999 -9999 7.10444E-4 -9999 8.15838E-4 1.05895E-3 -9999 -9999 -9999 -9999 4.91603E-4 5.23349E-4 -9999 -9999 -9999 -9999 -9999 4.96141E-4 -9999 -9999 -9999 -9999 -9999 -9999 -9999 -9999 -9999 -9999
2.41095E-5 2.26429E-5 1.38114E-5 2.52872E-5 3.27703E-5 1.92055E-5 4.44359E-5 2.82033E-5 1.4373E-5 1.44024E-5 4.42735E-6 1.91073E-5 2.18615E-5 2.12045E-5 1.32585E-5 5.01701E-5 7.36806E-6 1.5521E-5 2.54917E-5 1.65723E-5 1.14791E-5 1.81125E-5 8.95702E-5 2.9539E-4 3.40048E-4 3.51039E-4 3.62605E-4 3.6852E-4 4.9193E-4 5.54178E-4 5.51296E-4 4.5658E-4 6.63712E-4 6.84719E-4 6.73559E-4 5.99831E-4 7.5826E-4 -9999 -9999 -9999 8.48327E-4 6.35843E-4 9.38395E-4 9.17945E-4 -9999 5.32978E-4 -9999 -9999 -9999 -9999 4.74614E-4 -9999 -9999 -9999 -9999 -9999 -9999 -9999 -9999 -9999 -9999 -9999 -9999 -9999 -9999 -9999
2.48387E-5 1.47284E-5 2.49403E-5 3.8899E-5 4.26078E-5 3.26524E-5 5.40723E-5 3.22289E-5 2.05727E-5 1.21662E-5 1.06432E-5 1.22222E-5 2.18217E-5 1.84622E-5 2.74292E-5 3.08304E-5 2.05451E-5 4.18143E-5 4.81513E-5 3.97185E-5 1.83339E-5 3.59504E-5 1.8182E-4 3.36883E-4 3.46402E-4 4.20799E-4 5.22862E-4 5.21855E-4 5.68377E-4 5.90764E-4 6.20388E-4 6.56373E-4 5.14113E-4 -9999 -9999 -9999 -9999 -9999 -9999 -9999 -9999 -9999 -9999 -9999 -9999 5.32618E-4 -9999 -9999 -9999 -9999 -9999 -9999 -9999 -9999 -9999 -9999 -9999 -9999 -9999 -9999 -9999 -9999 -9999 -9999 -9999 -9999
