catData/variables/prey/Large.asc
NCOLS 409 
NROWS 350 
XLLCORNER 60.897278365 
YLLCORNER 5.843756025 
CELLSIZE 0.0892857 
NODATA_value -9999 
[rows 276 to 298 of 350, columns 156 to 207 of 409]
-9999 -9999 -9999 0.00105461157363607 0.000937374410568736 0.00127847606199794 0.00172626799758291 0.0015132063490455 0.00102585800050292 0.000637331970210653 0.000463013013359159 0.00027954499819316 0.0003632300067693 0.000225214003876317 0.00021684670355171 0.000214770603633951 0.000227477197768167 0.000227055897994433 0.000226937598199584 0.00155230644304538 0.000388280495826621 0.000299383100355044 0.00027518530987436 0.000267758405243512 0.000235515704844147 0.000233055798162241 0.000205952797841746 0.000264161804807372 0.000230083598580677 0.000203257397515699 0.000223532202653587 0.000203566698473878 0.00020559600670822 0.000150820298586041 0.000275394995696843 0.000235750601859763 0.000351111288182437 0.000352839611878153 0.000244169197685551 0.00030170040554367 0.000228503100515809 0.000269148404186126 0.000234942002862226 0.000229113800742198 0.000341856008162722 0.000250899494858459 0.000262091292825062 0.000274501893727574 0.000366969805327244 0.000360687699867412 0.000360494515916798 0.000260754000919405
-9999 -9999 -9999 0.000535140701686032 0.00124032324674772 0.000985495120403357 0.00133022729642107 0.00152912996418308 0.00112151599023491 0.000747851023334078 0.00041334919660585 0.000288781098788604 0.00035609700717032 0.000271860990324058 0.000223664908844512 0.00022678000095766 0.000310455397993792 0.000218797598790843 0.000323645988828503 0.00341164835117524 0.000658333807223244 0.000295204503345303 0.000233894497796427 0.000198601192096248 0.000200229202164337 0.000232346006669104 0.000389631997677498 0.000389459004509263 0.000226038297114428 0.000246411298576277 0.000263241301581729 0.000188185695151333 0.000220333204197232 0.000249871009145863 0.000248752599873114 0.000256847495620605 0.000362700404366478 0.000259509892202914 0.000366948093869723 0.000268520205281675 0.000247682095505297 0.000247535004746169 0.000335418008035049 0.000338293000822887 0.000242229507421143 0.000245661991357338 0.000264828297076747 0.000393940092180856 0.000389925786294043 0.000371313108189497 0.00026168959448114 0.000357810989953578
-9999 -9999 -9999 -9999 0.000647357424895745 0.000799097688286565 0.0010015408261097 0.00124292804684956 0.0011416810011724 0.000800721027189866 0.000694641974405386 0.00030413139029406 0.000239348701143172 0.000329364003846422 0.000339275997248478 0.000327356494381092 0.000325736000377219 0.000265001101070084 0.000383531209081411 0.000806844123871997 0.000914741787710227 0.000619035788986366 0.000265071008470841 0.000227445096243173 0.000228096505452413 0.000214905296161305 0.000197647605091333 0.00018281520169694 0.000214163897908293 0.000237230306083802 0.000234077298955526 0.000291595002636313 0.000293153003440239 0.000234286795603111 0.000300765292195138 0.000345669388480019 0.00036605049535865 0.000363975610525813 0.000328900998283643 0.000324223001371138 0.000253606303886045 0.000245165399974212 0.000288217204797547 0.000240559100348037 0.000280855507298838 0.000247364499955438 0.000266307899437379 0.000286288501229137 0.000272618293820415 0.000377187490812503 0.000263569396338426 0.000248301192186773
-9999 -9999 -9999 -9999 0.000481797011161689 0.000617057223280426 0.000767586374422535 0.00100067132734694 0.00111242919956567 0.000920527978450991 0.000611181007116102 0.000350030211848207 0.000407686005928554 0.000220268200791907 0.000201988099433947 0.000241578301938716 0.000290249001409393 0.000288685994746629 0.000341049002599902 0.000298037892207503 0.000341121100063901 0.000338820806064177 0.000223675997403916 0.000227890399401076 0.000224768300540745 0.000179281902092043 0.000198258298041765 0.000181132199941203 0.000189350699656643 0.000271388795226812 0.000254148995736614 0.000256180996075273 0.00024646139354445 0.000252580495725852 0.00021849809854757 0.000258856896834914 0.000321731895382982 0.000277257204288617 0.00033308189449599 0.000309806804580148 0.000550509997992776 0.000268826399405953 0.000270090204139706 0.000234469494898804 0.000282848697679583 0.00024886480969144 0.000372978596715257 0.000400707504013553 0.000273237594228704 0.000274465797701851 0.000365087296813726 0.000279084502835758
-9999 -9999 -9999 -9999 0.000727350008673966 0.000759626018407289 0.000606630419497378 0.00125307079724735 0.0015129327584873 0.000906806493730983 0.000816625979496166 0.000497678003739566 0.000295739897410385 0.000244143906456884 0.000218175700865686 0.000251395991654135 0.000244679002207704 0.000239683096879162 0.000319958307954948 0.000262526504229754 0.000257868807238992 0.000254983504419215 0.000249681197601603 0.000225950207095593 0.000184903095941991 0.000167206999321934 0.000209322592127137 0.000196717701328453 0.000211646605748683 0.00021525270130951 0.000238827997236513 0.00027120399317937 0.000221405498450622 0.000258227097219788 0.000224253599299118 0.000302999804262072 0.000326656903780531 0.000389953012927435 0.000243976406636648 0.000326647503243294 0.000260985994827934 0.000230535602895543 0.00032905199623201 0.000339231002726592 0.000247093696088996 0.000285669702861924 0.000352403985743877 0.000276530401606578 0.000393166192225181 0.000280128995655105 0.000288725190330297 0.000288210692815483
-9999 -9999 -9999 -9999 -9999 0.00067420001141727 0.00075831898720935 0.000615048578765709 0.000744159075111384 0.000787066477641929 0.000764914821047569 0.000611738985753618 0.000440732008428313 0.000283207402389962 0.000380761994165368 0.000339808990247548 0.000225682095333468 0.000246880590566434 0.000323854605085216 0.000263552698015701 0.000246935094764922 0.000208513898542151 0.000218355602555675 0.000253771308052819 0.000251923898758832 0.000263447996985633 0.000117472998681478 0.000223952003580052 0.000262994901277125 0.00027422200946603 0.000265553004282992 0.00024949499493232 0.000458069989690557 0.000268895790213719 0.000229507306357846 0.000264482492639218 0.000400921009713784 0.000273633195320144 0.000246133502514567 0.000242377202084754 0.000239487999351695 0.000196104301721789 0.000202452603843994 0.000265980997937731 0.000251841091085225 0.000250009499723092 0.000252769394137431 0.000376144307665527 0.000391532805224415 0.000388597705750726 0.000289996503852308 0.000407034603995271
-9999 -9999 -9999 -9999 -9999 -9999 0.000452781998319551 0.000516005398822017 0.00100282688072184 0.000706815877492772 0.000728326180251315 0.000609259986958932 0.000459923001471907 0.000353259994881228 0.000478633999591693 0.000379919001716189 0.000271323006018065 0.000251837001997046 0.000235595602134708 0.000195909902686253 0.000188367899681907 0.000211091202800162 0.000205316799110733 0.000248771204496734 0.000294600002234802 0.000251011100772303 0.000113419802801218 0.000212920800549909 0.000241919799009338 0.000272844001301564 0.000178117894392926 0.000215058200410567 0.000294660196232144 0.000345289903634693 0.000719937001122162 0.000356876204023138 0.000306940492009744 0.000278119005088229 0.000161589399795048 0.000336131997755729 0.000196453693206422 0.000213284998608287 0.000201869006559718 0.000214911000512075 0.00025451740657445 0.000253641504968982 0.00025358829589095 0.00026965000142809 0.000280889194982592 0.000279737891105469 0.000314653203531634 0.000404796213842928
-9999 -9999 -9999 -9999 -9999 -9999 -9999 0.000469947895908263 0.000535949307959527 0.000688977976096794 0.000817235981230624 0.000634435011306778 0.000492915001814254 0.00040276900108438 0.000373878996470012 0.000338818004820496 0.000270093994913623 0.000361287995474413 0.000313184995320626 0.000204437797947321 0.000220991496462375 0.000184297598025296 0.000198884503333829 0.000198042798729148 0.000281077504041605 0.000253257800068241 0.000122090801596642 0.000222302609472536 0.000151945401739795 0.000286944290564861 0.000274031001026742 0.000257931293162983 0.000313946897222195 0.000343007493938785 0.000295399608148728 0.000307817703287583 0.000450851992354728 0.000220211200939957 0.000175720895640552 0.000215657593798824 0.000359442012268119 0.000293916091322899 0.000281350497971289 0.000283369008684531 0.000374105016817339 0.000369647110346705 0.000354857605998404 0.000265005794062745 0.00025835340784397 0.000267903305939399 0.000267330397036858 0.000273586199909914
-9999 -9999 -9999 -9999 -9999 -9999 -9999 -9999 0.000741539988666773 0.000520749410497956 0.000640023019514047 0.000995997019344941 0.000638907993561588 0.000515931998961605 0.000454729000921361 0.0004252280050423 0.000392321991967037 0.000505468997289427 0.000238213193370029 0.000318596008582972 0.000200790498638526 0.000189846396096982 0.000246872004936449 0.000197773202671669 0.000226952201046515 0.000138362600409891 0.000163261800480541 0.000145543199323583 0.000242517708102241 0.000165507401106879 0.000253292892011814 0.000208784906135406 0.000277659702987876 0.000353943301888648 0.000359009114617947 0.000411172106396407 0.00180171505053295 0.000372841095668264 0.000277218794508372 0.000284676796582062 0.000360306614311412 0.000361856997187715 0.000249356395215727 0.000219607100007124 0.00022138559143059 0.000271646094915923 0.000271414101007394 0.000271693104878068 0.000269400705292355 0.000268542404228356 0.000267706796876155 0.000293094395601656
-9999 -9999 -9999 -9999 -9999 -9999 -9999 -9999 0.000695697992341593 0.000476964996778406 0.000782934977905825 0.000659366021864116 0.000802158989245072 0.000669007014948875 0.000596843005041592 0.000608600006671622 0.000460669994936325 0.000613643001997843 0.000484286982100457 0.000374014009139501 0.000218604000110645 0.000205309101147577 0.000270726995950099 0.000274671001534443 0.000158238195581362 0.000200249705812894 0.000167789199622348 0.000253576996328775 0.000167316400620621 0.000208425793971401 0.000215613399632275 0.000254843405855354 0.000296326703391969 0.000381492696760688 0.000800694018835202 0.000655238472972997 0.000674400776915718 0.000879547216754872 0.000364729196007829 0.000281376298516989 0.000250200799200684 0.000261395507550333 0.000301459709589835 0.00029938680381747 0.000262169502093457 0.000373044400475919 0.000268926407443359 0.000269736301561352 0.000373722483345773 0.000260909007920418 0.000272624696663115 0.000272882200079039
-9999 -9999 -9999 -9999 -9999 -9999 -9999 -9999 0.000507887001731433 0.000495137996040285 0.000705102967913263 0.00050108770665247 0.000891439995029941 0.000832724006613716 0.000798316032160074 0.00060496901278384 0.000558467989321798 0.000422416007495485 0.000343848005286418 0.000380027006031014 0.000210785699891858 0.000264411195530556 0.0002584090034361 0.00030389400490094 0.00031187100103125 0.000192642204638105 0.000273749203188345 0.000269347896391992 0.000381987993023358 0.000305005298287142 0.00026915650232695 0.000307899506879039 0.000405130500439554 0.000318323807732668 0.000382157595595345 0.000529507684404962 0.000615281889622565 0.00045040398981655 0.000381698009732645 0.000264600101218093 0.000266174400167074 0.000298375693091657 0.000258577303611673 0.000255690501944628 0.000255627099249978 0.00026223930035485 0.000264664100541268 0.000256342202192172 0.000311478193907533 0.000273987694527023 0.000278025792795233 0.000343877189152408
-9999 -9999 -9999 -9999 -9999 -9999 -9999 -9999 -9999 0.000489272017148323 0.000642668994260021 0.000451739993877709 0.000406891005695798 0.000612345000263304 0.00109582202276215 0.000543951988220215 0.00035549500171328 0.000484624004457146 0.00038106000283733 0.000182509000296704 0.000221530004637316 0.000135825495817699 0.000156816000526305 0.000237337008002214 0.000353513998561539 0.000462796000647359 0.000278785999398679 0.000281705608358607 0.000446685909992084 0.000250376397161745 0.00032438788912259 0.000337350684276316 0.000362791688530706 0.000301264197332785 0.000377734904759564 0.000380754390789662 0.000338443911459763 0.000278025800071191 0.000316811099764891 0.000374314011423849 0.000276901904726401 0.00025341290893266 0.000256701197940856 0.000250330296694301 0.000245445502514485 0.000250326105742715 0.00029750430257991 0.000259879307122901 0.000267303003056441 0.000272079298156314 0.000277811603154987 0.000405700397095643
-9999 -9999 -9999 -9999 -9999 -9999 -9999 -9999 -9999 -9999 0.00098263201653026 0.000474357992061414 0.000469585997052491 0.000428377999924123 0.000740227013011463 0.000418774005083833 0.000460429000668228 0.000429012987297028 0.00052677298663184 0.000178418202267494 0.000153996195876971 0.00017646279593464 0.000350275004166178 0.00031583099917043 0.000285071895632427 0.000261556997429579 0.00024624090292491 0.000302848307910608 0.000312789998133667 0.000298797694995301 0.000291324409772642 0.000369033106835559 0.000356850399839459 0.000337622503138846 0.000314773111313116 0.0003176615027769 0.000335635806550272 0.000319100508932024 0.000313512900902424 0.000345234097039793 0.000383207006962039 0.000356301803549286 0.000221720903937239 0.000216626402107067 0.000255096500040963 0.000239741391851567 0.000250311291893013 0.000252055695455056 0.000260823500866536 0.000269620504695922 0.000272894598310813 0.000283898596535437
-9999 -9999 -9999 -9999 -9999 -9999 -9999 -9999 -9999 -9999 -9999 0.000354063995473552 0.000456975991255604 0.000578553983359598 0.000658062999718823 0.00048672899720259 0.000347303997841664 0.000431315012974665 0.000399571988964453 0.000255364007898606 0.000327591013046913 0.000375905001419596 0.000333299009071197 0.000283833003777545 0.000285846908809617 0.00028373250097502 0.000327372195897624 0.000282088600215502 0.000297687805868918 0.000269357093202416 0.000287860802927753 0.000369911787856836 0.000524218390637543 0.000626895998721011 0.000292415796138812 0.000339473190251738 0.000325108492688742 0.000318684207741171 0.00031466840300709 0.000218465502257459 0.000271876699116547 0.000263474197709002 0.000265042093815282 0.000227192293095868 0.000270291595370509 0.000247150201175828 0.000251344703428913 0.000256181301665492 0.00026373299624538 0.000270572694716975 0.000273123805527575 0.000277714403637219
-9999 -9999 -9999 -9999 -9999 -9999 -9999 -9999 -9999 -9999 -9999 0.000418911993619986 0.000356873999407981 0.000448429011157714 0.000428397994255647 0.000498411987791769 0.000366823995136656 0.000479809008538723 0.000479412003187463 0.000533742015250027 0.000429420004365966 0.000320685998303816 0.000263766007265076 0.000444661985966377 0.000301581007079221 0.000268030904408079 0.000281285494565964 0.000289032002910972 0.00177542255187291 0.000287994698737748 0.000289849402179243 0.000454401109891478 0.000531073201273102 0.000487563309434336 0.00030499880813295 0.000285216490738094 0.000323440610372927 0.00027577779837884 0.000317193000228144 0.000273236299108248 0.00031343520822702 0.000264454200078035 0.000305939604004379 0.000300497391435783 0.00030304000392789 0.000296968893962912 0.000244250506511889 0.000261707806203049 0.000269889205810614 0.000315270008286461 0.000319910002872348 0.000557848994503729
-9999 -9999 -9999 -9999 -9999 -9999 -9999 -9999 -9999 -9999 -9999 0.000597610021941364 0.00035072400351055 0.00044985199929215 0.000440062009147368 0.000382448997697793 0.000515567982802168 0.000428753992309794 0.00049940800818149 0.00056950599537231 0.000380529992980883 0.00052675700862892 0.000446028789156117 0.00150751628825674 0.00153055191913154 0.00042032400961034 0.0002954884985229 0.000305152800137876 0.00046192848822102 0.000364942985470407 0.000263233599980595 0.000319346087053418 0.000463074393337592 0.000455506713478826 0.000414169182477053 0.000304417913866928 0.000552563011297025 0.000324628788803238 0.00027687470355886 0.000275432194030145 0.000316167410346679 0.000271019900537794 0.000314495286147576 0.000319170692819171 0.000317513986374252 0.000313883501803502 0.00026938589871861 0.000373974406102207 0.00027395089273341 0.000279120700724889 0.000549660006072372 0.000462987700302619
-9999 -9999 -9999 -9999 -9999 -9999 -9999 -9999 -9999 -9999 -9999 -9999 0.000489247991936281 0.000381328994990326 0.000448973994934931 0.00045054400106892 0.000443550001364201 0.000487230019643903 0.000365586995030753 0.000423761011916213 0.000693666021106765 0.00159238901687786 0.000814878796518315 0.000820739674963988 0.000345630687661469 0.000304970897559542 0.000300452491501346 0.000310461393382866 0.000483802301459946 0.000476627305033617 0.000250473498454085 0.000251408600888681 0.000263447600445943 0.000255778602877399 0.000248262203967897 0.000289928895654157 0.000304842902551172 0.000285004498437047 0.000530011995579116 0.000531133991898969 0.000282423803582788 0.000278744802926667 0.000319337988912594 0.000328715388604905 0.000281757602351718 0.000280928405118175 0.000279192499874625 0.000277803599601611 0.000281122891465202 0.000401467586925719 0.000501362606883049 0.000577802122279536
-9999 -9999 -9999 -9999 -9999 -9999 -9999 -9999 -9999 -9999 -9999 -9999 0.00051972501387354 0.000373255999875255 0.000537887986865826 0.000442860007751733 0.000448452003183775 0.000448756996775046 0.000463042000774294 0.000364931998774409 0.00076496199471876 0.000757226021960378 0.000992619978205767 0.00074695612420328 0.000714479530870449 0.000319903811032418 0.000301284409943037 0.000507070006278809 0.000277496495982632 0.000269819498498691 0.000286578502709744 0.000255455495789647 0.000250884892011527 0.000243539896473521 0.000241828405705746 0.000286620303086238 0.000307897505990695 0.000323005402606213 0.000269754600594752 0.000315127203066368 0.000278411898761988 0.00039556180126965 0.000563731984584592 0.000405977589252871 0.000402109908463899 0.000404239712224808 0.000547776988241822 0.00028385930636432 0.000433841210906394 0.000462987001810689 0.000445480007329024 0.000460836497950368
-9999 -9999 -9999 -9999 -9999 -9999 -9999 -9999 -9999 -9999 -9999 -9999 0.000619010999798775 0.000581467000301927 0.000544259994057938 0.000534239996341057 0.000445591998868622 0.000523556998814456 0.000507917982758954 0.000489252008264884 0.000374403010937385 0.000395728988223709 0.000703213008819148 0.000448397011496127 0.00039083520823624 0.000362730897904839 0.000303063607134391 0.000262976900557987 0.000251571898843395 0.000250499899266288 0.00028903789279866 0.000288995495793642 0.000286918500933098 0.000246061899815686 0.000284279096376849 0.000290692300040973 0.000361489106580848 0.000322603511449415 0.000269232295977417 0.000270717198873172 0.000313943091896363 0.000318579201120883 0.000470884398964699 0.00246901727950899 0.00223864602958201 0.000308976115775295 0.000309366892906837 0.00138209573196946 0.000440890515164938 0.000426375212555286 0.000297203594527673 0.000448948085249867
-9999 -9999 -9999 -9999 -9999 -9999 -9999 -9999 -9999 -9999 -9999 -9999 -9999 0.000599714985582978 0.000443199998699129 0.000555065998923965 0.000447200000053272 0.000523795009939931 0.000360332996933721 0.0003553480055416 0.000315501994919032 0.000308310001855716 0.000448278995463625 0.000372123096894938 0.000448071987193543 0.000358085613697767 0.000303285007248633 0.000263355403149035 0.000249132295721211 0.00025100589482463 0.000248986394581152 0.000245145394728752 0.00024483719971613 0.000244263894273899 0.000242739399254788 0.000254467708145967 0.000262629801000003 0.000268326402874663 0.000269550298980903 0.000311918891384266 0.000270202799583785 0.000272029697953258 0.000334266493155155 0.000528755084815202 0.000618907026364468 0.000311047799186781 0.000311554496875033 0.000311564588628244 0.000346573207934853 0.000339287704264279 0.000431004293204751 0.000503225113789085
-9999 -9999 -9999 -9999 -9999 -9999 -9999 -9999 -9999 -9999 -9999 -9999 -9999 0.000519184992299415 0.000487924990011379 0.00045366799167823 0.000617583995335735 0.000595823003095575 0.00050971498421859 0.000354643998434767 0.000307130001601763 0.000311093994241673 0.000457808986539021 0.000322580905049108 0.000370417590602301 0.000360521997208707 0.000303822998830583 0.000265276401478332 0.000264720307313837 0.000255900195043068 0.00025001419999171 0.00024789760573185 0.000248781299887924 0.000247028096055146 0.000254282102105208 0.000261453504208475 0.000301439606118947 0.00027027890610043 0.000258449494140223 0.000269094496616162 0.000311273899569642 0.000267581199295819 0.000268503696133848 0.000261859800957609 0.000261248198512476 0.000261268702161033 0.000265021299128421 0.000296066908049397 0.000351102287822869 0.000344933105225209 0.000435210989962798 0.000512034188432153
-9999 -9999 -9999 -9999 -9999 -9999 -9999 -9999 -9999 -9999 -9999 -9999 -9999 0.000462106996565126 0.000456987007055432 0.000594098994042724 0.000598902988713235 0.000632257986580953 0.000421723001636565 0.00051721501222346 0.000411537999752909 0.000499866015161388 0.000528270000359043 0.000331964001816232 0.000372871094441507 0.000377313990611583 0.000300838393741287 0.000265264803601895 0.000313287004246376 0.000290072301140754 0.000274820500635542 0.000249710898060584 0.00025761450160644 0.000264352293015691 0.000267396102572093 0.000305432004097383 0.000365498905011918 0.000310720402922016 0.000272873396170326 0.000271940596576314 0.000271154502115678 0.000267504401563201 0.000270024400379043 0.000268839299678802 0.000266187802480999 0.000271850301942322 0.000272723009402398 0.000277751998510212 0.000289738694846164 0.000427022285293788 0.000465193807031028 0.000565403519431129
-9999 -9999 -9999 -9999 -9999 -9999 -9999 -9999 -9999 -9999 -9999 -9999 -9999 -9999 0.000574198988033459 0.000523295981111005 0.000588401991990395 0.000475345004815608 0.00075071002356708 0.000902800966287032 0.000677915988489985 0.000431039006798528 0.000320197010296397 0.000267830007942393 0.000251603007200174 0.000235327999689616 0.000228629003686365 0.000369180204870645 0.000284408000879921 0.000284187408396974 0.000299439903756138 0.000235449006140698 0.000277335493592545 0.000316541190841235 0.000307770395011175 0.000271224591415375 0.000275874903309159 0.000369682100426871 0.000314743003400508 0.000276614206086379 0.000272845703875646 0.000265446797129698 0.000268781092017889 0.000269514093815815 0.00028283400752116 0.000304444904031698 0.000297746300930157 0.00029744699713774 0.00029969750175951 0.000323514104820788 0.000510475299961399 0.000448094000603305
