catData/variables/prey/Large.asc
NCOLS 409 
NROWS 350 
XLLCORNER 60.897278365 
YLLCORNER 5.843756025 
CELLSIZE 0.0892857 
NODATA_value -9999 
[rows 69 to 91 of 350, columns 52 to 103 of 409]
-9999 -9999 -9999 -9999 -9999 -9999 -9999 -9999 -9999 -9999 -9999 4.2016048610094e-05 4.07719192025979e-05 4.04109393912222e-05 3.8634868360532e-05 3.89712404285092e-05 4.00911592350894e-05 4.15931995121355e-05 4.29227789027209e-05 4.30147208589915e-05 4.4517221795104e-05 3.8675188761772e-05 9.17639004001103e-05 0.000104562436490596 0.000126446932426916 5.03185699471942e-05 5.37364903721027e-05 5.83803016525053e-05 5.94607699895278e-05 5.98728784098057e-05 5.60751898319722e-05 6.18300787209591e-05 5.79085917706834e-05 6.29607293376466e-05 6.02115101173695e-05 6.52012095088139e-05 6.75888572914118e-05 6.84381498103903e-05 6.25969082648226e-05 6.62754991935799e-05 5.83749119869026e-05 6.12113594797847e-05 5.99507507104136e-05 5.87714785069693e-05 0.000158460573402408 6.05755813012365e-05 6.45473714939726e-05 6.7983812186867e-05 6.70432914375851e-05 6.29891196695098e-05 6.98575695423642e-05 7.41212870707386e-05
-9999 -9999 -9999 -9999 -9999 -9999 -9999 -9999 -9999 -9999 4.48694490842172e-05 4.01153888560657e-05 4.81725696772628e-05 4.87297488689364e-05 4.85139189549955e-05 5.13515310558432e-05 5.20626017532777e-05 5.18202195962658e-05 5.39611510248506e-05 0.000139318698529678 4.41202798810991e-05 3.57239284767275e-05 0.000105588273072499 5.15891492796072e-05 5.40107212145813e-05 5.50450001810532e-05 5.58424001155799e-05 5.79589395783842e-05 6.19810707576107e-05 6.59093911963282e-05 6.71336765663e-05 6.66521596031089e-05 6.59124698358937e-05 6.66707924210641e-05 6.7875201239076e-05 6.78899368722341e-05 6.81341716699535e-05 6.65310403746844e-05 6.06489911660901e-05 6.467695993706e-05 6.38276715108077e-05 6.1215469486342e-05 5.96098880123463e-05 6.30818890385854e-05 6.20861915194837e-05 6.32112714811228e-05 6.02516197432124e-05 6.58107387607743e-05 6.57377399875259e-05 6.00888806729927e-05 6.36621807643678e-05 8.72733980941121e-05
-9999 -9999 -9999 -9999 -9999 -9999 -9999 -9999 -9999 -9999 4.14107689721277e-05 4.80897988381912e-05 6.19818001723615e-05 6.66989990349975e-05 5.62591694688308e-05 0.000167255007909262 6.9730301220261e-05 5.86291916988557e-05 5.56287900508323e-05 4.74959697385202e-05 4.6242268581409e-05 4.16074685745116e-05 4.11453498827541e-05 4.44689285359345e-05 4.39016395148428e-05 4.49549014547301e-05 4.4690540562442e-05 4.59606112599431e-05 5.27571785369219e-05 6.1471048866224e-05 6.57030586808105e-05 6.78988508298062e-05 0.000181173300006776 6.9241367327777e-05 6.80110738358053e-05 6.78951869304001e-05 0.000177707996954268 6.53379097457218e-05 6.51911686873063e-05 6.57982591292239e-05 6.60575101392169e-05 6.1225771332829e-05 6.563332181031e-05 5.9984191921103e-05 6.18927488176269e-05 5.8987319789594e-05 6.6446901200834e-05 6.69877317704959e-05 6.81133005855372e-05 5.79585398554627e-05 7.40511986805359e-05 9.07445028133225e-05
-9999 -9999 -9999 -9999 -9999 -9999 -9999 -9999 -9999 4.07742895731644e-05 4.46869512416015e-05 6.05964005444548e-05 5.76890206502867e-05 6.16664010522072e-05 6.18243002463714e-05 5.70243510082946e-05 6.52259004709776e-05 5.74569494347088e-05 5.21890501659072e-05 4.86135518258379e-05 4.8743269417173e-05 4.28699711392255e-05 3.88407692071269e-05 3.38819286866965e-05 9.92421689716139e-05 4.20549199589004e-05 4.46954093149543e-05 4.83086614622152e-05 5.41594508831622e-05 5.62067912142084e-05 5.76184811507119e-05 6.09890807936608e-05 6.26661485512159e-05 6.37667612863879e-05 6.43931780359708e-05 6.4668980485294e-05 6.66407377138967e-05 6.75316582601226e-05 6.91170598656754e-05 6.54221585136838e-05 7.22252589184791e-05 6.28073594270973e-05 6.1459821608878e-05 6.04595184086065e-05 6.40478206150874e-05 6.1285061747185e-05 6.71922202855058e-05 6.09795415584813e-05 6.80530192767037e-05 6.64760682411725e-05 7.46404002711643e-05 8.33331996545894e-05
-9999 -9999 -9999 -9999 -9999 -9999 -9999 -9999 -9999 4.31342909905652e-05 5.02602306369226e-05 0.000156223504745867 6.1115268181311e-05 6.15123999523348e-05 5.69225712752086e-05 6.24386002527899e-05 5.99380318817566e-05 5.49830720046884e-05 5.49934989066969e-05 4.95075610160711e-05 0.000119327979518857 0.00011424269678173 4.02638313516945e-05 3.91871407146027e-05 3.81001517553159e-05 4.13572297475184e-05 4.66871688331594e-05 5.18824815571861e-05 5.61984506930457e-05 5.94712087149674e-05 6.05005393481406e-05 6.23666010142188e-05 6.23025002823852e-05 5.9706789215852e-05 6.60738783153647e-05 6.78549586154986e-05 7.06164519215235e-05 7.32009184503113e-05 7.34073064450058e-05 7.28987533875625e-05 6.65329016555916e-05 7.12676473995089e-05 6.47307892904792e-05 6.11995887993544e-05 6.60410896671237e-05 6.06573016739276e-05 6.0456500705186e-05 6.01416504650842e-05 6.06385488026717e-05 6.51930008643831e-05 8.113420153677e-05 7.43713007977931e-05
-9999 -9999 -9999 -9999 -9999 -9999 -9999 -9999 -9999 -9999 5.29620383531437e-05 5.25854006809823e-05 6.07251995461411e-05 6.15147000644356e-05 6.09273984082392e-05 6.3085801230045e-05 0.000157836997459526 5.35673602826137e-05 5.31827481609071e-05 4.85060381834046e-05 0.000123795612125832 4.27852494340186e-05 4.28821603009055e-05 3.76182102854727e-05 3.40957338380576e-05 3.57533710939606e-05 4.00044808657185e-05 4.79906002510688e-05 5.52476417396974e-05 6.03576904723013e-05 6.35291607977706e-05 0.000176745594217209 7.0720558596804e-05 7.25607906133519e-05 7.33395099814516e-05 7.43511373002548e-05 7.50372109905584e-05 7.3548383625166e-05 6.80590792399016e-05 7.3589401836216e-05 0.000191942395758815 7.17494613127201e-05 0.000182616695383331 6.80335397191811e-05 6.66839605401037e-05 6.49152716505341e-05 5.92963892813714e-05 5.98630613239948e-05 6.05973809797433e-05 6.56152988085523e-05 7.21433007129235e-05 8.47278988658218e-05
-9999 -9999 -9999 -9999 -9999 -9999 -9999 -9999 -9999 5.26199310115771e-05 5.29760391145828e-05 5.74100395169808e-05 5.99518798480858e-05 5.9545101976255e-05 6.6317599703325e-05 0.000181934501597425 4.85081486658601e-05 5.04658410136472e-05 4.29175011049665e-05 4.00267098257245e-05 4.84183517528436e-05 5.23699484347162e-05 4.77831088119274e-05 4.32666413416882e-05 4.52763205203155e-05 4.51396217613365e-05 4.26373514983425e-05 5.02491182032827e-05 5.70250401779049e-05 5.82129387112218e-05 6.56316892673203e-05 0.000177769505171455 6.54778491480101e-05 7.3755602898018e-05 6.97420764481649e-05 7.65429276725627e-05 0.000198883299162844 7.44573289921391e-05 8.69051982590463e-05 6.78873989272688e-05 7.2853912570281e-05 7.27371907487395e-05 6.31491502645076e-05 6.21233607489557e-05 6.575979932677e-05 6.61616195429815e-05 6.3577911532775e-05 6.34020502729982e-05 6.06820985922241e-05 7.61571991461096e-05 7.56067020120099e-05 8.17933014332084e-05
-9999 -9999 -9999 -9999 -9999 -9999 -9999 -9999 -9999 5.29205990460468e-05 5.44878612345201e-05 5.70505289942957e-05 5.06318310726783e-05 5.76795009692432e-05 6.66609994368628e-05 6.95459020789713e-05 6.87032988935243e-05 0.000150602900248487 4.32483293479891e-05 2.92038434395181e-05 5.29274816472025e-05 5.72105504943465e-05 5.8922551033902e-05 6.21416711510392e-05 6.88305590301752e-05 6.33670588285895e-05 5.6755671494102e-05 6.11093992120004e-05 6.10067681918736e-05 6.0805111843365e-05 6.99184611221426e-05 7.20434718459728e-05 7.45121433283202e-05 7.57281495680218e-05 7.50564668123843e-05 7.58854603191139e-05 7.75429371060454e-05 7.66260018281173e-05 7.82957004048512e-05 7.06499122316018e-05 7.38034023015643e-05 7.08204179318273e-05 6.33268687124655e-05 6.22636907792185e-05 6.09144312875287e-05 6.55848316455376e-05 5.82072207180317e-05 5.80145601816184e-05 6.08345080763684e-05 7.22810000297613e-05 7.46334990253672e-05 8.54947011248441e-05
-9999 -9999 -9999 -9999 -9999 -9999 -9999 -9999 -9999 5.34309983777348e-05 5.64716001463239e-05 5.75986987314536e-05 5.13420382048935e-05 5.6827899243217e-05 6.02316995355068e-05 0.000129592695884639 0.000120453001727583 4.91449195578753e-05 4.55761902458107e-05 3.9929510762704e-05 5.40001083209063e-05 6.26514097348263e-05 6.86320668137341e-05 7.18934707037988e-05 7.13400786480634e-05 7.07446383785282e-05 7.04234716977226e-05 7.34502696104755e-05 6.58281487631029e-05 6.25667084932502e-05 6.35053283986053e-05 7.47022686482524e-05 7.81245289545041e-05 0.000208005601962213 7.84239991844515e-05 7.49009996070527e-05 7.65071972637088e-05 7.68132031225832e-05 7.698199715378e-05 7.04077519912971e-05 6.77674115650007e-05 7.24234996596351e-05 7.18131568646641e-05 6.98959584042314e-05 6.06709709245479e-05 6.28227089691791e-05 5.77743203393766e-05 6.52293601888232e-05 6.19843808635778e-05 6.61082985971007e-05 7.43069977033883e-05 8.74452998687048e-05
-9999 -9999 -9999 -9999 -9999 -9999 -9999 -9999 4.82711984659545e-05 5.51109988009557e-05 5.97636990278261e-05 6.12277017353335e-05 5.283410064294e-05 5.31511404915364e-05 4.55264193988114e-05 6.31181992503116e-05 4.86926214762207e-05 4.63036892597302e-05 4.74353316803899e-05 4.92412389121455e-05 6.11415698585915e-05 7.50227527532843e-05 8.06129000920919e-05 8.07534015621059e-05 8.05899026090628e-05 7.9459803600912e-05 8.19260967546143e-05 8.0165396866505e-05 7.00640880495484e-05 7.01965018379269e-05 6.48502996227762e-05 6.84711085341405e-05 7.83929226599867e-05 7.87646968092304e-05 7.82036004238762e-05 6.80050980008673e-05 7.31303007341921e-05 6.69982309773332e-05 7.32834023438045e-05 6.93524880261975e-05 7.34558971089427e-05 6.48162299512478e-05 6.97419309290126e-05 6.76174604450352e-05 6.3823930304352e-05 6.28804396001215e-05 5.97402586208773e-05 6.1934670611663e-05 6.76174013278796e-05 7.47465001040837e-05 6.91692021064227e-05 8.14627019281033e-05
-9999 -9999 -9999 -9999 -9999 -9999 -9999 -9999 -9999 -9999 5.87147987971548e-05 5.60213002245291e-05 5.18532915521064e-05 4.48039113507548e-05 4.42907203250797e-05 4.9532100547367e-05 5.20686214713351e-05 4.87638610593422e-05 5.51850594092684e-05 5.51248792817205e-05 6.94973618919903e-05 8.18335029180162e-05 0.000223045406528399 8.13160022516968e-05 8.08160002634395e-05 7.91763986853766e-05 0.000214403098652838 7.55633009248413e-05 8.16587962617632e-05 7.85491029091645e-05 7.49936616557534e-05 6.52194985377719e-05 7.60652328608558e-05 7.8668502283108e-05 7.63842990636476e-05 7.1130067226477e-05 7.03779169271002e-05 7.10773274477106e-05 7.06474374965183e-05 7.0388127824117e-05 6.90967226546491e-05 6.69121686769358e-05 7.68705917835177e-05 6.57282189422403e-05 6.5794480178738e-05 6.08343084422813e-05 6.59415609334246e-05 6.04069086875825e-05 7.0779900852358e-05 6.60660989524331e-05 8.24866983748507e-05 7.57827983761672e-05
-9999 -9999 -9999 -9999 -9999 -9999 -9999 -9999 -9999 5.2044699259568e-05 5.68565983485314e-05 5.29782992089167e-05 4.77644587135728e-05 4.98757508466952e-05 4.76538100429025e-05 4.80933490507596e-05 5.00666010339046e-05 5.43133883184055e-05 6.53962888463866e-05 8.0575501669955e-05 8.23808013592497e-05 8.59333040352794e-05 7.94025017967215e-05 8.05070967544452e-05 0.000205161501071416 7.58182013669284e-05 7.65362028687377e-05 7.76436036176165e-05 7.76370961830253e-05 7.07773006070056e-05 7.04267285982496e-05 7.77558188929106e-05 7.94051684351871e-05 7.60492193876416e-05 7.48429365557968e-05 6.97575023878017e-05 7.04346066413564e-05 7.04430531186517e-05 6.98366216056456e-05 6.94258010298654e-05 6.77849379826512e-05 6.58762996863516e-05 6.11114687671943e-05 6.2768120187684e-05 7.0243109803414e-05 6.67456397422939e-05 6.03877615503734e-05 6.01742285653017e-05 7.45654015190667e-05 7.34269015083555e-05 7.87438984843902e-05 7.61658993724268e-05
-9999 -9999 -9999 -9999 -9999 -9999 3.69343285910873e-05 3.71339186813202e-05 4.03248911879928e-05 4.5626038172486e-05 4.75136412205757e-05 4.58677495771553e-05 4.4939478584638e-05 4.78350796129234e-05 4.94960097512376e-05 4.54142893886456e-05 5.15575184181216e-05 5.34106195573258e-05 6.89989069542207e-05 8.74194993230049e-05 9.2167798356968e-05 8.82820968399756e-05 8.48926010803552e-05 7.81690996518591e-05 7.62149993533967e-05 7.47482990846038e-05 7.47126014175592e-05 7.41562998882728e-05 7.47045014577452e-05 7.64278029237175e-05 8.04462024461827e-05 7.90217982284958e-05 8.12615971881314e-05 7.73837991800974e-05 7.28521672499483e-05 7.22284039511578e-05 7.18694104762108e-05 7.11889833837631e-05 7.05082575223059e-05 6.99080378581129e-05 6.89667594997445e-05 7.12432120053563e-05 7.18918799975654e-05 6.61616195429815e-05 6.92285993864061e-05 6.06624389547505e-05 6.93163992764312e-05 7.42369011277333e-05 7.67969013395486e-05 7.51133993617259e-05 8.40116990730166e-05 8.30272001621779e-05
-9999 -9999 -9999 4.32671615726576e-05 4.18538988924411e-05 3.87735192362015e-05 3.84611892059183e-05 3.83381697020013e-05 3.90207887903671e-05 4.15506185618142e-05 4.09384915656119e-05 4.10049790389166e-05 4.22790699303732e-05 4.2581949628584e-05 4.31145313086745e-05 5.4892361504244e-05 4.93106190333492e-05 5.47579484191374e-05 6.45958493805665e-05 7.69085881984211e-05 8.37794977996964e-05 8.36195031297393e-05 8.10738001746358e-05 7.77222994656768e-05 7.4630401286413e-05 7.44419012335129e-05 7.36639012757223e-05 7.22035983926617e-05 7.4005700298585e-05 7.40439008950489e-05 7.4428000516491e-05 7.83105015216279e-05 7.5140897934034e-05 7.5393456427264e-05 7.2164730681834e-05 7.47900376154575e-05 7.25850422895746e-05 7.13193012416014e-05 7.12626101631031e-05 6.96923216310097e-05 7.09361775079742e-05 7.4162703640468e-05 6.73835893394426e-05 7.04158010194078e-05 6.77500911479001e-05 7.83370014687534e-05 7.77199020376429e-05 7.27987990103429e-05 7.7891201726743e-05 8.96957026270684e-05 8.21824978629593e-05 8.36486979096662e-05
4.37421092556178e-05 4.38912102254108e-05 4.34036981005193e-05 4.31522717008193e-05 4.22187508775096e-05 3.94173505355866e-05 4.04968593556987e-05 3.9692898553767e-05 3.95429710806638e-05 0.000114232198484387 3.96749082938186e-05 3.89539286516083e-05 4.15082899962727e-05 4.304553840484e-05 5.17254195528949e-05 4.7609998318876e-05 5.36596985512006e-05 5.36198085683282e-05 6.36058789496019e-05 8.72041009642999e-05 0.000222077807848109 8.51868971949443e-05 8.5391302491189e-05 8.02285012468928e-05 7.31633008399513e-05 8.46231996547431e-05 6.56329975754488e-05 7.19913987268228e-05 7.23678022040986e-05 7.12916989868972e-05 7.02578008713317e-05 7.12703995304764e-05 7.46814021113096e-05 7.53375034037163e-05 7.54057764424942e-05 7.47237863834016e-05 7.02761917636963e-05 7.08214083715575e-05 6.98396206644247e-05 6.77719499435625e-05 6.16342395005631e-05 6.749651129212e-05 6.83748603478307e-05 6.74865405017044e-05 6.67395088385092e-05 7.90497979323845e-05 6.75334995321464e-05 7.57160014472902e-05 7.73818992456654e-05 9.15329001145437e-05 8.24641974759288e-05 8.37790030345786e-05
4.41843681073806e-05 4.40422911651694e-05 4.3185338654439e-05 4.28790112891875e-05 4.23427195528348e-05 4.04557013098383e-05 3.99082614421786e-05 3.85720204576501e-05 3.89509909837216e-05 3.75043814528908e-05 4.1346121179231e-05 4.25924295086588e-05 4.73951304229558e-05 4.27345586331285e-05 4.1603001477597e-05 4.59323117638633e-05 5.21964009294607e-05 5.83645289680135e-05 5.90257604926592e-05 8.66098034748575e-05 0.000242360307311174 8.31460965855513e-05 0.000227732198254671 8.35530008771457e-05 7.00897981005255e-05 0.000145647503813962 6.57071013847599e-05 7.20429998182226e-05 7.19912022759672e-05 6.87050996930338e-05 6.87255997036118e-05 7.14916996003012e-05 7.40657033020398e-05 7.23625898899627e-05 7.25007212167839e-05 7.28104596419143e-05 7.00020309523097e-05 6.96529905326315e-05 6.78357191645773e-05 6.61607600704883e-05 6.62417214698507e-05 6.67949088892783e-05 6.54554596621892e-05 6.55626308798674e-05 6.7450500864652e-05 7.99400004325435e-05 7.91678994573886e-05 7.78991015977226e-05 7.64093019824941e-05 8.40957018226618e-05 8.42804001877084e-05 7.73320971347857e-05
4.51686000815243e-05 4.43593401087128e-05 4.37501394117135e-05 4.31788084824802e-05 4.40777805579273e-05 4.16225398112147e-05 3.82313805857848e-05 3.76117491214245e-05 3.86714002615918e-05 3.87586496799486e-05 4.19796892856539e-05 4.32722683854081e-05 3.98637007492653e-05 4.87076088120375e-05 4.3069320554423e-05 4.16286095514806e-05 4.93695604291133e-05 5.13794184371363e-05 6.5522820023034e-05 6.60127707305946e-05 8.15403118394897e-05 9.14407028176356e-05 8.61112985148793e-05 7.47519025026122e-05 8.19789020169992e-05 7.7125099778641e-05 7.15041987859877e-05 7.15433998266235e-05 7.09510986780515e-05 6.8187899159966e-05 6.89439002599102e-05 6.99583015375538e-05 6.986240077822e-05 6.78325004628277e-05 7.15212290742784e-05 7.25779036656604e-05 7.07764402250177e-05 6.94255104463082e-05 6.8145868681313e-05 6.51181198918493e-05 6.45041882307851e-05 6.38685205558431e-05 6.64068693367881e-05 6.82805002725217e-05 6.24324393356801e-05 7.22823988326127e-05 7.90861013229005e-05 7.42650008760393e-05 7.76692013459979e-05 8.29494019853882e-05 8.35995997476857e-05 8.66137015691493e-05
4.51234486718022e-05 4.46227613792871e-05 4.43293183707283e-05 4.51690902991686e-05 4.29291585533065e-05 4.04667987368157e-05 3.65155317467725e-05 3.70362782859956e-05 3.79397697543027e-05 3.95554716305924e-05 4.38997910805483e-05 0.000127579746276751 4.78457493500173e-05 4.34912201399129e-05 4.76988786886068e-05 5.63506891921861e-05 5.88790899200831e-05 5.94929383623821e-05 6.17807204434939e-05 6.83568928252498e-05 8.32996984172496e-05 8.85931003722362e-05 8.43976995383855e-05 7.44027984183049e-05 8.40341017465107e-05 8.26337018224876e-05 7.59107006160775e-05 7.24202000128571e-05 7.79531001171563e-05 6.93554011377273e-05 6.6964401412406e-05 6.84246988384984e-05 6.76046010994469e-05 6.75173996569356e-05 7.2108502536139e-05 7.35435187380062e-05 7.24695964890998e-05 7.1066448072088e-05 6.85712711856468e-05 6.67768199491547e-05 6.64681210764684e-05 6.73518397888984e-05 6.78374999552034e-05 6.68521015541046e-05 6.57881691950024e-05 6.74521998007549e-05 7.95911983004771e-05 7.90414997027256e-05 8.35936007206328e-05 8.41687979118433e-05 8.3937899034936e-05 8.55826001497917e-05
4.60749702142493e-05 4.61473982795724e-05 4.62514303762873e-05 4.42920413661341e-05 4.06824508445425e-05 3.84348597890494e-05 3.69621284335153e-05 3.81878708139993e-05 3.81445097445976e-05 4.08038183650206e-05 4.31832108915842e-05 4.4249119127926e-05 4.08692316113957e-05 4.43748784846321e-05 4.52612307526579e-05 4.92599506287661e-05 0.000168405000295024 6.71436805532721e-05 0.000175752403265506 6.29490796200116e-05 8.47267001518048e-05 8.8182798208436e-05 8.35331993584987e-05 8.22612018964719e-05 8.30005992611405e-05 8.32093028293457e-05 8.17400978121441e-05 8.15107014204841e-05 8.17805994302034e-05 8.23842019599397e-05 7.12755027052481e-05 6.86924995534355e-05 6.89289008732885e-05 7.09795012880932e-05 7.25473018974299e-05 7.25210402379162e-05 7.27123278920772e-05 7.11572993168375e-05 7.05832690073294e-05 6.93965812388342e-05 6.91264494889765e-05 6.91583009029273e-05 6.70812005409971e-05 6.68939001116087e-05 6.60402001813054e-05 6.53472015983425e-05 6.56559996059514e-05 8.01505011622794e-05 8.1781900007627e-05 8.61301996337716e-05 8.80571969901212e-05 8.75590994837694e-05
4.82554210066155e-05 4.63331598439254e-05 4.4570918817044e-05 4.25803298185201e-05 3.99369087062951e-05 3.78153497422318e-05 3.93545803945017e-05 3.99520683913579e-05 3.91741691601055e-05 4.22605617131921e-05 0.000119534847726754 4.41767615484423e-05 4.36519783306721e-05 0.000124207939279586 4.2598370214364e-05 4.51097689619928e-05 5.37245414307108e-05 5.96564600527927e-05 7.1057641889638e-05 8.61537200762541e-05 0.000230872701649787 7.93920007708948e-05 0.000220550697122235 8.15804014564492e-05 8.27043004392181e-05 7.46825007809093e-05 8.24291964818258e-05 8.22189031168818e-05 8.23174996185116e-05 8.21408029878512e-05 8.12106991361361e-05 7.15426995157031e-05 7.28767008695286e-05 7.5357403147791e-05 7.53996973799076e-05 7.29284010958509e-05 7.35362018531305e-05 7.25824975233991e-05 7.13274985173484e-05 7.09125997673254e-05 6.98585699865362e-05 6.90380002197344e-05 6.77000016366947e-05 6.80222010487341e-05 6.70536001052824e-05 6.4993499108823e-05 7.25611007510452e-05 8.13553997431882e-05 8.41618020785972e-05 8.85197005118243e-05 8.78419996297453e-05 8.80685001902748e-05
4.73518382477778e-05 4.40185685874894e-05 4.41698516624456e-05 4.38677404872578e-05 4.07582890602498e-05 4.08561804761121e-05 4.00503110995487e-05 3.92202084640303e-05 0.000108472068404808 4.37698402038222e-05 4.54984515272372e-05 4.61562412965577e-05 4.21646485619931e-05 4.26025403612584e-05 4.41762404079782e-05 5.51006812656851e-05 6.47261690573941e-05 7.0193929332163e-05 6.24316203357012e-05 9.70590017459472e-05 0.000219349301914917 0.000217990200326312 8.17670988908503e-05 8.1102396507049e-05 8.22024994704407e-05 8.3701601397479e-05 8.32316000014544e-05 8.29259006422944e-05 8.30112003313843e-05 8.28033989819232e-05 8.86753005033825e-05 7.81313992774813e-05 7.03085988789098e-05 7.04474005033262e-05 7.03808000253048e-05 7.1019800088834e-05 7.07832014086307e-05 7.01684984960593e-05 7.12244009264396e-05 6.99608981449273e-05 6.93689980835188e-05 7.00028986102552e-05 6.9947401243553e-05 6.91664008627413e-05 6.91726008881233e-05 7.4847199357464e-05 7.82751994847786e-05 8.34041020425502e-05 8.89367001946084e-05 9.13655021577142e-05 9.05100023373961e-05 9.04874978004955e-05
4.64814706901961e-05 4.78013184874726e-05 4.8028179207904e-05 4.59624584436824e-05 4.18119204823597e-05 4.01142706323299e-05 3.93681915511479e-05 3.83123997380608e-05 0.000108692686808354 4.36839898156904e-05 4.45601697265374e-05 4.24675405383823e-05 3.95830196566749e-05 0.000102944993159326 4.59808102277748e-05 6.93494075676426e-05 6.80233420098375e-05 6.67171002532996e-05 6.46145008431631e-05 0.000228518396397703 0.000220545993215637 7.89276000432437e-05 7.8819997725077e-05 7.82888018875383e-05 7.19748022675049e-05 7.42377014830709e-05 8.28332995297387e-05 8.2989197835559e-05 8.34296988614369e-05 8.33441990835126e-05 9.21737992030103e-05 9.22487997740973e-05 7.09064024704276e-05 7.04032008798094e-05 7.08025982021354e-05 7.15984015187132e-05 7.16483991709538e-05 6.98523981554899e-05 6.86472003508243e-05 6.89600001351209e-05 6.82494010106893e-05 6.82460995449219e-05 6.8611398091889e-05 6.73701997584431e-05 7.7264097853913e-05 8.08223994681612e-05 8.16557003417984e-05 8.81164996826556e-05 9.30606001929846e-05 9.35811003728304e-05 9.41993021115195e-05 9.3430597189581e-05
5.02348398185859e-05 5.06950214003155e-05 4.95144990964036e-05 4.63027192836307e-05 4.06521512559266e-05 3.93852914157833e-05 3.95517702145298e-05 4.0066199062494e-05 4.25872303821961e-05 4.46271315013291e-05 4.11559692565788e-05 4.10624917321911e-05 3.99321894519744e-05 3.97871302766362e-05 4.87389211230038e-05 5.84957892897364e-05 0.000202220096980454 0.000194466998436837 7.59621125325793e-05 8.74172983458266e-05 8.78633018146502e-05 7.83266987127718e-05 7.76111010054592e-05 7.77366003603674e-05 7.86827986303251e-05 7.25212994439062e-05 8.18017033452634e-05 8.1979302194668e-05 8.29874006740283e-05 9.28497975110076e-05 9.37071999942418e-05 9.32481998461299e-05 7.1648300945526e-05 7.1023401687853e-05 7.15835976734525e-05 7.30135006961063e-05 7.24574993000715e-05 7.18544988558278e-05 6.98118992659147e-05 6.94436994308489e-05 6.8517001636792e-05 6.80618995829718e-05 6.75026003591483e-05 6.70767985866405e-05 8.34374004625715e-05 8.50545002322178e-05 8.87903988768812e-05 9.07752000784967e-05 9.39091987675056e-05 9.45409010455478e-05 9.71449990174733e-05 9.69165994320065e-05
