catData/variables/prey/Large.asc
NCOLS 409 
NROWS 350 
XLLCORNER 60.897278365 
YLLCORNER 5.843756025 
CELLSIZE 0.0892857 
NODATA_value -9999 
[rows 46 to 68 of 350, columns 156 to 207 of 409]
0.000171876599779353 0.000163773300300818 0.000231288104259875 0.00038976279029157 0.000362470098480117 0.000219508307054639 0.000156343401613412 0.000117076398964855 9.39308029046515e-05 0.000128914802189684 0.000117458099339274 8.62347988004331e-05 0.000102507601695834 5.3190500693745e-05 5.65993996133329e-05 4.26144015364116e-05 2.081247021124e-05 2.10494304155873e-05 3.10223103952012e-05 1.53828358406827e-05 9.40686898331933e-06 7.19762703482729e-06 9.06686621249264e-06 6.79123720459529e-06 5.23085255821343e-06 4.50326133005774e-06 5.43050880708051e-06 4.91168810157205e-06 5.95046509843655e-06 6.67285295818942e-06 7.58041564807854e-06 7.01793652524429e-06 5.74798740160531e-06 5.09416304161903e-06 4.64430856794706e-06 5.16085943047528e-06 4.2469997776351e-06 4.00933702060513e-06 7.7863965337599e-06 6.25093192851978e-06 2.3865078238039e-06 3.70673057936699e-06 4.82481661023826e-06 5.29512841218605e-06 6.54440598957251e-06 1.02990428700878e-05 6.34403466825972e-06 4.0213876451034e-06 8.37639063888673e-06 1.03225375980287e-05 8.05381099056035e-06 -9999
0.000524884992046282 0.000268212999799289 0.000224271207116544 0.000254343598498963 0.000215877000300679 0.000210065700230189 0.000178240607056068 0.000162241802172503 0.000101476201962214 6.624109846598e-05 9.90061016636901e-05 9.62724989221897e-05 9.77595009317156e-05 9.51098008954432e-05 0.000140872398333158 9.81891025730874e-05 3.59974992534262e-05 1.95378006537794e-05 1.95066097603558e-05 1.09172927409418e-05 9.98355685055685e-06 1.04240058931282e-05 1.01580564404458e-05 6.30250885791384e-06 6.39397059387647e-06 6.17344641540285e-06 5.54022694387868e-06 5.63936592357095e-06 5.08692130551935e-06 5.73206011367233e-06 6.63952030066639e-06 6.23170761571146e-06 6.14259381848115e-06 5.05159226626972e-06 4.88896452210952e-06 4.98470123488914e-06 5.51047901531376e-06 4.4525708169374e-06 7.01421607729458e-06 7.73445654189686e-06 4.46207782545116e-06 5.7356074290027e-06 4.68116873086899e-06 4.34034624596791e-06 6.61141568158996e-06 9.75895040511432e-06 8.15104269591416e-06 4.49885374997905e-06 5.39889725459375e-06 7.48974336062247e-06 8.24878394212192e-06 6.45975831581325e-06
0.000486956996610388 0.000227032796829008 0.000227562595682684 0.000185589400643948 0.000182547606527805 0.000265106602455489 0.000261690503975842 0.000253697002335684 0.000197553094039904 0.000116214501758805 0.000177878500835504 0.000165814300999045 0.000196347402379615 0.000176990099134855 0.000225226405746071 0.000135762202262413 5.32611993548926e-05 2.32632492043194e-05 1.7742739487403e-05 1.5263409295585e-05 1.73232007796287e-05 1.20540203170094e-05 8.56096272627838e-06 6.57751341748281e-06 5.96938408392589e-06 8.45902941648546e-06 7.81735333532652e-06 7.81247003089902e-06 5.22633177624243e-06 5.43227417182379e-06 4.66562293510719e-06 5.3909635795435e-06 5.72367378737226e-06 5.44585600437131e-06 5.11353767862488e-06 5.20832100647795e-06 5.12618268899701e-06 5.5748895668728e-06 6.28071864028357e-06 7.42711061718637e-06 6.54673919342486e-06 9.35982230743093e-06 5.51216558797307e-06 3.00780008855028e-06 5.54270236818866e-06 9.63281308941077e-06 9.22259600599773e-06 5.72574596802156e-06 4.03687912964301e-06 3.61388295821996e-06 5.39194573612178e-06 6.31395361949671e-06
0.000563619309104979 0.000189630794920959 0.000188556899956893 0.000222638002014719 0.000245982999331318 0.000213821294892114 0.000238070206250995 0.00051517099927878 0.00033411850745324 0.00020893609689665 0.000247763800871326 0.000212504401133629 0.000317501093377359 0.000267233008344192 0.000308404312818311 0.000155283698404673 7.38839989935514e-05 2.21973009502108e-05 1.59508099386585e-05 1.46837600141225e-05 1.66597296811233e-05 1.57922961534496e-05 1.39293017582531e-05 9.87059615908947e-06 7.35597883760875e-06 9.34255773188397e-06 1.25454011197235e-05 7.82417369293853e-06 4.9915246691512e-06 5.57317981630945e-06 4.68733506053809e-06 4.42523447929943e-06 4.67472996135143e-06 4.86001311728046e-06 4.92777185101545e-06 4.2290685726698e-06 4.23044258823779e-06 4.47507386702739e-06 5.13193377926768e-06 5.93627306955113e-06 5.78097950665324e-06 9.17527597721346e-06 5.51172931828603e-06 2.34945237620465e-06 3.78973743320188e-06 7.49872812377816e-06 7.0318329079555e-06 5.02344940045418e-06 3.72155815409059e-06 2.63370776032446e-06 2.94898558150791e-06 4.88746885096702e-06
0.000187819801794831 0.000195355700270738 0.000163189200975467 0.000165718993230257 0.000246562100073788 0.00017829049465945 0.000190797902178019 0.000199390997295268 0.000274792000709567 0.000268491894530598 0.000449016988568474 0.000288231996819377 0.000316369216307066 0.00028987319819862 0.000366487904102542 0.000259480701060966 0.000109819400677225 4.26050009991741e-05 2.37974402352847e-05 1.51381503883385e-05 1.15838491865361e-05 1.19360378789679e-05 1.30647133573802e-05 1.56580937868966e-05 1.4440496613588e-05 1.14589351483119e-05 1.01314243181605e-05 8.24870515714338e-06 4.96257745652429e-06 5.80423086660176e-06 5.89869490852379e-06 4.79766820760119e-06 4.81929709650331e-06 4.40278691193896e-06 4.26712561996112e-06 4.18153220493878e-06 4.31314654747439e-06 4.11394393040609e-06 4.28353713388674e-06 3.98063580675512e-06 -9999 -9999 -9999 -9999 3.89454538485268e-06 5.05513354909226e-06 5.70852047587778e-06 4.03821838457219e-06 2.94410064682893e-06 2.29672063500885e-06 2.43774899377769e-06 -9999
0.000180849696334917 0.000186201599717606 0.000154521898366511 0.00015694199828431 0.000201483802811708 0.000251237004704308 0.000257606996456161 0.000266229006228969 0.000179820104676764 0.000386993997381069 0.0003675219923025 0.00029325790819712 0.000431092114013154 0.000362222897820175 0.000306642788928002 0.000288684204861056 0.000215264000871684 0.000137997598358197 6.24219992459984e-05 3.40269593834819e-05 2.1688390233976e-05 1.29908316353067e-05 9.37196134032092e-06 1.43175194580181e-05 1.8474217313269e-05 1.69924161355084e-05 1.00474933049099e-05 8.73444787430344e-06 5.7696366724258e-06 5.45342118130066e-06 7.4331352095669e-06 7.42502320605354e-06 6.92183237305244e-06 6.10124939015577e-06 5.79987715099151e-06 4.87520939529418e-06 4.40358597408874e-06 3.76953464886753e-06 3.34685144132152e-06 3.12484954267944e-06 -9999 -9999 -9999 -9999 -9999 3.40195125847487e-06 4.29774679844286e-06 3.26463147803935e-06 -9999 -9999 -9999 -9999
0.000142296397825703 0.000183420699613634 0.000151723899762146 0.000153697998030111 0.000152801600052044 0.000197082801605575 0.000206684999284334 0.000173138098034542 0.000352617003954947 0.000303546999930404 0.000274057005299255 0.000286487993435003 0.000278727500699461 0.000404374593927059 0.000323369687976083 0.000194657099200413 0.00010042779831565 6.78403994243126e-05 8.17375985207036e-05 4.1186699490936e-05 2.03323997993721e-05 1.54734997295236e-05 1.40578877108055e-05 1.52495711631673e-05 1.19863453278413e-05 1.82164593525158e-05 1.46147891655346e-05 1.26895488961054e-05 7.11150910603919e-06 5.24749522412549e-06 6.58430015221256e-06 8.02548684930571e-06 5.87911299021471e-06 6.35948164529054e-06 8.43855201537735e-06 7.32401992564746e-06 5.15674970102964e-06 3.87636706555838e-06 4.01366887814447e-06 4.55550276967642e-06 4.41339686396702e-06 -9999 -9999 -9999 -9999 -9999 3.27099563701694e-06 -9999 -9999 -9999 -9999 -9999
0.000176645000465214 0.000180599403392989 0.000185481796506792 0.000190394101082347 0.000153867804328911 0.000193589999980759 0.000211945996852592 0.000237859305343591 0.000251016092079226 0.000311346797388978 0.000188933503523003 0.000259790002019145 0.000285906993667595 0.000240070701693185 0.000266776303760707 0.000403463294787798 0.000166825495398371 3.38361796821118e-05 3.95960396417649e-05 4.2652399315557e-05 3.42699909197108e-05 2.48497794927971e-05 1.91381496961185e-05 1.30683225734174e-05 9.6153356139439e-06 2.26733091039932e-05 3.18070597131737e-05 1.53353598761896e-05 1.02640841532775e-05 8.50011015529617e-06 7.77713010791103e-06 6.67406185073105e-06 4.72205414681071e-06 6.06440981698597e-06 8.78657559155727e-06 1.06595135918042e-05 7.78061129835805e-06 4.66786919162132e-06 6.02014587158806e-06 7.24394332252132e-06 4.19372944726604e-06 -9999 -9999 -9999 -9999 -9999 -9999 -9999 -9999 -9999 -9999 -9999
0.000173829197592568 0.000176231194927823 0.000178778005647473 0.000182513605977874 0.000186949095223099 0.000190994200238492 0.000212765706237406 0.000236544095969293 0.000248940195888281 0.000238426997384522 0.000229067009058781 0.000255594997724984 0.000255336010013707 0.000195659500604961 0.000492341991048306 0.000304369496006984 0.000461454888863955 0.000470268001663499 0.000112887704744935 3.86805995731265e-05 3.4203570066893e-05 2.04639507046522e-05 1.53038901089531e-05 1.27463937360517e-05 1.25512102613357e-05 3.20866802212549e-05 6.66684009047458e-05 1.75493200913479e-05 9.10721689706406e-06 7.5026359667163e-06 6.52428114733539e-06 5.88291590020162e-06 4.10955197693852e-06 4.40918311284122e-06 6.53728990585023e-06 1.05804237193752e-05 1.02394970156183e-05 6.97669516824817e-06 8.29992069384389e-06 5.70485173767565e-06 3.49485192785437e-06 6.94902520592677e-06 -9999 -9999 -9999 -9999 -9999 -9999 -9999 -9999 -9999 -9999
0.000167811900610104 0.000170248698850628 0.000172274500073399 0.000174175598658621 0.000296680998872034 0.000185714197868947 0.000193736901564989 0.000201408802240621 0.00035186400054954 0.000217819899262395 0.000211343896808103 0.000225130002945662 0.000246470292040613 0.000453683009254746 0.000187747900781687 0.000322366991895251 0.000349059999280144 0.00035673758975463 0.000514281011419371 0.000359681289410219 0.000244962895521894 6.59358011034783e-05 3.23977301377454e-05 2.02486507987487e-05 3.88109001505654e-05 8.88553004187997e-05 7.01489007042255e-05 1.99538503693475e-05 1.32649604438484e-05 1.0188789701715e-05 7.29250081121791e-06 5.44100501542744e-06 4.073557022366e-06 4.1410597724223e-06 5.80903461155913e-06 7.51261316622731e-06 1.05837048920421e-05 1.24611913463468e-05 7.73858981517606e-06 9.09651043912163e-06 5.42322931096351e-06 9.63627395833555e-06 -9999 -9999 -9999 -9999 -9999 -9999 -9999 -9999 -9999 -9999
0.000262851906882133 0.000271807992248796 0.000129982203361578 0.000170568899193313 0.000174993198015727 0.000180100803845562 0.000185905795660801 0.000192826701095328 0.000198300098418258 0.000200725997274276 0.000149879102536943 0.000205593205464538 0.000218045999645256 0.000377953998395242 0.000190453101822641 0.000202935800189152 0.00031405600020662 0.000351841001247521 0.000361883998266421 0.000408166997658554 0.000453571097750682 0.000207593708182685 7.18790997780161e-05 6.32625997241121e-05 6.13477004662855e-05 0.000148333900142461 6.04173983447254e-05 5.94561006437289e-05 3.84449995181058e-05 2.67149603132566e-05 1.00396100606304e-05 6.51633791903805e-06 5.66118708889007e-06 5.89643495629844e-06 8.64279081724817e-06 1.05166647585975e-05 1.15363477561914e-05 1.27040703432613e-05 1.33708613248018e-05 1.08043399222879e-05 1.42161497365123e-05 1.77993566694568e-05 1.65338512374547e-05 -9999 -9999 -9999 -9999 -9999 -9999 -9999 -9999 -9999
0.000150093997945078 0.00015382090350613 0.000161156800459139 0.000165079502039589 0.000171790597960353 0.000177250600245316 0.000182572999619879 0.000307301001157612 0.000190939797903411 0.00019417839939706 0.000202119597815908 0.000167645397596061 0.000318390004395042 0.000278641600743867 0.000359908997779712 0.000256496496149339 0.000225455296458676 0.000267772004008293 0.000204131596547086 0.000237628308241256 0.000332292991515715 0.000294505705824122 0.000251213597948663 0.000163432698172983 0.000153093300468754 0.000146021997352364 0.00014924490096746 6.48923996777739e-05 3.47491995853488e-05 2.39237906498602e-05 1.51909200667433e-05 1.1799949561464e-05 7.56522888423206e-06 5.39385192155351e-06 6.14397181664117e-06 8.90055957825098e-06 9.10866168624125e-06 6.71322106882144e-06 6.32446778325857e-06 5.17462110138922e-06 5.48062901373214e-06 1.35130147214113e-05 1.28038490743165e-05 3.41776049594955e-06 -9999 -9999 -9999 -9999 -9999 -9999 -9999 -9999
0.000151464999362361 0.00016134200268425 0.000176244997419417 0.000176160996488761 0.00017301739717368 0.000174351000168826 0.000179174901859369 0.000184324904694222 0.000187000900041312 0.000189425794815179 0.000234377999731805 0.000367985994671471 0.000143238401506096 0.000330702008795924 0.00026022700330941 0.000172688800375909 0.000255762002780102 0.000235177998547442 0.000242133006395306 0.000189831604075152 0.000297599006444216 0.000326244007737841 0.00024117899738485 0.000268980496912263 0.000155372898007045 0.000194586005818564 0.000136275601107627 9.04047992662527e-05 4.3254200136289e-05 1.71866197433701e-05 1.05566102774901e-05 8.65607000832824e-06 8.73932981448888e-06 6.9063272007952e-06 6.3430301935341e-06 8.11518540899669e-06 7.66212986036408e-06 6.58607308423598e-06 9.28449640014151e-06 1.04084566885376e-05 7.40285514666539e-06 1.48028383932797e-05 1.79122591816849e-05 8.6188140073773e-06 -9999 -9999 -9999 -9999 -9999 -9999 -9999 -9999
0.000163946002430748 0.000278900595731102 0.000251354307692964 0.000181151204742491 0.000174897497345228 0.000179654605744872 0.000180248098331504 0.000179429502168205 0.000181605697434861 0.000145255500683561 0.000148586303112097 0.000345221007592045 0.0002109705019393 0.000314995006192476 0.000222960894461721 0.000336814002366737 0.000157350303197745 0.000167798003531061 0.000247388001298532 0.000245100003667176 0.00028043199563399 0.000312215197482146 0.000297564096399583 0.000282524502836168 0.000427038488851395 0.000147087997902418 0.000187794496014249 0.000116572602564702 8.28580996312667e-05 4.39245995949022e-05 2.44475309045811e-05 1.43590903007862e-05 9.33432977490156e-06 7.89202601936267e-06 7.85837309535964e-06 7.90198481581683e-06 7.41351820465752e-06 9.2486045843998e-06 7.29991391779095e-06 1.1007995624368e-05 1.94094800463063e-05 1.66669606187497e-05 1.92481900285202e-05 -9999 -9999 -9999 -9999 -9999 -9999 -9999 -9999 -9999
0.000163450000400189 0.000255897095485125 0.000284288697002921 0.000236499690799974 0.000172506501257885 0.000175698696693871 0.000180436698428821 0.0001769608061295 0.000176182300492655 0.000179378497705329 0.000184125201485585 0.000191444101801608 0.000307477006572299 0.000135271802719217 0.000303941007587127 0.000309680006466806 0.000198969704797491 0.000227686898142565 0.000254304897680413 0.00027313479949953 0.000234937404457014 0.000299706000078004 0.000423844496253878 0.000397657204302959 0.000279564999800641 0.000191993094631471 0.000162316202477086 0.000141827800689498 7.30559986550361e-05 4.51363994216081e-05 2.2964419258642e-05 1.54326098709134e-05 2.17615997826215e-05 1.88287399396359e-05 1.51841802562558e-05 1.49164895901777e-05 9.01914791029412e-06 9.12718371637311e-06 1.42800001867727e-05 1.54280101014592e-05 2.41648192513821e-05 2.04002901682543e-05 1.08780641312478e-05 5.46872710316393e-06 -9999 -9999 -9999 -9999 -9999 -9999 -9999 -9999
0.000407838997489307 0.000171831699844915 0.000237453597947024 0.00020700010645669 0.000160716503160074 0.000161726806254592 0.000165811296028551 0.000164282500918489 0.000177391302713659 0.000177262700162828 0.000179581504198723 0.000183369898877572 0.000147536702570505 0.000205328302399721 0.000202997900487389 0.000290954005322419 0.000287692993879318 0.000320624007144943 0.000388361004297622 0.000246032097493298 0.000218254695937503 0.000229609693633392 0.000385916311643086 0.000233384009334259 0.000214996602153406 0.000169930797710549 0.000109891800093465 0.000100904399005231 9.4027000159258e-05 6.88897998770699e-05 4.27984014095273e-05 8.59865958773298e-05 0.000946373123952071 0.00018197059398517 3.92364991057548e-05 3.22299492836464e-05 1.82565602244722e-05 1.54832200678356e-05 3.05736393784173e-05 2.31369599532627e-05 2.63191009253205e-05 1.17034005597816e-05 7.57791599426128e-06 5.78100116399582e-06 6.05868686420763e-06 -9999 -9999 -9999 -9999 -9999 -9999 -9999
0.000158641501911916 0.000158872499014251 0.000157438400492538 0.000152167500345968 0.000156600901391357 0.00015720469673397 0.000156983405759092 0.000171437801327556 0.000224858107685577 0.00018106350034941 0.000175150300492533 0.00013912990107201 0.000141919197631069 0.000337761011905968 0.000135658403451089 0.000311497002257966 0.000297416991088539 0.000292590993922204 0.000191627201274969 0.000219046203710604 0.000230321398703381 0.000247411706368439 0.000260788503510412 0.000212327402550727 0.000215135907637887 0.000124386500829132 0.000112329500552732 0.000101692097814521 0.000106006402347703 8.89301991264801e-05 9.609290282242e-05 0.000186996905540582 0.000869862720719539 0.000336250494001433 5.79852985538309e-05 3.54893008989166e-05 3.17415697281831e-05 3.0085079743003e-05 3.13870905301883e-05 1.21559496619739e-05 1.36814204552138e-05 9.84352760724505e-06 6.95056291988294e-06 5.75537687552696e-06 -9999 -9999 -9999 -9999 -9999 -9999 -9999 -9999
0.000156265101395547 0.000156412505020853 0.000153365297592245 0.000147384198498912 0.000151730899233371 0.000154702705913223 0.000155174901010469 0.000202238894416951 0.00021266959811328 0.000178486399818212 0.000177834896021523 0.000177160203747917 0.000140784504765179 0.00018014530360233 0.00032196199754253 0.000144721001561265 0.000315359997330233 0.000286998998490162 0.000303339002130087 0.000158947201271076 0.00019217510271119 0.000238015498325694 0.000213969200558495 0.000167023004905786 0.00014059889872442 0.000121921002573799 0.000141087202791823 0.000156539597810479 0.000170948096638313 0.000149165196489776 0.000177922498551197 0.000299268009257503 0.000958875723881647 0.00107691703306045 9.92387012956897e-05 2.02507799258456e-05 1.78325401520851e-05 2.23651904889266e-05 2.10605098800443e-05 1.06367897387827e-05 7.85597009667072e-06 9.89977797871688e-06 8.33402873468003e-06 6.60876014535461e-06 -9999 -9999 -9999 -9999 -9999 -9999 -9999 -9999
0.000150603598740418 0.000153590801346581 0.000150617299368605 0.000143423196277581 0.000149564300954808 0.000120229997264687 0.000120585904369364 0.000151675696542952 0.000506230106111616 0.000177022797288373 0.000184409698704258 0.000183372998435516 0.000176488305442035 0.00017575499805389 0.000138749695906881 0.000315590994432569 0.000137641698529478 0.000177229703695048 0.000178605601831805 0.000346845001331531 0.000231093399634119 0.000240547495195642 0.000233936596487183 0.000146651800605468 0.000199358401005156 0.000353213996277191 0.000199487090867478 0.000193410909560043 0.00022967630502535 0.000198410598386545 0.000179643204319291 0.000178446603968041 0.000535072325874353 0.000511819405801361 7.35434023226844e-05 3.23210006172303e-05 2.14214701372839e-05 1.6134079942276e-05 1.25854104453538e-05 1.11186501499105e-05 9.84769792466977e-06 8.01449590426273e-06 7.04681522734063e-06 6.24016419692452e-06 4.96842002917219e-06 -9999 6.32583811466247e-06 6.64121805016293e-06 6.25997782321974e-06 -9999 -9999 -9999
0.000146056299854536 0.00015261829685187 0.000245413000811823 0.000140238800668158 0.000144162702781614 0.000147915096022189 0.000117762701847823 0.000169116101460531 0.000177327201527078 0.000179645197931677 0.000186710101843346 0.000182554496859666 0.000175062799826264 0.000175249901076313 0.000174494802195113 0.000139550298627 0.000137761198857334 0.000148430095578078 0.00018810509936884 0.00015210040146485 0.000160869298269972 0.000226392592594493 0.00020343509822851 0.000228100005188026 0.000187098296009935 0.000240143606788479 0.000404678008635528 0.000204320895136334 0.000127570099721197 0.000129528398247203 0.000122403096611379 0.000123998401249992 0.000220712703594472 0.000154220895637991 7.21489996067248e-05 5.37799005542183e-05 3.66774993381114e-05 2.29664506150584e-05 1.31490402281997e-05 1.00384895631578e-05 9.37566039738158e-06 6.8894668743269e-06 6.4625091056314e-06 6.58052303492696e-06 5.41089417538387e-06 6.94502301712419e-06 6.8237208949995e-06 7.81741783839607e-06 6.30182321970096e-06 4.92692217335389e-06 -9999 -9999
0.000143820798257366 0.000147307895531412 0.000144608697155491 0.000141438897117041 0.000146504797157831 0.000115170299977763 0.00014789429405937 0.000154692002979573 0.000165862300491426 0.000174061795405578 0.000179080801899545 0.000176888403075282 0.000175045897776727 0.000174747699929867 0.00017449999722885 0.000170205894391984 0.000167562604474369 0.00013992049935041 0.000330932991346344 0.000144470504892524 0.000150544699863531 0.000356112999725156 0.000368206994608045 0.000191433493455406 0.00019098640041193 0.000222315000428353 0.000170170595083619 0.000190724502317607 0.000177326801349409 0.000138639101351146 0.000153387500176905 0.000125407099403674 0.000168392198247602 0.00011171249934705 7.56502995500341e-05 6.23841988272034e-05 6.35703981970437e-05 5.25696013937704e-05 3.66640015272424e-05 2.28081298700999e-05 1.44187101795978e-05 7.33014400111642e-06 8.29523804668497e-06 1.05061602653223e-05 8.26378118290449e-06 8.73175707738483e-06 1.12747901539478e-05 1.00420198805296e-05 7.42142003673507e-06 5.27842517783483e-06 -9999 -9999
0.000141153403092176 0.000142804899951443 0.000141214695759118 0.000143191500683315 0.000243597009102814 0.000148390798131004 0.000152744592924137 0.000158755101438146 0.000164934601343703 0.000169422499311622 0.000172329193446785 0.000174717300978955 0.000173861997609492 0.000173628395714331 0.0001683549999143 0.000167106103617698 0.000163612799951807 0.0001334515036433 0.00014145109889796 0.000141555996378884 0.000184372205694672 0.000152339700434823 0.000215619096707087 0.000184739103133325 0.000181887800863478 0.000172858402947895 0.00017806429968914 0.000139404499350348 0.000165799097885611 0.000145285204780521 0.000122729503345909 0.000105380597233307 0.000122031800856348 0.00012076169878128 0.000101957899460103 0.0001090498008125 0.000105028600955848 8.12760008557234e-05 5.12918995809741e-05 2.65401004071464e-05 1.76511402969481e-05 8.40106008581643e-06 1.16101396088197e-05 2.73717005256913e-05 2.67160512521514e-05 1.84704895218601e-05 1.22452097457426e-05 6.20202283130311e-06 4.65748897227058e-06 4.37850016510311e-06 3.99308002840826e-06 -9999
0.000133950903546065 0.000136355898575857 0.000140476498927455 0.000142974800837692 0.000149119900015648 0.000151029096741695 0.000152985398017336 0.000156485002662521 0.000160233299538959 0.000166319201525766 0.000167044498084579 0.000778156903834315 0.000266977593128104 0.0002465247962391 0.000165166704391595 0.00016465550288558 0.000164873599715065 0.000167062498803716 0.000173030202859081 0.000140391406603158 0.000333030009642243 0.000151851098053157 0.000218617205973715 0.000192653700651135 0.000214653002331033 0.000173187501786742 0.000141301898111124 0.000318120990414172 0.000182506897544954 0.000153342400153633 0.000126255003124243 0.000138355302624404 0.000143515102536185 0.000318290003633592 0.00016524250531802 0.000156525602506008 0.000127412098663626 0.000104344300780213 8.39530002849642e-05 6.94942991685821e-05 5.35543986188713e-05 1.76797702806653e-05 2.28438402700704e-05 4.61872004962061e-05 1.33865603402228e-05 1.4412599739444e-05 1.30708003780455e-05 7.24086777381672e-06 3.93333411352614e-06 3.35736774559336e-06 4.03706091134381e-06 5.02704577343138e-06
