catData/variables/prey/Medium.asc
NCOLS 409 
NROWS 350 
XLLCORNER 60.897278365 
YLLCORNER 5.843756025 
CELLSIZE 0.0892857 
NODATA_value -9999 
[rows 161 to 183 of 350, columns 104 to 155 of 409]
-9999 8.1147411378879e-05 6.96684102194922e-05 6.29095991371287e-05 5.88454797707527e-05 5.47524202829663e-05 0.00019556015456601 4.90903998979775e-05 5.1144269264114e-05 0.000213754640867592 6.62333086438593e-05 0.000219958872662573 0.000221016590558065 0.000399932584969065 6.24053016053949e-05 6.35031287856691e-05 6.43873892158808e-05 6.47200677121873e-05 6.82397021591896e-05 0.000257265077379998 0.000257696133303398 5.78606602630316e-05 5.73359694726605e-05 0.000224557285832816 5.64340887194703e-05 5.42239159813107e-05 5.29482242086488e-05 5.19141763106745e-05 3.12590223359166e-05 0.000544337677752083 3.22247444444201e-05 4.9709040098378e-05 4.02801843222278e-05 4.02871629461288e-05 4.80945144616385e-05 4.43918178589797e-05 4.43762526174396e-05 4.59908876386805e-05 4.05667716130154e-05 4.27772147233441e-05 4.37983640502182e-05 5.36720911696875e-05 4.63628501137237e-05 6.07431339574305e-05 6.20355497460423e-05 6.43413316652186e-05 6.63133488956191e-05 6.98000930015041e-05 7.16824021083085e-05 6.9553581852233e-05 7.17453004028812e-05 7.33705565778564e-05
8.37399710462705e-05 6.79297401120493e-05 6.20321897031317e-05 5.82167701850267e-05 5.3718768640465e-05 5.16112982040795e-05 6.4569341020615e-05 4.93732102313515e-05 4.91607407866468e-05 5.08915497903217e-05 6.61873100398225e-05 0.000220537871655324 7.62499610118539e-05 6.47564907012566e-05 6.26725412757878e-05 0.000206052903990894 0.000211872606996621 6.28834602593997e-05 6.51759407901409e-05 0.000253314096426038 6.42228010292456e-05 5.9773810335173e-05 0.000221794414073884 0.00023281595156277 0.000236392944430008 5.43744685614911e-05 5.36442196334974e-05 5.24046189980254e-05 5.13741098870923e-05 3.24833013962689e-05 3.30879241801085e-05 5.07465230299431e-05 4.88932400912745e-05 4.14885591766279e-05 4.18946124938202e-05 4.57147681132142e-05 3.86559786988983e-05 4.55328312121139e-05 4.14598696920621e-05 5.07895139758574e-05 5.17380526581235e-05 4.53827392092876e-05 4.62566681562748e-05 5.12305821587233e-05 6.12311705907587e-05 5.40332024741019e-05 6.71180664539861e-05 7.0274799213621e-05 7.16630731290024e-05 7.25603979390144e-05 7.35186936822174e-05 7.48901064184793e-05
0.000229221062227225 5.20175204883344e-05 5.68811703942629e-05 5.420872889772e-05 5.1869430762963e-05 4.96085094709997e-05 4.86583915062511e-05 0.00021465803342835 4.92062896455536e-05 0.000215301477055618 5.26727301348728e-05 5.68178598996383e-05 7.85846793860401e-05 6.50594597573217e-05 7.82682893714082e-05 5.9063160392725e-05 0.000209725238619285 0.000229814707381593 8.43298782911006e-05 0.000267726786660205 0.000277521618500032 0.000286929549702108 7.7534228694276e-05 6.24225590399874e-05 0.000241177589487052 5.84709807753825e-05 5.51589878909908e-05 5.30996129555206e-05 5.16901418734506e-05 5.22064374877118e-05 5.28087538782529e-05 5.23018549927201e-05 5.08475260119212e-05 5.05412045441744e-05 5.06527921970701e-05 4.70370136156362e-05 4.70048292307013e-05 4.04465368006868e-05 4.87330419893794e-05 5.10476385464642e-05 5.15585745457514e-05 0.000114835985758788 4.57891783369746e-05 4.70723836016873e-05 5.25972836697974e-05 6.36278194861006e-05 5.78793098782171e-05 7.14759661377684e-05 6.22694192315976e-05 7.59628396735934e-05 7.77170748733624e-05 7.85501539439792e-05
4.94584122634478e-05 4.77033610195576e-05 5.4599881195827e-05 5.18498602559703e-05 6.4924699245239e-05 4.99847410537768e-05 4.5955259679431e-05 4.68799803456932e-05 4.81340485976034e-05 5.11651403485303e-05 5.1447578925945e-05 5.67166489418014e-05 6.2473068055624e-05 6.36692586795107e-05 6.32721905731159e-05 7.81304906922742e-05 5.7995249335363e-05 8.28356405691011e-05 0.000265348114453445 0.000286638988654886 0.000295171009383921 7.08673285316763e-05 0.000270830277031564 6.72540988944093e-05 5.67972695080243e-05 6.16800316493027e-05 5.80114548256461e-05 5.54979874891615e-05 3.29199751831766e-05 3.3359253876597e-05 5.3882827671714e-05 5.43681555598141e-05 5.38792685347289e-05 5.27733216841852e-05 5.16323751185155e-05 4.83802345954132e-05 4.07975464078447e-05 4.83613688846418e-05 4.21715412493029e-05 4.35704107442092e-05 5.07786066341609e-05 5.18191459004669e-05 4.52182384833577e-05 5.48016512489369e-05 4.90787602345222e-05 5.68438888137734e-05 5.95576799184983e-05 6.16397652777323e-05 7.63620006978272e-05 7.90137359558685e-05 8.17643240225152e-05 8.34493304182615e-05
4.55489997648328e-05 4.64871909571229e-05 5.21329695857276e-05 5.07505194491387e-05 4.94768187309091e-05 4.95395795496734e-05 4.80178849215918e-05 4.97925116746956e-05 4.97513225923285e-05 5.033730951709e-05 6.69933679091628e-05 5.69125404581428e-05 6.06641517606477e-05 6.23465384705923e-05 6.15114101947256e-05 5.68268296774477e-05 0.000235342305813901 0.000242161111827954 6.53776189665223e-05 0.000285402027884629 7.17323898697941e-05 9.39812471187906e-05 9.56778601448605e-05 9.31773097363475e-05 7.18534397492476e-05 8.31920276596065e-05 3.63724590215497e-05 7.77019783981814e-05 3.52845436282223e-05 3.47419366448776e-05 3.47206002402345e-05 5.68887479914792e-05 5.62589081312126e-05 0.000574901455479448 4.39101086868732e-05 4.17214415193712e-05 4.89728057111449e-05 4.19192460281437e-05 4.96603186110889e-05 5.04120230218064e-05 5.01278137647887e-05 4.34815675864897e-05 4.43884925482863e-05 4.58601374848655e-05 4.81197307848902e-05 5.545472684787e-05 7.02181123415357e-05 7.2214355526512e-05 7.83744145564924e-05 8.19719746800729e-05 8.5905394485053e-05 8.60595321796609e-05
5.33229188022233e-05 5.2555461479642e-05 5.14672103690827e-05 5.14184896474035e-05 5.21827798820595e-05 0.000270087781700568 0.000231227809877055 0.000241008457464886 5.0832429849379e-05 0.000242065189752338 5.42366292393126e-05 0.000220243512330853 5.65584805372055e-05 5.31028908881126e-05 5.89344717809581e-05 5.98123704094178e-05 7.96180820543668e-05 8.3407559486659e-05 0.000257282116308488 6.73678605380701e-05 8.93897024525359e-05 9.72487925992027e-05 0.000101680419447803 7.16175793513685e-05 7.23693301551975e-05 -9999 -9999 6.36643304687823e-05 -9999 6.16071483818814e-05 3.59435836116972e-05 4.92320564831061e-05 5.52310509220888e-05 5.45555970177247e-05 4.89760744386558e-05 4.80109566893816e-05 4.90703775124501e-05 4.20429428729108e-05 4.2573068616214e-05 4.99642819224988e-05 4.31925694415192e-05 5.07632986694873e-05 4.40248384263597e-05 5.33380845411102e-05 4.83108917457287e-05 6.56165612582527e-05 7.07513533342308e-05 7.36175782094506e-05 8.08504154861112e-05 8.42988134195366e-05 8.95178347946057e-05 9.20801368806679e-05
0.000302293383469987 5.40203102445957e-05 5.34131810354666e-05 5.36160102910799e-05 5.45154102837841e-05 5.56497213892726e-05 0.000204563018769477 0.000248467459414314 5.46567066521675e-05 5.59783765083921e-05 5.49410005987738e-05 6.99643214829848e-05 0.000213616086284674 5.72659112094698e-05 5.38307410806738e-05 5.4513799796041e-05 7.89880186857772e-05 6.41693607121852e-05 0.000253976075555329 9.236950131708e-05 9.6399511448908e-05 0.000100285368489494 8.42012620978494e-05 8.30038177355163e-05 -9999 -9999 -9999 6.58737482126526e-05 6.46736899625466e-05 6.36891285239471e-05 4.98792112466617e-05 5.70298940658631e-05 5.48790159768942e-05 5.40687666301665e-05 3.98202850888651e-05 4.07248615310607e-05 4.11519226943824e-05 4.1782676684754e-05 4.25389334024473e-05 4.3264229714346e-05 4.32464845134817e-05 5.09094636234053e-05 5.17483413995379e-05 5.34052065450652e-05 5.63892331264526e-05 6.60994560348627e-05 7.15530081976112e-05 7.71195736035679e-05 8.21051887101021e-05 8.56395045616409e-05 9.26398400906692e-05 9.64548539741372e-05
5.42585711400534e-05 0.000285698810216672 5.38534510496902e-05 5.50855509118264e-05 5.65284892672935e-05 5.00765704600781e-05 5.28084995039535e-05 5.36432107764995e-05 5.55321610136161e-05 0.00024813439256377 0.000212467612982437 0.000215719384641488 5.67978208891873e-05 5.90122217545286e-05 6.15830806509621e-05 5.80546118271741e-05 5.97374487369962e-05 6.10782294643286e-05 8.72784798957582e-05 8.97106085631094e-05 7.4919809549101e-05 9.74160907389887e-05 9.69650786828424e-05 0.000140265783329596 -9999 -9999 9.21770106288022e-05 6.13029593523606e-05 6.140647377606e-05 6.18771587994615e-05 5.02726140609866e-05 4.78125581082622e-05 5.57235828324565e-05 4.25053080093107e-05 4.20890734389445e-05 4.14131404582463e-05 4.1104685200466e-05 4.94947613498553e-05 5.06152818973149e-05 3.30157649619522e-05 5.05041282736762e-05 5.15247260519658e-05 5.32059060507351e-05 5.40002358100367e-05 5.74414178799998e-05 6.61559950145829e-05 7.24071109630131e-05 0.000180396515077064 8.47851930529941e-05 9.04682754594432e-05 0.000125031419315746 0.000104955382312255
5.52553915440512e-05 5.26362791788415e-05 0.00026900919556283 0.000267134737441665 0.000208551955665826 0.00020975819825253 5.41391603974262e-05 0.000221326248947662 0.00022487820774586 0.000223225669060412 0.00021867080249649 0.000225360635567995 6.6003340862153e-05 6.54193115678936e-05 6.5742189917728e-05 8.5938121401341e-05 8.72258788149338e-05 9.02346723705705e-05 7.53377285036549e-05 9.98622131191951e-05 0.000280876573924616 0.000106201370840608 0.000122641627058329 -9999 -9999 -9999 7.45877825920616e-05 8.71988878543561e-05 6.12281822327532e-05 6.02548207666587e-05 5.09294533799221e-05 4.93622211621414e-05 4.79068517194037e-05 4.35634597835133e-05 4.24337940785335e-05 4.16986315414647e-05 0.000110187510086845 0.000111831032602261 5.16871371747385e-05 3.38314887491364e-05 5.14623987379892e-05 5.23555735298942e-05 5.42049332743488e-05 5.79345639550866e-05 6.37808764096803e-05 7.55333402793212e-05 7.0954301151005e-05 8.72286041726511e-05 8.2450242075538e-05 8.75645213227472e-05 9.80805039034749e-05 0.000132464687681022
4.49762711696167e-05 4.69152498681069e-05 0.000266350022684492 5.63393209631613e-05 5.30806597680566e-05 0.00021319525455965 5.81460517423693e-05 6.31424790071833e-05 6.7133158836441e-05 6.68788500206574e-05 0.00026721733274826 0.000274185416401451 7.26055002360226e-05 0.000260285982221831 9.01638607047062e-05 9.18434291179437e-05 9.17336192287621e-05 9.38122116167506e-05 0.000276626727327312 7.90838485045242e-05 0.000285268503375846 0.000301680181905795 0.000201404730887589 -9999 -9999 -9999 0.000121973397654074 8.32067914871004e-05 7.37213999286723e-05 6.8579748585762e-05 5.44735231358118e-05 5.04433570966967e-05 4.89180014824342e-05 4.52595890862995e-05 4.56412935676553e-05 3.4544544664783e-05 5.22152701574186e-05 4.4786061698332e-05 5.19762539257229e-05 5.22899026460522e-05 4.55590824914864e-05 0.000159456112790224 0.000126542529397256 6.55366750947906e-05 6.31906051893338e-05 7.90031331519003e-05 6.8971967550624e-05 6.75363070286039e-05 7.40542072321659e-05 8.30381795822177e-05 9.56842079631315e-05 0.000132449763214026
4.37634648164931e-05 0.000213296775427807 4.74725903814033e-05 4.91385608256678e-05 0.000214470166383762 0.000218088801830163 0.000228161434051799 6.90463899672977e-05 0.00023012563588054 9.24856014989928e-05 7.68425406931783e-05 0.0002943613089883 0.000295136693921449 7.73690499045188e-05 7.44027813652792e-05 9.5671569397382e-05 9.60185798248858e-05 0.00025946873824978 7.66645785006403e-05 7.7082960729058e-05 8.02892393494403e-05 7.99800293407316e-05 9.0284249722572e-05 -9999 -9999 -9999 -9999 0.000109397831920433 7.94882906802741e-05 7.45027764992301e-05 5.8260776086172e-05 5.48230634080937e-05 5.21984648713669e-05 4.78688279272887e-05 4.69989622011724e-05 5.29312724104614e-05 4.45567791418355e-05 0.00011323824163334 4.65744762840892e-05 4.70775332779283e-05 4.85138263517371e-05 4.72841639993504e-05 4.91727786844365e-05 5.60071611062085e-05 7.38640735420404e-05 6.46650037765539e-05 6.69322326416477e-05 7.0435288535009e-05 7.1786908733884e-05 9.02180381672224e-05 9.16908679755579e-05 9.60100101110584e-05
0.00021814918528662 0.000218926833554178 4.53347450957153e-05 4.67743702756707e-05 5.03219903293939e-05 0.000220312318333526 6.38640301531268e-05 0.000264968402234445 0.000276090146599017 7.6729259944841e-05 0.000275308448181022 7.8949662110972e-05 7.37606312668504e-05 0.000268835429096725 8.05313579803624e-05 9.97427496258751e-05 9.88356102880061e-05 7.59430702146346e-05 7.49735706904175e-05 7.47026510907745e-05 7.60251607516693e-05 9.99587107344269e-05 0.000313049398755538 -9999 -9999 -9999 9.96210799257824e-05 8.44976486860105e-05 8.66942592665509e-05 6.41317412828357e-05 7.48966533592466e-05 0.000151992190581041 6.69753149793451e-05 5.81542710946792e-05 5.42658903874838e-05 4.55960805663125e-05 4.50114723342665e-05 4.91897480539016e-05 5.01478836372193e-05 5.01704526776336e-05 4.92023740150671e-05 4.78163495198913e-05 4.8321713638444e-05 5.00232561648772e-05 6.83858291665729e-05 7.16172886541244e-05 7.91733216374269e-05 9.08225408693397e-05 5.29514405798182e-05 8.46736191988384e-05 0.000104297882444371 8.80443210462545e-05
0.000227182469586751 3.6404865682016e-05 3.72338529928129e-05 0.000251554023122935 4.9803640195023e-05 5.86060482419271e-05 6.37805703718186e-05 6.73894094234129e-05 7.20998502856673e-05 7.79288382091181e-05 7.90601413882541e-05 8.23588698040112e-05 0.000281180801948722 8.5741591419719e-05 8.47840803999134e-05 8.12316002338775e-05 0.000270517697344985 7.61274193337158e-05 7.47650112771225e-05 7.38436995106895e-05 7.33456286070577e-05 7.46667005842028e-05 7.85084394010482e-05 8.60341287989286e-05 -9999 -9999 -9999 0.00021396452962108 9.05358812133272e-05 5.37441121650772e-05 4.51658899009999e-05 0.000791909225426934 5.98571246470669e-05 5.76628599535667e-05 5.44917735698647e-05 4.5376715438028e-05 5.17929611942858e-05 4.97326805055653e-05 5.72014767850071e-05 4.96662747790921e-05 4.87719042272516e-05 4.83956740566782e-05 5.08858320173999e-05 6.01479526665116e-05 7.85003389296435e-05 8.69945829435892e-05 7.72698770106217e-05 8.03153711785853e-05 8.37874310946063e-05 0.000103438956557511 0.00010548044110692 0.000108021670257585
0.000238990501060243 3.67968714272138e-05 4.49795865620217e-05 4.22543559750466e-05 5.070925618611e-05 5.40978796834679e-05 6.08215195825323e-05 6.20946489107155e-05 0.000257780008269037 7.75484195401077e-05 8.26282116577204e-05 8.60670995734836e-05 8.88133602074959e-05 8.95774096534296e-05 0.000287550662505964 8.40440477531956e-05 8.1190038827117e-05 0.000281864136468357 0.000286189055259456 7.81763494615006e-05 0.000300530182585135 7.74492193613696e-05 8.05365091309795e-05 -9999 -9999 -9999 -9999 0.000119076042551569 8.94763301744206e-05 5.38405924146446e-05 4.50480139022602e-05 6.30899181572886e-05 5.91090410324568e-05 5.63363111023563e-05 5.41125763708905e-05 3.72490166504758e-05 4.6527614826708e-05 5.75010723254943e-05 5.67536101760968e-05 5.52375593758647e-05 5.59768796710713e-05 5.97272342766075e-05 6.47553681858426e-05 6.31806181274897e-05 6.94406947729931e-05 7.65291212587726e-05 9.87209712093318e-05 0.000103139219049808 0.000106591702092373 0.000107846793980571 0.000109709659227519 0.000110210658476717
0.00024195873413646 4.42343453528338e-05 4.42467218704223e-05 0.000592279172877852 0.00025418482493933 0.000517377513460815 5.03846911215078e-05 6.17539717495674e-05 6.87490990003425e-05 6.9563071065204e-05 8.33334074741288e-05 8.90055800937262e-05 9.19616886676522e-05 9.25671004097239e-05 9.00994782568887e-05 0.000108257526562738 7.547171958322e-05 7.96475294464472e-05 7.87627093359333e-05 0.00030233257598411 8.27824082989537e-05 8.32274222375418e-05 8.38328883219219e-05 -9999 -9999 -9999 -9999 -9999 -9999 4.95012282186735e-05 6.75141789940881e-05 3.98008307485043e-05 5.04030625858576e-05 4.7077765391812e-05 4.56096092396052e-05 5.28982970676717e-05 5.04810417472079e-05 5.03850866229172e-05 5.67336590839851e-05 4.71124935019773e-05 5.86049463917604e-05 0.00013886989887979 0.000163086569585857 8.18958201307396e-05 9.26174610071939e-05 0.000103678991763445 0.000110426311152878 0.000113793068749146 0.000112281751285082 0.000109460238832071 0.000110954207229952 0.00011012710660907
0.000561512510557804 4.38939588036646e-05 4.40870992690634e-05 0.000559134332291933 4.74402198733515e-05 5.24004583439819e-05 5.69895113358143e-05 6.24553508714598e-05 6.93703905199072e-05 7.66860493968125e-05 8.38480393667851e-05 9.06988275346521e-05 7.61986909765255e-05 8.85728404682595e-05 8.5830641182838e-05 8.28026491035416e-05 7.80203088197595e-05 7.93324420556019e-05 0.000100730950407524 7.20144018941937e-05 8.26103514555143e-05 8.41574001242407e-05 -9999 -9999 -9999 -9999 -9999 8.21610214813973e-05 6.07985692369084e-05 4.24869381987492e-05 4.14004009705593e-05 3.98796024256853e-05 3.91712164056202e-05 5.46871891322631e-05 4.65176510295873e-05 4.63954573185488e-05 4.93510036241873e-05 4.95641824802551e-05 5.00896491991698e-05 0.000120254248854756 5.26289868529872e-05 6.42369157581868e-05 7.85225883106477e-05 8.9936373171895e-05 0.000103897137364584 0.000116902241188654 0.000125027749618312 0.000127928242136477 0.000123359963026815 0.000117265489279816 0.000112693594246593 0.000108232987372503
0.000591131329144901 0.000576621128146826 0.000590636292116642 4.883769247499e-05 0.000679736152306987 0.000655918662630484 5.61001191954347e-05 6.13468502024261e-05 5.50878585272585e-05 6.94645696057705e-05 7.49539397020271e-05 7.93530914506846e-05 8.32418515983591e-05 0.000306614422697749 8.46420782636415e-05 0.000302187678698829 8.15239700386883e-05 8.07427004474448e-05 0.000304008428884117 7.02531297065434e-05 0.00033911883087967 8.90943724698445e-05 -9999 -9999 -9999 -9999 -9999 -9999 0.000746169766671301 0.00067806067633569 3.90280241786556e-05 3.93780313743264e-05 4.02300844224435e-05 4.00317374900094e-05 4.10587335645252e-05 4.15375011233732e-05 4.96969202283259e-05 4.92311110193988e-05 0.000119896703175137 0.000124966395825377 5.23230957130139e-05 6.53494889064632e-05 8.2261269184869e-05 8.0079480767381e-05 0.000108197468534854 0.000123664948660007 0.000136828348786366 0.000137876954795502 0.000140295201163099 0.000133268981926449 0.000122640708013932 0.000115450132398109
4.96786175290254e-05 4.78931102350089e-05 0.00061306698458452 5.03470496937553e-05 0.000767562806146316 0.000778016184767694 0.000761194258416253 0.000688750134258953 5.95821991282719e-05 6.88497102601104e-05 7.06004382209358e-05 6.73470101446583e-05 0.000106086438336206 8.72493421866238e-05 8.71202473717858e-05 8.3535478779595e-05 0.000305503039044197 0.000309917686308836 0.000321836994999103 0.000339724460673096 -9999 -9999 -9999 -9999 -9999 -9999 -9999 -9999 6.78059805174769e-05 0.000641607883409279 3.85961763007536e-05 3.96015453802967e-05 4.14320681169644e-05 4.17023992784205e-05 4.25483309826752e-05 4.44272148269823e-05 4.90576796230921e-05 5.73849118195094e-05 5.1555802467379e-05 5.93608299923609e-05 5.93708036635832e-05 6.63686227415639e-05 8.45698477007772e-05 9.49092687960729e-05 0.000112974647436204 0.000133562477913074 0.000150639941693953 0.000159798719778337 0.000155297348555905 0.000145969222330677 0.000136159701241922 0.000129022729652206
0.000764215875449281 5.2708103879695e-05 5.18505286208892e-05 5.46273568033939e-05 4.87546749354806e-05 0.000800763229790391 0.00070107236348349 0.000681739558558547 0.000652745493880502 6.34364200777782e-05 6.87802400989312e-05 7.89476396221289e-05 0.000308732151097502 0.000108575276726697 8.76627084380743e-05 9.36046510560118e-05 0.000326594567695793 9.15435987280944e-05 -9999 -9999 -9999 -9999 -9999 -9999 -9999 -9999 -9999 -9999 -9999 4.01196746890875e-05 3.90061307816714e-05 4.04658930754365e-05 4.42404083708242e-05 4.59159045392635e-05 4.55307811799387e-05 4.58300401562466e-05 4.881981847479e-05 5.25258263148441e-05 5.38730864885692e-05 5.49378237792997e-05 5.52959600170766e-05 5.7744393512138e-05 7.18190483155468e-05 0.000100262821888464 0.000122001270938199 0.000145846621762757 0.000165713700880588 0.000174905468611541 0.000170277730831003 0.000161557959017955 0.000154400281644484 0.000141894841817702
-9999 0.000164191082319576 4.80182177398092e-05 5.46202218458802e-05 4.89633977736048e-05 4.76880216524478e-05 5.15165065166912e-05 5.3835570611227e-05 5.66933300660821e-05 5.23201691748909e-05 6.70358784873315e-05 7.67872288633953e-05 7.42428276225837e-05 8.85499275682378e-05 9.50952307903208e-05 -9999 -9999 -9999 -9999 -9999 -9999 -9999 -9999 -9999 -9999 -9999 -9999 -9999 -9999 6.27492538096686e-05 4.13649321960308e-05 4.18400642014372e-05 4.63593757134284e-05 6.06674141949599e-05 4.74764051722303e-05 5.05652037590871e-05 7.22637035197541e-05 5.2632308666486e-05 9.09437327758049e-05 9.80371496287213e-05 6.50267909310109e-05 7.38125061303663e-05 7.59962998131414e-05 0.000106859691868522 0.000133582311718783 0.000158358551288984 0.000175286382727791 0.00022480925781565 0.000179808698931083 0.000173271542962539 0.000167302643149014 0.000155354259732121
-9999 -9999 4.97095851414997e-05 4.8244238882944e-05 0.000311792353954843 4.34549418173447e-05 5.19473392728287e-05 5.33972189487031e-05 0.000277693223097231 6.05965299200761e-05 0.000626897989150166 7.54407100203025e-05 8.50827684644173e-05 9.65758704296604e-05 0.000101726637467436 -9999 -9999 -9999 -9999 -9999 -9999 -9999 -9999 -9999 -9999 -9999 -9999 -9999 -9999 4.3036972082855e-05 4.3337117371145e-05 4.3358941601325e-05 4.68334615260609e-05 5.26499025034805e-05 4.84403103900475e-05 5.08797001587103e-05 5.17859006814374e-05 8.66268039975335e-05 7.31305143836158e-05 7.47577199554095e-05 7.10750847263686e-05 6.9793065900825e-05 7.93813889572448e-05 0.000108864856883883 0.000135569477606623 0.000158087038471422 0.000184378528047091 0.000195335790294848 0.000191831475149229 0.000184245214541079 0.000178010694298791 0.000165259971936393
-9999 -9999 -9999 -9999 5.53253647126439e-05 5.4839174481458e-05 5.36187096713547e-05 5.48899600971708e-05 0.000664387162828461 6.32248497822729e-05 0.000711984865461091 9.80837683073332e-05 -9999 -9999 -9999 -9999 -9999 -9999 -9999 -9999 -9999 -9999 -9999 -9999 -9999 -9999 -9999 -9999 -9999 8.26208039296783e-05 4.42416059049794e-05 4.34222682040193e-05 4.56746844307238e-05 5.00875103345656e-05 5.02287096657896e-05 5.01649494530768e-05 5.21181612961306e-05 7.13572026554147e-05 7.52779066934503e-05 8.18536817554366e-05 7.60149322691639e-05 7.14070677361178e-05 8.00309432804625e-05 9.29556003939069e-05 0.000139984590532549 0.000170638009421964 0.00011873859921252 0.00021558977323366 0.000219651536554011 0.000207435806032663 0.000194539815765893 0.000179557592446145
-9999 -9999 -9999 -9999 -9999 -9999 -9999 6.23871112566121e-05 6.72875698910502e-05 -9999 -9999 -9999 -9999 -9999 -9999 -9999 -9999 -9999 -9999 -9999 -9999 -9999 -9999 -9999 -9999 -9999 -9999 -9999 -9999 -9999 5.51323518081723e-05 5.22945400170871e-05 4.71657526952252e-05 5.83839312406837e-05 5.16934188144968e-05 5.27517086482417e-05 5.45860603685339e-05 7.30789993219163e-05 0.000100561307706183 8.21145801245884e-05 8.05117010000966e-05 7.55655380224596e-05 8.23542994794479e-05 0.000112531480908729 0.000144179759899998 0.000174865067037899 0.000203131703074177 0.000224465770315874 0.000231841258027998 0.000218432042629502 0.000198632187220937 0.000178163902546657
