catData/variables/prey/Medium.asc
NCOLS 409 
NROWS 350 
XLLCORNER 60.897278365 
YLLCORNER 5.843756025 
CELLSIZE 0.0892857 
NODATA_value -9999 
[rows 23 to 45 of 350, columns 104 to 155 of 409]
-9999 -9999 -9999 -9999 -9999 -9999 -9999 -9999 -9999 -9999 -9999 -9999 -9999 -9999 -9999 0.000268558107563877 0.000365825695553212 0.000398021094042633 0.000417731022935186 0.000318419397444814 0.000312484400637913 0.000328894497215515 0.000504683684994234 0.000480468487694452 0.000472050220196252 0.000466010252239357 0.000335404900397407 0.000353968687704764 0.000348573495102755 0.000345089096299489 0.000343043502653018 0.000343375892043696 0.000333954895722854 0.000313433708015509 0.000315373294142773 0.000305508310702862 0.00032328100542145 0.000316285898406932 0.00029353547415667 0.000248771761107491 0.000222364224100602 0.000217073998101114 0.000195152303604118 0.000196228904314921 0.000239484201301821 0.000265584108092298 0.0002109124980052 0.000217976103158435 0.000244954897425487 0.000225921197852585 0.000218748195038643 0.000221565898755216
-9999 -9999 -9999 -9999 -9999 -9999 -9999 -9999 -9999 -9999 -9999 -9999 -9999 0.0002515191981729 0.000366193795343861 0.000364787808393885 0.000264118394625257 0.000304970197248622 0.000316563800879521 0.000444347690972791 0.000334768199536484 0.000334243201905338 0.000331980210830807 0.000337710601343133 0.000338854895744589 0.000461201040707238 0.000324667702443548 0.000332027404510882 0.000477425468943693 0.000337334173764248 0.000330628270148736 0.000475895124509407 0.00034423921169946 0.000351486090949038 0.00052529490494635 0.000284387352621707 0.000347263363892125 0.000267430943495128 0.000271463298304297 0.000258861812653777 0.000249920762144029 0.00026274624724465 0.000200012992536358 0.000215884601857397 0.000295581799946376 0.000337587898684433 0.000279810996289598 0.000270338399786851 0.000272430794211687 0.000204329502594192 0.00022980860194366 0.000219543699131464
-9999 -9999 -9999 -9999 -9999 -9999 -9999 -9999 -9999 -9999 -9999 -9999 0.000283525800114148 0.000242405802055146 0.00025450139764871 0.000362921706255293 0.00027437049720902 0.000382863785489462 0.000311890104057966 0.00032755759639258 0.000334884896801668 0.000335185292897222 0.000336770699504996 0.000308937524096109 0.000306679275126953 0.000325558488839306 0.000337042400587961 0.00033615879374338 0.000488319533133108 0.000342315638590662 0.0003302431866814 0.000326248825103903 0.000352678265244322 0.000376665693238465 0.000372971362821772 0.000316759023007762 0.000366704824045883 0.000337071026478952 0.000362940014383639 0.000315069576117821 0.000264729064383573 0.000264571000570868 0.000277039320735639 0.00033336700835207 0.000529558875768998 0.000358039104867203 0.000507496197315049 0.00048138031434064 0.000313596101477742 0.000328710697431234 0.000271100301688421 0.000253840102232061
-9999 -9999 -9999 -9999 -9999 -9999 -9999 -9999 -9999 -9999 -9999 0.00022930759951123 0.000233955797739327 0.000260728098510299 0.000253719199463376 0.000384399800168467 0.000323094107443467 0.000285693799924047 0.000316012594339554 0.000325420800436405 0.000291544699393853 0.000311275405692868 0.000433970402809791 0.000322823700116714 0.000324936340803106 0.000466010010086393 0.000346036634255142 0.00048989459742188 0.000480524933209381 0.000335989754603361 0.00049684601572153 0.000345222211080909 0.000359078077508457 0.000391579184679358 0.000407358017582737 0.00042564094781028 0.00038816817686893 0.000359759855200537 0.000356013415967027 0.000350541781244829 0.000288450897187431 0.000338950037530594 0.000392893900425406 0.000577168805648398 0.000391205471714784 0.000374745568478829 0.000334955501784862 0.000354163640622573 0.00037817734755663 0.00035354869942239 0.000366031897101493 0.000342486498084327
-9999 -9999 -9999 -9999 -9999 -9999 -9999 -9999 -9999 -9999 -9999 0.000161774498337763 0.000170102199263056 0.000245547698796145 0.000189048701940919 0.000286724898614921 0.000269620895778644 0.000394146902181092 0.000281875094515271 0.000290948397378088 0.000284009602182778 0.000302698697851156 0.000320125796861248 0.00043599624223134 0.000339459763836203 0.000303307440162826 0.000338914948770253 0.000343975618307013 0.000332004496954141 0.000328703742070502 0.000368613176533472 0.000520463523344006 0.000524810191507186 0.000368551797691907 0.000380949091095317 0.000572089873458026 0.000565423859598013 0.000366528719041526 0.000366292068974872 0.000350204913729613 0.000388700071653147 0.000405433787818765 0.000412418771702505 0.000406298871894251 0.000412179817431024 0.00037223634080874 0.000389056445783353 0.000384186585051793 0.000384668345759565 0.000334619273871795 0.000350958100170828 0.000333906441483123
-9999 -9999 -9999 -9999 -9999 -9999 -9999 -9999 -9999 -9999 0.000236050198509474 0.0002218771041953 0.000328754995280178 0.000259667607679148 0.00036948640808987 0.000283865399978822 0.000273552599537652 0.00031582239898853 0.000441512393081211 0.000436340498708887 0.000301128395221895 0.000291980699330452 0.000311123798383051 0.000289687885015155 0.000280996147921542 0.000272038918183171 0.000307429249915003 0.000806532593855991 0.000552644476613295 0.000322394952377181 0.000374687235535021 0.000378770337931655 0.000374112423116912 0.000371508570992773 0.000369184934470468 0.000365918371699081 0.000446697153279274 0.000446828282520073 0.000428589195735185 0.000407043866289314 0.000416721389228769 0.000422580898884917 0.000371106440979929 0.000395908051359584 0.000587447845191491 0.000353837399416079 0.000565754739909607 0.000599437331402441 0.000370569144251931 0.00035179567976229 0.000316913765800564 0.000291096776891209
-9999 -9999 -9999 -9999 -9999 -9999 -9999 -9999 -9999 0.000202085595446988 0.000282260596577544 0.000302995398669736 0.000332525996782351 0.000350460797562846 0.00036854680183751 0.000284021802144707 0.000395456503611058 0.000312159401801182 0.000313479791657301 0.000315286797558656 0.000307866301227477 0.000461682886452763 0.00036735462526849 0.000399336796363059 0.000273367179488559 0.000265413949364302 0.000261336819448843 0.000288555427459869 0.000760598605666019 0.000730334516958919 0.000499522013797105 0.000533952395016968 0.000521544148526232 0.000498745821872149 0.000546264539167396 0.000358140881871805 0.00065037312288041 0.000437729857821978 0.00042824129195651 0.000439408281636133 0.000432037707469135 0.000387911738471303 0.000383302809041197 0.000382624678422872 0.00053741263855045 0.000322405305723805 0.000517726226007653 0.000565899301818718 0.000578778211092867 0.000553868682345637 0.000365192689514515 0.000330176663510429
-9999 -9999 -9999 -9999 -9999 -9999 -9999 -9999 -9999 -9999 -9999 0.000329036491166335 0.000330916700477246 0.000360722102414002 0.000384660097552114 0.000190677901628078 0.000326999404933304 0.000475926499348134 0.000327880399709102 0.000439110401202925 0.000295300902507734 0.00029510149579437 0.000292488703053095 0.000277761696452217 0.000445785930423881 0.000786482552030066 0.00039008334385926 0.000312327147526048 0.000329774769056712 0.000303668398657919 0.000479791562838727 0.000599595868223446 0.000337384004161834 0.000330001402438995 0.000507334369615364 0.000414360050967844 0.00044007376521904 0.000434984025105223 0.000470944715516453 0.00064368543735327 0.000684338997416489 0.000679494297401106 0.000376827231889365 0.000370692419892293 0.000568050235870032 0.000323252666476037 0.000310763447942008 0.000565871863727807 0.000671804370540485 0.000304652371141856 0.000341641560680728 0.000351388393710295
-9999 -9999 -9999 -9999 -9999 -9999 -9999 -9999 -9999 -9999 -9999 0.000345716696756426 0.000380731500627007 0.000360330799594522 0.000295601599646034 0.00045633489935426 0.000326668610796332 0.000470694894829649 0.000454459604952717 0.000302589302009437 0.000278256398814847 0.000266823599304189 0.000250863797191414 0.000251482306339312 0.000153855090502475 0.000786061626058654 0.00035832791240864 0.000314865135919717 0.000663888879188335 0.000619750824085941 0.000285504886790022 0.00045466838496111 0.000466244430732843 0.000552851638111918 0.000439105733846645 0.000921942854859026 0.000449921472522874 0.000429590224484855 0.000631644942586718 0.000473140034273456 0.00048515231037527 0.00046699903850822 0.000422442829858483 0.000392493912158898 0.000627973253585878 0.00054785276097391 0.000455075567060703 0.000547132717201748 0.000672081994707696 0.000357733450528031 0.00038555870082746 0.00065802201720544
-9999 -9999 -9999 -9999 -9999 -9999 -9999 -9999 -9999 -9999 -9999 0.000269287102128146 0.000396489307604497 0.000294314706479781 0.000224192701352877 0.00033470450216555 0.000333501700879424 0.00032617829128867 0.000437929498730227 0.00028798499442928 0.00284882167943579 0.000241321402427275 0.000145934000101988 0.00022735700076737 0.000224650102609303 0.000230890191232902 0.000234183719385328 0.000739947852252953 0.000264875987170399 0.00035902280069422 0.000668963643164489 0.000458349863308172 0.000537098217321841 0.00038598548908908 0.000806356406258146 0.000605852310627597 0.000467246629796136 0.000620461999460531 0.000642858181890915 0.000687600288074464 0.00070543529727729 0.000722918179235421 0.000480074639654049 0.000418513820477528 0.000406190300509479 0.00061281936064006 0.000446488130819489 0.000568913388633518 0.000370745887266821 0.000345504940014507 0.0003219423133487 0.000483505037664145
-9999 -9999 -9999 -9999 -9999 -9999 -9999 -9999 -9999 -9999 0.000253469301242149 0.00026561190134089 0.000268084200797603 0.000437806795162032 0.000353046468262619 0.000366183681762777 0.000347653798598913 0.000318328702633153 0.0002906619974965 0.000262689303781372 0.000243142992985668 0.000242744399656658 0.000234705099501298 0.000235663404964725 0.000219489797927963 0.000218051901356375 0.000215680448491185 0.000345615997957793 0.000235122834510548 0.000234294392953416 0.000225674340185833 0.000649301249168843 0.000478561847046421 0.000579999530771147 0.000424978354772065 0.00111587322905393 0.000379613362383679 0.000623126967639109 0.000641949513010331 0.000634963689662982 0.000659242503388668 0.000678749805047119 0.00064523822220508 0.000400428905777517 0.000594282011206815 0.000377215277694631 0.00046247154455159 0.000480678490021091 0.000335801144501602 0.000331808973896841 0.000326112728544103 0.00280796396600635
-9999 -9999 -9999 -9999 -9999 -9999 -9999 -9999 -9999 -9999 0.000285991796772578 0.000282847795460839 0.000287974795355694 0.000340750607392692 0.000358092192072945 0.0035492649749358 0.000318441697345406 0.000300666710245423 0.000283387507806765 0.000270852306130109 0.000254253205639543 0.000253455296842731 0.000247401592787355 0.000147527103763423 0.000227210801313049 0.000237353295233333 0.000218091596252634 0.000140420622301463 0.000230971449127537 0.000527688989905073 0.000148831715080178 0.000337383762456511 0.000268983383477917 0.000512050934034392 0.000729391682227742 0.000622585907535722 0.000507515700519434 0.000594767837355903 0.000624283600700437 0.000468662401544861 0.000678224098010105 0.000455512636108324 0.000427824038979452 0.000397671665723465 0.000628056035338886 0.000396140961242963 0.000354603429968847 0.000569162480815066 0.000354561947006005 0.000361155777227395 0.000463984904399695 0.00131152067569928
0.000325312495988328 0.000437769545442279 -9999 -9999 0.000438034380294994 0.000430357799359626 -9999 0.000415898398387071 0.000344291096553206 0.000304765002510976 0.000299464907584479 0.000355206895619631 0.000334858690621331 0.000429662701208144 0.000381290515178989 0.000536542371719406 0.000304278290059301 0.000289515995973488 0.000390265595342498 0.000294132292765426 0.000290523792500608 0.000277939301668084 0.000258654999925056 0.000261799796135165 0.000247475398282404 0.000362838705768809 0.00015786679705343 0.000356460120656266 0.000222561601503912 0.000140601951443386 0.000206173986214253 0.000360782470522736 0.000295765354223931 0.00033750022453205 0.00064614303619237 0.000997148542921877 0.000930799255456805 0.000411550978697051 0.000589160094932595 0.000661303911329014 0.000704082809534157 0.000681674911902519 0.000458837657788536 0.000410603526688647 0.000419845943270047 0.000447352817900537 0.000424596641437347 0.000389982778870035 0.000718669034768027 0.000568909323874323 0.000513825811935931 0.000407656039442372
0.00045993750973139 0.000332957604769035 0.000331831402945681 0.000332748400978744 0.000373966774077417 0.00033228980282729 0.000336837098075193 0.000335689497660496 0.000341759692673804 0.000357015003828565 0.00044928149873158 0.000380297307856381 0.000522827493114164 0.000515899915626505 0.000366409397429379 0.000575021689655841 0.000430494397733128 0.000310828905639937 0.000505725394759793 0.000370535497495439 0.000297868406050839 0.000281443903077161 0.000295491707220208 0.000262564197328174 0.000247547501203371 0.00031161330298346 0.000230319796173717 0.000227956861181156 0.000202593848825927 0.000193606160109994 0.000210483023806773 0.000339593097095303 0.000388002589204461 0.000380315142081145 0.000742954937038576 0.000480146821132621 0.00104007240634019 0.000469816834993253 0.000421878698034561 0.000681246492604259 0.000688542695570504 0.000705886715877568 0.000721396903827554 0.000633859395748004 0.000643327515717829 0.000688358604747918 0.000427011540978128 0.000425363786803246 0.000589052664167866 0.000552623927887907 0.000945931063426997 0.000555707006128614
0.00045187069918029 0.000472939605970168 0.000380336095986422 0.000350973503373098 0.000336559089191724 0.000333687290549278 0.000332633211655775 0.000332639805492363 0.000338095702318242 0.000433228004112607 0.00040445479680784 0.000492131603095913 0.000412899898947217 0.000414911599364132 0.000329723898175871 0.000331779996486148 0.000932405604544329 0.000492643506731838 0.000429309300670866 0.00031115969613893 0.000292795193672646 0.000287586895865388 0.000442783199105179 0.000417237493820721 0.000250788807534263 0.000237580696193618 0.000225204199523432 0.000219983638999111 0.000201429836124589 0.000288464473669592 0.000202735750235661 0.00171330813873283 0.00171702707439181 0.000218340180310861 0.000341017142147848 0.000706838087580763 0.000896876945034819 0.00056933022051453 0.000553039532405819 0.000657780619803816 0.000537065992830321 0.000740528499591164 0.000650674497592263 0.000706015500327339 0.000647720087727066 0.000445358093202231 0.000449030229901837 0.00039970752516183 0.000449721900167788 0.000525520791939016 0.000534194434067103 0.00144534219856496
-9999 0.000556732215045486 0.000422299701313023 0.000366950793249998 0.000347323199093807 0.000452710602985462 0.000316778603519197 0.000321060499118175 0.000436330294178333 0.000464044198452029 0.000505287294799928 0.000345313703292049 0.000344239200785523 0.000344993797625648 0.00034285749643459 0.00052779179168283 0.000342801009537652 0.000337003195454599 0.000328977701428812 0.000305808003759012 0.000279064199276036 0.000277983195701381 0.000280002397630597 0.000270120301138377 0.000404116388381226 0.000383272606995888 0.000225328696615179 0.000326861995745276 0.000202620118216146 0.000192041697573586 0.000183365876750941 0.00153986157738473 0.00148959205466781 0.000182794509328232 0.000188909055339082 0.000607791463892227 0.000362299679864009 0.000747031397395403 0.000928918935187539 0.000579885271690728 0.00114155649862369 0.00114417580334703 0.000355818805473973 0.00057824269606499 0.000643243081867695 0.000472928099043202 0.000720085686225502 0.000748428970950954 0.000585203802870637 0.00041996406355338 0.000891855078634762 0.000560626784078977
-9999 0.000652630104013951 0.000506909287651069 0.000422376091592014 0.000398417701944709 0.000456154499261174 0.000398261399823241 0.00039223790372489 0.000392056703276467 0.000332551600877196 0.000445135301561095 0.000399825104977936 0.000328420290315989 0.000323879605275579 0.000314379005430965 0.00031829790896154 0.00050674850717769 0.00031776970718056 0.000303241602523485 0.000281352298770798 0.000265880593360635 0.000264085101662204 0.000419787589635234 0.000411554516176693 0.000394717790186405 0.000372908694771468 0.000223285795073025 0.000208418592592352 0.000198393925984419 0.000179580516942224 0.000167882940331765 0.000170955849853272 0.000167058080364768 0.000169724722866249 0.000182612489822986 0.000194160048579306 0.000222950278043754 0.000224677737719503 0.00082717225552642 0.000487898517690155 0.000529732570612396 0.000370342812857416 0.000966365316344309 0.000560468999537989 0.000630896705843043 0.000679719913023291 0.000453459910204401 0.000477037709288197 0.000968219293895345 0.000456441323194667 0.000459969992675724 0.000498350762313748
-9999 0.0004120453086216 0.00041912939195754 0.000566486596653704 0.000496712902531726 0.000343840896675829 0.000326315399433952 0.000311967203742824 0.000305217599816388 0.000376723102817778 0.000461025807453552 0.000483746291138232 0.000307891099510016 0.000306139198073652 0.000299235900456551 0.000297477599815466 0.000300190804409795 0.000908424393855967 0.000280413492873777 0.000266049195488449 0.000259541506238747 0.000257476494880393 0.00025521160569042 0.00039738858686178 0.00038321630563587 0.000682439222146058 0.000218690698602586 0.000207336702260363 0.000186606883289642 0.000173787311723572 0.000168703442568585 0.000161396550993231 0.000161445140179239 0.000169956100876334 0.000179202112292387 0.000182194546937353 0.000200061063935664 0.000306183825728112 0.000288085192835297 0.000451876087481651 0.000889505450118122 0.000492410791139264 0.000529747008840786 0.000381082900275942 0.000435134694271255 0.000646969585432089 0.000439167301010457 0.000728816767605167 0.000486514081899259 0.000484098133711086 0.000443592916553825 0.00044360892354689
-9999 0.000390817505831365 0.000621092607616447 0.000402202807890717 0.000374578190530883 0.000335168500896543 0.0003575800001272 0.000381528301659273 0.000287695602310123 0.0004170687898295 0.000444236706243828 0.000365855496056611 0.000293454999336973 0.000295725902105914 0.000293724206130719 0.000291956195724197 0.000292500404611928 0.000279325697192689 0.00043369160630391 0.000257669205893762 0.00025450600151089 0.000256425297266105 0.000253621299634688 0.000394537899410352 0.000238328302657465 0.000225993702770211 0.000344577392752399 0.00020910980674671 0.000180010199983371 0.000163685090228682 0.000161001300511998 0.000157831840624567 0.000161287483706474 0.000166270629847531 0.000171866619439243 0.00017691610150905 0.000175930078398778 0.000178618823554189 0.000271344518125716 0.000284226967607992 0.000303783068375196 0.000877415521586045 0.00092498983394762 0.000308144306700342 0.000595189122577722 0.000368654710655392 0.00053413254863699 0.000626761967851053 0.000753347051158926 0.000775066371261346 0.000764140532737656 0.000480379355394689
-9999 0.000461534495116211 0.000625588505499763 0.000416336504713399 0.000628245088591939 0.000329418700857786 0.00029092069962644 0.00028122719595558 0.000278584997431608 0.000277187504252652 0.000274715705018025 0.000275581696769223 0.000275917205726728 0.000278878302196972 0.000282365701423259 0.000282700093521271 0.000277214199741138 0.000266778501099907 0.000264937199972337 0.000262029407167574 0.000258407595538301 0.000253604197496315 0.000245604194788029 0.000237094107433222 0.0002299727020727 0.000221205002162606 0.000338700399879599 0.000193942702026106 0.000170607096151798 0.000162157098202442 0.000258742918049393 0.00025211404545189 0.000163650620834233 0.000169735334111465 0.000169006980968334 0.000167798468282854 0.000169518162806526 0.00023345842373601 0.000262650342961024 0.000208612723127999 0.000403060692377721 0.000464973270311475 0.000496865359650656 0.000503735458778465 0.00098345032506586 0.000371133858834582 0.000309060704580588 0.00055488155180683 0.000670300975798455 0.000716596755864884 0.00046846584064042 0.000767726640333422
0.00048743999650469 0.000516367603268009 0.00044212480133865 0.000416482900618576 0.000651530699542491 0.000535130209755152 0.000469797807454597 0.000437128703197232 0.000394299997424241 0.000260595503277727 0.000262080400716513 0.000261387001955882 0.000268515505013056 0.000795070998719893 0.000268858901108615 0.000267466093646362 0.000268303800112335 0.000259044099948369 0.000255728991760407 0.000253906597208697 0.000248871801886708 0.000237958895013435 0.00023281600442715 0.000229909601330291 0.000365403087926097 0.000220576097490266 0.000212841296161059 0.000314246097332216 0.000175058195964084 0.000269822805421427 0.000166903201716195 0.000170087810147379 0.000170334996255406 0.000171118739672238 0.000166746909826543 0.000169805339055529 0.00017181687928769 0.000176498652763257 0.000612848705543456 0.000611979888788028 0.000645397535322445 0.000426704764038277 0.000444282878561353 0.000817794787451476 0.000818690848745973 0.000322961529661825 0.000319587824236578 0.00044924885492037 0.000356717262775419 0.000444021968633024 0.000714081489263663 0.000561200208750279
0.000442384087364189 0.000477162102470174 0.000734226880013011 0.000408161504310556 0.00064983069387381 0.000568718001886737 0.000315652998324367 0.000294366196612827 0.000277864703093655 0.000365287691238336 0.000257538802543422 0.000259127999015618 0.00025966330213123 0.000264645499555627 0.000339229900419014 0.00026044700643979 0.000252292207733262 0.00030235190570238 0.000240873403527075 0.000725202207831899 0.00071096880492405 0.000234380000620149 0.000700762695487356 0.000233601902436931 0.000230492500122637 0.000221004596824059 0.000212451195693575 0.000203600302484119 0.000307336196783581 0.000189987104022293 0.000291282998659881 0.000189790097465448 0.000166834208357614 0.000170277387042006 0.000256621838616411 0.00016924254236983 0.000167154100608968 0.000169187782375957 0.000307627277038591 0.000232162124120805 0.000239834262316663 0.000246705476769193 0.000409837709398175 0.000306610581787936 0.000452114412524907 0.000371075369798746 0.000662822303254984 0.000653567032848912 0.000361547191658929 0.000519968334756982 0.000551209226699712 0.000457148658277617
0.000499881090945564 0.000537669799086871 0.000427672204750706 0.000401086508645676 0.000431628996011568 0.000329624286678154 0.00029711229581153 0.00027454930022941 0.000262902398389997 0.000256149205597467 0.000251226900218171 0.000255583800026216 0.000261198998487089 0.000356288095645141 0.000253221995080821 0.000241440298850648 0.00071396312705474 0.00028648190345848 0.000229533396122861 0.000230060801186482 0.000231320802413393 0.000233544800721575 0.000234771403484046 0.000233249906159472 0.000229536497499794 0.000224248298763996 0.000344490395946195 0.000628028206847375 0.000325457702274434 0.000201070499315392 0.000306253701637615 0.000296084203000646 0.000186864303032053 0.000187713381819776 0.000171877170487278 0.00016358043285436 0.000154821049363818 0.000150094650166466 0.00021812648822106 0.000180244663795293 0.000172017474852737 0.000190408427187094 0.000337875612743233 0.000380800092244726 0.000643010984887837 0.000614493730623167 0.000255109682299803 0.000293603740061599 0.000304577410567219 0.000381707058329184 0.00024733299464863 0.000269319070131058
