catData/variables/prey/Medium.asc
NCOLS 409 
NROWS 350 
XLLCORNER 60.897278365 
YLLCORNER 5.843756025 
CELLSIZE 0.0892857 
NODATA_value -9999 
[rows 23 to 45 of 350, columns 156 to 207 of 409]
0.000192434097698424 0.000191960001757252 0.00022800709848525 0.000227379503485281 0.00024086500161502 0.000234134495258331 0.000232466198212933 0.000232332502491772 0.000234269704378676 0.000236589099586126 0.000235185199926491 0.000261088691331679 0.000359641509930952 0.000444463406893192 0.000560384709388018 0.00051860410712834 0.000259267197179724 0.000232244707149221 0.000365101988791139 0.00042785130244738 0.000323268805004773 0.000301011599731282 0.000236283707636176 0.000196802060600021 0.000195160574548936 0.000186845624511989 0.000184230220611425 0.00026202220419691 0.000360703570549958 0.000301496264000889 0.000214622078374305 0.000149025980817896 0.000164598035439667 0.000246051268959491 0.00026515977924646 0.000302815160694081 0.000237663709981462 -9999 -9999 -9999 -9999 -9999 -9999 -9999 -9999 -9999 -9999 -9999 -9999 -9999 -9999 -9999
0.000185236398465349 0.00021361099970818 0.00022545690080733 0.000237947497225832 0.000219870897126384 0.000225724696065299 0.000247127205511788 0.000237427004321944 0.000234288798310445 0.000232167201829725 0.000230330897466047 0.00024475690406689 0.00025739419288584 0.000280099506198894 0.000535423101609922 0.000742479624022963 0.000279762598438538 0.00022516449826071 0.000284662799458602 0.000368075388905709 0.0003712260931934 0.000459568414953537 0.000384121103707002 0.000264074163624173 0.000254904396115307 0.000273911294698337 0.000266092739821033 0.000168089139606309 0.00029635240935022 0.000400613100282499 0.000255589510516074 0.000132347779867814 0.000105304840758436 0.000120981383247454 0.000143664840265956 0.000220240794419624 0.000312038808260695 -9999 -9999 -9999 -9999 -9999 -9999 -9999 -9999 -9999 -9999 -9999 -9999 -9999 -9999 -9999
0.000214215797313955 0.000233608299822663 0.000258205702266423 0.000203285797397257 0.000234093203289376 0.000237752398788871 0.00026312580666854 0.000244207800278673 0.000265194103121758 0.000271682900347514 0.000254658194535295 0.000275781303571421 0.000245359840846504 0.000285607703517599 0.000567061102628941 0.000829465918286587 0.000361922522642999 0.000244563719206781 0.000237236976772692 0.000243914826114633 0.000246252945999004 0.000310528635964147 0.000352841735548282 0.000420088085775205 0.000385213013032626 0.000509367508129799 0.000349027121046674 0.000209320609201313 0.000206864690198927 0.000370310331163637 0.000439224527326587 0.000173830558424015 0.00010869320931306 9.46577895888367e-05 0.000123851351645499 0.000167985492794287 0.000278463694030506 0.000294927253889909 -9999 -9999 -9999 -9999 -9999 -9999 -9999 -9999 -9999 -9999 -9999 -9999 -9999 -9999
0.00025751919929462 0.000249774998337671 0.000218546001633513 0.000208380100048089 0.000234124002417957 0.000238471600823686 0.000238696897213231 0.000270420100605406 0.000283088195828896 0.000299895003081474 0.000311215300826007 0.000295880106023105 0.000258146809755999 0.000323916096931498 0.000644094478047919 0.000794362926171743 0.000631498513030238 0.000328711629663303 0.000279244160992675 0.000247858034072124 0.000235163884099165 0.000225978746584587 0.000262156453118223 0.000308979747387639 0.000256588027241378 0.000439388076301839 0.000464891310002713 0.000492267512527178 0.000412244006838591 0.000400402217564988 0.000536237413143681 0.000285769605852693 0.000142357080108013 0.000114878583190148 0.000147636203905677 0.000199443336668992 0.000304087832091682 0.00031790961020306 -9999 -9999 -9999 -9999 -9999 -9999 -9999 -9999 -9999 -9999 -9999 -9999 -9999 -9999
0.000336675201651815 0.000307556696043321 0.000280409803963266 0.000208006700631813 0.000242263499785622 0.000246489398705307 0.000269804501840554 0.000271622894615575 0.000270784603344509 0.000286850697193586 0.000290874701022403 0.000319693801429821 0.000390922294172924 0.000505567789332417 0.000564267291338183 0.000464070797534077 0.00057589659900259 0.000707294125277258 0.000608195300628722 0.000395902691707306 0.000306850289689464 0.0002213679858869 0.000228126297770359 0.000223967134388658 0.000186172836038168 0.000289680814603344 0.000262057111740432 0.000402173152906471 0.000463261308141227 0.000611129109529429 0.000622659195869346 0.000422012647504744 0.000191522385875942 0.000129828182366509 0.000111459381741952 0.000127407230934296 0.000185029603699149 0.000345213028140279 0.000182067639116212 0.000156417677374066 -9999 -9999 -9999 -9999 -9999 -9999 -9999 -9999 -9999 -9999 -9999 -9999
0.000225760401917796 0.000249003054705099 0.00025059535573746 0.000236420100918622 0.000206505303140148 0.000219650202780031 0.00025831839775492 0.000259830893810431 0.000253206499110092 0.000248451693551033 0.000258528003541869 0.000250518050052051 0.000377716101866099 0.000356190003913071 0.000479571197502082 0.000563562396564521 0.000461507392174099 0.000525991486938437 0.000660858573610312 0.000804769982096332 0.000583084711252013 0.000261854866494104 0.000218041252082912 0.000183853536327661 0.000173803955931362 0.000208885358006228 0.000203453805625031 0.000217341132156434 0.000279048503216472 0.000566935590541107 0.000566953711313545 0.000570997686736519 0.000348192101682798 0.000161928015813828 0.00013187514218771 0.000119897891408982 0.00014639269897998 0.000348366309481207 0.000174625955651209 0.000135876396143431 0.000108100491104324 0.000150291945146819 0.00018272208410508 -9999 -9999 -9999 -9999 -9999 -9999 -9999 -9999 -9999
0.000201127601940243 0.000200767501155497 0.000190801300050225 0.000221684495045338 0.000191376899238094 0.000235915198572911 0.000247414199293416 0.000219531797483796 0.000249520599027164 0.000244697605012334 0.000230596097935631 0.000270696995357866 0.000313129902679066 0.000355364488314081 0.000442460301201208 0.000442458713223459 0.000491144910483854 0.00039263869257411 0.000576387603359763 0.000749449423892656 0.000838072101942089 0.000623509908109554 0.000289107797016186 0.00021428252421174 0.000188239754152164 0.00017150631538243 0.00016295009663736 0.000163671140398947 0.000226236923253964 0.000222312762161891 0.00049148819812217 0.000447148554030719 0.000497022491799726 0.000322485293054342 0.000212933175589569 0.000145425006508049 0.00012503598748026 0.000219549690996246 0.000392086566080252 0.000252966348625705 0.0001291798685088 0.000169128061429547 0.00021563779432654 0.000245159008954943 -9999 -9999 -9999 -9999 -9999 -9999 -9999 -9999
0.000272039229457732 0.000312512140681065 0.000262897297943709 0.000189180704182945 0.000210770796911675 0.000217397795495344 0.000240615800066735 0.000253120898378256 0.000225167998905818 0.00022937010453461 0.000269404798928008 0.000281395695310493 0.000283273398054007 0.000318157505716954 0.00032105530044646 0.000354810808858019 0.000471224094326317 0.000480613906802319 0.000523724287631921 0.000463196510281705 0.000410987192481116 0.000750858322135173 0.000721924306162691 0.000457718099823978 0.000338994464982534 0.000281118699604122 0.000236838837281539 0.000189646251328668 0.000191257186543226 0.000172166570109766 0.000189407285233756 0.000296828921818815 0.000464510899291781 0.000454113747764495 0.000282889322534174 0.000226907972319168 0.000170319895460125 0.000189945633337629 0.000410231328260124 0.000236250258694781 0.000128586289179111 0.000123907359011355 0.000136433659974955 0.000179500449632997 0.000257965303717356 0.0002963966153402 -9999 -9999 -9999 -9999 -9999 -9999
0.000395951034647624 0.000406870949518634 0.000308908901388349 0.000273760019808833 0.000253195608820533 0.000194736419416586 0.000202391602215357 0.000182160200893122 0.000241172596361139 0.000242217399318179 0.000226027855205757 0.000268900793344073 0.000242426902332227 0.000274024697318964 0.00028323759943305 0.000292026904389786 0.000300707200949546 0.000300216106552398 0.000364282291229756 0.000352182811184321 0.000399530611502996 0.000501817406075133 0.000661121481243754 0.000661343215142551 0.000702367976373353 0.000577925511606736 0.000504250702761055 0.000445689086518541 0.000353495620856847 0.000248495596679277 0.000233257619356664 0.000223347200972057 0.000291571552224923 0.000465256878669607 0.000434585790571873 0.000426539034378948 0.000322725378737232 0.000176921934325946 0.000426341141064768 0.000289617887119675 0.000255352302474421 0.000271144230055143 0.000237982011526583 0.000290863907821404 0.000312963421038148 0.000298580143976324 0.000262548794580653 -9999 -9999 -9999 -9999 -9999
0.000695574934979959 0.000546606202306066 0.000418534172467844 0.000256755664850061 0.000212643298254989 0.000225792704441119 0.000181172697921284 0.000224923704081448 0.000239766298363975 0.000238185793932644 0.000247357199441467 0.000240141891481471 0.000298082903100294 0.000263964005171147 0.000270484596512688 0.000279103996035701 0.000262148683759733 0.000243589676756528 0.0002742203323578 0.000281389457995829 0.000306835732772015 0.000363734977327113 0.000482372899568873 0.000387728269743093 0.000342858412750502 0.000413624951761449 0.000583256895879458 0.00070128701190697 0.000580776804781635 0.000565616800486168 0.000548594802239677 0.000388605244552309 0.000249813609798366 0.00025775645349313 0.000217680739297066 0.000208775364171743 0.000441800473254261 0.000356809944150882 0.000377221130975158 0.000179494717258422 0.000191539912066219 0.000147983467570612 0.000139409871735552 0.000235357196515906 0.000241559084656728 0.000153817368072851 -9999 -9999 -9999 -9999 -9999 -9999
0.0034466218498892 0.000152012290186576 0.00265818383672922 0.000326980326917692 0.000277207818271563 0.000270666953838372 0.000241749801716651 0.000219997797103133 0.000218196297282702 0.000213374006307276 0.000224344927119091 0.000260763697951916 0.000279612499070936 0.000193054544524784 0.000188522670214297 0.000207235650123039 0.00021494656584764 0.000203647566650034 0.000201064861812483 0.00022250820620684 0.000218170348944113 0.000228820478696434 0.000367078854651481 0.000354777379470761 0.000304220942325628 0.000372329573110619 0.000515662793986849 0.000952817112192861 0.00048328030607081 0.000606217998210923 0.000709586831362685 0.000616275490756379 0.000410690978242201 0.00023203182809084 0.000194675570355685 0.000248545668000588 0.000407595620799839 0.000408473958032118 0.000262735820115267 0.000218995976069891 0.000324964110632209 0.000217069786344837 0.000157650037522217 0.000165601821606742 0.000144643994076432 -9999 -9999 -9999 -9999 -9999 -9999 -9999
0.00167159489774349 0.0030093513319116 0.00165210951593053 0.000408512487638291 0.000369186517900744 0.000372694168731869 0.000288314067347528 0.00020027679784107 0.000191518898645882 0.000224187600906589 0.000240018402109854 0.000240140290770796 0.000245215297582035 0.000175258710896742 0.000216553347854642 0.000217142538531334 0.000246158419940912 0.000242896923737135 0.000196402003894036 0.000208085048143403 0.000232210896683682 0.000201376253244234 0.000274748530046054 0.000306135136270314 0.00031976811851564 0.000450208569418464 0.000653983914162382 0.000434706511441618 0.000323268236115837 0.000314921927383693 0.000509447691911191 0.000657134800349013 0.000572533190279501 0.000396384541090811 0.000489835027337904 0.000193685066733451 0.000350578468896856 0.000355903572199168 0.000339887773634473 0.000295705185862971 0.000396305302274413 0.000325780978528201 0.000242180538634784 0.000167062453954259 -9999 -9999 -9999 -9999 -9999 -9999 -9999 -9999
0.000511570771323022 0.00100783503376078 0.000374195791664533 0.000375309379592181 0.000690343591145393 0.000392750954461007 0.000297953049084754 0.000236586994105892 0.000243416996454471 0.000229787599892006 0.000233548600590439 0.000236411206969933 0.000220731899389648 0.000209363200156076 0.000216901468775177 0.000179757455043728 0.000220471107240883 0.000205796062346053 0.00017269891259275 0.000209251629257778 0.00033002022155415 0.000278299389265158 0.000302882245250657 0.000349686798017501 0.000389271361200372 0.000507514103446738 0.000596396693254064 0.000463227897853358 0.00038692844009347 0.00028063202080375 0.000348762135217839 0.000487569704091584 0.000595026802329812 0.000470382412459003 0.000261457877513749 0.00018275426236869 0.00022377920481631 0.000308751712736921 0.000295394254180792 0.000257021307334071 0.000417504843426286 0.00040343405044041 0.000315809407084089 0.000191424285048925 -9999 -9999 -9999 -9999 -9999 -9999 -9999 -9999
0.000671518309673047 0.000522897563996594 0.000367454860452199 0.000366699311427965 0.000366678956254418 0.000612662485423243 0.000324946859109332 0.000261981162566371 0.000259275508142309 0.000207043602131307 0.000196291295651463 0.000199343900021631 0.000236052195759839 0.00024222469983215 0.00021093419763929 0.000198060471120698 0.00018271572798767 0.000203277873879415 0.000190354718597519 0.000189283152394637 0.000308276226860471 0.000366817975191225 0.000399300462049723 0.000454040111435461 0.000283468845736934 0.000332415904267691 0.000425957217885298 0.000372392326426052 0.000350357151091885 0.00036428668681765 0.000250997405601083 0.000314658395836886 0.000514120191837719 0.000518201606610091 0.000376579360818141 0.000211862520018258 0.000157449006110255 0.000174614565366937 0.000251898595706734 0.000264380863427505 0.000221224189090208 0.000409829313866794 0.000347572198734269 0.000269991340928755 -9999 -9999 -9999 -9999 -9999 -9999 -9999 -9999
0.00068145149555221 0.000452479640784986 0.000379736834361211 0.00036706249090912 0.00036672679499361 0.000724655265713636 0.000419681853145448 0.000268325428351091 0.000296119688755425 0.00029413357424346 0.000215015999856405 0.000246511091972934 0.00021983660190017 0.00021982470570947 0.000197461299649149 0.000232610299917724 0.00017204636696988 0.000236781579587841 0.00029156963864807 0.00025080708655878 0.000256874044225697 0.00028891886540805 0.000370973791177676 0.000376674144717981 0.00023555305415357 0.000232047171266458 0.000329775000409427 0.000326558124015719 0.000267232424903341 0.000257259824593348 0.000178288149527361 0.000235646637975151 0.000436051006545313 0.000452763918474375 0.000438982448031311 0.000317670351705601 0.000188383844488271 0.000146117189274264 0.000154746098132819 0.000251532163474621 0.000211258058016028 0.000185069535973525 0.000445861790922208 0.000408679331485473 -9999 -9999 -9999 -9999 -9999 -9999 -9999 -9999
0.000873535078085297 0.000419234013804726 0.000392816870657953 0.000377259693721044 0.000385308479962987 0.000761839842766676 0.000521889930041652 0.000331594492081422 0.000274134554274497 0.000356561054559279 0.000321097367304901 0.000249861897827941 0.000197721697986708 0.000222876500629354 0.000224266301302123 0.000282298818547133 0.000200792648684001 0.000229806183597248 0.000262881404978543 0.000253807483204582 0.000292815028842597 0.000251032389314787 0.000264339243585709 0.000366366432899667 0.000328130459820386 0.000273348015525698 0.000207961635624088 0.000295200228265458 0.000304101073652419 0.000268509333636757 0.000166651801464468 0.000188980933671701 0.000373550995846017 0.000308698935441498 0.000273605255642906 0.00033248556064791 0.000282404389963631 0.000178876493919233 0.000141270268500193 0.000138179043460696 0.00019224486618441 0.000207411858241358 0.000377330571609491 0.00040206185713032 -9999 -9999 -9999 -9999 -9999 -9999 -9999 -9999
0.000446041380200768 0.000450565769256173 0.000472295493693764 0.000455777947280467 0.000465531441278699 0.000879324639413426 0.000540241230112315 0.00036848329455097 0.000393907414036221 0.000373566010239301 0.000407732809435402 0.000365437035043215 0.000279644498732523 0.000201403800019762 0.000226078993364354 0.000227313605137169 0.000217312896893418 0.00019794122181338 0.00021721501070715 0.000211299779039109 0.00027691064406099 0.000306517622448155 0.000320174298394704 0.00039811951592128 0.000334806230966933 0.00024013408801693 0.000195220619389147 0.000227418718168337 0.000251131614277256 0.000281866877685388 0.000242367060764082 0.000151062479972097 0.000219525123611675 0.000235164720379544 0.00021640346312779 0.00025910850672517 0.000342269450811727 0.000239101031866085 0.000144772769090196 0.000120651322731646 0.000144985110068774 0.000207267455380133 0.000384488875170064 0.000421737025590119 -9999 -9999 -9999 -9999 -9999 -9999 -9999 -9999
0.000428332811793553 0.000393075718761793 0.0003953544187425 0.00044838664314284 0.000800452207073477 0.00103089375633658 0.000549982257894044 0.000392200071473781 0.00050114914461119 0.000485120692019336 0.000466921093220662 0.000429060740998466 0.000331163495502551 0.00023873880127212 0.000203610499738716 0.000232365595365991 0.000217653203435475 0.000239150200286531 0.000204172671146807 0.00019237030255681 0.000185853091352328 0.000259174936672935 0.00036713691042678 0.000333320563186135 0.000225097428483423 0.000229289023991441 0.00025234840632038 0.00019925204651372 0.0001943003571796 0.000244713736265112 0.000267277911461861 0.00015580612193844 0.000166383733585462 0.000209628454740596 0.000205163674309006 0.000222122248487722 0.000316603314331587 0.000310877656829689 0.000193145531738992 0.000135444602733514 0.000142732624340169 0.000188933180993445 0.000249649903935278 0.000352929875589325 0.000371477478438464 -9999 -9999 -9999 -9999 -9999 -9999 -9999
0.000496721585363957 0.000481522431186931 0.000419552325638506 0.000464121366690051 0.000743900480728144 0.000500738750702112 0.000611450083397358 0.000397503804151711 0.000511119717657493 0.000522017484513526 0.00076392065170694 0.000488698723756897 0.000676220939453742 0.000391343079400031 0.000241894795180997 0.000257227204201627 0.000356284606823465 0.000202699602596113 0.000217971997699351 0.000175445996319468 0.000147781389841839 0.000173251834212351 0.000238073850596265 0.000318717809932423 0.000214553058413003 0.000190911994195631 0.000265907540779153 0.0002701647485992 0.000221992596834752 0.000235987687119632 0.000217373422401579 0.000235710521792498 0.000229481750466221 0.000232088331813429 0.000245036273099686 0.000264259282175772 0.000211858100328755 0.000246767516500768 0.000326244702591794 0.000325530575082666 0.000189570391739835 0.000171898436178708 0.000135685796635698 0.000166978714560173 0.000317895561011028 0.000285309266018885 -9999 -9999 -9999 -9999 -9999 -9999
0.000752159377725548 0.000505838004642101 0.00077775038045047 0.000483979708519655 0.000758937000341575 0.000493562393216962 0.000473120765661861 0.000489865475856277 0.000489125829744808 0.000518576215085886 0.000809268878356306 0.000473031082037778 0.000416147004216327 0.000420809660681698 0.000442759702309559 0.000581916163810092 0.000238761202126625 0.000217645902012009 0.000225249099457869 0.000208344699785812 0.000149086432429613 0.000158534646743647 0.000181682858510612 0.000276146573469305 0.000286404889266123 0.000218544900235429 0.000274058595550741 0.00027772852763519 0.000274230634659034 0.00026697381554186 0.000255347863003408 0.00026332791594541 0.000248916430791724 0.000193419809875195 0.000251545817263832 0.000314736918880953 0.000214360790323553 0.000144579001585043 0.00017962011020245 0.000279780331311485 0.000358475509983691 0.000357435061687283 0.000193458549802017 0.000167942539860633 0.000230182834684456 0.000379929793325573 0.00028326482220109 -9999 -9999 -9999 -9999 -9999
0.000460974539805648 0.000789842719370881 0.000485268692273166 0.000472266943802424 0.000784263947821273 0.000768615284755469 0.00051581945263024 0.000478723684466331 0.000844027572100003 0.000567885586860939 0.000890084605202901 0.000530701503180353 0.000422796317707252 0.000262067493167706 0.000241584401010186 0.000400425560656004 0.000292875494778855 0.000192959099877044 0.000184165999598918 0.000193945400496887 0.000188812697160756 0.000141564139084949 0.00014765753599022 0.00019148203318764 0.000215853338886518 0.000299125666515465 0.000236033491091803 0.000224573517243698 0.000239437743857707 0.000275101664101385 0.000217708096442948 0.000265255276190146 0.000261539878010808 0.000213940316825756 0.000175377174855385 0.000208767316962621 0.000160423412353339 0.000158590632509004 0.000262837011177908 0.000311163180413132 0.000213154454513642 0.000372712347598281 0.000552794437680859 0.00039531752372568 0.000374512892221901 0.000452959529866348 0.000419106062054198 0.000276786884114699 -9999 -9999 -9999 -9999
0.000491183706635923 0.000425996973802967 0.000667712907102214 0.000772301557958599 0.000527632681667001 0.000511189545136403 0.000476387760500074 0.000427020856477611 0.000424306862441881 0.000510937631474917 0.000545536511026512 0.000856932792885345 0.000830964029944425 0.000423960398620693 0.000237387699598912 0.000232148297072854 0.000360231321792526 0.000323627200486953 0.000198869401174306 0.000202315703063505 0.000239058625993493 0.000225809788844344 0.000160153756496584 0.000135600149178572 0.000127963960949273 0.000168187332064917 0.000276342053439294 0.00019149246327288 0.000198199700207624 0.000264252239048801 0.000246344201059401 0.000195724851437262 0.000207668473194644 0.000235613585118699 0.000168751793125921 0.000134143901277639 0.000133202263100429 0.000134029661467139 0.00021727752255174 0.000187930278116255 0.000109851904824154 0.000313256124172767 0.000386564150630875 0.000628109307399427 0.000446321610979794 0.000373923590359482 0.000351035785115528 0.000480509307635657 0.000400582600377675 0.000313905330131092 0.000223359227959463 -9999
0.000285366021948619 0.000725432922735081 0.000501047615045991 0.000718761205405372 0.000506561967739572 0.000509469612779867 0.000473954486494677 0.000464292868343819 0.000439995572889984 0.000820941410495379 0.000466271239929483 0.000758631915829255 0.000754894347636537 0.000485578459574754 0.000347789062288939 0.000228628301556455 0.000208356002985965 0.00030347888241522 0.000324850898323348 0.000299018194709788 0.000214527896787331 0.000247711858719413 0.000232791877806449 0.000181619521299581 0.000164724412115902 0.000176067508164124 0.000235454995618056 0.000156100969434192 0.000181033998615021 0.000187524971352104 0.000254169495292444 0.000218183294691698 0.000182639181957711 0.000206807006634335 0.000182266159072242 0.000151193120700555 0.000127262361388603 0.000134857923512754 0.000254089963164006 0.000205197011609926 8.96638178460307e-05 0.000186011013965981 0.000289091884724257 0.000435454870057583 0.000505582865116594 0.000511958986862737 0.00031448209597329 0.000374844122688955 0.000499247619700327 0.000459564819720981 0.000402920582928346 -9999
