catData/variables/prey/Small.asc
NCOLS 409 
NROWS 350 
XLLCORNER 60.897278365 
YLLCORNER 5.843756025 
CELLSIZE 0.0892857 
NODATA_value -9999 
[rows 207 to 229 of 350, columns 208 to 259 of 409]
0.000217765806837633 0.000212147012007335 0.000244015149974075 0.000224957582759089 0.000211102754292369 0.000222012203721533 0.000144809769608401 0.000153286168824707 0.000154663895955309 0.000142720239182381 0.000150539887727064 0.000145299048199377 0.000137357713356323 0.000131982913444517 0.000137655203616305 0.000123916889606335 0.000123489400721155 0.000129022381315735 0.000140206705509627 0.000178885873538093 0.000179943655894022 0.000167768010669533 0.000149779101320746 0.000147247902532399 0.000146120783938386 0.000145897728089039 0.000144427097438893 0.000202823045128753 0.00020233839040884 0.000202903093850182 0.00020541493267956 0.000207268869871768 0.000218351039620757 0.00022907309630682 0.000250774602136516 0.000211063806091261 0.00026425180658407 0.00026690770755522 0.000255391594691901 0.000257050693107885 0.00025177689622069 0.000234462282605818 0.000238591780771458 0.000235771538427798 0.0002967985833493 0.000294788590736061 0.000293614766633254 0.000231111472658085 0.000237753902183613 0.000261794664766057 0.000295442360766174 0.000241356246988289
0.000248135456104137 0.00022054840542296 0.000220306611936394 0.000199862996396405 0.000213306891964749 0.000246228470132337 0.000157591879542451 0.000179371383637772 0.00016825556576805 0.000177611066646932 0.000160556797709432 0.000162191315212112 0.000151373055814474 0.000141907248689677 0.000132356291487667 0.000139466780183284 0.000117598475753766 0.000135325471092074 0.00013843396845914 0.000146420408782433 0.000159971199536812 0.00016815137314552 0.000147055196521251 0.00014661920386061 0.000144896138408512 0.000144536860716471 0.000191160960639536 0.000205620200176782 0.000364387247373088 0.000211981810480211 0.000195464585885929 0.000214963798498502 0.000226180000026943 0.000239328397583449 0.000361671503924299 0.000285738296952331 0.000262403895249008 0.000268690895609325 0.000368315499144956 0.000262286204815609 0.000262065403148881 0.00027254450651526 0.000244396335801866 0.000303452105526958 0.000423815770773217 0.000298670611755369 0.00042935218925777 0.00023738025242892 0.000238083090607688 0.00024055116227828 0.000235443822930392 0.000240218291310157
0.000252601979923384 0.000252858741760065 0.000254034276395032 0.000263494288446964 0.000232896134548355 0.000223673715936457 0.000184940538929368 0.000172432795807254 0.00018126009763364 0.000192900570255006 0.000173123210515769 0.000192354221326241 0.000163279781190795 0.000147314801324683 0.000138074868118565 0.000130601231830951 0.000141166370667634 0.000139853173095617 0.000139529492116708 0.000141137141781655 0.000147202341850061 0.00015275418991223 0.000161933973231498 0.000145911579693347 0.000145159361636615 0.000190578948604525 0.000209734117561311 0.000200426999526826 0.000214101529763866 0.000199526597953081 0.000192382693967375 0.000211055301406304 0.000219587000174215 0.000242591193455155 0.000233909897360718 0.000290132702502888 0.000274699497822439 0.000282521295957849 0.000285979209365905 0.000280774391285377 0.000277165192528628 0.000275716592113895 0.000247065691837633 0.000248544717578625 0.00024568642675149 0.000243166060045041 0.00024323619209099 0.000244511345727005 0.00023504904697802 0.000235289455076781 0.000232788589073607 0.000227692436055804
0.000258329525877343 0.000252907680078351 0.000255253301702396 0.000262366590732199 0.000235536373565992 0.000239903465626412 0.000204252905859903 0.00019326517576701 0.000184998993063346 0.00020117989879509 0.000175343900082225 0.000211801161640324 0.000176512028701836 0.000160884887918655 0.000142819131724536 0.000132187817598606 0.00013017386345382 0.000144286835165985 0.000156981865529815 0.000142841702199803 0.00015114172038011 0.000153089300511056 0.000149193117067625 0.000148692010498053 0.000161973885042244 0.00021272106005199 0.000254211170613416 0.000225591641083156 0.000205542639378109 0.000194557188478939 0.000211696094083891 0.000220083704334684 0.000226369498705026 0.000262290801401832 0.000276194003163255 0.000281161797829554 0.000288730407191906 0.000399261292841402 0.000312763790134341 0.000281563399767037 0.00026228260321659 0.000287902192212641 0.000243712936935481 0.000250779388352385 0.000286619779672037 0.000314532810989476 0.000316229846703209 0.000253374712883669 0.000449212983994585 0.000237613286117266 0.000296135167445755 -9999
0.000232804166330425 0.000261697991845722 0.000229706325967527 0.000265671080569518 0.000272311849585094 0.00026529406386544 0.000243417946421687 0.000226107013077126 0.00018161879870604 0.000188939603503968 0.000239077221522166 0.00018810621531884 0.000171623306414403 0.00016408786723332 0.00014600810027332 0.000136169569032063 0.00013211707573646 0.000159761479608278 0.000144973717851826 0.000147778767313866 0.00014853897937428 0.000149700967540412 0.000160578608756623 0.000200231909275317 0.000180774616637791 0.000203142846658011 0.000262286825090996 0.000212553567052964 0.000203324692847673 0.000210568196052918 0.000206270999115077 0.000234141900364193 0.000267668705419055 0.000284149598883232 0.000291406693577301 0.000297276907076593 0.000302754000585992 0.000306989102682564 0.000301686199236428 0.000276272803603206 0.000268500301899621 0.000269287902483484 0.000249123524554307 0.000252936835750006 0.000255049891165982 0.000272717068128259 0.000325862775298447 0.000325879791944317 0.000246965762244145 0.000242739363329747 -9999 -9999
0.000237014971730787 0.000234148835374981 0.000233075616279166 0.000268388103449979 0.000272043141649192 0.000241468370859366 0.00028112895824961 0.000173626897776558 0.00017303959975834 0.000174409198734793 0.000244108611695992 0.000294789622330427 0.000282844595858478 0.000229312962346739 0.000219228592868603 0.000205084429580893 0.000166825624546618 0.000147505439144879 0.000163160320880706 0.00014237020877772 0.000143523508086218 0.000154115557506884 0.000166570966939616 0.00018500346914152 0.000186668139576796 0.00019005623380508 0.000191559620361659 0.000204678399313707 0.000212840102904011 0.000203000103283557 0.000211129599847482 0.000245618695771554 0.000287607996142469 0.000297575701551978 0.000306554204144049 0.000307007398077985 0.00030993659311207 0.000313935801386833 0.000279948799288832 0.000301847790979082 0.000359653400664683 0.000285707608327357 0.000254601961614753 0.000261411673818657 0.000298419146588458 0.000261978677372099 0.000263580181126599 0.000331199511037994 -9999 -9999 -9999 -9999
0.00221150060349373 0.000242320711322463 0.000268769456283735 0.000233426365639389 0.00027073352066509 0.000274445520517475 0.000163880757099832 0.00017508660130261 0.000168266402397421 0.000172457893313549 0.000225270026021462 0.000238171611272264 0.000271921116564044 0.00028366220794851 0.000239674457361616 0.000221649022478232 0.000147756432397728 0.000150012142512423 0.000165918925176811 0.000166021909990377 0.000149849001900293 0.0001490131785431 0.000172950368323654 0.000192372719084233 0.000192521314602345 0.000192533018889662 0.000197364000996458 0.000208318002478336 0.000193256795682828 0.000220942301893956 0.000256563389484654 0.000295088604616467 0.00030054409216973 0.000294120607577497 0.000303778004308697 0.000315011195198167 0.000312614991344162 0.000320891798764933 0.000276618498901371 0.000286780492388061 0.000262417031080986 0.000261388255466954 0.00025756274089872 0.000333531024352851 0.000259487786252066 0.000251825547820772 -9999 -9999 -9999 -9999 -9999 -9999
0.00028626262724174 0.0002845756048373 0.000241091518773828 0.000233328239573893 0.000210988944445489 0.000277718474080757 0.000196939458874112 0.000196407129806175 0.000170793996403518 0.000167497300935793 0.000168519896760699 0.000165405801453744 0.000190879534784472 0.000261167941971507 0.00217082586277684 0.000233542550631682 0.000177115231053904 0.000166732049365237 0.000152175525727216 0.000155733039264305 0.000170392641848593 0.000159664797138248 0.000191641008314036 0.000197437845599779 0.000196848442101327 0.000197919802303659 0.000176152698259102 0.000230706198635744 0.000234024704695912 0.000259327098319773 0.000305720393953379 0.000285885795165086 0.000303565007925499 0.000298871898849029 0.000312034007947659 0.000309268998535117 0.000299516804261657 0.000291111909973552 0.000267417106442736 0.000330640667925763 0.00033680597834973 0.000264036501448572 0.00025708671182656 0.000257809003187504 0.000266912171355216 -9999 -9999 -9999 -9999 -9999 -9999 -9999
0.000290466505930453 0.000285641790469526 0.000245063790771383 0.000240180275795865 0.000214302349149875 0.000183242741513823 0.000173809110492584 0.00017439006933273 0.000168287098858855 0.000166386202181457 0.00016711689204385 0.000166169656949933 0.000166028779858607 0.000232098597734876 0.000228154749947862 0.00023117483601709 0.000277157468417499 0.000154763562022708 0.000152648499351926 0.000157778851189505 0.000159049247031362 0.000186794722139894 0.000176696730250114 0.000185370421604603 0.000191543902474223 0.000214564097404946 0.000223399303649785 0.000266069004283054 0.000276928803941701 0.000305659101286437 0.00028523120272439 0.000281356798950583 0.000283488898276119 0.000308586095343344 0.000309858394757612 0.000297898293865728 0.000283346398646245 0.000334403275246586 0.000261202662386495 0.000258018174918107 0.000261022589711501 0.000262501830093242 0.000255610861131572 0.000252886475891501 0.000225295700147399 -9999 -9999 -9999 -9999 -9999 -9999 -9999
0.000297297781571615 0.000291581744704672 0.000220134419123497 0.00024846445694493 0.000288638675783659 0.000223230076244363 0.00024798084041322 0.000193674341062433 0.000215489784750389 0.000197596148609591 0.000184420102414151 0.000228335857173079 0.000245198460106621 0.000219753570490866 0.000271883483947022 0.000238118295101231 0.000283404432821044 0.000236586967957919 0.000155696331603394 0.000147796548844781 0.000148676183471252 0.000158237668529182 0.000181778455953463 0.000172538901097141 0.000191585799257155 0.000248919001023751 0.000267899504251545 0.000278280000202358 0.000273340803687461 0.000293176301056519 0.000282764198345831 0.000283702593151247 0.000299166604236234 0.000321926199831069 0.000292489203275181 0.000286786505967029 0.000337200239755475 0.000304088096982014 0.000334319289322593 0.000262741664073474 0.000334675242129379 0.000266445415036287 0.000541689307283377 0.000321223302876206 -9999 -9999 -9999 -9999 -9999 -9999 -9999 -9999
0.000266092010406282 0.000300009852708172 0.00029569258799711 0.000226233956709621 0.00025732318658811 0.000296800238402284 0.000266082719917904 0.000249597773745336 0.000247096642397082 0.000446858641907966 0.000262944212863658 0.000260298889770638 0.000289272607687963 0.000260527523550991 0.000224869128032879 0.000260573833202216 0.000248601598514142 0.000260628250316586 0.000163414908456616 0.00016466488068545 0.000170554490978247 0.000163395957315515 0.000154276298417244 0.000195038694073446 0.000225773401325569 0.000243977199716028 0.000266546310740523 0.000265875602053711 0.000243399201281136 0.000282421795418486 0.000271707202045945 0.0002892800985137 0.000287824896076927 0.000307522703224095 0.000304750632494688 0.000311242030420544 0.000343431901455915 0.000266457082034322 0.000300979539588297 0.0002664813885076 0.00027261057675787 0.00260239242334137 0.00200302255325369 -9999 -9999 -9999 -9999 -9999 -9999 -9999 -9999 -9999
0.000274326256203494 0.000272567860747586 0.0003039059592993 0.000304867349086635 0.000304905385974052 0.000307009383959667 0.000267571885160578 0.000304219076951995 0.000297804812362301 0.000266175175283934 0.000302249573451263 0.000267543077370647 0.00244075781608899 0.000298680020250686 0.000259296652529883 0.000256368467489665 0.000251409189331753 0.000248359769784656 0.000214525256978959 0.000174849325503601 0.000167885470546025 0.000180135904884082 0.000184688604349503 0.000205159900360741 0.000227684497076552 0.000240652905631578 0.000231138896197081 0.000232532005611574 0.000248437498157728 0.000277871797152329 0.000275099402642809 0.000290464402496582 0.000299742496281397 0.000342929823091254 0.000270418645413883 0.00026996056385542 0.000266999701125314 0.000329717675413121 0.000261819212369119 0.000262359533280687 -9999 -9999 -9999 -9999 -9999 -9999 -9999 -9999 -9999 -9999 -9999 -9999
0.000353617397422568 0.000313618234258684 0.000309900905904215 0.000280194908100384 0.00031478956339015 0.000314897586349616 0.00027189215825274 0.000271126353709406 0.000309272107642755 0.000267517001702799 0.00027386145438868 0.000277421566124758 0.000270893024435281 0.00026076733206537 0.00024422582509942 0.000215958372791647 0.000208889539862867 0.000219274445953488 0.00021682445640181 0.000184571989393589 0.000185370354301995 0.000185132696969958 0.000194894495507469 0.000204513900825987 0.000221370301005663 0.000226351203309605 0.000254035005127662 0.000247997893893626 0.000271394794253865 0.000281796397757716 0.000405902499551303 0.000578285020310432 0.0002872265104088 0.000342185110639548 0.000271582742243481 0.000304883775697817 0.000304041665003751 0.00033058236067518 0.000296760995297518 -9999 -9999 -9999 -9999 -9999 -9999 -9999 -9999 -9999 -9999 -9999 -9999 -9999
0.000361055759185547 0.000358870297077374 0.000281380301657919 0.000288611783616943 0.000323799785064693 0.000286719855466799 0.000322784877425875 0.000280243430893279 0.000321605873182307 0.000281137698493694 0.00048049267161332 0.000277409866612288 0.000276271666507455 0.000307230475755205 0.000233110627959832 0.000248654693223216 0.000274727229225391 0.000219179559280747 0.000220638582959509 0.000203277429136506 0.000190802201359475 0.000207693999982439 0.000235793493629899 0.000216567200368445 0.000227851793169975 0.000261343394413416 0.000294520511488372 0.000294389992632205 0.000283260098512983 0.000284156692941906 0.000283596900771954 0.000295648693281692 0.000337442409545474 0.000265207232587272 0.000267553999947268 0.000341712979661679 0.00030670577393721 -9999 -9999 -9999 -9999 -9999 -9999 -9999 -9999 -9999 -9999 -9999 -9999 -9999 -9999 -9999
0.00028745607505698 0.000286256491335735 0.000288481602410684 0.000368406016832523 0.000294107674790212 0.000327203204278703 0.00028506979310805 0.000289663229352755 0.000295419325951229 0.000283539469705829 0.000494895833526243 0.000273406284122757 0.000262369924712402 0.000266487212229549 0.000258929903338867 0.000288061392438976 0.000286438585590076 0.00021874079357076 0.000225883675739169 0.000225093237531837 0.000254345875873696 0.000240172999838251 0.000251837205723859 0.000262312891209149 0.000264275297013228 0.000264753902229131 0.000264313097432023 0.000310959701891989 0.000271042310487246 0.000275597741620004 0.000272093332569057 0.000267947611519048 0.00027133334424434 0.000308035473381096 0.000307813659219391 0.000297361193133838 -9999 -9999 -9999 -9999 -9999 -9999 -9999 -9999 -9999 -9999 -9999 -9999 -9999 -9999 -9999 -9999
0.000369910701920162 0.000370064381286284 0.000367642453284134 0.000296334178301549 0.000334601154918346 0.000331307826400007 0.000334068879965344 0.000338514802933787 0.00029340023036184 0.000328922196786152 0.000251895554356452 0.000328337935570744 0.00024644511859151 0.000314889463879808 0.000269667361180836 0.000236647834753967 0.000264249872543587 0.000265599603153532 0.000272383342235116 0.00025799229479162 0.000231346963118995 0.000231073698159889 0.000295379742055957 0.000251029622631904 0.000248107406150666 0.000241895604631281 0.000348293467595795 0.00031611279905519 0.000317614157438584 0.000279221334949398 0.000355918331933935 0.0003160620417475 0.000269284424575744 0.00026122356621272 -9999 -9999 -9999 -9999 -9999 -9999 -9999 -9999 -9999 -9999 -9999 -9999 -9999 -9999 -9999 -9999 -9999 -9999
0.000299136681405798 0.000379236328399202 0.000296028672210014 0.0002989166041516 0.000333415786371916 0.000333243117438542 0.000332219274696399 0.000334214023041568 0.000333908171569419 0.000253955521202442 0.000325485044641027 0.000328771276144835 0.000251753611564709 0.000250150097144797 0.000327216182995471 0.000254859033702814 0.000278680418887234 0.000237859872413537 0.000238519264712522 0.000244776218551124 0.000251043171829224 0.000244065728566056 0.000243016027297926 0.000287615715933498 0.000275146242756819 0.000265467118197193 0.000275300166777015 0.000276303563623514 0.000319231757430316 0.00027231769968239 0.000332255274770432 0.000248489942009655 0.000243891649233774 -9999 -9999 -9999 -9999 -9999 -9999 -9999 -9999 -9999 -9999 -9999 -9999 -9999 -9999 -9999 -9999 -9999 -9999 -9999
0.000348818690781627 0.000350017711298278 0.000307732888131795 0.000343715606504702 0.000262842364008975 0.000336912637521891 0.0003359730280863 0.000334829540179271 0.000334184866915166 0.000293394277832704 0.000290528823143177 0.000335632177666412 0.000262664026422499 0.000342400670433562 0.000305188819766045 0.000349898484728328 0.000344805916029145 0.000288648757305054 0.000280470506822894 0.000320920581089013 0.000248911170729116 0.000247139612838509 0.000320812951486005 0.000254756120966704 0.000256746487366399 0.00272348937187417 0.000277948824532359 0.000313251287479943 0.000315130425406096 0.000349673153550611 0.000244667454012415 0.000235236322907895 -9999 -9999 -9999 -9999 -9999 -9999 -9999 -9999 -9999 -9999 -9999 -9999 -9999 -9999 -9999 -9999 -9999 -9999 -9999 -9999
0.000276674045835534 0.000273081603154424 0.000271719575721363 0.000266686725353793 0.000266710623691324 0.000340508922818117 0.000345519941220118 0.000342749782021201 0.000298296909704732 0.000304807166457977 0.000308346253405034 0.000317102445933415 0.000314299652472982 0.000359741698957805 0.000366052340268652 0.000282857677120774 0.000283694745121466 0.000350639430052979 0.000260895216797508 0.000326803105963336 0.000252143181569409 0.000254928869480864 0.000258582979085986 0.000256271695889154 0.000255288684684274 0.000279072997500407 0.000273835762527597 0.000270146485490841 0.000250151090938289 0.000229439377108065 0.000242059171569053 -9999 -9999 -9999 -9999 -9999 -9999 -9999 -9999 -9999 -9999 -9999 -9999 -9999 -9999 -9999 -9999 -9999 -9999 -9999 -9999 -9999
0.000285679792909832 0.000283444891920226 0.000279316472187929 0.00027836718436447 0.000281928634194628 0.000361218761099735 0.000375861142401845 0.000373477945004197 0.000357584400489941 0.000321895968454555 0.000325695891433497 0.000329872569636791 0.000328071714193356 0.000296167116630386 0.000377029771470916 0.000288101483874925 0.000375742160031223 0.00035620222797661 0.000270636002369429 0.00027230247769694 0.000270772585736268 0.000346892947163724 0.000260213935348474 0.000245669424515427 0.000241727787511081 0.000265457896830412 0.000253548216505806 0.000241456438686782 0.000227314027199554 0.000224483258534747 0.000236654772834299 -9999 -9999 -9999 -9999 -9999 -9999 -9999 -9999 -9999 -9999 -9999 -9999 -9999 -9999 -9999 -9999 -9999 -9999 -9999 -9999 -9999
0.000294395500532119 0.000377714057322009 0.000376479758870119 0.000295607835596456 0.000389340024412377 0.000390347645861766 0.000393829831409676 0.000340052448791539 0.000377370481373873 0.000341545231094642 0.000344112847869837 0.000339330941642402 0.000339036157583905 0.000305055764556528 0.000337665296001433 0.000382285958494322 0.000381936748453882 0.000372874108506949 0.000279142415365641 0.000264021908833456 0.000254270366667697 0.000249453780952535 0.000245655352046015 0.000241567282387223 0.00024181996718653 0.000245358354959535 0.000245637765829088 0.000231486240522827 0.000226524341542245 0.000230504223509342 0.000232616134780983 0.000263142241692549 -9999 -9999 -9999 -9999 -9999 -9999 -9999 -9999 -9999 -9999 -9999 -9999 -9999 -9999 -9999 -9999 -9999 -9999 -9999 -9999
0.00039887933371574 0.000447981421984878 0.000394575099562644 0.000449962841230445 0.000412187419897236 0.000413125679187942 0.000356753985215619 0.000408317620440357 0.000409374323226075 0.000359322094027448 0.000623870635308776 0.000390896457929557 0.000306995933442522 0.000397524255731696 0.000392403610703695 0.000343323186825728 0.000388340119798158 0.000281160956092208 0.000267956758762011 0.000254201730285786 0.000247763945480983 0.00024368438403144 0.000239797483118309 0.00024145252245944 0.000238718969683305 0.000252393397317974 0.00023953816798894 0.000253792622743276 0.000231178276976607 0.000249187521831118 0.00024735540500842 0.00024930320068961 0.000191687606275082 -9999 -9999 -9999 -9999 -9999 -9999 -9999 -9999 -9999 -9999 -9999 -9999 -9999 -9999 -9999 -9999 -9999 -9999 -9999
0.000455559018973872 0.000400665684992418 0.000345755693615502 0.000397607950162637 0.000407677807743312 0.000424746188400604 0.000412513507399126 0.000415754577716143 0.000347203572800936 0.000366963739452331 0.000371581808849442 0.000414859140846602 0.000318726392833923 0.000356916797500162 0.000405758458100536 0.000306311797658054 0.000284447492049367 0.000265399127329147 0.00025854584237095 0.000329150680045132 0.000252166164727896 0.000248728674023369 0.000241825640387106 0.000242791785012741 0.000238037018220894 0.000234265695070235 0.000252106935306529 0.000305528431226776 0.000233714476394198 0.000289001767555419 0.000225997541406286 0.000258311125321598 -9999 -9999 -9999 -9999 -9999 -9999 -9999 -9999 -9999 -9999 -9999 -9999 -9999 -9999 -9999 -9999 -9999 -9999 -9999 -9999
