catData/variables/prey/Small.asc
NCOLS 409 
NROWS 350 
XLLCORNER 60.897278365 
YLLCORNER 5.843756025 
CELLSIZE 0.0892857 
NODATA_value -9999 
[rows 115 to 137 of 350, columns 0 to 51 of 409]
-9999 -9999 -9999 -9999 -9999 -9999 -9999 -9999 -9999 -9999 -9999 -9999 -9999 -9999 -9999 -9999 -9999 -9999 -9999 -9999 -9999 -9999 -9999 -9999 -9999 -9999 0.000163690299814334 0.000167413500093971 0.000168895297974814 0.00015409979641845 0.000162056499902974 0.000170942001204821 0.000183165999260382 0.000163720098498743 0.000185693601451931 0.00017778049914341 0.000178206699274597 0.00018098930013366 0.000173998298123479 0.000177693498699227 0.000177250198248657 0.000159531897224952 0.000183633699634811 0.000189395703273476 0.000188779893505853 0.00018337929759582 0.000183855099749053 0.000173866601471673 0.000165454097441398 0.000177277395778219 0.000168876902534976 0.000179944900082774
-9999 -9999 -9999 -9999 -9999 -9999 -9999 -9999 -9999 -9999 -9999 -9999 -9999 -9999 -9999 -9999 -9999 -9999 -9999 -9999 -9999 -9999 -9999 -9999 -9999 0.000148212100612 0.000166232603078242 0.000170073695699102 0.000182244702955359 0.000167646196132409 0.000174476397660328 0.000173743195773568 0.000183771298907232 0.000178667301952373 0.000172154499523458 0.000172390997249749 0.000164280498211156 0.00016172519644897 0.000162854998052353 0.000156277401401894 0.000157725196913816 0.00016157679783646 0.000168851800481207 0.000173959699168336 0.000174966295162449 0.000174048702319851 0.000148738601637888 0.000165718000062043 0.0001739699018799 0.000177773203176912 0.000154622999616549 0.00017415699949197
-9999 -9999 -9999 -9999 -9999 -9999 -9999 -9999 -9999 -9999 -9999 -9999 -9999 -9999 -9999 -9999 -9999 -9999 -9999 -9999 -9999 0.00014785440362175 0.000156385802256409 0.000163688098837156 0.000174519102074555 0.000185333303306834 0.000189728099940112 0.000190538903552806 0.000193299101738376 0.000182639900231152 0.000182097295692074 0.000169134200405097 0.000174242399225477 0.000165662295330549 0.000162452901349752 0.000151087699123309 0.000143980500070029 0.000141366701427614 0.00013994199798617 0.000142785598654882 0.000151315996845369 0.0001486754972575 0.000153593004142749 0.000161980096891057 0.000160415600475972 0.000163057798999944 0.000137835600980907 0.000142345099447994 0.000173954294950818 0.000147391103382688 0.000144824500239338 0.000177067200638703
-9999 -9999 -9999 -9999 -9999 -9999 -9999 -9999 -9999 -9999 -9999 -9999 -9999 -9999 -9999 -9999 -9999 0.000135274800413754 0.000153061304445146 0.00016497089927725 0.000174044202140067 0.000179809499968542 0.000193932004549424 0.000173940299646347 0.000177603602423915 0.000180162196556921 0.000178902500920231 0.000198545296370867 0.000175930699697346 0.000189542401130893 0.000178852898898185 0.000168263602972729 0.000161934396601282 0.000153488301293692 0.000151877698954195 0.000139928701173631 0.000136532995384187 0.000133402698338614 0.000132841903905501 0.000133641497086501 0.00013355940245674 0.000142549100928591 0.000146642201798386 0.000136752598336898 0.000140982998345862 0.000149376801346079 0.000126998904306674 0.000165406299856841 0.000165051798830973 0.000135660004161764 0.000168194399520871 0.000134168602016871
-9999 -9999 -9999 -9999 -9999 -9999 -9999 -9999 -9999 -9999 -9999 -9999 -9999 -9999 -9999 -9999 0.000143220298923552 0.000173476102645509 0.000193246098206146 0.000189134301763261 0.000174232500285143 0.000173746702785138 0.000178165202669334 0.000162679796630982 0.000165389501489699 0.000164696801220998 0.000164546403539134 0.000166526100656483 0.000163283795700409 0.000156036498083267 0.000180632401679759 0.000162934898980893 0.000154668598042917 0.000143477500387235 0.000136368798848707 0.00013681129894394 0.000125711996588507 0.000123134001114522 0.000127998102470883 0.000127225803225883 0.00011952349996136 0.000126770597489667 0.000130552998598432 0.000111070401544566 0.000121641398436623 0.000152195902046515 0.000144675899719005 0.000154041596033494 0.00015499639812333 0.000124887499623583 0.000159511200763518 0.000159247802002938
-9999 -9999 -9999 -9999 -9999 -9999 -9999 -9999 -9999 -9999 -9999 -9999 -9999 0.000166463498317171 0.000156702200911241 0.000122442699648673 0.000139832198328804 0.000183837302756729 0.00018178880418418 0.000177510493813315 0.000181857700226828 0.000180014903889969 0.000182510899321642 0.000187952198757557 0.00050856510642916 0.000158138194819912 0.000185027703992091 0.000192141400475521 0.000184780299605336 0.000179187398316571 0.000175701105035841 0.000166955796885304 0.000124729398521595 0.000141823597004986 0.000110004601083347 0.000128149902593577 0.00012282300122024 0.00011920740143978 9.25918011489557e-05 0.000114051499622292 0.000116277898996486 0.000119120300951181 0.000122620202091639 0.000127547802549088 0.000143726500027697 0.000138162300572731 0.000110885597678134 0.00010835380271601 0.00014229289990908 0.00014687859948026 0.000148809398524463 0.000350529095157981
-9999 -9999 -9999 -9999 -9999 -9999 -9999 -9999 -9999 -9999 0.000158504299179185 0.000152624197653495 0.000118380699859699 0.000162368600285845 0.00015386039740406 0.00016364099792554 0.000186945599125465 0.000192117699043592 0.000167367998074042 0.000173620799614582 0.000170731596881524 0.000167128502653213 0.000165121196914697 0.000163897300808458 0.000205180102057057 0.000165306999406312 0.000201115399249829 0.00018737830396276 0.000180345203261822 0.0001368230987282 0.000162207201356068 0.000151121897943085 0.000138914398121415 0.000104605702290428 0.000100224400739535 0.000119201200504904 0.000114580496301642 0.00010915050006588 9.83136997092515e-05 0.000110103297629394 0.00011938480201934 0.000123985000755056 0.000106602297819336 0.000127236502521555 0.000134022198835737 0.000132141500216676 0.000122918798297178 9.5665500339237e-05 0.000131022095956723 0.000102681502539781 0.000138752298880718 0.000144162599099218
-9999 -9999 -9999 -9999 -9999 -9999 -9999 -9999 -9999 -9999 0.000158240902237594 0.000151508997078054 0.000147763901622966 0.000148602099216077 0.000150807896716287 0.000157234801008599 0.000367275901226094 0.000186725701496471 0.000203954896278447 0.000216138305404456 0.000220785095734755 0.000220668298425153 0.00022389370133169 0.000222304501221515 0.000223070299398387 0.000219454297621269 0.000201707600353984 0.00014938359890948 0.000182288698852062 0.000129710102555691 0.000132214800032671 0.000121282599138794 0.00011535459998413 9.3707101768814e-05 9.12170980882365e-05 0.000114303100417601 0.00010174049748457 0.000106845598565997 8.34100010251859e-05 0.000112795700260904 9.47076005104464e-05 0.00010175660099776 9.75897019088734e-05 0.00012177409917058 0.000120977299957303 0.000119878099212656 0.000118321999252657 9.11166971491184e-05 0.000127817400425556 0.000130509099108167 0.00013291939831106 9.73665028141113e-05
-9999 -9999 -9999 -9999 -9999 -9999 -9999 -9999 -9999 -9999 0.000182349896931555 0.000180464801815106 0.000178548900294118 0.000181617797352374 0.000185041397344321 0.000200266706087859 0.000206805001653265 0.000197781300812494 0.00019416339637246 0.000198305602680193 0.000207107503229054 0.000161566604219843 0.000159001403517323 0.000162078802532051 0.000162769196322188 0.000157938698976068 0.000182310399395647 0.000143056298838928 0.000166498397447867 0.00015345720021287 0.000137070102937287 0.000135313501232304 9.65733997873031e-05 0.000111934401502367 0.000116210901978775 0.000112729798274813 0.000108474700027728 0.00010002960152633 9.9671198768192e-05 8.25324987090426e-05 0.000112883899419103 0.000114381202365621 0.000112809300844674 0.000112798697955441 0.000113554197014309 0.000118544696306344 0.000118591997306794 8.98394027899485e-05 9.38604989642045e-05 0.000128524499814375 0.000125499298519571 0.000117265597509686
-9999 -9999 -9999 -9999 -9999 -9999 -9999 -9999 -9999 -9999 0.000207656899874564 0.000205013900995255 0.000203440398763632 0.000212722301512258 0.000223900504352059 0.000189843496627873 0.000190430499060312 0.000187616202310892 0.000170683902979363 0.000162424996233312 0.000168837603268912 0.000165297900821315 0.000161836494953604 0.000158352799189743 0.000156004200107418 0.000200643396965461 0.000151327200001106 0.000178286096343072 0.000161208296049153 0.000148603801790159 0.000105342900496908 9.99533003778197e-05 0.000125176200526766 0.000122746299894061 0.000117320896606543 0.000107536799987429 0.000101094698038651 9.91669021459529e-05 0.000102887201137492 0.000110643697553314 0.000108184000055189 0.000109213398900465 0.000111301000288222 0.000109221300590434 0.000112141002318822 0.000113094201878994 0.000114668497189996 8.81269988894928e-05 9.14170013857074e-05 0.000120521899589221 0.000111570700028096 0.000104141601696028
-9999 -9999 -9999 -9999 -9999 -9999 -9999 -9999 -9999 -9999 0.00022271149646258 0.000215210202441085 0.000210668302315753 0.000208684101380641 0.000211673996091122 0.000159901504957816 0.000163697197422152 0.000220085799810477 0.000162265099788783 0.000163379099831218 0.000220854799408698 0.000167466798302485 0.000222288501390722 0.000221708698518341 0.000167665399203543 0.000215351603401359 0.000200939703063341 0.000135915703140199 0.000164112596394261 0.000157561604282819 0.000148737202835036 0.000139277995913289 9.72426005318994e-05 0.000118948799354257 0.000103146699984791 9.52006012084894e-05 6.93150013830746e-05 9.77098989096703e-05 0.000106428497019806 0.000113601001430652 0.000112111001726589 0.000109202197563718 0.000109591001091758 0.000109769900518586 8.05839008535258e-05 7.99322988314088e-05 0.000113880003482336 8.55446996865794e-05 8.7062202510424e-05 0.000119584499771008 8.83827015059069e-05 0.000125458198453998
-9999 -9999 -9999 -9999 -9999 -9999 -9999 -9999 -9999 0.000252738493145443 0.000239781602431322 0.000230097699386533 0.000217311000596965 0.000152241103933193 0.000204971303901402 0.000209196703508496 0.000222085604036693 0.000170112896739738 0.000218024197238265 0.000227635402552551 0.000174597003933741 0.000172587297129212 0.000174334603798343 0.000226949996431358 0.000225255193072371 0.000217473301745486 0.000206985401746351 0.00019837779836962 0.000188915400940459 0.00018273709792993 0.000169113798619946 0.000156896301632514 0.000104964501588256 0.000131087797853979 0.000121676701382967 0.000112432600872125 0.000114011998448404 0.000121448198115104 0.00011993099906249 0.00011570869719435 8.39548010844737e-05 0.000111713001388125 0.000110033601231407 7.77966015448328e-05 0.000110762997792335 0.000112870497105177 0.000113737201900221 8.29094005894149e-05 8.571419857617e-05 8.74233010108583e-05 8.81122996361228e-05 8.81736996234395e-05
-9999 -9999 -9999 -9999 -9999 -9999 -9999 -9999 -9999 0.000267289702605922 0.000243132395553403 0.000170627499755938 0.000158969996846281 0.000211622296774294 0.000217251006688457 0.00016148860231624 0.000227625299885403 0.000168088099599117 0.00023251689344761 0.000184248499863315 0.000190939794265432 0.00019046960369451 0.000187824400200043 0.000182939806109061 0.00017615990145714 0.000170089799212292 0.00016516120012966 0.000214480696740793 0.00015762000111863 0.000196408698684536 0.000189739701454528 0.000179897197085666 0.000162784595886478 0.000146796099215862 0.000133007401018403 0.000130809301481349 0.000129209702208755 0.000135179896460613 0.000147181597640156 0.000138523802888812 0.000130296297356836 0.000121450098959031 0.00011914149945369 8.20989025669405e-05 8.2097800259362e-05 8.10326982900733e-05 8.21607991383644e-05 8.51042004796909e-05 8.85828012542333e-05 0.000123526595416479 0.000119454598461743 8.43103989609517e-05
-9999 -9999 -9999 -9999 -9999 -9999 -9999 -9999 0.0002598676001071 0.000261401895841118 0.000175516899616923 0.000232794096518774 0.000225937303184764 0.000164265897183213 0.0001672476028034 0.000175423698237864 0.000277408300462412 0.000288798597466666 0.000202428502234397 0.000197946803382365 0.00020219510406605 0.000204087700694799 0.000201144299353473 0.00026130890546483 0.000186251403647475 0.000181828505446902 0.000237013897276483 0.00017444909826736 0.000231730402447283 0.000165205201483332 0.000216230306250509 0.000196424603927881 0.00016405489986937 0.000150064399349503 0.000112835699837888 0.000119286001790897 0.00012630600213015 0.000129517800814938 0.000119015800009947 0.000109529102701345 0.000100679999377462 0.00013195969768276 8.89930997800548e-05 8.97242989594815e-05 9.08710990188411e-05 9.09731988940621e-05 9.15590007934952e-05 8.9363402366871e-05 7.85411994002061e-05 7.22170989320148e-05 8.1750000390457e-05 9.36854994506575e-05
-9999 -9999 -9999 -9999 -9999 -9999 -9999 -9999 0.000228084300033515 0.000167467500432394 0.000163560300279642 0.000166693196661072 0.000232879890972981 0.000247066698648268 0.000270985492534237 0.000284049998299452 0.000290536794636864 0.000270088105025934 0.000185383101779735 0.000181915602297522 0.00018163830100093 0.000181898099981481 0.000226426705921767 0.000232382903050166 0.00019047280511586 0.000192340001376579 0.000259690499660792 0.000257468796917237 0.000249194203206571 0.000242857604462188 0.000231074904149864 0.000200882303033723 0.000215963998925872 0.000157512400619453 0.000157023296196712 0.000163396802236093 0.000165365403518081 0.000160226605657954 0.000145866899401881 0.000126228102089954 0.000104576802186784 9.55864998104516e-05 9.53306989686098e-05 9.57873999141157e-05 9.7045300208265e-05 9.56044004851719e-05 0.000140820598971914 0.000137370501761325 9.49373006733367e-05 9.2282100013108e-05 0.000122480703794281 0.000131638395032496
-9999 -9999 -9999 -9999 -9999 -9999 -9999 -9999 0.00014338840446726 0.000148239198097144 0.000152046795847127 0.000226450101763476 0.000227088799874764 0.000165253699378809 0.000180642502527917 0.000185424596566008 0.00018199349869974 0.000187942201591795 0.000191425700904801 0.000271734596026363 0.000183509400812909 0.00017879570441437 0.000187977406312712 0.000263231500866823 0.000189338799827965 0.0001900392016978 0.000193862997548422 0.000196769298781874 0.000257107592915418 0.000258172403846402 0.000190559698239667 0.00023421080186381 0.000182669402420288 0.00018694399841479 0.00017430890511605 -9999 0.000176819998159772 0.000225898504140787 0.000209741105209105 0.000140099105919944 0.000129677398945205 0.000128783594846027 0.000132686102006119 0.000133082197862677 0.000133192104840418 0.000124426202091854 0.000116302002425073 0.000105581200841698 0.000101847697806079 0.000134775904371054 0.000141660597364535 0.000156591697304975
-9999 -9999 -9999 -9999 -9999 -9999 -9999 -9999 0.000128395298816031 0.000183961401489796 0.000136231301439693 0.000148964998516021 0.000149686195072718 0.000152899097884074 0.000155185298353899 0.000154925699462183 0.000170228006027173 0.000164317796588875 0.00016620260066702 0.000171778101503151 0.000168702001246857 0.000170423300005496 0.000178553298610495 0.000248817807005253 0.000177466001332505 0.000175222601683345 0.000178039997990709 0.000181978204636835 0.000239663695538184 0.000216782496863743 -9999 -9999 0.000167824799063965 0.000235049596085446 0.000238944805460051 0.000178226899151923 0.000175288003447349 0.000175968598341569 0.000167552399943816 0.000156972200784367 0.000145791196700884 0.000145605101351975 0.000147428199852584 0.000146685000800062 0.000153304597915849 0.000190600005225861 0.000161814799866988 0.000100488401585608 0.000126325903693214 -9999 -9999 -9999
-9999 -9999 -9999 -9999 -9999 -9999 -9999 -9999 0.000159483397510485 0.000111745599497226 0.000120490098197479 0.000135571703140158 0.000184890097443713 0.000185659901035251 0.000170443603565218 0.000124344796859077 0.00013130499428371 0.00012562369920488 0.000128404903080082 0.000138958799652755 0.000146909300383413 0.00014615110194427 0.000147780498082284 0.000154257802932989 0.000154287699842826 0.000148337199789239 0.000156689700816059 0.000171001796843484 0.000165809400641592 -9999 -9999 -9999 -9999 -9999 -9999 -9999 -9999 -9999 0.000245949198870221 0.000234306902711978 0.000155116998939775 0.000151755897604744 -9999 -9999 -9999 -9999 -9999 -9999 -9999 -9999 -9999 -9999
-9999 -9999 -9999 -9999 -9999 -9999 -9999 -9999 0.000146870303069591 0.000103017102446756 0.000120568900456419 0.000127784200230963 0.000119488397103851 0.000116500097647076 -9999 0.000164982398928259 0.000128889398183674 -9999 -9999 -9999 -9999 -9999 -9999 -9999 -9999 -9999 -9999 -9999 -9999 -9999 -9999 -9999 -9999 -9999 -9999 -9999 -9999 -9999 -9999 -9999 -9999 -9999 -9999 -9999 -9999 -9999 -9999 -9999 -9999 -9999 -9999 -9999
-9999 -9999 -9999 -9999 -9999 -9999 -9999 -9999 -9999 0.000151983096657204 -9999 -9999 -9999 -9999 -9999 -9999 -9999 -9999 -9999 -9999 -9999 -9999 -9999 -9999 -9999 -9999 -9999 -9999 -9999 -9999 -9999 -9999 -9999 -9999 -9999 -9999 -9999 -9999 -9999 -9999 -9999 -9999 -9999 -9999 -9999 -9999 -9999 -9999 -9999 -9999 -9999 -9999
-9999 -9999 -9999 -9999 -9999 -9999 -9999 -9999 -9999 -9999 -9999 -9999 -9999 -9999 -9999 -9999 -9999 -9999 -9999 -9999 -9999 -9999 -9999 -9999 -9999 -9999 -9999 -9999 -9999 -9999 -9999 -9999 -9999 -9999 -9999 -9999 -9999 -9999 -9999 -9999 -9999 -9999 -9999 -9999 -9999 -9999 -9999 -9999 -9999 -9999 -9999 -9999
-9999 -9999 -9999 -9999 -9999 -9999 -9999 -9999 -9999 -9999 -9999 -9999 -9999 -9999 -9999 -9999 -9999 -9999 -9999 -9999 -9999 -9999 -9999 -9999 -9999 -9999 -9999 -9999 -9999 -9999 -9999 -9999 -9999 -9999 -9999 -9999 -9999 -9999 -9999 -9999 -9999 -9999 -9999 -9999 -9999 -9999 -9999 -9999 -9999 -9999 -9999 -9999
-9999 -9999 -9999 -9999 -9999 -9999 -9999 -9999 -9999 -9999 -9999 -9999 -9999 -9999 -9999 -9999 -9999 -9999 -9999 -9999 -9999 -9999 -9999 -9999 -9999 -9999 -9999 -9999 -9999 -9999 -9999 -9999 -9999 -9999 -9999 -9999 -9999 -9999 -9999 -9999 -9999 -9999 -9999 -9999 -9999 -9999 -9999 -9999 -9999 -9999 -9999 -9999
