catData/variables/prey/Small.asc
NCOLS 409 
NROWS 350 
XLLCORNER 60.897278365 
YLLCORNER 5.843756025 
CELLSIZE 0.0892857 
NODATA_value -9999 
[rows 92 to 114 of 350, columns 312 to 363 of 409]
-9999 -9999 -9999 -9999 -9999 -9999 -9999 -9999 -9999 -9999 -9999 -9999 -9999 -9999 -9999 -9999 -9999 -9999 -9999 -9999 -9999 -9999 -9999 -9999 -9999 -9999 -9999 -9999 -9999 -9999 -9999 -9999 -9999 -9999 -9999 -9999 -9999 -9999 -9999 -9999 -9999 -9999 -9999 -9999 -9999 -9999 -9999 -9999 -9999 -9999 -9999 -9999
-9999 -9999 -9999 -9999 -9999 -9999 -9999 -9999 -9999 -9999 -9999 -9999 -9999 -9999 -9999 -9999 -9999 -9999 -9999 -9999 -9999 -9999 -9999 -9999 -9999 -9999 -9999 -9999 -9999 -9999 -9999 -9999 -9999 -9999 -9999 -9999 -9999 -9999 -9999 -9999 -9999 -9999 -9999 -9999 -9999 -9999 -9999 -9999 -9999 -9999 -9999 -9999
-9999 -9999 -9999 -9999 -9999 -9999 -9999 -9999 -9999 -9999 -9999 -9999 -9999 -9999 -9999 -9999 -9999 -9999 -9999 -9999 -9999 -9999 -9999 -9999 -9999 -9999 -9999 -9999 -9999 -9999 -9999 -9999 -9999 -9999 -9999 -9999 -9999 -9999 -9999 -9999 -9999 -9999 -9999 -9999 -9999 -9999 -9999 -9999 -9999 -9999 -9999 0.000350380989402765
-9999 -9999 -9999 -9999 -9999 -9999 -9999 -9999 -9999 -9999 -9999 -9999 -9999 -9999 -9999 -9999 -9999 -9999 -9999 -9999 -9999 -9999 -9999 -9999 -9999 -9999 -9999 -9999 -9999 -9999 -9999 -9999 -9999 -9999 -9999 -9999 -9999 -9999 -9999 -9999 -9999 -9999 -9999 -9999 -9999 -9999 -9999 -9999 -9999 -9999 -9999 0.000345289503457025
-9999 -9999 -9999 -9999 -9999 -9999 -9999 -9999 -9999 -9999 -9999 -9999 -9999 -9999 -9999 -9999 -9999 -9999 -9999 -9999 -9999 -9999 -9999 -9999 -9999 -9999 -9999 -9999 -9999 -9999 -9999 -9999 -9999 -9999 -9999 -9999 -9999 -9999 -9999 -9999 -9999 -9999 -9999 -9999 -9999 -9999 -9999 -9999 -9999 -9999 0.000325351491483161 0.000427876298999763
-9999 -9999 -9999 -9999 -9999 -9999 -9999 -9999 -9999 -9999 -9999 -9999 -9999 -9999 -9999 -9999 -9999 -9999 -9999 -9999 -9999 -9999 -9999 -9999 -9999 -9999 -9999 -9999 -9999 -9999 -9999 -9999 -9999 -9999 -9999 -9999 -9999 -9999 -9999 -9999 -9999 -9999 -9999 -9999 -9999 -9999 -9999 -9999 -9999 -9999 0.000386323987186188 0.000344320787007746
-9999 -9999 -9999 -9999 -9999 -9999 -9999 -9999 -9999 -9999 -9999 -9999 -9999 -9999 0.000340467797286692 -9999 9.73723008428351e-05 -9999 -9999 -9999 -9999 -9999 -9999 -9999 -9999 -9999 -9999 -9999 -9999 -9999 -9999 -9999 -9999 -9999 -9999 -9999 -9999 -9999 -9999 -9999 -9999 -9999 -9999 -9999 -9999 -9999 -9999 -9999 0.000392955696952413 0.000447387112217257 0.000361793807314825 0.000713620213900867
-9999 -9999 -9999 -9999 -9999 -9999 -9999 -9999 -9999 -9999 -9999 -9999 8.27476014819695e-05 5.61258011657628e-05 6.21861008767155e-05 7.54284992581233e-05 6.35325004623155e-05 5.93910799580044e-05 9.00044997251825e-05 0.000103023300653149 -9999 -9999 -9999 -9999 -9999 -9999 -9999 -9999 -9999 -9999 -9999 -9999 -9999 -9999 -9999 -9999 -9999 -9999 -9999 -9999 -9999 -9999 -9999 -9999 -9999 -9999 -9999 0.000296211112981837 0.000460025687061716 0.000324001196531754 0.000416675797168864 0.000623056823314982
-9999 -9999 -9999 -9999 -9999 -9999 -9999 -9999 -9999 0.000167589605553076 0.000185134002094856 0.000172932297573425 0.000102690202766098 0.000108128098872839 0.000111393896986556 0.00013491819936462 0.000116845100819774 0.000107026701698487 0.000103821201264509 -9999 -9999 -9999 -9999 -9999 -9999 -9999 -9999 -9999 -9999 -9999 -9999 -9999 -9999 -9999 -9999 -9999 -9999 -9999 -9999 -9999 -9999 -9999 -9999 -9999 0.000293684701318853 0.000308304790451075 0.00029950211137475 0.000621897670498583 0.00049186119940714 0.000305695498354908 0.000266070298494014 0.000469602391603985
-9999 -9999 -9999 -9999 -9999 -9999 -9999 -9999 0.00011895659736183 0.00018077359709423 0.000244133298110683 0.000217018805415137 0.000242862999584759 0.000234117094805697 0.000354606111613975 0.000260005006566644 0.000305877614664496 0.000133122601255309 0.000152733502545743 0.00036950891444576 0.000184413001989014 0.000403319811994152 0.000200049895283883 -9999 -9999 -9999 -9999 -9999 0.0006638727227255 0.000308701099129394 -9999 -9999 -9999 -9999 -9999 -9999 -9999 -9999 -9999 -9999 -9999 -9999 -9999 -9999 -9999 0.000448352986495593 0.000751359786590911 0.000511674086737912 0.000502634797157953 0.000331376300891861 0.000555830889425124 0.000298058504995424
9.87298035397544e-05 -9999 -9999 -9999 -9999 -9999 0.000180883504071971 0.000200888298422797 0.000206731594516896 0.000294041899906006 0.000293365297693526 0.000329707603668794 0.000157514599777642 0.000345828984791297 0.000324590495438315 0.000189061694982229 0.000299264593195403 0.000150004897477629 0.000369397308531916 0.000447649807028938 0.000250040601713408 0.000381664805900073 0.000289368492303765 0.000653726372547681 0.000762697911341093 0.000606620302278316 0.000666099378577201 0.00063462997059105 0.000573551100387704 0.000560902604775038 0.000754372204028186 0.000396406189793197 -9999 -9999 -9999 -9999 -9999 -9999 -9999 -9999 -9999 -9999 -9999 -9999 -9999 0.000480777900520479 0.00054941610142123 0.000368447189430299 0.000293297496682499 0.000273570403805934 0.000310248295136262 0.000551032697330811
0.000274957496912975 0.000100591498267022 -9999 -9999 -9999 -9999 -9999 0.000228115499339765 0.000268672807578696 0.000301770694932202 0.000338052897859598 0.000387882311770227 0.00028688729435089 0.000454007312328031 0.000416498489357764 0.000350900107150665 0.000199315903955721 0.000396691109926905 0.000356211890903069 0.000396936091419775 0.000416862490965286 0.000457451791589847 0.000732802829588763 0.00051248670934001 0.000594634493609192 0.000685355716996128 0.000384305994884926 0.000746890302252723 0.00071651060716249 0.00102629530374543 0.000698377480148338 0.000457963191365707 -9999 -9999 -9999 -9999 -9999 -9999 -9999 -9999 -9999 -9999 -9999 0.000416038769799343 0.000600390903855441 0.000618751098954817 0.000543952992302366 0.00036072220063943 0.000419378804508597 0.000320804294460686 0.000546951287105912 0.000512916492880322
0.000743124618566071 -9999 -9999 -9999 -9999 0.000259653592365794 0.000259782493230887 0.000151446200106875 0.000275731894362252 0.000303347500448581 0.000404260896175401 0.000428043411375256 0.000432201391959097 0.000440564901509788 0.000378316995920613 0.000411825392802712 0.000542592508281814 0.000545584205610794 0.000432289907621453 0.000501217909913976 0.00073764221087913 0.000544582908332814 0.000572483793803258 0.000590905405260855 0.000670825902489014 0.000452571894129505 0.000367319405995659 0.000535881212272216 0.000664750092255417 0.000749238897697069 0.000734635097614955 0.00118801043390704 0.000647406994175981 0.000730881225535995 -9999 -9999 -9999 0.000533288599399384 0.00106405603310122 0.000443436106252193 -9999 0.000416121429225313 0.000718575680366484 0.00112395169890078 0.000588478993449826 0.000395241006117431 0.000331147904944373 0.000340507394867018 0.000574046898691449 0.000567639011933352 0.000561500693947892 0.000544618293133681
0.000472797293696203 -9999 -9999 -9999 -9999 0.000292293596430682 0.000304744193272199 0.000264098402112722 0.000302075808576774 0.000381999205274042 0.000385323997761589 0.000368329994671512 0.000371392408851534 0.00036036779783899 0.000352393508364912 0.000462524894828675 0.000497439406899503 0.000474208492960315 0.000461312396510039 0.000569994695979403 0.000593822409427958 0.000623065196123207 0.000665205625409726 0.00067401160049485 0.000714152178261429 0.000555565893591847 0.000380555893571 0.000339142594384612 0.000402565088734264 0.000653301998681854 0.00049823299923446 0.000574820413021371 0.000781005521275802 0.000833421694551362 0.000810671488579828 0.000833175396110164 0.000853932109748712 0.00129262916379957 0.000577982300455915 0.000712254020982073 0.000505797797814012 0.00117196217161109 0.000739043807698181 0.000368314800653025 0.000316485009534517 0.000336704300934798 0.000570629411413393 0.000474755395771354 0.000459510800283169 0.000530371491549886 0.00059231501109025 0.000593100294281612
-9999 -9999 -9999 0.000245864597673062 0.000280061201920034 0.000345206715792301 0.000495846506964881 0.000349595207808306 0.000381917103368323 0.000424873003794346 0.000326961693644989 0.000377754011424258 0.000452379608759657 0.000353501200152095 0.000363614402886014 0.000351881591996062 0.00042316041799495 0.000450227311375784 0.00038528989898623 0.000431527492764872 0.000465554312540917 0.000468072088551708 0.000601374104007846 0.00053334820404416 0.000635918207990471 0.000826056615551352 0.00038554320235562 0.000462513380625751 0.000735970330424607 0.000562613597139716 0.00036550009099301 0.000699664411513368 0.000407245293899905 0.000447553902631626 0.000552435605641222 0.000541896491995431 0.000718600802429137 0.000834776521514868 0.000823639522423036 0.000737453818146605 0.000687360517986235 0.000627944181360363 0.000869702590534871 0.000709739782905672 0.000544649710718659 0.000491065397000057 0.000287989007119904 0.000438577086242731 0.000293323495498043 0.000544123908184702 0.000702408811775967 0.000718866482202429
-9999 -9999 -9999 0.00043443539107102 0.000399126613046974 0.000634739069937496 0.00149179350592021 0.000474835993372835 0.000474734006274957 0.00041388700628886 0.000381160189135699 0.00037223199615255 0.000334244792611571 0.000301145402772818 0.000552851992324577 0.000641606793578831 0.000388007096262299 0.00038367549313989 0.000342393997925683 0.000338083291353541 0.000445772402599687 0.000497689605253981 0.000465506900582113 0.00052073549159104 0.000987195420748321 0.000438270915765315 0.000351708704329212 0.000347095789038576 0.000441816700913478 0.000728427003195975 0.000367887600077665 0.000342828709108289 0.000575446600123541 0.00040354700104217 0.000810221019492019 0.00059747249360953 0.000705740403645905 0.000913838011911139 0.000663272076053545 0.000625225486146519 0.000948933182371547 0.00074492019120953 0.000353684090441675 0.000741650425879925 0.000600823110289639 0.000457808415376348 0.000447499705842347 0.000996793376543792 0.000454402210380067 0.000344710997524089 0.000693588497597375 0.000773088322603144
0.000774278989410959 -9999 -9999 0.000691821423970396 0.000621636379946722 0.000774900909163989 0.000542057496204507 0.00105634920328157 0.000424337493313942 0.00032672110319254 0.000382391495804768 0.000576162710785866 0.000333056503222906 0.000303422406432219 0.000384736591513501 0.0003808898927673 0.000454432010883465 0.000556422288354952 0.000391275012589176 0.000370903901057318 0.000350657495800988 0.000624461896222783 0.000563961593798012 0.000506097308971221 0.000963827700616093 0.000870186879183166 0.000632625518846908 0.000339098503900459 0.000623183814241202 0.000348083904100349 0.000592476293604705 0.000351612805388868 0.000321807994623668 0.000353266201273073 0.000466668298031436 0.000782144008553587 0.000672000085614854 0.000595380299273529 0.000404287793571712 0.000360534495484899 0.000384877599572064 0.000635897213214776 0.000338071200530976 0.000604089687840315 0.000559976504519 0.000440745796367992 0.000466568311821902 0.00028060780641681 0.000441224394307937 0.000322921401675558 0.000660973983030999 0.000759650401960243
0.000846423721668543 0.000832590987556614 0.000617658512055641 0.00065933188307099 0.000757140209316276 0.000648510973405791 0.000513552893607994 0.000437475589933456 0.000395950901292963 0.000376571297238115 0.000535468592715915 0.000730441481209709 0.00057404750623391 0.000538367392437067 0.000522025893587852 0.000557717303308891 0.000612469990301179 0.000560501008294523 0.000771828583310707 0.000331088207531138 0.000554546706553083 0.00067156122167944 0.00082221199045307 0.000802497781478451 0.000667594405967975 0.00066599752062757 0.000561149694476626 0.000359209792804904 0.000532300491613569 0.000356306190951727 0.000306031099171378 0.000492555613163859 0.000594836206801119 0.000760718192395871 0.000776376400608569 0.000851049670018256 0.000689830425471882 0.00110144000245782 0.000827494177428889 0.000718898314516991 0.000649151206744136 0.000577268514462048 0.000509056701048394 0.00032368789834436 0.000438832594227279 0.000417148890846875 0.000280648595435196 0.000399395004933467 0.000426039103331277 0.00052491461065074 0.000614696498814737 0.000640354495772044
0.00050822339107981 0.000636185708572157 0.00054556280883844 0.000414220909078722 0.000427845898229862 0.000652715702017304 0.000521830386787769 0.000473334592243191 0.000408961701396038 0.000441013191448292 0.000568942810787121 0.000381048788767657 0.00032020810249378 0.000541095607331954 0.000322766110912198 0.000472866899144719 0.000541108785910183 0.000664854685965111 0.000655921798170311 0.000534343604158494 0.000494108200655319 0.000516900290676858 0.000548876985703828 0.000610581491855555 0.00032653058951837 0.000587800783250714 0.000313493994326564 0.000301179497910198 0.000327170302625746 0.000340656399202999 0.000319736798701342 0.000569393105251947 0.000663069404254202 0.000776961298470269 0.000838900783492136 0.000499698606290622 0.000834760978250415 0.000564631012821337 0.00047336161514977 0.000376407611838658 0.000363656497938791 0.000379734803573228 0.000360178099072073 0.000462591986433836 0.000418856603573659 0.000411984299717005 0.000399610997192212 0.00041233661431761 0.000459487506304868 0.000539496008059359 0.00135996123935911 0.000552931707716198
0.00049949928506976 0.000660338919260539 0.000606466121098492 0.000520371999300551 0.000405760192734306 0.000417101688071853 0.000430932290328201 0.000489512895001099 0.000398516905988799 0.000465959496068535 0.0003994286962552 0.000350993599568028 0.000526783909663209 0.000522285019542323 0.000276178299827734 0.000360316698788665 0.000464404598460533 0.000576399113924708 0.000519860106578562 0.000478523998026503 0.000453051885415334 0.000273653895419557 0.000285400694338023 0.00121187709009973 0.00110241619404405 0.000493488994834479 0.000301510001008864 0.000381202498829225 0.0002950953967229 0.00032337899756385 0.000305496501823654 0.000336650402459782 0.000357192193405353 0.000650961708743125 0.000653569679343491 0.000400501587137114 0.000622259894953459 0.000625345097432728 0.000700213415257167 0.000693676929586218 0.000662798976918566 0.000721218972103088 0.000526256391822244 0.00039652690247749 0.00039265159102797 0.000406773808208527 0.000427541801400366 0.000438428402048885 0.000479125686979387 0.000523883609275799 0.000527828811755171 0.000516044910909841
0.000400917702791048 0.000343407305990695 0.000522410602570744 0.000591503812756855 0.000486373683088459 0.0004525490985543 0.000603055195824709 0.000420204794863821 0.000434240992035484 0.00044281838927418 0.000511846013978356 0.000387773099646438 0.000509067695020349 0.000462972393506789 0.000259816104517085 0.000294126399239758 0.000711825989128556 0.000396177503716899 0.000295307705528103 0.000401432705984917 0.000434499610491912 0.000456134397609276 0.000410568998631788 0.000391271409171168 0.000417887591538602 0.000914059004571754 0.00084371400589589 0.00034236650026287 0.000340142894856399 0.000355801093974151 0.000460372812085552 0.00103600801958237 0.000553210915313684 0.000619555692537688 0.000611670984653756 0.000499777710501803 0.000491150593006751 0.00032423049742647 0.000582022006710758 0.000639497719021165 0.000489534795633517 0.0011376897818991 0.000402375193516491 0.000350719308698899 0.00034252239856869 0.000356522905349266 0.000389969383832067 0.000407744686526712 0.000435045896665542 0.000452931786639965 0.000454128199635306 0.000434846002463019
0.000190369995834772 0.000392373791328282 0.000523139204233303 0.000374463208572706 0.000432887813076377 0.000357241100573447 0.000413476700487081 0.000528079704963602 0.000433112018072279 0.000412164587032748 0.000675961997330887 0.00134763268215465 0.000333885194777395 0.000249698798143072 0.000244753695369582 0.00031782539372216 0.000628551002591848 0.000305902693071403 0.000288505703792907 0.000249689201154979 0.000686881816363893 0.000925267817365238 0.000396347400965169 0.000651891990855802 0.000740394105378073 0.000809516990557313 0.000329948696162319 0.000275291196885519 0.0003535175928846 0.000395095703424886 0.000403389596613124 0.000402839799789945 0.000385467996238731 0.0003916262940038 0.000372997001250042 0.000802733389718924 0.000369411194697022 0.000330850700265728 0.000392547588489833 0.000364546202035854 0.00023661909835937 0.00028958540133317 0.000204190702788765 0.000219064599150443 0.000203624595087604 0.000220620800973848 0.000230810201173881 0.000364025991075323 0.000257856108873966 0.000260559301750618 0.000219738101804978 0.0007812737749191
0.000299165685191838 0.000169917198945768 0.000331844101310708 0.000195248994714348 0.000287827298961929 0.00030147619327181 0.000498982306453399 0.000318187403536285 0.000422863602580037 0.000494584608532023 0.000397317109673168 0.000450129506134544 0.000273042196567985 0.000257327195868129 0.00023063579283189 0.00023460610100301 0.000210015199627378 0.000190130196642713 0.0001603705004527 0.000196027998754289 0.000268538406089647 0.000319498598400969 0.000372288608559757 0.000340000202413648 0.000324041497151484 0.000325780296407174 0.000293919099931372 0.000268984600552358 0.000359712998033501 0.000332346196955768 0.000325257307849824 0.000342143302987097 0.000250419099756982 0.000238267693930538 0.000223754599574022 0.000225087394937873 0.000235300401982386 0.000203352497919695 0.000225023799430346 0.00017937969914783 0.00020193839645799 0.000176210799509136 0.000210391405744303 0.000218477500311565 0.000219100602407707 0.000183596201168257 0.000218443501580623 0.000219728199226665 0.00022060719129513 0.000220518499190803 0.000217682199945557 0.000221215201236191
