catData/rasterBestHybridModels/Fchaus/RD_RM2_autofeature/Fchaus_median.asc
ncols         409
nrows         350
xllcorner     60.897278365
yllcorner     5.843756025
cellsize      0.0892857
NODATA_value  -9999
[rows 145 to 173 of 350, columns 264 to 329 of 409]
6.69486E-5 8.88967E-5 8.31114E-5 7.55526E-5 7.40213E-5 9.63231E-5 1.26262E-4 1.51977E-4 3.2677E-4 3.03791E-4 2.30771E-4 1.95718E-4 1.30117E-4 1.2742E-4 6.7616E-5 5.47365E-5 5.11799E-5 4.98363E-5 6.14668E-5 4.28854E-5 5.96219E-5 4.2574E-5 3.92356E-5 4.19696E-5 4.30454E-5 4.09492E-5 4.0078E-5 3.92864E-5 3.02966E-5 3.29794E-5 4.92947E-5 5.19807E-5 5.73708E-5 3.39483E-5 3.66442E-5 4.65148E-5 5.18543E-5 8.21154E-5 7.91302E-5 7.7016E-5 7.54479E-5 8.71237E-5 1.61668E-4 1.66048E-4 1.28466E-4 1.1177E-4 9.25549E-5 9.39776E-5 9.69134E-5 9.71926E-5 1.24854E-4 2.00236E-4 1.69465E-4 9.21536E-5 1.3132E-4 1.58292E-4 2.18593E-4 2.99113E-4 3.95349E-4 2.23084E-4 1.88278E-4 1.86553E-4 2.21489E-4 1.9026E-4 1.27145E-4 1.02208E-4
5.56966E-5 1.11321E-4 1.23058E-4 1.29113E-4 9.91183E-5 1.30396E-4 3.86003E-4 4.63751E-4 3.36287E-4 2.01056E-4 2.67594E-4 1.26303E-4 9.53627E-5 1.20734E-4 9.29302E-5 4.97901E-5 5.08604E-5 4.86135E-5 6.25772E-5 4.01712E-5 3.20673E-5 4.0082E-5 3.66798E-5 4.01631E-5 4.04194E-5 4.00833E-5 3.78193E-5 3.11768E-5 3.05352E-5 2.80511E-5 3.22699E-5 3.46106E-5 3.34839E-5 3.50775E-5 4.23664E-5 4.39636E-5 5.64293E-5 5.68267E-5 6.95807E-5 7.45302E-5 8.40494E-5 1.40997E-4 1.79705E-4 9.9944E-5 1.01052E-4 1.0154E-4 9.02944E-5 7.27208E-5 9.32756E-5 9.52081E-5 1.31618E-4 1.85107E-4 3.45681E-4 4.28737E-4 4.91789E-4 2.58795E-4 2.32602E-4 2.95436E-4 6.63325E-4 2.10544E-4 2.2912E-4 2.14873E-4 2.47415E-4 2.76098E-4 2.21293E-4 1.93305E-4
2.81653E-4 2.73332E-4 6.78802E-5 6.46424E-5 1.26033E-4 1.20118E-4 1.71883E-4 2.00666E-4 3.24466E-4 2.29711E-4 1.83422E-4 1.01146E-4 1.44708E-4 1.12504E-4 1.04651E-4 5.65501E-5 6.44876E-5 4.56214E-5 5.75067E-5 7.22001E-5 6.44875E-5 6.82185E-5 3.65108E-5 3.11481E-5 3.85868E-5 4.16761E-5 3.93765E-5 3.15011E-5 2.96038E-5 2.90991E-5 3.16845E-5 3.34011E-5 3.57708E-5 6.11463E-5 5.39644E-5 5.50835E-5 6.19515E-5 7.86697E-5 7.01628E-5 7.03207E-5 7.57673E-5 1.26242E-4 2.14377E-4 1.0956E-4 1.01272E-4 8.29099E-5 7.64968E-5 7.22849E-5 8.326E-5 9.53252E-5 1.15944E-4 1.23948E-4 2.35065E-4 -9999 5.29647E-4 2.89164E-4 2.89643E-4 3.41723E-4 3.63492E-4 1.63544E-4 1.61052E-4 2.00668E-4 2.49729E-4 3.56279E-4 3.46058E-4 4.12619E-4
1.6011E-4 1.11461E-4 1.13378E-4 1.25769E-4 9.99277E-5 1.2747E-4 1.35747E-4 2.48342E-4 1.59827E-4 8.37235E-5 1.24066E-4 1.38007E-4 2.49104E-4 2.128E-4 1.28701E-4 7.71378E-5 5.50987E-5 5.74977E-5 4.53489E-5 5.86807E-5 6.6134E-5 1.26648E-4 1.13913E-4 4.46055E-5 5.36249E-5 7.08223E-5 6.05181E-5 6.90758E-5 4.69508E-5 3.71279E-5 4.55288E-5 3.57137E-5 4.08891E-5 4.28667E-5 5.89111E-5 5.42366E-5 5.61113E-5 5.53527E-5 6.27686E-5 7.47666E-5 6.94915E-5 6.99191E-5 9.00134E-5 1.28911E-4 1.09175E-4 5.09847E-5 7.30943E-5 8.2338E-5 8.22012E-5 9.61677E-5 1.18249E-4 2.17587E-4 2.40143E-4 2.45592E-4 2.00845E-4 1.53629E-4 -9999 -9999 6.53457E-4 -9999 2.46602E-4 2.99639E-4 -9999 4.85417E-4 -9999 8.36295E-4
7.37243E-5 7.65961E-5 1.93049E-4 1.38717E-4 6.65214E-5 1.46828E-4 1.21584E-4 2.49785E-4 1.46755E-4 1.15505E-4 1.22471E-4 1.35963E-4 1.32086E-4 1.20036E-4 7.70861E-5 7.63906E-5 7.54809E-5 8.0998E-5 9.11626E-5 1.41096E-4 1.58534E-4 5.01045E-4 4.52867E-4 6.1135E-5 8.02214E-5 8.96256E-5 1.05578E-4 7.99736E-5 4.96063E-5 4.95319E-5 5.36473E-5 6.58522E-5 3.40329E-5 3.27127E-5 3.4002E-5 4.14323E-5 4.94707E-5 5.09794E-5 5.69657E-5 1.04428E-4 1.04832E-4 8.51591E-5 9.50835E-5 1.94181E-4 6.46413E-5 4.64525E-5 8.57551E-5 8.75733E-5 8.73069E-5 8.90719E-5 1.03249E-4 2.04329E-4 2.11965E-4 1.73572E-4 1.67764E-4 1.60888E-4 1.61119E-4 2.10234E-4 2.59938E-4 -9999 3.03885E-4 3.81111E-4 4.6855E-4 9.64944E-4 1.72222E-3 1.46386E-3
2.8645E-4 2.08392E-4 2.88957E-4 7.55659E-5 8.97845E-5 1.84884E-4 1.55111E-4 1.87807E-4 2.11619E-4 1.78757E-4 1.44398E-4 1.31269E-4 1.40708E-4 1.10281E-4 5.57202E-5 5.10447E-5 4.73674E-5 4.03056E-5 7.20135E-5 1.77381E-4 1.56503E-4 1.1593E-4 4.36728E-4 1.59917E-4 4.60397E-5 6.27726E-5 5.36228E-5 1.15238E-4 1.03889E-4 5.81959E-5 5.31365E-5 1.57998E-4 4.68149E-5 3.21973E-5 3.32412E-5 4.14721E-5 4.57937E-5 5.33861E-5 5.57147E-5 5.67161E-5 6.34301E-5 9.27852E-5 9.86804E-5 1.06474E-4 8.45977E-5 6.402E-5 8.66681E-5 9.99297E-5 1.0991E-4 1.24011E-4 1.0911E-4 1.32512E-4 1.44182E-4 1.4926E-4 1.71472E-4 1.87665E-4 2.15082E-4 2.51558E-4 2.41591E-4 3.05204E-4 -9999 -9999 5.17918E-4 5.3745E-4 7.45079E-4 -9999
3.70365E-4 5.18627E-4 1.58255E-4 1.37703E-4 1.8126E-4 3.27153E-4 1.63651E-4 1.59085E-4 5.19516E-4 6.1838E-4 3.45535E-4 4.80579E-4 3.33519E-4 2.13448E-4 8.39677E-5 7.86164E-5 5.62342E-5 4.40681E-5 6.93075E-5 1.80225E-4 7.75806E-5 4.95791E-5 3.77227E-5 4.26264E-5 4.38923E-5 4.92164E-5 3.87195E-5 4.00837E-5 3.91171E-5 5.36392E-5 6.57738E-5 7.74824E-5 6.23986E-5 4.04122E-5 2.61997E-5 2.56591E-5 2.76247E-5 4.83184E-5 5.55386E-5 5.78292E-5 8.08518E-5 8.9987E-5 1.01234E-4 1.04442E-4 1.0791E-4 1.02432E-4 1.09561E-4 1.38388E-4 1.27467E-4 1.54928E-4 1.47625E-4 1.30849E-4 1.46869E-4 1.71877E-4 1.94714E-4 2.03436E-4 1.79623E-4 1.60383E-4 1.79662E-4 3.01588E-4 2.91592E-4 2.11625E-4 2.56901E-4 -9999 8.52977E-4 6.33223E-4
6.06907E-4 2.54987E-4 1.23862E-4 9.99333E-5 8.78421E-5 1.89846E-4 1.86762E-4 1.70948E-4 9.43589E-4 1.75375E-3 3.68657E-4 1.97062E-4 2.43621E-4 1.4144E-4 8.19963E-5 9.60714E-5 8.7615E-5 5.63032E-5 4.67178E-5 1.52422E-4 5.69412E-5 5.93285E-5 5.89094E-5 5.62458E-5 4.82434E-5 5.03858E-5 3.97205E-5 3.97498E-5 3.9188E-5 4.39413E-5 4.6084E-5 4.92223E-5 5.02612E-5 5.67612E-5 3.91977E-5 2.58948E-5 2.57871E-5 5.14121E-5 5.39697E-5 5.52729E-5 8.2822E-5 8.98884E-5 1.03094E-4 1.24132E-4 1.45742E-4 1.16762E-4 1.22317E-4 1.17452E-4 1.30998E-4 1.18723E-4 1.07177E-4 1.40729E-4 1.75295E-4 2.20316E-4 2.36365E-4 1.94366E-4 1.88082E-4 1.68677E-4 1.86372E-4 2.63825E-4 2.82635E-4 2.4465E-4 2.28786E-4 2.91534E-4 6.83531E-4 6.43308E-4
3.37949E-4 8.00389E-5 7.55941E-5 1.06171E-4 1.07145E-4 1.79662E-4 1.75085E-4 1.92241E-4 4.77741E-4 1.03072E-3 1.09594E-3 9.48684E-5 2.19143E-4 2.80948E-4 2.93898E-4 4.49558E-5 4.58101E-5 7.67503E-5 7.57659E-5 4.66563E-5 4.63959E-5 5.05053E-5 5.05446E-5 4.29296E-5 4.24997E-5 4.20906E-5 4.23857E-5 3.88323E-5 4.14145E-5 4.60885E-5 4.67885E-5 4.84577E-5 4.93571E-5 5.63587E-5 7.05643E-5 6.18493E-5 2.83274E-5 5.32079E-5 5.18226E-5 5.51786E-5 8.1262E-5 9.05792E-5 1.99843E-4 1.55963E-4 1.00166E-4 1.24104E-4 1.72097E-4 1.29365E-4 1.40213E-4 1.35287E-4 1.26824E-4 1.33628E-4 1.8844E-4 2.43426E-4 2.44545E-4 2.56222E-4 2.26213E-4 2.14765E-4 2.0379E-4 2.31792E-4 3.28422E-4 4.45425E-4 4.67129E-4 4.25475E-4 5.9524E-4 5.04299E-4
9.38338E-5 7.44462E-5 7.42394E-5 7.56709E-5 8.04778E-5 1.77416E-4 2.28326E-4 2.0526E-4 2.13039E-4 3.93746E-4 7.15525E-5 1.38489E-4 1.19575E-4 6.60505E-5 8.29973E-5 5.02083E-5 1.1484E-4 5.70042E-4 1.68196E-4 6.98537E-5 4.38395E-5 4.68619E-5 4.78958E-5 4.25542E-5 4.1881E-5 4.31342E-5 3.91584E-5 3.83123E-5 3.76674E-5 5.2284E-5 6.60286E-5 6.5628E-5 4.78308E-5 5.02049E-5 8.35921E-5 7.75308E-5 4.93087E-5 6.58926E-5 6.78973E-5 7.3186E-5 1.10999E-4 1.23851E-4 2.44402E-4 1.91872E-4 1.21431E-4 1.39394E-4 2.14756E-4 1.9336E-4 1.58969E-4 1.51484E-4 1.30704E-4 1.62814E-4 2.09376E-4 2.33513E-4 1.95869E-4 2.12739E-4 2.5411E-4 2.35698E-4 2.7898E-4 2.43985E-4 3.2814E-4 3.84879E-4 4.46685E-4 5.93141E-4 5.9313E-4 4.54726E-4
7.03058E-5 7.2785E-5 6.85498E-5 6.96728E-5 7.32618E-5 1.6274E-4 1.55083E-4 1.70737E-4 1.62372E-4 6.97093E-5 7.42687E-5 1.63569E-4 7.65215E-5 5.16593E-5 4.09336E-5 4.44384E-5 4.23066E-5 1.269E-4 3.14226E-4 2.51794E-4 4.44235E-5 4.52024E-5 4.06334E-5 3.89992E-5 3.73671E-5 3.88134E-5 4.22328E-5 3.84429E-5 3.78024E-5 4.47564E-5 7.96948E-5 5.00785E-5 5.13139E-5 5.17992E-5 5.37099E-5 5.76243E-5 5.21504E-5 5.81815E-5 6.32021E-5 5.67002E-5 6.43501E-5 8.19076E-5 1.24801E-4 1.35751E-4 1.93866E-4 1.50762E-4 4.06594E-4 3.11278E-4 1.78195E-4 1.50538E-4 2.02334E-4 1.88614E-4 3.63283E-4 4.23564E-4 2.71432E-4 2.25111E-4 2.38024E-4 2.30102E-4 2.94818E-4 3.63561E-4 5.0726E-4 5.45443E-4 4.14108E-4 6.56855E-4 7.22069E-4 5.18691E-4
1.20898E-4 1.01979E-4 1.02244E-4 1.07821E-4 1.06295E-4 7.35321E-5 7.77006E-5 7.4406E-5 7.36584E-5 7.28775E-5 9.12701E-5 1.90451E-4 5.52771E-5 4.75981E-5 4.25902E-5 3.71845E-5 3.64329E-5 3.9136E-5 8.42074E-5 5.41941E-5 4.55438E-5 4.27327E-5 3.97428E-5 3.99421E-5 3.9388E-5 4.277E-5 4.44856E-5 4.51179E-5 4.60056E-5 4.92375E-5 4.8107E-5 4.59842E-5 4.57996E-5 5.4108E-5 5.38129E-5 5.37672E-5 6.41017E-5 5.07856E-5 4.95929E-5 6.98439E-5 6.8965E-5 8.99696E-5 1.08019E-4 1.63029E-4 2.13822E-4 1.76941E-4 1.88322E-4 2.99637E-4 2.11112E-4 2.26858E-4 2.41889E-4 1.98576E-4 2.80856E-4 4.85448E-4 4.7552E-4 3.87139E-4 3.35821E-4 3.30892E-4 2.79901E-4 3.71923E-4 4.71527E-4 5.11734E-4 5.20009E-4 6.65194E-4 5.22085E-4 3.8026E-4
1.52717E-4 1.0801E-4 1.08397E-4 1.05297E-4 1.07459E-4 1.08125E-4 7.00321E-5 7.08575E-5 7.21394E-5 6.98851E-5 8.11978E-5 4.15685E-4 1.45481E-4 4.6915E-5 6.32261E-5 3.7831E-5 3.53249E-5 3.67162E-5 4.39131E-5 4.89833E-5 4.4131E-5 4.2342E-5 4.08741E-5 4.02371E-5 3.88636E-5 3.87451E-5 4.27007E-5 3.98984E-5 4.18573E-5 4.68755E-5 4.82059E-5 4.59696E-5 9.76252E-5 7.30355E-5 6.33295E-5 6.07125E-5 5.57159E-5 6.2735E-5 4.91634E-5 9.05031E-5 1.14551E-4 1.24899E-4 1.32101E-4 3.65654E-4 2.59356E-4 2.2196E-4 2.63314E-4 2.38522E-4 2.79475E-4 2.8325E-4 2.49407E-4 2.19438E-4 2.90834E-4 3.42571E-4 4.62307E-4 5.60099E-4 5.57717E-4 3.94407E-4 2.84959E-4 3.26212E-4 4.06155E-4 4.61535E-4 4.09099E-4 4.96272E-4 5.11234E-4 3.72106E-4
1.63369E-4 9.60144E-5 9.52307E-5 1.02089E-4 1.13921E-4 9.6587E-5 6.70888E-5 6.97092E-5 1.343E-4 1.50882E-4 2.78542E-4 2.55371E-4 2.96726E-4 3.55524E-4 3.69682E-4 2.44315E-4 9.67631E-5 3.86166E-5 9.47162E-5 1.52667E-4 6.74758E-5 4.15391E-5 3.94498E-5 4.14699E-5 3.84497E-5 3.28239E-5 3.57961E-5 3.73819E-5 4.06066E-5 4.20414E-5 4.37213E-5 4.42475E-5 5.06134E-5 5.99472E-5 6.38614E-5 6.21404E-5 5.70506E-5 7.0647E-5 8.10115E-5 1.28752E-4 1.46618E-4 1.03771E-4 1.39127E-4 1.501E-4 1.52048E-4 1.66343E-4 2.20454E-4 3.89275E-4 4.83767E-4 5.17617E-4 3.50398E-4 2.80362E-4 3.32375E-4 4.46347E-4 4.95085E-4 5.69673E-4 2.41803E-3 7.49738E-4 3.40016E-4 2.899E-4 3.0857E-4 3.82427E-4 3.90246E-4 3.82934E-4 4.2776E-4 -9999
1.93317E-4 1.4457E-4 9.54209E-5 1.00581E-4 9.53924E-5 1.28284E-4 1.1038E-4 9.95649E-5 5.11462E-4 2.02903E-4 3.28825E-4 4.03966E-4 3.27933E-4 2.10557E-4 1.54119E-4 1.61779E-4 3.08768E-4 9.17533E-5 6.01655E-5 9.68999E-5 2.05894E-4 9.22128E-5 8.24979E-5 5.81051E-5 5.6795E-5 1.03291E-4 5.02125E-5 3.69747E-5 4.24436E-5 4.72868E-5 3.88542E-5 4.27274E-5 6.01912E-5 6.06665E-5 9.53718E-5 1.15228E-4 6.12474E-5 1.14075E-4 1.31048E-4 2.55576E-4 2.23148E-4 2.6127E-4 2.3439E-4 6.53604E-4 1.9681E-4 2.63367E-4 2.73965E-4 4.34181E-4 3.8034E-4 4.72591E-4 4.33616E-4 3.59805E-4 4.17119E-4 5.20725E-4 4.56789E-4 4.17365E-4 2.75163E-3 1.19815E-3 5.31283E-4 3.45502E-4 2.755E-4 3.12112E-4 4.32356E-4 4.19101E-4 2.65768E-4 3.13853E-4
1.37215E-4 1.31442E-4 9.72197E-5 9.87015E-5 9.28927E-5 1.40562E-4 1.30156E-4 3.79587E-4 3.60686E-4 4.27249E-4 4.53789E-4 2.69891E-4 9.33221E-5 7.84285E-5 6.07884E-5 4.10491E-5 3.87044E-5 4.21462E-5 6.42955E-5 4.2034E-4 4.39809E-4 6.88869E-4 1.04874E-4 1.81635E-4 6.72812E-5 9.78784E-5 3.68959E-5 3.80793E-5 4.07069E-5 3.8562E-5 3.93915E-5 5.01526E-5 5.86063E-5 1.04397E-4 8.06939E-5 9.58953E-5 2.17542E-4 3.07215E-4 3.88662E-4 5.192E-4 3.65472E-4 4.49965E-4 5.98017E-4 9.14883E-4 3.82174E-4 2.9019E-4 4.29423E-4 5.36971E-4 6.10182E-4 5.46655E-4 5.79998E-4 5.38125E-4 3.57654E-4 3.58732E-4 3.96291E-4 4.28238E-4 4.72369E-4 1.13503E-3 3.16155E-4 5.21122E-4 6.54634E-4 3.80125E-4 3.17847E-4 4.72006E-4 3.63959E-4 7.48982E-4
7.78967E-5 1.28035E-4 9.74209E-5 9.76531E-5 9.1873E-5 2.28277E-4 1.73105E-4 5.49244E-4 3.20114E-4 2.68728E-4 3.98421E-4 2.12971E-4 7.78146E-5 1.05345E-4 6.31357E-5 5.77488E-5 3.90041E-5 3.96502E-5 4.4089E-5 1.69338E-4 8.82015E-5 3.61572E-5 8.94955E-5 1.17955E-4 1.76965E-4 4.91984E-5 4.04487E-5 3.75298E-5 3.90167E-5 6.80106E-5 5.81242E-5 6.47984E-5 9.89721E-5 1.0906E-4 1.3137E-4 1.59751E-4 2.9153E-4 5.8085E-4 5.11954E-4 1.10293E-3 2.39734E-3 8.89598E-4 1.41334E-3 1.22243E-3 1.59257E-3 3.97266E-4 6.28144E-4 6.21879E-4 6.88082E-4 1.10305E-3 5.60467E-4 5.03582E-4 5.30989E-4 3.72202E-4 4.0886E-4 4.23504E-4 4.00102E-4 3.67277E-4 4.06311E-4 5.23584E-4 4.24663E-4 4.10894E-4 4.363E-4 4.64689E-4 4.38428E-4 5.55583E-4
7.71324E-5 1.68193E-4 1.03444E-4 1.04426E-4 1.07371E-4 2.30314E-4 2.85268E-4 1.91431E-4 1.00637E-4 2.34697E-4 1.50641E-4 5.48908E-5 1.38146E-4 2.97164E-4 7.82487E-5 5.92838E-5 7.12602E-5 4.2574E-5 4.18389E-5 4.07891E-5 6.42222E-5 2.08321E-4 4.07176E-5 3.65169E-5 7.35161E-5 4.40374E-5 3.57775E-5 3.43637E-5 3.7809E-5 1.0428E-4 6.35759E-5 5.78609E-5 8.79567E-5 1.09269E-4 2.05758E-4 2.88937E-4 5.00303E-4 6.47954E-4 4.77194E-4 7.27937E-4 2.95286E-3 2.96955E-3 1.21055E-3 1.04598E-3 5.16514E-4 1.14944E-3 6.9478E-4 5.24845E-4 6.90624E-4 9.36151E-4 3.55243E-4 4.32626E-4 4.43707E-4 3.99874E-4 4.14733E-4 3.91476E-4 1.8641E-4 2.69262E-4 2.96398E-4 3.04556E-4 3.85105E-4 3.85325E-4 2.68863E-4 5.58104E-4 4.81822E-4 4.94704E-4
7.13553E-5 8.22904E-5 1.45025E-4 3.10953E-4 1.28686E-4 7.99533E-5 7.4689E-5 8.27677E-5 1.00083E-4 5.33918E-4 2.27296E-4 2.2661E-4 1.03605E-3 2.02978E-4 5.6582E-5 7.60621E-5 7.70825E-5 7.75867E-5 1.31409E-4 5.66213E-5 2.85417E-4 1.72028E-4 4.75851E-5 3.25427E-5 3.80388E-5 4.34636E-5 3.68369E-5 3.47483E-5 3.36206E-5 7.56219E-5 6.43804E-5 6.34511E-5 8.26422E-5 1.0914E-4 1.50277E-4 2.62233E-4 5.26074E-4 2.84985E-3 2.67355E-3 1.77826E-3 1.44575E-3 2.32942E-3 1.71749E-3 2.95797E-4 1.34137E-3 1.23202E-3 1.2568E-3 8.16046E-4 6.82472E-4 -9999 4.29264E-4 4.69132E-4 4.61385E-4 4.44515E-4 2.85985E-4 1.92864E-4 1.39079E-4 1.76922E-4 1.85817E-4 4.37217E-4 4.0103E-4 4.09491E-4 3.44939E-4 5.53851E-4 3.72946E-4 5.11597E-4
5.48031E-5 5.99831E-5 6.28252E-5 6.96526E-5 5.71864E-5 5.31814E-5 8.80626E-5 1.22043E-4 8.12894E-5 5.46864E-4 4.54982E-4 9.20694E-4 3.60855E-4 3.13739E-4 9.87153E-5 4.97941E-5 5.62678E-5 6.92084E-5 8.35247E-5 1.567E-4 1.22615E-4 6.2335E-5 1.47723E-4 9.0107E-5 3.70551E-5 4.05614E-5 3.894E-5 3.74521E-5 5.02849E-5 5.53683E-5 6.36993E-5 6.64833E-5 7.53347E-5 1.23026E-4 1.45474E-4 2.99989E-4 5.20736E-4 3.7914E-3 -9999 1.6271E-3 2.12383E-3 2.22655E-3 1.39392E-3 2.635E-3 6.11644E-4 7.31631E-4 1.33062E-3 1.85535E-3 7.39634E-4 -9999 4.40238E-4 4.30688E-4 -9999 4.01781E-4 1.65996E-4 -9999 8.38113E-5 1.34447E-4 1.10795E-4 2.90892E-4 4.01917E-4 4.05699E-4 4.37448E-4 3.77317E-4 3.46146E-4 3.47434E-4
5.18648E-5 5.1294E-5 5.18784E-5 5.82644E-5 6.38758E-5 5.04218E-5 1.27649E-4 7.79977E-5 4.06181E-4 5.52174E-4 2.9942E-4 6.95643E-4 2.62764E-4 1.86195E-4 2.20897E-4 1.23971E-4 5.29397E-5 6.92879E-5 7.56202E-5 9.33203E-5 2.19319E-4 2.49474E-4 7.87964E-5 4.42767E-5 4.24328E-5 4.25846E-5 3.97162E-5 3.40005E-5 3.71773E-5 5.3971E-5 7.72705E-5 6.31792E-4 2.98771E-4 1.71961E-4 1.43881E-4 2.93879E-4 6.62403E-4 5.39175E-4 -9999 4.39949E-4 6.8289E-4 1.83589E-3 1.40111E-3 2.51411E-3 8.40446E-4 1.09487E-3 5.78708E-4 5.51627E-4 5.05251E-4 5.09614E-4 -9999 2.47137E-4 2.63351E-4 2.70743E-4 1.49303E-4 1.0467E-4 8.11809E-5 -9999 6.2431E-5 1.0973E-4 -9999 3.5013E-4 3.97337E-4 -9999 3.51757E-4 3.12092E-4
5.21811E-5 5.1118E-5 5.45933E-5 6.75681E-5 1.63426E-4 1.99501E-4 4.63505E-4 6.9008E-4 3.71962E-4 4.54844E-4 4.38905E-4 1.86622E-4 1.45726E-4 1.22357E-4 1.20216E-4 1.36476E-4 1.79908E-4 2.24553E-4 7.6774E-5 7.4345E-5 1.09938E-4 3.21456E-4 1.18775E-4 3.53751E-5 3.38172E-5 3.72808E-5 3.06603E-5 3.04821E-5 3.25524E-5 6.12038E-5 6.55796E-5 8.08936E-5 5.86877E-5 8.94282E-5 9.74809E-5 2.01912E-4 5.64529E-4 6.90086E-4 8.34753E-4 -9999 6.15312E-4 4.19172E-4 6.3835E-4 1.69232E-3 1.35357E-3 9.92301E-4 4.44734E-4 3.98798E-4 3.83896E-4 -9999 4.8099E-4 2.69788E-4 2.14811E-4 1.99918E-4 1.42537E-4 1.06867E-4 8.91564E-5 5.39263E-5 4.64233E-5 6.78945E-5 -9999 3.49408E-4 3.8388E-4 2.71669E-4 3.96041E-4 3.95398E-4
9.11847E-5 1.31004E-4 2.98902E-4 1.16226E-4 8.26016E-5 7.05667E-4 5.55226E-4 8.0101E-4 3.82905E-4 3.60197E-4 3.19333E-4 5.66415E-4 1.28342E-4 1.87337E-4 6.28612E-5 6.29098E-5 1.37387E-4 1.05129E-4 7.97313E-5 1.34521E-4 8.92773E-5 1.3562E-4 1.75288E-4 3.56389E-5 3.48231E-5 5.06406E-5 3.43619E-5 4.64376E-5 3.79596E-5 3.01326E-5 4.46058E-5 4.67715E-5 6.47355E-5 1.04362E-4 2.08982E-4 3.5189E-4 6.49237E-4 6.46115E-4 7.8494E-4 7.1734E-4 4.2218E-4 -9999 7.32072E-4 9.41548E-4 9.34768E-4 9.83568E-4 3.71484E-4 3.77059E-4 2.03223E-4 1.99565E-4 1.70225E-4 2.59023E-4 1.78266E-4 -9999 1.27561E-4 1.03427E-4 7.27617E-5 5.57084E-5 4.16078E-5 5.50341E-5 7.99054E-5 2.64392E-4 -9999 2.91334E-4 2.96261E-4 3.50479E-4
1.16129E-3 1.25958E-3 3.78491E-4 1.35146E-4 7.05728E-5 2.79876E-4 2.99539E-4 4.93978E-4 3.81857E-4 3.04741E-4 5.1298E-4 1.14994E-4 9.98004E-5 9.49815E-5 8.96558E-5 8.66216E-5 1.16984E-4 1.18144E-4 3.48637E-4 1.46167E-4 1.7602E-4 2.50667E-4 1.10175E-4 6.68714E-5 2.43494E-5 2.54007E-5 2.74766E-5 5.8059E-5 4.68408E-5 4.75928E-5 3.64889E-5 5.07184E-5 6.82995E-5 1.9316E-4 4.1274E-4 6.16951E-4 5.97965E-4 6.39252E-4 3.94953E-4 -9999 3.48717E-4 -9999 6.93699E-4 9.0721E-4 4.50595E-4 7.76853E-4 2.74603E-4 3.83333E-4 1.98277E-4 1.97884E-4 1.91498E-4 1.68154E-4 1.53743E-4 1.51864E-4 -9999 9.66516E-5 -9999 6.33174E-5 -9999 5.38621E-5 -9999 2.31471E-4 2.59008E-4 1.43657E-4 1.21925E-4 1.48936E-4
2.88619E-4 1.30049E-3 7.10224E-4 3.42207E-4 2.12509E-4 5.41064E-5 1.59754E-4 5.81032E-4 3.51731E-4 2.21339E-4 3.0368E-4 1.51463E-4 1.00138E-4 9.80602E-5 8.89401E-5 8.48365E-5 8.69192E-5 9.00037E-5 7.80079E-5 1.55295E-4 2.21279E-4 1.99225E-4 1.28993E-4 1.75662E-4 2.44882E-5 2.44446E-5 2.54997E-5 3.84149E-5 3.75774E-5 2.77184E-5 3.73954E-5 4.41048E-5 8.69059E-5 2.47891E-4 3.83458E-4 6.33447E-4 4.27393E-4 5.32657E-4 3.62417E-4 8.49471E-4 -9999 3.51157E-4 3.84404E-4 6.91846E-4 4.40111E-4 2.87444E-4 -9999 -9999 2.85986E-4 2.00887E-4 2.23227E-4 -9999 1.43619E-4 1.13742E-4 -9999 8.94686E-5 -9999 8.8457E-5 -9999 5.28851E-5 5.12313E-5 -9999 -9999 -9999 1.21831E-4 -9999
4.98243E-4 6.82564E-4 4.42864E-4 1.5964E-4 6.23981E-5 3.57611E-5 3.94279E-4 7.46248E-4 3.08198E-4 3.13887E-4 2.98606E-4 2.24499E-4 9.76335E-5 9.79022E-5 9.26119E-5 8.35287E-5 8.95605E-5 8.89787E-5 1.94776E-4 1.37871E-4 3.25338E-4 2.7971E-4 5.71203E-4 2.46803E-4 3.20608E-5 4.8255E-5 5.96721E-5 4.06687E-5 4.47751E-5 4.71703E-5 4.77546E-5 4.4915E-5 6.69227E-5 1.90071E-4 2.88962E-4 4.62299E-4 3.97896E-4 3.13253E-4 4.23267E-4 -9999 -9999 -9999 2.64471E-4 2.64363E-4 -9999 2.69436E-4 3.9647E-4 -9999 2.39604E-4 2.2638E-4 1.8151E-4 -9999 -9999 -9999 -9999 5.54081E-5 -9999 -9999 5.35788E-5 5.07237E-5 -9999 -9999 -9999 -9999 1.11021E-4 -9999
7.41054E-5 2.77238E-4 2.10638E-4 1.18303E-4 4.1304E-5 3.42305E-5 9.27003E-5 6.45151E-4 6.79439E-4 3.80832E-4 3.96888E-4 3.29431E-4 9.53745E-5 9.25743E-5 8.21999E-5 8.11849E-5 8.21375E-5 1.0965E-4 3.28979E-4 1.25268E-4 1.0617E-4 2.85108E-4 3.85263E-4 7.9435E-5 2.73289E-5 3.44103E-5 7.82385E-5 4.63503E-5 3.67462E-5 5.85596E-5 6.10693E-5 1.14474E-4 1.51313E-4 2.21158E-4 3.40774E-4 3.65452E-4 4.25013E-4 2.92286E-4 -9999 -9999 -9999 -9999 2.93713E-4 8.68821E-4 -9999 -9999 -9999 -9999 2.13266E-4 2.07397E-4 -9999 -9999 -9999 -9999 -9999 5.37343E-5 -9999 -9999 -9999 -9999 -9999 -9999 -9999 -9999 -9999 -9999
2.11809E-4 4.97455E-4 1.45644E-4 1.61772E-4 1.04369E-4 5.69066E-5 3.57046E-4 6.05496E-4 3.23737E-4 1.18713E-4 1.43655E-4 2.43445E-4 9.34634E-5 8.61905E-5 7.44017E-5 7.84196E-5 8.34498E-5 1.32045E-4 2.435E-4 1.33951E-4 1.01302E-4 3.73614E-4 1.45302E-4 3.91536E-5 2.62976E-5 3.36211E-5 3.37926E-5 3.52216E-5 4.19836E-5 1.39533E-4 1.56846E-4 2.2284E-4 2.25663E-4 1.78308E-4 1.86454E-4 3.46604E-4 8.66401E-4 -9999 -9999 -9999 3.98257E-4 -9999 4.42201E-4 -9999 -9999 2.55464E-4 -9999 -9999 -9999 -9999 1.29562E-4 -9999 -9999 -9999 -9999 -9999 -9999 -9999 -9999 -9999 -9999 -9999 -9999 -9999 -9999 -9999
4.12491E-4 2.85791E-4 2.09051E-4 1.27916E-4 1.3624E-4 1.29487E-4 2.53845E-4 6.9105E-4 5.04604E-4 1.85345E-4 2.15687E-4 3.2972E-4 1.90436E-4 1.37338E-4 7.88394E-5 7.33661E-5 7.31027E-5 7.37309E-5 1.98057E-4 3.00533E-4 2.02015E-4 3.65282E-4 7.84009E-5 3.76691E-5 2.71074E-5 3.30253E-5 4.91835E-5 4.14417E-5 8.66406E-5 2.47367E-4 2.48804E-4 2.6512E-4 2.48584E-4 -9999 -9999 -9999 -9999 -9999 -9999 -9999 -9999 -9999 -9999 -9999 -9999 2.25291E-4 -9999 -9999 -9999 -9999 -9999 -9999 -9999 -9999 -9999 -9999 -9999 -9999 -9999 -9999 -9999 -9999 -9999 -9999 -9999 -9999
