catData/rasterBestHybridModels/Fchaus/RD_RM2_autofeature/Fchaus_max.asc
ncols         409
nrows         350
xllcorner     60.897278365
yllcorner     5.843756025
cellsize      0.0892857
NODATA_value  -9999
[rows 174 to 202 of 350, columns 132 to 197 of 409]
3.13846E-4 1.99709E-4 7.40156E-5 7.02872E-5 5.00171E-5 4.50523E-5 4.5353E-5 4.72279E-5 5.29082E-5 5.77077E-5 5.69256E-5 5.16911E-5 8.60292E-5 8.23246E-5 8.15646E-5 7.82239E-5 3.20321E-5 3.26261E-5 3.28058E-5 3.27542E-5 3.2549E-5 3.22404E-5 3.34179E-5 3.20722E-5 8.31105E-5 8.25299E-5 8.38281E-5 1.00418E-4 1.06631E-4 1.24948E-4 1.43885E-4 1.45696E-4 1.61158E-4 1.49274E-4 1.95551E-4 1.76144E-4 1.47556E-4 1.40123E-4 1.23077E-4 1.08152E-4 9.73646E-5 3.56527E-5 3.54776E-5 3.55614E-5 3.4239E-5 3.38625E-5 3.49437E-5 3.62247E-5 3.67306E-5 4.26593E-5 3.99425E-5 6.8111E-5 1.82188E-4 2.71019E-4 9.14306E-5 6.44442E-5 5.92046E-5 6.12965E-5 5.46135E-5 4.86976E-5 4.98242E-5 4.62583E-5 4.34469E-5 4.22473E-5 4.04243E-5 4.18852E-5
-9999 1.33449E-4 7.4824E-5 5.35185E-5 5.02049E-5 4.75432E-5 4.75089E-5 5.01736E-5 1.12181E-4 8.97477E-5 8.30517E-5 4.87501E-5 8.44674E-5 8.35007E-5 7.72863E-5 8.10055E-5 3.45065E-5 3.45989E-5 3.45066E-5 3.36537E-5 3.15877E-5 3.18676E-5 3.19892E-5 3.11243E-5 7.47941E-5 7.43336E-5 4.26137E-5 8.20488E-5 9.64504E-5 1.0465E-4 1.06853E-4 1.36725E-4 1.85857E-4 2.20607E-4 2.17602E-4 1.54429E-4 1.2985E-4 4.43594E-5 4.37138E-5 3.72838E-5 3.37794E-5 3.44614E-5 3.35317E-5 3.38356E-5 3.41671E-5 3.45922E-5 3.95734E-5 4.21695E-5 4.6173E-5 4.45872E-5 1.08646E-4 4.25396E-4 1.30582E-4 1.29101E-4 1.54822E-4 5.04337E-5 4.98454E-5 7.48704E-5 1.90835E-4 4.77237E-5 3.73382E-5 3.84655E-5 3.83201E-5 3.89093E-5 3.78234E-5 4.05881E-5
-9999 1.03304E-4 6.5366E-5 6.13976E-5 5.61389E-5 4.9421E-5 4.92453E-5 6.97818E-5 1.0431E-4 2.2233E-4 8.43582E-5 5.38248E-5 8.82074E-5 8.5505E-5 8.13714E-5 8.58089E-5 3.7255E-5 3.85771E-5 3.82488E-5 3.598E-5 3.23079E-5 3.15752E-5 3.10064E-5 3.12004E-5 6.91153E-5 7.1979E-5 4.4584E-5 4.24916E-5 8.63811E-5 8.76751E-5 9.39017E-5 1.27417E-4 5.58293E-5 6.5517E-5 5.52309E-5 4.66233E-5 4.22728E-5 5.88218E-5 4.0927E-5 3.37332E-5 3.27855E-5 3.31153E-5 3.53596E-5 3.65071E-5 3.71843E-5 4.33321E-5 4.91474E-5 6.31894E-5 6.62327E-5 1.23346E-4 1.13791E-3 2.68386E-4 2.23698E-4 2.06495E-4 1.97512E-4 4.53143E-5 4.18106E-5 4.13313E-5 3.61919E-5 3.29006E-5 3.27302E-5 3.40479E-5 3.54985E-5 3.89152E-5 1.62945E-4 1.65793E-4
2.05208E-4 2.30698E-4 1.89515E-4 7.99076E-5 7.42922E-5 6.2904E-5 5.73962E-5 5.36633E-5 5.3835E-5 5.12116E-5 5.22838E-5 5.45381E-5 8.59884E-5 8.04951E-5 8.39577E-5 3.77005E-5 4.48749E-5 4.51552E-5 4.06136E-5 3.6849E-5 3.45351E-5 3.32195E-5 3.18015E-5 3.12971E-5 6.90837E-5 6.9566E-5 4.49741E-5 4.23043E-5 4.18131E-5 7.83767E-5 8.26449E-5 9.19689E-5 3.6818E-5 3.72582E-5 3.64717E-5 6.92595E-5 1.00184E-4 1.33732E-4 6.26195E-5 8.13978E-5 5.22319E-5 3.38373E-5 3.71406E-5 4.33468E-5 5.63124E-5 4.8004E-5 4.62059E-5 7.87975E-5 1.20734E-4 2.4288E-4 2.32703E-4 1.70895E-4 1.97414E-4 1.83808E-4 1.72834E-4 4.11377E-5 4.09085E-5 3.52219E-5 3.36997E-5 3.23623E-5 3.31119E-5 1.42206E-4 1.4712E-4 1.56472E-4 1.66909E-4 1.69529E-4
3.75501E-3 -9999 6.60501E-4 2.42541E-4 7.74364E-5 7.20106E-5 6.93715E-5 5.56303E-5 4.90974E-5 4.74482E-5 5.1529E-5 5.24411E-5 8.17957E-5 8.63448E-5 1.12534E-4 6.0519E-5 5.96128E-5 5.21128E-5 4.4651E-5 3.97093E-5 3.5842E-5 3.40202E-5 3.27837E-5 3.2084E-5 7.44918E-5 7.90146E-5 4.39463E-5 4.41705E-5 4.36151E-5 4.56208E-5 1.44079E-4 1.34341E-4 3.84375E-5 3.63003E-5 7.93772E-5 7.35651E-5 1.49803E-4 3.40925E-4 1.35448E-4 5.85172E-5 3.68909E-5 4.08504E-5 4.21758E-5 4.34446E-5 4.04537E-5 3.90426E-5 3.73094E-5 1.64121E-4 1.65353E-4 1.63195E-4 1.59112E-4 1.5942E-4 1.64072E-4 1.74071E-4 1.69887E-4 1.51925E-4 4.58425E-5 3.73764E-5 3.68763E-5 4.40063E-5 3.28983E-5 3.61335E-5 1.66369E-4 1.59492E-4 1.64948E-4 1.73232E-4
-9999 -9999 7.05392E-4 2.71158E-4 1.86665E-4 6.40528E-5 6.58373E-5 5.81707E-5 4.88223E-5 4.87868E-5 6.08665E-5 2.51133E-4 1.23846E-4 1.23032E-4 2.06376E-4 6.62849E-5 6.18669E-5 5.35892E-5 4.6966E-5 4.09904E-5 3.66391E-5 3.83515E-5 3.74609E-5 3.59586E-5 3.41174E-5 8.37248E-5 4.38273E-5 4.39372E-5 4.41891E-5 4.55798E-5 4.59652E-5 8.72292E-5 5.22359E-5 5.34208E-5 5.94622E-5 9.64915E-5 1.59107E-4 7.63126E-5 3.54427E-5 3.2137E-5 3.38986E-5 3.72816E-5 3.67056E-5 3.43426E-5 3.3012E-5 3.27172E-5 1.49684E-4 1.47232E-4 1.50583E-4 1.49888E-4 1.43141E-4 1.49961E-4 1.51275E-4 1.46484E-4 1.4623E-4 3.33249E-5 6.24663E-5 6.37891E-5 6.44034E-5 3.41954E-5 3.3026E-5 3.42425E-5 3.79735E-5 4.00958E-5 1.57241E-4 1.63371E-4
-9999 -9999 4.75743E-4 2.74908E-4 1.84358E-4 6.02252E-5 6.20342E-5 5.50043E-5 9.92518E-5 1.57754E-4 2.21445E-4 3.29924E-4 1.97512E-4 1.92455E-4 2.36176E-4 6.55435E-5 5.67004E-5 4.91484E-5 4.33769E-5 4.06447E-5 4.17555E-5 4.02234E-5 3.91263E-5 3.71134E-5 3.45744E-5 7.8322E-5 4.27361E-5 4.35058E-5 4.38121E-5 4.52521E-5 4.39902E-5 8.54639E-5 5.55556E-5 5.60515E-5 6.88674E-5 6.96836E-5 3.47469E-5 3.29872E-5 3.30716E-5 3.71297E-5 3.21888E-5 3.24174E-5 3.23353E-5 3.19731E-5 3.03751E-5 1.35821E-4 1.39421E-4 1.42412E-4 1.45934E-4 1.45452E-4 1.41331E-4 1.43039E-4 1.4439E-4 1.42739E-4 1.39146E-4 3.48795E-5 6.34641E-5 6.86819E-5 5.77618E-5 3.49174E-5 3.30614E-5 3.26465E-5 3.51545E-5 3.67073E-5 3.63676E-5 3.67175E-5
-9999 -9999 4.40021E-4 2.81827E-4 2.51233E-4 7.91872E-5 1.00905E-4 6.36045E-5 9.44245E-5 2.26309E-4 2.59872E-4 1.72965E-4 1.89516E-4 1.95883E-4 8.53345E-5 6.78279E-5 6.47711E-5 5.7978E-5 5.09992E-5 5.00755E-5 4.48692E-5 4.16617E-5 3.97258E-5 3.83339E-5 3.72877E-5 8.17065E-5 4.35345E-5 4.50251E-5 4.51634E-5 4.4432E-5 4.43361E-5 6.16553E-5 5.3966E-5 3.68066E-5 3.23492E-5 3.30344E-5 3.34834E-5 3.305E-5 3.4418E-5 3.84088E-5 3.31683E-5 3.26431E-5 3.24372E-5 3.16378E-5 1.39931E-4 1.40796E-4 1.4295E-4 1.55497E-4 1.52884E-4 1.48639E-4 1.41598E-4 1.41917E-4 1.42651E-4 1.41531E-4 3.24244E-5 3.23204E-5 6.5209E-5 7.21423E-5 4.7987E-5 3.55458E-5 3.35342E-5 3.2456E-5 3.31188E-5 3.4537E-5 3.38348E-5 3.26168E-5
-9999 -9999 7.70686E-4 3.29762E-4 2.82999E-4 7.91521E-5 7.05113E-5 6.95454E-5 1.83612E-4 1.75331E-4 1.97727E-4 1.58206E-4 3.006E-4 2.18755E-4 8.31802E-5 7.15052E-5 6.75726E-5 6.45115E-5 6.3643E-5 7.47447E-5 6.31843E-5 4.99907E-5 4.57923E-5 4.20949E-5 4.07914E-5 8.84427E-5 4.71331E-5 4.60156E-5 4.35881E-5 4.54166E-5 4.5462E-5 4.89741E-5 4.54581E-5 3.2638E-5 3.30489E-5 3.36784E-5 3.40538E-5 3.34047E-5 3.68582E-5 3.57526E-5 3.33791E-5 3.28252E-5 3.2904E-5 1.4439E-4 1.43893E-4 1.43941E-4 1.48298E-4 1.70006E-4 1.917E-4 1.90273E-4 1.90039E-4 1.56131E-4 1.43893E-4 3.23441E-5 3.25976E-5 3.29871E-5 3.59077E-5 4.82822E-5 3.41246E-5 3.38279E-5 3.31902E-5 3.2526E-5 3.21028E-5 3.26413E-5 3.23473E-5 4.19015E-5
-9999 -9999 -9999 7.87395E-5 6.0209E-5 8.01029E-5 7.55562E-5 9.09809E-5 1.17134E-4 1.34186E-4 1.87114E-4 1.69162E-4 4.76275E-4 2.72669E-4 7.4858E-5 6.99203E-5 6.56282E-5 6.48362E-5 5.68897E-5 6.60108E-5 6.34758E-5 5.33794E-5 4.61378E-5 4.22887E-5 4.02765E-5 9.42209E-5 4.5956E-5 4.63329E-5 4.69152E-5 4.70227E-5 4.72451E-5 4.72093E-5 4.59555E-5 4.53182E-5 3.38966E-5 3.38747E-5 3.40719E-5 3.39332E-5 3.28071E-5 3.30775E-5 3.29655E-5 3.32412E-5 1.48364E-4 1.48672E-4 1.4581E-4 1.46965E-4 1.53355E-4 1.69204E-4 1.96158E-4 1.97728E-4 1.97848E-4 1.8633E-4 3.35013E-5 3.2845E-5 3.2894E-5 3.27685E-5 3.30868E-5 3.27408E-5 3.25687E-5 3.20439E-5 3.18828E-5 3.16807E-5 3.176E-5 3.2221E-5 3.65497E-5 4.20047E-5
-9999 -9999 7.11753E-5 2.1343E-4 2.1699E-4 1.0041E-4 6.79094E-5 7.46928E-5 6.982E-5 7.59881E-5 7.65469E-5 8.07351E-5 2.61373E-4 2.45145E-4 6.66441E-5 6.65105E-5 6.51122E-5 6.48017E-5 5.91469E-5 6.06788E-5 5.61527E-5 5.16584E-5 4.98444E-5 4.56657E-5 3.76427E-5 4.90438E-5 4.79706E-5 4.95201E-5 4.84379E-5 4.65825E-5 4.71673E-5 4.84806E-5 4.79362E-5 5.09971E-5 9.32795E-5 3.51085E-5 3.52499E-5 3.62444E-5 3.50793E-5 3.49747E-5 3.90185E-5 3.70631E-5 1.53651E-4 1.53192E-4 1.4852E-4 1.47025E-4 1.52697E-4 1.71767E-4 1.7767E-4 1.52018E-4 5.02005E-5 5.18445E-5 3.4872E-5 3.44245E-5 3.37728E-5 3.43111E-5 3.35569E-5 3.23086E-5 3.15949E-5 3.10656E-5 3.07635E-5 3.08293E-5 3.10204E-5 3.12815E-5 3.10168E-5 3.70822E-5
-9999 -9999 3.67095E-4 6.38222E-4 1.35177E-4 1.33761E-4 7.16506E-5 8.03275E-5 8.43864E-5 7.4688E-5 8.3821E-5 9.66439E-5 2.40963E-4 6.66135E-5 6.61791E-5 6.46816E-5 6.58903E-5 5.80247E-5 5.27339E-5 5.85357E-5 5.24882E-5 5.24703E-5 5.09955E-5 4.3368E-5 3.82376E-5 5.02666E-5 4.95587E-5 4.88855E-5 4.8058E-5 5.18984E-5 5.16028E-5 5.65721E-5 6.8913E-5 7.31448E-5 6.95443E-5 1.54502E-4 1.52506E-4 5.54764E-5 5.50021E-5 5.72284E-5 5.18099E-5 4.6426E-5 1.65424E-4 1.55791E-4 1.47931E-4 3.35211E-5 3.30319E-5 3.71713E-5 3.38846E-5 3.44578E-5 3.36836E-5 3.39964E-5 3.54257E-5 3.60002E-5 3.5415E-5 3.65135E-5 3.50684E-5 3.35226E-5 3.33675E-5 3.24678E-5 3.20253E-5 3.11659E-5 3.03515E-5 2.97562E-5 2.9796E-5 2.96386E-5
-9999 -9999 2.3414E-4 4.84627E-4 2.35354E-4 6.04426E-5 5.91975E-5 7.54711E-5 6.97139E-5 7.80048E-5 8.52134E-5 9.62675E-5 2.35547E-4 6.93089E-5 6.92401E-5 6.97648E-5 7.04669E-5 6.93277E-5 6.07742E-5 5.85252E-5 5.93254E-5 5.71751E-5 5.30859E-5 4.25944E-5 4.00281E-5 5.3494E-5 5.18034E-5 5.16064E-5 6.08022E-5 7.326E-5 8.37169E-5 1.09973E-4 1.10543E-4 1.05343E-4 9.28453E-5 8.17119E-5 2.0115E-4 2.50794E-4 2.42155E-4 6.32387E-5 5.79623E-5 5.23199E-5 4.74655E-5 4.29148E-5 3.65271E-5 3.46881E-5 3.48726E-5 3.59775E-5 3.57592E-5 3.60873E-5 3.6304E-5 3.62164E-5 3.75942E-5 3.77739E-5 3.72475E-5 3.73096E-5 3.65281E-5 3.5461E-5 3.52279E-5 3.78424E-5 3.98944E-5 3.54357E-5 3.36674E-5 3.22802E-5 3.00524E-5 2.87599E-5
-9999 8.70561E-5 1.43705E-4 2.43776E-4 1.02941E-4 5.61751E-5 6.42561E-5 6.74412E-5 6.6661E-5 7.51407E-5 9.17672E-5 2.40411E-4 2.48139E-4 7.30579E-5 7.51538E-5 7.66236E-5 7.6322E-5 7.69426E-5 7.36768E-5 7.49255E-5 6.50423E-5 5.68827E-5 4.63912E-5 4.52127E-5 4.74895E-5 6.94079E-5 7.11594E-5 7.87022E-5 1.06393E-4 1.05465E-4 1.02062E-4 9.91413E-5 9.52468E-5 9.23437E-5 8.38081E-5 7.8819E-5 1.83532E-4 2.02084E-4 5.91888E-5 5.9212E-5 5.71455E-5 5.41469E-5 4.90872E-5 4.17191E-5 3.92497E-5 3.84062E-5 4.02155E-5 4.08545E-5 4.03049E-5 3.96652E-5 3.96039E-5 3.88753E-5 3.86436E-5 3.80415E-5 3.73935E-5 3.91487E-5 3.73583E-5 3.47365E-5 3.49462E-5 3.75702E-5 4.26811E-5 4.27707E-5 3.70807E-5 3.64464E-5 3.30628E-5 2.98393E-5
-9999 8.03774E-5 9.5374E-5 9.55935E-5 8.1839E-5 6.56767E-5 6.99489E-5 7.21537E-5 7.19794E-5 7.95231E-5 2.27434E-4 2.49833E-4 6.76421E-5 7.66147E-5 9.30059E-5 7.47048E-5 7.47735E-5 7.37711E-5 7.37077E-5 7.1838E-5 6.79541E-5 5.91915E-5 5.27652E-5 5.49524E-5 2.35717E-4 1.06665E-4 1.05419E-4 1.044E-4 1.05689E-4 1.03854E-4 9.99195E-5 9.51009E-5 8.73308E-5 8.11214E-5 7.78861E-5 7.52392E-5 7.18729E-5 4.80827E-5 4.84703E-5 5.14776E-5 5.20268E-5 4.93395E-5 4.88372E-5 4.50103E-5 4.38211E-5 4.34592E-5 4.33643E-5 4.44207E-5 4.3556E-5 4.30633E-5 4.26726E-5 4.13139E-5 4.01544E-5 3.82181E-5 3.84506E-5 3.81446E-5 3.73279E-5 3.57748E-5 3.52527E-5 3.8057E-5 3.9378E-5 3.95882E-5 3.84379E-5 3.53786E-5 3.36654E-5 3.16783E-5
-9999 8.1022E-5 6.44847E-5 7.12316E-5 6.3591E-5 7.89045E-5 5.84322E-5 6.29515E-5 7.03256E-5 7.93987E-5 2.32464E-4 2.56244E-4 7.22627E-5 7.4472E-5 8.62586E-5 8.93561E-5 9.0396E-5 7.86269E-5 7.25576E-5 7.32344E-5 7.44214E-5 7.19965E-5 6.02267E-5 5.73357E-5 2.1412E-4 9.18081E-5 9.32499E-5 9.30367E-5 1.01289E-4 1.02875E-4 1.03036E-4 9.67996E-5 8.88215E-5 8.05399E-5 7.70496E-5 7.39372E-5 7.24131E-5 4.7562E-5 4.71759E-5 4.87525E-5 4.91042E-5 4.80096E-5 4.67168E-5 4.51805E-5 4.48634E-5 4.41474E-5 4.49478E-5 4.57425E-5 4.5216E-5 4.49493E-5 4.50608E-5 4.37772E-5 4.13349E-5 3.88567E-5 3.77251E-5 3.55465E-5 3.81774E-5 3.68341E-5 3.32234E-5 3.25614E-5 3.46153E-5 3.41216E-5 3.21399E-5 3.33969E-5 3.18961E-5 3.12779E-5
-9999 1.76432E-4 6.33022E-5 6.03677E-5 7.50436E-5 6.25899E-5 5.88218E-5 7.19035E-5 8.17623E-5 6.58609E-5 1.86339E-4 1.95851E-4 9.94473E-5 8.42531E-5 9.73602E-5 8.61597E-5 9.02257E-5 8.75463E-5 7.37168E-5 6.92637E-5 7.04416E-5 7.24544E-5 6.84671E-5 2.09889E-4 1.93883E-4 8.09395E-5 7.98247E-5 9.21947E-5 1.05005E-4 1.04533E-4 1.05892E-4 1.05311E-4 9.41476E-5 8.26773E-5 7.92658E-5 7.66963E-5 1.714E-4 1.55069E-4 4.88136E-5 4.64211E-5 4.53653E-5 4.71461E-5 4.54407E-5 4.38497E-5 4.28574E-5 4.26084E-5 4.295E-5 4.37323E-5 4.43229E-5 4.53855E-5 4.50684E-5 4.41409E-5 4.10252E-5 3.81741E-5 3.8889E-5 3.61807E-5 3.79191E-5 3.50984E-5 3.24784E-5 3.1698E-5 3.11911E-5 3.17781E-5 3.17941E-5 3.1951E-5 3.02366E-5 2.99556E-5
-9999 7.50339E-5 6.2082E-5 6.28378E-5 7.08542E-5 6.28212E-5 6.39928E-5 7.26319E-5 6.25318E-5 7.17212E-5 1.37025E-4 2.76824E-4 2.54939E-4 2.46613E-4 1.37695E-4 8.94252E-5 8.43808E-5 8.41945E-5 7.3029E-5 6.7238E-5 6.55849E-5 6.28692E-5 5.88817E-5 1.9335E-4 1.80058E-4 7.69942E-5 8.09069E-5 9.62926E-5 1.11362E-4 1.39619E-4 2.0012E-4 2.10236E-4 1.83051E-4 9.78856E-5 8.0867E-5 1.67823E-4 1.80752E-4 1.50965E-4 4.90935E-5 4.61043E-5 4.39377E-5 4.45138E-5 4.52818E-5 4.33739E-5 4.24248E-5 4.28487E-5 4.34983E-5 4.33838E-5 4.34697E-5 4.35017E-5 4.33277E-5 4.35527E-5 4.2847E-5 3.74451E-5 3.66481E-5 3.63478E-5 3.41617E-5 3.42074E-5 3.12759E-5 3.13449E-5 3.10372E-5 3.18558E-5 3.16581E-5 3.16843E-5 3.05006E-5 2.88157E-5
1.30201E-4 1.09413E-4 7.19144E-5 5.25858E-5 5.32673E-5 6.10275E-5 6.61964E-5 1.75493E-4 7.09034E-5 7.27543E-5 1.11563E-4 2.6986E-4 2.6966E-4 2.67754E-4 7.65788E-5 7.4342E-5 6.78922E-5 7.06416E-5 7.98039E-5 7.89552E-5 7.45951E-5 7.04198E-5 5.23013E-5 1.76866E-4 1.69293E-4 1.66685E-4 7.64925E-5 8.33034E-5 1.44017E-4 1.99611E-4 2.2156E-4 2.17264E-4 1.97631E-4 1.12452E-4 7.28893E-5 1.63164E-4 1.80222E-4 1.66625E-4 1.33711E-4 4.68568E-5 4.46029E-5 4.27966E-5 4.11051E-5 4.09232E-5 4.06187E-5 4.26301E-5 4.37139E-5 4.37869E-5 4.3571E-5 4.36648E-5 4.35025E-5 4.24497E-5 4.25581E-5 3.99848E-5 3.45694E-5 3.12928E-5 3.07323E-5 3.07754E-5 3.09201E-5 3.13684E-5 3.1203E-5 3.24159E-5 3.17742E-5 3.19226E-5 3.12615E-5 2.9325E-5
1.10252E-4 7.4822E-5 1.48664E-4 5.67146E-5 5.07719E-5 5.39482E-5 6.2324E-5 1.68112E-4 6.11845E-5 6.57392E-5 7.17791E-5 7.81541E-5 1.45434E-4 8.52572E-5 7.62992E-5 7.3635E-5 6.9846E-5 6.64362E-5 6.99864E-5 7.78713E-5 7.818E-5 5.77693E-5 5.0872E-5 1.65247E-4 1.66927E-4 1.65834E-4 6.87833E-5 6.96338E-5 7.8527E-5 2.04542E-4 2.13751E-4 1.94617E-4 1.80017E-4 8.40035E-5 1.34413E-4 1.54244E-4 1.51649E-4 1.41373E-4 1.36588E-4 1.52068E-4 5.30555E-5 4.32374E-5 4.08138E-5 3.94115E-5 4.04536E-5 4.24478E-5 4.21362E-5 4.21832E-5 4.235E-5 4.27904E-5 4.31743E-5 4.15193E-5 4.00353E-5 4.30175E-5 3.88314E-5 3.14562E-5 3.07483E-5 3.07702E-5 3.24384E-5 3.44255E-5 3.41612E-5 3.45905E-5 3.32112E-5 3.08967E-5 3.08006E-5 2.91177E-5
-9999 9.70817E-5 6.73436E-5 5.22035E-5 4.8762E-5 4.95954E-5 1.26597E-4 1.65513E-4 5.42323E-5 6.91794E-5 7.472E-5 7.24404E-5 7.93055E-5 8.35993E-5 8.05064E-5 7.45546E-5 7.12073E-5 7.12497E-5 7.55254E-5 8.3924E-5 8.28601E-5 7.69387E-5 6.38612E-5 1.61245E-4 1.56055E-4 1.66086E-4 6.58124E-5 6.53783E-5 6.87656E-5 7.15362E-5 9.52514E-5 1.60276E-4 8.48499E-5 1.36529E-4 1.29825E-4 1.4096E-4 1.38235E-4 1.33471E-4 1.30664E-4 1.2174E-4 4.18641E-5 4.17828E-5 4.17743E-5 4.16429E-5 4.04138E-5 3.93281E-5 3.95571E-5 4.1202E-5 4.22795E-5 4.15189E-5 4.12239E-5 4.09349E-5 3.92571E-5 3.98563E-5 3.87672E-5 3.64388E-5 3.46327E-5 3.24467E-5 3.21223E-5 3.44729E-5 3.6652E-5 3.8757E-5 3.97411E-5 3.56128E-5 3.21717E-5 3.96638E-5
-9999 1.48528E-4 1.11772E-4 1.66064E-4 9.15827E-5 9.61095E-5 3.95432E-5 4.50227E-5 4.71239E-5 5.55213E-5 7.92605E-5 8.25075E-5 8.03365E-5 7.89678E-5 7.4492E-5 6.89268E-5 7.01956E-5 7.12333E-5 7.24285E-5 8.50042E-5 8.49945E-5 7.85466E-5 7.4833E-5 2.25628E-4 1.70285E-4 1.74519E-4 1.75754E-4 7.40927E-5 7.20598E-5 6.69032E-5 6.86206E-5 6.97696E-5 1.42897E-4 1.34056E-4 1.33498E-4 1.26907E-4 1.15985E-4 1.11461E-4 1.10347E-4 1.08121E-4 1.06752E-4 3.96245E-5 3.99547E-5 4.01824E-5 3.97643E-5 3.90815E-5 3.85916E-5 3.87846E-5 4.0042E-5 4.04019E-5 4.01046E-5 3.95542E-5 3.95925E-5 3.81239E-5 3.81291E-5 3.82071E-5 3.92498E-5 3.78472E-5 3.54617E-5 3.51977E-5 3.58599E-5 3.689E-5 4.0687E-5 3.64985E-5 3.3535E-5 4.29898E-5
-9999 8.57534E-5 2.00074E-4 4.81033E-4 1.05735E-4 1.19236E-4 4.56184E-5 4.02009E-5 4.07597E-5 4.41645E-5 6.48193E-5 7.25402E-5 7.32649E-5 7.00011E-5 6.81091E-5 6.73669E-5 6.72865E-5 6.71247E-5 7.96195E-5 1.13803E-4 8.91541E-5 7.90199E-5 7.44767E-5 2.3343E-4 1.77806E-4 1.71018E-4 7.02254E-5 7.53609E-5 8.20481E-5 8.55748E-5 6.81314E-5 1.35711E-4 1.28176E-4 1.19607E-4 1.20598E-4 1.1932E-4 1.17923E-4 1.2055E-4 1.17547E-4 1.10304E-4 1.06829E-4 4.007E-5 3.85183E-5 3.88139E-5 3.80796E-5 3.69522E-5 3.67182E-5 3.68736E-5 3.97325E-5 4.2772E-5 4.19576E-5 3.98154E-5 3.89262E-5 3.76006E-5 3.76434E-5 3.81112E-5 3.85592E-5 3.85106E-5 3.80541E-5 3.85658E-5 3.73608E-5 3.57191E-5 4.17712E-5 4.6165E-5 4.05562E-5 3.77227E-5
-9999 2.40129E-4 1.28599E-3 9.86492E-4 2.8101E-4 3.26402E-4 1.97302E-4 3.66468E-5 3.67868E-5 3.8691E-5 3.91206E-5 7.66965E-5 7.50199E-5 7.01434E-5 7.10448E-5 7.12726E-5 7.23854E-5 7.28795E-5 7.33342E-5 7.37078E-5 7.36993E-5 6.97569E-5 6.88288E-5 2.3689E-4 2.01017E-4 1.96144E-4 7.63908E-5 7.21875E-5 8.23657E-5 8.25085E-5 1.74826E-4 1.34604E-4 1.23329E-4 1.1369E-4 1.14367E-4 1.15791E-4 1.14E-4 1.16491E-4 1.16988E-4 1.10375E-4 1.07827E-4 1.05149E-4 3.81392E-5 3.7763E-5 3.76425E-5 3.65642E-5 3.62103E-5 3.62444E-5 3.7523E-5 3.86009E-5 4.26619E-5 4.05597E-5 3.97958E-5 3.79629E-5 3.99056E-5 3.935E-5 3.81237E-5 3.80626E-5 3.79306E-5 3.73018E-5 3.82654E-5 4.12139E-5 4.16679E-5 4.22655E-5 4.19574E-5 3.9277E-5
-9999 4.56869E-4 1.46409E-3 9.38043E-4 3.53681E-4 3.52272E-4 9.86391E-4 6.0053E-5 3.49011E-5 3.52582E-5 3.5474E-5 5.19392E-5 9.02682E-5 7.90665E-5 7.0056E-5 6.44464E-5 6.97156E-5 7.18134E-5 7.16319E-5 7.18345E-5 7.33584E-5 7.12686E-5 2.45531E-4 2.43426E-4 2.28032E-4 2.08636E-4 7.89468E-5 6.68079E-5 6.32834E-5 1.40493E-4 1.33559E-4 1.2801E-4 1.19336E-4 1.18387E-4 1.13137E-4 1.1262E-4 1.15421E-4 1.13998E-4 1.06361E-4 1.07962E-4 1.06905E-4 1.04376E-4 3.83663E-5 3.80294E-5 4.44643E-5 4.6471E-5 4.60308E-5 4.12537E-5 4.01451E-5 4.02805E-5 4.13392E-5 3.94578E-5 3.71251E-5 4.20077E-5 4.26934E-5 3.93384E-5 3.88547E-5 3.94112E-5 3.95167E-5 4.00445E-5 4.1865E-5 4.5108E-5 4.41421E-5 4.02247E-5 4.00572E-5 3.77195E-5
-9999 2.3047E-3 4.32254E-3 1.84164E-3 3.85875E-4 9.81818E-4 1.4321E-3 4.54266E-4 3.42016E-5 3.49618E-5 5.4242E-5 8.20076E-5 7.5239E-5 6.86868E-5 1.23387E-4 6.18809E-5 6.86663E-5 6.56724E-5 6.31138E-5 6.33402E-5 6.71746E-5 7.87632E-5 2.9568E-4 2.8053E-4 2.33283E-4 1.89036E-4 6.99319E-5 1.52421E-4 1.32835E-4 1.32438E-4 1.29588E-4 1.17727E-4 1.0849E-4 1.09261E-4 1.09754E-4 1.08122E-4 1.04526E-4 1.06877E-4 1.1667E-4 1.10801E-4 1.0665E-4 1.03696E-4 3.92474E-5 3.93553E-5 4.91419E-5 4.80715E-5 4.6786E-5 4.18888E-5 3.91072E-5 3.97344E-5 3.95568E-5 4.7109E-5 4.29557E-5 4.6523E-5 4.74546E-5 4.26377E-5 4.14835E-5 4.13046E-5 4.07912E-5 4.06467E-5 4.08928E-5 4.05347E-5 4.14908E-5 4.44438E-5 4.15363E-5 3.18466E-4
-9999 2.56064E-4 4.15629E-4 1.11858E-3 5.86677E-4 1.53389E-3 1.43845E-3 2.73693E-4 3.73885E-5 7.70009E-5 1.18984E-4 8.99985E-5 7.54134E-5 7.23741E-5 1.32825E-4 6.78174E-5 7.00654E-5 7.28993E-5 6.70611E-5 6.6373E-5 6.42682E-5 9.14986E-5 3.3125E-4 3.39315E-4 3.32119E-4 2.12017E-4 1.76942E-4 1.76781E-4 1.55947E-4 1.49774E-4 1.47055E-4 1.22577E-4 1.1395E-4 1.16149E-4 1.12468E-4 1.08064E-4 1.06397E-4 1.12859E-4 1.32311E-4 1.28678E-4 1.1672E-4 1.0378E-4 1.05328E-4 3.91187E-5 4.88403E-5 4.81249E-5 4.71981E-5 3.9413E-5 3.8618E-5 3.85454E-5 8.49118E-5 1.82142E-4 8.82751E-5 6.48778E-5 4.97043E-5 4.23719E-5 4.06233E-5 3.85331E-5 3.67501E-5 3.65074E-5 3.79588E-5 3.7492E-5 3.67175E-5 3.84712E-5 4.17779E-5 1.41221E-4
-9999 -9999 2.66122E-4 2.37507E-4 4.75143E-4 4.36291E-4 1.08731E-3 4.55595E-5 5.95744E-5 1.70672E-4 1.06938E-4 7.05682E-5 7.19621E-5 7.10146E-5 6.92218E-5 7.06757E-5 8.61581E-5 6.49424E-5 6.86713E-5 7.01302E-5 6.93062E-5 9.20956E-5 3.31734E-4 3.33569E-4 9.87672E-5 7.32459E-5 2.32511E-4 2.34216E-4 2.0362E-4 1.752E-4 1.49577E-4 1.24998E-4 1.179E-4 1.12387E-4 1.10943E-4 1.04395E-4 1.09593E-4 1.12386E-4 1.32597E-4 1.37383E-4 1.13424E-4 1.10217E-4 9.90388E-5 3.70366E-5 4.6337E-5 4.67892E-5 3.86279E-5 3.764E-5 3.7536E-5 3.79399E-5 9.46226E-5 1.84204E-4 1.81668E-4 6.82306E-5 5.01253E-5 4.01564E-5 3.96509E-5 3.85952E-5 3.85459E-5 4.05473E-5 3.4542E-5 3.6171E-5 3.36569E-5 4.78004E-5 3.51955E-5 1.38161E-4
-9999 -9999 1.4043E-4 -9999 9.76226E-5 2.59327E-4 3.15141E-4 4.63355E-5 4.92319E-5 9.2486E-5 8.61625E-5 7.95095E-5 7.29611E-5 6.98366E-5 6.64434E-5 6.33427E-5 6.32334E-5 6.13249E-5 6.62698E-5 7.02658E-5 7.12394E-5 9.01044E-5 3.36815E-4 9.34589E-5 9.19582E-5 7.55026E-5 2.30015E-4 2.18662E-4 2.07353E-4 1.99358E-4 1.63334E-4 1.36091E-4 1.28306E-4 1.29019E-4 1.22229E-4 1.23183E-4 1.23977E-4 1.16556E-4 1.189E-4 1.24205E-4 1.2056E-4 1.36159E-4 1.05504E-4 1.0068E-4 3.84345E-5 3.84036E-5 3.74547E-5 3.63249E-5 3.5905E-5 3.74332E-5 3.78702E-5 3.84856E-5 4.13462E-5 4.60255E-5 3.65222E-5 3.70874E-5 3.7431E-5 3.77503E-5 3.6517E-5 3.54936E-5 3.7252E-5 3.55844E-5 3.60015E-5 4.48536E-5 3.06281E-5 3.18984E-5
