catData/rasterBestHybridModels/Fchaus/RD_RM2_autofeature/Fchaus_avg.asc
ncols         409
nrows         350
xllcorner     60.897278365
yllcorner     5.843756025
cellsize      0.0892857
NODATA_value  -9999
[rows 145 to 173 of 350, columns 132 to 197 of 409]
3.85847E-5 3.95003E-5 8.47953E-5 2.36782E-5 2.5454E-5 3.28635E-5 4.58989E-5 4.38138E-5 1.02105E-4 1.00808E-4 8.90289E-5 8.3691E-5 4.08808E-5 3.61856E-5 3.51509E-5 3.54701E-5 3.97418E-5 3.86721E-5 6.83864E-5 6.61404E-5 6.91942E-5 7.94611E-5 9.37196E-5 1.06141E-4 1.04031E-4 5.346E-5 5.01125E-5 4.79976E-5 4.63323E-5 6.12334E-5 6.01125E-5 6.01727E-5 6.13638E-5 6.16276E-5 5.979E-5 6.10146E-5 5.58876E-5 5.15111E-5 4.8202E-5 4.72276E-5 4.75457E-5 4.70443E-5 4.88886E-5 5.00207E-5 5.03861E-5 5.19121E-5 5.30401E-5 5.34789E-5 5.6234E-5 5.73487E-5 5.68176E-5 6.17948E-5 6.57317E-5 6.4212E-5 6.13413E-5 6.004E-5 5.77705E-5 5.58862E-5 5.45359E-5 5.3228E-5 3.44906E-5 3.45806E-5 3.51636E-5 3.55772E-5 3.6081E-5 3.77651E-5
3.63271E-5 3.57227E-5 2.60326E-5 2.4456E-5 2.54202E-5 2.91182E-5 3.70562E-5 3.48532E-5 3.67082E-5 9.16884E-5 8.19128E-5 3.85522E-5 3.77809E-5 3.49249E-5 3.3658E-5 3.31897E-5 3.21669E-5 3.09715E-5 6.15729E-5 6.11835E-5 6.53884E-5 8.14108E-5 9.59123E-5 1.06057E-4 1.07964E-4 5.09809E-5 5.06469E-5 5.01206E-5 4.95352E-5 4.65462E-5 6.19582E-5 6.13428E-5 6.15598E-5 6.25089E-5 6.36561E-5 6.21504E-5 5.79022E-5 5.43226E-5 5.12856E-5 4.95343E-5 4.89157E-5 5.40971E-5 5.15784E-5 5.13404E-5 5.14019E-5 5.19669E-5 5.36276E-5 5.41699E-5 5.48312E-5 5.82551E-5 5.68283E-5 6.16519E-5 6.4852E-5 6.2695E-5 6.10997E-5 6.08747E-5 5.92106E-5 5.6023E-5 5.47772E-5 5.34844E-5 3.46869E-5 3.50859E-5 3.55588E-5 3.61268E-5 3.8658E-5 4.05852E-5
3.48632E-5 3.39661E-5 8.48529E-5 2.52598E-5 2.62356E-5 2.89713E-5 3.31541E-5 3.39516E-5 3.4559E-5 3.40421E-5 8.14004E-5 3.73051E-5 3.57459E-5 3.43227E-5 3.23443E-5 3.33604E-5 3.17412E-5 6.05627E-5 5.47128E-5 5.7147E-5 5.97221E-5 8.03187E-5 8.64032E-5 1.03443E-4 1.07178E-4 5.40785E-5 5.30092E-5 5.22185E-5 5.06894E-5 4.68259E-5 4.44647E-5 6.2912E-5 6.33015E-5 6.34319E-5 6.55156E-5 6.53083E-5 6.16173E-5 5.88222E-5 5.40414E-5 5.13296E-5 5.00507E-5 5.26514E-5 5.51082E-5 5.55945E-5 5.35919E-5 5.25662E-5 5.36089E-5 5.54577E-5 5.88125E-5 5.93432E-5 5.63481E-5 5.94213E-5 6.29053E-5 6.13953E-5 5.98398E-5 5.96875E-5 5.77622E-5 5.59639E-5 5.46098E-5 3.44573E-5 3.49916E-5 3.6076E-5 3.59127E-5 3.7071E-5 4.08723E-5 4.53995E-5
3.45642E-5 8.32793E-5 8.25613E-5 2.6204E-5 2.67055E-5 2.81068E-5 3.05014E-5 3.25998E-5 3.22274E-5 3.36361E-5 3.13419E-5 3.01847E-5 7.49803E-5 3.51531E-5 3.21292E-5 6.37425E-5 6.2006E-5 5.6617E-5 5.58266E-5 5.64797E-5 5.66102E-5 6.87485E-5 7.65941E-5 9.89917E-5 1.07291E-4 5.67282E-5 5.66006E-5 5.30079E-5 4.99397E-5 4.68999E-5 4.60656E-5 5.29167E-5 6.45765E-5 6.32147E-5 6.42459E-5 6.66386E-5 6.51314E-5 6.42598E-5 5.72515E-5 5.24544E-5 5.19536E-5 5.29522E-5 5.62045E-5 5.75456E-5 5.66004E-5 5.40088E-5 5.44514E-5 5.67324E-5 6.16988E-5 6.09581E-5 5.82424E-5 5.78264E-5 6.02566E-5 5.90732E-5 5.85069E-5 5.8807E-5 5.6678E-5 5.60847E-5 3.50557E-5 3.48829E-5 3.59849E-5 3.64417E-5 3.635E-5 3.83231E-5 4.03694E-5 4.18144E-5
8.76792E-5 8.45471E-5 8.21771E-5 2.5601E-5 2.7474E-5 2.92088E-5 2.97254E-5 2.92321E-5 2.88616E-5 3.19979E-5 3.24942E-5 3.02721E-5 2.8559E-5 6.71032E-5 6.30265E-5 7.67373E-5 6.59911E-5 5.67947E-5 5.5604E-5 5.71617E-5 6.02751E-5 6.57475E-5 7.67698E-5 1.04477E-4 1.12574E-4 5.90774E-5 5.5683E-5 5.13494E-5 4.88865E-5 4.73845E-5 4.82557E-5 4.82077E-5 4.7068E-5 6.76668E-5 6.45333E-5 6.69071E-5 6.89573E-5 6.65172E-5 5.93733E-5 5.51554E-5 5.41817E-5 5.4377E-5 5.64928E-5 5.79033E-5 5.69196E-5 5.54664E-5 5.63984E-5 5.83916E-5 6.29674E-5 6.4459E-5 5.84603E-5 5.72295E-5 5.94421E-5 5.83132E-5 5.74085E-5 5.73198E-5 5.55893E-5 3.54902E-5 3.63215E-5 3.55023E-5 3.58047E-5 4.15497E-5 3.74159E-5 3.92235E-5 4.22735E-5 4.18638E-5
9.34179E-5 9.31105E-5 8.6443E-5 2.67351E-5 2.75284E-5 3.06156E-5 2.88887E-5 2.96329E-5 7.60194E-5 2.8264E-5 3.01196E-5 3.00095E-5 2.94137E-5 3.02559E-5 7.95853E-5 7.54509E-5 6.58055E-5 6.16931E-5 5.341E-5 5.90213E-5 6.57348E-5 7.00808E-5 8.05069E-5 1.10374E-4 5.86349E-5 6.18611E-5 5.61057E-5 5.2364E-5 4.99409E-5 4.92379E-5 5.02481E-5 4.98974E-5 4.82359E-5 9.74894E-5 4.71452E-5 6.84106E-5 6.90138E-5 6.6142E-5 6.45495E-5 6.04549E-5 6.03833E-5 6.00943E-5 5.85682E-5 5.87588E-5 5.76982E-5 5.72378E-5 6.03727E-5 6.39442E-5 6.56395E-5 6.42826E-5 5.7714E-5 6.02998E-5 6.0746E-5 6.11256E-5 5.99629E-5 3.70142E-5 3.96122E-5 3.6826E-5 3.69595E-5 3.70345E-5 3.85185E-5 4.20591E-5 3.96303E-5 4.02353E-5 4.38138E-5 4.73821E-5
9.456E-5 9.03322E-5 8.62436E-5 2.69036E-5 2.74294E-5 2.88199E-5 2.79548E-5 2.81218E-5 3.17932E-5 8.15973E-5 2.87278E-5 2.81998E-5 2.78503E-5 3.13655E-5 2.87625E-5 6.58897E-5 8.95011E-5 5.61505E-5 5.40046E-5 5.60506E-5 6.48016E-5 8.24514E-5 1.04908E-4 4.94909E-5 6.37535E-5 6.34233E-5 5.62233E-5 5.30708E-5 5.15734E-5 5.41948E-5 5.8111E-5 5.14292E-5 4.92026E-5 4.84916E-5 5.00204E-5 4.94309E-5 7.10767E-5 6.78708E-5 6.48252E-5 6.09452E-5 6.15887E-5 6.20104E-5 6.0538E-5 6.05935E-5 5.89718E-5 5.89274E-5 6.21616E-5 6.59231E-5 6.43236E-5 6.39111E-5 6.15019E-5 6.24247E-5 6.24926E-5 6.20194E-5 4.19091E-5 4.11747E-5 4.10835E-5 3.93755E-5 3.6975E-5 3.73652E-5 4.52877E-5 4.20601E-5 4.03297E-5 4.10699E-5 4.40857E-5 4.95698E-5
1.07301E-4 9.4802E-5 9.94651E-5 2.87212E-5 2.54393E-5 2.66968E-5 2.71664E-5 2.77458E-5 6.92684E-5 8.17881E-5 7.29424E-5 7.00115E-5 2.60915E-5 2.90419E-5 2.52666E-5 2.42661E-5 6.52687E-5 6.72213E-5 7.86091E-5 8.87021E-5 9.49908E-5 8.84805E-5 8.31799E-5 4.88033E-5 5.79274E-5 6.60093E-5 6.88524E-5 6.32554E-5 5.39419E-5 5.34487E-5 6.22289E-5 6.27049E-5 5.09648E-5 5.50432E-5 5.23711E-5 5.15926E-5 5.02914E-5 4.94523E-5 6.65337E-5 6.43718E-5 6.35056E-5 6.31942E-5 6.35344E-5 6.43001E-5 6.09448E-5 6.07767E-5 6.45709E-5 6.50778E-5 6.29029E-5 6.46015E-5 6.3595E-5 6.80786E-5 1.28588E-4 1.08962E-4 4.58672E-5 3.83958E-5 3.84143E-5 3.7778E-5 3.9835E-5 3.67702E-5 4.68508E-5 4.32829E-5 4.17284E-5 4.16139E-5 4.3426E-5 4.55116E-5
4.5369E-5 3.00886E-5 2.80255E-5 2.41654E-5 2.3825E-5 2.62088E-5 2.64516E-5 2.59824E-5 5.95961E-5 6.53514E-5 6.18561E-5 6.22699E-5 6.3189E-5 2.4347E-5 2.52019E-5 2.47443E-5 2.52442E-5 6.88269E-5 7.63139E-5 1.01927E-4 9.22352E-5 7.47648E-5 4.06129E-5 4.59128E-5 5.2046E-5 6.21391E-5 6.91191E-5 6.30993E-5 5.62103E-5 5.52625E-5 6.441E-5 6.40763E-5 5.22465E-5 5.17122E-5 5.30768E-5 5.33616E-5 5.15968E-5 5.11902E-5 4.938E-5 4.82489E-5 5.7281E-5 4.60285E-5 4.47626E-5 4.61096E-5 6.23426E-5 6.21317E-5 6.4334E-5 6.34602E-5 6.4512E-5 6.5764E-5 7.02191E-5 1.20284E-4 1.06364E-4 1.10035E-4 7.29548E-5 4.17193E-5 3.88903E-5 3.86393E-5 3.78628E-5 3.69525E-5 4.17664E-5 4.28377E-5 4.28271E-5 4.10508E-5 3.7851E-5 3.9951E-5
4.22367E-5 2.98698E-5 2.4581E-5 2.41538E-5 2.42453E-5 2.45994E-5 2.44443E-5 2.28117E-5 6.07386E-5 6.20798E-5 5.99599E-5 5.8627E-5 6.08527E-5 6.7353E-5 6.99018E-5 7.98843E-5 2.76568E-5 6.65939E-5 7.00041E-5 9.5297E-5 9.69704E-5 4.22158E-5 4.12085E-5 4.22356E-5 4.76505E-5 5.76536E-5 6.53778E-5 6.78508E-5 6.46692E-5 5.88416E-5 5.69466E-5 6.08241E-5 5.40575E-5 5.42763E-5 5.29753E-5 5.3901E-5 5.23628E-5 5.21916E-5 5.1069E-5 4.85864E-5 4.95876E-5 4.61262E-5 4.47364E-5 4.52597E-5 4.50097E-5 4.49487E-5 4.58866E-5 4.57995E-5 4.73017E-5 4.80444E-5 1.18429E-4 1.19138E-4 1.13102E-4 1.05887E-4 1.09926E-4 4.24426E-5 3.91794E-5 3.8742E-5 3.83852E-5 3.63038E-5 3.88331E-5 5.30955E-5 4.21582E-5 3.15463E-5 3.00195E-5 3.19519E-5
4.33495E-5 2.50309E-5 2.51894E-5 2.39725E-5 2.2843E-5 2.29927E-5 2.30862E-5 6.39966E-5 7.45693E-5 5.95089E-5 6.05992E-5 6.54401E-5 6.38493E-5 6.58191E-5 7.81143E-5 1.02953E-4 8.03981E-5 7.33208E-5 7.47777E-5 7.90192E-5 4.54243E-5 4.93889E-5 4.40395E-5 4.26652E-5 4.56857E-5 4.99768E-5 6.06612E-5 6.73626E-5 6.37044E-5 5.77837E-5 5.54151E-5 5.49226E-5 5.54461E-5 7.16951E-5 8.66379E-5 7.7274E-5 7.41327E-5 5.52133E-5 5.34576E-5 5.23383E-5 5.06241E-5 4.7549E-5 4.53953E-5 4.55729E-5 4.57485E-5 4.58397E-5 4.61537E-5 4.6961E-5 4.82148E-5 7.06071E-5 8.78202E-5 1.84851E-4 1.76276E-4 1.62559E-4 1.60951E-4 6.0355E-5 6.33751E-5 4.39816E-5 3.53043E-5 3.60198E-5 3.58528E-5 5.4223E-5 3.15499E-5 2.83877E-5 2.89199E-5 3.02427E-5
4.25E-5 2.5998E-5 2.57842E-5 2.51452E-5 2.72752E-5 2.39132E-5 2.31691E-5 8.42774E-5 7.96127E-5 7.09515E-5 7.91138E-5 7.10747E-5 6.98893E-5 7.04769E-5 8.46782E-5 1.13318E-4 9.76794E-5 9.1198E-5 7.55758E-5 4.13956E-5 4.54132E-5 4.4596E-5 4.54922E-5 4.29427E-5 4.48454E-5 4.69979E-5 5.26324E-5 5.91919E-5 6.23944E-5 5.72982E-5 5.56504E-5 5.48848E-5 5.49987E-5 9.34515E-5 9.40594E-5 9.53788E-5 8.83209E-5 6.32506E-5 5.45742E-5 5.40103E-5 5.12996E-5 4.7778E-5 5.20265E-5 4.60062E-5 4.62584E-5 4.65553E-5 4.71651E-5 4.78349E-5 6.90949E-5 7.13241E-5 7.12234E-5 1.37122E-4 1.78169E-4 1.31061E-4 9.58682E-5 6.42765E-5 6.24214E-5 5.60927E-5 5.13305E-5 4.88038E-5 4.35032E-5 3.28175E-5 2.98523E-5 2.82728E-5 4.40757E-5 4.87682E-5
5.86843E-5 2.61341E-5 2.64402E-5 2.74184E-5 2.989E-5 2.85916E-5 6.21832E-5 6.90626E-5 7.62059E-5 1.30394E-4 7.50145E-5 7.78023E-5 9.58574E-5 8.42514E-5 9.28955E-5 1.08724E-4 1.0513E-4 9.94436E-5 8.69135E-5 7.93845E-5 4.01008E-5 4.06343E-5 4.56055E-5 4.6891E-5 4.81794E-5 5.03629E-5 4.63065E-5 5.16145E-5 5.69167E-5 5.77201E-5 5.64884E-5 5.61295E-5 5.63735E-5 9.1901E-5 7.33375E-5 7.32824E-5 8.41805E-5 6.84816E-5 6.38146E-5 5.28094E-5 4.93646E-5 5.22088E-5 4.88138E-5 4.72474E-5 4.67445E-5 4.73041E-5 6.71622E-5 6.78431E-5 6.92298E-5 6.6623E-5 6.64077E-5 6.54731E-5 6.71656E-5 6.44577E-5 6.31123E-5 6.3023E-5 6.36741E-5 6.19769E-5 5.72728E-5 4.97733E-5 5.15663E-5 4.74669E-5 3.30732E-5 3.307E-5 4.673E-5 4.72653E-5
3.70646E-5 3.44724E-5 3.01772E-5 2.96324E-5 3.00426E-5 2.9187E-5 7.21427E-5 7.07087E-5 7.55699E-5 7.99137E-5 7.73223E-5 7.63771E-5 8.93436E-5 8.93461E-5 9.26169E-5 1.07878E-4 1.13026E-4 1.29976E-4 1.11439E-4 8.37133E-5 8.45886E-5 8.57646E-5 4.57476E-5 4.818E-5 5.25598E-5 4.9881E-5 4.95988E-5 5.52546E-5 5.9693E-5 5.92769E-5 5.72409E-5 5.69025E-5 5.71263E-5 5.76183E-5 5.73028E-5 5.75408E-5 5.80599E-5 6.66135E-5 6.74807E-5 6.20498E-5 5.51682E-5 5.31794E-5 5.01363E-5 4.85202E-5 4.68298E-5 6.5913E-5 6.67347E-5 6.68765E-5 6.58093E-5 6.35667E-5 6.13601E-5 6.26062E-5 6.31329E-5 7.89477E-5 7.65255E-5 6.61971E-5 7.5289E-5 1.02765E-4 6.67698E-5 5.10354E-5 4.84422E-5 3.36522E-5 3.36061E-5 3.42111E-5 3.47762E-5 3.53929E-5
1.06066E-4 4.29701E-5 3.28264E-5 3.01787E-5 2.96539E-5 2.96536E-5 9.33005E-5 9.50976E-5 7.27948E-5 8.85422E-5 7.33576E-5 8.32107E-5 1.00166E-4 8.53625E-5 9.06559E-5 9.94676E-5 1.40902E-4 1.73194E-4 1.65247E-4 1.54054E-4 8.68608E-5 8.37306E-5 9.17591E-5 5.20968E-5 5.51965E-5 5.07143E-5 5.21765E-5 5.78387E-5 5.95748E-5 5.82837E-5 5.76042E-5 5.71542E-5 5.86045E-5 5.92529E-5 5.87527E-5 5.88585E-5 5.80646E-5 6.33588E-5 6.73578E-5 6.57799E-5 5.08364E-5 4.95865E-5 1.01457E-4 4.8458E-5 4.50995E-5 4.36525E-5 4.23154E-5 4.01137E-5 3.91752E-5 5.37748E-5 5.08929E-5 5.32807E-5 5.31268E-5 5.71385E-5 6.1972E-5 6.28882E-5 5.67505E-5 4.81949E-5 4.63388E-5 3.35514E-5 6.69201E-5 3.28068E-5 3.49253E-5 3.58855E-5 3.64246E-5 3.81464E-5
1.07239E-4 1.17299E-4 1.01377E-4 3.23689E-5 3.45048E-5 1.04925E-4 7.51881E-5 6.20426E-5 1.03917E-4 1.10976E-4 1.14786E-4 1.1189E-4 8.42774E-5 9.62842E-5 9.7496E-5 9.91329E-5 1.2124E-4 1.30725E-4 1.32229E-4 9.69749E-5 9.04359E-5 8.83147E-5 9.46069E-5 1.07598E-4 1.14153E-4 5.30519E-5 5.29672E-5 5.78985E-5 5.90967E-5 5.83943E-5 5.78513E-5 5.73454E-5 5.93761E-5 5.99907E-5 1.54495E-4 8.82323E-5 7.87418E-5 1.20526E-4 9.08401E-5 1.24279E-4 1.04046E-4 4.94379E-5 4.77497E-5 4.23867E-5 3.6898E-5 3.49488E-5 3.34987E-5 3.18123E-5 3.12741E-5 3.23467E-5 3.12882E-5 3.22397E-5 4.62861E-5 5.01938E-5 5.42196E-5 5.36131E-5 5.03507E-5 5.21062E-5 3.44449E-5 6.4842E-5 6.8583E-5 7.11358E-5 3.62668E-5 3.68404E-5 3.77553E-5 3.95278E-5
7.86998E-5 2.39416E-4 2.63834E-4 1.82602E-4 1.68197E-4 1.16695E-4 7.14738E-5 6.84892E-5 1.02305E-4 1.01959E-4 9.70962E-5 8.65782E-5 8.04759E-5 8.82505E-5 9.10165E-5 8.98343E-5 1.03159E-4 1.16966E-4 1.21494E-4 9.27733E-5 9.18137E-5 8.76813E-5 9.85707E-5 1.09044E-4 1.18411E-4 1.09964E-4 5.4924E-5 5.8751E-5 5.88213E-5 5.88845E-5 5.92437E-5 5.92206E-5 6.14539E-5 6.2832E-5 6.9135E-4 5.8483E-4 7.32224E-4 6.92059E-4 1.10852E-3 1.21014E-4 5.29252E-5 4.75863E-5 4.06285E-5 3.36327E-5 3.09769E-5 3.11906E-5 3.15214E-5 3.09731E-5 3.08062E-5 3.16242E-5 3.20871E-5 3.26181E-5 3.31969E-5 3.42275E-5 3.45404E-5 5.21372E-5 5.3344E-5 5.38239E-5 7.27095E-5 7.29718E-5 1.2431E-4 3.45824E-5 4.67847E-5 8.19964E-5 1.90436E-4 1.91014E-4
1.07187E-4 2.48297E-4 2.86915E-4 3.18205E-4 3.25682E-4 5.1593E-5 3.23301E-5 6.44063E-5 8.4266E-5 8.7926E-5 9.44931E-5 7.95839E-5 8.43184E-5 9.50866E-5 9.45002E-5 1.24175E-4 1.15009E-4 1.0642E-4 1.03356E-4 9.47763E-5 9.42892E-5 9.22879E-5 9.4378E-5 9.93185E-5 1.02241E-4 1.03425E-4 5.24985E-5 5.4048E-5 5.44749E-5 5.61184E-5 5.94648E-5 6.09064E-5 6.22536E-5 6.61637E-5 6.6638E-5 1.3475E-4 1.11364E-4 2.00487E-4 1.31486E-4 7.06923E-5 4.30808E-5 3.92486E-5 3.35468E-5 3.19945E-5 3.02517E-5 3.04797E-5 3.09791E-5 3.06418E-5 3.12585E-5 3.07667E-5 3.17887E-5 3.35086E-5 3.3929E-5 3.45166E-5 3.48098E-5 3.49269E-5 3.83044E-5 8.68374E-5 5.58146E-5 5.54099E-5 8.07183E-5 8.78605E-5 3.51254E-4 6.83667E-4 1.95595E-4 1.18961E-4
1.7849E-4 1.67425E-4 2.5445E-4 2.71585E-4 7.98734E-5 3.44E-5 3.27812E-5 3.24286E-5 4.09754E-5 8.29884E-5 7.82581E-5 8.28459E-5 8.04148E-5 8.17499E-5 7.68914E-5 1.2005E-4 1.10062E-4 1.09733E-4 9.19804E-5 8.99175E-5 8.825E-5 8.64039E-5 8.32286E-5 8.05209E-5 7.80612E-5 8.20982E-5 8.21132E-5 7.95154E-5 4.3625E-5 5.28857E-5 5.90904E-5 5.76463E-5 6.13188E-5 7.07088E-5 6.99105E-5 1.24059E-4 5.19135E-5 4.17635E-5 3.59253E-5 3.24311E-5 3.29295E-5 3.3426E-5 3.1139E-5 3.37552E-5 3.19196E-5 3.08502E-5 3.02608E-5 3.25079E-5 3.28828E-5 3.35293E-5 3.40492E-5 3.43374E-5 3.49143E-5 3.56585E-5 3.6089E-5 3.83542E-5 9.36423E-5 6.05123E-5 4.75191E-5 6.3729E-5 3.72553E-4 5.88267E-4 4.46114E-4 2.52054E-4 7.10824E-4 1.25487E-4
1.5353E-4 1.65269E-4 2.03622E-4 2.46806E-4 2.87604E-4 1.55072E-4 4.03159E-5 3.23747E-5 3.4367E-5 4.04945E-5 4.08476E-5 3.63796E-5 7.39957E-5 7.0852E-5 6.92413E-5 7.32953E-5 7.68851E-5 8.07627E-5 8.32591E-5 7.94056E-5 7.67966E-5 7.67518E-5 7.21403E-5 6.56179E-5 6.25803E-5 6.11301E-5 6.00355E-5 6.82274E-5 7.40932E-5 9.47895E-5 1.04163E-4 8.94758E-5 1.08156E-4 1.37145E-4 6.10036E-5 4.68958E-5 3.72899E-5 3.38018E-5 3.20109E-5 3.60748E-5 3.0665E-5 4.31484E-5 5.01247E-5 4.28561E-5 3.50617E-5 3.07291E-5 3.31154E-5 3.35416E-5 3.33349E-5 3.36754E-5 3.49506E-5 3.56297E-5 3.61884E-5 3.73339E-5 2.14233E-4 2.81213E-4 4.11219E-5 3.18857E-5 3.33002E-5 9.76144E-5 1.72582E-4 2.60107E-4 4.97045E-4 2.81234E-4 1.82993E-4 1.08884E-4
9.96208E-5 1.87723E-4 1.75668E-4 1.28458E-4 4.42769E-4 3.77167E-4 1.48349E-4 3.21078E-5 3.17169E-5 3.22215E-5 3.35027E-5 3.33451E-5 3.48794E-5 3.34271E-5 6.82061E-5 7.29307E-5 8.03863E-5 8.24244E-5 8.12234E-5 7.19012E-5 6.776E-5 6.68035E-5 6.14503E-5 5.3259E-5 5.12166E-5 4.9422E-5 5.48064E-5 5.80048E-5 5.89803E-5 6.43982E-5 2.71367E-5 2.46613E-5 7.15192E-5 7.7601E-5 7.19288E-5 6.49013E-5 2.9933E-5 3.02508E-5 3.18371E-5 3.06414E-5 2.9014E-5 3.7221E-5 3.15041E-5 5.23727E-5 3.27574E-5 3.44457E-5 3.44828E-5 3.34747E-5 3.37423E-5 3.45342E-5 3.55346E-5 3.72688E-5 3.98323E-5 1.08418E-4 3.50879E-4 4.61174E-5 5.41868E-5 3.32845E-5 3.19521E-5 7.01134E-5 3.60399E-4 2.16177E-4 1.20485E-4 2.62427E-4 1.68452E-4 8.46074E-5
-9999 1.87146E-4 4.62227E-5 4.51603E-5 5.18043E-5 4.07785E-4 3.95842E-4 3.42379E-5 3.162E-5 3.08927E-5 3.22585E-5 3.18817E-5 3.24618E-5 3.41168E-5 3.4224E-5 3.68892E-5 7.84774E-5 8.29713E-5 7.73171E-5 6.68186E-5 6.28915E-5 6.2621E-5 5.33205E-5 4.62492E-5 4.39192E-5 4.63535E-5 4.98582E-5 5.11904E-5 4.83734E-5 1.92668E-5 5.22713E-5 5.18602E-5 5.5376E-5 5.65254E-5 5.73385E-5 5.51784E-5 5.53954E-5 5.53115E-5 5.95244E-5 5.91596E-5 6.01909E-5 5.9128E-5 6.60913E-5 7.08083E-5 7.26589E-5 6.87135E-5 6.52652E-5 6.45548E-5 6.68844E-5 6.93137E-5 7.29019E-5 4.59644E-5 3.43878E-5 4.65683E-5 1.03031E-4 4.26861E-5 1.09162E-4 3.61677E-5 3.18809E-5 3.04859E-5 3.34696E-5 7.58239E-5 3.21797E-4 2.34028E-4 1.34187E-4 6.42696E-5
1.14012E-4 4.27327E-5 4.20192E-5 4.25178E-5 4.35928E-5 3.87503E-4 3.86174E-4 3.45898E-5 3.36757E-5 3.16574E-5 3.04819E-5 3.07103E-5 3.21902E-5 3.41565E-5 3.49568E-5 3.72122E-5 3.86259E-5 4.12971E-5 2.71636E-5 2.21864E-5 2.16621E-5 6.03329E-5 5.16254E-5 4.19772E-5 3.95984E-5 1.53729E-5 1.76165E-5 1.81489E-5 4.63385E-5 4.57688E-5 4.94173E-5 5.23754E-5 5.12756E-5 5.15036E-5 5.27221E-5 5.54077E-5 5.4978E-5 5.6272E-5 5.60751E-5 5.71393E-5 5.59505E-5 5.79605E-5 6.1876E-5 6.43705E-5 6.76071E-5 6.62638E-5 6.31261E-5 6.37438E-5 6.69152E-5 7.09319E-5 4.20862E-5 6.4337E-5 3.60694E-5 4.99789E-5 4.08431E-5 4.14818E-5 4.60713E-5 3.94023E-5 3.70316E-5 3.20156E-5 3.28329E-5 4.34965E-5 5.73364E-5 5.38771E-5 6.07633E-5 5.79421E-5
1.84624E-4 5.90967E-5 4.06474E-5 4.05013E-5 3.83931E-5 5.09015E-5 4.13406E-5 4.47103E-5 4.41335E-5 3.14903E-5 3.09491E-5 3.07043E-5 3.32385E-5 3.69775E-5 4.15502E-5 8.48175E-5 9.0407E-5 1.04314E-4 8.30208E-5 2.1974E-5 2.06081E-5 1.93414E-5 1.70642E-5 1.85688E-5 1.63056E-5 1.52365E-5 3.91533E-5 4.04904E-5 4.22949E-5 4.50908E-5 4.72745E-5 5.08216E-5 5.154E-5 5.14634E-5 5.42861E-5 5.85547E-5 5.83705E-5 6.07038E-5 5.71289E-5 5.79344E-5 5.79636E-5 6.35511E-5 6.28859E-5 6.23711E-5 6.35407E-5 6.38983E-5 6.22467E-5 6.34266E-5 6.9012E-5 2.9787E-5 3.54899E-5 4.03155E-5 3.63425E-5 4.18575E-5 4.44708E-5 4.51736E-5 4.47896E-5 4.39907E-5 4.29498E-5 4.87106E-5 1.11152E-4 2.70017E-4 1.58273E-4 7.02651E-5 6.00261E-5 5.38853E-5
-9999 9.50973E-5 4.96814E-5 3.56298E-5 3.6417E-5 4.56373E-5 5.14765E-5 5.32816E-5 3.18327E-5 3.03596E-5 3.39895E-5 3.00598E-5 3.41144E-5 4.34021E-5 9.77416E-5 8.23799E-5 7.58612E-5 2.91177E-5 2.99525E-5 3.32336E-5 3.66322E-5 3.11681E-5 2.19632E-5 1.85288E-5 5.92683E-5 5.24326E-5 4.31555E-5 4.02695E-5 4.17747E-5 4.43159E-5 4.81325E-5 5.15591E-5 5.27409E-5 5.24158E-5 5.5124E-5 5.82458E-5 6.24687E-5 6.54603E-5 6.26985E-5 6.27219E-5 6.5003E-5 6.68898E-5 6.4101E-5 6.29904E-5 6.33457E-5 6.40261E-5 6.51933E-5 7.18167E-5 2.94841E-5 3.44724E-5 4.06359E-5 3.85286E-5 3.55916E-5 4.78396E-5 4.14688E-5 4.38758E-5 4.52919E-5 4.76175E-5 5.60145E-5 1.10158E-4 2.42359E-4 8.142E-5 5.66384E-5 5.66773E-5 5.27445E-5 7.57275E-5
1.34595E-4 7.79707E-5 4.31503E-5 4.33998E-5 5.12975E-5 4.05524E-5 3.60118E-5 3.61724E-5 3.32277E-5 3.20289E-5 3.12234E-5 3.1172E-5 3.66905E-5 7.68309E-5 8.21117E-5 1.0259E-4 9.62491E-5 3.44622E-5 3.69845E-5 6.25458E-5 5.61369E-5 4.77189E-5 3.00668E-5 2.38284E-5 2.43394E-5 5.80197E-5 6.02495E-5 5.01912E-5 4.5133E-5 4.75901E-5 5.39511E-5 5.30618E-5 5.56863E-5 5.66117E-5 5.31697E-5 5.58526E-5 6.03506E-5 6.59687E-5 6.99242E-5 7.13989E-5 7.1587E-5 6.75229E-5 6.51024E-5 6.56782E-5 6.36228E-5 6.438E-5 6.79502E-5 3.09417E-5 3.81749E-5 3.70239E-5 3.27084E-5 3.85715E-5 3.73135E-5 6.09725E-5 7.89334E-5 1.21313E-4 5.77603E-5 4.82364E-5 5.25246E-5 5.69053E-5 5.90366E-5 5.83745E-5 5.85964E-5 5.67492E-5 5.54409E-5 4.89579E-5
1.27934E-4 9.75209E-5 5.36053E-5 6.71636E-5 6.83819E-5 4.34258E-5 3.52405E-5 3.70561E-5 3.93386E-5 4.85092E-5 8.07426E-5 7.81469E-5 4.5362E-5 1.34716E-4 1.46323E-4 1.29807E-4 4.2016E-5 4.35579E-5 5.05396E-5 4.78952E-5 4.80576E-5 5.01668E-5 1.2729E-4 3.60322E-5 3.38587E-5 6.89502E-5 6.52759E-5 6.19487E-5 5.62697E-5 5.79009E-5 5.97441E-5 7.28723E-5 1.33145E-4 7.63232E-5 7.19299E-5 5.7411E-5 6.30396E-5 6.84547E-5 7.50484E-5 7.30288E-5 7.00063E-5 6.79729E-5 6.44908E-5 6.60909E-5 6.69073E-5 6.78655E-5 2.78481E-5 3.20946E-5 3.06097E-5 2.71062E-5 2.68833E-5 2.70949E-5 2.83556E-5 3.19578E-5 3.9768E-5 3.92522E-5 4.25277E-5 4.36198E-5 4.86702E-5 5.13769E-5 5.29511E-5 5.45481E-5 5.64532E-5 5.63835E-5 5.15376E-5 4.48355E-5
1.38077E-4 1.83065E-4 1.07205E-4 -9999 4.44721E-5 3.48593E-5 3.4137E-5 3.79139E-5 3.92336E-5 4.91806E-5 7.88598E-5 7.16423E-5 7.58986E-5 1.3089E-4 1.4725E-4 1.56163E-4 5.75373E-5 4.83644E-5 3.73975E-5 3.37846E-5 2.74103E-5 2.99294E-5 3.06643E-5 7.95289E-5 3.73977E-5 8.82649E-5 8.56503E-5 7.92574E-5 7.60498E-5 8.96651E-5 8.31569E-5 8.66573E-5 9.82672E-5 8.24086E-5 1.07545E-4 6.70611E-5 6.91239E-5 7.24709E-5 7.83763E-5 7.57899E-5 7.52769E-5 7.15488E-5 6.70096E-5 6.78768E-5 7.14965E-5 2.86144E-5 2.87628E-5 2.83308E-5 2.77972E-5 4.41919E-5 2.76931E-5 2.41049E-5 2.5776E-5 3.06752E-5 4.54449E-5 5.08733E-5 4.93255E-5 4.58925E-5 4.71825E-5 4.66572E-5 4.96639E-5 5.31274E-5 5.16317E-5 4.95122E-5 4.30688E-5 3.66358E-5
-9999 1.97393E-4 1.18788E-4 8.02462E-5 5.26022E-5 3.34685E-5 3.38388E-5 3.63204E-5 3.86454E-5 3.98163E-5 4.12598E-5 1.20723E-4 5.19575E-5 1.05079E-4 9.6868E-5 8.45877E-5 2.93181E-5 2.53249E-5 2.35827E-5 2.49609E-5 2.52459E-5 2.57396E-5 2.72662E-5 7.34478E-5 9.12011E-5 9.8498E-5 9.98244E-5 8.89925E-5 9.42656E-5 1.14323E-4 1.04954E-4 8.60682E-5 7.75805E-5 7.67333E-5 9.20616E-5 9.25344E-5 8.42675E-5 8.86417E-5 8.87812E-5 8.20508E-5 7.87456E-5 7.4102E-5 7.1067E-5 2.73212E-5 2.8369E-5 2.78927E-5 2.68765E-5 2.69726E-5 2.85803E-5 3.22778E-5 2.5864E-5 3.09713E-5 6.34868E-5 4.44451E-5 5.71229E-5 5.32811E-5 4.95362E-5 4.87659E-5 4.56064E-5 4.37874E-5 4.79171E-5 4.92965E-5 4.3682E-5 3.90473E-5 3.55184E-5 3.31293E-5
