catData/rasterBestHybridModels/Fchaus/RD_RM2_autofeature/Fchaus_max.asc
ncols         409
nrows         350
xllcorner     60.897278365
yllcorner     5.843756025
cellsize      0.0892857
NODATA_value  -9999
[rows 116 to 144 of 350, columns 66 to 131 of 409]
3.02199E-5 3.0667E-5 2.38442E-5 3.34641E-5 3.4761E-5 2.22095E-5 1.86358E-5 2.12325E-5 2.34428E-5 2.5054E-5 2.58106E-5 2.61143E-5 3.36929E-5 3.41495E-5 3.40426E-5 3.41327E-5 3.39632E-5 2.65413E-5 2.59561E-5 2.4989E-5 2.38079E-5 2.19735E-5 2.16351E-5 2.19125E-5 2.11131E-5 1.8799E-5 1.76432E-5 1.64755E-5 1.5142E-5 1.39506E-5 1.56137E-5 1.4672E-5 1.05032E-5 1.0763E-5 1.15074E-5 1.29494E-5 1.41385E-5 1.61577E-5 1.8458E-5 2.0949E-5 1.6119E-5 4.70847E-5 5.32458E-5 3.54248E-5 7.39978E-5 7.9892E-5 8.01935E-5 7.96161E-5 7.95511E-5 7.89119E-5 7.7458E-5 7.9954E-5 8.19146E-5 8.57042E-5 8.25693E-5 8.01749E-5 7.70421E-5 7.54713E-5 7.63819E-5 8.49448E-5 8.39112E-5 8.51236E-5 8.72378E-5 8.81938E-5 8.99748E-5 5.34099E-5
2.54567E-5 2.99005E-5 2.77921E-5 2.86189E-5 3.35614E-5 2.36446E-5 1.86761E-5 2.2377E-5 2.42063E-5 2.54882E-5 2.60301E-5 2.64278E-5 3.41334E-5 3.3847E-5 2.76506E-5 3.20567E-5 3.02706E-5 2.70973E-5 2.56386E-5 2.43972E-5 2.3516E-5 2.28041E-5 2.2733E-5 2.34854E-5 2.11882E-5 1.92123E-5 1.79927E-5 1.66397E-5 1.53735E-5 1.66729E-5 1.53835E-5 1.57012E-5 1.60139E-5 1.66377E-5 1.30722E-5 1.43265E-5 1.61668E-5 1.62372E-5 1.81681E-5 2.05584E-5 1.56027E-5 4.44386E-5 4.96486E-5 3.2423E-5 6.89577E-5 7.66631E-5 7.71744E-5 7.72656E-5 7.79558E-5 7.79596E-5 7.68321E-5 7.96068E-5 8.07176E-5 8.29634E-5 8.00971E-5 7.7622E-5 7.48917E-5 7.31585E-5 7.31545E-5 8.12838E-5 7.97648E-5 8.14694E-5 8.51433E-5 8.79307E-5 5.28404E-5 5.23052E-5
2.55387E-5 2.27403E-5 2.69935E-5 2.61817E-5 4.14139E-5 2.87189E-5 1.97884E-5 2.16037E-5 2.44072E-5 2.62296E-5 2.65012E-5 2.67555E-5 2.72261E-5 2.76937E-5 2.75328E-5 2.77943E-5 2.78656E-5 2.77656E-5 2.76172E-5 2.67752E-5 2.56402E-5 2.42486E-5 2.38252E-5 2.46569E-5 2.18892E-5 2.03075E-5 2.24446E-5 2.0801E-5 1.89225E-5 1.72079E-5 1.67473E-5 1.73217E-5 1.77275E-5 1.79717E-5 1.82905E-5 1.91117E-5 1.98282E-5 2.06281E-5 1.83221E-5 1.3466E-5 1.49336E-5 4.07858E-5 4.49483E-5 2.92306E-5 6.60094E-5 7.00815E-5 7.15683E-5 7.36487E-5 7.32133E-5 7.35314E-5 7.30076E-5 7.61909E-5 7.79878E-5 7.76404E-5 7.47221E-5 7.25365E-5 7.02528E-5 6.91551E-5 6.88263E-5 7.52633E-5 7.43144E-5 7.68339E-5 8.16539E-5 8.64938E-5 5.18226E-5 5.12598E-5
2.94781E-5 2.08283E-5 2.22434E-5 2.08015E-5 2.97569E-5 3.21917E-5 2.3168E-5 2.34907E-5 2.17957E-5 2.59828E-5 2.71084E-5 2.69317E-5 2.68511E-5 2.75411E-5 2.7879E-5 2.80925E-5 2.82417E-5 2.84922E-5 2.87787E-5 2.86409E-5 2.79583E-5 2.72023E-5 2.66775E-5 2.56731E-5 2.76185E-5 2.5723E-5 2.37653E-5 2.1865E-5 2.00317E-5 1.84145E-5 1.86895E-5 1.91319E-5 1.93739E-5 1.97044E-5 1.98133E-5 2.03744E-5 2.14347E-5 2.32052E-5 2.02701E-5 1.41961E-5 3.42636E-5 3.63473E-5 3.99115E-5 2.60571E-5 6.09371E-5 6.45178E-5 6.59906E-5 6.79412E-5 6.9553E-5 7.12181E-5 7.1263E-5 7.27482E-5 7.27652E-5 7.08181E-5 6.87758E-5 6.6899E-5 6.51043E-5 6.49726E-5 6.69506E-5 7.44835E-5 7.53699E-5 7.66069E-5 7.76733E-5 8.34394E-5 4.87965E-5 4.91301E-5
3.05324E-5 2.58107E-5 1.7705E-5 1.79938E-5 2.15392E-5 2.92132E-5 2.73565E-5 3.53303E-5 2.21974E-5 2.29385E-5 2.511E-5 2.24702E-5 2.3203E-5 2.78913E-5 2.83855E-5 2.85931E-5 2.86479E-5 2.89601E-5 2.92788E-5 2.95404E-5 2.93087E-5 2.91321E-5 3.25396E-5 3.16405E-5 2.99406E-5 2.74213E-5 2.50334E-5 2.29213E-5 2.1141E-5 2.09969E-5 2.11398E-5 2.13504E-5 2.15427E-5 2.15221E-5 2.14118E-5 2.22291E-5 2.39064E-5 2.57491E-5 1.51891E-5 1.55356E-5 3.96551E-5 4.00108E-5 4.02337E-5 5.47353E-5 5.74383E-5 6.0122E-5 6.29745E-5 6.48172E-5 6.77137E-5 7.23175E-5 7.28283E-5 7.34899E-5 7.39174E-5 7.22765E-5 7.19285E-5 7.66586E-5 7.25397E-5 6.70467E-5 7.3557E-5 7.68042E-5 7.76453E-5 7.86985E-5 7.90178E-5 7.79227E-5 4.49775E-5 4.61283E-5
2.95716E-5 2.70363E-5 2.40829E-5 1.75149E-5 1.87736E-5 2.4627E-5 3.16472E-5 3.5506E-5 2.57115E-5 3.21145E-5 2.25011E-5 2.40034E-5 2.46024E-5 2.77917E-5 2.88372E-5 2.92687E-5 2.92476E-5 2.93749E-5 2.96685E-5 2.99936E-5 2.99907E-5 3.42679E-5 3.35156E-5 3.25539E-5 3.20368E-5 2.94606E-5 2.68758E-5 2.43602E-5 2.38219E-5 2.3529E-5 2.35307E-5 2.38329E-5 2.37115E-5 2.34247E-5 2.38894E-5 2.45166E-5 2.60466E-5 2.80375E-5 1.63826E-5 1.67935E-5 4.51955E-5 4.57507E-5 4.62698E-5 5.96539E-5 6.11077E-5 6.28924E-5 6.6708E-5 6.95413E-5 7.37907E-5 7.36489E-5 7.35517E-5 7.44799E-5 7.54875E-5 7.29956E-5 7.97345E-5 7.77805E-5 7.64141E-5 7.58151E-5 7.72502E-5 7.70793E-5 7.74752E-5 7.81006E-5 7.58171E-5 7.16216E-5 4.18574E-5 4.3857E-5
2.91697E-5 2.37335E-5 2.27115E-5 2.11493E-5 2.08425E-5 2.14284E-5 2.97046E-5 3.82336E-5 2.68965E-5 4.66502E-5 2.83347E-5 2.87807E-5 2.89735E-5 2.44959E-5 2.84159E-5 2.94593E-5 2.97157E-5 2.96833E-5 2.98263E-5 2.99812E-5 3.48017E-5 3.484E-5 3.42286E-5 3.32969E-5 3.24866E-5 3.14642E-5 2.98109E-5 2.79536E-5 2.66166E-5 2.59671E-5 2.55067E-5 2.57895E-5 2.5566E-5 2.49769E-5 2.47462E-5 2.53577E-5 2.67768E-5 2.99216E-5 1.76555E-5 4.95556E-5 5.05703E-5 5.14577E-5 3.14369E-5 6.61243E-5 6.54937E-5 6.79995E-5 7.25437E-5 7.41107E-5 7.71708E-5 7.45478E-5 7.47811E-5 7.47769E-5 7.43694E-5 7.92271E-5 8.03107E-5 7.899E-5 7.79658E-5 7.68711E-5 7.69402E-5 7.6456E-5 7.49863E-5 7.36831E-5 7.16754E-5 7.14255E-5 4.31815E-5 4.26154E-5
2.97754E-5 2.28034E-5 1.66387E-5 2.35943E-5 3.21738E-5 2.15587E-5 2.46729E-5 4.40505E-5 3.21235E-5 4.48469E-5 3.39812E-5 3.20977E-5 3.20953E-5 2.47882E-5 2.64827E-5 2.84742E-5 2.95553E-5 3.61667E-5 3.24467E-5 2.98963E-5 3.48346E-5 3.57888E-5 3.54948E-5 3.46601E-5 3.42787E-5 3.48257E-5 3.42529E-5 3.18339E-5 3.03873E-5 2.87359E-5 2.76622E-5 2.76251E-5 2.73962E-5 2.71055E-5 2.62219E-5 2.67113E-5 2.75036E-5 2.01955E-5 2.0658E-5 5.37473E-5 5.49161E-5 5.60926E-5 3.4221E-5 3.42095E-5 7.13732E-5 7.42471E-5 7.53382E-5 7.87974E-5 7.92493E-5 7.6894E-5 7.56686E-5 7.4765E-5 8.16408E-5 8.13416E-5 8.01285E-5 7.94032E-5 7.89757E-5 7.7396E-5 7.58784E-5 7.55255E-5 7.24499E-5 7.20641E-5 7.12392E-5 7.17102E-5 4.35772E-5 4.33311E-5
2.83811E-5 2.63251E-5 1.5755E-5 1.64744E-5 2.20979E-5 1.851E-5 2.58964E-5 3.1896E-5 3.94046E-5 3.75986E-5 3.59406E-5 3.49231E-5 3.31779E-5 2.73782E-5 2.51262E-5 2.7714E-5 2.90152E-5 4.88857E-5 4.8819E-5 3.93342E-5 3.56962E-5 3.74391E-5 3.75253E-5 3.61264E-5 3.70699E-5 3.87529E-5 4.09938E-5 3.96219E-5 3.61691E-5 3.24983E-5 3.08488E-5 2.97721E-5 2.92467E-5 2.91424E-5 2.85466E-5 2.85148E-5 2.89902E-5 2.71537E-5 2.14951E-5 5.7328E-5 5.83895E-5 3.56768E-5 3.61518E-5 3.60699E-5 7.28322E-5 7.57807E-5 7.8797E-5 7.98909E-5 8.09059E-5 7.83223E-5 7.58339E-5 8.15049E-5 8.01733E-5 7.98625E-5 7.90965E-5 7.92231E-5 7.92157E-5 7.59204E-5 7.23144E-5 7.09681E-5 7.1028E-5 7.07614E-5 7.12393E-5 7.12709E-5 4.34897E-5 4.20719E-5
2.33239E-5 2.93203E-5 1.8845E-5 1.57302E-5 1.659E-5 1.66101E-5 1.98174E-5 2.92066E-5 3.08369E-5 3.86336E-5 3.22148E-5 3.44888E-5 3.23393E-5 2.90954E-5 2.75601E-5 2.6478E-5 3.14036E-5 4.94849E-5 4.75956E-5 3.85748E-5 3.96785E-5 3.91522E-5 3.79126E-5 3.61875E-5 3.80756E-5 4.10007E-5 4.40317E-5 4.55655E-5 4.72862E-5 4.43693E-5 3.40717E-5 3.1972E-5 3.10039E-5 3.08929E-5 2.97532E-5 2.96845E-5 3.04566E-5 3.56578E-5 5.82509E-5 5.98559E-5 6.09238E-5 3.71686E-5 3.75598E-5 3.73676E-5 7.46457E-5 7.8067E-5 9.11133E-5 8.61097E-5 8.83058E-5 8.22639E-5 7.82291E-5 7.35288E-5 7.83156E-5 7.91523E-5 7.86888E-5 7.82235E-5 7.69767E-5 7.46251E-5 7.22523E-5 7.09434E-5 7.08195E-5 7.09472E-5 7.10363E-5 7.07726E-5 4.39128E-5 4.42314E-5
2.01343E-5 2.77892E-5 2.65095E-5 2.37827E-5 1.70709E-5 1.69722E-5 1.86059E-5 2.97535E-5 2.96501E-5 3.83379E-5 3.06328E-5 3.31432E-5 3.24021E-5 2.97424E-5 2.92638E-5 2.94997E-5 2.83409E-5 4.62073E-5 5.06008E-5 4.88153E-5 4.13259E-5 3.92506E-5 6.23895E-5 3.89689E-5 4.02109E-5 4.49558E-5 4.74027E-5 5.02371E-5 5.50582E-5 6.726E-5 5.35027E-5 3.54209E-5 3.32026E-5 3.23053E-5 3.07314E-5 3.10189E-5 3.18146E-5 3.20111E-5 6.0125E-5 6.10755E-5 3.7263E-5 3.77543E-5 3.81184E-5 3.88197E-5 7.62122E-5 7.87208E-5 8.6834E-5 8.27296E-5 8.24218E-5 8.36119E-5 8.05755E-5 7.45247E-5 7.21153E-5 7.46611E-5 7.68532E-5 7.59883E-5 7.35808E-5 7.27922E-5 7.15108E-5 7.29922E-5 7.35779E-5 7.26371E-5 7.15636E-5 7.33417E-5 4.42088E-5 4.44741E-5
1.92127E-5 2.29221E-5 3.06361E-5 2.5011E-5 1.85278E-5 2.00244E-5 2.84816E-5 3.62763E-5 3.17851E-5 2.87194E-5 2.92608E-5 3.07285E-5 3.18332E-5 2.86856E-5 2.7102E-5 2.87313E-5 2.91534E-5 3.96826E-5 4.99422E-5 6.15536E-5 3.87866E-5 3.88997E-5 7.2213E-5 6.42261E-5 6.16824E-5 6.20515E-5 4.90155E-5 5.77983E-5 6.96589E-5 7.17461E-5 6.73016E-5 3.71316E-5 3.39176E-5 3.31209E-5 3.25604E-5 3.30834E-5 3.29817E-5 3.31093E-5 4.14057E-5 6.16743E-5 3.72958E-5 3.827E-5 4.02449E-5 4.55238E-5 5.03856E-5 3.61448E-5 3.70536E-5 3.82784E-5 3.49005E-5 3.373E-5 3.17914E-5 3.13758E-5 3.00711E-5 2.99907E-5 3.26334E-5 3.21936E-5 3.16758E-5 3.11979E-5 3.09666E-5 3.16058E-5 3.08057E-5 3.1527E-5 3.28921E-5 3.17651E-5 3.1064E-5 3.06907E-5
2.02897E-5 2.21254E-5 2.69583E-5 2.70461E-5 2.40899E-5 1.87095E-5 2.64433E-5 4.00465E-5 3.03089E-5 3.00901E-5 3.28485E-5 3.41888E-5 3.21488E-5 2.98618E-5 2.90924E-5 2.92017E-5 2.8844E-5 3.07906E-5 4.19813E-5 7.04209E-5 6.92595E-5 8.8894E-5 8.95577E-5 8.99197E-5 6.93959E-5 6.89268E-5 7.32348E-5 9.41134E-5 1.24083E-4 1.24746E-4 6.69284E-5 4.58143E-5 3.60345E-5 3.55185E-5 3.47081E-5 3.44E-5 3.36009E-5 3.9049E-5 4.17794E-5 4.18187E-5 4.2554E-5 7.62292E-5 7.8332E-5 8.08781E-5 8.25378E-5 3.59302E-5 3.65651E-5 3.68977E-5 3.62933E-5 3.64267E-5 3.0753E-5 2.97813E-5 2.97855E-5 3.21589E-5 3.09737E-5 3.03664E-5 3.03524E-5 2.99193E-5 3.01379E-5 3.05882E-5 3.17462E-5 3.38507E-5 3.50669E-5 3.59845E-5 3.15956E-5 2.99429E-5
2.16784E-5 2.4101E-5 2.87608E-5 3.36811E-5 2.34499E-5 2.82972E-5 3.64082E-5 3.88032E-5 3.48421E-5 3.25886E-5 3.38728E-5 3.54215E-5 3.26617E-5 3.16227E-5 3.24905E-5 3.18878E-5 3.01813E-5 3.12914E-5 5.14809E-5 7.02118E-5 6.87086E-5 9.27185E-5 9.24512E-5 8.60793E-5 6.96841E-5 7.77223E-5 8.89183E-5 1.1236E-4 1.49047E-4 1.4965E-4 1.23068E-4 9.28041E-5 1.113E-4 1.60779E-4 6.27549E-5 6.13756E-5 3.38675E-5 6.54265E-5 6.74558E-5 2.91109E-5 7.29652E-5 7.52431E-5 7.67839E-5 7.87129E-5 8.07042E-5 3.49777E-5 3.57134E-5 3.56065E-5 3.43214E-5 3.57928E-5 3.31791E-5 3.15131E-5 3.1618E-5 3.05131E-5 2.91734E-5 2.80063E-5 2.80246E-5 2.81861E-5 2.92894E-5 3.10396E-5 3.27292E-5 3.79232E-5 4.23811E-5 3.67831E-5 3.16486E-5 3.04545E-5
2.36757E-5 2.74736E-5 3.00405E-5 2.615E-5 3.00862E-5 4.50329E-5 4.66946E-5 3.81001E-5 3.78941E-5 3.44879E-5 3.40158E-5 3.4103E-5 3.32482E-5 3.3046E-5 3.25915E-5 3.22428E-5 3.05433E-5 4.86902E-5 5.18802E-5 6.46063E-5 9.42927E-5 9.2811E-5 9.31179E-5 9.17357E-5 7.66532E-5 9.75155E-5 1.0067E-4 1.12137E-4 1.51519E-4 1.58916E-4 1.5072E-4 1.94529E-4 2.3428E-4 5.37542E-5 4.15633E-5 4.01299E-5 3.90037E-5 2.73074E-5 2.75405E-5 3.05529E-5 2.87848E-5 7.39585E-5 7.49389E-5 7.66027E-5 7.84587E-5 7.97957E-5 3.50603E-5 3.56515E-5 3.3319E-5 3.24183E-5 3.15492E-5 3.08065E-5 2.97976E-5 2.88353E-5 2.76125E-5 2.65619E-5 2.62041E-5 2.6748E-5 2.67824E-5 2.90317E-5 3.19263E-5 3.56381E-5 3.38383E-5 3.05076E-5 2.96237E-5 3.09289E-5
2.71187E-5 3.16165E-5 3.02854E-5 2.84383E-5 4.34084E-5 6.21518E-5 5.26865E-5 4.01869E-5 3.80518E-5 3.66772E-5 3.53386E-5 3.47383E-5 3.54686E-5 3.24264E-5 3.18426E-5 3.27719E-5 3.15542E-5 4.86763E-5 6.14548E-5 9.06188E-5 9.33246E-5 9.22266E-5 9.22634E-5 9.26382E-5 7.89903E-5 1.02896E-4 1.13916E-4 1.12161E-4 7.37754E-5 1.02041E-4 1.10202E-4 1.36857E-4 1.37974E-4 4.31718E-5 4.10155E-5 3.96627E-5 2.68875E-5 2.66051E-5 2.68534E-5 2.85331E-5 2.78056E-5 2.83338E-5 7.29286E-5 7.40949E-5 7.53346E-5 3.20864E-5 3.22312E-5 3.16441E-5 3.07271E-5 2.98801E-5 2.94183E-5 2.88141E-5 2.79377E-5 2.70388E-5 2.6054E-5 2.52124E-5 2.46153E-5 2.58415E-5 2.682E-5 2.87351E-5 3.05805E-5 2.97204E-5 2.89537E-5 2.93056E-5 3.08146E-5 7.59951E-5
3.01866E-5 3.28583E-5 2.99222E-5 4.88049E-5 5.2159E-5 6.07366E-5 4.5832E-5 4.26138E-5 3.97319E-5 3.89791E-5 3.82465E-5 3.77025E-5 3.784E-5 3.30012E-5 3.19922E-5 3.34866E-5 3.45009E-5 3.55577E-5 9.16804E-5 9.21707E-5 9.28864E-5 9.08307E-5 9.11072E-5 8.95726E-5 7.06945E-5 7.06208E-5 7.76248E-5 7.9065E-5 7.65567E-5 9.63689E-5 1.14248E-4 1.37789E-4 1.27129E-4 4.32348E-5 4.19566E-5 3.95911E-5 2.61573E-5 2.56983E-5 2.63471E-5 2.73787E-5 2.67363E-5 2.67381E-5 2.70377E-5 7.06113E-5 7.12853E-5 2.963E-5 2.95517E-5 2.90036E-5 2.83753E-5 2.75808E-5 2.7055E-5 2.6735E-5 2.60066E-5 2.51048E-5 2.43893E-5 2.37407E-5 2.53464E-5 2.551E-5 2.71341E-5 2.84317E-5 2.93198E-5 2.9869E-5 2.92613E-5 2.91915E-5 3.07987E-5 7.91978E-5
3.30508E-5 3.32945E-5 4.07732E-5 2.63062E-4 5.00876E-5 4.66676E-5 4.58749E-5 4.44309E-5 4.16396E-5 4.08642E-5 4.03251E-5 3.86414E-5 3.5005E-5 3.31934E-5 3.27491E-5 3.23926E-5 3.2782E-5 3.18594E-5 9.35627E-5 9.4791E-5 7.40395E-5 6.32412E-5 5.91982E-5 6.27017E-5 6.49608E-5 8.09932E-5 8.02784E-5 8.25914E-5 9.11804E-5 1.12824E-4 1.28999E-4 1.28538E-4 5.99025E-5 4.52623E-5 4.14958E-5 3.90109E-5 2.62042E-5 2.63579E-5 2.57616E-5 2.56846E-5 2.53439E-5 2.49643E-5 2.50633E-5 2.51132E-5 2.49246E-5 2.63444E-5 2.68279E-5 2.65189E-5 2.59685E-5 2.54031E-5 2.47427E-5 2.44693E-5 2.3858E-5 2.3248E-5 2.28278E-5 2.47524E-5 2.53596E-5 2.45481E-5 2.67559E-5 2.82871E-5 2.93214E-5 2.95073E-5 2.96751E-5 1.30576E-4 1.32494E-4 3.04336E-5
3.34789E-5 3.35716E-5 1.22953E-4 2.93424E-4 3.24782E-4 4.95852E-5 4.79464E-5 4.0533E-5 4.48467E-5 4.42533E-5 4.11943E-5 3.96589E-5 3.49624E-5 3.43321E-5 3.45545E-5 3.407E-5 4.29623E-5 1.05983E-4 8.55017E-5 1.01092E-4 9.80862E-5 7.34647E-5 8.15341E-5 1.16137E-4 9.01147E-5 1.18806E-4 8.94567E-5 1.06397E-4 1.16198E-4 1.3601E-4 1.47509E-4 8.48279E-5 4.65095E-5 4.48018E-5 4.15685E-5 3.94927E-5 2.65964E-5 2.51692E-5 2.42809E-5 2.41435E-5 2.3651E-5 2.28783E-5 2.27818E-5 2.26387E-5 2.24535E-5 2.22084E-5 5.8382E-5 2.37311E-5 2.32555E-5 2.28701E-5 2.23552E-5 2.19179E-5 2.18087E-5 2.26038E-5 2.41875E-5 2.51577E-5 2.47306E-5 2.49198E-5 2.65037E-5 2.78756E-5 2.91159E-5 2.92864E-5 3.04857E-5 1.29928E-4 3.04612E-5 3.08702E-5
1.13742E-4 3.11145E-4 5.21433E-4 3.18439E-4 1.51384E-4 4.73235E-5 4.67471E-5 5.26795E-5 4.45077E-5 4.56145E-5 4.29179E-5 3.78305E-5 3.59441E-5 3.7604E-5 4.41685E-5 5.24333E-5 5.63419E-5 8.27902E-5 8.10165E-5 1.17412E-4 1.18421E-4 1.01306E-4 1.11221E-4 1.26911E-4 1.07114E-4 1.38557E-4 1.68891E-4 2.13208E-4 2.35969E-4 2.44058E-4 1.61331E-4 4.72298E-5 4.60337E-5 4.32678E-5 4.1433E-5 2.81776E-5 2.681E-5 2.52173E-5 2.38176E-5 2.22908E-5 2.17342E-5 2.08985E-5 2.04486E-5 2.02428E-5 2.00018E-5 1.96958E-5 2.1249E-5 2.09951E-5 2.05218E-5 2.02054E-5 1.98502E-5 2.00934E-5 2.17465E-5 2.36938E-5 2.42007E-5 2.44202E-5 2.41511E-5 2.54144E-5 2.68424E-5 2.83588E-5 2.98388E-5 3.02839E-5 3.25817E-5 1.36884E-4 3.12728E-5 3.13684E-5
4.79556E-4 4.83192E-4 2.57642E-4 3.47924E-4 5.36471E-4 4.89264E-5 4.77911E-5 4.89716E-5 4.24265E-5 4.16457E-5 3.79109E-5 3.79769E-5 3.81501E-5 3.94495E-5 6.30318E-5 6.63387E-5 6.55841E-5 9.27383E-5 9.37231E-5 9.74728E-5 7.49032E-5 7.44672E-5 1.78851E-4 1.20965E-4 1.41062E-4 1.98263E-4 2.10574E-4 2.23224E-4 2.35283E-4 1.89167E-4 6.76647E-5 6.50654E-5 6.26707E-5 5.93218E-5 4.12136E-5 2.78959E-5 2.65296E-5 2.48266E-5 2.33511E-5 2.1616E-5 1.96648E-5 1.87315E-5 1.80399E-5 1.78329E-5 1.75827E-5 1.72215E-5 1.73355E-5 1.82524E-5 1.7913E-5 1.79019E-5 2.01336E-5 2.24404E-5 2.3452E-5 2.55692E-5 2.55191E-5 2.47798E-5 2.44824E-5 2.57241E-5 2.69165E-5 2.90232E-5 2.988E-5 3.13815E-5 3.68868E-5 3.49649E-5 3.19817E-5 3.16522E-5
-9999 -9999 -9999 5.87464E-4 -9999 5.51078E-5 5.25673E-5 4.4334E-5 4.71878E-5 4.17852E-5 4.60793E-5 8.22083E-5 5.77234E-5 5.72732E-5 7.43541E-5 8.05544E-5 9.81023E-5 1.24029E-4 8.27351E-5 8.62361E-5 8.91558E-5 9.01716E-5 8.79066E-5 1.13655E-4 1.00406E-4 1.09252E-4 1.25481E-4 1.18523E-4 1.98553E-4 6.84707E-5 6.53802E-5 6.45156E-5 6.22253E-5 5.90179E-5 7.14982E-5 6.87509E-5 2.60157E-5 2.42218E-5 2.26225E-5 2.07889E-5 1.8838E-5 1.68689E-5 1.57287E-5 1.54421E-5 1.50358E-5 1.48474E-5 1.45245E-5 1.57365E-5 1.79238E-5 2.02678E-5 2.36781E-5 2.53062E-5 2.58718E-5 2.65542E-5 2.60527E-5 2.46377E-5 2.47695E-5 2.6584E-5 2.83396E-5 3.06418E-5 3.19418E-5 3.36921E-5 4.12293E-5 3.78496E-5 3.31367E-5 3.41666E-5
-9999 -9999 -9999 -9999 -9999 3.00629E-4 2.58445E-4 2.41401E-4 9.39656E-5 9.55314E-5 1.34154E-4 1.1751E-4 8.39154E-5 9.71616E-5 9.57808E-5 9.99693E-5 1.21191E-4 1.23051E-4 9.81763E-5 1.00679E-4 1.10477E-4 1.11579E-4 1.12439E-4 1.20428E-4 1.36593E-4 1.25488E-4 1.23903E-4 1.26677E-4 8.55927E-5 4.28193E-5 4.07447E-5 3.96511E-5 3.81497E-5 3.67016E-5 7.2782E-5 6.78727E-5 2.52697E-5 2.33378E-5 2.14281E-5 1.96192E-5 1.77984E-5 1.58328E-5 1.39106E-5 1.3186E-5 1.29066E-5 1.32065E-5 1.49228E-5 1.81032E-5 2.24233E-5 2.92469E-5 4.01359E-5 2.92253E-5 2.71792E-5 2.68296E-5 2.58738E-5 2.51788E-5 2.60399E-5 2.80971E-5 3.03333E-5 3.16079E-5 3.25892E-5 3.46255E-5 3.91829E-5 3.97622E-5 3.39572E-5 3.48284E-5
-9999 -9999 -9999 -9999 -9999 3.66113E-4 -9999 3.10389E-4 2.32481E-4 2.02236E-4 1.66119E-4 1.11975E-4 7.2914E-5 9.99858E-5 1.08099E-4 1.17988E-4 1.37124E-4 1.33131E-4 1.10783E-4 1.14533E-4 1.28957E-4 1.30411E-4 1.49315E-4 2.21108E-4 1.41343E-4 1.5131E-4 2.90553E-4 1.27533E-4 5.05935E-5 4.13184E-5 4.03213E-5 3.88551E-5 3.75189E-5 4.18022E-5 3.97198E-5 3.725E-5 6.2437E-5 2.25218E-5 2.05628E-5 4.99595E-5 1.6583E-5 1.46996E-5 1.30946E-5 1.39684E-5 1.49544E-5 1.59264E-5 1.81406E-5 5.04231E-5 -9999 8.48829E-5 5.61811E-5 2.81684E-5 2.62783E-5 2.51342E-5 2.39572E-5 2.56294E-5 1.22653E-4 1.32505E-4 1.403E-4 1.44912E-4 3.2903E-5 3.49938E-5 3.67689E-5 3.62657E-5 3.42515E-5 3.81187E-5
-9999 -9999 -9999 -9999 -9999 2.47579E-4 2.51251E-4 2.52207E-4 2.35085E-4 1.97519E-4 1.70042E-4 1.36401E-4 1.13824E-4 1.06915E-4 1.1113E-4 1.47998E-4 1.47208E-4 1.50447E-4 1.50493E-4 1.46389E-4 1.5856E-4 1.46946E-4 1.71917E-4 1.70263E-4 1.70651E-4 1.93679E-4 1.49002E-4 8.22806E-5 4.29217E-5 4.06918E-5 4.4482E-5 4.36193E-5 4.21676E-5 4.03831E-5 3.8342E-5 4.38738E-5 3.33248E-5 3.06834E-5 2.8022E-5 4.95185E-5 4.66178E-5 4.35751E-5 1.62022E-5 1.74717E-5 1.74211E-5 2.09489E-5 2.63213E-5 -9999 -9999 -9999 6.65543E-5 3.0214E-5 2.65954E-5 2.50613E-5 2.36568E-5 1.16963E-4 1.28763E-4 1.37792E-4 1.44343E-4 1.47483E-4 1.47875E-4 1.4682E-4 1.39064E-4 3.35096E-5 3.47916E-5 4.02983E-5
-9999 -9999 -9999 -9999 -9999 -9999 -9999 2.41998E-4 2.05278E-4 2.00747E-4 2.40632E-4 1.44801E-4 1.31473E-4 1.13615E-4 1.10929E-4 1.39355E-4 1.70482E-4 1.98261E-4 1.85217E-4 1.91043E-4 1.95791E-4 1.99328E-4 2.29086E-4 2.62415E-4 2.57726E-4 2.52788E-4 1.46774E-4 6.56099E-5 4.51505E-5 5.26658E-5 5.18101E-5 5.06783E-5 4.90457E-5 4.68359E-5 4.45586E-5 4.18778E-5 3.20744E-5 2.93088E-5 2.67012E-5 2.42851E-5 4.73106E-5 4.81869E-5 5.31682E-5 2.63971E-5 1.85205E-5 1.89637E-5 2.88666E-5 6.73273E-5 1.01937E-4 1.35178E-4 1.28488E-4 5.54967E-5 2.84554E-5 2.59796E-5 2.47893E-5 1.21101E-4 1.31915E-4 4.19797E-5 4.34296E-5 4.40001E-5 4.40244E-5 4.45517E-5 4.39497E-5 1.54284E-4 5.59834E-5 5.09307E-5
-9999 -9999 -9999 -9999 -9999 -9999 2.42532E-4 2.85677E-4 2.30788E-4 2.72956E-4 1.70313E-4 1.37864E-4 1.33694E-4 1.34945E-4 1.22961E-4 1.46095E-4 1.59408E-4 3.10223E-4 3.95816E-4 4.50106E-4 5.09214E-4 6.16576E-4 6.0306E-4 5.84222E-4 5.46367E-4 3.72053E-4 1.67405E-4 8.38139E-5 6.25087E-5 5.43429E-5 4.98281E-5 4.76072E-5 4.61339E-5 4.45227E-5 4.20258E-5 3.95539E-5 3.75445E-5 3.13423E-5 3.376E-5 5.47879E-5 1.01784E-4 1.21754E-4 3.14653E-5 5.13467E-5 2.05998E-5 2.10397E-5 2.98377E-5 3.85495E-5 9.3149E-5 -9999 -9999 6.81538E-5 2.8725E-5 1.11675E-4 3.61294E-5 3.86475E-5 4.12213E-5 4.6641E-5 5.1231E-5 5.39764E-5 5.42772E-5 4.80282E-5 1.47639E-4 5.22041E-5 4.96375E-5 5.35025E-5
-9999 -9999 -9999 -9999 -9999 -9999 -9999 2.77784E-4 -9999 1.76768E-4 1.35959E-4 1.50289E-4 1.63706E-4 3.62082E-4 2.87875E-4 2.55787E-4 3.08772E-4 3.84508E-4 4.09872E-4 4.93766E-4 7.72135E-4 7.14685E-4 7.17038E-4 6.61027E-4 6.345E-4 5.30951E-4 3.23231E-4 1.69336E-4 1.00192E-4 9.23828E-5 1.12038E-4 1.21324E-4 1.10393E-4 8.80862E-5 1.08309E-4 9.43617E-5 1.40115E-4 1.7647E-4 2.79463E-4 -9999 -9999 -9999 3.85258E-5 5.88319E-5 2.27673E-5 3.08868E-5 -9999 -9999 -9999 -9999 9.63912E-5 3.85203E-5 2.92744E-5 4.07123E-5 3.91392E-5 4.05183E-5 4.40088E-5 4.86147E-5 4.9632E-5 5.31645E-5 5.43769E-5 4.75391E-5 4.67068E-5 5.4934E-5 4.7103E-5 5.44633E-5
-9999 -9999 -9999 -9999 -9999 -9999 -9999 2.76642E-4 2.86447E-4 2.51244E-4 2.07142E-4 2.68271E-4 2.66122E-4 2.38387E-4 2.87422E-4 2.93377E-4 3.30487E-4 3.42036E-4 4.17721E-4 4.82058E-4 6.0912E-4 7.49512E-4 8.47808E-4 7.36776E-4 6.72497E-4 3.00141E-4 2.19042E-4 1.77512E-4 1.73287E-4 1.59668E-4 1.70503E-4 1.81493E-4 2.46675E-4 2.59146E-4 2.44608E-4 2.38786E-4 2.6861E-4 -9999 -9999 -9999 -9999 -9999 -9999 1.24801E-4 1.40456E-4 1.97275E-4 -9999 -9999 -9999 9.04412E-5 1.02081E-4 4.11724E-5 1.19764E-4 4.2399E-5 3.98506E-5 4.12401E-5 4.2788E-5 4.61076E-5 5.13537E-5 5.304E-5 5.50924E-5 1.44521E-4 6.18774E-5 6.60705E-5 7.16019E-5 7.44929E-5
