catData/rasterBestHybridModels/Fchaus/RD_RM2_autofeature/Fchaus_max.asc
ncols         409
nrows         350
xllcorner     60.897278365
yllcorner     5.843756025
cellsize      0.0892857
NODATA_value  -9999
[rows 87 to 115 of 350, columns 264 to 329 of 409]
-9999 -9999 -9999 -9999 -9999 -9999 -9999 -9999 -9999 -9999 -9999 -9999 -9999 -9999 -9999 -9999 -9999 -9999 -9999 -9999 -9999 -9999 -9999 -9999 -9999 -9999 -9999 -9999 -9999 -9999 -9999 -9999 -9999 -9999 -9999 -9999 -9999 -9999 -9999 -9999 -9999 -9999 -9999 -9999 -9999 -9999 -9999 -9999 -9999 -9999 -9999 -9999 -9999 -9999 -9999 -9999 -9999 -9999 -9999 -9999 -9999 -9999 -9999 -9999 -9999 -9999
-9999 -9999 -9999 -9999 -9999 -9999 -9999 -9999 -9999 -9999 -9999 -9999 -9999 -9999 -9999 -9999 -9999 -9999 -9999 -9999 -9999 -9999 -9999 -9999 -9999 -9999 -9999 -9999 -9999 -9999 -9999 -9999 -9999 -9999 -9999 -9999 -9999 -9999 -9999 -9999 -9999 -9999 -9999 -9999 -9999 -9999 -9999 -9999 -9999 -9999 -9999 -9999 -9999 -9999 -9999 -9999 -9999 -9999 -9999 -9999 -9999 -9999 -9999 -9999 -9999 -9999
-9999 -9999 -9999 -9999 -9999 -9999 -9999 -9999 -9999 -9999 -9999 -9999 -9999 -9999 -9999 -9999 -9999 -9999 -9999 -9999 -9999 -9999 -9999 -9999 -9999 -9999 -9999 -9999 -9999 -9999 -9999 -9999 -9999 -9999 -9999 -9999 -9999 -9999 -9999 -9999 -9999 -9999 -9999 -9999 -9999 -9999 -9999 -9999 -9999 -9999 -9999 -9999 -9999 -9999 -9999 -9999 -9999 -9999 -9999 -9999 -9999 -9999 -9999 -9999 -9999 -9999
-9999 -9999 -9999 -9999 -9999 -9999 -9999 -9999 -9999 -9999 -9999 -9999 -9999 -9999 -9999 -9999 -9999 -9999 -9999 -9999 -9999 -9999 -9999 -9999 -9999 -9999 -9999 -9999 -9999 -9999 -9999 -9999 -9999 -9999 -9999 -9999 -9999 -9999 -9999 -9999 -9999 -9999 -9999 -9999 -9999 -9999 -9999 -9999 -9999 -9999 -9999 -9999 -9999 -9999 -9999 -9999 -9999 -9999 -9999 -9999 -9999 -9999 -9999 -9999 -9999 -9999
-9999 -9999 -9999 -9999 -9999 -9999 -9999 -9999 -9999 -9999 -9999 -9999 -9999 -9999 -9999 -9999 -9999 -9999 -9999 -9999 -9999 -9999 -9999 -9999 -9999 -9999 -9999 -9999 -9999 -9999 -9999 -9999 -9999 -9999 -9999 -9999 -9999 -9999 -9999 -9999 -9999 -9999 -9999 -9999 -9999 -9999 -9999 -9999 -9999 -9999 -9999 -9999 -9999 -9999 -9999 -9999 -9999 -9999 -9999 -9999 -9999 -9999 -9999 -9999 -9999 -9999
-9999 -9999 -9999 -9999 -9999 -9999 -9999 -9999 -9999 -9999 -9999 -9999 -9999 -9999 -9999 -9999 -9999 -9999 -9999 -9999 -9999 -9999 -9999 -9999 -9999 -9999 -9999 -9999 -9999 -9999 -9999 -9999 -9999 -9999 -9999 -9999 -9999 -9999 -9999 -9999 -9999 -9999 -9999 -9999 -9999 -9999 -9999 -9999 -9999 -9999 -9999 -9999 -9999 -9999 -9999 -9999 -9999 -9999 -9999 -9999 -9999 -9999 -9999 -9999 -9999 -9999
-9999 5.12561E-6 -9999 -9999 -9999 -9999 -9999 -9999 -9999 -9999 -9999 -9999 -9999 -9999 -9999 -9999 -9999 -9999 -9999 -9999 -9999 -9999 -9999 -9999 -9999 -9999 -9999 -9999 -9999 -9999 -9999 -9999 -9999 -9999 -9999 -9999 -9999 -9999 -9999 -9999 -9999 -9999 -9999 -9999 -9999 -9999 -9999 -9999 -9999 -9999 -9999 -9999 -9999 -9999 -9999 -9999 -9999 -9999 -9999 -9999 -9999 -9999 -9999 -9999 -9999 -9999
4.17661E-6 9.92149E-6 -9999 -9999 -9999 -9999 1.54311E-5 1.93672E-5 -9999 -9999 -9999 -9999 -9999 -9999 -9999 -9999 -9999 -9999 -9999 -9999 -9999 -9999 -9999 -9999 -9999 -9999 -9999 -9999 -9999 -9999 -9999 -9999 -9999 -9999 -9999 -9999 -9999 -9999 -9999 -9999 -9999 -9999 -9999 -9999 -9999 -9999 -9999 -9999 -9999 -9999 -9999 -9999 -9999 -9999 -9999 -9999 -9999 -9999 -9999 -9999 -9999 -9999 -9999 -9999 -9999 -9999
7.01528E-6 1.03063E-5 3.61691E-5 6.07121E-5 4.72641E-5 1.78483E-5 1.71573E-5 2.23547E-5 -9999 -9999 -9999 -9999 -9999 -9999 -9999 -9999 -9999 -9999 -9999 -9999 -9999 -9999 -9999 -9999 -9999 -9999 -9999 -9999 -9999 -9999 -9999 -9999 -9999 -9999 -9999 -9999 -9999 -9999 -9999 -9999 -9999 -9999 -9999 -9999 -9999 -9999 -9999 -9999 -9999 -9999 -9999 -9999 -9999 -9999 -9999 -9999 -9999 -9999 -9999 -9999 -9999 -9999 -9999 -9999 -9999 -9999
1.1979E-5 1.59959E-5 2.47363E-5 3.33259E-5 6.54986E-5 3.87615E-5 3.16848E-5 1.41817E-5 -9999 -9999 -9999 -9999 -9999 -9999 -9999 -9999 -9999 -9999 -9999 -9999 -9999 -9999 -9999 -9999 -9999 -9999 -9999 -9999 -9999 -9999 -9999 -9999 -9999 -9999 -9999 -9999 -9999 -9999 -9999 -9999 -9999 -9999 -9999 -9999 -9999 -9999 -9999 -9999 -9999 -9999 -9999 -9999 -9999 -9999 -9999 -9999 -9999 -9999 -9999 -9999 -9999 -9999 -9999 -9999 -9999 -9999
4.22872E-5 1.71566E-5 1.31334E-5 1.87965E-5 1.38517E-4 5.32639E-5 3.73663E-5 -9999 -9999 -9999 -9999 -9999 -9999 -9999 -9999 -9999 -9999 -9999 -9999 -9999 -9999 -9999 -9999 -9999 -9999 -9999 -9999 -9999 -9999 -9999 -9999 -9999 -9999 -9999 -9999 -9999 -9999 -9999 -9999 -9999 -9999 -9999 -9999 -9999 -9999 -9999 -9999 -9999 -9999 -9999 -9999 -9999 -9999 -9999 -9999 -9999 -9999 -9999 -9999 -9999 -9999 -9999 -9999 -9999 -9999 -9999
1.91554E-4 4.79021E-5 1.16141E-4 1.27963E-4 7.23581E-5 1.34959E-4 3.75228E-5 3.55495E-5 3.19875E-5 -9999 -9999 3.05658E-5 -9999 -9999 -9999 -9999 -9999 -9999 -9999 -9999 -9999 -9999 -9999 -9999 -9999 -9999 -9999 -9999 -9999 -9999 -9999 -9999 -9999 -9999 -9999 -9999 -9999 -9999 -9999 -9999 -9999 -9999 -9999 -9999 -9999 -9999 -9999 -9999 -9999 -9999 -9999 -9999 -9999 -9999 -9999 -9999 -9999 -9999 -9999 -9999 -9999 -9999 1.26353E-6 -9999 1.02287E-6 -9999
6.91235E-5 1.1668E-4 1.03302E-4 7.73753E-5 8.29626E-5 5.09705E-5 2.13439E-4 1.64257E-4 3.80188E-5 1.12877E-4 3.47216E-5 3.50526E-5 2.57726E-5 1.97466E-5 -9999 -9999 -9999 -9999 -9999 -9999 -9999 -9999 -9999 -9999 -9999 -9999 -9999 -9999 -9999 -9999 -9999 -9999 -9999 -9999 -9999 -9999 -9999 -9999 -9999 -9999 -9999 -9999 -9999 -9999 -9999 -9999 -9999 -9999 -9999 -9999 -9999 -9999 -9999 -9999 -9999 -9999 -9999 -9999 -9999 -9999 2.10493E-6 1.43833E-6 1.3898E-6 1.42414E-6 1.15868E-6 -9999
1.83976E-4 1.45189E-4 8.4939E-5 7.94602E-5 1.49268E-4 1.42754E-4 3.22635E-4 5.74503E-5 5.01856E-5 4.62937E-5 2.5112E-5 1.99192E-5 4.12131E-5 3.98895E-5 4.11422E-5 2.62112E-5 -9999 -9999 -9999 -9999 -9999 -9999 -9999 -9999 -9999 -9999 -9999 -9999 -9999 -9999 -9999 -9999 -9999 -9999 -9999 -9999 -9999 -9999 -9999 -9999 -9999 -9999 -9999 -9999 -9999 -9999 -9999 -9999 -9999 -9999 -9999 -9999 -9999 -9999 -9999 -9999 -9999 4.42248E-6 4.832E-6 3.96992E-6 3.24857E-6 3.00387E-6 2.67287E-6 2.79915E-6 2.42987E-6 2.20588E-6
1.30791E-4 9.48691E-5 1.97198E-4 1.91011E-4 4.85048E-4 3.78933E-4 5.15508E-4 2.72041E-4 2.3214E-4 5.76922E-5 6.40891E-5 1.57304E-4 7.78257E-5 4.63832E-5 1.2336E-4 7.5728E-5 -9999 -9999 1.3296E-5 3.2969E-5 -9999 -9999 -9999 -9999 -9999 -9999 -9999 -9999 -9999 -9999 -9999 -9999 -9999 -9999 -9999 -9999 -9999 -9999 -9999 -9999 -9999 -9999 -9999 -9999 -9999 -9999 1.12319E-5 9.7392E-6 -9999 -9999 -9999 -9999 -9999 -9999 -9999 -9999 6.32506E-6 6.30915E-6 7.84826E-6 6.15411E-6 4.91097E-6 5.15293E-6 5.02574E-6 4.65022E-6 4.07414E-6 3.39458E-6
9.04698E-5 9.46574E-5 9.42886E-5 1.74255E-4 6.82028E-5 1.08347E-4 1.6687E-4 2.43862E-4 1.04451E-4 2.83462E-4 3.58624E-4 1.04784E-4 1.61934E-4 6.45026E-5 7.2577E-5 7.78914E-5 6.1425E-5 -9999 -9999 3.7388E-5 1.65828E-5 -9999 -9999 5.07608E-6 6.19244E-6 6.57522E-6 5.91192E-6 -9999 -9999 -9999 -9999 -9999 -9999 -9999 -9999 -9999 -9999 -9999 -9999 -9999 -9999 -9999 -9999 -9999 -9999 3.67829E-5 3.09697E-5 2.70118E-5 1.45866E-5 -9999 -9999 -9999 -9999 -9999 1.05608E-5 1.46239E-5 1.56497E-5 8.92206E-6 1.08116E-5 1.08905E-5 7.15644E-6 7.04947E-6 8.15986E-6 6.08764E-6 5.49255E-6 4.76021E-6
1.68106E-4 1.41942E-4 8.45629E-5 6.98816E-5 8.98154E-5 1.59565E-4 7.94137E-5 9.19869E-5 1.0666E-4 2.2571E-4 1.59077E-4 3.39607E-4 8.72268E-5 1.22552E-4 1.98808E-4 2.84446E-4 1.75119E-4 4.93823E-5 1.28623E-4 6.38597E-5 3.93372E-5 1.54546E-5 8.78368E-6 6.75602E-6 9.5671E-6 1.04164E-5 9.39938E-6 7.98461E-6 7.42075E-6 8.25536E-6 -9999 -9999 -9999 -9999 -9999 -9999 -9999 -9999 -9999 9.94702E-6 -9999 -9999 -9999 -9999 4.60874E-5 5.0199E-5 3.83747E-5 3.79863E-5 2.27297E-5 -9999 -9999 -9999 -9999 -9999 -9999 1.6931E-5 1.76301E-5 1.34627E-5 2.18786E-5 1.46727E-5 8.86679E-6 1.0362E-5 1.68072E-5 9.75355E-6 7.87554E-6 7.44025E-6
1.18146E-3 6.85427E-4 3.54285E-4 2.56902E-4 1.24759E-4 1.4306E-4 1.92992E-4 9.6122E-5 1.23577E-4 4.2317E-3 1.87656E-3 1.68046E-3 3.77887E-4 1.05751E-4 1.91135E-4 1.2636E-4 1.95126E-4 2.12155E-4 9.17475E-5 7.72261E-5 5.21708E-5 7.27791E-5 5.70191E-5 4.42074E-5 5.95364E-5 1.62424E-5 1.16881E-5 1.12256E-5 1.23924E-5 1.4405E-5 1.68755E-5 3.64174E-5 4.50688E-5 3.63667E-5 1.80763E-5 1.6903E-5 2.01534E-5 4.58258E-5 3.14661E-5 2.90447E-5 3.86396E-5 -9999 -9999 -9999 2.98552E-5 3.24803E-5 2.83174E-5 2.66679E-5 3.57459E-5 -9999 -9999 -9999 -9999 1.90037E-5 1.69265E-5 1.50054E-5 1.7246E-5 1.99624E-5 2.78777E-5 3.73054E-5 3.64205E-5 6.50086E-5 4.1155E-5 1.33911E-5 1.25097E-5 1.15269E-5
1.18293E-4 1.00099E-3 1.67515E-3 9.33173E-4 3.96986E-4 3.76431E-4 2.18289E-4 2.29925E-4 1.5759E-3 1.54001E-3 1.07641E-3 9.59384E-4 1.876E-4 2.43633E-4 2.45042E-4 2.07184E-4 1.32788E-4 3.41261E-4 1.19642E-4 1.19917E-4 5.69246E-5 4.87258E-5 1.05298E-4 7.09042E-5 9.56926E-5 1.0509E-4 8.35727E-5 8.47569E-5 2.12227E-5 2.53724E-5 3.21481E-5 8.04039E-5 2.42958E-4 3.65561E-5 2.09374E-5 2.33261E-5 2.80051E-5 3.31755E-5 1.4461E-4 2.88325E-5 2.00917E-5 -9999 -9999 1.74244E-4 6.25384E-5 6.6689E-5 1.42363E-4 3.5963E-5 6.77633E-5 -9999 -9999 -9999 -9999 2.59943E-5 2.32787E-5 1.52381E-5 2.42527E-5 6.28467E-5 1.00388E-4 8.41313E-5 7.58432E-5 1.36027E-4 4.38863E-5 2.18248E-5 1.96081E-5 1.70304E-5
2.31991E-4 2.2747E-4 1.88801E-4 2.48824E-3 1.14707E-3 7.47227E-4 5.10907E-4 4.84949E-4 3.57923E-4 7.37474E-4 3.73811E-4 2.05879E-4 1.89682E-4 1.22731E-4 2.86018E-4 2.62048E-4 2.18849E-4 1.98469E-4 1.38812E-4 2.36718E-4 2.07427E-4 9.60176E-5 1.13165E-4 5.27079E-5 1.36987E-4 1.22009E-4 6.06054E-5 5.47456E-5 8.41697E-5 2.50136E-4 3.49023E-4 1.31111E-4 1.38571E-4 1.05074E-4 1.09317E-4 9.38383E-5 1.17192E-4 1.2904E-4 1.17891E-4 5.5719E-5 3.06355E-5 1.12975E-4 4.85635E-5 1.0872E-4 1.30434E-4 1.22791E-4 1.47197E-4 8.93116E-5 -9999 -9999 -9999 2.25292E-5 3.14372E-5 3.55803E-5 4.13938E-5 4.04723E-5 3.72988E-5 5.44629E-5 7.25275E-5 8.83447E-5 1.92698E-4 1.53269E-4 1.28596E-4 5.90062E-5 3.39997E-5 2.59512E-5
2.31262E-3 2.86589E-3 3.25275E-3 1.39124E-3 9.26676E-4 2.16635E-3 1.09907E-3 1.0708E-3 2.356E-4 1.06941E-3 4.2966E-4 2.36032E-4 1.04841E-4 1.13795E-4 4.31767E-4 4.90425E-4 9.0453E-5 9.44403E-5 9.49433E-5 3.16952E-4 1.57747E-4 1.34759E-4 2.27739E-4 1.75653E-4 1.59524E-4 1.46925E-4 1.65497E-4 1.54579E-4 2.90277E-4 3.15776E-4 2.5913E-4 9.20757E-5 1.21399E-4 1.41503E-4 1.87614E-4 1.96457E-4 3.1491E-4 1.7146E-4 1.91158E-4 1.11798E-4 1.25073E-4 5.11822E-5 5.39579E-5 6.47725E-5 9.28809E-5 5.91837E-5 7.23727E-5 1.18084E-4 -9999 -9999 -9999 2.78535E-5 3.99598E-5 9.25325E-5 1.32328E-4 1.28322E-4 5.12472E-5 7.35641E-5 1.73131E-4 1.99875E-4 6.91713E-5 4.19994E-5 4.42065E-5 4.86166E-5 4.86322E-5 1.08638E-4
8.90444E-4 7.41197E-4 4.29293E-3 1.49295E-3 6.84187E-4 6.18934E-4 5.48871E-4 9.04903E-4 7.72475E-4 1.53001E-3 2.38291E-3 3.17014E-4 2.0689E-4 4.93077E-4 2.28807E-4 2.13094E-4 4.54294E-4 7.173E-4 2.40343E-4 1.36891E-4 1.09109E-4 9.19791E-5 1.90691E-4 6.72156E-5 5.59062E-5 1.60697E-4 3.08807E-4 2.14288E-4 2.31915E-4 7.7251E-5 7.03937E-5 8.96449E-5 1.22045E-4 1.16024E-4 1.49295E-4 7.32263E-5 1.21041E-4 2.06408E-4 7.95016E-5 8.65723E-5 6.81316E-5 7.44598E-5 2.49503E-4 2.56321E-4 2.14573E-4 1.88292E-4 2.10206E-4 7.4689E-5 2.04754E-4 -9999 -9999 1.03606E-4 6.30464E-5 9.75309E-5 1.39695E-4 4.90007E-5 5.16172E-5 7.71407E-5 5.61731E-5 4.94855E-5 3.73718E-4 4.38535E-5 4.12236E-5 1.15664E-4 1.08086E-4 3.58564E-5
5.1998E-4 9.42114E-5 3.59719E-4 2.09808E-3 1.60566E-3 9.00071E-4 7.01265E-4 1.75234E-3 2.12443E-4 2.34877E-4 4.88999E-4 6.32054E-4 1.46408E-3 1.36583E-3 1.13199E-3 6.39708E-4 2.40841E-4 1.5553E-4 1.51906E-4 1.78175E-4 1.30663E-4 1.11678E-4 1.4915E-4 3.09456E-4 3.33132E-4 1.12401E-4 1.24995E-4 1.40207E-4 1.70527E-4 1.24725E-4 9.30626E-5 7.23225E-5 8.58017E-5 1.337E-4 1.19223E-4 7.50457E-5 1.06884E-4 1.19257E-4 3.04909E-4 3.50992E-4 1.36234E-4 1.24478E-4 2.13246E-4 1.15364E-4 1.03754E-4 1.47274E-4 1.10652E-4 1.134E-4 7.50225E-5 3.01072E-4 -9999 6.03868E-5 1.22888E-4 5.41301E-5 5.28275E-5 5.28302E-5 5.61718E-5 6.31327E-5 4.79275E-5 5.00919E-5 9.13893E-5 1.71959E-4 2.29134E-4 5.097E-5 4.70821E-5 4.35638E-5
6.45962E-5 7.51862E-5 2.77977E-4 2.31206E-4 2.07215E-3 3.20395E-3 5.04143E-4 1.12633E-3 7.15149E-4 1.03802E-3 4.84409E-4 1.49143E-4 1.31953E-3 8.68493E-4 4.24398E-4 6.46464E-4 6.34148E-4 3.65455E-4 2.88485E-4 4.73032E-4 3.34033E-4 5.56133E-4 4.36679E-4 6.05498E-4 3.29732E-4 1.04435E-4 1.17424E-4 1.57682E-4 4.42471E-4 4.27614E-4 2.5537E-4 1.00625E-4 1.00125E-4 1.76695E-4 1.48358E-4 1.08065E-4 1.23606E-4 1.0463E-4 2.46073E-4 2.60046E-4 1.01729E-4 1.51212E-4 3.61639E-4 3.0595E-4 2.12253E-4 2.58669E-4 1.87633E-4 2.11251E-4 1.01847E-4 9.65017E-5 1.9141E-4 8.5683E-5 2.42535E-4 2.32454E-4 3.09321E-4 1.10982E-4 1.27452E-4 7.04942E-5 2.18584E-4 2.19855E-4 2.19204E-4 8.96821E-5 9.8878E-5 2.35374E-4 5.20791E-5 5.13894E-5
1.0275E-4 8.65707E-5 1.78512E-4 1.6761E-4 5.6065E-5 3.34667E-4 4.6192E-4 1.41966E-3 8.18316E-4 1.77323E-3 4.24471E-4 3.41443E-4 3.3523E-4 4.54444E-4 3.00289E-4 4.41261E-4 5.23158E-4 6.20771E-4 2.21585E-4 1.91548E-4 3.10832E-4 1.81319E-4 4.32496E-4 2.84575E-4 5.64461E-4 1.89807E-4 1.2748E-4 2.14438E-4 1.24365E-4 2.63339E-4 2.33925E-4 2.25509E-4 1.69363E-4 1.53245E-4 9.75227E-5 1.62917E-4 3.34423E-4 1.18598E-4 1.15565E-4 3.29454E-4 3.95721E-4 1.65694E-4 5.4503E-4 1.27287E-3 2.98939E-4 2.50164E-4 2.07277E-4 2.60268E-4 3.50933E-4 1.46676E-4 2.04932E-4 2.97822E-4 1.1794E-4 9.69416E-5 1.02996E-4 8.11308E-5 7.96109E-5 2.39318E-4 2.36903E-4 1.2248E-4 1.19869E-4 9.35903E-5 1.09103E-4 3.12256E-4 2.9089E-4 2.63591E-4
1.34926E-4 8.60023E-5 1.79056E-4 1.74161E-4 1.71693E-4 5.8854E-5 5.53015E-5 5.41185E-5 2.29733E-4 2.32314E-4 3.12838E-4 4.03696E-4 3.08026E-4 1.86021E-4 2.34356E-4 3.30856E-4 2.92671E-4 2.15564E-4 2.1116E-4 2.7365E-4 5.49503E-4 3.89919E-4 1.1411E-4 1.12719E-4 1.22459E-4 2.06969E-4 1.01396E-4 1.44887E-4 1.71565E-4 2.12597E-4 6.53986E-4 1.24059E-4 1.74456E-4 4.85365E-4 1.09857E-3 2.45378E-4 1.87284E-4 2.20161E-4 4.14867E-4 8.55729E-4 5.02839E-4 3.30014E-4 4.8144E-4 4.2342E-4 1.60232E-4 1.27915E-4 2.04639E-4 1.93171E-4 3.81387E-4 2.06488E-4 2.59175E-4 2.31067E-4 2.60661E-4 3.15507E-4 2.86499E-4 2.44836E-4 2.76952E-4 9.73909E-5 8.35332E-5 1.23834E-4 3.37405E-4 2.93643E-4 3.37762E-4 3.12237E-4 3.18485E-4 3.23531E-4
1.53237E-4 1.04258E-4 9.54411E-5 1.17648E-4 1.15668E-4 9.13865E-5 5.89879E-5 5.38951E-5 5.50853E-5 5.37304E-5 6.03921E-5 2.16619E-4 2.15558E-4 3.06821E-4 9.80663E-5 1.06254E-4 1.77169E-4 3.17877E-4 2.79609E-4 1.30417E-4 8.50609E-5 1.16988E-4 4.09381E-4 2.57231E-4 2.87287E-4 4.51775E-4 1.33395E-4 1.72246E-4 1.70063E-4 2.17035E-4 1.47776E-4 1.98444E-4 2.45579E-4 3.99321E-4 3.04223E-4 3.70591E-4 2.3891E-4 1.47041E-4 1.77203E-4 3.9512E-4 6.05667E-4 1.44953E-3 1.51089E-3 6.51004E-4 2.2576E-4 1.84204E-4 1.8668E-4 1.6053E-4 1.51299E-4 5.34156E-5 8.78592E-5 1.96973E-4 3.81E-4 4.57957E-4 2.9657E-4 1.98045E-4 1.05274E-4 9.08887E-5 3.8078E-4 4.15562E-4 3.85892E-4 4.43541E-4 1.04271E-4 1.65049E-4 1.29413E-4 8.3717E-5
1.5519E-4 1.18522E-4 1.05476E-4 1.46199E-4 1.37163E-4 1.21807E-4 2.23591E-4 1.00335E-4 6.04886E-5 5.98214E-5 6.24243E-5 5.72916E-5 5.60603E-5 5.75605E-5 2.37976E-4 6.09536E-5 6.57514E-5 6.58047E-5 6.46745E-5 1.09798E-4 1.71255E-4 6.93754E-4 2.71768E-4 5.97075E-4 2.11589E-4 3.39109E-4 3.74718E-4 6.19092E-4 4.90171E-4 5.78748E-4 4.10069E-4 4.67647E-4 7.5777E-4 1.15247E-3 3.95654E-4 5.1291E-4 4.15032E-4 2.00463E-4 1.66627E-4 5.8254E-4 3.98723E-4 1.91123E-3 6.57072E-4 1.12447E-3 1.76138E-4 2.47693E-4 2.28638E-4 9.89772E-5 8.64291E-5 1.4142E-4 1.32966E-4 2.55212E-4 2.77365E-4 3.64627E-4 1.28417E-4 5.53669E-4 7.53568E-5 7.01127E-5 6.77427E-5 9.88355E-5 9.7899E-5 1.37978E-4 1.35184E-4 9.05831E-5 1.09046E-4 6.16679E-5
4.66963E-4 3.33378E-4 1.46445E-4 1.89753E-4 1.51237E-4 1.62837E-4 1.09621E-4 1.46167E-4 2.65618E-4 1.959E-4 1.93603E-4 1.97672E-4 6.30415E-5 1.02089E-4 6.29973E-5 5.91526E-5 6.3317E-5 6.94256E-5 6.14334E-5 5.52516E-5 5.71215E-5 6.31242E-5 9.35881E-5 5.25103E-4 2.50965E-4 6.50268E-4 5.32725E-4 2.8562E-4 3.07223E-4 2.09189E-4 4.43002E-4 9.6778E-4 1.04483E-3 7.57908E-4 8.31746E-4 5.76718E-4 5.05811E-4 2.63808E-4 1.49603E-4 1.59514E-4 1.85223E-4 1.57105E-4 1.28829E-4 1.34277E-4 1.76249E-4 2.10312E-4 1.12763E-4 7.41303E-5 9.56223E-5 1.26486E-4 2.52442E-4 3.00324E-4 1.00948E-4 2.20776E-4 2.28413E-4 2.22073E-4 5.64671E-4 1.78657E-4 1.20314E-4 7.7261E-5 8.62766E-5 5.99564E-5 5.89826E-5 1.8342E-4 1.43173E-4 1.54848E-4
