catData/rasterBestHybridModels/Fchaus/RD_RM2_autofeature/Fchaus_median.asc
ncols         409
nrows         350
xllcorner     60.897278365
yllcorner     5.843756025
cellsize      0.0892857
NODATA_value  -9999
[rows 203 to 231 of 350, columns 198 to 263 of 409]
2.35198E-5 2.18808E-5 2.03716E-5 3.53063E-5 2.37972E-5 2.32283E-5 2.07313E-5 2.51373E-5 9.684E-5 9.61056E-5 1.00065E-4 2.53573E-5 2.30022E-5 2.64209E-5 2.16454E-5 1.87108E-5 6.17422E-5 3.81131E-5 8.10499E-5 7.09779E-5 2.64165E-4 1.62373E-4 3.51003E-4 2.5888E-4 6.99505E-5 2.44527E-5 1.52473E-4 1.78461E-4 1.01516E-4 1.08333E-4 5.40087E-5 5.09976E-5 6.3926E-5 6.98755E-5 7.60972E-5 7.80052E-5 1.00533E-4 1.52892E-4 2.08431E-4 3.85179E-4 3.45075E-4 1.1021E-4 1.01359E-4 1.0059E-4 1.02385E-4 2.04497E-4 1.67747E-4 9.52021E-5 8.9125E-5 7.46007E-5 2.18403E-4 2.31385E-4 1.14846E-4 1.86378E-4 6.59788E-5 1.13867E-4 9.37796E-5 9.11907E-5 8.10608E-5 1.23764E-4 5.40652E-4 4.1077E-4 9.02058E-5 1.87424E-4 8.3196E-5 1.56401E-4
3.1119E-5 3.05222E-5 2.55487E-5 2.61991E-5 3.50424E-5 2.42383E-5 2.27769E-5 2.2388E-5 2.89379E-5 2.9728E-5 5.34012E-5 2.05415E-5 1.95136E-5 1.80948E-5 1.84938E-5 1.43213E-5 2.97676E-5 9.94073E-5 1.1753E-4 6.57438E-5 4.56591E-5 9.62316E-5 4.23175E-4 1.66948E-4 1.11915E-4 3.35838E-5 6.49864E-5 9.05912E-5 2.34853E-4 1.85968E-4 9.2049E-5 1.46561E-4 7.67728E-5 7.70399E-5 9.22184E-5 3.03803E-4 3.11632E-4 1.90649E-4 2.01986E-4 1.71516E-4 2.5874E-4 7.3838E-5 1.02486E-4 1.26504E-4 9.72162E-5 1.11923E-4 7.46131E-5 8.58869E-5 7.96602E-5 1.38697E-4 5.71046E-4 2.09613E-4 1.21145E-4 1.20329E-4 4.56414E-5 3.97437E-5 1.56801E-4 2.34243E-4 2.33723E-4 3.98387E-5 8.29016E-5 7.94746E-5 5.26596E-5 4.82376E-5 8.35125E-5 9.45402E-5
3.76885E-5 3.16475E-5 2.68133E-5 3.69849E-5 3.40498E-5 2.64123E-5 2.5775E-5 2.4239E-5 4.63371E-5 4.96099E-5 2.72144E-5 1.91621E-5 2.48685E-5 1.72653E-5 3.69758E-5 3.04124E-5 2.24551E-5 2.0957E-5 2.17194E-5 7.03176E-5 8.03595E-5 7.56818E-5 7.04126E-5 3.84545E-4 9.1213E-5 9.75044E-5 6.26115E-5 6.07084E-5 2.29515E-4 3.81058E-4 9.18037E-5 8.31871E-5 1.22989E-4 1.47218E-4 9.84187E-5 1.82362E-4 1.53909E-4 2.69667E-4 4.85965E-4 1.55822E-4 1.52671E-4 8.35196E-5 6.1833E-5 7.56781E-5 1.66533E-4 7.18764E-5 1.16635E-4 1.19969E-4 1.19381E-4 2.21575E-4 3.28344E-4 1.97158E-4 1.3339E-4 8.54117E-5 4.26386E-5 4.21496E-5 4.94243E-5 1.37316E-4 9.82666E-5 3.0937E-5 2.91173E-5 4.20132E-5 5.31623E-5 7.96872E-5 6.60784E-5 4.42786E-5
1.62722E-4 3.1253E-5 3.05354E-5 3.59403E-5 2.80743E-5 2.87868E-5 2.7578E-5 2.59669E-5 2.95568E-5 3.06308E-5 3.28208E-5 5.75195E-5 1.90524E-5 1.80432E-5 1.85461E-5 3.90341E-5 3.38286E-5 5.13092E-5 2.71866E-5 5.7382E-5 5.65066E-5 1.29977E-4 9.83177E-5 1.84776E-4 1.10144E-4 1.08417E-4 2.35756E-4 2.33007E-4 2.91993E-4 3.81009E-4 8.08461E-5 8.51485E-5 7.64281E-5 9.46161E-5 5.54829E-5 5.95364E-5 4.9141E-5 9.27201E-5 1.54675E-4 6.5765E-5 9.30788E-5 2.0166E-4 2.99054E-4 1.52021E-4 1.61392E-4 1.16478E-4 1.17786E-4 1.21227E-4 1.61373E-4 2.21515E-4 7.6831E-4 1.32336E-4 8.84088E-5 4.39807E-5 3.91073E-5 3.0607E-5 3.60358E-5 5.49986E-5 6.57433E-5 6.29528E-5 4.78861E-5 6.74426E-5 1.09925E-4 7.26303E-5 3.90382E-5 -9999
1.39179E-4 9.18056E-5 8.80921E-5 2.72042E-5 2.76731E-5 2.96981E-5 3.04332E-5 2.73589E-5 2.76705E-5 2.68053E-5 2.68367E-5 5.83976E-5 5.82E-5 1.92547E-5 2.51525E-5 1.8761E-5 4.33158E-5 1.06125E-4 2.80462E-4 1.47471E-4 3.17025E-5 1.15828E-4 1.08303E-4 8.35236E-5 2.19329E-4 8.92355E-5 8.83401E-5 1.92241E-4 1.70492E-4 4.14152E-4 1.8421E-4 1.15325E-4 7.07695E-5 5.74934E-5 5.58372E-5 2.97554E-5 2.85157E-5 3.93598E-5 5.63118E-5 7.34456E-5 5.60184E-5 1.66887E-4 1.07314E-4 9.31411E-5 8.70802E-5 1.20669E-4 1.48634E-4 1.23877E-4 1.27349E-4 1.36025E-4 1.84552E-4 8.55677E-5 1.17764E-4 5.30501E-5 3.85056E-5 3.83361E-5 2.98059E-5 3.27975E-5 3.77605E-5 6.19469E-5 3.85179E-5 2.83728E-5 3.59586E-5 3.95003E-5 -9999 -9999
1.05952E-4 9.26744E-5 9.10274E-5 8.08372E-5 2.68013E-5 3.06116E-5 7.36167E-5 3.59587E-5 2.79704E-5 2.46328E-5 6.40102E-5 6.04487E-5 5.95809E-5 6.04374E-5 6.87746E-5 5.18561E-5 2.36203E-5 8.19147E-5 3.99146E-4 9.93218E-5 2.77799E-5 4.77673E-5 2.2118E-4 2.27693E-4 3.53863E-4 7.65671E-5 3.17454E-5 5.2703E-5 1.50994E-4 1.3601E-4 3.17562E-4 9.56048E-5 4.92942E-5 2.65033E-5 3.63909E-5 2.46498E-5 3.75007E-5 3.9316E-5 5.32922E-5 5.05988E-5 4.39133E-5 3.09047E-4 3.56403E-4 1.39449E-4 9.80142E-5 1.07355E-4 1.30806E-4 1.26609E-4 7.44108E-5 9.61933E-5 1.06268E-4 8.08047E-5 7.11862E-5 4.33415E-5 4.77153E-5 4.13901E-5 3.32809E-5 2.91889E-5 3.11688E-5 2.51042E-5 4.06956E-5 3.48115E-5 3.33672E-5 -9999 -9999 -9999
9.17947E-5 8.423E-5 8.67028E-5 8.50238E-5 2.75721E-5 4.16759E-5 4.83705E-5 3.00125E-5 2.85606E-5 2.64589E-5 6.50069E-5 6.26102E-5 6.60216E-5 5.9815E-5 7.75467E-5 8.21252E-5 3.04841E-5 2.03904E-4 4.48157E-4 1.33099E-4 5.75278E-5 2.36955E-5 7.16432E-5 1.24559E-4 3.41874E-4 1.72275E-4 5.63563E-5 3.29511E-5 2.50957E-5 8.0376E-5 2.409E-4 1.75891E-4 4.63672E-5 2.30541E-5 2.74603E-5 3.2694E-5 8.98961E-5 9.13868E-5 6.46762E-5 3.93762E-5 1.06239E-4 2.30848E-4 2.41558E-4 1.59465E-4 9.02386E-5 1.03403E-4 1.35117E-4 1.34289E-4 3.19613E-4 4.63003E-4 5.1142E-4 5.30281E-4 9.72459E-5 3.98646E-5 4.03168E-5 5.6828E-5 3.63005E-5 2.84437E-5 3.59626E-5 6.27818E-5 5.79489E-5 3.87274E-5 -9999 -9999 -9999 -9999
1.03333E-4 1.02173E-4 9.69284E-5 8.07287E-5 7.01474E-5 2.61682E-5 2.95865E-5 3.05015E-5 2.97039E-5 3.05843E-5 8.00807E-5 6.46036E-5 6.19388E-5 6.09931E-5 6.23741E-5 2.39468E-5 9.94303E-5 1.78902E-4 7.38435E-5 4.25486E-4 8.08994E-5 2.81929E-5 4.44643E-5 1.59191E-4 2.73818E-4 4.98965E-4 2.72636E-4 6.71252E-5 6.24456E-5 7.03582E-5 3.52016E-4 2.52349E-4 6.78855E-5 2.02489E-5 3.83402E-5 1.05672E-4 4.42635E-5 4.66426E-5 7.02412E-5 9.91144E-5 1.96983E-4 1.69733E-4 1.63927E-4 9.04039E-5 1.04545E-4 2.45541E-4 1.98207E-4 1.94611E-4 1.37488E-4 2.63669E-4 4.77373E-4 2.65894E-4 5.26185E-5 3.92026E-5 4.45789E-5 4.39559E-5 3.16658E-5 3.04887E-5 3.35246E-5 9.97409E-5 4.80956E-5 -9999 -9999 -9999 -9999 -9999
1.24826E-4 1.29901E-4 1.25151E-4 9.83869E-5 8.3048E-5 2.72736E-5 2.83387E-5 2.95061E-5 3.09047E-5 3.93396E-5 8.30874E-5 7.83017E-5 7.70647E-5 6.60891E-5 6.35227E-5 6.4059E-5 2.9065E-5 7.76589E-5 2.34694E-4 2.01676E-4 9.77785E-5 5.58604E-5 3.87433E-5 3.78747E-5 1.35425E-4 2.21673E-4 9.50856E-5 1.2607E-4 3.27132E-5 5.1948E-5 2.94145E-5 4.09175E-5 2.40941E-5 7.71233E-5 3.2444E-4 1.68186E-4 4.25286E-5 4.88621E-5 4.19807E-5 1.4905E-4 1.33473E-4 2.56356E-4 3.26321E-4 1.28029E-4 1.49263E-4 1.78199E-4 2.28487E-4 2.34752E-4 4.57573E-4 4.17585E-4 2.46331E-4 2.2697E-4 6.87873E-5 4.07966E-5 4.06141E-5 4.5025E-5 3.05398E-5 2.84393E-5 3.37329E-5 5.90336E-5 -9999 -9999 -9999 -9999 -9999 -9999
1.21081E-4 1.32848E-4 1.70588E-4 1.2271E-4 9.78458E-5 8.67271E-5 3.03777E-5 3.1E-5 3.10932E-5 7.90516E-5 8.00623E-5 8.3691E-5 8.26707E-5 7.79751E-5 6.75638E-5 6.99768E-5 2.56208E-5 9.48004E-5 2.49573E-4 7.85112E-4 1.25967E-4 1.12673E-4 8.52588E-5 4.45561E-5 1.1038E-4 6.98971E-5 1.29971E-4 1.13532E-4 5.75854E-5 3.53019E-5 2.1038E-5 2.19973E-5 2.6569E-5 5.88264E-5 5.9169E-5 3.46394E-5 5.91381E-5 1.24282E-4 3.38276E-4 1.21579E-4 1.28521E-4 6.02156E-4 3.84421E-4 9.57052E-5 1.26497E-4 1.27966E-4 5.17324E-4 3.23503E-4 1.00243E-3 6.04279E-4 2.55636E-4 9.30314E-5 4.03227E-5 1.18127E-4 7.39102E-5 5.8102E-5 3.42509E-5 3.01974E-5 -9999 -9999 -9999 -9999 -9999 -9999 -9999 -9999
1.27124E-4 1.27487E-4 1.38256E-4 1.37018E-4 1.0971E-4 1.03492E-4 3.36414E-5 3.33597E-5 3.26008E-5 8.15424E-5 8.10505E-5 8.26641E-5 8.05342E-5 8.29902E-5 7.10389E-5 7.45097E-5 3.7901E-5 1.80469E-4 1.12894E-4 3.59995E-4 5.14291E-4 2.44442E-4 1.07148E-4 6.39799E-5 4.42938E-5 7.21927E-5 2.02215E-4 1.44458E-4 2.98934E-4 1.64842E-4 6.39459E-5 2.75543E-5 2.76161E-5 3.67875E-5 4.3171E-5 5.88945E-5 1.72002E-4 3.36091E-4 3.09926E-4 1.4931E-4 3.6967E-4 5.27239E-4 2.96107E-4 2.06369E-4 1.34173E-4 3.53255E-4 1.03865E-3 5.54729E-4 3.84653E-4 2.40299E-4 9.36655E-5 4.13592E-5 4.21893E-5 1.04402E-4 4.24317E-5 5.06331E-5 -9999 -9999 -9999 -9999 -9999 -9999 -9999 -9999 -9999 -9999
1.37468E-4 1.35439E-4 1.32768E-4 1.20536E-4 1.12262E-4 1.10369E-4 3.82658E-5 3.50531E-5 3.32291E-5 8.19326E-5 8.44315E-5 8.17343E-5 9.56523E-5 9.78941E-5 1.15036E-4 8.63669E-5 7.5768E-5 7.94286E-5 2.43949E-4 1.00514E-4 2.30748E-4 2.11017E-4 4.68566E-4 3.8905E-4 6.66234E-5 6.03994E-5 1.79609E-4 3.28318E-4 7.03611E-4 2.4703E-4 6.53531E-5 2.39425E-5 2.70554E-5 2.93051E-5 5.7654E-5 1.11399E-4 9.44359E-5 1.33655E-4 1.87845E-4 3.15016E-4 2.16981E-4 5.66847E-4 1.51336E-4 1.43311E-4 4.76253E-4 8.56647E-4 3.27327E-4 1.53295E-4 9.70768E-5 5.73784E-5 3.85348E-5 4.25454E-5 7.53651E-5 4.80318E-5 3.90172E-5 -9999 -9999 -9999 -9999 -9999 -9999 -9999 -9999 -9999 -9999 -9999
1.59757E-4 1.60218E-4 1.34724E-4 1.29724E-4 1.1886E-4 1.159E-4 1.1311E-4 3.65957E-5 9.12507E-5 8.21443E-5 7.6279E-5 8.00816E-5 8.08596E-5 8.09264E-5 7.84316E-5 7.28245E-5 1.45862E-4 5.66212E-5 1.8208E-4 1.69276E-4 1.29974E-4 8.87359E-5 1.6574E-4 4.56214E-4 2.0234E-4 5.28852E-5 6.51521E-5 3.73376E-4 1.80398E-4 1.56687E-4 7.9206E-5 2.03228E-5 7.69506E-5 3.88063E-5 2.0778E-4 1.26919E-4 1.52932E-4 2.57763E-4 1.62192E-4 3.13387E-4 4.53038E-4 2.08157E-4 1.9074E-4 1.3111E-4 4.88272E-4 5.70168E-4 1.33564E-4 6.43403E-5 3.93615E-5 4.45399E-5 5.75386E-5 4.52849E-5 7.58343E-5 7.77718E-5 -9999 -9999 -9999 -9999 -9999 -9999 -9999 -9999 -9999 -9999 -9999 -9999
1.54102E-4 1.41668E-4 1.36718E-4 1.24913E-4 1.09833E-4 1.07404E-4 1.29402E-4 3.33927E-5 7.88328E-5 7.86075E-5 7.65633E-5 7.70535E-5 7.28974E-5 7.64374E-5 7.17478E-5 6.76942E-5 1.35412E-4 2.90229E-4 1.12231E-4 1.23545E-4 1.5572E-4 9.86698E-5 8.53776E-5 1.42909E-4 2.27936E-4 5.84807E-5 7.85168E-5 4.98715E-5 2.76558E-4 9.4268E-5 9.9535E-5 3.25222E-5 2.07136E-4 7.1269E-5 8.46962E-5 7.37208E-5 1.52382E-4 1.90745E-4 2.9008E-4 2.53849E-4 4.51001E-4 2.24379E-4 2.48264E-4 2.91546E-4 1.51985E-4 1.7122E-4 9.65173E-5 6.45602E-5 5.27579E-5 6.34825E-5 4.30128E-5 9.98525E-5 6.55288E-5 7.92028E-5 -9999 -9999 -9999 -9999 -9999 -9999 -9999 -9999 -9999 -9999 -9999 -9999
1.68693E-4 1.5202E-4 1.38593E-4 1.18527E-4 1.01184E-4 1.01513E-4 1.04616E-4 3.01823E-5 7.39196E-5 7.10208E-5 7.13359E-5 7.05095E-5 7.00424E-5 7.28842E-5 7.24968E-5 7.17571E-5 6.91476E-5 1.03854E-4 9.43697E-5 9.05658E-5 1.01689E-4 9.85451E-5 8.41454E-5 2.91422E-5 5.13324E-5 2.16901E-5 6.09751E-5 6.24795E-5 2.47415E-4 7.53142E-4 1.50401E-4 5.5069E-5 1.13356E-4 1.57631E-4 5.23291E-5 4.93453E-5 6.47559E-5 1.51219E-4 4.35279E-4 3.51721E-4 1.5434E-4 1.97101E-4 1.76657E-4 1.3482E-4 9.40557E-5 7.32353E-5 4.3553E-5 6.86294E-5 8.42708E-5 8.52903E-5 1.0154E-4 4.52494E-4 5.0251E-4 -9999 -9999 -9999 -9999 -9999 -9999 -9999 -9999 -9999 -9999 -9999 -9999 -9999
2.76244E-4 1.74838E-4 1.2636E-4 1.16253E-4 9.74558E-5 9.04626E-5 3.10159E-5 2.77404E-5 7.06734E-5 6.71363E-5 6.62054E-5 6.88821E-5 6.78534E-5 6.95078E-5 7.27709E-5 7.87464E-5 6.69233E-5 7.13849E-5 8.1461E-5 7.05897E-5 9.70921E-5 6.1988E-5 6.23329E-5 2.17358E-5 6.21416E-5 8.07373E-5 2.12832E-4 1.0973E-4 8.13609E-5 6.76098E-5 5.90086E-5 3.14605E-4 4.15368E-4 1.03398E-4 3.38122E-5 8.54744E-5 1.03426E-4 4.00754E-4 2.00597E-4 4.07628E-4 2.33106E-4 2.32922E-4 1.65047E-4 1.17709E-4 1.10035E-4 4.34295E-5 5.89712E-5 1.63868E-4 6.87864E-5 5.2844E-5 -9999 -9999 -9999 -9999 -9999 -9999 -9999 -9999 -9999 -9999 -9999 -9999 -9999 -9999 -9999 -9999
6.62803E-4 2.38397E-4 1.13974E-4 1.23464E-4 1.08661E-4 8.21199E-5 2.69579E-5 6.99777E-5 6.55833E-5 6.67477E-5 6.59952E-5 6.48896E-5 6.49802E-5 6.50423E-5 6.3329E-5 6.78067E-5 6.47702E-5 6.22152E-5 6.45617E-5 6.58732E-5 7.41143E-5 6.95541E-5 6.68943E-5 1.14956E-4 2.0067E-4 9.17258E-5 3.73072E-4 8.58023E-4 3.07587E-4 5.89822E-5 1.24163E-4 1.71963E-4 2.06927E-4 9.64495E-5 7.80407E-5 9.93427E-5 2.48318E-4 2.18284E-4 3.15576E-4 1.44964E-4 1.95667E-4 2.67073E-4 1.8327E-4 4.73764E-5 4.11013E-5 2.0844E-4 1.18551E-4 4.60849E-5 3.48469E-5 -9999 -9999 -9999 -9999 -9999 -9999 -9999 -9999 -9999 -9999 -9999 -9999 -9999 -9999 -9999 -9999 -9999
3.4144E-4 2.0152E-4 1.13004E-4 1.01594E-4 8.95409E-5 7.94626E-5 2.6504E-5 6.52073E-5 6.21242E-5 6.07151E-5 5.99661E-5 5.83781E-5 5.83022E-5 5.95201E-5 6.12242E-5 6.09669E-5 5.88604E-5 5.83053E-5 7.31542E-5 7.18354E-5 8.87535E-5 6.50525E-5 6.3167E-5 8.78294E-5 6.18255E-5 8.69435E-5 4.15073E-4 7.7087E-4 8.43958E-5 1.37648E-4 2.68263E-4 5.88489E-4 1.91672E-4 1.73155E-4 1.19808E-4 1.60362E-4 6.56656E-5 9.72238E-5 1.62852E-4 1.95112E-4 1.68934E-4 8.8383E-5 4.4683E-5 9.33057E-5 7.31098E-5 4.99581E-5 3.58716E-5 -9999 -9999 -9999 -9999 -9999 -9999 -9999 -9999 -9999 -9999 -9999 -9999 -9999 -9999 -9999 -9999 -9999 -9999 -9999
1.51386E-4 1.30066E-4 1.11667E-4 9.43394E-5 8.5167E-5 8.12639E-5 2.77934E-5 6.54606E-5 6.01826E-5 5.74061E-5 5.61343E-5 5.49185E-5 5.40302E-5 5.3922E-5 5.87098E-5 5.98949E-5 5.78258E-5 6.3494E-5 1.56717E-4 1.45305E-4 5.94767E-5 9.85979E-5 1.55225E-4 4.73773E-5 5.79089E-5 1.28068E-4 1.4457E-4 1.57358E-4 1.16634E-4 8.08496E-5 1.56373E-4 1.59197E-4 1.5035E-4 9.82423E-5 1.88832E-4 3.13738E-4 1.31763E-4 1.11221E-4 1.71272E-4 5.18898E-5 1.06631E-4 1.02746E-4 3.84688E-5 7.58508E-5 5.19845E-5 4.98563E-5 -9999 -9999 -9999 -9999 -9999 -9999 -9999 -9999 -9999 -9999 -9999 -9999 -9999 -9999 -9999 -9999 -9999 -9999 -9999 -9999
1.4716E-4 1.38131E-4 1.29898E-4 9.22856E-5 7.97358E-5 7.69837E-5 2.68347E-5 6.34358E-5 5.95476E-5 6.38072E-5 9.00262E-5 7.48007E-5 5.35181E-5 5.3797E-5 5.94344E-5 6.0583E-5 5.89601E-5 7.31446E-5 1.03931E-4 6.67244E-5 6.91582E-5 9.29097E-5 7.66275E-5 3.2224E-5 4.5997E-5 3.63864E-5 5.89161E-5 7.39959E-5 6.63805E-5 4.51596E-5 3.94818E-5 1.25853E-4 2.54837E-4 9.72777E-5 8.11079E-5 8.64866E-5 5.22133E-5 2.79698E-4 9.94138E-5 9.44174E-5 3.13104E-5 5.01054E-5 3.71588E-5 3.77114E-5 -9999 -9999 -9999 -9999 -9999 -9999 -9999 -9999 -9999 -9999 -9999 -9999 -9999 -9999 -9999 -9999 -9999 -9999 -9999 -9999 -9999 -9999
1.53606E-4 1.55049E-4 1.4276E-4 8.41632E-5 6.81267E-5 2.37579E-5 6.06229E-5 6.46605E-5 5.73382E-5 5.98004E-5 5.88292E-5 8.85185E-5 5.63441E-5 5.55018E-5 5.9392E-5 6.42746E-5 7.03887E-5 6.20905E-5 5.99036E-5 6.26452E-5 6.85963E-5 6.74695E-5 6.69014E-5 2.92195E-5 3.0446E-5 4.58287E-5 5.11509E-5 5.56886E-5 3.04862E-5 3.10148E-5 3.26673E-5 3.66359E-5 3.42819E-5 3.6077E-5 3.74014E-5 3.55202E-5 4.09256E-5 5.36135E-5 3.82482E-5 6.82188E-5 9.13191E-5 9.75611E-5 1.28018E-4 -9999 -9999 -9999 -9999 -9999 -9999 -9999 -9999 -9999 -9999 -9999 -9999 -9999 -9999 -9999 -9999 -9999 -9999 -9999 -9999 -9999 -9999 -9999
1.60999E-4 1.50471E-4 1.24573E-4 8.27105E-5 6.4452E-5 2.16156E-5 7.1965E-5 8.06594E-5 5.97138E-5 5.03649E-5 5.20237E-5 6.78033E-5 5.40618E-5 5.66198E-5 6.31188E-5 7.2419E-5 6.186E-5 6.17539E-5 5.88024E-5 5.56757E-5 5.81381E-5 6.49788E-5 3.18472E-5 2.87121E-5 2.80488E-5 2.74501E-5 2.85245E-5 5.11515E-5 3.26743E-5 2.96483E-5 3.45414E-5 3.52254E-5 3.34985E-5 3.16392E-5 4.77717E-5 1.17615E-4 9.09447E-5 4.26611E-5 4.44892E-5 6.5995E-5 1.33394E-4 3.19753E-4 -9999 -9999 -9999 -9999 -9999 -9999 -9999 -9999 -9999 -9999 -9999 -9999 -9999 -9999 -9999 -9999 -9999 -9999 -9999 -9999 -9999 -9999 -9999 -9999
1.60854E-4 1.31743E-4 1.0058E-4 7.66028E-5 6.37421E-5 2.18911E-5 5.46808E-5 5.37891E-5 5.62118E-5 4.93079E-5 5.39898E-5 6.50395E-5 6.21022E-5 6.55488E-5 6.91877E-5 7.22422E-5 6.15283E-5 6.13154E-5 6.05719E-5 5.67302E-5 2.95978E-5 2.77028E-5 3.06222E-5 2.78481E-5 3.01385E-5 2.72155E-5 2.63199E-5 2.97075E-5 2.9847E-5 3.20722E-5 3.14142E-5 3.50323E-5 3.20908E-5 4.54686E-5 5.06834E-5 2.64375E-4 1.4E-4 6.30697E-5 5.99142E-5 2.16545E-4 6.76157E-4 -9999 -9999 -9999 -9999 -9999 -9999 -9999 -9999 -9999 -9999 -9999 -9999 -9999 -9999 -9999 -9999 -9999 -9999 -9999 -9999 -9999 -9999 -9999 -9999 -9999
1.19283E-4 9.40725E-5 8.46698E-5 7.47066E-5 2.19394E-5 5.95171E-5 5.61646E-5 5.14729E-5 5.36784E-5 6.15708E-5 8.53851E-5 9.06586E-5 6.07941E-5 6.65875E-5 6.80023E-5 5.37941E-5 2.45947E-5 2.6477E-5 2.94385E-5 3.00047E-5 2.8456E-5 2.63207E-5 3.17108E-5 2.641E-5 4.76678E-5 3.63866E-5 2.8922E-5 3.45186E-5 4.52715E-5 2.98081E-5 2.98484E-5 3.37231E-5 3.72091E-5 6.10641E-5 8.82707E-5 6.31429E-5 1.55322E-4 2.29503E-4 2.53893E-4 3.30815E-4 3.15559E-4 -9999 -9999 -9999 -9999 -9999 -9999 -9999 -9999 -9999 -9999 -9999 -9999 -9999 -9999 -9999 -9999 -9999 -9999 -9999 -9999 -9999 -9999 -9999 -9999 -9999
1.03026E-4 8.46228E-5 7.86086E-5 7.32673E-5 2.36534E-5 6.06765E-5 5.59762E-5 5.59934E-5 5.91397E-5 6.14563E-5 7.554E-5 5.73814E-5 5.44461E-5 2.3944E-5 2.27263E-5 2.22898E-5 2.26127E-5 2.40391E-5 2.87979E-5 3.32062E-5 2.77799E-5 3.51694E-5 5.1549E-5 2.72441E-5 4.63094E-5 4.02404E-5 3.0407E-5 2.93256E-5 3.51166E-5 4.15466E-5 8.2848E-5 7.67127E-5 8.33409E-5 1.00292E-4 1.79292E-4 9.61278E-5 9.34998E-5 1.56554E-4 2.37413E-4 2.52482E-4 2.55316E-4 1.94979E-4 -9999 -9999 -9999 -9999 -9999 -9999 -9999 -9999 -9999 -9999 -9999 -9999 -9999 -9999 -9999 -9999 -9999 -9999 -9999 -9999 -9999 -9999 -9999 -9999
1.05506E-4 8.64913E-5 7.04314E-5 7.02235E-5 2.40459E-5 6.09215E-5 6.11857E-5 6.10061E-5 5.90695E-5 2.39335E-5 2.28896E-5 2.20825E-5 2.26721E-5 2.35021E-5 2.08099E-5 2.19107E-5 3.88688E-5 2.54004E-5 2.96729E-5 2.56602E-5 4.56408E-5 8.65986E-5 4.1843E-5 5.07357E-5 3.11562E-5 3.07471E-5 3.73828E-5 3.42649E-5 1.98039E-4 2.97452E-4 2.36436E-4 1.67308E-4 1.26258E-4 1.38341E-4 1.92721E-4 1.92853E-4 1.43958E-4 1.57346E-4 1.64435E-4 1.98717E-4 1.79329E-4 2.36794E-4 -9999 -9999 -9999 -9999 -9999 -9999 -9999 -9999 -9999 -9999 -9999 -9999 -9999 -9999 -9999 -9999 -9999 -9999 -9999 -9999 -9999 -9999 -9999 -9999
1.09548E-4 9.48681E-5 7.52871E-5 6.63486E-5 2.49508E-5 6.03628E-5 3.3859E-5 3.38232E-5 2.64797E-5 2.17797E-5 2.36792E-5 2.42754E-5 2.56923E-5 2.52652E-5 2.25751E-5 2.52299E-5 4.0431E-5 2.37343E-5 2.46426E-5 3.81862E-5 4.2853E-5 4.64499E-5 3.6884E-5 6.34086E-5 3.35845E-5 3.20456E-5 3.69759E-5 1.03939E-4 2.68361E-4 4.53665E-4 2.19197E-4 2.2361E-4 1.60401E-4 1.5947E-4 1.68462E-4 2.00551E-4 2.12552E-4 1.56568E-4 5.36444E-4 1.82249E-4 2.40033E-4 2.89702E-4 -9999 -9999 -9999 -9999 -9999 -9999 -9999 -9999 -9999 -9999 -9999 -9999 -9999 -9999 -9999 -9999 -9999 -9999 -9999 -9999 -9999 -9999 -9999 -9999
1.07809E-4 9.82775E-5 8.68636E-5 8.53057E-5 3.75247E-5 3.90387E-5 3.84891E-5 3.69966E-5 3.56308E-5 3.04328E-5 2.9069E-5 2.80182E-5 2.62784E-5 3.25495E-5 3.0472E-5 2.77954E-5 3.3927E-5 3.1901E-5 2.84411E-5 4.26852E-5 2.43763E-5 2.80909E-5 3.33687E-4 3.78731E-4 4.53977E-5 5.52888E-5 1.13594E-4 1.86449E-4 1.97069E-4 1.86478E-4 1.81981E-4 2.16174E-4 2.05156E-4 2.89387E-4 3.20579E-4 3.02718E-4 2.12437E-4 1.57196E-4 1.64687E-4 2.26873E-4 2.589E-4 -9999 -9999 -9999 -9999 -9999 -9999 -9999 -9999 -9999 -9999 -9999 -9999 -9999 -9999 -9999 -9999 -9999 -9999 -9999 -9999 -9999 -9999 -9999 -9999 -9999
1.13616E-4 1.15464E-4 3.64402E-5 3.06187E-5 9.70624E-5 4.13944E-5 4.16874E-5 3.56584E-5 3.10101E-5 2.62905E-5 2.79108E-5 3.0477E-5 3.18922E-5 3.79235E-5 3.50169E-5 3.50553E-5 3.82088E-5 4.10763E-5 4.84088E-5 4.32363E-5 2.52964E-5 4.61029E-5 3.8612E-5 5.37498E-5 5.621E-5 1.23162E-4 1.6705E-4 4.70764E-4 1.91963E-4 2.21239E-4 2.31096E-4 1.96903E-4 3.66337E-4 3.01975E-4 2.72569E-4 1.55802E-4 1.38507E-4 1.91198E-4 -9999 -9999 -9999 -9999 -9999 -9999 -9999 -9999 -9999 -9999 -9999 -9999 -9999 -9999 -9999 -9999 -9999 -9999 -9999 -9999 -9999 -9999 -9999 -9999 -9999 -9999 -9999 -9999
