catData/rasterBestHybridModels/Fchaus/RD_RM2_autofeature/Fchaus_min.asc
ncols         409
nrows         350
xllcorner     60.897278365
yllcorner     5.843756025
cellsize      0.0892857
NODATA_value  -9999
[rows 87 to 115 of 350, columns 330 to 395 of 409]
-9999 -9999 -9999 -9999 -9999 -9999 -9999 -9999 -9999 -9999 -9999 -9999 -9999 -9999 -9999 -9999 -9999 -9999 -9999 -9999 -9999 -9999 -9999 -9999 -9999 -9999 -9999 -9999 -9999 -9999 -9999 -9999 -9999 -9999 -9999 -9999 -9999 -9999 -9999 -9999 -9999 -9999 -9999 -9999 -9999 -9999 -9999 1.28012E-6 1.14702E-6 -9999 -9999 -9999 -9999 -9999 -9999 -9999 -9999 -9999 -9999 -9999 3.05956E-6 1.72743E-6 1.624E-6 9.8322E-7 1.75496E-6 -9999
-9999 -9999 -9999 -9999 -9999 -9999 -9999 -9999 -9999 -9999 -9999 -9999 -9999 -9999 -9999 -9999 -9999 -9999 -9999 -9999 -9999 -9999 -9999 -9999 -9999 -9999 -9999 -9999 -9999 -9999 -9999 -9999 -9999 -9999 -9999 -9999 -9999 -9999 -9999 -9999 -9999 -9999 -9999 -9999 -9999 2.63507E-6 1.34528E-6 1.71456E-6 3.73375E-6 4.01496E-6 -9999 -9999 -9999 -9999 -9999 -9999 -9999 -9999 8.49168E-6 2.50814E-6 2.4787E-6 3.94993E-6 3.62858E-6 2.15804E-6 1.98917E-6 3.48792E-6
-9999 -9999 -9999 -9999 -9999 -9999 -9999 -9999 -9999 -9999 -9999 -9999 -9999 -9999 -9999 -9999 -9999 -9999 -9999 -9999 -9999 -9999 -9999 -9999 -9999 -9999 -9999 -9999 -9999 -9999 -9999 -9999 -9999 -9999 -9999 -9999 -9999 -9999 -9999 -9999 -9999 -9999 -9999 2.43986E-6 2.36239E-6 5.41866E-6 5.9919E-6 4.4868E-6 5.93285E-6 7.96471E-6 7.65507E-6 6.6619E-6 7.32581E-6 5.59608E-6 -9999 -9999 -9999 3.65153E-6 3.39059E-6 5.9812E-6 5.86904E-6 3.80935E-6 3.54406E-6 3.19899E-6 2.90891E-6 -9999
-9999 -9999 -9999 -9999 -9999 -9999 -9999 -9999 -9999 -9999 -9999 -9999 -9999 -9999 -9999 -9999 -9999 -9999 -9999 -9999 -9999 -9999 -9999 -9999 -9999 -9999 -9999 -9999 -9999 -9999 -9999 -9999 -9999 -9999 -9999 -9999 -9999 -9999 -9999 -9999 -9999 -9999 3.05151E-6 2.99994E-6 2.33877E-6 6.06087E-6 8.10417E-6 7.08414E-6 8.9158E-6 1.03655E-5 8.4761E-6 8.94399E-6 1.03891E-5 1.0462E-5 5.86191E-6 5.58266E-6 -9999 6.45325E-6 5.86589E-6 8.11096E-6 8.29365E-6 7.39796E-6 7.10232E-6 6.04909E-6 2.63918E-6 -9999
-9999 -9999 -9999 -9999 -9999 -9999 -9999 -9999 -9999 -9999 -9999 -9999 -9999 -9999 -9999 -9999 -9999 -9999 -9999 -9999 -9999 -9999 -9999 -9999 -9999 -9999 -9999 -9999 -9999 -9999 -9999 -9999 -9999 -9999 -9999 -9999 -9999 -9999 -9999 -9999 -9999 -9999 5.8243E-6 6.70067E-6 5.92212E-6 5.9276E-6 9.41003E-6 1.08745E-5 1.42265E-5 9.60847E-6 9.12304E-6 1.15482E-5 1.24977E-5 1.1267E-5 6.89476E-6 3.61942E-6 5.02785E-6 9.60339E-6 7.78784E-6 9.04651E-6 6.63189E-6 6.30068E-6 1.31211E-5 7.19299E-6 3.89758E-6 -9999
-9999 -9999 -9999 -9999 -9999 -9999 -9999 -9999 -9999 -9999 -9999 -9999 -9999 -9999 -9999 -9999 -9999 -9999 -9999 -9999 -9999 -9999 -9999 -9999 -9999 -9999 -9999 -9999 -9999 -9999 -9999 -9999 -9999 -9999 -9999 -9999 -9999 -9999 -9999 -9999 -9999 3.27268E-6 7.48288E-6 1.10075E-5 8.6344E-6 5.78842E-6 9.40094E-6 1.22908E-5 1.22549E-5 9.09899E-6 1.11146E-5 1.35533E-5 1.15449E-5 8.97474E-6 1.11807E-5 7.6127E-6 7.92082E-6 1.09274E-5 1.04833E-5 1.76871E-5 1.18594E-5 1.40379E-5 1.5974E-5 7.87002E-6 2.7794E-6 3.66382E-6
-9999 -9999 -9999 -9999 -9999 -9999 -9999 -9999 -9999 -9999 -9999 -9999 -9999 -9999 -9999 -9999 -9999 -9999 -9999 -9999 -9999 -9999 -9999 -9999 -9999 -9999 -9999 -9999 -9999 -9999 -9999 -9999 -9999 -9999 -9999 -9999 -9999 -9999 -9999 -9999 -9999 4.40492E-6 6.31683E-6 1.29992E-5 1.17695E-5 7.31102E-6 7.81641E-6 1.24569E-5 1.30617E-5 1.05606E-5 7.57142E-6 1.00151E-5 1.3448E-5 1.50529E-5 1.17075E-5 9.60556E-6 7.96591E-6 1.75853E-5 2.04022E-5 1.98287E-5 2.0254E-5 1.61904E-5 1.21016E-5 9.41284E-6 8.24425E-6 6.60969E-6
-9999 -9999 -9999 -9999 -9999 -9999 -9999 -9999 -9999 -9999 -9999 -9999 -9999 -9999 -9999 -9999 -9999 -9999 -9999 -9999 -9999 -9999 -9999 -9999 -9999 -9999 -9999 -9999 -9999 -9999 -9999 -9999 -9999 -9999 1.39906E-6 1.45797E-6 4.17872E-6 2.71646E-6 3.34069E-6 3.48124E-6 8.96225E-6 1.23034E-5 9.57148E-6 1.01075E-5 1.31078E-5 9.74962E-6 9.96254E-6 1.30299E-5 1.33215E-5 1.27437E-5 1.54185E-5 1.60708E-5 1.79631E-5 1.36858E-5 1.20127E-5 1.44279E-5 1.66763E-5 1.97053E-5 2.06364E-5 2.26252E-5 2.35151E-5 2.19082E-5 2.44266E-5 2.29331E-5 1.18437E-5 7.04826E-6
-9999 -9999 -9999 -9999 -9999 -9999 -9999 -9999 -9999 -9999 -9999 -9999 -9999 -9999 -9999 -9999 -9999 -9999 -9999 -9999 -9999 -9999 -9999 -9999 -9999 -9999 -9999 -9999 -9999 -9999 -9999 -9999 -9999 1.64009E-6 2.88243E-6 1.36956E-6 6.24179E-6 6.21545E-6 6.57593E-6 3.59732E-6 7.29513E-6 1.10654E-5 1.19543E-5 1.24015E-5 1.32721E-5 1.29108E-5 1.28697E-5 1.05779E-5 9.02075E-6 9.67773E-6 1.69861E-5 1.7673E-5 1.7707E-5 1.20552E-5 1.53178E-5 1.68916E-5 2.17645E-5 2.49498E-5 1.58499E-5 1.49728E-5 1.39563E-5 1.42203E-5 2.22162E-5 1.00621E-5 6.9909E-6 6.32897E-6
-9999 -9999 -9999 -9999 -9999 -9999 -9999 -9999 -9999 -9999 -9999 -9999 -9999 -9999 -9999 -9999 -9999 -9999 -9999 -9999 -9999 -9999 -9999 -9999 -9999 -9999 -9999 -9999 -9999 -9999 -9999 -9999 3.21162E-6 6.85378E-6 1.02152E-5 2.83704E-6 6.14198E-6 1.07677E-5 1.21803E-5 9.43195E-6 9.96323E-6 1.36717E-5 1.06595E-5 9.49319E-6 1.1778E-5 1.45848E-5 1.07264E-5 7.4438E-6 7.94124E-6 1.08909E-5 1.72839E-5 1.90387E-5 2.89228E-5 1.2474E-5 2.37267E-5 3.2608E-5 2.78884E-5 1.64661E-5 2.71164E-5 2.61218E-5 1.35338E-5 1.39003E-5 2.40646E-5 1.16441E-5 6.58718E-6 9.25302E-6
-9999 -9999 -9999 -9999 -9999 -9999 -9999 -9999 -9999 -9999 -9999 -9999 -9999 -9999 -9999 -9999 -9999 -9999 -9999 -9999 -9999 -9999 -9999 -9999 -9999 -9999 -9999 -9999 -9999 -9999 -9999 -9999 4.34811E-6 6.40738E-6 1.22466E-5 1.04992E-5 1.1657E-5 1.21316E-5 1.34097E-5 1.30084E-5 1.3668E-5 1.542E-5 1.29288E-5 1.08441E-5 7.34221E-6 1.17481E-5 1.86299E-5 1.72365E-5 2.26577E-5 1.14645E-5 9.58356E-6 9.87467E-6 1.27816E-5 2.33141E-5 2.15864E-5 1.8918E-5 1.76364E-5 1.79281E-5 1.72614E-5 1.68878E-5 2.4941E-5 2.14652E-5 1.67896E-5 2.33669E-5 2.09339E-5 1.15618E-5
-9999 -9999 -9999 -9999 -9999 -9999 -9999 -9999 -9999 -9999 -9999 -9999 -9999 -9999 -9999 -9999 -9999 -9999 -9999 -9999 -9999 -9999 -9999 -9999 -9999 -9999 -9999 -9999 -9999 -9999 2.23265E-6 4.90449E-6 5.41576E-6 5.25254E-6 4.42575E-6 6.91318E-6 1.09275E-5 1.06119E-5 1.14714E-5 1.28276E-5 1.36841E-5 1.34699E-5 1.55987E-5 1.52432E-5 1.48092E-5 1.3542E-5 1.27331E-5 1.68954E-5 1.91091E-5 1.20994E-5 1.15684E-5 2.37312E-5 1.30651E-5 1.92173E-5 1.87939E-5 1.98821E-5 2.0195E-5 1.16342E-5 1.70272E-5 1.45654E-5 4.87544E-5 5.42059E-5 3.36817E-5 1.44439E-5 1.61574E-5 1.99345E-5
8.16149E-9 -9999 -9999 -9999 -9999 -9999 -9999 -9999 -9999 -9999 -9999 -9999 -9999 -9999 -9999 -9999 -9999 -9999 -9999 -9999 -9999 -9999 -9999 -9999 -9999 -9999 -9999 -9999 -9999 2.88454E-6 7.62917E-6 1.29173E-5 1.20871E-5 1.11972E-5 1.08627E-5 1.14936E-5 1.2401E-5 1.33881E-5 1.32413E-5 1.46926E-5 1.46549E-5 1.62412E-5 1.32668E-5 1.76294E-5 1.62704E-5 1.68867E-5 1.4862E-5 1.1372E-5 2.23043E-5 2.82723E-5 1.83966E-5 1.21959E-5 1.74487E-5 1.84936E-5 1.67412E-5 1.13471E-5 1.18736E-5 1.03375E-5 1.07658E-5 1.34179E-5 2.95271E-5 5.6544E-5 4.44609E-5 2.31808E-5 4.79517E-5 1.60817E-5
1.51045E-8 -9999 -9999 -9999 -9999 -9999 -9999 -9999 -9999 -9999 -9999 -9999 -9999 -9999 -9999 -9999 -9999 -9999 -9999 -9999 -9999 -9999 -9999 -9999 -9999 -9999 1.15325E-7 5.26769E-7 5.49708E-7 1.46543E-6 6.65014E-6 1.27805E-5 1.17026E-5 1.28672E-5 1.33002E-5 1.14952E-5 1.24477E-5 1.38221E-5 1.40187E-5 1.52682E-5 1.60921E-5 1.26253E-5 1.41463E-5 2.02617E-5 2.27321E-5 1.78579E-5 1.54856E-5 1.58228E-5 3.83196E-5 2.77802E-5 3.23959E-5 1.24581E-5 1.61905E-5 8.9294E-6 3.79377E-5 1.3594E-5 7.0082E-6 6.52148E-6 8.96884E-6 1.28192E-5 1.69183E-5 2.51219E-5 1.79591E-5 1.46641E-5 5.62025E-5 6.1408E-5
5.95059E-8 9.73902E-8 7.05388E-8 8.23807E-8 4.93741E-8 -9999 -9999 -9999 -9999 -9999 2.39544E-7 2.23074E-7 -9999 -9999 -9999 -9999 -9999 -9999 -9999 -9999 -9999 -9999 -9999 -9999 -9999 -9999 -9999 9.94283E-7 4.2369E-6 6.22178E-6 9.07963E-6 1.12176E-5 1.21711E-5 1.30199E-5 1.29769E-5 1.41679E-5 1.09494E-5 1.30164E-5 1.4426E-5 1.61302E-5 1.51993E-5 2.09E-5 3.59718E-5 1.67589E-5 1.7009E-5 1.46629E-5 1.8433E-5 2.15049E-5 3.17288E-5 2.23203E-5 1.8581E-5 9.13175E-6 1.01112E-5 1.13693E-5 3.24801E-5 2.27226E-5 1.70301E-5 5.83404E-6 8.12215E-6 2.42376E-5 2.772E-5 3.23743E-5 1.60069E-5 1.25417E-5 1.88362E-5 2.51715E-5
1.21214E-7 1.89741E-7 -9999 2.67062E-7 2.25783E-7 3.80987E-7 6.79239E-7 2.39769E-6 4.76364E-6 1.70327E-6 9.61764E-7 1.3659E-6 4.76758E-7 -9999 -9999 -9999 -9999 -9999 -9999 -9999 -9999 -9999 -9999 -9999 -9999 -9999 -9999 1.73025E-6 6.14908E-6 1.16884E-5 1.42683E-5 1.61663E-5 1.42888E-5 2.14815E-5 1.52769E-5 1.37554E-5 1.57062E-5 1.59081E-5 1.54026E-5 1.53711E-5 1.70008E-5 5.03775E-5 4.09817E-5 1.84291E-5 1.43435E-5 1.22204E-5 1.45663E-5 2.57241E-5 2.99701E-5 2.8004E-5 1.4019E-5 7.04953E-6 7.13945E-6 9.02995E-6 7.11812E-6 1.93217E-5 2.84066E-5 1.50367E-5 2.11342E-5 4.73063E-5 4.68025E-5 2.80001E-5 2.89609E-5 2.24132E-5 1.42801E-5 1.47957E-5
4.11605E-7 5.897E-7 5.1956E-7 6.84798E-7 6.20407E-7 7.78222E-7 1.7833E-6 7.00322E-6 6.16335E-6 3.09185E-6 2.92624E-6 2.35515E-6 3.58896E-6 1.35403E-6 -9999 -9999 -9999 -9999 -9999 -9999 -9999 -9999 -9999 -9999 -9999 6.82865E-7 3.43906E-6 6.64759E-6 8.93364E-6 1.15042E-5 1.19386E-5 1.18931E-5 1.73674E-5 1.90475E-5 2.03108E-5 2.41355E-5 2.36334E-5 1.74908E-5 1.78026E-5 1.61297E-5 1.38244E-5 3.14696E-5 1.89208E-5 1.36785E-5 1.23856E-5 1.27117E-5 1.37283E-5 1.45576E-5 1.32318E-5 1.39133E-5 6.81606E-6 7.67961E-6 8.70838E-6 2.22669E-5 3.31353E-5 3.11828E-5 2.988E-5 4.71826E-5 4.77312E-5 2.75529E-5 7.07734E-5 2.64985E-5 7.28235E-6 2.25889E-5 1.1724E-5 7.53919E-6
1.36125E-6 2.19279E-6 1.18691E-6 1.94163E-6 1.73395E-6 1.7006E-6 3.07588E-6 9.91536E-6 8.38311E-6 9.93327E-6 1.17799E-5 9.27541E-6 1.25057E-5 4.42113E-6 4.45959E-6 5.35042E-6 -9999 -9999 -9999 8.91705E-7 5.89934E-7 2.42378E-7 -9999 1.97059E-7 5.62895E-6 7.33575E-6 9.43555E-6 1.24645E-5 1.31309E-5 1.86299E-5 1.5657E-5 1.52909E-5 1.89774E-5 2.12767E-5 3.09325E-5 2.33044E-5 1.91183E-5 1.88655E-5 2.06337E-5 1.60535E-5 1.83141E-5 3.06339E-5 1.59634E-5 1.42409E-5 1.41344E-5 1.31534E-5 1.29935E-5 1.33198E-5 1.69395E-5 1.25949E-5 1.01638E-5 3.31622E-5 3.44016E-5 3.08655E-5 3.05589E-5 3.047E-5 4.25764E-5 2.46615E-5 2.5879E-5 7.46353E-5 2.65643E-5 1.85629E-5 2.83829E-5 1.46911E-5 1.4908E-5 1.82256E-5
5.6594E-6 8.10643E-6 4.5291E-6 6.5072E-6 4.87904E-6 5.80724E-6 4.42093E-6 8.13057E-6 1.13121E-5 8.40312E-6 1.10088E-5 1.15656E-5 1.3037E-5 1.70528E-5 1.06295E-5 6.53867E-6 3.85029E-6 4.41182E-6 4.28088E-6 2.40389E-6 1.21291E-6 9.93399E-7 4.32188E-7 1.85908E-6 8.11898E-6 2.21622E-5 2.69618E-5 1.27221E-5 1.34436E-5 2.48705E-5 2.71801E-5 1.65931E-5 1.56897E-5 1.66827E-5 1.72637E-5 1.82785E-5 2.91792E-5 2.26414E-5 2.35632E-5 4.43236E-5 1.78979E-5 1.7675E-5 1.43761E-5 1.15371E-5 1.0841E-5 9.97105E-6 1.04524E-5 1.17688E-5 2.66541E-5 3.00183E-5 2.48586E-5 2.08916E-5 2.05103E-5 2.99724E-5 3.0064E-5 2.73981E-5 2.9061E-5 3.47626E-5 9.99533E-5 3.5166E-5 2.82534E-5 2.97094E-5 3.745E-5 1.74538E-5 1.52683E-5 1.371E-5
1.39541E-5 1.25685E-5 7.12909E-6 7.48931E-6 8.62531E-6 7.82692E-6 6.25848E-6 1.04359E-5 3.37962E-5 2.08085E-5 1.93334E-5 2.0422E-5 2.36691E-5 2.74378E-5 1.65893E-5 1.82399E-5 1.9806E-5 1.90761E-5 7.52779E-6 2.74785E-6 1.91628E-6 5.21186E-6 3.93101E-6 9.54139E-6 1.13503E-5 1.43601E-5 1.44382E-5 1.62766E-5 1.57244E-5 4.55043E-5 1.97245E-5 1.58049E-5 1.33659E-5 1.28281E-5 1.51356E-5 1.69084E-5 2.28445E-5 2.40354E-5 5.10435E-5 7.42481E-5 4.79646E-5 1.55047E-5 1.14979E-5 4.35287E-5 2.82842E-5 3.94087E-5 2.12891E-5 2.45321E-5 2.61591E-5 2.57455E-5 2.46254E-5 2.58956E-5 2.36811E-5 2.41256E-5 3.17505E-5 3.52955E-5 5.32468E-5 3.50776E-5 2.89562E-5 3.21211E-5 6.58119E-5 3.38853E-5 3.15553E-5 2.88456E-5 2.96361E-5 3.10651E-5
2.32811E-5 4.21798E-5 1.19902E-5 7.03935E-6 9.47908E-6 1.26558E-5 1.1817E-5 1.8528E-5 4.35284E-5 2.11968E-5 2.16048E-5 5.25344E-5 6.14936E-5 6.23019E-5 7.32683E-5 2.40631E-5 2.23111E-5 1.01065E-5 5.38234E-6 5.62302E-6 1.10967E-5 1.54301E-5 1.23857E-5 1.48339E-5 1.55414E-5 1.42626E-5 1.06531E-5 9.81425E-6 1.47886E-5 5.70644E-5 1.23258E-5 1.28743E-5 1.14658E-5 1.21358E-5 1.53167E-5 1.65631E-5 1.56503E-5 4.63378E-5 4.17142E-5 6.28198E-5 1.94052E-5 1.33039E-5 1.39144E-5 4.30262E-5 2.58668E-5 2.56501E-5 2.66166E-5 2.62546E-5 2.55179E-5 2.2786E-5 3.64065E-5 3.97479E-5 3.11687E-5 4.90359E-5 4.85612E-5 3.32258E-5 9.09083E-5 2.85118E-5 2.8404E-5 2.57838E-5 2.85994E-5 5.67113E-5 3.88096E-5 2.58373E-5 2.85228E-5 2.20673E-5
4.34308E-5 4.82377E-5 2.85412E-5 2.9031E-5 6.50731E-6 1.0081E-5 8.972E-6 1.30683E-5 5.61583E-5 2.65408E-5 2.78307E-5 3.10466E-5 3.15922E-5 3.65074E-5 4.69934E-5 4.50363E-5 4.29543E-5 1.42669E-5 8.62631E-6 9.32787E-6 1.97004E-5 5.89391E-5 3.78146E-5 3.37494E-5 2.12482E-5 2.08577E-5 1.13537E-5 1.6448E-5 2.24328E-5 5.76009E-5 3.31039E-5 2.21865E-5 2.35353E-5 2.43467E-5 1.75363E-5 1.10158E-5 1.45642E-5 4.55187E-5 3.09708E-5 2.15188E-5 1.60346E-5 2.42096E-5 4.14205E-5 2.63236E-5 2.47474E-5 2.5129E-5 2.69328E-5 2.69365E-5 2.30398E-5 2.56049E-5 2.55046E-5 3.21368E-5 6.90233E-5 5.65788E-5 8.63602E-5 2.89813E-5 2.90361E-5 2.96192E-5 2.75021E-5 2.69482E-5 2.3999E-5 6.12631E-5 3.37564E-5 2.96437E-5 2.05193E-5 1.023E-5
2.94186E-5 2.43439E-5 3.10638E-5 2.15056E-5 3.0787E-5 3.16789E-5 3.87404E-5 2.65113E-5 2.17944E-5 4.13807E-5 4.75034E-5 6.19506E-5 4.64029E-5 6.59292E-5 4.0814E-5 3.80755E-5 1.65088E-5 9.23089E-6 7.55403E-6 2.27357E-5 1.99928E-5 2.28939E-5 4.99447E-5 7.23928E-5 9.38551E-5 2.76521E-5 1.97436E-5 3.93244E-5 5.0685E-5 1.08839E-4 8.52493E-5 3.15122E-5 1.89857E-5 1.82376E-5 2.23861E-5 2.49755E-5 1.93178E-5 2.05631E-5 1.35104E-5 8.80363E-6 6.43153E-5 2.82688E-5 2.07346E-5 2.06059E-5 2.19241E-5 2.26899E-5 2.3509E-5 2.27029E-5 1.92637E-5 2.89284E-5 4.35858E-5 2.68498E-5 3.9873E-5 1.01624E-4 3.52549E-5 4.02E-5 3.22908E-5 2.42022E-5 2.59636E-5 2.52175E-5 3.93157E-5 3.63153E-5 2.86002E-5 1.92094E-5 1.44416E-5 1.07224E-5
1.8795E-5 2.47593E-5 8.20454E-5 3.02782E-5 2.54668E-5 2.25922E-5 4.74624E-5 3.2217E-5 3.49163E-5 1.87582E-4 2.78335E-4 1.99902E-4 2.19149E-4 7.36827E-5 6.32239E-5 8.03222E-5 7.27507E-5 8.17655E-5 2.89496E-5 3.2032E-5 5.4857E-5 1.23523E-4 1.12876E-4 7.38862E-5 3.04824E-5 3.04042E-5 1.70165E-5 1.70699E-5 2.23688E-5 1.92942E-5 1.183E-5 1.22847E-5 1.8432E-5 2.08078E-5 2.42195E-5 2.94598E-5 1.81913E-5 1.37418E-5 4.56933E-5 4.18947E-5 3.75283E-5 2.45235E-5 2.09219E-5 2.10605E-5 2.14315E-5 2.04938E-5 2.0531E-5 1.92063E-5 2.88311E-5 4.7988E-5 3.2219E-5 3.23831E-5 8.75484E-5 3.27674E-5 3.36552E-5 3.44927E-5 3.28658E-5 6.44478E-5 4.37848E-5 4.49589E-5 2.18086E-5 1.6255E-5 1.20082E-5 1.42622E-5 -9999 -9999
6.89002E-5 7.56746E-5 8.36257E-5 8.33372E-5 2.57806E-5 2.66718E-5 3.5731E-5 3.68693E-5 4.24815E-5 1.63183E-4 1.8175E-4 1.8962E-4 2.50395E-4 2.4826E-4 4.50919E-5 3.43608E-5 4.04769E-5 6.54812E-5 6.1419E-5 5.27915E-5 4.77884E-5 7.53135E-5 8.58859E-5 4.21862E-5 3.40487E-5 1.44542E-5 1.35926E-5 1.38623E-5 1.48276E-5 8.47764E-6 1.02661E-5 1.15849E-5 1.21542E-5 1.10317E-5 1.3083E-5 3.77448E-5 4.60586E-5 4.99572E-5 4.40643E-5 3.33084E-5 2.68035E-5 2.43898E-5 2.39589E-5 2.27435E-5 2.02947E-5 2.03577E-5 2.76184E-5 3.0753E-5 3.23666E-5 3.21341E-5 9.48015E-5 9.67498E-5 3.27163E-5 3.23934E-5 3.20431E-5 2.80894E-5 7.71795E-5 4.38897E-5 2.51881E-5 2.22536E-5 2.18463E-5 2.36482E-5 1.62438E-5 -9999 -9999 -9999
2.70691E-4 1.14295E-4 1.65165E-4 8.32444E-5 7.30356E-5 2.59863E-5 2.74736E-5 3.89383E-5 3.90943E-5 5.82198E-5 4.99533E-5 5.39358E-5 4.65144E-5 8.05048E-5 5.01561E-5 3.90418E-5 3.75248E-5 5.40661E-5 1.52848E-4 6.44288E-5 3.03267E-5 3.61907E-5 4.76548E-5 3.38121E-5 1.7136E-5 4.72453E-5 4.8614E-5 1.1862E-5 7.10002E-6 7.62595E-6 8.04078E-6 8.83949E-6 8.26847E-6 1.31118E-5 1.32777E-5 2.22454E-5 3.98317E-5 3.10687E-5 3.40139E-5 2.74112E-5 2.86404E-5 2.34427E-5 2.38528E-5 2.82457E-5 2.82842E-5 4.0849E-5 4.33667E-5 8.5673E-5 8.62716E-5 3.24554E-5 3.2302E-5 3.28391E-5 3.13202E-5 2.60032E-5 2.71359E-5 4.28113E-5 3.39112E-5 3.70765E-5 3.88241E-5 2.31767E-5 2.10584E-5 2.64787E-5 -9999 -9999 -9999 -9999
4.41516E-5 3.98524E-5 4.25068E-5 3.12598E-5 2.73198E-5 2.62076E-5 2.71322E-5 9.45016E-5 9.40809E-5 1.58333E-4 1.16154E-4 1.07647E-4 1.23005E-4 1.4153E-4 1.98638E-4 9.84611E-5 8.16573E-5 1.06765E-4 1.64054E-4 1.28931E-4 5.9788E-5 2.08288E-5 4.52796E-5 4.22503E-5 4.26291E-5 4.22179E-5 3.46714E-5 4.51353E-5 3.8616E-5 1.38293E-5 9.73952E-6 3.17085E-5 2.98859E-5 3.23489E-5 2.72728E-5 3.32712E-5 4.3448E-5 2.96963E-5 3.03028E-5 3.32079E-5 3.8431E-5 4.4721E-5 4.26324E-5 4.40212E-5 4.17215E-5 2.52646E-5 8.55651E-5 3.21023E-5 3.43538E-5 3.12772E-5 2.79011E-5 9.06435E-5 6.74037E-5 1.94692E-5 4.29551E-5 3.85731E-5 4.56362E-5 6.42931E-5 4.06544E-5 2.65564E-5 -9999 -9999 -9999 -9999 -9999 -9999
2.55073E-5 2.64536E-5 4.04202E-5 2.44826E-5 2.72951E-5 2.4647E-5 2.51648E-5 2.52816E-5 9.82562E-5 8.89884E-5 1.02601E-4 6.90488E-5 5.17281E-5 6.00648E-5 5.94127E-5 5.051E-5 6.05543E-5 7.71541E-5 7.47887E-5 3.76467E-5 4.84644E-5 4.25074E-5 4.3912E-5 3.40994E-5 2.83568E-5 2.2511E-5 2.22547E-5 2.1743E-5 2.27899E-5 2.45262E-5 4.40735E-5 3.05011E-5 3.10781E-5 3.08105E-5 2.99512E-5 3.02856E-5 3.14569E-5 3.12051E-5 4.71063E-5 4.26608E-5 3.89829E-5 4.16622E-5 4.14811E-5 7.8623E-5 3.03573E-5 2.65018E-5 2.79914E-5 3.35346E-5 3.91511E-5 3.12865E-5 6.054E-5 3.43934E-5 4.03115E-5 3.0688E-5 3.15426E-5 4.05296E-5 3.22971E-5 3.76531E-5 2.7964E-5 -9999 -9999 -9999 -9999 -9999 -9999 -9999
7.12187E-5 7.10091E-5 7.96618E-5 9.07433E-5 9.1606E-5 8.25008E-5 9.31117E-5 2.44917E-5 3.01788E-5 4.75579E-5 5.46891E-5 5.17031E-5 9.14261E-5 9.79896E-5 7.90443E-5 4.77344E-5 3.36068E-5 6.08767E-5 4.50373E-5 3.26825E-5 2.95989E-5 2.87927E-5 2.85992E-5 2.84401E-5 2.3808E-5 2.22963E-5 2.20594E-5 2.19596E-5 2.28578E-5 2.96031E-5 2.9852E-5 3.00607E-5 2.99646E-5 2.97781E-5 2.92907E-5 4.59547E-5 4.58535E-5 4.19323E-5 2.28344E-5 2.4267E-5 2.58414E-5 6.04755E-5 1.06017E-4 4.91692E-5 3.20482E-5 2.6365E-5 2.80845E-5 2.93149E-5 6.65691E-5 5.46957E-5 6.358E-5 5.62193E-5 3.71999E-5 4.99986E-5 3.79222E-5 3.54136E-5 2.98372E-5 -9999 -9999 -9999 -9999 -9999 -9999 -9999 -9999 -9999
