catData/rasterBestHybridModels/Fchaus/RD_RM2_autofeature/Fchaus_stddev.asc
ncols         409
nrows         350
xllcorner     60.897278365
yllcorner     5.843756025
cellsize      0.0892857
NODATA_value  -9999
[rows 145 to 173 of 350, columns 264 to 329 of 409]
7.8425E-6 1.20815E-5 1.18827E-5 1.16915E-5 1.11365E-5 1.57059E-5 2.76667E-5 3.08335E-5 7.31662E-5 7.17851E-5 5.61441E-5 4.8976E-5 2.17493E-5 1.92232E-5 1.06017E-5 5.60893E-6 6.26875E-6 4.59472E-6 9.61173E-6 7.02239E-6 1.0956E-5 6.96798E-6 6.1648E-6 6.47072E-6 6.62502E-6 6.50626E-6 6.19089E-6 5.73864E-6 4.58719E-6 3.77421E-6 8.4124E-6 1.039E-5 8.99694E-6 5.01591E-6 4.99436E-6 5.30413E-6 4.7797E-6 7.35991E-6 7.60052E-6 7.17551E-6 6.86262E-6 8.15043E-6 2.55121E-5 2.59536E-5 1.53135E-5 1.25417E-5 9.93474E-6 1.1252E-5 1.25919E-5 1.24597E-5 1.61842E-5 3.21884E-5 2.52479E-5 1.33389E-5 1.8627E-5 1.99547E-5 2.37661E-5 3.20789E-5 3.35931E-5 2.21786E-5 2.49646E-5 2.32975E-5 2.38689E-5 2.37278E-5 1.99855E-5 1.39509E-5
6.7915E-6 1.51718E-5 1.56762E-5 1.76433E-5 1.55366E-5 2.11283E-5 7.74677E-5 8.70584E-5 7.68377E-5 5.89288E-5 7.61381E-5 2.88664E-5 2.16052E-5 2.04126E-5 1.27313E-5 5.75039E-6 4.78217E-6 5.88926E-6 1.08863E-5 6.33803E-6 4.93339E-6 6.36985E-6 6.13413E-6 6.59306E-6 6.39917E-6 6.42993E-6 5.79074E-6 4.68588E-6 4.60349E-6 4.6336E-6 4.04334E-6 4.36499E-6 4.64349E-6 4.9656E-6 5.24616E-6 5.18147E-6 5.21247E-6 5.0194E-6 6.15491E-6 7.10266E-6 7.91594E-6 1.75562E-5 2.71467E-5 1.28415E-5 1.07776E-5 1.08217E-5 9.53666E-6 8.17657E-6 1.09613E-5 1.11373E-5 1.72595E-5 2.81981E-5 6.24919E-5 8.91896E-5 1.05012E-4 3.33449E-5 2.45719E-5 2.95153E-5 8.09763E-5 1.91832E-5 2.44388E-5 2.39938E-5 2.831E-5 2.60722E-5 2.41658E-5 2.88671E-5
4.92026E-5 5.40186E-5 1.0374E-5 1.16506E-5 1.91405E-5 1.84441E-5 3.57672E-5 4.6861E-5 7.96918E-5 5.68825E-5 3.39936E-5 2.13197E-5 2.51752E-5 2.03943E-5 1.50282E-5 8.8397E-6 9.84564E-6 4.57249E-6 9.80238E-6 1.12178E-5 1.01858E-5 1.12657E-5 5.98286E-6 5.19664E-6 6.49485E-6 6.3463E-6 6.21946E-6 5.03045E-6 4.5716E-6 4.63546E-6 4.07324E-6 4.22086E-6 4.56819E-6 5.54336E-6 5.81717E-6 5.38912E-6 5.42332E-6 6.60123E-6 6.21996E-6 6.53742E-6 8.01742E-6 1.55955E-5 3.62282E-5 1.55653E-5 1.27211E-5 8.84126E-6 8.80865E-6 9.0225E-6 9.67377E-6 1.19647E-5 1.46225E-5 1.58598E-5 3.31853E-5 -9999 1.042E-4 3.18419E-5 2.52567E-5 3.25689E-5 3.26559E-5 1.59481E-5 1.59609E-5 1.98351E-5 2.52208E-5 3.34166E-5 3.29422E-5 7.18766E-5
3.52197E-5 2.15978E-5 1.77531E-5 2.42063E-5 1.4796E-5 2.40631E-5 2.43144E-5 4.68215E-5 3.1014E-5 1.37851E-5 1.81032E-5 1.91618E-5 3.16349E-5 2.97599E-5 2.53025E-5 1.00223E-5 5.14006E-6 9.796E-6 7.34013E-6 1.3489E-5 1.61333E-5 3.77754E-5 3.28937E-5 7.5341E-6 9.41204E-6 1.33089E-5 6.37253E-6 1.01369E-5 6.19843E-6 4.91343E-6 5.94839E-6 5.64668E-6 4.78093E-6 5.20762E-6 5.80573E-6 4.97348E-6 4.74529E-6 4.69175E-6 5.4104E-6 6.90012E-6 6.28565E-6 7.875E-6 1.13247E-5 1.80968E-5 1.51881E-5 6.79509E-6 8.84548E-6 1.0537E-5 1.03333E-5 1.20396E-5 1.5481E-5 3.28472E-5 3.66017E-5 3.57859E-5 2.34052E-5 1.79925E-5 -9999 -9999 7.55667E-5 -9999 2.15579E-5 2.6284E-5 -9999 5.17439E-5 -9999 1.7519E-4
1.08859E-5 1.04187E-5 3.29803E-5 2.86034E-5 1.07641E-5 2.36062E-5 2.04945E-5 5.02707E-5 2.69397E-5 2.17026E-5 2.39984E-5 2.59887E-5 2.37383E-5 1.35242E-5 1.00154E-5 1.08849E-5 1.13092E-5 1.55995E-5 1.78823E-5 3.58323E-5 4.38039E-5 9.90369E-5 9.75005E-5 9.37077E-6 1.45962E-5 1.59651E-5 1.94603E-5 1.27452E-5 5.92328E-6 6.22903E-6 6.0707E-6 9.75458E-6 5.73649E-6 5.65742E-6 5.63559E-6 6.4294E-6 7.70413E-6 8.4372E-6 1.0082E-5 2.34124E-5 1.10339E-5 9.98297E-6 1.27086E-5 3.37523E-5 9.33713E-6 7.56238E-6 1.06645E-5 1.1301E-5 1.12274E-5 1.14429E-5 1.50236E-5 3.08679E-5 3.07329E-5 2.39202E-5 1.98262E-5 1.78798E-5 1.79276E-5 1.94284E-5 2.32709E-5 -9999 2.61674E-5 4.24059E-5 4.79756E-5 1.66608E-4 2.42049E-4 3.35067E-4
4.63987E-5 2.69556E-5 3.68709E-5 1.27957E-5 1.37071E-5 3.87915E-5 3.48817E-5 4.43035E-5 4.6475E-5 3.60785E-5 2.72079E-5 2.32264E-5 2.45619E-5 1.74248E-5 7.7419E-6 6.08287E-6 5.72232E-6 4.93079E-6 1.29796E-5 5.41378E-5 4.39929E-5 2.91614E-5 9.50992E-5 4.62655E-5 6.09943E-6 9.76265E-6 7.14931E-6 2.61859E-5 2.29372E-5 7.54645E-6 6.60534E-6 3.90627E-5 7.57022E-6 5.64003E-6 5.58319E-6 6.46927E-6 7.10902E-6 8.9868E-6 9.94275E-6 1.00242E-5 1.28749E-5 1.25544E-5 1.36968E-5 1.50908E-5 1.30426E-5 1.1214E-5 1.25058E-5 1.49795E-5 1.53858E-5 1.76343E-5 1.77193E-5 1.91067E-5 1.89612E-5 1.89057E-5 1.85674E-5 1.84166E-5 1.97072E-5 2.11429E-5 2.27231E-5 2.5881E-5 -9999 -9999 5.61545E-5 6.03542E-5 1.06309E-4 -9999
4.82441E-5 7.55666E-5 2.77973E-5 2.45688E-5 2.648E-5 8.43301E-5 4.764E-5 4.65534E-5 1.42191E-4 1.72656E-4 8.29122E-5 1.20392E-4 7.41819E-5 4.04045E-5 1.11744E-5 1.07489E-5 6.70472E-6 4.75578E-6 1.08091E-5 5.52353E-5 1.50421E-5 7.77987E-6 5.1923E-6 5.77463E-6 5.84616E-6 5.97718E-6 4.36667E-6 4.73436E-6 4.92611E-6 7.5017E-6 9.79922E-6 1.09853E-5 8.9995E-6 6.83245E-6 4.56561E-6 4.63613E-6 4.59481E-6 8.10951E-6 9.88509E-6 1.03244E-5 1.71517E-5 1.25683E-5 1.60726E-5 1.57543E-5 1.74445E-5 1.84378E-5 1.88234E-5 2.04443E-5 2.02615E-5 2.3894E-5 2.0178E-5 1.7589E-5 1.77271E-5 1.79398E-5 1.90846E-5 1.90584E-5 1.86472E-5 1.8298E-5 1.84771E-5 2.37925E-5 2.33056E-5 2.12203E-5 2.94421E-5 -9999 1.31565E-4 7.71635E-5
9.16198E-5 3.31048E-5 2.7168E-5 2.30039E-5 2.00157E-5 5.49271E-5 5.42008E-5 4.92639E-5 2.84738E-4 6.96345E-4 1.03546E-4 5.25992E-5 6.19567E-5 1.57938E-5 1.10959E-5 2.57183E-5 1.87374E-5 8.27763E-6 5.23469E-6 4.02739E-5 8.51316E-6 1.00948E-5 1.03804E-5 8.80817E-6 6.58334E-6 7.334E-6 4.571E-6 4.59319E-6 4.67185E-6 5.7532E-6 5.62761E-6 6.24772E-6 6.59793E-6 7.72488E-6 6.70319E-6 5.17186E-6 4.94639E-6 8.32803E-6 9.124E-6 1.01041E-5 1.92737E-5 2.37352E-5 1.65635E-5 2.12544E-5 2.43636E-5 1.99545E-5 1.87127E-5 1.66932E-5 1.86535E-5 1.86462E-5 1.6164E-5 1.63538E-5 1.83256E-5 2.38646E-5 2.47613E-5 1.9163E-5 1.84859E-5 1.87911E-5 2.16412E-5 2.78066E-5 2.92671E-5 2.30993E-5 2.17526E-5 3.31834E-5 1.10131E-4 9.24645E-5
4.75596E-5 1.54914E-5 1.79494E-5 2.40344E-5 2.44084E-5 5.2239E-5 5.08958E-5 5.56397E-5 1.33538E-4 5.84601E-4 3.71476E-4 1.80707E-5 3.36409E-5 4.11292E-5 5.17423E-5 4.78712E-6 5.44847E-6 1.07781E-5 1.08884E-5 5.42472E-6 5.46495E-6 6.69087E-6 6.88715E-6 5.3314E-6 5.35932E-6 5.31059E-6 5.58383E-6 4.71291E-6 4.98719E-6 5.92825E-6 5.63018E-6 6.15249E-6 6.49279E-6 7.18501E-6 1.09477E-5 9.51775E-6 4.74952E-6 8.50693E-6 8.55424E-6 9.73528E-6 1.79392E-5 2.34323E-5 2.88505E-5 2.27197E-5 2.67932E-5 2.09964E-5 2.1301E-5 1.75511E-5 1.68374E-5 1.66418E-5 1.61371E-5 1.69066E-5 1.79176E-5 1.84594E-5 3.01696E-5 2.97219E-5 2.13635E-5 2.02553E-5 2.32896E-5 2.49446E-5 4.15409E-5 5.09712E-5 4.59498E-5 4.45149E-5 7.63643E-5 5.28669E-5
1.7289E-5 1.57007E-5 1.59533E-5 1.61487E-5 1.8445E-5 5.16232E-5 5.92306E-5 5.82207E-5 6.22713E-5 1.09944E-4 1.67551E-5 2.31261E-5 1.76692E-5 8.80486E-6 1.26917E-5 6.13485E-6 1.40534E-5 9.04407E-5 3.4696E-5 1.09785E-5 4.98965E-6 6.01635E-6 6.26234E-6 5.16633E-6 5.12191E-6 5.47299E-6 5.14121E-6 5.13015E-6 5.12495E-6 6.87122E-6 9.81643E-6 1.04063E-5 6.20015E-6 6.993E-6 1.40826E-5 1.27758E-5 7.59428E-6 1.11559E-5 1.22606E-5 1.43747E-5 2.48619E-5 3.15902E-5 3.33263E-5 3.77296E-5 2.96024E-5 2.20803E-5 2.6723E-5 2.12338E-5 1.62541E-5 1.61882E-5 1.72781E-5 1.74037E-5 1.84843E-5 1.87517E-5 1.79346E-5 2.02251E-5 2.91367E-5 2.59762E-5 2.56674E-5 3.06677E-5 3.56599E-5 4.80298E-5 5.32396E-5 7.88308E-5 8.03071E-5 5.04562E-5
1.59474E-5 1.49919E-5 1.67222E-5 1.67626E-5 1.58297E-5 4.7271E-5 4.28012E-5 4.30706E-5 4.29373E-5 1.62432E-5 1.60539E-5 2.66592E-5 1.03185E-5 7.24564E-6 4.14547E-6 5.62858E-6 4.3029E-6 2.44433E-5 5.92237E-5 4.26341E-5 4.55567E-6 5.5533E-6 4.3749E-6 4.58271E-6 4.43797E-6 4.66035E-6 5.34167E-6 5.12365E-6 5.17484E-6 5.71165E-6 1.35859E-5 6.69533E-6 6.94603E-6 6.79323E-6 7.855E-6 9.17037E-6 8.35455E-6 1.00115E-5 1.14921E-5 1.04278E-5 1.20539E-5 1.99066E-5 2.09488E-5 2.95209E-5 3.82172E-5 2.02868E-5 5.70707E-5 3.15433E-5 1.82432E-5 1.67675E-5 1.73438E-5 1.65972E-5 3.05926E-5 3.61862E-5 2.44632E-5 2.35101E-5 2.12117E-5 2.48736E-5 3.18694E-5 5.68701E-5 9.03752E-5 9.59802E-5 5.20812E-5 9.95175E-5 1.22646E-4 6.29362E-5
2.10094E-5 1.66577E-5 1.58291E-5 1.61563E-5 1.38571E-5 1.48544E-5 1.54725E-5 1.58063E-5 1.57029E-5 1.52754E-5 1.67408E-5 2.49564E-5 8.24904E-6 7.35663E-6 4.78342E-6 4.62291E-6 4.65708E-6 4.93341E-6 1.73601E-5 6.48524E-6 4.72965E-6 4.46857E-6 4.13928E-6 4.76256E-6 4.64819E-6 5.18995E-6 5.55968E-6 5.70314E-6 5.4634E-6 6.1832E-6 5.99708E-6 5.83697E-6 6.4493E-6 8.46625E-6 8.88979E-6 9.18523E-6 1.15373E-5 8.52947E-6 8.6616E-6 1.37703E-5 1.29279E-5 2.09528E-5 1.79635E-5 3.52088E-5 4.12441E-5 1.89594E-5 1.97277E-5 2.56944E-5 1.79835E-5 1.84794E-5 2.03656E-5 1.71922E-5 2.0252E-5 4.3509E-5 4.25229E-5 4.35381E-5 4.29756E-5 4.49913E-5 3.54425E-5 5.53131E-5 8.36273E-5 9.10834E-5 9.42523E-5 1.10482E-4 7.22017E-5 4.97122E-5
3.40138E-5 1.83058E-5 1.7326E-5 1.41038E-5 1.41645E-5 1.40287E-5 1.44567E-5 1.40861E-5 1.51255E-5 1.50756E-5 1.5444E-5 5.97214E-5 1.92968E-5 7.638E-6 1.04386E-5 4.6789E-6 4.61813E-6 3.7304E-6 6.00232E-6 5.34576E-6 4.93323E-6 4.8756E-6 4.74656E-6 4.80206E-6 4.75387E-6 4.22475E-6 4.83255E-6 4.48741E-6 4.85469E-6 6.02698E-6 6.06125E-6 5.78603E-6 2.47465E-5 1.21541E-5 1.08979E-5 1.07432E-5 9.94859E-6 1.19966E-5 8.55113E-6 1.77863E-5 2.62275E-5 3.18881E-5 2.062E-5 5.1577E-5 4.706E-5 4.02854E-5 2.1889E-5 2.04091E-5 1.96714E-5 2.405E-5 2.17208E-5 1.82828E-5 2.21427E-5 3.0523E-5 5.16685E-5 6.59178E-5 8.16092E-5 6.03028E-5 3.75038E-5 4.40997E-5 6.0473E-5 8.25634E-5 7.30521E-5 8.56415E-5 7.186E-5 4.64018E-5
3.92572E-5 1.33726E-5 1.23329E-5 1.34642E-5 1.60736E-5 1.22087E-5 1.34446E-5 1.36511E-5 2.08228E-5 2.3059E-5 3.86362E-5 3.73548E-5 4.16399E-5 6.38774E-5 6.64964E-5 4.16865E-5 1.9561E-5 4.79724E-6 2.17629E-5 2.85855E-5 1.41476E-5 4.54387E-6 3.67031E-6 4.78951E-6 3.8635E-6 4.45561E-6 3.96269E-6 4.22607E-6 4.8141E-6 5.06311E-6 5.39172E-6 5.60792E-6 6.733E-6 8.96233E-6 1.11675E-5 1.13917E-5 1.07242E-5 1.48319E-5 1.66653E-5 3.0084E-5 3.64835E-5 2.75908E-5 1.83765E-5 2.30558E-5 2.26214E-5 2.12083E-5 2.01527E-5 3.38779E-5 4.71751E-5 6.62633E-5 4.16656E-5 2.88341E-5 3.10291E-5 4.84601E-5 6.82915E-5 7.66116E-5 4.40259E-4 1.44826E-4 6.11922E-5 4.36825E-5 4.91948E-5 6.71648E-5 6.17827E-5 5.63981E-5 5.29339E-5 -9999
4.31688E-5 2.6411E-5 1.29524E-5 1.3214E-5 1.2696E-5 2.20207E-5 1.70575E-5 1.52012E-5 6.91166E-5 2.6667E-5 4.63618E-5 6.03668E-5 4.78602E-5 4.51718E-5 2.92534E-5 2.95679E-5 6.0504E-5 1.65172E-5 8.06634E-6 2.07357E-5 4.609E-5 1.93596E-5 1.9675E-5 1.01659E-5 9.3079E-6 2.09243E-5 9.20053E-6 4.34547E-6 5.54659E-6 6.25332E-6 4.88451E-6 5.5627E-6 9.64856E-6 9.77186E-6 2.08123E-5 2.8561E-5 1.14374E-5 2.49115E-5 3.14011E-5 6.52208E-5 4.95495E-5 5.19549E-5 2.3787E-5 1.51317E-4 2.02711E-5 2.48213E-5 2.23915E-5 3.8971E-5 3.70564E-5 6.75174E-5 6.3234E-5 4.54366E-5 4.74471E-5 7.07602E-5 7.01787E-5 7.84651E-5 5.12367E-4 2.53401E-4 8.17946E-5 5.96563E-5 4.33054E-5 5.20225E-5 6.31067E-5 5.50784E-5 2.92664E-5 3.7886E-5
2.29982E-5 2.35251E-5 1.30319E-5 1.29745E-5 1.18646E-5 2.57588E-5 2.87189E-5 5.90996E-5 6.66556E-5 6.72888E-5 6.68936E-5 4.08481E-5 1.228E-5 1.11851E-5 1.1438E-5 5.1888E-6 4.69752E-6 4.88151E-6 8.44593E-6 9.57132E-5 9.94706E-5 1.77042E-4 2.12964E-5 3.45226E-5 1.31296E-5 2.00821E-5 3.966E-6 4.8567E-6 4.94837E-6 4.65067E-6 4.85814E-6 7.64828E-6 8.82093E-6 1.73065E-5 1.21896E-5 1.40003E-5 4.69842E-5 6.04234E-5 7.26906E-5 9.20906E-5 8.88551E-5 1.16126E-4 1.32136E-4 2.58753E-4 7.0308E-5 5.0924E-5 4.02603E-5 5.55198E-5 7.78446E-5 9.28837E-5 1.00707E-4 8.73997E-5 5.00483E-5 5.19726E-5 6.6804E-5 8.13238E-5 8.28605E-5 2.11991E-4 3.79726E-5 8.70058E-5 9.72183E-5 5.87748E-5 4.13472E-5 5.46014E-5 4.19521E-5 1.26917E-4
1.02531E-5 2.3356E-5 1.30079E-5 1.37376E-5 1.15396E-5 4.93067E-5 3.84198E-5 9.79078E-5 5.79615E-5 3.86536E-5 6.22533E-5 2.75235E-5 1.1229E-5 2.21757E-5 1.1362E-5 1.14265E-5 4.65882E-6 4.76042E-6 5.18602E-6 3.98277E-5 1.56737E-5 4.15517E-6 2.09126E-5 2.40056E-5 3.52003E-5 6.64542E-6 4.75932E-6 4.65118E-6 4.74484E-6 1.57949E-5 1.15841E-5 1.18779E-5 1.36458E-5 1.54746E-5 1.58186E-5 2.93463E-5 5.98679E-5 9.65669E-5 8.79077E-5 1.78954E-4 5.14914E-4 3.00272E-4 3.23122E-4 3.72772E-4 4.02624E-4 7.5994E-5 9.01279E-5 7.68489E-5 1.01339E-4 2.09197E-4 9.09053E-5 7.6482E-5 8.6904E-5 5.77472E-5 6.76427E-5 7.83637E-5 6.43205E-5 4.94785E-5 4.90147E-5 7.03612E-5 5.86352E-5 5.99785E-5 5.15639E-5 5.5924E-5 5.69023E-5 8.24145E-5
9.75839E-6 2.91733E-5 1.60594E-5 1.56097E-5 1.70596E-5 4.55768E-5 5.62709E-5 3.92902E-5 1.47112E-5 3.85464E-5 2.2501E-5 1.01586E-5 2.87433E-5 3.85572E-5 1.03335E-5 8.01643E-6 1.12534E-5 5.01501E-6 4.90004E-6 4.83892E-6 1.15712E-5 3.82253E-5 5.32494E-6 4.65709E-6 1.7068E-5 5.32653E-6 4.48245E-6 4.51648E-6 5.50249E-6 2.71775E-5 1.36287E-5 1.1372E-5 1.31609E-5 1.3666E-5 4.34031E-5 5.75533E-5 8.69712E-5 1.11631E-4 9.2835E-5 1.16754E-4 6.53928E-4 5.16097E-4 3.72974E-4 3.14783E-4 7.38749E-5 3.12012E-4 1.31894E-4 8.60392E-5 1.24738E-4 1.58374E-4 5.52625E-5 7.90205E-5 7.72776E-5 6.67754E-5 7.01052E-5 6.65434E-5 4.11293E-5 4.9462E-5 5.15956E-5 4.78254E-5 5.4571E-5 4.4722E-5 3.23225E-5 8.06566E-5 7.08996E-5 7.95736E-5
1.02846E-5 1.27612E-5 2.80955E-5 5.93092E-5 2.77375E-5 1.669E-5 1.30713E-5 1.63932E-5 2.1257E-5 6.10269E-5 3.07833E-5 2.8809E-5 1.22406E-4 3.1372E-5 8.56533E-6 1.08521E-5 1.15203E-5 1.17531E-5 2.92501E-5 7.66236E-6 6.20741E-5 3.62452E-5 6.69264E-6 4.66488E-6 4.78256E-6 5.70631E-6 4.85894E-6 4.80147E-6 4.54692E-6 1.6539E-5 1.36603E-5 1.34444E-5 1.36677E-5 1.41954E-5 2.57384E-5 5.40119E-5 9.12739E-5 6.35842E-4 5.88872E-4 3.15033E-4 2.26109E-4 3.73005E-4 4.07477E-4 3.7248E-5 2.13814E-4 3.48919E-4 2.97891E-4 1.71042E-4 1.38006E-4 -9999 7.88159E-5 8.5063E-5 8.52369E-5 9.11399E-5 5.51108E-5 3.47677E-5 2.49305E-5 3.51319E-5 4.08449E-5 6.60381E-5 5.55389E-5 4.76984E-5 3.94566E-5 8.65678E-5 6.39305E-5 9.2051E-5
1.04028E-5 1.16948E-5 1.1847E-5 1.37729E-5 1.12126E-5 1.09185E-5 2.06484E-5 3.02075E-5 1.48514E-5 6.71615E-5 5.39019E-5 1.13725E-4 5.16622E-5 4.25055E-5 1.59251E-5 8.39061E-6 8.00797E-6 1.14162E-5 1.21922E-5 3.72029E-5 3.02559E-5 1.16481E-5 2.92352E-5 1.80857E-5 4.50321E-6 5.08093E-6 5.26156E-6 5.12479E-6 7.99358E-6 1.18372E-5 1.19128E-5 1.33643E-5 1.16182E-5 1.42336E-5 2.23415E-5 6.01727E-5 9.88476E-5 8.38928E-4 -9999 2.79514E-4 7.07742E-4 6.8277E-4 4.7651E-4 4.61904E-4 1.34181E-4 1.27024E-4 3.27968E-4 5.24458E-4 1.78382E-4 -9999 8.82031E-5 7.58006E-5 -9999 9.47142E-5 2.52541E-5 -9999 1.34758E-5 2.82992E-5 1.99464E-5 3.96402E-5 6.00551E-5 5.32011E-5 6.1345E-5 6.2151E-5 5.98004E-5 6.23184E-5
1.06159E-5 1.14767E-5 1.12396E-5 1.29425E-5 1.54185E-5 1.11992E-5 1.45739E-5 1.07271E-5 8.43069E-5 1.10893E-4 4.03679E-5 8.57201E-5 4.94929E-5 3.38967E-5 4.30323E-5 1.67477E-5 9.10026E-6 1.16286E-5 1.21431E-5 1.82843E-5 4.90436E-5 4.44691E-5 1.68202E-5 6.7916E-6 5.3955E-6 5.38321E-6 5.12532E-6 4.45294E-6 5.19148E-6 1.15531E-5 1.25346E-5 1.0815E-4 4.6291E-5 1.95215E-5 2.43734E-5 6.10772E-5 1.27534E-4 1.45637E-4 -9999 1.10546E-4 2.11545E-4 6.78962E-4 4.95879E-4 7.53207E-4 2.01847E-4 2.20098E-4 1.12809E-4 1.12579E-4 9.7828E-5 1.0707E-4 -9999 5.7683E-5 6.15506E-5 6.12519E-5 2.25968E-5 1.58523E-5 1.2599E-5 -9999 1.36364E-5 1.64095E-5 -9999 5.56319E-5 6.58171E-5 -9999 6.11244E-5 5.08222E-5
1.08397E-5 1.10007E-5 1.18035E-5 1.13759E-5 2.84459E-5 2.23445E-5 4.26179E-5 1.46375E-4 5.91429E-5 8.00957E-5 6.58938E-5 3.78031E-5 3.35414E-5 3.19787E-5 3.0905E-5 2.08182E-5 2.63726E-5 4.62074E-5 1.2371E-5 1.23084E-5 2.28532E-5 6.25259E-5 2.81727E-5 5.26252E-6 5.21482E-6 4.9517E-6 4.70726E-6 4.87127E-6 4.89028E-6 1.13413E-5 1.16565E-5 1.23427E-5 1.26907E-5 2.00083E-5 2.53463E-5 4.44612E-5 1.55498E-4 2.06601E-4 2.62698E-4 -9999 1.61917E-4 1.03837E-4 1.84886E-4 6.69398E-4 3.93253E-4 1.92087E-4 8.34124E-5 7.72553E-5 7.24158E-5 -9999 1.15658E-4 6.09459E-5 4.45094E-5 3.78994E-5 2.23559E-5 1.57618E-5 1.30735E-5 1.2576E-5 1.20858E-5 1.14425E-5 -9999 6.05361E-5 6.69196E-5 5.06706E-5 7.4759E-5 7.50676E-5
1.96166E-5 2.94496E-5 5.97722E-5 2.83914E-5 1.37964E-5 8.31897E-5 8.04731E-5 1.40948E-4 6.57687E-5 4.52995E-5 5.64318E-5 9.8737E-5 2.18628E-5 3.99697E-5 1.19228E-5 1.23062E-5 2.02569E-5 1.61235E-5 1.3041E-5 3.0559E-5 1.53719E-5 3.0749E-5 4.09244E-5 5.38517E-6 5.24319E-6 8.69527E-6 5.09208E-6 7.81399E-6 7.91698E-6 5.29735E-6 7.54304E-6 8.42754E-6 1.33276E-5 2.47119E-5 4.66948E-5 9.12119E-5 1.99902E-4 2.00152E-4 2.58412E-4 2.28634E-4 1.12052E-4 -9999 2.23585E-4 2.38649E-4 2.48126E-4 2.64553E-4 6.98753E-5 7.05854E-5 4.51036E-5 4.25824E-5 3.37904E-5 4.97755E-5 3.37895E-5 -9999 2.01758E-5 1.56292E-5 1.18064E-5 1.25378E-5 1.15017E-5 1.05274E-5 1.31056E-5 4.97409E-5 -9999 5.5786E-5 5.90276E-5 7.09247E-5
2.23159E-4 2.34914E-4 6.81512E-5 1.89353E-5 1.1705E-5 6.08469E-5 6.43118E-5 9.17816E-5 4.8553E-5 4.84524E-5 8.86768E-5 2.02666E-5 1.473E-5 1.41294E-5 1.40747E-5 1.48695E-5 1.77266E-5 1.67208E-5 6.11372E-5 3.3506E-5 3.26854E-5 5.554E-5 2.89533E-5 1.47669E-5 5.15418E-6 5.42334E-6 6.20369E-6 1.35669E-5 9.72928E-6 9.53224E-6 6.61276E-6 9.31997E-6 1.35674E-5 4.40854E-5 1.09137E-4 1.81708E-4 1.73198E-4 2.00682E-4 9.31271E-5 -9999 8.36977E-5 -9999 2.06355E-4 2.2914E-4 9.90297E-5 1.89728E-4 5.83628E-5 8.13555E-5 4.34835E-5 4.10291E-5 3.7954E-5 3.07018E-5 2.77338E-5 3.08913E-5 -9999 1.57983E-5 -9999 1.33594E-5 -9999 1.10044E-5 -9999 3.92701E-5 4.51533E-5 2.96672E-5 2.49783E-5 3.18551E-5
5.47046E-5 2.02198E-4 1.30219E-4 7.46124E-5 4.7314E-5 1.22514E-5 3.14964E-5 1.13308E-4 4.6066E-5 2.99457E-5 5.77729E-5 3.2736E-5 1.48691E-5 1.41802E-5 1.37109E-5 1.3013E-5 1.21499E-5 1.2188E-5 1.32458E-5 2.8491E-5 3.47633E-5 3.21916E-5 2.46918E-5 3.27981E-5 5.21095E-6 5.1157E-6 5.42171E-6 8.07854E-6 7.92253E-6 4.86286E-6 6.3371E-6 8.31212E-6 1.87663E-5 5.97876E-5 9.76615E-5 1.87064E-4 1.19754E-4 1.37143E-4 9.74933E-5 2.65772E-4 -9999 7.39578E-5 7.67165E-5 1.63223E-4 9.76564E-5 6.18838E-5 -9999 -9999 6.60172E-5 4.04641E-5 4.56002E-5 -9999 2.66873E-5 1.97584E-5 -9999 1.65057E-5 -9999 1.58146E-5 -9999 1.06663E-5 1.08031E-5 -9999 -9999 -9999 2.69619E-5 -9999
8.74625E-5 1.44796E-4 8.99248E-5 3.12315E-5 1.32235E-5 9.11796E-6 9.11877E-5 1.36465E-4 4.35363E-5 4.15986E-5 5.7866E-5 4.88973E-5 1.48594E-5 1.46777E-5 1.40866E-5 1.15457E-5 1.24478E-5 1.1817E-5 3.45465E-5 2.51868E-5 4.98789E-5 4.44324E-5 8.65693E-5 4.0049E-5 6.14748E-6 9.45451E-6 1.24527E-5 7.19807E-6 8.91459E-6 7.46649E-6 8.5404E-6 1.19175E-5 1.80559E-5 4.16415E-5 6.74884E-5 1.3002E-4 1.07329E-4 8.38207E-5 1.14196E-4 -9999 -9999 -9999 4.97044E-5 4.98736E-5 -9999 6.37548E-5 9.39782E-5 -9999 5.12327E-5 4.62725E-5 3.52797E-5 -9999 -9999 -9999 -9999 1.38608E-5 -9999 -9999 1.32506E-5 1.10744E-5 -9999 -9999 -9999 -9999 2.707E-5 -9999
1.24943E-5 5.32185E-5 3.2869E-5 2.06017E-5 9.66933E-6 9.0178E-6 1.77767E-5 1.18935E-4 1.13266E-4 5.65882E-5 6.45278E-5 7.16986E-5 1.49851E-5 1.42046E-5 1.17721E-5 1.12889E-5 1.09181E-5 1.87611E-5 5.86502E-5 2.38335E-5 1.71165E-5 4.67855E-5 5.85349E-5 2.084E-5 4.70217E-6 5.85372E-6 1.54381E-5 9.36747E-6 6.2284E-6 1.20531E-5 1.7739E-5 2.21563E-5 2.72449E-5 3.57517E-5 8.49431E-5 1.00337E-4 1.1448E-4 7.8464E-5 -9999 -9999 -9999 -9999 6.20897E-5 1.85867E-4 -9999 -9999 -9999 -9999 4.29065E-5 4.31809E-5 -9999 -9999 -9999 -9999 -9999 1.42982E-5 -9999 -9999 -9999 -9999 -9999 -9999 -9999 -9999 -9999 -9999
3.63749E-5 1.04993E-4 2.44695E-5 2.80038E-5 2.13937E-5 1.24922E-5 8.62556E-5 1.16902E-4 4.84382E-5 1.75543E-5 2.53008E-5 5.82841E-5 1.56573E-5 1.45428E-5 1.14635E-5 1.36077E-5 1.36261E-5 2.78578E-5 4.51271E-5 2.63909E-5 1.45205E-5 6.3527E-5 2.82463E-5 5.00681E-6 4.56732E-6 5.6405E-6 5.59134E-6 5.85623E-6 1.14403E-5 2.44385E-5 2.70431E-5 3.84484E-5 3.90296E-5 2.9664E-5 3.12162E-5 9.1224E-5 3.05807E-4 -9999 -9999 -9999 7.9985E-5 -9999 1.04542E-4 -9999 -9999 5.14486E-5 -9999 -9999 -9999 -9999 2.49694E-5 -9999 -9999 -9999 -9999 -9999 -9999 -9999 -9999 -9999 -9999 -9999 -9999 -9999 -9999 -9999
8.455E-5 5.56809E-5 3.83301E-5 1.90606E-5 2.69834E-5 2.81169E-5 5.93132E-5 1.28873E-4 8.97793E-5 2.70104E-5 4.0365E-5 7.61061E-5 5.01693E-5 3.42505E-5 1.23949E-5 1.0456E-5 1.14657E-5 1.26542E-5 4.01404E-5 6.14363E-5 3.9275E-5 6.95158E-5 2.09514E-5 4.95211E-6 4.61014E-6 5.38674E-6 9.01988E-6 9.9186E-6 1.90183E-5 5.31118E-5 4.90741E-5 5.57433E-5 4.74964E-5 -9999 -9999 -9999 -9999 -9999 -9999 -9999 -9999 -9999 -9999 -9999 -9999 4.94103E-5 -9999 -9999 -9999 -9999 -9999 -9999 -9999 -9999 -9999 -9999 -9999 -9999 -9999 -9999 -9999 -9999 -9999 -9999 -9999 -9999
