catData/rasterBestHybridModels/Fchaus/RD_RM2_autofeature/Fchaus_min.asc
ncols         409
nrows         350
xllcorner     60.897278365
yllcorner     5.843756025
cellsize      0.0892857
NODATA_value  -9999
[rows 145 to 173 of 350, columns 198 to 263 of 409]
2.55953E-5 2.66778E-5 2.55672E-5 2.44474E-5 2.42084E-5 2.33981E-5 2.23581E-5 2.19822E-5 1.94342E-5 1.72731E-5 1.64745E-5 1.57906E-5 1.55088E-5 1.63302E-5 2.00676E-5 2.27353E-5 2.09665E-5 1.98437E-5 2.05366E-5 2.01131E-5 2.0902E-5 3.34851E-5 3.40609E-5 2.95793E-5 2.80634E-5 2.62307E-5 2.65052E-5 2.51654E-5 2.64341E-5 3.42651E-5 3.08458E-5 2.13994E-5 2.2233E-5 2.63658E-5 2.9719E-5 4.61719E-5 2.99141E-5 2.41471E-5 2.6896E-5 2.84834E-5 2.90468E-5 2.95324E-5 3.49245E-5 3.33735E-5 1.95173E-5 1.6698E-5 1.90223E-5 2.38071E-5 2.28298E-5 2.39095E-5 2.15608E-5 1.9504E-5 1.77395E-5 1.82654E-5 2.14923E-5 2.18972E-5 2.46058E-5 3.17735E-5 3.50305E-5 3.3281E-5 4.18427E-5 3.38011E-5 3.06026E-5 3.08056E-5 2.90697E-5 3.27185E-5
2.87632E-5 2.80043E-5 2.70763E-5 2.55184E-5 2.38439E-5 2.20314E-5 2.02832E-5 1.87723E-5 1.81019E-5 1.73001E-5 1.66121E-5 1.6215E-5 1.60765E-5 1.82006E-5 2.42489E-5 2.26524E-5 2.14341E-5 2.15346E-5 2.15798E-5 2.03052E-5 2.52018E-5 2.92727E-5 2.70339E-5 2.50823E-5 2.45332E-5 2.38622E-5 2.35943E-5 2.19713E-5 2.16824E-5 2.8077E-5 2.3369E-5 2.22038E-5 2.21634E-5 1.98942E-5 2.06761E-5 7.51601E-5 5.45243E-5 2.10255E-5 4.53327E-5 3.70868E-5 2.98165E-5 3.5751E-5 6.01576E-5 2.90866E-5 1.72377E-5 1.75843E-5 1.84427E-5 1.899E-5 2.07351E-5 2.1583E-5 2.30165E-5 2.25784E-5 2.08531E-5 2.04242E-5 2.27257E-5 3.1642E-5 2.95027E-5 2.42368E-5 2.71352E-5 4.8087E-5 2.79002E-5 3.78398E-5 4.47133E-5 3.31785E-5 3.30264E-5 3.66509E-5
3.36424E-5 3.50641E-5 3.45501E-5 3.18997E-5 2.44585E-5 2.12247E-5 2.01267E-5 1.91405E-5 1.85563E-5 1.86243E-5 1.95154E-5 1.80954E-5 1.77537E-5 1.84372E-5 2.27908E-5 2.40631E-5 2.67188E-5 2.69903E-5 2.57279E-5 2.24838E-5 2.53448E-5 2.54008E-5 2.45177E-5 2.42213E-5 2.40922E-5 2.31643E-5 2.27458E-5 2.33389E-5 2.82245E-5 2.21481E-5 2.62468E-5 2.32808E-5 2.29674E-5 2.2431E-5 2.73575E-5 6.86363E-5 2.13694E-4 4.88793E-5 1.41486E-4 1.03457E-4 3.99326E-5 3.75839E-5 1.96514E-4 9.58633E-5 1.82312E-5 1.83177E-5 1.79143E-5 1.88732E-5 2.14361E-5 2.40227E-5 2.9847E-5 2.29628E-5 2.24957E-5 2.68722E-5 2.734E-5 2.78378E-5 6.62646E-5 4.7842E-5 3.10303E-5 3.32366E-5 5.51759E-5 6.12203E-5 3.70939E-5 6.08474E-5 4.15931E-5 5.99275E-5
3.50781E-5 3.85303E-5 3.66458E-5 3.2595E-5 2.72716E-5 2.12786E-5 2.00218E-5 1.91859E-5 1.90231E-5 2.25499E-5 2.45019E-5 2.13385E-5 1.82678E-5 1.93137E-5 2.4075E-5 2.76208E-5 3.20003E-5 4.18136E-5 2.90291E-5 2.60539E-5 2.6215E-5 2.72151E-5 2.91285E-5 2.51728E-5 2.54553E-5 2.95121E-5 2.68128E-5 6.77232E-5 2.61616E-5 2.14254E-5 2.35837E-5 2.677E-5 2.98143E-5 2.60748E-5 2.12767E-5 2.58993E-5 1.75854E-4 2.12747E-4 2.5933E-4 1.87769E-4 7.80297E-5 4.07899E-5 1.25303E-4 2.6028E-4 7.85074E-5 3.63062E-5 2.00076E-5 1.74647E-5 2.05693E-5 2.27829E-5 2.29872E-5 2.53329E-5 2.33334E-5 2.66829E-5 2.33575E-5 3.27162E-5 2.28578E-5 3.59292E-5 3.76665E-5 4.56277E-5 4.95746E-5 4.56221E-5 5.20966E-5 7.52049E-5 3.69416E-5 3.83233E-5
3.52104E-5 3.91549E-5 3.50949E-5 3.19882E-5 2.93266E-5 2.12737E-5 2.0171E-5 1.97324E-5 2.01345E-5 2.31315E-5 2.39711E-5 1.80643E-5 1.86242E-5 2.21976E-5 2.92765E-5 3.10628E-5 3.19523E-5 4.14585E-5 2.87837E-5 2.7633E-5 2.78118E-5 2.87438E-5 3.20039E-5 2.57181E-5 2.6515E-5 3.06283E-5 4.83596E-5 5.68337E-5 2.54991E-5 2.17751E-5 2.35753E-5 2.67156E-5 4.43081E-5 2.71717E-5 2.68841E-5 1.807E-5 2.32023E-5 3.38335E-5 5.53855E-5 9.06031E-5 1.04934E-4 5.82125E-5 1.8777E-4 1.19716E-4 1.9022E-4 8.16937E-5 2.20129E-5 3.07409E-5 3.34352E-5 5.87229E-5 4.93158E-5 4.91658E-5 1.20396E-4 7.02202E-5 1.32991E-4 3.07365E-5 3.42726E-5 3.46693E-5 4.82296E-5 2.1621E-4 6.55883E-5 1.85237E-4 2.23529E-4 1.79666E-4 2.12248E-4 8.43958E-5
4.04603E-5 3.79757E-5 3.35381E-5 3.1004E-5 2.53284E-5 2.23135E-5 2.10391E-5 2.05336E-5 2.87803E-5 2.40892E-5 2.3247E-5 1.78071E-5 1.96819E-5 2.47038E-5 2.83305E-5 3.03628E-5 2.888E-5 3.00775E-5 3.00386E-5 3.10733E-5 4.23346E-5 8.15302E-5 3.0272E-5 2.5678E-5 2.73115E-5 8.85605E-5 1.36777E-4 2.4941E-4 2.79479E-5 2.20913E-5 2.64931E-5 2.52701E-5 2.73072E-5 2.91974E-5 3.37619E-5 1.14025E-4 2.38919E-5 3.84024E-5 8.01578E-5 1.06394E-4 2.38324E-4 2.66377E-4 1.52696E-4 1.25141E-4 1.55984E-4 4.0669E-4 1.23623E-4 8.0365E-5 8.95826E-5 1.22993E-4 4.68766E-5 3.73617E-5 2.62313E-5 2.31947E-5 4.41208E-5 1.23814E-4 4.81302E-5 5.54422E-5 6.25303E-5 3.87444E-4 2.40501E-4 2.97015E-4 4.09662E-4 2.27035E-4 1.55434E-4 2.55526E-4
4.11016E-5 3.3254E-5 2.96822E-5 2.45926E-5 2.36426E-5 2.33691E-5 2.18281E-5 2.2328E-5 2.44499E-5 2.36171E-5 2.03683E-5 1.85786E-5 2.15046E-5 2.5448E-5 2.40822E-5 2.898E-5 3.16156E-5 2.85468E-5 2.9841E-5 4.41337E-5 1.13843E-4 5.6094E-5 3.01952E-5 3.38398E-5 2.89261E-5 2.67708E-5 6.92403E-5 2.79112E-4 1.07547E-4 2.55284E-5 2.6818E-5 2.89533E-5 3.53673E-5 3.85686E-5 2.98666E-5 3.11348E-5 7.00877E-5 1.3717E-4 2.29285E-4 1.12781E-4 3.40486E-4 3.63992E-4 9.17691E-5 1.5337E-4 1.55758E-4 5.32879E-5 2.47726E-4 9.57527E-5 9.60104E-5 1.06559E-4 3.82614E-5 8.70726E-5 1.02218E-4 6.44741E-5 8.28319E-5 1.19121E-4 8.52077E-5 5.80614E-5 5.10647E-5 1.38971E-4 3.48994E-4 3.88067E-4 3.04712E-4 3.76396E-4 3.01894E-4 5.16677E-4
3.42246E-5 2.82798E-5 2.53932E-5 2.3126E-5 2.36449E-5 2.24812E-5 2.24766E-5 1.93289E-5 1.72042E-5 1.87248E-5 1.9104E-5 2.31509E-5 3.13826E-5 2.94401E-5 2.7256E-5 3.0209E-5 3.03409E-5 3.05919E-5 2.97213E-5 2.91229E-5 3.25661E-5 5.45027E-5 5.30014E-5 1.88097E-4 7.23E-5 3.35181E-5 3.12908E-5 2.86683E-5 2.65057E-5 3.42663E-5 2.72919E-5 2.73065E-5 3.28754E-5 3.25246E-5 3.11961E-5 3.33206E-5 6.55582E-5 1.00928E-4 2.17636E-4 2.85372E-4 4.06088E-4 1.85666E-4 3.3434E-4 5.3516E-5 5.01284E-5 6.49365E-5 7.12563E-5 4.00466E-5 8.09485E-5 4.45853E-5 4.82835E-5 3.3401E-5 3.25929E-5 8.25978E-5 1.17791E-4 8.03195E-5 1.36372E-4 1.6948E-4 1.65281E-4 1.53583E-4 1.75433E-4 1.7736E-4 2.08581E-4 4.752E-4 1.99149E-4 5.3726E-4
2.82516E-5 2.73233E-5 2.4244E-5 2.32671E-5 2.16497E-5 3.30931E-5 3.28294E-5 2.98326E-5 2.86364E-5 3.135E-5 3.2669E-5 4.1022E-5 4.37735E-5 3.95149E-5 4.74722E-5 5.10868E-5 5.09142E-5 3.53094E-5 4.06496E-5 2.70184E-5 3.41067E-5 5.44792E-5 3.5184E-5 3.9497E-5 4.20671E-5 4.00901E-5 2.78469E-5 2.78256E-5 4.69781E-5 6.50285E-5 2.96074E-5 2.73862E-5 2.93204E-5 3.11977E-5 3.10438E-5 3.53038E-5 9.15436E-5 4.69063E-5 4.61592E-5 4.83636E-5 7.77433E-5 8.22404E-5 5.42828E-5 4.0643E-5 4.4454E-5 5.2661E-5 5.59553E-5 3.4986E-5 3.16072E-5 2.9741E-5 2.91321E-5 4.50869E-5 4.28925E-5 7.17161E-5 6.21219E-5 8.45453E-5 2.21406E-4 1.79075E-4 4.19482E-4 1.90157E-4 1.22465E-4 2.79225E-4 2.466E-4 2.81641E-4 1.93108E-4 2.86593E-4
1.92178E-5 2.03598E-5 2.14362E-5 3.4226E-5 3.47736E-5 3.64903E-5 3.99919E-5 3.47452E-5 3.15833E-5 3.5996E-5 4.00963E-5 4.04004E-5 4.11488E-5 4.28758E-5 7.65375E-5 8.7322E-5 9.50085E-5 1.19111E-4 8.24962E-5 4.5344E-5 5.05486E-5 6.35815E-5 7.85755E-5 1.16031E-4 5.6905E-5 6.7969E-5 8.1324E-5 6.12094E-5 1.21349E-4 7.25322E-5 4.81817E-5 4.323E-5 4.5106E-5 4.68583E-5 4.74077E-5 5.08318E-5 5.69491E-5 6.20883E-5 5.99649E-5 6.1673E-5 6.04819E-5 7.44984E-5 6.7958E-5 6.37059E-5 6.44568E-5 6.78801E-5 4.74985E-5 4.50268E-5 4.48489E-5 6.52636E-5 7.04569E-5 7.34987E-5 8.42966E-5 1.13191E-4 1.60654E-4 1.32438E-4 8.45184E-5 7.92126E-5 7.08936E-5 1.041E-4 7.91709E-5 1.47533E-4 1.79538E-4 1.82145E-4 1.32238E-4 1.88518E-4
2.82629E-5 3.15419E-5 3.00513E-5 3.09254E-5 3.38524E-5 4.31575E-5 5.42601E-5 4.6452E-5 3.98031E-5 3.91695E-5 3.94465E-5 4.14693E-5 4.71268E-5 5.3447E-5 8.53551E-5 8.30944E-5 8.57274E-5 9.2184E-5 4.88878E-5 4.97947E-5 5.10887E-5 6.15028E-5 1.02927E-4 1.07701E-4 1.50849E-4 1.00331E-4 7.46225E-5 3.77342E-4 1.18954E-4 9.98061E-5 6.35608E-5 5.15624E-5 4.83552E-5 4.86874E-5 4.97404E-5 5.27829E-5 5.73555E-5 5.55834E-5 5.77928E-5 5.291E-5 4.71904E-5 5.58524E-5 5.87376E-5 6.92716E-5 7.19164E-5 5.79302E-5 4.56196E-5 4.58566E-5 6.43034E-5 6.79143E-5 7.00732E-5 6.71679E-5 7.15119E-5 7.47682E-5 7.43556E-5 3.20844E-4 1.26601E-4 1.2313E-4 1.11893E-4 1.10748E-4 1.67015E-4 2.10455E-4 6.47413E-5 1.03113E-4 2.37737E-4 2.17969E-4
3.04537E-5 3.0367E-5 2.96047E-5 2.91227E-5 3.06927E-5 3.43406E-5 5.98863E-5 5.83542E-5 4.22138E-5 3.75203E-5 3.65468E-5 4.04116E-5 4.34297E-5 5.57121E-5 8.70428E-5 9.37384E-5 8.42551E-5 5.9466E-5 3.8707E-5 4.67473E-5 5.82478E-5 5.7269E-5 1.09868E-4 1.16578E-4 1.02472E-4 4.843E-5 1.37147E-4 2.82186E-4 2.34765E-4 2.01344E-4 9.46396E-5 6.04261E-5 5.60666E-5 5.6836E-5 5.43074E-5 7.20708E-5 7.95482E-5 7.7217E-5 6.90226E-5 5.86079E-5 4.61254E-5 4.85575E-5 4.92933E-5 5.72042E-5 4.62404E-5 5.50756E-5 3.64432E-5 6.42352E-5 6.66888E-5 6.73812E-5 7.69761E-5 6.78032E-5 1.28425E-4 7.8037E-5 9.59696E-5 2.27621E-4 1.09903E-4 1.00928E-4 1.22486E-4 1.1534E-4 8.27282E-5 2.70294E-4 1.18306E-4 3.53028E-5 6.22737E-5 1.98159E-4
2.99985E-5 3.07063E-5 2.96962E-5 3.04536E-5 3.24863E-5 3.91266E-5 3.60189E-5 3.7022E-5 3.92852E-5 3.9348E-5 4.14747E-5 4.43235E-5 4.6518E-5 8.12752E-5 8.14763E-5 8.03785E-5 6.62409E-5 6.89615E-5 5.05843E-5 5.31301E-5 5.74724E-5 6.36312E-5 6.67816E-5 7.72168E-5 5.64413E-5 3.56922E-5 3.84893E-5 1.40855E-4 1.581E-4 7.65967E-5 8.09644E-5 8.9191E-5 1.02202E-4 8.63405E-5 1.20264E-4 8.67692E-5 6.97668E-5 5.85928E-5 5.60421E-5 5.10402E-5 4.33295E-5 3.81936E-5 3.89582E-5 4.33878E-5 4.38479E-5 3.23707E-5 4.44174E-5 6.29537E-5 6.09139E-5 6.33488E-5 6.18443E-5 6.30971E-5 1.24572E-4 7.03971E-5 6.89443E-5 9.86335E-5 6.2439E-5 4.78273E-5 5.25713E-5 8.76258E-5 8.08534E-5 4.78674E-5 5.0245E-5 3.43521E-5 3.62856E-5 9.62527E-5
2.33059E-5 3.7838E-5 3.83397E-5 3.9019E-5 3.99817E-5 3.93519E-5 3.8081E-5 3.91705E-5 4.20968E-5 4.23018E-5 4.32349E-5 4.60916E-5 8.25099E-5 8.85273E-5 8.83269E-5 5.30381E-5 4.13226E-5 4.48621E-5 5.04992E-5 5.26566E-5 5.69863E-5 5.78397E-5 6.54494E-5 5.58909E-5 4.64737E-5 4.00814E-5 3.70827E-5 4.00376E-5 4.17097E-5 8.41438E-5 8.17397E-5 8.37495E-5 8.44457E-5 9.12591E-5 1.56343E-4 1.64484E-4 6.76765E-5 6.12984E-5 6.04183E-5 6.95904E-5 4.9278E-5 2.93604E-5 1.53776E-5 1.138E-5 1.88947E-5 2.89007E-5 4.59571E-5 3.09945E-5 6.6904E-5 4.67464E-5 8.28118E-5 7.12644E-5 9.07292E-5 6.93731E-5 4.36191E-5 5.52371E-5 4.14001E-5 3.77694E-5 8.11605E-5 9.52662E-5 1.09328E-4 4.4355E-5 2.65185E-5 3.15051E-5 3.9122E-5 5.26662E-5
2.47004E-5 2.76576E-5 2.5815E-5 2.68849E-5 4.48053E-5 4.44426E-5 5.70118E-5 4.2452E-5 4.56613E-5 4.30373E-5 4.42273E-5 5.13208E-5 4.95713E-5 8.74055E-5 9.44326E-5 5.50597E-5 4.24915E-5 4.15616E-5 3.97811E-5 4.17055E-5 4.93798E-5 5.75427E-5 6.99065E-5 5.59286E-5 5.90404E-5 8.03265E-5 3.00244E-5 3.98102E-5 4.9309E-5 5.64935E-5 7.12814E-5 7.79947E-5 9.9439E-5 3.41937E-4 1.61957E-4 1.31053E-4 5.65899E-5 3.90411E-5 3.78198E-5 6.06693E-5 2.02407E-5 1.34104E-5 9.93747E-6 8.43364E-6 2.7487E-5 5.75508E-5 1.7967E-4 7.9364E-5 1.01816E-4 8.51101E-5 1.53333E-4 1.39862E-4 1.33934E-4 1.23136E-4 3.75765E-5 4.02389E-5 3.73709E-5 4.38419E-5 1.89909E-5 3.2799E-5 3.77493E-5 6.61276E-5 3.11031E-5 3.18159E-5 3.69448E-5 5.46318E-5
3.23164E-5 8.09762E-5 1.06176E-4 1.96735E-4 1.53304E-4 1.70823E-4 1.22671E-4 8.18173E-5 3.13925E-5 4.65662E-5 4.67325E-5 6.82142E-5 5.33462E-5 4.96497E-5 5.0316E-5 5.65197E-5 4.93835E-5 4.32689E-5 4.41033E-5 4.5193E-5 6.29777E-5 5.75861E-5 5.99481E-5 4.74388E-5 3.48642E-5 4.3726E-5 5.56853E-5 5.60831E-5 7.36414E-5 1.92731E-4 7.91278E-5 9.53996E-5 7.77311E-5 8.57692E-5 1.56074E-4 1.49935E-4 7.5524E-5 4.09803E-5 4.01135E-5 3.68951E-5 2.36444E-5 2.24412E-5 1.77487E-5 3.06448E-5 2.19111E-5 6.08775E-5 1.05682E-4 2.44882E-4 2.18332E-4 2.82633E-4 8.80567E-5 1.70891E-4 1.27564E-4 8.29961E-5 4.63033E-5 2.61764E-5 3.12557E-5 3.17749E-5 4.92484E-5 2.09799E-5 2.22376E-5 2.83827E-5 3.42226E-5 3.46078E-5 4.15156E-5 4.40608E-5
3.04296E-4 1.96665E-4 8.04937E-4 2.7985E-4 1.14066E-4 7.95345E-5 7.72371E-5 8.0825E-5 7.84276E-5 5.19451E-5 3.6608E-5 5.66585E-5 6.11221E-5 5.33191E-5 5.0582E-5 5.17427E-5 5.57755E-5 5.31896E-5 5.38755E-5 5.12399E-5 7.91424E-5 5.21159E-5 8.46245E-5 3.2055E-5 3.36668E-5 4.2089E-5 9.40767E-5 6.3819E-5 4.71687E-5 7.77123E-5 1.47343E-4 8.73248E-5 4.76314E-5 1.01479E-4 1.60282E-4 5.33007E-4 3.30196E-4 1.03737E-4 4.58576E-5 9.12084E-5 8.58418E-5 1.43645E-4 5.30175E-5 4.32033E-5 3.08382E-5 2.92538E-5 9.66281E-5 1.3247E-4 2.35755E-4 2.18782E-4 1.94467E-4 1.99055E-4 1.11432E-4 3.11327E-5 2.50056E-5 2.19815E-5 2.0783E-5 2.40818E-5 3.76862E-5 2.26237E-5 4.6879E-5 3.44035E-5 3.45004E-5 4.1321E-5 3.65015E-5 3.64527E-5
8.11735E-5 8.64465E-5 1.8945E-4 1.11668E-4 9.31957E-5 8.31034E-5 7.96074E-5 7.59047E-5 3.46523E-5 3.34224E-5 3.27366E-5 3.36765E-5 3.62716E-5 3.55413E-5 3.36451E-5 4.92378E-5 4.74156E-5 5.04337E-5 5.49885E-5 5.16389E-5 5.21038E-5 6.90243E-5 1.23728E-4 5.45728E-5 3.19506E-5 3.26431E-5 6.43348E-5 6.99655E-5 1.93365E-4 1.76864E-4 2.21517E-4 3.08877E-4 8.77519E-5 2.30078E-4 8.66079E-4 8.14303E-4 6.48576E-4 2.84667E-4 2.55142E-4 2.98202E-4 4.42571E-4 1.13129E-3 1.5265E-4 8.55918E-5 2.84478E-5 7.82548E-5 3.57736E-4 4.69211E-4 3.41517E-4 2.25553E-4 7.75736E-5 3.00931E-5 7.39515E-5 2.69086E-5 2.61378E-5 2.60406E-5 2.47837E-5 2.23828E-5 2.35878E-5 2.39124E-5 3.38739E-5 5.72864E-5 3.30278E-5 3.20284E-5 3.14505E-5 3.45722E-5
4.76699E-5 6.60922E-5 6.74171E-5 5.19491E-5 4.61006E-5 4.13131E-5 4.03209E-5 7.66587E-5 7.49146E-5 7.68836E-5 3.62618E-5 3.66539E-5 3.41373E-5 3.1627E-5 3.05327E-5 3.02919E-5 3.14368E-5 3.3062E-5 5.11103E-5 6.48947E-5 5.5896E-5 6.31665E-5 7.16171E-5 9.29905E-5 3.81507E-5 9.50674E-5 1.26145E-4 1.68504E-4 1.97325E-4 2.48615E-4 2.30561E-4 1.93622E-4 2.72089E-4 8.24953E-4 1.12041E-3 9.69679E-4 1.06246E-3 6.34891E-4 6.08251E-5 8.84827E-5 6.29054E-4 7.09775E-4 3.45206E-4 2.15625E-5 1.23168E-5 2.7277E-5 1.56473E-4 4.75791E-4 5.57199E-4 2.89508E-4 2.73754E-5 1.65466E-5 8.1798E-5 4.37978E-5 3.74051E-5 3.07043E-5 3.20164E-5 3.78303E-5 2.88679E-5 2.51897E-5 2.68087E-5 3.27505E-5 3.8419E-5 3.16912E-5 3.52639E-5 3.85347E-5
7.19047E-5 1.50797E-4 1.17565E-4 5.11729E-5 4.84233E-5 4.47046E-5 4.27672E-5 8.50736E-5 8.12024E-5 8.30944E-5 8.71242E-5 8.2023E-5 8.16967E-5 7.8794E-5 7.62776E-5 7.45188E-5 1.01846E-4 9.63764E-5 9.8343E-5 8.64401E-5 8.87976E-5 9.20958E-5 3.1086E-4 9.50886E-5 4.8189E-5 1.38084E-4 2.22485E-4 3.90938E-4 2.20875E-4 7.64925E-5 5.67032E-5 7.22901E-5 1.27366E-4 1.29919E-4 2.03849E-4 6.58903E-4 9.45755E-4 7.21195E-4 6.0395E-5 5.27626E-5 5.66273E-5 4.56733E-5 6.10117E-5 3.56038E-5 1.34167E-5 8.41434E-6 2.89805E-5 6.08405E-5 2.79445E-4 8.65396E-5 2.08554E-5 1.62578E-5 2.55856E-5 2.60059E-5 1.00368E-4 6.34574E-5 3.25673E-5 3.16072E-5 3.05173E-5 2.67086E-5 3.51615E-5 6.1398E-5 4.92384E-5 3.50277E-5 2.98883E-5 2.66747E-5
9.10617E-5 5.24364E-5 5.01534E-5 5.11394E-5 4.80495E-5 4.83978E-5 4.4908E-5 9.25505E-5 9.08246E-5 9.14709E-5 8.36528E-5 8.55072E-5 8.3246E-5 8.00331E-5 7.80527E-5 1.42056E-4 1.17987E-4 1.43053E-4 1.38651E-4 1.30471E-4 1.31608E-4 3.16042E-4 5.86264E-4 2.90085E-4 5.95918E-5 1.05489E-4 1.02899E-4 2.49999E-4 3.03988E-4 3.43474E-5 2.40422E-5 4.61593E-5 4.38366E-5 2.95062E-5 3.8402E-5 1.25683E-4 2.90754E-4 9.14894E-5 3.2287E-5 3.5316E-5 3.02932E-5 3.27721E-5 7.66241E-5 2.71463E-5 1.1165E-5 1.10845E-5 2.57642E-5 3.13748E-5 6.84807E-5 3.30678E-5 1.67031E-5 3.19376E-5 3.64843E-5 2.15423E-5 3.61774E-5 4.56805E-5 3.48828E-5 3.67485E-5 3.27258E-5 2.36038E-5 2.22122E-5 2.21243E-5 3.14402E-5 4.20683E-5 5.6411E-5 3.04483E-5
3.83119E-5 3.79692E-5 3.92728E-5 4.40279E-5 4.53606E-5 4.45595E-5 4.4438E-5 4.29843E-5 4.19829E-5 8.79026E-5 8.75995E-5 8.83293E-5 7.89723E-5 8.3092E-5 1.96958E-4 1.88576E-4 7.12605E-5 9.19043E-5 2.08155E-4 1.018E-4 1.72181E-4 1.812E-4 2.66172E-4 1.19292E-3 1.667E-4 2.91448E-4 4.056E-4 3.40277E-4 1.77276E-4 4.74516E-5 2.58149E-5 2.68013E-5 2.70178E-5 2.51783E-5 2.63329E-5 2.8835E-5 3.233E-5 3.3609E-5 3.28069E-5 5.67299E-5 8.13155E-5 7.28607E-5 1.12093E-4 3.68411E-5 2.52938E-5 2.81885E-5 2.68808E-5 3.49479E-5 3.48461E-5 2.8066E-5 2.50946E-5 9.30153E-5 5.28371E-5 1.89516E-5 3.49293E-5 5.80112E-5 1.27633E-4 4.90331E-5 3.32776E-5 3.0986E-5 2.84561E-5 2.31593E-5 4.08619E-5 3.10267E-5 2.64184E-5 2.46812E-5
4.17824E-5 3.9849E-5 3.85073E-5 3.7067E-5 3.53321E-5 2.62548E-5 2.52368E-5 2.52152E-5 2.52125E-5 2.405E-5 2.41238E-5 3.46688E-5 3.42023E-5 9.13214E-5 1.7856E-4 1.04773E-4 7.37521E-5 2.19017E-4 1.44357E-3 3.92125E-4 1.10745E-3 2.04548E-4 3.47162E-4 2.41253E-4 7.1854E-4 7.5936E-4 6.89771E-4 2.69428E-4 1.49952E-4 3.14687E-5 2.38167E-5 2.43506E-5 2.43344E-5 2.68008E-5 2.83444E-5 2.95138E-5 2.93251E-5 3.02394E-5 3.06629E-5 3.23075E-5 7.12055E-5 2.76161E-5 2.94159E-5 3.04099E-5 2.92433E-5 2.6118E-5 2.88839E-5 4.61659E-5 5.21265E-5 3.4312E-5 2.50848E-5 2.41786E-5 2.07109E-5 1.63167E-5 1.64635E-5 2.82069E-5 1.63085E-4 4.03718E-5 3.13822E-5 3.51435E-5 3.09357E-5 2.32914E-5 2.99277E-5 2.45423E-5 2.55525E-5 2.87513E-5
3.67763E-5 3.79144E-5 3.55691E-5 3.94924E-5 3.86994E-5 2.68133E-5 2.3719E-5 2.37378E-5 2.37427E-5 2.48144E-5 2.52923E-5 2.6536E-5 3.72783E-5 3.53465E-5 4.81868E-5 5.87811E-5 3.28879E-5 6.01932E-5 1.10753E-3 1.53555E-3 8.83881E-4 1.2033E-3 1.54943E-4 1.71756E-4 9.33033E-5 1.04431E-4 3.91753E-4 2.17697E-4 1.33833E-4 2.3634E-5 2.28097E-5 2.26555E-5 2.32611E-5 2.61953E-5 2.68854E-5 2.72259E-5 2.73772E-5 2.75013E-5 2.89431E-5 3.5463E-5 4.62924E-5 2.63181E-5 2.97258E-5 3.1092E-5 3.233E-5 3.00462E-5 2.90064E-5 2.97945E-5 2.72919E-5 2.53353E-5 2.95137E-5 3.2831E-5 2.45441E-5 1.80913E-5 3.72016E-5 2.11712E-5 2.72252E-5 3.05998E-5 3.16824E-5 2.31806E-5 1.74317E-5 2.33646E-5 2.44037E-5 2.31595E-5 2.83351E-5 1.62925E-4
4.03242E-5 4.76952E-5 3.85627E-5 3.64912E-5 3.35264E-5 2.56287E-5 2.25412E-5 2.17609E-5 2.14151E-5 2.55686E-5 2.75255E-5 2.68733E-5 2.71531E-5 2.34464E-5 1.16077E-4 8.94683E-5 2.82711E-5 3.33165E-5 4.12812E-4 5.49013E-4 3.16798E-4 3.09553E-4 1.6891E-4 2.27482E-4 9.7127E-5 8.10837E-5 5.08116E-4 2.54111E-4 6.02005E-5 2.3903E-5 2.23517E-5 2.20545E-5 2.34451E-5 2.41289E-5 2.53071E-5 2.62908E-5 2.74243E-5 2.72651E-5 2.78189E-5 2.82275E-5 2.75354E-5 2.54922E-5 2.98965E-5 3.07828E-5 3.19525E-5 3.00906E-5 3.23937E-5 2.72539E-5 2.82561E-5 2.86139E-5 2.23399E-5 2.1122E-5 1.84697E-5 2.92512E-5 2.13724E-5 3.22723E-5 4.72952E-5 5.92312E-5 3.02087E-5 1.93206E-5 1.71892E-5 2.12696E-5 2.40331E-5 2.66323E-5 4.09896E-5 4.60654E-5
2.19081E-5 2.77873E-5 3.3668E-5 3.4479E-5 3.1001E-5 2.37797E-5 2.25067E-5 2.16377E-5 2.23043E-5 2.87049E-5 3.1732E-5 6.37653E-5 9.15594E-5 3.2706E-5 1.07451E-4 1.04515E-4 2.5535E-5 2.61125E-5 4.57777E-5 3.43269E-4 5.41628E-4 3.97681E-4 2.0222E-4 6.10162E-5 1.27951E-4 4.17986E-5 1.61327E-4 1.55839E-4 3.10992E-5 1.98925E-5 2.25197E-5 2.26536E-5 2.39862E-5 2.38901E-5 2.4475E-5 2.54531E-5 2.6218E-5 2.70066E-5 2.77099E-5 2.74631E-5 2.65105E-5 2.48437E-5 2.77649E-5 2.92375E-5 2.7154E-5 2.99116E-5 3.27756E-5 2.65937E-5 2.72342E-5 2.90652E-5 2.63778E-5 2.23786E-5 2.43708E-5 1.5279E-5 1.88595E-5 1.90811E-5 4.81273E-5 5.08812E-5 2.67553E-5 3.89669E-5 2.03833E-5 2.22963E-5 2.38561E-5 2.47665E-5 2.48945E-5 2.42703E-5
2.03973E-5 2.25416E-5 2.23468E-5 2.3237E-5 3.83267E-5 2.56504E-5 3.57804E-5 6.33746E-5 4.99417E-5 3.8862E-5 1.91851E-5 2.89365E-5 3.63342E-5 2.03216E-5 1.44059E-5 1.56684E-5 2.44908E-5 2.81268E-5 2.36185E-5 8.93001E-5 2.82319E-4 5.52154E-4 4.55242E-4 5.87243E-5 1.098E-4 7.80091E-5 1.68124E-4 6.72448E-5 2.16859E-5 2.04455E-5 1.96861E-5 2.46739E-5 2.42908E-5 2.44618E-5 2.47519E-5 2.55268E-5 2.61615E-5 2.90001E-5 2.89595E-5 2.76734E-5 2.54324E-5 2.46482E-5 2.40787E-5 2.55035E-5 2.60824E-5 3.52895E-5 3.45124E-5 2.59793E-5 2.57017E-5 2.60971E-5 2.58028E-5 2.44857E-5 2.51422E-5 1.60129E-5 1.75762E-5 2.12526E-5 2.41339E-5 6.24431E-5 2.66482E-5 1.78514E-5 2.10409E-5 2.3045E-5 2.48661E-5 2.6629E-5 2.07768E-5 2.16351E-5
1.72346E-5 1.71092E-5 1.53055E-5 1.83573E-5 2.38161E-5 2.39157E-5 3.90135E-5 4.83858E-5 1.22574E-4 1.68079E-5 1.59396E-5 1.88117E-5 2.06692E-5 2.17597E-5 1.369E-5 1.39037E-5 2.18287E-5 2.26314E-5 2.19704E-5 1.88252E-5 3.354E-5 4.39467E-4 4.93422E-4 1.71866E-4 9.16904E-5 1.24878E-4 1.12513E-4 7.0158E-5 2.23648E-5 2.07051E-5 1.96623E-5 1.91275E-5 2.47664E-5 2.53547E-5 2.55633E-5 2.66603E-5 2.69899E-5 2.72867E-5 2.81062E-5 2.48521E-5 2.4019E-5 2.322E-5 2.20662E-5 1.8867E-5 1.88425E-5 2.04118E-5 2.15123E-5 2.08993E-5 2.12574E-5 2.13382E-5 2.05621E-5 2.25386E-5 2.45072E-5 1.61861E-5 1.54252E-5 2.04146E-5 2.52288E-5 2.86045E-5 2.25967E-5 2.07602E-5 2.4785E-5 2.42836E-5 5.17489E-5 2.12445E-5 1.96785E-5 4.73095E-5
1.56081E-5 1.46353E-5 1.43006E-5 1.45295E-5 1.99171E-5 2.94923E-5 1.66959E-4 1.25257E-4 5.76364E-5 2.1494E-5 2.32607E-5 1.85986E-5 1.63404E-5 1.80438E-5 1.58207E-5 1.28809E-5 2.00618E-5 2.50208E-5 2.80147E-5 2.13209E-5 2.52185E-5 1.40201E-4 5.05555E-4 2.69472E-4 2.56421E-4 1.66994E-4 1.32154E-4 4.79676E-5 2.14647E-5 1.97908E-5 2.00402E-5 2.10523E-5 2.00682E-5 2.51818E-5 2.58491E-5 2.73432E-5 2.72692E-5 2.69133E-5 2.67427E-5 2.52444E-5 2.43093E-5 2.33784E-5 2.11764E-5 2.02594E-5 2.14743E-5 3.44439E-5 2.83414E-5 2.42127E-5 2.16661E-5 2.19839E-5 2.15767E-5 2.45224E-5 3.46387E-5 2.45125E-5 1.39521E-5 3.84403E-5 3.51429E-5 3.95607E-5 -9999 2.54044E-5 2.24666E-5 2.78472E-5 3.75923E-5 7.37807E-5 2.86722E-5 5.04028E-5
