catData/rasterBestHybridModels/Fchaus/RD_RM2_autofeature/Fchaus_avg.asc
ncols         409
nrows         350
xllcorner     60.897278365
yllcorner     5.843756025
cellsize      0.0892857
NODATA_value  -9999
[rows 174 to 202 of 350, columns 198 to 263 of 409]
3.36169E-5 3.05761E-5 2.84459E-5 2.63254E-5 3.46445E-5 2.5173E-4 6.55124E-5 5.71225E-5 6.38866E-5 5.4146E-5 5.08012E-5 3.87421E-5 3.36247E-5 3.77885E-5 2.59849E-5 2.4526E-5 3.34661E-5 3.92089E-5 3.99444E-5 4.06097E-5 2.93585E-5 2.85939E-5 7.71506E-5 5.81879E-4 7.36271E-4 1.6547E-4 8.24316E-5 3.29574E-5 3.29438E-5 3.21694E-5 3.18712E-5 3.20481E-5 3.23274E-5 3.25592E-5 4.9396E-5 4.80314E-5 4.77107E-5 4.69E-5 4.66913E-5 4.60962E-5 4.44468E-5 4.13415E-5 5.00145E-5 1.27293E-4 1.05324E-4 1.99796E-4 6.51087E-5 9.25083E-5 4.50358E-5 8.28184E-5 6.16151E-5 4.64741E-5 4.41047E-5 4.90016E-5 5.28452E-5 4.46615E-5 9.33301E-5 1.11283E-4 3.98234E-5 3.29121E-5 3.14218E-5 2.88115E-5 2.88194E-5 3.44864E-4 1.89622E-4 2.17873E-4
3.20231E-5 3.02603E-5 3.03714E-5 2.78513E-5 2.75849E-5 2.84465E-5 2.65533E-5 3.57939E-5 2.72355E-5 4.47931E-5 6.88795E-5 3.04495E-5 2.48412E-5 2.41867E-5 2.50187E-5 2.83179E-5 1.1717E-4 4.64578E-5 3.86957E-5 3.41273E-5 3.17222E-5 3.03264E-5 1.42697E-4 8.76132E-4 3.32308E-4 1.1201E-4 6.70276E-5 3.24417E-5 3.25785E-5 3.2356E-5 3.28118E-5 3.24085E-5 3.29863E-5 3.29654E-5 6.15275E-5 8.79452E-5 5.00542E-5 4.78134E-5 5.4117E-5 5.20255E-5 4.63366E-5 7.51711E-5 1.62968E-4 4.1843E-4 3.89463E-4 4.69681E-5 4.9484E-5 4.64279E-5 4.08634E-5 4.74143E-5 4.83858E-5 1.09591E-4 6.96767E-5 5.18665E-5 2.63513E-5 2.6733E-5 2.84123E-5 3.50247E-5 3.49023E-5 3.1982E-5 3.05732E-5 5.69087E-5 3.17487E-5 9.38949E-5 4.87832E-4 5.98293E-4
3.12632E-5 3.06465E-5 3.05539E-5 2.75257E-5 2.64444E-5 2.49385E-5 2.64987E-5 2.7267E-5 2.66673E-5 2.63938E-5 2.58737E-5 2.56395E-5 2.53217E-5 2.45486E-5 2.64247E-5 4.0447E-5 1.97322E-4 3.40752E-5 2.9691E-5 3.2947E-5 3.3057E-5 3.02146E-5 1.61636E-4 4.37476E-4 4.70985E-4 1.24518E-4 6.87772E-5 3.37732E-5 3.32749E-5 3.31436E-5 6.24E-5 3.97345E-5 3.35912E-5 3.97442E-5 7.19715E-5 7.23332E-5 7.59904E-5 6.10282E-5 6.56334E-5 6.44417E-5 4.76101E-5 1.16188E-4 1.5193E-4 8.64527E-5 8.22692E-5 4.56975E-5 4.39173E-5 4.23972E-5 3.94223E-5 3.6089E-5 3.81293E-5 4.70955E-5 4.26353E-5 4.22377E-5 4.22593E-5 3.11764E-5 4.52379E-5 4.85975E-5 3.63913E-5 3.17697E-5 4.56792E-5 8.08546E-5 1.06239E-4 1.10985E-4 2.63408E-4 3.72752E-4
1.07258E-4 1.02871E-4 9.77152E-5 2.74624E-5 3.18572E-4 1.0121E-4 2.59448E-5 2.64607E-5 2.55836E-5 2.54461E-5 2.52549E-5 2.56275E-5 2.63864E-5 2.76884E-5 1.2509E-4 3.60991E-4 3.12035E-4 5.51781E-5 3.03358E-5 3.66616E-5 2.99208E-5 4.01973E-5 4.37394E-5 1.96815E-4 2.57692E-4 9.79535E-5 3.54031E-5 3.43572E-5 3.87713E-5 1.34094E-4 1.93571E-4 1.66225E-4 3.51943E-5 5.34853E-5 7.35127E-5 7.39722E-5 7.34448E-5 7.23541E-5 6.57844E-5 4.69687E-5 5.07777E-5 5.55217E-5 6.15786E-5 4.94023E-5 4.85634E-5 4.53136E-5 4.55779E-5 4.36959E-5 3.97163E-5 3.68819E-5 4.61067E-5 1.17418E-4 8.50366E-5 4.13952E-5 4.26904E-5 3.85127E-5 4.54546E-5 4.36818E-5 3.65683E-5 3.11777E-5 1.07732E-4 1.09872E-4 1.18658E-4 2.51812E-4 3.79547E-4 2.3915E-4
1.09797E-4 1.02357E-4 9.70626E-5 8.79511E-5 3.06743E-4 2.80419E-4 7.64487E-5 3.10982E-5 2.74236E-5 2.48956E-5 2.4336E-5 2.7482E-5 2.84465E-5 5.17496E-5 3.49508E-5 3.62027E-5 3.87764E-5 2.85681E-5 4.62377E-5 1.08425E-4 3.39246E-5 3.66899E-5 4.71262E-5 3.70521E-5 7.49872E-5 3.57013E-5 3.49271E-5 3.58422E-5 3.5394E-5 7.60295E-5 2.11975E-4 1.34966E-4 3.66117E-5 3.70609E-5 7.69241E-5 7.56206E-5 7.54164E-5 6.44254E-5 5.26118E-5 4.68775E-5 6.19224E-5 5.2115E-5 5.3624E-5 5.03028E-5 7.24913E-5 4.77714E-5 4.63793E-5 4.43698E-5 3.94188E-5 4.72341E-5 5.93815E-5 1.82375E-4 5.81303E-5 4.05119E-5 4.19451E-5 2.91923E-5 4.13855E-5 3.80119E-5 3.33093E-5 4.36558E-5 1.90206E-4 7.53278E-5 9.85128E-5 2.25834E-4 2.65024E-4 1.36376E-4
1.07595E-4 1.02993E-4 1.00853E-4 9.20766E-5 2.00923E-4 1.02347E-4 2.76607E-5 3.08852E-5 2.80755E-5 2.46784E-5 2.51947E-5 2.71346E-5 2.73284E-5 2.81875E-5 2.60574E-5 2.49595E-5 2.56303E-5 3.05764E-5 5.49269E-5 4.716E-5 2.89756E-5 4.49086E-5 3.08904E-5 2.90104E-5 7.18686E-5 3.55258E-5 3.52712E-5 3.63428E-5 3.71935E-5 1.27624E-4 1.7783E-4 7.28285E-5 3.65514E-5 3.84915E-5 6.36505E-5 5.04966E-5 4.35848E-5 4.15443E-5 4.73825E-5 4.98885E-5 5.21361E-5 8.39889E-5 6.23153E-5 5.16439E-5 4.93959E-5 4.72253E-5 4.68531E-5 4.88555E-5 7.53483E-5 3.75326E-5 6.39996E-5 6.70596E-5 4.02396E-5 3.97703E-5 4.07193E-5 5.39544E-5 3.42695E-5 3.45749E-5 2.78186E-5 8.22416E-5 1.02618E-4 8.04056E-5 8.75409E-5 9.8658E-5 9.71761E-5 1.29198E-4
9.78E-5 1.04495E-4 1.03293E-4 2.75206E-5 2.32665E-5 2.3519E-5 2.45766E-5 2.48252E-5 2.49096E-5 2.4601E-5 2.41916E-5 2.44101E-5 2.67344E-5 4.19467E-5 2.55935E-5 2.56935E-5 2.65469E-5 1.09383E-4 2.99385E-4 7.05833E-5 3.28599E-5 4.51593E-5 3.06896E-5 7.65072E-5 3.61379E-5 3.56551E-5 3.55879E-5 3.61785E-5 3.55578E-5 3.64774E-5 3.69288E-5 3.75686E-5 3.72358E-5 3.73547E-5 3.97987E-5 4.00003E-5 4.13533E-5 3.81696E-5 3.70475E-5 5.41246E-5 5.47336E-5 1.34718E-4 6.98116E-5 5.11493E-5 4.94211E-5 5.52088E-5 5.3179E-5 5.91382E-5 6.97647E-5 4.95713E-5 3.68798E-5 3.7904E-5 3.77433E-5 4.13035E-5 4.71396E-5 4.60217E-5 2.83069E-5 2.81583E-5 2.52272E-5 3.88964E-5 2.88036E-5 2.46562E-5 4.39263E-5 8.83676E-5 2.5797E-5 2.82289E-5
2.44466E-5 2.39616E-5 2.62046E-5 2.52942E-5 2.26024E-5 2.39761E-5 2.44076E-5 2.4967E-5 2.52314E-5 3.30191E-5 3.67415E-5 2.49899E-5 2.38135E-5 2.3677E-5 2.4551E-5 2.57513E-5 2.57421E-5 5.56392E-5 4.06558E-5 8.66844E-5 5.04281E-5 4.50656E-5 3.16982E-5 7.49934E-5 3.63956E-5 4.27649E-5 3.82539E-5 3.61876E-5 3.6784E-5 3.68276E-5 3.76556E-5 3.81204E-5 3.83173E-5 3.95858E-5 3.97861E-5 4.02658E-5 3.97372E-5 3.91181E-5 3.76501E-5 6.06326E-5 6.07216E-5 1.02725E-4 1.14479E-4 5.44858E-5 5.14484E-5 5.08322E-5 5.15662E-5 1.8808E-4 2.12866E-4 8.85279E-5 8.44461E-5 7.15068E-5 7.93246E-5 4.02773E-5 5.17216E-5 4.40589E-5 5.20144E-5 4.01916E-5 2.38548E-5 2.211E-5 2.25433E-5 2.12764E-5 3.13009E-5 4.47288E-5 3.42645E-5 2.90736E-5
2.31667E-5 2.2132E-5 2.21173E-5 2.10828E-5 2.18569E-5 2.31474E-5 2.55167E-5 2.39359E-5 2.53505E-5 5.70648E-5 2.81066E-5 3.59908E-5 2.40419E-5 2.47397E-5 2.94289E-5 3.24318E-5 3.8705E-5 5.82485E-5 9.94717E-5 3.24255E-4 8.85521E-5 3.8617E-5 2.8572E-5 3.62437E-5 3.5806E-5 4.99302E-5 4.60196E-5 3.85667E-5 3.8529E-5 3.95594E-5 3.97483E-5 3.92644E-5 4.03885E-5 4.17232E-5 4.13113E-5 4.1814E-5 4.05212E-5 3.76053E-5 8.87537E-5 1.74202E-4 7.50296E-5 1.17719E-4 1.28982E-4 6.94282E-5 5.96329E-5 5.22432E-5 7.3697E-5 1.53436E-4 5.83016E-5 4.92852E-5 5.29887E-5 4.21148E-5 5.84234E-5 7.53432E-5 4.4528E-5 4.42858E-5 4.02112E-5 2.63827E-5 2.34135E-5 2.3015E-5 2.24181E-5 2.09651E-5 3.34943E-5 3.35117E-5 2.10602E-5 2.6469E-5
2.83151E-5 2.45792E-5 2.11533E-5 2.1469E-5 2.18144E-5 2.20492E-5 2.24674E-5 2.37453E-5 2.7093E-5 2.45994E-5 2.44451E-5 2.61905E-5 2.6858E-5 2.42992E-5 2.46186E-5 4.25606E-5 2.62398E-5 2.58406E-5 6.64777E-5 1.91043E-4 1.85648E-4 3.94939E-5 7.82558E-5 4.04878E-5 3.81671E-5 4.75293E-5 7.12107E-5 6.19299E-5 4.18477E-5 4.17117E-5 3.84627E-5 3.93294E-5 4.12769E-5 4.29869E-5 4.23233E-5 3.91765E-5 5.55781E-5 8.51144E-5 9.62889E-5 1.84677E-4 1.74365E-4 8.54456E-5 1.29696E-4 1.75257E-4 1.10956E-4 5.28563E-5 6.96509E-5 1.24126E-4 6.91499E-5 4.746E-5 4.86702E-5 4.3223E-5 4.46242E-5 6.77013E-5 7.39485E-5 4.67392E-5 4.32481E-5 2.45782E-5 3.06699E-5 2.8192E-5 2.77739E-5 5.45206E-5 5.51163E-5 4.71306E-5 6.00446E-5 2.01545E-5
2.6455E-5 2.72233E-5 2.10712E-5 2.15276E-5 2.16609E-5 2.13345E-5 2.19283E-5 2.38738E-5 2.39567E-5 2.44646E-5 2.47808E-5 2.4654E-5 2.42291E-5 2.3634E-5 2.40414E-5 2.49507E-5 2.57723E-5 2.54266E-5 2.88409E-5 3.17029E-5 3.14577E-4 1.68009E-4 8.46351E-5 4.5874E-5 4.33112E-5 4.18269E-5 5.4976E-5 4.38806E-5 4.18552E-5 7.33113E-5 4.63795E-5 4.25928E-5 4.21472E-5 4.27242E-5 4.03188E-5 4.8547E-5 8.01492E-5 1.00864E-4 4.42297E-5 4.18988E-5 5.36131E-5 1.24824E-4 5.87682E-4 2.00113E-4 7.16179E-5 5.24676E-5 5.21196E-5 9.17343E-5 5.40374E-5 4.73063E-5 4.7494E-5 6.17972E-5 4.42187E-5 4.35192E-5 6.87093E-5 4.78409E-5 5.78738E-5 2.45715E-5 1.19705E-4 3.47119E-4 3.54717E-4 3.16101E-4 2.79067E-4 1.6738E-4 3.53726E-4 5.50226E-5
2.09284E-5 2.27162E-5 2.10617E-5 2.09387E-5 2.15962E-5 2.1553E-5 2.09199E-5 2.27637E-5 2.30245E-5 2.23923E-5 2.44283E-5 2.5844E-5 2.46344E-5 2.41015E-5 2.36826E-5 2.36776E-5 2.46556E-5 2.67145E-5 2.76344E-5 5.51584E-5 1.0864E-4 1.24771E-3 1.24979E-4 6.75661E-5 4.21771E-5 4.16291E-5 1.16872E-4 8.99677E-5 4.17591E-5 4.9267E-5 5.96699E-5 4.52054E-5 4.30075E-5 6.19622E-5 7.26811E-5 1.19757E-4 9.93903E-5 2.95607E-4 6.90979E-5 6.76972E-5 1.48564E-4 1.55569E-4 7.22366E-4 3.32178E-4 1.90708E-4 5.05464E-5 6.83214E-5 5.32624E-5 4.92184E-5 4.6729E-5 4.77997E-5 9.90698E-5 5.33139E-5 5.71029E-5 4.45066E-5 4.98049E-5 3.98056E-5 5.06263E-5 1.58038E-4 6.73746E-4 9.43873E-4 8.95082E-4 7.40645E-4 2.35208E-4 4.64979E-4 2.44633E-4
2.13503E-5 2.16707E-5 2.13983E-5 2.12138E-5 2.08668E-5 2.1209E-5 2.16783E-5 3.30362E-5 3.28181E-5 2.18756E-5 2.3665E-5 2.54977E-5 2.5389E-5 2.49205E-5 2.40836E-5 2.30801E-5 2.46095E-5 2.3908E-5 2.68348E-5 3.46383E-5 1.79147E-4 9.3635E-4 2.44762E-4 2.46274E-4 4.43305E-5 4.0882E-5 1.82768E-4 8.00303E-5 4.395E-5 4.96243E-5 4.32599E-5 4.10326E-5 3.99369E-5 4.18921E-5 4.4894E-5 4.50795E-5 7.21448E-5 1.94887E-4 1.05993E-4 6.86678E-5 2.25066E-4 1.24587E-4 4.1093E-4 3.67211E-4 3.44755E-4 4.87442E-5 5.24406E-5 7.48913E-5 4.77928E-5 4.64794E-5 4.94381E-5 8.72876E-5 4.54347E-5 4.51114E-5 4.03225E-5 4.07542E-5 6.7835E-5 1.12265E-4 5.6194E-4 6.39014E-4 1.0181E-3 7.94091E-4 7.19029E-4 1.70137E-4 1.04503E-4 2.39125E-4
2.04029E-5 2.03303E-5 2.05406E-5 2.02924E-5 2.05687E-5 2.11949E-5 2.16138E-5 3.00313E-5 1.43925E-4 1.0697E-4 9.50379E-5 2.36912E-5 2.54174E-5 2.60541E-5 2.43876E-5 2.25404E-5 2.19123E-5 2.38717E-5 2.24367E-5 3.4177E-5 5.11906E-4 2.50647E-4 5.36265E-5 5.99156E-5 4.02323E-5 5.78927E-5 4.20629E-5 4.30355E-5 5.92386E-5 5.19984E-5 4.46127E-5 4.15225E-5 3.92664E-5 4.08366E-5 4.96435E-5 5.8019E-5 1.04047E-4 5.446E-5 9.59428E-5 2.1359E-4 4.13997E-4 9.50594E-5 5.48955E-4 3.59925E-4 1.45066E-4 3.67546E-5 3.31519E-5 4.58798E-5 4.4437E-5 4.57153E-5 5.53203E-5 7.65307E-5 8.49193E-5 4.12054E-5 4.08625E-5 7.33073E-5 1.92675E-4 4.54257E-4 1.33091E-3 3.39129E-4 8.58781E-4 5.96156E-4 3.66721E-4 2.45238E-4 2.25714E-4 1.87433E-4
2.17372E-5 2.00967E-5 1.96918E-5 1.98806E-5 2.00476E-5 2.07683E-5 2.1464E-5 7.44188E-5 1.26694E-4 1.12458E-4 7.98452E-5 2.30878E-5 2.4441E-5 2.34425E-5 2.32049E-5 2.19631E-5 2.24579E-5 2.24961E-5 2.27442E-5 7.32718E-5 4.16776E-4 1.64109E-4 6.65093E-5 4.72004E-5 3.73462E-5 8.42317E-5 5.07908E-5 4.96284E-5 9.01972E-5 1.2768E-4 7.41998E-5 5.36125E-5 4.18911E-5 4.08366E-5 5.29193E-5 4.77294E-5 5.07619E-5 7.74545E-5 1.08033E-4 1.82764E-4 2.8387E-4 1.65417E-4 4.86111E-4 2.82877E-4 5.71532E-5 3.24097E-5 4.54554E-5 4.43057E-5 4.27867E-5 4.24341E-5 2.66337E-5 2.93693E-5 3.03095E-5 5.50985E-5 4.19034E-5 1.15135E-4 2.63546E-4 2.35647E-4 7.91235E-4 9.15825E-4 8.33471E-4 6.4221E-4 3.64898E-4 4.16053E-4 1.40049E-4 3.9885E-4
2.3317E-5 2.18659E-5 2.04071E-5 1.98771E-5 1.98E-5 2.04971E-5 2.3299E-5 1.63223E-4 2.06638E-4 9.21242E-5 2.49934E-4 1.10392E-4 2.49695E-5 4.22268E-5 2.32535E-5 2.20531E-5 2.20519E-5 2.18499E-5 1.33686E-4 5.74121E-4 1.882E-4 3.90337E-5 8.09173E-5 9.74451E-5 4.19791E-5 1.23575E-4 5.2242E-5 4.16984E-5 6.4978E-5 3.15319E-4 2.66665E-4 1.22846E-4 7.55188E-5 6.92333E-5 1.23333E-4 2.17708E-4 3.42435E-4 6.65444E-4 6.61355E-4 1.33674E-4 4.67324E-4 2.91141E-4 2.89365E-4 1.80656E-4 5.5514E-5 4.41329E-5 6.32261E-5 8.53569E-5 4.2778E-5 4.28179E-5 4.13745E-5 4.2261E-5 5.76822E-5 5.51718E-5 4.4398E-5 2.29479E-4 3.61443E-4 1.76301E-4 4.4529E-4 8.54502E-4 4.98801E-4 9.97706E-4 5.13694E-4 5.98621E-4 2.43206E-4 5.88487E-4
2.33607E-5 2.3813E-5 2.10791E-5 2.02508E-5 1.97142E-5 2.02808E-5 2.15043E-5 2.96977E-5 1.20597E-4 1.6098E-4 3.63718E-4 1.37021E-4 2.40484E-5 2.48741E-5 2.20715E-5 2.18857E-5 2.28391E-5 1.15776E-4 1.78104E-4 3.58034E-4 1.66667E-4 2.82979E-5 5.13396E-5 3.35657E-5 4.63428E-5 2.48178E-4 4.13398E-5 6.57635E-5 9.07156E-5 2.83912E-4 2.78446E-4 1.10123E-4 7.30062E-5 8.89024E-5 1.59196E-4 6.29721E-5 1.42491E-4 3.54954E-4 4.96494E-4 1.35284E-4 2.9953E-4 1.35224E-4 1.1573E-4 6.60431E-5 4.9981E-5 4.47973E-5 4.89298E-5 5.39471E-5 8.66164E-5 9.13875E-5 4.3209E-5 4.26014E-5 4.44217E-5 5.73048E-5 1.14322E-4 6.58984E-4 8.01046E-4 6.2983E-4 7.20581E-4 1.34614E-3 1.01493E-3 4.16686E-4 4.74944E-4 1.72906E-4 3.10773E-4 3.00259E-4
2.32029E-5 2.40047E-5 2.1735E-5 1.96231E-5 1.98333E-5 1.82383E-5 1.98989E-5 2.15792E-5 8.84347E-5 2.55341E-4 1.93068E-4 1.01729E-4 7.31242E-5 2.09812E-5 2.14802E-5 2.22026E-5 2.13546E-5 3.31559E-5 1.35143E-4 2.1918E-4 9.76647E-5 5.64094E-5 3.52879E-5 3.02484E-5 2.22262E-4 4.70973E-4 5.00734E-5 9.20266E-5 2.61804E-4 1.6407E-4 1.63273E-4 1.91204E-4 7.97114E-5 6.69812E-5 8.24656E-5 7.7644E-5 7.6863E-5 7.45416E-5 1.07912E-4 1.51179E-4 1.4072E-4 2.14574E-4 8.1766E-5 6.27878E-5 4.70142E-5 4.3352E-5 7.30195E-5 4.52236E-5 1.80141E-4 1.18288E-4 9.32152E-5 4.53573E-5 5.64964E-5 8.41904E-5 6.17825E-4 9.99396E-4 3.20248E-4 9.34053E-4 5.88272E-4 6.15167E-4 1.14417E-3 6.32608E-4 3.11043E-4 2.07947E-4 1.65339E-4 4.19058E-4
2.03598E-5 2.35973E-5 2.18862E-5 2.0368E-5 1.99882E-5 1.95555E-5 2.20407E-5 2.26406E-5 3.88555E-5 2.91196E-4 1.81201E-4 6.97451E-5 6.81962E-5 6.87266E-5 2.33315E-5 2.08293E-5 2.39488E-5 1.91609E-4 2.63358E-4 6.16249E-5 6.82904E-5 4.4243E-5 3.03476E-5 6.51635E-5 4.36919E-4 8.94486E-4 8.75651E-5 2.15706E-4 2.12712E-4 3.18222E-4 4.86981E-4 2.03382E-4 6.42005E-5 8.29812E-5 7.96033E-5 7.20937E-5 8.45662E-5 1.05778E-4 7.41775E-5 7.38532E-5 7.11561E-5 1.14009E-4 4.45522E-5 4.01291E-5 3.98872E-5 4.05083E-5 4.32409E-5 4.45778E-5 4.80077E-5 6.67186E-5 7.20644E-5 6.34112E-5 2.98662E-4 4.92931E-4 3.65197E-4 2.95735E-4 4.24143E-4 3.25625E-4 3.37238E-4 4.09278E-4 2.97045E-4 8.06969E-4 3.19112E-4 1.54831E-4 3.65832E-4 3.29415E-4
2.03855E-5 2.07786E-5 2.03483E-5 2.04409E-5 1.95056E-5 1.95047E-5 1.97361E-5 1.99521E-5 2.04265E-5 2.83986E-5 1.84736E-4 1.16106E-4 6.6216E-5 7.06759E-5 2.37002E-5 2.71526E-5 3.76174E-5 1.45348E-4 2.13919E-4 3.53644E-5 2.68934E-5 1.17935E-4 1.31732E-4 1.27915E-4 6.2635E-4 6.23016E-4 1.75537E-4 4.1608E-4 1.84574E-4 1.64413E-4 3.63194E-4 2.07379E-4 1.50126E-4 5.5392E-5 8.19537E-5 7.92735E-5 2.07289E-4 2.21762E-4 1.30137E-4 7.86696E-5 7.55921E-5 6.7344E-5 6.09411E-5 4.29664E-5 5.3056E-5 4.23317E-5 4.33189E-5 4.87998E-5 4.97721E-5 5.74055E-5 2.51699E-4 1.93238E-4 3.02557E-4 3.47905E-4 9.01592E-5 5.60839E-4 1.68371E-4 2.59698E-4 3.14482E-4 2.60947E-4 1.37134E-4 2.11312E-4 2.06365E-4 1.47539E-4 2.85801E-4 2.48856E-4
2.14471E-5 2.05925E-5 2.00749E-5 2.09133E-5 2.11823E-5 2.29383E-5 2.32277E-5 2.11727E-5 2.11422E-5 4.00971E-5 1.84906E-4 2.74641E-4 7.72877E-5 6.4762E-5 1.65082E-4 7.58752E-5 2.53355E-4 7.84452E-5 6.69828E-5 5.15755E-5 4.25388E-5 1.55026E-4 1.2891E-4 2.62149E-4 2.11791E-4 4.02623E-4 8.0059E-5 1.64693E-4 3.92407E-4 5.42333E-5 6.66274E-5 1.11973E-4 1.14462E-4 2.66034E-4 7.81671E-5 1.00959E-4 2.3199E-4 5.86782E-4 1.15561E-4 8.21397E-5 8.22181E-5 7.86541E-5 8.22342E-5 1.51291E-4 2.24203E-4 5.69696E-5 4.30839E-5 4.96009E-5 5.40064E-5 4.23249E-4 9.84927E-4 5.96665E-4 4.81095E-4 3.77488E-4 1.85399E-4 1.60477E-4 4.62451E-4 3.87095E-4 2.67281E-4 2.10828E-4 1.03394E-4 1.4909E-4 2.27204E-4 4.08213E-4 2.80576E-4 6.9374E-5
2.83805E-5 2.64576E-5 3.32409E-5 2.92719E-5 3.11344E-5 3.7974E-5 3.36095E-5 2.66506E-5 2.29332E-5 2.23969E-5 1.26313E-4 1.93164E-4 6.63642E-5 6.60831E-5 8.07148E-5 5.93917E-5 5.10475E-5 1.53774E-4 1.71299E-5 3.53093E-5 7.68898E-5 6.94262E-5 2.09662E-4 5.57559E-4 1.46446E-4 8.74638E-5 2.04648E-4 2.30124E-4 2.479E-4 1.37853E-4 7.59164E-5 9.21332E-5 1.13638E-4 7.52403E-5 7.10976E-5 1.0306E-4 4.35377E-4 6.09399E-4 2.91403E-4 1.30043E-4 1.0163E-4 8.62719E-5 8.71916E-5 9.57876E-5 2.69406E-4 4.98936E-5 4.20859E-5 5.0361E-5 1.49283E-4 1.34833E-3 7.60876E-4 8.13202E-4 3.41705E-4 4.02533E-4 3.3711E-4 9.84936E-5 2.03371E-4 4.77638E-4 2.42949E-4 1.86817E-4 7.37605E-5 1.47874E-4 2.09656E-4 2.45369E-4 2.97379E-4 1.4993E-4
3.18546E-5 3.46509E-5 3.40324E-5 2.99319E-5 2.71219E-5 2.47391E-5 2.60653E-5 2.6407E-5 2.43759E-5 2.72253E-4 1.19634E-4 7.98751E-5 6.60825E-5 6.46657E-5 2.54251E-5 3.79773E-5 3.54722E-5 2.77123E-4 5.45064E-5 2.42549E-5 9.26547E-5 2.54652E-4 8.58022E-5 1.21211E-4 1.28761E-4 1.23982E-4 2.24616E-4 2.389E-4 1.32932E-4 3.99587E-4 2.19123E-4 7.66053E-5 6.2422E-5 1.32492E-4 9.99834E-5 1.14029E-4 2.40316E-4 7.661E-4 3.48466E-4 1.47245E-4 1.85483E-4 8.92645E-5 8.95099E-5 1.07681E-4 2.74974E-4 1.32528E-4 4.6347E-5 5.43154E-5 2.1292E-4 1.74857E-4 2.51125E-4 9.35717E-4 3.36696E-4 3.32075E-4 2.82937E-4 9.02386E-5 9.15127E-4 5.3944E-4 3.81321E-4 4.86313E-4 9.18793E-5 1.61202E-4 2.19007E-4 2.86917E-4 5.21968E-4 2.29115E-4
2.98373E-5 3.11513E-5 3.30903E-5 3.22986E-5 2.64808E-5 1.9361E-5 1.96876E-5 7.69072E-5 7.5952E-5 2.62927E-4 2.85038E-4 8.90994E-5 7.3986E-5 6.38786E-5 6.52796E-5 1.76358E-5 4.71737E-5 2.58773E-4 1.13861E-4 7.36575E-5 1.15501E-4 9.77309E-5 3.06671E-5 6.02326E-5 1.73155E-4 3.23675E-4 1.54527E-4 2.71054E-4 2.14342E-4 2.38988E-4 9.75356E-5 3.93573E-5 1.26346E-4 1.15452E-4 9.18017E-5 1.01522E-4 1.25954E-4 1.34381E-4 1.21347E-4 2.37179E-4 1.42473E-4 9.29538E-5 1.02987E-4 1.08277E-4 9.16885E-5 2.28554E-4 1.07731E-4 5.739E-5 1.8895E-4 1.04554E-4 1.09089E-4 2.64999E-4 3.57106E-4 1.17943E-4 3.24366E-4 2.48813E-4 4.25812E-4 2.52332E-4 2.73469E-4 9.93993E-5 8.9804E-5 3.27475E-4 3.89971E-4 3.76318E-4 4.84041E-4 2.67438E-4
8.63687E-5 1.47538E-4 1.04808E-4 1.06921E-4 1.11092E-4 1.1467E-4 1.05364E-4 7.74802E-5 6.95838E-5 1.24677E-4 7.24609E-5 1.01334E-4 3.01621E-4 3.3556E-5 3.02774E-5 2.42459E-5 8.77072E-5 2.85422E-4 2.58661E-4 2.36028E-4 3.85013E-4 8.60625E-5 6.78561E-5 4.32673E-5 2.81843E-4 3.21027E-4 2.95583E-4 2.84502E-4 2.4547E-4 3.16869E-4 2.55237E-4 8.69162E-5 8.65439E-5 1.79618E-4 1.22951E-4 9.24862E-5 1.08212E-4 1.38338E-4 1.10176E-4 1.12932E-4 1.01066E-4 1.00066E-4 9.61549E-5 9.46318E-5 9.66471E-5 9.5437E-5 1.23832E-4 1.3943E-4 1.0634E-4 1.50523E-4 1.18341E-4 4.65779E-4 2.18158E-4 1.78636E-4 1.88924E-4 2.06425E-4 2.82165E-4 2.18118E-4 1.04097E-4 1.50989E-4 1.70258E-4 1.69887E-4 3.17691E-4 3.75705E-4 1.82167E-4 1.43389E-4
1.78721E-4 2.77012E-4 6.83154E-4 3.80569E-4 1.19368E-4 1.47623E-4 1.12399E-4 8.77554E-5 1.24522E-4 7.1676E-5 6.66249E-5 6.52659E-5 6.37051E-5 3.03085E-5 5.36258E-5 1.62457E-5 3.54284E-5 1.40777E-4 6.00443E-4 2.69214E-4 7.71193E-5 1.60475E-4 1.86266E-4 8.30624E-5 8.44787E-5 1.97876E-4 2.00727E-4 4.73451E-4 4.83958E-4 2.45053E-4 2.40184E-4 4.37866E-4 1.65951E-4 3.15352E-4 1.17799E-4 9.39993E-5 9.46928E-5 9.63607E-5 9.77183E-5 9.72887E-5 9.90995E-5 1.0317E-4 1.04184E-4 1.00483E-4 1.00002E-4 9.77587E-5 9.65693E-5 9.73508E-5 1.46376E-4 1.00478E-4 1.09354E-4 8.13819E-4 6.36521E-4 4.85719E-4 7.00827E-5 5.96036E-4 4.83881E-4 2.0373E-4 5.48552E-5 1.4036E-4 5.507E-4 3.70884E-4 5.22364E-4 1.30432E-4 3.76056E-4 2.57755E-4
7.38197E-5 1.24053E-4 6.2256E-4 8.47311E-5 2.15285E-4 3.0813E-4 1.73376E-4 8.24582E-5 1.60047E-4 9.80294E-5 7.14023E-5 6.6318E-5 6.51969E-5 2.11623E-5 1.37236E-4 3.97797E-5 1.49909E-4 3.3451E-4 3.17743E-4 4.77298E-4 1.4311E-4 2.51083E-4 2.9957E-4 2.46009E-4 9.83052E-5 1.60121E-4 2.94055E-4 2.8525E-4 2.52558E-4 1.57674E-4 1.46603E-4 1.54652E-4 1.19165E-4 1.9225E-4 9.67769E-5 9.37046E-5 9.47939E-5 9.75363E-5 9.76131E-5 9.76815E-5 9.59181E-5 9.5507E-5 9.71536E-5 9.45371E-5 9.5038E-5 9.58311E-5 1.40821E-4 1.81362E-4 3.34603E-4 1.06484E-4 1.08231E-4 2.04275E-4 4.76718E-4 2.58073E-4 1.20473E-4 4.06292E-4 1.53813E-4 1.78311E-4 5.35705E-5 1.5182E-4 3.22425E-4 5.92895E-4 1.51769E-4 2.52961E-4 2.10074E-4 8.46479E-5
7.3498E-5 6.53539E-5 6.93753E-5 7.29013E-5 6.49887E-5 1.6242E-4 3.00363E-4 9.3463E-5 1.46019E-4 1.09558E-4 1.04265E-4 6.90614E-5 2.19793E-5 4.18675E-5 2.32514E-5 9.10267E-5 6.63324E-5 8.34708E-5 2.56372E-4 4.40013E-4 4.89158E-4 2.20044E-4 1.5576E-4 8.05067E-5 9.64673E-5 5.70248E-5 2.02779E-4 6.50087E-5 4.68955E-5 1.21196E-4 6.66811E-5 6.86974E-5 2.11373E-4 1.21296E-4 1.05582E-4 1.01901E-4 9.99126E-5 9.69271E-5 1.00918E-4 1.0486E-4 9.60103E-5 9.64144E-5 9.72814E-5 1.04077E-4 9.82721E-5 9.73275E-5 1.85419E-4 3.16039E-4 1.09047E-4 1.08025E-4 1.12665E-4 1.64835E-4 2.34479E-4 4.47637E-4 6.44247E-5 1.4197E-4 2.3949E-4 1.04187E-4 3.95105E-5 1.43614E-4 5.18693E-4 6.11432E-4 2.12901E-4 2.29594E-4 1.36538E-4 1.05547E-4
2.01112E-5 1.96345E-5 5.75516E-5 7.02874E-5 6.6412E-5 6.413E-5 9.30279E-5 2.3215E-4 8.71906E-5 7.52888E-5 1.07364E-4 7.1606E-5 3.80229E-5 3.01237E-5 1.92773E-5 3.84531E-5 3.78361E-5 1.17331E-4 1.03947E-4 2.70197E-4 4.9375E-4 5.16297E-4 2.42529E-4 1.06044E-4 1.22983E-4 3.05658E-5 4.89539E-5 8.23815E-5 3.84652E-5 6.16411E-5 6.8804E-5 5.31472E-5 9.13518E-5 7.96944E-5 1.03991E-4 1.09212E-4 1.02998E-4 9.97991E-5 9.92514E-5 1.75841E-4 3.87817E-4 8.62312E-5 9.79401E-5 9.7602E-5 9.8398E-5 1.12233E-4 7.62291E-4 1.93998E-4 7.52858E-5 7.07748E-5 8.68306E-5 2.79326E-4 1.67497E-4 3.265E-4 1.15697E-4 1.97868E-4 2.04765E-4 8.96997E-5 4.9399E-5 3.36348E-4 3.60074E-4 4.84643E-4 2.21194E-4 2.64842E-4 8.76817E-5 1.49418E-4
