catData/rasterBestHybridModels/Fchaus/RD_RM2_autofeature/Fchaus_stddev.asc
ncols         409
nrows         350
xllcorner     60.897278365
yllcorner     5.843756025
cellsize      0.0892857
NODATA_value  -9999
[rows 261 to 289 of 350, columns 132 to 197 of 409]
-9999 -9999 -9999 -9999 -9999 -9999 -9999 -9999 -9999 -9999 -9999 -9999 -9999 -9999 -9999 -9999 -9999 -9999 -9999 -9999 -9999 -9999 1.18958E-5 3.00422E-5 6.70997E-5 3.12097E-5 9.97699E-5 6.46617E-5 8.41428E-5 4.01256E-5 5.75858E-5 5.0515E-5 1.56891E-4 5.68429E-5 5.88023E-5 1.47485E-5 1.38917E-5 9.54142E-6 8.64323E-6 7.52827E-6 1.02269E-5 9.91591E-6 1.02144E-5 1.02066E-5 9.80083E-6 2.93696E-5 2.98197E-5 2.83954E-5 2.94087E-5 3.21081E-5 3.51303E-5 3.70329E-5 3.76895E-5 5.41783E-5 4.27946E-5 3.93277E-5 3.6833E-5 3.50707E-5 3.25233E-5 3.50774E-5 3.49245E-5 3.63189E-5 3.79517E-5 3.82949E-5 3.70259E-5 3.64325E-5
-9999 -9999 -9999 -9999 -9999 -9999 -9999 -9999 -9999 -9999 -9999 -9999 -9999 -9999 -9999 -9999 -9999 -9999 -9999 -9999 -9999 -9999 9.08229E-6 1.42816E-5 4.53738E-5 5.98629E-5 2.50985E-5 3.8675E-5 8.35962E-5 1.29256E-4 2.99261E-4 4.82346E-5 1.6003E-5 1.46682E-4 1.20344E-4 4.69241E-5 1.00409E-5 1.01951E-5 9.82388E-6 8.978E-6 1.01201E-5 1.01183E-5 1.02437E-5 1.04052E-5 1.00914E-5 3.13864E-5 3.2274E-5 3.10428E-5 3.26984E-5 3.56639E-5 3.75494E-5 3.64427E-5 3.88973E-5 4.11593E-5 4.07155E-5 4.0314E-5 3.79153E-5 3.68269E-5 3.66506E-5 3.46739E-5 3.73277E-5 3.80366E-5 3.71742E-5 4.04682E-5 3.85892E-5 3.90756E-5
-9999 -9999 -9999 -9999 -9999 -9999 -9999 -9999 -9999 -9999 -9999 -9999 -9999 -9999 -9999 -9999 -9999 -9999 -9999 -9999 -9999 -9999 1.32343E-5 1.20483E-5 3.15189E-5 5.46315E-5 2.25797E-5 5.39421E-5 1.17816E-4 1.03418E-4 2.37297E-4 4.2078E-5 1.9469E-5 2.36565E-4 1.23319E-4 9.02875E-5 1.91407E-5 1.03337E-5 9.89953E-6 1.01421E-5 1.04713E-5 1.03785E-5 1.05409E-5 1.04462E-5 1.05278E-5 3.88545E-5 3.44298E-5 3.43839E-5 3.62139E-5 3.99279E-5 4.09406E-5 3.95132E-5 4.00127E-5 4.11503E-5 4.08223E-5 4.63333E-5 4.31289E-5 4.06223E-5 3.92284E-5 3.90648E-5 3.91037E-5 3.84506E-5 3.6653E-5 3.89477E-5 4.88594E-5 4.68315E-5
-9999 -9999 -9999 -9999 -9999 -9999 -9999 -9999 -9999 -9999 -9999 -9999 -9999 -9999 -9999 -9999 -9999 -9999 -9999 -9999 -9999 -9999 1.82003E-5 9.96955E-6 1.88667E-5 2.15371E-5 5.92136E-5 3.53606E-5 4.7914E-5 1.20119E-4 8.00831E-5 2.72296E-4 5.53813E-5 4.48347E-4 9.88207E-5 2.4207E-4 1.49727E-5 1.04205E-5 1.00257E-5 1.05305E-5 1.14764E-5 1.20975E-5 1.06539E-5 1.06363E-5 1.08262E-5 3.72405E-5 3.75508E-5 3.85113E-5 4.9083E-5 5.06193E-5 4.04095E-5 4.0757E-5 4.33085E-5 4.18518E-5 4.25394E-5 5.8496E-5 4.99438E-5 4.37364E-5 4.21571E-5 4.18652E-5 4.141E-5 4.00452E-5 3.85356E-5 3.82662E-5 5.15567E-5 4.42005E-5
-9999 -9999 -9999 -9999 -9999 -9999 -9999 -9999 -9999 -9999 -9999 -9999 -9999 -9999 -9999 -9999 -9999 -9999 -9999 -9999 -9999 -9999 -9999 1.18608E-5 2.37975E-5 4.85372E-5 1.96251E-5 3.60028E-5 7.70431E-5 5.31008E-5 8.23518E-5 1.84117E-4 2.43972E-5 1.78858E-5 1.21176E-4 8.61197E-5 4.89642E-5 1.0532E-5 1.10336E-5 1.1831E-5 1.29273E-5 1.28291E-5 1.20962E-5 1.12727E-5 1.14898E-5 3.97757E-5 4.28499E-5 4.17384E-5 5.98439E-5 4.46979E-5 5.95345E-5 4.13683E-5 4.34531E-5 6.02729E-5 4.66302E-5 4.89882E-5 4.70451E-5 4.34284E-5 4.31131E-5 4.36446E-5 4.29531E-5 4.00273E-5 4.11701E-5 3.84771E-5 4.0452E-5 3.57806E-5
-9999 -9999 -9999 -9999 -9999 -9999 -9999 -9999 -9999 -9999 -9999 -9999 -9999 -9999 -9999 -9999 -9999 -9999 -9999 -9999 -9999 -9999 -9999 8.63763E-6 3.02876E-5 2.27991E-5 1.83254E-5 5.18464E-5 4.40848E-5 3.82602E-5 4.11218E-5 2.56775E-4 2.1535E-4 5.08054E-5 7.43656E-5 5.0397E-5 4.66478E-5 1.09834E-5 1.2338E-5 1.2077E-5 1.22457E-5 1.24283E-5 1.32799E-5 1.2874E-5 1.62179E-5 4.17323E-5 4.23649E-5 4.30364E-5 5.24028E-5 5.65799E-5 6.23081E-5 4.87707E-5 4.67378E-5 4.67378E-5 4.73279E-5 4.90784E-5 4.93223E-5 4.37066E-5 4.3181E-5 4.45377E-5 4.38016E-5 3.99301E-5 3.92065E-5 3.82739E-5 3.5886E-5 3.53519E-5
-9999 -9999 -9999 -9999 -9999 -9999 -9999 -9999 -9999 -9999 -9999 -9999 -9999 -9999 -9999 -9999 -9999 -9999 -9999 -9999 -9999 -9999 -9999 8.13593E-6 1.0361E-5 1.27584E-5 1.37884E-5 1.25722E-5 2.4266E-4 3.05591E-4 3.59913E-5 1.11862E-4 1.18905E-4 2.65918E-5 1.83906E-5 5.14498E-5 5.0874E-5 1.20594E-5 1.30089E-5 1.28551E-5 1.28576E-5 1.44855E-5 1.54375E-5 2.13571E-5 1.64978E-5 4.67641E-5 4.1037E-5 4.01194E-5 5.1109E-5 5.1415E-5 5.26045E-5 4.77218E-5 4.89953E-5 6.03669E-5 6.47482E-5 6.32315E-5 4.93168E-5 4.74073E-5 4.62261E-5 4.72515E-5 4.73585E-5 4.60707E-5 4.12457E-5 3.99361E-5 3.65731E-5 3.3549E-5
-9999 -9999 -9999 -9999 -9999 -9999 -9999 -9999 -9999 -9999 -9999 -9999 -9999 -9999 -9999 -9999 -9999 -9999 -9999 -9999 -9999 -9999 -9999 1.62437E-5 1.08794E-5 1.59642E-5 1.4084E-5 1.63739E-5 6.66371E-5 4.17721E-5 3.89089E-5 3.32314E-5 2.5053E-4 3.49583E-5 2.81628E-5 5.81705E-5 5.27442E-5 5.72593E-5 1.58985E-5 1.50112E-5 1.29777E-5 1.51081E-5 2.30637E-5 1.72461E-5 1.32851E-5 4.22972E-5 3.75599E-5 3.73093E-5 4.18938E-5 4.52076E-5 4.31976E-5 4.51883E-5 4.89416E-5 9.23972E-5 1.07255E-4 1.09216E-4 7.8441E-5 4.75151E-5 4.70172E-5 4.82252E-5 4.88515E-5 4.77612E-5 4.40074E-5 3.91741E-5 3.69396E-5 1.18119E-5
-9999 -9999 -9999 -9999 -9999 -9999 -9999 -9999 -9999 -9999 -9999 -9999 -9999 -9999 -9999 -9999 -9999 -9999 -9999 -9999 -9999 -9999 -9999 -9999 4.12735E-5 1.78067E-5 2.0516E-5 1.74005E-5 7.66865E-6 1.02626E-5 5.42895E-5 1.29189E-5 1.78388E-4 1.01654E-4 4.32907E-5 3.2004E-5 5.05079E-5 6.41805E-5 1.52878E-5 1.51617E-5 1.35521E-5 1.33571E-5 1.60165E-5 1.35785E-5 1.43117E-5 3.95037E-5 3.5321E-5 3.5233E-5 4.67616E-5 3.91082E-5 4.04812E-5 4.27656E-5 5.27706E-5 9.57361E-5 9.76117E-5 1.09071E-4 1.27118E-4 4.79234E-5 4.54611E-5 4.51762E-5 4.59547E-5 5.12674E-5 4.97077E-5 4.57831E-5 3.97461E-5 1.49062E-5
-9999 -9999 -9999 -9999 -9999 -9999 -9999 -9999 -9999 -9999 -9999 -9999 -9999 -9999 -9999 -9999 -9999 -9999 -9999 -9999 -9999 -9999 -9999 -9999 3.07019E-5 2.92456E-5 3.51025E-5 3.06347E-5 6.2319E-6 3.45586E-5 4.01395E-5 1.55253E-5 4.7914E-5 1.20549E-4 3.61624E-5 3.58053E-5 5.33304E-5 5.39556E-5 6.71286E-5 1.4916E-5 1.38432E-5 1.99673E-5 1.47238E-5 1.49017E-5 1.99199E-5 3.65387E-5 3.36241E-5 3.37312E-5 3.50618E-5 3.73673E-5 4.09851E-5 5.52278E-5 1.09744E-4 1.12485E-4 1.24401E-4 1.20111E-4 9.9563E-5 4.87252E-5 4.48413E-5 4.40409E-5 4.44096E-5 5.08373E-5 5.11107E-5 4.8788E-5 1.26976E-5 1.10567E-5
-9999 -9999 -9999 -9999 -9999 -9999 -9999 -9999 -9999 -9999 -9999 -9999 -9999 -9999 -9999 -9999 -9999 -9999 -9999 -9999 -9999 -9999 -9999 -9999 3.34359E-5 2.17548E-5 1.98508E-5 2.71251E-5 1.99595E-5 3.91836E-5 1.60019E-5 1.31854E-5 6.80471E-5 3.21922E-5 8.0294E-5 8.7359E-5 2.64221E-5 6.14188E-5 6.57171E-5 1.34898E-5 2.16103E-5 5.44041E-5 1.89624E-5 1.53507E-5 1.29225E-5 3.44199E-5 3.52034E-5 3.78288E-5 3.63727E-5 3.85631E-5 4.1601E-5 4.69774E-5 4.9549E-5 1.58552E-4 1.16747E-4 1.15535E-4 5.52719E-5 4.98062E-5 4.57279E-5 4.3645E-5 4.89265E-5 5.25E-5 4.51088E-5 3.98481E-5 1.22487E-5 8.4043E-6
-9999 -9999 -9999 -9999 -9999 -9999 -9999 -9999 -9999 -9999 -9999 -9999 -9999 -9999 -9999 -9999 -9999 -9999 -9999 -9999 -9999 -9999 -9999 -9999 1.20752E-5 1.71584E-5 3.01786E-5 4.4815E-5 2.50289E-5 6.23447E-6 1.30906E-4 7.36961E-5 2.3215E-5 3.18347E-5 4.70055E-5 4.95902E-5 7.76672E-5 1.28517E-5 5.7046E-5 5.5848E-5 1.27512E-5 1.50397E-5 1.34705E-5 1.42868E-5 1.16365E-5 3.71583E-5 3.66822E-5 4.24775E-5 4.2255E-5 5.15951E-5 6.02462E-5 6.08654E-5 5.26508E-5 6.48875E-5 6.02298E-5 5.45182E-5 5.50255E-5 4.6565E-5 4.5318E-5 4.36106E-5 4.45663E-5 5.34423E-5 6.51875E-5 1.17758E-5 2.20451E-5 1.06978E-5
-9999 -9999 -9999 -9999 -9999 -9999 -9999 -9999 -9999 -9999 -9999 -9999 -9999 -9999 -9999 -9999 -9999 -9999 -9999 -9999 -9999 -9999 -9999 -9999 -9999 1.90566E-5 2.56126E-5 5.72629E-5 3.05808E-5 1.22995E-5 1.60433E-5 2.54186E-5 7.98181E-5 3.86512E-5 5.49912E-5 3.8943E-5 6.69591E-5 4.22455E-5 1.32629E-5 5.59803E-5 1.27802E-5 1.32021E-5 1.7731E-5 1.64156E-5 1.62415E-5 4.59236E-5 5.48646E-5 5.89204E-5 5.8485E-5 7.53023E-5 6.63031E-5 9.33332E-5 5.93556E-5 3.71495E-5 4.67174E-5 8.78474E-5 4.50932E-5 4.49426E-5 4.46568E-5 4.27729E-5 4.62307E-5 4.15079E-5 1.09055E-4 1.63463E-5 1.94477E-5 1.03444E-5
-9999 -9999 -9999 -9999 -9999 -9999 -9999 -9999 -9999 -9999 -9999 -9999 -9999 -9999 -9999 -9999 -9999 -9999 -9999 -9999 -9999 -9999 -9999 -9999 -9999 -9999 2.71813E-5 5.4363E-5 5.47561E-5 3.3209E-5 1.20809E-4 9.21332E-5 1.97533E-5 3.64174E-5 5.16137E-5 6.68202E-5 7.18358E-5 4.13567E-5 1.33798E-5 1.42513E-5 6.33138E-5 1.24297E-5 1.40021E-5 1.31579E-5 1.41061E-5 4.88494E-5 1.14897E-4 9.20896E-5 5.5824E-5 1.00635E-4 6.99877E-5 1.01615E-4 3.8199E-5 3.64375E-5 8.56442E-5 5.00636E-5 4.01881E-5 3.98747E-5 4.01283E-5 4.04204E-5 4.26016E-5 3.89286E-5 1.17637E-5 1.60985E-5 1.12168E-5 8.73064E-6
-9999 -9999 -9999 -9999 -9999 -9999 -9999 -9999 -9999 -9999 -9999 -9999 -9999 -9999 -9999 -9999 -9999 -9999 -9999 -9999 -9999 -9999 -9999 -9999 -9999 -9999 2.75195E-5 4.15937E-5 2.80063E-5 1.80597E-5 5.84247E-5 1.56411E-5 5.2551E-5 6.62919E-5 5.03482E-5 6.68367E-5 5.62998E-5 3.7058E-5 3.84592E-5 1.43898E-5 6.77549E-5 1.46055E-5 1.17773E-5 1.27972E-5 1.60222E-5 2.03229E-5 6.78867E-5 1.24616E-4 5.38052E-5 5.37073E-5 7.34423E-5 5.09743E-5 3.73532E-5 3.84946E-5 7.25141E-5 7.46805E-5 3.82619E-5 4.05096E-5 4.41263E-5 4.02302E-5 4.14922E-5 3.70561E-5 1.00812E-5 9.58703E-6 7.99579E-6 7.53185E-6
-9999 -9999 -9999 -9999 -9999 -9999 -9999 -9999 -9999 -9999 -9999 -9999 -9999 -9999 -9999 -9999 -9999 -9999 -9999 -9999 -9999 -9999 -9999 -9999 -9999 -9999 -9999 3.18228E-5 1.64729E-5 1.5324E-5 3.3466E-5 2.07178E-5 2.64582E-5 6.96722E-5 8.71266E-5 4.099E-5 8.23653E-5 2.67172E-5 3.86555E-5 1.32826E-5 1.34378E-5 5.90463E-5 2.3901E-5 1.95462E-5 2.64594E-5 2.6101E-5 4.74089E-5 6.48198E-5 5.86029E-5 5.38999E-5 4.41388E-5 6.99045E-5 4.02239E-5 3.33091E-5 3.88632E-5 5.70176E-5 5.1478E-5 3.23045E-5 1.69034E-4 2.89211E-5 4.0089E-5 1.04192E-5 9.61391E-6 9.12988E-6 8.30211E-6 3.01183E-5
-9999 -9999 -9999 -9999 -9999 -9999 -9999 -9999 -9999 -9999 -9999 -9999 -9999 -9999 -9999 -9999 -9999 -9999 -9999 -9999 -9999 -9999 -9999 -9999 -9999 -9999 -9999 2.09376E-5 4.15498E-5 7.85364E-5 2.92078E-5 2.82673E-5 3.23405E-5 6.73406E-5 8.27099E-5 2.34412E-5 5.24086E-5 4.65293E-5 3.79215E-5 4.01792E-5 1.21748E-5 5.49368E-5 1.2451E-5 7.00317E-5 5.78955E-5 2.87742E-5 1.82627E-5 4.56582E-5 4.04916E-5 3.8296E-5 3.35525E-5 5.56266E-5 5.09847E-5 4.64742E-5 6.90932E-5 5.90514E-5 8.08682E-5 1.99334E-4 1.67506E-4 7.82558E-5 1.06038E-5 9.84521E-6 9.29957E-6 9.32513E-6 4.00352E-5 1.25851E-5
-9999 -9999 -9999 -9999 -9999 -9999 -9999 -9999 -9999 -9999 -9999 -9999 -9999 -9999 -9999 -9999 -9999 -9999 -9999 -9999 -9999 -9999 -9999 -9999 -9999 -9999 -9999 -9999 2.00719E-5 7.67567E-5 3.65482E-5 3.86047E-5 5.61916E-5 2.93186E-5 1.8126E-4 1.55799E-4 3.3241E-5 2.3482E-4 5.8687E-5 4.19127E-5 1.24085E-5 5.26104E-5 3.81839E-5 5.91949E-5 9.08668E-5 5.74648E-5 2.9456E-5 1.06784E-5 3.91838E-5 3.97161E-5 3.35469E-5 3.08613E-5 4.84301E-5 6.78937E-5 9.82945E-5 8.59578E-5 1.4176E-4 1.20659E-4 4.13394E-5 5.08043E-5 9.52485E-6 9.37096E-6 8.41876E-6 7.89468E-6 3.59169E-5 1.23202E-5
-9999 -9999 -9999 -9999 -9999 -9999 -9999 -9999 -9999 -9999 -9999 -9999 -9999 -9999 -9999 -9999 -9999 -9999 -9999 -9999 -9999 -9999 -9999 -9999 -9999 -9999 -9999 -9999 1.9169E-5 1.61518E-4 9.59184E-5 3.1321E-5 2.09535E-5 5.20451E-5 5.99402E-5 1.39206E-4 1.39224E-4 1.3401E-4 2.35032E-4 6.85055E-5 4.2102E-5 1.18331E-5 2.41757E-5 3.46081E-5 2.17445E-5 1.28121E-5 1.36091E-5 1.08188E-5 1.17192E-5 4.28272E-5 3.74649E-5 2.92565E-5 2.84376E-5 8.18522E-5 1.5372E-4 1.79127E-4 4.17545E-5 6.56046E-5 3.53642E-5 8.38032E-6 1.01356E-5 1.10085E-5 1.30196E-5 7.25522E-6 1.12229E-5 1.16751E-5
-9999 -9999 -9999 -9999 -9999 -9999 -9999 -9999 -9999 -9999 -9999 -9999 -9999 -9999 -9999 -9999 -9999 -9999 -9999 -9999 -9999 -9999 -9999 -9999 -9999 -9999 -9999 -9999 2.08972E-5 2.42176E-5 8.68338E-5 5.80351E-5 2.72137E-4 1.35149E-4 5.19398E-5 5.25152E-5 1.17396E-4 1.35373E-4 7.65744E-5 3.34312E-5 3.15895E-5 1.06684E-5 1.34816E-5 1.33741E-5 1.44972E-5 1.32559E-5 1.45671E-5 1.27011E-5 1.76997E-5 3.16804E-5 2.61687E-4 4.38967E-5 2.92262E-5 7.24192E-5 1.47526E-4 3.01638E-4 9.77402E-5 5.17886E-5 4.73032E-5 9.17797E-6 1.0437E-5 2.82712E-5 1.46946E-5 1.44205E-5 1.12755E-5 1.27147E-5
-9999 -9999 -9999 -9999 -9999 -9999 -9999 -9999 -9999 -9999 -9999 -9999 -9999 -9999 -9999 -9999 -9999 -9999 -9999 -9999 -9999 -9999 -9999 -9999 -9999 -9999 -9999 -9999 -9999 1.29656E-4 2.95513E-5 7.15906E-5 9.14589E-5 1.83344E-4 6.13067E-5 3.02524E-5 7.94953E-5 9.96252E-5 1.09561E-4 6.25464E-5 1.99301E-5 3.42632E-5 1.05221E-5 1.50768E-5 1.09496E-5 3.94119E-5 4.16232E-5 4.2745E-5 8.94341E-5 9.97727E-5 4.11304E-5 1.60558E-4 1.56559E-4 2.53034E-4 1.29016E-4 1.39494E-4 6.50125E-5 4.15434E-5 5.08638E-5 1.91067E-5 2.41987E-5 2.39011E-5 6.67538E-5 1.75479E-5 1.76585E-5 2.47977E-5
-9999 -9999 -9999 -9999 -9999 -9999 -9999 -9999 -9999 -9999 -9999 -9999 -9999 -9999 -9999 -9999 -9999 -9999 -9999 -9999 -9999 -9999 -9999 -9999 -9999 -9999 -9999 -9999 -9999 -9999 8.19607E-5 2.6213E-5 8.13768E-5 2.61241E-5 8.52248E-5 8.9511E-5 9.92431E-5 1.24429E-4 8.36271E-5 7.80016E-5 3.23582E-5 4.03793E-5 6.7731E-5 9.63594E-5 1.08099E-5 3.94195E-5 2.65694E-5 4.79473E-5 1.09075E-4 3.2633E-4 6.077E-5 1.26781E-4 1.83559E-4 2.23275E-4 6.04005E-5 7.80057E-5 4.531E-5 3.74153E-5 7.05917E-6 8.86366E-6 6.00766E-5 1.39036E-4 4.52456E-5 2.15735E-5 2.39095E-5 2.48277E-5
-9999 -9999 -9999 -9999 -9999 -9999 -9999 -9999 -9999 -9999 -9999 -9999 -9999 -9999 -9999 -9999 -9999 -9999 -9999 -9999 -9999 -9999 -9999 -9999 -9999 -9999 -9999 -9999 -9999 -9999 -9999 1.4498E-5 1.64086E-5 1.01634E-4 9.82151E-5 3.87719E-5 1.39535E-4 1.26122E-4 1.0687E-4 4.09179E-5 5.84082E-5 7.15557E-4 3.03697E-4 7.27257E-5 3.74174E-5 1.16966E-5 2.45908E-5 3.85172E-5 5.05675E-5 9.51851E-5 3.76042E-5 7.19155E-5 4.28115E-5 2.04544E-5 1.68683E-5 2.27139E-5 1.31923E-5 8.92476E-6 8.47287E-6 3.18711E-5 6.43235E-5 6.75717E-5 4.32962E-5 3.31122E-5 4.05863E-5 3.98793E-5
-9999 -9999 -9999 -9999 -9999 -9999 -9999 -9999 -9999 -9999 -9999 -9999 -9999 -9999 -9999 -9999 -9999 -9999 -9999 -9999 -9999 -9999 -9999 -9999 -9999 -9999 -9999 -9999 -9999 -9999 -9999 -9999 1.99129E-5 2.54645E-5 5.9785E-5 8.8079E-5 6.84078E-5 9.61866E-5 8.21379E-5 3.07189E-5 2.10372E-4 1.30885E-4 3.98129E-4 2.13769E-4 6.5851E-5 3.77788E-5 1.23487E-4 4.89448E-5 9.89661E-5 4.20587E-5 3.35256E-5 6.92849E-5 6.91019E-5 1.89709E-5 1.5389E-5 1.25339E-5 2.25528E-5 1.01015E-5 2.75989E-5 2.98011E-5 5.33294E-5 3.55545E-4 1.7807E-4 1.84056E-5 1.71343E-5 2.55035E-5
-9999 -9999 -9999 -9999 -9999 -9999 -9999 -9999 -9999 -9999 -9999 -9999 -9999 -9999 -9999 -9999 -9999 -9999 -9999 -9999 -9999 -9999 -9999 -9999 -9999 -9999 -9999 -9999 -9999 -9999 -9999 -9999 2.71885E-5 3.02507E-5 4.28893E-5 1.22074E-4 4.90191E-5 3.42401E-5 1.22106E-4 3.72848E-5 1.40893E-4 2.57008E-4 7.45599E-5 1.04895E-3 6.48152E-5 4.72625E-5 1.02358E-4 4.10663E-5 8.28194E-5 4.0065E-5 4.20838E-5 5.49695E-5 3.1472E-5 1.56511E-5 1.28037E-5 4.88599E-6 1.66584E-5 3.71016E-5 2.56005E-5 3.70944E-5 2.95822E-4 4.53782E-4 1.09027E-3 1.7578E-5 1.22671E-5 1.30374E-5
-9999 -9999 -9999 -9999 -9999 -9999 -9999 -9999 -9999 -9999 -9999 -9999 -9999 -9999 -9999 -9999 -9999 -9999 -9999 -9999 -9999 -9999 -9999 -9999 -9999 -9999 -9999 -9999 -9999 -9999 -9999 -9999 -9999 3.65474E-5 1.90867E-5 2.48195E-5 7.42281E-5 9.97741E-5 1.18269E-4 2.55634E-5 7.82799E-5 3.74807E-5 3.31901E-5 3.51436E-5 2.48979E-5 1.33002E-4 3.87276E-5 7.41443E-5 1.68886E-4 4.73061E-5 6.47406E-5 6.76855E-5 1.12592E-4 4.78282E-5 1.29711E-5 6.07889E-6 1.27372E-5 3.1652E-5 2.91626E-5 2.48104E-5 5.8652E-5 5.99338E-5 1.80156E-5 1.95755E-5 1.71944E-5 1.94596E-5
-9999 -9999 -9999 -9999 -9999 -9999 -9999 -9999 -9999 -9999 -9999 -9999 -9999 -9999 -9999 -9999 -9999 -9999 -9999 -9999 -9999 -9999 -9999 -9999 -9999 -9999 -9999 -9999 -9999 -9999 -9999 -9999 -9999 -9999 1.82811E-5 1.58221E-4 6.63708E-5 1.19192E-4 8.81592E-5 2.3974E-5 9.85453E-5 2.54244E-5 1.58733E-5 1.95351E-5 2.67379E-5 4.12911E-5 3.25016E-5 3.23724E-5 7.35553E-5 1.41234E-5 4.00765E-5 2.39864E-5 2.47696E-5 1.24079E-5 1.46868E-5 7.02985E-6 1.34037E-5 2.91906E-5 2.71024E-5 2.65547E-5 2.19536E-5 1.91381E-5 1.40035E-5 2.98957E-5 2.82442E-5 1.95984E-5
-9999 -9999 -9999 -9999 -9999 -9999 -9999 -9999 -9999 -9999 -9999 -9999 -9999 -9999 -9999 -9999 -9999 -9999 -9999 -9999 -9999 -9999 -9999 -9999 -9999 -9999 -9999 -9999 -9999 -9999 -9999 -9999 -9999 -9999 3.79205E-5 1.86396E-4 9.85231E-5 1.45197E-4 5.37804E-5 1.0402E-4 3.57773E-5 1.17562E-4 3.49154E-5 1.36398E-4 8.33672E-5 1.19005E-4 6.45524E-5 6.42146E-5 2.03109E-5 1.9088E-5 6.35687E-6 3.52854E-5 7.59246E-6 6.58815E-6 9.08739E-6 1.1699E-5 3.81988E-5 2.67509E-5 2.55764E-5 2.34963E-5 1.75537E-5 1.60478E-5 1.83958E-5 2.47798E-5 2.13059E-5 2.30265E-5
-9999 -9999 -9999 -9999 -9999 -9999 -9999 -9999 -9999 -9999 -9999 -9999 -9999 -9999 -9999 -9999 -9999 -9999 -9999 -9999 -9999 -9999 -9999 -9999 -9999 -9999 -9999 -9999 -9999 -9999 -9999 -9999 -9999 -9999 -9999 2.87234E-4 1.99309E-5 3.77474E-5 3.27833E-4 3.83764E-5 7.85605E-5 6.80347E-5 4.25619E-5 1.31269E-4 1.0433E-4 1.8736E-4 5.57644E-5 1.26128E-5 1.14837E-5 1.60011E-5 4.72533E-5 3.38651E-5 4.98374E-5 5.85504E-6 6.19655E-6 7.30215E-6 4.29427E-5 3.33575E-5 1.71587E-5 1.4241E-5 1.3825E-5 1.35987E-5 1.51305E-5 2.49388E-5 1.59308E-5 1.00558E-5
