catData/rasterBestHybridModels/Fchaus/RD_RM2_autofeature/Fchaus_median.asc
ncols         409
nrows         350
xllcorner     60.897278365
yllcorner     5.843756025
cellsize      0.0892857
NODATA_value  -9999
[rows 87 to 115 of 350, columns 330 to 395 of 409]
-9999 -9999 -9999 -9999 -9999 -9999 -9999 -9999 -9999 -9999 -9999 -9999 -9999 -9999 -9999 -9999 -9999 -9999 -9999 -9999 -9999 -9999 -9999 -9999 -9999 -9999 -9999 -9999 -9999 -9999 -9999 -9999 -9999 -9999 -9999 -9999 -9999 -9999 -9999 -9999 -9999 -9999 -9999 -9999 -9999 -9999 -9999 3.83045E-6 3.82624E-6 -9999 -9999 -9999 -9999 -9999 -9999 -9999 -9999 -9999 -9999 -9999 7.88329E-6 3.88654E-6 4.30536E-6 2.60036E-6 5.79325E-6 -9999
-9999 -9999 -9999 -9999 -9999 -9999 -9999 -9999 -9999 -9999 -9999 -9999 -9999 -9999 -9999 -9999 -9999 -9999 -9999 -9999 -9999 -9999 -9999 -9999 -9999 -9999 -9999 -9999 -9999 -9999 -9999 -9999 -9999 -9999 -9999 -9999 -9999 -9999 -9999 -9999 -9999 -9999 -9999 -9999 -9999 5.01138E-6 3.99581E-6 4.45782E-6 6.69492E-6 6.93319E-6 -9999 -9999 -9999 -9999 -9999 -9999 -9999 -9999 1.59167E-5 5.53329E-6 5.32755E-6 7.63734E-6 6.50024E-6 4.51244E-6 4.84155E-6 8.87109E-6
-9999 -9999 -9999 -9999 -9999 -9999 -9999 -9999 -9999 -9999 -9999 -9999 -9999 -9999 -9999 -9999 -9999 -9999 -9999 -9999 -9999 -9999 -9999 -9999 -9999 -9999 -9999 -9999 -9999 -9999 -9999 -9999 -9999 -9999 -9999 -9999 -9999 -9999 -9999 -9999 -9999 -9999 -9999 5.03997E-6 5.10332E-6 9.22439E-6 9.83877E-6 7.97379E-6 9.52193E-6 1.26118E-5 1.66564E-5 1.59872E-5 1.74822E-5 1.44843E-5 -9999 -9999 -9999 7.74833E-6 7.34367E-6 9.86659E-6 9.42849E-6 9.62678E-6 7.75901E-6 6.42633E-6 6.29593E-6 -9999
-9999 -9999 -9999 -9999 -9999 -9999 -9999 -9999 -9999 -9999 -9999 -9999 -9999 -9999 -9999 -9999 -9999 -9999 -9999 -9999 -9999 -9999 -9999 -9999 -9999 -9999 -9999 -9999 -9999 -9999 -9999 -9999 -9999 -9999 -9999 -9999 -9999 -9999 -9999 -9999 -9999 -9999 6.15906E-6 6.23149E-6 5.74792E-6 9.74127E-6 1.38933E-5 1.21806E-5 1.46069E-5 2.17748E-5 1.83258E-5 1.94353E-5 2.13207E-5 1.97591E-5 1.13301E-5 1.15585E-5 -9999 1.22947E-5 1.10036E-5 1.3822E-5 1.65332E-5 1.21158E-5 1.14456E-5 9.55078E-6 6.05332E-6 -9999
-9999 -9999 -9999 -9999 -9999 -9999 -9999 -9999 -9999 -9999 -9999 -9999 -9999 -9999 -9999 -9999 -9999 -9999 -9999 -9999 -9999 -9999 -9999 -9999 -9999 -9999 -9999 -9999 -9999 -9999 -9999 -9999 -9999 -9999 -9999 -9999 -9999 -9999 -9999 -9999 -9999 -9999 9.56655E-6 1.0937E-5 1.02649E-5 1.05092E-5 1.68731E-5 2.00665E-5 2.57926E-5 1.87489E-5 1.90466E-5 2.23123E-5 2.36325E-5 2.30954E-5 1.57837E-5 9.87218E-6 1.15437E-5 2.02036E-5 1.69441E-5 1.8357E-5 1.58479E-5 1.40167E-5 2.31498E-5 1.25208E-5 8.00736E-6 -9999
-9999 -9999 -9999 -9999 -9999 -9999 -9999 -9999 -9999 -9999 -9999 -9999 -9999 -9999 -9999 -9999 -9999 -9999 -9999 -9999 -9999 -9999 -9999 -9999 -9999 -9999 -9999 -9999 -9999 -9999 -9999 -9999 -9999 -9999 -9999 -9999 -9999 -9999 -9999 -9999 -9999 7.19955E-6 1.27619E-5 1.94404E-5 1.56797E-5 1.20128E-5 1.81705E-5 2.34047E-5 2.39667E-5 1.96056E-5 2.26882E-5 2.65257E-5 2.15054E-5 1.98198E-5 2.50059E-5 1.93729E-5 1.97894E-5 2.41622E-5 2.30133E-5 3.3512E-5 2.29136E-5 2.60811E-5 2.94859E-5 1.56607E-5 7.5732E-6 8.62702E-6
-9999 -9999 -9999 -9999 -9999 -9999 -9999 -9999 -9999 -9999 -9999 -9999 -9999 -9999 -9999 -9999 -9999 -9999 -9999 -9999 -9999 -9999 -9999 -9999 -9999 -9999 -9999 -9999 -9999 -9999 -9999 -9999 -9999 -9999 -9999 -9999 -9999 -9999 -9999 -9999 -9999 9.01701E-6 1.20774E-5 2.38502E-5 2.26929E-5 1.64953E-5 1.73513E-5 2.57197E-5 2.71465E-5 2.35625E-5 1.83176E-5 2.04232E-5 2.42981E-5 3.03667E-5 2.68294E-5 2.4778E-5 2.17998E-5 3.90334E-5 4.20637E-5 4.1075E-5 4.01285E-5 3.31445E-5 2.55926E-5 2.08523E-5 1.8111E-5 1.4802E-5
-9999 -9999 -9999 -9999 -9999 -9999 -9999 -9999 -9999 -9999 -9999 -9999 -9999 -9999 -9999 -9999 -9999 -9999 -9999 -9999 -9999 -9999 -9999 -9999 -9999 -9999 -9999 -9999 -9999 -9999 -9999 -9999 -9999 -9999 4.92446E-6 5.56562E-6 7.96753E-6 7.75813E-6 8.35502E-6 9.05811E-6 1.56797E-5 2.12651E-5 1.83878E-5 2.10289E-5 2.76209E-5 2.27625E-5 2.38599E-5 2.91005E-5 2.96097E-5 2.94358E-5 3.27732E-5 3.25797E-5 3.48737E-5 2.68588E-5 2.58705E-5 3.23518E-5 3.93959E-5 4.51859E-5 4.63665E-5 4.82731E-5 5.01086E-5 4.47773E-5 4.70634E-5 4.52344E-5 2.5777E-5 1.63152E-5
-9999 -9999 -9999 -9999 -9999 -9999 -9999 -9999 -9999 -9999 -9999 -9999 -9999 -9999 -9999 -9999 -9999 -9999 -9999 -9999 -9999 -9999 -9999 -9999 -9999 -9999 -9999 -9999 -9999 -9999 -9999 -9999 -9999 5.79796E-6 6.9597E-6 5.70913E-6 1.15151E-5 1.17897E-5 1.28029E-5 1.02927E-5 1.42614E-5 2.12009E-5 2.33399E-5 2.53168E-5 2.8628E-5 3.03918E-5 3.03868E-5 2.67805E-5 2.28838E-5 2.47571E-5 3.68243E-5 3.75176E-5 3.5016E-5 2.68756E-5 3.08361E-5 3.7989E-5 4.79689E-5 5.40149E-5 4.19911E-5 3.95249E-5 3.81672E-5 3.79357E-5 4.97194E-5 2.58751E-5 1.94414E-5 1.73365E-5
-9999 -9999 -9999 -9999 -9999 -9999 -9999 -9999 -9999 -9999 -9999 -9999 -9999 -9999 -9999 -9999 -9999 -9999 -9999 -9999 -9999 -9999 -9999 -9999 -9999 -9999 -9999 -9999 -9999 -9999 -9999 -9999 6.56996E-6 1.1846E-5 1.68324E-5 8.78148E-6 1.25114E-5 2.19716E-5 2.43098E-5 2.04036E-5 2.10114E-5 2.60687E-5 2.39901E-5 2.28431E-5 2.80144E-5 3.33226E-5 2.55984E-5 2.25856E-5 2.28131E-5 2.68174E-5 3.54517E-5 4.03258E-5 5.53374E-5 2.76344E-5 5.05464E-5 7.01724E-5 6.18953E-5 3.93651E-5 6.24342E-5 6.10763E-5 3.98089E-5 3.86895E-5 5.3368E-5 2.97769E-5 1.97185E-5 2.43444E-5
-9999 -9999 -9999 -9999 -9999 -9999 -9999 -9999 -9999 -9999 -9999 -9999 -9999 -9999 -9999 -9999 -9999 -9999 -9999 -9999 -9999 -9999 -9999 -9999 -9999 -9999 -9999 -9999 -9999 -9999 -9999 -9999 8.53652E-6 1.23704E-5 2.30015E-5 2.17334E-5 2.38492E-5 2.5324E-5 2.80814E-5 2.7533E-5 2.91429E-5 3.11258E-5 2.81197E-5 2.75891E-5 2.00109E-5 3.03777E-5 4.04441E-5 3.67066E-5 4.17545E-5 2.77305E-5 2.59625E-5 2.6734E-5 2.84009E-5 4.51652E-5 4.76603E-5 4.62261E-5 4.60781E-5 4.35609E-5 4.03656E-5 5.18191E-5 5.72841E-5 4.79706E-5 4.42658E-5 5.43561E-5 4.86026E-5 2.95323E-5
-9999 -9999 -9999 -9999 -9999 -9999 -9999 -9999 -9999 -9999 -9999 -9999 -9999 -9999 -9999 -9999 -9999 -9999 -9999 -9999 -9999 -9999 -9999 -9999 -9999 -9999 -9999 -9999 -9999 -9999 6.40538E-6 9.1121E-6 1.04191E-5 1.20023E-5 1.15753E-5 1.67528E-5 2.39355E-5 2.53769E-5 2.89557E-5 3.12418E-5 3.23379E-5 3.08804E-5 3.32977E-5 3.57349E-5 3.54319E-5 3.63179E-5 3.80438E-5 3.608E-5 3.80936E-5 2.69259E-5 2.83042E-5 5.75215E-5 3.49235E-5 5.12917E-5 5.07646E-5 4.9496E-5 4.95582E-5 3.39853E-5 4.341E-5 3.63495E-5 7.27156E-5 8.49978E-5 6.11111E-5 4.65804E-5 4.62582E-5 4.49227E-5
4.74404E-7 -9999 -9999 -9999 -9999 -9999 -9999 -9999 -9999 -9999 -9999 -9999 -9999 -9999 -9999 -9999 -9999 -9999 -9999 -9999 -9999 -9999 -9999 -9999 -9999 -9999 -9999 -9999 -9999 6.93766E-6 1.37066E-5 2.36712E-5 2.36318E-5 2.27545E-5 2.28099E-5 2.54479E-5 2.81777E-5 3.19667E-5 3.29588E-5 3.4584E-5 3.4725E-5 3.57758E-5 3.12993E-5 3.82024E-5 3.91353E-5 4.09798E-5 4.09139E-5 3.08008E-5 3.4846E-5 3.66802E-5 3.25896E-5 3.67911E-5 4.78152E-5 5.15069E-5 4.72363E-5 3.44611E-5 3.31079E-5 2.8787E-5 2.72531E-5 2.80845E-5 4.50371E-5 8.26581E-5 7.71457E-5 5.66742E-5 1.06252E-4 3.33543E-5
7.06308E-7 -9999 -9999 -9999 -9999 -9999 -9999 -9999 -9999 -9999 -9999 -9999 -9999 -9999 -9999 -9999 -9999 -9999 -9999 -9999 -9999 -9999 -9999 -9999 -9999 -9999 2.26736E-6 4.01734E-6 4.03982E-6 5.85376E-6 1.28913E-5 2.44413E-5 2.36907E-5 2.56813E-5 2.86066E-5 2.70158E-5 2.89997E-5 3.27919E-5 3.42192E-5 3.79689E-5 3.8166E-5 3.33742E-5 3.45335E-5 4.09503E-5 4.49397E-5 4.19733E-5 3.85382E-5 3.71075E-5 5.76562E-5 4.69411E-5 6.33101E-5 3.57035E-5 4.60373E-5 3.31944E-5 6.86509E-5 3.22244E-5 2.19136E-5 2.04968E-5 2.23629E-5 2.44697E-5 2.79011E-5 4.66217E-5 5.76609E-5 4.02072E-5 1.45662E-4 1.42956E-4
1.5881E-6 1.97424E-6 1.63332E-6 1.73724E-6 1.31927E-6 -9999 -9999 -9999 -9999 -9999 3.27714E-6 3.30479E-6 -9999 -9999 -9999 -9999 -9999 -9999 -9999 -9999 -9999 -9999 -9999 -9999 -9999 -9999 -9999 5.41586E-6 1.06296E-5 1.25277E-5 1.86273E-5 2.26157E-5 2.54687E-5 2.80293E-5 2.78333E-5 3.07861E-5 2.86975E-5 3.26061E-5 3.53446E-5 3.91489E-5 3.93142E-5 4.16219E-5 4.44227E-5 3.49142E-5 3.90233E-5 3.74907E-5 3.78993E-5 4.30165E-5 5.3556E-5 4.33011E-5 3.77703E-5 3.52988E-5 3.99731E-5 3.73427E-5 5.84685E-5 3.17209E-5 2.64133E-5 1.8664E-5 2.08643E-5 4.15715E-5 4.39369E-5 5.71854E-5 3.70009E-5 2.83516E-5 8.93235E-5 1.17568E-4
2.43479E-6 2.95719E-6 -9999 3.28574E-6 2.97664E-6 3.55902E-6 3.97727E-6 6.74907E-6 1.06434E-5 7.00983E-6 6.05563E-6 8.87502E-6 5.48592E-6 -9999 -9999 -9999 -9999 -9999 -9999 -9999 -9999 -9999 -9999 -9999 -9999 -9999 -9999 7.1004E-6 1.4254E-5 2.29233E-5 2.88335E-5 3.3014E-5 3.03151E-5 4.44663E-5 3.2967E-5 3.14162E-5 3.67023E-5 3.78463E-5 3.94073E-5 3.91302E-5 4.48457E-5 6.09088E-5 6.10338E-5 3.69689E-5 3.59128E-5 3.46117E-5 3.78716E-5 4.63843E-5 5.06703E-5 5.14281E-5 3.58945E-5 3.05407E-5 3.11171E-5 3.05236E-5 2.26966E-5 2.80322E-5 3.93518E-5 3.4356E-5 3.85363E-5 6.46832E-5 6.45984E-5 5.0085E-5 3.49967E-5 4.52997E-5 2.51974E-5 2.57232E-5
4.80856E-6 5.42516E-6 5.00313E-6 5.42643E-6 5.00199E-6 5.2312E-6 7.10882E-6 1.25098E-5 1.62531E-5 9.0768E-6 9.71091E-6 9.18893E-6 1.52631E-5 9.6909E-6 -9999 -9999 -9999 -9999 -9999 -9999 -9999 -9999 -9999 -9999 -9999 5.80808E-6 1.0186E-5 1.59572E-5 2.0131E-5 2.45086E-5 2.74738E-5 2.73705E-5 3.32472E-5 3.50001E-5 3.82355E-5 4.20227E-5 4.56062E-5 4.22861E-5 4.41108E-5 3.90632E-5 3.88074E-5 5.36488E-5 4.63374E-5 3.82012E-5 3.48194E-5 3.69469E-5 4.07449E-5 4.24488E-5 3.97049E-5 3.89299E-5 2.92614E-5 2.9184E-5 2.68399E-5 3.33899E-5 4.19981E-5 4.15317E-5 3.98334E-5 6.47573E-5 6.46533E-5 4.73887E-5 9.5007E-5 3.39068E-5 2.70052E-5 4.13484E-5 2.07648E-5 1.95708E-5
8.86548E-6 9.72133E-6 7.61251E-6 8.56187E-6 7.97395E-6 7.52474E-6 9.95924E-6 1.84773E-5 1.99769E-5 1.57875E-5 2.25372E-5 2.50853E-5 2.8889E-5 1.7453E-5 1.55541E-5 1.30374E-5 -9999 -9999 -9999 6.34727E-6 5.56209E-6 4.06883E-6 -9999 3.87887E-6 1.41095E-5 1.8332E-5 2.34337E-5 3.02597E-5 3.04048E-5 4.10108E-5 3.35387E-5 3.46424E-5 4.17315E-5 4.63615E-5 6.53152E-5 4.38564E-5 4.02517E-5 4.31296E-5 4.50238E-5 4.07482E-5 4.7573E-5 7.37438E-5 4.29354E-5 3.92399E-5 3.80331E-5 3.62114E-5 3.60327E-5 3.59203E-5 4.03761E-5 3.37357E-5 2.86075E-5 4.34951E-5 4.41013E-5 4.17163E-5 4.12737E-5 4.08683E-5 6.30322E-5 4.68194E-5 4.74505E-5 8.94857E-5 3.62437E-5 2.98755E-5 4.28824E-5 2.61928E-5 2.57549E-5 2.5448E-5
1.68136E-5 1.82688E-5 1.35349E-5 1.50687E-5 1.22523E-5 1.30345E-5 1.22823E-5 1.4884E-5 2.12258E-5 2.26401E-5 3.09401E-5 2.66893E-5 3.44447E-5 3.3789E-5 2.23938E-5 1.56634E-5 1.71153E-5 1.93308E-5 1.21241E-5 9.31725E-6 7.55543E-6 7.15597E-6 5.66383E-6 9.55512E-6 2.00696E-5 5.34829E-5 6.14893E-5 3.12035E-5 3.30778E-5 5.2229E-5 5.33595E-5 3.80381E-5 3.68607E-5 3.94257E-5 4.21987E-5 4.37819E-5 6.02897E-5 4.7227E-5 5.05598E-5 6.02962E-5 4.77694E-5 4.95971E-5 4.4954E-5 3.63728E-5 3.28788E-5 3.00381E-5 3.18227E-5 3.00733E-5 3.9863E-5 3.7973E-5 3.13237E-5 2.68173E-5 2.69152E-5 4.10367E-5 4.08618E-5 4.96096E-5 5.20176E-5 5.97019E-5 1.1631E-4 4.2294E-5 4.08869E-5 4.66381E-5 1.08578E-4 2.73214E-5 2.6624E-5 2.54069E-5
2.13706E-5 2.02922E-5 1.50074E-5 1.50506E-5 1.56818E-5 1.45105E-5 1.20482E-5 1.69143E-5 4.1691E-5 4.16848E-5 4.07002E-5 4.29657E-5 5.34834E-5 5.35884E-5 2.90813E-5 2.91349E-5 3.5239E-5 3.53591E-5 1.81571E-5 1.25241E-5 9.34444E-6 1.50031E-5 1.42527E-5 2.26284E-5 2.96493E-5 3.8924E-5 3.62967E-5 3.63447E-5 3.63629E-5 9.08625E-5 4.2828E-5 3.76426E-5 3.50854E-5 3.57757E-5 4.20183E-5 4.49996E-5 4.71959E-5 5.00416E-5 6.95229E-5 9.4771E-5 6.82683E-5 4.89013E-5 3.8269E-5 5.90498E-5 4.38601E-5 5.14548E-5 3.20391E-5 3.18943E-5 3.5358E-5 3.4939E-5 3.41203E-5 3.56831E-5 3.30995E-5 3.3506E-5 4.36927E-5 4.71339E-5 7.85439E-5 4.21835E-5 4.00095E-5 4.63972E-5 1.35403E-4 4.85625E-5 6.08107E-5 3.57138E-5 8.78602E-5 4.62279E-5
3.58216E-5 5.75585E-5 2.46418E-5 1.5499E-5 1.79217E-5 2.33064E-5 3.19342E-5 2.9798E-5 1.02974E-4 3.55606E-5 3.76224E-5 1.09285E-4 1.35487E-4 1.47914E-4 1.55646E-4 4.66336E-5 4.98478E-5 2.77627E-5 2.10104E-5 1.57463E-5 2.49964E-5 3.55003E-5 2.82709E-5 3.8E-5 3.95835E-5 3.83215E-5 2.90322E-5 2.66801E-5 3.03354E-5 1.09032E-4 2.96852E-5 3.05894E-5 3.01915E-5 3.60609E-5 4.39707E-5 4.63396E-5 4.31213E-5 9.78558E-5 8.21932E-5 7.46725E-5 5.06933E-5 4.3308E-5 3.68751E-5 5.45445E-5 3.81736E-5 3.74136E-5 3.45083E-5 3.39293E-5 3.46326E-5 3.27295E-5 4.41007E-5 4.76468E-5 4.05821E-5 6.84369E-5 6.81196E-5 5.77577E-5 1.04933E-4 4.07995E-5 4.03711E-5 3.71839E-5 4.09253E-5 1.12904E-4 7.20167E-5 3.67173E-5 3.71084E-5 3.48964E-5
7.93534E-5 1.0471E-4 4.71652E-5 6.01796E-5 1.62842E-5 2.16381E-5 1.99961E-5 2.54998E-5 1.12761E-4 4.98575E-5 4.59705E-5 5.16917E-5 5.26167E-5 6.58552E-5 7.8654E-5 7.78458E-5 7.15995E-5 5.40589E-5 3.88702E-5 2.50899E-5 4.44088E-5 1.2517E-4 7.75379E-5 7.57599E-5 5.46942E-5 5.28364E-5 3.18799E-5 4.16613E-5 4.35215E-5 1.00324E-4 5.73323E-5 4.89554E-5 4.78188E-5 4.85808E-5 4.73211E-5 3.83218E-5 3.95396E-5 9.76868E-5 6.57567E-5 5.2198E-5 4.23568E-5 4.61489E-5 5.58326E-5 3.85769E-5 3.67568E-5 3.72558E-5 3.46659E-5 3.45962E-5 3.20973E-5 3.65073E-5 3.77405E-5 4.44417E-5 9.05159E-5 7.66137E-5 9.86881E-5 3.8559E-5 3.88498E-5 4.28439E-5 3.97098E-5 3.92075E-5 3.47188E-5 1.27269E-4 8.60294E-5 4.1221E-5 3.27209E-5 2.77894E-5
7.92424E-5 4.02878E-5 5.23839E-5 3.30904E-5 6.47244E-5 6.88859E-5 7.51135E-5 3.91409E-5 3.70141E-5 8.58901E-5 8.17562E-5 1.12528E-4 7.99827E-5 1.06144E-4 6.72335E-5 6.75904E-5 4.41848E-5 3.52403E-5 3.20962E-5 5.06289E-5 4.42823E-5 5.42923E-5 8.23713E-5 1.163E-4 1.47129E-4 7.03203E-5 5.16103E-5 8.80128E-5 9.40454E-5 1.58085E-4 1.27198E-4 5.40272E-5 4.76194E-5 4.73578E-5 5.25689E-5 6.05663E-5 5.32455E-5 5.51676E-5 4.34647E-5 3.4951E-5 8.72709E-5 3.40274E-5 2.71327E-5 2.69173E-5 2.85685E-5 2.95426E-5 3.05901E-5 2.95278E-5 2.58346E-5 4.06979E-5 6.32001E-5 4.91921E-5 6.61175E-5 1.20022E-4 4.53358E-5 4.70253E-5 4.67627E-5 3.49342E-5 3.83123E-5 3.7059E-5 1.23349E-4 9.04516E-5 4.18851E-5 3.10446E-5 3.02605E-5 3.15459E-5
3.68037E-5 4.40761E-5 1.56081E-4 5.04873E-5 4.17353E-5 3.75687E-5 7.53259E-5 6.09858E-5 6.12671E-5 2.97045E-4 4.15616E-4 2.96619E-4 3.37336E-4 1.24478E-4 8.12679E-5 1.75667E-4 1.73969E-4 1.79822E-4 5.80747E-5 9.92573E-5 1.50994E-4 2.11429E-4 1.72738E-4 1.12823E-4 8.68259E-5 7.28579E-5 4.836E-5 4.72154E-5 4.59027E-5 3.83815E-5 3.59007E-5 3.82369E-5 5.1071E-5 5.79266E-5 5.92511E-5 6.69572E-5 5.35893E-5 3.98108E-5 6.84203E-5 4.66909E-5 4.46286E-5 3.19976E-5 2.73021E-5 2.7407E-5 2.80577E-5 2.63634E-5 2.63136E-5 2.57045E-5 4.20687E-5 6.67129E-5 5.64583E-5 5.66708E-5 1.00191E-4 4.00021E-5 4.08297E-5 4.16749E-5 4.74288E-5 1.24744E-4 1.28074E-4 9.18695E-5 3.84183E-5 3.27839E-5 3.28428E-5 4.0659E-5 -9999 -9999
1.37965E-4 1.44964E-4 1.64422E-4 1.60612E-4 3.93976E-5 4.46556E-5 5.91353E-5 6.84749E-5 7.55874E-5 2.54208E-4 2.73268E-4 2.80296E-4 3.83886E-4 3.75181E-4 7.48812E-5 6.45476E-5 7.7761E-5 1.03274E-4 8.71511E-5 1.43724E-4 1.30999E-4 1.64172E-4 1.45922E-4 8.38773E-5 7.89724E-5 4.33881E-5 4.11903E-5 4.22511E-5 4.54148E-5 3.31878E-5 3.69649E-5 3.96505E-5 4.16229E-5 3.77902E-5 3.70013E-5 6.1128E-5 6.68586E-5 5.80511E-5 4.80587E-5 4.14525E-5 3.49162E-5 3.17592E-5 3.14756E-5 2.97877E-5 2.59452E-5 2.60046E-5 3.87018E-5 4.28631E-5 5.65143E-5 5.63475E-5 1.08747E-4 1.11241E-4 4.02193E-5 3.98818E-5 3.94683E-5 4.05396E-5 1.43844E-4 8.24932E-5 4.3053E-5 4.25488E-5 4.25437E-5 4.64446E-5 4.36041E-5 -9999 -9999 -9999
3.98275E-4 1.96285E-4 2.33686E-4 1.61464E-4 1.59899E-4 4.17378E-5 4.50699E-5 6.70582E-5 6.58557E-5 1.02209E-4 8.56005E-5 9.09654E-5 8.34371E-5 1.29263E-4 8.41692E-5 7.16895E-5 6.9286E-5 9.35513E-5 1.8033E-4 1.37272E-4 8.78946E-5 8.1953E-5 8.7969E-5 7.64759E-5 4.80575E-5 8.09969E-5 6.66471E-5 3.01375E-5 3.0917E-5 3.22831E-5 3.41519E-5 3.53114E-5 3.29316E-5 4.18422E-5 4.27539E-5 5.2668E-5 5.66901E-5 4.54252E-5 3.83647E-5 3.59926E-5 3.72194E-5 3.19E-5 3.12281E-5 4.10724E-5 3.92542E-5 5.96736E-5 6.33129E-5 9.84616E-5 9.91811E-5 4.04943E-5 4.10743E-5 4.06313E-5 3.89928E-5 3.76254E-5 3.94484E-5 1.29103E-4 4.40348E-5 4.86274E-5 5.34391E-5 4.84203E-5 5.1011E-5 5.40329E-5 -9999 -9999 -9999 -9999
7.74451E-5 6.87008E-5 6.83792E-5 5.29351E-5 4.85192E-5 4.55671E-5 4.55696E-5 1.65626E-4 1.73406E-4 2.73811E-4 2.06145E-4 2.03637E-4 2.13129E-4 2.38635E-4 3.30372E-4 1.56095E-4 1.36604E-4 1.55402E-4 2.14768E-4 1.64994E-4 1.49803E-4 5.53537E-5 7.35603E-5 5.42818E-5 5.81406E-5 4.43758E-5 3.89118E-5 5.07155E-5 4.36265E-5 3.49014E-5 3.1391E-5 4.63519E-5 4.10805E-5 4.19842E-5 3.74671E-5 4.95672E-5 6.10266E-5 4.51E-5 4.31639E-5 4.61236E-5 5.13899E-5 6.30036E-5 6.2994E-5 6.25124E-5 6.0339E-5 4.87316E-5 9.83608E-5 4.02609E-5 4.25095E-5 3.9341E-5 4.03666E-5 2.13104E-4 1.60737E-4 4.20705E-5 7.57719E-5 5.37229E-5 6.36514E-5 8.67398E-5 5.88379E-5 5.32458E-5 -9999 -9999 -9999 -9999 -9999 -9999
3.86159E-5 3.83741E-5 5.86944E-5 4.541E-5 5.066E-5 4.55046E-5 4.41009E-5 4.34703E-5 1.5647E-4 1.42575E-4 1.79556E-4 1.06498E-4 7.4129E-5 8.09351E-5 7.90991E-5 6.40308E-5 8.00494E-5 9.49495E-5 9.64205E-5 4.55017E-5 6.67818E-5 4.49265E-5 5.97919E-5 4.50593E-5 3.49506E-5 2.93302E-5 2.88631E-5 2.83065E-5 2.9675E-5 3.13248E-5 5.01846E-5 3.57182E-5 4.34247E-5 4.32884E-5 4.26912E-5 4.31017E-5 4.45071E-5 4.42807E-5 6.51515E-5 6.01552E-5 5.80905E-5 5.99627E-5 5.92856E-5 9.10483E-5 3.77354E-5 3.8349E-5 4.04984E-5 4.16335E-5 4.70961E-5 4.51323E-5 1.22898E-4 5.5207E-5 7.66541E-5 4.29239E-5 5.25184E-5 6.50339E-5 5.05764E-5 5.94879E-5 5.49743E-5 -9999 -9999 -9999 -9999 -9999 -9999 -9999
8.73748E-5 8.20946E-5 9.93785E-5 1.14811E-4 1.25659E-4 1.08016E-4 1.10853E-4 4.95397E-5 5.36117E-5 7.27403E-5 9.18527E-5 8.58373E-5 1.26396E-4 1.3115E-4 1.07857E-4 6.93146E-5 4.44684E-5 7.38643E-5 5.78371E-5 4.04362E-5 3.92795E-5 3.65104E-5 3.63312E-5 3.618E-5 3.1131E-5 2.88061E-5 2.84732E-5 2.83661E-5 2.95907E-5 4.2609E-5 4.28019E-5 4.29248E-5 4.25505E-5 4.24053E-5 4.20352E-5 6.38964E-5 6.3476E-5 6.00067E-5 4.82452E-5 4.431E-5 4.81822E-5 7.95023E-5 1.22823E-4 7.12387E-5 4.62227E-5 3.81816E-5 4.06538E-5 4.22856E-5 2.2576E-4 2.07496E-4 1.0407E-4 1.15762E-4 5.71969E-5 7.14269E-5 5.21912E-5 5.58033E-5 5.41579E-5 -9999 -9999 -9999 -9999 -9999 -9999 -9999 -9999 -9999
