catData/rasterBestHybridModels/Fchaus/RD_RM2_autofeature/Fchaus_avg.asc
ncols         409
nrows         350
xllcorner     60.897278365
yllcorner     5.843756025
cellsize      0.0892857
NODATA_value  -9999
[rows 145 to 173 of 350, columns 66 to 131 of 409]
-9999 -9999 -9999 -9999 -9999 -9999 -9999 1.97686E-4 2.16166E-4 1.8306E-4 2.0711E-4 2.00641E-4 1.854E-4 2.74275E-4 2.79721E-4 2.58264E-4 2.52877E-4 2.9036E-4 3.25461E-4 3.75481E-4 3.90327E-4 -9999 -9999 -9999 -9999 -9999 1.58653E-4 1.42913E-4 1.0967E-4 8.61154E-5 7.69119E-5 8.36567E-5 1.05215E-4 1.10029E-4 1.1404E-4 1.15517E-4 -9999 -9999 -9999 -9999 -9999 -9999 -9999 -9999 -9999 -9999 -9999 -9999 -9999 -9999 4.71122E-5 7.36252E-5 6.47916E-5 2.69354E-5 2.78331E-5 2.96812E-5 3.0797E-5 3.17031E-5 3.3405E-5 3.57102E-5 7.29078E-5 8.73863E-5 4.34015E-5 4.54139E-5 4.54426E-5 4.42252E-5
-9999 -9999 -9999 -9999 -9999 -9999 -9999 2.16035E-4 1.9352E-4 2.09409E-4 1.60816E-4 1.55359E-4 2.50023E-4 2.67558E-4 2.90449E-4 2.93276E-4 2.78197E-4 2.97104E-4 -9999 -9999 -9999 2.88807E-4 -9999 -9999 -9999 -9999 -9999 1.78262E-4 1.43223E-4 1.22023E-4 1.17994E-4 1.14015E-4 9.1419E-5 1.56442E-5 1.62894E-5 1.22295E-4 -9999 -9999 -9999 -9999 -9999 -9999 -9999 -9999 -9999 -9999 -9999 -9999 -9999 -9999 5.24409E-5 7.21572E-5 6.53177E-5 2.67557E-5 2.69438E-5 2.84301E-5 2.9415E-5 3.01552E-5 3.0812E-5 6.48731E-5 6.45221E-5 3.66342E-5 3.81617E-5 3.90856E-5 4.01785E-5 3.65041E-5
-9999 -9999 -9999 -9999 -9999 -9999 -9999 -9999 -9999 -9999 1.44447E-4 1.3906E-4 2.29067E-4 2.45377E-4 -9999 2.7228E-4 -9999 2.22409E-4 2.47283E-4 2.82212E-4 2.86321E-4 2.66581E-4 -9999 -9999 -9999 -9999 -9999 -9999 -9999 -9999 -9999 -9999 4.91786E-5 1.71284E-5 1.82725E-5 1.91455E-5 -9999 1.36798E-4 2.18131E-5 3.90935E-5 4.4801E-5 2.61668E-4 1.19785E-4 5.1448E-5 2.02437E-5 2.22448E-5 -9999 -9999 3.91367E-5 2.97838E-5 1.34756E-4 7.08262E-5 6.58853E-5 2.67542E-5 2.63778E-5 2.78446E-5 2.79557E-5 2.89631E-5 6.50086E-5 6.44558E-5 6.48518E-5 3.90047E-5 4.0644E-5 3.87506E-5 3.69132E-5 3.52214E-5
-9999 -9999 -9999 -9999 -9999 -9999 -9999 -9999 -9999 -9999 -9999 -9999 -9999 2.0199E-4 2.28929E-4 1.31535E-4 -9999 2.25391E-4 -9999 2.46337E-4 -9999 -9999 2.8162E-5 4.16259E-5 -9999 -9999 1.79534E-4 1.82437E-4 -9999 1.89891E-4 1.63593E-4 1.46063E-4 4.88991E-5 1.77854E-5 1.87645E-5 1.85433E-5 -9999 1.39947E-4 2.04911E-5 1.91562E-5 4.26729E-5 -9999 1.63478E-4 5.31275E-5 2.03075E-5 2.13619E-5 8.86915E-5 9.75447E-5 2.12922E-5 2.06831E-5 8.73061E-5 7.85438E-5 7.09456E-5 6.404E-5 2.6698E-5 2.64663E-5 2.63738E-5 5.43003E-5 6.21363E-5 6.58653E-5 6.74636E-5 3.61612E-5 4.22209E-5 3.97718E-5 3.37981E-5 3.4312E-5
-9999 -9999 -9999 -9999 -9999 -9999 -9999 -9999 -9999 -9999 -9999 -9999 -9999 -9999 -9999 -9999 2.12516E-4 2.23481E-4 -9999 -9999 2.35976E-5 1.73107E-5 1.6344E-5 1.65835E-5 1.75416E-5 2.2094E-5 1.38114E-4 1.37826E-4 1.40397E-4 1.36765E-4 1.10093E-4 1.02842E-4 9.29524E-5 1.95565E-5 1.95182E-5 9.37136E-5 -9999 -9999 -9999 1.54023E-4 1.65043E-4 3.55937E-4 2.35327E-4 1.06023E-4 2.81429E-5 2.71596E-5 6.98401E-5 8.81116E-5 3.03269E-5 3.81432E-5 1.70399E-4 1.50338E-4 7.95015E-5 6.73361E-5 2.70504E-5 2.66049E-5 5.3759E-5 5.41709E-5 6.02983E-5 6.33708E-5 6.44354E-5 3.44139E-5 4.98363E-5 5.14777E-5 4.32725E-5 3.74356E-5
-9999 -9999 -9999 -9999 -9999 -9999 -9999 -9999 -9999 -9999 -9999 -9999 -9999 -9999 -9999 -9999 -9999 2.01064E-4 -9999 1.67812E-5 1.55E-5 1.50467E-5 1.60057E-5 1.80114E-5 1.86513E-5 1.84931E-5 2.16397E-5 1.16534E-4 1.22898E-4 1.09974E-4 9.85126E-5 1.00743E-4 9.63224E-5 9.83916E-5 1.33278E-4 -9999 -9999 -9999 -9999 -9999 -9999 4.75886E-5 3.05119E-5 2.87991E-5 5.72493E-5 5.60926E-5 2.09787E-5 7.59813E-5 8.46625E-5 3.28984E-4 3.41345E-4 2.13712E-4 1.04477E-4 7.37259E-5 2.73592E-5 5.40475E-5 5.47307E-5 5.49465E-5 6.04437E-5 6.12029E-5 3.00264E-5 3.24466E-5 4.55793E-5 4.53614E-5 4.61166E-5 3.76567E-5
-9999 -9999 -9999 -9999 -9999 -9999 -9999 -9999 -9999 -9999 -9999 -9999 -9999 -9999 -9999 -9999 -9999 -9999 -9999 1.41896E-5 1.48337E-5 1.5863E-5 1.70166E-5 1.8925E-5 3.05239E-5 2.98492E-5 2.94445E-5 3.0826E-5 6.34317E-5 7.39263E-5 9.94925E-5 1.10465E-4 9.83715E-5 1.10106E-4 1.34005E-4 1.68315E-4 1.71019E-4 -9999 -9999 4.49627E-5 2.88625E-5 3.08536E-5 2.95901E-5 3.09006E-5 5.94716E-5 5.72635E-5 5.65837E-5 2.91943E-5 9.29818E-5 -9999 -9999 9.86154E-5 1.85552E-4 1.09946E-4 2.82892E-5 5.41273E-5 5.52962E-5 5.50715E-5 5.58547E-5 5.65438E-5 2.94255E-5 4.6544E-5 5.06684E-5 4.70225E-5 4.54183E-5 9.618E-5
-9999 -9999 -9999 -9999 -9999 -9999 -9999 -9999 -9999 -9999 -9999 -9999 -9999 -9999 -9999 -9999 -9999 -9999 -9999 1.70424E-5 1.53522E-5 1.66212E-5 1.77456E-5 1.84308E-5 3.16317E-5 3.46856E-5 3.24217E-5 3.09477E-5 3.11384E-5 3.16161E-5 3.15714E-5 3.72474E-5 5.35075E-5 9.69399E-5 9.44546E-5 1.07465E-4 1.23139E-4 1.71856E-4 1.40474E-4 3.00479E-5 2.98082E-5 3.48808E-5 3.54269E-5 3.37739E-5 6.2249E-5 5.89949E-5 5.84009E-5 4.13955E-5 1.44093E-4 1.08775E-4 8.86181E-5 -9999 2.91838E-4 1.44002E-4 7.09618E-5 6.57364E-5 2.74832E-5 2.77221E-5 2.77277E-5 2.70223E-5 1.03023E-4 4.9133E-5 5.12503E-5 4.89409E-5 1.0048E-4 1.46703E-4
-9999 -9999 -9999 -9999 -9999 -9999 -9999 -9999 -9999 -9999 -9999 -9999 -9999 -9999 -9999 -9999 -9999 -9999 -9999 -9999 2.11284E-5 2.05723E-5 2.19914E-5 2.28865E-5 2.49158E-5 3.48297E-5 3.64899E-5 3.60404E-5 3.58869E-5 3.45552E-5 3.53237E-5 2.52844E-5 2.36336E-5 2.41337E-5 2.35499E-5 2.32505E-5 2.8498E-5 4.95808E-5 3.82612E-5 3.11355E-5 2.97352E-5 3.16748E-5 3.32099E-5 3.25757E-5 6.21733E-5 6.12613E-5 1.88499E-4 -9999 1.49762E-4 -9999 3.54759E-4 -9999 -9999 1.94238E-4 7.54607E-5 6.66896E-5 6.66183E-5 6.65408E-5 2.76324E-5 2.71587E-5 7.42576E-5 7.01101E-5 8.04659E-5 2.90832E-5 3.21747E-5 4.41764E-5
-9999 -9999 -9999 -9999 -9999 -9999 -9999 -9999 -9999 -9999 -9999 -9999 -9999 -9999 -9999 -9999 -9999 -9999 -9999 -9999 -9999 1.02163E-4 2.45528E-5 2.32577E-5 2.40072E-5 2.62472E-5 3.34552E-5 4.16069E-5 4.13592E-5 3.18749E-5 2.70914E-5 2.63254E-5 2.53659E-5 2.67078E-5 2.71869E-5 2.50869E-5 3.14893E-5 3.35735E-5 3.03068E-5 3.06986E-5 3.1476E-5 3.13533E-5 3.14991E-5 3.25524E-5 7.53934E-5 2.82752E-4 -9999 1.39113E-4 4.78862E-4 -9999 -9999 -9999 -9999 2.11691E-4 1.23321E-4 7.3573E-5 6.95138E-5 6.75511E-5 6.70794E-5 6.73599E-5 6.77277E-5 7.75319E-5 2.40134E-5 2.80453E-5 3.43852E-5 3.89932E-5
-9999 -9999 -9999 -9999 -9999 -9999 -9999 -9999 -9999 -9999 -9999 -9999 -9999 -9999 -9999 -9999 -9999 -9999 -9999 -9999 1.62341E-4 7.31375E-5 2.54619E-5 2.37532E-5 2.44963E-5 2.64678E-5 2.82052E-5 4.08159E-5 4.4224E-5 3.2816E-5 3.01345E-5 2.92833E-5 2.83714E-5 2.91865E-5 2.78368E-5 3.01329E-5 3.36663E-5 3.42652E-5 3.8055E-5 1.21859E-4 1.65832E-4 8.08182E-5 5.42067E-5 1.34757E-4 2.30894E-4 4.96488E-4 1.43046E-4 4.48438E-4 3.37303E-4 4.15112E-4 3.98084E-4 -9999 -9999 -9999 2.96217E-4 1.50993E-4 8.05485E-5 6.96929E-5 6.7067E-5 2.05544E-5 7.30555E-5 2.37015E-5 2.41229E-5 3.1203E-5 3.91073E-5 4.30241E-5
-9999 -9999 -9999 -9999 -9999 -9999 -9999 -9999 -9999 -9999 -9999 -9999 -9999 -9999 -9999 -9999 -9999 -9999 -9999 -9999 -9999 -9999 6.9675E-5 2.67759E-5 2.58525E-5 2.66368E-5 3.29472E-5 4.19998E-5 4.28129E-5 4.18516E-5 3.10543E-5 3.08392E-5 3.12704E-5 3.20358E-5 3.2122E-5 3.73135E-5 3.50245E-5 3.67552E-5 1.58703E-4 2.28253E-4 2.18094E-4 2.02293E-4 2.37737E-4 2.6229E-4 2.22941E-4 1.43708E-4 5.77148E-5 9.01023E-5 8.54117E-5 1.07149E-4 8.62195E-5 8.63584E-5 1.28082E-4 1.52067E-4 1.88118E-4 1.63875E-4 9.67342E-5 7.15823E-5 6.91799E-5 2.10172E-5 2.40184E-5 2.36948E-5 2.59872E-5 3.34388E-5 3.80711E-5 3.89118E-5
-9999 -9999 -9999 -9999 -9999 -9999 -9999 -9999 -9999 -9999 -9999 -9999 -9999 -9999 -9999 -9999 -9999 -9999 -9999 -9999 -9999 -9999 -9999 3.76428E-5 2.88964E-5 2.99508E-5 3.68948E-5 3.85507E-5 3.94594E-5 4.02907E-5 4.08791E-5 3.43601E-5 3.03065E-5 3.29502E-5 3.74776E-5 3.64047E-5 3.72737E-5 5.77919E-5 2.06939E-4 1.71703E-4 -9999 2.89283E-4 2.25168E-4 1.77551E-4 9.51779E-5 2.87398E-5 7.89249E-5 8.08608E-5 7.95121E-5 7.7615E-5 7.46702E-5 7.21996E-5 7.01153E-5 6.89115E-5 6.92133E-5 6.90072E-5 7.20631E-5 7.86987E-5 2.23393E-5 2.20997E-5 2.22985E-5 2.2812E-5 2.33686E-5 3.51802E-5 2.84879E-4 1.7914E-4
-9999 -9999 -9999 -9999 -9999 -9999 -9999 -9999 -9999 -9999 -9999 -9999 -9999 -9999 -9999 -9999 -9999 -9999 -9999 -9999 -9999 -9999 -9999 -9999 -9999 5.04944E-5 3.93309E-5 3.83585E-5 3.87829E-5 3.77226E-5 3.84098E-5 3.85539E-5 3.85914E-5 3.86086E-5 3.87238E-5 3.80237E-5 6.15438E-5 -9999 -9999 1.55606E-4 -9999 5.36959E-4 1.83512E-4 7.81644E-5 2.70467E-5 2.78518E-5 9.65756E-5 9.16517E-5 7.97016E-5 7.62259E-5 7.41335E-5 7.2837E-5 7.11205E-5 6.94545E-5 6.84231E-5 6.97951E-5 7.14436E-5 7.99448E-5 2.39269E-5 2.34834E-5 2.32629E-5 2.3298E-5 3.72108E-5 7.63116E-5 3.53647E-4 3.01896E-4
-9999 -9999 -9999 -9999 -9999 -9999 -9999 -9999 -9999 -9999 -9999 -9999 -9999 -9999 -9999 -9999 -9999 -9999 -9999 -9999 -9999 -9999 -9999 -9999 -9999 -9999 -9999 4.6293E-5 4.10864E-5 4.02101E-5 4.00023E-5 4.00211E-5 4.1505E-5 4.3572E-5 -9999 -9999 -9999 -9999 -9999 -9999 5.75183E-4 3.33029E-4 8.52032E-5 3.07464E-5 3.01666E-5 2.78386E-5 9.04779E-5 8.23192E-5 7.9939E-5 7.84546E-5 7.57864E-5 7.58327E-5 7.30746E-5 7.07844E-5 7.00109E-5 6.97177E-5 7.27103E-5 2.48594E-5 3.92221E-5 2.93184E-5 2.49317E-5 2.54502E-5 2.51382E-5 5.45826E-5 3.86892E-5 9.89629E-5
-9999 -9999 -9999 -9999 -9999 -9999 -9999 -9999 -9999 -9999 -9999 -9999 -9999 -9999 -9999 -9999 -9999 -9999 -9999 -9999 -9999 -9999 -9999 -9999 -9999 -9999 -9999 -9999 -9999 -9999 -9999 2.08012E-4 2.11784E-4 -9999 -9999 -9999 -9999 -9999 -9999 4.04665E-4 2.81893E-4 9.44502E-5 2.95236E-5 3.07241E-5 2.9016E-5 2.82311E-5 2.76899E-5 8.37414E-5 8.19088E-5 7.60327E-5 7.65114E-5 7.73292E-5 7.26524E-5 7.59853E-5 7.48314E-5 7.0009E-5 2.17217E-5 2.44783E-5 5.60933E-5 5.11904E-5 3.26118E-5 2.93652E-5 2.72397E-5 6.52418E-5 7.66561E-5 7.61044E-5
-9999 -9999 -9999 -9999 -9999 -9999 -9999 -9999 -9999 -9999 -9999 -9999 -9999 -9999 -9999 -9999 -9999 -9999 -9999 -9999 -9999 -9999 -9999 -9999 -9999 -9999 -9999 -9999 -9999 -9999 -9999 -9999 -9999 -9999 -9999 -9999 -9999 -9999 -9999 1.71624E-4 8.88702E-5 7.88463E-5 2.86995E-5 2.68971E-5 2.61506E-5 2.49839E-5 2.39524E-5 8.13341E-5 8.24067E-5 8.427E-5 8.2505E-5 7.43535E-5 7.84247E-5 8.03148E-5 7.90815E-5 2.26451E-5 2.13518E-5 2.358E-5 4.31262E-5 6.31915E-5 5.15441E-5 8.15908E-5 7.26209E-5 7.03164E-5 8.78395E-5 7.8696E-5
-9999 -9999 -9999 -9999 -9999 -9999 -9999 -9999 -9999 -9999 -9999 -9999 -9999 -9999 -9999 -9999 -9999 -9999 -9999 -9999 -9999 -9999 -9999 -9999 -9999 -9999 -9999 -9999 -9999 -9999 -9999 -9999 -9999 -9999 -9999 -9999 -9999 -9999 9.89392E-5 8.5314E-5 8.20268E-5 2.93954E-5 2.77352E-5 2.65579E-5 2.61238E-5 2.56394E-5 2.501E-5 2.47862E-5 8.2275E-5 8.64065E-5 8.48045E-5 7.9514E-5 7.52113E-5 2.39346E-5 2.35494E-5 2.03551E-5 2.21046E-5 2.32245E-5 3.59358E-5 1.49359E-4 1.50877E-4 1.20078E-4 1.0899E-4 1.06723E-4 8.78411E-5 8.0884E-5
-9999 -9999 -9999 -9999 -9999 -9999 -9999 -9999 -9999 -9999 -9999 -9999 -9999 -9999 -9999 -9999 -9999 -9999 -9999 -9999 -9999 -9999 -9999 -9999 -9999 -9999 -9999 -9999 -9999 -9999 -9999 -9999 -9999 -9999 -9999 4.85852E-4 1.9205E-4 1.68763E-4 1.29849E-4 9.57293E-5 2.93669E-5 2.85487E-5 2.7256E-5 2.59844E-5 2.57849E-5 2.53198E-5 2.65731E-5 2.59102E-5 2.64199E-5 2.69087E-5 2.53801E-5 8.06835E-5 2.27382E-5 2.38919E-5 2.22849E-5 2.20125E-5 5.83368E-5 6.04545E-5 7.94433E-5 1.46015E-4 1.95933E-4 2.02183E-4 1.98611E-4 1.98881E-4 1.10233E-4 8.30684E-5
-9999 -9999 -9999 -9999 -9999 -9999 -9999 -9999 -9999 -9999 -9999 -9999 -9999 -9999 -9999 -9999 -9999 -9999 -9999 -9999 -9999 -9999 -9999 -9999 -9999 -9999 -9999 -9999 -9999 -9999 -9999 -9999 1.16848E-4 1.20098E-4 1.12576E-4 1.4364E-4 1.2998E-4 1.28865E-4 1.24259E-4 4.09816E-5 2.97543E-5 2.86447E-5 2.70421E-5 2.70838E-5 3.16171E-5 5.35497E-5 4.79192E-5 2.767E-5 2.81433E-5 2.7618E-5 2.59707E-5 2.53789E-5 2.43718E-5 2.35945E-5 2.23368E-5 5.75363E-5 5.8155E-5 6.08327E-5 7.29543E-5 1.55754E-4 2.28546E-4 2.7635E-4 2.54441E-4 2.75595E-4 1.78734E-4 8.53491E-5
-9999 -9999 -9999 -9999 -9999 -9999 -9999 -9999 -9999 -9999 -9999 -9999 -9999 -9999 -9999 -9999 -9999 -9999 -9999 -9999 -9999 -9999 -9999 -9999 9.22274E-5 4.84068E-5 -9999 -9999 1.01163E-4 1.01337E-4 5.69642E-5 4.65242E-5 8.70034E-5 8.66205E-5 8.30205E-5 8.91232E-5 9.44125E-5 1.22211E-4 7.82906E-5 3.40755E-5 2.81587E-5 2.82616E-5 2.76926E-5 2.6714E-5 5.79121E-5 5.68986E-5 5.48588E-5 3.37264E-5 2.92494E-5 2.98601E-5 2.70132E-5 2.59219E-5 2.47328E-5 2.36029E-5 2.3102E-5 5.83768E-5 6.01712E-5 6.196E-5 8.48872E-5 1.76774E-4 2.3644E-4 2.91348E-4 -9999 3.83152E-4 3.50641E-4 1.55435E-4
-9999 -9999 -9999 -9999 -9999 -9999 -9999 -9999 -9999 -9999 -9999 -9999 -9999 -9999 -9999 -9999 -9999 -9999 -9999 -9999 -9999 -9999 -9999 -9999 -9999 4.80737E-5 5.25138E-5 4.81219E-5 4.32295E-5 4.23303E-5 4.21632E-5 4.09592E-5 4.05897E-5 4.09131E-5 8.04369E-5 7.69944E-5 7.80114E-5 8.19723E-5 3.15818E-5 3.03289E-5 2.78273E-5 2.72586E-5 2.79045E-5 2.8144E-5 5.8286E-5 5.7202E-5 5.89183E-5 5.77945E-5 3.0718E-5 2.99485E-5 2.75413E-5 2.6365E-5 2.56193E-5 2.51162E-5 2.36189E-5 5.90881E-5 6.05048E-5 6.22651E-5 1.49093E-4 2.26431E-4 2.43398E-4 3.04328E-4 -9999 -9999 -9999 -9999
-9999 -9999 -9999 -9999 -9999 -9999 -9999 -9999 -9999 -9999 -9999 -9999 -9999 -9999 -9999 -9999 -9999 -9999 -9999 -9999 -9999 -9999 -9999 -9999 -9999 4.97481E-5 8.74688E-5 4.31383E-5 4.26075E-5 4.20256E-5 3.93435E-5 3.91377E-5 4.04396E-5 4.2065E-5 4.15582E-5 4.13204E-5 4.19797E-5 8.67444E-5 8.15617E-5 8.01549E-5 7.46912E-5 7.31596E-5 7.31522E-5 7.44553E-5 7.81994E-5 5.30986E-5 6.2474E-5 5.12844E-5 2.96906E-5 3.0008E-5 2.93178E-5 2.77024E-5 2.53263E-5 2.46455E-5 6.1817E-5 5.92843E-5 6.07113E-5 6.70919E-5 1.70644E-4 2.31842E-4 3.02647E-4 4.49712E-4 -9999 -9999 -9999 1.49493E-4
-9999 -9999 -9999 -9999 -9999 -9999 -9999 -9999 -9999 -9999 -9999 -9999 -9999 -9999 -9999 -9999 -9999 -9999 -9999 -9999 -9999 -9999 -9999 -9999 -9999 -9999 9.36793E-5 4.52504E-5 4.32866E-5 4.30215E-5 4.08191E-5 3.8232E-5 3.86077E-5 3.96941E-5 4.17366E-5 4.40611E-5 4.26218E-5 8.09867E-5 8.00095E-5 7.53165E-5 7.25099E-5 6.88488E-5 6.94393E-5 7.23066E-5 7.38511E-5 2.80678E-5 3.89187E-5 5.38368E-5 3.59496E-5 2.81817E-5 2.89816E-5 2.68723E-5 2.50123E-5 6.14598E-5 5.99703E-5 6.03704E-5 6.19694E-5 7.04086E-5 3.09638E-4 2.65505E-4 3.84322E-4 -9999 -9999 -9999 2.9644E-4 2.3174E-4
-9999 -9999 -9999 -9999 -9999 -9999 -9999 -9999 -9999 -9999 -9999 -9999 -9999 -9999 -9999 -9999 -9999 -9999 -9999 -9999 -9999 -9999 -9999 -9999 -9999 -9999 -9999 4.71963E-5 4.54582E-5 4.89958E-5 4.27787E-5 3.79391E-5 4.04939E-5 3.83693E-5 3.99428E-5 3.99306E-5 7.87155E-5 7.72909E-5 7.57586E-5 7.00481E-5 6.8143E-5 6.67734E-5 6.8286E-5 7.03036E-5 6.94054E-5 6.83337E-5 2.49819E-5 2.47123E-5 2.56184E-5 2.72907E-5 2.76113E-5 2.644E-5 6.4871E-5 6.08738E-5 5.89362E-5 5.92341E-5 6.21367E-5 8.03062E-5 2.41906E-4 4.32244E-4 7.79352E-4 -9999 -9999 -9999 3.67136E-4 2.61934E-4
-9999 -9999 -9999 -9999 -9999 -9999 -9999 -9999 -9999 -9999 -9999 -9999 -9999 -9999 -9999 -9999 -9999 -9999 -9999 -9999 -9999 -9999 -9999 -9999 -9999 -9999 -9999 -9999 7.40445E-5 1.07693E-4 5.67454E-5 4.74759E-5 4.51816E-5 4.68479E-5 3.98775E-5 8.2601E-5 7.98112E-5 7.17667E-5 7.1506E-5 6.72832E-5 6.63521E-5 6.71205E-5 6.98017E-5 7.14013E-5 6.88765E-5 6.82853E-5 6.2905E-5 6.33891E-5 6.75711E-5 6.99758E-5 6.87816E-5 6.3946E-5 6.0301E-5 5.86471E-5 5.80121E-5 5.95336E-5 6.25444E-5 1.05889E-4 2.72179E-4 3.61928E-4 5.67973E-4 -9999 -9999 -9999 -9999 -9999
-9999 -9999 -9999 -9999 -9999 -9999 -9999 -9999 -9999 -9999 -9999 -9999 -9999 -9999 -9999 -9999 -9999 -9999 -9999 -9999 -9999 -9999 -9999 -9999 -9999 -9999 -9999 -9999 -9999 6.13337E-5 8.14387E-5 4.9782E-5 4.64315E-5 4.55216E-5 4.08681E-5 8.66812E-5 8.59556E-5 7.66925E-5 7.09184E-5 6.85944E-5 6.63219E-5 6.92919E-5 7.35562E-5 7.32538E-5 7.584E-5 7.14669E-5 6.71745E-5 6.63527E-5 6.91278E-5 6.86948E-5 6.63236E-5 6.28033E-5 5.97506E-5 5.87248E-5 5.77382E-5 5.94203E-5 6.20335E-5 7.04875E-5 1.11182E-4 1.19671E-4 3.41072E-4 -9999 -9999 -9999 -9999 1.57147E-4
-9999 -9999 -9999 -9999 -9999 -9999 -9999 -9999 -9999 -9999 -9999 -9999 -9999 -9999 -9999 -9999 -9999 -9999 -9999 -9999 -9999 -9999 -9999 -9999 -9999 -9999 -9999 -9999 -9999 -9999 -9999 5.411E-5 4.37812E-5 4.2814E-5 8.83491E-5 8.28937E-5 7.7005E-5 7.00664E-5 7.1926E-5 7.12496E-5 7.17104E-5 7.41209E-5 7.70511E-5 7.58973E-5 7.32655E-5 6.68529E-5 6.80912E-5 7.01511E-5 6.83081E-5 6.78956E-5 6.4261E-5 6.29457E-5 6.22712E-5 5.99321E-5 6.00872E-5 6.55224E-5 6.67832E-5 6.86369E-5 8.18855E-5 9.23103E-5 9.60577E-5 -9999 -9999 -9999 1.45616E-4 1.5371E-4
-9999 -9999 -9999 -9999 -9999 -9999 -9999 -9999 -9999 -9999 -9999 -9999 -9999 -9999 -9999 -9999 -9999 -9999 -9999 -9999 -9999 -9999 -9999 -9999 -9999 -9999 -9999 -9999 -9999 -9999 -9999 -9999 -9999 1.45981E-4 1.09165E-4 9.18777E-5 7.74572E-5 7.21832E-5 6.7729E-5 7.41567E-5 9.23942E-5 1.0621E-4 7.86079E-5 7.00761E-5 7.03128E-5 6.98851E-5 7.13672E-5 7.06918E-5 6.83221E-5 6.85595E-5 6.699E-5 6.32069E-5 6.2586E-5 6.35728E-5 6.28949E-5 6.96498E-5 7.17812E-5 7.2715E-5 7.55124E-5 7.68535E-5 1.05002E-4 1.18923E-4 -9999 -9999 -9999 1.72873E-4
