catData/rasterBestHybridModels/Fchaus/RD_RM2_autofeature/Fchaus_stddev.asc
ncols         409
nrows         350
xllcorner     60.897278365
yllcorner     5.843756025
cellsize      0.0892857
NODATA_value  -9999
[rows 87 to 115 of 350, columns 132 to 197 of 409]
5.5159E-6 5.22914E-6 5.52718E-6 5.66114E-6 5.60269E-6 6.67605E-6 7.80314E-6 1.2577E-5 1.25342E-5 1.20213E-5 1.21027E-5 9.18551E-6 9.20712E-6 9.33806E-6 9.26043E-6 8.90475E-6 8.92331E-6 9.51399E-6 7.04704E-6 8.8615E-6 8.89655E-6 8.74049E-6 1.13957E-5 1.19964E-5 1.16404E-5 9.75064E-6 6.8832E-6 6.99528E-6 6.87458E-6 6.78139E-6 6.71054E-6 6.59543E-6 6.59716E-6 1.15264E-5 1.15625E-5 1.16479E-5 1.07158E-5 1.03997E-5 9.71643E-6 1.44749E-5 1.77789E-5 1.70291E-5 1.51082E-5 1.23905E-5 1.2242E-5 1.22969E-5 1.49635E-5 2.54468E-5 1.92063E-5 1.79094E-5 3.72263E-6 4.7097E-6 5.2428E-6 4.97242E-6 4.95915E-6 4.18925E-6 5.02883E-6 5.77833E-6 5.3921E-6 2.77236E-5 2.50578E-5 2.74395E-5 2.99322E-5 4.54078E-5 1.44486E-5 1.37051E-5
5.68411E-6 6.0468E-6 6.28824E-6 6.40042E-6 7.63751E-6 7.8254E-6 9.11033E-6 9.11598E-6 8.8352E-6 8.04923E-6 9.06806E-6 9.25013E-6 1.41228E-5 1.42021E-5 1.41404E-5 9.09603E-6 9.30732E-6 9.23933E-6 8.96726E-6 9.40998E-6 9.65222E-6 9.96331E-6 9.7442E-6 1.20125E-5 1.16476E-5 1.15201E-5 1.0692E-5 7.81146E-6 7.5956E-6 7.77481E-6 6.93608E-6 6.64851E-6 7.21759E-6 1.157E-5 1.15991E-5 1.15837E-5 1.0434E-5 1.03271E-5 9.83662E-6 1.06604E-5 1.01911E-5 9.13345E-6 1.04612E-5 1.2858E-5 1.31534E-5 1.31885E-5 1.29699E-5 1.63252E-5 1.64939E-5 1.95357E-5 3.41017E-5 3.49176E-5 4.12454E-6 4.5711E-6 7.6379E-6 7.9779E-6 8.67887E-6 5.26344E-6 4.84059E-6 2.19935E-5 1.86495E-5 2.89289E-5 3.23325E-5 3.56571E-5 3.79894E-5 1.33287E-5
9.40002E-6 1.02533E-5 1.08806E-5 7.0521E-6 7.73014E-6 1.268E-5 1.26784E-5 9.04345E-6 8.55803E-6 8.14674E-6 8.75938E-6 9.34222E-6 9.47967E-6 9.49052E-6 1.43272E-5 1.39932E-5 1.49552E-5 1.43267E-5 1.37512E-5 9.14884E-6 9.46819E-6 9.78377E-6 8.85251E-6 8.76205E-6 1.18137E-5 1.16329E-5 1.09556E-5 9.95929E-6 7.86144E-6 7.64405E-6 7.17531E-6 7.68981E-6 7.51289E-6 1.1664E-5 1.15919E-5 1.15623E-5 1.04826E-5 1.0506E-5 1.05848E-5 1.06199E-5 1.02652E-5 9.06682E-6 1.01752E-5 1.29544E-5 1.29225E-5 1.30104E-5 1.80061E-5 2.4394E-5 1.87331E-5 1.92234E-5 3.18182E-5 3.28284E-5 3.43482E-5 6.41795E-5 1.11658E-5 7.92097E-6 7.83634E-6 6.81502E-6 4.17047E-6 4.15214E-6 2.17221E-5 2.93203E-5 3.22112E-5 3.32915E-5 3.4513E-5 4.71384E-5
9.04559E-6 9.74718E-6 1.06247E-5 1.16216E-5 8.68347E-6 1.2161E-5 1.22595E-5 9.08823E-6 8.54882E-6 8.23182E-6 9.41219E-6 1.00466E-5 9.56376E-6 9.5249E-6 9.58596E-6 1.50081E-5 1.50752E-5 1.43613E-5 1.35428E-5 1.37167E-5 1.36676E-5 8.74089E-6 8.4324E-6 8.50923E-6 8.44388E-6 1.09823E-5 1.05222E-5 1.03307E-5 1.02008E-5 7.92328E-6 7.60429E-6 7.06151E-6 7.15215E-6 1.17352E-5 1.1655E-5 1.04897E-5 9.88026E-6 9.46004E-6 1.02764E-5 1.12717E-5 1.10929E-5 1.12532E-5 1.16757E-5 1.96476E-5 1.88546E-5 1.53274E-5 2.2751E-5 3.4296E-5 3.40273E-5 3.53121E-5 3.45026E-5 3.47021E-5 2.94838E-5 9.94312E-5 2.12634E-4 1.96525E-4 4.31316E-5 4.25675E-5 3.51683E-6 3.86834E-6 1.96666E-5 2.15316E-5 2.31116E-5 2.76239E-5 4.92485E-5 5.56174E-5
8.7891E-6 9.68505E-6 1.03219E-5 1.08441E-5 8.16716E-6 8.35156E-6 1.32794E-5 9.40949E-6 9.50304E-6 9.69503E-6 1.01253E-5 1.03924E-5 1.04562E-5 1.05436E-5 1.04832E-5 1.03149E-5 9.8425E-6 1.43633E-5 1.35999E-5 1.22302E-5 1.15415E-5 1.16644E-5 8.07069E-6 8.14966E-6 8.5144E-6 1.09199E-5 1.11197E-5 1.05075E-5 1.04153E-5 1.04187E-5 7.99047E-6 7.87766E-6 8.04982E-6 8.70389E-6 1.05631E-5 9.3849E-6 8.48696E-6 9.35586E-6 1.1336E-5 1.32064E-5 1.13635E-5 1.13733E-5 1.66942E-5 2.00604E-5 1.97167E-5 1.92672E-5 1.8476E-5 2.10125E-5 3.2414E-5 3.56375E-5 3.35415E-5 3.02098E-5 2.62218E-5 7.56256E-5 1.83008E-4 1.9099E-4 1.78105E-4 3.6987E-5 3.20773E-6 3.66673E-6 1.86027E-5 2.09731E-5 2.09748E-5 2.75197E-5 4.76269E-5 5.35643E-5
8.28534E-6 8.9425E-6 9.57736E-6 7.52567E-6 7.65738E-6 8.59653E-6 8.81766E-6 8.8919E-6 9.2914E-6 9.866E-6 1.02732E-5 1.04985E-5 1.85265E-5 1.85173E-5 1.85057E-5 1.81557E-5 1.60464E-5 1.43322E-5 5.50607E-6 1.27232E-5 1.14634E-5 1.16593E-5 1.20689E-5 7.90167E-6 8.4554E-6 8.76967E-6 1.22168E-5 1.20026E-5 1.06268E-5 1.05371E-5 1.04023E-5 8.1622E-6 9.83379E-6 9.05728E-6 7.82142E-6 7.75737E-6 8.28329E-6 1.18045E-5 1.35744E-5 1.37432E-5 1.33572E-5 1.72919E-5 1.95023E-5 1.96901E-5 1.71771E-5 2.00894E-5 1.97599E-5 4.55444E-5 1.33403E-4 2.14051E-4 1.05286E-4 1.86888E-4 3.29112E-5 6.7667E-5 6.86738E-5 6.57569E-5 1.9686E-4 1.93959E-4 4.9365E-5 3.59841E-6 2.81351E-5 1.98797E-5 1.88555E-5 3.07344E-5 4.63757E-5 4.76727E-5
8.79368E-6 9.32463E-6 7.25198E-6 7.35171E-6 8.08927E-6 8.11357E-6 8.34856E-6 1.24621E-5 9.29202E-6 1.75081E-5 1.80244E-5 1.82651E-5 1.84452E-5 1.8527E-5 1.83904E-5 1.80871E-5 1.7227E-5 1.41437E-5 1.33716E-5 5.51625E-6 5.53775E-6 5.45417E-6 5.31113E-6 4.85804E-6 8.15444E-6 8.44402E-6 1.24113E-5 1.24306E-5 1.11614E-5 1.04664E-5 1.04245E-5 8.20408E-6 9.75832E-6 8.84009E-6 7.63285E-6 7.79564E-6 9.48621E-6 1.39419E-5 1.40316E-5 1.36683E-5 9.84831E-6 1.07236E-5 1.60041E-5 1.45287E-5 1.15817E-5 2.17659E-5 2.2948E-5 8.0884E-5 3.18244E-4 3.02093E-4 3.74493E-4 3.74145E-4 2.84627E-4 3.04069E-4 3.16385E-4 8.36682E-5 1.18244E-4 6.33951E-5 6.04367E-5 2.92243E-5 9.54436E-6 2.05477E-5 1.77623E-5 1.76615E-5 4.00193E-5 4.10128E-5
8.01071E-6 6.48608E-6 6.78679E-6 7.31266E-6 7.86212E-6 8.44652E-6 8.94843E-6 9.37337E-6 1.72132E-5 1.75802E-5 1.80339E-5 1.81486E-5 1.83766E-5 1.85626E-5 1.84417E-5 1.80634E-5 1.51327E-5 1.40424E-5 1.39371E-5 1.41485E-5 1.41922E-5 5.84781E-6 5.68681E-6 5.14776E-6 5.2391E-6 1.27827E-5 1.27936E-5 1.2822E-5 1.12524E-5 1.05721E-5 1.04702E-5 4.82199E-6 9.49725E-6 8.45473E-6 8.27518E-6 7.89072E-6 1.41762E-5 1.23616E-5 1.02739E-5 9.89299E-6 9.26074E-6 9.46093E-6 1.09921E-5 1.08256E-5 1.06865E-5 1.72151E-5 2.33023E-5 1.27092E-4 3.5867E-4 1.82076E-4 1.95323E-4 3.33855E-5 2.68805E-4 2.83763E-4 2.62133E-4 5.91487E-5 6.33501E-5 6.31396E-5 4.26543E-5 2.91111E-5 9.66233E-6 1.02024E-5 6.64967E-6 1.63253E-5 3.72507E-5 3.90777E-5
6.48014E-6 6.80846E-6 7.28916E-6 7.84812E-6 8.44438E-6 1.62598E-5 1.70349E-5 9.87108E-6 1.78348E-5 1.80632E-5 1.8293E-5 1.96285E-5 1.85234E-5 1.85637E-5 1.85758E-5 1.8247E-5 1.47953E-5 1.41352E-5 1.43828E-5 1.46174E-5 1.46859E-5 1.45063E-5 5.96541E-6 5.57986E-6 5.15731E-6 5.26964E-6 1.2226E-5 1.30045E-5 1.20841E-5 1.06591E-5 4.77835E-6 4.71228E-6 4.61017E-6 8.67799E-6 8.32962E-6 9.38613E-6 9.82338E-6 9.65973E-6 9.62186E-6 9.48983E-6 9.45095E-6 1.0285E-5 1.04551E-5 1.0379E-5 1.02697E-5 1.09443E-5 1.37034E-4 2.76253E-4 2.778E-4 2.94759E-4 3.02762E-4 3.67028E-4 1.80941E-4 1.04387E-4 1.05405E-4 9.92063E-5 6.18631E-5 6.38195E-5 5.97848E-5 3.58637E-5 9.59166E-6 1.0788E-5 6.3867E-6 7.18468E-6 1.14744E-5 3.88986E-5
7.04836E-6 7.48141E-6 7.81624E-6 1.54383E-5 1.62661E-5 1.69784E-5 1.76497E-5 1.01926E-5 1.84607E-5 1.85625E-5 1.848E-5 1.8541E-5 1.86323E-5 1.85953E-5 1.85496E-5 1.8081E-5 1.45727E-5 1.4456E-5 1.471E-5 1.48619E-5 1.49407E-5 1.48392E-5 1.44844E-5 5.02865E-6 4.52592E-6 4.63096E-6 5.02336E-6 1.0897E-5 5.62558E-6 4.68985E-6 4.56064E-6 4.5195E-6 4.12954E-6 1.28121E-5 8.22431E-6 7.88692E-6 1.01725E-5 1.01947E-5 9.84259E-6 9.55441E-6 1.00628E-5 1.07976E-5 1.06476E-5 1.05427E-5 1.03828E-5 1.56718E-5 2.05817E-5 2.96425E-5 3.00049E-5 1.83685E-4 3.36105E-4 2.94957E-4 2.72554E-4 1.55802E-5 2.16241E-5 4.07206E-5 3.84272E-5 5.50776E-5 6.20346E-5 3.70868E-5 8.64952E-6 9.38227E-6 9.50409E-6 6.36056E-6 9.06107E-6 1.13983E-5
7.70861E-6 8.17943E-6 1.56E-5 1.60676E-5 1.68766E-5 1.74757E-5 1.79386E-5 1.03562E-5 1.05099E-5 1.80811E-5 1.61785E-5 1.61464E-5 1.83175E-5 1.85221E-5 1.83017E-5 1.6594E-5 1.43034E-5 1.4634E-5 1.48208E-5 1.50635E-5 1.51688E-5 1.50325E-5 1.45538E-5 1.18403E-5 1.06443E-5 4.62279E-6 4.54639E-6 4.30634E-6 5.70962E-6 5.47261E-6 4.1569E-6 4.22382E-6 3.26554E-6 3.72691E-6 1.21983E-5 9.02688E-6 1.15142E-5 1.15808E-5 1.10481E-5 1.06059E-5 1.16737E-5 1.35592E-5 1.3305E-5 1.18801E-5 1.44773E-5 1.87888E-5 3.00134E-5 3.10723E-5 2.19577E-5 1.9605E-5 3.12802E-4 2.76947E-4 1.99053E-4 1.94813E-4 1.34112E-5 1.2667E-5 3.31544E-5 5.52844E-5 5.37397E-5 1.43175E-5 8.95405E-6 1.00447E-5 1.03208E-5 6.89741E-6 6.57232E-6 1.15412E-5
8.25597E-6 1.60144E-5 1.64996E-5 1.68696E-5 1.7199E-5 1.78104E-5 1.81796E-5 1.03864E-5 1.03371E-5 1.47446E-5 1.48489E-5 1.38118E-5 1.53186E-5 1.79239E-5 1.76343E-5 1.71098E-5 1.66164E-5 1.63549E-5 1.56104E-5 1.53418E-5 1.53843E-5 1.5103E-5 1.3786E-5 1.08628E-5 1.07226E-5 1.0628E-5 6.25877E-6 5.79072E-6 5.70288E-6 2.65995E-5 5.67272E-6 3.68147E-6 3.61988E-6 3.73702E-6 3.81525E-6 1.35067E-5 1.17451E-5 1.21603E-5 1.10835E-5 1.09624E-5 1.08707E-5 1.52814E-5 1.59281E-5 1.60002E-5 1.59822E-5 1.91583E-5 2.66517E-5 2.47842E-5 1.68773E-5 1.21529E-5 4.49877E-5 5.6073E-5 5.35739E-5 5.11411E-5 1.36267E-5 1.39264E-5 1.91511E-5 3.21601E-5 1.23097E-5 8.41182E-6 9.10608E-6 9.31822E-6 1.20825E-5 7.23901E-6 7.14008E-6 7.12264E-6
1.59146E-5 1.66673E-5 1.71625E-5 1.75329E-5 1.76982E-5 1.78713E-5 1.03599E-5 1.051E-5 8.3909E-6 1.50925E-5 1.47791E-5 1.1477E-5 1.71563E-5 1.75967E-5 1.78003E-5 1.76498E-5 1.72406E-5 1.73644E-5 1.76407E-5 1.38542E-5 1.36643E-5 1.251E-5 1.12368E-5 4.71031E-6 4.62786E-6 4.27734E-6 3.94463E-6 5.82011E-6 5.65863E-6 5.66985E-6 2.78108E-5 5.73422E-6 6.32218E-6 3.73752E-6 3.57135E-6 1.21252E-5 1.13166E-5 1.15724E-5 1.14759E-5 1.14357E-5 1.24105E-5 1.6869E-5 1.63553E-5 1.71446E-5 1.61486E-5 1.61642E-5 1.68035E-5 1.52957E-5 1.41788E-5 1.10176E-5 1.17391E-5 1.91301E-5 1.98077E-5 2.77815E-5 1.9564E-5 1.90344E-5 2.05915E-5 1.05187E-5 1.03661E-5 9.48155E-6 8.75534E-6 9.58051E-6 1.03448E-5 8.75767E-6 6.44851E-6 7.14911E-6
1.73579E-5 1.72949E-5 1.77646E-5 1.81062E-5 1.82915E-5 1.84537E-5 1.05213E-5 8.53078E-6 1.30014E-5 9.10129E-6 8.11824E-6 1.04454E-5 1.07393E-5 1.08467E-5 1.09914E-5 1.09171E-5 1.09068E-5 1.09711E-5 1.09917E-5 9.1168E-6 8.43318E-6 1.15164E-5 1.12547E-5 4.5525E-6 3.93918E-6 3.85224E-6 3.65272E-6 3.51699E-6 3.46036E-6 5.81612E-6 2.80375E-5 5.75737E-6 6.2178E-6 6.23608E-6 3.63376E-6 1.22592E-5 1.27609E-5 1.41541E-5 1.40794E-5 1.40994E-5 1.42996E-5 1.58757E-5 1.46459E-5 1.31615E-5 1.36914E-5 1.35892E-5 1.36773E-5 1.41314E-5 1.10668E-5 1.05657E-5 1.48039E-5 1.79429E-5 1.91165E-5 1.89355E-5 1.83941E-5 1.80098E-5 8.01973E-6 8.28006E-6 9.41552E-6 1.06889E-5 8.30946E-6 9.4698E-6 9.14247E-6 8.17017E-6 1.11405E-5 1.09401E-5
1.73111E-5 1.80137E-5 1.86347E-5 1.88246E-5 1.0675E-5 9.423E-6 1.40107E-5 1.47744E-5 1.32958E-5 1.33021E-5 9.09004E-6 1.00561E-5 1.09383E-5 1.09842E-5 1.10624E-5 1.10914E-5 1.11251E-5 1.11269E-5 1.40862E-5 1.16331E-5 1.15801E-5 1.14202E-5 1.1121E-5 1.04764E-5 1.12774E-5 1.12918E-5 1.11677E-5 3.38721E-6 3.63176E-6 4.0292E-6 5.83602E-6 5.74019E-6 5.88961E-6 6.35425E-6 3.12934E-6 1.47124E-5 1.34424E-5 1.51295E-5 1.4849E-5 1.54374E-5 1.47311E-5 1.52612E-5 1.33792E-5 1.21258E-5 1.11079E-5 1.01885E-5 1.31361E-5 1.29923E-5 1.07713E-5 1.04244E-5 1.35948E-5 1.52241E-5 2.27302E-5 2.07017E-5 1.64357E-5 7.47161E-6 7.74064E-6 8.22246E-6 7.90501E-6 7.88177E-6 1.15149E-5 1.76464E-5 8.88002E-6 8.54213E-6 1.25249E-5 1.26556E-5
1.01161E-5 1.04715E-5 1.07665E-5 1.09284E-5 1.08644E-5 8.17463E-6 1.3404E-5 1.34073E-5 1.3323E-5 1.32359E-5 8.59421E-6 9.84949E-6 1.08737E-5 1.80757E-5 1.82861E-5 1.82797E-5 1.82492E-5 1.81671E-5 1.33417E-5 1.22165E-5 1.1915E-5 1.13631E-5 1.08141E-5 1.04464E-5 1.16979E-5 1.18918E-5 1.13003E-5 1.06943E-5 1.66961E-5 1.8644E-5 1.83022E-5 1.23887E-5 5.7144E-6 6.29489E-6 3.56621E-6 1.57642E-5 1.47591E-5 1.61938E-5 1.52155E-5 1.65673E-5 1.57943E-5 1.54409E-5 1.28996E-5 1.1989E-5 1.07269E-5 1.10347E-5 1.41521E-5 1.30636E-5 1.09621E-5 1.12187E-5 2.07162E-5 1.55794E-5 2.27476E-5 1.93122E-5 7.87989E-6 8.01434E-6 8.02674E-6 8.31417E-6 8.70174E-6 1.60361E-5 2.53931E-5 2.61707E-5 1.06221E-5 1.31455E-5 1.34467E-5 1.36567E-5
1.84688E-5 1.9045E-5 1.94744E-5 1.96667E-5 1.932E-5 8.78528E-6 9.12753E-6 8.41528E-6 8.84864E-6 8.72235E-6 1.57747E-5 1.56249E-5 1.51313E-5 1.78139E-5 1.80067E-5 1.7905E-5 1.78072E-5 1.57651E-5 1.22467E-5 1.21532E-5 1.21367E-5 1.18682E-5 1.1433E-5 9.90694E-6 1.13225E-5 1.13623E-5 1.09737E-5 1.07832E-5 1.27417E-5 8.59273E-6 8.5378E-6 6.92351E-6 1.56471E-5 6.12133E-6 2.96379E-6 1.65437E-5 1.66369E-5 1.64757E-5 1.60707E-5 1.63681E-5 1.58293E-5 1.40573E-5 1.26387E-5 1.23942E-5 1.15508E-5 1.35104E-5 1.40578E-5 1.31372E-5 1.12237E-5 1.15868E-5 2.31313E-5 2.18262E-5 1.41344E-5 7.26677E-6 7.04041E-6 7.67629E-6 7.73908E-6 8.23005E-6 1.00307E-5 2.61664E-5 2.66456E-5 2.56595E-5 2.29179E-5 2.25552E-5 1.38556E-5 1.45551E-5
1.87857E-5 1.94976E-5 1.986E-5 2.01469E-5 1.85178E-5 1.04089E-5 1.0481E-5 1.05462E-5 1.05572E-5 1.05302E-5 1.59099E-5 1.57177E-5 1.52227E-5 1.48878E-5 1.5647E-5 1.30901E-5 1.71715E-5 1.48432E-5 1.23827E-5 1.21519E-5 1.20463E-5 1.1796E-5 1.1415E-5 1.05666E-5 1.06022E-5 1.07097E-5 1.15752E-5 1.50754E-5 7.58671E-6 8.5681E-6 8.90128E-6 8.00371E-6 8.36866E-6 1.56815E-5 1.76327E-5 2.20613E-5 1.99431E-5 1.61275E-5 1.84942E-5 1.85686E-5 1.26915E-5 1.20392E-5 1.23983E-5 1.34415E-5 1.44983E-5 1.42132E-5 1.32454E-5 1.20758E-5 1.12833E-5 1.29551E-5 1.17106E-5 1.27244E-5 1.24769E-5 6.99813E-6 7.29789E-6 8.61063E-6 9.44577E-6 8.43331E-6 8.72094E-6 9.4752E-6 1.62788E-5 2.27272E-5 2.54437E-5 2.19228E-5 1.32916E-5 1.46502E-5
1.86762E-5 1.93852E-5 1.98232E-5 2.00423E-5 1.69587E-5 1.02751E-5 1.04352E-5 1.05087E-5 1.06056E-5 1.05578E-5 1.03766E-5 1.5454E-5 1.49799E-5 1.21143E-5 1.15668E-5 1.13017E-5 1.20154E-5 1.1967E-5 1.2098E-5 1.17163E-5 8.45611E-6 8.14864E-6 7.93208E-6 6.60375E-6 6.67089E-6 6.77658E-6 7.35601E-6 7.94213E-6 8.16103E-6 9.58652E-6 1.05371E-5 8.45625E-6 7.68506E-6 1.65864E-5 2.14959E-5 2.5649E-5 8.66337E-6 8.82963E-6 8.39899E-6 1.9437E-5 1.3749E-5 1.44238E-5 1.51279E-5 1.82451E-5 1.55729E-5 1.43651E-5 1.11437E-5 1.10421E-5 1.30745E-5 1.32732E-5 1.08704E-5 1.07817E-5 7.31276E-6 7.0808E-6 7.10422E-6 7.89005E-6 8.08263E-6 8.86554E-6 9.07076E-6 9.38662E-6 1.05581E-5 1.15602E-5 1.10095E-5 1.34578E-5 1.36201E-5 1.46468E-5
1.77936E-5 1.81501E-5 1.8891E-5 1.9128E-5 1.03079E-5 1.0032E-5 1.03645E-5 1.06047E-5 1.06726E-5 1.05948E-5 1.04598E-5 1.56868E-5 1.51912E-5 1.24968E-5 1.1627E-5 7.81289E-6 8.13963E-6 8.45931E-6 8.32152E-6 8.4435E-6 8.28924E-6 8.05106E-6 7.68491E-6 6.51953E-6 6.50382E-6 7.17929E-6 7.59281E-6 8.11646E-6 8.59594E-6 9.22485E-6 1.07822E-5 8.65331E-6 1.23049E-5 8.3151E-6 2.33176E-5 2.30281E-5 2.09614E-5 8.70511E-6 8.28042E-6 7.87979E-6 6.62405E-6 7.06454E-6 9.28046E-6 1.99641E-5 1.50938E-5 1.20724E-5 1.07657E-5 3.182E-5 2.18668E-5 1.24202E-5 1.10083E-5 6.53428E-6 8.90546E-6 8.26902E-6 9.18444E-6 1.11835E-5 8.33313E-6 8.73856E-6 1.12772E-5 1.46134E-5 1.57296E-5 1.55515E-5 9.60366E-6 1.34998E-5 1.41507E-5 1.51448E-5
1.56684E-5 1.69625E-5 1.79016E-5 1.81608E-5 9.74267E-6 9.98173E-6 1.035E-5 1.06054E-5 1.06647E-5 9.98473E-6 9.75725E-6 1.44606E-5 9.59946E-6 9.01816E-6 8.57306E-6 8.48006E-6 8.10967E-6 8.14517E-6 8.33495E-6 8.37805E-6 8.13784E-6 8.00972E-6 7.39972E-6 6.47074E-6 7.01528E-6 7.30741E-6 7.98015E-6 8.7244E-6 7.90605E-6 1.03396E-5 7.83783E-6 8.30382E-6 1.23282E-5 8.8954E-6 2.34912E-5 2.09695E-5 1.85799E-5 6.78185E-6 7.04367E-6 7.49736E-6 7.0302E-6 7.69277E-6 9.28669E-6 8.30686E-6 7.67818E-6 6.77028E-6 1.17241E-5 2.99261E-5 9.96516E-5 6.54972E-6 6.18304E-6 6.21554E-6 7.17084E-6 1.08429E-5 1.18378E-5 1.15675E-5 1.21719E-5 9.6479E-6 1.10302E-5 1.2634E-5 1.22677E-5 1.24929E-5 1.50866E-5 1.41425E-5 1.4298E-5 1.52507E-5
1.55852E-5 1.51671E-5 1.56314E-5 1.71198E-5 9.89362E-6 9.87712E-6 1.02369E-5 1.04583E-5 1.36301E-5 1.25656E-5 1.2358E-5 9.34294E-6 9.64026E-6 9.41194E-6 9.03201E-6 8.61465E-6 8.67779E-6 7.82258E-6 8.27179E-6 8.1014E-6 7.936E-6 7.64515E-6 7.18036E-6 6.98512E-6 6.36722E-6 6.76335E-6 7.40055E-6 8.09473E-6 7.65019E-6 7.40192E-6 7.46106E-6 1.28114E-5 1.31591E-5 8.80533E-6 9.72005E-6 2.45571E-5 2.43392E-5 7.95585E-6 7.83876E-6 7.83255E-6 6.96266E-6 8.2203E-6 1.02172E-5 7.7641E-6 7.72398E-6 7.38943E-6 7.32165E-6 7.20075E-6 1.17937E-5 1.13075E-5 6.60405E-6 6.48485E-6 6.44602E-6 8.70136E-6 1.13841E-5 1.21628E-5 1.1794E-5 1.18107E-5 1.07002E-5 1.01231E-5 1.03741E-5 1.07171E-5 1.44884E-5 1.37486E-5 1.37361E-5 1.32272E-5
1.5954E-5 1.55645E-5 1.52479E-5 9.05593E-6 1.18786E-5 1.20182E-5 1.25651E-5 1.32198E-5 1.30259E-5 1.24314E-5 1.23754E-5 1.23551E-5 9.04822E-6 9.49281E-6 9.0707E-6 8.7347E-6 9.09878E-6 9.11762E-6 8.23813E-6 8.06288E-6 7.87823E-6 7.71171E-6 7.13127E-6 6.79694E-6 6.5119E-6 6.74633E-6 7.35362E-6 7.28679E-6 7.2745E-6 7.03343E-6 1.19025E-5 1.26289E-5 1.3223E-5 9.31769E-6 1.03542E-5 1.14302E-5 2.54189E-5 9.52365E-6 8.2627E-6 7.90962E-6 7.25662E-6 8.44138E-6 9.2791E-6 7.47838E-6 6.95317E-6 6.98087E-6 1.18841E-5 1.20907E-5 1.21564E-5 1.2124E-5 1.14636E-5 1.15198E-5 1.15177E-5 1.15075E-5 1.32315E-5 1.60681E-5 1.64878E-5 1.65258E-5 1.60114E-5 1.52359E-5 1.47536E-5 1.50427E-5 1.58563E-5 3.79746E-5 3.86285E-5 1.23674E-5
1.64166E-5 1.61161E-5 1.57184E-5 1.11287E-5 1.09E-5 1.12178E-5 1.21487E-5 1.25837E-5 1.28384E-5 1.21665E-5 1.217E-5 1.2362E-5 9.03401E-6 9.61602E-6 9.38296E-6 9.06748E-6 9.46004E-6 9.68572E-6 8.80076E-6 8.07275E-6 8.59869E-6 7.56288E-6 7.26491E-6 6.80732E-6 6.71799E-6 7.02013E-6 7.43999E-6 7.00547E-6 6.73163E-6 6.88067E-6 1.23386E-5 1.24358E-5 1.29854E-5 9.09905E-6 1.054E-5 1.08654E-5 8.97783E-6 6.85815E-6 7.46489E-6 7.06904E-6 7.37023E-6 7.00316E-6 6.7211E-6 6.43367E-6 6.5588E-6 1.07066E-5 1.17736E-5 1.22134E-5 1.23466E-5 1.15859E-5 1.15598E-5 1.16901E-5 1.19376E-5 1.40843E-5 1.42003E-5 1.40366E-5 1.34597E-5 1.35193E-5 6.24215E-5 1.29086E-4 1.60124E-5 1.57434E-5 1.5151E-5 4.57402E-5 2.44776E-5 8.13844E-6
1.67944E-5 1.65746E-5 9.92648E-6 1.17938E-5 1.1284E-5 1.07962E-5 1.1497E-5 1.20236E-5 1.20305E-5 1.17062E-5 1.20104E-5 1.22447E-5 8.95064E-6 8.7019E-6 9.06898E-6 9.13817E-6 9.43884E-6 9.72074E-6 8.88102E-6 7.86065E-6 8.04155E-6 7.54894E-6 7.25984E-6 7.21036E-6 6.89513E-6 6.99482E-6 7.13053E-6 6.96828E-6 6.71323E-6 1.10678E-5 1.13969E-5 1.20228E-5 1.26244E-5 8.67684E-6 9.45225E-6 9.82718E-6 8.02103E-6 1.04925E-5 6.6922E-6 6.50205E-6 7.19268E-6 6.70075E-6 6.66386E-6 1.12984E-5 1.07981E-5 1.10613E-5 1.10202E-5 1.15437E-5 1.10319E-5 1.11488E-5 1.14076E-5 1.15798E-5 1.40864E-5 1.42462E-5 1.40538E-5 1.36163E-5 1.34663E-5 1.38841E-5 1.13563E-4 1.19097E-4 1.17626E-4 1.1073E-4 1.52014E-5 3.67689E-5 3.80165E-5 1.07744E-5
1.63512E-5 1.03827E-5 9.75482E-6 1.19223E-5 1.15255E-5 1.08047E-5 1.08121E-5 1.12433E-5 1.16231E-5 1.13153E-5 1.16814E-5 1.21091E-5 8.93027E-6 8.84746E-6 8.72511E-6 8.45441E-6 9.11695E-6 9.16826E-6 8.40412E-6 7.63388E-6 7.63343E-6 7.77581E-6 7.65788E-6 7.48487E-6 7.28576E-6 6.91413E-6 6.9011E-6 6.8822E-6 1.08977E-5 1.12697E-5 1.12884E-5 1.23964E-5 1.67559E-5 2.24107E-5 9.76582E-6 9.25132E-6 6.83863E-6 1.09014E-5 1.03519E-5 6.58858E-6 6.45671E-6 7.85367E-6 1.4596E-5 1.52625E-5 1.1851E-5 1.09979E-5 1.09732E-5 1.09916E-5 1.0848E-5 1.06448E-5 1.10624E-5 1.14646E-5 1.18994E-5 1.19865E-5 1.21063E-5 1.32829E-5 1.3153E-5 1.3114E-5 5.41018E-5 6.31363E-5 2.28974E-5 1.37893E-5 9.08421E-6 9.52466E-6 3.1853E-5 1.48521E-5
1.01019E-5 1.00033E-5 9.80672E-6 1.2536E-5 1.21035E-5 1.13468E-5 1.07013E-5 1.07468E-5 1.1257E-5 1.094E-5 1.16469E-5 8.69951E-6 8.82815E-6 8.58914E-6 8.91893E-6 8.94335E-6 9.08451E-6 9.16024E-6 8.37701E-6 8.025E-6 7.74487E-6 7.8213E-6 7.76558E-6 7.46125E-6 7.40007E-6 6.99564E-6 6.87916E-6 1.09849E-5 1.12392E-5 1.1312E-5 1.11295E-5 4.67827E-5 2.11103E-4 2.19626E-4 2.28921E-4 2.11999E-4 1.13773E-5 1.0939E-5 1.06431E-5 1.06936E-5 1.13977E-5 1.1541E-5 1.44401E-5 1.49852E-5 1.19279E-5 1.08756E-5 1.05232E-5 1.0631E-5 1.0949E-5 1.0977E-5 1.09652E-5 1.12588E-5 1.14357E-5 1.17882E-5 1.18715E-5 1.23863E-5 1.26396E-5 1.27172E-5 1.27367E-5 1.26498E-5 1.32677E-5 1.32082E-5 8.78913E-6 8.22293E-6 9.16623E-6 9.1245E-6
1.02025E-5 1.01191E-5 1.00702E-5 1.29642E-5 1.25504E-5 1.187E-5 1.11214E-5 1.03133E-5 1.05946E-5 1.08376E-5 1.14017E-5 8.57612E-6 8.55871E-6 8.54468E-6 8.61113E-6 9.1696E-6 9.2465E-6 9.29601E-6 9.49469E-6 8.98512E-6 7.67832E-6 7.26095E-6 7.4137E-6 7.34696E-6 7.82446E-6 7.27202E-6 1.09132E-5 1.1067E-5 1.18192E-5 1.12839E-5 1.10141E-5 1.15229E-5 9.61078E-5 6.47312E-5 4.53199E-5 7.19641E-5 1.13551E-5 1.08489E-5 1.09131E-5 6.72735E-6 7.71584E-6 7.67948E-6 1.14405E-5 1.50541E-5 1.19789E-5 1.05339E-5 1.06049E-5 1.1121E-5 1.14609E-5 1.21501E-5 1.12782E-5 1.12319E-5 1.12097E-5 1.23651E-5 1.29114E-5 1.24081E-5 1.39171E-5 1.47192E-5 1.39917E-5 1.35189E-5 1.20316E-5 1.20574E-5 7.52135E-6 7.97432E-6 7.19282E-6 6.91555E-6
1.01449E-5 1.01859E-5 1.32574E-5 1.31253E-5 1.26761E-5 1.20525E-5 1.15627E-5 1.08334E-5 1.07639E-5 1.11266E-5 1.15621E-5 8.73126E-6 8.45436E-6 8.44412E-6 8.68209E-6 8.91005E-6 9.15122E-6 9.25345E-6 9.24454E-6 9.58488E-6 7.83822E-6 6.98289E-6 7.348E-6 7.59485E-6 7.65336E-6 1.1204E-5 1.14591E-5 1.11481E-5 1.10771E-5 1.1167E-5 1.13868E-5 7.98205E-6 7.78164E-6 7.74942E-6 7.73874E-6 7.6698E-6 6.56856E-6 1.10007E-5 7.31842E-6 7.42216E-6 7.65655E-6 7.78869E-6 9.13024E-6 1.18249E-5 9.86524E-6 1.03816E-5 1.11706E-5 1.13557E-5 1.30134E-5 1.33596E-5 1.25353E-5 1.07193E-5 1.11104E-5 1.21123E-5 1.13585E-5 1.11953E-5 1.11288E-5 1.31183E-5 1.41794E-5 1.38108E-5 1.20789E-5 6.93379E-6 6.79873E-6 8.70149E-6 8.34093E-6 6.92003E-6
