catData/rasterBestHybridModels/Fchaus/RD_RM2_autofeature/Fchaus_min.asc
ncols         409
nrows         350
xllcorner     60.897278365
yllcorner     5.843756025
cellsize      0.0892857
NODATA_value  -9999
[rows 116 to 144 of 350, columns 330 to 395 of 409]
6.9931E-5 5.98801E-5 1.99164E-5 2.43412E-5 2.54182E-5 2.51354E-5 2.36094E-5 2.52327E-5 2.85415E-5 2.69538E-5 4.83026E-5 3.25207E-5 3.42009E-5 4.40672E-5 3.63393E-5 2.43216E-5 2.58183E-5 4.39028E-5 3.44864E-5 2.63157E-5 2.63209E-5 3.11608E-5 3.09399E-5 4.83678E-5 4.79174E-5 4.44627E-5 4.90012E-5 3.40311E-5 2.9252E-5 2.9316E-5 2.94589E-5 2.68194E-5 2.45395E-5 2.44659E-5 2.32029E-5 2.32476E-5 2.30609E-5 2.34878E-5 2.6251E-5 3.07832E-5 2.82996E-5 3.28567E-5 8.07871E-5 9.22143E-5 7.58411E-5 6.60176E-5 4.47758E-5 7.39898E-5 9.08734E-5 3.9343E-5 7.88875E-5 4.17484E-5 3.80611E-5 3.95991E-5 4.49028E-5 3.82891E-5 -9999 -9999 -9999 -9999 -9999 -9999 -9999 -9999 -9999 -9999
3.60897E-5 6.61082E-5 2.33885E-5 2.39463E-5 2.47957E-5 2.46937E-5 2.50696E-5 2.67136E-5 5.00789E-5 4.87995E-5 5.77922E-5 3.48915E-5 3.2533E-5 5.11655E-5 4.42129E-5 3.15355E-5 3.51515E-5 3.63574E-5 4.35949E-5 4.24503E-5 4.37179E-5 4.08902E-5 4.77456E-5 2.76857E-5 2.74537E-5 3.60936E-5 4.03613E-5 4.41086E-5 3.7248E-5 2.5847E-5 2.5805E-5 2.8183E-5 3.03988E-5 9.03788E-5 7.60003E-5 7.90457E-5 2.81031E-5 2.70799E-5 2.78584E-5 2.46004E-5 2.82952E-5 6.7156E-5 6.68158E-5 6.94012E-5 6.74936E-5 8.08751E-5 5.66009E-5 4.87249E-5 4.2496E-5 4.92791E-5 3.65662E-5 3.83085E-5 4.3574E-5 2.65401E-5 -9999 -9999 -9999 -9999 -9999 -9999 -9999 -9999 -9999 -9999 -9999 -9999
9.7263E-5 1.73703E-4 1.11776E-4 6.678E-5 6.61342E-5 6.76247E-5 7.28652E-5 2.79133E-5 3.39185E-5 4.32913E-5 4.56466E-5 5.51277E-5 7.80174E-5 1.73833E-4 6.72655E-5 3.0846E-5 3.33005E-5 3.37907E-5 3.38606E-5 3.7849E-5 4.2197E-5 4.26424E-5 5.51729E-5 5.064E-5 3.54817E-5 4.83695E-5 4.48079E-5 6.72586E-5 3.07997E-5 8.24042E-5 9.93191E-5 1.42207E-4 5.35091E-5 2.84533E-5 3.52263E-5 2.62096E-5 2.66367E-5 4.54379E-5 2.90511E-5 2.57171E-5 2.92321E-5 6.92045E-5 6.81739E-5 9.49063E-5 1.05031E-4 5.82039E-5 5.76929E-5 4.57973E-5 4.09269E-5 5.03119E-5 3.52773E-5 5.44845E-5 5.1334E-5 -9999 -9999 -9999 -9999 -9999 -9999 -9999 -9999 -9999 -9999 -9999 -9999 -9999
2.84378E-5 6.62648E-5 7.22245E-5 8.30684E-5 7.80598E-5 1.179E-4 9.70279E-5 1.1357E-4 1.04215E-4 9.97802E-5 1.19456E-4 1.30423E-4 7.95001E-5 8.12435E-5 4.79073E-5 5.64045E-5 5.08051E-5 5.11545E-5 5.32875E-5 5.39035E-5 5.60997E-5 6.1645E-5 1.28847E-4 8.83596E-5 1.01879E-4 7.06881E-5 1.40807E-4 4.12893E-5 4.13148E-5 3.48214E-5 6.07372E-5 3.59379E-5 3.65035E-5 3.58125E-5 4.93345E-5 4.66958E-5 2.97429E-5 2.51416E-5 3.26364E-5 8.72776E-5 4.23299E-5 4.23576E-5 4.49481E-5 5.70267E-5 6.7332E-5 6.65038E-5 7.00292E-5 6.31171E-5 5.38287E-5 4.83732E-5 3.74423E-5 4.42687E-5 5.48814E-5 -9999 -9999 -9999 -9999 -9999 -9999 -9999 -9999 -9999 -9999 -9999 -9999 -9999
3.27991E-5 3.32396E-5 3.13607E-5 4.7134E-5 4.98231E-5 1.26373E-4 1.26588E-4 1.75266E-4 1.447E-4 1.06881E-4 1.05569E-4 1.16856E-4 1.35282E-4 8.07368E-5 2.81272E-5 2.86146E-5 2.80862E-5 2.90669E-5 5.16472E-5 5.47796E-5 5.60934E-5 5.82149E-5 1.21468E-4 4.51227E-5 4.52592E-5 4.71837E-5 4.92141E-5 3.56932E-5 3.22801E-5 8.42154E-5 9.16982E-5 3.59043E-5 4.42756E-5 4.71418E-5 4.15063E-5 2.68001E-5 7.81453E-5 8.68217E-5 8.11556E-5 6.89281E-5 4.01744E-5 4.45469E-5 6.14097E-5 7.99781E-5 6.70753E-5 6.11923E-5 9.1408E-5 9.32341E-5 6.7852E-5 4.7518E-5 5.87523E-5 6.00278E-5 4.62812E-5 4.56578E-5 -9999 -9999 -9999 -9999 -9999 -9999 -9999 -9999 -9999 -9999 -9999 -9999
3.28765E-5 8.15205E-5 8.30804E-5 1.03519E-4 1.22471E-4 1.14719E-4 8.36794E-5 3.87287E-5 4.646E-5 4.02018E-5 8.65045E-5 8.58404E-5 6.89906E-5 6.53262E-5 6.72422E-5 3.16564E-5 3.12061E-5 3.01241E-5 3.12958E-5 3.09603E-5 3.09411E-5 3.10005E-5 2.7604E-5 2.84941E-5 2.64323E-5 2.92177E-5 4.92675E-5 3.47411E-5 3.33893E-5 2.54612E-5 1.94595E-5 2.05423E-5 3.24914E-5 3.27176E-5 3.00775E-5 1.13816E-4 7.21446E-5 6.9474E-5 5.93552E-5 3.33995E-5 3.75718E-5 5.10592E-5 6.2847E-5 1.04198E-4 8.45859E-5 4.20982E-5 4.1858E-5 6.47692E-5 5.77457E-5 5.62135E-5 5.68181E-5 4.83262E-5 4.31869E-5 2.40142E-5 -9999 -9999 -9999 -9999 -9999 -9999 -9999 -9999 -9999 -9999 -9999 -9999
2.46714E-5 2.65568E-5 2.65617E-5 3.49106E-5 8.43916E-5 9.06147E-5 8.64145E-5 8.34028E-5 9.74813E-5 9.23713E-5 3.12611E-5 2.86619E-5 2.44662E-5 2.54405E-5 3.8794E-4 3.51E-4 2.63352E-5 2.76795E-5 6.91217E-5 6.82836E-5 8.14818E-5 3.07646E-5 3.26556E-5 2.61286E-5 2.71505E-5 2.98801E-5 3.25616E-5 4.66832E-5 7.43151E-5 1.86546E-5 1.83876E-5 2.04592E-5 2.80686E-5 4.49901E-5 5.04799E-5 1.46076E-4 1.2849E-4 1.1835E-4 3.90242E-5 3.45897E-5 4.98482E-5 5.24713E-5 5.4332E-5 7.16923E-5 7.49175E-5 4.40341E-5 4.88148E-5 5.62012E-5 5.56942E-5 5.35174E-5 5.46698E-5 4.41935E-5 3.95186E-5 -9999 -9999 -9999 -9999 -9999 -9999 -9999 -9999 -9999 -9999 -9999 -9999 -9999
2.41228E-5 6.19143E-5 6.39126E-5 7.28601E-5 7.29701E-5 7.04918E-5 6.67687E-5 3.63771E-5 4.04645E-5 2.65757E-5 2.42021E-5 2.48634E-5 7.35549E-5 7.15252E-5 3.00351E-5 9.75849E-5 7.67708E-5 2.58068E-5 8.24673E-5 1.45792E-4 1.2234E-4 2.94148E-5 3.10968E-5 2.4073E-5 2.00525E-5 3.02483E-5 2.56294E-5 3.67607E-5 3.65545E-5 2.99527E-5 2.05764E-5 1.9036E-5 2.05729E-5 2.51487E-5 2.14817E-4 2.31488E-4 2.36562E-4 7.88378E-5 3.38596E-5 3.54158E-5 4.00529E-5 4.1466E-5 7.77963E-5 8.94123E-5 3.64414E-5 4.66698E-5 5.08035E-5 6.441E-5 5.4606E-5 5.76221E-5 4.93029E-5 3.39923E-5 3.00909E-5 2.03424E-5 -9999 -9999 -9999 -9999 -9999 -9999 -9999 -9999 -9999 -9999 -9999 -9999
4.93465E-5 3.02908E-5 3.34761E-5 3.92434E-5 3.24671E-5 3.1865E-5 3.31934E-5 3.74083E-5 2.8518E-5 2.88901E-5 2.71733E-5 4.02395E-5 3.84347E-5 4.34534E-5 4.05541E-5 7.34263E-5 3.87355E-5 4.50425E-5 4.84157E-5 1.15923E-4 2.93633E-5 2.68889E-5 3.12947E-5 8.80833E-5 6.48076E-5 5.60572E-5 5.08227E-5 8.52982E-5 8.22505E-5 7.13659E-5 7.60151E-5 6.06887E-5 4.40423E-5 4.29238E-5 7.31236E-5 4.66634E-5 4.48537E-5 3.65186E-5 3.31983E-5 3.26763E-5 6.53385E-5 3.81902E-5 4.13442E-5 5.27645E-5 4.29471E-5 4.84844E-5 6.23762E-5 5.17663E-5 5.46014E-5 3.46126E-5 2.61526E-5 2.44266E-5 2.33709E-5 -9999 -9999 -9999 -9999 -9999 -9999 -9999 -9999 -9999 -9999 -9999 -9999 -9999
3.413E-5 3.36076E-5 3.31676E-5 3.10981E-5 3.07434E-5 3.21986E-5 3.06319E-5 3.39412E-5 3.05886E-5 2.95397E-5 3.63412E-5 3.32149E-5 3.29072E-5 4.34215E-5 2.97309E-5 3.28507E-5 4.24586E-5 3.61021E-5 8.44775E-5 8.7882E-5 5.37245E-5 1.01862E-4 5.14909E-5 1.74535E-4 9.37051E-5 7.46055E-5 5.71928E-5 5.06871E-5 6.69345E-5 7.19875E-5 7.69737E-5 3.72547E-5 4.62338E-5 4.3043E-5 3.34243E-5 4.65625E-5 4.13829E-5 8.1885E-5 3.39053E-5 3.12177E-5 5.10856E-5 4.06362E-5 4.38735E-5 4.48883E-5 4.22154E-5 5.56611E-5 3.79203E-5 5.00591E-5 3.11613E-5 3.7713E-5 2.51503E-5 2.46244E-5 -9999 -9999 -9999 -9999 -9999 -9999 -9999 -9999 -9999 -9999 -9999 -9999 -9999 -9999
3.22099E-5 3.10399E-5 3.13765E-5 3.57177E-5 3.65008E-5 3.71816E-5 2.5614E-5 2.46145E-5 2.12696E-5 2.39523E-5 2.65482E-5 2.64819E-5 2.75091E-5 2.83706E-5 3.18519E-5 3.25757E-5 4.91432E-5 4.61709E-5 5.014E-5 7.62445E-5 1.0368E-4 1.65939E-4 7.75035E-5 1.57323E-4 1.06765E-4 9.15805E-5 3.8398E-5 3.27257E-5 5.56189E-5 3.52361E-5 5.60454E-5 5.62779E-5 4.79013E-5 6.59617E-5 5.52704E-5 6.67528E-5 5.10652E-5 7.36102E-5 3.21488E-5 5.68524E-5 4.21329E-5 3.80653E-5 4.77111E-5 4.72046E-5 4.60218E-5 4.90983E-5 4.01388E-5 3.42428E-5 2.67165E-5 2.08064E-5 2.56007E-5 1.98145E-5 1.83529E-5 -9999 -9999 -9999 -9999 -9999 -9999 -9999 -9999 -9999 -9999 -9999 -9999 -9999
3.82334E-5 3.34164E-5 3.20985E-5 3.60811E-5 2.4753E-5 2.55893E-5 2.25634E-5 1.27533E-5 1.72027E-5 2.21576E-5 2.37911E-5 2.909E-5 2.52837E-5 3.07622E-5 3.00894E-5 3.89491E-5 3.37657E-5 4.37664E-5 3.09E-5 4.18386E-5 3.66164E-5 4.15325E-5 4.19775E-5 4.42825E-5 1.94756E-4 9.82099E-5 5.53519E-5 3.42099E-5 1.67337E-5 1.76111E-5 1.99519E-5 4.57698E-5 3.72288E-5 3.57817E-5 4.17335E-5 4.58691E-5 3.32861E-5 3.33374E-5 5.37908E-5 6.08632E-5 3.56199E-5 1.0774E-4 6.18948E-5 6.115E-5 6.65283E-5 5.92968E-5 4.55623E-5 3.15716E-5 2.09454E-5 2.3152E-5 1.56706E-5 1.524E-5 -9999 -9999 -9999 -9999 -9999 -9999 -9999 -9999 -9999 -9999 -9999 -9999 -9999 -9999
4.08528E-5 4.02413E-5 4.07719E-5 2.40897E-5 2.41797E-5 1.9636E-5 1.56001E-5 1.19084E-5 7.76042E-6 1.43446E-5 1.5535E-5 2.33611E-5 2.76952E-5 2.23834E-5 4.11676E-5 5.41487E-5 5.37833E-5 9.63172E-5 3.61807E-5 4.61353E-5 4.0456E-5 3.76821E-5 7.71861E-5 4.56799E-5 4.54279E-5 5.3005E-5 5.82943E-5 3.19931E-5 1.76225E-5 1.65567E-5 1.51827E-5 4.19969E-5 5.65445E-5 4.34273E-5 3.98476E-5 3.3607E-5 5.16015E-5 5.39877E-5 5.71752E-5 4.483E-5 3.88288E-5 2.14992E-4 7.18549E-5 8.30653E-5 8.36206E-5 9.23141E-5 6.69342E-5 2.97033E-5 2.12744E-5 1.73127E-5 1.55561E-5 -9999 -9999 -9999 -9999 -9999 -9999 -9999 -9999 -9999 -9999 -9999 -9999 -9999 -9999 -9999
4.6224E-5 4.624E-5 2.71792E-5 2.32023E-5 2.5138E-5 1.18776E-5 1.46272E-5 1.12132E-5 8.30951E-6 1.26233E-5 1.53018E-5 2.24404E-5 3.05383E-5 4.46561E-5 4.78593E-5 4.61941E-5 8.24985E-5 8.91602E-5 4.62757E-5 3.47629E-5 3.43812E-5 4.04063E-5 9.61676E-5 6.34736E-5 8.95604E-5 5.93959E-5 4.70164E-5 2.38522E-5 1.82936E-5 2.11212E-5 1.43333E-5 1.90421E-5 4.40615E-5 5.63584E-5 2.03886E-5 1.86025E-5 2.92135E-5 5.26941E-5 5.3078E-5 5.52798E-5 6.16769E-5 4.80361E-5 1.0761E-4 6.75995E-5 5.58194E-5 5.53704E-5 1.97584E-5 2.61211E-5 1.81961E-5 1.19856E-5 -9999 -9999 -9999 -9999 -9999 -9999 -9999 -9999 -9999 -9999 -9999 -9999 -9999 -9999 -9999 -9999
5.4173E-5 5.21318E-5 2.25656E-5 2.1973E-5 2.25266E-5 1.30579E-5 1.38769E-5 1.2987E-5 1.30586E-5 7.03127E-6 1.52132E-5 2.25171E-5 2.00875E-5 3.5847E-5 3.45368E-5 4.17356E-5 4.46588E-5 4.73184E-5 3.74282E-5 5.15318E-5 3.57586E-5 4.0035E-5 4.23589E-5 5.36799E-5 4.68005E-5 2.69665E-5 3.51827E-5 3.76309E-5 2.73008E-5 2.00193E-5 1.46719E-5 1.58959E-5 2.59072E-5 1.75488E-5 1.98575E-5 4.55079E-5 4.74424E-5 2.68687E-5 2.90937E-5 5.07984E-5 9.93541E-5 8.03173E-5 6.17936E-5 4.33262E-5 3.88794E-5 4.25291E-5 2.76354E-5 2.89181E-5 -9999 -9999 -9999 -9999 -9999 -9999 -9999 -9999 -9999 -9999 -9999 -9999 -9999 -9999 -9999 -9999 -9999 -9999
3.35281E-5 3.51533E-5 3.65629E-5 2.28572E-5 1.30902E-5 1.42185E-5 1.38413E-5 1.40358E-5 2.52775E-5 1.03128E-5 4.00892E-6 1.18717E-5 1.45238E-5 2.54852E-5 4.73028E-5 5.18057E-5 4.64048E-5 2.65809E-5 3.18315E-5 3.25689E-5 3.61813E-5 3.16105E-5 3.19353E-5 3.1513E-5 3.17178E-5 3.12551E-5 4.44246E-5 5.91975E-5 4.04835E-5 2.71188E-5 1.58735E-5 2.04017E-5 2.2989E-5 3.13674E-5 2.54618E-5 4.30356E-5 4.51803E-5 2.54778E-5 2.1107E-5 3.5692E-5 5.95145E-5 5.40095E-5 5.2804E-5 4.00388E-5 3.58902E-5 2.65094E-5 2.36619E-5 2.38829E-5 -9999 -9999 -9999 -9999 -9999 -9999 -9999 -9999 -9999 -9999 -9999 -9999 -9999 -9999 -9999 -9999 -9999 -9999
4.88491E-5 5.01862E-5 2.80067E-5 2.2339E-5 2.93049E-5 2.83601E-5 2.95637E-5 3.27917E-5 2.16677E-5 2.10899E-5 2.04207E-5 2.22942E-5 2.05154E-5 1.88027E-5 2.1265E-5 1.88636E-5 2.09812E-5 2.27942E-5 2.57748E-5 2.9362E-5 3.39409E-5 3.40674E-5 3.7198E-5 3.68654E-5 4.13997E-5 5.41952E-5 8.01093E-5 4.50889E-5 8.87869E-5 3.35289E-5 2.30897E-5 4.15796E-5 5.18278E-5 5.08467E-5 2.44774E-5 3.62244E-5 3.89503E-5 2.12635E-5 2.56287E-5 6.46871E-5 7.37898E-5 5.72774E-5 4.25961E-5 5.33729E-5 4.89476E-5 2.68493E-5 2.40449E-5 -9999 -9999 -9999 -9999 -9999 -9999 -9999 -9999 -9999 -9999 -9999 -9999 -9999 -9999 -9999 -9999 -9999 -9999 -9999
2.3563E-5 2.10637E-5 2.8372E-5 2.76725E-5 4.19739E-5 2.42274E-5 6.94987E-5 2.09678E-5 2.40546E-5 2.50741E-5 6.45502E-5 2.92695E-5 3.65619E-5 2.88603E-5 3.07329E-5 3.24912E-5 4.87835E-5 3.20537E-5 3.97829E-5 3.75679E-5 4.05995E-5 2.42726E-5 2.42786E-5 2.46806E-5 3.33436E-5 3.56034E-5 4.47493E-5 5.32594E-5 3.71008E-5 4.88099E-5 6.98941E-5 6.41768E-5 7.14907E-5 5.88688E-5 1.81718E-5 2.24352E-5 3.19311E-5 2.01671E-5 1.11928E-4 6.47477E-5 5.72956E-5 4.32824E-5 6.74351E-5 4.48851E-5 4.92706E-5 3.27295E-5 2.80518E-5 -9999 -9999 -9999 -9999 -9999 -9999 -9999 -9999 -9999 -9999 -9999 -9999 -9999 -9999 -9999 -9999 -9999 -9999 -9999
4.3918E-5 4.21903E-5 4.37115E-5 4.55327E-5 5.48668E-5 1.07363E-4 1.69097E-4 1.22055E-4 1.42261E-4 1.13404E-4 2.0938E-4 1.76025E-4 1.72277E-4 1.32617E-4 1.28047E-4 2.14771E-4 2.2343E-4 9.39733E-5 3.18924E-5 2.90961E-5 7.00233E-5 3.33625E-5 2.62717E-5 3.04972E-5 3.08533E-5 3.6576E-5 4.15349E-5 4.5255E-5 4.24723E-5 6.36148E-5 6.08865E-5 5.86528E-5 5.57994E-5 1.62253E-5 1.56757E-5 2.15225E-5 3.08952E-5 2.71742E-5 6.47733E-5 6.30689E-5 5.53208E-5 5.02246E-5 4.47983E-5 2.91E-5 3.28023E-5 3.26716E-5 4.60944E-5 2.84019E-5 1.72468E-5 -9999 -9999 -9999 -9999 -9999 -9999 -9999 -9999 -9999 -9999 -9999 -9999 -9999 -9999 -9999 -9999 -9999
5.12523E-5 6.02825E-5 7.44185E-5 9.29734E-5 1.0333E-4 1.33758E-4 1.63905E-4 1.12696E-4 1.23466E-4 1.07716E-4 8.60666E-5 1.20969E-4 3.24428E-4 2.50893E-4 8.95532E-5 1.02418E-4 5.07632E-5 9.68839E-5 7.8573E-5 8.32943E-5 1.02901E-4 9.52439E-5 8.05508E-5 3.20986E-5 2.85875E-5 2.9242E-5 3.428E-5 4.95408E-5 5.43279E-5 4.3052E-5 3.99442E-5 3.69232E-5 3.83083E-5 1.26446E-5 1.67322E-5 3.86309E-5 3.70761E-5 4.12063E-5 4.56138E-5 3.79688E-5 4.9562E-5 2.77865E-5 6.26487E-5 4.03578E-5 4.27915E-5 5.88774E-5 2.83927E-5 2.0062E-5 1.35361E-5 -9999 -9999 -9999 -9999 -9999 -9999 -9999 -9999 -9999 -9999 -9999 -9999 -9999 -9999 -9999 -9999 -9999
8.67903E-5 9.61452E-5 1.11583E-4 1.38542E-4 1.67145E-4 1.50974E-4 1.34185E-4 1.20711E-4 1.16666E-4 1.07224E-4 1.09022E-4 1.87707E-4 1.34664E-4 1.21271E-4 9.83065E-5 9.74137E-5 1.11112E-4 1.15704E-4 1.83056E-4 9.51604E-5 1.03609E-4 1.3971E-4 5.53889E-5 7.57089E-5 3.42577E-5 4.11507E-5 4.01226E-5 4.61199E-5 3.35125E-5 4.09753E-5 2.7952E-5 2.99575E-5 4.15017E-5 1.27756E-5 2.96285E-5 2.99055E-5 3.37779E-5 3.97755E-5 4.49296E-5 2.98506E-5 2.5833E-5 2.50208E-5 2.43867E-5 4.36111E-5 5.23193E-5 3.17528E-5 3.41369E-5 1.50659E-5 -9999 -9999 -9999 -9999 -9999 -9999 -9999 -9999 -9999 -9999 -9999 -9999 -9999 -9999 -9999 -9999 -9999 -9999
1.48946E-4 9.39295E-5 9.87746E-5 1.22434E-4 1.4503E-4 1.07761E-4 1.20942E-4 1.50516E-4 1.65344E-4 1.35909E-4 1.51556E-4 9.88022E-5 1.50463E-4 3.28723E-4 9.91012E-5 1.06412E-4 1.20077E-4 1.46941E-4 1.76473E-4 1.62016E-4 1.62229E-4 5.98502E-5 5.92293E-4 2.07456E-4 5.3297E-5 4.42546E-5 4.74171E-5 4.45296E-5 3.32375E-5 2.7969E-5 2.75421E-5 2.91382E-5 2.15531E-5 1.33884E-5 2.34299E-5 2.3629E-5 3.32675E-5 4.36056E-5 3.20331E-5 1.83855E-4 4.54665E-5 1.89064E-5 2.51706E-5 2.98459E-5 1.97275E-5 1.96226E-5 2.00284E-5 1.88352E-5 -9999 -9999 -9999 -9999 -9999 -9999 -9999 -9999 -9999 -9999 -9999 -9999 -9999 -9999 -9999 -9999 -9999 -9999
1.72718E-4 1.71768E-4 9.28362E-5 1.13062E-4 1.53932E-4 1.90454E-4 1.23555E-4 1.62689E-4 1.25757E-4 1.16908E-4 1.35272E-4 1.22151E-4 8.91989E-5 1.1102E-4 9.97943E-5 2.63785E-4 2.38785E-4 2.50061E-4 1.08171E-4 2.02795E-4 1.08292E-4 3.85575E-5 3.95067E-5 1.08873E-4 1.12647E-4 4.53141E-5 4.95215E-5 5.39397E-5 3.11992E-5 4.20995E-5 4.18465E-5 3.94439E-5 1.29502E-5 1.74693E-5 1.85911E-5 2.12265E-5 2.89797E-5 4.22036E-5 6.18145E-5 5.79589E-5 6.32185E-5 1.73666E-5 2.13375E-5 3.31255E-5 3.45899E-5 3.06812E-5 4.13513E-5 -9999 -9999 -9999 -9999 -9999 -9999 -9999 -9999 -9999 -9999 -9999 -9999 -9999 -9999 -9999 -9999 -9999 -9999 -9999
1.25241E-4 1.40748E-4 1.27341E-4 1.63928E-4 1.75947E-4 2.00257E-4 1.88294E-4 1.64415E-4 1.17081E-4 1.08574E-4 9.40877E-5 1.13342E-4 1.0906E-4 1.06706E-4 1.52259E-4 1.46901E-4 2.34236E-4 1.36446E-4 8.13729E-5 1.31009E-4 1.61992E-4 3.00153E-5 3.03088E-5 8.06698E-5 1.11467E-4 5.74897E-5 4.89657E-5 4.78442E-5 4.42283E-5 4.43296E-5 4.16458E-5 1.3779E-5 1.57856E-5 1.90136E-5 2.12694E-5 2.30305E-5 2.93937E-5 3.73474E-5 4.71902E-5 5.65543E-5 3.14767E-5 2.21275E-5 4.60116E-5 1.08928E-4 9.40007E-5 9.37798E-5 2.18339E-5 -9999 -9999 -9999 -9999 -9999 -9999 -9999 -9999 -9999 -9999 -9999 -9999 -9999 -9999 -9999 -9999 -9999 -9999 -9999
1.34722E-4 1.2719E-4 1.41725E-4 1.97851E-4 2.66405E-4 2.82242E-4 3.42093E-4 1.46516E-4 1.27276E-4 1.05519E-4 9.08029E-5 8.81946E-5 1.08122E-4 1.25745E-4 1.01557E-4 9.78226E-5 9.58294E-5 5.70944E-5 1.06795E-4 1.10731E-4 1.0123E-4 2.83504E-5 2.67467E-5 7.51909E-5 7.46128E-5 4.922E-5 6.0048E-5 4.26422E-5 4.35827E-5 4.18879E-5 3.03885E-5 1.60463E-5 1.49926E-5 1.39893E-5 1.75081E-5 2.19531E-5 3.95635E-5 3.92281E-5 3.76353E-5 4.38074E-5 2.46494E-5 3.3129E-5 4.09658E-5 9.78137E-5 9.01402E-5 4.01501E-5 -9999 -9999 -9999 -9999 -9999 -9999 -9999 -9999 -9999 -9999 -9999 -9999 -9999 -9999 -9999 -9999 -9999 -9999 -9999 -9999
1.02048E-4 1.25522E-4 1.29423E-4 1.99653E-4 3.63864E-4 3.44713E-4 4.17909E-4 2.09594E-4 1.51081E-4 1.22815E-4 1.2685E-4 1.16444E-4 1.16764E-4 7.87674E-5 6.50453E-5 7.90739E-5 4.41249E-5 4.20135E-5 1.123E-4 1.28061E-4 6.58271E-5 7.71791E-5 3.78181E-5 9.22417E-5 5.81294E-5 5.29147E-5 7.34631E-5 4.23294E-5 4.13794E-5 4.29456E-5 2.80692E-5 1.21494E-5 1.23669E-5 1.25331E-5 1.92103E-5 2.00989E-5 4.37823E-5 5.14796E-5 5.15911E-5 4.03642E-5 2.73874E-5 3.4461E-5 1.96987E-4 5.65254E-5 8.65257E-5 -9999 -9999 -9999 -9999 -9999 -9999 -9999 -9999 -9999 -9999 -9999 -9999 -9999 -9999 -9999 -9999 -9999 -9999 -9999 -9999 -9999
5.73611E-5 1.00822E-4 1.72723E-4 1.60461E-4 3.35832E-4 6.06434E-4 3.36825E-4 1.99004E-4 1.59557E-4 1.60696E-4 1.43352E-4 1.71453E-4 1.82815E-4 5.02185E-5 5.50427E-5 6.22548E-5 4.43777E-5 4.24915E-5 3.9344E-5 5.15686E-5 2.7715E-5 6.92721E-5 3.59639E-5 1.70056E-4 4.68465E-5 9.52294E-5 6.10994E-5 3.33311E-5 3.51872E-5 4.45851E-5 2.98654E-5 1.2847E-5 1.38434E-5 1.70827E-5 2.38895E-5 3.76945E-5 1.58223E-4 3.44119E-5 3.78233E-5 3.62684E-5 4.72641E-5 1.98797E-4 1.00251E-4 5.41027E-5 4.25088E-5 -9999 -9999 -9999 -9999 -9999 -9999 -9999 -9999 -9999 -9999 -9999 -9999 -9999 -9999 -9999 -9999 -9999 -9999 -9999 -9999 -9999
6.14109E-5 7.32901E-5 1.22773E-4 1.31958E-4 2.13392E-4 4.01356E-4 2.15572E-4 2.09789E-4 1.59197E-4 1.68011E-4 1.29911E-4 9.91327E-5 1.3098E-4 4.75292E-5 5.61141E-5 6.09172E-5 4.24265E-5 4.45973E-5 3.00259E-5 5.79902E-5 4.72729E-5 6.86836E-5 1.45783E-4 2.73636E-4 3.91209E-5 8.30712E-5 5.95851E-5 2.02071E-5 1.34652E-5 1.45388E-5 3.57466E-5 1.52716E-5 1.49181E-5 1.67396E-5 2.8888E-5 9.75603E-5 1.41254E-4 8.1646E-5 5.95129E-5 3.79545E-5 1.16174E-4 7.7756E-5 8.44903E-5 6.05691E-5 -9999 -9999 -9999 -9999 -9999 -9999 -9999 -9999 -9999 -9999 -9999 -9999 -9999 -9999 -9999 -9999 -9999 -9999 -9999 -9999 -9999 -9999
6.86256E-5 6.76712E-5 7.88692E-5 9.30107E-5 2.33088E-4 2.89535E-4 4.55112E-4 3.81983E-4 2.02538E-4 1.89406E-4 1.53454E-4 8.22582E-5 4.72872E-5 4.70394E-5 4.15122E-5 5.61733E-5 2.70529E-5 5.67181E-5 4.54682E-5 5.93958E-5 1.20506E-4 1.37944E-4 3.6921E-5 8.63821E-5 7.78221E-5 5.65272E-5 6.0335E-5 2.4841E-5 1.50853E-5 1.79207E-5 1.58828E-5 3.43099E-5 2.16371E-5 4.30968E-5 7.32395E-5 9.66005E-5 1.04131E-4 9.92309E-5 1.84521E-4 8.38079E-5 2.70187E-4 3.54061E-5 1.27476E-4 5.40751E-5 -9999 -9999 -9999 -9999 -9999 -9999 -9999 -9999 -9999 -9999 -9999 -9999 -9999 -9999 -9999 -9999 -9999 -9999 -9999 -9999 -9999 -9999
