rodentData/variables/Bio17.asc
NCOLS 409 
NROWS 350 
XLLCORNER 60.897278365 
YLLCORNER 5.843756025 
CELLSIZE 0.0892857 
NODATA_value -9999 
[rows 54 to 80 of 350, columns 61 to 121 of 409]
-9999 -9999 -9999 -9999 -9999 -9999 -9999 -9999 -9999 -9999 -9999 -9999 -9999 -9999 -9999 -9999 -9999 -9999 -9999 -9999 -9999 -9999 -9999 -9999 -9999 -9999 -9999 -9999 -9999 -9999 -9999 -9999 19.3805732808159 20.0266042408249 20.9045229483593 20.4930896071313 20.9637738800002 21.3613110433747 24.4848117131075 24.7765368689079 23.7319536839608 21.4714491995242 18.9634546614667 17.5895074253892 16.6266569078454 16.7124724948492 15.7862711200001 15.2321645000001 14.9167881023294 15.3095736197463 16.0692464477511 16.8487635725201 16.5315751125038 15.0117498100477 14 14 14.122989878661 14.8753767802215 15.3025182788828 15.4643290000002 15.8066999235741
-9999 -9999 -9999 -9999 -9999 -9999 -9999 -9999 -9999 -9999 -9999 -9999 -9999 -9999 -9999 -9999 -9999 -9999 -9999 -9999 -9999 -9999 -9999 -9999 -9999 -9999 -9999 -9999 -9999 -9999 -9999 -9999 17.6974473173674 17.9219490511292 18.976327086426 19.7694233479613 19.5035826969293 19.8663556581804 20.5622331334207 21.5888389800004 20.6200525635092 19.1297038893092 17.0005563200001 16.1235083044188 15.7943812560531 15.2612821595284 15.089064937083 14.5658305053623 14.0661026921925 14 14.2351913053961 13.7765903702867 13.5023865024118 13.1781302599327 13.1752726375212 14 14.16017738 15 15 15 15.0716707771504
-9999 -9999 -9999 -9999 -9999 -9999 -9999 -9999 -9999 -9999 -9999 -9999 -9999 -9999 -9999 -9999 -9999 -9999 -9999 -9999 -9999 -9999 -9999 -9999 -9999 -9999 -9999 -9999 -9999 -9999 -9999 -9999 17 17.0462010326702 17.67806028 18.7494886800001 17.6914272910263 18.7129735028554 19.0893077000001 20.8966211906178 20.877593415501 18.8224972399999 16.83982022 15.578152427714 14.1515519000244 14.0893077000001 14.495379367787 14.48267822 14 14 13.3337311566878 13.0175904571936 13 13 13.0015468611625 13.0084846872812 12.3387927800001 13.1786154000001 13.1786154000001 13.5196355882443 14.0893077000001
-9999 -9999 -9999 -9999 -9999 -9999 -9999 -9999 -9999 -9999 -9999 -9999 -9999 -9999 -9999 -9999 -9999 -9999 -9999 -9999 -9999 -9999 -9999 -9999 -9999 -9999 -9999 -9999 -9999 -9999 -9999 -9999 -9999 17.5080747857885 17.4144210880073 17.6780602800001 19.4287754056486 20.7637576333799 20.1054100631719 25.589840448143 25.8249177682688 20.7867386399997 18.3321139870214 14.7821301278674 14 13.6322301917169 13.4637726800001 14.0086299486989 14 13.3516249508854 13.0047986793225 13 13 12.071019710054 12.0178793000001 12.016292530362 12.16017738 13 13 13.0066951288066 13.0178793000001
-9999 -9999 -9999 -9999 -9999 -9999 -9999 -9999 -9999 -9999 -9999 -9999 -9999 -9999 -9999 -9999 -9999 -9999 -9999 -9999 -9999 -9999 -9999 -9999 -9999 -9999 -9999 -9999 -9999 -9999 -9999 -9999 18.5779815377127 18.0535490999999 18.6423016799998 19.71373008 21.3992367884485 20.4588340415397 22.8241504938387 27.7410620861846 25.2117909400698 18.8224972399999 16.5194606599999 13.9875975904084 13.6596416561261 13 13.4220161908051 13.9741530157294 13.9369459154724 13.3034271575966 13 13 12.0787094715984 11.9464509000001 11.9464509000001 11.9464509000001 12.1066282800001 12.7272474010739 12 12 12.4220139193231
-9999 -9999 -9999 -9999 -9999 -9999 -9999 -9999 -9999 -9999 -9999 -9999 -9999 -9999 -9999 -9999 -9999 -9999 -9999 -9999 10.0735811255129 12.0230195716262 12.2683882199999 12.80304018 13 13 -9999 -9999 -9999 -9999 -9999 18.421267376984 19.069250560155 19 19.515171754433 20.617711248428 20.5426947538667 21.8806464058501 26.4037087059784 27.7094635002562 31.0420792400003 19.0502683888118 16.5394795284549 13.864423508684 13 13 12.9442733601011 13.3276906972402 12.7197056912418 12.5776711115181 12.8750225000001 12.7746611457961 11.2196940341299 11 11 11 11.1401588114911 11.90396801137 12 12 12.0557263399529
-9999 -9999 -9999 -9999 -9999 -9999 -9999 -9999 -9999 -9999 -9999 -9999 -9999 -9999 -9999 -9999 -9999 -9999 10.4458981800001 10.5842794125387 10.6695259282735 12.0610389381724 12.162962160203 12.645318350711 12.9753448884767 13.1857797476641 13.01732538 -9999 -9999 15.23161058 16.6060779600002 18.7489347600002 19.55410422 19.2032110423292 19.3928117999998 20.4538468809204 22.6069111587273 24.4726077537445 27.065521505795 26.2611379437098 34.1499538626118 21.0029436906692 16.7111006938526 14.6877003269597 13 12.9264528685846 12.445276810603 12 12 12 11.8563080726469 11.1582796065407 11 11 11 11 11 11.1861170383339 11.8631118008537 12 12.3583153607714
-9999 -9999 -9999 -9999 -9999 -9999 -9999 -9999 -9999 -9999 -9999 -9999 -9999 -9999 -9999 -9999 10 10.1002958513974 10.5943056530884 11.1385578024257 11.1101455220602 11 11.7316117800001 12 12.6402559000038 13.9314063355105 13.01732538 14.0887537800001 15.0429022820528 15.4994448799999 16.7927480269191 18.5483443428099 19.2572879882186 19.8960912003768 20.8898538351375 21.1768191106516 23.2667123538344 27.2121511200005 28.6402541428061 27.8537485908321 38.1309813575565 22.7115553562632 16.83982022 15.3672080747646 13.1055071194426 12.4579952857928 12 12 12 11.8231815321508 11.1965081633634 11 11 11 11 10.976229979066 10.7321657000001 10.7321657000001 10.9540369325237 11.6649192459811 12
-9999 -9999 -9999 -9999 -9999 -9999 -9999 -9999 -9999 -9999 -9999 -9999 -9999 -9999 10 10.0785776449498 10.3392626999999 10.7137324799999 11.3392626999999 11.6810796676875 11.6109876241532 11.115287104006 11.7316117800001 12 12 13.5708863966435 13.01732538 14.1188646270381 15.4451010411213 16.23161058 17.20022915744 17.9148229288015 18.6338826737586 19.6928329780821 20.7282734900772 21.66018098 23.9596343072083 27.3457949891107 28 29.5708824108739 33.4933845409673 23.4088503728071 17.1247398953517 15.4582076235112 13.1574731483295 12 12 12 11.8002590243077 11.224532687533 11 11 11 11 11 10.8811418014229 9.66073730000006 9.73931250225844 10 10.6218839740603 11.6607373000001
-9999 -9999 -9999 -9999 -9999 -9999 -9999 -9999 -9999 -9999 -9999 -9999 -9999 -9999 10 10.23161298 11.1244563976977 11.6313694741349 12 12 12 11.6109480585338 11.8418364332989 12 12 13.3343684512029 13.4209011006298 14.1775075600002 16 16.23161058 17 17.7489347600002 19.1831254283735 20.2328790234592 21 22.2024418857505 24.8464233368726 26.8655839907906 27.5377532773771 28.146732994456 30.075971385673 26.4614253049689 17.6796404399999 15.3051754600001 12.69696342 12 12 11.7875405491179 11.2423531790494 11 11 11 11 10.6115305001145 10.5893089000001 10.4482593562201 9 9.13648734744544 9.5893089000001 10.1175599288891 11
-9999 -9999 -9999 -9999 -9999 -9999 -9999 -9999 -9999 -9999 -9999 -9999 -9999 -9999 -9999 11.8800521541111 11.6390587213951 12 12 12 12 12 12 12 12.4215983545553 13.917878080951 14.0167058070858 15.0133767758898 15.5951074525306 16.23161058 17.1461010015181 18.0505162339882 19.44589578 20.5173241800001 21.5676981989865 23.6264958160129 24.8610057315191 25.8030377800001 27.2960633774685 26.1140168341132 28.0073606406312 31.1968114090491 17.6796404399999 15.4168382799375 13.0329830755686 12 12 11.48267822 11 11 11 11 10.5784039596183 10.0280213848755 10 9.91125101999996 9 9 9 9.74892516000004 11
-9999 -9999 -9999 -9999 -9999 9.51732897999994 9.47429606261695 9.69657845574232 10.7316141800001 -9999 -9999 -9999 12 12.0887561800001 12.9284852578714 12.5535478999999 12.5535478999999 12.3462609396675 12 12 12.3259040827935 12.188104776386 12.8099643288685 13.1070957999999 13.01344388785 13.94589698 14.0154699045686 14.9515388256084 15.6250615706436 16.23161058 17.3030389800001 18.3744673800001 19.44589578 20.8036878934583 22.4051503057213 23.9549201649012 24.8514329359193 25.8030377800001 26.2967556073201 23.5016725600001 30.0040234439963 29.146630500105 17.5909732591585 15.1114419616619 13.3939268399999 12 11.7531766558771 11.2154927049433 11 11 11 10.5554814517753 10.0560459090451 10 10 9.91125101999996 9 9 9 9.54164218521247 10.6932741156081
-9999 -9999 -9999 -9999 9.55572700465622 9.81898692819676 10 10.412600466097 10.8993489567561 11 11.8744709800001 12 12.6249762999999 12.71373248 13.6249762999999 13.6249762999999 13.6249762999999 13.25050652 12.3463005052868 12 12.58875498 12.3398166199999 12.5487435133986 12.7500474000002 13.515145232784 13.3885468905169 14 14.1775075600002 16 16.23161058 17.3030389800001 18.3744673800001 19.44589578 20.7113330080832 21.96377628 23.0352046800001 24.5638716033578 25.8030377800001 25.1255338199999 20.9799928704032 24.9763700919461 23.0704571545539 16.9945929262392 14.76839182 13.3939268399999 12 11.55410662 11 11 11 11 10.1969646199999 10 10 10 9.96671702914915 9.62497629999991 9.62497629999991 9.62497629999991 9.7654086422631 10.4458909800001
-9999 -9999 -9999 -9999 10 10.3602703331181 10.6964046999999 11.35659048 11.6964046999999 11.6964046999999 11.9618899795144 12.658728773959 13 13.026945959094 13.3035953000001 13.142298932147 12.6071906000001 12.4935033348001 12.4787482965469 12.6964046999999 12.8751479447796 12.3398166199999 12 12.5592409556408 13.2273738017714 13.0164254225878 14 14.1775075600002 16.1115516230083 16.7667205835182 17.3030389800001 18.3744673800001 19.44589578 20.5173241800001 21.5887525799999 22.2004278426774 24.2763102707962 25.8030377800001 24.5165514622569 20.2328478312164 24.7682958199998 23.4306132799995 19.0190594334518 14.76839182 13.6049629385838 12.4356255279425 11.55410662 11 11 11 10.4905054605752 10.0597975328983 10 10 10 10 10 10 10 10 10.4458909800001
-9999 -9999 -9999 10.2875321348331 10.7678330999999 10.8879397655667 11 11.6601857800001 12.5617575838334 12.7678330999999 13.4392808634334 13.7552727267664 13 13.0681499328336 13.7678330999999 13.7140602324336 13.0702957955324 12.2875302920336 12.1866051344987 11.861554271634 12.2321669000001 12.5858048224678 12.7678330999999 13.5708732799999 13.0963871793659 13 14 14.109359469966 15.2693559001659 15.9978486089027 17.8381887205657 18.0869389307658 18.6780626800001 20.1467097088345 21.1366888613656 22.7528933253034 24.6069865435311 25.8030377800001 22.2367354064962 20.0917898829038 24.4736131348694 24.576848232765 19.5170708940693 15.53622492 14.2321150033651 12.62553502 11.55410662 11 11 11 10.26839302 10 10 10 10 10 10 10 10 10 10.1035211265646
-9999 11.2316153800001 11.9025783947368 12.0529951799998 12.3042958103781 12.2734357957481 13.1726444018746 13.6239017719984 13.7961215658718 13.1652987797453 13.1405611536188 13.1607385000001 13.0145425386345 13.8535280352389 13.8655632491124 12.9663546429858 11.9697252031409 11.53520828 12.0173924907881 11.9224157984793 12.4941193876472 12.9453783862261 13 13.129079473973 13.0201777321537 14.5877098365605 14.0145405244069 14.8535276494665 15.1344347366601 16.3397113972133 18 18 18.8201189411665 20.439739592707 21.4941173734196 22.1576110013613 23.667097965673 23.6158588964012 20.577696195852 20.0086968240527 21.5431540105379 24.5562430999997 19.3592808799999 15.76839182 14.3939268399999 12.3112609791877 11.0890662669389 11 10.5058846408079 10.1607385000001 9.42913152000007 9.83469517757196 10 10 10 10 10 10 10 10 10
10.3060676447974 11.9313754927493 12 12.37447218 12.9601765746101 12.9568926029367 13.0525819804836 13.0893101000001 13.0893101000001 13.017590286876 13.7963718893292 13.0492688882178 13.9122374457645 13.9191706433113 12.9291255200001 12.0686247215949 11.972935344048 11.9441338334987 12 12.4711240914076 13.4994448799999 13.9106898999999 13.9106898999999 13.9106898999999 13.1143201963266 14.0303751338736 14.01732538 15 15.014305886514 15.5525312600001 17.0893101 17.4303337608456 18.4857187767014 20.0777561857519 21.0525815517951 21.6905302506582 22.7969494868888 22.2862723199999 20.2622790780175 20 21.1166195087714 27.3691377853766 22.4185440486787 15.76839182 14.3939268399999 12.2510700399999 11 11 10.4112498199999 10 9.26839301999999 9.07171917009139 9.08931010000005 9.08931010000005 10 10 10 10 10 10 10
10.9878471310405 11.2453554032596 12 12.37447218 13 13.5080782583782 13.9821182999999 13.9821182999999 13.9821182999999 13.9821182999999 13.1389213754461 13.0009674110567 13.0178817000001 13.0162945886161 12.9971356273958 12.9821182999999 12.9821182999999 12.9821182999999 12.9821182999999 12.9913689787056 13.0105279399259 13.6662598788539 14 14 14.843194610386 14.0521681120545 14.01732538 15 15.3146357006239 16.7450507927251 16.3155018278714 17.3744673800001 18.44589578 20.0346483600001 21 21.66018098 22.0130824194504 20.4261658206705 20.0044895162182 19.0710196231112 20.0710896973258 22.9087316888967 20.0868378464559 14.5588068879924 13.0249257815749 12.2510700399999 11 10.4919288128734 10.0073538459063 10 9.26839301999999 9 9 9 9.03489255858478 10 10 10 10 10 10
11.151609495838 11.9464533000001 12.2494970800002 12.9665050494808 13.422024075413 13.9741545596934 14.0315260147996 14.0535466999999 14.0143711749878 13.2399577001184 13.0067216647752 13.050649790331 13.01732778 14.0840035794565 14.9464533000001 14.7272424307562 14 13.6255302200001 12.5779781960749 12.5431721488188 13.0315258862875 13.0535466999999 13.0535466999999 13.8135867283936 14 14 14.01732538 15.009504944063 15.4103033057244 16.7931933844881 16.6807178852993 18.3544158875435 18.970329547563 20.0069473573309 20.9779790577755 21.5894799542366 20.5080383759761 19.2399622430942 19.0535466999999 18.1583016533067 17.1599899284129 20.0528793459219 18.3143112786257 14.53678364 13 13 12.10821324 10.48267822 10 10 9.26839301999999 9 9 9 9 9 9.15160040988637 9.95885502521998 10 10 10
11 11.028946155277 11.3901459532902 12.37447218 13.0557264695755 13.5776508389915 14.58875738 15.0825067838741 14.301927364693 13.8996396732603 13.2191281163451 13.9526606103945 13.2629468979234 14 14 14.0578917106736 14.2499501999999 13.8286810217975 13.1807012696353 13.1852972589318 13.6401503674989 14 14.0914332553667 14.1249751 14.1249751 14.1249751 14.1401352389019 15.1664155474693 16.9150624679275 17.3276401246034 18.0378723268294 18.1249751 18.5151450103049 19.5173241800001 20.5887525799999 20.33981902 20 20 20 20 19.1834423142108 22.1118012629531 17.6444357599999 14.6328134845437 13 13 12.10821324 10.48267822 10 10 9.35982567548615 9.02461567308094 9 9 9 9 9 9.20266082448389 9.91289662694895 10 10
11 11.2316153800001 12.0595188590452 12.4973280331953 13.4459005800001 14 14.58875738 15.5305229821579 14.6277513112031 13.3933609199999 13.8991253188797 14.1857779488797 14.9860754566392 14.1789714756013 14 14.4632259600001 16.0595183876768 15.44746394 14.4671497536088 14.387874670955 14.1156335387144 14.1964034999999 14.7843241657668 15 15 15.1857774775113 15.1964034999999 15.3025888330302 16.6502506784207 18.045489128549 18.3804066473831 18.8771432040679 19 19.4157199004135 20.2767160126541 20.2063357302109 20.1436906428648 20.3541229306241 20.0493105632327 20 19.98267702 19.0871554083092 19.3756386823146 15.4560903028194 13 13 12.10821324 10.48267822 10 10 10 9.19696461999992 9 9 9 9 9 9 9.24351720642841 9.87714226133109 10
10.7750712832087 11.2316153800001 12.3030437800001 13 13.4459005800001 14.1385572036384 14.6989012722755 15.1768188118104 15.0718822841036 14.4120378399823 14.5020431240682 14.9748791236915 15.0092818644804 15.4469076199997 14.5356637999999 14.9368564155019 16.408544982832 16.1838184453401 14.8219337199999 14.2678318999999 14.8565868799999 15.0910137309861 15 15.2150797771857 15.2678318999999 15.7070461092848 16.2678318999999 16.3977972729409 17.7321681000001 18.087844083403 18.9647929199999 18.5420049701266 19 19 19.3153734442625 20.1958447799999 20.6794281890904 21.7502850143893 20.7194875169501 20.0289823148778 19.9873166666471 19.6878183492672 22.8358402851808 15.8677674389051 13 12.7994126658463 11.6919739111629 10.3534015952488 10 10 10 9.19696461999991 9 9 9 9 9 9 9 9.37446258000002 10
10.1058418971091 10.8923550800002 11.9637834800002 12.9148267882569 13.633884515459 14.5173289799999 15 15.6601857800001 15.2683858199999 14.7275595333965 15.5352106800002 15.3566525348572 16.0524364599998 18.0193590647607 18.0899060686656 18.3707038127634 18.1568097294908 17.3151733102885 16.0813468696835 15.3392602999999 15.7282740888586 15.5637906315537 15.5874671319662 16.4815607799998 16.9751930727911 16.3927892132035 17.3451381136163 17.7086312340288 17.9634374455583 18.137623515438 19.4605098152665 19 19.1512747360915 19.1637527434959 19.7780244061669 20.9816603800002 20.8510847109663 21.7397184836918 22 20.10821084 19.6783706981751 20.8829770209789 21.7551235002168 14.7838057812587 13 12.2510700399999 10.55410662 10 10 10 10 9.19696461999991 9 9 9 9 9 9 9 9.24742229277047 9.81201280764219
10 10.2316153800001 11.3030437800001 12.5951528672096 13.7724376295295 14.3048678137315 14.8311073030076 15.1179241005068 14.7474740964858 14.4458697464496 15.28515968 15.9681178932969 18.4382279365579 20.2868658405439 23.3264646830795 23.6435139409777 23.3023548407964 23.2127830814119 20.4825892644928 17.6142914775369 16.3377873652905 16 16.7316117800001 18.4626392351437 19.3367116156889 19.79915790105 19.2422761422105 19.8372308309433 19.8398178199999 19 19 19 19.2627714217764 19.2844463149628 19 19.9313098484409 21.57344375482 22 21.2817332426838 19.6753016553973 19.0590832921362 22.249038942249 19.5338368656144 13.76839182 12.8755463009074 11.9941698758317 10.55410662 10 10 10 10 9.19696461999991 9 9 9 9 9 9 9 9.15378755017882 9.67345729308211
10 10.2316153800001 11.3030437800001 12.1939327385477 13.1787597745181 13.7505868524165 14.3904902806492 14.3398142199999 14.3527237067805 14.8979991201539 15.4528735670883 17.3420199639093 20.4720330990429 22.1582949394567 24.5951106251743 25.0082838235201 25.9340514226116 27.4583851468864 24.7381601697474 21.6598707325123 19.9990414835679 18.1016769134644 17.472517980601 19.5040782372348 20 20.9458969800001 20.5178829000001 20.42912912 19.4349272880933 19 19 19 19.2149739803558 19.2327062665785 19.5676953729741 20.6480270808945 21.73160938 21.2256835086319 20.1300236374993 18.5980734681847 19.5347056102379 22.12326308616 17.3421291530368 13.3979369840779 12.5508643028564 11.3239538902092 10.55410662 10 10 10 10 9.19696461999991 8.57840605833139 8.51788290000005 8.51788290000006 8.51788290000005 8.51788290000005 8.51788290000005 8.810078820125 9.67604486687186 10
9.44645450000009 9.67806988000015 10.9172468007223 12.2072873901141 12.9516941409873 13.2154906488987 13.8516107617092 14.517154455366 14.8801779429248 15.8890412129346 16.1070909999998 17.2726967937412 21.4907017746441 23.803477663855 21.9460025800003 22.4259966971797 22.1089436355752 23.8309164064205 22.6943920709973 22.1238717796109 22.4024138595633 21.6329286758687 20.0775898114336 20.3776783040835 21.0376036473503 21.5293909632573 20 19.9603754755269 19.3762092501615 18.5746614943115 19 19 19.1990721775121 19.5018552637604 20.4051493187275 20.2691195786709 20.2195392999435 20.066841788347 20 19.1554022164666 21.112969787123 20.8648182929819 14.5897032528201 12.8717943341978 12.0081258751944 11 10.55410662 10 10 10 9.59502224845247 8.64341912 8.05604621033198 8 8 8 8 8.12820433729294 8.8241274466296 9.44645450000009 9.44645450000009
8.47513878161985 9.23161538000006 10.6060875600003 12.1404368412239 12.653702324495 13.3233171102135 14.2137312799999 14.4599619166977 15.2895056347399 16.2272977538227 18.0145907164224 18.486373269052 21.6552984195101 23.0200013799996 19.2348771349528 18.1816305074015 17.3523751537604 18.483634118839 18.4968567708852 18.5434190411056 21.8106331639799 22.6723390348586 21.826279074865 22.1268530531511 22.0313763022598 21.4088390754112 19.3966819206152 20.5695051039735 19.6796356399999 18.23161058 19.1893914531826 19.6249738999999 19.3463006753798 19.5173241800001 20.5887525799999 19.2670421582235 18.8322628674952 19.3011601267862 19.3750261000001 19.3750261000001 21.9501977888894 18.6147532321778 13.21484632 12.2881669875266 11.69696342 10.765969161036 10.2078044446828 10 10 9.58740561816098 9.10065438755784 8.19696461999991 8 8 8 8.05546579615164 8.62497389999992 8.71183211241078 9 9 9
