rodentData/variables/Bio16.asc
NCOLS 409 
NROWS 350 
XLLCORNER 60.897278365 
YLLCORNER 5.843756025 
CELLSIZE 0.0892857 
NODATA_value -9999 
[rows 200 to 224 of 350, columns 168 to 223 of 409]
529.615125368425 545.331285100002 561.031202663524 574.784525083144 584.28283230805 590.459600520001 600.10245612 610.897901497234 623.338856995345 634.031604547421 644.775468797486 653.693142795219 661.843751705407 669.994360615595 676.85432128 683.111165177986 692.352720720001 705.916955388173 723.186922226537 741.723489129833 746.063786719634 749.303254994352 750.337318983644 749.410277001263 745.8243174 741.055911180001 739.28121000402 740.978235517341 745.482732814208 756.766430555812 776.053689346376 784.692409361022 773.577898378336 763.500128472255 743.498944131366 725.221420839598 713.29760621512 709.190620429838 717.239343799408 739.895388940001 776.237714290679 820.77704521129 872.909797436576 929.544759341856 982.209930052862 1042.40098143791 1067.5577804869 1156.91581428696 1225.15647900923 1265.71645457334 1333.84916577096 1355.83256917726 1351.5139694999 1331.45376919506 1302.63253720033 1216.0830989779
524.152630244951 539.74014246372 554.139497937514 566.758181041253 576.90186391996 584.299027620001 594.003907062445 604.761622860001 617.244310679999 628.822964952285 639.556964525251 648.130767425823 655.06655768984 660.998352966784 667.426336412305 673.735768980612 681.964035200921 693.830794335991 709.020673031062 726.103183012338 736.6720246776 744.221999980933 747.22324540866 746.941342303397 744.08762394463 739.133148768275 736.077249818715 735.268451371673 737.76348115132 743.343351106038 755.016533311775 760.895080899775 751.79299061653 739.126386642892 726.362074535641 713.516877281878 702.180664322899 699.938500540653 712.519793298853 738.80849955559 772.695716812152 813.728028794417 861.700443812296 914.44632874781 968.701364410719 1014.84993144078 1056.52378448004 1136.49695787085 1195.63101339105 1211.55950491722 1280.23029552075 1324.44316136653 1316.73806609742 1297.09513391776 1284.21910588716 1242.10002001894
516.131485518326 530.274390221536 544.226567889623 556.090806974351 566.008393171911 575.10345812947 585.341379887029 597.025183024589 610.125398706438 622.993621760001 634.13250643453 643.620166220001 651.94268866 656.764492869942 663.009508352499 671.020488954941 676.069926474762 684.809851739822 696.528408120001 711.528405720001 726.685534465711 740.096459802487 746.631464251894 749.508214205532 747.62696398 741.96405685935 736.26839160358 733.202331272694 731.829287520033 731.594345434678 733.752259012432 730.707156746007 723.811770869308 708.793845642248 701.201222206825 699.01875947114 696.64814735461 696.654964745438 712.953126097569 743.785156340001 772.741237179819 806.697980379252 848.084760063383 894.619541406288 945.548297594361 986.605857172365 1030.26779764731 1066.94726136851 1154.47485334373 1189.25931098482 1191.36382290207 1259.68066331842 1270.49506985712 1251.80591404004 1231.89039361973 1225.45376422269
512.208758123404 523.467679011267 534.78426422393 546.091338100181 555.029765832321 564.215890975454 576.041771943224 589.437976516494 605.060999878148 620.306127086538 632.5837649 643.192861522081 653.479819529553 658.120173875944 661.811932266516 667.992278206836 672.382522980936 680.555320642585 690.046757778241 705.420981120001 721.074382172021 737.955450179482 749.982038627564 755.503656507667 754.003666158446 747.75351924 739.829253782701 732.202543957529 724.693355214521 716.93333785215 710.073498881066 698.597042048734 689.495926430555 674.643275006098 671.260569040822 678.136123565773 689.675071606353 702.508512394465 720.746103835712 748.358911671461 772.529475805109 794.915653348692 829.562361025519 869.993211209241 912.132335828075 954.405878658916 983.850521322973 1023.44672426124 1114.94442051346 1169.32891206248 1169.22620756713 1177.86297971682 1198.68154809668 1202.3699952415 1188.60781004563 1187.99101847177
515.827870414921 525.309776865135 536.289500035345 545.472615652207 549.364490525376 555.106656525984 568.935227268586 585.030289066409 602.883605159998 620.835030854159 635.849657951132 646.715476370976 656.482345340253 660.974119406084 662.672252837893 666.071742095685 669.879291665049 679.707631311176 689.777341200001 705.920246846862 723.507862316663 743.961481138757 759.516243099181 766.426138710197 764.680704599999 757.010783559092 745.464168978243 731.952169157394 717.35482329309 701.18096216247 687.021993734849 672.188660914001 657.433333543426 646.2938834677 647.230043928549 657.856726864699 675.581507202562 697.712975380507 722.256071291044 747.471106906804 767.705824480003 780.942821697401 805.687165206322 842.566443851909 873.744713397413 904.87202730765 936.268998123805 979.511156971467 1040.75633375872 1093.94152118977 1128.71783548895 1144.32528881998 1152.13529791366 1171.87863932383 1161.01856502858 1142.7352481566
517.499801695361 527.209515920001 537.696999450752 543.102670168137 548.276407786208 554.296276740001 568.663246438443 585.593928354636 603.750721564574 620.484522218421 636.797274866935 649.089998827364 656.042462719989 662.0214094131 666.600096359266 668.101987040745 670.10585596 679.324331472705 693.23721659622 712.682934854696 734.97259045232 758.595907834301 777.18943438 784.516356979999 781.338573106094 770.07677151994 754.303738325338 735.578102531444 713.53924623221 689.820718292978 668.641590538329 649.177408867259 630.84639382 620.982637180001 624.522962091594 637.324990237585 654.479930167768 680.61373899652 707.775865100039 731.492755750329 750.466123456907 761.724778078542 774.211523909739 802.983109875587 823.795048276737 845.150572591585 874.293686668357 906.59338732038 950.147537864315 983.051960047479 1003.54604236428 1054.69245832111 1102.86713986181 1131.0392927552 1115.19633701279 1084.03037294584
516.168552415489 524.15215101793 531.864691838297 536.617041566468 543.982377619264 553.682469162498 568.656962750725 585.753762903546 603.227047091092 618.4383161 634.639020193648 649.064858160001 656.64066632 661.749528963742 666.638408691715 669.686153404601 674.847410330077 683.382224150641 699.829814379747 722.908948775668 751.858821963812 780.722161856684 801.976777631206 808.580026403708 802.446599306122 786.828350400984 765.676066703987 741.432284657864 713.343008938001 682.859830592412 655.130583283481 630.671945780002 611.024682820001 601.060831957275 604.09703170882 617.292341550741 635.394351917358 660.828428377439 687.166178120001 707.58208396066 722.415958031655 734.64949406565 743.624313968516 760.211082260696 774.436957031514 785.42809990914 803.97847958038 823.113052843081 849.62076662013 873.216708525707 888.279793265643 917.732947619235 985.618420740513 1049.91774244133 1071.72993117937 1058.1518554156
520.056244054794 526.081557432028 531.802123906821 537.18095294763 543.067823036877 552.019273418493 566.31277748 583.547635990864 601.717770589975 620.708872362564 637.014262493148 647.17773231276 651.542927589806 654.845865695712 658.94466722 664.448283505346 673.063881763729 686.717912124225 707.412529101491 735.447508737761 770.127885573159 805.25464318912 829.077784845968 832.512490762753 822.484228544599 803.423819361636 777.489996178649 748.126657735123 714.957461831329 679.152651234563 646.078702687246 616.998943190259 596.790937317869 588.036193 590.74497394732 604.580890180001 623.970433660001 648.123111775106 672.370788907743 690.831816586557 700.583962280244 709.287862835016 719.781393162562 727.390546459639 730.985263989918 734.012229158853 736.78268547093 739.752592637372 749.777211935987 772.409205181576 804.051721910937 832.363122372846 869.95217970981 942.476138902497 1017.40592777317 1057.15301206913
528.577197981418 534.2825528 540.365952052454 544.983545272025 549.695513556508 556.804763943957 567.297679561883 581.615254119906 598.035598677734 616.308849358917 633.654025186413 645.091870448487 652.868506513479 655.322547507366 655.432677526616 658.696856377415 669.852642349141 688.167139440927 713.371210081503 745.029050548807 783.548926515361 822.537510074612 846.824109485878 843.926380673258 828.533543012277 810.582561416279 785.949465984897 752.618269097917 715.802792228127 677.051451317092 640.017532139085 607.511403600002 587.127047198009 579.871285487055 583.762233090956 597.474123224565 617.398814460001 640.046723457596 660.364356795524 676.356679326726 688.178536397252 696.354614544651 701.990402694457 703.759399825156 699.298874898853 690.646518423022 679.682657512069 669.131265801367 665.769050489577 681.157302661785 716.356154657456 761.927640405755 802.53074232242 838.20157644548 947.520487823779 1033.77408053946
528.955402200214 537.000782879776 543.514532979999 552.987490490733 559.701391033732 564.290423547268 573.715597363549 583.58205575617 595.734227748788 610.474632710705 625.939094180523 639.133132573353 649.745311720001 656.370091114194 654.853669618382 658.251863291436 670.983617777563 688.371827891776 712.130131321255 745.625145852392 788.099356789884 829.816582490365 856.061168368632 853.256552421433 837.989309179999 815.199387874157 788.603964572025 756.914674483573 718.742602560591 678.429214728451 638.191304389822 602.282402404764 580.944997085834 572.714493017856 578.351317680002 591.700843197383 609.316929233224 628.775001366308 648.996713898154 665.166512689999 677.260738816317 685.771906493688 689.342757434468 690.502256197378 681.75711636311 664.830559068254 640.936510685049 617.396040161941 603.876428793976 608.396232443974 638.73193298059 699.062863275593 759.764872815846 783.112459945897 886.349549464906 999.362272222638
523.393023785336 538.370859574193 543.773861257979 552.394432175089 564.90888174 568.646595613426 575.76343534 585.216865851869 595.268758199763 604.421361227157 615.084218058088 627.834632813664 638.031266641824 644.550913180001 651.724681888825 661.443260086202 670.632201812941 682.867960112833 704.215162716492 736.008241900148 778.410972412392 825.25211286389 858.041034452207 859.212451445225 842.866221126078 816.301186681047 787.613845845745 757.766414885897 720.930173463467 678.999592896714 636.333887080373 599.767957976046 575.316902031529 564.35532472 570.473080352502 584.197705399329 600.364846491158 618.7215385 638.644404534814 654.010735526643 666.185479721531 675.680706489701 682.33517061149 684.32111748 675.849293154216 653.294168405675 621.475264035531 588.31098498889 566.719854938589 565.367323060001 596.86094927947 673.637857428256 757.624573294231 785.175106156721 857.916084963095 968.411458649229
503.995715308382 535.904195641576 549.357205661722 551.24294844 564.894176914986 575.168172207563 584.391871704839 594.053116690554 598.071850668171 605.324687041774 612.038290949822 618.04752484615 627.454653850538 631.676740140935 637.868316455736 647.136403491239 660.480344606306 671.440832431205 687.422534310974 715.129803426492 756.497986293761 806.364736215755 843.383225222 852.01798526374 838.768732909246 815.300519668723 784.587928930547 751.43635787452 717.371153928951 678.652117155208 636.1648888 599.533662777803 571.987313285231 561.361873020542 566.078163934229 579.706231803825 592.620926630331 607.765004356836 624.992968515562 641.050055450155 655.107083401219 666.468759531429 677.115916960849 682.522437964131 678.220782556833 655.325205837758 616.602694950772 577.474590172704 557.423598083205 559.889515218301 590.163861307606 663.181806263755 765.083865962922 850.677042519629 886.367820346181 954.84943683837
491.966185752085 520.803785566223 546.134834982594 555.583717119221 562.238304843931 572.817455307769 583.163090627137 590.984563411561 599.628215409026 603.753495749326 608.016702340001 611.294009253974 614.658319833435 622.160113565457 630.225419318921 635.169951240286 641.99626869334 654.294111452261 667.360804746205 687.158908500577 720.829446347096 768.496059569538 812.751856436353 827.468623381948 819.597376049369 803.146707431196 777.013932234855 744.781462160726 712.599585704023 678.984020799153 641.4040333139 606.411033887402 579.956179217083 567.886257403832 568.772089412366 575.380370319326 584.042295687189 594.006719681572 609.670582385229 627.417414720079 641.154434500905 654.186391086909 669.72495031276 681.710870116882 682.307253641005 663.041511755178 628.979758780952 595.160572580025 579.958619982501 586.431455558271 605.369445586805 662.589750470295 749.032532259236 839.278725320002 871.389685176666 934.805407363458
478.850694052697 509.233763966479 549.542397844629 562.852178309896 569.134980898866 575.195314140296 580.599517705106 585.954068716206 591.793710911749 596.170112833298 599.241323266052 603.399143567188 608.633481897521 614.216046595011 622.149986537403 628.232011611809 630.766830431674 637.375785683337 645.465640510646 658.138926697524 679.45847270923 716.028301509842 759.65749439187 782.471520208216 785.010340063185 776.878310139924 759.130413384245 733.445746918606 706.023394739094 678.045838411551 650.275093961689 623.782363182279 602.876314036345 585.877442315227 576.679778558547 574.715854276171 577.51294612008 584.944042089135 596.660718113714 611.559315033125 626.37261692118 642.76370897548 663.486728064676 681.272478972256 687.978909073551 675.452482631723 649.158689057481 622.421059880647 606.917069315596 606.059114650099 625.856840746378 671.110736717944 735.841354246307 812.393792702227 885.391492469887 931.524354516432
468.287057675347 493.942589318569 528.488430266926 552.182332206388 572.6711830603 584.403321848553 590.21106805594 593.064047924492 597.26482038 601.806160162173 604.956346155941 606.645706804645 606.65819720028 610.900991065376 613.859210930147 618.602570663348 627.745506120001 631.059517760572 633.607367944945 637.390062073792 650.816326466403 673.579177326424 705.411121300928 732.173795657697 743.787025833895 742.449524372437 733.16088060952 716.60194463013 695.155750091251 673.206042316059 654.546400987488 638.819827756927 626.600520117358 603.106627004414 584.456687202955 574.324482981341 570.803412180001 575.712607760316 587.54862903996 601.394492606799 616.983434180554 635.81411318126 659.746137001695 683.271315962126 698.075404196746 691.396441184668 669.543847489137 648.333568465379 633.713895923802 633.90418291418 648.471445259998 674.640045626158 713.335885553789 771.411000959909 848.841202464823 909.530005011292
450.064433055575 479.174143027963 506.943854225205 539.122498174402 563.843196277058 581.274856563191 587.098341293386 588.023552530746 590.502565882665 597.980085156162 606.859704637494 606.643474389449 607.6126261528 608.804722469511 609.46398388 610.769597374853 618.175119096713 625.19457902 629.202958969863 631.035370551859 639.396583900626 655.607944437926 678.328614052133 698.032458126849 709.408646780001 711.127330940001 706.1670202373 692.919292137517 675.99208262 657.568698364228 643.079622960001 632.955872564833 622.577638543055 601.25386424799 579.097439002271 565.883327623761 561.62912164149 566.276150810549 578.340034779294 594.352525570789 612.590896919851 634.879288399065 661.036742621289 686.752543710625 704.61288528082 703.736889329837 683.602112795152 669.09781234 652.624730660838 651.502121961006 672.94617310205 696.322852896572 720.944901725685 752.580869369369 818.824007736659 890.719300529723
437.142674586471 470.736390741089 497.024008706651 524.373775287196 550.975068117874 576.681794080532 584.157131662395 584.478244957328 583.128512595786 586.96994315369 596.499974549954 601.412208980372 603.383087412018 604.378099207024 606.008616440489 608.384785646376 612.46199332 618.724032517275 623.853949280001 630.285356032698 637.187885268909 647.856127721034 663.267732153541 676.335442518309 684.81035885534 686.037802440002 679.698318124739 666.106711460269 649.041397753923 631.535075947793 616.866387481663 604.924619751063 591.941340431806 574.01769693386 558.876246085768 550.329289706983 550.009168415626 557.262277562512 569.350310640001 586.811280120001 609.16059579895 635.180991245779 660.724131491912 684.247231307835 701.473588164172 706.862795483638 698.093210270697 686.09104879591 672.737821887828 667.78597922346 687.868983467547 709.814679754937 734.289309879317 760.511888335454 812.978624579405 873.006208383875
430.254315099999 465.066351973016 495.216485577358 516.347922003183 541.646491870869 569.120608186767 577.987665535782 581.208885980623 580.967297236522 577.979305980001 580.121800555115 584.527724127729 592.442647957887 597.854535262102 604.778827294407 610.238451851593 615.381729320711 617.350061625626 624.622186525271 631.547988436816 638.526449389814 645.407930304142 654.332978824498 662.138622509769 666.363521519939 664.87413653011 655.57202307014 636.883849223062 616.530942260619 597.274879155396 581.406672665242 566.573318722786 552.173043179028 538.551291957065 532.651432412134 532.354762909335 536.810716989506 547.342877523926 560.830756634421 579.215267970634 602.837684241334 629.73602708 656.976442472752 678.56116912 694.915369692505 704.175089461359 706.17443422672 697.610134339224 696.791897958994 695.911634929832 700.64114745654 711.770400507266 730.897789774101 760.587279916413 803.4930986426 850.247753966618
424.83176651234 457.675013387115 495.258869665224 513.821207139939 535.473947048818 560.70671053842 563.57439419745 567.058038957447 574.308214304852 570.734446619103 566.128311091001 567.336050060001 578.20781098159 588.697069449643 597.99092946427 603.710302512897 609.505789171796 614.849696821933 626.303218017319 635.109685398228 641.751392009977 645.558949293625 649.185986536364 651.386271062149 649.968530727615 643.654607690957 629.90225388373 606.969372390342 582.125242925546 560.572730367603 543.938574800001 527.917827739863 515.03307726875 504.911802247802 508.017413465271 513.914703470204 522.499674887772 535.174047308009 551.169506204361 571.009834059526 595.139499577069 621.423396924388 648.663367710232 671.576163086122 686.895635134158 695.773946527059 702.337466340712 704.21303100847 705.509612818588 704.426958371922 703.899049552552 710.224683757416 723.223840206709 746.846666398216 783.541525334005 824.431128519217
417.723070151431 444.984209375449 479.161073812965 509.751130664608 521.75510126219 542.755027536748 552.363508630522 550.117610220295 566.370966477197 569.636643161118 561.054852929219 559.295297095493 565.336015928778 579.240560507835 594.126177519154 599.484566781886 599.368401239461 606.482637673973 627.55674164745 636.570123031686 641.930815196496 644.834459943214 645.509052559543 639.706240745376 631.054586435308 619.631657551806 600.969076378522 574.44320533319 548.100766254762 526.389393932493 511.330400862809 498.279621441705 492.221072102588 486.91026509533 491.829543043912 498.278716350535 506.816107480001 521.078005053377 540.476580802436 561.467097516404 585.603415761296 611.874378713819 638.181718968932 659.836014039801 676.540079038302 685.549451651479 691.067599440001 698.623698973448 700.121706000408 699.084988845297 694.961962941858 698.320229794176 711.309935779823 728.557190864855 759.03723797846 795.461577467797
408.782663455458 426.273692636547 455.445321152433 492.326838604781 498.467467759946 520.158839097154 532.811580165784 531.375817996128 548.680148330377 557.038429650744 554.987610192801 554.551669940152 559.121366460001 570.828109700818 587.600845912799 597.652389734796 597.442716143418 597.695670035918 616.641404106779 625.682165507503 633.583574207562 640.841136682178 639.632492939792 623.252108132444 604.401200461399 588.134352380003 568.678180416551 543.42800440856 519.285515822297 499.479638285173 487.082821288048 479.677663103684 483.024602962771 487.24488778333 487.730209512053 487.818538593955 493.244481080001 507.426802435917 528.204600455521 551.783200787832 576.469233420004 602.457897990168 627.068479774925 648.00565651812 661.371583910996 672.966494411162 678.502689537894 682.756241101546 685.474559349462 687.686159169305 686.267249109365 688.415148489558 699.785744066922 716.597558440001 738.937002882274 764.276110670526
398.352427247011 409.527959644705 430.186181206338 465.303194792472 473.513315075765 497.837643055543 505.794933687035 512.369279709395 526.581631575365 531.910050474061 542.003904607208 550.870375337602 554.40308629512 564.413958528462 580.741681688673 590.828535168036 593.426300811752 589.210978866294 594.99465583456 606.73605857026 622.088336379649 635.12522350943 630.483687594989 601.641602268528 569.520328695243 548.188962558377 531.699928456336 512.043834445766 490.500795104916 472.853663285361 462.094075160445 462.253354331792 468.634558835831 480.754994423736 479.445821911005 473.1615689 476.758983705948 490.834333904371 513.116201702554 539.325136690954 564.10817610576 590.13141687169 614.36967699361 634.914508197255 646.422269309136 656.253341603101 661.766237289328 664.843671302718 666.088030740192 672.970357911594 679.775618962874 672.7447037016 675.567771662428 702.253049172078 722.250350226453 743.714466663611
397.269670944276 400.919113532272 409.71655215429 431.929762110705 448.870398955861 468.455907143827 477.906888214796 488.935608894426 503.442932068154 509.953591778063 524.112404225181 537.068453360002 542.481687716202 555.543948449323 571.659243665738 583.360928502045 586.517113460001 586.209632948926 585.768614284437 597.078781931873 615.09806076 628.512765099737 618.235634515142 579.690551745903 537.816958118384 514.038832852831 501.286627802018 484.403972760001 465.978479154738 450.86994148555 440.666579380001 436.262735393314 438.520079995871 466.257933525681 468.183836613226 460.391757848051 462.156353220001 475.915627594503 497.639451960826 523.789967380002 551.89443334438 575.385132345135 596.531812422157 615.480312089963 630.007617616517 637.279284258221 643.370343982311 647.677904586401 649.050248950492 658.281873703742 670.201917334684 673.915899462156 680.055362275568 694.229308633994 706.922143024841 724.73302174439
404.804567434534 397.299863366825 399.143083633542 413.40154134 431.793574110623 441.158473991462 454.617559626565 467.763284403701 483.454740164116 491.300054340001 506.430178169901 518.556281778537 531.111855520963 548.012978787601 565.389457839849 576.0604172989 582.986193897252 593.707336322272 603.112862643431 610.491267329487 615.800930210588 619.599513202793 605.110479859902 567.683088291841 526.810280990784 500.185732972791 483.950640293525 468.084741576107 451.080843119999 437.295205472869 424.874072380142 415.669343032595 414.922570471763 446.277941541757 455.332543869721 451.885669530741 453.077622796852 463.885036887592 483.87574786338 509.397011580002 537.466411665096 561.422025213614 577.469082171984 592.718531963886 606.191459481757 617.17287771954 624.411896259957 630.27065282149 633.933636156844 640.975246620001 654.042817581624 663.441744184081 671.086713792631 674.090745091267 677.06404363697 687.950741777759
405.392746578545 392.554163231703 398.50673210535 412.159203229459 426.558010636865 431.486650017757 443.187029048539 452.725691321567 468.437559489465 479.965031641905 490.045919031611 502.378225884244 518.924676911676 540.709620615486 561.560648123624 568.28196714722 577.919988925899 597.043245964085 609.455717572137 608.293920056589 612.582362390908 610.703417463934 594.828627058798 562.839330402516 526.902564756985 500.473730308022 480.864802711799 463.538549640523 446.419673819999 430.385629541109 418.046862009707 411.219769025153 414.938291882512 430.805929500189 439.578217126723 440.596865380273 443.335273109833 450.997172645446 467.261270552693 490.217374378809 517.552121517146 540.728322332232 554.049730038746 567.50067027263 579.633206375887 591.386054801718 600.829548052806 609.719077108691 615.51372357109 621.105282613011 629.742763310851 637.840238778684 642.553819009692 639.500021445976 635.589493830711 638.867574341958
