rodentData/variables/Bio15.asc
NCOLS 409 
NROWS 350 
XLLCORNER 60.897278365 
YLLCORNER 5.843756025 
CELLSIZE 0.0892857 
NODATA_value -9999 
[rows 125 to 149 of 350, columns 168 to 223 of 409]
159.376128245163 159.934679228242 160.609814539682 160.911112400294 161.026903337456 161.169463175336 161.509020894074 161.527019753594 161.859261612357 161.907617567534 161.364936331226 160.667958062296 159.778508324194 159.274945174298 158.735496339273 158.203683732664 157.01076574975 154.854504488836 153.433795164391 152.244428786237 151.144106920154 149.980968961114 148.433788689514 148.141027107048 148.10351905075 147.705813574893 147.390540640661 147.377078437674 147.289375320589 146.722889740755 145.936654346906 145.56987848682 145.295271318758 145.393334955785 145.624684870191 145.936405928852 146.29148660839 146.751212243272 146.993717739409 147.081008098692 147.151515803743 146.990668581389 146.5577984198 145.801003547685 145.373042320999 144.46482754109 144.368456722798 144.464674484629 145.572341639248 146.612608741755 147.015505386753 147.005916473703 146.175586756782 144.949314778027 143.928829421052 142.989701143829
159.844337367839 160.49177629673 161.298350431289 161.730948169704 161.988373414728 162.395405298655 162.776263407469 162.960997374541 163.038744196513 162.770373238984 161.767157141195 160.803604746678 159.332563550072 158.543585617534 158.967021233633 157.909408537058 155.902322303432 154.061797158191 152.735881045499 151.535174111361 150.492266517801 149.650127278244 149.006555642187 148.942732312267 148.393549890445 148.081078213922 147.791653019369 147.198312234369 146.7249610803 146.081051099406 145.737567392307 145.582107299521 145.47563952644 145.946192669986 146.534356542515 147.182955096098 147.695937928781 148.277072945377 148.732008829651 148.845272150669 148.786715099039 148.351749370867 147.772123748524 147.177254468162 146.375492139867 145.55323549684 145.25793766049 145.192307777995 146.279642781292 146.911961853272 147.350134512476 147.584304600409 147.264081249426 146.176976268303 145.328051449777 144.960170423694
159.959123853496 160.444726984189 161.581371856488 162.011900091669 162.195851349615 163.124431706009 163.267751375407 163.87953271937 163.843060024157 162.951327744861 162.004942073653 160.951335955869 159.191354685184 158.07658929744 158.758076967468 157.245467650878 155.306107456825 153.818323319347 152.836061653702 151.073269465352 150.28435815025 149.693149875835 149.307522509946 148.742812643419 148.24099287642 148.033460712857 147.564070420992 146.901997679073 146.225000059176 145.471319158293 145.093231774375 145.659872723344 146.01502131229 146.743230060088 147.378616200694 148.083586324179 148.915412149106 149.593564703592 150.08724381041 150.145503763891 149.895312914737 149.622739294761 148.894334243501 147.926610914353 146.689488888169 145.403109093488 145.394233692046 146.074472397833 146.835258077842 147.680453221589 148.289294531199 148.418498343001 148.400087861585 147.689107043075 146.834819634779 146.742590873791
160.03135221796 160.258960928502 161.060591488039 162.365875699759 162.467605397792 163.188945866575 163.659598473909 164.202491988735 164.125312433177 163.430100023666 162.477802826846 160.921207135968 159.237027825611 158.299807860892 158.538870839139 156.450029020233 154.937753719562 153.391293141153 152.197498122973 150.628319821481 150.119618528154 149.448038187632 149.464449339041 149.067992849359 148.455331444493 147.587806622032 146.840366721946 146.022964038655 145.221108598062 145.229696052624 145.379475847109 146.086927716102 146.554634010045 147.568207005451 148.68792374628 149.330465202981 150.168167982024 151.137087733735 151.654434263467 151.947653208369 151.982852061146 151.079303395605 150.278234179234 149.125764518679 147.25873996929 146.332500550678 146.250505310549 146.824501743689 147.90577791378 148.727160688759 149.164117314757 149.270310960391 149.003424712076 148.584692596942 148.289754170111 148.25861915769
159.698554082529 160.714643573795 161.394587377464 162.243800893144 162.259732410805 162.832526155154 163.600918001358 164.175468406079 164.084021405566 163.447978227445 162.557264833008 160.735322669535 158.961496591055 158.112926062844 158.122330280074 156.154019087417 154.497229905873 152.925994482023 151.833242883754 150.161437491337 149.451394857575 148.641656633953 148.711102222879 148.877217090174 148.423281818464 147.806252742387 146.881391308771 146.081918699564 145.52640847732 145.664287735845 146.319408079446 146.798788913526 147.450506533766 148.420156015629 149.334888601627 150.048439906483 151.106438406469 152.046965990303 152.860087795144 153.333638708784 153.368964354531 153.115562683918 151.969872701629 150.254039591105 148.422500346943 147.620755187941 146.963749640516 147.790479068267 148.931107518597 149.82229410962 150.085448185455 149.995342680383 149.540054787329 148.945778377872 149.091180527364 149.217698787037
159.617909875026 160.259677390556 160.971960670911 161.745526850033 161.905341504154 162.399249672299 163.180830564605 163.614028441717 163.818698734362 163.363960086392 162.483669362995 160.704639419769 159.099419456502 157.757320435553 157.657306012881 155.889327332523 153.84654976202 152.443726512986 151.430698730578 150.021221983008 149.045947456099 148.720148550271 148.221513369006 148.378692636889 148.326195827672 147.840510227478 147.19419561932 146.603051315143 146.329137089978 146.621315712651 146.667813952145 147.850589230376 148.321087546442 148.619741152107 149.572466232047 150.689634449148 152.105555266568 153.117460089904 153.798399250317 154.428158660333 155.064784763238 154.58791510332 153.076811788875 150.943592242923 148.855345540283 147.752737218143 147.310779502316 148.323939423288 149.14409143639 150.508775612515 150.684981573422 150.355205868365 149.817591995429 149.191988610964 149.312650470455 149.643942911921
159.054591828298 160.034320049791 160.562155093417 161.007965305792 161.587036327337 162.525498141133 162.880027647928 163.487335195907 163.577998158425 163.063173374685 162.068214657193 160.606200667341 158.981008739718 157.497756727048 157.614947539344 155.765760295376 153.774708910773 152.082641055448 150.732644825092 149.580744576352 148.560249211287 148.364350551649 148.16344128771 148.216874523044 148.237643744589 147.804962665707 147.117707342097 146.637239904971 146.927199486326 147.304684413981 147.687747810694 148.291038181634 148.685012541277 148.81031420837 149.23474755702 150.443974911694 151.626879540188 152.498660098454 153.408289346611 154.406355922974 155.043122720845 154.534771015097 153.456793472406 151.151134001374 149.012023072407 147.573651226803 147.824254631349 148.5913567067 149.575340843055 150.584754653276 150.708471714823 150.288243511619 149.590560958513 149.07854817767 148.898037741391 149.305098225543
158.124132238048 159.0563042386 159.767867547464 160.338177498971 161.177453057263 162.335088541884 162.663091416856 163.057916367319 163.019904176894 162.662527105133 161.740698823347 160.532073576679 158.887887653543 157.398050001666 157.109185017809 155.578317062886 153.469659964285 151.96544578882 150.388153836519 149.449888446004 148.665994117006 148.331848086785 147.904711970968 147.776186301989 147.928519885499 147.806420118293 147.51803039551 147.358808190645 147.309665074182 147.811775726946 147.809933634852 147.846025484359 148.147348215322 147.963805936992 148.421253276209 149.368470167029 150.465597800401 151.516251301817 152.337228483692 153.284805174749 154.13495344325 153.836966012552 152.496629009123 150.579649910595 148.396426152137 147.644435130815 148.118015409917 148.780390211724 149.732177380353 150.398356478857 150.298348798674 149.595201341913 148.805221887249 148.216653857554 148.165029495364 148.698198793632
157.449967154185 158.273803366893 159.602608368333 160.280945466778 161.22449096148 161.823480537039 162.259568448608 162.690911544433 162.833183303117 162.420159521069 161.519461194633 160.381494277806 158.864247018685 157.324127690825 156.512060634512 155.816755009387 153.195734882656 151.845701983272 150.274866879331 149.192494821067 148.702407426079 148.369181508576 147.909584911162 147.654884903717 147.845385052472 147.85646188569 147.867047462862 147.860650897182 147.806706604319 147.950925565387 147.719170286324 147.389308502495 147.191674754879 146.964583258227 147.559490552066 147.95244308187 148.979448644738 150.129628622177 150.827347446442 151.343213243877 151.824121117088 151.998222288505 151.225674415736 149.966991177181 148.531389887515 148.146812324432 148.156039378351 148.679204348927 149.315014648502 149.613071192271 149.455649861544 148.936148643641 148.069044823133 147.33063467899 147.247023589615 147.634199643089
157.073792261188 157.991669231083 159.252065756731 160.010437551698 161.155058868535 161.578084812494 162.009946154525 162.422356465646 162.594878142975 162.148624802976 161.31250981974 160.179078529697 158.744068195478 157.322527885566 155.999291044809 155.56954824726 153.448273335346 152.058448379822 150.436760565489 149.281797131922 148.690886820988 148.301237301943 148.022767903358 147.740232737514 148.163552171271 148.593573576921 148.800702747934 148.552957465764 148.49173922773 148.201612211747 147.828474344378 147.211692099503 146.484513236162 146.014119521598 146.661775060731 146.92689585898 147.60334750234 148.337496316289 148.823576627439 149.277842802753 149.599577318794 149.818757459387 149.859040601984 149.21699517974 148.296570230975 148.263938057881 148.210720982845 148.646698121238 148.962551042607 148.918359335606 148.569179128058 147.70248657743 146.464512309194 145.55170817043 145.623664898463 146.119493489221
156.471987567121 157.672719245825 158.645161574595 159.669588048189 160.954423933149 161.530100043986 161.839832575046 162.354426985676 162.257515550636 161.886423241942 161.212211629464 160.032716029324 158.606251247631 157.288475103257 155.611301073981 155.049379952332 153.674350730005 151.77895769729 150.368656564016 149.635840497545 148.937152125503 148.652514385681 148.232159870983 147.99750565362 148.571969412312 149.202894142215 149.472556290867 149.239123097137 148.983239638717 148.671781838488 147.971523229283 146.880844376537 146.097287936817 145.359523603266 145.50011230122 145.865842456053 145.983115009701 146.409667798357 146.987396405475 147.405298527022 147.788060205714 148.024935169593 148.224765428341 148.280526084881 148.161602364644 148.423166544432 148.411101472319 148.74864833143 148.651229343307 148.262282067939 147.503415593791 146.157870510451 144.619986111683 143.515252072448 143.665038477218 144.377379550197
155.925537720215 157.158401665061 158.133487387768 159.547212131351 160.619308525463 161.0167689355 161.574064878015 162.051813518542 161.972130420918 161.831103429406 161.111619252424 159.873269039675 158.480129773062 157.301076534397 155.858830158277 154.286176998512 153.485242241222 151.467107163729 150.650197429761 150.060979152073 149.324868395416 148.89560754324 148.570973421042 148.645795319143 149.351119691212 149.902647923925 149.950504084973 149.879747504074 149.61510729615 148.795841108999 148.318960782047 147.002236853477 145.718672898139 144.736787684033 144.397226222296 144.457717137165 144.386328152742 144.921993167004 145.60153909969 145.795220032576 146.180862163912 146.418308140335 147.156132531929 147.901703752164 147.996784765177 148.536406703613 148.607759209588 148.446915740569 147.972058123652 146.798821197906 145.40133641252 144.361499919984 143.151284065011 142.135070078118 142.211890727828 142.682673617806
155.819695544798 156.679203842648 157.877678687608 159.634292928213 160.375491211145 160.60783245126 161.034482358593 161.565317650733 161.818217695831 161.739481494059 160.959375129606 159.642588526918 158.538372492451 157.343335819462 155.96953209397 154.23381933904 153.061737305864 151.661369059448 151.003335385902 150.286532912163 149.570175269677 149.095160163152 148.963316412085 149.21338281409 149.731365896836 150.309662475537 150.619964770653 150.448655178009 150.264036361712 149.279424092796 148.491243207986 147.207518304074 145.918384009671 144.577227627388 144.18899498587 143.574534291319 143.520108441921 144.147695596148 144.690527419771 144.924038718155 145.032513090659 145.50161556328 146.414216629315 147.222702895177 147.682491367037 148.101459999031 148.331492995131 147.266479635421 145.902598895621 145.068307661719 143.850848047298 142.878792440898 142.009895034696 141.495419632276 141.654320431324 141.972848447735
155.488114081733 156.163496241236 157.558828811221 159.391889472475 160.012695020609 160.206424076228 160.514593675521 161.015790475812 161.072259368863 161.093410162987 160.377640858574 159.287310105744 158.287824017339 157.235100474873 155.724776282244 154.246364012203 152.863130527178 152.064079950036 151.222614729445 150.534540388007 149.693325663159 149.719096420466 149.637442505333 149.77148552966 150.039579782594 150.541342217305 151.002136748362 151.041830344031 150.71262995388 149.89030419081 148.722460813252 146.934247277255 146.071484502171 144.540777297651 143.756177703566 143.070810336049 143.15936588043 143.636407811182 144.344491858208 144.392599843253 144.424441235445 145.142040704595 146.164108805435 146.890420576822 147.258514044701 147.670855786797 147.11681539933 145.529908536941 144.678785240826 144.011632235361 143.102935810327 142.278502836774 141.692163004993 141.263968552134 141.364262820419 141.639571516123
154.713292483399 155.422338401531 156.931775091874 158.194291278295 159.012521488399 159.650681080596 159.894200067933 159.966484134077 160.162462207673 160.296409126745 159.626560342969 158.865657524515 157.959158421957 156.813710002533 155.353208316982 154.130118028797 152.972172969223 152.113301260613 151.179713250511 150.715193901205 150.053709926225 150.066212199809 149.905228234686 150.096324139935 150.373500473522 150.612743451741 151.224014159934 151.232316215202 150.696603191487 149.827370953573 148.821959428134 147.339307100572 146.32529061201 144.792226656578 144.037436055966 143.569404467866 143.464031388843 143.953933847002 144.380926138085 144.36729174492 144.743799307733 145.325696882654 145.510895743346 145.933533762528 146.490569452702 146.309092740193 145.542433772323 144.672519484785 144.703966295939 144.319898235392 143.485023667127 142.399429561068 141.509435382042 141.154240360625 140.604741102334 140.765056245003
154.313802159075 154.900237748975 156.300301439438 157.433712901295 158.157017396137 158.20060330317 158.632553805396 158.840735748703 158.653627397205 158.557369526534 158.283567212094 158.01582630818 157.54747673002 156.366315144145 155.373377549451 154.280092945257 153.208242968462 152.496607024812 152.086754883751 150.555075438189 150.347343426825 150.324859708765 150.368676414287 150.531838510558 150.703879084594 150.994204705817 151.201704507194 151.124501087775 150.687406301141 149.886752107678 148.979615333073 147.622833941151 146.689492073517 145.44358705174 145.022556979726 144.575493457681 144.427914796247 144.903703177331 145.00239828208 144.749644765468 144.736522357441 145.128349551788 145.511586776211 145.775173012669 146.096227343667 145.032640507327 145.565674674384 145.396400220448 145.189006366708 144.119026071444 143.175978392265 142.254259640496 141.335968858806 140.587568763979 140.496664880217 140.664137505869
154.131328819322 154.729363155121 155.589990232678 156.393168878964 156.884265710852 156.794257985625 156.603726362974 156.708916165823 156.923408422176 157.192610425029 157.29077899285 156.979946878498 156.439053475968 155.987653661194 155.025537098791 154.103930052036 153.340101557579 152.649877934671 151.609825184799 150.918502282703 150.823882760294 150.490068086676 150.38037866503 150.407684179039 150.580168327576 150.748635989336 150.75346975644 150.299561407343 150.265424728317 149.857986510632 148.871360935161 148.031736754187 146.931838758584 146.419246006585 146.436636768542 145.962709914551 146.102505784003 146.429045985645 146.105720684587 145.452478288813 145.318701924547 145.446790193596 145.243979883883 145.239140427604 145.81919459489 146.118846787743 146.07991461489 145.379691812619 144.607821916296 143.758989531675 142.901380896809 141.998303290271 140.828348000124 140.112662128462 140.489592516959 140.71486797871
153.609999695033 153.976411901708 154.782741877117 155.443446930949 155.199485477797 155.295228264305 155.184869640389 155.314946031691 155.53883311588 155.816182447166 155.906449833898 155.905440087026 155.871549111493 155.729789595898 154.833220006392 154.039842409681 153.460919841048 152.627039369692 152.001809301591 151.439179367635 150.599154212978 150.586757541139 150.854666118833 151.001002977397 151.010115652341 151.144501868013 151.082107877218 150.532842221466 149.668937852858 149.352916169259 148.994769197835 148.293341956504 147.553873397042 147.188145474041 147.414733095512 147.52899652586 147.677714548386 147.404692244147 146.629234218381 146.161610061918 145.975696796935 145.598666305317 145.539143197382 146.216170395702 146.343640481586 146.132273812888 145.648355971064 145.043408223864 144.233684287065 143.708020671098 142.786437169016 141.302576258347 140.263564186544 140.205044192659 140.725790918076 141.037493624049
152.843162039577 153.332691165993 153.948725904005 153.888650313097 154.039034943923 153.831206518458 153.728000122186 153.807085046698 154.051030469374 154.458726273259 154.734918290757 155.134132893518 155.281630292849 155.468873333548 154.943565364302 154.366305850718 153.300604662627 152.787595989019 152.149260671585 151.511674723712 150.94096878294 150.851578272986 151.062078899697 151.350992506736 151.388733224761 151.453356156498 151.445866596045 150.830838642455 150.42711533995 149.603214200448 148.454268814587 147.881160580326 147.415498871238 147.240868219898 147.354060269115 147.312735830369 147.558246013671 147.286306301164 146.870358787189 146.461108606018 146.431122335787 146.435621781517 146.743384775781 146.702422163351 146.655044511091 146.103048107627 145.785170995536 145.032461366928 143.977599938801 142.983286890742 141.935121562422 141.307705296664 140.824768815815 140.795137017606 141.31091821489 141.272112311162
152.328711036491 152.567170519457 152.903533098649 152.963333097122 152.80366515097 152.724602448803 152.36588998661 152.206726882952 152.751131638077 153.057791673088 153.682203138112 154.27846398546 154.478180385801 154.867157546454 154.377870459989 153.959030215545 153.408943350079 152.779861335257 152.160900719649 151.796768081945 151.679956232821 151.365053195137 151.620214220725 151.762716894011 152.019131711229 151.915692081634 151.633661079538 151.074259578363 150.349613484913 149.498740712074 148.747505449569 147.197590637885 147.116030868491 146.758478329468 146.485952027018 146.642399077511 146.818589938566 146.68854507768 146.582630625045 146.903429731003 147.3659430139 147.280066814861 147.072351280663 147.019174557879 146.739199356939 145.927675623823 145.203420883493 144.64973733105 143.804941984668 143.352332934529 142.732496432725 141.769724456327 141.542601118447 142.007634661379 142.151700132403 141.470026734084
151.741340690565 151.88937846795 151.482964268455 151.768086309094 151.787850826824 151.48719755757 150.930960005045 151.032669941387 151.54717452032 152.093048093648 152.91118186773 153.40505903052 153.827385525533 153.955228101009 154.083124219876 153.824479647327 153.206851195776 152.693789406325 152.137445609288 151.966387752698 152.044447550715 151.851399747045 152.199367089814 152.290051988688 152.350757975352 152.253060994605 151.926891159245 151.305962710674 150.446605150396 149.430568787176 148.29309771007 147.359638974262 147.122518464902 146.497755210114 145.964583754129 146.158049269543 146.510865028455 146.386611677251 146.867641017038 147.329979257296 147.490838022395 147.338692151033 147.296766138642 147.331299279857 146.673680291399 145.674911183563 145.404284724606 144.943840417115 144.170520920427 143.837508245163 143.450338589302 142.639966246598 142.611872784701 142.824686097526 142.764631903834 142.421433375928
151.064680769762 150.834312854689 150.579338429503 150.617489876252 150.416314577914 150.222041311161 149.997678524342 150.208600042504 150.816340773558 151.666560689196 152.464327452587 152.946610613936 153.275004420824 153.395371730228 153.576208239772 153.503985903523 153.192913368884 152.305517432067 152.20836837173 151.769754158903 152.119321458657 152.460396676088 152.950870692407 152.963357728605 152.687429577315 152.393780475074 152.083492027858 151.219537802041 150.120102167264 149.192074379659 148.124222646774 147.440712744966 146.773416258718 145.904401194334 145.573795841096 145.676097226057 146.003321311118 146.235013366199 146.449863657249 146.70424945691 146.969139428389 147.193541534292 147.566130859079 147.562392558319 146.556134713476 146.446650155889 146.424313460082 145.749709181521 145.122519094907 144.726578233651 144.400567940161 144.14475828574 144.127179029782 143.871812263997 143.566833821988 143.058017612735
150.05303707565 149.611188047795 149.433221625018 149.377756512045 149.175804000361 149.284784232649 149.221840854173 149.53549916756 150.137528826204 151.114940139816 151.844001172765 152.384985717511 152.771778556813 152.98118394459 152.778314536964 152.600671788005 152.016013426 151.492811434419 151.724837600985 151.668759881428 152.421629330898 152.975063701011 153.392978052424 153.24977966244 152.860463383153 152.462660284502 151.948432668429 151.129823414619 150.033747208299 149.23063180339 148.049412595568 146.974676672365 146.031430634769 145.588331599327 145.156505053131 144.983022296627 144.891471696002 145.013417456504 145.467591044955 145.972185068301 146.46484054159 146.817929929339 147.42043991163 147.738273075534 147.261448279195 147.033085473209 147.020404202981 146.666220259276 146.439295923154 146.186445284675 146.049235224364 145.616947670313 145.355139362701 144.953490472156 144.350082761725 143.604533351797
148.569990718602 148.466853733608 148.061216449171 147.588954486427 148.167515351406 148.416132612385 148.566706627827 149.04915424577 149.58992696882 150.599713649801 151.457577335553 151.89915301073 152.01776635036 152.270857027948 152.020753359158 151.382439490055 150.408685686133 150.280066620961 150.937413606079 151.522857923252 152.689238560631 153.281959486174 153.440586670911 153.396686851487 152.890736808294 152.399463211184 151.958444271163 151.309492796868 150.233075337831 149.268976238462 147.927301567959 146.63945555906 145.888936911351 145.476118572821 145.012745805805 144.420867433027 144.123084093451 144.14965993121 144.826969207604 145.444398509982 146.103808716979 146.859583108659 147.729353415763 147.967784588947 147.540544468524 147.783454693682 147.329358975904 146.937679374175 147.402992657862 147.513527369455 147.47107905316 146.962044185452 146.447442322664 145.798126639285 145.093205799089 144.085361289015
146.639718872503 146.585943739427 146.368384776031 146.127692206966 146.846726256896 147.431071917529 147.930534017448 148.738679086011 149.266750333384 150.146525878337 150.986267392835 151.412170485903 151.394779969233 151.419624173161 150.940962865817 149.872377983995 148.88479411301 149.22304914314 150.214066511917 151.114708955702 152.332852035957 153.226885526246 153.417065639085 153.301633668589 152.967943668343 152.375048744927 152.019815510098 151.366315312566 150.227753327334 149.144275225624 147.893653216835 146.867854528642 146.163896214215 145.579599729927 145.224598591639 144.868156557822 144.365923843768 144.101609525405 144.538182788623 145.175981506917 145.997868970263 147.07161346514 147.998385796416 147.865578162541 147.520554467488 148.00882481256 147.942176014572 147.898297022576 148.434843446571 148.568175255618 148.507589292601 147.921320533249 147.326436612829 146.661451949291 145.606481518917 144.462033856424
