rodentData/variables/Bio15.asc
NCOLS 409 
NROWS 350 
XLLCORNER 60.897278365 
YLLCORNER 5.843756025 
CELLSIZE 0.0892857 
NODATA_value -9999 
[rows 300 to 324 of 350, columns 168 to 223 of 409]
-9999 -9999 -9999 98.9998527552628 98.6662892275084 98.0193785005639 97.8514033881067 98.1033937674139 98.12546215464 95.3594360957913 91.0752384784672 85.0156620492182 73.5779592971605 63.8161318539464 61.8366169275555 58.2165558150812 53.4634008709232 55.0068667156608 59.9133251209189 66.1370310823747 72.4513610350486 75.8575242218977 73.9778065818276 69.4525941504202 69.1121781142693 68.1575921580792 69.0551515361822 70.008427121557 69.9113493699259 70.1497520004889 70.3884269715351 70.9384852206781 71.4380004732514 71.5644322286725 71.5204565784699 72.6454440737684 75.1742840708354 79.0075106404407 -9999 -9999 -9999 97.8906634713522 -9999 103.609218573662 -9999 -9999 -9999 -9999 -9999 -9999 -9999 -9999 -9999 -9999 -9999 -9999
-9999 -9999 -9999 98.0192833284273 96.9554888072338 96.1551671779094 95.2522600300484 94.9221047979417 94.7015542575331 92.4881583744001 89.7551389092695 84.7978002385505 73.7859543409316 64.9226583815341 58.6138554660697 54.1594954983613 53.1297339988384 56.7883544890202 71.8971648512766 76.4857871573106 78.9602201664571 78.1470858385165 73.2491169223905 67.1436181441099 67.5466076149611 68.8828442929417 69.3875668273102 69.9493702250781 69.9420347691616 70.1592741040851 70.0609091489346 70.4246388589394 71.3484447107266 71.6676509917632 72.0708632420798 73.3229872375567 76.1768055395173 78.7352599924779 -9999 -9999 -9999 -9999 -9999 -9999 -9999 -9999 -9999 -9999 -9999 -9999 -9999 -9999 -9999 -9999 -9999 -9999
-9999 -9999 -9999 95.0673103346493 95.1685815291794 94.4501510571651 93.670350867597 92.9255297386991 92.1752721028462 91.0958263951367 89.1235491010458 84.5904232195606 75.9659859838747 66.9359003231953 59.9517061162032 56.4777161954418 57.5128990206769 64.9484861176863 83.2726352738293 82.6092977480065 78.7623549114042 77.4758975446929 75.4700026431145 72.5098582904464 71.0941849129017 69.8900693300676 69.4503522556201 69.9395775375009 69.9154954482807 69.9631846543363 70.2804483996466 70.5659636916548 71.5675563174513 72.1868425019436 72.9035083483439 74.2746388172681 77.4995358579094 80.1904959204856 -9999 -9999 -9999 -9999 -9999 -9999 -9999 -9999 -9999 -9999 -9999 -9999 -9999 -9999 -9999 -9999 -9999 -9999
-9999 -9999 -9999 95.0375907023462 93.463342237692 92.8841813551531 92.260842070659 91.6463229646234 90.7722578472852 89.5103086409577 87.8760861260876 83.9771936518269 77.335405573662 70.0879420926625 62.8737624592245 58.4034827094002 64.7748119096803 73.1012694305753 81.9258236822806 80.0916564987653 74.840978826889 76.9847097463215 75.9880591640475 74.4069892019183 72.9661728490572 71.6950117904669 70.679182547204 70.1352409283367 69.7602425800656 69.8022359481108 70.3924121062893 71.1193999888419 72.0875398946237 72.98338348899 74.1831664571856 76.3152082036757 79.319486498654 -9999 -9999 -9999 -9999 -9999 -9999 -9999 -9999 -9999 -9999 -9999 -9999 -9999 -9999 -9999 -9999 -9999 -9999 -9999
-9999 -9999 -9999 91.9962525107625 91.7434800507433 91.1058590195706 90.6168775259507 90.2847903044952 89.5269265505705 87.769543607955 85.5807903535388 82.2090286532109 76.7688284600192 70.6205479870078 63.8788767831688 58.7455691470139 65.298043071089 73.3539862593883 73.9508843240423 74.9609560880264 76.619250518344 77.7115998776709 76.1136344231243 74.303560269784 73.2471433969824 72.4151851984338 71.2572383849288 70.5635038053071 70.0423243620817 70.1237433762996 70.4856317188442 71.7254592666671 72.6788645315985 73.9654088957215 76.0595641182277 78.7459493157797 -9999 -9999 -9999 -9999 -9999 -9999 -9999 -9999 -9999 -9999 -9999 -9999 -9999 -9999 -9999 -9999 -9999 -9999 -9999 -9999
-9999 -9999 -9999 90.475371791406 90.1278981829662 89.3075590248227 88.8961945034655 88.6519171879117 88.0181754449959 86.8165939264642 84.8361232371639 81.6699183261776 76.4878603494305 70.0835735647154 63.5476175015523 58.0060620334603 62.1235551326367 66.6038414213272 70.6234148047576 71.6525311063505 78.0437539791152 77.5588049298077 76.0554465682729 74.7048674871621 73.4945146933239 72.7364531257156 72.0966120451921 71.4401255575224 70.8812226945146 70.7186330442022 71.5054491788311 72.83141153752 74.0049261095491 76.0088164655687 79.1875037011731 81.6334103814026 -9999 -9999 -9999 -9999 -9999 -9999 -9999 -9999 -9999 111.057329170065 111.141842772886 111.567371675036 111.717427860957 -9999 -9999 -9999 -9999 -9999 -9999 -9999
-9999 -9999 -9999 89.025935332959 88.6606392562308 88.583190148435 86.9388893804151 86.6169849487232 85.5970237358903 84.0928346296265 83.3125858797161 81.4991722747576 75.9807519249551 69.6786597273839 61.9867402942801 56.6467396938319 55.1422760837011 62.2457244322136 67.0973978884558 66.6639833872064 72.3527415082191 77.1302335097243 76.1129014935331 74.9813221163112 74.1530956647744 73.3298397960931 73.0594573197551 72.7136136801112 72.1962736684479 72.1723553687954 73.1575461307468 74.2980949513658 76.3919331190764 79.2630107707092 82.4987589792452 -9999 -9999 -9999 -9999 -9999 -9999 -9999 -9999 -9999 111.423662310655 111.481538264832 110.920432261995 110.977748368192 111.195639775794 111.833605795824 -9999 -9999 -9999 -9999 -9999 -9999
-9999 -9999 -9999 -9999 88.1328398488575 86.2688646923277 85.1448026308687 84.5225272744106 83.831057580732 82.1942158484316 80.3376168073562 79.5038100739701 74.9730873356304 68.3488780190843 60.0479012924356 54.3837882989867 51.6811679895484 56.8910948144352 68.0551958165892 73.8946150760177 76.7713856312194 77.5165649147731 76.6915642530589 75.5599590767971 75.13643772428 74.8797218266036 74.495153380355 74.4487957061259 74.3972021985255 74.4247377852194 75.0992532966125 76.4463038507 79.4057926213098 82.813363163326 -9999 -9999 -9999 -9999 -9999 -9999 -9999 -9999 -9999 -9999 -9999 112.490730341915 110.853469848475 110.799425308755 110.908357129209 111.212129223482 110.987775934003 -9999 -9999 -9999 -9999 -9999
-9999 -9999 -9999 -9999 -9999 86.0417434367639 83.6830530237457 82.9022599366443 82.1133700223055 80.1061643322298 76.7918603998029 74.1128056872246 70.8421278858896 65.8790371822016 59.6596783044624 54.4060872875897 50.9987002007584 53.9003015131735 64.2345743335496 74.9619229743525 77.309310567149 77.8423481825819 77.7191306661204 77.2120539477044 76.6320079559604 76.8923096129935 77.0831495490091 77.1449579304361 77.01524887286 77.2234594009397 77.8230341260245 79.3626544768381 82.6201927316 86.3425564139292 -9999 -9999 -9999 -9999 -9999 -9999 -9999 -9999 -9999 -9999 -9999 -9999 -9999 -9999 -9999 111.071256424232 110.555478624709 110.224232505286 -9999 -9999 -9999 -9999
-9999 -9999 -9999 -9999 -9999 83.8016846510523 82.6982869885523 81.6384739333914 80.3573565912967 78.0929894992831 74.7175568021411 70.0582068073339 65.7555930049727 62.1725881366341 58.1558351190483 53.2734056496752 51.1886290456505 68.4825977687056 73.3928250492138 75.900739451872 77.7546121738761 78.7734884662987 79.5851355136959 79.9492015493582 79.5313685800271 79.9025881625188 80.7940631788878 81.0939986873313 81.440139245782 81.2359634802868 81.6993517910483 82.745024356742 86.1953637717822 90.4746945136791 -9999 -9999 -9999 -9999 -9999 -9999 -9999 -9999 -9999 -9999 -9999 -9999 -9999 -9999 110.597603468219 109.881854006213 109.016457413819 108.237186326022 -9999 -9999 -9999 -9999
-9999 -9999 -9999 -9999 -9999 82.7887948124978 81.7417482801488 80.3297678870519 78.4766901312715 75.7756862425021 72.0293017949251 67.6896829726802 62.035850158072 58.6476763845351 55.6780736801517 51.7652410339727 57.7326793276614 70.2715031589894 73.9032177861663 76.850305393042 79.0743503943941 80.8246704124954 82.6302713205675 83.9130834722015 84.3994744668528 85.1113626360332 86.1050789311109 87.2450301270826 87.3149271730622 87.5456783535555 87.7737659119191 88.3595241906366 90.2460400219516 93.2799527905349 97.5108082653253 -9999 -9999 -9999 -9999 -9999 -9999 -9999 -9999 -9999 -9999 -9999 108.608495127314 108.528411642166 107.03160618463 105.974174243442 104.619045396214 103.899095915754 103.779886381022 103.790914547153 102.189604567693 -9999
-9999 -9999 -9999 -9999 -9999 80.8210878624751 80.7984982824799 79.3291303727838 77.2423359783132 74.4791972586365 70.4529272964753 65.6193544092945 60.9679116694452 58.2074457718229 54.6383716447529 50.7767579631899 61.911822700038 70.181902581034 74.5800975356342 78.2098696418201 81.0549007751121 83.4601874526949 86.0874132921168 88.9677851981234 90.9388090000036 92.421522848892 94.287838603168 96.0064871143533 96.5579453258313 96.0129795953265 96.5743833774629 96.8608135541588 97.5389270278402 97.7173566167415 99.3780712475696 101.306400144822 -9999 -9999 107.243229879913 -9999 -9999 -9999 -9999 -9999 -9999 -9999 107.287538167077 107.58686958772 104.286899377567 101.773427427957 100.732237872253 99.9166012196782 99.3745859643327 99.5704337099797 100.494439713438 99.8313032432337
-9999 -9999 -9999 -9999 -9999 -9999 80.0487882994395 78.4665862635571 76.3340799194587 73.3818822620823 69.3640172823519 64.4704738964797 59.7418794640341 56.415377275994 54.3232659076965 51.0526823914582 63.4449876153637 71.126481619893 75.8658058047639 79.9129130556986 83.4051199740952 86.8248496189661 90.6321536395195 94.5882153746194 98.598332077833 101.610094561625 104.340818178498 106.62985137886 105.820091606528 104.334462469609 105.010775468368 103.569621114155 -9999 -9999 -9999 -9999 -9999 -9999 108.438485649625 -9999 -9999 -9999 -9999 -9999 -9999 -9999 104.966032611938 105.056195221437 101.707561007267 99.3491618325122 97.9563933964688 97.311913697755 96.5349769546636 96.2328489550379 96.7595259243683 96.483108801303
-9999 -9999 -9999 -9999 -9999 -9999 78.1200313214938 77.6763115553865 75.4775831364686 72.5784084376588 68.6563516063297 63.8186280639558 58.7454506123793 54.5071979195151 52.579098439809 53.2802035154143 63.6405622436228 72.6258539842069 77.6375076154795 82.5646057373869 86.9297625887025 90.8208776482217 95.4891555997442 101.083691667823 106.590275609909 111.211975915462 114.696118455292 115.311594899533 -9999 -9999 -9999 -9999 -9999 -9999 -9999 -9999 -9999 -9999 -9999 -9999 -9999 -9999 -9999 -9999 -9999 -9999 102.248434695909 102.353443277786 98.9236316711875 96.9348727767435 95.5049437059285 94.8143151003986 93.779916394272 93.107858660739 93.7872571792524 93.9623207872981
-9999 -9999 -9999 -9999 -9999 -9999 77.3980157306542 76.9270567228337 74.7340604818926 71.9155690718824 68.2688992067685 63.7689359559904 59.2608951061037 55.2775335941438 52.7049203048506 56.8391820837179 65.4893126154527 74.4607224023935 79.7888625515683 85.2170093192483 90.5591781521015 95.4747657210348 100.937794561686 107.794651218805 114.618101276058 120.664601461935 122.542342679738 -9999 -9999 -9999 -9999 -9999 -9999 -9999 -9999 -9999 -9999 -9999 -9999 -9999 -9999 -9999 -9999 -9999 103.747887616873 101.115866835443 99.6985781434957 98.7164346803456 95.6039235447482 93.7283924786068 92.5154219319723 91.7825164320514 90.6073989326911 89.8008438433166 90.4609273303803 92.3507398674286
-9999 -9999 -9999 -9999 -9999 -9999 -9999 76.4502261660755 74.3179761794986 71.6105140128623 68.166768868719 63.8827851297788 59.1892288718582 55.3892445302587 53.105402471953 54.8198534133448 65.5552736909242 75.2773980436159 81.6320145863712 87.5736633219764 93.67593329548 99.7658502471363 105.566590216764 113.168048587433 121.613170872449 126.857691205512 -9999 -9999 -9999 -9999 -9999 -9999 -9999 -9999 -9999 -9999 -9999 -9999 -9999 -9999 -9999 -9999 -9999 -9999 -9999 100.291796025176 97.7855115268923 94.4721846688562 91.8380653215943 89.9975659599362 88.9065786894987 87.8548423611186 86.6530540148751 85.8604482473136 86.5266952122037 88.4923416874651
-9999 -9999 -9999 -9999 -9999 -9999 -9999 -9999 74.17412459378 71.3517613863071 67.9536337069548 64.0360281545313 59.6073644104403 56.1557953050017 54.9659187207241 51.5733778468805 64.7080372955927 75.1576609318973 82.4038819284687 88.7850601345491 95.8306245862896 102.848141127595 109.319942240537 117.484142264357 126.465430823391 130.674593580338 -9999 -9999 -9999 -9999 -9999 -9999 -9999 -9999 -9999 -9999 -9999 -9999 -9999 -9999 -9999 -9999 -9999 -9999 -9999 98.5505863535665 94.6024661238483 90.9792423552654 88.2209524218399 86.1949844887001 84.830429192815 83.6153743762689 82.3368514929916 81.5472603638642 81.7741726005635 83.4223857773921
-9999 -9999 -9999 -9999 -9999 -9999 -9999 -9999 -9999 71.3121065095762 68.0344333364649 64.316698293266 60.1228240705723 56.7142309111587 57.5188901970714 52.4232177168911 62.8295449184178 73.9649555949075 81.9439735130749 89.1906645324845 96.5338813431559 103.796194251271 111.196069435236 120.185210369651 129.112059390897 132.815753376394 -9999 -9999 -9999 -9999 -9999 -9999 -9999 -9999 -9999 -9999 -9999 -9999 -9999 -9999 -9999 -9999 -9999 -9999 -9999 97.1689043169067 92.7310508155381 88.7263910796743 85.9107902005404 83.3518887720615 81.6779557137121 80.264936630742 78.7995981292066 77.9508216139787 77.8616000332786 78.8996732151325
-9999 -9999 -9999 -9999 -9999 -9999 -9999 -9999 -9999 -9999 68.3461335248252 64.8323089483325 60.9316911166572 57.3629899431789 56.6434653379264 52.9881056513671 56.7696262646552 66.5622903845877 76.9566455517781 87.6992592905402 95.3801043762593 103.037286261717 111.690529962996 121.221852927262 129.714158792324 132.849290052847 -9999 -9999 -9999 -9999 -9999 -9999 -9999 -9999 -9999 -9999 -9999 -9999 -9999 -9999 -9999 -9999 -9999 -9999 -9999 95.6314128700508 90.5804595505207 86.5244718882239 83.836459440319 81.3984974329348 79.5017983720246 78.2743034223503 76.7556402198997 75.775212995909 75.4170370824324 75.9069042691595
-9999 -9999 -9999 -9999 -9999 -9999 -9999 -9999 -9999 -9999 67.4403412757408 65.7017659619945 62.1979431619825 58.6866224993599 55.830478231805 53.9338045136442 54.9203294837581 54.4501939235126 71.9691054427708 83.6256829443299 92.0829206148532 100.593341097042 109.25590956363 118.665970123851 126.900236657513 130.244547670213 -9999 -9999 -9999 -9999 -9999 -9999 -9999 -9999 -9999 -9999 -9999 -9999 -9999 -9999 -9999 -9999 -9999 -9999 -9999 93.4959839924989 88.3520416943618 84.5654733184704 82.0074672032342 79.9247896174795 78.1725579652473 77.2856010270941 76.0761850758167 74.8414082359819 74.2497407561925 74.4946271906494
-9999 -9999 -9999 -9999 -9999 -9999 -9999 -9999 -9999 -9999 -9999 66.4735229520308 63.5818281217184 60.4018763655087 57.408961139455 56.5087745366166 53.3349574096403 52.7917177411986 67.0795823791849 79.6062224718182 88.7156563841523 97.8044967195267 106.705615954628 115.919307268547 124.726387402922 -9999 -9999 -9999 -9999 -9999 -9999 -9999 -9999 -9999 -9999 -9999 -9999 -9999 -9999 -9999 -9999 -9999 -9999 -9999 92.9752031105049 89.7350762066221 85.4640772761216 82.983722993596 80.7413440279968 78.9223449686478 77.6232658280884 76.9104709384543 75.7383863974651 74.2046975273951 73.5556800127179 73.6655779131568
-9999 -9999 -9999 -9999 -9999 -9999 -9999 -9999 -9999 -9999 -9999 -9999 64.5778098708627 62.274374312862 59.9059050984167 58.3967447340529 57.3500586678074 52.7234664085327 61.466930646387 76.3385242282034 86.0340486419763 95.3430660783065 104.606484241497 113.420081923111 117.858290633481 -9999 -9999 -9999 -9999 -9999 -9999 -9999 -9999 -9999 -9999 -9999 -9999 -9999 -9999 -9999 -9999 -9999 -9999 -9999 90.4172421353045 85.893969076306 82.6963715628012 81.1494744178768 79.7306757087671 78.4810653153014 77.2941767630142 76.5485753245812 75.4034847579882 73.9316746900723 73.3248200070095 73.4343743458201
-9999 -9999 -9999 -9999 -9999 -9999 -9999 -9999 -9999 -9999 -9999 -9999 -9999 63.6162414205706 62.1162361746781 60.4824718030265 57.0781918607838 59.6139088467247 62.6799740715314 74.7566317557203 84.2184144412598 94.0472415864911 103.571312392991 113.032374292941 -9999 -9999 -9999 -9999 -9999 -9999 -9999 -9999 -9999 -9999 -9999 -9999 -9999 -9999 -9999 -9999 -9999 -9999 -9999 -9999 88.3317443022747 84.562395753962 81.4465338334673 80.0258399674349 78.8584889280525 77.9324855219531 76.8485161067416 76.0192851741621 74.9492223290526 73.8967964308062 73.4703720485319 73.6961306906136
-9999 -9999 -9999 -9999 -9999 -9999 -9999 -9999 -9999 -9999 -9999 -9999 -9999 -9999 63.2851246176424 62.5493672997648 60.7097745407244 64.1400357012883 66.3181240134984 75.4546676958241 83.4811287226454 93.9555013109564 -9999 -9999 -9999 -9999 -9999 -9999 -9999 -9999 -9999 -9999 -9999 -9999 -9999 -9999 -9999 -9999 -9999 -9999 -9999 -9999 88.2083266217181 -9999 84.0203663553267 81.3796455807905 80.1662622900261 79.5470655603455 78.4482013826806 77.1635844713519 75.8799259876501 75.2581379884025 74.3925139043507 73.7420387414265 73.8258111717897 74.4469452475515
-9999 -9999 -9999 -9999 -9999 -9999 -9999 -9999 -9999 -9999 -9999 -9999 -9999 -9999 -9999 -9999 64.0632996442263 65.8250536117083 68.5382543295323 -9999 -9999 -9999 -9999 -9999 -9999 -9999 -9999 -9999 -9999 -9999 -9999 -9999 -9999 -9999 -9999 -9999 -9999 -9999 -9999 -9999 -9999 -9999 85.4061862005046 -9999 81.7251395371337 78.547385548912 77.3383862803566 77.7203313276337 77.3030502357934 76.3118631279462 74.8781771514782 73.979929605579 73.6488408627879 73.4189437885426 73.9276800765109 74.9288945917661
