rodentData/variables/Bio16.asc
NCOLS 409 
NROWS 350 
XLLCORNER 60.897278365 
YLLCORNER 5.843756025 
CELLSIZE 0.0892857 
NODATA_value -9999 
[rows 75 to 99 of 350, columns 0 to 55 of 409]
-9999 -9999 -9999 -9999 -9999 -9999 -9999 -9999 -9999 -9999 -9999 -9999 -9999 -9999 -9999 -9999 -9999 -9999 -9999 -9999 -9999 -9999 -9999 -9999 -9999 -9999 -9999 -9999 -9999 -9999 -9999 -9999 -9999 -9999 -9999 -9999 -9999 -9999 -9999 -9999 -9999 -9999 -9999 -9999 -9999 -9999 -9999 -9999 -9999 -9999 -9999 -9999 -9999 -9999 -9999 -9999
-9999 -9999 -9999 -9999 -9999 -9999 -9999 -9999 -9999 -9999 -9999 -9999 -9999 -9999 -9999 -9999 -9999 -9999 -9999 -9999 -9999 -9999 -9999 -9999 -9999 -9999 -9999 -9999 -9999 -9999 -9999 -9999 -9999 -9999 -9999 -9999 -9999 -9999 -9999 -9999 -9999 -9999 -9999 -9999 -9999 -9999 -9999 -9999 -9999 -9999 -9999 -9999 -9999 -9999 -9999 -9999
-9999 -9999 -9999 -9999 -9999 -9999 -9999 -9999 -9999 -9999 -9999 -9999 -9999 -9999 -9999 -9999 -9999 -9999 -9999 -9999 -9999 -9999 -9999 -9999 -9999 -9999 -9999 -9999 -9999 -9999 -9999 -9999 -9999 -9999 -9999 -9999 -9999 -9999 -9999 -9999 -9999 -9999 -9999 -9999 -9999 -9999 -9999 -9999 -9999 -9999 -9999 -9999 -9999 -9999 -9999 -9999
-9999 -9999 -9999 -9999 -9999 -9999 -9999 -9999 -9999 -9999 -9999 -9999 -9999 -9999 -9999 -9999 -9999 -9999 -9999 -9999 -9999 -9999 -9999 -9999 -9999 -9999 -9999 -9999 -9999 -9999 -9999 -9999 -9999 -9999 -9999 -9999 -9999 -9999 -9999 -9999 -9999 -9999 -9999 -9999 -9999 -9999 -9999 -9999 -9999 -9999 -9999 -9999 -9999 -9999 -9999 -9999
-9999 -9999 -9999 -9999 -9999 -9999 -9999 -9999 -9999 -9999 -9999 -9999 -9999 -9999 -9999 -9999 -9999 -9999 -9999 -9999 -9999 -9999 -9999 -9999 -9999 -9999 -9999 -9999 -9999 -9999 -9999 -9999 -9999 -9999 -9999 -9999 -9999 -9999 -9999 -9999 -9999 -9999 -9999 -9999 -9999 -9999 -9999 -9999 -9999 -9999 -9999 -9999 -9999 -9999 -9999 -9999
-9999 -9999 -9999 -9999 -9999 -9999 -9999 -9999 -9999 -9999 -9999 -9999 -9999 -9999 -9999 -9999 -9999 -9999 -9999 -9999 -9999 -9999 -9999 -9999 -9999 -9999 -9999 -9999 -9999 -9999 -9999 -9999 -9999 -9999 -9999 -9999 -9999 -9999 -9999 -9999 -9999 -9999 -9999 -9999 -9999 -9999 -9999 -9999 -9999 -9999 -9999 -9999 -9999 -9999 -9999 -9999
51.5908362599998 48.37655106 -9999 -9999 -9999 -9999 -9999 -9999 -9999 -9999 -9999 -9999 -9999 -9999 -9999 -9999 -9999 -9999 -9999 -9999 -9999 -9999 -9999 -9999 -9999 -9999 -9999 -9999 -9999 -9999 -9999 -9999 -9999 -9999 -9999 -9999 -9999 -9999 -9999 -9999 -9999 -9999 -9999 -9999 -9999 -9999 -9999 -9999 -9999 -9999 -9999 -9999 -9999 -9999 -9999 -9999
51.5908362599998 48.37655106 46.1081772400001 43.9826602199999 43 -9999 -9999 -9999 -9999 -9999 -9999 -9999 -9999 -9999 -9999 -9999 -9999 -9999 -9999 -9999 -9999 -9999 -9999 -9999 -9999 -9999 -9999 -9999 -9999 -9999 -9999 -9999 -9999 -9999 -9999 -9999 -9999 -9999 -9999 -9999 -9999 -9999 -9999 -9999 -9999 -9999 -9999 -9999 -9999 -9999 -9999 -9999 -9999 -9999 -9999 86
-9999 -9999 48.4897714403755 45.6320732836857 42.91123182 41.6796068400001 39.76837502 38.69694662 38 -9999 -9999 -9999 -9999 -9999 -9999 -9999 -9999 -9999 -9999 -9999 -9999 -9999 -9999 -9999 -9999 -9999 -9999 -9999 -9999 -9999 -9999 -9999 -9999 -9999 -9999 -9999 -9999 -9999 -9999 -9999 -9999 -9999 -9999 -9999 -9999 -9999 -9999 -9999 -9999 -9999 -9999 77.8918059600002 80.03466276 81.58875978 83.3203763600002 85.4632331599999
-9999 -9999 -9999 48.648460918202 43.8219193199999 42.59029434 40.4681245460263 38.4209596950012 37.0558665960238 36.55408982 34.96532284 -9999 -9999 -9999 -9999 -9999 -9999 -9999 -9999 -9999 -9999 -9999 -9999 -9999 -9999 -9999 -9999 -9999 -9999 -9999 -9999 -9999 -9999 -9999 -9999 -9999 -9999 -9999 -9999 68 66.6796188399997 64.53676204 63.1969526199999 59.50209688 60.8918083599999 63 -9999 67.4805681399999 70.4632355600002 72.60609236 74.4413651018525 76.4765092300991 79.12397526 80.67807228 82.4096888600003 84.5525456599999
-9999 -9999 -9999 48.9473604472808 45.8754636199998 44.3291754233127 40.7642326156952 39.3760091399999 37.6143313896017 36.55408982 35.4734092851014 34.403878487547 33.33980462 31.53675244 -9999 -9999 -9999 -9999 -9999 -9999 -9999 -9999 -9999 -9999 -9999 -9999 -9999 41 43.40914934 45.7489563600001 47.89181316 50 -9999 -9999 -9999 -9999 -9999 62.8918107600003 62.96533244 62.641409588517 62.4174230056485 59.171229174001 57.3042572200005 57.9035843185146 59.90969246 62.0522392824062 64.1791093702424 66.3411277028909 68.7264792644611 71.6239764600001 73.7601361191639 75.8997805334849 77.5444674861332 79.2027583212186 81.3382604600003 82.7625849840785
-9999 -9999 -9999 -9999 46 45.5279878737386 42.3462671625834 39.39389324 37.25103644 36 34.993023372129 34.0220191841928 33.9646503005147 32.5615567063269 31.2504921199999 31.0067208494803 30.1047390541977 29.140835042124 31.058297201554 31.2672827799999 32.1070885999999 32.0746352948231 32.3544281437334 32.9703315199447 34.0069719563772 35.53522028 37.9270346400002 41.8337670653429 45.2590620016649 46.6201986359736 47.7288329856917 50.9275813600001 53.0609326139046 54.8115548701778 55.3848921791922 56.5849980922464 57.0432265089593 60.075787557124 60.7271674653496 58.6933675987946 57.8929114000001 56.5080214923017 56.8030473800001 57.827652586493 59.8889118371851 61.9647163408634 63.26628294 66.16018938 67.6948533400003 70.5898659644242 72.69540486 75.2841646400004 76.9464557000001 78.6496855794236 79.8747164139665 80.7420496729334
-9999 -9999 -9999 -9999 -9999 45.6796068400001 43.1024468791381 39.5188659399999 37.4228091391473 36.1384922016957 35.5473146191567 34.4626259208385 33.33980462 33 32.2973074191754 31.1412059208198 31 31.2651160808104 32.2248317791941 33.4101395799999 34.2499453999999 33.6438434399999 32.1563460015741 32.44590778 33.4526832807777 34.46379188 36.8556062400002 39.8870260415275 42.2311814600002 41.8598896192458 43.7600802592504 48.5369455592554 50.6472678985197 51.2955438422069 53.5580015985385 54.3182789607264 55.4378025171139 55.515152080717 56.4526811807122 56.3598443192925 56.0825057992971 56.1249726999999 56.8276610806935 57.1092855993111 59.844473040684 61.0346651600001 63.2551902406748 66.05523597933 67.6659074406657 70.2159459793393 71.702150060656 74.1012848413032 75.6897341993535 76.4859721787161 77.9902101774507 81.4263571199995
-9999 -9999 -9999 -9999 -9999 44 43.30512506 40.4534132571907 38.748370686478 37.1957568898532 36.0947952338155 34.82246604 33.4694677188469 33.1964010999999 32.8809604369812 31.3981356356812 31.3821786641717 33 33.1426641663313 34.8303166063314 36.1819637179873 36.0604633483436 33.4967471156814 32.3583310015095 32.8035989000001 33.507997491153 35.7212536850317 37.3388191800001 39.2132973600002 40.122443229434 42.4767895615724 44.8521992308596 47.7847245600001 49.6386596418031 50.2668392600002 52.1066474800001 53.8534821492035 55.6947741071281 55.8035989000001 55.9192324397904 56.5305284238785 57.0909804449057 57.1964010999999 58.0708768799999 60.0882094599998 61.4206590844443 63.17752196 65.2889173895596 67.2213444732287 69.2132901600001 70.9816723800001 72.2282524515308 73.9237491883859 77.1300490821383 81.4202423762051 85.280999816729
-9999 -9999 -9999 -9999 -9999 -9999 43.2430890574192 40.3479504847614 38.9159719757931 37.4346619194458 36.3533904532121 34.9801552058698 33.9141899029446 33.7321705000001 32.3411472038433 31.765788303499 32.4247371508413 32.4643410000002 32.4881150944747 33.0840388586033 35.7311016004203 37.5054830497921 34.066720105106 31.7321705000001 31.7321705000001 32.90969966 34.3923634800001 35.6597416683947 37.60609956 40.1550124325796 40.7176826863682 43.5036537790261 45.8859238083163 47.6674368643417 49.1954108600002 51.0352190800001 52.4811244600001 54.1780758800002 55.009284995261 55.85659168 56.444648012946 57.6069986687921 58 59.1086861909194 60.9062968164226 62.7368126762352 63.1537491511071 64.9781667631014 66.4374132057915 67.60609236 69.8759512776204 72.9157083843637 76.9072369806406 82.2520688400201 84.8376703701557 86.2481440884394
-9999 -9999 -9999 -9999 -9999 -9999 -9999 39.39389324 38 37.10817964 36 35.2114891707759 33.5643278382086 33 32.19694782 31.12551942 31 30.6607421000001 30.7193933878854 31.3214842000001 31.6275697798335 32.6429684000003 31.9006655241566 30.8120198370365 31 32.17752916 33.4362172960105 35.3721931929739 37.0612175960836 38.7893096418853 39.94590658 42.3795007821773 44.7796191578957 46.32038356 48.3846613841357 50.0666023048489 51.8759982338332 53.6338863571825 55.2101771318018 56.7282778592138 57.4362157102296 57.908949618755 58 59.4522787432764 60.927551745708 61.689835109385 63.4581317436767 65.0503929146776 67.3143126465819 69.6827996344083 74.0893801627001 77.5276137398104 79.3240489224173 79.8427098065675 80.866388535552 84.4961572245359
-9999 -9999 -9999 -9999 -9999 -9999 -9999 38.4729331813347 38.4106862999999 37.3357367380435 36 34.82246604 33.33980462 33 32.19694782 31.12551942 31 30 29.9635451102452 29.5893137000001 29.5893137000001 29.5893137000001 29.7431072509985 30.44590778 31 31.9357316130688 32.8604459122422 34.8943972624469 36.248916785728 37.9567122154754 39.9014757269717 42.6137679187969 44.1410728558922 45.9096972600001 47.9160571147296 49.7305550600405 52.0727395439459 53.7280090919871 55.5377638480536 56.8311102612842 57.2711312265951 58.1423052799999 58.4106862999999 59.6442973025277 61.7131809599998 63.5161155399998 66.860357270763 71.0226373962277 71.9684091745874 75.0714211904597 78.0858833605918 76.6041412750457 75.9661664896741 76.8402920312742 78.9096900600003 83.8483264125174
-9999 -9999 -9999 -9999 -9999 -9999 -9999 -9999 39 37.66226946 36 35.1063192559325 33.5036294224299 33 32.19694782 31.12551942 31 29.9916413942425 29.4719148073951 29 28.8883313493301 28.5178853000001 28.89236468 30.1787717755825 31.2494153772198 31.7870272211426 32.9784817204948 34.2399066157354 36.5111469637698 37.4215987854072 39.4077635059106 41.5525552600001 43.6494428103197 45.32038356 47.3515728664054 49.280926864768 51.5773931706089 53.6048533014932 55.51733378 56.58876218 57.6601905800002 59.0843432450569 60.2564365933888 62.6168932883317 65.2763014699689 69.9363296483928 73.0350753935109 79.832492374409 80.2853037817665 74.4871291273731 72.9223571589721 72.9995588800004 73.2857375830695 74.5182001952935 77.510605112689 84.6973706839447
-9999 -9999 -9999 -9999 -9999 -9999 -9999 -9999 -9999 38.1559304667175 36.5343477973543 35.7371409192868 34.5985989372508 33.2971156095701 32.19694782 31.6095821111429 31.0299417108929 29.98266262 29 29 28.8965905009632 28.7212948789271 29.2742751031086 30.1985294851447 31.51733618 32 33.3203859600001 34 35.9646266753245 37.8049964426396 38.94590658 41.0250743014324 42.62398366 44.7668404600001 47.0627123373794 49.3776824591523 51.1234309400001 54.1386386063522 56.3572434243158 58.0217536222798 59.3208198799999 61.1238672599997 63.2667240599999 66.2840566399998 69.4983418399997 73.5498309397431 73.4297393277461 74.6263993440472 74.43550772352 68.7517591896022 68.4345751401158 69.7852736800003 70.3393707000002 72.1686980875532 75.72176700826 85.4240235291132
-9999 -9999 -9999 -9999 -9999 -9999 -9999 -9999 -9999 -9999 36.96532284 36 35.33980462 33.9939964512222 32.8219193199999 32.0784460601965 31.645257174094 30.6076341199999 29.5694954173247 29.1001167969659 29.7697290112564 30.3635957544528 30.6249714999999 31.07087928 31.8189873115811 32 33.3203859600001 34.4572425112906 35.7291878344187 37.7489563600001 38.94590658 40.4031973484532 42.1775267599999 44.4204988570343 47.4066962086752 50.3787934512309 52.3733739399999 55.5876591400003 58.2846105599999 60.4274673599999 61.91013358 63.7131809599998 64.8522743087007 65.9838600201793 68.3716348857693 70.8513097085217 69.2893041428123 66.8647823228976 65.3263874627867 65.0531031800001 66.1245315800001 66.9172833257351 67.7717202371114 70.3621095371539 75.3810167285481 84.4747609828623
-9999 -9999 -9999 -9999 -9999 -9999 -9999 -9999 -9999 -9999 -9999 36 35.7995646166124 34.4552733927703 33.7561932778467 32.8219193199999 32.0376689809189 31.6911362696982 31.3040340199999 30.4414347690673 30.7667205384502 31 31 31.44590778 32 32.4100155946355 33.5570275347473 34.73162138 35.80304978 37.7489563600001 38.94590658 40.0467420383385 42.8121118510442 44.48057534 47.6948605400001 51.0281831616143 54.5162307399999 57.4199874779587 60.0913386526585 61.3402823901726 61.0442773722142 62.8835376445102 64.1664423151274 64.3036001000001 66.19540846 65.4765271060427 63.1331181527882 63.1171333764264 62.7684987988304 63.6066462800001 64.4172906199356 64.9177269906819 66.6985323812988 70.176291591916 77.6969821076005 87.1480299531496
-9999 -9999 -9999 -9999 -9999 -9999 -9999 -9999 -9999 -9999 -9999 -9999 -9999 34.53675244 34 33.12551942 33.5066823881361 32 31.9793910979556 31.7678282999999 31.5899819281569 31 31.2875358657304 31.8713554673258 32 32.58876458 33.66019298 35.293380980449 36.5708780799999 37.1738864713271 38.9043721212802 40.05200494 43.08876338 44.6035751221114 48.6405333690551 52.2824723680023 54.2608288711725 55.5883258600005 57.0568458895104 57.7084045475478 57.7754092307176 58.767856524678 60.5805083846053 60.2572395484518 59.8737908645237 60.1620945417444 60.2527794876204 60.710339278647 62.0537750937329 62.5352178800001 63.2321717000001 64.362828534197 66.9226007659579 70.35503912 78.6018818000013 88.0227933051265
-9999 -9999 -9999 -9999 -9999 -9999 -9999 -9999 -9999 -9999 -9999 -9999 -9999 -9999 -9999 -9999 -9999 32.0145505123255 32.7647594244042 32 31.9627682221363 32.0935942654065 32.7387084513231 32.8392567 33.2734345552173 33.7731533615122 35.053521061758 35.9137198699435 36.80304978 37.7339116715688 38.9372114251609 40.05200494 43.0142681186204 43.6670683953501 46.8591897441598 48.9947348088098 49.8037165000003 51.0697563377317 52.6429732000002 53.7258579842718 55.0362992675421 55.439089449188 56.4143617659178 56.5024070773529 57.917894981869 58.1926223638935 60 60.1859387495661 61.1607433 61.46378948 62.7893039004894 64.0542844494552 65.7903231867852 70.0099030100556 79.710016506653 88.3034178068075
-9999 -9999 -9999 -9999 -9999 -9999 -9999 -9999 -9999 -9999 -9999 -9999 -9999 -9999 -9999 -9999 -9999 -9999 33.0729095664717 33.6754837471671 32.9106850999999 32.9377520679736 33 33 33.9884665308169 34.9106850999999 35.6298431499894 36 36.80304978 38.6708524288011 38.995168651602 40.9311166240104 42.1701503875917 43.1888068056231 44.6418701600002 46.4816783800001 47.8606910119581 49.5255573688485 51.1208861303454 52.105170470461 53.4400461043667 54.7555894039632 55.07172409644 55.8856869631569 57.0303875172463 58.0030961152989 58.2594631019475 59.24950428 60.5111766222823 61.937751639262 62.74894916 64.4060771999317 68.3471831581134 75.033399159125 81.1778039889458 88.1452866983186
-9999 -9999 -9999 -9999 -9999 -9999 -9999 -9999 -9999 -9999 -9999 -9999 -9999 -9999 -9999 -9999 -9999 -9999 -9999 33.83980582 33 33.5952609172924 34.5964457454303 34.420045550493 34.9827336671671 35 35.66019298 36 36.80304978 39.6077931860335 39.9821134999999 41.0343598978803 42.9837011661963 43.16019178 44.4632403600001 46.30304858 47.3811750625028 48.4637918800002 50.0525540600001 51.5961177852675 52.6719990788094 53.7495054800001 54.8065701730377 55.87447578 56.0169189151156 58 58.08876098 59.3175135326546 61.217874111422 62.2976257445014 63.3632861195751 65.759684989045 72.0757382922711 76.5698680390248 78.3736882276452 84.9113925800417
