rodentData/variables/Bio10.asc
NCOLS 409 
NROWS 350 
XLLCORNER 60.897278365 
YLLCORNER 5.843756025 
CELLSIZE 0.0892857 
NODATA_value -9999 
[rows 25 to 49 of 350, columns 112 to 167 of 409]
-9999 -9999 -9999 -9999 24.116465168288 26.5643409385591 27.4903060581164 28.3497736107591 28.291459476435 28.318216070182 27.5522783268581 25.7588509641356 25.0524516029711 24.8333923420515 25.3590293388491 26.3437767801654 26.3858823395069 25.7508717525923 23.3271441859132 24.300231204982 24.8823442389516 25.0032651573133 25.8392970079621 25.5258910943703 21.8074050155823 16.9276874520371 14.0265820285421 11.8183646583586 12.0122672656262 15.1177055894707 13.3976782582405 8.93430191242319 9.2600738273578 8.16102095697482 10.783776591371 12.7612883056642 16.4879445416338 16.6734202150444 16.1396762652026 16.4861588743978 14.7297779861935 13.8653181153658 12.0049449220533 11.9213883450541 10.8713058863643 10.7926006858302 12.0501488253074 11.2460384154474 10.5004249956086 10.3965226528264 8.75621738735012 7.34266015133566 7.53270097576005 8.52324482019261 7.08992570322992 6.65066404235742
-9999 -9999 -9999 25.9074446356731 26.5317025601854 28.6217279517596 28.5148677243307 27.547207503002 26.8606515576671 27.4206723457821 26.877809949632 26.0650676120496 27.4663571945867 27.4528451449189 26.7760826843301 26.2252236308094 25.6441167986615 25.0529456226095 23.2104658782827 25.052498761282 25.5208017436392 25.443959039062 24.7834665647614 25.067607859308 23.3935039502774 20.0439052901877 17.9396458703395 15.3346066460713 17.3622099556842 20.3456200435167 16.2823050262998 9.16941219808276 11.4468440868877 13.009675706285 17.7409910744112 17.5818256618544 18.2469603481442 16.4998584625382 16.3390728884735 16.8242199169743 14.7411984845789 14.6485742120158 15.9046292026798 14.7881151002709 13.4714698968714 14.4730704226997 12.3150981354552 9.7690383962172 9.82592503392581 10.1647000200021 9.73031232405806 8.76574070160059 8.52327485700167 9.97565559738247 10.2155366761989 9.80027345659725
-9999 -9999 -9999 29.0681026338722 29.5560340176999 29.697567600152 29.0030583039259 26.5486303462946 27.4498567407721 28.4739560623619 28.5649445612915 27.9851698074206 28.2052090883754 27.8926726736564 26.2436082539889 25.3012213826745 24.3210816727421 25.9379520960913 24.7703420903459 24.9466217381108 25.704304024846 25.9200511630758 23.495595908159 24.5647992084934 24.4318405840787 23.2586711192888 22.1748030140304 22.0142009162523 21.5822198396378 20.1533020944481 12.9011805490518 11.480514214828 16.3014925333677 17.1530758398657 20.2868234007315 17.1447470438689 18.122682842155 18.5131460869728 18.719884789278 17.5110860376908 14.8239809022266 14.0002250203417 15.4505783947478 15.485461013455 15.7351756449188 16.4211910421223 14.1643423962112 10.1646436409489 8.8185262150724 8.80184388089462 8.19874527775407 9.41362200134662 10.4380093429217 10.7094540915599 12.2337602190416 12.78018213598
-9999 24.5356667836507 25.4793515908285 28.1284518563091 30.577550256011 30.4610520511129 30.5504411854693 28.8812945313064 28.2180262794551 28.1275928295302 28.3617943973004 29.2350945197322 29.5739682791467 29.8066341464081 27.0709207170138 26.7606845499485 27.148726833457 27.6862448569899 26.5953912235218 25.805242547636 24.9818231210972 26.4842014671457 23.905558063313 23.9803623997197 24.2635930824607 24.283330754215 24.1898999938836 24.1054211725853 20.4941922357229 19.1915590083677 15.1374839226436 14.1254344972414 20.3336809543812 21.0936474408765 17.5168863761233 19.2832661069592 21.6306747121919 22.4841270096484 22.1807913625765 21.2633375399596 17.6096955785604 15.3795309264508 14.6780038489983 12.093587225798 12.4306247290045 13.9935625188417 15.3153663109096 14.4313469381262 13.0940780160606 10.2121058242967 6.9095827335699 7.1807291545627 6.86071925648408 6.29163450854238 6.66789571542445 6.51352241130138
-9999 28.90067756759 30.0127344885075 30.1407239512525 31.1475348875944 30.9722643143421 30.2824519322447 28.8686147110152 29.5689775957053 30.7562404553668 30.8321995193629 30.6094058204822 30.8649126308057 31.1312727828326 28.8635125505685 26.6501704941258 27.4472307420957 27.8716979387825 28.0582606754045 27.6784464761717 27.2082179490886 26.9523412867893 25.6997323514506 25.0574050232447 25.4804001935686 26.3748161486771 26.1689021645281 25.6542906390548 23.992545076287 24.4827428167416 24.04312514522 21.118722149827 21.6634615970478 19.647284361754 18.7116727967289 21.426031769057 22.7191736106328 23.3060027556293 22.7575801075085 21.6645718401736 20.341509153795 20.9251427776316 19.6408474172537 14.8073772941424 10.5378952378236 10.3863919067958 11.2509045175912 10.4210148716384 11.1293219996632 8.3312874099669 8.53831564238835 9.6492913765811 9.48165627564532 10.9332056000223 11.8733180735026 11.6734597080041
-9999 -9999 -9999 31.7308026597078 30.3983097571343 30.3649796387076 30.5720813516662 31.104838186044 31.6132390977372 30.8772497521442 30.1135307201402 30.0617205637993 29.8093169826938 30.2030578629366 30.2306644194427 30.2785174628268 28.2642150631049 27.2283044320658 27.78837256333 26.4042734347552 25.9356532017039 26.5903354830605 25.9921462413553 24.7018871705062 26.5476334837717 27.1010417613374 26.2190213713051 25.9702323034813 26.4412845531539 24.0163653795373 20.668283490736 23.1267194405301 22.9185032299018 19.3760011107586 14.6833809417376 17.7969040373285 21.8437817211607 23.2564363789163 23.5707090288766 22.984161868514 23.2895893065296 23.8174755595727 21.2907333112715 16.223260576768 11.570873719297 13.8971244675425 11.8114077444938 9.66795554549786 9.7594694761678 8.28099938214224 6.12454691652189 7.2803191213233 9.9309896914286 10.4406117263515 10.3531031468335 10.0158921589454
-9999 -9999 -9999 31.5220508578191 31.5061552894948 31.1562864615842 31.5976831896863 31.4512761547447 30.6443602133262 29.9849442533093 29.7718435890403 30.2598788021796 30.609093980415 30.455693535591 30.6617775367839 30.9016692756055 30.88734937044 29.3024798049495 29.5300302078856 26.7066467405534 25.4911687324397 27.3943635142938 27.3789456171658 27.2334095545495 27.2510580320361 26.2275793229313 24.7584190825806 23.7627851451065 25.848950598065 25.7818556585857 23.5458236256636 20.7296262461306 20.1018044226953 19.4995275196209 15.5296691453161 15.204040282198 19.0628751255141 22.0020861436109 23.2734176843635 23.5562430896316 23.6952085783202 23.7461476501624 21.3441710154927 20.7774115044833 20.3087416425025 17.4279781132836 12.7859818481417 13.4319233789119 13.1237755677611 11.8259749182708 9.57917881295694 9.28721636772802 8.05046112747607 5.90639012940103 5.36093988964477 8.25719855266892
-9999 -9999 -9999 30.3227119298869 31.1261309896506 31.5360363461757 31.3696291340616 30.284238297891 29.8042755417643 29.903816185942 29.9456494210892 30.1145625439313 31.1555392014166 31.4659304577955 31.3948773265274 30.9428950699661 30.7596111975127 30.9601512188566 30.6561101081035 29.8150278628706 28.6920488412965 28.54671740366 29.0323499763081 28.3452348641346 26.4636441883252 25.3817020677061 24.3354436179274 23.026628463824 24.2449285278482 25.2679693560535 24.5174326809954 23.8592543899221 22.7315943668535 20.6029018470692 18.0414280841628 17.5343663410484 18.8810048667817 20.5008999909681 22.2771445011548 23.1307102985068 23.4382513524501 23.5668069705027 23.7098841488182 23.476526951298 21.1847755678253 18.7915194343828 15.6461865018428 11.866705675643 10.8232764917112 9.98608956394626 9.15182416137518 8.15244739984662 7.14768680305957 5.32832449591659 5.7990278649955 6.75594288887008
-9999 -9999 28.4010009595233 27.966672844341 29.8177935595572 31.9859923954739 31.3361088035309 30.8478993543176 30.6775571680395 30.5098123091215 30.9174171964494 31.4354905190953 31.7146836406943 31.5014233546272 31.3308784769678 30.9298655801455 31.1595254509478 31.1207254260333 30.8541183772843 30.614048320429 29.3747901139503 28.9338171124424 29.6114173778745 29.0829738966206 27.3312092262914 25.8854767284875 24.703844538806 23.0733696841373 23.930082958836 24.9154418071868 23.9663428245817 23.5700749172063 22.5990059393986 22.4232826791932 21.502610417423 21.8322564412808 20.8546223693758 19.1625467219585 18.7289133639123 21.37891896204 22.8440259675389 23.3852915418248 23.585311433413 23.587599068051 23.2332028469501 20.2295882180736 16.5192920998527 12.483602478885 12.6935417195724 12.293849551863 10.0257044630796 9.20311934311622 9.13833829200099 6.68678611381547 4.44737305140861 7.15932473076009
24.7084318321543 25.7187450856515 26.4762595243754 28.1224445381873 30.1375980247291 32.4483358427054 32.3423876379135 32.1439520188802 31.8258943272757 31.5049315483865 31.9031835630036 32.1178178770353 31.9450069148419 31.7886142937137 31.8130311474439 31.3159116695495 31.1012021527063 30.9905993154842 30.6807891880989 30.3765647036529 29.4502348903498 29.2990481687296 30.045743350739 29.3886276033438 27.9810466620832 26.5043963753232 24.6440195881959 23.1043109480109 24.0767046744728 25.6061025287753 24.7970685869591 23.8312843578885 22.723007338981 20.542852460355 19.4809101964454 20.4301857023424 18.8565312312129 16.090407041265 14.0797313756621 16.6339763261889 20.4333294136737 22.4829151933773 23.0642865531695 23.3512556517801 23.289624445307 23.1813061939966 21.3356518400465 17.4611973546256 14.2958853381822 15.7286486457086 11.5225957961999 10.1437948978961 10.5129892669606 8.40505193112261 6.02623281804176 5.03005013549799
24.4075518418695 25.9284646712272 27.2288274114373 28.4716039561899 30.7498668206158 32.179636820018 32.3087987502466 32.1779371533391 32.0396256876725 31.9554399274631 31.931408420655 31.5189101175301 31.3211609904846 31.4249933768914 31.6548266512489 31.1372153661203 31.2128141951081 31.3601965167239 31.0236684325339 30.6493193402547 29.8622402023368 29.9722975333082 29.7316472695311 28.4031619461148 26.9368803558251 25.8924707726878 25.0948272284933 24.0498776144696 24.1076577770567 26.2329429171796 25.8155630721387 24.6392682489464 23.6871383207771 22.522469567438 20.5990595854198 20.7927770472368 20.0969656884007 17.9070263002318 14.3541774686768 11.7154165408712 15.8148811552887 20.3123473083248 22.0287070836765 22.8982508221025 23.4384514460532 23.5459122054332 22.5822123661476 21.5569333814338 18.8193680155694 16.7090636177044 11.214077462788 11.9672493088004 11.6794308828695 8.49521131926969 7.14768602789069 5.06372010890942
24.2334757505262 24.8695413772977 25.7455501594253 26.7064992706668 29.8910173302719 30.9868178349837 31.8203977827269 32.031351515822 31.9385037078368 31.3579875654929 30.4209842080962 30.4206017620842 31.0620072820854 31.4538217693684 31.7524878287814 31.7583041436643 31.7488200788149 31.5221978334861 31.2146384336514 30.7116070027768 30.5320965597625 30.1686827433044 29.1255143986889 27.4000345540579 26.2026360164584 26.4072386534326 26.5547963334945 25.5254197432715 24.4677810925043 25.9360380725633 25.6060486354921 23.8538315821572 23.3606020968495 23.6753269022943 23.7345395719729 24.1027998368832 22.8459115751484 20.8737711751779 17.3211909029241 11.4355593280891 12.4407215778304 17.2041673618308 20.4115350310995 22.0432151417178 23.0528571861396 23.4726451292415 23.5684253749685 22.940699811119 21.9642033554037 19.1795250752026 13.5317470438403 12.4905417958856 13.0722435354748 10.6580758485116 9.67325401382328 8.59225607684672
24.2297778591028 24.6340998129246 25.324587120529 26.069006569756 27.2685375272743 28.6268823491787 30.4895632555463 31.2564867856461 30.668125736061 29.5820841188785 29.196938601332 30.6704045941984 31.8132422219824 31.6554932104464 31.4411031647033 31.7324076390733 31.6737277232516 31.3008953624201 31.0565288960775 30.6571180731507 30.4497206407205 30.0366415474323 29.0412477906851 28.2930509358808 28.0095136116934 28.3422890656357 28.6044549098553 27.4124446532523 25.8053271100416 25.9633856902605 26.3287672855991 24.4504049052455 23.6761170254854 24.4426532697839 25.7597247590158 25.2298953737565 23.9966996526273 22.6439163669121 19.2645349055065 13.2981534552496 10.2586196482216 13.6936641919442 18.3092259053477 20.9838299352862 22.2645545281727 23.1252425511815 23.5604400386233 23.5905547852259 23.1679236677568 20.9621370182299 15.8978877118242 12.2551563911022 13.3104131080223 13.7713201884808 11.4146996390966 11.5262064435767
24.6728860816613 25.4027025497086 27.0235991904555 28.8575818553653 28.2833785294986 29.2006344196664 30.5486628651349 30.737185589611 30.0715332917858 30.1244897045565 30.6993662927339 31.7911596498852 32.4054801002788 32.0916798872131 31.5002423160423 31.3720964965525 31.1741731467018 30.6698983891481 30.8149062862498 30.6596915021391 30.4034516355362 30.0563517780281 29.6559552036049 29.6318359954034 29.8500635582991 29.935448313722 29.7249969657774 28.8120295511821 27.7779468684783 27.5204281456295 27.8205488870755 26.2105442356877 25.4703633144598 25.3785416433223 26.9501844661987 25.8141776186593 24.8798781023508 23.658551236677 21.2970862962281 17.3692352133802 12.1586456439157 12.4470151140693 15.5914076386115 18.9128128255413 21.2146900109859 22.4399439834473 22.9947216382974 23.3597627861702 22.9738502591184 21.082008502049 17.2617154335605 12.7717913610079 12.018845207193 14.9627328183377 14.3667475554913 11.8680970617423
25.56267822383 26.7151834534945 27.8271971413395 29.5771390265252 30.900401790479 31.484924225339 31.8395361229889 31.6259440158148 31.3036630414268 31.5172804996089 32.1354733149009 32.5195313635068 32.6972578955981 32.4845978645706 31.9992852688064 31.5598429432895 31.2213139493841 30.787234234283 30.6839555796386 30.4940107213779 30.3793443502889 30.1602313650213 30.0725509925987 30.1233492133763 30.2581986482858 30.2357916437892 30.0012666988376 29.5514199271475 28.7554558665377 28.9030937229551 29.1568793745439 28.3922354796231 27.6655107345296 27.4908376970344 27.1618656096665 25.7846865473353 24.7107026932241 23.5749057497798 22.5096643315123 18.8697669007299 12.7011616671329 10.3942937413024 11.574631832581 13.6138975853752 16.5691043517678 19.2425186164876 19.2633370120402 20.727052399755 21.354255010711 20.1336469927421 16.9842877290722 13.5866154220977 13.6746409867865 14.1325145586759 16.3773747222526 15.2623310829686
27.4695314343007 27.7532071886092 28.2850066123325 30.6227493697682 31.6239890498392 32.1234752666411 32.2622615053825 32.1937480922829 31.9537021736266 32.1042003709509 32.7234943295002 32.8328249165501 32.7406077423338 32.4451601091465 32.0533956713579 31.6586609476837 31.3181301009526 30.9871214413357 30.7261819656216 30.4560269984385 30.2197674477095 30.2220118658283 30.3850449836579 30.4261136675042 30.3290845580573 30.0643003217683 29.9302971666036 29.7715770808563 29.3601239366612 29.4034657488251 29.8468157650957 29.1220187651027 28.6107812077708 28.5428609734097 27.405166697732 25.6190958313917 24.4427792541731 24.1591781770949 24.1350187680727 21.4130767112111 15.8285123051799 12.3386619265424 15.0845982561071 13.3887562183395 13.5148665702778 14.7144427311753 14.5982769097764 18.5203822814383 19.8145704679697 17.6925392508049 15.9154949068626 14.8581850024491 17.8129837736934 18.6833938329398 18.7463175815357 17.507927795127
27.4719972757651 28.2890294290261 29.2028131475764 30.9846171734031 32.0093265535074 32.1632443136683 32.2548471980922 32.2715576700819 32.2295400683339 32.5073720891886 32.7784173863897 32.8426688045451 32.673029332658 32.3384800752041 31.9618321080137 31.6297653363158 31.3886087732447 31.1977827552278 30.8403623922199 30.7401699631235 30.791058332117 30.7920644298267 30.7361899132294 30.5867176703482 30.3542793132704 30.1355706325127 30.0601670469429 30.0782907775428 30.0337712553086 30.1137953790938 30.0952560533016 30.1135140639232 29.6029661306011 28.3876798565721 27.7978904979261 26.7695339083879 25.5838379113939 25.4977350206827 25.8977002073521 24.3251639541909 21.4238043168436 20.2788251409527 21.6780456302282 21.4767329296094 20.6601147440009 16.6765302973805 13.7094081214486 19.3132306583909 20.6369739107896 16.7925571281012 13.9440289433719 14.3147672767624 18.2582331671518 21.4833715277324 20.9719166778515 19.3183046582749
29.5243679316117 30.4747445897801 30.9546329951053 31.5583814076568 31.98230005491 32.0576173117605 32.1509569373459 32.1791377141002 32.4189360200915 32.5043613838683 32.3191155153631 32.2126348818872 32.1845085236143 32.1558506762717 32.0956421736893 31.9658147628995 31.6899411985102 31.3221627210834 30.9936245112358 31.0525193445091 31.1590006148455 31.0577166659293 30.8417633555557 30.5696132854091 30.3352034295402 30.0896921683706 30.1799336543264 30.2972992637339 30.3566083821964 30.250385871323 30.2495777644663 30.3437502208468 29.9405295550836 28.4664685842961 27.5925936418937 27.1467163768244 26.3323326352303 26.7598937308665 26.9869919227185 25.9364179909164 24.7736400360203 23.1925950627796 22.2789342087824 23.2321553453395 23.5272554535343 19.7569131133391 20.4622296782467 22.3714709549399 22.5464793023219 18.9988178064656 17.0276063731473 16.6541155176696 15.6435558504119 18.0129820551646 20.0555473969584 16.6433162431735
31.3331905784288 31.5620221991652 31.6258503998349 31.3846778495129 30.9988908753713 31.2041364632004 31.3917795492909 31.7698554857424 32.1577176338041 32.4165724846075 32.2650896860042 32.1353241959053 32.2811662272009 32.4789151506438 32.3295358428702 32.0035320427534 31.620171548268 31.447043517327 31.4389440707797 31.3924747714068 31.2274804258836 30.9966211863768 30.6166260568531 30.3826548415856 30.1856815508009 30.1293386039782 30.3113004463118 30.464838335465 30.5251860214956 30.5214442767135 30.1542869031858 30.0079857438877 30.2212333523418 29.7409107604151 28.5826033653459 27.7474188226471 27.7732200531581 27.7954067896545 27.8091812161227 27.4877676826751 26.7144994489998 24.9793292269774 25.0696182239477 26.3722325011793 24.1113355548879 21.6894380677291 23.5837087918527 25.653061744233 24.0446689385688 23.2339777837723 20.1066761756132 19.5625654028889 19.3340263396138 19.6524362601814 20.7696615142597 18.562031812394
32.4272956157716 32.1870506815236 31.7126364487668 30.1300506511436 28.751800139476 28.4923493188698 29.1454651690464 31.2953471704225 31.912383693596 32.6777053592305 32.6819682797336 32.6586217956372 32.6550886523292 32.5250309915913 32.3196707340099 32.0944675007962 31.843323228376 31.6978598452624 31.5037308160427 31.3089581017559 31.1320847176137 30.8582004963095 30.5704484240923 30.3553841616465 30.2562472946563 30.2572591902221 30.3169143062925 30.3856801080564 30.5977331933012 30.6287006549211 30.7035414144079 30.6147977832517 30.6178407397477 30.5829823001941 29.6324513328431 28.5863046108344 28.4566699803353 28.735382543626 28.8182595838943 28.5427548704359 28.0592070544159 27.409480030982 26.4528256345346 27.507320653897 26.8940526429765 25.4447459771284 25.2085914229498 24.1013341951861 21.3688414083985 23.2312713497403 23.8904248131845 23.9035332387045 23.9300556292029 23.9598236244711 22.9668043133492 21.7635097185647
32.9550168492241 32.4805943426273 31.3915262420497 28.94469876247 29.193689092382 30.6379847345796 31.3081002741673 32.2148332285746 32.3847101636036 32.8736897025011 32.8503888611885 32.7452801653948 32.5704322073419 32.3268718231628 32.0607102447498 31.8375314778166 31.6902079998159 31.5255007351142 31.3004909204796 31.0308343768372 30.8650245677616 30.6507534949657 30.4083740339316 30.36108840954 30.468695022854 30.3807057089962 30.4463109174751 30.7041337469297 30.9695614695678 31.1430835924708 31.2644233682417 31.3473955672766 31.2932366961164 31.1551460774261 30.6703037839599 29.8850314478325 29.4472665197505 29.1873838113121 29.2878572757171 29.281714503753 28.9323245095525 28.9889791577109 29.3910772700772 29.8465340381398 28.5850665503663 24.0428174659315 23.1312496628501 24.0616991018858 23.0506473039592 22.8608277971777 20.8245928965166 19.0786539119152 19.6191383610067 21.2511994320558 19.0362238572701 18.9665697093073
33.3417290744203 32.662085094018 31.2551394020654 32.0742938208113 32.9481006849737 33.0016818417379 32.6206444276928 32.4377803114854 32.7605713564588 32.811891824339 32.778518504139 32.6073263077277 32.3658331402049 32.1206481703357 31.849389027792 31.5907373538947 31.4703351037024 31.378414542863 31.182403854278 30.8249926786664 30.604296388997 30.4860261686752 30.4324902621038 30.507440817552 30.567702239261 30.5726867634658 30.8556382030355 31.0719380905981 31.1751850225098 31.2758390314346 31.3587405397435 31.4051627394692 31.377998344148 31.2016654021308 31.0377675679922 30.849144808669 30.5753606887436 30.3099527766362 30.1360287865645 30.2514822663169 30.3030905187813 30.0412619120811 30.0184419985458 30.1029555156291 29.4069749477919 28.4720615622057 27.8895547860787 27.5444426069763 24.9350214107439 22.2122260464503 20.8809909194703 17.3519407922251 15.6339990282193 17.49010547467 17.5704612409209 16.9642128768311
33.5910480083294 32.9047351960286 31.4937070304221 33.3442348760978 33.3984487899144 32.7732921387992 31.8421956252617 32.6334344943311 32.4223446303386 32.2404325942088 32.5743445813853 32.5259408329246 32.246145493413 31.9461345077108 31.5733665985726 31.222939248405 31.0312186994545 31.048548650229 30.8606561463561 30.4121451286867 30.2160358540269 30.1072511595373 30.2393121147156 30.3068171570459 30.0652255332486 30.2638966839118 30.88032046588 30.9993572764444 31.0114934692356 31.3305414038732 31.4325217964566 31.3217987385255 31.2784714200725 31.1661336480242 31.0982666919082 31.0662169366229 30.9737047177975 30.8886153519963 30.889214570409 30.9478998162614 30.8566434004108 30.8317679338502 30.9227631740764 30.61273568558 30.0673296514574 29.9190597542091 29.4068916244411 29.1958353333964 27.8318482315527 25.2117556591087 22.2301838822578 20.1002102932636 16.9017402733699 14.2042611966488 15.8233862223829 16.672081668466
33.5266039167803 33.1687615155296 32.5317938259252 33.477637994949 33.1561531627793 32.032067296711 31.862696213848 33.1246943106319 32.2956456179515 31.83086539093 32.4457409774593 32.4472155586831 32.1781598865111 31.8019910051712 31.3349930952263 30.7643523728354 30.5512630361193 30.5738943312707 30.0541474193246 29.4875791036529 29.4562978162016 29.4219297684618 29.5434026934867 29.5445964992437 29.4182239554332 29.8968429000237 30.8990966284712 31.1800364977112 31.3623170032235 31.3971720008038 31.37643850168 31.354418059003 31.341833986384 31.3205888056479 31.2577322378191 31.2023485537343 31.1591567843886 31.1325701175689 31.1339321282144 31.1159768019475 30.8612237883598 31.0011943709218 31.0972977080441 30.9827240263079 30.5759330796151 30.3503066535059 30.0665496660866 29.4150727677145 28.1489083935023 26.4051621911699 24.2115551589126 22.7030312560984 20.5690580594125 18.0442509150257 19.1365913324667 19.3719909896492
33.5700176600872 33.5105836256757 33.120393238481 33.5232732659638 32.7645999411543 31.3108670062553 31.9677477484145 33.3341976076693 33.0860896674698 32.7083711274934 32.4312435451418 32.1869143362697 31.6425320415998 31.0526562710882 30.4534950158083 30.0616165558591 30.0391679252392 29.663385115115 29.059057262546 29.3187625887382 29.9490997448618 30.2523153959364 30.1826158819942 30.2721579089345 30.8937003350969 31.3724578117057 31.4462646664537 31.470451153872 31.4456627597987 31.3430294831596 31.5011931593411 31.5458506945961 31.5037698379734 31.4299801337381 31.3587049114897 31.3210312926878 31.2784601156766 31.2519692509111 31.2088628513228 31.0848852245365 30.8914453340351 31.0920988743194 31.1956661432181 31.1661278020505 30.9006259133247 30.3445562033396 30.2489235332007 29.9152743056878 28.9060927497317 27.2423354333136 26.2719277117248 26.0463928028132 24.6940712906676 23.1483918416059 22.6470564836833 23.1070603814807
