rodentData/variables/Bio17.asc
NCOLS 409 
NROWS 350 
XLLCORNER 60.897278365 
YLLCORNER 5.843756025 
CELLSIZE 0.0892857 
NODATA_value -9999 
[rows 270 to 296 of 350, columns 183 to 243 of 409]
5.79821134281324 6.94588018000002 7.42395807587607 9.28510688000001 10.3250836203459 11.0454780474192 11.4398876448156 12.1470616458991 12.3927397999999 12.3927397999999 11.80400402 10.86221199401 10.5891096999998 11.076752380919 12.07081928 13.3279896050707 17.4239537471638 19.4451488393989 22.3832283367326 24.8559225600001 26.9987793599999 28.8407183316617 30.3933061205729 31.2911566728078 31.78510328 32.0667339972775 30.53681964 28.2362741617472 26.9291831200001 25.8577547200001 25 24.9286921493134 24.1649191829214 24 -9999 -9999 -9999 -9999 -9999 -9999 -9999 -9999 -9999 -9999 -9999 -9999 -9999 -9999 -9999 -9999 -9999 -9999 -9999 -9999 -9999 -9999 -9999 -9999 -9999 -9999 -9999
6.26779829999997 7.21367847999999 9.28510687999993 10.3327716676089 11.0428920164829 11.49939208 12.3489471246663 13.083943302484 14.1194056328497 14.4063323369414 13.94686082 13.3588057548751 13.4637175492166 12.9476232733082 13.6778442799999 15.4418459985082 19.2897390455834 20.7368287296752 23.3153726986991 26.5872223157176 29.2227843419504 31.4520146739579 32.8620681898661 32.8890267142255 32.9666681816827 32.4308463175908 30.3409010334994 27.5381929705923 26.12555302 25.05412462 25.0046339228676 25.2440359730407 24.83983942 24 -9999 -9999 -9999 -9999 -9999 -9999 -9999 -9999 -9999 -9999 -9999 -9999 -9999 -9999 -9999 -9999 -9999 -9999 -9999 -9999 -9999 -9999 -9999 -9999 -9999 -9999 -9999
7 7.94588018000002 10.3447922150498 10.6908752528934 11.2144977533117 12.5708204799999 13.7450420941482 14.9325006691329 15.5002776700303 16.0202763045969 16.1499207116426 15.1335706037602 15.4100459799999 15.6784533999999 16.2562662025055 17.2851044799999 20.7071950416688 22.6355315787494 25.8929479391675 27.8654836404145 31.58751274 34.1799244004223 35.0176800999998 34.666712777482 33.9397985366455 32.5643942420953 29.80522946 27.6663681829319 26.1681439566496 25.05412462 25.0173037800001 25.91126782 24.83983942 24 -9999 -9999 -9999 -9999 -9999 -9999 -9999 -9999 -9999 -9999 -9999 -9999 -9999 -9999 -9999 -9999 -9999 -9999 -9999 -9999 -9999 -9999 -9999 -9999 -9999 -9999 -9999
7.05155701683889 8.72274121981178 10.5862520333016 10.4629517866044 11.3203307600001 13.3266989468852 15.01669946 17.0057862196251 18.1034284513593 18.0195303861352 18.4100459799998 17.7720816273542 17.6631256559007 17.8213101999999 18.1804072975887 19.5662726143335 22.4421750221569 24.5504643121766 28.0758644154317 30.2956376026265 34.2654612580578 37.0839786503944 37.6382087084524 36.1636112117076 34.0642996050371 32.2082957164356 29.9954368370538 27.9481091694564 26.1995470520166 25.4425531687614 25.0173037800001 25.91126782 24.83983942 24 -9999 -9999 -9999 -9999 -9999 -9999 -9999 -9999 -9999 -9999 -9999 -9999 -9999 -9999 -9999 -9999 -9999 -9999 -9999 -9999 -9999 -9999 -9999 -9999 -9999 -9999 -9999
7.2465976706326 8.92565408449011 10.4827037183471 10.5606951338979 11.3203307600001 13.5748351000406 16.2342098531121 18.1581011338165 19.3738414599999 20.4635468246523 20.7511664746022 20.6222570784689 20.0935617884594 19.9641669999999 20.4170587623167 22.3738390599999 24.0244285638257 27.626899286205 29.8738822699064 32.9746445169601 37.3661679477767 39.4820834999999 39.03620692 36.6807843646741 34.41126662 32.0195146599995 29.5630347109201 27.7881432828342 26.6076365199999 26.0260925862458 25.4910454131743 25.91126782 25 -9999 -9999 -9999 -9999 -9999 -9999 -9999 -9999 -9999 -9999 -9999 -9999 -9999 -9999 -9999 -9999 -9999 -9999 -9999 -9999 -9999 -9999 -9999 -9999 -9999 -9999 -9999 -9999
7.86066412620598 7.97583614439587 11.5457838250021 11.1466438055999 11.87384266 14.1201033268039 16.7413401574062 19.2755395079677 21.0586950172202 22.3571550707878 22.7811515398142 22.1881031704162 22.0782978179633 22.1070237999999 22.5910419377775 24.5522912599998 26.7106020668526 29.7895934179145 32.7660474046303 36.3305240504654 38.9918264058346 40 39.55412342 37.2171145423592 34.3130366564855 31.1005953588443 28.5080934011063 28 27.12555302 26.577677898747 27.0974459518549 26.5630083550858 26.6348242091772 -9999 -9999 -9999 -9999 -9999 -9999 -9999 -9999 -9999 -9999 -9999 -9999 -9999 -9999 -9999 -9999 -9999 -9999 -9999 -9999 -9999 -9999 -9999 -9999 -9999 -9999 -9999 -9999
8.32955658227109 8 12 12.0554553149023 13.1454586612537 16.0485438872972 16.8522431158483 18.8728620200002 22.2110029305747 23.6379229015012 24.1471136499478 23.5897164199999 23.9814731799999 23.7480404278524 25.045868337872 26.5505190164034 29.2953082893208 32.22975922 36.2552175392298 38.5683325735055 39.92796008 40.6249403 39.3431249889956 36.5214891893928 33.6088595599999 30.1469742808412 27.8112096334338 27.3750597 27.0470898780153 28.1822312874795 27.9935100494643 27.6582201648111 -9999 -9999 -9999 -9999 -9999 -9999 -9999 -9999 -9999 -9999 -9999 -9999 -9999 -9999 -9999 -9999 -9999 -9999 -9999 -9999 -9999 -9999 -9999 -9999 -9999 -9999 -9999 -9999 -9999
11.5087767570049 11.4818434999997 14.7493153399395 12.8468993354046 15.2564672349113 19.6242001404931 19.0891060999998 20.3261527563912 23.41987817434 25.056605367711 24.7515416707138 24.1031847918132 24.73159258 25.3153763718306 25.9237578040672 28.2632371400349 31.4326044579312 34.0513070200001 38.0166946599999 39.9279600800001 40.99938848 41.435614707676 39.5269881743751 35.9412887471477 32.5374311599999 28.8634299594712 27.1629952451588 27.5591970046304 27.0874311933185 28.2330727512674 28.6843188892162 -9999 -9999 -9999 -9999 -9999 -9999 -9999 -9999 -9999 -9999 -9999 -9999 -9999 -9999 -9999 -9999 -9999 -9999 -9999 -9999 -9999 -9999 -9999 -9999 -9999 -9999 -9999 -9999 -9999 -9999
10.6674560392263 12.1490968183031 17.5235368925873 17.0845914559067 19.9529023085778 21.714020352662 22.0009133020793 23.6195360011653 25.085007572205 25.4907302676548 24.9587905891005 25.2746692429278 25.7054721186944 26.57081808 27.4391967980607 30.3732275399999 32.8289847296319 36.5220693136125 39.08812306 40.9993884800001 41.6055014633467 40.85775472 39.5792586501639 36.3013919165404 31.7817720781627 28.0984260802143 26.4382871814076 27.6517768169702 27.7969508753477 28.7136724799999 29 -9999 -9999 -9999 -9999 -9999 -9999 -9999 -9999 -9999 -9999 -9999 -9999 -9999 -9999 -9999 -9999 -9999 -9999 -9999 -9999 -9999 -9999 -9999 -9999 -9999 -9999 -9999 -9999 -9999 -9999
12.4123132322964 13.6156300929994 17.1607745 16.9056930851369 15.6560952200192 23.2279443116347 24.3608090384351 24.37445058 25.07168597007 25.0776046646342 25.4940820793383 26.49938968 27.4531966487467 28.48147198 29.55290038 31.7222795871406 33.9084502199997 38.01669466 40.025138603028 41.2315913800001 41.4426782936196 39.78632632 39.0890889157888 36.4134751 31.6450664799998 28.573539259901 28.3355735892111 28.7758863213804 28.105367295986 28.1520726412818 -9999 -9999 -9999 -9999 -9999 -9999 -9999 -9999 -9999 -9999 -9999 -9999 -9999 -9999 -9999 -9999 -9999 -9999 -9999 -9999 -9999 -9999 -9999 -9999 -9999 -9999 -9999 -9999 -9999 -9999 -9999
12.6457898276381 14.8072496548497 16.9842378741196 16.3000589183787 19.628011516174 25.7733457020544 25.8835800500034 25.8547634989657 25.9106539 25.9106539 25.9632551458734 26.66016418 27.73159258 29.534295167219 30.78510328 33.6637767492802 36.7696665393775 39.0073165686581 40.3060160223726 41.9313456865966 41.6699065844341 40.195213024535 38.1879215070088 35.5343388950529 32.181198828557 29.5903303399996 28.3097931787626 28.8206181016495 29.7181901253604 28.0985775925781 -9999 -9999 -9999 -9999 -9999 -9999 -9999 -9999 -9999 -9999 -9999 -9999 -9999 -9999 -9999 -9999 -9999 -9999 -9999 -9999 -9999 -9999 -9999 -9999 -9999 -9999 -9999 -9999 -9999 -9999 -9999
11.7645717246587 16.6964746080965 20.8940221699437 19.4738988922406 25.3844691209167 28.191608752128 28.6486541805144 27.5964233131571 26.5441924457999 26 26.5781869889146 27.64224648 28.71367488 30.5881242600001 33.5740941966879 35.8549504142986 39.0327691461169 42.7556297987519 41.1451150322267 42 41.69698022 40.2511036399999 38.10824684 35.44808506 32.8119844919171 30.013425540725 29.7053733532635 29.9785528460108 31.7153081813464 31.0521850425925 -9999 -9999 -9999 -9999 -9999 -9999 -9999 -9999 -9999 -9999 -9999 -9999 -9999 -9999 -9999 -9999 -9999 -9999 -9999 -9999 -9999 -9999 -9999 -9999 -9999 -9999 -9999 -9999 -9999 -9999 -9999
12.1470957537279 15.893438109452 20.9997325715364 18.5581514041692 25.666006484799 30.4507948147165 31.0698526179345 28.6790601199999 28.0535106999999 27.508521839981 27.0630073274056 28.4273497599999 29.8386139799999 32.4301439104913 34.7956911584384 37.9417586221221 42.0535106999999 41.9647761199999 41.3652662268261 43.0123926168578 42.7504909199999 41.6790625199999 40.16175754 37.4739144084067 34.2968069305541 31.7866978399995 30.3754312199999 31.6700884736712 31.2258559900125 31.9516678726068 -9999 -9999 -9999 -9999 -9999 -9999 -9999 -9999 -9999 -9999 -9999 -9999 -9999 -9999 -9999 -9999 -9999 -9999 -9999 -9999 -9999 -9999 -9999 -9999 -9999 -9999 -9999 -9999 -9999 -9999 -9999
15.0923490967732 18.0942804216029 21.3082242656676 17.965614736836 23.8708702925732 30.0685209353164 30.8597762384491 29.9222111384595 29.2634018630597 28.1549562584804 28.2066814045268 30.1129089414987 31.5731188985119 32.7784105985224 35.6233481400001 40.1380424756295 43.1227768814463 42.922351838564 42.2650914614255 43.2026565614152 43.6099001385954 42.6723350386058 41.2888933586163 38.2452898986266 35.859639738637 34.2619128586471 32.8931053199998 33.227057242663 33.0470594439632 -9999 -9999 -9999 -9999 -9999 -9999 -9999 -9999 -9999 -9999 -9999 -9999 -9999 -9999 -9999 -9999 -9999 -9999 -9999 -9999 -9999 -9999 -9999 -9999 -9999 -9999 -9999 -9999 -9999 -9999 -9999 -9999
17.8420961605452 20.08812786 17.6787298754986 23.3710413010799 29.5394887247425 30.1190376536231 32.5295987920687 32.2456751514636 31.10824204 29.48269262 28.5268727932792 28.9861664696161 30.5685981480937 32.6060419600002 35.451634701373 41.8675579951077 43.2040205626025 42.6246895876382 42.8350833039752 43 42.9404967633509 42.8771619529862 42.6416790893231 40.9491982169803 39.6698618980027 38.7993064016655 37.6611448199999 36.747403171008 37.3856340679645 -9999 -9999 -9999 -9999 -9999 -9999 -9999 -9999 -9999 -9999 -9999 -9999 -9999 -9999 -9999 -9999 -9999 -9999 -9999 -9999 -9999 -9999 -9999 -9999 -9999 -9999 -9999 -9999 -9999 -9999 -9999 -9999
22.6988218414309 23.8665013918089 24.4114685324106 32.0203802828881 36.1505221520858 35.4735719352504 34.9647737199999 33.5188947399998 31.3760379399999 29.7504885199999 29.2677958999999 30.4113349992691 31.1959174933944 32.6587921339422 35.2172466774431 38.5591963458447 39.74951028 40.8209386800001 41.8923670800001 42.7942233220394 42.69698022 42.37444818 43.23880784006 43.5355917999999 42.7891980346427 41.1242609580203 39.9999184706841 39.588342616652 39.9416921479772 -9999 -9999 -9999 -9999 -9999 -9999 -9999 -9999 -9999 -9999 -9999 -9999 -9999 -9999 -9999 -9999 -9999 -9999 -9999 -9999 -9999 -9999 -9999 -9999 -9999 -9999 -9999 -9999 -9999 -9999 -9999 -9999
33.3972674059083 33.9986282838885 36.3450957909344 36.6768803602261 36.6607757 36.4291819200001 35.460546006895 34.2510988399999 32.4107480097504 30.9856579861346 30.1395108171446 30.66016418 31.9797665608357 33.14224528 35.9471183835524 38.2300233634181 39.0114355032038 39.7495102800001 40.8752698547765 42.1530299562336 42.66613093827 43.0528967799999 44.2676974185261 45.175482419727 44.361470208717 43.242229737707 43.0176728999999 42.4870577356873 45.5425974412896 -9999 -9999 -9999 -9999 -9999 -9999 -9999 -9999 -9999 -9999 -9999 -9999 -9999 -9999 -9999 -9999 -9999 -9999 -9999 -9999 -9999 -9999 -9999 -9999 -9999 -9999 -9999 -9999 -9999 -9999 -9999 -9999
35.4122423644769 36.7042511604132 36.1888953648899 36.6634481008537 35.6551196457436 35.76840622 34.8755631236231 34.1479844233871 33.0444498859795 31.9795998846538 30.5801509823565 31.4734587888808 34.8968651331077 34.6990134784379 37.0805770745515 40.4705727915458 38.6035609590874 39.49938728 40.6652072998229 42.1902072509875 43.3029090691896 44.78510088 46.1430543857749 47.145703106479 46.6432247199998 46.2319580999999 46.5323875827103 46.972372548027 47.568616466656 47.9806564453579 -9999 -9999 -9999 -9999 -9999 -9999 -9999 -9999 -9999 -9999 -9999 -9999 -9999 -9999 -9999 -9999 -9999 -9999 -9999 -9999 -9999 -9999 -9999 -9999 -9999 -9999 -9999 -9999 -9999 -9999 -9999
33.4237091080015 34.0097476576427 33.562100839286 34.0358378000001 34.1960031800001 34.9158910042157 34.3609779858588 33.819484452498 32.62616094 31.5179189 30.6242657324319 32.6406567200001 39.8003033028729 36.3647345505534 38.9820297229861 44.1814510638876 41.8328602839613 40.57081568 41.7194556255776 43.3156991327792 44.78510088 46.2175580610148 49.2297496199997 51.1783212737937 50.0557737845627 49.1279917829195 50.401123977447 51.7313429799999 51.5067700379898 51.49709043904 -9999 -9999 -9999 -9999 -9999 -9999 -9999 -9999 -9999 -9999 -9999 -9999 -9999 -9999 -9999 -9999 -9999 -9999 -9999 -9999 -9999 -9999 -9999 -9999 -9999 -9999 -9999 -9999 -9999 -9999 -9999
31.930507867522 32.4223265145083 31.998147653077 31.9420977614314 32.518002820599 32.8929810000001 32.8929810000001 32.7257923733105 31.8015307912803 31 30.7371350672199 33.19416622 39.8447180842027 35.0032529211287 35.9628196400002 41.2887320546557 43.7569059102325 42.19575358 43.3386932290216 45.0414769378964 47.1312726069178 49.1301219151122 52.1972378971423 53.8206857791726 52.701912258797 52.1776688535337 54.0038664252631 55.0190686672934 54.2325720199999 54.0057923627078 -9999 -9999 -9999 -9999 -9999 -9999 -9999 -9999 -9999 -9999 -9999 -9999 -9999 -9999 -9999 -9999 -9999 -9999 -9999 -9999 -9999 -9999 -9999 -9999 -9999 -9999 -9999 -9999 -9999 -9999 -9999
31.3279737209556 31.3750621000001 31.3685703076373 31.0332818780665 31.47515551623 32 31.8106299551774 31.3750621000001 31.2078297934154 30.6767150122883 30.742985402008 32.4029718710869 34.9543494775973 33.2159728191769 34.7018094808066 37.2465184665102 40.1749383433587 43.1441881820826 44.8851927963789 46.6551894786495 48.7954081049717 51.37383426 53.4052772928712 54.5043240957215 54.0362045199999 54.2850996800001 56.5453166907497 57.2498757999999 56.3754288199998 56.0135244327222 -9999 -9999 -9999 -9999 -9999 -9999 -9999 -9999 -9999 -9999 -9999 -9999 -9999 -9999 -9999 -9999 -9999 -9999 -9999 -9999 -9999 -9999 -9999 -9999 -9999 -9999 -9999 -9999 -9999 -9999 -9999
30.3036337 30.3036337 29.6072674000001 29.7308542848717 31.0486316069413 31.3036337 31.2116259543045 31 31.3104950955504 31.1790589199999 31.2851020799999 31.8968143925809 33.241048998042 33.6963663 34.8363279807121 37.5504329699108 39.7414881389323 42.4811028600001 44.8470238635592 47.9279576800001 49.60542564 52.1845095663517 54.0668634285424 55.9100375799999 56.6239473910341 57.44562698 58.961326246474 59.3927325999999 57.9093502119912 57.5106282513683 -9999 -9999 -9999 -9999 -9999 -9999 -9999 -9999 -9999 -9999 -9999 -9999 -9999 -9999 -9999 -9999 -9999 -9999 -9999 -9999 -9999 -9999 -9999 -9999 -9999 -9999 -9999 -9999 -9999 -9999 -9999
30 29.273758210961 29.7677947 29.809005094124 30.4781535597751 31.589978223163 31 31 31.7882224976854 32.6476731846348 32.6722969684156 33.2746652585338 33.8753487490333 35.2331105048657 36.41003878 38.6469827936682 40.8024070599998 42.8771339197693 44.5176796328198 47.8194259482597 50.67685404 53.4297422080286 55.8732191399998 58.4500784019275 59.4400911111228 60.7026198958267 61.4732632172239 61.5355893999999 58.4439039266499 58 -9999 -9999 -9999 -9999 -9999 -9999 -9999 -9999 -9999 -9999 -9999 -9999 -9999 -9999 -9999 -9999 -9999 -9999 -9999 -9999 -9999 -9999 -9999 -9999 -9999 -9999 -9999 -9999 -9999 -9999 -9999
28.5322797327758 29.7570871106645 29.1753026601642 30.0744701234403 30.7563103998511 30.673036569977 31.8392230999999 31.8392230999999 32.7309810599999 33.8392230999999 33.8392230999999 35.0534123096485 36.2924155929244 36.7758837475987 38.4475305994766 39.7763992772472 41.8593117139711 43.08873458 44.3460764674192 46.8555510400004 50.324137439133 54.063141922409 57.5510427656848 61.1471904489609 62.5176692999998 63.2839698444869 63.6784461999999 63.0045344579347 60.0752912853411 59.0367206427655 -9999 -9999 -9999 -9999 -9999 -9999 -9999 -9999 -9999 -9999 -9999 -9999 -9999 -9999 -9999 -9999 -9999 -9999 -9999 -9999 -9999 -9999 -9999 -9999 -9999 -9999 -9999 -9999 -9999 -9999 -9999
29.9580687651345 29.9903289505255 29.01730858 30.0079285160575 30.2208928070902 31.3738390599999 32.9106515 32.9106515 33.80240946 34.9106515 36.5190508634816 37.7605753584734 38.55289558 39.5525752599685 40.6845346204289 41.7671807799999 42.9437175787761 44.8292313016211 45.3768301179814 48.3051781024161 51.1227306200001 55.03399604 58.6941578199999 62.9336509959944 64.8213029999999 65.4814647800001 65.8213029999999 65.0182844199999 62.1979620599999 61.0444527127799 -9999 -9999 -9999 -9999 -9999 -9999 -9999 -9999 -9999 -9999 -9999 -9999 -9999 -9999 -9999 -9999 -9999 -9999 -9999 -9999 -9999 -9999 -9999 -9999 -9999 -9999 -9999 -9999 -9999 -9999 -9999
30.2488466033426 30 29.9823900714844 30.0871468044448 31.14224528 32.4452674599999 33.9820799 34.3498202881613 35.4180289759094 37.506191440059 38.9599702121534 40.9270818156339 42.6599121799999 42.9427098162636 43.8206890799999 44.8921174799999 44.0166922599998 46.0692243474529 47.2873558966178 49.4452626600002 52.4917486552405 56.7197663088304 60.2034726470985 65.0333797199999 67.542343018957 68.60640148 70.3831997216306 68.5301241065106 65.3228987599998 63.5782771741915 -9999 -9999 -9999 -9999 -9999 -9999 -9999 -9999 -9999 -9999 -9999 -9999 -9999 -9999 -9999 -9999 -9999 -9999 -9999 -9999 -9999 -9999 -9999 -9999 -9999 -9999 -9999 -9999 -9999 -9999 -9999
32.5304516881794 31.1134198391289 31.1070165999999 31.2005017449469 32.3206902799999 33.6113202705414 35.41003878 36.1070165999999 37.4446535399999 41.17624612 43.1070165999999 43.7671807799999 44.1853091504966 45.0170541799999 45.9949019804802 46.1070165999999 46.121544707186 47.0352262800001 48.2839577575655 50.9550896979235 54.8879791865884 58.5713371055499 63.3841156956109 68.8005580999998 73.0117354623169 74.3381897691452 74.3354119531712 73.4750630609154 70.7377809026795 73.3308366448303 -9999 -9999 -9999 -9999 -9999 -9999 -9999 -9999 -9999 -9999 -9999 -9999 -9999 -9999 -9999 -9999 -9999 -9999 -9999 -9999 -9999 -9999 -9999 -9999 -9999 -9999 -9999 -9999 -9999 -9999 -9999
