rodentData/variables/Bio15.asc
NCOLS 409 
NROWS 350 
XLLCORNER 60.897278365 
YLLCORNER 5.843756025 
CELLSIZE 0.0892857 
NODATA_value -9999 
[rows 125 to 149 of 350, columns 56 to 111 of 409]
113.386314006958 116.315413541538 115.425410077723 106.749828641691 99.69188069943 99.6928986569275 102.127556161448 105.951980527224 110.330050488818 117.677446049834 125.751442722671 131.251158125422 126.462177329346 123.866780356734 124.566543902726 124.407900307082 125.81197212777 125.864311580625 126.367485274526 129.814036611654 129.635958775594 132.428410339181 133.66937708464 134.04777070303 134.839776654435 136.237923921838 138.688395754871 140.833148692363 142.573376023303 145.409612865451 147.810449537756 152.10046145879 156.342653923913 159.100103394172 159.857726766262 160.680274081617 160.309348477043 160.176996562338 158.570657770453 156.865062487355 155.077655155706 153.073936595069 150.968157667692 148.937569021398 148.318043207906 148.162256435341 147.694941078395 147.709764927911 147.740101495558 147.817357061636 147.997703147067 147.905422938379 147.965907190332 147.678223749963 148.327607526641 148.86157762528
110.840140660621 112.995316023207 108.266576559583 110.665807807453 96.955420545425 97.819972327331 100.262499149753 104.119070464148 108.894699424788 116.116706774327 124.139922926024 130.570889340042 131.477865420884 131.243600283853 126.572509740357 126.454769361467 125.552258148116 126.762710230907 128.551767037095 131.79000213513 131.792239859146 134.151051808847 135.270675819965 134.651205317281 135.645123393935 137.796800206232 139.255932556813 141.356627436531 143.336827944048 145.693144706901 148.644753301639 152.77666271507 155.390675636092 159.21685796148 161.726483790648 161.921146559193 162.009264494109 160.953081227901 158.495432574199 156.654724251764 155.43128748203 152.739299283144 149.826366043003 148.158280655268 147.750603920141 147.623746889535 147.026659482607 147.092631902156 146.532783292425 146.712019726552 147.574417732872 147.888718686383 148.050332936244 148.778144673937 149.465338791028 149.74248061085
110.06851859635 111.530452503681 111.218885059299 97.0587559728472 92.7852563780235 95.4561445610911 99.8530584579512 104.024798025986 108.572439954732 115.725850303427 122.589190213691 128.716442165748 133.694969461008 131.31780972924 128.628717233763 129.635786107886 129.942023691997 131.287316065181 129.125774431716 130.820190350538 132.201900664243 134.339012741449 135.847004303405 135.826482983407 137.306703701262 138.422392762991 139.484163425175 139.681419348706 143.504361417219 146.253284865035 149.056303519131 152.939014228227 156.901383130906 159.544893636821 161.337147187472 163.174660522583 162.487258078871 160.56106862324 157.529479546236 155.682953559567 152.910522910352 150.26949393145 149.730416256216 146.95589676927 145.88022898758 146.567964837926 145.225572060546 145.749144065542 145.857639145726 146.397759509805 146.98688838072 147.496997742113 148.752052878636 150.292929465998 150.672371907795 151.153493378616
114.695827510327 103.363778018943 107.277377560979 90.5892521898851 87.4407222488282 87.7731087136909 93.2065306959467 99.0352008314167 106.125264143012 114.530821625258 121.644543086582 125.875509881488 131.384510764014 132.319308824026 132.056910583048 128.043614621916 129.152621319852 134.184967786058 132.028970947623 131.937336304861 135.491613922876 137.764660002229 137.338957699418 137.403518721394 138.001346888564 139.041541083555 140.968202763475 141.563877673104 142.064901888149 144.663022966497 149.419711844084 153.398017075679 156.947238541364 160.118043513672 161.496265668191 163.673981220563 163.403078838385 160.798565762745 158.951470499716 156.22656759415 153.063362617308 149.746842604196 147.167491970758 145.812968400098 145.400407452386 145.313434820593 145.236852837855 145.788315766245 146.144132972287 146.319830485274 147.501201810633 148.381412392407 149.480488314052 149.953469452096 150.884913419898 151.836942957587
98.8469753929054 99.9554573862795 95.2403170517191 88.9249775748365 86.1815043105347 87.7711689309206 89.3121245758902 93.8792512079343 103.55663796608 112.726647582699 121.247288468487 126.575971658071 132.285498493375 136.32086552023 131.460808822072 129.547980580556 130.288708829787 135.181640099519 135.620050290273 134.252317207673 136.497756149154 138.383274463252 138.448235241418 138.653948734667 140.549795776886 140.461776771969 140.106879846172 141.161996242888 141.656216002155 142.950883451638 145.066585716939 150.653009372565 155.023356801497 158.339581449816 162.323964418281 164.551006330572 163.60403849869 161.544378439566 159.622163992054 156.620311777973 153.10850345652 149.747020508163 146.65861468427 143.948228646255 143.276656884162 144.294272472738 145.730448022235 145.903944199866 146.582617597968 147.30339878103 148.287534286573 148.522396713332 148.921977845363 150.120159895732 151.595667281352 152.66902593608
90.1543960480547 90.7815260806437 87.8084283541838 -9999 -9999 88.3366021665968 92.3515440935627 98.5395008817062 101.499479765262 111.306698155029 120.217090447255 128.382039149601 132.908080061255 132.102096431341 131.060745494652 133.309848278639 134.940934438101 137.946508328283 140.013090449808 138.060700450006 138.508711717234 139.147208681383 139.950768598277 140.494822870972 139.908763480571 139.954673401163 140.292865464249 141.416689202477 141.794422211889 143.607805510492 145.412406737481 147.318383887072 152.422891178904 157.182642239226 161.546250024034 163.109731560272 162.560891194031 161.505400181331 159.025273716311 156.358196372144 152.99842102135 149.480094833443 146.456332608657 144.196655798005 143.177822492145 143.974768374118 143.903329261588 145.460880271253 146.115046426585 146.948690234022 147.682820198262 148.806615548799 150.152849680696 151.188647675914 152.747326738966 153.639532370519
-9999 -9999 -9999 -9999 -9999 -9999 -9999 -9999 102.986563525423 111.419291807561 121.795919986095 130.891847488498 133.170938369717 132.925820347794 134.626084961167 138.284696079877 138.886376127517 140.367828375675 140.84546405808 140.625323985821 140.256432554581 140.141277200423 141.270386058368 140.794972235243 140.35289085579 140.43650832926 140.257820612053 141.518685130497 143.269085305921 143.696408578191 144.622903038773 147.534936329524 152.357559393917 156.041309062068 159.768953215353 160.840938961485 160.989559468236 160.004298369027 159.36354726164 156.839383915877 153.554183475364 150.590685250082 147.516924875761 144.80422302121 144.277651832478 144.425836176948 145.550309194647 146.610302093345 147.286897543586 147.614734136415 148.357357898237 149.536010567794 150.943932408814 152.230597130262 153.462798996033 154.247296799176
-9999 -9999 -9999 -9999 -9999 -9999 -9999 -9999 -9999 110.771329777887 121.636552675726 130.786399963335 133.153023344534 134.630936092794 137.157902319678 140.04693377989 142.811148349375 143.043027280591 143.157488934439 143.508830010601 143.654650973417 142.972319199671 143.10892610981 141.923191536788 141.242128701839 141.127131517877 140.779455465487 140.90364406775 141.710299030679 143.267090858128 144.604397455889 147.556139388616 151.165669898372 154.239414622231 157.117366341734 158.968302758541 159.424112095118 158.947069007019 158.833366797122 156.64630200363 153.616505669241 151.355901602302 148.085601814092 147.044791953487 145.943071538459 145.74466679188 146.465973922448 147.041733090988 147.976641935714 149.028608562401 149.898163899973 150.904874120385 152.055561301885 152.733996238132 153.958934380489 154.621678593514
-9999 -9999 -9999 -9999 -9999 -9999 -9999 -9999 -9999 117.47790295915 123.404667611776 131.338801208304 134.297576080102 137.129467522571 139.87206292015 142.095865628479 144.111071932087 145.44978500229 145.949748399158 146.337265113165 146.686450558246 145.532442570532 144.775847738228 143.12525136768 142.678965429518 142.06820801683 140.03971139316 140.953644413579 141.710239895962 143.079972761417 145.641566169322 147.815324186629 150.310488938881 152.554553674374 154.305722986675 156.558331407539 157.252913392201 157.30313466794 157.609678435451 155.928584456856 153.547594492701 151.049586918243 149.513507956419 149.060434136264 147.639211082839 147.06476685006 147.824195848723 148.442778378286 149.842549866659 150.695813470648 151.340816034058 152.053772782761 153.150145628755 153.854469299779 154.440510263408 155.112708080102
-9999 -9999 -9999 -9999 -9999 -9999 -9999 -9999 -9999 120.925448393435 126.248298253385 132.828057959379 136.13763139535 139.477425800521 141.856688506842 143.231055460593 144.696096961168 147.256625502782 148.451657540721 149.396639532163 149.597128757658 148.813260346101 146.836473413043 145.005348749313 144.124201887848 142.818155071067 140.823836426755 140.874918865797 141.396489165768 142.472217496916 144.962427002548 147.540907312633 149.392893576631 151.028893299235 152.585056496739 154.036013443993 154.252224331637 154.895303416041 155.834131783171 154.670378385342 153.094405451691 151.907883352693 150.969945277805 150.195561367882 149.954464543221 149.493723109106 149.490691079238 149.676859815798 151.173870959444 151.876188543549 152.268649566547 153.118256209141 154.189742890908 154.739848995343 155.222548350489 155.90638066105
-9999 -9999 -9999 -9999 -9999 -9999 -9999 -9999 -9999 121.057426863717 127.191043985029 132.00139556618 135.515206787474 139.123983899674 140.758778727659 142.993950458923 145.784293396662 148.30396102917 149.782235785831 151.023571518734 151.273385648922 150.799271987887 149.32093862355 147.445407390804 145.674216855438 144.150527102015 141.9217184127 140.329121673471 141.25248532392 143.301096679154 144.72666939364 146.446448835133 148.392842908424 149.761803027216 150.973617651913 151.447856215146 152.018212444437 152.785386021888 153.748769074295 153.55552712211 152.737979973995 152.733110958169 151.995922074577 151.899271081979 151.504422794767 151.660735829435 151.232614238634 151.545082091409 152.012170759232 153.02311286742 153.400261116496 154.076621707202 154.940334467837 155.377652089921 155.893925864492 156.435790502455
-9999 -9999 -9999 -9999 -9999 -9999 -9999 -9999 121.213336584254 123.024723035994 126.311399012751 128.875510902763 133.470378720318 137.545743813073 139.129714941724 142.964890156444 145.144385388839 147.882102256053 150.456954062477 152.288472309808 152.975649535269 152.253760771171 151.612505071102 149.670533089807 147.577946168024 145.586366544422 141.962553299791 141.196563522126 142.693548202242 144.606896233536 146.155647845042 147.140907437517 148.616000587553 148.916369606929 148.939030966724 149.384589213818 150.102164577066 150.838807637178 152.663885520408 153.828947392013 153.634360914699 152.978227198227 152.998943896867 152.714481268671 152.507139620382 153.155074557046 153.314077062357 153.570027370992 153.661188534073 154.460820695771 154.524634797474 154.956544191655 155.662494141227 156.14641342815 156.689030941611 157.177243162866
-9999 -9999 -9999 -9999 -9999 -9999 -9999 -9999 -9999 123.989557855832 125.835324648623 127.840625825846 132.972766994854 135.100664480266 138.263884710626 141.70232904561 142.120819678814 144.803112015918 152.032356953883 154.561428480565 155.683256659052 156.179693556068 156.302453630883 152.899389880054 149.49912150994 146.578238633259 143.661793106159 143.786144746029 145.730442439 147.427139992992 147.236548230698 147.956620023802 148.067765696706 147.93192205885 147.762859718785 148.572897383739 149.493464801378 150.790710979584 153.024444619926 153.980101094998 154.227984083404 154.173612543207 154.415717073707 153.881259638334 153.554826711592 154.636445706035 154.756185867184 155.081965901702 155.214349311532 155.824629858871 155.560211155265 155.490474467703 156.333468453798 156.308962055293 157.00943733053 157.396452525566
-9999 -9999 -9999 -9999 -9999 -9999 -9999 -9999 -9999 -9999 -9999 -9999 -9999 -9999 138.984033549213 142.139518996852 144.718168822621 147.421069118083 154.486275716134 157.720818083267 159.067288035077 159.279669139921 159.782116212202 156.209063829101 152.447817949737 149.202909027149 147.378582896382 146.921475968489 148.106397120162 149.446207179924 148.12280924793 147.52326656545 147.534060458629 147.814602139941 148.074592373164 148.970072026574 149.755614281172 151.277073258815 153.068079812483 153.735468655381 154.041751766927 154.485839378183 155.749608449306 155.063811497232 155.161714221461 156.033235480824 156.062742678619 155.946678449999 156.359158904826 156.956655703593 157.091993859635 156.61223858801 157.179979700199 157.497621593862 157.665447092634 158.22262918921
-9999 -9999 -9999 -9999 -9999 -9999 -9999 -9999 -9999 -9999 -9999 -9999 -9999 -9999 -9999 142.415953284188 145.789967372002 152.008761395824 157.018864501315 160.940793764813 162.325120077308 162.787188101604 162.550634381563 159.454577156237 156.263051829752 153.631250840729 151.343473841516 150.596348701831 150.967559186418 150.30333605501 149.157056602136 149.597843176799 149.95726352256 149.438456673831 148.622780629149 150.04358136051 151.305273100019 151.660473759125 152.053129971137 153.348747573998 155.021722009702 155.268405341453 156.067805926355 156.639567029154 157.326314148133 157.429715010249 157.037442171188 157.031838422278 157.639298530032 158.149661561362 157.97256907264 157.79048431756 158.332871464813 158.608286195114 158.863813445853 158.728440600213
-9999 -9999 -9999 -9999 -9999 -9999 -9999 -9999 -9999 -9999 -9999 -9999 -9999 -9999 -9999 152.812671563 153.595693893435 159.314669914105 162.385258080796 164.620043438479 165.026746021562 165.199502216704 165.627002612238 162.474886880154 159.464819960015 157.437805388181 155.210661156802 154.226390197834 153.504425688839 152.050298804049 150.774115216312 151.798477455825 152.273566800113 151.031232697025 150.926325611106 151.393974221878 151.920615652445 152.840432179824 153.114913503014 154.075832958829 155.354741431889 156.191291952614 157.368894162305 157.589458429569 158.548711000622 158.080569816047 157.625737185562 158.28062169514 158.4556249621 159.396870513452 158.817901399712 158.276222422097 158.951313176179 159.454682487697 159.354877203671 158.598117897975
-9999 -9999 -9999 -9999 -9999 -9999 -9999 -9999 -9999 -9999 -9999 -9999 -9999 -9999 -9999 -9999 156.366504003503 159.250107812141 163.900864898767 166.234987718411 168.155478349588 169.847259517992 169.203829049845 166.483846215896 163.584698589089 161.291299560132 158.946118410208 157.022731459141 155.870246007785 154.087917158622 154.405054564474 153.396544270749 152.245070267198 151.642973032269 153.035925738827 152.641648555783 153.894765857409 154.858919550093 155.983616555298 156.730996529072 157.885238146058 158.406688229591 158.726079586834 160.046818534045 159.613719955105 159.327335462629 158.819146262943 159.628812383842 159.72949979397 159.681971012157 159.530836884539 159.298936304073 159.69255574975 160.468996527646 161.024638169117 160.060886220692
-9999 -9999 -9999 -9999 -9999 -9999 -9999 -9999 -9999 -9999 -9999 -9999 -9999 -9999 -9999 -9999 158.347462135946 163.548752474483 162.770310009291 168.066169584865 169.946631681579 172.551593810374 170.759498213928 168.659296458765 166.491344674647 163.900589451692 161.491115135326 160.111663464164 158.088455523512 157.271345180688 155.997658557637 155.326806949945 154.389680029283 154.532493853655 154.904390288749 155.030274758077 156.197251717967 156.967429975129 157.524499597156 158.823156137938 159.807646019363 160.800529361255 161.543638810964 161.562180641055 161.707433272881 160.665588977761 160.633104625484 160.814306373833 160.409730283085 160.73214554035 160.361070540812 160.282937215178 161.004030799387 160.997368166724 161.061240320962 160.367120931555
-9999 -9999 -9999 -9999 -9999 -9999 -9999 -9999 -9999 -9999 -9999 -9999 -9999 -9999 -9999 -9999 160.779118260177 163.949493031621 166.932255395374 171.255827358726 172.13448876122 172.887381318147 171.789653392182 170.298486700263 167.987587163299 165.637372348446 164.147852637313 161.883749866483 159.572467469028 158.124757674436 157.063369057787 157.370472225873 155.978236472486 155.698984648389 156.287897651329 156.544407206372 157.348935843314 157.824603276238 158.848910730391 160.252600168197 161.371991968256 162.259329478215 162.084822763892 161.372909500117 161.295422483238 161.498870563139 161.301079276064 160.649676353841 160.572022167304 161.258958285674 161.52801733246 160.869642912854 160.923205275854 161.432797058182 160.699075374722 159.665850444559
-9999 -9999 -9999 -9999 -9999 -9999 -9999 -9999 -9999 -9999 -9999 -9999 -9999 -9999 -9999 -9999 -9999 166.670684998912 170.931944623685 172.865598148258 173.722352063517 173.098227811058 172.719337337752 171.817701878224 169.419761117087 167.188187138157 165.624937757103 162.693561444345 161.075269573733 159.481262570629 157.671132725198 157.539175253373 156.46930176538 156.314199674051 156.953912286195 157.768151162373 158.264539788616 158.710933537746 159.861206004581 161.042214780048 162.228977575906 162.772161076148 163.801189448886 162.684440185391 161.849684256851 161.754964345372 161.67971683902 161.331471593432 161.216199650705 161.897086284136 161.581638796337 161.066876321938 160.785343236476 160.686049859559 160.377857568109 159.835387758986
-9999 -9999 -9999 -9999 -9999 -9999 -9999 -9999 -9999 -9999 -9999 -9999 -9999 -9999 -9999 -9999 166.628421580907 168.345095769306 170.631310355598 172.793874690372 171.84041941836 171.895007476488 172.619323613321 171.347154585031 169.642652137913 167.82941771999 165.356946463834 162.389929631281 160.4991246968 159.329633839707 157.801703449952 158.49718496822 156.80763408005 157.259228699795 157.665709761306 157.719756165301 158.241686440682 158.953306415014 159.971083715725 161.175164959657 162.417508888902 163.761741338606 164.171927735841 163.930440791792 163.112519456923 161.736151362847 162.418747235945 162.464397697746 161.628834414156 161.42721950213 160.977266574971 160.36115818459 160.301275243479 160.310307439157 160.477007200522 159.87988059781
-9999 -9999 -9999 -9999 -9999 -9999 -9999 -9999 -9999 -9999 -9999 -9999 -9999 -9999 -9999 -9999 -9999 168.951489099441 171.111381952217 173.949852726581 172.265300121993 171.854650206611 171.478156282277 170.751587420988 169.64667368103 167.782239356738 164.928148553421 161.352040327347 159.808858678714 159.348938611592 159.239103572985 158.885169098819 158.75679960166 158.663354072663 158.881154994916 158.902348136927 158.95127342622 159.743171862661 161.018765779414 162.28649725124 163.296543623361 164.61861353551 164.947102244602 165.114518985437 164.761084255716 163.324376661073 162.644031864715 162.578324426222 161.760201311315 161.581393307162 161.038031216702 160.333143112903 160.090649700464 160.026185355577 159.844094373121 159.128383888241
-9999 -9999 -9999 -9999 -9999 -9999 -9999 -9999 -9999 -9999 -9999 -9999 -9999 -9999 -9999 -9999 -9999 -9999 172.837499072128 173.625055792603 173.188544145306 172.669634657722 171.338214080096 170.493941567844 168.309996984134 166.319234868543 163.925754934303 162.258144501077 160.493501690036 160.628880120885 159.37590160553 158.400179464536 158.786874254202 158.934654349711 159.033433721714 159.89891215864 160.02383426592 160.440300274824 161.150805143778 162.184018285841 163.084305344261 164.339082704729 165.271344068088 165.344292418744 164.644525260288 163.440335649862 162.740916292975 161.559350604192 161.065043821333 160.868162409574 160.417132297709 159.46682931853 159.543966582257 159.72644175589 159.540293747579 158.831386259134
-9999 -9999 -9999 -9999 -9999 -9999 -9999 -9999 -9999 -9999 -9999 -9999 -9999 -9999 -9999 -9999 -9999 -9999 -9999 173.114994393948 -9999 172.463459036529 169.712257128026 169.720294029682 166.0111377309 166.011446677928 163.465649894973 162.807164676243 160.788004808236 160.79002316562 159.478691471718 158.343831338962 159.306016224826 159.414293117037 159.883437613654 160.846686834985 161.140393407505 161.163425257701 161.057455864104 161.767438754447 162.665574609486 163.670867298295 164.262298039729 164.493372872017 162.99315273242 162.280394601922 161.725887103774 160.627893763503 160.883835111555 160.841346956333 159.955793003036 158.771755513984 158.994665198454 159.249733328053 158.966044212302 158.163881838393
-9999 -9999 -9999 -9999 -9999 -9999 -9999 -9999 -9999 -9999 -9999 -9999 -9999 -9999 -9999 -9999 -9999 -9999 -9999 -9999 -9999 -9999 -9999 -9999 -9999 165.816942247144 164.125756611857 163.182273489074 160.782918572088 160.91602281762 160.319612350193 159.896311428253 160.474489102526 160.622262322983 160.747948059995 161.597085436311 161.929034918106 161.906172629877 161.692900411023 161.766619088165 161.985491780724 162.414773461562 162.26550426654 162.395232525641 161.101887665615 160.93485501189 159.891673721997 159.552388432166 159.877256414161 160.204335572378 159.349268558504 158.648589661279 158.707451141257 158.58966112519 158.437361332912 157.757096724774
