rodentData/variables/Bio17.asc
NCOLS 409 
NROWS 350 
XLLCORNER 60.897278365 
YLLCORNER 5.843756025 
CELLSIZE 0.0892857 
NODATA_value -9999 
[rows 162 to 188 of 350, columns 244 to 304 of 409]
16.94527106 18.1682439059037 17.8341520451025 17.6222833722186 16.017877652884 16.432596397184 18.0263761163063 19.6021784099319 21.60602276 22 22.4560056034221 23 23 23.1601533799999 24.2398711571824 25.1818766259056 25.8923358800001 26.3029436251012 26.0172782187911 26.8936222361077 27.5178973000001 28.6283614871146 29.0645379852357 28.618720441879 28.0638305663757 26.0268379908724 25.4323505092621 24.4707501398658 24.1557289356378 24.3967649888591 23.6479556267116 22.7690879378523 22.7500073376509 23.5887213800001 24 24.3526958158391 24.8979776396642 25.3902674144972 24.9903048106708 25.5077308938259 26.9642053999999 26.8097892743616 25.8800669073159 25.9420337481875 26.8194844636908 26.2869864808058 25.9814837906051 26.5739973404015 27.3182588342959 28.9452542599999 29.8692331832892 30.417071672214 30.4482459845651 31.0083352567794 31.57082048 32.5650419742273 33.1116427302694 33.628181254766 34.1581224007372 35.1588720562405 36.249386028256
16.0997280682043 17.2890562601642 18.2392041724557 16.6030654167354 15 15.3258782500141 16.8031626583253 18.5046809283393 21.3879441049678 22 22.9458681800001 22.4560430949537 23 23.0715035033998 23.5746566174234 24.4707357382467 25.5134428818603 25.0006019200001 24.6774251992838 25.1557846584606 25.3394067000003 25.6660346768143 25.4273570640096 25.8234349848327 25.3693716743445 23.3489795664792 23.7646033473023 22.3578203518746 22.0211241889489 22.614193129772 23.2072620705951 23.5535310999999 23.5535310999999 23.8163768869351 24.3654134338881 24.8801580052886 24.5555108844655 26.679365816358 26.577701417181 27.1320742219956 28.4553123423447 27.3034661793017 26.5535310999999 26.8565364799999 27.3863580621204 26.6134650341121 26.51729058 27.3258742645902 28.2136784799999 30.0166826599999 31.8010230670599 31.6230365721167 32.4993920799999 31.5803906895298 33.1466719296469 33.4648852088237 33.3597583119996 34.6888125071773 35.2072594136459 35.7525936255308 36.8036232752923
15 15.3409259685287 15.9846909676405 15.1369925447901 14.69833066194 15.58872618 16.6601545800001 17.7315829799999 20.7101959294609 21.921529947689 22.3547388751614 22.0064869180115 22.4304900191384 23 22.9421233131242 23.1667322694126 24.2187008154752 24.2078223248873 24 23.2641429616264 22.7500810000001 23.2072892334866 23.3750405000001 23.7029899322141 22.8042152200001 21.39233468 22.3417659392356 21.9399368963853 21.8565388799999 22.7385996893151 23.1404287321653 23.3750405000001 23.6983276621344 24 24.66014978 25 25.2006866014669 26.7802510442334 27.591126305033 28.0172917800001 28.9334526786654 28.2499189999998 28.3946452336321 28.7991516984356 28.6249594999999 27.7332351399996 27.4655357422314 28.4707124606186 29.697672256531 31.255865326319 33.23096786 33.2970118679804 33.6046551748696 33.2628874354397 34 33.9399386965797 33.798659192541 34.7537696817586 35.9993908799999 36.3463151948211 37.03457636
14.3036121 14.5146263942599 14.7392438322639 14.478738802425 15.21368568 16.2851140799999 16.8968188183584 17.7315829799999 19.2906193228114 21.6995625441416 22 22.0120451290234 22.7233258775003 22.888471124024 22.2333010694525 22.0919975570712 22.9388051764053 23.6895036301185 23.3036121 22.5361446568344 22 22.2221167162131 22.3036121 21.6946644892603 21.3200479042161 21.01729418 21.9382146688312 21.6381937139355 23.6243551799999 24.181764848402 23.6963879 23.6963879 23.853444307973 24.4099784455033 24.8968173610203 25.509462192456 25.9401904140676 26.87443498 27.94586338 28.0534171390847 31.027380040162 30.2812502666857 29.7666974732094 29.9080039002669 29.6963879 29.4256495944391 29.7635099593039 30.3927757999999 31.7130705599999 32.6148910588749 34.3023962600001 34.0874436319222 34 34.0120401150306 34.6963879 34.8079117619831 35.3927757999999 35.787774151064 36.8100697975877 36.8646315758887 37.7309642599999
14.7678162999999 15.07082888 15.39337532 14.8713399023651 15.5172977800001 16.58872618 17 17.1698616431535 18.6517603066495 20.9519102235479 22.6846897125107 22.7718322839417 23 22.8398466200001 22 22 22.4613771149273 23.1286606548758 22.6028121753213 22.0954916344817 22 22 21.3834366161097 21.0291535936933 21 21.7851104799999 22.815339006204 23.5379687741899 24.4659644118763 23.8593225575326 24.7678162999999 24.4254742078833 24.3971859819196 24.9045078082775 25.5068737615254 25.9376768286716 27.2331230822622 27.7386621490657 27.9874303592629 28.8104295989202 31.279705120686 31.7306324101458 31.3578240200511 31.0004687697516 31.5356325999998 31.5356325999998 32.0529231799998 32.9876606289632 34.1168717412335 33.9739167914307 35.37382466 35.5647873081749 35.5356325999998 35.526371844438 35.0681189575838 35.9279624799999 36.7678162999999 37.0708192799999 37.8547531632045 37.5541402200001 38.03457636
16.0336004956688 16.7272002782016 16.7790513279277 16.3042958859426 16.35654248 16.9338855536837 17.5540312324457 17.8392446999999 18.7713444152953 20.7488795600002 22.0979215030365 22.1462392369069 21.3215106000001 21.4301729707042 22 22.2542996876111 22.8994376862594 23 22.9168420259994 22.8392446999999 22.8392446999999 22.8392446999999 22.7101567505173 21.2107555267061 21 22.0463222778116 24.8416719350353 26.543479218835 26.7983859418827 26.7850483663046 26.4677318591062 26.6976800343171 25.7616469881877 25.3451634020582 25.66014978 26.6139731102006 27.7713388436698 28 29.587621657178 30.6840488905628 31.1631781208481 32.8392446999999 32.8020174731069 32.7271991207634 33.1534862653659 34.426864342991 35.00600262475 35.2672083799999 35.784611590116 35.7216400160133 35.9366637557143 36.7338629082723 36.0454358855982 36.0117306610626 36.7672071799999 37.5698319144194 37 37.30300298 38 38 38.51728818
16.9313597968884 16.7240545944323 16.0893269 16.0494987704797 16.5172977800001 17 18.2613395978479 18.9106731 19.7136844799999 20.8632238747842 21.0844914723281 21.98270342 21 21.0143060049599 21.5111174949923 22.9377400600478 23 23 23 23.5361349097762 25.1130387644647 25.0657885453115 24.8213461999999 23.0724714399998 21.9599716779434 22.9153076064623 23.2753016930316 24.8513614576988 27.9313593681193 28.2218075430102 28.1169358328291 26.6036346192488 26 26.4835440683218 26.880315333383 27.64225128 27.982403188471 29.5926488279701 32.574445296441 33.7950079355888 37.2289717345871 35.7320192999999 35.5211283737347 34.8213461999999 35.19577998 36.7130705600002 37.3040556199999 37.41006518 38.4225246610014 38.7320192999999 38.0007449940863 37.8994565516304 36.96481212 37.83863558 38.8292710842622 38.8963677381937 38.61045745935 38.21367608 38.9106731 39.3167056080178 39.3964735190521
17 16.9945765293368 16.9821014999999 16.5442125130978 16.0092588543154 16.5960873644673 18.3203091600002 19 19.80301138 20.0156511604024 20.9468370583803 22.9478179228371 21.0871369359456 21.9821014999999 21.9903914329786 22.3154852522934 23 23 23 22.4323507651528 23.3561013600003 26.8966483449444 25.5803955286857 24.1099115025539 22.1072995186633 23.0169846401192 24.1579586589019 26.60480692 29.7367685435328 29.28510928 29.6009634740323 28.5183384199998 27.9642029999998 27.9747402296198 28.6304355891625 28.9772971520546 29.7707354667276 31.7130729599999 32.9439254514139 38.97967462 42.9073315837161 43.346556981922 44.6797096223056 39.7022808471752 37.3386367799999 38.8559273600001 39.4469124199998 39.5529219799999 40.6243503799998 40.9642029999998 40.1611988199998 39.9642029999998 39.9472735072492 39.9814923799999 40.8770731351852 39.8248216964027 39.2232849047598 39.3744669365125 38.3856281199451 39.4458597799999 -9999
17 17 17.0200437882153 17.0535298999999 17.0258390015663 17 17.6601545800001 18.7315829799999 19 19.8744397800001 21.8411041309116 22.9300994041978 22 22 22.0123965495252 22.6271100507314 23.57203152 22.5244703348527 22 22.5887237799999 24.8744428994597 27.3417328952896 25.6128682311956 22.4770263055074 22.0564276993831 23.01729418 24.4483622108355 29.7027066859444 33.1070597999999 33.3776276276747 32.542342342544 30.083192713619 30.5985135214901 30.5183384199998 29.4822477717083 31.2378403195473 32.8459914419266 33.1003383170358 38.6809761357099 42.3169446527462 48.3570267894534 50.6435700351644 51.321610082255 46.5175567030725 41.0735733027999 41.55292198 42.1624408260365 42.2141195999998 42.8035917335265 43.1462209783457 43.1605896999998 43.1605896999998 42.2147287199999 42.0897704199998 41.1023107461083 40.89338372 40.0535298999999 40.0535298999999 40.4079180056717 41 -9999
16.9039800654397 17.0378639368754 17.4058202633777 17.8750417 17.4223845711825 17 17.6601545800001 18.6401656145102 19.0757275738509 19.9993980800001 20.8344383204063 21.8750417 21.8861286226684 22.020012494104 22.3276020144602 23 22.6255614199999 22.0557147798469 22.1249583 22.6401161572816 23.1649829883082 25.3532412744103 25.924273025949 24.2354351484611 23.05413422 23.1422524799999 24.646207157232 30.780742705796 34.8750417 34.6098972570756 33.391494365534 31.9290103199999 32.2801807572345 32.6098025428183 32.2499165999999 32.2499165999999 33.8559297599998 35.12435158 39.151563599997 46.7112504000004 52.1238536113946 56.5692984913915 51.5526631885204 45.4622347230538 42.8274783713885 43.8207370800001 45.3448163085171 46.2499165999999 45.7547510087084 46.1399925142099 46.3748748999999 46.2656072913385 45.1858624399029 44.1076689199999 43.03624052 41.96481212 41.1249583 41.0870955627242 41 -9999 40.6940046384171
16.23158418 17.2435049393554 17.5027075484071 17 17 17.2312359833875 17.9232824005439 18.1963866999999 19.6447087050193 20.8744397800001 20.4256436810102 21 21.1061493860299 22.3250880862078 23 23.0595071693166 22.9690176341576 22.7723400454764 23 23.2312350407313 24.583432651872 26.3722024682195 25.5129959073052 24.4936771914146 23.4469076199998 24.0206905269394 25.6051517305969 30.5071202649281 34.1963866999999 34.1963866999999 34.6443571657506 35.209594440539 34.778754577449 34.5891600999998 34.4595154631999 34.3927733999998 35.8410867476753 37.4142764801734 41.5754570486039 50.903655702446 56.8204737132527 58.1411420665923 50.9365253155931 45.6957787799999 46.5398410288452 47.1438475778148 48.1064506799998 48.8203932554188 49.382792549056 49.4454883467657 49.3927733999998 48.3466138912412 46.4904192565209 45.3686932114332 43.91128222 42.83985382 42 42 -9999 -9999 40
16.49939928 17.2678151 17.2678151 17.3872256525916 17.3970900433194 18.2875976992306 19 19.1959289689469 19.8557679069641 21.3428161342494 22.2281805987865 21.7941807293951 21.3977412812177 22.77507639348 22.9379789024311 23.0351950800001 24.0063431742536 24.0502754793416 23.3970906860757 24.1299244239737 25.3923370800001 25.9281132261908 26.2150579302795 25.7994400312631 24.78631912 24.2977718174538 26.2661677400002 29.7464516263812 33.8469858644381 34.8701200945075 36.4520379970094 38.4273593599999 38.6395831111678 37.645776824743 36.8754804199999 36.5356301999999 37.5536940675231 39.9583764567756 41.7203114714019 49.3521807200011 58.213993068364 57.166223219838 50.0539562282257 48.1064506799999 49.5523128599999 51.0422625486457 51.5792896231763 52.6655475949988 52.7844651565894 51.6081273793217 51.0527584552328 49.25113484 48.05413902 47 -9999 -9999 -9999 -9999 -9999 -9999 -9999
17.23158418 18.1027950481833 18.2122168314014 18.5971276690141 18.8219457199999 18.9279696799999 19.5631966502602 20.1618852093243 20.066827108909 22.0300233169874 22.3215130000001 23.2986553446745 22 22.1058223868319 22.5862999471669 22.5394594460012 23 24.0429914348297 25.348415405735 25.1572532843395 25.0060256717725 25.2352126670176 25.8521064030934 24.826689134644 24.3566483554748 25.01729418 26.2059706228637 28.5903243379674 30.5376145412019 33.6309650603714 37.6525873811489 40.3822293206452 40.9857057389393 40.149961922952 39.3575807199999 39.0177304999999 40.0789141345554 41.8069712462752 44.5344426364469 48.1440259001586 55.2042681287677 53.5223937743977 51.1748524704291 52.30760069689 54.3357913339544 55.6614054741566 55.6759273868761 55.1572549127083 54.5698290845859 52.6279096118776 -9999 -9999 -9999 -9999 -9999 -9999 -9999 -9999 -9999 -9999 -9999
16.8209122800001 18.0167794319527 18.7793314086945 18.9361986091272 19.4969096443567 19.7576247810796 20.3890476443378 20.5893281000001 20.1160909291463 20.8744397800001 21 21.5964313193722 22 22 22.326685909598 23.28623413366 23 23.9713908603524 26.4256856365661 27.967693573231 26.9117113399997 25.1999955332081 24.4915705764663 24.7697787602755 24.9903285859648 25.4279660799999 26.5358303505015 28.2360272327565 30.9275607119561 32.929527036363 35.5284043450608 40.2886820942115 41.7813833128598 41.99939328 42.0216270844371 42.121782401179 42.2320156999998 44.4962147653369 47.1015100714048 51.2798790755591 54.0728697697779 54.9242693065234 55.9271853599995 58.4271813297701 60.5558130844294 59.3358444714009 58 57.41128102 55.67970524 -9999 -9999 -9999 -9999 -9999 -9999 -9999 -9999 -9999 -9999 -9999 -9999
16.23158418 17.4599427042784 18.6984178087903 19 19.5172977800001 20.2838250679958 20.1638395789356 20 20.3871320272013 20.9349723997301 21 21.01729658 22.0427743394755 22.404890307456 22.239872268775 23.0249518173622 23.3610339034992 24.1951149751818 25.0364334084537 26.4683987071349 26.4236129680476 25.6665232912766 25.4891524603213 25.9349711567708 25.9661385725953 26.9814947799998 28.0988725775652 29.7251934244967 31.7030285428564 33.8680242649211 34.9798450199994 39.0506071722226 42.2654542825376 44.3188450339142 44.6101427930168 45.1778790799998 45.8334306131196 47.2557057938113 50.2838910399998 54.4719290523255 56.0202975092116 57.2130233046122 58.7577669969379 60.0136308754007 60.6837605153365 59.3430637322098 58.2327143561948 58 -9999 -9999 -9999 -9999 -9999 -9999 -9999 -9999 -9999 -9999 -9999 -9999 -9999
16.78511288 17.688815120509 18.3744409799999 19.2468014982812 20.07082648 20.8163780429286 20.7052599264664 20.5535286999999 21.3565400799999 21.5535286999999 21.5535286999999 21.5612511265581 22.0396131571631 22.4636169044641 22.681715861627 23.2423427489777 24.0951433595828 25.2468001698123 25.3225711592073 24.455306382795 24.3654131779975 25.28510928 25.9120491632122 26 26.94586578 28.01729418 29.0887225800001 30.2487991437632 31.8885016268417 33.6384547851066 36.1902797761028 38.8439960573132 41.9621145200003 47.3515046209355 48.0112581714137 47.8386355799999 48.9100639799998 50.4655172377138 51.927488658673 55.4714833634961 56.9420517658993 57.5351181352943 58 58.30300538 58.7927401565205 58.4464713000001 58.2155159022697 -9999 -9999 -9999 -9999 -9999 -9999 -9999 -9999 -9999 -9999 -9999 -9999 -9999 -9999
17.0868540024613 17.5644127632604 18.6084505289818 19.7921772452964 20.5172977800001 21 21 21 21.80301138 22 22 22 22 22.1601533799999 23.23158178 24 23.9064224818302 24.1959527800001 24.7500858000001 25.0443466649993 26.3226331719714 27.6064518799999 26.8711789731705 26.0784712508636 26.94586578 28.01729418 29.1441703863014 30.94525906 32.8565364799999 34.5339804400001 37.3738294599997 39.0708216799999 41.6941290200001 47.8196727009422 50.5848784324465 50.3169966244077 50.0492314529646 51.2023856107607 52.5572909699219 55.0172917800001 56.0332738735957 56.5351914800001 57.5197685778476 58.1136400164308 58.4686192185817 58.3463123649874 58 -9999 -9999 -9999 -9999 -9999 -9999 -9999 -9999 -9999 -9999 -9999 -9999 -9999 -9999
16.4648863649815 17.5140261470297 18.9237569218444 19.6141114711261 20.1570591068259 20.7135948752224 21 21 21.2438058986331 21.9125616834153 22 22 22 22.048624888392 22.3739260863439 22.8182408957046 22.92917592 22.7494814800001 23.3036145000001 24.4810620599999 27.5433596718909 29.42796608 29.2087751600834 28.8236646320897 27.7553461375853 28.7136796799999 29.8738306600001 31.9051606397172 33.7153849469929 36.5761593912415 38.9667617128543 41.2245274515242 43.1017075894762 46.1788286171404 48.5347575600003 51.5396424400104 51.5897644199999 51.0493182984704 52.2330412171871 53.6245207800002 54.6690124469095 55.4637630800001 56.53519148 57.5146230530541 57.8529332697957 57.7823507343009 58 -9999 -9999 -9999 -9999 -9999 -9999 -9999 -9999 -9999 -9999 -9999 -9999 -9999 -9999
16.4093977324242 18.1411817892012 19 19.4458693800001 20 20.58872618 21.5068758626727 21.2060943189526 21.6165632994221 21.9708466622031 22 22 22 22 21.8221882903293 21.3025408519546 21.952431059261 22.8713380152049 23.3971865831698 24.0412008569109 25.3521727602424 27.7837604565884 29.6974951133376 30.6714051750436 29.6023312334182 29.798386791793 31.6449505298321 32.92796488 34.5163215530825 37.5356613652922 39.6905640126659 42.259209166125 43.4987677783343 43.601065121209 44.5099856828343 46.9014876133784 49.288534575662 50.1649299845805 50.4518024293352 51.4949408490401 53.3890268674146 55.0371842742107 55.46376308 56.3025397374613 56.3774338809136 56.6780482800002 56.5947878376631 -9999 -9999 -9999 -9999 -9999 -9999 -9999 -9999 -9999 -9999 -9999 -9999 -9999 -9999
17.1080554201332 19.0659155037047 20.8892334814611 20.28511168 21.2733804786721 21.7731268666265 21.9453672319253 21.882392402776 22.6422536799999 22.8392422999999 22.8392422999999 21.9854839784187 21.1607577 21.1607577 21.1235291456853 21 21.4346324649122 22.1607577000001 23.1121892444907 24.4940818991918 26.6074497477864 28.4845219028109 29.7713411567041 33.0760318939916 32.5718611199998 32.5378012526 33.6927474378988 34.2682042336049 36.8237626169923 38.44525786 41.2166000218123 43.358566977569 43.0775988703091 43 43.66014978 44.235213651174 46.0566180508856 48.0905709038158 49.115323958517 51.0200715667818 52.2637403320805 53.455918862621 54.39233468 54.9064627679765 54.635756066725 55.2324334785739 54.8042248200001 54.7209521616578 -9999 -9999 -9999 -9999 -9999 -9999 -9999 -9999 -9999 -9999 -9999 -9999 -9999
17.6533780346191 19.9296130066504 20.1117614987307 20.0398291996069 20.6066270800001 21.6254649824489 22 22 22.80301138 23 22.1386255624117 21.0877842086163 21 21 21 21.2759424927278 22.28510928 22.9106706999999 23.0030899683773 25.2864535705174 29.4029791878671 31.4635926799999 31.0724675801542 33.6120957190494 35.6382509759358 34.8228862769933 35.0722648080689 36.9207754298753 38.3531426360901 40.42735696 41.9551338874162 42.1388298291739 42.0893293000001 42.0893293000001 43.3506581422575 44.6662268132853 45.0541347313736 46.8381992600001 47.1738226136312 49.1959503800002 50.3481736484249 52.2494778800001 53.32090628 54.0622620415084 54.37443378 55 54.48270942 53.41128102 -9999 -9999 -9999 -9999 -9999 -9999 -9999 -9999 -9999 -9999 -9999 -9999 -9999
18.2219744104955 19.3154892821068 20.367738149461 20.9820990999999 21.49939688 22.5708252799999 22.9820990999999 23.7005860862331 23.9785728264122 23.1233125790577 22.0541318199999 21 21 21.1572864903598 22.2095353577143 22.969622354931 23.35653768 24.8578702195554 25.4382619728676 25.5845380365401 26.7135050344771 31.3956073259777 34.5449933096494 34.9753560482868 37.8027645912587 38.8944272027733 37.0545089940323 38.2995342133221 40.6547908606763 42.9571455239378 42.9820990999999 42.9820990999999 42.4740661299056 42.5781827374488 45.5990636696063 46.9593932078422 46.1755661604879 46.8721872531335 47 49.0172917800001 50.0903083510702 51.1780494800001 51.7946147927227 51.6488653219865 53.3923346800001 53.5800200542979 53.534572446113 52.833100639589 50.6857889077654 -9999 -9999 -9999 -9999 -9999 -9999 -9999 -9999 -9999 -9999 -9999 -9999
18.28511168 19.6433331541242 20.6255590200001 20.469735653238 22.0604334030812 23 23.0353364242809 23.0535275 23.7705724967141 23.1188392953239 22.1047617790049 21.1580188973139 24.0725244054678 24.7138071998077 26.8715296949157 27.4796782200001 29.5588458621815 30.1581604199998 32.781229766188 30.311502336402 29.0166534758147 29.2963731410079 33.1537332104688 35.0751052737158 37.8998178483832 41.90859422 45.6809687316038 44.0963899079097 44.5651402452627 45.2773770063361 44.6590486873751 43.55413542 42.9446212000261 43.4816663800001 44.5177586126512 45.5709956800001 44.3193702094221 44.8209074800001 44.997102202073 46.0336579742463 48.0304437105651 49.0445212268841 50.083390216797 51.1959503800001 51.912987504159 52.4162005678401 52.48270942 -9999 -9999 -9999 -9999 -9999 -9999 -9999 -9999 -9999 -9999 -9999 -9999 -9999 -9999
19.23158418 20.3030125800001 20.6723476296528 20.9609806503397 22.581937189668 23.1249558999999 23.78511048 24.0335402903094 23.19698862 23 23.1181918097132 23.1638716794416 25.7297676200002 29.2347264297359 29.1366939205128 32.4240896102492 35.1249558999999 36.7412826907016 37.650675828416 35.4473319399999 35.862593950211 35.2194930595925 36.5564347796074 38.8580965713192 39.1249558999999 39.3126054905198 43.041402850166 45.490807670475 49.8383792600003 49.7086242594275 45.1261717400003 43.373466110128 41.7801410498796 41.4637654800001 41.8750441000001 42.5152072700979 42.8504286099099 43.7494790800001 44.7027162700752 45.8901751700676 46.7611743099402 46.8950556099477 47.4342170500447 49.1401871700374 50.1713096899704 50.7078261199778 -9999 -9999 -9999 -9999 -9999 -9999 -9999 -9999 -9999 -9999 -9999 -9999 -9999 -9999 -9999
19.0806793770805 20.3030125800001 21.0735343297486 21.64225368 23.2309798600001 24.1963842999999 24.85653888 24.46480132 23.39337292 23.5398367881748 24.5350210799999 24.6549424432441 28.7302443269104 32.3221907376955 33.3044613315158 35.1647077558155 36.9819214999997 37.4277884799997 39.6447482556219 40.3657850622859 39.6678282374233 39.6072314000001 42.9769656764309 40.64931772553 40.3821374890991 41.599654469133 42.2676831582325 43.2259485456952 44.8285273055644 45.6084472400001 43.6126572142083 41.8030630434382 40.6926755990888 41.1778742799999 41.2002237426786 41 41.6453086948913 42.6780506800001 42.9893684177769 44.6140230682223 45.08872018 46.1286979132207 47.03519268 47.8036157000001 48.4789503442185 49.3364898842315 -9999 -9999 -9999 -9999 -9999 -9999 -9999 -9999 -9999 -9999 -9999 -9999 -9999 -9999 -9999
18.8747513909538 20.3841631971839 21.5419736301555 22.5652788625052 24.1638693448343 25.1576683478264 25.92796728 25.7321569331478 24.9476706658083 26.3181315815308 27.9881246022596 28.9219463962089 31.801766110646 34.3582694017756 37.96255804 40.6519728544333 41.6359048070938 42.0104874004906 42.6834275172458 42.556300644468 40.1333809641565 39.854957081589 43.0822664847093 42.0545633399996 43.0026187483791 44.5461208262403 45.0712184988971 44.0502411209153 42.6431649819556 42.5562831033655 41.4353466356564 40.8219481199999 41.81969164 43.541199955349 41.9285344549862 40.8040740723532 40.9472426603076 41.6402501870318 42.9313649056289 43.0299526017106 44.8209074800001 45.7321873000001 45.9017450237284 46.5455232889325 47.0063429584071 47.2573275285074 -9999 -9999 -9999 -9999 -9999 -9999 -9999 -9999 -9999 -9999 -9999 -9999 -9999 -9999 -9999
20.4178039719657 21.078918718094 22.1270257699402 23.0797226410725 24.6927864479148 25.728247163098 26.8841061458893 27.3392410999999 27.3392410999999 28.21368088 30.8559682781619 35.0464487491744 36.6784821999999 36.8901277423999 38.7733073977872 42.0480549667745 44.05292078 44.5351280294976 45.7333626862638 44.4839771336168 42.4665778980256 45.5137456206979 46.9508958496849 45.2688485399997 46.9094548599999 46.0688702100595 49.7763056512681 47.0744847746212 43.8469818636085 43.2364484074042 42.6255638200001 41.7053910105702 42.1891718817702 42.3935553200001 41.109877015064 40.1773621065192 40.5305937444936 40.9574031844937 42.5708510265191 42.6780506800002 43.7494790800001 44.7150878804427 45 45.30300538 46 46 -9999 -9999 -9999 -9999 -9999 -9999 -9999 -9999 -9999 -9999 -9999 -9999 -9999 -9999 -9999
