rodentData/variables/Bio10.asc
NCOLS 409 
NROWS 350 
XLLCORNER 60.897278365 
YLLCORNER 5.843756025 
CELLSIZE 0.0892857 
NODATA_value -9999 
[rows 300 to 324 of 350, columns 168 to 223 of 409]
-9999 -9999 -9999 28.9726177958892 29.1337300039743 28.8592096112682 28.3451050253108 27.5781437815399 26.4218334648962 25.4258540179193 24.2133740177409 22.5068260955245 19.9496742549953 18.8223997679627 22.1933512765407 22.3692649678199 18.380386267001 19.8085766888566 21.6018560304036 23.166448364211 26.3160902547268 29.0978977588568 29.7627878660902 28.511095681779 28.6844190289382 28.677666047946 29.473308962312 30.4416401787168 30.7863786898239 31.174996415644 31.1983656919909 31.3215254264079 31.3878950772288 31.2212414517149 31.2467241600267 31.1087861972027 30.9394860601869 30.7813591380502 -9999 -9999 -9999 30.6462958653768 -9999 30.2762301762899 -9999 -9999 -9999 -9999 -9999 -9999 -9999 -9999 -9999 -9999 -9999 -9999
-9999 -9999 -9999 28.8396182515161 29.0545268209452 29.0548955193648 28.8309046624796 28.3668494380259 27.7641150807351 27.3683817265544 25.9547081747419 23.0889037178899 19.744500968863 18.7600168157906 18.6036812301719 18.2264471911359 18.1390347286317 20.732432341448 26.3490482638612 27.9260464076679 29.5460976458842 30.4954868301233 29.6322372488354 27.2860707010825 27.9777110373153 29.2780494656114 29.9627419504256 30.7026756115934 30.9757347654491 31.1587238344708 31.2899194022971 31.3736946918149 31.3871682430984 31.352761376733 31.4786816805147 31.4153174407909 31.1954678204852 30.9851571280876 -9999 -9999 -9999 -9999 -9999 -9999 -9999 -9999 -9999 -9999 -9999 -9999 -9999 -9999 -9999 -9999 -9999 -9999
-9999 -9999 -9999 28.8687732175399 29.0558242830557 29.1292222133067 28.9253894373007 28.7580217280516 28.6204650524603 28.1060889428767 26.5412794002356 23.6610168274721 20.975597902357 19.5034572012138 19.0174574241801 21.4100362757182 23.6495878251887 26.0726110352046 29.6403904207759 29.9421676812108 30.0118661825903 30.6325530189065 30.6077036484389 29.6923996560965 29.7971367029765 29.9326070898308 30.2870953509215 30.9731076840126 31.2367220904447 31.2612707929257 31.3222524674778 31.422295475037 31.4487189156473 31.5039915258235 31.6265964306905 31.6150362720613 31.3774712715042 31.0373408158183 -9999 -9999 -9999 -9999 -9999 -9999 -9999 -9999 -9999 -9999 -9999 -9999 -9999 -9999 -9999 -9999 -9999 -9999
-9999 -9999 -9999 28.8695105855486 29.083818738352 29.0040398566422 28.8013147959678 28.7250562753702 28.7103406321418 28.4366728549594 26.9434889724847 25.0005039961904 23.7637783726259 22.1708584667006 21.1455970530612 25.3724903781898 28.4585177389384 29.0220328266977 29.9974003359943 29.6748079893089 29.3170418007642 30.6154193935786 30.9083209436973 30.9208682430799 31.0854351082649 31.0725624818556 31.1740170920289 31.2718335013179 31.3351583144326 31.4491873174524 31.4573423744528 31.4581278070968 31.5085772867619 31.6442403347268 31.6801386194097 31.6427741445863 31.368528706682 -9999 -9999 -9999 -9999 -9999 -9999 -9999 -9999 -9999 -9999 -9999 -9999 -9999 -9999 -9999 -9999 -9999 -9999 -9999
-9999 -9999 -9999 28.9437914475058 28.905818770696 28.851360968316 28.7337789261688 28.6149089419636 28.5619238463425 28.4857156926376 27.3168611298772 25.6161806010042 24.7838569189997 23.7635123037288 23.0499704955821 27.3160854288073 29.2852358692599 29.5164133131078 28.8911658066289 29.0847723444778 30.062298299217 31.1921590194994 31.4387532475274 31.4483567430465 31.4079315671438 31.2449476371245 31.3047360366289 31.4421546087732 31.4677651131554 31.5594198749998 31.5451880733341 31.6153924495321 31.5769231991768 31.632440659213 31.5979845835473 31.5690911198996 -9999 -9999 -9999 -9999 -9999 -9999 -9999 -9999 -9999 -9999 -9999 -9999 -9999 -9999 -9999 -9999 -9999 -9999 -9999 -9999
-9999 -9999 -9999 28.8065374572151 28.8080048878477 28.8107095198884 28.7409507833635 28.5185486279192 28.3297327327951 27.8065137363763 26.5263080335609 24.8044529555184 24.0425613433906 23.7095450997126 23.799342592781 27.8545049573741 28.9855356624148 28.7427905733905 28.4106751489282 28.8643667026377 30.7861278694752 31.5210825467202 31.7843777113455 31.7330286282007 31.6104880410439 31.3695434213673 31.1240468326823 31.1506728049774 31.4694094898799 31.6667138753979 31.7081383217986 31.7963373572809 31.7550548502044 31.6760205891778 31.5501365872545 31.3944993734052 -9999 -9999 -9999 -9999 -9999 -9999 -9999 -9999 -9999 29.8655333366569 29.872699472717 30.0869423152192 30.1375436782837 -9999 -9999 -9999 -9999 -9999 -9999 -9999
-9999 -9999 -9999 28.7524215398532 28.7315770320857 28.8414926420655 28.8990735300797 28.6331573121133 28.4510190914204 28.0588055963632 26.3841883228668 24.2276901455074 23.6951928612604 22.8615173983268 24.2167564400288 27.8991540541614 26.0869409771689 27.4908420394109 27.8685163355021 27.9347221728238 29.831450557148 31.4807483235921 31.7610534453255 31.8045874994167 31.8141404598255 31.7911511394226 31.4673175789006 31.1920470174404 31.4341785606099 31.8629933252298 31.8977367009049 31.8829105620793 31.8179416351905 31.6736078667221 31.4438072692778 -9999 -9999 -9999 -9999 -9999 -9999 -9999 -9999 -9999 30.1766665776571 29.9011791579483 29.9450562995706 30.046799081624 30.0970090855688 30.2492249806722 -9999 -9999 -9999 -9999 -9999 -9999
-9999 -9999 -9999 -9999 28.6990760870519 28.7683228717479 29.0011256181332 28.7814831195735 28.3961666722409 28.1004967293013 27.089915640782 24.2971908729471 23.3290747389229 22.990995968993 24.9951943422736 25.3771968932269 22.2134195993683 25.8052947859246 28.5858056807633 29.8165790892648 31.0196975096884 31.7076967470695 31.9144586228091 31.9036496838198 31.8868303308024 31.915222009128 31.8193630227267 31.597654719187 31.5946166428957 31.8208534815912 31.7881331223757 31.7213509374736 31.6701996433992 31.611830398714 -9999 -9999 -9999 -9999 -9999 -9999 -9999 -9999 -9999 -9999 -9999 30.0569072069013 29.9669395775651 30.0346583399889 30.0296950151252 30.0043088461369 29.9100824991862 -9999 -9999 -9999 -9999 -9999
-9999 -9999 -9999 -9999 -9999 28.7519215306909 28.926887204901 28.7876039095013 28.3820930941873 28.1848084291015 27.9084582154683 26.2976168764258 24.5510528110316 23.4983092578541 23.3465461205085 22.4183607015542 21.3264374542369 24.4432572683943 28.1138491399117 30.5860050777909 31.5491137842249 31.8575447237847 31.9704026880244 31.9022989886391 31.8828863027915 31.9470331407637 32.0163321723156 31.9763617092892 31.7771798464975 31.5586761581394 31.6514208567585 31.6727781248432 31.6676527365365 31.6964921541509 -9999 -9999 -9999 -9999 -9999 -9999 -9999 -9999 -9999 -9999 -9999 -9999 -9999 -9999 -9999 30.0921959294116 30.3376285380383 30.4172039031982 -9999 -9999 -9999 -9999
-9999 -9999 -9999 -9999 -9999 28.9607793816221 29.0018658118767 28.8508373789609 28.557057306973 28.2925953791061 27.9810814182828 27.3972775109557 25.9987545628148 23.8138102682523 21.7454997035935 21.8212696114326 23.0254983316638 28.9800348195409 30.8405618381805 31.5298331277317 31.7884065957093 31.9075821396338 31.9767441862047 31.9608035811805 31.995852159255 32.0725938673873 32.0663656731987 32.0791739585116 31.8929698806678 31.7247304977736 31.6953600291556 31.6892672698433 31.6631231351353 31.6331762878559 -9999 -9999 -9999 -9999 -9999 -9999 -9999 -9999 -9999 -9999 -9999 -9999 -9999 -9999 29.4507246017456 30.2770693034773 30.2688057159878 30.2766126109236 -9999 -9999 -9999 -9999
-9999 -9999 -9999 -9999 -9999 28.8726785799954 28.940315397113 28.8520376414857 28.6913723091685 28.4604727988221 28.1004189462991 27.2632875340736 26.5614883770796 24.4319262870626 21.6752860978585 21.0519097256115 26.6227590374307 30.2184269829367 31.3658245534946 31.7042114105415 31.7793880079857 31.7964713412115 31.8316172793559 31.861582421233 32.0756283462393 32.2032869373693 32.1493107957614 32.0078344457874 31.78282446694 31.7109587545152 31.7600197429447 31.7366247611306 31.5353571134575 31.464440551958 31.1478629607957 -9999 -9999 -9999 -9999 -9999 -9999 -9999 -9999 -9999 -9999 -9999 29.1753132517564 29.1417683556917 29.3951482234173 29.5700598965914 29.705296948582 29.6231206950185 29.7458530151781 29.8644169316776 29.7045771654702 -9999
-9999 -9999 -9999 -9999 -9999 28.75501239915 28.7802640389558 28.7940456495575 28.7096951635375 28.5161623129284 28.2289401806021 27.4345948770263 25.9836560630746 23.460665823752 21.5448059295228 21.8400808824337 28.3394584744416 30.5086087197641 31.4934534480396 31.7357111613182 31.8172482808044 31.8245140666195 31.9337683280202 31.9225714289256 32.0218167776287 32.2534231170793 32.2664499128871 31.9494818348007 31.7117074751677 31.7669727236276 31.7810351830927 31.6508052674191 31.473454324515 31.0307980871139 30.8651797577916 30.8978497187297 -9999 -9999 29.935458661504 -9999 -9999 -9999 -9999 -9999 -9999 -9999 29.2056177760391 29.2430259678068 29.1721301758186 29.2541476428418 29.2867174069858 29.176934078466 29.2116917257763 29.4288242783514 29.5961835702706 29.6441336567914
-9999 -9999 -9999 -9999 -9999 -9999 28.7507950652137 28.8145031216281 28.7134844573499 28.5700003707503 28.3282040196929 27.7257926169333 26.5787348216044 24.8448146780541 22.3570452711958 23.7586121034727 29.1903964199085 30.7814040990342 31.3990704729526 31.6210100384134 31.7202665338103 31.6802765141337 31.7959159510087 31.9552263852305 32.0308409971159 32.2790261662309 32.4220501534875 32.114507089114 31.8905131332033 31.7852154126745 31.5033489536673 31.2147226333618 -9999 -9999 -9999 -9999 -9999 -9999 29.3449999491374 -9999 -9999 -9999 -9999 -9999 -9999 -9999 29.2836743386118 29.1494807140044 29.0056673158961 29.2083310047682 29.1716524530777 29.135676241592 29.1544519540146 29.4091494644626 29.6349740291274 29.6498893229152
-9999 -9999 -9999 -9999 -9999 -9999 28.7723501068003 28.7864134885353 28.711883722164 28.5423113746736 28.3750822559433 28.1080279988588 27.6544988350521 27.0246394062152 25.4464208988786 26.8407839611106 29.5645953999291 30.8657121043667 31.1416142567195 31.3744691841646 31.5142180193017 31.5431733427203 31.654574966754 31.9453151033685 32.1105292132406 32.1055187477868 32.1295689925518 32.1182298136933 -9999 -9999 -9999 -9999 -9999 -9999 -9999 -9999 -9999 -9999 -9999 -9999 -9999 -9999 -9999 -9999 -9999 -9999 29.4076993136426 29.3813117829756 29.1528376932729 29.2204676518556 29.1013641607938 29.0765065160092 29.057658081824 29.2487896168556 29.4579698721478 29.4865408292018
-9999 -9999 -9999 -9999 -9999 -9999 28.696713140221 28.7181908017084 28.7154130454717 28.5978575460575 28.4905620059368 28.2573558773318 27.5283724844819 26.7604437984282 27.1973302707149 28.9883181405427 29.9148335807239 30.6145171357019 30.9432658776198 31.2286902376751 31.4053063648331 31.4644284227729 31.6545636419037 31.9495490026243 32.1669390822654 31.9349567848959 31.6717365917532 -9999 -9999 -9999 -9999 -9999 -9999 -9999 -9999 -9999 -9999 -9999 -9999 -9999 -9999 -9999 -9999 -9999 29.6787875493368 29.477623699498 29.4158815785568 29.1606280680581 28.999497292013 29.0354407689254 28.944266849031 28.9725121335449 28.9860457668401 29.155675211642 29.4147439543103 29.5729622296626
-9999 -9999 -9999 -9999 -9999 -9999 -9999 28.6985320057923 28.7308881542914 28.6228757299677 28.4602651678719 28.2163943909831 27.8301432354614 26.8348756455596 26.0662405188271 27.3554813361599 29.8911401886654 30.5891059916573 30.869465891718 31.0959897135585 31.2936354345384 31.3713922829409 31.6637446697023 31.9629315865438 32.0016182184102 31.5758428073107 -9999 -9999 -9999 -9999 -9999 -9999 -9999 -9999 -9999 -9999 -9999 -9999 -9999 -9999 -9999 -9999 -9999 -9999 -9999 29.4516027781538 29.2254278556433 28.8100479260919 28.8069437301655 28.8536996432874 28.9077788752599 28.9197590771018 28.8855703222739 29.0241959653555 29.4284864306764 29.7410187638288
-9999 -9999 -9999 -9999 -9999 -9999 -9999 -9999 28.7220543197707 28.6279913501536 28.5067768689793 28.1748908781112 27.7549871425454 26.3665127616597 23.7656998361362 24.7686142351007 29.7083458906374 30.8327352765674 31.0794449853155 31.128671569088 31.1239275805131 31.1500624543056 31.579800732664 31.9066418170275 31.6036055737914 31.264797508223 -9999 -9999 -9999 -9999 -9999 -9999 -9999 -9999 -9999 -9999 -9999 -9999 -9999 -9999 -9999 -9999 -9999 -9999 -9999 29.3165634926865 29.0286744236585 28.8229019234445 28.8187758772689 28.8681910219353 29.0300929542021 29.0409366821729 28.8039253613594 28.8517921412701 29.1503091795374 29.5328423950477
-9999 -9999 -9999 -9999 -9999 -9999 -9999 -9999 -9999 28.5802347270845 28.5579560010609 28.2572788004619 27.8632169388955 26.4596627349234 22.8003827042808 24.5283079389698 29.1435106270691 30.6719373029322 31.1201906132183 31.1786765741595 31.0778238379258 31.098852186102 31.3370238493397 31.6353524883021 31.0372104575148 30.5853303973229 -9999 -9999 -9999 -9999 -9999 -9999 -9999 -9999 -9999 -9999 -9999 -9999 -9999 -9999 -9999 -9999 -9999 -9999 -9999 29.005279199334 28.8509036336306 28.7956141830188 28.8832525123562 28.9367452329203 29.0549984519422 29.012811960989 28.7210775207027 28.744392884297 29.0501991500419 29.4112710838736
-9999 -9999 -9999 -9999 -9999 -9999 -9999 -9999 -9999 -9999 28.5537783422888 28.3089907793957 28.0506570286546 27.3421329906839 24.0938388152956 24.2902777786541 27.2892342243609 29.0528125078953 30.4884911456266 31.0984101806312 31.2763993356962 31.3021187942954 30.9389683926207 30.747916608289 30.4028494642329 30.2345996842447 -9999 -9999 -9999 -9999 -9999 -9999 -9999 -9999 -9999 -9999 -9999 -9999 -9999 -9999 -9999 -9999 -9999 -9999 -9999 28.7829966282372 28.6571300853763 28.6728518401504 28.7946141777059 28.951904459776 28.9720828419293 28.8729003635281 28.6577089446295 28.7652067188045 29.0239612032093 29.3048970576912
-9999 -9999 -9999 -9999 -9999 -9999 -9999 -9999 -9999 -9999 28.6019688232388 28.5563161130634 28.3349958121091 28.0261758811782 26.4889956931437 24.1487139403184 22.9556501433659 25.3193567103129 29.8392827685601 30.984430242898 31.2872453782047 31.4737270701258 31.3508821907562 30.9708017520896 30.503740243344 30.2692128379089 -9999 -9999 -9999 -9999 -9999 -9999 -9999 -9999 -9999 -9999 -9999 -9999 -9999 -9999 -9999 -9999 -9999 -9999 -9999 28.7600508210799 28.6852462097076 28.6567073652757 28.7375423638753 28.9593609705117 28.9408783116342 28.8793505809394 28.7355080804878 28.7653518512789 28.9785573803382 29.219516795492
-9999 -9999 -9999 -9999 -9999 -9999 -9999 -9999 -9999 -9999 -9999 28.7452795141349 28.5506833979855 28.2674562429505 27.6529960520215 26.9718638719722 24.2849122898439 22.8367476992327 29.3889115107179 30.8401344957997 31.2054232829121 31.3963683530853 31.5479337870087 31.1879849055188 30.5612081770597 -9999 -9999 -9999 -9999 -9999 -9999 -9999 -9999 -9999 -9999 -9999 -9999 -9999 -9999 -9999 -9999 -9999 -9999 -9999 28.6545238494873 28.6115906673695 28.5756434588302 28.6796133310787 28.8234596828586 28.9306692904772 28.9456240116309 28.9252744333014 28.8339455559235 28.8256710680267 29.0133057954359 29.1179611200078
-9999 -9999 -9999 -9999 -9999 -9999 -9999 -9999 -9999 -9999 -9999 -9999 28.5537464035013 28.4141590762226 28.2810215321417 28.1418425589317 27.4485187038458 25.1242719420601 28.7993707277124 30.7977355228992 31.1618407870086 31.2327561631964 31.2479107111541 30.8025336150968 30.5505170509481 -9999 -9999 -9999 -9999 -9999 -9999 -9999 -9999 -9999 -9999 -9999 -9999 -9999 -9999 -9999 -9999 -9999 -9999 -9999 28.6228405743943 28.4364325954503 28.3256709224603 28.4796513277609 28.7164739238815 28.8214625244522 28.8481598822695 28.8362706433583 28.7976811456371 28.8088351710559 28.89265907096 28.8302944788605
-9999 -9999 -9999 -9999 -9999 -9999 -9999 -9999 -9999 -9999 -9999 -9999 -9999 28.4838313181998 28.5706844491336 28.4979364143039 27.6868857703153 28.1976634867728 29.0587132831855 30.6902104920118 31.0043024151332 30.8863225635696 30.8227846349309 30.7320812518141 -9999 -9999 -9999 -9999 -9999 -9999 -9999 -9999 -9999 -9999 -9999 -9999 -9999 -9999 -9999 -9999 -9999 -9999 -9999 -9999 28.7884346876061 28.5570545881917 28.3714118503096 28.4983825982244 28.705901330466 28.7537363974952 28.7163273487108 28.6349461403369 28.701414534687 28.7892730863188 28.6895340565804 28.5060865277383
-9999 -9999 -9999 -9999 -9999 -9999 -9999 -9999 -9999 -9999 -9999 -9999 -9999 -9999 28.5143074676913 28.5855582226852 28.5851523379808 29.2910011221542 29.5108285226494 30.3500745089534 30.5949880573181 30.8547238125163 -9999 -9999 -9999 -9999 -9999 -9999 -9999 -9999 -9999 -9999 -9999 -9999 -9999 -9999 -9999 -9999 -9999 -9999 -9999 -9999 29.0455284118652 -9999 28.6909843812642 28.521976362003 28.6478764013357 28.7843537956448 28.7567521579677 28.7046926389272 28.5935406525054 28.563213966568 28.6281276334371 28.5666637706066 28.4615853430417 28.6399693780873
-9999 -9999 -9999 -9999 -9999 -9999 -9999 -9999 -9999 -9999 -9999 -9999 -9999 -9999 -9999 -9999 28.6924730936686 29.0367167533113 29.32559521993 -9999 -9999 -9999 -9999 -9999 -9999 -9999 -9999 -9999 -9999 -9999 -9999 -9999 -9999 -9999 -9999 -9999 -9999 -9999 -9999 -9999 -9999 -9999 28.9015153249105 -9999 28.6942297109578 28.4556106118438 28.5258080723944 28.6230017302786 28.6615255122464 28.6691428734122 28.6231858603446 28.4596515715871 28.3004561250075 28.2466683723059 28.4572871450105 28.7446488340454
