rodentData/variables/Bio16.asc
NCOLS 409 
NROWS 350 
XLLCORNER 60.897278365 
YLLCORNER 5.843756025 
CELLSIZE 0.0892857 
NODATA_value -9999 
[rows 200 to 224 of 350, columns 112 to 167 of 409]
-9999 -9999 -9999 -9999 -9999 -9999 -9999 -9999 -9999 -9999 -9999 -9999 -9999 -9999 -9999 -9999 -9999 -9999 -9999 -9999 -9999 1629.58358085664 2033.05416347936 2203.34908200082 2335.69993663708 2625.51097626903 2709.45623776535 2640.01372377537 2457.12004747812 2292.43789000045 2013.64572515634 1499.46501259265 931.217985640373 597.458500007072 428.682344402961 341.995602968605 294.924009872145 266.014357569877 246.850193400235 244.492697134783 252.283802350211 265.476178694835 278.797601678452 292.033315749297 315.361611772229 347.938146096621 379.148690763175 406.764882968542 431.787471727534 448.771497098587 458.530383978989 472.052885368314 482.579108968803 491.254892553707 502.136500160001 515.581565856482
-9999 -9999 -9999 -9999 -9999 -9999 -9999 -9999 -9999 -9999 -9999 -9999 -9999 -9999 -9999 -9999 -9999 -9999 -9999 -9999 -9999 1748.19922950518 1822.35079871716 2104.60586706136 2447.69769391306 2983.26098253803 3109.12915072502 2877.30077123243 2640.75180475663 2488.31000049785 1996.00494802944 1350.413756039 894.989378043107 543.482256153938 388.55149120314 311.004712944169 272.487326070401 255.386077568368 248.116563530049 244.60065590687 248.640190944671 261.118347306876 278.598727977794 295.647522994162 314.565405458961 340.377673254033 367.857368685452 392.300191536257 417.943469645191 439.339640431377 454.512550777036 467.079620708888 476.556987239762 485.83525254 497.047355660001 509.904496460001
-9999 -9999 -9999 -9999 -9999 -9999 -9999 -9999 -9999 -9999 -9999 -9999 -9999 -9999 -9999 -9999 -9999 -9999 -9999 -9999 -9999 -9999 1777.57264486252 2091.85616365329 2514.25907913006 3054.31731445548 3501.16428258864 3129.20121657882 2825.97546493094 2489.95294970886 1836.64961071766 1230.18021265706 768.735172188355 513.397630921192 362.990481849248 293.892266472935 260.346910093446 245.467708192204 240.318326351949 242.33725582 249.275350602186 260.531010401712 278.387686775847 299.489131600002 316.830036281928 338.07668514 362.808280120003 387.773209152714 408.933931333996 431.055950663722 448.77955496 460.450305453879 469.763826540001 478.734700917993 490.001879393446 502.743736360001
-9999 -9999 -9999 -9999 -9999 -9999 -9999 -9999 -9999 -9999 -9999 -9999 -9999 -9999 -9999 -9999 -9999 -9999 -9999 -9999 -9999 -9999 1971.5299031994 2154.06015122406 2637.71085707218 3152.87433935146 3536.42414607302 3288.03547913281 3015.12876612299 2450.71899425513 1722.52011483455 1109.59627082742 693.342330068531 493.82362717391 352.344985928437 283.253768363303 252.383598212926 244.874898949177 243.046297571781 243.736310803273 250.663051501618 261.690265979999 277.261985788809 297.487352652218 317.580484526679 338.583983575556 363.682692290562 388.061729039999 407.537660074426 427.151458660002 443.647241064983 456.05261469887 466.172274732756 475.635854326718 486.943635560527 499.900945734413
-9999 -9999 -9999 -9999 -9999 -9999 -9999 -9999 -9999 -9999 -9999 -9999 -9999 -9999 -9999 -9999 -9999 -9999 -9999 -9999 -9999 -9999 1950.41226886116 2189.7208978467 2715.50861876038 3200.7901637481 3369.93866643526 3397.22728351827 3056.45470680298 2279.96476579083 1554.16635547172 1013.8294826439 640.508580405701 440.183950079883 333.822317491772 269.818937084194 242.304429438645 238.711420679111 244.72490895323 250.007894686573 254.440348902366 264.752999503477 275.636092164146 292.446293191349 313.997100187623 335.495485822588 361.637556452803 386.227741532047 407.484509966776 427.487466216565 444.048443193648 458.031692771583 470.082979368147 479.886326824285 491.296696260001 504.180034830581
-9999 -9999 -9999 -9999 -9999 -9999 -9999 -9999 -9999 -9999 -9999 -9999 -9999 -9999 -9999 -9999 -9999 -9999 -9999 -9999 -9999 1961.23548036778 2057.72257873729 2322.34159810172 2872.2612485904 3451.30654089463 3487.12049809994 3418.96412808176 2893.27837097695 2096.68405088989 1403.57103257619 913.898435282695 597.019016329213 416.962710645017 317.332866419237 261.858796712698 239.191555323084 234.623836176142 240.00701363691 250.49249765271 257.70096984463 266.807150722675 276.422244630003 290.739863883459 309.376943727674 332.325786700001 359.12099631232 385.612401982695 409.210287618473 429.341270704227 444.934883115372 459.242372920001 473.263123290783 484.731595001929 495.486341534595 507.047571180001
-9999 -9999 -9999 -9999 -9999 -9999 -9999 -9999 -9999 -9999 -9999 -9999 -9999 -9999 -9999 -9999 -9999 -9999 -9999 -9999 -9999 -9999 2159.69266782842 2578.85782152661 3046.40371493051 3562.9787175631 3496.7193648403 3336.89599416618 2813.05800652882 2071.67456120168 1391.48357787925 895.026309404999 597.021821045347 418.372072608664 321.923124039995 269.94258664 247.941560216544 242.011455933728 243.577537313622 250.827818583781 260.233974226976 268.645487874809 278.855914536111 293.117249020001 310.009016579998 331.411194426697 357.168300439038 385.78401286238 410.343784414753 430.545404700002 446.195514812934 461.11722982 475.92321067671 489.123084559148 499.278660497561 508.800692284085
-9999 -9999 -9999 -9999 -9999 -9999 -9999 -9999 -9999 -9999 -9999 -9999 -9999 -9999 -9999 -9999 -9999 -9999 -9999 -9999 -9999 -9999 2389.92571451614 2724.63523375236 3191.97133062988 3418.42158250847 3455.90551323724 3431.00706084813 2912.51496995404 2149.67823118402 1467.61712038551 959.025070690059 634.534971661319 442.509437386193 337.83080377713 282.330679892941 256.783407116173 247.097610499405 247.632687408022 253.62159998 260.851933469103 268.42481776 279.696142606108 294.242392120002 309.816767591015 332.082531736317 356.237577588501 383.170100942066 408.542829500001 428.667284740453 444.963305800356 460.153230820001 475.513474638028 492.132051023312 505.905790385643 513.895413753192
-9999 -9999 -9999 -9999 -9999 -9999 -9999 -9999 -9999 -9999 -9999 -9999 -9999 -9999 -9999 -9999 -9999 -9999 -9999 -9999 -9999 -9999 2575.30842832839 2788.49252377989 3099.00080612376 3376.37397671608 3485.07407385019 3461.97477807546 3111.6443785556 2465.51925501151 1649.99317931838 1095.12703808841 689.367465206585 472.331095530115 351.498797759969 289.794149487031 252.905960942653 238.899215366569 240.849583906262 250.198153950421 258.903563066248 267.709038197283 277.786621127519 291.267549100323 308.349930605591 328.528555489285 351.659221612472 378.564077734741 402.435131397272 423.241577080002 440.210541216615 456.171136520001 470.894052301312 487.538435465137 507.109317813437 520.563967855401
-9999 -9999 -9999 -9999 -9999 -9999 -9999 -9999 -9999 -9999 -9999 -9999 -9999 -9999 -9999 -9999 -9999 -9999 -9999 -9999 -9999 -9999 2664.0428445981 2890.20621676988 3228.08066384913 3420.4786366422 3535.89138387385 3489.14015776286 3245.16073107975 2548.10700055864 1791.71236459059 1214.74403439353 890.700350495983 641.78228297287 435.917864493576 316.161502441068 254.289897964002 230.897654571037 231.507781425169 239.852006739967 249.87264277557 261.873218431103 274.213622706638 287.116346285944 302.341628222291 320.649680980001 343.444435420818 369.265789781436 392.727334040153 412.286204890258 431.227425073945 448.528472920001 464.31360168199 480.824216014984 498.772731822591 515.88587846099
-9999 -9999 -9999 -9999 -9999 -9999 -9999 -9999 -9999 -9999 -9999 -9999 -9999 -9999 -9999 -9999 -9999 -9999 -9999 -9999 -9999 -9999 -9999 2907.35569398007 3180.10883133357 3286.94370032046 3434.16566305417 3517.97668953988 3283.12324559647 2705.17111221038 1988.28226389783 1307.34344257236 883.817384797447 587.42156203586 489.593225897888 335.126497604848 255.238933881352 227.860346497629 230.138516640001 238.65734901575 248.571355516079 260.779197359999 272.17375739947 283.875809371565 295.926236430175 311.120287765661 331.040183694101 354.642868497753 377.441755757179 399.250538502536 418.242543885637 437.126484427619 454.641434441982 472.707407540304 487.241051090058 500.20193823402
-9999 -9999 -9999 -9999 -9999 -9999 -9999 -9999 -9999 -9999 -9999 -9999 -9999 -9999 -9999 -9999 -9999 -9999 -9999 -9999 -9999 -9999 -9999 -9999 2982.81571646028 3377.20698493136 3405.88470467291 3443.24603442886 3267.96560996886 2714.54902104086 1941.32698403098 1342.4277038804 857.710934726644 547.467331191742 389.656365905604 296.844548919074 244.707804358603 227.449761963307 231.086601839351 241.022748339292 252.530091000001 261.115074690903 269.470888703366 278.096343011555 286.725324238059 300.456691096378 317.818576374764 337.807367200808 361.818657550614 385.086631690199 402.629831031395 422.610131274005 442.991269760002 460.049155024407 474.142981072297 486.994036960002
-9999 -9999 -9999 -9999 -9999 -9999 -9999 -9999 -9999 -9999 -9999 -9999 -9999 -9999 -9999 -9999 -9999 -9999 -9999 -9999 -9999 -9999 -9999 2823.84345198088 3039.18792383271 3438.75279074288 3515.4823766051 3476.60650180003 3313.66472266402 2937.89168305171 2071.70481034906 1403.03592202108 856.335284252235 567.122852322064 372.924033038665 280.2555440209 241.262215894217 233.333048144493 237.567679360001 245.162211501687 254.63809089056 263.852798239999 269.298073192739 275.306981602806 281.67820626198 293.11802854 307.480807240666 326.820569879506 348.447976312095 372.930611228572 391.910915108131 409.07564209621 427.075907241536 446.677945269118 460.708949252533 474.542628388364
-9999 -9999 -9999 -9999 -9999 -9999 -9999 -9999 -9999 -9999 -9999 -9999 -9999 -9999 -9999 -9999 -9999 -9999 -9999 -9999 -9999 -9999 -9999 2724.63342873435 2975.04411195104 3362.82427856786 3486.67773290007 3463.27545188555 3305.07885140185 2823.19920258885 2224.09030509984 1870.14326316303 1064.1748105394 791.212030791402 450.183432981317 299.628521457115 234.98794327699 230.864900465337 235.936134485818 245.189110217032 254.449175299881 263.06955473727 270.369480243266 276.215958223147 281.840852537448 291.845502788249 305.750368247894 322.678058379286 341.80455601733 363.05319849656 382.993262239999 397.144860544868 412.06202697033 428.199940330743 442.960401061186 460.602265234778
-9999 -9999 -9999 -9999 -9999 -9999 -9999 -9999 -9999 -9999 -9999 -9999 -9999 -9999 -9999 -9999 -9999 -9999 -9999 -9999 -9999 -9999 -9999 -9999 2944.43409242655 3314.61231381666 3494.96692569806 3478.77039707059 3275.06218140696 2792.19409929719 2485.07099381485 2276.28316120706 1233.22923303015 646.851985762105 447.325293365092 371.601290975843 257.770225217327 233.527965433547 232.824326654485 240.056399476123 248.232267283445 257.138930718996 266.676796347526 275.390684289761 284.314220796008 298.157642172907 310.172794660844 322.656147820682 337.993704033295 357.888687325451 374.90412494 387.582605233776 397.999348270992 409.86946087854 426.277180160002 446.686255100003
-9999 -9999 -9999 -9999 -9999 -9999 -9999 -9999 -9999 -9999 -9999 -9999 -9999 -9999 -9999 -9999 -9999 -9999 -9999 -9999 -9999 -9999 -9999 -9999 3018.95601748541 3230.93111774444 3420.2023433413 3452.60093852846 3261.33138808391 2795.7554023671 2290.55828219367 2052.76448004592 1393.26256934322 757.9021697355 458.244829539643 360.010430173952 281.873675057692 260.485172405143 252.504691234983 250.653712073229 250.067708701641 257.118773400721 269.094625516845 281.147077819008 296.048439490133 311.032939419939 323.76819737128 331.933473182708 340.93417867712 353.529873080001 365.262239368308 377.675301872596 387.626293291431 395.765613331378 410.564571491823 430.686709442019
-9999 -9999 -9999 -9999 -9999 -9999 -9999 -9999 -9999 -9999 -9999 -9999 -9999 -9999 -9999 -9999 -9999 -9999 -9999 -9999 -9999 -9999 -9999 -9999 2934 3112.49573964682 3336.12408653985 3394.51645475786 3314.78084051382 2956.4124407564 2291.89666167931 1655.77718785166 1355.52039055868 824.631947330785 515.473615441063 360.394279138439 289.1341489431 266.562017327547 281.471707554014 276.855575785959 258.643503116316 262.113680587343 282.20282808 300.142293814198 318.237508125041 332.366745139998 345.586951619307 350.36821294383 351.52535982099 353.934120813551 360.745248042373 370.181968213701 381.92561691933 387.077323191943 397.522802487102 415.42419775516
-9999 -9999 -9999 -9999 -9999 -9999 -9999 -9999 -9999 -9999 -9999 -9999 -9999 -9999 -9999 -9999 -9999 -9999 -9999 -9999 -9999 -9999 -9999 -9999 -9999 3125.5977022258 3246.17773810152 3337.55274924159 3319.45415896883 3061.85802193847 2476.38526086815 1801.29493867773 1585.06316886806 1017.73533895611 584.320092560897 398.600486797134 301.683656817364 272.51213501172 270.802870775149 259.775739500742 258.931175633204 267.801483011651 287.872457553368 315.850783423648 343.033317895459 362.619668422009 377.226451059998 383.416470717835 380.424960494492 372.290619393994 368.200915831924 369.551288783766 378.492211131207 385.555840474654 390.533267638791 405.443334754315
-9999 -9999 -9999 -9999 -9999 -9999 -9999 -9999 -9999 -9999 -9999 -9999 -9999 -9999 -9999 -9999 -9999 -9999 -9999 -9999 -9999 -9999 -9999 -9999 -9999 2911.59797832438 3087.2874834284 3267.883920958 3297.5912157668 3135.96267944331 2752.5533899419 2005.51340375937 1611.74442667594 1255.39854437573 684.66529830592 451.412147055269 331.571171744374 288.487464070917 277.98966991687 255.459782515051 263.30849744981 292.074325784178 312.788450897847 333.097408681858 363.980659535493 397.382913895535 421.175543258558 430.837190384187 425.846804668732 407.930167445935 390.526210315309 379.5643101826 379.055087204665 386.803859570464 391.719330940368 401.71612856686
-9999 -9999 -9999 -9999 -9999 -9999 -9999 -9999 -9999 -9999 -9999 -9999 -9999 -9999 -9999 -9999 -9999 -9999 -9999 -9999 -9999 -9999 -9999 -9999 -9999 2730.80493015751 2943.50720011001 3175.63171581676 3254.34649265594 3167.23514868816 2844.17725476426 2142.47595008157 1654.74503542243 1326.57190287486 838.65765723337 514.318224589381 373.495426944506 311.358477652681 284.033140278714 261.902745070677 269.622899582458 311.834814669495 347.717662087546 362.227430995074 389.882131074081 427.024107060676 464.601744082248 481.586886874864 476.135989000393 453.168614891913 423.258360674827 399.759193608879 387.61885000158 386.747112505713 392.41580009219 397.997422400001
-9999 -9999 -9999 -9999 -9999 -9999 -9999 -9999 -9999 -9999 -9999 -9999 -9999 -9999 -9999 -9999 -9999 -9999 -9999 -9999 -9999 -9999 -9999 -9999 -9999 -9999 2822.17005062203 3051.81856275077 3176.89831204676 3142.56389600735 2822.74859161457 2222.65363209734 1678.5539031402 1265.95469133106 912.510986383102 577.016476218547 419.43984647587 340.128195221983 294.754867734718 271.628097739999 281.540152162087 324.978431045452 375.036619263151 390.666485212225 415.389249789009 451.143926609402 490.422586924982 518.474237327842 519.075669495287 502.441095986781 468.644479981716 430.581247432989 405.256453783559 391.524550407434 388.370307179659 392.283337600001
-9999 -9999 -9999 -9999 -9999 -9999 -9999 -9999 -9999 -9999 -9999 -9999 -9999 -9999 -9999 -9999 -9999 -9999 -9999 -9999 -9999 -9999 -9999 -9999 -9999 2211 2497.54862263998 2867.883219081 3073.29683852832 3109.48282106099 2886.05552857653 2364.28213221012 1913.42113260841 1333.64925270811 956.642695399784 656.428766038655 475.716158718065 378.131467439885 322.667594975423 291.255548697802 303.452276106506 360.766406661529 424.301064143765 421.16138840885 434.561443801951 468.367321162132 507.107817449063 545.004866054045 545.165861436268 532.085168300877 496.604855760953 455.642755663568 424.959163637609 407.128369916966 400.027604355989 394.550768203467
-9999 -9999 -9999 -9999 -9999 -9999 -9999 -9999 -9999 -9999 -9999 -9999 -9999 -9999 -9999 -9999 -9999 -9999 -9999 -9999 -9999 -9999 -9999 -9999 -9999 -9999 2340.57738684761 2668.05427175092 2952.83386618884 3087.34789189193 2989.20859871066 2510.46454363718 2123.46207157807 1587.38225674572 1062.97810477571 749.749578123916 538.081369100627 420.229904193371 354.632757759459 313.461650255291 314.738467629318 363.857421322354 430.781716330679 464.625091145867 506.135505542631 501.507483038397 522.486132188654 549.394030507045 570.627158358564 555.941027372371 517.779045438461 477.550848297765 442.384425131018 427.655250460743 418.043929908284 405.335981229932
-9999 -9999 -9999 -9999 -9999 -9999 -9999 -9999 -9999 -9999 -9999 -9999 -9999 -9999 -9999 -9999 -9999 -9999 -9999 -9999 -9999 -9999 -9999 -9999 -9999 -9999 2191.87078220521 2523.20678579602 2868.90826528754 3093.72990226881 3076.87494089647 2671.2578598499 2250.32134579563 1650.88518354515 1211.97558630664 830.388908615542 594.70641797379 448.577021321302 369.987038806215 329.042529352611 318.23633184244 342.713543687735 390.251326356045 455.243468750144 535.759717920693 521.225093600978 539.824147804038 555.087279229494 602.265110045507 606.839952554184 549.430121911607 489.296141934333 458.495456097836 469.659581645907 456.87067750121 424.206778212716
-9999 -9999 -9999 -9999 -9999 -9999 -9999 -9999 -9999 -9999 -9999 -9999 -9999 -9999 -9999 -9999 -9999 -9999 -9999 -9999 -9999 -9999 -9999 -9999 -9999 -9999 -9999 2370.52644233071 2814.82774735208 3115.07237329203 3194.48728061519 2940.57641434701 2359.68795399841 1686.54537442166 1205.72062698785 883.774943965323 647.598131599411 480.10403774366 383.705932841682 336.406290554466 320.828198821957 333.464644957459 376.402873505995 422.791003627264 466.065731241727 497.124679341961 533.295552078097 601.716163223278 648.216625131215 633.924587222142 548.162389660005 490.719735399007 475.68746090604 492.959658045424 479.348488769587 437.294458382719
