rodentData/variables/Bio10.asc
NCOLS 409 
NROWS 350 
XLLCORNER 60.897278365 
YLLCORNER 5.843756025 
CELLSIZE 0.0892857 
NODATA_value -9999 
[rows 150 to 174 of 350, columns 112 to 167 of 409]
32.9055280513331 33.0914558704763 33.1510584533317 33.2315246507181 33.3948665335232 33.525771046958 33.4982680160063 33.5151816955463 33.5731621930109 33.6118384321655 33.5956446257467 33.5224548356885 33.4317511657277 33.3361277569909 33.2708248535758 33.2210639333925 33.1258467856571 32.9008799859129 32.7346491853745 32.7141094834285 32.7724677405978 32.7923834899512 32.9086128916302 32.8273429136314 32.6758026734222 32.550798756028 32.6474265754155 32.5886465001659 32.5483118136387 32.405606966165 32.3513968570783 32.4352646796013 32.5252986539411 32.7896769575028 32.9868397068653 33.0392867958664 32.9608206169558 32.8247801610155 32.7485757094447 32.5373399157811 32.403740250653 32.4653344649198 32.2800835173567 31.3452555880041 31.1762876495094 31.2588847710408 31.3700419244425 31.6137981357964 31.7821978137554 31.8276367904342 31.794285334361 31.8625571763848 32.0009123268473 32.0154584695759 32.0140620471401 32.016079397977
32.662010089614 32.9084457168626 33.0314031922863 33.154558675125 33.3064486981322 33.4400748358132 33.4777977567163 33.5108782578296 33.5579203713264 33.5878765587932 33.5524517266253 33.4786883334444 33.4030869423321 33.3224170039752 33.2690661468496 33.2092297870969 33.0677898791932 32.8178116942711 32.6619215741668 32.6268005722567 32.7523916659306 32.788310208533 32.8203063611218 32.7885011127933 32.7497561766363 32.7285471568855 32.7452173111205 32.6721262881808 32.685550085122 32.6641903199126 32.6204511910532 32.5739455138392 32.5912796987531 32.7953603411438 33.0251275904835 32.9374897313804 32.801355149542 32.709576538504 32.6632790247902 32.5094912684747 32.2261125582984 32.2637067134574 32.2853695071346 31.6695923803832 31.1234016643519 31.1836987472715 31.3439611794106 31.5169472114135 31.6382605282114 31.6540274150033 31.6697115507214 31.7651258509948 31.9285077227968 31.8863434323923 31.8805793529756 31.9159075859074
32.5693717899862 32.7703110955435 32.9210889070881 33.075629527868 33.1975100308922 33.3294263916562 33.4055710522694 33.4656328084927 33.5111909016278 33.5288239949696 33.4834998999331 33.4064673346157 33.3620640003409 33.351062602977 33.2573026799457 33.1243356376805 32.9421300652183 32.8163784274381 32.6558143812001 32.5077548195618 32.6433317851215 32.7339692413052 32.6514525392719 32.7877662870452 32.8274933418783 32.8251313011805 32.8031863344 32.6981231776304 32.72719309432 32.7459036885465 32.6310714013699 32.6464601748705 32.6389484714426 32.8239895726937 32.9819409719323 32.8659293277065 32.7115089171441 32.5994638549218 32.5366720893113 32.3506293669607 32.3273505602036 32.3986174341948 32.1606533125917 31.6823469835727 31.1799426450284 31.1110164734031 31.3065439942276 31.4331050294028 31.4830948363432 31.5089547947333 31.6009688336017 31.7084499202567 31.837738721862 31.7234132466299 31.7080589124724 31.7825549946048
32.507727028459 32.7444157263575 32.8934498083691 33.003786863948 33.0876989315543 33.2078856213084 33.3274017745086 33.4729509966835 33.5029383639393 33.4884049460956 33.4591677755998 33.3890408109255 33.3615994715835 33.3463991370511 33.2079470847492 33.0172973317724 32.8618693425235 32.8780002305162 32.7330416169633 32.5156870492035 32.5619413413065 32.6483807309498 32.6781308701648 32.8398276968767 32.7997659232365 32.806486253379 32.8277252594734 32.7960799373279 32.745052009403 32.7651755904133 32.7273188462341 32.7246694461464 32.6346153508206 32.6814507003059 32.7100150401411 32.7426067007148 32.6693526052287 32.6344255941663 32.4402083722946 32.1990614381642 32.3288374670675 32.5781283392761 32.3440057195814 31.9792665925357 31.5372281979414 31.1967976489994 31.2521107847653 31.3534024765801 31.3561848129557 31.3656456641836 31.4765713992018 31.5466749030928 31.6358647610388 31.6294131173057 31.6345762271264 31.6785629230411
32.1506331567179 32.5118129284465 32.7562827788087 32.8559661203114 32.9243850931072 33.0789152574051 33.2932295952338 33.5069817803618 33.5370248628655 33.4693805786996 33.4320802392189 33.3954000101005 33.3596038728744 33.298256840938 33.1855434814581 32.9778481441054 32.8571733111544 32.8805370329071 32.8015004774867 32.7264988973172 32.6112501973856 32.6121038371779 32.7658743687578 32.7599633782514 32.7550664350717 32.8097718466035 32.7773099646548 32.6969497720952 32.6280338998317 32.6778898572999 32.7800190132461 32.8112312599157 32.6601613141491 32.4215167439855 32.4817408834583 32.5918703238201 32.5697202639181 32.6608884641562 32.6725487574518 32.3949593008752 32.1296596061069 32.2110719899581 32.359408434213 32.3007146389648 31.8023030531755 31.6171623593108 31.4534604153876 31.2632263647796 31.1827065430179 31.2385083294371 31.3742620033129 31.444283642431 31.4601439543159 31.5294811416863 31.5901309000752 31.605455812724
31.6483537852831 32.2145524654287 32.6015303270289 32.8965303288513 33.0610545881819 33.2296806770194 33.3929720247803 33.5340355506944 33.5238358693895 33.4137327746928 33.3435537926791 33.3297574780319 33.2887504314842 33.2168003756495 33.1159012154685 32.9503816290942 32.8575967805461 32.7693884528004 32.7781249600714 32.7318046939739 32.5862751332809 32.6330866374416 32.6876756583372 32.6745422625786 32.7318859557673 32.6865559898815 32.6746983350503 32.710616740578 32.7168584140756 32.7350168150913 32.748296499815 32.7260762435305 32.7173128576634 32.6193491701129 32.604415746203 32.4600509256013 32.3503507557338 32.4555013759871 32.5266811695877 32.4922642096409 32.0364296972514 31.8925907905962 32.1287677503481 32.2189660718039 32.0259877563383 32.0008988902363 31.7050784281237 31.323131991137 31.1179709146866 31.1834913420867 31.3366499223328 31.3906007953757 31.4104508997484 31.4325177911552 31.5131182162389 31.5243775928636
32.1441407723055 32.3833833691211 32.5400812723214 32.7161121201396 32.8415009741364 33.0736352896943 33.2699182950283 33.4341964899412 33.463674199532 33.4127595217953 33.3135806424592 33.234717106867 33.1961107426937 33.1017504025769 33.0201708551004 32.9098849418153 32.8004831555512 32.7506190055432 32.7556031263006 32.7280352651357 32.6001017010662 32.5275744366876 32.5915564329501 32.5572890083735 32.6291689011286 32.7200398123405 32.7464724192658 32.7266589651942 32.6773603341388 32.6179338866012 32.6175715693532 32.5819863434955 32.5044547294402 32.4566505676723 32.4081511164842 32.3207846266529 32.2163927172258 32.3336944699266 32.4018917177308 32.2822757325684 32.0562965149055 32.0798596078 32.0275506282767 32.1522863285395 32.0276104718148 31.891118606216 31.9285665507407 31.554623082277 31.1575682678411 31.214698411539 31.311171027601 31.3442863733803 31.381164321902 31.3792227306626 31.4470785279867 31.4666083577694
32.2201485513943 32.3369855635116 32.4267843757147 32.5453228675644 32.663849110248 32.8597552165228 33.0394431617062 33.2023041269556 33.2917840152438 33.3108640664269 33.2510690867227 33.1116341144945 33.0199257701327 32.984459251808 32.9270045340671 32.8113425543016 32.6868821461995 32.644189382185 32.6294354916262 32.6724920404044 32.6108201382942 32.4283221563005 32.3713003044353 32.4093451581875 32.5746410263162 32.7061506233506 32.7692902765936 32.7422592967546 32.472256195197 32.4027050649381 32.5142613438162 32.3125358751501 32.2139641410497 32.3799526326715 32.1611102043201 32.0760415113905 32.0878010835383 32.1730170534459 32.2819607532129 32.2205435465045 32.3116707181917 32.3358234267087 31.9787235865099 31.8564402124023 31.6823965963837 31.6168321691776 31.849577875731 31.5507278636067 31.1809125109578 31.157497275117 31.240024663002 31.2853182433646 31.3253376456391 31.3063397494518 31.3457959979478 31.4126237993221
32.0509832472901 32.0855450632442 32.2045009369549 32.4483649525931 32.6308165551297 32.7209457892477 32.874840076483 33.0577513154182 33.1821615604759 33.2130191987796 33.1310894692827 32.9809115739385 32.9057521391027 32.8578283736491 32.7914511209863 32.6485174505674 32.4626431202798 32.4305302659562 32.4524097457304 32.5534981128819 32.4693283702062 32.2704313823705 32.2634541922858 32.3340269183326 32.4863122067059 32.6183392629314 32.6679050438548 32.6492330528746 32.437488402805 32.4847245168656 32.524048898904 32.4104583859031 32.4549115513466 32.3907811729074 32.1272966590059 31.9829756425322 32.0511897198575 32.0674458636746 32.1747166854702 32.1657392565787 32.11161835246 32.1947070253653 32.0191770362971 31.684009058479 31.4596322011538 31.5741581321963 31.6075105155439 31.2964818995083 31.0713687345382 31.1003076396829 31.1766209626842 31.2307540997195 31.2401429629453 31.2376008665301 31.2649002988012 31.3181283309466
31.9994419662316 32.0362688284684 32.129978536455 32.331290973714 32.4679191053974 32.6328764818152 32.8628296065986 33.0079317026364 33.0965795259892 33.1025666974692 33.0530820386963 32.9379815833518 32.6773611936069 32.6531088512193 32.6377112849568 32.5129927577889 32.2403576314332 32.1347808433619 32.2563765395477 32.3177951696072 32.1529373298051 31.9340241071851 32.0839543752334 32.2111694599882 32.3722461350962 32.4294752841635 32.4673367153662 32.5337660155493 32.4487866373368 32.5040750306833 32.5098096030507 32.3501989724729 32.4034899458207 32.269394001768 32.1656525073336 31.976783019277 31.7964849942718 31.8549192480359 31.9642476765572 32.0054046682854 32.011397620973 32.1336303561149 31.9989869300555 31.5612553142165 31.2951310226529 31.4526659928615 31.3391922023528 31.084867386893 30.9726519427388 31.0582794367292 31.114473268861 31.1754621545617 31.1409929073626 31.1567837112828 31.167610552424 31.2016015284828
31.9100627577656 31.9983392683011 32.0738718177097 32.2500813249557 32.3666019364486 32.5833033940729 32.8530759405977 32.9213705130914 32.9671198952259 33.0013054511213 32.9510696086239 32.8362369303202 32.4117011648288 32.4532448108323 32.5004314288489 32.3980980891179 32.2875601815088 32.1160850183018 32.155103615211 32.1270606616693 31.9293653254773 31.8862848378342 31.8560327464374 31.7494212608475 31.9346921408025 31.9985690984281 32.2417520851366 32.4704150053669 32.4548293270759 32.4470684743345 32.4168456015755 32.2647670969681 32.2964938416823 32.2161023767493 32.0173306256002 31.7607707198334 31.5028709705848 31.5853160882932 31.6839805734521 31.751565054664 31.8397033440821 32.0006842104498 31.8533100843431 31.3479255227683 31.1133151795925 31.2879553923033 31.1520674950487 31.0054143434597 30.9277412640544 30.9848429061334 31.0521305411655 31.0976620229062 31.057553915059 31.0721641583915 31.0688154647663 31.0958893221525
32.012821510488 32.1324912238011 32.1515383661404 32.1159294460068 32.3065905987715 32.6139720504299 32.87063115286 32.9224703676544 32.9271848942906 32.9523755849807 32.9139079844848 32.7949093848431 32.626282619507 32.5037877795367 32.402180771728 32.2836075041279 32.1995058342881 32.1554764560585 32.0692728112766 32.0158722128438 31.7535242831601 31.497145957396 31.1878690839652 31.1513336309955 31.4414331000313 31.6831294570696 32.1227282901859 32.3876703138261 32.4058742345676 32.339700063261 32.2533414109083 32.1257712005051 32.1244659671163 32.1330945533546 31.9922098003912 31.7518246431539 31.4215628595228 31.3664286554084 31.4931227136216 31.6712164542499 31.7142153351988 31.8406139595335 31.6827156283485 31.2449224256172 30.9042798497576 31.1032151128903 31.0167836814628 30.8664727250909 30.8730467302347 30.896137717162 30.9650624212343 31.0264973103407 30.9998761090599 30.9663536645183 30.9743789418815 30.9888162609266
31.9633323377427 32.1782835096722 32.244738857798 32.111241422085 32.287186492311 32.6229531400453 32.820382992359 32.9067179284391 32.8964507912448 32.8980844436143 32.8632224776375 32.7266622119179 32.5700480111649 32.4382336181755 32.2975614334782 32.1525656207805 32.0728858648825 32.0683409002139 32.0937012082533 31.9305520410947 31.5936945360228 31.1991451036273 31.1087963767706 31.2556542182569 31.457868907766 31.8846616811153 32.1827452033811 32.2886054020111 32.3146546637901 32.2405225165184 32.1911702056196 32.0833207927331 32.0032285699972 31.8778722753773 31.8884932978173 31.539391315216 31.1802201765125 31.2002424961847 31.3576771435313 31.5463927099972 31.5842457353245 31.7150875537834 31.6732961701942 31.4792508616905 31.2865773018754 31.2140120468985 31.0780773831147 31.0361656642067 31.1095827324549 31.0075929396562 30.9144863147612 30.9797131294779 30.9673217270234 30.861380297357 30.8874390967559 30.9689466069641
31.913042987297 32.0382538484769 32.1289840897655 32.1292218436673 32.3477366491366 32.5658034712471 32.6834873264134 32.8167540650149 32.8756390317187 32.8450854427119 32.7997236053776 32.6804047586223 32.5273086198464 32.3695593917336 32.2010281258955 32.0238392718245 31.9305578299552 31.9555250022031 32.0299937364522 31.9225979218025 31.5930718818064 31.1738991231826 31.0091224080327 31.0737945998289 31.4754701307236 31.9667963845361 32.1449468319586 32.2139004728197 32.2065526198633 32.069937919502 32.1506706380541 31.9683748183663 31.9766842833192 31.8436300144159 31.9579677683153 31.686090242953 31.4068986103275 31.3788014813123 31.4536165219069 31.5465563733552 31.5970618318928 31.7490710982444 31.9066854327893 31.9813911219521 32.0049967197111 31.8411071742268 31.7520235558816 31.8709084685649 31.7310059273527 31.295423877298 31.0372828496148 31.2371792691442 31.1184110798234 30.7158671207549 30.821825176991 31.2568811059175
32.0034436827851 32.0062486898872 31.9650783517046 32.1483377643666 32.3646384536431 32.5131616092942 32.6212788813469 32.7096980146757 32.7936840854005 32.7668645609586 32.7187549802054 32.6169717254297 32.4821052548168 32.333338817067 32.1433602945663 31.9272491487722 31.8685521141278 31.8654553500871 31.9302739721367 31.8306717472393 31.3073465776558 31.0944788913545 30.9135527695411 30.8710561745305 31.4698660716379 32.003537056384 32.122566610751 32.1320443195036 32.1393549027343 32.0771176120913 32.0384991136713 31.9571297868226 32.086361635606 32.1139799503942 32.2629660217876 32.1641528862458 31.9912383410695 31.8229123794414 31.6893836930378 31.7566894447496 31.8701627163345 31.911979080135 32.1585683119766 32.4310657862546 32.4814613235268 32.5203569244486 32.5467569610032 32.5540822835628 32.3881853409368 31.7373499372998 31.5375976024854 32.1304989349741 31.6447494838192 30.913784583175 31.2880819433901 32.0202267585065
32.0692395452857 32.073901980549 31.9212295141427 32.0582948630164 32.3401506144185 32.4753450765272 32.5785896811764 32.5815589555457 32.6367903897052 32.6552605132078 32.652537749579 32.587343287575 32.4381741068709 32.264238864329 32.0862220760443 31.8523879730294 30.6326127627113 31.6128293606955 31.5130246742659 31.4735269898575 31.0538172968434 31.1296860959126 31.1261338962508 31.019770115589 31.4249405235077 31.9716321514541 32.1280895535582 32.1668282038058 32.2388718253712 32.2392383027647 32.2200399851045 32.2191565077462 32.2108713098413 32.3293941818379 32.3327909880678 32.1249082491928 31.8573483809046 31.7902081815507 31.818857136604 32.0359984346995 32.1652536170874 32.1882232827694 32.486486375814 32.8369412169329 32.9714766626278 33.0173963985538 32.987058647725 33.0488114459967 33.1597877316589 32.8084676623761 32.6727008710975 33.1957423470763 33.020089257358 32.7551265356427 33.0328193764443 33.3565094604995
32.0567677024875 32.0433820686433 31.9294206233281 32.0263265381482 32.2688702742218 32.3670519503521 32.4622988514578 32.4681686535947 32.5374912525207 32.5875360567328 32.5609555162755 32.4748152623358 32.3463233324281 32.1960064278749 32.017684190601 31.5218260152846 30.6127013208797 31.5171273697483 31.3531685875275 31.4196485480891 31.0442865061005 31.2663474211832 31.3561523416648 31.322582834613 31.5458496356284 31.9301868466929 32.1516007008118 32.2424837631056 32.302897424344 32.3556332398009 32.3654849423105 32.3181690335878 32.4186140607368 32.4194597327562 32.3692274968915 32.2504148186841 31.9334425402354 31.7971547336614 31.9953904061989 32.2843420937969 32.4314125639387 32.3685375541274 32.7649736150424 33.1784979562438 33.3311525993541 33.3673418167842 33.3481176486986 33.4370508783402 33.5003388619424 33.3479822330564 33.3318777419845 33.5188653396208 33.6104870458336 33.6271863575273 33.7016197789834 33.7816482218286
32.0060669951056 32.0266180381449 31.9501898072877 31.9831209031582 32.0764038025395 32.2217453179077 32.4208868824347 32.4855868566432 32.5293235720472 32.5407993862792 32.484496588333 32.358744415716 32.215606687651 32.0776050158668 31.9208387458968 30.7640177397619 30.8885126950394 -9999 31.7443052459464 31.801242782083 31.7915181502419 31.7620580854932 31.8312198591919 31.8357333972238 31.8043755348654 31.8155770980747 31.9804002800689 32.1972244060415 32.2701579693249 32.3713107749331 32.4372939482323 32.4711806604476 32.5128538634736 32.4810362762642 32.4781184292065 32.3912794584804 32.064890465873 31.8388181728052 32.2891949165866 32.8290432218313 32.7900486691177 32.5184038655043 32.8276399493974 33.1874110255663 33.2156311061951 33.1224848563586 33.1019573005254 33.1710303461371 33.2341999146656 33.283372730471 33.3948241503673 33.4965155320273 33.5561489240175 33.6338275464359 33.6768458580275 33.7174790451037
32.1217950783349 32.2050336514494 32.2967489085944 32.1501108185762 32.1108512000529 32.2881303143772 32.4397896216806 32.5421252914586 32.5653456196024 32.5304306217956 32.4536875431611 32.304557203115 32.1239905975978 31.9348647357622 31.551046583216 30.0753902879952 30.124191113668 31.6769083499638 31.651182879585 31.8968209643667 31.9187816835479 31.954073550423 31.9706803041391 31.8459342693977 31.7029914698769 31.5509152997595 31.5724758074287 31.7749096835101 32.2045817165782 32.4354722052109 32.4919267279533 32.5388121941403 32.5579643934208 32.4083150785074 32.0426017903595 31.9232574476333 31.6369536083225 31.1247214858915 31.7607652933747 32.6108591951633 32.7316274106339 32.8197792707207 33.1296371981163 33.2706234516844 33.2349856450155 33.3611052573476 33.3980955061252 33.5422668203532 33.6374497140761 33.6086228932147 33.6039028156077 33.6219612684753 33.6656145725929 33.7284498456924 33.7218624018302 33.6095199495134
32.4596832009735 32.5179510006209 32.4322040317467 32.3047034236682 32.2433324587116 32.2870707221107 32.414114648799 32.5337847373468 32.5660695439604 32.5556465347809 32.4399780389286 32.2686441416922 32.0622716320184 31.7147667201114 30.6198300629863 29.8881615289921 -9999 31.4510924178832 31.3169343656227 31.6083099179032 32.0541667334473 32.0557643523212 32.0388571624498 32.0276839661959 31.8388969004085 31.6692260036596 31.7025312624765 31.8351471013586 32.2487607275192 32.4296694869957 32.5920769299607 32.6422504063065 32.5396201694874 31.9550935859841 31.6581346606689 31.8457714611296 31.9358515926562 31.8593839718527 31.7251284332742 31.5192238819263 31.2836258678063 31.6999256543752 32.7853795590789 33.1851113814522 32.7090960928426 33.0233159630866 33.4952847354092 33.5976571572891 33.6373855268943 33.6049946004291 33.5586513056731 33.5153122901322 33.5436068211317 33.6692737462041 33.6641751095551 33.5785674040387
32.5958151372305 32.546572898249 32.4446860550966 32.3795708127762 32.3990070452092 32.506666611989 32.5970420737369 32.609272110928 32.5839293097195 32.5775008883848 32.4748889031699 32.2799838860725 32.0849499954875 31.9140637351524 30.4633004696267 30.3909648426193 -9999 -9999 30.3319505652948 30.9943667165436 31.9840357005113 31.9940957878733 31.9863966762694 32.0172028313937 31.9491387126225 31.7522995823864 31.5477962349556 31.4481747303616 31.98329253987 32.1190593224373 32.4084037940092 32.4400750195991 32.0146471518412 31.7204504844472 31.577414412218 31.2320908030555 31.4178983421775 31.5828850822739 31.3423495366842 29.9201095277501 29.4913853301503 30.6309562526672 32.1416423472409 32.7568188194722 32.6419727855069 32.8848915923685 32.717671621339 33.1596731629206 33.2874157314588 33.2629912728572 33.3184277484718 33.3822102716227 33.4732773430297 33.5539083560687 33.6014951881492 33.5593302109086
32.4457916833198 32.4303832081645 32.3678384268676 32.38481298682 32.4774617499198 32.5655354751055 32.6345251527445 32.6513172124202 32.6119266875249 32.5649408846131 32.4715053801437 32.3109962113329 32.109514130416 31.9139665438142 31.08285920079 31.1776686425774 -9999 -9999 30.4512656835889 31.5298734233837 31.8262838923095 31.8577507902943 31.8384823785053 31.8357985216595 31.6491990819819 31.4037687038946 31.6063120645016 31.6324228509773 31.5728718349136 31.3965615657943 30.6798296095477 30.848391653344 31.2789125862905 30.8213355602409 30.1704145798378 30.5394452424057 31.0704213776829 30.9782207678075 30.5350014869328 30.6294171219023 30.8651351017867 30.7560945053652 31.028970962683 31.4693228285906 31.7651127099315 32.5101010124146 32.6050384623423 32.6991267385626 32.862519035272 32.718962373259 32.8325741734991 33.0534250632734 33.1968708019433 33.3143784533996 33.4273731139004 33.4248391477123
32.3084291969797 32.2598104609307 32.3194757386121 32.4095309326952 32.4635786969464 32.5377031051095 32.614754728544 32.6169718806578 32.5160102154202 32.3906373837057 32.245481363862 32.0866814436797 31.9223880140113 31.8019586993272 31.6932092838484 31.4776938115911 -9999 -9999 30.4690857441869 31.6540694331113 31.5431830366539 31.5320906125427 31.4570089595657 31.3778223784339 31.3723100843478 31.7411910770633 31.9094374315462 31.6605136574305 31.5821061270532 31.5351606352634 31.1856873477105 30.8580849857279 30.6656672756012 30.628505040763 29.6606078236017 29.4286976529932 29.936034919122 30.516647617311 31.3150290241993 32.1900622821692 32.4763503096044 32.4231338685624 32.413294909531 32.0485656403226 31.4576321566413 31.9338432129527 32.2222868565253 32.3523056308086 32.0910123539136 31.6222960036814 31.8453629847297 32.5031250133229 32.8865913993853 32.9188025031634 32.9401224319683 32.9632028585986
32.1468061963069 32.1820406291424 32.2882801868802 32.4160831296292 32.4262310717571 32.4963456082452 32.5275996723248 32.4385733336005 32.3615481287263 32.2707880947119 32.1152709374548 31.9526650772521 31.7705585672198 31.6453013919083 31.6858464469232 31.4812536730828 -9999 -9999 -9999 29.9877907111859 30.5911578772173 30.6830236468009 30.6781991537535 31.3087942292559 31.824564419434 31.9261809814096 31.9178229086623 31.8102101611861 31.6940266218076 31.6208565165634 31.5743642909345 31.1590622442371 30.8803665153509 30.9721658169365 31.2019314202556 31.5611762519191 31.9076567745716 32.4135525104156 32.6640881989329 32.7449703530754 32.7698783253159 32.8046348699209 32.7109128734416 32.4386657971766 31.7528852408174 31.6795121127288 31.8793554369009 32.0970391063294 31.8581856418769 31.2771292153922 31.2769957371752 31.9428472907701 32.2164238362495 32.2671562018364 31.9053911766473 32.000032125236
31.9042421574947 32.0725833893956 32.1799318326694 32.3320875972009 32.3500605057352 32.3604204131032 32.3591565813546 32.3175853305354 32.2379315346633 32.0320999368277 31.8891343198965 31.8344576730036 31.6591552293617 31.5533254349273 31.5156202027044 31.4717865601546 -9999 -9999 -9999 29.9630261223203 30.441029537684 30.5466003794901 30.5612396090916 31.024265180169 31.4250742860347 31.7896935406786 31.8843341247392 31.7849422023725 31.5482800763205 31.5094527817306 31.5808187206534 31.7353770846005 31.9505743667455 32.0317728091196 32.2722820186768 32.5271218528084 32.6030664058751 32.7058093748674 32.8422532549689 32.9681497681957 33.0589003868178 33.0638952242431 32.8299396182719 32.7269093713 32.6737596061809 32.752058604116 32.7530030873835 32.5376422266277 32.100764478277 31.4043099627947 31.0664254068808 31.0363378498002 30.7931256360624 31.000320281766 30.5133555795459 30.9679783200016
