rodentData/variables/Elevation.asc
NCOLS 409 
NROWS 350 
XLLCORNER 60.897278365 
YLLCORNER 5.843756025 
CELLSIZE 0.0892857 
NODATA_value -9999 
[rows 175 to 199 of 350, columns 168 to 223 of 409]
542.797372037306 514.629310918216 492.00630581644 388.031211233193 311.257458757046 297.846195252737 310.170786943969 305.315291070266 314.547249005799 349.800685582715 411.251077271922 441.182119188548 504.430879171157 564.182144837492 652.813621815032 760.032263637004 787.725952716754 743.874071709428 688.112571723237 585.104910317051 564.36128096998 566.041240920446 540.030456183232 474.771407256828 424.25149667537 396.160565208764 384.198891207815 385.742469649701 395.940626128683 414.426426279323 444.529487832851 432.106240590092 391.059672664285 337.879752336969 323.093722522565 330.431310217453 328.26063621091 333.232524142015 331.463224928592 345.406615096944 327.96661905173 307.255457129298 285.414257105032 277.334564933194 273.116022363264 291.313286006853 319.556436048461 326.606693736373 315.038879152665 310.878066621808 306.491642842088 316.783566009115 419.195765385157 576.953176556564 511.196057224044 368.460079923705
390.231658891393 353.988416181262 338.162335647633 274.215179843199 265.721646121737 304.22437984008 347.56593051507 374.737563004928 412.05181015598 463.313647622445 555.44162419561 594.513896999807 685.614361818408 703.659987009419 771.987623993823 693.146764609035 595.285745225582 482.275555379977 473.448629928242 437.694377268072 427.902405890195 422.240563864499 405.297816433657 361.234741003962 357.177160092399 366.803077417709 377.625084149229 394.168185044802 415.259327999982 419.608358801659 432.694204997725 429.503675707689 373.885991402328 332.321523830265 311.237124105881 301.407005780367 299.597002702415 302.376306425203 300.522466439271 294.653884519017 285.189415044067 273.624089131611 266.901422382075 262.881378432837 282.076073598046 311.144945001023 342.759126691542 333.430870530029 326.760983859462 324.416399108643 314.929063638016 330.06721997359 425.901182993721 549.994611259091 462.565391659165 363.004237162479
286.231208259358 255.092490235016 248.293380555216 252.100096134752 275.715043744269 323.62577216258 404.410976928426 507.484215213734 555.700747671679 525.849306949181 543.990723919434 575.239931342591 606.264071602725 572.091601605039 545.176631306191 451.675281877749 400.723508634312 370.078299289962 366.79501451351 371.917756263875 375.808110519745 373.421976420993 361.319721290317 340.554426540641 341.060331438377 369.505510207244 409.321345577405 420.221240081096 450.315350535741 463.013118460616 449.621342154872 443.745369341312 375.469883571022 341.629242343418 324.628833599028 304.575043365843 290.346168368742 284.998480970848 280.942069756731 277.649616955506 273.414975110181 265.342919601073 257.689176159136 274.986052267324 311.59309897159 325.71247235575 327.736599660332 310.612629010154 328.632893687155 340.889078999897 331.550637554125 365.870382274587 420.067018142339 457.642058980614 402.727595101864 351.211198594145
233.161668440577 232.237726415117 259.918463547228 321.489741362447 394.982825593205 457.37674847164 477.502090515389 475.413435538536 451.531104246765 397.293826163921 376.788600946181 384.07055327933 379.51264620853 363.611126937715 354.234687927392 344.173088616795 338.933285712898 337.239842376676 339.853509803053 347.295317118562 349.250816834936 354.24099578121 357.5858249657 344.01233057279 322.733818668025 351.404220245902 436.158352620727 446.704853874589 470.393906099743 492.044803444468 471.367778065242 437.73717219195 381.225703553523 340.765532322613 328.983916872732 309.926260420681 288.089219653737 277.497750849663 271.325037675269 265.885087167073 264.887062986051 256.773631353316 260.360299166177 280.334316595418 290.349741976524 284.465623242124 282.715790923789 284.309780876515 320.58689920031 346.609126429509 349.118235836099 381.152158147055 391.364539237391 370.235744422758 343.053337925214 325.247362852237
233.343032456155 234.70285798769 246.59925395374 292.601612742917 351.472802396104 380.014398312722 357.474650168557 331.578171768367 312.217421988266 301.076158968655 295.034804058505 289.415825874246 295.105695655689 303.127489839739 304.937685768131 309.58657784896 312.770395063124 315.448524354326 321.759593074405 328.526819121591 331.749099728904 347.091776830161 355.173181314646 336.605132301946 313.19002281385 319.012586246546 402.305155974731 438.745994257118 430.506312873598 466.087943230983 473.590313524347 411.258417117352 403.40704976009 348.545627737518 308.889655250544 299.453464260239 286.98467604482 276.613407114627 269.457554560229 264.716455364872 257.647338580286 253.63687181093 267.352394523845 271.017871848984 260.487539276204 253.790747616889 261.461185863903 287.848432659291 334.642308128572 352.857121663462 357.994599404181 371.101735145677 367.176257565124 344.766586512276 336.659013697253 318.036544248388
254.654182090001 280.882992880756 248.609376782289 240.917136088308 251.79004021917 260.461961247711 260.008622928488 260.273871725503 261.942830984679 265.312611130499 267.369839196375 266.626521853874 270.383340976951 278.506467535532 282.845786707193 289.03171441711 295.097552501952 301.659964719803 307.979660695627 314.998371326992 333.0212226925 368.069219397684 378.283385954371 346.957332251506 308.950202783488 294.869196227718 336.884935120754 380.812026702597 352.104045185581 385.548474736818 394.005230587755 359.490216780151 377.121390683008 324.045246187701 287.981920453022 294.946405898894 305.933307428651 295.045909176493 279.099452309638 265.810736618161 258.174021045741 248.281292558451 261.189910595949 267.998992976119 247.206527359491 248.083724327534 270.693480790764 330.960344333969 366.100807724338 348.403682516745 374.068114440981 377.157524406886 365.609446508968 343.700563158151 326.336674415403 312.812052913324
305.320993169968 286.18085517267 260.857038320811 250.936081308295 251.701496954296 250.002079293488 249.706762630875 247.575878872267 251.381497230916 253.871104258247 253.067382291349 255.408391049067 259.580324627124 266.003736699735 271.285142746844 275.296005585381 283.065030395223 289.888447674577 301.524978992827 310.978287866145 352.609257860587 390.729250277144 381.640343456575 349.441849873025 314.719482719733 288.492355444483 293.881796721757 336.319621658827 314.324479977882 298.866874829632 297.131213052967 294.112687820283 314.084873906437 289.683256306475 270.509827428412 293.791448467955 310.043512659429 288.450749797804 277.118486217814 280.57762265691 256.708288012841 243.190145971283 245.215070793661 243.54072570198 238.582062290458 252.335903477727 268.258365097682 290.350546148771 285.6361939055 331.378144807494 390.284536612632 395.568743512859 364.220571337005 345.478113715058 329.211497629109 333.799579044631
322.169581882755 304.863021930091 283.480387141838 274.922585096932 280.989567582032 275.153833737157 272.8952869416 269.798201825188 270.485219896928 267.102964507586 269.490707541069 268.01852092854 266.54681878475 269.464227759418 277.488059667679 280.578404134033 282.685147326401 288.76323203002 302.01004696135 323.570110124353 336.684740803535 334.64063508131 324.071365647916 320.395482191693 308.652537940544 288.833571209817 274.767899026529 302.256715738406 297.786302658073 280.175687257412 264.125153309124 257.265207308914 255.208924740399 244.687800652997 246.346526833751 268.214935407981 294.270091262163 300.594948749145 289.047843957136 275.961721030882 258.136045355629 247.220881823856 234.588717718713 232.665178738693 236.662187636789 250.098998504751 254.055542643976 274.923177934705 303.363246153529 359.761065429957 399.27788049697 390.618870627785 364.732174887242 349.195987301086 332.926584839541 356.802448729248
354.15522516296 356.503900266028 324.841620960752 317.465942090215 318.564267560276 315.213516734078 308.165983760943 309.152833667636 296.139919838784 281.486207826189 291.347713286378 284.120465548863 290.563190096866 297.751792411896 299.996938313604 296.235765639444 308.198824983588 306.937057477379 320.082135160454 318.256606188276 311.1093626844 306.492018197859 296.499427576605 288.946512234369 288.934828938206 276.235181936399 266.907996517497 284.712261312367 264.943963916422 262.504939755666 265.560916159714 244.543374884465 233.627933990988 232.02127548902 243.807537784332 251.023816869642 255.548029942302 274.992054386208 283.249286222475 270.262410781809 260.973668641734 256.331100088294 240.915243122442 229.533649467807 225.368969696226 232.749154036394 235.537312785134 254.246269487891 285.05330103119 325.308850138858 369.397839308409 379.799941908832 366.211630246352 358.959566673324 361.603158966029 383.632238705635
394.20709995889 417.626201112698 395.674548844338 395.692422575202 399.88751963952 389.198730663954 358.802115877167 347.601891063642 321.888178968661 297.699863671288 302.360312215804 299.708161762418 299.363081110708 329.930397752494 313.298480397708 324.396637367439 341.233968340339 343.799583003928 344.374160240138 344.5690529446 326.677927413589 303.473754171485 287.982574295774 276.17474553801 272.152027745806 266.267550998798 260.113890373832 268.661653862716 256.764344765107 245.593803810741 243.629828025473 245.469720825454 230.779181982074 228.389901953748 239.8417444002 250.985479667099 270.326160083009 280.003875832726 274.255052511703 265.754459768734 272.871204070745 277.575188923502 247.271549168678 235.647561650413 224.106711131856 225.42188641744 233.110050740842 246.684674624314 259.294387142487 287.568887546563 340.548653401038 385.868744195093 386.820596903671 397.075654623973 396.361095009056 396.78003564567
551.051590044999 588.14201165422 580.315941299184 579.138865008191 537.607670158474 499.698272026871 454.504516189212 396.725136323886 354.010413387675 323.346285875251 317.397232188108 325.791237065187 325.352509932425 335.171176812237 335.504174819876 355.204124189915 381.251147445411 386.1812343812 380.532671749337 374.288634047416 346.141746705383 328.896318712699 316.883957385324 302.480118767741 288.700400790989 273.997142565503 259.899140970947 251.928493305243 244.592613940306 242.092021452022 236.576877057274 230.728373670367 221.847554851247 230.178677993799 235.480184244142 236.44984113722 252.785857206362 264.512374615871 249.616458277435 240.504097629499 275.969062221105 260.014551123275 250.200741960053 244.4323029626 224.029123721948 221.56306860856 229.715898689053 240.131576409766 255.383125638829 276.676429816618 325.710384591122 389.041210078345 410.44009830849 407.159382302338 380.914746032256 392.655841337984
600.209199571306 663.204376956591 655.879126682727 620.607880189814 598.472923754395 568.499283965491 530.42452640797 461.215621382649 389.879264846776 359.859418491748 362.646857776509 374.769210505139 375.336167084456 376.139365293513 390.287603290612 399.603273005186 417.423853320298 416.044362375245 404.576808817797 385.646540844666 369.800303553787 353.476043021461 352.6537129769 362.445247859273 369.236916449929 347.824203062823 317.591755490348 296.26896596841 264.635144802283 236.750838336185 228.615476821606 227.044932375666 218.746895223205 223.099839633746 227.202142526837 236.390504223314 241.715601480639 269.422366023823 250.548881328862 228.816762825122 234.776605651345 229.913535730837 239.466357930808 249.920111038026 227.569157378674 216.798373286496 225.119386580465 232.838084639163 250.758974032017 268.248801916955 299.172202557154 365.51252976571 426.37246939417 404.18972241921 363.144080938188 382.85676460093
574.422303886297 605.000610663129 644.853518581662 623.132859077093 602.091876090754 584.073758523787 555.91774496658 514.970546691087 469.67682691197 443.877386186625 431.206882928952 449.207207293697 444.457351898345 440.426246024881 446.686467610572 440.85354334185 431.489969568798 420.315668389498 409.860989296204 386.436124806302 355.66052412251 334.919149743638 333.208060791299 369.373309566194 409.747298036323 400.589369034373 377.185522268903 378.314443499593 315.412228932125 266.851797113701 238.301850092565 220.359717953963 218.114842137843 221.255791596272 224.918833374809 234.596997504094 232.346084884377 265.518609784407 263.993449320447 237.273647987986 227.46171703796 215.152465959596 238.488532933495 241.685563461475 227.91688696604 214.504143346414 224.132311419377 235.173713423405 253.771395348143 274.996155020635 306.091031503953 355.348582422678 375.630130893214 372.158750935026 352.259698266785 375.544473906408
567.835706682919 555.836355428414 586.416596747333 611.201162024813 610.536631468249 587.530251598526 566.439956377823 551.718043661379 538.020691994306 521.0617877416 501.408140035357 505.157718222324 497.007653379797 501.170500965733 495.551254566964 480.962622397562 463.946989691535 430.692943645242 409.033402874662 387.3853205157 357.974450914211 332.435151145201 318.780225320567 337.560156120217 353.65944906594 356.42493243602 336.945373227827 367.337748721924 334.384215774636 316.249602224669 275.119342029422 230.796899975847 215.003129766899 210.334575994482 207.82836762032 218.218658539392 224.458220763755 233.596348493137 249.134064747761 252.012414204834 233.536609890431 212.78914383881 232.564411758011 226.769081857138 218.667779148291 209.187002460001 217.600442821048 229.698997725083 247.678845771038 277.579131149622 312.336724375253 349.883067394208 372.805763352009 361.593689356245 343.093179765533 378.805506621711
554.949798332976 546.668212173557 544.981032672343 571.041775672525 584.458658802641 587.515147570053 563.971610933712 550.000026362184 546.538949304483 533.440082583372 534.133571648534 532.270934048697 532.932916613099 534.049016871639 532.951942479431 520.578842062101 490.658017222655 449.403574317515 401.395712363309 364.624033623252 351.755475107987 340.018229035329 317.480306829512 308.230437580684 302.493334980927 304.997398454977 301.504974952274 335.733160684155 303.986528441646 313.868854791474 314.647924978267 274.172273425532 231.716010019615 212.306473430896 199.66272657316 204.945162642495 220.115398758423 221.658622981167 232.730542477639 243.392310966707 266.312183843289 233.759132630011 209.111809695624 211.911295709251 208.950598633517 204.711782818083 213.0409753876 227.613966907329 265.644617001956 320.48777757653 327.629435377876 341.97127246779 368.976676274515 355.848633338975 337.371632985303 402.39690900439
572.953335949153 555.945737199231 537.73550618858 535.817562889411 548.108873545503 578.219914550564 565.080984286113 543.926335530228 534.797712871702 524.617602455185 524.547211610322 518.748601855295 526.445539055955 534.929366574967 531.938226418009 529.469218336752 489.380108470129 458.244504602189 435.075006231077 389.854249834957 356.242443486244 331.659864490867 316.300484161062 301.78604497205 290.378851390242 285.867730024212 288.084397102969 305.286770985394 292.909055668824 282.563260394356 314.548015481284 307.986485463619 249.401826621594 221.042310435027 200.260681186631 197.5588196268 208.406536123436 208.530918519708 223.336615069818 224.359495486841 255.68949330148 233.650793050926 193.984039257809 197.198324290197 200.037390969087 202.628907997797 215.940205417218 235.55207276349 279.847671796157 336.41632466982 326.141448590818 328.724599574202 344.192125234189 330.497610497249 339.110851808937 395.743957496313
589.650019293581 565.720806749453 551.152835502382 531.124977095659 522.765518471142 544.146928054061 557.192338046104 549.35694169597 541.840082461049 538.525917515963 530.680400498187 516.100562338441 508.626700688671 505.082657202421 505.312426794084 518.267008040252 488.214568702071 415.569033354989 395.323174366994 392.434597523834 362.885003528971 329.832449238824 314.863843689528 306.323231389487 288.706303794176 283.961476910818 277.64863890349 281.877835280446 290.751651961817 259.596057758986 309.366056057648 322.712672699395 258.473447028973 232.460758085327 206.611315538376 193.564681602817 195.514852307831 194.686263729895 217.045074792039 221.269124598647 215.496352041305 198.795595738454 188.565178612783 188.072585342285 194.564570629874 200.258905665689 216.59198882919 240.921377263168 279.504927311418 322.105617340262 314.796597679572 321.716006349817 332.249412298778 316.337553346205 353.566108102921 410.34866568178
552.965537570797 529.493686037054 537.857688084282 547.311363020147 529.657266489564 520.865778754813 521.049249280965 523.262399158679 533.437866884776 541.069616366818 533.726740289975 520.342360855977 509.135496283485 509.082690730396 502.923838423695 495.202389097275 483.07805228077 439.590635358952 355.855807915645 341.2502195863 327.303835878197 307.217262239431 298.144020872983 291.207883125528 278.752347128301 273.679649617279 262.822532557118 258.37592799599 295.224987454035 247.995634494664 265.42615295223 297.628933164933 255.107085281461 230.007323301668 215.355792675497 196.256349459164 191.017125582851 187.025481120773 202.384411999124 207.130175052389 204.450433311599 184.965553648166 183.800554891382 182.218458805047 196.33349797798 207.004934267222 223.203333432271 261.878818492598 289.06470615689 307.294654102151 304.751476962003 311.458274758482 315.267958834608 322.639447233946 467.085175350899 561.939944310942
499.566732476404 486.997174631296 489.224580845953 530.623975751239 551.293672818772 523.581325667836 500.402000255642 488.012505751904 487.689004170774 506.049530148554 508.13725041703 496.450272208646 485.708281711525 490.326540227667 500.22151471791 481.620680166908 462.936034389824 484.57733222839 409.480989450402 324.828226234015 305.082108343419 301.844625293534 334.33077046327 344.656339955524 335.347235579806 335.814547393441 294.915340274081 267.612177950743 273.300221631916 230.938450556559 227.986548441809 236.213302938093 227.323123024512 217.018981790398 208.313689260537 202.791084392522 204.756705215383 193.241741101812 187.825448279282 184.186801179375 199.481197970813 188.88808053473 173.144952815612 178.746347463836 194.569688944617 210.569587823621 227.268532944077 261.559810804441 287.572522362332 289.307801675429 297.099569594686 307.183053547687 301.769699392678 334.551001621261 481.444639134077 601.495085223735
473.502647862011 464.943090230071 457.649603747256 473.970835501605 488.979020903224 497.900109725466 507.253787008269 506.448584523084 484.141763595048 464.113218518124 466.363624758822 491.10494320048 485.937397348001 465.446766814477 465.487993184415 470.148989254832 446.008993615853 448.411258977138 439.520692505523 401.268522673876 355.793858143616 312.353250649618 317.454752402062 347.32529791555 382.447144339097 388.760968057509 412.460931775017 338.135041310981 268.242147944097 239.703284150535 242.380937885716 238.064343517517 236.49934299615 245.943256962021 252.318384080589 266.236509123474 256.945397802872 222.59626412797 202.854212387192 186.224576735915 206.280286618794 200.857228288112 177.785906561264 168.257977264387 185.144237446267 189.105379048103 219.499463466517 252.403533593408 269.930412652683 273.835799382501 297.783359717403 296.749274125206 305.07217185698 359.477564101784 498.800017755901 574.36853197229
481.063204483456 467.563913831783 460.004175280027 445.537249885485 442.906396715737 454.235647380461 465.71587930176 468.273039899579 470.748523719395 470.371263592372 445.037144789581 439.663730186087 459.926943456707 460.178469374625 450.932403724823 447.24196741154 449.88675010058 431.996938553822 422.441680154232 423.318171014129 430.872775791634 395.800320291014 362.495768335939 354.945989888429 357.934627254088 343.863687330717 409.591364697141 350.165940748871 294.812079822959 280.903712649234 308.190734888829 359.619326911555 411.248354752151 450.162690550059 429.913809578279 420.786321342463 412.642240405364 325.366846395863 242.324684439191 191.298739591137 208.790537675556 187.451600964283 169.580084492703 161.760782418952 173.665578356935 166.533102939727 191.363925945524 238.497101120644 250.05973227447 273.226038838563 282.334367104369 277.404530552298 326.91185462612 422.492566583863 556.931000012004 560.97452468913
480.257499080217 486.133198801 485.640265928704 455.908707471049 435.100053116003 426.583425422191 432.179596094787 437.196657546263 426.014028912239 418.295107234546 420.690138772174 415.015467847368 469.081132916285 504.830761873897 481.367065890825 446.737986454838 433.802204067344 418.370711392996 411.94568182956 408.870383106296 409.342846453406 402.304531513748 405.077399910902 410.841850555698 377.887513823612 347.068871515442 443.356050061387 487.624410418995 438.404822446162 397.901130585357 458.223521462514 491.743753670284 464.891921921817 417.927400770031 400.555676065105 421.122029584852 426.344094141094 341.148193975205 298.856687855178 270.070452386689 196.230512265184 172.68448987199 173.424919662276 155.893356218387 151.215319931326 151.366278065215 177.983808378723 230.9386588827 241.720595355475 236.678333764396 258.228374534334 295.022852817285 275.333741815849 405.286278975572 507.572196591038 703.361541430186
446.032038855326 458.696148346895 476.246881399955 458.356588325479 442.156457856545 428.223961470387 417.799562095366 417.506877357756 413.565252213136 405.699488417587 397.460100363186 399.757828212391 422.585849711705 431.503752301527 439.984603379618 456.603513391528 451.059689971813 433.830068644115 441.962094060778 420.248438616412 398.294970361995 397.604759929314 393.304434015949 386.532731551911 404.799083774151 433.804192429553 444.301650113693 447.741155340335 474.300762962727 420.641993052166 418.47594931885 436.726725570411 473.794978801046 454.490570938845 358.405092843447 302.430898023447 283.601072999302 252.113469086255 252.162109973993 308.398521724583 226.54566208556 199.79109188748 183.803916634312 161.357912143122 151.452166635527 139.715741012316 159.366596408421 202.030196266769 229.039877099583 220.388436246971 236.676751026902 249.629576179486 250.399484535184 276.636285055777 440.157196251502 574.671235803551
426.001730918035 433.622226074495 432.916810202472 440.781653756648 439.472470338577 426.153979558695 416.851959189443 408.488076932412 404.494555756058 397.030592490103 391.239765448796 395.142264489871 399.38028749911 398.114045086585 391.113495038552 393.39746724815 415.420292356554 493.151882378758 468.525061023561 421.343851020409 414.677855704414 420.889986113961 426.102562047787 426.403996621822 467.041287290274 513.334576771645 471.828932011722 431.040255203516 426.880453106999 406.172674702648 360.232234483218 369.847212245106 440.347835283386 518.054934697601 503.254368618018 453.340877992409 345.911880204194 244.007366837251 214.686860051259 224.964032121746 199.971469566078 194.376356982751 186.147289762259 163.97905387051 163.38971162835 147.099601072849 166.095761044968 213.194506405345 223.853932330703 208.353502760556 213.12864604398 231.134827697413 237.989948280484 320.993445608556 497.069656534549 556.730048315412
430.214165374974 423.271975808161 417.981915925659 414.743089990632 413.384584982361 419.218879192 431.225672516228 433.306469310801 428.148424639167 412.096717237891 391.937402218364 387.453048483736 395.104755300507 396.515659704711 380.683767952533 375.632744592255 379.876296817814 419.241368703294 467.318542469156 468.539414608483 456.168083927736 453.499351264059 441.315786243351 442.61745579479 418.344753779216 422.930956965784 471.893489808764 466.83901306977 410.724058378848 342.717275202969 298.456092104743 306.174565931164 388.267713771962 468.305567698605 506.607808435795 466.827561573501 387.368151857195 297.167697013648 241.910459870364 205.616652365747 183.804798912375 163.777114491592 154.139686167444 167.797962636649 159.812274842415 156.602445325206 184.366639278695 187.646676219612 210.353201300931 203.088297448722 195.430791742234 215.208134328809 243.665158097951 277.408369017332 379.837329264038 497.762558387138
