rodentData/variables/Elevation.asc
NCOLS 409 
NROWS 350 
XLLCORNER 60.897278365 
YLLCORNER 5.843756025 
CELLSIZE 0.0892857 
NODATA_value -9999 
[rows 100 to 124 of 350, columns 56 to 111 of 409]
1745.38201197986 1622.25869519913 1614.17951515333 1659.1886125137 1615.67972774844 1619.1556826371 1574.93549576848 1528.54800151549 1455.33367109483 1284.10825211264 1245.21621169651 1475.01518806729 1384.21939705112 927.786366852804 986.044172050422 673.251117875888 281.550166737069 98.2468574299359 58.6825132421643 51.5102249220795 50.8918064991156 50.8495604065669 50.8495604065669 50.8495604065669 50.9584904191042 51.7955064279071 53.7338695440735 55.8767262323326 60.1602310537289 61.2255500606802 62.2278679452715 63.0752197967166 63.3707246335305 64.44215297766 65.5795282513982 67.6783364170981 69.6127188941938 70 71.2847555024664 72.5698438555707 71.9726194379559 71.9201436500478 72 72.1563241466624 73.9477440499635 74.2824383583489 75.5687757348639 76.9523806031991 77.1648661272046 79.4919378335785 84.8826721344144 88.7534410434657 91.8621473178547 95.8145235151675 100.740769876273 104.191169238962
1865.60709082267 1698.23803655186 1585.80252855355 1663.63816897039 1573.67549555186 1520.31109320164 1494.48969825633 1459.89623390974 1511.69544157742 1456.06913441726 1307.20597156817 1316.50967990386 1094.05786842674 803.703113990397 1066.20527002462 712.882888733432 541.65624906979 178.9444357571 53.5637415489469 49.799541323713 49.2683390110788 48.7067037183384 48.7919387554022 48.9490617301023 50.4481561675553 51.7955064279071 53.7338695440736 55.7391170259226 61.4275065953177 62.889084059122 63.4235588630297 64.1466481408308 64.4421529776447 65.5673913905687 67.4155261488893 69.2883819918388 69.7067037183384 69.7067037183384 68.9826288167473 69.385547892049 69.6871894833866 70.7826723920662 71.8547872919559 72.0693063555828 73.1362566913806 74.7395636527326 75.1921882820599 76.6897876115532 80.1359649954181 86.0104978380396 90.794002145902 95.340693065411 101.370967302242 104.967512928928 107.45460510207 110.574847945349
1719.9965824292 1675.18711135245 1600.22053052035 1608.07724169503 1603.67586189572 1567.43326373615 1483.5350894384 1488.09103717158 1625.80222784636 1665.7250272628 1440.27162414221 1106.81537206224 1202.29355752811 1128.61730502631 967.826732897289 770.531383011206 691.795374087009 346.86829619663 51.7264691693231 48.2769308592498 47.3435588077954 46.7819235150549 47.489895629483 48.7949773007709 50.5083282491644 51.7955064279071 53.5448114563111 54.7202866312212 57.382801099104 61.3713534734954 64.2608499469005 65.0488658138834 65.4491386656623 66.5738273652671 67.5638470301098 67.5638470301098 67.4370970051603 67.3457705451647 66.7795993529496 66.7373275816989 67.648855104905 69.6586433830141 70.7917117931642 71.7996349505518 72.1193566886581 73.1037270653991 75.1312896048823 79.8769689009679 86.8430133204251 92.7504883485809 98.4680327273766 103.639837727065 109.683098181293 115.029381936808 119.241345295317 122.355048592884
1628.23748171063 1532.06657384403 1499.07833693871 1550.65997160886 1616.71053948409 1529.61353937442 1441.2989966283 1406.22959603965 1464.98075653476 1543.30355815756 1377.92193083807 1232.4484632867 1304.84880496716 1337.62473617785 897.072075229186 886.763055829946 787.809325334434 558.208596678104 62.0356711349853 46.8937701509164 46.272130463681 46.0056702713368 47.2836812193412 49.1163542279837 50.4345732547182 51.7363045512746 52.8669347720368 53.9383631161663 55.3160445349076 58.1966323620831 60.8548134314862 63.6167899717491 65.0986309155663 65.7104951709405 65.5835873925581 65.2734037129414 64.7185327789866 64.6099346719352 64.9201183515519 65.7955032457205 67.1179124715759 68.6229052324527 69.4307786199903 70.5257195684577 71.8430695356262 73.5755811168736 78.9239470737873 85.9098061300277 92.6036247449172 99.2385062194957 106.842313237792 113.810908542243 120.54430580772 125.163141042898 128.244853553117 129.123962909998
1509.40755757509 1393.84493170785 1346.72181181912 1370.53255239592 1380.70243337979 1430.25382061342 1417.94921548762 1340.30619213981 1274.80068726781 1238.40072252143 1232.48987565679 1203.94238738635 1104.38560453606 1084.85561158542 881.082435720343 930.669000907593 731.244238951085 352.01606061246 67.9771390027312 46.9576114655256 45.3589224843653 46.0195861027782 47.3714393129176 48.5272795079766 49.7240780837777 51.3038881965096 52.8189071170689 54.6157358703804 56.3769820309307 58.0519048826895 58.6941626074633 59.5104761989765 62.1646481640942 64.1456952963119 63.4788389554059 62.5914106864194 62.4879145876968 63.0561515913422 64.2635512070904 65.7216935832946 67.4209588100511 67.6390668268263 68.0133211923872 69.4354250981138 71.1217309773192 77.5972523498493 85.3888304888873 91.4996162403668 98.9114767477901 107.284481961947 116.025099073693 124.38463504142 129.806598992063 132.280864443339 133.121310757784 131.396316118733
1346.41339308114 1294.43243718501 1252.98358862294 1214.75613485309 1304.91591520781 1480.76281493058 1514.65147742013 1354.12732093807 1209.26851347324 1130.56679758025 1237.23163843925 1221.82174671345 1192.62316266362 1077.82358654715 1122.49991126127 880.175223882116 489.010478900854 161.935299450277 66.2939301548097 47.2585421929032 45 46.0195861027782 47.2512977644466 48.1732997332005 49.6047800654267 51.1394527940894 53.1662310613616 55.8417387651141 57.0055580096658 57.6027548005871 58.1526481485549 59.4178405974154 61.2401778665745 63.0375260793287 62.6395623458454 60.3556904867704 61.148856696044 61.8498177385488 63.4481498031822 65.2470615011137 66.4345700725621 66.9733492075297 68.4434739239566 69.5917666865336 71.2591770797277 81.1801091900226 90.5024559969153 97.4566024714503 106.486091228909 115.746487179585 122.795485364032 129.283917384776 133.167035082308 131.344079388369 128.969058632809 127.891496750211
1292.60814888818 1489.93118720814 1299.5427139556 1194.65363281987 1347.71526982108 1453.14605420677 1513.0813676698 1386.98132364843 1241.39339519482 1170.7147841167 1279.26487842209 1300.66614846015 1279.30636564865 1276.18686405084 1408.91592409752 753.028880751009 294.438205510476 145.024859762747 71.1260606987161 46.3954010492079 44.7170538337116 45.762757532075 47.0774315341162 47.8250084604793 49.4481561675553 51.5910128558142 53.2971165954243 54.9001985466918 56.4912773001724 56.0736400816207 57.1450684257503 58.3259873596694 59.7810352193033 66.0224578671442 68.0781207240087 59.0060000078002 60.0774283519297 61.8064501335155 63.2223764759496 65.0932463241314 65.4972187602607 66.4345700725773 68.5159350796858 70.632886717823 73.3825414266513 83.2524957234222 93.8151050911648 103.092257793434 111.236688634724 119.560778725557 125.025701336639 127.477648629447 129.442655175885 128.802185016881 125.888853838586 124.557386148071
1364.92382291595 1666.4123839386 1257.01974567157 1181.51657078885 1342.7222259296 1408.04694677457 1520.73650267988 1497.3299017644 1267.22844602178 1128.13768272239 1159.84270813004 1193.45484711216 1166.11311520875 1209.45202296456 1425.11409234802 615.790947913655 241.350357492046 138.487962413263 74.1352240741674 45.1708914522537 44.1862093469879 45.2278170900774 46.5812213955185 48.0280657517194 49.6068714770674 51.1334230758765 51.7930399026492 52.787926705133 54.270186149375 53.930783393392 55.0900177316088 56.4247817944834 62.070729639625 78.060488625818 71.9700507273 58.4985272472127 59.0060000078154 61.0073072852481 62.6825657200725 64.9289217876754 65.0565250380525 66.4781216513321 67.4639349069204 71.6461502558286 75.4134735838092 84.3462593260327 94.50156564715 105.262208396942 111.802780152433 117.398497024046 123.089964211929 128.98254265204 133.266159687392 134.296636024185 131.857032635964 126.080237802709
1420.55246493076 1377.13925918731 1129.0722641148 1198.17662015569 1311.10221017705 1310.99591821873 1450.42296756696 1531.68272109491 1270.74549173286 1106.32168061524 1001.908345542 998.452549010372 958.350338518058 1060.77308262535 1154.08941624268 456.127129803413 183.957977921061 107.870180387524 65.8752289042453 44.8051539201968 43.6368204757985 44.6899301850716 45.9345748458876 47.6586529296653 49.5456541286849 50.2810949410918 50.3533534503691 51.8985058379052 51.7130385147543 52.4345732547944 53.6586497474789 58.5411158490179 77.9758787509794 88.5654910261388 65.9030312586907 57.5265708914923 57.9345716637011 59.2366149207811 61.1548567039204 63.2977133921791 64.8279035434234 67.483507081579 67.6857996620679 71.8664761414987 75.3231608741262 83.1580553945094 94.8971647505302 104.977882523276 110.908328804502 118.869153105307 132.546391612209 145.06681330473 154.012749704316 156.387196081883 153.604407497522 141.962240755234
1231.97098911643 1096.15112743513 1065.08508236701 1190.24063979321 1302.4830394499 1272.21459354108 1401.87857465219 1438.24037351738 1220.07547410001 1089.76206469017 972.009499515385 864.617587406088 773.152555545746 1071.06351568773 830.792253378205 387.948450640107 136.873273039886 82.5822848880381 55.7219686442372 44.4446038068308 43.1235860166725 43.7917181576439 45.2805069936027 47.3052994792962 48.4082715814116 49.7063165998956 50.6225240943143 51.2471711362067 51.0097914602958 52.0228979019926 53.5737366308504 66.8006079147409 92.1424457271154 88.7238370126849 60.7769364735738 56.2959848248296 57.1638600065508 58.4032207711185 59.408269787135 61.7260876125952 64.015788285955 66.4231921983065 68.7361418558925 70.7846030743711 73.978573868453 80.6955564633622 94.6631376904007 107.691662659508 115.376656854507 128.824188085554 151.50242655063 171.758396404113 186.420568285152 186.269099752013 173.20503516142 165.200629668929
1016.48044355016 1078.28513265976 1120.95779607074 1238.86151708494 1268.15489999962 1267.00362037215 1347.49485201643 1377.19365590675 1279.81994016515 1214.0272935498 1124.55987723908 847.094281829396 771.113203558372 1215.232120877 861.592101344576 299.271919696618 119.671650199072 68.9246880882545 49.4167979582793 42.187315006941 41.7670838800257 43.1227730782396 45.162442791037 46.7900303966559 47.7821587537461 48.9629579552435 50.0774315341772 50.2104967621405 50.2202882224362 51.2104967621405 53.6127236414687 73.9764618266487 95.9051276852576 79.6903297694518 58.3784122475613 55.2300765005455 56.669370423469 58.8205596852165 60.3611627171185 61.7094114364323 63.7338631797002 66.6175580741138 67.4230539251299 67.8751401531372 71.362583847085 78.1570399565939 91.5974160795875 109.35686255165 129.683265972452 146.786604041173 170.46476384902 195.083957140721 209.134215512746 215.651749686834 199.027057443316 185.154803476957
986.794853509991 1180.23848611299 1205.13357025556 1299.69635725191 1260.07841659851 1182.11924686521 1223.05365805222 1274.09319279402 1198.79625643911 1142.76405146694 1153.85276398115 976.329990174807 748.696310069796 1006.95658332289 1019.76228530558 246.955093880442 95.2791908780099 60.4026229226902 45.6599380599521 41.0880391584895 41.4383647072595 42.5806891645666 44.3015112090633 46.3536049305044 46.4773147034992 47.7585198714079 48.2596316653053 49.0860032781193 49.148859878322 50.0691437233148 51.347476913403 68.8473710980752 86.3360770310124 70.1140389315262 54.2754769576768 54.1755049715909 56.581218213332 58.3960556391993 61.109901220606 64.026182563301 65.5702891405088 65.3054881561989 66.1474954557836 67.2436498667158 70.2375573423382 74.4380651877608 88.5131334712265 106.238808682212 128.874195120426 152.455642186695 184.281044063933 204.704840164525 212.40675291551 215.02409990103 198.53885129224 184.452206326636
1031.73163539569 1210.61987356041 1055.6550790679 1114.84572269765 1164.49608153663 1069.96711984029 1061.23693876134 1043.32098873467 1028.64409318624 1005.48444045449 950.708985823512 881.054115892406 649.482982181014 922.005780711973 889.79237875874 245.995548110017 86.3580211817102 55.3796942989258 43.913271703328 41 41.4383647072595 42.9851036631025 44.5528951797587 45.0882905532567 45.761404841392 46.8493145414881 47.8759353138913 48.0634709505337 48.06830236901 48.1297864342493 49.340450922605 60.5604697160047 71.420890962003 58.7053228560232 52.40774003513 55.4285716842162 58.0554827098434 59.5615114710227 62.1045846308614 63.0937836211011 64.0022117376738 64.0718094125334 65.0774283520211 66.2355668167202 68.7148852628744 74.8453129625568 87.9673274874005 102.908450195628 126.225860926694 152.762916604961 178.185675391642 200.710582672599 208.968953042494 203.404661326042 171.666763011672 166.267555976792
1132.43387560662 1126.99131657946 1068.59449777158 1289.23653345341 1115.09995017359 1104.052365695 992.250164311579 998.761821161314 1091.05632106272 987.951749089106 896.636007929491 1005.03794590583 758.19463768467 662.398933879227 585.666940904036 285.893432564451 70.8406781446235 51.6824326149725 45.8297626121385 42.2685254898519 41.4367040633012 42.5060047811867 43.5774331253161 43.9962117297976 44.7202898135752 44.9962117297976 45.85986231867 46.9307865757615 46.9887093747873 47.0774315342229 48.7594524725721 54.5622005916866 58.2151762548109 52.1601557830448 52.0609541351057 55.9962859031372 56.5768145900547 56.9973682626078 59.1667387220253 62.3789331967566 63.865923391664 63.0616400660204 64.0254653221985 67.229419797436 70.4564596704129 74.5807268343357 84.4420806996528 102.330641614991 123.748692537219 145.682790806118 168.766202863569 187.780598835916 196.608341388863 183.72009002094 185.323573568956 223.609983546049
1230.43779035821 992.93173235808 1035.50963016006 1335.3432581947 1034.03440073104 992.028140699 1052.55468838369 1076.95426150493 1097.3104281359 1042.09113808143 938.987310987665 928.57470890393 801.809431894003 897.895934881476 448.842508764961 193.551695378421 82.3185018059325 58.6502776080119 48.705794024046 42.7011407785644 40.9155113895986 41.5097930513891 42.5375038899792 42.8756932819323 43.6281075571069 43.864948085509 43.9147746697526 44.7219855086542 43.8698861724508 46.0182213475172 47.8269756801753 52.8457431453541 54.9545162666263 50.7432019712373 49.8521533073518 54.8337472850613 55.4309997047234 56.3314198648419 57.8329998268099 60.4172728441527 63.4051717924521 62.9065704803147 62.8517754947847 63.5625163477482 70.1207685037689 77.7679319769871 87.0609965069334 100.182611514469 118.904876095366 140.122892413388 164.188263765042 185.936233490939 194.511481021661 195.712907986507 220.059962206345 245.668356611728
1174.4140697955 977.989340125087 949.491579310798 1215.87081256716 1010.37261363683 901.785141112759 958.024387364001 1137.22503760708 1092.93210164005 957.890811164372 967.16811452009 771.32690016411 630.581514716614 917.4351269265 536.250791578072 168.838560053312 71.5369887160808 56.4159698109586 45.5781785140278 40.1732916830271 39.8767294145191 41.4350344705598 41.768121854184 41.2454759313713 42.341973767059 42.0578486136619 42.7202898136058 41.9149919254027 41.7346485957373 44.8037245379829 48.2601980445244 52.2721423872501 52.6200414941166 49.6393814219278 47.366580205044 52.8364967230255 55.581218213332 56.5569392301724 59.2379436140318 60.5921785829503 60.1981854953138 60.3953417564376 60.5894299590349 64.0711848745228 70.7061183324013 77.707585962946 87.9674121895838 99.1568516300747 118.51374092915 144.670744365309 173.578389234534 192.029391444712 209.203124003085 220.869160822331 256.46034593607 275.328659377088
1021.65416795618 944.912549081414 856.755502278575 1039.50427905167 834.785615532105 682.688920679186 787.786249797795 991.470651897419 1056.80191914797 881.633012216395 869.175226360544 774.947095893619 569.32335337109 808.874408558452 454.071627555129 159.886973930433 58.4037711791313 49.6582393595995 42.7790515140801 39.3569550808429 39.6855381356563 40.5638533949094 40.1093808686216 40.5769019212332 41.5661759847476 40.9864202695476 41.2707508118326 40.816680863656 40.6780733403944 43.3340259260024 47.0452438141035 51.8976271069955 49.4325618403257 46.1409126501565 48.2193087713488 53.8555699615666 55.3072428315385 56 58.9887688876349 58.7101783183576 55.823326907361 56.6989727237124 58.4591077530178 61.4493708523966 70.3072291134484 78.7330843542298 85.3125595456352 96.4828000749587 114.551305292975 140.063952996652 167.025304470288 188.503490654131 216.746246989303 240.656207118915 273.546937986861 293.746467291215
759.325845362346 781.09948419326 728.454756618071 691.415888236961 677.924668187228 477.955231505026 566.914292750222 817.146705420401 1011.03070540032 871.977362139641 685.830265456163 830.27935561913 588.694977249447 633.804380876873 485.526041946161 196.100455381861 56.1276910664684 43.6844367841404 39.3305210611212 37.7879330698107 38.5479040112699 38.7104983533404 38.7104983533404 39.8268546583165 40.4209967066808 39.6254902787737 39.0560200227462 39.6667054488715 41.5888229640062 45.5301628004406 48.7292593281667 49.3272158815817 45.5037204580353 41.5513632909615 47.6301691504376 51.2146198560335 53.2410786705243 54.9303762728456 56.9036743431899 57.0137995471579 56.9825021614204 56.0616400660204 59.1428299505435 60.9028895174359 68.9105081779392 76.1864332763471 83.0816014269624 93.4517898504265 111.21011479854 133.681582702708 155.821119959487 182.605521435326 203.933924917255 221.090553064481 250.238845484794 281.224291781399
585.385593140029 672.188025026773 682.02710399537 471.725684495981 450.654237819139 378.815446176712 544.178430887008 842.132576406156 1010.81954914829 901.51869756554 642.984651252766 616.518983406434 656.959495487992 517.734018469198 649.305164782815 300.552151699934 79.7874882724432 47.8208068941246 38.4670299698679 35.6450763815822 36.7165047257118 37.2781400184523 37.4879202513743 38.2917197488742 38.3777285131287 37.7697557182302 38.1931020219901 37.9394566275918 36.571518291095 38.3201806384627 41.2794327049333 44.4447636180294 41.1893476491957 38.7129758365557 46.1617144112624 48.3387640157581 49.5570564189876 51.5834331333751 55.8385683853463 57.7695920044076 57.1220516801567 56.0616400660204 57.028554463054 60.2420765166328 64.9857247922561 72.3425246685545 79.8309995006189 90.8197360525822 107.887090203524 127.031591794224 146.943698156728 167.960999586985 182.990727477528 202.930621481831 226.877381608376 244.230306099484
582.838191975511 719.113262592523 571.107974472266 328.085218745066 296.00512130628 324.954083753651 487.176404408875 794.358051164365 1003.24148044842 924.602138980737 720.882870725452 501.109955234588 570.797639232005 457.370859475786 623.744264080941 381.579738287254 176.860249690666 149.638803216739 51.7483527996343 37.9251707820301 35.4383647072595 37.5428929238532 37.3460665068259 36.7879330698717 36.411205246446 36.4792271647864 36.1928151906173 35.1969202140573 33.1212584504583 31.7029249953354 31.8515266942243 32.8398655154921 33.1981322546319 35.1030838517463 40.1324016045741 42.5795243690635 45.833157504478 48.2936825965156 51.3234928491186 52.8297457757346 54.9648985415814 54.7379144650489 55.7211773606942 57.8573934705099 62.2037980948013 69.5100365768675 76.8901051041676 87.9550128262522 104.409847292071 121.534400897488 136.597681369865 151.754823201435 167.1797911007 187.261677484697 203.633620315796 216.623087688097
628.637238075795 688.716368510624 475.405868669629 180.690365418337 164.11085581486 248.599845957504 406.028154046866 632.175162266582 908.023687612994 895.681567053634 755.548137194958 592.929375064923 416.824865348946 414.360947017284 444.164575483078 447.755049319778 302.754178376097 364.2691619312 107.567034133757 73.1672400633874 45.327792050675 69.9040122054454 58.3110251485851 34.4912705708673 34.1293427723797 34.3871675284617 34.0584553806719 33.0540635258287 30.9777765286685 29.4552958654569 28.7651885077793 27.8373559007795 29.1390600784413 29.8527942275928 32.6695543615872 37.2635490209715 41.8953461242586 44.3162785577105 46.6553809893137 46.6855633592671 49.0752957912421 50.8916929515283 52.0191493224396 55.7732056821057 59.9840409058996 66.9476619623265 74.8061467490477 86.0842277515787 100.565415609298 114.837896428124 128.326498791709 142.802952903096 157.616766429602 176.187232118974 193.860257768183 209.164953725185
518.908139507926 511.018555608109 407.622580205937 123.867984264227 97.6008020776901 166.970949661381 303.842908363324 485.997671593811 818.988887915768 837.668326313269 687.539265277689 659.439511654619 560.473879085433 353.947548255407 369.014346098368 469.462982495037 392.788179199538 379.202356038982 243.213336882764 276.668189311801 95.1523576964466 143.003434388822 99.3961849247769 33.9709417654627 32.0082843851848 31.8495699537665 31.8495699537665 31.4509673991577 29.9845763446438 28.343565172458 27.2491739602838 26.403247095569 26.8495699537665 26.4274389974491 26.4439774687114 29.3607515782825 34.4008336008069 38.9251073735392 41.1555759263415 42.5835482870852 43.5860889844742 45.43470224724 48.8830927015846 52.5992214196041 57.102421051001 63.6206167259914 72.0839848668075 81.590497094338 95.8090099759346 109.622548223256 123.471392356184 139.089181038813 154.746413475059 174.266966929033 196.767180814291 222.828067475743
393.628259594593 390.302372498104 388.526367614732 207.571012568619 71.9401769438697 99.6446406208118 192.31871733532 344.958908237532 633.1275566314 729.839594191741 629.749210488659 549.127524667188 535.903613123454 452.56952467206 392.398086945905 397.528961987357 453.160577432052 413.395313935229 329.526482416699 493.564209833875 194.989099756206 225.891027345165 155.225777165208 44.6548245181138 31.5213939339856 30.3533566327689 30.3533566327689 30.3533566327689 29.3337737121774 27.2721368283437 26.1467692484422 24.7893837594442 23.8689836555964 23.154109984537 22.7067132655379 22.9174739227398 24.8987081555784 30.9401481747461 35.6022260284507 38.2855293707812 40.4485698511036 42.2518574269008 46.1020937828665 50.6782231217233 55.0178746095669 60.2886864999958 67.139873967324 75.2055579626246 88.4503350291197 103.972390593989 121.209805389075 139.6543066435 158.286580521379 177.527742178735 201.793233615401 230.938711564401
339.656721975489 426.692790448589 479.540657261617 259.944606053611 62.3313954454325 60.903911910493 105.695072223712 221.262279477682 412.505868476189 588.802211040982 652.947883663669 456.745610382504 371.938620496759 566.108082549409 633.284588990957 373.5056961643 455.078225886219 497.946435256557 397.267190024604 493.458677283053 286.919276119988 273.65282627532 192.984111420018 65.6608754375156 37.8216024475941 31.8766665705064 30.1911007519282 28.6523759826222 27.55833559802 26.8604585516159 25.1292801400997 23.8337753032861 21.9864234518407 21.2819282886546 20.9671532781575 19.688001024302 19.1735085784031 21.3502846900246 27.359189885131 33.7025746858544 38.0690986858572 39.7667667216178 43.5846832254034 46.1913942976438 52.3467546992085 56.4721530176041 63.8783697008159 72.9949290427133 82.231583215022 97.363461699041 118.775632054574 140.115578014733 157.313269551116 177.789272983336 204.051315314532 226.033701334975
423.736385196294 507.717076496147 505.777556077869 173.769703226385 50.0112014122157 44.2571253885459 55.1543118857456 112.51488101747 222.025538897241 413.87547751889 619.768644615138 501.067998477502 302.515174071274 344.658079039315 452.665847678635 311.380604828684 457.111915919615 407.0554274606 460.08954771647 417.065093116996 350.545253863411 318.019776124233 217.999016291653 98.5824239595438 51.4051224852225 32.9718528434612 29.3715753956101 28.0746114444623 26.9845392831069 25.3226833203283 24.0578517959854 23.1161637659747 22.4939952186458 21.21011252205 19.7721384194674 18.1909202061353 17.2104999445403 17.8631465020018 19.4298417575641 24.8349723642915 30.9416108813364 36.3265355898924 40.6412881117302 41.879413550483 45.9855269213208 54.378033916461 60.7383237991135 68.387340915394 78.2587772385301 94.0719203884664 113.286314084495 133.946842292244 152.325467671324 171.830811798795 192.064177922203 214.234727375573
