rodentData/variables/Elevation.asc
NCOLS 409 
NROWS 350 
XLLCORNER 60.897278365 
YLLCORNER 5.843756025 
CELLSIZE 0.0892857 
NODATA_value -9999 
[rows 175 to 199 of 350, columns 224 to 279 of 409]
329.243169329089 311.660808275696 298.713907425811 292.181223396433 283.920882001577 282.943657721464 284.265077161127 272.70921438984 270.291869372468 278.397655630005 291.163782777162 289.817096876695 276.313758484781 265.024274571356 255.027802281894 301.887065016441 334.82953763049 346.35052957457 345.192170495371 289.112291956567 307.130492361715 313.409509480651 296.001318071714 294.930275827786 279.702094354317 294.14682600242 273.476910311536 249.224311510428 209.918040856453 190.686179538343 190.911880057854 180.276648344931 170.179129113352 163.314098655734 168.874625077426 188.849590622754 199.789804381312 285.180519469334 419.09500746688 473.698700178764 376.996998742462 241.776587832074 212.211926986577 197.280142381502 151.916843865648 128.190609270372 138.594858873769 177.188766133305 234.563235839384 237.613917417879 342.189777832033 541.063684936552 531.653195982461 477.870376553339 397.415883359318 322.303425252808
329.893335662922 314.790340959096 299.410896468498 288.711416582858 284.585466256536 289.720050017293 284.745213954402 276.743066396873 277.280685881761 279.520276452997 284.340360836111 283.578933756397 271.692563522179 261.552719525134 276.172503759792 331.714246436229 335.945313324786 317.616236927445 311.815943009503 285.573787670922 287.692438000135 281.550661408498 268.756880360057 254.548492311334 260.657564747649 297.562564349211 269.956607580714 231.163795429465 206.824870145155 186.330818256001 171.824657745134 163.788283684734 155.011539035941 150.54388249428 181.715911599162 213.663784276916 237.874984092944 274.306865779951 301.941769231496 380.832666590327 363.548789133104 239.075607890319 210.637656669278 226.070969202519 171.12397090468 134.49370516268 134.024593990042 161.616001016154 213.124593575039 201.974788255638 224.048141764931 360.863660134326 459.777902482984 457.622712064906 368.771455228282 308.087232227226
328.171883474061 319.594779087921 307.017608468274 290.238610701495 291.442767542457 297.65671538918 287.008769747823 282.501471652866 288.194587309547 294.687786978698 289.759059456901 278.931046048493 267.574469368351 269.953290888815 300.150919955963 326.171603034589 331.12799126279 306.522714016684 295.217823841331 287.3658215353 287.015141675518 267.843418700651 252.451193974526 247.214312305791 280.541583467013 309.545513638242 245.853316864708 213.628965570118 204.23136669877 185.60406490276 165.039403125721 154.865551562783 147.456692670416 161.498120429835 209.058768389967 217.199788098602 264.055940799095 305.032985419345 295.348317830122 251.623273050359 251.479902527526 217.441790408384 190.297235305971 183.546117562323 160.216176067585 140.250768531705 119.046378724872 120.938243986047 136.50533086793 161.297107503385 197.145705757755 229.808621395288 319.052824901724 543.900215533887 380.657958579803 265.062129364469
319.407027967162 312.109403211279 303.665988729586 291 295.414334906493 303.327474921655 294.848361249845 288.532988710168 295.385176836162 305.358574990988 297.662253231288 280.171302921706 275.571300122588 289.036741348454 315.996825933192 317.616609865903 328.709894214019 312.512911499417 300.698904267838 294.363101346678 288.454940722982 258.440689151154 246.5914482772 248.624445756401 308.723474695127 322.674131984427 223.021035425605 190.845963226503 188.643399964017 180.293716769991 164.955962402796 151.384466565206 144.233303037351 168.820731211977 203.042217136332 202.684067286005 218.996770393532 247.965881377551 254.553921936286 263.830907730201 286.554619034373 301.852504791193 209.633446525507 160.742886657006 139.662158380083 122.564577555261 104.320473762579 106.727966539581 121.472789452446 142.493600943258 152.013881737483 142.947921188683 203.904164398512 447.884771837989 424.493968350658 221.275213877786
307.616692825237 302.262815974255 296.979417065783 295.07292677331 299.562536622908 307.08200238587 302.752667147586 293.331957009766 299.936544220012 308.480018878186 298.225876399056 282.730233805876 283.09542039561 300.889422672115 317.910585068266 340.427481266041 341.567743369383 325.715560912271 308.831847391556 295.648592967646 274.94566270957 274.772885725377 265.310319394584 227.282146736343 232.552497729861 231.617669869458 191.160142866442 171.681716881558 164.061286190405 164.463881546782 154.235860057182 149.496650978797 138.652034124701 157.700470305359 172.384403789961 179.405097353362 182.275905638478 183.139875268171 184.725228496819 233.113213720438 325.022969648797 374.573092434444 320.045012503353 238.717832204876 163.819735281138 135.605577588985 108.071966527208 111.152909243359 120.788723016007 143.569693339537 164.815086770828 130.850345649125 137.938868299827 191.062123485243 238.102572085988 211.066028550963
312.66278678002 310.260198647256 307.119377954066 302.716237376973 305.769495086561 315.490866276079 307.929059500571 298.015714969666 302.000362333838 300.439890944593 291.34732161393 288.299110785485 292.257391384293 315.167896300832 328.174029400161 361.67994028716 355.143389853501 325.420735979704 312.842127279782 302.414592405433 271.317423166944 282.938447311592 296.743418764373 245.714224940475 205.407274848218 191.303623665336 181.762878152089 166.899159283243 168.671367467497 150.550825332793 141.420701237086 136.478129749962 131.132788574147 140.369988009364 140.523347115575 134.234601054487 147.279813548365 143.134629704923 143.896745027749 164.362906372611 208.352002943733 267.310689591263 313.439766543844 272.176550791429 199.251664514013 153.818938071363 126.94632799568 107.933238649613 91.9512977830494 105.12154211695 114.988302208032 97.8642664392654 83.8515256612964 75.380711156648 75.8482289073018 90.67506331801
338.901270517972 318.702078118718 322.939224249483 311.304572745791 310.055732860866 315.637167787505 307.848904146424 304.143263542223 305.75532485507 299.328608260476 294.256697390057 296.302186351344 307.938772550708 327.439019565333 336.430017643601 363.954518260959 365.610761404454 330.455841986355 321.927828793315 303.856700450401 318.955916909044 445.421275576279 413.902776858086 284.455358587447 287.087734561089 248.997755443007 235.367275402722 188.850067831435 175.26132110895 158.184212809611 170.520353596574 144.089172937642 125.941421875324 120.51889534896 116.940778457727 110.515290557056 107.774948864984 108.639180610802 133.254895354739 154.867641062193 224.598642990285 233.087500414629 267.542888206073 343.150246540449 225.149496191214 174.16796773646 134.555790793283 99.5098386033551 75.7021725310369 79.1286883360877 110.804950270197 100.748396686457 70.328107236174 48.5965262741637 61.5897005237807 42.3561677815457
356.851021634189 342.149460247021 327.386147039396 314.311667673805 316.181947338059 316.109033824623 313.866431396628 314.779193910284 311.161873189311 302.882198220305 303.712063458387 307.642198426541 355.147079715029 373.987415187362 344.721516348601 371.975867642538 374.196993725432 351.973809168177 349.467208704547 316.287665586792 337.991760320157 359.477149561884 305.649598389321 278.531826348606 262.779190581618 233.53972228339 220.751841005583 193.521591806661 171.162720996545 152.475153677708 141.410820196109 132.198138307275 125.023057169797 123.151306748311 116.45641786793 114.153089229122 120.214349268464 112.929388502639 97.5262251315615 133.754150410069 289.702051019606 297.30189739643 256.915948374006 316.390997112056 312.467969663537 221.506168722637 144.603138261921 106.348687218063 84.7876494495323 71.7690106666417 67.9267609742269 71.7659193070995 55.2202823455041 55.1104081827995 72.0651901778772 72.6135758325671
376.23535848367 384.096979506343 347.046845914887 330.155573737445 329.587211741753 325.225616446771 321.448625104382 321.064744472094 315.647009443166 325.596198904016 341.650476261168 356.246767075366 374.509589652314 372.233660203693 376.883297748888 369.380366538636 399.866741980248 429.311483053462 376.39492556063 337.69572360889 344.470276791136 342.951352729544 310.618431689438 289.593861265431 263.230496291993 240.165396240734 219.551586009014 225.396299242712 204.603574500396 160.434177993906 140.995345277449 137.746198494539 147.566993947999 151.450750032147 156.090123057947 160.723855338335 162.137976193904 202.123974508285 153.87770128723 94.5417372582201 104.399907020873 293.936188850914 333.237151642855 305.928385906777 343.879665165973 305.376312221556 171.324085517209 123.458847624091 114.960583525884 115.498125058984 101.588050627949 76.5701176617414 65.3667718905232 86.5363708331951 144.737405433177 145.319922998223
412.656384501548 411.727856399693 372.817740136993 372.618715102427 377.772767782781 368.841044337738 358.102931502498 350.515821060824 354.331492598982 380.612993328076 407.01179699394 386.849508188467 351.520926013253 356.235192021611 372.088281125299 459.017178107632 550.448890916717 569.029448069441 375.09568244622 319.552538567103 329.833830901991 319.815876310321 288.641556601252 275.297859349585 275.927997808129 259.553296809855 225.79629048148 211.232936484081 207.983166990426 175.231575151013 157.497104889964 155.405560797085 225.629842850086 296.433306887698 304.728043287227 338.897714615909 342.890776085589 403.633873135957 383.605729264854 201.098822055224 173.277759143954 110.518704611549 213.318451281126 185.874668466095 280.950652636813 398.195509986412 388.669599995617 265.307725905258 193.936517659976 154.205705975958 138.312265503291 115.130113271296 87.6412726154144 97.9191402966065 101.956421884245 94.3798037179775
451.790453039365 421.793374466999 370.515877682086 392.268528414184 391.936372291319 381.755795836946 375.819392763074 378.149995715003 395.321098407112 417.723983532695 436.761254244309 406.568066458117 379.091980756868 405.176424340699 382.736956344069 428.204972392528 649.228514847153 622.550336455858 406.510687332981 310.529655061155 348.784732147053 325.212210447126 286.329025627313 258.582029237157 251.860657217847 251.88599767719 226.03749029804 192.728949762302 173.051949073613 167.662835388913 156.952927228743 192.311674487931 319.07341859442 420.348630768654 427.651202262671 501.750877650075 537.383656881068 585.985923889967 512.180653502027 364.269324617136 395.131397030135 239.910980637487 268.780701755025 264.382973418957 171.023304079949 136.800914121636 211.275100622303 258.335966476542 287.813473413754 213.291941568263 121.241442709916 101.136923647207 63.7688497986016 45.3272712831457 38.5925892722433 30.7241290837514
468.84992445619 406.68207347638 395.694923535504 413.548227753334 396.298113770355 379.148125904169 382.733431750652 397.57108079514 407.921347649636 416.474868178548 431.937717607975 421.267043809865 404.783533500793 436.524362672361 445.54442955797 478.451242052725 691.109645474988 636.889797664764 426.277470966822 288.767542444162 310.460884032558 299.673851218762 277.006703661374 262.610254850762 251.670935139487 235.34081420479 206.475424359526 177.880421653086 163.736982043791 165.062971109537 192.51689577552 248.677717954885 414.050031600193 524.122841745052 531.751279101075 571.675278069662 570.224644298341 559.466825772215 575.542976563223 509.142040742824 418.473691143321 327.583589502217 439.103882481591 207.925028472524 157.67228763082 99.6742871849637 71.7671451486491 85.8118975321642 122.079958112946 125.27778385866 90.3066600895003 57.4844393394482 52.9758753213344 50.5575824307313 35.0556577262093 25.8077550483967
376.369876704537 384.678293599296 420.878939113267 440.580077650381 414.802081946456 399.96399553093 392.199031310912 411.250209941486 429.654685715858 435.038579858644 442.285973458224 450.114967591948 439.009123317667 479.970231305718 512.425696291991 534.409558575117 740.939981338651 647.763634004922 402.762876686551 277.777845064193 267.144643650033 258.387323969296 244.219210696308 245.994491484184 237.607968258822 234.663467528553 197.432036676611 174.868581119967 172.857163255002 205.943701129428 299.634999566487 371.696259510185 481.926395109031 582.49225054293 670.540458725582 705.436057249858 668.663461422348 633.931402336823 609.716125478616 505.984433478163 335.088470611567 271.936938582937 335.425077371128 169.978398799288 136.820989757665 130.031759353 120.085378227601 78.0908331303513 55.6894296135234 52.0475101259121 49.1467984395856 42.5217313163736 77.6442424081425 89.0403418781997 52.2732834163202 25.0090150072741
362.290121435414 372.42077504384 419.871976590053 504.151763479628 492.831414652696 457.892470785346 424.565651102746 426.746580599584 454.467458257864 455.01084306783 464.404224032773 471.920419345234 470.683831492397 487.296524035555 513.556230703512 526.142522253977 699.638517124853 646.942576068042 344.267934097314 269.683321099875 259.70738005522 238.972864860898 222.05511225422 214.438571654839 204.902233527898 200.928430931495 199.834727582706 194.190522782253 184.116699980914 239.66044198291 409.075628871013 579.808687012674 605.499621687929 594.8749905677 650.008317493623 720.093377532798 714.258486937632 659.362981676637 651.048489624804 454.54588539392 352.332197350824 392.515517853863 343.779189814281 194.501727392536 184.279087391298 148.49381641954 183.745655768418 110.159035228071 70.4836939017807 66.4493311624331 58.7633780796747 49.3175864525888 71.8040230837084 57.9680594754123 44.1680537789403 23.4014842911032
369.021063681264 378.443816809918 423.286288868414 570.288827135972 631.870541729266 601.15311233841 533.054331619468 519.017050224462 573.416991676006 573.03937027531 561.186867289131 542.649878853973 515.54638052538 517.204404464487 517.363435901997 465.822137352676 517.020570234542 446.520973772522 299.213268011222 272.615356176325 285.629767256642 257.410582787585 228.133280020964 210.523680313006 196.829032151028 189.81589804675 217.002548936012 214.329792622766 205.635812433575 279.885376368703 385.21498848974 562.13098233929 610.224907161854 611.66005280657 621.003930930118 711.85183312634 734.967661355757 722.671151669063 697.363840155262 517.425273267448 284.488123663328 336.011034635851 288.027103879732 215.234086577121 205.335843296327 158.56739045594 146.712495771631 107.386988221562 99.828654290292 79.8316219551391 56.080728946692 51.3520916772984 46.1978526436098 28.7865457642798 17.6421623859301 15.754679530593
355.037818126579 365.587359436342 402.657121364538 513.428038905563 656.077868696423 692.06889363707 677.312961261396 629.562636739591 642.497742714292 651.287533157356 634.095737242169 613.082982241932 558.489727453862 553.613905054652 521.810838105209 435.803821426778 390.281447946098 341.878533238544 291.305297820188 269.316970104736 281.075060310896 272.358630933474 280.230228350563 241.113613876176 210.302678383847 206.294105137579 232.506285911362 238.07884961617 273.450378174394 387.076616434068 437.482957081443 450.188122550151 585.966456560681 681.466697748022 670.661218469879 748.323868590027 765.565318918509 783.987956376388 724.685789131762 394.674258355346 196.06279945658 202.765909356253 178.617745894769 208.833879640956 167.035722471426 156.04417460395 127.832525915995 105.912387588313 125.680464126338 82.9223924301638 45.7214028564254 39.7203655795405 27.9388914334466 14.694558131852 10.7508918484555 12.365324830097
349.745774054956 370.964164104303 418.708745602485 481.843974882863 638.282369233445 658.4085624451 679.735259563496 661.029898298123 634.630155808029 634.018399541377 640.160532444057 648.856957049593 629.666435021532 625.147485589266 572.061523496679 473.871899777034 362.250097194036 324.964845240398 295.648168903048 277.848281293871 271.260026903137 266.391847240464 281.46203918595 271.3935389742 236.343970411819 238.265689636103 290.133414551375 309.671367789864 387.710762323579 529.388867886548 623.631989474393 481.309510260773 586.88278329692 727.421678780036 762.741225461562 794.644706918826 810.905961708049 740.048079362517 577.783057888933 253.372146335352 135.922789551603 118.581863531464 135.257523739764 156.416697685534 156.276199192801 182.663446036295 180.943259739389 178.188827299639 151.876537452743 88.4346985578737 38.1437335068876 19.5490260586386 9.23310520527624 6.59857684155363 8.65721581652952 9.79719712140388
395.371877508462 472.323394108857 474.829877739621 496.60146904075 617.89261605465 634.994976714763 647.535058705288 650.139669138351 621.530861771187 633.377088503231 651.51582215429 652.080176667205 661.434803900103 650.745324476223 606.731763055235 495.749832775059 343.747037606389 297.226145419178 274.817878937658 260.297712564005 247.940146329569 236.45300417448 232.879749135873 261.803760757571 259.357181699321 323.183864337486 434.924471772628 465.555808750204 441.602522648158 634.184127768062 737.004351354742 572.639873280101 586.354523001194 757.356394553484 892.122541691175 887.678584795527 810.874313107038 535.096437346089 321.788612682018 276.83367726658 145.100739717273 90.5919155059051 111.938187463656 135.936609390581 169.951059900842 271.760278086278 223.805778528017 167.410586387163 110.923351571642 53.9025473271531 19.1600042381989 7.86868594686847 5.8381429569545 6.51436748944897 8.68674310165863 8.39325745375927
539.700305098741 622.947378937222 644.513237278546 541.340327657037 575.837004349388 626.03301648844 633.74420086216 634.244650579197 612.121192111038 625.334527311737 638.856956497582 638.325730721038 649.668223678683 644.293801520655 605.085986926828 523.974407633281 429.52100567028 327.798457394852 325.161536467068 273.870114788877 245.461792206213 231.40811955475 227.581310095838 263.609191249424 310.458122531742 406.014595252505 592.387706203446 539.979520708173 398.060624844486 510.480807480935 595.795337424426 509.679532879622 632.474982193907 785.359817246565 833.828524920854 788.721904920091 637.633397552657 372.635971168059 195.688774061021 197.998990239889 128.854799852573 78.1130844419525 97.260610562339 117.12284926423 167.199356872638 201.441418193688 139.374969297099 75.3343598607341 37.2112487933655 11.897211249466 3.56208236235367 3.50110228264802 5.96796354374014 6.94233166249057 9.35625599373749 8.10597214616288
584.487800020264 595.471236643368 630.967321544785 562.399844392411 579.014659960844 619.40826979204 609.737696378758 608.894199515049 604.128525711177 615.488880290709 631.214534169582 640.560008384198 655.217749280774 637.558217040646 612.994739671722 585.652095999602 577.753883753446 537.638509084229 471.445877401911 302.914862031285 254.826764520828 236.169248019804 303.3338790954 449.800179671578 551.892236916736 600.254014604461 655.374464247029 564.55870178871 432.179276397271 384.831924829386 413.926189089259 364.832800763846 569.642753328351 711.686252140357 727.76461449753 782.021230192772 660.088333381115 393.690107832705 184.464397398742 140.956784072414 103.677804285662 85.3048262423181 77.4316083848722 84.2127665088429 152.482323877347 153.817769647787 83.3058913728055 57.8037996866876 9.92303956619891 3.98768671605462 3.94962927528724 5.15844135976872 6.60784289888105 7 9.60067066427142 -9999
649.705337872271 593.893589452097 639.535990550855 657.444231472423 618.854618005956 622.684534793163 597.079140653818 598.024532515064 602.730475484343 622.784591185529 646.914963181569 657.351446090145 649.369838668791 668.91903377497 620.163901046788 607.28087555572 633.728394118353 680.678344317934 547.403974422774 311.420000153707 265.311167924888 246.831367582446 495.861453997786 711.721083853846 743.853567713739 750.529871860919 570.330725463814 746.862820953052 557.391431624862 315.661345429681 319.147557199793 312.97127079105 426.92734990092 590.023186326784 669.745800753209 642.435745817816 649.418773481959 444.222533849385 289.120591772311 205.672863984879 112.69030040493 60.3994841214104 52.4542598440187 64.7265861564347 67.5842385189801 53.4878031527402 46.8495086166 22.3238014408623 5.25152574853172 4.8609124875748 4.94174692921186 5.65260518903529 -9999 -9999 -9999 -9999
650.540448946307 722.50110979308 695.746008274391 668.612917563378 626.009846672724 555.034571527002 580.188548288463 584.116270994735 593.81062788561 605.172298640842 617.814395772154 634.176023637444 619.838506383975 641.747911131261 621.686594333956 597.827117736625 617.352839654337 661.809780817279 603.793617955416 377.722541182626 269.86888412262 290.274569868197 567.921308654819 807.996701273444 835.489560405103 755.146354376956 482.557247514742 744.276560962625 647.733899328021 347.727098855182 366.887780883699 267.025776568196 328.775796234026 420.910750589753 464.137642371453 486.40178422614 520.096616652607 596.847124915721 553.896098682172 396.682406244338 169.188759279143 68.8204686252577 54.4669244221891 40.9988967500853 34.5859547923479 38.4200703644436 41.895232498382 10.8352894516428 5.93234083168912 5.45708149052307 -9999 -9999 -9999 -9999 -9999 -9999
659.81633228149 732.341825624144 713.096576422611 629.621128875478 526.786044419 505.308525199972 560.940622971907 586.470012762493 593.008994083622 597.549739768417 591.723604521894 589.123120690883 597.731988606111 617.702021349236 614.624195470956 584.123346500712 599.285806229475 612.831245514109 613.892821627562 525.187482576047 326.692617217683 380.066697210278 632.295316504227 789.942116855767 888.633534989791 828.365857602425 473.44430007994 473.200153423562 476.382339332018 469.105032692623 491.060943048247 331.687372833975 288.259798471266 380.513244223865 497.209281520479 554.825847847613 540.258818470029 566.138271359394 536.888114321794 248.192780488314 137.929697701959 55.1209609972125 40.0677392052495 27.1211094908534 25.8889961419354 22.0611263075788 40.4309815635455 18 -9999 -9999 -9999 -9999 -9999 -9999 -9999 -9999
677.052143321098 747.414448064068 698.254862076201 614.068670148518 589.571554207404 510.161402268218 544.593589907759 581.560221826397 599.927540346218 577.767710208065 571.391310298272 572.596292358626 578.820538069448 599.636828917826 595.579977911923 580.536288696246 597.968860652692 594.319800346275 602.520130919757 580.862365140551 496.48223557476 578.526211666666 754.826464462566 854.336101355191 894.82690762083 697.888011238066 537.335512734017 366.931303412997 337.990788257441 462.35513677853 508.062202465261 291.242768478303 196.460222510082 345.448342430206 531.196213962062 651.103726693708 664.476245402874 613.872628497656 417.002890454837 154.306071652393 87.664490974945 88.101449347268 94.9601215978796 36.333939731601 31.5037082198774 20.4422120555625 7 -9999 -9999 -9999 -9999 -9999 -9999 -9999 -9999 -9999
580.454071421019 694.577503782908 725.461328812276 676.834446315965 569.429420540007 494.431275445991 528.665851550556 575.249663908887 597.686818662246 562.427998387627 552.894765092371 560.593724728554 573.940924706321 585.178104404904 567.357282498136 577.768895727868 588.901006455337 575.650960523763 586.359031543164 589.961878588612 612.048508041454 670.724178055691 777.351231898098 841.26810345858 894.999648891502 770.739313051763 657.921396550235 379.958209587309 270.728624087043 507.786467407694 416.143635042733 265.818193407729 145.889349685462 249.508983712393 458.238699443023 609.923575371232 658.057109157904 653.850032669828 455.177069546602 205.264781893974 93.1466685221239 262.241544478143 126.793387264926 18.6289276407883 16.3280390463192 -9999 -9999 -9999 -9999 -9999 -9999 -9999 -9999 -9999 -9999 -9999
