rodentData/variables/Pop_dens.asc
NCOLS 409 
NROWS 350 
XLLCORNER 60.897278365 
YLLCORNER 5.843756025 
CELLSIZE 0.0892857 
NODATA_value -9999 
[rows 140 to 167 of 350, columns 315 to 377 of 409]
567.40281150852 487 487 715.067555780619 700.394934564826 661.073249253935 659.04711339338 576.773033370366 554.0260858013 665.944015229706 1125.62921555865 638 650.473888848203 672 672 879.475589468851 1029 1019.02128165522 1014.24906845945 1002.97545906637 821.066915086116 354.538147858335 353.264385317941 338.844174077245 323.869794785099 293.761465006972 387.650258496675 540.715719639181 644 723.109730104769 783.964264580741 632.510709322748 574 684.093037432326 718.581974746181 292.236305906284 243 252.155261220542 303 267.210303461231 304.180180635986 428.227804008224 309.196817928221 302 302 94.9318701471007 16 15.5436140842575 15.4735250709811 21.0676464387116 21.0676464387116 92.1989996729902 501.625261295816 407.928504541002 205.944532107604 448 233.40525907718 26.5282435563076 26.1882427354609 18.0878290393345 14.6771480622921 -9999 -9999
676.240763672493 487.93411589185 417.07805703972 379 607.104040008972 665.760162985957 1325.70102165586 1359.95787939622 552 582.264166008379 750.033005210985 748.698310977905 747.978885541252 655.066965450505 536 536 787.900689671521 922 995.533294338001 1017.89687910814 1166.34049315392 1168.90826651494 345.705044874379 362.449117320942 457.8960768533 461 461 541.01739244299 643.561298973278 728.353650045695 788.917534600228 526.802725783728 644.127920199982 700.862049558554 701 695.24739669726 243.018416217439 252.347551212835 268.725547235832 150 150 216.17420610285 300.948041566839 300.918375054807 114.984605023169 16 16 15.1331288716958 15 21 21 21.0750178212117 133.074474476329 491.356311610493 423.447788577814 248.711970124122 26.5077984891038 26.9830308649576 26.9735266621806 21.924614851786 20 -9999 -9999
685.54065443471 746.060797891985 584.977240148745 387.800639327135 766.385285067679 866 866 570.311176309698 596.825308712164 673.759367460086 1028.07488743275 687.880542932223 479 502.104506362313 533.898244989849 540.939173295096 777.453934143235 916.333485283988 1088.24887204649 1131 964.489004444072 1123.13561541064 526.505142059115 457.676892245653 459.482790309216 465.738245719574 480.362444612545 515.417834217515 528 597.739312076708 503.777769539406 427 427 639.487593128764 674.800923302959 353.91012814003 247.869560572764 303 268.725547235832 150 146.826852291809 93.5211342268261 23.9549495982381 16 16 16 16 15.1331288716958 15 20.5531282919635 21.7934907624209 49.1214486357076 151 225.589329514325 264.98623746735 26 26 22.5130725824037 20 20 -9999 -9999 -9999
799.892670452936 885.119877003486 835.314300351604 510.134420946522 744.829526120604 861.725025693545 894.206424562048 835.980292262662 1148 1141.87975990833 1101.05914546456 900.596067801178 479 490.633374049788 529.513732755058 608.611723187463 649 826.910172597524 1036.59559284136 1094.94199929244 1148.07792432381 637.349646835331 468.713555345126 499.433599347944 504.936945096246 522.960223656393 686.411873482359 776.021425242426 523.894119378323 596.019608871904 524.926314584522 435.943796571195 427 361.389257606464 314.045499498043 310.607844103088 214.308450085352 264.28579635023 251.315799961058 145.017792016159 97.1329344573222 35 25.3151412545254 16 16 16 15.8833573888144 15.1136070411786 15 15.0498080593397 29.1233880433606 134.100120964942 151 145.62793794928 93.6827763612018 26.08236720872 26 22.5130725824037 20 -9999 -9999 -9999 -9999
809.785662391745 839.190478267114 803 591.203820042611 619.073829062133 819.644408506816 1057.12914743206 1071.58627539471 1127.82823036255 1090.75598651429 1063.31789288716 838.732141071518 560.4411885171 580.503715276502 655.615628215197 650.004676844678 661.380869028764 717.225638595785 736 885.102928740515 695.229216671338 1145.89660325179 585.359911938104 740.752354285573 674.968695434672 603.501620600722 557.158261408752 500 500 586.01181822794 589.511352207156 433.259025644952 418.524770373368 534.492414500853 89.3550939267631 74.5906847698924 19 34.6300498148535 122.214838993986 98.3552637751633 35 35 25.3151412545254 16 16 16 15.2045572158254 15 15 15 15 31.2262781987314 121.929094018436 95.3138103536061 27 26.6572803954638 26.2180669377456 23.4915231042458 20.5303212608654 -9999 -9999 -9999 -9999
878.1867936133 967.602564055072 973.802216297365 820.504323655567 700.013471769911 762.89351570116 972.335203580221 1069.64409915201 930.324875829892 914.794550738577 928.550209827189 964 852.468758533711 660 777.167484192309 885.3171354848 786.736683166424 736 736 932.282834227684 1086.01908926694 1073.71623515388 947 943.07136439284 919.628806528257 914 722.178851950306 438.859290214298 500 500.375953899275 328.593760387789 237 338.394717093637 440.842886785376 103.383253362658 131.890666142531 19 19 21.546631153005 31.7365515333147 35 35 25.3151412545254 16 16 16 14.9742802828174 14.7105047181401 14.9821379883813 15 15 15 17.6881541874201 27 27 27 27 27 27 -9999 -9999 -9999 -9999
913.162699501274 1192.02844707772 1393 1393 901.410459606107 775 775 894.40251200339 623.115608559118 968.58843154817 832.247682364066 925.742095646732 854.465114259863 787.147696114452 1162.05157155613 1454 1029.24831640403 803.131794431206 1194.73127171698 1122.54883732842 1522.92915574722 1545.24000677431 973.859552757477 1190.89052973634 1398.11155659141 1020.88490528866 545.332279122752 229.321317914618 387.105558924516 252.525845827641 166.696619007612 181.056837973995 204.875005427682 156.872552442723 133.96002381753 131.890666142531 19 19 19 23.7271100042863 35 31.9943290267862 21.95308669648 16 16 16 14.4091144316509 14 14 15 15 15 17.6881541874201 27 27 27 27 27 27 -9999 -9999 -9999 -9999
919.493496511253 1173.13810765568 1295.28845476 1146.59768618498 852.485196097118 791.429374863362 791.429374863362 590 608.798009957904 832.742740448367 928.06453946748 988.983702118411 858 1012.28421462089 1280.60152365143 1392.72919059806 1227.52448344355 1122.61131412106 2048.02785373358 1424.94805097581 1535.06564056196 1301.40979152969 1021.4189374829 1479 1390.86181512094 932.943403442034 417.47806818828 153.151520224561 185.388005085584 184.598372006525 108.805788413747 82 125.115644557246 51.0733566208326 88.5994370688213 131.890666142531 19 19 18.2251698208474 18.2245189204002 73.1607044768503 152.196041595788 79.8028063993169 16 16 16 14.4091144316509 14 14 -9999 -9999 -9999 -9999 -9999 27 27 27 27 -9999 -9999 -9999 -9999 -9999
986.602225027814 1153.72168887554 1167 823.088606362559 739.761011780467 804.885389651344 813 780.55114661332 927.049413414495 757.714591855714 1104.26654654038 1160.95618195426 858 1012.28421462089 1210 1312.28488444403 1386 1386 1614.2138497339 1356.73052499002 1308.17788855425 981 1015.24483704363 1402.92917255538 1269.04269962893 679.204925524913 382.742148186508 300.562342042294 184.481922419593 183 117.088482911674 82 47.0003774801058 38 38 84.9961314545856 19 19 17.2078717508931 11 123.263052135602 317 163.571448295376 16 16 15.2705115558134 14.2030106347289 14 14 -9999 -9999 -9999 -9999 -9999 -9999 -9999 -9999 -9999 -9999 -9999 -9999 -9999 -9999
794.053348226488 900.474673560959 922.53632021522 755.622494595718 692 736.557451999491 890.744260172918 968.242541919988 1259.04046051868 818 862.726503759523 994.614956556494 939.679629481032 1005.21822801033 1713.43841221325 1781.29239050188 1390.37201332964 1274.96311514348 1102.42755455103 1069 1166.14989546657 1135.15592042899 1150.80763287101 1328 1202.60012409392 597.516846868454 240.130385499058 265.900749241263 187.700820055566 186.451251949903 118.287484843041 82 55.2362308074453 39.3783508865028 38.5397198110596 38.9173271197038 29.4304513616088 17.2743740250486 15.8688136580796 11 123.263052135602 245.651577626637 89.0408293651853 26.3537558497083 18.8462923963476 14.2344725525967 20.4056380731432 22.0529212164398 22.0529212164398 -9999 -9999 -9999 -9999 -9999 -9999 -9999 -9999 -9999 -9999 -9999 -9999 -9999 -9999
686.600501826446 742 742 725.462390085988 719.158754102119 801.560650897912 904.731280173578 966.045049703765 1058.55682649643 889.783289561844 787.144570723716 774.731871174793 1000 1000 2085.22745865151 2297.89263442086 1400.41779223582 1172.94097510359 1103.94673255914 1092.92556908996 1152.60683045341 1250.45402524541 1392.45155444103 1325.80813559929 1117.98830201103 350.960498443403 213.457680343368 146.744025105621 173.148747575319 189 122.126865865337 86.5264590170198 62.2443103246399 50.4862165123358 39.6564268111567 39 37.1333351137739 16 14.8799198443082 11 54.2281107520118 87.2651419058678 34 34 26.8560865181656 23.0529180340395 26.9880386865828 28 28 -9999 -9999 -9999 -9999 -9999 -9999 -9999 -9999 -9999 -9999 -9999 -9999 -9999 -9999
645.239577521232 660.858615840334 660.858615840334 690.419388317227 701.687059405443 638.018088141973 626.893463634126 653.39410400814 949 905.671236686625 651.599070103064 651.056113888316 860.729195886554 1033.0310059411 1338.99423341509 1437.6994118338 1208.81484522416 1162 1117.45484768132 1106 1106 1415.50705212865 1472.75868578169 1464.47377435633 1519.61584770599 293 301.834447265796 317.080205943338 251.793550860196 189 170.601246803027 108.817338173265 62.7502831100793 56 40.0488548714532 39 37.1333351137739 16 14.8799198443082 11 16.5030907909609 26.988578067633 31.1836294176619 34 30.0844834245063 28 28 28 28 -9999 -9999 -9999 -9999 -9999 -9999 -9999 -9999 -9999 -9999 -9999 -9999 -9999 -9999
629 629 629 672.441439196308 689 659.802583759392 534.916124406043 578.294990948741 736.626197212458 725.576225571672 661.912791317801 657.804651998127 806.04717274909 1046 1056.86569574987 1070.98649104423 1078.23270751583 1080.68214986202 1071.30511424843 1101.06032915805 1106 1408.85541592335 1517.88263019895 1968.30368605149 2003.35236321615 1291.45027609104 343.127230064941 410.946583720297 365.754218604837 254.472818406057 189 101.164839470498 58.3899418982441 56 52.642183309243 39 37.1333351137739 16 14.8799198443082 11 16.5030907909609 26 28.0656945048089 30.0525315467 28.7130779978954 28 28 28 28 -9999 -9999 -9999 -9999 -9999 -9999 -9999 -9999 -9999 -9999 -9999 -9999 -9999 -9999
668.979542123277 752.972773007502 666.450341873141 626.432526622155 676.673028305729 703.1800168157 588.895137618429 590.876362681078 680 680 744.012147211247 1035.68896035226 1221.83190348595 1181.24374400398 1088.37744701176 1090.21844069549 1069.84552167564 1059 1059 1064.66648721573 1161.66583662709 1208.32344520728 1314.67864769911 1498.52101991167 2088 1532.49026044809 215.320322931978 225.437846211057 221.702969323331 157.667198285077 127.24821456723 82.3186047422995 61.336225961309 56.6876650369582 42.267307678951 39 38.7403880458654 32.7797864542387 14.3013388322591 8.41723389567705 14.8678711108983 26 27.5291882229697 29 28.3474139040844 28 28 28 28 -9999 -9999 -9999 -9999 -9999 -9999 -9999 -9999 -9999 -9999 -9999 -9999 -9999 -9999
732.574935862892 773 643.903224716169 575.179532192235 686.484216489754 713.795339866762 597.624641415849 590.876362681078 690.7458326632 812.393753802182 817.455533881245 969.12669359184 1289 1283.18833904016 1182.59121558589 1398.06075273431 1616.41224380321 1212.61365661689 1059 1059 1170.65839458004 999.877592404264 1269.40593246043 1157.81170026039 1217.29029791418 947.074909153641 194 194.438304245714 195 191.225729569153 148.367717533232 79.9388545549342 62 56.7987541370555 54.920911075761 39 39 34.3523616964191 8.41996017185603 8 8.44673840834011 17.799346595585 28.9005001405577 29 28.3474139040844 28 22.8085803315345 21.4735473477797 3.10224610645373 -9999 -9999 -9999 -9999 -9999 -9999 -9999 -9999 -9999 -9999 -9999 -9999 -9999 -9999
907.533457491633 1109.27514503403 1110 720.475095206436 687.340587956496 717 714.185072943019 713.493657117599 662 686.356233934622 839.414463219249 901.070434141279 1055.50068759552 1212.0670509175 1071.18757455437 1410.76529910672 1653.49128661093 1693.38656754197 1705.99722378672 1699.82869502568 1028.84526543775 985.51853222608 1140 1139.99077442196 1154.0662949763 1058.52614440471 714 487.816328034142 196.486502932646 194.896112041887 150.543850186984 127 75.4913872346139 57.4243497683792 56.0421978292552 39 38.9904929610489 34.1705154743177 8 8 8 24.2171393504985 36.8269943413532 30.1239149282161 30.9855594099801 31 23.0455721582545 21 21 -9999 -9999 -9999 -9999 -9999 -9999 -9999 -9999 -9999 -9999 -9999 -9999 -9999 -9999
652 903.882143262173 1085.40728905267 725.177409917742 706.499579143662 717.381218370946 711.764528002021 711.152939636824 666.362009892798 674.546848111248 705.66256668725 656 887.511236348453 1098.54393432573 861.178594833681 1235.06280105944 985.014369161105 -9999 752.14569403961 1522.41751238576 1232.01313123489 1001.27580654151 1167.37537243066 1159.94189691618 1135.0268376744 1050.5780459796 735.411128590007 730.299160054069 440.697918067901 167.507125282195 129.431875053284 127 127 222.356174153983 74.0827846044921 47.5646511327289 36.7221068604763 10.4855243932633 8 8 8 24.2171393504985 32.256764808586 20 26.6385771056037 30.77168329016 23.0455721582545 21 21 -9999 -9999 -9999 -9999 -9999 -9999 -9999 -9999 -9999 -9999 -9999 -9999 -9999 -9999
664.164055125517 736.178373496512 783 783 942.673673545052 722.16651690083 682 655.36141196735 720 715.054972183828 680.515905961184 662.19526632095 739.898269114501 859.22846826788 920.397219689426 1107.34428994308 1236.48145947662 -9999 970 1021.60866467619 1354.62506863377 1221.75534300383 1504 1435.18151799287 1053 983.256076030353 1063.86826522667 953.861314862667 261.332374144466 216.408990109213 150.520168546596 128.011719736417 127 217.27159531379 158.758999042042 153.045029679168 55.1437511685412 41.9216957777513 12.8975639668178 9.44637925275276 9.99047168690276 27.264642668405 32.256764808586 20 20 26.796331133807 26.2951160409477 21 -9999 -9999 -9999 -9999 -9999 -9999 -9999 -9999 -9999 -9999 -9999 -9999 -9999 -9999 -9999
724.06116963416 796.734384002644 822.033412206901 752.722604225372 853.81199031075 679.179655407443 641.803360814387 497.886021469771 688.237795494767 645.43845096034 529.872613588816 683.956304731513 797.343271305029 865.411234034945 950.517473370447 952.545166644718 1099.43791729704 1107.4549029217 970 1321.95226202703 1376 1377.87640875877 1568.76493533771 1514.95326995425 1141.41931895087 1028.5955127627 1344.87755941831 976.316606170287 544.903777743174 507.667354232514 273.24634194232 137.846609485216 119.789164657888 181.939988166714 160.43574090062 153.772948340022 123.876804976498 47 41.3995992215411 18.7657386857835 21.667122404293 42.1828178723957 32.256764808586 20 20 20 20 -9999 -9999 -9999 -9999 -9999 -9999 -9999 -9999 -9999 -9999 -9999 -9999 -9999 -9999 -9999 -9999
697.502745319414 785.484315317746 867.915067675472 618.188285336895 523 523 529.989989181417 545.213432742719 582.261659063183 645.804013004656 529.957662914464 651.263864095989 852.098162663912 873.110808782238 1101.44270586194 1073.9269272584 911 911 -9999 1376 1194.00647515593 1188.0653591385 1801 1733.4581816959 1114.999593308 556.515997828753 992.495029052817 574 574 531.575251820003 339.179226573153 164.582647716047 89.6096197600985 161.353059496622 174 122.284552548145 47 47 41.3995992215411 22 22 32.0809244611207 35.9458307180621 23.0312880444497 20 20 -9999 -9999 -9999 -9999 -9999 -9999 -9999 -9999 -9999 -9999 -9999 -9999 -9999 -9999 -9999 -9999 -9999
762.407943475858 665.116742910385 637 554.461265527014 523 561.483619796852 634.752969495737 665.306831021069 723.795016044746 961.761186460368 568 696.816522483585 999.34358322835 952.575777911098 1612.01316548754 1490.25002735176 -9999 958.559131599563 996.822310813064 -9999 706 712.811903058332 1385.11110481487 1016.85761083873 272 556.515997828753 992.495029052817 574 574 531.575251820003 501 305.73854871698 140.874223217542 170.248644195852 175.283171830079 93.4630825345935 46.4434507453875 40.1425115720873 36.5634099267839 23.5257311716067 22 32.0809244611207 45 30.6808079189056 20.3609204435744 20.4616160507416 -9999 -9999 -9999 -9999 -9999 -9999 -9999 -9999 -9999 -9999 -9999 -9999 -9999 -9999 -9999 -9999 -9999
777.60068610801 672.57468994424 633.996002943731 569.799779277462 544.185090596748 632.446467971465 618.521932891038 610.307168885527 940 905.60014909475 714.56623902648 750.900616677586 890.909850912849 954.071709758584 1341.88391873518 1262.62846177157 -9999 1093 868.683340109527 -9999 706 706 711.897282595201 701.34845141504 272 -9999 -9999 -9999 627.112126410654 654.113598096608 548.163617794966 501 250.434520596212 186 177.555276108416 176.281904279153 97.1017262293686 28 28 27.5046839231579 24.737318122212 27.7224489915735 40.1247383865002 31.0522139571305 21 21 -9999 -9999 -9999 -9999 -9999 -9999 -9999 -9999 -9999 -9999 -9999 -9999 -9999 -9999 -9999 -9999 -9999
685.755174791342 624.80693847435 587.633196088598 572 409.704069066321 193.753025599214 508.544482913666 534.202613239732 859.899436043325 867.086701919855 907 821.91018698332 776.386449230255 918.149128455051 897.157571281266 850.446318712882 716 925.854936776407 894.535499842859 865.554807516915 -9999 706 745.276034328996 1049.8523819058 272 -9999 699 -9999 -9999 815 912.545757062207 904.292280276796 757.015413650349 470.875464933471 427.652775209245 177 164.90725791097 28 28.4514166145791 30.6015335483644 28.3312728060261 22 27.8176059394491 27.0774635439802 21.5250575404443 13.3404197222128 -9999 -9999 -9999 -9999 -9999 -9999 -9999 -9999 -9999 -9999 -9999 -9999 -9999 -9999 -9999 -9999 -9999
654 632.496809961201 410.08007038476 299.927809891131 194.190073693804 167 312.086226072393 286.225991544473 781 794.609382701511 879.335832053772 874.880751706712 866.784975856136 857.79337010496 770.561973139774 777.930393850231 716 778.742254899928 895.997610948793 757.027031376647 -9999 -9999 -9999 539.781285334252 -9999 -9999 699 699 -9999 -9999 982.993109198636 1274.05238657247 1275.41399904455 751.479151294381 674 212.570544582434 80.9806041845065 22.8231507167446 23.2037938500819 26.7315647053551 28.3312728060261 22 22 23.1623155035725 23.1683549998876 16.2669116685042 -9999 -9999 -9999 -9999 -9999 -9999 -9999 -9999 -9999 -9999 -9999 -9999 -9999 -9999 -9999 -9999 -9999
488.203933066545 496.268620879368 278.955457197643 99 153.090758489943 167 167 99.7880037635017 383.320200680586 441.426561725405 769.731171563333 749.843694010401 656.770961769459 692.251620766366 736 724.376717676815 716 716 793.915877566872 756.362918154274 744.217114819743 -9999 -9999 588 -9999 -9999 -9999 699 -9999 -9999 815 1132.49754033648 1415.97410882449 778.337226117711 411.282346452023 238.83971827756 19 19 19 20.3572006536605 23.0090531497367 22 22 23.1623155035725 24 24 4.90937317981071 -9999 -9999 -9999 -9999 -9999 -9999 -9999 -9999 -9999 -9999 -9999 -9999 -9999 -9999 -9999 -9999
397.601306029182 151 117.065026591269 99 99 157.947885890758 167 97.6718780554929 166 250.689698517056 721 660.137147633902 515 656.557882759932 690.823994722976 546.026794258344 601.303120988847 692.814084442678 747.817965941911 756 756 -9999 -9999 588 -9999 -9999 -9999 -9999 -9999 -9999 291.521400320668 929.678228319205 1492.00142292247 1349.5022276508 210.300024372812 136.98998320933 71.6287565068396 31.1698943878035 19 19 20.1006181581922 22 22.7320348031814 23.7638250459487 24 24 4.90937317981071 -9999 -9999 -9999 -9999 -9999 -9999 -9999 -9999 -9999 -9999 -9999 -9999 -9999 -9999 -9999 -9999
151 151 143.856365995523 110.329783040302 99 110.040301368802 97.9090575939614 97.6718780554929 166 250.689698517056 710.741913816136 671.60222978882 651.569733640728 739.736337554273 673.086219644008 476 556.268872615536 739.460036057148 786.80436494927 785.211148805626 775.160815362398 485.012354817386 -9999 588 -9999 -9999 -9999 -9999 -9999 -9999 -9999 876.061322900455 967.252142125457 984.901490739942 706.644066977231 97 92.292758112995 38.3575768712394 31.2526395595664 19 20.1006181581922 22 23.0194588153131 24 24 24 4.90937317981071 -9999 -9999 -9999 -9999 -9999 -9999 -9999 -9999 -9999 -9999 -9999 -9999 -9999 -9999 -9999 -9999
151 151 151 113.350752696533 99 97.2662386502718 97 97.6718780554929 166 233.217342802916 619.155552479981 663 663 757.236096998553 673.086219644008 476 556.268872615536 739.460036057148 793 793 793 -9999 588 588 -9999 -9999 -9999 -9999 -9999 -9999 -9999 843.047804310268 741.712711899456 829.424294327418 845 96.5140991839877 46.4120179584844 38.7372687672274 33.1835609213662 19 20.1006181581922 22 23.0194588153131 24 24 24 -9999 -9999 -9999 -9999 -9999 -9999 -9999 -9999 -9999 -9999 -9999 -9999 -9999 -9999 -9999 -9999 -9999
