rodentData/variables/Pop_dens.asc
NCOLS 409 
NROWS 350 
XLLCORNER 60.897278365 
YLLCORNER 5.843756025 
CELLSIZE 0.0892857 
NODATA_value -9999 
[rows 140 to 167 of 350, columns 63 to 125 of 409]
-9999 -9999 -9999 -9999 -9999 -9999 -9999 -9999 39 39 39 39 39 39 39 39 39 39 39 39 39 136 136 136 136 136 136 136 136 82.8937146335938 40.3027278894707 38 38 38 38 38 38 38 38 38 38 38 38 38 38 38 38 38 38 37.6281663549418 0 0 5.62151159608433 42.7920309276427 85 110.339523701619 144.943993194049 147 147 146.559174078667 139.716022898734 138 138
-9999 -9999 -9999 -9999 -9999 -9999 -9999 -9999 -9999 39 39 39 39 39 39 39 39 39 39 39 39 39.9461797021602 135.662950240796 136 136 136 136 136 135.81105824806 78.8854033695087 38 38 38 38 38 38 38 38 38 38 38 38 38 38 38 38 38 38 38 37.8140831774709 17.4569446390136 0 0 25.1173701574493 85 85 116.606577299408 147 147 147 140.270742703219 138.540812472596 138.540812472596
-9999 -9999 -9999 -9999 -9999 -9999 -9999 -9999 -9999 39 39 39 39 39 39 39 39 39 39 39 39 39 46.2857905388658 128.704605796846 128.367548818332 127.200400806505 127.200400806505 127.200400806505 80.9984531045289 37.4015630292986 38 38 38 38 38 38 38 38 38 38 36.9513179230521 35.142010518352 35.142010518352 35.142010518352 35.142010518352 37.2113998763686 38 38 38 34.9700765464347 16.144003476908 0 0 25.1173701574493 85 85 114.229438734339 145.047175997255 149.994199137789 151.58782522054 254.534806665969 281 281
-9999 -9999 -9999 -9999 -9999 -9999 -9999 -9999 -9999 39 39 39 39 39 39 39 39 39 39 39 39 39 39 39 34.5184701463146 19 19 19 19 28.4237946467855 35.2138667210046 35.2138667210046 35.2138667210046 35.2138667210046 35.2138667210046 35.2138667210046 35.4401470550312 38 38 36.3533860120899 20.5290252504484 0 0 0 0 23.4800047097439 32.4277334420093 32.4277334420093 32.4277334420093 0 0 0.425280354673536 2.78613327899537 27.0802053084856 85 85 85 126.234048011566 189.918169346131 208 266.071272338351 281 281
-9999 -9999 -9999 -9999 -9999 -9999 -9999 -9999 -9999 -9999 39 39 39 39 39 39 39 39 39 39 39 39 39 37.7017869419916 26.9911330658446 14.8567281828335 14.8567281828335 14.8567281828335 16.9689261805773 19 19 19 19 19 19 19 20.2066132805266 33.8567281828335 32.9283315504696 20.933080844919 0 0 0 0 0 0 0 0 0 0 0 2.26775749692849 14.8567281828335 35.5839578567905 85 93.9855321486416 105.498292148087 165.073499290126 208 208 253.407847808536 278.881597774282 281
-9999 -9999 -9999 -9999 -9999 -9999 -9999 -9999 -9999 39 39 39 39 39 39 39 39 39 39 39 28.4055839027403 27.8202326882299 38.0830027431866 23.4798520466815 0 0 0 0 6.88195403923943 13.4995896446611 17.0894135276982 19 19 19 19 19 19 18.1603900462978 10.4746919026229 0 0 0 0 0 0 0 0 0 0 0 0 0 0 25.1173701574493 85 126.20538510576 179 195.855143619804 208 208 208 252.964675797238 260.681791217577
-9999 -9999 -9999 -9999 -9999 -9999 -9999 -9999 -9999 -9999 39 39 39 39 39 39 39 39 39 32.742055171867 8.39378526635151 7.10159104025754 29.2002380342117 0 0 0 0 0 0 0 7.92472891379427 12.1424511064898 12.1424511064898 12.1424511064898 12.1424511064898 19 19 16.0997456390035 0 0 0 0 0 0 0 0 0 0 0 0 0 0 6.30803184824222 44.2039606712754 82.4735346181804 124.78640886239 176.608092156678 193.890186625949 208 208 208 228.963884320448 212.305787472283
-9999 -9999 -9999 -9999 -9999 -9999 -9999 -9999 -9999 -9999 -9999 39 39 39 39 39 39 39 32.1212245735262 20.510684290061 19 19 18.1240190225357 6.96073060427779 0 0 0 0 0 0 0 0 0 0 0 19 19 17.3536763257381 6.37399522416149 2.42745372830714 8.21468743168125 8.21468743168125 8.21468743168125 8.21468743168125 2.85342609944124 14.4004763810135 19.8881906240704 19.8881906240704 1.22597267102916 0 2.73879768272041 33.723453666902 43.6445050849366 78 78 119.810062905407 169.61751556028 179.856797962952 201.692368732391 208 231.043621137933 269.938844549534 240.910108470559
-9999 -9999 -9999 -9999 -9999 -9999 -9999 -9999 -9999 -9999 -9999 -9999 -9999 -9999 -9999 39 39 39 23.0898714418579 19 19 19 19 17.4070044255617 8.56426534144775 8.56426534144775 8.56426534144775 4.81002092524144 4.87961990920079 9.57182596985336 9.57182596985336 9.57182596985336 9.57182596985336 9.57182596985336 9.57182596985336 19 19 19 14.7426071005458 2.7860410260216 12.9403641213648 19 19 19 6.5997758697786 33.3072990926033 46 46 24.5809697431435 0 6.33464832404923 78 78 78 78 116.575254141563 166 166 155.271563451602 179.83751599274 217.822910869798 268.29595482782 275
-9999 -9999 -9999 -9999 -9999 -9999 -9999 -9999 -9999 -9999 -9999 -9999 -9999 -9999 -9999 -9999 -9999 -9999 23.0898714418579 19 19 -9999 18.8375603911495 17 17 17 17 13.834392933576 13.8930793191738 18.5182261807261 19 19 19 19 19 19 19 19 14.7426071005458 0 2.96150504303596 8.07103549197454 8.07103549197454 14.4231139388938 13.7324921545549 36.3229094779929 46 46 46 26.459598282588 30.6453716077165 78 78 78 78 97.9164735364857 123.434559284532 123.434559284532 102.919102443429 152.097688589073 175 248.727287256672 260.044574883755
-9999 -9999 -9999 -9999 -9999 -9999 -9999 -9999 -9999 -9999 -9999 -9999 -9999 -9999 -9999 -9999 -9999 -9999 19 19 19 -9999 17 17 17 17 17 17 17 18.162436426664 19 19 19 19 19 19 19 19 14.7426071005458 0 0 0 0 21.1906345204776 36.4591990656476 43.3674232026794 46 46 46 46 45.5004087711549 37.9730441669376 27.5623138103513 27.5623138103513 49.3910118339861 89.2214969442221 92 92 92 113.236299386779 121.329128798194 232.010227601631 249
-9999 -9999 -9999 -9999 -9999 -9999 -9999 -9999 -9999 -9999 -9999 -9999 -9999 -9999 -9999 -9999 -9999 -9999 -9999 -9999 -9999 17 17 17 17 17 17 29.2761165961384 45.004548515283 45.3322796263971 45.5684178221915 26.330893302157 19 19 19 19 19 19 17.7996934082737 9.61164112170898 0 5.98062877252069 21.6965649740499 39.0652053580261 46 46 46 46 46 46 42.6992225360725 4.53909325363969 0 4.03155704731872 18.1545137904157 54.8966119525557 92 92 92 92 92 176.43901651557 189.400576236705
-9999 -9999 -9999 -9999 -9999 -9999 -9999 -9999 -9999 -9999 -9999 -9999 -9999 -9999 -9999 -9999 -9999 -9999 -9999 -9999 -9999 17.1159544418879 27.8805675126443 17 17 17 28.2979658186973 51.3890907409307 56 56 56 50.3603735968726 48.2112665544203 48.2112665544203 20.8005843989538 19 19 19 19 17.8181057083307 15.0003801225402 24.3674320752496 38.7297541032762 41.6117471556968 44.6288206818525 46 46 46 46 46 43.4824142294498 12.7106953372337 3.36113709877455 11.7496722744339 2.53205208833266 8.48944048942862 54.3815453371487 88.0525315467 90.6288081202717 92 88.8598011561831 155.627158210918 166
-9999 -9999 -9999 -9999 -9999 -9999 -9999 -9999 -9999 -9999 -9999 -9999 -9999 -9999 -9999 -9999 -9999 -9999 -9999 -9999 -9999 -9999 31.8305617229676 29.9138305216148 29.9138305216148 29.9138305216148 31.9040910086114 35.3378711654164 45.8712151214443 56 56 56 56 28.3846611912765 19.3171926734642 19 19 19 19 26.8865204592058 42.8454999876592 39.2815364651381 41 41 41.4538415632562 44.8122363160894 46 46 46 6.39758640038137 6.09262140061362 2.23912827299251 0.592101132754239 1.86163214007563 0 0 44.3511649201368 87 87.4538393503961 87.6953898261284 110.427476375491 125.796394694934 148.262589311721
-9999 -9999 -9999 -9999 -9999 -9999 -9999 -9999 -9999 -9999 -9999 -9999 -9999 -9999 -9999 -9999 -9999 -9999 -9999 -9999 -9999 -9999 -9999 -9999 32 32 32 32 32.8276901959514 46.6291674206827 56 56 28.5575531554801 19.3330750185558 19 19 19 19 25.4763599141788 48.5225695697198 46.6976300111892 41 41 41 41 41.2449158873759 45.0466720337659 46 5.75564543892632 0 0 0 0 0 0 0 3.00033950269609 53.0302156571284 87 109.952909550554 120.52962501124 121 145.397192809767
-9999 -9999 -9999 -9999 -9999 -9999 -9999 -9999 -9999 -9999 -9999 -9999 -9999 -9999 -9999 -9999 -9999 -9999 -9999 -9999 -9999 -9999 -9999 32 32 32 32 32 32 45.8965268167895 55.9684987413568 55.898765096 26.5377886545343 19 19 19 19 19.0178808944166 26.0371649983618 50 50 46.0547749140237 41 41 41 41 41 21.9275750314048 19 0.259561317937187 19.2607318872022 19.2607318872022 15.0194867293034 0.234266219245366 0.166381776259886 0.254676032848986 0.167590767090472 50.7031070039242 87 87 114.140078799101 147.890270423839 147.32596104306
-9999 -9999 -9999 -9999 -9999 -9999 -9999 -9999 -9999 -9999 -9999 -9999 -9999 -9999 -9999 -9999 -9999 -9999 -9999 -9999 -9999 -9999 -9999 -9999 -9999 32 32 32 33.9169900454393 35.7603533558604 50.2458635321152 33.1794677258851 23.7380452283842 19.6304841457594 19 19 19.1893499827517 25.7075336508952 50 50 50 46.0547749140237 41 41 41.7853343060463 42.2033130738753 42.2033130738753 24.5652692499812 21.8578685504539 22.5050756512119 88 88 88 64.6629632392136 49.7446072759797 71.3534694350798 50.0404919373267 88.0393623432473 87 87 133.622003363077 151.14930610257 152
-9999 -9999 -9999 -9999 -9999 -9999 -9999 -9999 -9999 -9999 -9999 -9999 -9999 -9999 -9999 -9999 -9999 -9999 -9999 -9999 -9999 -9999 -9999 -9999 -9999 -9999 32 32 57.4894934601258 82 82 82 82 34.6293134401167 27.3582184401951 27.3582184401952 29.1971074599465 50 50 50 50 46.0547749140237 41 42.363627281695 52.257250508566 57 57 83.3143375381598 87.3535301249192 87.359855894658 88 88 88 97.4559511180985 120 120 120 100.820008984361 87 84.8765182457058 70.4903143950192 140.688644165523 152
-9999 -9999 -9999 -9999 -9999 -9999 -9999 -9999 -9999 -9999 -9999 -9999 -9999 -9999 -9999 -9999 -9999 -9999 -9999 -9999 -9999 -9999 -9999 -9999 -9999 -9999 -9999 -9999 57.4894934601258 82 82 82 82 76.7984104608994 76 76 74.3488382644847 54.804212939368 50 50 -9999 46.0547749140237 41 53.0877630101369 61.797402617608 58.3237390556013 92.9082343650346 242.460925255363 264 262.277823117625 88 88 88 97.4559511180985 120 120 120 98.2851842156528 82.6387248930836 71.3152162357979 67 140.688644165523 152
-9999 -9999 -9999 -9999 -9999 -9999 -9999 -9999 -9999 -9999 -9999 -9999 -9999 -9999 -9999 -9999 -9999 -9999 -9999 -9999 -9999 -9999 -9999 -9999 -9999 -9999 -9999 -9999 -9999 -9999 82 82 82 76.7984104608994 76 76 76 76 -9999 -9999 -9999 -9999 -9999 79 79 67.6819091017241 222.970937702363 264 264 262.277823117625 88.6582981794201 96.1057787848825 96.1057787848825 103.166484654107 120 120 143.169792642049 108.229802193795 67 67 75.0601521803311 129.488587340781 145.946419318934
-9999 -9999 -9999 -9999 -9999 -9999 -9999 -9999 -9999 -9999 -9999 -9999 -9999 -9999 -9999 -9999 -9999 -9999 -9999 -9999 -9999 -9999 -9999 -9999 -9999 -9999 -9999 -9999 -9999 -9999 -9999 -9999 82 76.7984104608994 76 76 -9999 -9999 -9999 -9999 -9999 -9999 79 79 79 79 181.95222744149 256.603648247477 264 211.287768530793 101.363626416791 117.529144515598 116 116.755388130767 139.877771918432 176.664509641174 227.813887575048 198.997471769404 93.3275436739992 67 94.8423908471546 102 167.665427207566
-9999 -9999 -9999 -9999 -9999 -9999 -9999 -9999 -9999 -9999 -9999 -9999 -9999 -9999 -9999 -9999 -9999 -9999 -9999 -9999 -9999 -9999 -9999 -9999 -9999 -9999 -9999 -9999 -9999 -9999 -9999 -9999 -9999 -9999 -9999 -9999 -9999 -9999 -9999 -9999 -9999 79 80.1020282805557 81.1617439384437 81.1617439384436 89.3010837206327 106.401376257572 185.785396085971 201.880958140565 121 121 120.698752511483 118.348306375493 116 149.534118813149 237.90493907331 277 277 149.82144632121 82.1322075691056 97.9369744871371 102 232.431146175291
-9999 -9999 -9999 -9999 -9999 -9999 -9999 -9999 -9999 -9999 -9999 -9999 -9999 -9999 -9999 -9999 -9999 -9999 -9999 -9999 -9999 -9999 -9999 -9999 -9999 -9999 -9999 -9999 -9999 -9999 -9999 -9999 -9999 -9999 -9999 -9999 -9999 -9999 479 -9999 479 303.656662845498 81.5489334350792 84 84 102.825864704515 110 110 120.321924269722 121 121.081826947786 122.159042951513 120.076932223061 109.954674418364 112.172866489164 186.575180872632 277 277 162.787966209547 102 102 102 166.722917457326
-9999 -9999 -9999 -9999 -9999 -9999 -9999 -9999 -9999 -9999 -9999 -9999 -9999 -9999 -9999 -9999 -9999 -9999 -9999 -9999 -9999 -9999 -9999 -9999 -9999 -9999 -9999 -9999 188 -9999 -9999 -9999 -9999 -9999 -9999 -9999 -9999 -9999 479 479 479 404.515110542376 194.338286233494 84 88.8802525626296 99.4747954245248 108.47081671736 110 120.321924269722 121 121.162426880104 123 118.742667562087 104 105.870422029017 182.698446627596 277 218.494658316913 127.822395175942 102 90.1030717821224 87.044657626151 87.044657626151
-9999 -9999 -9999 -9999 -9999 -9999 -9999 -9999 -9999 -9999 -9999 -9999 -9999 -9999 -9999 -9999 -9999 -9999 -9999 -9999 -9999 -9999 -9999 -9999 -9999 -9999 -9999 -9999 188 188 -9999 -9999 -9999 154 -9999 78 110.567865517675 479 479 479 479 479 277.634258628744 84 92.4843638785725 97 100.654336642003 440.187238016122 495.808006587771 492.390393471859 122.35066380621 123 118.742667562087 104 104 130.797680728813 197.107744880865 160.720230018683 112.346141120505 92.6814385447024 77.8788766315786 76 76
-9999 -9999 -9999 -9999 -9999 -9999 -9999 -9999 -9999 -9999 -9999 -9999 -9999 -9999 -9999 -9999 -9999 -9999 -9999 -9999 -9999 -9999 -9999 -9999 -9999 -9999 -9999 188 188 188 -9999 154 154 154 154 132.038551470747 87.1821135224405 191.057072177491 191.057072177491 191.057072177491 191.057072177491 191.057072177491 134.284450840124 79.6916270151246 90.987821980489 97 97 620.624758228704 701 699.405420092074 504.333110330959 123 121.799696905943 113.611641938945 104 131.699430471369 154.042852223548 127.79999467383 118 109.426022711485 82.1675299820832 76 76
-9999 -9999 -9999 -9999 -9999 -9999 -9999 -9999 -9999 -9999 -9999 -9999 -9999 -9999 -9999 -9999 -9999 -9999 -9999 -9999 -9999 -9999 -9999 -9999 -9999 -9999 -9999 188 150.167419283398 102.28680885977 94 137.444494095466 154 154 154 153.256090863696 78 78 78 78 78 78 78 78 80.6103648791129 79.7130893439792 78.8417183100162 618.208406770122 701 701 654.058631649994 123 128.660839663563 147.081796832701 154.982369760875 181.59562186997 184.058744279079 142.466565996198 118 109.425321438052 99.12433732083 97.3162437230245 77.3140703349243
-9999 -9999 -9999 -9999 -9999 -9999 -9999 -9999 -9999 -9999 -9999 -9999 -9999 -9999 -9999 -9999 -9999 -9999 -9999 -9999 -9999 -9999 -9999 -9999 -9999 -9999 -9999 -9999 140.079752294963 94 94 100.042310096807 143.436693339481 154 154 153.256090863696 78 78 76.0709106267867 69.3908114762552 72.5497810105695 78 78 78 78 75.1037131223823 74 195.873531058682 671.015543505766 701 656.296013461414 150.549403275983 151.546649054995 155 156.888206301497 174.109366671775 192 186.018164788462 181.707995075712 124.7180122139 103 103 99.4763031338373
