rodentData/variables/Pop_dens.asc
NCOLS 409 
NROWS 350 
XLLCORNER 60.897278365 
YLLCORNER 5.843756025 
CELLSIZE 0.0892857 
NODATA_value -9999 
[rows 56 to 83 of 350, columns 126 to 188 of 409]
107 127.78982601354 363 363 363 363 363 363 363 363 363 363 295.103269746772 279.350212764443 279 279 279 285.879388139553 434.783792054096 733 733 733 733 733 733 733 733 449.535874673188 409 399.081690032597 305.50180844521 398.345694058247 379.081365411117 421.120844523937 421.506218471016 422 422 422 397.26877481557 363.635119064281 188.651083078172 162.743900787438 176.350161630501 348.033515630709 334.487998785761 320 319.040820025844 287.491062600448 237 237 248.623982404242 93.1905064502337 6 46.0511342835586 59.5139808620051 59.1750525113444 60 60 60 60 58.8410033463256 56.0279876095771 31.8589667672062
109.504169916392 363 363 363 363 363 363 363 362.768036727147 362.600895020818 362.600895020818 296.096909787559 279 279 279 279 279.098628424073 279.646169966295 413.289669917234 732.316600793066 733 733 732.372598011404 731.920516056307 731.920516056307 506.85992847611 449 448.390101560481 278 278 278 296.102842273498 358.794408958563 382.1878564811 422.309552990348 422 422 422 381.452696523156 366 366 366 160.320266974905 26.9428999340177 326 326 278.722281008935 191.944907566978 203.523725788398 161 189.478756890393 210 139.766586578289 113 67.0536376732907 60 60 60 59.9883973817209 59.9239800039653 59.9464425871194 60 34.2362857804654
109.504169916392 363 363 363 363 360.101640450395 355.100918888818 355.100918888818 298.665023279106 258 258 274.705367682375 279 279 291.788988465723 291.788988465723 315.784957209733 449 449 545.366103915685 711.634866327851 711.634866327851 558.990041574754 449 449 449 437.847766947479 287.749512924693 278 278 293.903155988948 442.074785517188 625.087896852769 567 508.221471628957 432.908254867823 426.568352023491 419.937927034972 381.34341111681 367.053210814824 367.053210814824 366.064936741726 138.084403100557 152.426981798642 314.715598412597 314.715598412597 272.772887093848 168.451826964276 161.692500484894 162.541466501204 191.114513454208 211.730274910068 140.244045889471 113 88.4448984159027 61.5214536130362 59.9933856356039 59.3229359047558 56.3737559385676 40 45.4650720453329 58.4954131216796 59.154932605131
131.2822250386 348.851504166418 363 359.549580270323 347.600942756815 314.724239196296 258 258 258 258 258 330.938026261472 349.689005630622 306.752720535641 449 449 449 449 449 449 449 449 449 449 449 722.695620962979 346.54462981752 278 278 278 489.395649106041 1663 1386.64008932296 668.75970866541 567 567 495.085145114595 401.976448855356 380 380 380 371.54210608725 176 176 176 176 202.975674208773 237.547826958552 196.908898027858 204.331819524512 218.469957766451 233 175.315099474166 153.330864208342 325.11076438177 88.4312818275166 69.4811648365929 49.3867654316663 47.9541021606794 40 40 40 46.2596379785247
258 264.667440670599 340.100966624819 321.704853759323 258 258 258 258 258 258 337.427995766922 680.567114430245 761 532.082706304199 449 449 449 449 449 449 449 449 449 449 819.451807423701 2419.85390514368 1088.83653233411 339.264424995127 307.223528307374 307.223528307374 472.51673908725 1451.30384231301 1663 1252.85671891462 545.191396785542 545.191396785542 557.866607185887 441.684487651575 378.615885763832 380 383.781244012378 399.035806608366 224.373878641208 176 176 172.921581277649 198.534555531459 302.625217189505 352.287067005938 339.572531068591 273.586257801894 239.590867524062 345.228650313043 344.80248836382 164.911681460629 126.56694303065 117.169496244855 40 40 41.0261250003171 44.5798066750362 92.8307472422912 169.573555999237
258 258 258 258 258 258 258 258 258 353.04074195875 662.388058033723 761 761 761 449 449 449 449 449 449 449 449 449 892.269370734483 2335.06703022234 2795 2795 558.918609929641 411.934906272245 405.341169346045 405.341169346045 604.490138894823 1287.05817640453 975.447094420007 467 457.406852178509 481.903164584462 408.828195671664 570.07243815565 440.085267624653 398.108910062502 400 398.444739689004 235.585255066065 176 161.884383827434 113 170.3511806003 296.842822554335 312.36625344433 293.364677384181 253.024305880797 368.097528060626 196.49678685981 139 92.0829579570063 88.6598975909602 54.632853624622 59.6869775856056 59.9811657950623 61 282.247276099126 664
258 258 258 258 258 258 258 350.552752713002 439.554188347735 649.341622031351 761 761 761 761 560.512905422688 449 449 449 449 449 449 449 941.148310895105 2274.21877845087 2795 2795 2795 506.421723028369 403.554633303818 389 389 389 364.474419151901 343.75146553975 424.077117229314 422.363363840987 385.28602969723 588.781909492352 1147.71157366309 631.18116912135 407.301444167396 400 400 387.467640155088 249.297907899496 260.463477305171 194.881152092507 113 160.779325082891 225.058624656496 228 228 304.001494418349 149.95677075128 102.905727962677 72.9230507065467 89.1093096023826 100.823440016348 108 97.4694517832407 61 282.247276099126 664
258 258 258 258 258 258 258 514.419502289167 761 761 761 761 761 761 759.268184414256 583.899772120104 563.309288770518 449 449 449 449 966.088627905664 2237.30914982926 2795 2795 2795 1843.67985903048 345.819620252401 331.927019487648 336.561567718457 389 380.95918308396 339.191772297904 306 348.081178957421 402 402 999.157041573465 1077.50745024497 640.8067894369 477.202863551592 404.052055578882 399.86901604725 385.167648927929 369.702598680548 373.603308842773 296.598746320209 113 142.39524644327 216.841381765431 238.140333403323 228 91.1534521989349 39 39 39 102.575406433479 119.44691919576 113.650389852844 103.843885359562 61 282.247276099126 664
258 258 258 258 258 284.619251040639 330.547114838661 549.983525518595 761 761 761 761 761 761 761 748.235432069193 580.184395416163 449 449 449 451.870918236558 1648.14783333669 2795 2795 2795 1860.00906788428 438.341148083977 257 257 262.318731436657 332.648754162814 379.772143566562 324.592076121245 269.222643172068 327.425015194668 402 402 999.157041573465 763.094872146689 552 565.102548190379 496.341739664116 384.231897647811 369 363.244168304574 331.288755053738 307.427833144696 250.537238548295 195.508940102356 206.053553397149 267.850084558516 253.253626906548 183.775234254597 63.3162512607743 39 77.2915804160629 120 120.28635087005 124.056727200193 119.662394878902 93.2087133895425 200.137495358592 509.501462823827
258 258 258 258 282.476701212137 363.276489044367 402 585.01113582865 761 761 761 761 761 761 759.245000694675 570.766653398752 449 449 451.209678396496 456.47796078531 458.898540028337 967.185910591989 1452.9936529133 1452.9936529133 1452.9936529133 664.667599639293 284.281633473767 257 257 257 277.147455366063 389 342.903727562609 233 264.467301721279 328.245400063656 350.804730008266 604.460468538821 603.731029753885 565.727591757116 580.304084215658 490.240540979217 393.734793366793 391.726310551414 369 361.009189865283 348.897376193301 386 337.40292232594 266.458301690577 258.114751127775 269.134528284034 223.7708695476 124.502682897677 91.5339328745282 121.905115201932 124.026594269013 123.754249673224 120.672494720123 119.125908272737 112.891172145736 113.439451516414 219.66211411503
258 258 258 278.864772980582 366.1537280722 402 503.763209627269 698.815407819311 761 761 761 761 761 761 533.592326495181 424.427068320445 429.460902185819 457.406529258795 458.76386361146 462 462 462 462 462 462 462 284.281633473767 257 257 257.997708863449 276.405446357758 315.927861058165 291.423596468503 262.18412263119 312.538699910139 312.773858682898 313 313 427.991170831291 480.247061986903 482.414961088118 426.050077352866 412 410.766253620268 396.806212163707 376.684465801566 315.248238794621 353.658279670827 386 311.063695915843 239 189.906197766911 155.249284618072 152 130.327187581741 127 127 126.106827179693 116 113.311349391466 104 100.832471584587 95.367036610936
258 258 273.783466345933 370.500345503118 402 402 559.368360286192 761 761 761 761 761 761 525.164815323814 411 411 418.78440641022 462 462 462 462 462 462 462 462 462 316.652722651206 294.340390929124 294.108741822459 271.078564557544 276 276 281.966344200013 308.914512341276 341.883965351391 334.079719794417 313 366.894049989906 419.05391264978 428 428 428 412 412 412 388.473973045724 307 315.171664425333 354.13791270049 311.063695915843 239 213.977926240796 139.950574652385 144.803877250747 124.724540201678 120.537240031498 79.6064268976502 82.5614951093677 116 115.242027560591 99.0374017720402 72.6550767051439 83
258 267.232781308224 376.316341337098 402 402 402 559.368360286192 761 761 761 761 761 521.443887110504 415.541759338974 411 411 412.638518025256 430.756809483157 462 462 462 462 462 462 462 365.908360167735 313.285817377985 309 308.932098270725 299.938242007361 276 283.960441226414 314.326924175109 321 324.229315162566 323.753113791735 324.822502061867 344.587852526063 352.996285419394 402.612031691599 415.367795439056 1311.77766504358 1367.3104699214 1289.73858024615 406.456880830679 370.730483995053 339.817157743978 318.877017897558 346.658996925109 340.225380223112 275.040702739529 239 155.962995630786 132.521368143315 120.213340833182 118 61 64.247840841801 95.5767535621569 65.4711817562236 61.4906824643619 61.0567912669237 76.6838977195279
259.212717867446 383.60171557415 402 402 402 402 559.368360286192 761 761 761 761 461.025519300714 407.394623441231 411 411 411 411 412.589060754325 431.06646918041 462 462 462 462 462 366.623639583884 313.35114524079 309 309 309 308.62735998272 304.411057262718 308.127985423071 321 321 321 321 327.974427628785 333 333 395.843499448203 412 1547.39626788632 1622 1520.53132384457 371.420384549238 366 358.996570145102 344.390515304575 348 348 424.755199409261 404.772423473822 194.763385637797 130 242.746552971099 260.055286313593 92.8464110862558 92.4003651719131 90.1318357038173 52 52 60.4389508296516 75
259.40859557797 402 402 402 402 402 559.368360286192 761 761 494.477514167126 352.622170700026 329.057920552692 328.159474707754 405.941740920733 411 411 411 411 412.019198632306 414.449156862332 435.293011716038 462 462 332.39038200558 296.41869815643 309 309 295.876705657439 295.014457900686 296.150138371749 309 311.688726981014 321 321 321 321 327.974427628785 333 333 395.843499448203 412 488.787447624431 680.306831979512 654.784893654585 366 359.1061587726 334.872097964832 339.145950322776 348 429.275395408913 514.156643181009 513.085569752506 398.887819332866 356.56578200889 408.375119212342 142.491283390858 111.83914556638 97 93.1202135098835 71.5797589390399 78.4672319449999 87.5915063205971 74.1826117291479
259.950131695051 402 402 402 402 402 558.639186307981 536.900765690803 323 323 323 323 323 405.574834092936 411 411 411 411 411 411 411 436.586257537783 337.864454197337 249 249 249 288.011348749661 294 294 294 288.199974970376 256 275.133836338235 320.838144441254 320.984808730392 320.984808730392 327.96806556005 332.960342847577 388.011715712927 407.894271674634 410.200868705288 1541.68284556073 609.86216371229 607.884791624891 528.909869912491 355.336685078483 332.76453532108 356.523375303617 450.355677369837 518.408560239037 919.339628365101 2840.84345322199 1293.83488559391 379.370086931561 381 381 113.003797817402 110.900679768428 84.9501284240432 73 73.0740644617281 99.202394544567 112.867247841726
402 402.0244365439 401.347864107501 396.057133240222 396.057133240222 396.057133240222 364.032394339878 323 323 323 323 323 347.586137054233 427.723309177888 432.52776752732 411 411 411 411 411 406.614285452067 323.511384572698 249 249 249 255.941636981279 293.802909463531 294.329291119891 294 294 288.199974970376 256 256 278.381953470623 317 317 325.599690945999 322.139809446106 378.602354711309 116.436242811565 43 43 48.6301939811806 614.416096851264 564.842085012324 515.421919137171 271 271 271 363.268510470969 858.333172439406 758.815712593034 436.839650092278 383.600055226572 381 376.835321000547 114 114 108.741226094362 79.5446760519073 97.5794758641872 140.57974939184 113.825681134574
402.586618022522 402.863819653106 393.330996034423 323 323 323 323 323 323 323 323 366.981851163838 657.187324016173 700 697.588400049135 449.94134028491 411 411 411 403.843198509487 341.744575700246 265.384535247725 250.781124975948 249 261.317689680495 344.755999476061 365 308.147860458472 282.715780423596 298.399635168915 293.450209942655 263.310887381186 254.093491426803 273.193030576147 306.147566583343 311.679854523007 317 317 317 136.951555859294 90.6627143299126 45.9386912162643 43 84.6864793038893 556.375789862639 496.148302557098 282.675181466404 271 282.635565570547 376.281383201707 452 506.577837207382 546.034091018955 408.680159437396 372.3473841678 325.104377372691 169.18428804148 114 121.020790169431 160 160 160 165.978451615484
406 406 393.330996034423 323 323 323 323 323 323 323 323 557.49783269274 689.058698445872 700 700 676.531155128803 411 411 402.429245786411 343.837095535108 278 278 264.820818449628 255.324402642599 334.736353973228 365 336.830039776682 332.505655388027 217.055759331155 325.027132237183 336.648805285197 322.457863548237 264.356207798176 243 243 280.723272911934 317 317 317 357.569854074156 368 129.54513255064 98.3625053254869 139.01710177788 384 387.957909172479 375.556583945835 313.308072850488 374.102629489471 452 452 498.967862890965 579.450202545564 378.977137732958 322 322 491.097296550865 196.871482903017 194.006602713751 178.100876528817 185.382560262985 202.744238549977 224.773311320422
406 406 393.330996034423 323 323 330.117309462848 342.39724998856 332.508913631015 323 323 323 323 649.829610320425 700 700 671.476428281439 348.755093320292 348.755093320292 320.832563254006 262.970743513235 278 278 278 264.962808875615 313.261044809929 334.311813450935 231.745070878952 216 217.219906927217 344.137927769622 382 382 352.818121189419 268.476550638959 243 280.723272911934 317 317 317 340.988074938582 347.155194042144 347.155194042144 296.61099785894 358.523014940399 365.99075652996 420.344818922803 465 465 460.951313914929 453.845049022452 507.527004883614 700.554581611819 782 522.016010492721 345.747489026882 328.948268652619 494 488.099594008004 394.114507749259 243 276.389529450345 356 323.92218158412
406 405.531008112758 392.128707864767 347.182949044216 347.182949044216 362.893536994496 390 368.172709949161 333.12760947161 323 323 431.246173344898 667.938087591315 700 518.08647286142 491.930772284618 196 196 196 226.087477080145 278 265.30408793736 253.095171879837 224.317171028051 245.20310864223 259 221.722488972546 216 217.622741194183 382 382 382 382 330.998499468581 243 280.723272911934 317 317 311.511828131376 298.744615124743 296 296 296 296 316.009874989764 435.592821812021 465 465 465 460.764933480016 645.760813018689 782 782 656.814946427865 383.082219139646 396.125277815103 494 473.619420191166 243 252.138312904253 305.12409590838 356 356
399.082113886597 398.344553075904 390 390 390 390 390 375.23235322513 338.927200566715 323 323 449.552377919809 482.086587427814 482.086587427814 196 196 196 196 210.309265257137 245.79800386917 248.166616135951 228.200370560836 209 209 229.550047233599 254.578833397861 237.840087464986 217.146237596821 288.694188447431 382 382 382 375.739763867893 317.585992150134 235.418937407678 247.118226014079 267.710061442006 267.710061442006 288.193645800082 296 291.502082047497 290.811585414948 290.811585414948 293.479837462358 329.216322309069 383.526026954276 465 465 465 465 518.317076282351 595.676504760178 616.403101160422 419.530634682778 368.915497750647 486.287394769844 494 482.43132831883 354.361931003439 384.487539136699 411.134539012247 356 356
390 390 390 390 390 390 390 355.844718382954 323 323 276.672763039688 208.887553376723 196 196 196 196 204.612480630224 252.425177334623 254.109185756721 240.09950961269 209 209 209 209 209 248.774525848703 259 238.978708752114 382 382 378.232118279782 357.313984916102 350.129471629363 292.583384260702 214.147801033361 203 203 203 236.413114736366 281.608795861061 284.792443308257 284 284 290.171254059221 360 357.676673585383 349.630664199743 349.630664199743 355.151545774798 362.225569854793 303.393357712219 351.062590079154 399 399 399 488.142379881688 494 495.759001376121 518.919779700946 537 659.473721653178 951.487139370758 753.399346504548
390 390 390 390 390 390 390 318.603471167896 249.946479569836 249.946479569836 210.885702687424 196 196 196 168.38922062482 168.38922062482 189.698770544504 308 295.573739069924 245.052128175244 209 209 209 209 209 211.710084892521 252.79932518395 259 253.14969624916 253.14969624916 265.337426785422 333 310.903576245017 237.95933852538 203 203 203 218.01636732898 226.00898281265 272.140102516624 284 284 284.427219233938 330.338464438728 349.113298129033 276.870567587227 236 241.276449962784 255.035541629944 261 261 351.062590079154 399 399 399 376.412741533969 494.241637435227 520.21775728239 537 666.010372409641 1238.43904064699 1538 1144.8096929595
390 390 390 390 390 343.969185915776 264.549334600472 229.604232690916 196 196 196 196 196 166.874223386463 148 148 172.421667169316 308 308 246.04969581656 139.1614852415 139.1614852415 139.1614852415 139.1614852415 175.214187642514 180.240147723754 202.812183492686 194.48541483089 158 158 184.710641583796 318.511057180159 249.029025702723 203 213.771383818632 227.572810748361 228.324483073801 238.090322053386 243 254.524408385535 288.880469327228 293.699793716458 293.962224563472 323.757201493529 341.073997126059 236 257.209515623908 311.019674091464 316.612150641028 316.612150641028 284.29041761536 337.979863071681 378.953759652653 378.953759652653 333.545848754729 289.440153428253 361.870596960028 537 537 627.983783950014 943.079318723886 943.079318723886 810.666096784498
387.836543650651 168.830972368176 168.830972368176 168.830972368176 168.830972368176 178.799930729511 196 196 196 196 196 196 196 150.959181403853 148 148 172.421667169316 308 308 232.047466395244 101 101 101 137.085597324136 172.010012538734 178 178 159.233055895339 158 158 173.750406655205 254.875186423812 230.500884017054 226.650249076593 234.983045891411 241 242.162404604798 243 243 243 279.719475885736 298.158793970976 299 299.521781507992 300.090229439591 280.604059836487 324.953649255283 347 347 347 332.908820492569 352.283125537254 368 368 437.223137905736 296.91788819754 467.208843720531 537 545.877420111053 600.280953663587 618 618 628.081802744628
386.987170569341 82 82 82 82 123.82929431972 196 196 196 196 196 196 196 116.139859252092 148.393740525457 188.264989735617 193.405516161812 241.225607072972 259.708171636354 128.584233272045 101 101 188.643656438882 262.374066960072 268.004094703145 196.406690877958 156.782336267404 157.724116216861 158 158 169.447417821627 233 233 235.935338160082 241 241 229.314190237517 220.893731125543 220.893731125543 261.716648950088 278.963520049889 283.752735718816 287.157355960113 286.900976410307 284 298.115616172566 347 347 347 347 422.25341498018 479.364382936084 480.89987318026 480.89987318026 506.994049273461 466.757371038845 537 537 549.362695733129 618 618 618 620.122122665629
124.412142147117 82 82 82 82 87.8168675531163 140.875973235168 196 196 196 196 196 125.095222023516 101.814446562073 108.430319220573 199 199 202.396305610288 183.773342057424 111.331255361282 111.331255361282 111.331255361282 216.336920638462 292 292 180.083173921754 147.57370262904 190.444026623157 193.298455817713 193.298455817713 199.358191343292 233 233 233.408194151455 230.338612695665 225.503116958077 219.398681199679 215 215 227.669358497498 273.469091497961 280 284 284 284 298.115616172566 347 347 347 347 323.727454313179 440.121311165207 511 511 511 511 634.285987985404 647.498228411909 798.722441777657 816.176054129826 776.91499880401 618 716.874318145249
