catData/rasterBestHybridModels/Fchaus/RD_RM1.5_H/Fchaus_max.asc
ncols         409
nrows         350
xllcorner     60.897278365
yllcorner     5.843756025
cellsize      0.0892857
NODATA_value  -9999
[rows 87 to 115 of 350, columns 330 to 395 of 409]
-9999 -9999 -9999 -9999 -9999 -9999 -9999 -9999 -9999 -9999 -9999 -9999 -9999 -9999 -9999 -9999 -9999 -9999 -9999 -9999 -9999 -9999 -9999 -9999 -9999 -9999 -9999 -9999 -9999 -9999 -9999 -9999 -9999 -9999 -9999 -9999 -9999 -9999 -9999 -9999 -9999 -9999 -9999 -9999 -9999 -9999 -9999 1.13893E-5 1.12898E-5 -9999 -9999 -9999 -9999 -9999 -9999 -9999 -9999 -9999 -9999 -9999 3.39979E-5 1.16582E-5 1.20941E-5 1.10638E-5 3.26453E-5 -9999
-9999 -9999 -9999 -9999 -9999 -9999 -9999 -9999 -9999 -9999 -9999 -9999 -9999 -9999 -9999 -9999 -9999 -9999 -9999 -9999 -9999 -9999 -9999 -9999 -9999 -9999 -9999 -9999 -9999 -9999 -9999 -9999 -9999 -9999 -9999 -9999 -9999 -9999 -9999 -9999 -9999 -9999 -9999 -9999 -9999 1.18123E-5 1.1384E-5 1.16686E-5 1.25459E-5 1.26529E-5 -9999 -9999 -9999 -9999 -9999 -9999 -9999 -9999 5.00056E-5 1.20401E-5 1.2065E-5 1.40532E-5 1.28634E-5 1.19047E-5 1.23576E-5 4.69082E-5
-9999 -9999 -9999 -9999 -9999 -9999 -9999 -9999 -9999 -9999 -9999 -9999 -9999 -9999 -9999 -9999 -9999 -9999 -9999 -9999 -9999 -9999 -9999 -9999 -9999 -9999 -9999 -9999 -9999 -9999 -9999 -9999 -9999 -9999 -9999 -9999 -9999 -9999 -9999 -9999 -9999 -9999 -9999 1.18963E-5 1.19823E-5 1.70113E-5 1.76525E-5 1.35557E-5 1.3451E-5 1.75402E-5 1.9646E-5 2.49437E-5 2.2459E-5 1.72425E-5 -9999 -9999 -9999 1.28809E-5 1.28204E-5 1.35321E-5 1.35198E-5 1.47482E-5 1.36223E-5 1.29095E-5 1.30047E-5 -9999
-9999 -9999 -9999 -9999 -9999 -9999 -9999 -9999 -9999 -9999 -9999 -9999 -9999 -9999 -9999 -9999 -9999 -9999 -9999 -9999 -9999 -9999 -9999 -9999 -9999 -9999 -9999 -9999 -9999 -9999 -9999 -9999 -9999 -9999 -9999 -9999 -9999 -9999 -9999 -9999 -9999 -9999 1.26272E-5 1.19465E-5 1.17774E-5 1.37641E-5 1.80526E-5 1.41107E-5 1.72426E-5 2.33126E-5 2.5665E-5 2.39148E-5 2.01951E-5 1.67829E-5 1.31066E-5 1.38267E-5 -9999 1.36941E-5 1.56722E-5 1.55622E-5 1.84944E-5 1.44426E-5 1.46669E-5 1.3558E-5 1.24564E-5 -9999
-9999 -9999 -9999 -9999 -9999 -9999 -9999 -9999 -9999 -9999 -9999 -9999 -9999 -9999 -9999 -9999 -9999 -9999 -9999 -9999 -9999 -9999 -9999 -9999 -9999 -9999 -9999 -9999 -9999 -9999 -9999 -9999 -9999 -9999 -9999 -9999 -9999 -9999 -9999 -9999 -9999 -9999 1.32198E-5 1.3901E-5 1.38351E-5 1.32718E-5 1.788E-5 1.89853E-5 2.81597E-5 2.66987E-5 2.78124E-5 2.36963E-5 2.18732E-5 1.78721E-5 1.45884E-5 1.28327E-5 1.78276E-5 2.98518E-5 2.74396E-5 2.94939E-5 1.9021E-5 1.87257E-5 3.61641E-5 1.42002E-5 1.25348E-5 -9999
-9999 -9999 -9999 -9999 -9999 -9999 -9999 -9999 -9999 -9999 -9999 -9999 -9999 -9999 -9999 -9999 -9999 -9999 -9999 -9999 -9999 -9999 -9999 -9999 -9999 -9999 -9999 -9999 -9999 -9999 -9999 -9999 -9999 -9999 -9999 -9999 -9999 -9999 -9999 -9999 -9999 1.22698E-5 1.9462E-5 2.52939E-5 1.50491E-5 1.30113E-5 1.82262E-5 2.03679E-5 2.26562E-5 2.91694E-5 2.6086E-5 2.28912E-5 2.26269E-5 2.01694E-5 3.15364E-5 2.67534E-5 2.97986E-5 3.17654E-5 3.10611E-5 5.30362E-5 3.39005E-5 4.40823E-5 5.65269E-5 1.44865E-5 1.22591E-5 1.41632E-5
-9999 -9999 -9999 -9999 -9999 -9999 -9999 -9999 -9999 -9999 -9999 -9999 -9999 -9999 -9999 -9999 -9999 -9999 -9999 -9999 -9999 -9999 -9999 -9999 -9999 -9999 -9999 -9999 -9999 -9999 -9999 -9999 -9999 -9999 -9999 -9999 -9999 -9999 -9999 -9999 -9999 1.42101E-5 1.36535E-5 3.10434E-5 2.56295E-5 1.45356E-5 1.47824E-5 1.98454E-5 2.16784E-5 2.67518E-5 2.75441E-5 3.01142E-5 2.47783E-5 3.67523E-5 3.19245E-5 2.89423E-5 2.70672E-5 4.50173E-5 5.10298E-5 4.85104E-5 4.91657E-5 5.40152E-5 3.4475E-5 2.95319E-5 2.81364E-5 2.4076E-5
-9999 -9999 -9999 -9999 -9999 -9999 -9999 -9999 -9999 -9999 -9999 -9999 -9999 -9999 -9999 -9999 -9999 -9999 -9999 -9999 -9999 -9999 -9999 -9999 -9999 -9999 -9999 -9999 -9999 -9999 -9999 -9999 -9999 -9999 1.10026E-5 1.1232E-5 1.25914E-5 1.19803E-5 1.21646E-5 1.25517E-5 1.65551E-5 2.69751E-5 1.8674E-5 1.7251E-5 2.49491E-5 1.59806E-5 1.92046E-5 2.34356E-5 2.21265E-5 2.36612E-5 4.84785E-5 5.78437E-5 6.55722E-5 2.30365E-5 2.58415E-5 3.43414E-5 5.19683E-5 5.0591E-5 5.02355E-5 5.33101E-5 5.68069E-5 6.94648E-5 6.14246E-5 5.63341E-5 3.60894E-5 1.75392E-5
-9999 -9999 -9999 -9999 -9999 -9999 -9999 -9999 -9999 -9999 -9999 -9999 -9999 -9999 -9999 -9999 -9999 -9999 -9999 -9999 -9999 -9999 -9999 -9999 -9999 -9999 -9999 -9999 -9999 -9999 -9999 -9999 -9999 1.22827E-5 1.2837E-5 1.1207E-5 1.30817E-5 1.41837E-5 1.32098E-5 1.24661E-5 1.43047E-5 2.34157E-5 2.19019E-5 1.90386E-5 2.11887E-5 2.03553E-5 2.29628E-5 2.70028E-5 2.31504E-5 2.16112E-5 4.41576E-5 4.69842E-5 7.0034E-5 3.05046E-5 3.0206E-5 3.9312E-5 5.87122E-5 5.67783E-5 3.65892E-5 4.08396E-5 4.44962E-5 4.38811E-5 5.12104E-5 2.97583E-5 2.59245E-5 2.52346E-5
-9999 -9999 -9999 -9999 -9999 -9999 -9999 -9999 -9999 -9999 -9999 -9999 -9999 -9999 -9999 -9999 -9999 -9999 -9999 -9999 -9999 -9999 -9999 -9999 -9999 -9999 -9999 -9999 -9999 -9999 -9999 -9999 1.38062E-5 1.3961E-5 2.05085E-5 1.17144E-5 1.31718E-5 1.986E-5 2.01396E-5 1.54318E-5 1.66398E-5 2.20954E-5 1.85826E-5 1.538E-5 1.8938E-5 2.11315E-5 2.0321E-5 2.68807E-5 2.64513E-5 2.53914E-5 5.45333E-5 4.78852E-5 1.09571E-4 3.93039E-5 7.99136E-5 6.34136E-5 5.8049E-5 3.94549E-5 5.96031E-5 6.336E-5 4.74431E-5 4.68096E-5 5.24832E-5 3.80252E-5 2.56172E-5 3.60176E-5
-9999 -9999 -9999 -9999 -9999 -9999 -9999 -9999 -9999 -9999 -9999 -9999 -9999 -9999 -9999 -9999 -9999 -9999 -9999 -9999 -9999 -9999 -9999 -9999 -9999 -9999 -9999 -9999 -9999 -9999 -9999 -9999 1.2435E-5 1.50606E-5 2.50116E-5 1.7964E-5 1.97701E-5 1.83484E-5 2.22417E-5 2.30479E-5 2.42876E-5 2.19244E-5 1.90464E-5 1.74771E-5 1.5662E-5 1.82456E-5 2.26558E-5 3.47165E-5 4.98138E-5 2.85766E-5 3.08305E-5 3.54971E-5 4.60007E-5 6.68229E-5 6.59159E-5 4.86281E-5 4.61051E-5 5.1405E-5 4.81398E-5 4.91001E-5 7.67509E-5 5.34908E-5 4.67367E-5 5.44092E-5 5.08363E-5 3.28983E-5
-9999 -9999 -9999 -9999 -9999 -9999 -9999 -9999 -9999 -9999 -9999 -9999 -9999 -9999 -9999 -9999 -9999 -9999 -9999 -9999 -9999 -9999 -9999 -9999 -9999 -9999 -9999 -9999 -9999 -9999 1.17802E-5 1.27353E-5 1.27966E-5 1.25892E-5 1.23634E-5 1.34164E-5 1.91657E-5 1.65915E-5 2.09659E-5 2.01023E-5 1.99137E-5 2.71037E-5 2.35537E-5 2.11055E-5 2.03898E-5 2.17631E-5 2.58149E-5 3.57915E-5 4.33476E-5 4.52052E-5 4.96211E-5 1.35919E-4 4.42429E-5 6.35826E-5 6.06056E-5 4.52997E-5 4.6435E-5 3.41004E-5 8.93733E-5 6.34219E-5 1.17059E-4 8.2329E-5 7.01259E-5 5.16682E-5 3.9147E-5 4.72236E-5
1.04344E-5 -9999 -9999 -9999 -9999 -9999 -9999 -9999 -9999 -9999 -9999 -9999 -9999 -9999 -9999 -9999 -9999 -9999 -9999 -9999 -9999 -9999 -9999 -9999 -9999 -9999 -9999 -9999 -9999 1.30008E-5 1.86459E-5 3.31924E-5 2.27631E-5 1.84917E-5 1.68858E-5 1.79167E-5 2.27725E-5 1.98797E-5 2.07745E-5 2.06415E-5 2.44766E-5 2.56975E-5 3.53467E-5 2.41214E-5 2.31846E-5 2.38897E-5 2.38947E-5 3.94069E-5 4.0851E-5 4.1117E-5 4.58727E-5 4.50571E-5 7.59802E-5 5.6601E-5 6.43171E-5 3.02589E-5 4.67363E-5 4.16562E-5 4.60894E-5 5.12936E-5 9.54989E-5 1.04622E-4 7.48686E-5 4.68264E-5 9.96775E-5 2.71475E-5
1.05371E-5 -9999 -9999 -9999 -9999 -9999 -9999 -9999 -9999 -9999 -9999 -9999 -9999 -9999 -9999 -9999 -9999 -9999 -9999 -9999 -9999 -9999 -9999 -9999 -9999 -9999 1.06497E-5 1.08926E-5 1.09669E-5 1.14924E-5 1.57493E-5 2.3734E-5 2.41293E-5 2.46091E-5 2.08355E-5 2.48111E-5 2.52113E-5 2.33093E-5 2.32325E-5 2.10198E-5 2.34452E-5 2.94341E-5 3.14461E-5 2.78703E-5 2.76314E-5 2.8707E-5 3.28451E-5 3.57577E-5 9.22749E-5 6.28234E-5 7.65013E-5 3.22897E-5 6.58324E-5 3.89493E-5 7.87387E-5 3.21112E-5 1.84154E-5 1.73961E-5 4.07391E-5 4.53718E-5 5.03353E-5 7.97503E-5 6.27859E-5 3.02216E-5 1.14128E-4 1.21873E-4
1.31956E-5 1.32955E-5 1.2646E-5 1.33506E-5 1.32116E-5 -9999 -9999 -9999 -9999 -9999 2.58091E-5 2.46471E-5 -9999 -9999 -9999 -9999 -9999 -9999 -9999 -9999 -9999 -9999 -9999 -9999 -9999 -9999 -9999 1.13722E-5 1.23623E-5 1.40594E-5 1.65221E-5 1.83995E-5 1.9843E-5 2.17529E-5 2.54061E-5 2.48486E-5 2.79735E-5 2.46127E-5 2.52081E-5 2.37023E-5 2.57621E-5 3.38546E-5 5.5212E-5 3.73321E-5 3.31812E-5 3.31614E-5 4.11647E-5 3.96323E-5 5.57194E-5 4.43425E-5 4.37482E-5 3.42056E-5 3.0555E-5 3.35122E-5 7.04125E-5 4.1998E-5 3.12622E-5 1.7029E-5 3.91578E-5 5.23513E-5 5.59663E-5 9.09123E-5 5.57246E-5 3.01964E-5 9.65899E-5 1.10587E-4
1.35532E-5 1.36546E-5 -9999 1.37869E-5 1.45356E-5 1.54263E-5 1.57238E-5 1.70504E-5 1.88641E-5 1.76733E-5 2.53177E-5 3.29361E-5 3.09632E-5 -9999 -9999 -9999 -9999 -9999 -9999 -9999 -9999 -9999 -9999 -9999 -9999 -9999 -9999 1.17575E-5 1.33076E-5 2.39565E-5 2.50427E-5 3.07182E-5 2.19239E-5 5.75631E-5 2.24364E-5 2.64745E-5 2.19662E-5 2.49743E-5 2.53853E-5 2.64387E-5 2.34942E-5 6.67063E-5 8.72316E-5 4.0649E-5 3.68774E-5 3.31541E-5 3.3446E-5 4.27372E-5 4.95339E-5 4.2611E-5 3.93083E-5 2.49902E-5 2.56142E-5 2.50031E-5 2.02601E-5 3.49645E-5 7.92477E-5 4.50487E-5 5.07501E-5 1.03512E-4 1.02942E-4 7.99222E-5 5.2235E-5 1.31505E-4 2.70628E-5 2.85993E-5
1.53206E-5 1.41445E-5 1.41388E-5 1.42809E-5 1.41938E-5 1.58605E-5 1.66623E-5 2.71054E-5 2.76536E-5 1.7274E-5 1.71701E-5 1.94437E-5 3.59232E-5 3.28263E-5 -9999 -9999 -9999 -9999 -9999 -9999 -9999 -9999 -9999 -9999 -9999 1.14702E-5 1.24234E-5 1.36201E-5 1.50174E-5 2.23883E-5 1.87357E-5 1.84353E-5 2.3157E-5 2.38807E-5 2.98211E-5 3.46454E-5 3.0746E-5 2.36432E-5 2.37365E-5 3.58122E-5 3.00008E-5 3.61031E-5 2.97043E-5 3.3526E-5 3.40643E-5 3.27304E-5 3.05627E-5 3.12372E-5 3.26074E-5 3.7299E-5 2.34026E-5 2.45975E-5 2.29704E-5 7.07365E-5 1.07037E-4 9.46131E-5 9.79644E-5 9.74773E-5 1.01996E-4 6.8931E-5 1.618E-4 4.41857E-5 2.32623E-5 4.21033E-5 2.40675E-5 2.07391E-5
1.66981E-5 1.54863E-5 1.46545E-5 1.52301E-5 1.48719E-5 1.65797E-5 1.73762E-5 3.84502E-5 2.46572E-5 2.10961E-5 3.1513E-5 4.41916E-5 4.32515E-5 3.82206E-5 2.41091E-5 1.34234E-5 -9999 -9999 -9999 1.13875E-5 1.13249E-5 1.10233E-5 -9999 1.15247E-5 1.34092E-5 1.41293E-5 1.56014E-5 2.78394E-5 2.08058E-5 4.58368E-5 2.46621E-5 2.34852E-5 3.52806E-5 3.7578E-5 6.31308E-5 3.3001E-5 3.05582E-5 2.8426E-5 3.00186E-5 3.24516E-5 4.25722E-5 5.95438E-5 3.19753E-5 3.41959E-5 3.81942E-5 3.48164E-5 3.34367E-5 3.40955E-5 3.90861E-5 3.60352E-5 2.7245E-5 1.04541E-4 1.12691E-4 9.43139E-5 9.26565E-5 9.19623E-5 8.99717E-5 5.97416E-5 5.17673E-5 1.11838E-4 3.78976E-5 3.26534E-5 7.99306E-5 2.66531E-5 2.6545E-5 1.04063E-4
2.11325E-5 2.10668E-5 1.89758E-5 1.98872E-5 1.61442E-5 1.831E-5 1.77362E-5 2.37497E-5 2.55258E-5 2.81567E-5 8.05572E-5 4.99246E-5 5.95457E-5 4.77049E-5 3.39011E-5 1.54162E-5 2.23285E-5 3.02492E-5 1.37199E-5 1.21821E-5 1.15804E-5 1.16755E-5 1.15487E-5 1.29489E-5 1.54694E-5 6.83937E-5 6.99835E-5 1.87103E-5 1.98149E-5 5.86308E-5 6.28595E-5 2.4262E-5 2.26061E-5 2.33894E-5 2.21056E-5 2.32364E-5 4.54121E-5 2.8212E-5 2.82001E-5 4.85539E-5 2.6363E-5 2.59442E-5 2.84355E-5 3.33581E-5 3.27777E-5 2.99737E-5 3.1975E-5 3.22154E-5 5.27102E-5 5.987E-5 2.87065E-5 3.13986E-5 3.36949E-5 9.17526E-5 8.88475E-5 5.13156E-5 5.44495E-5 6.23242E-5 1.59886E-4 3.66464E-5 2.90189E-5 5.64148E-5 1.66845E-4 2.84289E-5 2.86492E-5 2.75066E-5
2.88838E-5 2.28273E-5 1.76938E-5 1.82484E-5 2.15136E-5 1.85076E-5 1.83564E-5 2.26383E-5 6.85677E-5 7.93767E-5 1.08095E-4 1.507E-4 1.92949E-4 1.49946E-4 2.99262E-5 3.57433E-5 3.1606E-5 4.56859E-5 1.7389E-5 1.48241E-5 1.21534E-5 1.55778E-5 1.7323E-5 1.93898E-5 1.73217E-5 2.53459E-5 2.13862E-5 2.40853E-5 3.20342E-5 7.59E-5 4.50624E-5 2.23249E-5 1.89737E-5 1.87518E-5 2.11065E-5 2.28519E-5 2.88043E-5 2.93167E-5 6.8593E-5 1.50502E-4 7.88142E-5 2.4439E-5 3.23894E-5 8.78765E-5 4.25412E-5 7.20396E-5 4.21637E-5 3.02524E-5 2.76244E-5 2.70595E-5 2.60232E-5 2.71627E-5 2.51976E-5 2.54791E-5 7.27667E-5 7.97707E-5 8.66525E-5 4.04531E-5 3.61858E-5 3.4883E-5 1.42337E-4 4.94169E-5 8.69909E-5 4.83172E-5 1.91036E-4 5.89366E-5
6.46101E-5 7.95982E-5 3.35613E-5 1.78842E-5 2.21139E-5 3.57905E-5 6.32134E-5 5.20454E-5 1.18143E-4 3.90527E-5 6.91413E-5 2.61802E-4 4.62029E-4 3.58227E-4 3.81729E-4 4.97085E-5 4.81238E-5 3.23093E-5 3.64156E-5 1.71905E-5 2.39139E-5 2.64683E-5 1.90451E-5 3.63087E-5 3.8089E-5 3.56025E-5 2.00713E-5 2.49194E-5 3.18193E-5 8.50544E-5 3.48035E-5 2.36706E-5 1.92603E-5 1.85354E-5 2.16179E-5 2.45986E-5 2.83535E-5 8.68284E-5 5.88133E-5 1.11056E-4 2.47576E-5 2.96797E-5 3.93946E-5 7.51395E-5 2.92518E-5 2.695E-5 2.84592E-5 2.80304E-5 2.4788E-5 2.43381E-5 3.72314E-5 4.04427E-5 3.59433E-5 7.31095E-5 7.25042E-5 5.96938E-5 1.43598E-4 3.48253E-5 3.47819E-5 2.76691E-5 2.78786E-5 1.16295E-4 1.86495E-4 4.59335E-5 4.64755E-5 3.54487E-5
1.03613E-4 1.29396E-4 5.63693E-5 8.42488E-5 1.95351E-5 1.90657E-5 1.92825E-5 2.20413E-5 1.6024E-4 4.89692E-5 6.45899E-5 6.28695E-5 6.60894E-5 9.05203E-5 1.59354E-4 1.6665E-4 1.71741E-4 1.13149E-4 1.16215E-4 2.72615E-5 5.08752E-5 2.08098E-4 8.75671E-5 7.67563E-5 7.51766E-5 6.18602E-5 2.21284E-5 5.23324E-5 5.40025E-5 1.93723E-4 8.95409E-5 4.81106E-5 5.10605E-5 5.49564E-5 4.16532E-5 2.37792E-5 2.76312E-5 9.10694E-5 7.16744E-5 3.41366E-5 3.63393E-5 4.83723E-5 6.17097E-5 3.21002E-5 3.05907E-5 2.96738E-5 2.81571E-5 2.58966E-5 2.44114E-5 2.92307E-5 2.80216E-5 7.4384E-5 9.70383E-5 8.22227E-5 1.21882E-4 3.83855E-5 3.8599E-5 3.21527E-5 3.30094E-5 3.11565E-5 2.5371E-5 1.3291E-4 7.86356E-5 4.22567E-5 3.24446E-5 2.81293E-5
1.02888E-4 3.33018E-5 5.01097E-5 2.75336E-5 8.45965E-5 8.49923E-5 9.06746E-5 4.13697E-5 2.61269E-5 1.01852E-4 1.15618E-4 1.20935E-4 9.46703E-5 1.93292E-4 1.02766E-4 1.05006E-4 4.67501E-5 4.91644E-5 5.84504E-5 6.17864E-5 4.77214E-5 5.27609E-5 1.12485E-4 2.89515E-4 2.08192E-4 1.22983E-4 6.12165E-5 1.35572E-4 1.88411E-4 2.9863E-4 1.96127E-4 6.75116E-5 4.41765E-5 4.30239E-5 4.78589E-5 5.96543E-5 4.85161E-5 5.56746E-5 5.06848E-5 3.34727E-5 1.40389E-4 3.98402E-5 2.7727E-5 2.68902E-5 2.45089E-5 2.53788E-5 2.63204E-5 2.52767E-5 2.88143E-5 7.98289E-5 7.66918E-5 4.95545E-5 7.00056E-5 1.46977E-4 4.12383E-5 4.61504E-5 3.59988E-5 2.85319E-5 3.01414E-5 2.94778E-5 1.32099E-4 8.03306E-5 3.09757E-5 3.31431E-5 3.11303E-5 3.21923E-5
2.99703E-5 2.84384E-5 1.37076E-4 3.86648E-5 3.08223E-5 2.8526E-5 8.44245E-5 6.44075E-5 5.23126E-5 6.56125E-4 7.47273E-4 6.24052E-4 8.11511E-4 4.72131E-4 2.76444E-4 2.94224E-4 3.39218E-4 5.44193E-4 9.5937E-5 8.52169E-5 1.77453E-4 3.71277E-4 2.26974E-4 1.5626E-4 8.88475E-5 7.70508E-5 5.97438E-5 6.33512E-5 7.0355E-5 4.27104E-5 2.92659E-5 2.387E-5 4.61277E-5 5.86129E-5 5.88599E-5 7.55572E-5 4.95374E-5 4.40972E-5 1.38235E-4 6.87616E-5 4.51828E-5 2.79917E-5 2.5436E-5 2.46742E-5 2.40693E-5 2.71472E-5 2.75574E-5 2.8902E-5 6.66647E-5 7.04859E-5 5.76348E-5 5.79687E-5 1.24372E-4 3.35724E-5 3.48577E-5 3.97245E-5 3.53764E-5 1.37023E-4 1.85271E-4 1.18699E-4 4.13639E-5 3.58841E-5 3.35758E-5 3.44655E-5 -9999 -9999
1.38306E-4 1.35549E-4 1.40679E-4 1.62376E-4 3.71085E-5 3.15896E-5 4.67292E-5 6.14249E-5 6.00555E-5 4.76389E-4 4.64691E-4 6.91339E-4 9.60971E-4 9.43622E-4 7.30236E-5 8.10059E-5 1.06569E-4 1.31332E-4 1.44511E-4 1.18034E-4 1.07212E-4 1.88438E-4 2.0567E-4 8.20391E-5 7.48104E-5 6.36175E-5 6.16302E-5 6.19514E-5 6.08387E-5 3.02422E-5 2.74403E-5 2.55463E-5 2.98669E-5 2.82969E-5 3.19945E-5 5.2282E-5 7.90665E-5 9.18988E-5 6.83056E-5 3.91469E-5 3.06674E-5 2.74497E-5 2.72354E-5 2.56058E-5 2.71283E-5 2.71899E-5 7.97208E-5 7.08182E-5 5.79227E-5 5.74E-5 1.50988E-4 1.54154E-4 3.41082E-5 3.74284E-5 3.70216E-5 3.39708E-5 1.50365E-4 2.11875E-4 4.84402E-5 4.52476E-5 4.41266E-5 4.17975E-5 3.38718E-5 -9999 -9999 -9999
7.59932E-4 2.09436E-4 4.28369E-4 1.39389E-4 1.392E-4 3.82172E-5 3.93313E-5 5.55076E-5 5.85664E-5 1.23098E-4 7.21114E-5 8.11272E-5 7.70496E-5 1.61626E-4 1.07116E-4 9.21144E-5 7.66165E-5 9.87611E-5 3.48626E-4 1.71794E-4 6.90305E-5 6.43467E-5 8.89943E-5 7.90599E-5 7.06338E-5 1.34485E-4 2.3493E-4 2.5006E-5 2.65679E-5 3.12046E-5 3.35761E-5 3.48971E-5 3.29343E-5 4.32241E-5 4.65995E-5 6.17345E-5 1.08652E-4 5.9376E-5 4.78122E-5 3.14919E-5 3.24125E-5 2.81367E-5 2.69064E-5 6.54502E-5 7.99206E-5 8.40271E-5 7.20557E-5 1.2336E-4 1.38079E-4 3.79703E-5 4.15568E-5 3.8202E-5 3.63164E-5 3.10914E-5 2.91341E-5 1.75834E-4 6.38592E-5 7.191E-5 5.686E-5 3.87481E-5 3.20386E-5 3.71114E-5 -9999 -9999 -9999 -9999
6.64886E-5 6.88262E-5 5.3889E-5 4.10886E-5 3.90306E-5 5.6225E-5 4.78348E-5 2.7123E-4 2.90912E-4 5.419E-4 2.33532E-4 2.46001E-4 3.85976E-4 4.3477E-4 8.32064E-4 3.54899E-4 2.80084E-4 2.26618E-4 4.45662E-4 3.65658E-4 2.31266E-4 1.03987E-4 1.04764E-4 8.48228E-5 1.31843E-4 5.67773E-5 4.20867E-5 7.16247E-5 6.28065E-5 3.21171E-5 3.467E-5 6.28131E-5 5.51438E-5 5.66125E-5 5.3555E-5 9.94854E-5 2.00747E-4 7.45056E-5 7.099E-5 7.64346E-5 8.67781E-5 6.68587E-5 6.69984E-5 8.77358E-5 8.78981E-5 4.6808E-5 1.23232E-4 3.7642E-5 4.02879E-5 3.65754E-5 3.38141E-5 2.84579E-4 1.75168E-4 5.07341E-5 9.50774E-5 8.56107E-5 1.00247E-4 1.21335E-4 5.02396E-5 3.72521E-5 -9999 -9999 -9999 -9999 -9999 -9999
3.4471E-5 3.90159E-5 1.19034E-4 5.464E-5 4.59698E-5 5.464E-5 5.84569E-5 5.6457E-5 3.40256E-4 2.97991E-4 2.54463E-4 1.88506E-4 1.94887E-4 2.12271E-4 2.39252E-4 2.27748E-4 2.62842E-4 2.44289E-4 2.74516E-4 4.94871E-5 6.51247E-5 5.47443E-5 5.24899E-5 3.54098E-5 3.21936E-5 2.48723E-5 2.48461E-5 2.43691E-5 2.52423E-5 2.74387E-5 6.78218E-5 3.57021E-5 7.21199E-5 7.16739E-5 7.00559E-5 7.088E-5 7.35408E-5 7.30619E-5 6.93134E-5 6.43149E-5 6.64594E-5 8.74542E-5 8.39009E-5 1.2908E-4 3.19921E-5 2.8672E-5 3.40006E-5 3.92495E-5 4.58513E-5 3.86919E-5 2.2389E-4 7.03299E-5 2.26109E-4 4.56532E-5 5.58804E-5 6.609E-5 4.9806E-5 4.29348E-5 3.31063E-5 -9999 -9999 -9999 -9999 -9999 -9999 -9999
9.78431E-5 1.01569E-4 1.34903E-4 1.75849E-4 2.07326E-4 1.7974E-4 1.64113E-4 5.36875E-5 6.1231E-5 7.87726E-5 1.10891E-4 9.86404E-5 1.62809E-4 1.6317E-4 1.19745E-4 7.23382E-5 7.57735E-5 1.29537E-4 9.98684E-5 3.34553E-5 3.28453E-5 2.95745E-5 2.93685E-5 2.91703E-5 2.66332E-5 2.48419E-5 2.45695E-5 2.44709E-5 2.55638E-5 6.95565E-5 7.0058E-5 7.04281E-5 6.95218E-5 6.91464E-5 6.82257E-5 6.76766E-5 6.80356E-5 6.31998E-5 4.61438E-5 5.94846E-5 4.72403E-5 8.49502E-5 1.71959E-4 6.60311E-5 3.57908E-5 3.16437E-5 3.40445E-5 3.5757E-5 2.82845E-4 2.60892E-4 3.46374E-4 1.395E-4 5.35332E-5 1.19442E-4 5.63392E-5 5.28251E-5 4.30814E-5 -9999 -9999 -9999 -9999 -9999 -9999 -9999 -9999 -9999
