catData/rasterBestHybridModels/Fchaus/RD_RM1.5_H/Fchaus_stddev.asc
ncols         409
nrows         350
xllcorner     60.897278365
yllcorner     5.843756025
cellsize      0.0892857
NODATA_value  -9999
[rows 232 to 260 of 350, columns 132 to 197 of 409]
-9999 -9999 -9999 -9999 -9999 -9999 -9999 -9999 4.76212E-6 4.89237E-6 4.73175E-6 4.61023E-6 8.77244E-6 8.41984E-6 6.86823E-5 5.88335E-5 2.60914E-5 3.84111E-5 4.95002E-5 4.28669E-5 4.34252E-5 1.30211E-5 1.27816E-5 2.6586E-5 2.4593E-5 2.41011E-5 1.99949E-5 9.95428E-6 4.74676E-6 4.70005E-6 4.66599E-6 4.46394E-6 4.85926E-6 4.75114E-6 5.51638E-6 4.91724E-6 5.24976E-6 4.69818E-6 4.88008E-6 4.3357E-6 4.59164E-6 4.73889E-6 4.66677E-6 4.50363E-6 4.2486E-6 5.53081E-6 6.32475E-6 6.6991E-6 6.44184E-6 5.35232E-6 5.65182E-6 5.85852E-6 5.60616E-6 5.10657E-6 4.56784E-6 4.4947E-6 4.6134E-6 5.22524E-6 5.48739E-6 6.49583E-6 5.78369E-6 5.13224E-6 4.83644E-6 2.13322E-5 1.96118E-5 2.62983E-5
-9999 -9999 -9999 -9999 -9999 -9999 -9999 -9999 4.81895E-6 4.73095E-6 5.58301E-6 4.63954E-6 3.8586E-6 7.46294E-6 4.5309E-5 3.96023E-5 4.15844E-5 2.80924E-5 4.04436E-5 4.40757E-5 4.31906E-5 4.31277E-5 1.24179E-5 2.68948E-5 3.5333E-5 3.66358E-5 6.41379E-6 5.99289E-6 5.18236E-6 4.61468E-6 4.8134E-6 4.15575E-6 4.21536E-6 4.56672E-6 5.46589E-6 5.71087E-6 4.41508E-6 3.96693E-6 4.5201E-6 4.79116E-6 4.76802E-6 4.70213E-6 4.79433E-6 4.91149E-6 5.16789E-6 6.19449E-6 6.93424E-6 7.37315E-6 7.10378E-6 6.28733E-6 5.16181E-6 1.82312E-5 2.10933E-5 2.03669E-5 2.16661E-5 4.68642E-6 5.50752E-6 6.44173E-6 5.30432E-6 4.59514E-6 4.6949E-6 4.49613E-6 4.23502E-6 1.70057E-5 3.78183E-6 5.36324E-6
-9999 -9999 -9999 -9999 -9999 -9999 -9999 -9999 -9999 4.91926E-6 5.01552E-6 4.91233E-6 1.67514E-5 7.89859E-6 6.8205E-5 8.97635E-5 5.74595E-5 2.86823E-5 4.81297E-5 4.43418E-5 4.27482E-5 4.42982E-5 4.59893E-5 1.1724E-5 6.29835E-6 3.72006E-5 6.27959E-6 4.99559E-6 4.3893E-6 4.96938E-6 4.86812E-6 4.79773E-6 4.91784E-6 5.73464E-6 5.68979E-6 4.62031E-6 3.71884E-6 3.46498E-6 3.32885E-6 3.88021E-6 5.47012E-6 4.88822E-6 4.98957E-6 6.13808E-6 5.33645E-6 5.9116E-6 5.63456E-6 5.96246E-6 5.96952E-6 5.24917E-6 4.729E-6 1.89307E-5 2.1345E-5 2.55008E-5 2.85392E-5 2.36793E-5 1.62974E-5 1.43234E-5 1.98477E-5 1.81422E-5 4.21407E-6 3.98406E-6 4.53624E-6 4.4493E-6 4.56968E-6 1.28508E-4
-9999 -9999 -9999 -9999 -9999 -9999 -9999 -9999 -9999 4.97144E-6 5.19035E-6 5.15304E-6 1.80488E-5 7.8427E-6 2.02138E-5 9.3305E-5 9.03543E-5 6.01277E-5 4.04464E-5 3.93004E-5 5.91333E-5 4.29569E-5 4.6395E-5 1.22731E-5 6.93145E-6 6.06727E-6 5.07575E-6 4.9834E-6 4.85489E-6 5.22651E-6 4.62537E-6 4.70347E-6 4.52752E-6 5.37491E-6 4.64795E-6 4.05081E-6 4.0796E-6 3.73447E-6 4.21812E-6 4.15753E-6 4.25092E-6 5.04606E-6 6.17834E-6 6.10834E-6 5.35467E-6 5.49512E-6 5.6532E-6 5.67372E-6 5.69794E-6 5.16252E-6 4.98757E-6 1.68906E-5 1.66934E-5 1.98565E-5 2.07352E-5 1.61209E-5 1.71841E-5 1.67961E-5 1.74485E-5 4.65606E-6 4.74508E-6 4.64765E-6 2.27558E-5 2.61837E-5 4.18603E-5 8.04813E-5
-9999 -9999 -9999 -9999 -9999 -9999 -9999 -9999 -9999 4.80897E-6 4.9241E-6 5.07457E-6 1.66361E-5 2.95413E-5 1.42226E-5 8.77178E-5 7.49371E-5 2.99885E-5 2.93884E-5 3.58184E-5 1.06426E-4 7.61354E-5 6.0551E-5 1.21574E-5 1.02849E-5 5.66858E-6 5.18231E-6 5.12554E-6 5.08394E-6 4.96866E-6 5.12047E-6 4.76174E-6 4.90843E-6 5.38842E-6 4.65922E-6 4.33816E-6 4.24953E-6 4.58824E-6 4.42358E-6 4.65587E-6 4.68418E-6 6.52213E-6 6.37647E-6 5.62972E-6 5.62583E-6 5.09906E-6 5.47933E-6 5.60703E-6 5.53102E-6 5.65896E-6 5.07039E-6 1.87811E-5 1.83018E-5 1.73846E-5 1.668E-5 1.44305E-5 1.6447E-5 4.84951E-6 5.53207E-6 5.44285E-6 5.78678E-6 4.98728E-6 1.79386E-5 1.76432E-5 1.78855E-5 2.2391E-5
-9999 -9999 -9999 -9999 -9999 -9999 -9999 -9999 -9999 -9999 4.36419E-6 6.33092E-6 1.62782E-5 1.81608E-5 3.73053E-5 8.43096E-5 8.57491E-5 3.72496E-5 3.82623E-5 7.93104E-5 1.13138E-4 1.12289E-4 7.92942E-5 4.06461E-5 8.98826E-6 6.12469E-6 3.00343E-5 5.48235E-6 5.25076E-6 5.37448E-6 5.10097E-6 4.29998E-6 5.40599E-6 5.46989E-6 4.68712E-6 4.96749E-6 5.06694E-6 5.04087E-6 4.46214E-6 4.91362E-6 7.08825E-6 6.81957E-6 5.81537E-6 5.50373E-6 5.16335E-6 5.12743E-6 4.96218E-6 4.60365E-6 4.73063E-6 5.12478E-6 5.94989E-6 2.13859E-5 1.71542E-5 1.63612E-5 1.93894E-5 4.44959E-6 4.5081E-6 3.95305E-6 4.80618E-6 5.09391E-6 4.49721E-6 4.1159E-6 1.58914E-5 1.33441E-5 1.43443E-5 1.48287E-5
-9999 -9999 -9999 -9999 -9999 -9999 -9999 -9999 -9999 -9999 -9999 6.38089E-6 6.39166E-6 1.65771E-5 3.1131E-5 4.70153E-5 1.24152E-4 8.29974E-5 4.1716E-5 9.25245E-5 1.0837E-4 1.04485E-4 4.30072E-5 4.05334E-5 9.94334E-6 8.26338E-6 7.68699E-6 7.97306E-6 4.94936E-6 4.69605E-6 4.27397E-6 4.28061E-6 5.05132E-6 5.16241E-6 4.47254E-6 4.58518E-6 4.98586E-6 5.28646E-6 5.0087E-6 5.44906E-6 7.15696E-6 7.08148E-6 5.97825E-6 5.35802E-6 5.02515E-6 4.93747E-6 4.90617E-6 4.81945E-6 4.57441E-6 5.06306E-6 2.87667E-5 2.76418E-5 4.84565E-6 4.88433E-6 5.7985E-6 4.00383E-6 4.1523E-6 5.71518E-6 1.07192E-5 8.14752E-6 1.38632E-5 7.92869E-6 1.30048E-5 1.36927E-5 1.17046E-5 1.31611E-5
-9999 -9999 -9999 -9999 -9999 -9999 -9999 -9999 -9999 -9999 -9999 -9999 4.18632E-6 4.98423E-6 2.17063E-5 3.58733E-5 2.23018E-5 8.59208E-5 4.9997E-5 6.59797E-5 6.13286E-5 9.52444E-5 4.79128E-5 4.03994E-5 3.99807E-5 9.92801E-6 5.00379E-6 5.02128E-6 4.65798E-6 4.52462E-6 4.62864E-6 4.5505E-6 5.33114E-6 4.39815E-6 4.45064E-6 4.54242E-6 4.85541E-6 4.76718E-6 5.1729E-6 7.71794E-6 7.47772E-6 6.44672E-6 6.21848E-6 5.86955E-6 5.15178E-6 4.8913E-6 4.7558E-6 4.99474E-6 4.93367E-6 5.51588E-6 7.70399E-6 6.695E-6 6.96497E-6 7.46756E-6 5.62455E-6 4.63008E-6 4.45292E-6 4.45455E-6 5.05205E-6 6.27503E-6 5.82597E-6 1.60358E-5 1.62261E-5 1.56235E-5 1.41886E-5 1.54139E-5
-9999 -9999 -9999 -9999 -9999 -9999 -9999 -9999 -9999 -9999 -9999 -9999 7.31051E-6 6.57767E-6 5.49003E-6 3.46617E-5 4.70904E-5 1.00432E-4 7.95932E-5 8.32344E-5 3.12564E-5 4.0437E-5 3.19335E-5 4.02225E-5 3.73832E-5 9.42461E-6 4.76281E-6 5.24419E-6 5.37415E-6 4.94386E-6 4.46434E-6 5.38337E-6 5.70666E-6 4.44947E-6 4.06083E-6 4.13244E-6 5.06118E-6 5.44176E-6 5.36281E-6 8.24334E-6 7.28418E-6 7.84928E-6 7.03418E-6 6.46374E-6 5.98816E-6 5.11238E-6 4.85532E-6 5.26821E-6 3.26933E-6 4.02934E-6 9.26364E-6 1.00306E-5 7.88968E-6 5.95609E-6 6.66246E-6 7.00219E-6 5.7557E-6 5.23316E-6 5.3135E-6 6.20672E-6 6.03072E-6 2.0003E-5 2.15714E-5 1.93246E-5 1.60018E-5 1.58484E-5
-9999 -9999 -9999 -9999 -9999 -9999 -9999 -9999 -9999 -9999 -9999 -9999 1.01761E-5 8.57066E-6 5.25611E-6 1.43206E-5 5.13137E-5 1.18746E-4 1.00171E-4 1.21383E-4 7.76442E-5 4.915E-5 4.09303E-5 5.07541E-5 3.26359E-5 9.27461E-6 9.07846E-6 5.01794E-6 5.63479E-6 5.5267E-6 5.47389E-6 4.77983E-6 7.90106E-6 5.44429E-6 5.57907E-6 4.555E-6 6.1348E-6 5.80349E-6 8.15787E-6 8.23393E-6 8.74637E-6 8.03505E-6 6.87265E-6 6.31211E-6 6.06531E-6 5.93133E-6 3.42421E-6 3.34396E-6 3.26703E-6 4.70019E-6 6.43613E-6 6.29135E-6 9.59024E-6 8.40301E-6 8.08327E-6 8.78698E-6 9.81817E-6 7.3973E-6 6.70036E-6 5.66555E-6 2.58508E-5 3.22114E-5 3.15563E-5 2.21291E-5 1.41336E-5 1.38399E-5
-9999 -9999 -9999 -9999 -9999 -9999 -9999 -9999 -9999 -9999 -9999 -9999 -9999 1.02436E-5 1.53354E-5 1.81279E-5 4.08695E-5 2.18073E-5 1.74426E-4 1.33028E-4 8.85988E-5 1.54973E-4 1.29892E-4 3.73648E-5 4.83773E-5 1.0201E-5 1.01322E-5 5.98666E-6 6.45213E-6 6.63083E-6 6.99591E-6 6.58199E-6 8.66324E-6 8.6813E-6 6.43637E-6 8.74169E-6 7.86373E-6 6.16737E-6 7.75791E-6 8.68351E-6 8.83595E-6 8.46528E-6 6.99863E-6 6.30938E-6 6.95718E-6 4.33224E-6 3.35679E-6 3.36704E-6 3.21402E-6 6.70129E-6 8.21557E-6 8.73568E-6 8.75933E-6 6.47209E-6 6.71575E-6 9.34517E-6 1.21114E-5 7.64186E-6 7.16862E-6 6.56426E-6 2.72644E-5 2.24222E-5 1.45533E-5 1.59227E-5 2.58088E-5 2.83683E-5
-9999 -9999 -9999 -9999 -9999 -9999 -9999 -9999 -9999 -9999 -9999 -9999 -9999 3.19248E-5 1.06195E-5 2.16462E-5 3.03644E-5 5.37714E-5 8.11717E-5 8.51468E-5 1.10397E-4 3.8273E-4 2.06453E-4 4.70717E-5 4.66749E-5 8.69588E-6 8.90086E-6 1.00901E-5 6.42748E-6 5.20344E-6 5.3799E-6 7.69415E-6 9.4441E-6 5.24487E-6 7.97427E-6 8.06163E-6 5.5673E-6 9.59733E-6 8.93668E-6 8.7661E-6 8.40961E-6 7.72366E-6 8.15785E-6 5.06272E-6 4.96489E-6 4.93804E-6 4.73241E-6 4.45037E-6 4.35499E-6 6.91456E-6 7.6855E-6 9.18367E-6 8.40747E-6 7.41584E-6 1.05608E-5 1.0569E-5 8.54832E-6 8.24563E-6 7.84522E-6 2.91784E-5 2.2649E-5 1.55719E-5 1.32223E-5 1.31192E-5 1.2321E-5 1.22286E-5
-9999 -9999 -9999 -9999 -9999 -9999 -9999 -9999 -9999 -9999 -9999 -9999 -9999 -9999 1.01644E-5 2.06606E-5 3.79533E-5 3.60642E-5 1.36499E-5 5.00325E-5 2.51863E-5 2.90489E-4 3.47218E-4 1.25774E-4 4.35256E-5 7.74574E-6 8.05659E-6 8.5573E-6 5.96167E-6 6.11177E-6 5.39614E-6 7.02581E-6 8.06884E-6 5.52236E-6 7.48197E-6 8.46086E-6 4.63198E-6 8.16856E-6 7.79402E-6 7.61119E-6 8.24522E-6 8.03548E-6 7.85581E-6 7.33493E-6 5.31893E-6 5.96511E-6 5.2438E-6 5.01058E-6 4.80808E-6 8.04539E-6 7.52296E-6 1.04195E-5 1.06734E-5 1.01473E-5 1.00125E-5 8.6581E-6 8.83551E-6 8.56965E-6 3.95101E-5 3.20218E-5 2.27439E-5 1.31863E-5 1.23214E-5 1.20021E-5 1.15174E-5 1.16241E-5
-9999 -9999 -9999 -9999 -9999 -9999 -9999 -9999 -9999 -9999 -9999 -9999 -9999 -9999 7.77365E-6 1.45217E-5 2.95484E-5 3.88433E-5 1.04951E-5 1.33271E-4 5.99931E-5 2.90461E-4 2.37324E-4 2.69228E-4 4.96164E-5 3.93281E-5 7.68681E-6 8.43121E-6 9.56473E-6 6.42805E-6 5.42183E-6 4.69904E-6 5.03251E-6 5.01447E-6 7.3194E-6 7.26952E-6 3.74304E-6 7.13548E-6 6.87079E-6 7.13702E-6 6.32213E-6 9.3864E-6 7.44541E-6 6.35393E-6 7.59147E-6 5.5903E-6 6.58258E-6 6.10601E-6 9.30152E-6 8.59644E-6 8.36471E-6 1.0222E-5 8.19652E-6 8.81498E-6 7.12766E-6 6.48099E-6 7.92851E-6 3.76592E-5 3.77571E-5 3.48185E-5 1.83183E-5 1.25434E-5 1.31074E-5 1.16393E-5 1.09218E-5 1.02537E-5
-9999 -9999 -9999 -9999 -9999 -9999 -9999 -9999 -9999 -9999 -9999 -9999 -9999 -9999 -9999 2.90507E-5 2.9183E-5 1.57818E-5 1.08328E-5 9.19334E-5 1.96756E-4 8.44218E-5 4.19533E-4 1.52108E-4 3.90294E-5 3.04757E-5 7.72279E-6 9.74809E-6 1.01232E-5 6.51958E-6 6.09975E-6 5.08052E-6 4.66713E-6 4.58189E-6 6.55575E-6 6.52562E-6 4.98959E-6 7.25616E-6 4.71219E-6 5.85456E-6 5.78878E-6 7.18052E-6 6.30575E-6 5.98152E-6 6.38934E-6 6.44949E-6 5.42767E-6 6.14206E-6 8.35926E-6 6.26737E-6 7.04098E-6 7.42282E-6 6.86056E-6 8.45086E-6 5.30276E-6 4.61638E-6 5.97269E-6 2.31008E-5 1.82868E-5 1.88173E-5 1.53992E-5 1.28094E-5 1.35595E-5 1.23391E-5 1.0012E-5 9.22558E-6
-9999 -9999 -9999 -9999 -9999 -9999 -9999 -9999 -9999 -9999 -9999 -9999 -9999 -9999 -9999 1.32065E-5 3.49413E-5 7.25673E-6 7.33895E-6 4.74183E-5 1.19258E-4 2.30632E-4 3.22245E-4 4.57437E-4 1.62677E-4 1.02604E-4 7.91415E-6 1.00469E-5 9.73784E-6 9.13389E-6 9.87685E-6 5.11787E-6 4.28598E-6 4.38597E-6 4.932E-6 4.89145E-6 2.70342E-5 5.30219E-6 5.14004E-6 5.92102E-6 4.9777E-6 4.57866E-6 7.57627E-6 7.39252E-6 5.81853E-6 6.21912E-6 1.54639E-5 9.2455E-6 5.98923E-6 6.55949E-6 6.45777E-6 6.96932E-6 7.8583E-6 6.0098E-6 5.76808E-6 1.94875E-5 1.93856E-5 1.93328E-5 1.5183E-5 1.44659E-5 1.47636E-5 1.42366E-5 1.33615E-5 1.33776E-5 1.14818E-5 1.2232E-5
-9999 -9999 -9999 -9999 -9999 -9999 -9999 -9999 -9999 -9999 -9999 -9999 -9999 -9999 -9999 -9999 1.8935E-5 8.31933E-6 1.34872E-5 1.2304E-5 2.02709E-4 2.66154E-4 1.46112E-4 1.42054E-4 2.83798E-4 1.91329E-4 9.52384E-6 9.39991E-6 9.24415E-6 8.70287E-6 9.33971E-6 5.08022E-6 4.91929E-6 4.5462E-6 2.46038E-5 2.50398E-5 2.57551E-5 4.81977E-6 5.47911E-6 6.35169E-6 5.29374E-6 4.94555E-6 5.69432E-6 5.87891E-6 5.17794E-6 5.63359E-6 6.83099E-6 1.06102E-5 6.7864E-6 5.98555E-6 5.23738E-6 5.91266E-6 6.74525E-6 5.71181E-6 2.55269E-5 2.2434E-5 2.14214E-5 1.86323E-5 1.37518E-5 1.50748E-5 1.34323E-5 1.88373E-5 1.69878E-5 1.30982E-5 1.20351E-5 1.24742E-5
-9999 -9999 -9999 -9999 -9999 -9999 -9999 -9999 -9999 -9999 -9999 -9999 -9999 -9999 -9999 -9999 1.42836E-5 1.5941E-5 8.53257E-6 5.86331E-6 2.07554E-4 2.99797E-4 2.6893E-4 3.44871E-4 3.44011E-4 1.93426E-4 9.87613E-5 8.50793E-6 8.48779E-6 9.17646E-6 6.16766E-6 9.54878E-6 5.43404E-6 2.66087E-5 2.78917E-5 2.62762E-5 2.54362E-5 4.42989E-6 4.91919E-6 6.60991E-6 5.69502E-6 4.62934E-6 4.7923E-6 4.55357E-6 4.79215E-6 5.21804E-6 9.53099E-6 1.14073E-5 7.049E-6 6.02649E-6 4.7587E-6 6.2612E-6 8.50192E-6 2.72521E-5 2.54154E-5 2.72305E-5 2.50272E-5 1.79402E-5 1.94853E-5 1.52155E-5 1.43951E-5 1.97717E-5 1.54619E-5 1.2432E-5 1.02189E-5 2.18943E-5
-9999 -9999 -9999 -9999 -9999 -9999 -9999 -9999 -9999 -9999 -9999 -9999 -9999 -9999 -9999 -9999 -9999 -9999 2.52066E-5 1.25942E-5 2.02728E-4 1.9541E-4 1.43929E-4 2.30455E-4 2.36606E-4 1.56275E-4 5.20185E-5 8.52302E-6 8.34341E-6 9.67119E-6 1.0499E-5 6.17226E-6 3.31576E-5 3.18534E-5 2.71133E-5 2.58865E-5 2.6163E-5 5.008E-6 4.74635E-6 5.49048E-6 4.72094E-6 4.58459E-6 5.37938E-6 5.21075E-6 4.76056E-6 5.33678E-6 9.11118E-6 7.59788E-6 6.39729E-6 6.64313E-6 2.56269E-5 4.12823E-5 4.81686E-5 3.2007E-5 4.58698E-5 2.22695E-5 1.88527E-5 1.58413E-5 2.08579E-5 1.64208E-5 1.55324E-5 1.95084E-5 2.20547E-5 1.95444E-5 1.29399E-5 2.16693E-5
-9999 -9999 -9999 -9999 -9999 -9999 -9999 -9999 -9999 -9999 -9999 -9999 -9999 -9999 -9999 -9999 -9999 -9999 1.55273E-5 1.14503E-5 2.5845E-5 1.63179E-4 1.45066E-4 5.78913E-4 2.15669E-4 1.46129E-4 5.12887E-5 3.56479E-5 8.37241E-6 5.58781E-6 5.43585E-6 3.64524E-5 6.58509E-6 3.69462E-5 3.25756E-5 2.96039E-5 2.81625E-5 4.36389E-6 4.36777E-6 5.60266E-6 5.93425E-6 5.9404E-6 5.30309E-6 4.55687E-6 5.18724E-6 5.12825E-6 7.663E-6 3.08336E-5 2.91849E-5 3.71371E-5 3.69574E-5 3.77305E-5 4.32729E-5 2.48043E-5 5.01384E-5 3.14954E-5 1.62718E-5 1.5801E-5 1.67114E-5 1.76601E-5 1.5417E-5 1.69534E-5 1.8853E-5 1.70686E-5 1.60988E-5 1.19457E-5
-9999 -9999 -9999 -9999 -9999 -9999 -9999 -9999 -9999 -9999 -9999 -9999 -9999 -9999 -9999 -9999 -9999 -9999 -9999 1.24765E-5 8.88691E-6 5.2165E-5 2.07162E-4 1.71117E-4 1.77688E-4 1.02864E-4 3.48124E-5 6.94474E-6 4.72903E-6 5.04732E-6 4.97671E-6 3.38827E-5 5.69803E-6 6.29856E-6 6.19083E-6 5.60458E-5 4.44151E-5 4.66191E-6 4.37851E-6 5.37115E-6 5.31619E-6 5.24881E-6 5.59418E-6 4.66887E-6 7.95137E-6 7.66984E-6 3.44756E-5 3.967E-5 4.18255E-5 3.58747E-5 3.41679E-5 3.35967E-5 4.52533E-5 3.47382E-5 2.62234E-5 2.09711E-5 2.95071E-5 1.571E-5 1.56617E-5 2.10512E-5 1.70184E-5 1.48384E-5 1.59808E-5 1.56538E-5 1.66553E-5 1.5295E-5
-9999 -9999 -9999 -9999 -9999 -9999 -9999 -9999 -9999 -9999 -9999 -9999 -9999 -9999 -9999 -9999 -9999 -9999 -9999 7.90007E-6 1.21863E-5 8.00689E-5 1.77854E-4 2.84614E-4 2.6317E-4 1.02061E-4 6.41852E-6 7.43928E-6 5.40096E-6 5.22037E-6 4.80571E-6 2.86762E-5 4.97411E-6 7.5918E-6 1.18757E-5 1.42253E-5 1.67752E-5 1.88588E-5 1.5458E-5 7.60523E-6 8.28363E-6 8.17279E-6 7.15023E-6 7.79721E-6 6.89162E-6 6.70256E-6 3.43064E-5 3.50489E-5 4.44789E-5 3.6401E-5 3.97996E-5 4.63013E-5 5.43429E-5 4.17877E-5 3.03373E-5 1.69354E-5 1.94008E-5 1.64386E-5 1.99887E-5 2.35628E-5 2.27717E-5 1.28663E-5 1.15937E-5 1.51749E-5 1.37638E-5 1.52061E-5
-9999 -9999 -9999 -9999 -9999 -9999 -9999 -9999 -9999 -9999 -9999 -9999 -9999 -9999 -9999 -9999 -9999 -9999 -9999 6.33878E-6 1.54715E-5 8.51977E-5 1.91646E-4 3.22766E-4 1.05393E-4 5.65786E-5 7.70039E-6 7.95477E-6 8.32191E-6 5.60116E-6 4.89636E-6 2.9062E-5 2.88966E-5 9.42414E-6 1.12237E-5 1.34671E-5 1.53343E-5 1.98992E-5 2.00762E-5 1.04379E-5 1.00481E-5 9.50605E-6 9.37711E-6 7.98291E-6 7.09038E-6 7.26535E-6 3.3327E-5 3.95855E-5 3.9605E-5 3.68018E-5 4.59079E-5 4.57566E-5 5.79374E-5 4.86416E-5 3.8497E-5 1.83746E-5 2.18373E-5 2.16028E-5 2.88129E-5 2.82605E-5 3.03211E-5 1.50288E-5 1.42091E-5 1.52753E-5 1.05802E-5 5.09699E-5
-9999 -9999 -9999 -9999 -9999 -9999 -9999 -9999 -9999 -9999 -9999 -9999 -9999 -9999 -9999 -9999 -9999 -9999 -9999 1.25611E-5 1.49266E-5 7.73996E-6 8.57229E-5 1.22426E-4 7.69829E-5 5.16081E-5 5.30185E-5 1.10407E-5 7.80219E-6 5.13455E-6 5.45947E-6 3.3365E-5 3.00322E-5 5.53451E-6 6.65228E-6 6.84277E-6 1.45596E-5 1.97956E-5 1.79722E-5 1.0728E-5 1.02148E-5 1.0688E-5 1.02746E-5 7.45151E-6 7.9188E-6 3.5026E-5 3.35796E-5 3.48659E-5 3.61532E-5 3.36852E-5 3.24839E-5 3.578E-5 4.13281E-5 3.8692E-5 3.33774E-5 2.76128E-5 2.19189E-5 3.05087E-5 3.746E-5 3.57878E-5 2.53849E-5 5.38184E-5 3.60178E-5 2.17877E-5 1.77381E-5 9.11922E-5
-9999 -9999 -9999 -9999 -9999 -9999 -9999 -9999 -9999 -9999 -9999 -9999 -9999 -9999 -9999 -9999 -9999 -9999 -9999 -9999 2.92134E-5 3.36235E-5 5.36954E-6 1.12315E-4 1.21144E-4 7.21599E-5 1.13379E-4 1.81836E-4 2.95594E-5 9.07646E-6 9.39414E-6 5.11589E-5 3.35979E-5 3.19173E-5 5.23866E-6 5.48933E-6 5.57999E-6 5.54397E-6 9.64373E-6 9.22687E-6 1.15291E-5 1.07633E-5 1.00609E-5 8.51399E-6 8.10673E-6 3.46759E-5 3.46419E-5 3.19143E-5 3.13467E-5 2.76299E-5 3.08498E-5 3.12133E-5 3.48082E-5 3.34701E-5 4.0558E-5 3.53566E-5 3.06726E-5 4.08806E-5 5.19982E-5 4.19498E-5 3.70327E-5 4.2622E-5 5.50106E-5 2.64277E-5 1.76228E-5 1.74621E-5
-9999 -9999 -9999 -9999 -9999 -9999 -9999 -9999 -9999 -9999 -9999 -9999 -9999 -9999 -9999 -9999 -9999 -9999 -9999 -9999 2.32379E-5 2.49056E-5 1.17943E-5 1.64578E-4 9.63215E-5 1.0165E-4 1.66178E-4 2.13462E-4 1.45245E-4 1.15521E-4 1.59908E-4 3.99599E-5 3.51273E-5 3.33161E-5 6.66953E-6 7.52899E-6 5.05199E-6 5.247E-6 9.74285E-6 9.98306E-6 9.58426E-6 9.85361E-6 9.72114E-6 8.17599E-6 7.75219E-6 3.62488E-5 3.6045E-5 3.53744E-5 3.29918E-5 2.78494E-5 2.82939E-5 3.01795E-5 3.62296E-5 4.66565E-5 4.73914E-5 4.60833E-5 3.79039E-5 4.44634E-5 3.70171E-5 3.96784E-5 4.21843E-5 5.30134E-5 4.18852E-5 5.274E-5 2.34566E-5 1.80476E-5
-9999 -9999 -9999 -9999 -9999 -9999 -9999 -9999 -9999 -9999 -9999 -9999 -9999 -9999 -9999 -9999 -9999 -9999 -9999 -9999 1.17845E-5 3.6561E-5 4.88086E-5 2.7731E-4 1.50876E-4 7.69749E-5 1.25918E-4 1.21117E-4 1.7259E-4 4.61308E-5 9.26104E-6 5.21011E-5 4.72157E-5 4.7779E-5 1.13235E-5 6.85303E-6 5.64577E-6 5.87441E-6 6.2826E-6 8.75319E-6 8.49528E-6 8.84962E-6 8.46028E-6 8.84156E-6 8.36591E-6 3.5939E-5 3.39852E-5 3.02588E-5 3.21253E-5 2.8295E-5 3.09119E-5 2.9384E-5 3.61499E-5 4.2009E-5 4.29948E-5 3.70219E-5 3.16191E-5 2.99309E-5 3.67772E-5 3.72484E-5 4.23907E-5 3.53033E-5 4.87581E-5 5.77048E-5 3.44568E-5 2.82101E-5
-9999 -9999 -9999 -9999 -9999 -9999 -9999 -9999 -9999 -9999 -9999 -9999 -9999 -9999 -9999 -9999 -9999 -9999 -9999 -9999 -9999 3.45889E-5 3.3701E-5 4.26856E-5 1.21904E-4 1.69036E-4 1.78809E-4 2.25231E-4 1.73508E-4 9.23505E-5 8.34678E-5 3.9593E-5 4.81845E-5 4.92897E-5 2.82235E-5 1.42864E-4 2.13604E-5 4.74676E-6 6.2463E-6 9.00983E-6 8.54503E-6 8.45885E-6 8.58129E-6 7.50804E-6 6.71054E-6 3.52359E-5 3.1577E-5 2.92869E-5 2.89603E-5 3.09979E-5 2.80339E-5 3.18657E-5 3.18769E-5 4.45749E-5 4.27747E-5 3.52912E-5 3.19708E-5 3.30281E-5 3.2594E-5 5.27071E-5 5.54281E-5 5.47385E-5 5.87933E-5 5.46905E-5 4.04675E-5 4.10125E-5
-9999 -9999 -9999 -9999 -9999 -9999 -9999 -9999 -9999 -9999 -9999 -9999 -9999 -9999 -9999 -9999 -9999 -9999 -9999 -9999 -9999 -9999 2.25514E-5 3.16818E-5 3.0733E-5 1.75459E-4 2.0996E-4 1.34787E-4 1.19882E-4 1.97921E-4 6.88284E-5 1.12694E-4 1.3281E-4 5.37996E-5 1.17138E-4 1.56898E-4 2.08043E-5 5.12476E-6 6.65292E-6 1.06151E-5 9.97427E-6 8.56983E-6 9.19528E-6 8.72589E-6 7.46419E-6 3.19483E-5 2.94861E-5 3.07378E-5 3.13349E-5 3.30657E-5 3.07237E-5 3.13679E-5 3.47058E-5 6.80527E-5 5.9377E-5 3.38245E-5 2.90081E-5 2.95568E-5 3.24217E-5 3.38816E-5 3.53375E-5 4.91846E-5 5.40861E-5 4.89197E-5 5.27596E-5 4.58063E-5
