catData/rasterBestHybridModels/Fchaus/RD_RM1.5_H/Fchaus_min.asc
ncols         409
nrows         350
xllcorner     60.897278365
yllcorner     5.843756025
cellsize      0.0892857
NODATA_value  -9999
[rows 58 to 86 of 350, columns 132 to 197 of 409]
3.08372E-5 3.16479E-5 2.94989E-5 2.64553E-5 2.6396E-5 3.17823E-5 3.6324E-5 3.69398E-5 3.49101E-5 3.41915E-5 3.43699E-5 4.04791E-5 4.50189E-5 7.24667E-5 7.55944E-5 7.73285E-5 9.13391E-5 6.78993E-5 6.44828E-5 5.93302E-5 5.878E-5 5.14816E-5 3.85648E-5 3.79923E-5 3.38579E-5 4.5664E-5 5.40959E-5 5.34563E-5 5.28416E-5 4.8108E-5 5.5089E-5 5.45026E-5 5.08678E-5 6.07361E-5 1.43528E-4 2.65123E-4 1.21563E-4 2.78805E-4 4.22798E-4 3.82467E-5 1.19027E-4 8.45912E-5 7.94098E-5 6.02612E-5 1.02406E-4 1.13198E-4 2.01879E-4 1.34581E-4 7.03742E-5 5.84713E-5 8.06081E-5 6.15134E-5 4.89742E-5 3.41995E-5 2.81343E-5 2.59595E-5 2.889E-5 2.32436E-5 1.89526E-6 2.39923E-6 2.38418E-6 2.73396E-6 3.13793E-6 3.1563E-6 2.84547E-6 3.0458E-6
3.16018E-5 2.94904E-5 3.38769E-5 3.47282E-5 3.19163E-5 3.11037E-5 3.06488E-5 3.76979E-5 3.77909E-5 7.11511E-5 7.67077E-5 7.79824E-5 4.55673E-5 4.69555E-5 4.77748E-5 5.11245E-5 5.77534E-5 5.81159E-5 5.81229E-5 5.83742E-5 4.8019E-5 3.72541E-5 3.72051E-5 3.77957E-5 3.86817E-5 1.82191E-4 2.10725E-4 7.54801E-5 7.24605E-5 7.24816E-5 6.81743E-5 6.51015E-5 5.40849E-5 5.31855E-5 7.45292E-5 1.588E-4 1.99145E-4 2.74697E-4 3.92199E-4 3.58909E-4 5.33407E-5 8.27701E-5 1.10176E-4 5.17254E-5 6.63982E-5 5.39508E-5 1.99911E-4 8.99469E-5 6.56401E-5 5.55136E-5 6.1237E-5 6.49556E-5 5.92295E-5 4.36115E-5 3.62259E-5 3.02237E-5 2.52736E-5 2.44439E-5 5.09519E-6 2.12794E-6 3.39892E-6 2.96022E-6 2.85462E-6 3.14019E-6 3.77323E-6 3.47884E-6
3.0241E-5 2.18006E-5 3.28541E-5 3.09048E-5 3.09348E-5 7.17447E-5 6.48968E-5 4.01604E-5 4.47073E-5 7.40965E-5 7.65006E-5 7.8294E-5 7.93134E-5 8.16462E-5 8.38885E-5 8.54776E-5 4.99039E-5 5.29351E-5 1.43216E-4 3.69572E-4 3.66899E-4 3.25454E-5 3.29956E-5 3.45469E-5 4.39584E-5 9.31524E-5 2.84061E-4 2.51572E-4 6.32649E-5 6.5709E-5 7.09513E-5 6.90498E-5 4.95991E-5 5.10547E-5 5.43012E-5 7.81631E-5 2.02861E-4 2.16711E-4 2.18611E-4 2.90364E-4 3.27887E-4 8.31697E-5 6.36835E-5 1.1519E-4 6.0757E-5 5.80638E-5 6.79321E-5 3.58194E-5 2.206E-4 8.73904E-5 7.45405E-5 8.13864E-5 5.72239E-5 4.95404E-5 1.46165E-5 2.85288E-5 4.74221E-5 1.64335E-5 1.3942E-5 1.39364E-5 5.02349E-6 8.99703E-6 6.74681E-6 3.25464E-6 3.99583E-6 3.62131E-6
2.29747E-5 3.07877E-5 3.24279E-5 2.48643E-5 5.4853E-5 6.5109E-5 6.54292E-5 7.21346E-5 4.33057E-5 7.27161E-5 7.45909E-5 7.7001E-5 7.89002E-5 8.04857E-5 8.21763E-5 4.88013E-5 4.91219E-5 7.97439E-5 3.67371E-4 3.80269E-4 3.8188E-4 8.60009E-5 4.27346E-5 4.68155E-5 1.43226E-4 1.74317E-4 2.50485E-4 6.48122E-5 5.02101E-5 5.00217E-5 5.17701E-5 4.18501E-5 4.48495E-5 7.54315E-5 8.26451E-5 8.78199E-5 6.845E-5 1.3031E-4 2.61429E-4 2.2729E-4 1.87273E-4 1.81038E-4 6.9829E-5 6.94951E-5 3.33241E-5 6.98949E-5 7.91138E-5 6.79774E-5 7.94397E-5 2.12057E-4 7.76863E-5 6.66421E-5 6.452E-5 5.60747E-5 5.99099E-5 3.18251E-5 2.25834E-5 1.24279E-5 2.38195E-5 2.02285E-5 1.49122E-5 2.09363E-5 1.36357E-5 6.50122E-6 4.01255E-6 2.91396E-6
2.2052E-5 2.30264E-5 3.52143E-5 6.59917E-5 6.27535E-5 6.37813E-5 6.87402E-5 6.95239E-5 6.5672E-5 4.32397E-5 7.38925E-5 7.63024E-5 7.79595E-5 7.92816E-5 4.44891E-5 4.46931E-5 7.12109E-5 3.57265E-4 3.60232E-4 3.7788E-4 3.7087E-4 3.67338E-4 4.03036E-5 3.99088E-5 4.13143E-5 8.41047E-5 4.69478E-5 4.35716E-5 4.89328E-5 5.06111E-5 4.66913E-5 4.93551E-5 1.26623E-4 3.07972E-4 1.02683E-4 9.91888E-5 1.12471E-4 1.51726E-4 7.04165E-5 6.51752E-5 4.97852E-5 4.12653E-5 5.09472E-5 4.35752E-5 4.25426E-5 4.98169E-5 4.09952E-5 6.54494E-5 7.11382E-5 7.21275E-5 7.62304E-5 7.75107E-5 7.05458E-5 7.25794E-5 7.38124E-5 5.01129E-5 8.33103E-5 7.50899E-5 1.31902E-5 9.06433E-6 9.31869E-6 2.65629E-5 3.54086E-5 9.44987E-6 3.14201E-6 2.83503E-6
2.12465E-5 2.62141E-5 7.48582E-5 6.85292E-5 5.04566E-5 6.24492E-5 6.69586E-5 6.91189E-5 6.62156E-5 5.48173E-5 5.85125E-5 4.44149E-5 4.48787E-5 4.61076E-5 4.27878E-5 9.84051E-5 3.11021E-4 3.59294E-4 3.69847E-4 3.67451E-4 3.62848E-4 3.78988E-4 3.26411E-5 3.77006E-5 7.46213E-5 7.60428E-5 3.7503E-5 3.64942E-5 3.83359E-5 4.38814E-5 4.56972E-5 1.34901E-4 2.55881E-4 1.25803E-4 1.24513E-4 8.0672E-5 1.0087E-4 9.03875E-5 2.20482E-4 6.70983E-5 5.76569E-5 3.763E-5 3.62178E-5 6.61868E-5 9.76854E-5 5.23865E-5 3.17272E-5 2.32464E-5 2.97192E-5 6.9961E-5 1.60559E-4 1.04632E-4 8.49128E-5 6.98096E-5 6.35859E-5 5.30925E-5 9.95361E-5 6.72226E-5 3.27347E-5 3.31319E-5 8.96218E-6 3.99393E-6 3.47538E-6 2.7443E-6 2.33029E-6 2.86615E-6
2.74215E-5 4.7398E-5 7.73004E-5 7.20369E-5 7.52625E-5 6.20137E-5 6.41781E-5 6.71125E-5 6.96922E-5 6.98671E-5 6.74769E-5 3.96612E-5 4.03799E-5 4.19975E-5 3.43686E-5 3.22978E-4 3.43759E-4 3.63716E-4 3.65877E-4 3.5617E-4 1.39425E-4 3.28216E-5 3.062E-5 6.31824E-5 6.51042E-5 7.57177E-5 6.93792E-5 3.43822E-5 3.39126E-5 4.53277E-5 4.74935E-5 2.39249E-4 1.67346E-4 1.11285E-4 9.35382E-5 9.28046E-5 7.79924E-5 9.49083E-5 1.05895E-4 1.29959E-4 5.17948E-5 3.84497E-5 3.60929E-5 3.94367E-5 7.23849E-5 3.83925E-5 3.10848E-5 3.97739E-5 5.50655E-5 7.21515E-5 5.15283E-5 9.07443E-5 4.89657E-5 5.48052E-5 5.97045E-5 6.79508E-5 8.60661E-5 6.07784E-5 1.63438E-5 4.16803E-5 3.61762E-5 1.08759E-5 2.9756E-6 2.78965E-6 2.64865E-6 3.11389E-6
2.87286E-5 4.31086E-5 6.76093E-5 7.13085E-5 7.4993E-5 7.75365E-5 6.51166E-5 6.7654E-5 6.7591E-5 6.57669E-5 4.16318E-5 3.8387E-5 4.08127E-5 4.39282E-5 4.40973E-5 5.34738E-5 7.37605E-5 1.66159E-4 9.14365E-5 5.26827E-5 4.9528E-5 3.01593E-5 6.2549E-5 6.33122E-5 6.40148E-5 7.18042E-5 5.76955E-5 6.40065E-5 3.20906E-5 3.87218E-5 4.3296E-5 1.95869E-4 1.17565E-4 9.22135E-5 9.38922E-5 9.21858E-5 7.89269E-5 7.91015E-5 8.3427E-5 1.30938E-4 1.33147E-4 1.19213E-4 2.89172E-5 3.33015E-5 3.96069E-5 5.07689E-5 3.38133E-5 4.14768E-5 7.16435E-5 3.45032E-5 3.44517E-5 8.49047E-5 8.09146E-5 8.76736E-5 7.69867E-5 5.61082E-5 4.98896E-5 4.73284E-5 6.59753E-5 4.55746E-5 5.58974E-6 9.30929E-6 7.44397E-6 1.40909E-5 3.61199E-6 2.54279E-6
2.78994E-5 6.64878E-5 6.99148E-5 7.39674E-5 7.58089E-5 7.9063E-5 8.25774E-5 6.87305E-5 3.81277E-5 2.89584E-5 4.0357E-5 3.91068E-5 4.18074E-5 4.38386E-5 4.46487E-5 4.53991E-5 4.62298E-5 4.91091E-5 4.78395E-5 4.08785E-5 4.85825E-5 3.12472E-5 6.12526E-5 4.46893E-5 6.27206E-5 6.52277E-5 6.88109E-5 7.04515E-5 7.23274E-5 3.98392E-5 3.74826E-5 3.72055E-5 7.08432E-5 7.91932E-5 8.67386E-5 8.02796E-5 8.14645E-5 8.37548E-5 8.56699E-5 8.44005E-5 1.13675E-4 1.0944E-4 8.56461E-5 1.03661E-4 4.29613E-5 3.97387E-5 7.79142E-5 7.4982E-5 8.41165E-5 8.76115E-5 8.21041E-5 5.16646E-5 1.17754E-4 1.23437E-4 7.22174E-5 6.80198E-5 6.58967E-5 6.50212E-5 5.19865E-5 2.08658E-5 3.207E-5 4.07663E-5 3.9788E-5 2.92685E-5 2.50514E-5 1.52594E-5
3.70909E-5 6.90425E-5 7.84302E-5 7.46108E-5 7.80209E-5 7.9447E-5 7.91332E-5 3.09837E-5 3.93337E-5 3.32456E-5 3.41482E-5 3.92353E-5 4.08918E-5 4.52057E-5 4.43237E-5 4.61106E-5 4.6518E-5 4.73802E-5 4.88268E-5 5.03104E-5 4.93272E-5 1.99909E-5 1.7558E-5 1.61416E-5 1.56905E-5 1.62123E-5 1.66634E-5 1.77904E-5 1.80506E-5 7.49875E-5 3.72514E-5 3.75931E-5 4.69038E-5 8.15299E-5 8.16129E-5 8.20978E-5 8.33764E-5 8.53071E-5 9.00314E-5 9.14559E-5 8.39695E-5 9.07891E-5 1.33308E-4 1.03087E-4 7.86746E-5 1.33269E-4 1.13123E-4 8.14992E-5 8.86533E-5 1.09296E-4 6.06255E-5 9.56407E-5 1.48808E-4 2.30374E-4 2.01175E-4 1.15506E-4 8.05484E-5 7.74264E-5 5.38289E-5 4.36903E-5 4.35911E-5 4.86242E-5 4.1964E-5 3.45801E-5 3.19622E-5 2.39694E-5
1.51123E-5 5.33048E-5 5.53269E-5 7.56693E-5 7.7837E-5 7.77333E-5 7.63295E-5 3.76466E-5 3.98763E-5 3.96334E-5 4.05292E-5 3.64438E-5 4.04778E-5 4.16532E-5 4.39346E-5 4.06974E-5 4.21648E-5 4.70781E-5 4.79777E-5 3.55268E-5 7.52199E-5 1.47396E-5 1.6133E-5 1.60383E-5 1.51904E-5 1.54031E-5 1.60675E-5 1.78527E-5 1.81972E-5 1.84696E-5 1.86828E-5 3.62922E-5 4.30064E-5 4.6014E-5 8.10153E-5 3.33962E-4 4.20655E-4 2.60196E-4 2.25699E-4 8.96859E-5 8.66307E-5 8.50391E-5 8.48203E-5 9.49662E-5 8.72651E-5 1.48174E-4 3.78384E-4 2.05275E-4 1.10238E-4 1.05099E-4 1.08438E-4 4.58582E-5 2.20704E-4 2.12848E-4 2.21549E-4 5.38313E-5 6.43677E-5 1.2291E-4 7.73897E-5 8.19179E-5 4.5288E-5 4.2674E-5 3.65613E-5 4.17435E-5 4.73647E-5 3.6087E-5
2.8953E-5 2.8568E-5 5.51416E-5 5.54696E-5 8.34511E-5 4.0987E-5 3.59867E-5 4.07231E-5 4.05025E-5 4.0438E-5 4.12772E-5 4.13162E-5 3.48926E-5 3.83938E-5 3.94682E-5 4.06162E-5 4.23837E-5 4.38235E-5 4.21891E-5 6.27585E-5 1.54917E-5 1.56013E-5 1.57256E-5 1.6014E-5 1.61285E-5 1.59783E-5 1.75764E-5 1.78806E-5 1.81398E-5 1.846E-5 1.90254E-5 1.95989E-5 7.28731E-5 4.51546E-5 9.00634E-5 1.82585E-4 3.96424E-4 4.23085E-4 3.47185E-4 9.19426E-5 9.11659E-5 8.9977E-5 8.69147E-5 9.4334E-5 1.0966E-4 1.55847E-4 1.48954E-4 5.34653E-4 3.78067E-4 1.11392E-4 7.3922E-5 7.36087E-5 5.66335E-5 1.74948E-4 2.04164E-4 3.49108E-4 6.40332E-5 4.78334E-5 3.50987E-5 4.00172E-5 5.84117E-5 5.84225E-5 5.49665E-5 1.05461E-4 3.65065E-5 2.30671E-5
2.00274E-5 2.82451E-5 2.72501E-5 5.56979E-5 3.55674E-5 2.67103E-5 3.29358E-5 4.61646E-5 4.45371E-5 3.86722E-5 3.86046E-5 4.48781E-5 4.03988E-5 3.39786E-5 3.64275E-5 4.01503E-5 4.20824E-5 4.41926E-5 6.16079E-5 1.48876E-5 1.51453E-5 1.48287E-5 1.50991E-5 1.52825E-5 1.57382E-5 1.63428E-5 1.75766E-5 1.80961E-5 1.851E-5 1.89538E-5 1.96506E-5 2.01581E-5 2.09416E-5 2.33685E-5 8.38951E-5 1.53891E-4 4.45381E-4 1.65813E-4 1.13931E-4 9.39429E-5 9.06936E-5 8.84815E-5 8.77666E-5 9.11631E-5 1.07393E-4 4.92409E-4 2.16075E-4 1.98171E-4 3.0952E-4 3.12987E-4 1.32862E-4 7.37598E-5 6.47494E-5 2.49431E-4 2.5929E-4 2.01175E-4 9.47532E-5 4.767E-5 4.41459E-5 6.04358E-5 3.78523E-5 2.99462E-5 6.07829E-5 6.52203E-5 1.19677E-4 5.84607E-5
1.42749E-5 1.81847E-5 1.62136E-5 1.14749E-5 2.51401E-5 2.63315E-5 2.68155E-5 3.54529E-5 3.92456E-5 4.20209E-5 3.89334E-5 4.10554E-5 4.19914E-5 4.14037E-5 4.21352E-5 3.7393E-5 8.26524E-5 6.30743E-5 1.29472E-5 1.30002E-5 1.39046E-5 1.44737E-5 1.50611E-5 1.54713E-5 1.53547E-5 1.44745E-5 1.51114E-5 1.69955E-5 1.82527E-5 1.86411E-5 1.94116E-5 1.99626E-5 2.25999E-5 2.35909E-5 3.86911E-5 1.2591E-4 1.06531E-4 6.77265E-5 1.17968E-4 1.16424E-4 1.10703E-4 9.4968E-5 9.112E-5 9.57081E-5 1.92768E-4 8.94879E-4 6.46865E-4 2.41441E-4 3.51544E-4 2.27131E-4 2.30101E-4 1.08199E-4 6.88254E-5 3.16014E-5 2.97004E-4 1.46561E-4 1.33114E-4 1.15068E-4 3.76739E-5 3.48635E-5 3.50527E-5 4.49152E-5 2.88337E-5 2.87E-5 8.9989E-5 2.26033E-5
1.2221E-5 1.12931E-5 1.30594E-5 1.18369E-5 1.31581E-5 2.53937E-5 2.46585E-5 3.16551E-5 3.80166E-5 3.60905E-5 4.00957E-5 4.13461E-5 4.08351E-5 4.25762E-5 4.29457E-5 3.7259E-5 5.81786E-5 1.25341E-5 1.2625E-5 1.25007E-5 1.43118E-5 1.4367E-5 1.478E-5 1.54808E-5 1.54163E-5 1.47628E-5 1.47267E-5 1.54275E-5 1.74299E-5 1.77368E-5 1.86071E-5 2.17534E-5 2.13872E-5 1.51713E-5 1.56845E-5 2.14256E-5 1.38038E-4 3.77557E-5 3.4044E-5 1.25829E-4 4.65968E-5 8.04721E-5 8.37284E-5 8.90359E-5 1.4512E-4 3.12207E-4 1.85554E-4 9.02511E-5 1.24789E-4 3.28281E-4 9.48624E-5 2.55345E-4 2.35088E-4 4.77207E-5 9.51209E-5 4.82789E-5 2.01209E-4 8.98284E-5 9.08757E-5 2.10774E-5 3.97214E-5 4.30159E-5 4.79297E-5 3.98379E-5 2.84956E-5 7.35639E-5
8.01731E-6 1.2161E-5 1.10694E-5 1.0784E-5 1.05066E-5 1.74726E-5 4.48992E-5 5.34863E-5 4.7016E-5 4.13948E-5 4.4784E-5 4.14859E-5 4.12256E-5 4.21326E-5 3.40433E-5 2.8665E-5 5.24245E-5 5.27259E-5 1.22819E-5 1.50587E-5 1.6643E-5 1.69732E-5 1.5091E-5 1.54051E-5 1.62591E-5 1.48629E-5 1.45065E-5 1.42298E-5 1.62415E-5 1.72297E-5 1.80286E-5 1.84907E-5 1.89516E-5 1.52171E-5 2.02156E-5 1.76181E-5 1.72317E-5 2.1512E-5 2.96758E-5 3.01887E-5 2.4591E-5 7.76237E-5 7.80698E-5 2.58263E-5 2.93807E-5 9.64414E-5 1.22367E-4 8.92124E-5 1.12193E-4 1.0864E-4 7.51646E-5 9.21636E-5 1.47439E-4 9.99187E-5 9.17818E-5 9.17367E-5 8.16E-5 7.58166E-5 2.13235E-4 1.52644E-4 3.55932E-5 3.62626E-5 2.71708E-5 2.28278E-5 2.16377E-5 6.92333E-5
1.25508E-5 1.04731E-5 1.10211E-5 1.08698E-5 1.9016E-5 2.02127E-5 1.37218E-5 5.88643E-5 5.77934E-5 4.98264E-5 3.50338E-5 3.87216E-5 3.8962E-5 3.3043E-5 2.60042E-5 5.37429E-5 5.39858E-5 5.37162E-5 6.08738E-5 6.54674E-5 1.68769E-5 1.54428E-5 1.42144E-5 1.59328E-5 1.64444E-5 1.62657E-5 1.43512E-5 1.39548E-5 1.42848E-5 1.6682E-5 1.81716E-5 1.85076E-5 1.88936E-5 2.09314E-5 2.22636E-5 1.68483E-5 1.91373E-5 2.15839E-5 2.47539E-5 2.50606E-5 2.53227E-5 2.31575E-5 2.31344E-5 2.71358E-5 2.71911E-5 2.81715E-5 3.08836E-5 2.63797E-5 9.65855E-5 8.71419E-5 1.0259E-4 1.41388E-4 2.73661E-5 7.3257E-5 6.06336E-5 5.45578E-5 3.67383E-5 6.62331E-5 7.53369E-5 9.12581E-5 2.19468E-4 1.14362E-4 3.19636E-5 2.56066E-5 1.7759E-5 1.4702E-5
1.16091E-5 1.00638E-5 1.08449E-5 1.14115E-5 1.19685E-5 1.19205E-5 1.85631E-5 2.88123E-5 5.65967E-5 5.69413E-5 3.74975E-5 3.14816E-5 3.51819E-5 1.61791E-5 5.04357E-5 5.21961E-5 5.34117E-5 5.44607E-5 5.47955E-5 6.25731E-5 5.42167E-5 5.34113E-5 1.23196E-5 1.45618E-5 1.82062E-5 1.8132E-5 1.82391E-5 1.54787E-5 1.45783E-5 1.50755E-5 1.77355E-5 1.82558E-5 1.88077E-5 2.08518E-5 2.24169E-5 2.22959E-5 2.20136E-5 2.383E-5 2.42292E-5 2.4729E-5 2.73871E-5 2.44415E-5 2.78236E-5 2.73226E-5 2.68757E-5 3.77651E-5 3.16787E-5 4.39023E-5 2.60517E-5 2.55249E-5 3.21792E-5 1.34487E-4 1.04339E-4 2.73629E-5 7.33078E-5 6.21453E-5 3.2747E-4 9.66694E-5 5.6139E-5 7.45464E-5 1.12597E-4 1.6754E-4 8.27435E-5 4.68286E-5 2.60796E-5 1.62696E-5
1.38758E-5 1.45213E-5 1.13928E-5 1.2118E-5 1.23801E-5 1.38542E-5 2.24451E-5 2.47873E-5 2.12471E-5 1.67959E-5 1.81974E-5 1.84744E-5 2.24375E-5 2.373E-5 2.01204E-5 5.02108E-5 5.18818E-5 4.99848E-5 5.30006E-5 5.47238E-5 5.27105E-5 5.22492E-5 5.26656E-5 6.64546E-5 1.78645E-5 1.80759E-5 1.82778E-5 1.81597E-5 1.46787E-5 1.53422E-5 1.76447E-5 1.76777E-5 1.81864E-5 1.84665E-5 1.85231E-5 1.92561E-5 1.9389E-5 1.9743E-5 2.0147E-5 2.30289E-5 2.72765E-5 2.66207E-5 2.76635E-5 2.90428E-5 3.95124E-5 4.71768E-5 4.64941E-5 4.86248E-5 1.94452E-5 1.78406E-5 3.32778E-5 3.09684E-5 2.67374E-5 2.29839E-5 2.47828E-5 2.98791E-5 6.79347E-5 1.54254E-4 1.68761E-4 1.27792E-4 2.08735E-4 2.23654E-4 1.47598E-4 8.36E-5 3.08995E-4 1.94855E-5
1.41083E-5 1.46911E-5 1.11868E-5 1.14198E-5 1.14686E-5 1.60167E-5 1.96177E-5 1.12156E-5 1.0013E-5 1.78674E-5 1.80186E-5 1.81984E-5 1.92478E-5 1.734E-5 2.14034E-5 2.03458E-5 2.13009E-5 4.7146E-5 4.98748E-5 5.33256E-5 5.39482E-5 5.16035E-5 5.59888E-5 6.74765E-5 6.86178E-5 4.56934E-5 1.78574E-5 1.48766E-5 1.40776E-5 1.42022E-5 1.40812E-5 1.59119E-5 1.68746E-5 1.7537E-5 1.8311E-5 1.86566E-5 1.88204E-5 1.91245E-5 2.18752E-5 2.23557E-5 2.68543E-5 2.63195E-5 2.71084E-5 2.71595E-5 3.49752E-5 3.33729E-5 3.06897E-5 3.08626E-5 2.61929E-5 3.23374E-5 2.48091E-5 2.39152E-5 2.36599E-5 2.79126E-5 2.84589E-5 1.95929E-5 2.06301E-5 3.74395E-5 8.78301E-5 1.71284E-4 1.94771E-4 1.05472E-4 1.25338E-4 2.31555E-4 1.94452E-4 8.83403E-5
1.39541E-5 1.41171E-5 1.21849E-5 9.98164E-6 6.8798E-6 8.54585E-6 7.82885E-6 8.24025E-6 9.34293E-6 1.69054E-5 1.62491E-5 1.65209E-5 2.02404E-5 1.76542E-5 1.71118E-5 1.90767E-5 1.97145E-5 1.97838E-5 2.04911E-5 2.35551E-5 5.41145E-5 5.35328E-5 5.9146E-5 6.6198E-5 6.7154E-5 6.66517E-5 6.51612E-5 6.63031E-5 1.29975E-5 1.34903E-5 1.32546E-5 1.34577E-5 1.36863E-5 1.63873E-5 1.71829E-5 1.77588E-5 1.79335E-5 1.80112E-5 2.05657E-5 1.9765E-5 2.00318E-5 1.91269E-5 2.18847E-5 2.52775E-5 2.38092E-5 2.45952E-5 2.70088E-5 2.72765E-5 2.76595E-5 3.14837E-5 3.3341E-5 2.46188E-5 2.54843E-5 2.71746E-5 4.83404E-5 8.69226E-5 3.35083E-5 3.09125E-5 7.96205E-5 6.97194E-5 1.09082E-4 1.06691E-4 5.47032E-5 1.26987E-4 1.05866E-4 9.08622E-5
1.37156E-5 1.26823E-5 9.75273E-6 9.64882E-6 7.60735E-6 7.38679E-6 7.49447E-6 8.10179E-6 7.58227E-6 6.69398E-6 1.57615E-5 2.39216E-5 2.35315E-5 1.70539E-5 1.78066E-5 1.71052E-5 1.95908E-5 1.85351E-5 1.89206E-5 2.1001E-5 2.44927E-5 2.51543E-5 5.3179E-5 5.92847E-5 6.00234E-5 6.45857E-5 6.40087E-5 5.43479E-5 5.41625E-5 5.48772E-5 1.32193E-5 1.38406E-5 1.44357E-5 1.57058E-5 1.6746E-5 1.69223E-5 1.71291E-5 1.79941E-5 2.03385E-5 1.85358E-5 1.70103E-5 1.74643E-5 1.89702E-5 1.93365E-5 1.98533E-5 2.50219E-5 2.70408E-5 2.65584E-5 2.71926E-5 2.74683E-5 3.28824E-5 3.46529E-5 3.78498E-5 2.66791E-5 1.43587E-4 1.68818E-4 1.70294E-4 4.40766E-5 4.04326E-5 3.19611E-5 7.235E-5 8.46661E-5 5.4946E-5 9.53989E-5 2.84534E-4 2.62952E-4
8.69324E-6 8.88404E-6 7.87952E-6 7.12519E-6 1.42428E-5 1.42501E-5 1.42287E-5 1.48307E-5 1.31912E-5 1.31316E-5 1.37263E-5 1.78772E-5 2.05617E-5 4.16006E-5 3.69295E-5 4.42016E-5 4.12275E-5 4.7829E-5 3.91137E-5 1.83031E-5 2.03705E-5 2.13865E-5 2.07761E-5 4.74275E-5 4.73916E-5 5.67363E-5 6.27667E-5 5.24654E-5 5.41309E-5 5.40794E-5 5.49925E-5 5.86881E-5 1.44345E-5 1.50436E-5 1.55079E-5 1.70683E-5 1.76264E-5 1.92607E-5 1.99315E-5 1.73436E-5 1.76703E-5 1.93762E-5 2.19244E-5 2.02841E-5 2.14441E-5 2.45851E-5 2.57409E-5 2.55596E-5 2.24584E-5 2.22513E-5 2.33953E-5 3.47811E-5 3.70191E-5 7.30718E-5 9.68506E-5 1.49392E-4 1.01133E-4 4.29671E-5 3.99942E-5 1.18866E-4 8.67923E-5 1.32016E-4 7.24753E-5 1.95817E-4 1.42406E-4 2.27483E-4
8.22884E-6 8.15529E-6 6.48909E-6 5.76934E-6 6.45039E-6 1.32854E-5 1.46627E-5 1.338E-5 1.2742E-5 1.43815E-5 1.22245E-5 1.89167E-5 2.00019E-5 4.18363E-5 4.2849E-5 3.82416E-5 4.54584E-5 4.27097E-5 3.94339E-5 3.87489E-5 1.88564E-5 1.9058E-5 1.90749E-5 2.00784E-5 2.07442E-5 5.10266E-5 5.40633E-5 5.22155E-5 5.52644E-5 5.59283E-5 5.70828E-5 5.7465E-5 5.82288E-5 6.02196E-5 6.62236E-5 1.73087E-5 1.72153E-5 1.73429E-5 1.84398E-5 1.93912E-5 2.12816E-5 2.12266E-5 2.1751E-5 2.24009E-5 2.28039E-5 2.37583E-5 2.39425E-5 2.47506E-5 2.47157E-5 2.16387E-5 2.64073E-5 3.31165E-5 3.55856E-5 4.31056E-5 4.15265E-5 1.42066E-4 4.24714E-5 4.49072E-5 4.35475E-5 3.12354E-5 8.7124E-5 1.60147E-4 2.99862E-4 8.70451E-5 1.26929E-4 3.89494E-4
6.16983E-6 5.59092E-6 5.49968E-6 5.84832E-6 6.26514E-6 1.29423E-5 1.43363E-5 1.49832E-5 1.31388E-5 1.31911E-5 1.15973E-5 1.395E-5 1.63021E-5 1.45569E-5 4.13483E-5 4.05378E-5 3.50767E-5 4.57384E-5 4.3996E-5 4.09676E-5 4.07343E-5 1.77748E-5 1.82113E-5 1.80424E-5 2.01931E-5 2.32029E-5 5.28377E-5 5.42078E-5 5.5132E-5 5.59117E-5 5.68307E-5 5.73517E-5 5.88441E-5 6.16153E-5 6.93008E-5 6.90612E-5 6.97522E-5 7.00135E-5 1.75605E-5 1.91076E-5 2.04662E-5 2.06246E-5 2.11349E-5 2.1836E-5 2.26665E-5 2.98438E-5 2.98558E-5 2.8997E-5 3.22272E-5 3.10283E-5 3.13429E-5 3.29294E-5 3.65507E-5 4.23236E-5 4.09201E-5 4.37498E-5 1.61746E-4 1.42502E-4 4.31133E-5 3.02973E-5 1.0111E-4 9.02164E-5 3.23894E-4 5.31247E-4 1.05458E-4 1.29603E-4
5.2416E-6 4.95744E-6 5.02873E-6 5.47793E-6 5.22837E-6 5.66E-6 1.2862E-5 1.35425E-5 1.7704E-5 1.46939E-5 1.08768E-5 1.12511E-5 1.42274E-5 1.52429E-5 1.66795E-5 3.87119E-5 4.03096E-5 2.90184E-5 5.03895E-5 4.78563E-5 4.00308E-5 4.16885E-5 1.96414E-5 1.94058E-5 2.07063E-5 2.4089E-5 2.52268E-5 2.54075E-5 5.45666E-5 5.61238E-5 5.6514E-5 5.75012E-5 5.89143E-5 6.10174E-5 6.51386E-5 6.64204E-5 6.6158E-5 6.58676E-5 6.70536E-5 7.14284E-5 1.97861E-5 2.0039E-5 2.04605E-5 2.04826E-5 2.03882E-5 2.78595E-5 2.91669E-5 2.83564E-5 3.26472E-5 2.89647E-5 3.65345E-5 4.18585E-5 5.03186E-5 5.42652E-5 4.62806E-5 4.58043E-5 4.44811E-5 1.90053E-4 1.98663E-4 1.68904E-4 3.04601E-5 1.3269E-4 1.30579E-4 1.2901E-4 1.17964E-4 3.78353E-4
7.25866E-6 4.29648E-6 4.0461E-6 5.07314E-6 5.69904E-6 5.52368E-6 4.25475E-6 1.30372E-5 2.25744E-5 1.57391E-5 1.18321E-5 1.19693E-5 1.59074E-5 1.63785E-5 1.71749E-5 1.93015E-5 4.69917E-5 4.27046E-5 4.81202E-5 4.71292E-5 4.14048E-5 4.62427E-5 4.9993E-5 2.23098E-5 2.22272E-5 2.38719E-5 1.79187E-5 2.58129E-5 2.70888E-5 5.62556E-5 5.57358E-5 5.68139E-5 5.62197E-5 5.58673E-5 5.94961E-5 6.44719E-5 6.54769E-5 6.47509E-5 6.68685E-5 6.5802E-5 6.78546E-5 7.53487E-5 7.51541E-5 1.75625E-5 1.73798E-5 1.78688E-5 2.02042E-5 2.05369E-5 2.04207E-5 1.94638E-5 3.64865E-5 4.79945E-5 5.78006E-5 5.73988E-5 6.09309E-5 6.13587E-5 5.89835E-5 1.68315E-4 1.41858E-4 1.17619E-4 1.30947E-4 1.27411E-4 1.37318E-4 1.36387E-4 1.13158E-4 1.04808E-4
3.94941E-6 4.18489E-6 4.77285E-6 3.867E-6 4.35439E-6 4.37E-6 5.93194E-6 1.27582E-5 1.68164E-5 1.46478E-5 1.58512E-5 1.67957E-5 1.77403E-5 1.8719E-5 1.74887E-5 1.87626E-5 1.90798E-5 1.37338E-5 4.508E-5 4.08877E-5 3.70017E-5 4.20745E-5 4.74308E-5 4.82595E-5 2.23009E-5 2.31048E-5 2.23041E-5 2.401E-5 2.37799E-5 2.41285E-5 2.4658E-5 5.36967E-5 5.39166E-5 5.44758E-5 5.94739E-5 6.4287E-5 6.44235E-5 6.26578E-5 6.39274E-5 6.3454E-5 6.76746E-5 8.23693E-5 7.75169E-5 6.55527E-5 6.79025E-5 6.42711E-5 3.76552E-5 3.33304E-5 3.10053E-5 2.08538E-5 3.69525E-5 4.57326E-5 5.54036E-5 5.62494E-5 5.84317E-5 5.87926E-5 4.7551E-5 4.95312E-5 1.19941E-4 1.26344E-4 1.2967E-4 1.31466E-4 6.62509E-5 5.83298E-5 5.31781E-5 1.05174E-4
4.18182E-6 4.41002E-6 3.9211E-6 3.94709E-6 4.12457E-6 4.16201E-6 7.45115E-6 1.27911E-5 1.63437E-5 1.62245E-5 1.43844E-5 1.76647E-5 1.76415E-5 1.73992E-5 1.85948E-5 1.76591E-5 1.84683E-5 1.75812E-5 1.8297E-5 1.83784E-5 3.4927E-5 3.75649E-5 4.15554E-5 3.94794E-5 4.34201E-5 2.01512E-5 1.96675E-5 2.08888E-5 2.18388E-5 2.30428E-5 2.35479E-5 2.33082E-5 5.1998E-5 6.05399E-5 5.95575E-5 6.1701E-5 6.2907E-5 6.28311E-5 5.87644E-5 6.60809E-5 7.23998E-5 8.18364E-5 6.84077E-5 6.69642E-5 6.75527E-5 8.79161E-5 1.39812E-4 1.44054E-4 4.02817E-5 2.36619E-5 3.62216E-5 4.35998E-5 5.46217E-5 4.55927E-5 4.40934E-5 4.90086E-5 3.94767E-5 3.55512E-5 1.24835E-4 9.88269E-5 1.20971E-4 1.24391E-4 1.34374E-4 7.98221E-5 6.87853E-5 8.45657E-5
