catData/rasterBestHybridModels/Fchaus/RD_RM1.5_H/Fchaus_median.asc
ncols         409
nrows         350
xllcorner     60.897278365
yllcorner     5.843756025
cellsize      0.0892857
NODATA_value  -9999
[rows 174 to 202 of 350, columns 198 to 263 of 409]
2.63849E-5 1.73892E-5 1.43562E-5 1.32575E-5 1.83508E-5 1.74059E-4 5.17957E-5 4.43721E-5 4.88418E-5 3.92585E-5 3.24624E-5 2.14646E-5 1.83951E-5 2.01334E-5 1.266E-5 1.12036E-5 2.00079E-5 2.46834E-5 2.67022E-5 2.55232E-5 1.97261E-5 1.84524E-5 5.64777E-5 3.28929E-4 5.64512E-4 2.75392E-4 1.03563E-4 3.70731E-5 3.48051E-5 2.90973E-5 2.84606E-5 2.88774E-5 2.95344E-5 2.95718E-5 4.06607E-5 3.94741E-5 3.9568E-5 3.70451E-5 3.76095E-5 3.79422E-5 3.63567E-5 4.33069E-5 6.57616E-5 1.69453E-4 1.7026E-4 1.9606E-4 7.44996E-5 1.08553E-4 4.37623E-5 9.08671E-5 6.40672E-5 4.18685E-5 3.61141E-5 4.54058E-5 7.7499E-5 6.60595E-5 1.09875E-4 1.16733E-4 3.95324E-5 3.37011E-5 3.11734E-5 2.75564E-5 2.77519E-5 3.96116E-4 2.49863E-4 2.34959E-4
2.37429E-5 1.53287E-5 1.52682E-5 1.39853E-5 1.3011E-5 1.7363E-5 1.53009E-5 2.30305E-5 1.33945E-5 2.92212E-5 3.64109E-5 1.53647E-5 1.16633E-5 1.13936E-5 1.58122E-5 1.88341E-5 8.01478E-5 3.21657E-5 2.58142E-5 2.2692E-5 1.95241E-5 1.86807E-5 8.54719E-5 4.00132E-4 2.70387E-4 1.41746E-4 6.88513E-5 3.41716E-5 3.30872E-5 2.90933E-5 2.94578E-5 2.85952E-5 2.89242E-5 2.98059E-5 5.59517E-5 7.62034E-5 4.2203E-5 3.82932E-5 4.46128E-5 4.32044E-5 3.79539E-5 1.132E-4 1.72377E-4 5.15299E-4 4.42983E-4 5.86819E-5 5.44262E-5 4.94006E-5 4.14744E-5 5.3937E-5 5.11092E-5 9.64003E-5 7.45561E-5 4.52303E-5 2.89175E-5 2.97683E-5 2.77743E-5 3.31707E-5 3.46023E-5 3.11897E-5 3.05645E-5 7.70976E-5 3.21446E-5 1.05015E-4 6.70579E-4 8.50112E-4
1.97558E-5 1.54516E-5 1.57948E-5 1.38952E-5 1.29598E-5 1.64191E-5 2.11557E-5 2.18053E-5 2.03572E-5 1.82494E-5 1.49489E-5 1.46009E-5 1.64749E-5 1.57202E-5 1.69569E-5 2.79558E-5 1.20322E-4 2.13657E-5 1.93888E-5 2.19514E-5 2.16338E-5 2.0878E-5 1.03994E-4 3.0534E-4 5.64056E-4 1.71375E-4 6.7599E-5 2.73314E-5 2.77754E-5 2.88829E-5 5.84671E-5 3.62836E-5 3.00808E-5 3.33951E-5 7.00357E-5 7.00986E-5 6.39625E-5 5.04181E-5 5.5133E-5 5.40737E-5 3.91867E-5 1.69504E-4 1.8905E-4 1.29837E-4 1.16876E-4 4.76045E-5 4.14739E-5 4.09504E-5 3.8407E-5 3.60843E-5 3.61499E-5 4.73867E-5 3.84364E-5 3.24675E-5 3.207E-5 3.17798E-5 4.85483E-5 5.25753E-5 3.49619E-5 2.96355E-5 5.26257E-5 9.4115E-5 1.0701E-4 1.1467E-4 2.73597E-4 5.75996E-4
9.02072E-5 8.26364E-5 7.69647E-5 1.62453E-5 2.07852E-4 9.94226E-5 1.61331E-5 1.99548E-5 1.99139E-5 1.69749E-5 1.68685E-5 1.61551E-5 1.72242E-5 1.54857E-5 6.93723E-5 1.85266E-4 1.87559E-4 4.37518E-5 1.99358E-5 2.35866E-5 1.88556E-5 3.11517E-5 3.45062E-5 1.49679E-4 3.03291E-4 1.02804E-4 3.4694E-5 3.13851E-5 3.34385E-5 1.3164E-4 2.17133E-4 1.76112E-4 3.11226E-5 4.83543E-5 7.14023E-5 7.19269E-5 7.094E-5 6.07522E-5 5.49995E-5 3.86962E-5 4.8112E-5 5.61566E-5 6.5604E-5 4.65552E-5 4.57478E-5 4.10367E-5 4.26321E-5 4.13109E-5 3.73099E-5 3.53788E-5 4.79336E-5 1.20796E-4 9.23887E-5 3.11477E-5 3.22466E-5 4.0041E-5 4.75404E-5 4.19231E-5 3.42835E-5 3.01813E-5 1.04889E-4 1.07583E-4 1.1771E-4 3.7409E-4 4.64335E-4 2.94692E-4
8.63558E-5 7.88115E-5 7.57309E-5 7.45312E-5 1.82184E-4 2.26679E-4 5.44671E-5 2.08583E-5 1.62763E-5 1.50651E-5 1.4262E-5 1.80064E-5 1.85109E-5 4.12693E-5 2.18059E-5 2.36463E-5 2.69371E-5 2.05646E-5 3.61199E-5 7.54874E-5 3.08144E-5 2.81494E-5 3.9794E-5 2.91027E-5 6.97475E-5 3.50025E-5 3.19562E-5 3.21526E-5 3.19339E-5 7.3126E-5 2.20095E-4 1.38466E-4 3.06854E-5 3.14845E-5 7.72731E-5 7.393E-5 7.41991E-5 5.45252E-5 4.29018E-5 4.18308E-5 6.5542E-5 4.93425E-5 5.15716E-5 4.69888E-5 8.46938E-5 4.47953E-5 4.62942E-5 4.33973E-5 3.80992E-5 5.42964E-5 7.00126E-5 1.39834E-4 5.37441E-5 2.97987E-5 3.12753E-5 2.95577E-5 4.29049E-5 3.59797E-5 3.06995E-5 5.14865E-5 1.72759E-4 7.89845E-5 1.01942E-4 2.17332E-4 2.80714E-4 1.60435E-4
8.62137E-5 7.86515E-5 7.80008E-5 7.51803E-5 1.21028E-4 7.35487E-5 1.58918E-5 2.02304E-5 1.77039E-5 1.72124E-5 1.66945E-5 1.76828E-5 1.54939E-5 1.61798E-5 1.45994E-5 1.38556E-5 1.52347E-5 2.18031E-5 4.38223E-5 4.71795E-5 2.64367E-5 3.37385E-5 1.8627E-5 1.76464E-5 6.55409E-5 3.15701E-5 3.23013E-5 3.23313E-5 3.14005E-5 1.29731E-4 1.85008E-4 7.18225E-5 3.02248E-5 3.1152E-5 6.16248E-5 4.48218E-5 3.65307E-5 3.58427E-5 3.71883E-5 4.6161E-5 4.94414E-5 1.00047E-4 6.27656E-5 4.88421E-5 4.57014E-5 4.52913E-5 4.92555E-5 5.3877E-5 1.06324E-4 3.15447E-5 7.1146E-5 7.47653E-5 3.01515E-5 2.90462E-5 3.00169E-5 4.38281E-5 3.43481E-5 3.19109E-5 2.58035E-5 8.47518E-5 9.38509E-5 1.18525E-4 1.2584E-4 1.34206E-4 1.02731E-4 1.45453E-4
8.68429E-5 8.13282E-5 8.02234E-5 1.39065E-5 1.17426E-5 1.12953E-5 1.78551E-5 1.82133E-5 1.88242E-5 1.81906E-5 1.70552E-5 1.48529E-5 1.48772E-5 3.1372E-5 1.41809E-5 1.52212E-5 1.88153E-5 8.57052E-5 2.3885E-4 7.06224E-5 2.9772E-5 3.42192E-5 1.83502E-5 6.85192E-5 2.93804E-5 3.03568E-5 3.15253E-5 3.14025E-5 3.1292E-5 3.06935E-5 3.32365E-5 3.19685E-5 3.21979E-5 2.98299E-5 3.46017E-5 3.53005E-5 3.51778E-5 3.1917E-5 3.0364E-5 4.53459E-5 5.25717E-5 1.55898E-4 7.38003E-5 4.88602E-5 4.57309E-5 5.94563E-5 5.78708E-5 6.8819E-5 8.92303E-5 5.5371E-5 2.92265E-5 2.98189E-5 2.83159E-5 3.04856E-5 3.62973E-5 3.49237E-5 2.84681E-5 2.79716E-5 2.47812E-5 5.20334E-5 2.84328E-5 2.39675E-5 7.51739E-5 1.16708E-4 3.17542E-5 3.52473E-5
1.26696E-5 1.20841E-5 1.31318E-5 1.26571E-5 1.11759E-5 1.16627E-5 1.35846E-5 1.92254E-5 1.89115E-5 2.52232E-5 3.15023E-5 1.69961E-5 1.52458E-5 1.48472E-5 1.34107E-5 1.73727E-5 1.85693E-5 5.23082E-5 3.67526E-5 7.71388E-5 5.25029E-5 4.72002E-5 1.91383E-5 6.77862E-5 2.89796E-5 3.62052E-5 3.26256E-5 3.40147E-5 3.411E-5 3.1499E-5 3.3766E-5 3.22826E-5 3.12942E-5 3.26358E-5 3.30736E-5 3.52049E-5 3.29322E-5 3.16173E-5 2.96639E-5 6.62989E-5 8.10258E-5 1.67881E-4 1.51027E-4 5.21676E-5 5.41519E-5 5.30933E-5 5.43906E-5 2.02157E-4 2.23733E-4 1.14556E-4 1.00111E-4 8.39489E-5 1.02025E-4 2.99711E-5 4.2385E-5 3.36328E-5 6.89334E-5 4.58261E-5 2.39253E-5 2.25027E-5 2.18765E-5 2.12611E-5 2.39781E-5 6.43164E-5 4.82587E-5 3.64324E-5
1.13784E-5 1.0769E-5 1.07866E-5 9.83961E-6 1.03752E-5 1.24195E-5 1.42003E-5 1.37189E-5 1.93231E-5 5.62215E-5 2.3894E-5 2.67576E-5 1.5725E-5 1.58569E-5 1.98851E-5 2.41219E-5 3.43319E-5 5.24154E-5 7.32244E-5 2.77965E-4 8.68329E-5 3.65917E-5 2.10249E-5 3.24924E-5 3.2197E-5 4.89609E-5 4.20384E-5 3.57441E-5 3.65792E-5 3.4847E-5 3.48376E-5 3.29311E-5 3.3498E-5 3.60366E-5 3.57709E-5 3.54551E-5 3.34998E-5 3.24277E-5 1.26979E-4 2.08013E-4 1.13299E-4 1.68897E-4 2.01547E-4 8.06567E-5 6.78328E-5 5.54307E-5 9.03365E-5 1.71784E-4 6.30697E-5 5.10337E-5 5.87258E-5 4.25613E-5 5.6651E-5 8.15247E-5 3.33195E-5 3.29095E-5 2.94423E-5 2.63406E-5 2.23668E-5 2.25085E-5 2.53364E-5 2.50461E-5 4.1013E-5 4.39054E-5 2.43864E-5 3.41101E-5
1.46314E-5 1.27184E-5 1.04075E-5 1.22545E-5 1.23755E-5 1.18769E-5 1.17571E-5 1.40466E-5 2.34686E-5 1.92443E-5 1.82913E-5 1.89321E-5 1.93274E-5 1.64516E-5 1.62037E-5 3.56452E-5 1.88366E-5 1.86023E-5 5.65249E-5 1.57717E-4 1.80609E-4 4.02224E-5 9.44375E-5 3.98881E-5 3.56164E-5 5.14973E-5 9.2551E-5 7.10577E-5 3.88962E-5 3.56611E-5 3.34303E-5 3.22356E-5 3.4115E-5 3.71576E-5 3.56198E-5 4.57501E-5 5.43281E-5 8.4795E-5 1.33252E-4 2.36176E-4 2.09968E-4 1.29574E-4 2.13579E-4 2.27311E-4 1.56178E-4 5.88241E-5 8.21037E-5 1.52707E-4 8.30855E-5 4.72462E-5 5.04898E-5 4.27623E-5 3.47906E-5 6.44871E-5 7.24334E-5 3.59523E-5 3.15823E-5 2.4303E-5 3.83855E-5 3.43592E-5 3.49696E-5 7.66974E-5 8.1208E-5 7.57744E-5 8.20671E-5 2.47683E-5
1.32604E-5 1.37771E-5 1.06416E-5 1.22382E-5 1.24637E-5 1.25167E-5 1.32406E-5 1.45545E-5 1.4267E-5 1.88842E-5 1.86342E-5 1.89366E-5 1.76872E-5 1.71034E-5 1.51806E-5 1.67267E-5 1.50262E-5 1.53559E-5 2.66522E-5 2.98333E-5 2.6352E-4 1.66142E-4 1.26777E-4 6.05797E-5 5.37452E-5 5.1465E-5 7.14505E-5 3.90765E-5 3.81015E-5 8.84089E-5 4.20518E-5 3.62951E-5 3.58676E-5 3.6672E-5 3.32598E-5 5.9244E-5 1.0086E-4 1.04545E-4 4.89353E-5 5.11483E-5 7.54393E-5 2.11759E-4 7.8341E-4 3.09764E-4 8.90143E-5 5.54986E-5 5.64228E-5 1.22603E-4 5.57417E-5 4.6364E-5 4.7722E-5 6.50959E-5 3.461E-5 3.34428E-5 6.8039E-5 3.84795E-5 5.12382E-5 2.3483E-5 1.3151E-4 4.44473E-4 4.52432E-4 3.18219E-4 3.0863E-4 2.04975E-4 5.73759E-4 9.13767E-5
9.5122E-6 1.0756E-5 9.7402E-6 1.12975E-5 1.24016E-5 1.25352E-5 1.28585E-5 1.32143E-5 1.30274E-5 1.23909E-5 1.88196E-5 1.91662E-5 1.77916E-5 1.73843E-5 1.36114E-5 1.64621E-5 1.84687E-5 2.45864E-5 2.53705E-5 5.57352E-5 1.00245E-4 1.25827E-3 1.81144E-4 1.09005E-4 5.14422E-5 5.12624E-5 1.75668E-4 1.07075E-4 3.77274E-5 4.4952E-5 5.90096E-5 4.01806E-5 3.68505E-5 6.46751E-5 8.25738E-5 1.40523E-4 1.42883E-4 4.1036E-4 1.22924E-4 1.05178E-4 2.00291E-4 2.46689E-4 1.05459E-3 4.23644E-4 2.44819E-4 5.30483E-5 7.35646E-5 4.79471E-5 4.77892E-5 4.54377E-5 3.86735E-5 1.04642E-4 4.58757E-5 5.36159E-5 3.61924E-5 4.41351E-5 2.86351E-5 5.35719E-5 1.89036E-4 7.64615E-4 1.0172E-3 1.10232E-3 1.08577E-3 3.32233E-4 8.5708E-4 3.72194E-4
9.88148E-6 1.00878E-5 9.97001E-6 9.93747E-6 1.10172E-5 1.12105E-5 1.09815E-5 2.11029E-5 2.16806E-5 1.19536E-5 1.7473E-5 1.86997E-5 1.829E-5 1.79585E-5 1.38649E-5 1.67995E-5 2.18511E-5 2.13128E-5 2.38006E-5 3.48665E-5 2.12126E-4 8.08746E-4 3.03271E-4 3.16112E-4 5.33481E-5 4.97582E-5 2.21616E-4 1.23465E-4 3.91472E-5 4.51547E-5 3.80629E-5 3.5573E-5 3.56074E-5 4.6998E-5 5.08908E-5 5.56424E-5 1.19988E-4 2.48218E-4 1.64498E-4 1.11395E-4 2.93569E-4 1.88162E-4 5.53387E-4 5.01053E-4 3.48164E-4 5.15759E-5 4.54499E-5 8.36861E-5 3.95432E-5 3.80894E-5 4.00725E-5 9.96001E-5 3.57799E-5 3.54873E-5 2.97495E-5 3.09211E-5 8.28486E-5 1.31913E-4 6.58378E-4 1.03235E-3 1.20742E-3 9.41377E-4 9.33278E-4 2.83357E-4 2.2408E-4 4.10065E-4
1.0357E-5 9.30154E-6 9.55386E-6 9.80975E-6 9.89652E-6 1.04739E-5 1.07888E-5 1.75868E-5 1.56621E-4 1.1213E-4 8.90682E-5 1.69674E-5 1.82397E-5 1.54088E-5 1.36393E-5 1.55093E-5 1.8007E-5 2.1038E-5 1.74051E-5 3.46955E-5 5.58128E-4 2.64327E-4 8.6663E-5 1.00426E-4 5.05147E-5 8.30862E-5 5.13393E-5 5.35616E-5 7.93224E-5 6.89093E-5 4.45583E-5 3.88957E-5 4.05539E-5 4.61719E-5 5.88037E-5 7.96926E-5 1.64685E-4 7.92843E-5 1.80842E-4 2.9339E-4 6.7432E-4 1.85843E-4 9.67216E-4 3.97646E-4 1.52531E-4 3.71628E-5 2.98867E-5 3.80275E-5 3.56094E-5 3.67308E-5 4.86732E-5 8.45409E-5 9.68431E-5 3.11286E-5 3.81641E-5 9.35938E-5 1.70448E-4 4.85275E-4 1.2366E-3 4.60297E-4 9.88354E-4 9.1668E-4 5.92338E-4 3.77243E-4 3.59913E-4 3.07459E-4
1.18474E-5 9.99634E-6 9.56565E-6 9.61812E-6 9.5789E-6 9.91084E-6 1.10103E-5 6.75088E-5 1.35828E-4 1.16063E-4 7.67332E-5 1.21406E-5 1.76227E-5 1.8153E-5 1.66044E-5 1.6673E-5 1.78749E-5 1.87672E-5 2.00438E-5 9.16494E-5 5.53573E-4 2.68855E-4 1.30101E-4 6.61443E-5 4.53274E-5 1.3001E-4 6.66016E-5 6.35618E-5 1.41966E-4 1.99633E-4 1.13536E-4 6.5094E-5 4.40078E-5 4.29927E-5 7.06206E-5 6.49622E-5 7.2796E-5 1.55141E-4 2.04374E-4 2.57503E-4 4.1789E-4 2.31212E-4 8.87936E-4 3.0495E-4 6.82126E-5 3.07313E-5 4.40175E-5 4.08376E-5 3.43724E-5 3.37684E-5 2.58312E-5 2.97563E-5 3.05289E-5 7.54611E-5 3.98737E-5 1.30254E-4 2.54254E-4 3.31066E-4 1.23007E-3 1.4345E-3 1.23321E-3 9.78381E-4 5.10617E-4 5.78359E-4 3.07588E-4 6.0497E-4
1.33888E-5 1.17834E-5 1.0136E-5 9.59561E-6 9.42269E-6 1.0302E-5 1.20798E-5 1.67028E-4 2.08215E-4 9.23621E-5 1.91941E-4 1.02917E-4 1.73853E-5 3.35013E-5 1.4476E-5 1.64276E-5 1.76215E-5 1.76132E-5 1.99957E-4 6.50576E-4 2.23441E-4 5.93428E-5 1.39396E-4 1.44127E-4 5.58912E-5 1.62627E-4 7.22241E-5 5.17412E-5 9.85601E-5 4.29257E-4 3.13924E-4 2.44776E-4 1.25163E-4 1.176E-4 2.12505E-4 3.10592E-4 5.49957E-4 9.0956E-4 8.46176E-4 2.42656E-4 7.85563E-4 4.05388E-4 3.82788E-4 2.32063E-4 6.44858E-5 4.23745E-5 7.2466E-5 1.14211E-4 3.28107E-5 3.51095E-5 3.315E-5 3.43438E-5 5.39943E-5 5.279E-5 4.28523E-5 1.88734E-4 3.36543E-4 3.06878E-4 6.41595E-4 1.34392E-3 7.58956E-4 1.50826E-3 7.23478E-4 8.92037E-4 3.83042E-4 8.99575E-4
1.33595E-5 1.40166E-5 1.09169E-5 9.63656E-6 9.28123E-6 1.00162E-5 1.11894E-5 1.8002E-5 9.69452E-5 1.39249E-4 2.4115E-4 1.14032E-4 1.11927E-5 1.67971E-5 1.37024E-5 1.55878E-5 1.81597E-5 1.80205E-4 2.38951E-4 3.68588E-4 2.37275E-4 4.07637E-5 9.83994E-5 4.56435E-5 6.64134E-5 3.18529E-4 5.5544E-5 8.85361E-5 1.40223E-4 4.33598E-4 4.07317E-4 1.91433E-4 1.10913E-4 1.57758E-4 2.77425E-4 1.02941E-4 3.44298E-4 4.57507E-4 7.7996E-4 3.65513E-4 4.71025E-4 2.58817E-4 2.1196E-4 9.05373E-5 5.7724E-5 4.68623E-5 5.20277E-5 4.77657E-5 9.56952E-5 1.15915E-4 3.71109E-5 3.57047E-5 3.92118E-5 5.82188E-5 1.35772E-4 6.66668E-4 9.46948E-4 7.52904E-4 9.89903E-4 1.42532E-3 1.41316E-3 5.9401E-4 6.3285E-4 3.25841E-4 4.31546E-4 3.82563E-4
1.41915E-5 1.70675E-5 1.16419E-5 8.85185E-6 9.1767E-6 7.67585E-6 8.93945E-6 1.06388E-5 6.77708E-5 1.9516E-4 1.67303E-4 8.41369E-5 5.395E-5 9.30229E-6 1.04709E-5 1.13046E-5 1.24206E-5 3.32362E-5 1.15637E-4 2.47273E-4 1.55476E-4 8.08938E-5 5.22634E-5 4.11728E-5 3.46068E-4 7.25451E-4 5.38492E-5 1.30893E-4 2.84201E-4 3.23229E-4 1.65577E-4 3.47003E-4 1.23354E-4 1.0893E-4 1.52638E-4 1.31815E-4 1.27138E-4 9.6595E-5 1.78628E-4 2.68496E-4 3.11709E-4 3.39451E-4 1.55488E-4 9.90365E-5 6.46898E-5 4.14482E-5 8.25599E-5 3.77222E-5 1.31764E-4 1.23974E-4 1.16839E-4 4.09026E-5 5.77355E-5 1.07134E-4 7.49539E-4 1.28439E-3 4.8236E-4 1.24635E-3 9.05665E-4 8.7749E-4 1.55251E-3 9.34451E-4 4.52298E-4 3.58105E-4 3.01119E-4 4.78313E-4
1.33899E-5 1.60069E-5 1.32798E-5 9.89178E-6 9.30652E-6 9.02212E-6 1.03385E-5 1.04606E-5 2.13801E-5 1.95026E-4 1.75073E-4 5.09912E-5 5.42929E-5 5.68503E-5 1.30707E-5 1.26328E-5 2.10791E-5 1.60963E-4 2.12234E-4 5.89107E-5 6.70564E-5 7.70159E-5 4.58533E-5 1.07861E-4 7.08338E-4 1.31172E-3 1.27416E-4 2.45025E-4 3.51545E-4 4.69199E-4 7.69844E-4 4.22847E-4 1.13104E-4 1.65871E-4 1.63392E-4 1.27187E-4 1.56967E-4 1.72326E-4 9.55599E-5 9.49434E-5 9.66359E-5 2.14959E-4 6.86283E-5 5.20464E-5 4.16678E-5 3.64912E-5 3.79597E-5 3.91127E-5 4.12534E-5 6.64657E-5 8.35567E-5 6.66681E-5 2.4332E-4 4.80274E-4 4.38272E-4 4.80466E-4 5.06464E-4 4.75138E-4 4.74217E-4 5.86146E-4 4.2423E-4 1.06982E-3 4.50397E-4 3.11301E-4 4.96667E-4 4.20018E-4
1.00201E-5 1.1797E-5 1.20323E-5 1.16858E-5 9.0307E-6 9.27611E-6 9.41657E-6 9.45582E-6 8.85975E-6 1.4033E-5 1.67121E-4 1.10332E-4 5.76022E-5 6.98984E-5 1.35832E-5 2.4433E-5 3.85792E-5 1.30519E-4 1.9537E-4 3.94399E-5 3.04372E-5 2.11132E-4 2.3096E-4 2.22129E-4 1.05209E-3 7.67605E-4 2.50117E-4 4.8587E-4 2.47256E-4 2.13314E-4 4.36537E-4 4.78058E-4 3.08854E-4 1.02852E-4 1.69957E-4 1.62177E-4 3.5783E-4 4.22007E-4 2.31161E-4 9.38032E-5 8.62151E-5 8.88926E-5 7.78712E-5 4.72634E-5 6.00596E-5 4.03116E-5 3.92833E-5 4.20992E-5 4.37257E-5 5.14114E-5 1.79632E-4 2.0784E-4 3.26301E-4 4.08982E-4 1.37879E-4 7.085E-4 3.19357E-4 4.00241E-4 4.3671E-4 3.51988E-4 2.14156E-4 3.55087E-4 3.52788E-4 2.46085E-4 3.54228E-4 2.88788E-4
9.89269E-6 1.03505E-5 1.0122E-5 1.11901E-5 1.03961E-5 1.12312E-5 1.17762E-5 1.02165E-5 1.00446E-5 2.89122E-5 1.61581E-4 2.31062E-4 6.92604E-5 6.23945E-5 1.79131E-4 6.73017E-5 2.00227E-4 7.52273E-5 5.34843E-5 4.45017E-5 4.10903E-5 1.99601E-4 2.32649E-4 4.80728E-4 2.61061E-4 4.75585E-4 1.18509E-4 2.34178E-4 5.23678E-4 9.63298E-5 9.13276E-5 2.11045E-4 2.30481E-4 4.69058E-4 1.53123E-4 1.94435E-4 3.74268E-4 8.4638E-4 2.20966E-4 8.26779E-5 9.49079E-5 8.58127E-5 1.04347E-4 2.31425E-4 2.44814E-4 6.17964E-5 4.10567E-5 4.27612E-5 4.69335E-5 3.69591E-4 9.56625E-4 6.19104E-4 4.51635E-4 4.68729E-4 3.09382E-4 2.76669E-4 5.81387E-4 4.73035E-4 3.66926E-4 2.97796E-4 1.63122E-4 2.69137E-4 3.58906E-4 5.13992E-4 3.36805E-4 8.46432E-5
1.40621E-5 1.27706E-5 2.48587E-5 1.90932E-5 1.98445E-5 2.49323E-5 2.39938E-5 1.64515E-5 1.1998E-5 1.08561E-5 1.16893E-4 1.76415E-4 5.80738E-5 5.90038E-5 4.79363E-5 2.86614E-5 4.60725E-5 1.3272E-4 1.39812E-5 3.56051E-5 6.2958E-5 1.2444E-4 2.57606E-4 6.74617E-4 2.13787E-4 1.18533E-4 2.95587E-4 3.25299E-4 3.35809E-4 1.67417E-4 1.22387E-4 1.13084E-4 2.07951E-4 1.28482E-4 1.21828E-4 2.00456E-4 6.10944E-4 8.53984E-4 4.36534E-4 1.76699E-4 1.29741E-4 9.45013E-5 1.00126E-4 1.11407E-4 2.85136E-4 5.25828E-5 4.19091E-5 4.94908E-5 2.07032E-4 1.41388E-3 1.09633E-3 1.03172E-3 3.52189E-4 4.48249E-4 4.90636E-4 1.43506E-4 2.91385E-4 5.71837E-4 2.94727E-4 2.82321E-4 1.10168E-4 2.89134E-4 3.6853E-4 3.49833E-4 3.50976E-4 1.90229E-4
1.59911E-5 1.93785E-5 3.02934E-5 2.52802E-5 1.83859E-5 1.67497E-5 1.73457E-5 1.9542E-5 1.57659E-5 2.36003E-4 1.25379E-4 7.63676E-5 5.64705E-5 5.45861E-5 1.6141E-5 2.53809E-5 3.47824E-5 1.47304E-4 4.58513E-5 2.30686E-5 7.90786E-5 3.51937E-4 1.24145E-4 1.74118E-4 1.51427E-4 1.67289E-4 3.0485E-4 3.11103E-4 1.71206E-4 5.2838E-4 2.84912E-4 1.08064E-4 1.01047E-4 2.8223E-4 1.83789E-4 2.17065E-4 4.11185E-4 1.05998E-3 4.76942E-4 2.15979E-4 3.32502E-4 1.09247E-4 1.08922E-4 1.4254E-4 2.94607E-4 1.76675E-4 4.42408E-5 5.58791E-5 3.3426E-4 3.29726E-4 4.08709E-4 1.33225E-3 3.56678E-4 3.51215E-4 4.295E-4 1.34325E-4 1.0228E-3 6.73455E-4 5.07228E-4 7.22795E-4 1.5779E-4 3.0819E-4 3.56528E-4 4.09152E-4 7.4455E-4 2.97509E-4
1.62958E-5 2.58911E-5 2.9722E-5 2.83175E-5 2.1167E-5 1.25888E-5 1.24854E-5 8.11001E-5 7.79661E-5 2.04573E-4 2.70527E-4 9.74003E-5 6.91686E-5 6.23529E-5 2.93474E-5 9.42432E-6 2.39208E-5 1.34283E-4 9.35412E-5 5.83269E-5 1.06894E-4 1.27643E-4 4.45062E-5 7.53091E-5 2.33877E-4 4.17709E-4 1.73738E-4 3.33817E-4 2.47397E-4 2.92138E-4 1.17206E-4 4.62627E-5 2.23649E-4 2.64357E-4 1.52353E-4 1.74517E-4 2.14479E-4 2.20213E-4 1.87845E-4 3.57327E-4 1.89932E-4 1.00248E-4 1.26962E-4 1.4094E-4 7.71979E-5 2.70008E-4 1.33527E-4 5.21857E-5 3.80808E-4 1.63583E-4 1.51683E-4 4.14335E-4 3.49515E-4 1.38699E-4 4.40674E-4 3.49483E-4 5.23205E-4 3.6782E-4 3.47252E-4 2.03834E-4 1.46245E-4 4.28461E-4 5.29044E-4 5.01135E-4 6.63876E-4 2.2077E-4
9.26362E-5 1.76871E-4 1.30582E-4 1.32132E-4 1.50679E-4 1.36751E-4 1.24309E-4 6.50458E-5 6.07183E-5 1.18095E-4 5.18588E-5 7.89518E-5 2.23122E-4 2.49512E-5 2.26591E-5 1.53199E-5 5.36968E-5 1.38767E-4 1.4326E-4 2.29174E-4 4.83957E-4 1.07927E-4 7.29753E-5 5.77078E-5 3.53756E-4 4.15979E-4 3.76626E-4 3.56167E-4 2.78817E-4 4.06354E-4 2.93831E-4 1.07139E-4 1.45544E-4 3.68542E-4 2.12843E-4 1.36472E-4 1.59605E-4 2.2448E-4 1.52536E-4 1.64197E-4 9.26206E-5 8.79874E-5 8.3813E-5 8.89135E-5 8.50196E-5 8.10798E-5 1.56385E-4 2.64368E-4 1.64231E-4 2.49857E-4 1.68366E-4 5.4991E-4 3.52914E-4 2.29297E-4 2.41321E-4 3.24172E-4 3.82855E-4 3.19512E-4 1.7762E-4 2.71979E-4 3.10077E-4 3.25506E-4 5.80294E-4 7.0891E-4 3.08132E-4 1.48774E-4
1.99266E-4 3.23164E-4 7.8942E-4 4.60793E-4 1.71444E-4 2.1151E-4 1.32947E-4 9.61011E-5 1.29294E-4 6.76164E-5 5.28083E-5 6.18768E-5 6.25088E-5 2.1365E-5 3.41926E-5 8.84178E-6 2.33026E-5 1.39508E-4 4.89053E-4 2.8817E-4 1.0693E-4 1.77708E-4 2.31477E-4 8.71315E-5 9.13846E-5 2.34606E-4 2.17996E-4 5.49835E-4 5.73913E-4 2.65808E-4 2.6717E-4 7.13557E-4 2.47579E-4 4.59547E-4 1.93053E-4 1.27724E-4 1.28055E-4 1.28192E-4 1.29919E-4 1.2579E-4 8.8258E-5 9.23973E-5 9.26993E-5 8.78343E-5 8.63091E-5 8.47998E-5 8.27694E-5 8.7454E-5 2.69342E-4 1.45679E-4 1.49694E-4 1.04428E-3 7.40012E-4 4.50059E-4 7.29601E-5 6.10564E-4 5.35781E-4 3.01476E-4 5.84042E-5 2.27386E-4 6.98978E-4 6.97169E-4 9.19727E-4 2.61982E-4 6.66215E-4 2.69525E-4
7.65406E-5 1.73674E-4 6.72641E-4 1.03974E-4 2.40602E-4 3.84255E-4 1.90469E-4 7.16495E-5 1.98501E-4 1.03978E-4 6.24966E-5 6.37153E-5 6.41289E-5 1.23425E-5 7.27079E-5 3.87836E-5 1.17932E-4 3.41477E-4 3.44992E-4 6.19195E-4 1.4282E-4 1.50101E-4 1.8656E-4 2.64177E-4 9.36563E-5 1.59531E-4 3.70318E-4 3.39158E-4 2.76659E-4 2.14899E-4 1.75745E-4 2.03314E-4 2.4877E-4 3.26786E-4 1.27591E-4 1.23174E-4 1.253E-4 1.28887E-4 1.27087E-4 1.2706E-4 1.02063E-4 1.01933E-4 9.66638E-5 9.08028E-5 1.00218E-4 8.4833E-5 1.8197E-4 2.38122E-4 4.5333E-4 1.49462E-4 1.46394E-4 3.52288E-4 4.8417E-4 2.52628E-4 1.42715E-4 4.03933E-4 2.16218E-4 2.67308E-4 5.74246E-5 2.38992E-4 4.99705E-4 1.05254E-3 1.68485E-4 2.53481E-4 2.0674E-4 6.30239E-5
7.68958E-5 7.48567E-5 7.84785E-5 8.11188E-5 6.45795E-5 1.75334E-4 3.63712E-4 9.3205E-5 1.81986E-4 9.31721E-5 8.2589E-5 6.86299E-5 1.38281E-5 3.54937E-5 1.9621E-5 5.88516E-5 4.93845E-5 6.00778E-5 2.63546E-4 5.16766E-4 3.39394E-4 1.76658E-4 2.08594E-4 8.65104E-5 9.20036E-5 6.6259E-5 2.18919E-4 7.93301E-5 5.28574E-5 1.5019E-4 9.85638E-5 9.87907E-5 3.02152E-4 1.68481E-4 1.42936E-4 1.35299E-4 1.3287E-4 1.26292E-4 1.41328E-4 1.45743E-4 1.20496E-4 1.05139E-4 1.01152E-4 1.17359E-4 1.0489E-4 1.04886E-4 2.66303E-4 4.22292E-4 1.40512E-4 1.40803E-4 1.50724E-4 2.59783E-4 3.1403E-4 4.28825E-4 8.58591E-5 2.12056E-4 3.04448E-4 1.86592E-4 6.52151E-5 2.34319E-4 9.2727E-4 1.10946E-3 1.9681E-4 2.07224E-4 1.55278E-4 8.30869E-5
1.41357E-5 1.38336E-5 5.64897E-5 7.058E-5 5.87551E-5 4.17888E-5 7.51855E-5 2.52695E-4 7.8001E-5 5.945E-5 8.48733E-5 7.08045E-5 3.0738E-5 2.9424E-5 1.35862E-5 2.89961E-5 3.18369E-5 9.11897E-5 8.97878E-5 3.02744E-4 3.97527E-4 3.75472E-4 2.63119E-4 1.05012E-4 1.20037E-4 3.49698E-5 5.60493E-5 8.42628E-5 4.33879E-5 7.68405E-5 1.04343E-4 7.19249E-5 1.41554E-4 1.08567E-4 1.38059E-4 1.48295E-4 1.46575E-4 1.40746E-4 1.40153E-4 2.98531E-4 4.78765E-4 1.09325E-4 1.13771E-4 1.12024E-4 1.09899E-4 1.31834E-4 7.54307E-4 3.09494E-4 1.10511E-4 9.87834E-5 1.27493E-4 4.09654E-4 2.77133E-4 3.93367E-4 1.67548E-4 2.8656E-4 2.76277E-4 1.67874E-4 7.13477E-5 4.90811E-4 4.9215E-4 7.20543E-4 1.80501E-4 2.19696E-4 1.13686E-4 1.04459E-4
