catData/rasterBestHybridModels/Fchaus/RD_RM1.5_H/Fchaus_median.asc
ncols         409
nrows         350
xllcorner     60.897278365
yllcorner     5.843756025
cellsize      0.0892857
NODATA_value  -9999
[rows 87 to 115 of 350, columns 264 to 329 of 409]
-9999 -9999 -9999 -9999 -9999 -9999 -9999 -9999 -9999 -9999 -9999 -9999 -9999 -9999 -9999 -9999 -9999 -9999 -9999 -9999 -9999 -9999 -9999 -9999 -9999 -9999 -9999 -9999 -9999 -9999 -9999 -9999 -9999 -9999 -9999 -9999 -9999 -9999 -9999 -9999 -9999 -9999 -9999 -9999 -9999 -9999 -9999 -9999 -9999 -9999 -9999 -9999 -9999 -9999 -9999 -9999 -9999 -9999 -9999 -9999 -9999 -9999 -9999 -9999 -9999 -9999
-9999 -9999 -9999 -9999 -9999 -9999 -9999 -9999 -9999 -9999 -9999 -9999 -9999 -9999 -9999 -9999 -9999 -9999 -9999 -9999 -9999 -9999 -9999 -9999 -9999 -9999 -9999 -9999 -9999 -9999 -9999 -9999 -9999 -9999 -9999 -9999 -9999 -9999 -9999 -9999 -9999 -9999 -9999 -9999 -9999 -9999 -9999 -9999 -9999 -9999 -9999 -9999 -9999 -9999 -9999 -9999 -9999 -9999 -9999 -9999 -9999 -9999 -9999 -9999 -9999 -9999
-9999 -9999 -9999 -9999 -9999 -9999 -9999 -9999 -9999 -9999 -9999 -9999 -9999 -9999 -9999 -9999 -9999 -9999 -9999 -9999 -9999 -9999 -9999 -9999 -9999 -9999 -9999 -9999 -9999 -9999 -9999 -9999 -9999 -9999 -9999 -9999 -9999 -9999 -9999 -9999 -9999 -9999 -9999 -9999 -9999 -9999 -9999 -9999 -9999 -9999 -9999 -9999 -9999 -9999 -9999 -9999 -9999 -9999 -9999 -9999 -9999 -9999 -9999 -9999 -9999 -9999
-9999 -9999 -9999 -9999 -9999 -9999 -9999 -9999 -9999 -9999 -9999 -9999 -9999 -9999 -9999 -9999 -9999 -9999 -9999 -9999 -9999 -9999 -9999 -9999 -9999 -9999 -9999 -9999 -9999 -9999 -9999 -9999 -9999 -9999 -9999 -9999 -9999 -9999 -9999 -9999 -9999 -9999 -9999 -9999 -9999 -9999 -9999 -9999 -9999 -9999 -9999 -9999 -9999 -9999 -9999 -9999 -9999 -9999 -9999 -9999 -9999 -9999 -9999 -9999 -9999 -9999
-9999 -9999 -9999 -9999 -9999 -9999 -9999 -9999 -9999 -9999 -9999 -9999 -9999 -9999 -9999 -9999 -9999 -9999 -9999 -9999 -9999 -9999 -9999 -9999 -9999 -9999 -9999 -9999 -9999 -9999 -9999 -9999 -9999 -9999 -9999 -9999 -9999 -9999 -9999 -9999 -9999 -9999 -9999 -9999 -9999 -9999 -9999 -9999 -9999 -9999 -9999 -9999 -9999 -9999 -9999 -9999 -9999 -9999 -9999 -9999 -9999 -9999 -9999 -9999 -9999 -9999
-9999 -9999 -9999 -9999 -9999 -9999 -9999 -9999 -9999 -9999 -9999 -9999 -9999 -9999 -9999 -9999 -9999 -9999 -9999 -9999 -9999 -9999 -9999 -9999 -9999 -9999 -9999 -9999 -9999 -9999 -9999 -9999 -9999 -9999 -9999 -9999 -9999 -9999 -9999 -9999 -9999 -9999 -9999 -9999 -9999 -9999 -9999 -9999 -9999 -9999 -9999 -9999 -9999 -9999 -9999 -9999 -9999 -9999 -9999 -9999 -9999 -9999 -9999 -9999 -9999 -9999
-9999 2.01769E-5 -9999 -9999 -9999 -9999 -9999 -9999 -9999 -9999 -9999 -9999 -9999 -9999 -9999 -9999 -9999 -9999 -9999 -9999 -9999 -9999 -9999 -9999 -9999 -9999 -9999 -9999 -9999 -9999 -9999 -9999 -9999 -9999 -9999 -9999 -9999 -9999 -9999 -9999 -9999 -9999 -9999 -9999 -9999 -9999 -9999 -9999 -9999 -9999 -9999 -9999 -9999 -9999 -9999 -9999 -9999 -9999 -9999 -9999 -9999 -9999 -9999 -9999 -9999 -9999
1.6807E-5 5.22276E-5 -9999 -9999 -9999 -9999 5.85837E-5 6.26418E-5 -9999 -9999 -9999 -9999 -9999 -9999 -9999 -9999 -9999 -9999 -9999 -9999 -9999 -9999 -9999 -9999 -9999 -9999 -9999 -9999 -9999 -9999 -9999 -9999 -9999 -9999 -9999 -9999 -9999 -9999 -9999 -9999 -9999 -9999 -9999 -9999 -9999 -9999 -9999 -9999 -9999 -9999 -9999 -9999 -9999 -9999 -9999 -9999 -9999 -9999 -9999 -9999 -9999 -9999 -9999 -9999 -9999 -9999
1.55157E-5 5.22134E-5 7.4448E-5 8.24707E-5 7.97994E-5 6.00072E-5 5.91507E-5 6.40422E-5 -9999 -9999 -9999 -9999 -9999 -9999 -9999 -9999 -9999 -9999 -9999 -9999 -9999 -9999 -9999 -9999 -9999 -9999 -9999 -9999 -9999 -9999 -9999 -9999 -9999 -9999 -9999 -9999 -9999 -9999 -9999 -9999 -9999 -9999 -9999 -9999 -9999 -9999 -9999 -9999 -9999 -9999 -9999 -9999 -9999 -9999 -9999 -9999 -9999 -9999 -9999 -9999 -9999 -9999 -9999 -9999 -9999 -9999
2.34074E-5 7.91976E-5 9.48893E-5 6.36743E-5 8.17579E-5 5.56848E-5 7.02968E-5 4.54923E-5 -9999 -9999 -9999 -9999 -9999 -9999 -9999 -9999 -9999 -9999 -9999 -9999 -9999 -9999 -9999 -9999 -9999 -9999 -9999 -9999 -9999 -9999 -9999 -9999 -9999 -9999 -9999 -9999 -9999 -9999 -9999 -9999 -9999 -9999 -9999 -9999 -9999 -9999 -9999 -9999 -9999 -9999 -9999 -9999 -9999 -9999 -9999 -9999 -9999 -9999 -9999 -9999 -9999 -9999 -9999 -9999 -9999 -9999
3.81177E-5 1.88755E-5 2.69873E-5 2.90616E-5 1.71083E-4 7.2961E-5 7.41114E-5 -9999 -9999 -9999 -9999 -9999 -9999 -9999 -9999 -9999 -9999 -9999 -9999 -9999 -9999 -9999 -9999 -9999 -9999 -9999 -9999 -9999 -9999 -9999 -9999 -9999 -9999 -9999 -9999 -9999 -9999 -9999 -9999 -9999 -9999 -9999 -9999 -9999 -9999 -9999 -9999 -9999 -9999 -9999 -9999 -9999 -9999 -9999 -9999 -9999 -9999 -9999 -9999 -9999 -9999 -9999 -9999 -9999 -9999 -9999
2.1727E-4 3.95484E-5 1.35E-4 1.65568E-4 4.55968E-5 1.4888E-4 4.78573E-5 6.20946E-5 3.58021E-5 -9999 -9999 5.15579E-5 -9999 -9999 -9999 -9999 -9999 -9999 -9999 -9999 -9999 -9999 -9999 -9999 -9999 -9999 -9999 -9999 -9999 -9999 -9999 -9999 -9999 -9999 -9999 -9999 -9999 -9999 -9999 -9999 -9999 -9999 -9999 -9999 -9999 -9999 -9999 -9999 -9999 -9999 -9999 -9999 -9999 -9999 -9999 -9999 -9999 -9999 -9999 -9999 -9999 -9999 7.67753E-6 -9999 7.16841E-6 -9999
4.40995E-5 9.00128E-5 6.55193E-5 4.95411E-5 4.83676E-5 3.17475E-5 1.53678E-4 1.05808E-4 4.89043E-5 8.83605E-5 3.41992E-5 5.45435E-5 5.19573E-5 4.88941E-5 -9999 -9999 -9999 -9999 -9999 -9999 -9999 -9999 -9999 -9999 -9999 -9999 -9999 -9999 -9999 -9999 -9999 -9999 -9999 -9999 -9999 -9999 -9999 -9999 -9999 -9999 -9999 -9999 -9999 -9999 -9999 -9999 -9999 -9999 -9999 -9999 -9999 -9999 -9999 -9999 -9999 -9999 -9999 -9999 -9999 -9999 8.27844E-6 7.82822E-6 7.90311E-6 7.98958E-6 7.75509E-6 -9999
2.0162E-4 1.27405E-4 7.28614E-5 4.35084E-5 9.83988E-5 9.66549E-5 2.34016E-4 4.03353E-5 3.5095E-5 2.91282E-5 1.84356E-5 3.13515E-5 9.66692E-5 9.43566E-5 8.83904E-5 8.19143E-5 -9999 -9999 -9999 -9999 -9999 -9999 -9999 -9999 -9999 -9999 -9999 -9999 -9999 -9999 -9999 -9999 -9999 -9999 -9999 -9999 -9999 -9999 -9999 -9999 -9999 -9999 -9999 -9999 -9999 -9999 -9999 -9999 -9999 -9999 -9999 -9999 -9999 -9999 -9999 -9999 -9999 8.845E-6 8.9581E-6 8.91821E-6 8.80686E-6 8.69408E-6 8.54721E-6 8.50363E-6 8.48982E-6 9.84111E-6
2.02721E-4 1.11464E-4 2.70702E-4 2.56632E-4 4.15735E-4 3.32152E-4 3.36191E-4 1.66614E-4 1.77931E-4 3.98844E-5 4.04346E-5 1.21352E-4 5.50682E-5 3.09008E-5 1.34232E-4 1.02892E-4 -9999 -9999 2.55832E-5 3.39693E-5 -9999 -9999 -9999 -9999 -9999 -9999 -9999 -9999 -9999 -9999 -9999 -9999 -9999 -9999 -9999 -9999 -9999 -9999 -9999 -9999 -9999 -9999 -9999 -9999 -9999 -9999 1.78102E-5 1.71847E-5 -9999 -9999 -9999 -9999 -9999 -9999 -9999 -9999 9.31162E-6 9.51299E-6 1.02466E-5 9.48192E-6 9.08414E-6 9.22889E-6 9.06364E-6 9.05096E-6 9.50722E-6 1.10621E-5
1.19563E-4 1.08156E-4 1.08061E-4 1.64111E-4 3.91273E-5 6.34058E-5 9.33112E-5 1.38568E-4 7.6181E-5 1.59834E-4 2.21055E-4 5.68265E-5 8.56945E-5 3.58327E-5 4.3369E-5 6.77279E-5 3.93215E-5 -9999 -9999 3.8007E-5 2.02105E-5 -9999 -9999 1.18368E-5 1.24335E-5 1.60813E-5 1.48426E-5 -9999 -9999 -9999 -9999 -9999 -9999 -9999 -9999 -9999 -9999 -9999 -9999 -9999 -9999 -9999 -9999 -9999 -9999 2.34652E-5 2.24405E-5 2.20037E-5 1.61576E-5 -9999 -9999 -9999 -9999 -9999 2.07516E-5 2.85641E-5 2.90321E-5 1.02355E-5 1.0998E-5 1.09156E-5 9.33668E-6 9.69019E-6 1.03791E-5 1.02933E-5 1.14588E-5 9.77201E-6
1.13251E-4 1.70626E-4 6.2155E-5 4.14776E-5 5.1643E-5 8.27658E-5 3.62472E-5 4.71596E-5 5.65368E-5 1.13271E-4 7.43479E-5 2.96454E-4 4.22475E-5 7.61778E-5 1.52272E-4 2.50261E-4 1.36016E-4 3.82197E-5 1.34136E-4 4.63888E-5 4.21396E-5 1.9144E-5 1.72064E-5 1.19757E-5 1.34098E-5 1.34708E-5 1.23428E-5 1.14862E-5 1.31116E-5 1.40903E-5 -9999 -9999 -9999 -9999 -9999 -9999 -9999 -9999 -9999 2.28887E-5 -9999 -9999 -9999 -9999 3.81698E-5 3.9645E-5 3.63348E-5 3.75575E-5 1.78349E-5 -9999 -9999 -9999 -9999 -9999 -9999 3.03111E-5 2.96704E-5 1.11354E-5 1.3738E-5 1.0719E-5 1.02966E-5 1.04815E-5 1.31571E-5 1.22432E-5 1.19062E-5 1.1887E-5
5.21994E-4 6.25529E-4 1.60166E-4 1.04027E-4 6.82989E-5 8.84628E-5 1.65854E-4 3.54233E-5 5.14268E-5 3.01211E-3 1.36035E-3 1.49276E-3 2.74896E-4 8.22124E-5 1.64816E-4 1.05992E-4 1.4765E-4 1.88991E-4 5.16885E-5 3.75076E-5 3.51381E-5 1.00614E-4 7.36835E-5 7.22887E-5 6.17969E-5 1.48795E-5 1.21438E-5 1.18092E-5 1.43318E-5 1.58677E-5 1.75307E-5 3.51659E-5 3.57152E-5 2.78463E-5 1.72028E-5 1.53478E-5 2.62672E-5 8.49697E-5 4.35748E-5 4.00657E-5 7.30232E-5 -9999 -9999 -9999 1.17973E-5 1.31434E-5 1.23865E-5 1.23762E-5 2.10957E-5 -9999 -9999 -9999 -9999 1.93344E-5 1.96569E-5 2.08143E-5 3.02981E-5 2.53576E-5 1.33625E-5 3.68667E-5 5.6046E-5 8.15568E-5 4.29275E-5 1.36571E-5 1.25142E-5 1.23969E-5
8.14982E-5 6.03231E-4 7.18286E-4 9.05147E-4 1.48884E-4 1.21296E-4 1.58444E-4 1.53091E-4 1.04229E-3 7.44832E-4 5.43609E-4 7.0602E-4 1.03546E-4 9.34221E-5 8.75245E-5 1.88248E-4 1.18264E-4 1.93149E-4 9.55473E-5 1.01494E-4 3.49786E-5 3.65094E-5 1.09219E-4 8.74161E-5 9.30018E-5 8.9334E-5 5.90322E-5 5.76384E-5 1.712E-5 2.05705E-5 2.70175E-5 7.65317E-5 1.40694E-4 3.02709E-5 2.52262E-5 2.70429E-5 1.9363E-5 2.07351E-5 9.03764E-5 1.65476E-5 2.15125E-5 -9999 -9999 4.70413E-5 4.55212E-5 4.73901E-5 2.71798E-5 1.42447E-5 4.05055E-5 -9999 -9999 -9999 -9999 2.1829E-5 2.1233E-5 2.23316E-5 3.09384E-5 9.2099E-5 1.04951E-4 8.76755E-5 8.46249E-5 1.43827E-4 4.64011E-5 2.82355E-5 1.47907E-5 1.34393E-5
1.11431E-4 1.0919E-4 7.38942E-5 1.73057E-3 8.22438E-4 4.98568E-4 2.05482E-4 1.95403E-4 3.70131E-4 4.42145E-4 2.23614E-4 1.04483E-4 1.01797E-4 7.26732E-5 1.24706E-4 1.42196E-4 1.95803E-4 1.68013E-4 1.27754E-4 1.06695E-4 7.93972E-5 5.99264E-5 8.33211E-5 6.0762E-5 1.42921E-4 1.2834E-4 5.82141E-5 6.21036E-5 9.36041E-5 1.96403E-4 2.02816E-4 1.62578E-4 1.82834E-4 1.91729E-4 6.66991E-5 1.01373E-4 1.3374E-4 1.1861E-4 8.57055E-5 1.0497E-4 5.54782E-5 5.06469E-5 7.6901E-5 8.81036E-5 8.72145E-5 2.64004E-5 4.48175E-5 5.39049E-5 -9999 -9999 -9999 1.13808E-5 2.23866E-5 3.39734E-5 4.13989E-5 4.46163E-5 3.91569E-5 7.26733E-5 8.78412E-5 8.85347E-5 2.24158E-4 1.47993E-4 9.37814E-5 4.99627E-5 3.26721E-5 1.76442E-5
1.06357E-3 1.30068E-3 1.40501E-3 9.63671E-4 6.90543E-4 1.45816E-3 7.17081E-4 5.92395E-4 1.72899E-4 6.83869E-4 2.51922E-4 1.02977E-4 4.53614E-5 5.30357E-5 1.73383E-4 2.2454E-4 5.22215E-5 6.89939E-5 7.30201E-5 2.58275E-4 1.03271E-4 1.20818E-4 2.03489E-4 1.18794E-4 2.20317E-4 1.82357E-4 2.098E-4 2.11689E-4 3.98715E-4 2.56909E-4 2.31007E-4 8.46387E-5 9.50027E-5 1.6029E-4 2.07858E-4 1.81866E-4 2.85239E-4 1.47709E-4 1.78768E-4 1.55623E-4 8.05891E-5 3.57741E-5 3.80526E-5 4.80826E-5 5.8867E-5 2.57461E-5 4.28056E-5 1.00243E-4 -9999 -9999 -9999 1.19591E-5 2.36683E-5 4.06894E-5 1.18546E-4 9.71529E-5 4.54556E-5 8.77533E-5 1.66306E-4 1.89756E-4 4.89597E-5 2.38238E-5 2.71158E-5 3.27779E-5 3.57624E-5 7.7285E-5
3.0794E-4 2.99304E-4 1.43253E-3 6.25665E-4 4.36498E-4 5.51782E-4 4.8279E-4 6.77267E-4 3.64249E-4 9.65956E-4 9.55977E-4 1.26363E-4 1.14249E-4 1.7776E-4 1.1407E-4 1.51067E-4 2.47822E-4 3.75302E-4 1.42569E-4 1.10121E-4 6.5684E-5 5.37916E-5 1.42253E-4 4.35609E-5 3.11548E-5 1.34538E-4 2.69289E-4 3.3042E-4 1.44424E-4 5.84608E-5 6.27872E-5 9.04685E-5 9.39509E-5 9.64143E-5 1.08535E-4 5.10291E-5 9.92126E-5 1.32395E-4 5.26723E-5 6.03978E-5 5.36259E-5 5.20436E-5 1.80133E-4 1.87808E-4 1.45102E-4 1.52153E-4 1.43425E-4 3.35595E-5 5.07805E-5 -9999 -9999 4.95543E-5 2.4856E-5 5.46038E-5 8.86705E-5 2.97384E-5 2.42312E-5 4.78541E-5 3.04561E-5 2.4552E-5 1.92143E-4 1.77292E-5 2.11377E-5 7.83109E-5 7.43574E-5 1.84464E-5
3.30634E-4 5.83476E-5 1.276E-4 9.73396E-4 6.443E-4 6.20452E-4 5.05528E-4 8.2001E-4 1.89407E-4 1.1815E-4 4.14313E-4 3.46766E-4 7.90833E-4 6.33807E-4 1.50292E-3 3.94465E-4 1.60194E-4 1.23725E-4 1.1488E-4 1.25933E-4 8.77919E-5 6.6459E-5 1.11189E-4 1.51431E-4 1.77087E-4 7.45539E-5 6.98174E-5 9.81436E-5 1.11965E-4 9.45492E-5 9.57782E-5 7.38738E-5 5.7073E-5 9.93361E-5 9.76943E-5 5.19547E-5 8.76041E-5 1.11697E-4 2.69146E-4 2.73535E-4 1.05449E-4 8.13975E-5 2.06536E-4 7.16582E-5 7.27572E-5 7.61256E-5 4.83122E-5 4.76328E-5 3.4166E-5 1.01638E-4 -9999 1.66419E-5 6.32953E-5 1.33252E-5 1.85603E-5 2.20186E-5 2.93274E-5 3.35188E-5 1.5292E-5 1.67531E-5 4.36612E-5 9.24027E-5 1.11409E-4 1.99094E-5 1.92997E-5 1.79527E-5
3.7572E-5 4.25384E-5 1.96011E-4 7.19283E-5 9.27206E-4 1.24116E-3 3.20327E-4 3.65387E-4 4.43612E-4 4.75018E-4 2.22231E-4 1.13412E-4 1.00599E-3 7.49152E-4 2.68017E-4 9.18205E-4 8.23239E-4 3.30386E-4 4.96678E-4 3.25396E-4 1.72168E-4 2.87271E-4 2.19161E-4 3.12359E-4 1.76835E-4 7.21615E-5 7.09024E-5 1.10957E-4 3.2789E-4 3.65603E-4 3.10123E-4 1.24243E-4 6.61982E-5 1.25524E-4 8.02777E-5 5.64799E-5 8.72016E-5 5.45354E-5 1.54275E-4 1.37311E-4 5.95018E-5 9.86701E-5 4.23636E-4 1.33548E-4 1.20072E-4 2.06788E-4 1.82269E-4 1.76267E-4 6.43322E-5 5.00253E-5 1.86158E-4 2.94672E-5 3.9655E-5 3.56977E-5 8.36733E-5 9.0344E-5 7.72574E-5 4.98328E-5 8.83139E-5 1.02331E-4 8.80044E-5 3.73532E-5 4.97131E-5 1.08348E-4 2.0256E-5 2.00236E-5
6.47639E-5 5.3406E-5 9.03288E-5 8.27474E-5 2.45374E-5 1.74991E-4 2.69794E-4 6.6188E-4 4.13755E-4 8.59832E-4 2.47843E-4 1.91571E-4 1.24102E-4 1.83841E-4 1.42476E-4 2.87578E-4 2.67139E-4 3.32075E-4 4.22741E-4 1.7536E-4 2.89256E-4 1.38715E-4 2.7432E-4 1.78331E-4 3.40103E-4 1.27264E-4 8.13593E-5 1.34901E-4 9.17816E-5 1.56001E-4 1.55948E-4 1.47886E-4 9.88929E-5 8.28213E-5 5.14349E-5 1.17384E-4 3.0153E-4 5.4608E-5 5.31108E-5 1.69947E-4 2.9765E-4 1.18203E-4 4.64703E-4 9.44267E-4 1.4993E-4 1.48541E-4 1.68307E-4 1.70864E-4 2.84172E-4 7.98398E-5 9.26532E-5 9.39633E-5 7.46439E-5 3.36743E-5 4.13516E-5 2.94767E-5 2.69478E-5 3.6037E-5 8.02092E-5 9.89592E-5 9.57139E-5 5.14142E-5 5.20612E-5 1.43912E-4 1.2673E-4 1.54344E-4
1.02081E-4 5.53376E-5 9.58542E-5 9.19945E-5 8.85652E-5 2.67883E-5 2.32269E-5 2.29938E-5 1.03453E-4 1.07827E-4 1.74385E-4 2.6474E-4 1.89941E-4 7.82751E-5 9.47598E-5 1.37666E-4 1.27341E-4 1.02758E-4 1.20303E-4 2.92323E-4 7.20135E-4 3.25008E-4 1.05042E-4 7.62912E-5 8.49733E-5 1.41057E-4 6.30257E-5 9.0004E-5 1.15739E-4 1.42622E-4 4.16431E-4 6.48851E-5 9.40608E-5 3.77392E-4 9.1889E-4 1.26381E-4 1.02534E-4 1.02695E-4 1.65831E-4 3.9792E-4 3.47139E-4 1.49363E-4 2.00089E-4 2.0183E-4 1.37833E-4 8.02196E-5 1.17544E-4 1.30181E-4 4.29738E-4 1.43569E-4 1.30352E-4 1.02946E-4 2.74206E-4 1.29125E-4 1.10588E-4 3.97063E-5 4.08043E-5 3.5404E-5 3.73458E-5 8.80715E-5 1.97642E-4 1.57883E-4 2.83303E-4 1.79956E-4 1.31151E-4 1.95798E-4
1.12322E-4 7.23916E-5 6.32936E-5 8.60281E-5 8.34289E-5 5.55137E-5 2.53547E-5 2.28888E-5 2.31864E-5 2.28724E-5 2.63832E-5 9.75948E-5 9.75692E-5 1.70279E-4 4.36513E-5 5.00789E-5 1.13315E-4 1.25059E-4 1.07704E-4 5.68715E-5 5.33719E-5 6.68108E-5 6.10766E-4 2.39763E-4 2.66885E-4 3.33463E-4 1.21822E-4 1.19999E-4 1.24278E-4 1.63863E-4 1.22847E-4 1.21779E-4 1.38814E-4 2.36073E-4 1.49057E-4 3.20587E-4 1.2223E-4 1.03559E-4 1.14486E-4 1.77132E-4 2.35355E-4 6.45605E-4 6.65386E-4 3.09351E-4 1.56064E-4 1.43273E-4 1.39966E-4 1.27328E-4 1.07871E-4 3.24403E-5 7.25574E-5 1.25887E-4 2.47606E-4 2.0166E-4 2.57168E-4 8.03483E-5 2.97044E-5 2.37856E-5 9.75932E-5 1.24865E-4 2.86004E-4 4.61739E-4 8.08083E-5 7.69548E-5 5.21587E-5 4.29217E-5
1.30278E-4 7.85904E-5 6.73676E-5 1.11834E-4 1.03348E-4 8.96881E-5 1.27398E-4 6.3265E-5 2.71473E-5 2.64784E-5 2.7101E-5 2.43538E-5 2.42579E-5 2.47136E-5 1.12053E-4 2.63962E-5 2.80557E-5 2.81013E-5 2.85533E-5 5.13645E-5 7.08897E-5 4.00391E-4 1.94119E-4 2.08494E-4 2.13074E-4 2.86414E-4 3.03918E-4 2.54251E-4 2.30969E-4 6.71679E-4 2.64654E-4 5.06788E-4 6.42109E-4 4.68918E-4 1.58738E-4 2.2946E-4 2.03214E-4 1.33514E-4 1.21943E-4 4.44622E-4 1.92052E-4 1.502E-3 5.30789E-4 8.78488E-4 1.3195E-4 2.35244E-4 2.04913E-4 6.20372E-5 5.19514E-5 7.03835E-5 6.9436E-5 1.53541E-4 4.62068E-4 5.07523E-4 1.30333E-4 6.39393E-4 2.28886E-5 2.11825E-5 1.87801E-5 5.7615E-5 4.74296E-5 7.43094E-5 1.09613E-4 5.13563E-5 1.12667E-4 3.6513E-5
4.42793E-4 3.08135E-4 1.20608E-4 1.6494E-4 1.20342E-4 1.2504E-4 7.61752E-5 1.0621E-4 1.64101E-4 1.04381E-4 1.01342E-4 1.04485E-4 2.82002E-5 5.02328E-5 2.72856E-5 2.56369E-5 2.72642E-5 3.14694E-5 2.65532E-5 2.36063E-5 2.41233E-5 2.79769E-5 4.20407E-5 3.08216E-4 1.12728E-4 2.30427E-4 1.91175E-4 1.27583E-4 1.27552E-4 6.3738E-5 4.55716E-4 3.36935E-4 4.11961E-4 5.5852E-4 9.8832E-4 3.56019E-4 2.9567E-4 1.56892E-4 9.57919E-5 1.12347E-4 1.19018E-4 1.24822E-4 1.03532E-4 9.92606E-5 1.10106E-4 1.07304E-4 7.7057E-5 4.32592E-5 5.64114E-5 5.59954E-5 2.78892E-4 1.17887E-4 6.20351E-5 1.96757E-4 2.95917E-4 1.1417E-4 4.73295E-4 8.84541E-5 1.37618E-4 5.00463E-5 6.03977E-5 3.84706E-5 5.36572E-5 1.49321E-4 9.62855E-5 1.0333E-4
