catData/rasterBestHybridModels/Fchaus/RD_RM1.5_H/Fchaus_avg.asc
ncols         409
nrows         350
xllcorner     60.897278365
yllcorner     5.843756025
cellsize      0.0892857
NODATA_value  -9999
[rows 145 to 173 of 350, columns 132 to 197 of 409]
2.71284E-5 2.79108E-5 6.08089E-5 1.17443E-5 1.28785E-5 2.46521E-5 3.96096E-5 3.75355E-5 1.06533E-4 1.04083E-4 8.6856E-5 8.0427E-5 3.79239E-5 3.01894E-5 2.84142E-5 2.8754E-5 3.47977E-5 4.20274E-5 7.88074E-5 7.69086E-5 8.0923E-5 8.92851E-5 1.10829E-4 1.30761E-4 1.18579E-4 5.23265E-5 4.89364E-5 4.5225E-5 4.30395E-5 5.73423E-5 5.59988E-5 5.49809E-5 5.74821E-5 5.96626E-5 5.53156E-5 5.69865E-5 5.55389E-5 4.91718E-5 4.63815E-5 4.59516E-5 4.8262E-5 4.80984E-5 5.18212E-5 5.64413E-5 5.56555E-5 5.65546E-5 5.05365E-5 4.84396E-5 5.06948E-5 5.08815E-5 4.93042E-5 7.03393E-5 9.13878E-5 9.05372E-5 8.59543E-5 6.89926E-5 6.37224E-5 6.00472E-5 5.73094E-5 4.64319E-5 3.6802E-5 3.7313E-5 4.20066E-5 4.33799E-5 4.31288E-5 4.5785E-5
2.68151E-5 2.64725E-5 1.26674E-5 1.2547E-5 1.28737E-5 1.56788E-5 2.8937E-5 1.98504E-5 2.61336E-5 9.14291E-5 7.95023E-5 3.56413E-5 3.46261E-5 2.89744E-5 2.67303E-5 2.70619E-5 2.63458E-5 3.22881E-5 7.14998E-5 7.0699E-5 7.03872E-5 9.20553E-5 1.15255E-4 1.3059E-4 1.33136E-4 4.8775E-5 4.83231E-5 4.88918E-5 4.73512E-5 4.3354E-5 5.83757E-5 5.85862E-5 6.04912E-5 6.20428E-5 6.70177E-5 6.75583E-5 6.17032E-5 5.44495E-5 4.99945E-5 4.81332E-5 4.89323E-5 5.66064E-5 5.4424E-5 5.75022E-5 5.68647E-5 5.37117E-5 4.98855E-5 5.13525E-5 5.05525E-5 5.15672E-5 5.01178E-5 6.85453E-5 8.70628E-5 8.90269E-5 8.15441E-5 7.1351E-5 6.38534E-5 6.0869E-5 6.03157E-5 5.09284E-5 3.71689E-5 3.69205E-5 3.75767E-5 4.42066E-5 4.81147E-5 4.83514E-5
2.43619E-5 2.25616E-5 6.00721E-5 1.25976E-5 1.32274E-5 1.50983E-5 2.19296E-5 2.30959E-5 1.97068E-5 2.30364E-5 7.81732E-5 3.38115E-5 3.03715E-5 2.85884E-5 2.59792E-5 2.73307E-5 2.59746E-5 5.22943E-5 4.9183E-5 6.39871E-5 6.47911E-5 9.2046E-5 1.01005E-4 1.27102E-4 1.25377E-4 5.12446E-5 5.04181E-5 5.17032E-5 4.77137E-5 4.44509E-5 4.24524E-5 6.5125E-5 7.20764E-5 7.08034E-5 7.36334E-5 7.39734E-5 6.76241E-5 5.99912E-5 5.27929E-5 4.90196E-5 4.90274E-5 5.3843E-5 5.98416E-5 6.36941E-5 5.99473E-5 4.93657E-5 5.09278E-5 5.0241E-5 5.25743E-5 5.28165E-5 5.23395E-5 6.71248E-5 8.50941E-5 8.41386E-5 7.49139E-5 6.92547E-5 6.51795E-5 6.2912E-5 5.7062E-5 3.70375E-5 3.77678E-5 3.86469E-5 3.84474E-5 4.46034E-5 4.5678E-5 5.3068E-5
2.30579E-5 5.78981E-5 5.58736E-5 1.32177E-5 1.34201E-5 1.40258E-5 1.87705E-5 2.09354E-5 1.79513E-5 2.3673E-5 2.09854E-5 2.04301E-5 7.00861E-5 3.03214E-5 2.69877E-5 5.45401E-5 5.34134E-5 4.86657E-5 5.44107E-5 5.73616E-5 5.72906E-5 7.0741E-5 8.14256E-5 1.19923E-4 1.14837E-4 5.53414E-5 5.61653E-5 5.26548E-5 4.76675E-5 4.4705E-5 4.35124E-5 5.35638E-5 6.79861E-5 6.91598E-5 6.7536E-5 7.14423E-5 6.7863E-5 6.7346E-5 5.73206E-5 4.98729E-5 5.04913E-5 5.19959E-5 6.04033E-5 6.4273E-5 6.38963E-5 5.12398E-5 5.19304E-5 5.10026E-5 5.5661E-5 5.40847E-5 5.1894E-5 6.02874E-5 6.83479E-5 7.33975E-5 6.84724E-5 6.75957E-5 6.44636E-5 6.29929E-5 3.84294E-5 3.76026E-5 3.86855E-5 3.87459E-5 3.9421E-5 4.74632E-5 5.11587E-5 5.31305E-5
6.2018E-5 5.85008E-5 5.85857E-5 1.27927E-5 1.35667E-5 1.76687E-5 1.81911E-5 1.7859E-5 1.57793E-5 2.20277E-5 2.20011E-5 1.93508E-5 1.81811E-5 6.00038E-5 5.3624E-5 6.83028E-5 5.78468E-5 4.9871E-5 5.57745E-5 5.92024E-5 6.19137E-5 6.71862E-5 8.21267E-5 1.29972E-4 1.35554E-4 5.72418E-5 5.49206E-5 5.23825E-5 4.78978E-5 4.45666E-5 4.56563E-5 4.70995E-5 4.57579E-5 6.54576E-5 6.3222E-5 6.92705E-5 7.3437E-5 6.6159E-5 5.65288E-5 5.11234E-5 4.84442E-5 4.83499E-5 5.33501E-5 5.53048E-5 5.54845E-5 5.27868E-5 5.40352E-5 5.12755E-5 5.67426E-5 5.94038E-5 5.22821E-5 6.05717E-5 6.2925E-5 6.22343E-5 6.12727E-5 6.50604E-5 4.83921E-5 4.33405E-5 5.10786E-5 4.26498E-5 4.05058E-5 4.93954E-5 4.62679E-5 4.95588E-5 5.50253E-5 4.70364E-5
6.64851E-5 6.63894E-5 6.21373E-5 1.34401E-5 1.39433E-5 1.89543E-5 1.7944E-5 1.85896E-5 6.89848E-5 1.79167E-5 1.87724E-5 1.86824E-5 1.8154E-5 1.86292E-5 7.05186E-5 6.7152E-5 5.83943E-5 5.61165E-5 5.51086E-5 6.15153E-5 6.80074E-5 7.17463E-5 9.15559E-5 1.38713E-4 6.55679E-5 6.08965E-5 5.73851E-5 5.40767E-5 4.96256E-5 4.84551E-5 4.86929E-5 4.86925E-5 4.58787E-5 1.22878E-4 4.29921E-5 7.03792E-5 6.8923E-5 6.40813E-5 6.06701E-5 5.28684E-5 5.30199E-5 5.37143E-5 5.59238E-5 5.68577E-5 5.56451E-5 5.37549E-5 5.3487E-5 5.70914E-5 6.0242E-5 5.80857E-5 5.21303E-5 6.40523E-5 6.31183E-5 6.4052E-5 6.10269E-5 3.91507E-5 4.25172E-5 3.92606E-5 6.11217E-5 5.98661E-5 6.31576E-5 7.20733E-5 6.68676E-5 5.37836E-5 5.88186E-5 5.51924E-5
6.8937E-5 6.36941E-5 5.99737E-5 1.35105E-5 1.3838E-5 1.78205E-5 1.71655E-5 1.63887E-5 1.94328E-5 7.19927E-5 1.74821E-5 1.72322E-5 1.70393E-5 1.96197E-5 1.785E-5 5.73102E-5 9.20519E-5 5.07499E-5 5.32148E-5 5.54065E-5 6.25686E-5 7.72366E-5 1.03189E-4 5.63142E-5 6.48455E-5 6.47628E-5 5.92808E-5 5.43715E-5 5.16598E-5 5.2044E-5 5.56757E-5 5.08715E-5 4.67989E-5 4.44946E-5 4.76243E-5 4.80875E-5 6.90952E-5 6.4827E-5 6.04262E-5 5.44106E-5 5.52653E-5 5.72613E-5 5.92936E-5 5.8322E-5 5.596E-5 5.54383E-5 5.51778E-5 5.95487E-5 5.81186E-5 5.89144E-5 5.59569E-5 5.90026E-5 6.46652E-5 6.37225E-5 4.68252E-5 4.5047E-5 4.53277E-5 4.34863E-5 6.10903E-5 6.05112E-5 7.94487E-5 7.24254E-5 5.86534E-5 5.80163E-5 6.311E-5 5.9462E-5
7.98006E-5 6.67798E-5 7.09912E-5 1.42161E-5 1.49545E-5 1.57893E-5 1.61089E-5 1.62628E-5 5.78754E-5 7.14538E-5 6.31931E-5 6.08106E-5 1.60058E-5 1.82994E-5 1.51837E-5 1.52142E-5 6.03232E-5 6.2521E-5 7.29992E-5 8.47295E-5 9.15065E-5 8.3677E-5 7.88399E-5 4.96382E-5 6.30197E-5 6.80377E-5 7.1989E-5 6.33633E-5 5.27803E-5 5.15493E-5 6.25342E-5 6.3792E-5 4.73987E-5 5.46182E-5 5.0389E-5 5.12082E-5 4.97744E-5 4.70626E-5 6.28854E-5 5.84946E-5 5.81655E-5 5.83062E-5 5.72253E-5 5.8341E-5 5.42503E-5 5.66846E-5 5.87818E-5 5.89303E-5 5.61776E-5 5.8708E-5 5.72013E-5 6.36756E-5 1.32522E-4 1.43729E-4 5.16876E-5 4.22935E-5 5.70507E-5 4.14705E-5 4.33266E-5 4.07424E-5 8.31328E-5 6.71171E-5 6.31369E-5 6.50674E-5 6.33711E-5 6.57324E-5
2.45418E-5 1.46247E-5 1.41196E-5 1.40517E-5 1.33418E-5 1.53217E-5 1.54727E-5 1.52339E-5 5.01129E-5 5.52546E-5 5.16782E-5 5.2279E-5 5.32973E-5 1.45689E-5 1.54855E-5 1.56619E-5 1.64896E-5 6.29479E-5 7.00704E-5 9.92491E-5 8.85936E-5 8.31213E-5 4.00135E-5 4.67171E-5 5.5226E-5 6.21086E-5 7.10889E-5 6.2712E-5 5.63662E-5 5.25764E-5 6.60174E-5 6.31485E-5 4.91747E-5 6.17613E-5 6.44884E-5 6.71952E-5 5.43623E-5 4.9815E-5 4.80794E-5 4.6093E-5 5.96501E-5 4.35755E-5 4.09914E-5 4.28882E-5 5.84802E-5 5.83341E-5 6.18714E-5 5.86934E-5 5.85622E-5 6.0084E-5 6.54975E-5 1.24493E-4 1.37714E-4 1.48917E-4 9.04942E-5 6.26588E-5 5.66974E-5 5.61834E-5 5.36141E-5 3.91701E-5 5.68198E-5 6.43461E-5 6.6553E-5 6.46349E-5 5.56879E-5 6.33341E-5
2.18284E-5 1.47415E-5 1.4637E-5 1.40093E-5 1.36022E-5 1.42988E-5 1.42189E-5 1.38029E-5 5.23521E-5 5.43037E-5 5.07389E-5 4.64616E-5 4.95508E-5 5.72496E-5 6.11739E-5 7.40673E-5 1.76186E-5 5.9393E-5 6.21629E-5 9.00993E-5 9.30816E-5 4.14858E-5 4.27169E-5 4.53161E-5 5.33861E-5 5.6578E-5 6.64361E-5 6.79744E-5 6.36502E-5 5.82943E-5 5.67133E-5 6.10591E-5 5.95493E-5 6.80028E-5 6.38876E-5 6.78665E-5 5.13247E-5 5.2149E-5 5.12425E-5 4.68131E-5 4.79648E-5 4.36773E-5 4.01607E-5 4.20494E-5 4.18295E-5 4.18256E-5 4.43908E-5 4.42733E-5 4.51138E-5 4.5248E-5 1.25095E-4 1.65381E-4 1.72109E-4 1.58193E-4 1.45607E-4 4.70886E-5 5.61516E-5 5.57079E-5 5.55029E-5 5.09984E-5 5.63032E-5 8.86159E-5 6.949E-5 4.79303E-5 4.60965E-5 4.8867E-5
2.3071E-5 1.22047E-5 1.4613E-5 1.38523E-5 1.28999E-5 1.30022E-5 1.31294E-5 5.34674E-5 6.31217E-5 4.96596E-5 4.94052E-5 5.34838E-5 5.31737E-5 5.42015E-5 6.82655E-5 9.4237E-5 7.26598E-5 6.53712E-5 6.65023E-5 7.09178E-5 3.95657E-5 4.55994E-5 3.80642E-5 4.24848E-5 5.16671E-5 4.69461E-5 5.86547E-5 6.81295E-5 6.38294E-5 6.02485E-5 5.5967E-5 5.69584E-5 5.44665E-5 7.14748E-5 9.78362E-5 7.86462E-5 7.5932E-5 5.46117E-5 5.44635E-5 5.27571E-5 5.11119E-5 4.61848E-5 4.08863E-5 4.22658E-5 4.35799E-5 4.25478E-5 4.30493E-5 4.40521E-5 4.58134E-5 6.78462E-5 8.90858E-5 2.14491E-4 2.25094E-4 2.00944E-4 1.77687E-4 5.55604E-5 7.6637E-5 6.70811E-5 4.98338E-5 5.10985E-5 5.05467E-5 9.46603E-5 4.6281E-5 4.13417E-5 4.14985E-5 4.30558E-5
2.30436E-5 1.47394E-5 1.50246E-5 1.45318E-5 1.61498E-5 1.36714E-5 1.30998E-5 7.35186E-5 6.75039E-5 5.83739E-5 7.07673E-5 6.02822E-5 5.78359E-5 5.88364E-5 7.51865E-5 1.07016E-4 9.0112E-5 8.1986E-5 6.51094E-5 3.59628E-5 4.07588E-5 4.03078E-5 4.17071E-5 3.95979E-5 4.39E-5 4.13695E-5 4.89077E-5 5.5491E-5 6.05321E-5 5.96421E-5 5.65498E-5 5.46853E-5 5.50214E-5 9.89604E-5 9.89798E-5 1.02787E-4 9.41909E-5 6.16229E-5 5.5896E-5 5.64209E-5 5.38561E-5 4.49599E-5 4.95389E-5 4.34019E-5 4.69612E-5 4.59196E-5 4.5561E-5 5.72464E-5 8.9125E-5 8.78742E-5 6.79727E-5 1.44448E-4 2.01674E-4 1.38095E-4 9.78265E-5 7.79358E-5 7.66633E-5 6.55142E-5 5.94188E-5 5.48976E-5 6.71282E-5 4.44487E-5 3.93038E-5 3.74316E-5 3.86631E-5 4.17584E-5
4.02334E-5 1.50786E-5 1.53516E-5 1.5664E-5 1.83355E-5 1.6707E-5 5.09575E-5 5.77125E-5 6.50069E-5 1.43043E-4 6.56786E-5 6.7653E-5 8.56379E-5 7.23143E-5 8.18201E-5 1.02416E-4 9.79098E-5 8.88648E-5 7.80616E-5 6.89724E-5 3.48676E-5 3.63331E-5 4.25939E-5 4.50912E-5 4.44735E-5 4.82133E-5 4.22979E-5 5.03023E-5 5.60854E-5 5.92965E-5 5.81588E-5 5.88488E-5 6.41575E-5 9.7611E-5 7.33493E-5 7.32592E-5 8.88877E-5 6.95179E-5 6.34522E-5 4.94583E-5 4.78261E-5 4.81866E-5 4.70042E-5 4.97033E-5 4.87579E-5 4.91373E-5 6.94476E-5 7.70228E-5 9.58019E-5 8.92815E-5 8.76857E-5 5.93823E-5 5.96659E-5 7.88165E-5 7.99907E-5 7.80383E-5 7.82717E-5 7.55872E-5 6.81167E-5 5.42731E-5 5.81666E-5 4.92457E-5 3.4574E-5 3.51604E-5 4.79245E-5 3.86015E-5
2.29976E-5 2.09474E-5 1.74475E-5 1.75609E-5 1.84003E-5 1.72891E-5 6.02481E-5 5.90245E-5 6.50575E-5 7.11616E-5 6.81566E-5 6.62143E-5 7.87224E-5 7.88391E-5 8.39258E-5 1.02137E-4 1.07962E-4 1.27117E-4 1.05611E-4 7.54108E-5 7.86127E-5 8.06579E-5 4.11669E-5 4.42674E-5 5.10785E-5 4.63503E-5 5.30011E-5 5.893E-5 6.12588E-5 6.18722E-5 5.78343E-5 6.1594E-5 6.32414E-5 6.53485E-5 5.65761E-5 5.66979E-5 5.75335E-5 6.95099E-5 6.78845E-5 5.9559E-5 5.35033E-5 5.01606E-5 5.30448E-5 5.25429E-5 5.06494E-5 6.92186E-5 6.99979E-5 7.73551E-5 8.8779E-5 8.53214E-5 8.10451E-5 8.22048E-5 8.17529E-5 1.10384E-4 1.04324E-4 8.54725E-5 9.9634E-5 1.5877E-4 8.32638E-5 5.7703E-5 5.10091E-5 3.52905E-5 3.51391E-5 3.593E-5 3.32722E-5 3.293E-5
9.77865E-5 2.761E-5 1.97637E-5 1.78789E-5 1.76275E-5 1.75542E-5 8.2135E-5 8.46497E-5 6.16125E-5 7.82608E-5 6.37741E-5 7.24398E-5 9.12065E-5 7.55722E-5 8.37394E-5 9.44791E-5 1.43901E-4 1.82985E-4 1.71768E-4 1.60138E-4 8.11418E-5 7.42423E-5 8.54276E-5 4.87034E-5 5.42456E-5 5.00324E-5 5.77661E-5 6.30198E-5 5.96742E-5 5.82467E-5 5.79089E-5 6.27908E-5 6.50816E-5 6.7538E-5 5.96207E-5 5.82159E-5 5.72341E-5 6.20614E-5 6.63794E-5 6.65817E-5 6.44027E-5 6.47667E-5 1.47106E-4 5.39284E-5 4.99068E-5 4.65903E-5 4.72838E-5 4.14254E-5 4.84505E-5 6.85911E-5 6.3009E-5 5.71341E-5 6.32843E-5 6.35246E-5 7.38072E-5 7.79541E-5 6.51722E-5 4.92075E-5 4.47408E-5 3.55739E-5 7.45803E-5 3.43375E-5 4.19181E-5 3.02464E-5 3.61287E-5 4.03938E-5
9.66702E-5 1.09921E-4 9.15452E-5 1.95925E-5 2.07703E-5 9.65948E-5 6.51223E-5 5.22473E-5 9.64125E-5 1.04573E-4 1.09219E-4 1.05524E-4 7.64798E-5 9.07496E-5 8.98945E-5 9.17606E-5 1.16275E-4 1.24405E-4 1.29438E-4 9.03171E-5 8.31131E-5 8.05767E-5 8.86786E-5 1.09158E-4 1.23565E-4 5.93431E-5 5.82865E-5 6.32568E-5 5.8669E-5 5.71193E-5 5.56623E-5 6.12905E-5 6.63051E-5 6.72363E-5 1.78807E-4 1.0567E-4 7.98592E-5 1.32908E-4 9.24554E-5 1.29631E-4 1.45398E-4 6.53526E-5 6.44222E-5 5.49836E-5 4.64982E-5 4.32762E-5 4.03744E-5 2.87681E-5 2.79935E-5 3.39244E-5 3.24081E-5 3.31775E-5 4.67431E-5 5.38438E-5 6.11598E-5 5.8966E-5 4.7041E-5 4.28509E-5 2.9437E-5 5.58587E-5 6.35818E-5 9.91491E-5 4.70122E-5 3.1354E-5 3.45889E-5 4.28258E-5
6.67813E-5 2.76189E-4 2.75475E-4 1.85912E-4 1.69625E-4 1.08656E-4 5.99225E-5 5.9999E-5 9.62502E-5 9.53037E-5 8.64082E-5 7.5989E-5 6.99608E-5 8.08387E-5 8.12244E-5 8.08934E-5 9.70593E-5 1.12922E-4 1.18917E-4 9.10527E-5 8.98675E-5 8.12015E-5 9.39539E-5 1.22439E-4 1.44526E-4 1.32121E-4 6.5068E-5 7.01198E-5 5.82772E-5 5.82069E-5 5.98118E-5 6.04627E-5 6.99515E-5 7.2805E-5 8.41129E-4 8.86448E-4 8.43433E-4 7.85253E-4 1.3764E-3 1.43418E-4 7.23948E-5 6.4449E-5 5.28665E-5 4.28727E-5 3.71043E-5 3.67806E-5 3.46606E-5 2.67764E-5 2.5803E-5 3.12647E-5 3.25278E-5 3.30859E-5 3.36676E-5 3.70304E-5 3.37963E-5 4.35673E-5 4.50474E-5 4.46145E-5 6.55535E-5 6.78475E-5 1.50886E-4 3.53618E-5 5.916E-5 7.73301E-5 2.1575E-4 2.40985E-4
9.89438E-5 2.48838E-4 3.01422E-4 3.64433E-4 4.39671E-4 4.45672E-5 2.56279E-5 5.46298E-5 7.45974E-5 7.53815E-5 8.73296E-5 6.93498E-5 7.46758E-5 8.54945E-5 8.44162E-5 1.26617E-4 1.1366E-4 1.01352E-4 9.89132E-5 9.07426E-5 9.337E-5 8.95455E-5 9.19081E-5 1.06504E-4 1.17662E-4 1.22004E-4 6.20663E-5 6.23067E-5 5.6104E-5 5.57351E-5 5.85806E-5 6.10665E-5 6.17568E-5 6.74465E-5 6.55529E-5 1.56E-4 1.21814E-4 2.45654E-4 1.55978E-4 7.0474E-5 5.42475E-5 4.97494E-5 4.11125E-5 3.93127E-5 3.47323E-5 3.49953E-5 3.49733E-5 2.60402E-5 2.58136E-5 2.4675E-5 3.05386E-5 3.61941E-5 3.69529E-5 4.01681E-5 3.9999E-5 3.26746E-5 3.29982E-5 8.2619E-5 3.54709E-5 3.64868E-5 6.27659E-5 7.91253E-5 3.67738E-4 1.03002E-3 2.62795E-4 1.32659E-4
1.80395E-4 1.6619E-4 2.70947E-4 2.92037E-4 7.81918E-5 2.78377E-5 2.6376E-5 2.6143E-5 3.55707E-5 7.36601E-5 6.95058E-5 7.49467E-5 7.24993E-5 6.87478E-5 6.54138E-5 1.25496E-4 1.11975E-4 1.12624E-4 8.53371E-5 8.42959E-5 8.49068E-5 8.39801E-5 8.20619E-5 8.11678E-5 7.84229E-5 8.70224E-5 8.87535E-5 7.92895E-5 4.12552E-5 5.29545E-5 5.98267E-5 5.69109E-5 6.05726E-5 7.26276E-5 7.42308E-5 1.32637E-4 4.99289E-5 3.91031E-5 4.08298E-5 3.57003E-5 3.70157E-5 3.88545E-5 3.61276E-5 4.02896E-5 3.7128E-5 3.47919E-5 3.09573E-5 2.98501E-5 2.95874E-5 3.39793E-5 3.80404E-5 3.93757E-5 4.118E-5 4.34581E-5 4.4118E-5 4.77384E-5 6.57343E-5 5.56709E-5 2.89467E-5 4.13643E-5 2.80852E-4 3.57414E-4 5.52763E-4 2.68033E-4 6.44504E-4 1.38208E-4
1.3858E-4 1.57769E-4 2.08598E-4 2.60225E-4 3.13111E-4 1.6509E-4 3.39029E-5 2.60632E-5 2.72495E-5 3.36991E-5 3.44699E-5 2.94769E-5 6.33617E-5 5.98535E-5 5.79234E-5 6.24683E-5 6.60611E-5 7.19804E-5 8.0398E-5 7.72842E-5 7.36347E-5 7.3991E-5 7.07766E-5 6.42364E-5 6.0634E-5 6.04491E-5 6.18505E-5 6.61071E-5 7.04519E-5 9.45483E-5 1.05227E-4 8.59501E-5 1.0703E-4 1.44172E-4 6.08886E-5 4.09953E-5 3.56226E-5 3.30887E-5 3.14033E-5 3.92961E-5 3.31942E-5 5.70161E-5 6.6087E-5 5.69478E-5 4.09581E-5 3.15475E-5 3.41622E-5 3.41745E-5 3.35355E-5 3.48985E-5 4.02009E-5 4.1708E-5 4.407E-5 4.59602E-5 3.29877E-4 4.24614E-4 4.25332E-5 2.10087E-5 2.12336E-5 6.63844E-5 1.65092E-4 2.62812E-4 5.03451E-4 2.21714E-4 2.09651E-4 1.62533E-4
8.17786E-5 1.81297E-4 1.64074E-4 1.35613E-4 3.82586E-4 3.67115E-4 1.59234E-4 2.55367E-5 2.55402E-5 2.49961E-5 2.67091E-5 2.71894E-5 2.88518E-5 2.6924E-5 5.84947E-5 6.42518E-5 7.35082E-5 7.8658E-5 7.92525E-5 6.70495E-5 6.41102E-5 6.56078E-5 6.04822E-5 5.0411E-5 4.96282E-5 4.80551E-5 5.24735E-5 5.3455E-5 5.37616E-5 5.93822E-5 1.75836E-5 1.47884E-5 6.25674E-5 6.84756E-5 6.22763E-5 6.74712E-5 2.88987E-5 2.95489E-5 3.05697E-5 3.03991E-5 2.87216E-5 3.41188E-5 2.46299E-5 8.09751E-5 3.66536E-5 3.77257E-5 3.83232E-5 3.43359E-5 3.52353E-5 3.63289E-5 3.72981E-5 4.35122E-5 4.91687E-5 1.65173E-4 4.63882E-4 4.74105E-5 6.23016E-5 2.4275E-5 2.13668E-5 5.67139E-5 2.79788E-4 1.78286E-4 1.25802E-4 2.13302E-4 1.49398E-4 7.98994E-5
-9999 1.65933E-4 3.64424E-5 3.88241E-5 4.63016E-5 3.5549E-4 3.4515E-4 2.81183E-5 2.53944E-5 2.43464E-5 2.59839E-5 2.57293E-5 2.54756E-5 2.74653E-5 2.71689E-5 3.03177E-5 7.3434E-5 8.03699E-5 7.4761E-5 6.21364E-5 6.06034E-5 6.28222E-5 5.33758E-5 4.5701E-5 4.40922E-5 4.57434E-5 4.84892E-5 4.76052E-5 4.25765E-5 1.15743E-5 4.46594E-5 4.23436E-5 4.51309E-5 4.59479E-5 4.69503E-5 4.48876E-5 5.51247E-5 5.04965E-5 4.9572E-5 4.89981E-5 5.11015E-5 4.91833E-5 7.13085E-5 9.37611E-5 9.75124E-5 9.02714E-5 8.3567E-5 7.12567E-5 7.46685E-5 7.59107E-5 8.02552E-5 4.77726E-5 3.17236E-5 4.95032E-5 7.40656E-5 3.02032E-5 8.40915E-5 2.42888E-5 2.08913E-5 1.92101E-5 2.12585E-5 6.83177E-5 2.18495E-4 1.4767E-4 1.10785E-4 4.42031E-5
1.06045E-4 3.68307E-5 3.41709E-5 3.59522E-5 3.686E-5 3.54998E-4 3.43924E-4 2.82235E-5 2.71676E-5 2.50897E-5 2.39768E-5 2.42355E-5 2.52025E-5 2.73801E-5 2.82268E-5 3.06478E-5 3.29427E-5 3.88555E-5 1.81212E-5 1.43552E-5 1.43483E-5 6.09097E-5 5.27413E-5 4.30201E-5 4.03883E-5 1.0915E-5 1.17634E-5 1.15875E-5 4.25638E-5 3.94801E-5 4.7126E-5 5.29272E-5 4.4112E-5 4.63403E-5 4.88697E-5 5.48776E-5 5.45937E-5 5.7797E-5 4.98735E-5 4.80965E-5 4.58731E-5 4.81195E-5 7.1377E-5 8.46774E-5 8.79614E-5 8.91673E-5 7.59685E-5 6.22407E-5 6.44296E-5 6.96617E-5 3.79506E-5 8.01537E-5 3.39807E-5 4.20829E-5 2.88363E-5 2.91289E-5 3.34051E-5 2.70997E-5 2.57268E-5 2.0771E-5 2.10388E-5 3.01471E-5 4.49116E-5 4.01305E-5 4.59079E-5 3.77509E-5
1.79158E-4 5.19101E-5 3.22041E-5 3.2104E-5 3.26173E-5 4.73376E-5 3.58725E-5 4.05286E-5 4.05393E-5 2.47665E-5 2.41485E-5 2.38663E-5 2.70907E-5 3.03904E-5 3.523E-5 7.38447E-5 8.37623E-5 1.117E-4 8.50874E-5 1.42897E-5 1.17154E-5 1.10975E-5 9.99521E-6 1.45503E-5 1.26847E-5 1.20982E-5 4.01197E-5 3.92166E-5 3.96391E-5 4.1319E-5 4.34187E-5 5.27468E-5 5.28066E-5 5.05317E-5 5.39826E-5 5.91058E-5 5.81136E-5 6.27213E-5 5.13427E-5 5.11815E-5 4.83417E-5 5.49453E-5 6.54577E-5 8.33339E-5 8.47355E-5 8.74193E-5 7.50815E-5 6.0422E-5 6.73189E-5 2.06607E-5 2.81897E-5 4.01434E-5 2.8795E-5 3.37262E-5 3.1346E-5 3.21145E-5 3.18935E-5 3.10225E-5 3.14632E-5 3.66432E-5 8.15924E-5 1.65252E-4 1.09516E-4 4.84673E-5 4.48385E-5 3.61589E-5
-9999 8.16797E-5 4.0049E-5 2.81214E-5 3.02844E-5 4.17121E-5 4.97577E-5 5.22347E-5 2.43148E-5 2.22714E-5 2.70546E-5 2.2791E-5 2.81494E-5 3.73686E-5 8.97178E-5 7.28635E-5 7.02545E-5 2.18165E-5 2.69502E-5 3.36897E-5 3.30217E-5 2.13982E-5 1.36466E-5 1.11313E-5 6.88207E-5 6.04669E-5 4.58143E-5 4.23393E-5 4.21062E-5 4.39733E-5 5.31005E-5 5.5494E-5 5.42054E-5 5.2293E-5 5.56483E-5 5.69978E-5 5.87429E-5 6.70344E-5 5.79685E-5 5.4855E-5 5.68406E-5 5.91481E-5 5.72469E-5 8.24072E-5 8.4217E-5 8.56106E-5 8.5872E-5 9.3768E-5 2.5587E-5 3.24095E-5 3.91328E-5 3.16828E-5 2.96159E-5 4.42162E-5 3.06506E-5 3.10259E-5 3.13651E-5 3.44924E-5 4.33827E-5 9.09072E-5 1.4503E-4 5.90677E-5 3.56833E-5 3.85078E-5 3.67693E-5 5.13254E-5
1.46933E-4 7.30973E-5 3.73695E-5 3.48129E-5 4.36178E-5 3.34223E-5 2.96534E-5 2.92175E-5 2.7625E-5 2.61221E-5 2.45325E-5 2.46294E-5 3.06078E-5 6.56799E-5 7.14771E-5 1.42593E-4 1.32417E-4 3.37703E-5 3.73419E-5 7.22512E-5 5.32601E-5 4.31761E-5 2.41964E-5 1.79198E-5 1.91071E-5 6.44457E-5 6.70146E-5 5.44296E-5 4.82832E-5 5.72493E-5 7.03131E-5 6.48143E-5 4.87209E-5 4.90067E-5 4.56282E-5 4.70295E-5 5.13286E-5 5.73326E-5 6.1933E-5 6.45785E-5 6.59372E-5 6.02989E-5 5.85069E-5 8.72783E-5 8.41763E-5 8.56316E-5 9.14464E-5 3.07199E-5 4.08971E-5 3.94424E-5 3.28444E-5 3.22917E-5 3.24879E-5 6.3439E-5 8.0536E-5 8.94794E-5 4.49019E-5 3.45969E-5 3.8546E-5 4.06444E-5 4.17095E-5 4.33315E-5 4.12703E-5 3.81199E-5 3.70814E-5 3.21771E-5
1.47269E-4 1.06913E-4 4.16414E-5 5.71797E-5 5.79421E-5 3.62876E-5 2.93133E-5 3.19301E-5 3.33125E-5 4.32822E-5 9.32093E-5 9.31893E-5 4.53921E-5 1.4291E-4 1.54884E-4 1.61258E-4 4.39138E-5 4.55993E-5 5.5259E-5 4.26371E-5 3.47482E-5 3.76265E-5 1.3768E-4 2.78659E-5 2.77614E-5 6.95394E-5 7.01381E-5 6.73085E-5 6.12134E-5 8.59909E-5 8.86739E-5 1.02452E-4 1.6764E-4 7.14301E-5 6.54502E-5 4.87931E-5 5.6364E-5 6.50671E-5 7.60626E-5 6.89299E-5 7.11241E-5 7.49866E-5 5.68489E-5 7.95526E-5 9.02524E-5 9.19331E-5 2.63532E-5 3.2418E-5 3.08753E-5 2.4926E-5 2.04878E-5 2.09473E-5 2.24806E-5 2.55154E-5 3.34106E-5 3.23251E-5 3.48631E-5 3.05796E-5 3.40238E-5 3.67425E-5 3.90694E-5 4.01368E-5 4.21933E-5 4.20756E-5 3.82662E-5 3.43395E-5
1.55674E-4 1.66681E-4 9.42804E-5 -9999 3.7342E-5 2.93955E-5 2.87433E-5 3.25051E-5 3.32007E-5 5.38185E-5 1.1503E-4 9.45973E-5 1.0264E-4 1.508E-4 1.52587E-4 1.65908E-4 5.12442E-5 3.57012E-5 2.5035E-5 2.16981E-5 1.57627E-5 1.7921E-5 1.91119E-5 7.30775E-5 2.67016E-5 8.79466E-5 8.52268E-5 7.93942E-5 8.67507E-5 1.50234E-4 1.32665E-4 1.43017E-4 1.14328E-4 7.89018E-5 1.10058E-4 5.87226E-5 7.50036E-5 7.76289E-5 8.86649E-5 8.62795E-5 8.60098E-5 8.29291E-5 5.98036E-5 6.30401E-5 9.94048E-5 2.71947E-5 2.5911E-5 2.5606E-5 2.68803E-5 3.88528E-5 2.21465E-5 1.71547E-5 1.84299E-5 2.31109E-5 3.99944E-5 4.29257E-5 4.07804E-5 3.61006E-5 3.79447E-5 3.33439E-5 3.67891E-5 4.00822E-5 3.80748E-5 3.74678E-5 3.36865E-5 2.65047E-5
-9999 2.06536E-4 9.87612E-5 8.329E-5 4.69739E-5 2.65255E-5 2.68274E-5 2.9631E-5 3.18351E-5 4.04979E-5 4.32194E-5 1.52901E-4 4.91641E-5 1.01792E-4 9.11566E-5 7.74385E-5 1.83085E-5 1.507E-5 1.3537E-5 1.39507E-5 1.41893E-5 1.48734E-5 1.62502E-5 6.83163E-5 9.20987E-5 9.8144E-5 1.00361E-4 8.56907E-5 9.46905E-5 1.27378E-4 1.6429E-4 1.26736E-4 1.09014E-4 1.02315E-4 1.23786E-4 1.1158E-4 9.62622E-5 1.04793E-4 1.07272E-4 9.59075E-5 9.12815E-5 8.66531E-5 6.39653E-5 1.74997E-5 2.63268E-5 2.63441E-5 2.42925E-5 2.35737E-5 2.02144E-5 2.42159E-5 1.80325E-5 2.2838E-5 5.99737E-5 3.28239E-5 4.94365E-5 4.33149E-5 4.10268E-5 4.03445E-5 3.75385E-5 3.40083E-5 3.53137E-5 3.62949E-5 3.1164E-5 2.85332E-5 2.61926E-5 2.36289E-5
