catData/rasterBestHybridModels/Fchaus/RD_RM1.5_H/Fchaus_median.asc
ncols         409
nrows         350
xllcorner     60.897278365
yllcorner     5.843756025
cellsize      0.0892857
NODATA_value  -9999
[rows 145 to 173 of 350, columns 264 to 329 of 409]
7.00943E-5 1.41091E-4 1.49481E-4 1.25627E-4 9.63624E-5 1.20253E-4 1.3743E-4 1.73028E-4 3.89282E-4 3.84023E-4 2.88627E-4 2.21558E-4 1.60731E-4 1.73683E-4 6.46688E-5 5.82943E-5 5.95197E-5 5.45517E-5 7.33086E-5 2.57989E-5 3.94091E-5 2.53941E-5 2.27143E-5 2.47419E-5 2.65754E-5 2.55238E-5 2.42231E-5 2.41877E-5 1.83E-5 1.82462E-5 3.36241E-5 3.51977E-5 3.77605E-5 1.74948E-5 1.97313E-5 2.69344E-5 3.32368E-5 5.93283E-5 5.48108E-5 5.03506E-5 4.99824E-5 5.83892E-5 1.29374E-4 1.2651E-4 9.49364E-5 7.75738E-5 6.05655E-5 5.96889E-5 6.60939E-5 6.72366E-5 9.14895E-5 1.61872E-4 1.23158E-4 5.87418E-5 8.56998E-5 1.09358E-4 1.60694E-4 2.33832E-4 3.28253E-4 1.55443E-4 1.3876E-4 1.32961E-4 1.58337E-4 1.36958E-4 8.70717E-5 6.84433E-5
4.94384E-5 1.77543E-4 2.00159E-4 2.30831E-4 1.56487E-4 2.04962E-4 4.72084E-4 5.02759E-4 4.13916E-4 2.07441E-4 2.78587E-4 1.32594E-4 9.66645E-5 1.44744E-4 8.32716E-5 5.04768E-5 5.33152E-5 5.53062E-5 5.24385E-5 2.80183E-5 1.91398E-5 2.76767E-5 2.09005E-5 2.33141E-5 2.39345E-5 2.49567E-5 2.316E-5 1.9161E-5 1.827E-5 1.70978E-5 1.73638E-5 1.85508E-5 1.72492E-5 1.85832E-5 2.38125E-5 2.54714E-5 3.72724E-5 3.9017E-5 4.71694E-5 4.93921E-5 5.18648E-5 1.05642E-4 1.42662E-4 6.59065E-5 6.57357E-5 6.68402E-5 5.84844E-5 4.36695E-5 5.91119E-5 6.02145E-5 9.19408E-5 1.36872E-4 2.50813E-4 2.74686E-4 3.18512E-4 2.05044E-4 1.69332E-4 2.1629E-4 5.93093E-4 1.51087E-4 1.62848E-4 1.54714E-4 1.83922E-4 2.00993E-4 1.6104E-4 1.55028E-4
2.19296E-4 2.88497E-4 7.98957E-5 8.24339E-5 2.24365E-4 1.78855E-4 2.06458E-4 2.47121E-4 3.9966E-4 2.7599E-4 2.42254E-4 1.08252E-4 1.92504E-4 1.29647E-4 9.27484E-5 6.89544E-5 7.53281E-5 4.87713E-5 4.93606E-5 6.66943E-5 5.49406E-5 5.77982E-5 2.3025E-5 1.86654E-5 2.28474E-5 2.5209E-5 2.53588E-5 1.95664E-5 1.82747E-5 1.77578E-5 1.75989E-5 1.7786E-5 1.92491E-5 3.95948E-5 3.30438E-5 3.53088E-5 4.33716E-5 5.70365E-5 4.79798E-5 4.75573E-5 4.61528E-5 8.71385E-5 1.71442E-4 6.98697E-5 6.65824E-5 5.01484E-5 4.62972E-5 4.32586E-5 5.03341E-5 6.00123E-5 8.03219E-5 8.78384E-5 1.70509E-4 -9999 3.48623E-4 2.28396E-4 2.14648E-4 2.58129E-4 2.94058E-4 1.06042E-4 1.03251E-4 1.44772E-4 1.85197E-4 2.74645E-4 2.59925E-4 3.36246E-4
1.85957E-4 1.3274E-4 1.47184E-4 1.94432E-4 1.3097E-4 1.51236E-4 1.43671E-4 3.05705E-4 1.63854E-4 9.18794E-5 1.49305E-4 1.86342E-4 2.2057E-4 2.13817E-4 1.39149E-4 9.58823E-5 6.53879E-5 4.36454E-5 2.81267E-5 4.47028E-5 5.06947E-5 1.11188E-4 9.07073E-5 2.66903E-5 3.20074E-5 4.88176E-5 7.32794E-5 8.0787E-5 4.74666E-5 3.36645E-5 4.26533E-5 2.2915E-5 2.35846E-5 2.49167E-5 3.78142E-5 3.27436E-5 3.8215E-5 3.85473E-5 4.36737E-5 5.08756E-5 4.45391E-5 4.31135E-5 5.87594E-5 8.83085E-5 6.86175E-5 3.03997E-5 4.37009E-5 4.94635E-5 4.93821E-5 6.06302E-5 8.36568E-5 1.72388E-4 1.90716E-4 2.01145E-4 1.52626E-4 1.04561E-4 -9999 -9999 5.59188E-4 -9999 1.78943E-4 2.30786E-4 -9999 4.01804E-4 -9999 5.19783E-4
6.93312E-5 7.58626E-5 2.79849E-4 2.16676E-4 7.99837E-5 1.75976E-4 1.43378E-4 3.06942E-4 1.59379E-4 1.21486E-4 1.31247E-4 1.39361E-4 1.34187E-4 1.54036E-4 7.03712E-5 6.79979E-5 9.00346E-5 1.02949E-4 1.1538E-4 1.89937E-4 2.0981E-4 5.5426E-4 5.19803E-4 7.06423E-5 9.81243E-5 1.09061E-4 1.53769E-4 1.01158E-4 5.75597E-5 5.42803E-5 6.22423E-5 7.87881E-5 2.36973E-5 2.23521E-5 2.22624E-5 2.61323E-5 3.261E-5 3.51452E-5 4.04291E-5 8.62084E-5 7.42685E-5 5.47029E-5 6.4744E-5 1.49927E-4 3.73926E-5 2.538E-5 5.19968E-5 5.25078E-5 5.37108E-5 5.93824E-5 6.97252E-5 1.64765E-4 1.69815E-4 1.31004E-4 1.14892E-4 1.11801E-4 1.12006E-4 1.68373E-4 2.16372E-4 -9999 2.56508E-4 2.98525E-4 3.92606E-4 7.03326E-4 1.26625E-3 1.15353E-3
2.95685E-4 2.62983E-4 3.28726E-4 1.01622E-4 1.15974E-4 2.25077E-4 1.75196E-4 2.25862E-4 2.45175E-4 1.74494E-4 1.44952E-4 1.28766E-4 1.32261E-4 1.01934E-4 4.67235E-5 5.38352E-5 5.00653E-5 3.92555E-5 8.55469E-5 2.28065E-4 2.0384E-4 1.46798E-4 5.00935E-4 2.04005E-4 4.54225E-5 6.61199E-5 6.05188E-5 1.49169E-4 1.32728E-4 6.91265E-5 6.21435E-5 2.09574E-4 3.02128E-5 2.19893E-5 2.17334E-5 2.63277E-5 2.97856E-5 3.70591E-5 4.00948E-5 3.77048E-5 4.10551E-5 6.27658E-5 6.25796E-5 7.29626E-5 5.518E-5 3.66751E-5 5.45507E-5 6.73797E-5 7.70608E-5 9.05754E-5 7.03596E-5 8.82856E-5 9.52898E-5 9.80527E-5 1.11792E-4 1.30071E-4 1.7475E-4 2.09961E-4 1.96439E-4 2.57972E-4 -9999 -9999 4.15387E-4 4.47188E-4 6.63996E-4 -9999
4.33192E-4 6.13898E-4 1.92189E-4 1.79619E-4 2.25748E-4 4.55076E-4 1.68955E-4 1.64001E-4 6.39446E-4 7.48948E-4 4.33023E-4 7.11397E-4 3.76861E-4 2.1852E-4 7.53319E-5 1.00264E-4 6.04601E-5 4.48071E-5 8.10282E-5 2.4075E-4 9.13443E-5 5.51905E-5 3.6649E-5 4.14185E-5 4.30491E-5 5.13691E-5 3.94389E-5 3.84729E-5 3.74514E-5 6.05139E-5 7.74473E-5 1.00003E-4 7.1906E-5 2.67522E-5 1.72798E-5 1.70756E-5 1.75916E-5 3.23263E-5 3.89195E-5 4.14696E-5 5.10758E-5 5.80723E-5 7.257E-5 7.37375E-5 7.766E-5 6.83828E-5 7.22377E-5 9.50165E-5 9.01326E-5 1.15709E-4 1.0306E-4 8.01178E-5 9.04304E-5 1.10764E-4 1.35669E-4 1.39526E-4 1.27085E-4 1.14512E-4 1.30433E-4 2.59761E-4 2.4977E-4 1.58453E-4 2.04463E-4 -9999 7.61888E-4 5.33677E-4
6.67074E-4 3.06888E-4 1.31788E-4 9.88174E-5 8.11235E-5 1.88616E-4 1.82963E-4 1.71377E-4 1.25925E-3 1.89904E-3 4.08091E-4 2.14799E-4 2.73175E-4 1.90875E-4 7.37155E-5 1.51813E-4 1.32604E-4 6.48672E-5 5.08321E-5 2.02401E-4 6.55135E-5 7.00042E-5 7.00359E-5 6.38187E-5 5.09196E-5 5.46252E-5 4.03997E-5 3.74765E-5 3.57369E-5 4.37432E-5 4.57776E-5 5.16587E-5 5.13831E-5 5.87578E-5 2.76589E-5 1.81127E-5 1.84053E-5 3.46693E-5 3.81912E-5 4.10892E-5 5.24051E-5 6.14585E-5 7.41638E-5 9.39368E-5 1.1255E-4 8.09129E-5 8.12748E-5 7.9509E-5 9.03413E-5 8.04143E-5 7.06293E-5 9.19225E-5 1.23147E-4 1.66582E-4 1.81023E-4 1.42162E-4 1.34717E-4 1.22503E-4 1.4098E-4 2.14198E-4 2.34321E-4 1.91729E-4 1.732E-4 2.28737E-4 5.81269E-4 5.41444E-4
3.50939E-4 1.02214E-4 7.16518E-5 1.04962E-4 1.02661E-4 1.83655E-4 1.78001E-4 2.02575E-4 5.13077E-4 1.9204E-3 1.59719E-3 1.01371E-4 2.12182E-4 2.28088E-4 2.33072E-4 4.70393E-5 5.01109E-5 6.72411E-5 6.61615E-5 4.9802E-5 4.81807E-5 5.61993E-5 5.59304E-5 4.05745E-5 4.22817E-5 4.07528E-5 4.15279E-5 4.02335E-5 4.00978E-5 4.60167E-5 4.61785E-5 5.08249E-5 4.84547E-5 6.28356E-5 8.1004E-5 4.16043E-5 1.91865E-5 3.5879E-5 3.59988E-5 3.88069E-5 5.24314E-5 5.89592E-5 1.55321E-4 1.15709E-4 7.49456E-5 8.9913E-5 1.2541E-4 8.40227E-5 9.14164E-5 8.84303E-5 8.49205E-5 9.19168E-5 1.48712E-4 1.94765E-4 1.86876E-4 2.00134E-4 1.72292E-4 1.62129E-4 1.54144E-4 1.79943E-4 2.50935E-4 3.44945E-4 3.8352E-4 3.52723E-4 5.04354E-4 4.38723E-4
1.07774E-4 7.37011E-5 7.14988E-5 7.47138E-5 7.15506E-5 1.73183E-4 2.50492E-4 2.19935E-4 2.13766E-4 4.19175E-4 6.92939E-5 1.84503E-4 1.55487E-4 5.7777E-5 7.44728E-5 5.36698E-5 1.04703E-4 4.18624E-4 1.99198E-4 6.05839E-5 4.36742E-5 4.91768E-5 5.05156E-5 3.9895E-5 3.93407E-5 3.88237E-5 3.70593E-5 3.74953E-5 3.68676E-5 5.90888E-5 7.76901E-5 7.07754E-5 4.60927E-5 4.91872E-5 9.90468E-5 5.52611E-5 3.24108E-5 4.80075E-5 5.1569E-5 5.60918E-5 8.15781E-5 8.63928E-5 1.93449E-4 1.45248E-4 9.32443E-5 1.018E-4 1.69392E-4 1.38356E-4 1.01789E-4 9.66E-5 8.50871E-5 1.11393E-4 1.57275E-4 1.70625E-4 1.41631E-4 1.57483E-4 1.99919E-4 1.83368E-4 2.32043E-4 1.93176E-4 2.66365E-4 2.91094E-4 3.4873E-4 5.03291E-4 5.1704E-4 3.87118E-4
7.04495E-5 7.46531E-5 6.55191E-5 6.67731E-5 7.14186E-5 1.59451E-4 1.70103E-4 2.07467E-4 1.88694E-4 6.89793E-5 7.68527E-5 1.8081E-4 7.9664E-5 4.09137E-5 3.99219E-5 4.54171E-5 4.32368E-5 1.42676E-4 2.87646E-4 2.46847E-4 4.561E-5 4.52151E-5 3.7411E-5 3.49098E-5 3.37448E-5 3.4871E-5 3.84697E-5 3.78793E-5 3.6836E-5 4.7654E-5 1.02221E-4 4.97022E-5 4.96241E-5 5.19485E-5 5.67433E-5 6.50214E-5 3.4277E-5 4.38674E-5 4.77161E-5 4.24471E-5 4.33127E-5 5.50585E-5 8.92866E-5 1.06134E-4 1.55832E-4 1.05638E-4 3.48469E-4 2.3599E-4 1.14248E-4 9.70197E-5 1.43201E-4 1.32577E-4 3.00117E-4 3.75669E-4 2.15525E-4 1.72352E-4 1.84736E-4 1.77518E-4 2.45348E-4 2.62436E-4 3.61457E-4 4.24616E-4 3.25178E-4 5.75811E-4 6.75775E-4 4.36514E-4
1.10308E-4 8.62907E-5 8.50917E-5 9.56546E-5 1.03845E-4 7.79453E-5 8.02335E-5 7.3481E-5 7.20944E-5 7.44467E-5 1.01778E-4 1.66156E-4 4.32486E-5 3.42834E-5 3.80256E-5 3.53872E-5 3.46759E-5 3.85498E-5 1.12273E-4 5.92688E-5 4.77048E-5 4.00706E-5 3.59318E-5 3.7095E-5 3.62282E-5 3.99224E-5 4.2036E-5 4.31917E-5 4.50676E-5 4.8928E-5 4.96706E-5 4.47781E-5 4.23412E-5 5.52231E-5 5.61887E-5 5.77259E-5 6.99112E-5 3.46996E-5 3.55007E-5 5.38798E-5 4.64628E-5 6.19003E-5 7.8889E-5 1.16976E-4 1.71079E-4 1.3221E-4 1.44353E-4 2.48173E-4 1.60105E-4 1.73549E-4 1.85123E-4 1.45253E-4 2.44969E-4 4.3053E-4 4.19725E-4 3.07365E-4 2.59507E-4 2.45665E-4 2.14599E-4 2.69592E-4 3.19592E-4 3.8094E-4 3.89333E-4 5.86795E-4 4.3574E-4 3.10166E-4
2.01723E-4 9.54448E-5 9.54295E-5 1.01284E-4 1.17183E-4 1.13669E-4 6.81469E-5 7.57464E-5 7.15125E-5 6.90704E-5 8.73875E-5 3.63357E-4 1.70111E-4 3.42239E-5 5.52426E-5 3.58569E-5 3.3313E-5 3.88416E-5 4.53322E-5 5.08391E-5 4.40787E-5 3.92501E-5 3.7791E-5 3.72271E-5 3.6518E-5 3.65859E-5 4.06049E-5 3.61256E-5 3.85556E-5 4.38441E-5 5.0467E-5 4.48849E-5 1.34899E-4 8.11454E-5 6.74438E-5 6.49597E-5 5.97276E-5 6.68653E-5 3.46243E-5 6.03141E-5 8.22711E-5 8.81513E-5 9.9045E-5 2.95368E-4 2.09306E-4 1.70839E-4 2.15272E-4 1.99075E-4 2.36721E-4 2.19807E-4 1.9322E-4 1.70888E-4 2.46486E-4 2.85529E-4 3.85755E-4 4.89804E-4 4.71517E-4 2.91483E-4 2.11093E-4 2.40475E-4 2.91602E-4 3.29373E-4 2.89234E-4 3.86088E-4 4.23603E-4 3.12054E-4
3.21119E-4 1.30617E-4 1.14767E-4 9.77924E-5 1.37595E-4 1.11784E-4 6.19691E-5 7.12986E-5 1.92642E-4 1.71241E-4 2.5305E-4 2.76125E-4 2.81881E-4 2.48811E-4 2.95197E-4 2.24228E-4 1.13791E-4 3.69169E-5 1.18369E-4 1.49635E-4 8.47389E-5 3.94796E-5 3.59515E-5 3.85486E-5 3.69597E-5 3.15403E-5 3.33571E-5 3.42682E-5 3.79839E-5 3.89803E-5 4.20234E-5 4.23564E-5 5.10455E-5 6.76693E-5 6.84822E-5 6.25324E-5 5.63342E-5 7.24291E-5 8.20462E-5 9.08296E-5 1.04988E-4 7.97429E-5 9.31939E-5 1.13608E-4 1.12959E-4 1.20158E-4 1.6428E-4 3.28704E-4 4.14368E-4 4.32038E-4 2.63094E-4 2.2533E-4 2.71491E-4 3.6088E-4 4.08026E-4 4.8862E-4 2.01215E-3 6.69234E-4 2.36084E-4 2.04369E-4 2.13614E-4 2.57137E-4 3.02697E-4 3.08965E-4 3.71777E-4 -9999
3.71552E-4 2.40941E-4 1.33901E-4 9.4795E-5 1.09133E-4 1.69187E-4 1.26288E-4 1.37134E-4 4.79474E-4 2.56036E-4 3.24256E-4 4.42617E-4 3.6705E-4 2.84475E-4 2.22386E-4 1.55367E-4 3.23223E-4 1.2054E-4 6.74248E-5 1.58284E-4 2.50904E-4 1.18671E-4 1.04617E-4 6.64281E-5 6.51472E-5 9.75932E-5 5.90495E-5 3.55271E-5 4.16288E-5 4.44805E-5 3.48791E-5 4.05872E-5 7.10078E-5 6.40806E-5 1.07149E-4 1.28793E-4 5.65166E-5 1.13048E-4 1.56656E-4 1.95428E-4 1.58317E-4 1.89183E-4 1.82957E-4 4.52018E-4 1.56066E-4 1.89568E-4 2.3408E-4 3.63558E-4 3.13075E-4 3.73331E-4 3.25945E-4 2.77688E-4 3.2576E-4 4.35769E-4 3.4136E-4 3.03019E-4 2.13014E-3 1.13475E-3 4.35661E-4 2.48739E-4 2.01934E-4 2.16352E-4 3.4158E-4 3.34587E-4 2.24431E-4 2.6865E-4
1.87454E-4 2.13935E-4 1.33798E-4 1.06068E-4 1.00284E-4 2.08556E-4 1.95831E-4 5.03797E-4 4.98931E-4 5.19667E-4 4.28752E-4 2.17897E-4 1.08107E-4 6.88439E-5 5.99065E-5 4.0451E-5 3.62372E-5 4.04933E-5 7.22059E-5 4.87056E-4 5.16785E-4 8.16488E-4 1.43352E-4 1.61727E-4 8.22857E-5 9.60214E-5 3.3723E-5 3.57279E-5 3.9538E-5 3.58618E-5 3.50684E-5 4.91802E-5 6.98196E-5 1.02349E-4 7.67443E-5 8.42277E-5 2.0471E-4 3.05247E-4 4.14147E-4 6.28205E-4 5.54166E-4 7.0332E-4 4.58791E-4 7.65931E-4 2.97921E-4 2.29938E-4 3.52497E-4 4.34302E-4 5.01472E-4 4.29773E-4 4.73082E-4 4.40237E-4 2.70099E-4 2.63233E-4 2.80712E-4 3.0945E-4 3.55537E-4 1.07537E-3 2.5395E-4 4.03748E-4 5.32279E-4 2.68298E-4 2.34924E-4 3.85252E-4 3.09788E-4 7.24131E-4
8.34515E-5 1.75947E-4 1.20846E-4 1.23372E-4 1.043E-4 3.51949E-4 2.40327E-4 5.62293E-4 4.16163E-4 3.07077E-4 4.82172E-4 1.85068E-4 6.78546E-5 1.10205E-4 5.34981E-5 5.48925E-5 3.58113E-5 3.59896E-5 4.22036E-5 2.34486E-4 1.10884E-4 3.58976E-5 1.16049E-4 1.30088E-4 1.67124E-4 4.77125E-5 3.68275E-5 3.39026E-5 3.55698E-5 8.18247E-5 4.82939E-5 5.60294E-5 9.93876E-5 1.14053E-4 1.23018E-4 1.25653E-4 3.15767E-4 6.54267E-4 6.12915E-4 1.35073E-3 2.82178E-3 1.57788E-3 1.25914E-3 1.05855E-3 1.23213E-3 3.57375E-4 5.06399E-4 5.14898E-4 5.66795E-4 1.00515E-3 4.59249E-4 4.00877E-4 4.27509E-4 2.83722E-4 2.84003E-4 2.91678E-4 2.95234E-4 2.82088E-4 3.2036E-4 4.19188E-4 3.20807E-4 2.99237E-4 3.34027E-4 3.65803E-4 3.53389E-4 5.6717E-4
8.16397E-5 2.30998E-4 1.37873E-4 1.34089E-4 1.444E-4 2.97921E-4 2.94134E-4 2.74995E-4 1.95435E-4 2.73739E-4 2.27724E-4 7.68206E-5 1.60272E-4 2.37413E-4 8.19882E-5 4.75841E-5 6.20026E-5 4.28347E-5 4.07754E-5 3.75906E-5 7.96792E-5 1.81287E-4 3.9811E-5 3.3809E-5 9.55264E-5 4.33788E-5 3.35681E-5 3.21303E-5 3.46614E-5 1.17138E-4 5.87355E-5 4.84272E-5 8.62345E-5 1.03991E-4 1.77901E-4 2.9215E-4 5.8886E-4 8.39157E-4 6.17722E-4 8.91238E-4 3.11587E-3 3.45888E-3 1.23312E-3 1.11767E-3 2.02658E-3 1.09129E-3 5.48358E-4 3.84071E-4 5.53465E-4 8.4989E-4 2.65204E-4 2.99591E-4 3.31102E-4 3.10107E-4 3.05997E-4 2.7573E-4 1.37067E-4 1.902E-4 2.13293E-4 2.25793E-4 2.79493E-4 3.03254E-4 2.0433E-4 4.55131E-4 3.8123E-4 4.05678E-4
7.68266E-5 9.53879E-5 2.15261E-4 3.10176E-4 2.02433E-4 1.02795E-4 8.57889E-5 1.19334E-4 1.4971E-4 7.7697E-4 4.14733E-4 1.85434E-4 1.56397E-3 3.23298E-4 4.49839E-5 6.88069E-5 6.79274E-5 6.67328E-5 1.4679E-4 6.25005E-5 2.97108E-4 1.56977E-4 4.75168E-5 3.23622E-5 3.53153E-5 4.53039E-5 3.7542E-5 3.26134E-5 3.32348E-5 7.40855E-5 5.78237E-5 5.75874E-5 8.2162E-5 1.02407E-4 1.16612E-4 2.74796E-4 6.57779E-4 3.08666E-3 2.823E-3 2.31975E-3 1.8388E-3 3.42246E-3 3.14307E-3 1.21295E-3 2.22191E-3 1.20663E-3 1.13057E-3 6.76212E-4 5.67367E-4 -9999 2.8529E-4 3.37956E-4 3.33819E-4 3.37887E-4 2.01452E-4 1.42316E-4 9.82699E-5 1.3105E-4 1.34437E-4 3.28583E-4 3.00315E-4 3.21351E-4 2.85613E-4 4.54818E-4 2.98822E-4 4.36344E-4
4.91998E-5 5.88073E-5 6.26415E-5 6.95979E-5 5.52173E-5 4.92357E-5 1.05718E-4 2.20787E-4 1.37424E-4 7.4106E-4 6.13082E-4 1.38878E-3 4.95439E-4 4.57836E-4 9.97009E-5 4.21799E-5 4.33479E-5 5.83061E-5 7.2518E-5 1.7342E-4 1.65046E-4 8.64832E-5 1.34195E-4 8.73803E-5 3.50075E-5 3.86394E-5 3.62828E-5 3.49117E-5 5.02907E-5 4.37632E-5 5.3698E-5 6.10159E-5 7.04379E-5 1.18712E-4 1.34919E-4 3.41792E-4 6.66836E-4 4.2927E-3 -9999 1.95645E-3 3.44271E-3 3.06528E-3 2.51738E-3 3.69729E-3 5.4846E-4 6.07966E-4 1.22299E-3 1.82422E-3 5.36628E-4 -9999 2.91397E-4 3.22116E-4 -9999 3.0765E-4 1.34917E-4 -9999 5.21594E-5 1.04366E-4 9.19817E-5 2.12056E-4 3.06008E-4 3.18886E-4 3.41421E-4 3.04894E-4 2.81589E-4 2.95627E-4
4.56856E-5 4.19317E-5 4.74613E-5 6.26313E-5 6.61741E-5 4.17285E-5 1.22951E-4 9.75491E-5 6.04207E-4 8.52064E-4 2.76371E-4 9.59286E-4 3.44065E-4 2.16337E-4 2.97414E-4 1.87995E-4 5.61114E-5 6.15402E-5 6.33972E-5 9.10164E-5 2.23846E-4 2.32325E-4 1.01438E-4 4.08704E-5 3.97135E-5 3.95547E-5 3.58728E-5 3.06281E-5 3.41507E-5 4.20678E-5 6.7255E-5 5.25035E-4 3.04012E-4 1.63579E-4 1.24502E-4 3.3781E-4 8.06604E-4 8.72173E-4 -9999 6.1081E-4 1.10822E-3 3.45524E-3 2.43922E-3 3.92176E-3 7.91043E-4 9.78223E-4 4.35748E-4 3.91012E-4 3.41141E-4 3.48222E-4 -9999 1.69256E-4 1.74538E-4 1.8279E-4 1.25951E-4 8.83608E-5 5.15012E-5 -9999 4.52978E-5 8.11802E-5 -9999 2.76101E-4 3.15738E-4 -9999 3.00952E-4 2.55953E-4
4.43268E-5 4.43904E-5 5.44876E-5 5.79565E-5 1.74666E-4 2.6152E-4 4.47683E-4 8.03382E-4 5.33006E-4 6.23809E-4 3.95275E-4 2.0442E-4 1.53675E-4 1.30552E-4 1.27998E-4 1.64505E-4 1.76662E-4 2.1107E-4 6.50405E-5 6.27926E-5 1.05725E-4 2.33845E-4 1.40267E-4 3.19879E-5 3.00762E-5 3.37673E-5 2.94019E-5 2.90137E-5 2.70998E-5 5.20186E-5 5.67649E-5 7.52282E-5 6.9141E-5 8.71227E-5 1.28898E-4 2.63075E-4 9.15329E-4 1.17084E-3 1.43896E-3 -9999 9.73236E-4 5.71682E-4 1.05075E-3 3.22217E-3 1.32537E-3 8.67878E-4 3.12638E-4 2.77884E-4 2.5862E-4 -9999 3.32679E-4 1.75157E-4 1.56487E-4 1.53611E-4 1.27213E-4 9.05699E-5 6.29368E-5 4.25167E-5 3.64125E-5 4.27745E-5 -9999 2.80638E-4 3.1712E-4 2.15565E-4 3.44825E-4 3.48535E-4
1.09939E-4 1.46453E-4 2.01946E-4 1.48866E-4 8.06884E-5 6.67759E-4 4.65858E-4 9.55969E-4 5.56468E-4 3.61186E-4 2.81325E-4 4.64951E-4 1.6359E-4 2.10915E-4 5.67828E-5 5.71707E-5 1.39104E-4 1.25243E-4 6.64911E-5 1.44276E-4 7.75024E-5 1.43287E-4 1.71235E-4 3.16579E-5 3.29341E-5 4.95435E-5 3.26798E-5 4.58531E-5 2.73659E-5 1.93112E-5 4.33108E-5 4.83254E-5 6.51001E-5 1.27927E-4 2.71966E-4 4.68633E-4 1.01054E-3 1.00731E-3 1.32331E-3 1.1462E-3 5.8558E-4 -9999 1.25346E-3 8.89078E-4 9.34927E-4 9.84844E-4 2.53981E-4 2.52578E-4 1.4534E-4 1.44311E-4 1.31769E-4 1.86273E-4 1.37059E-4 -9999 1.11819E-4 8.74293E-5 5.85582E-5 4.88769E-5 3.50536E-5 3.44091E-5 5.59228E-5 2.09812E-4 -9999 2.33691E-4 2.39022E-4 3.01016E-4
9.81137E-4 8.98923E-4 2.96047E-4 1.53703E-4 1.12758E-4 4.09502E-4 4.02821E-4 7.49059E-4 4.21755E-4 2.64903E-4 3.71436E-4 1.07028E-4 8.34753E-5 7.91931E-5 7.84096E-5 8.27864E-5 1.32737E-4 1.45712E-4 3.7595E-4 1.74219E-4 2.27035E-4 2.30243E-4 1.21849E-4 7.90413E-5 1.60313E-5 1.77092E-5 2.16425E-5 4.27826E-5 3.69609E-5 3.6424E-5 2.4422E-5 5.82424E-5 6.89138E-5 2.49991E-4 6.51856E-4 9.8242E-4 9.27892E-4 9.9658E-4 6.19482E-4 -9999 4.94734E-4 -9999 1.15196E-3 8.61653E-4 4.05948E-4 7.15767E-4 1.86155E-4 2.48033E-4 1.4292E-4 1.43888E-4 1.42848E-4 1.31057E-4 1.16745E-4 1.27691E-4 -9999 8.28622E-5 -9999 6.22342E-5 -9999 4.19294E-5 -9999 1.74538E-4 1.99665E-4 1.14403E-4 9.82233E-5 1.18435E-4
2.77415E-4 1.32917E-3 8.15512E-4 4.58035E-4 2.97006E-4 9.11451E-5 1.89951E-4 8.84877E-4 4.01896E-4 2.34085E-4 2.84237E-4 1.7814E-4 8.18001E-5 7.96641E-5 7.23118E-5 7.38499E-5 8.21714E-5 1.01414E-4 1.33532E-4 2.83327E-4 3.14409E-4 2.395E-4 1.97795E-4 1.67773E-4 1.5854E-5 1.6846E-5 1.7783E-5 2.63809E-5 2.52255E-5 1.79028E-5 2.49963E-5 2.74487E-5 8.50548E-5 3.44507E-4 6.03345E-4 1.01855E-3 5.9176E-4 8.58464E-4 5.33274E-4 1.43792E-3 -9999 5.09648E-4 3.29229E-4 6.39733E-4 3.94132E-4 2.47794E-4 -9999 -9999 1.98936E-4 1.4619E-4 1.56633E-4 -9999 1.14929E-4 9.58837E-5 -9999 8.25894E-5 -9999 8.12657E-5 -9999 3.73372E-5 3.32729E-5 -9999 -9999 -9999 1.00693E-4 -9999
4.73539E-4 9.73618E-4 6.79556E-4 2.04362E-4 1.09162E-4 4.56456E-5 5.84061E-4 1.20561E-3 4.11761E-4 3.84684E-4 2.91985E-4 2.27704E-4 8.06608E-5 7.87711E-5 7.79482E-5 9.40736E-5 1.02699E-4 1.00153E-4 3.23702E-4 2.59203E-4 4.28134E-4 2.68917E-4 6.8607E-4 2.35033E-4 2.27164E-5 3.65054E-5 4.96032E-5 2.57349E-5 2.94472E-5 3.00196E-5 3.45284E-5 2.93065E-5 4.79266E-5 2.53925E-4 4.25719E-4 6.3828E-4 5.76514E-4 4.50863E-4 5.9578E-4 -9999 -9999 -9999 2.12111E-4 2.11736E-4 -9999 2.31745E-4 2.54331E-4 -9999 1.62074E-4 1.58326E-4 1.39414E-4 -9999 -9999 -9999 -9999 5.92946E-5 -9999 -9999 5.59492E-5 3.25069E-5 -9999 -9999 -9999 -9999 9.55156E-5 -9999
8.7524E-5 3.79074E-4 2.54915E-4 1.5275E-4 5.17239E-5 4.15809E-5 1.46377E-4 1.0613E-3 9.41357E-4 5.10587E-4 3.40741E-4 2.7941E-4 7.82557E-5 7.23018E-5 7.16718E-5 7.44304E-5 9.13419E-5 1.3975E-4 3.85238E-4 2.33567E-4 1.32578E-4 2.61936E-4 4.52108E-4 1.10345E-4 1.78608E-5 2.27256E-5 5.5936E-5 3.06898E-5 2.39061E-5 3.72891E-5 5.09506E-5 8.84622E-5 1.18867E-4 1.63584E-4 5.18566E-4 5.29284E-4 6.02361E-4 4.16871E-4 -9999 -9999 -9999 -9999 2.48458E-4 7.81545E-4 -9999 -9999 -9999 -9999 1.52463E-4 1.5521E-4 -9999 -9999 -9999 -9999 -9999 5.84574E-5 -9999 -9999 -9999 -9999 -9999 -9999 -9999 -9999 -9999 -9999
2.2782E-4 7.3133E-4 2.01182E-4 2.00089E-4 1.36728E-4 9.91644E-5 4.74397E-4 9.15105E-4 4.42704E-4 2.23136E-4 2.83723E-4 2.79487E-4 7.67192E-5 7.30992E-5 7.04781E-5 7.22297E-5 6.95769E-5 1.3361E-4 3.24525E-4 2.40583E-4 1.56943E-4 4.16594E-4 1.75529E-4 3.61603E-5 1.68241E-5 2.06762E-5 2.18472E-5 2.22879E-5 2.75885E-5 1.10125E-4 1.21659E-4 1.79245E-4 1.77681E-4 1.35397E-4 1.39622E-4 5.19073E-4 1.63679E-3 -9999 -9999 -9999 3.19203E-4 -9999 3.96898E-4 -9999 -9999 1.77581E-4 -9999 -9999 -9999 -9999 1.13603E-4 -9999 -9999 -9999 -9999 -9999 -9999 -9999 -9999 -9999 -9999 -9999 -9999 -9999 -9999 -9999
5.09916E-4 4.14139E-4 2.67627E-4 1.76704E-4 1.52607E-4 1.48987E-4 3.23839E-4 7.93394E-4 7.59124E-4 2.51422E-4 3.94609E-4 3.25032E-4 2.73655E-4 1.87328E-4 7.62838E-5 7.27162E-5 6.19952E-5 6.33337E-5 2.53795E-4 3.94656E-4 3.2545E-4 4.15634E-4 1.19691E-4 3.53296E-5 1.70197E-5 2.0784E-5 3.18348E-5 2.63557E-5 6.90485E-5 2.12957E-4 2.14649E-4 2.289E-4 2.029E-4 -9999 -9999 -9999 -9999 -9999 -9999 -9999 -9999 -9999 -9999 -9999 -9999 1.75142E-4 -9999 -9999 -9999 -9999 -9999 -9999 -9999 -9999 -9999 -9999 -9999 -9999 -9999 -9999 -9999 -9999 -9999 -9999 -9999 -9999
