catData/rasterBestHybridModels/Fchaus/RD_RM1.5_H/Fchaus_max.asc
ncols         409
nrows         350
xllcorner     60.897278365
yllcorner     5.843756025
cellsize      0.0892857
NODATA_value  -9999
[rows 145 to 173 of 350, columns 198 to 263 of 409]
6.11363E-5 6.46979E-5 6.38345E-5 6.1327E-5 6.07095E-5 5.89853E-5 6.45708E-5 6.57769E-5 5.90396E-5 5.30207E-5 5.08875E-5 5.63375E-5 5.43143E-5 5.59925E-5 7.02558E-5 8.20578E-5 7.48869E-5 7.05501E-5 7.13564E-5 6.93684E-5 7.23132E-5 1.2896E-4 6.30581E-5 5.55521E-5 5.23504E-5 4.92935E-5 4.97236E-5 5.58015E-5 8.82882E-5 1.10219E-4 1.30651E-4 7.2122E-5 7.75782E-5 4.91908E-5 5.94606E-5 1.44409E-4 5.94393E-5 5.8584E-5 7.63347E-5 7.23567E-5 7.36136E-5 7.46924E-5 8.29086E-5 6.49725E-5 2.2355E-5 2.48943E-5 2.61107E-5 2.79647E-5 2.68592E-5 2.753E-5 2.2458E-5 2.12908E-5 1.98622E-5 2.62874E-5 2.37812E-5 2.34752E-5 2.74552E-5 5.99044E-5 6.74041E-5 6.42976E-5 7.00961E-5 6.54824E-5 5.784E-5 5.72442E-5 5.35975E-5 6.61134E-5
6.27464E-5 6.01132E-5 5.60428E-5 6.08314E-5 5.91082E-5 5.81044E-5 5.59115E-5 5.67283E-5 5.41806E-5 5.35721E-5 5.63561E-5 5.67142E-5 5.65007E-5 5.75155E-5 8.47543E-5 7.8326E-5 7.1208E-5 7.38545E-5 7.53997E-5 7.48506E-5 4.90672E-5 5.48708E-5 5.44243E-5 4.98474E-5 4.60344E-5 4.48602E-5 6.61092E-5 7.08033E-5 7.41405E-5 1.07392E-4 8.25398E-5 7.76588E-5 7.51014E-5 6.59127E-5 6.02533E-5 2.62012E-4 3.83629E-4 7.99748E-5 3.15728E-4 1.3071E-4 7.2694E-5 6.76411E-5 1.61734E-4 5.35971E-5 2.06997E-5 2.04945E-5 2.20783E-5 2.28423E-5 2.12047E-5 2.37615E-5 2.48925E-5 2.45883E-5 3.53666E-5 5.19814E-5 5.18011E-5 7.67405E-5 5.34447E-5 3.65726E-5 7.69513E-5 6.54838E-5 5.17596E-5 7.25117E-5 8.77287E-5 6.1876E-5 6.07532E-5 7.08774E-5
6.3675E-5 6.55699E-5 6.45542E-5 6.0615E-5 6.012E-5 6.35577E-5 6.16009E-5 5.97022E-5 5.55339E-5 5.1945E-5 4.35141E-5 5.87335E-5 5.80591E-5 5.88321E-5 7.61004E-5 9.0642E-5 5.88748E-5 6.05329E-5 5.93366E-5 7.20196E-5 5.31303E-5 5.09739E-5 4.90424E-5 4.87768E-5 5.06965E-5 5.72127E-5 7.01391E-5 7.09061E-5 1.15223E-4 7.36077E-5 1.01195E-4 8.06267E-5 7.63388E-5 9.89943E-5 1.05076E-4 2.78934E-4 8.43882E-4 2.28575E-4 4.39566E-4 3.94289E-4 2.42368E-4 6.73591E-5 3.32828E-4 2.3324E-4 2.16837E-5 2.17512E-5 2.10577E-5 3.28477E-5 2.47253E-5 2.65627E-5 4.52029E-5 2.55483E-5 4.80615E-5 6.63145E-5 6.65076E-5 6.4365E-5 1.64789E-4 1.29425E-4 8.77371E-5 6.02724E-5 1.64843E-4 1.6779E-4 7.25679E-5 1.37725E-4 7.78628E-5 1.89513E-4
6.62216E-5 7.2137E-5 6.95253E-5 6.25061E-5 5.29883E-5 6.7925E-5 6.03372E-5 6.08102E-5 5.97579E-5 4.74287E-5 5.17263E-5 4.46513E-5 6.26406E-5 6.39289E-5 7.38479E-5 7.31869E-5 6.42594E-5 9.94122E-5 5.80748E-5 5.48078E-5 5.43312E-5 5.71646E-5 6.69399E-5 5.29712E-5 5.34699E-5 7.0077E-5 8.48948E-5 2.66831E-4 8.86488E-5 6.29746E-5 7.38108E-5 7.66068E-5 8.73642E-5 6.90403E-5 1.0788E-4 9.08733E-5 5.97881E-4 6.4577E-4 7.10304E-4 5.03194E-4 2.53918E-4 8.90535E-5 2.88136E-4 4.95158E-4 1.11467E-4 9.8324E-5 4.12438E-5 3.72469E-5 4.07303E-5 3.79047E-5 3.79521E-5 5.46777E-5 4.90508E-5 6.90095E-5 5.46965E-5 1.08377E-4 4.35339E-5 1.0802E-4 8.01352E-5 1.55417E-4 1.42921E-4 1.73184E-4 2.31619E-4 2.34747E-4 1.01994E-4 8.96172E-5
6.47136E-5 7.23784E-5 6.63282E-5 6.09593E-5 5.58077E-5 6.34933E-5 6.00705E-5 6.00387E-5 5.80219E-5 4.56508E-5 4.83844E-5 5.74891E-5 6.13386E-5 6.57219E-5 6.53754E-5 6.67269E-5 6.7233E-5 1.02897E-4 5.7476E-5 5.54376E-5 5.65182E-5 5.79861E-5 7.60736E-5 5.43289E-5 5.61427E-5 6.51241E-5 2.34831E-4 2.52211E-4 8.12108E-5 6.33413E-5 6.30939E-5 7.34745E-5 1.9105E-4 7.15645E-5 7.6766E-5 5.06675E-5 7.58658E-5 1.59814E-4 2.14079E-4 2.96529E-4 3.24439E-4 2.22051E-4 5.5802E-4 3.51256E-4 4.33058E-4 1.72607E-4 3.88929E-5 8.89844E-5 1.34485E-4 1.96053E-4 1.88541E-4 1.52743E-4 3.01644E-4 2.48818E-4 3.63111E-4 9.92074E-5 1.40403E-4 1.25507E-4 2.00008E-4 7.98499E-4 2.76325E-4 5.72537E-4 6.63466E-4 5.52022E-4 5.55004E-4 2.26524E-4
7.46795E-5 7.08976E-5 6.3712E-5 5.87409E-5 4.87161E-5 5.67218E-5 5.89346E-5 5.92869E-5 7.32295E-5 4.69855E-5 4.57094E-5 5.76289E-5 6.24898E-5 7.58674E-5 8.80221E-5 7.57492E-5 6.25477E-5 6.48447E-5 6.38147E-5 6.30501E-5 1.08688E-4 2.11224E-4 6.23441E-5 6.37537E-5 8.75763E-5 2.64604E-4 4.86153E-4 7.88702E-4 9.15907E-5 6.59491E-5 7.11034E-5 6.47651E-5 6.96772E-5 7.24389E-5 2.11323E-4 3.61226E-4 7.87859E-5 1.52817E-4 2.67911E-4 3.3324E-4 6.9455E-4 7.91941E-4 4.41086E-4 3.54284E-4 3.98075E-4 6.45429E-4 2.35152E-4 2.23708E-4 2.73675E-4 4.00431E-4 2.06113E-4 1.64221E-4 7.74849E-5 6.41025E-5 2.38252E-4 4.84744E-4 2.28143E-4 3.50131E-4 4.84891E-4 1.47207E-3 9.04429E-4 1.3107E-3 1.62399E-3 6.674E-4 6.03762E-4 4.78966E-4
7.51378E-5 6.50896E-5 5.66049E-5 5.99724E-5 5.83137E-5 5.77206E-5 5.4275E-5 5.28764E-5 4.84972E-5 4.69977E-5 3.97458E-5 5.99485E-5 6.79416E-5 7.93678E-5 6.09544E-5 5.58242E-5 8.33566E-5 6.2784E-5 6.53501E-5 1.45998E-4 2.78743E-4 1.91254E-4 6.75195E-5 1.31251E-4 9.45484E-5 8.0424E-5 2.72993E-4 9.88069E-4 3.74379E-4 8.14582E-5 6.74321E-5 6.66358E-5 8.87785E-5 9.62313E-5 1.21664E-4 1.62163E-4 2.88093E-4 3.89777E-4 6.63455E-4 3.10687E-4 1.09671E-3 1.41465E-3 2.89736E-4 4.11352E-4 5.9329E-4 1.7048E-4 4.7897E-4 1.87487E-4 2.45369E-4 3.46195E-4 1.51864E-4 3.39404E-4 3.0285E-4 2.26825E-4 5.823E-4 5.16037E-4 5.8726E-4 3.30298E-4 2.7912E-4 7.10121E-4 9.77239E-4 1.01474E-3 9.58353E-4 1.38164E-3 1.08897E-3 1.23046E-3
8.99612E-5 7.80528E-5 7.09981E-5 6.3982E-5 6.17703E-5 5.77598E-5 6.08913E-5 5.50336E-5 6.31149E-5 6.17291E-5 7.28251E-5 7.57433E-5 1.01046E-4 8.15023E-5 5.15929E-5 5.82832E-5 5.67891E-5 5.75747E-5 5.6563E-5 7.04399E-5 7.79394E-5 1.9329E-4 2.30359E-4 6.20521E-4 3.45209E-4 1.12844E-4 1.06244E-4 8.74959E-5 7.87653E-5 1.34597E-4 6.35315E-5 6.06419E-5 7.94647E-5 7.43303E-5 9.34503E-5 1.1231E-4 3.96898E-4 5.64024E-4 5.6259E-4 6.17927E-4 8.78951E-4 4.78441E-4 9.71306E-4 2.2542E-4 2.06085E-4 2.23655E-4 1.82712E-4 9.22193E-5 1.78789E-4 1.44941E-4 2.32304E-4 1.21292E-4 1.18387E-4 4.31448E-4 5.0088E-4 5.11971E-4 5.13294E-4 8.19906E-4 6.0941E-4 5.52073E-4 5.25652E-4 5.18001E-4 5.34748E-4 1.01509E-3 6.03265E-4 1.23164E-3
9.83203E-5 8.43519E-5 7.03432E-5 6.70154E-5 5.88821E-5 6.70017E-5 7.2359E-5 1.08101E-4 1.0499E-4 1.11837E-4 1.14781E-4 1.29217E-4 1.07995E-4 6.19248E-5 7.5492E-5 7.45424E-5 7.32855E-5 7.01691E-5 9.3126E-5 6.43961E-5 8.72993E-5 2.12606E-4 1.14345E-4 9.3084E-5 1.35216E-4 1.63378E-4 8.36968E-5 8.59578E-5 2.47223E-4 2.53362E-4 7.00177E-5 6.08241E-5 6.6841E-5 6.99891E-5 9.57144E-5 1.07693E-4 4.49362E-4 1.76025E-4 1.28374E-4 1.49435E-4 2.92474E-4 3.09561E-4 1.86373E-4 1.63648E-4 1.6588E-4 1.31494E-4 1.42006E-4 6.52494E-5 4.98587E-5 5.60212E-5 8.23311E-5 2.10345E-4 1.92355E-4 4.67035E-4 3.54102E-4 4.28101E-4 6.15074E-4 6.73165E-4 1.01271E-3 5.04971E-4 3.17731E-4 7.19558E-4 5.79255E-4 7.48861E-4 6.85094E-4 7.71777E-4
6.6778E-5 6.97586E-5 6.49232E-5 7.32841E-5 6.7985E-5 7.22918E-5 8.17026E-5 1.11292E-4 1.03679E-4 1.20682E-4 1.22895E-4 7.11465E-5 6.16983E-5 6.11658E-5 1.35371E-4 1.57136E-4 1.73653E-4 2.23606E-4 1.42676E-4 1.04905E-4 1.09578E-4 2.17489E-4 1.54485E-4 2.45006E-4 1.06039E-4 1.83306E-4 2.11414E-4 1.58119E-4 5.06089E-4 1.59243E-4 8.40074E-5 8.91262E-5 7.6575E-5 7.82539E-5 1.02615E-4 1.21565E-4 1.39101E-4 1.42E-4 1.27914E-4 1.35623E-4 1.27496E-4 1.77281E-4 1.30959E-4 1.281E-4 1.35684E-4 1.36139E-4 9.86354E-5 1.20564E-4 1.19514E-4 1.39408E-4 1.88517E-4 2.09328E-4 2.17901E-4 3.31498E-4 4.69507E-4 4.8307E-4 2.64062E-4 2.41075E-4 1.87372E-4 3.15611E-4 2.01836E-4 4.24696E-4 3.55264E-4 5.4753E-4 3.667E-4 3.68541E-4
8.53761E-5 7.97039E-5 6.1495E-5 7.8634E-5 8.25956E-5 8.18508E-5 1.27548E-4 9.5089E-5 1.22587E-4 7.18565E-5 6.01827E-5 6.05708E-5 6.36415E-5 7.51386E-5 1.55262E-4 2.05572E-4 2.14458E-4 1.79211E-4 1.04175E-4 1.28793E-4 1.26347E-4 1.17797E-4 2.23139E-4 2.41334E-4 3.60126E-4 3.4598E-4 2.96888E-4 9.742E-4 5.64983E-4 2.91258E-4 1.2148E-4 8.75094E-5 8.42288E-5 8.48192E-5 8.04317E-5 7.99016E-5 9.9113E-5 1.16393E-4 1.23974E-4 1.26205E-4 1.00396E-4 1.20931E-4 1.30631E-4 1.15234E-4 1.30212E-4 1.04053E-4 1.18182E-4 1.21033E-4 1.37262E-4 1.4433E-4 1.53588E-4 1.32466E-4 1.42854E-4 1.63856E-4 1.50642E-4 6.32802E-4 4.49979E-4 4.28949E-4 4.39189E-4 3.80413E-4 5.97081E-4 5.02303E-4 1.35871E-4 2.56344E-4 4.88153E-4 4.41516E-4
5.56833E-5 5.59753E-5 5.64972E-5 7.42242E-5 7.23539E-5 6.08266E-5 1.7904E-4 1.45521E-4 7.91992E-5 5.79255E-5 6.72307E-5 6.12539E-5 6.32662E-5 9.35727E-5 1.58283E-4 1.70792E-4 1.61687E-4 9.99717E-5 1.26734E-4 1.30006E-4 1.6728E-4 1.04164E-4 2.46705E-4 2.58015E-4 4.14753E-4 1.13757E-4 3.21132E-4 5.36333E-4 5.2107E-4 8.38603E-4 2.58527E-4 1.45521E-4 1.05342E-4 9.54611E-5 8.69944E-5 1.27076E-4 1.40469E-4 1.34849E-4 1.25932E-4 1.04722E-4 9.93682E-5 1.14095E-4 1.00967E-4 1.2245E-4 8.12916E-5 1.07954E-4 9.44798E-5 1.3377E-4 1.31228E-4 1.39891E-4 1.46105E-4 1.31829E-4 3.44969E-4 1.48531E-4 2.10362E-4 4.42351E-4 2.89578E-4 3.1586E-4 4.53363E-4 4.9714E-4 2.41702E-4 6.09469E-4 3.66048E-4 1.46713E-4 3.29565E-4 4.09941E-4
5.21438E-5 5.62314E-5 7.63423E-5 7.93319E-5 8.50097E-5 6.82009E-5 6.52891E-5 7.20765E-5 7.62667E-5 7.65557E-5 7.80473E-5 6.85279E-5 6.94732E-5 1.63413E-4 1.63257E-4 1.48646E-4 1.45606E-4 1.14851E-4 1.88363E-4 1.86862E-4 1.81497E-4 1.59182E-4 1.28789E-4 1.47251E-4 2.03831E-4 8.04333E-5 8.47885E-5 3.22466E-4 3.38407E-4 1.68719E-4 1.97375E-4 2.35883E-4 2.71359E-4 2.16328E-4 2.61684E-4 1.71051E-4 1.26783E-4 1.00914E-4 1.06677E-4 1.02381E-4 9.05037E-5 8.17459E-5 8.306E-5 8.62898E-5 8.82658E-5 8.20856E-5 1.29568E-4 1.19388E-4 1.0961E-4 1.24022E-4 1.297E-4 1.32672E-4 2.90125E-4 1.36559E-4 3.17193E-4 3.94624E-4 4.48226E-4 3.41226E-4 4.38605E-4 5.01942E-4 4.42095E-4 4.0748E-4 3.42682E-4 1.55955E-4 1.55106E-4 3.87797E-4
3.69941E-5 5.60896E-5 5.9825E-5 5.97699E-5 6.30136E-5 6.63707E-5 6.7984E-5 7.78983E-5 7.88285E-5 7.52697E-5 7.60731E-5 6.70223E-5 1.65644E-4 1.8284E-4 1.71206E-4 9.2128E-5 1.42435E-4 1.62244E-4 1.69793E-4 1.79775E-4 1.78701E-4 1.86288E-4 2.93213E-4 1.69774E-4 9.32682E-5 9.3613E-5 8.30607E-5 8.99976E-5 9.50521E-5 2.48958E-4 2.02241E-4 2.13829E-4 2.02811E-4 2.27039E-4 4.79048E-4 4.89829E-4 1.32877E-4 1.11513E-4 1.27563E-4 1.62587E-4 1.21816E-4 9.93975E-5 4.14105E-5 3.15488E-5 4.95745E-5 7.02405E-5 1.42387E-4 6.09642E-5 1.34487E-4 1.07174E-4 2.88452E-4 2.16947E-4 3.02487E-4 3.02613E-4 1.67798E-4 3.30264E-4 2.65963E-4 3.12399E-4 5.30587E-4 5.57978E-4 5.79643E-4 4.13246E-4 1.52139E-4 1.63324E-4 1.96877E-4 2.36677E-4
4.05792E-5 4.56275E-5 4.05125E-5 4.41293E-5 6.17874E-5 6.63047E-5 1.11252E-4 7.79378E-5 8.74372E-5 7.7888E-5 7.52159E-5 1.36987E-4 1.20971E-4 1.72533E-4 1.80493E-4 9.75124E-5 1.37743E-4 1.42303E-4 1.36481E-4 1.44473E-4 1.60694E-4 2.11949E-4 2.14208E-4 1.17796E-4 1.24363E-4 3.76392E-4 7.28911E-5 1.41585E-4 1.19865E-4 1.47583E-4 1.41584E-4 1.91251E-4 2.51152E-4 9.64238E-4 5.13034E-4 3.33276E-4 1.56589E-4 1.0441E-4 9.5826E-5 1.2281E-4 5.76223E-5 4.0591E-5 3.14947E-5 2.77453E-5 8.18589E-5 1.68664E-4 4.85582E-4 1.80833E-4 2.94785E-4 2.92092E-4 3.12403E-4 3.39913E-4 3.85468E-4 3.8378E-4 1.47856E-4 1.96606E-4 2.43165E-4 4.20542E-4 1.53564E-4 3.33882E-4 3.54157E-4 4.18115E-4 1.67483E-4 1.45638E-4 1.51546E-4 2.35955E-4
8.02805E-5 1.21564E-4 1.88338E-4 4.6315E-4 3.92961E-4 3.29151E-4 4.5043E-4 1.53444E-4 6.79868E-5 8.71229E-5 1.13099E-4 2.61163E-4 1.32628E-4 1.24882E-4 1.20447E-4 1.38272E-4 1.53855E-4 1.43666E-4 1.27345E-4 1.7141E-4 2.5625E-4 1.46084E-4 1.72196E-4 1.05332E-4 9.99679E-5 1.34464E-4 1.90965E-4 1.61605E-4 2.02515E-4 4.47386E-4 3.21853E-4 3.25353E-4 2.08679E-4 2.15402E-4 5.66321E-4 5.41743E-4 2.28334E-4 1.15055E-4 1.08416E-4 8.98775E-5 6.5219E-5 6.66416E-5 5.40835E-5 1.22475E-4 7.77598E-5 1.93282E-4 2.57055E-4 4.28385E-4 3.92195E-4 7.0108E-4 2.90076E-4 4.54756E-4 4.23841E-4 3.78242E-4 2.49031E-4 1.24314E-4 2.03393E-4 3.27807E-4 4.33524E-4 1.02326E-4 1.03793E-4 1.50247E-4 1.61507E-4 1.40873E-4 1.65698E-4 1.57121E-4
7.46112E-4 5.70412E-4 1.95916E-3 6.29932E-4 2.31142E-4 2.21769E-4 2.27874E-4 2.07201E-4 1.58086E-4 2.02455E-4 1.18698E-4 1.30403E-4 1.46957E-4 1.2394E-4 1.2441E-4 1.17697E-4 1.47836E-4 1.17311E-4 1.21675E-4 1.29005E-4 3.31408E-4 1.14295E-4 3.5474E-4 8.39801E-5 9.33864E-5 1.25326E-4 3.47722E-4 2.85499E-4 2.17639E-4 2.37687E-4 2.96049E-4 3.25732E-4 1.08655E-4 3.3711E-4 3.90293E-4 1.09171E-3 7.14396E-4 2.53639E-4 1.31586E-4 3.20656E-4 4.00652E-4 4.39467E-4 1.71208E-4 1.60494E-4 1.06416E-4 9.03425E-5 2.31548E-4 2.61271E-4 3.99299E-4 4.03134E-4 4.23198E-4 1.03882E-3 6.27467E-4 2.23252E-4 1.11248E-4 1.01313E-4 1.00016E-4 1.5014E-4 3.01549E-4 9.41404E-5 2.64346E-4 1.58032E-4 1.42913E-4 1.46071E-4 9.97975E-5 9.10168E-5
2.33412E-4 2.46804E-4 9.50326E-4 4.79289E-4 3.51058E-4 2.72473E-4 2.42278E-4 2.29209E-4 9.99866E-5 9.5948E-5 9.49581E-5 9.72936E-5 1.08328E-4 1.1158E-4 1.00642E-4 1.26837E-4 1.29552E-4 1.19888E-4 1.60693E-4 1.2672E-4 1.01727E-4 1.91601E-4 3.87666E-4 1.88947E-4 8.41804E-5 8.95579E-5 2.80279E-4 4.34322E-4 7.74743E-4 3.73746E-4 5.34138E-4 5.60186E-4 2.59054E-4 5.064E-4 1.82451E-3 1.56987E-3 1.39209E-3 7.3974E-4 6.29766E-4 7.29748E-4 8.04532E-4 1.8725E-3 3.72301E-4 1.9667E-4 1.08155E-4 3.10366E-4 6.03035E-4 1.13294E-3 7.59081E-4 5.17106E-4 2.25665E-4 1.52725E-4 3.25463E-4 1.36298E-4 1.22114E-4 9.93438E-5 9.43382E-5 8.5371E-5 9.08016E-5 8.66457E-5 1.22417E-4 2.79504E-4 9.83736E-5 8.7674E-5 8.20479E-5 8.73137E-5
2.03154E-4 2.81292E-4 2.34572E-4 1.2083E-4 9.62751E-5 9.18598E-5 8.91708E-5 2.9933E-4 2.41926E-4 2.20755E-4 1.1111E-4 1.1587E-4 1.03242E-4 8.675E-5 8.16998E-5 7.87325E-5 9.57828E-5 1.03924E-4 1.48088E-4 2.63339E-4 1.26235E-4 1.33762E-4 1.91457E-4 3.63691E-4 1.29937E-4 4.76235E-4 8.22826E-4 1.17693E-3 1.37678E-3 7.8985E-4 7.27713E-4 6.57318E-4 8.25045E-4 1.63196E-3 1.83608E-3 1.60675E-3 1.71149E-3 1.12957E-3 1.53829E-4 3.1792E-4 9.75689E-4 1.32409E-3 1.16671E-3 8.50735E-5 3.54443E-5 1.19229E-4 3.09855E-4 8.87787E-4 1.07119E-3 4.59484E-4 9.33578E-5 6.20723E-5 3.48741E-4 3.11995E-4 1.84754E-4 1.06211E-4 1.24183E-4 1.44587E-4 7.99042E-5 7.45233E-5 7.75146E-5 8.83172E-5 1.11509E-4 1.1058E-4 1.38496E-4 1.4368E-4
3.11289E-4 4.31724E-4 3.71314E-4 1.10302E-4 9.6604E-5 8.60697E-5 8.37354E-5 3.24198E-4 2.43492E-4 2.34287E-4 2.07644E-4 2.02202E-4 1.79034E-4 1.71363E-4 1.68641E-4 1.44407E-4 2.39021E-4 2.6282E-4 2.94483E-4 2.14698E-4 2.67024E-4 3.98256E-4 1.07589E-3 5.17865E-4 2.05186E-4 8.2656E-4 1.24827E-3 1.74049E-3 7.09122E-4 3.30725E-4 2.13971E-4 2.54094E-4 3.66922E-4 3.76819E-4 5.19987E-4 1.2296E-3 1.56894E-3 1.25469E-3 2.06395E-4 1.79691E-4 1.47748E-4 8.6388E-5 2.04337E-4 9.26895E-5 3.54784E-5 3.78583E-5 6.49489E-5 1.54451E-4 6.31504E-4 2.35185E-4 5.80557E-5 5.83365E-5 1.20319E-4 1.04864E-4 3.85035E-4 3.227E-4 1.12674E-4 8.87444E-5 9.72247E-5 9.00529E-5 1.58801E-4 2.09334E-4 2.34842E-4 1.68179E-4 1.29498E-4 9.62396E-5
1.80558E-4 8.41557E-5 9.06588E-5 5.92164E-5 9.69502E-5 1.01322E-4 8.55117E-5 3.17209E-4 2.00449E-4 1.84715E-4 1.49866E-4 1.50093E-4 1.42859E-4 1.73382E-4 1.4741E-4 4.15209E-4 2.88018E-4 5.3846E-4 5.51718E-4 5.18022E-4 6.09116E-4 1.1108E-3 2.38904E-3 9.69563E-4 2.60782E-4 4.27501E-4 5.05443E-4 1.04563E-3 1.06804E-3 1.28215E-4 6.24345E-5 1.3026E-4 1.16523E-4 7.05714E-5 1.12048E-4 3.6329E-4 7.45681E-4 3.12961E-4 7.83328E-5 9.74697E-5 6.9199E-5 5.52941E-5 2.07631E-4 7.84469E-5 3.29577E-5 3.35896E-5 5.99224E-5 6.14915E-5 1.90816E-4 6.08933E-5 4.99712E-5 1.85795E-4 2.36111E-4 7.8111E-5 1.45749E-4 1.77009E-4 1.07595E-4 1.32386E-4 1.11834E-4 7.60774E-5 6.2382E-5 5.94838E-5 8.40581E-5 1.05386E-4 1.60585E-4 7.53543E-5
6.36149E-5 5.3004E-5 4.86431E-5 4.8028E-5 9.86675E-5 9.9618E-5 9.83349E-5 8.94729E-5 5.86048E-5 1.70834E-4 1.59228E-4 1.60082E-4 1.50893E-4 1.6303E-4 4.24807E-4 4.53412E-4 1.28925E-4 2.15235E-4 6.98411E-4 3.5525E-4 9.9793E-4 1.02644E-3 1.38211E-3 3.75837E-3 1.00222E-3 1.14583E-3 1.50679E-3 1.14547E-3 6.71668E-4 2.16197E-4 6.48669E-5 6.19025E-5 5.74548E-5 6.47796E-5 6.17176E-5 6.03585E-5 5.46428E-5 5.73118E-5 5.68972E-5 1.19585E-4 2.13187E-4 1.98155E-4 2.43642E-4 8.69422E-5 6.60226E-5 5.47247E-5 5.64868E-5 7.34002E-5 5.81903E-5 4.8937E-5 8.64004E-5 4.01789E-4 1.8903E-4 4.85049E-5 1.56713E-4 2.11649E-4 3.32964E-4 2.2604E-4 1.23781E-4 1.20317E-4 9.69573E-5 5.9467E-5 1.26344E-4 7.05624E-5 5.48991E-5 4.99413E-5
5.18535E-5 4.8125E-5 4.9309E-5 4.98002E-5 5.06547E-5 5.42887E-5 5.15217E-5 5.12661E-5 4.4394E-5 3.90663E-5 3.85285E-5 4.72921E-5 5.09867E-5 1.97981E-4 4.91517E-4 2.01106E-4 1.52206E-4 6.86774E-4 2.36529E-3 1.15744E-3 3.41376E-3 8.27826E-4 1.5214E-3 1.22855E-3 3.40267E-3 4.11998E-3 3.89659E-3 8.37822E-4 6.04046E-4 1.21082E-4 6.40946E-5 5.87927E-5 5.63148E-5 5.34466E-5 5.12175E-5 5.12786E-5 5.26796E-5 5.45321E-5 5.28287E-5 5.72614E-5 1.86091E-4 5.00966E-5 5.0076E-5 5.33476E-5 5.28521E-5 4.93476E-5 5.8224E-5 1.15814E-4 1.34636E-4 1.06604E-4 6.25675E-5 1.51714E-4 7.33353E-5 4.48972E-5 4.47411E-5 1.07372E-4 4.46147E-4 2.05551E-4 1.53136E-4 1.87821E-4 1.38796E-4 4.43793E-5 6.81462E-5 5.19489E-5 5.58483E-5 7.929E-5
5.21037E-5 4.82768E-5 4.90245E-5 6.16022E-5 6.04154E-5 5.19364E-5 5.50516E-5 5.4906E-5 5.09309E-5 4.07461E-5 4.45787E-5 5.55921E-5 6.11849E-5 5.6038E-5 8.79818E-5 9.90661E-5 4.00891E-5 1.72874E-4 2.2915E-3 2.9143E-3 2.97092E-3 3.50875E-3 9.96395E-4 9.17167E-4 4.3524E-4 8.76249E-4 1.82197E-3 1.08798E-3 4.51926E-4 6.50979E-5 6.20512E-5 5.64952E-5 5.51464E-5 5.34756E-5 5.07295E-5 4.99197E-5 4.91075E-5 5.11958E-5 5.09678E-5 6.9544E-5 9.59858E-5 5.04429E-5 5.33265E-5 5.45729E-5 5.51642E-5 5.61193E-5 6.14428E-5 6.40923E-5 5.65948E-5 5.80683E-5 9.23509E-5 1.17597E-4 9.87413E-5 5.24366E-5 1.28287E-4 4.30942E-5 1.02036E-4 1.6171E-4 1.77204E-4 1.01016E-4 5.74462E-5 4.75557E-5 4.98152E-5 4.4565E-5 8.67208E-5 4.90673E-4
6.1232E-5 7.11466E-5 5.77877E-5 6.03906E-5 5.40196E-5 3.67351E-5 4.67217E-5 4.48129E-5 4.19618E-5 4.07521E-5 4.73442E-5 5.07959E-5 5.07411E-5 4.33639E-5 1.99477E-4 1.30678E-4 2.58399E-5 3.59622E-5 5.67554E-4 6.95054E-4 6.09975E-4 6.61908E-4 4.36482E-4 9.62401E-4 6.13906E-4 4.65314E-4 2.61287E-3 7.52034E-4 2.05415E-4 6.16731E-5 5.75019E-5 5.50943E-5 5.2264E-5 5.16958E-5 5.04111E-5 5.02108E-5 5.05028E-5 4.99913E-5 4.89308E-5 5.22761E-5 4.85339E-5 4.73628E-5 5.22093E-5 5.24939E-5 5.24275E-5 5.16811E-5 7.2514E-5 5.73276E-5 5.6851E-5 5.42364E-5 5.42931E-5 5.93596E-5 5.92243E-5 9.79514E-5 4.92412E-5 9.3039E-5 1.84361E-4 2.3817E-4 1.7506E-4 7.56144E-5 5.43337E-5 4.09829E-5 4.65204E-5 5.43453E-5 1.17285E-4 1.90329E-4
3.38631E-5 4.08682E-5 5.24286E-5 5.56163E-5 4.74271E-5 4.78148E-5 4.43747E-5 4.23089E-5 4.48059E-5 7.74082E-5 8.21496E-5 1.39343E-4 1.52183E-4 6.24388E-5 1.56643E-4 1.30296E-4 2.34227E-5 2.32725E-5 1.47156E-4 6.26271E-4 7.57313E-4 8.0342E-4 5.0823E-4 2.13886E-4 4.1599E-4 1.22639E-4 8.37738E-4 6.31545E-4 9.33439E-5 4.52106E-5 5.61684E-5 5.39893E-5 5.15522E-5 5.07479E-5 5.00339E-5 5.05146E-5 5.12494E-5 4.87327E-5 5.16412E-5 5.14635E-5 4.72141E-5 4.51186E-5 5.2389E-5 5.44682E-5 5.08268E-5 5.1373E-5 6.82495E-5 5.43896E-5 5.77061E-5 6.1208E-5 5.57649E-5 4.65735E-5 4.67167E-5 3.78824E-5 4.60478E-5 4.10531E-5 1.64594E-4 2.46534E-4 1.31641E-4 1.14694E-4 4.23267E-5 4.46172E-5 4.63495E-5 4.74332E-5 4.68774E-5 7.40719E-5
4.01112E-5 4.10138E-5 3.25005E-5 3.45123E-5 5.99355E-5 4.40038E-5 6.22553E-5 1.11431E-4 1.44085E-4 1.20306E-4 4.24607E-5 8.24679E-5 9.00765E-5 3.40079E-5 2.47456E-5 2.18573E-5 2.27646E-5 3.28321E-5 2.55345E-5 1.98342E-4 4.78842E-4 6.53397E-4 7.55317E-4 2.00885E-4 3.48538E-4 4.6025E-4 8.88102E-4 1.72078E-4 5.0986E-5 4.41021E-5 3.62143E-5 5.02788E-5 5.15399E-5 5.03744E-5 4.83406E-5 5.04038E-5 5.25878E-5 5.27034E-5 5.3743E-5 5.21268E-5 4.56578E-5 4.62662E-5 4.69813E-5 5.18129E-5 5.52139E-5 8.37021E-5 8.21804E-5 5.87826E-5 5.71287E-5 5.7275E-5 5.61915E-5 4.83394E-5 4.73598E-5 3.60676E-5 3.9331E-5 4.88824E-5 5.69318E-5 1.50283E-4 6.91991E-5 4.38119E-5 4.44858E-5 4.97075E-5 5.42739E-5 5.78905E-5 4.8745E-5 6.45188E-5
3.538E-5 3.13156E-5 2.4255E-5 2.97374E-5 3.62433E-5 3.97892E-5 7.04121E-5 7.99363E-5 2.97352E-4 3.73887E-5 3.67043E-5 4.65567E-5 3.81273E-5 3.99925E-5 2.27113E-5 1.97025E-5 2.29391E-5 2.38783E-5 2.16887E-5 3.42546E-5 4.52237E-5 4.19869E-4 7.10683E-4 2.29322E-4 3.03302E-4 9.4004E-4 6.09863E-4 2.01361E-4 6.04896E-5 3.5647E-5 3.27621E-5 3.29793E-5 5.09968E-5 4.85826E-5 4.9744E-5 5.04617E-5 5.30631E-5 5.03491E-5 5.10208E-5 5.16532E-5 4.89807E-5 4.63766E-5 4.49569E-5 5.61212E-5 6.51728E-5 4.58569E-5 4.32378E-5 4.42575E-5 5.0839E-5 4.39573E-5 4.87864E-5 5.30697E-5 4.55193E-5 3.33366E-5 3.31673E-5 4.38801E-5 9.90541E-5 6.89878E-5 4.36185E-5 4.03039E-5 6.13125E-5 6.7642E-5 1.35436E-4 5.02848E-5 5.73791E-5 1.91332E-4
3.29715E-5 2.6499E-5 2.32603E-5 2.23604E-5 2.95017E-5 4.3475E-5 4.81967E-4 2.40956E-4 9.1806E-5 3.28737E-5 6.13232E-5 3.113E-5 2.68082E-5 3.09106E-5 2.648E-5 1.86148E-5 2.20138E-5 3.10266E-5 3.4625E-5 2.05854E-5 2.49334E-5 1.62237E-4 6.453E-4 5.04016E-4 6.01201E-4 9.28256E-4 5.8361E-4 1.24023E-4 5.41614E-5 3.43814E-5 3.23718E-5 3.51128E-5 3.25402E-5 5.42872E-5 5.62173E-5 4.95983E-5 5.24076E-5 4.99749E-5 4.9265E-5 5.00365E-5 4.82824E-5 4.79556E-5 5.20281E-5 6.82645E-5 8.07199E-5 1.16499E-4 7.0668E-5 5.16711E-5 4.64389E-5 4.65223E-5 4.58318E-5 5.04391E-5 8.51969E-5 4.57171E-5 4.20646E-5 1.36526E-4 1.42388E-4 1.39705E-4 -9999 4.9676E-5 4.30871E-5 8.32107E-5 1.27142E-4 2.48434E-4 1.09752E-4 2.04694E-4
