catData/rasterBestHybridModels/Fchaus/RD_RM1.5_H/Fchaus_stddev.asc
ncols         409
nrows         350
xllcorner     60.897278365
yllcorner     5.843756025
cellsize      0.0892857
NODATA_value  -9999
[rows 261 to 289 of 350, columns 132 to 197 of 409]
-9999 -9999 -9999 -9999 -9999 -9999 -9999 -9999 -9999 -9999 -9999 -9999 -9999 -9999 -9999 -9999 -9999 -9999 -9999 -9999 -9999 -9999 4.0069E-5 3.1917E-5 4.01964E-5 5.06393E-5 1.59669E-4 1.51843E-4 1.24601E-4 5.08368E-5 7.90594E-5 5.52932E-5 1.96963E-4 4.63527E-5 3.67156E-5 9.00791E-6 1.00174E-5 5.51841E-6 4.8366E-6 6.08038E-6 8.96165E-6 9.38015E-6 8.78307E-6 8.46966E-6 8.05277E-6 3.08069E-5 3.17784E-5 2.86834E-5 3.10701E-5 3.04175E-5 3.11473E-5 3.42693E-5 3.44587E-5 7.51805E-5 4.66843E-5 3.815E-5 2.81626E-5 3.21984E-5 2.8879E-5 3.18528E-5 3.17131E-5 3.77883E-5 4.56235E-5 4.845E-5 5.21683E-5 3.9711E-5
-9999 -9999 -9999 -9999 -9999 -9999 -9999 -9999 -9999 -9999 -9999 -9999 -9999 -9999 -9999 -9999 -9999 -9999 -9999 -9999 -9999 -9999 1.59131E-5 4.18406E-5 3.61971E-5 2.61471E-5 4.67648E-5 1.02466E-4 1.36559E-4 1.84636E-4 3.8559E-4 1.12138E-4 3.26866E-5 1.89104E-4 1.54344E-4 3.67954E-5 6.81349E-6 7.05108E-6 4.8878E-6 5.98223E-6 9.60344E-6 9.26219E-6 9.02702E-6 7.13003E-6 8.10824E-6 2.89815E-5 3.09997E-5 2.82707E-5 3.1937E-5 3.56188E-5 3.39045E-5 3.23527E-5 3.70598E-5 4.14494E-5 4.16517E-5 3.48562E-5 3.09448E-5 3.2233E-5 3.05573E-5 2.92586E-5 3.46608E-5 3.17101E-5 3.07826E-5 3.24059E-5 3.19265E-5 3.88116E-5
-9999 -9999 -9999 -9999 -9999 -9999 -9999 -9999 -9999 -9999 -9999 -9999 -9999 -9999 -9999 -9999 -9999 -9999 -9999 -9999 -9999 -9999 2.52813E-5 4.38223E-5 4.31592E-5 3.06565E-5 2.78162E-5 1.07183E-4 1.34206E-4 1.26002E-4 2.83034E-4 5.82194E-5 4.13014E-5 4.02836E-4 1.06148E-4 5.43125E-5 1.51717E-5 5.31396E-6 4.75557E-6 6.22411E-6 8.77429E-6 8.57702E-6 7.27558E-6 7.37473E-6 8.33586E-6 3.47761E-5 2.76516E-5 2.78201E-5 3.22302E-5 3.69434E-5 3.98081E-5 3.50383E-5 3.71446E-5 4.2117E-5 4.18461E-5 4.22034E-5 3.80137E-5 3.50933E-5 3.36189E-5 3.4578E-5 3.56467E-5 3.55652E-5 2.84362E-5 2.84218E-5 5.69727E-5 5.5026E-5
-9999 -9999 -9999 -9999 -9999 -9999 -9999 -9999 -9999 -9999 -9999 -9999 -9999 -9999 -9999 -9999 -9999 -9999 -9999 -9999 -9999 -9999 3.76503E-5 2.53658E-5 5.41948E-5 2.96907E-5 8.78474E-5 9.32679E-5 3.61636E-5 1.38473E-4 8.75485E-5 3.25081E-4 6.15646E-5 4.58425E-4 5.22708E-5 2.74249E-4 9.90325E-6 6.67522E-6 5.40223E-6 4.72761E-6 5.076E-6 8.51156E-6 8.73909E-6 8.52062E-6 7.76108E-6 2.80475E-5 2.86185E-5 2.95683E-5 5.5927E-5 5.75739E-5 3.56291E-5 3.69276E-5 4.13735E-5 4.03258E-5 4.05719E-5 7.0389E-5 4.41643E-5 3.8299E-5 3.54243E-5 3.55119E-5 3.56679E-5 3.41643E-5 2.85789E-5 2.80971E-5 5.836E-5 4.86511E-5
-9999 -9999 -9999 -9999 -9999 -9999 -9999 -9999 -9999 -9999 -9999 -9999 -9999 -9999 -9999 -9999 -9999 -9999 -9999 -9999 -9999 -9999 -9999 3.39643E-5 5.80544E-5 4.52021E-5 8.12242E-6 5.95354E-5 1.36412E-4 8.33749E-5 1.00452E-4 2.13584E-4 1.3199E-5 1.31872E-5 7.97155E-5 4.62075E-5 3.00771E-5 5.11587E-6 7.02682E-6 5.66288E-6 5.26036E-6 9.61677E-6 9.80986E-6 7.98379E-6 8.01792E-6 2.90259E-5 3.37235E-5 3.24049E-5 7.4318E-5 6.49917E-5 7.51665E-5 3.45753E-5 4.16756E-5 7.13002E-5 4.41245E-5 4.33912E-5 4.29516E-5 3.75076E-5 3.69908E-5 3.8099E-5 3.81084E-5 3.14714E-5 3.29432E-5 2.83018E-5 3.76764E-5 3.32275E-5
-9999 -9999 -9999 -9999 -9999 -9999 -9999 -9999 -9999 -9999 -9999 -9999 -9999 -9999 -9999 -9999 -9999 -9999 -9999 -9999 -9999 -9999 -9999 2.02339E-5 4.28117E-5 2.9651E-5 1.61235E-5 4.92285E-5 1.02595E-4 2.18119E-5 9.32057E-5 4.3182E-4 2.67196E-4 3.84248E-5 4.53055E-5 2.84183E-5 2.84644E-5 5.08951E-6 5.70417E-6 5.97404E-6 5.83421E-6 6.14176E-6 1.05095E-5 9.50427E-6 8.96976E-6 3.48239E-5 3.49541E-5 3.46399E-5 5.90092E-5 7.16126E-5 7.33231E-5 4.74528E-5 4.31258E-5 4.31147E-5 4.53396E-5 4.73696E-5 4.90108E-5 3.80718E-5 3.68627E-5 4.02013E-5 3.95419E-5 3.19464E-5 3.00906E-5 3.09268E-5 3.11741E-5 3.6567E-5
-9999 -9999 -9999 -9999 -9999 -9999 -9999 -9999 -9999 -9999 -9999 -9999 -9999 -9999 -9999 -9999 -9999 -9999 -9999 -9999 -9999 -9999 -9999 1.41255E-5 1.45468E-5 1.71087E-5 2.45747E-5 4.88644E-6 1.15717E-4 3.26249E-4 2.49025E-5 1.28453E-4 1.15279E-4 1.48083E-5 1.57616E-5 3.22989E-5 3.15935E-5 5.2943E-6 5.45376E-6 5.4717E-6 5.49815E-6 6.48572E-6 1.05935E-5 9.38901E-6 1.01265E-5 4.49198E-5 3.25744E-5 3.26868E-5 5.76419E-5 5.89523E-5 5.58541E-5 4.60555E-5 4.6661E-5 7.3417E-5 1.05242E-4 7.87796E-5 5.00673E-5 4.52803E-5 4.53464E-5 4.75783E-5 4.79682E-5 4.94499E-5 3.60095E-5 3.58041E-5 3.34385E-5 3.34388E-5
-9999 -9999 -9999 -9999 -9999 -9999 -9999 -9999 -9999 -9999 -9999 -9999 -9999 -9999 -9999 -9999 -9999 -9999 -9999 -9999 -9999 -9999 -9999 2.64488E-5 2.12224E-5 3.0407E-5 2.42762E-5 1.60367E-5 7.90432E-5 2.42543E-5 7.06119E-5 2.51528E-5 2.85834E-4 3.20362E-5 1.60974E-5 3.47807E-5 3.32638E-5 3.81402E-5 8.25231E-6 7.51561E-6 5.22807E-6 7.35633E-6 1.02609E-5 8.92723E-6 8.71785E-6 3.67466E-5 3.06172E-5 2.9356E-5 3.97116E-5 4.38433E-5 3.67117E-5 4.09604E-5 5.56297E-5 2.02489E-4 2.5485E-4 2.0621E-4 1.12608E-4 4.58682E-5 4.44963E-5 4.68698E-5 4.97237E-5 4.97742E-5 4.18661E-5 3.35881E-5 3.35668E-5 9.5165E-6
-9999 -9999 -9999 -9999 -9999 -9999 -9999 -9999 -9999 -9999 -9999 -9999 -9999 -9999 -9999 -9999 -9999 -9999 -9999 -9999 -9999 -9999 -9999 -9999 1.65262E-4 2.35183E-5 2.83331E-5 2.87878E-5 4.27623E-6 9.92696E-6 7.87717E-5 6.40114E-6 1.88551E-4 1.02407E-4 3.53342E-5 2.01038E-5 3.5086E-5 4.75474E-5 8.60684E-6 8.52977E-6 6.36379E-6 6.04276E-6 8.31456E-6 9.20844E-6 8.28658E-6 3.20947E-5 3.02944E-5 3.13704E-5 5.50495E-5 3.416E-5 3.45147E-5 3.77708E-5 8.78397E-5 2.01663E-4 2.02315E-4 2.38156E-4 2.5266E-4 4.75083E-5 4.15491E-5 4.13925E-5 4.66703E-5 5.75141E-5 5.51463E-5 4.70776E-5 3.75459E-5 1.00164E-5
-9999 -9999 -9999 -9999 -9999 -9999 -9999 -9999 -9999 -9999 -9999 -9999 -9999 -9999 -9999 -9999 -9999 -9999 -9999 -9999 -9999 -9999 -9999 -9999 6.41312E-5 1.04285E-4 4.12485E-5 3.73808E-5 4.06264E-6 2.22461E-5 2.95792E-5 1.79348E-5 8.30115E-5 1.27427E-4 4.30137E-5 4.19067E-5 3.72287E-5 3.85643E-5 4.93377E-5 8.32802E-6 7.49118E-6 1.72696E-5 7.14505E-6 8.858E-6 7.72453E-6 3.09454E-5 2.88316E-5 3.13974E-5 3.16135E-5 3.21608E-5 3.59962E-5 6.29842E-5 2.59263E-4 2.60831E-4 2.48617E-4 2.40015E-4 2.6047E-4 4.92421E-5 4.11312E-5 3.95635E-5 4.29487E-5 5.81603E-5 5.867E-5 5.45692E-5 1.06684E-5 5.75679E-6
-9999 -9999 -9999 -9999 -9999 -9999 -9999 -9999 -9999 -9999 -9999 -9999 -9999 -9999 -9999 -9999 -9999 -9999 -9999 -9999 -9999 -9999 -9999 -9999 8.3174E-5 6.86007E-5 4.33079E-5 3.77218E-5 1.54365E-5 2.5959E-5 1.56131E-5 1.30282E-5 8.52172E-5 8.07774E-5 1.37056E-4 8.78211E-5 1.31513E-5 4.50357E-5 4.86957E-5 7.41172E-6 1.82477E-5 4.40057E-5 1.53601E-5 8.61358E-6 7.70345E-6 2.84499E-5 2.95782E-5 3.68084E-5 3.27343E-5 3.27166E-5 3.72313E-5 4.59181E-5 7.71926E-5 3.84314E-4 2.87309E-4 2.22459E-4 6.50305E-5 5.21199E-5 4.31025E-5 4.02134E-5 5.02792E-5 6.18615E-5 4.6624E-5 3.57204E-5 9.13181E-6 6.3975E-6
-9999 -9999 -9999 -9999 -9999 -9999 -9999 -9999 -9999 -9999 -9999 -9999 -9999 -9999 -9999 -9999 -9999 -9999 -9999 -9999 -9999 -9999 -9999 -9999 2.61026E-5 2.18691E-5 3.96711E-5 4.94571E-5 2.95141E-5 5.01744E-6 1.1093E-4 7.09914E-5 3.524E-5 8.44226E-5 8.76639E-5 4.49024E-5 8.40257E-5 1.08237E-5 4.04219E-5 4.19224E-5 7.44111E-6 7.46067E-6 7.09816E-6 7.20006E-6 7.94029E-6 3.04165E-5 3.26263E-5 4.75651E-5 4.75064E-5 5.68389E-5 7.90866E-5 7.84438E-5 5.79687E-5 9.91904E-5 9.17103E-5 6.19913E-5 6.37969E-5 4.60382E-5 4.39641E-5 4.37462E-5 4.67195E-5 6.63612E-5 8.65152E-5 1.08113E-5 1.12896E-5 6.32203E-6
-9999 -9999 -9999 -9999 -9999 -9999 -9999 -9999 -9999 -9999 -9999 -9999 -9999 -9999 -9999 -9999 -9999 -9999 -9999 -9999 -9999 -9999 -9999 -9999 -9999 4.72081E-5 4.04988E-5 6.37001E-5 3.04317E-5 8.87744E-6 1.05383E-5 2.61053E-5 8.09848E-5 3.66713E-5 7.5256E-5 5.22723E-5 8.93886E-5 3.90594E-5 7.16801E-6 3.8756E-5 6.68113E-6 6.73991E-6 1.27936E-5 1.02701E-5 1.01263E-5 4.86081E-5 7.25887E-5 8.45913E-5 8.08036E-5 1.17541E-4 1.02549E-4 1.08161E-4 8.72388E-5 3.43028E-5 4.78738E-5 9.93055E-5 4.2564E-5 4.43784E-5 4.68227E-5 4.3998E-5 5.08634E-5 4.41894E-5 1.13525E-4 1.14312E-5 1.0023E-5 6.29332E-6
-9999 -9999 -9999 -9999 -9999 -9999 -9999 -9999 -9999 -9999 -9999 -9999 -9999 -9999 -9999 -9999 -9999 -9999 -9999 -9999 -9999 -9999 -9999 -9999 -9999 -9999 4.12308E-5 5.95569E-5 5.3635E-5 3.09809E-5 1.04123E-4 9.42685E-5 2.94587E-5 3.81318E-5 5.04991E-5 8.73254E-5 8.77933E-5 4.06127E-5 7.55536E-6 9.30543E-6 5.08262E-5 8.77847E-6 8.09469E-6 8.50558E-6 8.03232E-6 5.78651E-5 1.52038E-4 1.45081E-4 7.33668E-5 1.26675E-4 1.24924E-4 1.15617E-4 3.49158E-5 3.30866E-5 8.26708E-5 5.68816E-5 3.68095E-5 3.32787E-5 3.77951E-5 4.2632E-5 4.58699E-5 4.19345E-5 9.60273E-6 9.93889E-6 8.59049E-6 5.61714E-6
-9999 -9999 -9999 -9999 -9999 -9999 -9999 -9999 -9999 -9999 -9999 -9999 -9999 -9999 -9999 -9999 -9999 -9999 -9999 -9999 -9999 -9999 -9999 -9999 -9999 -9999 4.11352E-5 4.44737E-5 4.16435E-5 2.87768E-5 9.03795E-5 2.19818E-5 7.15037E-5 9.02224E-5 6.47421E-5 8.50142E-5 6.82267E-5 3.48508E-5 3.71896E-5 8.87581E-6 5.51166E-5 1.21677E-5 1.07789E-5 8.32425E-6 1.27846E-5 1.49066E-5 1.07235E-4 1.66493E-4 6.93128E-5 6.93981E-5 1.12332E-4 6.76705E-5 3.44979E-5 3.87493E-5 8.48469E-5 9.55161E-5 3.50303E-5 3.78347E-5 5.958E-5 3.53726E-5 4.26826E-5 3.84867E-5 8.44465E-6 8.02463E-6 4.0051E-6 4.41446E-6
-9999 -9999 -9999 -9999 -9999 -9999 -9999 -9999 -9999 -9999 -9999 -9999 -9999 -9999 -9999 -9999 -9999 -9999 -9999 -9999 -9999 -9999 -9999 -9999 -9999 -9999 -9999 3.95821E-5 1.70765E-5 1.13887E-5 3.57682E-5 4.60073E-5 6.84072E-5 9.1917E-5 1.01804E-4 4.79211E-5 9.34182E-5 2.82686E-5 3.4985E-5 1.03092E-5 8.28268E-6 4.89747E-5 2.10678E-5 2.01084E-5 3.19791E-5 2.69982E-5 5.24589E-5 1.0227E-4 9.29683E-5 8.37696E-5 4.62976E-5 8.15932E-5 4.49553E-5 3.42788E-5 4.505E-5 9.07185E-5 9.07104E-5 6.68101E-5 1.83594E-4 3.70314E-5 4.41232E-5 9.22189E-6 7.90741E-6 7.60397E-6 4.07507E-6 2.14294E-5
-9999 -9999 -9999 -9999 -9999 -9999 -9999 -9999 -9999 -9999 -9999 -9999 -9999 -9999 -9999 -9999 -9999 -9999 -9999 -9999 -9999 -9999 -9999 -9999 -9999 -9999 -9999 4.27535E-5 4.25333E-5 6.63744E-5 2.4407E-5 4.33388E-5 8.26407E-5 8.87066E-5 1.15086E-4 2.51743E-5 8.59164E-5 6.29765E-5 3.49176E-5 3.68001E-5 8.38239E-6 4.02714E-5 8.80949E-6 8.2626E-5 8.88784E-5 3.03791E-5 1.69821E-5 5.4348E-5 3.6156E-5 3.61599E-5 3.65408E-5 9.48636E-5 9.8444E-5 9.4759E-5 8.55453E-5 1.02314E-4 1.07354E-4 2.1514E-4 1.43047E-4 8.22148E-5 1.05448E-5 8.61069E-6 7.95177E-6 8.12729E-6 2.92814E-5 7.25446E-6
-9999 -9999 -9999 -9999 -9999 -9999 -9999 -9999 -9999 -9999 -9999 -9999 -9999 -9999 -9999 -9999 -9999 -9999 -9999 -9999 -9999 -9999 -9999 -9999 -9999 -9999 -9999 -9999 4.06332E-5 6.59079E-5 2.37075E-5 4.56887E-5 7.24479E-5 6.80111E-5 1.85181E-4 1.63924E-4 6.96584E-5 3.32889E-4 7.48254E-5 4.52581E-5 9.07671E-6 4.05267E-5 3.89773E-5 8.79784E-5 2.03538E-4 8.86175E-5 3.24159E-5 8.63981E-6 3.72049E-5 4.49713E-5 4.79017E-5 4.57596E-5 1.1005E-4 1.10055E-4 1.33675E-4 1.117E-4 1.625E-4 2.19012E-4 7.21368E-5 5.9849E-5 9.09648E-6 9.08375E-6 6.94815E-6 6.2885E-6 2.54491E-5 8.2451E-6
-9999 -9999 -9999 -9999 -9999 -9999 -9999 -9999 -9999 -9999 -9999 -9999 -9999 -9999 -9999 -9999 -9999 -9999 -9999 -9999 -9999 -9999 -9999 -9999 -9999 -9999 -9999 -9999 5.77222E-5 1.74664E-4 7.11528E-5 2.11964E-5 3.03337E-5 5.79338E-5 7.78189E-5 1.57557E-4 1.56023E-4 1.58615E-4 2.12759E-4 8.12747E-5 5.57816E-5 8.74544E-6 2.68898E-5 3.89544E-5 2.23173E-5 1.01127E-5 1.24833E-5 9.05331E-6 8.08315E-6 6.77295E-5 5.25323E-5 3.88236E-5 4.74646E-5 1.30732E-4 2.16914E-4 2.26874E-4 5.65042E-5 9.82793E-5 3.43261E-5 6.52883E-6 9.20414E-6 1.11364E-5 9.39131E-6 4.8039E-6 6.70874E-6 9.02059E-6
-9999 -9999 -9999 -9999 -9999 -9999 -9999 -9999 -9999 -9999 -9999 -9999 -9999 -9999 -9999 -9999 -9999 -9999 -9999 -9999 -9999 -9999 -9999 -9999 -9999 -9999 -9999 -9999 1.03347E-4 1.12535E-4 8.83484E-5 5.01624E-5 2.83829E-4 1.40568E-4 9.54855E-5 6.19124E-5 1.47608E-4 1.55929E-4 1.16498E-4 6.65949E-5 3.55716E-5 9.65931E-6 1.16717E-5 9.41241E-6 1.35907E-5 9.67029E-6 1.42358E-5 1.13367E-5 9.73911E-6 1.56339E-5 2.90723E-4 9.08868E-5 4.26909E-5 1.24468E-4 1.83256E-4 4.24034E-4 1.09904E-4 7.79252E-5 5.23145E-5 6.79718E-6 1.05276E-5 1.95879E-5 1.24477E-5 7.30055E-6 6.37801E-6 8.94339E-6
-9999 -9999 -9999 -9999 -9999 -9999 -9999 -9999 -9999 -9999 -9999 -9999 -9999 -9999 -9999 -9999 -9999 -9999 -9999 -9999 -9999 -9999 -9999 -9999 -9999 -9999 -9999 -9999 -9999 6.16334E-4 9.34001E-5 5.98625E-5 7.51223E-5 1.73843E-4 6.99479E-5 4.72671E-5 6.62125E-5 1.06358E-4 1.39703E-4 9.18184E-5 2.76989E-5 3.81025E-5 9.54759E-6 1.29164E-5 6.53671E-6 3.53805E-5 4.07524E-5 4.20893E-5 9.47892E-5 9.49058E-5 6.7651E-5 3.15793E-4 2.20555E-4 3.1872E-4 1.60806E-4 1.45984E-4 8.44072E-5 3.90712E-5 5.45606E-5 8.93332E-6 1.42401E-5 2.64419E-5 4.64367E-5 1.49897E-5 1.42118E-5 3.50673E-5
-9999 -9999 -9999 -9999 -9999 -9999 -9999 -9999 -9999 -9999 -9999 -9999 -9999 -9999 -9999 -9999 -9999 -9999 -9999 -9999 -9999 -9999 -9999 -9999 -9999 -9999 -9999 -9999 -9999 -9999 3.06575E-4 1.29615E-4 6.64209E-5 1.55372E-5 1.47192E-4 9.84156E-5 9.05299E-5 1.19755E-4 9.9029E-5 9.20508E-5 6.40958E-5 7.07585E-5 8.49221E-5 9.62374E-5 8.78437E-6 3.36781E-5 2.99317E-5 4.78387E-5 1.04249E-4 4.78815E-4 1.35028E-4 1.49005E-4 3.85021E-4 2.94229E-4 1.03452E-4 9.89331E-5 4.00115E-5 2.72741E-5 6.32172E-6 6.3115E-6 3.52248E-5 1.25954E-4 4.4878E-5 3.34179E-5 1.60302E-5 2.64785E-5
-9999 -9999 -9999 -9999 -9999 -9999 -9999 -9999 -9999 -9999 -9999 -9999 -9999 -9999 -9999 -9999 -9999 -9999 -9999 -9999 -9999 -9999 -9999 -9999 -9999 -9999 -9999 -9999 -9999 -9999 -9999 5.62698E-5 3.60404E-5 8.30473E-5 2.21398E-4 8.92707E-5 1.26517E-4 1.21146E-4 1.04349E-4 6.26677E-5 6.91705E-5 5.08056E-4 3.79685E-4 8.61924E-5 3.45546E-5 8.40653E-6 2.65576E-5 3.26148E-5 6.57718E-5 9.30772E-5 3.76097E-5 9.54618E-5 1.20804E-4 1.17154E-5 1.02073E-5 1.24643E-5 6.20255E-6 8.21409E-6 5.6004E-6 2.72055E-5 3.99014E-5 4.40328E-5 7.22154E-5 3.16017E-5 2.99738E-5 3.05152E-5
-9999 -9999 -9999 -9999 -9999 -9999 -9999 -9999 -9999 -9999 -9999 -9999 -9999 -9999 -9999 -9999 -9999 -9999 -9999 -9999 -9999 -9999 -9999 -9999 -9999 -9999 -9999 -9999 -9999 -9999 -9999 -9999 9.2318E-5 9.66412E-5 8.08275E-5 1.72824E-4 1.49985E-4 9.18799E-5 7.64836E-5 3.82375E-5 1.56238E-4 2.04559E-4 3.48691E-4 3.0586E-4 8.91678E-5 3.42529E-5 1.16087E-4 7.85882E-5 1.09615E-4 7.18599E-5 3.68706E-5 1.54089E-4 9.81979E-5 7.39945E-6 1.01346E-5 5.87395E-6 1.11872E-5 6.36497E-6 2.15622E-5 2.81052E-5 7.94482E-5 4.49574E-4 1.75968E-4 1.35693E-5 1.75238E-5 2.6786E-5
-9999 -9999 -9999 -9999 -9999 -9999 -9999 -9999 -9999 -9999 -9999 -9999 -9999 -9999 -9999 -9999 -9999 -9999 -9999 -9999 -9999 -9999 -9999 -9999 -9999 -9999 -9999 -9999 -9999 -9999 -9999 -9999 1.10523E-4 1.08513E-4 9.80818E-5 1.85704E-4 1.10328E-4 6.70494E-5 1.17857E-4 5.7543E-5 1.36388E-4 1.77818E-4 4.9442E-5 5.59561E-4 8.96815E-5 4.30025E-5 9.40486E-5 4.47081E-5 1.46128E-4 5.49487E-5 9.9253E-5 9.361E-5 4.84716E-5 8.32754E-6 6.14144E-6 3.64726E-6 1.561E-5 2.43079E-5 3.2379E-5 4.58181E-5 3.02025E-4 5.61826E-4 1.11363E-3 1.24601E-5 8.32451E-6 1.51852E-5
-9999 -9999 -9999 -9999 -9999 -9999 -9999 -9999 -9999 -9999 -9999 -9999 -9999 -9999 -9999 -9999 -9999 -9999 -9999 -9999 -9999 -9999 -9999 -9999 -9999 -9999 -9999 -9999 -9999 -9999 -9999 -9999 -9999 1.06063E-4 7.35994E-5 3.3941E-5 1.5685E-4 2.54701E-4 1.03579E-4 3.61095E-5 7.20498E-5 5.94137E-5 1.91118E-5 1.72249E-5 1.70111E-5 1.12743E-4 4.50217E-5 9.27639E-5 1.73917E-4 6.5039E-5 1.01262E-4 9.77732E-5 1.14148E-4 4.48444E-5 1.55672E-5 4.33884E-6 1.55935E-5 1.90598E-5 2.74927E-5 2.83505E-5 7.07898E-5 3.7342E-5 1.63879E-5 2.23821E-5 1.66262E-5 3.17425E-5
-9999 -9999 -9999 -9999 -9999 -9999 -9999 -9999 -9999 -9999 -9999 -9999 -9999 -9999 -9999 -9999 -9999 -9999 -9999 -9999 -9999 -9999 -9999 -9999 -9999 -9999 -9999 -9999 -9999 -9999 -9999 -9999 -9999 -9999 8.19986E-5 9.55127E-5 2.93456E-5 1.83678E-4 1.66312E-4 3.34135E-5 1.00933E-4 3.61636E-5 8.23791E-6 8.81794E-6 1.86503E-5 6.13841E-5 2.84245E-5 3.00896E-5 9.22199E-5 7.22733E-6 4.027E-5 1.90405E-5 2.33526E-5 1.02963E-5 1.77435E-5 5.02468E-6 2.18939E-5 2.70396E-5 2.67748E-5 2.87514E-5 2.06333E-5 1.41532E-5 9.07403E-6 4.04894E-5 3.11468E-5 3.30108E-5
-9999 -9999 -9999 -9999 -9999 -9999 -9999 -9999 -9999 -9999 -9999 -9999 -9999 -9999 -9999 -9999 -9999 -9999 -9999 -9999 -9999 -9999 -9999 -9999 -9999 -9999 -9999 -9999 -9999 -9999 -9999 -9999 -9999 -9999 1.38025E-4 1.2034E-4 1.17888E-4 1.559E-4 1.07806E-4 9.93264E-5 2.98484E-5 1.05826E-4 3.63124E-5 1.06298E-4 1.1622E-4 1.87134E-4 7.83613E-5 9.78824E-5 1.05447E-5 1.78398E-5 3.82871E-6 1.97588E-5 4.69556E-6 3.93947E-6 6.08453E-6 1.21046E-5 3.65016E-5 2.56375E-5 2.32516E-5 2.42303E-5 1.9608E-5 1.32063E-5 2.2638E-5 2.16817E-5 2.53847E-5 3.35016E-5
-9999 -9999 -9999 -9999 -9999 -9999 -9999 -9999 -9999 -9999 -9999 -9999 -9999 -9999 -9999 -9999 -9999 -9999 -9999 -9999 -9999 -9999 -9999 -9999 -9999 -9999 -9999 -9999 -9999 -9999 -9999 -9999 -9999 -9999 -9999 2.27751E-4 2.74671E-5 2.33052E-5 3.53589E-4 3.66497E-5 9.24861E-5 7.01478E-5 4.7535E-5 1.48645E-4 1.03468E-4 1.81375E-4 8.7875E-5 7.14941E-6 7.42018E-6 1.83117E-5 2.49885E-5 2.03336E-5 3.56974E-5 3.43343E-6 4.43841E-6 5.45776E-6 4.19067E-5 3.70612E-5 1.63771E-5 1.51702E-5 1.55557E-5 1.32524E-5 1.31798E-5 2.04208E-5 1.42928E-5 7.92978E-6
