catData/rasterBestHybridModels/Fchaus/RD_RM1.5_H/Fchaus_min.asc
ncols         409
nrows         350
xllcorner     60.897278365
yllcorner     5.843756025
cellsize      0.0892857
NODATA_value  -9999
[rows 87 to 115 of 350, columns 264 to 329 of 409]
-9999 -9999 -9999 -9999 -9999 -9999 -9999 -9999 -9999 -9999 -9999 -9999 -9999 -9999 -9999 -9999 -9999 -9999 -9999 -9999 -9999 -9999 -9999 -9999 -9999 -9999 -9999 -9999 -9999 -9999 -9999 -9999 -9999 -9999 -9999 -9999 -9999 -9999 -9999 -9999 -9999 -9999 -9999 -9999 -9999 -9999 -9999 -9999 -9999 -9999 -9999 -9999 -9999 -9999 -9999 -9999 -9999 -9999 -9999 -9999 -9999 -9999 -9999 -9999 -9999 -9999
-9999 -9999 -9999 -9999 -9999 -9999 -9999 -9999 -9999 -9999 -9999 -9999 -9999 -9999 -9999 -9999 -9999 -9999 -9999 -9999 -9999 -9999 -9999 -9999 -9999 -9999 -9999 -9999 -9999 -9999 -9999 -9999 -9999 -9999 -9999 -9999 -9999 -9999 -9999 -9999 -9999 -9999 -9999 -9999 -9999 -9999 -9999 -9999 -9999 -9999 -9999 -9999 -9999 -9999 -9999 -9999 -9999 -9999 -9999 -9999 -9999 -9999 -9999 -9999 -9999 -9999
-9999 -9999 -9999 -9999 -9999 -9999 -9999 -9999 -9999 -9999 -9999 -9999 -9999 -9999 -9999 -9999 -9999 -9999 -9999 -9999 -9999 -9999 -9999 -9999 -9999 -9999 -9999 -9999 -9999 -9999 -9999 -9999 -9999 -9999 -9999 -9999 -9999 -9999 -9999 -9999 -9999 -9999 -9999 -9999 -9999 -9999 -9999 -9999 -9999 -9999 -9999 -9999 -9999 -9999 -9999 -9999 -9999 -9999 -9999 -9999 -9999 -9999 -9999 -9999 -9999 -9999
-9999 -9999 -9999 -9999 -9999 -9999 -9999 -9999 -9999 -9999 -9999 -9999 -9999 -9999 -9999 -9999 -9999 -9999 -9999 -9999 -9999 -9999 -9999 -9999 -9999 -9999 -9999 -9999 -9999 -9999 -9999 -9999 -9999 -9999 -9999 -9999 -9999 -9999 -9999 -9999 -9999 -9999 -9999 -9999 -9999 -9999 -9999 -9999 -9999 -9999 -9999 -9999 -9999 -9999 -9999 -9999 -9999 -9999 -9999 -9999 -9999 -9999 -9999 -9999 -9999 -9999
-9999 -9999 -9999 -9999 -9999 -9999 -9999 -9999 -9999 -9999 -9999 -9999 -9999 -9999 -9999 -9999 -9999 -9999 -9999 -9999 -9999 -9999 -9999 -9999 -9999 -9999 -9999 -9999 -9999 -9999 -9999 -9999 -9999 -9999 -9999 -9999 -9999 -9999 -9999 -9999 -9999 -9999 -9999 -9999 -9999 -9999 -9999 -9999 -9999 -9999 -9999 -9999 -9999 -9999 -9999 -9999 -9999 -9999 -9999 -9999 -9999 -9999 -9999 -9999 -9999 -9999
-9999 -9999 -9999 -9999 -9999 -9999 -9999 -9999 -9999 -9999 -9999 -9999 -9999 -9999 -9999 -9999 -9999 -9999 -9999 -9999 -9999 -9999 -9999 -9999 -9999 -9999 -9999 -9999 -9999 -9999 -9999 -9999 -9999 -9999 -9999 -9999 -9999 -9999 -9999 -9999 -9999 -9999 -9999 -9999 -9999 -9999 -9999 -9999 -9999 -9999 -9999 -9999 -9999 -9999 -9999 -9999 -9999 -9999 -9999 -9999 -9999 -9999 -9999 -9999 -9999 -9999
-9999 9.95443E-6 -9999 -9999 -9999 -9999 -9999 -9999 -9999 -9999 -9999 -9999 -9999 -9999 -9999 -9999 -9999 -9999 -9999 -9999 -9999 -9999 -9999 -9999 -9999 -9999 -9999 -9999 -9999 -9999 -9999 -9999 -9999 -9999 -9999 -9999 -9999 -9999 -9999 -9999 -9999 -9999 -9999 -9999 -9999 -9999 -9999 -9999 -9999 -9999 -9999 -9999 -9999 -9999 -9999 -9999 -9999 -9999 -9999 -9999 -9999 -9999 -9999 -9999 -9999 -9999
4.68908E-6 2.76787E-5 -9999 -9999 -9999 -9999 2.75949E-5 3.03622E-5 -9999 -9999 -9999 -9999 -9999 -9999 -9999 -9999 -9999 -9999 -9999 -9999 -9999 -9999 -9999 -9999 -9999 -9999 -9999 -9999 -9999 -9999 -9999 -9999 -9999 -9999 -9999 -9999 -9999 -9999 -9999 -9999 -9999 -9999 -9999 -9999 -9999 -9999 -9999 -9999 -9999 -9999 -9999 -9999 -9999 -9999 -9999 -9999 -9999 -9999 -9999 -9999 -9999 -9999 -9999 -9999 -9999 -9999
4.04275E-6 2.74839E-5 3.98618E-5 4.92112E-5 4.26962E-5 3.01069E-5 2.9951E-5 3.30973E-5 -9999 -9999 -9999 -9999 -9999 -9999 -9999 -9999 -9999 -9999 -9999 -9999 -9999 -9999 -9999 -9999 -9999 -9999 -9999 -9999 -9999 -9999 -9999 -9999 -9999 -9999 -9999 -9999 -9999 -9999 -9999 -9999 -9999 -9999 -9999 -9999 -9999 -9999 -9999 -9999 -9999 -9999 -9999 -9999 -9999 -9999 -9999 -9999 -9999 -9999 -9999 -9999 -9999 -9999 -9999 -9999 -9999 -9999
9.7571E-6 4.90274E-5 5.51784E-5 3.87017E-5 5.20412E-5 4.10971E-5 3.70516E-5 2.199E-5 -9999 -9999 -9999 -9999 -9999 -9999 -9999 -9999 -9999 -9999 -9999 -9999 -9999 -9999 -9999 -9999 -9999 -9999 -9999 -9999 -9999 -9999 -9999 -9999 -9999 -9999 -9999 -9999 -9999 -9999 -9999 -9999 -9999 -9999 -9999 -9999 -9999 -9999 -9999 -9999 -9999 -9999 -9999 -9999 -9999 -9999 -9999 -9999 -9999 -9999 -9999 -9999 -9999 -9999 -9999 -9999 -9999 -9999
2.93182E-5 1.11771E-5 1.73354E-5 1.93867E-5 9.94083E-5 4.5949E-5 3.90731E-5 -9999 -9999 -9999 -9999 -9999 -9999 -9999 -9999 -9999 -9999 -9999 -9999 -9999 -9999 -9999 -9999 -9999 -9999 -9999 -9999 -9999 -9999 -9999 -9999 -9999 -9999 -9999 -9999 -9999 -9999 -9999 -9999 -9999 -9999 -9999 -9999 -9999 -9999 -9999 -9999 -9999 -9999 -9999 -9999 -9999 -9999 -9999 -9999 -9999 -9999 -9999 -9999 -9999 -9999 -9999 -9999 -9999 -9999 -9999
1.26288E-4 3.06109E-5 7.79319E-5 9.16905E-5 2.33849E-5 8.83967E-5 3.30862E-5 3.48941E-5 1.23448E-5 -9999 -9999 2.99125E-5 -9999 -9999 -9999 -9999 -9999 -9999 -9999 -9999 -9999 -9999 -9999 -9999 -9999 -9999 -9999 -9999 -9999 -9999 -9999 -9999 -9999 -9999 -9999 -9999 -9999 -9999 -9999 -9999 -9999 -9999 -9999 -9999 -9999 -9999 -9999 -9999 -9999 -9999 -9999 -9999 -9999 -9999 -9999 -9999 -9999 -9999 -9999 -9999 -9999 -9999 2.46949E-6 -9999 2.11653E-6 -9999
3.11846E-5 5.09141E-5 3.70768E-5 2.47773E-5 2.94104E-5 1.7249E-5 1.01024E-4 8.13023E-5 3.18447E-5 5.59869E-5 1.84396E-5 3.27399E-5 3.13841E-5 2.95975E-5 -9999 -9999 -9999 -9999 -9999 -9999 -9999 -9999 -9999 -9999 -9999 -9999 -9999 -9999 -9999 -9999 -9999 -9999 -9999 -9999 -9999 -9999 -9999 -9999 -9999 -9999 -9999 -9999 -9999 -9999 -9999 -9999 -9999 -9999 -9999 -9999 -9999 -9999 -9999 -9999 -9999 -9999 -9999 -9999 -9999 -9999 2.60811E-6 2.54754E-6 2.54269E-6 2.54455E-6 2.51133E-6 -9999
1.49322E-4 8.80563E-5 4.79885E-5 2.8051E-5 6.71468E-5 5.07233E-5 1.52943E-4 2.86484E-5 2.59937E-5 2.00127E-5 1.05386E-5 1.76066E-5 5.82548E-5 5.84843E-5 5.8995E-5 5.42777E-5 -9999 -9999 -9999 -9999 -9999 -9999 -9999 -9999 -9999 -9999 -9999 -9999 -9999 -9999 -9999 -9999 -9999 -9999 -9999 -9999 -9999 -9999 -9999 -9999 -9999 -9999 -9999 -9999 -9999 -9999 -9999 -9999 -9999 -9999 -9999 -9999 -9999 -9999 -9999 -9999 -9999 2.76564E-6 2.95502E-6 2.82845E-6 2.7492E-6 2.73611E-6 2.72242E-6 2.74621E-6 2.68908E-6 3.72385E-6
6.25019E-5 3.20027E-5 1.87028E-4 1.84996E-4 3.02098E-4 2.39089E-4 1.97719E-4 1.19578E-4 1.48439E-4 3.03394E-5 2.11583E-5 9.11403E-5 2.80833E-5 1.75567E-5 8.29278E-5 6.941E-5 -9999 -9999 1.76456E-5 2.51916E-5 -9999 -9999 -9999 -9999 -9999 -9999 -9999 -9999 -9999 -9999 -9999 -9999 -9999 -9999 -9999 -9999 -9999 -9999 -9999 -9999 -9999 -9999 -9999 -9999 -9999 -9999 5.61117E-6 5.42922E-6 -9999 -9999 -9999 -9999 -9999 -9999 -9999 -9999 2.93952E-6 3.01702E-6 3.35632E-6 3.03324E-6 2.90229E-6 3.01073E-6 3.04073E-6 2.97832E-6 3.18294E-6 4.50161E-6
3.48236E-5 2.97111E-5 2.97015E-5 1.16503E-4 2.99966E-5 4.75578E-5 5.06755E-5 9.12292E-5 5.02559E-5 1.10467E-4 1.21783E-4 3.42499E-5 6.35161E-5 2.1313E-5 2.68031E-5 3.78297E-5 2.29302E-5 -9999 -9999 2.65256E-5 1.14756E-5 -9999 -9999 6.55772E-6 6.85708E-6 1.01611E-5 9.87737E-6 -9999 -9999 -9999 -9999 -9999 -9999 -9999 -9999 -9999 -9999 -9999 -9999 -9999 -9999 -9999 -9999 -9999 -9999 6.26448E-6 5.98745E-6 5.84568E-6 4.78763E-6 -9999 -9999 -9999 -9999 -9999 1.08823E-5 1.55447E-5 1.60595E-5 3.41346E-6 3.71533E-6 3.57137E-6 3.04787E-6 3.16582E-6 3.33636E-6 3.5698E-6 4.79889E-6 3.69547E-6
4.28123E-5 3.03684E-5 3.70947E-5 2.76973E-5 4.02013E-5 6.24386E-5 2.61667E-5 3.47791E-5 3.85567E-5 7.92501E-5 4.45459E-5 2.09178E-4 3.24978E-5 5.01356E-5 1.21725E-4 1.87696E-4 1.12203E-4 1.9893E-5 9.11085E-5 3.28914E-5 2.85625E-5 1.0964E-5 9.5637E-6 6.85427E-6 7.54017E-6 7.53713E-6 7.08978E-6 6.75814E-6 7.58247E-6 8.06988E-6 -9999 -9999 -9999 -9999 -9999 -9999 -9999 -9999 -9999 7.62605E-6 -9999 -9999 -9999 -9999 1.2405E-5 1.33415E-5 1.16888E-5 1.17736E-5 5.10583E-6 -9999 -9999 -9999 -9999 -9999 -9999 1.55312E-5 1.67538E-5 3.97415E-6 5.71754E-6 3.12588E-6 2.80348E-6 3.64753E-6 4.77262E-6 5.55437E-6 5.14785E-6 5.13892E-6
2.33298E-4 1.59482E-4 5.5277E-5 4.47692E-5 3.29198E-5 4.32927E-5 5.99411E-5 2.14319E-5 3.47001E-5 1.50158E-3 3.4887E-4 3.73912E-4 1.76304E-4 3.33646E-5 1.28733E-4 4.00561E-5 1.0203E-4 1.45842E-4 3.55447E-5 2.53857E-5 1.84619E-5 6.17878E-5 5.33033E-5 4.91664E-5 5.02325E-5 8.32767E-6 7.15743E-6 7.10824E-6 8.61202E-6 9.46319E-6 1.0365E-5 1.75286E-5 2.39513E-5 1.64243E-5 9.93598E-6 9.21037E-6 1.49709E-5 5.28385E-5 2.31691E-5 2.07944E-5 4.32735E-5 -9999 -9999 -9999 3.74253E-6 4.34992E-6 3.7481E-6 3.7024E-6 6.08852E-6 -9999 -9999 -9999 -9999 1.04077E-5 1.05901E-5 1.12211E-5 1.63614E-5 1.13331E-5 7.85052E-6 2.15246E-5 3.66637E-5 4.45673E-5 1.73344E-5 5.0187E-6 5.82377E-6 5.66975E-6
3.79865E-5 3.48049E-4 2.99526E-4 2.25361E-4 5.04326E-5 4.51998E-5 5.3546E-5 5.04207E-5 3.03755E-4 2.58666E-4 2.77151E-4 3.28136E-4 3.37755E-5 3.31777E-5 3.62775E-5 6.15378E-5 4.02043E-5 4.8526E-5 3.94946E-5 3.681E-5 1.9443E-5 1.89535E-5 7.31256E-5 5.66885E-5 6.73863E-5 6.48668E-5 4.77712E-5 4.66664E-5 1.02288E-5 1.2105E-5 1.41158E-5 2.54837E-5 3.52407E-5 1.57485E-5 1.49548E-5 1.59259E-5 1.12447E-5 1.21378E-5 5.44806E-5 9.50343E-6 1.14147E-5 -9999 -9999 1.56256E-5 1.41715E-5 1.39413E-5 9.07652E-6 5.52438E-6 1.43123E-5 -9999 -9999 -9999 -9999 1.15966E-5 1.11321E-5 9.98544E-6 1.36142E-5 4.54677E-5 5.85437E-5 5.71235E-5 5.24199E-5 9.86271E-5 1.83248E-5 1.44601E-5 6.01189E-6 6.67776E-6
8.9566E-5 8.8061E-5 5.76097E-5 1.27128E-3 4.65042E-4 3.20977E-4 5.92648E-5 5.30656E-5 6.39733E-5 1.13224E-4 9.45647E-5 4.7679E-5 5.33777E-5 4.0141E-5 8.80195E-5 3.55889E-5 4.37317E-5 4.73435E-5 4.76034E-5 3.32614E-5 2.72049E-5 2.57274E-5 2.02337E-5 2.12108E-5 4.11556E-5 3.41659E-5 2.16101E-5 2.10171E-5 2.52578E-5 3.33463E-5 4.85827E-5 3.30804E-5 3.58338E-5 3.78752E-5 1.88339E-5 2.02889E-5 2.37316E-5 2.42124E-5 2.11031E-5 3.56357E-5 1.43694E-5 1.35873E-5 2.78688E-5 2.32536E-5 1.93075E-5 1.01714E-5 1.61364E-5 1.49285E-5 -9999 -9999 -9999 3.97479E-6 1.06042E-5 2.39171E-5 2.10666E-5 2.32945E-5 2.05195E-5 4.18175E-5 5.2747E-5 5.97228E-5 1.56958E-4 1.02286E-4 5.87797E-5 2.36383E-5 1.94223E-5 1.00435E-5
7.72476E-4 7.21293E-4 6.89966E-4 5.88588E-4 3.3771E-4 1.0334E-3 3.81091E-4 3.43416E-4 6.10943E-5 1.71408E-4 1.14189E-4 5.29765E-5 2.7039E-5 3.15646E-5 1.50041E-4 1.9141E-4 3.432E-5 4.53711E-5 4.8524E-5 5.76774E-5 3.001E-5 3.2946E-5 3.50301E-5 2.76898E-5 3.9664E-5 3.46839E-5 3.97138E-5 4.03784E-5 8.10762E-5 6.5662E-5 5.82351E-5 4.61634E-5 4.71488E-5 2.82778E-5 3.44933E-5 3.69665E-5 5.38114E-5 2.80522E-5 3.20275E-5 4.27205E-5 1.87441E-5 1.84444E-5 1.95641E-5 2.4341E-5 3.78953E-5 1.76536E-5 3.19422E-5 2.68698E-5 -9999 -9999 -9999 4.37922E-6 1.07227E-5 1.63092E-5 7.33795E-5 6.16962E-5 2.41297E-5 4.97385E-5 8.92034E-5 1.06909E-4 3.37246E-5 1.55998E-5 1.59641E-5 1.89911E-5 2.13024E-5 4.39966E-5
1.2743E-4 1.78824E-4 7.06465E-4 2.71113E-4 2.05664E-4 2.96028E-4 2.92265E-4 3.43416E-4 2.44964E-4 6.53115E-4 3.81353E-4 1.08839E-4 6.3548E-5 1.55207E-4 7.51835E-5 1.0958E-4 1.97581E-4 2.9384E-4 1.04301E-4 5.74118E-5 4.07612E-5 3.10214E-5 7.06568E-5 2.8757E-5 2.05002E-5 3.799E-5 5.93835E-5 5.69369E-5 9.46255E-5 3.67332E-5 3.9635E-5 5.59273E-5 4.97395E-5 4.25955E-5 5.7729E-5 3.51461E-5 4.67048E-5 7.65469E-5 3.13922E-5 3.0906E-5 2.52721E-5 2.90223E-5 6.46648E-5 6.01606E-5 3.46687E-5 2.85129E-5 3.60187E-5 1.93415E-5 2.08696E-5 -9999 -9999 2.36831E-5 1.07173E-5 2.84802E-5 5.6965E-5 2.28365E-5 1.46014E-5 2.11111E-5 1.57729E-5 1.51734E-5 1.54559E-4 1.01067E-5 1.34845E-5 5.21095E-5 3.99428E-5 1.03144E-5
2.1072E-4 3.49748E-5 8.91528E-5 7.51877E-4 2.94488E-4 2.69747E-4 2.22265E-4 3.53529E-4 9.7512E-5 6.85423E-5 2.50435E-4 2.67966E-4 4.57396E-4 3.60958E-4 3.28404E-4 3.06008E-4 1.22129E-4 9.53741E-5 7.32539E-5 9.50555E-5 5.06008E-5 3.99539E-5 5.85051E-5 1.1866E-4 1.39557E-4 4.83824E-5 4.22061E-5 4.54553E-5 5.72208E-5 5.90652E-5 6.40279E-5 4.6998E-5 4.02256E-5 4.8731E-5 4.41546E-5 3.55536E-5 5.21023E-5 5.31533E-5 9.51845E-5 1.02135E-4 4.82194E-5 4.87307E-5 3.56757E-5 4.98549E-5 5.17896E-5 4.07966E-5 3.07406E-5 2.331E-5 1.91911E-5 7.10676E-5 -9999 8.38914E-6 3.16113E-5 5.58745E-6 1.07731E-5 1.31769E-5 1.5676E-5 1.65097E-5 7.12831E-6 7.56357E-6 1.98733E-5 3.64146E-5 8.54284E-5 1.18813E-5 9.20691E-6 9.88656E-6
2.86655E-5 3.5476E-5 1.62574E-4 4.43804E-5 6.93061E-4 7.15859E-4 1.33368E-4 2.15617E-4 2.15677E-4 2.75668E-4 1.56847E-4 5.77455E-5 5.89711E-4 3.4359E-4 1.15236E-4 2.14085E-4 2.19122E-4 1.18147E-4 8.24271E-5 1.1917E-4 1.36188E-4 2.40783E-4 1.81922E-4 2.56867E-4 1.37146E-4 4.76039E-5 4.38593E-5 5.37497E-5 1.14639E-4 1.17814E-4 9.07666E-5 7.00327E-5 4.27962E-5 5.94455E-5 4.30471E-5 4.01463E-5 5.26052E-5 3.68473E-5 3.66517E-5 3.50869E-5 3.37543E-5 5.402E-5 1.20903E-4 8.40036E-5 7.06508E-5 6.19817E-5 3.63931E-5 3.39278E-5 3.80555E-5 2.8949E-5 3.87293E-5 1.47914E-5 2.1431E-5 1.9241E-5 5.46042E-5 3.07443E-5 3.05429E-5 1.69115E-5 2.56438E-5 2.51234E-5 2.68932E-5 1.68616E-5 2.4059E-5 8.28564E-5 1.16235E-5 1.24778E-5
5.49789E-5 4.16104E-5 7.09943E-5 6.41906E-5 1.90703E-5 1.34419E-4 1.97799E-4 4.32925E-4 2.39427E-4 6.82318E-4 1.13196E-4 8.78044E-5 8.76697E-5 1.3116E-4 9.32015E-5 1.17366E-4 1.34207E-4 1.72025E-4 7.77657E-5 6.11918E-5 7.27948E-5 1.02035E-4 2.07545E-4 1.29744E-4 2.62257E-4 9.75845E-5 4.85948E-5 7.74979E-5 5.63189E-5 1.16488E-4 1.16448E-4 1.08052E-4 5.09409E-5 4.7507E-5 4.02432E-5 7.57673E-5 8.91345E-5 3.70147E-5 3.06433E-5 4.1176E-5 7.14786E-5 6.50847E-5 1.4537E-4 2.92121E-4 1.15473E-4 1.02839E-4 3.77468E-5 3.53837E-5 8.08336E-5 4.313E-5 4.60665E-5 3.61608E-5 2.94716E-5 1.75009E-5 2.03127E-5 1.49488E-5 1.38757E-5 1.88287E-5 2.38843E-5 3.25524E-5 3.35202E-5 2.53953E-5 2.65619E-5 1.0503E-4 8.78433E-5 9.52549E-5
7.82946E-5 4.13681E-5 7.23987E-5 6.98376E-5 6.88072E-5 2.1232E-5 1.50229E-5 1.34674E-5 8.1348E-5 8.6058E-5 1.36951E-4 2.02024E-4 1.42906E-4 6.74896E-5 6.65794E-5 8.25178E-5 8.60131E-5 5.54472E-5 6.70326E-5 1.07398E-4 1.97307E-4 1.40883E-4 6.42678E-5 5.3966E-5 5.79011E-5 1.06766E-4 5.07955E-5 5.46419E-5 6.98134E-5 1.09962E-4 3.06865E-4 4.36974E-5 5.0534E-5 1.17146E-4 2.55803E-4 9.42503E-5 5.83696E-5 6.0575E-5 1.24141E-4 1.3E-4 9.45157E-5 9.15607E-5 1.58741E-4 1.49209E-4 9.61477E-5 5.00539E-5 5.67014E-5 8.04937E-5 1.21384E-4 9.94809E-5 8.5245E-5 5.47439E-5 5.61469E-5 4.937E-5 3.93984E-5 2.0043E-5 2.25493E-5 1.7786E-5 1.71819E-5 3.08905E-5 1.52197E-4 1.21056E-4 2.22737E-4 1.18311E-4 7.77663E-5 1.57731E-4
9.64538E-5 5.3673E-5 4.74218E-5 6.45486E-5 6.31019E-5 4.68395E-5 2.08636E-5 1.34054E-5 1.48562E-5 1.33245E-5 2.14531E-5 7.50508E-5 7.59776E-5 1.25297E-4 3.25271E-5 3.7784E-5 7.15377E-5 7.66419E-5 7.67306E-5 4.24374E-5 3.23219E-5 4.16574E-5 1.26255E-4 6.92551E-5 7.26502E-5 1.40612E-4 7.37879E-5 8.45655E-5 9.51695E-5 1.20223E-4 9.26249E-5 8.95328E-5 9.87128E-5 1.7719E-4 1.14627E-4 8.32922E-5 8.18855E-5 5.58069E-5 6.39716E-5 1.37555E-4 1.85073E-4 4.19319E-4 4.29465E-4 2.21577E-4 1.22317E-4 1.02078E-4 1.04348E-4 8.84709E-5 8.07899E-5 2.71124E-5 5.47558E-5 9.07983E-5 7.0349E-5 5.93422E-5 1.71941E-4 3.89682E-5 1.68434E-5 1.31621E-5 6.18629E-5 8.20454E-5 2.33451E-4 3.24801E-4 5.24196E-5 5.08342E-5 3.48787E-5 2.61338E-5
7.51145E-5 6.62787E-5 5.63962E-5 8.77493E-5 7.93812E-5 6.78861E-5 9.91569E-5 5.34432E-5 2.14678E-5 2.10903E-5 2.2435E-5 1.56519E-5 1.42538E-5 1.4732E-5 8.16454E-5 1.63756E-5 1.86368E-5 1.80976E-5 1.81348E-5 4.52116E-5 5.65468E-5 2.53128E-4 8.49869E-5 9.73122E-5 9.6834E-5 1.17115E-4 1.04081E-4 1.41112E-4 1.1944E-4 1.85797E-4 1.06365E-4 1.2185E-4 2.00453E-4 1.97243E-4 1.21055E-4 1.82078E-4 1.61702E-4 9.76317E-5 8.63816E-5 1.43897E-4 1.50028E-4 4.70236E-4 1.6568E-4 2.99531E-4 9.87374E-5 6.21929E-5 5.37394E-5 4.52313E-5 3.75112E-5 2.83304E-5 2.72925E-5 6.56205E-5 9.82356E-5 1.19865E-4 4.92493E-5 3.80462E-4 1.1375E-5 9.79507E-6 7.75277E-6 3.52442E-5 3.22851E-5 5.72091E-5 7.2341E-5 4.26069E-5 7.8449E-5 2.82703E-5
2.12868E-4 1.66573E-4 6.77401E-5 9.88234E-5 7.15085E-5 9.61878E-5 5.78156E-5 9.06412E-5 1.24376E-4 8.19036E-5 7.92113E-5 8.14121E-5 2.242E-5 4.28638E-5 1.68207E-5 1.56299E-5 1.86703E-5 2.64809E-5 1.62638E-5 1.39533E-5 1.48406E-5 1.81975E-5 3.3812E-5 2.16225E-4 5.34209E-5 1.17278E-4 1.05745E-4 6.3311E-5 6.8949E-5 3.75934E-5 1.13671E-4 2.1295E-4 2.11431E-4 2.30622E-4 2.11569E-4 1.55503E-4 1.23807E-4 7.28608E-5 6.09131E-5 8.58051E-5 9.56926E-5 8.40651E-5 6.78683E-5 6.52834E-5 6.55303E-5 6.30344E-5 4.67902E-5 3.20682E-5 3.93481E-5 2.31364E-5 7.60257E-5 5.7908E-5 3.33035E-5 8.45173E-5 5.82187E-5 7.70256E-5 2.68031E-4 7.26215E-5 9.33679E-5 2.86447E-5 4.29006E-5 2.6021E-5 2.96284E-5 9.92097E-5 6.48831E-5 7.05118E-5
