catData/rasterBestHybridModels/Fchaus/RD_RM1.5_H/Fchaus_min.asc
ncols         409
nrows         350
xllcorner     60.897278365
yllcorner     5.843756025
cellsize      0.0892857
NODATA_value  -9999
[rows 116 to 144 of 350, columns 66 to 131 of 409]
7.41913E-6 7.31152E-6 4.9385E-6 7.01597E-6 1.88038E-5 6.15366E-6 3.78397E-6 3.78528E-6 4.00337E-6 4.27697E-6 4.5117E-6 4.8084E-6 4.79601E-6 6.09012E-6 7.11242E-6 7.18341E-6 5.33654E-6 3.28672E-6 2.15701E-6 2.15203E-6 2.12224E-6 2.09552E-6 2.35683E-6 3.81362E-6 5.12641E-6 2.42756E-6 2.40249E-6 2.24351E-6 2.21297E-6 2.16135E-6 4.3545E-6 4.89112E-6 7.02353E-7 5.8771E-7 6.11852E-7 6.9225E-7 6.98117E-7 8.31003E-7 9.70074E-7 1.19443E-6 6.12008E-7 1.7834E-6 2.24995E-6 2.35633E-6 6.06795E-6 1.09091E-5 9.05724E-6 8.19323E-6 7.77543E-6 7.75619E-6 7.82228E-6 8.3067E-6 9.25E-6 1.29303E-5 1.33702E-5 1.28774E-5 1.20856E-5 1.15187E-5 1.38199E-5 5.63539E-5 5.67162E-5 5.85951E-5 5.80664E-5 5.78963E-5 5.76734E-5 3.15171E-5
6.33416E-6 6.76812E-6 7.02199E-6 6.82625E-6 2.11017E-5 7.68735E-6 3.75717E-6 3.86681E-6 4.2489E-6 4.5052E-6 4.69572E-6 3.35247E-6 4.5683E-6 5.66792E-6 5.39432E-6 6.61827E-6 4.59377E-6 2.24826E-6 1.42476E-6 1.40056E-6 2.14638E-6 2.21642E-6 2.79122E-6 4.51042E-6 3.27956E-6 2.75994E-6 2.78769E-6 2.72801E-6 2.63057E-6 5.79458E-6 5.63634E-6 5.81599E-6 5.13287E-6 7.25815E-6 1.01733E-6 1.56625E-6 3.46057E-6 1.04234E-6 9.99721E-7 1.21703E-6 5.97439E-7 1.73684E-6 2.05751E-6 1.92744E-6 5.31106E-6 7.98336E-6 7.75429E-6 7.37197E-6 7.61896E-6 7.29096E-6 8.46983E-6 8.38134E-6 1.09024E-5 1.22464E-5 1.33157E-5 1.2703E-5 1.05563E-5 1.13464E-5 1.36102E-5 4.89897E-5 5.54565E-5 5.76468E-5 5.97166E-5 6.01864E-5 3.04358E-5 3.0284E-5
6.55878E-6 5.23635E-6 6.10087E-6 7.04144E-6 2.80953E-5 1.359E-5 4.83258E-6 4.02105E-6 4.48573E-6 5.07392E-6 4.26937E-6 4.67374E-6 2.90631E-6 3.55587E-6 4.53644E-6 4.11902E-6 4.1668E-6 3.98349E-6 2.41182E-6 1.7092E-6 1.48818E-6 1.4327E-6 1.7625E-6 6.74259E-6 3.67192E-6 3.35092E-6 7.34816E-6 7.12926E-6 7.0359E-6 7.1064E-6 6.95931E-6 7.05769E-6 7.21398E-6 7.29338E-6 7.46665E-6 7.68336E-6 8.02117E-6 7.52167E-6 1.12209E-6 5.1302E-7 5.90507E-7 1.6489E-6 1.77715E-6 1.73233E-6 5.0642E-6 6.32507E-6 6.48542E-6 6.44092E-6 7.35496E-6 7.80904E-6 8.34674E-6 9.70033E-6 1.0773E-5 1.38108E-5 1.21934E-5 1.16257E-5 1.10748E-5 1.08765E-5 1.33424E-5 5.23405E-5 5.37708E-5 5.56646E-5 5.86245E-5 6.12857E-5 3.30304E-5 2.976E-5
8.02311E-6 5.04152E-6 4.32245E-6 5.09825E-6 8.54769E-6 2.07602E-5 7.96314E-6 7.06051E-6 4.45418E-6 6.72043E-6 5.5909E-6 5.18825E-6 4.19261E-6 2.11594E-6 4.01761E-6 4.05871E-6 4.27066E-6 4.44267E-6 3.98336E-6 2.25662E-6 2.0733E-6 1.94859E-6 2.35239E-6 5.34958E-6 9.70482E-6 8.72716E-6 8.10771E-6 7.57789E-6 7.43896E-6 7.55625E-6 7.78511E-6 7.9803E-6 7.82293E-6 7.78352E-6 7.81475E-6 8.12674E-6 8.66561E-6 9.58679E-6 1.25427E-6 5.39951E-7 1.42779E-6 1.51783E-6 1.60714E-6 1.56337E-6 5.00591E-6 5.11144E-6 5.97595E-6 6.63917E-6 7.41547E-6 9.67202E-6 1.1697E-5 1.11645E-5 1.34767E-5 1.26625E-5 1.15003E-5 1.079E-5 1.0222E-5 1.15873E-5 1.25739E-5 5.10464E-5 5.25229E-5 5.42686E-5 5.6618E-5 5.98267E-5 2.93107E-5 2.76838E-5
9.70131E-6 6.71638E-6 3.93426E-6 3.16401E-6 5.1903E-6 1.12709E-5 1.311E-5 2.01583E-5 5.68154E-6 5.8684E-6 5.28254E-6 4.72409E-6 2.53673E-6 2.72656E-6 3.89951E-6 5.24312E-6 4.37086E-6 4.3637E-6 4.12008E-6 3.85604E-6 3.4873E-6 2.48267E-6 6.07625E-6 8.90372E-6 1.19368E-5 9.7672E-6 9.25994E-6 8.55835E-6 8.13748E-6 8.01014E-6 8.08176E-6 8.20572E-6 8.35413E-6 8.46677E-6 8.34984E-6 8.52289E-6 9.13247E-6 1.02277E-5 5.58954E-7 5.74663E-7 1.74047E-6 1.73539E-6 1.6459E-6 4.24868E-6 5.08385E-6 5.62236E-6 6.26644E-6 6.91044E-6 8.56618E-6 1.25421E-5 1.32348E-5 1.30641E-5 1.29035E-5 1.20061E-5 1.48581E-5 3.03328E-5 2.55036E-5 1.60206E-5 2.44972E-5 5.05554E-5 5.14885E-5 5.30295E-5 5.40412E-5 5.47658E-5 2.4784E-5 2.43055E-5
1.04659E-5 7.69284E-6 6.33517E-6 3.94851E-6 4.52343E-6 6.30683E-6 2.04474E-5 2.25777E-5 8.82217E-6 1.33549E-5 5.40509E-6 5.88646E-6 4.85245E-6 2.11931E-6 3.82677E-6 5.52727E-6 4.69878E-6 4.47739E-6 4.37206E-6 4.24857E-6 4.18473E-6 9.15686E-6 9.05255E-6 9.66639E-6 1.16099E-5 1.24483E-5 1.13298E-5 1.00041E-5 9.50801E-6 8.95683E-6 8.5839E-6 8.51235E-6 8.63494E-6 8.90486E-6 8.97277E-6 8.96683E-6 9.5895E-6 9.87745E-6 5.83076E-7 6.26111E-7 2.19932E-6 2.23063E-6 2.41665E-6 5.17479E-6 5.69979E-6 6.36251E-6 7.58849E-6 1.08981E-5 1.35928E-5 1.29969E-5 1.29734E-5 1.26614E-5 1.27596E-5 1.48694E-5 3.60934E-5 4.09379E-5 3.99389E-5 3.92002E-5 4.07128E-5 4.86385E-5 4.92178E-5 4.94208E-5 4.77889E-5 4.51137E-5 2.05462E-5 2.14674E-5
1.18379E-5 7.56536E-6 6.12886E-6 5.51931E-6 5.52289E-6 5.72699E-6 1.29799E-5 2.45193E-5 1.03792E-5 2.96474E-5 9.47219E-6 9.1309E-6 8.84964E-6 4.07401E-6 2.42069E-6 4.81055E-6 4.82945E-6 4.91165E-6 4.65431E-6 4.42752E-6 1.05929E-5 1.24022E-5 1.24501E-5 1.06522E-5 1.39514E-5 1.40768E-5 1.31837E-5 1.09361E-5 9.54665E-6 8.79629E-6 8.18362E-6 7.90315E-6 7.89839E-6 7.94743E-6 8.48193E-6 8.67385E-6 9.2031E-6 9.25796E-6 7.24465E-7 1.91208E-6 3.02556E-6 3.54353E-6 3.96001E-6 9.64644E-6 8.23802E-6 8.29187E-6 8.53994E-6 1.3569E-5 1.71842E-5 1.48093E-5 1.4498E-5 1.39575E-5 1.54556E-5 2.95596E-5 4.11559E-5 3.98669E-5 3.95618E-5 3.95062E-5 3.97707E-5 4.6468E-5 4.48602E-5 4.36823E-5 4.26214E-5 4.28496E-5 1.95172E-5 1.95868E-5
1.20053E-5 8.54974E-6 4.4814E-6 6.30564E-6 9.23198E-6 6.14209E-6 6.5361E-6 2.906E-5 1.72376E-5 2.82859E-5 1.54339E-5 1.21983E-5 1.15363E-5 5.82927E-6 4.87717E-6 3.8021E-6 5.33817E-6 6.63139E-6 5.79241E-6 4.9128E-6 1.23425E-5 1.35585E-5 1.36445E-5 1.38915E-5 1.31481E-5 1.48501E-5 1.45691E-5 1.33127E-5 1.12776E-5 9.60212E-6 8.79399E-6 8.58324E-6 8.37879E-6 8.1848E-6 8.6032E-6 8.73943E-6 9.07093E-6 1.39601E-6 1.4209E-6 3.87295E-6 4.8337E-6 5.3772E-6 4.88288E-6 5.37029E-6 1.32067E-5 1.407E-5 1.29245E-5 1.63313E-5 1.69801E-5 1.55296E-5 1.45052E-5 1.54268E-5 3.72175E-5 4.16219E-5 3.97454E-5 3.93705E-5 3.93767E-5 3.87976E-5 3.81921E-5 4.249E-5 4.1712E-5 4.13075E-5 4.131E-5 4.17103E-5 1.936E-5 1.92198E-5
1.138E-5 1.06924E-5 4.76406E-6 4.88923E-6 6.795E-6 5.10178E-6 7.24385E-6 2.14899E-5 2.48906E-5 2.30366E-5 1.94566E-5 1.61688E-5 1.29558E-5 7.47359E-6 5.87882E-6 5.42373E-6 5.23618E-6 1.00381E-5 1.09677E-5 1.44144E-5 1.30425E-5 1.42897E-5 1.45933E-5 1.45986E-5 1.46505E-5 1.53587E-5 1.58254E-5 1.55352E-5 1.43443E-5 1.15548E-5 1.00242E-5 9.52821E-6 9.21773E-6 8.9367E-6 8.79453E-6 9.25385E-6 9.51745E-6 4.15106E-6 1.765E-6 5.03795E-6 5.45824E-6 4.75426E-6 5.18847E-6 5.62196E-6 1.36051E-5 1.44961E-5 1.55451E-5 1.59218E-5 1.64522E-5 1.49938E-5 1.61698E-5 4.06656E-5 3.93358E-5 3.91686E-5 3.85656E-5 3.91052E-5 3.88069E-5 4.44876E-5 4.22676E-5 4.10124E-5 4.10235E-5 4.02371E-5 4.09027E-5 4.05269E-5 1.8798E-5 1.77469E-5
9.75767E-6 1.17522E-5 6.82687E-6 5.11154E-6 5.13171E-6 3.93484E-6 5.72839E-6 1.89299E-5 1.93173E-5 2.40678E-5 1.59935E-5 1.70839E-5 1.27958E-5 8.94455E-6 7.4183E-6 6.38587E-6 4.78608E-6 1.01339E-5 1.10476E-5 1.46309E-5 1.63603E-5 1.55277E-5 1.52075E-5 1.45138E-5 1.47756E-5 1.59226E-5 1.65774E-5 1.67827E-5 1.77318E-5 1.74433E-5 1.20473E-5 1.05323E-5 1.00609E-5 9.84334E-6 9.39922E-6 9.62966E-6 1.00128E-5 1.29301E-5 5.12299E-6 5.56284E-6 5.90265E-6 5.2018E-6 5.5282E-6 5.86918E-6 1.39945E-5 1.48554E-5 3.31329E-5 5.61819E-5 2.3365E-5 2.341E-5 4.69137E-5 3.86293E-5 4.64429E-5 3.89492E-5 3.88638E-5 3.91684E-5 4.04076E-5 4.0527E-5 4.21553E-5 4.08956E-5 4.10785E-5 4.07997E-5 4.07493E-5 3.98777E-5 1.9255E-5 1.97185E-5
8.77504E-6 1.13454E-5 1.09349E-5 8.3967E-6 5.70762E-6 5.1652E-6 5.12418E-6 1.93129E-5 1.84298E-5 2.44193E-5 1.53328E-5 1.69144E-5 1.38667E-5 9.72538E-6 8.74948E-6 8.44647E-6 7.61747E-6 1.15333E-5 1.12172E-5 2.02638E-5 1.54942E-5 1.57159E-5 2.21704E-5 1.55576E-5 1.5306E-5 1.67901E-5 1.7284E-5 1.77667E-5 1.8019E-5 2.53027E-5 1.87338E-5 1.22629E-5 1.11123E-5 1.0676E-5 1.00129E-5 1.01153E-5 1.12455E-5 1.16814E-5 2.1415E-5 6.21114E-6 5.32334E-6 5.57778E-6 5.70304E-6 6.1458E-6 1.46923E-5 1.52709E-5 5.49291E-5 5.07832E-5 4.93541E-5 5.25664E-5 4.74087E-5 4.11671E-5 3.78341E-5 4.43161E-5 4.17869E-5 4.35401E-5 4.21264E-5 3.55057E-5 4.09136E-5 4.29389E-5 3.98347E-5 4.30743E-5 4.03296E-5 3.95303E-5 1.94224E-5 1.86525E-5
7.12834E-6 9.94825E-6 1.25245E-5 1.00416E-5 6.06319E-6 5.96443E-6 1.65053E-5 2.17503E-5 2.03599E-5 1.56377E-5 1.37888E-5 1.36989E-5 1.37977E-5 9.43352E-6 7.87345E-6 8.5199E-6 8.20175E-6 7.5997E-6 1.05754E-5 2.64259E-5 1.5586E-5 1.42159E-5 2.3336E-5 1.94193E-5 2.06168E-5 1.53237E-5 1.70998E-5 1.96904E-5 1.9268E-5 2.19994E-5 2.0989E-5 1.37484E-5 1.19741E-5 1.17559E-5 1.19458E-5 1.25027E-5 1.20259E-5 1.26661E-5 1.4184E-5 9.60165E-6 6.50298E-6 7.17405E-6 8.76482E-6 1.62119E-5 2.16671E-5 1.30769E-5 1.37365E-5 1.46951E-5 1.28803E-5 1.18573E-5 9.52953E-6 9.06282E-6 7.83884E-6 8.84289E-6 1.06429E-5 1.02658E-5 9.82264E-6 9.14347E-6 9.15769E-6 9.46311E-6 8.45157E-6 9.5548E-6 1.00985E-5 9.15866E-6 9.58269E-6 9.17135E-6
6.06195E-6 7.32245E-6 1.13979E-5 1.11613E-5 7.75425E-6 5.50186E-6 1.19811E-5 2.38428E-5 1.89241E-5 1.55053E-5 1.64803E-5 1.6087E-5 1.24098E-5 9.6251E-6 8.89673E-6 8.94895E-6 8.31213E-6 9.55298E-6 9.66472E-6 3.00097E-5 2.86479E-5 3.56002E-5 3.25691E-5 2.78664E-5 1.94638E-5 1.7043E-5 1.62867E-5 2.11449E-5 2.57803E-5 2.51785E-5 2.03232E-5 1.68249E-5 1.43434E-5 1.41752E-5 1.38065E-5 1.35601E-5 1.2589E-5 1.39957E-5 1.48118E-5 1.45083E-5 1.50977E-5 3.40029E-5 3.41842E-5 4.2129E-5 4.66431E-5 1.28003E-5 1.33058E-5 1.34629E-5 1.36545E-5 1.44827E-5 8.77778E-6 7.64756E-6 8.69535E-6 1.03239E-5 9.78211E-6 9.51524E-6 9.43522E-6 8.98663E-6 8.9038E-6 8.9794E-6 9.76705E-6 1.15808E-5 1.18997E-5 1.04574E-5 9.96597E-6 8.7594E-6
5.58372E-6 7.061E-6 1.08162E-5 1.2311E-5 7.32808E-6 1.22343E-5 1.54553E-5 2.35905E-5 2.1389E-5 1.73922E-5 1.664E-5 1.66406E-5 1.20272E-5 1.02381E-5 1.06153E-5 1.0202E-5 8.74996E-6 1.01179E-5 1.30516E-5 3.06739E-5 3.14824E-5 3.84917E-5 3.80316E-5 3.26896E-5 1.81591E-5 1.63197E-5 1.61561E-5 2.07681E-5 3.19959E-5 3.59617E-5 2.54455E-5 2.22966E-5 2.13622E-5 3.68628E-5 2.14699E-5 1.99971E-5 1.27718E-5 3.20788E-5 3.56204E-5 7.20198E-6 3.24227E-5 3.3843E-5 3.43661E-5 4.18533E-5 4.62134E-5 1.22617E-5 1.29247E-5 1.30031E-5 1.19446E-5 1.35113E-5 1.11808E-5 9.87608E-6 9.93005E-6 9.35375E-6 8.81447E-6 8.49925E-6 8.4408E-6 8.46497E-6 8.80668E-6 9.78619E-6 1.04611E-5 1.63493E-5 2.06401E-5 1.07434E-5 8.81143E-6 8.56376E-6
5.51491E-6 7.804E-6 9.92938E-6 7.19818E-6 1.27186E-5 1.83161E-5 1.89579E-5 2.23507E-5 2.19716E-5 1.82951E-5 1.57015E-5 1.39477E-5 1.19332E-5 1.09181E-5 1.02925E-5 1.00781E-5 8.5933E-6 1.23476E-5 1.16381E-5 2.90592E-5 4.48111E-5 3.6897E-5 3.81416E-5 3.52246E-5 1.99242E-5 1.67422E-5 1.68321E-5 1.16469E-5 3.38274E-5 4.01439E-5 3.78357E-5 5.32259E-5 6.82206E-5 1.94972E-5 1.61139E-5 1.43546E-5 1.36726E-5 6.77342E-6 6.74597E-6 9.02345E-6 7.51405E-6 3.39777E-5 3.44795E-5 4.49842E-5 4.84068E-5 5.01093E-5 1.33805E-5 1.40421E-5 1.18854E-5 1.11534E-5 1.03801E-5 9.75933E-6 9.06206E-6 8.59886E-6 8.16519E-6 7.99902E-6 8.01146E-6 8.17517E-6 7.83943E-6 9.09847E-6 1.04693E-5 1.40293E-5 1.20842E-5 6.8465E-6 8.16615E-6 9.53517E-6
6.36817E-6 9.20776E-6 8.31972E-6 7.34963E-6 1.78436E-5 2.33121E-5 2.00217E-5 2.17542E-5 2.00149E-5 1.8087E-5 1.56884E-5 1.38597E-5 1.36563E-5 9.6798E-6 9.04274E-6 1.03824E-5 9.36238E-6 9.60468E-6 2.7347E-5 3.13164E-5 4.30533E-5 4.08496E-5 3.52072E-5 3.42469E-5 2.62138E-5 1.92222E-5 1.72081E-5 1.82377E-5 1.34098E-5 2.89505E-5 3.42238E-5 5.20928E-5 5.2924E-5 1.77733E-5 1.55643E-5 1.41655E-5 6.63279E-6 6.73498E-6 6.67839E-6 8.33702E-6 6.20065E-6 7.88346E-6 3.45454E-5 3.5341E-5 4.88134E-5 1.16811E-5 1.18631E-5 1.13739E-5 1.06168E-5 9.96235E-6 9.54558E-6 9.04238E-6 8.44462E-6 8.03732E-6 7.73237E-6 7.69996E-6 7.70602E-6 7.65829E-6 7.5923E-6 7.95873E-6 8.7496E-6 8.68855E-6 7.66978E-6 5.57151E-6 6.58376E-6 4.11395E-5
7.08666E-6 8.49332E-6 6.65564E-6 2.01602E-5 2.0903E-5 2.34417E-5 2.18527E-5 2.0791E-5 1.92896E-5 1.81283E-5 1.6969E-5 1.58419E-5 1.52336E-5 9.78234E-6 8.98445E-6 1.02906E-5 1.17672E-5 8.80437E-6 3.19991E-5 3.26637E-5 3.73567E-5 3.10597E-5 3.02404E-5 3.76703E-5 2.23824E-5 1.71914E-5 1.57213E-5 1.65497E-5 1.5617E-5 2.5223E-5 3.7192E-5 5.29785E-5 4.43398E-5 1.75738E-5 1.66797E-5 1.46311E-5 6.6839E-6 6.44846E-6 7.25963E-6 6.32888E-6 6.22756E-6 6.33913E-6 6.38743E-6 3.43669E-5 4.2443E-5 1.08431E-5 1.08085E-5 8.6604E-6 8.2815E-6 7.81961E-6 7.45397E-6 6.78061E-6 6.86431E-6 6.59865E-6 6.55575E-6 6.63721E-6 7.7445E-6 7.16714E-6 7.43121E-6 7.53807E-6 7.66548E-6 8.42968E-6 7.59476E-6 6.03147E-6 6.49151E-6 4.25341E-5
7.82496E-6 7.82539E-6 1.5336E-5 1.06717E-4 2.13748E-5 1.91224E-5 1.99335E-5 1.97894E-5 1.8659E-5 1.78798E-5 1.69893E-5 1.55775E-5 1.1191E-5 9.6877E-6 9.47137E-6 9.0525E-6 9.54192E-6 7.39488E-6 3.38589E-5 3.64316E-5 3.06162E-5 2.17169E-5 1.97251E-5 1.62719E-5 1.69978E-5 2.10246E-5 1.80509E-5 1.84611E-5 2.11152E-5 2.71716E-5 4.72684E-5 4.65817E-5 2.17277E-5 1.8826E-5 1.43354E-5 1.34935E-5 6.60301E-6 6.23737E-6 5.98354E-6 6.11308E-6 6.24323E-6 6.32311E-6 6.35621E-6 5.40981E-6 7.74982E-6 9.29353E-6 9.90971E-6 7.20764E-6 7.03809E-6 7.62676E-6 7.22159E-6 6.92092E-6 6.65473E-6 6.43354E-6 6.40139E-6 6.51869E-6 7.8821E-6 5.63248E-6 6.77581E-6 8.00403E-6 8.15294E-6 8.17995E-6 8.31796E-6 3.00257E-5 3.06782E-5 8.41791E-6
7.39804E-6 6.9568E-6 6.04647E-5 1.23735E-4 1.30131E-4 2.18943E-5 2.06207E-5 1.66923E-5 1.85715E-5 1.85416E-5 1.64495E-5 1.49899E-5 1.08002E-5 9.94544E-6 1.03892E-5 9.60986E-6 1.30892E-5 3.03227E-5 2.90951E-5 3.7804E-5 3.73809E-5 2.40565E-5 1.93975E-5 3.11636E-5 2.05689E-5 2.11793E-5 1.89215E-5 2.79488E-5 3.10439E-5 3.94494E-5 6.15249E-5 2.27621E-5 1.97378E-5 1.61622E-5 1.4208E-5 1.42261E-5 6.91774E-6 5.99406E-6 6.08468E-6 6.19022E-6 6.23566E-6 6.24089E-6 6.17514E-6 6.02974E-6 7.2457E-6 7.07814E-6 4.25426E-5 7.81031E-6 7.51141E-6 7.26647E-6 6.9381E-6 6.67001E-6 6.52701E-6 6.54473E-6 6.54101E-6 7.15237E-6 6.38592E-6 5.60609E-6 6.51105E-6 6.61827E-6 8.28075E-6 7.9196E-6 9.0223E-6 3.48403E-5 9.05494E-6 9.4322E-6
5.13745E-5 1.23458E-4 1.52149E-4 1.3608E-4 6.86755E-5 1.85089E-5 1.88674E-5 2.29007E-5 1.81377E-5 1.74786E-5 1.57995E-5 1.26386E-5 1.10392E-5 1.28872E-5 1.43615E-5 2.19127E-5 2.13258E-5 3.33905E-5 3.46614E-5 3.69619E-5 3.9547E-5 2.67886E-5 3.03696E-5 3.16133E-5 1.791E-5 2.22826E-5 3.12044E-5 4.43896E-5 5.11391E-5 5.40611E-5 4.0062E-5 2.03098E-5 1.69813E-5 1.50337E-5 1.48727E-5 7.2103E-6 7.11389E-6 6.09871E-6 6.19065E-6 6.20801E-6 6.19783E-6 6.14054E-6 6.0091E-6 5.88099E-6 6.80294E-6 6.58224E-6 8.44285E-6 8.17896E-6 7.07724E-6 6.8547E-6 6.59499E-6 6.75801E-6 7.19886E-6 6.91862E-6 6.36105E-6 5.53104E-6 4.82522E-6 5.61747E-6 6.56463E-6 6.85753E-6 8.60885E-6 8.44978E-6 9.77502E-6 4.00201E-5 9.82408E-6 9.64569E-6
1.68721E-4 1.72475E-4 1.51868E-4 1.49757E-4 1.50529E-4 1.81618E-5 1.84867E-5 1.94602E-5 1.62781E-5 1.43343E-5 1.23293E-5 1.21072E-5 1.20611E-5 1.3288E-5 1.47425E-5 1.41533E-5 1.4014E-5 3.13427E-5 3.10826E-5 3.49861E-5 2.41791E-5 2.62846E-5 4.55659E-5 2.44253E-5 2.59123E-5 3.62595E-5 4.08609E-5 4.29428E-5 5.11691E-5 3.17561E-5 2.26942E-5 3.08758E-5 2.65466E-5 2.52631E-5 1.51728E-5 7.29214E-6 7.19303E-6 6.14638E-6 6.18804E-6 6.16635E-6 6.07079E-6 5.96616E-6 5.80426E-6 5.66814E-6 6.38085E-6 6.10586E-6 6.37822E-6 6.94914E-6 6.69412E-6 6.5241E-6 6.65627E-6 4.51749E-6 4.42066E-6 4.32303E-6 4.49333E-6 4.64789E-6 4.92493E-6 5.73697E-6 6.22029E-6 6.38618E-6 7.36315E-6 8.33463E-6 1.1814E-5 1.11496E-5 9.31836E-6 9.44913E-6
-9999 -9999 -9999 2.43434E-4 -9999 1.99171E-5 2.09696E-5 1.69807E-5 1.76124E-5 1.41867E-5 1.54926E-5 2.18169E-5 1.57217E-5 1.50133E-5 1.71624E-5 2.0337E-5 4.56239E-5 4.96222E-5 2.58543E-5 2.64708E-5 2.75207E-5 2.8114E-5 2.73146E-5 4.15887E-5 3.16216E-5 4.35223E-5 5.56276E-5 4.9346E-5 4.04217E-5 1.88181E-5 3.11447E-5 2.79322E-5 2.65535E-5 2.57737E-5 3.48275E-5 3.41747E-5 7.13689E-6 6.23977E-6 6.19619E-6 6.09076E-6 5.95191E-6 5.7962E-6 5.63679E-6 5.42534E-6 5.82104E-6 5.66601E-6 5.40058E-6 6.19704E-6 6.39775E-6 6.3534E-6 4.35613E-6 4.03668E-6 3.98375E-6 4.31576E-6 4.48925E-6 4.47923E-6 4.8765E-6 5.90952E-6 6.40376E-6 7.00811E-6 8.12696E-6 9.7883E-6 1.42019E-5 1.28483E-5 1.28409E-5 1.19751E-5
-9999 -9999 -9999 -9999 -9999 1.28068E-4 1.05497E-4 9.43447E-5 2.64006E-5 3.00725E-5 5.196E-5 3.72754E-5 1.79581E-5 2.96397E-5 2.99421E-5 3.35076E-5 6.63371E-5 7.31685E-5 3.58062E-5 3.67079E-5 4.47162E-5 3.60378E-5 3.73729E-5 4.30956E-5 5.66185E-5 5.18658E-5 4.58914E-5 6.30947E-5 3.81168E-5 1.86251E-5 1.71968E-5 1.62682E-5 1.50413E-5 1.46162E-5 3.51E-5 3.43944E-5 7.12673E-6 6.97845E-6 6.09017E-6 5.9573E-6 5.84216E-6 5.61342E-6 5.3987E-6 5.72918E-6 5.47489E-6 5.36152E-6 5.25225E-6 4.53993E-6 6.19909E-6 5.75138E-6 4.57367E-6 3.61918E-6 4.09233E-6 4.60475E-6 4.92944E-6 5.54857E-6 5.22341E-6 6.17637E-6 8.26152E-6 7.90389E-6 8.7712E-6 1.04116E-5 1.36558E-5 1.83312E-5 1.37268E-5 1.22161E-5
-9999 -9999 -9999 -9999 -9999 1.45319E-4 -9999 1.23986E-4 8.82167E-5 9.1475E-5 7.62088E-5 3.70494E-5 1.60044E-5 2.65087E-5 3.82586E-5 4.59764E-5 8.54816E-5 7.73298E-5 3.90743E-5 4.01583E-5 4.86783E-5 4.9287E-5 6.75381E-5 1.09857E-4 5.93597E-5 6.41173E-5 1.30857E-4 7.55297E-5 2.06457E-5 1.80891E-5 1.73234E-5 1.64894E-5 1.54008E-5 1.5764E-5 1.55734E-5 1.50315E-5 3.33078E-5 6.86555E-6 6.67546E-6 3.05935E-5 6.22832E-6 5.87376E-6 5.49733E-6 5.56158E-6 5.68151E-6 5.7534E-6 6.0549E-6 1.5339E-5 -9999 2.15084E-5 9.77488E-6 5.1167E-6 6.16895E-6 4.31668E-6 4.08544E-6 4.35897E-6 2.94849E-5 3.24294E-5 3.64715E-5 3.82132E-5 9.1522E-6 1.09163E-5 1.24471E-5 1.5406E-5 1.30535E-5 1.71286E-5
-9999 -9999 -9999 -9999 -9999 1.05802E-4 1.06133E-4 9.79804E-5 9.08469E-5 9.21436E-5 6.60966E-5 5.17022E-5 4.24813E-5 3.46689E-5 3.70076E-5 8.00663E-5 8.45629E-5 8.49043E-5 7.59719E-5 5.91441E-5 7.08525E-5 6.0067E-5 6.86591E-5 7.49577E-5 6.80684E-5 8.4333E-5 6.88421E-5 3.81882E-5 1.94144E-5 1.84249E-5 1.84304E-5 1.80123E-5 1.69605E-5 1.60278E-5 1.54027E-5 2.45968E-5 1.43223E-5 1.38324E-5 1.33645E-5 2.9329E-5 2.8698E-5 2.83387E-5 6.34772E-6 6.50841E-6 6.3519E-6 7.08326E-6 7.07727E-6 -9999 -9999 -9999 1.46728E-5 5.84964E-6 5.6914E-6 3.30725E-6 3.65874E-6 2.66653E-5 2.96282E-5 3.46681E-5 3.85438E-5 4.04514E-5 4.12379E-5 4.4202E-5 4.38266E-5 1.05178E-5 1.31261E-5 1.36497E-5
-9999 -9999 -9999 -9999 -9999 -9999 -9999 9.42146E-5 8.33535E-5 8.07441E-5 1.30373E-4 6.02558E-5 5.33655E-5 4.44283E-5 4.30595E-5 7.90486E-5 9.6005E-5 1.041E-4 1.10537E-4 7.35412E-5 7.48227E-5 7.45423E-5 9.40576E-5 1.07795E-4 9.79425E-5 1.19594E-4 7.59709E-5 2.00037E-5 1.98205E-5 2.97104E-5 2.9209E-5 2.84071E-5 2.71829E-5 2.4759E-5 2.4131E-5 2.28898E-5 1.50155E-5 1.44218E-5 1.39452E-5 1.38549E-5 2.92665E-5 2.8652E-5 2.83496E-5 7.69154E-6 6.7145E-6 6.51511E-6 7.22858E-6 1.2314E-5 2.0346E-5 1.62579E-5 1.33819E-5 8.00597E-6 6.22632E-6 5.39055E-6 4.63816E-6 2.91303E-5 3.25224E-5 1.30813E-5 1.36792E-5 1.42008E-5 1.34963E-5 1.52434E-5 1.55404E-5 4.78224E-5 2.03075E-5 1.82317E-5
-9999 -9999 -9999 -9999 -9999 -9999 1.00297E-4 1.04152E-4 9.09533E-5 1.42617E-4 7.56868E-5 6.51015E-5 5.84239E-5 5.78332E-5 5.18448E-5 8.89704E-5 9.34987E-5 1.57581E-4 1.81245E-4 2.37699E-4 2.00094E-4 2.35903E-4 1.62405E-4 1.72751E-4 1.51273E-4 1.39808E-4 6.80784E-5 2.99223E-5 2.98889E-5 2.80946E-5 2.62178E-5 2.4776E-5 2.22975E-5 2.12574E-5 2.03427E-5 2.04491E-5 1.84057E-5 1.44423E-5 1.41717E-5 1.84078E-5 5.75681E-5 5.21433E-5 8.40563E-6 3.12801E-5 6.78813E-6 6.73099E-6 7.46172E-6 8.47714E-6 1.68044E-5 -9999 -9999 1.25215E-5 6.74449E-6 3.4306E-5 1.04065E-5 1.19736E-5 1.26882E-5 1.35786E-5 1.52213E-5 1.64278E-5 1.68166E-5 1.44991E-5 4.00569E-5 1.83552E-5 1.71287E-5 1.90082E-5
-9999 -9999 -9999 -9999 -9999 -9999 -9999 1.01491E-4 -9999 7.74253E-5 6.4225E-5 7.04798E-5 7.37314E-5 1.97253E-4 1.69085E-4 1.59164E-4 1.77784E-4 2.13677E-4 2.05371E-4 2.2427E-4 3.18815E-4 2.96056E-4 3.48127E-4 2.80034E-4 2.24042E-4 2.51321E-4 1.565E-4 7.94429E-5 3.1053E-5 1.97904E-5 3.36089E-5 4.37439E-5 3.63756E-5 2.31254E-5 3.84118E-5 3.134E-5 8.24757E-5 7.75318E-5 1.63577E-4 -9999 -9999 -9999 1.00122E-5 3.18958E-5 6.76882E-6 8.10544E-6 -9999 -9999 -9999 -9999 1.92792E-5 6.56529E-6 7.01086E-6 1.22384E-5 1.14693E-5 1.14296E-5 1.27618E-5 1.40219E-5 1.56775E-5 1.70691E-5 1.69411E-5 1.49617E-5 1.48384E-5 1.70665E-5 1.56805E-5 1.97393E-5
-9999 -9999 -9999 -9999 -9999 -9999 -9999 1.01551E-4 1.23042E-4 1.17329E-4 8.94863E-5 1.57802E-4 1.55614E-4 1.40967E-4 1.88054E-4 2.0112E-4 2.15501E-4 1.97848E-4 2.18755E-4 2.39367E-4 2.80638E-4 3.44546E-4 1.78368E-4 2.01726E-4 2.0569E-4 1.05298E-4 8.18421E-5 6.71175E-5 6.23561E-5 5.21732E-5 5.08815E-5 5.13909E-5 1.07896E-4 1.62456E-4 1.62484E-4 1.60534E-4 1.46101E-4 -9999 -9999 -9999 -9999 -9999 -9999 5.3576E-5 5.62978E-5 5.18726E-5 -9999 -9999 -9999 7.64076E-6 2.44828E-5 6.38333E-6 3.64949E-5 1.24906E-5 1.05044E-5 1.18385E-5 1.24011E-5 1.35561E-5 1.52744E-5 1.57352E-5 1.63926E-5 2.17297E-5 1.81816E-5 2.05389E-5 2.36423E-5 2.51902E-5
