catData/rasterBestHybridModels/Fchaus/RD_RM1.5_H/Fchaus_avg.asc
ncols         409
nrows         350
xllcorner     60.897278365
yllcorner     5.843756025
cellsize      0.0892857
NODATA_value  -9999
[rows 116 to 144 of 350, columns 132 to 197 of 409]
4.3205E-5 4.51526E-5 6.66661E-5 6.41091E-5 5.7277E-5 5.60698E-5 5.9334E-5 4.75259E-5 4.65358E-5 4.66814E-5 4.75759E-5 3.8668E-5 3.93225E-5 4.0799E-5 3.65066E-5 3.89954E-5 3.94264E-5 4.15121E-5 4.66882E-5 4.98837E-5 5.06628E-5 4.23779E-5 4.74859E-5 4.32232E-5 4.03308E-5 5.73384E-5 6.1105E-5 5.78159E-5 5.36256E-5 5.26976E-5 3.99155E-5 3.87329E-5 3.76743E-5 3.98276E-5 4.05532E-5 3.47387E-5 4.66712E-5 3.73337E-5 3.67813E-5 4.00722E-5 4.21243E-5 4.76181E-5 4.68906E-5 3.40938E-5 3.77732E-5 3.85742E-5 3.64877E-5 5.05939E-5 6.17377E-5 6.22834E-5 5.95803E-5 4.24747E-5 3.8168E-5 3.64755E-5 3.5239E-5 3.60172E-5 3.68354E-5 5.77302E-5 5.25369E-5 3.23537E-5 2.99577E-5 3.05276E-5 3.04452E-5 3.57276E-5 3.54858E-5 2.46105E-5
4.1558E-5 4.4209E-5 6.24407E-5 6.09346E-5 5.773E-5 5.29499E-5 5.85036E-5 4.8682E-5 4.77997E-5 5.0653E-5 4.93811E-5 3.59467E-5 3.77989E-5 3.80009E-5 3.56465E-5 3.85918E-5 3.7871E-5 3.98778E-5 4.72553E-5 5.10433E-5 6.17722E-5 1.00941E-4 1.01702E-4 9.06288E-5 7.55647E-5 5.78661E-5 5.12703E-5 5.46531E-5 5.4992E-5 5.02624E-5 3.84754E-5 3.74248E-5 3.80911E-5 5.30719E-5 5.21779E-5 4.35175E-5 4.42931E-5 3.24404E-5 3.07876E-5 3.63842E-5 4.07861E-5 4.26957E-5 3.63316E-5 2.99219E-5 2.92697E-5 2.88442E-5 5.0672E-5 5.66658E-5 5.06715E-5 6.02878E-5 4.29181E-5 4.00134E-5 3.67813E-5 3.90755E-5 3.74042E-5 3.9362E-5 3.58493E-5 2.82763E-5 3.00715E-5 3.08347E-5 3.0206E-5 2.98234E-5 2.99541E-5 3.08863E-5 2.76692E-5 2.69988E-5
4.14934E-5 4.84936E-5 5.61964E-5 4.15169E-5 4.47796E-5 3.67743E-5 4.15005E-5 4.51457E-5 4.68335E-5 4.49071E-5 4.4945E-5 3.42559E-5 3.90509E-5 3.49156E-5 3.54085E-5 3.63388E-5 3.84183E-5 4.47451E-5 4.05267E-5 3.84047E-5 9.17259E-5 1.31263E-4 1.1563E-4 1.42098E-4 5.74913E-5 5.71398E-5 4.89274E-5 5.08808E-5 5.43855E-5 3.9205E-5 5.09461E-5 5.19532E-5 5.17101E-5 5.03415E-5 4.68049E-5 4.271E-5 3.36705E-5 3.14924E-5 2.98981E-5 3.08825E-5 3.74107E-5 3.65928E-5 3.03357E-5 2.95703E-5 3.12332E-5 4.30697E-5 4.24106E-5 5.13985E-5 4.68021E-5 4.24534E-5 4.50705E-5 4.16681E-5 4.0123E-5 3.99653E-5 3.6368E-5 2.71285E-5 2.46895E-5 3.25029E-5 4.00633E-5 4.04698E-5 3.96923E-5 3.91767E-5 3.27298E-5 2.51764E-5 2.84412E-5 2.82572E-5
2.61228E-5 3.02678E-5 5.13441E-5 4.97452E-5 4.66914E-5 4.32728E-5 4.57615E-5 3.79966E-5 4.24066E-5 4.39329E-5 4.21837E-5 3.33199E-5 4.22367E-5 3.45544E-5 3.48338E-5 3.57723E-5 3.74719E-5 4.02587E-5 4.33222E-5 4.78463E-5 6.14297E-5 1.42501E-4 1.53213E-4 6.05255E-5 5.32659E-5 5.05321E-5 4.91228E-5 4.65438E-5 5.2762E-5 5.24018E-5 5.52673E-5 5.21492E-5 5.29184E-5 4.94346E-5 4.27931E-5 4.34263E-5 3.4298E-5 3.20409E-5 3.09526E-5 3.31217E-5 3.55393E-5 3.33914E-5 2.94238E-5 2.93295E-5 3.754E-5 3.85108E-5 3.8755E-5 3.31195E-5 3.41208E-5 4.70283E-5 6.07717E-5 3.82653E-5 2.82046E-5 3.45527E-5 3.33149E-5 3.32731E-5 3.22567E-5 3.37775E-5 3.33269E-5 4.04938E-5 4.1583E-5 4.10281E-5 3.57919E-5 3.38832E-5 3.31296E-5 3.3725E-5
2.36235E-5 3.16026E-5 5.02372E-5 4.6002E-5 4.50502E-5 4.22396E-5 4.45482E-5 3.35243E-5 4.01485E-5 4.39532E-5 3.20119E-5 3.26483E-5 3.84008E-5 3.6394E-5 3.516E-5 3.69569E-5 3.90248E-5 4.52188E-5 4.55309E-5 4.83311E-5 5.55234E-5 9.72705E-5 9.32311E-5 5.77244E-5 5.28385E-5 5.19782E-5 4.993E-5 4.71804E-5 5.31116E-5 5.31743E-5 5.42381E-5 5.24787E-5 4.95596E-5 4.79005E-5 4.81191E-5 3.3645E-5 3.29785E-5 3.09591E-5 3.01563E-5 3.37502E-5 3.14743E-5 3.41791E-5 3.19375E-5 2.97579E-5 2.91382E-5 4.0493E-5 3.46601E-5 3.47223E-5 4.50532E-5 4.54196E-5 4.34091E-5 4.83735E-5 3.45088E-5 3.54526E-5 3.39346E-5 3.45444E-5 3.48404E-5 3.47006E-5 3.52824E-5 3.92575E-5 4.4785E-5 4.38581E-5 3.98568E-5 3.80122E-5 3.18505E-5 3.09807E-5
2.57108E-5 2.9716E-5 4.6868E-5 4.78016E-5 4.20705E-5 4.00998E-5 4.08818E-5 3.89017E-5 4.00032E-5 4.1848E-5 3.11942E-5 3.74358E-5 3.65942E-5 3.55873E-5 3.42971E-5 3.64028E-5 3.83727E-5 3.827E-5 4.04358E-5 4.78943E-5 7.50657E-5 7.04887E-5 4.44734E-5 4.03532E-5 4.91659E-5 5.08454E-5 5.29905E-5 5.30339E-5 5.37863E-5 5.28964E-5 5.35059E-5 5.00963E-5 4.80949E-5 4.68234E-5 4.70888E-5 3.8048E-5 3.63849E-5 3.16279E-5 3.34968E-5 3.33294E-5 3.13781E-5 3.58514E-5 3.47903E-5 3.50803E-5 3.82141E-5 4.24518E-5 4.72011E-5 4.10009E-5 4.11234E-5 3.69887E-5 4.66128E-5 3.46273E-5 4.12667E-5 3.87778E-5 3.44971E-5 3.49015E-5 3.43734E-5 3.98977E-5 4.32279E-5 4.55171E-5 4.60437E-5 4.48163E-5 4.7641E-5 4.49113E-5 3.95512E-5 3.30008E-5
2.45102E-5 2.15894E-5 3.13191E-5 4.06459E-5 3.8997E-5 4.03179E-5 4.1965E-5 3.68032E-5 4.08052E-5 4.21069E-5 3.42664E-5 3.57013E-5 3.46903E-5 3.57609E-5 3.5525E-5 3.26688E-5 3.61318E-5 4.33593E-5 5.25023E-5 6.24287E-5 4.97308E-5 4.584E-5 6.88829E-5 7.10502E-5 5.86294E-5 5.22756E-5 5.10537E-5 5.09753E-5 5.72415E-5 5.39504E-5 5.90368E-5 5.2668E-5 4.99231E-5 4.0669E-5 5.15955E-5 3.37102E-5 3.47418E-5 3.56244E-5 3.43278E-5 3.49052E-5 3.62199E-5 3.50954E-5 3.31851E-5 3.84916E-5 4.39304E-5 4.84851E-5 4.65844E-5 3.87572E-5 3.71694E-5 4.05661E-5 3.82983E-5 4.12901E-5 3.93576E-5 3.55604E-5 3.4364E-5 3.80224E-5 3.80113E-5 5.46728E-5 5.64534E-5 5.59761E-5 5.64035E-5 5.42252E-5 5.18402E-5 4.94248E-5 4.67658E-5 4.43317E-5
2.51E-5 3.57451E-5 3.63485E-5 3.83352E-5 3.91231E-5 4.12092E-5 3.52798E-5 3.34401E-5 4.73602E-5 4.66631E-5 3.84866E-5 4.11087E-5 4.053E-5 4.37895E-5 3.31035E-5 3.55998E-5 4.26438E-5 5.47081E-5 5.53313E-5 5.08628E-5 5.69381E-5 5.72905E-5 7.70815E-5 7.06868E-5 6.73897E-5 6.04208E-5 5.01859E-5 4.98598E-5 4.82336E-5 5.03139E-5 5.82726E-5 5.5817E-5 5.10146E-5 3.76664E-5 3.52932E-5 3.59408E-5 2.93989E-5 3.89926E-5 3.64178E-5 3.79844E-5 3.70594E-5 3.25854E-5 4.02081E-5 4.59182E-5 4.03246E-5 4.11095E-5 3.90037E-5 4.05454E-5 4.26478E-5 5.92588E-5 6.57864E-5 6.15751E-5 5.1286E-5 4.40488E-5 3.93984E-5 4.95661E-5 4.25359E-5 6.06992E-5 6.17191E-5 5.80881E-5 4.49021E-5 4.22576E-5 4.23674E-5 3.92279E-5 3.53473E-5 3.289E-5
2.47373E-5 3.57094E-5 3.74468E-5 3.97651E-5 5.03378E-5 5.01835E-5 4.70875E-5 4.63921E-5 4.79069E-5 4.91841E-5 3.75262E-5 4.11425E-5 4.27826E-5 4.50881E-5 4.75775E-5 3.99339E-5 5.29952E-5 6.47682E-5 6.98237E-5 5.96181E-5 5.69196E-5 5.26594E-5 6.01064E-5 7.02194E-5 6.64232E-5 6.28281E-5 5.3015E-5 4.78511E-5 4.66039E-5 5.11103E-5 5.52349E-5 5.95925E-5 4.84865E-5 4.36639E-5 3.35218E-5 3.48214E-5 3.74162E-5 3.70051E-5 3.74054E-5 3.74733E-5 3.4885E-5 4.02056E-5 3.65942E-5 4.64578E-5 3.72989E-5 3.77551E-5 4.06278E-5 4.22291E-5 4.57373E-5 5.94834E-5 7.28545E-5 5.58295E-5 5.25853E-5 5.92325E-5 7.31748E-5 6.2615E-5 6.25362E-5 6.52536E-5 6.42106E-5 4.45869E-5 3.75843E-5 3.75839E-5 3.93607E-5 3.66253E-5 3.41119E-5 3.14374E-5
3.06511E-5 3.78573E-5 4.29854E-5 4.70172E-5 4.90877E-5 4.98879E-5 4.73876E-5 5.0511E-5 4.95348E-5 3.7171E-5 3.99994E-5 4.33006E-5 4.27713E-5 4.64297E-5 1.07102E-4 1.38551E-4 6.38562E-5 7.65498E-5 7.46217E-5 6.5881E-5 6.04129E-5 5.90189E-5 5.58956E-5 6.42705E-5 6.15251E-5 6.23976E-5 4.79015E-5 4.49795E-5 4.48665E-5 5.2745E-5 6.07651E-5 5.26232E-5 4.68785E-5 3.65303E-5 3.61635E-5 3.6641E-5 3.67528E-5 3.74042E-5 3.76101E-5 3.05337E-5 3.48463E-5 3.49195E-5 4.20764E-5 3.82997E-5 3.4604E-5 3.32604E-5 3.51547E-5 4.49886E-5 5.09252E-5 6.72143E-5 6.30916E-5 5.55568E-5 5.96039E-5 7.26104E-5 7.49019E-5 6.94263E-5 5.83483E-5 6.14639E-5 6.24372E-5 3.8268E-5 3.57018E-5 3.56176E-5 3.73548E-5 3.71099E-5 3.4554E-5 3.23904E-5
3.06811E-5 4.38624E-5 4.50228E-5 4.6274E-5 4.84351E-5 4.86097E-5 4.89302E-5 4.48429E-5 2.82784E-5 7.05794E-5 7.33607E-5 7.73304E-5 7.73798E-5 9.8498E-5 1.37886E-4 6.8948E-5 8.44393E-5 7.94164E-5 6.9816E-5 6.27001E-5 5.84077E-5 5.72829E-5 5.67573E-5 5.73519E-5 5.21546E-5 5.1557E-5 4.597E-5 4.40258E-5 4.40896E-5 4.43146E-5 4.9927E-5 4.84037E-5 3.71886E-5 3.64272E-5 3.51102E-5 3.40686E-5 3.48445E-5 3.46865E-5 3.4094E-5 3.83285E-5 3.27553E-5 2.99853E-5 2.7025E-5 3.2661E-5 6.11495E-5 3.0628E-5 3.70593E-5 4.27874E-5 7.52814E-5 7.48043E-5 5.91301E-5 5.76261E-5 6.67365E-5 7.59406E-5 7.00692E-5 6.3378E-5 6.1627E-5 4.56853E-5 5.14339E-5 3.77527E-5 3.54876E-5 3.49197E-5 3.46676E-5 3.61931E-5 3.58207E-5 3.28697E-5
6.27092E-5 6.34888E-5 6.65168E-5 6.71603E-5 7.34293E-5 5.75737E-5 5.49664E-5 2.52618E-5 5.86696E-5 6.2636E-5 7.09407E-5 7.48746E-5 8.38983E-5 9.95204E-5 8.16216E-5 9.10277E-5 7.99318E-5 7.14204E-5 6.74968E-5 6.46083E-5 5.99359E-5 5.87378E-5 5.65426E-5 5.42541E-5 5.19274E-5 4.96774E-5 4.70491E-5 4.31394E-5 4.34378E-5 4.2227E-5 4.62006E-5 3.77315E-5 3.51437E-5 3.46183E-5 3.27647E-5 3.22196E-5 3.2527E-5 3.36387E-5 3.12315E-5 3.66333E-5 3.4648E-5 3.50376E-5 3.36742E-5 3.42511E-5 3.57629E-5 3.23347E-5 4.53331E-5 3.59354E-5 5.6366E-5 6.60263E-5 6.15162E-5 6.26954E-5 7.1171E-5 7.04342E-5 6.7687E-5 6.47785E-5 6.27946E-5 5.79975E-5 5.02113E-5 4.33755E-5 3.76948E-5 3.9242E-5 3.36369E-5 3.32402E-5 3.34839E-5 3.16397E-5
6.12222E-5 6.46502E-5 6.71562E-5 6.54776E-5 5.59041E-5 5.29821E-5 5.42421E-5 5.68708E-5 6.03047E-5 6.27677E-5 7.03903E-5 7.52151E-5 9.6348E-5 7.20463E-5 1.00884E-4 9.29881E-5 8.2749E-5 7.50158E-5 6.96439E-5 6.52017E-5 6.27226E-5 6.1525E-5 5.8864E-5 5.37636E-5 5.25051E-5 4.9534E-5 4.72967E-5 4.28773E-5 4.18304E-5 4.36022E-5 3.44857E-5 3.58418E-5 4.20732E-5 3.53072E-5 3.35933E-5 3.11066E-5 3.24334E-5 3.57102E-5 3.03927E-5 2.66652E-5 2.88313E-5 3.37481E-5 3.45597E-5 3.03714E-5 3.08357E-5 3.02008E-5 3.83539E-5 4.95684E-5 5.58404E-5 5.667E-5 4.24281E-5 7.05956E-5 7.17962E-5 7.41702E-5 7.64736E-5 6.86437E-5 6.24656E-5 5.51597E-5 4.78751E-5 4.22792E-5 4.00278E-5 3.85592E-5 3.99482E-5 3.17456E-5 3.33589E-5 3.2061E-5
6.44813E-5 6.37447E-5 6.41922E-5 6.61671E-5 5.44339E-5 5.31466E-5 1.48742E-5 1.56231E-5 6.25964E-5 6.39471E-5 7.47178E-5 7.93451E-5 5.53488E-5 1.11659E-4 1.01191E-4 9.6819E-5 8.41831E-5 7.63912E-5 6.89576E-5 6.74153E-5 6.54291E-5 6.50927E-5 5.80574E-5 5.47769E-5 5.29466E-5 5.16374E-5 4.90556E-5 4.48838E-5 4.25805E-5 3.29974E-5 3.7479E-5 3.65924E-5 4.84961E-5 4.58938E-5 3.71531E-5 3.49143E-5 2.78707E-5 2.72928E-5 2.70503E-5 2.66599E-5 3.2019E-5 3.57791E-5 3.43126E-5 2.85833E-5 2.91673E-5 3.07295E-5 3.84139E-5 4.74173E-5 5.50854E-5 5.42609E-5 4.86936E-5 6.91772E-5 7.49942E-5 8.07569E-5 7.2537E-5 7.28502E-5 6.76636E-5 6.01111E-5 5.25068E-5 4.39609E-5 3.97168E-5 3.91179E-5 3.36684E-5 3.2412E-5 5.27005E-5 5.75293E-5
6.64392E-5 6.35283E-5 6.35898E-5 6.39672E-5 5.92204E-5 5.8725E-5 1.55936E-5 1.68107E-5 6.20682E-5 6.21475E-5 6.63659E-5 4.10105E-5 7.43106E-5 1.18765E-4 1.04118E-4 9.88176E-5 8.78354E-5 7.48788E-5 6.93844E-5 6.71442E-5 6.90094E-5 5.75277E-5 6.67016E-5 6.28654E-5 5.61979E-5 5.38399E-5 4.86023E-5 4.50502E-5 3.30096E-5 3.35504E-5 3.77648E-5 3.72373E-5 3.10376E-5 2.99089E-5 3.00607E-5 2.76082E-5 2.94684E-5 2.70797E-5 2.71E-5 3.03918E-5 3.19044E-5 3.42975E-5 3.32146E-5 2.89946E-5 2.80343E-5 2.90816E-5 4.47498E-5 4.53019E-5 5.40153E-5 5.50469E-5 5.39925E-5 5.7027E-5 7.28132E-5 7.40926E-5 7.31648E-5 7.53435E-5 6.91313E-5 5.99824E-5 4.9042E-5 3.67767E-5 3.53265E-5 3.3067E-5 3.31574E-5 4.61912E-5 6.15521E-5 5.49795E-5
6.9048E-5 6.64282E-5 6.68012E-5 5.69745E-5 5.78046E-5 1.64953E-5 1.79914E-5 1.68888E-5 6.31372E-5 6.70432E-5 8.08254E-5 8.67441E-5 1.55278E-4 1.16357E-4 8.97014E-5 9.75378E-5 8.15031E-5 7.39247E-5 6.90455E-5 6.62952E-5 7.0269E-5 7.85976E-5 7.35666E-5 5.26044E-5 5.50431E-5 5.51276E-5 4.04538E-5 3.75855E-5 3.57314E-5 3.95059E-5 4.25921E-5 4.05011E-5 3.71427E-5 3.23064E-5 5.82708E-5 2.77806E-5 2.71818E-5 2.72506E-5 2.79839E-5 2.9853E-5 2.83635E-5 2.71621E-5 2.76053E-5 2.85543E-5 3.60013E-5 3.69157E-5 3.03541E-5 4.45373E-5 7.71707E-5 8.16418E-5 5.49007E-5 5.68591E-5 6.6273E-5 6.95858E-5 7.16775E-5 7.00611E-5 6.60056E-5 5.88262E-5 5.25817E-5 4.05164E-5 3.47477E-5 3.53348E-5 3.49369E-5 6.32318E-5 6.42964E-5 5.37534E-5
6.74197E-5 6.38163E-5 6.97027E-5 6.1337E-5 1.63975E-5 1.76126E-5 1.8822E-5 1.92975E-5 6.51493E-5 7.72463E-5 1.39551E-4 1.65948E-4 1.54689E-4 9.43535E-5 8.52669E-5 8.43041E-5 7.43131E-5 6.51334E-5 6.19065E-5 7.62405E-5 7.94657E-5 7.80393E-5 7.14575E-5 6.27526E-5 4.25125E-5 4.01529E-5 3.85356E-5 4.09107E-5 4.07655E-5 4.41423E-5 4.40756E-5 3.31331E-5 3.96319E-5 3.77254E-5 2.85714E-5 2.66838E-5 3.70095E-5 2.56495E-5 3.12234E-5 3.05921E-5 2.86401E-5 2.85174E-5 2.73E-5 2.9979E-5 4.01452E-5 4.00873E-5 4.32852E-5 6.35431E-5 7.33003E-5 7.96203E-5 5.94736E-5 5.46503E-5 6.58843E-5 6.72226E-5 7.20513E-5 6.88116E-5 6.42354E-5 5.98549E-5 6.05055E-5 5.57718E-5 5.23437E-5 5.19118E-5 5.0838E-5 4.33565E-5 5.64553E-5 3.99909E-5
1.49158E-5 1.75391E-5 2.00192E-5 1.69472E-5 1.41269E-5 1.54575E-5 1.54731E-5 2.05079E-5 9.53248E-5 1.42675E-4 1.59244E-4 1.58012E-4 1.44131E-4 1.03962E-4 5.78946E-5 5.07317E-5 4.98425E-5 4.67428E-5 4.47136E-5 4.22557E-5 4.15961E-5 5.03525E-5 3.76476E-5 6.03878E-5 6.02418E-5 5.50224E-5 4.3523E-5 4.41288E-5 4.9592E-5 5.64746E-5 5.46875E-5 4.21903E-5 3.70821E-5 3.43209E-5 4.14398E-5 3.99525E-5 4.19301E-5 3.57187E-5 3.25123E-5 3.06272E-5 2.96965E-5 3.3662E-5 2.91625E-5 2.90699E-5 4.03005E-5 5.86889E-5 4.55946E-5 6.4513E-5 7.15319E-5 7.82699E-5 6.18665E-5 5.63621E-5 6.1646E-5 6.22355E-5 6.85863E-5 6.74094E-5 6.49382E-5 6.38785E-5 6.28977E-5 6.02455E-5 5.63663E-5 5.55348E-5 5.19784E-5 5.20074E-5 5.8947E-5 5.011E-5
1.64522E-5 1.81885E-5 2.16889E-5 1.6083E-5 1.7431E-5 1.64595E-5 1.73992E-5 2.36879E-5 5.98559E-5 6.46506E-5 2.49582E-4 8.39025E-5 7.20637E-5 6.45879E-5 5.94248E-5 5.36547E-5 5.21245E-5 4.42396E-5 5.03686E-5 4.88236E-5 5.45822E-5 7.52209E-5 6.87851E-5 6.68605E-5 6.99816E-5 6.80836E-5 5.10388E-5 5.70782E-5 5.5291E-5 5.58558E-5 5.48407E-5 4.58524E-5 4.43508E-5 3.85376E-5 5.22995E-5 5.11601E-5 4.58052E-5 3.96652E-5 3.15061E-5 2.93231E-5 2.86023E-5 2.73795E-5 3.00714E-5 2.96916E-5 3.64024E-5 4.42653E-5 4.75922E-5 6.55132E-5 6.88368E-5 7.13304E-5 6.2223E-5 4.95246E-5 5.38543E-5 5.92299E-5 6.26034E-5 6.48048E-5 6.51683E-5 6.51221E-5 6.39535E-5 6.41775E-5 5.28656E-5 4.21438E-5 3.97783E-5 4.33309E-5 3.77834E-5 2.78924E-5
1.73758E-5 1.80044E-5 1.72244E-5 1.98165E-5 1.80988E-5 1.81728E-5 1.14806E-4 2.13467E-4 4.59384E-5 2.28477E-4 2.25183E-4 1.56165E-4 1.4426E-4 1.34728E-4 5.52965E-5 5.2246E-5 6.16733E-5 5.69973E-5 5.11353E-5 4.59235E-5 7.59475E-5 7.51678E-5 7.22193E-5 7.49236E-5 8.43311E-5 7.25709E-5 5.25114E-5 5.4425E-5 4.94073E-5 4.86042E-5 5.483E-5 5.11757E-5 4.12514E-5 6.05905E-5 6.41481E-5 5.74861E-5 4.90437E-5 4.08648E-5 3.0443E-5 3.01892E-5 2.84487E-5 2.7534E-5 2.97286E-5 2.92421E-5 3.88388E-5 4.43133E-5 5.80565E-5 5.65518E-5 6.1067E-5 6.28037E-5 6.33867E-5 5.29968E-5 5.40994E-5 5.94187E-5 6.35086E-5 6.61839E-5 7.04067E-5 6.95063E-5 5.89362E-5 4.91031E-5 4.39051E-5 3.94559E-5 4.01785E-5 4.17526E-5 4.11676E-5 3.1055E-5
1.87153E-5 2.06E-5 2.02016E-5 1.7272E-5 8.35208E-5 9.78076E-5 1.56311E-4 1.73342E-4 4.39709E-5 2.13898E-4 1.807E-4 1.55732E-4 1.40757E-4 1.29727E-4 1.17275E-4 1.06455E-4 1.00518E-4 1.12633E-4 5.35035E-5 6.95147E-5 6.17823E-5 5.85158E-5 1.43144E-4 7.79382E-5 7.54487E-5 8.47642E-5 6.20374E-5 5.35754E-5 5.00663E-5 5.33351E-5 5.76186E-5 5.60175E-5 5.73589E-5 5.67172E-5 5.78812E-5 6.01133E-5 5.56048E-5 4.03521E-5 3.11239E-5 3.05818E-5 3.00324E-5 3.05596E-5 3.11378E-5 3.3892E-5 3.5611E-5 5.43738E-5 5.95073E-5 5.91424E-5 6.10034E-5 6.33281E-5 6.80683E-5 6.61297E-5 6.20618E-5 6.42413E-5 7.11395E-5 7.06226E-5 7.35656E-5 8.31139E-5 7.73397E-5 5.33503E-5 4.31251E-5 4.01696E-5 4.02919E-5 4.20752E-5 3.20096E-5 3.24791E-5
2.11569E-5 1.9131E-5 1.91264E-5 1.7969E-5 4.0065E-5 6.54313E-5 1.27545E-4 2.62976E-4 4.48194E-5 1.68319E-4 1.70248E-4 1.62277E-4 1.31115E-4 1.20042E-4 1.12775E-4 1.05792E-4 1.00538E-4 9.81647E-5 5.21968E-5 4.24721E-5 4.31969E-5 4.44985E-5 9.36395E-5 9.27839E-5 5.07487E-5 8.01948E-5 7.3645E-5 6.77845E-5 6.94307E-5 7.37388E-5 8.07347E-5 7.49565E-5 7.91059E-5 8.47526E-5 4.96517E-5 3.50316E-5 3.69683E-5 3.34803E-5 3.24534E-5 2.94596E-5 2.96229E-5 2.97742E-5 3.48364E-5 3.42924E-5 4.57384E-5 4.90312E-5 5.39605E-5 5.54649E-5 6.10664E-5 6.1643E-5 6.50753E-5 7.02723E-5 7.07341E-5 6.89326E-5 6.6547E-5 8.02421E-5 8.38273E-5 8.20854E-5 7.8297E-5 6.78879E-5 5.79824E-5 5.77812E-5 4.38134E-5 4.35886E-5 3.09862E-5 3.16295E-5
2.14199E-5 3.27449E-5 1.96505E-5 7.89737E-5 4.50975E-5 1.09326E-4 2.30308E-4 5.33112E-5 6.12677E-5 1.64573E-4 2.0285E-4 2.07434E-4 1.49337E-4 1.21015E-4 1.1493E-4 1.00658E-4 9.69188E-5 4.91808E-5 4.30054E-5 4.29014E-5 4.38317E-5 4.32997E-5 5.16159E-5 5.11821E-5 5.47211E-5 7.12448E-5 8.06407E-5 7.83769E-5 7.81392E-5 7.41255E-5 7.35832E-5 7.7763E-5 7.86432E-5 7.8543E-5 6.65615E-5 4.54744E-5 3.38177E-5 3.30594E-5 3.1262E-5 2.85009E-5 2.93516E-5 3.04086E-5 4.57478E-5 4.58462E-5 4.62498E-5 4.76149E-5 4.91498E-5 5.09153E-5 5.93488E-5 6.29335E-5 6.96319E-5 7.05856E-5 7.51549E-5 7.37289E-5 7.02478E-5 6.61834E-5 8.74004E-5 8.01538E-5 7.48933E-5 7.08968E-5 6.55826E-5 6.34029E-5 5.49164E-5 4.77328E-5 3.3511E-5 3.17283E-5
2.45298E-4 3.51623E-5 1.66333E-5 8.12292E-5 4.41707E-5 8.13951E-5 2.42137E-4 5.08485E-5 2.60211E-4 1.69683E-4 2.0121E-4 1.60697E-4 1.74124E-4 1.13378E-4 1.34716E-4 1.31528E-4 1.00802E-4 4.5902E-5 4.56749E-5 4.47091E-5 4.49485E-5 4.53476E-5 4.52735E-5 4.65351E-5 5.92571E-5 8.0885E-5 8.60339E-5 7.98255E-5 7.42537E-5 7.27621E-5 6.85867E-5 6.66944E-5 6.40271E-5 7.44031E-5 6.95822E-5 4.68985E-5 4.40253E-5 4.16278E-5 4.07531E-5 4.15209E-5 3.94712E-5 3.91637E-5 4.16163E-5 4.61517E-5 4.60294E-5 4.69035E-5 4.65714E-5 4.8364E-5 5.14449E-5 5.81253E-5 6.9367E-5 7.44391E-5 7.84389E-5 7.68812E-5 6.36626E-5 6.50216E-5 9.07919E-5 8.22961E-5 7.62564E-5 6.8434E-5 6.81405E-5 6.88511E-5 5.95656E-5 3.85524E-5 3.55364E-5 3.22577E-5
4.37097E-5 2.41359E-5 1.80596E-5 2.05902E-5 4.94623E-5 1.49674E-4 2.45635E-4 4.91575E-5 2.22483E-4 2.0181E-4 2.01295E-4 1.79743E-4 1.6856E-4 1.37264E-4 1.20277E-4 1.29574E-4 6.14491E-5 5.39011E-5 4.8164E-5 4.59826E-5 4.65123E-5 4.86737E-5 4.76423E-5 5.42338E-5 5.66073E-5 7.43394E-5 7.29793E-5 7.74843E-5 8.0517E-5 7.90192E-5 7.5323E-5 7.06709E-5 -9999 7.59129E-5 6.57863E-5 5.87766E-5 4.30764E-5 4.14285E-5 3.95982E-5 3.85331E-5 3.94081E-5 3.98626E-5 4.17001E-5 4.45297E-5 4.8772E-5 4.7658E-5 4.89557E-5 4.95484E-5 5.09917E-5 5.74033E-5 6.27591E-5 7.0486E-5 7.67715E-5 7.38404E-5 6.10559E-5 6.05686E-5 6.64673E-5 7.23557E-5 7.69804E-5 7.23166E-5 6.55767E-5 6.27392E-5 5.12951E-5 3.6034E-5 3.46199E-5 3.26096E-5
7.07012E-5 2.32758E-5 2.70128E-5 2.57277E-5 2.13095E-5 2.93074E-5 6.51639E-5 6.51323E-5 1.87149E-4 2.18219E-4 1.62122E-4 1.62354E-4 1.34415E-4 1.10731E-4 9.93404E-5 4.70695E-5 5.20943E-5 6.0065E-5 5.26655E-5 4.86077E-5 4.886E-5 5.56422E-5 5.30061E-5 5.07663E-5 4.62316E-5 6.79649E-5 6.54071E-5 6.53452E-5 6.64282E-5 6.43936E-5 5.9046E-5 5.97134E-5 6.87973E-5 6.57572E-5 5.83777E-5 5.81993E-5 4.40572E-5 4.31858E-5 4.07582E-5 3.82435E-5 4.8589E-5 3.87824E-5 5.56707E-5 5.14968E-5 4.33541E-5 4.82344E-5 5.4948E-5 5.89E-5 5.8751E-5 6.53013E-5 6.66129E-5 7.21023E-5 7.30535E-5 6.86253E-5 5.97924E-5 5.99166E-5 5.74746E-5 5.4597E-5 5.38512E-5 5.20931E-5 4.97578E-5 4.74499E-5 3.73785E-5 3.92409E-5 3.86262E-5 3.6201E-5
4.11054E-5 8.777E-5 2.25584E-5 2.28463E-5 7.01982E-5 2.58677E-5 5.51276E-5 1.86521E-4 1.8034E-4 2.13881E-4 1.45177E-4 1.16294E-4 1.10257E-4 8.46573E-5 3.68572E-5 3.64025E-5 5.20446E-5 5.97983E-5 5.63342E-5 5.28654E-5 5.51926E-5 5.5995E-5 5.64821E-5 5.05415E-5 5.28595E-5 6.80309E-5 6.37679E-5 6.11762E-5 6.63426E-5 6.27297E-5 5.71085E-5 5.13526E-5 5.2265E-5 5.57282E-5 5.08873E-5 4.81059E-5 4.76686E-5 4.82194E-5 4.50328E-5 3.98157E-5 3.99066E-5 3.94183E-5 4.86298E-5 5.45192E-5 5.30607E-5 5.54142E-5 6.34175E-5 6.60072E-5 6.68761E-5 6.77098E-5 6.24393E-5 6.98986E-5 7.00052E-5 6.68704E-5 6.611E-5 6.26488E-5 5.75687E-5 5.06812E-5 4.85225E-5 4.68788E-5 4.64911E-5 4.66034E-5 3.64712E-5 3.7229E-5 3.98982E-5 4.58535E-5
4.32711E-5 3.46145E-5 7.73439E-5 6.03448E-5 1.80459E-5 2.57381E-5 4.64939E-5 1.75756E-4 2.06958E-4 2.09829E-4 1.30125E-4 1.39432E-4 1.01873E-4 5.55679E-5 3.55316E-5 3.30462E-5 4.85647E-5 5.68136E-5 6.12489E-5 4.75093E-5 5.76374E-5 5.28713E-5 5.06049E-5 5.43105E-5 5.23195E-5 6.51105E-5 5.91633E-5 5.6436E-5 5.37069E-5 5.29044E-5 5.19719E-5 5.32024E-5 5.44744E-5 5.45965E-5 5.07314E-5 4.81864E-5 5.04588E-5 4.88485E-5 4.59692E-5 4.01782E-5 4.20346E-5 4.0896E-5 5.59952E-5 5.70371E-5 5.62779E-5 5.53826E-5 6.18755E-5 6.82931E-5 7.24073E-5 7.07128E-5 6.11264E-5 6.85818E-5 9.13476E-5 6.62649E-5 6.52605E-5 7.07679E-5 6.07969E-5 5.88739E-5 4.93453E-5 4.61362E-5 4.6081E-5 3.63078E-5 3.73615E-5 3.67194E-5 3.91224E-5 4.24284E-5
3.29718E-5 3.96616E-5 6.36963E-5 1.18432E-5 1.76345E-5 1.51619E-4 2.41067E-4 1.8212E-4 1.81736E-4 1.85825E-4 1.14029E-4 1.06507E-4 8.70331E-5 3.33199E-5 3.29335E-5 3.25681E-5 3.99963E-5 5.62249E-5 5.01138E-5 4.44711E-5 4.45024E-5 4.69617E-5 4.91636E-5 6.03582E-5 5.06131E-5 6.75024E-5 6.37688E-5 5.95464E-5 5.59466E-5 5.39679E-5 5.21815E-5 5.2785E-5 5.5496E-5 5.64008E-5 5.08943E-5 5.04218E-5 5.20299E-5 4.81657E-5 4.64869E-5 4.39748E-5 4.70368E-5 4.56323E-5 5.07835E-5 5.82788E-5 5.56598E-5 6.01725E-5 6.29755E-5 5.53676E-5 5.24145E-5 5.00556E-5 5.96651E-5 6.71222E-5 8.68384E-5 8.57894E-5 7.64135E-5 6.97551E-5 6.09525E-5 5.93214E-5 5.76177E-5 4.56101E-5 4.57801E-5 3.73307E-5 3.87901E-5 4.13628E-5 4.13561E-5 4.40939E-5
