catData/rasterBestHybridModels/Fchaus/RD_RM1.5_H/Fchaus_max.asc
ncols         409
nrows         350
xllcorner     60.897278365
yllcorner     5.843756025
cellsize      0.0892857
NODATA_value  -9999
[rows 174 to 202 of 350, columns 198 to 263 of 409]
3.40885E-5 2.69905E-5 2.3529E-5 2.21302E-5 2.88855E-5 3.11535E-4 7.66611E-5 6.35136E-5 6.00194E-5 4.91874E-5 4.75285E-5 3.09505E-5 2.71996E-5 3.04159E-5 1.93163E-5 1.97426E-5 2.82905E-5 3.60573E-5 3.70123E-5 3.3903E-5 2.16242E-5 2.23992E-5 8.30246E-5 4.76604E-4 7.32631E-4 4.96192E-4 1.44122E-4 5.09842E-5 5.31316E-5 3.34193E-5 3.15719E-5 3.22114E-5 3.60782E-5 3.68975E-5 5.09234E-5 5.23198E-5 5.16004E-5 4.99576E-5 5.08389E-5 5.03715E-5 4.94379E-5 5.46944E-5 9.88862E-5 3.37012E-4 3.12185E-4 4.13961E-4 1.08682E-4 1.64313E-4 6.24581E-5 1.25646E-4 9.08687E-5 5.86387E-5 5.575E-5 6.35469E-5 1.07259E-4 9.81086E-5 1.68047E-4 1.54876E-4 6.61422E-5 4.86103E-5 4.29632E-5 3.97806E-5 4.34946E-5 5.8434E-4 3.20477E-4 3.81436E-4
3.28943E-5 2.53708E-5 2.72538E-5 2.4636E-5 2.32891E-5 2.46015E-5 2.71838E-5 3.4818E-5 2.33453E-5 4.02816E-5 5.6751E-5 2.449E-5 2.01158E-5 1.94243E-5 1.92624E-5 2.47721E-5 1.55544E-4 5.02682E-5 3.59893E-5 2.78501E-5 2.36323E-5 2.25366E-5 1.34383E-4 6.51548E-4 3.88003E-4 2.0065E-4 9.69964E-5 3.88071E-5 4.1925E-5 3.22351E-5 3.20701E-5 3.25322E-5 3.47475E-5 3.64189E-5 7.2136E-5 1.09669E-4 5.14019E-5 5.1516E-5 6.21134E-5 6.06757E-5 5.1747E-5 1.89745E-4 3.65601E-4 7.4415E-4 7.12989E-4 7.84108E-5 6.35246E-5 6.41418E-5 5.44357E-5 6.59205E-5 7.01033E-5 1.41202E-4 1.02064E-4 6.57009E-5 4.17291E-5 4.46343E-5 4.23213E-5 4.91776E-5 5.25823E-5 4.45581E-5 4.05066E-5 1.10224E-4 4.31603E-5 1.66225E-4 8.60498E-4 1.04965E-3
3.03628E-5 2.71531E-5 2.799E-5 2.40374E-5 2.28812E-5 2.73494E-5 2.87305E-5 3.34072E-5 2.19567E-5 2.02263E-5 1.9699E-5 1.989E-5 2.05055E-5 1.96788E-5 2.11503E-5 4.01613E-5 1.73921E-4 2.98775E-5 2.48441E-5 2.69843E-5 2.56116E-5 2.46372E-5 1.69694E-4 4.72631E-4 8.01365E-4 2.41928E-4 9.81897E-5 3.39695E-5 3.28369E-5 3.35711E-5 8.14536E-5 4.20587E-5 3.30277E-5 6.00828E-5 8.91293E-5 9.01243E-5 9.67465E-5 7.05232E-5 7.39784E-5 7.57352E-5 5.09146E-5 3.1666E-4 3.92057E-4 2.0259E-4 1.80862E-4 6.09542E-5 5.12531E-5 5.22505E-5 5.08333E-5 5.01464E-5 4.84205E-5 5.97652E-5 5.18121E-5 4.57111E-5 4.38616E-5 4.01238E-5 6.44528E-5 7.59494E-5 5.66867E-5 4.4389E-5 8.07877E-5 1.23985E-4 1.37354E-4 1.57717E-4 4.48616E-4 7.12475E-4
1.08143E-4 1.07332E-4 9.35034E-5 2.72233E-5 5.38221E-4 2.2733E-4 2.62883E-5 3.13009E-5 2.15315E-5 1.93749E-5 1.90937E-5 2.04121E-5 2.15283E-5 2.21867E-5 1.13813E-4 3.52978E-4 3.61543E-4 7.17837E-5 2.37577E-5 3.42825E-5 2.29715E-5 3.72062E-5 4.54865E-5 2.41328E-4 4.70928E-4 1.46518E-4 4.4143E-5 3.58058E-5 4.00884E-5 2.22059E-4 4.94022E-4 3.97597E-4 3.54488E-5 5.9778E-5 9.2801E-5 9.33373E-5 9.49879E-5 8.82111E-5 7.4876E-5 5.46193E-5 6.42936E-5 6.96779E-5 7.85166E-5 6.05524E-5 5.99808E-5 5.42494E-5 5.31083E-5 5.06941E-5 4.84014E-5 4.76088E-5 6.15797E-5 1.83654E-4 1.3425E-4 4.41907E-5 4.38484E-5 4.95538E-5 6.78653E-5 6.64536E-5 5.49162E-5 4.22289E-5 1.45536E-4 1.41416E-4 1.45861E-4 4.36435E-4 5.8143E-4 4.24731E-4
1.14239E-4 1.01932E-4 8.89113E-5 9.63873E-5 5.31895E-4 5.24284E-4 9.1591E-5 2.57789E-5 2.17363E-5 1.92223E-5 1.86676E-5 2.24596E-5 2.4095E-5 7.04711E-5 3.35537E-5 3.59708E-5 3.85679E-5 2.324E-5 5.54741E-5 1.3565E-4 4.87552E-5 3.68689E-5 6.1575E-5 4.18591E-5 1.09933E-4 4.24519E-5 3.72868E-5 3.74811E-5 3.57499E-5 1.10131E-4 3.87453E-4 2.01405E-4 3.59319E-5 3.67125E-5 9.13514E-5 9.57641E-5 9.53467E-5 6.9624E-5 5.75517E-5 6.74772E-5 8.09209E-5 6.66348E-5 6.84031E-5 6.44283E-5 1.10836E-4 5.98005E-5 5.91863E-5 5.34352E-5 4.78391E-5 6.58572E-5 8.26689E-5 2.45259E-4 6.93213E-5 4.23578E-5 4.25689E-5 3.74161E-5 6.19132E-5 5.75415E-5 4.75441E-5 7.51763E-5 2.44546E-4 1.08382E-4 1.40581E-4 3.55192E-4 4.06747E-4 2.47238E-4
1.10095E-4 9.88086E-5 9.87086E-5 8.92941E-5 2.27414E-4 1.2883E-4 2.27098E-5 2.62283E-5 2.34302E-5 2.07255E-5 2.10123E-5 2.20435E-5 2.21675E-5 2.27195E-5 2.0613E-5 1.86684E-5 2.00717E-5 2.85112E-5 7.79497E-5 9.25206E-5 3.15932E-5 4.96824E-5 2.56722E-5 2.38371E-5 9.00831E-5 3.54569E-5 3.56619E-5 3.68528E-5 3.69472E-5 1.9271E-4 2.92207E-4 8.99412E-5 3.49874E-5 3.76252E-5 7.14354E-5 5.51025E-5 4.4942E-5 4.24642E-5 5.98908E-5 6.78576E-5 7.06212E-5 1.24545E-4 8.60583E-5 7.00276E-5 6.37588E-5 6.12517E-5 6.37002E-5 6.73849E-5 1.55396E-4 4.7764E-5 1.00538E-4 9.49009E-5 4.28542E-5 4.14574E-5 4.30196E-5 5.99264E-5 4.9958E-5 5.12696E-5 3.71972E-5 1.2633E-4 1.59045E-4 1.76004E-4 1.89505E-4 2.22614E-4 1.80447E-4 2.30875E-4
1.00452E-4 9.37223E-5 9.70483E-5 2.47705E-5 2.07497E-5 1.98884E-5 2.28413E-5 2.38785E-5 2.39406E-5 2.29652E-5 2.23612E-5 1.91502E-5 2.11172E-5 5.03679E-5 2.01676E-5 2.02401E-5 2.17835E-5 1.59294E-4 3.67137E-4 1.5689E-4 4.85917E-5 5.07479E-5 2.52614E-5 9.94113E-5 3.59211E-5 3.49113E-5 3.5866E-5 3.84051E-5 3.48128E-5 3.62854E-5 3.5672E-5 3.64635E-5 3.66415E-5 3.59582E-5 3.90315E-5 3.83791E-5 4.64095E-5 3.65415E-5 3.52124E-5 5.64159E-5 6.97258E-5 2.04169E-4 9.34669E-5 7.01644E-5 6.4475E-5 8.04748E-5 7.48133E-5 8.65616E-5 1.11682E-4 6.27142E-5 4.58949E-5 4.27697E-5 4.37377E-5 4.3513E-5 5.3802E-5 5.05805E-5 3.71289E-5 3.63187E-5 3.13748E-5 7.35177E-5 4.74735E-5 3.77208E-5 1.29335E-4 1.90166E-4 4.58263E-5 4.89742E-5
1.97015E-5 1.91022E-5 2.26231E-5 2.24405E-5 1.96936E-5 1.93193E-5 2.25609E-5 2.6371E-5 2.62553E-5 3.73666E-5 4.74984E-5 2.21989E-5 1.89124E-5 1.87684E-5 1.84076E-5 2.14436E-5 2.88304E-5 1.01886E-4 4.72344E-5 1.49721E-4 1.06701E-4 9.17594E-5 2.73181E-5 9.64873E-5 3.69909E-5 4.52862E-5 3.84795E-5 3.95323E-5 4.31552E-5 3.57976E-5 3.62243E-5 3.66865E-5 3.67438E-5 3.82944E-5 3.85348E-5 3.8983E-5 3.85712E-5 3.79666E-5 3.64888E-5 8.13634E-5 1.18465E-4 3.00536E-4 2.23431E-4 7.4041E-5 7.76349E-5 7.31479E-5 7.13877E-5 3.2477E-4 3.78256E-4 1.39496E-4 1.47157E-4 1.04257E-4 1.17571E-4 4.52231E-5 6.15859E-5 5.01862E-5 8.96288E-5 6.54098E-5 2.88309E-5 3.1799E-5 3.31751E-5 3.18391E-5 4.67455E-5 7.98728E-5 7.42911E-5 5.38191E-5
2.00679E-5 1.90835E-5 1.91919E-5 1.82041E-5 1.83053E-5 2.05448E-5 2.29622E-5 2.213E-5 3.03396E-5 1.22439E-4 3.87474E-5 4.12168E-5 1.80492E-5 1.83368E-5 2.50409E-5 3.0478E-5 5.26121E-5 8.84744E-5 1.34715E-4 5.13321E-4 2.22375E-4 7.58235E-5 2.93561E-5 4.09898E-5 3.94761E-5 6.14447E-5 5.80396E-5 4.56106E-5 4.48957E-5 3.77045E-5 3.8094E-5 3.76907E-5 3.9265E-5 4.07947E-5 4.02714E-5 4.13415E-5 3.95341E-5 3.92576E-5 2.82692E-4 4.0453E-4 1.83448E-4 3.19155E-4 3.54266E-4 1.03534E-4 9.15006E-5 7.90818E-5 1.2333E-4 2.80768E-4 7.86154E-5 6.47379E-5 6.90259E-5 5.39789E-5 7.31182E-5 1.03467E-4 4.69216E-5 4.93392E-5 4.21926E-5 3.28819E-5 2.99232E-5 3.30543E-5 3.63146E-5 3.63461E-5 4.49416E-5 4.73654E-5 3.44683E-5 5.04202E-5
2.64619E-5 2.22321E-5 1.79714E-5 2.22097E-5 2.22482E-5 2.06798E-5 1.95436E-5 2.3032E-5 3.87202E-5 3.14641E-5 2.77974E-5 2.35251E-5 2.36443E-5 1.94676E-5 1.79174E-5 4.9292E-5 2.27817E-5 2.37578E-5 1.12532E-4 2.88375E-4 3.36843E-4 8.24387E-5 1.18462E-4 4.98905E-5 4.47191E-5 7.42743E-5 1.39775E-4 1.01841E-4 4.37375E-5 4.66177E-5 3.7359E-5 3.79108E-5 4.03734E-5 4.23965E-5 4.21411E-5 6.12166E-5 7.36841E-5 1.3664E-4 2.5599E-4 4.21971E-4 4.13159E-4 2.17042E-4 3.78578E-4 3.82197E-4 2.34386E-4 8.15496E-5 1.16808E-4 2.4875E-4 1.07393E-4 6.34362E-5 6.35866E-5 5.66558E-5 4.63745E-5 8.16599E-5 9.66606E-5 5.19176E-5 4.55894E-5 3.0361E-5 5.57079E-5 5.1271E-5 5.25226E-5 9.47704E-5 1.07183E-4 1.01441E-4 1.32631E-4 3.41061E-5
2.41085E-5 2.51387E-5 2.01345E-5 2.22684E-5 2.26538E-5 2.29359E-5 2.31955E-5 2.36978E-5 2.30206E-5 2.90493E-5 3.02942E-5 2.62979E-5 2.30109E-5 2.09326E-5 1.81059E-5 1.90842E-5 1.85384E-5 2.00716E-5 4.79459E-5 4.77319E-5 5.01011E-4 3.40957E-4 1.80894E-4 1.02561E-4 8.75385E-5 8.48041E-5 1.28394E-4 4.3637E-5 4.09612E-5 1.02533E-4 4.91012E-5 4.29464E-5 4.15833E-5 4.20034E-5 3.91614E-5 9.60452E-5 1.46945E-4 1.4295E-4 7.22524E-5 8.88617E-5 1.33381E-4 4.09341E-4 1.16663E-3 4.81618E-4 1.08226E-4 7.50016E-5 7.96607E-5 1.79998E-4 7.47708E-5 6.51768E-5 6.20137E-5 7.9814E-5 5.20866E-5 5.10727E-5 8.19246E-5 5.38272E-5 6.47549E-5 3.26573E-5 2.23183E-4 6.19309E-4 6.91833E-4 4.33112E-4 4.81821E-4 3.08823E-4 7.47275E-4 1.29224E-4
1.74916E-5 1.94758E-5 1.76621E-5 2.14461E-5 2.26992E-5 2.25587E-5 2.38414E-5 2.15862E-5 2.1158E-5 2.07728E-5 2.86811E-5 2.6155E-5 2.44752E-5 2.17241E-5 1.85914E-5 2.00645E-5 2.88842E-5 3.84328E-5 4.31335E-5 1.14772E-4 1.90361E-4 1.96817E-3 3.66806E-4 2.12799E-4 8.78323E-5 8.37977E-5 3.8023E-4 1.55613E-4 4.22074E-5 5.1678E-5 7.53151E-5 4.74628E-5 4.83262E-5 7.98627E-5 1.16868E-4 2.70783E-4 2.35833E-4 6.85293E-4 1.88811E-4 2.01971E-4 4.11265E-4 4.50001E-4 1.3947E-3 6.50649E-4 3.99907E-4 7.18971E-5 8.5905E-5 6.58328E-5 7.14656E-5 6.52181E-5 6.00596E-5 1.3793E-4 6.11137E-5 7.01574E-5 5.61303E-5 5.89629E-5 4.49191E-5 7.10357E-5 2.90661E-4 1.14047E-3 1.36343E-3 1.47051E-3 1.31141E-3 5.63241E-4 1.06958E-3 4.62984E-4
1.81375E-5 1.84158E-5 1.80903E-5 1.81049E-5 2.04515E-5 2.01511E-5 1.88857E-5 3.26584E-5 3.20316E-5 2.01436E-5 2.8163E-5 2.44026E-5 2.57959E-5 2.16351E-5 1.84531E-5 2.62599E-5 3.45604E-5 3.351E-5 4.05324E-5 6.57014E-5 3.60363E-4 1.19409E-3 4.57771E-4 5.32594E-4 9.67205E-5 7.75708E-5 4.42033E-4 1.76383E-4 4.38703E-5 5.15196E-5 4.53853E-5 4.39485E-5 4.37828E-5 6.43692E-5 7.10036E-5 7.52632E-5 2.04042E-4 4.44409E-4 3.29786E-4 2.10753E-4 5.20212E-4 3.24463E-4 8.85585E-4 7.43185E-4 5.40815E-4 6.67865E-5 6.00753E-5 9.68774E-5 5.95506E-5 5.80103E-5 5.63308E-5 1.25658E-4 5.27228E-5 5.43141E-5 4.76772E-5 4.68492E-5 9.56403E-5 1.99773E-4 8.596E-4 1.27077E-3 1.64466E-3 1.49604E-3 1.45906E-3 4.77231E-4 3.33962E-4 5.68279E-4
1.90142E-5 1.69988E-5 1.72225E-5 1.89561E-5 1.91647E-5 1.8797E-5 1.83983E-5 2.71343E-5 2.73974E-4 1.54539E-4 1.18406E-4 2.67333E-5 2.71315E-5 2.00602E-5 1.85746E-5 2.03454E-5 2.27926E-5 3.38639E-5 2.71609E-5 5.93856E-5 1.37513E-3 4.55522E-4 1.22359E-4 1.69154E-4 7.99062E-5 1.50375E-4 8.23369E-5 8.43993E-5 1.42716E-4 1.08099E-4 5.60421E-5 4.84957E-5 4.98901E-5 6.17817E-5 8.8455E-5 1.15793E-4 2.93933E-4 1.24453E-4 3.19821E-4 5.81367E-4 8.87293E-4 3.97932E-4 1.21152E-3 4.69491E-4 2.24796E-4 4.70402E-5 3.67548E-5 5.61805E-5 5.27792E-5 5.53055E-5 6.58126E-5 1.09265E-4 1.1432E-4 4.69801E-5 5.61491E-5 1.18938E-4 2.43049E-4 6.64016E-4 1.93146E-3 7.09922E-4 1.64781E-3 1.37779E-3 7.5138E-4 5.74882E-4 5.63608E-4 4.66497E-4
2.06248E-5 1.75904E-5 1.61885E-5 1.76698E-5 1.86847E-5 1.83398E-5 1.92642E-5 7.74781E-5 2.0427E-4 1.54055E-4 8.30632E-5 2.07862E-5 2.7804E-5 2.15597E-5 2.14708E-5 2.29687E-5 2.90651E-5 3.04783E-5 3.45669E-5 1.39715E-4 9.59169E-4 5.18564E-4 2.31272E-4 1.09731E-4 7.05922E-5 2.72071E-4 1.18737E-4 1.12314E-4 3.05875E-4 4.1675E-4 1.48877E-4 8.2862E-5 5.67141E-5 5.57395E-5 1.01534E-4 7.82474E-5 1.15785E-4 2.32158E-4 3.57932E-4 4.51671E-4 7.57813E-4 5.34481E-4 1.1368E-3 4.15399E-4 8.99222E-5 3.68589E-5 5.61129E-5 5.50086E-5 4.95516E-5 5.03229E-5 3.97991E-5 4.30639E-5 4.49952E-5 1.06434E-4 5.43919E-5 1.91842E-4 4.03454E-4 4.29388E-4 1.42701E-3 1.7115E-3 1.56096E-3 1.1603E-3 7.41456E-4 8.34048E-4 3.92599E-4 7.46116E-4
2.19219E-5 2.08466E-5 1.90461E-5 1.68223E-5 1.81331E-5 2.02507E-5 2.19231E-5 2.1726E-4 3.25576E-4 1.04018E-4 3.36618E-4 1.4268E-4 2.14739E-5 5.72716E-5 1.88895E-5 2.60743E-5 2.87615E-5 2.82396E-5 3.97895E-4 1.57794E-3 3.89779E-4 9.70812E-5 2.67439E-4 2.96879E-4 9.37283E-5 3.07488E-4 1.23127E-4 8.18934E-5 1.83415E-4 7.21309E-4 4.98431E-4 3.50965E-4 1.54318E-4 1.57794E-4 3.07288E-4 5.53423E-4 8.8329E-4 1.42671E-3 1.43682E-3 3.74856E-4 9.91529E-4 6.48107E-4 6.73235E-4 2.99041E-4 7.05716E-5 5.43943E-5 8.19815E-5 1.40576E-4 4.87188E-5 5.07892E-5 5.09566E-5 5.30734E-5 8.17981E-5 7.16659E-5 6.04346E-5 3.17008E-4 5.42572E-4 3.85314E-4 9.01738E-4 1.58811E-3 1.01675E-3 2.02609E-3 9.22452E-4 1.08801E-3 5.22463E-4 1.12919E-3
2.18336E-5 2.32274E-5 1.9927E-5 1.62173E-5 1.59161E-5 1.99111E-5 2.1151E-5 2.89202E-5 1.4913E-4 2.75223E-4 3.19459E-4 1.8945E-4 1.92254E-5 2.18236E-5 1.76599E-5 2.07738E-5 2.99506E-5 3.22062E-4 5.16323E-4 8.01941E-4 3.98946E-4 5.65798E-5 1.63187E-4 6.68562E-5 9.98295E-5 5.03503E-4 7.98983E-5 1.15922E-4 2.18245E-4 8.99306E-4 7.8333E-4 3.09231E-4 1.50512E-4 2.17339E-4 4.74621E-4 1.33301E-4 4.19344E-4 6.91865E-4 1.10777E-3 4.83696E-4 7.19183E-4 4.3107E-4 3.61984E-4 9.50233E-5 6.55764E-5 5.42812E-5 6.00642E-5 6.49967E-5 1.29266E-4 1.3227E-4 5.231E-5 5.43699E-5 6.23947E-5 8.46005E-5 2.06747E-4 8.60732E-4 1.17752E-3 8.97173E-4 1.41115E-3 2.33972E-3 1.94905E-3 8.33247E-4 8.71656E-4 4.01563E-4 6.02666E-4 4.80746E-4
2.36989E-5 3.06851E-5 2.0832E-5 1.72265E-5 1.54536E-5 1.61826E-5 1.57177E-5 2.07314E-5 7.3983E-5 2.54348E-4 2.86403E-4 1.11682E-4 6.1302E-5 1.58902E-5 1.82438E-5 1.91957E-5 2.11189E-5 5.63135E-5 2.22746E-4 3.93708E-4 2.69885E-4 1.20807E-4 8.38891E-5 6.10133E-5 6.14119E-4 1.11185E-3 7.67727E-5 1.74071E-4 4.35722E-4 6.46075E-4 3.21659E-4 5.84603E-4 1.84811E-4 1.51174E-4 1.62262E-4 1.56124E-4 1.50178E-4 1.19049E-4 2.36758E-4 3.70235E-4 3.83728E-4 6.07073E-4 2.49412E-4 1.46934E-4 7.59511E-5 5.67878E-5 1.05162E-4 4.98368E-5 2.15022E-4 1.45754E-4 1.31864E-4 5.66118E-5 7.62229E-5 1.36786E-4 1.01425E-3 1.41997E-3 8.40157E-4 1.53262E-3 1.2135E-3 1.47601E-3 2.10874E-3 1.22656E-3 6.83079E-4 4.77542E-4 3.99169E-4 7.33586E-4
2.5591E-5 2.71913E-5 2.41584E-5 1.57581E-5 1.57195E-5 1.55715E-5 1.86959E-5 1.87807E-5 3.38411E-5 3.28083E-4 1.88134E-4 6.31796E-5 6.54942E-5 7.00399E-5 2.29372E-5 2.23025E-5 3.51799E-5 2.67928E-4 4.06839E-4 1.22465E-4 1.52759E-4 1.4452E-4 6.9562E-5 1.4286E-4 1.00259E-3 2.70247E-3 1.61497E-4 3.83672E-4 4.71876E-4 7.75611E-4 1.52208E-3 6.48084E-4 1.59021E-4 2.26671E-4 1.70514E-4 1.52999E-4 1.85401E-4 2.10494E-4 1.20404E-4 1.19567E-4 1.16017E-4 2.99309E-4 8.43225E-5 5.89567E-5 5.33632E-5 5.1583E-5 4.98034E-5 5.23581E-5 5.01699E-5 7.75303E-5 9.37468E-5 7.75436E-5 3.99737E-4 6.67125E-4 6.39546E-4 7.68444E-4 8.3087E-4 8.39704E-4 8.3645E-4 9.1626E-4 5.96139E-4 1.28639E-3 6.35746E-4 4.01209E-4 6.20523E-4 5.29698E-4
1.82378E-5 2.19195E-5 2.28958E-5 2.24176E-5 1.52106E-5 1.54516E-5 1.63633E-5 1.72949E-5 1.59256E-5 2.40555E-5 2.22485E-4 1.83777E-4 6.80035E-5 9.16705E-5 2.35221E-5 4.32941E-5 8.36902E-5 2.51871E-4 3.25948E-4 6.99746E-5 4.88566E-5 3.68825E-4 3.7943E-4 3.74572E-4 1.89643E-3 1.65754E-3 3.63163E-4 8.49585E-4 3.07011E-4 2.76057E-4 6.90622E-4 8.58305E-4 4.71651E-4 1.36426E-4 1.83477E-4 1.67301E-4 5.26147E-4 6.16865E-4 2.83835E-4 1.18619E-4 1.1853E-4 1.05886E-4 9.15917E-5 6.23382E-5 7.93311E-5 5.29189E-5 5.06985E-5 5.62285E-5 5.15284E-5 6.36905E-5 2.78659E-4 2.45699E-4 4.78791E-4 6.04776E-4 1.49902E-4 9.26641E-4 4.64767E-4 6.54939E-4 7.92737E-4 6.298E-4 2.86761E-4 5.1946E-4 5.25108E-4 3.30068E-4 4.54641E-4 3.79375E-4
1.78155E-5 1.84239E-5 1.86546E-5 2.02454E-5 1.7178E-5 1.85183E-5 1.97237E-5 1.81136E-5 1.84362E-5 4.15695E-5 2.34759E-4 3.79112E-4 8.97927E-5 7.24182E-5 2.92054E-4 1.45718E-4 3.64458E-4 1.71664E-4 1.11E-4 8.8635E-5 6.99507E-5 3.29212E-4 4.03525E-4 8.07081E-4 4.40256E-4 9.02104E-4 2.04389E-4 3.03258E-4 6.75351E-4 1.65816E-4 1.40482E-4 3.41768E-4 3.08506E-4 7.35216E-4 1.63518E-4 2.36586E-4 5.61957E-4 1.10086E-3 2.6828E-4 1.21575E-4 1.21098E-4 1.21098E-4 1.25316E-4 3.35265E-4 4.25046E-4 7.81819E-5 5.28409E-5 5.8555E-5 6.44201E-5 5.1453E-4 1.88392E-3 7.38742E-4 6.09689E-4 7.23323E-4 3.9413E-4 3.52928E-4 8.02631E-4 6.47273E-4 6.64229E-4 5.00487E-4 2.62448E-4 3.22338E-4 5.36027E-4 6.34351E-4 4.23644E-4 1.32268E-4
2.51534E-5 2.09264E-5 3.53621E-5 3.36057E-5 2.77117E-5 3.3713E-5 3.19739E-5 2.40433E-5 2.00846E-5 2.05967E-5 1.72425E-4 3.08048E-4 6.83619E-5 7.07227E-5 8.89216E-5 6.44404E-5 9.85086E-5 2.36128E-4 2.20899E-5 7.1286E-5 1.06962E-4 1.8802E-4 4.75567E-4 1.19714E-3 2.82424E-4 2.12979E-4 3.68252E-4 4.19519E-4 4.41684E-4 2.24381E-4 1.42412E-4 1.7997E-4 3.11822E-4 1.91566E-4 1.80187E-4 2.22276E-4 9.63801E-4 1.10513E-3 6.37886E-4 2.11082E-4 1.48025E-4 1.25285E-4 1.32639E-4 1.45931E-4 3.58107E-4 6.29774E-5 5.42378E-5 5.60097E-5 2.78505E-4 2.16056E-3 1.2498E-3 1.29816E-3 4.59175E-4 6.84237E-4 6.99661E-4 1.8072E-4 3.72567E-4 7.23691E-4 4.92525E-4 4.78961E-4 1.4653E-4 3.67057E-4 5.25082E-4 4.75273E-4 4.18852E-4 2.72401E-4
2.84028E-5 3.31921E-5 3.7054E-5 3.37153E-5 3.26545E-5 3.29618E-5 3.42121E-5 3.56208E-5 2.79071E-5 3.73397E-4 1.88486E-4 9.59921E-5 6.89012E-5 6.51472E-5 2.65578E-5 4.4981E-5 7.42903E-5 2.53991E-4 8.85414E-5 3.99499E-5 1.27761E-4 5.65352E-4 1.71002E-4 1.94311E-4 2.76957E-4 2.06528E-4 3.78964E-4 3.94845E-4 2.2493E-4 8.37148E-4 3.93404E-4 1.7396E-4 1.48101E-4 4.52552E-4 2.02272E-4 2.46307E-4 6.23581E-4 1.22887E-3 8.23662E-4 2.71617E-4 4.0593E-4 1.4712E-4 1.46842E-4 1.72865E-4 3.63381E-4 2.34899E-4 5.57503E-5 6.01564E-5 5.54293E-4 5.04726E-4 5.51001E-4 1.56413E-3 5.06644E-4 4.66004E-4 6.74967E-4 1.56892E-4 1.29633E-3 7.96146E-4 5.77989E-4 8.10271E-4 2.43196E-4 4.22604E-4 5.33907E-4 6.40445E-4 9.97675E-4 3.76421E-4
2.42377E-5 3.41941E-5 3.73397E-5 3.68992E-5 3.01227E-5 2.36032E-5 2.36403E-5 1.05696E-4 1.04457E-4 2.63193E-4 4.67239E-4 1.31757E-4 8.43091E-5 7.74437E-5 7.16154E-5 1.85905E-5 5.14956E-5 2.34301E-4 1.51855E-4 1.08487E-4 1.81756E-4 1.54299E-4 7.61459E-5 1.0904E-4 2.72915E-4 6.06603E-4 2.46851E-4 4.39338E-4 3.1826E-4 3.71859E-4 2.02696E-4 6.1449E-5 3.9652E-4 3.83124E-4 1.74196E-4 1.93942E-4 2.48296E-4 2.57818E-4 2.3134E-4 4.8153E-4 2.316E-4 1.35998E-4 1.66598E-4 1.75114E-4 1.31193E-4 3.3465E-4 1.73527E-4 7.20244E-5 5.70364E-4 1.83656E-4 1.80693E-4 6.11779E-4 4.65031E-4 1.81843E-4 6.02547E-4 4.96021E-4 7.53537E-4 4.77528E-4 4.67998E-4 2.45511E-4 2.28988E-4 7.14068E-4 7.92606E-4 7.93723E-4 9.38593E-4 3.25178E-4
1.09086E-4 3.10331E-4 1.62774E-4 1.70627E-4 1.99009E-4 1.8779E-4 1.59634E-4 7.84837E-5 7.56717E-5 1.40133E-4 6.16789E-5 1.26215E-4 3.22656E-4 4.37979E-5 3.63928E-5 2.88616E-5 9.73701E-5 2.65849E-4 2.54435E-4 5.11749E-4 1.15316E-3 1.50325E-4 1.09995E-4 7.66084E-5 4.94307E-4 5.55122E-4 4.92074E-4 4.85776E-4 3.58731E-4 5.76641E-4 3.93126E-4 1.5498E-4 2.72096E-4 5.38414E-4 2.44708E-4 1.65403E-4 1.84635E-4 2.59498E-4 1.82707E-4 1.84673E-4 1.38134E-4 1.42831E-4 1.34911E-4 1.26785E-4 1.3709E-4 1.39169E-4 1.85366E-4 3.68607E-4 2.33578E-4 2.90916E-4 1.92562E-4 8.84794E-4 5.07028E-4 2.93353E-4 3.1561E-4 4.29445E-4 5.82199E-4 3.90557E-4 2.32446E-4 3.34091E-4 4.37848E-4 4.88449E-4 7.44237E-4 8.92321E-4 4.6177E-4 2.3648E-4
3.04439E-4 5.43654E-4 1.03568E-3 7.46221E-4 2.11621E-4 3.33402E-4 1.97935E-4 1.11615E-4 1.87973E-4 8.50319E-5 6.97652E-5 7.57973E-5 7.87578E-5 3.5164E-5 5.74628E-5 1.75837E-5 4.2012E-5 2.59316E-4 9.43709E-4 6.41796E-4 1.50808E-4 2.77951E-4 3.34899E-4 1.33623E-4 1.6784E-4 3.08297E-4 3.556E-4 9.30905E-4 9.43049E-4 3.46878E-4 3.90902E-4 9.3071E-4 4.08759E-4 7.53948E-4 2.30361E-4 1.58189E-4 1.53177E-4 1.57099E-4 1.61792E-4 1.62223E-4 1.40008E-4 1.48503E-4 1.47831E-4 1.44705E-4 1.43034E-4 1.41813E-4 1.40084E-4 1.52567E-4 3.23322E-4 1.77345E-4 1.79504E-4 1.30285E-3 9.43665E-4 6.12579E-4 9.01083E-5 7.89789E-4 6.92568E-4 3.91895E-4 8.21404E-5 2.94789E-4 8.42577E-4 8.26258E-4 1.24169E-3 4.61839E-4 7.90055E-4 3.29472E-4
9.15779E-5 2.76666E-4 1.12709E-3 1.38111E-4 3.52687E-4 6.53665E-4 2.43492E-4 8.56725E-5 3.16175E-4 1.1449E-4 7.62985E-5 7.9752E-5 8.24275E-5 2.30694E-5 1.86876E-4 8.6226E-5 2.1711E-4 8.10856E-4 8.11743E-4 1.32368E-3 2.50395E-4 4.018E-4 4.35528E-4 3.772E-4 1.30345E-4 2.85408E-4 4.59125E-4 4.38071E-4 3.81223E-4 3.22706E-4 2.58645E-4 3.69473E-4 3.86953E-4 4.50422E-4 1.62525E-4 1.58009E-4 1.55574E-4 1.59675E-4 1.6426E-4 1.64985E-4 1.4037E-4 1.31675E-4 1.32926E-4 1.32255E-4 1.29923E-4 1.33991E-4 2.18806E-4 2.98557E-4 6.73051E-4 1.74404E-4 1.79497E-4 4.93537E-4 6.32577E-4 3.32308E-4 2.10681E-4 5.34414E-4 3.16876E-4 3.12155E-4 8.17836E-5 2.83733E-4 5.96525E-4 1.243E-3 2.44331E-4 3.5777E-4 3.15532E-4 9.8342E-5
9.74425E-5 9.20329E-5 1.08889E-4 1.0714E-4 7.24878E-5 2.66151E-4 6.34424E-4 1.05439E-4 2.57274E-4 1.14717E-4 9.5206E-5 8.2906E-5 2.4933E-5 7.44333E-5 3.57803E-5 1.11449E-4 9.41648E-5 1.11181E-4 5.84687E-4 1.23295E-3 7.396E-4 3.30244E-4 2.95583E-4 1.13537E-4 1.26899E-4 9.31369E-5 3.18653E-4 1.3265E-4 7.24876E-5 2.58046E-4 1.51484E-4 1.6041E-4 5.0448E-4 1.89178E-4 1.65737E-4 1.65737E-4 1.65737E-4 1.61446E-4 1.68914E-4 1.76031E-4 1.58754E-4 1.34368E-4 1.36473E-4 1.47619E-4 1.37309E-4 1.35485E-4 3.31716E-4 6.09641E-4 1.69876E-4 1.68877E-4 1.85215E-4 3.17029E-4 3.53598E-4 5.92178E-4 1.60064E-4 3.5845E-4 4.04349E-4 3.11361E-4 1.02439E-4 3.36829E-4 9.62259E-4 1.39586E-3 3.0165E-4 3.08248E-4 2.26248E-4 1.18343E-4
2.40953E-5 2.25933E-5 7.05363E-5 9.10036E-5 6.5017E-5 5.08855E-5 9.35007E-5 3.85445E-4 9.22308E-5 7.41434E-5 9.91308E-5 9.25081E-5 5.38147E-5 5.82179E-5 2.56693E-5 6.20811E-5 6.15767E-5 1.58397E-4 1.44671E-4 6.30421E-4 7.63685E-4 7.07384E-4 3.56784E-4 1.37859E-4 1.5879E-4 3.80608E-5 7.91184E-5 1.43444E-4 5.41712E-5 1.39627E-4 1.61287E-4 1.0121E-4 2.23688E-4 1.27996E-4 1.69327E-4 1.69327E-4 1.69327E-4 1.69327E-4 1.68631E-4 4.01616E-4 6.73582E-4 1.21113E-4 1.48977E-4 1.4884E-4 1.39995E-4 1.53784E-4 1.01772E-3 4.09897E-4 1.81507E-4 1.59681E-4 2.26542E-4 5.25697E-4 4.08747E-4 5.18263E-4 2.81486E-4 3.88102E-4 3.62066E-4 3.14268E-4 1.24099E-4 6.10447E-4 6.21517E-4 7.93199E-4 2.15087E-4 2.91069E-4 1.43169E-4 1.40326E-4
