catData/rasterBestHybridModels/Fchaus/RD_RM1.5_H/Fchaus_stddev.asc
ncols         409
nrows         350
xllcorner     60.897278365
yllcorner     5.843756025
cellsize      0.0892857
NODATA_value  -9999
[rows 145 to 173 of 350, columns 198 to 263 of 409]
7.34948E-6 7.09869E-6 7.19228E-6 6.83391E-6 7.06747E-6 7.33507E-6 9.01839E-6 9.67244E-6 8.92771E-6 7.9134E-6 7.49805E-6 8.90388E-6 8.89682E-6 9.22099E-6 1.20307E-5 1.41161E-5 1.32044E-5 1.25281E-5 1.25763E-5 1.24774E-5 1.30448E-5 2.23139E-5 5.14938E-6 5.13346E-6 4.70588E-6 4.7915E-6 5.13479E-6 8.2634E-6 1.59637E-5 2.08322E-5 2.30027E-5 1.29095E-5 1.3911E-5 5.09808E-6 6.27279E-6 2.6655E-5 6.49263E-6 8.6164E-6 1.10097E-5 9.79491E-6 9.97839E-6 1.02169E-5 1.08866E-5 6.72846E-6 2.4965E-6 4.50523E-6 4.0265E-6 3.46025E-6 3.41528E-6 2.70328E-6 2.27893E-6 2.52343E-6 2.36346E-6 2.92068E-6 2.80685E-6 2.36416E-6 2.70718E-6 6.21703E-6 6.95913E-6 6.92189E-6 1.21942E-5 7.42128E-6 6.79761E-6 6.78939E-6 6.87069E-6 8.68307E-6
6.87751E-6 7.71166E-6 5.93273E-6 7.88713E-6 7.3084E-6 7.39934E-6 7.3055E-6 7.89837E-6 7.57812E-6 7.83468E-6 8.98916E-6 9.24056E-6 9.24736E-6 8.93626E-6 1.42483E-5 1.41144E-5 1.2459E-5 1.34006E-5 1.32269E-5 1.36287E-5 4.94366E-6 4.68296E-6 5.97092E-6 5.67006E-6 4.69076E-6 4.82243E-6 9.82205E-6 1.21944E-5 1.3443E-5 1.95922E-5 1.50671E-5 1.43598E-5 1.37875E-5 9.3816E-6 8.84682E-6 4.79502E-5 8.19553E-5 1.17611E-5 7.1507E-5 2.31516E-5 1.01171E-5 7.15024E-6 2.73021E-5 5.2198E-6 2.61242E-6 2.6491E-6 3.51506E-6 3.59733E-6 2.44813E-6 2.469E-6 2.4738E-6 2.97303E-6 4.27881E-6 7.71124E-6 7.19581E-6 1.34752E-5 7.02458E-6 3.63912E-6 1.18379E-5 9.31443E-6 6.13323E-6 7.79553E-6 8.63466E-6 7.06443E-6 8.16618E-6 8.64576E-6
5.24803E-6 5.57139E-6 5.64901E-6 7.18763E-6 7.35684E-6 9.18413E-6 8.58944E-6 8.40473E-6 7.68551E-6 6.98324E-6 6.08728E-6 8.88255E-6 8.70068E-6 8.7916E-6 1.32183E-5 1.58607E-5 7.86093E-6 8.14234E-6 8.06528E-6 1.19152E-5 6.06436E-6 5.8216E-6 6.40056E-6 6.44754E-6 6.58791E-6 7.64223E-6 1.1644E-5 1.18847E-5 1.99938E-5 1.30377E-5 1.82738E-5 1.40711E-5 1.32523E-5 1.687E-5 1.60832E-5 5.37828E-5 1.66996E-4 4.31298E-5 8.41797E-5 8.42777E-5 4.82643E-5 6.37777E-6 4.73423E-5 4.06485E-5 2.68244E-6 2.7408E-6 2.60433E-6 3.47744E-6 2.66203E-6 2.67912E-6 6.11024E-6 2.53603E-6 6.36911E-6 1.01803E-5 1.07098E-5 9.69459E-6 2.80978E-5 2.51143E-5 1.30839E-5 7.48677E-6 2.85463E-5 3.20499E-5 9.03094E-6 1.51942E-5 8.56446E-6 3.53895E-5
5.98207E-6 5.93696E-6 7.89569E-6 7.52226E-6 6.67908E-6 1.00566E-5 8.66535E-6 8.98166E-6 8.79123E-6 6.18878E-6 5.4992E-6 5.37486E-6 9.63289E-6 9.77701E-6 1.18361E-5 1.04127E-5 6.85079E-6 1.15682E-5 6.04582E-6 7.0512E-6 6.35754E-6 6.90903E-6 8.12426E-6 6.16937E-6 6.2217E-6 8.90752E-6 1.3071E-5 4.91763E-5 1.44751E-5 9.18464E-6 1.10642E-5 1.03504E-5 1.18435E-5 9.01999E-6 1.79115E-5 1.24716E-5 1.02572E-4 1.14487E-4 1.28375E-4 9.09656E-5 4.093E-5 1.10393E-5 4.37845E-5 6.10337E-5 1.73208E-5 1.88349E-5 5.45074E-6 4.41852E-6 4.77498E-6 3.95944E-6 3.99301E-6 7.82484E-6 6.82584E-6 1.11595E-5 8.03295E-6 2.27289E-5 5.57497E-6 1.782E-5 1.03578E-5 2.63352E-5 2.41988E-5 2.89449E-5 4.11948E-5 4.89282E-5 1.51898E-5 1.28959E-5
5.98091E-6 6.19185E-6 8.05678E-6 7.79004E-6 5.45898E-6 9.24638E-6 8.82187E-6 8.92482E-6 7.93333E-6 6.3237E-6 6.78812E-6 8.65485E-6 9.75295E-6 1.00099E-5 7.53166E-6 8.12059E-6 8.02931E-6 1.26923E-5 6.02297E-6 6.04125E-6 7.06889E-6 6.48751E-6 9.19381E-6 6.39789E-6 6.56503E-6 7.3566E-6 5.1631E-5 4.84819E-5 1.2346E-5 8.59845E-6 7.62696E-6 9.14734E-6 4.08242E-5 8.65011E-6 1.06299E-5 5.24949E-6 9.78664E-6 2.90326E-5 3.73865E-5 6.03458E-5 6.86114E-5 4.13267E-5 9.28899E-5 6.7711E-5 7.03585E-5 2.57167E-5 4.47338E-6 1.64337E-5 2.53123E-5 3.3302E-5 3.82673E-5 2.58796E-5 4.81503E-5 5.10179E-5 5.9742E-5 1.95984E-5 2.57931E-5 2.24243E-5 3.98483E-5 1.39565E-4 5.74035E-5 8.91437E-5 1.0118E-4 9.57537E-5 8.58097E-5 4.00068E-5
8.26119E-6 8.14828E-6 8.05536E-6 5.57469E-6 5.0947E-6 7.05415E-6 7.9137E-6 8.51163E-6 1.04036E-5 5.46059E-6 6.23632E-6 9.17744E-6 9.85366E-6 1.19282E-5 1.3447E-5 8.86498E-6 7.31051E-6 8.14895E-6 7.61841E-6 7.59783E-6 1.36755E-5 3.76005E-5 6.59004E-6 8.50286E-6 1.42842E-5 5.01353E-5 1.00612E-4 1.23379E-4 1.4175E-5 9.08106E-6 8.54245E-6 7.24015E-6 7.59892E-6 7.88689E-6 3.87648E-5 7.11771E-5 9.73027E-6 2.29136E-5 5.11537E-5 6.49083E-5 1.27049E-4 1.48735E-4 7.20224E-5 5.78241E-5 7.33159E-5 8.67655E-5 3.61984E-5 4.55768E-5 5.08668E-5 8.96357E-5 5.00574E-5 3.82142E-5 1.29404E-5 9.43208E-6 5.76278E-5 9.35604E-5 4.41818E-5 7.68518E-5 1.07434E-4 2.39693E-4 1.49146E-4 2.37068E-4 2.63157E-4 1.14203E-4 1.17309E-4 5.96062E-5
6.60001E-6 5.56142E-6 6.43273E-6 7.66253E-6 6.55174E-6 7.39512E-6 6.65354E-6 7.08583E-6 7.25136E-6 6.89946E-6 5.32927E-6 9.12451E-6 1.01908E-5 1.15955E-5 7.13301E-6 5.16307E-6 1.12189E-5 8.61667E-6 8.82918E-6 2.12539E-5 5.05714E-5 3.87727E-5 7.72834E-6 2.35274E-5 1.56573E-5 1.30273E-5 5.25954E-5 1.46979E-4 6.99894E-5 1.21762E-5 7.9573E-6 7.54183E-6 1.03298E-5 1.12347E-5 1.97108E-5 2.63219E-5 5.41314E-5 6.53671E-5 1.1994E-4 5.29045E-5 1.79479E-4 2.42177E-4 5.35875E-5 6.93162E-5 1.12508E-4 3.54737E-5 7.82766E-5 2.83442E-5 4.10285E-5 7.35826E-5 2.99404E-5 7.92398E-5 5.03282E-5 3.89091E-5 1.23449E-4 9.63826E-5 1.23917E-4 6.98617E-5 5.62103E-5 1.43826E-4 1.61807E-4 1.60969E-4 1.61889E-4 2.32481E-4 2.20969E-4 1.66995E-4
1.06701E-5 9.3565E-6 8.26827E-6 7.90797E-6 6.98935E-6 6.37313E-6 7.3292E-6 7.40645E-6 1.04215E-5 8.93577E-6 1.22025E-5 1.14913E-5 1.56976E-5 1.03089E-5 5.14522E-6 5.70872E-6 5.96649E-6 5.34835E-6 5.56781E-6 8.6489E-6 9.18359E-6 3.92309E-5 4.26345E-5 1.01217E-4 7.35521E-5 1.83254E-5 1.75576E-5 1.39763E-5 1.21182E-5 2.41971E-5 7.56613E-6 6.88703E-6 8.99054E-6 8.82157E-6 1.28769E-5 1.77678E-5 8.62327E-5 1.20704E-4 1.09702E-4 9.54186E-5 1.17894E-4 8.49442E-5 1.67674E-4 3.66609E-5 3.10005E-5 4.82623E-5 3.59145E-5 1.76593E-5 2.75749E-5 2.94195E-5 5.29982E-5 2.2108E-5 2.10091E-5 8.50621E-5 9.45113E-5 1.0329E-4 8.94588E-5 1.60547E-4 1.12922E-4 9.76442E-5 9.56346E-5 9.20073E-5 7.10425E-5 1.25675E-4 8.98686E-5 1.58634E-4
1.4793E-5 1.01793E-5 8.48162E-6 7.51317E-6 7.34042E-6 9.53179E-6 9.24654E-6 1.43892E-5 1.40607E-5 1.50842E-5 1.56034E-5 1.8103E-5 1.41931E-5 9.00816E-6 1.08086E-5 9.58087E-6 8.82382E-6 6.86998E-6 1.17941E-5 7.5749E-6 1.04325E-5 4.4254E-5 1.69719E-5 1.04346E-5 2.13101E-5 2.88306E-5 1.38461E-5 1.42768E-5 5.27475E-5 4.72037E-5 8.58247E-6 7.28063E-6 7.70931E-6 7.53836E-6 1.49815E-5 1.75088E-5 9.22999E-5 3.05905E-5 2.116E-5 2.46788E-5 5.79105E-5 6.07704E-5 3.12893E-5 2.19127E-5 2.40214E-5 2.23027E-5 2.513E-5 9.45129E-6 5.22886E-6 6.884E-6 1.37481E-5 3.83468E-5 3.61319E-5 1.06366E-4 7.58121E-5 7.77659E-5 8.50948E-5 1.35981E-4 1.31819E-4 8.8813E-5 5.46291E-5 1.17785E-4 7.22945E-5 1.24546E-4 1.2805E-4 1.20157E-4
1.01264E-5 1.08807E-5 8.67371E-6 1.02671E-5 9.75188E-6 9.27684E-6 1.06683E-5 1.51165E-5 1.42662E-5 1.65918E-5 1.66671E-5 9.74908E-6 8.94503E-6 8.23906E-6 1.82556E-5 1.9177E-5 2.11285E-5 3.43321E-5 2.11713E-5 1.26682E-5 1.33447E-5 3.43233E-5 2.24252E-5 3.92805E-5 1.37369E-5 2.64374E-5 3.07646E-5 2.2303E-5 9.81916E-5 2.07993E-5 1.07399E-5 1.75521E-5 1.02327E-5 1.03732E-5 1.35828E-5 1.62848E-5 1.96452E-5 1.99164E-5 1.78636E-5 1.9469E-5 1.72177E-5 2.4793E-5 1.60832E-5 1.45886E-5 1.64177E-5 1.71989E-5 1.20421E-5 2.03837E-5 2.01446E-5 1.96052E-5 3.29606E-5 3.73974E-5 3.83927E-5 6.72127E-5 7.89449E-5 1.08289E-4 4.2203E-5 3.76189E-5 2.68139E-5 5.41634E-5 2.89696E-5 8.99681E-5 5.83091E-5 1.0363E-4 6.45876E-5 5.55065E-5
1.1543E-5 1.0858E-5 9.33133E-6 1.01436E-5 1.04525E-5 1.18839E-5 1.67424E-5 1.18043E-5 1.67675E-5 9.6947E-6 8.80529E-6 8.57976E-6 8.11658E-6 8.68474E-6 1.97409E-5 3.79632E-5 4.10539E-5 2.7251E-5 1.26744E-5 1.68739E-5 1.67804E-5 1.63955E-5 3.70677E-5 4.56823E-5 6.57754E-5 6.26357E-5 5.10599E-5 1.59715E-4 1.1987E-4 4.73382E-5 1.49652E-5 1.11984E-5 1.07819E-5 1.18608E-5 1.06242E-5 1.06924E-5 1.27481E-5 1.60543E-5 1.74413E-5 2.10435E-5 1.82974E-5 1.50247E-5 2.26972E-5 1.66229E-5 1.87892E-5 1.3335E-5 1.88571E-5 1.89664E-5 1.84108E-5 2.15334E-5 2.30939E-5 1.77985E-5 1.99516E-5 2.46519E-5 2.03472E-5 7.61477E-5 9.4464E-5 8.40078E-5 9.66478E-5 7.48154E-5 1.10429E-4 8.50883E-5 1.73839E-5 4.06995E-5 6.7969E-5 6.45114E-5
8.814E-6 9.20242E-6 9.07841E-6 1.05546E-5 9.72673E-6 9.28435E-6 3.42045E-5 2.24412E-5 1.10425E-5 8.26015E-6 1.36172E-5 7.81014E-6 7.94157E-6 1.66358E-5 2.15193E-5 2.10612E-5 2.32552E-5 1.40392E-5 1.73163E-5 1.71665E-5 2.46015E-5 1.39312E-5 4.58516E-5 3.97998E-5 7.85147E-5 1.44395E-5 5.32777E-5 9.95259E-5 1.04918E-4 1.84623E-4 3.97862E-5 2.0171E-5 1.314E-5 1.20811E-5 1.06086E-5 1.60742E-5 1.72984E-5 1.58624E-5 1.5865E-5 1.30586E-5 1.21652E-5 1.43945E-5 1.2296E-5 1.54959E-5 1.06523E-5 1.36712E-5 1.26682E-5 1.79203E-5 1.73996E-5 1.94885E-5 2.05577E-5 1.69316E-5 6.02603E-5 1.8393E-5 3.17771E-5 5.64476E-5 5.04602E-5 5.92732E-5 7.71301E-5 1.07505E-4 4.02755E-5 6.61359E-5 6.90158E-5 2.28208E-5 5.72456E-5 5.39139E-5
8.15673E-6 8.96395E-6 1.10551E-5 1.39599E-5 1.12674E-5 1.08202E-5 9.22987E-6 9.9111E-6 1.03328E-5 1.04102E-5 9.80913E-6 9.53603E-6 1.04037E-5 3.07595E-5 2.88446E-5 1.94525E-5 2.37138E-5 1.61722E-5 3.1408E-5 3.23436E-5 3.05138E-5 2.20564E-5 1.91765E-5 2.04801E-5 3.58494E-5 1.06353E-5 1.08767E-5 5.38239E-5 5.82777E-5 2.15018E-5 2.85089E-5 3.50756E-5 4.12502E-5 3.10493E-5 4.46423E-5 2.13262E-5 1.47844E-5 1.21137E-5 1.39341E-5 1.23497E-5 1.0904E-5 1.011E-5 1.01866E-5 1.0767E-5 1.11536E-5 9.23341E-6 1.83904E-5 1.53632E-5 1.4038E-5 1.6272E-5 1.72228E-5 1.76725E-5 5.24077E-5 1.5938E-5 5.33399E-5 6.53818E-5 9.84409E-5 7.18673E-5 9.1385E-5 8.49447E-5 6.79458E-5 8.82647E-5 6.90052E-5 2.35208E-5 2.43652E-5 5.65153E-5
4.10379E-6 7.80496E-6 8.54946E-6 8.32881E-6 8.77202E-6 9.43013E-6 1.00646E-5 9.80083E-6 9.97281E-6 1.03969E-5 9.71522E-6 9.71135E-6 3.17188E-5 3.18375E-5 2.42373E-5 1.60625E-5 2.30897E-5 2.65818E-5 2.95049E-5 3.05506E-5 3.05717E-5 3.07423E-5 5.35222E-5 2.72623E-5 1.09859E-5 1.22763E-5 1.07966E-5 1.15717E-5 1.17449E-5 4.00563E-5 2.84882E-5 3.07405E-5 2.89501E-5 3.30212E-5 9.27131E-5 8.77116E-5 1.58612E-5 1.37137E-5 1.64964E-5 2.24405E-5 1.51804E-5 1.3621E-5 8.53051E-6 6.4719E-6 6.94728E-6 7.45517E-6 2.42979E-5 5.26399E-6 1.86069E-5 1.39165E-5 5.64989E-5 3.84766E-5 5.62741E-5 5.68467E-5 2.49632E-5 6.91168E-5 5.04787E-5 6.54649E-5 1.00858E-4 8.2195E-5 8.12811E-5 8.98243E-5 2.55732E-5 2.74887E-5 3.44934E-5 3.8168E-5
4.54655E-6 3.5866E-6 3.85848E-6 4.09701E-6 8.21639E-6 9.74644E-6 1.95594E-5 1.0713E-5 1.22123E-5 1.07851E-5 1.01338E-5 1.78293E-5 1.56259E-5 2.76913E-5 2.39909E-5 1.57381E-5 2.17276E-5 2.23589E-5 2.09359E-5 2.27908E-5 2.71749E-5 3.46478E-5 3.19359E-5 1.45461E-5 1.43798E-5 7.4181E-5 1.13653E-5 2.57692E-5 1.62691E-5 2.14245E-5 1.8292E-5 2.71562E-5 3.71686E-5 1.7815E-4 1.0273E-4 5.4129E-5 1.98088E-5 1.4005E-5 1.15247E-5 1.55328E-5 1.05339E-5 8.59076E-6 6.86015E-6 6.0229E-6 1.01436E-5 2.73282E-5 7.02158E-5 3.03844E-5 5.59217E-5 5.32407E-5 3.37534E-5 4.54474E-5 6.14188E-5 5.26981E-5 2.15612E-5 3.23907E-5 4.507E-5 8.24201E-5 3.01382E-5 6.86177E-5 6.61796E-5 7.45449E-5 2.70437E-5 2.28703E-5 2.35808E-5 3.84947E-5
9.33532E-6 1.5345E-5 2.14348E-5 7.40834E-5 6.12282E-5 4.45446E-5 8.31642E-5 2.27398E-5 6.08422E-6 1.34556E-5 1.42711E-5 4.18805E-5 1.85935E-5 1.72823E-5 1.65709E-5 1.83553E-5 2.35287E-5 2.18882E-5 1.72328E-5 2.76944E-5 4.25184E-5 1.92222E-5 2.4643E-5 1.26304E-5 1.17327E-5 1.88732E-5 3.48139E-5 3.0831E-5 3.58645E-5 8.56048E-5 5.876E-5 5.66026E-5 3.06593E-5 3.11542E-5 1.09679E-4 1.03666E-4 3.3967E-5 1.57072E-5 1.42019E-5 1.03271E-5 1.22583E-5 1.23262E-5 1.01674E-5 2.73201E-5 1.60772E-5 4.33072E-5 5.72308E-5 6.73907E-5 4.21022E-5 9.29784E-5 4.4272E-5 7.23819E-5 6.82185E-5 6.71292E-5 4.51968E-5 1.89065E-5 3.67841E-5 7.40099E-5 9.27246E-5 1.49815E-5 1.53601E-5 2.41136E-5 2.51756E-5 2.17738E-5 2.58949E-5 2.44566E-5
1.638E-4 1.02703E-4 3.31259E-4 8.65994E-5 2.53463E-5 4.32425E-5 4.44142E-5 3.54144E-5 2.3805E-5 3.40032E-5 1.64757E-5 1.88419E-5 2.03612E-5 1.89256E-5 1.75162E-5 1.75692E-5 1.96483E-5 1.66908E-5 1.57325E-5 1.6716E-5 6.15672E-5 1.48097E-5 6.58497E-5 9.06381E-6 1.07505E-5 1.65847E-5 7.42939E-5 5.88219E-5 4.40671E-5 4.24416E-5 4.95968E-5 5.85354E-5 1.41464E-5 5.85013E-5 6.68706E-5 1.37673E-4 1.15235E-4 4.55621E-5 1.81764E-5 6.27425E-5 8.0292E-5 9.63898E-5 3.72012E-5 3.47871E-5 2.27905E-5 1.52029E-5 4.49059E-5 4.51206E-5 5.9665E-5 4.44085E-5 5.37298E-5 1.91792E-4 1.2209E-4 4.15033E-5 1.59553E-5 1.47706E-5 1.42281E-5 2.49601E-5 5.85885E-5 1.39118E-5 5.41072E-5 2.63106E-5 2.22072E-5 2.26138E-5 1.49994E-5 1.27531E-5
4.79869E-5 4.75048E-5 2.05744E-4 8.2081E-5 6.2409E-5 5.14035E-5 4.62836E-5 4.36829E-5 1.35187E-5 1.26903E-5 1.24917E-5 1.27762E-5 1.4809E-5 1.59908E-5 1.32423E-5 1.73198E-5 1.80568E-5 1.72922E-5 2.26986E-5 1.6421E-5 1.32814E-5 2.9026E-5 6.09727E-5 3.22012E-5 9.43167E-6 1.0497E-5 5.81463E-5 1.0172E-4 1.42026E-4 5.90101E-5 9.97978E-5 9.63565E-5 5.1616E-5 9.33645E-5 2.12453E-4 1.71627E-4 1.9403E-4 1.24743E-4 9.21439E-5 1.27747E-4 1.15278E-4 3.24131E-4 7.98003E-5 4.73384E-5 2.4281E-5 5.59539E-5 9.01156E-5 1.97186E-4 1.39616E-4 8.10304E-5 3.9469E-5 2.85262E-5 5.98063E-5 2.34042E-5 2.09001E-5 1.43453E-5 1.37354E-5 1.14788E-5 1.35923E-5 1.32027E-5 1.8835E-5 5.65528E-5 1.38616E-5 1.25097E-5 1.13168E-5 1.22324E-5
4.85104E-5 6.35133E-5 5.23159E-5 2.15702E-5 1.60892E-5 1.63928E-5 1.49376E-5 4.9423E-5 3.95989E-5 3.72028E-5 1.51673E-5 1.59763E-5 1.41618E-5 1.05896E-5 9.7551E-6 8.74896E-6 1.3831E-5 1.56999E-5 2.12511E-5 4.30645E-5 1.81735E-5 1.87683E-5 3.12606E-5 7.00303E-5 2.11652E-5 8.66221E-5 1.57561E-4 2.56788E-4 2.95416E-4 1.69657E-4 1.10998E-4 1.16224E-4 1.25084E-4 1.57627E-4 3.64912E-4 2.95222E-4 3.64857E-4 1.09502E-4 2.14141E-5 5.70222E-5 1.50966E-4 1.77737E-4 1.78534E-4 1.85646E-5 7.62545E-6 1.99264E-5 5.84073E-5 1.21118E-4 1.41119E-4 7.01645E-5 1.39898E-5 1.0105E-5 6.29694E-5 6.83854E-5 3.26614E-5 1.45691E-5 1.78505E-5 2.42274E-5 1.09649E-5 1.00064E-5 1.13293E-5 1.21281E-5 1.59554E-5 1.7081E-5 2.31815E-5 2.40607E-5
7.95043E-5 1.03696E-4 8.61982E-5 1.86136E-5 1.59277E-5 1.36475E-5 1.31108E-5 5.27092E-5 4.02791E-5 4.03916E-5 3.72701E-5 3.52427E-5 3.11231E-5 3.03491E-5 3.17436E-5 2.48822E-5 3.78875E-5 4.88921E-5 5.62997E-5 4.35804E-5 4.94486E-5 7.79906E-5 1.84578E-4 1.23344E-4 3.63071E-5 1.53911E-4 2.62086E-4 3.5028E-4 1.0769E-4 6.90893E-5 4.44772E-5 4.84216E-5 6.34981E-5 5.70134E-5 7.91875E-5 1.37328E-4 2.86826E-4 1.66394E-4 3.45317E-5 2.98134E-5 2.73151E-5 1.4025E-5 4.00602E-5 1.42836E-5 7.6956E-6 9.50314E-6 1.36478E-5 2.83624E-5 1.0984E-4 4.50208E-5 8.11561E-6 9.82862E-6 2.16115E-5 1.8182E-5 7.37468E-5 5.77587E-5 1.63559E-5 1.27708E-5 1.37169E-5 1.2913E-5 2.90764E-5 3.31324E-5 4.72566E-5 3.25843E-5 2.44568E-5 1.58852E-5
3.37513E-5 1.17139E-5 1.42318E-5 5.03492E-6 1.62057E-5 1.73466E-5 1.35402E-5 4.92003E-5 2.42378E-5 2.21729E-5 2.03687E-5 2.38531E-5 2.16208E-5 3.26839E-5 2.51802E-5 6.51923E-5 4.27596E-5 9.96856E-5 1.11986E-4 9.84018E-5 1.19197E-4 2.33459E-4 5.63597E-4 1.63147E-4 4.87221E-5 7.42535E-5 1.09613E-4 2.20868E-4 1.86613E-4 2.03576E-5 7.86696E-6 2.35382E-5 2.0269E-5 8.61036E-6 1.52558E-5 6.49547E-5 1.0801E-4 5.23983E-5 1.05188E-5 1.45697E-5 1.36482E-5 8.60252E-6 3.70445E-5 1.20478E-5 7.47428E-6 7.99562E-6 1.02887E-5 9.99346E-6 3.92916E-5 1.04022E-5 7.52827E-6 3.80537E-5 5.20149E-5 1.30685E-5 2.41359E-5 3.03107E-5 1.57022E-5 1.98626E-5 1.63677E-5 1.14248E-5 8.72448E-6 8.50087E-6 1.23758E-5 1.51211E-5 2.67077E-5 1.13639E-5
1.01214E-5 8.63786E-6 8.50474E-6 4.27985E-6 1.70685E-5 1.76664E-5 1.73312E-5 1.54769E-5 6.30069E-6 2.62739E-5 2.27758E-5 2.60989E-5 2.57044E-5 2.94058E-5 6.59161E-5 7.24134E-5 1.94159E-5 3.75691E-5 1.21218E-4 6.01555E-5 2.14167E-4 2.22323E-4 3.24204E-4 5.91244E-4 1.95221E-4 2.19702E-4 2.73396E-4 2.02682E-4 1.30429E-4 4.11986E-5 8.89635E-6 9.63563E-6 8.36903E-6 8.54707E-6 9.61409E-6 9.74036E-6 9.18966E-6 9.48342E-6 9.36871E-6 1.94781E-5 4.28625E-5 3.96734E-5 4.22936E-5 1.66523E-5 1.03101E-5 9.39238E-6 9.23182E-6 1.30023E-5 8.68335E-6 7.72118E-6 1.27036E-5 7.87787E-5 3.39793E-5 6.87661E-6 2.69261E-5 3.5431E-5 5.28715E-5 4.34188E-5 2.01619E-5 1.92043E-5 1.44508E-5 8.89387E-6 2.11539E-5 9.85406E-6 8.06812E-6 7.55544E-6
7.39044E-6 8.51139E-6 9.2235E-6 8.45593E-6 8.30889E-6 9.99097E-6 9.51395E-6 9.51384E-6 7.98909E-6 7.46409E-6 6.658E-6 5.95183E-6 7.13607E-6 3.1883E-5 7.5394E-5 2.41507E-5 2.52771E-5 1.34873E-4 3.11547E-4 2.32745E-4 5.45569E-4 1.53674E-4 3.49786E-4 2.64593E-4 6.02485E-4 7.22304E-4 7.49404E-4 1.33792E-4 1.11778E-4 1.88376E-5 8.40479E-6 9.54734E-6 9.15218E-6 8.97728E-6 7.753E-6 7.73743E-6 8.8477E-6 9.36153E-6 8.27764E-6 8.65419E-6 3.74564E-5 8.81195E-6 8.05036E-6 8.43807E-6 8.97246E-6 8.71217E-6 9.94084E-6 2.13012E-5 2.5956E-5 1.8899E-5 9.72366E-6 3.15634E-5 1.15488E-5 6.87106E-6 7.8148E-6 1.78837E-5 6.36726E-5 4.09718E-5 2.71009E-5 3.38238E-5 2.50756E-5 6.55132E-6 9.9482E-6 9.04187E-6 9.35459E-6 1.30976E-5
7.88214E-6 8.40147E-6 9.04739E-6 1.26177E-5 1.07855E-5 9.14728E-6 1.03653E-5 1.03656E-5 9.40692E-6 8.38159E-6 7.77466E-6 9.84666E-6 9.73328E-6 8.31671E-6 1.3779E-5 1.7996E-5 4.84891E-6 3.38045E-5 3.35834E-4 4.51895E-4 5.53337E-4 5.43691E-4 2.11583E-4 1.84652E-4 7.15056E-5 1.79237E-4 2.85436E-4 1.90424E-4 6.24742E-5 8.64697E-6 8.27614E-6 8.94536E-6 9.47883E-6 9.06002E-6 7.84875E-6 7.72947E-6 7.67503E-6 8.98227E-6 8.1691E-6 1.18655E-5 1.49588E-5 8.71181E-6 8.75274E-6 8.83553E-6 8.69853E-6 8.70149E-6 1.11978E-5 1.17571E-5 1.04055E-5 1.05686E-5 1.66109E-5 2.0366E-5 1.69389E-5 8.32199E-6 2.34982E-5 6.25204E-6 1.63186E-5 3.37614E-5 3.66372E-5 1.77976E-5 9.76092E-6 6.52792E-6 6.74746E-6 6.47695E-6 1.36913E-5 7.68719E-5
8.97285E-6 9.6634E-6 1.1479E-5 1.25124E-5 1.08915E-5 6.01747E-6 8.80099E-6 8.56418E-6 7.84979E-6 6.44564E-6 7.56013E-6 8.92293E-6 8.36074E-6 7.08524E-6 3.61991E-5 2.32205E-5 2.67037E-6 4.06003E-6 7.81493E-5 9.44212E-5 1.22082E-4 1.41543E-4 9.57063E-5 1.77579E-4 1.15956E-4 7.77763E-5 4.21688E-4 1.25744E-4 3.17455E-5 9.05227E-6 9.30923E-6 8.99615E-6 9.19987E-6 9.33063E-6 8.66458E-6 8.77108E-6 8.71178E-6 8.81668E-6 7.91486E-6 8.52306E-6 7.85915E-6 8.38101E-6 8.69416E-6 8.62649E-6 8.44611E-6 8.5453E-6 1.31302E-5 1.02853E-5 1.01352E-5 9.26146E-6 9.87961E-6 9.67908E-6 1.0076E-5 1.7E-5 8.05788E-6 1.43861E-5 3.59356E-5 4.95163E-5 3.70548E-5 1.3461E-5 9.16846E-6 5.88933E-6 6.61133E-6 7.20045E-6 1.85563E-5 3.45011E-5
5.44448E-6 7.50849E-6 9.87178E-6 1.03272E-5 8.17705E-6 8.7806E-6 8.0547E-6 7.80304E-6 8.1471E-6 1.38855E-5 1.40777E-5 2.28388E-5 3.06934E-5 9.27798E-6 3.27105E-5 2.11659E-5 2.91865E-6 2.65143E-6 2.92859E-5 1.09997E-4 1.02259E-4 1.74556E-4 1.13354E-4 5.15806E-5 9.61058E-5 2.37738E-5 1.46705E-4 1.04224E-4 1.3711E-5 6.04394E-6 8.8331E-6 9.12471E-6 9.23914E-6 9.45974E-6 9.35161E-6 9.56084E-6 9.53121E-6 8.56439E-6 7.95999E-6 7.97474E-6 7.68942E-6 7.44541E-6 8.92148E-6 9.15434E-6 8.6228E-6 8.30718E-6 1.16894E-5 9.23417E-6 1.03769E-5 1.10648E-5 1.03689E-5 9.00182E-6 8.51594E-6 6.96569E-6 6.73857E-6 6.78109E-6 2.99158E-5 5.13628E-5 2.4665E-5 2.01433E-5 6.34642E-6 6.54972E-6 6.6541E-6 6.49178E-6 6.08782E-6 1.19417E-5
6.7602E-6 6.07206E-6 4.61719E-6 6.03913E-6 6.65558E-6 7.1252E-6 6.83427E-6 1.79783E-5 2.51249E-5 1.99261E-5 7.46141E-6 1.34399E-5 1.30224E-5 5.50468E-6 4.93295E-6 3.84831E-6 3.13538E-6 4.07069E-6 3.48685E-6 3.73895E-5 8.46445E-5 7.05848E-5 1.27632E-4 4.57835E-5 7.57443E-5 7.83936E-5 1.67561E-4 2.28068E-5 6.23808E-6 5.93197E-6 5.27576E-6 8.4796E-6 9.33262E-6 9.25153E-6 8.48116E-6 8.53723E-6 9.26785E-6 7.89096E-6 8.27192E-6 9.2246E-6 7.71339E-6 7.94806E-6 8.05957E-6 8.87658E-6 9.52158E-6 1.46514E-5 1.46526E-5 1.05439E-5 1.03002E-5 1.04527E-5 1.03264E-5 8.62244E-6 8.49443E-6 6.55054E-6 6.03092E-6 7.17115E-6 9.16114E-6 2.5321E-5 1.2289E-5 9.75254E-6 6.55574E-6 7.08395E-6 7.48935E-6 7.81648E-6 7.84715E-6 9.75718E-6
6.36318E-6 5.71038E-6 4.84637E-6 5.33747E-6 4.69017E-6 5.51684E-6 7.31248E-6 9.76743E-6 6.32506E-5 6.37463E-6 6.63956E-6 8.0553E-6 5.67701E-6 5.76931E-6 4.36637E-6 3.4561E-6 3.05197E-6 3.59553E-6 3.20231E-6 5.14861E-6 6.62673E-6 5.52117E-5 1.0514E-4 3.62498E-5 6.91958E-5 1.928E-4 1.13967E-4 3.21864E-5 8.21152E-6 4.88954E-6 5.15494E-6 5.461E-6 9.42517E-6 8.35979E-6 9.35973E-6 8.9101E-6 8.24432E-6 8.05703E-6 8.49444E-6 9.0997E-6 8.79922E-6 8.25161E-6 8.0412E-6 1.12179E-5 9.49779E-6 8.45287E-6 7.11706E-6 7.71638E-6 1.04443E-5 7.8565E-6 1.01412E-5 1.09402E-5 7.96705E-6 6.13029E-6 5.4174E-6 6.37485E-6 1.77724E-5 1.20126E-5 7.35148E-6 5.99578E-6 9.10218E-6 1.31102E-5 2.45458E-5 8.14222E-6 8.8292E-6 3.16684E-5
6.21965E-6 5.24347E-6 4.9619E-6 4.8084E-6 4.82365E-6 5.10071E-6 9.74165E-5 4.96273E-5 1.76792E-5 4.24279E-6 9.03892E-6 4.50575E-6 4.41758E-6 5.13801E-6 4.15571E-6 3.14161E-6 3.13956E-6 4.88457E-6 5.27911E-6 3.1138E-6 2.9531E-6 2.64812E-5 8.96664E-5 9.10834E-5 1.29622E-4 2.0092E-4 1.05573E-4 2.26589E-5 7.76224E-6 5.5793E-6 5.13407E-6 4.79747E-6 5.15187E-6 8.61927E-6 8.87925E-6 8.38908E-6 8.54519E-6 8.10024E-6 8.13803E-6 8.82652E-6 8.81712E-6 8.62577E-6 8.19623E-6 9.85099E-6 1.12933E-5 2.33094E-5 1.29842E-5 8.51066E-6 8.12295E-6 8.19532E-6 8.16634E-6 8.4946E-6 1.65934E-5 8.00146E-6 7.74011E-6 2.57214E-5 2.49193E-5 2.56148E-5 -9999 9.00829E-6 6.11963E-6 1.39849E-5 2.39763E-5 4.52067E-5 1.76473E-5 3.61433E-5
