catData/rasterBestHybridModels/Fchaus/RD_RM1.5_H/Fchaus_avg.asc
ncols         409
nrows         350
xllcorner     60.897278365
yllcorner     5.843756025
cellsize      0.0892857
NODATA_value  -9999
[rows 116 to 144 of 350, columns 198 to 263 of 409]
2.57583E-5 2.61688E-5 3.01878E-5 4.85574E-5 5.21248E-5 3.16641E-5 4.13477E-5 4.29289E-5 4.21585E-5 4.08454E-5 4.1077E-5 3.90113E-5 3.95512E-5 3.25771E-5 3.23892E-5 3.40971E-5 3.89173E-5 4.07564E-5 4.1589E-5 4.84797E-5 5.31108E-5 4.80693E-5 4.98312E-5 7.3204E-5 4.04311E-4 3.96181E-4 4.06991E-4 5.90021E-5 5.46396E-5 6.04326E-5 6.62395E-5 6.19622E-5 5.54672E-5 5.6504E-5 6.33709E-5 3.03617E-5 3.09302E-5 3.29243E-5 3.5619E-5 5.08539E-5 8.05797E-5 5.7453E-5 2.64345E-5 2.94448E-5 2.93282E-5 3.89157E-5 3.95858E-5 8.44179E-5 9.9013E-5 8.68772E-5 1.0331E-4 1.13717E-4 1.11482E-4 3.57952E-4 3.5672E-4 2.03556E-4 1.67178E-4 1.7902E-4 1.78385E-4 1.71303E-4 1.66807E-4 1.64181E-4 1.63781E-4 1.6664E-4 1.63428E-4 1.46314E-4
2.62979E-5 2.55992E-5 4.62054E-5 4.37597E-5 4.16053E-5 2.14642E-5 2.37804E-5 3.81367E-5 4.78631E-5 4.81035E-5 4.4866E-5 4.47768E-5 4.0923E-5 3.2653E-5 3.25866E-5 3.2933E-5 3.74617E-5 4.00279E-5 4.22762E-5 8.05475E-5 5.3796E-5 5.70194E-5 4.93506E-5 5.0059E-5 4.46272E-5 4.39082E-5 4.94482E-5 5.3602E-5 5.30859E-5 6.42566E-5 6.29242E-5 6.24443E-5 6.22487E-5 6.65735E-5 6.26963E-5 2.75779E-5 2.75569E-5 2.77312E-5 3.176E-5 3.39082E-5 3.95379E-5 7.76663E-5 8.12038E-5 5.35646E-5 3.37851E-5 4.36358E-5 3.99826E-5 3.71243E-5 2.95509E-5 6.17479E-5 6.23654E-5 1.01062E-4 1.02265E-4 1.1441E-4 1.36467E-4 1.51027E-4 1.46359E-4 1.78478E-4 1.7774E-4 1.88829E-4 1.75261E-4 1.53729E-4 1.01525E-4 1.23483E-4 1.24046E-4 9.46172E-5
2.67964E-5 3.01851E-5 4.12288E-5 4.1622E-5 4.19699E-5 2.2525E-5 2.11685E-5 2.84707E-5 4.28298E-5 4.70531E-5 4.59966E-5 4.30788E-5 3.85863E-5 4.02736E-5 3.92433E-5 3.38418E-5 3.41471E-5 4.59739E-5 3.48137E-4 2.55645E-4 5.41219E-5 5.49728E-5 5.32955E-5 5.59602E-5 4.42551E-5 4.28843E-5 4.27279E-5 4.92983E-5 4.75093E-5 4.69525E-5 5.11638E-5 5.89479E-5 6.33539E-5 6.80799E-5 6.85319E-5 6.57778E-5 2.89234E-5 2.83791E-5 3.72244E-5 3.27559E-5 3.10651E-5 2.65623E-5 2.75925E-5 2.72062E-5 4.88126E-5 5.38078E-5 5.38338E-5 4.71745E-5 3.47138E-5 2.989E-5 7.0127E-5 7.3465E-5 7.34376E-5 8.10696E-5 8.87184E-5 1.15748E-4 1.11185E-4 1.4376E-4 1.71287E-4 1.71419E-4 1.0744E-4 9.85138E-5 1.22138E-4 1.10362E-4 1.15668E-4 8.56006E-5
3.42967E-5 3.30859E-5 2.28347E-5 2.46455E-5 2.61729E-5 2.72954E-5 2.2881E-5 2.76404E-5 3.8918E-5 3.15406E-5 4.33365E-5 3.27913E-5 3.30986E-5 3.88693E-5 3.6989E-5 3.25367E-5 3.27237E-5 2.67679E-4 3.62994E-4 3.73111E-4 2.88866E-4 5.52001E-5 5.45521E-5 5.19977E-5 4.38109E-5 4.17025E-5 4.11164E-5 4.65745E-5 4.9498E-5 4.78948E-5 4.63844E-5 5.43979E-5 5.99543E-5 6.24518E-5 6.3577E-5 6.57502E-5 3.12205E-5 3.42513E-5 3.58544E-5 3.51586E-5 2.98272E-5 2.08616E-5 1.92916E-5 2.00723E-5 2.06259E-5 2.33037E-5 4.95328E-5 4.08689E-5 3.75944E-5 3.72383E-5 3.62616E-5 7.11825E-5 7.06658E-5 7.20953E-5 7.91057E-5 7.84468E-5 8.09461E-5 7.98801E-5 1.02236E-4 1.39874E-4 1.37923E-4 1.24629E-4 4.04141E-4 3.71051E-4 1.95825E-4 1.65729E-4
3.04893E-5 3.14337E-5 2.25732E-5 2.28501E-5 2.28392E-5 2.28059E-5 2.67342E-5 2.72818E-5 2.78197E-5 2.78088E-5 2.47219E-5 3.17323E-5 3.15644E-5 3.51117E-5 3.52031E-5 3.34255E-5 3.22739E-5 1.14375E-4 3.57349E-4 3.52157E-4 3.66485E-4 3.38078E-4 5.28942E-5 4.37032E-5 4.27579E-5 3.24022E-5 3.4412E-5 4.98603E-5 6.37953E-5 6.64992E-5 6.32581E-5 5.66068E-5 6.09619E-5 5.27857E-5 5.17695E-5 6.17392E-5 3.47879E-5 3.72476E-5 3.5691E-5 3.63785E-5 3.5733E-5 3.23453E-5 2.18004E-5 1.85477E-5 2.24333E-5 4.1001E-5 4.29547E-5 4.08205E-5 3.49038E-5 3.59926E-5 3.53488E-5 3.54016E-5 6.97556E-5 7.00867E-5 7.23874E-5 7.55139E-5 7.23303E-5 7.04673E-5 7.03611E-5 1.01244E-4 1.15085E-4 1.19433E-4 1.27688E-4 1.41939E-4 4.19919E-4 2.45156E-4
3.06161E-5 2.9738E-5 2.25722E-5 2.34744E-5 2.36952E-5 2.57549E-5 2.81055E-5 2.83139E-5 2.84093E-5 2.84866E-5 2.44169E-5 2.78631E-5 3.00448E-5 3.48892E-5 3.59712E-5 3.4499E-5 3.43861E-5 3.76382E-5 2.37657E-4 2.19083E-4 3.07653E-4 3.58107E-4 8.44055E-5 3.81689E-5 4.06141E-5 3.26438E-5 3.1595E-5 4.48086E-5 6.03708E-5 6.3803E-5 6.22575E-5 6.01462E-5 5.65166E-5 5.19216E-5 4.8834E-5 4.75908E-5 5.85728E-5 3.41343E-5 3.50616E-5 3.16816E-5 3.33618E-5 2.46026E-5 2.46744E-5 2.3055E-5 2.7159E-5 2.94486E-5 2.98068E-5 4.15502E-5 3.44485E-5 3.44937E-5 3.24007E-5 3.18876E-5 3.25023E-5 6.94825E-5 9.50309E-5 7.97072E-5 6.83506E-5 6.94223E-5 7.06298E-5 9.48771E-5 1.02988E-4 9.32078E-5 1.39873E-4 1.34636E-4 2.80161E-4 2.38418E-4
3.56787E-5 3.03788E-5 2.29319E-5 2.38181E-5 2.44689E-5 2.81354E-5 2.86111E-5 2.73837E-5 2.87978E-5 2.85802E-5 2.53564E-5 2.47798E-5 2.52003E-5 3.36795E-5 3.4425E-5 3.26232E-5 3.50252E-5 3.6093E-5 3.52701E-5 3.57111E-5 4.21034E-5 7.27093E-5 4.17348E-5 3.89986E-5 2.54637E-5 3.07794E-5 3.20162E-5 3.424E-5 4.82242E-5 6.23379E-5 6.02798E-5 5.05274E-5 5.05161E-5 4.84341E-5 4.91323E-5 5.12401E-5 5.26813E-5 2.54824E-5 3.13678E-5 2.91748E-5 2.8515E-5 2.6802E-5 2.33397E-5 2.55362E-5 2.83083E-5 2.89459E-5 1.98864E-5 2.24918E-5 3.37192E-5 3.73684E-5 3.57229E-5 3.12506E-5 3.37143E-5 3.15622E-5 9.88015E-5 9.91548E-5 6.23454E-5 6.37504E-5 7.76175E-5 9.00524E-5 9.94288E-5 7.03052E-5 9.24579E-5 1.14131E-4 2.49083E-4 3.57536E-4
3.09157E-5 3.01635E-5 2.33804E-5 2.36634E-5 2.45589E-5 2.65276E-5 2.68708E-5 2.72775E-5 2.9463E-5 2.92455E-5 2.85257E-5 2.58706E-5 2.58482E-5 2.60634E-5 2.61612E-5 2.72771E-5 2.94928E-5 3.49892E-5 3.57646E-5 3.56121E-5 3.50059E-5 3.64681E-5 3.79622E-5 3.72758E-5 2.55914E-5 2.6777E-5 2.40504E-5 3.8006E-5 4.55463E-5 4.83279E-5 5.23867E-5 5.03449E-5 4.81332E-5 2.71197E-5 2.87294E-5 4.11131E-5 5.32011E-5 2.50736E-5 2.70297E-5 2.80184E-5 2.67545E-5 2.72463E-5 2.34774E-5 2.94602E-5 3.50784E-5 3.43715E-5 2.01138E-5 2.04196E-5 4.32021E-5 4.36791E-5 5.14151E-5 6.30293E-5 6.58356E-5 4.21632E-5 5.82522E-5 1.14563E-4 9.26279E-5 7.33167E-5 7.61674E-5 7.70027E-5 8.7667E-5 8.70304E-5 1.05374E-4 7.18798E-5 9.82304E-5 1.65641E-4
3.01906E-5 2.29962E-5 2.33052E-5 2.40479E-5 2.62462E-5 2.71467E-5 2.70287E-5 2.66731E-5 2.87657E-5 2.89731E-5 2.93517E-5 2.64877E-5 2.4787E-5 2.44203E-5 2.36047E-5 2.43714E-5 2.46505E-5 3.21858E-5 3.37465E-5 3.47932E-5 3.38502E-5 3.48733E-5 3.75385E-5 3.55619E-5 3.40285E-5 3.3522E-5 3.21086E-5 3.31292E-5 3.82896E-5 4.07508E-5 4.6631E-5 5.19109E-5 5.04596E-5 3.09939E-5 3.11114E-5 5.39297E-5 7.89333E-5 7.54248E-5 2.81723E-5 2.73118E-5 2.70693E-5 2.73504E-5 2.60674E-5 2.65485E-5 3.18976E-5 3.39605E-5 2.19177E-5 2.00589E-5 4.09502E-5 4.08421E-5 5.32299E-5 6.44227E-5 6.20168E-5 3.98652E-5 4.08155E-5 5.67888E-5 1.19614E-4 1.27906E-4 7.52632E-5 7.13311E-5 8.62949E-5 8.56637E-5 9.75945E-5 8.69678E-5 8.06432E-5 5.89549E-5
2.99218E-5 2.23615E-5 2.26726E-5 2.4576E-5 2.62222E-5 2.76237E-5 2.73916E-5 2.8159E-5 2.88141E-5 2.81568E-5 2.77898E-5 2.63919E-5 2.26169E-5 2.27199E-5 2.31962E-5 2.466E-5 2.4822E-5 2.52312E-5 2.67584E-5 3.17048E-5 2.98768E-5 3.27575E-5 3.50924E-5 3.24268E-5 3.26437E-5 3.29937E-5 3.33488E-5 3.50522E-5 4.24759E-5 4.28863E-5 4.46889E-5 5.2275E-5 4.44047E-5 2.7872E-5 3.18867E-5 2.84163E-5 3.29616E-5 8.44847E-5 2.92374E-5 2.66114E-5 2.64597E-5 2.79471E-5 2.84425E-5 2.7864E-5 3.19563E-5 3.26773E-5 3.52399E-5 1.87031E-5 1.30552E-5 1.30968E-5 2.49365E-5 4.22511E-5 5.71766E-5 4.00739E-5 4.56477E-5 5.19222E-5 4.09374E-5 9.073E-5 6.92792E-5 7.08893E-5 7.31127E-5 9.13938E-5 1.10437E-4 1.24851E-4 9.48241E-5 6.23884E-5
2.92898E-5 2.14785E-5 2.25131E-5 2.58066E-5 2.70665E-5 2.59759E-5 2.37268E-5 2.42928E-5 2.58575E-5 2.57663E-5 2.33726E-5 2.29138E-5 2.27489E-5 2.15289E-5 2.25649E-5 2.4225E-5 2.49477E-5 2.50734E-5 2.38498E-5 2.48654E-5 2.41166E-5 2.52319E-5 2.86128E-5 2.99375E-5 3.13032E-5 3.1523E-5 3.17694E-5 3.68724E-5 4.11843E-5 4.04069E-5 4.44697E-5 6.01352E-5 6.03206E-5 5.32236E-5 4.56027E-5 4.35944E-5 6.19816E-5 8.04185E-5 6.01706E-5 2.72328E-5 2.77457E-5 2.80614E-5 2.94395E-5 4.66688E-5 5.39434E-5 5.60284E-5 5.56522E-5 1.9724E-5 1.48148E-5 1.35077E-5 2.08969E-5 2.47993E-5 2.96624E-5 3.61734E-5 3.55507E-5 4.25309E-5 3.67297E-5 6.58794E-5 6.43162E-5 6.63632E-5 7.97873E-5 7.85016E-5 8.0295E-5 8.67629E-5 8.79566E-5 7.53201E-5
2.97554E-5 2.17871E-5 2.3227E-5 2.73111E-5 2.64895E-5 2.35398E-5 2.32505E-5 2.14808E-5 2.18945E-5 2.21157E-5 2.21896E-5 2.22581E-5 2.17245E-5 2.14495E-5 2.35345E-5 2.36965E-5 2.28701E-5 2.33913E-5 2.25331E-5 2.29061E-5 2.36412E-5 2.39373E-5 2.58541E-5 2.80403E-5 2.58119E-5 2.90427E-5 3.08925E-5 3.91914E-5 4.0541E-5 4.52602E-5 4.9538E-5 5.52695E-5 5.908E-5 5.86291E-5 5.54515E-5 6.84005E-5 8.39502E-5 7.58054E-5 5.41124E-5 2.88193E-5 3.34766E-5 3.42384E-5 3.45622E-5 4.49402E-5 4.89359E-5 5.46785E-5 5.51188E-5 4.44918E-5 3.05027E-5 1.55299E-5 1.3089E-5 1.31471E-5 3.51116E-5 3.44993E-5 3.38711E-5 4.05889E-5 3.68313E-5 3.00537E-5 6.31719E-5 6.14342E-5 6.96759E-5 6.68563E-5 6.41663E-5 6.4869E-5 6.38161E-5 5.83807E-5
3.11599E-5 2.24546E-5 2.40454E-5 2.56401E-5 2.30937E-5 2.37178E-5 2.29877E-5 2.12292E-5 2.20413E-5 2.27513E-5 2.26179E-5 2.26924E-5 2.28672E-5 2.23213E-5 2.19574E-5 2.2314E-5 2.20004E-5 2.23387E-5 2.15138E-5 2.31875E-5 2.3801E-5 2.39947E-5 2.39462E-5 2.27961E-5 2.34037E-5 2.3555E-5 2.60323E-5 3.31747E-5 4.04723E-5 4.58495E-5 5.00921E-5 5.0492E-5 4.87508E-5 5.54879E-5 6.78987E-5 7.99905E-5 8.26818E-5 4.55791E-5 3.83749E-5 2.15292E-5 3.32631E-5 3.42483E-5 3.37154E-5 3.32673E-5 3.51141E-5 3.75819E-5 4.6272E-5 3.82448E-5 3.79816E-5 3.76785E-5 3.19676E-5 2.90399E-5 3.06286E-5 3.01992E-5 3.20382E-5 4.09546E-5 3.27848E-5 2.78125E-5 2.86054E-5 5.71006E-5 6.43741E-5 4.38366E-5 5.63477E-5 3.76184E-5 5.00416E-5 5.00072E-5
5.72666E-5 3.9916E-5 2.40087E-5 2.23209E-5 2.34279E-5 2.30467E-5 2.22782E-5 2.06625E-5 2.12859E-5 2.31664E-5 2.33919E-5 2.38224E-5 2.29669E-5 2.19532E-5 2.09186E-5 2.14902E-5 2.15886E-5 2.18237E-5 2.32478E-5 2.37149E-5 2.44242E-5 2.42247E-5 2.28521E-5 2.3341E-5 2.31228E-5 2.2539E-5 2.31524E-5 2.94701E-5 3.81752E-5 4.18128E-5 4.99447E-5 4.76735E-5 5.73519E-5 6.50564E-5 7.32456E-5 7.66342E-5 7.77548E-5 5.08321E-5 3.96657E-5 4.58906E-5 3.98295E-5 3.72344E-5 3.77578E-5 3.49098E-5 3.44882E-5 3.38424E-5 4.48584E-5 4.60957E-5 4.66182E-5 4.40103E-5 3.37637E-5 3.05177E-5 2.98362E-5 3.09369E-5 3.98643E-5 2.61016E-5 2.63174E-5 2.43593E-5 2.69194E-5 2.25836E-5 3.60636E-5 3.55125E-5 4.19901E-5 3.60746E-5 5.30067E-5 5.04549E-5
5.01097E-5 4.07864E-5 2.5496E-5 2.35548E-5 2.38868E-5 2.28583E-5 2.19247E-5 2.18767E-5 2.24857E-5 2.26341E-5 2.15472E-5 2.15855E-5 2.34631E-5 2.28435E-5 2.37058E-5 2.25186E-5 2.33463E-5 2.33075E-5 2.41223E-5 2.45772E-5 2.61959E-5 2.58736E-5 2.42175E-5 2.47769E-5 2.43957E-5 2.36436E-5 2.26989E-5 2.20034E-5 2.29922E-5 3.31612E-5 4.53378E-5 4.54589E-5 4.63484E-5 6.21324E-5 3.3975E-4 3.84796E-4 3.7531E-4 8.84873E-5 3.80711E-5 8.25361E-5 3.94044E-5 4.01975E-5 6.07293E-5 5.43799E-5 3.85856E-5 3.47682E-5 4.4739E-5 4.7109E-5 4.66998E-5 7.54112E-5 1.25736E-4 3.74811E-5 2.88619E-5 2.86159E-5 2.97211E-5 3.04956E-5 2.51527E-5 2.49505E-5 2.07943E-5 1.42533E-5 4.73882E-5 5.82431E-5 3.32712E-4 3.74214E-5 5.36942E-5 5.48759E-5
2.34553E-5 3.35547E-5 2.77439E-5 2.66829E-5 2.54833E-5 2.47132E-5 2.50351E-5 2.5184E-5 2.25454E-5 2.16628E-5 2.1858E-5 2.34154E-5 2.47485E-5 2.50163E-5 2.49345E-5 2.54799E-5 2.4184E-5 2.3796E-5 2.3262E-5 2.07676E-5 2.75376E-5 3.03319E-5 3.04895E-5 2.95079E-5 2.8554E-5 2.44631E-5 2.22072E-5 2.21265E-5 2.28441E-5 3.18512E-5 4.33859E-5 4.37642E-5 4.65115E-5 6.2308E-5 1.27173E-4 3.47933E-4 9.49698E-5 4.45565E-5 3.66642E-5 7.97951E-5 8.49534E-5 4.28541E-5 6.86633E-5 6.34328E-5 6.03379E-5 6.01495E-5 1.70594E-4 1.70023E-4 1.42797E-4 1.64446E-4 1.62571E-4 6.09621E-5 2.95765E-5 3.5249E-5 3.7968E-5 3.22856E-5 2.17216E-5 1.57321E-5 1.83744E-5 2.32507E-5 2.82174E-5 3.71797E-5 4.23246E-5 7.89418E-5 4.41526E-5 5.8035E-5
2.43455E-5 2.46813E-5 2.59919E-5 2.78285E-5 2.7353E-5 2.64313E-5 2.72442E-5 2.614E-5 2.35709E-5 2.36386E-5 2.40608E-5 2.59208E-5 2.63822E-5 2.61184E-5 2.69601E-5 2.43151E-5 2.38685E-5 2.39087E-5 2.29904E-5 2.12287E-5 2.59102E-5 2.8309E-5 3.07825E-5 2.98476E-5 2.69944E-5 2.35076E-5 2.40136E-5 2.29974E-5 2.29696E-5 2.28737E-5 2.41532E-5 3.08843E-5 3.93386E-5 3.05874E-5 3.14339E-5 3.07015E-5 4.99377E-5 6.09324E-5 5.79003E-5 5.95069E-5 4.34329E-5 5.01237E-5 6.49427E-5 6.58586E-5 6.40979E-5 6.76543E-5 1.55719E-4 1.59078E-4 1.74201E-4 1.60725E-4 3.88957E-5 3.3472E-5 3.54702E-5 3.74455E-5 2.64301E-5 1.69474E-5 1.59679E-5 1.72986E-5 1.75396E-5 2.08251E-5 2.52667E-5 1.66642E-5 3.83954E-5 7.36634E-5 7.62687E-5 6.7052E-5
2.53504E-5 2.55873E-5 2.64448E-5 2.77781E-5 2.43088E-5 2.45716E-5 2.61425E-5 2.58341E-5 2.38283E-5 2.44559E-5 2.56315E-5 2.77219E-5 2.923E-5 2.85108E-5 2.52414E-5 2.2384E-5 2.2711E-5 2.2189E-5 2.31609E-5 2.33675E-5 2.19324E-5 2.63292E-5 2.63311E-5 3.32074E-5 2.7444E-5 2.61292E-5 2.69825E-5 2.56228E-5 2.43313E-5 2.49764E-5 2.67926E-5 2.62792E-5 2.55573E-5 2.83801E-5 3.05738E-5 3.03635E-5 5.1016E-5 5.27058E-5 5.35335E-5 4.0912E-5 3.93049E-5 3.50055E-5 3.21265E-5 2.74051E-5 3.11752E-5 2.73984E-5 2.78871E-5 1.02162E-4 2.74903E-5 2.80734E-5 2.11215E-5 2.60399E-5 2.78405E-5 2.26192E-5 1.33877E-5 1.60373E-5 2.246E-5 2.07789E-5 2.14305E-5 1.67301E-5 2.04586E-5 1.75953E-5 1.83341E-5 5.57372E-5 9.58091E-5 7.28199E-5
2.61737E-5 2.72262E-5 2.76451E-5 2.6995E-5 2.46354E-5 2.37415E-5 2.35429E-5 2.26821E-5 2.3349E-5 2.49097E-5 2.67736E-5 2.69885E-5 2.80249E-5 2.59136E-5 2.38426E-5 2.32094E-5 2.183E-5 2.08222E-5 2.26109E-5 2.11619E-5 2.3504E-5 2.54342E-5 2.78907E-5 3.20036E-5 3.78755E-5 5.00192E-5 3.12123E-5 2.89852E-5 2.83763E-5 2.73546E-5 2.88352E-5 2.66698E-5 2.37964E-5 2.52017E-5 2.76606E-5 2.87614E-5 3.29381E-5 3.75835E-5 3.87034E-5 3.90546E-5 3.9432E-5 4.18774E-5 1.75502E-5 2.04294E-5 2.56848E-5 3.08065E-5 3.11763E-5 2.51004E-5 2.14966E-5 2.00247E-5 1.87154E-5 1.31054E-5 1.19741E-5 1.28225E-5 1.30968E-5 1.35956E-5 3.12144E-5 3.08588E-5 2.40974E-5 1.644E-5 1.63193E-5 2.61403E-5 2.83981E-5 1.01118E-4 1.892E-4 7.69123E-5
2.77549E-5 2.94303E-5 2.92588E-5 2.93418E-5 2.65717E-5 2.46074E-5 2.35141E-5 2.39335E-5 2.39393E-5 2.63902E-5 2.80925E-5 2.82441E-5 2.68111E-5 3.09141E-5 3.00771E-5 2.80253E-5 2.08308E-5 2.031E-5 2.03937E-5 2.16497E-5 2.36247E-5 2.7829E-5 4.505E-5 3.70636E-5 3.79131E-5 3.71637E-5 3.63712E-5 5.96386E-5 6.50034E-5 7.38518E-5 6.69605E-5 2.71548E-5 2.42876E-5 2.48847E-5 2.64054E-5 2.72615E-5 2.5165E-5 2.63204E-5 2.81579E-5 2.80005E-5 2.96842E-5 2.88192E-5 1.47575E-5 1.54815E-5 1.36825E-5 2.91439E-5 3.07182E-5 2.40892E-5 2.3773E-5 2.34424E-5 1.72989E-5 1.45384E-5 1.40426E-5 1.43774E-5 1.399E-5 1.27328E-5 1.44313E-5 1.62744E-5 1.77453E-5 1.63809E-5 1.98707E-5 2.50934E-5 2.6126E-5 5.33735E-5 4.67292E-5 8.85973E-5
2.82066E-5 2.89945E-5 3.00085E-5 2.90099E-5 2.56513E-5 2.46806E-5 2.52934E-5 2.5099E-5 2.5007E-5 2.72244E-5 3.00727E-5 3.10267E-5 3.28509E-5 3.19102E-5 3.07005E-5 2.84056E-5 2.20294E-5 2.11074E-5 2.23078E-5 2.54206E-5 3.73126E-5 3.24742E-5 3.92621E-5 4.33777E-5 4.35395E-5 4.40751E-5 4.33423E-5 6.13635E-5 1.07668E-4 8.28865E-5 3.22628E-5 2.77921E-5 2.73702E-5 3.12551E-5 3.31954E-5 3.29189E-5 2.74671E-5 2.46062E-5 2.68088E-5 2.87387E-5 2.89598E-5 2.72552E-5 1.43907E-5 1.4997E-5 1.46147E-5 1.60355E-5 1.64515E-5 1.59583E-5 1.77082E-5 2.20004E-5 2.27584E-5 1.7948E-5 1.70406E-5 1.71025E-5 1.72359E-5 1.69007E-5 1.53473E-5 1.48331E-5 1.46215E-5 1.5199E-5 2.58006E-5 2.69408E-5 1.53942E-4 3.59788E-5 3.87439E-5 5.24983E-5
3.31243E-5 3.38571E-5 3.05384E-5 2.87179E-5 2.667E-5 2.68468E-5 2.7068E-5 2.5699E-5 2.53466E-5 2.72637E-5 3.08716E-5 3.101E-5 2.91095E-5 3.3223E-5 3.20678E-5 2.99591E-5 2.90093E-5 3.00442E-5 3.86515E-5 4.48452E-5 5.16542E-5 5.1849E-5 4.31266E-5 4.60424E-5 4.03749E-5 4.15054E-5 3.87963E-5 3.60333E-5 3.78854E-5 3.60273E-5 3.28004E-5 3.38016E-5 3.37972E-5 3.57568E-5 3.88128E-5 3.83087E-5 3.29619E-5 3.07665E-5 3.08929E-5 3.35642E-5 3.21047E-5 3.12825E-5 1.45376E-5 1.43647E-5 1.52377E-5 1.61388E-5 1.67E-5 1.83209E-5 1.93073E-5 1.97672E-5 2.29561E-5 1.91132E-5 1.89277E-5 1.96977E-5 2.0694E-5 3.8639E-5 4.19648E-5 2.02173E-5 1.9374E-5 2.76607E-5 3.48592E-5 4.75646E-5 1.53876E-5 3.02115E-5 4.15914E-5 9.35871E-5
3.55396E-5 3.54656E-5 3.21983E-5 3.04908E-5 2.9011E-5 2.88042E-5 2.83011E-5 2.62378E-5 2.59785E-5 2.96117E-5 3.19342E-5 3.05507E-5 3.24504E-5 3.25349E-5 3.37537E-5 3.28641E-5 3.94718E-5 5.08373E-5 5.58648E-5 5.51943E-5 4.6386E-5 3.68432E-5 3.63838E-5 3.91905E-5 3.89452E-5 3.86904E-5 3.68087E-5 3.39255E-5 3.27313E-5 3.41037E-5 3.44278E-5 3.55626E-5 3.53127E-5 3.50674E-5 3.7679E-5 3.83612E-5 3.72203E-5 3.90815E-5 3.96313E-5 4.06202E-5 3.85633E-5 3.23555E-5 3.21052E-5 1.62041E-5 1.49205E-5 1.60183E-5 1.70261E-5 1.78639E-5 1.91924E-5 1.95664E-5 1.95355E-5 1.86349E-5 1.86412E-5 1.98432E-5 2.02333E-5 3.60547E-5 2.66016E-5 2.89092E-5 3.12315E-5 3.26808E-5 2.89067E-5 1.30119E-5 1.34472E-5 2.79759E-5 4.54561E-5 4.18972E-5
3.49726E-5 3.3794E-5 3.21084E-5 3.23032E-5 2.96034E-5 2.7367E-5 2.70529E-5 2.73411E-5 3.98672E-5 4.30468E-5 4.75396E-5 5.18172E-5 4.30968E-5 3.707E-5 3.96783E-5 4.61618E-5 5.43447E-5 5.77855E-5 5.14384E-5 4.89224E-5 4.44972E-5 3.51136E-5 3.49945E-5 3.55204E-5 3.75867E-5 3.7475E-5 3.34477E-5 3.406E-5 3.35689E-5 4.37085E-5 4.53329E-5 3.67916E-5 3.86944E-5 3.88532E-5 3.71388E-5 3.83012E-5 3.92408E-5 3.76993E-5 3.9431E-5 3.84623E-5 3.64828E-5 3.06283E-5 3.30687E-5 1.97283E-5 1.96082E-5 2.20072E-5 1.63908E-5 1.51053E-5 1.72634E-5 1.73863E-5 1.91595E-5 1.75611E-5 2.05436E-5 2.43693E-5 2.30978E-5 2.79993E-5 3.27939E-5 3.41471E-5 3.82619E-5 2.2674E-5 1.44098E-5 1.3397E-5 1.41488E-5 1.58036E-5 5.46847E-5 5.21382E-5
3.83871E-5 3.77018E-5 3.74714E-5 3.63902E-5 2.94907E-5 2.92766E-5 2.89103E-5 2.92799E-5 4.10986E-5 9.66816E-5 5.14438E-5 4.98203E-5 4.60032E-5 4.58297E-5 4.82329E-5 5.4485E-5 4.4719E-5 4.42183E-5 4.18472E-5 4.37625E-5 4.40076E-5 3.46215E-5 3.56973E-5 3.5773E-5 3.45985E-5 3.61061E-5 3.47116E-5 3.42184E-5 3.34251E-5 4.55586E-5 4.21924E-5 4.48208E-5 4.22938E-5 4.68127E-5 4.027E-5 3.84727E-5 3.94817E-5 3.39825E-5 3.316E-5 3.41317E-5 3.28496E-5 2.83974E-5 2.97729E-5 1.80052E-5 2.182E-5 1.85186E-5 1.87252E-5 1.60214E-5 1.45849E-5 1.49996E-5 2.03305E-5 3.4493E-5 3.0884E-5 3.86963E-5 3.61365E-5 2.55167E-5 2.83836E-5 3.21492E-5 1.56348E-5 1.22248E-5 1.54083E-5 1.62766E-5 1.59485E-5 1.66411E-5 4.50598E-5 8.02726E-5
3.90207E-5 3.83913E-5 3.8031E-5 3.65268E-5 3.23898E-5 3.21032E-5 3.36122E-5 3.27364E-5 4.16501E-5 6.56206E-5 6.03415E-5 5.09415E-5 5.64579E-5 5.62547E-5 4.273E-5 3.43263E-5 3.46412E-5 3.60333E-5 3.76646E-5 3.91958E-5 3.91101E-5 3.7561E-5 4.38906E-5 7.15748E-5 4.41362E-5 3.67448E-5 3.99792E-5 3.6583E-5 3.45877E-5 3.35766E-5 4.49905E-5 4.62237E-5 4.99476E-5 4.69906E-5 3.42984E-5 3.14553E-5 2.80458E-5 2.81222E-5 3.18169E-5 3.50343E-5 3.24013E-5 3.09542E-5 4.89983E-5 2.43977E-5 2.40945E-5 6.71945E-5 2.06639E-5 2.19487E-5 1.56069E-5 1.45355E-5 1.33096E-5 1.69362E-5 1.25854E-5 1.416E-5 1.44491E-5 1.47965E-5 1.6695E-5 1.54494E-5 1.58426E-5 1.83806E-5 1.90001E-5 1.89666E-5 1.84949E-5 1.86753E-5 3.71585E-5 4.30922E-5
4.61555E-5 4.30057E-5 4.054E-5 3.83343E-5 3.82674E-5 3.76098E-5 4.08086E-5 4.54002E-5 5.54013E-5 5.58943E-5 5.55887E-5 5.60956E-5 5.33894E-5 4.42835E-5 3.99783E-5 3.60741E-5 3.46559E-5 3.72741E-5 3.74605E-5 3.85166E-5 4.87044E-5 4.915E-5 5.34225E-5 5.74289E-5 4.37457E-5 3.56335E-5 3.71224E-5 3.75001E-5 3.48338E-5 3.38434E-5 4.736E-5 5.18419E-5 4.30998E-5 3.30624E-5 3.14817E-5 3.33964E-5 3.53505E-5 3.68693E-5 3.70179E-5 3.39715E-5 3.48615E-5 3.6054E-5 6.58406E-5 3.41777E-5 2.81295E-5 2.51206E-5 1.82313E-5 1.68534E-5 1.64597E-5 1.62429E-5 1.58383E-5 1.54737E-5 1.58069E-5 1.5575E-5 1.75689E-5 1.74789E-5 1.7873E-5 1.76394E-5 3.20068E-5 3.90218E-5 2.0293E-5 1.97089E-5 1.85188E-5 1.80575E-5 3.74876E-5 4.36138E-5
4.66341E-5 4.62944E-5 5.46427E-5 4.21232E-5 4.13912E-5 4.29638E-5 4.39979E-5 6.0312E-5 6.37323E-5 5.73941E-5 5.33017E-5 4.68281E-5 4.19821E-5 4.03811E-5 4.241E-5 4.2854E-5 4.32434E-5 4.58613E-5 4.9443E-5 5.28603E-5 6.45827E-5 7.36309E-5 6.07886E-5 5.00764E-5 4.1674E-5 3.84428E-5 3.66325E-5 3.77732E-5 5.19843E-5 4.2205E-5 4.19831E-5 3.56967E-5 3.17908E-5 4.10571E-5 4.00964E-5 4.94356E-5 5.22115E-5 4.23803E-5 3.66925E-5 4.37224E-5 4.4228E-5 4.02679E-5 5.7975E-5 3.8414E-5 3.1711E-5 2.94181E-5 2.70873E-5 1.88487E-5 1.77201E-5 1.76125E-5 1.74737E-5 1.66955E-5 1.63019E-5 1.71357E-5 2.19796E-5 2.13202E-5 1.94013E-5 3.66554E-5 3.64387E-5 3.6133E-5 3.86161E-5 2.02318E-5 2.10402E-5 4.42142E-5 4.44792E-5 3.55707E-5
4.28983E-5 5.01138E-5 5.01341E-5 4.55974E-5 4.68002E-5 5.73582E-5 6.10483E-5 6.29309E-5 6.08611E-5 5.04367E-5 4.31945E-5 3.96211E-5 4.24737E-5 4.15663E-5 4.55331E-5 4.79463E-5 5.35614E-5 5.35221E-5 5.52518E-5 5.19564E-5 5.89862E-5 1.69596E-4 8.74407E-5 4.54573E-5 4.33129E-5 4.24595E-5 4.58215E-5 4.13845E-5 4.22037E-5 4.85677E-5 4.22E-5 4.87322E-5 4.56987E-5 4.65831E-5 4.0933E-5 4.28106E-5 4.27275E-5 4.22959E-5 4.95109E-5 5.73222E-5 5.37924E-5 5.34239E-5 5.57001E-5 2.69123E-5 2.78375E-5 2.99761E-5 1.98186E-5 1.98906E-5 2.07547E-5 1.97609E-5 1.95556E-5 1.81741E-5 1.64049E-5 1.72906E-5 1.88358E-5 1.98988E-5 2.1147E-5 4.38072E-5 4.69307E-5 4.09024E-5 4.07422E-5 5.33687E-5 4.49453E-5 4.79774E-5 4.96871E-5 1.01161E-4
