catData/variables/pastClimate/lig/bio11.asc
NCOLS 409 
NROWS 350 
XLLCORNER 60.897278365 
YLLCORNER 5.843756025 
CELLSIZE 0.0892857 
NODATA_value -9999 
[rows 100 to 124 of 350, columns 112 to 167 of 409]
10.1637550713277 10.2094188466515 10.2467628540282 10.2785809846034 10.3319962906308 10.3684789773865 10.4102199226923 10.4839890908642 10.5156449291176 10.5359117553063 10.5692243753442 10.5980448533139 10.6042976780074 10.6385544371102 10.6644098545406 10.6616243164868 10.671950756028 10.7036434900494 10.7408022570715 10.7029926863064 10.733479466232 10.7733708227757 10.808421852858 10.8532196568005 10.8893562933244 10.8879409764253 10.884544640521 10.8650560477025 10.8830749681537 10.8498721026128 10.7914634948893 10.7560828167345 10.6839477762421 10.6147734206262 10.5535170639673 10.5112880113511 10.4723365803185 10.3973550687011 10.3564365264999 10.3621250959587 10.2986232956739 10.2755116847253 10.2725670089932 10.2700308361794 10.2845497555917 10.2931322342174 10.2785154713449 10.280285738306 10.283290286447 10.2692933685393 10.2508759352876 10.2287707008967 10.2477841620432 10.2682697041403 10.2589029851256 10.3102577074276
10.270202464329 10.313222793365 10.3528329142883 10.4000381199285 10.4794470177217 10.5141587186937 10.5490090806394 10.6022525024688 10.6102370256526 10.5898237412297 10.6258080240592 10.6675982191435 10.6367323509162 10.6707367005023 10.6993275874007 10.696916744856 10.6989358360932 10.737173373142 10.751590083821 10.7492184763154 10.7639040737322 10.7681485580695 10.7594963288927 10.7925888796689 10.8503797645956 10.9053047011886 10.9274929686329 10.9238258928092 10.9364419781414 10.8669185614112 10.8210660423309 10.7608340006103 10.6880249664825 10.6180160991514 10.5313994121705 10.499013495245 10.42780598108 10.392407733888 10.3853386226367 10.3538363388899 10.3149356155596 10.2964010778478 10.2944453446427 10.3041917760659 10.3009798836928 10.2842365055552 10.2466602214015 10.2653785840481 10.2495484513118 10.2190025274617 10.2002927834725 10.2042628575296 10.188052188792 10.0737388788749 9.99300869389048 10.2001296097427
10.3766328399305 10.4408384318608 10.4954868586495 10.5139289769233 10.5604371390576 10.6032839385789 10.6415951564369 10.6716592007818 10.6706795235723 10.6577994419443 10.6566189001544 10.6690009494481 10.6752461547453 10.7028162167506 10.7323873415148 10.7653604328339 10.7719051842094 10.786363714856 10.791265358929 10.7979068485344 10.7883988816736 10.7630182704501 10.7611204336219 10.8045853730346 10.9015183188387 10.9078249899396 10.951146686215 10.9746288096722 10.9289039176792 10.8382277451054 10.7633568684045 10.7076291118836 10.6651439184533 10.5792831997531 10.4986696792664 10.4799253907311 10.4155265141343 10.4114147328116 10.4065886462018 10.3822985164594 10.3356970945292 10.3436116541473 10.3173456066552 10.3287990211892 10.30600081114 10.2586290121844 10.2347225303916 10.2407256018478 10.2199421136447 10.1586532804639 10.1349975105924 10.1531775376257 10.1643425561378 9.98017642998323 9.81199247283712 10.1569765357788
10.4954918805215 10.5456087769063 10.5871926430418 10.6249919042723 10.6788858184676 10.7130081275115 10.7401128549977 10.7645102284126 10.7655865981357 10.7346839228378 10.7323858903666 10.7523569937574 10.780921856722 10.7776429434286 10.7867390658517 10.7962499519431 10.7955725831533 10.7958941619489 10.8004609272245 10.816658407668 10.8255932815849 10.8148331740049 10.8158381340285 10.8545099099761 10.8248851298284 10.8309912688482 10.8747945131929 10.8759454329828 10.8171969666175 10.7369770234331 10.6998277986296 10.6939793724886 10.6403430901119 10.5404785748971 10.4991401911582 10.4719810842047 10.4685578499658 10.4782780251561 10.4667610804663 10.4463629623884 10.3833773013083 10.3806148066522 10.3420458787714 10.3299851848162 10.3026016468665 10.2431555065941 10.2004085588435 10.1868806377728 10.1483697862222 10.1064684237639 10.0957858011064 10.0178337471054 10.0221421649097 10.1197120018591 10.129121175029 10.217112496373
10.5915402930291 10.6382914651171 10.7149170976388 10.7812146945506 10.8087430202599 10.8265743302202 10.8334762253535 10.8437866751413 10.8388432834218 10.8263286116008 10.8230868824334 10.8441062416445 10.8489550710265 10.7831749085758 10.7967739364612 10.8082636341099 10.8040439211352 10.7928974237518 10.802009025519 10.8007239035475 10.7567063206336 10.7100917379213 10.7332148995077 10.7153820676697 10.6756722615499 10.7454852853253 10.7944823710128 10.8185234726488 10.8023655056522 10.7415330850732 10.7111511139187 10.6758533985015 10.6367641351475 10.5902001954571 10.5529288795814 10.5133134251029 10.4779371407352 10.4312196460779 10.4405177572115 10.5012362856261 10.4380710695251 10.4088947664091 10.3918777882443 10.3373825999785 10.3024183895425 10.2629738924916 10.1911479683509 10.1223734543964 10.0528946306348 10.0149521452371 9.96265631992099 9.88223574912284 9.71017689892965 10.0448880034792 10.1300911784334 9.91555790552895
10.7312822360123 10.8082934928799 10.8789654327939 10.9098756503208 10.94032174103 10.9240776729862 10.9191082002572 10.9249933635391 10.928187035582 10.9184867423245 10.9194534160292 10.910220088258 10.8731701960379 10.8280725667756 10.8321466812365 10.8224401838678 10.8285419143541 10.7727687257412 10.754159482462 10.7515208008535 10.7320350555499 10.6903983394303 10.694510891177 10.6671790910882 10.6619511083263 10.7192258871001 10.7836053357177 10.8020427839911 10.7782470548971 10.7524964402813 10.7169605528842 10.686436275084 10.6670180439513 10.6508824441605 10.6242762121772 10.6012154655231 10.5517794049585 10.4764393429498 10.4529493241521 10.5153901627515 10.4968455114846 10.4481141868946 10.4180001844021 10.3485260556623 10.2994425253314 10.2445083401258 10.1584370099529 10.0598806683645 9.94021707167295 9.72930106376042 9.50258560349011 9.84957506478807 10.0634501479555 10.1029677881131 10.0047495098132 9.79651815928928
10.8972059998077 10.9604357539812 11.0152510309822 11.0539848711416 11.0099125962916 11.0002032106871 11.0027370275979 11.0049217996448 11.0210530800526 11.0146883168788 10.9771198452148 10.9056836333588 10.8808171471563 10.8825625993666 10.88103320427 10.8770786443547 10.8886766721641 10.8484559663611 10.8227363193513 10.825179227974 10.8155076663458 10.8001567973491 10.8139172463515 10.7819642994863 10.7464554894345 10.7418697404889 10.7543313663993 10.7300762515746 10.7259664685553 10.7291908563829 10.7215142908814 10.7308575630266 10.7258863120014 10.7146836975079 10.681413121465 10.6417837721126 10.6171972549794 10.5482757600108 10.5006213714135 10.5141925883004 10.5347645297626 10.4982798197796 10.4464473902423 10.3537763660905 10.3063821995718 10.2068417542166 10.0840267796735 9.9806430806788 9.94156193458304 9.8474130090705 9.73284578349309 9.90669422093811 10.0746191620264 10.0442881819046 9.92636143026563 10.0099350432038
11.0625837511415 11.1089786757352 11.118325813343 11.0668725485805 11.0422599451271 11.0727119758935 11.0820768856348 11.095649819694 11.1017448060288 11.0590623028737 10.9682194396137 10.9176239309868 10.9065049888383 10.8994463905441 10.9020268096306 10.9395573896148 10.9430690018886 10.9500158640091 10.9246878810574 10.8934701214003 10.8802609787654 10.8737830680075 10.8693973992709 10.8178246398893 10.7966015583112 10.7966384237069 10.7960107404216 10.7882221930474 10.8062583495429 10.8034171128424 10.8035699834307 10.8217975734756 10.8024077584705 10.7840717446906 10.7434799629646 10.7065125019696 10.6735782853709 10.6422447463834 10.5900028530865 10.5856184216386 10.5668036354785 10.5075674494449 10.4696326658814 10.3811485434489 10.2909244082374 10.1735926367397 10.02715347456 9.90173800666527 9.97928501882244 10.0208048588264 10.0109500083685 10.0441368907505 10.0530900218659 9.99991608813285 9.97213213880338 10.0583649820318
11.1907654627274 11.234544054321 11.2215193200793 11.1573457063548 11.1430621591435 11.1885771641785 11.1849994834028 11.1480002161844 11.0539424840874 11.0075785026779 10.9872098366947 10.9853691912241 10.9479893060156 10.9003055297417 10.8908052198346 10.9479929631768 10.9830266653185 10.933298243108 10.9600862149942 10.9518665428433 10.908726711028 10.9122310977046 10.9154480766906 10.8805698393278 10.8442863041857 10.8400771011368 10.8668118456556 10.8641990232098 10.8832802517343 10.8987066671253 10.9437477334468 10.9654715060321 10.9316626451724 10.901506409192 10.854107005404 10.8490879314407 10.8049542252802 10.7391527859229 10.6791629017876 10.6340585251956 10.5927890894293 10.5288693763755 10.4622712837164 10.3771645049784 10.2921348851384 10.1822033921668 10.0637477812386 9.97727805643273 10.0666354055425 10.2117749388605 10.219707497142 10.1832155909703 10.1440581585185 10.139499334278 10.0655306280211 10.088286362928
11.2437804173901 11.3056779205949 11.3167681251072 11.3218152170235 11.3528458104307 11.3088122094728 11.2729260611509 11.2218877369821 11.1487976029045 11.090516729013 11.031181335875 10.9784118254321 10.9303553205994 10.8785536187433 10.8754114927817 10.9493496379772 11.0435556062015 11.0236941466364 10.9924054574021 10.9751387688324 10.9648687765757 10.9791689329736 10.9427924540967 10.9330689762304 10.9124005245267 10.9128467625107 10.9255860257528 10.9156473589334 10.9226349392404 10.9682686654667 11.0068800834786 11.0139577690229 10.9702667373147 10.9481339614043 10.9126591431373 10.910932213735 10.8676122972276 10.8099492206251 10.7628116689461 10.6601529480455 10.5922852700403 10.5508717123333 10.4768603517273 10.4084734951953 10.3168051963984 10.2261659420827 10.1038117380233 10.1626557283503 10.2554799001762 10.3365211551595 10.3387773164649 10.3329995072428 10.3573660595521 10.3223691773137 10.2470955397908 10.2465287404701
11.3513287159872 11.4424133870033 11.4688798176205 11.4982268704443 11.4781214610029 11.4311402761646 11.3621833423442 11.3040570050301 11.2205437476505 11.1244008887329 11.0548373556639 10.9771754144822 10.917529911865 10.8870239489451 10.8604855981782 10.9557707954655 11.036926893213 11.0465494690366 11.0067892812325 10.9937310664652 10.9976652430749 11.0232994052755 11.0210344577683 11.0376336138318 11.0200779071072 11.0157746678861 11.0080921608927 11.0026511035986 10.9901988315291 11.0546592523894 11.0492042406588 11.0401236295947 10.9755982557386 10.9388429730756 10.9482777511987 10.9454405812663 10.8834749050165 10.786542405093 10.7375597423697 10.6621364871808 10.5988619106904 10.5283452935491 10.5004962819972 10.46656252189 10.3548174972016 10.2777497479124 10.176432720271 10.33368256339 10.4802471473134 10.4780705199737 10.5090095603576 10.5334091761801 10.536611242074 10.4762867787569 10.3299467881408 10.3577649994628
11.539909321229 11.5779060608328 11.5894019155712 11.6150327067433 11.5817384813169 11.5263322907031 11.4579493124303 11.3904580780903 11.2855962469657 11.213874702985 11.1359459947499 11.0895419575393 11.0433659045007 11.0080335747687 10.9442724990476 10.9911952680009 10.9840324312155 10.9905946872566 10.9782873442553 11.0144984553653 11.0373577146143 11.0329241074191 11.0775904355645 11.0823826020696 11.090693293091 11.0731068428448 11.0749197643146 11.0775373767034 11.05800076319 11.0587081873804 11.0874743034844 11.0740032133441 10.9838990776213 10.9344720396093 10.9702039962803 10.9485750533772 10.9089332528191 10.7505721468626 10.679434847836 10.6528254691636 10.5984207119206 10.5661712223937 10.5079791541829 10.4255173932518 10.4919419834182 10.3895331129072 10.3636772290028 10.5239555660194 10.6476708020614 10.6476078528978 10.654041605042 10.6700648064985 10.6646923330682 10.6366399887263 10.565661749381 10.5698218199582
11.6603160172419 11.6407440588599 11.671427722135 11.6873838467074 11.6938675308769 11.6301338436559 11.5469841634844 11.4860344925934 11.4351645500854 11.3833428775187 11.3287864345139 11.2886687333342 11.2310556523132 11.1350919089165 11.0369480090277 10.9745081116823 10.9463085107175 10.9566397472681 10.9618930146932 11.065445873676 11.0467058400587 11.0646591336795 11.1220272025339 11.0948929622329 11.1625449698661 11.1506542252562 11.1367167625411 11.1528553995125 11.1547694064584 11.0978281204235 11.0717697721774 11.0695456919023 10.9862944778686 10.9450208204101 10.99997172871 11.0050837825339 10.9138496747696 10.7608379495304 10.7012949954746 10.679174620534 10.6244640432409 10.5536479464944 10.4188709527141 10.345525177567 10.4976388781728 10.5612364767132 10.6307937885761 10.6903237774699 10.7448975478885 10.7534424324997 10.7512660552286 10.7467783591352 10.7684599341323 10.7862904996497 10.721330960487 10.7688122353104
11.6069484158935 11.6511339273072 11.7190531665405 11.7392702453058 11.7468601326569 11.6847857245406 11.6295977865958 11.5881815115738 11.5447932929428 11.4845872189652 11.418884967394 11.4031630045689 11.3455137384179 11.2785105956116 11.2078898227262 11.1257047452667 11.0669837043501 11.0339362141306 11.036825694397 11.104794947501 11.0924299603786 11.1227477630558 11.1554013881318 11.1811533776077 11.2523753102985 11.2416671338889 11.2223777449285 11.2428447664258 11.2590091571901 11.2041528315579 11.1376189871114 11.0933999720541 11.0402295516201 11.0117193506577 11.0818007514852 11.0474345798909 10.908650113575 10.8231563774564 10.7972570755128 10.7252506931408 10.6162456421664 10.4710983284157 10.3212385098221 10.2897123867447 10.5373467203085 10.7856246340776 10.7994007475705 10.8111134804171 10.8225794300575 10.8139046108173 10.8977736582705 10.9147155235737 10.922197364866 10.9378856488213 10.8789619981981 10.9803992334486
11.6863717601347 11.7242849626578 11.7706356056482 11.7106125268329 11.7308286246214 11.691106813638 11.6305910862918 11.5655552715295 11.5642829665342 11.5949769426364 11.5508106039848 11.5494786904412 11.5439833189647 11.4377697874039 11.3852568765563 11.3163220754375 11.2824563410736 11.2499600187118 11.2179601817591 11.1956932295009 11.1718445382616 11.1965485204817 11.2152324218275 11.2983834754208 11.3945829943953 11.3954949081509 11.3092958763191 11.2727061755485 11.2801295594306 11.2086528969905 11.1222743653531 11.0397312876577 11.0082949339102 11.0484903013136 11.1009156732286 11.0355147386653 10.9619658837776 10.8950989966343 10.8088004232653 10.6920842101834 10.5606904029074 10.3647246297196 10.2651549504979 10.3942772460924 10.5833072331666 10.7471069622183 10.7880787946879 10.8400291213144 10.8432373791152 10.816839367586 11.0065713035673 11.0587934435292 11.0650192278655 11.0880351174339 11.1319758280216 11.1556000297309
11.681847521147 11.7430488671533 11.7500465101648 11.7530903651013 11.7395622398181 11.6979420903203 11.6144490521624 11.5620881486325 11.592881494944 11.6439664443143 11.6709194001174 11.6414252589519 11.6230619633943 11.5451458062432 11.5027415108469 11.4265307082813 11.4169197196879 11.4346910014424 11.3853866260063 11.3462017907187 11.3377418475844 11.3220763426849 11.3044787823168 11.4018440731955 11.5420664068799 11.5107897732831 11.3998749814223 11.347099628247 11.3214007092472 11.2967463051945 11.2322488638267 11.086017030405 11.0663795311165 11.1236984768366 11.1477451403292 11.1127198472407 11.0499350584067 10.9415318696886 10.7988430952388 10.6751419283916 10.5644673825316 10.4076816008218 10.3209981260743 10.4736750464475 10.6250702155303 10.7145384937313 10.7949610921464 10.894327849906 10.9530596810693 10.96098045318 11.1567285768435 11.23610772099 11.2600262929267 11.2576592018833 11.2461737073293 11.3190757659573
11.6942242685932 11.749345631262 11.8070875904763 11.8021166880666 11.7698851137462 11.7241430287562 11.6351168985974 11.6365019580224 11.6702513075635 11.719789912842 11.7878720622044 11.8074463923373 11.7682445507237 11.6879458626975 11.6561564529962 11.5612423676126 11.5443474395108 11.5612764700779 11.5714139434251 11.5855299224713 11.6173041664678 11.5575375013464 11.5041051006618 11.5796392898834 11.6834047304809 11.6410896845544 11.5200725043706 11.4713209837115 11.420695964139 11.3855584464015 11.2912288912594 11.2141938735494 11.1758567948575 11.2181105609184 11.2130666206263 11.1400159821499 11.0755519991716 10.943281993122 10.7721024941991 10.5960495165826 10.4746297936298 10.2852447652423 10.2972172898217 10.461947052865 10.5344669361924 10.6323361777073 10.7918643670357 10.996732477273 11.1002097437317 11.1744188124407 11.2311185687618 11.325125624238 11.3971147628856 11.392637043221 11.3786055991639 11.3950597590597
11.851406570488 11.8792558976129 11.911985216558 11.8865818773662 11.8080646488783 11.7703187657396 11.7298643220545 11.8154352941044 11.8578635162802 11.8757449332325 11.9709025488665 12.0099980185812 11.9476716402147 11.875312305146 11.8406506134235 11.7686515148365 11.7241835210896 11.6793544781871 11.7001033185126 11.7950562462758 11.8385221126012 11.7855362176209 11.7826845716666 11.8579388905094 11.8848456359317 11.8581868210016 11.723334781521 11.6460129358391 11.5605528890958 11.3882571240553 11.3309725805278 11.3705499252359 11.3444871272581 11.3535298701835 11.2741179535506 11.1720199326097 11.0854615278077 10.9728086010222 10.7907450039114 10.5769823340681 10.2872230028019 10.1319488601373 10.1991709609267 10.4372317449401 10.518616308217 10.6771208345395 10.8427323589989 11.0366867451742 11.1787402790305 11.2707905385731 11.3346466258856 11.3736980726422 11.4559519725533 11.4951956260815 11.5205754066635 11.4981093513372
12.0904829151502 12.0634779900546 12.0876021177802 12.0589210958236 12.0058498850342 11.9130672103978 11.9169300879835 12.0040080063704 12.101624537769 12.0769273543953 12.1397827188448 12.2003702139407 12.133492536566 12.0541010743198 12.033727548768 11.9742532490627 11.8935754103354 11.7589212382474 11.8365913416787 11.9856195113993 11.955837303816 11.8982714652076 11.9826607745402 12.0129485898382 12.0395992090793 12.0918583694702 11.983332708032 11.8556807746771 11.6999861697969 11.6114607475295 11.6055509905885 11.5328328457612 11.4712788550088 11.3941518565812 11.3172557367633 11.2117538536461 11.086179305892 10.9671705659473 10.8141220949808 10.5450450770438 10.319360316155 10.0618447772662 10.2329558529329 10.3223547663558 10.5399190438577 10.7565172807558 10.9084038664152 11.0716903753415 11.2037863296931 11.289358423473 11.3965775299557 11.4693757222658 11.5498416543296 11.5708180287923 11.5960635071691 11.5205283557772
12.2914692603053 12.2483648156893 12.2096859664752 12.2008765222634 12.1530566039803 12.1558472579981 12.1811839912955 12.2525029693554 12.2829836244998 12.3465881982525 12.3685250380633 12.3849177221415 12.3256292279309 12.2789758781 12.2366935182377 12.1427565439332 12.048333311731 12.0222722783166 12.122118527402 12.2211763941967 12.246370595218 12.1830526466828 12.1708650178599 12.1797030353575 12.230804593687 12.2329579017935 12.1001221859526 11.9518713967496 11.8666105801646 11.8531471072763 11.7562157591588 11.5891335410563 11.458208424008 11.4325120086845 11.4078820878546 11.2824855342195 11.1389315926574 10.953157454608 10.8256646033061 10.6725240547942 10.2845189383306 10.0796302984304 10.2617467427985 10.4669410354996 10.6955442695256 10.8366801950368 10.9711224574431 11.0982923035449 11.211731801681 11.3035448532802 11.4133266073813 11.5049732827361 11.573233026752 11.6249745052428 11.6240432965527 11.5494366340642
12.4079116063317 12.363510948806 12.2891776062194 12.3214455141589 12.3903577652335 12.3927830567613 12.4352786670561 12.4806118824634 12.5151214044536 12.5302524610375 12.5417568446416 12.5501986479714 12.5021437073639 12.4734263810707 12.4236083498217 12.3515390041571 12.2813000914971 12.3182935529752 12.4258705565858 12.5078076826325 12.5212632899259 12.4197647731869 12.2773845615213 12.2198423059735 12.3777850921773 12.3275388066428 12.1975526234297 12.1196941070199 12.0549024841981 11.9634040380813 11.8265477841726 11.6748283502725 11.5891716731346 11.5705836188854 11.4855283906268 11.346381008545 11.1179556902583 10.9083843623303 10.7962853427757 10.704201802569 10.5443351190866 10.4204789819138 10.4722328855129 10.6747272767329 10.8689299047737 10.9364849950087 10.9858543314106 11.141294490723 11.2756149343015 11.3674507293428 11.4159683956349 11.5715804674195 11.6405655160847 11.7060634600898 11.6922453059488 11.6099058535352
12.4320166614206 12.4207013024284 12.4373167441639 12.5477145915286 12.6143208786538 12.6368494841939 12.6405746385693 12.6810909102679 12.7409709830431 12.7166244734476 12.7302329522298 12.7313106296797 12.7001204510002 12.6455815394654 12.6321340792402 12.6258101106024 12.6291814399545 12.6584849559672 12.6877270929968 12.7126641106277 12.698605776801 12.5847919091391 12.4678496117247 12.4791013691395 12.5438899396105 12.4417685835772 12.3437181207648 12.261847959476 12.1556643463633 12.034018643828 11.9130717537179 11.7966529384781 11.715749881774 11.6492604314281 11.5430610507441 11.382575323199 11.152898793435 10.9681191651829 10.8057001416905 10.7010025679639 10.5960875718002 10.5801983602178 10.7124374465072 10.8434961582382 10.9897194318109 11.1083853342427 11.1180733764375 11.2379310457943 11.3702077116962 11.468987684845 11.4936069575603 11.655412212363 11.7204304346059 11.7702238552828 11.7768519959393 11.7593558698954
12.4923911565369 12.4615801286538 12.5408901359487 12.7626367920478 12.8192700646364 12.8821942516165 12.8655556778461 12.8548442187426 12.9144663256254 12.9058579979089 12.9126422313925 12.9321582390489 12.9169633489504 12.886305316102 12.9028613078121 12.9227327872549 12.9455968773991 12.872125862468 12.853209817386 12.8616637459542 12.8249583365409 12.7804703599841 12.722437544143 12.6855722467374 12.6349562936884 12.5526995786263 12.444162618401 12.3315232433648 12.2182040291809 12.1096441696713 12.0052585161794 11.8731572159805 11.7638693865033 11.6483892018867 11.5461163459859 11.4258155787199 11.1838060638097 10.9016060793372 10.7664454164126 10.6228115511012 10.616538681178 10.7356239137503 10.8665399575007 10.986592424648 11.0994811841152 11.2090480216183 11.2794466546052 11.3393601332505 11.4335146139359 11.5020317632591 11.5616722946637 11.653485327997 11.7720923639936 11.8144514406936 11.8029660584414 11.8456213104899
12.6576896362052 12.6613962124027 12.7339879900806 12.8996021337027 13.0229472871933 13.0864933692552 13.12007312408 13.1066474041316 13.1144448190307 13.1271432757438 13.1104380459982 13.1252412128788 13.1299192982743 13.1344530152431 13.1353118069885 13.1349144364106 13.09989353798 13.0481509703373 13.0354896331831 12.979538235275 12.8969696706594 12.8446519939483 12.803902759625 12.7812716220698 12.7132303322996 12.6146192495287 12.5142534025888 12.4200834107136 12.3208349533436 12.2189305913634 12.0785329182222 11.8542666259448 11.7928577158111 11.6572930566672 11.5168400775568 11.3852827371277 11.0324547098192 10.7431403270079 10.6878521500064 10.6617958905748 10.8203494984359 10.8338563609934 10.9060261812894 11.036694042318 11.2044206622803 11.298129628482 11.370805444557 11.4792548365967 11.5633239958025 11.6067551019762 11.6172706527709 11.7217570036149 11.8393965263338 11.8694618991897 11.8519884311713 11.8614585704914
12.8158904180228 12.8317474201646 12.8602424593179 13.0065740683071 13.1852232540101 13.2976718355558 13.3222847596177 13.327950094459 13.3408119389745 13.3140876718309 13.2680561651202 13.3038886160158 13.3522878031054 13.3765746225367 13.3977074026714 13.3631205385858 13.2787016784093 13.1955483796771 13.1475265548945 13.0646602862928 13.0034931730383 12.9595285733457 12.9138846924456 12.8533833964745 12.7881179952886 12.6956657732629 12.6032742271716 12.4888734200777 12.3850888198168 12.2574795438986 12.1036668723669 11.9277579942198 11.8563497288974 11.6942086081585 11.5077670995059 11.1908352468831 10.8397255433737 10.6463911220746 10.6090463481002 10.7759922741894 10.9305703997869 11.0138004267961 11.0379888447909 11.1240335560882 11.1602341823484 11.2956045195674 11.3955121201699 11.4663594586262 11.5893561856082 11.6917096326937 11.7514953878366 11.6329567074026 11.8686102584903 11.8818485495099 11.8580007152924 11.8325219821319
