catData/variables/pastClimate/lig/bio11.asc
NCOLS 409 
NROWS 350 
XLLCORNER 60.897278365 
YLLCORNER 5.843756025 
CELLSIZE 0.0892857 
NODATA_value -9999 
[rows 150 to 174 of 350, columns 112 to 167 of 409]
15.5231838420621 15.6579430119996 15.7494891656819 15.7888180451309 15.7963441697137 15.8139810866153 15.8108660711584 15.7734342569402 15.7873715188631 15.7286332513794 15.684496498911 15.6513783525396 15.5928865511241 15.553017387843 15.4582161772027 15.4111702045717 15.3264259710133 15.2228893080009 15.1332199728338 15.0379630457235 14.9611194942797 14.9275848935257 14.8348256464156 14.7162498461551 14.6085693283775 14.4832122599782 14.4106717069581 14.3948064178583 14.2939561643903 14.1018366779008 13.934514065706 13.9941335044223 14.0843016307252 14.3378183629346 14.4856865839116 14.5633172226632 14.6127308158106 14.5771780972241 14.5654179205413 14.2651424190779 14.1544877488865 14.0697147695994 13.7204529372787 13.1916928842251 13.0830760450135 13.1589295242138 13.2236275801471 13.3471460692664 13.3747001462646 13.3700171366411 13.3271677789838 13.2799725266348 13.3190961151175 13.3296440059768 13.2959706376442 13.2765283954922
15.513695836934 15.692743131167 15.8043396945175 15.8340976401805 15.8920507133612 15.9168223839755 15.9228206600361 15.9016831574891 15.8598803460511 15.8472751313874 15.8037140833794 15.7665970550225 15.7042447766142 15.6579769934821 15.5895078343194 15.5310098698756 15.4459872469688 15.3499561212959 15.2595364919205 15.1856430664249 15.1327003833335 15.099148227633 15.0135732865681 14.8987798134395 14.7994038345551 14.7315896643921 14.6930870749277 14.6398751027664 14.5740815475488 14.500029488818 14.4341128120249 14.3892207198319 14.3600183618985 14.4926425595822 14.7215430156465 14.7890405414945 14.7119252436572 14.6310988146871 14.625323868515 14.5165479903339 14.2302994977448 14.1731028949234 13.9148789693003 13.5452653913838 13.2118845705897 13.2686709499922 13.3851320497957 13.475877761529 13.4537414030644 13.4203305072093 13.3862706683902 13.2754541923671 13.3463963944696 13.3182264191255 13.2440304383876 13.3323689257655
15.6692898789567 15.7614582852507 15.8691098632193 15.9373217430627 15.9446336742987 15.992790013708 16.0206033550857 15.999507597039 15.9811770748783 15.9504943040883 15.9031946302211 15.8804148427773 15.8313021885442 15.7780800541142 15.7171088861066 15.6393698121718 15.561932044596 15.4832434165432 15.4119660215228 15.3417707238186 15.2922677977548 15.2502191728998 15.1757162141034 15.0985022466084 15.037221043901 14.9819672077242 14.9221970841678 14.8260912530778 14.7746478645627 14.7476601557114 14.6263199429357 14.5824003467404 14.6093212314412 14.7339303272071 14.9099110884288 14.9114976798565 14.7736997636589 14.6980050323087 14.6684722594312 14.4531156759704 14.2767040991816 14.2436284967718 13.9461512084485 13.6890838816522 13.4267166583858 13.404920076549 13.5627889304548 13.6046130611029 13.5408984202183 13.4632432715582 13.4586484522826 13.3341233989646 13.3953145161349 13.3098132060883 13.2108977599786 13.2407074479469
15.8504872508713 15.8832917235738 15.9494384753836 16.0122707648224 16.0232964300103 16.0515372660738 16.0966881422003 16.0895516367248 16.0692441494107 16.0272650043741 16.0015047874625 15.9829839421646 15.9461373505223 15.9019674237369 15.8109690773355 15.7550285666132 15.6859756897012 15.6353107942277 15.5887932837252 15.5126437801048 15.4597430102283 15.4066351403519 15.3522828889748 15.2851605798334 15.2419203165639 15.1774459449649 15.0961662736289 15.0234947774988 14.9845411818838 14.9431446036639 14.8648072107682 14.8829161087058 14.90323681036 15.0226345991816 15.045468232999 14.9447694949734 14.7682246973713 14.7965347303672 14.6585330112689 14.2409488588818 14.1981681955842 14.2732848305156 14.1599298291498 13.9639452254781 13.7722054343735 13.6302789989563 13.6642973020865 13.6657770876361 13.5589621142479 13.487097042087 13.5003570055188 13.3605909650436 13.4074194951784 13.3323638425493 13.2251609931782 13.1722795417194
15.9582894386584 16.0076746683561 16.0406938260046 16.0839579935913 16.0947034317923 16.1112670504778 16.1602733031034 16.1758032324606 16.1624891374511 16.1460208950689 16.1372501817679 16.1095652492412 16.059531000821 16.0000212117985 15.9572442714661 15.887961800143 15.8211750508332 15.7746625393556 15.7239785594024 15.6833987085444 15.6349823484996 15.5737779916388 15.5344359174695 15.4790856407931 15.4098057422725 15.3528648803133 15.3113673835395 15.2224146350679 15.122164335269 15.1245330124358 15.2069402249299 15.2694565105564 15.2350153888323 15.1971593768136 15.0264261696736 14.8599882032541 14.7188165843945 14.8491319735609 14.752939801576 14.4385716747747 14.0666702351795 14.2087657047384 14.2574836981943 14.3158497802984 14.1832959907929 13.9783605883376 13.9038171147811 13.7206532502023 13.5066916653721 13.4587378489726 13.4976101039411 13.4203883246075 13.350205741801 13.3356829483047 13.3003718538746 13.1897894964322
16.0721305798659 16.0892480284057 16.1112638097928 16.1523126090091 16.1972324915505 16.2165958120346 16.2371485736421 16.265585728459 16.2535901405223 16.2602947510994 16.2304160804576 16.2150237239083 16.1573256171787 16.134656748799 16.0887390413827 16.0266574609799 15.9836174103704 15.9509861775512 15.8912348620384 15.858463977864 15.8054513269078 15.7414159742337 15.6764061288552 15.6291379816039 15.5731023780742 15.5388756550069 15.4303597609353 15.3134511617021 15.3508805807169 15.4179697269785 15.4517468176291 15.4136243582961 15.3261168293367 15.2627649079919 15.195328126455 14.9387854406776 14.8195054030935 14.8746049191034 14.7490951308945 14.6933440973023 14.2159655465663 14.169552812985 14.2496994025326 14.3879191694429 14.2735861909718 14.1973149624952 14.0516411175432 13.7761540783598 13.533179375851 13.4672869235487 13.5062504402467 13.4678402892744 13.3559741022637 13.3090604637596 13.2828060113676 13.2114281400058
16.1366163907427 16.1460789947799 16.1601307040789 16.2033606568658 16.2015309939937 16.252107871737 16.2715848219851 16.2921315083321 16.3096129051716 16.3219058887916 16.3085338836703 16.30462032133 16.2688552125793 16.2391220338585 16.2031686770991 16.1672763789211 16.1179197777941 16.095869196159 16.0365663445181 16.0362891452248 15.9767541623963 15.9074759767042 15.8475502692875 15.7907779863909 15.7277494913548 15.6596287971989 15.5273904696003 15.4609354455767 15.5438045286074 15.6335131396765 15.5768371429486 15.4634677481849 15.3516491018247 15.268561921254 15.186012864118 14.9799726915551 14.859797284312 14.9832353154882 14.8827186926909 14.6318217085664 14.4128214509434 14.3667437421058 14.2948160561804 14.3709413354974 14.3697572458185 14.2546629500975 14.0933988641291 13.8787996958546 13.6234946521282 13.5603615397969 13.5291983847799 13.4488035986566 13.3582394544892 13.2713819288711 13.2607305592665 13.2332228507361
16.1633145094328 16.162044743522 16.1695102764366 16.1931316178875 16.1713128540965 16.1832757192205 16.2160927563624 16.2652243868016 16.2913260563836 16.3148884883971 16.3508795419415 16.3777199794606 16.3447496387602 16.3396328031678 16.320378660172 16.3031306208519 16.2613315327627 16.2273937557909 16.1885273912872 16.1496462192479 16.1113054387314 16.0562936083085 15.9867743282128 15.9209602340833 15.8668909295572 15.7745231412925 15.727286208325 15.7287760408846 15.7656282666777 15.7379478384842 15.601194440891 15.5393442110089 15.5216217721664 15.398056275144 15.1409645932211 14.7654514089842 14.9475104127983 15.0058503389078 15.038899446619 14.8217587050076 14.7410887161275 14.6932904399772 14.4384711755544 14.3371329133742 14.2572872237908 14.1293522763067 14.1607684429629 13.896823648677 13.6421992331306 13.5447959041089 13.4839884720787 13.4126758787613 13.3186927895527 13.2116692473205 13.1886312504459 13.1950975528786
16.1780979993223 16.1700611002119 16.1835886186771 16.1754421816396 16.1524283685158 16.1507996447889 16.1802824576148 16.2128119980603 16.2589165823956 16.3308467464525 16.3988137355301 16.453126924829 16.4229919423008 16.4163678811278 16.4304120579352 16.4229309950516 16.4024022905275 16.3499658887213 16.322720184184 16.2756835309971 16.2197555610071 16.1857901745347 16.1218548077649 16.0641591762723 16.0061165509033 15.9092154208454 15.9257546144398 15.9291836335408 15.904019134492 15.8467782332444 15.6936219877253 15.5913710883266 15.6255045023492 15.5250249179202 15.3123036769954 14.9214222066062 14.9347560378109 14.9872709637532 15.0721228038405 15.0621777346516 14.9783097683553 14.809203041265 14.5731743410078 14.3124649762882 14.0864762697559 14.0921037682961 14.0990449189441 13.8029748036544 13.5597297084456 13.4922642515276 13.4321665505299 13.3944359701533 13.2659883372835 13.1812351119794 13.1097777364223 13.0906261725229
16.1914170186554 16.1363518940878 16.1974208585266 16.2045667910522 16.1688849896667 16.123654618187 16.1512149111521 16.2130157442152 16.2800179075997 16.3592072200026 16.4297554058572 16.4940127551331 16.5338787213845 16.5458760649437 16.5113354341035 16.4890657578439 16.4948601389231 16.4671188054905 16.4585297928739 16.4235000082651 16.340412282314 16.3093116785582 16.2733671006638 16.2187184927599 16.1508582664356 16.0905447505269 16.0820424460533 16.0812574718865 16.0394551665618 15.9633832175413 15.8244579986848 15.7016476533218 15.6715133298496 15.5773293720562 15.4786318747401 15.2035460139283 14.9282668364589 15.0127842965451 15.1027105517371 15.0731875939244 15.0755309089822 14.9014813776091 14.60190628234 14.2004862169656 14.0009034311608 14.0883884426286 13.9972317224787 13.7229831270227 13.5464640123992 13.4723476584273 13.4054528258133 13.3403712349462 13.1688229872982 13.1012834603017 13.0127989678066 12.974454702015
16.292793988003 16.2482009366072 16.2463525445165 16.2185131633463 16.1944172751389 16.1082977125223 16.1664547268017 16.265685678654 16.3281912211026 16.3903241341277 16.4863186639012 16.541810570141 16.588270288889 16.5999452823242 16.5704163676674 16.5688304049091 16.5976272056094 16.5788963092587 16.5293784435721 16.5410668616389 16.5320549591079 16.4223906356739 16.3677223481717 16.3551441730685 16.2641656824064 16.2293695431979 16.2172304124164 16.1972057016251 16.130074927549 16.0438758394272 15.9281194592095 15.8181262084826 15.7625957824663 15.6578210966288 15.4464121947497 15.2343906575851 14.886599674898 15.0382966725734 15.0411268263057 14.9694814479294 15.032842369644 14.8927082525623 14.6336668655768 14.1769137816284 13.9633038033308 14.0533602851341 13.9188396242187 13.6912477570013 13.5371845240446 13.4657410502589 13.3822836777815 13.3098357934769 13.1181396801418 13.0322721518839 12.9205434909167 12.8998120625498
16.4045706901611 16.3604005367189 16.2835078907232 16.2093134455381 16.1558811021009 16.194274929735 16.2427905569572 16.3066399490284 16.3989519807962 16.4644189814075 16.5277349901521 16.5932252511192 16.6489869062798 16.6820486567445 16.6336645778536 16.6311996592989 16.6349988686784 16.6571383119992 16.6608407229875 16.6269395919096 16.5934587015159 16.5164466821034 16.4665887445583 16.4304924639089 16.3666178514135 16.3482903332559 16.3567868845189 16.3188638168804 16.2526011254644 16.158180819684 16.0420723755875 15.879860066474 15.7681660200274 15.7324549213911 15.639635230172 15.4103883077541 14.9481399024968 14.9148461982418 14.9044998364214 14.8852455474897 14.917640202695 14.768725929665 14.5817871655751 14.1490478409463 13.8819428318131 13.9498476042133 13.8051899066331 13.6120547727856 13.5377586581944 13.4217132176797 13.3804790985014 13.3397077855939 13.159917684454 13.0053009710561 12.8779196331406 12.8058102271961
16.4059492323015 16.3992858422347 16.3559727976092 16.2433074321704 16.1781234830241 16.240327572457 16.2823131694352 16.3356877382358 16.4327258047306 16.5112608753648 16.5819806683844 16.6430817863567 16.6989227861338 16.7024477043825 16.6991246246562 16.7113199061237 16.7213779709456 16.7329727471555 16.7491940226635 16.7227613391999 16.6836198456243 16.6398131063885 16.5948883169613 16.5472866464082 16.4609207088624 16.4761871263598 16.4575861721811 16.4013510585945 16.3534341968517 16.2856603059754 16.196624740209 15.9950371670327 15.8270367089065 15.6907181888319 15.6967424071835 15.4539765895296 14.9789632723818 14.8664889760859 14.8669367742902 14.8465827346502 14.8682801757572 14.7076868481779 14.5540165539416 14.3060127544138 14.1066710719896 13.9892667108737 13.7853154475054 13.6877596753722 13.6208736118737 13.4762875965835 13.3652349922299 13.3459745428405 13.1907143548892 12.9730338976082 12.8696557756078 12.7725297986781
16.4371824831829 16.3730949094001 16.2702633002081 16.2078874226223 16.2177078463665 16.3022089234246 16.3528373128633 16.4101584173116 16.477760888397 16.5606762109849 16.6380293717204 16.6905012807516 16.7195644159711 16.7479646883072 16.7454732761412 16.772717660052 16.8021238947364 16.8062063036629 16.8116630153886 16.8187258851553 16.7792224045493 16.7490383168516 16.6982060635341 16.645530497143 16.6103770507174 16.5724612707627 16.5664433254225 16.5301682366462 16.4328296765783 16.2538927347874 16.3192037881843 16.0646628599261 15.981974820753 15.929289329555 15.9054995720919 15.6308697176903 15.2874147438891 15.129451249514 15.109679039397 15.1131871426765 14.9932120197286 14.9371227207911 14.8739980204493 14.8426868053904 14.713452173832 14.4200877997486 14.2382836700008 14.2455008519134 14.05002210957 13.6761451170122 13.4117460362188 13.4604929031799 13.26732290915 12.9280201271454 12.8760891779743 13.0953254694304
16.4971353370935 16.341839113489 16.1217905277506 16.1802522964115 16.2584084235496 16.3011030607283 16.3914868053239 16.4746179373906 16.5448463095713 16.6102387395062 16.6720679298825 16.7194315996485 16.7514423667537 16.7927878192133 16.7997471363892 16.8342468764609 16.8639432678471 16.8757163617742 16.890974550954 16.9093858762763 16.8879058509468 16.8589328348697 16.8353752542545 16.7719458696018 16.7311956887709 16.6816530214898 16.7154652193542 16.7216949515013 16.6453801419179 16.5439073938565 16.4078769188372 16.3067232040785 16.4109932508082 16.366151945726 16.280307262669 16.1030604159501 15.8997893146491 15.6587517398394 15.3906671571681 15.3444038831593 15.3709770453991 15.2789721387272 15.1875091916791 15.2773026653 15.1857305872837 15.0387873726292 14.9353284991894 14.8291233867953 14.4774909224271 13.8394149448987 13.5807433726067 14.1194210430411 13.583844518168 12.9256109669828 13.0290397464517 13.5756355152213
16.5702952707523 16.3985620169008 16.103648365544 16.1138299981665 16.28458915424 16.389955472435 16.4725280582095 16.5484235937457 16.6133936848716 16.6515352322295 16.694847017094 16.769176720947 16.8140054637304 16.8256440447976 16.8750208854582 16.8962696394278 16.9264048786303 16.9696033481074 17.004219644012 17.0237737840783 17.0141640380217 16.9968519660193 17.0049235132067 16.9588992575009 16.8942578844697 16.8103542801318 16.8953290732551 16.9352164853216 16.8876195886003 16.7990451884488 16.7244282296659 16.6848367647635 16.6990965454817 16.5985857675743 16.4731640594558 16.1579505645514 15.8356243522529 15.6490508843947 15.5765170121771 15.6626025104617 15.635032093051 15.5116726385605 15.49692987406 15.5902187115605 15.5698893422424 15.487112772895 15.3556279234716 15.345564057383 15.210983341489 14.9251681013081 14.3316251625025 14.9538168602987 14.7189475981602 14.5661530402811 14.7051963689753 14.8027362942101
16.5906898661926 16.4574692916872 16.2236825364485 16.1547129789047 16.336292947492 16.417174684805 16.4843545727771 16.527487446316 16.6176304981811 16.7156860333611 16.7583272055803 16.8209726321267 16.8771000905599 16.8726990399166 16.9036454423863 16.9597144615611 16.9958859003148 17.0613151804144 17.1168996643152 17.159059117512 17.2000077854038 17.2204584214028 17.1930274183111 17.1435504738546 17.0899155560091 17.0761727088877 17.1224715872063 17.1444505266931 17.136468154277 17.1046406264755 17.031400497971 16.9658319288759 16.8499178207614 16.6845156166669 16.4736526081243 16.3091234326097 15.9523349494726 15.6778894790242 15.6539717781309 15.8105265522939 15.9248880641136 15.669941847482 15.7703888522481 15.9427088988289 15.8929971712306 15.7209028207238 15.6620776054204 15.6701837335779 15.5909894916405 15.5167520120009 15.5013415734879 15.4462021757201 15.3491593986585 15.2861838895246 15.2649094558592 15.2422449441691
16.5690336112249 16.4693242157076 16.3310164530224 16.2560715202076 16.2725481088215 16.400630064893 16.5289648500288 16.5849724402133 16.6796454915217 16.7812224266599 16.8543380842746 16.8853100901447 16.8959309794736 16.9305969816851 16.9198064254175 17.0009630540433 17.0435942838494 -9999 17.2186184269178 17.2828811500301 17.3435101888109 17.3917273925323 17.3879388062598 17.3776373191837 17.3877677430742 17.3741127960663 17.3817812609617 17.354535065942 17.3227662409393 17.297859548512 17.232458738451 17.1303351652988 16.9884896436521 16.7992581751297 16.6068088138764 16.4027437836885 16.0429328515707 15.7293709361978 15.8631869904654 16.1321684283158 16.0870645471377 15.6395761203338 15.8083057969654 16.1514084249219 16.1133979872206 16.0121031544307 15.9295458057394 15.8877281988146 15.8270725414492 15.7572469695697 15.7012233479063 15.6123095347348 15.53314359758 15.4925553239997 15.4291538366935 15.3161903067142
16.747186061465 16.6670481574001 16.5969051809817 16.492786120443 16.3985529263586 16.5186037975188 16.6814073327959 16.7683761676488 16.8313317124477 16.8657203986133 16.9145306526706 16.944565464361 16.9482669326637 16.9581616929453 16.9703541792956 17.0225430355759 -9999 17.375 17.3664305228447 17.4495970656305 17.5262055570735 17.5954677860708 17.6522747832264 17.6533293566337 17.6505400584845 17.6177129885547 17.6125936352585 17.5751284759051 17.5461227695555 17.4912391663675 17.3989123579848 17.2841739852412 17.1066929716028 16.7707044429507 16.3541261049956 16.0853058130615 15.7825061655804 15.3001138714174 15.75194408694 16.1481752108025 15.8448655580825 15.8746814843839 15.9560246102773 16.1025195490567 15.9867925963696 16.0454820122602 16.0111962344341 15.9288179943809 15.8288824198866 15.6958480783289 15.609192643048 15.468659810371 15.4372341863139 15.4657346491832 15.391265577198 15.1857996496388
16.959743458695 16.9101916505805 16.7907168711591 16.6243544391684 16.6090752017513 16.6918704909784 16.7774165840829 16.8772519956145 16.9306680822648 16.9708778027396 16.9977429272791 17.0200625569614 16.9957048679813 16.9846820511771 16.9991061251617 17.0543764023298 -9999 17.4534428227709 17.4844470033182 17.5780734567865 17.7780541605872 17.8341677245635 17.9051687385595 17.9399125541587 17.9213559517412 17.8844678421304 17.8475927855986 17.8023301870091 17.774035573251 17.6874359499312 17.6298715498381 17.4392593074469 17.0809817691773 16.41879907995 16.2314031089381 16.373563849104 16.2422094613495 15.9274208205401 15.6998014980563 15.3062924854718 14.9613280026266 14.9841680063318 15.6200363674916 15.8515911184545 15.5592453380416 15.523349703743 15.7108225133396 15.7591071496606 15.7258547705036 15.5810100778601 15.5478122707806 15.3857954714363 15.3423537140709 15.4567195250676 15.4243757288759 15.2736118247567
17.1293126383532 17.0354066252691 16.9046180544983 16.7360648035713 16.7897229150082 16.9090024877969 16.9798697895026 17.026658872731 17.0574052646027 17.0732911602983 17.0986595008284 17.0737644159599 17.0228634597281 17.0004439176496 17.0084154554007 17.0770844705549 -9999 -9999 17.5174115355556 17.8116424784048 17.9416566442135 18.0769735880918 18.1605697677308 18.2229722210905 18.1978976115198 18.1838551485817 18.1002920420986 17.9854402750691 17.8743235200903 17.7970702610191 17.6217671334625 17.4910303330217 17.0728192893641 16.7887392135534 16.3632528922687 15.4513510313372 15.8146705375621 15.657427886143 15.3915373363427 14.1828572665767 13.62656573683 14.185712031555 15.2085996257566 15.4545911328768 15.3657221354768 15.4646510432374 15.1962603927499 15.4650371595304 15.5508089997634 15.4697735681903 15.4379660341283 15.3804290324781 15.4085565412432 15.4723123439655 15.4497727940447 15.3358565250463
17.2286590681724 17.1290246740619 17.0145767776457 16.9375435920953 16.9546866981563 17.0108434132605 17.0574635737588 17.0914222747963 17.1156767049078 17.1558862339847 17.1691311101889 17.1175238352544 17.0668127884878 17.0076486223288 17.0247588989642 17.1243947940299 -9999 -9999 -9999 17.9458944725085 18.1036654002066 18.2934475393189 18.4392196404729 18.4882957545708 18.4738380328424 18.3933962648197 18.1889484884776 17.775032863276 17.3648504919546 17.539539505696 16.4507445214732 16.2872418511446 16.4980115588949 15.9616344094406 14.9604836699045 15.278398820968 15.3662435406524 15.1715130059885 14.6485734974243 14.6369254282351 15.2854293606667 14.6179003362715 14.6768504730969 14.7053033253286 14.8087911592458 15.2162475478918 15.2679482726682 15.2324661297276 15.3366110556477 15.1778710567921 15.1683737093781 15.2846305433638 15.3762631816145 15.3611346057127 15.3448163052638 15.3576206986137
17.2013350821463 17.1322046853508 17.1172825161178 17.1543092922093 17.1331448652344 17.1575605888891 17.1603623045448 17.1836369147656 17.1214026236018 17.0734896869148 17.0593691752993 17.0255630563789 16.9768043940333 16.9570912474797 17.1012902317203 17.2691821750985 -9999 -9999 17.9020865282445 18.090797113993 18.2683568846366 18.451808577007 18.6442891320013 18.6981312416949 18.6501140636004 18.4653156863406 18.1559217661828 17.752977587317 17.5615772715267 17.4877503934273 17.0702263368658 16.5471001929393 16.1288548372417 15.8675536948686 14.6628140187226 14.5644132689242 14.7733716343885 15.1804790276316 15.6524390397015 16.3041655938451 16.4233581617796 16.3047029512192 16.0717508153995 15.5380485073823 14.9341969293299 15.0015544095444 15.100686739764 15.1318963254967 14.8796166097697 14.4370450037702 14.4381067176797 14.9487220921404 15.2491963886657 15.1771607040112 15.0829763608164 15.0316682881725
17.2712608795364 17.2737030548684 17.3099358467098 17.347505338522 17.3231525864216 17.3392298770333 17.2936103541693 17.2277721467558 17.1694167513633 17.1474709410387 17.0975907571533 17.0329893148234 16.9347175754893 16.9228424469034 17.1858121788884 17.4441401529973 -9999 -9999 -9999 18.2310648319468 18.4162201805472 18.5578749928951 18.7101175777366 18.752126916439 18.665565026801 18.5206814186731 18.3147250148097 18.0183743113354 17.7373297651561 17.5245138964439 17.276515964612 16.7967906431612 16.4483089987132 16.3866700424118 16.3197957912039 16.5199600291063 16.7269102858589 17.0217719514333 17.056550121522 16.9841028321056 16.8197073532421 16.5857004519988 16.2529612646506 15.8294031834171 15.2805034680091 15.0168905047176 15.0082207070948 15.0451777369947 14.8232623427209 14.3621114286334 14.1910655712995 14.7092489761406 14.8525080034701 14.8862033579717 14.4783801108635 14.4160974587299
17.386962650341 17.4535734007146 17.4637655940724 17.4947631538474 17.4954988106807 17.5090075133333 17.4620203983612 17.3964953922027 17.3582674693455 17.2694352609346 17.2264367856201 17.3085941642226 17.2010073439862 17.1714492991062 17.3901205112972 17.5616679635592 -9999 -9999 -9999 18.3707497453772 18.4969558163964 18.6225930123526 18.7101594977237 18.7345033284039 18.6884337836675 18.5946464447274 18.3929946972695 18.0724059100354 17.715552080237 17.4759530257817 17.3430233905343 17.2623178611937 17.4562448249123 17.6024421113471 17.6198600481562 17.574932063695 17.4826670305622 17.3769833268345 17.3038680586862 17.1989280058817 17.0133208284013 16.7763513911937 16.403845815529 16.111460371053 15.9635620396214 15.8704803810128 15.7050648248345 15.4283564053847 15.1764876356248 14.6513398960135 14.3131934295145 14.2756147080492 14.0294939910391 14.2085890229949 13.7354712584294 13.7384403525382
