catData/variables/pastClimate/lig/bio15.asc
NCOLS 409 
NROWS 350 
XLLCORNER 60.897278365 
YLLCORNER 5.843756025 
CELLSIZE 0.0892857 
NODATA_value -9999 
[rows 150 to 174 of 350, columns 224 to 279 of 409]
140.763232303678 140.263590738605 140.765572277146 140.971379444601 141.191773107602 141.67145758834 142.270304934258 143.54003859284 144.447408558848 144.85061730876 144.728852207968 143.580690836238 141.946760820996 140.902571991382 140.153220751056 139.80805931892 139.542283606731 139.127178633372 139.118862081107 139.124130719202 139.362787400592 139.355442852494 139.003519173923 138.512241286041 138.334932048294 137.673451786486 136.845803996744 135.92680006156 134.765471739824 133.657343391205 132.237050930824 130.788873868503 129.32300322294 128.498906714724 128.246960885914 127.953076512733 127.753969678734 127.418177109852 127.199201321382 126.701674078239 126.76976172105 125.252279614674 123.54024001343 122.189392432208 122.163194673841 122.400572164858 122.15809046631 121.170732457736 121.271602062612 121.069469280808 120.574568407764 120.467564501502 120.575296276375 121.023175024679 121.335944699794 121.235069761758
140.518751760551 140.408082627124 140.685449444997 140.967593614072 140.937360614157 141.289795171806 142.230041594955 142.813973395293 143.184845953265 143.398890701698 143.070629854885 141.866400813613 140.272542429245 139.558165695533 139.268939633836 139.242333617561 139.340858682785 138.632306539795 138.908079192856 139.4283184261 139.79551100307 140.051960821535 139.786778519243 139.153138833499 139.102789643529 138.280436650622 137.276394132669 136.426965894147 135.160555202954 133.903346090164 132.430028018732 131.094407844607 129.81985694096 128.843173290108 128.012737307922 127.389064793634 126.871752745932 126.012783621527 126.374666262749 124.968934265462 123.175075178478 121.828913789203 121.265615210605 120.559139531947 120.201003033417 120.18732492472 120.081575263259 118.987549977777 117.991864734188 118.352121436237 118.002848889093 118.550922954927 119.807995533044 121.05125086405 121.229318702474 120.689530606956
140.846530409054 140.787720178771 140.624925805811 140.553698420776 140.826232233718 141.4029296365 141.737271675265 142.137610740274 142.584208909374 142.57425202505 142.011437593623 141.340653239263 140.470789066396 139.636400357934 139.134345670211 138.90684941838 139.097191904535 139.158637452874 139.228960432603 139.895601195274 140.457266795115 140.704353018175 140.537820822726 140.5052329699 140.004734194901 139.216365502193 138.344742962481 137.229550284065 135.824496579555 134.376185068841 132.670263687892 131.648897341823 130.631371593702 129.438105003586 128.165818097398 127.180902616804 126.352278405711 125.311647386228 125.392463145973 123.677143682555 122.132709678148 121.501945423364 121.206782495626 120.502923865843 120.133264235027 119.924119542333 119.491671129932 118.070574235383 116.37853890209 115.865366309554 116.135745429141 116.772538539874 118.280339014571 120.145043209549 121.297562104608 121.505087874249
141.466587296377 141.090172330226 140.441954463243 140.224829402192 140.506524608369 140.91266497248 141.282442726829 141.265221999396 141.460439667143 141.323042701206 141.153624958115 140.778083099193 140.5806626373 140.149765938277 139.797763999809 139.565447757929 139.36758970954 139.446297891901 139.824166828465 140.261103534507 140.841220094137 141.313789949074 141.476073366273 141.35402431225 140.902015029593 140.33323181475 139.537562975049 138.140569551818 136.842917109506 135.320028529717 133.568419754499 132.475075313118 131.44859309462 129.691854784181 128.427191430038 127.261731540884 126.188978732786 124.917243752191 124.174826049948 122.505306770968 121.602407939741 121.547148432573 121.327299234341 120.605754090576 120.186343339095 119.985190027314 119.466786174372 117.718387045202 115.722670569971 115.055201426524 115.721494951157 116.988982269371 118.062586194709 119.228414765883 120.942427414986 122.485331998223
141.105879323268 140.834442545609 140.155105670462 139.938046298381 139.947412693068 139.96798695294 140.395101786803 140.44750182079 140.40661386398 140.166717387504 140.092097170475 139.948614070185 139.910061664622 139.514661225473 140.099922868754 140.17187090832 140.034144052441 140.349152099636 140.846831526282 140.946418754194 141.251629693889 141.91292519611 142.242841587449 142.003665364497 141.517981648745 141.188894642539 140.485379374475 139.127335188869 137.631598447556 136.042269398595 134.582899349025 133.247408255292 132.271443233498 131.04405386927 129.505935051197 127.732658405614 126.136263257768 124.565052197186 123.390434379745 122.186136430896 121.681971745092 121.399203574925 121.145239420211 120.724004065592 120.560350645704 120.064273561067 119.436288282922 117.957754261024 116.413256463631 115.315485785402 115.803819420768 117.205262159503 118.79620763273 119.973424250159 121.129830601709 122.365363048733
141.091770901974 140.549950612271 140.291130711029 139.542650571586 139.252804924692 139.305681379454 139.215963328401 139.195649327205 139.204241487507 139.027089875534 138.995660599516 138.98747165603 138.955861913419 139.318283955576 140.396512187131 140.327466114076 139.736677533652 140.790438248358 141.179250637569 141.341765130262 141.4963976806 142.072151465527 142.625704827293 142.246641077822 141.926308726255 141.888338169584 141.356190837565 139.948767898364 137.875871807495 135.807415204105 134.29697478563 133.155375885857 132.374297816558 131.319825641784 129.826239714879 127.870168583605 126.127017946144 124.539732565149 123.155972048066 122.028644625018 121.492995588247 121.266336288364 121.451340556426 121.387050886763 121.340458336111 120.996903250716 120.699780118308 119.428985511993 118.205095093933 117.589071728038 117.726065809644 118.447185238554 119.314951095521 119.585249519682 120.830859451446 122.34070658559
141.477456535679 140.251726987218 139.591953806637 139.262323377543 138.526677883638 138.453794104696 138.152821910837 138.08425669204 138.096603999081 137.899564280792 137.798274633361 137.971897266469 138.182103702881 138.864641728528 139.84479113138 140.420596384211 140.422396340077 140.970780535749 141.628994117763 141.765579774263 141.870099173428 142.132584504709 142.456382644325 142.349094133132 142.009283704693 141.876062228101 140.989918813335 139.540163262835 137.828321008213 135.735894858758 133.584078683074 133.278881785269 132.443968033426 131.219722330952 129.843892006409 127.931434608472 126.009777111336 124.45340249161 123.372458451122 122.33764527325 121.80127171851 121.558754116331 121.710137804634 122.008230737205 122.544302878252 122.800940485576 122.576154496442 121.743614362526 120.998063663107 120.731940419567 120.053965948819 119.908919584657 119.817615231276 119.948362607946 120.892484356404 122.215078893177
141.983600825237 140.79803137259 139.719982306973 139.098153323579 138.353354653261 137.631105747562 136.679081638449 136.455862748135 136.289311250091 136.132666179594 136.024211062555 136.33151572351 136.849478147426 137.790526713978 139.275859080377 140.49608524979 140.926632592401 141.091498039676 141.767170356292 142.131301630075 142.04861532237 142.170712910535 142.29744024137 142.242437082315 141.778073860371 141.288418641418 140.357891077585 138.994813459941 137.565463090749 135.652418444672 134.128612934516 133.468155873531 132.587321655722 130.934104361332 129.620664818089 128.16693978627 126.435494854617 125.120451231155 124.178057933342 123.275866360945 122.485937301666 122.150865973334 122.599253480794 123.178244280239 123.618367409772 124.531868457743 124.561863203812 124.038367203966 123.2936462692 122.50834896724 121.611724706332 121.026897507067 120.736632941266 120.66355008522 120.937022963343 121.810146500806
142.236524193374 141.241953514941 140.159209952992 139.223350489569 138.26394944813 137.263961128357 136.292478107392 135.608300551076 134.892085823503 134.341022316629 134.278202096512 134.287770792142 134.987280266272 136.517599043825 138.372498321446 139.891785040922 140.896535540061 141.535349581501 141.92058387248 142.069025188485 141.959939548386 142.027354569957 141.840999643333 141.731942636917 140.962754650007 140.20426282807 139.075207895826 137.76581338363 137.406545878883 136.182177954428 135.039490476968 134.07217451204 133.102642395901 131.648687027868 129.994367731545 128.561607249954 127.130609266655 125.979319601519 125.338107928209 124.592565682102 123.475848636007 123.109628030767 123.812787055418 124.732657849069 125.422982655027 126.305234118776 126.508697599989 126.23997875512 125.415729348153 123.95912728767 123.445789322644 122.861988310642 121.864920762334 121.046757542311 120.463050219683 120.902637667984
142.233545073874 141.080495642893 140.101201570264 139.320478610345 138.401344772388 137.420577791506 136.266965351613 135.263827406197 134.32442925237 133.543876419599 132.565512174083 132.628940282476 133.738921215363 135.502572819664 137.412408650244 139.030413516672 140.481650860626 141.568829191928 142.105843716477 142.110062918984 141.710435106263 141.672219024793 141.649798785241 141.280103732432 140.129688329141 138.011122350035 136.74161164301 136.489944042507 136.910148707583 135.676269288258 134.796723481726 134.008227485379 133.767023183639 133.175120348389 131.889856908989 129.353704719672 128.141306630574 127.254089423793 126.748433933256 125.95757532487 125.330890006238 124.95949959979 125.621793117848 126.920505092739 128.183928415113 128.394494458032 128.306039681625 128.195625767767 127.385940856022 125.605310829524 124.442655467372 123.452491631043 122.261093433297 121.788300438953 120.99233479326 120.803359881295
142.448823835304 141.256097124761 140.128044988885 139.033755864754 138.202503767461 137.441884904537 136.445930782483 135.348195173387 134.121832663042 133.366370212078 131.633389530299 131.581781871659 133.109711601131 134.970514605701 136.680233346775 138.4961311182 140.578697756245 141.063391090923 142.030585014467 142.064830113037 141.979825185411 142.087037707518 141.49206598753 140.820848661675 139.710800252774 138.031709924177 137.140515519689 135.987584080905 136.461280139004 135.471067127269 134.71899989782 133.81995754271 133.43256192533 133.657052335727 132.907510545018 131.799448162587 130.254174985065 129.453023701235 128.225301915119 128.144351940274 127.764479737767 127.140737847654 127.446463680544 128.960897216485 129.904277079869 130.108244310686 130.263573452086 129.97342017969 129.289835676267 128.02470429012 126.468912017729 125.311035854658 124.605013727911 122.863625264102 121.288053742848 120.69642688434
142.43673925775 141.603651851246 140.612967788745 139.345603022255 138.338280807206 137.596841964559 136.592905576478 135.35534507241 134.168403297663 133.268510029999 132.35421898669 132.866064595045 133.579976108471 134.869780752328 136.572273220492 138.176363188012 140.474227078197 141.883720403905 142.41839660515 142.610994198611 142.323474490414 142.094788145393 141.091380980439 139.557744349028 139.693295492456 139.602810847664 139.099052622249 138.064244352362 136.444987285986 135.585615839015 135.16391174658 134.565018826337 134.221668910125 134.284312594846 133.653809040065 132.579914362723 131.613223082982 131.257757859725 131.043070815195 130.866922707345 130.750675753659 130.071346398116 129.910695530488 131.279842065601 132.299104763703 132.113842275389 132.449415923893 131.530283505295 130.495213315911 128.427714295458 127.536566493339 127.166855401462 125.984478412727 123.476148380911 120.951424777603 119.807837965025
142.768273777473 142.045492287282 140.878503802668 139.750989774851 138.501492842798 137.372450877334 136.506448870706 135.593547729309 134.774964069619 134.258146743154 134.179504698035 135.352289866886 135.598629984807 136.65123982086 136.988863138249 137.468547404961 139.83392918215 141.34288820751 143.17139831532 143.234570488951 141.679441731409 140.997045810646 140.578063422471 140.522712440426 141.237668813072 140.618533522973 139.349681824693 138.235807752053 136.892744788527 135.778241280572 135.234095206419 134.736594073195 134.590286431417 134.414747312691 134.091418348935 133.232016505142 133.032670912027 132.884268212513 132.511728543369 132.185461882693 132.557406834688 132.298044764085 132.572658990729 133.286345432053 134.095550433317 134.147125922862 133.814029465357 133.16639757616 132.189895281482 130.719237848262 129.589068780386 128.181818399331 126.179663968512 123.48092318892 120.610764074643 119.157494791836
143.186821444529 142.416089327252 141.143950094388 139.854515606498 138.934726389191 137.769355788229 137.139753737107 137.407824889599 136.981724274141 136.224742848927 135.554702045061 136.104226858004 138.569478481519 139.13567538281 139.067421514984 139.034946048019 140.266393589907 143.135188610692 144.105563961728 143.966134135864 142.391912214771 141.502596161452 139.869011482027 141.237660399522 141.565575034643 141.334333226343 139.81785649727 138.608757853842 137.218411333254 135.879426216248 134.96087368333 134.823144473553 134.599917191577 134.554961923685 134.344489367832 133.737380561007 133.468200151103 133.626893389228 133.682096584286 133.699378533862 134.261036981568 134.464471359098 134.873296608624 134.965782407319 135.526501546202 135.88147764226 135.441329586231 134.839070641497 133.797424957084 131.990115096554 129.948985984866 128.30468274436 126.267345384677 123.989682926364 121.370687947908 119.760914367453
143.537931405639 142.483353098425 141.108086019627 140.277864460544 140.154269804427 139.365484980149 139.054735985464 139.219224400536 138.360349535907 137.002110452675 136.47240686627 136.609288398027 138.954097700237 140.237195579373 141.237553913371 142.092108079583 142.83466263145 143.635936684404 144.096829747102 143.764503684253 143.04882498656 142.575553634521 141.440967566803 141.666684730617 141.763286745888 141.193209139425 139.765730414853 138.612326694089 137.387881278664 136.078444558457 135.175016014718 134.862986708921 134.705930611168 134.382241821308 134.255443063143 133.887719906503 133.723611273706 133.895622202347 134.376596302521 134.824195516567 135.361209095697 135.850755551733 136.153508809626 136.278704109004 136.572337257496 136.880531406924 136.228758438175 135.7464789522 134.750870041922 132.152397313186 130.419748182906 128.704295023688 126.75001235891 124.610621491665 122.415355702964 120.715203317652
143.848936665775 142.616160977414 141.360340387345 141.070550564025 140.558371587654 139.740817265668 139.362677365061 139.136124596722 138.590731043148 137.706970994396 137.212486037549 138.429612406807 139.73154407195 141.078229037154 142.560557001881 143.326090408315 143.532599441306 143.728685636843 143.617673501103 143.123929227388 142.660513364762 142.707522387428 142.150739256833 142.012216472787 142.055493226503 140.940381650369 139.751798932515 138.738873539062 137.740937882473 136.620379318866 135.473581822364 134.667936044433 134.204906923777 133.727867049292 133.719641987149 133.840535471585 133.916720253956 134.032159811268 134.499399685851 135.295147545837 136.02805574423 136.454913551871 136.657016434573 136.819495482446 136.673729815645 136.98682779735 136.694743473611 135.722099501665 133.036087714068 131.568217520982 130.093989696362 128.410578325258 126.705093375933 125.148826044272 123.275640083659 121.588831453776
144.011097958617 142.736007561055 141.641973861304 140.961126010946 140.417013698907 139.656278505915 138.826851280523 138.14365923967 137.601291309284 137.588968887246 138.126308424133 138.822838202225 139.758010928277 141.100631443934 142.521013547896 143.191500987922 142.973189728274 144.157301771029 143.747012643546 143.28116291089 143.025684267726 142.910949489436 142.691305500732 142.792942682191 142.34944730543 140.613260409027 139.636629575304 139.069002136756 138.008917319028 136.845895465468 135.249961839986 134.42286612428 133.770508175693 133.294613520474 133.188978407865 133.585126638533 133.946999828131 134.626344219307 135.190475815465 135.520441164605 136.04448749324 136.51653112698 136.725730183105 137.05726838458 137.018625227802 136.627621377403 135.764857677998 133.636424247218 131.330611851044 130.811624286901 129.042917154794 128.137217644258 126.476808459738 125.256804298617 123.702739894232 122.030602912767
144.613618409657 143.100406778631 141.962552457021 140.687657696208 139.843117220228 139.081391761753 138.181442598911 137.199898786831 136.759603974434 137.069072152372 137.977151829184 139.003663435239 140.058590615667 140.869232791536 142.281517106418 143.329415112804 144.049016585565 144.425130330035 144.217343157545 144.107986558855 143.805966169695 143.30794621934 142.930752003155 143.489144564538 142.87750883906 141.614827429934 140.327870970427 139.454855173976 138.542022735288 137.225767033224 135.613994097171 134.738488831516 133.796263940961 132.920132870706 133.02340052716 133.762564647481 134.316307406877 134.912798289954 135.308023187685 135.442060889206 135.555994062923 135.906656090693 136.180073897472 136.711652902233 136.997268720731 135.865142845716 133.904746390324 131.430737540278 130.027882521181 128.624578814926 127.85975172441 126.395524605803 125.416864843753 124.554095357856 123.031643231729 122.015298962499
145.488931554371 143.712697714195 141.936521164791 140.086661012298 139.172722540209 138.540037352451 137.805208544332 137.076727908746 136.859803436617 137.539211754167 138.551470274897 139.523505663815 140.433839105461 141.218816804972 142.332102102526 143.432530469959 144.250346395227 144.764067266325 144.896024511276 144.896095497638 144.824167648939 144.921763288634 145.086237044722 144.861993808439 143.480095626443 142.067303837435 140.662012394756 139.919686224125 138.811685803784 137.451682647729 136.275716777081 135.262123759967 134.197545959215 133.31814697795 133.603861164334 134.240458776163 134.830285799953 135.34706178898 135.547353490199 135.285266424187 134.665762290184 134.35420795167 134.932473956702 135.844748446365 136.492325475343 135.493481743318 133.965131502537 131.314853347169 127.80409685912 126.642897022032 125.773824602765 124.68353454158 123.930449006461 123.17471179868 121.968294124694 120.80344306068
146.385340162183 144.164233225425 141.528775379553 139.513930373964 138.666401864196 138.362577375759 138.25877824565 137.944160050139 138.237639211319 139.002630918073 139.813471668276 140.575754700791 141.462380355854 142.084236762668 142.86914785709 143.809588470145 144.581098697473 145.436513194772 145.714832636961 145.748172722561 145.724928677541 145.651364243671 145.58182331947 145.191354085583 143.660379182803 142.201210797972 141.124824758142 140.226903526408 139.247323597938 137.901061065582 136.814651159646 135.75141152785 135.075794692136 134.490308983345 134.787012442955 135.228193112375 135.44022061315 135.737068714911 135.834986911249 135.655661065888 134.931094577297 133.195970816892 134.268463043341 135.439604864723 135.950457030719 135.602678305927 133.673766813488 129.836825096938 126.495560688499 124.856523845153 123.443585655447 122.867339537941 122.227689929497 121.225730781242 120.070403710252 118.8431184873
146.823806152661 143.752965513246 141.029720701945 139.259838246103 138.74384785008 138.720088573131 139.165172527614 139.605149552886 140.026091756907 140.63261630929 141.212427836557 142.050393054689 142.520341416604 143.051447390431 143.546297935803 144.504893293713 145.33415888958 145.952786382186 146.742772016837 146.71706946264 146.491186280842 145.876829962353 145.375336321968 144.381909533741 142.863754043096 141.738510558841 141.044407102336 140.360535319351 139.335786973329 138.326279716439 137.452181485424 136.587041573622 135.921443947344 135.648436175255 135.935728061391 136.102539938571 136.278610370012 136.368439162768 136.185374567576 136.157850477691 134.91866830076 132.600741066244 133.795897580327 135.656294857644 136.053909830932 135.241628369972 132.09509893842 126.945258850685 123.645448397064 121.874342233183 120.998218454396 120.621281553213 119.770383677634 118.701153908395 117.924079460838 116.966956212814
146.302727013807 142.5992133919 139.896421396487 138.777573623067 138.729577996935 139.252241597458 139.930770100201 140.608714297588 141.430130418714 142.247694725136 143.146962533605 143.534680009489 143.578373342888 143.808041299271 144.242644405893 145.244394698366 145.936529290492 146.930114069905 147.625400263705 147.681378779239 146.993229096351 145.9660486893 144.871314005415 143.272171981677 141.906217168691 140.784732062551 140.143627414177 139.528271672632 138.83549189834 138.159435515883 137.774201863339 137.118882824439 136.69425675203 136.777796643799 136.814860980859 136.981355055615 137.103557705509 136.934052354972 136.61159695423 136.308724247673 135.693088152981 134.261697657952 133.745710137759 134.611113144948 135.096888490169 134.339797584667 131.314978909587 125.244095314743 121.539968500635 120.109812142375 119.271941877987 118.044527147004 117.018229120138 116.145539606609 115.64280860409 115.00980344651
144.825907737298 141.545819892073 138.9833419152 138.519333432289 138.980757293519 139.760678787608 140.78792142314 141.523102510301 142.507322133584 143.34730492499 144.076568522476 144.809511386714 144.708131376788 144.712153234307 144.807486821399 145.554635839088 146.526293037322 147.822874277975 148.115794515309 148.075837149531 146.977354984351 145.597987888937 144.068447621396 142.521100706625 140.916840529923 139.657425959612 139.018442604797 138.570644242365 138.057552350847 137.657342341564 137.494259745092 137.576578441745 137.446709766721 137.451470722637 137.651180122102 137.729910483129 137.572587393458 137.345515156756 136.837129711392 136.051458676593 134.767016933249 133.586755300863 133.304082400822 133.196211412895 133.855374158025 132.578150229325 129.919937375384 124.858810161947 121.038372765773 119.449626101785 117.277952355315 115.559071504663 114.226432133124 113.674031095853 113.638517184234 113.35349004421
143.299321178003 140.260323200868 138.540039409227 138.632682948623 139.282220460134 140.281053870921 141.316281392402 142.124970310257 143.004452060435 143.745028751411 144.403388897065 145.296322012829 145.575856386242 145.90235726159 146.085717628286 146.506661315604 147.136508850591 147.566623163931 147.567723444914 147.039545286494 146.077233983022 144.792847094177 143.311793257896 141.575898670771 139.812975420333 138.458611220386 137.777839338602 137.509590450191 137.091335750344 136.655160876743 136.491020175645 137.022732294101 137.688997019082 137.943092748482 138.341066428253 138.43449804937 137.957816105657 137.250695672261 136.695019624685 135.771288576949 134.477456994718 133.434779512303 132.490303154922 132.043453861602 132.153644880519 130.766413060868 128.593414213345 124.457849522393 120.604613007511 118.185871050993 115.633182987231 113.862119264159 112.458351049502 111.723981730436 111.838282041968 111.876029507664
141.723755941141 139.225390248403 138.410227715341 138.488571223472 139.332153965089 140.288868671437 141.092284068875 141.992893796101 143.055648924996 143.711429773449 144.373831894303 145.291560999757 146.113104746512 147.180332254376 147.918564523174 147.661812307232 147.244478688689 146.831585519554 146.745935764178 146.357972689092 144.961031465872 143.593027789647 142.561348104706 140.438707554474 138.783256911055 137.725443678408 136.828405921931 136.281433971454 135.982643227075 136.12407596899 136.221299699803 136.663449548256 137.776690594886 138.420184663617 139.355371495468 139.454761487792 138.85726143551 137.294342834755 135.93825560558 134.819213019929 134.669794971391 133.715040672133 132.782328774366 132.570191701762 131.786008945174 130.190121808565 128.0109686105 125.301642199081 122.044941047795 119.345806186286 115.189103018357 112.997083213918 111.566054098609 110.563989961519 110.464881979835 110.889300378059
