catData/variables/pastClimate/lig/bio15.asc
NCOLS 409 
NROWS 350 
XLLCORNER 60.897278365 
YLLCORNER 5.843756025 
CELLSIZE 0.0892857 
NODATA_value -9999 
[rows 175 to 199 of 350, columns 112 to 167 of 409]
143.604774740882 142.280951338358 140.415117852434 139.243354146182 138.388262823154 136.819085232236 135.047084549999 134.13575640289 134.044262634961 134.841317279047 135.420990284235 135.736488397244 136.227856293223 137.212060456463 137.686479615215 -9999 -9999 -9999 -9999 142.13314153567 143.085511225122 144.527213002957 146.36631356362 147.934141009427 149.559890986375 151.115406154363 152.589958551809 153.575071300698 154.152235088766 154.330399080123 153.945765855096 153.206055952737 151.863900661376 150.295411590303 148.117286628899 145.509917431949 142.596135214373 139.949432787505 138.439078019441 138.176351290216 137.971425762922 138.306031958041 138.606023894747 139.297048262821 140.248905866437 141.080337049018 140.967012576789 141.398604972396 141.666379429183 141.642496529169 140.912731699765 140.295859445213 139.71879856206 139.312314070611 138.927037269938 139.050934152757
145.043140820932 143.733135013546 141.490046291183 139.451111829629 138.482803413404 137.117288345526 136.131285033293 135.718105941939 135.423625567121 135.819901123956 135.966015015736 135.845566029656 136.128051881677 136.790678011529 -9999 -9999 -9999 -9999 -9999 142.584764041896 143.796187439107 145.692867901494 148.622869596017 151.394111401529 152.494691220884 153.171944831107 154.087817093328 154.69208877922 155.005207344879 154.895828490393 154.505603402053 153.585879616904 152.251394402368 150.298304110288 147.703247607943 144.298703158324 140.373241513671 136.711990510183 135.235352779105 135.886610473741 136.715536626493 137.673744166919 138.856889373836 140.13253254009 141.621711125966 141.885326862096 141.201420665386 142.303449017736 142.637598668654 142.781907888241 142.309732293404 140.331984214048 139.393954298479 139.003490283563 138.986563051182 138.939052017333
145.682373449381 144.087599002979 141.990197054275 139.956634955027 138.456868596113 137.341161673296 136.693849085983 136.21995529551 136.043762737039 135.981573999108 136.195615376179 136.366554768359 136.650172015575 136.803258948245 -9999 -9999 -9999 -9999 -9999 143.100580337344 144.199651841809 146.339702302871 149.748128251029 152.944710623788 153.904231992109 154.251088952263 154.948761447594 155.553718553308 155.842192098185 155.487448367553 154.874158323204 153.894092071716 152.416606915027 150.330980798938 147.503001335481 143.422070353277 139.024728415057 135.820517771345 134.081358207042 134.20252602751 135.14029990769 136.531981012777 137.997774540313 139.448420959731 141.120120310676 142.220411278794 142.557086116292 143.373805728392 144.152809243231 144.573874931101 144.019765588806 142.632770020954 141.940095673614 140.930558247586 139.922019033239 138.852629167775
146.188230110019 144.177234628229 142.619462329899 140.592150261804 138.388231266912 137.252123254537 136.748395624943 136.66717821197 136.515435078061 136.610496996355 136.799099240076 137.08829204372 137.179818035182 -9999 -9999 -9999 -9999 -9999 -9999 143.907327425312 144.898339890655 146.911429688277 150.311816916865 153.072637990921 154.06996491072 154.501312628105 155.264599398354 156.029234685333 156.316499082898 155.809650899271 154.916789757463 153.607960874459 151.999834901911 149.661175101589 146.072016388862 141.245062314097 137.516961623775 134.679159461512 132.689159611098 132.509699515911 133.575294599218 134.942588883543 136.429425540637 137.887156562494 139.541726694267 141.010879720232 141.893117351805 142.989853576467 143.972326129514 144.588585516226 144.360051746843 143.249447988067 142.740435350771 141.80394908638 140.467241141503 139.081919345538
146.132267112587 144.048271419753 142.481564728183 140.116092658394 138.413464760165 137.633051341034 136.99806394341 136.917753842572 137.115082686585 137.234585789218 137.296072852745 137.447249457333 -9999 -9999 -9999 -9999 -9999 -9999 -9999 144.957839735392 146.691383105848 148.328962241069 150.829048157136 152.93960879775 153.607300461918 154.1291963084 154.855542987531 155.715142484214 156.193570497112 155.709906157263 154.604059495218 152.689192565741 150.460506307824 147.648663465493 143.038621146943 139.193020027738 135.810729817607 133.064741782265 131.302691054105 131.001556955518 132.095234499231 133.503688459773 134.633564410358 136.239723919131 138.005496819771 139.342111554556 140.575553099601 141.796550849551 142.815365635409 143.326567525625 143.069251325704 142.495558005787 141.903452462346 141.2052499157 140.22115328437 139.171279411303
147.165949913002 144.953805430504 142.776102513066 140.479608416146 139.17284198102 138.375829072757 137.912901160562 137.399683528647 137.249076892439 137.389236047076 -9999 -9999 -9999 -9999 -9999 -9999 -9999 -9999 -9999 -9999 147.600123863162 149.227461468966 151.098915469081 152.557018379266 153.251344389416 153.819843535762 154.403919729034 155.14690773213 155.567255844147 155.237065043659 154.067695637708 151.781906102445 148.748930518863 145.223179880559 141.16882180655 137.540414088275 134.206384169208 131.397844164076 129.810057973082 130.07861875507 130.908939118635 132.072205365411 133.324730938399 134.679168596929 136.45144615669 138.189306576025 139.549236354652 140.452325117649 141.13958531605 141.50967119626 141.55742400975 141.050952073576 140.615887329093 140.448500070427 139.956966206053 139.467384522718
148.59599628321 146.174184464594 143.754122121451 142.112779422079 140.55016884886 139.582124899307 139.081176720566 -9999 -9999 -9999 -9999 -9999 -9999 -9999 -9999 -9999 -9999 -9999 -9999 -9999 -9999 149.686566156598 151.543196661042 153.021229109295 153.871214628829 154.260405699556 154.752040607528 155.263534700843 155.659286753266 155.150574702284 153.611657072875 151.358719613708 148.18338385836 143.878851771597 139.580479569652 135.727550961871 132.494335811301 130.107192750406 128.721831368127 128.848791066685 130.153628865398 131.309865585853 132.498527311249 133.526337576413 134.945996100162 136.819220962531 138.81775502105 139.598260760846 139.750003406632 139.924237854677 139.833881020818 139.996224885936 139.697247093384 139.908238006986 140.047418531792 139.988815248439
149.598311450305 147.231683099337 145.171794541878 143.264650808474 141.575167437333 -9999 -9999 -9999 -9999 -9999 -9999 -9999 -9999 -9999 -9999 -9999 -9999 -9999 -9999 -9999 -9999 151.381232196836 152.169066784494 153.709768471491 154.394977293549 154.839057847979 155.341830796203 155.838800612507 156.092886227806 155.353997015589 153.219391015468 150.143438682996 146.640924066531 142.629718668744 139.127102303163 135.322189354895 131.07930404969 128.958215845319 128.037590949789 127.839458770293 128.753536664459 130.079207800713 131.123643662606 132.39118190654 133.726296653498 135.432673494967 137.254683842981 137.93079279785 138.213030786744 138.596103862368 138.895405189454 138.971418567919 139.292911778347 139.895013533527 140.224063036812 140.234032717686
150.115783283443 147.932843048831 145.707679349129 -9999 -9999 -9999 -9999 -9999 -9999 -9999 -9999 -9999 -9999 -9999 -9999 -9999 -9999 -9999 -9999 -9999 -9999 151.081747171746 151.867528438827 153.33630059207 154.311227614489 155.126569821004 155.873037617319 156.51005602017 156.528591634438 155.183527300112 152.835093642442 149.582720354951 145.020012495801 140.988848925784 137.808280768698 133.158884769731 129.098882152285 127.053403389717 126.481895372278 127.125680735713 128.125202830459 129.510600180445 130.281388401391 131.428050785816 132.838415070221 134.207453732818 135.469326596835 136.303540353498 136.934472739822 137.357066473571 137.863363181448 138.246137950766 138.620454725584 139.232855426501 139.852802326257 140.28558951067
-9999 -9999 -9999 -9999 -9999 -9999 -9999 -9999 -9999 -9999 -9999 -9999 -9999 -9999 -9999 -9999 -9999 -9999 -9999 -9999 -9999 -9999 151.533677646321 153.039679982517 154.24666907155 155.194986546381 155.957207604601 156.302117201173 155.789993865535 154.404650620669 151.970146779139 148.073519389333 143.159323620714 138.915647674753 134.700699774802 130.510527342365 126.64530382843 124.985707849908 125.33650191271 126.741475429179 127.883659884184 128.572306722931 129.2213871983 130.149566331058 131.389417462775 132.817622927175 134.047195313689 134.94555975792 135.658968410651 136.303464774426 136.893521550251 137.439252882462 137.960445548879 138.467591243702 139.199694783541 139.560953993184
-9999 -9999 -9999 -9999 -9999 -9999 -9999 -9999 -9999 -9999 -9999 -9999 -9999 -9999 -9999 -9999 -9999 -9999 -9999 -9999 -9999 -9999 152.223275162188 153.236985792358 154.197407616849 155.017482949067 155.568253210748 155.710759041195 154.983131661433 153.365931034367 150.213303722353 145.368681988114 140.925650583633 136.667213734979 132.288815568884 128.10296496657 124.829924748215 123.55861672889 124.40507579181 125.772905643452 127.066998784036 127.32973954088 127.933011435843 128.962939086965 130.278937900219 131.688485757668 132.860253822586 133.880053764927 134.653826240511 135.42500099095 136.10438353558 136.204831445027 136.814046771121 137.368907813845 138.054568009548 138.431179083786
-9999 -9999 -9999 -9999 -9999 -9999 -9999 -9999 -9999 -9999 -9999 -9999 -9999 -9999 -9999 -9999 -9999 -9999 -9999 -9999 -9999 151.959784821758 152.398254094895 153.365841310177 154.027502265997 154.629852170115 155.260869998813 155.110123665386 153.989001651456 151.73457375963 148.325584602697 143.37936778988 139.401365182889 135.546917261516 131.029891517074 128.434482549769 124.614175235254 123.271368071112 123.230577866234 123.635372358932 124.486314249581 125.204753160494 125.878632016509 127.101093567263 128.583773955399 130.279515277372 131.587650519672 132.67460063209 133.22296117725 133.805142623352 134.669016599961 135.504022810518 136.138526446495 136.848063249728 137.51442550119 137.917444258476
-9999 -9999 -9999 -9999 -9999 -9999 -9999 -9999 -9999 -9999 -9999 -9999 -9999 -9999 -9999 -9999 -9999 -9999 -9999 -9999 -9999 150.718440072443 151.891002844098 152.944195795635 153.912860864311 154.847246389992 155.371948995929 154.635912226268 153.386028460321 150.80093363239 146.401034525497 141.454353742517 136.780169801977 133.164177501756 130.48737122608 127.805948007812 125.769883006778 124.891927184877 122.634175964532 121.707189545088 121.740445111756 122.198913015803 123.255990654703 124.920461518328 126.82857337706 128.69640233848 129.91744969389 130.796079593827 131.496002708064 132.570738888001 133.870309383396 135.165613953363 136.156411253712 137.002724030371 137.538046618795 137.988559221752
-9999 -9999 -9999 -9999 -9999 -9999 -9999 -9999 -9999 -9999 -9999 -9999 -9999 -9999 -9999 -9999 -9999 -9999 -9999 -9999 149.001982209066 150.045216008942 151.409738599566 152.604888906676 153.859511423774 154.803788242834 155.139831121195 154.32841683538 152.744156155825 149.910011224289 145.357042473522 139.772028987125 134.152765063681 129.775594476346 126.698541453356 124.682041679742 123.310907859054 122.397607125754 121.210255602473 120.472900694983 120.349418277768 120.419866225514 121.588596772159 123.605984294659 125.63536715169 127.215818270803 128.563818693225 129.810620663562 130.777100941962 131.859939555663 133.109367145765 134.554423234111 135.814989547303 136.901389249966 137.491403729008 138.06206659735
-9999 -9999 -9999 -9999 -9999 -9999 -9999 -9999 -9999 -9999 -9999 -9999 -9999 -9999 -9999 -9999 -9999 -9999 -9999 -9999 148.992185889744 149.866138873844 151.326527483432 152.459042927173 153.552482648362 154.412331374363 154.448343904461 154.082283334156 152.708586658156 150.000971775571 144.920407082322 138.704796029924 132.426046115715 127.201169718682 124.136249723741 122.006997951351 120.80608032428 120.131874017657 119.384582151845 119.11511066009 119.608879676245 119.987977352939 121.144084954796 123.13598559688 125.140820218129 126.912644396173 128.666859447493 130.017365752579 130.760104096491 131.449661555165 132.693517472577 133.872131249764 135.234680584046 136.476196836699 137.35015889199 138.236945746637
-9999 -9999 -9999 -9999 -9999 -9999 -9999 -9999 -9999 -9999 -9999 -9999 -9999 -9999 -9999 -9999 -9999 -9999 -9999 -9999 149.251215157113 150.64887443311 151.66815630509 152.919211452461 154.19592867603 155.385117111772 154.440440136091 154.307744808389 153.318787296041 150.038573003944 144.935210277952 138.050830112358 131.146885574238 125.813510908328 122.582184603149 120.346993928226 119.019311034453 118.519294886152 118.158797025949 118.08692084839 118.803562574671 119.666121765682 121.053471771815 122.824196942504 124.723013588218 126.560058692366 128.507777129562 129.887932270326 130.314149141822 131.170234594906 131.896954464687 132.932263166747 134.242141582561 135.760774968562 136.996301509285 138.318602528531
-9999 -9999 -9999 -9999 -9999 -9999 -9999 -9999 -9999 -9999 -9999 -9999 -9999 -9999 -9999 -9999 -9999 -9999 -9999 -9999 149.258531623395 150.487249140071 152.019444424648 153.219732873643 154.583514461312 156.011984444069 155.098143369519 154.108101129212 153.908672035026 150.932594749319 146.062970201509 138.807822347114 130.672698414977 125.645815606125 122.376173493131 119.596329790718 118.203701226131 117.594225132885 117.439080121486 117.688464104114 118.708936253663 119.988801192199 121.452073979033 122.836557206653 124.305731428586 126.012387921376 127.830578341173 129.224777689171 129.404427674911 129.820923317469 130.59956320808 131.729462414257 133.242783514403 134.800732087036 136.345530716804 138.113926616146
-9999 -9999 -9999 -9999 -9999 -9999 -9999 -9999 -9999 -9999 -9999 -9999 -9999 -9999 -9999 -9999 -9999 -9999 -9999 147.612417409863 148.869756747794 150.083558576014 151.513096426789 152.85639243961 154.045549707533 155.662822329293 155.725661977411 154.786865257108 154.836392277789 152.228471780061 147.908028949757 141.939628939728 134.462457190459 128.163002671984 123.786043558754 120.054371640443 117.828167956716 117.024444869549 116.775867957167 117.294060102504 118.471259974993 120.113056031466 121.768643552886 122.897506021109 123.893246520904 125.15732210043 126.574023467468 128.341907550003 128.844943442194 128.863545166593 129.846466507261 130.994727109669 132.325247173475 133.699348009082 135.17438258094 137.127750591612
-9999 -9999 -9999 -9999 -9999 -9999 -9999 -9999 -9999 -9999 -9999 -9999 -9999 -9999 -9999 -9999 -9999 -9999 -9999 147.602596121483 148.036381808815 149.440160812378 151.321895267362 152.780673161272 153.88719809348 154.589154003271 154.631039616703 154.62057385566 155.555620611699 154.068419482431 150.584590447423 144.980266287779 138.116479067293 131.785198030284 126.001556810628 120.463015110211 117.601536148158 116.291550972147 115.920993017306 116.64650297917 117.822753409247 119.425790481572 120.792767680811 121.792702542021 122.579584157699 123.805426205817 125.374282028369 127.025327115213 127.889001615353 128.053445319595 128.951214917511 130.43779198412 131.44406201604 132.521330411984 133.656075176529 135.046172664781
-9999 -9999 -9999 -9999 -9999 -9999 -9999 -9999 -9999 -9999 -9999 -9999 -9999 -9999 -9999 -9999 -9999 -9999 -9999 -9999 146.719614587743 148.185817415045 150.14493288427 152.215802025799 153.990058189829 154.484310557456 154.552626605464 154.919165787095 155.005511115072 154.283542404616 151.855645006329 146.727864454705 140.954078468265 135.351345470034 128.74325493449 121.537330971773 117.368261585392 115.519350779802 115.029301698642 115.42590293253 116.69027943229 118.170170408231 119.4235546602 120.250390485477 120.965033556176 122.200723232173 124.020152607809 126.000868556489 127.364408078537 127.980463414027 128.598645767444 129.615503007532 130.377796580818 130.912874524171 131.712073268791 132.714089520423
-9999 -9999 -9999 -9999 -9999 -9999 -9999 -9999 -9999 -9999 -9999 -9999 -9999 -9999 -9999 -9999 -9999 -9999 -9999 -9999 145.18941229627 146.871041701801 149.44011193166 151.566893790538 153.326142264469 154.187228572135 154.38032864882 154.369327027654 153.830617851672 153.261591917428 151.281249528863 146.822614109218 141.913455550216 136.335942519892 129.080269374995 120.974738304527 116.811089962985 114.804061386257 114.019636673424 114.363036863575 115.487947200232 116.716734579966 117.825460792891 118.690084833521 119.487413751785 121.199317465213 123.434790130381 125.50965120536 127.122401251872 128.225475633322 129.086732860823 129.410389209781 129.55149562179 129.654498298746 129.645825114408 130.228542218824
-9999 -9999 -9999 -9999 -9999 -9999 -9999 -9999 -9999 -9999 -9999 -9999 -9999 -9999 -9999 -9999 -9999 -9999 -9999 -9999 144.347011644611 145.585915792894 148.407281271141 150.851767035033 152.18384326292 153.410605449316 154.202750621883 153.973569144033 153.014358242686 151.848094101774 150.219550196299 146.859596121645 141.943868987697 135.428635265946 127.427482246303 120.491429380405 116.171717812035 114.095925757926 113.56220530048 113.62446266524 114.752500743743 115.775863907246 116.900313261308 117.836739821686 118.958249230182 121.20880789499 123.600509618308 125.223440020371 126.7819425132 128.33196673522 129.63142123603 129.507088259139 129.360554128588 129.20248698585 129.193188123806 129.20834913292
-9999 -9999 -9999 -9999 -9999 -9999 -9999 -9999 -9999 -9999 -9999 -9999 -9999 -9999 -9999 -9999 -9999 -9999 -9999 -9999 144.033204171345 144.817608949202 147.37484245074 149.827117759802 150.848558407557 152.546681014989 153.842831788909 152.833058438728 151.845202526264 150.837344306098 148.470804603843 146.485659836082 141.953077879238 135.715415801525 128.630848937163 122.05292290178 118.467529855989 114.405832286457 112.892684680435 112.447643996726 113.397902061777 114.930904139821 116.217822379697 117.321809774689 118.616581153895 120.769061620927 122.666261590491 124.381940521476 125.91212471925 127.623732413457 129.144259738758 129.402225214157 129.071553313888 128.91370881828 129.149224568724 129.456801764378
-9999 -9999 -9999 -9999 -9999 -9999 -9999 -9999 -9999 -9999 -9999 -9999 -9999 -9999 -9999 -9999 -9999 -9999 -9999 -9999 143.370548339268 143.957803651673 146.898704869494 148.95584167512 149.889348741981 151.391843103745 152.154719887123 152.082097853456 150.837837089789 149.512404390683 147.723782618453 145.436577986357 141.7984619982 136.861611490507 129.691160047256 121.836799662854 117.188753952648 113.354762895216 111.444014603672 111.21861492872 111.900367137929 113.671379629921 114.999122781943 116.055837468762 117.500558445803 118.817158159921 120.470054887332 122.59036310342 124.053299619841 125.372365040121 127.019736639109 127.816897856194 128.302350437153 128.72472041691 129.194110059047 129.490147628382
-9999 -9999 -9999 -9999 -9999 -9999 -9999 -9999 -9999 -9999 -9999 -9999 -9999 -9999 -9999 -9999 -9999 -9999 -9999 -9999 143.421760190076 143.785290244093 145.72362343311 147.101979952765 149.035869101978 150.490383896652 151.199701098049 150.937425589575 150.035949708116 148.909933347271 147.718706993868 145.302656971842 140.376456078699 134.092396468582 126.898568815145 121.360967571958 115.245320068008 111.878397909482 110.224132320167 109.947460708722 110.72260191078 111.989509896856 113.256299459599 114.189557316071 115.604840923938 116.959668880018 118.494768807581 120.234050000911 121.678524455822 123.024046176566 124.469533786411 125.71713042047 126.849903317855 127.713883880121 128.479283859555 129.04458134714
